  147 base-pairs
...     1 T-A ...
    0.0000    0.0000    0.0000
    1.0000    0.0000    0.0000
    0.0000    1.0000    0.0000
    0.0000    0.0000    1.0000
...     2 G-C ...
   -0.5555   -1.1003    3.3981
    0.7749    0.6051    0.1828
   -0.5991    0.7953   -0.0929
   -0.2016   -0.0375    0.9787
...     3 T-A ...
   -0.6619   -3.0237    6.5348
    0.3046    0.9250    0.2271
   -0.8994    0.3578   -0.2510
   -0.3134   -0.1278    0.9410
...     4 G-C ...
   -1.1607   -3.8418    9.6940
   -0.3351    0.9421    0.0133
   -0.8752   -0.3061   -0.3746
   -0.3489   -0.1372    0.9271
...     5 A-T ...
   -1.3881   -3.6770   12.8999
   -0.7835    0.6162   -0.0801
   -0.5677   -0.7622   -0.3109
   -0.2527   -0.1981    0.9470
...     6 G-C ...
   -2.6236   -3.5448   15.7072
   -0.9923    0.0611   -0.1075
   -0.0294   -0.9610   -0.2748
   -0.1201   -0.2695    0.9555
...     7 C-G ...
   -2.3138   -3.7570   18.8866
   -0.8620   -0.4995   -0.0864
    0.5008   -0.8655    0.0073
   -0.0785   -0.0370    0.9962
...     8 G-C ...
   -3.9561   -6.8109   23.3205
   -0.2581   -0.3560   -0.8981
    0.6294   -0.7673    0.1233
   -0.7330   -0.5335    0.4221
...     9 C-G ...
   -6.1177   -8.9414   24.2385
    0.1143   -0.7320   -0.6716
    0.8123   -0.3203    0.4874
   -0.5720   -0.6013    0.5580
...    10 T-A ...
   -8.5041   -9.6771   26.0540
    0.4660   -0.8587   -0.2131
    0.6274    0.1508    0.7640
   -0.6239   -0.4897    0.6090
...    11 C-G ...
  -11.0625  -11.3174   27.2336
    0.6660   -0.6911    0.2808
    0.3382    0.6152    0.7121
   -0.6649   -0.3794    0.6435
...    12 A-T ...
  -13.0013  -13.1789   29.0658
    0.7188   -0.1490    0.6790
   -0.1787    0.9043    0.3876
   -0.6718   -0.4000    0.6235
...    13 C-G ...
  -14.1788  -15.9359   31.3399
    0.4052    0.2865    0.8682
   -0.5270    0.8492   -0.0343
   -0.7470   -0.4437    0.4951
...    14 A-T ...
  -15.9532  -18.1566   33.3080
   -0.1503    0.6873    0.7107
   -0.6106    0.5008   -0.6135
   -0.7776   -0.5261    0.3444
...    15 A-T ...
  -18.3166  -19.9444   34.6393
   -0.4767    0.8451    0.2419
   -0.4059    0.0325   -0.9133
   -0.7797   -0.5336    0.3276
...    16 T-A ...
  -20.6559  -21.5222   36.3285
   -0.6087    0.7528   -0.2506
   -0.1070   -0.3908   -0.9142
   -0.7861   -0.5297    0.3184
...    17 T-A ...
  -23.2186  -23.0731   37.5582
   -0.5458    0.4203   -0.7249
    0.2544   -0.7412   -0.6213
   -0.7984   -0.5235    0.2976
...    18 T-A ...
  -25.9126  -24.5369   38.5890
   -0.2865   -0.0430   -0.9571
    0.5117   -0.8514   -0.1149
   -0.8100   -0.5227    0.2660
...    19 A-T ...
  -28.7860  -26.1111   39.1903
    0.1472   -0.4253   -0.8930
    0.5507   -0.7147    0.4312
   -0.8216   -0.5553    0.1291
...    20 T-A ...
  -31.7528  -27.5064   39.1274
    0.4176   -0.7126   -0.5637
    0.3959   -0.4157    0.8188
   -0.8179   -0.5651    0.1085
...    21 T-A ...
  -34.4654  -29.2786   39.1855
    0.5758   -0.8175   -0.0113
    0.0831    0.0448    0.9955
   -0.8134   -0.5741    0.0937
...    22 C-G ...
  -37.0229  -31.3070   39.3829
    0.5387   -0.6237    0.5664
   -0.2890    0.4947    0.8196
   -0.7914   -0.6052    0.0863
...    23 G-C ...
  -39.6946  -33.1878   40.0691
    0.3511   -0.1901    0.9168
   -0.5777    0.7266    0.3719
   -0.7369   -0.6602    0.1453
...    24 C-G ...
  -41.8296  -35.6768   40.5752
   -0.0008    0.2555    0.9668
   -0.6862    0.7031   -0.1864
   -0.7274   -0.6636    0.1748
...    25 A-T ...
  -44.4137  -37.6941   41.0811
   -0.3439    0.6568    0.6711
   -0.5753    0.4174   -0.7034
   -0.7421   -0.6279    0.2343
...    26 A-T ...
  -46.6802  -39.7998   42.0852
   -0.6247    0.7654    0.1547
   -0.2650   -0.0215   -0.9640
   -0.7345   -0.6432    0.2163
...    27 A-T ...
  -49.0409  -41.8109   43.0502
   -0.6677    0.6163   -0.4176
    0.1460   -0.4416   -0.8853
   -0.7300   -0.6521    0.2048
...    28 G-C ...
  -51.5991  -43.7226   43.9026
   -0.4367    0.3477   -0.8297
    0.4754   -0.6938   -0.5410
   -0.7637   -0.6307    0.1378
...    29 G-C ...
  -54.4106  -45.5324   44.3639
   -0.0351   -0.0058   -0.9994
    0.6229   -0.7821   -0.0173
   -0.7815   -0.6231    0.0311
...    30 C-G ...
  -57.2419  -47.2153   44.2470
    0.3551   -0.3786   -0.8547
    0.5338   -0.6685    0.5179
   -0.7674   -0.6402   -0.0352
...    31 C-G ...
  -59.8822  -49.2377   43.6811
    0.6629   -0.6027   -0.4442
    0.2384   -0.3925    0.8883
   -0.7097   -0.6948   -0.1166
...    32 G-C ...
  -61.9990  -51.8096   43.4672
    0.7697   -0.6255    0.1277
   -0.2029   -0.0500    0.9779
   -0.6053   -0.7786   -0.1654
...    33 G-C ...
  -63.6835  -54.6157   42.6443
    0.5870   -0.4893    0.6450
   -0.6123    0.2528    0.7491
   -0.5296   -0.8346   -0.1512
...    34 C-G ...
  -65.0195  -57.5847   42.0166
    0.1744   -0.2456    0.9536
   -0.8487    0.4536    0.2721
   -0.4993   -0.8567   -0.1293
...    35 C-G ...
  -66.4360  -60.6376   41.7919
   -0.2920    0.0901    0.9522
   -0.8226    0.4842   -0.2981
   -0.4879   -0.8703   -0.0673
...    36 C-G ...
  -67.9432  -63.6567   41.8541
   -0.6695    0.3869    0.6341
   -0.5372    0.3374   -0.7730
   -0.5131   -0.8582   -0.0180
...    37 G-C ...
  -69.8467  -66.3704   41.3995
   -0.8135    0.5750    0.0869
   -0.0680    0.0544   -0.9962
   -0.5776   -0.8163   -0.0051
...    38 A-T ...
  -71.7058  -69.0713   41.4863
   -0.6828    0.5182   -0.5151
    0.4313   -0.2832   -0.8566
   -0.5897   -0.8070   -0.0301
...    39 C-G ...
  -74.0144  -71.4218   41.7847
   -0.3385    0.3240   -0.8834
    0.7262   -0.5070   -0.4642
   -0.5983   -0.7987   -0.0636
...    40 A-T ...
  -75.9642  -74.1134   41.4836
    0.1977    0.0910   -0.9760
    0.7812   -0.6161    0.1008
   -0.5921   -0.7824   -0.1929
...    41 C-G ...
  -78.2972  -76.2367   40.5783
    0.6019   -0.1923   -0.7750
    0.5639   -0.5849    0.5830
   -0.5654   -0.7880   -0.2436
...    42 G-C ...
  -79.8927  -79.0561   39.7778
    0.8894   -0.3487   -0.2955
    0.1280   -0.4308    0.8933
   -0.4388   -0.8324   -0.3385
...    43 A-T ...
  -81.1804  -81.7811   38.5326
    0.8245   -0.4851    0.2912
   -0.4201   -0.1800    0.8894
   -0.3791   -0.8557   -0.3523
...    44 C-G ...
  -81.9263  -84.5532   36.9052
    0.5015   -0.4791    0.7204
   -0.7971    0.0680    0.6001
   -0.3364   -0.8751   -0.3478
...    45 T-A ...
  -82.6344  -87.5678   35.7434
    0.0222   -0.3314    0.9432
   -0.9571    0.2657    0.1159
   -0.2890   -0.9053   -0.3113
...    46 T-A ...
  -83.2496  -90.6033   34.7385
   -0.5429   -0.1529    0.8257
   -0.7966    0.4048   -0.4489
   -0.2657   -0.9015   -0.3416
...    47 A-T ...
  -84.3744  -93.3955   33.1930
   -0.9403    0.0910    0.3280
   -0.2616    0.4233   -0.8674
   -0.2178   -0.9014   -0.3742
...    48 C-G ...
  -85.1157  -96.5841   32.5425
   -0.9362    0.3043   -0.1757
    0.2735    0.3173   -0.9080
   -0.2206   -0.8982   -0.3803
...    49 T-A ...
  -86.0918  -99.5817   31.5002
   -0.6410    0.4677   -0.6086
    0.7274    0.1171   -0.6761
   -0.2450   -0.8761   -0.4153
...    50 G-C ...
  -86.8645 -102.4198   29.9467
   -0.1007    0.5508   -0.8286
    0.9615   -0.1603   -0.2234
   -0.2558   -0.8191   -0.5134
...    51 T-A ...
  -88.2776 -104.8531   28.2381
    0.4175    0.4369   -0.7967
    0.8802   -0.4121    0.2353
   -0.2255   -0.7996   -0.5566
...    52 A-T ...
  -89.1519 -107.2139   26.0477
    0.8440    0.2939   -0.4487
    0.5274   -0.6069    0.5945
   -0.0977   -0.7384   -0.6672
...    53 G-C ...
  -89.4423 -109.3648   23.5772
    0.9996    0.0245   -0.0150
    0.0278   -0.6905    0.7228
    0.0073   -0.7229   -0.6909
...    54 G-C ...
  -88.9996 -111.5057   21.0154
    0.8588   -0.2588    0.4420
   -0.4946   -0.6435    0.5842
    0.1333   -0.7203   -0.6807
...    55 T-A ...
  -88.0376 -113.4985   18.5884
    0.4782   -0.5241    0.7048
   -0.8600   -0.4421    0.2547
    0.1781   -0.7279   -0.6621
...    56 A-T ...
  -87.5562 -116.0356   16.4800
   -0.1322   -0.6696    0.7309
   -0.9677   -0.0723   -0.2413
    0.2145   -0.7392   -0.6384
...    57 T-A ...
  -86.2102 -118.4834   14.7054
   -0.6004   -0.6315    0.4906
   -0.7648    0.2742   -0.5830
    0.2336   -0.7253   -0.6476
...    58 C-G ...
  -85.4183 -120.9647   12.6981
   -0.9346   -0.3530    0.0439
   -0.2589    0.5903   -0.7646
    0.2440   -0.7259   -0.6431
...    59 T-A ...
  -84.6998 -123.5946   10.8004
   -0.9355    0.0294   -0.3521
    0.2741    0.6891   -0.6709
    0.2229   -0.7241   -0.6527
...    60 C-G ...
  -83.9803 -126.0511    8.7385
   -0.6000    0.4424   -0.6666
    0.7669    0.5554   -0.3216
    0.2279   -0.7041   -0.6725
...    61 G-C ...
  -82.8450 -128.2396    6.4948
   -0.1157    0.7599   -0.6397
    0.9642    0.2405    0.1113
    0.2384   -0.6040   -0.7605
...    62 A-T ...
  -82.1623 -130.2332    4.0224
    0.4322    0.8040   -0.4085
    0.8577   -0.2266    0.4615
    0.2784   -0.5498   -0.7875
...    63 G-C ...
  -81.4127 -131.7790    1.2248
    0.7673    0.6405   -0.0312
    0.5278   -0.6032    0.5980
    0.3642   -0.4754   -0.8009
...    64 C-G ...
  -80.2624 -132.8441   -1.6486
    0.8961    0.2690    0.3530
    0.0604   -0.8619    0.5035
    0.4397   -0.4298   -0.7886
...    65 T-A ...
  -78.5795 -133.8503   -4.2810
    0.7584   -0.1632    0.6310
   -0.3710   -0.9041    0.2120
    0.5359   -0.3949   -0.7463
...    66 C-G ...
  -76.5843 -135.0890   -6.5323
    0.3880   -0.6341    0.6688
   -0.7090   -0.6690   -0.2230
    0.5888   -0.3877   -0.7092
...    67 G-C ...
  -74.7914 -136.8246   -8.7482
   -0.1149   -0.8674    0.4842
   -0.7504   -0.2436   -0.6145
    0.6509   -0.4339   -0.6229
...    68 G-C ...
  -72.4291 -138.4790  -10.5062
   -0.5315   -0.8418    0.0942
   -0.5375    0.2492   -0.8056
    0.6547   -0.4788   -0.5849
...    69 G-C ...
  -70.1671 -140.2843  -12.2465
   -0.7612   -0.5487   -0.3458
   -0.1455    0.6641   -0.7334
    0.6320   -0.5079   -0.5853
...    70 A-T ...
  -68.0069 -141.9963  -14.0452
   -0.6956   -0.0481   -0.7168
    0.3223    0.8708   -0.3713
    0.6420   -0.4893   -0.5902
...    71 T-A ...
  -66.2372 -144.1598  -15.8153
   -0.4259    0.3952   -0.8139
    0.6172    0.7847    0.0580
    0.6616   -0.4776   -0.5781
...    72 C-G ...
  -64.1055 -145.8176  -17.6766
   -0.0198    0.8010   -0.5983
    0.7329    0.4186    0.5362
    0.6800   -0.4279   -0.5954
...    73 A-T ...
  -61.7837 -147.1832  -19.6507
    0.2761    0.9542   -0.1155
    0.6326   -0.0900    0.7692
    0.7236   -0.2855   -0.6285
...    74 T-A ...
  -59.8064 -147.8103  -22.1585
    0.5126    0.8024    0.3057
    0.4214   -0.5453    0.7246
    0.7481   -0.2426   -0.6176
...    75 G-C ...
  -57.1037 -148.2900  -24.0775
    0.5207    0.4223    0.7420
    0.1269   -0.8977    0.4218
    0.8443   -0.1255   -0.5210
...    76 T-A ...
  -54.3212 -148.0139  -25.7575
    0.4609   -0.0843    0.8834
   -0.1254   -0.9917   -0.0292
    0.8786   -0.0973   -0.4676
...    77 T-A ...
  -51.3912 -148.0508  -27.1286
    0.3018   -0.6211    0.7233
   -0.3320   -0.7797   -0.5309
    0.8937   -0.0799   -0.4415
...    78 A-T ...
  -48.4614 -148.4984  -28.6662
    0.0410   -0.9658    0.2561
   -0.4105   -0.2500   -0.8769
    0.9109   -0.0692   -0.4067
...    79 T-A ...
  -45.2155 -148.6876  -29.3223
   -0.1434   -0.9598   -0.2413
   -0.3704    0.2781   -0.8863
    0.9177   -0.0377   -0.3954
...    80 A-T ...
  -42.2940 -148.3150  -31.0191
   -0.2645   -0.5482   -0.7934
   -0.2184    0.8354   -0.5044
    0.9393    0.0399   -0.3407
...    81 A-T ...
  -39.1766 -148.4575  -31.9685
   -0.2967    0.0365   -0.9543
   -0.0589    0.9967    0.0564
    0.9532    0.0729   -0.2935
...    82 C-G ...
  -36.0784 -148.7767  -33.1007
   -0.3060    0.5476   -0.7788
    0.0850    0.8305    0.5505
    0.9482    0.1022   -0.3007
...    83 G-C ...
  -32.8571 -148.2091  -33.7595
   -0.3492    0.8842   -0.3101
    0.2113    0.3967    0.8933
    0.9129    0.2464   -0.3254
...    84 G-C ...
  -29.9310 -147.3684  -35.1828
   -0.3058    0.9211    0.2409
    0.3651   -0.1202    0.9232
    0.8793    0.3703   -0.2995
...    85 A-T ...
  -27.1615 -146.0378  -36.1957
   -0.1276    0.6603    0.7400
    0.4899   -0.6068    0.6259
    0.8624    0.4424   -0.2461
...    86 T-A ...
  -24.7669 -144.0708  -37.1926
    0.0873    0.2624    0.9610
    0.5062   -0.8425    0.1841
    0.8580    0.4704   -0.2064
...    87 C-G ...
  -22.0212 -142.3867  -37.5819
    0.3071   -0.2869    0.9074
    0.4124   -0.8192   -0.3986
    0.8577    0.4966   -0.1332
...    88 C-G ...
  -19.1535 -140.6146  -37.4476
    0.4127   -0.7155    0.5637
    0.2479   -0.5073   -0.8253
    0.8765    0.4803   -0.0320
...    89 G-C ...
  -16.0542 -139.4104  -37.7197
    0.4237   -0.9057    0.0083
    0.0477    0.0131   -0.9988
    0.9045    0.4236    0.0487
...    90 C-G ...
  -12.9977 -138.2063  -37.1778
    0.3722   -0.7529   -0.5428
   -0.1737    0.5179   -0.8376
    0.9117    0.4061    0.0620
...    91 T-A ...
   -9.8747 -137.1350  -36.7941
    0.2110   -0.3662   -0.9063
   -0.3394    0.8421   -0.4192
    0.9167    0.3960    0.0534
...    92 T-A ...
   -6.7966 -136.1143  -36.4499
    0.0157    0.2051   -0.9786
   -0.4259    0.8869    0.1790
    0.9046    0.4140    0.1013
...    93 T-A ...
   -3.7510 -135.0157  -36.1628
   -0.2216    0.6785   -0.7004
   -0.3852    0.5989    0.7020
    0.8958    0.4254    0.1287
...    94 A-T ...
   -0.8086 -133.5232  -35.7616
   -0.4918    0.8498   -0.1897
   -0.1946    0.1051    0.9752
    0.8487    0.5165    0.1137
...    95 A-T ...
    1.8875 -131.7577  -35.6092
   -0.5610    0.7394    0.3722
    0.1082   -0.3803    0.9185
    0.8207    0.5556    0.1333
...    96 C-G ...
    4.2900 -129.5512  -35.6267
   -0.4849    0.4048    0.7753
    0.3925   -0.6915    0.6065
    0.7816    0.5983    0.1764
...    97 A-T ...
    6.7472 -127.4175  -34.8427
   -0.3126   -0.1246    0.9417
    0.6398   -0.7603    0.1118
    0.7021    0.6375    0.3174
...    98 C-G ...
    8.4958 -124.9188  -33.6107
    0.0268   -0.5261    0.8500
    0.7365   -0.5645   -0.3727
    0.6759    0.6360    0.3723
...    99 T-A ...
   10.4407 -122.7774  -32.0097
    0.3698   -0.7779    0.5081
    0.6550   -0.1696   -0.7364
    0.6590    0.6051    0.4468
...   100 T-A ...
   12.3663 -120.8066  -30.2775
    0.7000   -0.7141    0.0103
    0.3330    0.3137   -0.8892
    0.6317    0.6259    0.4573
...   101 T-A ...
   14.2973 -118.8970  -28.4704
    0.7955   -0.3685   -0.4811
   -0.1354    0.6657   -0.7338
    0.5906    0.6489    0.4797
...   102 A-T ...
   15.9419 -116.2924  -27.0585
    0.5573    0.1860   -0.8092
   -0.6315    0.7278   -0.2676
    0.5391    0.6601    0.5231
...   103 T-A ...
   18.1823 -114.6121  -25.2958
    0.1664    0.5424   -0.8235
   -0.8362    0.5202    0.1738
    0.5226    0.6596    0.5401
...   104 G-C ...
   19.7105 -112.2725  -23.5000
   -0.3837    0.6724   -0.6330
   -0.7872    0.1203    0.6049
    0.4828    0.7304    0.4831
...   105 C-G ...
   21.5678 -109.8583  -22.2353
   -0.7757    0.5831   -0.2415
   -0.4632   -0.2660    0.8454
    0.4287    0.7676    0.4764
...   106 T-A ...
   22.8890 -107.1154  -20.9742
   -0.9403    0.2902    0.1779
    0.0031   -0.5153    0.8570
    0.3403    0.8064    0.4836
...   107 T-A ...
   23.8511 -104.3671  -19.5828
   -0.8006   -0.0805    0.5938
    0.5217   -0.5811    0.6246
    0.2948    0.8098    0.5072
...   108 C-G ...
   24.5689 -101.7068  -17.8566
   -0.3789   -0.4478    0.8099
    0.8936   -0.4047    0.1943
    0.2407    0.7973    0.5535
...   109 C-G ...
   24.9030  -99.1036  -15.7335
    0.1313   -0.6674    0.7331
    0.9711   -0.0623   -0.2306
    0.1996    0.7421    0.6399
...   110 G-C ...
   25.9232  -96.8545  -13.4839
    0.6246   -0.6597    0.4179
    0.7538    0.3696   -0.5433
    0.2040    0.6544    0.7281
...   111 G-C ...
   26.5599  -94.9835  -10.7393
    0.9207   -0.3901    0.0119
    0.3036    0.6966   -0.6501
    0.2454    0.6021    0.7598
...   112 C-G ...
   27.4214  -93.3380   -7.9778
    0.9307    0.0463   -0.3628
   -0.2493    0.8061   -0.5367
    0.2676    0.5900    0.7618
...   113 T-A ...
   28.5317  -91.6201   -5.3595
    0.6464    0.4529   -0.6140
   -0.7045    0.6633   -0.2524
    0.2930    0.5957    0.7478
...   114 C-G ...
   29.5682  -89.7193   -2.8828
    0.0981    0.7498   -0.6543
   -0.9537    0.2587    0.1535
    0.2843    0.6090    0.7405
...   115 G-C ...
   30.0790  -87.6743   -0.2838
   -0.4782    0.6964   -0.5351
   -0.8485   -0.2091    0.4861
    0.2267    0.6865    0.6909
...   116 T-A ...
   31.1967  -85.1729    1.5622
   -0.8569    0.4583   -0.2359
   -0.4807   -0.5455    0.6865
    0.1860    0.7017    0.6878
...   117 A-T ...
   31.6589  -82.6968    3.7349
   -0.9950   -0.0090    0.0997
    0.0781   -0.6929    0.7168
    0.0626    0.7210    0.6901
...   118 T-A ...
   31.5821  -79.9466    5.5075
   -0.8273   -0.3719    0.4210
    0.5606   -0.5940    0.5770
    0.0355    0.7133    0.6999
...   119 A-T ...
   31.2994  -77.5864    7.8439
   -0.3895   -0.7285    0.5636
    0.9189   -0.2657    0.2916
   -0.0627    0.6315    0.7729
...   120 A-T ...
   30.7948  -75.5983   10.3483
    0.1899   -0.7669    0.6131
    0.9787    0.1973   -0.0563
   -0.0778    0.6107    0.7880
...   121 T-A ...
   29.9171  -73.9200   13.0366
    0.6550   -0.5692    0.4971
    0.7511    0.5623   -0.3459
   -0.0826    0.5999    0.7958
...   122 G-C ...
   29.9347  -71.9341   15.7008
    0.9695   -0.1967    0.1459
    0.2445    0.8124   -0.5293
   -0.0144    0.5489    0.8358
...   123 T-A ...
   29.9172  -70.6797   18.7798
    0.9542    0.2510   -0.1628
   -0.2991    0.8009   -0.5187
    0.0002    0.5436    0.8393
...   124 G-C ...
   29.9030  -68.6231   21.3836
    0.6049    0.6325   -0.4838
   -0.7943    0.5224   -0.3102
    0.0565    0.5719    0.8184
...   125 T-A ...
   30.6632  -66.9538   24.1634
    0.0976    0.8053   -0.5847
   -0.9938    0.1100   -0.0143
    0.0528    0.5825    0.8111
...   126 C-G ...
   30.9318  -65.0196   26.8030
   -0.5074    0.7022   -0.4994
   -0.8610   -0.3892    0.3275
    0.0356    0.5962    0.8021
...   127 G-C ...
   30.7245  -63.2338   29.6186
   -0.8967    0.2982   -0.3271
   -0.4372   -0.7118    0.5496
   -0.0689    0.6359    0.7687
...   128 A-T ...
   30.5172  -61.0826   32.0648
   -0.9797   -0.2002    0.0103
    0.1609   -0.7548    0.6359
   -0.1195    0.6247    0.7717
...   129 C-G ...
   29.7973  -58.6636   34.1743
   -0.7520   -0.5889    0.2961
    0.6387   -0.5399    0.5482
   -0.1630    0.6014    0.7822
...   130 C-G ...
   28.8123  -56.6277   36.6806
   -0.2804   -0.8473    0.4510
    0.9337   -0.1318    0.3328
   -0.2226    0.5144    0.8281
...   131 A-T ...
   28.0420  -55.0655   39.5284
    0.3053   -0.8395    0.4495
    0.9231    0.3767    0.0766
   -0.2337    0.3916    0.8900
...   132 A-T ...
   27.0831  -54.0238   42.4420
    0.7727   -0.4907    0.4027
    0.5904    0.7886   -0.1719
   -0.2332    0.3706    0.8990
...   133 A-T ...
   26.2540  -53.1141   45.4445
    0.9703    0.0408    0.2386
    0.0485    0.9329   -0.3569
   -0.2371    0.3578    0.9032
...   134 T-A ...
   25.6208  -52.5914   48.6400
    0.8597    0.5097    0.0340
   -0.4497    0.7866   -0.4231
   -0.2424    0.3485    0.9054
...   135 G-C ...
   25.2757  -52.5096   52.0791
    0.3204    0.9427   -0.0928
   -0.8825    0.2614   -0.3910
   -0.3443    0.2071    0.9157
...   136 T-A ...
   25.5257  -52.9787   55.8049
   -0.2439    0.9563   -0.1610
   -0.8908   -0.2866   -0.3525
   -0.3833    0.0575    0.9218
...   137 G-C ...
   24.8933  -52.7378   58.9865
   -0.7529    0.5562   -0.3519
   -0.5215   -0.8303   -0.1966
   -0.4015    0.0355    0.9152
...   138 A-T ...
   24.0143  -51.6374   61.9242
   -0.9563    0.0401   -0.2896
   -0.0524   -0.9980    0.0347
   -0.2876    0.0484    0.9565
...   139 G-C ...
   22.3467  -51.2412   64.4939
   -0.8529   -0.5118   -0.1033
    0.4974   -0.8566    0.1373
   -0.1587    0.0657    0.9851
...   140 C-G ...
   22.1503  -50.1499   67.4638
   -0.4681   -0.8748    0.1248
    0.8495   -0.4066    0.3362
   -0.2434    0.2634    0.9335
...   141 G-C ...
   21.4256  -51.8266   72.7876
    0.1303   -0.7143   -0.6876
    0.8897   -0.2218    0.3990
   -0.4375   -0.6638    0.6066
...   142 C-G ...
   20.4246  -54.3095   74.5418
    0.5846   -0.7390   -0.3348
    0.7594    0.3532    0.5465
   -0.2856   -0.5737    0.7676
...   143 T-A ...
   18.4271  -55.5290   76.5298
    0.8548   -0.5005    0.1370
    0.3188    0.7148    0.6224
   -0.4095   -0.4884    0.7706
...   144 C-G ...
   16.8372  -57.7222   78.2673
    0.8529   -0.0846    0.5151
   -0.1508    0.9048    0.3983
   -0.4998   -0.4174    0.7589
...   145 A-T ...
   15.7829  -59.5616   80.7981
    0.5516    0.4995    0.6680
   -0.6739    0.7388    0.0039
   -0.4916   -0.4523    0.7441
...   146 C-G ...
   15.7315  -61.4941   83.9316
    0.0344    0.7399    0.6718
   -0.8637    0.3602   -0.3526
   -0.5029   -0.5681    0.6514
...   147 A-T ...
   14.7384  -63.4279   86.8192
   -0.5924    0.6746    0.4405
   -0.6886   -0.1401   -0.7114
   -0.4182   -0.7248    0.5475
