  147 base-pairs
...     1 T-A ...
    0.0000    0.0000    0.0000
    1.0000    0.0000    0.0000
    0.0000    1.0000    0.0000
    0.0000    0.0000    1.0000
...     2 G-C ...
   -0.5555   -1.1003    3.3981
    0.7749    0.6051    0.1828
   -0.5991    0.7953   -0.0929
   -0.2016   -0.0375    0.9787
...     3 T-A ...
   -0.6619   -3.0237    6.5348
    0.3046    0.9250    0.2271
   -0.8994    0.3578   -0.2510
   -0.3134   -0.1278    0.9410
...     4 G-C ...
   -1.1607   -3.8418    9.6940
   -0.3351    0.9421    0.0133
   -0.8752   -0.3061   -0.3746
   -0.3489   -0.1372    0.9271
...     5 A-T ...
   -1.3881   -3.6770   12.8999
   -0.7835    0.6162   -0.0801
   -0.5677   -0.7622   -0.3109
   -0.2527   -0.1981    0.9470
...     6 G-C ...
   -2.6236   -3.5448   15.7072
   -0.9923    0.0611   -0.1075
   -0.0294   -0.9610   -0.2748
   -0.1201   -0.2695    0.9555
...     7 C-G ...
   -2.3138   -3.7570   18.8866
   -0.8620   -0.4995   -0.0864
    0.5008   -0.8655    0.0073
   -0.0785   -0.0370    0.9962
...     8 G-C ...
   -3.9561   -6.8109   23.3205
   -0.2581   -0.3560   -0.8981
    0.6294   -0.7673    0.1233
   -0.7330   -0.5335    0.4221
...     9 C-G ...
   -6.1177   -8.9414   24.2385
    0.1143   -0.7320   -0.6716
    0.8123   -0.3203    0.4874
   -0.5720   -0.6013    0.5580
...    10 T-A ...
   -8.5041   -9.6771   26.0540
    0.4660   -0.8587   -0.2131
    0.6274    0.1508    0.7640
   -0.6239   -0.4897    0.6090
...    11 C-G ...
  -11.0625  -11.3174   27.2336
    0.6660   -0.6911    0.2808
    0.3382    0.6152    0.7121
   -0.6649   -0.3794    0.6435
...    12 A-T ...
  -13.0013  -13.1789   29.0658
    0.7188   -0.1490    0.6790
   -0.1787    0.9043    0.3876
   -0.6718   -0.4000    0.6235
...    13 C-G ...
  -14.1788  -15.9359   31.3399
    0.4052    0.2865    0.8682
   -0.5270    0.8492   -0.0343
   -0.7470   -0.4437    0.4951
...    14 A-T ...
  -15.9532  -18.1566   33.3080
   -0.1503    0.6873    0.7107
   -0.6106    0.5008   -0.6135
   -0.7776   -0.5261    0.3444
...    15 A-T ...
  -18.3198  -19.9444   34.6342
   -0.4768    0.8457    0.2399
   -0.4043    0.0313   -0.9141
   -0.7805   -0.5328    0.3270
...    16 T-A ...
  -20.6642  -21.5180   36.3193
   -0.6070    0.7530   -0.2541
   -0.1047   -0.3928   -0.9136
   -0.7878   -0.5280    0.3173
...    17 T-A ...
  -23.2348  -23.0638   37.5380
   -0.5408    0.4195   -0.7291
    0.2555   -0.7439   -0.6176
   -0.8014   -0.5203    0.2951
...    18 T-A ...
  -25.9386  -24.5197   38.5538
   -0.2796   -0.0458   -0.9590
    0.5093   -0.8538   -0.1077
   -0.8139   -0.5186    0.2621
...    19 A-T ...
  -28.8150  -26.0964   39.1418
    0.1532   -0.4340   -0.8878
    0.5434   -0.7134    0.4425
   -0.8254   -0.5502    0.1265
...    20 T-A ...
  -31.7891  -27.4782   39.0642
    0.4190   -0.7211   -0.5518
    0.3851   -0.4092    0.8272
   -0.8223   -0.5591    0.1063
...    21 T-A ...
  -34.5153  -29.2326   39.1148
    0.5685   -0.8227    0.0069
    0.0714    0.0577    0.9958
   -0.8196   -0.5656    0.0915
...    22 C-G ...
  -37.0982  -31.2346   39.3098
    0.5225   -0.6208    0.5844
   -0.2957    0.5110    0.8071
   -0.7997   -0.5945    0.0834
...    23 G-C ...
  -39.8167  -33.0600   39.9822
    0.3296   -0.1791    0.9270
   -0.5738    0.7417    0.3473
   -0.7497   -0.6464    0.1418
...    24 C-G ...
  -42.0078  -35.5063   40.4792
   -0.0187    0.2737    0.9616
   -0.6696    0.7108   -0.2153
   -0.7425   -0.6480    0.1700
...    25 A-T ...
  -44.6441  -37.4684   40.9485
   -0.3493    0.6762    0.6486
   -0.5486    0.4136   -0.7267
   -0.7596   -0.6096    0.2265
...    26 A-T ...
  -46.9785  -39.5110   41.9266
   -0.6129    0.7808    0.1211
   -0.2384   -0.0366   -0.9705
   -0.7533   -0.6237    0.2086
...    27 A-T ...
  -49.4085  -41.4527   42.8587
   -0.6404    0.6222   -0.4503
    0.1616   -0.4641   -0.8709
   -0.7508   -0.6305    0.1966
...    28 G-C ...
  -52.0386  -43.2848   43.6705
   -0.4012    0.3396   -0.8507
    0.4742   -0.7176   -0.5101
   -0.7837   -0.6081    0.1268
...    29 G-C ...
  -54.9132  -45.0100   44.0680
   -0.0018   -0.0284   -0.9996
    0.6009   -0.7991    0.0216
   -0.7994   -0.6006    0.0185
...    30 C-G ...
  -57.7865  -46.6182   43.8825
    0.3731   -0.4101   -0.8323
    0.4948   -0.6709    0.5524
   -0.7849   -0.6178   -0.0474
...    31 C-G ...
  -60.4582  -48.5857   43.2673
    0.6581   -0.6359   -0.4030
    0.1912   -0.3765    0.9065
   -0.7282   -0.6736   -0.1262
...    32 G-C ...
  -62.6539  -51.0965   43.0473
    0.7382   -0.6510    0.1766
   -0.2449   -0.0147    0.9694
   -0.6285   -0.7589   -0.1703
...    33 G-C ...
  -64.4249  -53.8541   42.2355
    0.5355   -0.4951    0.6842
   -0.6334    0.3004    0.7131
   -0.5586   -0.8153   -0.1527
...    34 C-G ...
  -65.8719  -56.7789   41.6233
    0.1170   -0.2253    0.9672
   -0.8384    0.4996    0.2178
   -0.5323   -0.8365   -0.1304
...    35 C-G ...
  -67.4258  -59.7663   41.3971
   -0.3352    0.1318    0.9329
   -0.7812    0.5146   -0.3534
   -0.5267   -0.8472   -0.0695
...    36 C-G ...
  -69.0805  -62.7095   41.4453
   -0.6810    0.4388    0.5863
   -0.4767    0.3421   -0.8098
   -0.5559   -0.8309   -0.0237
...    37 G-C ...
  -71.0917  -65.3426   40.9541
   -0.7833    0.6211    0.0262
   -0.0093    0.0304   -0.9995
   -0.6216   -0.7831   -0.0181
...    38 A-T ...
  -73.1041  -67.9327   40.9975
   -0.6204    0.5428   -0.5662
    0.4617   -0.3308   -0.8230
   -0.6340   -0.7720   -0.0454
...    39 C-G ...
  -75.5623  -70.1337   41.2162
   -0.2657    0.3203   -0.9093
    0.7194   -0.5620   -0.4081
   -0.6418   -0.7626   -0.0811
...    40 A-T ...
  -77.6599  -72.7075   40.8514
    0.2616    0.0534   -0.9637
    0.7323   -0.6614    0.1621
   -0.6287   -0.7482   -0.2121
...    41 C-G ...
  -80.0683  -74.7006   39.8468
    0.6346   -0.2512   -0.7309
    0.4863   -0.6052    0.6302
   -0.6006   -0.7554   -0.2619
...    42 G-C ...
  -81.7867  -77.4393   39.0041
    0.8789   -0.4187   -0.2286
    0.0381   -0.4159    0.9086
   -0.4755   -0.8073   -0.3496
...    43 A-T ...
  -83.1876  -80.1009   37.7323
    0.7626   -0.5393    0.3572
   -0.4920   -0.1250    0.8616
   -0.4200   -0.8328   -0.3606
...    44 C-G ...
  -84.0408  -82.8518   36.1098
    0.4085   -0.5004    0.7633
   -0.8290    0.1464    0.5397
   -0.3818   -0.8533   -0.3550
...    45 T-A ...
  -84.9197  -85.8273   34.9520
   -0.0765   -0.3111    0.9473
   -0.9365    0.3484    0.0388
   -0.3421   -0.8842   -0.3180
...    46 T-A ...
  -85.7200  -88.8203   33.9441
   -0.6171   -0.0887    0.7819
   -0.7203    0.4636   -0.5159
   -0.3167   -0.8816   -0.3500
...    47 A-T ...
  -86.9639  -91.5277   32.3275
   -0.9524    0.1802    0.2459
   -0.1488    0.4294   -0.8908
   -0.2661   -0.8849   -0.3822
...    48 C-G ...
  -87.9308  -94.6489   31.6466
   -0.8856    0.3858   -0.2584
    0.3780    0.2759   -0.8837
   -0.2697   -0.8804   -0.3902
...    49 T-A ...
  -89.0882  -97.5618   30.5466
   -0.5382    0.5177   -0.6650
    0.7910    0.0380   -0.6106
   -0.2909   -0.8547   -0.4300
...    50 G-C ...
  -90.0027 -100.3345   28.9431
    0.0268    0.5492   -0.8352
    0.9568   -0.2561   -0.1377
   -0.2895   -0.7955   -0.5324
...    51 T-A ...
  -91.4937 -102.6306   27.1170
    0.5284    0.3860   -0.7562
    0.8099   -0.4962    0.3127
   -0.2545   -0.7777   -0.5748
...    52 A-T ...
  -92.3894 -104.9212   24.8606
    0.9078    0.1994   -0.3690
    0.4036   -0.6545    0.6393
   -0.1141   -0.7293   -0.6746
...    53 G-C ...
  -92.6791 -107.0528   22.3687
    0.9932   -0.0864    0.0780
   -0.1161   -0.6854    0.7188
   -0.0086   -0.7230   -0.6908
...    54 G-C ...
  -92.2354 -109.2546   19.8566
    0.7775   -0.3561    0.5184
   -0.6187   -0.5809    0.5289
    0.1128   -0.7319   -0.6720
...    55 T-A ...
  -91.2862 -111.3540   17.5066
    0.3419   -0.5799    0.7394
   -0.9273   -0.3359    0.1654
    0.1525   -0.7422   -0.6526
...    56 A-T ...
  -91.0022 -113.9215   15.3792
   -0.2935   -0.6638    0.6879
   -0.9383    0.0622   -0.3402
    0.1831   -0.7453   -0.6411
...    57 T-A ...
  -89.8036 -116.4821   13.6519
   -0.7265   -0.5594    0.3992
   -0.6558    0.3907   -0.6460
    0.2054   -0.7310   -0.6507
...    58 C-G ...
  -89.1154 -118.9792   11.6199
   -0.9721   -0.2239   -0.0699
   -0.0942    0.6456   -0.7579
    0.2148   -0.7301   -0.6487
...    59 T-A ...
  -88.5432 -121.6139    9.6748
   -0.8792    0.1721   -0.4443
    0.4351    0.6699   -0.6016
    0.1941   -0.7222   -0.6639
...    60 C-G ...
  -87.9290 -124.0644    7.5706
   -0.4594    0.5507   -0.6969
    0.8648    0.4562   -0.2096
    0.2025   -0.6990   -0.6858
...    61 G-C ...
  -86.8772 -126.2924    5.3179
    0.0560    0.8003   -0.5970
    0.9706    0.0966    0.2205
    0.2341   -0.5918   -0.7713
...    62 A-T ...
  -86.2060 -128.2196    2.7904
    0.5772    0.7565   -0.3075
    0.7661   -0.3712    0.5247
    0.2828   -0.5385   -0.7938
...    63 G-C ...
  -85.3784 -129.6918   -0.0270
    0.8466    0.5246    0.0901
    0.3752   -0.7082    0.5981
    0.3775   -0.4725   -0.7963
...    64 C-G ...
  -84.0727 -130.7241   -2.8495
    0.8835    0.1115    0.4550
   -0.1117   -0.8931    0.4357
    0.4550   -0.4357   -0.7766
...    65 T-A ...
  -82.2816 -131.7896   -5.3904
    0.6595   -0.3208    0.6798
   -0.5147   -0.8518    0.0974
    0.5478   -0.4142   -0.7269
...    66 C-G ...
  -80.2622 -133.1459   -7.5602
    0.2242   -0.7390    0.6353
   -0.7719   -0.5326   -0.3471
    0.5949   -0.4126   -0.6898
...    67 G-C ...
  -78.5464 -134.9348   -9.8034
   -0.2854   -0.8819    0.3753
   -0.7139   -0.0657   -0.6971
    0.6394   -0.4669   -0.6109
...    68 G-C ...
  -76.2807 -136.7250  -11.5587
   -0.6535   -0.7553   -0.0486
   -0.4159    0.4121   -0.8107
    0.6324   -0.5096   -0.5834
...    69 G-C ...
  -74.1188 -138.6319  -13.3218
   -0.7955   -0.3831   -0.4694
    0.0207    0.7571   -0.6530
    0.6056   -0.5291   -0.5944
...    70 A-T ...
  -72.0507 -140.4293  -15.1457
   -0.6270    0.1433   -0.7658
    0.4750    0.8494   -0.2300
    0.6175   -0.5080   -0.6006
...    71 T-A ...
  -70.4529 -142.6044  -17.0531
   -0.2933    0.5515   -0.7809
    0.7142    0.6694    0.2045
    0.6355   -0.4978   -0.5902
...    72 C-G ...
  -68.4215 -144.3163  -18.9738
    0.1407    0.8650   -0.4817
    0.7368    0.2336    0.6345
    0.6613   -0.4442   -0.6044
...    73 C-G ...
  -66.4463 -145.7958  -21.2789
    0.4128    0.9108    0.0048
    0.5512   -0.2541    0.7948
    0.7251   -0.3254   -0.6069
...    74 G-C ...
  -63.8183 -146.7718  -23.0849
    0.4939    0.6871    0.5328
    0.2794   -0.7057    0.6510
    0.8234   -0.1727   -0.5406
...    75 C-G ...
  -61.1208 -146.7572  -24.9478
    0.4963    0.2240    0.8388
    0.0100   -0.9676    0.2524
    0.8681   -0.1168   -0.4824
...    76 T-A ...
  -58.1377 -146.7179  -26.3338
    0.3534   -0.2953    0.8876
   -0.1851   -0.9522   -0.2431
    0.9170   -0.0784   -0.3912
...    77 T-A ...
  -55.0802 -146.7167  -27.4082
    0.1897   -0.7802    0.5961
   -0.3244   -0.6228   -0.7119
    0.9267   -0.0583   -0.3712
...    78 T-A ...
  -51.9542 -146.7334  -28.3143
    0.0079   -0.9978    0.0661
   -0.3606   -0.0645   -0.9305
    0.9327   -0.0165   -0.3603
...    79 A-T ...
  -49.0112 -146.5278  -29.9889
   -0.1465   -0.8009   -0.5806
   -0.2936    0.5957   -0.7476
    0.9446    0.0610   -0.3224
...    80 A-T ...
  -45.8433 -146.5450  -30.7834
   -0.2313   -0.3022   -0.9248
   -0.1819    0.9472   -0.2640
    0.9557    0.1071   -0.2740
...    81 C-G ...
  -42.6394 -146.7829  -31.6619
   -0.2997    0.2378   -0.9239
   -0.0511    0.9631    0.2644
    0.9527    0.1265   -0.2765
...    82 A-T ...
  -39.4655 -146.1703  -32.4125
   -0.3712    0.7232   -0.5824
    0.1153    0.6582    0.7439
    0.9214    0.2090   -0.3278
...    83 C-G ...
  -36.6363 -145.7241  -34.0023
   -0.3113    0.9444   -0.1054
    0.2797    0.1971    0.9396
    0.9082    0.2630   -0.3255
...    84 T-A ...
  -33.8354 -144.6667  -35.3550
   -0.2275    0.8809    0.4151
    0.4089   -0.3004    0.8617
    0.8838    0.3657   -0.2919
...    85 T-A ...
  -31.1210 -143.2896  -36.3995
   -0.0330    0.5525    0.8329
    0.4813   -0.7215    0.4977
    0.8759    0.4173   -0.2421
...    86 T-A ...
  -28.4298 -141.6853  -37.1470
    0.1828    0.0493    0.9819
    0.4472   -0.8936   -0.0384
    0.8756    0.4462   -0.1853
...    87 A-T ...
  -25.5832 -139.9795  -37.3522
    0.2784   -0.4955    0.8228
    0.3436   -0.7486   -0.5670
    0.8969    0.4405   -0.0381
...    88 T-A ...
  -22.8870 -138.1448  -36.9148
    0.4138   -0.8030    0.4289
    0.1758   -0.3917   -0.9031
    0.8932    0.4492   -0.0209
...    89 G-C ...
  -19.8178 -136.9190  -37.1254
    0.3915   -0.9049   -0.1671
   -0.0465    0.1619   -0.9857
    0.9190    0.3936    0.0214
...    90 C-G ...
  -16.6912 -135.8502  -36.7162
    0.2936   -0.6699   -0.6819
   -0.2382    0.6396   -0.7309
    0.9258    0.3771    0.0282
...    91 T-A ...
  -13.5159 -134.8943  -36.5015
    0.1083   -0.2327   -0.9665
   -0.3555    0.8989   -0.2562
    0.9284    0.3713    0.0146
...    92 T-A ...
  -10.3941 -133.9713  -36.3413
   -0.0813    0.3416   -0.9363
   -0.3808    0.8575    0.3459
    0.9211    0.3847    0.0604
...    93 C-G ...
   -7.3340 -132.8025  -36.1293
   -0.3226    0.7644   -0.5583
   -0.2832    0.4849    0.8275
    0.9032    0.4250    0.0600
...    94 C-G ...
   -4.2349 -131.4739  -36.2317
   -0.5256    0.8495   -0.0444
   -0.0803    0.0025    0.9968
    0.8469    0.5275    0.0669
...    95 G-C ...
   -1.4956 -129.6545  -35.7071
   -0.6285    0.6177    0.4727
    0.2226   -0.4395    0.8702
    0.7453    0.6521    0.1387
...    96 G-C ...
    0.6649 -127.0960  -35.3793
   -0.5147    0.2113    0.8309
    0.5436   -0.6691    0.5068
    0.6630    0.7125    0.2295
...    97 T-A ...
    2.2931 -124.3505  -34.6875
   -0.2098   -0.1993    0.9572
    0.7460   -0.6655    0.0249
    0.6321    0.7193    0.2883
...    98 C-G ...
    4.2010 -122.0087  -33.4768
    0.2235   -0.5772    0.7854
    0.7619   -0.3991   -0.5101
    0.6079    0.7124    0.3505
...    99 A-T ...
    6.3133 -119.7874  -32.1962
    0.5562   -0.7604    0.3353
    0.5501    0.0344   -0.8344
    0.6230    0.6485    0.4374
...   100 T-A ...
    8.0254 -117.8379  -30.1430
    0.7714   -0.6239   -0.1253
    0.1963    0.4205   -0.8858
    0.6053    0.6587    0.4469
...   101 G-C ...
   10.1265 -115.5805  -28.9430
    0.7146   -0.2931   -0.6351
   -0.2712    0.7209   -0.6378
    0.6448    0.6280    0.4356
...   102 T-A ...
   12.4996 -113.9930  -27.2053
    0.4652    0.1288   -0.8758
   -0.6117    0.7619   -0.2129
    0.6398    0.6348    0.4332
...   103 T-A ...
   14.7545 -112.1724  -25.7210
    0.0487    0.5608   -0.8265
   -0.7838    0.5344    0.3164
    0.6191    0.6324    0.4656
...   104 A-T ...
   16.6427 -109.9944  -24.0457
   -0.4545    0.7387   -0.4978
   -0.6691    0.0858    0.7382
    0.5880    0.6685    0.4553
...   105 T-A ...
   18.8603 -107.7531  -23.1471
   -0.7400    0.6685   -0.0740
   -0.3589   -0.2993    0.8841
    0.5689    0.6808    0.4614
...   106 A-T ...
   20.5799 -105.2385  -21.8094
   -0.8956    0.2915    0.3360
    0.1078   -0.5905    0.7998
    0.4316    0.7525    0.4975
...   107 A-T ...
   21.7800 -102.6398  -20.3204
   -0.7108   -0.1177    0.6935
    0.5874   -0.6417    0.4932
    0.3869    0.7579    0.5252
...   108 C-G ...
   22.4470  -99.8428  -18.7433
   -0.3340   -0.4686    0.8178
    0.8777   -0.4709    0.0887
    0.3436    0.7474    0.5686
...   109 G-C ...
   23.7219  -97.6657  -16.5593
    0.1536   -0.7386    0.6565
    0.9446   -0.0852   -0.3169
    0.2900    0.6688    0.6846
...   110 G-C ...
   24.4221  -95.7059  -13.8910
    0.6140   -0.7167    0.3307
    0.7321    0.3605   -0.5779
    0.2950    0.5970    0.7461
...   111 A-T ...
   25.3609  -93.8801  -11.3227
    0.9254   -0.3704   -0.0805
    0.2353    0.7278   -0.6442
    0.2972    0.5771    0.7606
...   112 C-G ...
   26.3606  -92.5158   -8.4431
    0.9101    0.0677   -0.4088
   -0.2841    0.8200   -0.4969
    0.3016    0.5684    0.7655
...   113 T-A ...
   27.5889  -90.8702   -5.8324
    0.6106    0.4777   -0.6316
   -0.7221    0.6634   -0.1962
    0.3253    0.5759    0.7500
...   114 C-G ...
   28.7315  -89.0373   -3.3530
    0.0595    0.7689   -0.6366
   -0.9471    0.2450    0.2074
    0.3155    0.5906    0.7428
...   115 G-C ...
   29.3579  -87.0633   -0.7281
   -0.5084    0.7051   -0.4944
   -0.8232   -0.2293    0.5194
    0.2528    0.6711    0.6970
...   116 T-A ...
   30.5378  -84.5995    1.1243
   -0.8703    0.4558   -0.1868
   -0.4453   -0.5659    0.6939
    0.2106    0.6871    0.6954
...   117 A-T ...
   31.0693  -82.1460    3.3054
   -0.9907   -0.0207    0.1341
    0.1094   -0.7066    0.6991
    0.0803    0.7073    0.7024
...   118 T-A ...
   31.0285  -79.4340    5.1349
   -0.8095   -0.3881    0.4405
    0.5847   -0.6002    0.5458
    0.0525    0.6994    0.7128
...   119 A-T ...
   30.7878  -77.1222    7.5223
   -0.3669   -0.7432    0.5595
    0.9292   -0.2638    0.2589
   -0.0448    0.6149    0.7873
...   120 A-T ...
   30.3372  -75.1902   10.0805
    0.2130   -0.7770    0.5924
    0.9752    0.2062   -0.0801
   -0.0600    0.5947    0.8017
...   121 T-A ...
   29.5215  -73.5703   12.8244
    0.6726   -0.5729    0.4685
    0.7371    0.5745   -0.3558
   -0.0653    0.5846    0.8087
...   122 G-C ...
   29.5942  -71.6321   15.5198
    0.9744   -0.1914    0.1177
    0.2247    0.8232   -0.5214
    0.0029    0.5345    0.8451
...   123 T-A ...
   29.6423  -70.4293   18.6192
    0.9482    0.2608   -0.1817
   -0.3174    0.8069   -0.4982
    0.0167    0.5300    0.8478
...   124 G-C ...
   29.6763  -68.4212   21.2580
    0.5902    0.6430   -0.4881
   -0.8041    0.5218   -0.2848
    0.0716    0.5605    0.8250
...   125 T-A ...
   30.4875  -66.7890   24.0431
    0.0813    0.8133   -0.5762
   -0.9944    0.1051    0.0079
    0.0670    0.5723    0.8173
...   126 C-G ...
   30.8026  -64.8890   26.6994
   -0.5193    0.7055   -0.4823
   -0.8532   -0.3962    0.3392
    0.0482    0.5877    0.8076
...   127 G-C ...
   30.6420  -63.1265   29.5293
   -0.9023    0.2981   -0.3114
   -0.4269   -0.7177    0.5501
   -0.0595    0.6294    0.7748
...   128 A-T ...
   30.4578  -60.9948   31.9911
   -0.9790   -0.2027    0.0203
    0.1701   -0.7589    0.6286
   -0.1120    0.6189    0.7775
...   129 C-G ...
   29.7531  -58.5940   34.1235
   -0.7481   -0.5922    0.2994
    0.6449   -0.5424    0.5384
   -0.1565    0.5959    0.7877
...   130 C-G ...
   28.7797  -56.5840   36.6536
   -0.2760   -0.8502    0.4484
    0.9363   -0.1324    0.3252
   -0.2171    0.5096    0.8326
...   131 A-T ...
   28.0268  -55.0418   39.5144
    0.3084   -0.8410    0.4445
    0.9233    0.3771    0.0730
   -0.2290    0.3878    0.8928
...   132 A-T ...
   27.0770  -54.0131   42.4364
    0.7744   -0.4911    0.3990
    0.5894    0.7892   -0.1725
   -0.2302    0.3687    0.9006
...   133 A-T ...
   26.2526  -53.1119   45.4435
    0.9705    0.0411    0.2375
    0.0477    0.9331   -0.3564
   -0.2362    0.3572    0.9037
...   134 T-A ...
   25.6209  -52.5913   48.6399
    0.8597    0.5097    0.0340
   -0.4497    0.7866   -0.4231
   -0.2424    0.3485    0.9054
...   135 G-C ...
   25.2757  -52.5096   52.0790
    0.3204    0.9427   -0.0928
   -0.8825    0.2614   -0.3910
   -0.3443    0.2071    0.9157
...   136 T-A ...
   25.5258  -52.9787   55.8048
   -0.2439    0.9563   -0.1610
   -0.8908   -0.2866   -0.3525
   -0.3833    0.0575    0.9218
...   137 G-C ...
   24.8933  -52.7377   58.9864
   -0.7529    0.5562   -0.3519
   -0.5215   -0.8303   -0.1966
   -0.4015    0.0355    0.9152
...   138 A-T ...
   24.0143  -51.6374   61.9241
   -0.9563    0.0401   -0.2896
   -0.0524   -0.9980    0.0347
   -0.2876    0.0484    0.9565
...   139 G-C ...
   22.3467  -51.2411   64.4939
   -0.8529   -0.5118   -0.1033
    0.4974   -0.8566    0.1373
   -0.1587    0.0657    0.9851
...   140 C-G ...
   22.1503  -50.1498   67.4637
   -0.4681   -0.8748    0.1248
    0.8495   -0.4066    0.3362
   -0.2434    0.2634    0.9335
...   141 G-C ...
   21.4257  -51.8266   72.7875
    0.1303   -0.7143   -0.6876
    0.8897   -0.2218    0.3990
   -0.4375   -0.6638    0.6066
...   142 C-G ...
   20.4246  -54.3094   74.5417
    0.5846   -0.7390   -0.3348
    0.7594    0.3532    0.5465
   -0.2856   -0.5737    0.7676
...   143 T-A ...
   18.4271  -55.5290   76.5298
    0.8548   -0.5005    0.1370
    0.3188    0.7148    0.6224
   -0.4095   -0.4884    0.7706
...   144 C-G ...
   16.8372  -57.7222   78.2673
    0.8529   -0.0846    0.5151
   -0.1508    0.9048    0.3983
   -0.4998   -0.4174    0.7589
...   145 A-T ...
   15.7829  -59.5615   80.7980
    0.5516    0.4995    0.6680
   -0.6739    0.7388    0.0039
   -0.4916   -0.4523    0.7441
...   146 C-G ...
   15.7315  -61.4940   83.9315
    0.0344    0.7399    0.6718
   -0.8637    0.3602   -0.3526
   -0.5029   -0.5681    0.6514
...   147 A-T ...
   14.7384  -63.4279   86.8191
   -0.5924    0.6746    0.4405
   -0.6886   -0.1401   -0.7114
   -0.4182   -0.7248    0.5475
