  147 base-pairs
...     1 T-A ...
    0.0000    0.0000    0.0000
    1.0000    0.0000    0.0000
    0.0000    1.0000    0.0000
    0.0000    0.0000    1.0000
...     2 G-C ...
   -0.5555   -1.1003    3.3981
    0.7749    0.6051    0.1828
   -0.5991    0.7953   -0.0929
   -0.2016   -0.0375    0.9787
...     3 T-A ...
   -0.6619   -3.0237    6.5348
    0.3046    0.9250    0.2271
   -0.8994    0.3578   -0.2510
   -0.3134   -0.1278    0.9410
...     4 G-C ...
   -1.1607   -3.8418    9.6940
   -0.3351    0.9421    0.0133
   -0.8752   -0.3061   -0.3746
   -0.3489   -0.1372    0.9271
...     5 A-T ...
   -1.3881   -3.6770   12.8999
   -0.7835    0.6162   -0.0801
   -0.5677   -0.7622   -0.3109
   -0.2527   -0.1981    0.9470
...     6 G-C ...
   -2.6236   -3.5448   15.7072
   -0.9923    0.0611   -0.1075
   -0.0294   -0.9610   -0.2748
   -0.1201   -0.2695    0.9555
...     7 C-G ...
   -2.3138   -3.7570   18.8866
   -0.8620   -0.4995   -0.0864
    0.5008   -0.8655    0.0073
   -0.0785   -0.0370    0.9962
...     8 G-C ...
   -3.9561   -6.8109   23.3205
   -0.2581   -0.3560   -0.8981
    0.6294   -0.7673    0.1233
   -0.7330   -0.5335    0.4221
...     9 C-G ...
   -6.1177   -8.9414   24.2385
    0.1143   -0.7320   -0.6716
    0.8123   -0.3203    0.4874
   -0.5720   -0.6013    0.5580
...    10 T-A ...
   -8.5041   -9.6771   26.0540
    0.4660   -0.8587   -0.2131
    0.6274    0.1508    0.7640
   -0.6239   -0.4897    0.6090
...    11 C-G ...
  -11.0625  -11.3174   27.2336
    0.6660   -0.6911    0.2808
    0.3382    0.6152    0.7121
   -0.6649   -0.3794    0.6435
...    12 A-T ...
  -13.0013  -13.1789   29.0658
    0.7188   -0.1490    0.6790
   -0.1787    0.9043    0.3876
   -0.6718   -0.4000    0.6235
...    13 C-G ...
  -14.1788  -15.9359   31.3399
    0.4052    0.2865    0.8682
   -0.5270    0.8492   -0.0343
   -0.7470   -0.4437    0.4951
...    14 A-T ...
  -15.9532  -18.1566   33.3080
   -0.1503    0.6873    0.7107
   -0.6106    0.5008   -0.6135
   -0.7776   -0.5261    0.3444
...    15 A-T ...
  -18.3833  -19.9551   34.4686
   -0.4549    0.8602    0.2305
   -0.4046    0.0310   -0.9140
   -0.7933   -0.5090    0.3339
...    16 T-A ...
  -20.7679  -21.5401   36.2826
   -0.6293    0.7249   -0.2800
   -0.0856   -0.4228   -0.9022
   -0.7724   -0.5438    0.3282
...    17 T-A ...
  -23.2987  -23.1015   37.6941
   -0.5845    0.3246   -0.7436
    0.3091   -0.7582   -0.5740
   -0.7502   -0.5654    0.3428
...    18 T-A ...
  -25.8344  -24.7383   38.8338
   -0.2874   -0.1193   -0.9504
    0.5740   -0.8158   -0.0711
   -0.7668   -0.5659    0.3029
...    19 A-T ...
  -28.3610  -26.6882   39.6082
    0.1469   -0.4546   -0.8785
    0.6196   -0.6500    0.4400
   -0.7710   -0.6090    0.1862
...    20 T-A ...
  -31.2692  -28.2638   39.7586
    0.4420   -0.7166   -0.5395
    0.4610   -0.3345    0.8220
   -0.7695   -0.6120    0.1825
...    21 T-A ...
  -33.8844  -30.2175   40.0383
    0.6320   -0.7749    0.0033
    0.1274    0.1080    0.9860
   -0.7644   -0.6227    0.1670
...    22 C-G ...
  -36.3295  -32.3410   40.5246
    0.6184   -0.5517    0.5597
   -0.2722    0.5177    0.8111
   -0.7372   -0.6540    0.1700
...    23 G-C ...
  -38.7921  -34.2984   41.7294
    0.4604   -0.0844    0.8837
   -0.6098    0.6934    0.3839
   -0.6452   -0.7156    0.2677
...    24 C-G ...
  -40.6107  -36.8894   42.5419
    0.1109    0.3278    0.9382
   -0.7613    0.6348   -0.1318
   -0.6388   -0.6997    0.3200
...    25 A-T ...
  -43.0552  -38.9350   43.4141
   -0.3072    0.6658    0.6799
   -0.6943    0.3318   -0.6386
   -0.6508   -0.6683    0.3603
...    26 A-T ...
  -45.0804  -41.1122   44.8121
   -0.6517    0.7296    0.2074
   -0.3998   -0.0981   -0.9113
   -0.6445   -0.6768    0.3556
...    27 A-T ...
  -47.0296  -43.2462   46.3184
   -0.7789    0.5242   -0.3442
    0.0611   -0.4828   -0.8736
   -0.6241   -0.7015    0.3440
...    28 G-C ...
  -49.3316  -45.2331   47.7715
   -0.5932    0.2326   -0.7707
    0.4505   -0.6974   -0.5573
   -0.6672   -0.6778    0.3090
...    29 G-C ...
  -51.9247  -47.2522   48.8163
   -0.1835   -0.1246   -0.9751
    0.6982   -0.7148   -0.0401
   -0.6920   -0.6881    0.2182
...    30 C-G ...
  -54.5212  -49.1781   49.3284
    0.2670   -0.4356   -0.8596
    0.6785   -0.5485    0.4887
   -0.6844   -0.7137    0.1491
...    31 C-G ...
  -57.0405  -51.3517   49.6555
    0.6525   -0.5904   -0.4749
    0.4168   -0.2437    0.8757
   -0.6328   -0.7694    0.0871
...    32 G-C ...
  -58.7211  -53.8651   50.0260
    0.8454   -0.5342    0.0070
    0.0139    0.0351    0.9993
   -0.5340   -0.8447    0.0371
...    33 G-C ...
  -59.9689  -56.9824   49.9319
    0.7532   -0.3743    0.5410
   -0.4719    0.2655    0.8407
   -0.4583   -0.8885    0.0233
...    34 C-G ...
  -61.0287  -60.0740   49.8726
    0.3946   -0.1343    0.9090
   -0.8202    0.3945    0.4143
   -0.4142   -0.9090    0.0455
...    35 C-G ...
  -62.0157  -63.3006   50.3226
   -0.1131    0.1329    0.9847
   -0.9191    0.3625   -0.1545
   -0.3775   -0.9225    0.0811
...    36 C-G ...
  -63.1026  -66.4168   50.8730
   -0.5844    0.3368    0.7383
   -0.7250    0.1919   -0.6615
   -0.3645   -0.9218    0.1320
...    37 G-C ...
  -64.7417  -69.4117   50.4109
   -0.8678    0.4368    0.2371
   -0.2726   -0.0195   -0.9619
   -0.4155   -0.8993    0.1360
...    38 A-T ...
  -65.8953  -72.3053   50.8571
   -0.8634    0.3506   -0.3627
    0.2921   -0.2389   -0.9261
   -0.4113   -0.9056    0.1038
...    39 C-G ...
  -67.6175  -74.9548   51.4554
   -0.5741    0.2244   -0.7874
    0.6914   -0.3823   -0.6131
   -0.4386   -0.8964    0.0643
...    40 A-T ...
  -69.2247  -77.8531   51.6125
   -0.0519    0.0721   -0.9960
    0.8904   -0.4482   -0.0789
   -0.4521   -0.8910   -0.0409
...    41 C-G ...
  -71.0727  -80.4935   51.0952
    0.4283   -0.0931   -0.8988
    0.7955   -0.4330    0.4239
   -0.4287   -0.8966   -0.1114
...    42 G-C ...
  -72.0842  -83.6555   50.9069
    0.8414   -0.2206   -0.4934
    0.4068   -0.3424    0.8469
   -0.3558   -0.9133   -0.1984
...    43 A-T ...
  -73.2613  -86.5066   50.2352
    0.9279   -0.3627    0.0865
   -0.1498   -0.1503    0.9772
   -0.3415   -0.9197   -0.1938
...    44 C-G ...
  -74.1229  -89.4031   48.9163
    0.7362   -0.3316    0.5900
   -0.6180    0.0258    0.7857
   -0.2758   -0.9431   -0.1860
...    45 T-A ...
  -74.3857  -92.8812   47.9469
    0.2800   -0.2368    0.9303
   -0.9283    0.1800    0.3252
   -0.2445   -0.9547   -0.1694
...    46 T-A ...
  -74.7373  -96.0345   47.2077
   -0.2159   -0.1360    0.9669
   -0.9481    0.2660   -0.1743
   -0.2335   -0.9543   -0.1864
...    47 A-T ...
  -75.7154  -99.1525   46.5198
   -0.7450    0.0599    0.6643
   -0.6251    0.2849   -0.7267
   -0.2328   -0.9567   -0.1748
...    48 C-G ...
  -76.2564 -102.4641   46.5808
   -0.9624    0.2013    0.1824
   -0.1400    0.2079   -0.9681
   -0.2328   -0.9572   -0.1718
...    49 T-A ...
  -77.2064 -105.6949   46.4716
   -0.8744    0.3460   -0.3400
    0.3811    0.0561   -0.9228
   -0.3002   -0.9365   -0.1809
...    50 G-C ...
  -78.3730 -108.7351   45.6811
   -0.4811    0.4241   -0.7673
    0.8047   -0.1338   -0.5784
   -0.3479   -0.8957   -0.2769
...    51 T-A ...
  -80.1206 -111.4938   45.0200
    0.0042    0.3191   -0.9477
    0.9422   -0.3188   -0.1032
   -0.3351   -0.8925   -0.3019
...    52 T-A ...
  -81.3407 -114.2908   43.9465
    0.5385    0.1218   -0.8338
    0.7842   -0.4345    0.4430
   -0.3083   -0.8924   -0.3295
...    53 C-G ...
  -82.0287 -117.2351   42.8453
    0.9091   -0.0500   -0.4137
    0.3467   -0.4600    0.8174
   -0.2312   -0.8865   -0.4009
...    54 A-T ...
  -82.9173 -119.9024   40.8375
    0.9831   -0.1487    0.1068
   -0.1654   -0.4707    0.8667
   -0.0786   -0.8697   -0.4873
...    55 T-A ...
  -82.8755 -122.4853   38.8988
    0.7854   -0.3038    0.5393
   -0.6188   -0.3631    0.6966
   -0.0158   -0.8808   -0.4732
...    56 G-C ...
  -82.5564 -125.4722   37.2831
    0.2914   -0.3814    0.8773
   -0.9549   -0.1703    0.2431
    0.0567   -0.9086   -0.4139
...    57 T-A ...
  -81.7089 -128.4269   35.9242
   -0.2567   -0.4172    0.8718
   -0.9637    0.0419   -0.2637
    0.0735   -0.9078   -0.4128
...    58 T-A ...
  -81.2521 -131.3570   34.6977
   -0.7471   -0.3615    0.5579
   -0.6548    0.2556   -0.7112
    0.1145   -0.8967   -0.4277
...    59 A-T ...
  -80.9528 -134.2643   32.9362
   -0.9875   -0.1551   -0.0272
   -0.0463    0.4513   -0.8912
    0.1505   -0.8788   -0.4529
...    60 T-A ...
  -80.5785 -137.3817   32.0969
   -0.8773    0.0621   -0.4759
    0.4421    0.4904   -0.7510
    0.1868   -0.8693   -0.4577
...    61 A-T ...
  -79.8297 -140.2121   30.4570
   -0.4611    0.3717   -0.8058
    0.8696    0.3702   -0.3269
    0.1768   -0.8514   -0.4939
...    62 A-T ...
  -79.4397 -142.9247   28.8815
    0.0558    0.5536   -0.8309
    0.9785    0.1353    0.1558
    0.1987   -0.8217   -0.5341
...    63 C-G ...
  -79.4446 -145.5781   26.8020
    0.5460    0.5893   -0.5955
    0.8041   -0.1689    0.5700
    0.2353   -0.7901   -0.5661
...    64 G-C ...
  -78.0826 -147.9189   25.0219
    0.7889    0.6054   -0.1053
    0.4579   -0.4649    0.7578
    0.4098   -0.6460   -0.6440
...    65 G-C ...
  -76.1947 -149.4619   22.8173
    0.8465    0.3738    0.3790
    0.0455   -0.7601    0.6482
    0.5304   -0.5315   -0.6605
...    66 A-T ...
  -74.2520 -150.9004   20.5862
    0.6860   -0.0730    0.7239
   -0.4032   -0.8664    0.2947
    0.6057   -0.4940   -0.6238
...    67 A-T ...
  -72.0897 -152.2906   18.6785
    0.3352   -0.5235    0.7833
   -0.6908   -0.7019   -0.1735
    0.6407   -0.4829   -0.5969
...    68 G-C ...
  -69.5660 -153.6734   16.9356
   -0.0980   -0.8009    0.5907
   -0.7426   -0.3363   -0.5792
    0.6626   -0.4954   -0.5618
...    69 G-C ...
  -66.5965 -155.3897   15.6527
   -0.4966   -0.8429    0.2070
   -0.5627    0.1310   -0.8162
    0.6609   -0.5218   -0.5394
...    70 T-A ...
  -64.2893 -157.3106   14.2808
   -0.6999   -0.6654   -0.2595
   -0.2297    0.5537   -0.8004
    0.6763   -0.5006   -0.5404
...    71 A-T ...
  -61.9915 -159.2822   12.7506
   -0.7141   -0.2056   -0.6691
    0.2152    0.8451   -0.4894
    0.6661   -0.4935   -0.5593
...    72 T-A ...
  -60.1069 -161.4787   11.1840
   -0.5060    0.2399   -0.8285
    0.5258    0.8472   -0.0759
    0.6837   -0.4740   -0.5549
...    73 C-G ...
  -58.0525 -163.2464    9.1414
   -0.1061    0.7187   -0.6872
    0.7134    0.5365    0.4509
    0.6927   -0.4424   -0.5696
...    74 T-A ...
  -55.9695 -164.5986    6.9628
    0.1946    0.9323   -0.3049
    0.6776    0.0969    0.7290
    0.7092   -0.3485   -0.6129
...    75 C-G ...
  -53.6005 -165.4637    4.8483
    0.4661    0.8631    0.1943
    0.5030   -0.4393    0.7443
    0.7278   -0.2492   -0.6389
...    76 G-C ...
  -50.8455 -166.0528    3.1330
    0.4341    0.5981    0.6737
    0.3102   -0.8013    0.5115
    0.8458   -0.0131   -0.5334
...    77 A-T ...
  -47.9346 -165.8086    1.4436
    0.4879    0.0475    0.8716
    0.0573   -0.9981    0.0223
    0.8710    0.0391   -0.4897
...    78 G-C ...
  -44.9510 -165.3413    0.0515
    0.4106   -0.4718    0.7803
   -0.1543   -0.8794   -0.4505
    0.8987    0.0645   -0.4338
...    79 C-G ...
  -41.7205 -164.8768   -1.0052
    0.2321   -0.8972    0.3758
   -0.3350   -0.4364   -0.8350
    0.9132    0.0680   -0.4019
...    80 T-A ...
  -38.6586 -164.6026   -2.1661
    0.0408   -0.9894   -0.1397
   -0.3850    0.1134   -0.9159
    0.9220    0.0912   -0.3763
...    81 C-G ...
  -35.6652 -164.2512   -3.5559
   -0.1881   -0.7209   -0.6670
   -0.3372    0.6853   -0.6455
    0.9225    0.1035   -0.3720
...    82 G-C ...
  -32.9126 -163.0435   -5.2537
   -0.3817   -0.2131   -0.8994
   -0.1838    0.9711   -0.1521
    0.9058    0.1072   -0.4099
...    83 G-C ...
  -29.8172 -162.6909   -6.4377
   -0.4884    0.3455   -0.8013
   -0.0042    0.9173    0.3981
    0.8726    0.1978   -0.4466
...    84 G-C ...
  -26.9264 -162.2334   -8.0670
   -0.5239    0.7460   -0.4110
    0.2546    0.5977    0.7603
    0.8128    0.2937   -0.5031
...    85 A-T ...
  -24.3650 -161.3043   -9.9045
   -0.3413    0.9304    0.1334
    0.5116    0.0648    0.8568
    0.7885    0.3607   -0.4982
...    86 T-A ...
  -22.2260 -159.9398  -11.9913
   -0.0782    0.8145    0.5749
    0.6248   -0.4092    0.6649
    0.7768    0.4112   -0.4769
...    87 C-G ...
  -19.8315 -158.3050  -13.5331
    0.2432    0.4072    0.8804
    0.5854   -0.7853    0.2015
    0.7734    0.4664   -0.4294
...    88 C-G ...
  -17.3745 -156.5005  -14.7512
    0.4191   -0.1057    0.9018
    0.4146   -0.8613   -0.2937
    0.8077    0.4970   -0.3171
...    89 G-C ...
  -14.4968 -155.2436  -15.7659
    0.4844   -0.6134    0.6238
    0.1786   -0.6287   -0.7568
    0.8565    0.4780   -0.1950
...    90 C-G ...
  -11.4770 -153.5282  -15.8455
    0.4976   -0.8642    0.0738
   -0.1054   -0.1447   -0.9839
    0.8610    0.4818   -0.1631
...    91 T-A ...
   -8.2467 -152.2353  -15.9597
    0.3667   -0.7806   -0.5061
   -0.3225    0.4036   -0.8562
    0.8727    0.4772   -0.1038
...    92 T-A ...
   -5.2715 -150.8783  -15.9753
    0.1691   -0.3546   -0.9196
   -0.4922    0.7780   -0.3904
    0.8539    0.5186   -0.0430
...    93 T-A ...
   -2.3238 -149.4352  -15.9409
   -0.1105    0.1850   -0.9765
   -0.5241    0.8239    0.2154
    0.8444    0.5356    0.0059
...    94 A-T ...
    0.2283 -147.3190  -15.5162
   -0.4180    0.6289   -0.6556
   -0.3773    0.5363    0.7550
    0.8264    0.5629    0.0131
...    95 A-T ...
    2.8453 -145.5400  -15.6430
   -0.5998    0.7874   -0.1421
   -0.1025    0.1006    0.9896
    0.7936    0.6082    0.0204
...    96 C-G ...
    5.3650 -143.4299  -16.2203
   -0.6070    0.6934    0.3882
    0.2182   -0.3244    0.9204
    0.7641    0.6434    0.0456
...    97 A-T ...
    7.7254 -141.0561  -16.0335
   -0.4849    0.3060    0.8193
    0.5479   -0.6239    0.5572
    0.6817    0.7191    0.1349
...    98 C-G ...
    9.4204 -138.2213  -15.5319
   -0.1624   -0.0960    0.9821
    0.7430   -0.6667    0.0577
    0.6492    0.7391    0.1796
...    99 T-A ...
   11.1767 -135.2366  -14.5492
    0.2538   -0.5020    0.8268
    0.7304   -0.4609   -0.5041
    0.6341    0.7318    0.2497
...   100 T-A ...
   12.9801 -132.7386  -13.4483
    0.6643   -0.6417    0.3833
    0.4509   -0.0651   -0.8902
    0.5962    0.7642    0.2461
...   101 T-A ...
   14.7511 -130.2307  -12.3067
    0.8345   -0.5176   -0.1890
   -0.0214    0.3123   -0.9498
    0.5506    0.7966    0.2495
...   102 A-T ...
   16.4248 -127.2593  -11.7139
    0.6464   -0.1207   -0.7533
   -0.5872    0.5517   -0.5923
    0.4871    0.8253    0.2857
...   103 T-A ...
   18.5151 -125.0159  -10.5462
    0.2809    0.1484   -0.9482
   -0.8298    0.5339   -0.1622
    0.4822    0.8324    0.2731
...   104 G-C ...
   20.3162 -122.3221   -9.8272
   -0.3263    0.3638   -0.8724
   -0.8158    0.3578    0.4543
    0.4775    0.8600    0.1801
...   105 C-G ...
   21.9331 -119.5046   -9.7176
   -0.7443    0.4410   -0.5015
   -0.5243    0.0793    0.8478
    0.4137    0.8940    0.1722
...   106 T-A ...
   23.4172 -116.4095   -9.5684
   -0.9332    0.3559    0.0491
   -0.0134   -0.1711    0.9852
    0.3590    0.9187    0.1644
...   107 T-A ...
   24.4231 -113.4003   -9.2257
   -0.8162    0.1293    0.5632
    0.5047   -0.3150    0.8038
    0.2813    0.9402    0.1918
...   108 C-G ...
   25.0107 -110.2366   -8.5795
   -0.4224   -0.1566    0.8928
    0.8806   -0.3044    0.3633
    0.2149    0.9396    0.2664
...   109 C-G ...
   25.4717 -107.1222   -7.6477
    0.0647   -0.4064    0.9114
    0.9787   -0.1526   -0.1375
    0.1950    0.9009    0.3879
...   110 G-C ...
   26.3514 -104.5457   -6.2209
    0.5282   -0.5239    0.6683
    0.8261    0.1348   -0.5472
    0.1966    0.8410    0.5040
...   111 G-C ...
   27.1699 -102.1077   -4.0253
    0.8847   -0.4037    0.2332
    0.4145    0.4520   -0.7899
    0.2135    0.7954    0.5672
...   112 C-G ...
   28.0162  -99.8803   -1.6512
    0.9608   -0.1047   -0.2566
   -0.1388    0.6198   -0.7724
    0.2399    0.7778    0.5810
...   113 T-A ...
   28.8557  -97.4283    0.3915
    0.7369    0.2491   -0.6285
   -0.6292    0.5926   -0.5028
    0.2472    0.7660    0.5935
...   114 C-G ...
   29.5671  -94.7985    2.3041
    0.2096    0.5541   -0.8056
   -0.9459    0.3237   -0.0235
    0.2477    0.7669    0.5920
...   115 G-C ...
   29.8517  -92.2218    4.3762
   -0.4031    0.5917   -0.6981
   -0.8927   -0.0862    0.4424
    0.2016    0.8015    0.5629
...   116 T-A ...
   30.7965  -89.2786    5.6345
   -0.8292    0.4106   -0.3793
   -0.5376   -0.4002    0.7421
    0.1530    0.8193    0.5526
...   117 A-T ...
   31.3149  -86.1751    7.0299
   -0.9985    0.0218    0.0508
    0.0305   -0.5488    0.8354
    0.0461    0.8357    0.5473
...   118 T-A ...
   31.2209  -83.1517    8.1985
   -0.8508   -0.2674    0.4524
    0.5242   -0.4909    0.6958
    0.0360    0.8291    0.5579
...   119 A-T ...
   31.2493  -80.5007   10.1766
   -0.4243   -0.5821    0.6936
    0.9043   -0.2316    0.3587
   -0.0482    0.7794    0.6246
...   120 A-T ...
   30.7581  -78.0356   12.2163
    0.1551   -0.6631    0.7323
    0.9856    0.1544   -0.0689
   -0.0674    0.7324    0.6775
...   121 T-A ...
   29.9188  -75.8908   14.6163
    0.6413   -0.4947    0.5865
    0.7635    0.4880   -0.4231
   -0.0769    0.7191    0.6906
...   122 G-C ...
   29.6421  -73.6491   17.1907
    0.9712   -0.1646    0.1722
    0.2378    0.7144   -0.6581
   -0.0147    0.6801    0.7330
...   123 T-A ...
   29.6929  -71.8530   19.9401
    0.9583    0.2221   -0.1800
   -0.2855    0.7137   -0.6396
   -0.0135    0.6643    0.7474
...   124 G-C ...
   29.7285  -69.6685   22.4618
    0.6039    0.5795   -0.5473
   -0.7963    0.4679   -0.3833
    0.0339    0.6673    0.7440
...   125 T-A ...
   30.3008  -67.7446   25.0048
    0.0971    0.7238   -0.6832
   -0.9945    0.0973   -0.0382
    0.0389    0.6831    0.7292
...   126 C-G ...
   30.4830  -65.5496   27.2962
   -0.5088    0.6488   -0.5658
   -0.8597   -0.3491    0.3729
    0.0444    0.6762    0.7354
...   127 G-C ...
   30.0835  -63.6099   29.9390
   -0.8823    0.2790   -0.3791
   -0.4649   -0.6425    0.6091
   -0.0736    0.7136    0.6966
...   128 A-T ...
   30.0234  -61.3746   32.1612
   -0.9870   -0.1568    0.0348
    0.1368   -0.7079    0.6929
   -0.0840    0.6887    0.7202
...   129 C-G ...
   29.4354  -58.6857   33.9770
   -0.7620   -0.5418    0.3547
    0.6351   -0.5184    0.5726
   -0.1263    0.6616    0.7391
...   130 C-G ...
   28.2662  -56.5300   36.3634
   -0.3110   -0.8138    0.4910
    0.9278   -0.1480    0.3424
   -0.2060    0.5620    0.8011
...   131 A-T ...
   27.9057  -55.0780   39.3621
    0.2581   -0.8582    0.4438
    0.9438    0.3221    0.0741
   -0.2066    0.3997    0.8931
...   132 A-T ...
   27.1267  -53.9812   42.3454
    0.7501   -0.5397    0.3823
    0.6300    0.7589   -0.1647
   -0.2012    0.3644    0.9092
...   133 A-T ...
   26.2669  -53.1385   45.4085
    0.9687    0.0269    0.2468
    0.0660    0.9306   -0.3602
   -0.2394    0.3652    0.8996
...   134 T-A ...
   25.6208  -52.5912   48.6400
    0.8597    0.5097    0.0340
   -0.4497    0.7866   -0.4231
   -0.2424    0.3485    0.9054
...   135 G-C ...
   25.2757  -52.5095   52.0791
    0.3204    0.9427   -0.0928
   -0.8825    0.2614   -0.3910
   -0.3443    0.2071    0.9157
...   136 T-A ...
   25.5257  -52.9786   55.8049
   -0.2439    0.9563   -0.1610
   -0.8908   -0.2866   -0.3525
   -0.3833    0.0575    0.9218
...   137 G-C ...
   24.8933  -52.7377   58.9865
   -0.7529    0.5562   -0.3519
   -0.5215   -0.8303   -0.1966
   -0.4015    0.0355    0.9152
...   138 A-T ...
   24.0143  -51.6373   61.9242
   -0.9563    0.0401   -0.2896
   -0.0524   -0.9980    0.0347
   -0.2876    0.0484    0.9565
...   139 G-C ...
   22.3467  -51.2411   64.4940
   -0.8529   -0.5118   -0.1033
    0.4974   -0.8566    0.1373
   -0.1587    0.0657    0.9851
...   140 C-G ...
   22.1503  -50.1497   67.4638
   -0.4681   -0.8748    0.1248
    0.8495   -0.4066    0.3362
   -0.2434    0.2634    0.9335
...   141 G-C ...
   21.4256  -51.8265   72.7876
    0.1303   -0.7143   -0.6876
    0.8897   -0.2218    0.3990
   -0.4375   -0.6638    0.6066
...   142 C-G ...
   20.4246  -54.3094   74.5418
    0.5846   -0.7390   -0.3348
    0.7594    0.3532    0.5465
   -0.2856   -0.5737    0.7676
...   143 T-A ...
   18.4271  -55.5289   76.5299
    0.8548   -0.5005    0.1370
    0.3188    0.7148    0.6224
   -0.4095   -0.4884    0.7706
...   144 C-G ...
   16.8371  -57.7221   78.2674
    0.8529   -0.0846    0.5151
   -0.1508    0.9048    0.3983
   -0.4998   -0.4174    0.7589
...   145 A-T ...
   15.7829  -59.5614   80.7981
    0.5516    0.4995    0.6680
   -0.6739    0.7388    0.0039
   -0.4916   -0.4523    0.7441
...   146 C-G ...
   15.7315  -61.4939   83.9316
    0.0344    0.7399    0.6718
   -0.8637    0.3602   -0.3526
   -0.5029   -0.5681    0.6514
...   147 A-T ...
   14.7384  -63.4278   86.8192
   -0.5924    0.6746    0.4405
   -0.6886   -0.1401   -0.7114
   -0.4182   -0.7248    0.5475
