  147 base-pairs
...     1 T-A ...
    0.0000    0.0000    0.0000
    1.0000    0.0000    0.0000
    0.0000    1.0000    0.0000
    0.0000    0.0000    1.0000
...     2 G-C ...
   -0.5555   -1.1003    3.3981
    0.7749    0.6051    0.1828
   -0.5991    0.7953   -0.0929
   -0.2016   -0.0375    0.9787
...     3 T-A ...
   -0.6619   -3.0237    6.5348
    0.3046    0.9250    0.2271
   -0.8994    0.3578   -0.2510
   -0.3134   -0.1278    0.9410
...     4 G-C ...
   -1.1607   -3.8418    9.6940
   -0.3351    0.9421    0.0133
   -0.8752   -0.3061   -0.3746
   -0.3489   -0.1372    0.9271
...     5 A-T ...
   -1.3881   -3.6770   12.8999
   -0.7835    0.6162   -0.0801
   -0.5677   -0.7622   -0.3109
   -0.2527   -0.1981    0.9470
...     6 G-C ...
   -2.6236   -3.5448   15.7072
   -0.9923    0.0611   -0.1075
   -0.0294   -0.9610   -0.2748
   -0.1201   -0.2695    0.9555
...     7 C-G ...
   -2.3138   -3.7570   18.8866
   -0.8620   -0.4995   -0.0864
    0.5008   -0.8655    0.0073
   -0.0785   -0.0370    0.9962
...     8 G-C ...
   -3.9561   -6.8109   23.3205
   -0.2581   -0.3560   -0.8981
    0.6294   -0.7673    0.1233
   -0.7330   -0.5335    0.4221
...     9 C-G ...
   -6.1177   -8.9414   24.2385
    0.1143   -0.7320   -0.6716
    0.8123   -0.3203    0.4874
   -0.5720   -0.6013    0.5580
...    10 T-A ...
   -8.5041   -9.6771   26.0540
    0.4660   -0.8587   -0.2131
    0.6274    0.1508    0.7640
   -0.6239   -0.4897    0.6090
...    11 C-G ...
  -11.0625  -11.3174   27.2336
    0.6660   -0.6911    0.2808
    0.3382    0.6152    0.7121
   -0.6649   -0.3794    0.6435
...    12 A-T ...
  -13.0013  -13.1789   29.0658
    0.7188   -0.1490    0.6790
   -0.1787    0.9043    0.3876
   -0.6718   -0.4000    0.6235
...    13 C-G ...
  -14.1788  -15.9359   31.3399
    0.4052    0.2865    0.8682
   -0.5270    0.8492   -0.0343
   -0.7470   -0.4437    0.4951
...    14 A-T ...
  -15.9532  -18.1566   33.3080
   -0.1503    0.6873    0.7107
   -0.6106    0.5008   -0.6135
   -0.7776   -0.5261    0.3444
...    15 A-T ...
  -18.3912  -19.9497   34.4598
   -0.4542    0.8613    0.2275
   -0.4023    0.0296   -0.9150
   -0.7949   -0.5072    0.3331
...    16 T-A ...
  -20.7846  -21.5249   36.2688
   -0.6265    0.7253   -0.2853
   -0.0829   -0.4260   -0.9009
   -0.7750   -0.5408    0.3271
...    17 T-A ...
  -23.3281  -23.0752   37.6715
   -0.5788    0.3235   -0.7486
    0.3097   -0.7620   -0.5687
   -0.7544   -0.5610    0.3409
...    18 T-A ...
  -25.8790  -24.7042   38.7933
   -0.2791   -0.1236   -0.9523
    0.5708   -0.8189   -0.0610
   -0.7722   -0.5605    0.2991
...    19 A-T ...
  -28.4250  -26.6484   39.5693
    0.1546   -0.4742   -0.8667
    0.6101   -0.6442    0.4613
   -0.7771   -0.6001    0.1897
...    20 T-A ...
  -31.3479  -28.2021   39.7220
    0.4434   -0.7339   -0.5145
    0.4467   -0.3167    0.8368
   -0.7771   -0.6009    0.1874
...    21 T-A ...
  -33.9822  -30.1247   40.0189
    0.6208   -0.7829    0.0408
    0.1094    0.1380    0.9844
   -0.7763   -0.6066    0.1713
...    22 C-G ...
  -36.4737  -32.1929   40.5289
    0.5952   -0.5412    0.5940
   -0.2833    0.5504    0.7853
   -0.7520   -0.6357    0.1743
...    23 G-C ...
  -39.0184  -34.0475   41.7228
    0.4353   -0.0604    0.8983
   -0.6046    0.7197    0.3413
   -0.6671   -0.6916    0.2768
...    24 C-G ...
  -40.9172  -36.5700   42.5763
    0.0927    0.3614    0.9278
   -0.7430    0.6454   -0.1772
   -0.6628   -0.6729    0.3284
...    25 A-T ...
  -43.4447  -38.5281   43.4301
   -0.3133    0.6999    0.6418
   -0.6653    0.3205   -0.6743
   -0.6777   -0.6383    0.3652
...    26 A-T ...
  -45.5718  -40.5992   44.8373
   -0.6397    0.7534    0.1525
   -0.3706   -0.1286   -0.9198
   -0.6734   -0.6449    0.3615
...    27 A-T ...
  -47.6313  -42.6165   46.3593
   -0.7508    0.5284   -0.3963
    0.0792   -0.5237   -0.8482
   -0.6557   -0.6683    0.3514
...    28 G-C ...
  -50.0446  -44.4713   47.8129
   -0.5559    0.2126   -0.8036
    0.4510   -0.7350   -0.5064
   -0.6983   -0.6439    0.3127
...    29 G-C ...
  -52.7445  -46.3635   48.8366
   -0.1471   -0.1677   -0.9748
    0.6766   -0.7360    0.0245
   -0.7215   -0.6559    0.2217
...    30 C-G ...
  -55.4190  -48.1936   49.3163
    0.2898   -0.4886   -0.8230
    0.6376   -0.5427    0.5467
   -0.7138   -0.6831    0.1543
...    31 C-G ...
  -58.0174  -50.2771   49.6367
    0.6521   -0.6379   -0.4096
    0.3655   -0.2088    0.9071
   -0.6642   -0.7412    0.0970
...    32 G-C ...
  -59.8125  -52.7083   50.0769
    0.8215   -0.5641    0.0831
   -0.0362    0.0938    0.9949
   -0.5690   -0.8204    0.0566
...    33 G-C ...
  -61.1986  -55.7695   50.1055
    0.7054   -0.3700    0.6046
   -0.5051    0.3361    0.7949
   -0.4974   -0.8661    0.0502
...    34 C-G ...
  -62.4090  -58.8071   50.1694
    0.3341   -0.0925    0.9380
   -0.8238    0.4548    0.3383
   -0.4579   -0.8858    0.0758
...    35 C-G ...
  -63.5858  -61.9476   50.7555
   -0.1680    0.2014    0.9650
   -0.8888    0.3925   -0.2366
   -0.4264   -0.8974    0.1131
...    36 C-G ...
  -64.8602  -64.9750   51.4222
   -0.6151    0.4116    0.6725
   -0.6682    0.1805   -0.7217
   -0.4185   -0.8933    0.1640
...    37 G-C ...
  -66.6148  -67.9227   51.0195
   -0.8591    0.4912    0.1435
   -0.2038   -0.0712   -0.9764
   -0.4694   -0.8681    0.1613
...    38 A-T ...
  -67.9476  -70.7253   51.5614
   -0.8153    0.3646   -0.4498
    0.3466   -0.3149   -0.8836
   -0.4638   -0.8763    0.1303
...    39 C-G ...
  -69.8428  -73.2451   52.1933
   -0.5002    0.1961   -0.8434
    0.7149   -0.4562   -0.5300
   -0.4887   -0.8680    0.0880
...    40 A-T ...
  -71.6091  -76.0540   52.4056
    0.0317    0.0024   -0.9995
    0.8686   -0.4949    0.0263
   -0.4945   -0.8690   -0.0178
...    41 C-G ...
  -73.5497  -78.6362   51.9186
    0.4958   -0.1799   -0.8496
    0.7325   -0.4389    0.5204
   -0.4665   -0.8803   -0.0859
...    42 G-C ...
  -74.7151  -81.7541   51.8615
    0.8672   -0.3003   -0.3972
    0.3100   -0.2986    0.9026
   -0.3897   -0.9059   -0.1659
...    43 A-T ...
  -75.9911  -84.5879   51.2836
    0.8926   -0.4043    0.1996
   -0.2471   -0.0683    0.9666
   -0.3771   -0.9121   -0.1609
...    44 C-G ...
  -76.9084  -87.5274   50.1007
    0.6549   -0.3266    0.6815
   -0.6868    0.1190    0.7170
   -0.3153   -0.9376   -0.1464
...    45 T-A ...
  -77.3038  -91.0472   49.3479
    0.1702   -0.1818    0.9685
   -0.9427    0.2562    0.2137
   -0.2869   -0.9494   -0.1277
...    46 T-A ...
  -77.7988  -94.2188   48.7986
   -0.3282   -0.0511    0.9432
   -0.9034    0.3087   -0.2976
   -0.2760   -0.9498   -0.1475
...    47 A-T ...
  -78.9498  -97.3032   48.1527
   -0.8195    0.1446    0.5545
   -0.5064    0.2703   -0.8189
   -0.2683   -0.9519   -0.1482
...    48 C-G ...
  -79.7014 -100.5717   48.3294
   -0.9633    0.2656    0.0376
    0.0034    0.1520   -0.9884
   -0.2683   -0.9520   -0.1473
...    49 T-A ...
  -80.9883 -103.9590   48.4743
   -0.7974    0.3248   -0.5086
    0.5381    0.0009   -0.8429
   -0.2733   -0.9458   -0.1755
...    50 T-A ...
  -82.0258 -106.9604   48.0509
   -0.3581    0.3100   -0.8807
    0.8904   -0.1704   -0.4220
   -0.2809   -0.9354   -0.2150
...    51 C-G ...
  -82.7323 -110.0641   47.2735
    0.2333    0.2316   -0.9444
    0.9355   -0.3185    0.1530
   -0.2653   -0.9192   -0.2910
...    52 A-T ...
  -84.0047 -113.0523   46.2266
    0.7164    0.1613   -0.6788
    0.6665   -0.4460    0.5974
   -0.2063   -0.8804   -0.4270
...    53 T-A ...
  -84.8006 -115.6199   44.4433
    0.9614   -0.0048   -0.2751
    0.2382   -0.4859    0.8409
   -0.1377   -0.8740   -0.4660
...    54 G-C ...
  -84.9760 -118.5184   42.5520
    0.9401   -0.1536    0.3043
   -0.3407   -0.4466    0.8273
    0.0088   -0.8814   -0.4722
...    55 T-A ...
  -84.4841 -121.1310   40.5332
    0.6313   -0.3377    0.6981
   -0.7739   -0.3320    0.5393
    0.0496   -0.8807   -0.4710
...    56 T-A ...
  -84.0825 -123.8810   38.9830
    0.1118   -0.4651    0.8782
   -0.9901   -0.1281    0.0583
    0.0854   -0.8760   -0.4748
...    57 A-T ...
  -84.0837 -126.8528   37.3420
   -0.5185   -0.4611    0.7200
   -0.8490    0.1780   -0.4974
    0.1012   -0.8693   -0.4838
...    58 T-A ...
  -83.2320 -129.7967   36.2512
   -0.8652   -0.3498    0.3591
   -0.4827    0.3875   -0.7854
    0.1356   -0.8529   -0.5041
...    59 A-T ...
  -82.7280 -132.5279   34.2642
   -0.9696   -0.0632   -0.2363
    0.1669    0.5349   -0.8282
    0.1787   -0.8425   -0.5081
...    60 A-T ...
  -82.1936 -135.3037   32.7613
   -0.7142    0.2346   -0.6595
    0.6668    0.5147   -0.5390
    0.2130   -0.8247   -0.5240
...    61 C-G ...
  -82.0357 -138.3748   31.2864
   -0.2525    0.4900   -0.8343
    0.9394    0.3308   -0.0900
    0.2319   -0.8065   -0.5438
...    62 G-C ...
  -80.9301 -140.6721   29.2926
    0.2025    0.7426   -0.6384
    0.9380    0.0403    0.3443
    0.2814   -0.6685   -0.6884
...    63 G-C ...
  -80.0634 -142.4532   26.6862
    0.6026    0.7466   -0.2819
    0.7273   -0.3682    0.5792
    0.3286   -0.5540   -0.7649
...    64 A-T ...
  -78.9888 -144.0305   24.0959
    0.8793    0.4565    0.1355
    0.2869   -0.7350    0.6143
    0.3800   -0.5013   -0.7773
...    65 G-C ...
  -77.4732 -145.0461   21.2757
    0.8520    0.0725    0.5186
   -0.1797   -0.8897    0.4196
    0.4918   -0.4507   -0.7450
...    66 T-A ...
  -75.4610 -145.8976   18.8332
    0.6160   -0.3746    0.6930
   -0.5751   -0.8150    0.0706
    0.5384   -0.4420   -0.7175
...    67 A-T ...
  -73.7077 -147.4763   16.5715
    0.1525   -0.7676    0.6225
   -0.7922   -0.4715   -0.3874
    0.5909   -0.4340   -0.6800
...    68 G-C ...
  -71.4963 -148.7983   14.6333
   -0.2745   -0.8851    0.3758
   -0.7450   -0.0513   -0.6651
    0.6079   -0.4626   -0.6454
...    69 G-C ...
  -68.7673 -150.6621   13.0584
   -0.6429   -0.7658   -0.0146
   -0.4788    0.4167   -0.7728
    0.5978   -0.4898   -0.6345
...    70 T-A ...
  -66.7333 -152.5754   11.3081
   -0.7851   -0.4510   -0.4245
   -0.0863    0.7583   -0.6462
    0.6133   -0.4707   -0.6343
...    71 A-T ...
  -64.7291 -154.5368    9.3881
   -0.7088    0.0861   -0.7002
    0.3770    0.8852   -0.2727
    0.5963   -0.4573   -0.6598
...    72 T-A ...
  -63.1893 -156.5888    7.3348
   -0.4310    0.5119   -0.7431
    0.6634    0.7380    0.1236
    0.6116   -0.4397   -0.6577
...    73 C-G ...
  -61.4070 -158.1480    4.8979
    0.0315    0.8690   -0.4938
    0.7817    0.2865    0.5540
    0.6229   -0.4034   -0.6703
...    74 T-A ...
  -59.5376 -159.2680    2.4286
    0.3484    0.9341   -0.0776
    0.6713   -0.1909    0.7162
    0.6542   -0.3016   -0.6936
...    75 C-G ...
  -57.2894 -159.9298    0.1412
    0.5931    0.7086    0.3823
    0.4227   -0.6781    0.6012
    0.6853   -0.1950   -0.7017
...    76 G-C ...
  -54.6541 -160.4804   -1.7487
    0.5231    0.3451    0.7793
    0.1860   -0.9385    0.2908
    0.8317   -0.0072   -0.5551
...    77 A-T ...
  -51.7377 -160.2409   -3.4423
    0.4998   -0.2395    0.8323
   -0.0920   -0.9703   -0.2239
    0.8612    0.0353   -0.5070
...    78 G-C ...
  -48.7513 -159.8705   -4.8471
    0.3534   -0.7029    0.6173
   -0.2915   -0.7098   -0.6413
    0.8889    0.0466   -0.4557
...    79 C-G ...
  -45.5168 -159.5982   -5.9623
    0.1086   -0.9855    0.1305
   -0.4166   -0.1643   -0.8941
    0.9026    0.0428   -0.4284
...    80 T-A ...
  -42.4818 -159.4541   -7.2128
   -0.1044   -0.9201   -0.3776
   -0.3945    0.3868   -0.8335
    0.9130    0.0619   -0.4033
...    81 C-G ...
  -39.4895 -159.1473   -8.6363
   -0.3123   -0.5052   -0.8045
   -0.2676    0.8593   -0.4358
    0.9115    0.0792   -0.4036
...    82 G-C ...
  -36.6804 -157.9580  -10.1748
   -0.4522    0.0543   -0.8903
   -0.0636    0.9936    0.0929
    0.8897    0.0986   -0.4459
...    83 G-C ...
  -33.6435 -157.6841  -11.4953
   -0.4866    0.5753   -0.6574
    0.1331    0.7926    0.5951
    0.8634    0.2021   -0.4622
...    84 G-C ...
  -30.8309 -157.1670  -13.2403
   -0.4551    0.8708   -0.1861
    0.3710    0.3754    0.8494
    0.8095    0.3175   -0.4939
...    85 A-T ...
  -28.3083 -156.0928  -15.0354
   -0.2248    0.9031    0.3658
    0.5704   -0.1824    0.8009
    0.7900    0.3887   -0.4741
...    86 T-A ...
  -26.1746 -154.4918  -16.9515
    0.0502    0.6657    0.7445
    0.6188   -0.6059    0.5000
    0.7840    0.4356   -0.4423
...    87 C-G ...
  -23.7273 -152.7691  -18.3023
    0.3458    0.1740    0.9220
    0.5102   -0.8596   -0.0292
    0.7875    0.4805   -0.3860
...    88 C-G ...
  -21.1735 -150.9494  -19.2819
    0.4729   -0.3397    0.8130
    0.3018   -0.8044   -0.5117
    0.8278    0.4873   -0.2778
...    89 G-C ...
  -18.2811 -149.7362  -20.2833
    0.4727   -0.7723    0.4244
    0.0537   -0.4555   -0.8886
    0.8796    0.4428   -0.1739
...    90 C-G ...
  -15.1351 -148.2658  -20.3115
    0.4172   -0.8937   -0.1650
   -0.2030    0.0853   -0.9755
    0.8858    0.4405   -0.1458
...    91 T-A ...
  -11.8359 -147.1939  -20.4784
    0.2450   -0.6758   -0.6952
   -0.3599    0.6024   -0.7124
    0.9002    0.4248   -0.0956
...    92 T-A ...
   -8.7632 -146.0854  -20.5343
    0.0489   -0.1619   -0.9856
   -0.4539    0.8754   -0.1663
    0.8897    0.4555   -0.0307
...    93 T-A ...
   -5.7172 -144.8776  -20.5423
   -0.1915    0.3879   -0.9016
   -0.4246    0.7954    0.4324
    0.8849    0.4656    0.0124
...    94 A-T ...
   -2.9299 -143.0932  -20.1105
   -0.4468    0.7575   -0.4759
   -0.2476    0.4065    0.8795
    0.8597    0.5108    0.0059
...    95 A-T ...
   -0.2447 -141.4418  -20.2682
   -0.5662    0.8216    0.0663
    0.0213   -0.0658    0.9976
    0.8240    0.5663    0.0198
...    96 C-G ...
    2.2875 -139.3536  -20.8183
   -0.5220    0.6397    0.5642
    0.3059   -0.4770    0.8239
    0.7962    0.6027    0.0533
...    97 A-T ...
    4.7495 -137.0984  -20.5499
   -0.3771    0.1862    0.9073
    0.5784   -0.7177    0.3878
    0.7233    0.6710    0.1629
...    98 C-G ...
    6.6093 -134.4191  -19.8236
   -0.0572   -0.2422    0.9685
    0.7167   -0.6853   -0.1290
    0.6950    0.6868    0.2128
...    99 T-A ...
    8.5689 -131.6481  -18.6051
    0.3258   -0.6215    0.7124
    0.6529   -0.3971   -0.6450
    0.6838    0.6753    0.2764
...   100 T-A ...
   10.5617 -129.3622  -17.3764
    0.6832   -0.6989    0.2116
    0.3460    0.0547   -0.9366
    0.6430    0.7132    0.2792
...   101 T-A ...
   12.5082 -127.0584  -16.0940
    0.7962   -0.4928   -0.3511
   -0.1197    0.4406   -0.8897
    0.5931    0.7504    0.2918
...   102 A-T ...
   14.2953 -124.2101  -15.3001
    0.5583   -0.0272   -0.8292
   -0.6352    0.6290   -0.4483
    0.5337    0.7770    0.3339
...   103 T-A ...
   16.5514 -122.1508  -14.1079
    0.1806    0.2646   -0.9473
   -0.8313    0.5558   -0.0032
    0.5256    0.7881    0.3203
...   104 G-C ...
   18.4762 -119.5793  -13.2630
   -0.4105    0.4709   -0.7809
   -0.7554    0.3041    0.5805
    0.5108    0.8281    0.2308
...   105 C-G ...
   20.1340 -116.8063  -13.0099
   -0.7859    0.4984   -0.3660
   -0.4324   -0.0197    0.9015
    0.4421    0.8667    0.2310
...   106 T-A ...
   21.6519 -113.7460  -12.6688
   -0.9191    0.3486    0.1835
    0.0842   -0.2813    0.9559
    0.3849    0.8941    0.2292
...   107 T-A ...
   22.7132 -110.7929  -12.0980
   -0.7558    0.0636    0.6517
    0.5791   -0.3998    0.7105
    0.3058    0.9144    0.2653
...   108 C-G ...
   23.3693 -107.7198  -11.1631
   -0.3367   -0.2524    0.9072
    0.9095   -0.3367    0.2439
    0.2439    0.9071    0.3429
...   109 C-G ...
   23.9094 -104.7261   -9.9254
    0.1488   -0.4951    0.8560
    0.9615   -0.1297   -0.2421
    0.2309    0.8591    0.4568
...   110 G-C ...
   24.9131 -102.3019   -8.3373
    0.5878   -0.5789    0.5651
    0.7728    0.1953   -0.6039
    0.2392    0.7917    0.5622
...   111 G-C ...
   25.9129 -100.0708   -5.9961
    0.9042   -0.4110    0.1163
    0.3400    0.5278   -0.7784
    0.2585    0.7433    0.6169
...   112 C-G ...
   26.9293  -98.0462   -3.5114
    0.9356   -0.0683   -0.3464
   -0.2093    0.6828   -0.7000
    0.2843    0.7274    0.6245
...   113 T-A ...
   27.9225  -95.7718   -1.3371
    0.6799    0.3106   -0.6643
   -0.6735    0.6229   -0.3980
    0.2901    0.7180    0.6327
...   114 C-G ...
   28.7806  -93.3134    0.7433
    0.1407    0.6170   -0.7743
   -0.9478    0.3099    0.0748
    0.2861    0.7234    0.6284
...   115 G-C ...
   29.1976  -90.8932    2.9767
   -0.4596    0.6317   -0.6242
   -0.8570   -0.1312    0.4983
    0.2329    0.7640    0.6017
...   116 T-A ...
   30.1882  -88.0355    4.3602
   -0.8579    0.4212   -0.2943
   -0.4808   -0.4561    0.7489
    0.1812    0.7839    0.5938
...   117 A-T ...
   30.7502  -84.9971    5.8867
   -0.9940    0.0008    0.1095
    0.0874   -0.5966    0.7977
    0.0660    0.8025    0.5930
...   118 T-A ...
   30.6762  -82.0516    7.2313
   -0.8207   -0.3076    0.4815
    0.5688   -0.5205    0.6369
    0.0547    0.7965    0.6021
...   119 A-T ...
   30.7531  -79.5179    9.3479
   -0.3832   -0.6270    0.6783
    0.9232   -0.2365    0.3029
   -0.0296    0.7422    0.6695
...   120 A-T ...
   30.3116  -77.1786   11.5402
    0.1968   -0.6961    0.6905
    0.9793    0.1733   -0.1044
   -0.0470    0.6967    0.7158
...   121 T-A ...
   29.5380  -75.1683   14.0791
    0.6726   -0.5111    0.5352
    0.7378    0.5193   -0.4313
   -0.0575    0.6849    0.7263
...   122 G-C ...
   29.3184  -73.0580   16.7615
    0.9794   -0.1553    0.1291
    0.2019    0.7446   -0.6363
    0.0027    0.6492    0.7606
...   123 T-A ...
   29.4237  -71.3701   19.5770
    0.9482    0.2434   -0.2043
   -0.3178    0.7329   -0.6016
    0.0033    0.6353    0.7723
...   124 G-C ...
   29.5145  -69.2866   22.1777
    0.5802    0.6041   -0.5463
   -0.8129    0.4712   -0.3423
    0.0507    0.6427    0.7645
...   125 T-A ...
   30.1445  -67.4427   24.7619
    0.0704    0.7449   -0.6634
   -0.9960    0.0887   -0.0061
    0.0543    0.6612    0.7482
...   126 C-G ...
   30.3742  -65.3155   27.1083
   -0.5290    0.6601   -0.5333
   -0.8465   -0.3665    0.3860
    0.0593    0.6557    0.7527
...   127 G-C ...
   30.0298  -63.4258   29.7878
   -0.8898    0.2804   -0.3600
   -0.4513   -0.6566    0.6043
   -0.0669    0.7002    0.7108
...   128 A-T ...
   29.9803  -61.2290   32.0461
   -0.9856   -0.1626    0.0454
    0.1499   -0.7185    0.6792
   -0.0778    0.6763    0.7325
...   129 C-G ...
   29.4004  -58.5698   33.9071
   -0.7556   -0.5506    0.3548
    0.6437   -0.5240    0.5578
   -0.1212    0.6499    0.7503
...   130 C-G ...
   28.2352  -56.4568   36.3357
   -0.3042   -0.8212    0.4828
    0.9311   -0.1491    0.3329
   -0.2014    0.5508    0.8100
...   131 A-T ...
   27.8954  -55.0334   39.3449
    0.2635   -0.8605    0.4360
    0.9433    0.3245    0.0703
   -0.2020    0.3927    0.8972
...   132 A-T ...
   27.1212  -53.9619   42.3400
    0.7526   -0.5394    0.3777
    0.6278    0.7608   -0.1644
   -0.1987    0.3609    0.9112
...   133 A-T ...
   26.2665  -53.1320   45.4069
    0.9691    0.0279    0.2451
    0.0639    0.9312   -0.3589
   -0.2383    0.3634    0.9006
...   134 T-A ...
   25.6208  -52.5913   48.6399
    0.8597    0.5097    0.0340
   -0.4497    0.7866   -0.4231
   -0.2424    0.3485    0.9054
...   135 G-C ...
   25.2757  -52.5095   52.0790
    0.3204    0.9427   -0.0928
   -0.8825    0.2614   -0.3910
   -0.3443    0.2071    0.9157
...   136 T-A ...
   25.5257  -52.9786   55.8048
   -0.2439    0.9563   -0.1610
   -0.8908   -0.2866   -0.3525
   -0.3833    0.0575    0.9218
...   137 G-C ...
   24.8933  -52.7377   58.9864
   -0.7529    0.5562   -0.3519
   -0.5215   -0.8303   -0.1966
   -0.4015    0.0355    0.9152
...   138 A-T ...
   24.0142  -51.6373   61.9241
   -0.9563    0.0401   -0.2896
   -0.0524   -0.9980    0.0347
   -0.2876    0.0484    0.9565
...   139 G-C ...
   22.3466  -51.2411   64.4939
   -0.8529   -0.5118   -0.1033
    0.4974   -0.8566    0.1373
   -0.1587    0.0657    0.9851
...   140 C-G ...
   22.1502  -50.1497   67.4637
   -0.4681   -0.8748    0.1248
    0.8495   -0.4066    0.3362
   -0.2434    0.2634    0.9335
...   141 G-C ...
   21.4256  -51.8265   72.7875
    0.1303   -0.7143   -0.6876
    0.8897   -0.2217    0.3990
   -0.4375   -0.6638    0.6066
...   142 C-G ...
   20.4245  -54.3094   74.5417
    0.5846   -0.7390   -0.3348
    0.7594    0.3532    0.5465
   -0.2856   -0.5737    0.7676
...   143 T-A ...
   18.4271  -55.5289   76.5298
    0.8548   -0.5005    0.1370
    0.3188    0.7148    0.6224
   -0.4095   -0.4884    0.7706
...   144 C-G ...
   16.8371  -57.7221   78.2673
    0.8529   -0.0846    0.5151
   -0.1508    0.9048    0.3983
   -0.4998   -0.4174    0.7589
...   145 A-T ...
   15.7829  -59.5614   80.7980
    0.5516    0.4995    0.6680
   -0.6739    0.7388    0.0039
   -0.4916   -0.4523    0.7441
...   146 C-G ...
   15.7314  -61.4939   83.9315
    0.0344    0.7399    0.6718
   -0.8637    0.3602   -0.3526
   -0.5029   -0.5681    0.6514
...   147 A-T ...
   14.7383  -63.4278   86.8191
   -0.5924    0.6746    0.4405
   -0.6886   -0.1401   -0.7114
   -0.4182   -0.7248    0.5475
