  147 base-pairs
...     1 T-A ...
    0.0000    0.0000    0.0000
    1.0000    0.0000    0.0000
    0.0000    1.0000    0.0000
    0.0000    0.0000    1.0000
...     2 G-C ...
   -0.5555   -1.1003    3.3981
    0.7749    0.6051    0.1828
   -0.5991    0.7953   -0.0929
   -0.2016   -0.0375    0.9787
...     3 T-A ...
   -0.6619   -3.0237    6.5348
    0.3046    0.9250    0.2271
   -0.8994    0.3578   -0.2510
   -0.3134   -0.1278    0.9410
...     4 G-C ...
   -1.1607   -3.8418    9.6940
   -0.3351    0.9421    0.0133
   -0.8752   -0.3061   -0.3746
   -0.3489   -0.1372    0.9271
...     5 A-T ...
   -1.3881   -3.6770   12.8999
   -0.7835    0.6162   -0.0801
   -0.5677   -0.7622   -0.3109
   -0.2527   -0.1981    0.9470
...     6 G-C ...
   -2.6236   -3.5448   15.7072
   -0.9923    0.0611   -0.1075
   -0.0294   -0.9610   -0.2748
   -0.1201   -0.2695    0.9555
...     7 C-G ...
   -2.3138   -3.7570   18.8866
   -0.8620   -0.4995   -0.0864
    0.5008   -0.8655    0.0073
   -0.0785   -0.0370    0.9962
...     8 G-C ...
   -3.9561   -6.8109   23.3205
   -0.2581   -0.3560   -0.8981
    0.6294   -0.7673    0.1233
   -0.7330   -0.5335    0.4221
...     9 C-G ...
   -6.1177   -8.9414   24.2385
    0.1143   -0.7320   -0.6716
    0.8123   -0.3203    0.4874
   -0.5720   -0.6013    0.5580
...    10 T-A ...
   -8.5041   -9.6771   26.0540
    0.4660   -0.8587   -0.2131
    0.6274    0.1508    0.7640
   -0.6239   -0.4897    0.6090
...    11 C-G ...
  -11.0625  -11.3174   27.2336
    0.6660   -0.6911    0.2808
    0.3382    0.6152    0.7121
   -0.6649   -0.3794    0.6435
...    12 A-T ...
  -13.0013  -13.1789   29.0658
    0.7188   -0.1490    0.6790
   -0.1787    0.9043    0.3876
   -0.6718   -0.4000    0.6235
...    13 C-G ...
  -14.1788  -15.9359   31.3399
    0.4052    0.2865    0.8682
   -0.5270    0.8492   -0.0343
   -0.7470   -0.4437    0.4951
...    14 A-T ...
  -15.9532  -18.1566   33.3080
   -0.1503    0.6873    0.7107
   -0.6106    0.5008   -0.6135
   -0.7776   -0.5261    0.3444
...    15 A-T ...
  -18.3205  -19.9440   34.6335
   -0.4767    0.8458    0.2395
   -0.4041    0.0310   -0.9142
   -0.7807   -0.5326    0.3270
...    16 T-A ...
  -20.6657  -21.5165   36.3184
   -0.6067    0.7529   -0.2548
   -0.1045   -0.3933   -0.9135
   -0.7880   -0.5276    0.3173
...    17 T-A ...
  -23.2375  -23.0612   37.5360
   -0.5402    0.4190   -0.7298
    0.2557   -0.7445   -0.6167
   -0.8018   -0.5197    0.2950
...    18 T-A ...
  -25.9426  -24.5157   38.5506
   -0.2787   -0.0469   -0.9592
    0.5091   -0.8542   -0.1062
   -0.8144   -0.5179    0.2619
...    19 A-T ...
  -28.8180  -26.0943   39.1394
    0.1539   -0.4364   -0.8865
    0.5425   -0.7126    0.4450
   -0.8259   -0.5494    0.1271
...    20 T-A ...
  -31.7932  -27.4745   39.0624
    0.4191   -0.7231   -0.5491
    0.3838   -0.4070    0.8289
   -0.8228   -0.5581    0.1069
...    21 T-A ...
  -34.5213  -29.2264   39.1153
    0.5674   -0.8234    0.0108
    0.0698    0.0612    0.9957
   -0.8205   -0.5642    0.0922
...    22 C-G ...
  -37.1081  -31.2239   39.3139
    0.5202   -0.6194    0.5881
   -0.2965    0.5148    0.8044
   -0.8010   -0.5928    0.0841
...    23 G-C ...
  -39.8337  -33.0395   39.9879
    0.3265   -0.1757    0.9287
   -0.5731    0.7446    0.3423
   -0.7516   -0.6440    0.1424
...    24 C-G ...
  -42.0331  -35.4785   40.4882
   -0.0213    0.2782    0.9603
   -0.6671    0.7114   -0.2209
   -0.7446   -0.6453    0.1705
...    25 A-T ...
  -44.6772  -37.4313   40.9558
   -0.3502    0.6803    0.6438
   -0.5445    0.4114   -0.7309
   -0.7622   -0.6065    0.2264
...    26 A-T ...
  -47.0215  -39.4626   41.9334
   -0.6112    0.7832    0.1144
   -0.2343   -0.0410   -0.9713
   -0.7560   -0.6204    0.2086
...    27 A-T ...
  -49.4615  -41.3924   42.8639
   -0.6362    0.6218   -0.4567
    0.1642   -0.4692   -0.8677
   -0.7538   -0.6270    0.1965
...    28 G-C ...
  -52.1019  -43.2115   43.6727
   -0.3957    0.3363   -0.8546
    0.4743   -0.7221   -0.5037
   -0.7865   -0.6046    0.1262
...    29 G-C ...
  -54.9850  -44.9242   44.0637
    0.0035   -0.0342   -0.9994
    0.5977   -0.8012    0.0295
   -0.8017   -0.5974    0.0176
...    30 C-G ...
  -57.8637  -46.5226   43.8705
    0.3761   -0.4166   -0.8276
    0.4888   -0.6696    0.5592
   -0.7872   -0.6149   -0.0482
...    31 C-G ...
  -60.5388  -48.4846   43.2517
    0.6576   -0.6416   -0.3949
    0.1838   -0.3716    0.9100
   -0.7306   -0.6710   -0.1265
...    32 G-C ...
  -62.7451  -50.9876   43.0356
    0.7334   -0.6539    0.1860
   -0.2517   -0.0069    0.9678
   -0.6315   -0.7565   -0.1697
...    33 G-C ...
  -64.5274  -53.7404   42.2312
    0.5272   -0.4937    0.6916
   -0.6370    0.3091    0.7062
   -0.5624   -0.8128   -0.1515
...    34 C-G ...
  -65.9894  -56.6602   41.6273
    0.1076   -0.2195    0.9697
   -0.8369    0.5065    0.2075
   -0.5367   -0.8338   -0.1292
...    35 C-G ...
  -67.5626  -59.6383   41.4063
   -0.3425    0.1405    0.9289
   -0.7744    0.5176   -0.3638
   -0.5320   -0.8440   -0.0685
...    36 C-G ...
  -69.2381  -62.5701   41.4569
   -0.6832    0.4477    0.5769
   -0.4665    0.3401   -0.8165
   -0.5618   -0.8270   -0.0235
...    37 G-C ...
  -71.2627  -65.1933   40.9632
   -0.7785    0.6274    0.0143
    0.0009    0.0240   -0.9997
   -0.6276   -0.7783   -0.0193
...    38 A-T ...
  -73.2957  -67.7674   41.0022
   -0.6100    0.5442   -0.5760
    0.4674   -0.3398   -0.8161
   -0.6399   -0.7670   -0.0471
...    39 C-G ...
  -75.7743  -69.9463   41.2094
   -0.2531    0.3169   -0.9141
    0.7188   -0.5708   -0.3969
   -0.6475   -0.7575   -0.0833
...    40 A-T ...
  -77.8910  -72.5040   40.8366
    0.2728    0.0452   -0.9610
    0.7244   -0.6669    0.1743
   -0.6331   -0.7437   -0.2147
...    41 C-G ...
  -80.3062  -74.4812   39.8166
    0.6406   -0.2615   -0.7220
    0.4733   -0.6059    0.6394
   -0.6047   -0.7513   -0.2643
...    42 G-C ...
  -82.0387  -77.2106   38.9694
    0.8772   -0.4291   -0.2154
    0.0228   -0.4110    0.9114
   -0.4796   -0.8044   -0.3507
...    43 A-T ...
  -83.4512  -79.8661   37.6959
    0.7519   -0.5457    0.3700
   -0.5043   -0.1145    0.8559
   -0.4247   -0.8301   -0.3613
...    44 C-G ...
  -84.3151  -82.6174   36.0776
    0.3923   -0.5010    0.7714
   -0.8344    0.1592    0.5277
   -0.3872   -0.8507   -0.3556
...    45 T-A ...
  -85.2153  -85.5888   34.9235
   -0.0938   -0.3053    0.9476
   -0.9325    0.3603    0.0238
   -0.3487   -0.8815   -0.3185
...    46 T-A ...
  -86.0390  -88.5765   33.9175
   -0.6299   -0.0772    0.7728
   -0.7064    0.4705   -0.5288
   -0.3228   -0.8790   -0.3509
...    47 A-T ...
  -87.2932  -91.2734   32.2886
   -0.9539    0.1936    0.2295
   -0.1284    0.4277   -0.8947
   -0.2713   -0.8830   -0.3831
...    48 C-G ...
  -88.2887  -94.3847   31.6034
   -0.8759    0.3967   -0.2747
    0.3966    0.2674   -0.8782
   -0.2749   -0.8781   -0.3915
...    49 T-A ...
  -89.4662  -97.2861   30.4938
   -0.5194    0.5230   -0.6758
    0.8019    0.0249   -0.5970
   -0.2954   -0.8520   -0.4323
...    50 G-C ...
  -90.3931 -100.0511   28.8823
    0.0494    0.5466   -0.8359
    0.9552   -0.2702   -0.1203
   -0.2917   -0.7926   -0.5355
...    51 T-A ...
  -91.8849 -102.3291   27.0349
    0.5474    0.3765   -0.7474
    0.7968   -0.5075    0.3280
   -0.2558   -0.7750   -0.5778
...    52 A-T ...
  -92.7713 -104.6129   24.7678
    0.9174    0.1843   -0.3527
    0.3814   -0.6596    0.6476
   -0.1133   -0.7287   -0.6754
...    53 G-C ...
  -93.0486 -106.7450   22.2742
    0.9900   -0.1028    0.0967
   -0.1409   -0.6824    0.7172
   -0.0078   -0.7237   -0.6901
...    54 G-C ...
  -92.5935 -108.9593   19.7746
    0.7611   -0.3695    0.5331
   -0.6388   -0.5697    0.5171
    0.1126   -0.7341   -0.6696
...    55 T-A ...
  -91.6368 -111.0772   17.4423
    0.3168   -0.5864    0.7455
   -0.9363   -0.3188    0.1471
    0.1514   -0.7446   -0.6501
...    56 A-T ...
  -91.3749 -113.6473   15.3113
   -0.3212   -0.6609    0.6783
   -0.9295    0.0828   -0.3595
    0.1815   -0.7459   -0.6409
...    57 T-A ...
  -90.1917 -116.2236   13.5955
   -0.7461   -0.5466    0.3803
   -0.6337    0.4075   -0.6575
    0.2044   -0.7315   -0.6504
...    58 C-G ...
  -89.5078 -118.7214   11.5617
   -0.9748   -0.2031   -0.0924
   -0.0643    0.6523   -0.7553
    0.2136   -0.7303   -0.6489
...    59 T-A ...
  -88.9471 -121.3543    9.6102
   -0.8655    0.1940   -0.4618
    0.4622    0.6649   -0.5868
    0.1932   -0.7213   -0.6651
...    60 C-G ...
  -88.3376 -123.8017    7.5007
   -0.4324    0.5662   -0.7017
    0.8787    0.4392   -0.1871
    0.2022   -0.6975   -0.6875
...    61 G-C ...
  -87.2878 -126.0327    5.2488
    0.0858    0.8046   -0.5876
    0.9676    0.0733    0.2416
    0.2375   -0.5893   -0.7722
...    62 A-T ...
  -86.6038 -127.9467    2.7147
    0.5998    0.7468   -0.2872
    0.7467   -0.3935    0.5363
    0.2875   -0.5362   -0.7936
...    63 G-C ...
  -85.7489 -129.4061   -0.1017
    0.8560    0.5043    0.1136
    0.3469   -0.7233    0.5971
    0.3833   -0.4717   -0.7941
...    64 C-G ...
  -84.4048 -130.4339   -2.9089
    0.8763    0.0853    0.4741
   -0.1409   -0.8957    0.4217
    0.4606   -0.4363   -0.7730
...    65 T-A ...
  -82.5868 -131.5091   -5.4277
    0.6381   -0.3458    0.6879
   -0.5365   -0.8406    0.0750
    0.5523   -0.4169   -0.7219
...    66 C-G ...
  -80.5573 -132.8828   -7.5789
    0.1939   -0.7541    0.6275
   -0.7776   -0.5081   -0.3703
    0.5981   -0.4161   -0.6849
...    67 G-C ...
  -78.8451 -134.6741   -9.8243
   -0.3138   -0.8812    0.3537
   -0.7021   -0.0355   -0.7112
    0.6393   -0.4715   -0.6075
...    68 G-C ...
  -76.5893 -136.4814  -11.5752
   -0.6708   -0.7378   -0.0754
   -0.3908    0.4380   -0.8096
    0.6303   -0.5136   -0.5821
...    69 G-C ...
  -74.4379 -138.4009  -13.3381
   -0.7962   -0.3534   -0.4911
    0.0507    0.7698   -0.6362
    0.6029   -0.5315   -0.5950
...    70 A-T ...
  -72.3805 -140.2088  -15.1636
   -0.6103    0.1754   -0.7726
    0.4994    0.8422   -0.2033
    0.6150   -0.5099   -0.6015
...    71 T-A ...
  -70.8047 -142.3793  -17.0931
   -0.2673    0.5760   -0.7725
    0.7269    0.6468    0.2308
    0.6326   -0.4999   -0.5916
...    72 C-G ...
  -68.7850 -144.0944  -19.0225
    0.1686    0.8723   -0.4590
    0.7325    0.2007    0.6506
    0.6596   -0.4458   -0.6051
...    73 C-G ...
  -66.8096 -145.5612  -21.3350
    0.4344    0.9001    0.0330
    0.5336   -0.2867    0.7957
    0.7257   -0.3280   -0.6048
...    74 G-C ...
  -64.1765 -146.5498  -23.1281
    0.5034    0.6609    0.5565
    0.2541   -0.7289    0.6358
    0.8258   -0.1786   -0.5349
...    75 C-G ...
  -61.4533 -146.5514  -24.9552
    0.4916    0.1892    0.8500
   -0.0162   -0.9740    0.2262
    0.8707   -0.1250   -0.4757
...    76 T-A ...
  -58.4533 -146.5481  -26.3079
    0.3368   -0.3289    0.8823
   -0.2055   -0.9401   -0.2720
    0.9189   -0.0897   -0.3842
...    77 T-A ...
  -55.3855 -146.5889  -27.3541
    0.1660   -0.8021    0.5737
   -0.3326   -0.5932   -0.7331
    0.9283   -0.0691   -0.3653
...    78 T-A ...
  -52.2525 -146.6498  -28.2365
   -0.0153   -0.9993    0.0343
   -0.3547   -0.0267   -0.9346
    0.9349   -0.0264   -0.3540
...    79 A-T ...
  -49.2950 -146.4485  -29.8914
   -0.1591   -0.7771   -0.6090
   -0.2754    0.6273   -0.7285
    0.9481    0.0518   -0.3138
...    80 A-T ...
  -46.1227 -146.5036  -30.6661
   -0.2316   -0.2646   -0.9361
   -0.1602    0.9595   -0.2316
    0.9595    0.0963   -0.2646
...    81 C-G ...
  -42.9194 -146.7781  -31.5338
   -0.2896    0.2766   -0.9163
   -0.0326    0.9539    0.2982
    0.9566    0.1162   -0.2673
...    82 A-T ...
  -39.7288 -146.2064  -32.2508
   -0.3544    0.7508   -0.5575
    0.1254    0.6289    0.7673
    0.9267    0.2020   -0.3170
...    83 C-G ...
  -36.8861 -145.7599  -33.8154
   -0.2926    0.9535   -0.0721
    0.2805    0.1577    0.9468
    0.9142    0.2568   -0.3136
...    84 T-A ...
  -34.0615 -144.7075  -35.1229
   -0.2116    0.8693    0.4467
    0.4015   -0.3394    0.8507
    0.8911    0.3593   -0.2772
...    85 T-A ...
  -31.3195 -143.3441  -36.1128
   -0.0232    0.5218    0.8527
    0.4672   -0.7485    0.4707
    0.8839    0.4093   -0.2264
...    86 T-A ...
  -28.5978 -141.7639  -36.8017
    0.1849    0.0090    0.9827
    0.4302   -0.8998   -0.0727
    0.8836    0.4362   -0.1702
...    87 A-T ...
  -25.7109 -140.1233  -36.9644
    0.2763   -0.5321    0.8004
    0.3260   -0.7315   -0.5988
    0.9041    0.4264   -0.0286
...    88 T-A ...
  -22.9795 -138.3510  -36.4803
    0.4047   -0.8259    0.3927
    0.1610   -0.3584   -0.9196
    0.9002    0.4353   -0.0121
...    89 G-C ...
  -19.8953 -137.1614  -36.6816
    0.3763   -0.9029   -0.2079
   -0.0549    0.2023   -0.9778
    0.9249    0.3793    0.0266
...    90 C-G ...
  -16.7504 -136.1482  -36.2654
    0.2761   -0.6456   -0.7120
   -0.2381    0.6717   -0.7015
    0.9312    0.3632    0.0317
...    91 T-A ...
  -13.5602 -135.2419  -36.0536
    0.0924   -0.1949   -0.9765
   -0.3470    0.9129   -0.2150
    0.9333    0.3587    0.0167
...    92 T-A ...
  -10.4260 -134.3624  -35.9019
   -0.0909    0.3793   -0.9208
   -0.3649    0.8477    0.3851
    0.9266    0.3710    0.0614
...    93 C-G ...
   -7.3496 -133.2378  -35.6927
   -0.3224    0.7890   -0.5230
   -0.2643    0.4555    0.8501
    0.9090    0.4123    0.0617
...    94 C-G ...
   -4.2394 -131.9359  -35.7978
   -0.5170    0.8560   -0.0028
   -0.0633   -0.0350    0.9974
    0.8537    0.5158    0.0722
...    95 G-C ...
   -1.4758 -130.1583  -35.2534
   -0.6134    0.6053    0.5073
    0.2343   -0.4740    0.8488
    0.7543    0.6395    0.1489
...    96 G-C ...
    0.7128 -127.6310  -34.8679
   -0.4961    0.1846    0.8484
    0.5473   -0.6921    0.4706
    0.6741    0.6978    0.2423
...    97 C-G ...
    2.4577 -124.9893  -33.9922
   -0.1801   -0.2592    0.9489
    0.7532   -0.6567   -0.0364
    0.6326    0.7082    0.3135
...    98 T-A ...
    4.1851 -122.5170  -32.6620
    0.1858   -0.6104    0.7700
    0.7767   -0.3887   -0.4956
    0.6018    0.6902    0.4018
...    99 C-G ...
    6.1025 -120.3812  -31.0962
    0.5896   -0.7367    0.3312
    0.5499    0.0657   -0.8326
    0.5916    0.6731    0.4438
...   100 A-T ...
    8.1984 -118.1949  -29.7525
    0.7633   -0.6041   -0.2289
    0.1435    0.5041   -0.8517
    0.6299    0.6173    0.4714
...   101 T-A ...
   10.2389 -116.6267  -27.6589
    0.7483   -0.2419   -0.6177
   -0.2697    0.7397   -0.6165
    0.6061    0.6279    0.4883
...   102 G-C ...
   12.1431 -114.3198  -26.2410
    0.4221    0.1986   -0.8845
   -0.6499    0.7466   -0.1425
    0.6321    0.6350    0.4442
...   103 T-A ...
   14.6536 -112.6514  -24.8237
    0.0108    0.5494   -0.8355
   -0.7851    0.5221    0.3332
    0.6192    0.6524    0.4370
...   104 T-A ...
   16.8621 -110.6658  -23.5139
   -0.4360    0.7474   -0.5013
   -0.6670    0.1056    0.7375
    0.6042    0.6559    0.4525
...   105 A-T ...
   18.8111 -108.3805  -22.0964
   -0.7979    0.6005   -0.0531
   -0.3047   -0.3258    0.8950
    0.5201    0.7303    0.4429
...   106 T-A ...
   20.4842 -105.7024  -21.2543
   -0.8616    0.3369    0.3796
    0.1284   -0.5789    0.8052
    0.4911    0.7425    0.4555
...   107 A-T ...
   21.7142 -102.9470  -19.8342
   -0.7387   -0.1458    0.6581
    0.5805   -0.6338    0.5111
    0.3426    0.7596    0.5529
...   108 A-T ...
   22.5362 -100.3796  -18.0550
   -0.3110   -0.5004    0.8080
    0.8987   -0.4314    0.0788
    0.3092    0.7507    0.5839
...   109 C-G ...
   22.8676  -97.8258  -15.9989
    0.1800   -0.6806    0.7102
    0.9412   -0.0906   -0.3254
    0.2858    0.7270    0.6243
...   110 G-C ...
   24.1761  -95.6420  -13.8409
    0.6388   -0.6856    0.3493
    0.7101    0.3507   -0.6105
    0.2961    0.6380    0.7108
...   111 G-C ...
   25.1386  -93.8305  -11.1535
    0.9029   -0.4224   -0.0800
    0.2650    0.6933   -0.6702
    0.3385    0.5839    0.7379
...   112 A-T ...
   26.2537  -92.0223   -8.6416
    0.8836    0.0701   -0.4629
   -0.3192    0.8136   -0.4860
    0.3425    0.5772    0.7413
...   113 T-A ...
   27.7004  -90.6973   -5.9720
    0.6038    0.4898   -0.6288
   -0.7292    0.6581   -0.1875
    0.3220    0.5718    0.7546
...   114 C-G ...
   28.8339  -88.8770   -3.4802
    0.0505    0.7750   -0.6300
   -0.9486    0.2345    0.2125
    0.3124    0.5869    0.7470
...   115 G-C ...
   29.4527  -86.9176   -0.8438
   -0.5159    0.7044   -0.4875
   -0.8196   -0.2403    0.5201
    0.2492    0.6678    0.7013
...   116 T-A ...
   30.6170  -84.4579    1.0229
   -0.8745    0.4499   -0.1811
   -0.4387   -0.5745    0.6910
    0.2069    0.6838    0.6998
...   117 A-T ...
   31.1339  -82.0126    3.2161
   -0.9903   -0.0292    0.1360
    0.1163   -0.7103    0.6942
    0.0763    0.7033    0.7068
...   118 T-A ...
   31.0762  -79.3124    5.0630
   -0.8057   -0.3969    0.4396
    0.5903   -0.5992    0.5408
    0.0487    0.6953    0.7171
...   119 A-T ...
   30.8254  -77.0173    7.4647
   -0.3604   -0.7487    0.5563
    0.9316   -0.2587    0.2553
   -0.0472    0.6103    0.7908
...   120 A-T ...
   30.3665  -75.1014   10.0337
    0.2195   -0.7784    0.5881
    0.9736    0.2132   -0.0813
   -0.0621    0.5904    0.8047
...   121 T-A ...
   29.5461  -73.4999   12.7870
    0.6773   -0.5706    0.4644
    0.7326    0.5809   -0.3548
   -0.0673    0.5805    0.8115
...   122 G-C ...
   29.6112  -71.5739   15.4907
    0.9758   -0.1862    0.1148
    0.2188    0.8267   -0.5184
    0.0016    0.5310    0.8474
...   123 T-A ...
   29.6589  -70.3839   18.5946
    0.9464    0.2665   -0.1826
   -0.3227    0.8072   -0.4943
    0.0157    0.5268    0.8499
...   124 G-C ...
   29.6912  -68.3879   21.2420
    0.5864    0.6471   -0.4872
   -0.8069    0.5193   -0.2815
    0.0709    0.5582    0.8267
...   125 T-A ...
   30.5015  -66.7611   24.0295
    0.0773    0.8151   -0.5741
   -0.9948    0.1014    0.0101
    0.0664    0.5703    0.8187
...   126 C-G ...
   30.8150  -64.8660   26.6888
   -0.5223    0.7049   -0.4800
   -0.8514   -0.3996    0.3397
    0.0476    0.5861    0.8088
...   127 G-C ...
   30.6529  -63.1073   29.5199
   -0.9035    0.2962   -0.3099
   -0.4244   -0.7196    0.5496
   -0.0603    0.6280    0.7758
...   128 A-T ...
   30.4652  -60.9790   31.9841
   -0.9786   -0.2049    0.0209
    0.1724   -0.7593    0.6275
   -0.1127    0.6177    0.7783
...   129 C-G ...
   29.7570  -58.5822   34.1196
   -0.7468   -0.5939    0.2993
    0.6463   -0.5418    0.5374
   -0.1570    0.5948    0.7884
...   130 C-G ...
   28.7813  -56.5766   36.6521
   -0.2744   -0.8509    0.4479
    0.9367   -0.1313    0.3246
   -0.2174    0.5086    0.8331
...   131 A-T ...
   28.0281  -55.0372   39.5136
    0.3095   -0.8409    0.4439
    0.9229    0.3782    0.0729
   -0.2292    0.3871    0.8931
...   132 A-T ...
   27.0775  -54.0111   42.4363
    0.7748   -0.4905    0.3988
    0.5887    0.7898   -0.1724
   -0.2304    0.3683    0.9007
...   133 A-T ...
   26.2525  -53.1115   45.4436
    0.9705    0.0415    0.2374
    0.0473    0.9332   -0.3563
   -0.2363    0.3570    0.9037
...   134 T-A ...
   25.6209  -52.5914   48.6399
    0.8597    0.5097    0.0340
   -0.4497    0.7866   -0.4231
   -0.2424    0.3485    0.9054
...   135 G-C ...
   25.2758  -52.5097   52.0790
    0.3204    0.9427   -0.0928
   -0.8825    0.2614   -0.3910
   -0.3443    0.2071    0.9157
...   136 T-A ...
   25.5258  -52.9788   55.8048
   -0.2439    0.9563   -0.1610
   -0.8908   -0.2866   -0.3525
   -0.3833    0.0575    0.9218
...   137 G-C ...
   24.8934  -52.7378   58.9864
   -0.7529    0.5562   -0.3519
   -0.5215   -0.8303   -0.1966
   -0.4015    0.0355    0.9152
...   138 A-T ...
   24.0144  -51.6375   61.9241
   -0.9563    0.0401   -0.2896
   -0.0524   -0.9980    0.0347
   -0.2876    0.0484    0.9565
...   139 G-C ...
   22.3467  -51.2412   64.4939
   -0.8529   -0.5118   -0.1033
    0.4974   -0.8566    0.1373
   -0.1587    0.0657    0.9851
...   140 C-G ...
   22.1504  -50.1499   67.4637
   -0.4681   -0.8748    0.1248
    0.8495   -0.4066    0.3362
   -0.2434    0.2634    0.9335
...   141 G-C ...
   21.4257  -51.8267   72.7875
    0.1303   -0.7143   -0.6876
    0.8897   -0.2218    0.3990
   -0.4375   -0.6638    0.6066
...   142 C-G ...
   20.4246  -54.3096   74.5417
    0.5846   -0.7390   -0.3348
    0.7594    0.3531    0.5465
   -0.2856   -0.5738    0.7676
...   143 T-A ...
   18.4272  -55.5291   76.5298
    0.8548   -0.5005    0.1370
    0.3188    0.7148    0.6224
   -0.4095   -0.4884    0.7706
...   144 C-G ...
   16.8372  -57.7223   78.2673
    0.8529   -0.0846    0.5151
   -0.1508    0.9048    0.3983
   -0.4998   -0.4174    0.7589
...   145 A-T ...
   15.7830  -59.5616   80.7980
    0.5516    0.4995    0.6680
   -0.6739    0.7388    0.0039
   -0.4916   -0.4523    0.7441
...   146 C-G ...
   15.7315  -61.4941   83.9315
    0.0344    0.7399    0.6718
   -0.8637    0.3602   -0.3526
   -0.5029   -0.5681    0.6514
...   147 A-T ...
   14.7384  -63.4280   86.8191
   -0.5924    0.6746    0.4405
   -0.6886   -0.1401   -0.7114
   -0.4182   -0.7248    0.5475
