  147 base-pairs
...     1 T-A ...
    0.0000    0.0000    0.0000
    1.0000    0.0000    0.0000
    0.0000    1.0000    0.0000
    0.0000    0.0000    1.0000
...     2 G-C ...
   -0.5555   -1.1003    3.3981
    0.7749    0.6051    0.1828
   -0.5991    0.7953   -0.0929
   -0.2016   -0.0375    0.9787
...     3 T-A ...
   -0.6619   -3.0237    6.5348
    0.3046    0.9250    0.2271
   -0.8994    0.3578   -0.2510
   -0.3134   -0.1278    0.9410
...     4 G-C ...
   -1.1607   -3.8418    9.6940
   -0.3351    0.9421    0.0133
   -0.8752   -0.3061   -0.3746
   -0.3489   -0.1372    0.9271
...     5 A-T ...
   -1.3881   -3.6770   12.8999
   -0.7835    0.6162   -0.0801
   -0.5677   -0.7622   -0.3109
   -0.2527   -0.1981    0.9470
...     6 G-C ...
   -2.6236   -3.5448   15.7072
   -0.9923    0.0611   -0.1075
   -0.0294   -0.9610   -0.2748
   -0.1201   -0.2695    0.9555
...     7 C-G ...
   -2.3138   -3.7570   18.8866
   -0.8620   -0.4995   -0.0864
    0.5008   -0.8655    0.0073
   -0.0785   -0.0370    0.9962
...     8 G-C ...
   -3.9561   -6.8109   23.3205
   -0.2581   -0.3560   -0.8981
    0.6294   -0.7673    0.1233
   -0.7330   -0.5335    0.4221
...     9 C-G ...
   -6.1177   -8.9414   24.2385
    0.1143   -0.7320   -0.6716
    0.8123   -0.3203    0.4874
   -0.5720   -0.6013    0.5580
...    10 T-A ...
   -8.5041   -9.6771   26.0540
    0.4660   -0.8587   -0.2131
    0.6274    0.1508    0.7640
   -0.6239   -0.4897    0.6090
...    11 C-G ...
  -11.0625  -11.3174   27.2336
    0.6660   -0.6911    0.2808
    0.3382    0.6152    0.7121
   -0.6649   -0.3794    0.6435
...    12 A-T ...
  -13.0013  -13.1789   29.0658
    0.7188   -0.1490    0.6790
   -0.1787    0.9043    0.3876
   -0.6718   -0.4000    0.6235
...    13 C-G ...
  -14.1788  -15.9359   31.3399
    0.4052    0.2865    0.8682
   -0.5270    0.8492   -0.0343
   -0.7470   -0.4437    0.4951
...    14 A-T ...
  -15.9532  -18.1566   33.3080
   -0.1503    0.6873    0.7107
   -0.6106    0.5008   -0.6135
   -0.7776   -0.5261    0.3444
...    15 A-T ...
  -18.3185  -19.9446   34.6353
   -0.4761    0.8457    0.2410
   -0.4050    0.0323   -0.9137
   -0.7805   -0.5326    0.3272
...    16 T-A ...
  -20.6617  -21.5184   36.3212
   -0.6067    0.7539   -0.2522
   -0.1063   -0.3914   -0.9141
   -0.7878   -0.5278    0.3176
...    17 T-A ...
  -23.2318  -23.0625   37.5422
   -0.5418    0.4219   -0.7270
    0.2534   -0.7427   -0.6198
   -0.8014   -0.5200    0.2955
...    18 T-A ...
  -25.9359  -24.5156   38.5603
   -0.2823   -0.0423   -0.9584
    0.5078   -0.8542   -0.1119
   -0.8139   -0.5182    0.2626
...    19 A-T ...
  -28.8182  -26.0811   39.1455
    0.1496   -0.4287   -0.8910
    0.5436   -0.7170    0.4363
   -0.8259   -0.5496    0.1258
...    20 T-A ...
  -31.7946  -27.4573   39.0683
    0.4157   -0.7179   -0.5584
    0.3877   -0.4156    0.8228
   -0.8228   -0.5585    0.1056
...    21 T-A ...
  -34.5234  -29.2073   39.1149
    0.5675   -0.8234   -0.0025
    0.0763    0.0496    0.9959
   -0.8199   -0.5653    0.0909
...    22 C-G ...
  -37.1069  -31.2070   39.3040
    0.5257   -0.6264    0.5755
   -0.2902    0.5039    0.8136
   -0.7996   -0.5947    0.0831
...    23 G-C ...
  -39.8186  -33.0393   39.9732
    0.3378   -0.1881    0.9222
   -0.5704    0.7385    0.3595
   -0.7487   -0.6475    0.1422
...    24 C-G ...
  -42.0032  -35.4897   40.4654
   -0.0084    0.2640    0.9645
   -0.6716    0.7131   -0.2010
   -0.7409   -0.6494    0.1713
...    25 A-T ...
  -44.6301  -37.4592   40.9486
   -0.3400    0.6696    0.6603
   -0.5577    0.4217   -0.7149
   -0.7572   -0.6114    0.2300
...    26 A-T ...
  -46.9527  -39.5090   41.9378
   -0.6098    0.7803    0.1388
   -0.2527   -0.0255   -0.9672
   -0.7512   -0.6249    0.2127
...    27 A-T ...
  -49.3719  -41.4560   42.8861
   -0.6464    0.6283   -0.4329
    0.1470   -0.4541   -0.8787
   -0.7487   -0.6317    0.2012
...    28 G-C ...
  -51.9914  -43.2921   43.7191
   -0.4154    0.3503   -0.8395
    0.4641   -0.7121   -0.5268
   -0.7823   -0.6084    0.1332
...    29 G-C ...
  -54.8619  -45.0160   44.1455
   -0.0207   -0.0163   -0.9997
    0.5998   -0.8001    0.0006
   -0.7999   -0.5996    0.0263
...    30 C-G ...
  -57.7400  -46.6182   43.9965
    0.3557   -0.4002   -0.8445
    0.5047   -0.6783    0.5340
   -0.7866   -0.6162   -0.0393
...    31 C-G ...
  -60.4301  -48.5701   43.4117
    0.6486   -0.6313   -0.4252
    0.2106   -0.3880    0.8973
   -0.7314   -0.6715   -0.1187
...    32 G-C ...
  -62.6359  -51.0698   43.2068
    0.7424   -0.6528    0.1505
   -0.2212   -0.0268    0.9749
   -0.6323   -0.7571   -0.1643
...    33 G-C ...
  -64.4271  -53.8146   42.3979
    0.5542   -0.5027    0.6635
   -0.6143    0.2908    0.7335
   -0.5616   -0.8141   -0.1477
...    34 C-G ...
  -65.8848  -56.7312   41.7862
    0.1457   -0.2366    0.9606
   -0.8325    0.4954    0.2482
   -0.5346   -0.8358   -0.1248
...    35 C-G ...
  -67.4345  -59.7202   41.5708
   -0.3051    0.1206    0.9447
   -0.7931    0.5170   -0.3221
   -0.5272   -0.8475   -0.0621
...    36 C-G ...
  -69.0807  -62.6659   41.6464
   -0.6608    0.4311    0.6145
   -0.5054    0.3498   -0.7888
   -0.5550   -0.8318   -0.0133
...    37 G-C ...
  -71.1105  -65.2906   41.2064
   -0.7828    0.6191    0.0620
   -0.0475    0.0399   -0.9981
   -0.6204   -0.7843   -0.0019
...    38 A-T ...
  -73.1193  -67.8813   41.3030
   -0.6436    0.5462   -0.5361
    0.4292   -0.3223   -0.8437
   -0.6336   -0.7732   -0.0270
...    39 C-G ...
  -75.5641  -70.0895   41.5986
   -0.3040    0.3268   -0.8949
    0.7034   -0.5565   -0.4422
   -0.6425   -0.7638   -0.0607
...    40 A-T ...
  -77.6639  -72.6671   41.3011
    0.2193    0.0603   -0.9738
    0.7407   -0.6599    0.1260
   -0.6350   -0.7489   -0.1894
...    41 C-G ...
  -80.1079  -74.6635   40.3899
    0.6018   -0.2450   -0.7601
    0.5163   -0.6068    0.6044
   -0.6093   -0.7562   -0.2387
...    42 G-C ...
  -81.8616  -77.3985   39.6201
    0.8689   -0.4137   -0.2716
    0.0833   -0.4188    0.9043
   -0.4879   -0.8084   -0.3294
...    43 A-T ...
  -83.3156  -80.0570   38.4079
    0.7827   -0.5354    0.3173
   -0.4475   -0.1298    0.8848
   -0.4325   -0.8346   -0.3412
...    44 C-G ...
  -84.2331  -82.8063   36.8241
    0.4517   -0.4981    0.7402
   -0.8007    0.1397    0.5825
   -0.3935   -0.8558   -0.3357
...    45 T-A ...
  -85.1461  -85.7857   35.7107
   -0.0207   -0.3107    0.9503
   -0.9360    0.3401    0.0908
   -0.3514   -0.8876   -0.2979
...    46 T-A ...
  -85.9768  -88.7862   34.7569
   -0.5683   -0.0910    0.8178
   -0.7542    0.4549   -0.4735
   -0.3289   -0.8859   -0.3272
...    47 A-T ...
  -87.2870  -91.5235   33.2630
   -0.9344    0.1754    0.3101
   -0.2133    0.4217   -0.8813
   -0.2854   -0.8896   -0.3566
...    48 C-G ...
  -88.2801  -94.6544   32.6764
   -0.9049    0.3770   -0.1978
    0.3119    0.2707   -0.9107
   -0.2898   -0.8858   -0.3626
...    49 T-A ...
  -89.4940  -97.5836   31.6892
   -0.5900    0.5058   -0.6293
    0.7439    0.0374   -0.6673
   -0.3140   -0.8618   -0.3983
...    50 G-C ...
  -90.4933 -100.3800   30.1861
   -0.0405    0.5366   -0.8429
    0.9464   -0.2500   -0.2046
   -0.3205   -0.8060   -0.4977
...    51 T-A ...
  -92.0955 -102.7208   28.5126
    0.4659    0.3770   -0.8005
    0.8362   -0.4835    0.2590
   -0.2894   -0.7900   -0.5405
...    52 A-T ...
  -93.1374 -105.0690   26.3841
    0.8747    0.1965   -0.4431
    0.4574   -0.6370    0.6205
   -0.1603   -0.7454   -0.6470
...    53 G-C ...
  -93.6082 -107.2596   23.9736
    0.9970   -0.0770    0.0009
   -0.0522   -0.6673    0.7429
   -0.0566   -0.7408   -0.6694
...    54 G-C ...
  -93.3617 -109.5180   21.4865
    0.8208   -0.3337    0.4635
   -0.5673   -0.5702    0.5941
    0.0660   -0.7507   -0.6574
...    55 T-A ...
  -92.5852 -111.6753   19.1307
    0.4093   -0.5513    0.7269
   -0.9060   -0.3398    0.2524
    0.1079   -0.7619   -0.6386
...    56 A-T ...
  -92.3835 -114.3104   17.0917
   -0.2179   -0.6332    0.7427
   -0.9658    0.0303   -0.2575
    0.1405   -0.7734   -0.6181
...    57 T-A ...
  -91.2938 -116.9354   15.3954
   -0.6758   -0.5484    0.4926
   -0.7194    0.3450   -0.6029
    0.1607   -0.7617   -0.6276
...    58 C-G ...
  -90.7542 -119.5344   13.4526
   -0.9694   -0.2431    0.0338
   -0.1773    0.5988   -0.7810
    0.1696   -0.7631   -0.6236
...    59 T-A ...
  -90.3141 -122.2715   11.6203
   -0.9201    0.1298   -0.3694
    0.3627    0.6382   -0.6791
    0.1476   -0.7588   -0.6343
...    60 C-G ...
  -89.8544 -124.8382    9.6181
   -0.5338    0.4958   -0.6850
    0.8315    0.4553   -0.3184
    0.1541   -0.7395   -0.6553
...    61 G-C ...
  -88.9580 -127.1906    7.4295
   -0.0155    0.7559   -0.6545
    0.9843    0.1267    0.1230
    0.1760   -0.6424   -0.7459
...    62 T-A ...
  -88.9684 -129.1726    4.8095
    0.4741    0.7530   -0.4562
    0.8543   -0.2680    0.4454
    0.2131   -0.6009   -0.7704
...    63 C-G ...
  -88.2955 -131.0085    2.2177
    0.8529    0.5184   -0.0613
    0.4411   -0.6529    0.6158
    0.2792   -0.5523   -0.7855
...    64 A-T ...
  -87.1882 -132.6939   -0.4507
    0.8991    0.1781    0.4000
   -0.0568   -0.8584    0.5098
    0.4341   -0.4811   -0.7617
...    65 T-A ...
  -85.5584 -133.6200   -3.1218
    0.7409   -0.2495    0.6235
   -0.4804   -0.8457    0.2325
    0.4693   -0.4718   -0.7464
...    66 G-C ...
  -83.8156 -135.3941   -5.3312
    0.2955   -0.6233    0.7240
   -0.7738   -0.6006   -0.2012
    0.5602   -0.5008   -0.6598
...    67 T-A ...
  -81.4481 -136.7988   -7.1672
   -0.1570   -0.8375    0.5233
   -0.7983   -0.2043   -0.5665
    0.5814   -0.5067   -0.6366
...    68 T-A ...
  -79.2779 -138.3953   -9.0016
   -0.5560   -0.8283    0.0690
   -0.5609    0.3127   -0.7666
    0.6134   -0.4650   -0.6384
...    69 A-T ...
  -77.3343 -139.5219  -11.5434
   -0.7332   -0.4664   -0.4948
   -0.0869    0.7860   -0.6121
    0.6744   -0.4058   -0.6169
...    70 T-A ...
  -75.1841 -141.4321  -13.1967
   -0.6556   -0.0109   -0.7551
    0.2868    0.9214   -0.2623
    0.6985   -0.3885   -0.6009
...    71 A-T ...
  -72.6764 -142.4784  -15.1410
   -0.3575    0.5555   -0.7507
    0.6027    0.7513    0.2689
    0.7134   -0.3564   -0.6034
...    72 A-T ...
  -70.5381 -143.7572  -17.2088
    0.0238    0.8880   -0.4593
    0.6840    0.3206    0.6552
    0.7291   -0.3298   -0.5998
...    73 C-G ...
  -68.5883 -144.8109  -19.6088
    0.3186    0.9476   -0.0230
    0.5767   -0.1746    0.7981
    0.7522   -0.2676   -0.6021
...    74 G-C ...
  -65.8882 -145.5727  -21.4031
    0.4235    0.7499    0.5082
    0.3513   -0.6531    0.6709
    0.8350   -0.1056   -0.5400
...    75 G-C ...
  -63.0595 -145.3427  -23.2116
    0.4305    0.3108    0.8474
    0.1297   -0.9504    0.2827
    0.8932   -0.0118   -0.4495
...    76 A-T ...
  -60.0591 -145.1965  -24.4736
    0.3735   -0.2878    0.8819
   -0.0936   -0.9575   -0.2728
    0.9229    0.0193   -0.3846
...    77 A-T ...
  -56.9934 -144.8972  -25.4819
    0.2571   -0.7752    0.5770
   -0.2587   -0.6305   -0.7318
    0.9311    0.0389   -0.3626
...    78 G-C ...
  -53.7924 -144.6634  -26.3194
    0.0566   -0.9916    0.1161
   -0.3165   -0.1281   -0.9399
    0.9469    0.0165   -0.3211
...    79 C-G ...
  -50.5346 -144.7810  -27.0034
   -0.1329   -0.8982   -0.4189
   -0.2739    0.4395   -0.8555
    0.9525    0.0010   -0.3045
...    80 T-A ...
  -47.3204 -145.0505  -27.8130
   -0.2672   -0.5247   -0.8083
   -0.1554    0.8513   -0.5012
    0.9510   -0.0084   -0.3090
...    81 C-G ...
  -44.1605 -145.1554  -28.7412
   -0.3087    0.0847   -0.9474
    0.0120    0.9963    0.0851
    0.9511    0.0149   -0.3086
...    82 G-C ...
  -40.9388 -144.6908  -29.4912
   -0.3532    0.6163   -0.7039
    0.1474    0.7796    0.6087
    0.9239    0.1112   -0.3662
...    83 G-C ...
  -37.8908 -144.5251  -30.9140
   -0.3232    0.9171   -0.2335
    0.2968    0.3325    0.8952
    0.8986    0.2200   -0.3797
...    84 G-C ...
  -35.0431 -143.7381  -32.5167
   -0.2384    0.9194    0.3129
    0.4264   -0.1904    0.8843
    0.8726    0.3442   -0.3466
...    85 A-T ...
  -32.2940 -142.4821  -33.6708
   -0.0365    0.6227    0.7816
    0.5039   -0.6639    0.5525
    0.8630    0.4141   -0.2896
...    86 T-A ...
  -29.8842 -140.5784  -34.7526
    0.1748    0.2038    0.9633
    0.4746   -0.8746    0.0989
    0.8627    0.4399   -0.2496
...    87 C-G ...
  -27.0939 -139.0074  -35.2754
    0.3626   -0.3508    0.8634
    0.3371   -0.8144   -0.4724
    0.8689    0.4623   -0.1770
...    88 C-G ...
  -24.1385 -137.3832  -35.2926
    0.4200   -0.7636    0.4905
    0.1548   -0.4722   -0.8678
    0.8942    0.4404   -0.0801
...    89 G-C ...
  -21.0189 -136.3062  -35.7710
    0.3780   -0.9229   -0.0729
   -0.0340    0.0648   -0.9973
    0.9252    0.3795   -0.0069
...    90 C-G ...
  -17.8747 -135.2675  -35.4325
    0.2891   -0.7387   -0.6089
   -0.2173    0.5688   -0.7932
    0.9323    0.3616    0.0039
...    91 T-A ...
  -14.6832 -134.3574  -35.2679
    0.1169   -0.3276   -0.9376
   -0.3328    0.8765   -0.3478
    0.9357    0.3527   -0.0065
...    92 T-A ...
  -11.5426 -133.4899  -35.1435
   -0.0574    0.2529   -0.9658
   -0.3672    0.8942    0.2560
    0.9284    0.3693    0.0415
...    93 T-A ...
   -8.4369 -132.5368  -35.0741
   -0.2495    0.7198   -0.6478
   -0.2963    0.5802    0.7587
    0.9219    0.3812    0.0685
...    94 A-T ...
   -5.4035 -131.1924  -34.9041
   -0.4723    0.8740   -0.1144
   -0.1063    0.0723    0.9917
    0.8750    0.4805    0.0588
...    95 A-T ...
   -2.6391 -129.5310  -34.9221
   -0.4996    0.7431    0.4452
    0.1712   -0.4191    0.8917
    0.8492    0.5217    0.0822
...    96 C-G ...
   -0.1681 -127.4094  -35.0691
   -0.4035    0.3911    0.8272
    0.4165   -0.7264    0.5466
    0.8147    0.5651    0.1302
...    97 A-T ...
    2.4161 -125.3833  -34.4231
   -0.2386   -0.1486    0.9597
    0.6199   -0.7840    0.0327
    0.7475    0.6027    0.2792
...    98 C-G ...
    4.3445 -122.9881  -33.2581
    0.0777   -0.5565    0.8272
    0.6840   -0.5738   -0.4504
    0.7253    0.6008    0.3361
...    99 T-A ...
    6.4838 -120.9673  -31.7536
    0.3835   -0.8059    0.4511
    0.5875   -0.1639   -0.7924
    0.7125    0.5690    0.4106
...   100 T-A ...
    8.6041 -119.1152  -30.1203
    0.6760   -0.7337   -0.0688
    0.2703    0.3337   -0.9031
    0.6856    0.5919    0.4239
...   101 T-A ...
   10.7298 -117.3227  -28.4140
    0.7438   -0.3736   -0.5543
   -0.1734    0.6930   -0.6998
    0.6455    0.6166    0.4507
...   102 A-T ...
   12.5505 -114.8075  -27.0586
    0.4978    0.1986   -0.8442
   -0.6301    0.7517   -0.1947
    0.5959    0.6289    0.4993
...   103 T-A ...
   14.9654 -113.2418  -25.4263
    0.1170    0.5644   -0.8172
   -0.8060    0.5347    0.2539
    0.5803    0.6289    0.5174
...   104 G-C ...
   16.6969 -111.0025  -23.6893
   -0.4128    0.6995   -0.5833
   -0.7361    0.1209    0.6659
    0.5364    0.7043    0.4651
...   105 C-G ...
   18.7059 -108.6732  -22.5057
   -0.7769    0.6068   -0.1680
   -0.4062   -0.2791    0.8701
    0.4811    0.7442    0.4633
...   106 T-A ...
   20.1801 -105.9964  -21.2778
   -0.9184    0.3051    0.2519
    0.0522   -0.5378    0.8415
    0.3922    0.7859    0.4780
...   107 T-A ...
   21.2965 -103.3070  -19.8897
   -0.7599   -0.0802    0.6451
    0.5504   -0.6073    0.5729
    0.3458    0.7904    0.5056
...   108 C-G ...
   22.1791 -100.7095  -18.1479
   -0.3339   -0.4612    0.8221
    0.8960   -0.4262    0.1248
    0.2928    0.7782    0.5555
...   109 C-G ...
   22.7010  -98.1747  -15.9816
    0.1653   -0.6876    0.7070
    0.9529   -0.0734   -0.2942
    0.2542    0.7224    0.6431
...   110 G-C ...
   23.9082  -96.0061  -13.7473
    0.6383   -0.6789    0.3628
    0.7247    0.3710   -0.5807
    0.2596    0.6336    0.7288
...   111 G-C ...
   24.7446  -94.2101  -11.0066
    0.9138   -0.4027   -0.0529
    0.2740    0.7073   -0.6517
    0.2999    0.5810    0.7567
...   112 C-G ...
   25.7916  -92.6361   -8.2671
    0.9081    0.0431   -0.4166
   -0.2698    0.8210   -0.5032
    0.3203    0.5693    0.7571
...   113 T-A ...
   27.0746  -90.9904   -5.6818
    0.6155    0.4591   -0.6406
   -0.7097    0.6763   -0.1971
    0.3428    0.5760    0.7421
...   114 C-G ...
   28.2704  -89.1601   -3.2241
    0.0697    0.7623   -0.6435
   -0.9406    0.2650    0.2121
    0.3322    0.5905    0.7355
...   115 G-C ...
   28.9508  -87.1829   -0.6135
   -0.4990    0.7105   -0.4962
   -0.8237   -0.2109    0.5264
    0.2694    0.6713    0.6905
...   116 T-A ...
   30.1856  -84.7276    1.2141
   -0.8636    0.4693   -0.1844
   -0.4504   -0.5535    0.7005
    0.2267    0.6880    0.6894
...   117 A-T ...
   30.7705  -82.2662    3.3731
   -0.9903   -0.0043    0.1389
    0.1017   -0.7036    0.7033
    0.0947    0.7106    0.6972
...   118 T-A ...
   30.7791  -79.5431    5.1851
   -0.8134   -0.3732    0.4462
    0.5780   -0.6054    0.5472
    0.0659    0.7030    0.7081
...   119 A-T ...
   30.5743  -77.2129    7.5591
   -0.3759   -0.7353    0.5640
    0.9260   -0.2757    0.2578
   -0.0341    0.6192    0.7845
...   120 A-T ...
   30.1580  -75.2643   10.1104
    0.2040   -0.7774    0.5951
    0.9777    0.1928   -0.0832
   -0.0501    0.5988    0.7994
...   121 T-A ...
   29.3702  -73.6228   12.8497
    0.6663   -0.5795    0.4692
    0.7436    0.5636   -0.3598
   -0.0559    0.5886    0.8065
...   122 G-C ...
   29.4752  -71.6723   15.5355
    0.9725   -0.2016    0.1166
    0.2327    0.8186   -0.5250
    0.0104    0.5377    0.8430
...   123 T-A ...
   29.5410  -70.4577   18.6313
    0.9504    0.2508   -0.1842
   -0.3103    0.8082   -0.5006
    0.0233    0.5329    0.8459
...   124 G-C ...
   29.5912  -68.4379   21.2612
    0.5946    0.6371   -0.4905
   -0.8004    0.5274   -0.2851
    0.0771    0.5621    0.8235
...   125 T-A ...
   30.4175  -66.8052   24.0427
    0.0862    0.8115   -0.5780
   -0.9937    0.1120    0.0090
    0.0721    0.5735    0.8160
...   126 C-G ...
   30.7479  -64.9047   26.6976
   -0.5157    0.7078   -0.4827
   -0.8551   -0.3906    0.3409
    0.0528    0.5886    0.8067
...   127 G-C ...
   30.6021  -63.1403   29.5281
   -0.9012    0.3023   -0.3107
   -0.4299   -0.7151    0.5512
   -0.0556    0.6303    0.7743
...   128 A-T ...
   30.4303  -61.0067   31.9893
   -0.9799   -0.1984    0.0213
    0.1674   -0.7592    0.6290
   -0.1086    0.6199    0.7772
...   129 C-G ...
   29.7365  -58.6022   34.1206
   -0.7501   -0.5893    0.3002
    0.6433   -0.5445    0.5382
   -0.1537    0.5968    0.7875
...   130 C-G ...
   28.7703  -56.5895   36.6514
   -0.2783   -0.8492    0.4488
    0.9361   -0.1351    0.3247
   -0.2151    0.5105    0.8325
...   131 A-T ...
   28.0216  -55.0461   39.5135
    0.3066   -0.8417    0.4444
    0.9242    0.3750    0.0727
   -0.2278    0.3884    0.8929
...   132 A-T ...
   27.0755  -54.0152   42.4360
    0.7737   -0.4923    0.3987
    0.5906    0.7883   -0.1727
   -0.2293    0.3691    0.9007
...   133 A-T ...
   26.2529  -53.1123   45.4432
    0.9706    0.0404    0.2373
    0.0483    0.9330   -0.3565
   -0.2358    0.3575    0.9037
...   134 T-A ...
   25.6208  -52.5913   48.6400
    0.8597    0.5097    0.0340
   -0.4497    0.7866   -0.4231
   -0.2424    0.3485    0.9054
...   135 G-C ...
   25.2757  -52.5095   52.0791
    0.3204    0.9427   -0.0928
   -0.8825    0.2614   -0.3910
   -0.3443    0.2071    0.9157
...   136 T-A ...
   25.5257  -52.9786   55.8049
   -0.2439    0.9563   -0.1610
   -0.8908   -0.2866   -0.3525
   -0.3833    0.0575    0.9218
...   137 G-C ...
   24.8933  -52.7377   58.9865
   -0.7529    0.5562   -0.3519
   -0.5215   -0.8303   -0.1966
   -0.4015    0.0355    0.9152
...   138 A-T ...
   24.0143  -51.6373   61.9242
   -0.9563    0.0401   -0.2896
   -0.0524   -0.9980    0.0347
   -0.2876    0.0484    0.9565
...   139 G-C ...
   22.3466  -51.2411   64.4940
   -0.8529   -0.5118   -0.1033
    0.4974   -0.8566    0.1373
   -0.1587    0.0657    0.9851
...   140 C-G ...
   22.1503  -50.1498   67.4638
   -0.4681   -0.8748    0.1248
    0.8495   -0.4066    0.3362
   -0.2434    0.2634    0.9335
...   141 G-C ...
   21.4256  -51.8266   72.7876
    0.1303   -0.7143   -0.6876
    0.8897   -0.2218    0.3990
   -0.4375   -0.6638    0.6066
...   142 C-G ...
   20.4245  -54.3094   74.5418
    0.5846   -0.7390   -0.3348
    0.7594    0.3532    0.5465
   -0.2856   -0.5737    0.7676
...   143 T-A ...
   18.4271  -55.5290   76.5299
    0.8548   -0.5005    0.1370
    0.3188    0.7148    0.6224
   -0.4095   -0.4884    0.7706
...   144 C-G ...
   16.8371  -57.7222   78.2674
    0.8529   -0.0846    0.5151
   -0.1508    0.9048    0.3983
   -0.4998   -0.4174    0.7589
...   145 A-T ...
   15.7829  -59.5615   80.7981
    0.5516    0.4995    0.6680
   -0.6739    0.7388    0.0039
   -0.4916   -0.4523    0.7441
...   146 C-G ...
   15.7314  -61.4940   83.9316
    0.0344    0.7399    0.6718
   -0.8637    0.3602   -0.3526
   -0.5029   -0.5681    0.6514
...   147 A-T ...
   14.7383  -63.4279   86.8192
   -0.5924    0.6746    0.4405
   -0.6886   -0.1401   -0.7114
   -0.4182   -0.7248    0.5475
