  147 base-pairs
...     1 T-A ...
    0.0000    0.0000    0.0000
    1.0000    0.0000    0.0000
    0.0000    1.0000    0.0000
    0.0000    0.0000    1.0000
...     2 G-C ...
   -0.5555   -1.1003    3.3981
    0.7749    0.6051    0.1828
   -0.5991    0.7953   -0.0929
   -0.2016   -0.0375    0.9787
...     3 T-A ...
   -0.6619   -3.0237    6.5348
    0.3046    0.9250    0.2271
   -0.8994    0.3578   -0.2510
   -0.3134   -0.1278    0.9410
...     4 G-C ...
   -1.1607   -3.8418    9.6940
   -0.3351    0.9421    0.0133
   -0.8752   -0.3061   -0.3746
   -0.3489   -0.1372    0.9271
...     5 A-T ...
   -1.3881   -3.6770   12.8999
   -0.7835    0.6162   -0.0801
   -0.5677   -0.7622   -0.3109
   -0.2527   -0.1981    0.9470
...     6 G-C ...
   -2.6236   -3.5448   15.7072
   -0.9923    0.0611   -0.1075
   -0.0294   -0.9610   -0.2748
   -0.1201   -0.2695    0.9555
...     7 C-G ...
   -2.3138   -3.7570   18.8866
   -0.8620   -0.4995   -0.0864
    0.5008   -0.8655    0.0073
   -0.0785   -0.0370    0.9962
...     8 G-C ...
   -3.9561   -6.8109   23.3205
   -0.2581   -0.3560   -0.8981
    0.6294   -0.7673    0.1233
   -0.7330   -0.5335    0.4221
...     9 C-G ...
   -6.1177   -8.9414   24.2385
    0.1143   -0.7320   -0.6716
    0.8123   -0.3203    0.4874
   -0.5720   -0.6013    0.5580
...    10 T-A ...
   -8.5041   -9.6771   26.0540
    0.4660   -0.8587   -0.2131
    0.6274    0.1508    0.7640
   -0.6239   -0.4897    0.6090
...    11 C-G ...
  -11.0625  -11.3174   27.2336
    0.6660   -0.6911    0.2808
    0.3382    0.6152    0.7121
   -0.6649   -0.3794    0.6435
...    12 A-T ...
  -13.0013  -13.1789   29.0658
    0.7188   -0.1490    0.6790
   -0.1787    0.9043    0.3876
   -0.6718   -0.4000    0.6235
...    13 C-G ...
  -14.1788  -15.9359   31.3399
    0.4052    0.2865    0.8682
   -0.5270    0.8492   -0.0343
   -0.7470   -0.4437    0.4951
...    14 A-T ...
  -15.9532  -18.1566   33.3080
   -0.1503    0.6873    0.7107
   -0.6106    0.5008   -0.6135
   -0.7776   -0.5261    0.3444
...    15 A-T ...
  -18.3927  -19.9497   34.4572
   -0.4565    0.8607    0.2255
   -0.4001    0.0278   -0.9161
   -0.7947   -0.5084    0.3316
...    16 T-A ...
  -20.7884  -21.5298   36.2600
   -0.6275    0.7229   -0.2893
   -0.0783   -0.4282   -0.9003
   -0.7747   -0.5423    0.3252
...    17 T-A ...
  -23.3333  -23.0871   37.6527
   -0.5759    0.3194   -0.7525
    0.3153   -0.7625   -0.5650
   -0.7543   -0.5626    0.3385
...    18 T-A ...
  -25.8839  -24.7294   38.7614
   -0.2715   -0.1287   -0.9538
    0.5745   -0.8168   -0.0533
   -0.7722   -0.5624    0.2956
...    19 A-T ...
  -28.4223  -26.6951   39.5369
    0.1653   -0.4851   -0.8587
    0.6084   -0.6351    0.4759
   -0.7762   -0.6011    0.1901
...    20 T-A ...
  -31.3382  -28.2632   39.6810
    0.4530   -0.7396   -0.4977
    0.4383   -0.3014    0.8468
   -0.7764   -0.6017    0.1876
...    21 T-A ...
  -33.9633  -30.1958   39.9800
    0.6224   -0.7800    0.0653
    0.0934    0.1568    0.9832
   -0.7771   -0.6058    0.1705
...    22 C-G ...
  -36.4567  -32.2635   40.4951
    0.5849   -0.5271    0.6165
   -0.2996    0.5659    0.7681
   -0.7537   -0.6340    0.1731
...    23 G-C ...
  -39.0213  -34.0985   41.6785
    0.4165   -0.0405    0.9082
   -0.6128    0.7254    0.3133
   -0.6716   -0.6871    0.2773
...    24 C-G ...
  -40.9348  -36.6086   42.5444
    0.0715    0.3816    0.9215
   -0.7401    0.6397   -0.2075
   -0.6687   -0.6672    0.3282
...    25 A-T ...
  -43.4917  -38.5532   43.3628
   -0.3334    0.7132    0.6165
   -0.6475    0.3021   -0.6996
   -0.6853   -0.6325    0.3611
...    26 A-T ...
  -45.6523  -40.6026   44.7511
   -0.6470    0.7538    0.1144
   -0.3423   -0.1531   -0.9270
   -0.6813   -0.6390    0.3571
...    27 A-T ...
  -47.7510  -42.5949   46.2544
   -0.7397    0.5143   -0.4339
    0.1086   -0.5452   -0.8313
   -0.6641   -0.6620    0.3474
...    28 G-C ...
  -50.2038  -44.4256   47.6765
   -0.5288    0.1879   -0.8277
    0.4712   -0.7461   -0.4704
   -0.7060   -0.6387    0.3060
...    29 G-C ...
  -52.9315  -46.3064   48.6540
   -0.1103   -0.1971   -0.9742
    0.6781   -0.7315    0.0712
   -0.7266   -0.6528    0.2144
...    30 C-G ...
  -55.6126  -48.1435   49.0797
    0.3235   -0.5134   -0.7948
    0.6170   -0.5225    0.5885
   -0.7175   -0.6808    0.1477
...    31 C-G ...
  -58.2069  -50.2383   49.3605
    0.6696   -0.6499   -0.3596
    0.3263   -0.1776    0.9284
   -0.6673   -0.7390    0.0931
...    32 G-C ...
  -60.0168  -52.6644   49.8160
    0.8158   -0.5607    0.1419
   -0.0830    0.1293    0.9881
   -0.5724   -0.8179    0.0589
...    33 G-C ...
  -61.4195  -55.7197   49.8962
    0.6728   -0.3484    0.6527
   -0.5429    0.3668    0.7555
   -0.5026   -0.8626    0.0576
...    34 C-G ...
  -62.6565  -58.7477   50.0126
    0.2829   -0.0570    0.9575
   -0.8383    0.4705    0.2756
   -0.4662   -0.8806    0.0853
...    35 C-G ...
  -63.8919  -61.8563   50.6531
   -0.2217    0.2402    0.9451
   -0.8709    0.3873   -0.3027
   -0.4387   -0.8901    0.1234
...    36 C-G ...
  -65.2234  -64.8569   51.3582
   -0.6519    0.4425    0.6158
   -0.6207    0.1551   -0.7686
   -0.4356   -0.8833    0.1736
...    37 G-C ...
  -66.9719  -67.8163   50.9515
   -0.8620    0.5025    0.0664
   -0.1398   -0.1098   -0.9841
   -0.4872   -0.8576    0.1649
...    38 A-T ...
  -68.3662  -70.5872   51.5173
   -0.7794    0.3512   -0.5188
    0.4023   -0.3544   -0.8442
   -0.4803   -0.8667    0.1350
...    39 C-G ...
  -70.3226  -73.0649   52.1215
   -0.4378    0.1636   -0.8840
    0.7449   -0.4846   -0.4586
   -0.5035   -0.8593    0.0904
...    40 A-T ...
  -72.1289  -75.8566   52.3198
    0.1051   -0.0440   -0.9935
    0.8579   -0.5013    0.1129
   -0.5030   -0.8642   -0.0150
...    41 C-G ...
  -74.0623  -78.4433   51.8076
    0.5567   -0.2259   -0.7994
    0.6839   -0.4215    0.5955
   -0.4715   -0.8782   -0.0802
...    42 G-C ...
  -75.2645  -81.5510   51.8043
    0.8906   -0.3330   -0.3097
    0.2298   -0.2581    0.9384
   -0.3924   -0.9069   -0.1534
...    43 A-T ...
  -76.5418  -84.3955   51.2595
    0.8637   -0.4093    0.2942
   -0.3291   -0.0158    0.9442
   -0.3818   -0.9123   -0.1484
...    44 C-G ...
  -77.4222  -87.3785   50.1542
    0.5845   -0.3054    0.7517
   -0.7438    0.1684    0.6468
   -0.3241   -0.9372   -0.1287
...    45 T-A ...
  -77.8448  -90.9217   49.5318
    0.0759   -0.1367    0.9877
   -0.9511    0.2876    0.1129
   -0.2995   -0.9479   -0.1082
...    46 T-A ...
  -78.3904  -94.1006   49.0943
   -0.4215    0.0044    0.9068
   -0.8595    0.3169   -0.4011
   -0.2891   -0.9484   -0.1298
...    47 A-T ...
  -79.5824  -97.1793   48.4474
   -0.8710    0.1907    0.4528
   -0.4048    0.2435   -0.8814
   -0.2784   -0.9510   -0.1349
...    48 C-G ...
  -80.4381 -100.4172   48.6798
   -0.9525    0.2929   -0.0836
    0.1190    0.1051   -0.9873
   -0.2804   -0.9503   -0.1350
...    49 T-A ...
  -81.6613 -103.5632   48.6018
   -0.7217    0.3714   -0.5841
    0.6030   -0.0771   -0.7940
   -0.3399   -0.9253   -0.1684
...    50 G-C ...
  -82.9132 -106.5798   47.8063
   -0.2211    0.3769   -0.8995
    0.9058   -0.2626   -0.3326
   -0.3616   -0.8883   -0.2833
...    51 T-A ...
  -84.5792 -109.1710   46.9145
    0.2649    0.2656   -0.9270
    0.9014   -0.4096    0.1402
   -0.3425   -0.8727   -0.3480
...    52 A-T ...
  -86.0330 -111.6173   45.1133
    0.7396    0.2139   -0.6382
    0.6387   -0.5222    0.5651
   -0.2124   -0.8256   -0.5228
...    53 G-C ...
  -86.9974 -114.0787   43.2525
    0.9742    0.0438   -0.2215
    0.2052   -0.5808    0.7878
   -0.0941   -0.8129   -0.5748
...    54 G-C ...
  -87.1119 -116.4412   40.4823
    0.9415   -0.1833    0.2828
   -0.3366   -0.5517    0.7631
    0.0162   -0.8137   -0.5811
...    55 T-A ...
  -86.5796 -118.8406   38.3505
    0.6431   -0.4131    0.6449
   -0.7635   -0.4116    0.4977
    0.0598   -0.8124   -0.5800
...    56 A-T ...
  -85.7142 -121.4818   36.3665
    0.0995   -0.5220    0.8471
   -0.9875   -0.1567    0.0195
    0.1225   -0.8385   -0.5310
...    57 T-A ...
  -84.5500 -124.1038   34.7216
   -0.4077   -0.5489    0.7297
   -0.9027    0.1219   -0.4127
    0.1375   -0.8270   -0.5452
...    58 C-G ...
  -83.9049 -127.0062   33.1257
   -0.8722   -0.3712    0.3185
   -0.4675    0.4409   -0.7662
    0.1440   -0.8172   -0.5581
...    59 T-A ...
  -83.5004 -129.9387   31.5654
   -0.9924   -0.0550   -0.1103
    0.0599    0.5672   -0.8214
    0.1077   -0.8217   -0.5596
...    60 C-G ...
  -83.1328 -132.6715   29.6768
   -0.7745    0.3008   -0.5565
    0.6241    0.5070   -0.5945
    0.1033   -0.8078   -0.5804
...    61 G-C ...
  -82.4513 -134.9815   27.4774
   -0.3771    0.6301   -0.6788
    0.9240    0.3064   -0.2289
    0.0637   -0.7135   -0.6977
...    62 A-T ...
  -82.1703 -137.4397   25.2846
    0.2195    0.7414   -0.6342
    0.9703   -0.0979    0.2214
    0.1020   -0.6639   -0.7408
...    63 T-A ...
  -82.3762 -139.3579   22.6183
    0.6742    0.6200   -0.4014
    0.7272   -0.4619    0.5078
    0.1294   -0.6342   -0.7623
...    64 C-G ...
  -82.0277 -141.3390   20.0857
    0.9587    0.2816    0.0409
    0.1911   -0.7437    0.6406
    0.2108   -0.6063   -0.7668
...    65 A-T ...
  -81.2803 -142.7521   17.0135
    0.8877   -0.0420    0.4585
   -0.2706   -0.8532    0.4459
    0.3725   -0.5199   -0.7687
...    66 T-A ...
  -79.7667 -144.0150   14.4535
    0.6239   -0.4179    0.6604
   -0.6544   -0.7412    0.1493
    0.4271   -0.5253   -0.7359
...    67 G-C ...
  -77.9962 -145.7289   12.1122
    0.1019   -0.7283    0.6776
   -0.8706   -0.3949   -0.2935
    0.4814   -0.5600   -0.6743
...    68 T-A ...
  -75.8410 -147.4538   10.1826
   -0.3726   -0.8328    0.4093
   -0.7841    0.0467   -0.6189
    0.4963   -0.5515   -0.6704
...    69 T-A ...
  -74.0630 -149.2467    8.1896
   -0.7225   -0.6898   -0.0473
   -0.4327    0.5045   -0.7472
    0.5392   -0.5193   -0.6629
...    70 A-T ...
  -72.2291 -150.7204    5.7054
   -0.8075   -0.2364   -0.5404
    0.1019    0.8465   -0.5226
    0.5810   -0.4771   -0.6594
...    71 T-A ...
  -70.5587 -152.8351    3.8875
   -0.6363    0.2008   -0.7448
    0.4708    0.8660   -0.1687
    0.6111   -0.4580   -0.6456
...    72 A-T ...
  -68.4088 -154.2227    1.7287
   -0.2799    0.6893   -0.6682
    0.7462    0.5941    0.3003
    0.6040   -0.4146   -0.6807
...    73 A-T ...
  -66.6443 -155.5486   -0.5228
    0.1122    0.9227   -0.3688
    0.7736    0.1518    0.6152
    0.6236   -0.3543   -0.6968
...    74 C-G ...
  -65.0956 -156.5506   -3.3321
    0.4572    0.8879    0.0516
    0.6008   -0.3511    0.7181
    0.6557   -0.2973   -0.6940
...    75 G-C ...
  -62.5156 -157.2569   -5.1669
    0.5176    0.6588    0.5459
    0.3499   -0.7452    0.5676
    0.7808   -0.1028   -0.6163
...    76 G-C ...
  -59.6134 -156.9736   -6.6994
    0.5093    0.2009    0.8368
    0.1259   -0.9793    0.1585
    0.8513    0.0247   -0.5241
...    77 A-T ...
  -56.6751 -156.7095   -8.0232
    0.4697   -0.3912    0.7914
   -0.1239   -0.9168   -0.3796
    0.8741    0.0802   -0.4791
...    78 G-C ...
  -53.6550 -156.2490   -9.3179
    0.3141   -0.8078    0.4988
   -0.3082   -0.5837   -0.7512
    0.8980    0.0822   -0.4323
...    79 C-G ...
  -50.3976 -155.9258  -10.3490
    0.0665   -0.9973   -0.0297
   -0.4101   -0.0002   -0.9120
    0.9096    0.0728   -0.4090
...    80 T-A ...
  -47.3386 -155.7145  -11.5351
   -0.1402   -0.8435   -0.5185
   -0.3700    0.5304   -0.7628
    0.9184    0.0849   -0.3865
...    81 C-G ...
  -44.3131 -155.3306  -12.8745
   -0.3303   -0.3618   -0.8718
   -0.2289    0.9268   -0.2979
    0.9157    0.1011   -0.3889
...    82 G-C ...
  -41.4611 -154.0866  -14.2356
   -0.4511    0.2046   -0.8687
   -0.0212    0.9706    0.2396
    0.8922    0.1265   -0.4336
...    83 G-C ...
  -38.4315 -153.7521  -15.5527
   -0.4651    0.6845   -0.5613
    0.1713    0.6917    0.7016
    0.8685    0.2302   -0.4389
...    84 G-C ...
  -35.6235 -153.0946  -17.2581
   -0.4179    0.9069   -0.0529
    0.3956    0.2341    0.8881
    0.8178    0.3502   -0.4566
...    85 A-T ...
  -33.0767 -151.8819  -18.9265
   -0.1788    0.8512    0.4934
    0.5714   -0.3184    0.7564
    0.8010    0.4172   -0.4294
...    86 T-A ...
  -30.8955 -150.1218  -20.6411
    0.0920    0.5517    0.8289
    0.5970   -0.6969    0.3975
    0.7970    0.4583   -0.3935
...    87 C-G ...
  -28.3906 -148.3337  -21.7972
    0.3717    0.0280    0.9279
    0.4671   -0.8694   -0.1609
    0.8023    0.4933   -0.3363
...    88 C-G ...
  -25.7692 -146.5153  -22.5852
    0.4748   -0.4697    0.7443
    0.2510   -0.7384   -0.6260
    0.8436    0.4840   -0.2327
...    89 G-C ...
  -22.8526 -145.3036  -23.5091
    0.4477   -0.8428    0.2986
    0.0068   -0.3307   -0.9437
    0.8941    0.4246   -0.1423
...    90 C-G ...
  -19.6515 -143.9620  -23.4539
    0.3691   -0.8799   -0.2992
   -0.2297    0.2256   -0.9468
    0.9006    0.4182   -0.1188
...    91 T-A ...
  -16.3224 -142.9995  -23.5941
    0.1875   -0.5873   -0.7874
   -0.3568    0.7061   -0.6116
    0.9152    0.3956   -0.0771
...    92 T-A ...
  -13.2061 -142.0271  -23.6422
    0.0013   -0.0363   -0.9993
   -0.4183    0.9077   -0.0335
    0.9083    0.4180   -0.0140
...    93 T-A ...
  -10.1171 -140.9464  -23.6492
   -0.2148    0.5027   -0.8374
   -0.3671    0.7529    0.5462
    0.9050    0.4247    0.0228
...    94 A-T ...
   -7.2238 -139.3463  -23.2130
   -0.4434    0.8196   -0.3630
   -0.1848    0.3127    0.9317
    0.8771    0.4802    0.0128
...    95 A-T ...
   -4.4959 -137.7709  -23.3496
   -0.5338    0.8250    0.1857
    0.0738   -0.1733    0.9821
    0.8424    0.5379    0.0316
...    96 C-G ...
   -1.9339 -135.7049  -23.8290
   -0.4683    0.5911    0.6568
    0.3354   -0.5687    0.7510
    0.8174    0.5720    0.0681
...    97 A-T ...
    0.6083 -133.5556  -23.4781
   -0.3187    0.1027    0.9423
    0.5757   -0.7688    0.2785
    0.7530    0.6312    0.1859
...    98 C-G ...
    2.5943 -131.0103  -22.6094
   -0.0091   -0.3366    0.9416
    0.6853   -0.6879   -0.2393
    0.7282    0.6431    0.2369
...    99 T-A ...
    4.7051 -128.4208  -21.2441
    0.3482   -0.6945    0.6296
    0.6007   -0.3502   -0.7186
    0.7196    0.6285    0.2953
...   100 T-A ...
    6.8341 -126.3105  -19.9339
    0.6736   -0.7318    0.1035
    0.2906    0.1334   -0.9475
    0.6795    0.6684    0.3025
...   101 T-A ...
    8.9195 -124.1824  -18.5696
    0.7590   -0.4771   -0.4432
   -0.1600    0.5231   -0.8371
    0.6312    0.7063    0.3207
...   102 A-T ...
   10.8381 -121.4714  -17.6422
    0.5069    0.0271   -0.8616
   -0.6395    0.6821   -0.3548
    0.5780    0.7308    0.3631
...   103 T-A ...
   13.2297 -119.5827  -16.4376
    0.1323    0.3357   -0.9326
   -0.8113    0.5772    0.0926
    0.5694    0.7444    0.3487
...   104 G-C ...
   15.2873 -117.1423  -15.5148
   -0.4407    0.5431   -0.7147
   -0.7090    0.2777    0.6482
    0.5505    0.7924    0.2627
...   105 C-G ...
   17.0419 -114.4445  -15.1595
   -0.7902    0.5459   -0.2787
   -0.3789   -0.0777    0.9222
    0.4817    0.8343    0.2682
...   106 T-A ...
   18.6614 -111.4547  -14.6884
   -0.8956    0.3581    0.2640
    0.1315   -0.3539    0.9260
    0.4250    0.8640    0.2698
...   107 T-A ...
   19.8423 -108.5799  -13.9726
   -0.7142    0.0349    0.6991
    0.6076   -0.4651    0.6439
    0.3476    0.8846    0.3109
...   108 C-G ...
   20.6392 -105.6004  -12.8616
   -0.2901   -0.3070    0.9064
    0.9121   -0.3755    0.1647
    0.2898    0.8745    0.3889
...   109 C-G ...
   21.3330 -102.7190  -11.4464
    0.1853   -0.5548    0.8111
    0.9419   -0.1352   -0.3076
    0.2803    0.8209    0.4975
...   110 G-C ...
   22.4938 -100.4293   -9.7719
    0.6051   -0.6264    0.4914
    0.7409    0.2170   -0.6356
    0.2915    0.7487    0.5954
...   111 G-C ...
   23.6817  -98.3703   -7.3602
    0.8996   -0.4352    0.0370
    0.3063    0.5682   -0.7637
    0.3114    0.6984    0.6445
...   112 C-G ...
   24.8804  -96.5190   -4.8231
    0.9123   -0.0656   -0.4043
   -0.2337    0.7275   -0.6451
    0.3364    0.6830    0.6483
...   113 T-A ...
   26.0509  -94.3986   -2.5819
    0.6481    0.3350   -0.6839
   -0.6808    0.6574   -0.3231
    0.3414    0.6750    0.6541
...   114 C-G ...
   27.0897  -92.0897   -0.4092
    0.1117    0.6550   -0.7474
   -0.9356    0.3228    0.1430
    0.3349    0.6833    0.6488
...   115 G-C ...
   27.6765  -89.7983    1.9206
   -0.4786    0.6697   -0.5679
   -0.8328   -0.1411    0.5353
    0.2784    0.7291    0.6252
...   116 T-A ...
   28.7904  -87.0311    3.3816
   -0.8632    0.4489   -0.2309
   -0.4518   -0.4830    0.7500
    0.2251    0.7518    0.6198
...   117 A-T ...
   29.4773  -84.0647    5.0015
   -0.9881    0.0108    0.1536
    0.1123   -0.6325    0.7664
    0.1054    0.7745    0.6237
...   118 T-A ...
   29.5105  -81.1808    6.4706
   -0.8045   -0.3162    0.5027
    0.5866   -0.5554    0.5894
    0.0929    0.7691    0.6323
...   119 A-T ...
   29.7132  -78.7439    8.6865
   -0.3664   -0.6492    0.6666
    0.9304   -0.2619    0.2563
    0.0082    0.7141    0.7000
...   120 A-T ...
   29.3883  -76.4909   10.9859
    0.2123   -0.7242    0.6561
    0.9772    0.1639   -0.1353
   -0.0095    0.6699    0.7424
...   121 T-A ...
   28.7342  -74.5673   13.6261
    0.6847   -0.5381    0.4916
    0.7285    0.5251   -0.4400
   -0.0214    0.6594    0.7515
...   122 G-C ...
   28.6306  -72.5500   16.3802
    0.9815   -0.1686    0.0910
    0.1883    0.7623   -0.6192
    0.0350    0.6249    0.7799
...   123 T-A ...
   28.8347  -70.9488   19.2424
    0.9434    0.2412   -0.2275
   -0.3298    0.7531   -0.5692
    0.0341    0.6121    0.7901
...   124 G-C ...
   29.0225  -68.9470   21.9007
    0.5694    0.6136   -0.5471
   -0.8182    0.4876   -0.3047
    0.0798    0.6211    0.7797
...   125 T-A ...
   29.7454  -67.1803   24.5125
    0.0586    0.7609   -0.6462
   -0.9949    0.0975    0.0246
    0.0817    0.6414    0.7628
...   126 C-G ...
   30.0617  -65.1188   26.9065
   -0.5370    0.6773   -0.5030
   -0.8393   -0.3687    0.3996
    0.0852    0.6367    0.7664
...   127 G-C ...
   29.8053  -63.2723   29.6231
   -0.8936    0.2930   -0.3401
   -0.4461   -0.6636    0.6005
   -0.0498    0.6883    0.7237
...   128 A-T ...
   29.8046  -61.1129   31.9164
   -0.9860   -0.1562    0.0575
    0.1545   -0.7304    0.6653
   -0.0619    0.6649    0.7443
...   129 C-G ...
   29.2728  -58.4763   33.8208
   -0.7550   -0.5506    0.3562
    0.6469   -0.5365    0.5419
   -0.1073    0.6395    0.7613
...   130 C-G ...
   28.1440  -56.3944   36.2945
   -0.3046   -0.8255    0.4752
    0.9334   -0.1593    0.3216
   -0.1898    0.5414    0.8190
...   131 A-T ...
   27.8537  -54.9985   39.3212
    0.2643   -0.8642    0.4281
    0.9449    0.3210    0.0647
   -0.1933    0.3875    0.9014
...   132 A-T ...
   27.1013  -53.9487   42.3311
    0.7536   -0.5418    0.3722
    0.6283    0.7601   -0.1656
   -0.1932    0.3587    0.9133
...   133 A-T ...
   26.2603  -53.1262   45.4024
    0.9698    0.0266    0.2423
    0.0639    0.9316   -0.3579
   -0.2353    0.3626    0.9017
...   134 T-A ...
   25.6208  -52.5913   48.6400
    0.8597    0.5097    0.0340
   -0.4497    0.7866   -0.4231
   -0.2424    0.3485    0.9054
...   135 G-C ...
   25.2757  -52.5096   52.0791
    0.3204    0.9427   -0.0928
   -0.8825    0.2614   -0.3910
   -0.3443    0.2071    0.9157
...   136 T-A ...
   25.5257  -52.9787   55.8049
   -0.2439    0.9563   -0.1610
   -0.8908   -0.2866   -0.3525
   -0.3833    0.0575    0.9218
...   137 G-C ...
   24.8933  -52.7378   58.9865
   -0.7529    0.5562   -0.3519
   -0.5215   -0.8303   -0.1966
   -0.4015    0.0355    0.9152
...   138 A-T ...
   24.0143  -51.6374   61.9242
   -0.9563    0.0401   -0.2896
   -0.0524   -0.9980    0.0347
   -0.2876    0.0484    0.9565
...   139 G-C ...
   22.3467  -51.2412   64.4940
   -0.8529   -0.5118   -0.1033
    0.4974   -0.8566    0.1373
   -0.1587    0.0657    0.9851
...   140 C-G ...
   22.1503  -50.1499   67.4639
   -0.4681   -0.8748    0.1248
    0.8495   -0.4066    0.3362
   -0.2434    0.2634    0.9335
...   141 G-C ...
   21.4256  -51.8267   72.7876
    0.1303   -0.7143   -0.6876
    0.8897   -0.2218    0.3990
   -0.4375   -0.6638    0.6066
...   142 C-G ...
   20.4245  -54.3095   74.5418
    0.5846   -0.7390   -0.3348
    0.7594    0.3532    0.5465
   -0.2856   -0.5738    0.7676
...   143 T-A ...
   18.4271  -55.5290   76.5299
    0.8548   -0.5005    0.1370
    0.3188    0.7148    0.6224
   -0.4095   -0.4884    0.7706
...   144 C-G ...
   16.8371  -57.7223   78.2674
    0.8529   -0.0846    0.5151
   -0.1508    0.9048    0.3983
   -0.4998   -0.4174    0.7589
...   145 A-T ...
   15.7829  -59.5616   80.7981
    0.5516    0.4995    0.6680
   -0.6739    0.7388    0.0039
   -0.4916   -0.4523    0.7441
...   146 C-G ...
   15.7314  -61.4941   83.9317
    0.0344    0.7399    0.6718
   -0.8637    0.3602   -0.3526
   -0.5029   -0.5681    0.6514
...   147 A-T ...
   14.7383  -63.4280   86.8192
   -0.5924    0.6746    0.4405
   -0.6886   -0.1401   -0.7114
   -0.4182   -0.7248    0.5475
