  147 base-pairs
...     1 T-A ...
    0.0000    0.0000    0.0000
    1.0000    0.0000    0.0000
    0.0000    1.0000    0.0000
    0.0000    0.0000    1.0000
...     2 G-C ...
   -0.5555   -1.1003    3.3981
    0.7749    0.6051    0.1828
   -0.5991    0.7953   -0.0929
   -0.2016   -0.0375    0.9787
...     3 T-A ...
   -0.6619   -3.0237    6.5348
    0.3046    0.9250    0.2271
   -0.8994    0.3578   -0.2510
   -0.3134   -0.1278    0.9410
...     4 G-C ...
   -1.1607   -3.8418    9.6940
   -0.3351    0.9421    0.0133
   -0.8752   -0.3061   -0.3746
   -0.3489   -0.1372    0.9271
...     5 A-T ...
   -1.3881   -3.6770   12.8999
   -0.7835    0.6162   -0.0801
   -0.5677   -0.7622   -0.3109
   -0.2527   -0.1981    0.9470
...     6 G-C ...
   -2.6236   -3.5448   15.7072
   -0.9923    0.0611   -0.1075
   -0.0294   -0.9610   -0.2748
   -0.1201   -0.2695    0.9555
...     7 C-G ...
   -2.3138   -3.7570   18.8866
   -0.8620   -0.4995   -0.0864
    0.5008   -0.8655    0.0073
   -0.0785   -0.0370    0.9962
...     8 G-C ...
   -3.9561   -6.8109   23.3205
   -0.2581   -0.3560   -0.8981
    0.6294   -0.7673    0.1233
   -0.7330   -0.5335    0.4221
...     9 C-G ...
   -6.1177   -8.9414   24.2385
    0.1143   -0.7320   -0.6716
    0.8123   -0.3203    0.4874
   -0.5720   -0.6013    0.5580
...    10 T-A ...
   -8.5041   -9.6771   26.0540
    0.4660   -0.8587   -0.2131
    0.6274    0.1508    0.7640
   -0.6239   -0.4897    0.6090
...    11 C-G ...
  -11.0625  -11.3174   27.2336
    0.6660   -0.6911    0.2808
    0.3382    0.6152    0.7121
   -0.6649   -0.3794    0.6435
...    12 A-T ...
  -13.0013  -13.1789   29.0658
    0.7188   -0.1490    0.6790
   -0.1787    0.9043    0.3876
   -0.6718   -0.4000    0.6235
...    13 C-G ...
  -14.1788  -15.9359   31.3399
    0.4052    0.2865    0.8682
   -0.5270    0.8492   -0.0343
   -0.7470   -0.4437    0.4951
...    14 A-T ...
  -15.9532  -18.1566   33.3080
   -0.1503    0.6873    0.7107
   -0.6106    0.5008   -0.6135
   -0.7776   -0.5261    0.3444
...    15 A-T ...
  -18.3080  -19.9451   34.6517
   -0.4755    0.8442    0.2472
   -0.4102    0.0358   -0.9113
   -0.7782   -0.5348    0.3293
...    16 T-A ...
  -20.6350  -21.5316   36.3507
   -0.6116    0.7535   -0.2412
   -0.1136   -0.3853   -0.9158
   -0.7830   -0.5327    0.3212
...    17 T-A ...
  -23.1805  -23.0908   37.6068
   -0.5568    0.4246   -0.7140
    0.2492   -0.7346   -0.6311
   -0.7924   -0.5293    0.3032
...    18 T-A ...
  -25.8545  -24.5670   38.6717
   -0.3036   -0.0335   -0.9522
    0.5140   -0.8473   -0.1341
   -0.8023   -0.5301    0.2744
...    19 A-T ...
  -28.7251  -26.1276   39.3018
    0.1299   -0.4031   -0.9059
    0.5649   -0.7208    0.4018
   -0.8149   -0.5639    0.1341
...    20 T-A ...
  -31.6807  -27.5412   39.2711
    0.4092   -0.6929   -0.5937
    0.4198   -0.4348    0.7967
   -0.8101   -0.5752    0.1130
...    21 T-A ...
  -34.3715  -29.3402   39.3425
    0.5864   -0.8080   -0.0570
    0.1126    0.0116    0.9936
   -0.8021   -0.5891    0.0978
...    22 C-G ...
  -36.8828  -31.4130   39.5395
    0.5716   -0.6345    0.5202
   -0.2669    0.4558    0.8492
   -0.7759   -0.6242    0.0912
...    23 G-C ...
  -39.4584  -33.3993   40.2438
    0.4010   -0.2203    0.8892
   -0.5765    0.6937    0.4318
   -0.7119   -0.6858    0.1512
...    24 C-G ...
  -41.4827  -35.9675   40.7543
    0.0474    0.2106    0.9764
   -0.7148    0.6899   -0.1141
   -0.6977   -0.6926    0.1833
...    25 A-T ...
  -43.9517  -38.0953   41.3366
   -0.3165    0.6122    0.7246
   -0.6330    0.4326   -0.6420
   -0.7065   -0.6619    0.2506
...    26 A-T ...
  -46.0760  -40.3204   42.3916
   -0.6348    0.7348    0.2390
   -0.3328    0.0192   -0.9428
   -0.6973   -0.6780    0.2324
...    27 A-T ...
  -48.2932  -42.4579   43.4246
   -0.7181    0.6119   -0.3314
    0.0930   -0.3876   -0.9171
   -0.6897   -0.6895    0.2214
...    28 G-C ...
  -50.7040  -44.5093   44.3634
   -0.5157    0.3752   -0.7702
    0.4545   -0.6422   -0.6172
   -0.7262   -0.6684    0.1607
...    29 G-C ...
  -53.3913  -46.4587   44.9580
   -0.1216    0.0510   -0.9913
    0.6496   -0.7510   -0.1183
   -0.7505   -0.6583    0.0582
...    30 C-G ...
  -56.1467  -48.2565   44.9923
    0.2916   -0.3079   -0.9056
    0.6070   -0.6722    0.4240
   -0.7393   -0.6733   -0.0091
...    31 C-G ...
  -58.7522  -50.3479   44.5375
    0.6448   -0.5354   -0.5455
    0.3427   -0.4355    0.8324
   -0.6832   -0.7237   -0.0973
...    32 G-C ...
  -60.7533  -52.9969   44.3290
    0.8136   -0.5815    0.0022
   -0.0946   -0.1286    0.9872
   -0.5737   -0.8033   -0.1596
...    33 G-C ...
  -62.3355  -55.8434   43.4564
    0.6873   -0.4887    0.5374
   -0.5373    0.1558    0.8289
   -0.4888   -0.8584   -0.1555
...    34 C-G ...
  -63.5225  -58.8483   42.7550
    0.3062   -0.2961    0.9047
   -0.8382    0.3666    0.4037
   -0.4512   -0.8820   -0.1359
...    35 C-G ...
  -64.7167  -61.9864   42.4774
   -0.1706    0.0012    0.9853
   -0.8876    0.4340   -0.1542
   -0.4278   -0.9009   -0.0730
...    36 C-G ...
  -65.9707  -65.1151   42.5217
   -0.6027    0.2847    0.7454
   -0.6632    0.3408   -0.6664
   -0.4438   -0.8960   -0.0166
...    37 G-C ...
  -67.7163  -67.9309   42.1340
   -0.8359    0.4919    0.2436
   -0.2167    0.1120   -0.9698
   -0.5043   -0.8634    0.0130
...    38 A-T ...
  -69.3179  -70.7866   42.2802
   -0.7937    0.4831   -0.3697
    0.3197   -0.1858   -0.9291
   -0.5175   -0.8556   -0.0070
...    39 C-G ...
  -71.3483  -73.3607   42.7243
   -0.4985    0.3444   -0.7955
    0.6869   -0.4029   -0.6048
   -0.5288   -0.8480   -0.0357
...    40 A-T ...
  -73.0683  -76.2041   42.5191
    0.0293    0.1709   -0.9848
    0.8402   -0.5379   -0.0683
   -0.5415   -0.8255   -0.1594
...    41 C-G ...
  -75.3076  -78.4964   41.8238
    0.4808   -0.0790   -0.8732
    0.7054   -0.5567    0.4388
   -0.5208   -0.8270   -0.2119
...    42 G-C ...
  -76.7548  -81.3989   41.0833
    0.8565   -0.2251   -0.4645
    0.3241   -0.4659    0.8234
   -0.4017   -0.8557   -0.3261
...    43 A-T ...
  -77.9532  -84.1631   39.8579
    0.9124   -0.3951    0.1065
   -0.2309   -0.2823    0.9311
   -0.3378   -0.8742   -0.3488
...    44 C-G ...
  -78.6573  -86.8982   38.1720
    0.6802   -0.4482    0.5801
   -0.6738   -0.0707    0.7355
   -0.2886   -0.8912   -0.3500
...    45 T-A ...
  -79.1878  -89.9045   36.9220
    0.2475   -0.3717    0.8947
   -0.9419    0.1241    0.3121
   -0.2271   -0.9200   -0.3194
...    46 T-A ...
  -79.5909  -92.9430   35.8363
   -0.3378   -0.2633    0.9036
   -0.9177    0.3056   -0.2539
   -0.2093   -0.9150   -0.3449
...    47 A-T ...
  -80.5884  -95.8302   34.4298
   -0.8453   -0.0539    0.5315
   -0.5044    0.4081   -0.7609
   -0.1759   -0.9113   -0.3722
...    48 C-G ...
  -81.0345  -99.0681   33.7712
   -0.9838    0.1694    0.0581
    0.0105    0.3783   -0.9256
   -0.1788   -0.9101   -0.3739
...    49 T-A ...
  -81.8128 -102.1436   32.8086
   -0.8259    0.3794   -0.4171
    0.5232    0.2399   -0.8178
   -0.2102   -0.8936   -0.3966
...    50 G-C ...
  -82.5127 -105.0229   31.3181
   -0.3753    0.5408   -0.7528
    0.8931   -0.0064   -0.4498
   -0.2481   -0.8411   -0.4806
...    51 T-A ...
  -83.9178 -107.6282   29.8727
    0.1413    0.5050   -0.8515
    0.9628   -0.2702   -0.0004
   -0.2303   -0.8197   -0.5244
...    52 A-T ...
  -84.9467 -110.0746   27.8565
    0.6494    0.4282   -0.6285
    0.7469   -0.5145    0.4212
   -0.1430   -0.7429   -0.6540
...    53 T-A ...
  -85.7388 -112.0162   25.3593
    0.9352    0.1548   -0.3184
    0.3372   -0.6640    0.6674
   -0.1081   -0.7315   -0.6732
...    54 C-G ...
  -85.9115 -114.2805   23.0489
    0.9685   -0.1922    0.1580
   -0.2469   -0.6626    0.7071
   -0.0312   -0.7239   -0.6892
...    55 A-T ...
  -85.7812 -116.7279   20.7993
    0.6805   -0.4246    0.5971
   -0.7249   -0.5085    0.4646
    0.1064   -0.7491   -0.6539
...    56 T-A ...
  -84.8081 -118.8647   18.5012
    0.2304   -0.6191    0.7507
   -0.9652   -0.2436    0.0953
    0.1239   -0.7465   -0.6537
...    57 G-C ...
  -84.6002 -121.5170   16.5333
   -0.3657   -0.5996    0.7119
   -0.9189    0.1108   -0.3787
    0.1481   -0.7926   -0.5914
...    58 T-A ...
  -83.6197 -124.2873   14.9622
   -0.7903   -0.4563    0.4090
   -0.5928    0.4003   -0.6988
    0.1551   -0.7947   -0.5869
...    59 T-A ...
  -82.8990 -127.0071   13.3110
   -0.9777   -0.1862   -0.0976
   -0.0356    0.6041   -0.7961
    0.2072   -0.7748   -0.5972
...    60 A-T ...
  -82.0136 -129.3394   11.0745
   -0.7864    0.2096   -0.5811
    0.5679    0.6155   -0.5465
    0.2431   -0.7598   -0.6030
...    61 T-A ...
  -81.7264 -132.1549    9.3858
   -0.3965    0.4913   -0.7755
    0.8809    0.4413   -0.1708
    0.2583   -0.7509   -0.6078
...    62 A-T ...
  -81.0509 -134.6186    7.2623
    0.1133    0.7428   -0.6598
    0.9553    0.1010    0.2778
    0.2730   -0.6618   -0.6982
...    63 A-T ...
  -80.3577 -136.6565    4.8626
    0.5967    0.7155   -0.3633
    0.7417   -0.3190    0.5900
    0.3062   -0.6215   -0.7211
...    64 C-G ...
  -79.6797 -138.2603    2.1143
    0.8628    0.5045    0.0331
    0.3516   -0.6457    0.6778
    0.3634   -0.5732   -0.7345
...    65 G-C ...
  -78.0928 -140.1266   -0.1304
    0.8436    0.1826    0.5049
   -0.1171   -0.8551    0.5050
    0.5240   -0.4852   -0.7000
...    66 G-C ...
  -75.8756 -141.3214   -2.3722
    0.5997   -0.2424    0.7627
   -0.4973   -0.8595    0.1178
    0.6270   -0.4499   -0.6360
...    67 A-T ...
  -73.6217 -142.7379   -4.2818
    0.1849   -0.6861    0.7036
   -0.7228   -0.5800   -0.3756
    0.6658   -0.4392   -0.6032
...    68 G-C ...
  -71.1439 -144.0781   -6.0319
   -0.2383   -0.8780    0.4151
   -0.6872   -0.1496   -0.7109
    0.6863   -0.4546   -0.5677
...    69 G-C ...
  -68.7024 -145.7582   -7.6494
   -0.5982   -0.8010   -0.0246
   -0.4246    0.3428   -0.8379
    0.6796   -0.4908   -0.5452
...    70 T-A ...
  -66.2837 -147.6898   -8.9391
   -0.7256   -0.5041   -0.4684
   -0.0526    0.7194   -0.6926
    0.6861   -0.4779   -0.5485
...    71 A-T ...
  -63.7912 -148.8077  -10.9176
   -0.5645    0.0474   -0.8241
    0.3871    0.8970   -0.2136
    0.7290   -0.4396   -0.5247
...    72 T-A ...
  -61.7727 -150.7941  -12.6051
   -0.2934    0.4946   -0.8181
    0.6035    0.7595    0.2428
    0.7415   -0.4225   -0.5213
...    73 C-G ...
  -59.3933 -152.2458  -14.3137
    0.0573    0.8688   -0.4918
    0.6486    0.3421    0.6799
    0.7590   -0.3579   -0.5439
...    74 T-A ...
  -57.0771 -153.2848  -16.4056
    0.2894    0.9571   -0.0155
    0.5388   -0.1495    0.8291
    0.7911   -0.2483   -0.5589
...    75 C-G ...
  -54.5016 -153.8904  -18.2737
    0.4680    0.7258    0.5041
    0.3052   -0.6681    0.6786
    0.8294   -0.1638   -0.5341
...    76 G-C ...
  -51.4938 -154.2934  -19.6606
    0.4126    0.2785    0.8673
    0.0891   -0.9599    0.2659
    0.9065   -0.0324   -0.4209
...    77 A-T ...
  -48.4355 -154.2118  -20.8119
    0.3455   -0.3257    0.8801
   -0.1151   -0.9455   -0.3047
    0.9314    0.0040   -0.3641
...    78 G-C ...
  -45.2597 -153.9200  -21.7199
    0.1946   -0.7739    0.6026
   -0.2294   -0.6332   -0.7392
    0.9537    0.0056   -0.3008
...    79 C-G ...
  -41.9683 -153.8860  -22.2484
    0.0278   -0.9949    0.0965
   -0.2634   -0.1004   -0.9595
    0.9643    0.0013   -0.2648
...    80 T-A ...
  -38.6860 -154.0156  -22.7961
   -0.1209   -0.8918   -0.4360
   -0.2180    0.4523   -0.8648
    0.9684   -0.0096   -0.2491
...    81 C-G ...
  -35.4605 -154.0858  -23.5070
   -0.2139   -0.4392   -0.8725
   -0.1183    0.8983   -0.4232
    0.9697    0.0127   -0.2441
...    82 G-C ...
  -32.2521 -153.4865  -24.2641
   -0.3224    0.1452   -0.9354
   -0.0121    0.9874    0.1575
    0.9465    0.0621   -0.3166
...    83 G-C ...
  -29.0454 -153.5367  -25.3146
   -0.3672    0.6454   -0.6698
    0.1379    0.7499    0.6470
    0.9199    0.1452   -0.3644
...    84 G-C ...
  -26.0271 -153.2222  -26.7702
   -0.3501    0.9190   -0.1812
    0.3014    0.2937    0.9071
    0.8869    0.2630   -0.3798
...    85 A-T ...
  -23.2059 -152.3200  -28.0801
   -0.1984    0.8976    0.3936
    0.4527   -0.2722    0.8491
    0.8693    0.3467   -0.3523
...    86 T-A ...
  -20.7783 -150.8144  -29.6349
    0.0029    0.6332    0.7740
    0.5049   -0.6690    0.5455
    0.8632    0.3892   -0.3216
...    87 C-G ...
  -18.0359 -149.3130  -30.4921
    0.2256    0.1159    0.9673
    0.4569   -0.8895    0.0000
    0.8604    0.4420   -0.2536
...    88 C-G ...
  -15.2139 -147.4970  -30.8342
    0.3555   -0.4143    0.8378
    0.3322   -0.7818   -0.5276
    0.8736    0.4659   -0.1403
...    89 G-C ...
  -12.0819 -146.3778  -31.1957
    0.4125   -0.8137    0.4095
    0.1624   -0.3766   -0.9120
    0.8963    0.4427   -0.0232
...    90 C-G ...
   -9.0774 -144.9877  -30.8085
    0.4249   -0.8907   -0.1617
   -0.0632    0.1490   -0.9868
    0.9030    0.4296    0.0070
...    91 T-A ...
   -6.0016 -143.7550  -30.4916
    0.3177   -0.6735   -0.6675
   -0.2668    0.6120   -0.7445
    0.9099    0.4146    0.0147
...    92 T-A ...
   -2.9683 -142.5898  -30.1541
    0.1540   -0.1632   -0.9745
   -0.4278    0.8780   -0.2146
    0.8907    0.4499    0.0654
...    93 T-A ...
    0.0410 -141.3801  -29.8479
   -0.0976    0.3884   -0.9163
   -0.4670    0.7952    0.3868
    0.8789    0.4656    0.1038
...    94 A-T ...
    2.8793 -139.6898  -29.3597
   -0.4107    0.7557   -0.5102
   -0.3332    0.3965    0.8555
    0.8487    0.5213    0.0889
...    95 A-T ...
    5.6292 -137.9946  -29.2907
   -0.5626    0.8251    0.0512
   -0.0535   -0.0981    0.9937
    0.8250    0.5563    0.0993
...    96 C-G ...
    8.1566 -135.9402  -29.5391
   -0.5665    0.6179    0.5452
    0.2525   -0.4997    0.8286
    0.7845    0.6070    0.1270
...    97 A-T ...
   10.6336 -133.7504  -28.9777
   -0.4561    0.1457    0.8779
    0.5625   -0.7172    0.4113
    0.6896    0.6815    0.2451
...    98 C-G ...
   12.3487 -131.0638  -28.1833
   -0.1378   -0.2813    0.9497
    0.7425   -0.6639   -0.0890
    0.6555    0.6929    0.3004
...    99 T-A ...
   14.1822 -128.6388  -26.8795
    0.2304   -0.6324    0.7396
    0.7452   -0.3740   -0.5520
    0.6258    0.6783    0.3851
...   100 T-A ...
   15.9789 -126.3716  -25.3931
    0.6320   -0.7153    0.2982
    0.4885    0.0690   -0.8698
    0.6016    0.6954    0.3930
...   101 T-A ...
   17.7674 -124.1570  -23.8005
    0.8274   -0.5065   -0.2425
    0.0313    0.4727   -0.8807
    0.5607    0.7211    0.4070
...   102 A-T ...
   19.3610 -121.3130  -22.8080
    0.6871   -0.0162   -0.7264
   -0.5327    0.6686   -0.5188
    0.4941    0.7434    0.4508
...   103 T-A ...
   21.4082 -119.3525  -21.0867
    0.3271    0.3490   -0.8782
   -0.8181    0.5696   -0.0783
    0.4729    0.7441    0.4718
...   104 G-C ...
   22.7292 -116.7222  -19.5429
   -0.2400    0.5486   -0.8009
   -0.8612    0.2604    0.4364
    0.4480    0.7945    0.4100
...   105 C-G ...
   24.5222 -114.1742  -18.4301
   -0.6933    0.5546   -0.4602
   -0.6000   -0.0904    0.7949
    0.3992    0.8272    0.3954
...   106 T-A ...
   25.8147 -111.2977  -17.4520
   -0.9362    0.3508   -0.0191
   -0.1531   -0.3584    0.9209
    0.3162    0.8651    0.3893
...   107 T-A ...
   26.7435 -108.3931  -16.3915
   -0.8797    0.0506    0.4727
    0.3914   -0.4873    0.7806
    0.2699    0.8718    0.4088
...   108 C-G ...
   27.3969 -105.5123  -15.0275
   -0.5148   -0.2965    0.8044
    0.8312   -0.4026    0.3835
    0.2101    0.8660    0.4537
...   109 C-G ...
   27.5975 -102.6151  -13.3049
   -0.0130   -0.5518    0.8339
    0.9878   -0.1366   -0.0750
    0.1553    0.8227    0.5468
...   110 G-C ...
   28.4231 -100.1018  -11.2525
    0.5178   -0.6199    0.5896
    0.8434    0.2543   -0.4734
    0.1435    0.7423    0.6545
...   111 G-C ...
   28.8155  -97.9146   -8.6976
    0.8836   -0.4264    0.1933
    0.4331    0.5876   -0.6835
    0.1779    0.6877    0.7039
...   112 C-G ...
   29.4229  -95.9664   -6.0632
    0.9720   -0.0431   -0.2308
   -0.1239    0.7407   -0.6604
    0.1994    0.6705    0.7146
...   113 T-A ...
   30.2811  -93.9798   -3.5353
    0.7471    0.3467   -0.5671
   -0.6246    0.6581   -0.4205
    0.2274    0.6683    0.7082
...   114 C-G ...
   31.0998  -91.8353   -1.1697
    0.2226    0.6677   -0.7104
   -0.9496    0.3133   -0.0031
    0.2205    0.6753    0.7038
...   115 G-C ...
   31.3595  -89.5430    1.2675
   -0.3729    0.6599   -0.6523
   -0.9109   -0.1266    0.3927
    0.1766    0.7406    0.6483
...   116 T-A ...
   32.3802  -86.9219    3.0205
   -0.8001    0.4690   -0.3741
   -0.5832   -0.4621    0.6680
    0.1405    0.7526    0.6433
...   117 A-T ...
   32.7177  -84.3569    5.1192
   -0.9991    0.0416    0.0089
   -0.0197   -0.6382    0.7697
    0.0377    0.7688    0.6384
...   118 T-A ...
   32.6261  -81.4783    6.6784
   -0.8766   -0.3040    0.3730
    0.4810   -0.5723    0.6641
    0.0116    0.7616    0.6479
...   119 A-T ...
   32.2905  -78.9473    8.8267
   -0.4636   -0.6708    0.5789
    0.8811   -0.2802    0.3809
   -0.0934    0.6867    0.7210
...   120 A-T ...
   31.6994  -76.7753   11.1516
    0.1112   -0.7323    0.6718
    0.9877    0.1562    0.0068
   -0.1099    0.6628    0.7407
...   121 T-A ...
   30.7042  -74.9017   13.6607
    0.5934   -0.5625    0.5757
    0.7968    0.5118   -0.3212
   -0.1139    0.6493    0.7519
...   122 G-C ...
   30.6249  -72.7701   16.2182
    0.9489   -0.2237    0.2226
    0.3119    0.7729   -0.5526
   -0.0484    0.5938    0.8032
...   123 T-A ...
   30.4627  -71.3539   19.2235
    0.9713    0.2096   -0.1121
   -0.2354    0.7831   -0.5757
   -0.0329    0.5856    0.8100
...   124 G-C ...
   30.3548  -69.1502   21.7098
    0.6515    0.5934   -0.4726
   -0.7582    0.5303   -0.3795
    0.0254    0.6055    0.7954
...   125 T-A ...
   31.0014  -67.3800   24.4651
    0.1505    0.7797   -0.6078
   -0.9883    0.1331   -0.0741
    0.0231    0.6119    0.7906
...   126 C-G ...
   31.1711  -65.3546   27.0536
   -0.4676    0.6962   -0.5447
   -0.8839   -0.3619    0.2962
    0.0091    0.6199    0.7846
...   127 G-C ...
   30.8615  -63.5095   29.8337
   -0.8784    0.3052   -0.3677
   -0.4698   -0.6925    0.5476
   -0.0875    0.6537    0.7517
...   128 A-T ...
   30.6155  -61.3087   32.2406
   -0.9823   -0.1868   -0.0157
    0.1312   -0.7450    0.6540
   -0.1338    0.6404    0.7563
...   129 C-G ...
   29.8753  -58.8403   34.2916
   -0.7655   -0.5758    0.2872
    0.6191   -0.5375    0.5725
   -0.1753    0.6161    0.7679
...   130 C-G ...
   28.8752  -56.7394   36.7413
   -0.2961   -0.8388    0.4569
    0.9262   -0.1351    0.3520
   -0.2336    0.5274    0.8169
...   131 A-T ...
   28.0709  -55.1282   39.5602
    0.2942   -0.8367    0.4618
    0.9242    0.3722    0.0855
   -0.2434    0.4017    0.8828
...   132 A-T ...
   27.0952  -54.0517   42.4539
    0.7673   -0.4919    0.4115
    0.5950    0.7855   -0.1705
   -0.2394    0.3756    0.8953
...   133 A-T ...
   26.2575  -53.1195   45.4461
    0.9697    0.0388    0.2412
    0.0517    0.9323   -0.3579
   -0.2388    0.3595    0.9021
...   134 T-A ...
   25.6208  -52.5913   48.6401
    0.8597    0.5097    0.0340
   -0.4497    0.7866   -0.4231
   -0.2424    0.3485    0.9054
...   135 G-C ...
   25.2757  -52.5096   52.0792
    0.3204    0.9427   -0.0928
   -0.8825    0.2614   -0.3910
   -0.3443    0.2071    0.9157
...   136 T-A ...
   25.5257  -52.9787   55.8050
   -0.2439    0.9563   -0.1610
   -0.8908   -0.2866   -0.3525
   -0.3833    0.0575    0.9218
...   137 G-C ...
   24.8933  -52.7378   58.9866
   -0.7529    0.5562   -0.3519
   -0.5215   -0.8303   -0.1966
   -0.4015    0.0355    0.9152
...   138 A-T ...
   24.0142  -51.6374   61.9243
   -0.9563    0.0401   -0.2896
   -0.0524   -0.9980    0.0347
   -0.2876    0.0484    0.9565
...   139 G-C ...
   22.3466  -51.2412   64.4940
   -0.8529   -0.5118   -0.1033
    0.4974   -0.8566    0.1373
   -0.1587    0.0657    0.9851
...   140 C-G ...
   22.1502  -50.1498   67.4639
   -0.4681   -0.8748    0.1248
    0.8495   -0.4066    0.3362
   -0.2434    0.2634    0.9335
...   141 G-C ...
   21.4256  -51.8266   72.7877
    0.1303   -0.7143   -0.6876
    0.8897   -0.2218    0.3990
   -0.4375   -0.6638    0.6066
...   142 C-G ...
   20.4245  -54.3095   74.5419
    0.5846   -0.7390   -0.3348
    0.7594    0.3532    0.5465
   -0.2856   -0.5738    0.7676
...   143 T-A ...
   18.4271  -55.5290   76.5299
    0.8548   -0.5005    0.1370
    0.3188    0.7148    0.6224
   -0.4095   -0.4884    0.7706
...   144 C-G ...
   16.8371  -57.7222   78.2674
    0.8529   -0.0846    0.5151
   -0.1508    0.9048    0.3983
   -0.4998   -0.4174    0.7589
...   145 A-T ...
   15.7828  -59.5616   80.7982
    0.5516    0.4995    0.6680
   -0.6739    0.7388    0.0039
   -0.4916   -0.4523    0.7441
...   146 C-G ...
   15.7314  -61.4941   83.9317
    0.0344    0.7399    0.6718
   -0.8637    0.3602   -0.3526
   -0.5029   -0.5681    0.6514
...   147 A-T ...
   14.7383  -63.4279   86.8193
   -0.5924    0.6746    0.4405
   -0.6886   -0.1401   -0.7114
   -0.4182   -0.7248    0.5475
