  147 base-pairs
...     1 T-A ...
    0.0000    0.0000    0.0000
    1.0000    0.0000    0.0000
    0.0000    1.0000    0.0000
    0.0000    0.0000    1.0000
...     2 G-C ...
   -0.5555   -1.1003    3.3981
    0.7749    0.6051    0.1828
   -0.5991    0.7953   -0.0929
   -0.2016   -0.0375    0.9787
...     3 T-A ...
   -0.6619   -3.0237    6.5348
    0.3046    0.9250    0.2271
   -0.8994    0.3578   -0.2510
   -0.3134   -0.1278    0.9410
...     4 G-C ...
   -1.1607   -3.8418    9.6940
   -0.3351    0.9421    0.0133
   -0.8752   -0.3061   -0.3746
   -0.3489   -0.1372    0.9271
...     5 A-T ...
   -1.3881   -3.6770   12.8999
   -0.7835    0.6162   -0.0801
   -0.5677   -0.7622   -0.3109
   -0.2527   -0.1981    0.9470
...     6 G-C ...
   -2.6236   -3.5448   15.7072
   -0.9923    0.0611   -0.1075
   -0.0294   -0.9610   -0.2748
   -0.1201   -0.2695    0.9555
...     7 C-G ...
   -2.3138   -3.7570   18.8866
   -0.8620   -0.4995   -0.0864
    0.5008   -0.8655    0.0073
   -0.0785   -0.0370    0.9962
...     8 G-C ...
   -3.9561   -6.8109   23.3205
   -0.2581   -0.3560   -0.8981
    0.6294   -0.7673    0.1233
   -0.7330   -0.5335    0.4221
...     9 C-G ...
   -6.1177   -8.9414   24.2385
    0.1143   -0.7320   -0.6716
    0.8123   -0.3203    0.4874
   -0.5720   -0.6013    0.5580
...    10 T-A ...
   -8.5041   -9.6771   26.0540
    0.4660   -0.8587   -0.2131
    0.6274    0.1508    0.7640
   -0.6239   -0.4897    0.6090
...    11 C-G ...
  -11.0625  -11.3174   27.2336
    0.6660   -0.6911    0.2808
    0.3382    0.6152    0.7121
   -0.6649   -0.3794    0.6435
...    12 A-T ...
  -13.0013  -13.1789   29.0658
    0.7188   -0.1490    0.6790
   -0.1787    0.9043    0.3876
   -0.6718   -0.4000    0.6235
...    13 C-G ...
  -14.1788  -15.9359   31.3399
    0.4052    0.2865    0.8682
   -0.5270    0.8492   -0.0343
   -0.7470   -0.4437    0.4951
...    14 A-T ...
  -15.9532  -18.1566   33.3080
   -0.1503    0.6873    0.7107
   -0.6106    0.5008   -0.6135
   -0.7776   -0.5261    0.3444
...    15 A-T ...
  -18.4023  -19.9426   34.4474
   -0.4558    0.8620    0.2217
   -0.3973    0.0259   -0.9173
   -0.7965   -0.5063    0.3306
...    16 T-A ...
  -20.8084  -21.5113   36.2445
   -0.6242    0.7230   -0.2960
   -0.0747   -0.4323   -0.8986
   -0.7777   -0.5388    0.3239
...    17 T-A ...
  -23.3680  -23.0561   37.6262
   -0.5689    0.3174   -0.7587
    0.3163   -0.7671   -0.5581
   -0.7592   -0.5575    0.3360
...    18 T-A ...
  -25.9358  -24.6905   38.7137
   -0.2609   -0.1345   -0.9559
    0.5708   -0.8201   -0.0404
   -0.7785   -0.5562    0.2907
...    19 A-T ...
  -28.4958  -26.6515   39.4932
    0.1749   -0.5092   -0.8427
    0.5963   -0.6263    0.5022
   -0.7835   -0.5903    0.1941
...    20 T-A ...
  -31.4291  -28.1934   39.6396
    0.4542   -0.7598   -0.4652
    0.4201   -0.2779    0.8639
   -0.7856   -0.5878    0.1930
...    21 T-A ...
  -34.0774  -30.0875   39.9580
    0.6068   -0.7868    0.1127
    0.0708    0.1947    0.9783
   -0.7917   -0.5856    0.1739
...    22 C-G ...
  -36.6279  -32.0851   40.4959
    0.5539   -0.5103    0.6578
   -0.3122    0.6051    0.7323
   -0.7718   -0.6110    0.1758
...    23 G-C ...
  -39.2888  -33.7932   41.6521
    0.3835   -0.0084    0.9235
   -0.6039    0.7543    0.2576
   -0.6988   -0.6565    0.2842
...    24 C-G ...
  -41.3024  -36.2142   42.5558
    0.0485    0.4232    0.9047
   -0.7140    0.6481   -0.2649
   -0.6985   -0.6331    0.3336
...    25 A-T ...
  -43.9559  -38.0547   43.3303
   -0.3390    0.7522    0.5650
   -0.6074    0.2835   -0.7420
   -0.7184   -0.5948    0.3608
...    26 A-T ...
  -46.2404  -39.9730   44.7071
   -0.6274    0.7774    0.0436
   -0.3038   -0.1928   -0.9330
   -0.7170   -0.5987    0.3572
...    27 A-T ...
  -48.4755  -41.8184   46.2033
   -0.6988    0.5132   -0.4983
    0.1299   -0.5940   -0.7939
   -0.7034   -0.6195    0.3484
...    28 G-C ...
  -51.0649  -43.4827   47.5958
   -0.4771    0.1588   -0.8644
    0.4669   -0.7874   -0.4024
   -0.7446   -0.5956    0.3015
...    29 G-C ...
  -53.9221  -45.2046   48.5121
   -0.0631   -0.2508   -0.9660
    0.6432   -0.7503    0.1528
   -0.7631   -0.6116    0.2086
...    30 C-G ...
  -56.6932  -46.9269   48.8631
    0.3483   -0.5750   -0.7403
    0.5568   -0.5085    0.6569
   -0.7541   -0.6410    0.1431
...    31 C-G ...
  -59.3794  -48.9122   49.1002
    0.6597   -0.7010   -0.2710
    0.2550   -0.1303    0.9581
   -0.7069   -0.7012    0.0928
...    32 G-C ...
  -61.3363  -51.2261   49.6027
    0.7719   -0.5885    0.2404
   -0.1479    0.2015    0.9683
   -0.6183   -0.7829    0.0685
...    33 G-C ...
  -62.9261  -54.1880   49.7874
    0.5982   -0.3356    0.7277
   -0.5779    0.4485    0.6818
   -0.5552   -0.8284    0.0743
...    34 C-G ...
  -64.3711  -57.1199   50.0022
    0.1971   -0.0020    0.9804
   -0.8277    0.5357    0.1675
   -0.5255   -0.8444    0.1040
...    35 C-G ...
  -65.8699  -60.0903   50.7353
   -0.2910    0.3219    0.9010
   -0.8124    0.4143   -0.4104
   -0.5054   -0.8513    0.1409
...    36 C-G ...
  -67.4532  -62.9605   51.5042
   -0.6777    0.5263    0.5136
   -0.5300    0.1347   -0.8373
   -0.5098   -0.8396    0.1876
...    37 G-C ...
  -69.3428  -65.8452   51.1007
   -0.8270    0.5587   -0.0622
   -0.0433   -0.1737   -0.9838
   -0.5605   -0.8110    0.1679
...    38 A-T ...
  -70.9798  -68.4777   51.6961
   -0.6923    0.3596   -0.6256
    0.4644   -0.4416   -0.7677
   -0.5523   -0.8220    0.1387
...    39 C-G ...
  -73.1576  -70.7752   52.2390
   -0.3237    0.1245   -0.9379
    0.7537   -0.5654   -0.3352
   -0.5720   -0.8154    0.0892
...    40 A-T ...
  -75.1774  -73.4310   52.4038
    0.2165   -0.1270   -0.9680
    0.7983   -0.5478    0.2504
   -0.5620   -0.8269   -0.0172
...    41 C-G ...
  -77.2295  -75.9160   51.8369
    0.6304   -0.3253   -0.7048
    0.5714   -0.4200    0.7050
   -0.5254   -0.8472   -0.0789
...    42 G-C ...
  -78.6581  -78.9324   51.8843
    0.8921   -0.4214   -0.1632
    0.0835   -0.2012    0.9760
   -0.4442   -0.8843   -0.1443
...    43 A-T ...
  -80.0806  -81.7192   51.3600
    0.7771   -0.4510    0.4391
   -0.4540    0.0817    0.8873
   -0.4360   -0.8888   -0.1412
...    44 C-G ...
  -81.0673  -84.7069   50.3509
    0.4423   -0.2943    0.8472
   -0.8092    0.2764    0.5185
   -0.3867   -0.9149   -0.1159
...    45 T-A ...
  -81.7244  -88.2421   49.8805
   -0.0848   -0.0710    0.9939
   -0.9261    0.3736   -0.0523
   -0.3675   -0.9249   -0.0974
...    46 T-A ...
  -82.5110  -91.3835   49.5446
   -0.5612    0.1030    0.8213
   -0.7475    0.3629   -0.5563
   -0.3553   -0.9261   -0.1266
...    47 A-T ...
  -83.8986  -94.3758   48.7767
   -0.9206    0.2858    0.2661
   -0.2074    0.2195   -0.9533
   -0.3308   -0.9328   -0.1428
...    48 C-G ...
  -85.0504  -97.5220   48.9794
   -0.8879    0.3627   -0.2830
    0.3170    0.0365   -0.9477
   -0.3334   -0.9312   -0.1473
...    49 T-A ...
  -86.5106 -100.5643   48.7647
   -0.5532    0.3946   -0.7337
    0.7410   -0.1694   -0.6498
   -0.3807   -0.9031   -0.1987
...    50 G-C ...
  -87.8629 -103.5115   47.8386
    0.0048    0.3507   -0.9365
    0.9259   -0.3553   -0.1283
   -0.3777   -0.8665   -0.3264
...    51 T-A ...
  -89.5481 -105.9913   46.6958
    0.4774    0.2007   -0.8554
    0.8088   -0.4809    0.3386
   -0.3435   -0.8535   -0.3919
...    52 A-T ...
  -90.8154 -108.3681   44.6518
    0.8770    0.1273   -0.4634
    0.4496   -0.5578    0.6977
   -0.1696   -0.8202   -0.5464
...    53 G-C ...
  -91.5706 -110.8038   42.6610
    0.9986   -0.0527    0.0054
   -0.0348   -0.5759    0.8168
   -0.0399   -0.8158   -0.5770
...    54 G-C ...
  -91.2638 -113.2372   39.9779
    0.8245   -0.2697    0.4974
   -0.5615   -0.4986    0.6604
    0.0699   -0.8238   -0.5626
...    55 T-A ...
  -90.4830 -115.7272   38.0204
    0.4219   -0.4688    0.7761
   -0.8998   -0.3215    0.2950
    0.1112   -0.8227   -0.5574
...    56 A-T ...
  -89.5159 -118.4741   36.2571
   -0.1749   -0.5335    0.8275
   -0.9722   -0.0391   -0.2307
    0.1554   -0.8449   -0.5119
...    57 T-A ...
  -88.3341 -121.2359   34.7956
   -0.6501   -0.5170    0.5569
   -0.7378    0.2543   -0.6253
    0.1817   -0.8173   -0.5468
...    58 T-A ...
  -87.5314 -123.9980   33.2433
   -0.9489   -0.3112    0.0526
   -0.2136    0.5106   -0.8329
    0.2323   -0.8015   -0.5510
...    59 C-G ...
  -86.6646 -126.5049   31.1894
   -0.8873    0.0518   -0.4584
    0.3936    0.6030   -0.6938
    0.2405   -0.7960   -0.5554
...    60 A-T ...
  -85.5198 -129.0910   29.3560
   -0.5389    0.4584   -0.7067
    0.8206    0.4750   -0.3177
    0.1900   -0.7512   -0.6322
...    61 T-A ...
  -85.3819 -131.6295   27.3367
   -0.0759    0.6694   -0.7390
    0.9794    0.1892    0.0709
    0.1873   -0.7184   -0.6700
...    62 G-C ...
  -84.9440 -134.0168   24.8095
    0.4551    0.7522   -0.4766
    0.8532   -0.2150    0.4752
    0.2549   -0.6229   -0.7396
...    63 T-A ...
  -84.5868 -135.7001   21.9741
    0.8076    0.5735   -0.1375
    0.5127   -0.5674    0.6443
    0.2915   -0.5909   -0.7523
...    64 T-A ...
  -83.5983 -137.3167   19.4831
    0.9252    0.2530    0.2829
    0.0340   -0.7976    0.6022
    0.3780   -0.5476   -0.7465
...    65 A-T ...
  -82.1263 -139.1320   17.1831
    0.7463   -0.1313    0.6525
   -0.4334   -0.8399    0.3267
    0.5051   -0.5266   -0.6838
...    66 T-A ...
  -80.0736 -140.1921   14.9190
    0.4369   -0.5306    0.7263
   -0.7326   -0.6784   -0.0549
    0.5219   -0.5081   -0.6852
...    67 A-T ...
  -78.4831 -142.0356   12.5965
   -0.0855   -0.8287    0.5531
   -0.8235   -0.2537   -0.5074
    0.5609   -0.4988   -0.6608
...    68 A-T ...
  -76.5017 -143.6059   10.6193
   -0.5179   -0.8433    0.1436
   -0.6291    0.2617   -0.7320
    0.5797   -0.4695   -0.6660
...    69 C-G ...
  -74.1429 -145.5099    8.9120
   -0.7536   -0.5783   -0.3125
   -0.2475    0.6901   -0.6801
    0.6090   -0.4352   -0.6632
...    70 G-C ...
  -72.2889 -146.7607    6.5424
   -0.7808   -0.0384   -0.6235
    0.2423    0.9014   -0.3589
    0.5758   -0.4314   -0.6945
...    71 G-C ...
  -70.4606 -148.3845    4.3191
   -0.5873    0.4674   -0.6608
    0.6075    0.7940    0.0217
    0.5348   -0.3887   -0.7503
...    72 A-T ...
  -68.8756 -149.6853    1.8270
   -0.1653    0.8617   -0.4797
    0.8333    0.3822    0.3994
    0.5275   -0.3337   -0.7813
...    73 C-G ...
  -67.8083 -150.8829   -1.0319
    0.2390    0.9601   -0.1450
    0.8072   -0.1134    0.5793
    0.5397   -0.2555   -0.8021
...    74 T-A ...
  -66.4781 -151.3971   -4.0784
    0.5379    0.7966    0.2758
    0.5921   -0.5898    0.5491
    0.6001   -0.1320   -0.7889
...    75 C-G ...
  -64.3090 -151.5323   -6.4999
    0.7153    0.3672    0.5946
    0.2626   -0.9297    0.2582
    0.6476   -0.0286   -0.7614
...    76 G-C ...
  -61.8177 -151.7864   -8.6116
    0.5819   -0.1034    0.8066
   -0.0110   -0.9928   -0.1193
    0.8132    0.0605   -0.5789
...    77 A-T ...
  -58.9163 -151.4377  -10.3124
    0.4482   -0.6452    0.6188
   -0.2889   -0.7596   -0.5827
    0.8460    0.0824   -0.5268
...    78 G-C ...
  -55.9574 -151.0603  -11.7556
    0.2199   -0.9443    0.2448
   -0.4423   -0.3202   -0.8378
    0.8695    0.0759   -0.4881
...    79 C-G ...
  -52.7690 -150.8884  -13.0154
   -0.0857   -0.9542   -0.2868
   -0.4677    0.2927   -0.8340
    0.8797    0.0627   -0.4714
...    80 T-A ...
  -49.8030 -150.7569  -14.4264
   -0.2985   -0.6546   -0.6946
   -0.3452    0.7525   -0.5609
    0.8898    0.0724   -0.4506
...    81 C-G ...
  -46.8351 -150.4145  -15.9185
   -0.4462   -0.0836   -0.8910
   -0.1244    0.9918   -0.0307
    0.8862    0.0971   -0.4529
...    82 G-C ...
  -43.9799 -149.2440  -17.2490
   -0.4976    0.4626   -0.7338
    0.1230    0.8750    0.4682
    0.8586    0.1427   -0.4923
...    83 G-C ...
  -41.0765 -148.8865  -18.7974
   -0.4306    0.8429   -0.3226
    0.3173    0.4760    0.8202
    0.8449    0.2509   -0.4725
...    84 G-C ...
  -38.3980 -148.0744  -20.6397
   -0.3159    0.9246    0.2127
    0.5034   -0.0267    0.8636
    0.8042    0.3799   -0.4570
...    85 A-T ...
  -35.9141 -146.7040  -22.2619
   -0.0392    0.7169    0.6961
    0.6056   -0.5371    0.5872
    0.7948    0.4446   -0.4131
...    86 T-A ...
  -33.7413 -144.7530  -23.7668
    0.2287    0.3263    0.9172
    0.5585   -0.8157    0.1509
    0.7973    0.4777   -0.3688
...    87 C-G ...
  -31.1952 -142.9282  -24.7632
    0.4634   -0.2228    0.8577
    0.3602   -0.8369   -0.4120
    0.8096    0.4999   -0.3076
...    88 C-G ...
  -28.4871 -141.1693  -25.3879
    0.5041   -0.6636    0.5527
    0.1161   -0.5820   -0.8048
    0.8558    0.4699   -0.2164
...    89 G-C ...
  -25.5978 -139.9574  -26.3657
    0.4041   -0.9139    0.0387
   -0.1238   -0.0966   -0.9876
    0.9063    0.3943   -0.1522
...    90 C-G ...
  -22.3158 -138.8315  -26.4097
    0.2591   -0.8033   -0.5363
   -0.3144    0.4549   -0.8332
    0.9132    0.3845   -0.1347
...    91 T-A ...
  -18.9683 -138.0194  -26.7306
    0.0481   -0.3972   -0.9165
   -0.3686    0.8457   -0.3859
    0.9283    0.3564   -0.1057
...    92 T-A ...
  -15.8148 -137.2234  -26.9712
   -0.1211    0.1905   -0.9742
   -0.3501    0.9101    0.2215
    0.9288    0.3679   -0.0435
...    93 T-A ...
  -12.6881 -136.2978  -27.1578
   -0.2840    0.6814   -0.6746
   -0.2419    0.6299    0.7380
    0.9278    0.3727   -0.0141
...    94 A-T ...
   -9.6527 -134.9435  -26.9132
   -0.4533    0.8820   -0.1288
   -0.0405    0.1240    0.9915
    0.8904    0.4547   -0.0205
...    95 A-T ...
   -6.9225 -133.4049  -27.1390
   -0.4793    0.7772    0.4076
    0.2019   -0.3543    0.9131
    0.8541    0.5199    0.0129
...    96 C-G ...
   -4.4126 -131.2841  -27.5891
   -0.3640    0.4625    0.8085
    0.4187   -0.6942    0.5856
    0.8320    0.5516    0.0590
...    97 A-T ...
   -1.8208 -129.2089  -27.1986
   -0.1956   -0.0644    0.9786
    0.5937   -0.8020    0.0659
    0.7806    0.5938    0.1951
...    98 C-G ...
    0.2965 -126.8356  -26.1650
    0.1036   -0.4923    0.8642
    0.6405   -0.6318   -0.4367
    0.7610    0.5987    0.2498
...    99 T-A ...
    2.5828 -124.4864  -24.6389
    0.4188   -0.7822    0.4612
    0.5040   -0.2222   -0.8346
    0.7554    0.5820    0.3012
...   100 T-A ...
    4.8634 -122.5784  -23.2752
    0.6797   -0.7270   -0.0972
    0.1709    0.2858   -0.9429
    0.7133    0.6243    0.3185
...   101 T-A ...
    7.0941 -120.6524  -21.8402
    0.7011   -0.3855   -0.5999
   -0.2626    0.6426   -0.7198
    0.6630    0.6621    0.3493
...   102 A-T ...
    9.0964 -118.0824  -20.7441
    0.4013    0.1588   -0.9021
   -0.6779    0.7138   -0.1759
    0.6159    0.6821    0.3941
...   103 T-A ...
   11.6105 -116.3342  -19.5843
    0.0210    0.4633   -0.8860
   -0.7968    0.5429    0.2651
    0.6038    0.7004    0.3805
...   104 G-C ...
   13.7562 -114.0012  -18.5795
   -0.5235    0.6255   -0.5784
   -0.6297    0.1732    0.7573
    0.5739    0.7607    0.3032
...   105 C-G ...
   15.5084 -111.3351  -18.0847
   -0.8216    0.5581   -0.1158
   -0.2718   -0.2052    0.9402
    0.5010    0.8040    0.3203
...   106 T-A ...
   17.1185 -108.3812  -17.4163
   -0.8651    0.3001    0.4020
    0.2365   -0.4626    0.8544
    0.4424    0.8342    0.3292
...   107 T-A ...
   18.3286 -105.5855  -16.4781
   -0.6358   -0.0703    0.7686
    0.6798   -0.5226    0.5146
    0.3655    0.8497    0.3800
...   108 C-G ...
   19.1805 -102.7442  -15.0899
   -0.1899   -0.4187    0.8880
    0.9303   -0.3657    0.0265
    0.3137    0.8312    0.4590
...   109 C-G ...
   19.9500 -100.0389  -13.3912
    0.2772   -0.6352    0.7209
    0.9089   -0.0700   -0.4112
    0.3116    0.7692    0.5579
...   110 G-C ...
   21.2146  -97.9138  -11.5948
    0.6648   -0.6537    0.3617
    0.6701    0.3077   -0.6755
    0.3303    0.6914    0.6426
...   111 G-C ...
   22.5734  -96.0786   -9.0903
    0.9102   -0.4040   -0.0918
    0.2169    0.6535   -0.7252
    0.3529    0.6401    0.6824
...   112 C-G ...
   23.9337  -94.4421   -6.4897
    0.8721    0.0067   -0.4892
   -0.3120    0.7778   -0.5455
    0.3769    0.6284    0.6805
...   113 T-A ...
   25.2490  -92.5147   -4.1573
    0.5750    0.4184   -0.7031
   -0.7244    0.6598   -0.1998
    0.3803    0.6241    0.6825
...   114 C-G ...
   26.4321  -90.3946   -1.8645
    0.0307    0.7187   -0.6947
   -0.9287    0.2774    0.2459
    0.3695    0.6376    0.6760
...   115 G-C ...
   27.1455  -88.2794    0.5933
   -0.5401    0.6940   -0.4760
   -0.7842   -0.2096    0.5841
    0.3056    0.6888    0.6574
...   116 T-A ...
   28.2792  -85.6043    2.1733
   -0.8898    0.4359   -0.1353
   -0.3822   -0.5496    0.7429
    0.2494    0.7127    0.6556
...   117 A-T ...
   28.9832  -82.7105    3.9223
   -0.9764   -0.0318    0.2137
    0.1784   -0.6769    0.7141
    0.1219    0.7354    0.6666
...   118 T-A ...
   29.0205  -79.9292    5.5687
   -0.7644   -0.3723    0.5264
    0.6356   -0.5723    0.5182
    0.1084    0.7307    0.6741
...   119 A-T ...
   29.2625  -77.6299    7.9151
   -0.3155   -0.6992    0.6416
    0.9486   -0.2501    0.1939
    0.0249    0.6698    0.7422
...   120 A-T ...
   28.9812  -75.5310   10.3604
    0.2620   -0.7523    0.6045
    0.9650    0.1984   -0.1713
    0.0089    0.6282    0.7780
...   121 T-A ...
   28.3914  -73.7711   13.1307
    0.7199   -0.5430    0.4323
    0.6941    0.5668   -0.4439
   -0.0040    0.6196    0.7849
...   122 G-C ...
   28.3399  -71.9062   15.9869
    0.9883   -0.1460    0.0448
    0.1441    0.7942   -0.5904
    0.0506    0.5899    0.8059
...   123 T-A ...
   28.5975  -70.4253   18.9077
    0.9285    0.2734   -0.2513
   -0.3680    0.7678   -0.5245
    0.0495    0.5794    0.8135
...   124 G-C ...
   28.8412  -68.5367   21.6383
    0.5396    0.6432   -0.5432
   -0.8365    0.4828   -0.2593
    0.0954    0.5943    0.7985
...   125 T-A ...
   29.6190  -66.8522   24.2840
    0.0264    0.7822   -0.6225
   -0.9950    0.0803    0.0587
    0.0959    0.6178    0.7804
...   126 C-G ...
   29.9784  -64.8619   26.7266
   -0.5604    0.6842   -0.4667
   -0.8223   -0.3922    0.4124
    0.0991    0.6149    0.7824
...   127 G-C ...
   29.7753  -63.0678   29.4741
   -0.9022    0.2898   -0.3194
   -0.4289   -0.6798    0.5949
   -0.0447    0.6737    0.7377
...   128 A-T ...
   29.7792  -60.9494   31.8026
   -0.9836   -0.1664    0.0689
    0.1708   -0.7402    0.6503
   -0.0572    0.6515    0.7565
...   129 C-G ...
   29.2485  -58.3465   33.7528
   -0.7463   -0.5622    0.3563
    0.6575   -0.5395    0.5259
   -0.1034    0.6267    0.7723
...   130 C-G ...
   28.1188  -56.3133   36.2685
   -0.2952   -0.8338    0.4665
    0.9371   -0.1576    0.3115
   -0.1862    0.5291    0.8279
...   131 A-T ...
   27.8459  -54.9477   39.3038
    0.2714   -0.8661    0.4198
    0.9437    0.3251    0.0608
   -0.1891    0.3797    0.9056
...   132 A-T ...
   27.0964  -53.9263   42.3256
    0.7567   -0.5407    0.3674
    0.6252    0.7628   -0.1650
   -0.1910    0.3546    0.9153
...   133 A-T ...
   26.2598  -53.1188   45.4010
    0.9702    0.0283    0.2406
    0.0612    0.9323   -0.3565
   -0.2344    0.3606    0.9028
...   134 T-A ...
   25.6208  -52.5913   48.6400
    0.8597    0.5097    0.0340
   -0.4497    0.7866   -0.4231
   -0.2424    0.3485    0.9054
...   135 G-C ...
   25.2757  -52.5096   52.0791
    0.3204    0.9427   -0.0928
   -0.8825    0.2614   -0.3910
   -0.3443    0.2071    0.9157
...   136 T-A ...
   25.5257  -52.9787   55.8049
   -0.2439    0.9563   -0.1610
   -0.8908   -0.2866   -0.3525
   -0.3833    0.0575    0.9218
...   137 G-C ...
   24.8932  -52.7377   58.9865
   -0.7529    0.5562   -0.3519
   -0.5215   -0.8303   -0.1966
   -0.4015    0.0355    0.9152
...   138 A-T ...
   24.0142  -51.6374   61.9242
   -0.9563    0.0401   -0.2896
   -0.0524   -0.9980    0.0347
   -0.2876    0.0484    0.9565
...   139 G-C ...
   22.3466  -51.2411   64.4940
   -0.8529   -0.5118   -0.1033
    0.4974   -0.8566    0.1373
   -0.1587    0.0657    0.9851
...   140 C-G ...
   22.1502  -50.1498   67.4638
   -0.4681   -0.8748    0.1248
    0.8495   -0.4066    0.3362
   -0.2434    0.2634    0.9335
...   141 G-C ...
   21.4256  -51.8266   72.7876
    0.1303   -0.7143   -0.6876
    0.8897   -0.2218    0.3990
   -0.4375   -0.6638    0.6066
...   142 C-G ...
   20.4245  -54.3094   74.5418
    0.5846   -0.7390   -0.3348
    0.7594    0.3532    0.5465
   -0.2856   -0.5737    0.7676
...   143 T-A ...
   18.4270  -55.5290   76.5299
    0.8548   -0.5005    0.1370
    0.3188    0.7148    0.6224
   -0.4095   -0.4884    0.7706
...   144 C-G ...
   16.8371  -57.7222   78.2674
    0.8529   -0.0846    0.5151
   -0.1508    0.9048    0.3983
   -0.4998   -0.4174    0.7589
...   145 A-T ...
   15.7828  -59.5615   80.7981
    0.5516    0.4995    0.6680
   -0.6739    0.7388    0.0039
   -0.4916   -0.4523    0.7441
...   146 C-G ...
   15.7314  -61.4940   83.9316
    0.0344    0.7399    0.6718
   -0.8637    0.3602   -0.3526
   -0.5029   -0.5681    0.6514
...   147 A-T ...
   14.7383  -63.4279   86.8192
   -0.5924    0.6746    0.4405
   -0.6886   -0.1401   -0.7114
   -0.4182   -0.7248    0.5475
