  147 base-pairs
...     1 T-A ...
    0.0000    0.0000    0.0000
    1.0000    0.0000    0.0000
    0.0000    1.0000    0.0000
    0.0000    0.0000    1.0000
...     2 G-C ...
   -0.5555   -1.1003    3.3981
    0.7749    0.6051    0.1828
   -0.5991    0.7953   -0.0929
   -0.2016   -0.0375    0.9787
...     3 T-A ...
   -0.6619   -3.0237    6.5348
    0.3046    0.9250    0.2271
   -0.8994    0.3578   -0.2510
   -0.3134   -0.1278    0.9410
...     4 G-C ...
   -1.1607   -3.8418    9.6940
   -0.3351    0.9421    0.0133
   -0.8752   -0.3061   -0.3746
   -0.3489   -0.1372    0.9271
...     5 A-T ...
   -1.3881   -3.6770   12.8999
   -0.7835    0.6162   -0.0801
   -0.5677   -0.7622   -0.3109
   -0.2527   -0.1981    0.9470
...     6 G-C ...
   -2.6236   -3.5448   15.7072
   -0.9923    0.0611   -0.1075
   -0.0294   -0.9610   -0.2748
   -0.1201   -0.2695    0.9555
...     7 C-G ...
   -2.3138   -3.7570   18.8866
   -0.8620   -0.4995   -0.0864
    0.5008   -0.8655    0.0073
   -0.0785   -0.0370    0.9962
...     8 G-C ...
   -3.9561   -6.8109   23.3205
   -0.2581   -0.3560   -0.8981
    0.6294   -0.7673    0.1233
   -0.7330   -0.5335    0.4221
...     9 C-G ...
   -6.1177   -8.9414   24.2385
    0.1143   -0.7320   -0.6716
    0.8123   -0.3203    0.4874
   -0.5720   -0.6013    0.5580
...    10 T-A ...
   -8.5041   -9.6771   26.0540
    0.4660   -0.8587   -0.2131
    0.6274    0.1508    0.7640
   -0.6239   -0.4897    0.6090
...    11 C-G ...
  -11.0625  -11.3174   27.2336
    0.6660   -0.6911    0.2808
    0.3382    0.6152    0.7121
   -0.6649   -0.3794    0.6435
...    12 A-T ...
  -13.0013  -13.1789   29.0658
    0.7188   -0.1490    0.6790
   -0.1787    0.9043    0.3876
   -0.6718   -0.4000    0.6235
...    13 C-G ...
  -14.1788  -15.9359   31.3399
    0.4052    0.2865    0.8682
   -0.5270    0.8492   -0.0343
   -0.7470   -0.4437    0.4951
...    14 A-T ...
  -15.9532  -18.1566   33.3080
   -0.1503    0.6873    0.7107
   -0.6106    0.5008   -0.6135
   -0.7776   -0.5261    0.3444
...    15 A-T ...
  -18.3895  -19.9489   34.4668
   -0.4592    0.8592    0.2255
   -0.4006    0.0263   -0.9159
   -0.7929   -0.5109    0.3321
...    16 T-A ...
  -20.7788  -21.5390   36.2722
   -0.6312    0.7198   -0.2889
   -0.0769   -0.4287   -0.9001
   -0.7718   -0.5460    0.3260
...    17 T-A ...
  -23.3119  -23.1102   37.6691
   -0.5793    0.3151   -0.7517
    0.3197   -0.7605   -0.5651
   -0.7498   -0.5678    0.3399
...    18 T-A ...
  -25.8473  -24.7691   38.7915
   -0.2733   -0.1329   -0.9527
    0.5817   -0.8116   -0.0537
   -0.7661   -0.5688    0.2991
...    19 A-T ...
  -28.3587  -26.7593   39.5837
    0.1676   -0.4832   -0.8593
    0.6175   -0.6280    0.4736
   -0.7685   -0.6100    0.1931
...    20 T-A ...
  -31.2522  -28.3630   39.7375
    0.4613   -0.7326   -0.5004
    0.4455   -0.2964    0.8448
   -0.7672   -0.6127    0.1897
...    21 T-A ...
  -33.8468  -30.3345   40.0455
    0.6364   -0.7691    0.0592
    0.0961    0.1552    0.9832
   -0.7653   -0.6200    0.1726
...    22 C-G ...
  -36.2936  -32.4529   40.5703
    0.5993   -0.5178    0.6105
   -0.3056    0.5569    0.7723
   -0.7399   -0.6494    0.1755
...    23 G-C ...
  -38.7927  -34.3612   41.7855
    0.4232   -0.0353    0.9053
   -0.6285    0.7083    0.3214
   -0.6526   -0.7050    0.2776
...    24 C-G ...
  -40.6342  -36.9222   42.6578
    0.0673    0.3778    0.9234
   -0.7579    0.6213   -0.1990
   -0.6489   -0.6865    0.3282
...    25 A-T ...
  -43.1434  -38.9299   43.4869
   -0.3528    0.6984    0.6227
   -0.6596    0.2864   -0.6949
   -0.6636   -0.6559    0.3596
...    26 A-T ...
  -45.2298  -41.0570   44.8746
   -0.6728    0.7297    0.1220
   -0.3396   -0.1582   -0.9272
   -0.6572   -0.6652    0.3542
...    27 A-T ...
  -47.2487  -43.1400   46.3668
   -0.7606    0.4880   -0.4282
    0.1279   -0.5340   -0.8358
   -0.6365   -0.6904    0.3437
...    28 G-C ...
  -49.6199  -45.0831   47.7795
   -0.5380    0.1713   -0.8254
    0.5013   -0.7221   -0.4766
   -0.6777   -0.6702    0.3026
...    29 G-C ...
  -52.2536  -47.0926   48.7581
   -0.1027   -0.1943   -0.9755
    0.7106   -0.7006    0.0648
   -0.6960   -0.6866    0.2100
...    30 C-G ...
  -54.8487  -49.0488   49.1862
    0.3467   -0.4906   -0.7995
    0.6420   -0.4973    0.5835
   -0.6838   -0.7156    0.1425
...    31 C-G ...
  -57.3306  -51.2718   49.4517
    0.7012   -0.6117   -0.3663
    0.3355   -0.1702    0.9265
   -0.6291   -0.7725    0.0859
...    32 G-C ...
  -59.0051  -53.8004   49.8782
    0.8446   -0.5179    0.1359
   -0.0898    0.1132    0.9895
   -0.5278   -0.8479    0.0491
...    33 G-C ...
  -60.2304  -56.9311   49.9267
    0.6909   -0.3190    0.6488
   -0.5628    0.3259    0.7596
   -0.4537   -0.8900    0.0456
...    34 C-G ...
  -61.2814  -60.0308   50.0181
    0.2842   -0.0543    0.9572
   -0.8647    0.4166    0.2804
   -0.4141   -0.9074    0.0714
...    35 C-G ...
  -62.3364  -63.2147   50.6180
   -0.2399    0.2102    0.9478
   -0.8919    0.3378   -0.3006
   -0.3834   -0.9174    0.1064
...    36 C-G ...
  -63.4829  -66.3057   51.2688
   -0.6825    0.3892    0.6186
   -0.6248    0.1284   -0.7701
   -0.3792   -0.9122    0.1555
...    37 G-C ...
  -65.0376  -69.3705   50.7777
   -0.8941    0.4429    0.0667
   -0.1235   -0.1007   -0.9872
   -0.4305   -0.8909    0.1447
...    38 A-T ...
  -66.2403  -72.2413   51.2794
   -0.7963    0.3079   -0.5207
    0.4335   -0.3100   -0.8462
   -0.4219   -0.8995    0.1134
...    39 C-G ...
  -68.0253  -74.8593   51.8155
   -0.4386    0.1511   -0.8859
    0.7812   -0.4233   -0.4589
   -0.4443   -0.8933    0.0676
...    40 A-T ...
  -69.6313  -77.7740   51.9419
    0.1195   -0.0153   -0.9927
    0.8893   -0.4429    0.1139
   -0.4415   -0.8964   -0.0394
...    41 C-G ...
  -71.3698  -80.4755   51.3496
    0.5817   -0.1674   -0.7960
    0.7043   -0.3859    0.5958
   -0.4069   -0.9072   -0.1065
...    42 G-C ...
  -72.3414  -83.6632   51.2536
    0.9168   -0.2600   -0.3032
    0.2342   -0.2649    0.9354
   -0.3235   -0.9286   -0.1819
...    43 A-T ...
  -73.3934  -86.5810   50.6160
    0.8864   -0.3537    0.2987
   -0.3418   -0.0649    0.9375
   -0.3122   -0.9331   -0.1784
...    44 C-G ...
  -74.0352  -89.5904   49.4209
    0.5927   -0.2829    0.7541
   -0.7647    0.0963    0.6371
   -0.2529   -0.9543   -0.1593
...    45 T-A ...
  -74.1850  -93.1371   48.6931
    0.0679   -0.1603    0.9847
   -0.9714    0.2143    0.1019
   -0.2274   -0.9635   -0.1411
...    46 T-A ...
  -74.4831  -96.3344   48.1485
   -0.4392   -0.0559    0.8966
   -0.8719    0.2668   -0.4105
   -0.2163   -0.9621   -0.1659
...    47 A-T ...
  -75.4370  -99.4656   47.3483
   -0.8955    0.1074    0.4319
   -0.3973    0.2445   -0.8845
   -0.2006   -0.9637   -0.1763
...    48 C-G ...
  -76.0364 -102.7672   47.4372
   -0.9693    0.2229   -0.1035
    0.1394    0.1516   -0.9786
   -0.2024   -0.9630   -0.1780
...    49 T-A ...
  -77.0086 -105.9922   47.1987
   -0.7299    0.3385   -0.5939
    0.6314    0.0008   -0.7755
   -0.2620   -0.9410   -0.2143
...    50 G-C ...
  -77.9967 -109.0616   46.2455
   -0.2210    0.3971   -0.8908
    0.9332   -0.1794   -0.3115
   -0.2835   -0.9001   -0.3309
...    51 T-A ...
  -79.4299 -111.7296   45.1929
    0.2729    0.3259   -0.9052
    0.9252   -0.3467    0.1541
   -0.2636   -0.8796   -0.3961
...    52 A-T ...
  -80.6406 -114.1832   43.2219
    0.7405    0.3014   -0.6007
    0.6593   -0.4992    0.5622
   -0.1305   -0.8124   -0.5683
...    53 G-C ...
  -81.3427 -116.6112   41.2081
    0.9746    0.1286   -0.1836
    0.2238   -0.6035    0.7653
   -0.0124   -0.7869   -0.6170
...    54 G-C ...
  -81.1767 -118.8292   38.3228
    0.9427   -0.1278    0.3080
   -0.3190   -0.6149    0.7212
    0.0972   -0.7782   -0.6205
...    55 T-A ...
  -80.3892 -121.0656   36.0913
    0.6502   -0.4000    0.6460
   -0.7469   -0.4927    0.4466
    0.1397   -0.7728   -0.6191
...    56 A-T ...
  -79.2728 -123.5231   34.0022
    0.1084   -0.5625    0.8197
   -0.9737   -0.2264   -0.0266
    0.2006   -0.7952   -0.5722
...    57 T-A ...
  -77.8660 -125.9542   32.2544
   -0.3922   -0.6192    0.6802
   -0.8945    0.0841   -0.4391
    0.2147   -0.7807   -0.5869
...    58 C-G ...
  -76.9605 -128.6997   30.5153
   -0.8541   -0.4492    0.2619
   -0.4710    0.4547   -0.7559
    0.2205   -0.7690   -0.6000
...    59 T-A ...
  -76.2933 -131.4918   28.7961
   -0.9819   -0.1147   -0.1509
    0.0478    0.6206   -0.7827
    0.1834   -0.7757   -0.6039
...    60 C-G ...
  -75.6691 -134.0700   26.7611
   -0.7749    0.2837   -0.5648
    0.6067    0.5843   -0.5390
    0.1770   -0.7603   -0.6249
...    61 G-C ...
  -74.7646 -136.1807   24.4399
   -0.3978    0.6492   -0.6483
    0.9082    0.3789   -0.1779
    0.1302   -0.6596   -0.7403
...    62 A-T ...
  -74.0432 -138.4014   22.2004
    0.1548    0.8093   -0.5666
    0.9689   -0.0124    0.2470
    0.1929   -0.5873   -0.7861
...    63 G-C ...
  -73.6409 -140.0300   19.3529
    0.6002    0.7448   -0.2916
    0.7619   -0.4214    0.4919
    0.2435   -0.5173   -0.8204
...    64 C-G ...
  -73.0618 -141.3128   16.2845
    0.9026    0.4208    0.0911
    0.3056   -0.7753    0.5527
    0.3032   -0.4710   -0.8284
...    65 T-A ...
  -72.0887 -142.4880   13.3553
    0.9050    0.0119    0.4253
   -0.1753   -0.9004    0.3982
    0.3876   -0.4349   -0.8128
...    66 C-G ...
  -70.5147 -144.0634   11.0164
    0.6349   -0.4678    0.6148
   -0.6049   -0.7961    0.0190
    0.4806   -0.3840   -0.7884
...    67 G-C ...
  -69.2996 -146.1046    8.5788
    0.1726   -0.8055    0.5670
   -0.8158   -0.4395   -0.3760
    0.5520   -0.3977   -0.7329
...    68 G-C ...
  -67.1932 -147.4677    6.3433
   -0.3168   -0.8994    0.3011
   -0.7689    0.0577   -0.6368
    0.5554   -0.4332   -0.7098
...    69 G-C ...
  -65.2357 -149.1191    4.1946
   -0.7222   -0.6906   -0.0384
   -0.4560    0.5171   -0.7244
    0.5201   -0.5057   -0.6884
...    70 A-T ...
  -63.3470 -150.9584    2.1274
   -0.8414   -0.2526   -0.4777
    0.0631    0.8320   -0.5511
    0.5367   -0.4939   -0.6842
...    71 T-A ...
  -61.7789 -153.0966    0.1464
   -0.6932    0.2174   -0.6872
    0.4835    0.8474   -0.2197
    0.5346   -0.4845   -0.6925
...    72 C-G ...
  -60.1849 -154.8410   -2.1717
   -0.2894    0.6828   -0.6708
    0.7866    0.5690    0.2398
    0.5454   -0.4582   -0.7018
...    73 C-G ...
  -58.7057 -156.6387   -4.8352
    0.1296    0.9222   -0.3644
    0.8098    0.1136    0.5755
    0.5722   -0.3697   -0.7321
...    74 T-A ...
  -57.1003 -157.5036   -7.5130
    0.4439    0.8953    0.0362
    0.6520   -0.3505    0.6724
    0.6147   -0.2749   -0.7393
...    75 C-G ...
  -54.9771 -157.9499   -9.9142
    0.6643    0.5847    0.4657
    0.3382   -0.7907    0.5103
    0.6666   -0.1815   -0.7230
...    76 A-T ...
  -52.8509 -157.7960  -12.6505
    0.6437    0.1356    0.7532
    0.0565   -0.9899    0.1299
    0.7632   -0.0411   -0.6449
...    77 T-A ...
  -50.2940 -157.4261  -14.5952
    0.5455   -0.3586    0.7575
   -0.2405   -0.9328   -0.2684
    0.8029   -0.0358   -0.5951
...    78 G-C ...
  -47.3750 -157.4124  -16.3343
    0.2499   -0.8282    0.5016
   -0.4682   -0.5568   -0.6861
    0.8475   -0.0634   -0.5269
...    79 T-A ...
  -44.2344 -157.4002  -17.5675
   -0.0285   -0.9985    0.0476
   -0.5186   -0.0260   -0.8546
    0.8546   -0.0491   -0.5170
...    80 T-A ...
  -41.3603 -157.5437  -19.0136
   -0.2694   -0.8376   -0.4752
   -0.4055    0.5462   -0.7329
    0.8735   -0.0048   -0.4868
...    81 A-T ...
  -38.4620 -157.1956  -20.8105
   -0.4236   -0.2937   -0.8569
   -0.1755    0.9546   -0.2405
    0.8887    0.0486   -0.4560
...    82 T-A ...
  -35.5733 -157.7163  -22.2103
   -0.4334    0.2205   -0.8738
    0.0325    0.9728    0.2293
    0.9006    0.0709   -0.4288
...    83 A-T ...
  -32.5320 -157.2833  -23.5488
   -0.3821    0.7414   -0.5517
    0.2708    0.6606    0.7002
    0.8835    0.1181   -0.4532
...    84 A-T ...
  -29.8296 -156.9256  -25.1352
   -0.2381    0.9685   -0.0723
    0.4208    0.1700    0.8911
    0.8753    0.1818   -0.4480
...    85 C-G ...
  -27.3133 -156.1575  -27.2288
   -0.0372    0.9006    0.4330
    0.4836   -0.3630    0.7965
    0.8745    0.2391   -0.4220
...    86 G-C ...
  -24.3190 -155.1624  -27.9986
    0.0066    0.5352    0.8447
    0.4931   -0.7366    0.4629
    0.8700    0.4135   -0.2688
...    87 G-C ...
  -21.5715 -153.3501  -28.1778
    0.1381    0.0268    0.9901
    0.5081   -0.8600   -0.0476
    0.8502    0.5096   -0.1323
...    88 A-T ...
  -18.8298 -151.6237  -28.1790
    0.3855   -0.4806    0.7877
    0.3943   -0.6860   -0.6115
    0.8342    0.5463   -0.0749
...    89 G-C ...
  -16.1134 -149.7167  -28.0897
    0.5097   -0.7809    0.3612
    0.1716   -0.3191   -0.9320
    0.8431    0.5370   -0.0287
...    90 C-G ...
  -13.1998 -147.9389  -27.7098
    0.5041   -0.8260   -0.2522
   -0.1395    0.2103   -0.9676
    0.8523    0.5229   -0.0092
...    91 T-A ...
  -10.0182 -146.5848  -27.4448
    0.3462   -0.5518   -0.7587
   -0.3620    0.6676   -0.6506
    0.8655    0.4999    0.0314
...    92 T-A ...
   -7.0515 -145.2586  -27.1296
    0.1209   -0.0255   -0.9923
   -0.5125    0.8545   -0.0844
    0.8501    0.5188    0.0903
...    93 T-A ...
   -4.1282 -143.8302  -26.7871
   -0.1736    0.4827   -0.8584
   -0.5097    0.7017    0.4977
    0.8426    0.5240    0.1242
...    94 A-T ...
   -1.5152 -141.9055  -26.0172
   -0.4835    0.7725   -0.4117
   -0.3223    0.2802    0.9042
    0.8138    0.5699    0.1135
...    95 A-T ...
    1.0338 -140.0501  -25.8398
   -0.6311    0.7652    0.1275
   -0.0189   -0.1795    0.9836
    0.7755    0.6183    0.1277
...    96 C-G ...
    3.4188 -137.7318  -26.0174
   -0.5904    0.5335    0.6057
    0.3070   -0.5456    0.7798
    0.7465    0.6463    0.1584
...    97 A-T ...
    5.7007 -135.3640  -25.3857
   -0.4192    0.0586    0.9060
    0.6130   -0.7178    0.3301
    0.6697    0.6938    0.2650
...    98 C-G ...
    7.3521 -132.6574  -24.3148
   -0.0704   -0.3500    0.9341
    0.7638   -0.6212   -0.1752
    0.6416    0.7011    0.3110
...    99 T-A ...
    9.0865 -129.9130  -22.7380
    0.3452   -0.6712    0.6560
    0.6941   -0.2879   -0.6598
    0.6318    0.6831    0.3665
...   100 T-A ...
   10.8961 -127.6523  -21.2181
    0.7179   -0.6768    0.1629
    0.3668    0.1689   -0.9149
    0.5917    0.7165    0.3695
...   101 T-A ...
   12.6765 -125.3848  -19.6658
    0.8292   -0.4156   -0.3737
   -0.1203    0.5204   -0.8454
    0.5458    0.7460    0.3815
...   102 A-T ...
   14.3192 -122.5724  -18.5559
    0.5799    0.0623   -0.8123
   -0.6461    0.6426   -0.4119
    0.4963    0.7637    0.4129
...   103 T-A ...
   16.4706 -120.5507  -17.1382
    0.1940    0.3460   -0.9180
   -0.8491    0.5279    0.0195
    0.4914    0.7756    0.3962
...   104 G-C ...
   18.2925 -117.9960  -16.0444
   -0.4072    0.5187   -0.7517
   -0.7781    0.2339    0.5829
    0.4782    0.8223    0.3084
...   105 C-G ...
   19.8602 -115.2005  -15.5337
   -0.7924    0.5034   -0.3444
   -0.4501   -0.1016    0.8872
    0.4116    0.8580    0.3071
...   106 T-A ...
   21.2606 -112.1209  -14.9338
   -0.9308    0.3117    0.1912
    0.0751   -0.3488    0.9342
    0.3578    0.8838    0.3013
...   107 T-A ...
   22.2410 -109.1908  -14.1337
   -0.7655    0.0011    0.6435
    0.5782   -0.4377    0.6886
    0.2824    0.8991    0.3344
...   108 C-G ...
   22.8285 -106.1720  -12.9802
   -0.3380   -0.3183    0.8857
    0.9139   -0.3356    0.2282
    0.2246    0.8866    0.4043
...   109 C-G ...
   23.3161 -103.2534  -11.5551
    0.1534   -0.5466    0.8232
    0.9647   -0.0974   -0.2445
    0.2139    0.8317    0.5124
...   110 G-C ...
   24.2732 -100.9019   -9.8350
    0.5956   -0.6034    0.5303
    0.7707    0.2430   -0.5891
    0.2266    0.7595    0.6097
...   111 G-C ...
   25.2283  -98.7900   -7.3725
    0.9096   -0.4052    0.0916
    0.3320    0.5764   -0.7467
    0.2497    0.7097    0.6588
...   112 C-G ...
   26.2212  -96.8984   -4.7775
    0.9355   -0.0379   -0.3512
   -0.2189    0.7182   -0.6605
    0.2772    0.6948    0.6636
...   113 T-A ...
   27.2057  -94.7424   -2.4805
    0.6746    0.3501   -0.6499
   -0.6802    0.6369   -0.3630
    0.2868    0.6869    0.6678
...   114 C-G ...
   28.0714  -92.3848   -0.2942
    0.1347    0.6536   -0.7447
   -0.9485    0.3026    0.0939
    0.2867    0.6937    0.6607
...   115 G-C ...
   28.4963  -90.0606    2.0371
   -0.4637    0.6581   -0.5932
   -0.8539   -0.1534    0.4974
    0.2363    0.7371    0.6331
...   116 T-A ...
   29.4953  -87.2674    3.5359
   -0.8593    0.4339   -0.2708
   -0.4765   -0.4867    0.7322
    0.1859    0.7582    0.6250
...   117 A-T ...
   30.0738  -84.2950    5.1797
   -0.9931   -0.0009    0.1172
    0.0917   -0.6284    0.7725
    0.0730    0.7779    0.6241
...   118 T-A ...
   30.0256  -81.4034    6.6395
   -0.8178   -0.3229    0.4764
    0.5721   -0.5468    0.6113
    0.0631    0.7725    0.6319
...   119 A-T ...
   30.1533  -78.9506    8.8529
   -0.3758   -0.6479    0.6625
    0.9265   -0.2497    0.2814
   -0.0168    0.7196    0.6942
...   120 A-T ...
   29.7520  -76.6795   11.1234
    0.2043   -0.7167    0.6668
    0.9784    0.1724   -0.1144
   -0.0330    0.6758    0.7364
...   121 T-A ...
   29.0261  -74.7390   13.7307
    0.6786   -0.5282    0.5104
    0.7332    0.5281   -0.4284
   -0.0433    0.6650    0.7456
...   122 G-C ...
   28.8581  -72.6959   16.4680
    0.9806   -0.1621    0.1102
    0.1953    0.7595   -0.6206
    0.0170    0.6300    0.7764
...   123 T-A ...
   29.0138  -71.0756   19.3199
    0.9461    0.2439   -0.2131
   -0.3234    0.7482   -0.5794
    0.0181    0.6170    0.7867
...   124 G-C ...
   29.1607  -69.0528   21.9654
    0.5760    0.6117   -0.5422
   -0.8148    0.4834   -0.3201
    0.0663    0.6262    0.7768
...   125 T-A ...
   29.8422  -67.2649   24.5744
    0.0661    0.7572   -0.6499
   -0.9954    0.0955    0.0101
    0.0697    0.6462    0.7600
...   126 C-G ...
   30.1215  -65.1840   26.9562
   -0.5315    0.6735   -0.5138
   -0.8438   -0.3676    0.3910
    0.0745    0.6413    0.7637
...   127 G-C ...
   29.8341  -63.3259   29.6626
   -0.8910    0.2915   -0.3479
   -0.4505   -0.6616    0.5994
   -0.0555    0.6908    0.7209
...   128 A-T ...
   29.8189  -61.1583   31.9493
   -0.9864   -0.1563    0.0516
    0.1504   -0.7282    0.6687
   -0.0669    0.6673    0.7418
...   129 C-G ...
   29.2792  -58.5148   33.8432
   -0.7568   -0.5497    0.3538
    0.6441   -0.5349    0.5468
   -0.1114    0.6417    0.7588
...   130 C-G ...
   28.1475  -56.4229   36.3052
   -0.3062   -0.8243    0.4763
    0.9322   -0.1582    0.3255
   -0.1929    0.5437    0.8168
...   131 A-T ...
   27.8556  -55.0138   39.3268
    0.2632   -0.8633    0.4306
    0.9447    0.3211    0.0662
   -0.1954    0.3894    0.9001
...   132 A-T ...
   27.1010  -53.9551   42.3326
    0.7531   -0.5415    0.3737
    0.6286    0.7599   -0.1656
   -0.1943    0.3596    0.9126
...   133 A-T ...
   26.2583  -53.1289   45.4028
    0.9697    0.0266    0.2429
    0.0642    0.9314   -0.3583
   -0.2358    0.3631    0.9014
...   134 T-A ...
   25.6208  -52.5913   48.6400
    0.8597    0.5097    0.0340
   -0.4497    0.7866   -0.4231
   -0.2424    0.3485    0.9054
...   135 G-C ...
   25.2757  -52.5096   52.0791
    0.3204    0.9427   -0.0928
   -0.8825    0.2614   -0.3910
   -0.3443    0.2071    0.9157
...   136 T-A ...
   25.5257  -52.9787   55.8049
   -0.2439    0.9563   -0.1610
   -0.8908   -0.2866   -0.3525
   -0.3833    0.0575    0.9218
...   137 G-C ...
   24.8933  -52.7377   58.9865
   -0.7529    0.5562   -0.3519
   -0.5215   -0.8303   -0.1966
   -0.4015    0.0355    0.9152
...   138 A-T ...
   24.0143  -51.6374   61.9242
   -0.9563    0.0401   -0.2896
   -0.0524   -0.9980    0.0347
   -0.2876    0.0484    0.9565
...   139 G-C ...
   22.3467  -51.2411   64.4940
   -0.8529   -0.5118   -0.1033
    0.4974   -0.8566    0.1373
   -0.1587    0.0657    0.9851
...   140 C-G ...
   22.1503  -50.1498   67.4638
   -0.4681   -0.8748    0.1248
    0.8495   -0.4066    0.3362
   -0.2434    0.2634    0.9335
...   141 G-C ...
   21.4256  -51.8266   72.7876
    0.1303   -0.7143   -0.6876
    0.8897   -0.2218    0.3990
   -0.4375   -0.6638    0.6066
...   142 C-G ...
   20.4245  -54.3095   74.5418
    0.5846   -0.7390   -0.3348
    0.7594    0.3532    0.5465
   -0.2856   -0.5737    0.7676
...   143 T-A ...
   18.4271  -55.5290   76.5299
    0.8548   -0.5005    0.1370
    0.3188    0.7148    0.6224
   -0.4095   -0.4884    0.7706
...   144 C-G ...
   16.8371  -57.7222   78.2674
    0.8529   -0.0846    0.5151
   -0.1508    0.9048    0.3983
   -0.4998   -0.4174    0.7589
...   145 A-T ...
   15.7829  -59.5615   80.7981
    0.5516    0.4995    0.6680
   -0.6739    0.7388    0.0039
   -0.4916   -0.4523    0.7441
...   146 C-G ...
   15.7314  -61.4940   83.9316
    0.0344    0.7399    0.6718
   -0.8637    0.3602   -0.3526
   -0.5029   -0.5681    0.6514
...   147 A-T ...
   14.7383  -63.4279   86.8192
   -0.5924    0.6746    0.4405
   -0.6886   -0.1401   -0.7114
   -0.4182   -0.7248    0.5475
