  147 base-pairs
...     1 T-A ...
    0.0000    0.0000    0.0000
    1.0000    0.0000    0.0000
    0.0000    1.0000    0.0000
    0.0000    0.0000    1.0000
...     2 G-C ...
   -0.5555   -1.1003    3.3981
    0.7749    0.6051    0.1828
   -0.5991    0.7953   -0.0929
   -0.2016   -0.0375    0.9787
...     3 T-A ...
   -0.6619   -3.0237    6.5348
    0.3046    0.9250    0.2271
   -0.8994    0.3578   -0.2510
   -0.3134   -0.1278    0.9410
...     4 G-C ...
   -1.1607   -3.8418    9.6940
   -0.3351    0.9421    0.0133
   -0.8752   -0.3061   -0.3746
   -0.3489   -0.1372    0.9271
...     5 A-T ...
   -1.3881   -3.6770   12.8999
   -0.7835    0.6162   -0.0801
   -0.5677   -0.7622   -0.3109
   -0.2527   -0.1981    0.9470
...     6 G-C ...
   -2.6236   -3.5448   15.7072
   -0.9923    0.0611   -0.1075
   -0.0294   -0.9610   -0.2748
   -0.1201   -0.2695    0.9555
...     7 C-G ...
   -2.3138   -3.7570   18.8866
   -0.8620   -0.4995   -0.0864
    0.5008   -0.8655    0.0073
   -0.0785   -0.0370    0.9962
...     8 G-C ...
   -3.9561   -6.8109   23.3205
   -0.2581   -0.3560   -0.8981
    0.6294   -0.7673    0.1233
   -0.7330   -0.5335    0.4221
...     9 C-G ...
   -6.1177   -8.9414   24.2385
    0.1143   -0.7320   -0.6716
    0.8123   -0.3203    0.4874
   -0.5720   -0.6013    0.5580
...    10 T-A ...
   -8.5041   -9.6771   26.0540
    0.4660   -0.8587   -0.2131
    0.6274    0.1508    0.7640
   -0.6239   -0.4897    0.6090
...    11 C-G ...
  -11.0625  -11.3174   27.2336
    0.6660   -0.6911    0.2808
    0.3382    0.6152    0.7121
   -0.6649   -0.3794    0.6435
...    12 A-T ...
  -13.0013  -13.1789   29.0658
    0.7188   -0.1490    0.6790
   -0.1787    0.9043    0.3876
   -0.6718   -0.4000    0.6235
...    13 C-G ...
  -14.1788  -15.9359   31.3399
    0.4052    0.2865    0.8682
   -0.5270    0.8492   -0.0343
   -0.7470   -0.4437    0.4951
...    14 A-T ...
  -15.9532  -18.1566   33.3080
   -0.1503    0.6873    0.7107
   -0.6106    0.5008   -0.6135
   -0.7776   -0.5261    0.3444
...    15 A-T ...
  -18.3945  -19.9434   34.4642
   -0.4555    0.8611    0.2259
   -0.4020    0.0274   -0.9152
   -0.7943   -0.5077    0.3337
...    16 T-A ...
  -20.7875  -21.5185   36.2754
   -0.6279    0.7231   -0.2878
   -0.0813   -0.4287   -0.8998
   -0.7741   -0.5415    0.3280
...    17 T-A ...
  -23.3281  -23.0712   37.6802
   -0.5790    0.3190   -0.7503
    0.3125   -0.7631   -0.5657
   -0.7530   -0.5620    0.3422
...    18 T-A ...
  -25.8755  -24.7050   38.8099
   -0.2780   -0.1307   -0.9516
    0.5744   -0.8166   -0.0557
   -0.7699   -0.5621    0.3021
...    19 A-T ...
  -28.4118  -26.6621   39.6110
    0.1581   -0.4860   -0.8595
    0.6132   -0.6340    0.4712
   -0.7739   -0.6016    0.1978
...    20 T-A ...
  -31.3262  -28.2298   39.7868
    0.4488   -0.7395   -0.5017
    0.4471   -0.3003    0.8426
   -0.7737   -0.6025    0.1959
...    21 T-A ...
  -33.9477  -30.1630   40.1149
    0.6256   -0.7781    0.0568
    0.1053    0.1563    0.9821
   -0.7730   -0.6084    0.1797
...    22 C-G ...
  -36.4278  -32.2373   40.6601
    0.5960   -0.5255    0.6071
   -0.2907    0.5636    0.7732
   -0.7485   -0.6374    0.1831
...    23 G-C ...
  -38.9615  -34.0897   41.8870
    0.4309   -0.0394    0.9015
   -0.6123    0.7211    0.3242
   -0.6628   -0.6918    0.2866
...    24 C-G ...
  -40.8426  -36.6118   42.7840
    0.0837    0.3803    0.9211
   -0.7478    0.6349   -0.1942
   -0.6586   -0.6725    0.3375
...    25 A-T ...
  -43.3735  -38.5673   43.6572
   -0.3289    0.7086    0.6243
   -0.6626    0.2979   -0.6872
   -0.6729   -0.6397    0.3715
...    26 A-T ...
  -45.4892  -40.6373   45.0858
   -0.6533    0.7460    0.1289
   -0.3574   -0.1538   -0.9212
   -0.6674   -0.6479    0.3671
...    27 A-T ...
  -47.5355  -42.6599   46.6222
   -0.7550    0.5055   -0.4177
    0.1004   -0.5403   -0.8354
   -0.6480   -0.6727    0.3571
...    28 G-C ...
  -49.9341  -44.5317   48.0843
   -0.5479    0.1826   -0.8164
    0.4736   -0.7367   -0.4827
   -0.6896   -0.6511    0.3171
...    29 G-C ...
  -52.6059  -46.4621   49.1183
   -0.1266   -0.1941   -0.9728
    0.6925   -0.7194    0.0534
   -0.7102   -0.6669    0.2255
...    30 C-G ...
  -55.2471  -48.3406   49.6082
    0.3168   -0.5013   -0.8052
    0.6404   -0.5132    0.5714
   -0.6996   -0.6967    0.1584
...    31 C-G ...
  -57.7918  -50.4862   49.9355
    0.6764   -0.6306   -0.3806
    0.3521   -0.1771    0.9191
   -0.6470   -0.7556    0.1022
...    32 G-C ...
  -59.5314  -52.9591   50.4062
    0.8344   -0.5389    0.1158
   -0.0619    0.1172    0.9912
   -0.5477   -0.8342    0.0644
...    33 G-C ...
  -60.8336  -56.0549   50.4916
    0.7001   -0.3347    0.6308
   -0.5342    0.3406    0.7737
   -0.4738   -0.8786    0.0597
...    34 C-G ...
  -61.9529  -59.1272   50.6193
    0.3100   -0.0600    0.9488
   -0.8464    0.4372    0.3041
   -0.4331   -0.8974    0.0848
...    35 C-G ...
  -63.0623  -62.2835   51.2612
   -0.2065    0.2162    0.9543
   -0.8930    0.3570   -0.2741
   -0.3999   -0.9087    0.1193
...    36 C-G ...
  -64.2634  -65.3395   51.9585
   -0.6542    0.4032    0.6399
   -0.6467    0.1405   -0.7497
   -0.3922   -0.9043    0.1689
...    37 G-C ...
  -65.9036  -68.3679   51.5258
   -0.8831    0.4592    0.0962
   -0.1587   -0.0994   -0.9823
   -0.4416   -0.8827    0.1606
...    38 A-T ...
  -67.1406  -71.2147   52.0727
   -0.8084    0.3215   -0.4931
    0.3984   -0.3179   -0.8604
   -0.4334   -0.8919    0.1289
...    39 C-G ...
  -68.9539  -73.8014   52.6749
   -0.4676    0.1580   -0.8697
    0.7573   -0.4357   -0.4864
   -0.4558   -0.8861    0.0841
...    40 A-T ...
  -70.6043  -76.6844   52.8716
    0.0816   -0.0154   -0.9965
    0.8867   -0.4555    0.0796
   -0.4551   -0.8901   -0.0235
...    41 C-G ...
  -72.4005  -79.3576   52.3459
    0.5480   -0.1716   -0.8187
    0.7226   -0.3959    0.5666
   -0.4213   -0.9021   -0.0930
...    42 G-C ...
  -73.4143  -82.5326   52.2845
    0.9016   -0.2644   -0.3424
    0.2714   -0.2706    0.9236
   -0.3369   -0.9257   -0.1722
...    43 A-T ...
  -74.5117  -85.4382   51.6797
    0.8970   -0.3587    0.2583
   -0.3011   -0.0679    0.9512
   -0.3236   -0.9310   -0.1689
...    44 C-G ...
  -75.2205  -88.4334   50.4927
    0.6255   -0.2867    0.7256
   -0.7353    0.0942    0.6711
   -0.2607   -0.9534   -0.1519
...    45 T-A ...
  -75.4000  -91.9774   49.7612
    0.1134   -0.1650    0.9798
   -0.9662    0.2114    0.1475
   -0.2315   -0.9634   -0.1354
...    46 T-A ...
  -75.7028  -95.1757   49.2096
   -0.3945   -0.0637    0.9167
   -0.8925    0.2640   -0.3658
   -0.2187   -0.9624   -0.1610
...    47 A-T ...
  -76.6916  -98.3026   48.4170
   -0.8774    0.0923    0.4709
   -0.4377    0.2480   -0.8642
   -0.1965   -0.9644   -0.1772
...    48 C-G ...
  -77.2552 -101.6165   48.4998
   -0.9764    0.2073   -0.0605
    0.0956    0.1638   -0.9818
   -0.1936   -0.9645   -0.1798
...    49 T-A ...
  -78.0545 -104.8878   48.3307
   -0.7558    0.3374   -0.5611
    0.6059    0.0356   -0.7948
   -0.2482   -0.9407   -0.2313
...    50 C-G ...
  -78.9760 -107.9300   47.5842
   -0.2944    0.3439   -0.8917
    0.9255   -0.1303   -0.3557
   -0.2385   -0.9299   -0.2799
...    51 A-T ...
  -79.9066 -111.0936   46.8050
    0.2741    0.3433   -0.8984
    0.9335   -0.3195    0.1627
   -0.2312   -0.8832   -0.4080
...    52 T-A ...
  -80.9978 -113.6929   45.2325
    0.7048    0.2141   -0.6763
    0.6843   -0.4566    0.5685
   -0.1871   -0.8635   -0.4683
...    53 G-C ...
  -81.5392 -116.5051   43.2354
    0.9830    0.0602   -0.1732
    0.1784   -0.5324    0.8275
   -0.0424   -0.8444   -0.5341
...    54 T-A ...
  -81.5321 -118.8582   40.8885
    0.9401   -0.1799    0.2897
   -0.3409   -0.5158    0.7860
    0.0081   -0.8376   -0.5462
...    55 T-A ...
  -81.2891 -121.4089   39.0408
    0.6179   -0.3943    0.6802
   -0.7837   -0.3786    0.4924
    0.0633   -0.8373   -0.5430
...    56 A-T ...
  -81.2192 -124.3210   37.3769
    0.0398   -0.5166    0.8553
   -0.9944   -0.1040   -0.0165
    0.0974   -0.8499   -0.5179
...    57 T-A ...
  -80.1852 -127.0080   35.8729
   -0.4522   -0.5321    0.7158
   -0.8835    0.1573   -0.4412
    0.1221   -0.8320   -0.5412
...    58 A-T ...
  -79.9231 -129.6931   33.7696
   -0.9008   -0.3597    0.2431
   -0.3979    0.4603   -0.7936
    0.1735   -0.8117   -0.5578
...    59 A-T ...
  -79.2887 -132.3753   32.1119
   -0.9613   -0.0678   -0.2670
    0.1707    0.6140   -0.7706
    0.2162   -0.7863   -0.5787
...    60 C-G ...
  -78.7712 -135.4564   30.6706
   -0.7147    0.2690   -0.6456
    0.6563    0.5769   -0.4862
    0.2417   -0.7712   -0.5889
...    61 G-C ...
  -77.8392 -137.6488   28.4761
   -0.2948    0.6504   -0.7000
    0.9310    0.3604   -0.0572
    0.2151   -0.6686   -0.7118
...    62 G-C ...
  -77.4127 -139.6916   25.9473
    0.1865    0.8194   -0.5420
    0.9585   -0.0306    0.2835
    0.2157   -0.5724   -0.7911
...    63 A-T ...
  -76.8781 -141.4634   23.2476
    0.6778    0.6983   -0.2300
    0.6884   -0.4929    0.5321
    0.2582   -0.5190   -0.8149
...    64 T-A ...
  -76.3484 -142.6540   20.2825
    0.9191    0.3846    0.0857
    0.2722   -0.7769    0.5677
    0.2849   -0.4985   -0.8188
...    65 G-C ...
  -75.0552 -144.0030   17.3697
    0.8657   -0.0326    0.4995
   -0.2522   -0.8904    0.3790
    0.4324   -0.4540   -0.7790
...    66 T-A ...
  -73.3689 -144.9557   14.8445
    0.6132   -0.4290    0.6633
   -0.6184   -0.7831    0.0652
    0.4915   -0.4502   -0.7455
...    67 A-T ...
  -71.7331 -146.5462   12.5106
    0.1277   -0.7884    0.6018
   -0.8250   -0.4212   -0.3767
    0.5505   -0.4484   -0.7042
...    68 G-C ...
  -69.6310 -147.9405   10.5038
   -0.3089   -0.8791    0.3629
   -0.7613   -0.0002   -0.6484
    0.5701   -0.4766   -0.6692
...    69 G-C ...
  -67.0237 -149.8999    8.8322
   -0.6776   -0.7352   -0.0179
   -0.4747    0.4558   -0.7529
    0.5617   -0.5016   -0.6579
...    70 T-A ...
  -65.1105 -151.8632    6.9966
   -0.8114   -0.4062   -0.4202
   -0.0643    0.7766   -0.6267
    0.5809   -0.4815   -0.6563
...    71 A-T ...
  -63.2152 -153.8493    4.9985
   -0.7126    0.1325   -0.6890
    0.4101    0.8754   -0.2558
    0.5692   -0.4648   -0.6782
...    72 T-A ...
  -61.7820 -155.9122    2.8782
   -0.4167    0.5467   -0.7262
    0.6936    0.7077    0.1347
    0.5876   -0.4476   -0.6741
...    73 C-G ...
  -60.0854 -157.4818    0.3896
    0.0616    0.8788   -0.4732
    0.7963    0.2425    0.5541
    0.6017   -0.4110   -0.6848
...    74 T-A ...
  -58.2766 -158.6122   -2.1188
    0.3815    0.9226   -0.0576
    0.6685   -0.2324    0.7064
    0.6383   -0.3080   -0.7054
...    75 C-G ...
  -56.0724 -159.2926   -4.4440
    0.6174    0.6798    0.3959
    0.4036   -0.7057    0.5824
    0.6752   -0.1998   -0.7100
...    76 G-C ...
  -53.4558 -159.8589   -6.3570
    0.5298    0.3130    0.7883
    0.1623   -0.9497    0.2680
    0.8325   -0.0140   -0.5539
...    77 A-T ...
  -50.5182 -159.6263   -8.0265
    0.4912   -0.2703    0.8280
   -0.1114   -0.9623   -0.2481
    0.8639    0.0297   -0.5028
...    78 G-C ...
  -47.5120 -159.2779   -9.3983
    0.3356   -0.7244    0.6022
   -0.3002   -0.6881   -0.6605
    0.8929    0.0409   -0.4484
...    79 C-G ...
  -44.2622 -159.0447  -10.4805
    0.0901   -0.9903    0.1061
   -0.4116   -0.1340   -0.9014
    0.9069    0.0376   -0.4197
...    80 T-A ...
  -41.2164 -158.9183  -11.7034
   -0.1141   -0.9075   -0.4042
   -0.3796    0.4158   -0.8265
    0.9181    0.0591   -0.3919
...    81 C-G ...
  -38.2026 -158.6064  -13.0830
   -0.3090   -0.4761   -0.8233
   -0.2514    0.8758   -0.4121
    0.9172    0.0796   -0.3903
...    82 G-C ...
  -35.3548 -157.3875  -14.5376
   -0.4392    0.0886   -0.8940
   -0.0542    0.9907    0.1248
    0.8968    0.1033   -0.4303
...    83 G-C ...
  -32.2906 -157.0963  -15.7876
   -0.4716    0.6020   -0.6443
    0.1304    0.7703    0.6242
    0.8721    0.2104   -0.4418
...    84 G-C ...
  -29.4413 -156.5491  -17.4621
   -0.4462    0.8800   -0.1627
    0.3591    0.3426    0.8681
    0.8197    0.3289   -0.4689
...    85 A-T ...
  -26.8832 -155.4270  -19.1716
   -0.2278    0.8905    0.3939
    0.5553   -0.2135    0.8038
    0.7999    0.4018   -0.4458
...    86 T-A ...
  -24.7111 -153.7651  -20.9888
    0.0379    0.6382    0.7689
    0.6078   -0.6255    0.4892
    0.7932    0.4488   -0.4116
...    87 C-G ...
  -22.2352 -152.0010  -22.2246
    0.3269    0.1395    0.9347
    0.5100   -0.8587   -0.0502
    0.7956    0.4931   -0.3519
...    88 C-G ...
  -19.6580 -150.1445  -23.0688
    0.4561   -0.3695    0.8096
    0.3133   -0.7849   -0.5346
    0.8330    0.4975   -0.2422
...    89 G-C ...
  -16.7466 -148.8934  -23.9594
    0.4651   -0.7870    0.4053
    0.0739   -0.4217   -0.9037
    0.8822    0.4502   -0.1380
...    90 C-G ...
  -13.6024 -147.4206  -23.8623
    0.4232   -0.8860   -0.1895
   -0.1815    0.1220   -0.9758
    0.8877    0.4474   -0.1092
...    91 T-A ...
  -10.3037 -146.3350  -23.9133
    0.2632   -0.6478   -0.7149
   -0.3458    0.6285   -0.6967
    0.9006    0.4306   -0.0586
...    92 T-A ...
   -7.2348 -145.2152  -23.8530
    0.0726   -0.1228   -0.9898
   -0.4537    0.8797   -0.1425
    0.8882    0.4594    0.0082
...    93 T-A ...
   -4.1945 -143.9971  -23.7383
   -0.1719    0.4227   -0.8898
   -0.4385    0.7760    0.4534
    0.8821    0.4681    0.0520
...    94 A-T ...
   -1.4273 -142.2185  -23.1647
   -0.4403    0.7734   -0.4560
   -0.2705    0.3700    0.8888
    0.8561    0.5147    0.0463
...    95 A-T ...
    1.2480 -140.5454  -23.1931
   -0.5738    0.8146    0.0847
   -0.0016   -0.1046    0.9945
    0.8190    0.5705    0.0613
...    96 C-G ...
    3.7744 -138.4185  -23.6005
   -0.5405    0.6135    0.5758
    0.2900   -0.5065    0.8120
    0.7898    0.6058    0.0958
...    97 A-T ...
    6.2076 -136.1534  -23.1821
   -0.4005    0.1479    0.9043
    0.5754   -0.7274    0.3739
    0.7131    0.6700    0.2063
...    98 C-G ...
    8.0235 -133.4887  -22.3035
   -0.0782   -0.2800    0.9568
    0.7261   -0.6736   -0.1378
    0.6831    0.6840    0.2560
...    99 T-A ...
    9.9251 -130.7479  -20.9308
    0.3151   -0.6451    0.6961
    0.6721   -0.3662   -0.6436
    0.6701    0.6706    0.3182
...   100 T-A ...
   11.8635 -128.4904  -19.5684
    0.6856   -0.6995    0.2015
    0.3675    0.0936   -0.9253
    0.6284    0.7085    0.3212
...   101 T-A ...
   13.7515 -126.2158  -18.1518
    0.8100   -0.4705   -0.3501
   -0.1038    0.4725   -0.8752
    0.5772    0.7452    0.3339
...   102 A-T ...
   15.4840 -123.3798  -17.2068
    0.5779    0.0099   -0.8161
   -0.6319    0.6382   -0.4397
    0.5164    0.7698    0.3751
...   103 T-A ...
   17.6858 -121.3415  -15.8845
    0.1994    0.3013   -0.9324
   -0.8376    0.5462   -0.0026
    0.5086    0.7815    0.3613
...   104 G-C ...
   19.5596 -118.7813  -14.9008
   -0.3979    0.4945   -0.7727
   -0.7722    0.2742    0.5732
    0.4953    0.8248    0.2728
...   105 C-G ...
   21.1774 -116.0007  -14.5089
   -0.7832    0.5025   -0.3661
   -0.4527   -0.0572    0.8898
    0.4262    0.8627    0.2723
...   106 T-A ...
   22.6446 -112.9342  -14.0246
   -0.9270    0.3319    0.1747
    0.0661   -0.3140    0.9471
    0.3692    0.8895    0.2691
...   107 T-A ...
   23.6568 -109.9906  -13.3271
   -0.7704    0.0328    0.6368
    0.5681   -0.4180    0.7089
    0.2894    0.9079    0.3034
...   108 C-G ...
   24.2571 -106.9434  -12.2716
   -0.3521   -0.2860    0.8912
    0.9081   -0.3351    0.2512
    0.2267    0.8977    0.3777
...   109 C-G ...
   24.7362 -103.9876  -10.9199
    0.1377   -0.5207    0.8425
    0.9676   -0.1111   -0.2268
    0.2118    0.8464    0.4886
...   110 G-C ...
   25.6796 -101.6009   -9.2408
    0.5837   -0.5896    0.5582
    0.7818    0.2224   -0.5826
    0.2193    0.7765    0.5907
...   111 G-C ...
   26.6044  -99.4279   -6.8154
    0.9066   -0.4043    0.1206
    0.3479    0.5544   -0.7561
    0.2388    0.7274    0.6433
...   112 C-G ...
   27.5465  -97.4648   -4.2533
    0.9423   -0.0482   -0.3313
   -0.2046    0.7003   -0.6839
    0.2650    0.7122    0.6501
...   113 T-A ...
   28.4759  -95.2448   -1.9949
    0.6878    0.3354   -0.6437
   -0.6731    0.6268   -0.3926
    0.2718    0.7033    0.6568
...   114 C-G ...
   29.2757  -92.8351    0.1637
    0.1479    0.6380   -0.7557
   -0.9517    0.2996    0.0667
    0.2689    0.7093    0.6515
...   115 G-C ...
   29.6330  -90.4650    2.4619
   -0.4548    0.6431   -0.6161
   -0.8638   -0.1500    0.4810
    0.2169    0.7510    0.6237
...   116 T-A ...
   30.5766  -87.6349    3.9299
   -0.8564    0.4217   -0.2979
   -0.4890   -0.4772    0.7302
    0.1658    0.7710    0.6149
...   117 A-T ...
   31.0902  -84.6296    5.5361
   -0.9955   -0.0081    0.0949
    0.0799   -0.6141    0.7852
    0.0519    0.7892    0.6120
...   118 T-A ...
   30.9775  -81.7147    6.9463
   -0.8252   -0.3231    0.4633
    0.5633   -0.5310    0.6331
    0.0414    0.7834    0.6202
...   119 A-T ...
   31.0176  -79.2236    9.1195
   -0.3854   -0.6419    0.6629
    0.9218   -0.2363    0.3072
   -0.0405    0.7295    0.6828
...   120 A-T ...
   30.5397  -76.9250   11.3479
    0.1950   -0.7059    0.6809
    0.9791    0.1807   -0.0931
   -0.0573    0.6849    0.7264
...   121 T-A ...
   29.7317  -74.9585   13.9114
    0.6712   -0.5151    0.5330
    0.7382    0.5300   -0.4173
   -0.0676    0.6736    0.7360
...   122 G-C ...
   29.4762  -72.8860   16.6227
    0.9792   -0.1519    0.1346
    0.2028    0.7543   -0.6244
   -0.0066    0.6387    0.7694
...   123 T-A ...
   29.5485  -71.2342   19.4603
    0.9485    0.2503   -0.1944
   -0.3169    0.7389   -0.5946
   -0.0052    0.6255    0.7802
...   124 G-C ...
   29.6138  -69.1811   22.0871
    0.5819    0.6118   -0.5358
   -0.8121    0.4724   -0.3426
    0.0435    0.6345    0.7717
...   125 T-A ...
   30.2203  -67.3624   24.6934
    0.0727    0.7516   -0.6556
   -0.9962    0.0862   -0.0116
    0.0478    0.6539    0.7550
...   126 C-G ...
   30.4295  -65.2543   27.0582
   -0.5271    0.6640   -0.5303
   -0.8481   -0.3717    0.3776
    0.0536    0.6488    0.7591
...   127 G-C ...
   30.0647  -63.3843   29.7502
   -0.8884    0.2823   -0.3621
   -0.4536   -0.6615    0.5972
   -0.0710    0.6948    0.7157
...   128 A-T ...
   29.9989  -61.2022   32.0237
   -0.9857   -0.1637    0.0403
    0.1476   -0.7229    0.6750
   -0.0813    0.6713    0.7367
...   129 C-G ...
   29.4103  -58.5541   33.8996
   -0.7566   -0.5532    0.3487
    0.6420   -0.5271    0.5568
   -0.1243    0.6451    0.7539
...   130 C-G ...
   28.2408  -56.4543   36.3375
   -0.3050   -0.8238    0.4779
    0.9303   -0.1503    0.3346
   -0.2038    0.5466    0.8122
...   131 A-T ...
   27.9052  -55.0308   39.3468
    0.2638   -0.8609    0.4350
    0.9429    0.3253    0.0720
   -0.2035    0.3912    0.8975
...   132 A-T ...
   27.1257  -53.9610   42.3414
    0.7527   -0.5390    0.3780
    0.6273    0.7615   -0.1632
   -0.1999    0.3600    0.9113
...   133 A-T ...
   26.2680  -53.1333   45.4081
    0.9689    0.0283    0.2457
    0.0637    0.9314   -0.3584
   -0.2390    0.3629    0.9006
...   134 T-A ...
   25.6209  -52.5914   48.6400
    0.8597    0.5097    0.0340
   -0.4497    0.7866   -0.4231
   -0.2424    0.3485    0.9054
...   135 G-C ...
   25.2758  -52.5096   52.0791
    0.3204    0.9427   -0.0928
   -0.8825    0.2614   -0.3910
   -0.3443    0.2071    0.9157
...   136 T-A ...
   25.5258  -52.9787   55.8049
   -0.2439    0.9563   -0.1610
   -0.8908   -0.2866   -0.3525
   -0.3833    0.0575    0.9218
...   137 G-C ...
   24.8933  -52.7378   58.9865
   -0.7529    0.5562   -0.3519
   -0.5215   -0.8303   -0.1966
   -0.4015    0.0355    0.9152
...   138 A-T ...
   24.0143  -51.6375   61.9242
   -0.9563    0.0401   -0.2896
   -0.0524   -0.9980    0.0347
   -0.2876    0.0484    0.9565
...   139 G-C ...
   22.3467  -51.2412   64.4940
   -0.8529   -0.5118   -0.1033
    0.4974   -0.8566    0.1373
   -0.1587    0.0657    0.9851
...   140 C-G ...
   22.1503  -50.1499   67.4638
   -0.4681   -0.8748    0.1248
    0.8495   -0.4066    0.3362
   -0.2434    0.2634    0.9335
...   141 G-C ...
   21.4257  -51.8267   72.7876
    0.1303   -0.7143   -0.6876
    0.8897   -0.2218    0.3990
   -0.4375   -0.6638    0.6066
...   142 C-G ...
   20.4246  -54.3095   74.5418
    0.5846   -0.7390   -0.3348
    0.7594    0.3532    0.5465
   -0.2856   -0.5737    0.7676
...   143 T-A ...
   18.4271  -55.5291   76.5299
    0.8548   -0.5005    0.1370
    0.3188    0.7148    0.6224
   -0.4095   -0.4884    0.7706
...   144 C-G ...
   16.8372  -57.7223   78.2673
    0.8529   -0.0846    0.5151
   -0.1508    0.9048    0.3983
   -0.4998   -0.4174    0.7589
...   145 A-T ...
   15.7829  -59.5616   80.7981
    0.5516    0.4995    0.6680
   -0.6739    0.7388    0.0039
   -0.4916   -0.4523    0.7441
...   146 C-G ...
   15.7315  -61.4941   83.9316
    0.0344    0.7399    0.6718
   -0.8637    0.3602   -0.3526
   -0.5029   -0.5681    0.6514
...   147 A-T ...
   14.7384  -63.4280   86.8192
   -0.5924    0.6746    0.4405
   -0.6886   -0.1401   -0.7114
   -0.4182   -0.7248    0.5475
