  147 base-pairs
...     1 T-A ...
    0.0000    0.0000    0.0000
    1.0000    0.0000    0.0000
    0.0000    1.0000    0.0000
    0.0000    0.0000    1.0000
...     2 G-C ...
   -0.5555   -1.1003    3.3981
    0.7749    0.6051    0.1828
   -0.5991    0.7953   -0.0929
   -0.2016   -0.0375    0.9787
...     3 T-A ...
   -0.6619   -3.0237    6.5348
    0.3046    0.9250    0.2271
   -0.8994    0.3578   -0.2510
   -0.3134   -0.1278    0.9410
...     4 G-C ...
   -1.1607   -3.8418    9.6940
   -0.3351    0.9421    0.0133
   -0.8752   -0.3061   -0.3746
   -0.3489   -0.1372    0.9271
...     5 A-T ...
   -1.3881   -3.6770   12.8999
   -0.7835    0.6162   -0.0801
   -0.5677   -0.7622   -0.3109
   -0.2527   -0.1981    0.9470
...     6 G-C ...
   -2.6236   -3.5448   15.7072
   -0.9923    0.0611   -0.1075
   -0.0294   -0.9610   -0.2748
   -0.1201   -0.2695    0.9555
...     7 C-G ...
   -2.3138   -3.7570   18.8866
   -0.8620   -0.4995   -0.0864
    0.5008   -0.8655    0.0073
   -0.0785   -0.0370    0.9962
...     8 G-C ...
   -3.9561   -6.8109   23.3205
   -0.2581   -0.3560   -0.8981
    0.6294   -0.7673    0.1233
   -0.7330   -0.5335    0.4221
...     9 C-G ...
   -6.1177   -8.9414   24.2385
    0.1143   -0.7320   -0.6716
    0.8123   -0.3203    0.4874
   -0.5720   -0.6013    0.5580
...    10 T-A ...
   -8.5041   -9.6771   26.0540
    0.4660   -0.8587   -0.2131
    0.6274    0.1508    0.7640
   -0.6239   -0.4897    0.6090
...    11 C-G ...
  -11.0625  -11.3174   27.2336
    0.6660   -0.6911    0.2808
    0.3382    0.6152    0.7121
   -0.6649   -0.3794    0.6435
...    12 A-T ...
  -13.0013  -13.1789   29.0658
    0.7188   -0.1490    0.6790
   -0.1787    0.9043    0.3876
   -0.6718   -0.4000    0.6235
...    13 C-G ...
  -14.1788  -15.9359   31.3399
    0.4052    0.2865    0.8682
   -0.5270    0.8492   -0.0343
   -0.7470   -0.4437    0.4951
...    14 A-T ...
  -15.9532  -18.1566   33.3080
   -0.1503    0.6873    0.7107
   -0.6106    0.5008   -0.6135
   -0.7776   -0.5261    0.3444
...    15 A-T ...
  -18.3195  -19.9433   34.6355
   -0.4763    0.8458    0.2404
   -0.4048    0.0317   -0.9138
   -0.7805   -0.5326    0.3273
...    16 T-A ...
  -20.6634  -21.5159   36.3220
   -0.6069    0.7534   -0.2532
   -0.1057   -0.3923   -0.9137
   -0.7877   -0.5278    0.3177
...    17 T-A ...
  -23.2335  -23.0601   37.5435
   -0.5417    0.4203   -0.7280
    0.2544   -0.7434   -0.6185
   -0.8012   -0.5202    0.2958
...    18 T-A ...
  -25.9367  -24.5144   38.5629
   -0.2814   -0.0446   -0.9585
    0.5088   -0.8539   -0.1097
   -0.8136   -0.5186    0.2630
...    19 A-T ...
  -28.8159  -26.0845   39.1532
    0.1511   -0.4316   -0.8893
    0.5441   -0.7148    0.4394
   -0.8253   -0.5503    0.1268
...    20 T-A ...
  -31.7905  -27.4649   39.0786
    0.4176   -0.7193   -0.5551
    0.3871   -0.4119    0.8249
   -0.8220   -0.5594    0.1065
...    21 T-A ...
  -34.5163  -29.2190   39.1299
    0.5689   -0.8224    0.0020
    0.0743    0.0539    0.9958
   -0.8190   -0.5664    0.0917
...    22 C-G ...
  -37.0966  -31.2228   39.3244
    0.5254   -0.6228    0.5797
   -0.2932    0.5071    0.8105
   -0.7987   -0.5958    0.0838
...    23 G-C ...
  -39.8074  -33.0564   39.9994
    0.3344   -0.1830    0.9245
   -0.5735    0.7389    0.3537
   -0.7478   -0.6485    0.1422
...    24 C-G ...
  -41.9896  -35.5091   40.4971
   -0.0141    0.2686    0.9631
   -0.6725    0.7103   -0.2079
   -0.7400   -0.6506    0.1706
...    25 A-T ...
  -44.6175  -37.4793   40.9735
   -0.3471    0.6716    0.6545
   -0.5542    0.4161   -0.7209
   -0.7565   -0.6130    0.2278
...    26 A-T ...
  -46.9394  -39.5340   41.9560
   -0.6147    0.7780    0.1298
   -0.2446   -0.0317   -0.9691
   -0.7499   -0.6274    0.2098
...    27 A-T ...
  -49.3562  -41.4894   42.8942
   -0.6460    0.6222   -0.4421
    0.1575   -0.4580   -0.8749
   -0.7469   -0.6348    0.1979
...    28 G-C ...
  -51.9724  -43.3374   43.7136
   -0.4091    0.3432   -0.8455
    0.4738   -0.7120   -0.5182
   -0.7798   -0.6126    0.1286
...    29 G-C ...
  -54.8348  -45.0791   44.1248
   -0.0095   -0.0215   -0.9997
    0.6053   -0.7959    0.0114
   -0.7959   -0.6050    0.0205
...    30 C-G ...
  -57.7006  -46.7008   43.9532
    0.3688   -0.4016   -0.8383
    0.5033   -0.6719    0.5433
   -0.7814   -0.6223   -0.0457
...    31 C-G ...
  -60.3673  -48.6769   43.3457
    0.6593   -0.6278   -0.4138
    0.2019   -0.3823    0.9017
   -0.7243   -0.6780   -0.1253
...    32 G-C ...
  -62.5451  -51.2008   43.1209
    0.7458   -0.6457    0.1639
   -0.2354   -0.0252    0.9716
   -0.6232   -0.7632   -0.1708
...    33 G-C ...
  -64.2945  -53.9689   42.3006
    0.5478   -0.4955    0.6741
   -0.6290    0.2874    0.7223
   -0.5516   -0.8197   -0.1542
...    34 C-G ...
  -65.7139  -56.9038   41.6791
    0.1304   -0.2326    0.9638
   -0.8416    0.4879    0.2316
   -0.5242   -0.8413   -0.1322
...    35 C-G ...
  -67.2346  -59.9071   41.4479
   -0.3258    0.1192    0.9379
   -0.7916    0.5080   -0.3396
   -0.5169   -0.8531   -0.0711
...    36 C-G ...
  -68.8534  -62.8696   41.4924
   -0.6796    0.4243    0.5984
   -0.4911    0.3428   -0.8008
   -0.5449   -0.8381   -0.0246
...    37 G-C ...
  -70.8357  -65.5230   41.0009
   -0.7920    0.6091    0.0414
   -0.0222    0.0390   -0.9990
   -0.6101   -0.7921   -0.0174
...    38 A-T ...
  -72.8074  -68.1442   41.0469
   -0.6360    0.5376   -0.5536
    0.4565   -0.3163   -0.8316
   -0.6222   -0.7816   -0.0442
...    39 C-G ...
  -75.2267  -70.3871   41.2771
   -0.2827    0.3234   -0.9030
    0.7233   -0.5464   -0.4222
   -0.6300   -0.7726   -0.0795
...    40 A-T ...
  -77.2844  -72.9930   40.9199
    0.2478    0.0662   -0.9665
    0.7460   -0.6495    0.1468
   -0.6181   -0.7574   -0.2103
...    41 C-G ...
  -79.6694  -75.0202   39.9309
    0.6292   -0.2329   -0.7416
    0.5060   -0.6014    0.6182
   -0.5900   -0.7642   -0.2605
...    42 G-C ...
  -81.3502  -77.7800   39.0863
    0.8841   -0.3982   -0.2447
    0.0597   -0.4230    0.9042
   -0.4635   -0.8140   -0.3502
...    43 A-T ...
  -82.7116  -80.4582   37.8105
    0.7799   -0.5249    0.3411
   -0.4761   -0.1436    0.8676
   -0.4064   -0.8390   -0.3619
...    44 C-G ...
  -83.5245  -83.2124   36.1767
    0.4323   -0.4967    0.7526
   -0.8238    0.1218    0.5537
   -0.3667   -0.8593   -0.3565
...    45 T-A ...
  -84.3466  -86.1983   35.0076
   -0.0529   -0.3204    0.9458
   -0.9443    0.3240    0.0569
   -0.3247   -0.8902   -0.3197
...    46 T-A ...
  -85.0858  -89.2032   33.9900
   -0.6011   -0.1107    0.7915
   -0.7410    0.4482   -0.5000
   -0.2994   -0.8870   -0.3514
...    47 A-T ...
  -86.2859  -91.9300   32.3743
   -0.9526    0.1520    0.2635
   -0.1759    0.4314   -0.8848
   -0.2482   -0.8892   -0.3843
...    48 C-G ...
  -87.1780  -95.0721   31.6866
   -0.9006    0.3620   -0.2404
    0.3546    0.2925   -0.8881
   -0.2512   -0.8851   -0.3918
...    49 T-A ...
  -88.2699  -98.0095   30.5862
   -0.5649    0.5054   -0.6523
    0.7788    0.0652   -0.6239
   -0.2728   -0.8604   -0.4304
...    50 G-C ...
  -89.1254 -100.7993   28.9825
   -0.0047    0.5540   -0.8325
    0.9617   -0.2257   -0.1556
   -0.2741   -0.8013   -0.5317
...    51 T-A ...
  -90.5762 -103.1322   27.1708
    0.5024    0.4060   -0.7633
    0.8306   -0.4717    0.2959
   -0.2399   -0.7827   -0.5743
...    52 A-T ...
  -91.4446 -105.4333   24.9142
    0.8935    0.2324   -0.3843
    0.4375   -0.6434    0.6281
   -0.1013   -0.7294   -0.6766
...    53 G-C ...
  -91.7053 -107.5592   22.4160
    0.9970   -0.0506    0.0594
   -0.0779   -0.6922    0.7175
    0.0048   -0.7199   -0.6941
...    54 G-C ...
  -91.2279 -109.7287   19.8828
    0.8001   -0.3277    0.5024
   -0.5861   -0.6057    0.5382
    0.1280   -0.7251   -0.6767
...    55 T-A ...
  -90.2427 -111.7816   17.5097
    0.3786   -0.5671    0.7315
   -0.9099   -0.3726    0.1822
    0.1693   -0.7346   -0.6571
...    56 A-T ...
  -89.8697 -114.3324   15.3825
   -0.2502   -0.6721    0.6969
   -0.9471    0.0204   -0.3203
    0.2011   -0.7402   -0.6416
...    57 T-A ...
  -88.5994 -116.8483   13.6427
   -0.6929   -0.5875    0.4181
   -0.6859    0.3579   -0.6337
    0.2226   -0.7258   -0.6509
...    58 C-G ...
  -87.8521 -119.3294   11.6137
   -0.9627   -0.2667   -0.0468
   -0.1389    0.6347   -0.7602
    0.2324   -0.7253   -0.6480
...    59 T-A ...
  -87.2078 -121.9526    9.6773
   -0.8953    0.1287   -0.4264
    0.3918    0.6828   -0.6167
    0.2118   -0.7192   -0.6617
...    60 C-G ...
  -86.5319 -124.3936    7.5814
   -0.4981    0.5218   -0.6926
    0.8389    0.4921   -0.2327
    0.2194   -0.6969   -0.6828
...    61 G-C ...
  -85.4220 -126.5962    5.3339
    0.0080    0.7938   -0.6081
    0.9694    0.1430    0.1994
    0.2453   -0.5911   -0.7684
...    62 A-T ...
  -84.7157 -128.5295    2.8207
    0.5364    0.7769   -0.3297
    0.7921   -0.3284    0.5146
    0.2915   -0.5371   -0.7915
...    63 G-C ...
  -83.8774 -130.0060    0.0095
    0.8232    0.5639    0.0651
    0.4184   -0.6803    0.6018
    0.3837   -0.4682   -0.7960
...    64 C-G ...
  -82.5844 -131.0274   -2.8216
    0.8855    0.1605    0.4360
   -0.0621   -0.8891    0.4534
    0.4604   -0.4286   -0.7774
...    65 T-A ...
  -80.7925 -132.0548   -5.3760
    0.6858   -0.2751    0.6738
   -0.4720   -0.8728    0.1240
    0.5540   -0.4031   -0.7284
...    66 C-G ...
  -78.7496 -133.3583   -7.5530
    0.2700   -0.7120    0.6482
   -0.7511   -0.5770   -0.3209
    0.6025   -0.4002   -0.6906
...    67 G-C ...
  -76.9792 -135.1184   -9.7734
   -0.2367   -0.8835    0.4042
   -0.7208   -0.1193   -0.6828
    0.6515   -0.4530   -0.6086
...    68 G-C ...
  -74.6590 -136.8570  -11.5080
   -0.6173   -0.7866   -0.0146
   -0.4474    0.3663   -0.8159
    0.6472   -0.4971   -0.5780
...    69 G-C ...
  -72.4430 -138.7238  -13.2450
   -0.7832   -0.4357   -0.4436
   -0.0246    0.7346   -0.6780
    0.6213   -0.5201   -0.5861
...    70 A-T ...
  -70.3233 -140.4869  -15.0427
   -0.6431    0.0867   -0.7609
    0.4317    0.8617   -0.2667
    0.6325   -0.5000   -0.5916
...    71 T-A ...
  -68.6502 -142.6548  -16.8950
   -0.3276    0.5083   -0.7964
    0.6849    0.7084    0.1704
    0.6508   -0.4896   -0.5802
...    72 C-G ...
  -66.5646 -144.3440  -18.7782
    0.0969    0.8511   -0.5161
    0.7321    0.2903    0.6162
    0.6743   -0.4375   -0.5949
...    73 C-G ...
  -64.5483 -145.8288  -21.0444
    0.3730    0.9271   -0.0361
    0.5688   -0.1978    0.7983
    0.7330   -0.3183   -0.6012
...    74 G-C ...
  -61.9018 -146.7776  -22.8354
    0.4687    0.7291    0.4988
    0.3131   -0.6651    0.6780
    0.8260   -0.1616   -0.5400
...    75 C-G ...
  -59.2248 -146.7377  -24.7252
    0.4916    0.2811    0.8242
    0.0508   -0.9541    0.2950
    0.8693   -0.1031   -0.4833
...    76 T-A ...
  -56.2548 -146.6398  -26.1333
    0.3684   -0.2388    0.8985
   -0.1481   -0.9692   -0.1969
    0.9178   -0.0605   -0.3924
...    77 T-A ...
  -53.2045 -146.5727  -27.2212
    0.2199   -0.7412    0.6342
   -0.3013   -0.6699   -0.6786
    0.9278   -0.0418   -0.3706
...    78 T-A ...
  -50.0823 -146.5232  -28.1332
    0.0427   -0.9918    0.1202
   -0.3575   -0.1275   -0.9252
    0.9329   -0.0034   -0.3600
...    79 A-T ...
  -47.1370 -146.3324  -29.7895
   -0.1231   -0.8399   -0.5286
   -0.3104    0.5385   -0.7834
    0.9426    0.0677   -0.3270
...    80 A-T ...
  -43.9702 -146.3136  -30.5865
   -0.2223   -0.3678   -0.9029
   -0.2073    0.9228   -0.3249
    0.9527    0.1150   -0.2814
...    81 C-G ...
  -40.7604 -146.5242  -31.4524
   -0.3038    0.1685   -0.9377
   -0.0762    0.9768    0.2003
    0.9497    0.1323   -0.2839
...    82 A-T ...
  -37.6043 -145.8760  -32.2370
   -0.3845    0.6746   -0.6301
    0.0975    0.7084    0.6990
    0.9180    0.2073   -0.3382
...    83 C-G ...
  -34.7754 -145.4733  -33.8444
   -0.3289    0.9290   -0.1695
    0.2705    0.2647    0.9256
    0.9048    0.2586   -0.3384
...    84 T-A ...
  -31.9850 -144.4570  -35.2506
   -0.2444    0.9030    0.3533
    0.4076   -0.2349    0.8824
    0.8798    0.3597   -0.3107
...    85 T-A ...
  -29.2849 -143.1126  -36.3739
   -0.0464    0.6075    0.7929
    0.4874   -0.6791    0.5489
    0.8720    0.4120   -0.2646
...    86 T-A ...
  -26.6098 -141.5279  -37.2137
    0.1734    0.1193    0.9776
    0.4581   -0.8885    0.0272
    0.8718    0.4432   -0.2087
...    87 A-T ...
  -23.7970 -139.7748  -37.4967
    0.2663   -0.4324    0.8614
    0.3600   -0.7844   -0.5050
    0.8941    0.4446   -0.0532
...    88 T-A ...
  -21.1239 -137.8942  -37.1410
    0.4081   -0.7671    0.4950
    0.1971   -0.4554   -0.8682
    0.8914    0.4519   -0.0347
...    89 G-C ...
  -18.0516 -136.6751  -37.3518
    0.3941   -0.9148   -0.0887
   -0.0223    0.0870   -0.9960
    0.9188    0.3945    0.0139
...    90 C-G ...
  -14.9317 -135.5926  -36.9460
    0.3079   -0.7209   -0.6209
   -0.2163    0.5825   -0.7836
    0.9265    0.3755    0.0234
...    91 T-A ...
  -11.7574 -134.6401  -36.7215
    0.1323   -0.3070   -0.9425
   -0.3410    0.8787   -0.3341
    0.9307    0.3655    0.0115
...    92 T-A ...
   -8.6313 -133.7326  -36.5460
   -0.0507    0.2700   -0.9615
   -0.3814    0.8845    0.2685
    0.9230    0.3804    0.0581
...    93 T-A ...
   -5.5391 -132.7417  -36.4288
   -0.2518    0.7281   -0.6375
   -0.3108    0.5630    0.7658
    0.9165    0.3910    0.0845
...    94 C-G ...
   -2.5189 -131.5073  -36.2104
   -0.4390    0.8948   -0.0818
   -0.1211    0.0313    0.9921
    0.8903    0.4454    0.0946
...    95 A-T ...
    0.3958 -129.9201  -35.8389
   -0.5656    0.6899    0.4518
    0.1575   -0.4474    0.8803
    0.8095    0.5691    0.1443
...    96 T-A ...
    2.7363 -127.6530  -35.8204
   -0.4517    0.3568    0.8177
    0.4217   -0.7223    0.5482
    0.7862    0.5925    0.1758
...    97 G-C ...
    5.1740 -125.5651  -34.8759
   -0.2687   -0.1808    0.9461
    0.6418   -0.7661    0.0359
    0.7183    0.6168    0.3219
...    98 T-A ...
    7.0033 -123.1705  -33.5770
    0.0640   -0.5760    0.8149
    0.7109   -0.5468   -0.4423
    0.7004    0.6077    0.3745
...    99 T-A ...
    9.0451 -121.0998  -32.1405
    0.4560   -0.7809    0.4270
    0.5677   -0.1143   -0.8153
    0.6854    0.6141    0.3912
...   100 A-T ...
   11.4452 -119.0422  -31.0420
    0.7178   -0.6787   -0.1553
    0.1854    0.4013   -0.8970
    0.6711    0.6150    0.4139
...   101 T-A ...
   13.5857 -117.4248  -29.0944
    0.7310   -0.3612   -0.5790
   -0.2077    0.6905   -0.6929
    0.6500    0.6268    0.4297
...   102 A-T ...
   15.4433 -114.9205  -27.7957
    0.4657    0.1936   -0.8635
   -0.6415    0.7460   -0.1787
    0.6096    0.6372    0.4716
...   103 A-T ...
   17.6190 -113.0639  -26.2426
    0.0310    0.6029   -0.7972
   -0.8085    0.4841    0.3346
    0.5877    0.6342    0.5024
...   104 C-G ...
   19.9928 -111.1688  -24.9421
   -0.4107    0.7462   -0.5240
   -0.7137    0.0946    0.6940
    0.5674    0.6590    0.4937
...   105 G-C ...
   21.6228 -108.9823  -23.0207
   -0.8067    0.5752   -0.1356
   -0.3792   -0.3279    0.8653
    0.4533    0.7494    0.4826
...   106 G-C ...
   23.0612 -106.2333  -21.7190
   -0.9336    0.2252    0.2788
    0.1069   -0.5676    0.8164
    0.3420    0.7919    0.5058
...   107 A-T ...
   24.0219 -103.5765  -20.1139
   -0.7309   -0.1930    0.6546
    0.6238   -0.5780    0.5261
    0.2769    0.7929    0.5429
...   108 C-G ...
   24.3077 -100.7258  -18.5134
   -0.3271   -0.5005    0.8015
    0.9157   -0.3775    0.1380
    0.2335    0.7791    0.5818
...   109 C-G ...
   24.6318  -98.2125  -16.2840
    0.1867   -0.6940    0.6953
    0.9622   -0.0137   -0.2720
    0.1983    0.7198    0.6652
...   110 G-C ...
   25.6608  -96.0209  -13.9874
    0.6654   -0.6519    0.3636
    0.7163    0.4208   -0.5566
    0.2098    0.6309    0.7470
...   111 G-C ...
   26.3322  -94.2341  -11.1976
    0.9339   -0.3553   -0.0405
    0.2513    0.7324   -0.6328
    0.2545    0.5808    0.7733
...   112 C-G ...
   27.2387  -92.6644   -8.4095
    0.9131    0.0935   -0.3969
   -0.2988    0.8157   -0.4953
    0.2774    0.5708    0.7728
...   113 T-A ...
   28.3942  -91.0054   -5.7760
    0.6064    0.4955   -0.6219
   -0.7354    0.6469   -0.2017
    0.3024    0.5796    0.7567
...   114 C-G ...
   29.4654  -89.1561   -3.2789
    0.0495    0.7724   -0.6333
   -0.9547    0.2229    0.1971
    0.2934    0.5948    0.7484
...   115 G-C ...
   30.0198  -87.1698   -0.6491
   -0.5176    0.6952   -0.4988
   -0.8238   -0.2475    0.5099
    0.2310    0.6749    0.7008
...   116 T-A ...
   31.1271  -84.6841    1.2185
   -0.8772    0.4384   -0.1957
   -0.4413   -0.5757    0.6884
    0.1891    0.6902    0.6984
...   117 A-T ...
   31.5863  -82.2231    3.4069
   -0.9914   -0.0394    0.1246
    0.1160   -0.7051    0.6996
    0.0603    0.7080    0.7036
...   118 T-A ...
   31.4786  -79.5123    5.2372
   -0.8063   -0.4029    0.4331
    0.5906   -0.5898    0.5508
    0.0335    0.6999    0.7135
...   119 A-T ...
   31.1826  -77.2046    7.6215
   -0.3583   -0.7486    0.5579
    0.9316   -0.2476    0.2661
   -0.0611    0.6150    0.7861
...   120 A-T ...
   30.6798  -75.2750   10.1719
    0.2214   -0.7723    0.5954
    0.9723    0.2220   -0.0736
   -0.0753    0.5952    0.8000
...   121 T-A ...
   29.8185  -73.6626   12.9058
    0.6781   -0.5614    0.4743
    0.7306    0.5852   -0.3518
   -0.0801    0.5851    0.8070
...   122 G-C ...
   29.8406  -71.7201   15.5986
    0.9762   -0.1779    0.1243
    0.2168    0.8251   -0.5217
   -0.0098    0.5362    0.8440
...   123 T-A ...
   29.8540  -70.5109   18.6941
    0.9460    0.2720   -0.1766
   -0.3242    0.8018   -0.5019
    0.0051    0.5320    0.8467
...   124 G-C ...
   29.8555  -68.4977   21.3287
    0.5862    0.6476   -0.4868
   -0.8078    0.5127   -0.2907
    0.0613    0.5636    0.8237
...   125 T-A ...
   30.6363  -66.8477   24.1107
    0.0768    0.8121   -0.5784
   -0.9954    0.0959    0.0024
    0.0574    0.5756    0.8157
...   126 C-G ...
   30.9210  -64.9325   26.7587
   -0.5227    0.6995   -0.4873
   -0.8516   -0.4020    0.3364
    0.0394    0.5908    0.8058
...   127 G-C ...
   30.7309  -63.1590   29.5786
   -0.9031    0.2905   -0.3162
   -0.4241   -0.7187    0.5510
   -0.0672    0.6317    0.7723
...   128 A-T ...
   30.5236  -61.0185   32.0312
   -0.9778   -0.2088    0.0176
    0.1727   -0.7556    0.6318
   -0.1186    0.6208    0.7749
...   129 C-G ...
   29.7982  -58.6137   34.1529
   -0.7457   -0.5954    0.2991
    0.6462   -0.5369    0.5423
   -0.1622    0.5977    0.7851
...   130 C-G ...
   28.8092  -56.5950   36.6701
   -0.2732   -0.8501    0.4502
    0.9361   -0.1272    0.3279
   -0.2215    0.5110    0.8305
...   131 A-T ...
   28.0405  -55.0453   39.5222
    0.3104   -0.8390    0.4469
    0.9218    0.3805    0.0743
   -0.2324    0.3889    0.8915
...   132 A-T ...
   27.0819  -54.0143   42.4398
    0.7749   -0.4888    0.4008
    0.5877    0.7905   -0.1723
   -0.2326    0.3691    0.8998
...   133 A-T ...
   26.2531  -53.1121   45.4446
    0.9703    0.0421    0.2380
    0.0470    0.9331   -0.3566
   -0.2371    0.3572    0.9034
...   134 T-A ...
   25.6208  -52.5913   48.6400
    0.8597    0.5097    0.0340
   -0.4497    0.7866   -0.4231
   -0.2424    0.3485    0.9054
...   135 G-C ...
   25.2757  -52.5096   52.0791
    0.3204    0.9427   -0.0928
   -0.8825    0.2614   -0.3910
   -0.3443    0.2071    0.9157
...   136 T-A ...
   25.5257  -52.9787   55.8049
   -0.2439    0.9563   -0.1610
   -0.8908   -0.2866   -0.3525
   -0.3833    0.0575    0.9218
...   137 G-C ...
   24.8932  -52.7378   58.9865
   -0.7529    0.5562   -0.3519
   -0.5215   -0.8303   -0.1966
   -0.4015    0.0355    0.9152
...   138 A-T ...
   24.0142  -51.6374   61.9242
   -0.9563    0.0401   -0.2896
   -0.0524   -0.9980    0.0347
   -0.2876    0.0484    0.9565
...   139 G-C ...
   22.3466  -51.2412   64.4940
   -0.8529   -0.5118   -0.1033
    0.4974   -0.8566    0.1373
   -0.1587    0.0657    0.9851
...   140 C-G ...
   22.1502  -50.1498   67.4638
   -0.4681   -0.8748    0.1248
    0.8495   -0.4066    0.3362
   -0.2434    0.2634    0.9335
...   141 G-C ...
   21.4256  -51.8266   72.7876
    0.1303   -0.7143   -0.6876
    0.8897   -0.2218    0.3990
   -0.4375   -0.6638    0.6066
...   142 C-G ...
   20.4245  -54.3095   74.5418
    0.5846   -0.7390   -0.3348
    0.7594    0.3532    0.5465
   -0.2856   -0.5737    0.7676
...   143 T-A ...
   18.4270  -55.5290   76.5298
    0.8548   -0.5005    0.1370
    0.3188    0.7148    0.6224
   -0.4095   -0.4884    0.7706
...   144 C-G ...
   16.8371  -57.7222   78.2673
    0.8529   -0.0846    0.5151
   -0.1508    0.9048    0.3983
   -0.4998   -0.4174    0.7589
...   145 A-T ...
   15.7828  -59.5616   80.7981
    0.5516    0.4995    0.6680
   -0.6739    0.7388    0.0039
   -0.4916   -0.4523    0.7441
...   146 C-G ...
   15.7314  -61.4941   83.9316
    0.0344    0.7399    0.6718
   -0.8637    0.3602   -0.3526
   -0.5029   -0.5681    0.6514
...   147 A-T ...
   14.7383  -63.4279   86.8192
   -0.5924    0.6746    0.4405
   -0.6886   -0.1401   -0.7114
   -0.4182   -0.7248    0.5475
