  147 base-pairs
...     1 T-A ...
    0.0000    0.0000    0.0000
    1.0000    0.0000    0.0000
    0.0000    1.0000    0.0000
    0.0000    0.0000    1.0000
...     2 G-C ...
   -0.5555   -1.1003    3.3981
    0.7749    0.6051    0.1828
   -0.5991    0.7953   -0.0929
   -0.2016   -0.0375    0.9787
...     3 T-A ...
   -0.6619   -3.0237    6.5348
    0.3046    0.9250    0.2271
   -0.8994    0.3578   -0.2510
   -0.3134   -0.1278    0.9410
...     4 G-C ...
   -1.1607   -3.8418    9.6940
   -0.3351    0.9421    0.0133
   -0.8752   -0.3061   -0.3746
   -0.3489   -0.1372    0.9271
...     5 A-T ...
   -1.3881   -3.6770   12.8999
   -0.7835    0.6162   -0.0801
   -0.5677   -0.7622   -0.3109
   -0.2527   -0.1981    0.9470
...     6 G-C ...
   -2.6236   -3.5448   15.7072
   -0.9923    0.0611   -0.1075
   -0.0294   -0.9610   -0.2748
   -0.1201   -0.2695    0.9555
...     7 C-G ...
   -2.3138   -3.7570   18.8866
   -0.8620   -0.4995   -0.0864
    0.5008   -0.8655    0.0073
   -0.0785   -0.0370    0.9962
...     8 G-C ...
   -3.9561   -6.8109   23.3205
   -0.2581   -0.3560   -0.8981
    0.6294   -0.7673    0.1233
   -0.7330   -0.5335    0.4221
...     9 C-G ...
   -6.1177   -8.9414   24.2385
    0.1143   -0.7320   -0.6716
    0.8123   -0.3203    0.4874
   -0.5720   -0.6013    0.5580
...    10 T-A ...
   -8.5041   -9.6771   26.0540
    0.4660   -0.8587   -0.2131
    0.6274    0.1508    0.7640
   -0.6239   -0.4897    0.6090
...    11 C-G ...
  -11.0625  -11.3174   27.2336
    0.6660   -0.6911    0.2808
    0.3382    0.6152    0.7121
   -0.6649   -0.3794    0.6435
...    12 A-T ...
  -13.0013  -13.1789   29.0658
    0.7188   -0.1490    0.6790
   -0.1787    0.9043    0.3876
   -0.6718   -0.4000    0.6235
...    13 C-G ...
  -14.1788  -15.9359   31.3399
    0.4052    0.2865    0.8682
   -0.5270    0.8492   -0.0343
   -0.7470   -0.4437    0.4951
...    14 A-T ...
  -15.9532  -18.1566   33.3080
   -0.1503    0.6873    0.7107
   -0.6106    0.5008   -0.6135
   -0.7776   -0.5261    0.3444
...    15 A-T ...
  -18.3195  -19.9441   34.6348
   -0.4766    0.8457    0.2402
   -0.4046    0.0316   -0.9139
   -0.7805   -0.5328    0.3271
...    16 T-A ...
  -20.6634  -21.5177   36.3207
   -0.6071    0.7531   -0.2535
   -0.1053   -0.3925   -0.9137
   -0.7876   -0.5280    0.3175
...    17 T-A ...
  -23.2333  -23.0634   37.5411
   -0.5416    0.4198   -0.7283
    0.2550   -0.7435   -0.6182
   -0.8010   -0.5205    0.2956
...    18 T-A ...
  -25.9361  -24.5193   38.5595
   -0.2810   -0.0453   -0.9586
    0.5094   -0.8536   -0.1090
   -0.8134   -0.5189    0.2629
...    19 A-T ...
  -28.8129  -26.0942   39.1500
    0.1517   -0.4328   -0.8886
    0.5444   -0.7138    0.4406
   -0.8250   -0.5506    0.1273
...    20 T-A ...
  -31.7866  -27.4767   39.0760
    0.4182   -0.7201   -0.5538
    0.3870   -0.4103    0.8258
   -0.8218   -0.5596    0.1071
...    21 T-A ...
  -34.5118  -29.2323   39.1292
    0.5692   -0.8222    0.0039
    0.0738    0.0558    0.9957
   -0.8189   -0.5665    0.0924
...    22 C-G ...
  -37.0921  -31.2364   39.3262
    0.5252   -0.6215    0.5814
   -0.2938    0.5088    0.8092
   -0.7987   -0.5958    0.0846
...    23 G-C ...
  -39.8040  -33.0689   40.0025
    0.3340   -0.1807    0.9251
   -0.5737    0.7398    0.3516
   -0.7479   -0.6481    0.1434
...    24 C-G ...
  -41.9868  -35.5206   40.5039
   -0.0145    0.2711    0.9624
   -0.6722    0.7099   -0.2101
   -0.7402   -0.6500    0.1720
...    25 A-T ...
  -44.6154  -37.4898   40.9841
   -0.3471    0.6736    0.6525
   -0.5538    0.4143   -0.7223
   -0.7569   -0.6120    0.2293
...    26 A-T ...
  -46.9389  -39.5404   41.9712
   -0.6142    0.7789    0.1272
   -0.2444   -0.0345   -0.9691
   -0.7504   -0.6262    0.2115
...    27 A-T ...
  -49.3578  -41.4909   42.9144
   -0.6454    0.6214   -0.4443
    0.1573   -0.4610   -0.8733
   -0.7475   -0.6335    0.1998
...    28 G-C ...
  -51.9762  -43.3338   43.7391
   -0.4086    0.3405   -0.8468
    0.4731   -0.7144   -0.5155
   -0.7805   -0.6113    0.1308
...    29 G-C ...
  -54.8410  -45.0711   44.1547
   -0.0095   -0.0257   -0.9996
    0.6043   -0.7966    0.0147
   -0.7967   -0.6039    0.0231
...    30 C-G ...
  -57.7089  -46.6907   43.9897
    0.3681   -0.4061   -0.8364
    0.5024   -0.6701    0.5464
   -0.7824   -0.6213   -0.0427
...    31 C-G ...
  -60.3792  -48.6660   43.3928
    0.6579   -0.6312   -0.4107
    0.2014   -0.3781    0.9036
   -0.7257   -0.6772   -0.1216
...    32 G-C ...
  -62.5645  -51.1854   43.1837
    0.7442   -0.6466    0.1674
   -0.2350   -0.0190    0.9718
   -0.6252   -0.7626   -0.1661
...    33 G-C ...
  -64.3243  -53.9520   42.3799
    0.5467   -0.4929    0.6769
   -0.6277    0.2937    0.7209
   -0.5541   -0.8190   -0.1488
...    34 C-G ...
  -65.7536  -56.8859   41.7760
    0.1304   -0.2268    0.9652
   -0.8398    0.4922    0.2291
   -0.5270   -0.8404   -0.1263
...    35 C-G ...
  -67.2840  -59.8858   41.5643
   -0.3243    0.1268    0.9374
   -0.7902    0.5085   -0.3422
   -0.5200   -0.8517   -0.0647
...    36 C-G ...
  -68.9133  -62.8422   41.6316
   -0.6771    0.4312    0.5963
   -0.4909    0.3390   -0.8025
   -0.5482   -0.8362   -0.0178
...    37 G-C ...
  -70.9090  -65.4905   41.1646
   -0.7893    0.6128    0.0382
   -0.0240    0.0314   -0.9992
   -0.6135   -0.7896   -0.0101
...    38 A-T ...
  -72.8936  -68.1016   41.2343
   -0.6348    0.5360   -0.5566
    0.4533   -0.3250   -0.8300
   -0.6257   -0.7792   -0.0366
...    39 C-G ...
  -75.3235  -70.3314   41.4875
   -0.2832    0.3171   -0.9051
    0.7199   -0.5533   -0.4191
   -0.6337   -0.7703   -0.0716
...    40 A-T ...
  -77.3927  -72.9317   41.1565
    0.2458    0.0559   -0.9677
    0.7432   -0.6518    0.1511
   -0.6223   -0.7563   -0.2018
...    41 C-G ...
  -79.7907  -74.9570   40.1923
    0.6261   -0.2435   -0.7408
    0.5045   -0.5979    0.6229
   -0.5946   -0.7637   -0.2515
...    42 G-C ...
  -81.4900  -77.7167   39.3829
    0.8811   -0.4059   -0.2428
    0.0598   -0.4136    0.9085
   -0.4692   -0.8149   -0.3402
...    43 A-T ...
  -82.8730  -80.3997   38.1401
    0.7775   -0.5259    0.3447
   -0.4745   -0.1310    0.8705
   -0.4127   -0.8404   -0.3514
...    44 C-G ...
  -83.7089  -83.1666   36.5393
    0.4313   -0.4909    0.7569
   -0.8213    0.1335    0.5546
   -0.3733   -0.8609   -0.3456
...    45 T-A ...
  -84.5546  -86.1602   35.4071
   -0.0521   -0.3088    0.9497
   -0.9420    0.3310    0.0560
   -0.3316   -0.8917   -0.3081
...    46 T-A ...
  -85.3185  -89.1716   34.4282
   -0.5990   -0.0967    0.7949
   -0.7396    0.4472   -0.5030
   -0.3068   -0.8892   -0.3394
...    47 A-T ...
  -86.5440  -91.9116   32.8556
   -0.9502    0.1626    0.2658
   -0.1768    0.4212   -0.8896
   -0.2567   -0.8923   -0.3715
...    48 C-G ...
  -87.4644  -95.0555   32.2138
   -0.8990    0.3658   -0.2410
    0.3526    0.2779   -0.8936
   -0.2599   -0.8882   -0.3788
...    49 T-A ...
  -88.5853  -97.9989   31.1581
   -0.5640    0.5009   -0.6565
    0.7763    0.0504   -0.6284
   -0.2817   -0.8640   -0.4173
...    50 G-C ...
  -89.4702 -100.8037   29.5969
   -0.0041    0.5420   -0.8404
    0.9591   -0.2357   -0.1568
   -0.2831   -0.8067   -0.5188
...    51 T-A ...
  -90.9492 -103.1517   27.8264
    0.5022    0.3904   -0.7716
    0.8281   -0.4742    0.2991
   -0.2491   -0.7891   -0.5614
...    52 A-T ...
  -91.8460 -105.4836   25.6132
    0.8939    0.2175   -0.3920
    0.4342   -0.6374    0.6365
   -0.1114   -0.7392   -0.6643
...    53 G-C ...
  -92.1403 -107.6480   23.1516
    0.9967   -0.0596    0.0558
   -0.0814   -0.6795    0.7291
   -0.0055   -0.7312   -0.6821
...    54 G-C ...
  -91.6995 -109.8646   20.6530
    0.7990   -0.3274    0.5044
   -0.5898   -0.5906    0.5509
    0.1175   -0.7376   -0.6650
...    55 T-A ...
  -90.7466 -111.9673   18.3107
    0.3761   -0.5585    0.7394
   -0.9129   -0.3601    0.1924
    0.1588   -0.7473   -0.6452
...    56 A-T ...
  -90.4108 -114.5587   16.2264
   -0.2541   -0.6573    0.7095
   -0.9482    0.0247   -0.3167
    0.1907   -0.7532   -0.6295
...    57 T-A ...
  -89.1746 -117.1180   14.5257
   -0.6971   -0.5729    0.4311
   -0.6848    0.3539   -0.6370
    0.2123   -0.7393   -0.6390
...    58 C-G ...
  -88.4630 -119.6428   12.5379
   -0.9655   -0.2574   -0.0384
   -0.1354    0.6227   -0.7707
    0.2223   -0.7389   -0.6361
...    59 T-A ...
  -87.8543 -122.3068   10.6453
   -0.8955    0.1304   -0.4255
    0.3965    0.6677   -0.6300
    0.2020   -0.7329   -0.6496
...    60 C-G ...
  -87.2112 -124.7922    8.5909
   -0.4951    0.5145   -0.7002
    0.8431    0.4792   -0.2440
    0.2100   -0.7111   -0.6710
...    61 G-C ...
  -86.1311 -127.0479    6.3812
    0.0143    0.7828   -0.6221
    0.9714    0.1367    0.1943
    0.2371   -0.6071   -0.7584
...    62 A-T ...
  -85.4517 -129.0343    3.9021
    0.5431    0.7656   -0.3448
    0.7901   -0.3270    0.5185
    0.2842   -0.5540   -0.7825
...    63 G-C ...
  -84.6357 -130.5699    1.1161
    0.8287    0.5571    0.0534
    0.4132   -0.6735    0.6129
    0.3774   -0.4859   -0.7883
...    64 C-G ...
  -83.3596 -131.6538   -1.6991
    0.8878    0.1599    0.4316
   -0.0696   -0.8803    0.4692
    0.4549   -0.4466   -0.7704
...    65 T-A ...
  -81.5822 -132.7433   -4.2375
    0.6843   -0.2694    0.6777
   -0.4797   -0.8662    0.1400
    0.5493   -0.4209   -0.7219
...    66 C-G ...
  -79.5535 -134.1048   -6.3921
    0.2644   -0.7029    0.6603
   -0.7564   -0.5759   -0.3101
    0.5982   -0.4174   -0.6840
...    67 G-C ...
  -77.8015 -135.9228   -8.5814
   -0.2438   -0.8746    0.4191
   -0.7219   -0.1249   -0.6806
    0.6476   -0.4685   -0.6009
...    68 G-C ...
  -75.4972 -137.7117  -10.2866
   -0.6233   -0.7819   -0.0021
   -0.4441    0.3563   -0.8221
    0.6436   -0.5115   -0.5694
...    69 G-C ...
  -73.2947 -139.6235  -11.9924
   -0.7858   -0.4369   -0.4377
   -0.0184    0.7240   -0.6896
    0.6182   -0.5338   -0.5769
...    70 A-T ...
  -71.1833 -141.4297  -13.7578
   -0.6410    0.0794   -0.7635
    0.4381    0.8545   -0.2790
    0.6302   -0.5133   -0.5825
...    71 T-A ...
  -69.5207 -143.6375  -15.5727
   -0.3223    0.4983   -0.8049
    0.6892    0.7064    0.1613
    0.6489   -0.5027   -0.5711
...    72 C-G ...
  -67.4406 -145.3711  -17.4222
    0.1034    0.8427   -0.5283
    0.7320    0.2951    0.6140
    0.6734   -0.4503   -0.5864
...    73 C-G ...
  -65.4282 -146.9053  -19.6594
    0.3776    0.9247   -0.0482
    0.5651   -0.1889    0.8031
    0.7335   -0.3305   -0.5939
...    74 G-C ...
  -62.7805 -147.8911  -21.4293
    0.4690    0.7345    0.4904
    0.3080   -0.6564    0.6886
    0.8277   -0.1720   -0.5341
...    75 C-G ...
  -60.0951 -147.8839  -23.3066
    0.4884    0.2913    0.8226
    0.0471   -0.9500    0.3085
    0.8714   -0.1120   -0.4777
...    76 T-A ...
  -57.1179 -147.8121  -24.7001
    0.3632   -0.2272    0.9036
   -0.1486   -0.9715   -0.1846
    0.9198   -0.0672   -0.3867
...    77 T-A ...
  -54.0613 -147.7643  -25.7712
    0.2157   -0.7332    0.6449
   -0.2981   -0.6784   -0.6715
    0.9298   -0.0474   -0.3649
...    78 T-A ...
  -50.9333 -147.7281  -26.6652
    0.0423   -0.9903    0.1321
   -0.3523   -0.1385   -0.9256
    0.9349   -0.0074   -0.3547
...    79 A-T ...
  -47.9833 -147.5458  -28.3211
   -0.1164   -0.8443   -0.5230
   -0.3071    0.5314   -0.7895
    0.9445    0.0687   -0.3212
...    80 A-T ...
  -44.8100 -147.5198  -29.0940
   -0.2134   -0.3747   -0.9023
   -0.2094    0.9196   -0.3324
    0.9543    0.1180   -0.2747
...    81 C-G ...
  -41.5913 -147.7180  -29.9319
   -0.2970    0.1613   -0.9411
   -0.0836    0.9775    0.1939
    0.9512    0.1362   -0.2769
...    82 A-T ...
  -38.4311 -147.0571  -30.6903
   -0.3841    0.6684   -0.6369
    0.0864    0.7129    0.6960
    0.9192    0.2123   -0.3316
...    83 C-G ...
  -35.5924 -146.6427  -32.2743
   -0.3355    0.9252   -0.1773
    0.2603    0.2719    0.9265
    0.9054    0.2647   -0.3320
...    84 T-A ...
  -32.8000 -145.6086  -33.6616
   -0.2572    0.9021    0.3464
    0.4021   -0.2261    0.8872
    0.8787    0.3675   -0.3046
...    85 T-A ...
  -30.1050 -144.2391  -34.7637
   -0.0624    0.6106    0.7894
    0.4904   -0.6702    0.5572
    0.8693    0.4219   -0.2576
...    86 T-A ...
  -27.4421 -142.6232  -35.5800
    0.1604    0.1261    0.9790
    0.4703   -0.8818    0.0365
    0.8678    0.4546   -0.2007
...    87 C-G ...
  -24.6375 -141.0250  -35.9271
    0.3513   -0.4193    0.8371
    0.3425   -0.7746   -0.5317
    0.8714    0.4735   -0.1285
...    88 A-T ...
  -21.6541 -139.5923  -36.1863
    0.4018   -0.8173    0.4130
    0.1579   -0.3824   -0.9104
    0.9020    0.4310   -0.0246
...    89 T-A ...
  -18.7899 -138.0643  -35.5534
    0.4464   -0.8887   -0.1048
   -0.0579    0.0882   -0.9944
    0.8929    0.4500   -0.0121
...    90 G-C ...
  -15.8387 -136.6206  -35.9036
    0.2967   -0.6892   -0.6610
   -0.2801    0.5990   -0.7502
    0.9129    0.4078   -0.0153
...    91 T-A ...
  -12.6303 -135.7288  -35.5751
    0.1105   -0.2703   -0.9564
   -0.4027    0.8676   -0.2917
    0.9086    0.4174   -0.0130
...    92 T-A ...
   -9.5570 -134.6492  -35.4947
   -0.1069    0.2917   -0.9505
   -0.4199    0.8533    0.3091
    0.9013    0.4322    0.0313
...    93 A-T ...
   -6.6414 -133.0593  -35.2305
   -0.3727    0.7222   -0.5827
   -0.2954    0.5029    0.8123
    0.8797    0.4748    0.0260
...    94 T-A ...
   -3.7063 -131.7070  -35.7690
   -0.4914    0.8647   -0.1038
   -0.0816    0.0729    0.9940
    0.8671    0.4970    0.0347
...    95 A-T ...
   -0.9937 -129.7856  -35.9529
   -0.6084    0.6740    0.4189
    0.2096   -0.3727    0.9040
    0.7654    0.6378    0.0855
...    96 A-T ...
    1.3003 -127.5312  -35.7812
   -0.4445    0.3238    0.8352
    0.5194   -0.6665    0.5348
    0.7299    0.6715    0.1281
...    97 C-G ...
    3.1723 -124.8734  -35.4544
   -0.1674   -0.0977    0.9810
    0.6956   -0.7168    0.0473
    0.6986    0.6904    0.1880
...    98 G-C ...
    5.5950 -122.8288  -34.4277
    0.1400   -0.5569    0.8187
    0.7396   -0.4909   -0.4604
    0.6583    0.6700    0.3431
...    99 G-C ...
    7.5854 -120.6790  -32.7328
    0.4635   -0.7809    0.4187
    0.5954   -0.0755   -0.7999
    0.6563    0.6200    0.4300
...   100 A-T ...
    9.7169 -118.7421  -31.1447
    0.7235   -0.6771   -0.1349
    0.2257    0.4165   -0.8807
    0.6524    0.6067    0.4541
...   101 T-A ...
   11.7681 -117.1595  -29.0724
    0.7571   -0.3494   -0.5520
   -0.1776    0.7030   -0.6887
    0.6287    0.6194    0.4702
...   102 A-T ...
   13.5311 -114.6450  -27.6457
    0.5040    0.2209   -0.8350
   -0.6403    0.7444   -0.1895
    0.5797    0.6301    0.5166
...   103 T-A ...
   15.9007 -113.0675  -25.9607
    0.1169    0.5792   -0.8068
   -0.8174    0.5175    0.2531
    0.5641    0.6299    0.5339
...   104 G-C ...
   17.5778 -110.8270  -24.1724
   -0.4176    0.7014   -0.5776
   -0.7453    0.0992    0.6593
    0.5197    0.7058    0.4814
...   105 C-G ...
   19.5341 -108.4816  -22.9346
   -0.7846    0.5968   -0.1680
   -0.4111   -0.2978    0.8616
    0.4642    0.7450    0.4790
...   106 T-A ...
   20.9514 -105.7988  -21.6541
   -0.9257    0.2874    0.2461
    0.0516   -0.5483    0.8347
    0.3748    0.7853    0.4927
...   107 T-A ...
   22.0113 -103.1105  -20.2195
   -0.7650   -0.1000    0.6362
    0.5538   -0.6065    0.5706
    0.3288    0.7888    0.5193
...   108 C-G ...
   22.8372 -100.5222  -18.4359
   -0.3348   -0.4763    0.8131
    0.9010   -0.4144    0.1282
    0.2759    0.7755    0.5679
...   109 C-G ...
   23.3014  -98.0049  -16.2358
    0.1688   -0.6934    0.7005
    0.9565   -0.0562   -0.2862
    0.2378    0.7183    0.6538
...   110 G-C ...
   24.4560  -95.8417  -13.9694
    0.6446   -0.6739    0.3609
    0.7243    0.3874   -0.5704
    0.2446    0.6291    0.7378
...   111 G-C ...
   25.2408  -94.0615  -11.2034
    0.9195   -0.3899   -0.0494
    0.2698    0.7175   -0.6422
    0.2859    0.5771    0.7650
...   112 C-G ...
   26.2426  -92.5022   -8.4396
    0.9107    0.0587   -0.4088
   -0.2763    0.8223   -0.4975
    0.3070    0.5660    0.7651
...   113 T-A ...
   27.4848  -90.8655   -5.8294
    0.6148    0.4721   -0.6318
   -0.7163    0.6695   -0.1967
    0.3302    0.5735    0.7498
...   114 C-G ...
   28.6410  -89.0419   -3.3489
    0.0659    0.7682   -0.6368
   -0.9451    0.2527    0.2071
    0.3200    0.5882    0.7427
...   115 G-C ...
   29.2815  -87.0737   -0.7221
   -0.5029    0.7087   -0.4948
   -0.8251   -0.2231    0.5190
    0.2575    0.6693    0.6970
...   116 T-A ...
   30.4777  -84.6180    1.1303
   -0.8670    0.4618   -0.1873
   -0.4496   -0.5626    0.6937
    0.2150    0.6857    0.6954
...   117 A-T ...
   31.0234  -82.1665    3.3105
   -0.9910   -0.0143    0.1331
    0.1041   -0.7071    0.6994
    0.0841    0.7069    0.7022
...   118 T-A ...
   30.9970  -79.4541    5.1395
   -0.8124   -0.3831    0.4396
    0.5804   -0.6036    0.5466
    0.0559    0.6992    0.7127
...   119 A-T ...
   30.7659  -77.1406    7.5268
   -0.3718   -0.7410    0.5592
    0.9274   -0.2690    0.2601
   -0.0423    0.6153    0.7872
...   120 A-T ...
   30.3228  -75.2057   10.0843
    0.2082   -0.7780    0.5928
    0.9764    0.2011   -0.0789
   -0.0578    0.5952    0.8015
...   121 T-A ...
   29.5118  -73.5807   12.8268
    0.6692   -0.5760    0.4695
    0.7404    0.5708   -0.3551
   -0.0634    0.5852    0.8084
...   122 G-C ...
   29.5907  -71.6398   15.5204
    0.9735   -0.1953    0.1191
    0.2287    0.8220   -0.5215
    0.0040    0.5349    0.8449
...   123 T-A ...
   29.6387  -70.4354   18.6197
    0.9493    0.2572   -0.1806
   -0.3138    0.8078   -0.4990
    0.0175    0.5304    0.8476
...   124 G-C ...
   29.6731  -68.4247   21.2568
    0.5927    0.6412   -0.4874
   -0.8022    0.5241   -0.2860
    0.0721    0.5605    0.8250
...   125 T-A ...
   30.4848  -66.7939   24.0429
    0.0841    0.8130   -0.5762
   -0.9942    0.1076    0.0067
    0.0674    0.5723    0.8173
...   126 C-G ...
   30.8005  -64.8948   26.7001
   -0.5172    0.7066   -0.4829
   -0.8545   -0.3943    0.3382
    0.0486    0.5876    0.8077
...   127 G-C ...
   30.6399  -63.1322   29.5306
   -0.9015    0.2997   -0.3123
   -0.4288   -0.7170    0.5497
   -0.0591    0.6294    0.7748
...   128 A-T ...
   30.4565  -61.0005   31.9928
   -0.9794   -0.2011    0.0195
    0.1684   -0.7592    0.6287
   -0.1117    0.6190    0.7774
...   129 C-G ...
   29.7533  -58.5987   34.1249
   -0.7491   -0.5912    0.2989
    0.6438   -0.5433    0.5388
   -0.1562    0.5961    0.7876
...   130 C-G ...
   28.7805  -56.5875   36.6547
   -0.2771   -0.8499    0.4483
    0.9360   -0.1334    0.3257
   -0.2170    0.5098    0.8325
...   131 A-T ...
   28.0275  -55.0442   39.5154
    0.3076   -0.8413    0.4446
    0.9235    0.3764    0.0734
   -0.2291    0.3880    0.8927
...   132 A-T ...
   27.0777  -54.0143   42.4369
    0.7740   -0.4914    0.3992
    0.5898    0.7889   -0.1724
   -0.2302    0.3689    0.9005
...   133 A-T ...
   26.2530  -53.1121   45.4436
    0.9705    0.0409    0.2375
    0.0479    0.9331   -0.3564
   -0.2362    0.3573    0.9036
...   134 T-A ...
   25.6208  -52.5912   48.6400
    0.8597    0.5097    0.0340
   -0.4497    0.7866   -0.4231
   -0.2424    0.3485    0.9054
...   135 G-C ...
   25.2756  -52.5095   52.0791
    0.3204    0.9427   -0.0928
   -0.8825    0.2614   -0.3910
   -0.3443    0.2071    0.9157
...   136 T-A ...
   25.5257  -52.9786   55.8049
   -0.2439    0.9563   -0.1610
   -0.8908   -0.2866   -0.3525
   -0.3833    0.0575    0.9218
...   137 G-C ...
   24.8932  -52.7377   58.9865
   -0.7529    0.5562   -0.3519
   -0.5215   -0.8303   -0.1966
   -0.4015    0.0355    0.9152
...   138 A-T ...
   24.0142  -51.6373   61.9242
   -0.9563    0.0401   -0.2896
   -0.0524   -0.9980    0.0347
   -0.2876    0.0484    0.9565
...   139 G-C ...
   22.3466  -51.2411   64.4940
   -0.8529   -0.5118   -0.1033
    0.4974   -0.8566    0.1373
   -0.1587    0.0657    0.9851
...   140 C-G ...
   22.1502  -50.1498   67.4638
   -0.4681   -0.8748    0.1248
    0.8495   -0.4066    0.3362
   -0.2434    0.2634    0.9335
...   141 G-C ...
   21.4256  -51.8266   72.7876
    0.1303   -0.7143   -0.6876
    0.8897   -0.2218    0.3990
   -0.4375   -0.6638    0.6066
...   142 C-G ...
   20.4245  -54.3094   74.5418
    0.5846   -0.7390   -0.3348
    0.7594    0.3532    0.5465
   -0.2856   -0.5738    0.7676
...   143 T-A ...
   18.4270  -55.5289   76.5299
    0.8548   -0.5005    0.1370
    0.3188    0.7148    0.6224
   -0.4095   -0.4884    0.7706
...   144 C-G ...
   16.8371  -57.7222   78.2674
    0.8529   -0.0846    0.5151
   -0.1508    0.9048    0.3983
   -0.4998   -0.4174    0.7589
...   145 A-T ...
   15.7828  -59.5615   80.7981
    0.5516    0.4995    0.6680
   -0.6739    0.7388    0.0039
   -0.4916   -0.4523    0.7441
...   146 C-G ...
   15.7314  -61.4940   83.9316
    0.0344    0.7399    0.6718
   -0.8637    0.3602   -0.3526
   -0.5029   -0.5681    0.6514
...   147 A-T ...
   14.7383  -63.4279   86.8192
   -0.5924    0.6746    0.4405
   -0.6886   -0.1401   -0.7114
   -0.4182   -0.7248    0.5475
