  147 base-pairs
...     1 T-A ...
    0.0000    0.0000    0.0000
    1.0000    0.0000    0.0000
    0.0000    1.0000    0.0000
    0.0000    0.0000    1.0000
...     2 G-C ...
   -0.5555   -1.1003    3.3981
    0.7749    0.6051    0.1828
   -0.5991    0.7953   -0.0929
   -0.2016   -0.0375    0.9787
...     3 T-A ...
   -0.6619   -3.0237    6.5348
    0.3046    0.9250    0.2271
   -0.8994    0.3578   -0.2510
   -0.3134   -0.1278    0.9410
...     4 G-C ...
   -1.1607   -3.8418    9.6940
   -0.3351    0.9421    0.0133
   -0.8752   -0.3061   -0.3746
   -0.3489   -0.1372    0.9271
...     5 A-T ...
   -1.3881   -3.6770   12.8999
   -0.7835    0.6162   -0.0801
   -0.5677   -0.7622   -0.3109
   -0.2527   -0.1981    0.9470
...     6 G-C ...
   -2.6236   -3.5448   15.7072
   -0.9923    0.0611   -0.1075
   -0.0294   -0.9610   -0.2748
   -0.1201   -0.2695    0.9555
...     7 C-G ...
   -2.3138   -3.7570   18.8866
   -0.8620   -0.4995   -0.0864
    0.5008   -0.8655    0.0073
   -0.0785   -0.0370    0.9962
...     8 G-C ...
   -3.9561   -6.8109   23.3205
   -0.2581   -0.3560   -0.8981
    0.6294   -0.7673    0.1233
   -0.7330   -0.5335    0.4221
...     9 C-G ...
   -6.1177   -8.9414   24.2385
    0.1143   -0.7320   -0.6716
    0.8123   -0.3203    0.4874
   -0.5720   -0.6013    0.5580
...    10 T-A ...
   -8.5041   -9.6771   26.0540
    0.4660   -0.8587   -0.2131
    0.6274    0.1508    0.7640
   -0.6239   -0.4897    0.6090
...    11 C-G ...
  -11.0625  -11.3174   27.2336
    0.6660   -0.6911    0.2808
    0.3382    0.6152    0.7121
   -0.6649   -0.3794    0.6435
...    12 A-T ...
  -13.0013  -13.1789   29.0658
    0.7188   -0.1490    0.6790
   -0.1787    0.9043    0.3876
   -0.6718   -0.4000    0.6235
...    13 C-G ...
  -14.1788  -15.9359   31.3399
    0.4052    0.2865    0.8682
   -0.5270    0.8492   -0.0343
   -0.7470   -0.4437    0.4951
...    14 A-T ...
  -15.9532  -18.1566   33.3080
   -0.1503    0.6873    0.7107
   -0.6106    0.5008   -0.6135
   -0.7776   -0.5261    0.3444
...    15 A-T ...
  -18.3199  -19.9483   34.6298
   -0.4777    0.8453    0.2394
   -0.4023    0.0317   -0.9150
   -0.7810   -0.5334    0.3249
...    16 T-A ...
  -20.6677  -21.5249   36.3062
   -0.6060    0.7533   -0.2554
   -0.1017   -0.3918   -0.9144
   -0.7889   -0.5282    0.3141
...    17 T-A ...
  -23.2437  -23.0727   37.5077
   -0.5356    0.4225   -0.7312
    0.2574   -0.7430   -0.6178
   -0.8043   -0.5192    0.2892
...    18 T-A ...
  -25.9566  -24.5273   38.4962
   -0.2713   -0.0402   -0.9617
    0.5070   -0.8552   -0.1073
   -0.8181   -0.5167    0.2524
...    19 A-T ...
  -28.8574  -26.0804   39.0322
    0.1632   -0.4247   -0.8905
    0.5344   -0.7207    0.4416
   -0.8293   -0.5480    0.1093
...    20 T-A ...
  -31.8344  -27.4492   38.8962
    0.4240   -0.7162   -0.5543
    0.3712   -0.4208    0.8277
   -0.8261   -0.5567    0.0874
...    21 T-A ...
  -34.5677  -29.1938   38.8825
    0.5640   -0.8258    0.0061
    0.0554    0.0452    0.9974
   -0.8239   -0.5622    0.0712
...    22 C-G ...
  -37.1616  -31.1892   39.0097
    0.5071   -0.6316    0.5864
   -0.3077    0.5029    0.8077
   -0.8051   -0.5900    0.0607
...    23 G-C ...
  -39.9095  -32.9983   39.6081
    0.3060   -0.1941    0.9321
   -0.5757    0.7420    0.3435
   -0.7582   -0.6417    0.1153
...    24 C-G ...
  -42.1389  -35.4302   40.0126
   -0.0417    0.2609    0.9645
   -0.6571    0.7200   -0.2232
   -0.7526   -0.6431    0.1414
...    25 A-T ...
  -44.8091  -37.3706   40.3682
   -0.3624    0.6705    0.6474
   -0.5222    0.4293   -0.7369
   -0.7720   -0.6051    0.1945
...    26 A-T ...
  -47.1918  -39.4050   41.2409
   -0.6084    0.7855    0.1132
   -0.2076   -0.0199   -0.9780
   -0.7660   -0.6185    0.1752
...    27 A-T ...
  -49.6707  -41.3341   42.0607
   -0.6172    0.6373   -0.4615
    0.1848   -0.4526   -0.8723
   -0.7648   -0.6237    0.1616
...    28 G-C ...
  -52.3502  -43.1426   42.7509
   -0.3659    0.3598   -0.8583
    0.4819   -0.7157   -0.5055
   -0.7961   -0.5986    0.0885
...    29 G-C ...
  -55.2640  -44.8272   43.0068
    0.0350   -0.0098   -0.9993
    0.5870   -0.8091    0.0285
   -0.8088   -0.5877   -0.0226
...    30 C-G ...
  -58.1524  -46.3822   42.6719
    0.3982   -0.4001   -0.8254
    0.4615   -0.6903    0.5572
   -0.7928   -0.6028   -0.0902
...    31 C-G ...
  -60.8223  -48.2974   41.9027
    0.6620   -0.6404   -0.3894
    0.1467   -0.3989    0.9052
   -0.7350   -0.6564   -0.1701
...    32 G-C ...
  -63.0470  -50.7681   41.5376
    0.7153   -0.6714    0.1938
   -0.2879   -0.0305    0.9572
   -0.6367   -0.7405   -0.2151
...    33 G-C ...
  -64.8408  -53.4683   40.5877
    0.4907   -0.5238    0.6963
   -0.6589    0.2998    0.6899
   -0.5702   -0.7973   -0.1980
...    34 C-G ...
  -66.3340  -56.3401   39.8358
    0.0632   -0.2512    0.9659
   -0.8351    0.5167    0.1890
   -0.5465   -0.8185   -0.1771
...    35 C-G ...
  -67.9550  -59.2758   39.4456
   -0.3796    0.1182    0.9175
   -0.7472    0.5456   -0.3795
   -0.5454   -0.8297   -0.1188
...    36 C-G ...
  -69.6850  -62.1739   39.3146
   -0.6986    0.4440    0.5610
   -0.4218    0.3777   -0.8242
   -0.5779   -0.8125   -0.0766
...    37 G-C ...
  -71.7330  -64.7376   38.6348
   -0.7633    0.6460    0.0016
    0.0481    0.0593   -0.9971
   -0.6442   -0.7610   -0.0763
...    38 A-T ...
  -73.8237  -67.2596   38.4844
   -0.5682    0.5814   -0.5823
    0.4967   -0.3219   -0.8061
   -0.6561   -0.7472   -0.1059
...    39 C-G ...
  -76.3627  -69.3743   38.4917
   -0.2007    0.3589   -0.9116
    0.7216   -0.5751   -0.3853
   -0.6626   -0.7351   -0.1435
...    40 A-T ...
  -78.5323  -71.8490   37.9109
    0.3202    0.0765   -0.9442
    0.6964   -0.6948    0.1798
   -0.6423   -0.7151   -0.2758
...    41 C-G ...
  -80.9479  -73.7079   36.6902
    0.6676   -0.2504   -0.7012
    0.4238   -0.6465    0.6343
   -0.6122   -0.7207   -0.3254
...    42 G-C ...
  -82.7050  -76.3483   35.6340
    0.8732   -0.4481   -0.1916
   -0.0359   -0.4512    0.8917
   -0.4860   -0.7718   -0.4101
...    43 A-T ...
  -84.1313  -78.8986   34.1705
    0.7133   -0.5881    0.3812
   -0.5512   -0.1350    0.8234
   -0.4328   -0.7974   -0.4205
...    44 C-G ...
  -85.0032  -81.5433   32.3816
    0.3335   -0.5503    0.7655
   -0.8549    0.1657    0.4916
   -0.3974   -0.8184   -0.4152
...    45 T-A ...
  -85.9477  -84.4215   31.0377
   -0.1558   -0.3462    0.9251
   -0.9186    0.3951   -0.0069
   -0.3631   -0.8509   -0.3796
...    46 T-A ...
  -86.8241  -87.3224   29.8383
   -0.6741   -0.0897    0.7332
   -0.6580    0.5240   -0.5408
   -0.3357   -0.8470   -0.4122
...    47 A-T ...
  -88.0840  -89.8814   28.0025
   -0.9570    0.2214    0.1877
   -0.0615    0.4771   -0.8767
   -0.2837   -0.8505   -0.4430
...    48 C-G ...
  -89.1584  -92.9088   27.1011
   -0.8426    0.4476   -0.2997
    0.4554    0.2948   -0.8401
   -0.2876   -0.8443   -0.4522
...    49 T-A ...
  -90.3883  -95.6945   25.7740
   -0.4587    0.5807   -0.6726
    0.8342    0.0207   -0.5511
   -0.3061   -0.8138   -0.4939
...    50 G-C ...
  -91.3450  -98.3222   23.9596
    0.1190    0.5892   -0.7992
    0.9480   -0.3068   -0.0851
   -0.2953   -0.7475   -0.5951
...    51 T-A ...
  -92.8276 -100.4196   21.9042
    0.6040    0.3920   -0.6939
    0.7544   -0.5620    0.3391
   -0.2571   -0.7283   -0.6352
...    52 A-T ...
  -93.6802 -102.5305   19.4629
    0.9432    0.1583   -0.2920
    0.3137   -0.7135    0.6266
   -0.1092   -0.6826   -0.7226
...    53 G-C ...
  -93.9172 -104.5012   16.8339
    0.9769   -0.1595    0.1424
   -0.2137   -0.7148    0.6659
   -0.0045   -0.6809   -0.7323
...    54 G-C ...
  -93.4322 -106.5900   14.2321
    0.7103   -0.4416    0.5481
   -0.6949   -0.5642    0.4459
    0.1123   -0.6976   -0.7076
...    55 T-A ...
  -92.4575 -108.6134   11.8202
    0.2432   -0.6483    0.7215
   -0.9586   -0.2743    0.0766
    0.1482   -0.7103   -0.6882
...    56 A-T ...
  -92.2415 -111.0499    9.5258
   -0.3969   -0.6861    0.6097
   -0.9006    0.1631   -0.4029
    0.1770   -0.7090   -0.6827
...    57 T-A ...
  -91.1045 -113.5660    7.6916
   -0.7969   -0.5261    0.2971
   -0.5697    0.4907   -0.6592
    0.2010   -0.6946   -0.6908
...    58 C-G ...
  -90.4372 -115.9459    5.5146
   -0.9777   -0.1355   -0.1605
    0.0177    0.7081   -0.7059
    0.2093   -0.6930   -0.6899
...    59 T-A ...
  -89.9144 -118.4581    3.3996
   -0.8244    0.2815   -0.4909
    0.5334    0.6764   -0.5078
    0.1891   -0.6806   -0.7079
...    60 C-G ...
  -89.3276 -120.7734    1.1403
   -0.3577    0.6442   -0.6761
    0.9123    0.3957   -0.1056
    0.1995   -0.6546   -0.7292
...    61 G-C ...
  -88.2922 -122.8836   -1.2333
    0.1660    0.8410   -0.5149
    0.9554   -0.0079    0.2951
    0.2441   -0.5409   -0.8049
...    62 A-T ...
  -87.5827 -124.6261   -3.8823
    0.6587    0.7270   -0.1941
    0.6912   -0.4826    0.5379
    0.2974   -0.4885   -0.8203
...    63 G-C ...
  -86.6651 -125.9070   -6.7666
    0.8782    0.4357    0.1973
    0.2689   -0.7909    0.5497
    0.3955   -0.4297   -0.8117
...    64 C-G ...
  -85.2338 -126.7891   -9.5826
    0.8537   -0.0136    0.5206
   -0.2192   -0.9162    0.3354
    0.4724   -0.4005   -0.7851
...    65 T-A ...
  -83.3580 -127.7721  -12.0992
    0.5779   -0.4467    0.6830
   -0.5928   -0.8050   -0.0249
    0.5609   -0.3905   -0.7300
...    66 C-G ...
  -81.3146 -129.0917  -14.2745
    0.1118   -0.8185    0.5635
   -0.7895   -0.4176   -0.4498
    0.6035   -0.3946   -0.6929
...    67 G-C ...
  -79.6184 -130.7831  -16.6102
   -0.3886   -0.8857    0.2540
   -0.6669    0.0802   -0.7408
    0.6358   -0.4573   -0.6218
...    68 G-C ...
  -77.4005 -132.5642  -18.4353
   -0.7140   -0.6778   -0.1753
   -0.3210    0.5395   -0.7783
    0.6222   -0.4995   -0.6029
...    69 G-C ...
  -75.2928 -134.4484  -20.2876
   -0.7939   -0.2467   -0.5558
    0.1320    0.8223   -0.5535
    0.5936   -0.5128   -0.6202
...    70 A-T ...
  -73.2755 -136.2103  -22.2005
   -0.5611    0.2933   -0.7740
    0.5633    0.8205   -0.0975
    0.6065   -0.4907   -0.6256
...    71 T-A ...
  -71.7625 -138.2843  -24.2787
   -0.1939    0.6674   -0.7190
    0.7573    0.5677    0.3228
    0.6236   -0.4820   -0.6155
...    72 C-G ...
  -69.7785 -139.9329  -26.3000
    0.2454    0.9002   -0.3598
    0.7155    0.0823    0.6938
    0.6542   -0.4277   -0.6238
...    73 C-G ...
  -67.8051 -141.2854  -28.6832
    0.4910    0.8595    0.1422
    0.4799   -0.4031    0.7792
    0.7270   -0.3143   -0.6104
...    74 G-C ...
  -65.1655 -142.2588  -30.4778
    0.5233    0.5626    0.6400
    0.1802   -0.8072    0.5622
    0.8329   -0.1789   -0.5238
...    75 C-G ...
  -62.3752 -142.2588  -32.2039
    0.4699    0.0633    0.8804
   -0.0891   -0.9889    0.1187
    0.8782   -0.1342   -0.4591
...    76 T-A ...
  -59.3317 -142.3220  -33.4577
    0.2817   -0.4450    0.8501
   -0.2568   -0.8886   -0.3801
    0.9245   -0.1112   -0.3646
...    77 T-A ...
  -56.2365 -142.4590  -34.4151
    0.0936   -0.8702    0.4836
   -0.3447   -0.4841   -0.8043
    0.9340   -0.0914   -0.3453
...    78 T-A ...
  -53.0844 -142.6317  -35.2149
   -0.0795   -0.9935   -0.0817
   -0.3239    0.1033   -0.9404
    0.9427   -0.0483   -0.3300
...    79 A-T ...
  -50.0699 -142.4219  -36.7744
   -0.1846   -0.6875   -0.7024
   -0.2123    0.7257   -0.6545
    0.9596    0.0283   -0.2799
...    80 A-T ...
  -46.8819 -142.5831  -37.4665
   -0.2154   -0.1353   -0.9671
   -0.0951    0.9886   -0.1171
    0.9719    0.0668   -0.2258
...    81 C-G ...
  -43.6736 -142.9514  -38.2782
   -0.2430    0.4027   -0.8825
    0.0137    0.9111    0.4120
    0.9699    0.0880   -0.2269
...    82 A-T ...
  -40.4320 -142.4994  -38.8449
   -0.2937    0.8328   -0.4693
    0.1371    0.5225    0.8415
    0.9460    0.1828   -0.2676
...    83 C-G ...
  -37.5229 -142.0382  -40.2759
   -0.2369    0.9707    0.0395
    0.2602    0.0242    0.9653
    0.9360    0.2389   -0.2583
...    84 T-A ...
  -34.6068 -141.0007  -41.3796
   -0.1773    0.8185    0.5464
    0.3576   -0.4637    0.8106
    0.9169    0.3391   -0.2104
...    85 T-A ...
  -31.7673 -139.6844  -42.1290
   -0.0201    0.4128    0.9106
    0.4132   -0.8259    0.3835
    0.9104    0.3840   -0.1540
...    86 T-A ...
  -28.9470 -138.1858  -42.5551
    0.1580   -0.1237    0.9796
    0.3846   -0.9061   -0.1765
    0.9095    0.4047   -0.0956
...    87 A-T ...
  -25.9649 -136.7200  -42.4700
    0.2333   -0.6434    0.7291
    0.3019   -0.6648   -0.6833
    0.9244    0.3795    0.0391
...    88 T-A ...
  -23.1597 -135.1637  -41.7247
    0.3576   -0.8884    0.2877
    0.1613   -0.2447   -0.9561
    0.9198    0.3883    0.0558
...    89 G-C ...
  -20.0216 -134.1043  -41.7481
    0.3403   -0.8841   -0.3204
   -0.0288    0.3307   -0.9433
    0.9399    0.3302    0.0871
...    90 C-G ...
  -16.8437 -133.2895  -41.1661
    0.2612   -0.5574   -0.7881
   -0.1983    0.7680   -0.6089
    0.9447    0.3153    0.0901
...    91 T-A ...
  -13.6225 -132.5527  -40.8009
    0.1008   -0.0670   -0.9926
   -0.3075    0.9468   -0.0951
    0.9462    0.3149    0.0748
...    92 T-A ...
  -10.4602 -131.8265  -40.4981
   -0.0621    0.5017   -0.8628
   -0.3388    0.8026    0.4910
    0.9388    0.3228    0.1202
...    93 C-G ...
   -7.3473 -130.8623  -40.1050
   -0.2863    0.8629   -0.4165
   -0.2610    0.3480    0.9004
    0.9219    0.3665    0.1255
...    94 C-G ...
   -4.1903 -129.6751  -40.0064
   -0.4886    0.8661    0.1054
   -0.0797   -0.1646    0.9831
    0.8689    0.4719    0.1494
...    95 G-C ...
   -1.3819 -128.0707  -39.2058
   -0.6033    0.5520    0.5756
    0.2069   -0.5888    0.7814
    0.7702    0.5905    0.2410
...    96 G-C ...
    0.8657 -125.6792  -38.4590
   -0.5044    0.0855    0.8592
    0.5209   -0.7635    0.3818
    0.6886    0.6402    0.3406
...    97 C-G ...
    2.6618 -123.2257  -37.2145
   -0.2013   -0.3769    0.9041
    0.7372   -0.6661   -0.1135
    0.6450    0.6437    0.4120
...    98 T-A ...
    4.4285 -120.9959  -35.5480
    0.1607   -0.7108    0.6848
    0.7753   -0.3384   -0.5332
    0.6108    0.6166    0.4967
...    99 C-G ...
    6.3709 -119.1318  -33.6893
    0.5708   -0.7858    0.2380
    0.5629    0.1636   -0.8102
    0.5977    0.5964    0.5357
...   100 G-C ...
    8.6725 -117.2159  -32.2102
    0.7538   -0.5891   -0.2911
    0.1813    0.6123   -0.7696
    0.6316    0.5273    0.5684
...   101 T-A ...
   10.7422 -115.9484  -29.9066
    0.7393   -0.1742   -0.6505
   -0.2432    0.8317   -0.4991
    0.6280    0.5272    0.5725
...   102 C-G ...
   12.8408 -114.3072  -27.9693
    0.4500    0.3564   -0.8188
   -0.6428    0.7658   -0.0199
    0.6200    0.5353    0.5737
...   103 A-T ...
   14.6398 -112.3608  -25.9736
   -0.0489    0.6912   -0.7210
   -0.7889    0.4160    0.4523
    0.6125    0.5909    0.5250
...   104 T-A ...
   17.1091 -110.6023  -24.6934
   -0.4430    0.8026   -0.3995
   -0.6664    0.0033    0.7456
    0.5998    0.5965    0.5333
...   105 G-C ...
   18.9256 -108.4747  -22.8828
   -0.8105    0.5858    0.0007
   -0.3117   -0.4323    0.8461
    0.4960    0.6855    0.5330
...   106 T-A ...
   20.4769 -105.8641  -21.6575
   -0.8865    0.2407    0.3951
    0.1437   -0.6683    0.7298
    0.4398    0.7038    0.5579
...   107 T-A ...
   21.7280 -103.4183  -19.9668
   -0.6856   -0.2015    0.6996
    0.6114   -0.6810    0.4030
    0.3952    0.7040    0.5901
...   108 A-T ...
   22.5778 -100.9904  -17.8456
   -0.3090   -0.6360    0.7071
    0.9035   -0.4286    0.0093
    0.2972    0.6417    0.7070
...   109 T-A ...
   22.8518  -98.7848  -15.4327
    0.1768   -0.7748    0.6070
    0.9426   -0.0442   -0.3309
    0.2832    0.6307    0.7225
...   110 A-T ...
   23.8727  -96.7843  -12.9725
    0.6848   -0.6777    0.2679
    0.6716    0.4441   -0.5931
    0.2830    0.5860    0.7593
...   111 A-T ...
   24.6285  -95.0940  -10.2951
    0.9543   -0.2835   -0.0944
    0.1612    0.7545   -0.6362
    0.2516    0.5919    0.7657
...   112 C-G ...
   25.5296  -93.6796   -7.4098
    0.8968    0.1533   -0.4150
   -0.3606    0.7966   -0.4852
    0.2562    0.5848    0.7697
...   113 G-C ...
   26.1316  -91.3908   -5.0555
    0.5185    0.5336   -0.6682
   -0.8009    0.5769   -0.1608
    0.2996    0.6185    0.7264
...   114 G-C ...
   27.3672  -89.4354   -2.6042
   -0.0193    0.7169   -0.6969
   -0.9556    0.1918    0.2238
    0.2942    0.6702    0.6814
...   115 A-T ...
   28.4198  -87.2943   -0.3708
   -0.5807    0.6694   -0.4633
   -0.7710   -0.2695    0.5770
    0.2614    0.6922    0.6727
...   116 T-A ...
   29.6345  -84.7646    1.3306
   -0.8918    0.4344   -0.1267
   -0.3817   -0.5719    0.7261
    0.2430    0.6959    0.6758
...   117 A-T ...
   30.2536  -82.2505    3.4160
   -0.9807   -0.0421    0.1910
    0.1657   -0.6976    0.6970
    0.1039    0.7152    0.6911
...   118 T-A ...
   30.2531  -79.5246    5.2217
   -0.7754   -0.4021    0.4869
    0.6270   -0.5822    0.5177
    0.0752    0.7067    0.7035
...   119 A-T ...
   30.0531  -77.1890    7.5886
   -0.3265   -0.7477    0.5783
    0.9450   -0.2446    0.2172
   -0.0209    0.6174    0.7864
...   120 A-T ...
   29.6766  -75.2569   10.1575
    0.2522   -0.7709    0.5849
    0.9670    0.2233   -0.1227
   -0.0360    0.5965    0.8018
...   121 T-A ...
   28.9491  -73.6422   12.9284
    0.7011   -0.5597    0.4417
    0.7118    0.5855   -0.3879
   -0.0415    0.5864    0.8090
...   122 G-C ...
   29.1012  -71.6974   15.6115
    0.9812   -0.1759    0.0799
    0.1912    0.8246   -0.5324
    0.0277    0.5376    0.8427
...   123 T-A ...
   29.2495  -70.4827   18.7021
    0.9369    0.2736   -0.2177
   -0.3472    0.8004   -0.4886
    0.0406    0.5334    0.8449
...   124 G-C ...
   29.3549  -68.4705   21.3312
    0.5648    0.6483   -0.5107
   -0.8200    0.5105   -0.2588
    0.0929    0.5649    0.8199
...   125 T-A ...
   30.2396  -66.8188   24.0805
    0.0535    0.8114   -0.5820
   -0.9948    0.0941    0.0397
    0.0870    0.5768    0.8122
...   126 C-G ...
   30.6218  -64.9071   26.7164
   -0.5400    0.6977   -0.4707
   -0.8390   -0.4025    0.3661
    0.0660    0.5926    0.8028
...   127 G-C ...
   30.5342  -63.1291   29.5338
   -0.9119    0.2884   -0.2919
   -0.4076   -0.7179    0.5643
   -0.0468    0.6336    0.7722
...   128 A-T ...
   30.3882  -60.9839   31.9812
   -0.9769   -0.2098    0.0397
    0.1875   -0.7540    0.6296
   -0.1021    0.6225    0.7759
...   129 C-G ...
   29.7034  -58.5789   34.1083
   -0.7399   -0.5953    0.3133
    0.6561   -0.5358    0.5314
   -0.1485    0.5987    0.7871
...   130 C-G ...
   28.7431  -56.5680   36.6398
   -0.2670   -0.8500    0.4542
    0.9405   -0.1269    0.3153
   -0.2104    0.5113    0.8333
...   131 A-T ...
   27.9996  -55.0301   39.5026
    0.3139   -0.8398    0.4430
    0.9227    0.3797    0.0660
   -0.2237    0.3880    0.8941
...   132 A-T ...
   27.0634  -54.0066   42.4304
    0.7770   -0.4898    0.3954
    0.5874    0.7899   -0.1758
   -0.2262    0.3689    0.9015
...   133 A-T ...
   26.2486  -53.1111   45.4420
    0.9710    0.0417    0.2354
    0.0465    0.9330   -0.3569
   -0.2346    0.3575    0.9040
...   134 T-A ...
   25.6208  -52.5913   48.6400
    0.8597    0.5097    0.0340
   -0.4497    0.7866   -0.4231
   -0.2424    0.3485    0.9054
...   135 G-C ...
   25.2757  -52.5096   52.0791
    0.3204    0.9427   -0.0928
   -0.8825    0.2614   -0.3910
   -0.3443    0.2071    0.9157
...   136 T-A ...
   25.5257  -52.9787   55.8049
   -0.2439    0.9563   -0.1610
   -0.8908   -0.2866   -0.3525
   -0.3833    0.0575    0.9218
...   137 G-C ...
   24.8933  -52.7377   58.9865
   -0.7529    0.5562   -0.3519
   -0.5215   -0.8303   -0.1966
   -0.4015    0.0355    0.9152
...   138 A-T ...
   24.0143  -51.6374   61.9242
   -0.9563    0.0401   -0.2896
   -0.0524   -0.9980    0.0347
   -0.2876    0.0484    0.9565
...   139 G-C ...
   22.3467  -51.2411   64.4940
   -0.8529   -0.5118   -0.1033
    0.4974   -0.8566    0.1373
   -0.1587    0.0657    0.9851
...   140 C-G ...
   22.1503  -50.1498   67.4638
   -0.4681   -0.8748    0.1248
    0.8495   -0.4066    0.3362
   -0.2434    0.2634    0.9335
...   141 G-C ...
   21.4256  -51.8266   72.7876
    0.1303   -0.7143   -0.6876
    0.8897   -0.2218    0.3990
   -0.4375   -0.6638    0.6066
...   142 C-G ...
   20.4245  -54.3094   74.5418
    0.5846   -0.7390   -0.3348
    0.7594    0.3532    0.5465
   -0.2856   -0.5737    0.7676
...   143 T-A ...
   18.4271  -55.5290   76.5299
    0.8548   -0.5005    0.1370
    0.3188    0.7148    0.6224
   -0.4095   -0.4884    0.7706
...   144 C-G ...
   16.8371  -57.7222   78.2674
    0.8529   -0.0846    0.5151
   -0.1508    0.9048    0.3983
   -0.4998   -0.4174    0.7589
...   145 A-T ...
   15.7829  -59.5615   80.7981
    0.5516    0.4995    0.6680
   -0.6739    0.7388    0.0039
   -0.4916   -0.4523    0.7441
...   146 C-G ...
   15.7314  -61.4940   83.9316
    0.0344    0.7399    0.6718
   -0.8637    0.3602   -0.3526
   -0.5029   -0.5681    0.6514
...   147 A-T ...
   14.7383  -63.4279   86.8192
   -0.5924    0.6746    0.4405
   -0.6886   -0.1401   -0.7114
   -0.4182   -0.7248    0.5475
