  147 base-pairs
...     1 T-A ...
    0.0000    0.0000    0.0000
    1.0000    0.0000    0.0000
    0.0000    1.0000    0.0000
    0.0000    0.0000    1.0000
...     2 G-C ...
   -0.5555   -1.1003    3.3981
    0.7749    0.6051    0.1828
   -0.5991    0.7953   -0.0929
   -0.2016   -0.0375    0.9787
...     3 T-A ...
   -0.6619   -3.0237    6.5348
    0.3046    0.9250    0.2271
   -0.8994    0.3578   -0.2510
   -0.3134   -0.1278    0.9410
...     4 G-C ...
   -1.1607   -3.8418    9.6940
   -0.3351    0.9421    0.0133
   -0.8752   -0.3061   -0.3746
   -0.3489   -0.1372    0.9271
...     5 A-T ...
   -1.3881   -3.6770   12.8999
   -0.7835    0.6162   -0.0801
   -0.5677   -0.7622   -0.3109
   -0.2527   -0.1981    0.9470
...     6 G-C ...
   -2.6236   -3.5448   15.7072
   -0.9923    0.0611   -0.1075
   -0.0294   -0.9610   -0.2748
   -0.1201   -0.2695    0.9555
...     7 C-G ...
   -2.3138   -3.7570   18.8866
   -0.8620   -0.4995   -0.0864
    0.5008   -0.8655    0.0073
   -0.0785   -0.0370    0.9962
...     8 G-C ...
   -3.9561   -6.8109   23.3205
   -0.2581   -0.3560   -0.8981
    0.6294   -0.7673    0.1233
   -0.7330   -0.5335    0.4221
...     9 C-G ...
   -6.1177   -8.9414   24.2385
    0.1143   -0.7320   -0.6716
    0.8123   -0.3203    0.4874
   -0.5720   -0.6013    0.5580
...    10 T-A ...
   -8.5041   -9.6771   26.0540
    0.4660   -0.8587   -0.2131
    0.6274    0.1508    0.7640
   -0.6239   -0.4897    0.6090
...    11 C-G ...
  -11.0625  -11.3174   27.2336
    0.6660   -0.6911    0.2808
    0.3382    0.6152    0.7121
   -0.6649   -0.3794    0.6435
...    12 A-T ...
  -13.0013  -13.1789   29.0658
    0.7188   -0.1490    0.6790
   -0.1787    0.9043    0.3876
   -0.6718   -0.4000    0.6235
...    13 C-G ...
  -14.1788  -15.9359   31.3399
    0.4052    0.2865    0.8682
   -0.5270    0.8492   -0.0343
   -0.7470   -0.4437    0.4951
...    14 A-T ...
  -15.9532  -18.1566   33.3080
   -0.1503    0.6873    0.7107
   -0.6106    0.5008   -0.6135
   -0.7776   -0.5261    0.3444
...    15 A-T ...
  -18.3215  -19.9435   34.6325
   -0.4764    0.8461    0.2391
   -0.4039    0.0310   -0.9143
   -0.7809   -0.5322    0.3270
...    16 T-A ...
  -20.6681  -21.5139   36.3170
   -0.6060    0.7533   -0.2554
   -0.1045   -0.3936   -0.9133
   -0.7886   -0.5268    0.3172
...    17 T-A ...
  -23.2424  -23.0557   37.5329
   -0.5390    0.4194   -0.7304
    0.2551   -0.7452   -0.6161
   -0.8027   -0.5185    0.2947
...    18 T-A ...
  -25.9506  -24.5060   38.5451
   -0.2778   -0.0471   -0.9595
    0.5077   -0.8551   -0.1050
   -0.8155   -0.5164    0.2614
...    19 A-T ...
  -28.8283  -26.0821   39.1321
    0.1541   -0.4382   -0.8856
    0.5405   -0.7129    0.4468
   -0.8271   -0.5475    0.1270
...    20 T-A ...
  -31.8068  -27.4561   39.0541
    0.4181   -0.7253   -0.5470
    0.3817   -0.4061    0.8303
   -0.8243   -0.5559    0.1071
...    21 T-A ...
  -34.5401  -29.2006   39.1072
    0.5647   -0.8252    0.0140
    0.0684    0.0637    0.9956
   -0.8225   -0.5613    0.0925
...    22 C-G ...
  -37.1352  -31.1885   39.3072
    0.5165   -0.6195    0.5912
   -0.2962    0.5185    0.8021
   -0.8034   -0.5894    0.0843
...    23 G-C ...
  -39.8728  -32.9881   39.9800
    0.3230   -0.1739    0.9303
   -0.5706    0.7485    0.3380
   -0.7551   -0.6399    0.1426
...    24 C-G ...
  -42.0868  -35.4145   40.4806
   -0.0230    0.2820    0.9591
   -0.6627    0.7140   -0.2258
   -0.7485   -0.6408    0.1705
...    25 A-T ...
  -44.7437  -37.3517   40.9450
   -0.3487    0.6849    0.6398
   -0.5395    0.4115   -0.7346
   -0.7664   -0.6013    0.2260
...    26 A-T ...
  -47.1038  -39.3651   41.9213
   -0.6067    0.7874    0.1088
   -0.2309   -0.0436   -0.9720
   -0.7606   -0.6149    0.2083
...    27 A-T ...
  -49.5600  -41.2752   42.8496
   -0.6301    0.6242   -0.4618
    0.1643   -0.4741   -0.8650
   -0.7589   -0.6210    0.1962
...    28 G-C ...
  -52.2171  -43.0719   43.6552
   -0.3896    0.3354   -0.8577
    0.4710   -0.7278   -0.4985
   -0.7914   -0.5982    0.1256
...    29 G-C ...
  -55.1158  -44.7604   44.0392
    0.0076   -0.0388   -0.9992
    0.5912   -0.8058    0.0357
   -0.8065   -0.5910    0.0168
...    30 C-G ...
  -58.0066  -46.3371   43.8390
    0.3764   -0.4237   -0.8239
    0.4806   -0.6710    0.5647
   -0.7920   -0.6085   -0.0489
...    31 C-G ...
  -60.6946  -48.2811   43.2171
    0.6537   -0.6495   -0.3883
    0.1760   -0.3686    0.9128
   -0.7360   -0.6651   -0.1267
...    32 G-C ...
  -62.9235  -50.7655   43.0052
    0.7257   -0.6602    0.1936
   -0.2570    0.0008    0.9664
   -0.6382   -0.7511   -0.1691
...    33 G-C ...
  -64.7319  -53.5033   42.2070
    0.5177   -0.4955    0.6975
   -0.6378    0.3199    0.7007
   -0.5703   -0.8076   -0.1504
...    34 C-G ...
  -66.2238  -56.4102   41.6097
    0.0989   -0.2153    0.9715
   -0.8324    0.5171    0.1993
   -0.5453   -0.8284   -0.1281
...    35 C-G ...
  -67.8309  -59.3708   41.3932
   -0.3473    0.1496    0.9258
   -0.7657    0.5246   -0.3720
   -0.5413   -0.8381   -0.0676
...    36 C-G ...
  -69.5411  -62.2829   41.4463
   -0.6819    0.4591    0.5694
   -0.4564    0.3413   -0.8217
   -0.5715   -0.8203   -0.0232
...    37 G-C ...
  -71.5933  -64.8853   40.9517
   -0.7707    0.6372    0.0051
    0.0089    0.0187   -0.9998
   -0.6372   -0.7704   -0.0201
...    38 A-T ...
  -73.6593  -67.4333   40.9881
   -0.5983    0.5491   -0.5835
    0.4694   -0.3500   -0.8107
   -0.6494   -0.7589   -0.0483
...    39 C-G ...
  -76.1678  -69.5784   41.1868
   -0.2415    0.3156   -0.9176
    0.7144   -0.5822   -0.3882
   -0.6568   -0.7493   -0.0849
...    40 A-T ...
  -78.3172  -72.1088   40.8084
    0.2814    0.0371   -0.9589
    0.7138   -0.6759    0.1834
   -0.6413   -0.7361   -0.2167
...    41 C-G ...
  -80.7511  -74.0574   39.7771
    0.6432   -0.2736   -0.7152
    0.4593   -0.6094    0.6462
   -0.6127   -0.7441   -0.2663
...    42 G-C ...
  -82.5127  -76.7679   38.9261
    0.8728   -0.4426   -0.2055
    0.0085   -0.4073    0.9132
   -0.4879   -0.7989   -0.3518
...    43 A-T ...
  -83.9516  -79.4091   37.6509
    0.7400   -0.5554    0.3794
   -0.5142   -0.1035    0.8514
   -0.4336   -0.8252   -0.3621
...    44 C-G ...
  -84.8415  -82.1545   36.0350
    0.3767   -0.5040    0.7772
   -0.8371    0.1740    0.5186
   -0.3966   -0.8460   -0.3564
...    45 T-A ...
  -85.7772  -85.1164   34.8827
   -0.1089   -0.3006    0.9475
   -0.9269    0.3750    0.0124
   -0.3591   -0.8769   -0.3195
...    46 T-A ...
  -86.6370  -88.0943   33.8764
   -0.6401   -0.0651    0.7655
   -0.6926    0.4802   -0.5383
   -0.3326   -0.8747   -0.3525
...    47 A-T ...
  -87.9155  -90.7728   32.2324
   -0.9539    0.2087    0.2158
   -0.1094    0.4278   -0.8972
   -0.2796   -0.8795   -0.3852
...    48 C-G ...
  -88.9495  -93.8702   31.5388
   -0.8656    0.4097   -0.2879
    0.4132    0.2597   -0.8728
   -0.2829   -0.8745   -0.3941
...    49 T-A ...
  -90.1557  -96.7555   30.4166
   -0.5011    0.5302   -0.6839
    0.8109    0.0117   -0.5851
   -0.3023   -0.8478   -0.4358
...    50 G-C ...
  -91.1055  -99.5080   28.7950
    0.0704    0.5458   -0.8350
    0.9526   -0.2851   -0.1061
   -0.2959   -0.7879   -0.5400
...    51 T-A ...
  -92.6049 -101.7619   26.9252
    0.5646    0.3684   -0.7386
    0.7837   -0.5200    0.3397
   -0.2589   -0.7706   -0.5823
...    52 A-T ...
  -93.4936 -104.0260   24.6381
    0.9255    0.1721   -0.3375
    0.3617   -0.6665    0.6519
   -0.1128   -0.7254   -0.6790
...    53 G-C ...
  -93.7607 -106.1481   22.1347
    0.9867   -0.1171    0.1126
   -0.1623   -0.6826    0.7125
   -0.0066   -0.7213   -0.6925
...    54 G-C ...
  -93.2918 -108.3624   19.6376
    0.7466   -0.3825    0.5443
   -0.6555   -0.5627    0.5037
    0.1136   -0.7328   -0.6708
...    55 T-A ...
  -92.3252 -110.4848   17.3127
    0.2953   -0.5947    0.7477
   -0.9432   -0.3060    0.1291
    0.1521   -0.7434   -0.6513
...    56 A-T ...
  -92.0820 -113.0470   15.1655
   -0.3448   -0.6626    0.6649
   -0.9208    0.1010   -0.3768
    0.1825   -0.7422   -0.6449
...    57 T-A ...
  -90.9044 -115.6246   13.4455
   -0.7620   -0.5392    0.3587
   -0.6138    0.4247   -0.6655
    0.2065   -0.7272   -0.6546
...    58 C-G ...
  -90.2135 -118.1084   11.3954
   -0.9755   -0.1870   -0.1157
   -0.0383    0.6626   -0.7480
    0.2166   -0.7252   -0.6536
...    59 T-A ...
  -89.6486 -120.7242    9.4209
   -0.8522    0.2132   -0.4778
    0.4846    0.6660   -0.5671
    0.1974   -0.7148   -0.6709
...    60 C-G ...
  -89.0244 -123.1523    7.2930
   -0.4087    0.5829   -0.7023
    0.8887    0.4293   -0.1609
    0.2077   -0.6899   -0.6935
...    61 G-C ...
  -87.9581 -125.3676    5.0322
    0.1089    0.8134   -0.5714
    0.9628    0.0567    0.2643
    0.2474   -0.5790   -0.7769
...    62 A-T ...
  -87.2406 -127.2445    2.4806
    0.6145    0.7450   -0.2596
    0.7300   -0.4121    0.5453
    0.2993   -0.5246   -0.7971
...    63 G-C ...
  -86.3377 -128.6585   -0.3433
    0.8582    0.4929    0.1432
    0.3259   -0.7387    0.5900
    0.3966   -0.4597   -0.7946
...    64 C-G ...
  -84.9355 -129.6393   -3.1383
    0.8660    0.0667    0.4956
   -0.1588   -0.9031    0.3990
    0.4742   -0.4242   -0.7715
...    65 T-A ...
  -83.0684 -130.6771   -5.6367
    0.6190   -0.3672    0.6943
   -0.5452   -0.8372    0.0433
    0.5654   -0.4053   -0.7184
...    66 C-G ...
  -80.9985 -132.0216   -7.7691
    0.1732   -0.7710    0.6128
   -0.7727   -0.4922   -0.4008
    0.6107   -0.4041   -0.6810
...    67 G-C ...
  -79.2526 -133.7727  -10.0220
   -0.3279   -0.8885    0.3211
   -0.6850   -0.0105   -0.7285
    0.6506   -0.4588   -0.6051
...    68 G-C ...
  -76.9657 -135.5405  -11.7739
   -0.6727   -0.7310   -0.1142
   -0.3684    0.4648   -0.8051
    0.6416   -0.4995   -0.5820
...    69 G-C ...
  -74.7739 -137.4095  -13.5424
   -0.7851   -0.3332   -0.5220
    0.0698    0.7899   -0.6092
    0.6154   -0.5148   -0.5969
...    70 A-T ...
  -72.6724 -139.1641  -15.3701
   -0.5902    0.2038   -0.7811
    0.5068    0.8467   -0.1620
    0.6284   -0.4915   -0.6030
...    71 T-A ...
  -71.0544 -141.2719  -17.3327
   -0.2471    0.6034   -0.7582
    0.7224    0.6362    0.2710
    0.6459   -0.4807   -0.5931
...    72 C-G ...
  -68.9906 -142.9245  -19.2689
    0.1796    0.8883   -0.4227
    0.7167    0.1762    0.6748
    0.6739   -0.4242   -0.6050
...    73 C-G ...
  -66.9616 -144.3055  -21.5873
    0.4315    0.8988    0.0771
    0.5152   -0.3157    0.7968
    0.7405   -0.3041   -0.5993
...    74 G-C ...
  -64.2806 -145.2088  -23.3551
    0.4868    0.6408    0.5936
    0.2431   -0.7521    0.6126
    0.8390   -0.1539   -0.5219
...    75 C-G ...
  -61.5119 -145.1195  -25.1102
    0.4705    0.1577    0.8682
   -0.0147   -0.9824    0.1864
    0.8823   -0.1005   -0.4599
...    76 T-A ...
  -58.4806 -145.0417  -26.3892
    0.3195   -0.3630    0.8753
   -0.1912   -0.9294   -0.3156
    0.9281   -0.0665   -0.3663
...    77 T-A ...
  -55.3886 -145.0116  -27.3653
    0.1620   -0.8250    0.5414
   -0.3108   -0.5634   -0.7655
    0.9366   -0.0442   -0.3477
...    78 T-A ...
  -52.2354 -144.9984  -28.1800
   -0.0028   -0.9999   -0.0126
   -0.3350    0.0128   -0.9421
    0.9422    0.0016   -0.3350
...    79 C-G ...
  -49.0953 -145.1189  -29.1643
   -0.1834   -0.7952   -0.5780
   -0.2561    0.6063   -0.7529
    0.9491    0.0099   -0.3148
...    80 A-T ...
  -46.0352 -144.7717  -30.3688
   -0.3296   -0.2875   -0.8993
   -0.1006    0.9578   -0.2694
    0.9388    0.0017   -0.3446
...    81 T-A ...
  -42.9635 -145.4409  -31.4203
   -0.3124    0.2428   -0.9184
    0.0610    0.9699    0.2357
    0.9480    0.0176   -0.3178
...    82 G-C ...
  -39.8139 -145.1626  -32.4294
   -0.3199    0.7386   -0.5934
    0.2090    0.6659    0.7162
    0.9241    0.1051   -0.3674
...    83 T-A ...
  -37.0083 -145.0521  -34.1435
   -0.2209    0.9674   -0.1242
    0.3264    0.1933    0.9252
    0.9191    0.1638   -0.3585
...    84 T-A ...
  -34.1421 -144.4495  -35.4868
   -0.0668    0.9039    0.4226
    0.3927   -0.3655    0.8439
    0.9172    0.2223   -0.3306
...    85 A-T ...
  -31.3478 -143.0874  -36.7383
   -0.0679    0.5340    0.8428
    0.4255   -0.7485    0.5086
    0.9024    0.3931   -0.1764
...    86 T-A ...
  -28.7696 -141.2163  -37.4103
    0.1078    0.0836    0.9907
    0.4234   -0.9054    0.0303
    0.8995    0.4162   -0.1330
...    87 A-T ...
  -25.8721 -139.5782  -37.4316
    0.1913   -0.4722    0.8605
    0.3682   -0.7781   -0.5089
    0.9099    0.4141    0.0250
...    88 A-T ...
  -23.0194 -138.0813  -37.0531
    0.3702   -0.8260    0.4252
    0.2228   -0.3654   -0.9038
    0.9019    0.4293    0.0488
...    89 C-G ...
  -20.1328 -136.6426  -36.1992
    0.4307   -0.8958   -0.1098
    0.0231    0.1326   -0.9909
    0.9022    0.4243    0.0778
...    90 G-C ...
  -17.1178 -135.2244  -36.3990
    0.3313   -0.6768   -0.6574
   -0.1882    0.6353   -0.7490
    0.9246    0.3719    0.0830
...    91 G-C ...
  -13.9398 -134.1698  -35.9582
    0.1373   -0.2281   -0.9639
   -0.3390    0.9035   -0.2621
    0.9307    0.3628    0.0467
...    92 A-T ...
  -10.8620 -133.0600  -35.6594
   -0.0972    0.3478   -0.9325
   -0.3792    0.8533    0.3578
    0.9202    0.3884    0.0490
...    93 T-A ...
   -7.6605 -132.3000  -35.8736
   -0.2745    0.7318   -0.6238
   -0.2962    0.5528    0.7789
    0.9148    0.3986    0.0650
...    94 A-T ...
   -4.6535 -130.8982  -35.7143
   -0.4925    0.8662   -0.0843
   -0.0929    0.0440    0.9947
    0.8653    0.4977    0.0588
...    95 A-T ...
   -1.9265 -129.1765  -35.7280
   -0.5092    0.7202    0.4712
    0.1931   -0.4380    0.8780
    0.8387    0.5381    0.0840
...    96 C-G ...
    0.4938 -126.9973  -35.8524
   -0.4006    0.3611    0.8421
    0.4397   -0.7305    0.5224
    0.8038    0.5796    0.1339
...    97 A-T ...
    3.0379 -124.9273  -35.1878
   -0.2234   -0.1775    0.9584
    0.6374   -0.7705    0.0058
    0.7375    0.6122    0.2853
...    98 C-G ...
    4.9262 -122.5197  -33.9845
    0.0995   -0.5746    0.8124
    0.6911   -0.5474   -0.4719
    0.7159    0.6084    0.3427
...    99 T-A ...
    7.0366 -120.4895  -32.4528
    0.4057   -0.8079    0.4275
    0.5822   -0.1322   -0.8022
    0.7046    0.5744    0.4167
...   100 T-A ...
    9.1333 -118.6314  -30.7959
    0.6906   -0.7173   -0.0928
    0.2538    0.3605   -0.8976
    0.6773    0.5963    0.4310
...   101 T-A ...
   11.2376 -116.8350  -29.0676
    0.7458   -0.3451   -0.5698
   -0.1947    0.7051   -0.6818
    0.6371    0.6195    0.4587
...   102 A-T ...
   13.0231 -114.3208  -27.6691
    0.4856    0.2262   -0.8444
   -0.6465    0.7432   -0.1727
    0.5885    0.6297    0.5071
...   103 T-A ...
   15.4227 -112.7437  -26.0261
    0.0984    0.5834   -0.8062
   -0.8136    0.5137    0.2724
    0.5730    0.6292    0.5252
...   104 G-C ...
   17.1292 -110.5083  -24.2602
   -0.4312    0.7029   -0.5656
   -0.7323    0.0936    0.6745
    0.5271    0.7051    0.4744
...   105 C-G ...
   19.1036 -108.1651  -23.0485
   -0.7895    0.5951   -0.1498
   -0.3934   -0.3035    0.8678
    0.4710    0.7441    0.4737
...   106 T-A ...
   20.5369 -105.4849  -21.7821
   -0.9218    0.2832    0.2647
    0.0688   -0.5523    0.8308
    0.3815    0.7840    0.4897
...   107 T-A ...
   21.6140 -102.8009  -20.3531
   -0.7534   -0.1058    0.6490
    0.5657   -0.6076    0.5576
    0.3353    0.7872    0.5176
...   108 C-G ...
   22.4610 -100.2199  -18.5699
   -0.3196   -0.4817    0.8159
    0.9043   -0.4121    0.1109
    0.2828    0.7733    0.5674
...   109 C-G ...
   22.9516  -97.7150  -16.3618
    0.1821   -0.6968    0.6937
    0.9520   -0.0515   -0.3016
    0.2459    0.7154    0.6540
...   110 G-C ...
   24.1346  -95.5646  -14.0987
    0.6520   -0.6741    0.3471
    0.7145    0.3930   -0.5788
    0.2537    0.6254    0.7379
...   111 G-C ...
   24.9561  -93.8013  -11.3323
    0.9198   -0.3869   -0.0652
    0.2583    0.7223   -0.6415
    0.2952    0.5732    0.7643
...   112 C-G ...
   25.9932  -92.2562   -8.5735
    0.9047    0.0640   -0.4213
   -0.2857    0.8245   -0.4883
    0.3161    0.5622    0.7642
...   113 T-A ...
   27.2667  -90.6330   -5.9700
    0.6048    0.4779   -0.6371
   -0.7208    0.6686   -0.1827
    0.3387    0.5697    0.7488
...   114 C-G ...
   28.4507  -88.8230   -3.4928
    0.0553    0.7723   -0.6328
   -0.9430    0.2486    0.2211
    0.3281    0.5846    0.7421
...   115 G-C ...
   29.1199  -86.8720   -0.8610
   -0.5111    0.7102   -0.4842
   -0.8180   -0.2288    0.5278
    0.2640    0.6658    0.6978
...   116 T-A ...
   30.3315  -84.4247    0.9915
   -0.8705    0.4603   -0.1744
   -0.4397   -0.5681    0.6957
    0.2212    0.6822    0.6969
...   117 A-T ...
   30.8941  -81.9797    3.1742
   -0.9896   -0.0181    0.1424
    0.1129   -0.7105    0.6946
    0.0885    0.7035    0.7052
...   118 T-A ...
   30.8759  -79.2777    5.0178
   -0.8073   -0.3880    0.4447
    0.5871   -0.6047    0.5382
    0.0601    0.6956    0.7159
...   119 A-T ...
   30.6527  -76.9775    7.4185
   -0.3656   -0.7454    0.5575
    0.9300   -0.2679    0.2516
   -0.0382    0.6104    0.7911
...   120 A-T ...
   30.2223  -75.0598    9.9910
    0.2144   -0.7809    0.5867
    0.9753    0.2041   -0.0846
   -0.0537    0.5903    0.8054
...   121 T-A ...
   29.4260  -73.4534   12.7490
    0.6738   -0.5769    0.4616
    0.7365    0.5747   -0.3568
   -0.0594    0.5804    0.8122
...   122 G-C ...
   29.5172  -71.5291   15.4534
    0.9747   -0.1936    0.1118
    0.2235    0.8254   -0.5184
    0.0080    0.5303    0.8478
...   123 T-A ...
   29.5806  -70.3418   18.5593
    0.9477    0.2604   -0.1848
   -0.3186    0.8097   -0.4928
    0.0213    0.5259    0.8503
...   124 G-C ...
   29.6261  -68.3475   21.2081
    0.5888    0.6447   -0.4875
   -0.8048    0.5239   -0.2790
    0.0755    0.5566    0.8273
...   125 T-A ...
   30.4492  -66.7300   23.9980
    0.0799    0.8157   -0.5729
   -0.9943    0.1059    0.0122
    0.0706    0.5687    0.8195
...   126 C-G ...
   30.7753  -64.8430   26.6620
   -0.5203    0.7078   -0.4778
   -0.8524   -0.3968    0.3405
    0.0514    0.5845    0.8098
...   127 G-C ...
   30.6247  -63.0903   29.4983
   -0.9029    0.2998   -0.3081
   -0.4261   -0.7192    0.5488
   -0.0571    0.6268    0.7771
...   128 A-T ...
   30.4456  -60.9667   31.9671
   -0.9791   -0.2021    0.0216
    0.1709   -0.7609    0.6260
   -0.1100    0.6166    0.7795
...   129 C-G ...
   29.7448  -58.5723   34.1077
   -0.7480   -0.5925    0.2990
    0.6454   -0.5443    0.5359
   -0.1548    0.5938    0.7896
...   130 C-G ...
   28.7740  -56.5712   36.6460
   -0.2758   -0.8510    0.4469
    0.9367   -0.1336    0.3237
   -0.2157    0.5079    0.8340
...   131 A-T ...
   28.0254  -55.0355   39.5111
    0.3085   -0.8418    0.4429
    0.9235    0.3767    0.0727
   -0.2280    0.3866    0.8936
...   132 A-T ...
   27.0772  -54.0105   42.4354
    0.7745   -0.4915    0.3982
    0.5894    0.7893   -0.1723
   -0.2296    0.3681    0.9010
...   133 A-T ...
   26.2531  -53.1113   45.4434
    0.9706    0.0411    0.2373
    0.0476    0.9332   -0.3562
   -0.2361    0.3570    0.9038
...   134 T-A ...
   25.6208  -52.5914   48.6400
    0.8597    0.5097    0.0340
   -0.4497    0.7866   -0.4231
   -0.2424    0.3485    0.9054
...   135 G-C ...
   25.2757  -52.5096   52.0791
    0.3204    0.9427   -0.0928
   -0.8825    0.2614   -0.3910
   -0.3443    0.2071    0.9157
...   136 T-A ...
   25.5257  -52.9787   55.8049
   -0.2439    0.9563   -0.1610
   -0.8908   -0.2866   -0.3525
   -0.3833    0.0575    0.9218
...   137 G-C ...
   24.8933  -52.7378   58.9865
   -0.7529    0.5562   -0.3519
   -0.5215   -0.8303   -0.1966
   -0.4015    0.0355    0.9152
...   138 A-T ...
   24.0143  -51.6374   61.9242
   -0.9563    0.0401   -0.2896
   -0.0524   -0.9980    0.0347
   -0.2876    0.0484    0.9565
...   139 G-C ...
   22.3467  -51.2412   64.4939
   -0.8529   -0.5118   -0.1033
    0.4974   -0.8566    0.1373
   -0.1587    0.0657    0.9851
...   140 C-G ...
   22.1503  -50.1499   67.4638
   -0.4681   -0.8748    0.1248
    0.8495   -0.4066    0.3362
   -0.2434    0.2634    0.9335
...   141 G-C ...
   21.4256  -51.8267   72.7876
    0.1303   -0.7143   -0.6876
    0.8897   -0.2218    0.3990
   -0.4375   -0.6638    0.6066
...   142 C-G ...
   20.4245  -54.3095   74.5418
    0.5846   -0.7390   -0.3348
    0.7594    0.3532    0.5465
   -0.2856   -0.5737    0.7676
...   143 T-A ...
   18.4271  -55.5290   76.5298
    0.8548   -0.5005    0.1370
    0.3188    0.7148    0.6224
   -0.4095   -0.4884    0.7706
...   144 C-G ...
   16.8371  -57.7222   78.2673
    0.8529   -0.0846    0.5151
   -0.1508    0.9048    0.3983
   -0.4998   -0.4174    0.7589
...   145 A-T ...
   15.7829  -59.5616   80.7981
    0.5516    0.4995    0.6680
   -0.6739    0.7388    0.0039
   -0.4916   -0.4523    0.7441
...   146 C-G ...
   15.7314  -61.4941   83.9316
    0.0344    0.7399    0.6718
   -0.8637    0.3602   -0.3526
   -0.5029   -0.5681    0.6514
...   147 A-T ...
   14.7383  -63.4279   86.8192
   -0.5924    0.6746    0.4405
   -0.6886   -0.1401   -0.7114
   -0.4182   -0.7248    0.5475
