  147 base-pairs
...     1 T-A ...
    0.0000    0.0000    0.0000
    1.0000    0.0000    0.0000
    0.0000    1.0000    0.0000
    0.0000    0.0000    1.0000
...     2 G-C ...
   -0.5555   -1.1003    3.3981
    0.7749    0.6051    0.1828
   -0.5991    0.7953   -0.0929
   -0.2016   -0.0375    0.9787
...     3 T-A ...
   -0.6619   -3.0237    6.5348
    0.3046    0.9250    0.2271
   -0.8994    0.3578   -0.2510
   -0.3134   -0.1278    0.9410
...     4 G-C ...
   -1.1607   -3.8418    9.6940
   -0.3351    0.9421    0.0133
   -0.8752   -0.3061   -0.3746
   -0.3489   -0.1372    0.9271
...     5 A-T ...
   -1.3881   -3.6770   12.8999
   -0.7835    0.6162   -0.0801
   -0.5677   -0.7622   -0.3109
   -0.2527   -0.1981    0.9470
...     6 G-C ...
   -2.6236   -3.5448   15.7072
   -0.9923    0.0611   -0.1075
   -0.0294   -0.9610   -0.2748
   -0.1201   -0.2695    0.9555
...     7 C-G ...
   -2.3138   -3.7570   18.8866
   -0.8620   -0.4995   -0.0864
    0.5008   -0.8655    0.0073
   -0.0785   -0.0370    0.9962
...     8 G-C ...
   -3.9561   -6.8109   23.3205
   -0.2581   -0.3560   -0.8981
    0.6294   -0.7673    0.1233
   -0.7330   -0.5335    0.4221
...     9 C-G ...
   -6.1177   -8.9414   24.2385
    0.1143   -0.7320   -0.6716
    0.8123   -0.3203    0.4874
   -0.5720   -0.6013    0.5580
...    10 T-A ...
   -8.5041   -9.6771   26.0540
    0.4660   -0.8587   -0.2131
    0.6274    0.1508    0.7640
   -0.6239   -0.4897    0.6090
...    11 C-G ...
  -11.0625  -11.3174   27.2336
    0.6660   -0.6911    0.2808
    0.3382    0.6152    0.7121
   -0.6649   -0.3794    0.6435
...    12 A-T ...
  -13.0013  -13.1789   29.0658
    0.7188   -0.1490    0.6790
   -0.1787    0.9043    0.3876
   -0.6718   -0.4000    0.6235
...    13 C-G ...
  -14.1788  -15.9359   31.3399
    0.4052    0.2865    0.8682
   -0.5270    0.8492   -0.0343
   -0.7470   -0.4437    0.4951
...    14 A-T ...
  -15.9532  -18.1566   33.3080
   -0.1503    0.6873    0.7107
   -0.6106    0.5008   -0.6135
   -0.7776   -0.5261    0.3444
...    15 A-T ...
  -18.3175  -19.9438   34.6388
   -0.4767    0.8453    0.2412
   -0.4059    0.0317   -0.9134
   -0.7797   -0.5333    0.3280
...    16 T-A ...
  -20.6570  -21.5207   36.3292
   -0.6088    0.7523   -0.2517
   -0.1067   -0.3920   -0.9137
   -0.7861   -0.5294    0.3190
...    17 T-A ...
  -23.2197  -23.0712   37.5605
   -0.5459    0.4183   -0.7260
    0.2550   -0.7424   -0.6195
   -0.7981   -0.5233    0.2986
...    18 T-A ...
  -25.9128  -24.5353   38.5949
   -0.2865   -0.0467   -0.9569
    0.5125   -0.8513   -0.1119
   -0.8094   -0.5225    0.2679
...    19 A-T ...
  -28.7754  -26.1239   39.2103
    0.1468   -0.4325   -0.8896
    0.5518   -0.7106    0.4366
   -0.8210   -0.5549    0.1344
...    20 T-A ...
  -31.7419  -27.5224   39.1625
    0.4174   -0.7176   -0.5575
    0.3969   -0.4079    0.8223
   -0.8175   -0.5645    0.1145
...    21 T-A ...
  -34.4545  -29.2949   39.2412
    0.5756   -0.8178   -0.0030
    0.0837    0.0553    0.9950
   -0.8135   -0.5729    0.1003
...    22 C-G ...
  -37.0148  -31.3189   39.4627
    0.5383   -0.6176    0.5735
   -0.2884    0.5044    0.8139
   -0.7919   -0.6035    0.0934
...    23 G-C ...
  -39.6919  -33.1870   40.1703
    0.3506   -0.1791    0.9192
   -0.5766    0.7322    0.3626
   -0.7380   -0.6572    0.1534
...    24 C-G ...
  -41.8318  -35.6666   40.7063
   -0.0009    0.2683    0.9633
   -0.6848    0.7019   -0.1961
   -0.7288   -0.6598    0.1831
...    25 A-T ...
  -44.4209  -37.6729   41.2378
   -0.3428    0.6669    0.6616
   -0.5738    0.4089   -0.7096
   -0.7438   -0.6229    0.2425
...    26 A-T ...
  -46.6943  -39.7581   42.2685
   -0.6226    0.7694    0.1430
   -0.2643   -0.0348   -0.9638
   -0.7366   -0.6378    0.2251
...    27 A-T ...
  -49.0624  -41.7477   43.2598
   -0.6651    0.6122   -0.4276
    0.1454   -0.4555   -0.8783
   -0.7324   -0.6463    0.2139
...    28 G-C ...
  -51.6290  -43.6377   44.1386
   -0.4343    0.3359   -0.8358
    0.4734   -0.7043   -0.5290
   -0.7663   -0.6255    0.1469
...    29 G-C ...
  -54.4484  -45.4299   44.6231
   -0.0337   -0.0228   -0.9992
    0.6196   -0.7849   -0.0030
   -0.7842   -0.6191    0.0406
...    30 C-G ...
  -57.2873  -47.1039   44.5303
    0.3547   -0.3958   -0.8471
    0.5297   -0.6615    0.5309
   -0.7705   -0.6370   -0.0250
...    31 C-G ...
  -59.9354  -49.1262   43.9991
    0.6603   -0.6151   -0.4310
    0.2341   -0.3767    0.8963
   -0.7136   -0.6927   -0.1047
...    32 G-C ...
  -62.0701  -51.6892   43.8362
    0.7646   -0.6286    0.1427
   -0.2060   -0.0284    0.9781
   -0.6108   -0.7772   -0.1512
...    33 G-C ...
  -63.7786  -54.4969   43.0688
    0.5805   -0.4806    0.6573
   -0.6126    0.2740    0.7414
   -0.5364   -0.8330   -0.1354
...    34 C-G ...
  -65.1412  -57.4665   42.4983
    0.1683   -0.2266    0.9593
   -0.8454    0.4674    0.2587
   -0.5070   -0.8545   -0.1129
...    35 C-G ...
  -66.5877  -60.5098   42.3309
   -0.2953    0.1139    0.9486
   -0.8162    0.4860   -0.3125
   -0.4966   -0.8665   -0.0505
...    36 C-G ...
  -68.1262  -63.5122   42.4504
   -0.6681    0.4082    0.6220
   -0.5297    0.3261   -0.7830
   -0.5225   -0.8527   -0.0016
...    37 G-C ...
  -70.0579  -66.2157   42.0483
   -0.8069    0.5866    0.0697
   -0.0623    0.0329   -0.9975
   -0.5875   -0.8092    0.0100
...    38 A-T ...
  -71.9519  -68.8907   42.1850
   -0.6733    0.5152   -0.5304
    0.4321   -0.3080   -0.8476
   -0.6000   -0.7999   -0.0153
...    39 C-G ...
  -74.2928  -71.2037   42.5240
   -0.3291    0.3083   -0.8925
    0.7219   -0.5272   -0.4483
   -0.6087   -0.7918   -0.0491
...    40 A-T ...
  -76.2776  -73.8757   42.2709
    0.2049    0.0656   -0.9766
    0.7717   -0.6246    0.1200
   -0.6021   -0.7782   -0.1786
...    41 C-G ...
  -78.6365  -75.9863   41.3999
    0.6040   -0.2194   -0.7661
    0.5512   -0.5793    0.6005
   -0.5756   -0.7850   -0.2290
...    42 G-C ...
  -80.2675  -78.8028   40.6568
    0.8855   -0.3706   -0.2803
    0.1142   -0.4113    0.9043
   -0.4504   -0.8328   -0.3219
...    43 A-T ...
  -81.5937  -81.5362   39.4679
    0.8130   -0.4931    0.3097
   -0.4305   -0.1508    0.8899
   -0.3921   -0.8568   -0.3349
...    44 C-G ...
  -82.3794  -84.3340   37.9010
    0.4856   -0.4714    0.7362
   -0.8008    0.0979    0.5909
   -0.3506   -0.8764   -0.3300
...    45 T-A ...
  -83.1398  -87.3618   36.8048
    0.0060   -0.3096    0.9508
   -0.9524    0.2882    0.0998
   -0.3049   -0.9061   -0.2931
...    46 T-A ...
  -83.8101  -90.4064   35.8633
   -0.5550   -0.1222    0.8228
   -0.7828    0.4115   -0.4669
   -0.2815   -0.9032   -0.3241
...    47 A-T ...
  -84.9795  -93.2078   34.3648
   -0.9419    0.1192    0.3140
   -0.2414    0.4095   -0.8798
   -0.2334   -0.9045   -0.3569
...    48 C-G ...
  -85.7842  -96.3934   33.7755
   -0.9266    0.3217   -0.1945
    0.2922    0.2908   -0.9111
   -0.2366   -0.9011   -0.3634
...    49 T-A ...
  -86.8165  -99.3908   32.7859
   -0.6216    0.4697   -0.6269
    0.7387    0.0852   -0.6686
   -0.2606   -0.8787   -0.3999
...    50 G-C ...
  -87.6409 -102.2429   31.2822
   -0.0759    0.5361   -0.8407
    0.9600   -0.1885   -0.2069
   -0.2694   -0.8229   -0.5003
...    51 T-A ...
  -89.0920 -104.6741   29.6032
    0.4394    0.4103   -0.7991
    0.8661   -0.4295    0.2557
   -0.2383   -0.8045   -0.5441
...    52 A-T ...
  -89.9925 -107.0586   27.4489
    0.8581    0.2622   -0.4416
    0.5021   -0.6092    0.6139
   -0.1081   -0.7484   -0.6543
...    53 G-C ...
  -90.3058 -109.2503   25.0161
    1.0000   -0.0042    0.0000
   -0.0028   -0.6774    0.7356
   -0.0031   -0.7356   -0.6774
...    54 G-C ...
  -89.8842 -111.4543   22.5042
    0.8437   -0.2768    0.4600
   -0.5228   -0.6182    0.5870
    0.1219   -0.7357   -0.6663
...    55 T-A ...
  -88.9455 -113.5186   20.1258
    0.4501   -0.5275    0.7205
   -0.8775   -0.4109    0.2474
    0.1655   -0.7436   -0.6479
...    56 A-T ...
  -88.5430 -116.1057   18.0556
   -0.1690   -0.6585    0.7333
   -0.9651   -0.0404   -0.2587
    0.1999   -0.7515   -0.6287
...    57 T-A ...
  -87.2515 -118.6142   16.3232
   -0.6317   -0.6066    0.4827
   -0.7434    0.2973   -0.5992
    0.2200   -0.7373   -0.6387
...    58 C-G ...
  -86.5058 -121.1322   14.3418
   -0.9474   -0.3190    0.0269
   -0.2225    0.5957   -0.7718
    0.2302   -0.7372   -0.6353
...    59 T-A ...
  -85.8443 -123.7944   12.4665
   -0.9268    0.0624   -0.3705
    0.3121    0.6767   -0.6668
    0.2091   -0.7336   -0.6466
...    60 C-G ...
  -85.1709 -126.2816   10.4253
   -0.5705    0.4635   -0.6781
    0.7928    0.5266   -0.3070
    0.2148   -0.7127   -0.6678
...    61 G-C ...
  -84.0789 -128.5158    8.2028
   -0.0764    0.7648   -0.6397
    0.9702    0.2051    0.1293
    0.2301   -0.6108   -0.7576
...    62 A-T ...
  -83.4234 -130.5242    5.7355
    0.4681    0.7894   -0.3972
    0.8407   -0.2593    0.4754
    0.2723   -0.5564   -0.7850
...    63 G-C ...
  -82.6796 -132.0833    2.9435
    0.7904    0.6125   -0.0138
    0.4952   -0.6255    0.6030
    0.3607   -0.4834   -0.7976
...    64 C-G ...
  -81.5124 -133.1674    0.0833
    0.8992    0.2333    0.3701
    0.0205   -0.8675    0.4970
    0.4370   -0.4394   -0.7849
...    65 T-A ...
  -79.8221 -134.2139   -2.5297
    0.7415   -0.1981    0.6411
   -0.4077   -0.8918    0.1960
    0.5329   -0.4067   -0.7420
...    66 C-G ...
  -77.8363 -135.5042   -4.7634
    0.3535   -0.6577    0.6652
   -0.7303   -0.6384   -0.2431
    0.5846   -0.3999   -0.7059
...    67 A-T ...
  -75.9583 -137.0326   -7.0267
   -0.1598   -0.8740    0.4589
   -0.7637   -0.1850   -0.6184
    0.6254   -0.4493   -0.6379
...    68 T-A ...
  -73.4208 -138.4908   -8.5845
   -0.5069   -0.8600    0.0583
   -0.5728    0.2856   -0.7683
    0.6441   -0.4229   -0.6374
...    69 G-C ...
  -71.5111 -139.8061  -10.9397
   -0.7664   -0.5177   -0.3803
   -0.1600    0.7272   -0.6676
    0.6221   -0.4508   -0.6401
...    70 T-A ...
  -69.4680 -141.7941  -12.6953
   -0.7357   -0.0587   -0.6748
    0.2556    0.8985   -0.3569
    0.6272   -0.4351   -0.6460
...    71 T-A ...
  -67.5008 -143.4734  -14.6711
   -0.4442    0.4554   -0.7716
    0.6091    0.7850    0.1127
    0.6571   -0.4199   -0.6261
...    72 A-T ...
  -65.3098 -144.8246  -16.7737
   -0.0762    0.8561   -0.5112
    0.7448    0.3898    0.5416
    0.6629   -0.3395   -0.6673
...    73 T-A ...
  -63.6671 -145.9738  -19.3527
    0.2748    0.9492   -0.1535
    0.6813   -0.0795    0.7277
    0.6785   -0.3046   -0.6685
...    74 A-T ...
  -61.5983 -146.5172  -21.9273
    0.4219    0.8263    0.3733
    0.4830   -0.5532    0.6787
    0.7673   -0.1061   -0.6325
...    75 A-T ...
  -59.1500 -146.5707  -24.0141
    0.5615    0.4024    0.7230
    0.2011   -0.9140    0.3524
    0.8026   -0.0525   -0.5942
...    76 C-G ...
  -56.5473 -146.0349  -25.9162
    0.5380   -0.1109    0.8356
   -0.0756   -0.9937   -0.0833
    0.8396   -0.0184   -0.5430
...    77 G-C ...
  -53.5694 -146.4470  -27.3667
    0.3121   -0.6293    0.7117
   -0.2619   -0.7771   -0.5722
    0.9132   -0.0078   -0.4074
...    78 G-C ...
  -50.2923 -146.5095  -28.2076
    0.0693   -0.9478    0.3111
   -0.3252   -0.3163   -0.8912
    0.9431   -0.0394   -0.3301
...    79 A-T ...
  -47.1311 -146.6942  -29.1300
   -0.1244   -0.9498   -0.2872
   -0.2831    0.3114   -0.9071
    0.9510   -0.0315   -0.3076
...    80 T-A ...
  -43.8563 -147.1296  -29.5274
   -0.2119   -0.6530   -0.7271
   -0.1882    0.7573   -0.6254
    0.9590    0.0043   -0.2834
...    81 C-G ...
  -40.6652 -147.1816  -30.3621
   -0.2774   -0.0705   -0.9582
   -0.0452    0.9972   -0.0603
    0.9597    0.0266   -0.2798
...    82 G-C ...
  -37.4416 -146.6208  -31.0543
   -0.3493    0.4929   -0.7968
    0.0815    0.8632    0.4983
    0.9334    0.1091   -0.3417
...    83 G-C ...
  -34.3246 -146.4958  -32.3296
   -0.3497    0.8602   -0.3712
    0.2352    0.4641    0.8540
    0.9069    0.2113   -0.3646
...    84 G-C ...
  -31.4118 -145.8184  -33.8656
   -0.2906    0.9407    0.1751
    0.3823   -0.0536    0.9225
    0.8771    0.3351   -0.3441
...    85 A-T ...
  -28.6417 -144.6201  -35.0319
   -0.1052    0.7161    0.6900
    0.4929   -0.5651    0.6616
    0.8637    0.4097   -0.2935
...    86 T-A ...
  -26.2378 -142.7718  -36.2123
    0.1065    0.3320    0.9373
    0.4972   -0.8341    0.2389
    0.8610    0.4406   -0.2539
...    87 C-G ...
  -23.4743 -141.1682  -36.7686
    0.3142   -0.2245    0.9224
    0.3941   -0.8531   -0.3419
    0.8637    0.4710   -0.1795
...    88 C-G ...
  -20.5760 -139.4425  -36.7900
    0.4051   -0.6803    0.6108
    0.2307   -0.5704   -0.7883
    0.8847    0.4603   -0.0741
...    89 G-C ...
  -17.4482 -138.3334  -37.1538
    0.4048   -0.9116    0.0709
    0.0427   -0.0586   -0.9974
    0.9134    0.4068    0.0151
...    90 C-G ...
  -14.3577 -137.1749  -36.7072
    0.3537   -0.7968   -0.4900
   -0.1647    0.4626   -0.8711
    0.9208    0.3888    0.0324
...    91 T-A ...
  -11.2078 -136.1541  -36.4007
    0.2014   -0.4303   -0.8799
   -0.3198    0.8202   -0.4743
    0.9258    0.3769    0.0276
...    92 T-A ...
   -8.1039 -135.1888  -36.1166
    0.0229    0.1434   -0.9894
   -0.4047    0.9063    0.1220
    0.9142    0.3976    0.0788
...    93 T-A ...
   -5.0298 -134.1536  -35.8794
   -0.1999    0.6426   -0.7396
   -0.3729    0.6482    0.6639
    0.9061    0.4085    0.1101
...    94 A-T ...
   -2.0557 -132.7154  -35.4899
   -0.4612    0.8562   -0.2326
   -0.1974    0.1566    0.9677
    0.8650    0.4923    0.0968
...    95 A-T ...
    0.7020 -131.0421  -35.3924
   -0.5366    0.7743    0.3354
    0.0884   -0.3437    0.9349
    0.8392    0.5314    0.1159
...    96 C-G ...
    3.1856 -128.9293  -35.4837
   -0.4753    0.4536    0.7539
    0.3628   -0.6795    0.6377
    0.8015    0.5766    0.1584
...    97 A-T ...
    5.7185 -126.8595  -34.7645
   -0.3247   -0.0765    0.9427
    0.6104   -0.7783    0.1471
    0.7225    0.6232    0.2994
...    98 C-G ...
    7.5469 -124.3834  -33.6098
   -0.0006   -0.4951    0.8688
    0.7184   -0.6046   -0.3440
    0.6956    0.6239    0.3561
...    99 T-A ...
    9.5564 -122.2622  -32.0623
    0.3349   -0.7733    0.5384
    0.6557   -0.2191   -0.7226
    0.6767    0.5950    0.4336
...   100 T-A ...
   11.5408 -120.3114  -30.3749
    0.6719   -0.7395    0.0414
    0.3543    0.2719   -0.8947
    0.6504    0.6158    0.4447
...   101 T-A ...
   13.5259 -118.4214  -28.6057
    0.7863   -0.4124   -0.4601
   -0.1021    0.6477   -0.7550
    0.6093    0.6406    0.4672
...   102 A-T ...
   15.2391 -115.8199  -27.2563
    0.5734    0.1485   -0.8057
   -0.6038    0.7412   -0.2931
    0.5537    0.6546    0.5147
...   103 T-A ...
   17.5108 -114.1726  -25.4987
    0.1945    0.5192   -0.8322
   -0.8213    0.5501    0.1512
    0.5363    0.6541    0.5334
...   104 G-C ...
   19.0779 -111.8477  -23.7166
   -0.3541    0.6734   -0.6490
   -0.7907    0.1550    0.5922
    0.4994    0.7229    0.4776
...   105 C-G ...
   20.9975 -109.4772  -22.4571
   -0.7540    0.6033   -0.2598
   -0.4819   -0.2394    0.8429
    0.4463    0.7608    0.4712
...   106 T-A ...
   22.3890 -106.7614  -21.2111
   -0.9330    0.3209    0.1625
   -0.0233   -0.5047    0.8630
    0.3590    0.8014    0.4783
...   107 T-A ...
   23.4183 -104.0297  -19.8356
   -0.8100   -0.0502    0.5843
    0.4962   -0.5896    0.6373
    0.3125    0.8061    0.5025
...   108 C-G ...
   24.1955 -101.3752  -18.1263
   -0.4022   -0.4290    0.8088
    0.8788   -0.4288    0.2095
    0.2569    0.7950    0.5495
...   109 C-G ...
   24.5781  -98.7672  -16.0170
    0.1026   -0.6652    0.7396
    0.9718   -0.0918   -0.2173
    0.2125    0.7410    0.6370
...   110 G-C ...
   25.6325  -96.5374  -13.7610
    0.6004   -0.6744    0.4299
    0.7710    0.3453   -0.5350
    0.2124    0.6527    0.7273
...   111 G-C ...
   26.2898  -94.6756  -11.0132
    0.9096   -0.4147    0.0259
    0.3310    0.6854   -0.6486
    0.2512    0.5986    0.7607
...   112 C-G ...
   27.1617  -93.0431   -8.2449
    0.9364    0.0212   -0.3504
   -0.2212    0.8106   -0.5422
    0.2725    0.5852    0.7637
...   113 T-A ...
   28.2794  -91.3465   -5.6137
    0.6653    0.4361   -0.6060
   -0.6848    0.6799   -0.2624
    0.2975    0.5895    0.7509
...   114 C-G ...
   29.3271  -89.4687   -3.1217
    0.1237    0.7475   -0.6526
   -0.9494    0.2804    0.1413
    0.2887    0.6021    0.7444
...   115 G-C ...
   29.8460  -87.4423   -0.5067
   -0.4565    0.7079   -0.5390
   -0.8587   -0.1920    0.4751
    0.2328    0.6797    0.6955
...   116 T-A ...
   30.9948  -84.9710    1.3627
   -0.8445    0.4767   -0.2440
   -0.4998   -0.5378    0.6789
    0.1924    0.6953    0.6925
...   117 A-T ...
   31.4826  -82.5241    3.5637
   -0.9958    0.0101    0.0912
    0.0583   -0.6977    0.7140
    0.0709    0.7163    0.6942
...   118 T-A ...
   31.4440  -79.7825    5.3506
   -0.8376   -0.3582    0.4123
    0.5445   -0.6075    0.5783
    0.0433    0.7089    0.7039
...   119 A-T ...
   31.1923  -77.4338    7.7030
   -0.4059   -0.7243    0.5573
    0.9121   -0.2832    0.2963
   -0.0568    0.6286    0.7757
...   120 A-T ...
   30.7075  -75.4512   10.2159
    0.1734   -0.7731    0.6101
    0.9822    0.1814   -0.0493
   -0.0726    0.6078    0.7908
...   121 T-A ...
   29.8414  -73.7734   12.9087
    0.6430   -0.5820    0.4978
    0.7619    0.5521   -0.3386
   -0.0778    0.5970    0.7984
...   122 G-C ...
   29.8757  -71.8000   15.5836
    0.9659   -0.2110    0.1502
    0.2588    0.8117   -0.5237
   -0.0114    0.5447    0.8386
...   123 T-A ...
   29.8581  -70.5613   18.6708
    0.9582    0.2396   -0.1564
   -0.2862    0.8074   -0.5160
    0.0026    0.5392    0.8422
...   124 G-C ...
   29.8506  -68.5168   21.2857
    0.6142    0.6286   -0.4771
   -0.7870    0.5328   -0.3111
    0.0587    0.5666    0.8219
...   125 T-A ...
   30.6141  -66.8724   24.0807
    0.1081    0.8078   -0.5795
   -0.9926    0.1199   -0.0181
    0.0549    0.5772    0.8148
...   126 C-G ...
   30.8880  -64.9585   26.7357
   -0.4992    0.7097   -0.4971
   -0.8656   -0.3837    0.3216
    0.0375    0.5909    0.8059
...   127 G-C ...
   30.6833  -63.1900   29.5651
   -0.8934    0.3071   -0.3280
   -0.4444   -0.7119    0.5439
   -0.0665    0.6316    0.7724
...   128 A-T ...
   30.4829  -61.0533   32.0258
   -0.9811   -0.1935    0.0069
    0.1543   -0.7596    0.6318
   -0.1170    0.6210    0.7751
...   129 C-G ...
   29.7735  -58.6419   34.1489
   -0.7559   -0.5860    0.2919
    0.6346   -0.5467    0.5462
   -0.1605    0.5981    0.7852
...   130 C-G ...
   28.7975  -56.6173   36.6684
   -0.2849   -0.8479    0.4472
    0.9328   -0.1378    0.3330
   -0.2208    0.5120    0.8301
...   131 A-T ...
   28.0386  -55.0627   39.5244
    0.3024   -0.8417    0.4474
    0.9244    0.3734    0.0776
   -0.2323    0.3901    0.8910
...   132 A-T ...
   27.0830  -54.0232   42.4406
    0.7717   -0.4928    0.4021
    0.5921    0.7876   -0.1709
   -0.2324    0.3700    0.8995
...   133 A-T ...
   26.2547  -53.1137   45.4441
    0.9703    0.0399    0.2387
    0.0493    0.9330   -0.3565
   -0.2369    0.3576    0.9033
...   134 T-A ...
   25.6208  -52.5913   48.6400
    0.8597    0.5097    0.0340
   -0.4497    0.7866   -0.4231
   -0.2424    0.3485    0.9054
...   135 G-C ...
   25.2757  -52.5095   52.0791
    0.3204    0.9427   -0.0928
   -0.8825    0.2614   -0.3910
   -0.3443    0.2071    0.9157
...   136 T-A ...
   25.5257  -52.9786   55.8049
   -0.2439    0.9563   -0.1610
   -0.8908   -0.2866   -0.3525
   -0.3833    0.0575    0.9218
...   137 G-C ...
   24.8933  -52.7377   58.9865
   -0.7529    0.5562   -0.3519
   -0.5215   -0.8303   -0.1966
   -0.4015    0.0355    0.9152
...   138 A-T ...
   24.0142  -51.6373   61.9242
   -0.9563    0.0401   -0.2896
   -0.0524   -0.9980    0.0347
   -0.2876    0.0484    0.9565
...   139 G-C ...
   22.3466  -51.2411   64.4940
   -0.8529   -0.5118   -0.1033
    0.4974   -0.8566    0.1373
   -0.1587    0.0657    0.9851
...   140 C-G ...
   22.1502  -50.1498   67.4638
   -0.4681   -0.8748    0.1248
    0.8495   -0.4066    0.3362
   -0.2434    0.2634    0.9335
...   141 G-C ...
   21.4256  -51.8265   72.7876
    0.1303   -0.7143   -0.6876
    0.8897   -0.2217    0.3990
   -0.4375   -0.6638    0.6066
...   142 C-G ...
   20.4245  -54.3094   74.5418
    0.5846   -0.7390   -0.3348
    0.7594    0.3532    0.5465
   -0.2856   -0.5737    0.7676
...   143 T-A ...
   18.4270  -55.5289   76.5298
    0.8548   -0.5005    0.1370
    0.3188    0.7148    0.6224
   -0.4095   -0.4884    0.7706
...   144 C-G ...
   16.8371  -57.7221   78.2673
    0.8529   -0.0846    0.5151
   -0.1508    0.9048    0.3983
   -0.4998   -0.4174    0.7589
...   145 A-T ...
   15.7828  -59.5615   80.7981
    0.5516    0.4995    0.6680
   -0.6739    0.7388    0.0039
   -0.4916   -0.4523    0.7441
...   146 C-G ...
   15.7314  -61.4940   83.9316
    0.0344    0.7399    0.6718
   -0.8637    0.3602   -0.3526
   -0.5029   -0.5681    0.6514
...   147 A-T ...
   14.7383  -63.4278   86.8192
   -0.5924    0.6746    0.4405
   -0.6886   -0.1401   -0.7114
   -0.4182   -0.7248    0.5475
