  147 base-pairs
...     1 T-A ...
    0.0000    0.0000    0.0000
    1.0000    0.0000    0.0000
    0.0000    1.0000    0.0000
    0.0000    0.0000    1.0000
...     2 G-C ...
   -0.5555   -1.1003    3.3981
    0.7749    0.6051    0.1828
   -0.5991    0.7953   -0.0929
   -0.2016   -0.0375    0.9787
...     3 T-A ...
   -0.6619   -3.0237    6.5348
    0.3046    0.9250    0.2271
   -0.8994    0.3578   -0.2510
   -0.3134   -0.1278    0.9410
...     4 G-C ...
   -1.1607   -3.8418    9.6940
   -0.3351    0.9421    0.0133
   -0.8752   -0.3061   -0.3746
   -0.3489   -0.1372    0.9271
...     5 A-T ...
   -1.3881   -3.6770   12.8999
   -0.7835    0.6162   -0.0801
   -0.5677   -0.7622   -0.3109
   -0.2527   -0.1981    0.9470
...     6 G-C ...
   -2.6236   -3.5448   15.7072
   -0.9923    0.0611   -0.1075
   -0.0294   -0.9610   -0.2748
   -0.1201   -0.2695    0.9555
...     7 C-G ...
   -2.3138   -3.7570   18.8866
   -0.8620   -0.4995   -0.0864
    0.5008   -0.8655    0.0073
   -0.0785   -0.0370    0.9962
...     8 G-C ...
   -3.9561   -6.8109   23.3205
   -0.2581   -0.3560   -0.8981
    0.6294   -0.7673    0.1233
   -0.7330   -0.5335    0.4221
...     9 C-G ...
   -6.1177   -8.9414   24.2385
    0.1143   -0.7320   -0.6716
    0.8123   -0.3203    0.4874
   -0.5720   -0.6013    0.5580
...    10 T-A ...
   -8.5041   -9.6771   26.0540
    0.4660   -0.8587   -0.2131
    0.6274    0.1508    0.7640
   -0.6239   -0.4897    0.6090
...    11 C-G ...
  -11.0625  -11.3174   27.2336
    0.6660   -0.6911    0.2808
    0.3382    0.6152    0.7121
   -0.6649   -0.3794    0.6435
...    12 A-T ...
  -13.0013  -13.1789   29.0658
    0.7188   -0.1490    0.6790
   -0.1787    0.9043    0.3876
   -0.6718   -0.4000    0.6235
...    13 C-G ...
  -14.1788  -15.9359   31.3399
    0.4052    0.2865    0.8682
   -0.5270    0.8492   -0.0343
   -0.7470   -0.4437    0.4951
...    14 A-T ...
  -15.9532  -18.1566   33.3080
   -0.1503    0.6873    0.7107
   -0.6106    0.5008   -0.6135
   -0.7776   -0.5261    0.3444
...    15 A-T ...
  -18.3968  -19.9394   34.4667
   -0.4557    0.8612    0.2248
   -0.4023    0.0260   -0.9151
   -0.7940   -0.5075    0.3347
...    16 T-A ...
  -20.7892  -21.5123   36.2811
   -0.6283    0.7222   -0.2892
   -0.0813   -0.4307   -0.8988
   -0.7737   -0.5412    0.3293
...    17 T-A ...
  -23.3282  -23.0632   37.6904
   -0.5796    0.3165   -0.7509
    0.3128   -0.7645   -0.5637
   -0.7525   -0.5616    0.3440
...    18 T-A ...
  -25.8747  -24.6957   38.8294
   -0.2790   -0.1359   -0.9506
    0.5757   -0.8160   -0.0523
   -0.7686   -0.5619    0.3059
...    19 A-T ...
  -28.4030  -26.6613   39.6566
    0.1576   -0.4970   -0.8533
    0.6151   -0.6266    0.4786
   -0.7725   -0.6003    0.2070
...    20 T-A ...
  -31.3151  -28.2319   39.8614
    0.4490   -0.7465   -0.4911
    0.4488   -0.2868    0.8463
   -0.7726   -0.6004    0.2062
...    21 T-A ...
  -33.9333  -30.1623   40.2255
    0.6259   -0.7768    0.0696
    0.1059    0.1731    0.9792
   -0.7727   -0.6055    0.1905
...    22 C-G ...
  -36.4145  -32.2258   40.8105
    0.5961   -0.5144    0.6165
   -0.2908    0.5774    0.7629
   -0.7484   -0.6341    0.1946
...    23 G-C ...
  -38.9536  -34.0526   42.0668
    0.4312   -0.0223    0.9020
   -0.6118    0.7275    0.3105
   -0.6631   -0.6857    0.3001
...    24 C-G ...
  -40.8364  -36.5564   43.0123
    0.0842    0.3982    0.9134
   -0.7474    0.6315   -0.2064
   -0.6591   -0.6653    0.3508
...    25 A-T ...
  -43.3703  -38.4923   43.9250
   -0.3283    0.7217    0.6093
   -0.6623    0.2841   -0.6933
   -0.6735   -0.6312    0.3847
...    26 A-T ...
  -45.4898  -40.5291   45.3953
   -0.6524    0.7495    0.1123
   -0.3573   -0.1735   -0.9177
   -0.6684   -0.6388    0.3810
...    27 A-T ...
  -47.5401  -42.5148   46.9744
   -0.7539    0.4972   -0.4295
    0.1000   -0.5592   -0.8230
   -0.6494   -0.6634    0.3719
...    28 G-C ...
  -49.9429  -44.3498   48.4778
   -0.5469    0.1644   -0.8209
    0.4729   -0.7485   -0.4649
   -0.6909   -0.6425    0.3316
...    29 G-C ...
  -52.6178  -46.2533   49.5547
   -0.1258   -0.2183   -0.9678
    0.6914   -0.7189    0.0723
   -0.7115   -0.6600    0.2413
...    30 C-G ...
  -55.2606  -48.1184   50.0894
    0.3172   -0.5231   -0.7910
    0.6385   -0.4990    0.5860
   -0.7012   -0.6909    0.1757
...    31 C-G ...
  -57.8092  -50.2514   50.4729
    0.6756   -0.6427   -0.3612
    0.3494   -0.1523    0.9245
   -0.6492   -0.7508    0.1217
...    32 G-C ...
  -59.5603  -52.7047   51.0161
    0.8320   -0.5382    0.1345
   -0.0647    0.1466    0.9871
   -0.5509   -0.8300    0.0871
...    33 G-C ...
  -60.8810  -55.7890   51.1916
    0.6961   -0.3181    0.6436
   -0.5358    0.3666    0.7606
   -0.4779   -0.8743    0.0847
...    34 C-G ...
  -62.0197  -58.8499   51.4082
    0.3051   -0.0315    0.9518
   -0.8456    0.4508    0.2860
   -0.4380   -0.8921    0.1109
...    35 C-G ...
  -63.1506  -61.9782   52.1451
   -0.2104    0.2481    0.9456
   -0.8894    0.3530   -0.2905
   -0.4059   -0.9021    0.1464
...    36 C-G ...
  -64.3736  -65.0047   52.9352
   -0.6558    0.4281    0.6218
   -0.6410    0.1195   -0.7582
   -0.3989   -0.8958    0.1961
...    37 G-C ...
  -66.0290  -68.0367   52.5923
   -0.8807    0.4679    0.0744
   -0.1524   -0.1312   -0.9796
   -0.4486   -0.8740    0.1868
...    38 A-T ...
  -67.2909  -70.8559   53.2258
   -0.8024    0.3098   -0.5101
    0.4027   -0.3497   -0.8459
   -0.4405   -0.8841    0.1559
...    39 C-G ...
  -69.1257  -73.4088   53.9025
   -0.4593    0.1311   -0.8786
    0.7581   -0.4575   -0.4646
   -0.4629   -0.8795    0.1108
...    40 A-T ...
  -70.7976  -76.2748   54.1835
    0.0908   -0.0516   -0.9945
    0.8824   -0.4587    0.1044
   -0.4616   -0.8871    0.0039
...    41 C-G ...
  -72.6098  -78.9533   53.7375
    0.5550   -0.2056   -0.8061
    0.7135   -0.3806    0.5883
   -0.4277   -0.9016   -0.0645
...    42 G-C ...
  -73.6492  -82.1215   53.7818
    0.9029   -0.2852   -0.3215
    0.2579   -0.2386    0.9362
   -0.3437   -0.9283   -0.1419
...    43 A-T ...
  -74.7669  -85.0388   53.2716
    0.8899   -0.3576    0.2831
   -0.3138   -0.0296    0.9490
   -0.3310   -0.9334   -0.1386
...    44 C-G ...
  -75.4917  -88.0707   52.1905
    0.6123   -0.2664    0.7444
   -0.7434    0.1268    0.6568
   -0.2693   -0.9555   -0.1204
...    45 T-A ...
  -75.7033  -91.6372   51.5857
    0.0968   -0.1302    0.9868
   -0.9657    0.2277    0.1247
   -0.2409   -0.9650   -0.1037
...    46 T-A ...
  -76.0411  -94.8494   51.1480
   -0.4113   -0.0257    0.9112
   -0.8824    0.2617   -0.3909
   -0.2284   -0.9648   -0.1303
...    47 A-T ...
  -77.0625  -97.9897   50.4399
   -0.8860    0.1189    0.4482
   -0.4161    0.2229   -0.8816
   -0.2047   -0.9676   -0.1481
...    48 C-G ...
  -77.6666 -101.2923   50.6234
   -0.9721    0.2171   -0.0894
    0.1193    0.1288   -0.9845
   -0.2022   -0.9676   -0.1511
...    49 T-A ...
  -78.6328 -104.5264   50.4733
   -0.7427    0.3208   -0.5878
    0.6173   -0.0120   -0.7866
   -0.2594   -0.9471   -0.1891
...    50 G-C ...
  -79.6159 -107.6225   49.6096
   -0.2410    0.3769   -0.8943
    0.9297   -0.1748   -0.3242
   -0.2785   -0.9096   -0.3083
...    51 T-A ...
  -81.0387 -110.3299   48.6447
    0.2507    0.3165   -0.9149
    0.9333   -0.3299    0.1416
   -0.2570   -0.8894   -0.3781
...    52 A-T ...
  -82.3374 -112.7664   46.6616
    0.7156    0.3309   -0.6152
    0.6891   -0.4786    0.5441
   -0.1143   -0.8133   -0.5705
...    53 G-C ...
  -83.0192 -115.2025   44.6518
    0.9638    0.1725   -0.2033
    0.2665   -0.6002    0.7542
    0.0081   -0.7810   -0.6244
...    54 G-C ...
  -82.8170 -117.3802   41.7383
    0.9543   -0.0842    0.2867
   -0.2727   -0.6376    0.7205
    0.1222   -0.7658   -0.6314
...    55 T-A ...
  -81.9535 -119.5443   39.4678
    0.6841   -0.3715    0.6277
   -0.7096   -0.5380    0.4550
    0.1687   -0.7567   -0.6316
...    56 A-T ...
  -80.7326 -121.9085   37.3332
    0.1584   -0.5663    0.8088
   -0.9588   -0.2840   -0.0111
    0.2360   -0.7737   -0.5880
...    57 T-A ...
  -79.2102 -124.2201   35.5151
   -0.3390   -0.6544    0.6759
   -0.9066    0.0354   -0.4205
    0.2512   -0.7553   -0.6053
...    58 C-G ...
  -78.2398 -126.7559   33.6140
   -0.8302   -0.4848    0.2753
   -0.5007    0.4311   -0.7507
    0.2452   -0.7610   -0.6006
...    59 A-T ...
  -77.2309 -129.1761   31.5211
   -0.9853   -0.1080   -0.1326
    0.0398    0.6091   -0.7921
    0.1663   -0.7857   -0.5958
...    60 T-A ...
  -76.8749 -132.0119   29.9594
   -0.8402    0.2226   -0.4945
    0.5205    0.5871   -0.6200
    0.1523   -0.7784   -0.6091
...    61 G-C ...
  -76.5554 -134.8185   27.9520
   -0.4076    0.5778   -0.7071
    0.9007    0.3820   -0.2070
    0.1505   -0.7212   -0.6762
...    62 T-A ...
  -76.7283 -137.3153   25.7617
    0.1003    0.7141   -0.6928
    0.9801    0.0489    0.1923
    0.1712   -0.6983   -0.6950
...    63 T-A ...
  -76.3327 -139.3545   23.4210
    0.5711    0.7018   -0.4259
    0.7898   -0.3282    0.5182
    0.2239   -0.6323   -0.7416
...    64 A-T ...
  -75.3996 -141.1962   20.9275
    0.8261    0.5633    0.0173
    0.4268   -0.6454    0.6335
    0.3680   -0.5159   -0.7735
...    65 T-A ...
  -74.3806 -142.2142   18.0538
    0.9205    0.1927    0.3399
   -0.0195   -0.8462    0.5325
    0.3902   -0.4968   -0.7752
...    66 A-T ...
  -72.9120 -143.8570   15.6391
    0.7254   -0.2138    0.6543
   -0.4573   -0.8601    0.2259
    0.5145   -0.4631   -0.7217
...    67 A-T ...
  -71.0808 -145.1253   13.3927
    0.3487   -0.6323    0.6918
   -0.7552   -0.6267   -0.1922
    0.5551   -0.4554   -0.6960
...    68 C-G ...
  -68.5383 -146.3632   11.3973
   -0.1053   -0.8816    0.4601
   -0.8155   -0.1882   -0.5473
    0.5691   -0.4329   -0.6991
...    69 G-C ...
  -66.9113 -147.9919    9.0734
   -0.5782   -0.8143    0.0509
   -0.5617    0.3520   -0.7488
    0.5918   -0.4615   -0.6609
...    70 G-C ...
  -64.9298 -149.6783    7.0465
   -0.8203   -0.4819   -0.3081
   -0.1696    0.7194   -0.6736
    0.5462   -0.5003   -0.6718
...    71 A-T ...
  -63.0237 -151.5516    5.0200
   -0.7514    0.0387   -0.6588
    0.3446    0.8744   -0.3416
    0.5628   -0.4837   -0.6703
...    72 T-A ...
  -61.5221 -153.6263    2.9302
   -0.4780    0.4917   -0.7279
    0.6748    0.7360    0.0540
    0.5623   -0.4654   -0.6836
...    73 C-G ...
  -59.9164 -155.2802    0.4408
    0.0066    0.8512   -0.5249
    0.8165    0.2984    0.4942
    0.5772   -0.4318   -0.6931
...    74 T-A ...
  -58.2046 -156.5065   -2.0982
    0.3496    0.9277   -0.1311
    0.7105   -0.1713    0.6825
    0.6107   -0.3318   -0.7190
...    75 C-G ...
  -56.1157 -157.2933   -4.5092
    0.6165    0.7177    0.3237
    0.4482   -0.6580    0.6052
    0.6473   -0.2280   -0.7273
...    76 G-C ...
  -53.5709 -157.9256   -6.5032
    0.5504    0.3756    0.7457
    0.1961   -0.9263    0.3218
    0.8116   -0.0309   -0.5834
...    77 A-T ...
  -50.7104 -157.7484   -8.2971
    0.5232   -0.2026    0.8278
   -0.0971   -0.9792   -0.1782
    0.8467    0.0128   -0.5320
...    78 G-C ...
  -47.7456 -157.4308   -9.7678
    0.3657   -0.6738    0.6421
   -0.3024   -0.7385   -0.6027
    0.8802    0.0262   -0.4738
...    79 C-G ...
  -44.5256 -157.2191  -10.9344
    0.1120   -0.9783    0.1741
   -0.4287   -0.2056   -0.8797
    0.8965    0.0239   -0.4424
...    80 T-A ...
  -41.5096 -157.1298  -12.2302
   -0.1054   -0.9356   -0.3369
   -0.4018    0.3500   -0.8462
    0.9097    0.0462   -0.4128
...    81 C-G ...
  -38.5439 -156.8769  -13.7070
   -0.3133   -0.5363   -0.7838
   -0.2685    0.8417   -0.4685
    0.9109    0.0637   -0.4077
...    82 G-C ...
  -35.7265 -155.6940  -15.2898
   -0.4473    0.0254   -0.8940
   -0.0628    0.9962    0.0597
    0.8922    0.0829   -0.4440
...    83 G-C ...
  -32.6660 -155.4588  -16.5730
   -0.4792    0.5564   -0.6788
    0.1277    0.8093    0.5733
    0.8684    0.1881   -0.4588
...    84 G-C ...
  -29.8168 -155.0058  -18.2752
   -0.4513    0.8659   -0.2157
    0.3589    0.3975    0.8445
    0.8170    0.3037   -0.4901
...    85 A-T ...
  -27.2616 -153.9841  -20.0563
   -0.2305    0.9120    0.3394
    0.5561   -0.1628    0.8150
    0.7985    0.3766   -0.4696
...    86 T-A ...
  -25.0933 -152.4302  -21.9704
    0.0356    0.6830    0.7295
    0.6088   -0.5937    0.5262
    0.7925    0.4254   -0.4370
...    87 C-G ...
  -22.6187 -150.7415  -23.3038
    0.3226    0.1950    0.9262
    0.5121   -0.8589    0.0025
    0.7960    0.4735   -0.3770
...    88 C-G ...
  -20.0453 -148.9373  -24.2574
    0.4495   -0.3219    0.8332
    0.3167   -0.8147   -0.4857
    0.8352    0.4822   -0.2643
...    89 G-C ...
  -17.1184 -147.7424  -25.1848
    0.4571   -0.7637    0.4559
    0.0837   -0.4733   -0.8769
    0.8855    0.4390   -0.1525
...    90 C-G ...
  -13.9623 -146.2907  -25.1221
    0.4224   -0.8966   -0.1329
   -0.1660    0.0676   -0.9838
    0.8911    0.4377   -0.1203
...    91 T-A ...
  -10.6464 -145.2422  -25.1859
    0.2733   -0.6861   -0.6742
   -0.3293    0.5918   -0.7358
    0.9038    0.4231   -0.0642
...    92 T-A ...
   -7.5724 -144.1310  -25.1215
    0.0936   -0.1721   -0.9806
   -0.4455    0.8736   -0.1958
    0.8904    0.4552    0.0051
...    93 T-A ...
   -4.5214 -142.9319  -24.9897
   -0.1452    0.3837   -0.9119
   -0.4449    0.7980    0.4066
    0.8837    0.4648    0.0548
...    94 A-T ...
   -1.7724 -141.1374  -24.3660
   -0.4125    0.7639   -0.4964
   -0.2938    0.4042    0.8662
    0.8623    0.5031    0.0577
...    95 A-T ...
    0.9359 -139.5104  -24.3525
   -0.5597    0.8276    0.0420
   -0.0370   -0.0755    0.9965
    0.8279    0.5562    0.0729
...    96 C-G ...
    3.5242 -137.4488  -24.7266
   -0.5460    0.6392    0.5416
    0.2522   -0.4911    0.8338
    0.7990    0.5918    0.1069
...    97 A-T ...
    5.9980 -135.2315  -24.2802
   -0.4262    0.1775    0.8870
    0.5466   -0.7308    0.4089
    0.7208    0.6591    0.2145
...    98 C-G ...
    7.8427 -132.5909  -23.3946
   -0.1157   -0.2575    0.9593
    0.7150   -0.6921   -0.0995
    0.6895    0.6744    0.2641
...    99 T-A ...
    9.7655 -129.8710  -22.0175
    0.2762   -0.6402    0.7168
    0.6844   -0.3926   -0.6144
    0.6747    0.6603    0.3297
...   100 T-A ...
   11.7139 -127.6393  -20.6264
    0.6611   -0.7126    0.2349
    0.4006    0.0705   -0.9135
    0.6344    0.6981    0.3321
...   101 T-A ...
   13.6121 -125.3912  -19.1806
    0.8093   -0.4950   -0.3163
   -0.0628    0.4625   -0.8844
    0.5841    0.7355    0.3432
...   102 A-T ...
   15.3810 -122.5805  -18.2072
    0.6041   -0.0083   -0.7969
   -0.6041    0.6474   -0.4647
    0.5198    0.7621    0.3861
...   103 T-A ...
   17.5783 -120.5779  -16.8207
    0.2355    0.2919   -0.9270
   -0.8258    0.5631   -0.0325
    0.5125    0.7732    0.3736
...   104 G-C ...
   19.4695 -118.0513  -15.7876
   -0.3627    0.4988   -0.7872
   -0.7845    0.2924    0.5468
    0.5030    0.8159    0.2853
...   105 C-G ...
   21.1344 -115.3039  -15.3457
   -0.7606    0.5178   -0.3916
   -0.4815   -0.0454    0.8753
    0.4355    0.8543    0.2839
...   106 T-A ...
   22.6590 -112.2727  -14.8145
   -0.9250    0.3509    0.1459
    0.0302   -0.3148    0.9487
    0.3788    0.8819    0.2806
...   107 T-A ...
   23.7107 -109.3512  -14.0827
   -0.7887    0.0484    0.6129
    0.5374   -0.4300    0.7255
    0.2987    0.9015    0.3131
...   108 C-G ...
   24.3439 -106.3183  -13.0041
   -0.3845   -0.2808    0.8794
    0.8931   -0.3541    0.2774
    0.2335    0.8921    0.3869
...   109 C-G ...
   24.8452 -103.3766  -11.6297
    0.1022   -0.5265    0.8440
    0.9714   -0.1301   -0.1988
    0.2145    0.8402    0.4981
...   110 G-C ...
   25.7907 -101.0190   -9.9060
    0.5555   -0.6042    0.5713
    0.8025    0.2097   -0.5586
    0.2177    0.7688    0.6014
...   111 G-C ...
   26.6912  -98.8793   -7.4411
    0.8946   -0.4232    0.1436
    0.3802    0.5520   -0.7421
    0.2348    0.7185    0.6547
...   112 C-G ...
   27.6034  -96.9538   -4.8390
    0.9500   -0.0642   -0.3055
   -0.1719    0.7092   -0.6837
    0.2606    0.7021    0.6627
...   113 T-A ...
   28.5109  -94.7676   -2.5379
    0.7110    0.3279   -0.6220
   -0.6504    0.6428   -0.4046
    0.2671    0.6923    0.6703
...   114 C-G ...
   29.2926  -92.3912   -0.3343
    0.1783    0.6432   -0.7447
   -0.9478    0.3157    0.0457
    0.2644    0.6976    0.6659
...   115 G-C ...
   29.6314  -90.0546    2.0021
   -0.4290    0.6581   -0.6188
   -0.8776   -0.1412    0.4582
    0.2142    0.7396    0.6380
...   116 T-A ...
   30.5889  -87.2567    3.5290
   -0.8425    0.4394   -0.3118
   -0.5133   -0.4786    0.7124
    0.1638    0.7602    0.6287
...   117 A-T ...
   31.1141  -84.2882    5.1963
   -0.9972    0.0064    0.0748
    0.0543   -0.6263    0.7777
    0.0518    0.7795    0.6242
...   118 T-A ...
   31.0178  -81.3917    6.6484
   -0.8387   -0.3171    0.4428
    0.5431   -0.5485    0.6358
    0.0413    0.7737    0.6322
...   119 A-T ...
   31.0638  -78.9332    8.8636
   -0.4038   -0.6447    0.6491
    0.9140   -0.2529    0.3173
   -0.0404    0.7214    0.6914
...   120 A-T ...
   30.5874  -76.6558   11.1146
    0.1765   -0.7168    0.6745
    0.9826    0.1689   -0.0777
   -0.0582    0.6765    0.7341
...   121 T-A ...
   29.7722  -74.7110   13.6929
    0.6578   -0.5300    0.5351
    0.7501    0.5257   -0.4013
   -0.0687    0.6654    0.7434
...   122 G-C ...
   29.5085  -72.6649   16.4253
    0.9758   -0.1646    0.1441
    0.2186    0.7594   -0.6128
   -0.0086    0.6295    0.7770
...   123 T-A ...
   29.5641  -71.0475   19.2849
    0.9530    0.2430   -0.1812
   -0.3030    0.7490   -0.5893
   -0.0074    0.6164    0.7874
...   124 G-C ...
   29.6177  -69.0250   21.9389
    0.5925    0.6128   -0.5229
   -0.8045    0.4834   -0.3451
    0.0413    0.6251    0.7794
...   125 T-A ...
   30.2125  -67.2425   24.5724
    0.0849    0.7584   -0.6463
   -0.9953    0.0945   -0.0198
    0.0461    0.6450    0.7628
...   126 C-G ...
   30.4166  -65.1622   26.9634
   -0.5174    0.6740   -0.5273
   -0.8542   -0.3693    0.3660
    0.0519    0.6398    0.7668
...   127 G-C ...
   30.0388  -63.3216   29.6786
   -0.8843    0.2920   -0.3645
   -0.4616   -0.6649    0.5873
   -0.0709    0.6875    0.7227
...   128 A-T ...
   29.9703  -61.1618   31.9753
   -0.9869   -0.1581    0.0337
    0.1398   -0.7304    0.6685
   -0.0811    0.6644    0.7429
...   129 C-G ...
   29.3882  -58.5284   33.8746
   -0.7611   -0.5522    0.3401
    0.6366   -0.5359    0.5546
   -0.1240    0.6386    0.7595
...   130 C-G ...
   28.2274  -56.4442   36.3298
   -0.3101   -0.8261    0.4705
    0.9286   -0.1572    0.3361
   -0.2037    0.5412    0.8159
...   131 A-T ...
   27.9087  -55.0262   39.3455
    0.2618   -0.8625    0.4331
    0.9434    0.3233    0.0738
   -0.2036    0.3893    0.8983
...   132 A-T ...
   27.1284  -53.9601   42.3420
    0.7520   -0.5400    0.3780
    0.6280    0.7612   -0.1619
   -0.2003    0.3591    0.9115
...   133 A-T ...
   26.2694  -53.1343   45.4087
    0.9688    0.0277    0.2462
    0.0643    0.9316   -0.3578
   -0.2393    0.3625    0.9008
...   134 T-A ...
   25.6208  -52.5914   48.6401
    0.8597    0.5097    0.0340
   -0.4497    0.7866   -0.4231
   -0.2424    0.3485    0.9054
...   135 G-C ...
   25.2757  -52.5096   52.0792
    0.3204    0.9427   -0.0928
   -0.8825    0.2614   -0.3910
   -0.3443    0.2071    0.9157
...   136 T-A ...
   25.5257  -52.9787   55.8050
   -0.2439    0.9563   -0.1610
   -0.8908   -0.2866   -0.3525
   -0.3833    0.0575    0.9218
...   137 G-C ...
   24.8933  -52.7378   58.9866
   -0.7529    0.5562   -0.3519
   -0.5215   -0.8303   -0.1966
   -0.4015    0.0355    0.9152
...   138 A-T ...
   24.0142  -51.6374   61.9243
   -0.9563    0.0401   -0.2896
   -0.0524   -0.9980    0.0347
   -0.2876    0.0484    0.9565
...   139 G-C ...
   22.3466  -51.2412   64.4941
   -0.8529   -0.5118   -0.1033
    0.4974   -0.8566    0.1373
   -0.1587    0.0657    0.9851
...   140 C-G ...
   22.1502  -50.1499   67.4639
   -0.4681   -0.8748    0.1248
    0.8495   -0.4066    0.3362
   -0.2434    0.2634    0.9335
...   141 G-C ...
   21.4256  -51.8267   72.7877
    0.1303   -0.7143   -0.6876
    0.8897   -0.2218    0.3990
   -0.4375   -0.6638    0.6066
...   142 C-G ...
   20.4245  -54.3095   74.5419
    0.5846   -0.7390   -0.3348
    0.7594    0.3532    0.5465
   -0.2856   -0.5737    0.7676
...   143 T-A ...
   18.4270  -55.5291   76.5299
    0.8548   -0.5005    0.1370
    0.3188    0.7148    0.6224
   -0.4095   -0.4884    0.7706
...   144 C-G ...
   16.8371  -57.7223   78.2674
    0.8529   -0.0846    0.5151
   -0.1508    0.9048    0.3983
   -0.4998   -0.4174    0.7589
...   145 A-T ...
   15.7828  -59.5616   80.7982
    0.5516    0.4995    0.6680
   -0.6739    0.7388    0.0039
   -0.4916   -0.4523    0.7441
...   146 C-G ...
   15.7314  -61.4941   83.9317
    0.0344    0.7399    0.6718
   -0.8637    0.3602   -0.3526
   -0.5029   -0.5681    0.6514
...   147 A-T ...
   14.7383  -63.4280   86.8193
   -0.5924    0.6746    0.4405
   -0.6886   -0.1401   -0.7114
   -0.4182   -0.7248    0.5475
