  147 base-pairs
...     1 T-A ...
    0.0000    0.0000    0.0000
    1.0000    0.0000    0.0000
    0.0000    1.0000    0.0000
    0.0000    0.0000    1.0000
...     2 G-C ...
   -0.5555   -1.1003    3.3981
    0.7749    0.6051    0.1828
   -0.5991    0.7953   -0.0929
   -0.2016   -0.0375    0.9787
...     3 T-A ...
   -0.6619   -3.0237    6.5348
    0.3046    0.9250    0.2271
   -0.8994    0.3578   -0.2510
   -0.3134   -0.1278    0.9410
...     4 G-C ...
   -1.1607   -3.8418    9.6940
   -0.3351    0.9421    0.0133
   -0.8752   -0.3061   -0.3746
   -0.3489   -0.1372    0.9271
...     5 A-T ...
   -1.3881   -3.6770   12.8999
   -0.7835    0.6162   -0.0801
   -0.5677   -0.7622   -0.3109
   -0.2527   -0.1981    0.9470
...     6 G-C ...
   -2.6236   -3.5448   15.7072
   -0.9923    0.0611   -0.1075
   -0.0294   -0.9610   -0.2748
   -0.1201   -0.2695    0.9555
...     7 C-G ...
   -2.3138   -3.7570   18.8866
   -0.8620   -0.4995   -0.0864
    0.5008   -0.8655    0.0073
   -0.0785   -0.0370    0.9962
...     8 G-C ...
   -3.9561   -6.8109   23.3205
   -0.2581   -0.3560   -0.8981
    0.6294   -0.7673    0.1233
   -0.7330   -0.5335    0.4221
...     9 C-G ...
   -6.1177   -8.9414   24.2385
    0.1143   -0.7320   -0.6716
    0.8123   -0.3203    0.4874
   -0.5720   -0.6013    0.5580
...    10 T-A ...
   -8.5041   -9.6771   26.0540
    0.4660   -0.8587   -0.2131
    0.6274    0.1508    0.7640
   -0.6239   -0.4897    0.6090
...    11 C-G ...
  -11.0625  -11.3174   27.2336
    0.6660   -0.6911    0.2808
    0.3382    0.6152    0.7121
   -0.6649   -0.3794    0.6435
...    12 A-T ...
  -13.0013  -13.1789   29.0658
    0.7188   -0.1490    0.6790
   -0.1787    0.9043    0.3876
   -0.6718   -0.4000    0.6235
...    13 C-G ...
  -14.1788  -15.9359   31.3399
    0.4052    0.2865    0.8682
   -0.5270    0.8492   -0.0343
   -0.7470   -0.4437    0.4951
...    14 A-T ...
  -15.9532  -18.1566   33.3080
   -0.1503    0.6873    0.7107
   -0.6106    0.5008   -0.6135
   -0.7776   -0.5261    0.3444
...    15 A-T ...
  -18.3181  -19.9510   34.6306
   -0.4797    0.8442    0.2394
   -0.4016    0.0313   -0.9153
   -0.7801   -0.5352    0.3240
...    16 T-A ...
  -20.6633  -21.5353   36.3051
   -0.6084    0.7513   -0.2556
   -0.0994   -0.3918   -0.9147
   -0.7874   -0.5311    0.3131
...    17 T-A ...
  -23.2330  -23.0949   37.5056
   -0.5372    0.4199   -0.7315
    0.2618   -0.7415   -0.6178
   -0.8018   -0.5234    0.2884
...    18 T-A ...
  -25.9375  -24.5655   38.4925
   -0.2700   -0.0414   -0.9620
    0.5123   -0.8521   -0.1071
   -0.8152   -0.5217    0.2513
...    19 A-T ...
  -28.8320  -26.1316   39.0233
    0.1683   -0.4208   -0.8914
    0.5387   -0.7180    0.4407
   -0.8255   -0.5544    0.1059
...    20 T-A ...
  -31.7965  -27.5231   38.8762
    0.4315   -0.7105   -0.5559
    0.3726   -0.4208    0.8271
   -0.8216   -0.5640    0.0831
...    21 T-A ...
  -34.5113  -29.2938   38.8496
    0.5728   -0.8197    0.0037
    0.0521    0.0409    0.9978
   -0.8181   -0.5713    0.0661
...    22 C-G ...
  -37.0794  -31.3214   38.9609
    0.5132   -0.6286    0.5844
   -0.3161    0.4946    0.8096
   -0.7980   -0.6002    0.0551
...    23 G-C ...
  -39.7997  -33.1749   39.5474
    0.3055   -0.1956    0.9319
   -0.5876    0.7314    0.3461
   -0.7493   -0.6533    0.1085
...    24 C-G ...
  -41.9937  -35.6419   39.9340
   -0.0498    0.2538    0.9660
   -0.6675    0.7110   -0.2212
   -0.7430   -0.6558    0.1340
...    25 A-T ...
  -44.6364  -37.6231   40.2629
   -0.3780    0.6595    0.6497
   -0.5254    0.4251   -0.7371
   -0.7623   -0.6200    0.1858
...    26 A-T ...
  -46.9855  -39.7088   41.1073
   -0.6248    0.7724    0.1142
   -0.2002   -0.0171   -0.9796
   -0.7547   -0.6350    0.1653
...    27 A-T ...
  -49.4286  -41.6961   41.8963
   -0.6275    0.6266   -0.4621
    0.2017   -0.4425   -0.8738
   -0.7520   -0.6415    0.1513
...    28 G-C ...
  -52.0702  -43.5715   42.5528
   -0.3669    0.3570   -0.8590
    0.5029   -0.7007   -0.5060
   -0.7826   -0.6177    0.0775
...    29 G-C ...
  -54.9411  -45.3306   42.7778
    0.0447   -0.0017   -0.9990
    0.6068   -0.7943    0.0285
   -0.7936   -0.6075   -0.0345
...    30 C-G ...
  -57.7861  -46.9538   42.4061
    0.4167   -0.3832   -0.8244
    0.4738   -0.6824    0.5567
   -0.7758   -0.6225   -0.1028
...    31 C-G ...
  -60.3955  -48.9319   41.5939
    0.6836   -0.6185   -0.3875
    0.1481   -0.4024    0.9034
   -0.7147   -0.6750   -0.1835
...    32 G-C ...
  -62.5398  -51.4643   41.1774
    0.7329   -0.6516    0.1959
   -0.2977   -0.0481    0.9535
   -0.6118   -0.7571   -0.2292
...    33 G-C ...
  -64.2319  -54.2137   40.1830
    0.4986   -0.5151    0.6972
   -0.6762    0.2722    0.6846
   -0.5424   -0.8127   -0.2126
...    34 C-G ...
  -65.6214  -57.1262   39.3890
    0.0591   -0.2588    0.9641
   -0.8537    0.4875    0.1832
   -0.5174   -0.8339   -0.1921
...    35 C-G ...
  -67.1413  -60.1094   38.9528
   -0.3959    0.0961    0.9132
   -0.7598    0.5242   -0.3846
   -0.5157   -0.8462   -0.1345
...    36 C-G ...
  -68.7715  -63.0618   38.7672
   -0.7218    0.4140    0.5546
   -0.4223    0.3715   -0.8269
   -0.5483   -0.8311   -0.0933
...    37 G-C ...
  -70.7146  -65.6890   38.0242
   -0.7861    0.6181   -0.0049
    0.0624    0.0713   -0.9955
   -0.6150   -0.7828   -0.0946
...    38 A-T ...
  -72.7061  -68.2862   37.8132
   -0.5791    0.5659   -0.5868
    0.5222   -0.2952   -0.8001
   -0.6260   -0.7698   -0.1246
...    39 C-G ...
  -75.1627  -70.4947   37.7553
   -0.1976    0.3602   -0.9117
    0.7495   -0.5439   -0.3773
   -0.6318   -0.7579   -0.1625
...    40 A-T ...
  -77.2227  -73.0459   37.1122
    0.3347    0.0978   -0.9373
    0.7188   -0.6696    0.1868
   -0.6093   -0.7363   -0.2944
...    41 C-G ...
  -79.5402  -74.9835   35.8279
    0.6901   -0.2177   -0.6902
    0.4362   -0.6360    0.6366
   -0.5776   -0.7404   -0.3439
...    42 G-C ...
  -81.1708  -77.6787   34.7100
    0.8938   -0.4116   -0.1781
   -0.0358   -0.4612    0.8866
   -0.4470   -0.7860   -0.4270
...    43 A-T ...
  -82.4630  -80.2693   33.1940
    0.7284   -0.5631    0.3903
   -0.5619   -0.1650    0.8105
   -0.3920   -0.8097   -0.4367
...    44 C-G ...
  -83.1904  -82.9286   31.3628
    0.3396   -0.5440    0.7673
   -0.8708    0.1265    0.4751
   -0.3555   -0.8295   -0.4308
...    45 T-A ...
  -83.9889  -85.8289   29.9722
   -0.1611   -0.3610    0.9185
   -0.9335    0.3579   -0.0230
   -0.3204   -0.8611   -0.3947
...    46 T-A ...
  -84.7212  -88.7507   28.7283
   -0.6854   -0.1236    0.7176
   -0.6669    0.5021   -0.5505
   -0.2923   -0.8559   -0.4266
...    47 A-T ...
  -85.8348  -91.3387   26.8379
   -0.9691    0.1809    0.1676
   -0.0611    0.4823   -0.8739
   -0.2389   -0.8571   -0.4564
...    48 C-G ...
  -86.7621  -94.3989   25.8867
   -0.8529    0.4160   -0.3155
    0.4621    0.3204   -0.8269
   -0.2429   -0.8511   -0.4655
...    49 T-A ...
  -87.8455  -97.2196   24.5082
   -0.4659    0.5674   -0.6789
    0.8452    0.0586   -0.5312
   -0.2617   -0.8213   -0.5069
...    50 G-C ...
  -88.6438  -99.8686   22.6500
    0.1145    0.5988   -0.7927
    0.9611   -0.2687   -0.0642
   -0.2514   -0.7545   -0.6062
...    51 T-A ...
  -89.9915 -102.0080   20.5451
    0.6047    0.4192   -0.6772
    0.7673   -0.5345    0.3543
   -0.2135   -0.7339   -0.6448
...    52 A-T ...
  -90.6949 -104.1464   18.0820
    0.9437    0.1921   -0.2693
    0.3236   -0.7041    0.6320
   -0.0682   -0.6836   -0.7267
...    53 G-C ...
  -90.7984 -106.1159   15.4426
    0.9781   -0.1267    0.1649
   -0.2049   -0.7233    0.6594
    0.0358   -0.6788   -0.7334
...    54 G-C ...
  -90.1851 -108.1794   12.8466
    0.7116   -0.4190    0.5640
   -0.6860   -0.5875    0.4292
    0.1515   -0.6923   -0.7055
...    55 T-A ...
  -89.0885 -110.1649   10.4549
    0.2475   -0.6408    0.7267
   -0.9507   -0.3052    0.0547
    0.1867   -0.7045   -0.6847
...    56 A-T ...
  -88.7214 -112.5904    8.1715
   -0.3872   -0.6962    0.6045
   -0.8968    0.1322   -0.4222
    0.2140   -0.7056   -0.6755
...    57 T-A ...
  -87.4665 -115.0745    6.3733
   -0.7857   -0.5493    0.2844
   -0.5716    0.4689   -0.6734
    0.2365   -0.6917   -0.6824
...    58 C-G ...
  -86.6841 -117.4437    4.2245
   -0.9700   -0.1661   -0.1775
    0.0096    0.7035   -0.7106
    0.2429   -0.6910   -0.6808
...    59 T-A ...
  -86.0473 -119.9528    2.1388
   -0.8232    0.2539   -0.5078
    0.5230    0.6872   -0.5042
    0.2210   -0.6806   -0.6985
...    60 C-G ...
  -85.3594 -122.2645   -0.0948
   -0.3629    0.6277   -0.6887
    0.9031    0.4191   -0.0938
    0.2297   -0.6560   -0.7190
...    61 G-C ...
  -84.2211 -124.3593   -2.4348
    0.1555    0.8380   -0.5231
    0.9503    0.0177    0.3109
    0.2698   -0.5454   -0.7936
...    62 A-T ...
  -83.4268 -126.1190   -5.0509
    0.6479    0.7365   -0.1945
    0.6914   -0.4613    0.5561
    0.3198   -0.4947   -0.8080
...    63 G-C ...
  -82.4380 -127.4282   -7.9012
    0.8684    0.4523    0.2031
    0.2725   -0.7776    0.5667
    0.4142   -0.4368   -0.7985
...    64 C-G ...
  -80.9569 -128.3427  -10.6839
    0.8463    0.0061    0.5327
   -0.2127   -0.9128    0.3485
    0.4884   -0.4083   -0.7712
...    65 T-A ...
  -79.0365 -129.3495  -13.1597
    0.5732   -0.4281    0.6987
   -0.5849   -0.8109   -0.0170
    0.5739   -0.3989   -0.7152
...    66 C-G ...
  -76.9589 -130.6850  -15.2924
    0.1109   -0.8056    0.5820
   -0.7812   -0.4326   -0.4500
    0.6143   -0.4048   -0.6773
...    67 G-C ...
  -75.2161 -132.4039  -17.5717
   -0.3882   -0.8802    0.2732
   -0.6606    0.0590   -0.7484
    0.6426   -0.4710   -0.6043
...    68 G-C ...
  -72.9775 -134.2282  -19.3262
   -0.7128   -0.6827   -0.1604
   -0.3160    0.5168   -0.7956
    0.6261   -0.5165   -0.5841
...    69 G-C ...
  -70.8715 -136.1772  -21.1102
   -0.7922   -0.2618   -0.5512
    0.1371    0.8038   -0.5788
    0.5946   -0.5341   -0.6009
...    70 A-T ...
  -68.8657 -138.0083  -22.9684
   -0.5571    0.2705   -0.7852
    0.5688    0.8131   -0.1235
    0.6051   -0.5154   -0.6068
...    71 T-A ...
  -67.3623 -140.1630  -24.9715
   -0.1860    0.6434   -0.7426
    0.7612    0.5722    0.3051
    0.6212   -0.5085   -0.5962
...    72 C-G ...
  -65.3880 -141.8930  -26.9354
    0.2588    0.8828   -0.3921
    0.7147    0.0981    0.6925
    0.6498   -0.4595   -0.6055
...    73 C-G ...
  -63.4200 -143.3568  -29.2566
    0.5083    0.8541    0.1102
    0.4707   -0.3827    0.7950
    0.7212   -0.3522   -0.5966
...    74 G-C ...
  -60.8053 -144.4791  -31.0013
    0.5402    0.5720    0.6172
    0.1573   -0.7892    0.5937
    0.8267   -0.2237   -0.5163
...    75 C-G ...
  -58.0246 -144.6454  -32.7399
    0.4740    0.0830    0.8766
   -0.1221   -0.9797    0.1588
    0.8720   -0.1823   -0.4543
...    76 T-A ...
  -54.9903 -144.8681  -34.0017
    0.2681   -0.4194    0.8673
   -0.2922   -0.8933   -0.3416
    0.9180   -0.1619   -0.3620
...    77 T-A ...
  -51.9097 -145.1705  -34.9644
    0.0582   -0.8507    0.5224
   -0.3680   -0.5047   -0.7809
    0.9280   -0.1468   -0.3425
...    78 T-A ...
  -48.7762 -145.5245  -35.7674
   -0.1289   -0.9911   -0.0318
   -0.3224    0.0723   -0.9438
    0.9378   -0.1114   -0.3289
...    79 A-T ...
  -45.7541 -145.5998  -37.2983
   -0.2362   -0.7177   -0.6551
   -0.1742    0.6945   -0.6981
    0.9560   -0.0507   -0.2890
...    80 A-T ...
  -42.5963 -146.0127  -38.0157
   -0.2395   -0.1839   -0.9533
   -0.0298    0.9828   -0.1821
    0.9704   -0.0152   -0.2409
...    81 T-A ...
  -39.4628 -146.7402  -38.8035
   -0.2018    0.3434   -0.9173
    0.0779    0.9392    0.3344
    0.9763   -0.0039   -0.2163
...    82 C-G ...
  -36.2576 -146.8541  -39.5052
   -0.1543    0.8281   -0.5389
    0.1584    0.5591    0.8138
    0.9752    0.0402   -0.2174
...    83 A-T ...
  -32.9900 -146.6416  -40.1206
   -0.1711    0.9848    0.0308
    0.2226    0.0082    0.9749
    0.9598    0.1737   -0.2206
...    84 T-A ...
  -30.1017 -145.8668  -41.4256
   -0.0790    0.8541    0.5141
    0.2782   -0.4763    0.8341
    0.9573    0.2089   -0.2000
...    85 G-C ...
  -26.9395 -144.8675  -41.8752
   -0.0767    0.4246    0.9021
    0.3168   -0.8475    0.4259
    0.9454    0.3185   -0.0696
...    86 T-A ...
  -24.1335 -143.2093  -42.0710
    0.0351   -0.0835    0.9959
    0.3367   -0.9372   -0.0905
    0.9409    0.3385   -0.0048
...    87 T-A ...
  -21.1936 -141.8739  -41.9166
    0.1925   -0.5966    0.7791
    0.2879   -0.7246   -0.6261
    0.9381    0.3449    0.0323
...    88 A-T ...
  -18.0314 -140.8569  -41.7187
    0.2843   -0.9214    0.2651
    0.1677   -0.2245   -0.9599
    0.9440    0.3173    0.0907
...    89 T-A ...
  -15.0562 -139.8245  -40.7079
    0.3498   -0.9010   -0.2566
    0.0082    0.2769   -0.9609
    0.9368    0.3340    0.1043
...    90 A-T ...
  -12.0116 -138.3646  -40.7028
    0.3329   -0.4969   -0.8014
   -0.2270    0.7826   -0.5796
    0.9152    0.3749    0.1478
...    91 A-T ...
   -8.9595 -137.4165  -40.0536
    0.1846    0.0628   -0.9808
   -0.3996    0.9165   -0.0165
    0.8979    0.3950    0.1943
...    92 C-G ...
   -5.7651 -136.6444  -39.5653
   -0.0637    0.5258   -0.8482
   -0.4488    0.7441    0.4949
    0.8914    0.4122    0.1886
...    93 G-C ...
   -2.9956 -135.0530  -38.6051
   -0.4061    0.7903   -0.4589
   -0.3582    0.3243    0.8755
    0.8407    0.5199    0.1514
...    94 G-C ...
   -0.1229 -133.3127  -38.4167
   -0.6251    0.7787    0.0531
   -0.0921   -0.1411    0.9857
    0.7751    0.6113    0.1599
...    95 A-T ...
    2.3484 -131.2571  -37.9807
   -0.6252    0.5154    0.5861
    0.2820   -0.5510    0.7854
    0.7277    0.6563    0.1992
...    96 C-G ...
    4.3278 -128.6789  -37.6576
   -0.4436    0.1269    0.8872
    0.5736   -0.7205    0.3898
    0.6887    0.6818    0.2468
...    97 A-T ...
    6.4789 -126.3478  -36.6204
   -0.1615   -0.3736    0.9134
    0.7643   -0.6328   -0.1237
    0.6243    0.6782    0.3877
...    98 C-G ...
    7.9495 -123.8621  -35.0361
    0.2263   -0.6697    0.7073
    0.7616   -0.3310   -0.5571
    0.6072    0.6648    0.4351
...    99 T-A ...
    9.7128 -121.7391  -33.2208
    0.5569   -0.7767    0.2943
    0.5666    0.0963   -0.8184
    0.6073    0.6225    0.4937
...   100 T-A ...
   11.5022 -119.7945  -31.3224
    0.8000   -0.5636   -0.2058
    0.1537    0.5241   -0.8377
    0.5800    0.6385    0.5059
...   101 T-A ...
   13.3322 -117.9174  -29.3875
    0.7687   -0.1354   -0.6251
   -0.3350    0.7473   -0.5739
    0.5448    0.6506    0.5291
...   102 A-T ...
   14.8532 -115.4476  -27.6980
    0.4100    0.3750   -0.8315
   -0.7504    0.6569   -0.0737
    0.5185    0.6541    0.5507
...   103 T-A ...
   17.0850 -113.7088  -25.9985
   -0.0200    0.6599   -0.7511
   -0.8617    0.3696    0.3476
    0.5070    0.6542    0.5613
...   104 G-C ...
   18.5918 -111.3946  -24.1572
   -0.5463    0.6771   -0.4931
   -0.7063   -0.0559    0.7057
    0.4503    0.7338    0.5087
...   105 C-G ...
   20.2728 -108.8774  -22.8674
   -0.8662    0.4936   -0.0777
   -0.3098   -0.4083    0.8587
    0.3921    0.7678    0.5066
...   106 T-A ...
   21.4053 -106.1100  -21.4917
   -0.9366    0.1466    0.3182
    0.1770   -0.5859    0.7908
    0.3024    0.7970    0.5228
...   107 T-A ...
   22.2076 -103.3829  -19.9612
   -0.7010   -0.2311    0.6747
    0.6625   -0.5612    0.4961
    0.2640    0.7948    0.5465
...   108 C-G ...
   22.8326 -100.8021  -18.0869
   -0.2167   -0.5533    0.8043
    0.9511   -0.3055    0.0461
    0.2202    0.7749    0.5925
...   109 C-G ...
   23.1510  -98.3359  -15.8091
    0.2979   -0.6985    0.6507
    0.9335    0.0707   -0.3515
    0.1995    0.7121    0.6731
...   110 G-C ...
   24.2026  -96.1257  -13.5513
    0.7396   -0.6099    0.2846
    0.6333    0.4876   -0.6010
    0.2278    0.6247    0.7469
...   111 G-C ...
   24.9717  -94.3601  -10.7789
    0.9490   -0.2877   -0.1293
    0.1453    0.7628   -0.6301
    0.2799    0.5791    0.7657
...   112 C-G ...
   26.0036  -92.7983   -8.0380
    0.8680    0.1618   -0.4695
   -0.3918    0.8040   -0.4472
    0.3052    0.5722    0.7612
...   113 T-A ...
   27.2799  -91.1215   -5.4788
    0.5215    0.5414   -0.6595
   -0.7869    0.6040   -0.1264
    0.3299    0.5848    0.7410
...   114 C-G ...
   28.4544  -89.2481   -3.0543
   -0.0456    0.7810   -0.6229
   -0.9460    0.1665    0.2781
    0.3209    0.6020    0.7312
...   115 G-C ...
   29.1289  -87.2497   -0.4731
   -0.5908    0.6698   -0.4499
   -0.7668   -0.2926    0.5713
    0.2510    0.6825    0.6864
...   116 T-A ...
   30.2543  -84.7203    1.3171
   -0.9101    0.3950   -0.1255
   -0.3586   -0.5985    0.7164
    0.2078    0.6970    0.6863
...   117 A-T ...
   30.7547  -82.2064    3.4328
   -0.9785   -0.0853    0.1877
    0.1931   -0.6984    0.6892
    0.0723    0.7106    0.6999
...   118 T-A ...
   30.6417  -79.4999    5.2673
   -0.7593   -0.4378    0.4815
    0.6491   -0.5622    0.5124
    0.0463    0.7016    0.7110
...   119 A-T ...
   30.3709  -77.1951    7.6531
   -0.2968   -0.7626    0.5748
    0.9540   -0.2104    0.2135
   -0.0419    0.6118    0.7899
...   120 A-T ...
   29.9278  -75.2871   10.2295
    0.2811   -0.7636    0.5813
    0.9581    0.2579   -0.1246
   -0.0547    0.5919    0.8041
...   121 T-A ...
   29.1526  -73.7075   13.0067
    0.7209   -0.5372    0.4378
    0.6905    0.6104   -0.3879
   -0.0589    0.5820    0.8110
...   122 G-C ...
   29.2466  -71.7711   15.6964
    0.9861   -0.1475    0.0760
    0.1652    0.8312   -0.5308
    0.0152    0.5360    0.8441
...   123 T-A ...
   29.3764  -70.5609   18.7852
    0.9286    0.2981   -0.2209
   -0.3698    0.7921   -0.4857
    0.0301    0.5327    0.8458
...   124 G-C ...
   29.4628  -68.5558   21.4185
    0.5488    0.6596   -0.5135
   -0.8316    0.4931   -0.2554
    0.0848    0.5673    0.8192
...   125 T-A ...
   30.3293  -66.8813   24.1565
    0.0363    0.8111   -0.5838
   -0.9962    0.0759    0.0436
    0.0797    0.5799    0.8107
...   126 C-G ...
   30.6918  -64.9507   26.7789
   -0.5526    0.6876   -0.4709
   -0.8313   -0.4144    0.3705
    0.0596    0.5962    0.8006
...   127 G-C ...
   30.5890  -63.1569   29.5810
   -0.9165    0.2750   -0.2904
   -0.3964   -0.7206    0.5688
   -0.0529    0.6364    0.7695
...   128 A-T ...
   30.4259  -60.9998   32.0155
   -0.9744   -0.2207    0.0429
    0.1975   -0.7489    0.6325
   -0.1075    0.6248    0.7734
...   129 C-G ...
   29.7236  -58.5913   34.1317
   -0.7335   -0.6012    0.3171
    0.6622   -0.5271    0.5325
   -0.1530    0.6006    0.7848
...   130 C-G ...
   28.7524  -56.5722   36.6506
   -0.2598   -0.8504    0.4575
    0.9418   -0.1186    0.3145
   -0.2132    0.5126    0.8317
...   131 A-T ...
   28.0001  -55.0281   39.5053
    0.3188   -0.8370    0.4447
    0.9207    0.3850    0.0647
   -0.2253    0.3888    0.8933
...   132 A-T ...
   27.0601  -54.0051   42.4310
    0.7789   -0.4866    0.3957
    0.5846    0.7918   -0.1769
   -0.2273    0.3691    0.9012
...   133 A-T ...
   26.2456  -53.1114   45.4423
    0.9710    0.0432    0.2352
    0.0450    0.9329   -0.3573
   -0.2349    0.3575    0.9039
...   134 T-A ...
   25.6209  -52.5914   48.6399
    0.8597    0.5097    0.0340
   -0.4497    0.7866   -0.4231
   -0.2424    0.3485    0.9054
...   135 G-C ...
   25.2757  -52.5096   52.0790
    0.3204    0.9427   -0.0928
   -0.8825    0.2614   -0.3910
   -0.3443    0.2071    0.9157
...   136 T-A ...
   25.5258  -52.9787   55.8048
   -0.2439    0.9563   -0.1610
   -0.8908   -0.2866   -0.3525
   -0.3833    0.0575    0.9218
...   137 G-C ...
   24.8933  -52.7378   58.9864
   -0.7529    0.5562   -0.3519
   -0.5215   -0.8303   -0.1966
   -0.4015    0.0355    0.9152
...   138 A-T ...
   24.0143  -51.6374   61.9241
   -0.9563    0.0401   -0.2896
   -0.0524   -0.9980    0.0347
   -0.2876    0.0484    0.9565
...   139 G-C ...
   22.3467  -51.2412   64.4939
   -0.8529   -0.5118   -0.1033
    0.4974   -0.8566    0.1373
   -0.1587    0.0657    0.9851
...   140 C-G ...
   22.1503  -50.1499   67.4637
   -0.4681   -0.8748    0.1248
    0.8495   -0.4066    0.3362
   -0.2434    0.2634    0.9335
...   141 G-C ...
   21.4257  -51.8267   72.7875
    0.1303   -0.7143   -0.6876
    0.8897   -0.2218    0.3990
   -0.4375   -0.6638    0.6066
...   142 C-G ...
   20.4246  -54.3095   74.5417
    0.5846   -0.7390   -0.3348
    0.7594    0.3532    0.5465
   -0.2856   -0.5737    0.7676
...   143 T-A ...
   18.4271  -55.5291   76.5298
    0.8548   -0.5005    0.1370
    0.3188    0.7148    0.6224
   -0.4095   -0.4884    0.7706
...   144 C-G ...
   16.8372  -57.7223   78.2673
    0.8529   -0.0846    0.5151
   -0.1508    0.9048    0.3983
   -0.4998   -0.4174    0.7589
...   145 A-T ...
   15.7829  -59.5616   80.7980
    0.5516    0.4995    0.6680
   -0.6739    0.7388    0.0039
   -0.4916   -0.4523    0.7441
...   146 C-G ...
   15.7315  -61.4941   83.9315
    0.0344    0.7399    0.6718
   -0.8637    0.3602   -0.3526
   -0.5029   -0.5681    0.6514
...   147 A-T ...
   14.7384  -63.4280   86.8191
   -0.5924    0.6746    0.4405
   -0.6886   -0.1401   -0.7114
   -0.4182   -0.7248    0.5475
