  147 base-pairs
...     1 T-A ...
    0.0000    0.0000    0.0000
    1.0000    0.0000    0.0000
    0.0000    1.0000    0.0000
    0.0000    0.0000    1.0000
...     2 G-C ...
   -0.5555   -1.1003    3.3981
    0.7749    0.6051    0.1828
   -0.5991    0.7953   -0.0929
   -0.2016   -0.0375    0.9787
...     3 T-A ...
   -0.6619   -3.0237    6.5348
    0.3046    0.9250    0.2271
   -0.8994    0.3578   -0.2510
   -0.3134   -0.1278    0.9410
...     4 G-C ...
   -1.1607   -3.8418    9.6940
   -0.3351    0.9421    0.0133
   -0.8752   -0.3061   -0.3746
   -0.3489   -0.1372    0.9271
...     5 A-T ...
   -1.3881   -3.6770   12.8999
   -0.7835    0.6162   -0.0801
   -0.5677   -0.7622   -0.3109
   -0.2527   -0.1981    0.9470
...     6 G-C ...
   -2.6236   -3.5448   15.7072
   -0.9923    0.0611   -0.1075
   -0.0294   -0.9610   -0.2748
   -0.1201   -0.2695    0.9555
...     7 C-G ...
   -2.3138   -3.7570   18.8866
   -0.8620   -0.4995   -0.0864
    0.5008   -0.8655    0.0073
   -0.0785   -0.0370    0.9962
...     8 G-C ...
   -3.9561   -6.8109   23.3205
   -0.2581   -0.3560   -0.8981
    0.6294   -0.7673    0.1233
   -0.7330   -0.5335    0.4221
...     9 C-G ...
   -6.1177   -8.9414   24.2385
    0.1143   -0.7320   -0.6716
    0.8123   -0.3203    0.4874
   -0.5720   -0.6013    0.5580
...    10 T-A ...
   -8.5041   -9.6771   26.0540
    0.4660   -0.8587   -0.2131
    0.6274    0.1508    0.7640
   -0.6239   -0.4897    0.6090
...    11 C-G ...
  -11.0625  -11.3174   27.2336
    0.6660   -0.6911    0.2808
    0.3382    0.6152    0.7121
   -0.6649   -0.3794    0.6435
...    12 A-T ...
  -13.0013  -13.1789   29.0658
    0.7188   -0.1490    0.6790
   -0.1787    0.9043    0.3876
   -0.6718   -0.4000    0.6235
...    13 C-G ...
  -14.1788  -15.9359   31.3399
    0.4052    0.2865    0.8682
   -0.5270    0.8492   -0.0343
   -0.7470   -0.4437    0.4951
...    14 A-T ...
  -15.9532  -18.1566   33.3080
   -0.1503    0.6873    0.7107
   -0.6106    0.5008   -0.6135
   -0.7776   -0.5261    0.3444
...    15 A-T ...
  -18.3985  -19.9493   34.4439
   -0.4562    0.8615    0.2228
   -0.3966    0.0273   -0.9176
   -0.7966   -0.5070    0.3292
...    16 T-A ...
  -20.8046  -21.5233   36.2360
   -0.6242    0.7236   -0.2947
   -0.0739   -0.4302   -0.8997
   -0.7778   -0.5398    0.3220
...    17 T-A ...
  -23.3651  -23.0729   37.6112
   -0.5682    0.3196   -0.7583
    0.3171   -0.7653   -0.5602
   -0.7594   -0.5587    0.3335
...    18 T-A ...
  -25.9323  -24.7129   38.6862
   -0.2589   -0.1293   -0.9572
    0.5705   -0.8202   -0.0435
   -0.7794   -0.5573    0.2861
...    19 A-T ...
  -28.4946  -26.6732   39.4369
    0.1771   -0.4984   -0.8487
    0.5946   -0.6330    0.4957
   -0.7843   -0.5924    0.1843
...    20 T-A ...
  -31.4273  -28.2170   39.5505
    0.4557   -0.7528   -0.4750
    0.4176   -0.2905    0.8609
   -0.7861   -0.5907    0.1820
...    21 T-A ...
  -34.0757  -30.1179   39.8304
    0.6072   -0.7880    0.1013
    0.0684    0.1789    0.9815
   -0.7916   -0.5891    0.1625
...    22 C-G ...
  -36.6230  -32.1292   40.3268
    0.5532   -0.5210    0.6500
   -0.3142    0.5921    0.7421
   -0.7715   -0.6147    0.1639
...    23 G-C ...
  -39.2804  -33.8627   41.4493
    0.3815   -0.0246    0.9240
   -0.6054    0.7487    0.2699
   -0.6985   -0.6624    0.2708
...    24 C-G ...
  -41.2929  -36.3023   42.3032
    0.0462    0.4066    0.9124
   -0.7142    0.6520   -0.2545
   -0.6984   -0.6399    0.3205
...    25 A-T ...
  -43.9409  -38.1640   43.0358
   -0.3401    0.7411    0.5789
   -0.6064    0.2976   -0.7373
   -0.7187   -0.6018    0.3482
...    26 A-T ...
  -46.2249  -40.1112   44.3710
   -0.6274    0.7765    0.0585
   -0.3028   -0.1741   -0.9370
   -0.7174   -0.6056    0.3443
...    27 A-T ...
  -48.4611  -41.9852   45.8280
   -0.6981    0.5238   -0.4882
    0.1301   -0.5776   -0.8059
   -0.7041   -0.6261    0.3351
...    28 G-C ...
  -51.0519  -43.6754   47.1827
   -0.4765    0.1777   -0.8610
    0.4660   -0.7794   -0.4188
   -0.7455   -0.6008    0.2886
...    29 G-C ...
  -53.9127  -45.4108   48.0571
   -0.0635   -0.2292   -0.9713
    0.6416   -0.7548    0.1361
   -0.7644   -0.6146    0.1950
...    30 C-G ...
  -56.6866  -47.1354   48.3633
    0.3465   -0.5588   -0.7535
    0.5556   -0.5249    0.6448
   -0.7558   -0.6421    0.1286
...    31 C-G ...
  -59.3793  -49.1170   48.5523
    0.6574   -0.6964   -0.2879
    0.2555   -0.1534    0.9546
   -0.7089   -0.7011    0.0770
...    32 G-C ...
  -61.3400  -51.4356   48.9971
    0.7703   -0.5968    0.2247
   -0.1454    0.1787    0.9731
   -0.6209   -0.7822    0.0509
...    33 G-C ...
  -62.9379  -54.3976   49.1081
    0.5987   -0.3555    0.7177
   -0.5744    0.4340    0.6941
   -0.5582   -0.8278    0.0557
...    34 C-G ...
  -64.3946  -57.3278   49.2471
    0.2009   -0.0266    0.9793
   -0.8245    0.5353    0.1837
   -0.5290   -0.8443    0.0856
...    35 C-G ...
  -65.8988  -60.3114   49.9079
   -0.2836    0.3022    0.9101
   -0.8121    0.4290   -0.3955
   -0.5099   -0.8513    0.1237
...    36 C-G ...
  -67.4920  -63.1895   50.6148
   -0.6698    0.5187    0.5313
   -0.5351    0.1588   -0.8297
   -0.5148   -0.8401    0.1712
...    37 G-C ...
  -69.4039  -66.0451   50.1690
   -0.8224    0.5675   -0.0407
   -0.0542   -0.1494   -0.9873
   -0.5663   -0.8097    0.1537
...    38 A-T ...
  -71.0624  -68.6739   50.7159
   -0.6951    0.3812   -0.6095
    0.4521   -0.4274   -0.7829
   -0.5590   -0.8198    0.1247
...    39 C-G ...
  -73.2592  -70.9606   51.2254
   -0.3329    0.1503   -0.9309
    0.7439   -0.5648   -0.3572
   -0.5795   -0.8114    0.0762
...    40 A-T ...
  -75.3057  -73.5967   51.3453
    0.2030   -0.1066   -0.9734
    0.7950   -0.5624    0.2274
   -0.5716   -0.8200   -0.0295
...    41 C-G ...
  -77.3948  -76.0454   50.7451
    0.6165   -0.3170   -0.7208
    0.5757   -0.4430    0.6872
   -0.5371   -0.8386   -0.0906
...    42 G-C ...
  -78.8631  -79.0404   50.7463
    0.8834   -0.4300   -0.1864
    0.0960   -0.2232    0.9700
   -0.4587   -0.8748   -0.1559
...    43 A-T ...
  -80.3380  -81.7913   50.1870
    0.7779   -0.4708    0.4162
   -0.4374    0.0698    0.8965
   -0.4512   -0.8794   -0.1516
...    44 C-G ...
  -81.3838  -84.7430   49.1329
    0.4536   -0.3177    0.8327
   -0.7952    0.2775    0.5391
   -0.4023   -0.9067   -0.1268
...    45 T-A ...
  -82.1043  -88.2566   48.6083
   -0.0651   -0.0878    0.9940
   -0.9210    0.3888   -0.0259
   -0.3842   -0.9171   -0.1062
...    46 T-A ...
  -82.9510  -91.3760   48.2374
   -0.5386    0.0992    0.8367
   -0.7551    0.3836   -0.5316
   -0.3737   -0.9181   -0.1317
...    47 A-T ...
  -84.3972  -94.3377   47.5064
   -0.9025    0.3041    0.3048
   -0.2383    0.2368   -0.9419
   -0.3586   -0.9227   -0.1413
...    48 C-G ...
  -85.6227  -97.4531   47.7181
   -0.8888    0.3887   -0.2427
    0.2794    0.0397   -0.9594
   -0.3633   -0.9205   -0.1439
...    49 T-A ...
  -87.1711 -100.4517   47.5422
   -0.5733    0.4173   -0.7051
    0.7070   -0.1830   -0.6832
   -0.4141   -0.8902   -0.1901
...    50 G-C ...
  -88.6414 -103.3500   46.6497
   -0.0274    0.3569   -0.9337
    0.9084   -0.3809   -0.1722
   -0.4171   -0.8529   -0.3138
...    51 T-A ...
  -90.4460 -105.7715   45.5663
    0.4435    0.1886   -0.8762
    0.8082   -0.5067    0.3001
   -0.3874   -0.8412   -0.3771
...    52 A-T ...
  -91.8534 -108.1413   43.6330
    0.8583    0.0859   -0.5058
    0.4586   -0.5705    0.6813
   -0.2301   -0.8168   -0.5290
...    53 G-C ...
  -92.8024 -110.5620   41.7073
    0.9942   -0.0978   -0.0440
   -0.0190   -0.5644    0.8252
   -0.1055   -0.8197   -0.5631
...    54 G-C ...
  -92.7518 -113.0336   39.0400
    0.8369   -0.3010    0.4571
   -0.5473   -0.4631    0.6971
    0.0018   -0.8336   -0.5524
...    55 T-A ...
  -92.2023 -115.5831   37.0835
    0.4421   -0.4758    0.7604
   -0.8960   -0.2737    0.3496
    0.0417   -0.8359   -0.5474
...    56 A-T ...
  -91.4521 -118.4024   35.3218
   -0.1506   -0.5057    0.8495
   -0.9848    0.0020   -0.1735
    0.0860   -0.8627   -0.4983
...    57 T-A ...
  -90.4300 -121.2241   33.9263
   -0.6289   -0.4588    0.6276
   -0.7701    0.2572   -0.5837
    0.1064   -0.8505   -0.5151
...    58 C-G ...
  -89.9646 -124.2224   32.4512
   -0.9678   -0.2169    0.1275
   -0.2220    0.4979   -0.8383
    0.1184   -0.8397   -0.5300
...    59 T-A ...
  -89.7453 -127.2149   30.9491
   -0.9425    0.1101   -0.3156
    0.3236    0.5369   -0.7791
    0.0837   -0.8364   -0.5416
...    60 C-G ...
  -89.3037 -129.9820   29.2090
   -0.5709    0.4203   -0.7053
    0.8143    0.3995   -0.4211
    0.1047   -0.8147   -0.5703
...    61 T-A ...
  -89.3137 -132.6794   27.2328
   -0.0763    0.6219   -0.7793
    0.9917    0.1286    0.0055
    0.1037   -0.7724   -0.6266
...    62 C-G ...
  -89.0635 -135.0791   25.0567
    0.4663    0.6471   -0.6031
    0.8727   -0.2252    0.4331
    0.1444   -0.7283   -0.6698
...    63 A-T ...
  -88.9104 -137.4589   22.6145
    0.8232    0.5357   -0.1881
    0.5166   -0.5692    0.6397
    0.2356   -0.6237   -0.7453
...    64 T-A ...
  -88.1973 -139.0656   19.9110
    0.9480    0.2455    0.2027
    0.0636   -0.7698    0.6351
    0.3120   -0.5891   -0.7454
...    65 G-C ...
  -86.7765 -140.8384   17.2971
    0.7677   -0.1469    0.6237
   -0.4555   -0.8098    0.3698
    0.4507   -0.5680   -0.6886
...    66 T-A ...
  -84.8029 -142.1933   14.9639
    0.4104   -0.5314    0.7411
   -0.7707   -0.6365   -0.0295
    0.4874   -0.5591   -0.6708
...    67 T-A ...
  -83.0308 -143.8656   12.9050
   -0.0722   -0.8003    0.5952
   -0.8511   -0.2617   -0.4551
    0.5200   -0.5395   -0.6623
...    68 A-T ...
  -81.5032 -145.6955   10.4587
   -0.5718   -0.8067    0.1490
   -0.6149    0.3013   -0.7288
    0.5430   -0.5083   -0.6684
...    69 T-A ...
  -79.4146 -147.6205    8.8627
   -0.7755   -0.5736   -0.2636
   -0.2551    0.6667   -0.7003
    0.5775   -0.4759   -0.6634
...    70 A-T ...
  -77.3363 -148.9361    6.4780
   -0.7311   -0.0381   -0.6812
    0.2837    0.8910   -0.3543
    0.6205   -0.4523   -0.6406
...    71 A-T ...
  -75.3962 -150.5105    4.4774
   -0.4482    0.4589   -0.7672
    0.6131    0.7823    0.1098
    0.6506   -0.4211   -0.6320
...    72 C-G ...
  -73.6978 -152.3718    2.1954
   -0.0700    0.8175   -0.5717
    0.7407    0.4264    0.5191
    0.6682   -0.3872   -0.6354
...    73 G-C ...
  -71.2325 -153.1777    0.2584
    0.1569    0.9833   -0.0925
    0.6768   -0.0388    0.7352
    0.7193   -0.1779   -0.6715
...    74 G-C ...
  -68.9135 -153.1718   -2.0514
    0.3710    0.8461    0.3828
    0.5518   -0.5324    0.6420
    0.7469   -0.0270   -0.6643
...    75 A-T ...
  -66.4916 -152.9820   -4.1573
    0.5634    0.4102    0.7172
    0.2854   -0.9112    0.2969
    0.7753    0.0374   -0.6305
...    76 G-C ...
  -63.9354 -152.4909   -6.1951
    0.5589   -0.1058    0.8224
   -0.0003   -0.9918   -0.1274
    0.8292    0.0710   -0.5544
...    77 A-T ...
  -61.0187 -152.2238   -7.7140
    0.4427   -0.6601    0.6069
   -0.2690   -0.7434   -0.6124
    0.8554    0.1079   -0.5067
...    78 G-C ...
  -58.0453 -151.7706   -9.0993
    0.2257   -0.9496    0.2176
   -0.4264   -0.2971   -0.8544
    0.8759    0.1001   -0.4719
...    79 C-G ...
  -54.8428 -151.5186  -10.3050
   -0.0731   -0.9455   -0.3172
   -0.4602    0.3141   -0.8304
    0.8848    0.0852   -0.4581
...    80 T-A ...
  -51.8580 -151.3237  -11.6718
   -0.2883   -0.6373   -0.7146
   -0.3471    0.7651   -0.5423
    0.8924    0.0916   -0.4418
...    81 C-G ...
  -48.8857 -150.9321  -13.1398
   -0.4426   -0.0658   -0.8943
   -0.1309    0.9914   -0.0082
    0.8871    0.1135   -0.4474
...    82 G-C ...
  -46.0488 -149.7342  -14.4597
   -0.5012    0.4738   -0.7241
    0.1179    0.8664    0.4853
    0.8573    0.1578   -0.4901
...    83 G-C ...
  -43.1634 -149.3267  -16.0303
   -0.4362    0.8462   -0.3061
    0.3191    0.4636    0.8266
    0.8414    0.2629   -0.4722
...    84 G-C ...
  -40.5073 -148.4573  -17.8793
   -0.3177    0.9199    0.2298
    0.5104   -0.0384    0.8591
    0.7991    0.3902   -0.4573
...    85 A-T ...
  -38.0420 -147.0534  -19.5063
   -0.0324    0.7066    0.7069
    0.6127   -0.5448    0.5725
    0.7896    0.4517   -0.4153
...    86 T-A ...
  -35.8872 -145.0800  -21.0110
    0.2408    0.3136    0.9185
    0.5606   -0.8175    0.1322
    0.7923    0.4831   -0.3727
...    87 C-G ...
  -33.3556 -143.2393  -22.0244
    0.4781   -0.2342    0.8465
    0.3522   -0.8318   -0.4290
    0.8046    0.5033   -0.3152
...    88 C-G ...
  -30.6635 -141.4735  -22.6918
    0.5134   -0.6711    0.5348
    0.0993   -0.5726   -0.8138
    0.8524    0.4709   -0.2273
...    89 G-C ...
  -27.7940 -140.2545  -23.7184
    0.4024   -0.9152    0.0202
   -0.1455   -0.0857   -0.9856
    0.9038    0.3937   -0.1677
...    90 C-G ...
  -24.5152 -139.1270  -23.8226
    0.2443   -0.7988   -0.5498
   -0.3329    0.4634   -0.8212
    0.9108    0.3836   -0.1527
...    91 T-A ...
  -21.1764 -138.3162  -24.2131
    0.0232   -0.3904   -0.9203
   -0.3763    0.8495   -0.3699
    0.9262    0.3549   -0.1272
...    92 T-A ...
  -18.0294 -137.5279  -24.5362
   -0.1485    0.1957   -0.9694
   -0.3414    0.9098    0.2360
    0.9281    0.3659   -0.0683
...    93 T-A ...
  -14.9111 -136.6041  -24.8138
   -0.3038    0.6835   -0.6638
   -0.2180    0.6283    0.7468
    0.9275    0.3716   -0.0419
...    94 A-T ...
  -11.8698 -135.2522  -24.6833
   -0.4572    0.8820   -0.1142
   -0.0084    0.1241    0.9922
    0.8893    0.4546   -0.0493
...    95 A-T ...
   -9.1472 -133.7160  -25.0018
   -0.4649    0.7780    0.4226
    0.2320   -0.3536    0.9062
    0.8544    0.5193   -0.0161
...    96 C-G ...
   -6.6516 -131.5985  -25.5409
   -0.3351    0.4645    0.8197
    0.4379   -0.6936    0.5720
    0.8342    0.5507    0.0291
...    97 A-T ...
   -4.0439 -129.5295  -25.2509
   -0.1600   -0.0612    0.9852
    0.5939   -0.8032    0.0465
    0.7885    0.5926    0.1649
...    98 C-G ...
   -1.8847 -127.1544  -24.3109
    0.1343   -0.4894    0.8617
    0.6221   -0.6352   -0.4577
    0.7714    0.5975    0.2191
...    99 T-A ...
    0.4630 -124.8054  -22.8807
    0.4337   -0.7811    0.4492
    0.4714   -0.2282   -0.8519
    0.7679    0.5812    0.2693
...   100 T-A ...
    2.7992 -122.8987  -21.6150
    0.6727   -0.7304   -0.1185
    0.1360    0.2794   -0.9505
    0.7273    0.6233    0.2873
...   101 T-A ...
    5.0923 -120.9743  -20.2827
    0.6753   -0.3936   -0.6237
   -0.2867    0.6391   -0.7137
    0.6796    0.6608    0.3188
...   102 A-T ...
    7.1549 -118.4151  -19.2904
    0.3672    0.1453   -0.9187
   -0.6784    0.7176   -0.1577
    0.6364    0.6811    0.3620
...   103 T-A ...
    9.7276 -116.6759  -18.2540
   -0.0098    0.4523   -0.8918
   -0.7812    0.5532    0.2892
    0.6242    0.6995    0.3480
...   104 G-C ...
   11.9316 -114.3502  -17.3642
   -0.5404    0.6231   -0.5655
   -0.5981    0.1883    0.7790
    0.5919    0.7592    0.2709
...   105 C-G ...
   13.7244 -111.6940  -16.9739
   -0.8207    0.5641   -0.0912
   -0.2367   -0.1905    0.9527
    0.5200    0.8035    0.2899
...   106 T-A ...
   15.3848 -108.7467  -16.4096
   -0.8462    0.3135    0.4309
    0.2654   -0.4534    0.8509
    0.4621    0.8344    0.3004
...   107 T-A ...
   16.6563 -105.9505  -15.5587
   -0.6064   -0.0539    0.7933
    0.6944   -0.5220    0.4953
    0.3874    0.8512    0.3540
...   108 C-G ...
   17.5864 -103.0993  -14.2456
   -0.1600   -0.4048    0.9003
    0.9273   -0.3743   -0.0035
    0.3384    0.8343    0.4353
...   109 C-G ...
   18.4458 -100.3781  -12.6191
    0.2981   -0.6281    0.7188
    0.8921   -0.0846   -0.4439
    0.3396    0.7735    0.5351
...   110 G-C ...
   19.7981  -98.2428  -10.9010
    0.6715   -0.6553    0.3459
    0.6475    0.2919   -0.7040
    0.3603    0.6967    0.6203
...   111 G-C ...
   21.2689  -96.3897   -8.4746
    0.9024   -0.4141   -0.1192
    0.1965    0.6416   -0.7414
    0.3835    0.6456    0.6604
...   112 C-G ...
   22.7420  -94.7332   -5.9495
    0.8540   -0.0084   -0.5202
   -0.3240    0.7737   -0.5444
    0.4070    0.6335    0.6580
...   113 T-A ...
   24.1598  -92.7876   -3.6945
    0.5538    0.4038   -0.7282
   -0.7248    0.6642   -0.1830
    0.4097    0.6291    0.6605
...   114 C-G ...
   25.4448  -90.6526   -1.4704
    0.0133    0.7093   -0.7047
   -0.9174    0.2890    0.2736
    0.3977    0.6429    0.6546
...   115 G-C ...
   26.2603  -88.5152    0.9346
   -0.5496    0.6925   -0.4673
   -0.7664   -0.1955    0.6119
    0.3324    0.6944    0.6382
...   116 T-A ...
   27.4667  -85.8297    2.4401
   -0.8902    0.4414   -0.1129
   -0.3628   -0.5369    0.7617
    0.2756    0.7190    0.6381
...   117 A-T ...
   28.2473  -82.9149    4.1230
   -0.9700   -0.0219    0.2421
    0.1942   -0.6689    0.7176
    0.1462    0.7430    0.6531
...   118 T-A ...
   28.3511  -80.1138    5.7292
   -0.7521   -0.3602    0.5519
    0.6458   -0.5702    0.5078
    0.1318    0.7383    0.6614
...   119 A-T ...
   28.6653  -77.7911    8.0379
   -0.3063   -0.6903    0.6555
    0.9508   -0.2557    0.1749
    0.0469    0.6768    0.7347
...   120 A-T ...
   28.4552  -75.6687   10.4689
    0.2692   -0.7491    0.6052
    0.9626    0.1894   -0.1937
    0.0305    0.6348    0.7721
...   121 T-A ...
   27.9375  -73.8820   13.2360
    0.7247   -0.5449    0.4217
    0.6888    0.5579   -0.4629
    0.0169    0.6260    0.7796
...   122 G-C ...
   27.9581  -71.9966   16.0751
    0.9880   -0.1519    0.0269
    0.1376    0.7885   -0.5994
    0.0698    0.5959    0.8000
...   123 T-A ...
   28.2811  -70.4954   18.9793
    0.9253    0.2662   -0.2701
   -0.3732    0.7661   -0.5233
    0.0677    0.5850    0.8082
...   124 G-C ...
   28.5820  -68.5910   21.6916
    0.5332    0.6374   -0.5563
   -0.8386    0.4851   -0.2480
    0.1118    0.5987    0.7931
...   125 T-A ...
   29.4131  -66.8948   24.3144
    0.0196    0.7786   -0.6272
   -0.9936    0.0848    0.0743
    0.1111    0.6217    0.7753
...   126 C-G ...
   29.8207  -64.8972   26.7441
   -0.5651    0.6837   -0.4617
   -0.8172   -0.3872    0.4268
    0.1131    0.6185    0.7776
...   127 G-C ...
   29.6677  -63.0877   29.4823
   -0.9049    0.2904   -0.3111
   -0.4241   -0.6757    0.6029
   -0.0352    0.6776    0.7346
...   128 A-T ...
   29.7046  -60.9597   31.7997
   -0.9833   -0.1638    0.0789
    0.1752   -0.7377    0.6520
   -0.0486    0.6549    0.7541
...   129 C-G ...
   29.1981  -58.3474   33.7413
   -0.7445   -0.5592    0.3647
    0.6606   -0.5387    0.5228
   -0.0959    0.6302    0.7705
...   130 C-G ...
   28.0840  -56.3046   36.2568
   -0.2941   -0.8317    0.4709
    0.9387   -0.1585    0.3062
   -0.1800    0.5321    0.8273
...   131 A-T ...
   27.8203  -54.9441   39.2954
    0.2712   -0.8665    0.4191
    0.9446    0.3232    0.0570
   -0.1848    0.3804    0.9062
...   132 A-T ...
   27.0841  -53.9251   42.3214
    0.7569   -0.5418    0.3655
    0.6259    0.7618   -0.1670
   -0.1879    0.3552    0.9157
...   133 A-T ...
   26.2555  -53.1162   45.3981
    0.9706    0.0275    0.2390
    0.0615    0.9321   -0.3569
   -0.2326    0.3611    0.9031
...   134 T-A ...
   25.6208  -52.5913   48.6399
    0.8597    0.5097    0.0340
   -0.4497    0.7866   -0.4231
   -0.2424    0.3485    0.9054
...   135 G-C ...
   25.2756  -52.5095   52.0791
    0.3204    0.9427   -0.0928
   -0.8825    0.2614   -0.3910
   -0.3443    0.2071    0.9157
...   136 T-A ...
   25.5257  -52.9786   55.8049
   -0.2439    0.9563   -0.1610
   -0.8908   -0.2866   -0.3525
   -0.3833    0.0575    0.9218
...   137 G-C ...
   24.8932  -52.7377   58.9864
   -0.7529    0.5562   -0.3519
   -0.5215   -0.8303   -0.1966
   -0.4015    0.0355    0.9152
...   138 A-T ...
   24.0142  -51.6373   61.9241
   -0.9563    0.0401   -0.2896
   -0.0524   -0.9980    0.0347
   -0.2876    0.0484    0.9565
...   139 G-C ...
   22.3466  -51.2411   64.4939
   -0.8529   -0.5118   -0.1033
    0.4974   -0.8566    0.1373
   -0.1587    0.0657    0.9851
...   140 C-G ...
   22.1502  -50.1498   67.4638
   -0.4681   -0.8748    0.1248
    0.8495   -0.4066    0.3362
   -0.2434    0.2634    0.9335
...   141 G-C ...
   21.4256  -51.8266   72.7875
    0.1303   -0.7143   -0.6876
    0.8897   -0.2218    0.3990
   -0.4375   -0.6638    0.6066
...   142 C-G ...
   20.4245  -54.3094   74.5418
    0.5846   -0.7390   -0.3348
    0.7594    0.3532    0.5465
   -0.2856   -0.5737    0.7676
...   143 T-A ...
   18.4270  -55.5289   76.5298
    0.8548   -0.5005    0.1370
    0.3188    0.7148    0.6224
   -0.4095   -0.4884    0.7706
...   144 C-G ...
   16.8371  -57.7221   78.2673
    0.8529   -0.0846    0.5151
   -0.1508    0.9048    0.3983
   -0.4998   -0.4174    0.7589
...   145 A-T ...
   15.7828  -59.5615   80.7980
    0.5516    0.4995    0.6680
   -0.6739    0.7388    0.0039
   -0.4916   -0.4523    0.7441
...   146 C-G ...
   15.7314  -61.4940   83.9316
    0.0344    0.7399    0.6718
   -0.8637    0.3602   -0.3526
   -0.5029   -0.5681    0.6514
...   147 A-T ...
   14.7383  -63.4278   86.8192
   -0.5924    0.6746    0.4405
   -0.6886   -0.1401   -0.7114
   -0.4182   -0.7248    0.5475
