  147 base-pairs
...     1 T-A ...
    0.0000    0.0000    0.0000
    1.0000    0.0000    0.0000
    0.0000    1.0000    0.0000
    0.0000    0.0000    1.0000
...     2 G-C ...
   -0.5555   -1.1003    3.3981
    0.7749    0.6051    0.1828
   -0.5991    0.7953   -0.0929
   -0.2016   -0.0375    0.9787
...     3 T-A ...
   -0.6619   -3.0237    6.5348
    0.3046    0.9250    0.2271
   -0.8994    0.3578   -0.2510
   -0.3134   -0.1278    0.9410
...     4 G-C ...
   -1.1607   -3.8418    9.6940
   -0.3351    0.9421    0.0133
   -0.8752   -0.3061   -0.3746
   -0.3489   -0.1372    0.9271
...     5 A-T ...
   -1.3881   -3.6770   12.8999
   -0.7835    0.6162   -0.0801
   -0.5677   -0.7622   -0.3109
   -0.2527   -0.1981    0.9470
...     6 G-C ...
   -2.6236   -3.5448   15.7072
   -0.9923    0.0611   -0.1075
   -0.0294   -0.9610   -0.2748
   -0.1201   -0.2695    0.9555
...     7 C-G ...
   -2.3138   -3.7570   18.8866
   -0.8620   -0.4995   -0.0864
    0.5008   -0.8655    0.0073
   -0.0785   -0.0370    0.9962
...     8 G-C ...
   -3.9561   -6.8109   23.3205
   -0.2581   -0.3560   -0.8981
    0.6294   -0.7673    0.1233
   -0.7330   -0.5335    0.4221
...     9 C-G ...
   -6.1177   -8.9414   24.2385
    0.1143   -0.7320   -0.6716
    0.8123   -0.3203    0.4874
   -0.5720   -0.6013    0.5580
...    10 T-A ...
   -8.5041   -9.6771   26.0540
    0.4660   -0.8587   -0.2131
    0.6274    0.1508    0.7640
   -0.6239   -0.4897    0.6090
...    11 C-G ...
  -11.0625  -11.3174   27.2336
    0.6660   -0.6911    0.2808
    0.3382    0.6152    0.7121
   -0.6649   -0.3794    0.6435
...    12 A-T ...
  -13.0013  -13.1789   29.0658
    0.7188   -0.1490    0.6790
   -0.1787    0.9043    0.3876
   -0.6718   -0.4000    0.6235
...    13 C-G ...
  -14.1788  -15.9359   31.3399
    0.4052    0.2865    0.8682
   -0.5270    0.8492   -0.0343
   -0.7470   -0.4437    0.4951
...    14 A-T ...
  -15.9532  -18.1566   33.3080
   -0.1503    0.6873    0.7107
   -0.6106    0.5008   -0.6135
   -0.7776   -0.5261    0.3444
...    15 A-T ...
  -18.3169  -19.9491   34.6344
   -0.4790    0.8443    0.2404
   -0.4032    0.0317   -0.9146
   -0.7798   -0.5350    0.3252
...    16 T-A ...
  -20.6591  -21.5329   36.3142
   -0.6092    0.7514   -0.2536
   -0.1019   -0.3912   -0.9146
   -0.7865   -0.5313    0.3149
...    17 T-A ...
  -23.2243  -23.0922   37.5260
   -0.5411    0.4195   -0.7289
    0.2599   -0.7408   -0.6194
   -0.7998   -0.5246    0.2918
...    18 T-A ...
  -25.9226  -24.5642   38.5299
   -0.2763   -0.0421   -0.9601
    0.5134   -0.8510   -0.1105
   -0.8124   -0.5235    0.2568
...    19 A-T ...
  -28.8080  -26.1360   39.0867
    0.1611   -0.4211   -0.8926
    0.5446   -0.7163    0.4362
   -0.8230   -0.5564    0.1139
...    20 T-A ...
  -31.7704  -27.5345   38.9695
    0.4279   -0.7094   -0.5600
    0.3823   -0.4194    0.8234
   -0.8190   -0.5664    0.0918
...    21 T-A ...
  -34.4799  -29.3126   38.9721
    0.5763   -0.8172   -0.0036
    0.0637    0.0405    0.9971
   -0.8147   -0.5749    0.0754
...    22 C-G ...
  -37.0371  -31.3491   39.1121
    0.5251   -0.6263    0.5762
   -0.3074    0.4917    0.8147
   -0.7936   -0.6049    0.0657
...    23 G-C ...
  -39.7307  -33.2260   39.7343
    0.3239   -0.1946    0.9259
   -0.5868    0.7263    0.3580
   -0.7421   -0.6593    0.1210
...    24 C-G ...
  -41.8920  -35.7117   40.1625
   -0.0321    0.2516    0.9673
   -0.6780    0.7056   -0.2061
   -0.7343   -0.6625    0.1480
...    25 A-T ...
  -44.5050  -37.7188   40.5544
   -0.3685    0.6547    0.6600
   -0.5467    0.4216   -0.7234
   -0.7519   -0.6274    0.2026
...    26 A-T ...
  -46.8129  -39.8272   41.4543
   -0.6294    0.7658    0.1317
   -0.2246   -0.0170   -0.9743
   -0.7439   -0.6429    0.1827
...    27 A-T ...
  -49.2144  -41.8406   42.3049
   -0.6469    0.6200   -0.4439
    0.1836   -0.4383   -0.8799
   -0.7401   -0.6507    0.1697
...    28 G-C ...
  -51.8137  -43.7492   43.0303
   -0.3957    0.3536   -0.8476
    0.4976   -0.6931   -0.5215
   -0.7719   -0.6281    0.0984
...    29 G-C ...
  -54.6513  -45.5489   43.3411
    0.0148    0.0003   -0.9999
    0.6190   -0.7854    0.0090
   -0.7853   -0.6190   -0.0118
...    30 C-G ...
  -57.4818  -47.2139   43.0606
    0.3969   -0.3754   -0.8376
    0.5018   -0.6753    0.5404
   -0.7686   -0.6348   -0.0796
...    31 C-G ...
  -60.0903  -49.2255   42.3331
    0.6815   -0.6054   -0.4112
    0.1853   -0.4008    0.8972
   -0.7080   -0.6877   -0.1609
...    32 G-C ...
  -62.2038  -51.7896   41.9809
    0.7532   -0.6358    0.1683
   -0.2620   -0.0554    0.9635
   -0.6033   -0.7698   -0.2083
...    33 G-C ...
  -63.8672  -54.5734   41.0397
    0.5372   -0.5035    0.6766
   -0.6556    0.2554    0.7106
   -0.5306   -0.8254   -0.1929
...    34 C-G ...
  -65.2093  -57.5183   40.2979
    0.1051   -0.2574    0.9606
   -0.8578    0.4653    0.2185
   -0.5031   -0.8469   -0.1719
...    35 C-G ...
  -66.6634  -60.5419   39.9316
   -0.3586    0.0856    0.9296
   -0.7899    0.5028   -0.3510
   -0.4974   -0.8602   -0.1126
...    36 C-G ...
  -68.2210  -63.5360   39.8280
   -0.7080    0.3933    0.5866
   -0.4699    0.3577   -0.8070
   -0.5272   -0.8470   -0.0684
...    37 G-C ...
  -70.1243  -66.2141   39.1799
   -0.8047    0.5928    0.0311
    0.0132    0.0702   -0.9974
   -0.5935   -0.8023   -0.0643
...    38 A-T ...
  -72.0403  -68.8738   39.0700
   -0.6253    0.5437   -0.5597
    0.4929   -0.2808   -0.8235
   -0.6049   -0.7909   -0.0924
...    39 C-G ...
  -74.4209  -71.1659   39.1365
   -0.2545    0.3483   -0.9021
    0.7489   -0.5192   -0.4118
   -0.6119   -0.7804   -0.1287
...    40 A-T ...
  -76.4142  -73.7937   38.6114
    0.2835    0.1038   -0.9533
    0.7516   -0.6414    0.1536
   -0.5956   -0.7601   -0.2599
...    41 C-G ...
  -78.7193  -75.8250   37.4580
    0.6617   -0.1960   -0.7237
    0.4924   -0.6143    0.6166
   -0.5654   -0.7643   -0.3100
...    42 G-C ...
  -80.3081  -78.5829   36.4448
    0.8998   -0.3752   -0.2228
    0.0307   -0.4548    0.8900
   -0.4352   -0.8077   -0.3977
...    43 A-T ...
  -81.5682  -81.2352   35.0172
    0.7736   -0.5259    0.3536
   -0.5087   -0.1827    0.8413
   -0.3779   -0.8307   -0.4089
...    44 C-G ...
  -82.2693  -83.9393   33.2497
    0.4081   -0.5190    0.7511
   -0.8478    0.0898    0.5227
   -0.3387   -0.8501   -0.4033
...    45 T-A ...
  -82.9980  -86.8892   31.9333
   -0.0885   -0.3572    0.9298
   -0.9503    0.3100    0.0287
   -0.2985   -0.8811   -0.3669
...    46 T-A ...
  -83.6508  -89.8606   30.7679
   -0.6331   -0.1486    0.7597
   -0.7246    0.4590   -0.5141
   -0.2722   -0.8759   -0.3983
...    47 A-T ...
  -84.7401  -92.5346   28.9927
   -0.9649    0.1316    0.2275
   -0.1427    0.4644   -0.8741
   -0.2207   -0.8758   -0.4293
...    48 C-G ...
  -85.5607  -95.6551   28.1431
   -0.8934    0.3630   -0.2648
    0.3893    0.3311   -0.8595
   -0.2243   -0.8710   -0.4371
...    49 T-A ...
  -86.5709  -98.5548   26.8789
   -0.5412    0.5270   -0.6553
    0.8042    0.0966   -0.5864
   -0.2458   -0.8443   -0.4761
...    50 G-C ...
  -87.3273 -101.2812   25.1228
    0.0265    0.5875   -0.8088
    0.9693   -0.2130   -0.1229
   -0.2445   -0.7807   -0.5751
...    51 T-A ...
  -88.6785 -103.5444   23.1530
    0.5319    0.4395   -0.7238
    0.8204   -0.4791    0.3120
   -0.2096   -0.7598   -0.6154
...    52 A-T ...
  -89.4203 -105.7671   20.7777
    0.9088    0.2470   -0.3363
    0.4112   -0.6670    0.6213
   -0.0709   -0.7029   -0.7078
...    53 G-C ...
  -89.5686 -107.7963   18.1893
    0.9935   -0.0553    0.0998
   -0.1090   -0.7192    0.6862
    0.0338   -0.6926   -0.7205
...    54 G-C ...
  -88.9887 -109.8699   15.5957
    0.7770   -0.3511    0.5225
   -0.6104   -0.6232    0.4889
    0.1540   -0.6988   -0.6986
...    55 T-A ...
  -87.9122 -111.8340   13.1837
    0.3446   -0.5982    0.7235
   -0.9187   -0.3733    0.1290
    0.1929   -0.7091   -0.6782
...    56 A-T ...
  -87.4684 -114.2969   10.9660
   -0.2843   -0.6978    0.6574
   -0.9326    0.0423   -0.3583
    0.2223   -0.7150   -0.6628
...    57 T-A ...
  -86.1461 -116.7496    9.1764
   -0.7146   -0.5969    0.3648
   -0.6559    0.3905   -0.6460
    0.2431   -0.7009   -0.6705
...    58 C-G ...
  -85.3352 -119.1503    7.0767
   -0.9628   -0.2529   -0.0956
   -0.1018    0.6667   -0.7383
    0.2505   -0.7011   -0.6676
...    59 T-A ...
  -84.6428 -121.6993    5.0603
   -0.8766    0.1585   -0.4543
    0.4238    0.7016   -0.5729
    0.2279   -0.6947   -0.6822
...    60 C-G ...
  -83.9233 -124.0588    2.8880
   -0.4646    0.5573   -0.6882
    0.8539    0.4877   -0.1816
    0.2344   -0.6721   -0.7024
...    61 G-C ...
  -82.7672 -126.1757    0.5811
    0.0438    0.8169   -0.5751
    0.9642    0.1160    0.2383
    0.2614   -0.5649   -0.7826
...    62 A-T ...
  -82.0066 -128.0166   -1.9877
    0.5640    0.7767   -0.2806
    0.7667   -0.3662    0.5274
    0.3069   -0.5126   -0.8019
...    63 G-C ...
  -81.1040 -129.4042   -4.8271
    0.8348    0.5388    0.1135
    0.3808   -0.7138    0.5878
    0.3977   -0.4475   -0.8010
...    64 C-G ...
  -79.7451 -130.3576   -7.6551
    0.8755    0.1169    0.4689
   -0.1021   -0.9036    0.4160
    0.4724   -0.4120   -0.7792
...    65 T-A ...
  -77.9065 -131.3438  -10.1964
    0.6561   -0.3239    0.6816
   -0.5035   -0.8607    0.0756
    0.5622   -0.3928   -0.7278
...    66 C-G ...
  -75.8499 -132.6257  -12.3759
    0.2264   -0.7463    0.6260
   -0.7616   -0.5363   -0.3639
    0.6073   -0.3944   -0.6897
...    67 G-C ...
  -74.0822 -134.3467  -14.6294
   -0.2810   -0.8882    0.3635
   -0.7076   -0.0642   -0.7037
    0.6484   -0.4550   -0.6104
...    68 G-C ...
  -71.7867 -136.1024  -16.3787
   -0.6490   -0.7586   -0.0578
   -0.4131    0.4151   -0.8106
    0.6389   -0.5021   -0.5828
...    69 G-C ...
  -69.6160 -138.0000  -18.1386
   -0.7925   -0.3837   -0.4740
    0.0217    0.7590   -0.6507
    0.6095   -0.5260   -0.5932
...    70 A-T ...
  -67.5507 -139.7927  -19.9687
   -0.6246    0.1439   -0.7676
    0.4762    0.8491   -0.2284
    0.6189   -0.5082   -0.5989
...    71 T-A ...
  -65.9509 -141.9704  -21.8726
   -0.2894    0.5513   -0.7825
    0.7152    0.6678    0.2060
    0.6362   -0.5000   -0.5876
...    72 C-G ...
  -63.9209 -143.6848  -23.7937
    0.1487    0.8621   -0.4844
    0.7363    0.2305    0.6362
    0.6602   -0.4512   -0.6005
...    73 C-G ...
  -61.9429 -145.1832  -26.0845
    0.4250    0.9052    0.0008
    0.5455   -0.2569    0.7977
    0.7223   -0.3386   -0.6030
...    74 G-C ...
  -59.3280 -146.2310  -27.8693
    0.5079    0.6805    0.5282
    0.2629   -0.7064    0.6572
    0.8203   -0.1949   -0.5376
...    75 C-G ...
  -56.6338 -146.3088  -29.7391
    0.5011    0.2189    0.8373
   -0.0157   -0.9650    0.2617
    0.8653   -0.1443   -0.4801
...    76 T-A ...
  -53.6517 -146.3674  -31.1289
    0.3440   -0.2952    0.8914
   -0.2142   -0.9489   -0.2316
    0.9142   -0.1112   -0.3897
...    77 T-A ...
  -50.5980 -146.4794  -32.2041
    0.1616   -0.7767    0.6088
   -0.3445   -0.6225   -0.7028
    0.9248   -0.0961   -0.3681
...    78 T-A ...
  -47.4773 -146.6301  -33.1069
   -0.0333   -0.9956    0.0872
   -0.3605   -0.0694   -0.9302
    0.9322   -0.0624   -0.3566
...    79 A-T ...
  -44.5093 -146.6343  -34.7237
   -0.1916   -0.8128   -0.5501
   -0.2619    0.5825   -0.7695
    0.9459   -0.0033   -0.3245
...    80 A-T ...
  -41.3536 -146.8639  -35.5268
   -0.2534   -0.3252   -0.9110
   -0.1258    0.9449   -0.3023
    0.9591    0.0380   -0.2804
...    81 C-G ...
  -38.1767 -147.3387  -36.4102
   -0.2882    0.2173   -0.9326
    0.0119    0.9746    0.2234
    0.9575    0.0532   -0.2834
...    82 A-T ...
  -34.9779 -146.9555  -37.1985
   -0.3204    0.7226   -0.6125
    0.1643    0.6792    0.7153
    0.9329    0.1285   -0.3363
...    83 C-G ...
  -32.1227 -146.7826  -38.8099
   -0.2373    0.9605   -0.1455
    0.2964    0.2142    0.9307
    0.9251    0.1778   -0.3355
...    84 T-A ...
  -29.2443 -146.0131  -40.2033
   -0.1501    0.9138    0.3774
    0.3840   -0.2978    0.8740
    0.9111    0.2761   -0.3062
...    85 C-G ...
  -26.3552 -144.9343  -41.1994
    0.0158    0.5633    0.8261
    0.4217   -0.7529    0.5053
    0.9066    0.3404   -0.2494
...    86 A-T ...
  -23.3576 -143.5979  -41.8300
    0.0963    0.0206    0.9951
    0.4091   -0.9122   -0.0207
    0.9074    0.4091   -0.0963
...    87 T-A ...
  -20.7121 -141.6748  -41.8931
    0.2633   -0.4409    0.8581
    0.3281   -0.7956   -0.5094
    0.9072    0.4156   -0.0648
...    88 G-C ...
  -17.5806 -140.5648  -41.9019
    0.3151   -0.8461    0.4298
    0.1861   -0.3890   -0.9022
    0.9306    0.3643    0.0349
...    89 T-A ...
  -14.6028 -139.3155  -41.1290
    0.3585   -0.9279   -0.1026
    0.0156    0.1159   -0.9931
    0.9334    0.3544    0.0560
...    90 T-A ...
  -11.5805 -138.2207  -40.5809
    0.3510   -0.6729   -0.6512
   -0.1969    0.6269   -0.7538
    0.9154    0.3928    0.0876
...    91 A-T ...
   -8.7284 -136.4137  -40.4308
    0.2005   -0.0934   -0.9752
   -0.4016    0.9001   -0.1688
    0.8936    0.4255    0.1430
...    92 T-A ...
   -5.5403 -135.6472  -39.9886
   -0.0157    0.3842   -0.9231
   -0.4632    0.8154    0.3473
    0.8861    0.4330    0.1651
...    93 A-T ...
   -2.6875 -134.0717  -39.2984
   -0.3260    0.7724   -0.5451
   -0.3803    0.4207    0.8236
    0.8655    0.4759    0.1566
...    94 A-T ...
    0.1529 -132.5477  -39.0301
   -0.5071    0.8619   -0.0002
   -0.1459   -0.0856    0.9856
    0.8495    0.4998    0.1692
...    95 C-G ...
    2.8380 -130.6831  -39.0595
   -0.5632    0.6664    0.4885
    0.1371   -0.5077    0.8506
    0.8149    0.5460    0.1946
...    96 G-C ...
    5.4423 -128.8587  -38.0707
   -0.5371    0.1959    0.8205
    0.4501   -0.7561    0.4752
    0.7134    0.6245    0.3179
...    97 G-C ...
    7.4003 -126.4133  -36.8179
   -0.3022   -0.3009    0.9045
    0.7024   -0.7118   -0.0021
    0.6445    0.6346    0.4265
...    98 A-T ...
    9.3444 -124.3287  -35.2226
    0.1273   -0.6848    0.7176
    0.7749   -0.3829   -0.5029
    0.6191    0.6201    0.4819
...    99 T-A ...
   10.8223 -122.2025  -33.1878
    0.5000   -0.7833    0.3693
    0.6158    0.0218   -0.7876
    0.6088    0.6213    0.4933
...   100 T-A ...
   12.5994 -120.2379  -31.2977
    0.7818   -0.6103   -0.1281
    0.2259    0.4687   -0.8540
    0.5812    0.6387    0.5043
...   101 T-A ...
   14.4069 -118.3403  -29.3597
    0.7956   -0.2020   -0.5711
   -0.2669    0.7295   -0.6298
    0.5438    0.6535    0.5265
...   102 A-T ...
   15.9122 -115.8211  -27.7123
    0.4721    0.3237   -0.8200
   -0.7186    0.6801   -0.1452
    0.5107    0.6578    0.5537
...   103 T-A ...
   18.1072 -114.0947  -25.9489
    0.0490    0.6298   -0.7752
   -0.8659    0.4136    0.2814
    0.4979    0.6574    0.5656
...   104 G-C ...
   19.5757 -111.7688  -24.0896
   -0.4919    0.6785   -0.5456
   -0.7468   -0.0066    0.6650
    0.4476    0.7346    0.5100
...   105 C-G ...
   21.2767 -109.2732  -22.7776
   -0.8419    0.5207   -0.1416
   -0.3719   -0.3699    0.8514
    0.3909    0.7695    0.5051
...   106 T-A ...
   22.4307 -106.5063  -21.4150
   -0.9468    0.1876    0.2616
    0.1126   -0.5682    0.8152
    0.3015    0.8013    0.5168
...   107 T-A ...
   23.2448 -103.7675  -19.9118
   -0.7439   -0.1892    0.6410
    0.6152   -0.5688    0.5460
    0.2613    0.8004    0.5395
...   108 C-G ...
   23.8579 -101.1588  -18.0708
   -0.2776   -0.5250    0.8046
    0.9365   -0.3346    0.1048
    0.2142    0.7826    0.5845
...   109 C-G ...
   24.1368  -98.6483  -15.8346
    0.2405   -0.6913    0.6813
    0.9525    0.0330   -0.3027
    0.1867    0.7218    0.6664
...   110 G-C ...
   25.1389  -96.4212  -13.5658
    0.7045   -0.6253    0.3358
    0.6786    0.4548   -0.5767
    0.2079    0.6342    0.7447
...   111 G-C ...
   25.8219  -94.6205  -10.7911
    0.9454   -0.3174   -0.0743
    0.2001    0.7450   -0.6363
    0.2573    0.5867    0.7679
...   112 C-G ...
   26.7603  -93.0323   -8.0288
    0.8949    0.1289   -0.4273
   -0.3457    0.8057   -0.4810
    0.2823    0.5782    0.7655
...   113 T-A ...
   27.9499  -91.3409   -5.4349
    0.5677    0.5164   -0.6411
   -0.7634    0.6217   -0.1751
    0.3082    0.5888    0.7472
...   114 C-G ...
   29.0494  -89.4558   -2.9813
    0.0040    0.7726   -0.6349
   -0.9540    0.1933    0.2293
    0.2999    0.6048    0.7378
...   115 G-C ...
   29.6400  -87.4391   -0.3885
   -0.5535    0.6779   -0.4838
   -0.7990   -0.2684    0.5381
    0.2349    0.6844    0.6902
...   116 T-A ...
   30.7401  -84.9146    1.4287
   -0.8946    0.4136   -0.1693
   -0.4032   -0.5833    0.7051
    0.1929    0.6991    0.6886
...   117 A-T ...
   31.2064  -82.4144    3.5695
   -0.9862   -0.0629    0.1529
    0.1531   -0.6970    0.7005
    0.0625    0.7143    0.6971
...   118 T-A ...
   31.0861  -79.6925    5.3821
   -0.7843   -0.4185    0.4580
    0.6193   -0.5716    0.5382
    0.0366    0.7058    0.7075
...   119 A-T ...
   30.7968  -77.3692    7.7496
   -0.3282   -0.7521    0.5715
    0.9430   -0.2262    0.2440
   -0.0542    0.6190    0.7835
...   120 A-T ...
   30.3159  -75.4321   10.2978
    0.2508   -0.7639    0.5947
    0.9657    0.2403   -0.0986
   -0.0675    0.5990    0.7979
...   121 T-A ...
   29.4901  -73.8183   13.0406
    0.6993   -0.5459    0.4615
    0.7112    0.5961   -0.3726
   -0.0716    0.5888    0.8051
...   122 G-C ...
   29.5427  -71.8619   15.7201
    0.9814   -0.1618    0.1029
    0.1918    0.8251   -0.5314
    0.0011    0.5413    0.8409
...   123 T-A ...
   29.6109  -70.6335   18.8050
    0.9379    0.2839   -0.1991
   -0.3464    0.7941   -0.4994
    0.0163    0.5374    0.8432
...   124 G-C ...
   29.6533  -68.6078   21.4267
    0.5684    0.6509   -0.5033
   -0.8196    0.5015   -0.2770
    0.0721    0.5700    0.8185
...   125 T-A ...
   30.4752  -66.9296   24.1785
    0.0572    0.8087   -0.5855
   -0.9961    0.0861    0.0215
    0.0678    0.5819    0.8104
...   126 C-G ...
   30.7974  -64.9929   26.8045
   -0.5374    0.6914   -0.4829
   -0.8419   -0.4065    0.3549
    0.0490    0.5973    0.8006
...   127 G-C ...
   30.6514  -63.1981   29.6088
   -0.9098    0.2816   -0.3048
   -0.4106   -0.7175    0.5627
   -0.0603    0.6371    0.7684
...   128 A-T ...
   30.4684  -61.0399   32.0445
   -0.9762   -0.2146    0.0308
    0.1850   -0.7501    0.6349
   -0.1131    0.6255    0.7720
...   129 C-G ...
   29.7562  -58.6255   34.1549
   -0.7397   -0.5973    0.3099
    0.6542   -0.5304    0.5392
   -0.1577    0.6016    0.7831
...   130 C-G ...
   28.7776  -56.5968   36.6654
   -0.2667   -0.8491    0.4559
    0.9389   -0.1222    0.3217
   -0.2174    0.5138    0.8299
...   131 A-T ...
   28.0163  -55.0435   39.5153
    0.3143   -0.8374    0.4472
    0.9213    0.3827    0.0690
   -0.2289    0.3903    0.8918
...   132 A-T ...
   27.0682  -54.0126   42.4357
    0.7768   -0.4876    0.3986
    0.5864    0.7909   -0.1752
   -0.2298    0.3698    0.9002
...   133 A-T ...
   26.2482  -53.1126   45.4434
    0.9707    0.0425    0.2365
    0.0462    0.9329   -0.3572
   -0.2358    0.3577    0.9036
...   134 T-A ...
   25.6209  -52.5914   48.6401
    0.8597    0.5097    0.0340
   -0.4497    0.7866   -0.4231
   -0.2424    0.3485    0.9054
...   135 G-C ...
   25.2757  -52.5097   52.0792
    0.3204    0.9427   -0.0928
   -0.8825    0.2614   -0.3910
   -0.3443    0.2071    0.9157
...   136 T-A ...
   25.5258  -52.9788   55.8050
   -0.2439    0.9563   -0.1610
   -0.8908   -0.2866   -0.3525
   -0.3833    0.0575    0.9218
...   137 G-C ...
   24.8933  -52.7378   58.9866
   -0.7529    0.5562   -0.3519
   -0.5215   -0.8303   -0.1966
   -0.4015    0.0355    0.9152
...   138 A-T ...
   24.0143  -51.6375   61.9243
   -0.9563    0.0401   -0.2896
   -0.0524   -0.9980    0.0347
   -0.2876    0.0484    0.9565
...   139 G-C ...
   22.3467  -51.2412   64.4941
   -0.8529   -0.5118   -0.1033
    0.4974   -0.8566    0.1373
   -0.1587    0.0657    0.9851
...   140 C-G ...
   22.1503  -50.1499   67.4639
   -0.4681   -0.8748    0.1248
    0.8495   -0.4066    0.3362
   -0.2434    0.2634    0.9335
...   141 G-C ...
   21.4256  -51.8267   72.7877
    0.1303   -0.7143   -0.6876
    0.8897   -0.2218    0.3990
   -0.4375   -0.6638    0.6066
...   142 C-G ...
   20.4246  -54.3096   74.5419
    0.5846   -0.7390   -0.3348
    0.7594    0.3532    0.5465
   -0.2856   -0.5738    0.7676
...   143 T-A ...
   18.4271  -55.5291   76.5299
    0.8548   -0.5005    0.1370
    0.3188    0.7148    0.6224
   -0.4095   -0.4884    0.7706
...   144 C-G ...
   16.8371  -57.7223   78.2674
    0.8529   -0.0846    0.5151
   -0.1508    0.9048    0.3983
   -0.4998   -0.4174    0.7589
...   145 A-T ...
   15.7829  -59.5617   80.7982
    0.5516    0.4995    0.6680
   -0.6739    0.7388    0.0039
   -0.4916   -0.4523    0.7441
...   146 C-G ...
   15.7315  -61.4942   83.9317
    0.0344    0.7399    0.6718
   -0.8637    0.3602   -0.3526
   -0.5029   -0.5681    0.6514
...   147 A-T ...
   14.7384  -63.4280   86.8193
   -0.5924    0.6746    0.4405
   -0.6886   -0.1401   -0.7114
   -0.4182   -0.7248    0.5475
