  147 base-pairs
...     1 T-A ...
    0.0000    0.0000    0.0000
    1.0000    0.0000    0.0000
    0.0000    1.0000    0.0000
    0.0000    0.0000    1.0000
...     2 G-C ...
   -0.5555   -1.1003    3.3981
    0.7749    0.6051    0.1828
   -0.5991    0.7953   -0.0929
   -0.2016   -0.0375    0.9787
...     3 T-A ...
   -0.6619   -3.0237    6.5348
    0.3046    0.9250    0.2271
   -0.8994    0.3578   -0.2510
   -0.3134   -0.1278    0.9410
...     4 G-C ...
   -1.1607   -3.8418    9.6940
   -0.3351    0.9421    0.0133
   -0.8752   -0.3061   -0.3746
   -0.3489   -0.1372    0.9271
...     5 A-T ...
   -1.3881   -3.6770   12.8999
   -0.7835    0.6162   -0.0801
   -0.5677   -0.7622   -0.3109
   -0.2527   -0.1981    0.9470
...     6 G-C ...
   -2.6236   -3.5448   15.7072
   -0.9923    0.0611   -0.1075
   -0.0294   -0.9610   -0.2748
   -0.1201   -0.2695    0.9555
...     7 C-G ...
   -2.3138   -3.7570   18.8866
   -0.8620   -0.4995   -0.0864
    0.5008   -0.8655    0.0073
   -0.0785   -0.0370    0.9962
...     8 G-C ...
   -3.9561   -6.8109   23.3205
   -0.2581   -0.3560   -0.8981
    0.6294   -0.7673    0.1233
   -0.7330   -0.5335    0.4221
...     9 C-G ...
   -6.1177   -8.9414   24.2385
    0.1143   -0.7320   -0.6716
    0.8123   -0.3203    0.4874
   -0.5720   -0.6013    0.5580
...    10 T-A ...
   -8.5041   -9.6771   26.0540
    0.4660   -0.8587   -0.2131
    0.6274    0.1508    0.7640
   -0.6239   -0.4897    0.6090
...    11 C-G ...
  -11.0625  -11.3174   27.2336
    0.6660   -0.6911    0.2808
    0.3382    0.6152    0.7121
   -0.6649   -0.3794    0.6435
...    12 A-T ...
  -13.0013  -13.1789   29.0658
    0.7188   -0.1490    0.6790
   -0.1787    0.9043    0.3876
   -0.6718   -0.4000    0.6235
...    13 C-G ...
  -14.1788  -15.9359   31.3399
    0.4052    0.2865    0.8682
   -0.5270    0.8492   -0.0343
   -0.7470   -0.4437    0.4951
...    14 A-T ...
  -15.9532  -18.1566   33.3080
   -0.1503    0.6873    0.7107
   -0.6106    0.5008   -0.6135
   -0.7776   -0.5261    0.3444
...    15 A-T ...
  -18.3188  -19.9441   34.6361
   -0.4768    0.8455    0.2405
   -0.4050    0.0316   -0.9138
   -0.7802   -0.5330    0.3273
...    16 T-A ...
  -20.6612  -21.5190   36.3233
   -0.6077    0.7528   -0.2530
   -0.1056   -0.3924   -0.9137
   -0.7871   -0.5286    0.3179
...    17 T-A ...
  -23.2287  -23.0667   37.5470
   -0.5429    0.4192   -0.7277
    0.2553   -0.7431   -0.6185
   -0.8000   -0.5216    0.2965
...    18 T-A ...
  -25.9281  -24.5259   38.5702
   -0.2825   -0.0458   -0.9582
    0.5106   -0.8528   -0.1097
   -0.8121   -0.5202    0.2643
...    19 A-T ...
  -28.8003  -26.1057   39.1679
    0.1506   -0.4326   -0.8889
    0.5468   -0.7127    0.4394
   -0.8236   -0.5522    0.1292
...    20 T-A ...
  -31.7712  -27.4941   39.1011
    0.4184   -0.7191   -0.5549
    0.3899   -0.4095    0.8248
   -0.8203   -0.5615    0.1090
...    21 T-A ...
  -34.4916  -29.2562   39.1610
    0.5716   -0.8206    0.0019
    0.0764    0.0555    0.9955
   -0.8170   -0.5689    0.0944
...    22 C-G ...
  -37.0646  -31.2681   39.3644
    0.5293   -0.6201    0.5791
   -0.2928    0.5071    0.8106
   -0.7963   -0.5986    0.0868
...    23 G-C ...
  -39.7649  -33.1134   40.0494
    0.3386   -0.1803    0.9235
   -0.5753    0.7370    0.3548
   -0.7446   -0.6514    0.1458
...    24 C-G ...
  -41.9335  -35.5752   40.5598
   -0.0113    0.2700    0.9628
   -0.6764    0.7071   -0.2062
   -0.7364   -0.6536    0.1747
...    25 A-T ...
  -44.5494  -37.5575   41.0527
   -0.3470    0.6711    0.6551
   -0.5595    0.4125   -0.7189
   -0.7527   -0.6160    0.2324
...    26 A-T ...
  -46.8569  -39.6212   42.0502
   -0.6177    0.7753    0.1316
   -0.2494   -0.0344   -0.9678
   -0.7458   -0.6306    0.2146
...    27 A-T ...
  -49.2595  -41.5867   43.0047
   -0.6515    0.6181   -0.4398
    0.1552   -0.4589   -0.8748
   -0.7426   -0.6383    0.2030
...    28 G-C ...
  -51.8612  -43.4472   43.8421
   -0.4157    0.3391   -0.8439
    0.4748   -0.7106   -0.5193
   -0.7758   -0.6165    0.1344
...    29 G-C ...
  -54.7109  -45.2048   44.2745
   -0.0153   -0.0242   -0.9996
    0.6099   -0.7924    0.0099
   -0.7923   -0.6095    0.0269
...    30 C-G ...
  -57.5682  -46.8440   44.1263
    0.3659   -0.4020   -0.8394
    0.5107   -0.6673    0.5421
   -0.7781   -0.6270   -0.0389
...    31 C-G ...
  -60.2282  -48.8367   43.5434
    0.6602   -0.6252   -0.4162
    0.2102   -0.3781    0.9016
   -0.7211   -0.6827   -0.1182
...    32 G-C ...
  -62.3940  -51.3728   43.3425
    0.7510   -0.6404    0.1608
   -0.2281   -0.0231    0.9734
   -0.6196   -0.7677   -0.1634
...    33 G-C ...
  -64.1326  -54.1541   42.5444
    0.5562   -0.4892    0.6718
   -0.6252    0.2862    0.7261
   -0.5475   -0.8239   -0.1467
...    34 C-G ...
  -65.5369  -57.1005   41.9453
    0.1399   -0.2277    0.9636
   -0.8428    0.4834    0.2366
   -0.5197   -0.8453   -0.1243
...    35 C-G ...
  -67.0381  -60.1154   41.7404
   -0.3182    0.1213    0.9402
   -0.7980    0.5011   -0.3347
   -0.5118   -0.8568   -0.0627
...    36 C-G ...
  -68.6365  -63.0884   41.8153
   -0.6768    0.4226    0.6028
   -0.5010    0.3356   -0.7977
   -0.5394   -0.8419   -0.0154
...    37 G-C ...
  -70.6075  -65.7561   41.3581
   -0.7957    0.6039    0.0462
   -0.0326    0.0335   -0.9989
   -0.6048   -0.7964   -0.0070
...    38 A-T ...
  -72.5616  -68.3898   41.4385
   -0.6455    0.5299   -0.5500
    0.4500   -0.3179   -0.8345
   -0.6171   -0.7862   -0.0333
...    39 C-G ...
  -74.9631  -70.6484   41.7067
   -0.2946    0.3159   -0.9019
    0.7227   -0.5438   -0.4265
   -0.6252   -0.7775   -0.0681
...    40 A-T ...
  -77.0036  -73.2723   41.3880
    0.2367    0.0613   -0.9696
    0.7523   -0.6432    0.1430
   -0.6149   -0.7633   -0.1983
...    41 C-G ...
  -79.3849  -75.3240   40.4396
    0.6225   -0.2338   -0.7469
    0.5172   -0.5933    0.6168
   -0.5873   -0.7703   -0.2483
...    42 G-C ...
  -81.0571  -78.1015   39.6373
    0.8840   -0.3938   -0.2518
    0.0733   -0.4153    0.9067
   -0.4617   -0.8200   -0.3383
...    43 A-T ...
  -82.4156  -80.7986   38.3992
    0.7877   -0.5164    0.3360
   -0.4646   -0.1398    0.8744
   -0.4046   -0.8449   -0.3500
...    44 C-G ...
  -83.2280  -83.5719   36.7985
    0.4452   -0.4870    0.7514
   -0.8178    0.1206    0.5627
   -0.3647   -0.8650   -0.3446
...    45 T-A ...
  -84.0419  -86.5738   35.6658
   -0.0384   -0.3121    0.9493
   -0.9460    0.3174    0.0661
   -0.3220   -0.8954   -0.3074
...    46 T-A ...
  -84.7719  -89.5933   34.6861
   -0.5895   -0.1075    0.8006
   -0.7510    0.4378   -0.4942
   -0.2974   -0.8926   -0.3388
...    47 A-T ...
  -85.9727  -92.3472   33.1203
   -0.9496    0.1481    0.2764
   -0.1923    0.4209   -0.8865
   -0.2476   -0.8949   -0.3712
...    48 C-G ...
  -86.8536  -95.5024   32.4796
   -0.9068    0.3531   -0.2303
    0.3388    0.2854   -0.8965
   -0.2509   -0.8910   -0.3784
...    49 T-A ...
  -87.9420  -98.4591   31.4283
   -0.5786    0.4941   -0.6489
    0.7684    0.0637   -0.6368
   -0.2733   -0.8671   -0.4165
...    50 G-C ...
  -88.8016 -101.2727   29.8694
   -0.0218    0.5440   -0.8388
    0.9607   -0.2208   -0.1681
   -0.2766   -0.8095   -0.5178
...    51 T-A ...
  -90.2644 -103.6382   28.1094
    0.4874    0.4000   -0.7762
    0.8386   -0.4622    0.2884
   -0.2434   -0.7914   -0.5607
...    52 A-T ...
  -91.1513 -105.9765   25.8991
    0.8857    0.2327   -0.4017
    0.4516   -0.6322    0.6295
   -0.1075   -0.7390   -0.6651
...    53 G-C ...
  -91.4397 -108.1380   23.4348
    0.9981   -0.0436    0.0437
   -0.0618   -0.6827    0.7281
   -0.0019   -0.7294   -0.6841
...    54 G-C ...
  -90.9926 -110.3396   20.9242
    0.8103   -0.3155    0.4938
   -0.5733   -0.6015    0.5564
    0.1215   -0.7339   -0.6683
...    55 T-A ...
  -90.0338 -112.4203   18.5651
    0.3944   -0.5538    0.7333
   -0.9043   -0.3756    0.2028
    0.1632   -0.7431   -0.6490
...    56 A-T ...
  -89.6741 -115.0003   16.4723
   -0.2334   -0.6623    0.7120
   -0.9526    0.0086   -0.3043
    0.1954   -0.7492   -0.6328
...    57 T-A ...
  -88.4163 -117.5361   14.7529
   -0.6813   -0.5851    0.4399
   -0.6993    0.3424   -0.6275
    0.2165   -0.7351   -0.6424
...    58 C-G ...
  -87.6880 -120.0471   12.7544
   -0.9614   -0.2741   -0.0253
   -0.1567    0.6205   -0.7684
    0.2263   -0.7348   -0.6395
...    59 T-A ...
  -87.0594 -122.6996   10.8529
   -0.9036    0.1148   -0.4128
    0.3760    0.6745   -0.6354
    0.2055   -0.7293   -0.6526
...    60 C-G ...
  -86.4034 -125.1730    8.7888
   -0.5140    0.5057   -0.6929
    0.8311    0.4937   -0.2561
    0.2126   -0.7075   -0.6740
...    61 G-C ...
  -85.3164 -127.4086    6.5630
   -0.0083    0.7825   -0.6226
    0.9716    0.1535    0.1799
    0.2363   -0.6034   -0.7616
...    62 A-T ...
  -84.6397 -129.3843    4.0746
    0.5248    0.7744   -0.3533
    0.8032   -0.3130    0.5068
    0.2819   -0.5498   -0.7863
...    63 G-C ...
  -83.8394 -130.9083    1.2778
    0.8199    0.5711    0.0403
    0.4338   -0.6656    0.6073
    0.3736   -0.4804   -0.7935
...    64 C-G ...
  -82.5885 -131.9747   -1.5553
    0.8915    0.1754    0.4177
   -0.0475   -0.8807    0.4714
    0.4505   -0.4401   -0.7768
...    65 T-A ...
  -80.8323 -133.0380   -4.1194
    0.6992   -0.2565    0.6673
   -0.4628   -0.8739    0.1490
    0.5449   -0.4130   -0.7297
...    66 C-G ...
  -78.8155 -134.3686   -6.3039
    0.2866   -0.6968    0.6575
   -0.7515   -0.5892   -0.2969
    0.5943   -0.4091   -0.6925
...    67 G-C ...
  -77.0671 -136.1605   -8.5162
   -0.2226   -0.8770    0.4257
   -0.7307   -0.1390   -0.6684
    0.6454   -0.4599   -0.6099
...    68 G-C ...
  -74.7610 -137.9172  -10.2517
   -0.6105   -0.7919    0.0113
   -0.4635    0.3457   -0.8159
    0.6422   -0.5034   -0.5781
...    69 G-C ...
  -72.5576 -139.8022  -11.9853
   -0.7861   -0.4515   -0.4222
   -0.0417    0.7202   -0.6925
    0.6167   -0.5267   -0.5850
...    70 A-T ...
  -70.4500 -141.5840  -13.7792
   -0.6554    0.0653   -0.7525
    0.4197    0.8598   -0.2909
    0.6279   -0.5065   -0.5909
...    71 T-A ...
  -68.7853 -143.7754  -15.6119
   -0.3442    0.4887   -0.8017
    0.6808    0.7179    0.1453
    0.6465   -0.4957   -0.5798
...    72 C-G ...
  -66.7123 -145.4859  -17.4900
    0.0811    0.8410   -0.5349
    0.7383    0.3098    0.5991
    0.6696   -0.4435   -0.5958
...    73 C-G ...
  -64.7166 -147.0018  -19.7542
    0.3631    0.9298   -0.0607
    0.5822   -0.1755    0.7939
    0.7274   -0.3236   -0.6051
...    74 G-C ...
  -62.0875 -147.9624  -21.5644
    0.4677    0.7443    0.4768
    0.3296   -0.6474    0.6872
    0.8201   -0.1643   -0.5481
...    75 C-G ...
  -59.4380 -147.9334  -23.4918
    0.4995    0.3038    0.8113
    0.0655   -0.9471    0.3143
    0.8638   -0.1038   -0.4930
...    76 T-A ...
  -56.4887 -147.8325  -24.9415
    0.3829   -0.2154    0.8983
   -0.1393   -0.9748   -0.1744
    0.9132   -0.0584   -0.4033
...    77 T-A ...
  -53.4537 -147.7539  -26.0702
    0.2368   -0.7249    0.6468
   -0.3019   -0.6877   -0.6602
    0.9235   -0.0389   -0.3817
...    78 T-A ...
  -50.3438 -147.6873  -27.0227
    0.0566   -0.9885    0.1404
   -0.3675   -0.1514   -0.9176
    0.9283    0.0003   -0.3719
...    79 A-T ...
  -47.4237 -147.4935  -28.7242
   -0.1180   -0.8518   -0.5103
   -0.3272    0.5186   -0.7900
    0.9376    0.0738   -0.3399
...    80 A-T ...
  -44.2667 -147.4480  -29.5590
   -0.2274   -0.3885   -0.8929
   -0.2242    0.9132   -0.3403
    0.9476    0.1228   -0.2948
...    81 C-G ...
  -41.0638 -147.6299  -30.4578
   -0.3167    0.1458   -0.9372
   -0.0883    0.9793    0.1822
    0.9444    0.1405   -0.2973
...    82 A-T ...
  -37.9259 -146.9532  -31.2894
   -0.4018    0.6563   -0.6386
    0.0943    0.7233    0.6840
    0.9108    0.2146   -0.3526
...    83 C-G ...
  -35.1217 -146.5396  -32.9353
   -0.3457    0.9202   -0.1839
    0.2763    0.2871    0.9172
    0.8967    0.2663   -0.3535
...    84 T-A ...
  -32.3641 -145.5069  -34.3922
   -0.2561    0.9055    0.3382
    0.4208   -0.2106    0.8824
    0.8702    0.3684   -0.3272
...    85 T-A ...
  -29.6998 -144.1386  -35.5690
   -0.0499    0.6221    0.7813
    0.5050   -0.6592    0.5571
    0.8617    0.4224   -0.2813
...    86 T-A ...
  -27.0625 -142.5221  -36.4646
    0.1797    0.1418    0.9735
    0.4752   -0.8790    0.0403
    0.8614    0.4553   -0.2253
...    87 A-T ...
  -24.2875 -140.7197  -36.8034
    0.2813   -0.4100    0.8676
    0.3714   -0.7871   -0.4924
    0.8848    0.4608   -0.0692
...    88 T-A ...
  -21.6493 -138.7805  -36.5057
    0.4272   -0.7489    0.5067
    0.1996   -0.4685   -0.8606
    0.8819    0.4688   -0.0506
...    89 G-C ...
  -18.6039 -137.5058  -36.7666
    0.4128   -0.9078   -0.0743
   -0.0316    0.0673   -0.9972
    0.9103    0.4140   -0.0009
...    90 C-G ...
  -15.5046 -136.3490  -36.4071
    0.3191   -0.7257   -0.6095
   -0.2347    0.5626   -0.7927
    0.9182    0.3960    0.0092
...    91 T-A ...
  -12.3506 -135.3220  -36.2242
    0.1327   -0.3216   -0.9375
   -0.3633    0.8643   -0.3479
    0.9222    0.3868   -0.0021
...    92 T-A ...
   -9.2450 -134.3402  -36.0868
   -0.0633    0.2508   -0.9660
   -0.4003    0.8803    0.2547
    0.9142    0.4028    0.0447
...    93 C-G ...
   -6.2052 -133.1115  -35.9173
   -0.3163    0.7051   -0.6347
   -0.3093    0.5558    0.7716
    0.8968    0.4404    0.0423
...    94 C-G ...
   -3.1165 -131.7624  -36.0604
   -0.5309    0.8365   -0.1357
   -0.1068    0.0928    0.9899
    0.8407    0.5400    0.0401
...    95 G-C ...
   -0.3976 -129.8915  -35.6256
   -0.6440    0.6535    0.3977
    0.1998   -0.3581    0.9121
    0.7384    0.6669    0.1001
...    96 T-A ...
    1.6501 -127.3555  -35.7170
   -0.5074    0.3365    0.7933
    0.5053   -0.6295    0.5903
    0.6980    0.7004    0.1494
...    97 C-G ...
    3.7272 -124.9476  -35.0808
   -0.1831   -0.1276    0.9748
    0.7302   -0.6816    0.0480
    0.6583    0.7205    0.2179
...    98 A-T ...
    5.8481 -122.5740  -34.0866
    0.1607   -0.5637    0.8102
    0.7608   -0.4522   -0.4655
    0.6288    0.6912    0.3562
...    99 T-A ...
    7.3721 -120.1533  -32.4592
    0.5196   -0.7145    0.4685
    0.5891   -0.0975   -0.8021
    0.6188    0.6928    0.3703
...   100 G-C ...
    9.6512 -118.0285  -31.3302
    0.7242   -0.6826   -0.0982
    0.2176    0.3613   -0.9067
    0.6544    0.6353    0.4102
...   101 T-A ...
   11.7719 -116.2794  -29.4349
    0.7320   -0.3900   -0.5587
   -0.1907    0.6699   -0.7175
    0.6541    0.6318    0.4160
...   102 T-A ...
   13.9448 -114.4570  -27.8225
    0.5193    0.1000   -0.8487
   -0.5899    0.7605   -0.2713
    0.6183    0.6416    0.4540
...   103 A-T ...
   15.6375 -112.0442  -26.2007
    0.0492    0.5669   -0.8223
   -0.8037    0.5112    0.3044
    0.5929    0.6460    0.4808
...   104 T-A ...
   18.0747 -110.1945  -24.9801
   -0.3642    0.7459   -0.5577
   -0.7278    0.1457    0.6702
    0.5811    0.6500    0.4898
...   105 A-T ...
   19.9456 -107.9440  -23.4071
   -0.7691    0.6253   -0.1325
   -0.3925   -0.2984    0.8700
    0.5044    0.7211    0.4750
...   106 A-T ...
   21.5344 -105.4678  -22.0763
   -0.8797    0.3244    0.3477
    0.0979   -0.5921    0.7999
    0.4654    0.7377    0.4891
...   107 C-G ...
   22.7220 -102.6577  -20.8939
   -0.7353   -0.0670    0.6744
    0.5393   -0.6605    0.5224
    0.4104    0.7479    0.5218
...   108 G-C ...
   23.9938 -100.3821  -18.8128
   -0.3866   -0.5211    0.7609
    0.8733   -0.4720    0.1205
    0.2963    0.7111    0.6376
...   109 G-C ...
   24.4830  -98.0787  -16.3844
    0.1086   -0.7571    0.6442
    0.9621   -0.0829   -0.2597
    0.2500    0.6480    0.7194
...   110 A-T ...
   25.1928  -96.0844  -13.8783
    0.6443   -0.6787    0.3524
    0.7257    0.3973   -0.5617
    0.2412    0.6177    0.7485
...   111 G-C ...
   25.8218  -94.2744  -11.1651
    0.9213   -0.3881   -0.0247
    0.2831    0.7128   -0.6417
    0.2666    0.5842    0.7666
...   112 C-G ...
   26.7582  -92.6918   -8.3915
    0.9197    0.0572   -0.3884
   -0.2663    0.8178   -0.5102
    0.2884    0.5727    0.7673
...   113 T-A ...
   27.9394  -91.0326   -5.7670
    0.6280    0.4682   -0.6216
   -0.7126    0.6670   -0.2175
    0.3128    0.5796    0.7525
...   114 C-G ...
   29.0403  -89.1870   -3.2772
    0.0787    0.7638   -0.6407
   -0.9496    0.2530    0.1850
    0.3035    0.5938    0.7452
...   115 G-C ...
   29.6215  -87.1976   -0.6518
   -0.4933    0.7054   -0.5090
   -0.8352   -0.2206    0.5037
    0.2431    0.6736    0.6980
...   116 T-A ...
   30.7803  -84.7300    1.2109
   -0.8634    0.4604   -0.2063
   -0.4625   -0.5592    0.6880
    0.2014    0.6895    0.6957
...   117 A-T ...
   31.2867  -82.2787    3.4010
   -0.9928   -0.0136    0.1187
    0.0938   -0.7043    0.7037
    0.0740    0.7098    0.7005
...   118 T-A ...
   31.2357  -79.5584    5.2189
   -0.8185   -0.3811    0.4300
    0.5727   -0.6016    0.5569
    0.0464    0.7021    0.7106
...   119 A-T ...
   30.9829  -77.2368    7.5962
   -0.3783   -0.7383    0.5584
    0.9243   -0.2678    0.2720
   -0.0513    0.6190    0.7837
...   120 A-T ...
   30.5127  -75.2897   10.1395
    0.2016   -0.7754    0.5984
    0.9772    0.2007   -0.0691
   -0.0665    0.5987    0.7982
...   121 T-A ...
   29.6732  -73.6530   12.8660
    0.6641   -0.5743    0.4788
    0.7442    0.5691   -0.3496
   -0.0717    0.5885    0.8053
...   122 G-C ...
   29.7253  -71.7027   15.5545
    0.9721   -0.1956    0.1292
    0.2344    0.8200   -0.5222
   -0.0038    0.5379    0.8430
...   123 T-A ...
   29.7464  -70.4878   18.6497
    0.9512    0.2558   -0.1728
   -0.3085    0.8064   -0.5045
    0.0102    0.5332    0.8459
...   124 G-C ...
   29.7614  -68.4673   21.2803
    0.5973    0.6392   -0.4844
   -0.7993    0.5240   -0.2942
    0.0657    0.5629    0.8239
...   125 T-A ...
   30.5525  -66.8283   24.0681
    0.0892    0.8114   -0.5777
   -0.9941    0.1084   -0.0013
    0.0615    0.5744    0.8163
...   126 C-G ...
   30.8494  -64.9213   26.7227
   -0.5134    0.7059   -0.4880
   -0.8570   -0.3931    0.3331
    0.0434    0.5892    0.8068
...   127 G-C ...
   30.6699  -63.1546   29.5505
   -0.8996    0.2998   -0.3176
   -0.4321   -0.7159    0.5483
   -0.0630    0.6305    0.7736
...   128 A-T ...
   30.4766  -61.0195   32.0102
   -0.9795   -0.2007    0.0156
    0.1654   -0.7585    0.6303
   -0.1147    0.6199    0.7762
...   129 C-G ...
   29.7671  -58.6143   34.1375
   -0.7503   -0.5907    0.2970
    0.6418   -0.5429    0.5417
   -0.1587    0.5970    0.7864
...   130 C-G ...
   28.7903  -56.5976   36.6617
   -0.2784   -0.8494    0.4484
    0.9352   -0.1333    0.3282
   -0.2190    0.5107    0.8314
...   131 A-T ...
   28.0328  -55.0498   39.5193
    0.3067   -0.8409    0.4459
    0.9234    0.3765    0.0747
   -0.2307    0.3888    0.8920
...   132 A-T ...
   27.0797  -54.0169   42.4386
    0.7736   -0.4913    0.4003
    0.5900    0.7889   -0.1720
   -0.2313    0.3692    0.9001
...   133 A-T ...
   26.2533  -53.1127   45.4440
    0.9704    0.0409    0.2379
    0.0481    0.9331   -0.3565
   -0.2366    0.3574    0.9035
...   134 T-A ...
   25.6208  -52.5914   48.6401
    0.8597    0.5097    0.0340
   -0.4497    0.7866   -0.4231
   -0.2424    0.3485    0.9054
...   135 G-C ...
   25.2757  -52.5096   52.0792
    0.3204    0.9427   -0.0928
   -0.8825    0.2614   -0.3910
   -0.3443    0.2071    0.9157
...   136 T-A ...
   25.5257  -52.9787   55.8050
   -0.2439    0.9563   -0.1610
   -0.8908   -0.2866   -0.3525
   -0.3833    0.0575    0.9218
...   137 G-C ...
   24.8932  -52.7378   58.9866
   -0.7529    0.5562   -0.3519
   -0.5215   -0.8303   -0.1966
   -0.4015    0.0355    0.9152
...   138 A-T ...
   24.0142  -51.6374   61.9243
   -0.9563    0.0401   -0.2896
   -0.0524   -0.9980    0.0347
   -0.2876    0.0484    0.9565
...   139 G-C ...
   22.3466  -51.2412   64.4941
   -0.8529   -0.5118   -0.1033
    0.4974   -0.8566    0.1373
   -0.1587    0.0657    0.9851
...   140 C-G ...
   22.1502  -50.1499   67.4639
   -0.4681   -0.8748    0.1248
    0.8495   -0.4066    0.3362
   -0.2434    0.2634    0.9335
...   141 G-C ...
   21.4256  -51.8267   72.7877
    0.1303   -0.7143   -0.6876
    0.8897   -0.2218    0.3990
   -0.4375   -0.6638    0.6066
...   142 C-G ...
   20.4245  -54.3095   74.5419
    0.5846   -0.7390   -0.3348
    0.7594    0.3532    0.5465
   -0.2856   -0.5737    0.7676
...   143 T-A ...
   18.4270  -55.5291   76.5300
    0.8548   -0.5005    0.1370
    0.3188    0.7148    0.6224
   -0.4095   -0.4884    0.7706
...   144 C-G ...
   16.8371  -57.7223   78.2675
    0.8529   -0.0846    0.5151
   -0.1508    0.9048    0.3983
   -0.4998   -0.4174    0.7589
...   145 A-T ...
   15.7828  -59.5616   80.7982
    0.5516    0.4995    0.6680
   -0.6739    0.7388    0.0039
   -0.4916   -0.4523    0.7441
...   146 C-G ...
   15.7314  -61.4941   83.9317
    0.0344    0.7399    0.6718
   -0.8637    0.3602   -0.3526
   -0.5029   -0.5681    0.6514
...   147 A-T ...
   14.7383  -63.4280   86.8193
   -0.5924    0.6746    0.4405
   -0.6886   -0.1401   -0.7114
   -0.4182   -0.7248    0.5475
