  147 base-pairs
...     1 T-A ...
    0.0000    0.0000    0.0000
    1.0000    0.0000    0.0000
    0.0000    1.0000    0.0000
    0.0000    0.0000    1.0000
...     2 G-C ...
   -0.5555   -1.1003    3.3981
    0.7749    0.6051    0.1828
   -0.5991    0.7953   -0.0929
   -0.2016   -0.0375    0.9787
...     3 T-A ...
   -0.6619   -3.0237    6.5348
    0.3046    0.9250    0.2271
   -0.8994    0.3578   -0.2510
   -0.3134   -0.1278    0.9410
...     4 G-C ...
   -1.1607   -3.8418    9.6940
   -0.3351    0.9421    0.0133
   -0.8752   -0.3061   -0.3746
   -0.3489   -0.1372    0.9271
...     5 A-T ...
   -1.3881   -3.6770   12.8999
   -0.7835    0.6162   -0.0801
   -0.5677   -0.7622   -0.3109
   -0.2527   -0.1981    0.9470
...     6 G-C ...
   -2.6236   -3.5448   15.7072
   -0.9923    0.0611   -0.1075
   -0.0294   -0.9610   -0.2748
   -0.1201   -0.2695    0.9555
...     7 C-G ...
   -2.3138   -3.7570   18.8866
   -0.8620   -0.4995   -0.0864
    0.5008   -0.8655    0.0073
   -0.0785   -0.0370    0.9962
...     8 G-C ...
   -3.9561   -6.8109   23.3205
   -0.2581   -0.3560   -0.8981
    0.6294   -0.7673    0.1233
   -0.7330   -0.5335    0.4221
...     9 C-G ...
   -6.1177   -8.9414   24.2385
    0.1143   -0.7320   -0.6716
    0.8123   -0.3203    0.4874
   -0.5720   -0.6013    0.5580
...    10 T-A ...
   -8.5041   -9.6771   26.0540
    0.4660   -0.8587   -0.2131
    0.6274    0.1508    0.7640
   -0.6239   -0.4897    0.6090
...    11 C-G ...
  -11.0625  -11.3174   27.2336
    0.6660   -0.6911    0.2808
    0.3382    0.6152    0.7121
   -0.6649   -0.3794    0.6435
...    12 A-T ...
  -13.0013  -13.1789   29.0658
    0.7188   -0.1490    0.6790
   -0.1787    0.9043    0.3876
   -0.6718   -0.4000    0.6235
...    13 C-G ...
  -14.1788  -15.9359   31.3399
    0.4052    0.2865    0.8682
   -0.5270    0.8492   -0.0343
   -0.7470   -0.4437    0.4951
...    14 A-T ...
  -15.9532  -18.1566   33.3080
   -0.1503    0.6873    0.7107
   -0.6106    0.5008   -0.6135
   -0.7776   -0.5261    0.3444
...    15 A-T ...
  -18.3133  -19.9421   34.6452
   -0.4741    0.8457    0.2451
   -0.4088    0.0352   -0.9119
   -0.7798   -0.5326    0.3290
...    16 T-A ...
  -20.6490  -21.5169   36.3403
   -0.6076    0.7556   -0.2447
   -0.1128   -0.3871   -0.9151
   -0.7862   -0.5284    0.3204
...    17 T-A ...
  -23.2096  -23.0596   37.5832
   -0.5495    0.4268   -0.7182
    0.2468   -0.7383   -0.6277
   -0.7982   -0.5222    0.3004
...    18 T-A ...
  -25.9030  -24.5128   38.6295
   -0.2963   -0.0336   -0.9545
    0.5067   -0.8527   -0.1273
   -0.8096   -0.5213    0.2697
...    19 A-T ...
  -28.7912  -26.0530   39.2381
    0.1340   -0.4115   -0.9015
    0.5524   -0.7242    0.4127
   -0.8227   -0.5533    0.1302
...    20 T-A ...
  -31.7654  -27.4311   39.1888
    0.4062   -0.7040   -0.5826
    0.4053   -0.4326    0.8054
   -0.8190   -0.5632    0.1097
...    21 T-A ...
  -34.4856  -29.1896   39.2483
    0.5727   -0.8189   -0.0389
    0.1001    0.0228    0.9947
   -0.8137   -0.5735    0.0950
...    22 C-G ...
  -37.0432  -31.2118   39.4406
    0.5495   -0.6382    0.5393
   -0.2707    0.4747    0.8375
   -0.7905   -0.6061    0.0881
...    23 G-C ...
  -39.6912  -33.1129   40.1304
    0.3766   -0.2144    0.9012
   -0.5669    0.7161    0.4073
   -0.7326   -0.6643    0.1482
...    24 C-G ...
  -41.8028  -35.6156   40.6318
    0.0305    0.2281    0.9732
   -0.6920    0.7074   -0.1441
   -0.7213   -0.6690    0.1794
...    25 A-T ...
  -44.3541  -37.6573   41.1808
   -0.3168    0.6362    0.7034
   -0.6022    0.4381   -0.6674
   -0.7328   -0.6350    0.2443
...    26 A-T ...
  -46.5779  -39.7917   42.2165
   -0.6163    0.7602    0.2054
   -0.3060    0.0092   -0.9520
   -0.7256   -0.6496    0.2269
...    27 A-T ...
  -48.8970  -41.8292   43.2248
   -0.6854    0.6297   -0.3657
    0.1049   -0.4116   -0.9053
   -0.7206   -0.6588    0.2160
...    28 G-C ...
  -51.4134  -43.7662   44.1329
   -0.4770    0.3764   -0.7942
    0.4475   -0.6738   -0.5881
   -0.7565   -0.6359    0.1530
...    29 G-C ...
  -54.2002  -45.5896   44.6741
   -0.0879    0.0312   -0.9956
    0.6209   -0.7798   -0.0793
   -0.7789   -0.6252    0.0491
...    30 C-G ...
  -57.0311  -47.2712   44.6510
    0.3074   -0.3440   -0.8872
    0.5624   -0.6864    0.4610
   -0.7676   -0.6407   -0.0175
...    31 C-G ...
  -59.7058  -49.2661   44.1564
    0.6372   -0.5802   -0.5073
    0.2923   -0.4271    0.8557
   -0.7131   -0.6935   -0.1026
...    32 G-C ...
  -61.8260  -51.8271   43.9567
    0.7811   -0.6224    0.0507
   -0.1383   -0.0933    0.9860
   -0.6089   -0.7771   -0.1589
...    33 G-C ...
  -63.5358  -54.6090   43.1126
    0.6364   -0.5085    0.5801
   -0.5605    0.2119    0.8006
   -0.5300   -0.8346   -0.1502
...    34 C-G ...
  -64.8731  -57.5625   42.4486
    0.2494   -0.2836    0.9260
   -0.8314    0.4276    0.3549
   -0.4966   -0.8583   -0.1291
...    35 C-G ...
  -66.2495  -60.6289   42.2028
   -0.2143    0.0441    0.9758
   -0.8512    0.4815   -0.2087
   -0.4791   -0.8753   -0.0657
...    36 C-G ...
  -67.6984  -63.6728   42.2715
   -0.6176    0.3466    0.7060
   -0.6079    0.3592   -0.7081
   -0.4990   -0.8665   -0.0112
...    37 G-C ...
  -69.5999  -66.3898   41.8806
   -0.8120    0.5533    0.1860
   -0.1613    0.0936   -0.9825
   -0.5610   -0.8277    0.0132
...    38 A-T ...
  -71.3979  -69.1269   42.0284
   -0.7391    0.5227   -0.4248
    0.3520   -0.2380   -0.9052
   -0.5743   -0.8186   -0.0081
...    39 C-G ...
  -73.6230  -71.5398   42.4438
   -0.4318    0.3508   -0.8310
    0.6867   -0.4695   -0.5550
   -0.5848   -0.8103   -0.0382
...    40 A-T ...
  -75.5333  -74.2617   42.2287
    0.0932    0.1349   -0.9865
    0.8014   -0.5981   -0.0060
   -0.5908   -0.7900   -0.1639
...    41 C-G ...
  -77.8965  -76.4113   41.4807
    0.5200   -0.1438   -0.8420
    0.6375   -0.5907    0.4946
   -0.5685   -0.7940   -0.2155
...    42 G-C ...
  -79.5101  -79.2308   40.7470
    0.8609   -0.3059   -0.4065
    0.2403   -0.4597    0.8549
   -0.4484   -0.8337   -0.3223
...    43 A-T ...
  -80.8520  -81.9407   39.5407
    0.8696   -0.4622    0.1738
   -0.3065   -0.2294    0.9238
   -0.3871   -0.8566   -0.3412
...    44 C-G ...
  -81.6823  -84.6720   37.8997
    0.6041   -0.4814    0.6350
   -0.7202    0.0112    0.6937
   -0.3411   -0.8764   -0.3399
...    45 T-A ...
  -82.3956  -87.6687   36.7117
    0.1576   -0.3598    0.9196
   -0.9453    0.2144    0.2459
   -0.2857   -0.9080   -0.3064
...    46 T-A ...
  -82.9956  -90.6976   35.6882
   -0.4186   -0.2028    0.8853
   -0.8683    0.3752   -0.3246
   -0.2663   -0.9045   -0.3331
...    47 A-T ...
  -84.1649  -93.5224   34.2704
   -0.8835    0.0362    0.4671
   -0.4089    0.4269   -0.8066
   -0.2286   -0.9036   -0.3624
...    48 C-G ...
  -84.8492  -96.7287   33.6561
   -0.9661    0.2571   -0.0224
    0.1141    0.3478   -0.9306
   -0.2315   -0.9016   -0.3654
...    49 T-A ...
  -85.8281  -99.7522   32.7046
   -0.7530    0.4396   -0.4896
    0.6044    0.1680   -0.7788
   -0.2601   -0.8823   -0.3922
...    50 G-C ...
  -86.6781 -102.6018   31.2276
   -0.2631    0.5519   -0.7913
    0.9210   -0.1005   -0.3763
   -0.2872   -0.8278   -0.4819
...    51 T-A ...
  -88.2043 -105.1047   29.7251
    0.2557    0.4670   -0.8465
    0.9299   -0.3582    0.0833
   -0.2643   -0.8085   -0.5259
...    52 C-G ...
  -89.1277 -107.6508   27.9256
    0.7546    0.2427   -0.6096
    0.6208   -0.5648    0.5436
   -0.2124   -0.7887   -0.5769
...    53 A-T ...
  -89.7184 -110.2077   25.8556
    0.9909    0.0293   -0.1315
    0.1192   -0.6461    0.7539
   -0.0629   -0.7627   -0.6437
...    54 T-A ...
  -89.7746 -112.2085   23.2786
    0.9243   -0.2636    0.2759
   -0.3808   -0.5916    0.7106
   -0.0241   -0.7620   -0.6472
...    55 G-C ...
  -89.5760 -114.8932   21.3238
    0.5606   -0.4514    0.6943
   -0.8224   -0.4018    0.4028
    0.0972   -0.7967   -0.5965
...    56 T-A ...
  -88.6170 -117.3328   19.3219
    0.0545   -0.5758    0.8158
   -0.9904   -0.1353   -0.0293
    0.1273   -0.8063   -0.5776
...    57 T-A ...
  -87.8544 -119.9256   17.5095
   -0.5137   -0.5817    0.6306
   -0.8438    0.2096   -0.4940
    0.1552   -0.7859   -0.5985
...    58 A-T ...
  -87.5927 -122.3170   15.1422
   -0.9203   -0.3674    0.1342
   -0.3290    0.5415   -0.7736
    0.2115   -0.7561   -0.6193
...    59 T-A ...
  -86.8127 -125.1904   13.6802
   -0.9530   -0.0627   -0.2963
    0.1819    0.6640   -0.7253
    0.2422   -0.7451   -0.6214
...    60 A-T ...
  -85.7865 -127.4641   11.4543
   -0.6432    0.3530   -0.6795
    0.7176    0.5875   -0.3741
    0.2671   -0.7282   -0.6312
...    61 A-T ...
  -85.1478 -129.9416    9.4620
   -0.1341    0.6278   -0.7668
    0.9478    0.3072    0.0858
    0.2895   -0.7152   -0.6361
...    62 C-G ...
  -84.7912 -132.2943    7.2111
    0.3482    0.7378   -0.5783
    0.8829   -0.0507    0.4668
    0.3151   -0.6731   -0.6690
...    63 G-C ...
  -83.4773 -134.4591    5.0525
    0.6898    0.7144   -0.1181
    0.5766   -0.4434    0.6862
    0.4379   -0.5414   -0.7177
...    64 G-C ...
  -81.9738 -135.8134    2.3665
    0.8217    0.4510    0.3484
    0.1615   -0.7706    0.6165
    0.5465   -0.4504   -0.7060
...    65 A-T ...
  -80.0221 -137.0820    0.1000
    0.7291   -0.0341    0.6836
   -0.3051   -0.9102    0.2800
    0.6127   -0.4127   -0.6740
...    66 T-A ...
  -77.6964 -137.7899   -2.0961
    0.4735   -0.4740    0.7424
   -0.6113   -0.7836   -0.1105
    0.6341   -0.4015   -0.6608
...    67 A-T ...
  -75.6380 -139.2831   -4.2448
    0.0098   -0.8405    0.5417
   -0.7444   -0.3679   -0.5573
    0.6677   -0.3978   -0.6293
...    68 G-C ...
  -73.1745 -140.5694   -6.0557
   -0.3951   -0.9011    0.1786
   -0.6189    0.1173   -0.7767
    0.6789   -0.4174   -0.6040
...    69 G-C ...
  -70.7910 -142.1513   -7.8450
   -0.6917   -0.6754   -0.2557
   -0.2896    0.5838   -0.7585
    0.6616   -0.4506   -0.5994
...    70 T-A ...
  -68.5276 -144.0731   -9.3938
   -0.7378   -0.2702   -0.6186
    0.1062    0.8585   -0.5017
    0.6666   -0.4358   -0.6047
...    71 A-T ...
  -66.1009 -145.1667  -11.4302
   -0.5064    0.3125   -0.8037
    0.5121    0.8588    0.0113
    0.6938   -0.4059   -0.5950
...    72 T-A ...
  -64.2762 -146.9663  -13.4913
   -0.1899    0.7047   -0.6836
    0.6835    0.5947    0.4232
    0.7048   -0.3869   -0.5946
...    73 C-G ...
  -62.0375 -148.2667  -15.4734
    0.1801    0.9449   -0.2735
    0.6610    0.0896    0.7450
    0.7285   -0.3149   -0.6084
...    74 T-A ...
  -59.8057 -149.0592  -17.7489
    0.3994    0.8924    0.2099
    0.4953   -0.4028    0.7697
    0.7714   -0.2035   -0.6029
...    75 C-G ...
  -57.2639 -149.4827  -19.7053
    0.5371    0.5283    0.6576
    0.2140   -0.8394    0.4996
    0.8159   -0.1276   -0.5639
...    76 G-C ...
  -54.2853 -149.8793  -21.1491
    0.4331    0.0162    0.9012
   -0.0192   -0.9994    0.0272
    0.9011   -0.0291   -0.4326
...    77 A-T ...
  -51.2262 -149.8487  -22.3097
    0.3081   -0.5638    0.7663
   -0.2167   -0.8259   -0.5206
    0.9264   -0.0057   -0.3766
...    78 G-C ...
  -48.0421 -149.6662  -23.2201
    0.1177   -0.9133    0.3899
   -0.3006   -0.4070   -0.8626
    0.9465   -0.0157   -0.3225
...    79 C-G ...
  -44.7731 -149.8012  -23.8581
   -0.0724   -0.9861   -0.1495
   -0.2869    0.1642   -0.9438
    0.9552   -0.0255   -0.2948
...    80 T-A ...
  -41.5321 -150.0913  -24.5592
   -0.2180   -0.7432   -0.6325
   -0.1921    0.6681   -0.7188
    0.9568   -0.0352   -0.2885
...    81 C-G ...
  -38.3453 -150.2586  -25.4017
   -0.2820   -0.1947   -0.9394
   -0.0447    0.9808   -0.1899
    0.9584   -0.0116   -0.2853
...    82 G-C ...
  -35.1215 -149.7882  -26.1636
   -0.3496    0.3870   -0.8532
    0.0828    0.9199    0.3833
    0.9332    0.0633   -0.3537
...    83 G-C ...
  -31.9989 -149.8332  -27.4329
   -0.3481    0.8066   -0.4777
    0.2344    0.5683    0.7887
    0.9077    0.1626   -0.3869
...    84 G-C ...
  -29.0764 -149.3676  -29.0292
   -0.2902    0.9554    0.0547
    0.3787    0.0621    0.9234
    0.8789    0.2887   -0.3798
...    85 A-T ...
  -26.2987 -148.3316  -30.3236
   -0.1089    0.7965    0.5948
    0.4885   -0.4782    0.7298
    0.8657    0.3701   -0.3370
...    86 T-A ...
  -23.8871 -146.6440  -31.7068
    0.0990    0.4456    0.8897
    0.4954   -0.7975    0.3443
    0.8630    0.4067   -0.2997
...    87 C-G ...
  -21.1199 -145.1182  -32.4308
    0.3042   -0.1086    0.9464
    0.3981   -0.8881   -0.2299
    0.8654    0.4467   -0.2269
...    88 C-G ...
  -18.2210 -143.4038  -32.6228
    0.3972   -0.5998    0.6946
    0.2415   -0.6619   -0.7096
    0.8854    0.4495   -0.1181
...    89 G-C ...
  -15.0827 -142.3492  -33.0635
    0.4040   -0.8955    0.1869
    0.0593   -0.1782   -0.9822
    0.9129    0.4079   -0.0189
...    90 C-G ...
  -11.9968 -141.1447  -32.7073
    0.3631   -0.8484   -0.3853
   -0.1489    0.3553   -0.9228
    0.9198    0.3924    0.0027
...    91 T-A ...
   -8.8532 -140.0846  -32.4650
    0.2196   -0.5292   -0.8196
   -0.3110    0.7583   -0.5730
    0.9247    0.3807    0.0020
...    92 T-A ...
   -5.7557 -139.0823  -32.2271
    0.0455    0.0306   -0.9985
   -0.4088    0.9126    0.0093
    0.9115    0.4077    0.0540
...    93 T-A ...
   -2.6878 -138.0161  -32.0330
   -0.1816    0.5567   -0.8106
   -0.3900    0.7159    0.5791
    0.9027    0.4213    0.0871
...    94 A-T ...
    0.2694 -136.5266  -31.6962
   -0.4523    0.8278   -0.3319
   -0.2228    0.2555    0.9408
    0.8636    0.4995    0.0688
...    95 A-T ...
    3.0296 -134.8541  -31.6931
   -0.5431    0.8045    0.2403
    0.0618   -0.2472    0.9670
    0.8374    0.5400    0.0845
...    96 C-G ...
    5.5216 -132.7634  -31.9276
   -0.4950    0.5268    0.6910
    0.3427   -0.6124    0.7124
    0.7985    0.5894    0.1226
...    97 A-T ...
    8.0382 -130.6282  -31.3469
   -0.3533    0.0165    0.9354
    0.6035   -0.7599    0.2413
    0.7148    0.6498    0.2586
...    98 C-G ...
    9.8353 -128.0511  -30.3841
   -0.0295   -0.4087    0.9122
    0.7272   -0.6349   -0.2609
    0.6858    0.6557    0.3159
...    99 T-A ...
   11.7995 -125.7905  -28.9825
    0.3147   -0.7187    0.6201
    0.6785   -0.2865   -0.6764
    0.6638    0.6336    0.3974
...   100 T-A ...
   13.7348 -123.6911  -27.4220
    0.6676   -0.7326    0.1327
    0.3851    0.1871   -0.9037
    0.6373    0.6544    0.4070
...   101 T-A ...
   15.6663 -121.6457  -25.7696
    0.8003   -0.4526   -0.3932
   -0.0744    0.5757   -0.8143
    0.5949    0.6809    0.4271
...   102 A-T ...
   17.3253 -118.9111  -24.6147
    0.6015    0.0816   -0.7947
   -0.5944    0.7103   -0.3770
    0.5337    0.6991    0.4758
...   103 T-A ...
   19.5294 -117.1080  -22.9219
    0.2233    0.4490   -0.8652
   -0.8277    0.5562    0.0750
    0.5149    0.6993    0.4958
...   104 G-C ...
   21.0112 -114.6331  -21.2739
   -0.3322    0.6178   -0.7127
   -0.8120    0.1970    0.5494
    0.4798    0.7612    0.4362
...   105 C-G ...
   22.8785 -112.1619  -20.1306
   -0.7459    0.5772   -0.3324
   -0.5113   -0.1765    0.8411
    0.4268    0.7973    0.4268
...   106 T-A ...
   24.2163 -109.3511  -19.0441
   -0.9392    0.3271    0.1047
   -0.0528   -0.4388    0.8970
    0.3394    0.8369    0.4293
...   107 T-A ...
   25.1880 -106.5200  -17.8386
   -0.8305   -0.0118    0.5569
    0.4747   -0.5383    0.6963
    0.2916    0.8426    0.4527
...   108 C-G ...
   25.8969 -103.7432  -16.3030
   -0.4304   -0.3723    0.8223
    0.8717   -0.4077    0.2717
    0.2341    0.8338    0.5000
...   109 C-G ...
   26.1903 -100.9878  -14.3739
    0.0765   -0.6117    0.7874
    0.9794   -0.1018   -0.1742
    0.1867    0.7845    0.5914
...   110 G-C ...
   27.1486  -98.6067  -12.2308
    0.5846   -0.6420    0.4961
    0.7903    0.3122   -0.5273
    0.1836    0.7003    0.6898
...   111 G-C ...
   27.7027  -96.5723   -9.5837
    0.9084   -0.4090    0.0870
    0.3547    0.6436   -0.6782
    0.2215    0.6469    0.7297
...   112 C-G ...
   28.4731  -94.7666   -6.8934
    0.9490    0.0025   -0.3153
   -0.2013    0.7746   -0.5996
    0.2427    0.6325    0.7356
...   113 T-A ...
   29.4883  -92.9066   -4.3311
    0.6869    0.4016   -0.6057
   -0.6755    0.6604   -0.3281
    0.2683    0.6345    0.7249
...   114 C-G ...
   30.4396  -90.8776   -1.9183
    0.1461    0.7097   -0.6892
   -0.9546    0.2839    0.0900
    0.2596    0.6447    0.7190
...   115 G-C ...
   30.8475  -88.7063    0.6006
   -0.4390    0.6765   -0.5913
   -0.8745   -0.1706    0.4540
    0.2063    0.7164    0.6665
...   116 T-A ...
   31.9242  -86.1348    2.3807
   -0.8370    0.4601   -0.2962
   -0.5211   -0.5051    0.6879
    0.1670    0.7301    0.6626
...   117 A-T ...
   32.3341  -83.5958    4.4925
   -0.9979    0.0110    0.0632
    0.0400   -0.6632    0.7473
    0.0501    0.7483    0.6614
...   118 T-A ...
   32.2407  -80.7739    6.1484
   -0.8477   -0.3417    0.4058
    0.5300   -0.5784    0.6201
    0.0229    0.7407    0.6714
...   119 A-T ...
   31.9127  -78.3165    8.3794
   -0.4198   -0.7015    0.5759
    0.9041   -0.2674    0.3334
   -0.0799    0.6607    0.7464
...   120 A-T ...
   31.3568  -76.2338   10.7936
    0.1577   -0.7481    0.6445
    0.9828    0.1823   -0.0289
   -0.0958    0.6380    0.7640
...   121 T-A ...
   30.4147  -74.4571   13.3938
    0.6299   -0.5618    0.5363
    0.7702    0.5410   -0.3379
   -0.1003    0.6259    0.7735
...   122 G-C ...
   30.3757  -72.3938   16.0021
    0.9617   -0.2049    0.1823
    0.2722    0.7936   -0.5442
   -0.0331    0.5730    0.8189
...   123 T-A ...
   30.2815  -71.0525   19.0436
    0.9618    0.2352   -0.1404
   -0.2733    0.7899   -0.5490
   -0.0182    0.5663    0.8240
...   124 G-C ...
   30.2092  -68.9174   21.5853
    0.6244    0.6154   -0.4811
   -0.7802    0.5219   -0.3450
    0.0387    0.5907    0.8060
...   125 T-A ...
   30.9057  -67.1889   24.3496
    0.1192    0.7921   -0.5986
   -0.9922    0.1167   -0.0432
    0.0356    0.5991    0.7998
...   126 C-G ...
   31.1167  -65.2027   26.9596
   -0.4915    0.6960   -0.5235
   -0.8706   -0.3790    0.3136
    0.0199    0.6099    0.7922
...   127 G-C ...
   30.8503  -63.3823   29.7531
   -0.8892    0.2971   -0.3478
   -0.4503   -0.7029    0.5506
   -0.0809    0.6462    0.7588
...   128 A-T ...
   30.6136  -61.2015   32.1740
   -0.9803   -0.1974   -0.0023
    0.1491   -0.7479    0.6469
   -0.1294    0.6338    0.7626
...   129 C-G ...
   29.8716  -58.7564   34.2484
   -0.7568   -0.5845    0.2927
    0.6307   -0.5353    0.5618
   -0.1717    0.6098    0.7737
...   130 C-G ...
   28.8678  -56.6851   36.7202
   -0.2859   -0.8432    0.4554
    0.9302   -0.1300    0.3433
   -0.2303    0.5217    0.8215
...   131 A-T ...
   28.0678  -55.0962   39.5487
    0.3014   -0.8369    0.4569
    0.9227    0.3767    0.0815
   -0.2403    0.3970    0.8858
...   132 A-T ...
   27.0946  -54.0369   42.4501
    0.7705   -0.4898    0.4080
    0.5915    0.7879   -0.1711
   -0.2376    0.3732    0.8968
...   133 A-T ...
   26.2574  -53.1163   45.4462
    0.9699    0.0405    0.2402
    0.0496    0.9326   -0.3574
   -0.2385    0.3586    0.9025
...   134 T-A ...
   25.6208  -52.5914   48.6400
    0.8597    0.5097    0.0340
   -0.4497    0.7866   -0.4231
   -0.2424    0.3485    0.9054
...   135 G-C ...
   25.2757  -52.5096   52.0791
    0.3204    0.9427   -0.0928
   -0.8825    0.2614   -0.3910
   -0.3443    0.2071    0.9157
...   136 T-A ...
   25.5257  -52.9787   55.8049
   -0.2439    0.9563   -0.1610
   -0.8908   -0.2866   -0.3525
   -0.3833    0.0575    0.9218
...   137 G-C ...
   24.8932  -52.7378   58.9865
   -0.7529    0.5562   -0.3519
   -0.5215   -0.8303   -0.1966
   -0.4015    0.0355    0.9152
...   138 A-T ...
   24.0142  -51.6374   61.9242
   -0.9563    0.0401   -0.2896
   -0.0524   -0.9980    0.0347
   -0.2876    0.0484    0.9565
...   139 G-C ...
   22.3466  -51.2412   64.4940
   -0.8529   -0.5118   -0.1033
    0.4974   -0.8566    0.1373
   -0.1587    0.0657    0.9851
...   140 C-G ...
   22.1502  -50.1498   67.4638
   -0.4681   -0.8748    0.1248
    0.8495   -0.4066    0.3362
   -0.2434    0.2634    0.9335
...   141 G-C ...
   21.4256  -51.8266   72.7876
    0.1303   -0.7143   -0.6876
    0.8897   -0.2218    0.3990
   -0.4375   -0.6638    0.6066
...   142 C-G ...
   20.4245  -54.3095   74.5418
    0.5846   -0.7390   -0.3348
    0.7594    0.3532    0.5465
   -0.2856   -0.5737    0.7676
...   143 T-A ...
   18.4270  -55.5290   76.5299
    0.8548   -0.5005    0.1370
    0.3188    0.7148    0.6224
   -0.4095   -0.4884    0.7706
...   144 C-G ...
   16.8371  -57.7222   78.2674
    0.8529   -0.0846    0.5151
   -0.1508    0.9048    0.3983
   -0.4998   -0.4174    0.7589
...   145 A-T ...
   15.7828  -59.5615   80.7981
    0.5516    0.4995    0.6680
   -0.6739    0.7388    0.0039
   -0.4916   -0.4523    0.7441
...   146 C-G ...
   15.7314  -61.4940   83.9317
    0.0344    0.7399    0.6718
   -0.8637    0.3602   -0.3526
   -0.5029   -0.5681    0.6514
...   147 A-T ...
   14.7383  -63.4279   86.8192
   -0.5924    0.6746    0.4405
   -0.6886   -0.1401   -0.7114
   -0.4182   -0.7248    0.5475
