  147 base-pairs
...     1 T-A ...
    0.0000    0.0000    0.0000
    1.0000    0.0000    0.0000
    0.0000    1.0000    0.0000
    0.0000    0.0000    1.0000
...     2 G-C ...
   -0.5555   -1.1003    3.3981
    0.7749    0.6051    0.1828
   -0.5991    0.7953   -0.0929
   -0.2016   -0.0375    0.9787
...     3 T-A ...
   -0.6619   -3.0237    6.5348
    0.3046    0.9250    0.2271
   -0.8994    0.3578   -0.2510
   -0.3134   -0.1278    0.9410
...     4 G-C ...
   -1.1607   -3.8418    9.6940
   -0.3351    0.9421    0.0133
   -0.8752   -0.3061   -0.3746
   -0.3489   -0.1372    0.9271
...     5 A-T ...
   -1.3881   -3.6770   12.8999
   -0.7835    0.6162   -0.0801
   -0.5677   -0.7622   -0.3109
   -0.2527   -0.1981    0.9470
...     6 G-C ...
   -2.6236   -3.5448   15.7072
   -0.9923    0.0611   -0.1075
   -0.0294   -0.9610   -0.2748
   -0.1201   -0.2695    0.9555
...     7 C-G ...
   -2.3138   -3.7570   18.8866
   -0.8620   -0.4995   -0.0864
    0.5008   -0.8655    0.0073
   -0.0785   -0.0370    0.9962
...     8 G-C ...
   -3.9561   -6.8109   23.3205
   -0.2581   -0.3560   -0.8981
    0.6294   -0.7673    0.1233
   -0.7330   -0.5335    0.4221
...     9 C-G ...
   -6.1177   -8.9414   24.2385
    0.1143   -0.7320   -0.6716
    0.8123   -0.3203    0.4874
   -0.5720   -0.6013    0.5580
...    10 T-A ...
   -8.5041   -9.6771   26.0540
    0.4660   -0.8587   -0.2131
    0.6274    0.1508    0.7640
   -0.6239   -0.4897    0.6090
...    11 C-G ...
  -11.0625  -11.3174   27.2336
    0.6660   -0.6911    0.2808
    0.3382    0.6152    0.7121
   -0.6649   -0.3794    0.6435
...    12 A-T ...
  -13.0013  -13.1789   29.0658
    0.7188   -0.1490    0.6790
   -0.1787    0.9043    0.3876
   -0.6718   -0.4000    0.6235
...    13 C-G ...
  -14.1788  -15.9359   31.3399
    0.4052    0.2865    0.8682
   -0.5270    0.8492   -0.0343
   -0.7470   -0.4437    0.4951
...    14 A-T ...
  -15.9532  -18.1566   33.3080
   -0.1503    0.6873    0.7107
   -0.6106    0.5008   -0.6135
   -0.7776   -0.5261    0.3444
...    15 A-T ...
  -18.3094  -19.9476   34.6482
   -0.4781    0.8434    0.2451
   -0.4082    0.0337   -0.9123
   -0.7777   -0.5362    0.3282
...    16 T-A ...
  -20.6373  -21.5395   36.3433
   -0.6137    0.7506   -0.2451
   -0.1089   -0.3879   -0.9152
   -0.7820   -0.5349    0.3198
...    17 T-A ...
  -23.1807  -23.1094   37.5918
   -0.5556    0.4185   -0.7185
    0.2561   -0.7359   -0.6267
   -0.7910   -0.5323    0.3017
...    18 T-A ...
  -25.8502  -24.6002   38.6488
   -0.2975   -0.0413   -0.9538
    0.5202   -0.8447   -0.1256
   -0.8006   -0.5336    0.2728
...    19 A-T ...
  -28.7036  -26.1941   39.2785
    0.1397   -0.4126   -0.9001
    0.5671   -0.7118    0.4144
   -0.8117   -0.5684    0.1345
...    20 T-A ...
  -31.6478  -27.6314   39.2425
    0.4196   -0.6973   -0.5812
    0.4161   -0.4212    0.8058
   -0.8067   -0.5800    0.1134
...    21 T-A ...
  -34.3239  -29.4526   39.3174
    0.5932   -0.8041   -0.0389
    0.1021    0.0271    0.9944
   -0.7986   -0.5938    0.0982
...    22 C-G ...
  -36.8219  -31.5439   39.5223
    0.5695   -0.6216    0.5379
   -0.2812    0.4676    0.8380
   -0.7724   -0.6285    0.0915
...    23 G-C ...
  -39.3963  -33.5373   40.2315
    0.3876   -0.2016    0.8995
   -0.5886    0.6968    0.4098
   -0.7094   -0.6883    0.1514
...    24 C-G ...
  -41.4142  -36.1123   40.7544
    0.0266    0.2291    0.9730
   -0.7176    0.6820   -0.1409
   -0.6959   -0.6945    0.1826
...    25 A-T ...
  -43.8880  -38.2428   41.3189
   -0.3392    0.6233    0.7046
   -0.6210    0.4142   -0.6654
   -0.7066   -0.6633    0.2466
...    26 A-T ...
  -46.0191  -40.4681   42.3622
   -0.6482    0.7328    0.2067
   -0.3076   -0.0038   -0.9515
   -0.6965   -0.6804    0.2279
...    27 A-T ...
  -48.2414  -42.6102   43.3763
   -0.7149    0.5962   -0.3654
    0.1236   -0.4065   -0.9052
   -0.6882   -0.6923    0.2169
...    28 G-C ...
  -50.6562  -44.6718   44.2889
   -0.4956    0.3508   -0.7946
    0.4809   -0.6510   -0.5873
   -0.7233   -0.6731    0.1540
...    29 G-C ...
  -53.3354  -46.6447   44.8449
   -0.0889    0.0247   -0.9957
    0.6619   -0.7456   -0.0776
   -0.7443   -0.6659    0.0499
...    30 C-G ...
  -56.0709  -48.4767   44.8317
    0.3268   -0.3280   -0.8863
    0.5993   -0.6532    0.4627
   -0.7308   -0.6824   -0.0169
...    31 C-G ...
  -58.6296  -50.6179   44.3430
    0.6705   -0.5429   -0.5057
    0.3155   -0.4082    0.8566
   -0.6715   -0.7339   -0.1024
...    32 G-C ...
  -60.5918  -53.3015   44.1374
    0.8178   -0.5732    0.0522
   -0.1338   -0.1010    0.9859
   -0.5598   -0.8132   -0.1593
...    33 G-C ...
  -62.1124  -56.1910   43.2924
    0.6664   -0.4667    0.5814
   -0.5744    0.1757    0.7995
   -0.4753   -0.8668   -0.1510
...    34 C-G ...
  -63.2480  -59.2288   42.6318
    0.2652   -0.2666    0.9266
   -0.8585    0.3721    0.3528
   -0.4389   -0.8891   -0.1302
...    35 C-G ...
  -64.4156  -62.3819   42.3923
   -0.2202    0.0295    0.9750
   -0.8811    0.4229   -0.2118
   -0.4186   -0.9057   -0.0671
...    36 C-G ...
  -65.6563  -65.5175   42.4598
   -0.6435    0.3029    0.7030
   -0.6280    0.3162   -0.7111
   -0.4377   -0.8990   -0.0132
...    37 G-C ...
  -67.3600  -68.3615   42.0549
   -0.8508    0.4936    0.1803
   -0.1610    0.0818   -0.9836
   -0.5003   -0.8658    0.0099
...    38 A-T ...
  -68.9522  -71.2249   42.1911
   -0.7721    0.4670   -0.4311
    0.3757   -0.2118   -0.9022
   -0.5126   -0.8585   -0.0119
...    39 C-G ...
  -70.9935  -73.7980   42.5921
   -0.4493    0.3172   -0.8352
    0.7246   -0.4175   -0.5483
   -0.5226   -0.8515   -0.0423
...    40 A-T ...
  -72.6839  -76.6605   42.3648
    0.0927    0.1401   -0.9858
    0.8442   -0.5360    0.0032
   -0.5279   -0.8325   -0.1680
...    41 C-G ...
  -74.8683  -78.9841   41.5981
    0.5384   -0.1051   -0.8361
    0.6752   -0.5399    0.5026
   -0.5042   -0.8352   -0.2197
...    42 G-C ...
  -76.2521  -81.9207   40.8522
    0.8864   -0.2395   -0.3961
    0.2650   -0.4389    0.8586
   -0.3795   -0.8660   -0.3256
...    43 A-T ...
  -77.3633  -84.7288   39.6360
    0.9005   -0.3935    0.1852
   -0.2992   -0.2515    0.9204
   -0.3157   -0.8842   -0.3442
...    44 C-G ...
  -77.9564  -87.5191   37.9908
    0.6314   -0.4325    0.6437
   -0.7278   -0.0438    0.6844
   -0.2678   -0.9006   -0.3424
...    45 T-A ...
  -78.4180  -90.5643   36.7997
    0.1724   -0.3456    0.9224
   -0.9623    0.1408    0.2327
   -0.2103   -0.9277   -0.3083
...    46 T-A ...
  -78.7666  -93.6318   35.7735
   -0.4143   -0.2340    0.8795
   -0.8899    0.3066   -0.3377
   -0.1907   -0.9226   -0.3353
...    47 A-T ...
  -79.6905  -96.5387   34.3387
   -0.8910   -0.0321    0.4528
   -0.4277    0.3938   -0.8136
   -0.1522   -0.9186   -0.3646
...    48 C-G ...
  -80.1098  -99.7889   33.7168
   -0.9826    0.1819   -0.0387
    0.1024    0.3553   -0.9291
   -0.1552   -0.9169   -0.3678
...    49 T-A ...
  -80.8328 -102.8796   32.7530
   -0.7759    0.3805   -0.5032
    0.6031    0.2135   -0.7686
   -0.1850   -0.8998   -0.3951
...    50 G-C ...
  -81.4281 -105.7861   31.2623
   -0.2900    0.5295   -0.7972
    0.9326   -0.0305   -0.3596
   -0.2147   -0.8478   -0.4849
...    51 T-A ...
  -82.7309 -108.3982   29.7367
    0.2354    0.4838   -0.8429
    0.9526   -0.2870    0.1012
   -0.1930   -0.8268   -0.5284
...    52 A-T ...
  -83.5829 -110.8780   27.6788
    0.7207    0.3995   -0.5666
    0.6870   -0.5212    0.5063
   -0.0930   -0.7542   -0.6501
...    53 G-C ...
  -83.9404 -113.0808   25.2676
    0.9726    0.1631   -0.1654
    0.2322   -0.6663    0.7086
    0.0054   -0.7276   -0.6860
...    54 G-C ...
  -83.6099 -115.1802   22.6570
    0.9442   -0.1223    0.3057
   -0.3017   -0.6930    0.6548
    0.1318   -0.7105   -0.6913
...    55 T-A ...
  -82.7495 -117.0691   20.1197
    0.6536   -0.4262    0.6254
   -0.7347   -0.5557    0.3891
    0.1817   -0.7138   -0.6763
...    56 A-T ...
  -82.1005 -119.5366   17.9933
    0.0989   -0.6360    0.7653
   -0.9677   -0.2407   -0.0750
    0.2320   -0.7332   -0.6393
...    57 T-A ...
  -80.6617 -121.8415   16.1140
   -0.3985   -0.6842    0.6107
   -0.8833    0.1072   -0.4564
    0.2468   -0.7213   -0.6471
...    58 C-G ...
  -79.8022 -124.3081   14.1264
   -0.8404   -0.4944    0.2221
   -0.4770    0.4801   -0.7361
    0.2573   -0.7246   -0.6393
...    59 T-A ...
  -78.9642 -126.9313   12.2769
   -0.9712   -0.1519   -0.1833
    0.0367    0.6652   -0.7458
    0.2352   -0.7310   -0.6405
...    60 C-G ...
  -78.1970 -129.4072   10.2604
   -0.7688    0.2771   -0.5763
    0.5949    0.6406   -0.4855
    0.2346   -0.7161   -0.6574
...    61 G-C ...
  -77.0750 -131.5626    7.9877
   -0.3477    0.6634   -0.6626
    0.9127    0.4012   -0.0773
    0.2146   -0.6317   -0.7449
...    62 A-T ...
  -76.4632 -133.6720    5.5920
    0.2155    0.8133   -0.5405
    0.9463   -0.0374    0.3210
    0.2408   -0.5806   -0.7777
...    63 G-C ...
  -75.9142 -135.3823    2.8445
    0.6296    0.7449   -0.2207
    0.7124   -0.4402    0.5466
    0.3100   -0.5014   -0.8078
...    64 C-G ...
  -75.0808 -136.6005   -0.0754
    0.8794    0.4469    0.1645
    0.2880   -0.7742    0.5635
    0.3792   -0.4482   -0.8095
...    65 T-A ...
  -73.6850 -137.6453   -2.8534
    0.8636    0.0418    0.5024
   -0.1676   -0.9161    0.3643
    0.4754   -0.3989   -0.7841
...    66 C-G ...
  -71.8854 -138.8308   -5.2822
    0.5925   -0.4645    0.6582
   -0.6025   -0.7978   -0.0207
    0.5348   -0.3843   -0.7526
...    67 G-C ...
  -70.1409 -140.5346   -7.5488
    0.1166   -0.7883    0.6042
   -0.7762   -0.4518   -0.4397
    0.6196   -0.4177   -0.6645
...    68 G-C ...
  -67.7899 -142.0680   -9.4232
   -0.3507   -0.8865    0.3019
   -0.6848    0.0229   -0.7283
    0.6387   -0.4622   -0.6151
...    69 G-C ...
  -65.5280 -143.8095  -11.2229
   -0.6913   -0.7121   -0.1224
   -0.3661    0.4913   -0.7903
    0.6229   -0.5015   -0.6003
...    70 A-T ...
  -63.3966 -145.4889  -13.0818
   -0.7698   -0.2855   -0.5709
    0.1061    0.8248   -0.5555
    0.6294   -0.4881   -0.6046
...    71 T-A ...
  -61.5346 -147.6588  -14.7515
   -0.5969    0.1643   -0.7853
    0.4698    0.8651   -0.1761
    0.6504   -0.4740   -0.5935
...    72 C-G ...
  -59.4236 -149.3064  -16.6461
   -0.2378    0.6561   -0.7163
    0.7133    0.6185    0.3297
    0.6593   -0.4326   -0.6150
...    73 T-A ...
  -57.5002 -150.7481  -18.9046
    0.0978    0.9162   -0.3887
    0.7303    0.1993    0.6534
    0.6761   -0.3477   -0.6496
...    74 C-G ...
  -55.3551 -151.8021  -21.1029
    0.4338    0.8950    0.1035
    0.5520   -0.3548    0.7546
    0.7121   -0.2702   -0.6480
...    75 A-T ...
  -52.9059 -152.4662  -23.2858
    0.5310    0.6066    0.5917
    0.2812   -0.7848    0.5523
    0.7994   -0.1269   -0.5873
...    76 T-A ...
  -50.4141 -152.2086  -25.3697
    0.5682    0.1509    0.8089
    0.0037   -0.9835    0.1809
    0.8229   -0.0998   -0.5594
...    77 G-C ...
  -47.4661 -152.5817  -26.8764
    0.3741   -0.4029    0.8353
   -0.2456   -0.9116   -0.3297
    0.8943   -0.0818   -0.4400
...    78 T-A ...
  -44.3232 -152.3818  -27.8758
    0.1756   -0.8152    0.5519
   -0.3745   -0.5738   -0.7283
    0.9104   -0.0788   -0.4061
...    79 T-A ...
  -41.2306 -152.4625  -28.8967
   -0.0268   -0.9995    0.0148
   -0.3999   -0.0028   -0.9166
    0.9162   -0.0305   -0.3996
...    80 A-T ...
  -38.3586 -152.2463  -30.6876
   -0.2006   -0.7642   -0.6130
   -0.3087    0.6432   -0.7007
    0.9298    0.0487   -0.3650
...    81 T-A ...
  -35.1541 -152.6212  -31.4682
   -0.3003   -0.3258   -0.8965
   -0.1787    0.9424   -0.2827
    0.9370    0.0753   -0.3413
...    82 A-T ...
  -32.0295 -151.9679  -32.4913
   -0.3400    0.3258   -0.8822
    0.0101    0.9393    0.3430
    0.9404    0.1077   -0.3226
...    83 A-T ...
  -29.0150 -151.8173  -33.6712
   -0.2880    0.7954   -0.5334
    0.1760    0.5914    0.7869
    0.9413    0.1328   -0.3103
...    84 C-G ...
  -26.1495 -151.5574  -35.2280
   -0.2155    0.9757   -0.0387
    0.2946    0.1028    0.9501
    0.9310    0.1933   -0.3096
...    85 G-C ...
  -23.0109 -150.7459  -35.9942
   -0.1972    0.8314    0.5195
    0.3887   -0.4201    0.8200
    0.9000    0.3637   -0.2403
...    86 G-C ...
  -20.2514 -149.0274  -36.8680
   -0.0844    0.4386    0.8947
    0.4789   -0.7696    0.4224
    0.8738    0.4641   -0.1451
...    87 A-T ...
  -17.4893 -147.3272  -37.1548
    0.1478   -0.1084    0.9831
    0.4819   -0.8601   -0.1673
    0.8637    0.4985   -0.0749
...    88 C-G ...
  -14.9775 -145.1903  -36.9983
    0.3458   -0.5512    0.7593
    0.3731   -0.6618   -0.6503
    0.8610    0.5082   -0.0232
...    89 G-C ...
  -11.8882 -143.9176  -37.0868
    0.4321   -0.8615    0.2665
    0.1921   -0.2008   -0.9606
    0.8811    0.4663    0.0787
...    90 C-G ...
   -8.9514 -142.5057  -36.3926
    0.4571   -0.8344   -0.3081
   -0.0543    0.3196   -0.9460
    0.8878    0.4491    0.1007
...    91 T-A ...
   -5.9266 -141.2501  -35.8080
    0.3464   -0.5381   -0.7684
   -0.2797    0.7226   -0.6321
    0.8954    0.4339    0.0998
...    92 T-A ...
   -2.9393 -140.0635  -35.2424
    0.1629    0.0047   -0.9866
   -0.4535    0.8884   -0.0707
    0.8762    0.4590    0.1469
...    93 T-A ...
    0.0259 -138.8249  -34.7282
   -0.1113    0.5242   -0.8443
   -0.4907    0.7098    0.5054
    0.8642    0.4705    0.1782
...    94 A-T ...
    2.8328 -137.1581  -34.0582
   -0.4436    0.8018   -0.4005
   -0.3418    0.2617    0.9026
    0.8285    0.5373    0.1580
...    95 A-T ...
    5.5103 -135.3740  -33.7718
   -0.5949    0.7872    0.1625
   -0.0406   -0.2313    0.9720
    0.8027    0.5717    0.1696
...    96 C-G ...
    7.9470 -133.1966  -33.7584
   -0.5849    0.5184    0.6238
    0.2810   -0.5920    0.7554
    0.7609    0.6171    0.2006
...    97 A-T ...
   10.3373 -130.9991  -32.9330
   -0.4485    0.0159    0.8936
    0.5960   -0.7398    0.3123
    0.6661    0.6726    0.3223
...    98 C-G ...
   11.9624 -128.3617  -31.8283
   -0.1101   -0.4004    0.9097
    0.7658   -0.6176   -0.1792
    0.6336    0.6769    0.3746
...    99 T-A ...
   13.7262 -126.0361  -30.2706
    0.2699   -0.7051    0.6557
    0.7473   -0.2760   -0.6044
    0.6072    0.6532    0.4524
...   100 T-A ...
   15.4597 -123.8796  -28.5595
    0.6663   -0.7175    0.2028
    0.4656    0.1880   -0.8648
    0.5824    0.6707    0.4593
...   101 T-A ...
   17.1931 -121.7843  -26.7591
    0.8402   -0.4427   -0.3133
   -0.0074    0.5683   -0.8228
    0.5423    0.6936    0.4742
...   102 A-T ...
   18.7237 -119.0380  -25.4722
    0.6689    0.0775   -0.7393
   -0.5637    0.7013   -0.4364
    0.4846    0.7087    0.5128
...   103 T-A ...
   20.7598 -117.1992  -23.6159
    0.2950    0.4408   -0.8478
   -0.8342    0.5514   -0.0036
    0.4659    0.7083    0.5304
...   104 G-C ...
   22.0786 -114.6906  -21.8795
   -0.2740    0.6103   -0.7433
   -0.8557    0.1982    0.4781
    0.4391    0.7670    0.4679
...   105 C-G ...
   23.8346 -112.1955  -20.6081
   -0.7179    0.5732   -0.3950
   -0.5766   -0.1718    0.7987
    0.3900    0.8012    0.4538
...   106 T-A ...
   25.0840 -109.3751  -19.4337
   -0.9442    0.3279    0.0320
   -0.1205   -0.4342    0.8927
    0.3066    0.8390    0.4495
...   107 T-A ...
   25.9749 -106.5379  -18.1747
   -0.8672   -0.0063    0.4979
    0.4231   -0.5367    0.7301
    0.2626    0.8438    0.4681
...   108 C-G ...
   26.6020 -103.7534  -16.6106
   -0.4849   -0.3664    0.7941
    0.8501   -0.4109    0.3295
    0.2056    0.8348    0.5107
...   109 C-G ...
   26.8006 -100.9834  -14.6904
    0.0238   -0.6088    0.7930
    0.9875   -0.1091   -0.1134
    0.1555    0.7858    0.5986
...   110 G-C ...
   27.6476  -98.5882  -12.5130
    0.5490   -0.6452    0.5313
    0.8222    0.3027   -0.4820
    0.1502    0.7015    0.6967
...   111 G-C ...
   28.0714  -96.5457   -9.8484
    0.8977   -0.4185    0.1381
    0.3985    0.6372   -0.6597
    0.1881    0.6472    0.7387
...   112 C-G ...
   28.7192  -94.7437   -7.1237
    0.9644   -0.0100   -0.2644
   -0.1596    0.7750   -0.6115
    0.2110    0.6319    0.7458
...   113 T-A ...
   29.6275  -92.8883   -4.5176
    0.7220    0.3906   -0.5711
   -0.6489    0.6686   -0.3632
    0.2399    0.6328    0.7362
...   114 C-G ...
   30.4914  -90.8608   -2.0703
    0.1896    0.7060   -0.6823
   -0.9536    0.2979    0.0433
    0.2339    0.6425    0.7298
...   115 G-C ...
   30.8131  -88.6803    0.4557
   -0.4015    0.6830   -0.6102
   -0.8964   -0.1564    0.4147
    0.1878    0.7135    0.6750
...   116 T-A ...
   31.8546  -86.1240    2.2847
   -0.8164    0.4738   -0.3303
   -0.5575   -0.4970    0.6650
    0.1509    0.7270    0.6699
...   117 A-T ...
   32.2234  -83.6216    4.4503
   -0.9990    0.0287    0.0337
    0.0060   -0.6668    0.7452
    0.0438    0.7447    0.6660
...   118 T-A ...
   32.1364  -80.8031    6.1162
   -0.8643   -0.3277    0.3815
    0.5026   -0.5903    0.6316
    0.0183    0.7376    0.6750
...   119 A-T ...
   31.8334  -78.3569    8.3624
   -0.4424   -0.6939    0.5681
    0.8930   -0.2829    0.3500
   -0.0822    0.6621    0.7449
...   120 A-T ...
   31.2753  -76.2621   10.7660
    0.1346   -0.7502    0.6474
    0.9861    0.1658   -0.0129
   -0.0977    0.6401    0.7621
...   121 T-A ...
   30.3233  -74.4680   13.3504
    0.6124   -0.5717    0.5460
    0.7839    0.5282   -0.3263
   -0.1018    0.6279    0.7716
...   122 G-C ...
   30.2837  -72.3991   15.9569
    0.9558   -0.2198    0.1953
    0.2919    0.7890   -0.5406
   -0.0353    0.5737    0.8183
...   123 T-A ...
   30.1763  -71.0556   18.9971
    0.9668    0.2207   -0.1286
   -0.2547    0.7938   -0.5522
   -0.0198    0.5667    0.8237
...   124 G-C ...
   30.1101  -68.9157   21.5379
    0.6380    0.6068   -0.4741
   -0.7691    0.5329   -0.3529
    0.0385    0.5898    0.8067
...   125 T-A ...
   30.8049  -67.1956   24.3098
    0.1351    0.7910   -0.5967
   -0.9902    0.1296   -0.0523
    0.0360    0.5980    0.8007
...   126 C-G ...
   31.0184  -65.2133   26.9250
   -0.4791    0.7026   -0.5261
   -0.8775   -0.3690    0.3062
    0.0210    0.6084    0.7934
...   127 G-C ...
   30.7544  -63.3961   29.7242
   -0.8840    0.3076   -0.3520
   -0.4609   -0.6993    0.5463
   -0.0781    0.6452    0.7600
...   128 A-T ...
   30.5318  -61.2194   32.1525
   -0.9822   -0.1877   -0.0064
    0.1393   -0.7511    0.6454
   -0.1260    0.6330    0.7638
...   129 C-G ...
   29.8108  -58.7709   34.2321
   -0.7625   -0.5786    0.2894
    0.6247   -0.5422    0.5620
   -0.1682    0.6093    0.7749
...   130 C-G ...
   28.8272  -56.6970   36.7095
   -0.2926   -0.8420    0.4533
    0.9288   -0.1376    0.3440
   -0.2273    0.5217    0.8223
...   131 A-T ...
   28.0487  -55.1061   39.5441
    0.2968   -0.8390    0.4560
    0.9248    0.3716    0.0818
   -0.2380    0.3975    0.8862
...   132 A-T ...
   27.0850  -54.0425   42.4474
    0.7688   -0.4929    0.4074
    0.5944    0.7857   -0.1711
   -0.2358    0.3737    0.8971
...   133 A-T ...
   26.2544  -53.1181   45.4447
    0.9700    0.0389    0.2399
    0.0511    0.9325   -0.3575
   -0.2376    0.3590    0.9026
...   134 T-A ...
   25.6208  -52.5913   48.6400
    0.8597    0.5097    0.0340
   -0.4497    0.7866   -0.4231
   -0.2424    0.3485    0.9054
...   135 G-C ...
   25.2757  -52.5096   52.0791
    0.3204    0.9427   -0.0928
   -0.8825    0.2614   -0.3910
   -0.3443    0.2071    0.9157
...   136 T-A ...
   25.5257  -52.9787   55.8049
   -0.2439    0.9563   -0.1610
   -0.8908   -0.2866   -0.3525
   -0.3833    0.0575    0.9218
...   137 G-C ...
   24.8933  -52.7377   58.9865
   -0.7529    0.5562   -0.3519
   -0.5215   -0.8303   -0.1966
   -0.4015    0.0355    0.9152
...   138 A-T ...
   24.0142  -51.6374   61.9242
   -0.9563    0.0401   -0.2896
   -0.0524   -0.9980    0.0347
   -0.2876    0.0484    0.9565
...   139 G-C ...
   22.3466  -51.2411   64.4940
   -0.8529   -0.5118   -0.1033
    0.4974   -0.8566    0.1373
   -0.1587    0.0657    0.9851
...   140 C-G ...
   22.1502  -50.1498   67.4638
   -0.4681   -0.8748    0.1248
    0.8495   -0.4066    0.3362
   -0.2434    0.2634    0.9335
...   141 G-C ...
   21.4256  -51.8266   72.7876
    0.1303   -0.7143   -0.6876
    0.8897   -0.2218    0.3990
   -0.4375   -0.6638    0.6066
...   142 C-G ...
   20.4245  -54.3095   74.5418
    0.5846   -0.7390   -0.3348
    0.7594    0.3532    0.5465
   -0.2856   -0.5737    0.7676
...   143 T-A ...
   18.4270  -55.5290   76.5298
    0.8548   -0.5005    0.1370
    0.3188    0.7148    0.6224
   -0.4095   -0.4884    0.7706
...   144 C-G ...
   16.8371  -57.7222   78.2673
    0.8529   -0.0846    0.5151
   -0.1508    0.9048    0.3983
   -0.4998   -0.4174    0.7589
...   145 A-T ...
   15.7828  -59.5615   80.7981
    0.5516    0.4995    0.6680
   -0.6739    0.7388    0.0039
   -0.4916   -0.4523    0.7441
...   146 C-G ...
   15.7313  -61.4940   83.9316
    0.0344    0.7399    0.6718
   -0.8637    0.3602   -0.3526
   -0.5029   -0.5681    0.6514
...   147 A-T ...
   14.7382  -63.4279   86.8192
   -0.5924    0.6746    0.4405
   -0.6886   -0.1401   -0.7114
   -0.4182   -0.7248    0.5475
