  147 base-pairs
...     1 T-A ...
    0.0000    0.0000    0.0000
    1.0000    0.0000    0.0000
    0.0000    1.0000    0.0000
    0.0000    0.0000    1.0000
...     2 G-C ...
   -0.5555   -1.1003    3.3981
    0.7749    0.6051    0.1828
   -0.5991    0.7953   -0.0929
   -0.2016   -0.0375    0.9787
...     3 T-A ...
   -0.6619   -3.0237    6.5348
    0.3046    0.9250    0.2271
   -0.8994    0.3578   -0.2510
   -0.3134   -0.1278    0.9410
...     4 G-C ...
   -1.1607   -3.8418    9.6940
   -0.3351    0.9421    0.0133
   -0.8752   -0.3061   -0.3746
   -0.3489   -0.1372    0.9271
...     5 A-T ...
   -1.3881   -3.6770   12.8999
   -0.7835    0.6162   -0.0801
   -0.5677   -0.7622   -0.3109
   -0.2527   -0.1981    0.9470
...     6 G-C ...
   -2.6236   -3.5448   15.7072
   -0.9923    0.0611   -0.1075
   -0.0294   -0.9610   -0.2748
   -0.1201   -0.2695    0.9555
...     7 C-G ...
   -2.3138   -3.7570   18.8866
   -0.8620   -0.4995   -0.0864
    0.5008   -0.8655    0.0073
   -0.0785   -0.0370    0.9962
...     8 G-C ...
   -3.9561   -6.8109   23.3205
   -0.2581   -0.3560   -0.8981
    0.6294   -0.7673    0.1233
   -0.7330   -0.5335    0.4221
...     9 C-G ...
   -6.1177   -8.9414   24.2385
    0.1143   -0.7320   -0.6716
    0.8123   -0.3203    0.4874
   -0.5720   -0.6013    0.5580
...    10 T-A ...
   -8.5041   -9.6771   26.0540
    0.4660   -0.8587   -0.2131
    0.6274    0.1508    0.7640
   -0.6239   -0.4897    0.6090
...    11 C-G ...
  -11.0625  -11.3174   27.2336
    0.6660   -0.6911    0.2808
    0.3382    0.6152    0.7121
   -0.6649   -0.3794    0.6435
...    12 A-T ...
  -13.0013  -13.1789   29.0658
    0.7188   -0.1490    0.6790
   -0.1787    0.9043    0.3876
   -0.6718   -0.4000    0.6235
...    13 C-G ...
  -14.1788  -15.9359   31.3399
    0.4052    0.2865    0.8682
   -0.5270    0.8492   -0.0343
   -0.7470   -0.4437    0.4951
...    14 A-T ...
  -15.9532  -18.1566   33.3080
   -0.1503    0.6873    0.7107
   -0.6106    0.5008   -0.6135
   -0.7776   -0.5261    0.3444
...    15 A-T ...
  -18.3935  -19.9603   34.4336
   -0.4600    0.8597    0.2220
   -0.3912    0.0282   -0.9199
   -0.7971   -0.5100    0.3234
...    16 T-A ...
  -20.8054  -21.5504   36.2037
   -0.6243    0.7220   -0.2982
   -0.0646   -0.4282   -0.9014
   -0.7785   -0.5435    0.3140
...    17 T-A ...
  -23.3738  -23.1185   37.5452
   -0.5603    0.3201   -0.7640
    0.3269   -0.7620   -0.5591
   -0.7611   -0.5630    0.3222
...    18 T-A ...
  -25.9415  -24.7893   38.5634
   -0.2391   -0.1212   -0.9634
    0.5729   -0.8187   -0.0392
   -0.7839   -0.5614    0.2652
...    19 A-T ...
  -28.5111  -26.7620   39.2233
    0.2019   -0.4816   -0.8528
    0.5827   -0.6408    0.4998
   -0.7872   -0.5979    0.1513
...    20 T-A ...
  -31.4340  -28.3202   39.2146
    0.4750   -0.7400   -0.4762
    0.3915   -0.3069    0.8675
   -0.7881   -0.5985    0.1440
...    21 T-A ...
  -34.0717  -30.2477   39.3674
    0.6068   -0.7874    0.1082
    0.0299    0.1586    0.9869
   -0.7943   -0.5956    0.1198
...    22 C-G ...
  -36.6175  -32.2912   39.7275
    0.5261   -0.5322    0.6633
   -0.3493    0.5759    0.7392
   -0.7754   -0.6205    0.1170
...    23 G-C ...
  -39.2938  -34.0678   40.7190
    0.3337   -0.0458    0.9416
   -0.6233    0.7386    0.2568
   -0.7072   -0.6726    0.2180
...    24 C-G ...
  -41.3331  -36.5395   41.4113
   -0.0058    0.3838    0.9234
   -0.7043    0.6540   -0.2762
   -0.7099   -0.6519    0.2665
...    25 A-T ...
  -44.0228  -38.4367   41.8930
   -0.3875    0.7215    0.5738
   -0.5594    0.3107   -0.7684
   -0.7327   -0.6188    0.2832
...    26 A-T ...
  -46.3620  -40.4566   43.0076
   -0.6420    0.7660    0.0334
   -0.2317   -0.1524   -0.9608
   -0.7308   -0.6246    0.2753
...    27 A-T ...
  -48.6690  -42.4092   44.2357
   -0.6670    0.5273   -0.5264
    0.2009   -0.5530   -0.8086
   -0.7175   -0.6451    0.2629
...    28 G-C ...
  -51.3302  -44.1744   45.3368
   -0.4073    0.1966   -0.8919
    0.5106   -0.7607   -0.4008
   -0.7573   -0.6186    0.2094
...    29 G-C ...
  -54.2367  -45.9669   45.9092
    0.0257   -0.1979   -0.9799
    0.6386   -0.7509    0.1684
   -0.7691   -0.6300    0.1071
...    30 C-G ...
  -56.9986  -47.7408   45.8780
    0.4233   -0.5285   -0.7358
    0.4998   -0.5412    0.6762
   -0.7556   -0.6541    0.0351
...    31 C-G ...
  -59.6371  -49.7873   45.7179
    0.6920   -0.6794   -0.2440
    0.1579   -0.1874    0.9695
   -0.7044   -0.7095   -0.0223
...    32 G-C ...
  -61.5742  -52.1729   45.8728
    0.7465   -0.6009    0.2858
   -0.2554    0.1378    0.9570
   -0.6144   -0.7874   -0.0506
...    33 G-C ...
  -63.1377  -55.1592   45.6968
    0.5120   -0.3850    0.7679
   -0.6567    0.4008    0.6388
   -0.5537   -0.8313   -0.0476
...    34 C-G ...
  -64.5910  -58.0945   45.5422
    0.0748   -0.0715    0.9946
   -0.8453    0.5246    0.1013
   -0.5290   -0.8483   -0.0212
...    35 C-G ...
  -66.1673  -61.0993   45.8467
   -0.4097    0.2551    0.8758
   -0.7527    0.4479   -0.4826
   -0.5154   -0.8569    0.0085
...    36 C-G ...
  -67.8047  -64.0361   46.1571
   -0.7440    0.4913    0.4529
   -0.4069    0.2046   -0.8903
   -0.5300   -0.8466    0.0477
...    37 G-C ...
  -69.5856  -66.8850   45.2342
   -0.8083    0.5725   -0.1376
    0.1034   -0.0921   -0.9904
   -0.5796   -0.8147    0.0153
...    38 A-T ...
  -71.2820  -69.5435   45.3598
   -0.5890    0.4208   -0.6899
    0.5746   -0.3822   -0.7237
   -0.5682   -0.8227   -0.0167
...    39 C-G ...
  -73.5119  -71.8443   45.3575
   -0.1734    0.2111   -0.9620
    0.7941   -0.5478   -0.2633
   -0.5825   -0.8096   -0.0726
...    40 A-T ...
  -75.5417  -74.4728   44.9484
    0.3679   -0.0438   -0.9288
    0.7433   -0.5864    0.3220
   -0.5588   -0.8089   -0.1831
...    41 C-G ...
  -77.4905  -76.8496   43.8216
    0.7345   -0.2760   -0.6200
    0.4428   -0.4973    0.7460
   -0.5142   -0.8225   -0.2431
...    42 G-C ...
  -78.9217  -79.8266   43.3240
    0.8989   -0.4353   -0.0498
   -0.0907   -0.2959    0.9509
   -0.4286   -0.8503   -0.3055
...    43 A-T ...
  -80.2698  -82.5121   42.2852
    0.6763   -0.5216    0.5202
   -0.6033    0.0129    0.7974
   -0.4226   -0.8531   -0.3060
...    44 C-G ...
  -81.1290  -85.3574   40.8286
    0.2712   -0.3970    0.8769
   -0.8831    0.2598    0.3907
   -0.3829   -0.8803   -0.2801
...    45 T-A ...
  -81.7815  -88.7936   39.8528
   -0.2734   -0.1696    0.9468
   -0.8876    0.4238   -0.1805
   -0.3706   -0.8898   -0.2664
...    46 T-A ...
  -82.5974  -91.8322   39.0178
   -0.7104    0.0465    0.7023
   -0.6077    0.4628   -0.6454
   -0.3550   -0.8853   -0.3005
...    47 A-T ...
  -83.8958  -94.6382   37.6226
   -0.9441    0.3114    0.1085
    0.0018    0.3340   -0.9426
   -0.3298   -0.8897   -0.3158
...    48 C-G ...
  -85.1590  -97.7105   37.2145
   -0.7930    0.4521   -0.4083
    0.5075    0.1196   -0.8533
   -0.3370   -0.8839   -0.3243
...    49 T-A ...
  -86.6716 -100.6014   36.3278
   -0.3676    0.5139   -0.7751
    0.8515   -0.1491   -0.5027
   -0.3739   -0.8448   -0.3828
...    50 G-C ...
  -87.9533 -103.3123   34.7653
    0.2226    0.4575   -0.8609
    0.9102   -0.4140    0.0154
   -0.3494   -0.7870   -0.5085
...    51 T-A ...
  -89.4872 -105.4846   32.9712
    0.6620    0.2548   -0.7049
    0.6845   -0.5888    0.4299
   -0.3055   -0.7670   -0.5642
...    52 A-T ...
  -90.3865 -107.5769   30.4973
    0.9652    0.0686   -0.2524
    0.2311   -0.6762    0.6996
   -0.1227   -0.7335   -0.6685
...    53 G-C ...
  -90.8784 -109.7003   28.1036
    0.9608   -0.1857    0.2060
   -0.2773   -0.6485    0.7089
    0.0019   -0.7382   -0.6746
...    54 G-C ...
  -90.2456 -111.8699   25.2563
    0.6523   -0.4391    0.6178
   -0.7516   -0.4799    0.4524
    0.0979   -0.7595   -0.6431
...    55 T-A ...
  -89.3551 -114.2222   23.1642
    0.1705   -0.6132    0.7713
   -0.9767   -0.2090    0.0498
    0.1306   -0.7618   -0.6345
...    56 A-T ...
  -88.4126 -116.8533   21.2248
   -0.4347   -0.5939    0.6770
   -0.8873    0.1538   -0.4348
    0.1541   -0.7897   -0.5938
...    57 T-A ...
  -87.2726 -119.5625   19.7007
   -0.8255   -0.4548    0.3341
   -0.5347    0.4409   -0.7209
    0.1806   -0.7738   -0.6071
...    58 C-G ...
  -86.6523 -122.3459   17.8933
   -0.9765   -0.0936   -0.1942
    0.0899    0.6420   -0.7614
    0.1959   -0.7610   -0.6185
...    59 T-A ...
  -86.2641 -125.0795   15.9797
   -0.7854    0.2948   -0.5442
    0.5969    0.5933   -0.5401
    0.1636   -0.7491   -0.6420
...    60 C-G ...
  -85.6846 -127.6161   13.8417
   -0.2884    0.6076   -0.7400
    0.9414    0.3211   -0.1032
    0.1750   -0.7264   -0.6646
...    61 G-C ...
  -84.5835 -129.7597   11.5893
    0.1901    0.8076   -0.5582
    0.9568   -0.0250    0.2897
    0.2200   -0.5892   -0.7775
...    62 A-T ...
  -83.7267 -131.8530    9.2484
    0.6689    0.7082   -0.2259
    0.6747   -0.4509    0.5844
    0.3120   -0.5433   -0.7794
...    63 G-C ...
  -82.6518 -133.2614    6.4453
    0.8862    0.4273    0.1790
    0.2436   -0.7584    0.6045
    0.3940   -0.4921   -0.7763
...    64 C-G ...
  -81.1939 -134.3800    3.5986
    0.8412   -0.0444    0.5388
   -0.2877   -0.8806    0.3766
    0.4578   -0.4718   -0.7535
...    65 T-A ...
  -79.4960 -135.6258    1.0563
    0.5373   -0.4630    0.7049
   -0.6583   -0.7527    0.0073
    0.5272   -0.4680   -0.7092
...    66 C-G ...
  -77.7887 -137.5011   -0.9674
    0.0448   -0.7968    0.6025
   -0.7946   -0.3939   -0.4620
    0.6055   -0.4581   -0.6508
...    67 G-C ...
  -76.5456 -139.5161   -3.5257
   -0.4359   -0.8628    0.2560
   -0.6386    0.0961   -0.7635
    0.6341   -0.4963   -0.5929
...    68 G-C ...
  -74.3109 -141.3189   -5.3068
   -0.7392   -0.6455   -0.1923
   -0.2847    0.5581   -0.7794
    0.6104   -0.5214   -0.5963
...    69 G-C ...
  -72.3346 -143.2765   -7.1638
   -0.8177   -0.1929   -0.5424
    0.1829    0.8063   -0.5625
    0.5458   -0.5592   -0.6240
...    70 A-T ...
  -70.5480 -145.3892   -9.0726
   -0.5339    0.3283   -0.7792
    0.6326    0.7666   -0.1105
    0.5611   -0.5519   -0.6169
...    71 T-A ...
  -69.1866 -147.5723  -11.1502
   -0.1362    0.6885   -0.7123
    0.8132    0.4883    0.3165
    0.5658   -0.5362   -0.6265
...    72 C-G ...
  -67.4886 -149.3541  -13.3688
    0.3517    0.8606   -0.3684
    0.7284   -0.0044    0.6851
    0.5880   -0.5093   -0.6284
...    73 C-G ...
  -65.7411 -151.2286  -15.4447
    0.5716    0.8094    0.1344
    0.4346   -0.4376    0.7872
    0.6960   -0.3916   -0.6019
...    74 G-C ...
  -63.1456 -152.5605  -17.0326
    0.5755    0.5214    0.6300
    0.1046   -0.8110    0.5756
    0.8111   -0.2654   -0.5213
...    75 C-G ...
  -60.2694 -152.8926  -18.9185
    0.5057   -0.0214    0.8625
   -0.2214   -0.9694    0.1058
    0.8338   -0.2445   -0.4949
...    76 T-A ...
  -57.0490 -153.3258  -20.1620
    0.2730   -0.5564    0.7848
   -0.4042   -0.8066   -0.4313
    0.8730   -0.1995   -0.4451
...    77 T-A ...
  -54.0288 -153.7352  -21.3294
    0.0167   -0.9275    0.3735
   -0.4726   -0.3365   -0.8145
    0.8811   -0.1629   -0.4440
...    78 T-A ...
  -51.0044 -154.1770  -22.4684
   -0.2202   -0.9594   -0.1762
   -0.3986    0.2534   -0.8814
    0.8903   -0.1239   -0.4382
...    79 A-T ...
  -48.3256 -153.9998  -24.4355
   -0.3022   -0.6178   -0.7260
   -0.2131    0.7861   -0.5802
    0.9291   -0.0207   -0.3692
...    80 A-T ...
  -45.2712 -154.4275  -25.4481
   -0.3298   -0.0658   -0.9417
   -0.0256    0.9978   -0.0608
    0.9437    0.0040   -0.3308
...    81 T-A ...
  -42.2098 -155.1817  -26.6076
   -0.2773    0.4477   -0.8501
    0.1295    0.8941    0.4287
    0.9520    0.0089   -0.3059
...    82 C-G ...
  -39.0737 -155.2820  -27.5340
   -0.1968    0.8976   -0.3944
    0.2368    0.4339    0.8693
    0.9514    0.0777   -0.2980
...    83 A-T ...
  -35.8503 -155.1830  -28.5435
   -0.1645    0.9708    0.1746
    0.3266   -0.1134    0.9383
    0.9307    0.2113   -0.2984
...    84 T-A ...
  -33.0637 -154.2283  -29.8627
   -0.0584    0.7773    0.6264
    0.3777   -0.5637    0.7346
    0.9241    0.2795   -0.2606
...    85 G-C ...
  -29.9629 -152.8485  -30.6813
    0.0157    0.2863    0.9580
    0.3836   -0.8865    0.2587
    0.9234    0.3634   -0.1238
...    86 T-A ...
  -27.2284 -150.9805  -30.9827
    0.1680   -0.2157    0.9619
    0.3509   -0.8988   -0.2628
    0.9212    0.3816   -0.0753
...    87 T-A ...
  -24.3787 -149.6141  -31.0039
    0.2945   -0.6719    0.6795
    0.2464   -0.6336   -0.7333
    0.9233    0.3834   -0.0210
...    88 A-T ...
  -21.2216 -148.4896  -31.1511
    0.3537   -0.9274    0.1221
    0.0571   -0.1089   -0.9924
    0.9336    0.3580    0.0145
...    89 T-A ...
  -18.2609 -147.4031  -30.3653
    0.3676   -0.8471   -0.3838
   -0.1177    0.3670   -0.9228
    0.9225    0.3844    0.0352
...    90 A-T ...
  -15.2244 -145.8426  -30.4051
    0.2555   -0.4091   -0.8760
   -0.3218    0.8184   -0.4760
    0.9117    0.4035    0.0774
...    91 A-T ...
  -12.2485 -144.6866  -30.0551
    0.0582    0.1341   -0.9893
   -0.4399    0.8930    0.0952
    0.8962    0.4296    0.1110
...    92 C-G ...
   -8.9252 -143.8397  -29.8466
   -0.1838    0.5993   -0.7791
   -0.4249    0.6663    0.6128
    0.8864    0.4437    0.1322
...    93 G-C ...
   -6.2838 -142.0362  -29.3046
   -0.5114    0.7867   -0.3458
   -0.2678    0.2365    0.9340
    0.8166    0.5702    0.0897
...    94 G-C ...
   -3.7607 -139.9457  -29.2844
   -0.6682    0.7256    0.1641
    0.0508   -0.1755    0.9832
    0.7422    0.6653    0.0804
...    95 A-T ...
   -1.5684 -137.5830  -29.0998
   -0.5810    0.4422    0.6833
    0.4412   -0.5344    0.7209
    0.6840    0.7203    0.1154
...    96 C-G ...
    0.1584 -134.9295  -28.7753
   -0.3308    0.0634    0.9416
    0.6873   -0.6675    0.2864
    0.6467    0.7419    0.1772
...    97 A-T ...
    2.0972 -132.3550  -27.9505
    0.0095   -0.3926    0.9197
    0.7889   -0.5622   -0.2481
    0.6144    0.7279    0.3044
...    98 C-G ...
    3.6261 -129.7682  -26.4584
    0.3876   -0.6477    0.6559
    0.6933   -0.2641   -0.6705
    0.6075    0.7146    0.3467
...    99 T-A ...
    5.4334 -127.3115  -24.4977
    0.6908   -0.7018    0.1737
    0.3837    0.1522   -0.9108
    0.6128    0.6959    0.3744
...   100 T-A ...
    7.3208 -125.1915  -22.8887
    0.8160   -0.4490   -0.3640
   -0.0837    0.5314   -0.8430
    0.5719    0.7183    0.3961
...   101 T-A ...
    9.2002 -123.0622  -21.2817
    0.6506   -0.0364   -0.7585
   -0.5383    0.6824   -0.4944
    0.5356    0.7300    0.4244
...   102 A-T ...
   10.7686 -120.3977  -19.9253
    0.1978    0.3796   -0.9038
   -0.8325    0.5518    0.0496
    0.5175    0.7426    0.4251
...   103 T-A ...
   13.0266 -118.3020  -18.8473
   -0.2273    0.5678   -0.7912
   -0.8339    0.3061    0.4593
    0.5030    0.7641    0.4039
...   104 G-C ...
   14.7941 -115.6814  -17.7991
   -0.7315    0.5572   -0.3930
   -0.5131   -0.0704    0.8554
    0.4489    0.8274    0.3374
...   105 C-G ...
   16.0149 -112.7578  -17.1592
   -0.9251    0.3697    0.0869
   -0.0596   -0.3672    0.9282
    0.3751    0.8535    0.3617
...   106 T-A ...
   17.0113 -109.5889  -16.3033
   -0.8248    0.0635    0.5619
    0.4675   -0.4824    0.7408
    0.3181    0.8736    0.3682
...   107 T-A ...
   17.7945 -106.6941  -15.2149
   -0.4648   -0.2715    0.8427
    0.8471   -0.4132    0.3341
    0.2575    0.8692    0.4221
...   108 C-G ...
   18.3163 -103.8577  -13.6567
    0.0541   -0.5152    0.8554
    0.9721   -0.1686   -0.1630
    0.2282    0.8403    0.4917
...   109 C-G ...
   18.8486 -101.1607  -11.8660
    0.5114   -0.6168    0.5984
    0.8192    0.1397   -0.5562
    0.2594    0.7746    0.5768
...   110 G-C ...
   19.9585  -98.9242  -10.1324
    0.8222   -0.5367    0.1892
    0.4765    0.4674   -0.7447
    0.3112    0.7025    0.6401
...   111 G-C ...
   21.3716  -97.0148   -7.7288
    0.9350   -0.2266   -0.2726
   -0.0283    0.7188   -0.6947
    0.3534    0.6573    0.6657
...   112 C-G ...
   22.8688  -95.2999   -5.2630
    0.7621    0.1811   -0.6217
   -0.5248    0.7351   -0.4292
    0.3793    0.6533    0.6552
...   113 T-A ...
   24.2700  -93.3039   -3.0468
    0.3759    0.5286   -0.7611
   -0.8419    0.5379   -0.0422
    0.3871    0.6566    0.6473
...   114 C-G ...
   25.5187  -91.0746   -0.9239
   -0.1865    0.7254   -0.6626
   -0.9063    0.1333    0.4010
    0.3792    0.6753    0.6326
...   115 G-C ...
   26.3139  -88.8837    1.4264
   -0.6963    0.6150   -0.3702
   -0.6477   -0.3159    0.6934
    0.3094    0.7225    0.6182
...   116 T-A ...
   27.3005  -86.1167    2.8842
   -0.9480    0.3181    0.0052
   -0.1937   -0.5901    0.7837
    0.2524    0.7420    0.6211
...   117 A-T ...
   27.8758  -83.1125    4.4955
   -0.9266   -0.1463    0.3463
    0.3552   -0.6425    0.6790
    0.1231    0.7522    0.6473
...   118 T-A ...
   27.8166  -80.3271    6.1150
   -0.6411   -0.4483    0.6229
    0.7591   -0.4898    0.4288
    0.1128    0.7478    0.6543
...   119 A-T ...
   28.0824  -77.9885    8.3929
   -0.1687   -0.7224    0.6706
    0.9848   -0.1514    0.0846
    0.0404    0.6747    0.7370
...   120 A-T ...
   27.8534  -75.9138   10.8595
    0.3969   -0.7164    0.5738
    0.9173    0.2876   -0.2755
    0.0323    0.6356    0.7713
...   121 T-A ...
   27.3906  -74.1850   13.6713
    0.8075   -0.4703    0.3561
    0.5895    0.6213   -0.5162
    0.0215    0.6268    0.7789
...   122 G-C ...
   27.4685  -72.3219   16.5191
    0.9964   -0.0676   -0.0514
    0.0226    0.7944   -0.6070
    0.0819    0.6036    0.7931
...   123 T-A ...
   27.9057  -70.7836   19.3740
    0.8805    0.3317   -0.3388
   -0.4665    0.7333   -0.4946
    0.0844    0.5935    0.8004
...   124 G-C ...
   28.3097  -68.8512   22.0335
    0.4549    0.6602   -0.5977
   -0.8810    0.4319   -0.1934
    0.1305    0.6145    0.7780
...   125 T-A ...
   29.2265  -67.0731   24.5706
   -0.0627    0.7690   -0.6361
   -0.9898    0.0336    0.1382
    0.1277    0.6383    0.7591
...   126 C-G ...
   29.6864  -65.0184   26.9320
   -0.6243    0.6483   -0.4357
   -0.7702   -0.4177    0.4821
    0.1305    0.6366    0.7601
...   127 G-C ...
   29.6395  -63.1338   29.5935
   -0.9275    0.2494   -0.2785
   -0.3726   -0.6766    0.6352
   -0.0300    0.6929    0.7204
...   128 A-T ...
   29.7002  -60.9570   31.8530
   -0.9738   -0.1944    0.1182
    0.2233   -0.7172    0.6601
   -0.0436    0.6692    0.7418
...   129 C-G ...
   29.1821  -58.3176   33.7493
   -0.7158   -0.5731    0.3989
    0.6923   -0.5077    0.5129
   -0.0914    0.6433    0.7601
...   130 C-G ...
   28.0501  -56.2602   36.2450
   -0.2635   -0.8303    0.4911
    0.9488   -0.1312    0.2873
   -0.1741    0.5417    0.8224
...   131 A-T ...
   27.7644  -54.9076   39.2731
    0.2867   -0.8623    0.4174
    0.9416    0.3340    0.0434
   -0.1768    0.3806    0.9077
...   132 A-T ...
   27.0490  -53.9046   42.3081
    0.7631   -0.5375    0.3590
    0.6203    0.7650   -0.1732
   -0.1816    0.3548    0.9171
...   133 A-T ...
   26.2393  -53.1029   45.3906
    0.9718    0.0312    0.2338
    0.0562    0.9320   -0.3581
   -0.2290    0.3612    0.9039
...   134 T-A ...
   25.6209  -52.5913   48.6399
    0.8597    0.5097    0.0340
   -0.4497    0.7866   -0.4231
   -0.2424    0.3485    0.9054
...   135 G-C ...
   25.2757  -52.5096   52.0790
    0.3204    0.9427   -0.0928
   -0.8825    0.2614   -0.3910
   -0.3443    0.2071    0.9157
...   136 T-A ...
   25.5258  -52.9787   55.8048
   -0.2439    0.9563   -0.1610
   -0.8908   -0.2866   -0.3525
   -0.3833    0.0575    0.9218
...   137 G-C ...
   24.8933  -52.7377   58.9864
   -0.7529    0.5562   -0.3519
   -0.5215   -0.8303   -0.1966
   -0.4015    0.0355    0.9152
...   138 A-T ...
   24.0143  -51.6374   61.9241
   -0.9563    0.0401   -0.2896
   -0.0524   -0.9980    0.0347
   -0.2876    0.0484    0.9565
...   139 G-C ...
   22.3467  -51.2411   64.4939
   -0.8529   -0.5118   -0.1033
    0.4974   -0.8566    0.1373
   -0.1587    0.0657    0.9851
...   140 C-G ...
   22.1503  -50.1498   67.4637
   -0.4681   -0.8748    0.1248
    0.8495   -0.4066    0.3362
   -0.2434    0.2634    0.9335
...   141 G-C ...
   21.4256  -51.8266   72.7875
    0.1303   -0.7143   -0.6876
    0.8897   -0.2217    0.3990
   -0.4375   -0.6638    0.6066
...   142 C-G ...
   20.4245  -54.3094   74.5417
    0.5846   -0.7390   -0.3348
    0.7594    0.3532    0.5465
   -0.2856   -0.5737    0.7676
...   143 T-A ...
   18.4271  -55.5290   76.5298
    0.8548   -0.5005    0.1370
    0.3188    0.7148    0.6224
   -0.4095   -0.4884    0.7706
...   144 C-G ...
   16.8371  -57.7222   78.2673
    0.8529   -0.0846    0.5151
   -0.1508    0.9048    0.3983
   -0.4998   -0.4174    0.7589
...   145 A-T ...
   15.7829  -59.5615   80.7980
    0.5516    0.4995    0.6680
   -0.6739    0.7388    0.0039
   -0.4916   -0.4523    0.7441
...   146 C-G ...
   15.7314  -61.4940   83.9315
    0.0344    0.7399    0.6718
   -0.8637    0.3602   -0.3526
   -0.5029   -0.5681    0.6514
...   147 A-T ...
   14.7383  -63.4279   86.8191
   -0.5924    0.6746    0.4405
   -0.6886   -0.1401   -0.7114
   -0.4182   -0.7248    0.5475
