  147 base-pairs
...     1 T-A ...
    0.0000    0.0000    0.0000
    1.0000    0.0000    0.0000
    0.0000    1.0000    0.0000
    0.0000    0.0000    1.0000
...     2 G-C ...
   -0.5555   -1.1003    3.3981
    0.7749    0.6051    0.1828
   -0.5991    0.7953   -0.0929
   -0.2016   -0.0375    0.9787
...     3 T-A ...
   -0.6619   -3.0237    6.5348
    0.3046    0.9250    0.2271
   -0.8994    0.3578   -0.2510
   -0.3134   -0.1278    0.9410
...     4 G-C ...
   -1.1607   -3.8418    9.6940
   -0.3351    0.9421    0.0133
   -0.8752   -0.3061   -0.3746
   -0.3489   -0.1372    0.9271
...     5 A-T ...
   -1.3881   -3.6770   12.8999
   -0.7835    0.6162   -0.0801
   -0.5677   -0.7622   -0.3109
   -0.2527   -0.1981    0.9470
...     6 G-C ...
   -2.6236   -3.5448   15.7072
   -0.9923    0.0611   -0.1075
   -0.0294   -0.9610   -0.2748
   -0.1201   -0.2695    0.9555
...     7 C-G ...
   -2.3138   -3.7570   18.8866
   -0.8620   -0.4995   -0.0864
    0.5008   -0.8655    0.0073
   -0.0785   -0.0370    0.9962
...     8 G-C ...
   -3.9561   -6.8109   23.3205
   -0.2581   -0.3560   -0.8981
    0.6294   -0.7673    0.1233
   -0.7330   -0.5335    0.4221
...     9 C-G ...
   -6.1177   -8.9414   24.2385
    0.1143   -0.7320   -0.6716
    0.8123   -0.3203    0.4874
   -0.5720   -0.6013    0.5580
...    10 T-A ...
   -8.5041   -9.6771   26.0540
    0.4660   -0.8587   -0.2131
    0.6274    0.1508    0.7640
   -0.6239   -0.4897    0.6090
...    11 C-G ...
  -11.0625  -11.3174   27.2336
    0.6660   -0.6911    0.2808
    0.3382    0.6152    0.7121
   -0.6649   -0.3794    0.6435
...    12 A-T ...
  -13.0013  -13.1789   29.0658
    0.7188   -0.1490    0.6790
   -0.1787    0.9043    0.3876
   -0.6718   -0.4000    0.6235
...    13 C-G ...
  -14.1788  -15.9359   31.3399
    0.4052    0.2865    0.8682
   -0.5270    0.8492   -0.0343
   -0.7470   -0.4437    0.4951
...    14 A-T ...
  -15.9532  -18.1566   33.3080
   -0.1503    0.6873    0.7107
   -0.6106    0.5008   -0.6135
   -0.7776   -0.5261    0.3444
...    15 A-T ...
  -18.3191  -19.9479   34.6312
   -0.4775    0.8452    0.2400
   -0.4027    0.0322   -0.9148
   -0.7809   -0.5335    0.3249
...    16 T-A ...
  -20.6663  -21.5246   36.3081
   -0.6061    0.7537   -0.2543
   -0.1024   -0.3910   -0.9147
   -0.7888   -0.5283    0.3141
...    17 T-A ...
  -23.2416  -23.0721   37.5113
   -0.5363    0.4236   -0.7300
    0.2566   -0.7421   -0.6192
   -0.8041   -0.5194    0.2893
...    18 T-A ...
  -25.9537  -24.5265   38.5011
   -0.2725   -0.0380   -0.9614
    0.5067   -0.8551   -0.1098
   -0.8179   -0.5170    0.2523
...    19 A-T ...
  -28.8599  -26.0702   39.0337
    0.1623   -0.4200   -0.8929
    0.5348   -0.7230    0.4373
   -0.8292   -0.5485    0.1073
...    20 T-A ...
  -31.8366  -27.4379   38.8934
    0.4236   -0.7127   -0.5591
    0.3723   -0.4257    0.8247
   -0.8258   -0.5575    0.0850
...    21 T-A ...
  -34.5684  -29.1835   38.8717
    0.5650   -0.8251   -0.0006
    0.0568    0.0382    0.9977
   -0.8231   -0.5637    0.0685
...    22 C-G ...
  -37.1575  -31.1839   38.9884
    0.5096   -0.6352    0.5804
   -0.3069    0.4959    0.8123
   -0.8038   -0.5921    0.0578
...    23 G-C ...
  -39.8966  -33.0060   39.5801
    0.3091   -0.2012    0.9295
   -0.5769    0.7373    0.3515
   -0.7560   -0.6449    0.1118
...    24 C-G ...
  -42.1162  -35.4476   39.9723
   -0.0395    0.2519    0.9669
   -0.6603    0.7197   -0.2145
   -0.7499   -0.6470    0.1379
...    25 A-T ...
  -44.7777  -37.3995   40.3199
   -0.3629    0.6627    0.6551
   -0.5265    0.4343   -0.7309
   -0.7688   -0.6102    0.1913
...    26 A-T ...
  -47.1479  -39.4530   41.1823
   -0.6119    0.7813    0.1233
   -0.2109   -0.0109   -0.9774
   -0.7623   -0.6241    0.1715
...    27 A-T ...
  -49.6137  -41.4031   41.9924
   -0.6226    0.6386   -0.4524
    0.1842   -0.4422   -0.8778
   -0.7606   -0.6298    0.1577
...    28 G-C ...
  -52.2792  -43.2344   42.6736
   -0.3716    0.3672   -0.8527
    0.4844   -0.7068   -0.5155
   -0.7920   -0.6046    0.0848
...    29 G-C ...
  -55.1803  -44.9405   42.9255
    0.0311    0.0027   -0.9995
    0.5929   -0.8051    0.0163
   -0.8047   -0.5931   -0.0266
...    30 C-G ...
  -58.0587  -46.5105   42.5850
    0.3979   -0.3861   -0.8322
    0.4692   -0.6939    0.5462
   -0.7884   -0.6078   -0.0949
...    31 C-G ...
  -60.7176  -48.4337   41.8004
    0.6661   -0.6286   -0.4014
    0.1544   -0.4102    0.8988
   -0.7297   -0.6607   -0.1762
...    32 G-C ...
  -62.9172  -50.9200   41.4049
    0.7237   -0.6661    0.1802
   -0.2828   -0.0481    0.9580
   -0.6295   -0.7443   -0.2232
...    33 G-C ...
  -64.6797  -53.6282   40.4216
    0.5010   -0.5285    0.6853
   -0.6589    0.2806    0.6980
   -0.5612   -0.8012   -0.2077
...    34 C-G ...
  -66.1376  -56.5076   39.6347
    0.0721   -0.2658    0.9613
   -0.8409    0.5022    0.2019
   -0.5364   -0.8229   -0.1873
...    35 C-G ...
  -67.7201  -59.4589   39.2104
   -0.3759    0.0976    0.9215
   -0.7573    0.5407   -0.3662
   -0.5340   -0.8355   -0.1293
...    36 C-G ...
  -69.4094  -62.3785   39.0436
   -0.7021    0.4236    0.5723
   -0.4326    0.3847   -0.8154
   -0.5656   -0.8201   -0.0869
...    37 G-C ...
  -71.4196  -64.9613   38.3299
   -0.7742    0.6327    0.0168
    0.0413    0.0769   -0.9962
   -0.6316   -0.7705   -0.0857
...    38 A-T ...
  -73.4655  -67.5176   38.1490
   -0.5819    0.5809   -0.5692
    0.4977   -0.2991   -0.8141
   -0.6431   -0.7570   -0.1151
...    39 C-G ...
  -75.9649  -69.6785   38.1337
   -0.2127    0.3707   -0.9040
    0.7300   -0.5548   -0.3993
   -0.6495   -0.7449   -0.1526
...    40 A-T ...
  -78.0917  -72.1824   37.5245
    0.3130    0.0998   -0.9445
    0.7110   -0.6840    0.1633
   -0.6297   -0.7226   -0.2850
...    41 C-G ...
  -80.4762  -74.0662   36.2846
    0.6682   -0.2234   -0.7096
    0.4410   -0.6492    0.6197
   -0.5991   -0.7271   -0.3353
...    42 G-C ...
  -82.1847  -76.7193   35.1860
    0.8820   -0.4241   -0.2054
   -0.0198   -0.4689    0.8830
   -0.4708   -0.7747   -0.4220
...    43 A-T ...
  -83.5584  -79.2730   33.6817
    0.7302   -0.5775    0.3650
   -0.5420   -0.1645    0.8241
   -0.4159   -0.7996   -0.4332
...    44 C-G ...
  -84.3748  -81.9025   31.8477
    0.3533   -0.5560    0.7523
   -0.8553    0.1339    0.5006
   -0.3791   -0.8203   -0.4283
...    45 T-A ...
  -85.2511  -84.7780   30.4551
   -0.1391   -0.3679    0.9194
   -0.9291    0.3698    0.0075
   -0.3428   -0.8531   -0.3933
...    46 T-A ...
  -86.0556  -87.6789   29.2072
   -0.6653   -0.1226    0.7364
   -0.6768    0.5154   -0.5256
   -0.3151   -0.8481   -0.4259
...    47 A-T ...
  -87.2574  -90.2350   27.3293
   -0.9616    0.1893    0.1986
   -0.0822    0.4919   -0.8668
   -0.2617   -0.8499   -0.4574
...    48 C-G ...
  -88.2478  -93.2753   26.3764
   -0.8580    0.4273   -0.2851
    0.4398    0.3246   -0.8374
   -0.2652   -0.8439   -0.4664
...    49 T-A ...
  -89.4012  -96.0713   25.0045
   -0.4819    0.5785   -0.6582
    0.8289    0.0574   -0.5564
   -0.2841   -0.8137   -0.5072
...    50 G-C ...
  -90.2863  -98.6938   23.1489
    0.0935    0.6074   -0.7888
    0.9568   -0.2741   -0.0976
   -0.2755   -0.7456   -0.6068
...    51 T-A ...
  -91.7150 -100.8002   21.0657
    0.5851    0.4247   -0.6909
    0.7754   -0.5426    0.3231
   -0.2377   -0.7247   -0.6468
...    52 A-T ...
  -92.5211 -102.8833   18.5848
    0.9344    0.1985   -0.2959
    0.3448   -0.7135    0.6100
   -0.0900   -0.6719   -0.7351
...    53 G-C ...
  -92.7054 -104.8077   15.9190
    0.9834   -0.1244    0.1317
   -0.1805   -0.7350    0.6536
    0.0155   -0.6666   -0.7453
...    54 G-C ...
  -92.1594 -106.8227   13.2718
    0.7321   -0.4225    0.5343
   -0.6678   -0.5996    0.4409
    0.1341   -0.6797   -0.7212
...    55 T-A ...
  -91.1243 -108.7598   10.8171
    0.2762   -0.6498    0.7082
   -0.9457   -0.3150    0.0798
    0.1713   -0.6918   -0.7015
...    56 A-T ...
  -90.8058 -111.1479    8.4895
   -0.3599   -0.7099    0.6054
   -0.9112    0.1281   -0.3915
    0.2003   -0.6926   -0.6930
...    57 T-A ...
  -89.5797 -113.5898    6.6143
   -0.7695   -0.5639    0.2998
   -0.5982    0.4721   -0.6475
    0.2236   -0.6776   -0.7006
...    58 C-G ...
  -88.8359 -115.9161    4.4060
   -0.9725   -0.1775   -0.1508
   -0.0221    0.7148   -0.6989
    0.2319   -0.6764   -0.6991
...    59 T-A ...
  -88.2265 -118.3822    2.2617
   -0.8420    0.2480   -0.4791
    0.4964    0.7041   -0.5078
    0.2114   -0.6654   -0.7159
...    60 C-G ...
  -87.5633 -120.6493   -0.0245
   -0.3942    0.6320   -0.6672
    0.8921    0.4375   -0.1127
    0.2207   -0.6397   -0.7363
...    61 G-C ...
  -86.4558 -122.6924   -2.4221
    0.1220    0.8503   -0.5119
    0.9580    0.0340    0.2848
    0.2596   -0.5251   -0.8105
...    62 A-T ...
  -85.6982 -124.3898   -5.0867
    0.6228    0.7569   -0.1979
    0.7182   -0.4528    0.5285
    0.3104   -0.4713   -0.8256
...    63 G-C ...
  -84.7547 -125.6163   -7.9856
    0.8594    0.4750    0.1893
    0.3107   -0.7791    0.5445
    0.4061   -0.4092   -0.8171
...    64 C-G ...
  -83.3188 -126.4263  -10.8198
    0.8587    0.0254    0.5118
   -0.1731   -0.9257    0.3364
    0.4823   -0.3775   -0.7905
...    65 T-A ...
  -81.4258 -127.3177  -13.3563
    0.6050   -0.4183    0.6775
   -0.5547   -0.8319   -0.0183
    0.5712   -0.3647   -0.7353
...    66 C-G ...
  -79.3449 -128.5412  -15.5495
    0.1557   -0.8101    0.5653
   -0.7732   -0.4561   -0.4406
    0.6148   -0.3685   -0.6974
...    67 G-C ...
  -77.5871 -130.1621  -17.8868
   -0.3444   -0.9008    0.2644
   -0.6769    0.0431   -0.7348
    0.6506   -0.4320   -0.6246
...    68 G-C ...
  -75.3075 -131.8599  -19.7139
   -0.6835   -0.7119   -0.1613
   -0.3530    0.5158   -0.7806
    0.6389   -0.4766   -0.6039
...    69 G-C ...
  -73.1402 -133.6722  -21.5673
   -0.7869   -0.2897   -0.5448
    0.0892    0.8202   -0.5651
    0.6106   -0.4933   -0.6196
...    70 A-T ...
  -71.0674 -135.3673  -23.4805
   -0.5805    0.2565   -0.7728
    0.5250    0.8434   -0.1145
    0.6224   -0.4722   -0.6243
...    71 T-A ...
  -69.4812 -137.4039  -25.5426
   -0.2288    0.6467   -0.7276
    0.7340    0.6056    0.3075
    0.6395   -0.4637   -0.6132
...    72 C-G ...
  -67.4426 -138.9966  -27.5551
    0.2043    0.9033   -0.3772
    0.7162    0.1247    0.6867
    0.6674   -0.4104   -0.6214
...    73 C-G ...
  -65.4303 -140.3105  -29.9273
    0.4563    0.8814    0.1224
    0.5010   -0.3681    0.7832
    0.7354   -0.2961   -0.6096
...    74 G-C ...
  -62.7705 -141.2223  -31.7221
    0.5045    0.5960    0.6247
    0.2144   -0.7873    0.5781
    0.8364   -0.1578   -0.5250
...    75 C-G ...
  -59.9959 -141.1562  -33.4704
    0.4712    0.1014    0.8762
   -0.0512   -0.9885    0.1420
    0.8805   -0.1117   -0.4606
...    76 T-A ...
  -56.9591 -141.1341  -34.7390
    0.3007   -0.4123    0.8600
   -0.2256   -0.9069   -0.3560
    0.9267   -0.0869   -0.3657
...    77 T-A ...
  -53.8652 -141.1873  -35.7043
    0.1241   -0.8520    0.5086
   -0.3291   -0.5189   -0.7890
    0.9361   -0.0695   -0.3447
...    78 T-A ...
  -50.7121 -141.2815  -36.5063
   -0.0488   -0.9976   -0.0489
   -0.3275    0.0623   -0.9428
    0.9436   -0.0300   -0.3298
...    79 A-T ...
  -47.7001 -141.0613  -38.0519
   -0.1695   -0.7203   -0.6726
   -0.2319    0.6925   -0.6831
    0.9579    0.0402   -0.2844
...    80 A-T ...
  -44.5123 -141.1773  -38.7507
   -0.2151   -0.1819   -0.9595
   -0.1181    0.9801   -0.1593
    0.9694    0.0790   -0.2323
...    81 C-G ...
  -41.2992 -141.5101  -39.5613
   -0.2533    0.3580   -0.8987
   -0.0046    0.9285    0.3712
    0.9674    0.0982   -0.2335
...    82 A-T ...
  -38.0716 -141.0109  -40.1542
   -0.3083    0.8058   -0.5055
    0.1285    0.5618    0.8172
    0.9426    0.1870   -0.2768
...    83 C-G ...
  -35.1687 -140.5641  -41.6085
   -0.2509    0.9680   -0.0043
    0.2596    0.0715    0.9631
    0.9325    0.2405   -0.2693
...    84 T-A ...
  -32.2652 -139.5394  -42.7585
   -0.1867    0.8407    0.5082
    0.3619   -0.4221    0.8312
    0.9133    0.3391   -0.2255
...    85 T-A ...
  -29.4390 -138.2309  -43.5719
   -0.0240    0.4547    0.8903
    0.4199   -0.8036    0.4218
    0.9073    0.3839   -0.1717
...    86 T-A ...
  -26.6305 -136.7325  -44.0694
    0.1571   -0.0759    0.9847
    0.3907   -0.9109   -0.1325
    0.9070    0.4055   -0.1134
...    87 A-T ...
  -23.6712 -135.2175  -44.0282
    0.2255   -0.6050    0.7636
    0.3096   -0.6987   -0.6450
    0.9237    0.3819    0.0297
...    88 T-A ...
  -20.8756 -133.6276  -43.3323
    0.3512   -0.8731    0.3383
    0.1728   -0.2946   -0.9398
    0.9202    0.3885    0.0474
...    89 G-C ...
  -17.7298 -132.5899  -43.3494
    0.3365   -0.9032   -0.2665
   -0.0122    0.2788   -0.9603
    0.9416    0.3264    0.0828
...    90 C-G ...
  -14.5511 -131.7882  -42.7666
    0.2659   -0.6035   -0.7517
   -0.1790    0.7353   -0.6537
    0.9472    0.3084    0.0875
...    91 T-A ...
  -11.3259 -131.0792  -42.3928
    0.1154   -0.1241   -0.9855
   -0.2901    0.9447   -0.1530
    0.9500    0.3036    0.0730
...    92 T-A ...
   -8.1551 -130.3934  -42.0779
   -0.0371    0.4545   -0.8900
   -0.3317    0.8345    0.4400
    0.9426    0.3116    0.1198
...    93 C-G ...
   -5.0300 -129.4669  -41.6841
   -0.2584    0.8456   -0.4672
   -0.2693    0.4014    0.8754
    0.9277    0.3521    0.1240
...    94 C-G ...
   -1.8473 -128.3500  -41.5812
   -0.4665    0.8830    0.0511
   -0.1023   -0.1113    0.9885
    0.8786    0.4560    0.1423
...    95 G-C ...
    0.9984 -126.8035  -40.8020
   -0.5955    0.5986    0.5357
    0.1729   -0.5557    0.8132
    0.7845    0.5769    0.2274
...    96 G-C ...
    3.3249 -124.4644  -40.1384
   -0.5171    0.1446    0.8436
    0.4853   -0.7624    0.4281
    0.7051    0.6308    0.3240
...    97 C-G ...
    5.1930 -122.0218  -38.9866
   -0.2341   -0.3258    0.9160
    0.7121   -0.6989   -0.0666
    0.6619    0.6367    0.3956
...    98 T-A ...
    7.0144 -119.7892  -37.3880
    0.1144   -0.6847    0.7198
    0.7708   -0.3959   -0.4991
    0.6267    0.6119    0.4825
...    99 C-G ...
    8.9959 -117.9314  -35.5706
    0.5258   -0.8010    0.2864
    0.5887    0.0996   -0.8022
    0.6140    0.5904    0.5239
...   100 G-C ...
   11.3593 -116.0852  -34.1047
    0.7260   -0.6421   -0.2462
    0.2340    0.5673   -0.7895
    0.6466    0.5156    0.5621
...   101 T-A ...
   13.4442 -114.8435  -31.8062
    0.7427   -0.2452   -0.6231
   -0.1809    0.8225   -0.5393
    0.6447    0.5133    0.5665
...   102 T-A ...
   15.5801 -113.4561  -29.7671
    0.5321    0.3015   -0.7912
   -0.5902    0.8021   -0.0913
    0.6071    0.5155    0.6047
...   103 C-G ...
   17.6208 -111.8479  -27.7502
    0.0703    0.7092   -0.7015
   -0.8017    0.4586    0.3833
    0.5935    0.5355    0.6008
...   104 A-T ...
   19.3949 -110.0156  -25.6201
   -0.4543    0.7853   -0.4206
   -0.7019   -0.0249    0.7118
    0.5486    0.6186    0.5625
...   105 T-A ...
   21.5046 -107.8544  -24.3472
   -0.7555    0.6547   -0.0242
   -0.3876   -0.4169    0.8222
    0.5282    0.6306    0.5687
...   106 G-C ...
   23.0165 -105.6091  -22.3915
   -0.9150    0.2260    0.3341
    0.0920   -0.6895    0.7184
    0.3928    0.6882    0.6101
...   107 T-A ...
   23.9496 -102.9318  -20.7603
   -0.7658   -0.1983    0.6118
    0.5475   -0.7000    0.4585
    0.3373    0.6861    0.6446
...   108 T-A ...
   24.7849 -100.5808  -18.7101
   -0.3524   -0.5779    0.7361
    0.8849   -0.4618    0.0611
    0.3047    0.6729    0.6741
...   109 A-T ...
   25.5478  -98.4616  -16.2618
    0.1646   -0.8047    0.5705
    0.9487   -0.0291   -0.3148
    0.2699    0.5930    0.7586
...   110 T-A ...
   25.7926  -96.6890  -13.4977
    0.6185   -0.7104    0.3358
    0.7418    0.3870   -0.5477
    0.2592    0.5879    0.7663
...   111 A-T ...
   26.7956  -94.6095  -11.0776
    0.9438   -0.3247   -0.0625
    0.2171    0.7510   -0.6236
    0.2494    0.5749    0.7793
...   112 A-T ...
   27.5874  -93.0129   -8.3498
    0.9069    0.1878   -0.3771
   -0.3651    0.7970   -0.4811
    0.2102    0.5740    0.7914
...   113 C-G ...
   28.6527  -91.5812   -5.5364
    0.5808    0.5738   -0.5774
   -0.7856    0.5809   -0.2130
    0.2133    0.5773    0.7882
...   114 G-C ...
   28.9319  -89.4783   -2.9610
    0.0252    0.7451   -0.6665
   -0.9769    0.1598    0.1417
    0.2121    0.6475    0.7319
...   115 G-C ...
   29.9100  -87.2901   -0.5954
   -0.5185    0.6565   -0.5479
   -0.8391   -0.2673    0.4737
    0.1645    0.7054    0.6894
...   116 A-T ...
   30.5197  -84.9629    1.6024
   -0.9133    0.3468   -0.2138
   -0.3912   -0.5998    0.6980
    0.1138    0.7211    0.6834
...   117 A-T ...
   30.8446  -82.4516    3.6119
   -0.9811   -0.0654    0.1824
    0.1764   -0.6906    0.7014
    0.0801    0.7203    0.6891
...   118 T-A ...
   30.7632  -79.7175    5.4050
   -0.7698   -0.4182    0.4823
    0.6362   -0.5649    0.5255
    0.0527    0.7113    0.7009
...   119 A-T ...
   30.4954  -77.3739    7.7561
   -0.3140   -0.7514    0.5804
    0.9486   -0.2224    0.2252
   -0.0402    0.6213    0.7825
...   120 A-T ...
   30.0576  -75.4337   10.3090
    0.2642   -0.7619    0.5913
    0.9629    0.2428   -0.1174
   -0.0541    0.6005    0.7978
...   121 T-A ...
   29.2776  -73.8175   13.0639
    0.7090   -0.5431    0.4497
    0.7027    0.5973   -0.3865
   -0.0587    0.5901    0.8052
...   122 G-C ...
   29.3719  -71.8587   15.7388
    0.9835   -0.1586    0.0869
    0.1804    0.8248   -0.5359
    0.0133    0.5427    0.8398
...   123 T-A ...
   29.4829  -70.6251   18.8211
    0.9338    0.2867   -0.2139
   -0.3567    0.7922   -0.4952
    0.0275    0.5387    0.8420
...   124 G-C ...
   29.5528  -68.5976   21.4390
    0.5590    0.6523   -0.5119
   -0.8252    0.4982   -0.2662
    0.0814    0.5712    0.8167
...   125 T-A ...
   30.4038  -66.9159   24.1795
    0.0470    0.8082   -0.5870
   -0.9960    0.0827    0.0342
    0.0761    0.5831    0.8088
...   126 C-G ...
   30.7523  -64.9787   26.8007
   -0.5451    0.6890   -0.4777
   -0.8365   -0.4088    0.3649
    0.0561    0.5985    0.7992
...   127 G-C ...
   30.6332  -63.1823   29.6033
   -0.9134    0.2782   -0.2971
   -0.4032   -0.7180    0.5673
   -0.0555    0.6380    0.7680
...   128 A-T ...
   30.4623  -61.0220   32.0358
   -0.9753   -0.2174    0.0378
    0.1915   -0.7487    0.6346
   -0.1097    0.6262    0.7719
...   129 C-G ...
   29.7541  -58.6091   34.1466
   -0.7365   -0.5989    0.3145
    0.6584   -0.5281    0.5363
   -0.1551    0.6020    0.7833
...   130 C-G ...
   28.7760  -56.5844   36.6600
   -0.2631   -0.8494    0.4574
    0.9404   -0.1200    0.3182
   -0.2154    0.5139    0.8304
...   131 A-T ...
   28.0133  -55.0356   39.5114
    0.3165   -0.8370    0.4463
    0.9209    0.3840    0.0670
   -0.2274    0.3898    0.8924
...   132 A-T ...
   27.0677  -54.0083   42.4339
    0.7778   -0.4870    0.3974
    0.5855    0.7914   -0.1760
   -0.2288    0.3696    0.9006
...   133 A-T ...
   26.2486  -53.1114   45.4430
    0.9708    0.0429    0.2360
    0.0456    0.9329   -0.3572
   -0.2355    0.3576    0.9037
...   134 T-A ...
   25.6209  -52.5913   48.6399
    0.8597    0.5097    0.0340
   -0.4497    0.7866   -0.4231
   -0.2424    0.3485    0.9054
...   135 G-C ...
   25.2757  -52.5095   52.0790
    0.3204    0.9427   -0.0928
   -0.8825    0.2614   -0.3910
   -0.3443    0.2071    0.9157
...   136 T-A ...
   25.5258  -52.9786   55.8048
   -0.2439    0.9563   -0.1610
   -0.8908   -0.2866   -0.3525
   -0.3833    0.0575    0.9218
...   137 G-C ...
   24.8933  -52.7377   58.9864
   -0.7529    0.5562   -0.3519
   -0.5215   -0.8303   -0.1966
   -0.4015    0.0355    0.9152
...   138 A-T ...
   24.0143  -51.6373   61.9241
   -0.9563    0.0401   -0.2896
   -0.0524   -0.9980    0.0347
   -0.2876    0.0484    0.9565
...   139 G-C ...
   22.3467  -51.2411   64.4939
   -0.8529   -0.5118   -0.1033
    0.4974   -0.8566    0.1373
   -0.1587    0.0657    0.9851
...   140 C-G ...
   22.1503  -50.1498   67.4638
   -0.4681   -0.8748    0.1248
    0.8495   -0.4066    0.3362
   -0.2434    0.2634    0.9335
...   141 G-C ...
   21.4257  -51.8266   72.7875
    0.1303   -0.7143   -0.6876
    0.8897   -0.2217    0.3990
   -0.4375   -0.6638    0.6066
...   142 C-G ...
   20.4246  -54.3094   74.5417
    0.5846   -0.7390   -0.3348
    0.7594    0.3532    0.5465
   -0.2856   -0.5738    0.7676
...   143 T-A ...
   18.4271  -55.5290   76.5298
    0.8548   -0.5005    0.1370
    0.3188    0.7148    0.6224
   -0.4095   -0.4884    0.7706
...   144 C-G ...
   16.8372  -57.7222   78.2673
    0.8529   -0.0846    0.5151
   -0.1508    0.9048    0.3983
   -0.4998   -0.4174    0.7589
...   145 A-T ...
   15.7829  -59.5615   80.7980
    0.5516    0.4995    0.6680
   -0.6739    0.7388    0.0039
   -0.4916   -0.4523    0.7441
...   146 C-G ...
   15.7315  -61.4940   83.9316
    0.0344    0.7399    0.6718
   -0.8637    0.3602   -0.3526
   -0.5029   -0.5681    0.6514
...   147 A-T ...
   14.7384  -63.4279   86.8191
   -0.5924    0.6746    0.4405
   -0.6886   -0.1401   -0.7114
   -0.4182   -0.7248    0.5475
