  147 base-pairs
...     1 T-A ...
    0.0000    0.0000    0.0000
    1.0000    0.0000    0.0000
    0.0000    1.0000    0.0000
    0.0000    0.0000    1.0000
...     2 G-C ...
   -0.5555   -1.1003    3.3981
    0.7749    0.6051    0.1828
   -0.5991    0.7953   -0.0929
   -0.2016   -0.0375    0.9787
...     3 T-A ...
   -0.6619   -3.0237    6.5348
    0.3046    0.9250    0.2271
   -0.8994    0.3578   -0.2510
   -0.3134   -0.1278    0.9410
...     4 G-C ...
   -1.1607   -3.8418    9.6940
   -0.3351    0.9421    0.0133
   -0.8752   -0.3061   -0.3746
   -0.3489   -0.1372    0.9271
...     5 A-T ...
   -1.3881   -3.6770   12.8999
   -0.7835    0.6162   -0.0801
   -0.5677   -0.7622   -0.3109
   -0.2527   -0.1981    0.9470
...     6 G-C ...
   -2.6236   -3.5448   15.7072
   -0.9923    0.0611   -0.1075
   -0.0294   -0.9610   -0.2748
   -0.1201   -0.2695    0.9555
...     7 C-G ...
   -2.3138   -3.7570   18.8866
   -0.8620   -0.4995   -0.0864
    0.5008   -0.8655    0.0073
   -0.0785   -0.0370    0.9962
...     8 G-C ...
   -3.9561   -6.8109   23.3205
   -0.2581   -0.3560   -0.8981
    0.6294   -0.7673    0.1233
   -0.7330   -0.5335    0.4221
...     9 C-G ...
   -6.1177   -8.9414   24.2385
    0.1143   -0.7320   -0.6716
    0.8123   -0.3203    0.4874
   -0.5720   -0.6013    0.5580
...    10 T-A ...
   -8.5041   -9.6771   26.0540
    0.4660   -0.8587   -0.2131
    0.6274    0.1508    0.7640
   -0.6239   -0.4897    0.6090
...    11 C-G ...
  -11.0625  -11.3174   27.2336
    0.6660   -0.6911    0.2808
    0.3382    0.6152    0.7121
   -0.6649   -0.3794    0.6435
...    12 A-T ...
  -13.0013  -13.1789   29.0658
    0.7188   -0.1490    0.6790
   -0.1787    0.9043    0.3876
   -0.6718   -0.4000    0.6235
...    13 C-G ...
  -14.1788  -15.9359   31.3399
    0.4052    0.2865    0.8682
   -0.5270    0.8492   -0.0343
   -0.7470   -0.4437    0.4951
...    14 A-T ...
  -15.9532  -18.1566   33.3080
   -0.1503    0.6873    0.7107
   -0.6106    0.5008   -0.6135
   -0.7776   -0.5261    0.3444
...    15 A-T ...
  -18.3175  -19.9461   34.6363
   -0.4776    0.8449    0.2408
   -0.4045    0.0318   -0.9140
   -0.7799   -0.5340    0.3266
...    16 T-A ...
  -20.6589  -21.5254   36.3212
   -0.6086    0.7522   -0.2526
   -0.1045   -0.3916   -0.9142
   -0.7865   -0.5300    0.3169
...    17 T-A ...
  -23.2241  -23.0787   37.5420
   -0.5431    0.4194   -0.7274
    0.2570   -0.7417   -0.6195
   -0.7994   -0.5234    0.2950
...    18 T-A ...
  -25.9213  -24.5445   38.5600
   -0.2812   -0.0439   -0.9586
    0.5122   -0.8516   -0.1113
   -0.8115   -0.5223    0.2620
...    19 A-T ...
  -28.7984  -26.1207   39.1436
    0.1538   -0.4264   -0.8913
    0.5473   -0.7143    0.4362
   -0.8227   -0.5549    0.1235
...    20 T-A ...
  -31.7645  -27.5158   39.0590
    0.4220   -0.7137   -0.5591
    0.3888   -0.4146    0.8228
   -0.8190   -0.5646    0.1025
...    21 T-A ...
  -34.4781  -29.2878   39.0972
    0.5749   -0.8182   -0.0036
    0.0734    0.0472    0.9962
   -0.8150   -0.5729    0.0872
...    22 C-G ...
  -37.0402  -31.3146   39.2755
    0.5306   -0.6230    0.5747
   -0.2975    0.4980    0.8145
   -0.7937   -0.6032    0.0789
...    23 G-C ...
  -39.7293  -33.1828   39.9377
    0.3366   -0.1879    0.9227
   -0.5807    0.7299    0.3605
   -0.7413   -0.6572    0.1365
...    24 C-G ...
  -41.8848  -35.6623   40.4170
   -0.0165    0.2594    0.9656
   -0.6802    0.7050   -0.2010
   -0.7329   -0.6601    0.1648
...    25 A-T ...
  -44.4903  -37.6650   40.8760
   -0.3548    0.6610    0.6612
   -0.5593    0.4166   -0.7166
   -0.7492   -0.6241    0.2219
...    26 A-T ...
  -46.7858  -39.7585   41.8393
   -0.6247    0.7686    0.1377
   -0.2442   -0.0249   -0.9694
   -0.7417   -0.6392    0.2033
...    27 A-T ...
  -49.1754  -41.7564   42.7583
   -0.6548    0.6176   -0.4357
    0.1640   -0.4466   -0.8796
   -0.7378   -0.6474    0.1912
...    28 G-C ...
  -51.7632  -43.6516   43.5583
   -0.4142    0.3460   -0.8418
    0.4844   -0.6992   -0.5258
   -0.7706   -0.6256    0.1220
...    29 G-C ...
  -54.5966  -45.4425   43.9538
   -0.0092   -0.0105   -0.9999
    0.6178   -0.7863    0.0026
   -0.7862   -0.6178    0.0138
...    30 C-G ...
  -57.4356  -47.1070   43.7652
    0.3753   -0.3857   -0.8429
    0.5145   -0.6698    0.5355
   -0.7710   -0.6346   -0.0529
...    31 C-G ...
  -60.0694  -49.1186   43.1335
    0.6700   -0.6110   -0.4216
    0.2089   -0.3898    0.8969
   -0.7124   -0.6890   -0.1335
...    32 G-C ...
  -62.1997  -51.6783   42.8732
    0.7580   -0.6335    0.1552
   -0.2342   -0.0423    0.9713
   -0.6087   -0.7726   -0.1804
...    33 G-C ...
  -63.8917  -54.4709   42.0161
    0.5583   -0.4933    0.6670
   -0.6339    0.2650    0.7266
   -0.5353   -0.8285   -0.1647
...    34 C-G ...
  -65.2499  -57.4261   41.3577
    0.1365   -0.2429    0.9604
   -0.8512    0.4672    0.2392
   -0.5068   -0.8501   -0.1429
...    35 C-G ...
  -66.7064  -60.4579   41.0897
   -0.3267    0.0995    0.9399
   -0.8028    0.4955   -0.3315
   -0.4987   -0.8629   -0.0820
...    36 C-G ...
  -68.2611  -63.4546   41.0970
   -0.6876    0.4011    0.6052
   -0.4999    0.3429   -0.7953
   -0.5265   -0.8494   -0.0352
...    37 G-C ...
  -70.1852  -66.1433   40.5709
   -0.8055    0.5904    0.0509
   -0.0249    0.0520   -0.9983
   -0.5920   -0.8055   -0.0272
...    38 A-T ...
  -72.0955  -68.8097   40.5843
   -0.6494    0.5301   -0.5453
    0.4621   -0.2944   -0.8365
   -0.6040   -0.7952   -0.0538
...    39 C-G ...
  -74.4611  -71.1117   40.7877
   -0.2921    0.3287   -0.8981
    0.7351   -0.5235   -0.4307
   -0.6118   -0.7861   -0.0887
...    40 A-T ...
  -76.4549  -73.7616   40.3995
    0.2439    0.0848   -0.9661
    0.7617   -0.6333    0.1368
   -0.6003   -0.7692   -0.2191
...    41 C-G ...
  -78.7918  -75.8326   39.3880
    0.6327   -0.2078   -0.7460
    0.5220   -0.5970    0.6091
   -0.5719   -0.7748   -0.2693
...    42 G-C ...
  -80.4077  -78.6200   38.5106
    0.8930   -0.3727   -0.2522
    0.0729   -0.4331    0.8984
   -0.4441   -0.8207   -0.3596
...    43 A-T ...
  -81.7051  -81.3139   37.2030
    0.7942   -0.5091    0.3319
   -0.4694   -0.1669    0.8671
   -0.3860   -0.8444   -0.3715
...    44 C-G ...
  -82.4518  -84.0663   35.5362
    0.4480   -0.4947    0.7447
   -0.8246    0.0933    0.5580
   -0.3455   -0.8640   -0.3662
...    45 T-A ...
  -83.1986  -87.0574   34.3316
   -0.0402   -0.3331    0.9420
   -0.9523    0.2981    0.0648
   -0.3024   -0.8945   -0.3292
...    46 T-A ...
  -83.8622  -90.0682   33.2811
   -0.5937   -0.1358    0.7931
   -0.7553    0.4340   -0.4911
   -0.2776   -0.8906   -0.3603
...    47 A-T ...
  -84.9958  -92.8098   31.6462
   -0.9543    0.1240    0.2717
   -0.1935    0.4361   -0.8788
   -0.2275   -0.8913   -0.3922
...    48 C-G ...
  -85.8097  -95.9665   30.9310
   -0.9117    0.3406   -0.2299
    0.3400    0.3109   -0.8875
   -0.2308   -0.8873   -0.3993
...    49 T-A ...
  -86.8323  -98.9197   29.8079
   -0.5832    0.4966   -0.6428
    0.7718    0.0919   -0.6292
   -0.2534   -0.8631   -0.4369
...    50 G-C ...
  -87.6228 -101.7146   28.1817
   -0.0261    0.5608   -0.8275
    0.9660   -0.1988   -0.1652
   -0.2572   -0.8037   -0.5366
...    51 T-A ...
  -89.0261 -104.0699   26.3607
    0.4852    0.4251   -0.7641
    0.8452   -0.4520    0.2852
   -0.2241   -0.7842   -0.5786
...    52 A-T ...
  -89.8494 -106.3803   24.0981
    0.8840    0.2567   -0.3907
    0.4589   -0.6361    0.6203
   -0.0893   -0.7277   -0.6801
...    53 G-C ...
  -90.0802 -108.4973   21.5895
    0.9984   -0.0263    0.0498
   -0.0541   -0.6976    0.7145
    0.0159   -0.7160   -0.6979
...    54 G-C ...
  -89.5777 -110.6406   19.0387
    0.8128   -0.3100    0.4932
   -0.5657   -0.6221    0.5413
    0.1390   -0.7190   -0.6810
...    55 T-A ...
  -88.5666 -112.6584   16.6470
    0.4001   -0.5598    0.7257
   -0.8985   -0.3956    0.1903
    0.1805   -0.7281   -0.6612
...    56 A-T ...
  -88.1337 -115.1910   14.5131
   -0.2241   -0.6771    0.7009
   -0.9511   -0.0049   -0.3089
    0.2126   -0.7359   -0.6429
...    57 T-A ...
  -86.8201 -117.6759   12.7630
   -0.6720   -0.6038    0.4287
   -0.7029    0.3380   -0.6258
    0.2330   -0.7219   -0.6516
...    58 C-G ...
  -86.0380 -120.1448   10.7339
   -0.9561   -0.2913   -0.0324
   -0.1654    0.6275   -0.7609
    0.2420   -0.7221   -0.6481
...    59 T-A ...
  -85.3550 -122.7603    8.8014
   -0.9043    0.1037   -0.4142
    0.3657    0.6887   -0.6260
    0.2203   -0.7176   -0.6607
...    60 C-G ...
  -84.6526 -125.1951    6.7076
   -0.5208    0.5044   -0.6887
    0.8231    0.5108   -0.2482
    0.2266   -0.6961   -0.6812
...    61 G-C ...
  -83.5203 -127.3817    4.4566
   -0.0191    0.7881   -0.6152
    0.9686    0.1671    0.1839
    0.2477   -0.5924   -0.7666
...    62 A-T ...
  -82.8065 -129.3232    1.9507
    0.5144    0.7848   -0.3457
    0.8064   -0.3056    0.5063
    0.2917   -0.5392   -0.7900
...    63 G-C ...
  -81.9778 -130.8141   -0.8566
    0.8123    0.5814    0.0460
    0.4412   -0.6642    0.6035
    0.3815   -0.4699   -0.7960
...    64 C-G ...
  -80.7102 -131.8487   -3.6949
    0.8885    0.1836    0.4205
   -0.0379   -0.8840    0.4659
    0.4572   -0.4299   -0.7785
...    65 T-A ...
  -78.9380 -132.8767   -6.2632
    0.7010   -0.2521    0.6671
   -0.4534   -0.8796    0.1440
    0.5505   -0.4034   -0.7309
...    66 C-G ...
  -76.9069 -134.1724   -8.4548
    0.2928   -0.6960    0.6556
   -0.7451   -0.5958   -0.2998
    0.5993   -0.4007   -0.6931
...    67 G-C ...
  -75.1344 -135.9344  -10.6706
   -0.2152   -0.8791    0.4253
   -0.7292   -0.1450   -0.6688
    0.6496   -0.4540   -0.6098
...    68 G-C ...
  -72.8122 -137.6727  -12.4020
   -0.6046   -0.7964    0.0128
   -0.4662    0.3408   -0.8164
    0.6458   -0.4996   -0.5773
...    69 G-C ...
  -70.6012 -139.5521  -14.1308
   -0.7837   -0.4578   -0.4198
   -0.0466    0.7173   -0.6952
    0.6194   -0.5252   -0.5835
...    70 A-T ...
  -68.4915 -141.3315  -15.9238
   -0.6566    0.0584   -0.7520
    0.4153    0.8602   -0.2959
    0.6296   -0.5066   -0.5890
...    71 T-A ...
  -66.8197 -143.5258  -17.7472
   -0.3468    0.4826   -0.8043
    0.6781    0.7214    0.1404
    0.6480   -0.4967   -0.5775
...    72 C-G ...
  -64.7434 -145.2381  -19.6207
    0.0794    0.8372   -0.5411
    0.7380    0.3155    0.5965
    0.6701   -0.4467   -0.5928
...    73 C-G ...
  -62.7438 -146.7658  -21.8737
    0.3640    0.9289   -0.0688
    0.5824   -0.1694    0.7951
    0.7269   -0.3295   -0.6026
...    74 G-C ...
  -60.1183 -147.7570  -23.6720
    0.4714    0.7467    0.4692
    0.3268   -0.6421    0.6935
    0.8191   -0.1735   -0.5467
...    75 C-G ...
  -57.4721 -147.7686  -25.6055
    0.5018    0.3092    0.8078
    0.0593   -0.9440    0.3245
    0.8629   -0.1149   -0.4921
...    76 T-A ...
  -54.5237 -147.7060  -27.0599
    0.3814   -0.2077    0.9008
   -0.1478   -0.9756   -0.1624
    0.9125   -0.0712   -0.4028
...    77 T-A ...
  -51.4895 -147.6707  -28.1907
    0.2288   -0.7181    0.6573
   -0.3084   -0.6939   -0.6507
    0.9233   -0.0539   -0.3802
...    78 T-A ...
  -48.3800 -147.6556  -29.1421
    0.0431   -0.9866    0.1573
   -0.3679   -0.1620   -0.9156
    0.9289   -0.0184   -0.3699
...    79 A-T ...
  -45.4450 -147.5530  -30.8136
   -0.1346   -0.8619   -0.4889
   -0.3161    0.5049   -0.8032
    0.9391    0.0465   -0.3404
...    80 A-T ...
  -42.2890 -147.5962  -31.6493
   -0.2361   -0.4073   -0.8822
   -0.2037    0.9085   -0.3649
    0.9502    0.0935   -0.2974
...    81 C-G ...
  -39.0921 -147.8783  -32.5444
   -0.3128    0.1274   -0.9412
   -0.0646    0.9858    0.1549
    0.9476    0.1093   -0.3002
...    82 A-T ...
  -35.9408 -147.2978  -33.3942
   -0.3826    0.6491   -0.6575
    0.1132    0.7392    0.6639
    0.9169    0.1796   -0.3563
...    83 C-G ...
  -33.1209 -147.0085  -35.0464
   -0.3171    0.9248   -0.2104
    0.2829    0.3040    0.9097
    0.9052    0.2289   -0.3581
...    84 T-A ...
  -30.3264 -146.1052  -36.5226
   -0.2259    0.9228    0.3120
    0.4112   -0.2000    0.8893
    0.8831    0.3292   -0.3343
...    85 T-A ...
  -27.6125 -144.8672  -37.7334
   -0.0275    0.6455    0.7633
    0.4790   -0.6617    0.5768
    0.8774    0.3815   -0.2910
...    86 C-G ...
  -24.8325 -143.4100  -38.5270
    0.1780    0.1332    0.9750
    0.4470   -0.8936    0.0405
    0.8766    0.4286   -0.2186
...    87 A-T ...
  -21.8868 -141.9120  -38.9679
    0.2736   -0.4231    0.8638
    0.3505   -0.7925   -0.4991
    0.8957    0.4393   -0.0685
...    88 T-A ...
  -19.2007 -140.0415  -38.6656
    0.4091   -0.7629    0.5006
    0.1852   -0.4678   -0.8642
    0.8935    0.4463   -0.0501
...    89 G-C ...
  -16.1240 -138.8432  -38.9207
    0.3865   -0.9189   -0.0793
   -0.0321    0.0726   -0.9968
    0.9217    0.3878   -0.0014
...    90 T-A ...
  -13.0226 -137.7671  -38.3142
    0.3169   -0.7429   -0.5897
   -0.2219    0.5464   -0.8076
    0.9221    0.3868    0.0083
...    91 T-A ...
   -9.9585 -136.6943  -37.9795
    0.1822   -0.2686   -0.9459
   -0.3815    0.8673   -0.3198
    0.9062    0.4191    0.0556
...    92 A-T ...
   -7.1514 -134.8659  -37.6573
   -0.0693    0.3483   -0.9348
   -0.4440    0.8284    0.3416
    0.8933    0.4387    0.0973
...    93 T-A ...
   -3.9934 -133.9265  -37.7112
   -0.2842    0.7179   -0.6355
   -0.3645    0.5322    0.7642
    0.8868    0.4488    0.1104
...    94 A-T ...
   -1.0826 -132.3550  -37.4293
   -0.5359    0.8369   -0.1110
   -0.1425    0.0399    0.9890
    0.8321    0.5459    0.0978
...    95 A-T ...
    1.5412 -130.4807  -37.3292
   -0.5682    0.6931    0.4435
    0.1757   -0.4243    0.8883
    0.8039    0.5827    0.1193
...    96 C-G ...
    3.8466 -128.1722  -37.3570
   -0.4553    0.3438    0.8213
    0.4536   -0.7042    0.5463
    0.7662    0.6212    0.1647
...    97 G-C ...
    6.3358 -126.1812  -36.3905
   -0.2632   -0.1845    0.9469
    0.6789   -0.7328    0.0459
    0.6854    0.6549    0.3181
...    98 G-C ...
    8.2272 -123.8219  -34.8780
    0.0673   -0.6065    0.7922
    0.7605   -0.4828   -0.4342
    0.6458    0.6317    0.4288
...    99 A-T ...
   10.2497 -121.8179  -33.2513
    0.4819   -0.7898    0.3796
    0.6045   -0.0139   -0.7965
    0.6343    0.6133    0.4707
...   100 T-A ...
   11.9505 -119.9568  -31.1111
    0.7339   -0.6758   -0.0682
    0.2816    0.3941   -0.8749
    0.6181    0.6229    0.4795
...   101 T-A ...
   13.8556 -118.0847  -29.2403
    0.7919   -0.2941   -0.5352
   -0.1960    0.7077   -0.6788
    0.5784    0.6424    0.5027
...   102 A-T ...
   15.4617 -115.5404  -27.7044
    0.5150    0.2558   -0.8181
   -0.6697    0.7158   -0.1977
    0.5350    0.6497    0.5400
...   103 T-A ...
   17.7087 -113.8750  -25.9416
    0.1106    0.5930   -0.7976
   -0.8468    0.4764    0.2367
    0.5203    0.6492    0.5548
...   104 G-C ...
   19.2421 -111.5733  -24.1029
   -0.4342    0.6868   -0.5829
   -0.7651    0.0604    0.6411
    0.4755    0.7243    0.4992
...   105 C-G ...
   21.0558 -109.1461  -22.8077
   -0.8056    0.5635   -0.1833
   -0.4179   -0.3210    0.8499
    0.4200    0.7612    0.4941
...   106 T-A ...
   22.3272 -106.4114  -21.4829
   -0.9420    0.2474    0.2269
    0.0561   -0.5502    0.8331
    0.3309    0.7975    0.5044
...   107 T-A ...
   23.2471 -103.6857  -20.0195
   -0.7725   -0.1325    0.6210
    0.5662   -0.5865    0.5792
    0.2874    0.7991    0.5281
...   108 C-G ...
   23.9415 -101.0701  -18.2176
   -0.3303   -0.4907    0.8063
    0.9138   -0.3802    0.1430
    0.2364    0.7840    0.5740
...   109 C-G ...
   24.2770  -98.5336  -16.0168
    0.1829   -0.6878    0.7025
    0.9623   -0.0211   -0.2712
    0.2013    0.7256    0.6580
...   110 G-C ...
   25.3161  -96.3223  -13.7435
    0.6620   -0.6517    0.3702
    0.7186    0.4114   -0.5607
    0.2131    0.6372    0.7407
...   111 G-C ...
   25.9985  -94.5116  -10.9720
    0.9319   -0.3608   -0.0371
    0.2551    0.7248   -0.6399
    0.2578    0.5869    0.7675
...   112 C-G ...
   26.9168  -92.9208   -8.2000
    0.9134    0.0846   -0.3981
   -0.2944    0.8127   -0.5029
    0.2810    0.5765    0.7672
...   113 T-A ...
   28.0846  -91.2433   -5.5835
    0.6088    0.4862   -0.6269
   -0.7318    0.6493   -0.2071
    0.3063    0.5848    0.7511
...   114 C-G ...
   29.1700  -89.3765   -3.1055
    0.0534    0.7664   -0.6402
   -0.9532    0.2302    0.1961
    0.2976    0.5997    0.7428
...   115 G-C ...
   29.7394  -87.3698   -0.4941
   -0.5142    0.6941   -0.5039
   -0.8245   -0.2383    0.5132
    0.2361    0.6793    0.6948
...   116 T-A ...
   30.8654  -84.8754    1.3516
   -0.8750    0.4420   -0.1977
   -0.4434   -0.5675    0.6938
    0.1944    0.6947    0.6925
...   117 A-T ...
   31.3457  -82.4021    3.5220
   -0.9913   -0.0325    0.1276
    0.1137   -0.7005    0.7045
    0.0665    0.7129    0.6981
...   118 T-A ...
   31.2602  -79.6771    5.3320
   -0.8074   -0.3949    0.4383
    0.5886   -0.5892    0.5535
    0.0397    0.7049    0.7082
...   119 A-T ...
   30.9861  -77.3499    7.7000
   -0.3610   -0.7427    0.5640
    0.9309   -0.2512    0.2651
   -0.0552    0.6207    0.7821
...   120 A-T ...
   30.5030  -75.4005   10.2389
    0.2187   -0.7698    0.5996
    0.9733    0.2159   -0.0777
   -0.0696    0.6006    0.7965
...   121 T-A ...
   29.6594  -73.7665   12.9651
    0.6763   -0.5624    0.4757
    0.7328    0.5790   -0.3575
   -0.0744    0.5903    0.8037
...   122 G-C ...
   29.7030  -71.8077   15.6460
    0.9756   -0.1824    0.1225
    0.2197    0.8210   -0.5269
   -0.0045    0.5410    0.8410
...   123 T-A ...
   29.7335  -70.5813   18.7348
    0.9468    0.2663   -0.1808
   -0.3217    0.8008   -0.5052
    0.0102    0.5365    0.8438
...   124 G-C ...
   29.7521  -68.5528   21.3576
    0.5876    0.6429   -0.4914
   -0.8065    0.5148   -0.2908
    0.0661    0.5672    0.8209
...   125 T-A ...
   30.5483  -66.8931   24.1304
    0.0783    0.8094   -0.5820
   -0.9950    0.0998    0.0048
    0.0620    0.5787    0.8132
...   126 C-G ...
   30.8486  -64.9694   26.7713
   -0.5217    0.6996   -0.4883
   -0.8520   -0.3978    0.3403
    0.0438    0.5936    0.8036
...   127 G-C ...
   30.6758  -63.1880   29.5875
   -0.9031    0.2923   -0.3147
   -0.4248   -0.7159    0.5541
   -0.0633    0.6341    0.7707
...   128 A-T ...
   30.4830  -61.0407   32.0352
   -0.9783   -0.2062    0.0203
    0.1722   -0.7546    0.6333
   -0.1152    0.6230    0.7737
...   129 C-G ...
   29.7699  -58.6291   34.1523
   -0.7465   -0.5930    0.3018
    0.6460   -0.5374    0.5421
   -0.1593    0.5996    0.7842
...   130 C-G ...
   28.7904  -56.6038   36.6674
   -0.2742   -0.8489    0.4518
    0.9364   -0.1286    0.3267
   -0.2192    0.5126    0.8301
...   131 A-T ...
   28.0286  -55.0506   39.5198
    0.3094   -0.8392    0.4472
    0.9225    0.3790    0.0729
   -0.2307    0.3899    0.8915
...   132 A-T ...
   27.0760  -54.0167   42.4382
    0.7746   -0.4897    0.4002
    0.5886    0.7896   -0.1732
   -0.2312    0.3697    0.8999
...   133 A-T ...
   26.2515  -53.1129   45.4438
    0.9705    0.0415    0.2375
    0.0474    0.9330   -0.3568
   -0.2364    0.3576    0.9035
...   134 T-A ...
   25.6209  -52.5913   48.6400
    0.8597    0.5097    0.0340
   -0.4497    0.7866   -0.4231
   -0.2424    0.3485    0.9054
...   135 G-C ...
   25.2757  -52.5096   52.0791
    0.3204    0.9427   -0.0928
   -0.8825    0.2614   -0.3910
   -0.3443    0.2071    0.9157
...   136 T-A ...
   25.5258  -52.9787   55.8049
   -0.2439    0.9563   -0.1610
   -0.8908   -0.2866   -0.3525
   -0.3833    0.0575    0.9218
...   137 G-C ...
   24.8933  -52.7377   58.9865
   -0.7529    0.5562   -0.3519
   -0.5215   -0.8303   -0.1966
   -0.4015    0.0355    0.9152
...   138 A-T ...
   24.0143  -51.6374   61.9242
   -0.9563    0.0401   -0.2896
   -0.0524   -0.9980    0.0347
   -0.2876    0.0484    0.9565
...   139 G-C ...
   22.3467  -51.2411   64.4940
   -0.8529   -0.5118   -0.1033
    0.4974   -0.8566    0.1373
   -0.1587    0.0657    0.9851
...   140 C-G ...
   22.1503  -50.1498   67.4638
   -0.4681   -0.8748    0.1248
    0.8495   -0.4066    0.3362
   -0.2434    0.2634    0.9335
...   141 G-C ...
   21.4257  -51.8266   72.7876
    0.1303   -0.7143   -0.6876
    0.8897   -0.2217    0.3990
   -0.4375   -0.6638    0.6066
...   142 C-G ...
   20.4246  -54.3095   74.5418
    0.5846   -0.7390   -0.3348
    0.7594    0.3532    0.5465
   -0.2856   -0.5738    0.7676
...   143 T-A ...
   18.4271  -55.5290   76.5299
    0.8548   -0.5005    0.1370
    0.3188    0.7148    0.6224
   -0.4095   -0.4884    0.7706
...   144 C-G ...
   16.8372  -57.7222   78.2674
    0.8529   -0.0846    0.5151
   -0.1508    0.9048    0.3983
   -0.4998   -0.4174    0.7589
...   145 A-T ...
   15.7829  -59.5615   80.7981
    0.5516    0.4995    0.6680
   -0.6739    0.7388    0.0039
   -0.4916   -0.4523    0.7441
...   146 C-G ...
   15.7315  -61.4940   83.9316
    0.0344    0.7399    0.6718
   -0.8637    0.3602   -0.3526
   -0.5029   -0.5681    0.6514
...   147 A-T ...
   14.7384  -63.4279   86.8192
   -0.5924    0.6746    0.4405
   -0.6886   -0.1401   -0.7114
   -0.4182   -0.7248    0.5475
