  147 base-pairs
...     1 T-A ...
    0.0000    0.0000    0.0000
    1.0000    0.0000    0.0000
    0.0000    1.0000    0.0000
    0.0000    0.0000    1.0000
...     2 G-C ...
   -0.5555   -1.1003    3.3981
    0.7749    0.6051    0.1828
   -0.5991    0.7953   -0.0929
   -0.2016   -0.0375    0.9787
...     3 T-A ...
   -0.6619   -3.0237    6.5348
    0.3046    0.9250    0.2271
   -0.8994    0.3578   -0.2510
   -0.3134   -0.1278    0.9410
...     4 G-C ...
   -1.1607   -3.8418    9.6940
   -0.3351    0.9421    0.0133
   -0.8752   -0.3061   -0.3746
   -0.3489   -0.1372    0.9271
...     5 A-T ...
   -1.3881   -3.6770   12.8999
   -0.7835    0.6162   -0.0801
   -0.5677   -0.7622   -0.3109
   -0.2527   -0.1981    0.9470
...     6 G-C ...
   -2.6236   -3.5448   15.7072
   -0.9923    0.0611   -0.1075
   -0.0294   -0.9610   -0.2748
   -0.1201   -0.2695    0.9555
...     7 C-G ...
   -2.3138   -3.7570   18.8866
   -0.8620   -0.4995   -0.0864
    0.5008   -0.8655    0.0073
   -0.0785   -0.0370    0.9962
...     8 G-C ...
   -3.9561   -6.8109   23.3205
   -0.2581   -0.3560   -0.8981
    0.6294   -0.7673    0.1233
   -0.7330   -0.5335    0.4221
...     9 C-G ...
   -6.1177   -8.9414   24.2385
    0.1143   -0.7320   -0.6716
    0.8123   -0.3203    0.4874
   -0.5720   -0.6013    0.5580
...    10 T-A ...
   -8.5041   -9.6771   26.0540
    0.4660   -0.8587   -0.2131
    0.6274    0.1508    0.7640
   -0.6239   -0.4897    0.6090
...    11 C-G ...
  -11.0625  -11.3174   27.2336
    0.6660   -0.6911    0.2808
    0.3382    0.6152    0.7121
   -0.6649   -0.3794    0.6435
...    12 A-T ...
  -13.0013  -13.1789   29.0658
    0.7188   -0.1490    0.6790
   -0.1787    0.9043    0.3876
   -0.6718   -0.4000    0.6235
...    13 C-G ...
  -14.1788  -15.9359   31.3399
    0.4052    0.2865    0.8682
   -0.5270    0.8492   -0.0343
   -0.7470   -0.4437    0.4951
...    14 A-T ...
  -15.9532  -18.1566   33.3080
   -0.1503    0.6873    0.7107
   -0.6106    0.5008   -0.6135
   -0.7776   -0.5261    0.3444
...    15 A-T ...
  -18.3909  -19.9500   34.4610
   -0.4587    0.8596    0.2251
   -0.3994    0.0269   -0.9164
   -0.7938   -0.5102    0.3310
...    16 T-A ...
  -20.7842  -21.5378   36.2618
   -0.6296    0.7208   -0.2900
   -0.0758   -0.4285   -0.9003
   -0.7732   -0.5449    0.3244
...    17 T-A ...
  -23.3241  -23.1054   37.6515
   -0.5764    0.3166   -0.7533
    0.3196   -0.7611   -0.5645
   -0.7521   -0.5661    0.3375
...    18 T-A ...
  -25.8668  -24.7619   38.7591
   -0.2691   -0.1305   -0.9542
    0.5791   -0.8136   -0.0520
   -0.7695   -0.5666    0.2945
...    19 A-T ...
  -28.3920  -26.7435   39.5320
    0.1710   -0.4830   -0.8588
    0.6117   -0.6313    0.4768
   -0.7724   -0.6068    0.1875
...    20 T-A ...
  -31.2943  -28.3343   39.6646
    0.4612   -0.7347   -0.4975
    0.4380   -0.2992    0.8477
   -0.7717   -0.6089    0.1838
...    21 T-A ...
  -33.9007  -30.2927   39.9520
    0.6304   -0.7735    0.0655
    0.0881    0.1552    0.9840
   -0.7712   -0.6146    0.1659
...    22 C-G ...
  -36.3689  -32.3928   40.4553
    0.5884   -0.5219    0.6176
   -0.3095    0.5602    0.7683
   -0.7470   -0.6433    0.1681
...    23 G-C ...
  -38.9019  -34.2730   41.6392
    0.4120   -0.0383    0.9104
   -0.6253    0.7149    0.3130
   -0.6628   -0.6982    0.2706
...    24 C-G ...
  -40.7807  -36.8150   42.4894
    0.0598    0.3785    0.9237
   -0.7489    0.6288   -0.2091
   -0.6600   -0.6792    0.3210
...    25 A-T ...
  -43.3229  -38.7982   43.2771
   -0.3537    0.7032    0.6167
   -0.6465    0.2928   -0.7045
   -0.6760   -0.6479    0.3511
...    26 A-T ...
  -45.4538  -40.9004   44.6340
   -0.6655    0.7381    0.1109
   -0.3279   -0.1557   -0.9318
   -0.6705   -0.6565    0.3456
...    27 A-T ...
  -47.5219  -42.9546   46.0982
   -0.7471    0.4976   -0.4407
    0.1333   -0.5373   -0.8328
   -0.6512   -0.6809    0.3352
...    28 G-C ...
  -49.9431  -44.8602   47.4774
   -0.5220    0.1779   -0.8342
    0.4981   -0.7303   -0.4675
   -0.6924   -0.6595    0.2926
...    29 G-C ...
  -52.6277  -46.8251   48.4107
   -0.0893   -0.1941   -0.9769
    0.6981   -0.7118    0.0776
   -0.7104   -0.6750    0.1990
...    30 C-G ...
  -55.2613  -48.7410   48.7870
    0.3524   -0.4977   -0.7925
    0.6228   -0.5074    0.5956
   -0.6985   -0.7034    0.1312
...    31 C-G ...
  -57.7840  -50.9237   49.0061
    0.6966   -0.6253   -0.3519
    0.3144   -0.1748    0.9331
   -0.6449   -0.7606    0.0748
...    32 G-C ...
  -59.5129  -53.4213   49.4060
    0.8310   -0.5344    0.1541
   -0.1079    0.1169    0.9873
   -0.5457   -0.8371    0.0395
...    33 G-C ...
  -60.8058  -56.5262   49.4351
    0.6697   -0.3323    0.6641
   -0.5720    0.3394    0.7467
   -0.4735   -0.8800    0.0373
...    34 C-G ...
  -61.9325  -59.6000   49.5057
    0.2611   -0.0585    0.9635
   -0.8613    0.4366    0.2599
   -0.4359   -0.8977    0.0636
...    35 C-G ...
  -63.0771  -62.7567   50.0829
   -0.2574    0.2177    0.9414
   -0.8762    0.3582   -0.3224
   -0.4075   -0.9079    0.0986
...    36 C-G ...
  -64.3110  -65.8208   50.7068
   -0.6879    0.4072    0.6008
   -0.6020    0.1425   -0.7857
   -0.4055   -0.9022    0.1471
...    37 G-C ...
  -65.9260  -68.8488   50.1779
   -0.8839    0.4657    0.0431
   -0.1005   -0.0990   -0.9900
   -0.4568   -0.8794    0.1343
...    38 A-T ...
  -67.2152  -71.6872   50.6504
   -0.7741    0.3277   -0.5417
    0.4473   -0.3225   -0.8342
   -0.4481   -0.8880    0.1031
...    39 C-G ...
  -69.0820  -74.2560   51.1395
   -0.4105    0.1616   -0.8974
    0.7815   -0.4447   -0.4376
   -0.4698   -0.8810    0.0563
...    40 A-T ...
  -70.7705  -77.1273   51.2209
    0.1463   -0.0198   -0.9890
    0.8732   -0.4672    0.1385
   -0.4648   -0.8839   -0.0510
...    41 C-G ...
  -72.5666  -79.7809   50.5815
    0.5989   -0.1850   -0.7792
    0.6761   -0.4047    0.6158
   -0.4292   -0.8955   -0.1173
...    42 G-C ...
  -73.6251  -82.9404   50.4579
    0.9171   -0.2876   -0.2760
    0.1987   -0.2705    0.9420
   -0.3456   -0.9188   -0.1909
...    43 A-T ...
  -74.7439  -85.8278   49.7903
    0.8658   -0.3801    0.3253
   -0.3717   -0.0534    0.9268
   -0.3349   -0.9234   -0.1875
...    44 C-G ...
  -75.4423  -88.8187   48.5789
    0.5599   -0.3006    0.7721
   -0.7807    0.1207    0.6132
   -0.2776   -0.9461   -0.1671
...    45 T-A ...
  -75.6824  -92.3595   47.8441
    0.0314   -0.1618    0.9863
   -0.9668    0.2453    0.0710
   -0.2535   -0.9558   -0.1487
...    46 T-A ...
  -76.0694  -95.5450   47.2886
   -0.4709   -0.0413    0.8812
   -0.8483    0.2954   -0.4394
   -0.2422   -0.9545   -0.1742
...    47 A-T ...
  -77.1036  -98.6414   46.4429
   -0.9067    0.1362    0.3991
   -0.3565    0.2580   -0.8980
   -0.2253   -0.9565   -0.1854
...    48 C-G ...
  -77.8122 -101.9216   46.5021
   -0.9569    0.2549   -0.1387
    0.1804    0.1479   -0.9724
   -0.2274   -0.9556   -0.1875
...    49 T-A ...
  -78.8816 -105.1125   46.2168
   -0.6952    0.3635   -0.6201
    0.6599   -0.0192   -0.7511
   -0.2849   -0.9314   -0.2265
...    50 G-C ...
  -79.9383 -108.1459   45.2176
   -0.1731    0.4064   -0.8972
    0.9377   -0.2107   -0.2763
   -0.3013   -0.8891   -0.3446
...    51 T-A ...
  -81.4209 -110.7608   44.1010
    0.3190    0.3183   -0.8927
    0.9059   -0.3791    0.1885
   -0.2784   -0.8689   -0.4093
...    52 A-T ...
  -82.6356 -113.1686   42.0757
    0.7741    0.2761   -0.5697
    0.6181   -0.5240    0.5859
   -0.1368   -0.8057   -0.5763
...    53 G-C ...
  -83.3427 -115.5665   40.0269
    0.9853    0.0931   -0.1432
    0.1701   -0.6137    0.7710
   -0.0161   -0.7840   -0.6205
...    54 G-C ...
  -83.1386 -117.7826   37.1438
    0.9235   -0.1646    0.3466
   -0.3720   -0.6050    0.7040
    0.0938   -0.7790   -0.6199
...    55 T-A ...
  -82.3436 -120.0396   34.9345
    0.6062   -0.4277    0.6705
   -0.7836   -0.4653    0.4116
    0.1360   -0.7750   -0.6172
...    56 A-T ...
  -81.2434 -122.5310   32.8790
    0.0501   -0.5715    0.8190
   -0.9799   -0.1868   -0.0704
    0.1932   -0.7990   -0.5694
...    57 T-A ...
  -79.8605 -125.0056   31.1733
   -0.4468   -0.6078    0.6565
   -0.8699    0.1240   -0.4773
    0.2087   -0.7844   -0.5841
...    58 C-G ...
  -78.9917 -127.7717   29.4483
   -0.8828   -0.4158    0.2187
   -0.4173    0.4801   -0.7716
    0.2158   -0.7724   -0.5974
...    59 T-A ...
  -78.3636 -130.5757   27.7305
   -0.9777   -0.0723   -0.1970
    0.1095    0.6251   -0.7728
    0.1790   -0.7772   -0.6033
...    60 C-G ...
  -77.7473 -133.1631   25.7001
   -0.7349    0.3214   -0.5971
    0.6551    0.5640   -0.5028
    0.1752   -0.7607   -0.6250
...    61 G-C ...
  -76.8197 -135.2869   23.3969
   -0.3388    0.6730   -0.6575
    0.9306    0.3424   -0.1292
    0.1382   -0.6556   -0.7423
...    62 A-T ...
  -76.0829 -137.5097   21.1638
    0.2157    0.8092   -0.5466
    0.9544   -0.0563    0.2932
    0.2065   -0.5849   -0.7844
...    63 G-C ...
  -75.6092 -139.1169   18.3142
    0.6442    0.7228   -0.2501
    0.7186   -0.4599    0.5216
    0.2620   -0.5157   -0.8157
...    64 C-G ...
  -74.9324 -140.3784   15.2568
    0.9137    0.3808    0.1420
    0.2454   -0.7955    0.5541
    0.3240   -0.4714   -0.8203
...    65 T-A ...
  -73.8650 -141.5529   12.3604
    0.8823   -0.0336    0.4694
   -0.2327   -0.8982    0.3730
    0.4091   -0.4384   -0.8003
...    66 C-G ...
  -72.2448 -143.1640   10.0782
    0.5827   -0.5056    0.6362
   -0.6383   -0.7693   -0.0268
    0.5030   -0.3905   -0.7710
...    67 G-C ...
  -71.0034 -145.2218    7.6578
    0.1087   -0.8235    0.5568
   -0.8136   -0.3955   -0.4261
    0.5711   -0.4067   -0.7130
...    68 G-C ...
  -68.8459 -146.6311    5.4982
   -0.3706   -0.8908    0.2630
   -0.7318    0.1057   -0.6733
    0.5720   -0.4420   -0.6910
...    69 G-C ...
  -66.8542 -148.3181    3.4095
   -0.7486   -0.6565   -0.0927
   -0.3946    0.5536   -0.7334
    0.5328   -0.5124   -0.6735
...    70 A-T ...
  -64.9392 -150.1919    1.3951
   -0.8251   -0.2030   -0.5273
    0.1284    0.8415   -0.5248
    0.5503   -0.5006   -0.6683
...    71 T-A ...
  -63.3620 -152.3487   -0.5583
   -0.6454    0.2654   -0.7163
    0.5310    0.8300   -0.1710
    0.5491   -0.4907   -0.6766
...    72 C-G ...
  -61.7865 -154.1712   -2.9295
   -0.1996    0.7212   -0.6634
    0.7998    0.5110    0.3149
    0.5661   -0.4678   -0.6788
...    73 T-A ...
  -60.1633 -155.6321   -5.4311
    0.1818    0.9191   -0.3495
    0.7921    0.0737    0.6059
    0.5827   -0.3870   -0.7146
...    74 C-G ...
  -58.2856 -156.5887   -7.8866
    0.5253    0.8447    0.1023
    0.5785   -0.4428    0.6850
    0.6240   -0.3007   -0.7213
...    75 A-T ...
  -56.4634 -157.1958  -10.7463
    0.6447    0.5427    0.5384
    0.3019   -0.8278    0.4729
    0.7023   -0.1423   -0.6975
...    76 T-A ...
  -54.2067 -157.1370  -13.0488
    0.6557    0.0884    0.7498
   -0.0245   -0.9901    0.1381
    0.7546   -0.1089   -0.6470
...    77 G-C ...
  -51.3969 -157.2444  -15.0134
    0.4395   -0.4762    0.7616
   -0.3401   -0.8730   -0.3496
    0.8314   -0.1054   -0.5456
...    78 T-A ...
  -48.3452 -157.1256  -16.4131
    0.1907   -0.8642    0.4655
   -0.4969   -0.4940   -0.7135
    0.8466   -0.0952   -0.5237
...    79 T-A ...
  -45.5029 -157.3302  -17.8911
   -0.0822   -0.9959   -0.0367
   -0.4981    0.0729   -0.8640
    0.8632   -0.0527   -0.5021
...    80 A-T ...
  -42.6943 -157.2931  -19.8662
   -0.3311   -0.7170   -0.6134
   -0.3508    0.6970   -0.6254
    0.8760    0.0081   -0.4822
...    81 T-A ...
  -39.7038 -157.8222  -21.0410
   -0.4261   -0.2757   -0.8616
   -0.1598    0.9604   -0.2283
    0.8905    0.0404   -0.4533
...    82 A-T ...
  -36.6635 -157.3949  -22.4854
   -0.4332    0.3731   -0.8204
    0.1157    0.9258    0.3599
    0.8938    0.0610   -0.4442
...    83 A-T ...
  -33.8647 -157.3065  -23.9843
   -0.3303    0.8104   -0.4840
    0.3029    0.5766    0.7588
    0.8940    0.1040   -0.4359
...    84 C-G ...
  -31.1858 -157.1704  -26.0299
   -0.1659    0.9861    0.0114
    0.4196    0.0601    0.9057
    0.8924    0.1550   -0.4237
...    85 G-C ...
  -28.2058 -156.2702  -26.9292
   -0.1476    0.8290    0.5394
    0.4738   -0.4195    0.7743
    0.8682    0.3699   -0.3308
...    86 G-C ...
  -25.5855 -154.4247  -27.6440
   -0.0115    0.4445    0.8957
    0.5564   -0.7415    0.3751
    0.8308    0.5027   -0.2388
...    87 A-T ...
  -22.9965 -152.5180  -28.0812
    0.2384   -0.0961    0.9664
    0.5147   -0.8314   -0.2096
    0.8236    0.5474   -0.1487
...    88 C-G ...
  -20.5665 -150.2656  -27.9733
    0.4543   -0.5040    0.7346
    0.3706   -0.6429   -0.6703
    0.8101    0.5767   -0.1053
...    89 G-C ...
  -17.6257 -148.4643  -28.0678
    0.5110   -0.8275    0.2326
    0.0960   -0.2140   -0.9721
    0.8542    0.5190   -0.0299
...    90 C-G ...
  -14.5974 -146.8256  -27.6408
    0.4708   -0.8015   -0.3688
   -0.1976    0.3117   -0.9294
    0.8598    0.5104   -0.0116
...    91 T-A ...
  -11.3931 -145.5289  -27.4401
    0.2846   -0.4763   -0.8320
   -0.3932    0.7335   -0.5544
    0.8743    0.4849    0.0215
...    92 T-A ...
   -8.3900 -144.2759  -27.2039
    0.0511    0.0688   -0.9963
   -0.5031    0.8636    0.0339
    0.8627    0.4995    0.0787
...    93 T-A ...
   -5.4350 -142.9062  -26.9424
   -0.2294    0.5592   -0.7966
   -0.4618    0.6579    0.5949
    0.8568    0.5044    0.1073
...    94 A-T ...
   -2.7310 -141.0785  -26.2669
   -0.5127    0.7998   -0.3120
   -0.2498    0.2087    0.9455
    0.8214    0.5627    0.0928
...    95 A-T ...
   -0.1811 -139.2286  -26.1552
   -0.6224    0.7484    0.2291
    0.0576   -0.2481    0.9670
    0.7806    0.6151    0.1113
...    96 C-G ...
    2.1639 -136.8780  -26.3588
   -0.5466    0.4857    0.6822
    0.3679   -0.5925    0.7167
    0.7523    0.6426    0.1452
...    97 A-T ...
    4.4604 -134.5234  -25.7446
   -0.3531   -0.0036    0.9356
    0.6412   -0.7292    0.2392
    0.6814    0.6843    0.2598
...    98 C-G ...
    6.1616 -131.8640  -24.6315
   -0.0002   -0.4069    0.9135
    0.7547   -0.5994   -0.2668
    0.6561    0.6893    0.3073
...    99 T-A ...
    7.9717 -129.1901  -23.0114
    0.3985   -0.7011    0.5913
    0.6484   -0.2406   -0.7223
    0.6487    0.6712    0.3587
...   100 T-A ...
    9.8542 -126.9860  -21.4979
    0.7363   -0.6725    0.0753
    0.2987    0.2231   -0.9279
    0.6072    0.7057    0.3652
...   101 T-A ...
   11.7046 -124.7731  -19.9488
    0.8071   -0.3806   -0.4513
   -0.1866    0.5608   -0.8066
    0.5601    0.7353    0.3816
...   102 A-T ...
   13.3796 -121.9974  -18.8158
    0.5229    0.1065   -0.8457
   -0.6796    0.6510   -0.3382
    0.5145    0.7516    0.4127
...   103 T-A ...
   15.6005 -120.0076  -17.4654
    0.1281    0.3866   -0.9133
   -0.8519    0.5144    0.0983
    0.5078    0.7655    0.3953
...   104 G-C ...
   17.4636 -117.4734  -16.3898
   -0.4625    0.5426   -0.7012
   -0.7403    0.1989    0.6422
    0.4880    0.8161    0.3096
...   105 C-G ...
   19.0206 -114.6765  -15.8815
   -0.8198    0.5032   -0.2734
   -0.3905   -0.1418    0.9096
    0.4189    0.8525    0.3127
...   106 T-A ...
   20.4035 -111.5944  -15.2619
   -0.9211    0.2897    0.2601
    0.1388   -0.3798    0.9146
    0.3638    0.8785    0.3096
...   107 T-A ...
   21.3878 -108.6772  -14.4233
   -0.7244   -0.0337    0.6886
    0.6260   -0.4504    0.6366
    0.2887    0.8922    0.3473
...   108 C-G ...
   21.9923 -105.6901  -13.2037
   -0.2799   -0.3517    0.8933
    0.9310   -0.3266    0.1632
    0.2343    0.8773    0.4189
...   109 C-G ...
   22.5098 -102.8121  -11.7083
    0.2098   -0.5673    0.7963
    0.9505   -0.0726   -0.3021
    0.2292    0.8203    0.5240
...   110 G-C ...
   23.5202 -100.4944   -9.9805
    0.6348   -0.6059    0.4796
    0.7321    0.2729   -0.6242
    0.2473    0.7473    0.6168
...   111 G-C ...
   24.5717  -98.4307   -7.5154
    0.9205   -0.3895    0.0314
    0.2800    0.6012   -0.7484
    0.2726    0.6977    0.6625
...   112 C-G ...
   25.6613  -96.5817   -4.9297
    0.9160   -0.0118   -0.4011
   -0.2667    0.7290   -0.6304
    0.2999    0.6844    0.6646
...   113 T-A ...
   26.7288  -94.4634   -2.6358
    0.6340    0.3761   -0.6758
   -0.7091    0.6315   -0.3138
    0.3087    0.6781    0.6670
...   114 C-G ...
   27.6716  -92.1424   -0.4416
    0.0870    0.6690   -0.7382
   -0.9479    0.2836    0.1454
    0.3066    0.6870    0.6588
...   115 G-C ...
   28.1684  -89.8499    1.9058
   -0.5016    0.6582   -0.5614
   -0.8275   -0.1759    0.5332
    0.2522    0.7320    0.6329
...   116 T-A ...
   29.1810  -87.0659    3.3981
   -0.8773    0.4225   -0.2278
   -0.4362   -0.5040    0.7454
    0.2001    0.7533    0.6264
...   117 A-T ...
   29.7741  -84.0914    5.0379
   -0.9878   -0.0195    0.1543
    0.1315   -0.6344    0.7617
    0.0830    0.7727    0.6293
...   118 T-A ...
   29.7298  -81.2169    6.5252
   -0.7949   -0.3411    0.5017
    0.6023   -0.5427    0.5854
    0.0726    0.7675    0.6369
...   119 A-T ...
   29.8797  -78.7841    8.7519
   -0.3469   -0.6607    0.6657
    0.9379   -0.2386    0.2520
   -0.0076    0.7117    0.7024
...   120 A-T ...
   29.5041  -76.5448   11.0571
    0.2327   -0.7195    0.6544
    0.9723    0.1878   -0.1392
   -0.0227    0.6686    0.7433
...   121 T-A ...
   28.8156  -74.6386   13.7005
    0.6990   -0.5225    0.4883
    0.7144    0.5419   -0.4427
   -0.0333    0.6582    0.7521
...   122 G-C ...
   28.6817  -72.6257   16.4584
    0.9850   -0.1496    0.0864
    0.1707    0.7660   -0.6198
    0.0265    0.6252    0.7800
...   123 T-A ...
   28.8758  -71.0208   19.3153
    0.9382    0.2567   -0.2320
   -0.3449    0.7474   -0.5678
    0.0276    0.6127    0.7898
...   124 G-C ...
   29.0570  -69.0145   21.9674
    0.5591    0.6196   -0.5509
   -0.8256    0.4766   -0.3020
    0.0754    0.6236    0.7781
...   125 T-A ...
   29.7721  -67.2312   24.5694
    0.0473    0.7598   -0.6484
   -0.9958    0.0865    0.0287
    0.0779    0.6443    0.7608
...   126 C-G ...
   30.0768  -65.1565   26.9514
   -0.5456    0.6704   -0.5028
   -0.8340   -0.3755    0.4044
    0.0823    0.6399    0.7640
...   127 G-C ...
   29.8224  -63.2966   29.6540
   -0.8967    0.2853   -0.3383
   -0.4395   -0.6643    0.6046
   -0.0523    0.6908    0.7211
...   128 A-T ...
   29.8157  -61.1282   31.9376
   -0.9849   -0.1622    0.0609
    0.1610   -0.7268    0.6677
   -0.0641    0.6674    0.7420
...   129 C-G ...
   29.2764  -58.4859   33.8322
   -0.7510   -0.5535    0.3600
    0.6512   -0.5308    0.5423
   -0.1090    0.6418    0.7591
...   130 C-G ...
   28.1418  -56.3997   36.2986
   -0.3000   -0.8253    0.4784
    0.9347   -0.1540    0.3204
   -0.1908    0.5432    0.8176
...   131 A-T ...
   27.8472  -54.9987   39.3205
    0.2667   -0.8631    0.4288
    0.9442    0.3232    0.0633
   -0.1932    0.3880    0.9012
...   132 A-T ...
   27.0960  -53.9479   42.3299
    0.7545   -0.5408    0.3718
    0.6273    0.7608   -0.1664
   -0.1929    0.3588    0.9133
...   133 A-T ...
   26.2568  -53.1254   45.4017
    0.9699    0.0274    0.2418
    0.0630    0.9315   -0.3583
   -0.2350    0.3627    0.9018
...   134 T-A ...
   25.6209  -52.5914   48.6401
    0.8597    0.5097    0.0340
   -0.4497    0.7866   -0.4231
   -0.2424    0.3485    0.9054
...   135 G-C ...
   25.2757  -52.5096   52.0792
    0.3204    0.9427   -0.0928
   -0.8825    0.2614   -0.3910
   -0.3443    0.2071    0.9157
...   136 T-A ...
   25.5257  -52.9787   55.8050
   -0.2439    0.9563   -0.1610
   -0.8908   -0.2866   -0.3525
   -0.3833    0.0575    0.9218
...   137 G-C ...
   24.8933  -52.7378   58.9866
   -0.7529    0.5562   -0.3519
   -0.5215   -0.8303   -0.1966
   -0.4015    0.0355    0.9152
...   138 A-T ...
   24.0143  -51.6375   61.9243
   -0.9563    0.0401   -0.2896
   -0.0524   -0.9980    0.0347
   -0.2876    0.0484    0.9565
...   139 G-C ...
   22.3467  -51.2412   64.4941
   -0.8529   -0.5118   -0.1033
    0.4974   -0.8566    0.1373
   -0.1587    0.0657    0.9851
...   140 C-G ...
   22.1503  -50.1499   67.4639
   -0.4681   -0.8748    0.1248
    0.8495   -0.4066    0.3362
   -0.2434    0.2634    0.9335
...   141 G-C ...
   21.4256  -51.8267   72.7877
    0.1303   -0.7143   -0.6876
    0.8897   -0.2218    0.3990
   -0.4375   -0.6638    0.6066
...   142 C-G ...
   20.4245  -54.3095   74.5419
    0.5846   -0.7390   -0.3348
    0.7594    0.3531    0.5465
   -0.2856   -0.5737    0.7676
...   143 T-A ...
   18.4271  -55.5291   76.5300
    0.8548   -0.5005    0.1370
    0.3188    0.7148    0.6224
   -0.4095   -0.4884    0.7706
...   144 C-G ...
   16.8371  -57.7223   78.2675
    0.8529   -0.0846    0.5151
   -0.1508    0.9048    0.3983
   -0.4998   -0.4174    0.7589
...   145 A-T ...
   15.7829  -59.5616   80.7982
    0.5516    0.4995    0.6680
   -0.6739    0.7388    0.0039
   -0.4916   -0.4523    0.7441
...   146 C-G ...
   15.7314  -61.4941   83.9317
    0.0344    0.7399    0.6718
   -0.8637    0.3602   -0.3526
   -0.5029   -0.5681    0.6514
...   147 A-T ...
   14.7383  -63.4280   86.8193
   -0.5924    0.6746    0.4405
   -0.6886   -0.1401   -0.7114
   -0.4182   -0.7248    0.5475
