  147 base-pairs
...     1 T-A ...
    0.0000    0.0000    0.0000
    1.0000    0.0000    0.0000
    0.0000    1.0000    0.0000
    0.0000    0.0000    1.0000
...     2 G-C ...
   -0.5555   -1.1003    3.3981
    0.7749    0.6051    0.1828
   -0.5991    0.7953   -0.0929
   -0.2016   -0.0375    0.9787
...     3 T-A ...
   -0.6619   -3.0237    6.5348
    0.3046    0.9250    0.2271
   -0.8994    0.3578   -0.2510
   -0.3134   -0.1278    0.9410
...     4 G-C ...
   -1.1607   -3.8418    9.6940
   -0.3351    0.9421    0.0133
   -0.8752   -0.3061   -0.3746
   -0.3489   -0.1372    0.9271
...     5 A-T ...
   -1.3881   -3.6770   12.8999
   -0.7835    0.6162   -0.0801
   -0.5677   -0.7622   -0.3109
   -0.2527   -0.1981    0.9470
...     6 G-C ...
   -2.6236   -3.5448   15.7072
   -0.9923    0.0611   -0.1075
   -0.0294   -0.9610   -0.2748
   -0.1201   -0.2695    0.9555
...     7 C-G ...
   -2.3138   -3.7570   18.8866
   -0.8620   -0.4995   -0.0864
    0.5008   -0.8655    0.0073
   -0.0785   -0.0370    0.9962
...     8 G-C ...
   -3.9561   -6.8109   23.3205
   -0.2581   -0.3560   -0.8981
    0.6294   -0.7673    0.1233
   -0.7330   -0.5335    0.4221
...     9 C-G ...
   -6.1177   -8.9414   24.2385
    0.1143   -0.7320   -0.6716
    0.8123   -0.3203    0.4874
   -0.5720   -0.6013    0.5580
...    10 T-A ...
   -8.5041   -9.6771   26.0540
    0.4660   -0.8587   -0.2131
    0.6274    0.1508    0.7640
   -0.6239   -0.4897    0.6090
...    11 C-G ...
  -11.0625  -11.3174   27.2336
    0.6660   -0.6911    0.2808
    0.3382    0.6152    0.7121
   -0.6649   -0.3794    0.6435
...    12 A-T ...
  -13.0013  -13.1789   29.0658
    0.7188   -0.1490    0.6790
   -0.1787    0.9043    0.3876
   -0.6718   -0.4000    0.6235
...    13 C-G ...
  -14.1788  -15.9359   31.3399
    0.4052    0.2865    0.8682
   -0.5270    0.8492   -0.0343
   -0.7470   -0.4437    0.4951
...    14 A-T ...
  -15.9532  -18.1566   33.3080
   -0.1503    0.6873    0.7107
   -0.6106    0.5008   -0.6135
   -0.7776   -0.5261    0.3444
...    15 A-T ...
  -18.3916  -19.9473   34.4653
   -0.4564    0.8605    0.2262
   -0.4023    0.0272   -0.9151
   -0.7936   -0.5087    0.3338
...    16 T-A ...
  -20.7814  -21.5277   36.2768
   -0.6292    0.7222   -0.2873
   -0.0811   -0.4286   -0.8999
   -0.7730   -0.5429    0.3282
...    17 T-A ...
  -23.3172  -23.0861   37.6831
   -0.5805    0.3178   -0.7497
    0.3137   -0.7623   -0.5661
   -0.7514   -0.5638    0.3428
...    18 T-A ...
  -25.8593  -24.7262   38.8174
   -0.2795   -0.1322   -0.9510
    0.5767   -0.8150   -0.0562
   -0.7676   -0.5642    0.3040
...    19 A-T ...
  -28.3797  -26.7001   39.6281
    0.1573   -0.4874   -0.8589
    0.6167   -0.6308    0.4709
   -0.7714   -0.6037    0.2014
...    20 T-A ...
  -31.2871  -28.2796   39.8148
    0.4496   -0.7393   -0.5013
    0.4509   -0.2966    0.8418
   -0.7711   -0.6045    0.2000
...    21 T-A ...
  -33.9006  -30.2220   40.1559
    0.6285   -0.7757    0.0561
    0.1088    0.1592    0.9812
   -0.7701   -0.6106    0.1844
...    22 C-G ...
  -36.3706  -32.3044   40.7153
    0.6010   -0.5219    0.6053
   -0.2889    0.5643    0.7734
   -0.7452   -0.6397    0.1884
...    23 G-C ...
  -38.8950  -34.1632   41.9526
    0.4366   -0.0350    0.8990
   -0.6126    0.7203    0.3256
   -0.6589   -0.6928    0.2931
...    24 C-G ...
  -40.7636  -36.6887   42.8660
    0.0888    0.3838    0.9191
   -0.7507    0.6322   -0.1915
   -0.6546   -0.6730    0.3443
...    25 A-T ...
  -43.2726  -38.6546   43.7685
   -0.3231    0.7113    0.6242
   -0.6691    0.2948   -0.6822
   -0.6693   -0.6381    0.3807
...    26 A-T ...
  -45.3741  -40.7184   45.2247
   -0.6506    0.7479    0.1320
   -0.3674   -0.1578   -0.9166
   -0.6646   -0.6448    0.3775
...    27 A-T ...
  -47.4068  -42.7272   46.7947
   -0.7580    0.5058   -0.4118
    0.0889   -0.5453   -0.8335
   -0.6462   -0.6684    0.3683
...    28 G-C ...
  -49.7929  -44.5829   48.2942
   -0.5573    0.1801   -0.8106
    0.4645   -0.7416   -0.4841
   -0.6883   -0.6463    0.3296
...    29 G-C ...
  -52.4574  -46.4970   49.3688
   -0.1411   -0.2012   -0.9693
    0.6894   -0.7227    0.0496
   -0.7105   -0.6613    0.2407
...    30 C-G ...
  -55.0966  -48.3638   49.9050
    0.3015   -0.5113   -0.8048
    0.6451   -0.5121    0.5670
   -0.7021   -0.6902    0.1755
...    31 C-G ...
  -57.6559  -50.4848   50.2954
    0.6648   -0.6409   -0.3837
    0.3651   -0.1693    0.9154
   -0.6517   -0.7487    0.1214
...    32 G-C ...
  -59.4143  -52.9295   50.8269
    0.8304   -0.5464    0.1090
   -0.0433    0.1317    0.9903
   -0.5555   -0.8271    0.0857
...    33 G-C ...
  -60.7582  -56.0063   50.9717
    0.7075   -0.3333    0.6232
   -0.5153    0.3601    0.7777
   -0.4836   -0.8714    0.0830
...    34 C-G ...
  -61.9240  -59.0582   51.1517
    0.3289   -0.0471    0.9432
   -0.8332    0.4556    0.3133
   -0.4444   -0.8889    0.1107
...    35 C-G ...
  -63.0560  -62.1901   51.8659
   -0.1780    0.2415    0.9539
   -0.8928    0.3680   -0.2597
   -0.4137   -0.8979    0.1501
...    36 C-G ...
  -64.2896  -65.2062   52.6603
   -0.6270    0.4328    0.6477
   -0.6645    0.1368   -0.7346
   -0.4065   -0.8911    0.2019
...    37 G-C ...
  -65.9964  -68.1972   52.3819
   -0.8676    0.4843    0.1123
   -0.1934   -0.1206   -0.9737
   -0.4580   -0.8665    0.1983
...    38 A-T ...
  -67.2978  -70.9906   53.0462
   -0.8160    0.3297   -0.4749
    0.3602   -0.3526   -0.8637
   -0.4522   -0.8758    0.1690
...    39 C-G ...
  -69.1607  -73.5058   53.7858
   -0.4936    0.1456   -0.8574
    0.7272   -0.4717   -0.4987
   -0.4770   -0.8697    0.1270
...    40 A-T ...
  -70.8842  -76.3333   54.1188
    0.0447   -0.0514   -0.9977
    0.8752   -0.4795    0.0639
   -0.4817   -0.8760    0.0235
...    41 C-G ...
  -72.7823  -78.9702   53.7520
    0.5102   -0.2206   -0.8313
    0.7308   -0.3985    0.5542
   -0.4535   -0.8902   -0.0420
...    42 G-C ...
  -73.9062  -82.1032   53.8612
    0.8767   -0.3129   -0.3653
    0.2989   -0.2407    0.9234
   -0.3769   -0.9188   -0.1176
...    43 A-T ...
  -75.1437  -84.9824   53.4351
    0.8931   -0.3816    0.2382
   -0.2628   -0.0127    0.9648
   -0.3651   -0.9242   -0.1116
...    44 C-G ...
  -76.0112  -88.0000   52.4220
    0.6452   -0.2780    0.7117
   -0.7008    0.1556    0.6961
   -0.3042   -0.9479   -0.0945
...    45 T-A ...
  -76.3679  -91.5617   51.8793
    0.1525   -0.1190    0.9811
   -0.9487    0.2605    0.1790
   -0.2769   -0.9581   -0.0732
...    46 T-A ...
  -76.8393  -94.7625   51.5284
   -0.3490    0.0073    0.9371
   -0.8983    0.2821   -0.3367
   -0.2669   -0.9593   -0.0919
...    47 A-T ...
  -77.9583  -97.8922   51.0599
   -0.8331    0.1755    0.5245
   -0.4881    0.2127   -0.8465
   -0.2601   -0.9612   -0.0915
...    48 C-G ...
  -78.6972 -101.1462   51.4341
   -0.9648    0.2628   -0.0033
    0.0268    0.0860   -0.9959
   -0.2615   -0.9610   -0.0900
...    49 T-A ...
  -79.8213 -104.3266   51.5415
   -0.7838    0.3356   -0.5226
    0.5295   -0.0786   -0.8447
   -0.3246   -0.9387   -0.1161
...    50 G-C ...
  -81.0372 -107.3969   50.9333
   -0.3165    0.3448   -0.8837
    0.8793   -0.2428   -0.4097
   -0.3558   -0.9067   -0.2264
...    51 T-A ...
  -82.6893 -110.0632   50.2665
    0.1669    0.2469   -0.9546
    0.9244   -0.3759    0.0644
   -0.3429   -0.8932   -0.2910
...    52 A-T ...
  -84.2156 -112.6119   48.6902
    0.6668    0.2162   -0.7132
    0.7081   -0.4821    0.5159
   -0.2322   -0.8490   -0.4746
...    53 G-C ...
  -85.2701 -115.1628   47.0089
    0.9453    0.0691   -0.3188
    0.3034   -0.5451    0.7816
   -0.1198   -0.8356   -0.5362
...    54 G-C ...
  -85.5773 -117.6213   44.3365
    0.9719   -0.1383    0.1905
   -0.2352   -0.5345    0.8118
   -0.0104   -0.8338   -0.5520
...    55 T-A ...
  -85.1695 -120.0774   42.2467
    0.7225   -0.3622    0.5888
   -0.6905   -0.4203    0.5887
    0.0342   -0.8320   -0.5538
...    56 A-T ...
  -84.3806 -122.7580   40.2779
    0.2118   -0.4780    0.8524
   -0.9716   -0.1971    0.1309
    0.1055   -0.8560   -0.5062
...    57 T-A ...
  -83.2738 -125.4020   38.6318
   -0.3004   -0.5292    0.7936
   -0.9464    0.0619   -0.3170
    0.1187   -0.8463   -0.5194
...    58 C-G ...
  -82.6605 -128.3527   37.1113
   -0.8131   -0.3921    0.4304
   -0.5690    0.3790   -0.7298
    0.1230   -0.8382   -0.5312
...    59 T-A ...
  -82.2811 -131.3402   35.6607
   -0.9944   -0.1053    0.0049
   -0.0596    0.5238   -0.8498
    0.0869   -0.8453   -0.5271
...    60 C-G ...
  -82.0013 -134.1426   33.8744
   -0.8461    0.2334   -0.4792
    0.5271    0.4991   -0.6877
    0.0787   -0.8345   -0.5454
...    61 G-C ...
  -81.4520 -136.5418   31.7423
   -0.4831    0.5674   -0.6669
    0.8752    0.3338   -0.3500
    0.0240   -0.7528   -0.6579
...    62 A-T ...
  -81.0425 -139.0562   29.7547
    0.0744    0.7245   -0.6853
    0.9938    0.0032    0.1112
    0.0827   -0.6893   -0.7198
...    63 G-C ...
  -81.3398 -140.9624   26.9813
    0.5537    0.7115   -0.4326
    0.8180   -0.3675    0.4426
    0.1560   -0.5989   -0.7855
...    64 T-A ...
  -81.0816 -142.2825   23.9915
    0.8750    0.4778   -0.0784
    0.4277   -0.6867    0.5878
    0.2270   -0.5478   -0.8052
...    65 C-G ...
  -80.1261 -143.8393   21.4115
    0.9461    0.0884    0.3115
   -0.0841   -0.8619    0.5001
    0.3127   -0.4994   -0.8080
...    66 A-T ...
  -78.8099 -144.7879   18.3518
    0.7339   -0.2856    0.6163
   -0.4848   -0.8557    0.1808
    0.4757   -0.4315   -0.7665
...    67 T-A ...
  -76.9031 -145.8077   15.9407
    0.3864   -0.6473    0.6570
   -0.7684   -0.6199   -0.1589
    0.5102   -0.4435   -0.7369
...    68 G-C ...
  -74.9165 -147.2667   13.6292
   -0.1529   -0.8673    0.4737
   -0.8331   -0.1447   -0.5339
    0.5316   -0.4762   -0.7004
...    69 T-A ...
  -72.6608 -148.8636   11.6978
   -0.5651   -0.8189    0.1002
   -0.6223    0.3434   -0.7034
    0.5416   -0.4598   -0.7037
...    70 T-A ...
  -70.7904 -150.4277    9.6051
   -0.7923   -0.5032   -0.3450
   -0.1987    0.7475   -0.6339
    0.5769   -0.4337   -0.6922
...    71 A-T ...
  -68.7950 -151.5990    7.1285
   -0.7432    0.0538   -0.6669
    0.3036    0.9154   -0.2645
    0.5963   -0.3990   -0.6966
...    72 T-A ...
  -67.2233 -153.4651    4.9949
   -0.4927    0.4928   -0.7173
    0.6123    0.7820    0.1166
    0.6183   -0.3817   -0.6870
...    73 A-T ...
  -65.1479 -154.5962    2.6849
   -0.1468    0.8741   -0.4631
    0.7861    0.3872    0.4817
    0.6004   -0.2934   -0.7439
...    74 A-T ...
  -63.4197 -155.4591    0.2155
    0.2235    0.9708   -0.0875
    0.7528   -0.1149    0.6481
    0.6191   -0.2108   -0.7565
...    75 C-G ...
  -61.8490 -155.7326   -2.7436
    0.5383    0.7830    0.3116
    0.5344   -0.6031    0.5922
    0.6517   -0.1523   -0.7431
...    76 G-C ...
  -59.2688 -156.1016   -4.6850
    0.5755    0.4068    0.7094
    0.2636   -0.9135    0.3100
    0.7742    0.0086   -0.6329
...    77 G-C ...
  -56.3230 -155.6687   -6.1092
    0.5261   -0.1166    0.8424
    0.0237   -0.9882   -0.1515
    0.8501    0.0996   -0.5171
...    78 A-T ...
  -53.3759 -155.2251   -7.4150
    0.3966   -0.6666    0.6311
   -0.2320   -0.7380   -0.6337
    0.8882    0.1049   -0.4474
...    79 C-G ...
  -50.2584 -154.5147   -8.3242
    0.1940   -0.9578    0.2121
   -0.3794   -0.2726   -0.8841
    0.9047    0.0911   -0.4163
...    80 T-A ...
  -46.9971 -154.1682   -9.1516
   -0.0884   -0.9548   -0.2838
   -0.3944    0.2952   -0.8702
    0.9147    0.0350   -0.4026
...    81 C-G ...
  -44.0217 -153.9835  -10.6118
   -0.2984   -0.5860   -0.7533
   -0.2676    0.8090   -0.5233
    0.9162    0.0455   -0.3982
...    82 G-C ...
  -41.1971 -152.9031  -12.2535
   -0.4356   -0.0322   -0.8996
   -0.0643    0.9979   -0.0045
    0.8978    0.0559   -0.4368
...    83 G-C ...
  -38.1275 -152.7653  -13.5427
   -0.4683    0.5140   -0.7187
    0.1262    0.8440    0.5213
    0.8745    0.1534   -0.4601
...    84 G-C ...
  -35.2638 -152.4302  -15.2487
   -0.4397    0.8549   -0.2754
    0.3555    0.4472    0.8207
    0.8248    0.2630   -0.5005
...    85 A-T ...
  -32.6746 -151.5625  -17.0754
   -0.2160    0.9359    0.2784
    0.5469   -0.1203    0.8285
    0.8089    0.3312   -0.4858
...    86 T-A ...
  -30.4589 -150.1811  -19.0689
    0.0466    0.7274    0.6847
    0.5925   -0.5719    0.5673
    0.8042    0.3793   -0.4576
...    87 C-G ...
  -27.9369 -148.6409  -20.5016
    0.3261    0.2452    0.9130
    0.4890   -0.8703    0.0591
    0.8090    0.4272   -0.4037
...    88 C-G ...
  -25.3178 -146.9891  -21.5908
    0.4382   -0.2824    0.8534
    0.2916   -0.8534   -0.4321
    0.8503    0.4381   -0.2916
...    89 G-C ...
  -22.3499 -145.9508  -22.5897
    0.4305   -0.7488    0.5039
    0.0671   -0.5302   -0.8452
    0.9001    0.3976   -0.1781
...    90 C-G ...
  -19.1466 -144.6070  -22.6148
    0.3898   -0.9178   -0.0755
   -0.1647    0.0112   -0.9863
    0.9061    0.3968   -0.1468
...    91 T-A ...
  -15.7912 -143.6917  -22.7447
    0.2455   -0.7372   -0.6295
   -0.3079    0.5565   -0.7717
    0.9192    0.3833   -0.0904
...    92 T-A ...
  -12.6760 -142.6993  -22.7558
    0.0833   -0.2370   -0.9679
   -0.4106    0.8769   -0.2500
    0.9080    0.4182   -0.0243
...    93 T-A ...
   -9.5773 -141.6206  -22.7074
   -0.1324    0.3323   -0.9339
   -0.4098    0.8395    0.3568
    0.9025    0.4300    0.0251
...    94 A-T ...
   -6.7583 -139.9036  -22.1893
   -0.3763    0.7530   -0.5398
   -0.2731    0.4666    0.8413
    0.8853    0.4640    0.0301
...    95 A-T ...
   -3.9672 -138.4161  -22.2635
   -0.5153    0.8570   -0.0019
   -0.0382   -0.0208    0.9991
    0.8562    0.5149    0.0434
...    96 C-G ...
   -1.2659 -136.5219  -22.7428
   -0.5070    0.6948    0.5101
    0.2292   -0.4618    0.8569
    0.8309    0.5513    0.0749
...    97 A-T ...
    1.3409 -134.4400  -22.4159
   -0.4074    0.2442    0.8800
    0.5066   -0.7413    0.4403
    0.7599    0.6252    0.1783
...    98 C-G ...
    3.3482 -131.8747  -21.6762
   -0.1211   -0.2050    0.9712
    0.6717   -0.7373   -0.0719
    0.7309    0.6436    0.2270
...    99 T-A ...
    5.4487 -129.2195  -20.4480
    0.2445   -0.6239    0.7423
    0.6527   -0.4602   -0.6018
    0.7171    0.6316    0.2947
...   100 T-A ...
    7.5484 -127.0568  -19.1743
    0.6182   -0.7418    0.2599
    0.3941    0.0065   -0.9190
    0.6800    0.6706    0.2964
...   101 T-A ...
    9.6061 -124.8762  -17.8491
    0.7722   -0.5586   -0.3027
   -0.0437    0.4286   -0.9025
    0.6339    0.7101    0.3065
...   102 A-T ...
   11.5661 -122.1457  -17.0123
    0.5918   -0.0761   -0.8025
   -0.5688    0.6660   -0.4827
    0.5712    0.7421    0.3508
...   103 T-A ...
   13.9033 -120.2340  -15.7288
    0.2405    0.2427   -0.9398
   -0.7896    0.6121   -0.0440
    0.5646    0.7527    0.3388
...   104 G-C ...
   15.9609 -117.7954  -14.8108
   -0.3418    0.4922   -0.8006
   -0.7573    0.3602    0.5448
    0.5565    0.7925    0.2496
...   105 C-G ...
   17.8028 -115.1447  -14.4821
   -0.7323    0.5511   -0.4000
   -0.4707    0.0148    0.8822
    0.4921    0.8343    0.2486
...   106 T-A ...
   19.5330 -112.2065  -14.0694
   -0.8993    0.4123    0.1459
    0.0244   -0.2857    0.9580
    0.4367    0.8651    0.2469
...   107 T-A ...
   20.7768 -109.3362  -13.4446
   -0.7751    0.1162    0.6210
    0.5204   -0.4400    0.7318
    0.3583    0.8904    0.2806
...   108 C-G ...
   21.6156 -106.3183  -12.4712
   -0.3880   -0.2315    0.8921
    0.8738   -0.4003    0.2761
    0.2932    0.8867    0.3575
...   109 C-G ...
   22.3235 -103.3762  -11.1951
    0.0828   -0.5092    0.8567
    0.9585   -0.1947   -0.2083
    0.2729    0.8384    0.4719
...   110 G-C ...
   23.4438 -101.0409   -9.5405
    0.5272   -0.6223    0.5787
    0.8049    0.1474   -0.5748
    0.2724    0.7688    0.5786
...   111 G-C ...
   24.5165  -98.9032   -7.1436
    0.8703   -0.4718    0.1414
    0.4008    0.5115   -0.7601
    0.2863    0.7182    0.6342
...   112 C-G ...
   25.5913  -96.9799   -4.6019
    0.9399   -0.1255   -0.3174
   -0.1413    0.7034   -0.6966
    0.3107    0.6996    0.6434
...   113 T-A ...
   26.6584  -94.7958   -2.3683
    0.7185    0.2765   -0.6382
   -0.6200    0.6703   -0.4077
    0.3151    0.6886    0.6531
...   114 C-G ...
   27.5974  -92.4276   -0.2129
    0.2000    0.6213   -0.7576
   -0.9294    0.3651    0.0541
    0.3102    0.6933    0.6505
...   115 G-C ...
   28.0906  -90.0836    2.0883
   -0.4056    0.6702   -0.6216
   -0.8764   -0.0921    0.4726
    0.2595    0.7365    0.6247
...   116 T-A ...
   29.2127  -87.3103    3.5596
   -0.8259    0.4745   -0.3045
   -0.5238   -0.4459    0.7258
    0.2086    0.7589    0.6169
...   117 A-T ...
   29.9021  -84.3539    5.1888
   -0.9947    0.0511    0.0893
    0.0385   -0.6202    0.7835
    0.0954    0.7828    0.6149
...   118 T-A ...
   29.9536  -81.4423    6.6119
   -0.8445   -0.2775    0.4580
    0.5291   -0.5650    0.6332
    0.0831    0.7770    0.6240
...   119 A-T ...
   30.1358  -78.9744    8.8070
   -0.4208   -0.6235    0.6589
    0.9072   -0.2873    0.3074
   -0.0023    0.7271    0.6866
...   120 A-T ...
   29.7839  -76.6676   11.0501
    0.1575   -0.7202    0.6756
    0.9873    0.1307   -0.0908
   -0.0229    0.6813    0.7316
...   121 T-A ...
   29.0780  -74.6847   13.6309
    0.6446   -0.5520    0.5290
    0.7637    0.4963   -0.4128
   -0.0347    0.6701    0.7415
...   122 G-C ...
   28.9258  -72.6192   16.3526
    0.9717   -0.1955    0.1329
    0.2354    0.7500   -0.6181
    0.0211    0.6319    0.7748
...   123 T-A ...
   29.0666  -70.9963   19.2099
    0.9573    0.2150   -0.1931
   -0.2883    0.7561   -0.5875
    0.0197    0.6181    0.7858
...   124 G-C ...
   29.1974  -68.9715   21.8615
    0.6009    0.5986   -0.5297
   -0.7967    0.5026   -0.3357
    0.0653    0.6237    0.7789
...   125 T-A ...
   29.8637  -67.2054   24.4907
    0.0941    0.7571   -0.6465
   -0.9932    0.1161   -0.0085
    0.0687    0.6429    0.7629
...   126 C-G ...
   30.1390  -65.1401   26.8908
   -0.5098    0.6849   -0.5206
   -0.8573   -0.3535    0.3743
    0.0723    0.6372    0.7673
...   127 G-C ...
   29.8235  -63.3037   29.6198
   -0.8826    0.3062   -0.3567
   -0.4669   -0.6593    0.5893
   -0.0548    0.6867    0.7249
...   128 A-T ...
   29.8085  -61.1510   31.9238
   -0.9887   -0.1444    0.0403
    0.1344   -0.7344    0.6653
   -0.0664    0.6632    0.7455
...   129 C-G ...
   29.2772  -58.5162   33.8330
   -0.7659   -0.5436    0.3434
    0.6333   -0.5456    0.5489
   -0.1110    0.6379    0.7621
...   130 C-G ...
   28.1550  -56.4289   36.3036
   -0.3165   -0.8241    0.4698
    0.9287   -0.1682    0.3305
   -0.1933    0.5409    0.8185
...   131 A-T ...
   27.8712  -55.0223   39.3320
    0.2577   -0.8650    0.4307
    0.9459    0.3167    0.0702
   -0.1972    0.3893    0.8998
...   132 A-T ...
   27.1121  -53.9606   42.3363
    0.7509   -0.5434    0.3755
    0.6307    0.7585   -0.1637
   -0.1959    0.3597    0.9123
...   133 A-T ...
   26.2643  -53.1324   45.4048
    0.9693    0.0250    0.2445
    0.0662    0.9314   -0.3578
   -0.2367    0.3631    0.9012
...   134 T-A ...
   25.6209  -52.5913   48.6400
    0.8597    0.5097    0.0340
   -0.4497    0.7866   -0.4231
   -0.2424    0.3485    0.9054
...   135 G-C ...
   25.2758  -52.5096   52.0791
    0.3204    0.9427   -0.0928
   -0.8825    0.2614   -0.3910
   -0.3443    0.2071    0.9157
...   136 T-A ...
   25.5258  -52.9787   55.8049
   -0.2439    0.9563   -0.1610
   -0.8908   -0.2866   -0.3525
   -0.3833    0.0575    0.9218
...   137 G-C ...
   24.8934  -52.7378   58.9865
   -0.7529    0.5562   -0.3519
   -0.5215   -0.8303   -0.1966
   -0.4015    0.0355    0.9152
...   138 A-T ...
   24.0144  -51.6374   61.9242
   -0.9563    0.0401   -0.2896
   -0.0524   -0.9980    0.0347
   -0.2876    0.0484    0.9565
...   139 G-C ...
   22.3467  -51.2412   64.4940
   -0.8529   -0.5118   -0.1033
    0.4974   -0.8566    0.1373
   -0.1587    0.0657    0.9851
...   140 C-G ...
   22.1504  -50.1498   67.4638
   -0.4681   -0.8748    0.1248
    0.8495   -0.4066    0.3362
   -0.2434    0.2634    0.9335
...   141 G-C ...
   21.4257  -51.8266   72.7876
    0.1303   -0.7143   -0.6876
    0.8897   -0.2218    0.3990
   -0.4375   -0.6638    0.6066
...   142 C-G ...
   20.4246  -54.3095   74.5418
    0.5846   -0.7390   -0.3348
    0.7594    0.3532    0.5465
   -0.2856   -0.5737    0.7676
...   143 T-A ...
   18.4272  -55.5290   76.5299
    0.8548   -0.5005    0.1370
    0.3188    0.7148    0.6224
   -0.4095   -0.4884    0.7706
...   144 C-G ...
   16.8372  -57.7222   78.2674
    0.8529   -0.0846    0.5151
   -0.1508    0.9048    0.3983
   -0.4998   -0.4174    0.7589
...   145 A-T ...
   15.7830  -59.5615   80.7981
    0.5516    0.4995    0.6680
   -0.6739    0.7388    0.0039
   -0.4916   -0.4523    0.7441
...   146 C-G ...
   15.7315  -61.4940   83.9316
    0.0344    0.7399    0.6718
   -0.8637    0.3602   -0.3526
   -0.5029   -0.5681    0.6514
...   147 A-T ...
   14.7384  -63.4279   86.8192
   -0.5924    0.6746    0.4405
   -0.6886   -0.1401   -0.7114
   -0.4182   -0.7248    0.5475
