  147 base-pairs
...     1 T-A ...
    0.0000    0.0000    0.0000
    1.0000    0.0000    0.0000
    0.0000    1.0000    0.0000
    0.0000    0.0000    1.0000
...     2 G-C ...
   -0.5555   -1.1003    3.3981
    0.7749    0.6051    0.1828
   -0.5991    0.7953   -0.0929
   -0.2016   -0.0375    0.9787
...     3 T-A ...
   -0.6619   -3.0237    6.5348
    0.3046    0.9250    0.2271
   -0.8994    0.3578   -0.2510
   -0.3134   -0.1278    0.9410
...     4 G-C ...
   -1.1607   -3.8418    9.6940
   -0.3351    0.9421    0.0133
   -0.8752   -0.3061   -0.3746
   -0.3489   -0.1372    0.9271
...     5 A-T ...
   -1.3881   -3.6770   12.8999
   -0.7835    0.6162   -0.0801
   -0.5677   -0.7622   -0.3109
   -0.2527   -0.1981    0.9470
...     6 G-C ...
   -2.6236   -3.5448   15.7072
   -0.9923    0.0611   -0.1075
   -0.0294   -0.9610   -0.2748
   -0.1201   -0.2695    0.9555
...     7 C-G ...
   -2.3138   -3.7570   18.8866
   -0.8620   -0.4995   -0.0864
    0.5008   -0.8655    0.0073
   -0.0785   -0.0370    0.9962
...     8 G-C ...
   -3.9561   -6.8109   23.3205
   -0.2581   -0.3560   -0.8981
    0.6294   -0.7673    0.1233
   -0.7330   -0.5335    0.4221
...     9 C-G ...
   -6.1177   -8.9414   24.2385
    0.1143   -0.7320   -0.6716
    0.8123   -0.3203    0.4874
   -0.5720   -0.6013    0.5580
...    10 T-A ...
   -8.5041   -9.6771   26.0540
    0.4660   -0.8587   -0.2131
    0.6274    0.1508    0.7640
   -0.6239   -0.4897    0.6090
...    11 C-G ...
  -11.0625  -11.3174   27.2336
    0.6660   -0.6911    0.2808
    0.3382    0.6152    0.7121
   -0.6649   -0.3794    0.6435
...    12 A-T ...
  -13.0013  -13.1789   29.0658
    0.7188   -0.1490    0.6790
   -0.1787    0.9043    0.3876
   -0.6718   -0.4000    0.6235
...    13 C-G ...
  -14.1788  -15.9359   31.3399
    0.4052    0.2865    0.8682
   -0.5270    0.8492   -0.0343
   -0.7470   -0.4437    0.4951
...    14 A-T ...
  -15.9532  -18.1566   33.3080
   -0.1503    0.6873    0.7107
   -0.6106    0.5008   -0.6135
   -0.7776   -0.5261    0.3444
...    15 A-T ...
  -18.4001  -19.9546   34.4299
   -0.4574    0.8614    0.2208
   -0.3921    0.0275   -0.9195
   -0.7982   -0.5071    0.3252
...    16 T-A ...
  -20.8156  -21.5314   36.2057
   -0.6219    0.7236   -0.2995
   -0.0674   -0.4305   -0.9001
   -0.7802   -0.5396    0.3165
...    17 T-A ...
  -23.3900  -23.0832   37.5553
   -0.5597    0.3203   -0.7643
    0.3220   -0.7658   -0.5567
   -0.7636   -0.5577    0.3255
...    18 T-A ...
  -25.9690  -24.7337   38.5840
   -0.2427   -0.1261   -0.9619
    0.5684   -0.8220   -0.0356
   -0.7862   -0.5553    0.2712
...    19 A-T ...
  -28.5509  -26.6952   39.2804
    0.1941   -0.5004   -0.8438
    0.5800   -0.6351    0.5101
   -0.7911   -0.5884    0.1669
...    20 T-A ...
  -31.4919  -28.2273   39.3244
    0.4639   -0.7566   -0.4607
    0.3933   -0.2901    0.8725
   -0.7938   -0.5859    0.1629
...    21 T-A ...
  -34.1535  -30.1160   39.5403
    0.5952   -0.7934    0.1273
    0.0372    0.1854    0.9820
   -0.8027   -0.5798    0.1399
...    22 C-G ...
  -36.7385  -32.0995   39.9674
    0.5200   -0.5216    0.6764
   -0.3359    0.6032    0.7234
   -0.7854   -0.6034    0.1385
...    23 G-C ...
  -39.4663  -33.7781   40.9901
    0.3394   -0.0225    0.9404
   -0.6045    0.7607    0.2364
   -0.7207   -0.6487    0.2446
...    24 C-G ...
  -41.5591  -36.1796   41.7671
    0.0106    0.4144    0.9100
   -0.6903    0.6615   -0.2932
   -0.7235   -0.6251    0.2931
...    25 A-T ...
  -44.2813  -37.9989   42.3411
   -0.3588    0.7526    0.5521
   -0.5593    0.3002   -0.7727
   -0.7472   -0.5861    0.3132
...    26 A-T ...
  -46.6710  -39.9004   43.5505
   -0.6149    0.7885    0.0131
   -0.2504   -0.1794   -0.9514
   -0.7478   -0.5883    0.3078
...    27 A-T ...
  -49.0291  -41.7173   44.8834
   -0.6545    0.5327   -0.5366
    0.1671   -0.5902   -0.7897
   -0.7374   -0.6065    0.2973
...    28 G-C ...
  -51.7410  -43.3315   46.0897
   -0.4140    0.1789   -0.8925
    0.4731   -0.7954   -0.3788
   -0.7777   -0.5791    0.2446
...    29 G-C ...
  -54.7094  -44.9790   46.7710
   -0.0011   -0.2390   -0.9710
    0.6093   -0.7701    0.1889
   -0.7929   -0.5914    0.1465
...    30 C-G ...
  -57.5415  -46.6381   46.8618
    0.3845   -0.5790   -0.7190
    0.4886   -0.5332    0.6906
   -0.7832   -0.6168    0.0778
...    31 C-G ...
  -60.2865  -48.5565   46.8511
    0.6533   -0.7228   -0.2250
    0.1704   -0.1492    0.9740
   -0.7376   -0.6747    0.0257
...    32 G-C ...
  -62.3528  -50.8144   47.1698
    0.7217   -0.6238    0.2998
   -0.2245    0.1988    0.9540
   -0.6547   -0.7558    0.0034
...    33 G-C ...
  -64.0886  -53.7078   47.1755
    0.5106   -0.3710    0.7757
   -0.6173    0.4698    0.6310
   -0.5985   -0.8010    0.0109
...    34 C-G ...
  -65.7106  -56.5565   47.1962
    0.0989   -0.0207    0.9949
   -0.8112    0.5774    0.0927
   -0.5763   -0.8162    0.0403
...    35 C-G ...
  -67.4390  -59.4462   47.7125
   -0.3645    0.3302    0.8707
   -0.7400    0.4649   -0.4861
   -0.5652   -0.8215    0.0749
...    36 C-G ...
  -69.2424  -62.2464   48.2516
   -0.6958    0.5634    0.4455
   -0.4252    0.1768   -0.8877
   -0.5789   -0.8071    0.1165
...    37 G-C ...
  -71.2342  -65.0135   47.5904
   -0.7753    0.6149   -0.1443
    0.0577   -0.1585   -0.9857
   -0.6289   -0.7725    0.0874
...    38 A-T ...
  -73.1017  -67.5356   47.9436
   -0.5887    0.4154   -0.6935
    0.5185   -0.4641   -0.7181
   -0.6202   -0.7823    0.0578
...    39 C-G ...
  -75.4787  -69.6757   48.1776
   -0.2002    0.1603   -0.9665
    0.7450   -0.6158   -0.2565
   -0.6363   -0.7714    0.0039
...    40 A-T ...
  -77.6942  -72.1811   48.0231
    0.3230   -0.1311   -0.9373
    0.7167   -0.6129    0.3327
   -0.6181   -0.7792   -0.1040
...    41 C-G ...
  -79.8494  -74.4902   47.1480
    0.6851   -0.3690   -0.6280
    0.4421   -0.4746    0.7612
   -0.5789   -0.7991   -0.1620
...    42 G-C ...
  -81.5098  -77.3804   46.9365
    0.8637   -0.5010   -0.0555
   -0.0647   -0.2194    0.9735
   -0.4999   -0.8372   -0.2219
...    43 A-T ...
  -83.0959  -80.0235   46.1631
    0.6640   -0.5295    0.5280
   -0.5606    0.1148    0.8201
   -0.4949   -0.8405   -0.2206
...    44 C-G ...
  -84.2211  -82.8969   44.9682
    0.2875   -0.3494    0.8918
   -0.8422    0.3511    0.4091
   -0.4561   -0.8687   -0.1934
...    45 T-A ...
  -85.1613  -86.3382   44.2989
   -0.2343   -0.0764    0.9692
   -0.8646    0.4721   -0.1718
   -0.4444   -0.8782   -0.1767
...    46 T-A ...
  -86.2341  -89.3613   43.7551
   -0.6655    0.1533    0.7305
   -0.6093    0.4538   -0.6503
   -0.4312   -0.8778   -0.2086
...    47 A-T ...
  -87.8067  -92.1668   42.6874
   -0.9114    0.3892    0.1336
   -0.0317    0.2572   -0.9658
   -0.4103   -0.8845   -0.2221
...    48 C-G ...
  -89.3186  -95.1545   42.6080
   -0.7829    0.4760   -0.4007
    0.4615    0.0124   -0.8871
   -0.4173   -0.8794   -0.2293
...    49 T-A ...
  -91.0852  -97.9857   42.0595
   -0.3783    0.4755   -0.7942
    0.8061   -0.2526   -0.5352
   -0.4551   -0.8427   -0.2877
...    50 G-C ...
  -92.6527 -100.7112   40.8154
    0.1991    0.3670   -0.9086
    0.8788   -0.4773   -0.0002
   -0.4338   -0.7984   -0.4176
...    51 T-A ...
  -94.4466 -102.9073   39.3130
    0.6319    0.1465   -0.7611
    0.6688   -0.5994    0.4399
   -0.3917   -0.7869   -0.4768
...    52 A-T ...
  -95.6521 -105.1210   37.0849
    0.9498   -0.0198   -0.3123
    0.2307   -0.6303    0.7413
   -0.2115   -0.7761   -0.5941
...    53 G-C ...
  -96.4453 -107.3978   34.9233
    0.9583   -0.2321    0.1665
   -0.2724   -0.5666    0.7777
   -0.0862   -0.7906   -0.6062
...    54 G-C ...
  -96.1316 -109.8384   32.2515
    0.6614   -0.4272    0.6164
   -0.7499   -0.3894    0.5348
    0.0116   -0.8160   -0.5779
...    55 T-A ...
  -95.5148 -112.4137   30.3324
    0.1811   -0.5550    0.8119
   -0.9824   -0.1407    0.1229
    0.0460   -0.8199   -0.5707
...    56 A-T ...
  -94.8528 -115.2591   28.5912
   -0.4263   -0.5063    0.7496
   -0.9017    0.1715   -0.3970
    0.0725   -0.8452   -0.5296
...    57 T-A ...
  -93.9623 -118.1556   27.2525
   -0.8283   -0.3746    0.4167
   -0.5512    0.4107   -0.7263
    0.1009   -0.8313   -0.5467
...    58 C-G ...
  -93.6039 -121.1107   25.6648
   -0.9897   -0.0532   -0.1330
    0.0792    0.5711   -0.8171
    0.1194   -0.8192   -0.5610
...    59 T-A ...
  -93.4747 -124.0170   23.9752
   -0.7991    0.2916   -0.5258
    0.5945    0.5136   -0.6187
    0.0896   -0.8070   -0.5838
...    60 C-G ...
  -93.1461 -126.7774   22.0547
   -0.2993    0.5599   -0.7726
    0.9481    0.2655   -0.1750
    0.1071   -0.7849   -0.6103
...    61 G-C ...
  -92.2743 -129.1529   19.9432
    0.1912    0.7544   -0.6280
    0.9687   -0.0417    0.2448
    0.1585   -0.6551   -0.7387
...    62 A-T ...
  -91.6189 -131.4647   17.7568
    0.6768    0.6680   -0.3095
    0.6889   -0.4263    0.5862
    0.2596   -0.6099   -0.7487
...    63 G-C ...
  -90.7212 -133.0993   15.0144
    0.9020    0.4178    0.1086
    0.2546   -0.7179    0.6479
    0.3487   -0.5567   -0.7540
...    64 C-G ...
  -89.4104 -134.4423   12.2000
    0.8627   -0.0205    0.5053
   -0.2849   -0.8451    0.4522
    0.4177   -0.5341   -0.7350
...    65 T-A ...
  -87.8396 -135.8929    9.6898
    0.5594   -0.4182    0.7157
   -0.6659   -0.7409    0.0876
    0.4936   -0.5256   -0.6929
...    66 C-G ...
  -86.2495 -137.9714    7.7862
    0.0615   -0.7520    0.6563
   -0.8105   -0.4214   -0.4069
    0.5825   -0.5069   -0.6354
...    67 G-C ...
  -85.1155 -140.1940    5.3207
   -0.4287   -0.8431    0.3247
   -0.6586    0.0457   -0.7511
    0.6184   -0.5359   -0.5749
...    68 G-C ...
  -82.9237 -142.1226    3.6109
   -0.7402   -0.6592   -0.1329
   -0.3048    0.5050   -0.8075
    0.5994   -0.5572   -0.5747
...    69 G-C ...
  -80.9702 -144.1769    1.8401
   -0.8265   -0.2326   -0.5127
    0.1650    0.7707   -0.6155
    0.5383   -0.5933   -0.5986
...    70 A-T ...
  -79.1911 -146.3955    0.0397
   -0.5497    0.2741   -0.7892
    0.6217    0.7652   -0.1673
    0.5580   -0.5825   -0.5910
...    71 T-A ...
  -77.8312 -148.6873   -1.9181
   -0.1566    0.6425   -0.7501
    0.8105    0.5177    0.2741
    0.5644   -0.5651   -0.6018
...    72 C-G ...
  -76.1353 -150.5730   -4.0395
    0.3270    0.8452   -0.4228
    0.7383    0.0507    0.6726
    0.5899   -0.5321   -0.6074
...    73 C-G ...
  -74.3949 -152.5791   -6.0038
    0.5451    0.8343    0.0829
    0.4549   -0.3774    0.8066
    0.7042   -0.4020   -0.5852
...    74 G-C ...
  -71.7549 -153.8892   -7.5421
    0.5502    0.5844    0.5964
    0.1456   -0.7704    0.6206
    0.8222   -0.2546   -0.5090
...    75 C-G ...
  -68.8540 -154.1600   -9.3978
    0.5070    0.0546    0.8602
   -0.1665   -0.9730    0.1600
    0.8457   -0.2244   -0.4842
...    76 T-A ...
  -65.5832 -154.4755  -10.5706
    0.3089   -0.4964    0.8113
   -0.3495   -0.8526   -0.3885
    0.8845   -0.1635   -0.4369
...    77 T-A ...
  -62.5400 -154.7342  -11.7266
    0.0848   -0.9061    0.4145
   -0.4460   -0.4065   -0.7974
    0.8910   -0.1172   -0.4386
...    78 T-A ...
  -59.4734 -154.9771  -12.8278
   -0.1348   -0.9807   -0.1419
   -0.4179    0.1861   -0.8892
    0.8984   -0.0606   -0.4350
...    79 A-T ...
  -56.8542 -154.5257  -14.8339
   -0.2113   -0.6608   -0.7202
   -0.2927    0.7458   -0.5984
    0.9326    0.0844   -0.3510
...    80 A-T ...
  -53.7928 -154.3531  -15.8272
   -0.2971   -0.1143   -0.9480
   -0.1631    0.9843   -0.0675
    0.9408    0.1346   -0.3111
...    81 C-G ...
  -50.6228 -154.4839  -16.9697
   -0.3395    0.4295   -0.8368
   -0.0004    0.8896    0.4568
    0.9406    0.1554   -0.3019
...    82 A-T ...
  -47.5259 -154.0016  -18.0105
   -0.3669    0.8362   -0.4077
    0.1702    0.4912    0.8543
    0.9146    0.2440   -0.3225
...    83 C-G ...
  -44.7627 -153.2182  -19.7065
   -0.2759    0.9566    0.0931
    0.3241    0.0014    0.9460
    0.9049    0.2912   -0.3104
...    84 T-A ...
  -41.8789 -151.7885  -21.2143
   -0.1556    0.7590    0.6322
    0.4266   -0.5256    0.7361
    0.8910    0.3842   -0.2420
...    85 T-A ...
  -39.2079 -150.1913  -22.1032
    0.0693    0.3237    0.9436
    0.4498   -0.8544    0.2601
    0.8904    0.4065   -0.2048
...    86 T-A ...
  -36.4127 -148.7097  -22.6469
    0.2446   -0.2205    0.9442
    0.3646   -0.8814   -0.3003
    0.8985    0.4177   -0.1352
...    87 A-T ...
  -33.3473 -147.4692  -22.9469
    0.3377   -0.7053    0.6233
    0.2138   -0.5874   -0.7805
    0.9166    0.3968   -0.0476
...    88 T-A ...
  -30.4966 -145.8140  -22.4734
    0.4313   -0.8926    0.1310
    0.0149   -0.1382   -0.9903
    0.9021    0.4291   -0.0463
...    89 T-A ...
  -27.5408 -144.4265  -22.2730
    0.4073   -0.7802   -0.4747
   -0.2277    0.4166   -0.8801
    0.8845    0.4665   -0.0080
...    90 C-G ...
  -24.6806 -142.7067  -22.4844
    0.2160   -0.3676   -0.9045
   -0.4193    0.8017   -0.4260
    0.8818    0.4713    0.0190
...    91 A-T ...
  -21.8644 -140.8994  -22.1715
   -0.1246    0.0979   -0.9874
   -0.4654    0.8731    0.1453
    0.8763    0.4776   -0.0632
...    92 T-A ...
  -18.8512 -139.7574  -22.5949
   -0.3616    0.5004   -0.7866
   -0.3495    0.7094    0.6120
    0.8643    0.4963   -0.0816
...    93 G-C ...
  -15.8348 -138.1101  -23.1068
   -0.5804    0.7579   -0.2978
   -0.1097    0.2897    0.9508
    0.8069    0.5845   -0.0850
...    94 T-A ...
  -13.2737 -136.2417  -24.0701
   -0.5897    0.7767    0.2213
    0.1875   -0.1348    0.9730
    0.7855    0.6153   -0.0661
...    95 T-A ...
  -11.0068 -134.1152  -24.3729
   -0.4897    0.5347    0.6887
    0.4708   -0.5027    0.7250
    0.7339    0.6792   -0.0056
...    96 A-T ...
   -8.7850 -131.7687  -24.1301
   -0.3259    0.0975    0.9404
    0.6780   -0.6691    0.3043
    0.6589    0.7368    0.1519
...    97 T-A ...
   -7.2969 -128.9526  -23.6654
    0.0328   -0.2498    0.9677
    0.7641   -0.6178   -0.1854
    0.6442    0.7456    0.1706
...    98 A-T ...
   -5.1382 -126.5784  -22.9337
    0.3764   -0.6049    0.7017
    0.6740   -0.3409   -0.6554
    0.6356    0.7196    0.2794
...    99 A-T ...
   -3.2656 -124.2709  -21.8142
    0.6762   -0.7004    0.2283
    0.3780    0.0639   -0.9236
    0.6323    0.7109    0.3080
...   100 C-G ...
   -1.2640 -122.0852  -20.0156
    0.7894   -0.5346   -0.3018
   -0.0471    0.4375   -0.8980
    0.6121    0.7231    0.3202
...   101 G-C ...
    0.8379 -119.7041  -19.2634
    0.5898   -0.1995   -0.7825
   -0.4795    0.6931   -0.5382
    0.6497    0.6927    0.3132
...   102 G-C ...
    3.1312 -117.5835  -18.2074
    0.2101    0.1409   -0.9675
   -0.7095    0.7029   -0.0517
    0.6727    0.6972    0.2476
...   103 A-T ...
    5.3905 -115.3844  -17.3021
   -0.2472    0.5095   -0.8242
   -0.7190    0.4738    0.5085
    0.6496    0.7183    0.2492
...   104 G-C ...
    7.5836 -113.0149  -16.7263
   -0.6147    0.6429   -0.4570
   -0.5055    0.1236    0.8539
    0.6055    0.7559    0.2490
...   105 C-G ...
    9.7420 -110.4282  -16.3849
   -0.8304    0.5506    0.0850
   -0.0743   -0.2607    0.9626
    0.5521    0.7930    0.2574
...   106 T-A ...
   11.4236 -107.4832  -15.8966
   -0.7688    0.2661    0.5816
    0.4051   -0.5011    0.7647
    0.4949    0.8235    0.2774
...   107 T-A ...
   12.7800 -104.7183  -15.0806
   -0.4717   -0.1177    0.8739
    0.7712   -0.5355    0.3442
    0.4274    0.8363    0.3433
...   108 C-G ...
   13.8588 -101.9363  -13.7448
   -0.0135   -0.4609    0.8874
    0.9208   -0.3518   -0.1687
    0.3899    0.8148    0.4291
...   109 C-G ...
   14.9125  -99.3011  -12.0933
    0.4130   -0.6596    0.6280
    0.8160   -0.0382   -0.5768
    0.4044    0.7507    0.5225
...   110 G-C ...
   16.4672  -97.2361  -10.4781
    0.7262   -0.6553    0.2077
    0.5316    0.3437   -0.7741
    0.4359    0.6726    0.5980
...   111 G-C ...
   18.2477  -95.4804   -8.1884
    0.8832   -0.3843   -0.2689
    0.0757    0.6825   -0.7270
    0.4629    0.6217    0.6318
...   112 C-G ...
   20.0294  -93.9102   -5.8130
    0.7720    0.0371   -0.6345
   -0.4116    0.7899   -0.4546
    0.4844    0.6121    0.6251
...   113 T-A ...
   21.7196  -92.0428   -3.6858
    0.4415    0.4474   -0.7778
   -0.7550    0.6536   -0.0526
    0.4848    0.6105    0.6264
...   114 C-G ...
   23.2786  -89.9888   -1.5594
   -0.0924    0.7344   -0.6724
   -0.8790    0.2571    0.4015
    0.4677    0.6282    0.6218
...   115 G-C ...
   24.3599  -87.9189    0.7960
   -0.6169    0.6930   -0.3731
   -0.6809   -0.2322    0.6946
    0.3947    0.6826    0.6151
...   116 T-A ...
   25.6793  -85.2629    2.2278
   -0.9057    0.4239    0.0056
   -0.2596   -0.5649    0.7832
    0.3352    0.7079    0.6217
...   117 A-T ...
   26.5783  -82.3456    3.8590
   -0.9385   -0.0502    0.3416
    0.2828   -0.6796    0.6769
    0.1982    0.7319    0.6520
...   118 T-A ...
   26.7866  -79.5807    5.5037
   -0.6858   -0.3883    0.6156
    0.7047   -0.5658    0.4281
    0.1821    0.7274    0.6616
...   119 A-T ...
   27.2493  -77.3080    7.8184
   -0.2403   -0.7120    0.6598
    0.9658   -0.2435    0.0889
    0.0974    0.6586    0.7461
...   120 A-T ...
   27.1978  -75.2565   10.3150
    0.3274   -0.7579    0.5643
    0.9413    0.2099   -0.2643
    0.0819    0.6177    0.7821
...   121 T-A ...
   26.8615  -73.5434   13.1577
    0.7626   -0.5416    0.3537
    0.6434    0.5786   -0.5012
    0.0668    0.6098    0.7897
...   122 G-C ...
   27.0520  -71.7314   16.0278
    0.9897   -0.1362   -0.0437
    0.0840    0.8009   -0.5928
    0.1157    0.5831    0.8042
...   123 T-A ...
   27.5378  -70.2745   18.9309
    0.9022    0.2840   -0.3246
   -0.4166    0.7689   -0.4851
    0.1118    0.5728    0.8120
...   124 G-C ...
   27.9876  -68.4191   21.6490
    0.4923    0.6506   -0.5783
   -0.8569    0.4789   -0.1907
    0.1529    0.5894    0.7933
...   125 T-A ...
   28.9564  -66.7512   24.2413
   -0.0229    0.7861   -0.6177
   -0.9886    0.0741    0.1309
    0.1487    0.6137    0.7754
...   126 C-G ...
   29.4828  -64.7850   26.6705
   -0.5943    0.6834   -0.4241
   -0.7904   -0.3989    0.4648
    0.1485    0.6114    0.7773
...   127 G-C ...
   29.4619  -62.9784   29.4030
   -0.9172    0.2844   -0.2789
   -0.3981   -0.6805    0.6152
   -0.0149    0.6754    0.7373
...   128 A-T ...
   29.5605  -60.8581   31.7192
   -0.9795   -0.1701    0.1077
    0.1991   -0.7383    0.6444
   -0.0301    0.6527    0.7570
...   129 C-G ...
   29.0939  -58.2518   33.6740
   -0.7321   -0.5639    0.3822
    0.6765   -0.5361    0.5050
   -0.0798    0.6282    0.7739
...   130 C-G ...
   28.0038  -56.2265   36.2171
   -0.2822   -0.8340    0.4742
    0.9448   -0.1559    0.2880
   -0.1662    0.5293    0.8320
...   131 A-T ...
   27.7657  -54.8975   39.2665
    0.2776   -0.8680    0.4116
    0.9449    0.3242    0.0464
   -0.1737    0.3761    0.9102
...   132 A-T ...
   27.0562  -53.9048   42.3088
    0.7600   -0.5423    0.3581
    0.6243    0.7623   -0.1706
   -0.1805    0.3533    0.9179
...   133 A-T ...
   26.2463  -53.1051   45.3915
    0.9717    0.0277    0.2345
    0.0595    0.9324   -0.3566
   -0.2285    0.3605    0.9043
...   134 T-A ...
   25.6209  -52.5914   48.6400
    0.8597    0.5097    0.0340
   -0.4497    0.7866   -0.4231
   -0.2424    0.3485    0.9054
...   135 G-C ...
   25.2757  -52.5096   52.0791
    0.3204    0.9427   -0.0928
   -0.8825    0.2614   -0.3910
   -0.3443    0.2071    0.9157
...   136 T-A ...
   25.5258  -52.9787   55.8049
   -0.2439    0.9563   -0.1610
   -0.8908   -0.2866   -0.3525
   -0.3833    0.0575    0.9218
...   137 G-C ...
   24.8933  -52.7378   58.9865
   -0.7529    0.5562   -0.3519
   -0.5215   -0.8303   -0.1966
   -0.4015    0.0355    0.9152
...   138 A-T ...
   24.0143  -51.6374   61.9242
   -0.9563    0.0401   -0.2896
   -0.0524   -0.9980    0.0347
   -0.2876    0.0484    0.9565
...   139 G-C ...
   22.3467  -51.2412   64.4940
   -0.8529   -0.5118   -0.1033
    0.4974   -0.8566    0.1373
   -0.1587    0.0657    0.9851
...   140 C-G ...
   22.1503  -50.1499   67.4638
   -0.4681   -0.8748    0.1248
    0.8495   -0.4066    0.3362
   -0.2434    0.2634    0.9335
...   141 G-C ...
   21.4257  -51.8266   72.7876
    0.1303   -0.7143   -0.6876
    0.8897   -0.2218    0.3990
   -0.4375   -0.6638    0.6066
...   142 C-G ...
   20.4246  -54.3095   74.5418
    0.5846   -0.7390   -0.3348
    0.7594    0.3532    0.5465
   -0.2856   -0.5737    0.7676
...   143 T-A ...
   18.4271  -55.5290   76.5299
    0.8548   -0.5005    0.1370
    0.3188    0.7148    0.6224
   -0.4095   -0.4884    0.7706
...   144 C-G ...
   16.8372  -57.7222   78.2674
    0.8529   -0.0846    0.5151
   -0.1508    0.9048    0.3983
   -0.4998   -0.4174    0.7589
...   145 A-T ...
   15.7829  -59.5616   80.7981
    0.5516    0.4995    0.6680
   -0.6739    0.7388    0.0039
   -0.4916   -0.4523    0.7441
...   146 C-G ...
   15.7315  -61.4941   83.9316
    0.0344    0.7399    0.6718
   -0.8637    0.3602   -0.3526
   -0.5029   -0.5681    0.6514
...   147 A-T ...
   14.7384  -63.4279   86.8192
   -0.5924    0.6746    0.4405
   -0.6886   -0.1401   -0.7114
   -0.4182   -0.7248    0.5475
