  147 base-pairs
...     1 T-A ...
    0.0000    0.0000    0.0000
    1.0000    0.0000    0.0000
    0.0000    1.0000    0.0000
    0.0000    0.0000    1.0000
...     2 G-C ...
   -0.5555   -1.1003    3.3981
    0.7749    0.6051    0.1828
   -0.5991    0.7953   -0.0929
   -0.2016   -0.0375    0.9787
...     3 T-A ...
   -0.6619   -3.0237    6.5348
    0.3046    0.9250    0.2271
   -0.8994    0.3578   -0.2510
   -0.3134   -0.1278    0.9410
...     4 G-C ...
   -1.1607   -3.8418    9.6940
   -0.3351    0.9421    0.0133
   -0.8752   -0.3061   -0.3746
   -0.3489   -0.1372    0.9271
...     5 A-T ...
   -1.3881   -3.6770   12.8999
   -0.7835    0.6162   -0.0801
   -0.5677   -0.7622   -0.3109
   -0.2527   -0.1981    0.9470
...     6 G-C ...
   -2.6236   -3.5448   15.7072
   -0.9923    0.0611   -0.1075
   -0.0294   -0.9610   -0.2748
   -0.1201   -0.2695    0.9555
...     7 C-G ...
   -2.3138   -3.7570   18.8866
   -0.8620   -0.4995   -0.0864
    0.5008   -0.8655    0.0073
   -0.0785   -0.0370    0.9962
...     8 G-C ...
   -3.9561   -6.8109   23.3205
   -0.2581   -0.3560   -0.8981
    0.6294   -0.7673    0.1233
   -0.7330   -0.5335    0.4221
...     9 C-G ...
   -6.1177   -8.9414   24.2385
    0.1143   -0.7320   -0.6716
    0.8123   -0.3203    0.4874
   -0.5720   -0.6013    0.5580
...    10 T-A ...
   -8.5041   -9.6771   26.0540
    0.4660   -0.8587   -0.2131
    0.6274    0.1508    0.7640
   -0.6239   -0.4897    0.6090
...    11 C-G ...
  -11.0625  -11.3174   27.2336
    0.6660   -0.6911    0.2808
    0.3382    0.6152    0.7121
   -0.6649   -0.3794    0.6435
...    12 A-T ...
  -13.0013  -13.1789   29.0658
    0.7188   -0.1490    0.6790
   -0.1787    0.9043    0.3876
   -0.6718   -0.4000    0.6235
...    13 C-G ...
  -14.1788  -15.9359   31.3399
    0.4052    0.2865    0.8682
   -0.5270    0.8492   -0.0343
   -0.7470   -0.4437    0.4951
...    14 A-T ...
  -15.9532  -18.1566   33.3080
   -0.1503    0.6873    0.7107
   -0.6106    0.5008   -0.6135
   -0.7776   -0.5261    0.3444
...    15 A-T ...
  -18.3985  -19.9440   34.4552
   -0.4587    0.8605    0.2218
   -0.3975    0.0246   -0.9173
   -0.7947   -0.5089    0.3308
...    16 T-A ...
  -20.7984  -21.5240   36.2534
   -0.6279    0.7199   -0.2957
   -0.0729   -0.4327   -0.8986
   -0.7749   -0.5427    0.3242
...    17 T-A ...
  -23.3468  -23.0837   37.6377
   -0.5719    0.3133   -0.7581
    0.3211   -0.7650   -0.5583
   -0.7549   -0.5628    0.3369
...    18 T-A ...
  -25.9001  -24.7360   38.7360
   -0.2622   -0.1384   -0.9550
    0.5781   -0.8150   -0.0406
   -0.7727   -0.5627    0.2937
...    19 A-T ...
  -28.4323  -26.7248   39.5300
    0.1779   -0.5078   -0.8429
    0.6049   -0.6193    0.5007
   -0.7762   -0.5989    0.1970
...    20 T-A ...
  -31.3441  -28.3024   39.6848
    0.4628   -0.7535   -0.4670
    0.4265   -0.2726    0.8624
   -0.7771   -0.5983    0.1952
...    21 T-A ...
  -33.9636  -30.2344   40.0123
    0.6203   -0.7769    0.1081
    0.0724    0.1939    0.9783
   -0.7810   -0.5990    0.1765
...    22 C-G ...
  -36.4722  -32.2801   40.5609
    0.5670   -0.5017    0.6533
   -0.3190    0.5975    0.7357
   -0.7594   -0.6255    0.1788
...    23 G-C ...
  -39.0789  -34.0552   41.7465
    0.3893   -0.0030    0.9211
   -0.6190    0.7397    0.2640
   -0.6821   -0.6730    0.2861
...    24 C-G ...
  -41.0296  -36.5237   42.6597
    0.0441    0.4209    0.9060
   -0.7307    0.6321   -0.2581
   -0.6813   -0.6506    0.3354
...    25 A-T ...
  -43.6401  -38.4238   43.4487
   -0.3565    0.7406    0.5695
   -0.6188    0.2696   -0.7379
   -0.7000   -0.6155    0.3621
...    26 A-T ...
  -45.8620  -40.4108   44.8324
   -0.6505    0.7579    0.0495
   -0.3020   -0.1983   -0.9325
   -0.6969   -0.6216    0.3579
...    27 A-T ...
  -48.0305  -42.3346   46.3297
   -0.7178    0.4913   -0.4934
    0.1464   -0.5863   -0.7968
   -0.6807   -0.6442    0.3489
...    28 G-C ...
  -50.5530  -44.0959   47.7260
   -0.4862    0.1441   -0.8619
    0.4931   -0.7690   -0.4067
   -0.7214   -0.6227    0.3029
...    29 G-C ...
  -53.3340  -45.9297   48.6570
   -0.0576   -0.2508   -0.9663
    0.6719   -0.7257    0.1483
   -0.7384   -0.6407    0.2103
...    30 C-G ...
  -56.0354  -47.7555   49.0257
    0.3676   -0.5592   -0.7431
    0.5795   -0.4872    0.6533
   -0.7274   -0.6708    0.1449
...    31 C-G ...
  -58.6345  -49.8491   49.2727
    0.6870   -0.6724   -0.2756
    0.2644   -0.1219    0.9567
   -0.6769   -0.7301    0.0941
...    32 G-C ...
  -60.4863  -52.2492   49.7761
    0.7978   -0.5551    0.2355
   -0.1523    0.1924    0.9694
   -0.5834   -0.8092    0.0690
...    33 G-C ...
  -61.9397  -55.2799   49.9615
    0.6159   -0.3105    0.7241
   -0.5943    0.4202    0.6857
   -0.5171   -0.8527    0.0743
...    34 C-G ...
  -63.2422  -58.2785   50.1819
    0.2012    0.0044    0.9795
   -0.8509    0.4961    0.1726
   -0.4852   -0.8682    0.1035
...    35 C-G ...
  -64.5972  -61.3182   50.9163
   -0.3027    0.3047    0.9031
   -0.8329    0.3759   -0.4061
   -0.4632   -0.8751    0.1400
...    36 C-G ...
  -66.0374  -64.2648   51.6837
   -0.7013    0.4908    0.5170
   -0.5386    0.1104   -0.8353
   -0.4670   -0.8643    0.1869
...    37 G-C ...
  -67.7838  -67.2424   51.2693
   -0.8546    0.5159   -0.0595
   -0.0363   -0.1736   -0.9841
   -0.5180   -0.8389    0.1671
...    38 A-T ...
  -69.2808  -69.9579   51.8620
   -0.7109    0.3246   -0.6239
    0.4854   -0.4155   -0.7693
   -0.5090   -0.8497    0.1378
...    39 C-G ...
  -71.3337  -72.3676   52.4048
   -0.3309    0.1089   -0.9374
    0.7818   -0.5247   -0.3369
   -0.5286   -0.8443    0.0885
...    40 A-T ...
  -73.2064  -75.1290   52.5695
    0.2224   -0.1150   -0.9681
    0.8262   -0.5050    0.2498
   -0.5176   -0.8555   -0.0173
...    41 C-G ...
  -75.1234  -77.7193   52.0023
    0.6468   -0.2912   -0.7048
    0.5929   -0.3893    0.7049
   -0.4796   -0.8739   -0.0791
...    42 G-C ...
  -76.3874  -80.8089   52.0495
    0.9134   -0.3732   -0.1626
    0.0935   -0.1964    0.9761
   -0.3962   -0.9067   -0.1444
...    43 A-T ...
  -77.6573  -83.6688   51.5248
    0.7996   -0.4087    0.4399
   -0.4585    0.0575    0.8868
   -0.3878   -0.9108   -0.1415
...    44 C-G ...
  -78.4808  -86.7059   50.5166
    0.4563   -0.2699    0.8479
   -0.8235    0.2329    0.5173
   -0.3371   -0.9343   -0.1160
...    45 T-A ...
  -78.9479  -90.2711   50.0463
   -0.0826   -0.0745    0.9938
   -0.9447    0.3235   -0.0543
   -0.3174   -0.9433   -0.0971
...    46 T-A ...
  -79.5668  -93.4496   49.7125
   -0.5678    0.0741    0.8198
   -0.7644    0.3220   -0.5585
   -0.3054   -0.9438   -0.1262
...    47 A-T ...
  -80.7885  -96.5134   48.9447
   -0.9352    0.2371    0.2631
   -0.2160    0.2068   -0.9542
   -0.2807   -0.9492   -0.1422
...    48 C-G ...
  -81.7695  -99.7163   49.1495
   -0.9048    0.3153   -0.2862
    0.3175    0.0515   -0.9469
   -0.2838   -0.9476   -0.1467
...    49 T-A ...
  -83.0666 -102.8317   48.9359
   -0.5705    0.3640   -0.7362
    0.7509   -0.1320   -0.6471
   -0.3327   -0.9220   -0.1980
...    50 G-C ...
  -84.2559 -105.8482   48.0110
   -0.0097    0.3480   -0.9374
    0.9433   -0.3080   -0.1241
   -0.3319   -0.8855   -0.3253
...    51 T-A ...
  -85.8061 -108.4135   46.8666
    0.4705    0.2208   -0.8543
    0.8302   -0.4387    0.3439
   -0.2989   -0.8711   -0.3898
...    52 A-T ...
  -86.9252 -110.8788   44.8515
    0.8730    0.1617   -0.4601
    0.4698   -0.5316    0.7047
   -0.1307   -0.8314   -0.5401
...    53 G-C ...
  -87.5549 -113.3647   42.8790
    0.9999   -0.0110    0.0111
   -0.0154   -0.5695    0.8218
   -0.0027   -0.8219   -0.5696
...    54 G-C ...
  -87.1317 -115.8086   40.2217
    0.8317   -0.2320    0.5044
   -0.5450   -0.5147    0.6619
    0.1061   -0.8254   -0.5545
...    55 T-A ...
  -86.2429 -118.2841   38.2905
    0.4352   -0.4450    0.7827
   -0.8884   -0.3534    0.2930
    0.1462   -0.8228   -0.5492
...    56 A-T ...
  -85.1625 -121.0076   36.5554
   -0.1597   -0.5318    0.8317
   -0.9688   -0.0774   -0.2355
    0.1896   -0.8434   -0.5028
...    57 T-A ...
  -83.8149 -123.7061   35.1872
   -0.6269   -0.5237    0.5768
   -0.7499    0.2049   -0.6290
    0.2112   -0.8269   -0.5212
...    58 C-G ...
  -82.9992 -126.6159   33.6919
   -0.9520   -0.3008    0.0568
   -0.2078    0.4988   -0.8415
    0.2248   -0.8129   -0.5373
...    59 T-A ...
  -82.4198 -129.5404   32.1457
   -0.9250    0.0390   -0.3781
    0.3282    0.5836   -0.7428
    0.1916   -0.8111   -0.5526
...    60 C-G ...
  -81.7305 -132.2836   30.3174
   -0.5618    0.3926   -0.7282
    0.8028    0.4713   -0.3652
    0.1998   -0.7898   -0.5800
...    61 G-C ...
  -80.6379 -134.5601   28.2227
   -0.1227    0.7052   -0.6983
    0.9722    0.2267    0.0582
    0.1994   -0.6718   -0.7134
...    62 A-T ...
  -79.7549 -136.8685   26.1294
    0.4112    0.7779   -0.4751
    0.8656   -0.1699    0.4710
    0.2857   -0.6049   -0.7432
...    63 G-C ...
  -78.9222 -138.5108   23.3776
    0.7594    0.6435   -0.0958
    0.5442   -0.5475    0.6357
    0.3566   -0.5349   -0.7660
...    64 C-G ...
  -77.7923 -139.7978   20.4670
    0.9055    0.2656    0.3309
    0.0382   -0.8277    0.5599
    0.4226   -0.4944   -0.7596
...    65 T-A ...
  -76.3145 -141.0636   17.8031
    0.7622   -0.1565    0.6281
   -0.4061   -0.8712    0.2758
    0.5041   -0.4653   -0.7276
...    66 C-G ...
  -74.4986 -142.8547   15.8221
    0.3795   -0.6027    0.7020
   -0.7072   -0.6781   -0.1998
    0.5965   -0.4206   -0.6836
...    67 G-C ...
  -73.1154 -145.0030   13.4829
   -0.1061   -0.8624    0.4950
   -0.7523   -0.2559   -0.6071
    0.6503   -0.4368   -0.6216
...    68 G-C ...
  -70.7467 -146.5425   11.6371
   -0.5220   -0.8473    0.0981
   -0.5616    0.2549   -0.7872
    0.6420   -0.4660   -0.6089
...    69 G-C ...
  -68.5782 -148.2946    9.7943
   -0.7878   -0.5357   -0.3040
   -0.1679    0.6616   -0.7308
    0.5926   -0.5247   -0.6111
...    70 A-T ...
  -66.5193 -150.2418    7.9879
   -0.7185   -0.0369   -0.6946
    0.3323    0.8590   -0.3894
    0.6111   -0.5106   -0.6049
...    71 T-A ...
  -64.8448 -152.4094    6.1326
   -0.4507    0.4206   -0.7874
    0.6498    0.7593    0.0337
    0.6121   -0.4965   -0.6155
...    72 C-G ...
  -62.9958 -154.1443    4.0093
   -0.0032    0.8013   -0.5983
    0.7783    0.3776    0.5017
    0.6279   -0.4640   -0.6248
...    73 C-G ...
  -61.0431 -155.9607    2.0620
    0.2795    0.9477   -0.1540
    0.6565   -0.0716    0.7509
    0.7006   -0.3110   -0.6422
...    74 G-C ...
  -58.3879 -156.8138    0.2730
    0.4301    0.8209    0.3758
    0.4524   -0.5561    0.6972
    0.7813   -0.1298   -0.6105
...    75 C-G ...
  -55.8418 -156.7209   -2.0552
    0.5804    0.3695    0.7257
    0.1501   -0.9244    0.3507
    0.8004   -0.0947   -0.5919
...    76 T-A ...
  -52.8459 -156.4264   -3.7903
    0.5424   -0.2046    0.8148
   -0.1351   -0.9785   -0.1558
    0.8292   -0.0256   -0.5584
...    77 T-A ...
  -50.0321 -156.1506   -5.4135
    0.3896   -0.7311    0.5602
   -0.4065   -0.6823   -0.6077
    0.8264    0.0090   -0.5630
...    78 T-A ...
  -47.1948 -155.9019   -6.9901
    0.1239   -0.9877    0.0956
   -0.5544   -0.1488   -0.8188
    0.8229    0.0484   -0.5661
...    79 A-T ...
  -44.9820 -155.4479   -9.4087
   -0.1219   -0.8645   -0.4877
   -0.5451    0.4690   -0.6950
    0.8295    0.1811   -0.5284
...    80 A-T ...
  -42.2156 -154.9254  -10.9594
   -0.3741   -0.4444   -0.8139
   -0.4122    0.8659   -0.2833
    0.8307    0.2295   -0.5072
...    81 C-G ...
  -39.2882 -154.7459  -12.6103
   -0.5336    0.0827   -0.8417
   -0.1650    0.9659    0.1995
    0.8295    0.2453   -0.5017
...    82 A-T ...
  -36.5665 -153.9863  -14.3053
   -0.6026    0.5844   -0.5435
    0.1451    0.7499    0.6454
    0.7847    0.3101   -0.5367
...    83 C-G ...
  -34.2780 -153.2450  -16.6279
   -0.4820    0.8673   -0.1240
    0.4193    0.3526    0.8365
    0.7693    0.3513   -0.5337
...    84 T-A ...
  -32.0115 -151.8241  -18.9847
   -0.2526    0.8792    0.4040
    0.6118   -0.1784    0.7707
    0.7496    0.4419   -0.4928
...    85 T-A ...
  -29.8890 -150.1430  -20.7542
    0.0961    0.6173    0.7808
    0.6523   -0.6316    0.4190
    0.7519    0.4691   -0.4634
...    86 T-A ...
  -27.5686 -148.4515  -22.1807
    0.3805    0.1448    0.9134
    0.5158   -0.8530   -0.0796
    0.7676    0.5014   -0.3993
...    87 A-T ...
  -24.9196 -146.8349  -23.2744
    0.5102   -0.3832    0.7700
    0.2771   -0.7743   -0.5690
    0.8142    0.5036   -0.2888
...    88 T-A ...
  -22.5130 -144.6737  -23.6431
    0.5522   -0.7147    0.4292
    0.0429   -0.4898   -0.8708
    0.8326    0.4993   -0.2398
...    89 G-C ...
  -19.6250 -143.1145  -24.1360
    0.3909   -0.9058   -0.1632
   -0.2613    0.0608   -0.9633
    0.8825    0.4193   -0.2130
...    90 C-G ...
  -16.5189 -142.0014  -24.5800
    0.1728   -0.7231   -0.6688
   -0.4320    0.5546   -0.7112
    0.8852    0.4118   -0.2166
...    91 T-A ...
  -13.2646 -141.0704  -25.2477
   -0.0976   -0.2805   -0.9549
   -0.4250    0.8793   -0.2148
    0.8999    0.3849   -0.2050
...    92 T-A ...
  -10.2898 -140.0355  -25.8802
   -0.3273    0.2541   -0.9101
   -0.3162    0.8781    0.3590
    0.8904    0.4053   -0.2071
...    93 C-G ...
   -7.3050 -138.8504  -26.7428
   -0.4906    0.6924   -0.5291
   -0.0841    0.5667    0.8196
    0.8673    0.4467   -0.2198
...    94 C-G ...
   -4.3132 -137.6527  -27.4381
   -0.5950    0.8036   -0.0100
    0.1541    0.1263    0.9800
    0.7888    0.5816   -0.1990
...    95 G-C ...
   -1.9176 -135.7989  -27.8030
   -0.5637    0.6625    0.4933
    0.4336   -0.2710    0.8594
    0.7030    0.6983   -0.1344
...    96 G-C ...
   -0.0099 -132.9341  -28.4866
   -0.3922    0.3135    0.8648
    0.6771   -0.5380    0.5021
    0.6227    0.7825   -0.0013
...    97 T-A ...
    1.3271 -129.9342  -28.5129
   -0.0223   -0.0535    0.9983
    0.7985   -0.6018   -0.0144
    0.6016    0.7968    0.0561
...    98 C-G ...
    3.1222 -127.3685  -27.9344
    0.3724   -0.4180    0.8286
    0.7212   -0.4316   -0.5418
    0.5841    0.7994    0.1408
...    99 A-T ...
    4.5947 -124.4277  -26.9017
    0.6205   -0.6598    0.4238
    0.5138   -0.0662   -0.8554
    0.5924    0.7485    0.2979
...   100 T-A ...
    6.3434 -122.1012  -25.4397
    0.7820   -0.6203   -0.0611
    0.1489    0.2811   -0.9481
    0.6053    0.7323    0.3121
...   101 G-C ...
    8.4012 -119.7538  -24.1417
    0.7075   -0.3471   -0.6155
   -0.3405    0.5958   -0.7274
    0.6192    0.7242    0.3034
...   102 T-A ...
   10.7139 -117.7364  -22.7324
    0.4241    0.0457   -0.9045
   -0.6804    0.6751   -0.2850
    0.5976    0.7363    0.3174
...   103 T-A ...
   12.7665 -115.5205  -21.6711
   -0.0224    0.4295   -0.9028
   -0.8103    0.5212    0.2680
    0.5856    0.7375    0.3363
...   104 A-T ...
   14.4639 -112.9188  -20.4027
   -0.5164    0.6233   -0.5873
   -0.6582    0.1498    0.7378
    0.5478    0.7675    0.3329
...   105 T-A ...
   16.5368 -110.4757  -19.9548
   -0.7777    0.6105   -0.1497
   -0.3282   -0.1913    0.9250
    0.5361    0.7686    0.3491
...   106 A-T ...
   18.1332 -107.8860  -18.7089
   -0.8945    0.3139    0.3184
    0.1481   -0.4639    0.8734
    0.4219    0.8284    0.3684
...   107 A-T ...
   19.2610 -105.1521  -17.6582
   -0.7189   -0.0404    0.6939
    0.5994   -0.5416    0.5894
    0.3520    0.8397    0.4136
...   108 C-G ...
   19.7141 -102.0140  -16.4608
   -0.3108   -0.3590    0.8800
    0.8942   -0.4242    0.1428
    0.3220    0.8314    0.4529
...   109 G-C ...
   20.9617  -99.6632  -14.5722
    0.1601   -0.6467    0.7457
    0.9503   -0.1034   -0.2937
    0.2670    0.7557    0.5980
...   110 G-C ...
   21.8352  -97.6455  -12.1152
    0.5982   -0.6822    0.4205
    0.7553    0.3045   -0.5804
    0.2679    0.6648    0.6973
...   111 A-T ...
   22.7462  -95.7446   -9.6381
    0.9129   -0.4075   -0.0244
    0.2793    0.6672   -0.6905
    0.2977    0.6236    0.7229
...   112 C-G ...
   23.6911  -94.2223   -6.8367
    0.9151   -0.0056   -0.4033
   -0.2414    0.7933   -0.5589
    0.3231    0.6088    0.7245
...   113 T-A ...
   24.9756  -92.6050   -4.1607
    0.6143    0.3900   -0.6860
   -0.6967    0.6762   -0.2395
    0.3704    0.6251    0.6871
...   114 C-G ...
   26.1237  -90.4719   -1.8638
    0.0770    0.7073   -0.7027
   -0.9288    0.3071    0.2073
    0.3624    0.6368    0.6806
...   115 G-C ...
   26.8095  -88.3438    0.5913
   -0.5035    0.7036   -0.5015
   -0.8091   -0.1803    0.5594
    0.3032    0.6874    0.6600
...   116 T-A ...
   27.9738  -85.6792    2.1814
   -0.8724    0.4592   -0.1671
   -0.4206   -0.5314    0.7353
    0.2489    0.7118    0.6568
...   117 A-T ...
   28.7131  -82.8041    3.9416
   -0.9820   -0.0026    0.1887
    0.1407   -0.6766    0.7228
    0.1258    0.7364    0.6648
...   118 T-A ...
   28.7913  -80.0123    5.5739
   -0.7865   -0.3477    0.5105
    0.6072   -0.5863    0.5362
    0.1128    0.7317    0.6723
...   119 A-T ...
   29.0638  -77.7067    7.9177
   -0.3435   -0.6859    0.6415
    0.9387   -0.2724    0.2114
    0.0298    0.6747    0.7374
...   120 A-T ...
   28.8023  -75.5814   10.3430
    0.2344   -0.7548    0.6127
    0.9721    0.1737   -0.1579
    0.0128    0.6326    0.7744
...   121 T-A ...
   28.2212  -73.7909   13.0945
    0.7007   -0.5576    0.4450
    0.7134    0.5477   -0.4371
    0.0001    0.6238    0.7816
...   122 G-C ...
   28.1842  -71.9033   15.9379
    0.9842   -0.1676    0.0568
    0.1684    0.7884   -0.5916
    0.0544    0.5919    0.8042
...   123 T-A ...
   28.4480  -70.4175   18.8574
    0.9364    0.2537   -0.2425
   -0.3469    0.7735   -0.5304
    0.0530    0.5808    0.8123
...   124 G-C ...
   28.7002  -68.5233   21.5871
    0.5556    0.6330   -0.5391
   -0.8256    0.4970   -0.2673
    0.0987    0.5936    0.7987
...   125 T-A ...
   29.4843  -66.8484   24.2384
    0.0441    0.7814   -0.6224
   -0.9940    0.0964    0.0507
    0.0997    0.6165    0.7810
...   126 C-G ...
   29.8568  -64.8645   26.6872
   -0.5468    0.6926   -0.4704
   -0.8310   -0.3802    0.4062
    0.1025    0.6130    0.7834
...   127 G-C ...
   29.6612  -63.0768   29.4448
   -0.8973    0.3018   -0.3221
   -0.4396   -0.6760    0.5914
   -0.0393    0.6722    0.7393
...   128 A-T ...
   29.6851  -60.9650   31.7811
   -0.9857   -0.1554    0.0655
    0.1604   -0.7440    0.6487
   -0.0521    0.6499    0.7583
...   129 C-G ...
   29.1814  -58.3617   33.7375
   -0.7529   -0.5555    0.3530
    0.6507   -0.5479    0.5257
   -0.0987    0.6255    0.7740
...   130 C-G ...
   28.0756  -56.3243   36.2595
   -0.3029   -0.8324    0.4641
    0.9354   -0.1665    0.3119
   -0.1824    0.5286    0.8290
...   131 A-T ...
   27.8279  -54.9571   39.3005
    0.2670   -0.8675    0.4197
    0.9454    0.3203    0.0607
   -0.1871    0.3805    0.9056
...   132 A-T ...
   27.0885  -53.9320   42.3240
    0.7552   -0.5430    0.3672
    0.6275    0.7609   -0.1655
   -0.1895    0.3554    0.9153
...   133 A-T ...
   26.2563  -53.1205   45.3994
    0.9703    0.0264    0.2403
    0.0629    0.9321   -0.3566
   -0.2334    0.3611    0.9028
...   134 T-A ...
   25.6208  -52.5913   48.6401
    0.8597    0.5097    0.0340
   -0.4497    0.7866   -0.4231
   -0.2424    0.3485    0.9054
...   135 G-C ...
   25.2757  -52.5095   52.0792
    0.3204    0.9427   -0.0928
   -0.8825    0.2614   -0.3910
   -0.3443    0.2071    0.9157
...   136 T-A ...
   25.5257  -52.9786   55.8050
   -0.2439    0.9563   -0.1610
   -0.8908   -0.2866   -0.3525
   -0.3833    0.0575    0.9218
...   137 G-C ...
   24.8932  -52.7377   58.9866
   -0.7529    0.5562   -0.3519
   -0.5215   -0.8303   -0.1966
   -0.4015    0.0355    0.9152
...   138 A-T ...
   24.0142  -51.6373   61.9243
   -0.9563    0.0401   -0.2896
   -0.0524   -0.9980    0.0347
   -0.2876    0.0484    0.9565
...   139 G-C ...
   22.3466  -51.2411   64.4941
   -0.8529   -0.5118   -0.1033
    0.4974   -0.8566    0.1373
   -0.1587    0.0657    0.9851
...   140 C-G ...
   22.1502  -50.1498   67.4639
   -0.4681   -0.8748    0.1248
    0.8495   -0.4066    0.3362
   -0.2434    0.2634    0.9335
...   141 G-C ...
   21.4256  -51.8266   72.7877
    0.1303   -0.7143   -0.6876
    0.8897   -0.2217    0.3990
   -0.4375   -0.6638    0.6066
...   142 C-G ...
   20.4245  -54.3094   74.5419
    0.5846   -0.7390   -0.3348
    0.7594    0.3532    0.5465
   -0.2856   -0.5738    0.7676
...   143 T-A ...
   18.4270  -55.5290   76.5300
    0.8548   -0.5005    0.1370
    0.3188    0.7148    0.6224
   -0.4095   -0.4884    0.7706
...   144 C-G ...
   16.8371  -57.7222   78.2675
    0.8529   -0.0846    0.5151
   -0.1508    0.9048    0.3983
   -0.4998   -0.4174    0.7589
...   145 A-T ...
   15.7828  -59.5615   80.7982
    0.5516    0.4995    0.6680
   -0.6739    0.7388    0.0039
   -0.4916   -0.4523    0.7441
...   146 C-G ...
   15.7314  -61.4940   83.9317
    0.0344    0.7399    0.6718
   -0.8637    0.3602   -0.3526
   -0.5029   -0.5681    0.6514
...   147 A-T ...
   14.7383  -63.4279   86.8193
   -0.5924    0.6746    0.4405
   -0.6886   -0.1401   -0.7114
   -0.4182   -0.7248    0.5475
