  147 base-pairs
...     1 T-A ...
    0.0000    0.0000    0.0000
    1.0000    0.0000    0.0000
    0.0000    1.0000    0.0000
    0.0000    0.0000    1.0000
...     2 G-C ...
   -0.5555   -1.1003    3.3981
    0.7749    0.6051    0.1828
   -0.5991    0.7953   -0.0929
   -0.2016   -0.0375    0.9787
...     3 T-A ...
   -0.6619   -3.0237    6.5348
    0.3046    0.9250    0.2271
   -0.8994    0.3578   -0.2510
   -0.3134   -0.1278    0.9410
...     4 G-C ...
   -1.1607   -3.8418    9.6940
   -0.3351    0.9421    0.0133
   -0.8752   -0.3061   -0.3746
   -0.3489   -0.1372    0.9271
...     5 A-T ...
   -1.3881   -3.6770   12.8999
   -0.7835    0.6162   -0.0801
   -0.5677   -0.7622   -0.3109
   -0.2527   -0.1981    0.9470
...     6 G-C ...
   -2.6236   -3.5448   15.7072
   -0.9923    0.0611   -0.1075
   -0.0294   -0.9610   -0.2748
   -0.1201   -0.2695    0.9555
...     7 C-G ...
   -2.3138   -3.7570   18.8866
   -0.8620   -0.4995   -0.0864
    0.5008   -0.8655    0.0073
   -0.0785   -0.0370    0.9962
...     8 G-C ...
   -3.9561   -6.8109   23.3205
   -0.2581   -0.3560   -0.8981
    0.6294   -0.7673    0.1233
   -0.7330   -0.5335    0.4221
...     9 C-G ...
   -6.1177   -8.9414   24.2385
    0.1143   -0.7320   -0.6716
    0.8123   -0.3203    0.4874
   -0.5720   -0.6013    0.5580
...    10 T-A ...
   -8.5041   -9.6771   26.0540
    0.4660   -0.8587   -0.2131
    0.6274    0.1508    0.7640
   -0.6239   -0.4897    0.6090
...    11 C-G ...
  -11.0625  -11.3174   27.2336
    0.6660   -0.6911    0.2808
    0.3382    0.6152    0.7121
   -0.6649   -0.3794    0.6435
...    12 A-T ...
  -13.0013  -13.1789   29.0658
    0.7188   -0.1490    0.6790
   -0.1787    0.9043    0.3876
   -0.6718   -0.4000    0.6235
...    13 C-G ...
  -14.1788  -15.9359   31.3399
    0.4052    0.2865    0.8682
   -0.5270    0.8492   -0.0343
   -0.7470   -0.4437    0.4951
...    14 A-T ...
  -15.9532  -18.1566   33.3080
   -0.1503    0.6873    0.7107
   -0.6106    0.5008   -0.6135
   -0.7776   -0.5261    0.3444
...    15 A-T ...
  -18.3209  -19.9397   34.6359
   -0.4746    0.8467    0.2406
   -0.4054    0.0324   -0.9136
   -0.7813   -0.5311    0.3279
...    16 T-A ...
  -20.6675  -21.5045   36.3236
   -0.6046    0.7555   -0.2526
   -0.1078   -0.3918   -0.9137
   -0.7892   -0.5252    0.3183
...    17 T-A ...
  -23.2435  -23.0372   37.5454
   -0.5398    0.4238   -0.7273
    0.2502   -0.7442   -0.6194
   -0.8037   -0.5163    0.2957
...    18 T-A ...
  -25.9547  -24.4764   38.5632
   -0.2818   -0.0411   -0.9586
    0.5035   -0.8568   -0.1113
   -0.8168   -0.5140    0.2622
...    19 A-T ...
  -28.8497  -26.0201   39.1465
    0.1484   -0.4292   -0.8909
    0.5389   -0.7203    0.4368
   -0.8292   -0.5450    0.1244
...    20 T-A ...
  -31.8345  -27.3776   39.0658
    0.4124   -0.7202   -0.5579
    0.3837   -0.4181    0.8234
   -0.8263   -0.5536    0.1039
...    21 T-A ...
  -34.5749  -29.1093   39.1080
    0.5620   -0.8271   -0.0011
    0.0742    0.0491    0.9960
   -0.8238   -0.5598    0.0890
...    22 C-G ...
  -37.1727  -31.0908   39.2929
    0.5193   -0.6300    0.5774
   -0.2892    0.5062    0.8125
   -0.8042   -0.5889    0.0806
...    23 G-C ...
  -39.9032  -32.8971   39.9584
    0.3313   -0.1906    0.9241
   -0.5666    0.7430    0.3564
   -0.7545   -0.6416    0.1382
...    24 C-G ...
  -42.1119  -35.3283   40.4404
   -0.0127    0.2639    0.9645
   -0.6647    0.7184   -0.2054
   -0.7470   -0.6437    0.1663
...    25 A-T ...
  -44.7618  -37.2713   40.9015
   -0.3410    0.6718    0.6576
   -0.5484    0.4261   -0.7196
   -0.7636   -0.6060    0.2231
...    26 A-T ...
  -47.1078  -39.3051   41.8690
   -0.6060    0.7842    0.1334
   -0.2433   -0.0231   -0.9697
   -0.7573   -0.6201    0.2048
...    27 A-T ...
  -49.5489  -41.2371   42.7911
   -0.6376    0.6330   -0.4390
    0.1535   -0.4541   -0.8776
   -0.7549   -0.6270    0.1923
...    28 G-C ...
  -52.1895  -43.0563   43.5934
   -0.4029    0.3549   -0.8436
    0.4658   -0.7139   -0.5228
   -0.7878   -0.6036    0.1223
...    29 G-C ...
  -55.0768  -44.7609   43.9851
   -0.0073   -0.0123   -0.9999
    0.5949   -0.8038    0.0055
   -0.8038   -0.5948    0.0132
...    30 C-G ...
  -57.9629  -46.3411   43.7906
    0.3658   -0.3978   -0.8414
    0.4931   -0.6839    0.5377
   -0.7893   -0.6116   -0.0540
...    31 C-G ...
  -60.6526  -48.2751   43.1530
    0.6524   -0.6315   -0.4190
    0.1943   -0.3950    0.8979
   -0.7326   -0.6672   -0.1350
...    32 G-C ...
  -62.8579  -50.7701   42.8906
    0.7370   -0.6570    0.1583
   -0.2391   -0.0344    0.9704
   -0.6321   -0.7531   -0.1825
...    33 G-C ...
  -64.6364  -53.5068   42.0307
    0.5388   -0.5112    0.6695
   -0.6283    0.2855    0.7237
   -0.5612   -0.8106   -0.1674
...    34 C-G ...
  -66.0899  -56.4153   41.3659
    0.1231   -0.2478    0.9610
   -0.8365    0.4951    0.2348
   -0.5339   -0.8328   -0.1463
...    35 C-G ...
  -67.6482  -59.3946   41.0859
   -0.3293    0.1092    0.9379
   -0.7836    0.5226   -0.3360
   -0.5268   -0.8455   -0.0865
...    36 C-G ...
  -69.3030  -62.3371   41.0749
   -0.6781    0.4229    0.6011
   -0.4822    0.3613   -0.7981
   -0.5547   -0.8310   -0.0410
...    37 G-C ...
  -71.3094  -64.9597   40.5255
   -0.7851    0.6176    0.0466
   -0.0150    0.0563   -0.9983
   -0.6192   -0.7845   -0.0349
...    38 A-T ...
  -73.3086  -67.5596   40.5138
   -0.6259    0.5549   -0.5481
    0.4586   -0.3065   -0.8341
   -0.6308   -0.7734   -0.0626
...    39 C-G ...
  -75.7541  -69.7773   40.6864
   -0.2724    0.3440   -0.8986
    0.7200   -0.5466   -0.4275
   -0.6383   -0.7634   -0.0988
...    40 A-T ...
  -77.8448  -72.3472   40.2650
    0.2558    0.0841   -0.9631
    0.7375   -0.6611    0.1381
   -0.6250   -0.7456   -0.2311
...    41 C-G ...
  -80.2437  -74.3235   39.2146
    0.6324   -0.2227   -0.7420
    0.4948   -0.6209    0.6080
   -0.5960   -0.7516   -0.2825
...    42 G-C ...
  -81.9431  -77.0433   38.2861
    0.8822   -0.4005   -0.2475
    0.0483   -0.4459    0.8938
   -0.4683   -0.8005   -0.3741
...    43 A-T ...
  -83.3144  -79.6767   36.9316
    0.7723   -0.5404    0.3338
   -0.4846   -0.1617    0.8596
   -0.4106   -0.8257   -0.3868
...    44 C-G ...
  -84.1357  -82.3806   35.2201
    0.4216   -0.5202    0.7427
   -0.8275    0.1141    0.5497
   -0.3707   -0.8464   -0.3824
...    45 T-A ...
  -84.9712  -85.3270   33.9645
   -0.0642   -0.3459    0.9361
   -0.9423    0.3300    0.0573
   -0.3287   -0.8784   -0.3471
...    46 T-A ...
  -85.7217  -88.2969   32.8555
   -0.6100   -0.1290    0.7819
   -0.7325    0.4682   -0.4942
   -0.3023   -0.8742   -0.3801
...    47 A-T ...
  -86.9245  -90.9604   31.1365
   -0.9551    0.1496    0.2557
   -0.1618    0.4594   -0.8733
   -0.2481   -0.8755   -0.4146
...    48 C-G ...
  -87.8232  -94.0744   30.3392
   -0.8954    0.3745   -0.2408
    0.3680    0.3182   -0.8737
   -0.2505   -0.8709   -0.4228
...    49 T-A ...
  -88.9135  -96.9692   29.1314
   -0.5536    0.5293   -0.6429
    0.7874    0.0815   -0.6110
   -0.2710   -0.8445   -0.4619
...    50 G-C ...
  -89.7636  -99.7002   27.4272
    0.0085    0.5824   -0.8128
    0.9628   -0.2244   -0.1507
   -0.2702   -0.7813   -0.5627
...    51 T-A ...
  -91.1980 -101.9600   25.5161
    0.5138    0.4313   -0.7416
    0.8252   -0.4850    0.2896
   -0.2348   -0.7608   -0.6051
...    52 A-T ...
  -92.0505 -104.1595   23.1532
    0.8982    0.2480   -0.3629
    0.4299   -0.6676    0.6078
   -0.0915   -0.7020   -0.7063
...    53 G-C ...
  -92.2726 -106.1818   20.5680
    0.9962   -0.0512    0.0705
   -0.0857   -0.7209    0.6877
    0.0156   -0.6911   -0.7226
...    54 G-C ...
  -91.7480 -108.2430   17.9546
    0.7945   -0.3460    0.4991
   -0.5911   -0.6292    0.5047
    0.1394   -0.6960   -0.7044
...    55 T-A ...
  -90.7232 -110.1918   15.5117
    0.3711   -0.5960    0.7121
   -0.9108   -0.3830    0.1542
    0.1808   -0.7058   -0.6850
...    56 A-T ...
  -90.3128 -112.6476   13.2826
   -0.2567   -0.7028    0.6635
   -0.9428    0.0309   -0.3320
    0.2128   -0.7108   -0.6705
...    57 T-A ...
  -89.0072 -115.0793   11.4510
   -0.6958   -0.6081    0.3823
   -0.6788    0.3828   -0.6266
    0.2347   -0.6955   -0.6792
...    58 C-G ...
  -88.2183 -117.4632    9.3240
   -0.9606   -0.2685   -0.0718
   -0.1317    0.6675   -0.7329
    0.2447   -0.6945   -0.6766
...    59 T-A ...
  -87.5329 -119.9924    7.2809
   -0.8903    0.1435   -0.4322
    0.3963    0.7118   -0.5799
    0.2244   -0.6875   -0.6906
...    60 C-G ...
  -86.8145 -122.3318    5.0867
   -0.4922    0.5503   -0.6745
    0.8390    0.5065   -0.1990
    0.2321   -0.6638   -0.7110
...    61 G-C ...
  -85.6631 -124.4215    2.7553
    0.0104    0.8212   -0.5706
    0.9660    0.1392    0.2180
    0.2584   -0.5534   -0.7918
...    62 A-T ...
  -84.9130 -126.2290    0.1636
    0.5348    0.7949   -0.2866
    0.7882   -0.3471    0.5083
    0.3045   -0.4977   -0.8121
...    63 G-C ...
  -84.0300 -127.5637   -2.7036
    0.8182    0.5659    0.1011
    0.4165   -0.7048    0.5742
    0.3963   -0.4277   -0.8124
...    64 C-G ...
  -82.6948 -128.4401   -5.5633
    0.8793    0.1462    0.4533
   -0.0603   -0.9099    0.4105
    0.4725   -0.3882   -0.7912
...    65 T-A ...
  -80.8654 -129.3311   -8.1422
    0.6806   -0.3011    0.6679
   -0.4662   -0.8812    0.0778
    0.5652   -0.3643   -0.7402
...    66 C-G ...
  -78.7881 -130.5134  -10.3551
    0.2690   -0.7393    0.6173
   -0.7429   -0.5672   -0.3556
    0.6130   -0.3630   -0.7018
...    67 G-C ...
  -76.9787 -132.1499  -12.6356
   -0.2336   -0.9028    0.3610
   -0.7131   -0.0933   -0.6949
    0.6610   -0.4197   -0.6220
...    68 G-C ...
  -74.6255 -133.7856  -14.4238
   -0.6109   -0.7897   -0.0560
   -0.4428    0.3994   -0.8027
    0.6563   -0.4656   -0.5937
...    69 G-C ...
  -72.3786 -135.5537  -16.2214
   -0.7761   -0.4211   -0.4694
   -0.0246    0.7640   -0.6448
    0.6301   -0.4889   -0.6033
...    70 A-T ...
  -70.2322 -137.2187  -18.0785
   -0.6379    0.1157   -0.7614
    0.4273    0.8757   -0.2250
    0.6407   -0.4689   -0.6080
...    71 T-A ...
  -68.5298 -139.2904  -20.0116
   -0.3256    0.5404   -0.7758
    0.6784    0.7051    0.2064
    0.6585   -0.4591   -0.5963
...    72 C-G ...
  -66.4196 -140.8775  -21.9539
    0.0946    0.8732   -0.4781
    0.7260    0.2681    0.6333
    0.6812   -0.4070   -0.6086
...    73 C-G ...
  -64.3768 -142.2441  -24.2686
    0.3678    0.9299    0.0059
    0.5652   -0.2286    0.7927
    0.7385   -0.2882   -0.6096
...    74 G-C ...
  -61.7142 -143.1010  -26.0801
    0.4628    0.7094    0.5316
    0.3125   -0.6917    0.6510
    0.8295   -0.1352   -0.5418
...    75 C-G ...
  -59.0278 -142.9723  -27.9532
    0.4865    0.2483    0.8377
    0.0530   -0.9654    0.2553
    0.8721   -0.0798   -0.4828
...    76 T-A ...
  -56.0518 -142.8048  -29.3428
    0.3652   -0.2742    0.8896
   -0.1444   -0.9608   -0.2368
    0.9197   -0.0420   -0.3905
...    77 T-A ...
  -52.9975 -142.6847  -30.4143
    0.2186   -0.7653    0.6054
   -0.2968   -0.6432   -0.7059
    0.9296   -0.0254   -0.3678
...    78 T-A ...
  -49.8724 -142.5944  -31.3105
    0.0426   -0.9956    0.0829
   -0.3532   -0.0926   -0.9310
    0.9346    0.0104   -0.3556
...    79 A-T ...
  -46.9131 -142.3551  -32.9246
   -0.1249   -0.8223   -0.5551
   -0.3057    0.5642   -0.7670
    0.9439    0.0739   -0.3218
...    80 A-T ...
  -43.7456 -142.3265  -33.7142
   -0.2228   -0.3395   -0.9139
   -0.2011    0.9332   -0.2977
    0.9539    0.1175   -0.2762
...    81 C-G ...
  -40.5372 -142.5327  -34.5827
   -0.3012    0.1977   -0.9329
   -0.0695    0.9711    0.2282
    0.9510    0.1336   -0.2787
...    82 A-T ...
  -37.3781 -141.8809  -35.3486
   -0.3773    0.6957   -0.6113
    0.1031    0.6875    0.7188
    0.9203    0.2081   -0.3311
...    83 C-G ...
  -34.5427 -141.4581  -36.9431
   -0.3181    0.9370   -0.1440
    0.2722    0.2358    0.9329
    0.9081    0.2576   -0.3301
...    84 T-A ...
  -31.7376 -140.4352  -38.3176
   -0.2319    0.8964    0.3778
    0.4034   -0.2648    0.8759
    0.8851    0.3555   -0.3002
...    85 T-A ...
  -29.0171 -139.1016  -39.4078
   -0.0354    0.5869    0.8089
    0.4758   -0.7019    0.5300
    0.8788    0.4037   -0.2544
...    86 T-A ...
  -26.3154 -137.5425  -40.2129
    0.1776    0.0904    0.9799
    0.4409   -0.8975    0.0029
    0.8798    0.4316   -0.1993
...    87 A-T ...
  -23.4731 -135.8309  -40.4604
    0.2578   -0.4593    0.8500
    0.3425   -0.7792   -0.5249
    0.9035    0.4264   -0.0436
...    88 T-A ...
  -20.7597 -134.0197  -40.0632
    0.3902   -0.7882    0.4760
    0.1862   -0.4387   -0.8791
    0.9017    0.4316   -0.0244
...    89 G-C ...
  -17.6585 -132.8680  -40.2341
    0.3684   -0.9233   -0.1088
   -0.0194    0.1094   -0.9938
    0.9295    0.3683    0.0223
...    90 C-G ...
  -14.5103 -131.8896  -39.8026
    0.2859   -0.7171   -0.6357
   -0.1980    0.6048   -0.7714
    0.9376    0.3464    0.0309
...    91 T-A ...
  -11.3082 -131.0457  -39.5613
    0.1216   -0.2931   -0.9483
   -0.3109    0.8961   -0.3168
    0.9426    0.3334    0.0178
...    92 T-A ...
   -8.1527 -130.2509  -39.3749
   -0.0415    0.2896   -0.9563
   -0.3492    0.8925    0.2854
    0.9361    0.3458    0.0640
...    93 C-G ...
   -5.0473 -129.2091  -39.1584
   -0.2668    0.7469   -0.6091
   -0.2787    0.5452    0.7906
    0.9226    0.3807    0.0627
...    94 C-G ...
   -1.8831 -128.0440  -39.2398
   -0.4718    0.8755   -0.1048
   -0.1054    0.0620    0.9925
    0.8754    0.4793    0.0631
...    95 G-C ...
    0.9595 -126.3934  -38.7155
   -0.5944    0.6835    0.4237
    0.1697   -0.4084    0.8969
    0.7861    0.6050    0.1267
...    96 G-C ...
    3.3153 -124.0037  -38.4683
   -0.5161    0.2913    0.8055
    0.4774   -0.6829    0.5529
    0.7111    0.6699    0.2133
...    97 C-G ...
    5.2213 -121.4264  -37.7637
   -0.2395   -0.1618    0.9573
    0.7012   -0.7108    0.0553
    0.6715    0.6845    0.2837
...    98 T-A ...
    7.0780 -118.9856  -36.5639
    0.0978   -0.5549    0.8261
    0.7624   -0.4918   -0.4206
    0.6397    0.6710    0.3750
...    99 C-G ...
    9.0944 -116.8904  -35.0830
    0.4996   -0.7566    0.4218
    0.5937   -0.0555   -0.8028
    0.6308    0.6515    0.4215
...   100 G-C ...
   11.5062 -114.9147  -33.9042
    0.6969   -0.7058   -0.1276
    0.2608    0.4151   -0.8716
    0.6681    0.5741    0.4733
...   101 T-A ...
   13.6414 -113.4089  -31.8331
    0.7293   -0.3852   -0.5655
   -0.1372    0.7273   -0.6724
    0.6703    0.5680    0.4775
...   102 A-T ...
   15.6193 -111.0992  -30.3720
    0.5094    0.1897   -0.8394
   -0.5817    0.7947   -0.1734
    0.6341    0.5766    0.5152
...   103 T-A ...
   18.1303 -109.7353  -28.7072
    0.1534    0.5763   -0.8027
   -0.7688    0.5799    0.2695
    0.6208    0.5758    0.5320
...   104 T-A ...
   20.3495 -108.0184  -27.0717
   -0.3067    0.8062   -0.5060
   -0.7334    0.1386    0.6655
    0.6066    0.5752    0.5487
...   105 C-G ...
   22.3781 -106.1201  -25.3492
   -0.7062    0.7057   -0.0571
   -0.4252   -0.3583    0.8311
    0.5660    0.6113    0.5531
...   106 A-T ...
   24.1502 -104.0313  -23.4460
   -0.8952    0.3040    0.3258
    0.0433   -0.6683    0.7426
    0.4435    0.6789    0.5851
...   107 T-A ...
   25.3267 -101.3626  -21.9729
   -0.7730   -0.0878    0.6283
    0.4813   -0.7264    0.4907
    0.4133    0.6817    0.6037
...   108 G-C ...
   26.4406  -99.1722  -19.7091
   -0.4397   -0.5608    0.7015
    0.8417   -0.5297    0.1041
    0.3132    0.6363    0.7050
...   109 T-A ...
   26.8084  -96.9542  -17.3088
    0.0401   -0.7802    0.6243
    0.9555   -0.1528   -0.2523
    0.2922    0.6066    0.7394
...   110 T-A ...
   27.4593  -95.0236  -14.7848
    0.5699   -0.7306    0.3760
    0.7732    0.3220   -0.5463
    0.2781    0.6021    0.7484
...   111 A-T ...
   28.5191  -92.9562  -12.3870
    0.9176   -0.3959   -0.0353
    0.2819    0.7107   -0.6446
    0.2803    0.5815    0.7637
...   112 T-A ...
   29.3652  -91.6268   -9.4787
    0.9389    0.0306   -0.3428
   -0.2227    0.8135   -0.5373
    0.2625    0.5808    0.7706
...   113 A-T ...
   29.9707  -89.3968   -7.0379
    0.6026    0.5454   -0.5825
   -0.7618    0.6106   -0.2164
    0.2377    0.5741    0.7835
...   114 A-T ...
   30.9912  -87.6819   -4.4691
    0.0659    0.8092   -0.5839
   -0.9737    0.1800    0.1396
    0.2180    0.5593    0.7997
...   115 C-G ...
   32.2740  -85.8060   -2.0647
   -0.4541    0.7695   -0.4491
   -0.8679   -0.2682    0.4181
    0.2013    0.5796    0.7897
...   116 G-C ...
   32.6157  -84.0014    0.7187
   -0.8730    0.4183   -0.2509
   -0.4796   -0.6420    0.5981
    0.0891    0.6425    0.7611
...   117 G-C ...
   32.8678  -81.5492    3.0157
   -0.9984   -0.0536    0.0198
    0.0535   -0.7559    0.6525
   -0.0201    0.6525    0.7575
...   118 A-T ...
   32.6854  -79.3549    5.4133
   -0.7869   -0.5148    0.3401
    0.6120   -0.5811    0.5365
   -0.0785    0.6303    0.7723
...   119 A-T ...
   32.1487  -77.2620    7.8196
   -0.3167   -0.7689    0.5555
    0.9429   -0.1916    0.2723
   -0.1029    0.6100    0.7857
...   120 A-T ...
   31.5110  -75.3616   10.3619
    0.2607   -0.7579    0.5981
    0.9586    0.2767   -0.0673
   -0.1145    0.5908    0.7986
...   121 T-A ...
   30.5412  -73.7959   13.0853
    0.7042   -0.5233    0.4798
    0.7002    0.6236   -0.3476
   -0.1173    0.5807    0.8056
...   122 G-C ...
   30.4346  -71.8620   15.7795
    0.9827   -0.1312    0.1305
    0.1806    0.8339   -0.5215
   -0.0404    0.5361    0.8432
...   123 T-A ...
   30.3756  -70.6512   18.8681
    0.9344    0.3120   -0.1719
   -0.3555    0.7863   -0.5054
   -0.0225    0.5333    0.8456
...   124 G-C ...
   30.3020  -68.6406   21.5011
    0.5650    0.6661   -0.4870
   -0.8243    0.4820   -0.2971
    0.0369    0.5693    0.8213
...   125 T-A ...
   31.0133  -66.9487   24.2718
    0.0536    0.8107   -0.5830
   -0.9980    0.0637   -0.0033
    0.0345    0.5820    0.8125
...   126 C-G ...
   31.2267  -64.9997   26.8983
   -0.5398    0.6808   -0.4951
   -0.8416   -0.4237    0.3349
    0.0182    0.5975    0.8017
...   127 G-C ...
   30.9689  -63.2037   29.6925
   -0.9085    0.2655   -0.3228
   -0.4089   -0.7243    0.5551
   -0.0864    0.6363    0.7666
...   128 A-T ...
   30.7018  -61.0445   32.1218
   -0.9731   -0.2299    0.0151
    0.1863   -0.7464    0.6389
   -0.1356    0.6245    0.7692
...   129 C-G ...
   29.9189  -58.6365   34.2197
   -0.7355   -0.6071    0.3008
    0.6539   -0.5201    0.5494
   -0.1771    0.6008    0.7795
...   130 C-G ...
   28.8861  -56.6042   36.7076
   -0.2616   -0.8512    0.4550
    0.9367   -0.1102    0.3324
   -0.2328    0.5132    0.8261
...   131 A-T ...
   28.0756  -55.0423   39.5389
    0.3185   -0.8332    0.4521
    0.9169    0.3918    0.0761
   -0.2405    0.3903    0.8887
...   132 A-T ...
   27.0943  -54.0113   42.4472
    0.7775   -0.4816    0.4043
    0.5819    0.7948   -0.1723
   -0.2383    0.3693    0.8982
...   133 A-T ...
   26.2540  -53.1113   45.4474
    0.9699    0.0455    0.2392
    0.0443    0.9331   -0.3569
   -0.2394    0.3567    0.9030
...   134 T-A ...
   25.6208  -52.5913   48.6400
    0.8597    0.5097    0.0340
   -0.4497    0.7866   -0.4231
   -0.2424    0.3485    0.9054
...   135 G-C ...
   25.2757  -52.5096   52.0791
    0.3204    0.9427   -0.0928
   -0.8825    0.2614   -0.3910
   -0.3443    0.2071    0.9157
...   136 T-A ...
   25.5257  -52.9787   55.8049
   -0.2439    0.9563   -0.1610
   -0.8908   -0.2866   -0.3525
   -0.3833    0.0575    0.9218
...   137 G-C ...
   24.8933  -52.7377   58.9865
   -0.7529    0.5562   -0.3519
   -0.5215   -0.8303   -0.1966
   -0.4015    0.0355    0.9152
...   138 A-T ...
   24.0143  -51.6374   61.9242
   -0.9563    0.0401   -0.2896
   -0.0524   -0.9980    0.0347
   -0.2876    0.0484    0.9565
...   139 G-C ...
   22.3467  -51.2411   64.4940
   -0.8529   -0.5118   -0.1033
    0.4974   -0.8566    0.1373
   -0.1587    0.0657    0.9851
...   140 C-G ...
   22.1503  -50.1498   67.4638
   -0.4681   -0.8748    0.1248
    0.8495   -0.4066    0.3362
   -0.2434    0.2634    0.9335
...   141 G-C ...
   21.4256  -51.8266   72.7876
    0.1303   -0.7143   -0.6876
    0.8897   -0.2217    0.3990
   -0.4375   -0.6638    0.6066
...   142 C-G ...
   20.4245  -54.3094   74.5418
    0.5846   -0.7390   -0.3348
    0.7594    0.3532    0.5465
   -0.2856   -0.5737    0.7676
...   143 T-A ...
   18.4271  -55.5290   76.5299
    0.8548   -0.5005    0.1370
    0.3188    0.7148    0.6224
   -0.4095   -0.4884    0.7706
...   144 C-G ...
   16.8371  -57.7222   78.2674
    0.8529   -0.0846    0.5151
   -0.1508    0.9048    0.3983
   -0.4998   -0.4174    0.7589
...   145 A-T ...
   15.7829  -59.5615   80.7981
    0.5516    0.4995    0.6680
   -0.6739    0.7388    0.0039
   -0.4916   -0.4523    0.7441
...   146 C-G ...
   15.7314  -61.4940   83.9317
    0.0344    0.7399    0.6718
   -0.8637    0.3602   -0.3526
   -0.5029   -0.5681    0.6514
...   147 A-T ...
   14.7383  -63.4279   86.8192
   -0.5924    0.6746    0.4405
   -0.6886   -0.1401   -0.7114
   -0.4182   -0.7248    0.5475
