  147 base-pairs
...     1 T-A ...
    0.0000    0.0000    0.0000
    1.0000    0.0000    0.0000
    0.0000    1.0000    0.0000
    0.0000    0.0000    1.0000
...     2 G-C ...
   -0.5555   -1.1003    3.3981
    0.7749    0.6051    0.1828
   -0.5991    0.7953   -0.0929
   -0.2016   -0.0375    0.9787
...     3 T-A ...
   -0.6619   -3.0237    6.5348
    0.3046    0.9250    0.2271
   -0.8994    0.3578   -0.2510
   -0.3134   -0.1278    0.9410
...     4 G-C ...
   -1.1607   -3.8418    9.6940
   -0.3351    0.9421    0.0133
   -0.8752   -0.3061   -0.3746
   -0.3489   -0.1372    0.9271
...     5 A-T ...
   -1.3881   -3.6770   12.8999
   -0.7835    0.6162   -0.0801
   -0.5677   -0.7622   -0.3109
   -0.2527   -0.1981    0.9470
...     6 G-C ...
   -2.6236   -3.5448   15.7072
   -0.9923    0.0611   -0.1075
   -0.0294   -0.9610   -0.2748
   -0.1201   -0.2695    0.9555
...     7 C-G ...
   -2.3138   -3.7570   18.8866
   -0.8620   -0.4995   -0.0864
    0.5008   -0.8655    0.0073
   -0.0785   -0.0370    0.9962
...     8 G-C ...
   -3.9561   -6.8109   23.3205
   -0.2581   -0.3560   -0.8981
    0.6294   -0.7673    0.1233
   -0.7330   -0.5335    0.4221
...     9 C-G ...
   -6.1177   -8.9414   24.2385
    0.1143   -0.7320   -0.6716
    0.8123   -0.3203    0.4874
   -0.5720   -0.6013    0.5580
...    10 T-A ...
   -8.5041   -9.6771   26.0540
    0.4660   -0.8587   -0.2131
    0.6274    0.1508    0.7640
   -0.6239   -0.4897    0.6090
...    11 C-G ...
  -11.0625  -11.3174   27.2336
    0.6660   -0.6911    0.2808
    0.3382    0.6152    0.7121
   -0.6649   -0.3794    0.6435
...    12 A-T ...
  -13.0013  -13.1789   29.0658
    0.7188   -0.1490    0.6790
   -0.1787    0.9043    0.3876
   -0.6718   -0.4000    0.6235
...    13 C-G ...
  -14.1788  -15.9359   31.3399
    0.4052    0.2865    0.8682
   -0.5270    0.8492   -0.0343
   -0.7470   -0.4437    0.4951
...    14 A-T ...
  -15.9532  -18.1566   33.3080
   -0.1503    0.6873    0.7107
   -0.6106    0.5008   -0.6135
   -0.7776   -0.5261    0.3444
...    15 A-T ...
  -18.3897  -19.9446   34.4742
   -0.4569    0.8600    0.2272
   -0.4040    0.0270   -0.9144
   -0.7925   -0.5096    0.3351
...    16 T-A ...
  -20.7744  -21.5277   36.2916
   -0.6311    0.7214   -0.2850
   -0.0829   -0.4280   -0.9000
   -0.7712   -0.5444    0.3299
...    17 T-A ...
  -23.3019  -23.0905   37.7069
   -0.5844    0.3169   -0.7470
    0.3135   -0.7609   -0.5681
   -0.7485   -0.5662    0.3453
...    18 T-A ...
  -25.8341  -24.7331   38.8592
   -0.2852   -0.1326   -0.9493
    0.5795   -0.8127   -0.0605
   -0.7634   -0.5674    0.3086
...    19 A-T ...
  -28.3437  -26.7073   39.6823
    0.1527   -0.4802   -0.8638
    0.6239   -0.6310    0.4611
   -0.7665   -0.6093    0.2032
...    20 T-A ...
  -31.2397  -28.3026   39.8812
    0.4501   -0.7312   -0.5126
    0.4607   -0.3016    0.8347
   -0.7650   -0.6119    0.2011
...    21 T-A ...
  -33.8368  -30.2666   40.2274
    0.6377   -0.7694    0.0378
    0.1196    0.1474    0.9818
   -0.7610   -0.6215    0.1860
...    22 C-G ...
  -36.2719  -32.3860   40.7902
    0.6169   -0.5228    0.5883
   -0.2842    0.5491    0.7860
   -0.7339   -0.6521    0.1902
...    23 G-C ...
  -38.7338  -34.3108   42.0575
    0.4516   -0.0421    0.8912
   -0.6196    0.7039    0.3473
   -0.6420   -0.7090    0.2918
...    24 C-G ...
  -40.5387  -36.8818   42.9670
    0.0969    0.3696    0.9241
   -0.7655    0.6211   -0.1682
   -0.6361   -0.6911    0.3431
...    25 A-T ...
  -42.9986  -38.9001   43.8935
   -0.3283    0.6919    0.6431
   -0.6873    0.2920   -0.6651
   -0.6479   -0.6604    0.3797
...    26 A-T ...
  -45.0233  -41.0385   45.3540
   -0.6678    0.7272    0.1587
   -0.3791   -0.1487   -0.9133
   -0.6406   -0.6701    0.3750
...    27 A-T ...
  -46.9703  -43.1374   46.9167
   -0.7805    0.4907   -0.3873
    0.0908   -0.5240   -0.8469
   -0.6185   -0.6962    0.3645
...    28 G-C ...
  -49.2679  -45.1020   48.4157
   -0.5780    0.1788   -0.7962
    0.4799   -0.7146   -0.5090
   -0.6600   -0.6763    0.3272
...    29 G-C ...
  -51.8367  -47.1334   49.5070
   -0.1524   -0.1825   -0.9713
    0.7161   -0.6977    0.0188
   -0.6811   -0.6927    0.2370
...    30 C-G ...
  -54.3980  -49.0985   50.0664
    0.3051   -0.4767   -0.8244
    0.6768   -0.5005    0.5399
   -0.6700   -0.7227    0.1699
...    31 C-G ...
  -56.8593  -51.3282   50.4497
    0.6837   -0.5988   -0.4171
    0.3926   -0.1800    0.9019
   -0.6151   -0.7804    0.1120
...    32 G-C ...
  -58.4885  -53.8689   50.9302
    0.8586   -0.5077    0.0717
   -0.0260    0.0965    0.9950
   -0.5120   -0.8561    0.0697
...    33 G-C ...
  -59.6558  -57.0165   51.0005
    0.7397   -0.3170    0.5935
   -0.5139    0.3033    0.8024
   -0.4344   -0.8986    0.0615
...    34 C-G ...
  -60.6261  -60.1390   51.1134
    0.3554   -0.0645    0.9325
   -0.8495    0.3938    0.3510
   -0.3899   -0.9169    0.0852
...    35 C-G ...
  -61.5562  -63.3557   51.7408
   -0.1691    0.1888    0.9674
   -0.9204    0.3209   -0.2235
   -0.3526   -0.9281    0.1195
...    36 C-G ...
  -62.5832  -66.4714   52.4369
   -0.6381    0.3601    0.6805
   -0.6904    0.1235   -0.7128
   -0.3407   -0.9247    0.1698
...    37 G-C ...
  -64.1037  -69.5609   52.0361
   -0.8973    0.4144    0.1524
   -0.2068   -0.0897   -0.9743
   -0.3901   -0.9057    0.1662
...    38 A-T ...
  -65.1729  -72.4721   52.5909
   -0.8488    0.2904   -0.4419
    0.3650   -0.2829   -0.8870
   -0.3826   -0.9141    0.1342
...    39 C-G ...
  -66.8239  -75.1552   53.2416
   -0.5233    0.1496   -0.8389
    0.7489   -0.3890   -0.5365
   -0.4065   -0.9090    0.0915
...    40 A-T ...
  -68.3137  -78.1171   53.4770
    0.0237    0.0058   -0.9997
    0.9115   -0.4109    0.0192
   -0.4106   -0.9117   -0.0150
...    41 C-G ...
  -70.0013  -80.8686   53.0030
    0.5054   -0.1290   -0.8532
    0.7748   -0.3674    0.5145
   -0.3798   -0.9211   -0.0857
...    42 G-C ...
  -70.8544  -84.0884   52.9433
    0.8908   -0.2096   -0.4032
    0.3436   -0.2702    0.8994
   -0.2975   -0.9397   -0.1687
...    43 A-T ...
  -71.8352  -87.0357   52.3544
    0.9301   -0.3124    0.1931
   -0.2340   -0.0989    0.9672
   -0.2831   -0.9448   -0.1651
...    44 C-G ...
  -72.4533  -90.0448   51.1555
    0.6882   -0.2611    0.6769
   -0.6924    0.0425    0.7203
   -0.2168   -0.9644   -0.1516
...    45 T-A ...
  -72.4799  -93.5822   50.3786
    0.1912   -0.1706    0.9666
   -0.9639    0.1532    0.2177
   -0.1852   -0.9734   -0.1351
...    46 T-A ...
  -72.6306  -96.7857   49.7969
   -0.3199   -0.0964    0.9425
   -0.9315    0.2137   -0.2943
   -0.1731   -0.9721   -0.1581
...    47 A-T ...
  -73.4648  -99.9631   49.0738
   -0.8369    0.0407    0.5458
   -0.5243    0.2267   -0.8208
   -0.1572   -0.9731   -0.1684
...    48 C-G ...
  -73.8360 -103.3027   49.1785
   -0.9880    0.1520    0.0275
   -0.0010    0.1719   -0.9851
   -0.1544   -0.9733   -0.1696
...    49 T-A ...
  -74.5960 -106.5872   49.0137
   -0.8256    0.2874   -0.4856
    0.5208    0.0568   -0.8518
   -0.2172   -0.9561   -0.1966
...    50 G-C ...
  -75.4562 -109.7111   48.1425
   -0.3702    0.3833   -0.8462
    0.8947   -0.0978   -0.4358
   -0.2498   -0.9184   -0.3068
...    51 T-A ...
  -76.7926 -112.4848   47.2494
    0.1165    0.3565   -0.9270
    0.9643   -0.2639    0.0197
   -0.2376   -0.8963   -0.3745
...    52 A-T ...
  -78.1290 -114.9715   45.3759
    0.6108    0.3907   -0.6887
    0.7816   -0.4367    0.4454
   -0.1267   -0.8104   -0.5720
...    53 G-C ...
  -78.8832 -117.4122   43.4008
    0.9157    0.2448   -0.3187
    0.4016   -0.5873    0.7027
   -0.0151   -0.7714   -0.6361
...    54 G-C ...
  -78.9141 -119.5301   40.4307
    0.9873   -0.0128    0.1584
   -0.1272   -0.6613    0.7393
    0.0953   -0.7500   -0.6545
...    55 T-A ...
  -78.3712 -121.4892   37.7371
    0.7611   -0.3579    0.5409
   -0.6378   -0.5647    0.5238
    0.1180   -0.7437   -0.6581
...    56 T-A ...
  -77.7723 -123.8026   35.5554
    0.2645   -0.6092    0.7476
   -0.9551   -0.2727    0.1157
    0.1334   -0.7446   -0.6540
...    57 C-G ...
  -77.5708 -126.4410   33.6124
   -0.3345   -0.6542    0.6783
   -0.9257    0.0935   -0.3664
    0.1763   -0.7505   -0.6369
...    58 A-T ...
  -76.7138 -128.9205   31.5090
   -0.7865   -0.4438    0.4296
   -0.5983    0.3747   -0.7083
    0.1534   -0.8141   -0.5602
...    59 T-A ...
  -76.0502 -131.7953   30.1231
   -0.9807   -0.1936    0.0274
   -0.1308    0.5452   -0.8280
    0.1454   -0.8156   -0.5600
...    60 G-C ...
  -75.5655 -134.7239   28.4229
   -0.8810    0.1893   -0.4337
    0.4561    0.5837   -0.6718
    0.1259   -0.7896   -0.6005
...    61 T-A ...
  -75.5484 -137.6593   26.8201
   -0.5166    0.4710   -0.7151
    0.8438    0.4221   -0.3315
    0.1456   -0.7746   -0.6155
...    62 T-A ...
  -75.3090 -140.0942   24.8319
   -0.0008    0.6692   -0.7431
    0.9877    0.1168    0.1042
    0.1565   -0.7339   -0.6610
...    63 A-T ...
  -74.7119 -142.3200   22.5310
    0.4613    0.7454   -0.4813
    0.8586   -0.2381    0.4541
    0.2238   -0.6227   -0.7498
...    64 T-A ...
  -74.5214 -143.9386   19.7620
    0.8111    0.5556   -0.1827
    0.5311   -0.5688    0.6280
    0.2450   -0.6064   -0.7565
...    65 A-T ...
  -73.5010 -145.7468   17.2767
    0.9124    0.3060    0.2719
    0.0939   -0.8030    0.5886
    0.3984   -0.5115   -0.7613
...    66 A-T ...
  -72.1281 -147.0978   14.8038
    0.7974   -0.1183    0.5918
   -0.3720   -0.8685    0.3276
    0.4752   -0.4814   -0.7365
...    67 C-G ...
  -69.9737 -148.0807   12.3298
    0.4707   -0.5563    0.6848
   -0.7269   -0.6844   -0.0563
    0.5000   -0.4713   -0.7265
...    68 G-C ...
  -68.4075 -150.0029   10.1936
   -0.0551   -0.8182    0.5723
   -0.8166   -0.2929   -0.4973
    0.5746   -0.4948   -0.6520
...    69 G-C ...
  -66.4492 -151.9071    8.3600
   -0.5107   -0.8149    0.2741
   -0.6396    0.1470   -0.7545
    0.5746   -0.5606   -0.5963
...    70 A-T ...
  -64.3084 -153.7740    6.5534
   -0.7745   -0.5841   -0.2427
   -0.2223    0.6105   -0.7602
    0.5922   -0.5348   -0.6027
...    71 A-T ...
  -62.2906 -155.6610    4.8024
   -0.7332   -0.1334   -0.6668
    0.2476    0.8609   -0.4446
    0.6333   -0.4910   -0.5982
...    72 T-A ...
  -60.4993 -157.9237    3.1031
   -0.5047    0.3110   -0.8053
    0.5689    0.8215   -0.0393
    0.6493   -0.4780   -0.5915
...    73 C-G ...
  -58.5701 -159.6827    0.9392
   -0.0762    0.7591   -0.6465
    0.7455    0.4739    0.4686
    0.6621   -0.4463   -0.6021
...    74 T-A ...
  -56.5820 -161.0242   -1.3350
    0.2391    0.9363   -0.2574
    0.6887    0.0233    0.7247
    0.6845   -0.3505   -0.6392
...    75 C-G ...
  -54.2873 -161.9056   -3.5303
    0.5092    0.8280    0.2348
    0.4856   -0.5017    0.7159
    0.7105   -0.2505   -0.6576
...    76 G-C ...
  -51.5689 -162.5253   -5.2965
    0.4587    0.5429    0.7035
    0.2758   -0.8396    0.4681
    0.8447   -0.0207   -0.5348
...    77 A-T ...
  -48.6450 -162.3040   -6.9691
    0.4862   -0.0172    0.8737
    0.0173   -0.9994   -0.0293
    0.8737    0.0293   -0.4856
...    78 G-C ...
  -45.6315 -161.8766   -8.3132
    0.3860   -0.5267    0.7574
   -0.1841   -0.8485   -0.4962
    0.9039    0.0521   -0.4245
...    79 C-G ...
  -42.3735 -161.4873   -9.3145
    0.1950   -0.9235    0.3303
   -0.3425   -0.3797   -0.8594
    0.9191    0.0544   -0.3904
...    80 T-A ...
  -39.2930 -161.2681  -10.4343
    0.0079   -0.9812   -0.1927
   -0.3694    0.1763   -0.9124
    0.9292    0.0784   -0.3611
...    81 C-G ...
  -36.2756 -160.9464  -11.7761
   -0.2028   -0.6750   -0.7094
   -0.3043    0.7320   -0.6096
    0.9308    0.0922   -0.3538
...    82 G-C ...
  -33.4560 -159.7148  -13.3632
   -0.3731   -0.1462   -0.9162
   -0.1493    0.9841   -0.0962
    0.9157    0.1009   -0.3890
...    83 G-C ...
  -30.3244 -159.3872  -14.4587
   -0.4624    0.4096   -0.7864
    0.0165    0.8907    0.4543
    0.8865    0.1971   -0.4186
...    84 G-C ...
  -27.3821 -158.9262  -15.9920
   -0.4933    0.7860   -0.3725
    0.2564    0.5406    0.8013
    0.8312    0.2998   -0.4682
...    85 A-T ...
  -24.7566 -157.9610  -17.7151
   -0.3184    0.9295    0.1862
    0.4948   -0.0046    0.8690
    0.8086    0.3688   -0.4584
...    86 T-A ...
  -22.5379 -156.5265  -19.6660
   -0.0695    0.7778    0.6247
    0.5990   -0.4682    0.6496
    0.7977    0.4194   -0.4333
...    87 C-G ...
  -20.0681 -154.8618  -21.0433
    0.2317    0.3427    0.9104
    0.5612   -0.8115    0.1627
    0.7946    0.4732   -0.3804
...    88 C-G ...
  -17.5386 -153.0406  -22.0744
    0.3939   -0.1749    0.9024
    0.4019   -0.8502   -0.3402
    0.8267    0.4966   -0.2646
...    89 G-C ...
  -14.6065 -151.7899  -22.9288
    0.4540   -0.6648    0.5933
    0.1845   -0.5812   -0.7925
    0.8717    0.4693   -0.1412
...    90 C-G ...
  -11.5444 -150.1513  -22.8122
    0.4768   -0.8786    0.0279
   -0.0813   -0.0757   -0.9938
    0.8752    0.4716   -0.1075
...    91 T-A ...
   -8.2822 -148.9326  -22.7533
    0.3650   -0.7521   -0.5487
   -0.2897    0.4684   -0.8347
    0.8848    0.4636   -0.0469
...    92 T-A ...
   -5.2812 -147.6417  -22.5907
    0.1893   -0.2928   -0.9373
   -0.4653    0.8138   -0.3482
    0.8647    0.5020    0.0178
...    93 T-A ...
   -2.3073 -146.2684  -22.3651
   -0.0770    0.2568   -0.9634
   -0.5150    0.8171    0.2590
    0.8537    0.5161    0.0693
...    94 A-T ...
    0.2662 -144.2378  -21.6996
   -0.3859    0.6837   -0.6193
   -0.3907    0.4871    0.7811
    0.8357    0.5434    0.0792
...    95 A-T ...
    2.9171 -142.5073  -21.6145
   -0.5813    0.8074   -0.1010
   -0.1314    0.0293    0.9909
    0.8030    0.5892    0.0890
...    96 C-G ...
    5.4895 -140.4098  -21.9565
   -0.6071    0.6742    0.4207
    0.1839   -0.3958    0.8997
    0.7731    0.6235    0.1163
...    97 A-T ...
    7.8809 -138.0994  -21.5171
   -0.5050    0.2529    0.8252
    0.5204   -0.6735    0.5249
    0.6885    0.6946    0.2086
...    98 C-G ...
    9.6018 -135.3408  -20.7473
   -0.1937   -0.1663    0.9669
    0.7307   -0.6820    0.0291
    0.6546    0.7122    0.2537
...    99 T-A ...
   11.3715 -132.4675  -19.4909
    0.2217   -0.5666    0.7936
    0.7385   -0.4339   -0.5160
    0.6367    0.7005    0.3222
...   100 T-A ...
   13.1761 -130.0874  -18.1540
    0.6443   -0.6786    0.3528
    0.4760   -0.0053   -0.8794
    0.5986    0.7345    0.3196
...   101 T-A ...
   14.9423 -127.6965  -16.7746
    0.8337   -0.5132   -0.2037
    0.0097    0.3825   -0.9239
    0.5521    0.7683    0.3239
...   102 A-T ...
   16.6276 -124.7975  -15.9085
    0.6662   -0.0706   -0.7424
   -0.5654    0.6014   -0.5645
    0.4863    0.7958    0.3608
...   103 T-A ...
   18.7028 -122.6716  -14.5158
    0.3083    0.2165   -0.9263
   -0.8204    0.5535   -0.1437
    0.4816    0.8042    0.3483
...   104 G-C ...
   20.5061 -120.0585  -13.5463
   -0.2991    0.4318   -0.8509
   -0.8250    0.3311    0.4580
    0.4796    0.8390    0.2572
...   105 C-G ...
   22.1431 -117.2746  -13.1815
   -0.7268    0.4847   -0.4866
   -0.5465    0.0210    0.8372
    0.4160    0.8744    0.2496
...   106 T-A ...
   23.6429 -114.2110  -12.7631
   -0.9313    0.3605    0.0512
   -0.0409   -0.2433    0.9691
    0.3618    0.9005    0.2414
...   107 T-A ...
   24.6605 -111.2442  -12.1722
   -0.8294    0.0954    0.5505
    0.4815   -0.3778    0.7909
    0.2834    0.9210    0.2674
...   108 C-G ...
   25.2542 -108.1405  -11.2779
   -0.4447   -0.2162    0.8692
    0.8693   -0.3378    0.3608
    0.2157    0.9160    0.3382
...   109 C-G ...
   25.7109 -105.1075  -10.1024
    0.0414   -0.4694    0.8820
    0.9806   -0.1503   -0.1261
    0.1918    0.8701    0.4541
...   110 G-C ...
   26.5769 -102.6415   -8.4831
    0.5108   -0.5717    0.6421
    0.8384    0.1659   -0.5192
    0.1903    0.8035    0.5640
...   111 G-C ...
   27.3569 -100.3573   -6.1128
    0.8777   -0.4238    0.2235
    0.4326    0.5006   -0.7498
    0.2059    0.7548    0.6228
...   112 C-G ...
   28.1570  -98.2925   -3.5807
    0.9652   -0.0936   -0.2443
   -0.1207    0.6693   -0.7332
    0.2321    0.7371    0.6347
...   113 T-A ...
   28.9668  -95.9829   -1.3647
    0.7498    0.2834   -0.5979
   -0.6166    0.6270   -0.4761
    0.2400    0.7257    0.6448
...   114 C-G ...
   29.6582  -93.4855    0.7278
    0.2275    0.6007   -0.7664
   -0.9436    0.3305   -0.0211
    0.2406    0.7279    0.6421
...   115 G-C ...
   29.9163  -91.0364    2.9561
   -0.3873    0.6339   -0.6694
   -0.9009   -0.1061    0.4208
    0.1957    0.7661    0.6122
...   116 T-A ...
   30.8536  -88.1775    4.3984
   -0.8201    0.4369   -0.3695
   -0.5529   -0.4385    0.7085
    0.1475    0.7854    0.6012
...   117 A-T ...
   31.3598  -85.1610    5.9769
   -0.9991    0.0253    0.0354
    0.0134   -0.5946    0.8039
    0.0415    0.8037    0.5936
...   118 T-A ...
   31.2625  -82.2049    7.3103
   -0.8593   -0.2861    0.4240
    0.5105   -0.5312    0.6761
    0.0318    0.7975    0.6025
...   119 A-T ...
   31.2881  -79.6608    9.4335
   -0.4331   -0.6126    0.6612
    0.9000   -0.2537    0.3544
   -0.0494    0.7486    0.6612
...   120 A-T ...
   30.7902  -77.2896   11.5816
    0.1464   -0.6951    0.7039
    0.9869    0.1519   -0.0553
   -0.0684    0.7027    0.7082
...   121 T-A ...
   29.9421  -75.2442   14.0668
    0.6351   -0.5215    0.5699
    0.7685    0.5013   -0.3977
   -0.0783    0.6905    0.7191
...   122 G-C ...
   29.6522  -73.1009   16.7245
    0.9696   -0.1743    0.1719
    0.2443    0.7378   -0.6292
   -0.0172    0.6521    0.7580
...   123 T-A ...
   29.6806  -71.4046   19.5386
    0.9599    0.2252   -0.1667
   -0.2798    0.7366   -0.6157
   -0.0158    0.6377    0.7701
...   124 G-C ...
   29.7063  -69.3078   22.1373
    0.6092    0.5941   -0.5253
   -0.7924    0.4833   -0.3722
    0.0328    0.6430    0.7651
...   125 T-A ...
   30.2709  -67.4677   24.7405
    0.1037    0.7434   -0.6608
   -0.9939    0.1031   -0.0400
    0.0384    0.6609    0.7495
...   126 C-G ...
   30.4513  -65.3387   27.0931
   -0.5030    0.6672   -0.5494
   -0.8632   -0.3552    0.3589
    0.0443    0.6547    0.7546
...   127 G-C ...
   30.0450  -63.4596   29.7822
   -0.8790    0.2924   -0.3767
   -0.4712   -0.6541    0.5917
   -0.0734    0.6976    0.7127
...   128 A-T ...
   29.9765  -61.2712   32.0532
   -0.9879   -0.1524    0.0276
    0.1305   -0.7231    0.6783
   -0.0834    0.6737    0.7343
...   129 C-G ...
   29.3960  -58.6143   33.9202
   -0.7659   -0.5449    0.3412
    0.6305   -0.5328    0.5645
   -0.1258    0.6475    0.7516
...   130 C-G ...
   28.2377  -56.4974   36.3467
   -0.3154   -0.8204    0.4768
    0.9265   -0.1575    0.3419
   -0.2054    0.5496    0.8098
...   131 A-T ...
   27.9091  -55.0591   39.3558
    0.2575   -0.8611    0.4385
    0.9441    0.3209    0.0757
   -0.2058    0.3945    0.8956
...   132 A-T ...
   27.1290  -53.9745   42.3447
    0.7501   -0.5406    0.3808
    0.6299    0.7595   -0.1626
   -0.2013    0.3619    0.9102
...   133 A-T ...
   26.2683  -53.1388   45.4090
    0.9686    0.0266    0.2471
    0.0660    0.9311   -0.3588
   -0.2396    0.3639    0.9001
...   134 T-A ...
   25.6209  -52.5914   48.6399
    0.8597    0.5097    0.0340
   -0.4497    0.7866   -0.4231
   -0.2424    0.3485    0.9054
...   135 G-C ...
   25.2757  -52.5096   52.0791
    0.3204    0.9427   -0.0928
   -0.8825    0.2614   -0.3910
   -0.3443    0.2071    0.9157
...   136 T-A ...
   25.5258  -52.9787   55.8049
   -0.2439    0.9563   -0.1610
   -0.8908   -0.2866   -0.3525
   -0.3833    0.0575    0.9218
...   137 G-C ...
   24.8933  -52.7378   58.9864
   -0.7529    0.5562   -0.3519
   -0.5215   -0.8303   -0.1966
   -0.4015    0.0355    0.9152
...   138 A-T ...
   24.0143  -51.6374   61.9241
   -0.9563    0.0401   -0.2896
   -0.0524   -0.9980    0.0347
   -0.2876    0.0484    0.9565
...   139 G-C ...
   22.3467  -51.2412   64.4939
   -0.8529   -0.5118   -0.1033
    0.4974   -0.8566    0.1373
   -0.1587    0.0657    0.9851
...   140 C-G ...
   22.1503  -50.1499   67.4638
   -0.4681   -0.8748    0.1248
    0.8495   -0.4066    0.3362
   -0.2434    0.2634    0.9335
...   141 G-C ...
   21.4257  -51.8267   72.7875
    0.1303   -0.7143   -0.6876
    0.8897   -0.2218    0.3990
   -0.4375   -0.6638    0.6066
...   142 C-G ...
   20.4246  -54.3095   74.5418
    0.5846   -0.7390   -0.3348
    0.7594    0.3532    0.5465
   -0.2856   -0.5737    0.7676
...   143 T-A ...
   18.4271  -55.5290   76.5298
    0.8548   -0.5005    0.1370
    0.3188    0.7148    0.6224
   -0.4095   -0.4884    0.7706
...   144 C-G ...
   16.8372  -57.7223   78.2673
    0.8529   -0.0846    0.5151
   -0.1508    0.9048    0.3983
   -0.4998   -0.4174    0.7589
...   145 A-T ...
   15.7829  -59.5616   80.7981
    0.5516    0.4995    0.6680
   -0.6739    0.7388    0.0039
   -0.4916   -0.4523    0.7441
...   146 C-G ...
   15.7315  -61.4941   83.9316
    0.0344    0.7399    0.6718
   -0.8637    0.3602   -0.3526
   -0.5029   -0.5681    0.6514
...   147 A-T ...
   14.7384  -63.4279   86.8192
   -0.5924    0.6746    0.4405
   -0.6886   -0.1401   -0.7114
   -0.4182   -0.7248    0.5475
