  147 base-pairs
...     1 T-A ...
    0.0000    0.0000    0.0000
    1.0000    0.0000    0.0000
    0.0000    1.0000    0.0000
    0.0000    0.0000    1.0000
...     2 G-C ...
   -0.5555   -1.1003    3.3981
    0.7749    0.6051    0.1828
   -0.5991    0.7953   -0.0929
   -0.2016   -0.0375    0.9787
...     3 T-A ...
   -0.6619   -3.0237    6.5348
    0.3046    0.9250    0.2271
   -0.8994    0.3578   -0.2510
   -0.3134   -0.1278    0.9410
...     4 G-C ...
   -1.1607   -3.8418    9.6940
   -0.3351    0.9421    0.0133
   -0.8752   -0.3061   -0.3746
   -0.3489   -0.1372    0.9271
...     5 A-T ...
   -1.3881   -3.6770   12.8999
   -0.7835    0.6162   -0.0801
   -0.5677   -0.7622   -0.3109
   -0.2527   -0.1981    0.9470
...     6 G-C ...
   -2.6236   -3.5448   15.7072
   -0.9923    0.0611   -0.1075
   -0.0294   -0.9610   -0.2748
   -0.1201   -0.2695    0.9555
...     7 C-G ...
   -2.3138   -3.7570   18.8866
   -0.8620   -0.4995   -0.0864
    0.5008   -0.8655    0.0073
   -0.0785   -0.0370    0.9962
...     8 G-C ...
   -3.9561   -6.8109   23.3205
   -0.2581   -0.3560   -0.8981
    0.6294   -0.7673    0.1233
   -0.7330   -0.5335    0.4221
...     9 C-G ...
   -6.1177   -8.9414   24.2385
    0.1143   -0.7320   -0.6716
    0.8123   -0.3203    0.4874
   -0.5720   -0.6013    0.5580
...    10 T-A ...
   -8.5041   -9.6771   26.0540
    0.4660   -0.8587   -0.2131
    0.6274    0.1508    0.7640
   -0.6239   -0.4897    0.6090
...    11 C-G ...
  -11.0625  -11.3174   27.2336
    0.6660   -0.6911    0.2808
    0.3382    0.6152    0.7121
   -0.6649   -0.3794    0.6435
...    12 A-T ...
  -13.0013  -13.1789   29.0658
    0.7188   -0.1490    0.6790
   -0.1787    0.9043    0.3876
   -0.6718   -0.4000    0.6235
...    13 C-G ...
  -14.1788  -15.9359   31.3399
    0.4052    0.2865    0.8682
   -0.5270    0.8492   -0.0343
   -0.7470   -0.4437    0.4951
...    14 A-T ...
  -15.9532  -18.1566   33.3080
   -0.1503    0.6873    0.7107
   -0.6106    0.5008   -0.6135
   -0.7776   -0.5261    0.3444
...    15 A-T ...
  -18.3209  -19.9471   34.6299
   -0.4776    0.8455    0.2388
   -0.4027    0.0309   -0.9148
   -0.7809   -0.5330    0.3258
...    16 T-A ...
  -20.6680  -21.5220   36.3096
   -0.6064    0.7527   -0.2562
   -0.1023   -0.3933   -0.9137
   -0.7885   -0.5279    0.3155
...    17 T-A ...
  -23.2428  -23.0691   37.5170
   -0.5373    0.4195   -0.7317
    0.2575   -0.7445   -0.6160
   -0.8031   -0.5194    0.2920
...    18 T-A ...
  -25.9525  -24.5244   38.5166
   -0.2738   -0.0458   -0.9607
    0.5086   -0.8547   -0.1042
   -0.8163   -0.5171    0.2573
...    19 A-T ...
  -28.8349  -26.1007   39.0821
    0.1594   -0.4352   -0.8861
    0.5382   -0.7141    0.4476
   -0.8276   -0.5483    0.1204
...    20 T-A ...
  -31.8114  -27.4771   38.9802
    0.4220   -0.7231   -0.5469
    0.3767   -0.4089    0.8312
   -0.8247   -0.5568    0.0998
...    21 T-A ...
  -34.5434  -29.2246   39.0083
    0.5648   -0.8251    0.0151
    0.0614    0.0603    0.9963
   -0.8229   -0.5618    0.0847
...    22 C-G ...
  -37.1386  -31.2163   39.1822
    0.5116   -0.6216    0.5932
   -0.3025    0.5158    0.8015
   -0.8042   -0.5895    0.0758
...    23 G-C ...
  -39.8837  -33.0166   39.8253
    0.3140   -0.1774    0.9327
   -0.5731    0.7478    0.3351
   -0.7569   -0.6398    0.1331
...    24 C-G ...
  -42.1068  -35.4429   40.2923
   -0.0327    0.2788    0.9598
   -0.6594    0.7156   -0.2303
   -0.7511   -0.6404    0.1605
...    25 A-T ...
  -44.7721  -37.3788   40.7158
   -0.3550    0.6833    0.6380
   -0.5303    0.4149   -0.7394
   -0.7699   -0.6008    0.2150
...    26 A-T ...
  -47.1469  -39.3923   41.6556
   -0.6063    0.7884    0.1041
   -0.2194   -0.0399   -0.9748
   -0.7644   -0.6139    0.1972
...    27 A-T ...
  -49.6186  -41.3002   42.5456
   -0.6225    0.6277   -0.4675
    0.1736   -0.4717   -0.8645
   -0.7632   -0.6193    0.1847
...    28 G-C ...
  -52.2915  -43.0911   43.3098
   -0.3772    0.3397   -0.8616
    0.4747   -0.7279   -0.4948
   -0.7952   -0.5957    0.1133
...    29 G-C ...
  -55.2022  -44.7691   43.6445
    0.0207   -0.0356   -0.9992
    0.5869   -0.8086    0.0410
   -0.8094   -0.5873    0.0042
...    30 C-G ...
  -58.0970  -46.3326   43.3957
    0.3853   -0.4234   -0.8199
    0.4692   -0.6752    0.5691
   -0.7946   -0.6040   -0.0615
...    31 C-G ...
  -60.7841  -48.2636   42.7282
    0.6548   -0.6529   -0.3808
    0.1606   -0.3721    0.9142
   -0.7385   -0.6598   -0.1388
...    32 G-C ...
  -63.0273  -50.7332   42.4798
    0.7172   -0.6667    0.2028
   -0.2713    0.0009    0.9625
   -0.6419   -0.7453   -0.1802
...    33 G-C ...
  -64.8507  -53.4522   41.6476
    0.5021   -0.5018    0.7043
   -0.6453    0.3248    0.6915
   -0.5757   -0.8017   -0.1607
...    34 C-G ...
  -66.3648  -56.3418   41.0179
    0.0814   -0.2179    0.9726
   -0.8298    0.5257    0.1872
   -0.5521   -0.8223   -0.1381
...    35 C-G ...
  -68.0001  -59.2845   40.7634
   -0.3600    0.1524    0.9204
   -0.7534    0.5343   -0.3831
   -0.5502   -0.8314   -0.0775
...    36 C-G ...
  -69.7433  -62.1777   40.7800
   -0.6846    0.4672    0.5594
   -0.4389    0.3485   -0.8282
   -0.5819   -0.8126   -0.0335
...    37 G-C ...
  -71.8224  -64.7526   40.2500
   -0.7611    0.6487   -0.0057
    0.0245    0.0201   -0.9995
   -0.6482   -0.7608   -0.0312
...    38 A-T ...
  -73.9291  -67.2671   40.2487
   -0.5804    0.5595   -0.5916
    0.4760   -0.3564   -0.8040
   -0.6607   -0.7483   -0.0594
...    39 C-G ...
  -76.4758  -69.3702   40.4045
   -0.2221    0.3208   -0.9207
    0.7103   -0.5937   -0.3782
   -0.6680   -0.7380   -0.0960
...    40 A-T ...
  -78.6606  -71.8638   39.9852
    0.2965    0.0324   -0.9545
    0.6986   -0.6888    0.1936
   -0.6512   -0.7242   -0.2268
...    41 C-G ...
  -81.1145  -73.7681   38.9138
    0.6484   -0.2862   -0.7055
    0.4378   -0.6180    0.6530
   -0.6228   -0.7323   -0.2754
...    42 G-C ...
  -82.9155  -76.4466   38.0398
    0.8660   -0.4618   -0.1920
   -0.0141   -0.4063    0.9136
   -0.4999   -0.7885   -0.3583
...    43 A-T ...
  -84.3969  -79.0563   36.7450
    0.7208   -0.5721    0.3913
   -0.5293   -0.0899    0.8437
   -0.4475   -0.8152   -0.3676
...    44 C-G ...
  -85.3302  -81.7823   35.1179
    0.3521   -0.5119    0.7836
   -0.8403    0.1958    0.5055
   -0.4122   -0.8364   -0.3612
...    45 T-A ...
  -86.3250  -84.7211   33.9536
   -0.1311   -0.2958    0.9462
   -0.9167    0.3995   -0.0022
   -0.3773   -0.8677   -0.3235
...    46 T-A ...
  -87.2507  -87.6760   32.9386
   -0.6526   -0.0455    0.7563
   -0.6713    0.4977   -0.5493
   -0.3514   -0.8662   -0.3553
...    47 A-T ...
  -88.5792  -90.3276   31.2939
   -0.9494    0.2382    0.2045
   -0.0865    0.4277   -0.8998
   -0.3018   -0.8720   -0.3855
...    48 C-G ...
  -89.7004  -93.3935   30.5998
   -0.8492    0.4356   -0.2984
    0.4303    0.2433   -0.8693
   -0.3060   -0.8666   -0.3941
...    49 T-A ...
  -90.9876  -96.2427   29.4744
   -0.4766    0.5436   -0.6909
    0.8167   -0.0173   -0.5769
   -0.3255   -0.8392   -0.4357
...    50 G-C ...
  -92.0108  -98.9676   27.8496
    0.0973    0.5389   -0.8368
    0.9433   -0.3181   -0.0952
   -0.3175   -0.7800   -0.5392
...    51 T-A ...
  -93.5694 -101.1786   25.9743
    0.5845    0.3439   -0.7349
    0.7614   -0.5456    0.3503
   -0.2805   -0.7643   -0.5807
...    52 A-T ...
  -94.5088 -103.4403   23.7063
    0.9349    0.1302   -0.3301
    0.3275   -0.6747    0.6615
   -0.1366   -0.7266   -0.6734
...    53 G-C ...
  -94.8448 -105.5757   21.2204
    0.9796   -0.1592    0.1230
   -0.1986   -0.6677    0.7174
   -0.0321   -0.7272   -0.6857
...    54 G-C ...
  -94.4620 -107.8355   18.7489
    0.7234   -0.4111    0.5548
   -0.6852   -0.5267    0.5031
    0.0854   -0.7440   -0.6627
...    55 T-A ...
  -93.5770 -110.0243   16.4511
    0.2602   -0.6007    0.7559
   -0.9578   -0.2596    0.1235
    0.1220   -0.7562   -0.6429
...    56 A-T ...
  -93.4458 -112.6154   14.3263
   -0.3828   -0.6387    0.6675
   -0.9114    0.1427   -0.3861
    0.1513   -0.7561   -0.6367
...    57 T-A ...
  -92.3834 -115.2640   12.6401
   -0.7910   -0.4971    0.3567
   -0.5861    0.4485   -0.6747
    0.1754   -0.7428   -0.6461
...    58 C-G ...
  -91.8020 -117.7987   10.6180
   -0.9828   -0.1382   -0.1221
    0.0014    0.6565   -0.7543
    0.1844   -0.7416   -0.6450
...    59 T-A ...
  -91.3587 -120.4595    8.6719
   -0.8363    0.2527   -0.4865
    0.5229    0.6343   -0.5694
    0.1647   -0.7306   -0.6626
...    60 C-G ...
  -90.8496 -122.9366    6.5692
   -0.3722    0.5969   -0.7108
    0.9114    0.3800   -0.1582
    0.1757   -0.7066   -0.6854
...    61 G-C ...
  -89.8898 -125.2257    4.3324
    0.1571    0.8005   -0.5784
    0.9627    0.0066    0.2706
    0.2204   -0.5993   -0.7696
...    62 A-T ...
  -89.2596 -127.1645    1.8025
    0.6570    0.7067   -0.2624
    0.7021   -0.4469    0.5544
    0.2745   -0.5485   -0.7898
...    63 G-C ...
  -88.4210 -128.6590   -1.0015
    0.8844    0.4439    0.1443
    0.2789   -0.7504    0.5993
    0.3743   -0.4897   -0.7874
...    64 C-G ...
  -87.0624 -129.7504   -3.7786
    0.8654    0.0203    0.5007
   -0.2143   -0.8883    0.4063
    0.4529   -0.4589   -0.7644
...    65 T-A ...
  -85.2474 -130.9236   -6.2567
    0.5917   -0.3978    0.7012
   -0.5950   -0.8023    0.0470
    0.5439   -0.4450   -0.7114
...    66 C-G ...
  -83.2529 -132.4104   -8.3680
    0.1222   -0.7753    0.6196
   -0.7992   -0.4470   -0.4017
    0.5884   -0.4461   -0.6743
...    67 G-C ...
  -81.6089 -134.2828  -10.6025
   -0.3841   -0.8642    0.3249
   -0.6805    0.0271   -0.7323
    0.6241   -0.5024   -0.5985
...    68 G-C ...
  -79.4285 -136.2011  -12.3328
   -0.7165   -0.6882   -0.1140
   -0.3343    0.4822   -0.8098
    0.6123   -0.5421   -0.5755
...    69 G-C ...
  -77.3496 -138.2152  -14.0797
   -0.8017   -0.2860   -0.5249
    0.1226    0.7807   -0.6128
    0.5850   -0.5556   -0.5908
...    70 A-T ...
  -75.3532 -140.1089  -15.8875
   -0.5718    0.2369   -0.7854
    0.5602    0.8122   -0.1629
    0.5993   -0.5331   -0.5971
...    71 T-A ...
  -73.8614 -142.3242  -17.8318
   -0.2042    0.6145   -0.7620
    0.7597    0.5904    0.2724
    0.6173   -0.5233   -0.5874
...    72 C-G ...
  -71.8961 -144.1139  -19.7500
    0.2379    0.8734   -0.4248
    0.7227    0.1331    0.6782
    0.6489   -0.4684   -0.5996
...    73 C-G ...
  -69.9470 -145.6317  -22.0528
    0.4872    0.8699    0.0770
    0.4896   -0.3451    0.8007
    0.7231   -0.3524   -0.5941
...    74 G-C ...
  -67.3179 -146.7098  -23.8032
    0.5231    0.6101    0.5951
    0.1914   -0.7646    0.6155
    0.8305   -0.2081   -0.5167
...    75 C-G ...
  -64.5389 -146.8010  -25.5428
    0.4747    0.1289    0.8706
   -0.0780   -0.9792    0.1875
    0.8767   -0.1570   -0.4548
...    76 T-A ...
  -61.5017 -146.9196  -26.8056
    0.2910   -0.3822    0.8770
   -0.2479   -0.9155   -0.3167
    0.9240   -0.1252   -0.3612
...    77 T-A ...
  -58.4086 -147.0860  -27.7656
    0.1072   -0.8342    0.5409
   -0.3416   -0.5419   -0.7679
    0.9337   -0.1024   -0.3430
...    78 T-A ...
  -55.2560 -147.2689  -28.5649
   -0.0641   -0.9978   -0.0160
   -0.3289    0.0362   -0.9437
    0.9422   -0.0553   -0.3305
...    79 A-T ...
  -52.2554 -147.0919  -30.1682
   -0.1695   -0.7314   -0.6605
   -0.2277    0.6812   -0.6958
    0.9588    0.0325   -0.2821
...    80 A-T ...
  -49.0620 -147.2226  -30.8469
   -0.2098   -0.1953   -0.9580
   -0.1182    0.9777   -0.1735
    0.9706    0.0768   -0.2282
...    81 C-G ...
  -45.8419 -147.5576  -31.6275
   -0.2501    0.3461   -0.9043
   -0.0106    0.9329    0.3600
    0.9682    0.0996   -0.2296
...    82 A-T ...
  -42.6084 -147.0598  -32.2060
   -0.3150    0.7967   -0.5158
    0.1191    0.5723    0.8113
    0.9416    0.1941   -0.2752
...    83 C-G ...
  -39.7095 -146.5982  -33.6507
   -0.2666    0.9637   -0.0155
    0.2550    0.0860    0.9631
    0.9295    0.2528   -0.2687
...    84 T-A ...
  -36.8241 -145.5321  -34.8012
   -0.2080    0.8412    0.4992
    0.3685   -0.4053    0.8366
    0.9061    0.3579   -0.2256
...    85 T-A ...
  -34.0278 -144.1603  -35.6050
   -0.0429    0.4616    0.8861
    0.4404   -0.7874    0.4314
    0.8968    0.4087   -0.1695
...    86 T-A ...
  -31.2622 -142.5818  -36.0905
    0.1529   -0.0633    0.9862
    0.4212   -0.8986   -0.1230
    0.8940    0.4342   -0.1108
...    87 A-T ...
  -28.3389 -141.0005  -36.0583
    0.2529   -0.5925    0.7649
    0.3358   -0.6877   -0.6437
    0.9074    0.4196    0.0250
...    88 T-A ...
  -25.6081 -139.2870  -35.3777
    0.3935   -0.8550    0.3379
    0.1805   -0.2885   -0.9403
    0.9014    0.4310    0.0408
...    89 C-G ...
  -22.5985 -138.0163  -35.0560
    0.4309   -0.8579   -0.2800
   -0.0583    0.2832   -0.9573
    0.9005    0.4288    0.0720
...    90 A-T ...
  -19.6760 -136.4728  -35.0755
    0.2878   -0.5454   -0.7872
   -0.2798    0.7383   -0.6138
    0.9159    0.3968    0.0599
...    91 T-A ...
  -16.4754 -135.7548  -34.5502
    0.1352   -0.0752   -0.9880
   -0.4028    0.9068   -0.1242
    0.9052    0.4147    0.0923
...    92 G-C ...
  -13.6133 -134.1201  -34.2422
   -0.1827    0.4254   -0.8864
   -0.4209    0.7809    0.4615
    0.8885    0.4573    0.0364
...    93 T-A ...
  -10.5078 -133.0090  -34.5300
   -0.4059    0.7495   -0.5230
   -0.2865    0.4391    0.8516
    0.8678    0.4955    0.0365
...    94 T-A ...
   -7.6773 -131.4532  -34.6318
   -0.5313    0.8466    0.0330
   -0.0268   -0.0557    0.9981
    0.8468    0.5294    0.0522
...    95 A-T ...
   -5.0908 -129.3530  -34.7736
   -0.6245    0.5813    0.5217
    0.2764   -0.4603    0.8437
    0.7305    0.6711    0.1268
...    96 T-A ...
   -3.0995 -126.7782  -34.7711
   -0.4455    0.2522    0.8590
    0.5539   -0.6762    0.4858
    0.7034    0.6922    0.1615
...    97 A-T ...
   -1.2318 -124.1184  -34.0005
   -0.2217   -0.2579    0.9404
    0.7504   -0.6609   -0.0043
    0.6226    0.7048    0.3400
...    98 A-T ...
    0.5219 -121.7204  -32.7227
    0.2154   -0.5966    0.7731
    0.7679   -0.3855   -0.5115
    0.6032    0.7038    0.3752
...    99 C-G ...
    2.0292 -119.3506  -30.9618
    0.5679   -0.7243    0.3910
    0.5690    0.0023   -0.8223
    0.5947    0.6895    0.4135
...   100 G-C ...
    4.3326 -117.2131  -29.8423
    0.7522   -0.6387   -0.1624
    0.1955    0.4516   -0.8706
    0.6293    0.6231    0.4645
...   101 G-C ...
    6.5261 -115.3640  -28.0585
    0.7106   -0.3111   -0.6310
   -0.2330    0.7423   -0.6283
    0.6639    0.5935    0.4550
...   102 A-T ...
    8.6974 -113.4934  -26.4422
    0.4356    0.1929   -0.8792
   -0.6181    0.7742   -0.1364
    0.6544    0.6029    0.4565
...   103 T-A ...
   11.2851 -112.0282  -24.9904
    0.0711    0.5709   -0.8179
   -0.7655    0.5570    0.3223
    0.6395    0.6032    0.4766
...   104 G-C ...
   13.2231 -109.8734  -23.3696
   -0.4338    0.7194   -0.5425
   -0.6785    0.1353    0.7220
    0.5928    0.6813    0.4295
...   105 C-G ...
   15.3938 -107.6284  -22.3187
   -0.7680    0.6321   -0.1027
   -0.3482   -0.2775    0.8954
    0.5375    0.7234    0.4332
...   106 T-A ...
   17.0377 -105.0142  -21.1791
   -0.8880    0.3287    0.3215
    0.0972   -0.5492    0.8300
    0.4494    0.7683    0.4558
...   107 T-A ...
   18.3290 -102.3770  -19.8467
   -0.7150   -0.0670    0.6959
    0.5714   -0.6295    0.5265
    0.4027    0.7741    0.4884
...   108 C-G ...
   19.3992  -99.8297  -18.1397
   -0.2905   -0.4625    0.8377
    0.8901   -0.4518    0.0593
    0.3511    0.7629    0.5429
...   109 C-G ...
   20.1321  -97.3454  -15.9771
    0.1927   -0.7008    0.6869
    0.9294   -0.0943   -0.3569
    0.3149    0.7071    0.6331
...   110 G-C ...
   21.5424  -95.2477  -13.7952
    0.6428   -0.6988    0.3137
    0.6957    0.3612   -0.6209
    0.3206    0.6174    0.7184
...   111 G-C ...
   22.5968  -93.5129  -11.0900
    0.8992   -0.4224   -0.1140
    0.2499    0.7098   -0.6586
    0.3591    0.5637    0.7438
...   112 C-G ...
   23.8447  -91.9971   -8.4010
    0.8822    0.0298   -0.4700
   -0.2815    0.8333   -0.4757
    0.3775    0.5520    0.7435
...   113 T-A ...
   25.3128  -90.4141   -5.8748
    0.5863    0.4560   -0.6696
   -0.7061    0.6927   -0.1466
    0.3970    0.5588    0.7281
...   114 C-G ...
   26.6823  -88.6470   -3.4612
    0.0476    0.7699   -0.6364
   -0.9219    0.2792    0.2687
    0.3845    0.5739    0.7230
...   115 G-C ...
   27.5477  -86.7302   -0.8607
   -0.5125    0.7252   -0.4597
   -0.7978   -0.2043    0.5672
    0.3174    0.6575    0.6833
...   116 T-A ...
   28.9192  -84.3222    0.9277
   -0.8641    0.4851   -0.1339
   -0.4227   -0.5552    0.7163
    0.2732    0.6756    0.6848
...   117 A-T ...
   29.6478  -81.8752    3.0593
   -0.9836    0.0079    0.1804
    0.1211   -0.7121    0.6916
    0.1339    0.7020    0.6994
...   118 T-A ...
   29.7676  -79.1733    4.8955
   -0.8000   -0.3672    0.4744
    0.5910   -0.6186    0.5177
    0.1034    0.6946    0.7119
...   119 A-T ...
   29.6637  -76.8639    7.2966
   -0.3663   -0.7377    0.5671
    0.9305   -0.2910    0.2225
    0.0009    0.6092    0.7930
...   120 A-T ...
   29.3572  -74.9465    9.8864
    0.2132   -0.7876    0.5781
    0.9769    0.1817   -0.1127
   -0.0163    0.5888    0.8081
...   121 T-A ...
   28.6780  -73.3317   12.6713
    0.6737   -0.5930    0.4409
    0.7386    0.5593   -0.3764
   -0.0234    0.5792    0.8148
...   122 G-C ...
   28.8913  -71.4129   15.3718
    0.9735   -0.2121    0.0856
    0.2251    0.8224   -0.5225
    0.0405    0.5279    0.8483
...   123 T-A ...
   29.0550  -70.2334   18.4798
    0.9470    0.2450   -0.2079
   -0.3172    0.8162   -0.4829
    0.0513    0.5232    0.8507
...   124 G-C ...
   29.1853  -68.2464   21.1303
    0.5863    0.6383   -0.4988
   -0.8036    0.5359   -0.2588
    0.1021    0.5526    0.8272
...   125 T-A ...
   30.0909  -66.6526   23.9097
    0.0777    0.8168   -0.5716
   -0.9924    0.1183    0.0342
    0.0955    0.5646    0.8198
...   126 C-G ...
   30.4969  -64.7876   26.5781
   -0.5217    0.7153   -0.4650
   -0.8499   -0.3885    0.3560
    0.0740    0.5809    0.8106
...   127 G-C ...
   30.4270  -63.0461   29.4244
   -0.9048    0.3095   -0.2925
   -0.4241   -0.7170    0.5533
   -0.0385    0.6247    0.7799
...   128 A-T ...
   30.3035  -60.9310   31.9015
   -0.9805   -0.1937    0.0339
    0.1725   -0.7644    0.6213
   -0.0944    0.6150    0.7828
...   129 C-G ...
   29.6474  -58.5403   34.0563
   -0.7493   -0.5877    0.3052
    0.6470   -0.5512    0.5269
   -0.1415    0.5923    0.7932
...   130 C-G ...
   28.7092  -56.5512   36.6150
   -0.2776   -0.8506    0.4465
    0.9385   -0.1408    0.3153
   -0.2053    0.5065    0.8374
...   131 A-T ...
   27.9910  -55.0279   39.4945
    0.3068   -0.8448    0.4384
    0.9260    0.3715    0.0678
   -0.2201    0.3852    0.8962
...   132 A-T ...
   27.0634  -54.0075   42.4277
    0.7744   -0.4950    0.3939
    0.5917    0.7872   -0.1739
   -0.2240    0.3677    0.9025
...   133 A-T ...
   26.2508  -53.1110   45.4410
    0.9711    0.0395    0.2356
    0.0485    0.9331   -0.3562
   -0.2339    0.3573    0.9042
...   134 T-A ...
   25.6209  -52.5913   48.6399
    0.8597    0.5097    0.0340
   -0.4497    0.7866   -0.4231
   -0.2424    0.3485    0.9054
...   135 G-C ...
   25.2758  -52.5096   52.0791
    0.3204    0.9427   -0.0928
   -0.8825    0.2614   -0.3910
   -0.3443    0.2071    0.9157
...   136 T-A ...
   25.5258  -52.9787   55.8049
   -0.2439    0.9563   -0.1610
   -0.8908   -0.2866   -0.3525
   -0.3833    0.0575    0.9218
...   137 G-C ...
   24.8934  -52.7377   58.9864
   -0.7529    0.5562   -0.3519
   -0.5215   -0.8303   -0.1966
   -0.4015    0.0355    0.9152
...   138 A-T ...
   24.0144  -51.6374   61.9241
   -0.9563    0.0401   -0.2896
   -0.0524   -0.9980    0.0347
   -0.2876    0.0484    0.9565
...   139 G-C ...
   22.3467  -51.2411   64.4939
   -0.8529   -0.5118   -0.1033
    0.4974   -0.8566    0.1373
   -0.1587    0.0657    0.9851
...   140 C-G ...
   22.1503  -50.1498   67.4638
   -0.4681   -0.8748    0.1248
    0.8495   -0.4066    0.3362
   -0.2434    0.2634    0.9335
...   141 G-C ...
   21.4257  -51.8266   72.7875
    0.1303   -0.7143   -0.6876
    0.8897   -0.2217    0.3990
   -0.4375   -0.6638    0.6066
...   142 C-G ...
   20.4246  -54.3094   74.5418
    0.5846   -0.7390   -0.3348
    0.7594    0.3532    0.5465
   -0.2856   -0.5737    0.7676
...   143 T-A ...
   18.4272  -55.5290   76.5298
    0.8548   -0.5005    0.1370
    0.3188    0.7148    0.6224
   -0.4095   -0.4884    0.7706
...   144 C-G ...
   16.8372  -57.7222   78.2673
    0.8529   -0.0846    0.5151
   -0.1508    0.9048    0.3983
   -0.4998   -0.4174    0.7589
...   145 A-T ...
   15.7829  -59.5615   80.7980
    0.5516    0.4995    0.6680
   -0.6739    0.7388    0.0039
   -0.4916   -0.4523    0.7441
...   146 C-G ...
   15.7315  -61.4940   83.9316
    0.0344    0.7399    0.6718
   -0.8637    0.3602   -0.3526
   -0.5029   -0.5681    0.6514
...   147 A-T ...
   14.7384  -63.4279   86.8192
   -0.5924    0.6746    0.4405
   -0.6886   -0.1401   -0.7114
   -0.4182   -0.7248    0.5475
