  147 base-pairs
...     1 T-A ...
    0.0000    0.0000    0.0000
    1.0000    0.0000    0.0000
    0.0000    1.0000    0.0000
    0.0000    0.0000    1.0000
...     2 G-C ...
   -0.5555   -1.1003    3.3981
    0.7749    0.6051    0.1828
   -0.5991    0.7953   -0.0929
   -0.2016   -0.0375    0.9787
...     3 T-A ...
   -0.6619   -3.0237    6.5348
    0.3046    0.9250    0.2271
   -0.8994    0.3578   -0.2510
   -0.3134   -0.1278    0.9410
...     4 G-C ...
   -1.1607   -3.8418    9.6940
   -0.3351    0.9421    0.0133
   -0.8752   -0.3061   -0.3746
   -0.3489   -0.1372    0.9271
...     5 A-T ...
   -1.3881   -3.6770   12.8999
   -0.7835    0.6162   -0.0801
   -0.5677   -0.7622   -0.3109
   -0.2527   -0.1981    0.9470
...     6 G-C ...
   -2.6236   -3.5448   15.7072
   -0.9923    0.0611   -0.1075
   -0.0294   -0.9610   -0.2748
   -0.1201   -0.2695    0.9555
...     7 C-G ...
   -2.3138   -3.7570   18.8866
   -0.8620   -0.4995   -0.0864
    0.5008   -0.8655    0.0073
   -0.0785   -0.0370    0.9962
...     8 G-C ...
   -3.9561   -6.8109   23.3205
   -0.2581   -0.3560   -0.8981
    0.6294   -0.7673    0.1233
   -0.7330   -0.5335    0.4221
...     9 C-G ...
   -6.1177   -8.9414   24.2385
    0.1143   -0.7320   -0.6716
    0.8123   -0.3203    0.4874
   -0.5720   -0.6013    0.5580
...    10 T-A ...
   -8.5041   -9.6771   26.0540
    0.4660   -0.8587   -0.2131
    0.6274    0.1508    0.7640
   -0.6239   -0.4897    0.6090
...    11 C-G ...
  -11.0625  -11.3174   27.2336
    0.6660   -0.6911    0.2808
    0.3382    0.6152    0.7121
   -0.6649   -0.3794    0.6435
...    12 A-T ...
  -13.0013  -13.1789   29.0658
    0.7188   -0.1490    0.6790
   -0.1787    0.9043    0.3876
   -0.6718   -0.4000    0.6235
...    13 C-G ...
  -14.1788  -15.9359   31.3399
    0.4052    0.2865    0.8682
   -0.5270    0.8492   -0.0343
   -0.7470   -0.4437    0.4951
...    14 A-T ...
  -15.9532  -18.1566   33.3080
   -0.1503    0.6873    0.7107
   -0.6106    0.5008   -0.6135
   -0.7776   -0.5261    0.3444
...    15 A-T ...
  -18.3952  -19.9487   34.4528
   -0.4596    0.8598    0.2225
   -0.3964    0.0256   -0.9177
   -0.7948   -0.5099    0.3290
...    16 T-A ...
  -20.7957  -21.5346   36.2449
   -0.6281    0.7200   -0.2952
   -0.0711   -0.4309   -0.8996
   -0.7749   -0.5440    0.3218
...    17 T-A ...
  -23.3454  -23.1006   37.6202
   -0.5705    0.3148   -0.7586
    0.3232   -0.7631   -0.5597
   -0.7551   -0.5645    0.3336
...    18 T-A ...
  -25.8974  -24.7616   38.7027
   -0.2580   -0.1333   -0.9569
    0.5784   -0.8146   -0.0424
   -0.7739   -0.5644    0.2873
...    19 A-T ...
  -28.4332  -26.7495   39.4617
    0.1832   -0.4959   -0.8488
    0.6023   -0.6258    0.4956
   -0.7769   -0.6021    0.1841
...    20 T-A ...
  -31.3421  -28.3322   39.5723
    0.4674   -0.7450   -0.4759
    0.4212   -0.2856    0.8608
   -0.7773   -0.6028    0.1803
...    21 T-A ...
  -33.9582  -30.2764   39.8492
    0.6219   -0.7769    0.0989
    0.0649    0.1769    0.9821
   -0.7804   -0.6043    0.1605
...    22 C-G ...
  -36.4599  -32.3432   40.3433
    0.5638   -0.5117    0.6483
   -0.3265    0.5829    0.7441
   -0.7587   -0.6311    0.1615
...    23 G-C ...
  -39.0583  -34.1548   41.4872
    0.3808   -0.0200    0.9244
   -0.6251    0.7312    0.2733
   -0.6814   -0.6819    0.2660
...    24 C-G ...
  -41.0043  -36.6503   42.3345
    0.0332    0.4023    0.9149
   -0.7316    0.6334   -0.2520
   -0.6809   -0.6610    0.3154
...    25 A-T ...
  -43.6156  -38.5801   43.0476
   -0.3687    0.7253    0.5813
   -0.6117    0.2816   -0.7393
   -0.6999   -0.6282    0.3399
...    26 A-T ...
  -45.8368  -40.6162   44.3589
   -0.6576    0.7511    0.0584
   -0.2882   -0.1791   -0.9407
   -0.6961   -0.6354    0.3342
...    27 A-T ...
  -48.0071  -42.5947   45.7807
   -0.7156    0.4964   -0.4915
    0.1628   -0.5658   -0.8084
   -0.6793   -0.6584    0.3241
...    28 G-C ...
  -50.5313  -44.4120   47.0983
   -0.4750    0.1609   -0.8651
    0.5061   -0.7543   -0.4182
   -0.7199   -0.6365    0.2769
...    29 G-C ...
  -53.3100  -46.2917   47.9406
   -0.0401   -0.2252   -0.9735
    0.6765   -0.7232    0.1394
   -0.7354   -0.6530    0.1813
...    30 C-G ...
  -56.0003  -48.1503   48.2100
    0.3853   -0.5341   -0.7525
    0.5735   -0.5002    0.6487
   -0.7229   -0.6815    0.1136
...    31 C-G ...
  -58.5740  -50.2806   48.3449
    0.6988   -0.6568   -0.2833
    0.2486   -0.1484    0.9572
   -0.6707   -0.7394    0.0596
...    32 G-C ...
  -60.3967  -52.7230   48.7349
    0.7993   -0.5540    0.2329
   -0.1729    0.1591    0.9720
   -0.5755   -0.8172    0.0313
...    33 G-C ...
  -61.8106  -55.7791   48.7948
    0.6048   -0.3285    0.7254
   -0.6129    0.3897    0.6874
   -0.5085   -0.8604    0.0343
...    34 C-G ...
  -63.0802  -58.7989   48.8904
    0.1803   -0.0283    0.9832
   -0.8604    0.4799    0.1716
   -0.4767   -0.8769    0.0621
...    35 C-G ...
  -64.4165  -61.8773   49.4820
   -0.3276    0.2669    0.9063
   -0.8280    0.3809   -0.4115
   -0.4550   -0.8853    0.0962
...    36 C-G ...
  -65.8314  -64.8728   50.0984
   -0.7200    0.4620    0.5179
   -0.5192    0.1366   -0.8437
   -0.4606   -0.8763    0.1415
...    37 G-C ...
  -67.5231  -67.8574   49.5148
   -0.8592    0.5080   -0.0616
   -0.0082   -0.1341   -0.9909
   -0.5116   -0.8509    0.1194
...    38 A-T ...
  -68.9947  -70.6139   49.9571
   -0.6980    0.3421   -0.6290
    0.5109   -0.3775   -0.7723
   -0.5017   -0.8605    0.0887
...    39 C-G ...
  -71.0286  -73.0672   50.3402
   -0.3065    0.1453   -0.9407
    0.7970   -0.5012   -0.3370
   -0.5204   -0.8531    0.0378
...    40 A-T ...
  -72.8706  -75.8532   50.3315
    0.2505   -0.0690   -0.9657
    0.8248   -0.5070    0.2502
   -0.5069   -0.8592   -0.0701
...    41 C-G ...
  -74.7381  -78.4344   49.5913
    0.6700   -0.2516   -0.6984
    0.5772   -0.4151    0.7032
   -0.4669   -0.8743   -0.1328
...    42 G-C ...
  -75.9610  -81.5376   49.4523
    0.9218   -0.3562   -0.1527
    0.0668   -0.2420    0.9680
   -0.3818   -0.9025   -0.1993
...    43 A-T ...
  -77.1788  -84.3837   48.7527
    0.7903   -0.4223    0.4440
   -0.4858    0.0099    0.8740
   -0.3735   -0.9064   -0.1973
...    44 C-G ...
  -77.9380  -87.3773   47.5749
    0.4326   -0.3077    0.8474
   -0.8413    0.2001    0.5022
   -0.3241   -0.9302   -0.1723
...    45 T-A ...
  -78.3534  -90.9189   46.9108
   -0.1130   -0.1258    0.9856
   -0.9454    0.3187   -0.0677
   -0.3056   -0.9395   -0.1550
...    46 T-A ...
  -78.9302  -94.0811   46.3932
   -0.5949    0.0271    0.8034
   -0.7485    0.3455   -0.5659
   -0.2929   -0.9380   -0.1853
...    47 A-T ...
  -80.0949  -97.1090   45.4235
   -0.9449    0.2175    0.2446
   -0.1867    0.2557   -0.9486
   -0.2689   -0.9420   -0.2010
...    48 C-G ...
  -81.0509 -100.3231   45.4261
   -0.8971    0.3262   -0.2980
    0.3473    0.1035   -0.9320
   -0.2732   -0.9396   -0.2062
...    49 T-A ...
  -82.3203 -103.4275   45.0036
   -0.5487    0.4011   -0.7335
    0.7718   -0.0943   -0.6289
   -0.3214   -0.9112   -0.2578
...    50 G-C ...
  -83.4653 -106.3924   43.8750
    0.0188    0.3992   -0.9167
    0.9477   -0.2992   -0.1108
   -0.3185   -0.8667   -0.3839
...    51 T-A ...
  -84.9676 -108.8911   42.5378
    0.4971    0.2676   -0.8254
    0.8197   -0.4567    0.3456
   -0.2845   -0.8484   -0.4464
...    52 A-T ...
  -86.0023 -111.2545   40.3690
    0.8880    0.1810   -0.4227
    0.4450   -0.5701    0.6906
   -0.1160   -0.8014   -0.5868
...    53 G-C ...
  -86.5663 -113.6285   38.2451
    0.9989   -0.0194    0.0420
   -0.0451   -0.6118    0.7897
    0.0104   -0.7908   -0.6120
...    54 G-C ...
  -86.0737 -115.9316   35.4743
    0.8135   -0.2666    0.5168
   -0.5697   -0.5437    0.6163
    0.1167   -0.7958   -0.5942
...    55 T-A ...
  -85.1491 -118.3105   33.4389
    0.4062   -0.4913    0.7705
   -0.9006   -0.3582    0.2464
    0.1549   -0.7940   -0.5879
...    56 A-T ...
  -84.0472 -120.9478   31.5873
   -0.1917   -0.5733    0.7966
   -0.9620   -0.0513   -0.2684
    0.1947   -0.8177   -0.5417
...    57 T-A ...
  -82.6942 -123.5874   30.1163
   -0.6511   -0.5440    0.5293
   -0.7277    0.2491   -0.6391
    0.2158   -0.8013   -0.5580
...    58 C-G ...
  -81.8750 -126.4283   28.4917
   -0.9579   -0.2869    0.0134
   -0.1747    0.5450   -0.8200
    0.2280   -0.7878   -0.5721
...    59 T-A ...
  -81.2969 -129.2747   26.8109
   -0.9129    0.0761   -0.4010
    0.3597    0.6143   -0.7023
    0.1929   -0.7854   -0.5882
...    60 C-G ...
  -80.6125 -131.9191   24.8510
   -0.5337    0.4405   -0.7219
    0.8221    0.4703   -0.3208
    0.1982   -0.7647   -0.6131
...    61 G-C ...
  -79.5128 -134.1095   22.6656
   -0.0860    0.7403   -0.6667
    0.9761    0.1968    0.0926
    0.1997   -0.6428   -0.7396
...    62 A-T ...
  -78.6435 -136.3317   20.4683
    0.4478    0.7843   -0.4293
    0.8479   -0.2201    0.4822
    0.2837   -0.5800   -0.7636
...    63 G-C ...
  -77.7946 -137.8847   17.6697
    0.7848    0.6177   -0.0508
    0.5085   -0.5947    0.6227
    0.3544   -0.5145   -0.7808
...    64 C-G ...
  -76.6450 -139.0973   14.7304
    0.9079    0.2131    0.3609
   -0.0083   -0.8518    0.5239
    0.4191   -0.4786   -0.7715
...    65 T-A ...
  -75.1614 -140.3184   12.0468
    0.7415   -0.2175    0.6348
   -0.4500   -0.8629    0.2300
    0.4977   -0.4562   -0.7377
...    66 C-G ...
  -73.3913 -142.0863    9.9952
    0.3365   -0.6499    0.6814
   -0.7370   -0.6322   -0.2390
    0.5861   -0.4218   -0.6918
...    67 G-C ...
  -72.0762 -144.1882    7.5878
   -0.1590   -0.8743    0.4586
   -0.7559   -0.1910   -0.6262
    0.6351   -0.4462   -0.6305
...    68 G-C ...
  -69.7710 -145.7727    5.7040
   -0.5701   -0.8194    0.0594
   -0.5365    0.3166   -0.7822
    0.6221   -0.4779   -0.6201
...    69 G-C ...
  -67.6838 -147.5787    3.8176
   -0.8144   -0.4767   -0.3309
   -0.1208    0.6970   -0.7068
    0.5676   -0.5356   -0.6253
...    70 A-T ...
  -65.7312 -149.5752    1.9527
   -0.7136    0.0320   -0.6999
    0.3872    0.8505   -0.3559
    0.5839   -0.5249   -0.6193
...    71 T-A ...
  -64.1801 -151.7737    0.0280
   -0.4175    0.4757   -0.7743
    0.6956    0.7155    0.0645
    0.5847   -0.5117   -0.6296
...    72 C-G ...
  -62.4302 -153.5463   -2.1526
    0.0543    0.8198   -0.5701
    0.7974    0.3080    0.5189
    0.6010   -0.4828   -0.6370
...    73 C-G ...
  -60.5857 -155.3902   -4.1727
    0.3483    0.9294   -0.1221
    0.6456   -0.1435    0.7500
    0.6796   -0.3401   -0.6500
...    74 G-C ...
  -57.9935 -156.3888   -5.9772
    0.4944    0.7706    0.4021
    0.4027   -0.6131    0.6797
    0.7703   -0.1741   -0.6135
...    75 C-G ...
  -55.4439 -156.4464   -8.3043
    0.6069    0.2964    0.7374
    0.0695   -0.9441    0.3223
    0.7917   -0.1444   -0.5936
...    76 T-A ...
  -52.4448 -156.3660  -10.0500
    0.5187   -0.2757    0.8093
   -0.2218   -0.9576   -0.1841
    0.8257   -0.0840   -0.5579
...    77 T-A ...
  -49.6121 -156.3017  -11.6615
    0.3181   -0.7784    0.5412
   -0.4654   -0.6255   -0.6262
    0.8260   -0.0527   -0.5612
...    78 T-A ...
  -46.7641 -156.2889  -13.2353
    0.0262   -0.9969    0.0737
   -0.5619   -0.0757   -0.8237
    0.8268   -0.0198   -0.5622
...    79 A-T ...
  -44.4779 -156.0405  -15.6176
   -0.2182   -0.8400   -0.4967
   -0.4880    0.5347   -0.6899
    0.8452    0.0918   -0.5266
...    80 A-T ...
  -41.6726 -155.8310  -17.1675
   -0.4250   -0.3914   -0.8162
   -0.3072    0.9105   -0.2766
    0.8515    0.1332   -0.5072
...    81 C-G ...
  -38.7474 -155.9931  -18.8266
   -0.5198    0.1529   -0.8405
   -0.0463    0.9774    0.2064
    0.8530    0.1462   -0.5010
...    82 A-T ...
  -35.9572 -155.5506  -20.5328
   -0.5232    0.6607   -0.5382
    0.2393    0.7201    0.6513
    0.8179    0.2120   -0.5349
...    83 C-G ...
  -33.5891 -155.0911  -22.8562
   -0.3637    0.9243   -0.1157
    0.4623    0.2869    0.8390
    0.8087    0.2516   -0.5317
...    84 T-A ...
  -31.1528 -153.9728  -25.2151
   -0.1278    0.9030    0.4103
    0.5823   -0.2665    0.7680
    0.8028    0.3371   -0.4918
...    85 T-A ...
  -28.7426 -152.7081  -26.8698
    0.1324    0.5852    0.8000
    0.5861   -0.6971    0.4130
    0.7994    0.4141   -0.4353
...    86 C-G ...
  -25.9993 -151.3811  -27.8412
    0.3586    0.0647    0.9312
    0.4651   -0.8774   -0.1182
    0.8094    0.4755   -0.3447
...    87 A-T ...
  -23.5927 -149.0271  -28.6823
    0.4372   -0.4366    0.7863
    0.3381   -0.7303   -0.5936
    0.8334    0.5254   -0.1717
...    88 T-A ...
  -21.0040 -147.0765  -28.7797
    0.5139   -0.7572    0.4032
    0.1015   -0.4130   -0.9050
    0.8518    0.5060   -0.1354
...    89 G-C ...
  -18.0692 -145.3955  -28.9157
    0.4410   -0.8764   -0.1932
   -0.1908    0.1188   -0.9744
    0.8770    0.4666   -0.1148
...    90 T-A ...
  -14.9956 -144.0186  -28.7084
    0.2858   -0.6669   -0.6881
   -0.4004    0.5693   -0.7180
    0.8706    0.4807   -0.1043
...    91 T-A ...
  -12.1157 -142.6080  -28.8756
    0.0443   -0.2107   -0.9765
   -0.4963    0.8437   -0.2045
    0.8670    0.4937   -0.0672
...    92 A-T ...
   -9.3631 -140.6390  -29.0282
   -0.2645    0.3495   -0.8988
   -0.4500    0.7796    0.4355
    0.8529    0.5197   -0.0489
...    93 T-A ...
   -6.4024 -139.4582  -29.6140
   -0.4447    0.6927   -0.5678
   -0.2823    0.4933    0.8228
    0.8501    0.5262   -0.0238
...    94 A-T ...
   -3.6668 -137.5922  -29.5867
   -0.6060    0.7952   -0.0179
    0.0178    0.0360    0.9992
    0.7952    0.6052   -0.0359
...    95 A-T ...
   -1.2657 -135.5834  -29.8637
   -0.5671    0.6512    0.5043
    0.3330   -0.3788    0.8635
    0.7534    0.6576   -0.0020
...    96 C-G ...
    0.7774 -132.9348  -30.3044
   -0.3514    0.3189    0.8802
    0.5872   -0.6572    0.4725
    0.7292    0.6829    0.0437
...    97 G-C ...
    3.1991 -130.8947  -29.5582
   -0.1451   -0.1884    0.9713
    0.7369   -0.6757   -0.0210
    0.6603    0.7127    0.2369
...    98 G-C ...
    5.1403 -128.6996  -28.0478
    0.1715   -0.5903    0.7887
    0.7689   -0.4204   -0.4818
    0.6160    0.6891    0.3818
...    99 A-T ...
    6.9640 -126.3571  -26.5734
    0.5874   -0.7287    0.3521
    0.5373    0.0258   -0.8430
    0.6053    0.6843    0.4067
...   100 T-A ...
    8.6394 -124.2929  -24.5265
    0.7908   -0.6018   -0.1113
    0.1706    0.3914   -0.9043
    0.5878    0.6962    0.4122
...   101 T-A ...
   10.4818 -122.2442  -22.8121
    0.7714   -0.2501   -0.5851
   -0.3061    0.6603   -0.6858
    0.5579    0.7081    0.4328
...   102 A-T ...
   12.1350 -119.5808  -21.4590
    0.4239    0.2439   -0.8722
   -0.7391    0.6498   -0.1776
    0.5234    0.7200    0.4557
...   103 T-A ...
   14.4033 -117.6572  -20.1015
    0.0134    0.5022   -0.8646
   -0.8574    0.4507    0.2485
    0.5145    0.7380    0.4366
...   104 G-C ...
   16.2670 -115.1718  -18.9111
   -0.5569    0.5965   -0.5780
   -0.6755    0.0797    0.7331
    0.4834    0.7986    0.3585
...   105 C-G ...
   17.7388 -112.3695  -18.2351
   -0.8650    0.4847   -0.1296
   -0.2871   -0.2665    0.9201
    0.4114    0.8331    0.3697
...   106 T-A ...
   19.0124 -109.2920  -17.4014
   -0.9010    0.2095    0.3798
    0.2485   -0.4684    0.8478
    0.3555    0.8583    0.3700
...   107 T-A ...
   19.9481 -106.4303  -16.3452
   -0.6481   -0.1451    0.7476
    0.7067   -0.4803    0.5195
    0.2837    0.8650    0.4138
...   108 C-G ...
   20.5374 -103.5579  -14.8708
   -0.1728   -0.4529    0.8747
    0.9559   -0.2912    0.0380
    0.2375    0.8427    0.4832
...   109 C-G ...
   21.0712 -100.8214  -13.1355
    0.3125   -0.6278    0.7128
    0.9182    0.0073   -0.3961
    0.2435    0.7783    0.5788
...   110 G-C ...
   22.1332  -98.6180  -11.3066
    0.7046   -0.6115    0.3601
    0.6551    0.3653   -0.6613
    0.2729    0.7019    0.6580
...   111 G-C ...
   23.3169  -96.7243   -8.7665
    0.9356   -0.3417   -0.0885
    0.1795    0.6764   -0.7143
    0.3039    0.6525    0.6942
...   112 C-G ...
   24.5509  -95.0414   -6.1349
    0.8738    0.0674   -0.4816
   -0.3562    0.7629   -0.5396
    0.3310    0.6430    0.6906
...   113 T-A ...
   25.7446  -93.0725   -3.7725
    0.5535    0.4551   -0.6975
   -0.7603    0.6181   -0.2000
    0.3401    0.6410    0.6881
...   114 C-G ...
   26.8110  -90.8856   -1.5005
   -0.0032    0.7196   -0.6944
   -0.9418    0.2313    0.2440
    0.3362    0.6547    0.6770
...   115 G-C ...
   27.4214  -88.7227    0.9389
   -0.5698    0.6685   -0.4779
   -0.7740   -0.2412    0.5854
    0.2761    0.7035    0.6549
...   116 T-A ...
   28.4399  -86.0037    2.5131
   -0.9065    0.3997   -0.1362
   -0.3592   -0.5603    0.7463
    0.2220    0.7255    0.6515
...   117 A-T ...
   29.0428  -83.0770    4.2403
   -0.9737   -0.0644    0.2187
    0.2052   -0.6656    0.7175
    0.0994    0.7435    0.6613
...   118 T-A ...
   29.0023  -80.2830    5.8649
   -0.7490   -0.3924    0.5339
    0.6566   -0.5477    0.5186
    0.0889    0.7390    0.6679
...   119 A-T ...
   29.2037  -77.9546    8.1873
   -0.2887   -0.7017    0.6514
    0.9574   -0.2196    0.1877
    0.0113    0.6778    0.7352
...   120 A-T ...
   28.8820  -75.8373   10.6112
    0.2886   -0.7377    0.6103
    0.9574    0.2233   -0.1829
   -0.0013    0.6371    0.7707
...   121 T-A ...
   28.2737  -74.0606   13.3647
    0.7379   -0.5193    0.4310
    0.6748    0.5794   -0.4571
   -0.0124    0.6282    0.7780
...   122 G-C ...
   28.2132  -72.1660   16.2024
    0.9915   -0.1249    0.0354
    0.1210    0.7906   -0.6002
    0.0470    0.5994    0.7990
...   123 T-A ...
   28.4886  -70.6488   19.0971
    0.9208    0.2865   -0.2645
   -0.3869    0.7558   -0.5282
    0.0485    0.5887    0.8069
...   124 G-C ...
   28.7499  -68.7262   21.7973
    0.5254    0.6436   -0.5565
   -0.8454    0.4690   -0.2557
    0.0964    0.6048    0.7905
...   125 T-A ...
   29.5399  -66.9978   24.4114
    0.0110    0.7751   -0.6318
   -0.9952    0.0699    0.0684
    0.0972    0.6280    0.7721
...   126 C-G ...
   29.9047  -64.9728   26.8225
   -0.5719    0.6731   -0.4689
   -0.8140   -0.3952    0.4257
    0.1012    0.6251    0.7739
...   127 G-C ...
   29.7272  -63.1424   29.5401
   -0.9069    0.2800   -0.3149
   -0.4191   -0.6759    0.6062
   -0.0431    0.6818    0.7303
...   128 A-T ...
   29.7433  -60.9998   31.8438
   -0.9821   -0.1716    0.0780
    0.1801   -0.7324    0.6566
   -0.0555    0.6589    0.7502
...   129 C-G ...
   29.2182  -58.3784   33.7690
   -0.7409   -0.5626    0.3668
    0.6639   -0.5308    0.5268
   -0.1017    0.6338    0.7668
...   130 C-G ...
   28.0918  -56.3262   36.2690
   -0.2894   -0.8311    0.4749
    0.9393   -0.1513    0.3078
   -0.1840    0.5351    0.8245
...   131 A-T ...
   27.8190  -54.9522   39.2990
    0.2737   -0.8646    0.4214
    0.9435    0.3264    0.0569
   -0.1867    0.3820    0.9051
...   132 A-T ...
   27.0803  -53.9272   42.3213
    0.7577   -0.5401    0.3662
    0.6247    0.7627   -0.1676
   -0.1888    0.3558    0.9153
...   133 A-T ...
   26.2514  -53.1169   45.3978
    0.9706    0.0286    0.2390
    0.0605    0.9320   -0.3574
   -0.2330    0.3613    0.9029
...   134 T-A ...
   25.6208  -52.5913   48.6399
    0.8597    0.5097    0.0340
   -0.4497    0.7866   -0.4231
   -0.2424    0.3485    0.9054
...   135 G-C ...
   25.2757  -52.5095   52.0791
    0.3204    0.9427   -0.0928
   -0.8825    0.2614   -0.3910
   -0.3443    0.2071    0.9157
...   136 T-A ...
   25.5257  -52.9786   55.8049
   -0.2439    0.9563   -0.1610
   -0.8908   -0.2866   -0.3525
   -0.3833    0.0575    0.9218
...   137 G-C ...
   24.8933  -52.7377   58.9864
   -0.7529    0.5562   -0.3519
   -0.5215   -0.8303   -0.1966
   -0.4015    0.0355    0.9152
...   138 A-T ...
   24.0143  -51.6373   61.9241
   -0.9563    0.0401   -0.2896
   -0.0524   -0.9980    0.0347
   -0.2876    0.0484    0.9565
...   139 G-C ...
   22.3467  -51.2411   64.4939
   -0.8529   -0.5118   -0.1033
    0.4974   -0.8566    0.1373
   -0.1587    0.0657    0.9851
...   140 C-G ...
   22.1503  -50.1498   67.4638
   -0.4681   -0.8748    0.1248
    0.8495   -0.4066    0.3362
   -0.2434    0.2634    0.9335
...   141 G-C ...
   21.4256  -51.8266   72.7875
    0.1303   -0.7143   -0.6876
    0.8897   -0.2218    0.3990
   -0.4375   -0.6638    0.6066
...   142 C-G ...
   20.4245  -54.3094   74.5418
    0.5846   -0.7390   -0.3348
    0.7594    0.3532    0.5465
   -0.2856   -0.5737    0.7676
...   143 T-A ...
   18.4271  -55.5290   76.5298
    0.8548   -0.5005    0.1370
    0.3188    0.7148    0.6224
   -0.4095   -0.4884    0.7706
...   144 C-G ...
   16.8371  -57.7222   78.2673
    0.8529   -0.0846    0.5151
   -0.1508    0.9048    0.3983
   -0.4998   -0.4174    0.7589
...   145 A-T ...
   15.7829  -59.5615   80.7980
    0.5516    0.4995    0.6680
   -0.6739    0.7388    0.0039
   -0.4916   -0.4523    0.7441
...   146 C-G ...
   15.7314  -61.4940   83.9316
    0.0344    0.7399    0.6718
   -0.8637    0.3602   -0.3526
   -0.5029   -0.5681    0.6514
...   147 A-T ...
   14.7383  -63.4279   86.8191
   -0.5924    0.6746    0.4405
   -0.6886   -0.1401   -0.7114
   -0.4182   -0.7248    0.5475
