  147 base-pairs
...     1 T-A ...
    0.0000    0.0000    0.0000
    1.0000    0.0000    0.0000
    0.0000    1.0000    0.0000
    0.0000    0.0000    1.0000
...     2 G-C ...
   -0.5555   -1.1003    3.3981
    0.7749    0.6051    0.1828
   -0.5991    0.7953   -0.0929
   -0.2016   -0.0375    0.9787
...     3 T-A ...
   -0.6619   -3.0237    6.5348
    0.3046    0.9250    0.2271
   -0.8994    0.3578   -0.2510
   -0.3134   -0.1278    0.9410
...     4 G-C ...
   -1.1607   -3.8418    9.6940
   -0.3351    0.9421    0.0133
   -0.8752   -0.3061   -0.3746
   -0.3489   -0.1372    0.9271
...     5 A-T ...
   -1.3881   -3.6770   12.8999
   -0.7835    0.6162   -0.0801
   -0.5677   -0.7622   -0.3109
   -0.2527   -0.1981    0.9470
...     6 G-C ...
   -2.6236   -3.5448   15.7072
   -0.9923    0.0611   -0.1075
   -0.0294   -0.9610   -0.2748
   -0.1201   -0.2695    0.9555
...     7 C-G ...
   -2.3138   -3.7570   18.8866
   -0.8620   -0.4995   -0.0864
    0.5008   -0.8655    0.0073
   -0.0785   -0.0370    0.9962
...     8 G-C ...
   -3.9561   -6.8109   23.3205
   -0.2581   -0.3560   -0.8981
    0.6294   -0.7673    0.1233
   -0.7330   -0.5335    0.4221
...     9 C-G ...
   -6.1177   -8.9414   24.2385
    0.1143   -0.7320   -0.6716
    0.8123   -0.3203    0.4874
   -0.5720   -0.6013    0.5580
...    10 T-A ...
   -8.5041   -9.6771   26.0540
    0.4660   -0.8587   -0.2131
    0.6274    0.1508    0.7640
   -0.6239   -0.4897    0.6090
...    11 C-G ...
  -11.0625  -11.3174   27.2336
    0.6660   -0.6911    0.2808
    0.3382    0.6152    0.7121
   -0.6649   -0.3794    0.6435
...    12 A-T ...
  -13.0013  -13.1789   29.0658
    0.7188   -0.1490    0.6790
   -0.1787    0.9043    0.3876
   -0.6718   -0.4000    0.6235
...    13 C-G ...
  -14.1788  -15.9359   31.3399
    0.4052    0.2865    0.8682
   -0.5270    0.8492   -0.0343
   -0.7470   -0.4437    0.4951
...    14 A-T ...
  -15.9532  -18.1566   33.3080
   -0.1503    0.6873    0.7107
   -0.6106    0.5008   -0.6135
   -0.7776   -0.5261    0.3444
...    15 A-T ...
  -18.3939  -19.9514   34.4510
   -0.4561    0.8610    0.2250
   -0.3988    0.0282   -0.9166
   -0.7956   -0.5078    0.3305
...    16 T-A ...
  -20.7936  -21.5297   36.2489
   -0.6259    0.7237   -0.2906
   -0.0769   -0.4281   -0.9004
   -0.7761   -0.5413    0.3237
...    17 T-A ...
  -23.3450  -23.0841   37.6340
   -0.5730    0.3207   -0.7542
    0.3154   -0.7631   -0.5641
   -0.7565   -0.5611    0.3361
...    18 T-A ...
  -25.9026  -24.7249   38.7273
   -0.2669   -0.1268   -0.9554
    0.5722   -0.8185   -0.0512
   -0.7755   -0.5603    0.2910
...    19 A-T ...
  -28.4527  -26.6850   39.4849
    0.1692   -0.4861   -0.8574
    0.6026   -0.6374    0.4803
   -0.7799   -0.5979    0.1851
...    20 T-A ...
  -31.3767  -28.2412   39.6092
    0.4531   -0.7425   -0.4934
    0.4304   -0.3025    0.8505
   -0.7807   -0.5977    0.1825
...    21 T-A ...
  -34.0130  -30.1606   39.8901
    0.6161   -0.7842    0.0736
    0.0848    0.1590    0.9836
   -0.7831   -0.5998    0.1645
...    22 C-G ...
  -36.5281  -32.2082   40.3863
    0.5733   -0.5296    0.6251
   -0.3038    0.5711    0.7626
   -0.7609   -0.6271    0.1666
...    23 G-C ...
  -39.1284  -34.0102   41.5378
    0.4045   -0.0412    0.9136
   -0.6091    0.7330    0.3027
   -0.6822   -0.6789    0.2714
...    24 C-G ...
  -41.0812  -36.4973   42.3850
    0.0637    0.3847    0.9208
   -0.7301    0.6470   -0.2198
   -0.6803   -0.6584    0.3221
...    25 A-T ...
  -43.6711  -38.4144   43.1638
   -0.3335    0.7201    0.6084
   -0.6333    0.3070   -0.7104
   -0.6984   -0.6222    0.3537
...    26 A-T ...
  -45.8789  -40.4311   44.5242
   -0.6380    0.7634    0.1008
   -0.3303   -0.1531   -0.9314
   -0.6956   -0.6275    0.3498
...    27 A-T ...
  -48.0303  -42.3843   46.0035
   -0.7244    0.5237   -0.4483
    0.1129   -0.5514   -0.8266
   -0.6801   -0.6494    0.3403
...    28 G-C ...
  -50.5364  -44.1657   47.3957
   -0.5116    0.1927   -0.8373
    0.4658   -0.7567   -0.4587
   -0.7220   -0.6247    0.2973
...    29 G-C ...
  -53.3185  -45.9896   48.3298
   -0.0970   -0.2005   -0.9749
    0.6628   -0.7437    0.0870
   -0.7425   -0.6377    0.2050
...    30 C-G ...
  -56.0406  -47.7776   48.7056
    0.3274   -0.5249   -0.7857
    0.5950   -0.5314    0.6029
   -0.7340   -0.6649    0.1383
...    31 C-G ...
  -58.6814  -49.8204   48.9460
    0.6617   -0.6673   -0.3419
    0.3036   -0.1785    0.9359
   -0.6855   -0.7231    0.0845
...    32 G-C ...
  -60.5552  -52.2024   49.3847
    0.7984   -0.5796    0.1634
   -0.1008    0.1389    0.9852
   -0.5937   -0.8030    0.0525
...    33 G-C ...
  -62.0418  -55.2199   49.4570
    0.6484   -0.3607    0.6704
   -0.5497    0.3875    0.7401
   -0.5267   -0.8484    0.0530
...    34 C-G ...
  -63.3727  -58.2086   49.5620
    0.2586   -0.0563    0.9643
   -0.8307    0.4966    0.2518
   -0.4930   -0.8662    0.0817
...    35 C-G ...
  -64.7151  -61.2741   50.1929
   -0.2369    0.2559    0.9372
   -0.8510    0.4108   -0.3273
   -0.4688   -0.8751    0.1205
...    36 C-G ...
  -66.1527  -64.2294   50.8868
   -0.6524    0.4693    0.5950
   -0.5958    0.1677   -0.7855
   -0.4684   -0.8670    0.1702
...    37 G-C ...
  -67.9816  -67.1355   50.4646
   -0.8457    0.5322    0.0397
   -0.1183   -0.1144   -0.9864
   -0.5204   -0.8388    0.1597
...    38 A-T ...
  -69.4870  -69.8509   51.0184
   -0.7530    0.3729   -0.5422
    0.4111   -0.3767   -0.8301
   -0.5138   -0.8480    0.1303
...    39 C-G ...
  -71.5452  -72.2511   51.5920
   -0.4083    0.1702   -0.8969
    0.7386   -0.5158   -0.4341
   -0.5365   -0.8396    0.0849
...    40 A-T ...
  -73.4590  -74.9750   51.7615
    0.1302   -0.0586   -0.9898
    0.8350   -0.5318    0.1413
   -0.5347   -0.8448   -0.0203
...    41 C-G ...
  -75.4758  -77.4940   51.2210
    0.5693   -0.2568   -0.7810
    0.6502   -0.4407    0.6189
   -0.5031   -0.8601   -0.0839
...    42 G-C ...
  -76.7994  -80.5523   51.2154
    0.8845   -0.3736   -0.2796
    0.1916   -0.2556    0.9476
   -0.4254   -0.8917   -0.1545
...    43 A-T ...
  -78.1797  -83.3487   50.6657
    0.8362   -0.4419    0.3248
   -0.3573    0.0103    0.9339
   -0.4161   -0.8970   -0.1492
...    44 C-G ...
  -79.1558  -86.3071   49.5720
    0.5472   -0.3213    0.7729
   -0.7549    0.2093    0.6215
   -0.3615   -0.9236   -0.1280
...    45 T-A ...
  -79.7201  -89.8353   48.9751
    0.0387   -0.1272    0.9911
   -0.9399    0.3321    0.0793
   -0.3392   -0.9347   -0.1067
...    46 T-A ...
  -80.4044  -92.9889   48.5593
   -0.4505    0.0364    0.8920
   -0.8298    0.3515   -0.4334
   -0.3294   -0.9355   -0.1281
...    47 A-T ...
  -81.7204  -96.0170   47.9118
   -0.8748    0.2393    0.4213
   -0.3636    0.2505   -0.8973
   -0.3202   -0.9381   -0.1321
...    48 C-G ...
  -82.7411  -99.2042   48.1561
   -0.9332    0.3392   -0.1188
    0.1561    0.0848   -0.9841
   -0.3237   -0.9369   -0.1321
...    49 T-A ...
  -84.1201 -102.2855   48.0766
   -0.6821    0.3994   -0.6126
    0.6238   -0.1194   -0.7724
   -0.3816   -0.9090   -0.1677
...    50 G-C ...
  -85.5052 -105.2447   47.2778
   -0.1708    0.3752   -0.9111
    0.9007   -0.3154   -0.2987
   -0.3994   -0.8717   -0.2841
...    51 T-A ...
  -87.2780 -107.7556   46.3612
    0.3102    0.2364   -0.9208
    0.8722   -0.4562    0.1767
   -0.3783   -0.8579   -0.3477
...    52 A-T ...
  -88.7844 -110.1660   44.5632
    0.7730    0.1562   -0.6149
    0.5858   -0.5480    0.5971
   -0.2437   -0.8217   -0.5151
...    53 G-C ...
  -89.8273 -112.6065   42.7156
    0.9823   -0.0217   -0.1859
    0.1397   -0.5761    0.8053
   -0.1246   -0.8171   -0.5629
...    54 G-C ...
  -89.9906 -115.0174   39.9917
    0.9163   -0.2380    0.3221
   -0.4002   -0.5130    0.7594
   -0.0155   -0.8248   -0.5653
...    55 T-A ...
  -89.5418 -117.4907   37.9242
    0.5890   -0.4419    0.6765
   -0.8077   -0.3498    0.4747
    0.0268   -0.8260   -0.5630
...    56 A-T ...
  -88.7955 -120.2245   36.0204
    0.0297   -0.5120    0.8585
   -0.9960   -0.0874   -0.0177
    0.0841   -0.8545   -0.5126
...    57 T-A ...
  -87.7566 -122.9516   34.4653
   -0.4746   -0.5058    0.7203
   -0.8745    0.1780   -0.4512
    0.1000   -0.8441   -0.5268
...    58 C-G ...
  -87.2588 -125.9204   32.9383
   -0.9090   -0.3022    0.2868
   -0.4026    0.4598   -0.7915
    0.1073   -0.8350   -0.5397
...    59 T-A ...
  -87.0079 -128.9024   31.4373
   -0.9883    0.0153   -0.1519
    0.1355    0.5472   -0.8260
    0.0705   -0.8369   -0.5429
...    60 C-G ...
  -86.7621 -131.6905   29.6062
   -0.7258    0.3475   -0.5937
    0.6846    0.4499   -0.5736
    0.0678   -0.8227   -0.5644
...    61 G-C ...
  -86.0784 -134.2069   27.5627
   -0.2106    0.6111   -0.7630
    0.9740    0.1975   -0.1107
    0.0830   -0.7665   -0.6368
...    62 T-A ...
  -86.4060 -136.8443   25.5871
    0.2984    0.6567   -0.6926
    0.9457   -0.1056    0.3073
    0.1286   -0.7467   -0.6526
...    63 C-G ...
  -85.9293 -139.1103   23.4209
    0.7441    0.5625   -0.3604
    0.6435   -0.4584    0.6130
    0.1796   -0.6881   -0.7030
...    64 A-T ...
  -85.6251 -141.1041   20.6347
    0.9313    0.3488    0.1046
    0.2033   -0.7363    0.6454
    0.3021   -0.5798   -0.7567
...    65 T-A ...
  -84.5386 -142.5318   17.9551
    0.8896   -0.0046    0.4568
   -0.2595   -0.8280    0.4971
    0.3759   -0.5607   -0.7378
...    66 G-C ...
  -82.8864 -144.2606   15.4901
    0.5389   -0.4074    0.7373
   -0.6901   -0.7154    0.1091
    0.4831   -0.5676   -0.6667
...    67 T-A ...
  -80.7312 -145.7499   13.3953
    0.0932   -0.7175    0.6903
   -0.8561   -0.4117   -0.3124
    0.5083   -0.5618   -0.6527
...    68 T-A ...
  -78.8904 -147.4790   11.4220
   -0.3790   -0.8459    0.3753
   -0.7496    0.0428   -0.6605
    0.5426   -0.5317   -0.6503
...    69 A-T ...
  -77.2129 -149.1377    8.9358
   -0.7400   -0.6515   -0.1676
   -0.3468    0.5829   -0.7348
    0.5764   -0.4856   -0.6572
...    70 T-A ...
  -75.2309 -151.1598    7.3288
   -0.7902   -0.2968   -0.5363
    0.0532    0.8384   -0.5424
    0.6106   -0.4571   -0.6467
...    71 A-T ...
  -73.0263 -152.4646    5.1012
   -0.5855    0.2793   -0.7611
    0.5146    0.8535   -0.0826
    0.6265   -0.4400   -0.6434
...    72 A-T ...
  -71.1328 -153.9687    3.0367
   -0.2319    0.7062   -0.6689
    0.7275    0.5824    0.3627
    0.6457   -0.4026   -0.6488
...    73 C-G ...
  -69.5316 -155.5477    0.5160
    0.1550    0.9256   -0.3453
    0.7298    0.1283    0.6715
    0.6659   -0.3561   -0.6556
...    74 G-C ...
  -67.0007 -156.2770   -1.3667
    0.3199    0.9304    0.1791
    0.5804   -0.3418    0.7391
    0.7489   -0.1325   -0.6494
...    75 G-C ...
  -64.4314 -155.9879   -3.3850
    0.4557    0.6429    0.6157
    0.4059   -0.7656    0.4990
    0.7922    0.0225   -0.6099
...    76 A-T ...
  -61.8288 -155.5442   -5.3180
    0.5237    0.1136    0.8443
    0.1335   -0.9898    0.0504
    0.8414    0.0863   -0.5335
...    77 A-T ...
  -59.0565 -155.0364   -6.8220
    0.4709   -0.4477    0.7602
   -0.1388   -0.8885   -0.4373
    0.8712    0.1004   -0.4806
...    78 G-C ...
  -55.9139 -154.4598   -8.0589
    0.2843   -0.8714    0.3999
   -0.3564   -0.4833   -0.7997
    0.8900    0.0849   -0.4479
...    79 C-G ...
  -52.6747 -154.1760   -9.1558
    0.0145   -0.9903   -0.1379
   -0.4345    0.1180   -0.8929
    0.9006    0.0729   -0.4286
...    80 T-A ...
  -49.6416 -153.9868  -10.4118
   -0.1990   -0.7765   -0.5978
   -0.3667    0.6247   -0.6894
    0.9088    0.0820   -0.4091
...    81 C-G ...
  -46.6350 -153.6160  -11.8037
   -0.3786   -0.2557   -0.8895
   -0.1946    0.9616   -0.1937
    0.9049    0.0997   -0.4138
...    82 G-C ...
  -43.7892 -152.4067  -13.1595
   -0.4768    0.3068   -0.8237
    0.0326    0.9426    0.3322
    0.8784    0.1315   -0.4594
...    83 G-C ...
  -40.8166 -152.0709  -14.5914
   -0.4591    0.7523   -0.4725
    0.2324    0.6151    0.7534
    0.8574    0.2361   -0.4573
...    84 G-C ...
  -38.0725 -151.3569  -16.3769
   -0.3812    0.9231    0.0506
    0.4465    0.1359    0.8844
    0.8095    0.3597   -0.4639
...    85 A-T ...
  -35.5625 -150.0898  -18.0561
   -0.1197    0.8088    0.5758
    0.5939   -0.4065    0.6943
    0.7956    0.4250   -0.4317
...    86 T-A ...
  -33.3979 -148.2617  -19.7207
    0.1554    0.4713    0.8682
    0.5872   -0.7508    0.3025
    0.7944    0.4628   -0.3934
...    87 C-G ...
  -30.8846 -146.4655  -20.8499
    0.4206   -0.0678    0.9047
    0.4226   -0.8678   -0.2615
    0.8028    0.4923   -0.3363
...    88 C-G ...
  -28.2355 -144.6781  -21.6185
    0.4964   -0.5489    0.6725
    0.1880   -0.6884   -0.7006
    0.8475    0.4742   -0.2385
...    89 G-C ...
  -25.3366 -143.4861  -22.6099
    0.4335   -0.8791    0.1981
   -0.0597   -0.2474   -0.9671
    0.8992    0.4074   -0.1597
...    90 C-G ...
  -22.0972 -142.2418  -22.6396
    0.3191   -0.8618   -0.3943
   -0.2779    0.3127   -0.9083
    0.9061    0.3994   -0.1397
...    91 T-A ...
  -18.7579 -141.3585  -22.9009
    0.1176   -0.5249   -0.8430
   -0.3701    0.7646   -0.5277
    0.9215    0.3740   -0.1043
...    92 T-A ...
  -15.6208 -140.4786  -23.0777
   -0.0651    0.0435   -0.9969
   -0.3893    0.9188    0.0655
    0.9188    0.3924   -0.0429
...    93 T-A ...
  -12.5110 -139.4797  -23.2155
   -0.2565    0.5697   -0.7808
   -0.3051    0.7188    0.6247
    0.9171    0.3985   -0.0105
...    94 A-T ...
   -9.5408 -137.9960  -22.9259
   -0.4521    0.8486   -0.2746
   -0.1088    0.2530    0.9613
    0.8853    0.4645   -0.0221
...    95 A-T ...
   -6.8052 -136.4560  -23.1705
   -0.5058    0.8179    0.2744
    0.1432   -0.2341    0.9616
    0.8507    0.5257    0.0012
...    96 C-G ...
   -4.2615 -134.3904  -23.7197
   -0.4115    0.5561    0.7221
    0.3812   -0.6146    0.6906
    0.8278    0.5595    0.0409
...    97 A-T ...
   -1.6797 -132.2828  -23.4352
   -0.2502    0.0528    0.9668
    0.5850   -0.7874    0.1944
    0.7715    0.6141    0.1661
...    98 C-G ...
    0.3915 -129.8018  -22.5780
    0.0533   -0.3867    0.9206
    0.6591   -0.6790   -0.3234
    0.7501    0.6241    0.2187
...    99 T-A ...
    2.6158 -127.2986  -21.2254
    0.3855   -0.7268    0.5685
    0.5455   -0.3174   -0.7757
    0.7442    0.6092    0.2741
...   100 T-A ...
    4.8464 -125.2643  -19.9662
    0.6740   -0.7385    0.0208
    0.2242    0.1776   -0.9582
    0.7039    0.6505    0.2853
...   101 T-A ...
    7.0336 -123.2109  -18.6478
    0.7237   -0.4575   -0.5166
   -0.2148    0.5620   -0.7987
    0.6558    0.6890    0.3085
...   102 A-T ...
    9.0266 -120.5556  -17.7367
    0.4473    0.0599   -0.8924
   -0.6570    0.6990   -0.2824
    0.6068    0.7126    0.3520
...   103 T-A ...
   11.5096 -118.7267  -16.6316
    0.0713    0.3710   -0.9259
   -0.7992    0.5766    0.1695
    0.5968    0.7279    0.3376
...   104 G-C ...
   13.6428 -116.3317  -15.7595
   -0.4844    0.5714   -0.6625
   -0.6619    0.2559    0.7046
    0.5721    0.7798    0.2542
...   105 C-G ...
   15.4270 -113.6546  -15.4328
   -0.8043    0.5571   -0.2069
   -0.3179   -0.1092    0.9418
    0.5021    0.8232    0.2649
...   106 T-A ...
   17.0801 -110.6836  -14.9696
   -0.8754    0.3506    0.3328
    0.1894   -0.3847    0.9034
    0.4448    0.8539    0.2704
...   107 T-A ...
   18.3123 -107.8354  -14.2383
   -0.6689    0.0125    0.7433
    0.6457   -0.4857    0.5892
    0.3684    0.8740    0.3168
...   108 C-G ...
   19.1780 -104.8947  -13.0825
   -0.2352   -0.3347    0.9125
    0.9197   -0.3802    0.0976
    0.3142    0.8622    0.3973
...   109 C-G ...
   19.9539 -102.0608  -11.6154
    0.2328   -0.5776    0.7824
    0.9220   -0.1249   -0.3665
    0.3094    0.8067    0.5035
...   110 G-C ...
   21.2091  -99.8206   -9.9482
    0.6330   -0.6378    0.4388
    0.7028    0.2358   -0.6712
    0.3246    0.7332    0.5975
...   111 G-C ...
   22.5308  -97.8247   -7.5515
    0.9012   -0.4328   -0.0249
    0.2616    0.5887   -0.7648
    0.3457    0.6827    0.6437
...   112 C-G ...
   23.8593  -96.0312   -5.0386
    0.8887   -0.0524   -0.4554
   -0.2706    0.7421   -0.6133
    0.3701    0.6683    0.6453
...   113 T-A ...
   25.1460  -93.9625   -2.8139
    0.6098    0.3529   -0.7097
   -0.6988    0.6618   -0.2714
    0.3739    0.6615    0.6501
...   114 C-G ...
   26.2986  -91.7065   -0.6403
    0.0715    0.6702   -0.7387
   -0.9283    0.3156    0.1965
    0.3649    0.6717    0.6447
...   115 G-C ...
   26.9930  -89.4589    1.7018
   -0.5079    0.6768   -0.5328
   -0.8058   -0.1547    0.5717
    0.3045    0.7197    0.6240
...   116 T-A ...
   28.1584  -86.7145    3.1536
   -0.8748    0.4480   -0.1845
   -0.4153   -0.4970    0.7620
    0.2496    0.7432    0.6208
...   117 A-T ...
   28.8979  -83.7572    4.7724
   -0.9812    0.0026    0.1928
    0.1462   -0.6418    0.7528
    0.1257    0.7669    0.6294
...   118 T-A ...
   28.9705  -80.8938    6.2740
   -0.7834   -0.3274    0.5284
    0.6114   -0.5591    0.5600
    0.1121    0.7617    0.6382
...   119 A-T ...
   29.2275  -78.4861    8.5086
   -0.3428   -0.6603    0.6682
    0.9390   -0.2609    0.2238
    0.0265    0.7042    0.7095
...   120 A-T ...
   28.9580  -76.2685   10.8482
    0.2347   -0.7313    0.6404
    0.9720    0.1703   -0.1617
    0.0092    0.6605    0.7508
...   121 T-A ...
   28.3670  -74.3817   13.5305
    0.7007   -0.5403    0.4660
    0.7135    0.5337   -0.4540
   -0.0034    0.6505    0.7595
...   122 G-C ...
   28.3225  -72.4014   16.3087
    0.9843   -0.1641    0.0646
    0.1687    0.7693   -0.6162
    0.0514    0.6174    0.7849
...   123 T-A ...
   28.5825  -70.8260   19.1804
    0.9366    0.2480   -0.2474
   -0.3468    0.7565   -0.5544
    0.0497    0.6051    0.7946
...   124 G-C ...
   28.8215  -68.8506   21.8515
    0.5551    0.6200   -0.5545
   -0.8264    0.4868   -0.2830
    0.0944    0.6154    0.7826
...   125 T-A ...
   29.5936  -67.1023   24.4606
    0.0429    0.7656   -0.6419
   -0.9945    0.0939    0.0455
    0.0951    0.6365    0.7654
...   126 C-G ...
   29.9516  -65.0585   26.8625
   -0.5484    0.6787   -0.4884
   -0.8305   -0.3738    0.4130
    0.0978    0.6321    0.7687
...   127 G-C ...
   29.7416  -63.2190   29.5833
   -0.8984    0.2915   -0.3284
   -0.4370   -0.6665    0.6040
   -0.0429    0.6862    0.7262
...   128 A-T ...
   29.7607  -61.0662   31.8804
   -0.9850   -0.1586    0.0674
    0.1631   -0.7317    0.6618
   -0.0557    0.6629    0.7466
...   129 C-G ...
   29.2414  -58.4346   33.7936
   -0.7507   -0.5529    0.3616
    0.6527   -0.5363    0.5351
   -0.1019    0.6377    0.7635
...   130 C-G ...
   28.1196  -56.3625   36.2799
   -0.3003   -0.8270    0.4753
    0.9357   -0.1586    0.3152
   -0.1853    0.5394    0.8214
...   131 A-T ...
   27.8377  -54.9796   39.3109
    0.2667   -0.8649    0.4251
    0.9449    0.3215    0.0612
   -0.1896    0.3854    0.9031
...   132 A-T ...
   27.0933  -53.9405   42.3270
    0.7548   -0.5420    0.3696
    0.6276    0.7605   -0.1666
   -0.1908    0.3577    0.9141
...   133 A-T ...
   26.2580  -53.1221   45.4004
    0.9702    0.0268    0.2409
    0.0631    0.9317   -0.3577
   -0.2340    0.3622    0.9022
...   134 T-A ...
   25.6208  -52.5913   48.6399
    0.8597    0.5097    0.0340
   -0.4497    0.7866   -0.4231
   -0.2424    0.3485    0.9054
...   135 G-C ...
   25.2756  -52.5096   52.0791
    0.3204    0.9427   -0.0928
   -0.8825    0.2614   -0.3910
   -0.3443    0.2071    0.9157
...   136 T-A ...
   25.5257  -52.9787   55.8049
   -0.2439    0.9563   -0.1610
   -0.8908   -0.2866   -0.3525
   -0.3833    0.0575    0.9218
...   137 G-C ...
   24.8932  -52.7377   58.9864
   -0.7529    0.5562   -0.3519
   -0.5215   -0.8303   -0.1966
   -0.4015    0.0355    0.9152
...   138 A-T ...
   24.0142  -51.6374   61.9242
   -0.9563    0.0401   -0.2896
   -0.0524   -0.9980    0.0347
   -0.2876    0.0484    0.9565
...   139 G-C ...
   22.3466  -51.2411   64.4939
   -0.8529   -0.5118   -0.1033
    0.4974   -0.8566    0.1373
   -0.1587    0.0657    0.9851
...   140 C-G ...
   22.1502  -50.1498   67.4638
   -0.4681   -0.8748    0.1248
    0.8495   -0.4066    0.3362
   -0.2434    0.2634    0.9335
...   141 G-C ...
   21.4255  -51.8266   72.7875
    0.1303   -0.7143   -0.6876
    0.8897   -0.2218    0.3990
   -0.4375   -0.6638    0.6066
...   142 C-G ...
   20.4244  -54.3095   74.5418
    0.5846   -0.7390   -0.3348
    0.7594    0.3532    0.5465
   -0.2856   -0.5737    0.7676
...   143 T-A ...
   18.4270  -55.5290   76.5298
    0.8548   -0.5005    0.1370
    0.3188    0.7148    0.6224
   -0.4095   -0.4884    0.7706
...   144 C-G ...
   16.8370  -57.7222   78.2673
    0.8529   -0.0846    0.5151
   -0.1508    0.9048    0.3983
   -0.4998   -0.4174    0.7589
...   145 A-T ...
   15.7828  -59.5615   80.7980
    0.5516    0.4995    0.6680
   -0.6739    0.7388    0.0039
   -0.4916   -0.4523    0.7441
...   146 C-G ...
   15.7313  -61.4940   83.9316
    0.0344    0.7399    0.6718
   -0.8637    0.3602   -0.3526
   -0.5029   -0.5681    0.6514
...   147 A-T ...
   14.7382  -63.4279   86.8192
   -0.5924    0.6746    0.4405
   -0.6886   -0.1401   -0.7114
   -0.4182   -0.7248    0.5475
