  147 base-pairs
...     1 T-A ...
    0.0000    0.0000    0.0000
    1.0000    0.0000    0.0000
    0.0000    1.0000    0.0000
    0.0000    0.0000    1.0000
...     2 G-C ...
   -0.5555   -1.1003    3.3981
    0.7749    0.6051    0.1828
   -0.5991    0.7953   -0.0929
   -0.2016   -0.0375    0.9787
...     3 T-A ...
   -0.6619   -3.0237    6.5348
    0.3046    0.9250    0.2271
   -0.8994    0.3578   -0.2510
   -0.3134   -0.1278    0.9410
...     4 G-C ...
   -1.1607   -3.8418    9.6940
   -0.3351    0.9421    0.0133
   -0.8752   -0.3061   -0.3746
   -0.3489   -0.1372    0.9271
...     5 A-T ...
   -1.3881   -3.6770   12.8999
   -0.7835    0.6162   -0.0801
   -0.5677   -0.7622   -0.3109
   -0.2527   -0.1981    0.9470
...     6 G-C ...
   -2.6236   -3.5448   15.7072
   -0.9923    0.0611   -0.1075
   -0.0294   -0.9610   -0.2748
   -0.1201   -0.2695    0.9555
...     7 C-G ...
   -2.3138   -3.7570   18.8866
   -0.8620   -0.4995   -0.0864
    0.5008   -0.8655    0.0073
   -0.0785   -0.0370    0.9962
...     8 G-C ...
   -3.9561   -6.8109   23.3205
   -0.2581   -0.3560   -0.8981
    0.6294   -0.7673    0.1233
   -0.7330   -0.5335    0.4221
...     9 C-G ...
   -6.1177   -8.9414   24.2385
    0.1143   -0.7320   -0.6716
    0.8123   -0.3203    0.4874
   -0.5720   -0.6013    0.5580
...    10 T-A ...
   -8.5041   -9.6771   26.0540
    0.4660   -0.8587   -0.2131
    0.6274    0.1508    0.7640
   -0.6239   -0.4897    0.6090
...    11 C-G ...
  -11.0625  -11.3174   27.2336
    0.6660   -0.6911    0.2808
    0.3382    0.6152    0.7121
   -0.6649   -0.3794    0.6435
...    12 A-T ...
  -13.0013  -13.1789   29.0658
    0.7188   -0.1490    0.6790
   -0.1787    0.9043    0.3876
   -0.6718   -0.4000    0.6235
...    13 C-G ...
  -14.1788  -15.9359   31.3399
    0.4052    0.2865    0.8682
   -0.5270    0.8492   -0.0343
   -0.7470   -0.4437    0.4951
...    14 A-T ...
  -15.9532  -18.1566   33.3080
   -0.1503    0.6873    0.7107
   -0.6106    0.5008   -0.6135
   -0.7776   -0.5261    0.3444
...    15 A-T ...
  -18.3224  -19.9404   34.6334
   -0.4750    0.8467    0.2395
   -0.4048    0.0314   -0.9139
   -0.7813   -0.5311    0.3278
...    16 T-A ...
  -20.6702  -21.5052   36.3204
   -0.6047    0.7547   -0.2545
   -0.1065   -0.3934   -0.9132
   -0.7893   -0.5251    0.3183
...    17 T-A ...
  -23.2473  -23.0389   37.5400
   -0.5391    0.4211   -0.7294
    0.2519   -0.7457   -0.6168
   -0.8037   -0.5163    0.2960
...    18 T-A ...
  -25.9589  -24.4796   38.5572
   -0.2802   -0.0459   -0.9588
    0.5048   -0.8566   -0.1065
   -0.8165   -0.5139    0.2632
...    19 A-T ...
  -28.8420  -26.0432   39.1510
    0.1496   -0.4385   -0.8862
    0.5394   -0.7150    0.4448
   -0.8287   -0.5445    0.1296
...    20 T-A ...
  -31.8266  -27.4053   39.0832
    0.4132   -0.7268   -0.5487
    0.3833   -0.4078    0.8287
   -0.8261   -0.5527    0.1100
...    21 T-A ...
  -34.5679  -29.1372   39.1459
    0.5613   -0.8275    0.0113
    0.0730    0.0631    0.9953
   -0.8244   -0.5579    0.0958
...    22 C-G ...
  -37.1718  -31.1116   39.3559
    0.5169   -0.6219    0.5883
   -0.2900    0.5194    0.8038
   -0.8054   -0.5861    0.0882
...    23 G-C ...
  -39.9137  -32.8986   40.0405
    0.3283   -0.1756    0.9281
   -0.5652    0.7507    0.3420
   -0.7568   -0.6368    0.1472
...    24 C-G ...
  -42.1332  -35.3153   40.5553
   -0.0147    0.2816    0.9594
   -0.6613    0.7169   -0.2205
   -0.7499   -0.6377    0.1757
...    25 A-T ...
  -44.7938  -37.2409   41.0427
   -0.3400    0.6860    0.6432
   -0.5441    0.4144   -0.7295
   -0.7670   -0.5981    0.2324
...    26 A-T ...
  -47.1544  -39.2432   42.0402
   -0.6021    0.7901    0.1151
   -0.2404   -0.0418   -0.9698
   -0.7614   -0.6116    0.2151
...    27 A-T ...
  -49.6107  -41.1416   42.9922
   -0.6322    0.6272   -0.4549
    0.1536   -0.4740   -0.8670
   -0.7595   -0.6180    0.2033
...    28 G-C ...
  -52.2674  -42.9266   43.8241
   -0.3977    0.3377   -0.8531
    0.4627   -0.7291   -0.5042
   -0.7923   -0.5953    0.1337
...    29 G-C ...
  -55.1690  -44.6032   44.2409
   -0.0042   -0.0379   -0.9993
    0.5888   -0.8078    0.0281
   -0.8083   -0.5882    0.0257
...    30 C-G ...
  -58.0677  -46.1692   44.0767
    0.3651   -0.4240   -0.8288
    0.4855   -0.6729    0.5581
   -0.7944   -0.6061   -0.0399
...    31 C-G ...
  -60.7728  -48.0999   43.4882
    0.6473   -0.6503   -0.3977
    0.1873   -0.3701    0.9099
   -0.7389   -0.6635   -0.1178
...    32 G-C ...
  -63.0112  -50.5760   43.3015
    0.7282   -0.6607    0.1822
   -0.2429   -0.0002    0.9700
   -0.6409   -0.7506   -0.1607
...    33 G-C ...
  -64.8315  -53.3111   42.5247
    0.5290   -0.4959    0.6886
   -0.6269    0.3186    0.7110
   -0.5720   -0.8078   -0.1424
...    34 C-G ...
  -66.3278  -56.2181   41.9487
    0.1155   -0.2162    0.9695
   -0.8297    0.5156    0.2138
   -0.5461   -0.8291   -0.1198
...    35 C-G ...
  -67.9327  -59.1809   41.7619
   -0.3312    0.1479    0.9319
   -0.7736    0.5229   -0.3579
   -0.5403   -0.8394   -0.0588
...    36 C-G ...
  -69.6372  -62.0946   41.8494
   -0.6730    0.4562    0.5822
   -0.4728    0.3399   -0.8130
   -0.5688   -0.8224   -0.0131
...    37 G-C ...
  -71.6922  -64.7004   41.3929
   -0.7738    0.6331    0.0198
   -0.0104    0.0185   -0.9998
   -0.6333   -0.7739   -0.0077
...    38 A-T ...
  -73.7436  -67.2597   41.4710
   -0.6132    0.5446   -0.5721
    0.4557   -0.3476   -0.8194
   -0.6452   -0.7632   -0.0351
...    39 C-G ...
  -76.2338  -69.4224   41.7205
   -0.2622    0.3126   -0.9130
    0.7109   -0.5772   -0.4018
   -0.6526   -0.7544   -0.0708
...    40 A-T ...
  -78.3700  -71.9701   41.3931
    0.2614    0.0378   -0.9645
    0.7234   -0.6692    0.1698
   -0.6390   -0.7422   -0.2022
...    41 C-G ...
  -80.8072  -73.9424   40.4176
    0.6307   -0.2685   -0.7281
    0.4789   -0.6036    0.6374
   -0.6106   -0.7507   -0.2521
...    42 G-C ...
  -82.5644  -76.6674   39.6098
    0.8738   -0.4318   -0.2237
    0.0337   -0.4051    0.9136
   -0.4852   -0.8059   -0.3394
...    43 A-T ...
  -83.9961  -79.3282   38.3725
    0.7569   -0.5431    0.3637
   -0.4930   -0.1090    0.8632
   -0.4291   -0.8326   -0.3502
...    44 C-G ...
  -84.8789  -82.0892   36.7848
    0.4036   -0.4950    0.7695
   -0.8275    0.1614    0.5378
   -0.3904   -0.8538   -0.3444
...    45 T-A ...
  -85.7875  -85.0703   35.6657
   -0.0798   -0.2987    0.9510
   -0.9333    0.3574    0.0340
   -0.3501   -0.8849   -0.3073
...    46 T-A ...
  -86.6142  -88.0687   34.6949
   -0.6190   -0.0742    0.7819
   -0.7156    0.4636   -0.5225
   -0.3237   -0.8829   -0.3401
...    47 A-T ...
  -87.8826  -90.7779   33.0935
   -0.9528    0.1884    0.2382
   -0.1409    0.4205   -0.8963
   -0.2690   -0.8875   -0.3741
...    48 C-G ...
  -88.8644  -93.9020   32.4401
   -0.8819    0.3872   -0.2688
    0.3855    0.2644   -0.8840
   -0.2712   -0.8833   -0.3824
...    49 T-A ...
  -90.0267  -96.8227   31.3636
   -0.5310    0.5123   -0.6749
    0.7960    0.0286   -0.6046
   -0.2905   -0.8583   -0.4230
...    50 G-C ...
  -90.9395  -99.6122   29.7876
    0.0352    0.5406   -0.8406
    0.9574   -0.2595   -0.1268
   -0.2866   -0.8003   -0.5267
...    51 T-A ...
  -92.4198 -101.9244   27.9743
    0.5357    0.3781   -0.7550
    0.8065   -0.4940    0.3249
   -0.2501   -0.7829   -0.5696
...    52 A-T ...
  -93.3080 -104.2208   25.7180
    0.9105    0.2016   -0.3611
    0.4003   -0.6488    0.6472
   -0.1039   -0.7338   -0.6714
...    53 G-C ...
  -93.5607 -106.3669   23.2363
    0.9929   -0.0789    0.0893
   -0.1191   -0.6823    0.7213
    0.0041   -0.7268   -0.6868
...    54 G-C ...
  -93.0653 -108.5775   20.7427
    0.7746   -0.3461    0.5294
   -0.6195   -0.5840    0.5246
    0.1276   -0.7343   -0.6668
...    55 T-A ...
  -92.0666 -110.6797   18.4182
    0.3388   -0.5723    0.7468
   -0.9256   -0.3450    0.1556
    0.1686   -0.7439   -0.6467
...    56 A-T ...
  -91.7327 -113.2577   16.3103
   -0.2952   -0.6647    0.6863
   -0.9341    0.0498   -0.3535
    0.2008   -0.7455   -0.6356
...    57 T-A ...
  -90.4780 -115.8107   14.6099
   -0.7252   -0.5675    0.3899
   -0.6509    0.3805   -0.6569
    0.2244   -0.7302   -0.6453
...    58 C-G ...
  -89.7263 -118.3056   12.5964
   -0.9675   -0.2379   -0.0859
   -0.0905    0.6426   -0.7609
    0.2362   -0.7283   -0.6432
...    59 T-A ...
  -89.0803 -120.9353   10.6666
   -0.8732    0.1573   -0.4612
    0.4357    0.6759   -0.5944
    0.2182   -0.7200   -0.6588
...    60 C-G ...
  -88.3801 -123.3818    8.5834
   -0.4545    0.5418   -0.7070
    0.8609    0.4710   -0.1925
    0.2287   -0.6961   -0.6805
...    61 G-C ...
  -87.2380 -125.6015    6.3669
    0.0531    0.8013   -0.5959
    0.9632    0.1164    0.2423
    0.2635   -0.5868   -0.7656
...    62 A-T ...
  -86.4706 -127.5170    3.8600
    0.5666    0.7699   -0.2936
    0.7619   -0.3540    0.5424
    0.3137   -0.5310   -0.7872
...    63 G-C ...
  -85.5416 -128.9631    1.0630
    0.8301    0.5464    0.1116
    0.3786   -0.6992    0.6064
    0.4094   -0.4611   -0.7873
...    64 C-G ...
  -84.1374 -129.9490   -1.7259
    0.8678    0.1358    0.4780
   -0.0973   -0.8968    0.4315
    0.4873   -0.4210   -0.7651
...    65 T-A ...
  -82.2476 -130.9537   -4.2172
    0.6501   -0.3014    0.6975
   -0.4904   -0.8676    0.0822
    0.5804   -0.3955   -0.7118
...    66 C-G ...
  -80.1214 -132.2443   -6.3226
    0.2300   -0.7324    0.6409
   -0.7433   -0.5572   -0.3701
    0.6282   -0.3913   -0.6726
...    67 G-C ...
  -78.2803 -133.9800   -8.5077
   -0.2654   -0.8927    0.3642
   -0.6886   -0.0890   -0.7197
    0.6749   -0.4418   -0.5911
...    68 G-C ...
  -75.8979 -135.6849  -10.1926
   -0.6226   -0.7791   -0.0730
   -0.4036    0.3996   -0.8231
    0.6705   -0.4830   -0.5632
...    69 G-C ...
  -73.6027 -137.4950  -11.8883
   -0.7625   -0.4115   -0.4994
    0.0141    0.7610   -0.6486
    0.6469   -0.5015   -0.5745
...    70 T-A ...
  -71.5727 -139.6558  -13.4562
   -0.6385    0.0532   -0.7678
    0.4018    0.8739   -0.2736
    0.6564   -0.4832   -0.5794
...    71 C-G ...
  -69.4094 -141.3418  -15.2774
   -0.2941    0.5711   -0.7663
    0.6810    0.6878    0.2513
    0.6706   -0.4480   -0.5913
...    72 A-T ...
  -67.0534 -142.7593  -17.1572
    0.0500    0.9075   -0.4170
    0.7240    0.2546    0.6410
    0.6879   -0.3340   -0.6443
...    73 T-A ...
  -65.2909 -143.7884  -19.7028
    0.3697    0.9289   -0.0211
    0.6025   -0.2223    0.7665
    0.7073   -0.2961   -0.6419
...    74 G-C ...
  -62.7996 -144.4476  -21.8445
    0.4962    0.7114    0.4977
    0.3412   -0.6869    0.6416
    0.7984   -0.1485   -0.5836
...    75 T-A ...
  -60.3047 -144.2878  -23.9217
    0.5387    0.2792    0.7949
    0.0665   -0.9546    0.2902
    0.8399   -0.1034   -0.5328
...    76 T-A ...
  -57.5320 -144.3358  -25.5668
    0.4492   -0.2853    0.8467
   -0.2094   -0.9549   -0.2107
    0.8686   -0.0826   -0.4886
...    77 A-T ...
  -54.5295 -144.6560  -26.9538
    0.1864   -0.7720    0.6077
   -0.3686   -0.6283   -0.6851
    0.9107   -0.0963   -0.4017
...    78 T-A ...
  -51.3003 -144.6606  -27.6563
   -0.0081   -0.9857    0.1680
   -0.3983   -0.1510   -0.9048
    0.9172   -0.0743   -0.3914
...    79 A-T ...
  -48.4185 -144.7128  -29.4427
   -0.1831   -0.8531   -0.4886
   -0.3070    0.5218   -0.7959
    0.9339    0.0042   -0.3574
...    80 A-T ...
  -45.2773 -144.8952  -30.3248
   -0.2641   -0.3896   -0.8823
   -0.1697    0.9193   -0.3551
    0.9494    0.0560   -0.3089
...    81 C-G ...
  -42.0995 -145.2985  -31.2567
   -0.3160    0.1504   -0.9368
   -0.0234    0.9858    0.1662
    0.9485    0.0744   -0.3080
...    82 G-C ...
  -38.8994 -144.6616  -31.9576
   -0.3822    0.6551   -0.6517
    0.1177    0.7341    0.6688
    0.9165    0.1789   -0.3577
...    83 G-C ...
  -35.8713 -144.2572  -33.3690
   -0.3667    0.9163   -0.1610
    0.2856    0.2756    0.9179
    0.8854    0.2906   -0.3627
...    84 A-T ...
  -33.0444 -143.3032  -34.6220
   -0.2203    0.8851    0.4099
    0.4410   -0.2844    0.8513
    0.8701    0.3683   -0.3276
...    85 A-T ...
  -30.3909 -141.8841  -35.7575
   -0.0120    0.5663    0.8241
    0.5081   -0.7064    0.4928
    0.8612    0.4247   -0.2792
...    86 T-A ...
  -27.9855 -139.9315  -36.7531
    0.1963    0.1341    0.9713
    0.4679   -0.8834    0.0274
    0.8617    0.4491   -0.2362
...    87 C-G ...
  -25.1920 -138.3482  -37.2096
    0.3764   -0.4123    0.8297
    0.3221   -0.7814   -0.5345
    0.8687    0.4684   -0.1614
...    88 C-G ...
  -22.2236 -136.7469  -37.1604
    0.4255   -0.7972    0.4283
    0.1368   -0.4112   -0.9012
    0.8945    0.4421   -0.0659
...    89 G-C ...
  -19.1110 -135.6484  -37.6221
    0.3760   -0.9154   -0.1439
   -0.0518    0.1343   -0.9896
    0.9252    0.3795    0.0031
...    90 C-G ...
  -15.9632 -134.6249  -37.2686
    0.2793   -0.6937   -0.6639
   -0.2322    0.6221   -0.7477
    0.9317    0.3630    0.0127
...    91 T-A ...
  -12.7727 -133.7146  -37.0930
    0.1021   -0.2615   -0.9598
   -0.3423    0.8967   -0.2807
    0.9340    0.3572    0.0021
...    92 T-A ...
   -9.6348 -132.8401  -36.9584
   -0.0752    0.3175   -0.9453
   -0.3678    0.8723    0.3223
    0.9268    0.3719    0.0512
...    93 T-A ...
   -6.5359 -131.8699  -36.8748
   -0.2665    0.7585   -0.5946
   -0.2876    0.5262    0.8002
    0.9199    0.3843    0.0779
...    94 A-T ...
   -3.5116 -130.5099  -36.7025
   -0.4881    0.8710   -0.0558
   -0.0909    0.0128    0.9958
    0.8680    0.4911    0.0729
...    95 A-T ...
   -0.7801 -128.7981  -36.6653
   -0.5073    0.7067    0.4931
    0.1927   -0.4646    0.8643
    0.8399    0.5335    0.0995
...    96 C-G ...
    1.6399 -126.6182  -36.7247
   -0.4005    0.3367    0.8522
    0.4392   -0.7457    0.5010
    0.8042    0.5749    0.1508
...    97 A-T ...
    4.1767 -124.5610  -35.9957
   -0.2244   -0.2044    0.9528
    0.6382   -0.7697   -0.0148
    0.7364    0.6048    0.3032
...    98 C-G ...
    6.0590 -122.1842  -34.7216
    0.0996   -0.5962    0.7966
    0.6929   -0.5330   -0.4855
    0.7141    0.6004    0.3600
...    99 T-A ...
    8.1606 -120.1891  -33.1323
    0.4081   -0.8173    0.4069
    0.5838   -0.1090   -0.8045
    0.7019    0.5659    0.4326
...   100 T-A ...
   10.2439 -118.3630  -31.4222
    0.6950   -0.7106   -0.1097
    0.2530    0.3844   -0.8878
    0.6731    0.5892    0.4469
...   101 T-A ...
   12.3313 -116.5959  -29.6430
    0.7496   -0.3253   -0.5765
   -0.1987    0.7202   -0.6647
    0.6314    0.6128    0.4752
...   102 A-T ...
   14.0887 -114.1003  -28.1777
    0.4857    0.2502   -0.8376
   -0.6524    0.7415   -0.1568
    0.5818    0.6226    0.5233
...   103 T-A ...
   16.4694 -112.5409  -26.4925
    0.0951    0.6022   -0.7927
   -0.8188    0.5002    0.2817
    0.5661    0.6223    0.5407
...   104 G-C ...
   18.1544 -110.3293  -24.6766
   -0.4363    0.7098   -0.5529
   -0.7353    0.0729    0.6738
    0.5186    0.7006    0.4901
...   105 C-G ...
   20.0993 -107.9892  -23.4163
   -0.7951    0.5897   -0.1418
   -0.3935   -0.3236    0.8605
    0.4615    0.7400    0.4893
...   106 T-A ...
   21.4958 -105.3160  -22.0970
   -0.9261    0.2684    0.2651
    0.0712   -0.5658    0.8215
    0.3705    0.7796    0.5049
...   107 T-A ...
   22.5333 -102.6441  -20.6174
   -0.7555   -0.1252    0.6431
    0.5697   -0.6102    0.5506
    0.3235    0.7823    0.5323
...   108 C-G ...
   23.3364 -100.0832  -18.7857
   -0.3184   -0.4981    0.8066
    0.9086   -0.4031    0.1097
    0.2704    0.7678    0.5809
...   109 C-G ...
   23.7826  -97.6069  -16.5351
    0.1869   -0.7044    0.6847
    0.9543   -0.0353   -0.2968
    0.2333    0.7089    0.6656
...   110 G-C ...
   24.9250  -95.4711  -14.2385
    0.6589   -0.6699    0.3422
    0.7124    0.4099   -0.5696
    0.2413    0.6191    0.7473
...   111 G-C ...
   25.7015  -93.7270  -11.4474
    0.9254   -0.3735   -0.0643
    0.2521    0.7332   -0.6315
    0.2831    0.5682    0.7727
...   112 C-G ...
   26.6962  -92.1978   -8.6647
    0.9061    0.0809   -0.4152
   -0.2942    0.8258   -0.4812
    0.3039    0.5582    0.7721
...   113 T-A ...
   27.9303  -90.5846   -6.0370
    0.6020    0.4922   -0.6288
   -0.7287    0.6606   -0.1807
    0.3264    0.5670    0.7563
...   114 C-G ...
   29.0735  -88.7825   -3.5361
    0.0489    0.7783   -0.6260
   -0.9476    0.2343    0.2173
    0.3157    0.5825    0.7490
...   115 G-C ...
   29.7014  -86.8413   -0.8878
   -0.5171    0.7068   -0.4827
   -0.8183   -0.2429    0.5209
    0.2509    0.6644    0.7040
...   116 T-A ...
   30.8670  -84.3899    0.9868
   -0.8750    0.4503   -0.1776
   -0.4372   -0.5778    0.6892
    0.2078    0.6807    0.7025
...   117 A-T ...
   31.3803  -81.9455    3.1823
   -0.9904   -0.0311    0.1344
    0.1163   -0.7126    0.6919
    0.0742    0.7009    0.7094
...   118 T-A ...
   31.3133  -79.2527    5.0388
   -0.8060   -0.3998    0.4365
    0.5902   -0.6001    0.5400
    0.0460    0.6928    0.7196
...   119 A-T ...
   31.0440  -76.9653    7.4470
   -0.3608   -0.7515    0.5523
    0.9313   -0.2579    0.2574
   -0.0510    0.6072    0.7929
...   120 A-T ...
   30.5712  -75.0597   10.0215
    0.2191   -0.7799    0.5863
    0.9735    0.2155   -0.0772
   -0.0661    0.5876    0.8064
...   121 T-A ...
   29.7363  -73.4681   12.7770
    0.6770   -0.5704    0.4652
    0.7325    0.5837   -0.3504
   -0.0717    0.5779    0.8129
...   122 G-C ...
   29.7835  -71.5482   15.4853
    0.9758   -0.1838    0.1182
    0.2185    0.8286   -0.5155
   -0.0032    0.5289    0.8487
...   123 T-A ...
   29.8121  -70.3653   18.5924
    0.9463    0.2697   -0.1781
   -0.3230    0.8073   -0.4939
    0.0106    0.5249    0.8511
...   124 G-C ...
   29.8233  -68.3745   21.2440
    0.5865    0.6498   -0.4835
   -0.8073    0.5174   -0.2839
    0.0656    0.5568    0.8280
...   125 T-A ...
   30.6156  -66.7507   24.0379
    0.0773    0.8163   -0.5724
   -0.9951    0.0984    0.0060
    0.0612    0.5692    0.8199
...   126 C-G ...
   30.9105  -64.8582   26.7007
   -0.5223    0.7040   -0.4812
   -0.8517   -0.4025    0.3355
    0.0425    0.5851    0.8098
...   127 G-C ...
   30.7277  -63.1018   29.5321
   -0.9031    0.2941   -0.3131
   -0.4246   -0.7212    0.5473
   -0.0648    0.6272    0.7762
...   128 A-T ...
   30.5227  -60.9754   31.9969
   -0.9781   -0.2073    0.0175
    0.1722   -0.7592    0.6277
   -0.1169    0.6169    0.7783
...   129 C-G ...
   29.7994  -58.5814   34.1319
   -0.7463   -0.5957    0.2969
    0.6459   -0.5404    0.5392
   -0.1607    0.5942    0.7881
...   130 C-G ...
   28.8105  -56.5768   36.6614
   -0.2738   -0.8515    0.4472
    0.9362   -0.1293    0.3269
   -0.2205    0.5082    0.8325
...   131 A-T ...
   28.0447  -55.0366   39.5195
    0.3101   -0.8403    0.4447
    0.9221    0.3798    0.0747
   -0.2316    0.3869    0.8926
...   132 A-T ...
   27.0858  -54.0107   42.4394
    0.7749   -0.4895    0.4000
    0.5879    0.7905   -0.1715
   -0.2323    0.3681    0.9003
...   133 A-T ...
   26.2550  -53.1110   45.4448
    0.9703    0.0420    0.2381
    0.0470    0.9332   -0.3562
   -0.2372    0.3568    0.9036
...   134 T-A ...
   25.6208  -52.5913   48.6400
    0.8597    0.5097    0.0340
   -0.4497    0.7866   -0.4231
   -0.2424    0.3485    0.9054
...   135 G-C ...
   25.2757  -52.5096   52.0791
    0.3204    0.9427   -0.0928
   -0.8825    0.2614   -0.3910
   -0.3443    0.2071    0.9157
...   136 T-A ...
   25.5257  -52.9786   55.8049
   -0.2439    0.9563   -0.1610
   -0.8908   -0.2866   -0.3525
   -0.3833    0.0575    0.9218
...   137 G-C ...
   24.8933  -52.7377   58.9865
   -0.7529    0.5562   -0.3519
   -0.5215   -0.8303   -0.1966
   -0.4015    0.0355    0.9152
...   138 A-T ...
   24.0142  -51.6374   61.9242
   -0.9563    0.0401   -0.2896
   -0.0524   -0.9980    0.0347
   -0.2876    0.0484    0.9565
...   139 G-C ...
   22.3466  -51.2411   64.4940
   -0.8529   -0.5118   -0.1033
    0.4974   -0.8566    0.1373
   -0.1587    0.0657    0.9851
...   140 C-G ...
   22.1502  -50.1498   67.4638
   -0.4681   -0.8748    0.1248
    0.8495   -0.4066    0.3362
   -0.2434    0.2634    0.9335
...   141 G-C ...
   21.4256  -51.8266   72.7876
    0.1303   -0.7143   -0.6876
    0.8897   -0.2218    0.3990
   -0.4375   -0.6638    0.6066
...   142 C-G ...
   20.4245  -54.3094   74.5418
    0.5846   -0.7390   -0.3348
    0.7594    0.3532    0.5465
   -0.2856   -0.5737    0.7676
...   143 T-A ...
   18.4270  -55.5290   76.5298
    0.8548   -0.5005    0.1370
    0.3188    0.7148    0.6224
   -0.4095   -0.4884    0.7706
...   144 C-G ...
   16.8371  -57.7222   78.2673
    0.8529   -0.0846    0.5151
   -0.1508    0.9048    0.3983
   -0.4998   -0.4174    0.7589
...   145 A-T ...
   15.7828  -59.5615   80.7981
    0.5516    0.4995    0.6680
   -0.6739    0.7388    0.0039
   -0.4916   -0.4523    0.7441
...   146 C-G ...
   15.7314  -61.4940   83.9316
    0.0344    0.7399    0.6718
   -0.8637    0.3602   -0.3526
   -0.5029   -0.5681    0.6514
...   147 A-T ...
   14.7383  -63.4279   86.8192
   -0.5924    0.6746    0.4405
   -0.6886   -0.1401   -0.7114
   -0.4182   -0.7248    0.5475
