  147 base-pairs
...     1 T-A ...
    0.0000    0.0000    0.0000
    1.0000    0.0000    0.0000
    0.0000    1.0000    0.0000
    0.0000    0.0000    1.0000
...     2 G-C ...
   -0.5555   -1.1003    3.3981
    0.7749    0.6051    0.1828
   -0.5991    0.7953   -0.0929
   -0.2016   -0.0375    0.9787
...     3 T-A ...
   -0.6619   -3.0237    6.5348
    0.3046    0.9250    0.2271
   -0.8994    0.3578   -0.2510
   -0.3134   -0.1278    0.9410
...     4 G-C ...
   -1.1607   -3.8418    9.6940
   -0.3351    0.9421    0.0133
   -0.8752   -0.3061   -0.3746
   -0.3489   -0.1372    0.9271
...     5 A-T ...
   -1.3881   -3.6770   12.8999
   -0.7835    0.6162   -0.0801
   -0.5677   -0.7622   -0.3109
   -0.2527   -0.1981    0.9470
...     6 G-C ...
   -2.6236   -3.5448   15.7072
   -0.9923    0.0611   -0.1075
   -0.0294   -0.9610   -0.2748
   -0.1201   -0.2695    0.9555
...     7 C-G ...
   -2.3138   -3.7570   18.8866
   -0.8620   -0.4995   -0.0864
    0.5008   -0.8655    0.0073
   -0.0785   -0.0370    0.9962
...     8 G-C ...
   -3.9561   -6.8109   23.3205
   -0.2581   -0.3560   -0.8981
    0.6294   -0.7673    0.1233
   -0.7330   -0.5335    0.4221
...     9 C-G ...
   -6.1177   -8.9414   24.2385
    0.1143   -0.7320   -0.6716
    0.8123   -0.3203    0.4874
   -0.5720   -0.6013    0.5580
...    10 T-A ...
   -8.5041   -9.6771   26.0540
    0.4660   -0.8587   -0.2131
    0.6274    0.1508    0.7640
   -0.6239   -0.4897    0.6090
...    11 C-G ...
  -11.0625  -11.3174   27.2336
    0.6660   -0.6911    0.2808
    0.3382    0.6152    0.7121
   -0.6649   -0.3794    0.6435
...    12 A-T ...
  -13.0013  -13.1789   29.0658
    0.7188   -0.1490    0.6790
   -0.1787    0.9043    0.3876
   -0.6718   -0.4000    0.6235
...    13 C-G ...
  -14.1788  -15.9359   31.3399
    0.4052    0.2865    0.8682
   -0.5270    0.8492   -0.0343
   -0.7470   -0.4437    0.4951
...    14 A-T ...
  -15.9532  -18.1566   33.3080
   -0.1503    0.6873    0.7107
   -0.6106    0.5008   -0.6135
   -0.7776   -0.5261    0.3444
...    15 A-T ...
  -18.3943  -19.9539   34.4440
   -0.4596    0.8598    0.2225
   -0.3940    0.0271   -0.9187
   -0.7960   -0.5098    0.3263
...    16 T-A ...
  -20.8003  -21.5412   36.2257
   -0.6261    0.7212   -0.2962
   -0.0683   -0.4292   -0.9006
   -0.7767   -0.5437    0.3180
...    17 T-A ...
  -23.3593  -23.1075   37.5852
   -0.5657    0.3179   -0.7608
    0.3245   -0.7624   -0.5599
   -0.7580   -0.5636    0.3281
...    18 T-A ...
  -25.9190  -24.7721   38.6369
   -0.2493   -0.1264   -0.9601
    0.5754   -0.8168   -0.0418
   -0.7790   -0.5629    0.2764
...    19 A-T ...
  -28.4740  -26.7483   39.3445
    0.1916   -0.4864   -0.8525
    0.5929   -0.6348    0.4955
   -0.7822   -0.6004    0.1667
...    20 T-A ...
  -31.3905  -28.3180   39.3936
    0.4707   -0.7409   -0.4791
    0.4074   -0.2992    0.8629
   -0.7826   -0.6013    0.1610
...    21 T-A ...
  -34.0180  -30.2547   39.6045
    0.6151   -0.7821    0.0995
    0.0490    0.1638    0.9853
   -0.7869   -0.6012    0.1391
...    22 C-G ...
  -36.5396  -32.3138   40.0274
    0.5469   -0.5244    0.6526
   -0.3369    0.5758    0.7450
   -0.7664   -0.6273    0.1383
...    23 G-C ...
  -39.1712  -34.1175   41.0967
    0.3595   -0.0367    0.9324
   -0.6249    0.7326    0.2698
   -0.6930   -0.6797    0.2404
...    24 C-G ...
  -41.1585  -36.6082   41.8612
    0.0151    0.3885    0.9213
   -0.7199    0.6436   -0.2596
   -0.6939   -0.6594    0.2894
...    25 A-T ...
  -43.8069  -38.5284   42.4582
   -0.3787    0.7193    0.5824
   -0.5884    0.2986   -0.7514
   -0.7144   -0.6272    0.3102
...    26 A-T ...
  -46.0801  -40.5693   43.6683
   -0.6525    0.7561    0.0515
   -0.2618   -0.1612   -0.9516
   -0.7112   -0.6343    0.3031
...    27 A-T ...
  -48.3101  -42.5513   44.9888
   -0.6950    0.5120   -0.5048
    0.1821   -0.5538   -0.8125
   -0.6955   -0.6566    0.2917
...    28 G-C ...
  -50.8942  -44.3615   46.1951
   -0.4445    0.1821   -0.8771
    0.5109   -0.7527   -0.4152
   -0.7358   -0.6326    0.2416
...    29 G-C ...
  -53.7289  -46.2162   46.9020
   -0.0088   -0.2049   -0.9787
    0.6620   -0.7347    0.1479
   -0.7494   -0.6467    0.1422
...    30 C-G ...
  -56.4504  -48.0459   47.0201
    0.4055   -0.5234   -0.7494
    0.5421   -0.5224    0.6582
   -0.7360   -0.6731    0.0719
...    31 C-G ...
  -59.0471  -50.1502   47.0000
    0.6997   -0.6611   -0.2708
    0.2078   -0.1743    0.9625
   -0.6836   -0.7297    0.0154
...    32 G-C ...
  -60.9100  -52.5817   47.2575
    0.7793   -0.5734    0.2527
   -0.2121    0.1381    0.9674
   -0.5897   -0.8075   -0.0140
...    33 G-C ...
  -62.3735  -55.6174   47.1818
    0.5652   -0.3588    0.7428
   -0.6366    0.3831    0.6694
   -0.5247   -0.8512   -0.0119
...    34 C-G ...
  -63.7077  -58.6111   47.1381
    0.1322   -0.0586    0.9895
   -0.8585    0.4922    0.1438
   -0.4954   -0.8685    0.0148
...    35 C-G ...
  -65.1368  -61.6741   47.5682
   -0.3689    0.2472    0.8960
   -0.7980    0.4100   -0.4416
   -0.4766   -0.8779    0.0460
...    36 C-G ...
  -66.6339  -64.6637   48.0110
   -0.7372    0.4623    0.4928
   -0.4694    0.1743   -0.8656
   -0.4861   -0.8694    0.0885
...    37 G-C ...
  -68.3444  -67.5970   47.2294
   -0.8428    0.5302   -0.0928
    0.0456   -0.1014   -0.9938
   -0.5363   -0.8418    0.0613
...    38 A-T ...
  -69.8946  -70.3325   47.4936
   -0.6524    0.3802   -0.6556
    0.5463   -0.3637   -0.7545
   -0.5253   -0.8504    0.0295
...    39 C-G ...
  -72.0003  -72.7451   47.6673
   -0.2464    0.1861   -0.9511
    0.8036   -0.5094   -0.3078
   -0.5418   -0.8401   -0.0240
...    40 A-T ...
  -73.9060  -75.4808   47.4401
    0.3071   -0.0396   -0.9509
    0.7950   -0.5385    0.2792
   -0.5231   -0.8417   -0.1339
...    41 C-G ...
  -75.7870  -77.9799   46.4845
    0.7056   -0.2435   -0.6655
    0.5213   -0.4578    0.7202
   -0.4800   -0.8551   -0.1961
...    42 G-C ...
  -77.0727  -81.0420   46.1357
    0.9194   -0.3780   -0.1083
   -0.0034   -0.2831    0.9591
   -0.3932   -0.8815   -0.2615
...    43 A-T ...
  -78.3162  -83.8231   45.2372
    0.7460   -0.4655    0.4762
   -0.5429   -0.0110    0.8397
   -0.3856   -0.8850   -0.2609
...    44 C-G ...
  -79.0834  -86.7421   43.8851
    0.3636   -0.3582    0.8599
   -0.8673    0.2067    0.4528
   -0.3399   -0.9105   -0.2356
...    45 T-A ...
  -79.5603  -90.2360   43.0272
   -0.1865   -0.1663    0.9683
   -0.9276    0.3545   -0.1178
   -0.3237   -0.9201   -0.2203
...    46 T-A ...
  -80.2019  -93.3482   42.3161
   -0.6521    0.0109    0.7580
   -0.6921    0.3994   -0.6012
   -0.3093   -0.9167   -0.2529
...    47 A-T ...
  -81.3900  -96.2781   41.0924
   -0.9537    0.2397    0.1814
   -0.1024    0.3083   -0.9458
   -0.2827   -0.9206   -0.2695
...    48 C-G ...
  -82.4396  -99.4511   40.8530
   -0.8587    0.3749   -0.3495
    0.4240    0.1367   -0.8953
   -0.2879   -0.9169   -0.2763
...    49 T-A ...
  -83.7750 -102.4789   40.1620
   -0.4729    0.4592   -0.7520
    0.8165   -0.0922   -0.5699
   -0.3310   -0.8835   -0.3313
...    50 G-C ...
  -84.9341 -105.3330   38.7806
    0.1086    0.4469   -0.8880
    0.9418   -0.3322   -0.0520
   -0.3182   -0.8306   -0.4569
...    51 T-A ...
  -86.4124 -107.6893   37.1836
    0.5737    0.2906   -0.7658
    0.7700   -0.5100    0.3833
   -0.2792   -0.8096   -0.5163
...    52 A-T ...
  -87.3431 -109.8931   34.8108
    0.9274    0.1612   -0.3376
    0.3603   -0.6275    0.6902
   -0.1005   -0.7618   -0.6400
...    53 G-C ...
  -87.8191 -112.1190   32.5113
    0.9897   -0.0724    0.1232
   -0.1404   -0.6520    0.7451
    0.0264   -0.7548   -0.6555
...    54 G-C ...
  -87.1954 -114.2885   29.6600
    0.7515   -0.3392    0.5658
   -0.6470   -0.5468    0.5314
    0.1291   -0.7654   -0.6304
...    55 T-A ...
  -86.2162 -116.5931   27.5612
    0.3117   -0.5582    0.7689
   -0.9357   -0.3211    0.1461
    0.1654   -0.7650   -0.6224
...    56 A-T ...
  -85.1076 -119.1701   25.6332
   -0.2924   -0.6105    0.7360
   -0.9355    0.0231   -0.3526
    0.1982   -0.7917   -0.5779
...    57 T-A ...
  -83.7728 -121.7856   24.1037
   -0.7253   -0.5369    0.4310
   -0.6519    0.3341   -0.6807
    0.2215   -0.7747   -0.5923
...    58 C-G ...
  -82.9670 -124.5574   22.3559
   -0.9696   -0.2268   -0.0913
   -0.0677    0.6079   -0.7911
    0.2350   -0.7609   -0.6048
...    59 T-A ...
  -82.3994 -127.3151   20.5286
   -0.8660    0.1611   -0.4734
    0.4580    0.6356   -0.6215
    0.2008   -0.7550   -0.6242
...    60 C-G ...
  -81.6895 -129.8593   18.4472
   -0.4373    0.5223   -0.7321
    0.8749    0.4356   -0.2119
    0.2082   -0.7331   -0.6474
...    61 G-C ...
  -80.5224 -131.9624   16.2036
    0.0226    0.7892   -0.6137
    0.9737    0.1217    0.1924
    0.2265   -0.6019   -0.7658
...    62 A-T ...
  -79.5970 -134.0733   13.9148
    0.5365    0.7776   -0.3278
    0.7834   -0.3147    0.5359
    0.3136   -0.5443   -0.7780
...    63 G-C ...
  -78.5955 -135.4891   11.0920
    0.8268    0.5586    0.0654
    0.4066   -0.6740    0.6167
    0.3886   -0.4834   -0.7844
...    64 C-G ...
  -77.2635 -136.5783    8.1779
    0.8839    0.1150    0.4534
   -0.1173   -0.8839    0.4528
    0.4528   -0.4534   -0.7677
...    65 T-A ...
  -75.6329 -137.7260    5.5468
    0.6625   -0.3234    0.6757
   -0.5319   -0.8382    0.1203
    0.5275   -0.4391   -0.7273
...    66 C-G ...
  -73.8269 -139.4713    3.5003
    0.2222   -0.7268    0.6499
   -0.7598   -0.5468   -0.3516
    0.6109   -0.4157   -0.6738
...    67 G-C ...
  -72.4807 -141.4830    1.0241
   -0.2687   -0.8909    0.3661
   -0.7100   -0.0737   -0.7004
    0.6510   -0.4481   -0.6127
...    68 G-C ...
  -70.1517 -143.0988   -0.8058
   -0.6387   -0.7671   -0.0607
   -0.4374    0.4268   -0.7915
    0.6331   -0.4790   -0.6081
...    69 G-C ...
  -68.0595 -144.9195   -2.6737
   -0.8190   -0.3713   -0.4374
    0.0006    0.7617   -0.6479
    0.5738   -0.5309   -0.6236
...    70 A-T ...
  -66.1253 -146.9219   -4.5526
   -0.6443    0.1567   -0.7486
    0.4876    0.8382   -0.2442
    0.5892   -0.5223   -0.6165
...    71 T-A ...
  -64.6055 -149.0824   -6.5434
   -0.3060    0.5768   -0.7574
    0.7461    0.6394    0.1855
    0.5913   -0.5084   -0.6260
...    72 C-G ...
  -62.8311 -150.8177   -8.7378
    0.1754    0.8569   -0.4847
    0.7730    0.1850    0.6068
    0.6096   -0.4811   -0.6300
...    73 C-G ...
  -60.9817 -152.6322  -10.7782
    0.4406    0.8977   -0.0063
    0.5629   -0.2708    0.7809
    0.6993   -0.3476   -0.6246
...    74 G-C ...
  -58.3452 -153.7260  -12.4640
    0.5299    0.6769    0.5109
    0.2827   -0.7090    0.6461
    0.7996   -0.1979   -0.5670
...    75 C-G ...
  -55.6228 -153.8441  -14.5857
    0.5681    0.1645    0.8063
   -0.0502   -0.9711    0.2334
    0.8214   -0.1731   -0.5434
...    76 T-A ...
  -52.4958 -153.9268  -16.0927
    0.4187   -0.4013    0.8146
   -0.2994   -0.9079   -0.2934
    0.8574   -0.1210   -0.5003
...    77 T-A ...
  -49.5457 -154.0221  -17.4781
    0.1922   -0.8544    0.4827
   -0.4715   -0.5118   -0.7182
    0.8607   -0.0895   -0.5012
...    78 T-A ...
  -46.5899 -154.1732  -18.8337
   -0.0812   -0.9964   -0.0257
   -0.4959    0.0627   -0.8661
    0.8646   -0.0576   -0.4992
...    79 A-T ...
  -44.0987 -153.9556  -21.0129
   -0.2638   -0.7599   -0.5942
   -0.3703    0.6486   -0.6650
    0.8906    0.0446   -0.4525
...    80 A-T ...
  -41.1690 -153.9230  -22.3317
   -0.3957   -0.2602   -0.8807
   -0.1838    0.9620   -0.2017
    0.8998    0.0821   -0.4285
...    81 C-G ...
  -38.1487 -154.2595  -23.7873
   -0.4283    0.2937   -0.8546
    0.0434    0.9513    0.3052
    0.9026    0.0936   -0.4202
...    82 A-T ...
  -35.1706 -154.0872  -25.4167
   -0.3952    0.7783   -0.4880
    0.2836    0.6086    0.7410
    0.8737    0.1545   -0.4613
...    83 T-A ...
  -32.6294 -153.8403  -27.4153
   -0.2187    0.9745   -0.0498
    0.4365    0.1433    0.8882
    0.8727    0.1725   -0.4567
...    84 C-G ...
  -29.8317 -153.3435  -28.9698
    0.0091    0.8513    0.5247
    0.4691   -0.4670    0.7496
    0.8831    0.2394   -0.4036
...    85 A-T ...
  -27.1137 -152.1601  -30.6991
    0.1158    0.4545    0.8832
    0.4767   -0.8055    0.3520
    0.8714    0.3803   -0.3099
...    86 T-A ...
  -24.5283 -150.4707  -31.6277
    0.2651   -0.0157    0.9641
    0.3845   -0.9152   -0.1207
    0.8842    0.4027   -0.2365
...    87 G-C ...
  -21.5115 -148.8717  -32.0572
    0.3305   -0.5724    0.7504
    0.2214   -0.7259   -0.6512
    0.9175    0.3814   -0.1132
...    88 T-A ...
  -18.5775 -147.2671  -31.8276
    0.3865   -0.8712    0.3027
    0.0418   -0.3113   -0.9494
    0.9213    0.3796   -0.0839
...    89 T-A ...
  -15.6306 -146.0239  -31.8412
    0.3696   -0.8882   -0.2729
   -0.1539    0.2311   -0.9607
    0.9164    0.3970   -0.0513
...    90 A-T ...
  -12.6127 -144.4925  -32.2510
    0.2239   -0.5345   -0.8150
   -0.3620    0.7308   -0.5788
    0.9049    0.4246   -0.0298
...    91 T-A ...
   -9.4633 -143.7117  -32.0374
    0.0499   -0.0875   -0.9949
   -0.4392    0.8928   -0.1005
    0.8970    0.4420    0.0061
...    92 A-T ...
   -6.5586 -141.9712  -31.8836
   -0.2243    0.4790   -0.8487
   -0.3908    0.7536    0.5286
    0.8927    0.4502    0.0181
...    93 A-T ...
   -3.6752 -140.6267  -31.9379
   -0.4168    0.8019   -0.4281
   -0.2336    0.3607    0.9030
    0.8785    0.4763    0.0370
...    94 C-G ...
   -0.6895 -139.1278  -32.5092
   -0.5094    0.8530    0.1135
    0.0094   -0.1264    0.9919
    0.8605    0.5064    0.0564
...    95 G-C ...
    1.8834 -137.2797  -31.8268
   -0.6078    0.5539    0.5690
    0.2807   -0.5204    0.8065
    0.7428    0.6499    0.1608
...    96 G-C ...
    3.8369 -134.7697  -31.0272
   -0.4787    0.1258    0.8689
    0.5972   -0.6788    0.4272
    0.6436    0.7235    0.2498
...    97 A-T ...
    5.6378 -132.3003  -29.9527
   -0.1067   -0.3376    0.9352
    0.7951   -0.5938   -0.1237
    0.5971    0.7304    0.3318
...    98 C-G ...
    6.9588 -129.5723  -28.6521
    0.2820   -0.6392    0.7155
    0.7584   -0.3082   -0.5743
    0.5876    0.7046    0.3978
...    99 T-A ...
    8.6092 -127.1139  -26.5602
    0.6398   -0.7191    0.2713
    0.4937    0.1139   -0.8621
    0.5891    0.6855    0.4279
...   100 T-A ...
   10.3697 -125.0095  -24.7911
    0.8374   -0.4834   -0.2552
    0.0339    0.5119   -0.8584
    0.5456    0.7101    0.4450
...   101 T-A ...
   12.1172 -122.8960  -23.0173
    0.7333   -0.0728   -0.6760
   -0.4552    0.6859   -0.5677
    0.5050    0.7240    0.4698
...   102 A-T ...
   13.5822 -120.2314  -21.5261
    0.3089    0.3642   -0.8786
   -0.8190    0.5715   -0.0510
    0.4835    0.7354    0.4749
...   103 T-A ...
   15.7502 -118.1761  -20.2111
   -0.1232    0.5651   -0.8158
   -0.8730    0.3292    0.3598
    0.4719    0.7565    0.4528
...   104 G-C ...
   17.4468 -115.5868  -18.9850
   -0.6696    0.5699   -0.4763
   -0.6076   -0.0515    0.7926
    0.4271    0.8201    0.3807
...   105 C-G ...
   18.6590 -112.6855  -18.2241
   -0.9201    0.3912   -0.0176
   -0.1701   -0.3589    0.9177
    0.3527    0.8474    0.3968
...   106 T-A ...
   19.6310 -109.5330  -17.2742
   -0.8790    0.0852    0.4692
    0.3737   -0.4880    0.7888
    0.2962    0.8687    0.3972
...   107 T-A ...
   20.3557 -106.6495  -16.1149
   -0.5575   -0.2563    0.7896
    0.7975   -0.4295    0.4236
    0.2306    0.8659    0.4439
...   108 C-G ...
   20.7770 -103.8125  -14.5192
   -0.0446   -0.5113    0.8582
    0.9799   -0.1896   -0.0621
    0.1944    0.8382    0.5095
...   109 C-G ...
   21.1843 -101.1160  -12.6921
    0.4365   -0.6238    0.6483
    0.8734    0.1208   -0.4718
    0.2160    0.7722    0.5976
...   110 G-C ...
   22.1623  -98.8858  -10.8651
    0.7895   -0.5514    0.2695
    0.5555    0.4552   -0.6959
    0.2610    0.6991    0.6657
...   111 G-C ...
   23.3665  -96.9845   -8.3451
    0.9523   -0.2450   -0.1821
    0.0511    0.7161   -0.6961
    0.3009    0.6536    0.6945
...   112 C-G ...
   24.6539  -95.2852   -5.7528
    0.8195    0.1656   -0.5486
   -0.4697    0.7425   -0.4775
    0.3283    0.6490    0.6863
...   113 T-A ...
   25.8752  -93.3015   -3.4199
    0.4515    0.5205   -0.7247
   -0.8256    0.5518   -0.1181
    0.3384    0.6517    0.6788
...   114 C-G ...
   26.9535  -91.0810   -1.1974
   -0.1170    0.7283   -0.6752
   -0.9351    0.1482    0.3218
    0.3345    0.6691    0.6637
...   115 G-C ...
   27.5781  -88.9008    1.2169
   -0.6539    0.6267   -0.4239
   -0.7069   -0.3063    0.6375
    0.2697    0.7165    0.6433
...   116 T-A ...
   28.4912  -86.1436    2.7567
   -0.9406    0.3327   -0.0675
   -0.2633   -0.5894    0.7638
    0.2143    0.7362    0.6419
...   117 A-T ...
   28.9923  -83.1689    4.4387
   -0.9508   -0.1329    0.2797
    0.2966   -0.6508    0.6989
    0.0892    0.7475    0.6583
...   118 T-A ...
   28.8645  -80.3873    6.0699
   -0.6877   -0.4412    0.5766
    0.7216   -0.5029    0.4759
    0.0800    0.7433    0.6642
...   119 A-T ...
   29.0332  -78.0520    8.3749
   -0.2130   -0.7196    0.6609
    0.9770   -0.1618    0.1386
    0.0072    0.6753    0.7375
...   120 A-T ...
   28.6971  -75.9659   10.8217
    0.3592   -0.7195    0.5943
    0.9333    0.2779   -0.2276
   -0.0014    0.6364    0.7713
...   121 T-A ...
   28.1121  -74.2254   13.6030
    0.7841   -0.4775    0.3965
    0.6205    0.6149   -0.4866
   -0.0114    0.6276    0.7785
...   122 G-C ...
   28.0731  -72.3471   16.4483
    0.9970   -0.0768   -0.0059
    0.0576    0.7939   -0.6054
    0.0512    0.6032    0.7959
...   123 T-A ...
   28.3982  -70.8101   19.3199
    0.8968    0.3244   -0.3008
   -0.4390    0.7367   -0.5143
    0.0548    0.5933    0.8031
...   124 G-C ...
   28.7023  -68.8722   21.9940
    0.4824    0.6574   -0.5790
   -0.8698    0.4375   -0.2280
    0.1034    0.6136    0.7828
...   125 T-A ...
   29.5281  -67.0978   24.5645
   -0.0346    0.7696   -0.6376
   -0.9941    0.0392    0.1012
    0.1029    0.6373    0.7637
...   126 C-G ...
   29.9100  -65.0406   26.9394
   -0.6053    0.6520   -0.4566
   -0.7887   -0.4138    0.4546
    0.1074    0.6353    0.7647
...   127 G-C ...
   29.7762  -63.1696   29.6157
   -0.9195    0.2550   -0.2992
   -0.3907   -0.6771    0.6236
   -0.0435    0.6903    0.7222
...   128 A-T ...
   29.7932  -60.9989   31.8866
   -0.9768   -0.1907    0.0978
    0.2069   -0.7202    0.6622
   -0.0559    0.6670    0.7429
...   129 C-G ...
   29.2490  -58.3634   33.7850
   -0.7247   -0.5717    0.3847
    0.6814   -0.5119    0.5231
   -0.1021    0.6412    0.7605
...   130 C-G ...
   28.1017  -56.3040   36.2702
   -0.2719   -0.8306    0.4860
    0.9447   -0.1341    0.2993
   -0.1834    0.5405    0.8211
...   131 A-T ...
   27.8037  -54.9335   39.2917
    0.2827   -0.8618    0.4211
    0.9413    0.3336    0.0508
   -0.1842    0.3821    0.9056
...   132 A-T ...
   27.0690  -53.9161   42.3167
    0.7612   -0.5371    0.3636
    0.6211    0.7650   -0.1702
   -0.1867    0.3554    0.9159
...   133 A-T ...
   26.2462  -53.1103   45.3956
    0.9710    0.0312    0.2368
    0.0573    0.9320   -0.3580
   -0.2319    0.3612    0.9032
...   134 T-A ...
   25.6209  -52.5913   48.6401
    0.8597    0.5097    0.0340
   -0.4497    0.7866   -0.4231
   -0.2424    0.3485    0.9054
...   135 G-C ...
   25.2757  -52.5096   52.0792
    0.3204    0.9427   -0.0928
   -0.8825    0.2614   -0.3910
   -0.3443    0.2071    0.9157
...   136 T-A ...
   25.5258  -52.9787   55.8050
   -0.2439    0.9563   -0.1610
   -0.8908   -0.2866   -0.3525
   -0.3833    0.0575    0.9218
...   137 G-C ...
   24.8933  -52.7378   58.9866
   -0.7529    0.5562   -0.3519
   -0.5215   -0.8303   -0.1966
   -0.4015    0.0355    0.9152
...   138 A-T ...
   24.0143  -51.6374   61.9243
   -0.9563    0.0401   -0.2896
   -0.0524   -0.9980    0.0347
   -0.2876    0.0484    0.9565
...   139 G-C ...
   22.3467  -51.2412   64.4940
   -0.8529   -0.5118   -0.1033
    0.4974   -0.8566    0.1373
   -0.1587    0.0657    0.9851
...   140 C-G ...
   22.1503  -50.1498   67.4639
   -0.4681   -0.8748    0.1248
    0.8495   -0.4066    0.3362
   -0.2434    0.2634    0.9335
...   141 G-C ...
   21.4256  -51.8266   72.7877
    0.1303   -0.7143   -0.6876
    0.8897   -0.2218    0.3990
   -0.4375   -0.6638    0.6066
...   142 C-G ...
   20.4246  -54.3095   74.5419
    0.5846   -0.7390   -0.3348
    0.7594    0.3532    0.5465
   -0.2856   -0.5737    0.7676
...   143 T-A ...
   18.4271  -55.5290   76.5299
    0.8548   -0.5005    0.1370
    0.3188    0.7148    0.6224
   -0.4095   -0.4884    0.7706
...   144 C-G ...
   16.8371  -57.7222   78.2674
    0.8529   -0.0846    0.5151
   -0.1508    0.9048    0.3983
   -0.4998   -0.4174    0.7589
...   145 A-T ...
   15.7829  -59.5615   80.7982
    0.5516    0.4995    0.6680
   -0.6739    0.7388    0.0039
   -0.4916   -0.4523    0.7441
...   146 C-G ...
   15.7314  -61.4940   83.9317
    0.0344    0.7399    0.6718
   -0.8637    0.3602   -0.3526
   -0.5029   -0.5681    0.6514
...   147 A-T ...
   14.7383  -63.4279   86.8193
   -0.5924    0.6746    0.4405
   -0.6886   -0.1401   -0.7114
   -0.4182   -0.7248    0.5475
