  147 base-pairs
...     1 T-A ...
    0.0000    0.0000    0.0000
    1.0000    0.0000    0.0000
    0.0000    1.0000    0.0000
    0.0000    0.0000    1.0000
...     2 G-C ...
   -0.5555   -1.1003    3.3981
    0.7749    0.6051    0.1828
   -0.5991    0.7953   -0.0929
   -0.2016   -0.0375    0.9787
...     3 T-A ...
   -0.6619   -3.0237    6.5348
    0.3046    0.9250    0.2271
   -0.8994    0.3578   -0.2510
   -0.3134   -0.1278    0.9410
...     4 G-C ...
   -1.1607   -3.8418    9.6940
   -0.3351    0.9421    0.0133
   -0.8752   -0.3061   -0.3746
   -0.3489   -0.1372    0.9271
...     5 A-T ...
   -1.3881   -3.6770   12.8999
   -0.7835    0.6162   -0.0801
   -0.5677   -0.7622   -0.3109
   -0.2527   -0.1981    0.9470
...     6 G-C ...
   -2.6236   -3.5448   15.7072
   -0.9923    0.0611   -0.1075
   -0.0294   -0.9610   -0.2748
   -0.1201   -0.2695    0.9555
...     7 C-G ...
   -2.3138   -3.7570   18.8866
   -0.8620   -0.4995   -0.0864
    0.5008   -0.8655    0.0073
   -0.0785   -0.0370    0.9962
...     8 G-C ...
   -3.9561   -6.8109   23.3205
   -0.2581   -0.3560   -0.8981
    0.6294   -0.7673    0.1233
   -0.7330   -0.5335    0.4221
...     9 C-G ...
   -6.1177   -8.9414   24.2385
    0.1143   -0.7320   -0.6716
    0.8123   -0.3203    0.4874
   -0.5720   -0.6013    0.5580
...    10 T-A ...
   -8.5041   -9.6771   26.0540
    0.4660   -0.8587   -0.2131
    0.6274    0.1508    0.7640
   -0.6239   -0.4897    0.6090
...    11 C-G ...
  -11.0625  -11.3174   27.2336
    0.6660   -0.6911    0.2808
    0.3382    0.6152    0.7121
   -0.6649   -0.3794    0.6435
...    12 A-T ...
  -13.0013  -13.1789   29.0658
    0.7188   -0.1490    0.6790
   -0.1787    0.9043    0.3876
   -0.6718   -0.4000    0.6235
...    13 C-G ...
  -14.1788  -15.9359   31.3399
    0.4052    0.2865    0.8682
   -0.5270    0.8492   -0.0343
   -0.7470   -0.4437    0.4951
...    14 A-T ...
  -15.9532  -18.1566   33.3080
   -0.1503    0.6873    0.7107
   -0.6106    0.5008   -0.6135
   -0.7776   -0.5261    0.3444
...    15 A-T ...
  -18.3092  -19.9473   34.6489
   -0.4780    0.8435    0.2452
   -0.4085    0.0337   -0.9121
   -0.7776   -0.5361    0.3285
...    16 T-A ...
  -20.6363  -21.5391   36.3453
   -0.6138    0.7505   -0.2448
   -0.1094   -0.3880   -0.9152
   -0.7818   -0.5350    0.3203
...    17 T-A ...
  -23.1786  -23.1091   37.5964
   -0.5564    0.4181   -0.7180
    0.2559   -0.7360   -0.6268
   -0.7905   -0.5325    0.3025
...    18 T-A ...
  -25.8465  -24.6004   38.6575
   -0.2988   -0.0420   -0.9534
    0.5206   -0.8445   -0.1259
   -0.7999   -0.5339    0.2742
...    19 A-T ...
  -28.6960  -26.1978   39.2943
    0.1382   -0.4137   -0.8999
    0.5684   -0.7109    0.4141
   -0.8110   -0.5688    0.1369
...    20 T-A ...
  -31.6395  -27.6372   39.2664
    0.4188   -0.6977   -0.5811
    0.4182   -0.4199    0.8055
   -0.8060   -0.5804    0.1159
...    21 T-A ...
  -34.3141  -29.4601   39.3500
    0.5937   -0.8037   -0.0393
    0.1045    0.0285    0.9941
   -0.7978   -0.5944    0.1009
...    22 C-G ...
  -36.8100  -31.5527   39.5638
    0.5717   -0.6203    0.5371
   -0.2793    0.4684    0.8382
   -0.7715   -0.6292    0.0945
...    23 G-C ...
  -39.3793  -33.5488   40.2826
    0.3910   -0.1998    0.8984
   -0.5881    0.6966    0.4109
   -0.7080   -0.6890    0.1548
...    24 C-G ...
  -41.3910  -36.1259   40.8170
    0.0301    0.2305    0.9726
   -0.7191    0.6808   -0.1391
   -0.6942   -0.6952    0.1863
...    25 A-T ...
  -43.8582  -38.2600   41.3965
   -0.3368    0.6239    0.7052
   -0.6246    0.4124   -0.6632
   -0.7045   -0.6639    0.2508
...    26 A-T ...
  -45.9813  -40.4866   42.4535
   -0.6483    0.7323    0.2087
   -0.3122   -0.0056   -0.9500
   -0.6945   -0.6810    0.2323
...    27 A-T ...
  -48.1955  -42.6301   43.4822
   -0.7176    0.5945   -0.3627
    0.1197   -0.4077   -0.9052
   -0.6860   -0.6930    0.2214
...    28 G-C ...
  -50.6022  -44.6942   44.4107
   -0.5004    0.3486   -0.7925
    0.4789   -0.6512   -0.5888
   -0.7213   -0.6741    0.1589
...    29 G-C ...
  -53.2746  -46.6712   44.9853
   -0.0945    0.0227   -0.9953
    0.6628   -0.7445   -0.0799
   -0.7428   -0.6672    0.0553
...    30 C-G ...
  -56.0064  -48.5086   44.9920
    0.3224   -0.3291   -0.8876
    0.6033   -0.6512    0.4605
   -0.7295   -0.6839   -0.0114
...    31 C-G ...
  -58.5644  -50.6552   44.5235
    0.6686   -0.5425   -0.5086
    0.3216   -0.4058    0.8555
   -0.6705   -0.7356   -0.0969
...    32 G-C ...
  -60.5228  -53.3427   44.3359
    0.8195   -0.5711    0.0482
   -0.1272   -0.0992    0.9869
   -0.5588   -0.8149   -0.1539
...    33 G-C ...
  -62.0419  -56.2373   43.5066
    0.6716   -0.4637    0.5779
   -0.5695    0.1760    0.8029
   -0.4740   -0.8684   -0.1459
...    34 C-G ...
  -63.1732  -59.2794   42.8606
    0.2725   -0.2637    0.9253
   -0.8571    0.3706    0.3580
   -0.4373   -0.8906   -0.1250
...    35 C-G ...
  -64.3328  -62.4367   42.6376
   -0.2131    0.0312    0.9765
   -0.8839    0.4198   -0.2063
   -0.4164   -0.9071   -0.0619
...    36 C-G ...
  -65.5635  -65.5757   42.7237
   -0.6390    0.3027    0.7071
   -0.6344    0.3125   -0.7070
   -0.4350   -0.9004   -0.0076
...    37 G-C ...
  -67.2622  -68.4254   42.3406
   -0.8509    0.4914    0.1858
   -0.1692    0.0786   -0.9824
   -0.4974   -0.8674    0.0162
...    38 A-T ...
  -68.8442  -71.2934   42.4978
   -0.7771    0.4632   -0.4261
    0.3690   -0.2131   -0.9047
   -0.5098   -0.8603   -0.0053
...    39 C-G ...
  -70.8734  -73.8724   42.9229
   -0.4573    0.3132   -0.8323
    0.7215   -0.4166   -0.5532
   -0.5200   -0.8534   -0.0355
...    40 A-T ...
  -72.5552  -76.7415   42.7185
    0.0838    0.1375   -0.9869
    0.8462   -0.5329   -0.0024
   -0.5262   -0.8349   -0.1610
...    41 C-G ...
  -74.7375  -79.0755   41.9778
    0.5315   -0.1056   -0.8404
    0.6815   -0.5358    0.4984
   -0.5030   -0.8377   -0.2128
...    42 G-C ...
  -76.1173  -82.0192   41.2536
    0.8839   -0.2372   -0.4031
    0.2744   -0.4352    0.8575
   -0.3788   -0.8685   -0.3196
...    43 A-T ...
  -77.2280  -84.8352   40.0562
    0.9038   -0.3891    0.1783
   -0.2898   -0.2499    0.9239
   -0.3149   -0.8867   -0.3386
...    44 C-G ...
  -77.8235  -87.6331   38.4254
    0.6392   -0.4276    0.6392
   -0.7212   -0.0449    0.6912
   -0.2669   -0.9028   -0.3371
...    45 T-A ...
  -78.2818  -90.6841   37.2486
    0.1828   -0.3418    0.9218
   -0.9607    0.1370    0.2413
   -0.2088   -0.9297   -0.3033
...    46 T-A ...
  -78.6252  -93.7566   36.2362
   -0.4047   -0.2330    0.8843
   -0.8946    0.3011   -0.3301
   -0.1894   -0.9247   -0.3303
...    47 A-T ...
  -79.5478  -96.6737   34.8225
   -0.8862   -0.0349    0.4620
   -0.4379    0.3887   -0.8106
   -0.1513   -0.9207   -0.3598
...    48 C-G ...
  -79.9574  -99.9282   34.2169
   -0.9838    0.1767   -0.0292
    0.0910    0.3525   -0.9314
   -0.1543   -0.9190   -0.3628
...    49 T-A ...
  -80.6742 -103.0261   33.2721
   -0.7832    0.3745   -0.4964
    0.5939    0.2139   -0.7756
   -0.1843   -0.9022   -0.3899
...    50 G-C ...
  -81.2698 -105.9414   31.7991
   -0.3014    0.5250   -0.7960
    0.9289   -0.0267   -0.3693
   -0.2151   -0.8507   -0.4796
...    51 T-A ...
  -82.5741 -108.5665   30.2973
    0.2236    0.4821   -0.8471
    0.9552   -0.2813    0.0921
   -0.1939   -0.8298   -0.5234
...    52 A-T ...
  -83.4358 -111.0575   28.2569
    0.7119    0.4021   -0.5757
    0.6957   -0.5153    0.5005
   -0.0954   -0.7569   -0.6466
...    53 G-C ...
  -83.8060 -113.2703   25.8572
    0.9697    0.1689   -0.1766
    0.2444   -0.6625    0.7081
    0.0026   -0.7298   -0.6837
...    54 G-C ...
  -83.4904 -115.3756   23.2497
    0.9484   -0.1148    0.2956
   -0.2897   -0.6929    0.6603
    0.1290   -0.7118   -0.6904
...    55 T-A ...
  -82.6450 -117.2667   20.7095
    0.6635   -0.4195    0.6195
   -0.7264   -0.5596    0.3991
    0.1792   -0.7148   -0.6760
...    56 A-T ...
  -81.9999 -119.7361   18.5847
    0.1124   -0.6324    0.7665
   -0.9666   -0.2484   -0.0632
    0.2303   -0.7338   -0.6392
...    57 T-A ...
  -80.5648 -122.0372   16.6979
   -0.3863   -0.6850    0.6177
   -0.8893    0.0986   -0.4467
    0.2450   -0.7219   -0.6472
...    58 C-G ...
  -79.7087 -124.5049   14.7103
   -0.8338   -0.5002    0.2335
   -0.4892    0.4735   -0.7324
    0.2558   -0.7250   -0.6395
...    59 T-A ...
  -78.8709 -127.1284   12.8614
   -0.9720   -0.1606   -0.1716
    0.0227    0.6627   -0.7486
    0.2339   -0.7315   -0.6405
...    60 C-G ...
  -78.1061 -129.6058   10.8458
   -0.7777    0.2685   -0.5684
    0.5838    0.6437   -0.4947
    0.2331   -0.7166   -0.6574
...    61 G-C ...
  -76.9918 -131.7607    8.5693
   -0.3611    0.6579   -0.6609
    0.9082    0.4088   -0.0893
    0.2115   -0.6325   -0.7452
...    62 A-T ...
  -76.3894 -133.8736    6.1747
    0.2018    0.8133   -0.5457
    0.9503   -0.0277    0.3100
    0.2370   -0.5811   -0.7785
...    63 G-C ...
  -75.8572 -135.5882    3.4269
    0.6199    0.7501   -0.2306
    0.7229   -0.4316    0.5396
    0.3052   -0.5011   -0.8097
...    64 C-G ...
  -75.0469 -136.8078    0.5016
    0.8768    0.4560    0.1526
    0.3023   -0.7695    0.5626
    0.3740   -0.4471   -0.8125
...    65 T-A ...
  -73.6734 -137.8475   -2.2891
    0.8690    0.0523    0.4920
   -0.1539   -0.9165    0.3692
    0.4703   -0.3966   -0.7884
...    66 C-G ...
  -71.8894 -139.0222   -4.7343
    0.6050   -0.4560    0.6527
   -0.5942   -0.8043   -0.0111
    0.5300   -0.3811   -0.7575
...    67 G-C ...
  -70.1528 -140.7156   -7.0143
    0.1323   -0.7850    0.6052
   -0.7762   -0.4618   -0.4292
    0.6164   -0.4130   -0.6704
...    68 G-C ...
  -67.8067 -142.2294   -8.9107
   -0.3371   -0.8894    0.3087
   -0.6934    0.0129   -0.7204
    0.6368   -0.4569   -0.6211
...    69 G-C ...
  -65.5459 -143.9506  -10.7311
   -0.6844   -0.7205   -0.1123
   -0.3809    0.4846   -0.7875
    0.6217   -0.4961   -0.6060
...    70 A-T ...
  -63.4160 -145.6104  -12.6092
   -0.7729   -0.2963   -0.5611
    0.0898    0.8243   -0.5590
    0.6281   -0.4824   -0.6105
...    71 T-A ...
  -61.5476 -147.7630  -14.2941
   -0.6079    0.1548   -0.7788
    0.4572    0.8701   -0.1840
    0.6491   -0.4679   -0.5997
...    72 C-G ...
  -59.4386 -149.3909  -16.2077
   -0.2543    0.6510   -0.7152
    0.7094    0.6282    0.3195
    0.6573   -0.4261   -0.6216
...    73 C-G ...
  -57.4962 -150.9996  -18.4554
    0.0729    0.9289   -0.3631
    0.7288    0.1990    0.6552
    0.6808   -0.3124   -0.6625
...    74 T-A ...
  -55.4675 -151.8305  -20.9029
    0.3512    0.9320    0.0892
    0.6037   -0.2983    0.7393
    0.7157   -0.2058   -0.6674
...    75 C-G ...
  -53.1351 -152.2839  -23.1005
    0.5644    0.6202    0.5447
    0.3247   -0.7735    0.5443
    0.7589   -0.1303   -0.6380
...    76 A-T ...
  -50.4609 -152.4825  -25.0952
    0.5272    0.1292    0.8398
    0.0359   -0.9909    0.1299
    0.8490   -0.0383   -0.5271
...    77 T-A ...
  -47.6530 -151.9052  -26.6755
    0.4596   -0.3763    0.8045
   -0.2087   -0.9262   -0.3140
    0.8633   -0.0236   -0.5042
...    78 G-C ...
  -44.7055 -152.2799  -28.1555
    0.1918   -0.8302    0.5234
   -0.3714   -0.5550   -0.7443
    0.9085   -0.0516   -0.4148
...    79 T-A ...
  -41.4681 -152.2691  -28.9353
   -0.0296   -0.9980    0.0556
   -0.3986   -0.0392   -0.9163
    0.9167   -0.0493   -0.3966
...    80 T-A ...
  -38.3429 -152.4069  -29.8723
   -0.1950   -0.8374   -0.5106
   -0.3177    0.5465   -0.7749
    0.9279    0.0111   -0.3726
...    81 A-T ...
  -35.3387 -151.7754  -31.3169
   -0.2848   -0.2825   -0.9160
   -0.1564    0.9565   -0.2463
    0.9457    0.0731   -0.3166
...    82 T-A ...
  -32.2115 -152.2052  -32.3055
   -0.3111    0.2445   -0.9184
   -0.0102    0.9654    0.2604
    0.9503    0.0904   -0.2979
...    83 A-T ...
  -29.0449 -151.7863  -33.2363
   -0.3254    0.7525   -0.5726
    0.1559    0.6399    0.7525
    0.9327    0.1556   -0.3255
...    84 A-T ...
  -26.1105 -151.3228  -34.5016
   -0.2268    0.9728   -0.0474
    0.3010    0.1163    0.9465
    0.9262    0.2004   -0.3192
...    85 C-G ...
  -23.3845 -150.5037  -36.0869
   -0.1103    0.8811    0.4598
    0.3849   -0.3887    0.8371
    0.9163    0.2693   -0.2963
...    86 G-C ...
  -20.2905 -149.4398  -36.7164
   -0.0545    0.4827    0.8741
    0.4415   -0.7735    0.4547
    0.8956    0.4107   -0.1709
...    87 G-C ...
  -17.5152 -147.5383  -36.9969
    0.0819   -0.0439    0.9957
    0.4659   -0.8815   -0.0771
    0.8811    0.4702   -0.0517
...    88 A-T ...
  -14.6782 -145.9079  -36.8969
    0.3033   -0.5645    0.7677
    0.3756   -0.6696   -0.6408
    0.8758    0.4827    0.0089
...    89 G-C ...
  -11.8767 -144.1740  -36.4964
    0.4227   -0.8499    0.3146
    0.1992   -0.2515   -0.9471
    0.8841    0.4630    0.0630
...    90 C-G ...
   -8.9313 -142.7591  -35.8437
    0.4530   -0.8525   -0.2608
   -0.0417    0.2719   -0.9614
    0.8906    0.4464    0.0876
...    91 T-A ...
   -5.9006 -141.5023  -35.2882
    0.3503   -0.5779   -0.7371
   -0.2657    0.6934   -0.6698
    0.8982    0.4305    0.0893
...    92 T-A ...
   -2.9085 -140.3163  -34.7417
    0.1759   -0.0424   -0.9835
   -0.4446    0.8880   -0.1178
    0.8783    0.4580    0.1374
...    93 T-A ...
    0.0622 -139.0824  -34.2404
   -0.0936    0.4880   -0.8678
   -0.4913    0.7355    0.4666
    0.8659    0.4700    0.1709
...    94 A-T ...
    2.8660 -137.4059  -33.5683
   -0.4264    0.7925   -0.4361
   -0.3529    0.2981    0.8869
    0.8328    0.5321    0.1526
...    95 A-T ...
    5.5643 -135.6496  -33.2979
   -0.5862    0.8003    0.1260
   -0.0597   -0.1978    0.9784
    0.8080    0.5660    0.1637
...    96 C-G ...
    8.0336 -133.5088  -33.3152
   -0.5873    0.5466    0.5969
    0.2599   -0.5711    0.7787
    0.7665    0.6125    0.1933
...    97 A-T ...
   10.4459 -131.3231  -32.5192
   -0.4630    0.0499    0.8849
    0.5796   -0.7383    0.3449
    0.6706    0.6726    0.3129
...    98 C-G ...
   12.0913 -128.6779  -31.4668
   -0.1316   -0.3716    0.9190
    0.7594   -0.6337   -0.1475
    0.6372    0.6785    0.3656
...    99 T-A ...
   13.8636 -126.3350  -29.9448
    0.2476   -0.6902    0.6799
    0.7535   -0.3039   -0.5829
    0.6090    0.6566    0.4449
...   100 T-A ...
   15.6019 -124.1599  -28.2629
    0.6512   -0.7220    0.2339
    0.4838    0.1575   -0.8609
    0.5847    0.6738    0.4519
...   101 T-A ...
   17.3375 -122.0451  -26.4874
    0.8385   -0.4634   -0.2866
    0.0161    0.5469   -0.8371
    0.5446    0.6973    0.4661
...   102 A-T ...
   18.8835 -119.2822  -25.2471
    0.6831    0.0521   -0.7284
   -0.5464    0.6983   -0.4624
    0.4845    0.7139    0.5055
...   103 T-A ...
   20.9095 -117.4280  -23.3930
    0.3160    0.4189   -0.8513
   -0.8270    0.5614   -0.0307
    0.4651    0.7137    0.5238
...   104 G-C ...
   22.2200 -114.8992  -21.6791
   -0.2531    0.5996   -0.7592
   -0.8615    0.2172    0.4589
    0.4401    0.7702    0.4616
...   105 C-G ...
   23.9845 -112.4040  -20.4162
   -0.7039    0.5749   -0.4173
   -0.5926   -0.1513    0.7912
    0.3917    0.8041    0.4472
...   106 T-A ...
   25.2483 -109.5802  -19.2634
   -0.9405    0.3395    0.0107
   -0.1409   -0.4188    0.8971
    0.3091    0.8422    0.4417
...   107 T-A ...
   26.1527 -106.7357  -18.0306
   -0.8754    0.0111    0.4833
    0.4045   -0.5307    0.7448
    0.2647    0.8475    0.4601
...   108 C-G ...
   26.7889 -103.9366  -16.4963
   -0.5022   -0.3498    0.7909
    0.8397   -0.4160    0.3491
    0.2069    0.8394    0.5026
...   109 C-G ...
   26.9882 -101.1436  -14.6095
    0.0037   -0.5988    0.8009
    0.9879   -0.1217   -0.0956
    0.1548    0.7916    0.5912
...   110 G-C ...
   27.8254  -98.7329  -12.4435
    0.5328   -0.6452    0.5475
    0.8334    0.2879   -0.4717
    0.1467    0.7077    0.6912
...   111 G-C ...
   28.2315  -96.6691   -9.7918
    0.8905   -0.4269    0.1571
    0.4164    0.6258   -0.6595
    0.1832    0.6528    0.7351
...   112 C-G ...
   28.8579  -94.8477   -7.0739
    0.9683   -0.0229   -0.2486
   -0.1413    0.7708   -0.6212
    0.2058    0.6367    0.7431
...   113 T-A ...
   29.7440  -92.9775   -4.4697
    0.7349    0.3783   -0.5629
   -0.6362    0.6720   -0.3790
    0.2348    0.6367    0.7345
...   114 C-G ...
   30.5898  -90.9375   -2.0250
    0.2068    0.6991   -0.6844
   -0.9513    0.3072    0.0264
    0.2287    0.6456    0.7286
...   115 G-C ...
   30.8899  -88.7431    0.4936
   -0.3864    0.6830   -0.6198
   -0.9037   -0.1461    0.4024
    0.1843    0.7157    0.6737
...   116 T-A ...
   31.9281  -86.1860    2.3254
   -0.8076    0.4791   -0.3438
   -0.5709   -0.4889    0.6596
    0.1479    0.7290    0.6684
...   117 A-T ...
   32.2886  -83.6860    4.4963
   -0.9990    0.0372    0.0230
   -0.0076   -0.6642    0.7475
    0.0431    0.7467    0.6638
...   118 T-A ...
   32.2079  -80.8613    6.1524
   -0.8708   -0.3193    0.3738
    0.4913   -0.5924    0.6385
    0.0175    0.7397    0.6727
...   119 A-T ...
   31.9068  -78.4073    8.3911
   -0.4527   -0.6887    0.5663
    0.8877   -0.2885    0.3588
   -0.0837    0.6651    0.7420
...   120 A-T ...
   31.3448  -76.3015   10.7841
    0.1238   -0.7493    0.6505
    0.9873    0.1587   -0.0050
   -0.0995    0.6429    0.7595
...   121 T-A ...
   30.3845  -74.4942   13.3562
    0.6040   -0.5746    0.5524
    0.7902    0.5219   -0.3211
   -0.1038    0.6304    0.7693
...   122 G-C ...
   30.3390  -72.4189   15.9587
    0.9528   -0.2255    0.2031
    0.3011    0.7860   -0.5399
   -0.0379    0.5756    0.8169
...   123 T-A ...
   30.2177  -71.0687   18.9960
    0.9690    0.2148   -0.1220
   -0.2460    0.7943   -0.5555
   -0.0224    0.5683    0.8225
...   124 G-C ...
   30.1439  -68.9222   21.5320
    0.6442    0.6030   -0.4705
   -0.7640    0.5363   -0.3588
    0.0360    0.5906    0.8062
...   125 T-A ...
   30.8284  -67.2021   24.3075
    0.1423    0.7899   -0.5965
   -0.9893    0.1339   -0.0586
    0.0336    0.5985    0.8005
...   126 C-G ...
   31.0334  -65.2190   26.9239
   -0.4735    0.7043   -0.5289
   -0.8806   -0.3657    0.3014
    0.0189    0.6085    0.7934
...   127 G-C ...
   30.7595  -63.4027   29.7245
   -0.8815    0.3105   -0.3558
   -0.4655   -0.6981    0.5440
   -0.0794    0.6452    0.7599
...   128 A-T ...
   30.5340  -61.2270   32.1546
   -0.9827   -0.1850   -0.0099
    0.1350   -0.7518    0.6454
   -0.1268    0.6329    0.7638
...   129 C-G ...
   29.8130  -58.7774   34.2340
   -0.7647   -0.5769    0.2871
    0.6219   -0.5439    0.5634
   -0.1688    0.6093    0.7747
...   130 C-G ...
   28.8298  -56.7022   36.7111
   -0.2950   -0.8416    0.4524
    0.9279   -0.1394    0.3458
   -0.2279    0.5218    0.8221
...   131 A-T ...
   28.0513  -55.1099   39.5458
    0.2951   -0.8394    0.4564
    0.9252    0.3704    0.0829
   -0.2386    0.3977    0.8859
...   132 A-T ...
   27.0866  -54.0445   42.4482
    0.7681   -0.4936    0.4080
    0.5952    0.7853   -0.1706
   -0.2362    0.3738    0.8969
...   133 A-T ...
   26.2552  -53.1185   45.4448
    0.9700    0.0385    0.2402
    0.0515    0.9325   -0.3574
   -0.2378    0.3590    0.9025
...   134 T-A ...
   25.6209  -52.5914   48.6400
    0.8597    0.5097    0.0340
   -0.4497    0.7866   -0.4231
   -0.2424    0.3485    0.9054
...   135 G-C ...
   25.2758  -52.5097   52.0791
    0.3204    0.9427   -0.0928
   -0.8825    0.2614   -0.3910
   -0.3443    0.2071    0.9157
...   136 T-A ...
   25.5258  -52.9788   55.8049
   -0.2439    0.9563   -0.1610
   -0.8908   -0.2866   -0.3525
   -0.3833    0.0575    0.9218
...   137 G-C ...
   24.8934  -52.7378   58.9865
   -0.7529    0.5562   -0.3519
   -0.5215   -0.8303   -0.1966
   -0.4015    0.0355    0.9152
...   138 A-T ...
   24.0144  -51.6375   61.9242
   -0.9563    0.0401   -0.2896
   -0.0524   -0.9980    0.0347
   -0.2876    0.0484    0.9565
...   139 G-C ...
   22.3468  -51.2412   64.4940
   -0.8529   -0.5118   -0.1033
    0.4974   -0.8566    0.1373
   -0.1587    0.0657    0.9851
...   140 C-G ...
   22.1504  -50.1499   67.4639
   -0.4681   -0.8748    0.1248
    0.8495   -0.4066    0.3362
   -0.2434    0.2634    0.9335
...   141 G-C ...
   21.4257  -51.8267   72.7876
    0.1303   -0.7143   -0.6876
    0.8897   -0.2218    0.3990
   -0.4375   -0.6638    0.6066
...   142 C-G ...
   20.4246  -54.3095   74.5418
    0.5846   -0.7390   -0.3348
    0.7594    0.3531    0.5465
   -0.2856   -0.5737    0.7676
...   143 T-A ...
   18.4272  -55.5291   76.5299
    0.8548   -0.5005    0.1370
    0.3188    0.7148    0.6224
   -0.4095   -0.4884    0.7706
...   144 C-G ...
   16.8372  -57.7223   78.2674
    0.8529   -0.0846    0.5151
   -0.1508    0.9048    0.3983
   -0.4998   -0.4174    0.7589
...   145 A-T ...
   15.7830  -59.5616   80.7981
    0.5516    0.4995    0.6680
   -0.6739    0.7388    0.0039
   -0.4916   -0.4523    0.7441
...   146 C-G ...
   15.7315  -61.4941   83.9317
    0.0344    0.7399    0.6718
   -0.8637    0.3602   -0.3526
   -0.5029   -0.5681    0.6514
...   147 A-T ...
   14.7384  -63.4280   86.8192
   -0.5924    0.6746    0.4405
   -0.6886   -0.1401   -0.7114
   -0.4182   -0.7248    0.5475
