  147 base-pairs
...     1 T-A ...
    0.0000    0.0000    0.0000
    1.0000    0.0000    0.0000
    0.0000    1.0000    0.0000
    0.0000    0.0000    1.0000
...     2 G-C ...
   -0.5555   -1.1003    3.3981
    0.7749    0.6051    0.1828
   -0.5991    0.7953   -0.0929
   -0.2016   -0.0375    0.9787
...     3 T-A ...
   -0.6619   -3.0237    6.5348
    0.3046    0.9250    0.2271
   -0.8994    0.3578   -0.2510
   -0.3134   -0.1278    0.9410
...     4 G-C ...
   -1.1607   -3.8418    9.6940
   -0.3351    0.9421    0.0133
   -0.8752   -0.3061   -0.3746
   -0.3489   -0.1372    0.9271
...     5 A-T ...
   -1.3881   -3.6770   12.8999
   -0.7835    0.6162   -0.0801
   -0.5677   -0.7622   -0.3109
   -0.2527   -0.1981    0.9470
...     6 G-C ...
   -2.6236   -3.5448   15.7072
   -0.9923    0.0611   -0.1075
   -0.0294   -0.9610   -0.2748
   -0.1201   -0.2695    0.9555
...     7 C-G ...
   -2.3138   -3.7570   18.8866
   -0.8620   -0.4995   -0.0864
    0.5008   -0.8655    0.0073
   -0.0785   -0.0370    0.9962
...     8 G-C ...
   -3.9561   -6.8109   23.3205
   -0.2581   -0.3560   -0.8981
    0.6294   -0.7673    0.1233
   -0.7330   -0.5335    0.4221
...     9 C-G ...
   -6.1177   -8.9414   24.2385
    0.1143   -0.7320   -0.6716
    0.8123   -0.3203    0.4874
   -0.5720   -0.6013    0.5580
...    10 T-A ...
   -8.5041   -9.6771   26.0540
    0.4660   -0.8587   -0.2131
    0.6274    0.1508    0.7640
   -0.6239   -0.4897    0.6090
...    11 C-G ...
  -11.0625  -11.3174   27.2336
    0.6660   -0.6911    0.2808
    0.3382    0.6152    0.7121
   -0.6649   -0.3794    0.6435
...    12 A-T ...
  -13.0013  -13.1789   29.0658
    0.7188   -0.1490    0.6790
   -0.1787    0.9043    0.3876
   -0.6718   -0.4000    0.6235
...    13 C-G ...
  -14.1788  -15.9359   31.3399
    0.4052    0.2865    0.8682
   -0.5270    0.8492   -0.0343
   -0.7470   -0.4437    0.4951
...    14 A-T ...
  -15.9532  -18.1566   33.3080
   -0.1503    0.6873    0.7107
   -0.6106    0.5008   -0.6135
   -0.7776   -0.5261    0.3444
...    15 A-T ...
  -18.3936  -19.9447   34.4650
   -0.4562    0.8608    0.2256
   -0.4021    0.0268   -0.9152
   -0.7939   -0.5082    0.3339
...    16 T-A ...
  -20.7849  -21.5224   36.2768
   -0.6287    0.7222   -0.2883
   -0.0809   -0.4294   -0.8995
   -0.7734   -0.5422    0.3284
...    17 T-A ...
  -23.3228  -23.0778   37.6829
   -0.5797    0.3174   -0.7505
    0.3135   -0.7632   -0.5650
   -0.7521   -0.5628    0.3429
...    18 T-A ...
  -25.8673  -24.7154   38.8165
   -0.2785   -0.1334   -0.9511
    0.5761   -0.8155   -0.0543
   -0.7684   -0.5631    0.3040
...    19 A-T ...
  -28.3916  -26.6865   39.6309
    0.1582   -0.4914   -0.8565
    0.6152   -0.6294    0.4747
   -0.7723   -0.6020    0.2027
...    20 T-A ...
  -31.3017  -28.2616   39.8212
    0.4496   -0.7425   -0.4966
    0.4488   -0.2928    0.8443
   -0.7723   -0.6025    0.2016
...    21 T-A ...
  -33.9183  -30.1980   40.1682
    0.6267   -0.7767    0.0629
    0.1061    0.1650    0.9806
   -0.7720   -0.6078    0.1858
...    22 C-G ...
  -36.3957  -32.2706   40.7345
    0.5972   -0.5192    0.6113
   -0.2906    0.5703    0.7683
   -0.7475   -0.6365    0.1897
...    23 G-C ...
  -38.9315  -34.1122   41.9739
    0.4324   -0.0300    0.9012
   -0.6119    0.7243    0.3178
   -0.6622   -0.6889    0.2948
...    24 C-G ...
  -40.8119  -36.6260   42.8967
    0.0855    0.3900    0.9168
   -0.7480    0.6330   -0.1996
   -0.6582   -0.6687    0.3458
...    25 A-T ...
  -43.3357  -38.5768   43.7962
   -0.3253    0.7166    0.6170
   -0.6641    0.2914   -0.6886
   -0.6732   -0.6338    0.3811
...    26 A-T ...
  -45.4522  -40.6250   45.2532
   -0.6499    0.7502    0.1218
   -0.3614   -0.1640   -0.9179
   -0.6686   -0.6406    0.3777
...    27 A-T ...
  -47.5011  -42.6182   46.8230
   -0.7538    0.5042   -0.4214
    0.0941   -0.5519   -0.8286
   -0.6503   -0.6643    0.3686
...    28 G-C ...
  -49.9033  -44.4572   48.3191
   -0.5502    0.1749   -0.8165
    0.4669   -0.7462   -0.4745
   -0.6923   -0.6423    0.3289
...    29 G-C ...
  -52.5821  -46.3572   49.3869
   -0.1328   -0.2085   -0.9690
    0.6875   -0.7236    0.0615
   -0.7139   -0.6580    0.2394
...    30 C-G ...
  -55.2306  -48.2148   49.9132
    0.3083   -0.5181   -0.7978
    0.6386   -0.5088    0.5773
   -0.7051   -0.6875    0.1740
...    31 C-G ...
  -57.7949  -50.3310   50.2937
    0.6676   -0.6452   -0.3716
    0.3549   -0.1630    0.9206
   -0.6545   -0.7465    0.1201
...    32 G-C ...
  -59.5629  -52.7708   50.8275
    0.8279   -0.5472    0.1232
   -0.0550    0.1394    0.9887
   -0.5582   -0.8253    0.0853
...    33 G-C ...
  -60.9152  -55.8436   50.9836
    0.6986   -0.3301    0.6348
   -0.5247    0.3670    0.7682
   -0.4866   -0.8697    0.0831
...    34 C-G ...
  -62.0909  -58.8915   51.1762
    0.3151   -0.0410    0.9482
   -0.8368    0.4594    0.2980
   -0.4478   -0.8873    0.1105
...    35 C-G ...
  -63.2451  -62.0138   51.8983
   -0.1934    0.2475    0.9494
   -0.8879    0.3676   -0.2767
   -0.4174   -0.8965    0.1487
...    36 C-G ...
  -64.4974  -65.0251   52.6902
   -0.6382    0.4371    0.6337
   -0.6509    0.1332   -0.7474
   -0.4111   -0.8895    0.1995
...    37 G-C ...
  -66.2033  -68.0202   52.3865
   -0.8695    0.4852    0.0924
   -0.1738   -0.1255   -0.9768
   -0.4623   -0.8654    0.1934
...    38 A-T ...
  -67.5159  -70.8117   53.0384
   -0.8058    0.3276   -0.4933
    0.3780   -0.3567   -0.8543
   -0.4558   -0.8749    0.1636
...    39 C-G ...
  -69.3929  -73.3240   53.7496
   -0.4749    0.1420   -0.8685
    0.7378   -0.4738   -0.4808
   -0.4798   -0.8691    0.1202
...    40 A-T ...
  -71.1236  -76.1513   54.0580
    0.0673   -0.0546   -0.9962
    0.8735   -0.4793    0.0852
   -0.4822   -0.8759    0.0155
...    41 C-G ...
  -73.0117  -78.7887   53.6563
    0.5300   -0.2223   -0.8184
    0.7175   -0.3969    0.5725
   -0.4521   -0.8905   -0.0508
...    42 G-C ...
  -74.1346  -81.9245   53.7420
    0.8859   -0.3127   -0.3426
    0.2753   -0.2399    0.9309
   -0.3733   -0.9190   -0.1265
...    43 A-T ...
  -75.3549  -84.8077   53.2844
    0.8866   -0.3813    0.2620
   -0.2885   -0.0130    0.9574
   -0.3616   -0.9244   -0.1215
...    44 C-G ...
  -76.1948  -87.8263   52.2498
    0.6251   -0.2785    0.7292
   -0.7201    0.1549    0.6764
   -0.3013   -0.9479   -0.1037
...    45 T-A ...
  -76.5348  -91.3885   51.6904
    0.1233   -0.1216    0.9849
   -0.9537    0.2599    0.1515
   -0.2744   -0.9579   -0.0839
...    46 T-A ...
  -76.9939  -94.5897   51.3130
   -0.3795    0.0026    0.9252
   -0.8868    0.2842   -0.3645
   -0.2639   -0.9588   -0.1056
...    47 A-T ...
  -78.1126  -97.7130   50.7587
   -0.8552    0.1673    0.4905
   -0.4529    0.2190   -0.8642
   -0.2521   -0.9613   -0.1115
...    48 C-G ...
  -78.8484 -100.9757   51.0666
   -0.9650    0.2587   -0.0424
    0.0697    0.0971   -0.9928
   -0.2527   -0.9611   -0.1117
...    49 T-A ...
  -79.9617 -104.1631   51.0806
   -0.7609    0.3385   -0.5536
    0.5679   -0.0651   -0.8205
   -0.3137   -0.9387   -0.1427
...    50 G-C ...
  -81.1358 -107.2317   50.3777
   -0.2770    0.3575   -0.8919
    0.8986   -0.2323   -0.3722
   -0.3402   -0.9046   -0.2569
...    51 T-A ...
  -82.7420 -109.8948   49.5953
    0.2098    0.2658   -0.9409
    0.9225   -0.3726    0.1005
   -0.3239   -0.8891   -0.3234
...    52 A-T ...
  -84.2078 -112.3959   47.8699
    0.6968    0.2434   -0.6747
    0.6886   -0.4901    0.5344
   -0.2006   -0.8370   -0.5092
...    53 G-C ...
  -85.1569 -114.9044   46.0667
    0.9586    0.0888   -0.2704
    0.2719   -0.5668    0.7777
   -0.0842   -0.8191   -0.5675
...    54 G-C ...
  -85.2990 -117.2796   43.3076
    0.9627   -0.1351    0.2343
   -0.2691   -0.5642    0.7805
    0.0268   -0.8145   -0.5795
...    55 T-A ...
  -84.7534 -119.6576   41.1572
    0.6959   -0.3765    0.6115
   -0.7145   -0.4480    0.5374
    0.0716   -0.8109   -0.5808
...    56 A-T ...
  -83.8462 -122.2577   39.1373
    0.1719   -0.5113    0.8420
   -0.9752   -0.2095    0.0719
    0.1397   -0.8334   -0.5347
...    57 T-A ...
  -82.6274 -124.8208   37.4386
   -0.3374   -0.5666    0.7518
   -0.9287    0.0699   -0.3641
    0.1537   -0.8210   -0.5498
...    58 C-G ...
  -81.9062 -127.6900   35.8184
   -0.8313   -0.4184    0.3660
   -0.5325    0.4103   -0.7404
    0.1596   -0.8103   -0.5638
...    59 T-A ...
  -81.4177 -130.6019   34.2444
   -0.9921   -0.1127   -0.0556
   -0.0181    0.5662   -0.8241
    0.1243   -0.8166   -0.5637
...    60 C-G ...
  -80.9930 -133.3193   32.3452
   -0.8206    0.2524   -0.5127
    0.5590    0.5411   -0.6283
    0.1188   -0.8022   -0.5851
...    61 G-C ...
  -80.2986 -135.5920   30.1168
   -0.4532    0.6037   -0.6558
    0.8888    0.3625   -0.2805
    0.0684   -0.7100   -0.7009
...    62 A-T ...
  -79.7499 -137.9727   28.0048
    0.1003    0.7690   -0.6313
    0.9863    0.0066    0.1647
    0.1308   -0.6392   -0.7578
...    63 G-C ...
  -79.5833 -139.7879   25.2501
    0.5648    0.7270   -0.3906
    0.8053   -0.3820    0.4534
    0.1805   -0.5706   -0.8012
...    64 C-G ...
  -79.2540 -141.2692   22.2397
    0.8998    0.4361   -0.0126
    0.3629   -0.7321    0.5764
    0.2421   -0.5233   -0.8170
...    65 T-A ...
  -78.5137 -142.6169   19.3166
    0.9351    0.0577    0.3496
   -0.1226   -0.8730    0.4720
    0.3325   -0.4843   -0.8093
...    66 C-G ...
  -76.9346 -144.0744   16.8678
    0.6971   -0.3956    0.5980
   -0.5814   -0.8000    0.1485
    0.4197   -0.4512   -0.7876
...    67 A-T ...
  -74.9952 -145.0721   14.2174
    0.2626   -0.6946    0.6698
   -0.7894   -0.5538   -0.2648
    0.5549   -0.4592   -0.6937
...    68 T-A ...
  -72.7709 -146.3938   12.2443
   -0.1710   -0.8694    0.4636
   -0.8069   -0.1465   -0.5722
    0.5654   -0.4719   -0.6765
...    69 G-C ...
  -70.6798 -148.0094   10.1547
   -0.6207   -0.7828    0.0437
   -0.5490    0.3942   -0.7370
    0.5597   -0.4815   -0.6744
...    70 T-A ...
  -68.5407 -149.9091    8.3623
   -0.8050   -0.4573   -0.3780
   -0.1390    0.7648   -0.6291
    0.5768   -0.4539   -0.6792
...    71 T-A ...
  -66.6929 -151.5286    6.3082
   -0.7326    0.0425   -0.6793
    0.3255    0.8984   -0.2948
    0.5978   -0.4371   -0.6720
...    72 A-T ...
  -64.5869 -152.7609    4.0189
   -0.4379    0.5734   -0.6924
    0.6698    0.7218    0.1741
    0.5996   -0.3875   -0.7002
...    73 T-A ...
  -63.2243 -154.3616    1.5652
   -0.0614    0.8581   -0.5097
    0.7848    0.3571    0.5066
    0.6167   -0.3689   -0.6954
...    74 A-T ...
  -61.1828 -155.3714   -0.7722
    0.2434    0.9675   -0.0686
    0.7267   -0.1351    0.6735
    0.6424   -0.2138   -0.7360
...    75 A-T ...
  -59.2811 -155.8361   -3.2028
    0.5092    0.7832    0.3569
    0.5220   -0.6107    0.5955
    0.6843   -0.1169   -0.7197
...    76 C-G ...
  -57.2172 -155.4596   -5.8416
    0.6638    0.3562    0.6576
    0.1971   -0.9315    0.3057
    0.7215   -0.0733   -0.6886
...    77 G-C ...
  -54.4990 -155.8904   -7.5965
    0.5434   -0.1652    0.8231
   -0.0872   -0.9863   -0.1403
    0.8349    0.0045   -0.5503
...    78 G-C ...
  -51.3858 -155.9508   -8.7006
    0.3295   -0.6484    0.6863
   -0.2645   -0.7612   -0.5922
    0.9064    0.0136   -0.4223
...    79 A-T ...
  -48.2705 -155.6898   -9.8689
    0.1277   -0.9746    0.1842
   -0.3889   -0.2201   -0.8946
    0.9124    0.0425   -0.4071
...    80 T-A ...
  -45.0416 -155.5784  -10.6204
   -0.0851   -0.9457   -0.3137
   -0.3947    0.3211   -0.8609
    0.9149    0.0506   -0.4006
...    81 C-G ...
  -41.9336 -155.4662  -11.8877
   -0.3014   -0.5560   -0.7746
   -0.2745    0.8286   -0.4879
    0.9131    0.0656   -0.4024
...    82 G-C ...
  -39.1236 -154.3053  -13.4936
   -0.4421    0.0017   -0.8970
   -0.0706    0.9968    0.0367
    0.8942    0.0795   -0.4406
...    83 G-C ...
  -36.0637 -154.0896  -14.7888
   -0.4779    0.5385   -0.6940
    0.1228    0.8233    0.5542
    0.8698    0.1796   -0.4596
...    84 G-C ...
  -33.2147 -153.6626  -16.4985
   -0.4504    0.8605   -0.2379
    0.3567    0.4177    0.8356
    0.8184    0.2915   -0.4951
...    85 A-T ...
  -30.6506 -152.6916  -18.3034
   -0.2261    0.9212    0.3168
    0.5541   -0.1458    0.8196
    0.8011    0.3608   -0.4775
...    86 T-A ...
  -28.4684 -151.2010  -20.2539
    0.0408    0.7004    0.7125
    0.6042   -0.5853    0.5407
    0.7958    0.4085   -0.4471
...    87 C-G ...
  -25.9790 -149.5678  -21.6365
    0.3275    0.2144    0.9202
    0.5028   -0.8641    0.0224
    0.8000    0.4553   -0.3908
...    88 C-G ...
  -23.3912 -147.8274  -22.6629
    0.4480   -0.3075    0.8395
    0.3036   -0.8309   -0.4664
    0.8409    0.4638   -0.2789
...    89 G-C ...
  -20.4497 -146.6990  -23.6352
    0.4471   -0.7594    0.4727
    0.0718   -0.4963   -0.8652
    0.8916    0.4208   -0.1674
...    90 C-G ...
  -17.2725 -145.2945  -23.6257
    0.4064   -0.9068   -0.1123
   -0.1706    0.0455   -0.9843
    0.8976    0.4192   -0.1363
...    91 T-A ...
  -13.9385 -144.3071  -23.7363
    0.2559   -0.7082   -0.6580
   -0.3233    0.5787   -0.7487
    0.9110    0.4044   -0.0809
...    92 T-A ...
  -10.8436 -143.2541  -23.7253
    0.0821   -0.1997   -0.9764
   -0.4296    0.8769   -0.2155
    0.8993    0.4372   -0.0138
...    93 T-A ...
   -7.7684 -142.1140  -23.6537
   -0.1454    0.3623   -0.9206
   -0.4246    0.8176    0.3889
    0.8936    0.4475    0.0350
...    94 A-T ...
   -4.9786 -140.3612  -23.1023
   -0.3982    0.7610   -0.5121
   -0.2769    0.4325    0.8580
    0.8745    0.4835    0.0385
...    95 A-T ...
   -2.2272 -138.8044  -23.1504
   -0.5369    0.8432    0.0278
   -0.0298   -0.0518    0.9982
    0.8431    0.5352    0.0529
...    96 C-G ...
    0.4171 -136.8257  -23.5932
   -0.5216    0.6661    0.5331
    0.2473   -0.4800    0.8417
    0.8166    0.5709    0.0857
...    97 A-T ...
    2.9650 -134.6800  -23.2229
   -0.4089    0.2086    0.8884
    0.5293   -0.7388    0.4172
    0.7434    0.6408    0.1917
...    98 C-G ...
    4.9037 -132.0803  -22.4218
   -0.1103   -0.2343    0.9659
    0.6915   -0.7161   -0.0948
    0.7139    0.6575    0.2410
...    99 T-A ...
    6.9331 -129.3984  -21.1297
    0.2658   -0.6351    0.7252
    0.6624   -0.4263   -0.6161
    0.7004    0.6442    0.3074
...   100 T-A ...
    8.9750 -127.2079  -19.8103
    0.6404   -0.7298    0.2391
    0.3893    0.0401   -0.9202
    0.6620    0.6824    0.3098
...   101 T-A ...
   10.9730 -125.0008  -18.4388
    0.7867   -0.5287   -0.3188
   -0.0601    0.4484   -0.8918
    0.6145    0.7207    0.3209
...   102 A-T ...
   12.8571 -122.2385  -17.5452
    0.5907   -0.0433   -0.8057
   -0.5884    0.6603   -0.4668
    0.5522    0.7498    0.3646
...   103 T-A ...
   15.1462 -120.2915  -16.2297
    0.2306    0.2679   -0.9355
   -0.8059    0.5913   -0.0293
    0.5453    0.7606    0.3522
...   104 G-C ...
   17.1414 -117.8170  -15.2697
   -0.3576    0.4984   -0.7897
   -0.7648    0.3290    0.5540
    0.5359    0.8021    0.2635
...   105 C-G ...
   18.9111 -115.1242  -14.8977
   -0.7482    0.5385   -0.3877
   -0.4682   -0.0144    0.8835
    0.4702    0.8425    0.2629
...   106 T-A ...
   20.5569 -112.1451  -14.4378
   -0.9095    0.3856    0.1554
    0.0349   -0.3017    0.9528
    0.4143    0.8719    0.2610
...   107 T-A ...
   21.7249 -109.2535  -13.7669
   -0.7761    0.0850    0.6248
    0.5339   -0.4385    0.7229
    0.3354    0.8947    0.2949
...   108 C-G ...
   22.4847 -106.2308  -12.7444
   -0.3793   -0.2556    0.8893
    0.8847   -0.3816    0.2677
    0.2709    0.8883    0.3709
...   109 C-G ...
   23.1160 -103.2913  -11.4219
    0.0980   -0.5195    0.8488
    0.9627   -0.1666   -0.2131
    0.2521    0.8381    0.4838
...   110 G-C ...
   24.1761 -100.9506   -9.7393
    0.5441   -0.6166    0.5690
    0.7997    0.1757   -0.5742
    0.2540    0.7674    0.5887
...   111 G-C ...
   25.1960  -98.8184   -7.3148
    0.8821   -0.4518    0.1336
    0.3862    0.5312   -0.7541
    0.2697    0.7168    0.6431
...   112 C-G ...
   26.2230  -96.9006   -4.7497
    0.9421   -0.0987   -0.3204
   -0.1597    0.7081   -0.6878
    0.2948    0.6991    0.6514
...   113 T-A ...
   27.2413  -94.7215   -2.4888
    0.7108    0.3001   -0.6362
   -0.6362    0.6600   -0.3995
    0.3001    0.6887    0.6600
...   114 C-G ...
   28.1323  -92.3555   -0.3128
    0.1853    0.6326   -0.7520
   -0.9370    0.3443    0.0586
    0.2960    0.6938    0.6566
...   115 G-C ...
   28.5784  -90.0195    2.0057
   -0.4200    0.6666   -0.6158
   -0.8738   -0.1138    0.4728
    0.2451    0.7367    0.6303
...   116 T-A ...
   29.6422  -87.2386    3.4989
   -0.8352    0.4605   -0.3007
   -0.5146   -0.4612    0.7229
    0.1942    0.7584    0.6221
...   117 A-T ...
   30.2743  -84.2783    5.1442
   -0.9954    0.0321    0.0897
    0.0501   -0.6242    0.7796
    0.0810    0.7806    0.6198
...   118 T-A ...
   30.2729  -81.3749    6.5844
   -0.8395   -0.2950    0.4563
    0.5389   -0.5592    0.6300
    0.0694    0.7748    0.6284
...   119 A-T ...
   30.4103  -78.9148    8.7914
   -0.4104   -0.6338    0.6557
    0.9118   -0.2737    0.3062
   -0.0146    0.7235    0.6902
...   120 A-T ...
   30.0176  -76.6244   11.0447
    0.1688   -0.7202    0.6730
    0.9851    0.1468   -0.0900
   -0.0340    0.6781    0.7342
...   121 T-A ...
   29.2784  -74.6619   13.6320
    0.6527   -0.5438    0.5274
    0.7562    0.5094   -0.4107
   -0.0453    0.6669    0.7438
...   122 G-C ...
   29.0921  -72.6096   16.3627
    0.9741   -0.1828    0.1329
    0.2257    0.7550   -0.6157
    0.0122    0.6298    0.7767
...   123 T-A ...
   29.2096  -70.9932   19.2231
    0.9548    0.2269   -0.1918
   -0.2969    0.7541   -0.5858
    0.0117    0.6163    0.7874
...   124 G-C ...
   29.3195  -68.9738   21.8785
    0.5955    0.6052   -0.5284
   -0.8012    0.4953   -0.3357
    0.0585    0.6233    0.7798
...   125 T-A ...
   29.9667  -67.2047   24.5096
    0.0880    0.7585   -0.6457
   -0.9942    0.1073   -0.0093
    0.0623    0.6428    0.7635
...   126 C-G ...
   30.2218  -65.1367   26.9081
   -0.5147    0.6811   -0.5208
   -0.8548   -0.3604    0.3734
    0.0666    0.6374    0.7677
...   127 G-C ...
   29.8908  -63.3002   29.6331
   -0.8841    0.3007   -0.3577
   -0.4634   -0.6620    0.5891
   -0.0597    0.6866    0.7246
...   128 A-T ...
   29.8592  -61.1462   31.9355
   -0.9879   -0.1499    0.0395
    0.1379   -0.7332    0.6659
   -0.0709    0.6633    0.7450
...   129 C-G ...
   29.3114  -58.5129   33.8429
   -0.7634   -0.5472    0.3431
    0.6356   -0.5420    0.5498
   -0.1149    0.6378    0.7616
...   130 C-G ...
   28.1763  -56.4286   36.3102
   -0.3134   -0.8251    0.4700
    0.9291   -0.1641    0.3315
   -0.1964    0.5406    0.8180
...   131 A-T ...
   27.8816  -55.0200   39.3348
    0.2596   -0.8642    0.4310
    0.9450    0.3193    0.0709
   -0.1989    0.3889    0.8996
...   132 A-T ...
   27.1163  -53.9587   42.3374
    0.7515   -0.5421    0.3759
    0.6296    0.7596   -0.1632
   -0.1971    0.3593    0.9122
...   133 A-T ...
   26.2654  -53.1322   45.4057
    0.9692    0.0260    0.2448
    0.0654    0.9315   -0.3578
   -0.2374    0.3628    0.9011
...   134 T-A ...
   25.6208  -52.5912   48.6398
    0.8597    0.5097    0.0340
   -0.4497    0.7866   -0.4231
   -0.2424    0.3485    0.9054
...   135 G-C ...
   25.2756  -52.5095   52.0790
    0.3204    0.9427   -0.0928
   -0.8825    0.2614   -0.3910
   -0.3443    0.2071    0.9157
...   136 T-A ...
   25.5257  -52.9786   55.8048
   -0.2439    0.9563   -0.1610
   -0.8908   -0.2866   -0.3525
   -0.3833    0.0575    0.9218
...   137 G-C ...
   24.8932  -52.7376   58.9864
   -0.7529    0.5562   -0.3519
   -0.5215   -0.8303   -0.1966
   -0.4015    0.0355    0.9152
...   138 A-T ...
   24.0142  -51.6373   61.9241
   -0.9563    0.0401   -0.2896
   -0.0524   -0.9980    0.0347
   -0.2876    0.0484    0.9565
...   139 G-C ...
   22.3466  -51.2410   64.4938
   -0.8529   -0.5118   -0.1033
    0.4974   -0.8566    0.1373
   -0.1587    0.0657    0.9851
...   140 C-G ...
   22.1502  -50.1497   67.4637
   -0.4681   -0.8748    0.1248
    0.8495   -0.4066    0.3362
   -0.2434    0.2634    0.9335
...   141 G-C ...
   21.4256  -51.8265   72.7875
    0.1303   -0.7143   -0.6876
    0.8897   -0.2217    0.3990
   -0.4375   -0.6638    0.6066
...   142 C-G ...
   20.4245  -54.3093   74.5417
    0.5846   -0.7390   -0.3348
    0.7594    0.3532    0.5465
   -0.2856   -0.5737    0.7676
...   143 T-A ...
   18.4270  -55.5289   76.5297
    0.8548   -0.5005    0.1370
    0.3188    0.7148    0.6224
   -0.4095   -0.4884    0.7706
...   144 C-G ...
   16.8371  -57.7221   78.2672
    0.8529   -0.0846    0.5151
   -0.1508    0.9048    0.3983
   -0.4998   -0.4174    0.7589
...   145 A-T ...
   15.7828  -59.5614   80.7980
    0.5516    0.4995    0.6680
   -0.6739    0.7388    0.0039
   -0.4916   -0.4523    0.7441
...   146 C-G ...
   15.7314  -61.4939   83.9315
    0.0344    0.7399    0.6718
   -0.8637    0.3602   -0.3526
   -0.5029   -0.5681    0.6514
...   147 A-T ...
   14.7383  -63.4278   86.8191
   -0.5924    0.6746    0.4405
   -0.6886   -0.1401   -0.7114
   -0.4182   -0.7248    0.5475
