  147 base-pairs
...     1 T-A ...
    0.0000    0.0000    0.0000
    1.0000    0.0000    0.0000
    0.0000    1.0000    0.0000
    0.0000    0.0000    1.0000
...     2 G-C ...
   -0.5555   -1.1003    3.3981
    0.7749    0.6051    0.1828
   -0.5991    0.7953   -0.0929
   -0.2016   -0.0375    0.9787
...     3 T-A ...
   -0.6619   -3.0237    6.5348
    0.3046    0.9250    0.2271
   -0.8994    0.3578   -0.2510
   -0.3134   -0.1278    0.9410
...     4 G-C ...
   -1.1607   -3.8418    9.6940
   -0.3351    0.9421    0.0133
   -0.8752   -0.3061   -0.3746
   -0.3489   -0.1372    0.9271
...     5 A-T ...
   -1.3881   -3.6770   12.8999
   -0.7835    0.6162   -0.0801
   -0.5677   -0.7622   -0.3109
   -0.2527   -0.1981    0.9470
...     6 G-C ...
   -2.6236   -3.5448   15.7072
   -0.9923    0.0611   -0.1075
   -0.0294   -0.9610   -0.2748
   -0.1201   -0.2695    0.9555
...     7 C-G ...
   -2.3138   -3.7570   18.8866
   -0.8620   -0.4995   -0.0864
    0.5008   -0.8655    0.0073
   -0.0785   -0.0370    0.9962
...     8 G-C ...
   -3.9561   -6.8109   23.3205
   -0.2581   -0.3560   -0.8981
    0.6294   -0.7673    0.1233
   -0.7330   -0.5335    0.4221
...     9 C-G ...
   -6.1177   -8.9414   24.2385
    0.1143   -0.7320   -0.6716
    0.8123   -0.3203    0.4874
   -0.5720   -0.6013    0.5580
...    10 T-A ...
   -8.5041   -9.6771   26.0540
    0.4660   -0.8587   -0.2131
    0.6274    0.1508    0.7640
   -0.6239   -0.4897    0.6090
...    11 C-G ...
  -11.0625  -11.3174   27.2336
    0.6660   -0.6911    0.2808
    0.3382    0.6152    0.7121
   -0.6649   -0.3794    0.6435
...    12 A-T ...
  -13.0013  -13.1789   29.0658
    0.7188   -0.1490    0.6790
   -0.1787    0.9043    0.3876
   -0.6718   -0.4000    0.6235
...    13 C-G ...
  -14.1788  -15.9359   31.3399
    0.4052    0.2865    0.8682
   -0.5270    0.8492   -0.0343
   -0.7470   -0.4437    0.4951
...    14 A-T ...
  -15.9532  -18.1566   33.3080
   -0.1503    0.6873    0.7107
   -0.6106    0.5008   -0.6135
   -0.7776   -0.5261    0.3444
...    15 A-T ...
  -18.3098  -19.9459   34.6487
   -0.4766    0.8441    0.2456
   -0.4090    0.0344   -0.9119
   -0.7782   -0.5350    0.3289
...    16 T-A ...
  -20.6384  -21.5332   36.3457
   -0.6120    0.7522   -0.2441
   -0.1111   -0.3873   -0.9152
   -0.7830   -0.5330    0.3206
...    17 T-A ...
  -23.1852  -23.0951   37.5967
   -0.5551    0.4211   -0.7173
    0.2525   -0.7364   -0.6277
   -0.7925   -0.5295    0.3025
...    18 T-A ...
  -25.8597  -24.5750   38.6563
   -0.2994   -0.0389   -0.9533
    0.5162   -0.8469   -0.1276
   -0.8024   -0.5303    0.2737
...    19 A-T ...
  -28.7195  -26.1557   39.2885
    0.1352   -0.4123   -0.9010
    0.5644   -0.7153    0.4120
   -0.8143   -0.5642    0.1360
...    20 T-A ...
  -31.6724  -27.5766   39.2588
    0.4137   -0.6991   -0.5832
    0.4161   -0.4245    0.8041
   -0.8097   -0.5753    0.1153
...    21 T-A ...
  -34.3609  -29.3802   39.3389
    0.5873   -0.8083   -0.0417
    0.1057    0.0256    0.9941
   -0.8024   -0.5883    0.1005
...    22 C-G ...
  -36.8748  -31.4520   39.5498
    0.5667   -0.6265    0.5351
   -0.2742    0.4690    0.8395
   -0.7769   -0.6225    0.0940
...    23 G-C ...
  -39.4647  -33.4219   40.2638
    0.3902   -0.2057    0.8975
   -0.5803    0.7018    0.4131
   -0.7149   -0.6820    0.1545
...    24 C-G ...
  -41.5035  -35.9784   40.7919
    0.0345    0.2281    0.9730
   -0.7117    0.6891   -0.1363
   -0.7016   -0.6878    0.1861
...    25 A-T ...
  -43.9912  -38.0883   41.3719
   -0.3269    0.6265    0.7076
   -0.6214    0.4216   -0.6604
   -0.7120   -0.6556    0.2515
...    26 A-T ...
  -46.1398  -40.2885   42.4307
   -0.6370    0.7408    0.2129
   -0.3160    0.0009   -0.9488
   -0.7031   -0.6717    0.2335
...    27 A-T ...
  -48.3816  -42.4007   43.4630
   -0.7097    0.6068   -0.3579
    0.1092   -0.4071   -0.9068
   -0.6960   -0.6827    0.2227
...    28 G-C ...
  -50.8180  -44.4262   44.3970
   -0.4984    0.3596   -0.7889
    0.4647   -0.6574   -0.5932
   -0.7319   -0.6623    0.1605
...    29 G-C ...
  -53.5248  -46.3548   44.9750
   -0.0996    0.0279   -0.9946
    0.6487   -0.7561   -0.0862
   -0.7545   -0.6538    0.0572
...    30 C-G ...
  -56.2896  -48.1419   44.9878
    0.3108   -0.3319   -0.8906
    0.5935   -0.6642    0.4546
   -0.7424   -0.6699   -0.0094
...    31 C-G ...
  -58.8906  -50.2380   44.5254
    0.6544   -0.5539   -0.5148
    0.3188   -0.4152    0.8520
   -0.6857   -0.7217   -0.0951
...    32 G-C ...
  -60.9053  -52.8833   44.3441
    0.8074   -0.5886    0.0407
   -0.1226   -0.0998    0.9874
   -0.5771   -0.8023   -0.1527
...    33 G-C ...
  -62.4965  -55.7391   43.5153
    0.6653   -0.4804    0.5715
   -0.5596    0.1860    0.8077
   -0.4943   -0.8571   -0.1451
...    34 C-G ...
  -63.7033  -58.7510   42.8659
    0.2736   -0.2729    0.9223
   -0.8455    0.3889    0.3659
   -0.4586   -0.8799   -0.1243
...    35 C-G ...
  -64.9371  -61.8793   42.6380
   -0.2037    0.0330    0.9785
   -0.8754    0.4414   -0.1972
   -0.4384   -0.8967   -0.0610
...    36 C-G ...
  -66.2398  -64.9887   42.7240
   -0.6244    0.3160    0.7143
   -0.6333    0.3304   -0.6998
   -0.4572   -0.8893   -0.0062
...    37 G-C ...
  -68.0129  -67.7934   42.3527
   -0.8357    0.5127    0.1969
   -0.1779    0.0864   -0.9802
   -0.5196   -0.8542    0.0190
...    38 A-T ...
  -69.6698  -70.6174   42.5191
   -0.7694    0.4856   -0.4151
    0.3523   -0.2195   -0.9098
   -0.5329   -0.8462   -0.0021
...    39 C-G ...
  -71.7643  -73.1404   42.9594
   -0.4590    0.3291   -0.8253
    0.7027   -0.4340   -0.5639
   -0.5437   -0.8387   -0.0321
...    40 A-T ...
  -73.5319  -75.9580   42.7650
    0.0744    0.1397   -0.9874
    0.8307   -0.5565   -0.0162
   -0.5517   -0.8190   -0.1574
...    41 C-G ...
  -75.7899  -78.2256   42.0437
    0.5165   -0.1168   -0.8483
    0.6729   -0.5574    0.4864
   -0.5296   -0.8220   -0.2093
...    42 G-C ...
  -77.2637  -81.1247   41.3274
    0.8706   -0.2609   -0.4172
    0.2741   -0.4470    0.8515
   -0.4086   -0.8557   -0.3176
...    43 A-T ...
  -78.4761  -83.9004   40.1347
    0.8945   -0.4164    0.1627
   -0.2829   -0.2455    0.9272
   -0.3461   -0.8754   -0.3374
...    44 C-G ...
  -79.1806  -86.6715   38.5016
    0.6362   -0.4494    0.6271
   -0.7112   -0.0267    0.7025
   -0.2990   -0.8929   -0.3366
...    45 T-A ...
  -79.7490  -89.7013   37.3194
    0.1877   -0.3514    0.9172
   -0.9520    0.1646    0.2579
   -0.2416   -0.9216   -0.3037
...    46 T-A ...
  -80.2015  -92.7573   36.3004
   -0.3960   -0.2247    0.8903
   -0.8908    0.3293   -0.3131
   -0.2228   -0.9171   -0.3306
...    47 A-T ...
  -81.2332  -95.6421   34.9001
   -0.8774   -0.0095    0.4796
   -0.4419    0.4049   -0.8005
   -0.1866   -0.9143   -0.3595
...    48 C-G ...
  -81.7564  -98.8796   34.2941
   -0.9783    0.2069   -0.0082
    0.0825    0.3529   -0.9320
   -0.1900   -0.9125   -0.3623
...    49 T-A ...
  -82.5900 -101.9501   33.3564
   -0.7818    0.4003   -0.4781
    0.5833    0.1984   -0.7876
   -0.2204   -0.8946   -0.3886
...    50 G-C ...
  -83.3129 -104.8395   31.8896
   -0.3028    0.5374   -0.7871
    0.9191   -0.0537   -0.3903
   -0.2520   -0.8416   -0.4777
...    51 T-A ...
  -84.7319 -107.4170   30.4093
    0.2187    0.4788   -0.8503
    0.9480   -0.3108    0.0689
   -0.2312   -0.8211   -0.5218
...    52 A-T ...
  -85.7233 -109.8679   28.3785
    0.7097    0.3839   -0.5908
    0.6918   -0.5383    0.4813
   -0.1333   -0.7502   -0.6476
...    53 G-C ...
  -86.2186 -112.0558   25.9788
    0.9696    0.1414   -0.1995
    0.2420   -0.6732    0.6987
   -0.0355   -0.7258   -0.6870
...    54 G-C ...
  -86.0306 -114.1548   23.3545
    0.9517   -0.1437    0.2714
   -0.2932   -0.6878    0.6640
    0.0912   -0.7115   -0.6967
...    55 T-A ...
  -85.3051 -116.0553   20.7851
    0.6665   -0.4416    0.6006
   -0.7319   -0.5408    0.4146
    0.1417   -0.7159   -0.6837
...    56 C-G ...
  -84.5991 -118.4397   18.6742
    0.1197   -0.6548    0.7462
   -0.9752   -0.2183   -0.0351
    0.1859   -0.7235   -0.6648
...    57 A-T ...
  -84.1705 -120.9351   16.5444
   -0.4646   -0.6193    0.6330
   -0.8623    0.1536   -0.4826
    0.2016   -0.7700   -0.6053
...    58 T-A ...
  -82.9875 -123.6285   15.0156
   -0.8322   -0.4785    0.2803
   -0.5063    0.4494   -0.7360
    0.2262   -0.7544   -0.6162
...    59 G-C ...
  -82.4266 -125.9885   12.7724
   -0.9817   -0.0961   -0.1641
    0.0658    0.6378   -0.7674
    0.1784   -0.7642   -0.6198
...    60 T-A ...
  -82.0294 -128.8865   11.1716
   -0.8068    0.2586   -0.5312
    0.5631    0.6088   -0.5589
    0.1788   -0.7500   -0.6368
...    61 T-A ...
  -81.6234 -131.4796    9.2595
   -0.3507    0.5554   -0.7540
    0.9143    0.3774   -0.1472
    0.2028   -0.7410   -0.6401
...    62 A-T ...
  -81.1404 -133.8899    7.0242
    0.1752    0.7613   -0.6243
    0.9589    0.0119    0.2835
    0.2233   -0.6483   -0.7279
...    63 T-A ...
  -80.9929 -135.8020    4.3847
    0.6107    0.6966   -0.3766
    0.7517   -0.3603    0.5524
    0.2492   -0.6204   -0.7436
...    64 A-T ...
  -80.2328 -137.3458    1.5133
    0.8317    0.5444    0.1090
    0.3675   -0.6869    0.6270
    0.4162   -0.4814   -0.7714
...    65 A-T ...
  -78.8143 -138.6210   -1.0821
    0.8732    0.1130    0.4740
   -0.1269   -0.8864    0.4451
    0.4705   -0.4488   -0.7597
...    66 C-G ...
  -76.9751 -139.4571   -3.6635
    0.6662   -0.3288    0.6694
   -0.5300   -0.8402    0.1148
    0.5247   -0.4312   -0.7340
...    67 G-C ...
  -75.1814 -141.2898   -5.7926
    0.2157   -0.6911    0.6898
   -0.7515   -0.5686   -0.3347
    0.6235   -0.4462   -0.6420
...    68 G-C ...
  -72.7819 -142.8746   -7.5643
   -0.2554   -0.8663    0.4292
   -0.7125   -0.1314   -0.6892
    0.6535   -0.4819   -0.5837
...    69 A-T ...
  -70.5443 -144.4943   -9.3598
   -0.6193   -0.7817   -0.0738
   -0.4143    0.4052   -0.8150
    0.6670   -0.4741   -0.5748
...    70 T-A ...
  -68.1697 -146.4139  -10.6729
   -0.7183   -0.4802   -0.5034
   -0.0474    0.7556   -0.6533
    0.6941   -0.4454   -0.5656
...    71 A-T ...
  -65.6590 -147.4304  -12.6789
   -0.5588    0.0897   -0.8245
    0.3863    0.9079   -0.1630
    0.7339   -0.4095   -0.5419
...    72 T-A ...
  -63.6245 -149.3201  -14.4552
   -0.2893    0.5366   -0.7927
    0.6001    0.7468    0.2865
    0.7457   -0.3929   -0.5381
...    73 C-G ...
  -61.2327 -150.6723  -16.2264
    0.0587    0.8936   -0.4451
    0.6442    0.3067    0.7007
    0.7626   -0.3279   -0.5576
...    74 T-A ...
  -58.9040 -151.5974  -18.3580
    0.2891    0.9566    0.0361
    0.5348   -0.1927    0.8227
    0.7940   -0.2185   -0.5673
...    75 C-G ...
  -56.3190 -152.1040  -20.2437
    0.4666    0.6979    0.5434
    0.3018   -0.7031    0.6438
    0.8314   -0.1364   -0.5387
...    76 G-C ...
  -53.3074 -152.4442  -21.6392
    0.4112    0.2314    0.8817
    0.0860   -0.9728    0.2152
    0.9075   -0.0127   -0.4199
...    77 A-T ...
  -50.2476 -152.3117  -22.7825
    0.3432   -0.3728    0.8621
   -0.1179   -0.9277   -0.3543
    0.9318    0.0199   -0.3623
...    78 G-C ...
  -47.0703 -151.9841  -23.6727
    0.1912   -0.8053    0.5612
   -0.2318   -0.5926   -0.7714
    0.9538    0.0175   -0.3000
...    79 C-G ...
  -43.7794 -151.9329  -24.2004
    0.0232   -0.9987    0.0444
   -0.2643   -0.0490   -0.9632
    0.9642    0.0106   -0.2651
...    80 T-A ...
  -40.4986 -152.0503  -24.7576
   -0.1265   -0.8675   -0.4811
   -0.2167    0.4974   -0.8400
    0.9680   -0.0020   -0.2509
...    81 C-G ...
  -37.2756 -152.1030  -25.4780
   -0.2189   -0.3932   -0.8930
   -0.1137    0.9193   -0.3769
    0.9691    0.0191   -0.2459
...    82 G-C ...
  -34.0662 -151.4924  -26.2191
   -0.3252    0.1936   -0.9256
   -0.0044    0.9785    0.2063
    0.9456    0.0712   -0.3173
...    83 G-C ...
  -30.8670 -151.5136  -27.2927
   -0.3657    0.6801   -0.6354
    0.1470    0.7163    0.6821
    0.9191    0.1560   -0.3619
...    84 G-C ...
  -27.8565 -151.1482  -28.7527
   -0.3437    0.9294   -0.1343
    0.3093    0.2471    0.9183
    0.8867    0.2740   -0.3724
...    85 A-T ...
  -25.0364 -150.2050  -30.0372
   -0.1876    0.8793    0.4378
    0.4561   -0.3167    0.8317
    0.8699    0.3557   -0.3416
...    86 T-A ...
  -22.6056 -148.6482  -31.5373
    0.0150    0.5953    0.8033
    0.5025   -0.6991    0.5087
    0.8644    0.3961   -0.3096
...    87 C-G ...
  -19.8548 -147.1344  -32.3465
    0.2353    0.0673    0.9696
    0.4476   -0.8930   -0.0467
    0.8627    0.4450   -0.2403
...    88 C-G ...
  -17.0169 -145.3338  -32.6331
    0.3594   -0.4573    0.8135
    0.3185   -0.7592   -0.5676
    0.8772    0.4631   -0.1272
...    89 G-C ...
  -13.8785 -144.2297  -32.9815
    0.4080   -0.8364    0.3660
    0.1478   -0.3350   -0.9305
    0.9009    0.4338   -0.0131
...    90 C-G ...
  -10.8555 -142.8893  -32.5667
    0.4127   -0.8867   -0.2082
   -0.0734    0.1955   -0.9780
    0.9079    0.4189    0.0156
...    91 T-A ...
   -7.7619 -141.7071  -32.2330
    0.3012   -0.6456   -0.7017
   -0.2690    0.6485   -0.7121
    0.9148    0.4033    0.0216
...    92 T-A ...
   -4.7111 -140.5931  -31.8854
    0.1386   -0.1212   -0.9829
   -0.4198    0.8917   -0.1691
    0.8970    0.4361    0.0727
...    93 T-A ...
   -1.6836 -139.4333  -31.5706
   -0.1061    0.4292   -0.8970
   -0.4514    0.7829    0.4280
    0.8860    0.4503    0.1107
...    94 A-T ...
    1.1859 -137.8039  -31.0646
   -0.4099    0.7803   -0.4723
   -0.3153    0.3646    0.8761
    0.8559    0.5081    0.0966
...    95 A-T ...
    3.9554 -136.1422  -30.9718
   -0.5524    0.8283    0.0935
   -0.0389   -0.1377    0.9897
    0.8327    0.5431    0.1082
...    96 C-G ...
    6.5018 -134.1066  -31.1793
   -0.5506    0.6016    0.5787
    0.2601   -0.5351    0.8038
    0.7932    0.5931    0.1382
...    97 A-T ...
    9.0127 -131.9692  -30.5718
   -0.4396    0.1158    0.8907
    0.5611   -0.7389    0.3730
    0.7014    0.6637    0.2598
...    98 C-G ...
   10.7725 -129.3347  -29.7028
   -0.1245   -0.3168    0.9403
    0.7332   -0.6679   -0.1279
    0.6685    0.6735    0.3154
...    99 T-A ...
   12.6570 -126.9826  -28.3396
    0.2365   -0.6628    0.7104
    0.7309   -0.3604   -0.5795
    0.6402    0.6563    0.3992
...   100 T-A ...
   14.5050 -124.7924  -26.8011
    0.6295   -0.7325    0.2591
    0.4732    0.0970   -0.8756
    0.6163    0.6738    0.4077
...   101 T-A ...
   16.3463 -122.6578  -25.1600
    0.8173   -0.5054   -0.2768
    0.0201    0.5051   -0.8628
    0.5758    0.6997    0.4230
...   102 A-T ...
   17.9908 -119.8730  -24.0903
    0.6732    0.0026   -0.7395
   -0.5345    0.6928   -0.4841
    0.5111    0.7211    0.4678
...   103 T-A ...
   20.0926 -117.9986  -22.3400
    0.3145    0.3764   -0.8714
   -0.8127    0.5811   -0.0423
    0.4905    0.7216    0.4887
...   104 G-C ...
   21.4783 -115.4406  -20.7326
   -0.2486    0.5782   -0.7771
   -0.8498    0.2548    0.4614
    0.4648    0.7751    0.4280
...   105 C-G ...
   23.3219 -112.9519  -19.5711
   -0.6954    0.5771   -0.4283
   -0.5860   -0.1103    0.8028
    0.4160    0.8092    0.4149
...   106 T-A ...
   24.6655 -110.1237  -18.5247
   -0.9325    0.3612    0.0100
   -0.1400   -0.3865    0.9116
    0.3331    0.8486    0.4110
...   107 T-A ...
   25.6457 -107.2649  -17.3892
   -0.8703    0.0446    0.4906
    0.4004   -0.5161    0.7572
    0.2869    0.8554    0.4313
...   108 C-G ...
   26.3540 -104.4363  -15.9458
   -0.5029   -0.3164    0.8044
    0.8338   -0.4228    0.3550
    0.2277    0.8492    0.4764
...   109 C-G ...
   26.6183 -101.5983  -14.1360
   -0.0029   -0.5768    0.8169
    0.9848   -0.1437   -0.0980
    0.1739    0.8041    0.5685
...   110 G-C ...
   27.5108  -99.1561  -12.0267
    0.5231   -0.6414    0.5612
    0.8365    0.2607   -0.4819
    0.1628    0.7216    0.6729
...   111 G-C ...
   27.9715  -97.0454   -9.4196
    0.8834   -0.4389    0.1642
    0.4251    0.6032   -0.6749
    0.1972    0.6660    0.7195
...   112 C-G ...
   28.6433  -95.1754   -6.7441
    0.9671   -0.0443   -0.2505
   -0.1303    0.7596   -0.6372
    0.2185    0.6489    0.7288
...   113 T-A ...
   29.5649  -93.2655   -4.1797
    0.7391    0.3562   -0.5717
   -0.6270    0.6738   -0.3908
    0.2460    0.6474    0.7214
...   114 C-G ...
   30.4434  -91.1925   -1.7725
    0.2147    0.6841   -0.6970
   -0.9471    0.3203    0.0226
    0.2387    0.6553    0.7167
...   115 G-C ...
   30.7690  -88.9666    0.7171
   -0.3794    0.6781   -0.6295
   -0.9048   -0.1296    0.4057
    0.1935    0.7235    0.6627
...   116 T-A ...
   31.8394  -86.3960    2.5124
   -0.8029    0.4831   -0.3494
   -0.5752   -0.4735    0.6671
    0.1568    0.7366    0.6580
...   117 A-T ...
   32.2294  -83.8742    4.6532
   -0.9986    0.0474    0.0237
   -0.0131   -0.6544    0.7561
    0.0514    0.7547    0.6541
...   118 T-A ...
   32.1770  -81.0294    6.2740
   -0.8734   -0.3066    0.3783
    0.4863   -0.5890    0.6454
    0.0249    0.7477    0.6636
...   119 A-T ...
   31.8870  -78.5444    8.4810
   -0.4596   -0.6795    0.5718
    0.8845   -0.2926    0.3633
   -0.0796    0.6728    0.7355
...   120 A-T ...
   31.3386  -76.4146   10.8553
    0.1162   -0.7451    0.6567
    0.9886    0.1508   -0.0038
   -0.0962    0.6497    0.7541
...   121 T-A ...
   30.3867  -74.5811   13.4115
    0.5981   -0.5752    0.5580
    0.7951    0.5134   -0.3229
   -0.1007    0.6368    0.7644
...   122 G-C ...
   30.3515  -72.4896   16.0020
    0.9507   -0.2308    0.2070
    0.3079    0.7804   -0.5441
   -0.0360    0.5811    0.8130
...   123 T-A ...
   30.2306  -71.1196   19.0315
    0.9706    0.2081   -0.1206
   -0.2396    0.7925   -0.5608
   -0.0211    0.5733    0.8191
...   124 G-C ...
   30.1576  -68.9561   21.5536
    0.6482    0.5979   -0.4716
   -0.7606    0.5380   -0.3634
    0.0364    0.5942    0.8035
...   125 T-A ...
   30.8405  -67.2275   24.3256
    0.1468    0.7870   -0.5992
   -0.9886    0.1374   -0.0618
    0.0337    0.6015    0.7982
...   126 C-G ...
   31.0445  -65.2375   26.9379
   -0.4702    0.7041   -0.5321
   -0.8823   -0.3622    0.3005
    0.0188    0.6108    0.7916
...   127 G-C ...
   30.7687  -63.4178   29.7374
   -0.8801    0.3118   -0.3580
   -0.4680   -0.6961    0.5445
   -0.0794    0.6468    0.7585
...   128 A-T ...
   30.5437  -61.2386   32.1648
   -0.9830   -0.1833   -0.0111
    0.1328   -0.7510    0.6468
   -0.1269    0.6343    0.7626
...   129 C-G ...
   29.8225  -58.7857   34.2402
   -0.7658   -0.5755    0.2869
    0.6205   -0.5440    0.5649
   -0.1690    0.6106    0.7737
...   130 C-G ...
   28.8379  -56.7072   36.7144
   -0.2963   -0.8409    0.4529
    0.9274   -0.1399    0.3470
   -0.2284    0.5228    0.8213
...   131 A-T ...
   28.0552  -55.1128   39.5477
    0.2942   -0.8393    0.4571
    0.9253    0.3698    0.0836
   -0.2392    0.3984    0.8855
...   132 A-T ...
   27.0892  -54.0455   42.4490
    0.7676   -0.4938    0.4086
    0.5956    0.7850   -0.1704
   -0.2366    0.3741    0.8967
...   133 A-T ...
   26.2563  -53.1182   45.4450
    0.9699    0.0383    0.2404
    0.0518    0.9325   -0.3574
   -0.2379    0.3591    0.9025
...   134 T-A ...
   25.6208  -52.5912   48.6400
    0.8597    0.5097    0.0340
   -0.4497    0.7866   -0.4231
   -0.2424    0.3485    0.9054
...   135 G-C ...
   25.2756  -52.5095   52.0792
    0.3204    0.9427   -0.0928
   -0.8825    0.2614   -0.3910
   -0.3443    0.2071    0.9157
...   136 T-A ...
   25.5257  -52.9786   55.8049
   -0.2439    0.9563   -0.1610
   -0.8908   -0.2866   -0.3525
   -0.3833    0.0575    0.9218
...   137 G-C ...
   24.8932  -52.7377   58.9865
   -0.7529    0.5562   -0.3519
   -0.5215   -0.8303   -0.1966
   -0.4015    0.0355    0.9152
...   138 A-T ...
   24.0142  -51.6373   61.9242
   -0.9563    0.0401   -0.2896
   -0.0524   -0.9980    0.0347
   -0.2876    0.0484    0.9565
...   139 G-C ...
   22.3466  -51.2411   64.4940
   -0.8529   -0.5118   -0.1033
    0.4974   -0.8566    0.1373
   -0.1587    0.0657    0.9851
...   140 C-G ...
   22.1502  -50.1497   67.4639
   -0.4681   -0.8748    0.1248
    0.8495   -0.4066    0.3362
   -0.2434    0.2634    0.9335
...   141 G-C ...
   21.4256  -51.8265   72.7876
    0.1303   -0.7143   -0.6876
    0.8897   -0.2217    0.3990
   -0.4375   -0.6638    0.6066
...   142 C-G ...
   20.4245  -54.3094   74.5418
    0.5846   -0.7390   -0.3348
    0.7594    0.3532    0.5465
   -0.2856   -0.5738    0.7676
...   143 T-A ...
   18.4270  -55.5289   76.5299
    0.8548   -0.5005    0.1370
    0.3188    0.7148    0.6224
   -0.4095   -0.4884    0.7706
...   144 C-G ...
   16.8371  -57.7221   78.2674
    0.8529   -0.0846    0.5151
   -0.1508    0.9048    0.3983
   -0.4998   -0.4174    0.7589
...   145 A-T ...
   15.7828  -59.5615   80.7981
    0.5516    0.4995    0.6680
   -0.6739    0.7388    0.0039
   -0.4916   -0.4523    0.7441
...   146 C-G ...
   15.7314  -61.4940   83.9317
    0.0344    0.7399    0.6718
   -0.8637    0.3602   -0.3526
   -0.5029   -0.5681    0.6514
...   147 A-T ...
   14.7383  -63.4278   86.8192
   -0.5924    0.6746    0.4405
   -0.6886   -0.1401   -0.7114
   -0.4182   -0.7248    0.5475
