  147 base-pairs
...     1 T-A ...
    0.0000    0.0000    0.0000
    1.0000    0.0000    0.0000
    0.0000    1.0000    0.0000
    0.0000    0.0000    1.0000
...     2 G-C ...
   -0.5555   -1.1003    3.3981
    0.7749    0.6051    0.1828
   -0.5991    0.7953   -0.0929
   -0.2016   -0.0375    0.9787
...     3 T-A ...
   -0.6619   -3.0237    6.5348
    0.3046    0.9250    0.2271
   -0.8994    0.3578   -0.2510
   -0.3134   -0.1278    0.9410
...     4 G-C ...
   -1.1607   -3.8418    9.6940
   -0.3351    0.9421    0.0133
   -0.8752   -0.3061   -0.3746
   -0.3489   -0.1372    0.9271
...     5 A-T ...
   -1.3881   -3.6770   12.8999
   -0.7835    0.6162   -0.0801
   -0.5677   -0.7622   -0.3109
   -0.2527   -0.1981    0.9470
...     6 G-C ...
   -2.6236   -3.5448   15.7072
   -0.9923    0.0611   -0.1075
   -0.0294   -0.9610   -0.2748
   -0.1201   -0.2695    0.9555
...     7 C-G ...
   -2.3138   -3.7570   18.8866
   -0.8620   -0.4995   -0.0864
    0.5008   -0.8655    0.0073
   -0.0785   -0.0370    0.9962
...     8 G-C ...
   -3.9561   -6.8109   23.3205
   -0.2581   -0.3560   -0.8981
    0.6294   -0.7673    0.1233
   -0.7330   -0.5335    0.4221
...     9 C-G ...
   -6.1177   -8.9414   24.2385
    0.1143   -0.7320   -0.6716
    0.8123   -0.3203    0.4874
   -0.5720   -0.6013    0.5580
...    10 T-A ...
   -8.5041   -9.6771   26.0540
    0.4660   -0.8587   -0.2131
    0.6274    0.1508    0.7640
   -0.6239   -0.4897    0.6090
...    11 C-G ...
  -11.0625  -11.3174   27.2336
    0.6660   -0.6911    0.2808
    0.3382    0.6152    0.7121
   -0.6649   -0.3794    0.6435
...    12 A-T ...
  -13.0013  -13.1789   29.0658
    0.7188   -0.1490    0.6790
   -0.1787    0.9043    0.3876
   -0.6718   -0.4000    0.6235
...    13 C-G ...
  -14.1788  -15.9359   31.3399
    0.4052    0.2865    0.8682
   -0.5270    0.8492   -0.0343
   -0.7470   -0.4437    0.4951
...    14 A-T ...
  -15.9532  -18.1566   33.3080
   -0.1503    0.6873    0.7107
   -0.6106    0.5008   -0.6135
   -0.7776   -0.5261    0.3444
...    15 A-T ...
  -18.3189  -19.9454   34.6342
   -0.4766    0.8456    0.2405
   -0.4045    0.0320   -0.9140
   -0.7805   -0.5329    0.3268
...    16 T-A ...
  -20.6627  -21.5199   36.3185
   -0.6068    0.7535   -0.2531
   -0.1053   -0.3918   -0.9140
   -0.7878   -0.5280    0.3171
...    17 T-A ...
  -23.2334  -23.0655   37.5364
   -0.5409    0.4212   -0.7280
    0.2546   -0.7430   -0.6190
   -0.8016   -0.5202    0.2947
...    18 T-A ...
  -25.9381  -24.5202   38.5504
   -0.2804   -0.0430   -0.9589
    0.5083   -0.8541   -0.1103
   -0.8142   -0.5184    0.2614
...    19 A-T ...
  -28.8201  -26.0887   39.1307
    0.1520   -0.4297   -0.8901
    0.5428   -0.7163    0.4385
   -0.8260   -0.5498    0.1244
...    20 T-A ...
  -31.7957  -27.4666   39.0472
    0.4175   -0.7185   -0.5562
    0.3855   -0.4143    0.8245
   -0.8228   -0.5587    0.1040
...    21 T-A ...
  -34.5239  -29.2178   39.0888
    0.5676   -0.8233    0.0009
    0.0729    0.0514    0.9960
   -0.8201   -0.5652    0.0892
...    22 C-G ...
  -37.1080  -31.2181   39.2732
    0.5232   -0.6253    0.5790
   -0.2934    0.5057    0.8113
   -0.8001   -0.5943    0.0812
...    23 G-C ...
  -39.8247  -33.0470   39.9359
    0.3329   -0.1860    0.9244
   -0.5718    0.7397    0.3548
   -0.7498   -0.6467    0.1399
...    24 C-G ...
  -42.0147  -35.4950   40.4215
   -0.0139    0.2665    0.9637
   -0.6699    0.7131   -0.2068
   -0.7423   -0.6485    0.1686
...    25 A-T ...
  -44.6477  -37.4605   40.8908
   -0.3442    0.6717    0.6561
   -0.5525    0.4201   -0.7199
   -0.7592   -0.6102    0.2265
...    26 A-T ...
  -46.9788  -39.5064   41.8683
   -0.6103    0.7811    0.1319
   -0.2455   -0.0282   -0.9690
   -0.7531   -0.6238    0.2090
...    27 A-T ...
  -49.4065  -41.4494   42.8030
   -0.6424    0.6275   -0.4400
    0.1536   -0.4571   -0.8761
   -0.7508   -0.6304    0.1973
...    28 G-C ...
  -52.0345  -43.2808   43.6201
   -0.4079    0.3479   -0.8442
    0.4678   -0.7144   -0.5204
   -0.7841   -0.6072    0.1286
...    29 G-C ...
  -54.9106  -45.0005   44.0263
   -0.0118   -0.0198   -0.9997
    0.5987   -0.8009    0.0088
   -0.8009   -0.5985    0.0213
...    30 C-G ...
  -57.7895  -46.5996   43.8553
    0.3630   -0.4040   -0.8397
    0.4986   -0.6771    0.5413
   -0.7872   -0.6151   -0.0443
...    31 C-G ...
  -60.4756  -48.5517   43.2517
    0.6515   -0.6343   -0.4162
    0.2008   -0.3849    0.9009
   -0.7316   -0.6705   -0.1233
...    32 G-C ...
  -62.6841  -51.0493   43.0357
    0.7389   -0.6543    0.1613
   -0.2318   -0.0221    0.9725
   -0.6327   -0.7559   -0.1680
...    33 G-C ...
  -64.4754  -53.7926   42.2204
    0.5447   -0.5017    0.6720
   -0.6218    0.2961    0.7250
   -0.5627   -0.8128   -0.1506
...    34 C-G ...
  -65.9377  -56.7070   41.6040
    0.1329   -0.2329    0.9634
   -0.8335    0.4997    0.2358
   -0.5363   -0.8343   -0.1277
...    35 C-G ...
  -67.4980  -59.6904   41.3802
   -0.3169    0.1260    0.9400
   -0.7865    0.5189   -0.3348
   -0.5300   -0.8455   -0.0653
...    36 C-G ...
  -69.1575  -62.6293   41.4437
   -0.6672    0.4368    0.6034
   -0.4928    0.3487   -0.7972
   -0.5586   -0.8292   -0.0174
...    37 G-C ...
  -71.1920  -65.2485   40.9851
   -0.7805    0.6234    0.0481
   -0.0328    0.0360   -0.9988
   -0.6243   -0.7811   -0.0076
...    38 A-T ...
  -73.2151  -67.8288   41.0624
   -0.6325    0.5475   -0.5479
    0.4400   -0.3282   -0.8359
   -0.6374   -0.7698   -0.0333
...    39 C-G ...
  -75.6762  -70.0220   41.3304
   -0.2883    0.3249   -0.9007
    0.7068   -0.5625   -0.4291
   -0.6460   -0.7603   -0.0675
...    40 A-T ...
  -77.7866  -72.5889   41.0095
    0.2351    0.0549   -0.9704
    0.7345   -0.6640    0.1404
   -0.6366   -0.7457   -0.1964
...    41 C-G ...
  -80.2286  -74.5737   40.0671
    0.6125   -0.2522   -0.7492
    0.5023   -0.6076    0.6152
   -0.6104   -0.7531   -0.2454
...    42 G-C ...
  -81.9861  -77.3023   39.2792
    0.8702   -0.4216   -0.2552
    0.0648   -0.4155    0.9073
   -0.4885   -0.8060   -0.3343
...    43 A-T ...
  -83.4399  -79.9558   38.0534
    0.7724   -0.5408    0.3332
   -0.4641   -0.1223    0.8773
   -0.4337   -0.8322   -0.3454
...    44 C-G ...
  -84.3540  -82.7045   36.4644
    0.4334   -0.4992    0.7503
   -0.8098    0.1495    0.5673
   -0.3954   -0.8535   -0.3395
...    45 T-A ...
  -85.2762  -85.6800   35.3455
   -0.0420   -0.3069    0.9508
   -0.9341    0.3499    0.0717
   -0.3547   -0.8851   -0.3013
...    46 T-A ...
  -86.1194  -88.6753   34.3854
   -0.5854   -0.0823    0.8066
   -0.7398    0.4612   -0.4899
   -0.3317   -0.8835   -0.3308
...    47 A-T ...
  -87.4291  -91.4022   32.8690
   -0.9388    0.1865    0.2896
   -0.1899    0.4213   -0.8868
   -0.2874   -0.8876   -0.3601
...    48 C-G ...
  -88.4427  -94.5243   32.2698
   -0.8960    0.3866   -0.2184
    0.3346    0.2645   -0.9045
   -0.2919   -0.8835   -0.3664
...    49 T-A ...
  -89.6677  -97.4427   31.2636
   -0.5699    0.5111   -0.6435
    0.7588    0.0268   -0.6508
   -0.3154   -0.8591   -0.4031
...    50 G-C ...
  -90.6673 -100.2311   29.7441
   -0.0148    0.5351   -0.8446
    0.9475   -0.2623   -0.1828
   -0.3194   -0.8030   -0.5031
...    51 T-A ...
  -92.2606 -102.5547   28.0387
    0.4889    0.3692   -0.7903
    0.8237   -0.4938    0.2789
   -0.2873   -0.7873   -0.5455
...    52 A-T ...
  -93.2801 -104.8975   25.8935
    0.8876    0.1826   -0.4229
    0.4334   -0.6420    0.6324
   -0.1560   -0.7446   -0.6490
...    53 G-C ...
  -93.7262 -107.0880   23.4771
    0.9954   -0.0926    0.0247
   -0.0803   -0.6648    0.7427
   -0.0523   -0.7413   -0.6692
...    54 G-C ...
  -93.4556 -109.3576   21.0020
    0.8037   -0.3467    0.4836
   -0.5910   -0.5597    0.5809
    0.0693   -0.7527   -0.6547
...    55 T-A ...
  -92.6590 -111.5322   18.6672
    0.3816   -0.5579    0.7370
   -0.9178   -0.3236    0.2303
    0.1100   -0.7643   -0.6354
...    56 A-T ...
  -92.4691 -114.1719   16.6292
   -0.2497   -0.6307    0.7348
   -0.9580    0.0501   -0.2825
    0.1414   -0.7744   -0.6167
...    57 T-A ...
  -91.3873 -116.8135   14.9526
   -0.6994   -0.5363    0.4724
   -0.6961    0.3613   -0.6204
    0.1620   -0.7628   -0.6261
...    58 C-G ...
  -90.8461 -119.4150   13.0125
   -0.9748   -0.2232    0.0068
   -0.1440    0.6055   -0.7827
    0.1706   -0.7640   -0.6223
...    59 T-A ...
  -90.4126 -122.1528   11.1787
   -0.9069    0.1511   -0.3933
    0.3942    0.6336   -0.6657
    0.1486   -0.7588   -0.6341
...    60 C-G ...
  -89.9524 -124.7189    9.1756
   -0.5044    0.5110   -0.6960
    0.8493    0.4389   -0.2933
    0.1556   -0.7391   -0.6554
...    61 T-A ...
  -89.7650 -127.1735    6.9626
   -0.0034    0.7158   -0.6983
    0.9859    0.1191    0.1173
    0.1672   -0.6880   -0.7062
...    62 C-G ...
  -89.3105 -129.4007    4.6232
    0.5477    0.7021   -0.4550
    0.8095   -0.3073    0.5002
    0.2114   -0.6423   -0.7367
...    63 A-T ...
  -88.5362 -131.4343    2.0825
    0.8506    0.5259    0.0059
    0.4015   -0.6566    0.6385
    0.3397   -0.5407   -0.7696
...    64 T-A ...
  -87.5119 -132.6111   -0.7764
    0.9223    0.1626    0.3507
   -0.0589   -0.8375    0.5432
    0.3820   -0.5217   -0.7628
...    65 G-C ...
  -85.8859 -134.3354   -3.1261
    0.6795   -0.2432    0.6922
   -0.5192   -0.8259    0.2196
    0.5183   -0.5086   -0.6875
...    66 T-A ...
  -83.7108 -135.5324   -5.2766
    0.2973   -0.6139    0.7312
   -0.7760   -0.6015   -0.1895
    0.5562   -0.5111   -0.6553
...    67 T-A ...
  -81.6295 -137.0360   -7.2661
   -0.1813   -0.8588    0.4791
   -0.7967   -0.1573   -0.5836
    0.5766   -0.4875   -0.6557
...    68 A-T ...
  -79.9965 -138.5768   -9.7808
   -0.6087   -0.7926   -0.0360
   -0.5013    0.4193   -0.7569
    0.6150   -0.4426   -0.6526
...    69 T-A ...
  -77.7350 -140.4122  -11.3765
   -0.7565   -0.4824   -0.4415
   -0.1254    0.7697   -0.6260
    0.6418   -0.4182   -0.6428
...    70 A-T ...
  -75.4237 -141.3229  -13.6562
   -0.6312    0.0942   -0.7699
    0.3559    0.9171   -0.1796
    0.6892   -0.3874   -0.6124
...    71 A-T ...
  -73.3123 -142.8245  -15.6194
   -0.3080    0.5931   -0.7438
    0.6289    0.7136    0.3086
    0.7139   -0.3727   -0.5928
...    72 C-G ...
  -71.4155 -144.3282  -17.8458
    0.0244    0.8921   -0.4512
    0.6884    0.3123    0.6547
    0.7250   -0.3265   -0.6065
...    73 G-C ...
  -68.8010 -145.3153  -19.6623
    0.2516    0.9651    0.0732
    0.5704   -0.2090    0.7943
    0.7818   -0.1581   -0.6031
...    74 G-C ...
  -66.3247 -145.4641  -21.9304
    0.3980    0.7319    0.5531
    0.3831   -0.6804    0.6247
    0.8336   -0.0368   -0.5512
...    75 A-T ...
  -63.5793 -145.3599  -23.6522
    0.4756    0.2231    0.8509
    0.1255   -0.9746    0.1855
    0.8707    0.0186   -0.4915
...    76 G-C ...
  -60.6560 -144.8993  -25.0965
    0.3961   -0.3055    0.8659
   -0.0869   -0.9513   -0.2958
    0.9141    0.0420   -0.4034
...    77 A-T ...
  -57.5635 -144.7155  -26.1591
    0.2469   -0.8016    0.5445
   -0.2559   -0.5959   -0.7612
    0.9346    0.0487   -0.3523
...    78 G-C ...
  -54.3544 -144.4633  -26.9596
    0.0501   -0.9961    0.0725
   -0.3099   -0.0845   -0.9470
    0.9494    0.0250   -0.3129
...    79 C-G ...
  -51.0925 -144.5634  -27.6247
   -0.1350   -0.8782   -0.4589
   -0.2661    0.4783   -0.8369
    0.9545    0.0091   -0.2982
...    80 T-A ...
  -47.8753 -144.8135  -28.4263
   -0.2657   -0.4877   -0.8316
   -0.1487    0.8730   -0.4645
    0.9525    0.0003   -0.3045
...    81 C-G ...
  -44.7123 -144.8933  -29.3431
   -0.3053    0.1263   -0.9438
    0.0161    0.9917    0.1276
    0.9521    0.0238   -0.3048
...    82 G-C ...
  -41.4884 -144.4146  -30.0702
   -0.3505    0.6461   -0.6780
    0.1494    0.7532    0.6406
    0.9246    0.1233   -0.3605
...    83 G-C ...
  -38.4431 -144.1963  -31.4905
   -0.3211    0.9266   -0.1960
    0.2981    0.2953    0.9077
    0.8989    0.2330   -0.3711
...    84 G-C ...
  -35.5993 -143.3439  -33.0661
   -0.2363    0.9066    0.3496
    0.4278   -0.2260    0.8752
    0.8725    0.3564   -0.3344
...    85 A-T ...
  -32.8521 -142.0432  -34.1747
   -0.0334    0.5916    0.8055
    0.5047   -0.6857    0.5245
    0.8626    0.4241   -0.2757
...    86 T-A ...
  -30.4433 -140.1008  -35.1902
    0.1789    0.1659    0.9698
    0.4738   -0.8784    0.0628
    0.8622    0.4483   -0.2358
...    87 C-G ...
  -27.6531 -138.5130  -35.6645
    0.3670   -0.3842    0.8472
    0.3337   -0.7958   -0.5054
    0.8683    0.4681   -0.1638
...    88 C-G ...
  -24.6974 -136.8896  -35.6406
    0.4229   -0.7818    0.4581
    0.1486   -0.4389   -0.8862
    0.8939    0.4429   -0.0694
...    89 G-C ...
  -21.5849 -135.7895  -36.1057
    0.3774   -0.9194   -0.1105
   -0.0425    0.1020   -0.9939
    0.9251    0.3798   -0.0006
...    90 C-G ...
  -18.4402 -134.7582  -35.7554
    0.2836   -0.7157   -0.6382
   -0.2250    0.5973   -0.7698
    0.9322    0.3619    0.0084
...    91 T-A ...
  -15.2483 -133.8522  -35.5891
    0.1074   -0.2941   -0.9497
   -0.3369    0.8879   -0.3131
    0.9354    0.3536   -0.0037
...    92 T-A ...
  -12.1081 -132.9855  -35.4695
   -0.0689    0.2852   -0.9560
   -0.3649    0.8846    0.2902
    0.9285    0.3689    0.0431
...    93 T-A ...
   -9.0039 -132.0295  -35.4072
   -0.2590    0.7396   -0.6212
   -0.2875    0.5550    0.7806
    0.9221    0.3808    0.0689
...    94 A-T ...
   -5.9708 -130.6840  -35.2532
   -0.4778    0.8745   -0.0834
   -0.0934    0.0438    0.9947
    0.8735    0.4830    0.0608
...    95 A-T ...
   -3.2157 -129.0074  -35.2626
   -0.4974    0.7280    0.4719
    0.1852   -0.4423    0.8776
    0.8475    0.5239    0.0851
...    96 C-G ...
   -0.7584 -126.8682  -35.3853
   -0.3942    0.3669    0.8426
    0.4277   -0.7383    0.5215
    0.8135    0.5660    0.1341
...    97 A-T ...
    1.8229 -124.8456  -34.7217
   -0.2241   -0.1744    0.9588
    0.6245   -0.7810    0.0039
    0.7482    0.5997    0.2839
...    98 C-G ...
    3.7554 -122.4690  -33.5245
    0.0930   -0.5764    0.8119
    0.6805   -0.5585   -0.4744
    0.7268    0.5966    0.3403
...    99 T-A ...
    5.9052 -120.4723  -32.0033
    0.3949   -0.8140    0.4259
    0.5764   -0.1414   -0.8048
    0.7154    0.5633    0.4133
...   100 T-A ...
    8.0381 -118.6451  -30.3581
    0.6793   -0.7276   -0.0960
    0.2545    0.3562   -0.8991
    0.6884    0.5863    0.4271
...   101 T-A ...
   10.1784 -116.8785  -28.6435
    0.7374   -0.3565   -0.5738
   -0.1882    0.7074   -0.6813
    0.6488    0.6104    0.4545
...   102 A-T ...
   12.0114 -114.3913  -27.2594
    0.4834    0.2172   -0.8480
   -0.6362    0.7526   -0.1699
    0.6013    0.6217    0.5020
...   103 T-A ...
   14.4456 -112.8467  -25.6374
    0.1015    0.5799   -0.8084
   -0.8038    0.5265    0.2767
    0.5861    0.6217    0.5196
...   104 G-C ...
   16.2011 -110.6317  -23.8936
   -0.4249    0.7073   -0.5649
   -0.7259    0.1067    0.6795
    0.5409    0.6988    0.4681
...   105 C-G ...
   18.2182 -108.3121  -22.7069
   -0.7819    0.6060   -0.1462
   -0.3912   -0.2944    0.8719
    0.4854    0.7389    0.4673
...   106 T-A ...
   19.7002 -105.6478  -21.4630
   -0.9156    0.2974    0.2706
    0.0674   -0.5499    0.8325
    0.3964    0.7805    0.4834
...   107 T-A ...
   20.8268 -102.9734  -20.0543
   -0.7495   -0.0924    0.6555
    0.5616   -0.6131    0.5557
    0.3505    0.7846    0.5114
...   108 C-G ...
   21.7248 -100.3968  -18.2896
   -0.3194   -0.4736    0.8208
    0.8995   -0.4241    0.1053
    0.2982    0.7719    0.5615
...   109 C-G ...
   22.2705  -97.8889  -16.0985
    0.1788   -0.6959    0.6955
    0.9486   -0.0657   -0.3097
    0.2612    0.7151    0.6484
...   110 G-C ...
   23.5041  -95.7421  -13.8588
    0.6466   -0.6804    0.3449
    0.7141    0.3810   -0.5873
    0.2682    0.6260    0.7322
...   111 G-C ...
   24.3734  -93.9725  -11.1118
    0.9145   -0.3982   -0.0714
    0.2611    0.7157   -0.6478
    0.3090    0.5738    0.7585
...   112 C-G ...
   25.4539  -92.4238   -8.3715
    0.9015    0.0513   -0.4298
   -0.2807    0.8251   -0.4903
    0.3295    0.5626    0.7582
...   113 T-A ...
   26.7696  -90.8001   -5.7893
    0.6042    0.4677   -0.6451
   -0.7151    0.6755   -0.1799
    0.3516    0.5700    0.7426
...   114 C-G ...
   27.9951  -88.9898   -3.3324
    0.0577    0.7683   -0.6375
   -0.9383    0.2598    0.2281
    0.3409    0.5850    0.7359
...   115 G-C ...
   28.7095  -87.0326   -0.7171
   -0.5081    0.7126   -0.4837
   -0.8156   -0.2176    0.5361
    0.2768    0.6669    0.6918
...   116 T-A ...
   29.9613  -84.5872    1.1106
   -0.8674    0.4678   -0.1696
   -0.4393   -0.5598    0.7026
    0.2337    0.6839    0.6911
...   117 A-T ...
   30.5659  -82.1312    3.2700
   -0.9887   -0.0083    0.1494
    0.1114   -0.7075    0.6979
    0.1000    0.7067    0.7004
...   118 T-A ...
   30.5852  -79.4189    5.0976
   -0.8076   -0.3783    0.4523
    0.5854   -0.6068    0.5377
    0.0711    0.6991    0.7115
...   119 A-T ...
   30.3950  -77.1023    7.4856
   -0.3686   -0.7394    0.5634
    0.9292   -0.2746    0.2475
   -0.0283    0.6147    0.7883
...   120 A-T ...
   29.9964  -75.1687   10.0510
    0.2114   -0.7799    0.5892
    0.9764    0.1958   -0.0912
   -0.0443    0.5945    0.8028
...   121 T-A ...
   29.2290  -73.5427   12.8056
    0.6719   -0.5800    0.4605
    0.7389    0.5672   -0.3637
   -0.0503    0.5847    0.8097
...   122 G-C ...
   29.3524  -71.6038   15.4981
    0.9739   -0.1997    0.1076
    0.2263    0.8215   -0.5234
    0.0162    0.5341    0.8452
...   123 T-A ...
   29.4403  -70.4020   18.5982
    0.9483    0.2537   -0.1907
   -0.3161    0.8095   -0.4948
    0.0289    0.5295    0.8478
...   124 G-C ...
   29.5074  -68.3942   21.2361
    0.5897    0.6399   -0.4928
   -0.8034    0.5269   -0.2773
    0.0822    0.5594    0.8248
...   125 T-A ...
   30.3514  -66.7699   24.0165
    0.0810    0.8133   -0.5761
   -0.9937    0.1105    0.0163
    0.0769    0.5712    0.8172
...   126 C-G ...
   30.6980  -64.8771   26.6740
   -0.5195    0.7084   -0.4778
   -0.8525   -0.3923    0.3453
    0.0572    0.5868    0.8077
...   127 G-C ...
   30.5689  -63.1171   29.5069
   -0.9030    0.3020   -0.3057
   -0.4265   -0.7164    0.5522
   -0.0522    0.6290    0.7757
...   128 A-T ...
   30.4061  -60.9872   31.9708
   -0.9797   -0.1991    0.0249
    0.1704   -0.7600    0.6272
   -0.1059    0.6187    0.7785
...   129 C-G ...
   29.7186  -58.5865   34.1073
   -0.7488   -0.5900    0.3019
    0.6453   -0.5450    0.5354
   -0.1514    0.5957    0.7888
...   130 C-G ...
   28.7573  -56.5793   36.6438
   -0.2769   -0.8498    0.4485
    0.9370   -0.1352    0.3222
   -0.2132    0.5095    0.8337
...   131 A-T ...
   28.0147  -55.0406   39.5092
    0.3075   -0.8421    0.4430
    0.9243    0.3750    0.0713
   -0.2262    0.3876    0.8937
...   132 A-T ...
   27.0724  -54.0128   42.4342
    0.7742   -0.4925    0.3975
    0.5903    0.7884   -0.1731
   -0.2282    0.3687    0.9011
...   133 A-T ...
   26.2520  -53.1120   45.4429
    0.9707    0.0405    0.2368
    0.0481    0.9331   -0.3564
   -0.2354    0.3574    0.9038
...   134 T-A ...
   25.6208  -52.5914   48.6400
    0.8597    0.5097    0.0340
   -0.4497    0.7866   -0.4231
   -0.2424    0.3485    0.9054
...   135 G-C ...
   25.2757  -52.5097   52.0791
    0.3204    0.9427   -0.0928
   -0.8825    0.2614   -0.3910
   -0.3443    0.2071    0.9157
...   136 T-A ...
   25.5257  -52.9787   55.8049
   -0.2439    0.9563   -0.1610
   -0.8908   -0.2866   -0.3525
   -0.3833    0.0575    0.9218
...   137 G-C ...
   24.8933  -52.7378   58.9865
   -0.7529    0.5562   -0.3519
   -0.5215   -0.8303   -0.1966
   -0.4015    0.0355    0.9152
...   138 A-T ...
   24.0142  -51.6375   61.9242
   -0.9563    0.0401   -0.2896
   -0.0524   -0.9980    0.0347
   -0.2876    0.0484    0.9565
...   139 G-C ...
   22.3466  -51.2412   64.4940
   -0.8529   -0.5118   -0.1033
    0.4974   -0.8566    0.1373
   -0.1587    0.0657    0.9851
...   140 C-G ...
   22.1502  -50.1499   67.4638
   -0.4681   -0.8748    0.1248
    0.8495   -0.4066    0.3362
   -0.2434    0.2634    0.9335
...   141 G-C ...
   21.4256  -51.8267   72.7876
    0.1303   -0.7143   -0.6876
    0.8897   -0.2218    0.3990
   -0.4375   -0.6638    0.6066
...   142 C-G ...
   20.4245  -54.3095   74.5418
    0.5846   -0.7390   -0.3348
    0.7594    0.3532    0.5465
   -0.2856   -0.5737    0.7676
...   143 T-A ...
   18.4270  -55.5291   76.5299
    0.8548   -0.5005    0.1370
    0.3188    0.7148    0.6224
   -0.4095   -0.4884    0.7706
...   144 C-G ...
   16.8371  -57.7223   78.2674
    0.8529   -0.0846    0.5151
   -0.1508    0.9048    0.3983
   -0.4998   -0.4174    0.7589
...   145 A-T ...
   15.7828  -59.5616   80.7981
    0.5516    0.4995    0.6680
   -0.6739    0.7388    0.0039
   -0.4916   -0.4523    0.7441
...   146 C-G ...
   15.7314  -61.4941   83.9316
    0.0344    0.7399    0.6718
   -0.8637    0.3602   -0.3526
   -0.5029   -0.5681    0.6514
...   147 A-T ...
   14.7383  -63.4280   86.8192
   -0.5924    0.6746    0.4405
   -0.6886   -0.1401   -0.7114
   -0.4182   -0.7248    0.5475
