  147 base-pairs
...     1 T-A ...
    0.0000    0.0000    0.0000
    1.0000    0.0000    0.0000
    0.0000    1.0000    0.0000
    0.0000    0.0000    1.0000
...     2 G-C ...
   -0.5555   -1.1003    3.3981
    0.7749    0.6051    0.1828
   -0.5991    0.7953   -0.0929
   -0.2016   -0.0375    0.9787
...     3 T-A ...
   -0.6619   -3.0237    6.5348
    0.3046    0.9250    0.2271
   -0.8994    0.3578   -0.2510
   -0.3134   -0.1278    0.9410
...     4 G-C ...
   -1.1607   -3.8418    9.6940
   -0.3351    0.9421    0.0133
   -0.8752   -0.3061   -0.3746
   -0.3489   -0.1372    0.9271
...     5 A-T ...
   -1.3881   -3.6770   12.8999
   -0.7835    0.6162   -0.0801
   -0.5677   -0.7622   -0.3109
   -0.2527   -0.1981    0.9470
...     6 G-C ...
   -2.6236   -3.5448   15.7072
   -0.9923    0.0611   -0.1075
   -0.0294   -0.9610   -0.2748
   -0.1201   -0.2695    0.9555
...     7 C-G ...
   -2.3138   -3.7570   18.8866
   -0.8620   -0.4995   -0.0864
    0.5008   -0.8655    0.0073
   -0.0785   -0.0370    0.9962
...     8 G-C ...
   -3.9561   -6.8109   23.3205
   -0.2581   -0.3560   -0.8981
    0.6294   -0.7673    0.1233
   -0.7330   -0.5335    0.4221
...     9 C-G ...
   -6.1177   -8.9414   24.2385
    0.1143   -0.7320   -0.6716
    0.8123   -0.3203    0.4874
   -0.5720   -0.6013    0.5580
...    10 T-A ...
   -8.5041   -9.6771   26.0540
    0.4660   -0.8587   -0.2131
    0.6274    0.1508    0.7640
   -0.6239   -0.4897    0.6090
...    11 C-G ...
  -11.0625  -11.3174   27.2336
    0.6660   -0.6911    0.2808
    0.3382    0.6152    0.7121
   -0.6649   -0.3794    0.6435
...    12 A-T ...
  -13.0013  -13.1789   29.0658
    0.7188   -0.1490    0.6790
   -0.1787    0.9043    0.3876
   -0.6718   -0.4000    0.6235
...    13 C-G ...
  -14.1788  -15.9359   31.3399
    0.4052    0.2865    0.8682
   -0.5270    0.8492   -0.0343
   -0.7470   -0.4437    0.4951
...    14 A-T ...
  -15.9532  -18.1566   33.3080
   -0.1503    0.6873    0.7107
   -0.6106    0.5008   -0.6135
   -0.7776   -0.5261    0.3444
...    15 A-T ...
  -18.3987  -19.9542   34.4312
   -0.4557    0.8619    0.2224
   -0.3931    0.0293   -0.9190
   -0.7986   -0.5062    0.3254
...    16 T-A ...
  -20.8141  -21.5271   36.2090
   -0.6206    0.7258   -0.2968
   -0.0700   -0.4283   -0.9009
   -0.7810   -0.5383    0.3166
...    17 T-A ...
  -23.3905  -23.0734   37.5612
   -0.5603    0.3245   -0.7621
    0.3183   -0.7651   -0.5598
   -0.7647   -0.5562    0.3253
...    18 T-A ...
  -25.9715  -24.7149   38.5898
   -0.2450   -0.1192   -0.9622
    0.5645   -0.8244   -0.0417
   -0.7882   -0.5534    0.2693
...    19 A-T ...
  -28.5662  -26.6524   39.2643
    0.1902   -0.4861   -0.8529
    0.5780   -0.6468    0.4975
   -0.7935   -0.5877    0.1579
...    20 T-A ...
  -31.5138  -28.1685   39.2852
    0.4597   -0.7489   -0.4773
    0.3940   -0.3097    0.8654
   -0.7959   -0.5859    0.1527
...    21 T-A ...
  -34.1837  -30.0498   39.4656
    0.5935   -0.7977    0.1064
    0.0415    0.1623    0.9859
   -0.8037   -0.5807    0.1295
...    22 C-G ...
  -36.7694  -32.0374   39.8537
    0.5222   -0.5396    0.6604
   -0.3307    0.5857    0.7400
   -0.7861   -0.6049    0.1274
...    23 G-C ...
  -39.4864  -33.7393   40.8595
    0.3434   -0.0482    0.9380
   -0.6028    0.7546    0.2595
   -0.7203   -0.6545    0.2300
...    24 C-G ...
  -41.5763  -36.1570   41.5848
    0.0150    0.3890    0.9211
   -0.6912    0.6697   -0.2716
   -0.7225   -0.6326    0.2790
...    25 A-T ...
  -44.2935  -37.9885   42.1243
   -0.3562    0.7356    0.5763
   -0.5631    0.3232   -0.7606
   -0.7457   -0.5954    0.2991
...    26 A-T ...
  -46.6737  -39.9273   43.2923
   -0.6157    0.7869    0.0417
   -0.2551   -0.1490   -0.9554
   -0.7455   -0.5989    0.2925
...    27 A-T ...
  -49.0215  -41.7891   44.5799
   -0.6584    0.5491   -0.5148
    0.1639   -0.5630   -0.8101
   -0.7346   -0.6177    0.2807
...    28 G-C ...
  -51.7235  -43.4456   45.7467
   -0.4191    0.2098   -0.8833
    0.4722   -0.7806   -0.4095
   -0.7755   -0.5887    0.2281
...    29 G-C ...
  -54.6886  -45.1152   46.3865
   -0.0054   -0.1998   -0.9798
    0.6119   -0.7757    0.1548
   -0.7909   -0.5987    0.1264
...    30 C-G ...
  -57.5203  -46.7739   46.4232
    0.3829   -0.5455   -0.7455
    0.4941   -0.5610    0.6642
   -0.7806   -0.6227    0.0547
...    31 C-G ...
  -60.2526  -48.7014   46.3330
    0.6565   -0.7075   -0.2617
    0.1760   -0.1937    0.9651
   -0.7335   -0.6797   -0.0027
...    32 G-C ...
  -62.2885  -50.9944   46.5421
    0.7284   -0.6321    0.2645
   -0.2216    0.1480    0.9638
   -0.6484   -0.7606   -0.0323
...    33 G-C ...
  -63.9816  -53.9101   46.4107
    0.5179   -0.4073    0.7523
   -0.6196    0.4277    0.6581
   -0.5898   -0.8069   -0.0309
...    34 C-G ...
  -65.5637  -56.7775   46.2970
    0.1030   -0.0765    0.9917
   -0.8183    0.5604    0.1282
   -0.5655   -0.8247   -0.0049
...    35 C-G ...
  -67.2549  -59.7121   46.6515
   -0.3684    0.2708    0.8894
   -0.7482    0.4814   -0.4565
   -0.5518   -0.8336    0.0252
...    36 C-G ...
  -69.0085  -62.5704   47.0177
   -0.7048    0.5218    0.4807
   -0.4294    0.2256   -0.8745
   -0.5647   -0.8227    0.0650
...    37 G-C ...
  -70.9471  -65.3279   46.1693
   -0.7864    0.6089   -0.1042
    0.0605   -0.0919   -0.9939
   -0.6147   -0.7879    0.0354
...    38 A-T ...
  -72.7546  -67.9069   46.3534
   -0.5965    0.4510   -0.6639
    0.5276   -0.4031   -0.7478
   -0.6049   -0.7963    0.0025
...    39 C-G ...
  -75.0863  -70.1037   46.4311
   -0.2030    0.2257   -0.9528
    0.7573   -0.5806   -0.2989
   -0.6206   -0.7823   -0.0530
...    40 A-T ...
  -77.2538  -72.6273   46.0961
    0.3255   -0.0495   -0.9442
    0.7298   -0.6218    0.2842
   -0.6012   -0.7816   -0.1663
...    41 C-G ...
  -79.3518  -74.9013   45.0337
    0.6940   -0.2989   -0.6550
    0.4536   -0.5250    0.7201
   -0.5591   -0.7969   -0.2288
...    42 G-C ...
  -80.9303  -77.8069   44.5669
    0.8774   -0.4698   -0.0970
   -0.0589   -0.3061    0.9502
   -0.4761   -0.8280   -0.2962
...    43 A-T ...
  -82.4301  -80.4200   43.5573
    0.6789   -0.5552    0.4804
   -0.5643    0.0239    0.8252
   -0.4696   -0.8314   -0.2971
...    44 C-G ...
  -83.4653  -83.2066   42.1029
    0.2976   -0.4208    0.8569
   -0.8528    0.2864    0.4368
   -0.4292   -0.8607   -0.2737
...    45 T-A ...
  -84.2882  -86.6035   41.1139
   -0.2325   -0.1774    0.9563
   -0.8794    0.4584   -0.1288
   -0.4155   -0.8709   -0.2626
...    46 T-A ...
  -85.2396  -89.6027   40.2677
   -0.6714    0.0551    0.7390
   -0.6240    0.4959   -0.6039
   -0.3997   -0.8667   -0.2986
...    47 A-T ...
  -86.7016  -92.3346   38.8909
   -0.9268    0.3377    0.1645
   -0.0366    0.3546   -0.9343
   -0.3738   -0.8719   -0.3163
...    48 C-G ...
  -88.0816  -95.3578   38.4857
   -0.7995    0.4838   -0.3560
    0.4656    0.1247   -0.8762
   -0.3795   -0.8662   -0.3250
...    49 T-A ...
  -89.7239  -98.1824   37.6197
   -0.3934    0.5421   -0.7425
    0.8194   -0.1595   -0.5506
   -0.4170   -0.8250   -0.3814
...    50 G-C ...
  -91.1717 -100.8147   36.0669
    0.1877    0.4754   -0.8595
    0.8991   -0.4355   -0.0446
   -0.3955   -0.7644   -0.5092
...    51 T-A ...
  -92.8592 -102.9009   34.3099
    0.6274    0.2647   -0.7323
    0.6950   -0.6145    0.3733
   -0.3512   -0.7432   -0.5695
...    52 A-T ...
  -93.9643 -104.8158   31.7563
    0.9502    0.0816   -0.3009
    0.2685   -0.7046    0.6568
   -0.1584   -0.7049   -0.6914
...    53 G-C ...
  -94.5934 -106.8227   29.2981
    0.9716   -0.1865    0.1454
   -0.2345   -0.6811    0.6936
   -0.0303   -0.7080   -0.7055
...    54 G-C ...
  -94.0983 -108.8543   26.3220
    0.6900   -0.4574    0.5609
   -0.7204   -0.5089    0.4712
    0.0699   -0.7292   -0.6807
...    55 T-A ...
  -93.2912 -111.1011   24.0858
    0.2213   -0.6440    0.7323
   -0.9695   -0.2267    0.0936
    0.1057   -0.7307   -0.6745
...    56 A-T ...
  -92.4150 -113.6271   21.9867
   -0.3861   -0.6334    0.6706
   -0.9125    0.1558   -0.3782
    0.1351   -0.7580   -0.6381
...    57 T-A ...
  -91.3040 -116.2379   20.2742
   -0.7961   -0.4900    0.3551
   -0.5827    0.4626   -0.6682
    0.1632   -0.7389   -0.6538
...    58 C-G ...
  -90.7189 -118.9106   18.3051
   -0.9829   -0.1118   -0.1465
    0.0313    0.6821   -0.7306
    0.1817   -0.7227   -0.6669
...    59 T-A ...
  -90.3604 -121.5357   16.2365
   -0.8224    0.2966   -0.4854
    0.5485    0.6395   -0.5386
    0.1507   -0.7093   -0.6886
...    60 C-G ...
  -89.8221 -123.9638   13.9550
   -0.3494    0.6351   -0.6889
    0.9223    0.3629   -0.1331
    0.1654   -0.6819   -0.7125
...    61 G-C ...
  -88.7801 -125.9366   11.5350
    0.1214    0.8478   -0.5162
    0.9714    0.0055    0.2374
    0.2041   -0.5302   -0.8229
...    62 A-T ...
  -87.9608 -127.8479    9.0412
    0.6144    0.7596   -0.2133
    0.7297   -0.4442    0.5198
    0.3001   -0.4750   -0.8272
...    63 G-C ...
  -86.9615 -128.9860    6.0914
    0.8648    0.4747    0.1638
    0.3241   -0.7767    0.5401
    0.3836   -0.4140   -0.8255
...    64 C-G ...
  -85.5814 -129.8030    3.1136
    0.8689   -0.0156    0.4947
   -0.2046   -0.9214    0.3304
    0.4507   -0.3884   -0.8038
...    65 T-A ...
  -83.9296 -130.7392    0.4173
    0.6054   -0.4617    0.6483
   -0.5979   -0.8015   -0.0124
    0.5253   -0.3801   -0.7613
...    66 C-G ...
  -82.1867 -132.3697   -1.7679
    0.1383   -0.8249    0.5481
   -0.7792   -0.4322   -0.4539
    0.6113   -0.3643   -0.7026
...    67 G-C ...
  -80.9003 -134.1205   -4.5005
   -0.3479   -0.9123    0.2160
   -0.6769    0.0850   -0.7311
    0.6486   -0.4006   -0.6472
...    68 G-C ...
  -78.5927 -135.6026   -6.4719
   -0.6845   -0.6992   -0.2063
   -0.3669    0.5749   -0.7313
    0.6300   -0.4249   -0.6501
...    69 G-C ...
  -76.5160 -137.2377   -8.5174
   -0.8174   -0.2380   -0.5246
    0.0822    0.8531   -0.5152
    0.5702   -0.4643   -0.6777
...    70 A-T ...
  -74.6104 -139.0456  -10.6146
   -0.5941    0.3202   -0.7380
    0.5497    0.8314   -0.0818
    0.5873   -0.4543   -0.6699
...    71 T-A ...
  -73.1235 -140.9506  -12.8715
   -0.2328    0.7130   -0.6614
    0.7722    0.5490    0.3200
    0.5912   -0.4362   -0.6784
...    72 C-G ...
  -71.3431 -142.4063  -15.2475
    0.2432    0.9146   -0.3232
    0.7521    0.0327    0.6583
    0.6126   -0.4031   -0.6799
...    73 C-G ...
  -69.5026 -143.9790  -17.4897
    0.4804    0.8606    0.1690
    0.5106   -0.4311    0.7440
    0.7131   -0.2711   -0.6465
...    74 G-C ...
  -66.8279 -144.8822  -19.2354
    0.5265    0.5529    0.6458
    0.2249   -0.8231    0.5214
    0.8199   -0.1292   -0.5577
...    75 C-G ...
  -63.9916 -144.7195  -21.1999
    0.5324   -0.0049    0.8465
   -0.0902   -0.9946    0.0510
    0.8417   -0.1035   -0.5300
...    76 T-A ...
  -60.7697 -144.6486  -22.5177
    0.3709   -0.5584    0.7420
   -0.3048   -0.8279   -0.4708
    0.8772   -0.0515   -0.4773
...    77 T-A ...
  -57.7598 -144.5636  -23.7766
    0.1573   -0.9363    0.3141
   -0.4470   -0.3511   -0.8227
    0.8806   -0.0110   -0.4737
...    78 T-A ...
  -54.7349 -144.4950  -24.9958
   -0.0841   -0.9689   -0.2328
   -0.4587    0.2451   -0.8541
    0.8846    0.0350   -0.4651
...    79 A-T ...
  -52.1894 -143.7676  -27.0039
   -0.2177   -0.6093   -0.7625
   -0.3489    0.7782   -0.5222
    0.9115    0.1524   -0.3820
...    80 A-T ...
  -49.1922 -143.3966  -28.1139
   -0.3404   -0.0558   -0.9386
   -0.2000    0.9797    0.0143
    0.9188    0.1926   -0.3446
...    81 C-G ...
  -46.0870 -143.3317  -29.4206
   -0.3941    0.4754   -0.7866
   -0.0047    0.8548    0.5190
    0.9191    0.2082   -0.3346
...    82 A-T ...
  -43.0690 -142.6626  -30.5837
   -0.4076    0.8515   -0.3298
    0.2006    0.4358    0.8774
    0.8909    0.2915   -0.3485
...    83 C-G ...
  -40.4105 -141.6907  -32.3611
   -0.2904    0.9412    0.1726
    0.3712   -0.0554    0.9269
    0.8819    0.3333   -0.3333
...    84 T-A ...
  -37.6371 -140.0946  -33.9284
   -0.1307    0.7163    0.6855
    0.4705   -0.5638    0.6788
    0.8727    0.4112   -0.2633
...    85 T-A ...
  -35.0350 -138.4110  -34.8637
    0.1192    0.2678    0.9561
    0.4692   -0.8638    0.1835
    0.8750    0.4267   -0.2286
...    86 T-A ...
  -32.2868 -136.8690  -35.4819
    0.2987   -0.2727    0.9145
    0.3506   -0.8599   -0.3709
    0.8876    0.4314   -0.1613
...    87 A-T ...
  -29.2597 -135.5882  -35.8653
    0.3613   -0.7358    0.5728
    0.1747   -0.5500   -0.8167
    0.9159    0.3951   -0.0701
...    88 T-A ...
  -26.4656 -133.9834  -35.3757
    0.3734   -0.9187    0.1285
    0.0218   -0.1298   -0.9913
    0.9274    0.3730   -0.0284
...    89 G-C ...
  -23.3118 -132.9665  -35.2315
    0.2290   -0.8385   -0.4944
   -0.1683    0.4662   -0.8686
    0.9588    0.2821   -0.0343
...    90 C-G ...
  -20.0282 -132.4038  -35.2080
    0.0895   -0.4384   -0.8943
   -0.2677    0.8543   -0.4455
    0.9593    0.2793   -0.0409
...    91 T-A ...
  -16.6176 -131.9373  -35.4412
   -0.0765    0.1252   -0.9892
   -0.2439    0.9596    0.1403
    0.9668    0.2520   -0.0429
...    92 T-A ...
  -13.4690 -131.3299  -35.6356
   -0.2124    0.6369   -0.7411
   -0.1791    0.7202    0.6703
    0.9606    0.2751   -0.0389
...    93 C-G ...
  -10.2685 -130.4959  -35.9865
   -0.3261    0.9199   -0.2178
   -0.0379    0.2175    0.9753
    0.9446    0.3263   -0.0360
...    94 C-G ...
   -7.0739 -129.7004  -36.1839
   -0.4455    0.8410    0.3071
    0.1104   -0.2887    0.9510
    0.8884    0.4576    0.0358
...    95 G-C ...
   -4.3765 -128.3087  -35.8133
   -0.4718    0.5114    0.7183
    0.3286   -0.6540    0.6814
    0.8182    0.5575    0.1405
...    96 G-C ...
   -2.0279 -126.0688  -35.1040
   -0.3103    0.0205    0.9504
    0.5666   -0.7988    0.2022
    0.7633    0.6013    0.2363
...    97 C-G ...
   -0.0116 -123.6470  -33.9421
    0.0033   -0.4454    0.8953
    0.6702   -0.6635   -0.3326
    0.7422    0.6011    0.2963
...    98 T-A ...
    2.1628 -121.4850  -32.7443
    0.3046   -0.7561    0.5793
    0.6128   -0.3101   -0.7269
    0.7292    0.5764    0.3689
...    99 C-G ...
    4.7753 -120.0033  -31.5404
    0.5817   -0.8118    0.0518
    0.3969    0.2276   -0.8892
    0.7100    0.5378    0.4545
...   100 G-C ...
    7.2773 -118.1647  -30.4492
    0.6889   -0.5422   -0.4811
    0.0238    0.6803   -0.7325
    0.7245    0.4932    0.4816
...   101 T-A ...
    9.8372 -117.0890  -28.3724
    0.6155   -0.0594   -0.7859
   -0.3606    0.8654   -0.3478
    0.7008    0.4975    0.5113
...   102 T-A ...
   12.1680 -115.6725  -26.6498
    0.3086    0.4605   -0.8323
   -0.6675    0.7282    0.1553
    0.6776    0.5076    0.5321
...   103 C-G ...
   14.1947 -113.8899  -24.6801
   -0.1596    0.7883   -0.5942
   -0.7321    0.3092    0.6069
    0.6622    0.5319    0.5278
...   104 A-T ...
   16.3909 -112.2685  -22.7048
   -0.6095    0.7600   -0.2257
   -0.5213   -0.1697    0.8363
    0.5973    0.6274    0.4996
...   105 T-A ...
   18.3902 -110.0179  -21.5248
   -0.8230    0.5406    0.1746
   -0.1572   -0.5121    0.8444
    0.5459    0.6675    0.5065
...   106 G-C ...
   20.0479 -107.4205  -19.8766
   -0.8439    0.0665    0.5323
    0.3334   -0.7123    0.6176
    0.4202    0.6987    0.5790
...   107 T-A ...
   20.9385 -104.6553  -18.2712
   -0.5823   -0.3310    0.7426
    0.7188   -0.6364    0.2799
    0.3799    0.6967    0.6085
...   108 T-A ...
   21.8616 -102.4113  -16.2686
   -0.1467   -0.6557    0.7406
    0.9289   -0.3486   -0.1246
    0.3399    0.6697    0.6602
...   109 A-T ...
   23.0470 -100.3472  -13.9599
    0.3613   -0.7920    0.4921
    0.8700    0.0965   -0.4835
    0.3355    0.6028    0.7239
...   110 T-A ...
   23.5202  -98.6430  -11.2417
    0.7487   -0.6307    0.2044
    0.5845    0.4823   -0.6525
    0.3129    0.6080    0.7297
...   111 A-T ...
   24.6215  -96.4484   -8.9205
    0.9534   -0.2054   -0.2210
    0.0231    0.7800   -0.6253
    0.3008    0.5911    0.7484
...   112 A-T ...
   25.5745  -94.7208   -6.3953
    0.8106    0.2803   -0.5141
   -0.5179    0.7530   -0.4060
    0.2733    0.5954    0.7555
...   113 C-G ...
   26.9625  -93.2108   -3.6206
    0.4035    0.6558   -0.6380
   -0.8802    0.4686   -0.0751
    0.2497    0.5919    0.7663
...   114 G-C ...
   27.5102  -91.0320   -1.2697
   -0.1814    0.7389   -0.6490
   -0.9551    0.0248    0.2952
    0.2343    0.6734    0.7012
...   115 G-C ...
   28.3907  -88.6514    0.8120
   -0.6644    0.5776   -0.4743
   -0.7245   -0.3419    0.5985
    0.1835    0.7413    0.6456
...   116 A-T ...
   29.1040  -86.1083    2.7721
   -0.9644    0.2412   -0.1086
   -0.2365   -0.6024    0.7623
    0.1184    0.7608    0.6380
...   117 A-T ...
   29.3743  -83.4255    4.6322
   -0.9407   -0.1520    0.3032
    0.3281   -0.6342    0.7001
    0.0859    0.7581    0.6465
...   118 T-A ...
   29.1802  -80.5836    6.3052
   -0.6516   -0.4590    0.6040
    0.7553   -0.4668    0.4601
    0.0707    0.7559    0.6508
...   119 A-T ...
   29.2987  -78.2160    8.5681
   -0.1738   -0.7205    0.6713
    0.9848   -0.1261    0.1196
   -0.0015    0.6819    0.7314
...   120 A-T ...
   28.9349  -76.1256   11.0060
    0.3942   -0.7020    0.5931
    0.9190    0.3072   -0.2472
   -0.0086    0.6425    0.7663
...   121 T-A ...
   28.3382  -74.3845   13.7844
    0.8058   -0.4489    0.3863
    0.5920    0.6307   -0.5018
   -0.0184    0.6331    0.7739
...   122 G-C ...
   28.2824  -72.4998   16.6234
    0.9986   -0.0482   -0.0203
    0.0257    0.7905   -0.6120
    0.0455    0.6106    0.7906
...   123 T-A ...
   28.6030  -70.9345   19.4773
    0.8840    0.3454   -0.3150
   -0.4648    0.7211   -0.5138
    0.0497    0.6006    0.7980
...   124 G-C ...
   28.8958  -68.9740   22.1311
    0.4606    0.6633   -0.5898
   -0.8822    0.4154   -0.2217
    0.0979    0.6224    0.7765
...   125 T-A ...
   29.7101  -67.1625   24.6790
   -0.0575    0.7632   -0.6436
   -0.9936    0.0188    0.1110
    0.0968    0.6459    0.7573
...   126 C-G ...
   30.0713  -65.0780   27.0300
   -0.6224    0.6357   -0.4566
   -0.7761   -0.4254    0.4655
    0.1017    0.6441    0.7581
...   127 G-C ...
   29.9248  -63.1845   29.6826
   -0.9254    0.2368   -0.2960
   -0.3757   -0.6777    0.6321
   -0.0509    0.6961    0.7161
...   128 A-T ...
   29.9184  -60.9946   31.9319
   -0.9732   -0.2049    0.1040
    0.2211   -0.7111    0.6675
   -0.0628    0.6726    0.7373
...   129 C-G ...
   29.3378  -58.3538   33.8116
   -0.7151   -0.5786    0.3921
    0.6905   -0.4978    0.5248
   -0.1084    0.6461    0.7556
...   130 C-G ...
   28.1584  -56.2919   36.2810
   -0.2611   -0.8303    0.4923
    0.9468   -0.1208    0.2984
   -0.1883    0.5440    0.8177
...   131 A-T ...
   27.8227  -54.9235   39.2949
    0.2884   -0.8594    0.4223
    0.9392    0.3398    0.0502
   -0.1867    0.3821    0.9051
...   132 A-T ...
   27.0771  -53.9095   42.3178
    0.7631   -0.5341    0.3640
    0.6183    0.7673   -0.1702
   -0.1884    0.3549    0.9157
...   133 A-T ...
   26.2497  -53.1074   45.3967
    0.9709    0.0336    0.2371
    0.0551    0.9320   -0.3581
   -0.2330    0.3608    0.9031
...   134 T-A ...
   25.6208  -52.5913   48.6399
    0.8597    0.5097    0.0340
   -0.4497    0.7866   -0.4231
   -0.2424    0.3485    0.9054
...   135 G-C ...
   25.2757  -52.5096   52.0790
    0.3204    0.9427   -0.0928
   -0.8825    0.2614   -0.3910
   -0.3443    0.2071    0.9157
...   136 T-A ...
   25.5257  -52.9787   55.8048
   -0.2439    0.9563   -0.1610
   -0.8908   -0.2866   -0.3525
   -0.3833    0.0575    0.9218
...   137 G-C ...
   24.8932  -52.7378   58.9864
   -0.7529    0.5562   -0.3519
   -0.5215   -0.8303   -0.1966
   -0.4015    0.0355    0.9152
...   138 A-T ...
   24.0142  -51.6374   61.9241
   -0.9563    0.0401   -0.2896
   -0.0524   -0.9980    0.0347
   -0.2876    0.0484    0.9565
...   139 G-C ...
   22.3466  -51.2412   64.4939
   -0.8529   -0.5118   -0.1033
    0.4974   -0.8566    0.1373
   -0.1587    0.0657    0.9851
...   140 C-G ...
   22.1502  -50.1498   67.4637
   -0.4681   -0.8748    0.1248
    0.8495   -0.4066    0.3362
   -0.2434    0.2634    0.9335
...   141 G-C ...
   21.4256  -51.8266   72.7875
    0.1303   -0.7143   -0.6876
    0.8897   -0.2218    0.3990
   -0.4375   -0.6638    0.6066
...   142 C-G ...
   20.4245  -54.3095   74.5417
    0.5846   -0.7390   -0.3348
    0.7594    0.3532    0.5465
   -0.2856   -0.5737    0.7676
...   143 T-A ...
   18.4270  -55.5290   76.5297
    0.8548   -0.5005    0.1370
    0.3188    0.7148    0.6224
   -0.4095   -0.4884    0.7706
...   144 C-G ...
   16.8371  -57.7222   78.2672
    0.8529   -0.0846    0.5151
   -0.1508    0.9048    0.3983
   -0.4998   -0.4174    0.7589
...   145 A-T ...
   15.7828  -59.5615   80.7980
    0.5516    0.4995    0.6680
   -0.6739    0.7388    0.0039
   -0.4916   -0.4523    0.7441
...   146 C-G ...
   15.7314  -61.4940   83.9315
    0.0344    0.7399    0.6718
   -0.8637    0.3602   -0.3526
   -0.5029   -0.5681    0.6514
...   147 A-T ...
   14.7383  -63.4279   86.8191
   -0.5924    0.6746    0.4405
   -0.6886   -0.1401   -0.7114
   -0.4182   -0.7248    0.5475
