  147 base-pairs
...     1 T-A ...
    0.0000    0.0000    0.0000
    1.0000    0.0000    0.0000
    0.0000    1.0000    0.0000
    0.0000    0.0000    1.0000
...     2 G-C ...
   -0.5555   -1.1003    3.3981
    0.7749    0.6051    0.1828
   -0.5991    0.7953   -0.0929
   -0.2016   -0.0375    0.9787
...     3 T-A ...
   -0.6619   -3.0237    6.5348
    0.3046    0.9250    0.2271
   -0.8994    0.3578   -0.2510
   -0.3134   -0.1278    0.9410
...     4 G-C ...
   -1.1607   -3.8418    9.6940
   -0.3351    0.9421    0.0133
   -0.8752   -0.3061   -0.3746
   -0.3489   -0.1372    0.9271
...     5 A-T ...
   -1.3881   -3.6770   12.8999
   -0.7835    0.6162   -0.0801
   -0.5677   -0.7622   -0.3109
   -0.2527   -0.1981    0.9470
...     6 G-C ...
   -2.6236   -3.5448   15.7072
   -0.9923    0.0611   -0.1075
   -0.0294   -0.9610   -0.2748
   -0.1201   -0.2695    0.9555
...     7 C-G ...
   -2.3138   -3.7570   18.8866
   -0.8620   -0.4995   -0.0864
    0.5008   -0.8655    0.0073
   -0.0785   -0.0370    0.9962
...     8 G-C ...
   -3.9561   -6.8109   23.3205
   -0.2581   -0.3560   -0.8981
    0.6294   -0.7673    0.1233
   -0.7330   -0.5335    0.4221
...     9 C-G ...
   -6.1177   -8.9414   24.2385
    0.1143   -0.7320   -0.6716
    0.8123   -0.3203    0.4874
   -0.5720   -0.6013    0.5580
...    10 T-A ...
   -8.5041   -9.6771   26.0540
    0.4660   -0.8587   -0.2131
    0.6274    0.1508    0.7640
   -0.6239   -0.4897    0.6090
...    11 C-G ...
  -11.0625  -11.3174   27.2336
    0.6660   -0.6911    0.2808
    0.3382    0.6152    0.7121
   -0.6649   -0.3794    0.6435
...    12 A-T ...
  -13.0013  -13.1789   29.0658
    0.7188   -0.1490    0.6790
   -0.1787    0.9043    0.3876
   -0.6718   -0.4000    0.6235
...    13 C-G ...
  -14.1788  -15.9359   31.3399
    0.4052    0.2865    0.8682
   -0.5270    0.8492   -0.0343
   -0.7470   -0.4437    0.4951
...    14 A-T ...
  -15.9532  -18.1566   33.3080
   -0.1503    0.6873    0.7107
   -0.6106    0.5008   -0.6135
   -0.7776   -0.5261    0.3444
...    15 A-T ...
  -18.4025  -19.9401   34.4508
   -0.4565    0.8618    0.2213
   -0.3974    0.0251   -0.9173
   -0.7960   -0.5067    0.3310
...    16 T-A ...
  -20.8072  -21.5096   36.2495
   -0.6251    0.7221   -0.2965
   -0.0744   -0.4332   -0.8982
   -0.7770   -0.5394    0.3244
...    17 T-A ...
  -23.3642  -23.0563   37.6334
   -0.5696    0.3157   -0.7589
    0.3174   -0.7672   -0.5574
   -0.7582   -0.5584    0.3368
...    18 T-A ...
  -25.9283  -24.6935   38.7264
   -0.2612   -0.1369   -0.9555
    0.5726   -0.8189   -0.0393
   -0.7771   -0.5574    0.2923
...    19 A-T ...
  -28.4810  -26.6611   39.5162
    0.1758   -0.5117   -0.8410
    0.5983   -0.6229    0.5041
   -0.7818   -0.5917    0.1967
...    20 T-A ...
  -31.4092  -28.2107   39.6707
    0.4565   -0.7601   -0.4625
    0.4213   -0.2732    0.8648
   -0.7837   -0.5896    0.1955
...    21 T-A ...
  -34.0504  -30.1122   39.9989
    0.6097   -0.7841    0.1157
    0.0703    0.1989    0.9775
   -0.7895   -0.5879    0.1764
...    22 C-G ...
  -36.5921  -32.1178   40.5473
    0.5560   -0.5053    0.6600
   -0.3148    0.6069    0.7298
   -0.7693   -0.6135    0.1784
...    23 G-C ...
  -39.2414  -33.8352   41.7174
    0.3832   -0.0029    0.9237
   -0.6079    0.7521    0.2545
   -0.6955   -0.6590    0.2864
...    24 C-G ...
  -41.2419  -36.2628   42.6327
    0.0456    0.4269    0.9032
   -0.7174    0.6431   -0.2677
   -0.6951   -0.6357    0.3356
...    25 A-T ...
  -43.8897  -38.1123   43.4117
   -0.3455    0.7520    0.5614
   -0.6081    0.2762   -0.7443
   -0.7148   -0.5985    0.3618
...    26 A-T ...
  -46.1623  -40.0421   44.7925
   -0.6341    0.7723    0.0390
   -0.2998   -0.1991   -0.9330
   -0.7128   -0.6032    0.3578
...    27 A-T ...
  -48.3850  -41.9025   46.2893
   -0.7021    0.5045   -0.5024
    0.1379   -0.5959   -0.7911
   -0.6986   -0.6247    0.3489
...    28 G-C ...
  -50.9620  -43.5870   47.6814
   -0.4756    0.1503   -0.8667
    0.4763   -0.7844   -0.3973
   -0.7396   -0.6018    0.3015
...    29 G-C ...
  -53.8033  -45.3356   48.5977
   -0.0562   -0.2555   -0.9652
    0.6506   -0.7427    0.1587
   -0.7573   -0.6190    0.2079
...    30 C-G ...
  -56.5571  -47.0858   48.9462
    0.3585   -0.5739   -0.7363
    0.5594   -0.4993    0.6616
   -0.7474   -0.6490    0.1420
...    31 C-G ...
  -59.2159  -49.1054   49.1777
    0.6697   -0.6939   -0.2645
    0.2509   -0.1238    0.9601
   -0.6990   -0.7093    0.0912
...    32 G-C ...
  -61.1427  -51.4469   49.6774
    0.7776   -0.5780    0.2477
   -0.1573    0.2027    0.9665
   -0.6088   -0.7905    0.0667
...    33 G-C ...
  -62.6932  -54.4297   49.8645
    0.5966   -0.3259    0.7334
   -0.5892    0.4426    0.6760
   -0.5449   -0.8354    0.0720
...    34 C-G ...
  -64.0996  -57.3809   50.0825
    0.1879    0.0028    0.9822
   -0.8365    0.5245    0.1586
   -0.5147   -0.8514    0.1009
...    35 C-G ...
  -65.5680  -60.3683   50.8091
   -0.3059    0.3186    0.8972
   -0.8137    0.4018   -0.4201
   -0.4943   -0.8585    0.1363
...    36 C-G ...
  -67.1160  -63.2641   51.5628
   -0.6921    0.5164    0.5042
   -0.5210    0.1260   -0.8442
   -0.4995   -0.8470    0.1818
...    37 G-C ...
  -68.9532  -66.1828   51.1280
   -0.8346    0.5457   -0.0748
   -0.0260   -0.1746   -0.9843
   -0.5502   -0.8196    0.1599
...    38 A-T ...
  -70.5531  -68.8429   51.7003
   -0.6881    0.3488   -0.6363
    0.4832   -0.4339   -0.7604
   -0.5413   -0.8307    0.1300
...    39 C-G ...
  -72.6995  -71.1758   52.2082
   -0.3102    0.1202   -0.9431
    0.7679   -0.5531   -0.3230
   -0.5605   -0.8244    0.0793
...    40 A-T ...
  -74.6773  -73.8651   52.3381
    0.2354   -0.1219   -0.9642
    0.8022   -0.5356    0.2636
   -0.5486   -0.8356   -0.0283
...    41 C-G ...
  -76.6778  -76.3807   51.7299
    0.6487   -0.3135   -0.6935
    0.5647   -0.4126    0.7147
   -0.5102   -0.8553   -0.0906
...    42 G-C ...
  -78.0540  -79.4226   51.7387
    0.9017   -0.4069   -0.1462
    0.0664   -0.2037    0.9768
   -0.4273   -0.8905   -0.1566
...    43 A-T ...
  -79.4168  -82.2328   51.1743
    0.7741   -0.4411    0.4542
   -0.4745    0.0707    0.8774
   -0.4191   -0.8947   -0.1546
...    44 C-G ...
  -80.3347  -85.2326   50.1341
    0.4269   -0.2923    0.8558
   -0.8249    0.2618    0.5009
   -0.3705   -0.9198   -0.1293
...    45 T-A ...
  -80.9275  -88.7752   49.6266
   -0.1082   -0.0790    0.9910
   -0.9298    0.3608   -0.0727
   -0.3518   -0.9293   -0.1125
...    46 T-A ...
  -81.6595  -91.9257   49.2476
   -0.5850    0.0882    0.8062
   -0.7369    0.3575   -0.5738
   -0.3388   -0.9297   -0.1441
...    47 A-T ...
  -82.9819  -94.9293   48.3989
   -0.9330    0.2690    0.2390
   -0.1801    0.2259   -0.9574
   -0.3115   -0.9363   -0.1623
...    48 C-G ...
  -84.0817  -98.0961   48.5327
   -0.8834    0.3529   -0.3082
    0.3472    0.0515   -0.9364
   -0.3146   -0.9342   -0.1681
...    49 T-A ...
  -85.4865 -101.1572   48.2326
   -0.5337    0.3954   -0.7475
    0.7650   -0.1511   -0.6261
   -0.3605   -0.9060   -0.2219
...    50 G-C ...
  -86.7656 -104.1117   47.2234
    0.0325    0.3642   -0.9308
    0.9343   -0.3417   -0.1011
   -0.3549   -0.8664   -0.3514
...    51 T-A ...
  -88.3763 -106.5950   45.9862
    0.5047    0.2195   -0.8349
    0.8023   -0.4764    0.3597
   -0.3187   -0.8514   -0.4166
...    52 A-T ...
  -89.5327 -108.9572   43.8614
    0.8919    0.1439   -0.4288
    0.4299   -0.5646    0.7046
   -0.1408   -0.8127   -0.5654
...    53 G-C ...
  -90.1794 -111.3665   41.8023
    0.9981   -0.0446    0.0421
   -0.0603   -0.5908    0.8046
   -0.0110   -0.8056   -0.5924
...    54 G-C ...
  -89.7462 -113.7506   39.0925
    0.8065   -0.2743    0.5238
   -0.5832   -0.5148    0.6284
    0.0973   -0.8123   -0.5751
...    55 T-A ...
  -88.8727 -116.1983   37.1167
    0.3937   -0.4832    0.7820
   -0.9089   -0.3317    0.2527
    0.1373   -0.8103   -0.5697
...    56 A-T ...
  -87.8342 -118.9009   35.3284
   -0.2064   -0.5542    0.8064
   -0.9621   -0.0353   -0.2705
    0.1784   -0.8316   -0.5259
...    57 T-A ...
  -86.5292 -121.5948   33.9080
   -0.6644   -0.5225    0.5344
   -0.7196    0.2541   -0.6462
    0.2019   -0.8139   -0.5448
...    58 C-G ...
  -85.7568 -124.4708   32.3301
   -0.9628   -0.2700    0.0112
   -0.1604    0.5379   -0.8276
    0.2174   -0.7986   -0.5612
...    59 T-A ...
  -85.2162 -127.3511   30.6873
   -0.9086    0.0857   -0.4087
    0.3743    0.6012   -0.7060
    0.1852   -0.7945   -0.5784
...    60 C-G ...
  -84.5456 -130.0477   28.7784
   -0.5216    0.4413   -0.7302
    0.8304    0.4591   -0.3158
    0.1959   -0.7711   -0.6059
...    61 G-C ...
  -83.4514 -132.2676   26.6227
   -0.0758    0.7403   -0.6680
    0.9761    0.1919    0.1019
    0.2036   -0.6443   -0.7372
...    62 A-T ...
  -82.5681 -134.5007   24.4492
    0.4509    0.7862   -0.4226
    0.8430   -0.2196    0.4910
    0.2932   -0.5777   -0.7618
...    63 G-C ...
  -81.6882 -136.0282   21.6454
    0.7808    0.6236   -0.0377
    0.5054   -0.5950    0.6249
    0.3672   -0.5070   -0.7798
...    64 C-G ...
  -80.4921 -137.1996   18.7125
    0.9009    0.2203    0.3739
   -0.0054   -0.8558    0.5173
    0.4339   -0.4681   -0.7698
...    65 T-A ...
  -78.9605 -138.3748   16.0384
    0.7355   -0.2131    0.6432
   -0.4409   -0.8713    0.2155
    0.5145   -0.4420   -0.7348
...    66 C-G ...
  -77.1344 -140.1184   14.0242
    0.3372   -0.6520    0.6791
   -0.7203   -0.6432   -0.2598
    0.6062   -0.4015   -0.6865
...    67 G-C ...
  -75.7469 -142.1794   11.6025
   -0.1489   -0.8853    0.4405
   -0.7391   -0.1963   -0.6444
    0.6570   -0.4215   -0.6250
...    68 G-C ...
  -73.3659 -143.6785    9.7387
   -0.5509   -0.8340    0.0312
   -0.5275    0.3191   -0.7873
    0.6467   -0.4502   -0.6157
...    69 G-C ...
  -71.1891 -145.3800    7.8595
   -0.7939   -0.4904   -0.3596
   -0.1240    0.7095   -0.6937
    0.5953   -0.5061   -0.6241
...    70 A-T ...
  -69.1341 -147.2794    5.9988
   -0.6974    0.0291   -0.7161
    0.3707    0.8698   -0.3257
    0.6134   -0.4926   -0.6174
...    71 T-A ...
  -67.4718 -149.3831    4.0617
   -0.4133    0.4829   -0.7720
    0.6718    0.7340    0.0995
    0.6147   -0.4775   -0.6278
...    72 C-G ...
  -65.6145 -151.0409    1.8861
    0.0389    0.8368   -0.5462
    0.7746    0.3200    0.5455
    0.6313   -0.4443   -0.6357
...    73 C-G ...
  -63.6622 -152.7871   -0.1228
    0.3132    0.9458   -0.0858
    0.6325   -0.1404    0.7618
    0.7084   -0.2929   -0.6421
...    74 G-C ...
  -60.9846 -153.6102   -1.8937
    0.4456    0.7802    0.4389
    0.4151   -0.6145    0.6709
    0.7932   -0.1168   -0.5977
...    75 C-G ...
  -58.3705 -153.4498   -4.1425
    0.5724    0.3021    0.7623
    0.1111   -0.9497    0.2929
    0.8124   -0.0830   -0.5771
...    76 T-A ...
  -55.3192 -153.1436   -5.7791
    0.5146   -0.2759    0.8118
   -0.1623   -0.9610   -0.2237
    0.8419   -0.0166   -0.5393
...    77 T-A ...
  -52.4582 -152.8548   -7.3169
    0.3525   -0.7795    0.5179
   -0.4131   -0.6261   -0.6613
    0.8397    0.0191   -0.5427
...    78 T-A ...
  -49.5768 -152.5917   -8.8112
    0.0905   -0.9954    0.0301
   -0.5396   -0.0744   -0.8386
    0.8371    0.0596   -0.5438
...    79 A-T ...
  -47.2955 -152.0408  -11.1470
   -0.1393   -0.8245   -0.5485
   -0.5139    0.5337   -0.6716
    0.8465    0.1883   -0.4980
...    80 A-T ...
  -44.4804 -151.5074  -12.6028
   -0.3715   -0.3746   -0.8495
   -0.3769    0.8970   -0.2307
    0.8485    0.2345   -0.4744
...    81 C-G ...
  -41.5143 -151.3163  -14.1815
   -0.5132    0.1588   -0.8435
   -0.1364    0.9551    0.2629
    0.8474    0.2499   -0.4685
...    82 A-T ...
  -38.7357 -150.5327  -15.7734
   -0.5715    0.6415   -0.5117
    0.1584    0.6981    0.6983
    0.8051    0.3180   -0.5006
...    83 C-G ...
  -36.3815 -149.7106  -18.0016
   -0.4488    0.8908   -0.0708
    0.4162    0.2785    0.8656
    0.7908    0.3590   -0.4958
...    84 T-A ...
  -34.0234 -148.2150  -20.2198
   -0.2270    0.8581    0.4606
    0.5918   -0.2541    0.7650
    0.7735    0.4462   -0.4501
...    85 T-A ...
  -31.8098 -146.4986  -21.8391
    0.1081    0.5580    0.8228
    0.6215   -0.6839    0.3821
    0.7759    0.4700   -0.4207
...    86 T-A ...
  -29.4078 -144.8023  -23.1224
    0.3753    0.0670    0.9245
    0.4827   -0.8656   -0.1332
    0.7913    0.4962   -0.3572
...    87 A-T ...
  -26.6840 -143.2213  -24.0893
    0.4896   -0.4560    0.7432
    0.2491   -0.7436   -0.6204
    0.8356    0.4889   -0.2505
...    88 T-A ...
  -24.1879 -141.1415  -24.2998
    0.5204   -0.7648    0.3799
    0.0271   -0.4299   -0.9025
    0.8535    0.4799   -0.2030
...    89 G-C ...
  -21.2360 -139.6717  -24.6786
    0.3539   -0.9079   -0.2246
   -0.2541    0.1378   -0.9573
    0.9001    0.3959   -0.1820
...    90 C-G ...
  -18.0858 -138.6638  -25.0397
    0.1443   -0.6829   -0.7161
   -0.4056    0.6193   -0.6723
    0.9026    0.3874   -0.1876
...    91 T-A ...
  -14.7926 -137.8292  -25.6414
   -0.1074   -0.2114   -0.9715
   -0.3862    0.9093   -0.1552
    0.9162    0.3585   -0.1792
...    92 T-A ...
  -11.7753 -136.8846  -26.2090
   -0.3151    0.3279   -0.8906
   -0.2772    0.8657    0.4168
    0.9077    0.3782   -0.1819
...    93 C-G ...
   -8.7427 -135.7751  -27.0030
   -0.4583    0.7474   -0.4809
   -0.0579    0.5148    0.8553
    0.8869    0.4199   -0.1927
...    94 C-G ...
   -5.6749 -134.4555  -28.1554
   -0.4964    0.8646    0.0781
    0.1876    0.0190    0.9821
    0.8476    0.5021   -0.1717
...    95 T-A ...
   -3.2224 -132.5094  -28.9942
   -0.4261    0.7106    0.5599
    0.4120   -0.3985    0.8194
    0.8054    0.5798   -0.1230
...    96 C-G ...
   -0.8582 -130.3050  -29.1961
   -0.2083    0.3240    0.9228
    0.6110   -0.6936    0.3815
    0.7637    0.6433   -0.0535
...    97 A-T ...
    1.1917 -127.5240  -29.4600
    0.0174   -0.1563    0.9876
    0.7203   -0.6830   -0.1208
    0.6934    0.7135    0.1007
...    98 T-A ...
    3.0671 -124.9617  -28.8480
    0.3223   -0.5087    0.7984
    0.6406   -0.5038   -0.5795
    0.6970    0.6982    0.1635
...    99 G-C ...
    5.3456 -122.6031  -27.9109
    0.5763   -0.7576    0.3063
    0.3757   -0.0872   -0.9226
    0.7257    0.6468    0.2344
...   100 T-A ...
    7.5917 -120.5310  -26.4913
    0.6931   -0.6832   -0.2299
    0.0214    0.3384   -0.9408
    0.7205    0.6472    0.2492
...   101 T-A ...
    9.8919 -118.5412  -25.4560
    0.6161   -0.3454   -0.7079
   -0.3655    0.6707   -0.6454
    0.6977    0.6564    0.2870
...   102 A-T ...
   12.0231 -116.0281  -24.5579
    0.2725    0.1777   -0.9456
   -0.6926    0.7184   -0.0646
    0.6678    0.6726    0.3188
...   103 T-A ...
   14.6461 -114.3546  -23.6205
   -0.0898    0.5272   -0.8450
   -0.7518    0.5206    0.4047
    0.6532    0.6716    0.3496
...   104 A-T ...
   16.6500 -112.0146  -22.2861
   -0.5414    0.7040   -0.4596
   -0.5590    0.1069    0.8223
    0.6280    0.7021    0.3356
...   105 A-T ...
   18.6578 -109.7407  -21.3903
   -0.7852    0.6185    0.0312
   -0.1940   -0.2935    0.9361
    0.5881    0.7289    0.3504
...   106 C-G ...
   20.5083 -106.9649  -20.8630
   -0.7978    0.3342    0.5019
    0.2475   -0.5774    0.7780
    0.5498    0.7449    0.3779
...   107 G-C ...
   22.0494 -104.7164  -19.0972
   -0.6651   -0.1540    0.7307
    0.6363   -0.6290    0.4466
    0.3909    0.7620    0.5163
...   108 G-C ...
   22.7524 -102.3292  -16.9448
   -0.2956   -0.5480    0.7825
    0.9139   -0.4008    0.0646
    0.2782    0.7342    0.6193
...   109 A-T ...
   23.4432 -100.1110  -14.6874
    0.2690   -0.6984    0.6632
    0.9335    0.0196   -0.3580
    0.2371    0.7154    0.6572
...   110 G-C ...
   23.8265  -97.8740  -12.3507
    0.6865   -0.6332    0.3574
    0.6827    0.3920   -0.6167
    0.2504    0.6673    0.7014
...   111 G-C ...
   24.6288  -95.8907   -9.6680
    0.9414   -0.3264   -0.0853
    0.1806    0.7014   -0.6895
    0.2849    0.6337    0.7192
...   112 C-G ...
   25.7892  -94.2743   -6.9621
    0.8799    0.0944   -0.4658
   -0.3589    0.7745   -0.5210
    0.3115    0.6255    0.7153
...   113 T-A ...
   26.9139  -92.3656   -4.5177
    0.5575    0.4840   -0.6745
   -0.7660    0.6131   -0.1933
    0.3200    0.6245    0.7125
...   114 C-G ...
   27.9099  -90.2376   -2.1577
   -0.0028    0.7398   -0.6729
   -0.9491    0.2100    0.2348
    0.3149    0.6393    0.7015
...   115 G-C ...
   28.4436  -88.1373    0.3549
   -0.5720    0.6730   -0.4689
   -0.7800   -0.2694    0.5648
    0.2538    0.6888    0.6790
...   116 T-A ...
   29.3884  -85.4507    2.0225
   -0.9100    0.3896   -0.1416
   -0.3635   -0.5859    0.7243
    0.1993    0.7106    0.6748
...   117 A-T ...
   29.9095  -82.5613    3.8373
   -0.9763   -0.0848    0.1990
    0.2026   -0.6812    0.7035
    0.0759    0.7272    0.6822
...   118 T-A ...
   29.7933  -79.8119    5.5336
   -0.7523   -0.4170    0.5100
    0.6555   -0.5510    0.5165
    0.0656    0.7229    0.6879
...   119 A-T ...
   29.9139  -77.5370    7.9168
   -0.2881   -0.7209    0.6303
    0.9575   -0.2092    0.1984
   -0.0111    0.6607    0.7506
...   120 A-T ...
   29.5170  -75.4794   10.3814
    0.2903   -0.7457    0.5998
    0.9567    0.2414   -0.1628
   -0.0234    0.6211    0.7834
...   121 T-A ...
   28.8349  -73.7679   13.1603
    0.7389   -0.5165    0.4327
    0.6730    0.5983   -0.4350
   -0.0342    0.6126    0.7896
...   122 G-C ...
   28.6949  -71.9297   16.0350
    0.9925   -0.1118    0.0488
    0.1192    0.8029   -0.5841
    0.0261    0.5855    0.8102
...   123 T-A ...
   28.8968  -70.4597   18.9593
    0.9209    0.3027   -0.2456
   -0.3888    0.7594   -0.5218
    0.0285    0.5760    0.8170
...   124 G-C ...
   29.0933  -68.5777   21.6940
    0.5263    0.6571   -0.5397
   -0.8467    0.4633   -0.2617
    0.0780    0.5947    0.8002
...   125 T-A ...
   29.8237  -66.8783   24.3419
    0.0122    0.7831   -0.6218
   -0.9967    0.0591    0.0550
    0.0799    0.6191    0.7812
...   126 C-G ...
   30.1324  -64.8750   26.7769
   -0.5715    0.6735   -0.4688
   -0.8162   -0.4072    0.4099
    0.0852    0.6169    0.7824
...   127 G-C ...
   29.8961  -63.0743   29.5106
   -0.9054    0.2768   -0.3219
   -0.4209   -0.6845    0.5952
   -0.0556    0.6744    0.7363
...   128 A-T ...
   29.8657  -60.9506   31.8332
   -0.9816   -0.1786    0.0672
    0.1787   -0.7366    0.6523
   -0.0669    0.6523    0.7550
...   129 C-G ...
   29.3028  -58.3481   33.7763
   -0.7406   -0.5698    0.3562
    0.6625   -0.5310    0.5283
   -0.1119    0.6272    0.7707
...   130 C-G ...
   28.1496  -56.3182   36.2825
   -0.2882   -0.8355    0.4678
    0.9380   -0.1481    0.3133
   -0.1925    0.5291    0.8264
...   131 A-T ...
   27.8594  -54.9451   39.3088
    0.2758   -0.8642    0.4209
    0.9418    0.3305    0.0616
   -0.1924    0.3794    0.9050
...   132 A-T ...
   27.1002  -53.9234   42.3272
    0.7582   -0.5381    0.3682
    0.6227    0.7650   -0.1645
   -0.1931    0.3540    0.9151
...   133 A-T ...
   26.2595  -53.1188   45.4023
    0.9700    0.0304    0.2411
    0.0594    0.9324   -0.3565
   -0.2357    0.3601    0.9027
...   134 T-A ...
   25.6208  -52.5914   48.6400
    0.8597    0.5097    0.0340
   -0.4497    0.7866   -0.4231
   -0.2424    0.3485    0.9054
...   135 G-C ...
   25.2757  -52.5097   52.0792
    0.3204    0.9427   -0.0928
   -0.8825    0.2614   -0.3910
   -0.3443    0.2071    0.9157
...   136 T-A ...
   25.5257  -52.9788   55.8050
   -0.2439    0.9563   -0.1610
   -0.8908   -0.2866   -0.3525
   -0.3833    0.0575    0.9218
...   137 G-C ...
   24.8932  -52.7379   58.9865
   -0.7529    0.5562   -0.3519
   -0.5215   -0.8303   -0.1966
   -0.4015    0.0355    0.9152
...   138 A-T ...
   24.0142  -51.6375   61.9242
   -0.9563    0.0401   -0.2896
   -0.0524   -0.9980    0.0347
   -0.2876    0.0484    0.9565
...   139 G-C ...
   22.3466  -51.2413   64.4940
   -0.8529   -0.5118   -0.1033
    0.4974   -0.8566    0.1373
   -0.1587    0.0657    0.9851
...   140 C-G ...
   22.1502  -50.1500   67.4639
   -0.4681   -0.8748    0.1248
    0.8495   -0.4066    0.3362
   -0.2434    0.2634    0.9335
...   141 G-C ...
   21.4256  -51.8268   72.7876
    0.1303   -0.7143   -0.6876
    0.8897   -0.2218    0.3990
   -0.4375   -0.6638    0.6066
...   142 C-G ...
   20.4245  -54.3096   74.5418
    0.5846   -0.7390   -0.3348
    0.7594    0.3531    0.5465
   -0.2856   -0.5737    0.7676
...   143 T-A ...
   18.4270  -55.5291   76.5299
    0.8548   -0.5005    0.1370
    0.3188    0.7148    0.6224
   -0.4095   -0.4884    0.7706
...   144 C-G ...
   16.8371  -57.7223   78.2674
    0.8529   -0.0846    0.5151
   -0.1508    0.9048    0.3983
   -0.4998   -0.4174    0.7589
...   145 A-T ...
   15.7828  -59.5617   80.7981
    0.5516    0.4995    0.6680
   -0.6739    0.7388    0.0039
   -0.4916   -0.4523    0.7441
...   146 C-G ...
   15.7314  -61.4942   83.9317
    0.0344    0.7399    0.6718
   -0.8637    0.3602   -0.3526
   -0.5029   -0.5681    0.6514
...   147 A-T ...
   14.7383  -63.4280   86.8192
   -0.5924    0.6746    0.4405
   -0.6886   -0.1401   -0.7114
   -0.4182   -0.7248    0.5475
