  147 base-pairs
...     1 T-A ...
    0.0000    0.0000    0.0000
    1.0000    0.0000    0.0000
    0.0000    1.0000    0.0000
    0.0000    0.0000    1.0000
...     2 G-C ...
   -0.5555   -1.1003    3.3981
    0.7749    0.6051    0.1828
   -0.5991    0.7953   -0.0929
   -0.2016   -0.0375    0.9787
...     3 T-A ...
   -0.6619   -3.0237    6.5348
    0.3046    0.9250    0.2271
   -0.8994    0.3578   -0.2510
   -0.3134   -0.1278    0.9410
...     4 G-C ...
   -1.1607   -3.8418    9.6940
   -0.3351    0.9421    0.0133
   -0.8752   -0.3061   -0.3746
   -0.3489   -0.1372    0.9271
...     5 A-T ...
   -1.3881   -3.6770   12.8999
   -0.7835    0.6162   -0.0801
   -0.5677   -0.7622   -0.3109
   -0.2527   -0.1981    0.9470
...     6 G-C ...
   -2.6236   -3.5448   15.7072
   -0.9923    0.0611   -0.1075
   -0.0294   -0.9610   -0.2748
   -0.1201   -0.2695    0.9555
...     7 C-G ...
   -2.3138   -3.7570   18.8866
   -0.8620   -0.4995   -0.0864
    0.5008   -0.8655    0.0073
   -0.0785   -0.0370    0.9962
...     8 G-C ...
   -3.9561   -6.8109   23.3205
   -0.2581   -0.3560   -0.8981
    0.6294   -0.7673    0.1233
   -0.7330   -0.5335    0.4221
...     9 C-G ...
   -6.1177   -8.9414   24.2385
    0.1143   -0.7320   -0.6716
    0.8123   -0.3203    0.4874
   -0.5720   -0.6013    0.5580
...    10 T-A ...
   -8.5041   -9.6771   26.0540
    0.4660   -0.8587   -0.2131
    0.6274    0.1508    0.7640
   -0.6239   -0.4897    0.6090
...    11 C-G ...
  -11.0625  -11.3174   27.2336
    0.6660   -0.6911    0.2808
    0.3382    0.6152    0.7121
   -0.6649   -0.3794    0.6435
...    12 A-T ...
  -13.0013  -13.1789   29.0658
    0.7188   -0.1490    0.6790
   -0.1787    0.9043    0.3876
   -0.6718   -0.4000    0.6235
...    13 C-G ...
  -14.1788  -15.9359   31.3399
    0.4052    0.2865    0.8682
   -0.5270    0.8492   -0.0343
   -0.7470   -0.4437    0.4951
...    14 A-T ...
  -15.9532  -18.1566   33.3080
   -0.1503    0.6873    0.7107
   -0.6106    0.5008   -0.6135
   -0.7776   -0.5261    0.3444
...    15 A-T ...
  -18.3216  -19.9412   34.6350
   -0.4761    0.8462    0.2392
   -0.4050    0.0305   -0.9138
   -0.7806   -0.5320    0.3282
...    16 T-A ...
  -20.6661  -21.5105   36.3248
   -0.6070    0.7527   -0.2550
   -0.1059   -0.3945   -0.9128
   -0.7876   -0.5270    0.3192
...    17 T-A ...
  -23.2364  -23.0525   37.5509
   -0.5423    0.4167   -0.7295
    0.2548   -0.7458   -0.6155
   -0.8006   -0.5197    0.2983
...    18 T-A ...
  -25.9379  -24.5057   38.5801
   -0.2825   -0.0516   -0.9579
    0.5101   -0.8538   -0.1044
   -0.8124   -0.5181    0.2675
...    19 A-T ...
  -28.7978  -26.1003   39.2009
    0.1489   -0.4451   -0.8830
    0.5467   -0.7071    0.4485
   -0.8240   -0.5495    0.1380
...    20 T-A ...
  -31.7723  -27.4857   39.1598
    0.4163   -0.7285   -0.5440
    0.3904   -0.3972    0.8306
   -0.8212   -0.5581    0.1191
...    21 T-A ...
  -34.4985  -29.2394   39.2544
    0.5687   -0.8224    0.0163
    0.0775    0.0733    0.9943
   -0.8189   -0.5642    0.1054
...    22 C-G ...
  -37.0836  -31.2343   39.4983
    0.5264   -0.6109    0.5913
   -0.2904    0.5245    0.8003
   -0.7991   -0.5930    0.0988
...    23 G-C ...
  -39.8004  -33.0466   40.2189
    0.3368   -0.1622    0.9275
   -0.5711    0.7480    0.3382
   -0.7486   -0.6436    0.1593
...    24 C-G ...
  -41.9864  -35.4838   40.7793
   -0.0108    0.2919    0.9564
   -0.6714    0.7066   -0.2232
   -0.7410   -0.6446    0.1883
...    25 A-T ...
  -44.6192  -37.4361   41.3134
   -0.3434    0.6891    0.6381
   -0.5552    0.3991   -0.7297
   -0.7575   -0.6049    0.2455
...    26 A-T ...
  -46.9458  -39.4567   42.3541
   -0.6118    0.7833    0.1106
   -0.2476   -0.0568   -0.9672
   -0.7513   -0.6191    0.2287
...    27 A-T ...
  -49.3675  -41.3778   43.3505
   -0.6451    0.6119   -0.4576
    0.1536   -0.4829   -0.8621
   -0.7485   -0.6264    0.2175
...    28 G-C ...
  -51.9892  -43.1936   44.2291
   -0.4101    0.3193   -0.8544
    0.4700   -0.7288   -0.4979
   -0.7816   -0.6057    0.1488
...    29 G-C ...
  -54.8570  -44.9142   44.6989
   -0.0121   -0.0533   -0.9985
    0.6024   -0.7974    0.0352
   -0.7981   -0.6011    0.0418
...    30 C-G ...
  -57.7306  -46.5320   44.5888
    0.3650   -0.4312   -0.8251
    0.5019   -0.6554    0.5645
   -0.7842   -0.6201   -0.0228
...    31 C-G ...
  -60.4083  -48.5176   44.0616
    0.6550   -0.6457   -0.3925
    0.2019   -0.3510    0.9143
   -0.7282   -0.6781   -0.0996
...    32 G-C ...
  -62.6068  -51.0341   43.9406
    0.7416   -0.6442    0.1870
   -0.2338    0.0131    0.9722
   -0.6288   -0.7647   -0.1409
...    33 G-C ...
  -64.3842  -53.8155   43.2321
    0.5445   -0.4732    0.6925
   -0.6259    0.3204    0.7111
   -0.5584   -0.8206   -0.1217
...    34 C-G ...
  -65.8302  -56.7609   42.7264
    0.1289   -0.1954    0.9722
   -0.8372    0.5041    0.2123
   -0.5315   -0.8413   -0.0986
...    35 C-G ...
  -67.3800  -59.7571   42.6158
   -0.3248    0.1600    0.9322
   -0.7869    0.5010   -0.3602
   -0.5247   -0.8505   -0.0368
...    36 C-G ...
  -69.0282  -62.7003   42.7813
   -0.6760    0.4549    0.5797
   -0.4873    0.3141   -0.8148
   -0.5528   -0.8333    0.0094
...    37 G-C ...
  -71.0382  -65.3539   42.4010
   -0.7861    0.6180    0.0144
   -0.0207   -0.0029   -0.9998
   -0.6178   -0.7862    0.0151
...    38 A-T ...
  -73.0376  -67.9514   42.5544
   -0.6296    0.5196   -0.5775
    0.4547   -0.3563   -0.8163
   -0.6299   -0.7766   -0.0120
...    39 C-G ...
  -75.4807  -70.1589   42.8772
   -0.2772    0.2865   -0.9171
    0.7187   -0.5717   -0.3958
   -0.6377   -0.7688   -0.0475
...    40 A-T ...
  -77.5632  -72.7597   42.6297
    0.2516    0.0201   -0.9676
    0.7386   -0.6501    0.1785
   -0.6255   -0.7596   -0.1784
...    41 C-G ...
  -79.9686  -74.8047   41.7262
    0.6294   -0.2734   -0.7274
    0.4969   -0.5781    0.6472
   -0.5975   -0.7688   -0.2280
...    42 G-C ...
  -81.6779  -77.5850   41.0054
    0.8802   -0.4199   -0.2211
    0.0500   -0.3812    0.9231
   -0.4720   -0.8236   -0.3145
...    43 A-T ...
  -83.0677  -80.3046   39.8499
    0.7706   -0.5187    0.3703
   -0.4832   -0.0965    0.8702
   -0.4156   -0.8495   -0.3250
...    44 C-G ...
  -83.9094  -83.1227   38.3416
    0.4197   -0.4671    0.7782
   -0.8259    0.1592    0.5409
   -0.3766   -0.8697   -0.3189
...    45 T-A ...
  -84.7695  -86.1494   37.3084
   -0.0662   -0.2753    0.9591
   -0.9397    0.3403    0.0328
   -0.3355   -0.8991   -0.2812
...    46 T-A ...
  -85.5468  -89.1873   36.4233
   -0.6112   -0.0653    0.7888
   -0.7285    0.4361   -0.5283
   -0.3095   -0.8975   -0.3141
...    47 A-T ...
  -86.7756  -91.9625   34.9056
   -0.9542    0.1770    0.2412
   -0.1559    0.3939   -0.9058
   -0.2553   -0.9019   -0.3483
...    48 C-G ...
  -87.7034  -95.1210   34.3436
   -0.8910    0.3637   -0.2717
    0.3737    0.2477   -0.8938
   -0.2578   -0.8980   -0.3566
...    49 T-A ...
  -88.8195  -98.0908   33.3549
   -0.5452    0.4845   -0.6841
    0.7908    0.0265   -0.6115
   -0.2781   -0.8744   -0.3976
...    50 G-C ...
  -89.6913 -100.9384   31.8611
    0.0197    0.5181   -0.8551
    0.9609   -0.2461   -0.1270
   -0.2762   -0.8192   -0.5027
...    51 T-A ...
  -91.1435 -103.3249   30.1224
    0.5239    0.3665   -0.7689
    0.8171   -0.4711    0.3322
   -0.2405   -0.8023   -0.5463
...    52 A-T ...
  -92.0023 -105.7037   27.9423
    0.9049    0.2049   -0.3730
    0.4143   -0.6241    0.6624
   -0.0971   -0.7540   -0.6497
...    53 G-C ...
  -92.2383 -107.9242   25.5247
    0.9944   -0.0623    0.0848
   -0.1047   -0.6632    0.7410
    0.0101   -0.7458   -0.6661
...    54 G-C ...
  -91.7276 -110.1994   23.0927
    0.7824   -0.3209    0.5337
   -0.6083   -0.5773    0.5447
    0.1333   -0.7509   -0.6469
...    55 T-A ...
  -90.7147 -112.3535   20.8212
    0.3506   -0.5473    0.7600
   -0.9202   -0.3522    0.1708
    0.1742   -0.7592   -0.6271
...    56 A-T ...
  -90.3684 -114.9844   18.7793
   -0.2839   -0.6504    0.7046
   -0.9365    0.0301   -0.3495
    0.2061   -0.7590   -0.6176
...    57 T-A ...
  -89.0932 -117.5655   17.1369
   -0.7167   -0.5656    0.4079
   -0.6586    0.3566   -0.6627
    0.2294   -0.7436   -0.6281
...    58 C-G ...
  -88.3219 -120.1006   15.1811
   -0.9653   -0.2503   -0.0747
   -0.1014    0.6227   -0.7758
    0.2407   -0.7413   -0.6265
...    59 T-A ...
  -87.6567 -122.7699   13.3126
   -0.8773    0.1373   -0.4598
    0.4254    0.6658   -0.6129
    0.2221   -0.7334   -0.6425
...    60 C-G ...
  -86.9420 -125.2583   11.2844
   -0.4640    0.5206   -0.7167
    0.8550    0.4748   -0.2086
    0.2317   -0.7096   -0.6654
...    61 G-C ...
  -85.7925 -127.5175    9.1109
    0.0416    0.7881   -0.6142
    0.9636    0.1309    0.2332
    0.2642   -0.6015   -0.7539
...    62 A-T ...
  -85.0218 -129.4800    6.6413
    0.5577    0.7682   -0.3143
    0.7687   -0.3351    0.5448
    0.3132   -0.5454   -0.7774
...    63 G-C ...
  -84.0978 -130.9795    3.8704
    0.8263    0.5553    0.0940
    0.3886   -0.6830    0.6185
    0.4076   -0.4746   -0.7801
...    64 C-G ...
  -82.7023 -132.0134    1.0935
    0.8703    0.1520    0.4684
   -0.0874   -0.8884    0.4506
    0.4847   -0.4331   -0.7600
...    65 T-A ...
  -80.8235 -133.0567   -1.3914
    0.6578   -0.2836    0.6978
   -0.4839   -0.8690    0.1030
    0.5772   -0.4054   -0.7088
...    66 T-A ...
  -78.7356 -134.1368   -3.6179
    0.2733   -0.7189    0.6391
   -0.7515   -0.5743   -0.3247
    0.6005   -0.3916   -0.6972
...    67 C-G ...
  -76.6252 -135.5333   -5.6957
   -0.2195   -0.9174    0.3319
   -0.7450   -0.0620   -0.6642
    0.6299   -0.3931   -0.6698
...    68 A-T ...
  -74.7545 -136.8618   -8.0756
   -0.6322   -0.7695   -0.0903
   -0.4588    0.4657   -0.7568
    0.6244   -0.4370   -0.6474
...    69 T-A ...
  -72.4889 -138.7050   -9.6637
   -0.7529   -0.4378   -0.4915
   -0.0765    0.7999   -0.5953
    0.6537   -0.4106   -0.6357
...    70 G-C ...
  -70.3357 -139.7999  -11.9206
   -0.6935    0.1249   -0.7095
    0.3648    0.9102   -0.1963
    0.6213   -0.3950   -0.6768
...    71 T-A ...
  -68.6150 -141.6060  -14.1218
   -0.4193    0.5883   -0.6914
    0.6556    0.7231    0.2177
    0.6280   -0.3620   -0.6889
...    72 T-A ...
  -66.7591 -142.9248  -16.4241
    0.0002    0.9003   -0.4353
    0.7633    0.2810    0.5817
    0.6461   -0.3324   -0.6871
...    73 A-T ...
  -64.8551 -143.8150  -19.0117
    0.2703    0.9610    0.0579
    0.6674   -0.2303    0.7082
    0.6939   -0.1528   -0.7037
...    74 T-A ...
  -62.9992 -143.9246  -21.6794
    0.5227    0.7361    0.4299
    0.4586   -0.6680    0.5861
    0.7186   -0.1092   -0.6868
...    75 A-T ...
  -60.5888 -143.5562  -23.9772
    0.5080    0.3205    0.7995
    0.1956   -0.9469    0.2553
    0.8389    0.0267   -0.5437
...    76 A-T ...
  -57.8362 -143.1696  -25.6118
    0.4940   -0.2501    0.8327
   -0.0808   -0.9668   -0.2424
    0.8657    0.0525   -0.4978
...    77 C-G ...
  -54.8502 -142.4431  -26.8086
    0.3555   -0.7108    0.6070
   -0.2832   -0.7008   -0.6547
    0.8907    0.0608   -0.4504
...    78 G-C ...
  -51.9053 -142.7378  -28.3551
    0.0791   -0.9828    0.1666
   -0.3504   -0.1839   -0.9184
    0.9333    0.0143   -0.3589
...    79 G-C ...
  -48.6487 -142.9132  -29.2448
   -0.1567   -0.9224   -0.3531
   -0.2990    0.3850   -0.8731
    0.9413   -0.0313   -0.3362
...    80 A-T ...
  -45.4991 -143.0450  -30.2140
   -0.2869   -0.5085   -0.8118
   -0.1533    0.8609   -0.4851
    0.9456   -0.0147   -0.3250
...    81 C-G ...
  -42.3391 -143.6701  -31.1133
   -0.3219    0.0231   -0.9465
    0.0059    0.9997    0.0224
    0.9467    0.0016   -0.3220
...    82 G-C ...
  -39.1227 -143.2203  -31.9059
   -0.3593    0.5724   -0.7371
    0.1471    0.8147    0.5609
    0.9215    0.0931   -0.3770
...    83 G-C ...
  -36.0657 -143.1392  -33.3208
   -0.3248    0.9019   -0.2846
    0.2957    0.3827    0.8753
    0.8984    0.2002   -0.3910
...    84 G-C ...
  -33.2025 -142.4635  -34.9465
   -0.2400    0.9348    0.2619
    0.4216   -0.1426    0.8955
    0.8744    0.3253   -0.3599
...    85 A-T ...
  -30.4425 -141.2838  -36.1498
   -0.0435    0.6629    0.7474
    0.4984   -0.6340    0.5913
    0.8658    0.3982   -0.3029
...    86 T-A ...
  -28.0213 -139.4404  -37.2995
    0.1622    0.2532    0.9537
    0.4732   -0.8681    0.1500
    0.8659    0.4270   -0.2606
...    87 C-G ...
  -25.2238 -137.8991  -37.8570
    0.3465   -0.3066    0.8865
    0.3449   -0.8372   -0.4244
    0.8723    0.4528   -0.1843
...    88 C-G ...
  -22.2633 -136.2827  -37.8810
    0.4072   -0.7387    0.5371
    0.1737   -0.5147   -0.8396
    0.8967    0.4351   -0.0813
...    89 G-C ...
  -19.1188 -135.2527  -38.3140
    0.3766   -0.9262   -0.0183
   -0.0051    0.0177   -0.9998
    0.9264    0.3766    0.0019
...    90 C-G ...
  -15.9754 -134.2200  -37.9324
    0.3050   -0.7662   -0.5656
   -0.1897    0.5331   -0.8245
    0.9333    0.3587    0.0172
...    91 T-A ...
  -12.7850 -133.3128  -37.7012
    0.1477   -0.3669   -0.9185
   -0.3165    0.8623   -0.3953
    0.9370    0.3491    0.0112
...    92 T-A ...
   -9.6443 -132.4536  -37.4936
   -0.0187    0.2170   -0.9760
   -0.3724    0.9044    0.2082
    0.9279    0.3674    0.0639
...    93 T-A ...
   -6.5356 -131.5148  -37.3291
   -0.2170    0.6997   -0.6807
   -0.3238    0.6062    0.7264
    0.9209    0.3781    0.0950
...    94 A-T ...
   -3.5064 -130.1818  -37.0172
   -0.4547    0.8772   -0.1541
   -0.1484    0.0960    0.9843
    0.8782    0.4704    0.0866
...    95 A-T ...
   -0.7185 -128.5607  -36.9440
   -0.5078    0.7587    0.4081
    0.1256   -0.4034    0.9064
    0.8523    0.5115    0.1096
...    96 C-G ...
    1.7880 -126.4786  -37.0185
   -0.4343    0.4117    0.8012
    0.3808   -0.7221    0.5775
    0.8163    0.5559    0.1568
...    97 A-T ...
    4.3715 -124.4774  -36.2867
   -0.2852   -0.1299    0.9496
    0.6060   -0.7920    0.0737
    0.7426    0.5965    0.3046
...    98 C-G ...
    6.2766 -122.0938  -35.0639
    0.0299   -0.5458    0.8374
    0.6961   -0.5899   -0.4093
    0.7174    0.5951    0.3623
...    99 T-A ...
    8.3717 -120.0860  -33.4797
    0.3488   -0.8059    0.4784
    0.6229   -0.1820   -0.7608
    0.7002    0.5634    0.4385
...   100 T-A ...
   10.4400 -118.2491  -31.7643
    0.6671   -0.7445   -0.0284
    0.3195    0.3202   -0.8919
    0.6730    0.5859    0.4514
...   101 T-A ...
   12.5072 -116.4721  -29.9709
    0.7647   -0.3889   -0.5137
   -0.1284    0.6893   -0.7130
    0.6314    0.6112    0.4772
...   102 A-T ...
   14.2818 -113.9541  -28.5466
    0.5422    0.1911   -0.8182
   -0.6115    0.7576   -0.2282
    0.5763    0.6241    0.5276
...   103 T-A ...
   16.6263 -112.4103  -26.7920
    0.1643    0.5627   -0.8102
   -0.8126    0.5428    0.2123
    0.5592    0.6234    0.5464
...   104 G-C ...
   18.2765 -110.1889  -24.9542
   -0.3760    0.7055   -0.6007
   -0.7677    0.1259    0.6284
    0.5189    0.6974    0.4943
...   105 C-G ...
   20.2475 -107.8868  -23.6540
   -0.7617    0.6153   -0.2030
   -0.4518   -0.2798    0.8471
    0.4644    0.7370    0.4911
...   106 T-A ...
   21.6839 -105.2330  -22.3324
   -0.9267    0.3122    0.2090
    0.0058   -0.5442    0.8389
    0.3757    0.7787    0.5025
...   107 T-A ...
   22.7565 -102.5664  -20.8672
   -0.7908   -0.0782    0.6071
    0.5167   -0.6171    0.5935
    0.3282    0.7830    0.5284
...   108 C-G ...
   23.5793  -99.9922  -19.0609
   -0.3765   -0.4654    0.8010
    0.8853   -0.4355    0.1631
    0.2729    0.7706    0.5760
...   109 C-G ...
   24.0198  -97.4830  -16.8453
    0.1262   -0.6958    0.7070
    0.9650   -0.0790   -0.2500
    0.2298    0.7138    0.6616
...   110 G-C ...
   25.1370  -95.3480  -14.5300
    0.6153   -0.6882    0.3843
    0.7537    0.3709   -0.5425
    0.2308    0.6235    0.7470
...   111 G-C ...
   25.8610  -93.5909  -11.7305
    0.9121   -0.4097   -0.0160
    0.3089    0.7123   -0.6302
    0.2696    0.5698    0.7763
...   112 C-G ...
   26.7950  -92.0582   -8.9258
    0.9262    0.0408   -0.3749
   -0.2408    0.8290   -0.5047
    0.2902    0.5577    0.7777
...   113 T-A ...
   27.9718  -90.4540   -6.2632
    0.6462    0.4625   -0.6071
   -0.6956    0.6841   -0.2193
    0.3139    0.5640    0.7638
...   114 C-G ...
   29.0705  -88.6629   -3.7310
    0.1022    0.7703   -0.6294
   -0.9472    0.2688    0.1751
    0.3040    0.5782    0.7571
...   115 G-C ...
   29.6472  -86.7239   -1.0640
   -0.4737    0.7211   -0.5056
   -0.8460   -0.2130    0.4889
    0.2448    0.6593    0.7109
...   116 T-A ...
   30.8210  -84.3036    0.8512
   -0.8528    0.4777   -0.2111
   -0.4811   -0.5612    0.6735
    0.2032    0.6759    0.7084
...   117 A-T ...
   31.3345  -81.9003    3.0930
   -0.9943   -0.0001    0.1068
    0.0746   -0.7161    0.6940
    0.0764    0.6980    0.7120
...   118 T-A ...
   31.3014  -79.2077    4.9522
   -0.8289   -0.3753    0.4148
    0.5573   -0.6182    0.5543
    0.0484    0.6906    0.7216
...   119 A-T ...
   31.0609  -76.9234    7.3675
   -0.3933   -0.7408    0.5445
    0.9180   -0.2837    0.2770
   -0.0507    0.6088    0.7917
...   120 A-T ...
   30.5921  -75.0052    9.9337
    0.1868   -0.7855    0.5900
    0.9801    0.1896   -0.0579
   -0.0665    0.5891    0.8053
...   121 T-A ...
   29.7474  -73.3934   12.6746
    0.6534   -0.5876    0.4773
    0.7536    0.5650   -0.3361
   -0.0722    0.5793    0.8119
...   122 G-C ...
   29.7961  -71.4738   15.3864
    0.9691   -0.2064    0.1351
    0.2466    0.8237   -0.5105
   -0.0059    0.5280    0.8492
...   123 T-A ...
   29.8001  -70.2948   18.4972
    0.9547    0.2496   -0.1621
   -0.2975    0.8147   -0.4978
    0.0078    0.5235    0.8520
...   124 G-C ...
   29.8049  -68.3038   21.1519
    0.6058    0.6401   -0.4726
   -0.7931    0.5331   -0.2946
    0.0634    0.5533    0.8306
...   125 T-A ...
   30.5849  -66.7019   23.9646
    0.0989    0.8169   -0.5683
   -0.9933    0.1150   -0.0075
    0.0593    0.5652    0.8228
...   126 C-G ...
   30.8724  -64.8251   26.6423
   -0.5059    0.7139   -0.4842
   -0.8616   -0.3913    0.3232
    0.0412    0.5807    0.8130
...   127 G-C ...
   30.6791  -63.0840   29.4875
   -0.8962    0.3075   -0.3199
   -0.4391   -0.7187    0.5392
   -0.0641    0.6236    0.7791
...   128 A-T ...
   30.4789  -60.9706   31.9668
   -0.9805   -0.1962    0.0095
    0.1590   -0.7646    0.6246
   -0.1153    0.6139    0.7809
...   129 C-G ...
   29.7688  -58.5796   34.1126
   -0.7537   -0.5898    0.2900
    0.6377   -0.5496    0.5397
   -0.1589    0.5917    0.7903
...   130 C-G ...
   28.7922  -56.5804   36.6522
   -0.2822   -0.8510    0.4428
    0.9340   -0.1382    0.3296
   -0.2193    0.5066    0.8338
...   131 A-T ...
   28.0404  -55.0430   39.5177
    0.3045   -0.8430    0.4434
    0.9241    0.3743    0.0770
   -0.2309    0.3863    0.8930
...   132 A-T ...
   27.0852  -54.0149   42.4388
    0.7727   -0.4927    0.4002
    0.5910    0.7886   -0.1701
   -0.2318    0.3680    0.9005
...   133 A-T ...
   26.2556  -53.1119   45.4443
    0.9703    0.0405    0.2385
    0.0485    0.9333   -0.3559
   -0.2370    0.3569    0.9036
...   134 T-A ...
   25.6209  -52.5915   48.6401
    0.8597    0.5097    0.0340
   -0.4497    0.7866   -0.4231
   -0.2424    0.3485    0.9054
...   135 G-C ...
   25.2758  -52.5097   52.0792
    0.3204    0.9427   -0.0928
   -0.8825    0.2614   -0.3910
   -0.3443    0.2071    0.9157
...   136 T-A ...
   25.5258  -52.9788   55.8050
   -0.2439    0.9563   -0.1610
   -0.8908   -0.2866   -0.3525
   -0.3833    0.0575    0.9218
...   137 G-C ...
   24.8933  -52.7379   58.9866
   -0.7529    0.5562   -0.3519
   -0.5215   -0.8303   -0.1966
   -0.4015    0.0355    0.9152
...   138 A-T ...
   24.0143  -51.6375   61.9243
   -0.9563    0.0401   -0.2896
   -0.0524   -0.9980    0.0347
   -0.2876    0.0484    0.9565
...   139 G-C ...
   22.3467  -51.2413   64.4940
   -0.8529   -0.5118   -0.1033
    0.4974   -0.8566    0.1373
   -0.1587    0.0657    0.9851
...   140 C-G ...
   22.1503  -50.1500   67.4639
   -0.4681   -0.8748    0.1248
    0.8495   -0.4066    0.3362
   -0.2434    0.2634    0.9335
...   141 G-C ...
   21.4257  -51.8268   72.7877
    0.1303   -0.7143   -0.6876
    0.8897   -0.2218    0.3990
   -0.4375   -0.6638    0.6066
...   142 C-G ...
   20.4246  -54.3096   74.5419
    0.5846   -0.7390   -0.3348
    0.7594    0.3531    0.5465
   -0.2856   -0.5738    0.7676
...   143 T-A ...
   18.4271  -55.5292   76.5299
    0.8548   -0.5005    0.1370
    0.3188    0.7148    0.6224
   -0.4095   -0.4884    0.7706
...   144 C-G ...
   16.8372  -57.7224   78.2674
    0.8529   -0.0846    0.5151
   -0.1508    0.9048    0.3983
   -0.4998   -0.4174    0.7589
...   145 A-T ...
   15.7829  -59.5617   80.7982
    0.5516    0.4995    0.6680
   -0.6739    0.7388    0.0039
   -0.4916   -0.4523    0.7441
...   146 C-G ...
   15.7315  -61.4942   83.9317
    0.0344    0.7399    0.6718
   -0.8637    0.3602   -0.3526
   -0.5029   -0.5681    0.6514
...   147 A-T ...
   14.7384  -63.4281   86.8193
   -0.5924    0.6746    0.4405
   -0.6886   -0.1401   -0.7114
   -0.4182   -0.7248    0.5475
