  147 base-pairs
...     1 T-A ...
    0.0000    0.0000    0.0000
    1.0000    0.0000    0.0000
    0.0000    1.0000    0.0000
    0.0000    0.0000    1.0000
...     2 G-C ...
   -0.5555   -1.1003    3.3981
    0.7749    0.6051    0.1828
   -0.5991    0.7953   -0.0929
   -0.2016   -0.0375    0.9787
...     3 T-A ...
   -0.6619   -3.0237    6.5348
    0.3046    0.9250    0.2271
   -0.8994    0.3578   -0.2510
   -0.3134   -0.1278    0.9410
...     4 G-C ...
   -1.1607   -3.8418    9.6940
   -0.3351    0.9421    0.0133
   -0.8752   -0.3061   -0.3746
   -0.3489   -0.1372    0.9271
...     5 A-T ...
   -1.3881   -3.6770   12.8999
   -0.7835    0.6162   -0.0801
   -0.5677   -0.7622   -0.3109
   -0.2527   -0.1981    0.9470
...     6 G-C ...
   -2.6236   -3.5448   15.7072
   -0.9923    0.0611   -0.1075
   -0.0294   -0.9610   -0.2748
   -0.1201   -0.2695    0.9555
...     7 C-G ...
   -2.3138   -3.7570   18.8866
   -0.8620   -0.4995   -0.0864
    0.5008   -0.8655    0.0073
   -0.0785   -0.0370    0.9962
...     8 G-C ...
   -3.9561   -6.8109   23.3205
   -0.2581   -0.3560   -0.8981
    0.6294   -0.7673    0.1233
   -0.7330   -0.5335    0.4221
...     9 C-G ...
   -6.1177   -8.9414   24.2385
    0.1143   -0.7320   -0.6716
    0.8123   -0.3203    0.4874
   -0.5720   -0.6013    0.5580
...    10 T-A ...
   -8.5041   -9.6771   26.0540
    0.4660   -0.8587   -0.2131
    0.6274    0.1508    0.7640
   -0.6239   -0.4897    0.6090
...    11 C-G ...
  -11.0625  -11.3174   27.2336
    0.6660   -0.6911    0.2808
    0.3382    0.6152    0.7121
   -0.6649   -0.3794    0.6435
...    12 A-T ...
  -13.0013  -13.1789   29.0658
    0.7188   -0.1490    0.6790
   -0.1787    0.9043    0.3876
   -0.6718   -0.4000    0.6235
...    13 C-G ...
  -14.1788  -15.9359   31.3399
    0.4052    0.2865    0.8682
   -0.5270    0.8492   -0.0343
   -0.7470   -0.4437    0.4951
...    14 A-T ...
  -15.9532  -18.1566   33.3080
   -0.1503    0.6873    0.7107
   -0.6106    0.5008   -0.6135
   -0.7776   -0.5261    0.3444
...    15 A-T ...
  -18.3990  -19.9421   34.4565
   -0.4562    0.8615    0.2231
   -0.3994    0.0259   -0.9164
   -0.7952   -0.5072    0.3323
...    16 T-A ...
  -20.7984  -21.5145   36.2610
   -0.6264    0.7223   -0.2930
   -0.0772   -0.4316   -0.8988
   -0.7757   -0.5404    0.3261
...    17 T-A ...
  -23.3479  -23.0640   37.6544
   -0.5737    0.3167   -0.7553
    0.3155   -0.7656   -0.5606
   -0.7559   -0.5599    0.3394
...    18 T-A ...
  -25.9048  -24.7003   38.7643
   -0.2685   -0.1352   -0.9537
    0.5737   -0.8178   -0.0456
   -0.7738   -0.5594    0.2971
...    19 A-T ...
  -28.4471  -26.6681   39.5644
    0.1682   -0.5033   -0.8476
    0.6050   -0.6261    0.4919
   -0.7782   -0.5955    0.1992
...    20 T-A ...
  -31.3692  -28.2261   39.7343
    0.4532   -0.7532   -0.4768
    0.4326   -0.2818    0.8564
   -0.7794   -0.5944    0.1981
...    21 T-A ...
  -34.0020  -30.1399   40.0706
    0.6163   -0.7819    0.0939
    0.0853    0.1847    0.9791
   -0.7829   -0.5954    0.1805
...    22 C-G ...
  -36.5195  -32.1708   40.6270
    0.5727   -0.5120    0.6402
   -0.3044    0.5922    0.7460
   -0.7611   -0.6222    0.1833
...    23 G-C ...
  -39.1254  -33.9360   41.8267
    0.4035   -0.0149    0.9148
   -0.6091    0.7418    0.2807
   -0.6828   -0.6705    0.2903
...    24 C-G ...
  -41.0802  -36.3970   42.7460
    0.0624    0.4115    0.9093
   -0.7296    0.6404   -0.2398
   -0.6810   -0.6485    0.3402
...    25 A-T ...
  -43.6805  -38.2849   43.5759
   -0.3365    0.7381    0.5848
   -0.6311    0.2841   -0.7218
   -0.6989   -0.6119    0.3702
...    26 A-T ...
  -45.8934  -40.2600   44.9898
   -0.6399    0.7650    0.0733
   -0.3256   -0.1835   -0.9275
   -0.6961   -0.6174    0.3665
...    27 A-T ...
  -48.0496  -42.1710   46.5191
   -0.7231    0.5068   -0.4693
    0.1190   -0.5779   -0.8074
   -0.6804   -0.6396    0.3576
...    28 G-C ...
  -50.5604  -43.9133   47.9568
   -0.5064    0.1626   -0.8468
    0.4713   -0.7701   -0.4298
   -0.7221   -0.6168    0.3134
...    29 G-C ...
  -53.3428  -45.7165   48.9377
   -0.0882   -0.2350   -0.9680
    0.6649   -0.7375    0.1185
   -0.7417   -0.6332    0.2213
...    30 C-G ...
  -56.0610  -47.5029   49.3592
    0.3372   -0.5516   -0.7629
    0.5915   -0.5063    0.6275
   -0.7324   -0.6628    0.1556
...    31 C-G ...
  -58.6896  -49.5541   49.6517
    0.6683   -0.6765   -0.3094
    0.2935   -0.1423    0.9453
   -0.6835   -0.7226    0.1034
...    32 G-C ...
  -60.5594  -51.9314   50.1672
    0.7982   -0.5694    0.1967
   -0.1155    0.1758    0.9776
   -0.5912   -0.8030    0.0746
...    33 G-C ...
  -62.0388  -54.9483   50.3433
    0.6386   -0.3320    0.6943
   -0.5632    0.4132    0.7156
   -0.5244   -0.8480    0.0769
...    34 C-G ...
  -63.3624  -57.9362   50.5531
    0.2400   -0.0183    0.9706
   -0.8375    0.5018    0.2165
   -0.4910   -0.8648    0.1051
...    35 C-G ...
  -64.7158  -60.9770   51.2810
   -0.2605    0.2887    0.9213
   -0.8451    0.3931   -0.3622
   -0.4668   -0.8730    0.1416
...    36 C-G ...
  -66.1560  -63.9180   52.0513
   -0.6714    0.4862    0.5593
   -0.5750    0.1344   -0.8070
   -0.4675   -0.8635    0.1894
...    37 G-C ...
  -67.9545  -66.8602   51.6661
   -0.8505    0.5259   -0.0060
   -0.0863   -0.1509   -0.9848
   -0.5188   -0.8370    0.1738
...    38 A-T ...
  -69.4503  -69.5713   52.2715
   -0.7376    0.3465   -0.5796
    0.4414   -0.4021   -0.8022
   -0.5110   -0.8475    0.1436
...    39 C-G ...
  -71.5026  -71.9713   52.8626
   -0.3779    0.1350   -0.9160
    0.7575   -0.5237   -0.3897
   -0.5323   -0.8411    0.0956
...    40 A-T ...
  -73.3979  -74.7098   53.0643
    0.1680   -0.0905   -0.9816
    0.8334   -0.5188    0.1904
   -0.5265   -0.8501   -0.0117
...    41 C-G ...
  -75.3690  -77.2641   52.5345
    0.6030   -0.2757   -0.7486
    0.6285   -0.4138    0.6586
   -0.4913   -0.8676   -0.0762
...    42 G-C ...
  -76.6574  -80.3416   52.5676
    0.8995   -0.3723   -0.2286
    0.1511   -0.2259    0.9624
   -0.4099   -0.9002   -0.1470
...    43 A-T ...
  -77.9755  -83.1754   52.0368
    0.8235   -0.4244    0.3766
   -0.4019    0.0323    0.9151
   -0.4005   -0.9049   -0.1440
...    44 C-G ...
  -78.8733  -86.1757   50.9868
    0.5094   -0.2960    0.8080
   -0.7874    0.2185    0.5765
   -0.3472   -0.9299   -0.1217
...    45 T-A ...
  -79.3759  -89.7258   50.4460
   -0.0153   -0.1052    0.9943
   -0.9455    0.3251    0.0199
   -0.3253   -0.9398   -0.1045
...    46 T-A ...
  -80.0083  -92.8971   50.0549
   -0.5065    0.0471    0.8609
   -0.8031    0.3375   -0.4910
   -0.3137   -0.9401   -0.1332
...    47 A-T ...
  -81.2765  -95.9393   49.3020
   -0.9113    0.2273    0.3434
   -0.2906    0.2360   -0.9273
   -0.2918   -0.9448   -0.1490
...    48 C-G ...
  -82.2450  -99.1484   49.4853
   -0.9252    0.3208   -0.2026
    0.2402    0.0820   -0.9672
   -0.2937   -0.9436   -0.1529
...    49 T-A ...
  -83.5524 -102.2587   49.2868
   -0.6301    0.3841   -0.6748
    0.6951   -0.1083   -0.7107
   -0.3461   -0.9169   -0.1987
...    50 G-C ...
  -84.8096 -105.2478   48.3717
   -0.0906    0.3769   -0.9218
    0.9309   -0.2968   -0.2129
   -0.3539   -0.8774   -0.3239
...    51 T-A ...
  -86.4412 -107.7876   47.2869
    0.3924    0.2538   -0.8841
    0.8604   -0.4410    0.2553
   -0.3251   -0.8608   -0.3915
...    52 A-T ...
  -87.7556 -110.1532   45.2543
    0.8240    0.1998   -0.5302
    0.5424   -0.5488    0.6361
   -0.1638   -0.8117   -0.5606
...    53 G-C ...
  -88.5278 -112.5604   43.2385
    0.9964    0.0161   -0.0833
    0.0762   -0.6022    0.7947
   -0.0373   -0.7982   -0.6013
...    54 G-C ...
  -88.3061 -114.8742   40.4392
    0.8836   -0.2247    0.4107
   -0.4623   -0.5572    0.6898
    0.0738   -0.7994   -0.5962
...    55 T-A ...
  -87.5386 -117.2406   38.3320
    0.5251   -0.4583    0.7171
   -0.8431   -0.3951    0.3648
    0.1162   -0.7962   -0.5938
...    56 A-T ...
  -86.5297 -119.8544   36.3950
   -0.0540   -0.5649    0.8234
   -0.9844   -0.1082   -0.1387
    0.1674   -0.8180   -0.5503
...    57 T-A ...
  -85.2294 -122.4490   34.7980
   -0.5419   -0.5675    0.6199
   -0.8194    0.1926   -0.5399
    0.1869   -0.8005   -0.5694
...    58 C-G ...
  -84.4600 -125.2729   33.1288
   -0.9271   -0.3450    0.1469
   -0.3176    0.5144   -0.7965
    0.1992   -0.7851   -0.5865
...    59 T-A ...
  -83.9255 -128.1192   31.4326
   -0.9616    0.0062   -0.2744
    0.2189    0.6204   -0.7531
    0.1656   -0.7843   -0.5979
...    60 C-G ...
  -83.3248 -130.7698   29.4489
   -0.6571    0.3850   -0.6481
    0.7342    0.5216   -0.4346
    0.1707   -0.7614   -0.6254
...    61 G-C ...
  -82.3736 -132.9258   27.1796
   -0.2375    0.7157   -0.6568
    0.9594    0.2789   -0.0430
    0.1524   -0.6403   -0.7529
...    62 A-T ...
  -81.6115 -135.1285   24.9392
    0.3087    0.8141   -0.4918
    0.9220   -0.1291    0.3649
    0.2336   -0.5661   -0.7905
...    63 G-C ...
  -81.0138 -136.6310   22.0521
    0.7020    0.6940   -0.1599
    0.6466   -0.5269    0.5515
    0.2985   -0.4906   -0.8187
...    64 C-G ...
  -80.1540 -137.7605   18.9927
    0.9179    0.3198    0.2350
    0.1569   -0.8363    0.5253
    0.3645   -0.4453   -0.8178
...    65 T-A ...
  -78.9157 -138.8378   16.1317
    0.8378   -0.1120    0.5344
   -0.3088   -0.9043    0.2946
    0.4503   -0.4119   -0.7922
...    66 C-G ...
  -77.1980 -140.4411   13.9251
    0.5014   -0.5807    0.6414
   -0.6700   -0.7296   -0.1370
    0.5475   -0.3610   -0.7549
...    67 G-C ...
  -75.8964 -142.4260   11.4229
    0.0202   -0.8728    0.4877
   -0.7913   -0.3121   -0.5257
    0.6111   -0.3753   -0.6970
...    68 G-C ...
  -73.6250 -143.7521    9.3160
   -0.4331   -0.8900    0.1421
   -0.6642    0.2086   -0.7178
    0.6092   -0.4053   -0.6816
...    69 G-C ...
  -71.5304 -145.3070    7.2291
   -0.7659   -0.6030   -0.2233
   -0.3041    0.6456   -0.7005
    0.5665   -0.4685   -0.6779
...    70 A-T ...
  -69.5158 -147.0591    5.1919
   -0.7828   -0.1019   -0.6139
    0.2096    0.8857   -0.4143
    0.5860   -0.4529   -0.6719
...    71 T-A ...
  -67.8599 -149.0663    3.1479
   -0.5689    0.3760   -0.7314
    0.5771    0.8161   -0.0294
    0.5859   -0.4389   -0.6813
...    72 C-G ...
  -66.0956 -150.6264    0.8302
   -0.1417    0.7952   -0.5896
    0.7878    0.4512    0.4192
    0.5993   -0.4051   -0.6904
...    73 C-G ...
  -64.1984 -152.2741   -1.3144
    0.1675    0.9697   -0.1780
    0.7350   -0.0025    0.6780
    0.6570   -0.2444   -0.7131
...    74 G-C ...
  -61.6766 -152.8671   -3.3705
    0.3776    0.8647    0.3313
    0.5769   -0.4995    0.6462
    0.7243   -0.0529   -0.6875
...    75 C-G ...
  -59.4116 -152.5339   -5.9506
    0.6073    0.4369    0.6635
    0.2819   -0.8994    0.3342
    0.7428   -0.0159   -0.6694
...    76 T-A ...
  -56.6594 -151.9403   -7.9780
    0.6377   -0.1332    0.7587
   -0.0427   -0.9895   -0.1378
    0.7691    0.0554   -0.6368
...    77 T-A ...
  -54.0794 -151.5227   -9.8251
    0.4696   -0.6591    0.5874
   -0.3449   -0.7494   -0.5652
    0.8127    0.0628   -0.5792
...    78 C-G ...
  -51.4038 -151.7355  -11.7112
    0.1864   -0.9710    0.1497
   -0.5031   -0.2252   -0.8344
    0.8439    0.0803   -0.5305
...    79 A-T ...
  -48.4337 -151.3193  -13.2449
   -0.1701   -0.9450   -0.2795
   -0.4598    0.3270   -0.8256
    0.8716   -0.0120   -0.4901
...    80 T-A ...
  -45.4100 -151.6486  -14.4453
   -0.3750   -0.6531   -0.6579
   -0.3131    0.7572   -0.5732
    0.8725   -0.0089   -0.4884
...    81 G-C ...
  -42.3599 -151.8325  -15.9489
   -0.5017   -0.0776   -0.8615
   -0.0672    0.9965   -0.0506
    0.8624    0.0325   -0.5052
...    82 T-A ...
  -39.5136 -152.3353  -17.6556
   -0.4580    0.4638   -0.7584
    0.1777    0.8837    0.4331
    0.8710    0.0636   -0.4872
...    83 T-A ...
  -36.8500 -152.2146  -19.3517
   -0.3368    0.8630   -0.3766
    0.3802    0.4905    0.7841
    0.8614    0.1209   -0.4933
...    84 A-T ...
  -34.0454 -151.5793  -20.8983
   -0.2235    0.9628    0.1518
    0.5008   -0.0202    0.8653
    0.8362    0.2694   -0.4777
...    85 T-A ...
  -31.8273 -150.4949  -22.9586
    0.0203    0.8220    0.5692
    0.5461   -0.4860    0.6823
    0.8374    0.2970   -0.4588
...    86 A-T ...
  -29.1115 -149.2934  -24.2512
    0.1324    0.4167    0.8993
    0.5219   -0.8007    0.2942
    0.8427    0.4304   -0.3235
...    87 A-T ...
  -26.5826 -147.6748  -25.1423
    0.3156   -0.0977    0.9438
    0.4205   -0.8773   -0.2314
    0.8506    0.4700   -0.2358
...    88 C-G ...
  -23.9561 -145.4919  -25.3675
    0.4759   -0.5604    0.6779
    0.2121   -0.6749   -0.7068
    0.8536    0.4801   -0.2023
...    89 G-C ...
  -20.9567 -144.3271  -25.9915
    0.4645   -0.8708    0.1609
   -0.0125   -0.1881   -0.9821
    0.8855    0.4542   -0.0982
...    90 G-C ...
  -17.8732 -143.1726  -26.1154
    0.3267   -0.8691   -0.3715
   -0.2034    0.3192   -0.9256
    0.9230    0.3779   -0.0725
...    91 A-T ...
  -14.7228 -141.9900  -26.0247
    0.1706   -0.4803   -0.8603
   -0.3649    0.7803   -0.5080
    0.9153    0.4006   -0.0422
...    92 T-A ...
  -11.4155 -141.3217  -25.8585
   -0.0068    0.0062   -1.0000
   -0.4216    0.9068    0.0085
    0.9068    0.4216   -0.0036
...    93 T-A ...
   -8.3549 -140.2690  -25.9028
   -0.2363    0.5232   -0.8188
   -0.3735    0.7290    0.5736
    0.8970    0.4414    0.0231
...    94 A-T ...
   -5.4881 -138.6298  -25.4364
   -0.4615    0.8228   -0.3317
   -0.1794    0.2795    0.9432
    0.8688    0.4948    0.0186
...    95 A-T ...
   -2.7903 -137.0030  -25.5482
   -0.5466    0.8088    0.2169
    0.0865   -0.2031    0.9753
    0.8329    0.5519    0.0410
...    96 C-G ...
   -0.2725 -134.8760  -25.9829
   -0.4743    0.5608    0.6786
    0.3519   -0.5858    0.7301
    0.8070    0.5851    0.0805
...    97 A-T ...
    2.2275 -132.6871  -25.5795
   -0.3161    0.0664    0.9464
    0.5924   -0.7653    0.2516
    0.7410    0.6402    0.2026
...    98 C-G ...
    4.1639 -130.1335  -24.6311
    0.0010   -0.3665    0.9304
    0.6984   -0.6656   -0.2630
    0.7157    0.6501    0.2553
...    99 T-A ...
    6.2253 -127.5479  -23.1856
    0.3636   -0.7073    0.6063
    0.6063   -0.3144   -0.7304
    0.7072    0.6332    0.3145
...   100 T-A ...
    8.3123 -125.4379  -21.8085
    0.6887   -0.7207    0.0792
    0.2865    0.1701   -0.9429
    0.6661    0.6720    0.3237
...   101 T-A ...
   10.3529 -123.3131  -20.3726
    0.7687   -0.4461   -0.4584
   -0.1716    0.5465   -0.8197
    0.6161    0.7088    0.3436
...   102 A-T ...
   12.2123 -120.5944  -19.3514
    0.5065    0.0668   -0.8596
   -0.6542    0.6792   -0.3327
    0.5616    0.7309    0.3878
...   103 T-A ...
   14.5602 -118.6951  -18.0772
    0.1258    0.3695   -0.9207
   -0.8240    0.5558    0.1105
    0.5525    0.7447    0.3744
...   104 G-C ...
   16.5622 -116.2423  -17.0693
   -0.4518    0.5569   -0.6969
   -0.7157    0.2401    0.6558
    0.5325    0.7951    0.2901
...   105 C-G ...
   18.2557 -113.5205  -16.6201
   -0.8017    0.5372   -0.2622
   -0.3786   -0.1169    0.9181
    0.4626    0.8353    0.2971
...   106 T-A ...
   19.8065 -110.5132  -16.0452
   -0.9039    0.3291    0.2731
    0.1373   -0.3815    0.9141
    0.4050    0.8638    0.2997
...   107 T-A ...
   20.9204 -107.6384  -15.2301
   -0.7167   -0.0043    0.6974
    0.6161   -0.4726    0.6302
    0.3269    0.8813    0.3413
...   108 C-G ...
   21.6448 -104.6811  -14.0160
   -0.2864   -0.3431    0.8946
    0.9196   -0.3604    0.1562
    0.2688    0.8674    0.4187
...   109 C-G ...
   22.2644 -101.8343  -12.4987
    0.1943   -0.5766    0.7936
    0.9459   -0.1041   -0.3072
    0.2597    0.8104    0.5252
...   110 G-C ...
   23.3638  -99.5766  -10.7437
    0.6165   -0.6284    0.4744
    0.7389    0.2535   -0.6244
    0.2721    0.7355    0.6206
...   111 G-C ...
   24.4919  -97.5718   -8.2576
    0.9086   -0.4166    0.0283
    0.2976    0.5986   -0.7437
    0.2929    0.6842    0.6679
...   112 C-G ...
   25.6324  -95.7756   -5.6546
    0.9156   -0.0336   -0.4008
   -0.2458    0.7420   -0.6238
    0.3184    0.6696    0.6711
...   113 T-A ...
   26.7444  -93.7052   -3.3379
    0.6447    0.3684   -0.6698
   -0.6924    0.6527   -0.3075
    0.3239    0.6620    0.6759
...   114 C-G ...
   27.7258  -91.4424   -1.0922
    0.1031    0.6780   -0.7278
   -0.9425    0.3004    0.1463
    0.3178    0.6709    0.6700
...   115 G-C ...
   28.2543  -89.2049    1.3037
   -0.4876    0.6759   -0.5525
   -0.8331   -0.1710    0.5261
    0.2611    0.7168    0.6465
...   116 T-A ...
   29.3050  -86.4630    2.8491
   -0.8696    0.4397   -0.2247
   -0.4478   -0.5105    0.7340
    0.2081    0.7389    0.6408
...   117 A-T ...
   29.9282  -83.5278    4.5492
   -0.9890   -0.0095    0.1475
    0.1182   -0.6499    0.7508
    0.0887    0.7600    0.6439
...   118 T-A ...
   29.9041  -80.6820    6.0912
   -0.8024   -0.3412    0.4897
    0.5919   -0.5605    0.5792
    0.0768    0.7546    0.6517
...   119 A-T ...
   30.0572  -78.2966    8.3681
   -0.3592   -0.6698    0.6498
    0.9332   -0.2534    0.2547
   -0.0060    0.6979    0.7161
...   120 A-T ...
   29.6847  -76.1008   10.7157
    0.2203   -0.7343    0.6420
    0.9752    0.1811   -0.1275
   -0.0226    0.6542    0.7560
...   121 T-A ...
   28.9893  -74.2413   13.3921
    0.6903   -0.5378    0.4840
    0.7227    0.5440   -0.4262
   -0.0341    0.6441    0.7642
...   122 G-C ...
   28.8411  -72.2813   16.1878
    0.9831   -0.1578    0.0924
    0.1813    0.7760   -0.6042
    0.0237    0.6107    0.7915
...   123 T-A ...
   29.0091  -70.7296   19.0787
    0.9416    0.2557   -0.2191
   -0.3359    0.7591   -0.5576
    0.0237    0.5987    0.8006
...   124 G-C ...
   29.1676  -68.7728   21.7721
    0.5663    0.6266   -0.5354
   -0.8211    0.4850   -0.3009
    0.0711    0.6100    0.7892
...   125 T-A ...
   29.8632  -67.0399   24.4123
    0.0554    0.7702   -0.6354
   -0.9957    0.0896    0.0217
    0.0736    0.6315    0.7718
...   126 C-G ...
   30.1535  -65.0054   26.8308
   -0.5394    0.6802   -0.4964
   -0.8384   -0.3792    0.3914
    0.0780    0.6274    0.7748
...   127 G-C ...
   29.8729  -63.1889   29.5651
   -0.8937    0.2923   -0.3404
   -0.4452   -0.6718    0.5920
   -0.0556    0.6806    0.7305
...   128 A-T ...
   29.8486  -61.0505   31.8786
   -0.9856   -0.1609    0.0529
    0.1555   -0.7358    0.6592
   -0.0671    0.6579    0.7501
...   129 C-G ...
   29.2992  -58.4323   33.8051
   -0.7540   -0.5564    0.3493
    0.6473   -0.5387    0.5392
   -0.1118    0.6326    0.7663
...   130 C-G ...
   28.1595  -56.3735   36.2932
   -0.3030   -0.8298    0.4687
    0.9332   -0.1585    0.3226
   -0.1933    0.5351    0.8224
...   131 A-T ...
   27.8696  -54.9843   39.3210
    0.2664   -0.8646    0.4259
    0.9439    0.3235    0.0664
   -0.1952    0.3843    0.9023
...   132 A-T ...
   27.1086  -53.9422   42.3321
    0.7544   -0.5408    0.3721
    0.6268    0.7617   -0.1638
   -0.1949    0.3568    0.9136
...   133 A-T ...
   26.2631  -53.1258   45.4037
    0.9696    0.0277    0.2430
    0.0629    0.9319   -0.3571
   -0.2364    0.3616    0.9019
...   134 T-A ...
   25.6208  -52.5913   48.6399
    0.8597    0.5097    0.0340
   -0.4497    0.7866   -0.4231
   -0.2424    0.3485    0.9054
...   135 G-C ...
   25.2757  -52.5096   52.0791
    0.3204    0.9427   -0.0928
   -0.8825    0.2614   -0.3910
   -0.3443    0.2071    0.9157
...   136 T-A ...
   25.5257  -52.9787   55.8048
   -0.2439    0.9563   -0.1610
   -0.8908   -0.2866   -0.3525
   -0.3833    0.0575    0.9218
...   137 G-C ...
   24.8932  -52.7377   58.9864
   -0.7529    0.5562   -0.3519
   -0.5215   -0.8303   -0.1966
   -0.4015    0.0355    0.9152
...   138 A-T ...
   24.0142  -51.6374   61.9241
   -0.9563    0.0401   -0.2896
   -0.0524   -0.9980    0.0347
   -0.2876    0.0484    0.9565
...   139 G-C ...
   22.3466  -51.2411   64.4939
   -0.8529   -0.5118   -0.1033
    0.4974   -0.8566    0.1373
   -0.1587    0.0657    0.9851
...   140 C-G ...
   22.1502  -50.1498   67.4638
   -0.4681   -0.8748    0.1248
    0.8495   -0.4066    0.3362
   -0.2434    0.2634    0.9335
...   141 G-C ...
   21.4256  -51.8266   72.7875
    0.1303   -0.7143   -0.6876
    0.8897   -0.2217    0.3990
   -0.4375   -0.6638    0.6066
...   142 C-G ...
   20.4245  -54.3094   74.5417
    0.5846   -0.7390   -0.3348
    0.7594    0.3532    0.5465
   -0.2856   -0.5737    0.7676
...   143 T-A ...
   18.4270  -55.5290   76.5298
    0.8548   -0.5005    0.1370
    0.3188    0.7148    0.6224
   -0.4095   -0.4884    0.7706
...   144 C-G ...
   16.8371  -57.7222   78.2673
    0.8529   -0.0846    0.5151
   -0.1508    0.9048    0.3983
   -0.4998   -0.4174    0.7589
...   145 A-T ...
   15.7828  -59.5615   80.7980
    0.5516    0.4995    0.6680
   -0.6739    0.7388    0.0039
   -0.4916   -0.4523    0.7441
...   146 C-G ...
   15.7314  -61.4940   83.9316
    0.0344    0.7399    0.6718
   -0.8637    0.3602   -0.3526
   -0.5029   -0.5681    0.6514
...   147 A-T ...
   14.7383  -63.4279   86.8192
   -0.5924    0.6746    0.4405
   -0.6886   -0.1401   -0.7114
   -0.4182   -0.7248    0.5475
