  147 base-pairs
...     1 T-A ...
    0.0000    0.0000    0.0000
    1.0000    0.0000    0.0000
    0.0000    1.0000    0.0000
    0.0000    0.0000    1.0000
...     2 G-C ...
   -0.5555   -1.1003    3.3981
    0.7749    0.6051    0.1828
   -0.5991    0.7953   -0.0929
   -0.2016   -0.0375    0.9787
...     3 T-A ...
   -0.6619   -3.0237    6.5348
    0.3046    0.9250    0.2271
   -0.8994    0.3578   -0.2510
   -0.3134   -0.1278    0.9410
...     4 G-C ...
   -1.1607   -3.8418    9.6940
   -0.3351    0.9421    0.0133
   -0.8752   -0.3061   -0.3746
   -0.3489   -0.1372    0.9271
...     5 A-T ...
   -1.3881   -3.6770   12.8999
   -0.7835    0.6162   -0.0801
   -0.5677   -0.7622   -0.3109
   -0.2527   -0.1981    0.9470
...     6 G-C ...
   -2.6236   -3.5448   15.7072
   -0.9923    0.0611   -0.1075
   -0.0294   -0.9610   -0.2748
   -0.1201   -0.2695    0.9555
...     7 C-G ...
   -2.3138   -3.7570   18.8866
   -0.8620   -0.4995   -0.0864
    0.5008   -0.8655    0.0073
   -0.0785   -0.0370    0.9962
...     8 G-C ...
   -3.9561   -6.8109   23.3205
   -0.2581   -0.3560   -0.8981
    0.6294   -0.7673    0.1233
   -0.7330   -0.5335    0.4221
...     9 C-G ...
   -6.1177   -8.9414   24.2385
    0.1143   -0.7320   -0.6716
    0.8123   -0.3203    0.4874
   -0.5720   -0.6013    0.5580
...    10 T-A ...
   -8.5041   -9.6771   26.0540
    0.4660   -0.8587   -0.2131
    0.6274    0.1508    0.7640
   -0.6239   -0.4897    0.6090
...    11 C-G ...
  -11.0625  -11.3174   27.2336
    0.6660   -0.6911    0.2808
    0.3382    0.6152    0.7121
   -0.6649   -0.3794    0.6435
...    12 A-T ...
  -13.0013  -13.1789   29.0658
    0.7188   -0.1490    0.6790
   -0.1787    0.9043    0.3876
   -0.6718   -0.4000    0.6235
...    13 C-G ...
  -14.1788  -15.9359   31.3399
    0.4052    0.2865    0.8682
   -0.5270    0.8492   -0.0343
   -0.7470   -0.4437    0.4951
...    14 A-T ...
  -15.9532  -18.1566   33.3080
   -0.1503    0.6873    0.7107
   -0.6106    0.5008   -0.6135
   -0.7776   -0.5261    0.3444
...    15 A-T ...
  -18.3176  -19.9403   34.6407
   -0.4742    0.8463    0.2428
   -0.4074    0.0335   -0.9127
   -0.7805   -0.5317    0.3288
...    16 T-A ...
  -20.6586  -21.5093   36.3335
   -0.6063    0.7553   -0.2488
   -0.1106   -0.3899   -0.9142
   -0.7875   -0.5267    0.3200
...    17 T-A ...
  -23.2264  -23.0466   37.5686
   -0.5456    0.4243   -0.7227
    0.2485   -0.7417   -0.6230
   -0.8004   -0.5194    0.2993
...    18 T-A ...
  -25.9273  -24.4931   38.6057
   -0.2905   -0.0394   -0.9561
    0.5058   -0.8545   -0.1185
   -0.8123   -0.5180    0.2681
...    19 A-T ...
  -28.8123  -26.0430   39.2135
    0.1394   -0.4241   -0.8948
    0.5476   -0.7199    0.4265
   -0.8250   -0.5495    0.1318
...    20 T-A ...
  -31.7913  -27.4142   39.1630
    0.4085   -0.7145   -0.5681
    0.3973   -0.4211    0.8154
   -0.8217   -0.5588    0.1119
...    21 T-A ...
  -34.5203  -29.1613   39.2311
    0.5683   -0.8226   -0.0175
    0.0903    0.0412    0.9951
   -0.8179   -0.5671    0.0976
...    22 C-G ...
  -37.0969  -31.1633   39.4387
    0.5374   -0.6306    0.5600
   -0.2777    0.4947    0.8235
   -0.7963   -0.5980    0.0908
...    23 G-C ...
  -39.7821  -33.0174   40.1365
    0.3586   -0.1967    0.9125
   -0.5664    0.7312    0.3802
   -0.7420   -0.6532    0.1508
...    24 C-G ...
  -41.9354  -35.4853   40.6551
    0.0134    0.2520    0.9676
   -0.6808    0.7110   -0.1758
   -0.7323   -0.6564    0.1811
...    25 A-T ...
  -44.5310  -37.4787   41.1912
   -0.3263    0.6582    0.6785
   -0.5806    0.4269   -0.6933
   -0.7459   -0.6202    0.2428
...    26 A-T ...
  -46.8077  -39.5591   42.2230
   -0.6122    0.7727    0.1679
   -0.2808   -0.0140   -0.9597
   -0.7391   -0.6347    0.2255
...    27 A-T ...
  -49.1792  -41.5411   43.2203
   -0.6664    0.6272   -0.4030
    0.1247   -0.4392   -0.8897
   -0.7351   -0.6432    0.2145
...    28 G-C ...
  -51.7490  -43.4192   44.1098
   -0.4474    0.3580   -0.8195
    0.4555   -0.6974   -0.5533
   -0.7697   -0.6208    0.1489
...    29 G-C ...
  -54.5789  -45.1886   44.6155
   -0.0553    0.0004   -0.9985
    0.6113   -0.7906   -0.0341
   -0.7894   -0.6123    0.0435
...    30 C-G ...
  -57.4353  -46.8307   44.5492
    0.3317   -0.3783   -0.8642
    0.5353   -0.6789    0.5026
   -0.7768   -0.6293   -0.0227
...    31 C-G ...
  -60.1197  -48.8077   44.0300
    0.6446   -0.6085   -0.4628
    0.2531   -0.4013    0.8803
   -0.7214   -0.6846   -0.1047
...    32 G-C ...
  -62.2786  -51.3441   43.8489
    0.7649   -0.6356    0.1048
   -0.1794   -0.0538    0.9823
   -0.6187   -0.7702   -0.1552
...    33 G-C ...
  -64.0191  -54.1207   43.0473
    0.5983   -0.5001    0.6261
   -0.5893    0.2548    0.7667
   -0.5429   -0.8276   -0.1423
...    34 C-G ...
  -65.4033  -57.0685   42.4363
    0.1987   -0.2536    0.9467
   -0.8357    0.4607    0.2988
   -0.5120   -0.8505   -0.1204
...    35 C-G ...
  -66.8556  -60.1049   42.2371
   -0.2621    0.0869    0.9611
   -0.8263    0.4942   -0.2701
   -0.4984   -0.8650   -0.0577
...    36 C-G ...
  -68.3919  -63.1071   42.3348
   -0.6452    0.3891    0.6575
   -0.5585    0.3471   -0.7534
   -0.5214   -0.8533   -0.0066
...    37 G-C ...
  -70.3395  -65.7951   41.9315
   -0.8053    0.5811    0.1175
   -0.1012    0.0604   -0.9930
   -0.5842   -0.8116    0.0102
...    38 A-T ...
  -72.2187  -68.4796   42.0695
   -0.6965    0.5259   -0.4882
    0.3989   -0.2818   -0.8726
   -0.5964   -0.8025   -0.0135
...    39 C-G ...
  -74.5341  -70.8147   42.4363
   -0.3680    0.3307   -0.8690
    0.7057   -0.5093   -0.4926
   -0.6055   -0.7945   -0.0460
...    40 A-T ...
  -76.5124  -73.4901   42.1971
    0.1617    0.0950   -0.9823
    0.7810   -0.6207    0.0685
   -0.6032   -0.7782   -0.1746
...    41 C-G ...
  -78.8894  -75.5964   41.3714
    0.5709   -0.1907   -0.7985
    0.5832   -0.5903    0.5580
   -0.5778   -0.7843   -0.2258
...    42 G-C ...
  -80.5336  -78.3994   40.6217
    0.8764   -0.3483   -0.3325
    0.1629   -0.4355    0.8854
   -0.4532   -0.8301   -0.3249
...    43 A-T ...
  -81.8754  -81.1133   39.4160
    0.8364   -0.4855    0.2544
   -0.3826   -0.1849    0.9052
   -0.3925   -0.8545   -0.3404
...    44 C-G ...
  -82.6842  -83.8757   37.8086
    0.5335   -0.4805    0.6960
   -0.7707    0.0627    0.6341
   -0.3483   -0.8748   -0.3369
...    45 T-A ...
  -83.4281  -86.8868   36.6668
    0.0662   -0.3345    0.9401
   -0.9524    0.2599    0.1596
   -0.2977   -0.9059   -0.3014
...    46 T-A ...
  -84.0699  -89.9228   35.6833
   -0.5029   -0.1586    0.8497
   -0.8194    0.4003   -0.4102
   -0.2751   -0.9025   -0.3312
...    47 A-T ...
  -85.2474  -92.7207   34.1933
   -0.9241    0.0823    0.3733
   -0.3069    0.4224   -0.8529
   -0.2278   -0.9027   -0.3651
...    48 C-G ...
  -85.9949  -95.9148   33.5744
   -0.9468    0.2948   -0.1291
    0.2254    0.3211   -0.9198
   -0.2297   -0.9000   -0.3704
...    49 T-A ...
  -86.9907  -98.9213   32.5782
   -0.6761    0.4597   -0.5757
    0.6915    0.1264   -0.7112
   -0.2542   -0.8790   -0.4034
...    50 C-G ...
  -87.8961 -101.8143   31.3305
   -0.1370    0.4857   -0.8633
    0.9599   -0.1501   -0.2367
   -0.2446   -0.8611   -0.4457
...    51 A-T ...
  -88.6612 -104.6735   29.7912
    0.4414    0.4406   -0.7817
    0.8754   -0.4029    0.2672
   -0.1972   -0.8022   -0.5636
...    52 T-A ...
  -89.7513 -106.8844   27.6514
    0.8209    0.2188   -0.5275
    0.5464   -0.5695    0.6141
   -0.1661   -0.7924   -0.5870
...    53 G-C ...
  -90.0015 -109.4569   25.5304
    0.9998    0.0073   -0.0198
    0.0199   -0.6333    0.7736
   -0.0069   -0.7739   -0.6333
...    54 T-A ...
  -89.7556 -111.5473   23.0319
    0.8706   -0.2697    0.4114
   -0.4886   -0.5710    0.6597
    0.0570   -0.7754   -0.6289
...    55 T-A ...
  -89.3243 -113.9176   20.8743
    0.4516   -0.5286    0.7188
   -0.8878   -0.3467    0.3028
    0.0892   -0.7749   -0.6258
...    56 A-T ...
  -89.1448 -116.5966   18.9011
   -0.1664   -0.6163    0.7697
   -0.9779    0.0028   -0.2092
    0.1268   -0.7875   -0.6032
...    57 T-A ...
  -88.0790 -119.2445   17.2250
   -0.6366   -0.5500    0.5406
   -0.7569    0.3111   -0.5748
    0.1480   -0.7750   -0.6143
...    58 A-T ...
  -87.7735 -121.5313   14.7489
   -0.9601   -0.2796    0.0007
   -0.1773    0.6070   -0.7747
    0.2161   -0.7439   -0.6324
...    59 A-T ...
  -87.0432 -124.1516   12.9487
   -0.8759    0.0851   -0.4748
    0.3996    0.6794   -0.6154
    0.2702   -0.7288   -0.6291
...    60 C-G ...
  -86.5387 -126.9079   11.1673
   -0.5459    0.4394   -0.7134
    0.7919    0.5486   -0.2681
    0.2736   -0.7113   -0.6475
...    61 G-C ...
  -85.2573 -129.1309    9.0402
   -0.0689    0.7587   -0.6478
    0.9537    0.2407    0.1804
    0.2928   -0.6054   -0.7401
...    62 G-C ...
  -84.6098 -131.1447    6.4195
    0.3967    0.8433   -0.3626
    0.8499   -0.1882    0.4923
    0.3469   -0.5035   -0.7913
...    63 A-T ...
  -83.5312 -132.6744    3.7810
    0.7697    0.6369    0.0441
    0.4889   -0.6324    0.6008
    0.4106   -0.4409   -0.7982
...    64 T-A ...
  -82.3541 -133.5155    0.8673
    0.8896    0.2719    0.3670
    0.0629   -0.8687    0.4913
    0.4524   -0.4140   -0.7899
...    65 G-C ...
  -80.4801 -134.8097   -1.5678
    0.7094   -0.1776    0.6820
   -0.3876   -0.9066    0.1670
    0.5886   -0.3828   -0.7120
...    66 T-A ...
  -78.1525 -135.5287   -3.7665
    0.3913   -0.6012    0.6967
   -0.6732   -0.7032   -0.2287
    0.6275   -0.3795   -0.6799
...    67 A-T ...
  -76.1694 -136.9539   -6.0341
   -0.0900   -0.9016    0.4232
   -0.7481   -0.2193   -0.6263
    0.6574   -0.3730   -0.6547
...    68 G-C ...
  -73.7507 -138.2114   -7.9243
   -0.4801   -0.8763    0.0403
   -0.5721    0.2779   -0.7717
    0.6650   -0.3935   -0.6347
...    69 G-C ...
  -71.4291 -139.7309   -9.8432
   -0.7367   -0.5678   -0.3671
   -0.2076    0.7067   -0.6764
    0.6435   -0.4221   -0.6385
...    70 T-A ...
  -69.2795 -141.6159  -11.5840
   -0.7348   -0.1145   -0.6685
    0.1974    0.9068   -0.3724
    0.6489   -0.4056   -0.6438
...    71 A-T ...
  -66.9171 -142.6724  -13.7001
   -0.4627    0.4626   -0.7563
    0.5799    0.8032    0.1366
    0.6706   -0.3753   -0.6398
...    72 T-A ...
  -65.2059 -144.3073  -15.9785
   -0.1225    0.8068   -0.5780
    0.7211    0.4725    0.5067
    0.6819   -0.3547   -0.6396
...    73 C-G ...
  -63.0482 -145.4795  -18.1177
    0.2536    0.9577   -0.1359
    0.6564   -0.0672    0.7514
    0.7105   -0.2797   -0.6457
...    74 T-A ...
  -60.8587 -146.0994  -20.4819
    0.4598    0.8224    0.3350
    0.4581   -0.5428    0.7039
    0.7607   -0.1701   -0.6264
...    75 C-G ...
  -58.3310 -146.4061  -22.4750
    0.5673    0.3907    0.7250
    0.1527   -0.9150    0.3735
    0.8092   -0.1012   -0.5787
...    76 G-C ...
  -55.3708 -146.7905  -23.9564
    0.4309   -0.1430    0.8910
   -0.0842   -0.9894   -0.1181
    0.8985   -0.0241   -0.4384
...    77 A-T ...
  -52.3120 -146.7850  -25.1222
    0.2725   -0.6884    0.6722
   -0.2687   -0.7253   -0.6339
    0.9239   -0.0079   -0.3827
...    78 G-C ...
  -49.1249 -146.6612  -26.0338
    0.0642   -0.9664    0.2491
   -0.3282   -0.2561   -0.9092
    0.9424   -0.0234   -0.3335
...    79 C-G ...
  -45.8733 -146.8771  -26.7355
   -0.1307   -0.9471   -0.2930
   -0.2835    0.3189   -0.9044
    0.9500   -0.0351   -0.3102
...    80 T-A ...
  -42.6599 -147.2349  -27.5239
   -0.2652   -0.6282   -0.7315
   -0.1621    0.7769   -0.6084
    0.9505   -0.0428   -0.3078
...    81 C-G ...
  -39.4945 -147.4375  -28.4314
   -0.3047   -0.0394   -0.9516
    0.0048    0.9991   -0.0429
    0.9524   -0.0177   -0.3042
...    82 G-C ...
  -36.2620 -147.0317  -29.1841
   -0.3472    0.5221   -0.7790
    0.1342    0.8498    0.5098
    0.9281    0.0724   -0.3651
...    83 G-C ...
  -33.1786 -147.0296  -30.5419
   -0.3235    0.8799   -0.3480
    0.2773    0.4398    0.8542
    0.9047    0.1799   -0.3863
...    84 G-C ...
  -30.2905 -146.4401  -32.1559
   -0.2510    0.9478    0.1968
    0.4052   -0.0817    0.9106
    0.8791    0.3083   -0.3636
...    85 A-T ...
  -27.5177 -145.3140  -33.3785
   -0.0638    0.7089    0.7024
    0.4917   -0.5901    0.6403
    0.8684    0.3863   -0.3109
...    86 T-A ...
  -25.0903 -143.5238  -34.5951
    0.1400    0.3152    0.9386
    0.4779   -0.8518    0.2147
    0.8672    0.4185   -0.2699
...    87 C-G ...
  -22.2966 -141.9897  -35.1883
    0.3305   -0.2456    0.9113
    0.3624   -0.8585   -0.3628
    0.8715    0.4502   -0.1947
...    88 C-G ...
  -19.3521 -140.3442  -35.2491
    0.4036   -0.6981    0.5913
    0.1978   -0.5645   -0.8014
    0.8933    0.4404   -0.0898
...    89 G-C ...
  -16.2104 -139.3044  -35.6803
    0.3888   -0.9201    0.0478
    0.0169   -0.0448   -0.9989
    0.9212    0.3891   -0.0019
...    90 C-G ...
  -13.0902 -138.2022  -35.2981
    0.3281   -0.7951   -0.5101
   -0.1784    0.4781   -0.8600
    0.9276    0.3732    0.0150
...    91 T-A ...
   -9.9195 -137.2308  -35.0542
    0.1741   -0.4200   -0.8907
   -0.3201    0.8312   -0.4546
    0.9313    0.3642    0.0103
...    92 T-A ...
   -6.7977 -136.3088  -34.8289
    0.0010    0.1572   -0.9876
   -0.3910    0.9090    0.1443
    0.9204    0.3860    0.0623
...    93 T-A ...
   -3.7090 -135.3087  -34.6507
   -0.2117    0.6536   -0.7266
   -0.3505    0.6433    0.6807
    0.9123    0.3988    0.0928
...    94 A-T ...
   -0.7104 -133.9057  -34.3516
   -0.4653    0.8580   -0.2176
   -0.1736    0.1526    0.9729
    0.8679    0.4905    0.0779
...    95 A-T ...
    2.0461 -132.2315  -34.3119
   -0.5307    0.7723    0.3491
    0.1104   -0.3454    0.9319
    0.8403    0.5331    0.0981
...    96 C-G ...
    4.5153 -130.1093  -34.4537
   -0.4614    0.4509    0.7640
    0.3791   -0.6784    0.6293
    0.8021    0.5801    0.1421
...    97 A-T ...
    7.0398 -128.0121  -33.7840
   -0.3074   -0.0779    0.9484
    0.6182   -0.7740    0.1368
    0.7234    0.6284    0.2861
...    98 C-G ...
    8.8675 -125.5212  -32.6612
    0.0177   -0.4937    0.8694
    0.7173   -0.5995   -0.3551
    0.6965    0.6300    0.3435
...    99 T-A ...
   10.8813 -123.3792  -31.1490
    0.3506   -0.7687    0.5349
    0.6463   -0.2148   -0.7322
    0.6778    0.6024    0.4216
...   100 T-A ...
   12.8682 -121.4016  -29.4948
    0.6811   -0.7314    0.0337
    0.3376    0.2728   -0.9009
    0.6497    0.6250    0.4327
...   101 T-A ...
   14.8523 -119.4794  -27.7581
    0.7855   -0.4033   -0.4694
   -0.1216    0.6431   -0.7560
    0.6068    0.6510    0.4561
...   102 A-T ...
   16.5345 -116.8388  -26.4438
    0.5609    0.1550   -0.8133
   -0.6197    0.7300   -0.2882
    0.5490    0.6656    0.5055
...   103 T-A ...
   18.7984 -115.1467  -24.7198
    0.1758    0.5188   -0.8366
   -0.8287    0.5367    0.1587
    0.5313    0.6654    0.5243
...   104 G-C ...
   20.3474 -112.7879  -22.9674
   -0.3728    0.6627   -0.6495
   -0.7872    0.1447    0.5995
    0.4912    0.7348    0.4677
...   105 C-G ...
   22.2352 -110.3751  -21.7462
   -0.7675    0.5871   -0.2574
   -0.4697   -0.2418    0.8491
    0.4363    0.7726    0.4613
...   106 T-A ...
   23.5819 -107.6221  -20.5365
   -0.9379    0.3042    0.1667
   -0.0071   -0.4972    0.8676
    0.3468    0.8126    0.4685
...   107 T-A ...
   24.5629 -104.8577  -19.1931
   -0.8057   -0.0610    0.5892
    0.5115   -0.5734    0.6400
    0.2988    0.8170    0.4932
...   108 C-G ...
   25.2882 -102.1722  -17.5113
   -0.3902   -0.4291    0.8147
    0.8882   -0.4085    0.2102
    0.2426    0.8056    0.5405
...   109 C-G ...
   25.6186  -99.5363  -15.4269
    0.1184   -0.6551    0.7462
    0.9729   -0.0738   -0.2192
    0.1987    0.7519    0.6286
...   110 G-C ...
   26.6294  -97.2623  -13.1969
    0.6153   -0.6567    0.4361
    0.7626    0.3557   -0.5403
    0.1997    0.6650    0.7197
...   111 G-C ...
   27.2470  -95.3542  -10.4721
    0.9182   -0.3949    0.0296
    0.3156    0.6847   -0.6570
    0.2392    0.6126    0.7534
...   112 C-G ...
   28.0820  -93.6692   -7.7246
    0.9355    0.0369   -0.3513
   -0.2387    0.7991   -0.5518
    0.2603    0.6001    0.7564
...   113 T-A ...
   29.1618  -91.9171   -5.1151
    0.6560    0.4425   -0.6114
   -0.6989    0.6619   -0.2709
    0.2848    0.6051    0.7435
...   114 C-G ...
   30.1671  -89.9868   -2.6470
    0.1086    0.7414   -0.6622
   -0.9552    0.2624    0.1372
    0.2754    0.6177    0.7366
...   115 G-C ...
   30.6397  -87.9155   -0.0598
   -0.4701    0.6909   -0.5492
   -0.8554   -0.2031    0.4765
    0.2177    0.6938    0.6865
...   116 T-A ...
   31.7324  -85.3948    1.7755
   -0.8534    0.4561   -0.2523
   -0.4904   -0.5383    0.6854
    0.1768    0.7087    0.6830
...   117 A-T ...
   32.1630  -82.9000    3.9335
   -0.9962   -0.0083    0.0866
    0.0687   -0.6859    0.7244
    0.0534    0.7276    0.6839
...   118 T-A ...
   32.0604  -80.1337    5.6793
   -0.8327   -0.3684    0.4134
    0.5531   -0.5883    0.5899
    0.0259    0.7198    0.6937
...   119 A-T ...
   31.7372  -77.7510    7.9892
   -0.3969   -0.7243    0.5638
    0.9149   -0.2625    0.3067
   -0.0742    0.6376    0.7668
...   120 A-T ...
   31.1955  -75.7446   10.4713
    0.1819   -0.7622    0.6213
    0.9792    0.1980   -0.0439
   -0.0895    0.6164    0.7824
...   121 T-A ...
   30.2779  -74.0481   13.1346
    0.6485   -0.5650    0.5101
    0.7553    0.5607   -0.3392
   -0.0943    0.6053    0.7904
...   122 G-C ...
   30.2541  -72.0457   15.7873
    0.9677   -0.1947    0.1603
    0.2508    0.8093   -0.5311
   -0.0264    0.5541    0.8320
...   123 T-A ...
   30.1916  -70.7723   18.8582
    0.9560    0.2513   -0.1516
   -0.2932    0.7974   -0.5275
   -0.0116    0.5487    0.8359
...   124 G-C ...
   30.1367  -68.6979   21.4481
    0.6099    0.6310   -0.4794
   -0.7912    0.5192   -0.3232
    0.0450    0.5764    0.8159
...   125 T-A ...
   30.8573  -67.0124   24.2291
    0.1030    0.8027   -0.5874
   -0.9938    0.1078   -0.0270
    0.0416    0.5866    0.8088
...   126 C-G ...
   31.0880  -65.0642   26.8627
   -0.5034    0.6989   -0.5080
   -0.8637   -0.3900    0.3193
    0.0251    0.5995    0.8000
...   127 G-C ...
   30.8405  -63.2704   29.6714
   -0.8943    0.2949   -0.3364
   -0.4406   -0.7112    0.5478
   -0.0777    0.6382    0.7660
...   128 A-T ...
   30.6058  -61.1121   32.1103
   -0.9793   -0.2026    0.0032
    0.1578   -0.7525    0.6394
   -0.1271    0.6267    0.7689
...   129 C-G ...
   29.8628  -58.6884   34.2085
   -0.7525   -0.5899    0.2928
    0.6364   -0.5367    0.5540
   -0.1697    0.6033    0.7793
...   130 C-G ...
   28.8583  -56.6435   36.7014
   -0.2809   -0.8468    0.4517
    0.9322   -0.1288    0.3382
   -0.2282    0.5161    0.8256
...   131 A-T ...
   28.0663  -55.0729   39.5399
    0.3051   -0.8380    0.4525
    0.9221    0.3787    0.0798
   -0.2382    0.3929    0.8882
...   132 A-T ...
   27.0946  -54.0267   42.4472
    0.7722   -0.4891    0.4055
    0.5897    0.7893   -0.1709
   -0.2365    0.3711    0.8980
...   133 A-T ...
   26.2574  -53.1141   45.4460
    0.9700    0.0414    0.2398
    0.0484    0.9329   -0.3569
   -0.2384    0.3578    0.9029
...   134 T-A ...
   25.6209  -52.5913   48.6398
    0.8597    0.5097    0.0340
   -0.4497    0.7866   -0.4231
   -0.2424    0.3485    0.9054
...   135 G-C ...
   25.2757  -52.5095   52.0789
    0.3204    0.9427   -0.0928
   -0.8825    0.2614   -0.3910
   -0.3443    0.2071    0.9157
...   136 T-A ...
   25.5258  -52.9786   55.8047
   -0.2439    0.9563   -0.1610
   -0.8908   -0.2866   -0.3525
   -0.3833    0.0575    0.9218
...   137 G-C ...
   24.8933  -52.7377   58.9863
   -0.7529    0.5562   -0.3519
   -0.5215   -0.8303   -0.1966
   -0.4015    0.0355    0.9152
...   138 A-T ...
   24.0143  -51.6373   61.9240
   -0.9563    0.0401   -0.2896
   -0.0524   -0.9980    0.0347
   -0.2876    0.0484    0.9565
...   139 G-C ...
   22.3467  -51.2411   64.4938
   -0.8529   -0.5118   -0.1033
    0.4974   -0.8566    0.1373
   -0.1587    0.0657    0.9851
...   140 C-G ...
   22.1503  -50.1498   67.4637
   -0.4681   -0.8748    0.1248
    0.8495   -0.4066    0.3362
   -0.2434    0.2634    0.9335
...   141 G-C ...
   21.4257  -51.8266   72.7874
    0.1303   -0.7143   -0.6876
    0.8897   -0.2218    0.3990
   -0.4375   -0.6638    0.6066
...   142 C-G ...
   20.4246  -54.3094   74.5416
    0.5846   -0.7390   -0.3348
    0.7594    0.3532    0.5465
   -0.2856   -0.5737    0.7676
...   143 T-A ...
   18.4271  -55.5289   76.5297
    0.8548   -0.5005    0.1370
    0.3188    0.7148    0.6224
   -0.4095   -0.4884    0.7706
...   144 C-G ...
   16.8372  -57.7222   78.2672
    0.8529   -0.0846    0.5151
   -0.1508    0.9048    0.3983
   -0.4998   -0.4174    0.7589
...   145 A-T ...
   15.7829  -59.5615   80.7979
    0.5516    0.4995    0.6680
   -0.6739    0.7388    0.0039
   -0.4916   -0.4523    0.7441
...   146 C-G ...
   15.7315  -61.4940   83.9315
    0.0344    0.7399    0.6718
   -0.8637    0.3602   -0.3526
   -0.5029   -0.5681    0.6514
...   147 A-T ...
   14.7384  -63.4278   86.8190
   -0.5924    0.6746    0.4405
   -0.6886   -0.1401   -0.7114
   -0.4182   -0.7248    0.5475
