  147 base-pairs
...     1 T-A ...
    0.0000    0.0000    0.0000
    1.0000    0.0000    0.0000
    0.0000    1.0000    0.0000
    0.0000    0.0000    1.0000
...     2 G-C ...
   -0.5555   -1.1003    3.3981
    0.7749    0.6051    0.1828
   -0.5991    0.7953   -0.0929
   -0.2016   -0.0375    0.9787
...     3 T-A ...
   -0.6619   -3.0237    6.5348
    0.3046    0.9250    0.2271
   -0.8994    0.3578   -0.2510
   -0.3134   -0.1278    0.9410
...     4 G-C ...
   -1.1607   -3.8418    9.6940
   -0.3351    0.9421    0.0133
   -0.8752   -0.3061   -0.3746
   -0.3489   -0.1372    0.9271
...     5 A-T ...
   -1.3881   -3.6770   12.8999
   -0.7835    0.6162   -0.0801
   -0.5677   -0.7622   -0.3109
   -0.2527   -0.1981    0.9470
...     6 G-C ...
   -2.6236   -3.5448   15.7072
   -0.9923    0.0611   -0.1075
   -0.0294   -0.9610   -0.2748
   -0.1201   -0.2695    0.9555
...     7 C-G ...
   -2.3138   -3.7570   18.8866
   -0.8620   -0.4995   -0.0864
    0.5008   -0.8655    0.0073
   -0.0785   -0.0370    0.9962
...     8 G-C ...
   -3.9561   -6.8109   23.3205
   -0.2581   -0.3560   -0.8981
    0.6294   -0.7673    0.1233
   -0.7330   -0.5335    0.4221
...     9 C-G ...
   -6.1177   -8.9414   24.2385
    0.1143   -0.7320   -0.6716
    0.8123   -0.3203    0.4874
   -0.5720   -0.6013    0.5580
...    10 T-A ...
   -8.5041   -9.6771   26.0540
    0.4660   -0.8587   -0.2131
    0.6274    0.1508    0.7640
   -0.6239   -0.4897    0.6090
...    11 C-G ...
  -11.0625  -11.3174   27.2336
    0.6660   -0.6911    0.2808
    0.3382    0.6152    0.7121
   -0.6649   -0.3794    0.6435
...    12 A-T ...
  -13.0013  -13.1789   29.0658
    0.7188   -0.1490    0.6790
   -0.1787    0.9043    0.3876
   -0.6718   -0.4000    0.6235
...    13 C-G ...
  -14.1788  -15.9359   31.3399
    0.4052    0.2865    0.8682
   -0.5270    0.8492   -0.0343
   -0.7470   -0.4437    0.4951
...    14 A-T ...
  -15.9532  -18.1566   33.3080
   -0.1503    0.6873    0.7107
   -0.6106    0.5008   -0.6135
   -0.7776   -0.5261    0.3444
...    15 A-T ...
  -18.4024  -19.9410   34.4490
   -0.4559    0.8620    0.2217
   -0.3974    0.0257   -0.9173
   -0.7964   -0.5063    0.3308
...    16 T-A ...
  -20.8081  -21.5093   36.2467
   -0.6244    0.7229   -0.2960
   -0.0748   -0.4325   -0.8986
   -0.7775   -0.5389    0.3241
...    17 T-A ...
  -23.3671  -23.0540   37.6293
   -0.5691    0.3172   -0.7586
    0.3164   -0.7671   -0.5581
   -0.7589   -0.5577    0.3362
...    18 T-A ...
  -25.9336  -24.6886   38.7183
   -0.2610   -0.1346   -0.9559
    0.5711   -0.8199   -0.0405
   -0.7783   -0.5565    0.2908
...    19 A-T ...
  -28.4931  -26.6485   39.4977
    0.1752   -0.5082   -0.8432
    0.5966   -0.6265    0.5015
   -0.7832   -0.5910    0.1934
...    20 T-A ...
  -31.4249  -28.1918   39.6424
    0.4550   -0.7587   -0.4662
    0.4202   -0.2787    0.8636
   -0.7851   -0.5889    0.1920
...    21 T-A ...
  -34.0711  -30.0888   39.9581
    0.6079   -0.7861    0.1114
    0.0704    0.1931    0.9786
   -0.7909   -0.5871    0.1728
...    22 C-G ...
  -36.6175  -32.0917   40.4930
    0.5547   -0.5106    0.6570
   -0.3134    0.6032    0.7334
   -0.7708   -0.6127    0.1746
...    23 G-C ...
  -39.2712  -33.8089   41.6515
    0.3830   -0.0096    0.9237
   -0.6060    0.7521    0.2591
   -0.6972   -0.6590    0.2822
...    24 C-G ...
  -41.2782  -36.2368   42.5508
    0.0466    0.4210    0.9058
   -0.7157    0.6467   -0.2637
   -0.6968   -0.6360    0.3315
...    25 A-T ...
  -43.9297  -38.0843   43.3178
   -0.3432    0.7492    0.5666
   -0.6074    0.2831   -0.7422
   -0.7164   -0.5988    0.3579
...    26 A-T ...
  -46.2073  -40.0166   44.6864
   -0.6317    0.7740    0.0447
   -0.3008   -0.1915   -0.9343
   -0.7145   -0.6036    0.3538
...    27 A-T ...
  -48.4351  -41.8802   46.1714
   -0.7008    0.5105   -0.4982
    0.1355   -0.5905   -0.7956
   -0.7004   -0.6251    0.3447
...    28 G-C ...
  -51.0169  -43.5657   47.5524
   -0.4758    0.1586   -0.8651
    0.4733   -0.7829   -0.4038
   -0.7414   -0.6016    0.2974
...    29 G-C ...
  -53.8643  -45.3102   48.4568
   -0.0580   -0.2471   -0.9673
    0.6481   -0.7462    0.1517
   -0.7593   -0.6181    0.2035
...    30 C-G ...
  -56.6248  -47.0520   48.7928
    0.3556   -0.5685   -0.7419
    0.5585   -0.5072    0.6564
   -0.7494   -0.6478    0.1371
...    31 C-G ...
  -59.2913  -49.0631   49.0082
    0.6671   -0.6935   -0.2722
    0.2521   -0.1337    0.9584
   -0.7010   -0.7080    0.0856
...    32 G-C ...
  -61.2240  -51.4025   49.4861
    0.7765   -0.5825    0.2403
   -0.1547    0.1934    0.9688
   -0.6108   -0.7895    0.0601
...    33 G-C ...
  -62.7801  -54.3835   49.6457
    0.5977   -0.3349    0.7284
   -0.5864    0.4369    0.6821
   -0.5467   -0.8348    0.0647
...    34 C-G ...
  -64.1912  -57.3338   49.8370
    0.1909   -0.0081    0.9816
   -0.8349    0.5246    0.1666
   -0.5162   -0.8513    0.0934
...    35 C-G ...
  -65.6629  -60.3258   50.5362
   -0.3023    0.3093    0.9016
   -0.8144    0.4078   -0.4129
   -0.4954   -0.8591    0.1286
...    36 C-G ...
  -67.2142  -63.2253   51.2637
   -0.6894    0.5118    0.5127
   -0.5241    0.1362   -0.8407
   -0.5000   -0.8483    0.1744
...    37 G-C ...
  -69.0586  -66.1353   50.8038
   -0.8343    0.5475   -0.0650
   -0.0304   -0.1635   -0.9861
   -0.5505   -0.8207    0.1531
...    38 A-T ...
  -70.6586  -68.7996   51.3530
   -0.6906    0.3568   -0.6291
    0.4793   -0.4257   -0.7675
   -0.5416   -0.8316    0.1230
...    39 C-G ...
  -72.8057  -71.1358   51.8437
   -0.3147    0.1313   -0.9401
    0.7659   -0.5499   -0.3332
   -0.5607   -0.8248    0.0725
...    40 A-T ...
  -74.7857  -73.8232   51.9532
    0.2301   -0.1103   -0.9669
    0.8034   -0.5391    0.2527
   -0.5491   -0.8350   -0.0354
...    41 C-G ...
  -76.7901  -76.3299   51.3256
    0.6446   -0.3048   -0.7011
    0.5689   -0.4214    0.7062
   -0.5107   -0.8541   -0.0982
...    42 G-C ...
  -78.1665  -79.3711   51.3052
    0.9011   -0.4041   -0.1573
    0.0732   -0.2158    0.9737
   -0.4274   -0.8889   -0.1649
...    43 A-T ...
  -79.5307  -82.1745   50.7148
    0.7779   -0.4456    0.4430
   -0.4682    0.0590    0.8816
   -0.4190   -0.8933   -0.1627
...    44 C-G ...
  -80.4519  -85.1611   49.6416
    0.4342   -0.3019    0.8487
   -0.8215    0.2539    0.5105
   -0.3696   -0.9189   -0.1378
...    45 T-A ...
  -81.0406  -88.6983   49.0965
   -0.0996   -0.0913    0.9908
   -0.9313    0.3592   -0.0605
   -0.3503   -0.9288   -0.1208
...    46 T-A ...
  -81.7654  -91.8466   48.6854
   -0.5774    0.0767    0.8129
   -0.7435    0.3619   -0.5623
   -0.3373   -0.9291   -0.1519
...    47 A-T ...
  -83.0867  -94.8438   47.8153
   -0.9314    0.2629    0.2519
   -0.1909    0.2364   -0.9527
   -0.3100   -0.9354   -0.1700
...    48 C-G ...
  -84.1763  -98.0157   47.9234
   -0.8881    0.3527   -0.2947
    0.3370    0.0638   -0.9393
   -0.3125   -0.9336   -0.1755
...    49 T-A ...
  -85.5721 -101.0787   47.6042
   -0.5437    0.4014   -0.7371
    0.7587   -0.1405   -0.6361
   -0.3588   -0.9051   -0.2282
...    50 G-C ...
  -86.8467 -104.0273   46.5764
    0.0199    0.3741   -0.9272
    0.9350   -0.3353   -0.1152
   -0.3540   -0.8647   -0.3565
...    51 T-A ...
  -88.4577 -106.5066   45.3318
    0.4935    0.2314   -0.8384
    0.8094   -0.4750    0.3453
   -0.3183   -0.8490   -0.4217
...    52 A-T ...
  -89.6318 -108.8449   43.1874
    0.8851    0.1568   -0.4383
    0.4437   -0.5686    0.6927
   -0.1406   -0.8075   -0.5728
...    53 G-C ...
  -90.2858 -111.2345   41.1081
    0.9990   -0.0346    0.0284
   -0.0434   -0.6000    0.7988
   -0.0106   -0.7993   -0.6009
...    54 G-C ...
  -89.8655 -113.5823   38.3637
    0.8170   -0.2699    0.5096
   -0.5681   -0.5279    0.6313
    0.0986   -0.8053   -0.5846
...    55 T-A ...
  -88.9908 -115.9987   36.3525
    0.4111   -0.4850    0.7719
   -0.9009   -0.3456    0.2627
    0.1393   -0.8033   -0.5790
...    56 A-T ...
  -87.9351 -118.6715   34.5283
   -0.1861   -0.5623    0.8058
   -0.9655   -0.0474   -0.2560
    0.1821   -0.8256   -0.5340
...    57 T-A ...
  -86.6133 -121.3369   33.0708
   -0.6479   -0.5350    0.5421
   -0.7336    0.2467   -0.6333
    0.2051   -0.8080   -0.5523
...    58 C-G ...
  -85.8237 -124.1935   31.4667
   -0.9583   -0.2847    0.0258
   -0.1823    0.5390   -0.8224
    0.2202   -0.7928   -0.5684
...    59 T-A ...
  -85.2658 -127.0575   29.8036
   -0.9166    0.0729   -0.3931
    0.3529    0.6097   -0.7098
    0.1880   -0.7893   -0.5845
...    60 C-G ...
  -84.5858 -129.7314   27.8704
   -0.5407    0.4348   -0.7201
    0.8176    0.4732   -0.3282
    0.1981   -0.7662   -0.6113
...    61 G-C ...
  -83.4901 -131.9272   25.6950
   -0.0986    0.7388   -0.6667
    0.9742    0.2082    0.0866
    0.2028   -0.6410   -0.7403
...    62 A-T ...
  -82.6008 -134.1479   23.5136
    0.4307    0.7935   -0.4300
    0.8541   -0.2044    0.4782
    0.2916   -0.5732   -0.7658
...    63 G-C ...
  -81.7379 -135.6616   20.6982
    0.7689    0.6373   -0.0508
    0.5253   -0.5845    0.6184
    0.3644   -0.5021   -0.7843
...    64 C-G ...
  -80.5682 -136.8183   17.7499
    0.9020    0.2383    0.3599
    0.0182   -0.8541    0.5198
    0.4313   -0.4623   -0.7748
...    65 T-A ...
  -79.0546 -137.9676   15.0537
    0.7484   -0.1949    0.6340
   -0.4204   -0.8788    0.2260
    0.5130   -0.4356   -0.7396
...    66 C-G ...
  -77.2164 -139.6794   13.0252
    0.3600   -0.6391    0.6796
   -0.7097   -0.6605   -0.2452
    0.6056   -0.3940   -0.6914
...    67 G-C ...
  -75.8054 -141.7260   10.6166
   -0.1236   -0.8834    0.4520
   -0.7426   -0.2198   -0.6326
    0.6582   -0.4139   -0.6289
...    68 G-C ...
  -73.4151 -143.1986    8.7463
   -0.5312   -0.8458    0.0488
   -0.5440    0.2963   -0.7850
    0.6495   -0.4436   -0.6175
...    69 G-C ...
  -71.2256 -144.8822    6.8656
   -0.7863   -0.5137   -0.3433
   -0.1480    0.6961   -0.7026
    0.5998   -0.5016   -0.6234
...    70 A-T ...
  -69.1487 -146.7628    5.0111
   -0.7051    0.0015   -0.7091
    0.3471    0.8727   -0.3433
    0.6183   -0.4882   -0.6159
...    71 T-A ...
  -67.4569 -148.8590    3.0907
   -0.4316    0.4601   -0.7759
    0.6554    0.7509    0.0807
    0.6198   -0.4737   -0.6257
...    72 C-G ...
  -65.5815 -150.5121    0.9262
    0.0156    0.8273   -0.5615
    0.7714    0.3474    0.5332
    0.6362   -0.4414   -0.6328
...    73 C-G ...
  -63.6065 -152.2533   -1.0654
    0.2911    0.9508   -0.1063
    0.6410   -0.1113    0.7595
    0.7103   -0.2892   -0.6418
...    74 G-C ...
  -60.9250 -153.0517   -2.8378
    0.4303    0.7992    0.4196
    0.4332   -0.5907    0.6808
    0.7920   -0.1112   -0.6004
...    75 C-G ...
  -58.3334 -152.8854   -5.1109
    0.5692    0.3317    0.7523
    0.1339   -0.9402    0.3133
    0.8112   -0.0776   -0.5796
...    76 T-A ...
  -55.3047 -152.5496   -6.7771
    0.5231   -0.2448    0.8163
   -0.1422   -0.9695   -0.1996
    0.8403   -0.0116   -0.5420
...    77 T-A ...
  -52.4547 -152.2377   -8.3282
    0.3691   -0.7577    0.5381
   -0.4009   -0.6522   -0.6434
    0.8385    0.0217   -0.5445
...    78 T-A ...
  -49.5836 -151.9631   -9.8345
    0.1089   -0.9922    0.0603
   -0.5376   -0.1098   -0.8360
    0.8361    0.0586   -0.5454
...    79 A-T ...
  -47.2997 -151.4598  -12.1739
   -0.1262   -0.8454   -0.5189
   -0.5214    0.5016   -0.6903
    0.8439    0.1834   -0.5041
...    80 A-T ...
  -44.4918 -150.9388  -13.6451
   -0.3648   -0.4116   -0.8352
   -0.3894    0.8822   -0.2647
    0.8458    0.2287   -0.4821
...    81 C-G ...
  -41.5273 -150.7680  -15.2275
   -0.5128    0.1192   -0.8502
   -0.1499    0.9626    0.2254
    0.8453    0.2431   -0.4758
...    82 A-T ...
  -38.7563 -150.0103  -16.8411
   -0.5768    0.6139   -0.5389
    0.1466    0.7268    0.6711
    0.8036    0.3081   -0.5092
...    83 C-G ...
  -36.3983 -149.2522  -19.0905
   -0.4585    0.8820   -0.1087
    0.4077    0.3174    0.8562
    0.7897    0.3482   -0.5051
...    84 T-A ...
  -34.0448 -147.8197  -21.3574
   -0.2389    0.8745    0.4222
    0.5880   -0.2158    0.7796
    0.7728    0.4345   -0.4626
...    85 T-A ...
  -31.8363 -146.1517  -23.0318
    0.0950    0.5938    0.7990
    0.6240   -0.6609    0.4170
    0.7757    0.4589   -0.4333
...    86 T-A ...
  -29.4371 -144.4912  -24.3629
    0.3632    0.1104    0.9252
    0.4922   -0.8658   -0.0899
    0.7911    0.4880   -0.3688
...    87 A-T ...
  -26.7226 -142.9205  -25.3476
    0.4757   -0.4163    0.7748
    0.2687   -0.7700   -0.5787
    0.8375    0.4835   -0.2544
...    88 T-A ...
  -24.2386 -140.8343  -25.5970
    0.5149   -0.7421    0.4291
    0.0523   -0.4724   -0.8798
    0.8557    0.4755   -0.2044
...    89 G-C ...
  -21.2841 -139.3655  -25.9696
    0.3640   -0.9155   -0.1711
   -0.2298    0.0898   -0.9691
    0.9026    0.3921   -0.1777
...    90 C-G ...
  -18.1289 -138.3624  -26.2957
    0.1661   -0.7165   -0.6775
   -0.3891    0.5837   -0.7127
    0.9061    0.3819   -0.1818
...    91 T-A ...
  -14.8202 -137.5571  -26.8596
   -0.0780   -0.2590   -0.9627
   -0.3822    0.8996   -0.2111
    0.9208    0.3515   -0.1692
...    92 T-A ...
  -11.6998 -136.7928  -27.3966
   -0.2410    0.3251   -0.9144
   -0.2875    0.8760    0.3872
    0.9270    0.3562   -0.1177
...    93 T-A ...
   -8.6103 -135.8327  -27.7539
   -0.3489    0.7840   -0.5134
   -0.1137    0.5084    0.8536
    0.9302    0.3562   -0.0883
...    94 C-G ...
   -5.5715 -134.5904  -27.7851
   -0.4271    0.9011    0.0743
    0.1020   -0.0336    0.9942
    0.8984    0.4322   -0.0775
...    95 A-T ...
   -2.5558 -133.1266  -28.3182
   -0.4359    0.6776    0.5923
    0.3542   -0.4758    0.8051
    0.8273    0.5608   -0.0326
...    96 T-A ...
   -0.1906 -130.9560  -28.6189
   -0.2789    0.3179    0.9062
    0.5368   -0.7308    0.4216
    0.7963    0.6040    0.0332
...    97 G-C ...
    2.3176 -128.5857  -28.2321
   -0.0461   -0.2319    0.9716
    0.6451   -0.7495   -0.1483
    0.7627    0.6200    0.1842
...    98 T-A ...
    4.3534 -126.1201  -27.2633
    0.2701   -0.6018    0.7516
    0.6026   -0.5032   -0.6195
    0.7510    0.6202    0.2267
...    99 T-A ...
    6.6153 -124.0917  -26.3132
    0.5537   -0.7788    0.2948
    0.3870   -0.0728   -0.9192
    0.7373    0.6230    0.2611
...   100 A-T ...
    9.1678 -121.9561  -25.6419
    0.6866   -0.6480   -0.3297
   -0.0295    0.4283   -0.9032
    0.7265    0.6298    0.2749
...   101 T-A ...
   11.5695 -120.3329  -24.1601
    0.6107   -0.3240   -0.7225
   -0.3693    0.6906   -0.6219
    0.7004    0.6466    0.3021
...   102 A-T ...
   13.7069 -117.8666  -23.1422
    0.2681    0.2120   -0.9398
   -0.6820    0.7308   -0.0297
    0.6804    0.6489    0.3405
...   103 A-T ...
   15.9853 -115.9044  -22.0445
   -0.1488    0.5887   -0.7945
   -0.7403    0.4663    0.4842
    0.6556    0.6603    0.3664
...   104 C-G ...
   18.6470 -113.9280  -21.2506
   -0.5339    0.7363   -0.4156
   -0.5590    0.0614    0.8269
    0.6344    0.6738    0.3788
...   105 G-C ...
   20.2893 -111.5550  -19.7702
   -0.8499    0.5270    0.0021
   -0.1991   -0.3249    0.9245
    0.4879    0.7853    0.3811
...   106 G-C ...
   21.4442 -108.7018  -18.6516
   -0.8889    0.1865    0.4185
    0.2792   -0.5038    0.8175
    0.3633    0.8434    0.3958
...   107 A-T ...
   22.2711 -105.8632  -17.3377
   -0.6012   -0.2012    0.7733
    0.7470   -0.4852    0.4545
    0.2838    0.8509    0.4420
...   108 C-G ...
   22.4426 -102.7960  -16.1501
   -0.1433   -0.4686    0.8717
    0.9574   -0.2886    0.0023
    0.2505    0.8349    0.4901
...   109 C-G ...
   22.7208 -100.0064  -14.0695
    0.3338   -0.6478    0.6848
    0.9164    0.0528   -0.3967
    0.2209    0.7600    0.6113
...   110 G-C ...
   23.7119  -97.8515  -12.1516
    0.7243   -0.6027    0.3349
    0.6422    0.4128   -0.6459
    0.2510    0.6829    0.6861
...   111 G-C ...
   24.8303  -96.0240   -9.5330
    0.9464   -0.3068   -0.1010
    0.1567    0.7095   -0.6871
    0.2825    0.6344    0.7195
...   112 C-G ...
   25.9922  -94.4017   -6.8321
    0.8713    0.1144   -0.4773
   -0.3812    0.7702   -0.5114
    0.3091    0.6275    0.7147
...   113 T-A ...
   27.1150  -92.4870   -4.3919
    0.5392    0.4972   -0.6797
   -0.7800    0.5992   -0.1804
    0.3176    0.6275    0.7109
...   114 C-G ...
   28.1061  -90.3501   -2.0396
   -0.0244    0.7412   -0.6708
   -0.9496    0.1925    0.2472
    0.3124    0.6431    0.6992
...   115 G-C ...
   28.6338  -88.2432    0.4679
   -0.5888    0.6636   -0.4616
   -0.7687   -0.2830    0.5736
    0.2500    0.6925    0.6767
...   116 T-A ...
   29.5499  -85.5449    2.1265
   -0.9177    0.3748   -0.1316
   -0.3461   -0.5916    0.7282
    0.1951    0.7138    0.6726
...   117 A-T ...
   30.0415  -82.6418    3.9290
   -0.9730   -0.0998    0.2081
    0.2197   -0.6771    0.7023
    0.0708    0.7291    0.6808
...   118 T-A ...
   29.8985  -79.8927    5.6218
   -0.7416   -0.4274    0.5170
    0.6680   -0.5404    0.5116
    0.0607    0.7248    0.6863
...   119 A-T ...
   30.0001  -77.6115    7.9978
   -0.2740   -0.7240    0.6330
    0.9616   -0.1958    0.1923
   -0.0152    0.6614    0.7499
...   120 A-T ...
   29.5890  -75.5564   10.4619
    0.3037   -0.7406    0.5994
    0.9524    0.2537   -0.1692
   -0.0267    0.6222    0.7824
...   121 T-A ...
   28.8998  -73.8482   13.2411
    0.7478   -0.5062    0.4295
    0.6628    0.6058   -0.4401
   -0.0374    0.6138    0.7886
...   122 G-C ...
   28.7519  -72.0081   16.1136
    0.9940   -0.1005    0.0439
    0.1071    0.8028   -0.5866
    0.0237    0.5878    0.8087
...   123 T-A ...
   28.9523  -70.5286   19.0316
    0.9166    0.3114   -0.2507
   -0.3989    0.7540   -0.5219
    0.0265    0.5784    0.8153
...   124 G-C ...
   29.1462  -68.6375   21.7581
    0.5184    0.6597   -0.5441
   -0.8517    0.4552   -0.2596
    0.0763    0.5980    0.7979
...   125 T-A ...
   29.8739  -66.9226   24.3963
    0.0036    0.7809   -0.6246
   -0.9969    0.0515    0.0587
    0.0780    0.6225    0.7787
...   126 C-G ...
   30.1764  -64.9075   26.8210
   -0.5780    0.6676   -0.4693
   -0.8117   -0.4115    0.4144
    0.0836    0.6205    0.7798
...   127 G-C ...
   29.9389  -63.0947   29.5435
   -0.9078    0.2702   -0.3209
   -0.4155   -0.6845    0.5991
   -0.0578    0.6771    0.7336
...   128 A-T ...
   29.9018  -60.9618   31.8565
   -0.9805   -0.1835    0.0698
    0.1838   -0.7330    0.6549
   -0.0690    0.6550    0.7525
...   129 C-G ...
   29.3284  -58.3545   33.7900
   -0.7373   -0.5720    0.3595
    0.6659   -0.5257    0.5294
   -0.1138    0.6297    0.7685
...   130 C-G ...
   28.1654  -56.3205   36.2884
   -0.2844   -0.8351    0.4708
    0.9389   -0.1433    0.3130
   -0.1939    0.5311    0.8248
...   131 A-T ...
   27.8632  -54.9449   39.3105
    0.2776   -0.8632    0.4217
    0.9411    0.3326    0.0611
   -0.1930    0.3799    0.9047
...   132 A-T ...
   27.1013  -53.9223   42.3275
    0.7589   -0.5371    0.3683
    0.6218    0.7656   -0.1648
   -0.1935    0.3541    0.9150
...   133 A-T ...
   26.2597  -53.1180   45.4025
    0.9700    0.0312    0.2411
    0.0587    0.9324   -0.3567
   -0.2359    0.3601    0.9026
...   134 T-A ...
   25.6208  -52.5912   48.6400
    0.8597    0.5097    0.0340
   -0.4497    0.7866   -0.4231
   -0.2424    0.3485    0.9054
...   135 G-C ...
   25.2757  -52.5095   52.0791
    0.3204    0.9427   -0.0928
   -0.8825    0.2614   -0.3910
   -0.3443    0.2071    0.9157
...   136 T-A ...
   25.5257  -52.9786   55.8049
   -0.2439    0.9563   -0.1610
   -0.8908   -0.2866   -0.3525
   -0.3833    0.0575    0.9218
...   137 G-C ...
   24.8933  -52.7377   58.9865
   -0.7529    0.5562   -0.3519
   -0.5215   -0.8303   -0.1966
   -0.4015    0.0355    0.9152
...   138 A-T ...
   24.0143  -51.6373   61.9242
   -0.9563    0.0401   -0.2896
   -0.0524   -0.9980    0.0347
   -0.2876    0.0484    0.9565
...   139 G-C ...
   22.3467  -51.2411   64.4939
   -0.8529   -0.5118   -0.1033
    0.4974   -0.8566    0.1373
   -0.1587    0.0657    0.9851
...   140 C-G ...
   22.1503  -50.1498   67.4638
   -0.4681   -0.8748    0.1248
    0.8495   -0.4066    0.3362
   -0.2434    0.2634    0.9335
...   141 G-C ...
   21.4256  -51.8266   72.7876
    0.1303   -0.7143   -0.6876
    0.8897   -0.2217    0.3990
   -0.4375   -0.6638    0.6066
...   142 C-G ...
   20.4246  -54.3094   74.5418
    0.5846   -0.7390   -0.3348
    0.7594    0.3532    0.5465
   -0.2856   -0.5738    0.7676
...   143 T-A ...
   18.4271  -55.5290   76.5298
    0.8548   -0.5005    0.1370
    0.3188    0.7148    0.6224
   -0.4095   -0.4884    0.7706
...   144 C-G ...
   16.8372  -57.7222   78.2673
    0.8529   -0.0846    0.5151
   -0.1508    0.9048    0.3983
   -0.4998   -0.4174    0.7589
...   145 A-T ...
   15.7829  -59.5615   80.7981
    0.5516    0.4995    0.6680
   -0.6739    0.7388    0.0039
   -0.4916   -0.4523    0.7441
...   146 C-G ...
   15.7315  -61.4940   83.9316
    0.0344    0.7399    0.6718
   -0.8637    0.3602   -0.3526
   -0.5029   -0.5681    0.6514
...   147 A-T ...
   14.7384  -63.4279   86.8192
   -0.5924    0.6746    0.4405
   -0.6886   -0.1401   -0.7114
   -0.4182   -0.7248    0.5475
