  147 base-pairs
...     1 T-A ...
    0.0000    0.0000    0.0000
    1.0000    0.0000    0.0000
    0.0000    1.0000    0.0000
    0.0000    0.0000    1.0000
...     2 G-C ...
   -0.5555   -1.1003    3.3981
    0.7749    0.6051    0.1828
   -0.5991    0.7953   -0.0929
   -0.2016   -0.0375    0.9787
...     3 T-A ...
   -0.6619   -3.0237    6.5348
    0.3046    0.9250    0.2271
   -0.8994    0.3578   -0.2510
   -0.3134   -0.1278    0.9410
...     4 G-C ...
   -1.1607   -3.8418    9.6940
   -0.3351    0.9421    0.0133
   -0.8752   -0.3061   -0.3746
   -0.3489   -0.1372    0.9271
...     5 A-T ...
   -1.3881   -3.6770   12.8999
   -0.7835    0.6162   -0.0801
   -0.5677   -0.7622   -0.3109
   -0.2527   -0.1981    0.9470
...     6 G-C ...
   -2.6236   -3.5448   15.7072
   -0.9923    0.0611   -0.1075
   -0.0294   -0.9610   -0.2748
   -0.1201   -0.2695    0.9555
...     7 C-G ...
   -2.3138   -3.7570   18.8866
   -0.8620   -0.4995   -0.0864
    0.5008   -0.8655    0.0073
   -0.0785   -0.0370    0.9962
...     8 G-C ...
   -3.9561   -6.8109   23.3205
   -0.2581   -0.3560   -0.8981
    0.6294   -0.7673    0.1233
   -0.7330   -0.5335    0.4221
...     9 C-G ...
   -6.1177   -8.9414   24.2385
    0.1143   -0.7320   -0.6716
    0.8123   -0.3203    0.4874
   -0.5720   -0.6013    0.5580
...    10 T-A ...
   -8.5041   -9.6771   26.0540
    0.4660   -0.8587   -0.2131
    0.6274    0.1508    0.7640
   -0.6239   -0.4897    0.6090
...    11 C-G ...
  -11.0625  -11.3174   27.2336
    0.6660   -0.6911    0.2808
    0.3382    0.6152    0.7121
   -0.6649   -0.3794    0.6435
...    12 A-T ...
  -13.0013  -13.1789   29.0658
    0.7188   -0.1490    0.6790
   -0.1787    0.9043    0.3876
   -0.6718   -0.4000    0.6235
...    13 C-G ...
  -14.1788  -15.9359   31.3399
    0.4052    0.2865    0.8682
   -0.5270    0.8492   -0.0343
   -0.7470   -0.4437    0.4951
...    14 A-T ...
  -15.9532  -18.1566   33.3080
   -0.1503    0.6873    0.7107
   -0.6106    0.5008   -0.6135
   -0.7776   -0.5261    0.3444
...    15 A-T ...
  -18.3201  -19.9481   34.6300
   -0.4779    0.8452    0.2391
   -0.4024    0.0313   -0.9149
   -0.7808   -0.5335    0.3251
...    16 T-A ...
  -20.6673  -21.5251   36.3075
   -0.6065    0.7528   -0.2558
   -0.1016   -0.3924   -0.9142
   -0.7886   -0.5284    0.3145
...    17 T-A ...
  -23.2420  -23.0741   37.5111
   -0.5364    0.4210   -0.7315
    0.2581   -0.7434   -0.6171
   -0.8035   -0.5198    0.2901
...    18 T-A ...
  -25.9526  -24.5311   38.5035
   -0.2719   -0.0426   -0.9614
    0.5083   -0.8546   -0.1059
   -0.8171   -0.5175    0.2540
...    19 A-T ...
  -28.8456  -26.0948   39.0498
    0.1626   -0.4282   -0.8889
    0.5363   -0.7179    0.4439
   -0.8282   -0.5489    0.1129
...    20 T-A ...
  -31.8208  -27.4694   38.9248
    0.4244   -0.7181   -0.5516
    0.3732   -0.4163    0.8291
   -0.8250   -0.5577    0.0914
...    21 T-A ...
  -34.5513  -29.2185   38.9247
    0.5654   -0.8248    0.0095
    0.0569    0.0505    0.9971
   -0.8229   -0.5632    0.0754
...    22 C-G ...
  -37.1424  -31.2169   39.0670
    0.5092   -0.6275    0.5891
   -0.3072    0.5069    0.8054
   -0.8040   -0.5911    0.0654
...    23 G-C ...
  -39.8864  -33.0279   39.6802
    0.3082   -0.1879    0.9326
   -0.5764    0.7430    0.3401
   -0.7568   -0.6424    0.1207
...    24 C-G ...
  -42.1100  -35.4619   40.1047
   -0.0402    0.2669    0.9629
   -0.6590    0.7173   -0.2263
   -0.7511   -0.6436    0.1470
...    25 A-T ...
  -44.7758  -37.4054   40.4797
   -0.3623    0.6740    0.6437
   -0.5247    0.4233   -0.7386
   -0.7703   -0.6054    0.2003
...    26 A-T ...
  -47.1527  -39.4386   41.3713
   -0.6098    0.7850    0.1091
   -0.2098   -0.0272   -0.9774
   -0.7643   -0.6189    0.1813
...    27 A-T ...
  -49.6257  -41.3672   42.2103
   -0.6197    0.6324   -0.4647
    0.1839   -0.4586   -0.8694
   -0.7630   -0.6243    0.1679
...    28 G-C ...
  -52.2995  -43.1775   42.9203
   -0.3688    0.3520   -0.8603
    0.4825   -0.7185   -0.5009
   -0.7944   -0.5998    0.0951
...    29 G-C ...
  -55.2077  -44.8686   43.1971
    0.0327   -0.0183   -0.9993
    0.5892   -0.8073    0.0340
   -0.8073   -0.5899   -0.0156
...    30 C-G ...
  -58.0932  -46.4348   42.8838
    0.3972   -0.4066   -0.8227
    0.4646   -0.6840    0.5623
   -0.7915   -0.6056   -0.0828
...    31 C-G ...
  -60.7606  -48.3640   42.1408
    0.6627   -0.6424   -0.3849
    0.1499   -0.3898    0.9086
   -0.7338   -0.6598   -0.1620
...    32 G-C ...
  -62.9818  -50.8429   41.8070
    0.7174   -0.6677    0.1988
   -0.2854   -0.0214    0.9582
   -0.6355   -0.7441   -0.2059
...    33 G-C ...
  -64.7730  -53.5560   40.8900
    0.4936   -0.5154    0.7005
   -0.6578    0.3057    0.6884
   -0.5689   -0.8006   -0.1882
...    34 C-G ...
  -66.2618  -56.4390   40.1723
    0.0662   -0.2406    0.9684
   -0.8357    0.5169    0.1855
   -0.5452   -0.8215   -0.1668
...    35 C-G ...
  -67.8776  -59.3824   39.8187
   -0.3775    0.1276    0.9172
   -0.7494    0.5397   -0.3836
   -0.5440   -0.8321   -0.1081
...    36 C-G ...
  -69.6024  -62.2853   39.7256
   -0.6981    0.4490    0.5578
   -0.4247    0.3674   -0.8274
   -0.5764   -0.8145   -0.0658
...    37 G-C ...
  -71.6479  -64.8608   39.0816
   -0.7647    0.6444   -0.0040
    0.0453    0.0477   -0.9978
   -0.6428   -0.7632   -0.0657
...    38 A-T ...
  -73.7345  -67.3885   38.9665
   -0.5709    0.5731   -0.5879
    0.4953   -0.3306   -0.8033
   -0.6548   -0.7498   -0.0951
...    39 C-G ...
  -76.2693  -69.5085   39.0064
   -0.2037    0.3471   -0.9155
    0.7219   -0.5785   -0.3799
   -0.6614   -0.7382   -0.1327
...    40 A-T ...
  -78.4337  -71.9961   38.4623
    0.3178    0.0648   -0.9459
    0.6981   -0.6910    0.1873
   -0.6415   -0.7199   -0.2649
...    41 C-G ...
  -80.8490  -73.8760   37.2724
    0.6664   -0.2586   -0.6993
    0.4264   -0.6372    0.6420
   -0.6116   -0.7260   -0.3143
...    42 G-C ...
  -82.6047  -76.5342   36.2578
    0.8734   -0.4496   -0.1872
   -0.0334   -0.4388    0.8980
   -0.4859   -0.7780   -0.3983
...    43 A-T ...
  -84.0316  -79.1067   34.8335
    0.7147   -0.5819    0.3879
   -0.5494   -0.1239    0.8263
   -0.4328   -0.8037   -0.4083
...    44 C-G ...
  -84.9046  -81.7774   33.0840
    0.3354   -0.5391    0.7726
   -0.8541    0.1720    0.4908
   -0.3975   -0.8245   -0.4027
...    45 T-A ...
  -85.8497  -84.6755   31.7833
   -0.1540   -0.3330    0.9303
   -0.9189    0.3944   -0.0110
   -0.3632   -0.8565   -0.3667
...    46 T-A ...
  -86.7269  -87.5938   30.6273
   -0.6729   -0.0794    0.7355
   -0.6591    0.5158   -0.5473
   -0.3359   -0.8530   -0.3994
...    47 A-T ...
  -87.9887  -90.1799   28.8306
   -0.9568    0.2239    0.1857
   -0.0628    0.4643   -0.8835
   -0.2840   -0.8569   -0.4301
...    48 C-G ...
  -89.0635  -93.2208   27.9751
   -0.8430    0.4430   -0.3052
    0.4544    0.2825   -0.8448
   -0.2880   -0.8508   -0.4394
...    49 T-A ...
  -90.2946  -96.0262   26.6906
   -0.4593    0.5707   -0.6806
    0.8337    0.0125   -0.5521
   -0.3066   -0.8210   -0.4815
...    50 G-C ...
  -91.2525  -98.6809   24.9162
    0.1185    0.5771   -0.8080
    0.9478   -0.3083   -0.0812
   -0.2960   -0.7562   -0.5835
...    51 T-A ...
  -92.7375 -100.8087   22.8937
    0.6038    0.3812   -0.7001
    0.7543   -0.5573    0.3471
   -0.2579   -0.7377   -0.6240
...    52 A-T ...
  -93.5912 -102.9593   20.4880
    0.9433    0.1522   -0.2949
    0.3129   -0.7041    0.6374
   -0.1106   -0.6936   -0.7118
...    53 G-C ...
  -93.8326 -104.9711   17.8903
    0.9766   -0.1592    0.1445
   -0.2149   -0.7039    0.6770
   -0.0060   -0.6922   -0.7217
...    54 G-C ...
  -93.3533 -107.1021   15.3219
    0.7093   -0.4349    0.5547
   -0.6961   -0.5556    0.4546
    0.1105   -0.7087   -0.6968
...    55 T-A ...
  -92.3837 -109.1653   12.9412
    0.2415   -0.6380    0.7312
   -0.9593   -0.2705    0.0808
    0.1462   -0.7210   -0.6773
...    56 A-T ...
  -92.1789 -111.6366   10.6820
   -0.3995   -0.6762    0.6190
   -0.8999    0.1603   -0.4056
    0.1751   -0.7191   -0.6725
...    57 T-A ...
  -91.0492 -114.1821    8.8840
   -0.7988   -0.5192    0.3038
   -0.5676    0.4834   -0.6664
    0.1992   -0.7048   -0.6809
...    58 C-G ...
  -90.3876 -116.5941    6.7402
   -0.9780   -0.1343   -0.1595
    0.0208    0.6983   -0.7155
    0.2074   -0.7031   -0.6802
...    59 T-A ...
  -89.8715 -119.1368    4.6599
   -0.8229    0.2780   -0.4955
    0.5364    0.6676   -0.5163
    0.1872   -0.6907   -0.6985
...    60 C-G ...
  -89.2907 -121.4844    2.4324
   -0.3545    0.6366   -0.6849
    0.9139    0.3908   -0.1099
    0.1977   -0.6649   -0.7203
...    61 G-C ...
  -88.2615 -123.6298    0.0871
    0.1698    0.8337   -0.5254
    0.9551   -0.0079    0.2961
    0.2427   -0.5521   -0.7976
...    62 A-T ...
  -87.5558 -125.4082   -2.5390
    0.6619    0.7218   -0.2025
    0.6887   -0.4787    0.5446
    0.2961   -0.4999   -0.8139
...    63 G-C ...
  -86.6403 -126.7290   -5.4062
    0.8799    0.4342    0.1929
    0.2649   -0.7853    0.5595
    0.3944   -0.4412   -0.8061
...    64 C-G ...
  -85.2091 -127.6515   -8.2096
    0.8531   -0.0115    0.5215
   -0.2237   -0.9112    0.3459
    0.4713   -0.4118   -0.7799
...    65 T-A ...
  -83.3355 -128.6732  -10.7129
    0.5752   -0.4419    0.6884
   -0.5967   -0.8023   -0.0164
    0.5595   -0.4014   -0.7251
...    66 C-G ...
  -81.2970 -130.0273  -12.8722
    0.1073   -0.8131    0.5721
   -0.7913   -0.4182   -0.4460
    0.6019   -0.4049   -0.6883
...    67 G-C ...
  -79.6088 -131.7505  -15.1912
   -0.3933   -0.8812    0.2622
   -0.6661    0.0765   -0.7420
    0.6338   -0.4665   -0.6170
...    68 G-C ...
  -77.3982 -133.5583  -16.9994
   -0.7174   -0.6756   -0.1697
   -0.3179    0.5343   -0.7833
    0.6199   -0.5080   -0.5981
...    69 G-C ...
  -75.2973 -135.4679  -18.8337
   -0.7949   -0.2472   -0.5540
    0.1364    0.8170   -0.5602
    0.5912   -0.5209   -0.6158
...    70 A-T ...
  -73.2875 -137.2553  -20.7307
   -0.5596    0.2899   -0.7764
    0.5674    0.8169   -0.1039
    0.6041   -0.4987   -0.6216
...    71 T-A ...
  -71.7848 -139.3527  -22.7924
   -0.1907    0.6629   -0.7240
    0.7602    0.5664    0.3183
    0.6211   -0.4897   -0.6119
...    72 C-G ...
  -69.8092 -141.0255  -24.8020
    0.2494    0.8964   -0.3663
    0.7162    0.0839    0.6928
    0.6518   -0.4352   -0.6211
...    73 C-G ...
  -67.8426 -142.4020  -27.1766
    0.4951    0.8581    0.1361
    0.4787   -0.4002    0.7815
    0.7251   -0.3217   -0.6089
...    74 G-C ...
  -65.2070 -143.3970  -28.9660
    0.5268    0.5640    0.6360
    0.1773   -0.8046    0.5667
    0.8313   -0.1857   -0.5239
...    75 C-G ...
  -62.4177 -143.4193  -30.6947
    0.4718    0.0660    0.8793
   -0.0932   -0.9879    0.1241
    0.8768   -0.1405   -0.4599
...    76 T-A ...
  -59.3764 -143.5032  -31.9539
    0.2817   -0.4423    0.8515
   -0.2615   -0.8892   -0.3754
    0.9232   -0.1169   -0.3662
...    77 T-A ...
  -56.2838 -143.6569  -32.9185
    0.0917   -0.8688    0.4866
   -0.3489   -0.4857   -0.8015
    0.9326   -0.0963   -0.3477
...    78 T-A ...
  -53.1345 -143.8434  -33.7274
   -0.0831   -0.9934   -0.0787
   -0.3267    0.1017   -0.9396
    0.9415   -0.0523   -0.3330
...    79 A-T ...
  -50.1251 -143.6420  -35.3011
   -0.1885   -0.6880   -0.7008
   -0.2127    0.7253   -0.6548
    0.9588    0.0256   -0.2830
...    80 A-T ...
  -46.9397 -143.8103  -36.0034
   -0.2192   -0.1358   -0.9662
   -0.0934    0.9886   -0.1178
    0.9712    0.0644   -0.2294
...    81 C-G ...
  -43.7352 -144.1860  -36.8258
   -0.2458    0.4025   -0.8818
    0.0170    0.9114    0.4112
    0.9692    0.0860   -0.2309
...    82 A-T ...
  -40.4947 -143.7409  -37.4076
   -0.2949    0.8328   -0.4684
    0.1416    0.5229    0.8405
    0.9450    0.1815   -0.2722
...    83 C-G ...
  -37.5924 -143.2838  -38.8529
   -0.2360    0.9709    0.0402
    0.2651    0.0245    0.9639
    0.9349    0.2381   -0.2632
...    84 T-A ...
  -34.6816 -142.2479  -39.9720
   -0.1741    0.8187    0.5473
    0.3620   -0.4636    0.8087
    0.9158    0.3389   -0.2157
...    85 T-A ...
  -31.8460 -140.9320  -40.7371
   -0.0145    0.4127    0.9108
    0.4156   -0.8260    0.3809
    0.9094    0.3840   -0.1595
...    86 T-A ...
  -29.0282 -139.4330  -41.1809
    0.1651   -0.1241    0.9784
    0.3835   -0.9059   -0.1796
    0.9087    0.4049   -0.1020
...    87 A-T ...
  -26.0415 -137.9756  -41.1262
    0.2422   -0.6441    0.7256
    0.2958   -0.6632   -0.6875
    0.9240    0.3812    0.0299
...    88 T-A ...
  -23.2310 -136.4139  -40.4088
    0.3632   -0.8880    0.2821
    0.1511   -0.2426   -0.9583
    0.9194    0.3906    0.0461
...    89 G-C ...
  -20.0975 -135.3425  -40.4700
    0.3397   -0.8821   -0.3264
   -0.0414    0.3327   -0.9421
    0.9396    0.3336    0.0765
...    90 C-G ...
  -16.9167 -134.5129  -39.9235
    0.2537   -0.5545   -0.7926
   -0.2094    0.7685   -0.6046
    0.9444    0.3193    0.0789
...    91 T-A ...
  -13.6947 -133.7609  -39.5972
    0.0880   -0.0645   -0.9940
   -0.3136    0.9454   -0.0891
    0.9455    0.3195    0.0630
...    92 T-A ...
  -10.5331 -133.0173  -39.3355
   -0.0770    0.5026   -0.8611
   -0.3364    0.7999    0.4970
    0.9386    0.3279    0.1074
...    93 C-G ...
   -7.4211 -132.0349  -38.9854
   -0.2979    0.8615   -0.4113
   -0.2500    0.3454    0.9045
    0.9213    0.3723    0.1124
...    94 C-G ...
   -4.2720 -130.8246  -38.9335
   -0.4931    0.8626    0.1134
   -0.0636   -0.1657    0.9841
    0.8677    0.4780    0.1365
...    95 G-C ...
   -1.4661 -129.1950  -38.1747
   -0.5984    0.5471    0.5853
    0.2241   -0.5871    0.7779
    0.7692    0.5967    0.2287
...    96 G-C ...
    0.7711 -126.7835  -37.4608
   -0.4907    0.0814    0.8675
    0.5338   -0.7588    0.3732
    0.6886    0.6463    0.3289
...    97 C-G ...
    2.5663 -124.3139  -36.2450
   -0.1821   -0.3782    0.9077
    0.7413   -0.6592   -0.1259
    0.6460    0.6500    0.4004
...    98 T-A ...
    4.3417 -122.0656  -34.6113
    0.1805   -0.7084    0.6823
    0.7689   -0.3310   -0.5470
    0.6134    0.6234    0.4849
...    99 C-G ...
    6.2985 -120.1772  -32.7912
    0.5842   -0.7790    0.2280
    0.5455    0.1688   -0.8209
    0.6010    0.6039    0.5235
...   100 T-A ...
    8.2051 -118.4148  -30.7261
    0.7698   -0.5858   -0.2534
    0.1781    0.5785   -0.7960
    0.6129    0.5677    0.5496
...   101 C-G ...
   10.2620 -116.6664  -28.8426
    0.7302   -0.1218   -0.6723
   -0.3115    0.8164   -0.4863
    0.6081    0.5645    0.5582
...   102 A-T ...
   12.0761 -114.5370  -27.0676
    0.3807    0.3472   -0.8570
   -0.6779    0.7352   -0.0033
    0.6289    0.5822    0.5152
...   103 T-A ...
   14.6114 -113.0869  -25.5196
   -0.0089    0.6799   -0.7332
   -0.7880    0.4467    0.4238
    0.6156    0.5816    0.5318
...   104 G-C ...
   16.4765 -111.0112  -23.7155
   -0.5117    0.7455   -0.4271
   -0.6514   -0.0125    0.7586
    0.5602    0.6664    0.4920
...   105 T-A ...
   18.5406 -108.6802  -22.6555
   -0.8019    0.5974   -0.0060
   -0.3032   -0.3983    0.8657
    0.5148    0.6960    0.5005
...   106 T-A ...
   20.1650 -106.2841  -21.2281
   -0.8616    0.2449    0.4447
    0.1884   -0.6592    0.7280
    0.4714    0.7109    0.5218
...   107 A-T ...
   21.2899 -103.6290  -19.5484
   -0.7072   -0.2607    0.6572
    0.6304   -0.6534    0.4192
    0.3201    0.7107    0.6264
...   108 T-A ...
   21.7296 -100.9921  -17.6661
   -0.3142   -0.5700    0.7592
    0.9020   -0.4286    0.0515
    0.2960    0.7010    0.6488
...   109 A-T ...
   22.4916  -98.7839  -15.2972
    0.2116   -0.7797    0.5893
    0.9407   -0.0013   -0.3394
    0.2654    0.6261    0.7332
...   110 A-T ...
   23.0866  -96.8650  -12.7459
    0.7083   -0.6380    0.3021
    0.6614    0.4503   -0.5998
    0.2466    0.6247    0.7409
...   111 C-G ...
   23.6211  -95.2557   -9.8786
    0.9475   -0.3139   -0.0610
    0.1998    0.7302   -0.6534
    0.2497    0.6069    0.7546
...   112 G-C ...
   24.5570  -92.9323   -7.6717
    0.8777    0.1156   -0.4651
   -0.3599    0.7999   -0.4803
    0.3165    0.5889    0.7436
...   113 G-C ...
   25.7909  -91.1514   -5.0861
    0.5201    0.5015   -0.6914
   -0.7792    0.6100   -0.1437
    0.3497    0.6135    0.7080
...   114 A-T ...
   26.9908  -89.2349   -2.7111
   -0.0437    0.7525   -0.6572
   -0.9413    0.1895    0.2795
    0.3349    0.6308    0.7000
...   115 G-C ...
   28.3384  -87.1151   -0.5640
   -0.5488    0.6976   -0.4606
   -0.7851   -0.2407    0.5707
    0.2872    0.6748    0.6798
...   116 T-A ...
   29.5987  -84.6359    1.2081
   -0.8862    0.4436   -0.1335
   -0.3942   -0.5708    0.7203
    0.2434    0.6910    0.6807
...   117 A-T ...
   30.2234  -82.1421    3.3165
   -0.9824   -0.0336    0.1835
    0.1539   -0.7021    0.6952
    0.1055    0.7112    0.6950
...   118 T-A ...
   30.2352  -79.4242    5.1345
   -0.7824   -0.3971    0.4797
    0.6180   -0.5901    0.5195
    0.0768    0.7029    0.7071
...   119 A-T ...
   30.0469  -77.0996    7.5133
   -0.3358   -0.7470    0.5738
    0.9417   -0.2533    0.2214
   -0.0200    0.6147    0.7885
...   120 A-T ...
   29.6736  -75.1735   10.0874
    0.2433   -0.7748    0.5835
    0.9693    0.2162   -0.1172
   -0.0353    0.5941    0.8036
...   121 T-A ...
   28.9451  -73.5625   12.8605
    0.6949   -0.5663    0.4432
    0.7180    0.5815   -0.3826
   -0.0410    0.5840    0.8107
...   122 G-C ...
   29.0991  -71.6258   15.5501
    0.9796   -0.1826    0.0837
    0.1990    0.8250   -0.5289
    0.0275    0.5348    0.8446
...   123 T-A ...
   29.2416  -70.4216   18.6458
    0.9394    0.2686   -0.2129
   -0.3404    0.8040   -0.4875
    0.0402    0.5305    0.8468
...   124 G-C ...
   29.3459  -68.4174   21.2820
    0.5702    0.6470   -0.5063
   -0.8163    0.5157   -0.2603
    0.0927    0.5617    0.8221
...   125 T-A ...
   30.2285  -66.7792   24.0406
    0.0595    0.8131   -0.5791
   -0.9944    0.0987    0.0364
    0.0868    0.5737    0.8144
...   126 C-G ...
   30.6096  -64.8781   26.6849
   -0.5355    0.7016   -0.4701
   -0.8419   -0.4001    0.3621
    0.0660    0.5897    0.8049
...   127 G-C ...
   30.5196  -63.1090   29.5092
   -0.9101    0.2928   -0.2932
   -0.4118   -0.7181    0.5610
   -0.0463    0.6313    0.7742
...   128 A-T ...
   30.3747  -60.9714   31.9640
   -0.9777   -0.2066    0.0372
    0.1837   -0.7565    0.6277
   -0.1015    0.6205    0.7776
...   129 C-G ...
   29.6938  -58.5702   34.0978
   -0.7421   -0.5940    0.3106
    0.6538   -0.5392    0.5308
   -0.1478    0.5970    0.7885
...   130 C-G ...
   28.7373  -56.5644   36.6351
   -0.2694   -0.8503    0.4521
    0.9399   -0.1299    0.3159
   -0.2099    0.5100    0.8342
...   131 A-T ...
   27.9989  -55.0295   39.5013
    0.3123   -0.8409    0.4420
    0.9234    0.3781    0.0668
   -0.2233    0.3873    0.8945
...   132 A-T ...
   27.0637  -54.0068   42.4301
    0.7764   -0.4909    0.3953
    0.5883    0.7894   -0.1752
   -0.2260    0.3685    0.9017
...   133 A-T ...
   26.2489  -53.1111   45.4418
    0.9710    0.0413    0.2356
    0.0469    0.9330   -0.3567
   -0.2345    0.3574    0.9040
...   134 T-A ...
   25.6208  -52.5913   48.6400
    0.8597    0.5097    0.0340
   -0.4497    0.7866   -0.4231
   -0.2424    0.3485    0.9054
...   135 G-C ...
   25.2756  -52.5096   52.0791
    0.3204    0.9427   -0.0928
   -0.8825    0.2614   -0.3910
   -0.3443    0.2071    0.9157
...   136 T-A ...
   25.5257  -52.9787   55.8049
   -0.2439    0.9563   -0.1610
   -0.8908   -0.2866   -0.3525
   -0.3833    0.0575    0.9218
...   137 G-C ...
   24.8932  -52.7378   58.9865
   -0.7529    0.5562   -0.3519
   -0.5215   -0.8303   -0.1966
   -0.4015    0.0355    0.9152
...   138 A-T ...
   24.0142  -51.6374   61.9242
   -0.9563    0.0401   -0.2896
   -0.0524   -0.9980    0.0347
   -0.2876    0.0484    0.9565
...   139 G-C ...
   22.3466  -51.2412   64.4939
   -0.8529   -0.5118   -0.1033
    0.4974   -0.8566    0.1373
   -0.1587    0.0657    0.9851
...   140 C-G ...
   22.1502  -50.1498   67.4638
   -0.4681   -0.8748    0.1248
    0.8495   -0.4066    0.3362
   -0.2434    0.2634    0.9335
...   141 G-C ...
   21.4256  -51.8266   72.7876
    0.1303   -0.7143   -0.6876
    0.8897   -0.2217    0.3990
   -0.4375   -0.6638    0.6066
...   142 C-G ...
   20.4245  -54.3095   74.5418
    0.5846   -0.7390   -0.3348
    0.7594    0.3532    0.5465
   -0.2856   -0.5737    0.7676
...   143 T-A ...
   18.4270  -55.5290   76.5298
    0.8548   -0.5005    0.1370
    0.3188    0.7148    0.6224
   -0.4095   -0.4884    0.7706
...   144 C-G ...
   16.8371  -57.7222   78.2673
    0.8529   -0.0846    0.5151
   -0.1508    0.9048    0.3983
   -0.4998   -0.4174    0.7589
...   145 A-T ...
   15.7828  -59.5615   80.7981
    0.5516    0.4995    0.6680
   -0.6739    0.7388    0.0039
   -0.4916   -0.4523    0.7441
...   146 C-G ...
   15.7314  -61.4940   83.9316
    0.0344    0.7399    0.6718
   -0.8637    0.3602   -0.3526
   -0.5029   -0.5681    0.6514
...   147 A-T ...
   14.7383  -63.4279   86.8192
   -0.5924    0.6746    0.4405
   -0.6886   -0.1401   -0.7114
   -0.4182   -0.7248    0.5475
