  147 base-pairs
...     1 T-A ...
    0.0000    0.0000    0.0000
    1.0000    0.0000    0.0000
    0.0000    1.0000    0.0000
    0.0000    0.0000    1.0000
...     2 G-C ...
   -0.5555   -1.1003    3.3981
    0.7749    0.6051    0.1828
   -0.5991    0.7953   -0.0929
   -0.2016   -0.0375    0.9787
...     3 T-A ...
   -0.6619   -3.0237    6.5348
    0.3046    0.9250    0.2271
   -0.8994    0.3578   -0.2510
   -0.3134   -0.1278    0.9410
...     4 G-C ...
   -1.1607   -3.8418    9.6940
   -0.3351    0.9421    0.0133
   -0.8752   -0.3061   -0.3746
   -0.3489   -0.1372    0.9271
...     5 A-T ...
   -1.3881   -3.6770   12.8999
   -0.7835    0.6162   -0.0801
   -0.5677   -0.7622   -0.3109
   -0.2527   -0.1981    0.9470
...     6 G-C ...
   -2.6236   -3.5448   15.7072
   -0.9923    0.0611   -0.1075
   -0.0294   -0.9610   -0.2748
   -0.1201   -0.2695    0.9555
...     7 C-G ...
   -2.3138   -3.7570   18.8866
   -0.8620   -0.4995   -0.0864
    0.5008   -0.8655    0.0073
   -0.0785   -0.0370    0.9962
...     8 G-C ...
   -3.9561   -6.8109   23.3205
   -0.2581   -0.3560   -0.8981
    0.6294   -0.7673    0.1233
   -0.7330   -0.5335    0.4221
...     9 C-G ...
   -6.1177   -8.9414   24.2385
    0.1143   -0.7320   -0.6716
    0.8123   -0.3203    0.4874
   -0.5720   -0.6013    0.5580
...    10 T-A ...
   -8.5041   -9.6771   26.0540
    0.4660   -0.8587   -0.2131
    0.6274    0.1508    0.7640
   -0.6239   -0.4897    0.6090
...    11 C-G ...
  -11.0625  -11.3174   27.2336
    0.6660   -0.6911    0.2808
    0.3382    0.6152    0.7121
   -0.6649   -0.3794    0.6435
...    12 A-T ...
  -13.0013  -13.1789   29.0658
    0.7188   -0.1490    0.6790
   -0.1787    0.9043    0.3876
   -0.6718   -0.4000    0.6235
...    13 C-G ...
  -14.1788  -15.9359   31.3399
    0.4052    0.2865    0.8682
   -0.5270    0.8492   -0.0343
   -0.7470   -0.4437    0.4951
...    14 A-T ...
  -15.9532  -18.1566   33.3080
   -0.1503    0.6873    0.7107
   -0.6106    0.5008   -0.6135
   -0.7776   -0.5261    0.3444
...    15 A-T ...
  -18.4007  -19.9452   34.4469
   -0.4571    0.8614    0.2215
   -0.3964    0.0257   -0.9177
   -0.7962   -0.5073    0.3297
...    16 T-A ...
  -20.8064  -21.5192   36.2405
   -0.6250    0.7220   -0.2967
   -0.0727   -0.4323   -0.8988
   -0.7772   -0.5402    0.3226
...    17 T-A ...
  -23.3650  -23.0704   37.6172
   -0.5681    0.3164   -0.7597
    0.3191   -0.7662   -0.5578
   -0.7586   -0.5593    0.3344
...    18 T-A ...
  -25.9300  -24.7140   38.6976
   -0.2578   -0.1346   -0.9568
    0.5729   -0.8187   -0.0392
   -0.7780   -0.5582    0.2882
...    19 A-T ...
  -28.4840  -26.6860   39.4680
    0.1796   -0.5079   -0.8425
    0.5961   -0.6251    0.5040
   -0.7826   -0.5927    0.1905
...    20 T-A ...
  -31.4118  -28.2382   39.5994
    0.4590   -0.7577   -0.4640
    0.4170   -0.2774    0.8655
   -0.7845   -0.5908    0.1887
...    21 T-A ...
  -34.0534  -30.1436   39.9037
    0.6090   -0.7848    0.1154
    0.0647    0.1941    0.9788
   -0.7906   -0.5886    0.1689
...    22 C-G ...
  -36.5977  -32.1533   40.4265
    0.5514   -0.5088    0.6611
   -0.3192    0.6035    0.7307
   -0.7707   -0.6140    0.1703
...    23 G-C ...
  -39.2558  -33.8753   41.5683
    0.3766   -0.0080    0.9264
   -0.6089    0.7514    0.2540
   -0.6981   -0.6598    0.2781
...    24 C-G ...
  -41.2662  -36.3064   42.4541
    0.0395    0.4223    0.9056
   -0.7147    0.6454   -0.2697
   -0.6983   -0.6366    0.3273
...    25 A-T ...
  -43.9207  -38.1612   43.1964
   -0.3485    0.7497    0.5625
   -0.6015    0.2813   -0.7477
   -0.7188   -0.5989    0.3529
...    26 A-T ...
  -46.2081  -40.0955   44.5455
   -0.6322    0.7739    0.0377
   -0.2926   -0.1935   -0.9365
   -0.7174   -0.6031    0.3488
...    27 A-T ...
  -48.4490  -41.9569   46.0134
   -0.6959    0.5098   -0.5058
    0.1424   -0.5924   -0.7930
   -0.7039   -0.6239    0.3397
...    28 G-C ...
  -51.0446  -43.6383   47.3738
   -0.4673    0.1570   -0.8700
    0.4762   -0.7845   -0.3973
   -0.7449   -0.6000    0.2918
...    29 G-C ...
  -53.9040  -45.3778   48.2508
   -0.0489   -0.2502   -0.9669
    0.6451   -0.7470    0.1607
   -0.7625   -0.6160    0.1980
...    30 C-G ...
  -56.6690  -47.1186   48.5573
    0.3616   -0.5728   -0.7357
    0.5498   -0.5062    0.6644
   -0.7530   -0.6447    0.1319
...    31 C-G ...
  -59.3437  -49.1230   48.7515
    0.6668   -0.6980   -0.2610
    0.2404   -0.1300    0.9619
   -0.7054   -0.7042    0.0812
...    32 G-C ...
  -61.2943  -51.4508   49.2233
    0.7696   -0.5861    0.2534
   -0.1653    0.2004    0.9657
   -0.6168   -0.7850    0.0573
...    33 G-C ...
  -62.8784  -54.4194   49.3798
    0.5854   -0.3347    0.7385
   -0.5915    0.4466    0.6713
   -0.5545   -0.8298    0.0634
...    34 C-G ...
  -64.3242  -57.3540   49.5641
    0.1776   -0.0022    0.9841
   -0.8318    0.5341    0.1513
   -0.5259   -0.8454    0.0930
...    35 C-G ...
  -65.8347  -60.3275   50.2611
   -0.3103    0.3209    0.8948
   -0.8038    0.4140   -0.4272
   -0.5076   -0.8518    0.1295
...    36 C-G ...
  -67.4278  -63.2054   50.9900
   -0.6890    0.5260    0.4986
   -0.5107    0.1357   -0.8490
   -0.5142   -0.8396    0.1751
...    37 G-C ...
  -69.3032  -66.0930   50.5381
   -0.8246    0.5598   -0.0812
   -0.0199   -0.1722   -0.9849
   -0.5653   -0.8105    0.1532
...    38 A-T ...
  -70.9567  -68.7252   51.0900
   -0.6762    0.3617   -0.6418
    0.4823   -0.4412   -0.7568
   -0.5569   -0.8213    0.1239
...    39 C-G ...
  -73.1497  -71.0195   51.5743
   -0.2996    0.1269   -0.9456
    0.7605   -0.5668   -0.3170
   -0.5761   -0.8141    0.0733
...    40 A-T ...
  -75.1792  -73.6732   51.6782
    0.2415   -0.1263   -0.9621
    0.7893   -0.5512    0.2705
   -0.5645   -0.8248   -0.0334
...    41 C-G ...
  -77.2251  -76.1506   51.0513
    0.6479   -0.3276   -0.6877
    0.5499   -0.4236    0.7199
   -0.5271   -0.8445   -0.0943
...    42 G-C ...
  -78.6671  -79.1616   51.0518
    0.8933   -0.4279   -0.1377
    0.0535   -0.2031    0.9777
   -0.4463   -0.8807   -0.1585
...    43 A-T ...
  -80.0930  -81.9395   50.4816
    0.7596   -0.4582    0.4617
   -0.4799    0.0843    0.8732
   -0.4390   -0.8849   -0.1559
...    44 C-G ...
  -81.0741  -84.9201   49.4423
    0.4125   -0.3004    0.8600
   -0.8223    0.2835    0.4934
   -0.3920   -0.9107   -0.1301
...    45 T-A ...
  -81.7532  -88.4476   48.9393
   -0.1179   -0.0725    0.9904
   -0.9196    0.3844   -0.0813
   -0.3748   -0.9203   -0.1120
...    46 T-A ...
  -82.5696  -91.5768   48.5684
   -0.5881    0.1080    0.8015
   -0.7228    0.3743   -0.5809
   -0.3627   -0.9210   -0.1421
...    47 A-T ...
  -83.9661  -94.5499   47.7447
   -0.9248    0.2991    0.2352
   -0.1711    0.2253   -0.9592
   -0.3398   -0.9273   -0.1572
...    48 C-G ...
  -85.1667  -97.6781   47.8967
   -0.8712    0.3790   -0.3120
    0.3501    0.0341   -0.9361
   -0.3442   -0.9248   -0.1624
...    49 T-A ...
  -86.6702 -100.6939   47.6188
   -0.5199    0.4074   -0.7508
    0.7599   -0.1810   -0.6244
   -0.3903   -0.8951   -0.2155
...    50 G-C ...
  -88.0489 -103.6115   46.6306
    0.0452    0.3551   -0.9337
    0.9220   -0.3747   -0.0979
   -0.3846   -0.8565   -0.3443
...    51 T-A ...
  -89.7441 -106.0480   45.4124
    0.5125    0.1929   -0.8367
    0.7845   -0.5014    0.3650
   -0.3491   -0.8434   -0.4083
...    52 A-T ...
  -90.9716 -108.4134   43.3431
    0.8974    0.0984   -0.4302
    0.4048   -0.5717    0.7137
   -0.1757   -0.8145   -0.5529
...    53 G-C ...
  -91.7217 -110.8288   41.3248
    0.9951   -0.0892    0.0437
   -0.0872   -0.5742    0.8141
   -0.0476   -0.8138   -0.5791
...    54 G-C ...
  -91.4012 -113.2759   38.6568
    0.7927   -0.3031    0.5290
   -0.6068   -0.4764    0.6363
    0.0591   -0.8254   -0.5615
...    55 T-A ...
  -90.6486 -115.7952   36.7212
    0.3701   -0.4884    0.7902
   -0.9238   -0.2833    0.2575
    0.0981   -0.8253   -0.5561
...    56 A-T ...
  -89.7469 -118.5755   34.9775
   -0.2335   -0.5298    0.8153
   -0.9626    0.0077   -0.2707
    0.1372   -0.8481   -0.5118
...    57 T-A ...
  -88.5797 -121.3556   33.6054
   -0.6896   -0.4795    0.5427
   -0.7061    0.2786   -0.6511
    0.1610   -0.8322   -0.5307
...    58 C-G ...
  -87.9543 -124.2950   32.0774
   -0.9753   -0.2205    0.0151
   -0.1330    0.5307   -0.8370
    0.1766   -0.8183   -0.5469
...    59 T-A ...
  -87.5653 -127.2289   30.4853
   -0.9031    0.1250   -0.4109
    0.4046    0.5687   -0.7161
    0.1442   -0.8130   -0.5642
...    60 C-G ...
  -87.0382 -129.9923   28.6254
   -0.4982    0.4548   -0.7383
    0.8530    0.4099   -0.3231
    0.1557   -0.7907   -0.5921
...    61 G-C ...
  -86.0650 -132.3070   26.5094
   -0.0370    0.7316   -0.6807
    0.9848    0.1423    0.0994
    0.1696   -0.6667   -0.7258
...    62 A-T ...
  -85.3039 -134.6228   24.3745
    0.4918    0.7539   -0.4356
    0.8302   -0.2553    0.4955
    0.2624   -0.6054   -0.7515
...    63 G-C ...
  -84.5086 -136.2487   21.6002
    0.8129    0.5805   -0.0474
    0.4729   -0.6103    0.6355
    0.3400   -0.5390   -0.7707
...    64 C-G ...
  -83.3764 -137.5327   18.6888
    0.9113    0.1782    0.3713
   -0.0512   -0.8455    0.5315
    0.4086   -0.5034   -0.7614
...    65 T-A ...
  -81.9106 -138.8359   16.0376
    0.7226   -0.2421    0.6475
   -0.4872   -0.8429    0.2285
    0.4904   -0.4805   -0.7270
...    66 C-G ...
  -80.1855 -140.7158   14.0577
    0.3010   -0.6594    0.6889
   -0.7533   -0.6074   -0.2522
    0.5848   -0.4430   -0.6796
...    67 G-C ...
  -78.9156 -142.8906   11.6588
   -0.1969   -0.8709    0.4503
   -0.7470   -0.1642   -0.6442
    0.6350   -0.4632   -0.6182
...    68 G-C ...
  -76.6140 -144.5397    9.8183
   -0.5945   -0.8032    0.0377
   -0.5075    0.3384   -0.7924
    0.6238   -0.4902   -0.6088
...    69 G-C ...
  -74.5259 -146.3735    7.9630
   -0.8173   -0.4513   -0.3584
   -0.0839    0.7085   -0.7007
    0.5701   -0.5426   -0.6169
...    70 A-T ...
  -72.5648 -148.3972    6.1287
   -0.6916    0.0594   -0.7198
    0.4171    0.8465   -0.3309
    0.5897   -0.5290   -0.6102
...    71 T-A ...
  -71.0048 -150.6007    4.2174
   -0.3840    0.4976   -0.7777
    0.7084    0.6990    0.0974
    0.5921   -0.5136   -0.6210
...    72 C-G ...
  -69.2244 -152.3697    2.0660
    0.0838    0.8300   -0.5514
    0.7873    0.2841    0.5472
    0.6109   -0.4800   -0.6297
...    73 C-G ...
  -67.3544 -154.2409    0.0875
    0.3588    0.9292   -0.0886
    0.6204   -0.1664    0.7665
    0.6974   -0.3300   -0.6362
...    74 G-C ...
  -64.7070 -155.1980   -1.6652
    0.4770    0.7614    0.4390
    0.3827   -0.6296    0.6762
    0.7912   -0.1546   -0.5917
...    75 C-G ...
  -62.0713 -155.1578   -3.8937
    0.5798    0.2795    0.7653
    0.0679   -0.9526    0.2965
    0.8119   -0.1199   -0.5714
...    76 T-A ...
  -58.9890 -154.9854   -5.4979
    0.4977   -0.2958    0.8154
   -0.2001   -0.9539   -0.2239
    0.8440   -0.0518   -0.5339
...    77 T-A ...
  -56.1088 -154.8157   -7.0193
    0.3186   -0.7935    0.5185
   -0.4336   -0.6084   -0.6647
    0.8429   -0.0131   -0.5379
...    78 T-A ...
  -53.2063 -154.6568   -8.4922
    0.0548   -0.9982    0.0248
   -0.5380   -0.0505   -0.8415
    0.8412    0.0328   -0.5398
...    79 A-T ...
  -50.9199 -154.1445  -10.8360
   -0.1554   -0.8118   -0.5628
   -0.4949    0.5571   -0.6669
    0.8549    0.1749   -0.4884
...    80 A-T ...
  -48.0784 -153.6516  -12.2612
   -0.3709   -0.3491   -0.8606
   -0.3552    0.9095   -0.2158
    0.8581    0.2256   -0.4613
...    81 C-G ...
  -45.0916 -153.4879  -13.8062
   -0.5018    0.1872   -0.8445
   -0.1203    0.9517    0.2825
    0.8566    0.2434   -0.4551
...    82 A-T ...
  -42.2788 -152.7309  -15.3473
   -0.5564    0.6619   -0.5024
    0.1627    0.6797    0.7153
    0.8149    0.3162   -0.4858
...    83 C-G ...
  -39.8923 -151.8959  -17.5302
   -0.4366    0.8980   -0.0547
    0.4112    0.2533    0.8757
    0.8002    0.3598   -0.4798
...    84 T-A ...
  -37.4933 -150.3757  -19.6784
   -0.2257    0.8471    0.4811
    0.5819   -0.2788    0.7640
    0.7813    0.4524   -0.4300
...    85 T-A ...
  -35.2522 -148.6282  -21.2227
    0.0994    0.5338    0.8398
    0.6141   -0.6969    0.3703
    0.7829    0.4789   -0.3971
...    86 T-A ...
  -32.8250 -146.9069  -22.4162
    0.3605    0.0383    0.9320
    0.4838   -0.8620   -0.1517
    0.7975    0.5055   -0.3293
...    87 A-T ...
  -30.0802 -145.3045  -23.2912
    0.4808   -0.4797    0.7340
    0.2591   -0.7219   -0.6416
    0.8377    0.4987   -0.2228
...    88 T-A ...
  -27.5914 -143.2039  -23.4022
    0.5200   -0.7748    0.3596
    0.0410   -0.3978   -0.9165
    0.8532    0.4913   -0.1751
...    89 G-C ...
  -24.6468 -141.7048  -23.6925
    0.3635   -0.8967   -0.2526
   -0.2433    0.1704   -0.9549
    0.8993    0.4086   -0.1563
...    90 C-G ...
  -21.5005 -140.6465  -23.9774
    0.1614   -0.6526   -0.7403
   -0.4040    0.6407   -0.6529
    0.9004    0.4044   -0.1603
...    91 T-A ...
  -18.2140 -139.7349  -24.4833
   -0.0926   -0.1733   -0.9805
   -0.3985    0.9089   -0.1230
    0.9125    0.3794   -0.1532
...    92 T-A ...
  -15.2062 -138.7165  -24.9670
   -0.3098    0.3589   -0.8805
   -0.2992    0.8422    0.4486
    0.9025    0.4024   -0.1535
...    93 C-G ...
  -12.1852 -137.5211  -25.6649
   -0.4719    0.7547   -0.4557
   -0.0813    0.4774    0.8749
    0.8779    0.4499   -0.1639
...    94 C-G ...
   -9.1578 -136.3256  -26.1966
   -0.5828    0.8094    0.0717
    0.1460    0.0176    0.9891
    0.7994    0.5870   -0.1284
...    95 G-C ...
   -6.7409 -134.4658  -26.3398
   -0.5614    0.6117    0.5574
    0.4230   -0.3668    0.8286
    0.7113    0.7009   -0.0528
...    96 G-C ...
   -4.8230 -131.7551  -26.3785
   -0.3261    0.2428    0.9136
    0.6892   -0.6005    0.4055
    0.6471    0.7619    0.0285
...    97 C-G ...
   -3.2701 -128.7983  -26.0194
    0.0601   -0.1586    0.9855
    0.7786   -0.6103   -0.1457
    0.6246    0.7761    0.0868
...    98 T-A ...
   -1.5246 -126.0470  -25.5596
    0.4130   -0.4920    0.7664
    0.6723   -0.4030   -0.6210
    0.6144    0.7717    0.1644
...    99 C-G ...
    0.6060 -123.7453  -24.6080
    0.6957   -0.6534    0.2986
    0.3784   -0.0199   -0.9254
    0.6106    0.7568    0.2334
...   100 A-T ...
    2.4740 -121.2000  -23.3525
    0.7364   -0.6300   -0.2466
    0.0262    0.3908   -0.9201
    0.6760    0.6712    0.3043
...   101 T-A ...
    4.7396 -119.3225  -21.9378
    0.6472   -0.3545   -0.6748
   -0.3410    0.6571   -0.6723
    0.6817    0.6653    0.3044
...   102 G-C ...
    7.1308 -117.2245  -20.7519
    0.3075    0.0921   -0.9471
   -0.6742    0.7234   -0.1486
    0.6715    0.6842    0.2846
...   103 T-A ...
    9.7826 -115.3897  -19.7927
   -0.0941    0.4725   -0.8763
   -0.7531    0.5419    0.3731
    0.6512    0.6950    0.3049
...   104 T-A ...
   11.9689 -113.2388  -18.9598
   -0.5082    0.6759   -0.5337
   -0.5878    0.1806    0.7886
    0.6294    0.7145    0.3055
...   105 A-T ...
   13.8545 -110.7841  -17.7994
   -0.8060    0.5902   -0.0456
   -0.2186   -0.2252    0.9495
    0.5501    0.7752    0.3106
...   106 T-A ...
   15.5557 -108.0613  -17.4800
   -0.8207    0.3886    0.4188
    0.1998   -0.4915    0.8476
    0.5353    0.7793    0.3257
...   107 A-T ...
   17.1181 -105.4615  -16.2667
   -0.6738   -0.0352    0.7381
    0.6135   -0.5833    0.5323
    0.4118    0.8115    0.4146
...   108 A-T ...
   18.1441 -102.8064  -14.9436
   -0.2845   -0.3960    0.8730
    0.8885   -0.4509    0.0850
    0.3600    0.7999    0.4802
...   109 C-G ...
   18.5643  -99.9754  -13.0880
    0.2206   -0.5986    0.7700
    0.9117   -0.1540   -0.3809
    0.3466    0.7861    0.5118
...   110 G-C ...
   20.0735  -97.7119  -11.2744
    0.6492   -0.6603    0.3776
    0.6725    0.2664   -0.6905
    0.3553    0.7022    0.6170
...   111 G-C ...
   21.4757  -95.7985   -8.9893
    0.8704   -0.4838   -0.0914
    0.2639    0.6151   -0.7430
    0.4157    0.6225    0.6631
...   112 A-T ...
   22.7811  -93.9278   -6.5378
    0.8628   -0.0026   -0.5055
   -0.3106    0.7863   -0.5341
    0.3989    0.6179    0.6776
...   113 T-A ...
   24.4006  -92.3877   -4.0915
    0.5745    0.4072   -0.7100
   -0.7154    0.6714   -0.1938
    0.3978    0.6192    0.6770
...   114 C-G ...
   25.7919  -90.3489   -1.8343
    0.0247    0.7172   -0.6964
   -0.9234    0.2833    0.2590
    0.3830    0.6367    0.6693
...   115 G-C ...
   26.5551  -88.2345    0.6085
   -0.5428    0.6965   -0.4693
   -0.7769   -0.2039    0.5957
    0.3192    0.6879    0.6518
...   116 T-A ...
   27.7288  -85.5645    2.1677
   -0.8890    0.4411   -0.1232
   -0.3748   -0.5461    0.7492
    0.2632    0.7122    0.6508
...   117 A-T ...
   28.4774  -82.6723    3.9011
   -0.9735   -0.0256    0.2273
    0.1842   -0.6770    0.7125
    0.1356    0.7355    0.6638
...   118 T-A ...
   28.5557  -79.8894    5.5422
   -0.7594   -0.3670    0.5373
    0.6391   -0.5755    0.5102
    0.1220    0.7308    0.6716
...   119 A-T ...
   28.8451  -77.5918    7.8828
   -0.3119   -0.6970    0.6457
    0.9493   -0.2560    0.1823
    0.0383    0.6698    0.7415
...   120 A-T ...
   28.6077  -75.4916   10.3311
    0.2645   -0.7540    0.6012
    0.9641    0.1924   -0.1828
    0.0222    0.6280    0.7779
...   121 T-A ...
   28.0626  -73.7294   13.1089
    0.7216   -0.5476    0.4237
    0.6923    0.5627   -0.4519
    0.0091    0.6194    0.7851
...   122 G-C ...
   28.0568  -71.8662   15.9651
    0.9879   -0.1515    0.0337
    0.1419    0.7936   -0.5917
    0.0629    0.5893    0.8055
...   123 T-A ...
   28.3564  -70.3884   18.8838
    0.9272    0.2686   -0.2611
   -0.3695    0.7701   -0.5200
    0.0614    0.5786    0.8133
...   124 G-C ...
   28.6391  -68.5045   21.6136
    0.5372    0.6412   -0.5481
   -0.8367    0.4871   -0.2503
    0.1065    0.5930    0.7981
...   125 T-A ...
   29.4524  -66.8271   24.2536
    0.0239    0.7828   -0.6218
   -0.9940    0.0848    0.0685
    0.1063    0.6164    0.7802
...   126 C-G ...
   29.8453  -64.8440   26.6974
   -0.5619    0.6871   -0.4606
   -0.8200   -0.3894    0.4194
    0.1089    0.6134    0.7822
...   127 G-C ...
   29.6771  -63.0512   29.4475
   -0.9033    0.2932   -0.3132
   -0.4273   -0.6788    0.5972
   -0.0375    0.6732    0.7385
...   128 A-T ...
   29.7051  -60.9356   31.7775
   -0.9838   -0.1632    0.0745
    0.1722   -0.7414    0.6486
   -0.0506    0.6509    0.7575
...   129 C-G ...
   29.1955  -58.3326   33.7317
   -0.7462   -0.5603    0.3596
    0.6586   -0.5421    0.5220
   -0.0975    0.6263    0.7734
...   130 C-G ...
   28.0816  -56.3001   36.2552
   -0.2956   -0.8335    0.4669
    0.9379   -0.1605    0.3074
   -0.1813    0.5288    0.8292
...   131 A-T ...
   27.8247  -54.9411   39.2954
    0.2710   -0.8670    0.4182
    0.9445    0.3233    0.0582
   -0.1856    0.3792    0.9065
...   132 A-T ...
   27.0861  -53.9241   42.3218
    0.7568   -0.5418    0.3656
    0.6258    0.7621   -0.1662
   -0.1886    0.3546    0.9158
...   133 A-T ...
   26.2560  -53.1169   45.3986
    0.9705    0.0275    0.2394
    0.0615    0.9323   -0.3565
   -0.2330    0.3607    0.9031
...   134 T-A ...
   25.6208  -52.5914   48.6401
    0.8597    0.5097    0.0340
   -0.4497    0.7866   -0.4231
   -0.2424    0.3485    0.9054
...   135 G-C ...
   25.2757  -52.5096   52.0792
    0.3204    0.9427   -0.0928
   -0.8825    0.2614   -0.3910
   -0.3443    0.2071    0.9157
...   136 T-A ...
   25.5257  -52.9787   55.8050
   -0.2439    0.9563   -0.1610
   -0.8908   -0.2866   -0.3525
   -0.3833    0.0575    0.9218
...   137 G-C ...
   24.8932  -52.7378   58.9866
   -0.7529    0.5562   -0.3519
   -0.5215   -0.8303   -0.1966
   -0.4015    0.0355    0.9152
...   138 A-T ...
   24.0142  -51.6374   61.9243
   -0.9563    0.0401   -0.2896
   -0.0524   -0.9980    0.0347
   -0.2876    0.0484    0.9565
...   139 G-C ...
   22.3466  -51.2412   64.4940
   -0.8529   -0.5118   -0.1033
    0.4974   -0.8566    0.1373
   -0.1587    0.0657    0.9851
...   140 C-G ...
   22.1502  -50.1499   67.4639
   -0.4681   -0.8748    0.1248
    0.8495   -0.4066    0.3362
   -0.2434    0.2634    0.9335
...   141 G-C ...
   21.4256  -51.8267   72.7877
    0.1303   -0.7143   -0.6876
    0.8897   -0.2218    0.3990
   -0.4375   -0.6638    0.6066
...   142 C-G ...
   20.4245  -54.3095   74.5419
    0.5846   -0.7390   -0.3348
    0.7594    0.3532    0.5465
   -0.2856   -0.5737    0.7676
...   143 T-A ...
   18.4270  -55.5290   76.5299
    0.8548   -0.5005    0.1370
    0.3188    0.7148    0.6224
   -0.4095   -0.4884    0.7706
...   144 C-G ...
   16.8370  -57.7223   78.2674
    0.8529   -0.0846    0.5151
   -0.1508    0.9048    0.3983
   -0.4998   -0.4174    0.7589
...   145 A-T ...
   15.7828  -59.5616   80.7982
    0.5516    0.4995    0.6680
   -0.6739    0.7388    0.0039
   -0.4916   -0.4523    0.7441
...   146 C-G ...
   15.7313  -61.4941   83.9317
    0.0344    0.7399    0.6718
   -0.8637    0.3602   -0.3526
   -0.5029   -0.5681    0.6514
...   147 A-T ...
   14.7383  -63.4280   86.8193
   -0.5924    0.6746    0.4405
   -0.6886   -0.1401   -0.7114
   -0.4182   -0.7248    0.5475
