  147 base-pairs
...     1 T-A ...
    0.0000    0.0000    0.0000
    1.0000    0.0000    0.0000
    0.0000    1.0000    0.0000
    0.0000    0.0000    1.0000
...     2 G-C ...
   -0.5555   -1.1003    3.3981
    0.7749    0.6051    0.1828
   -0.5991    0.7953   -0.0929
   -0.2016   -0.0375    0.9787
...     3 T-A ...
   -0.6619   -3.0237    6.5348
    0.3046    0.9250    0.2271
   -0.8994    0.3578   -0.2510
   -0.3134   -0.1278    0.9410
...     4 G-C ...
   -1.1607   -3.8418    9.6940
   -0.3351    0.9421    0.0133
   -0.8752   -0.3061   -0.3746
   -0.3489   -0.1372    0.9271
...     5 A-T ...
   -1.3881   -3.6770   12.8999
   -0.7835    0.6162   -0.0801
   -0.5677   -0.7622   -0.3109
   -0.2527   -0.1981    0.9470
...     6 G-C ...
   -2.6236   -3.5448   15.7072
   -0.9923    0.0611   -0.1075
   -0.0294   -0.9610   -0.2748
   -0.1201   -0.2695    0.9555
...     7 C-G ...
   -2.3138   -3.7570   18.8866
   -0.8620   -0.4995   -0.0864
    0.5008   -0.8655    0.0073
   -0.0785   -0.0370    0.9962
...     8 G-C ...
   -3.9561   -6.8109   23.3205
   -0.2581   -0.3560   -0.8981
    0.6294   -0.7673    0.1233
   -0.7330   -0.5335    0.4221
...     9 C-G ...
   -6.1177   -8.9414   24.2385
    0.1143   -0.7320   -0.6716
    0.8123   -0.3203    0.4874
   -0.5720   -0.6013    0.5580
...    10 T-A ...
   -8.5041   -9.6771   26.0540
    0.4660   -0.8587   -0.2131
    0.6274    0.1508    0.7640
   -0.6239   -0.4897    0.6090
...    11 C-G ...
  -11.0625  -11.3174   27.2336
    0.6660   -0.6911    0.2808
    0.3382    0.6152    0.7121
   -0.6649   -0.3794    0.6435
...    12 A-T ...
  -13.0013  -13.1789   29.0658
    0.7188   -0.1490    0.6790
   -0.1787    0.9043    0.3876
   -0.6718   -0.4000    0.6235
...    13 C-G ...
  -14.1788  -15.9359   31.3399
    0.4052    0.2865    0.8682
   -0.5270    0.8492   -0.0343
   -0.7470   -0.4437    0.4951
...    14 A-T ...
  -15.9532  -18.1566   33.3080
   -0.1503    0.6873    0.7107
   -0.6106    0.5008   -0.6135
   -0.7776   -0.5261    0.3444
...    15 A-T ...
  -18.3996  -19.9370   34.4647
   -0.4548    0.8619    0.2241
   -0.4024    0.0256   -0.9151
   -0.7945   -0.5064    0.3352
...    16 T-A ...
  -20.7940  -21.5044   36.2805
   -0.6272    0.7227   -0.2903
   -0.0819   -0.4319   -0.8982
   -0.7745   -0.5396    0.3301
...    17 T-A ...
  -23.3362  -23.0487   37.6915
   -0.5787    0.3164   -0.7516
    0.3113   -0.7662   -0.5622
   -0.7538   -0.5593    0.3449
...    18 T-A ...
  -25.8877  -24.6737   38.8321
   -0.2792   -0.1380   -0.9503
    0.5738   -0.8175   -0.0499
   -0.7699   -0.5592    0.3074
...    19 A-T ...
  -28.4205  -26.6360   39.6720
    0.1560   -0.5055   -0.8486
    0.6131   -0.6240    0.4845
   -0.7744   -0.5959    0.2126
...    20 T-A ...
  -31.3394  -28.1947   39.8944
    0.4457   -0.7539   -0.4826
    0.4476   -0.2792    0.8495
   -0.7752   -0.5947    0.2131
...    21 T-A ...
  -33.9670  -30.1076   40.2814
    0.6208   -0.7798    0.0808
    0.1059    0.1855    0.9769
   -0.7768   -0.5979    0.1977
...    22 C-G ...
  -36.4662  -32.1434   40.8914
    0.5911   -0.5098    0.6250
   -0.2880    0.5904    0.7540
   -0.7534   -0.6257    0.2022
...    23 G-C ...
  -39.0335  -33.9238   42.1565
    0.4298   -0.0120    0.9029
   -0.6051    0.7384    0.2978
   -0.6702   -0.6743    0.3101
...    24 C-G ...
  -40.9442  -36.3942   43.1349
    0.0871    0.4122    0.9069
   -0.7404    0.6359   -0.2179
   -0.6665   -0.6525    0.3606
...    25 A-T ...
  -43.4964  -38.2915   44.0743
   -0.3193    0.7365    0.5963
   -0.6583    0.2802   -0.6987
   -0.6817   -0.6157    0.3953
...    26 A-T ...
  -45.6450  -40.2729   45.5765
   -0.6413    0.7610    0.0980
   -0.3598   -0.1854   -0.9144
   -0.6777   -0.6217    0.3927
...    27 A-T ...
  -47.7262  -42.1953   47.1924
   -0.7455    0.5013   -0.4393
    0.0906   -0.5767   -0.8119
   -0.6603   -0.6451    0.3845
...    28 G-C ...
  -50.1605  -43.9585   48.7312
   -0.5440    0.1577   -0.8241
    0.4596   -0.7658   -0.4499
   -0.7020   -0.6235    0.3441
...    29 G-C ...
  -52.8711  -45.7913   49.8415
   -0.1302   -0.2367   -0.9628
    0.6777   -0.7300    0.0878
   -0.7237   -0.6411    0.2555
...    30 C-G ...
  -55.5466  -47.5987   50.4122
    0.3064   -0.5475   -0.7787
    0.6284   -0.4981    0.5975
   -0.7150   -0.6725    0.1914
...    31 C-G ...
  -58.1413  -49.6693   50.8476
    0.6614   -0.6660   -0.3451
    0.3463   -0.1369    0.9281
   -0.6653   -0.7333    0.1401
...    32 G-C ...
  -59.9523  -52.0635   51.4582
    0.8192   -0.5538    0.1491
   -0.0610    0.1744    0.9828
   -0.5703   -0.8142    0.1091
...    33 G-C ...
  -61.3552  -55.1057   51.7150
    0.6881   -0.3169    0.6528
   -0.5263    0.4014    0.7496
   -0.4996   -0.8593    0.1094
...    34 C-G ...
  -62.5795  -58.1266   52.0093
    0.3046   -0.0112    0.9524
   -0.8332    0.4813    0.2722
   -0.4615   -0.8765    0.1373
...    35 C-G ...
  -63.7920  -61.2011   52.8364
   -0.2017    0.2838    0.9374
   -0.8794    0.3689   -0.3009
   -0.4313   -0.8851    0.1752
...    36 C-G ...
  -65.0995  -64.1644   53.7229
   -0.6415    0.4675    0.6082
   -0.6387    0.1137   -0.7610
   -0.4249   -0.8767    0.2256
...    37 G-C ...
  -66.8433  -67.1515   53.4928
   -0.8655    0.4973    0.0605
   -0.1595   -0.1591   -0.9743
   -0.4749   -0.8529    0.2171
...    38 A-T ...
  -68.1967  -69.9049   54.2244
   -0.7939    0.3173   -0.5187
    0.3885   -0.3915   -0.8341
   -0.4677   -0.8638    0.1875
...    39 C-G ...
  -70.1109  -72.3722   54.9948
   -0.4579    0.1145   -0.8816
    0.7414   -0.4981   -0.4498
   -0.4906   -0.8596    0.1432
...    40 A-T ...
  -71.8751  -75.1719   55.3790
    0.0858   -0.0918   -0.9921
    0.8673   -0.4833    0.1198
   -0.4904   -0.8707    0.0382
...    41 C-G ...
  -73.7784  -77.8058   55.0398
    0.5449   -0.2558   -0.7985
    0.7022   -0.3813    0.6013
   -0.4583   -0.8884   -0.0282
...    42 G-C ...
  -74.9280  -80.9307   55.2154
    0.8912   -0.3301   -0.3112
    0.2525   -0.2088    0.9448
   -0.3769   -0.9205   -0.1028
...    43 A-T ...
  -76.1547  -83.8234   54.8302
    0.8775   -0.3773    0.2961
   -0.3113    0.0217    0.9501
   -0.3649   -0.9258   -0.0984
...    44 C-G ...
  -76.9931  -86.8702   53.8808
    0.6047   -0.2568    0.7539
   -0.7360    0.1818    0.6522
   -0.3045   -0.9492   -0.0791
...    45 T-A ...
  -77.3409  -90.4481   53.4312
    0.0953   -0.0900    0.9914
   -0.9561    0.2688    0.1164
   -0.2770   -0.9590   -0.0605
...    46 T-A ...
  -77.8064  -93.6592   53.1417
   -0.4087    0.0317    0.9121
   -0.8733    0.2768   -0.4009
   -0.2652   -0.9604   -0.0854
...    47 A-T ...
  -78.9475  -96.7886   52.5942
   -0.8777    0.1754    0.4459
   -0.4125    0.1970   -0.8894
   -0.2439   -0.9646   -0.1006
...    48 C-G ...
  -79.6859 -100.0505   52.9410
   -0.9631    0.2517   -0.0954
    0.1179    0.0759   -0.9901
   -0.2420   -0.9648   -0.1028
...    49 T-A ...
  -80.7838 -103.2461   52.9561
   -0.7330    0.3216   -0.5993
    0.6109   -0.0762   -0.7880
   -0.2991   -0.9438   -0.1406
...    50 G-C ...
  -81.8995 -106.3386   52.2539
   -0.2312    0.3408   -0.9112
    0.9195   -0.2295   -0.3191
   -0.3179   -0.9117   -0.2603
...    51 T-A ...
  -83.4393 -109.0307   51.4346
    0.2581    0.2575   -0.9312
    0.9195   -0.3612    0.1551
   -0.2964   -0.8963   -0.3300
...    52 A-T ...
  -84.8347 -111.5264   49.6062
    0.7268    0.2624   -0.6348
    0.6694   -0.4779    0.5688
   -0.1541   -0.8383   -0.5230
...    53 G-C ...
  -85.6373 -114.0444   47.7457
    0.9698    0.1155   -0.2146
    0.2418   -0.5673    0.7872
   -0.0308   -0.8153   -0.5782
...    54 G-C ...
  -85.5498 -116.3967   44.9677
    0.9503   -0.1122    0.2903
   -0.2997   -0.5810    0.7567
    0.0838   -0.8061   -0.5858
...    55 T-A ...
  -84.8000 -118.7284   42.8270
    0.6678   -0.3662    0.6480
   -0.7328   -0.4762    0.4861
    0.1305   -0.7995   -0.5863
...    56 A-T ...
  -83.7031 -121.2713   40.8354
    0.1332   -0.5249    0.8406
   -0.9713   -0.2378    0.0054
    0.1971   -0.8172   -0.5416
...    57 T-A ...
  -82.2994 -123.7574   39.1580
   -0.3688   -0.5965    0.7129
   -0.9048    0.0545   -0.4224
    0.2131   -0.8008   -0.5598
...    58 C-G ...
  -81.3877 -126.5499   37.5100
   -0.8401   -0.4548    0.2956
   -0.4947    0.4192   -0.7613
    0.2223   -0.7858   -0.5772
...    59 T-A ...
  -80.6979 -129.3950   35.8778
   -0.9815   -0.1414   -0.1290
    0.0197    0.5958   -0.8029
    0.1904   -0.7906   -0.5820
...    60 C-G ...
  -80.0177 -132.0443   33.9347
   -0.7905    0.2465   -0.5607
    0.5819    0.5880   -0.5619
    0.1912   -0.7704   -0.6082
...    61 G-C ...
  -79.0729 -134.1897   31.6729
   -0.4308    0.6208   -0.6550
    0.8903    0.4113   -0.1957
    0.1479   -0.6674   -0.7299
...    62 A-T ...
  -78.2592 -136.4296   29.5015
    0.1067    0.8102   -0.5763
    0.9706    0.0409    0.2373
    0.2158   -0.5847   -0.7820
...    63 G-C ...
  -77.8172 -138.0413   26.6509
    0.5508    0.7790   -0.2996
    0.7908   -0.3723    0.4858
    0.2669   -0.5045   -0.8211
...    64 C-G ...
  -77.1974 -139.2745   23.5800
    0.8718    0.4827    0.0838
    0.3633   -0.7518    0.5503
    0.3286   -0.4493   -0.8307
...    65 T-A ...
  -75.8096 -140.2239   20.5675
    0.9133    0.0106    0.4071
   -0.1505   -0.9201    0.3615
    0.3785   -0.3915   -0.8388
...    66 T-A ...
  -74.4047 -141.2303   17.8811
    0.6583   -0.4677    0.5899
   -0.6015   -0.7979    0.0387
    0.4526   -0.3803   -0.8065
...    67 C-G ...
  -72.9069 -142.8676   15.5002
    0.1923   -0.8316    0.5210
   -0.8365   -0.4165   -0.3561
    0.5131   -0.3673   -0.7757
...    68 A-T ...
  -70.7921 -143.9181   13.0787
   -0.3103   -0.8950    0.3206
   -0.7632    0.0334   -0.6453
    0.5668   -0.4449   -0.6934
...    69 T-A ...
  -68.6268 -145.5027   11.2213
   -0.6485   -0.7600   -0.0433
   -0.5055    0.4724   -0.7221
    0.5692   -0.4463   -0.6905
...    70 G-C ...
  -66.5699 -147.1302    9.0776
   -0.8264   -0.3326   -0.4545
   -0.0454    0.8437   -0.5348
    0.5613   -0.4213   -0.7123
...    71 T-A ...
  -64.7506 -149.0601    7.0147
   -0.7182    0.1621   -0.6767
    0.3800    0.9060   -0.1863
    0.5829   -0.3909   -0.7123
...    72 T-A ...
  -63.0427 -150.4331    4.7246
   -0.4175    0.6414   -0.6437
    0.6960    0.6811    0.2273
    0.5842   -0.3531   -0.7308
...    73 A-T ...
  -61.0866 -151.3879    2.2796
   -0.0771    0.9400   -0.3322
    0.8064    0.2547    0.5336
    0.5863   -0.2268   -0.7777
...    74 T-A ...
  -59.8237 -152.0687   -0.5952
    0.3032    0.9529   -0.0094
    0.7388   -0.2288    0.6338
    0.6018   -0.1991   -0.7734
...    75 A-T ...
  -57.8045 -152.4068   -3.0860
    0.4878    0.7551    0.4381
    0.5472   -0.6555    0.5205
    0.6802   -0.0141   -0.7329
...    76 A-T ...
  -55.7202 -152.1455   -5.3895
    0.6267    0.3167    0.7120
    0.2598   -0.9463    0.1922
    0.7346    0.0646   -0.6754
...    77 C-G ...
  -53.2325 -151.0816   -7.4522
    0.6428   -0.2309    0.7303
   -0.0845   -0.9690   -0.2320
    0.7613    0.0874   -0.6425
...    78 G-C ...
  -50.5243 -151.2131   -9.2858
    0.4194   -0.7323    0.5365
   -0.3326   -0.6739   -0.6598
    0.8447    0.0983   -0.5261
...    79 G-C ...
  -47.5120 -151.2392  -10.6206
    0.1190   -0.9807    0.1551
   -0.4361   -0.1920   -0.8792
    0.8920    0.0369   -0.4505
...    80 A-T ...
  -44.5137 -151.2711  -11.8752
   -0.1757   -0.9093   -0.3773
   -0.4080    0.4160   -0.8127
    0.8959    0.0111   -0.4441
...    81 C-G ...
  -41.3740 -151.7622  -12.8931
   -0.3583   -0.5664   -0.7421
   -0.2415    0.8241   -0.5124
    0.9019   -0.0044   -0.4320
...    82 G-C ...
  -38.5237 -151.5269  -14.4520
   -0.4817    0.0319   -0.8758
   -0.0078    0.9991    0.0407
    0.8763    0.0264   -0.4810
...    83 G-C ...
  -35.5075 -151.4834  -15.8593
   -0.4757    0.5686   -0.6711
    0.1931    0.8119    0.5509
    0.8581    0.1325   -0.4960
...    84 G-C ...
  -32.7040 -151.2205  -17.6737
   -0.4128    0.8848   -0.2161
    0.4118    0.3930    0.8222
    0.8124    0.2504   -0.5266
...    85 A-T ...
  -30.1671 -150.3730  -19.5694
   -0.1688    0.9289    0.3295
    0.5770   -0.1779    0.7971
    0.7991    0.3247   -0.5060
...    86 T-A ...
  -27.9933 -148.9734  -21.5923
    0.0985    0.6928    0.7144
    0.5957   -0.6161    0.5154
    0.7971    0.3748   -0.4734
...    87 C-G ...
  -25.4842 -147.4448  -23.0445
    0.3646    0.1936    0.9108
    0.4665   -0.8845    0.0012
    0.8059    0.4244   -0.4128
...    88 C-G ...
  -22.8565 -145.7980  -24.1218
    0.4597   -0.3314    0.8239
    0.2571   -0.8384   -0.4806
    0.8501    0.4327   -0.3002
...    89 G-C ...
  -19.9006 -144.7764  -25.1608
    0.4304   -0.7794    0.4552
    0.0310   -0.4913   -0.8704
    0.9021    0.3888   -0.1873
...    90 C-G ...
  -16.6673 -143.5037  -25.2155
    0.3708   -0.9196   -0.1300
   -0.1915    0.0612   -0.9796
    0.9088    0.3881   -0.1534
...    91 T-A ...
  -13.2987 -142.6450  -25.3955
    0.2186   -0.7086   -0.6709
   -0.3182    0.5982   -0.7355
    0.9225    0.3742   -0.0947
...    92 T-A ...
  -10.1701 -141.6938  -25.4268
    0.0596   -0.1879   -0.9804
   -0.4049    0.8932   -0.1958
    0.9124    0.4086   -0.0229
...    93 T-A ...
   -7.0554 -140.6576  -25.3799
   -0.1460    0.3827   -0.9123
   -0.3938    0.8235    0.4085
    0.9075    0.4188    0.0305
...    94 A-T ...
   -4.2060 -139.0039  -24.8152
   -0.3812    0.7821   -0.4930
   -0.2543    0.4240    0.8692
    0.8888    0.4568    0.0373
...    95 A-T ...
   -1.4141 -137.5251  -24.8624
   -0.5142    0.8563    0.0484
   -0.0216   -0.0693    0.9974
    0.8574    0.5118    0.0542
...    96 C-G ...
    1.2735 -135.6076  -25.2945
   -0.5021    0.6685    0.5487
    0.2414   -0.5009    0.8312
    0.8305    0.5497    0.0901
...    97 A-T ...
    3.8678 -133.5217  -24.8994
   -0.4020    0.2010    0.8933
    0.5155   -0.7566    0.4022
    0.7567    0.6222    0.2006
...    98 C-G ...
    5.8564 -130.9792  -24.0453
   -0.1134   -0.2500    0.9616
    0.6781   -0.7268   -0.1090
    0.7262    0.6397    0.2519
...    99 T-A ...
    7.9341 -128.3595  -22.7032
    0.2551   -0.6535    0.7127
    0.6554   -0.4251   -0.6243
    0.7109    0.6263    0.3199
...   100 T-A ...
   10.0102 -126.2267  -21.3406
    0.6300   -0.7434    0.2246
    0.3903    0.0530   -0.9192
    0.6714    0.6667    0.3235
...   101 T-A ...
   12.0311 -124.0725  -19.9152
    0.7820   -0.5297   -0.3285
   -0.0545    0.4668   -0.8827
    0.6209    0.7081    0.3362
...   102 A-T ...
   13.9290 -121.3351  -18.9564
    0.5922   -0.0252   -0.8054
   -0.5853    0.6735   -0.4514
    0.5538    0.7388    0.3841
...   103 T-A ...
   16.2194 -119.4260  -17.5855
    0.2337    0.2912   -0.9277
   -0.8048    0.5933   -0.0165
    0.5455    0.7505    0.3730
...   104 G-C ...
   18.2144 -116.9799  -16.5555
   -0.3547    0.5190   -0.7777
   -0.7661    0.3156    0.5599
    0.5361    0.7944    0.2856
...   105 C-G ...
   19.9817 -114.3001  -16.1108
   -0.7467    0.5478   -0.3771
   -0.4720   -0.0370    0.8808
    0.4686    0.8358    0.2862
...   106 T-A ...
   21.6253 -111.3350  -15.5665
   -0.9111    0.3799    0.1601
    0.0301   -0.3260    0.9449
    0.4112    0.8657    0.2856
...   107 T-A ...
   22.7796 -108.4588  -14.8137
   -0.7808    0.0663    0.6213
    0.5306   -0.4549    0.7152
    0.3300    0.8881    0.3200
...   108 C-G ...
   23.5146 -105.4622  -13.7041
   -0.3859   -0.2802    0.8790
    0.8842   -0.3843    0.2656
    0.2634    0.8797    0.3960
...   109 C-G ...
   24.1097 -102.5579  -12.2878
    0.0933   -0.5399    0.8365
    0.9657   -0.1554   -0.2080
    0.2423    0.8273    0.5069
...   110 G-C ...
   25.1364 -100.2578  -10.5313
    0.5427   -0.6265    0.5594
    0.8042    0.1956   -0.5612
    0.2422    0.7545    0.6100
...   111 G-C ...
   26.1129  -98.1793   -8.0403
    0.8843   -0.4477    0.1324
    0.3900    0.5524   -0.7367
    0.2567    0.7032    0.6631
...   112 C-G ...
   27.0873  -96.3127   -5.4171
    0.9465   -0.0831   -0.3119
   -0.1583    0.7228   -0.6727
    0.2814    0.6860    0.6710
...   113 T-A ...
   28.0557  -94.1791   -3.0912
    0.7153    0.3212   -0.6207
   -0.6377    0.6634   -0.3916
    0.2860    0.6759    0.6793
...   114 C-G ...
   28.8954  -91.8589   -0.8444
    0.1881    0.6512   -0.7352
   -0.9411    0.3336    0.0548
    0.2809    0.6816    0.6756
...   115 G-C ...
   29.2867  -89.5708    1.5330
   -0.4193    0.6754   -0.6066
   -0.8784   -0.1331    0.4590
    0.2293    0.7253    0.6491
...   116 T-A ...
   30.2992  -86.8137    3.0999
   -0.8360    0.4583   -0.3018
   -0.5190   -0.4817    0.7062
    0.1782    0.7470    0.6405
...   117 A-T ...
   30.8748  -83.8806    4.8141
   -0.9968    0.0200    0.0770
    0.0464   -0.6395    0.7674
    0.0646    0.7685    0.6365
...   118 T-A ...
   30.8213  -81.0072    6.3132
   -0.8423   -0.3125    0.4392
    0.5364   -0.5661    0.6259
    0.0531    0.7628    0.6445
...   119 A-T ...
   30.9022  -78.5875    8.5697
   -0.4112   -0.6497    0.6394
    0.9110   -0.2698    0.3118
   -0.0301    0.7107    0.7029
...   120 A-T ...
   30.4573  -76.3408   10.8579
    0.1686   -0.7292    0.6632
    0.9845    0.1581   -0.0765
   -0.0491    0.6658    0.7445
...   121 T-A ...
   29.6670  -74.4268   13.4678
    0.6524   -0.5453    0.5264
    0.7555    0.5231   -0.3944
   -0.0603    0.6550    0.7532
...   122 G-C ...
   29.4247  -72.4174   16.2283
    0.9743   -0.1755    0.1412
    0.2252    0.7656   -0.6026
   -0.0023    0.6189    0.7855
...   123 T-A ...
   29.4893  -70.8387   19.1115
    0.9548    0.2377   -0.1786
   -0.2973    0.7590   -0.5793
   -0.0022    0.6062    0.7953
...   124 G-C ...
   29.5533  -68.8522   21.7940
    0.5964    0.6154   -0.5154
   -0.8014    0.4931   -0.3385
    0.0458    0.6149    0.7873
...   125 T-A ...
   30.1588  -67.1083   24.4502
    0.0893    0.7656   -0.6371
   -0.9947    0.1009   -0.0182
    0.0504    0.6354    0.7706
...   126 C-G ...
   30.3757  -65.0594   26.8676
   -0.5137    0.6831   -0.5192
   -0.8562   -0.3688    0.3618
    0.0557    0.6304    0.7743
...   127 G-C ...
   30.0039  -63.2469   29.6049
   -0.8827    0.2996   -0.3620
   -0.4650   -0.6686    0.5803
   -0.0682    0.6806    0.7295
...   128 A-T ...
   29.9399  -61.1084   31.9224
   -0.9875   -0.1542    0.0318
    0.1364   -0.7372    0.6618
   -0.0786    0.6579    0.7490
...   129 C-G ...
   29.3665  -58.4897   33.8448
   -0.7634   -0.5522    0.3350
    0.6343   -0.5431    0.5502
   -0.1219    0.6325    0.7649
...   130 C-G ...
   28.2137  -56.4227   36.3188
   -0.3129   -0.8285    0.4644
    0.9280   -0.1626    0.3351
   -0.2021    0.5358    0.8198
...   131 A-T ...
   27.9093  -55.0150   39.3414
    0.2609   -0.8641    0.4304
    0.9438    0.3219    0.0742
   -0.2027    0.3868    0.8996
...   132 A-T ...
   27.1300  -53.9561   42.3414
    0.7518   -0.5408    0.3771
    0.6283    0.7612   -0.1610
   -0.2000    0.3580    0.9121
...   133 A-T ...
   26.2710  -53.1337   45.4088
    0.9688    0.0272    0.2463
    0.0646    0.9318   -0.3571
   -0.2392    0.3619    0.9010
...   134 T-A ...
   25.6208  -52.5913   48.6400
    0.8597    0.5097    0.0340
   -0.4497    0.7866   -0.4231
   -0.2424    0.3485    0.9054
...   135 G-C ...
   25.2757  -52.5096   52.0792
    0.3204    0.9427   -0.0928
   -0.8825    0.2614   -0.3910
   -0.3443    0.2071    0.9157
...   136 T-A ...
   25.5257  -52.9787   55.8050
   -0.2439    0.9563   -0.1610
   -0.8908   -0.2866   -0.3525
   -0.3833    0.0575    0.9218
...   137 G-C ...
   24.8933  -52.7377   58.9865
   -0.7529    0.5562   -0.3519
   -0.5215   -0.8303   -0.1966
   -0.4015    0.0355    0.9152
...   138 A-T ...
   24.0143  -51.6374   61.9243
   -0.9563    0.0401   -0.2896
   -0.0524   -0.9980    0.0347
   -0.2876    0.0484    0.9565
...   139 G-C ...
   22.3467  -51.2411   64.4940
   -0.8529   -0.5118   -0.1033
    0.4974   -0.8566    0.1373
   -0.1587    0.0657    0.9851
...   140 C-G ...
   22.1503  -50.1498   67.4639
   -0.4681   -0.8748    0.1248
    0.8495   -0.4066    0.3362
   -0.2434    0.2634    0.9335
...   141 G-C ...
   21.4256  -51.8266   72.7877
    0.1303   -0.7143   -0.6876
    0.8897   -0.2218    0.3990
   -0.4375   -0.6638    0.6066
...   142 C-G ...
   20.4246  -54.3095   74.5419
    0.5846   -0.7390   -0.3348
    0.7594    0.3532    0.5465
   -0.2856   -0.5738    0.7676
...   143 T-A ...
   18.4271  -55.5290   76.5299
    0.8548   -0.5005    0.1370
    0.3188    0.7148    0.6224
   -0.4095   -0.4884    0.7706
...   144 C-G ...
   16.8371  -57.7222   78.2674
    0.8529   -0.0846    0.5151
   -0.1508    0.9048    0.3983
   -0.4998   -0.4174    0.7589
...   145 A-T ...
   15.7829  -59.5615   80.7982
    0.5516    0.4995    0.6680
   -0.6739    0.7388    0.0039
   -0.4916   -0.4523    0.7441
...   146 C-G ...
   15.7314  -61.4940   83.9317
    0.0344    0.7399    0.6718
   -0.8637    0.3602   -0.3526
   -0.5029   -0.5681    0.6514
...   147 A-T ...
   14.7384  -63.4279   86.8193
   -0.5924    0.6746    0.4405
   -0.6886   -0.1401   -0.7114
   -0.4182   -0.7248    0.5475
