  147 base-pairs
...     1 T-A ...
    0.0000    0.0000    0.0000
    1.0000    0.0000    0.0000
    0.0000    1.0000    0.0000
    0.0000    0.0000    1.0000
...     2 G-C ...
   -0.5555   -1.1003    3.3981
    0.7749    0.6051    0.1828
   -0.5991    0.7953   -0.0929
   -0.2016   -0.0375    0.9787
...     3 T-A ...
   -0.6619   -3.0237    6.5348
    0.3046    0.9250    0.2271
   -0.8994    0.3578   -0.2510
   -0.3134   -0.1278    0.9410
...     4 G-C ...
   -1.1607   -3.8418    9.6940
   -0.3351    0.9421    0.0133
   -0.8752   -0.3061   -0.3746
   -0.3489   -0.1372    0.9271
...     5 A-T ...
   -1.3881   -3.6770   12.8999
   -0.7835    0.6162   -0.0801
   -0.5677   -0.7622   -0.3109
   -0.2527   -0.1981    0.9470
...     6 G-C ...
   -2.6236   -3.5448   15.7072
   -0.9923    0.0611   -0.1075
   -0.0294   -0.9610   -0.2748
   -0.1201   -0.2695    0.9555
...     7 C-G ...
   -2.3138   -3.7570   18.8866
   -0.8620   -0.4995   -0.0864
    0.5008   -0.8655    0.0073
   -0.0785   -0.0370    0.9962
...     8 G-C ...
   -3.9561   -6.8109   23.3205
   -0.2581   -0.3560   -0.8981
    0.6294   -0.7673    0.1233
   -0.7330   -0.5335    0.4221
...     9 C-G ...
   -6.1177   -8.9414   24.2385
    0.1143   -0.7320   -0.6716
    0.8123   -0.3203    0.4874
   -0.5720   -0.6013    0.5580
...    10 T-A ...
   -8.5041   -9.6771   26.0540
    0.4660   -0.8587   -0.2131
    0.6274    0.1508    0.7640
   -0.6239   -0.4897    0.6090
...    11 C-G ...
  -11.0625  -11.3174   27.2336
    0.6660   -0.6911    0.2808
    0.3382    0.6152    0.7121
   -0.6649   -0.3794    0.6435
...    12 A-T ...
  -13.0013  -13.1789   29.0658
    0.7188   -0.1490    0.6790
   -0.1787    0.9043    0.3876
   -0.6718   -0.4000    0.6235
...    13 C-G ...
  -14.1788  -15.9359   31.3399
    0.4052    0.2865    0.8682
   -0.5270    0.8492   -0.0343
   -0.7470   -0.4437    0.4951
...    14 A-T ...
  -15.9532  -18.1566   33.3080
   -0.1503    0.6873    0.7107
   -0.6106    0.5008   -0.6135
   -0.7776   -0.5261    0.3444
...    15 A-T ...
  -18.4022  -19.9391   34.4537
   -0.4570    0.8615    0.2212
   -0.3978    0.0245   -0.9171
   -0.7955   -0.5072    0.3315
...    16 T-A ...
  -20.8049  -21.5103   36.2544
   -0.6260    0.7213   -0.2964
   -0.0744   -0.4336   -0.8980
   -0.7762   -0.5401    0.3251
...    17 T-A ...
  -23.3585  -23.0594   37.6414
   -0.5708    0.3143   -0.7585
    0.3181   -0.7670   -0.5572
   -0.7569   -0.5594    0.3379
...    18 T-A ...
  -25.9188  -24.6992   38.7413
   -0.2627   -0.1390   -0.9548
    0.5745   -0.8176   -0.0390
   -0.7752   -0.5588    0.2946
...    19 A-T ...
  -28.4632  -26.6740   39.5430
    0.1752   -0.5136   -0.8399
    0.6013   -0.6197    0.5044
   -0.7796   -0.5934    0.2003
...    20 T-A ...
  -31.3861  -28.2319   39.7096
    0.4577   -0.7600   -0.4615
    0.4244   -0.2693    0.8645
   -0.7813   -0.5915    0.1993
...    21 T-A ...
  -34.0201  -30.1408   40.0511
    0.6132   -0.7814    0.1159
    0.0727    0.2018    0.9767
   -0.7866   -0.5905    0.1805
...    22 C-G ...
  -36.5514  -32.1552   40.6141
    0.5605   -0.5011    0.6594
   -0.3147    0.6075    0.7293
   -0.7660   -0.6163    0.1828
...    23 G-C ...
  -39.1867  -33.8838   41.8019
    0.3869    0.0017    0.9221
   -0.6107    0.7497    0.2549
   -0.6909   -0.6618    0.2911
...    24 C-G ...
  -41.1702  -36.3190   42.7335
    0.0470    0.4297    0.9017
   -0.7220    0.6384   -0.2666
   -0.6903   -0.6386    0.3403
...    25 A-T ...
  -43.8053  -38.1789   43.5329
   -0.3476    0.7516    0.5606
   -0.6130    0.2703   -0.7424
   -0.7095   -0.6017    0.3668
...    26 A-T ...
  -46.0597  -40.1180   44.9307
   -0.6390    0.7682    0.0394
   -0.3026   -0.2040   -0.9310
   -0.7072   -0.6069    0.3628
...    27 A-T ...
  -48.2626  -41.9895   46.4434
   -0.7082    0.4976   -0.5009
    0.1387   -0.5975   -0.7898
   -0.6923   -0.6288    0.3541
...    28 G-C ...
  -50.8197  -43.6900   47.8529
   -0.4809    0.1433   -0.8650
    0.4807   -0.7820   -0.3968
   -0.7333   -0.6066    0.3072
...    29 G-C ...
  -53.6397  -45.4604   48.7918
   -0.0587   -0.2599   -0.9638
    0.6578   -0.7364    0.1585
   -0.7509   -0.6247    0.2142
...    30 C-G ...
  -56.3762  -47.2324   49.1655
    0.3599   -0.5739   -0.7356
    0.5673   -0.4913    0.6609
   -0.7407   -0.6552    0.1487
...    31 C-G ...
  -59.0151  -49.2746   49.4218
    0.6748   -0.6888   -0.2650
    0.2573   -0.1170    0.9592
   -0.6917   -0.7155    0.0982
...    32 G-C ...
  -60.9171  -51.6320   49.9432
    0.7847   -0.5690    0.2461
   -0.1539    0.2057    0.9664
   -0.6005   -0.7962    0.0739
...    33 G-C ...
  -62.4363  -54.6289   50.1537
    0.6042   -0.3161    0.7314
   -0.5898    0.4399    0.6773
   -0.5358   -0.8406    0.0793
...    34 C-G ...
  -63.8085  -57.5944   50.3963
    0.1938    0.0098    0.9810
   -0.8411    0.5164    0.1610
   -0.5050   -0.8563    0.1083
...    35 C-G ...
  -65.2397  -60.5939   51.1488
   -0.3039    0.3199    0.8974
   -0.8207    0.3906   -0.4171
   -0.4839   -0.8632    0.1439
...    36 C-G ...
  -66.7512  -63.5021   51.9287
   -0.6949    0.5113    0.5057
   -0.5276    0.1153   -0.8416
   -0.4886   -0.8517    0.1896
...    37 G-C ...
  -68.5581  -66.4441   51.5210
   -0.8415    0.5354   -0.0727
   -0.0300   -0.1807   -0.9831
   -0.5394   -0.8251    0.1681
...    38 A-T ...
  -70.1228  -69.1197   52.1189
   -0.6961    0.3367   -0.6341
    0.4837   -0.4327   -0.7608
   -0.5305   -0.8363    0.1383
...    39 C-G ...
  -72.2374  -71.4755   52.6550
   -0.3174    0.1105   -0.9418
    0.7726   -0.5458   -0.3244
   -0.5499   -0.8306    0.0879
...    40 A-T ...
  -74.1800  -74.1888   52.8150
    0.2311   -0.1254   -0.9648
    0.8104   -0.5239    0.2622
   -0.5383   -0.8425   -0.0194
...    41 C-G ...
  -76.1526  -76.7331   52.2363
    0.6484   -0.3101   -0.6953
    0.5742   -0.4006    0.7140
   -0.5000   -0.8622   -0.0817
...    42 G-C ...
  -77.4904  -79.7920   52.2753
    0.9059   -0.3965   -0.1488
    0.0749   -0.1959    0.9778
   -0.4169   -0.8969   -0.1477
...    43 A-T ...
  -78.8208  -82.6232   51.7392
    0.7824   -0.4280    0.4525
   -0.4700    0.0709    0.8798
   -0.4086   -0.9010   -0.1457
...    44 C-G ...
  -79.7064  -85.6419   50.7264
    0.4358   -0.2805    0.8552
   -0.8252    0.2549    0.5041
   -0.3594   -0.9254   -0.1204
...    45 T-A ...
  -80.2568  -89.1953   50.2486
   -0.1012   -0.0730    0.9922
   -0.9348    0.3482   -0.0697
   -0.3404   -0.9346   -0.1034
...    46 T-A ...
  -80.9508  -92.3575   49.8980
   -0.5812    0.0869    0.8091
   -0.7449    0.3436   -0.5719
   -0.3277   -0.9351   -0.1350
...    47 A-T ...
  -82.2388  -95.3848   49.0813
   -0.9349    0.2589    0.2427
   -0.1888    0.2161   -0.9579
   -0.3005   -0.9414   -0.1531
...    48 C-G ...
  -83.2964  -98.5645   49.2464
   -0.8897    0.3392   -0.3054
    0.3408    0.0486   -0.9389
   -0.3036   -0.9395   -0.1589
...    49 T-A ...
  -84.6633 -101.6457   48.9791
   -0.5432    0.3826   -0.7473
    0.7631   -0.1463   -0.6295
   -0.3502   -0.9122   -0.2125
...    50 G-C ...
  -85.9093 -104.6247   48.0012
    0.0223    0.3570   -0.9338
    0.9380   -0.3307   -0.1040
   -0.3459   -0.8736   -0.3422
...    51 T-A ...
  -87.4952 -107.1382   46.7938
    0.4970    0.2189   -0.8397
    0.8103   -0.4633    0.3589
   -0.3105   -0.8587   -0.4076
...    52 A-T ...
  -88.6314 -109.5358   44.6996
    0.8876    0.1503   -0.4353
    0.4404   -0.5532    0.7071
   -0.1345   -0.8194   -0.5573
...    53 G-C ...
  -89.2606 -111.9715   42.6663
    0.9988   -0.0329    0.0367
   -0.0490   -0.5841    0.8102
   -0.0053   -0.8110   -0.5850
...    54 G-C ...
  -88.8156 -114.3754   39.9762
    0.8124   -0.2605    0.5216
   -0.5739   -0.5155    0.6363
    0.1031   -0.8163   -0.5683
...    55 T-A ...
  -87.9262 -116.8312   38.0175
    0.4034   -0.4718    0.7840
   -0.9038   -0.3393    0.2609
    0.1429   -0.8138   -0.5632
...    56 A-T ...
  -86.8685 -119.5384   36.2473
   -0.1958   -0.5491    0.8125
   -0.9632   -0.0480   -0.2646
    0.1843   -0.8344   -0.5195
...    57 T-A ...
  -85.5430 -122.2311   34.8437
   -0.6557   -0.5246    0.5429
   -0.7259    0.2406   -0.6443
    0.2074   -0.8166   -0.5386
...    58 C-G ...
  -84.7493 -125.1132   33.2873
   -0.9599   -0.2798    0.0193
   -0.1708    0.5286   -0.8315
    0.2224   -0.8014   -0.5552
...    59 T-A ...
  -84.1882 -128.0024   31.6677
   -0.9119    0.0728   -0.4040
    0.3639    0.5985   -0.7137
    0.1898   -0.7978   -0.5722
...    60 C-G ...
  -83.5020 -130.7088   29.7788
   -0.5304    0.4294   -0.7309
    0.8239    0.4643   -0.3251
    0.1997   -0.7747   -0.6000
...    61 G-C ...
  -82.3992 -132.9374   27.6358
   -0.0870    0.7334   -0.6742
    0.9749    0.2019    0.0938
    0.2049   -0.6491   -0.7326
...    62 A-T ...
  -81.5097 -135.1812   25.4751
    0.4412    0.7861   -0.4328
    0.8482   -0.2077    0.4873
    0.2932   -0.5821   -0.7584
...    63 G-C ...
  -80.6347 -136.7280   22.6803
    0.7754    0.6296   -0.0489
    0.5145   -0.5850    0.6269
    0.3661   -0.5113   -0.7776
...    64 C-G ...
  -79.4485 -137.9178   19.7503
    0.9018    0.2307    0.3655
    0.0049   -0.8510    0.5252
    0.4322   -0.4718   -0.7685
...    65 T-A ...
  -77.9261 -139.1075   17.0773
    0.7418   -0.2020    0.6395
   -0.4329   -0.8725    0.2265
    0.5122   -0.4448   -0.7347
...    66 C-G ...
  -76.1033 -140.8548   15.0623
    0.3469   -0.6438    0.6820
   -0.7181   -0.6501   -0.2485
    0.6034   -0.4036   -0.6878
...    67 G-C ...
  -74.7225 -142.9264   12.6461
   -0.1397   -0.8824    0.4494
   -0.7432   -0.2065   -0.6365
    0.6544   -0.4228   -0.6269
...    68 G-C ...
  -72.3481 -144.4252   10.7737
   -0.5457   -0.8369    0.0430
   -0.5363    0.3093   -0.7853
    0.6439   -0.4516   -0.6176
...    69 G-C ...
  -70.1772 -146.1292    8.8896
   -0.7943   -0.4979   -0.3481
   -0.1345    0.7029   -0.6984
    0.5924   -0.5080   -0.6253
...    70 A-T ...
  -68.1294 -148.0322    7.0253
   -0.7046    0.0193   -0.7094
    0.3626    0.8690   -0.3366
    0.6100   -0.4944   -0.6193
...    71 T-A ...
  -66.4751 -150.1431    5.0894
   -0.4237    0.4742   -0.7718
    0.6688    0.7384    0.0866
    0.6109   -0.4794   -0.6300
...    72 C-G ...
  -64.6314 -151.8086    2.9082
    0.0288    0.8324   -0.5534
    0.7786    0.3285    0.5347
    0.6269   -0.4463   -0.6386
...    73 C-G ...
  -62.6912 -153.5574    0.8906
    0.3079    0.9465   -0.0970
    0.6414   -0.1312    0.7559
    0.7027   -0.2950   -0.6475
...    74 G-C ...
  -60.0296 -154.3838   -0.9030
    0.4478    0.7854    0.4275
    0.4251   -0.6076    0.6710
    0.7867   -0.1188   -0.6059
...    75 C-G ...
  -57.4415 -154.2321   -3.1826
    0.5803    0.3101    0.7531
    0.1179   -0.9469    0.2991
    0.8058   -0.0848   -0.5860
...    76 T-A ...
  -54.4110 -153.9292   -4.8584
    0.5254   -0.2680    0.8075
   -0.1619   -0.9633   -0.2143
    0.8353   -0.0181   -0.5495
...    77 T-A ...
  -51.5703 -153.6432   -6.4342
    0.3615   -0.7745    0.5191
   -0.4195   -0.6323   -0.6513
    0.8326    0.0177   -0.5535
...    78 T-A ...
  -48.7090 -153.3820   -7.9678
    0.0939   -0.9949    0.0361
   -0.5502   -0.0821   -0.8310
    0.8297    0.0582   -0.5551
...    79 A-T ...
  -46.4582 -152.8420  -10.3359
   -0.1451   -0.8290   -0.5400
   -0.5242    0.5274   -0.6687
    0.8392    0.1860   -0.5111
...    80 A-T ...
  -43.6650 -152.3154  -11.8352
   -0.3830   -0.3821   -0.8410
   -0.3817    0.8945   -0.2326
    0.8412    0.2320   -0.4884
...    81 C-G ...
  -40.7221 -152.1328  -13.4578
   -0.5258    0.1511   -0.8371
   -0.1341    0.9571    0.2570
    0.8400    0.2474   -0.4829
...    82 A-T ...
  -37.9689 -151.3572  -15.0987
   -0.5803    0.6365   -0.5081
    0.1681    0.7041    0.6900
    0.7969    0.3150   -0.5155
...    83 C-G ...
  -35.6508 -150.5493  -17.3696
   -0.4511    0.8897   -0.0709
    0.4295    0.2860    0.8566
    0.7823    0.3559   -0.5112
...    84 T-A ...
  -33.3298 -149.0700  -19.6378
   -0.2203    0.8616    0.4573
    0.6046   -0.2474    0.7572
    0.7655    0.4433   -0.4664
...    85 T-A ...
  -31.1441 -147.3656  -21.3078
    0.1222    0.5647    0.8162
    0.6284   -0.6805    0.3768
    0.7682    0.4669   -0.4380
...    86 T-A ...
  -28.7665 -145.6782  -22.6489
    0.3926    0.0747    0.9167
    0.4802   -0.8667   -0.1350
    0.7844    0.4932   -0.3762
...    87 A-T ...
  -26.0600 -144.1080  -23.6863
    0.5059   -0.4504    0.7356
    0.2356   -0.7483   -0.6202
    0.8298    0.4871   -0.2724
...    88 T-A ...
  -23.5683 -142.0308  -23.9674
    0.5290   -0.7618    0.3738
    0.0068   -0.4367   -0.8996
    0.8486    0.4784   -0.2259
...    89 G-C ...
  -20.6263 -140.5634  -24.4246
    0.3489   -0.9095   -0.2258
   -0.2760    0.1306   -0.9522
    0.8956    0.3946   -0.2055
...    90 C-G ...
  -17.4860 -139.5590  -24.8659
    0.1276   -0.6885   -0.7139
   -0.4214    0.6139   -0.6675
    0.8979    0.3860   -0.2118
...    91 T-A ...
  -14.2082 -138.7272  -25.5495
   -0.1307   -0.2193   -0.9669
   -0.3902    0.9079   -0.1532
    0.9114    0.3573   -0.2042
...    92 T-A ...
  -11.2064 -137.7863  -26.1985
   -0.3374    0.3202   -0.8852
   -0.2671    0.8692    0.4162
    0.9027    0.3769   -0.2077
...    93 C-G ...
   -8.1961 -136.6822  -27.0785
   -0.4710    0.7428   -0.4757
   -0.0365    0.5225    0.8519
    0.8814    0.4186   -0.2190
...    94 C-G ...
   -5.1825 -135.5657  -27.8036
   -0.5540    0.8309    0.0522
    0.1876    0.0636    0.9802
    0.8111    0.5528   -0.1911
...    95 G-C ...
   -2.4974 -133.7444  -28.0261
   -0.5458    0.6205    0.5631
    0.4594   -0.3404    0.8204
    0.7008    0.7065   -0.0992
...    96 T-A ...
   -0.5412 -131.2161  -28.8141
   -0.2737    0.3408    0.8994
    0.6574   -0.6163    0.4336
    0.7021    0.7099   -0.0553
...    97 C-G ...
    1.5419 -128.8304  -28.7104
    0.0612   -0.0970    0.9934
    0.7381   -0.6656   -0.1105
    0.6719    0.7400    0.0308
...    98 A-T ...
    3.1996 -125.8130  -28.2852
    0.3347   -0.5056    0.7952
    0.6970   -0.4351   -0.5700
    0.6342    0.7450    0.2067
...    99 T-A ...
    4.9553 -123.3175  -27.1811
    0.6074   -0.6826    0.4064
    0.4590   -0.1159   -0.8808
    0.6484    0.7215    0.2429
...   100 G-C ...
    7.1265 -120.9728  -26.0467
    0.7317   -0.6534   -0.1943
    0.0385    0.3242   -0.9452
    0.6806    0.6841    0.2623
...   101 T-A ...
    9.4363 -118.9783  -24.6042
    0.6492   -0.3650   -0.6673
   -0.3625    0.6229   -0.6933
    0.6687    0.6920    0.2721
...   102 T-A ...
   11.6563 -116.9029  -23.5675
    0.3554    0.0758   -0.9316
   -0.6683    0.7174   -0.1966
    0.6535    0.6925    0.3056
...   103 A-T ...
   13.5792 -114.3365  -22.4646
   -0.1258    0.5024   -0.8555
   -0.7666    0.4981    0.4052
    0.6296    0.7068    0.3225
...   104 T-A ...
   16.0673 -112.3505  -21.8469
   -0.4824    0.6896   -0.5401
   -0.6184    0.1685    0.7676
    0.6203    0.7043    0.3452
...   105 A-T ...
   17.9816 -109.9540  -20.5736
   -0.7965    0.6028   -0.0474
   -0.2368   -0.2389    0.9417
    0.5564    0.7613    0.3330
...   106 A-T ...
   19.6501 -107.4354  -19.6850
   -0.8381    0.3360    0.4297
    0.2174   -0.5168    0.8281
    0.5003    0.7874    0.3601
...   107 C-G ...
   20.8628 -104.3700  -18.9371
   -0.6232   -0.0265    0.7816
    0.6294   -0.6101    0.4812
    0.4641    0.7919    0.3970
...   108 G-C ...
   22.3475 -102.1101  -17.1255
   -0.2929   -0.4751    0.8297
    0.8876   -0.4577    0.0513
    0.3555    0.7515    0.5558
...   109 G-C ...
   23.1928  -99.9967  -14.7432
    0.1611   -0.7275    0.6670
    0.9418   -0.0887   -0.3243
    0.2951    0.6804    0.6708
...   110 A-T ...
   24.1032  -98.0284  -12.3221
    0.6715   -0.6526    0.3512
    0.6910    0.3801   -0.6149
    0.2678    0.6555    0.7061
...   111 G-C ...
   24.9063  -96.0440   -9.7928
    0.9270   -0.3735   -0.0351
    0.2467    0.6773   -0.6931
    0.2827    0.6338    0.7200
...   112 C-G ...
   25.9394  -94.2445   -7.0597
    0.8914    0.0813   -0.4459
   -0.3373    0.7761   -0.5328
    0.3027    0.6253    0.7193
...   113 T-A ...
   27.0311  -92.3361   -4.5994
    0.5780    0.4745   -0.6639
   -0.7541    0.6214   -0.2125
    0.3117    0.6235    0.7170
...   114 C-G ...
   27.9975  -90.2082   -2.2271
    0.0198    0.7378   -0.6747
   -0.9513    0.2217    0.2145
    0.3078    0.6375    0.7063
...   115 G-C ...
   28.5040  -88.1083    0.2923
   -0.5551    0.6788   -0.4808
   -0.7938   -0.2595    0.5500
    0.2485    0.6870    0.6829
...   116 T-A ...
   29.4498  -85.4279    1.9749
   -0.9029    0.3995   -0.1584
   -0.3831   -0.5813    0.7179
    0.1947    0.7089    0.6779
...   117 A-T ...
   29.9727  -82.5492    3.8041
   -0.9802   -0.0741    0.1837
    0.1840   -0.6834    0.7064
    0.0731    0.7263    0.6835
...   118 T-A ...
   29.8607  -79.7986    5.5011
   -0.7641   -0.4093    0.4987
    0.6420   -0.5580    0.5258
    0.0631    0.7219    0.6891
...   119 A-T ...
   29.9783  -77.5254    7.8896
   -0.3020   -0.7177    0.6274
    0.9532   -0.2180    0.2095
   -0.0135    0.6613    0.7500
...   120 A-T ...
   29.5747  -75.4618   10.3486
    0.2771   -0.7481    0.6029
    0.9605    0.2328   -0.1526
   -0.0262    0.6214    0.7831
...   121 T-A ...
   28.8806  -73.7437   13.1201
    0.7299   -0.5229    0.4402
    0.6825    0.5924   -0.4280
   -0.0370    0.6129    0.7893
...   122 G-C ...
   28.7302  -71.9014   15.9930
    0.9911   -0.1198    0.0578
    0.1309    0.8022   -0.5825
    0.0234    0.5849    0.8108
...   123 T-A ...
   28.9191  -70.4345   18.9207
    0.9251    0.2962   -0.2376
   -0.3789    0.7625   -0.5244
    0.0258    0.5752    0.8176
...   124 G-C ...
   29.1049  -68.5546   21.6594
    0.5345    0.6545   -0.5348
   -0.8418    0.4688   -0.2676
    0.0756    0.5932    0.8015
...   125 T-A ...
   29.8252  -66.8627   24.3151
    0.0210    0.7839   -0.6205
   -0.9967    0.0647    0.0480
    0.0778    0.6175    0.7827
...   126 C-G ...
   30.1280  -64.8644   26.7560
   -0.5649    0.6773   -0.4714
   -0.8210   -0.4037    0.4039
    0.0832    0.6151    0.7840
...   127 G-C ...
   29.8820  -63.0708   29.4964
   -0.9028    0.2815   -0.3250
   -0.4263   -0.6842    0.5917
   -0.0558    0.6728    0.7377
...   128 A-T ...
   29.8510  -60.9524   31.8250
   -0.9826   -0.1748    0.0633
    0.1734   -0.7389    0.6512
   -0.0671    0.6508    0.7563
...   129 C-G ...
   29.2922  -58.3523   33.7730
   -0.7437   -0.5679    0.3526
    0.6591   -0.5346    0.5290
   -0.1119    0.6258    0.7719
...   130 C-G ...
   28.1439  -56.3235   36.2819
   -0.2915   -0.8355    0.4657
    0.9370   -0.1514    0.3149
   -0.1926    0.5281    0.8270
...   131 A-T ...
   27.8603  -54.9491   39.3098
    0.2740   -0.8647    0.4210
    0.9422    0.3291    0.0627
   -0.1927    0.3795    0.9049
...   132 A-T ...
   27.1012  -53.9256   42.3278
    0.7576   -0.5387    0.3686
    0.6234    0.7645   -0.1641
   -0.1934    0.3541    0.9150
...   133 A-T ...
   26.2598  -53.1199   45.4025
    0.9700    0.0299    0.2415
    0.0600    0.9324   -0.3564
   -0.2358    0.3602    0.9026
...   134 T-A ...
   25.6209  -52.5913   48.6400
    0.8597    0.5097    0.0340
   -0.4497    0.7866   -0.4231
   -0.2424    0.3485    0.9054
...   135 G-C ...
   25.2758  -52.5096   52.0791
    0.3204    0.9427   -0.0928
   -0.8825    0.2614   -0.3910
   -0.3443    0.2071    0.9157
...   136 T-A ...
   25.5258  -52.9787   55.8049
   -0.2439    0.9563   -0.1610
   -0.8908   -0.2866   -0.3525
   -0.3833    0.0575    0.9218
...   137 G-C ...
   24.8933  -52.7377   58.9865
   -0.7529    0.5562   -0.3519
   -0.5215   -0.8303   -0.1966
   -0.4015    0.0355    0.9152
...   138 A-T ...
   24.0143  -51.6374   61.9242
   -0.9563    0.0401   -0.2896
   -0.0524   -0.9980    0.0347
   -0.2876    0.0484    0.9565
...   139 G-C ...
   22.3467  -51.2411   64.4940
   -0.8529   -0.5118   -0.1033
    0.4974   -0.8566    0.1373
   -0.1587    0.0657    0.9851
...   140 C-G ...
   22.1503  -50.1498   67.4639
   -0.4681   -0.8748    0.1248
    0.8495   -0.4066    0.3362
   -0.2434    0.2634    0.9335
...   141 G-C ...
   21.4257  -51.8266   72.7876
    0.1303   -0.7143   -0.6876
    0.8897   -0.2217    0.3990
   -0.4375   -0.6638    0.6066
...   142 C-G ...
   20.4246  -54.3094   74.5418
    0.5846   -0.7390   -0.3348
    0.7594    0.3532    0.5465
   -0.2856   -0.5737    0.7676
...   143 T-A ...
   18.4271  -55.5290   76.5299
    0.8548   -0.5005    0.1370
    0.3188    0.7148    0.6224
   -0.4095   -0.4884    0.7706
...   144 C-G ...
   16.8372  -57.7222   78.2674
    0.8529   -0.0846    0.5151
   -0.1508    0.9048    0.3983
   -0.4998   -0.4174    0.7589
...   145 A-T ...
   15.7829  -59.5615   80.7981
    0.5516    0.4995    0.6680
   -0.6739    0.7388    0.0039
   -0.4916   -0.4523    0.7441
...   146 C-G ...
   15.7315  -61.4940   83.9317
    0.0344    0.7399    0.6718
   -0.8637    0.3602   -0.3526
   -0.5029   -0.5681    0.6514
...   147 A-T ...
   14.7384  -63.4279   86.8192
   -0.5924    0.6746    0.4405
   -0.6886   -0.1401   -0.7114
   -0.4182   -0.7248    0.5475
