  147 base-pairs
...     1 T-A ...
    0.0000    0.0000    0.0000
    1.0000    0.0000    0.0000
    0.0000    1.0000    0.0000
    0.0000    0.0000    1.0000
...     2 G-C ...
   -0.5555   -1.1003    3.3981
    0.7749    0.6051    0.1828
   -0.5991    0.7953   -0.0929
   -0.2016   -0.0375    0.9787
...     3 T-A ...
   -0.6619   -3.0237    6.5348
    0.3046    0.9250    0.2271
   -0.8994    0.3578   -0.2510
   -0.3134   -0.1278    0.9410
...     4 G-C ...
   -1.1607   -3.8418    9.6940
   -0.3351    0.9421    0.0133
   -0.8752   -0.3061   -0.3746
   -0.3489   -0.1372    0.9271
...     5 A-T ...
   -1.3881   -3.6770   12.8999
   -0.7835    0.6162   -0.0801
   -0.5677   -0.7622   -0.3109
   -0.2527   -0.1981    0.9470
...     6 G-C ...
   -2.6236   -3.5448   15.7072
   -0.9923    0.0611   -0.1075
   -0.0294   -0.9610   -0.2748
   -0.1201   -0.2695    0.9555
...     7 C-G ...
   -2.3138   -3.7570   18.8866
   -0.8620   -0.4995   -0.0864
    0.5008   -0.8655    0.0073
   -0.0785   -0.0370    0.9962
...     8 G-C ...
   -3.9561   -6.8109   23.3205
   -0.2581   -0.3560   -0.8981
    0.6294   -0.7673    0.1233
   -0.7330   -0.5335    0.4221
...     9 C-G ...
   -6.1177   -8.9414   24.2385
    0.1143   -0.7320   -0.6716
    0.8123   -0.3203    0.4874
   -0.5720   -0.6013    0.5580
...    10 T-A ...
   -8.5041   -9.6771   26.0540
    0.4660   -0.8587   -0.2131
    0.6274    0.1508    0.7640
   -0.6239   -0.4897    0.6090
...    11 C-G ...
  -11.0625  -11.3174   27.2336
    0.6660   -0.6911    0.2808
    0.3382    0.6152    0.7121
   -0.6649   -0.3794    0.6435
...    12 A-T ...
  -13.0013  -13.1789   29.0658
    0.7188   -0.1490    0.6790
   -0.1787    0.9043    0.3876
   -0.6718   -0.4000    0.6235
...    13 C-G ...
  -14.1788  -15.9359   31.3399
    0.4052    0.2865    0.8682
   -0.5270    0.8492   -0.0343
   -0.7470   -0.4437    0.4951
...    14 A-T ...
  -15.9532  -18.1566   33.3080
   -0.1503    0.6873    0.7107
   -0.6106    0.5008   -0.6135
   -0.7776   -0.5261    0.3444
...    15 A-T ...
  -18.4087  -19.9336   34.4466
   -0.4535    0.8636    0.2205
   -0.3979    0.0252   -0.9171
   -0.7975   -0.5036    0.3322
...    16 T-A ...
  -20.8183  -21.4882   36.2488
   -0.6217    0.7245   -0.2976
   -0.0770   -0.4346   -0.8973
   -0.7795   -0.5350    0.3260
...    17 T-A ...
  -23.3842  -23.0167   37.6370
   -0.5677    0.3178   -0.7594
    0.3120   -0.7706   -0.5557
   -0.7618   -0.5524    0.3383
...    18 T-A ...
  -25.9614  -24.6320   38.7318
   -0.2624   -0.1376   -0.9551
    0.5662   -0.8235   -0.0369
   -0.7814   -0.5504    0.2940
...    19 A-T ...
  -28.5351  -26.5761   39.5346
    0.1703   -0.5223   -0.8356
    0.5922   -0.6235    0.5104
   -0.7876   -0.5817    0.2031
...    20 T-A ...
  -31.4831  -28.0902   39.7122
    0.4464   -0.7718   -0.4528
    0.4185   -0.2672    0.8680
   -0.7909   -0.5770    0.2037
...    21 T-A ...
  -34.1507  -29.9491   40.0674
    0.5966   -0.7921    0.1290
    0.0726    0.2133    0.9743
   -0.7992   -0.5719    0.1847
...    22 C-G ...
  -36.7330  -31.8960   40.6438
    0.5453   -0.5039    0.6699
   -0.3051    0.6250    0.7185
   -0.7807   -0.5962    0.1870
...    23 G-C ...
  -39.4343  -33.5262   41.8158
    0.3815    0.0062    0.9243
   -0.5910    0.7705    0.2388
   -0.7107   -0.6374    0.2976
...    24 C-G ...
  -41.4933  -35.8898   42.7678
    0.0544    0.4433    0.8947
   -0.7014    0.6547   -0.2817
   -0.7107   -0.6123    0.3465
...    25 A-T ...
  -44.1803  -37.6637   43.5773
   -0.3245    0.7726    0.5457
   -0.6002    0.2777   -0.7501
   -0.7311   -0.5709    0.3736
...    26 A-T ...
  -46.5087  -39.4971   44.9937
   -0.6098    0.7922    0.0225
   -0.3065   -0.2096   -0.9285
   -0.7309   -0.5731    0.3706
...    27 A-T ...
  -48.7897  -41.2496   46.5311
   -0.6849    0.5173   -0.5131
    0.1167   -0.6172   -0.7781
   -0.7192   -0.5928    0.3624
...    28 G-C ...
  -51.4242  -42.8091   47.9611
   -0.4706    0.1489   -0.8697
    0.4473   -0.8094   -0.3806
   -0.7606   -0.5681    0.3143
...    29 G-C ...
  -54.3322  -44.4276   48.9090
   -0.0669   -0.2742   -0.9593
    0.6220   -0.7633    0.1748
   -0.7802   -0.5850    0.2216
...    30 C-G ...
  -57.1502  -46.0662   49.2902
    0.3348   -0.6042   -0.7231
    0.5396   -0.5061    0.6728
   -0.7725   -0.6154    0.1566
...    31 C-G ...
  -59.8913  -47.9701   49.5682
    0.6401   -0.7272   -0.2479
    0.2463   -0.1114    0.9628
   -0.7278   -0.6773    0.1078
...    32 G-C ...
  -61.9207  -50.2092   50.1279
    0.7517   -0.6051    0.2623
   -0.1477    0.2332    0.9611
   -0.6428   -0.7612    0.0859
...    33 G-C ...
  -63.6084  -53.1108   50.3876
    0.5814   -0.3337    0.7420
   -0.5683    0.4861    0.6639
   -0.5823   -0.8077    0.0929
...    34 C-G ...
  -65.1559  -55.9838   50.6725
    0.1880    0.0196    0.9820
   -0.8109    0.5672    0.1439
   -0.5542   -0.8233    0.1226
...    35 C-G ...
  -66.7648  -58.8774   51.4731
   -0.2895    0.3569    0.8881
   -0.7933    0.4298   -0.4313
   -0.5356   -0.8294    0.1587
...    36 C-G ...
  -68.4523  -61.6720   52.3021
   -0.6650    0.5637    0.4899
   -0.5146    0.1296   -0.8476
   -0.5413   -0.8157    0.2039
...    37 G-C ...
  -70.4324  -64.5017   51.9532
   -0.8053    0.5861   -0.0891
   -0.0364   -0.1989   -0.9793
   -0.5917   -0.7855    0.1815
...    38 A-T ...
  -72.1698  -67.0576   52.5958
   -0.6699    0.3675   -0.6451
    0.4586   -0.4786   -0.7488
   -0.5839   -0.7974    0.1521
...    39 C-G ...
  -74.4360  -69.2589   53.1653
   -0.3049    0.1117   -0.9458
    0.7369   -0.6014   -0.3085
   -0.6033   -0.7911    0.1011
...    40 A-T ...
  -76.5573  -71.8330   53.3648
    0.2269   -0.1591   -0.9608
    0.7727   -0.5711    0.2771
   -0.5928   -0.8053   -0.0066
...    41 C-G ...
  -78.6927  -74.2515   52.8229
    0.6295   -0.3661   -0.6853
    0.5426   -0.4241    0.7250
   -0.5561   -0.8283   -0.0683
...    42 G-C ...
  -80.2338  -77.2117   52.9105
    0.8776   -0.4598   -0.1356
    0.0564   -0.1819    0.9817
   -0.4760   -0.8692   -0.1337
...    43 A-T ...
  -81.7512  -79.9557   52.4186
    0.7489   -0.4717    0.4655
   -0.4688    0.1193    0.8752
   -0.4684   -0.8737   -0.1317
...    44 C-G ...
  -82.8368  -82.9256   51.4565
    0.4106   -0.2940    0.8631
   -0.8085    0.3202    0.4937
   -0.4215   -0.9006   -0.1062
...    45 T-A ...
  -83.6277  -86.4411   51.0378
   -0.1118   -0.0484    0.9925
   -0.9081    0.4106   -0.0823
   -0.4036   -0.9105   -0.0899
...    46 T-A ...
  -84.5369  -89.5536   50.7359
   -0.5792    0.1404    0.8030
   -0.7154    0.3847   -0.5833
   -0.3908   -0.9123   -0.1223
...    47 A-T ...
  -86.0294  -92.4962   49.9546
   -0.9167    0.3264    0.2303
   -0.1661    0.2129   -0.9629
   -0.3633   -0.9209   -0.1410
...    48 C-G ...
  -87.3056  -95.5921   50.1596
   -0.8619    0.3946   -0.3185
    0.3508    0.0102   -0.9364
   -0.3663   -0.9188   -0.1473
...    49 T-A ...
  -88.8798  -98.5757   49.9250
   -0.5095    0.4075   -0.7579
    0.7564   -0.2077   -0.6202
   -0.4102   -0.8893   -0.2024
...    50 G-C ...
  -90.3265 -101.4746   48.9786
    0.0545    0.3420   -0.9381
    0.9140   -0.3955   -0.0911
   -0.4021   -0.8524   -0.3341
...    51 T-A ...
  -92.0729 -103.8896   47.7914
    0.5176    0.1748   -0.8376
    0.7741   -0.5127    0.3713
   -0.3645   -0.8406   -0.4007
...    52 A-T ...
  -93.3642 -106.2113   45.6923
    0.8989    0.0910   -0.4285
    0.3989   -0.5746    0.7147
   -0.1812   -0.8134   -0.5528
...    53 G-C ...
  -94.1325 -108.6154   43.6694
    0.9945   -0.0943    0.0461
   -0.0922   -0.5748    0.8131
   -0.0501   -0.8129   -0.5803
...    54 G-C ...
  -93.8114 -111.0596   40.9987
    0.7899   -0.3067    0.5310
   -0.6104   -0.4758    0.6333
    0.0584   -0.8243   -0.5631
...    55 T-A ...
  -93.0527 -113.5760   39.0616
    0.3662   -0.4914    0.7902
   -0.9253   -0.2826    0.2530
    0.0990   -0.8238   -0.5582
...    56 A-T ...
  -92.1478 -116.3501   37.3138
   -0.2374   -0.5342    0.8113
   -0.9614    0.0094   -0.2752
    0.1394   -0.8453   -0.5158
...    57 T-A ...
  -90.9690 -119.1207   35.9285
   -0.6922   -0.4842    0.5352
   -0.7027    0.2828   -0.6529
    0.1647   -0.8280   -0.5360
...    58 C-G ...
  -90.3283 -122.0435   34.3817
   -0.9747   -0.2234    0.0069
   -0.1293    0.5382   -0.8329
    0.1824   -0.8127   -0.5534
...    59 T-A ...
  -89.9155 -124.9611   32.7645
   -0.9007    0.1254   -0.4159
    0.4071    0.5777   -0.7075
    0.1515   -0.8066   -0.5714
...    60 C-G ...
  -89.3552 -127.7098   30.8871
   -0.4952    0.4603   -0.7368
    0.8529    0.4191   -0.3114
    0.1655   -0.7826   -0.6001
...    61 G-C ...
  -88.3483 -129.9895   28.7523
   -0.0387    0.7412   -0.6701
    0.9827    0.1499    0.1091
    0.1813   -0.6543   -0.7342
...    62 A-T ...
  -87.5449 -132.2650   26.5943
    0.4857    0.7669   -0.4195
    0.8295   -0.2529    0.4980
    0.2758   -0.5899   -0.7589
...    63 G-C ...
  -86.7052 -133.8217   23.7938
    0.8044    0.5933   -0.0305
    0.4770   -0.6144    0.6285
    0.3541   -0.5202   -0.7772
...    64 C-G ...
  -85.5280 -135.0297   20.8698
    0.9051    0.1865    0.3820
   -0.0414   -0.8557    0.5158
    0.4231   -0.4827   -0.7668
...    65 T-A ...
  -84.0172 -136.2534   18.2070
    0.7214   -0.2408    0.6493
   -0.4737   -0.8555    0.2090
    0.5052   -0.4583   -0.7312
...    66 C-G ...
  -82.2358 -138.0644   16.2153
    0.3077   -0.6657    0.6798
   -0.7388   -0.6174   -0.2701
    0.5995   -0.4192   -0.6818
...    67 G-C ...
  -80.8984 -140.1675   13.7931
   -0.1832   -0.8825    0.4332
   -0.7376   -0.1679   -0.6540
    0.6499   -0.4393   -0.6202
...    68 G-C ...
  -78.5449 -141.7307   11.9456
   -0.5778   -0.8160    0.0183
   -0.5074    0.3416   -0.7911
    0.6393   -0.4663   -0.6114
...    69 G-C ...
  -76.3978 -143.4804   10.0776
   -0.8043   -0.4622   -0.3736
   -0.0932    0.7189   -0.6888
    0.5869   -0.5192   -0.6212
...    70 A-T ...
  -74.3767 -145.4265    8.2265
   -0.6868    0.0571   -0.7246
    0.4012    0.8610   -0.3124
    0.6061   -0.5053   -0.6143
...    71 T-A ...
  -72.7533 -147.5612    6.2908
   -0.3885    0.5027   -0.7722
    0.6921    0.7125    0.1155
    0.6083   -0.4896   -0.6247
...    72 C-G ...
  -70.9171 -149.2504    4.1241
    0.0697    0.8411   -0.5364
    0.7765    0.2918    0.5584
    0.6262   -0.4554   -0.6328
...    73 C-G ...
  -68.9901 -151.0372    2.1254
    0.3392    0.9381   -0.0703
    0.6183   -0.1660    0.7682
    0.7089   -0.3041   -0.6364
...    74 G-C ...
  -66.3101 -151.9039    0.3781
    0.4578    0.7640    0.4547
    0.3913   -0.6324    0.6685
    0.7983   -0.1281   -0.5885
...    75 C-G ...
  -63.6595 -151.7699   -1.8292
    0.5688    0.2791    0.7737
    0.0860   -0.9557    0.2816
    0.8180   -0.0936   -0.5676
...    76 T-A ...
  -60.5739 -151.5069   -3.4123
    0.4982   -0.2981    0.8142
   -0.1791   -0.9542   -0.2397
    0.8483   -0.0264   -0.5288
...    77 T-A ...
  -57.6879 -151.2538   -4.9102
    0.3306   -0.7942    0.5098
   -0.4171   -0.6075   -0.6760
    0.8466    0.0109   -0.5321
...    78 T-A ...
  -54.7816 -151.0180   -6.3624
    0.0725   -0.9973    0.0137
   -0.5309   -0.0502   -0.8459
    0.8443    0.0541   -0.5331
...    79 A-T ...
  -52.4732 -150.4507   -8.6680
   -0.1433   -0.8107   -0.5677
   -0.4982    0.5547   -0.6664
    0.8551    0.1873   -0.4834
...    80 A-T ...
  -49.6322 -149.9193  -10.0747
   -0.3648   -0.3510   -0.8624
   -0.3632    0.9065   -0.2153
    0.8573    0.2346   -0.4582
...    81 C-G ...
  -46.6436 -149.7264  -11.6089
   -0.5007    0.1835   -0.8459
   -0.1292    0.9505    0.2827
    0.8559    0.2508   -0.4522
...    82 A-T ...
  -43.8366 -148.9375  -13.1451
   -0.5590    0.6585   -0.5039
    0.1568    0.6807    0.7156
    0.8142    0.3210   -0.4837
...    83 C-G ...
  -41.4506 -148.0855  -15.3255
   -0.4400    0.8962   -0.0561
    0.4084    0.2554    0.8764
    0.7997    0.3627   -0.4784
...    84 T-A ...
  -39.0546 -146.5594  -17.4796
   -0.2259    0.8492    0.4773
    0.5808   -0.2759    0.7659
    0.7821    0.4502   -0.4308
...    85 T-A ...
  -36.8100 -144.8225  -19.0325
    0.1022    0.5383    0.8365
    0.6121   -0.6969    0.3737
    0.7841    0.4738   -0.4007
...    86 T-A ...
  -34.3823 -143.1129  -20.2476
    0.3649    0.0436    0.9300
    0.4784   -0.8657   -0.1471
    0.7987    0.4986   -0.3367
...    87 A-T ...
  -31.6394 -141.5222  -21.1450
    0.4788   -0.4757    0.7378
    0.2513   -0.7310   -0.6344
    0.8412    0.4892   -0.2305
...    88 T-A ...
  -29.1297 -139.4513  -21.2829
    0.5121   -0.7761    0.3680
    0.0342   -0.4097   -0.9116
    0.8583    0.4794   -0.1833
...    89 G-C ...
  -26.1662 -137.9901  -21.5979
    0.3512   -0.9046   -0.2414
   -0.2434    0.1607   -0.9565
    0.9041    0.3947   -0.1638
...    90 C-G ...
  -23.0084 -136.9901  -21.9032
    0.1478   -0.6678   -0.7296
   -0.3956    0.6362   -0.6624
    0.9065    0.3865   -0.1701
...    91 T-A ...
  -19.7063 -136.1569  -22.4494
   -0.0993   -0.1898   -0.9768
   -0.3804    0.9143   -0.1390
    0.9195    0.3578   -0.1630
...    92 T-A ...
  -16.6801 -135.2143  -22.9685
   -0.3060    0.3480   -0.8862
   -0.2767    0.8581    0.4325
    0.9109    0.3776   -0.1662
...    93 C-G ...
  -13.6381 -134.1012  -23.7152
   -0.4512    0.7590   -0.4694
   -0.0626    0.4978    0.8650
    0.8902    0.4197   -0.1771
...    94 C-G ...
  -10.5991 -132.9780  -24.3080
   -0.5510    0.8325    0.0575
    0.1551    0.0345    0.9873
    0.8199    0.5530   -0.1481
...    95 G-C ...
   -8.1125 -131.2218  -24.5060
   -0.5265    0.6500    0.5480
    0.4152   -0.3659    0.8329
    0.7419    0.6661   -0.0772
...    96 G-C ...
   -6.0624 -128.6056  -24.6431
   -0.3003    0.2816    0.9113
    0.6629   -0.6254    0.4117
    0.6858    0.7278    0.0012
...    97 C-G ...
   -4.3434 -125.7306  -24.4050
    0.0653   -0.1370    0.9884
    0.7407   -0.6570   -0.1400
    0.6686    0.7413    0.0586
...    98 T-A ...
   -2.4395 -123.0663  -24.0418
    0.3915   -0.4970    0.7744
    0.6368   -0.4612   -0.6179
    0.6643    0.7350    0.1359
...    99 C-G ...
   -0.0237 -120.9943  -23.4547
    0.6607   -0.6940    0.2859
    0.3636   -0.0373   -0.9308
    0.6567    0.7190    0.2277
...   100 G-C ...
    2.2977 -118.6853  -23.1149
    0.7289   -0.6129   -0.3051
   -0.0457    0.4011   -0.9149
    0.6831    0.6808    0.2643
...   101 T-A ...
    4.7686 -116.8601  -21.9808
    0.5871   -0.3267   -0.7407
   -0.4078    0.6711   -0.6192
    0.6993    0.6656    0.2608
...   102 A-T ...
    7.3788 -114.9628  -20.9429
    0.2297    0.1120   -0.9668
   -0.6681    0.7405   -0.0730
    0.7077    0.6627    0.2449
...   103 T-A ...
   10.1067 -113.3475  -20.2385
   -0.1122    0.4804   -0.8698
   -0.7092    0.5745    0.4088
    0.6961    0.6627    0.2762
...   104 A-T ...
   12.6732 -111.2023  -19.5146
   -0.5322    0.7187   -0.4475
   -0.5004    0.1593    0.8510
    0.6829    0.6769    0.2749
...   105 T-A ...
   15.0775 -108.9952  -19.2862
   -0.7236    0.6899    0.0214
   -0.1813   -0.2199    0.9585
    0.6660    0.6897    0.2842
...   106 C-G ...
   17.2782 -106.7614  -18.4545
   -0.7394    0.3662    0.5650
    0.2800   -0.5960    0.7526
    0.6123    0.7147    0.3381
...   107 A-T ...
   19.1105 -103.9876  -17.6397
   -0.5712   -0.0925    0.8156
    0.6634   -0.6372    0.3923
    0.4834    0.7651    0.4253
...   108 T-A ...
   20.2069 -101.2790  -16.2602
   -0.2123   -0.4400    0.8725
    0.8671   -0.4966   -0.0394
    0.4507    0.7482    0.4869
...   109 G-C ...
   21.4517  -98.7383  -14.2940
    0.2657   -0.7220    0.6388
    0.8575   -0.1258   -0.4989
    0.4406    0.6803    0.5857
...   110 T-A ...
   22.3817  -96.5729  -11.9054
    0.6694   -0.6892    0.2773
    0.6020    0.2846   -0.7460
    0.4353    0.6663    0.6054
...   111 T-A ...
   23.6515  -94.5535   -9.7787
    0.8974   -0.4072   -0.1698
    0.1431    0.6327   -0.7611
    0.4173    0.6587    0.6261
...   112 A-T ...
   25.0049  -92.1073   -7.8481
    0.8013    0.0813   -0.5927
   -0.4443    0.7444   -0.4984
    0.4007    0.6627    0.6326
...   113 T-A ...
   26.6812  -90.5130   -5.5638
    0.4882    0.4600   -0.7417
   -0.7873    0.5988   -0.1469
    0.3766    0.6556    0.6545
...   114 A-T ...
   27.6591  -88.2006   -3.2919
   -0.0921    0.7287   -0.6786
   -0.9239    0.1917    0.3312
    0.3714    0.6575    0.6556
...   115 A-T ...
   28.9733  -86.0979   -1.2943
   -0.5863    0.7052   -0.3987
   -0.7325   -0.2513    0.6326
    0.3460    0.6629    0.6640
...   116 C-G ...
   30.4959  -83.5733    0.4010
   -0.8957    0.4443   -0.0173
   -0.3106   -0.5972    0.7395
    0.3182    0.6678    0.6729
...   117 G-C ...
   31.0957  -81.5588    2.8757
   -0.9694   -0.0506    0.2401
    0.2014   -0.7228    0.6610
    0.1401    0.6892    0.7109
...   118 G-C ...
   30.9610  -79.2741    5.2277
   -0.7434   -0.4938    0.4511
    0.6688   -0.5555    0.4941
    0.0066    0.6691    0.7432
...   119 A-T ...
   30.6788  -77.0378    7.6263
   -0.2454   -0.7678    0.5919
    0.9685   -0.1675    0.1843
   -0.0424    0.6184    0.7847
...   120 A-T ...
   30.2020  -75.1225   10.2384
    0.3284   -0.7443    0.5815
    0.9430    0.2934   -0.1571
   -0.0537    0.5999    0.7982
...   121 T-A ...
   29.4329  -73.5126   13.0561
    0.7635   -0.4894    0.4213
    0.6427    0.6399   -0.4212
   -0.0635    0.5924    0.8031
...   122 G-C ...
   29.2002  -71.7522   15.9756
    0.9964   -0.0697    0.0475
    0.0843    0.8188   -0.5679
    0.0007    0.5699    0.8217
...   123 T-A ...
   29.3354  -70.3304   18.9220
    0.9087    0.3423   -0.2391
   -0.4175    0.7528   -0.5089
    0.0058    0.5623    0.8269
...   124 G-C ...
   29.4738  -68.4887   21.6825
    0.5061    0.6800   -0.5306
   -0.8605    0.4396   -0.2574
    0.0582    0.5868    0.8076
...   125 T-A ...
   30.1478  -66.7991   24.3480
   -0.0091    0.7894   -0.6139
   -0.9981    0.0302    0.0536
    0.0609    0.6132    0.7876
...   126 C-G ...
   30.3947  -64.8039   26.7911
   -0.5875    0.6627   -0.4643
   -0.8063   -0.4310    0.4051
    0.0683    0.6124    0.7876
...   127 G-C ...
   30.1105  -63.0161   29.5209
   -0.9097    0.2603   -0.3234
   -0.4091   -0.6950    0.5912
   -0.0709    0.6702    0.7388
...   128 A-T ...
   30.0257  -60.9002   31.8483
   -0.9785   -0.1963    0.0638
    0.1899   -0.7352    0.6507
   -0.0808    0.6488    0.7566
...   129 C-G ...
   29.4105  -58.3118   33.7967
   -0.7324   -0.5825    0.3526
    0.6695   -0.5214    0.5291
   -0.1243    0.6235    0.7718
...   130 C-G ...
   28.2172  -56.3026   36.3006
   -0.2781   -0.8401    0.4656
    0.9390   -0.1358    0.3158
   -0.2021    0.5251    0.8267
...   131 A-T ...
   27.8963  -54.9295   39.3169
    0.2825   -0.8621    0.4206
    0.9387    0.3389    0.0641
   -0.1977    0.3767    0.9050
...   132 A-T ...
   27.1161  -53.9141   42.3314
    0.7605   -0.5341    0.3692
    0.6187    0.7687   -0.1623
   -0.1971    0.3519    0.9151
...   133 A-T ...
   26.2651  -53.1177   45.4060
    0.9696    0.0338    0.2424
    0.0565    0.9328   -0.3559
   -0.2382    0.3587    0.9025
...   134 T-A ...
   25.6209  -52.5914   48.6400
    0.8597    0.5097    0.0340
   -0.4497    0.7866   -0.4231
   -0.2424    0.3485    0.9054
...   135 G-C ...
   25.2757  -52.5096   52.0791
    0.3204    0.9427   -0.0928
   -0.8825    0.2614   -0.3910
   -0.3443    0.2071    0.9157
...   136 T-A ...
   25.5257  -52.9787   55.8049
   -0.2439    0.9563   -0.1610
   -0.8908   -0.2866   -0.3525
   -0.3833    0.0575    0.9218
...   137 G-C ...
   24.8933  -52.7378   58.9865
   -0.7529    0.5562   -0.3519
   -0.5215   -0.8303   -0.1966
   -0.4015    0.0355    0.9152
...   138 A-T ...
   24.0143  -51.6374   61.9242
   -0.9563    0.0401   -0.2896
   -0.0524   -0.9980    0.0347
   -0.2876    0.0484    0.9565
...   139 G-C ...
   22.3467  -51.2412   64.4940
   -0.8529   -0.5118   -0.1033
    0.4974   -0.8566    0.1373
   -0.1587    0.0657    0.9851
...   140 C-G ...
   22.1503  -50.1499   67.4638
   -0.4681   -0.8748    0.1248
    0.8495   -0.4066    0.3362
   -0.2434    0.2634    0.9335
...   141 G-C ...
   21.4256  -51.8267   72.7876
    0.1303   -0.7143   -0.6876
    0.8897   -0.2218    0.3990
   -0.4375   -0.6638    0.6066
...   142 C-G ...
   20.4245  -54.3095   74.5418
    0.5846   -0.7390   -0.3348
    0.7594    0.3532    0.5465
   -0.2856   -0.5737    0.7676
...   143 T-A ...
   18.4271  -55.5290   76.5298
    0.8548   -0.5005    0.1370
    0.3188    0.7148    0.6224
   -0.4095   -0.4884    0.7706
...   144 C-G ...
   16.8371  -57.7223   78.2673
    0.8529   -0.0846    0.5151
   -0.1508    0.9048    0.3983
   -0.4998   -0.4174    0.7589
...   145 A-T ...
   15.7829  -59.5616   80.7981
    0.5516    0.4995    0.6680
   -0.6739    0.7388    0.0039
   -0.4916   -0.4523    0.7441
...   146 C-G ...
   15.7314  -61.4941   83.9316
    0.0344    0.7399    0.6718
   -0.8637    0.3602   -0.3526
   -0.5029   -0.5681    0.6514
...   147 A-T ...
   14.7383  -63.4279   86.8192
   -0.5924    0.6746    0.4405
   -0.6886   -0.1401   -0.7114
   -0.4182   -0.7248    0.5475
