  147 base-pairs
...     1 T-A ...
    0.0000    0.0000    0.0000
    1.0000    0.0000    0.0000
    0.0000    1.0000    0.0000
    0.0000    0.0000    1.0000
...     2 G-C ...
   -0.5555   -1.1003    3.3981
    0.7749    0.6051    0.1828
   -0.5991    0.7953   -0.0929
   -0.2016   -0.0375    0.9787
...     3 T-A ...
   -0.6619   -3.0237    6.5348
    0.3046    0.9250    0.2271
   -0.8994    0.3578   -0.2510
   -0.3134   -0.1278    0.9410
...     4 G-C ...
   -1.1607   -3.8418    9.6940
   -0.3351    0.9421    0.0133
   -0.8752   -0.3061   -0.3746
   -0.3489   -0.1372    0.9271
...     5 A-T ...
   -1.3881   -3.6770   12.8999
   -0.7835    0.6162   -0.0801
   -0.5677   -0.7622   -0.3109
   -0.2527   -0.1981    0.9470
...     6 G-C ...
   -2.6236   -3.5448   15.7072
   -0.9923    0.0611   -0.1075
   -0.0294   -0.9610   -0.2748
   -0.1201   -0.2695    0.9555
...     7 C-G ...
   -2.3138   -3.7570   18.8866
   -0.8620   -0.4995   -0.0864
    0.5008   -0.8655    0.0073
   -0.0785   -0.0370    0.9962
...     8 G-C ...
   -3.9561   -6.8109   23.3205
   -0.2581   -0.3560   -0.8981
    0.6294   -0.7673    0.1233
   -0.7330   -0.5335    0.4221
...     9 C-G ...
   -6.1177   -8.9414   24.2385
    0.1143   -0.7320   -0.6716
    0.8123   -0.3203    0.4874
   -0.5720   -0.6013    0.5580
...    10 T-A ...
   -8.5041   -9.6771   26.0540
    0.4660   -0.8587   -0.2131
    0.6274    0.1508    0.7640
   -0.6239   -0.4897    0.6090
...    11 C-G ...
  -11.0625  -11.3174   27.2336
    0.6660   -0.6911    0.2808
    0.3382    0.6152    0.7121
   -0.6649   -0.3794    0.6435
...    12 A-T ...
  -13.0013  -13.1789   29.0658
    0.7188   -0.1490    0.6790
   -0.1787    0.9043    0.3876
   -0.6718   -0.4000    0.6235
...    13 C-G ...
  -14.1788  -15.9359   31.3399
    0.4052    0.2865    0.8682
   -0.5270    0.8492   -0.0343
   -0.7470   -0.4437    0.4951
...    14 A-T ...
  -15.9532  -18.1566   33.3080
   -0.1503    0.6873    0.7107
   -0.6106    0.5008   -0.6135
   -0.7776   -0.5261    0.3444
...    15 A-T ...
  -18.4022  -19.9545   34.4237
   -0.4563    0.8621    0.2203
   -0.3910    0.0282   -0.9200
   -0.7993   -0.5059    0.3242
...    16 T-A ...
  -20.8227  -21.5261   36.1952
   -0.6196    0.7251   -0.3007
   -0.0667   -0.4304   -0.9002
   -0.7821   -0.5377    0.3150
...    17 T-A ...
  -23.4056  -23.0711   37.5376
   -0.5562    0.3226   -0.7659
    0.3208   -0.7668   -0.5560
   -0.7666   -0.5549    0.3231
...    18 T-A ...
  -25.9935  -24.7154   38.5503
   -0.2380   -0.1232   -0.9634
    0.5643   -0.8249   -0.0340
   -0.7905   -0.5518    0.2659
...    19 A-T ...
  -28.5931  -26.6622   39.2245
    0.1971   -0.5003   -0.8431
    0.5722   -0.6396    0.5133
   -0.7961   -0.5836    0.1602
...    20 T-A ...
  -31.5452  -28.1743   39.2443
    0.4621   -0.7595   -0.4578
    0.3840   -0.2939    0.8753
   -0.7994   -0.5803    0.1558
...    21 T-A ...
  -34.2222  -30.0430   39.4358
    0.5860   -0.7992    0.1340
    0.0285    0.1855    0.9822
   -0.8098   -0.5717    0.1315
...    22 C-G ...
  -36.8332  -31.9992   39.8357
    0.5055   -0.5267    0.6834
   -0.3382    0.6077    0.7185
   -0.7937   -0.5944    0.1291
...    23 G-C ...
  -39.5976  -33.6371   40.8180
    0.3256   -0.0261    0.9451
   -0.5976    0.7690    0.2271
   -0.7327   -0.6387    0.2348
...    24 C-G ...
  -41.7350  -36.0097   41.5639
    0.0030    0.4152    0.9097
   -0.6765    0.6708   -0.3039
   -0.7364   -0.6145    0.2829
...    25 A-T ...
  -44.4915  -37.7935   42.0835
   -0.3568    0.7584    0.5455
   -0.5415    0.3079   -0.7823
   -0.7613   -0.5745    0.3008
...    26 A-T ...
  -46.9307  -39.6586   43.2488
   -0.6020    0.7985    0.0016
   -0.2363   -0.1763   -0.9555
   -0.7627   -0.5756    0.2949
...    27 A-T ...
  -49.3436  -41.4336   44.5387
   -0.6345    0.5441   -0.5490
    0.1710   -0.5939   -0.7862
   -0.7538   -0.5927    0.2837
...    28 G-C ...
  -52.1090  -42.9935   45.6945
   -0.3925    0.1869   -0.9006
    0.4648   -0.8046   -0.3696
   -0.7937   -0.5636    0.2289
...    29 G-C ...
  -55.1290  -44.5757   46.3078
    0.0147   -0.2380   -0.9711
    0.5888   -0.7830    0.2008
   -0.8082   -0.5747    0.1286
...    30 C-G ...
  -57.9962  -46.1772   46.3223
    0.3878   -0.5864   -0.7111
    0.4605   -0.5450    0.7006
   -0.7984   -0.5992    0.0587
...    31 C-G ...
  -60.7779  -48.0400   46.2379
    0.6415   -0.7377   -0.2103
    0.1424   -0.1550    0.9776
   -0.7538   -0.6571    0.0056
...    32 G-C ...
  -62.9014  -50.2534   46.5012
    0.6973   -0.6426    0.3176
   -0.2454    0.2023    0.9481
   -0.6735   -0.7390   -0.0166
...    33 G-C ...
  -64.7115  -53.1026   46.4531
    0.4777   -0.3867    0.7889
   -0.6228    0.4843    0.6145
   -0.6197   -0.7848   -0.0095
...    34 C-G ...
  -66.4163  -55.9027   46.4139
    0.0673   -0.0266    0.9974
   -0.7974    0.5994    0.0698
   -0.5996   -0.8000    0.0191
...    35 C-G ...
  -68.2452  -58.7415   46.8574
   -0.3842    0.3369    0.8596
   -0.7096    0.4879   -0.5084
   -0.5907   -0.8053    0.0516
...    36 C-G ...
  -70.1418  -61.4968   47.3155
   -0.6942    0.5818    0.4238
   -0.3876    0.1940   -0.9012
   -0.6065   -0.7899    0.0908
...    37 G-C ...
  -72.1839  -64.2049   46.5614
   -0.7500    0.6395   -0.1688
    0.0900   -0.1541   -0.9839
   -0.6553   -0.7531    0.0580
...    38 A-T ...
  -74.1376  -66.6717   46.8255
   -0.5483    0.4385   -0.7121
    0.5311   -0.4752   -0.7015
   -0.6460   -0.7628    0.0276
...    39 C-G ...
  -76.5857  -68.7367   46.9471
   -0.1564    0.1744   -0.9722
    0.7345   -0.6375   -0.2325
   -0.6603   -0.7504   -0.0283
...    40 A-T ...
  -78.8744  -71.1674   46.6767
    0.3568   -0.1326   -0.9247
    0.6819   -0.6397    0.3548
   -0.6386   -0.7571   -0.1378
...    41 C-G ...
  -81.0653  -73.3945   45.6863
    0.6985   -0.3855   -0.6029
    0.3933   -0.4970    0.7735
   -0.5978   -0.7774   -0.1956
...    42 G-C ...
  -82.8064  -76.2274   45.3639
    0.8473   -0.5306   -0.0238
   -0.1161   -0.2287    0.9666
   -0.5183   -0.8162   -0.2553
...    43 A-T ...
  -84.4434  -78.8076   44.4838
    0.6194   -0.5598    0.5504
   -0.5938    0.1245    0.7949
   -0.5135   -0.8192   -0.2553
...    44 C-G ...
  -85.6151  -81.6251   43.1999
    0.2310   -0.3721    0.8990
   -0.8476    0.3767    0.3738
   -0.4778   -0.8483   -0.2283
...    45 T-A ...
  -86.6460  -85.0202   42.4272
   -0.2855   -0.0827    0.9548
   -0.8367    0.5073   -0.2063
   -0.4674   -0.8578   -0.2140
...    46 T-A ...
  -87.8020  -87.9912   41.7735
   -0.6979    0.1663    0.6966
   -0.5554    0.4884   -0.6731
   -0.4521   -0.8566   -0.2485
...    47 A-T ...
  -89.4170  -90.7121   40.5480
   -0.9030    0.4206    0.0875
    0.0352    0.2754   -0.9607
   -0.4282   -0.8644   -0.2635
...    48 C-G ...
  -91.0219  -93.6410   40.3189
   -0.7391    0.5131   -0.4364
    0.5144    0.0116   -0.8575
   -0.4349   -0.8583   -0.2725
...    49 T-A ...
  -92.8534  -96.3920   39.5993
   -0.3104    0.5054   -0.8051
    0.8278   -0.2727   -0.4903
   -0.4673   -0.8187   -0.3337
...    50 G-C ...
  -94.4474  -99.0267   38.1951
    0.2701    0.3798   -0.8848
    0.8581   -0.5118    0.0422
   -0.4368   -0.7706   -0.4641
...    51 T-A ...
  -96.2250 -101.1133   36.5268
    0.6847    0.1399   -0.7153
    0.6156   -0.6364    0.4648
   -0.3902   -0.7586   -0.5219
...    52 A-T ...
  -97.3645 -103.2171   34.1581
    0.9669   -0.0490   -0.2504
    0.1570   -0.6590    0.7355
   -0.2011   -0.7505   -0.6295
...    53 G-C ...
  -98.0932 -105.4012   31.8810
    0.9350   -0.2762    0.2226
   -0.3466   -0.5773    0.7393
   -0.0757   -0.7684   -0.6354
...    54 G-C ...
  -97.6917 -107.7774   29.1638
    0.5986   -0.4739    0.6458
   -0.8008   -0.3731    0.4685
    0.0189   -0.7976   -0.6029
...    55 T-A ...
  -97.0462 -110.3174   27.2031
    0.0994   -0.5889    0.8021
   -0.9937   -0.1012    0.0488
    0.0524   -0.8018   -0.5952
...    56 A-T ...
  -96.3939 -113.1241   25.4008
   -0.5023   -0.5142    0.6952
   -0.8614    0.2276   -0.4540
    0.0753   -0.8269   -0.5573
...    57 T-A ...
  -95.5296 -116.0050   24.0099
   -0.8731   -0.3524    0.3368
   -0.4756    0.4647   -0.7469
    0.1067   -0.8123   -0.5733
...    58 C-G ...
  -95.1762 -118.9046   22.3232
   -0.9776   -0.0016   -0.2105
    0.1674    0.6004   -0.7820
    0.1276   -0.7997   -0.5866
...    59 T-A ...
  -95.0394 -121.7402   20.5150
   -0.7414    0.3512   -0.5718
    0.6635    0.5111   -0.5464
    0.1004   -0.7845   -0.6120
...    60 C-G ...
  -94.6785 -124.4356   18.5032
   -0.2118    0.6072   -0.7658
    0.9697    0.2281   -0.0874
    0.1216   -0.7611   -0.6371
...    61 G-C ...
  -93.7424 -126.7506   16.3461
    0.2735    0.7747   -0.5701
    0.9431   -0.0995    0.3172
    0.1890   -0.6244   -0.7579
...    62 A-T ...
  -93.0126 -128.9730   14.0884
    0.7281    0.6496   -0.2187
    0.6201   -0.4884    0.6139
    0.2920   -0.5826   -0.7585
...    63 G-C ...
  -91.9658 -130.5044   11.3374
    0.9077    0.3674    0.2027
    0.1695   -0.7629    0.6239
    0.3838   -0.5320   -0.7548
...    64 C-G ...
  -90.4864 -131.7572    8.5634
    0.8172   -0.0908    0.5692
   -0.3582   -0.8537    0.3781
    0.4516   -0.5128   -0.7301
...    65 T-A ...
  -88.7864 -133.1498    6.1056
    0.4800   -0.4871    0.7296
   -0.7040   -0.7101   -0.0110
    0.5235   -0.5084   -0.6837
...    66 C-G ...
  -87.1506 -135.1928    4.1983
   -0.0275   -0.7938    0.6076
   -0.7938   -0.3521   -0.4959
    0.6075   -0.4960   -0.6204
...    67 G-C ...
  -85.9363 -137.3079    1.6626
   -0.4934   -0.8390    0.2296
   -0.5921    0.1306   -0.7952
    0.6372   -0.5283   -0.5612
...    68 G-C ...
  -83.7005 -139.2198   -0.0121
   -0.7577   -0.6073   -0.2389
   -0.2133    0.5763   -0.7889
    0.6168   -0.5468   -0.5662
...    69 G-C ...
  -81.7010 -141.2376   -1.7736
   -0.7921   -0.1500   -0.5916
    0.2512    0.8033   -0.5400
    0.5562   -0.5764   -0.5986
...    70 A-T ...
  -79.8878 -143.4103   -3.5970
   -0.4704    0.3612   -0.8051
    0.6691    0.7409   -0.0585
    0.5754   -0.5662   -0.5902
...    71 T-A ...
  -78.4864 -145.6186   -5.6192
   -0.0649    0.7050   -0.7063
    0.8098    0.4508    0.3756
    0.5832   -0.5475   -0.6001
...    72 C-G ...
  -76.7172 -147.4238   -7.7507
    0.3994    0.8566   -0.3266
    0.6841   -0.0414    0.7282
    0.6103   -0.5143   -0.6026
...    73 C-G ...
  -74.9177 -149.3511   -9.7383
    0.5767    0.7940    0.1924
    0.3713   -0.4646    0.8039
    0.7277   -0.3922   -0.5627
...    74 G-C ...
  -72.2291 -150.6765  -11.1818
    0.5308    0.5016    0.6831
    0.0584   -0.8257    0.5610
    0.8455   -0.2579   -0.4676
...    75 C-G ...
  -69.2050 -150.9546  -12.8306
    0.4416   -0.0461    0.8960
   -0.2264   -0.9721    0.0615
    0.8682   -0.2301   -0.4397
...    76 T-A ...
  -65.8699 -151.3555  -13.7845
    0.2218   -0.5810    0.7831
   -0.3605   -0.7950   -0.4878
    0.9060   -0.1741   -0.3858
...    77 T-A ...
  -62.7639 -151.6803  -14.7444
    0.0101   -0.9428    0.3331
   -0.4042   -0.3086   -0.8610
    0.9146   -0.1259   -0.3842
...    78 T-A ...
  -59.6261 -151.9900  -15.6257
   -0.1713   -0.9497   -0.2622
   -0.3348    0.3064   -0.8911
    0.9266   -0.0649   -0.3705
...    79 T-A ...
  -56.5257 -152.1012  -16.5857
   -0.2665   -0.5771   -0.7719
   -0.1970    0.8166   -0.5425
    0.9435    0.0075   -0.3313
...    80 C-G ...
  -53.3570 -151.7649  -17.6673
   -0.3177    0.0259   -0.9478
   -0.0128    0.9994    0.0316
    0.9481    0.0221   -0.3172
...    81 A-T ...
  -50.0748 -151.4647  -18.3687
   -0.3632    0.5748   -0.7333
    0.1536    0.8132    0.5614
    0.9190    0.0912   -0.3836
...    82 T-A ...
  -47.2652 -151.4294  -19.9849
   -0.2876    0.8929   -0.3466
    0.3087    0.4290    0.8489
    0.9066    0.1372   -0.3990
...    83 G-C ...
  -44.2318 -150.8148  -21.6250
   -0.1953    0.9522    0.2350
    0.4090   -0.1387    0.9019
    0.8914    0.2723   -0.3623
...    84 T-A ...
  -41.6886 -149.5863  -23.3435
   -0.0163    0.7432    0.6689
    0.4584   -0.5890    0.6656
    0.8886    0.3175   -0.3311
...    85 T-A ...
  -39.0128 -148.3080  -24.3166
    0.1267    0.3080    0.9429
    0.4294   -0.8739    0.2277
    0.8942    0.3761   -0.2430
...    86 A-T ...
  -36.0473 -147.0365  -24.7998
    0.1888   -0.2351    0.9535
    0.3563   -0.8884   -0.2896
    0.9151    0.3944   -0.0840
...    87 T-A ...
  -33.4046 -145.1853  -24.6543
    0.3398   -0.6392    0.6899
    0.2419   -0.6495   -0.7209
    0.9089    0.4118   -0.0661
...    88 A-T ...
  -30.3206 -143.9223  -24.9490
    0.4002   -0.9046    0.1469
    0.0495   -0.1388   -0.9891
    0.9151    0.4031   -0.0108
...    89 A-T ...
  -27.3992 -142.6271  -24.7372
    0.3849   -0.8147   -0.4338
   -0.1796    0.3949   -0.9010
    0.9053    0.4247    0.0057
...    90 C-G ...
  -24.1401 -141.5914  -24.1085
    0.2595   -0.4470   -0.8561
   -0.3723    0.7716   -0.5157
    0.8911    0.4526    0.0338
...    91 G-C ...
  -21.3370 -139.9364  -24.2184
   -0.0513    0.0687   -0.9963
   -0.4535    0.8873    0.0845
    0.8898    0.4561   -0.0144
...    92 G-C ...
  -18.3144 -138.6182  -24.3257
   -0.3478    0.4786   -0.8062
   -0.3653    0.7227    0.5867
    0.8635    0.4986   -0.0766
...    93 A-T ...
  -15.3813 -137.1422  -24.6662
   -0.5363    0.7735   -0.3379
   -0.1249    0.3232    0.9381
    0.8347    0.5453   -0.0768
...    94 A-T ...
  -12.7755 -135.2680  -25.1548
   -0.5486    0.7971    0.2525
    0.2026   -0.1662    0.9650
    0.8112    0.5805   -0.0703
...    95 A-T ...
  -10.3087 -133.2175  -25.6657
   -0.4037    0.5517    0.7298
    0.4684   -0.5606    0.6829
    0.7859    0.6175   -0.0320
...    96 C-G ...
   -8.2090 -130.6907  -26.0375
   -0.1653    0.1694    0.9716
    0.6155   -0.7520    0.2359
    0.7706    0.6370    0.0200
...    97 A-T ...
   -5.8123 -128.4074  -25.6900
    0.0829   -0.3391    0.9371
    0.6536   -0.6914   -0.3080
    0.7523    0.6380    0.1643
...    98 C-G ...
   -3.7155 -126.0359  -24.5934
    0.3753   -0.6660    0.6446
    0.5485   -0.4011   -0.7337
    0.7472    0.6289    0.2148
...    99 T-A ...
   -1.3220 -123.7924  -23.0465
    0.6008   -0.7885    0.1317
    0.2775    0.0512   -0.9594
    0.7497    0.6129    0.2495
...   100 T-A ...
    1.0381 -121.8978  -21.8189
    0.6949   -0.5740   -0.4332
   -0.1187    0.5026   -0.8563
    0.7092    0.6465    0.2811
...   101 T-A ...
    3.3707 -119.9958  -20.5399
    0.5462   -0.1453   -0.8249
   -0.5049    0.7287   -0.4627
    0.6684    0.6693    0.3246
...   102 A-T ...
    5.3737 -117.4785  -19.4586
    0.1354    0.3452   -0.9287
   -0.7547    0.6432    0.1290
    0.6419    0.6835    0.3477
...   103 T-A ...
    7.9536 -115.6278  -18.6883
   -0.2496    0.5842   -0.7722
   -0.7407    0.3985    0.5409
    0.6238    0.7070    0.3333
...   104 G-C ...
   10.0964 -113.2111  -17.8783
   -0.7060    0.6309   -0.3217
   -0.4221   -0.0101    0.9065
    0.5687    0.7758    0.2734
...   105 C-G ...
   11.6620 -110.4339  -17.4255
   -0.8693    0.4629    0.1733
   -0.0030   -0.3555    0.9347
    0.4943    0.8120    0.3104
...   106 T-A ...
   13.0709 -107.3914  -16.7214
   -0.7582    0.1443    0.6359
    0.4851   -0.5268    0.6980
    0.4357    0.8376    0.3294
...   107 T-A ...
   14.2218 -104.5921  -15.7247
   -0.4142   -0.2312    0.8803
    0.8307   -0.4913    0.2618
    0.3720    0.8398    0.3955
...   108 C-G ...
   15.1228 -101.8396  -14.2058
    0.0724   -0.5262    0.8473
    0.9374   -0.2543   -0.2381
    0.3407    0.8114    0.4748
...   109 C-G ...
   16.0263  -99.2482  -12.4039
    0.4992   -0.6636    0.5571
    0.7858    0.0759   -0.6138
    0.3650    0.7442    0.5594
...   110 G-C ...
   17.4574  -97.1579  -10.7252
    0.7884   -0.6015    0.1292
    0.4611    0.4386   -0.7714
    0.4073    0.6677    0.6231
...   111 G-C ...
   19.1831  -95.4023   -8.3982
    0.8973   -0.2895   -0.3331
   -0.0184    0.7297   -0.6836
    0.4410    0.6195    0.6494
...   112 C-G ...
   20.9335  -93.8311   -6.0032
    0.7344    0.1382   -0.6645
   -0.4967    0.7767   -0.3874
    0.4626    0.6145    0.6390
...   113 T-A ...
   22.5800  -91.9636   -3.8444
    0.3670    0.5193   -0.7718
   -0.8061    0.5915    0.0147
    0.4641    0.6168    0.6357
...   114 C-G ...
   24.0864  -89.8903   -1.7096
   -0.1774    0.7512   -0.6358
   -0.8765    0.1731    0.4491
    0.4475    0.6370    0.6277
...   115 G-C ...
   25.1139  -87.8219    0.6665
   -0.6802    0.6579   -0.3234
   -0.6322   -0.3029    0.7132
    0.3712    0.6895    0.6219
...   116 T-A ...
   26.2925  -85.1396    2.1395
   -0.9315    0.3600    0.0527
   -0.1890   -0.6026    0.7754
    0.3109    0.7123    0.6293
...   117 A-T ...
   27.0460  -82.1950    3.7986
   -0.9206   -0.1198    0.3716
    0.3502   -0.6746    0.6499
    0.1728    0.7284    0.6630
...   118 T-A ...
   27.1342  -79.4594    5.4956
   -0.6396   -0.4428    0.6284
    0.7522   -0.5289    0.3929
    0.1584    0.7240    0.6714
...   119 A-T ...
   27.5197  -77.2051    7.8356
   -0.1804   -0.7371    0.6513
    0.9804   -0.1884    0.0583
    0.0798    0.6490    0.7566
...   120 A-T ...
   27.4097  -75.2061   10.3716
    0.3838   -0.7462    0.5439
    0.9209    0.2661   -0.2848
    0.0677    0.6102    0.7893
...   121 T-A ...
   27.0465  -73.5531   13.2466
    0.7990   -0.5042    0.3277
    0.5989    0.6186   -0.5085
    0.0537    0.6026    0.7962
...   122 G-C ...
   27.2071  -71.7789   16.1417
    0.9938   -0.0885   -0.0670
    0.0326    0.8099   -0.5857
    0.1061    0.5799    0.8078
...   123 T-A ...
   27.6895  -70.3277   19.0412
    0.8825    0.3243   -0.3407
   -0.4585    0.7544   -0.4697
    0.1047    0.5707    0.8144
...   124 G-C ...
   28.1369  -68.4775   21.7549
    0.4585    0.6688   -0.5852
   -0.8763    0.4496   -0.1729
    0.1475    0.5921    0.7922
...   125 T-A ...
   29.0992  -66.7832   24.3300
   -0.0583    0.7854   -0.6162
   -0.9880    0.0431    0.1483
    0.1430    0.6175    0.7735
...   126 C-G ...
   29.6060  -64.7983   26.7420
   -0.6201    0.6660   -0.4147
   -0.7712   -0.4204    0.4780
    0.1440    0.6162    0.7743
...   127 G-C ...
   29.5863  -62.9711   29.4480
   -0.9262    0.2624   -0.2708
   -0.3764   -0.6859    0.6228
   -0.0223    0.6787    0.7340
...   128 A-T ...
   29.6599  -60.8370   31.7486
   -0.9749   -0.1892    0.1171
    0.2194   -0.7306    0.6466
   -0.0368    0.6561    0.7538
...   129 C-G ...
   29.1583  -58.2282   33.6911
   -0.7191   -0.5749    0.3904
    0.6896   -0.5208    0.5031
   -0.0859    0.6310    0.7710
...   130 C-G ...
   28.0383  -56.2079   36.2253
   -0.2675   -0.8359    0.4793
    0.9484   -0.1405    0.2844
   -0.1704    0.5306    0.8303
...   131 A-T ...
   27.7728  -54.8801   39.2657
    0.2858   -0.8655    0.4113
    0.9422    0.3321    0.0441
   -0.1747    0.3749    0.9104
...   132 A-T ...
   27.0564  -53.8944   42.3078
    0.7630   -0.5387    0.3571
    0.6205    0.7653   -0.1711
   -0.1811    0.3521    0.9183
...   133 A-T ...
   26.2454  -53.1009   45.3916
    0.9718    0.0307    0.2339
    0.0564    0.9325   -0.3567
   -0.2291    0.3598    0.9045
...   134 T-A ...
   25.6208  -52.5913   48.6399
    0.8597    0.5097    0.0340
   -0.4497    0.7866   -0.4231
   -0.2424    0.3485    0.9054
...   135 G-C ...
   25.2757  -52.5095   52.0791
    0.3204    0.9427   -0.0928
   -0.8825    0.2614   -0.3910
   -0.3443    0.2071    0.9157
...   136 T-A ...
   25.5257  -52.9786   55.8049
   -0.2439    0.9563   -0.1610
   -0.8908   -0.2866   -0.3525
   -0.3833    0.0575    0.9218
...   137 G-C ...
   24.8932  -52.7377   58.9864
   -0.7529    0.5562   -0.3519
   -0.5215   -0.8303   -0.1966
   -0.4015    0.0355    0.9152
...   138 A-T ...
   24.0142  -51.6373   61.9241
   -0.9563    0.0401   -0.2896
   -0.0524   -0.9980    0.0347
   -0.2876    0.0484    0.9565
...   139 G-C ...
   22.3466  -51.2411   64.4939
   -0.8529   -0.5118   -0.1033
    0.4974   -0.8566    0.1373
   -0.1587    0.0657    0.9851
...   140 C-G ...
   22.1502  -50.1498   67.4638
   -0.4681   -0.8748    0.1248
    0.8495   -0.4066    0.3362
   -0.2434    0.2634    0.9335
...   141 G-C ...
   21.4256  -51.8266   72.7875
    0.1303   -0.7143   -0.6876
    0.8897   -0.2218    0.3990
   -0.4375   -0.6638    0.6066
...   142 C-G ...
   20.4245  -54.3094   74.5418
    0.5846   -0.7390   -0.3348
    0.7594    0.3532    0.5465
   -0.2856   -0.5737    0.7676
...   143 T-A ...
   18.4270  -55.5290   76.5298
    0.8548   -0.5005    0.1370
    0.3188    0.7148    0.6224
   -0.4095   -0.4884    0.7706
...   144 C-G ...
   16.8371  -57.7222   78.2673
    0.8529   -0.0846    0.5151
   -0.1508    0.9048    0.3983
   -0.4998   -0.4174    0.7589
...   145 A-T ...
   15.7828  -59.5615   80.7980
    0.5516    0.4995    0.6680
   -0.6739    0.7388    0.0039
   -0.4916   -0.4523    0.7441
...   146 C-G ...
   15.7314  -61.4940   83.9316
    0.0344    0.7399    0.6718
   -0.8637    0.3602   -0.3526
   -0.5029   -0.5681    0.6514
...   147 A-T ...
   14.7383  -63.4279   86.8192
   -0.5924    0.6746    0.4405
   -0.6886   -0.1401   -0.7114
   -0.4182   -0.7248    0.5475
