  147 base-pairs
...     1 T-A ...
    0.0000    0.0000    0.0000
    1.0000    0.0000    0.0000
    0.0000    1.0000    0.0000
    0.0000    0.0000    1.0000
...     2 G-C ...
   -0.5555   -1.1003    3.3981
    0.7749    0.6051    0.1828
   -0.5991    0.7953   -0.0929
   -0.2016   -0.0375    0.9787
...     3 T-A ...
   -0.6619   -3.0237    6.5348
    0.3046    0.9250    0.2271
   -0.8994    0.3578   -0.2510
   -0.3134   -0.1278    0.9410
...     4 G-C ...
   -1.1607   -3.8418    9.6940
   -0.3351    0.9421    0.0133
   -0.8752   -0.3061   -0.3746
   -0.3489   -0.1372    0.9271
...     5 A-T ...
   -1.3881   -3.6770   12.8999
   -0.7835    0.6162   -0.0801
   -0.5677   -0.7622   -0.3109
   -0.2527   -0.1981    0.9470
...     6 G-C ...
   -2.6236   -3.5448   15.7072
   -0.9923    0.0611   -0.1075
   -0.0294   -0.9610   -0.2748
   -0.1201   -0.2695    0.9555
...     7 C-G ...
   -2.3138   -3.7570   18.8866
   -0.8620   -0.4995   -0.0864
    0.5008   -0.8655    0.0073
   -0.0785   -0.0370    0.9962
...     8 G-C ...
   -3.9561   -6.8109   23.3205
   -0.2581   -0.3560   -0.8981
    0.6294   -0.7673    0.1233
   -0.7330   -0.5335    0.4221
...     9 C-G ...
   -6.1177   -8.9414   24.2385
    0.1143   -0.7320   -0.6716
    0.8123   -0.3203    0.4874
   -0.5720   -0.6013    0.5580
...    10 T-A ...
   -8.5041   -9.6771   26.0540
    0.4660   -0.8587   -0.2131
    0.6274    0.1508    0.7640
   -0.6239   -0.4897    0.6090
...    11 C-G ...
  -11.0625  -11.3174   27.2336
    0.6660   -0.6911    0.2808
    0.3382    0.6152    0.7121
   -0.6649   -0.3794    0.6435
...    12 A-T ...
  -13.0013  -13.1789   29.0658
    0.7188   -0.1490    0.6790
   -0.1787    0.9043    0.3876
   -0.6718   -0.4000    0.6235
...    13 C-G ...
  -14.1788  -15.9359   31.3399
    0.4052    0.2865    0.8682
   -0.5270    0.8492   -0.0343
   -0.7470   -0.4437    0.4951
...    14 A-T ...
  -15.9532  -18.1566   33.3080
   -0.1503    0.6873    0.7107
   -0.6106    0.5008   -0.6135
   -0.7776   -0.5261    0.3444
...    15 A-T ...
  -18.3213  -19.9397   34.6365
   -0.4750    0.8466    0.2401
   -0.4059    0.0313   -0.9134
   -0.7808   -0.5313    0.3288
...    16 T-A ...
  -20.6655  -21.5061   36.3284
   -0.6061    0.7539   -0.2534
   -0.1079   -0.3936   -0.9129
   -0.7880   -0.5260    0.3199
...    17 T-A ...
  -23.2367  -23.0429   37.5585
   -0.5430    0.4190   -0.7277
    0.2518   -0.7455   -0.6171
   -0.8011   -0.5184    0.2993
...    18 T-A ...
  -25.9399  -24.4896   38.5923
   -0.2854   -0.0489   -0.9572
    0.5076   -0.8548   -0.1077
   -0.8129   -0.5166    0.2688
...    19 A-T ...
  -28.8055  -26.0715   39.2161
    0.1443   -0.4422   -0.8852
    0.5463   -0.7103    0.4439
   -0.8250   -0.5477    0.1391
...    20 T-A ...
  -31.7845  -27.4476   39.1811
    0.4118   -0.7275   -0.5488
    0.3928   -0.4017    0.8273
   -0.8223   -0.5562    0.1203
...    21 T-A ...
  -34.5161  -29.1924   39.2789
    0.5663   -0.8241    0.0094
    0.0828    0.0682    0.9942
   -0.8200   -0.5623    0.1068
...    22 C-G ...
  -37.1058  -31.1795   39.5251
    0.5284   -0.6155    0.5847
   -0.2839    0.5209    0.8050
   -0.8001   -0.5914    0.1005
...    23 G-C ...
  -39.8210  -32.9891   40.2505
    0.3439   -0.1686    0.9238
   -0.5663    0.7475    0.3472
   -0.7490   -0.6426    0.1616
...    24 C-G ...
  -42.0067  -35.4236   40.8147
   -0.0009    0.2859    0.9583
   -0.6716    0.7098   -0.2124
   -0.7409   -0.6438    0.1913
...    25 A-T ...
  -44.6360  -37.3741   41.3668
   -0.3339    0.6859    0.6466
   -0.5622    0.4057   -0.7206
   -0.7566   -0.6041    0.2502
...    26 A-T ...
  -46.9566  -39.3932   42.4226
   -0.6075    0.7846    0.1238
   -0.2599   -0.0490   -0.9644
   -0.7506   -0.6180    0.2337
...    27 A-T ...
  -49.3728  -41.3113   43.4376
   -0.6489    0.6177   -0.4443
    0.1402   -0.4768   -0.8677
   -0.7479   -0.6253    0.2228
...    28 G-C ...
  -51.9891  -43.1228   44.3387
   -0.4212    0.3277   -0.8457
    0.4600   -0.7264   -0.5106
   -0.7817   -0.6041    0.1553
...    29 G-C ...
  -54.8570  -44.8349   44.8375
   -0.0278   -0.0447   -0.9986
    0.5999   -0.7998    0.0191
   -0.7996   -0.5986    0.0491
...    30 C-G ...
  -57.7373  -46.4412   44.7606
    0.3500   -0.4250   -0.8348
    0.5088   -0.6620    0.5503
   -0.7865   -0.6174   -0.0155
...    31 C-G ...
  -60.4331  -48.4092   44.2604
    0.6462   -0.6437   -0.4100
    0.2169   -0.3601    0.9073
   -0.7317   -0.6753   -0.0931
...    32 G-C ...
  -62.6418  -50.9147   44.1529
    0.7440   -0.6471    0.1665
   -0.2150    0.0040    0.9766
   -0.6326   -0.7624   -0.1361
...    33 G-C ...
  -64.4369  -53.6850   43.4487
    0.5585   -0.4804    0.6763
   -0.6106    0.3138    0.7271
   -0.5615   -0.8190   -0.1181
...    34 C-G ...
  -65.8935  -56.6232   42.9439
    0.1506   -0.2050    0.9671
   -0.8320    0.5020    0.2359
   -0.5339   -0.8402   -0.0949
...    35 C-G ...
  -67.4433  -59.6186   42.8415
   -0.3022    0.1508    0.9412
   -0.7954    0.5042   -0.3362
   -0.5253   -0.8503   -0.0325
...    36 C-G ...
  -69.0869  -62.5624   43.0237
   -0.6611    0.4488    0.6013
   -0.5083    0.3216   -0.7989
   -0.5519   -0.8338    0.0155
...    37 G-C ...
  -71.1081  -65.2094   42.6736
   -0.7860    0.6168    0.0417
   -0.0480    0.0063   -0.9988
   -0.6163   -0.7871    0.0247
...    38 A-T ...
  -73.1009  -67.8094   42.8590
   -0.6466    0.5237   -0.5547
    0.4320   -0.3479   -0.8321
   -0.6287   -0.7776   -0.0012
...    39 C-G ...
  -75.5310  -70.0242   43.2302
   -0.3046    0.2941   -0.9060
    0.7080   -0.5663   -0.4219
   -0.6371   -0.7699   -0.0357
...    40 A-T ...
  -77.6139  -72.6266   43.0230
    0.2219    0.0294   -0.9746
    0.7455   -0.6493    0.1502
   -0.6284   -0.7599   -0.1660
...    41 C-G ...
  -80.0398  -74.6713   42.1762
    0.6072   -0.2647   -0.7492
    0.5190   -0.5819    0.6262
   -0.6017   -0.7690   -0.2160
...    42 G-C ...
  -81.7658  -77.4473   41.4875
    0.8747   -0.4131   -0.2535
    0.0824   -0.3886    0.9177
   -0.4777   -0.8236   -0.3059
...    43 A-T ...
  -83.1799  -80.1620   40.3553
    0.7864   -0.5161    0.3393
   -0.4523   -0.1070    0.8854
   -0.4207   -0.8498   -0.3176
...    44 C-G ...
  -84.0527  -82.9718   38.8543
    0.4512   -0.4694    0.7590
   -0.8072    0.1480    0.5714
   -0.3806   -0.8705   -0.3121
...    45 T-A ...
  -84.9211  -85.9972   37.8300
   -0.0273   -0.2824    0.9589
   -0.9411    0.3307    0.0706
   -0.3371   -0.9005   -0.2748
...    46 T-A ...
  -85.7014  -89.0368   36.9565
   -0.5786   -0.0762    0.8120
   -0.7534    0.4313   -0.4964
   -0.3124   -0.8990   -0.3070
...    47 A-T ...
  -86.9602  -91.8198   35.4856
   -0.9447    0.1656    0.2829
   -0.1990    0.3963   -0.8963
   -0.2605   -0.9031   -0.3414
...    48 C-G ...
  -87.8800  -94.9851   34.9499
   -0.9062    0.3543   -0.2307
    0.3311    0.2556   -0.9083
   -0.2629   -0.8995   -0.3489
...    49 T-A ...
  -89.0055  -97.9633   33.9998
   -0.5816    0.4794   -0.6572
    0.7621    0.0386   -0.6463
   -0.2845   -0.8767   -0.3878
...    50 G-C ...
  -89.9061 -100.8170   32.5391
   -0.0266    0.5198   -0.8539
    0.9575   -0.2323   -0.1712
   -0.2874   -0.8221   -0.4915
...    51 T-A ...
  -91.4033 -103.2229   30.8653
    0.4821    0.3750   -0.7918
    0.8386   -0.4591    0.2932
   -0.2535   -0.8054   -0.5358
...    52 A-T ...
  -92.3358 -105.6061   28.7203
    0.8823    0.2214   -0.4154
    0.4565   -0.6172    0.6408
   -0.1145   -0.7550   -0.6456
...    53 G-C ...
  -92.6488 -107.8267   26.3136
    0.9984   -0.0423    0.0364
   -0.0553   -0.6650    0.7448
   -0.0073   -0.7456   -0.6663
...    54 G-C ...
  -92.2145 -110.0874   23.8550
    0.8147   -0.3023    0.4948
   -0.5677   -0.5895    0.5746
    0.1180   -0.7491   -0.6519
...    55 T-A ...
  -91.2671 -112.2209   21.5407
    0.4013   -0.5356    0.7430
   -0.9017   -0.3736    0.2176
    0.1610   -0.7573   -0.6329
...    56 A-T ...
  -90.9257 -114.8508   19.5054
   -0.2274   -0.6489    0.7260
   -0.9541   -0.0006   -0.2994
    0.1947   -0.7608   -0.6190
...    57 T-A ...
  -89.6665 -117.4163   17.8295
   -0.6769   -0.5798    0.4534
   -0.7033    0.3280   -0.6307
    0.2170   -0.7458   -0.6298
...    58 C-G ...
  -88.9335 -119.9609   15.8738
   -0.9598   -0.2799   -0.0183
   -0.1620    0.6065   -0.7784
    0.2290   -0.7442   -0.6275
...    59 T-A ...
  -88.2913 -122.6414   14.0148
   -0.9047    0.1017   -0.4137
    0.3705    0.6672   -0.6462
    0.2103   -0.7379   -0.6413
...    60 C-G ...
  -87.6108 -125.1448   11.9939
   -0.5181    0.4909   -0.7004
    0.8268    0.4973   -0.2631
    0.2191   -0.7153   -0.6635
...    61 G-C ...
  -86.4999 -127.4116    9.8114
   -0.0169    0.7748   -0.6320
    0.9694    0.1675    0.1795
    0.2449   -0.6097   -0.7539
...    62 A-T ...
  -85.7948 -129.4103    7.3519
    0.5137    0.7786   -0.3604
    0.8068   -0.2955    0.5116
    0.2918   -0.5536   -0.7800
...    63 G-C ...
  -84.9644 -130.9469    4.5732
    0.8091    0.5865    0.0376
    0.4442   -0.6521    0.6144
    0.3848   -0.4804   -0.7881
...    64 C-G ...
  -83.6814 -132.0062    1.7547
    0.8860    0.1975    0.4196
   -0.0307   -0.8778    0.4781
    0.4627   -0.4365   -0.7716
...    65 T-A ...
  -81.8897 -133.0478   -0.7914
    0.7016   -0.2353    0.6726
   -0.4427   -0.8836    0.1526
    0.5584   -0.4048   -0.7241
...    66 C-G ...
  -79.8231 -134.3470   -2.9475
    0.3004   -0.6856    0.6630
   -0.7342   -0.6100   -0.2981
    0.6089   -0.3972   -0.6866
...    67 G-C ...
  -78.0160 -136.1141   -5.1337
   -0.2005   -0.8823    0.4259
   -0.7208   -0.1615   -0.6740
    0.6635   -0.4421   -0.6036
...    68 T-A ...
  -75.4305 -137.6280   -6.6135
   -0.5440   -0.8391    0.0006
   -0.4984    0.3226   -0.8047
    0.6750   -0.4381   -0.5937
...    69 C-G ...
  -73.1779 -139.1610   -8.4688
   -0.7214   -0.4879   -0.4914
   -0.0769    0.7617   -0.6434
    0.6883   -0.4263   -0.5870
...    70 A-T ...
  -70.8236 -140.2422  -10.5267
   -0.6631    0.0690   -0.7453
    0.3504    0.9085   -0.2277
    0.6614   -0.4122   -0.6266
...    71 T-A ...
  -69.0083 -142.1564  -12.5154
   -0.3893    0.5165   -0.7627
    0.6229    0.7576    0.1951
    0.6786   -0.3991   -0.6167
...    72 G-C ...
  -66.7024 -143.3294  -14.6089
   -0.0734    0.8918   -0.4464
    0.7259    0.3547    0.5893
    0.6838   -0.2808   -0.6734
...    73 T-A ...
  -64.9381 -144.2270  -17.2143
    0.2539    0.9664   -0.0404
    0.6572   -0.1418    0.7403
    0.7096   -0.2145   -0.6711
...    74 T-A ...
  -62.7483 -144.7462  -19.5129
    0.5129    0.7510    0.4160
    0.4241   -0.6429    0.6378
    0.7464   -0.1507   -0.6482
...    75 A-T ...
  -60.2285 -144.5186  -21.7110
    0.4754    0.3517    0.8064
    0.1719   -0.9361    0.3070
    0.8628   -0.0073   -0.5054
...    76 T-A ...
  -57.4765 -143.8367  -23.3231
    0.4680   -0.1527    0.8704
   -0.0611   -0.9882   -0.1405
    0.8816    0.0126   -0.4718
...    77 A-T ...
  -54.4178 -143.7735  -24.6183
    0.2781   -0.6844    0.6739
   -0.2520   -0.7290   -0.6364
    0.9269    0.0071   -0.3752
...    78 A-T ...
  -51.3007 -143.5926  -25.5307
    0.1153   -0.9772    0.1781
   -0.3479   -0.2077   -0.9142
    0.9304    0.0434   -0.3639
...    79 C-G ...
  -48.0001 -143.5290  -26.1003
   -0.0739   -0.9397   -0.3340
   -0.3393    0.3386   -0.8776
    0.9378    0.0484   -0.3439
...    80 G-C ...
  -45.0678 -143.1223  -27.6365
   -0.2872   -0.5784   -0.7635
   -0.2243    0.8155   -0.5335
    0.9312    0.0181   -0.3640
...    81 G-C ...
  -41.8645 -143.2423  -28.6987
   -0.4065   -0.0367   -0.9129
   -0.0462    0.9987   -0.0196
    0.9125    0.0342   -0.4076
...    82 A-T ...
  -38.8182 -143.2336  -29.9010
   -0.3813    0.5521   -0.7415
    0.1695    0.8303    0.5310
    0.9088    0.0768   -0.4101
...    83 G-C ...
  -35.9291 -143.1190  -31.4770
   -0.3194    0.8895   -0.3268
    0.3155    0.4250    0.8484
    0.8935    0.1679   -0.4164
...    84 G-C ...
  -33.0822 -142.5759  -33.1801
   -0.2245    0.9502    0.2160
    0.4341   -0.1010    0.8952
    0.8725    0.2947   -0.3898
...    85 A-T ...
  -30.3262 -141.5016  -34.4854
   -0.0248    0.7013    0.7124
    0.4992   -0.6088    0.6166
    0.8661    0.3709   -0.3350
...    86 T-A ...
  -27.8998 -139.7519  -35.7603
    0.1773    0.3000    0.9373
    0.4649   -0.8650    0.1889
    0.8674    0.4023   -0.2929
...    87 C-G ...
  -25.0918 -138.2772  -36.4278
    0.3523   -0.2651    0.8976
    0.3304   -0.8621   -0.3843
    0.8756    0.4319   -0.2161
...    88 C-G ...
  -22.1112 -136.7035  -36.5571
    0.4029   -0.7157    0.5705
    0.1600   -0.5587   -0.8138
    0.9012    0.4192   -0.1106
...    89 G-C ...
  -18.9532 -135.7450  -37.0581
    0.3650   -0.9307    0.0255
   -0.0112   -0.0318   -0.9994
    0.9309    0.3645   -0.0220
...    90 C-G ...
  -15.7920 -134.7408  -36.7459
    0.2926   -0.7966   -0.5290
   -0.1871    0.4948   -0.8486
    0.9378    0.3473   -0.0043
...    91 T-A ...
  -12.5886 -133.8640  -36.5714
    0.1399   -0.4114   -0.9007
   -0.3073    0.8467   -0.4345
    0.9413    0.3375   -0.0079
...    92 T-A ...
   -9.4358 -133.0364  -36.4091
   -0.0174    0.1734   -0.9847
   -0.3610    0.9173    0.1679
    0.9324    0.3584    0.0467
...    93 T-A ...
   -6.3142 -132.1318  -36.2850
   -0.2077    0.6728   -0.7100
   -0.3161    0.6408    0.6996
    0.9257    0.3698    0.0796
...    94 A-T ...
   -3.2688 -130.8261  -36.0061
   -0.4409    0.8775   -0.1886
   -0.1483    0.1360    0.9795
    0.8852    0.4598    0.0701
...    95 A-T ...
   -0.4557 -129.2478  -35.9868
   -0.4968    0.7811    0.3781
    0.1177   -0.3711    0.9211
    0.8598    0.5021    0.0925
...    96 C-G ...
    2.0827 -127.2098  -36.1317
   -0.4302    0.4472    0.7842
    0.3683   -0.7061    0.6048
    0.8242    0.5490    0.1391
...    97 A-T ...
    4.6931 -125.2194  -35.4635
   -0.2912   -0.0918    0.9522
    0.5939   -0.7977    0.1047
    0.7500    0.5960    0.2869
...    98 C-G ...
    6.6264 -122.8233  -34.3145
    0.0173   -0.5168    0.8559
    0.6894   -0.6138   -0.3846
    0.7241    0.5967    0.3457
...    99 T-A ...
    8.7417 -120.7944  -32.7852
    0.3338   -0.7945    0.5073
    0.6250   -0.2163   -0.7501
    0.7057    0.5675    0.4243
...   100 T-A ...
   10.8267 -118.9332  -31.1167
    0.6563   -0.7545    0.0006
    0.3302    0.2865   -0.8994
    0.6784    0.5905    0.4371
...   101 T-A ...
   12.9070 -117.1293  -29.3652
    0.7631   -0.4151   -0.4953
   -0.1137    0.6682   -0.7352
    0.6362    0.6173    0.4628
...   102 A-T ...
   14.6936 -114.5768  -28.0089
    0.5515    0.1635   -0.8180
   -0.6018    0.7571   -0.2544
    0.5777    0.6325    0.5159
...   103 T-A ...
   17.0372 -113.0093  -26.2721
    0.1774    0.5401   -0.8227
   -0.8093    0.5557    0.1903
    0.5599    0.6321    0.5357
...   104 G-C ...
   18.6840 -110.7583  -24.4675
   -0.3637    0.6946   -0.6208
   -0.7725    0.1475    0.6176
    0.5205    0.7042    0.4829
...   105 C-G ...
   20.6648 -108.4470  -23.1972
   -0.7541    0.6172   -0.2244
   -0.4627   -0.2569    0.8485
    0.4660    0.7437    0.4793
...   106 T-A ...
   22.1109 -105.7777  -21.9175
   -0.9261    0.3243    0.1927
   -0.0074   -0.5262    0.8503
    0.3772    0.7861    0.4898
...   107 T-A ...
   23.1902 -103.0908  -20.4956
   -0.7980   -0.0596    0.5998
    0.5052   -0.6087    0.6117
    0.3286    0.7911    0.5159
...   108 C-G ...
   24.0130 -100.4874  -18.7321
   -0.3893   -0.4468    0.8055
    0.8800   -0.4387    0.1819
    0.2721    0.7797    0.5640
...   109 C-G ...
   24.4446  -97.9403  -16.5579
    0.1125   -0.6834    0.7213
    0.9674   -0.0906   -0.2367
    0.2271    0.7244    0.6509
...   110 G-C ...
   25.5480  -95.7748  -14.2632
    0.6055   -0.6857    0.4040
    0.7631    0.3562   -0.5392
    0.2258    0.6348    0.7390
...   111 G-C ...
   26.2515  -93.9781  -11.4828
    0.9094   -0.4159    0.0025
    0.3218    0.6998   -0.6377
    0.2635    0.5807    0.7703
...   112 C-G ...
   27.1615  -92.4061   -8.6910
    0.9312    0.0292   -0.3634
   -0.2290    0.8225   -0.5207
    0.2837    0.5681    0.7725
...   113 T-A ...
   28.3125  -90.7676   -6.0373
    0.6565    0.4501   -0.6053
   -0.6889    0.6845   -0.2383
    0.3071    0.5735    0.7595
...   114 C-G ...
   29.3872  -88.9457   -3.5155
    0.1141    0.7613   -0.6383
   -0.9480    0.2755    0.1592
    0.2971    0.5869    0.7531
...   115 G-C ...
   29.9345  -86.9768   -0.8627
   -0.4643    0.7170   -0.5200
   -0.8529   -0.2037    0.4806
    0.2387    0.6667    0.7061
...   116 T-A ...
   31.0944  -84.5390    1.0400
   -0.8483    0.4785   -0.2267
   -0.4914   -0.5519    0.6737
    0.1973    0.6829    0.7033
...   117 A-T ...
   31.5903  -82.1196    3.2689
   -0.9953    0.0045    0.0966
    0.0649   -0.7093    0.7019
    0.0717    0.7049    0.7057
...   118 T-A ...
   31.5475  -79.4090    5.1015
   -0.8343   -0.3685    0.4101
    0.5496   -0.6146    0.5658
    0.0435    0.6974    0.7153
...   119 A-T ...
   31.2880  -77.1004    7.4927
   -0.4010   -0.7349    0.5469
    0.9143   -0.2840    0.2888
   -0.0569    0.6159    0.7858
...   120 A-T ...
   30.8001  -75.1595   10.0380
    0.1786   -0.7813    0.5981
    0.9812    0.1865   -0.0495
   -0.0729    0.5957    0.7999
...   121 T-A ...
   29.9330  -73.5244   12.7577
    0.6470   -0.5858    0.4880
    0.7584    0.5604   -0.3328
   -0.0785    0.5855    0.8069
...   122 G-C ...
   29.9606  -71.5861   15.4575
    0.9672   -0.2080    0.1456
    0.2536    0.8196   -0.5138
   -0.0125    0.5339    0.8455
...   123 T-A ...
   29.9385  -70.3863   18.5604
    0.9567    0.2464   -0.1550
   -0.2911    0.8121   -0.5057
    0.0013    0.5289    0.8487
...   124 G-C ...
   29.9218  -68.3760   21.2012
    0.6108    0.6365   -0.4710
   -0.7897    0.5326   -0.3044
    0.0571    0.5579    0.8280
...   125 T-A ...
   30.6797  -66.7596   24.0125
    0.1044    0.8139   -0.5715
   -0.9931    0.1161   -0.0162
    0.0532    0.5693    0.8204
...   126 C-G ...
   30.9466  -64.8698   26.6842
   -0.5019    0.7122   -0.4909
   -0.8642   -0.3895    0.3185
    0.0356    0.5841    0.8109
...   127 G-C ...
   30.7319  -63.1205   29.5241
   -0.8941    0.3068   -0.3262
   -0.4425   -0.7169    0.5388
   -0.0685    0.6261    0.7767
...   128 A-T ...
   30.5192  -61.0000   31.9974
   -0.9806   -0.1961    0.0052
    0.1559   -0.7629    0.6274
   -0.1190    0.6160    0.7787
...   129 C-G ...
   29.7992  -58.6029   34.1342
   -0.7548   -0.5891    0.2884
    0.6356   -0.5481    0.5437
   -0.1622    0.5937    0.7881
...   130 C-G ...
   28.8141  -56.5950   36.6644
   -0.2834   -0.8502    0.4437
    0.9329   -0.1372    0.3329
   -0.2222    0.5083    0.8320
...   131 A-T ...
   28.0514  -55.0505   39.5242
    0.3037   -0.8422    0.4455
    0.9238    0.3748    0.0788
   -0.2333    0.3876    0.8918
...   132 A-T ...
   27.0903  -54.0180   42.4416
    0.7721   -0.4922    0.4019
    0.5910    0.7886   -0.1697
   -0.2334    0.3686    0.8998
...   133 A-T ...
   26.2571  -53.1122   45.4449
    0.9701    0.0406    0.2391
    0.0487    0.9332   -0.3560
   -0.2376    0.3570    0.9034
...   134 T-A ...
   25.6208  -52.5913   48.6399
    0.8597    0.5097    0.0340
   -0.4497    0.7866   -0.4231
   -0.2424    0.3485    0.9054
...   135 G-C ...
   25.2757  -52.5096   52.0790
    0.3204    0.9427   -0.0928
   -0.8825    0.2614   -0.3910
   -0.3443    0.2071    0.9157
...   136 T-A ...
   25.5257  -52.9786   55.8048
   -0.2439    0.9563   -0.1610
   -0.8908   -0.2866   -0.3525
   -0.3833    0.0575    0.9218
...   137 G-C ...
   24.8933  -52.7377   58.9864
   -0.7529    0.5562   -0.3519
   -0.5215   -0.8303   -0.1966
   -0.4015    0.0355    0.9152
...   138 A-T ...
   24.0143  -51.6374   61.9241
   -0.9563    0.0401   -0.2896
   -0.0524   -0.9980    0.0347
   -0.2876    0.0484    0.9565
...   139 G-C ...
   22.3466  -51.2411   64.4939
   -0.8529   -0.5118   -0.1033
    0.4974   -0.8566    0.1373
   -0.1587    0.0657    0.9851
...   140 C-G ...
   22.1503  -50.1498   67.4637
   -0.4681   -0.8748    0.1248
    0.8495   -0.4066    0.3362
   -0.2434    0.2634    0.9335
...   141 G-C ...
   21.4256  -51.8266   72.7875
    0.1303   -0.7143   -0.6876
    0.8897   -0.2218    0.3990
   -0.4375   -0.6638    0.6066
...   142 C-G ...
   20.4245  -54.3094   74.5417
    0.5846   -0.7390   -0.3348
    0.7594    0.3532    0.5465
   -0.2856   -0.5737    0.7676
...   143 T-A ...
   18.4271  -55.5290   76.5298
    0.8548   -0.5005    0.1370
    0.3188    0.7148    0.6224
   -0.4095   -0.4884    0.7706
...   144 C-G ...
   16.8371  -57.7222   78.2673
    0.8529   -0.0846    0.5151
   -0.1508    0.9048    0.3983
   -0.4998   -0.4174    0.7589
...   145 A-T ...
   15.7828  -59.5615   80.7980
    0.5516    0.4995    0.6680
   -0.6739    0.7388    0.0039
   -0.4916   -0.4523    0.7441
...   146 C-G ...
   15.7314  -61.4940   83.9315
    0.0344    0.7399    0.6718
   -0.8637    0.3602   -0.3526
   -0.5029   -0.5681    0.6514
...   147 A-T ...
   14.7383  -63.4278   86.8191
   -0.5924    0.6746    0.4405
   -0.6886   -0.1401   -0.7114
   -0.4182   -0.7248    0.5475
