  147 base-pairs
...     1 T-A ...
    0.0000    0.0000    0.0000
    1.0000    0.0000    0.0000
    0.0000    1.0000    0.0000
    0.0000    0.0000    1.0000
...     2 G-C ...
   -0.5555   -1.1003    3.3981
    0.7749    0.6051    0.1828
   -0.5991    0.7953   -0.0929
   -0.2016   -0.0375    0.9787
...     3 T-A ...
   -0.6619   -3.0237    6.5348
    0.3046    0.9250    0.2271
   -0.8994    0.3578   -0.2510
   -0.3134   -0.1278    0.9410
...     4 G-C ...
   -1.1607   -3.8418    9.6940
   -0.3351    0.9421    0.0133
   -0.8752   -0.3061   -0.3746
   -0.3489   -0.1372    0.9271
...     5 A-T ...
   -1.3881   -3.6770   12.8999
   -0.7835    0.6162   -0.0801
   -0.5677   -0.7622   -0.3109
   -0.2527   -0.1981    0.9470
...     6 G-C ...
   -2.6236   -3.5448   15.7072
   -0.9923    0.0611   -0.1075
   -0.0294   -0.9610   -0.2748
   -0.1201   -0.2695    0.9555
...     7 C-G ...
   -2.3138   -3.7570   18.8866
   -0.8620   -0.4995   -0.0864
    0.5008   -0.8655    0.0073
   -0.0785   -0.0370    0.9962
...     8 G-C ...
   -3.9561   -6.8109   23.3205
   -0.2581   -0.3560   -0.8981
    0.6294   -0.7673    0.1233
   -0.7330   -0.5335    0.4221
...     9 C-G ...
   -6.1177   -8.9414   24.2385
    0.1143   -0.7320   -0.6716
    0.8123   -0.3203    0.4874
   -0.5720   -0.6013    0.5580
...    10 T-A ...
   -8.5041   -9.6771   26.0540
    0.4660   -0.8587   -0.2131
    0.6274    0.1508    0.7640
   -0.6239   -0.4897    0.6090
...    11 C-G ...
  -11.0625  -11.3174   27.2336
    0.6660   -0.6911    0.2808
    0.3382    0.6152    0.7121
   -0.6649   -0.3794    0.6435
...    12 A-T ...
  -13.0013  -13.1789   29.0658
    0.7188   -0.1490    0.6790
   -0.1787    0.9043    0.3876
   -0.6718   -0.4000    0.6235
...    13 C-G ...
  -14.1788  -15.9359   31.3399
    0.4052    0.2865    0.8682
   -0.5270    0.8492   -0.0343
   -0.7470   -0.4437    0.4951
...    14 A-T ...
  -15.9532  -18.1566   33.3080
   -0.1503    0.6873    0.7107
   -0.6106    0.5008   -0.6135
   -0.7776   -0.5261    0.3444
...    15 A-T ...
  -18.4053  -19.9433   34.4383
   -0.4556    0.8625    0.2202
   -0.3949    0.0259   -0.9184
   -0.7978   -0.5054    0.3288
...    16 T-A ...
  -20.8182  -21.5088   36.2276
   -0.6219    0.7237   -0.2992
   -0.0718   -0.4331   -0.8985
   -0.7798   -0.5373    0.3213
...    17 T-A ...
  -23.3886  -23.0489   37.5965
   -0.5635    0.3182   -0.7624
    0.3174   -0.7686   -0.5555
   -0.7627   -0.5550    0.3321
...    18 T-A ...
  -25.9671  -24.6825   38.6590
   -0.2521   -0.1334   -0.9585
    0.5677   -0.8225   -0.0348
   -0.7837   -0.5529    0.2831
...    19 A-T ...
  -28.5443  -26.6384   39.4145
    0.1828   -0.5148   -0.8376
    0.5861   -0.6269    0.5133
   -0.7893   -0.5847    0.1871
...    20 T-A ...
  -31.4892  -28.1628   39.5312
    0.4556   -0.7664   -0.4529
    0.4054   -0.2743    0.8720
   -0.7925   -0.5809    0.1857
...    21 T-A ...
  -34.1540  -30.0361   39.8252
    0.5956   -0.7922    0.1333
    0.0538    0.2049    0.9773
   -0.8015   -0.5749    0.1646
...    22 C-G ...
  -36.7404  -31.9978   40.3359
    0.5313   -0.5089    0.6773
   -0.3214    0.6186    0.7170
   -0.7838   -0.5986    0.1651
...    23 G-C ...
  -39.4601  -33.6437   41.4374
    0.3589   -0.0024    0.9334
   -0.5976    0.7675    0.2318
   -0.7170   -0.6410    0.2740
...    24 C-G ...
  -41.5407  -36.0203   42.3132
    0.0312    0.4347    0.9000
   -0.6948    0.6567   -0.2931
   -0.7185   -0.6162    0.3226
...    25 A-T ...
  -44.2515  -37.8115   43.0100
   -0.3424    0.7666    0.5432
   -0.5779    0.2840   -0.7651
   -0.7408   -0.5758    0.3458
...    26 A-T ...
  -46.6175  -39.6691   44.3297
   -0.6118    0.7909    0.0105
   -0.2763   -0.2012   -0.9398
   -0.7412   -0.5779    0.3416
...    27 A-T ...
  -48.9447  -41.4423   45.7719
   -0.6678    0.5216   -0.5310
    0.1435   -0.6098   -0.7794
   -0.7304   -0.5967    0.3324
...    28 G-C ...
  -51.6257  -43.0176   47.0953
   -0.4395    0.1573   -0.8843
    0.4606   -0.8058   -0.3723
   -0.7712   -0.5709    0.2817
...    29 G-C ...
  -54.5710  -44.6430   47.9138
   -0.0311   -0.2647   -0.9638
    0.6143   -0.7658    0.1905
   -0.7885   -0.5861    0.1864
...    30 C-G ...
  -57.4013  -46.2896   48.1537
    0.3615   -0.5985   -0.7149
    0.5110   -0.5142    0.6888
   -0.7799   -0.6144    0.1199
...    31 C-G ...
  -60.1501  -48.1984   48.2948
    0.6466   -0.7282   -0.2271
    0.2042   -0.1216    0.9714
   -0.7350   -0.6745    0.0701
...    32 G-C ...
  -62.2079  -50.4402   48.7502
    0.7344   -0.6131    0.2911
   -0.1903    0.2258    0.9554
   -0.6515   -0.7570    0.0492
...    33 G-C ...
  -63.9321  -53.3325   48.9052
    0.5414   -0.3459    0.7663
   -0.5953    0.4859    0.6399
   -0.5937   -0.8026    0.0572
...    34 C-G ...
  -65.5308  -56.1880   49.0800
    0.1379    0.0094    0.9904
   -0.8107    0.5756    0.1074
   -0.5690   -0.8177    0.0870
...    35 C-G ...
  -67.2173  -59.0689   49.7609
   -0.3319    0.3537    0.8745
   -0.7630    0.4445   -0.4693
   -0.5547   -0.8230    0.1223
...    36 C-G ...
  -68.9798  -61.8564   50.4650
   -0.6826    0.5704    0.4569
   -0.4638    0.1451   -0.8740
   -0.5648   -0.8085    0.1655
...    37 G-C ...
  -70.9746  -64.6573   49.9736
   -0.7884    0.6013   -0.1302
    0.0176   -0.1894   -0.9817
   -0.6149   -0.7763    0.1387
...    38 A-T ...
  -72.7928  -67.1878   50.4871
   -0.6234    0.3858   -0.6801
    0.4934   -0.4807   -0.7249
   -0.6066   -0.7875    0.1093
...    39 C-G ...
  -75.1286  -69.3496   50.8956
   -0.2444    0.1261   -0.9614
    0.7422   -0.6137   -0.2692
   -0.6240   -0.7794    0.0564
...    40 A-T ...
  -77.3108  -71.8860   50.9293
    0.2834   -0.1564   -0.9462
    0.7409   -0.5907    0.3195
   -0.6089   -0.7916   -0.0515
...    41 C-G ...
  -79.4624  -74.2533   50.2289
    0.6633   -0.3768   -0.6466
    0.4844   -0.4424    0.7547
   -0.5704   -0.8138   -0.1110
...    42 G-C ...
  -81.0764  -77.1774   50.1867
    0.8713   -0.4841   -0.0802
   -0.0152   -0.1900    0.9817
   -0.4905   -0.8541   -0.1729
...    43 A-T ...
  -82.6344  -79.8764   49.5693
    0.7002   -0.4975    0.5120
   -0.5246    0.1278    0.8417
   -0.4842   -0.8580   -0.1715
...    44 C-G ...
  -83.7428  -82.8085   48.5139
    0.3380   -0.3137    0.8873
   -0.8309    0.3433    0.4379
   -0.4420   -0.8853   -0.1447
...    45 T-A ...
  -84.6197  -86.2928   47.9994
   -0.1862   -0.0521    0.9811
   -0.8847    0.4432   -0.1444
   -0.4273   -0.8949   -0.1287
...    46 T-A ...
  -85.6219  -89.3644   47.5981
   -0.6344    0.1559    0.7572
   -0.6531    0.4160   -0.6328
   -0.4136   -0.8959   -0.1620
...    47 A-T ...
  -87.1586  -92.2430   46.6670
   -0.9187    0.3607    0.1605
   -0.0806    0.2268   -0.9706
   -0.3865   -0.9047   -0.1793
...    48 C-G ...
  -88.5628  -95.2867   46.7362
   -0.8165    0.4333   -0.3816
    0.4248    0.0032   -0.9053
   -0.3910   -0.9013   -0.1866
...    49 T-A ...
  -90.2352  -98.2000   46.3383
   -0.4284    0.4358   -0.7916
    0.7946   -0.2354   -0.5596
   -0.4302   -0.8687   -0.2454
...    50 G-C ...
  -91.7322 -101.0239   45.2389
    0.1473    0.3487   -0.9256
    0.8989   -0.4375   -0.0218
   -0.4126   -0.8288   -0.3780
...    51 T-A ...
  -93.4842 -103.3411   43.8758
    0.5940    0.1566   -0.7891
    0.7140   -0.5545    0.4275
   -0.3706   -0.8173   -0.4412
...    52 A-T ...
  -94.6886 -105.6135   41.6853
    0.9364    0.0377   -0.3489
    0.3002   -0.6009    0.7408
   -0.1818   -0.7984   -0.5740
...    53 G-C ...
  -95.4185 -107.9668   39.5867
    0.9782   -0.1600    0.1326
   -0.2014   -0.5716    0.7954
   -0.0515   -0.8048   -0.5914
...    54 G-C ...
  -95.0233 -110.4211   36.9384
    0.7145   -0.3653    0.5967
   -0.6977   -0.4359    0.5686
    0.0524   -0.8225   -0.5663
...    55 T-A ...
  -94.2724 -112.9739   35.0395
    0.2542   -0.5248    0.8124
   -0.9629   -0.2157    0.1620
    0.0902   -0.8235   -0.5601
...    56 A-T ...
  -93.4407 -115.7882   33.3237
   -0.3553   -0.5270    0.7721
   -0.9266    0.0895   -0.3653
    0.1234   -0.8452   -0.5201
...    57 T-A ...
  -92.3525 -118.6219   31.9909
   -0.7778   -0.4373    0.4515
   -0.6098    0.3509   -0.7106
    0.1523   -0.8280   -0.5396
...    58 C-G ...
  -91.7924 -121.5553   30.4306
   -0.9850   -0.1430   -0.0969
   -0.0007    0.5644   -0.8255
    0.1727   -0.8130   -0.5560
...    59 T-A ...
  -91.4554 -124.4645   28.7719
   -0.8399    0.2096   -0.5007
    0.5233    0.5576   -0.6444
    0.1441   -0.8032   -0.5780
...    60 C-G ...
  -90.9286 -127.2238   26.8846
   -0.3765    0.5189   -0.7675
    0.9119    0.3539   -0.2080
    0.1636   -0.7782   -0.6064
...    61 G-C ...
  -89.8967 -129.5286   24.7751
    0.0923    0.7637   -0.6389
    0.9749    0.0614    0.2142
    0.2028   -0.6426   -0.7389
...    62 A-T ...
  -89.0672 -131.7880   22.6031
    0.5889    0.7360   -0.3338
    0.7489   -0.3418    0.5677
    0.3037   -0.5843   -0.7525
...    63 G-C ...
  -88.0720 -133.3173   19.8349
    0.8499    0.5209    0.0802
    0.3550   -0.6782    0.6435
    0.3895   -0.5184   -0.7613
...    64 C-G ...
  -86.6912 -134.5080   16.9911
    0.8724    0.0881    0.4807
   -0.1681   -0.8695    0.4645
    0.4589   -0.4861   -0.7437
...    65 T-A ...
  -85.0214 -135.7652   14.4431
    0.6254   -0.3379    0.7033
   -0.5659   -0.8171    0.1106
    0.5373   -0.4671   -0.7022
...    66 C-G ...
  -83.2266 -137.6575   12.5365
    0.1736   -0.7296    0.6615
   -0.7580   -0.5278   -0.3833
    0.6288   -0.4348   -0.6446
...    67 G-C ...
  -81.8645 -139.7487   10.0742
   -0.3066   -0.8878    0.3432
   -0.6748   -0.0516   -0.7362
    0.6714   -0.4573   -0.5833
...    68 G-C ...
  -79.4700 -141.3932    8.3417
   -0.6470   -0.7546   -0.1089
   -0.3863    0.4476   -0.8065
    0.6574   -0.4798   -0.5811
...    69 G-C ...
  -77.1033 -143.3530    6.7453
   -0.7676   -0.3758   -0.5192
    0.0336    0.7854   -0.6181
    0.6400   -0.4919   -0.5902
...    70 T-A ...
  -75.3912 -145.6560    5.0678
   -0.6521    0.1132   -0.7496
    0.4326    0.8676   -0.2453
    0.6226   -0.4843   -0.6147
...    71 C-G ...
  -73.4353 -147.2256    3.0520
   -0.3198    0.6037   -0.7302
    0.7226    0.6539    0.2241
    0.6128   -0.4560   -0.6454
...    72 A-T ...
  -71.2151 -148.8559    1.0943
    0.0498    0.9157   -0.3988
    0.7777    0.2150    0.5908
    0.6267   -0.3396   -0.7014
...    73 T-A ...
  -69.5386 -149.8264   -1.4881
    0.3681    0.9298   -0.0074
    0.6626   -0.2567    0.7036
    0.6523   -0.2639   -0.7106
...    74 G-C ...
  -67.2453 -150.3411   -4.0972
    0.5491    0.6699    0.4997
    0.3754   -0.7319    0.5687
    0.7467   -0.1247   -0.6534
...    75 T-A ...
  -64.9259 -150.0270   -6.4418
    0.6207    0.2224    0.7518
    0.0771   -0.9716    0.2238
    0.7802   -0.0810   -0.6202
...    76 T-A ...
  -62.3722 -150.0310   -8.2764
    0.5215   -0.3108    0.7946
   -0.2189   -0.9489   -0.2275
    0.8247   -0.0553   -0.5629
...    77 A-T ...
  -59.5851 -150.4126  -10.0740
    0.2565   -0.7958    0.5486
   -0.4371   -0.6017   -0.6685
    0.8621   -0.0683   -0.5022
...    78 T-A ...
  -56.4980 -150.3034  -11.0845
    0.0362   -0.9912    0.1273
   -0.4913   -0.1285   -0.8614
    0.8702   -0.0314   -0.4917
...    79 A-T ...
  -53.6576 -150.2298  -13.0117
   -0.2227   -0.8417   -0.4918
   -0.3971    0.5391   -0.7428
    0.8903    0.0299   -0.4543
...    80 A-T ...
  -50.7037 -150.1969  -14.3107
   -0.3605   -0.3785   -0.8525
   -0.2338    0.9215   -0.3102
    0.9030    0.0875   -0.4206
...    81 C-G ...
  -47.5027 -150.5545  -15.5599
   -0.4085    0.1893   -0.8929
   -0.0297    0.9750    0.2203
    0.9123    0.1166   -0.3926
...    82 G-C ...
  -44.6174 -149.7768  -16.8202
   -0.4784    0.6691   -0.5688
    0.1724    0.7067    0.6862
    0.8611    0.2302   -0.4534
...    83 G-C ...
  -41.9409 -149.0096  -18.5555
   -0.4219    0.9023   -0.0889
    0.4010    0.2737    0.8742
    0.8131    0.3332   -0.4773
...    84 A-T ...
  -39.4331 -147.8659  -20.2858
   -0.2295    0.8664    0.4435
    0.5745   -0.2472    0.7803
    0.7857    0.4338   -0.4410
...    85 A-T ...
  -37.0917 -146.1524  -21.8078
    0.0588    0.5760    0.8153
    0.6278   -0.6563    0.4185
    0.7762    0.4873   -0.4002
...    86 T-A ...
  -35.0453 -143.9860  -23.1607
    0.3090    0.1714    0.9355
    0.5440   -0.8387   -0.0260
    0.7801    0.5169   -0.3524
...    87 C-G ...
  -32.5343 -142.0635  -24.0638
    0.5255   -0.3625    0.7696
    0.3014   -0.7666   -0.5670
    0.7956    0.5300   -0.2936
...    88 C-G ...
  -29.8366 -140.2675  -24.6303
    0.5325   -0.7475    0.3971
    0.0335   -0.4501   -0.8923
    0.8458    0.4885   -0.2146
...    89 G-C ...
  -27.0234 -138.9440  -25.6650
    0.3868   -0.9117   -0.1383
   -0.2122    0.0580   -0.9755
    0.8974    0.4067   -0.1710
...    90 C-G ...
  -23.7448 -137.8256  -25.8293
    0.1938   -0.7136   -0.6732
   -0.3805    0.5778   -0.7221
    0.9043    0.3961   -0.1595
...    91 T-A ...
  -20.4344 -136.9737  -26.3152
   -0.0457   -0.2575   -0.9652
   -0.3905    0.8939   -0.2200
    0.9195    0.3668   -0.1414
...    92 T-A ...
  -17.3098 -136.1590  -26.7482
   -0.2152    0.3264   -0.9204
   -0.3151    0.8689    0.3818
    0.9244    0.3721   -0.0842
...    93 T-A ...
  -14.2173 -135.1965  -27.1201
   -0.3488    0.7637   -0.5432
   -0.1588    0.5230    0.8374
    0.9236    0.3784   -0.0612
...    94 A-T ...
  -11.1723 -133.8476  -27.1015
   -0.4746    0.8796    0.0309
    0.0668    0.0010    0.9978
    0.8776    0.4756   -0.0592
...    95 A-T ...
   -8.5114 -132.2217  -27.4323
   -0.4476    0.7097    0.5441
    0.3054   -0.4505    0.8389
    0.8405    0.5416   -0.0151
...    96 C-G ...
   -6.1191 -129.9793  -27.8949
   -0.2869    0.3582    0.8885
    0.4933   -0.7398    0.4576
    0.8212    0.5696    0.0356
...    97 A-T ...
   -3.5609 -127.8639  -27.5410
   -0.0924   -0.1739    0.9804
    0.6167   -0.7830   -0.0808
    0.7818    0.5971    0.1797
...    98 C-G ...
   -1.4102 -125.5300  -26.4822
    0.2036   -0.5741    0.7931
    0.6080   -0.5607   -0.5620
    0.7674    0.5966    0.2349
...    99 T-A ...
    0.9529 -123.2616  -24.9406
    0.4860   -0.8057    0.3386
    0.4226   -0.1225   -0.8980
    0.7650    0.5795    0.2809
...   100 T-A ...
    3.2985 -121.4023  -23.6237
    0.6880   -0.6876   -0.2321
    0.0658    0.3776   -0.9236
    0.7227    0.6202    0.3051
...   101 T-A ...
    5.5993 -119.5298  -22.2330
    0.6490   -0.3024   -0.6981
   -0.3528    0.6934   -0.6283
    0.6741    0.6540    0.3433
...   102 A-T ...
    7.6269 -117.0051  -21.1183
    0.3066    0.2386   -0.9215
   -0.7097    0.7024   -0.0542
    0.6343    0.6706    0.3847
...   103 T-A ...
   10.1978 -115.2641  -20.0855
   -0.0775    0.5250   -0.8476
   -0.7809    0.4966    0.3790
    0.6199    0.6912    0.3715
...   104 G-C ...
   12.3729 -112.9367  -19.1264
   -0.5934    0.6462   -0.4799
   -0.5574    0.1002    0.8242
    0.5806    0.7566    0.3008
...   105 C-G ...
   14.0826 -110.2503  -18.6240
   -0.8444    0.5358   -0.0012
   -0.1757   -0.2749    0.9453
    0.5061    0.7984    0.3263
...   106 T-A ...
   15.6464 -107.2834  -17.9139
   -0.8322    0.2451    0.4973
    0.3282   -0.5053    0.7981
    0.4469    0.8274    0.3401
...   107 T-A ...
   16.8543 -104.5080  -16.9172
   -0.5607   -0.1379    0.8164
    0.7391   -0.5279    0.4184
    0.3733    0.8380    0.3979
...   108 C-G ...
   17.7370 -101.7263  -15.4361
   -0.0979   -0.4739    0.8751
    0.9396   -0.3339   -0.0758
    0.3281    0.8148    0.4780
...   109 C-G ...
   18.5650  -99.0978  -13.6473
    0.3581   -0.6619    0.6585
    0.8717   -0.0158   -0.4898
    0.3346    0.7494    0.5714
...   110 G-C ...
   19.9049  -97.0249  -11.8555
    0.7132   -0.6464    0.2712
    0.6008    0.3642   -0.7116
    0.3612    0.6705    0.6481
...   111 G-C ...
   21.4067  -95.2684   -9.3757
    0.9120   -0.3661   -0.1851
    0.1351    0.6942   -0.7069
    0.3873    0.6197    0.6826
...   112 C-G ...
   22.9125  -93.7042   -6.8124
    0.8292    0.0591   -0.5558
   -0.3794    0.7897   -0.4821
    0.4104    0.6106    0.6773
...   113 T-A ...
   24.3531  -91.8426   -4.5025
    0.5052    0.4656   -0.7266
   -0.7578    0.6422   -0.1153
    0.4130    0.6088    0.6773
...   114 C-G ...
   25.6598  -89.7855   -2.2196
   -0.0424    0.7431   -0.6678
   -0.9158    0.2384    0.3233
    0.3994    0.6253    0.6704
...   115 G-C ...
   26.4891  -87.7302    0.2506
   -0.5921    0.6906   -0.4152
   -0.7350   -0.2517    0.6296
    0.3303    0.6780    0.6567
...   116 T-A ...
   27.6432  -85.0785    1.8329
   -0.9087    0.4126   -0.0641
   -0.3165   -0.5806    0.7502
    0.2723    0.7019    0.6582
...   117 A-T ...
   28.3687  -82.1922    3.5925
   -0.9610   -0.0657    0.2687
    0.2387   -0.6879    0.6855
    0.1398    0.7229    0.6767
...   118 T-A ...
   28.4219  -79.4512    5.2969
   -0.7239   -0.4052    0.5583
    0.6783   -0.5655    0.4692
    0.1256    0.7184    0.6842
...   119 A-T ...
   28.7115  -77.2012    7.6753
   -0.2691   -0.7219    0.6376
    0.9621   -0.2312    0.1444
    0.0432    0.6523    0.7568
...   120 A-T ...
   28.4846  -75.1702   10.1813
    0.3052   -0.7582    0.5762
    0.9519    0.2248   -0.2084
    0.0285    0.6120    0.7903
...   121 T-A ...
   27.9678  -73.4828   13.0122
    0.7492   -0.5345    0.3912
    0.6622    0.5910   -0.4606
    0.0150    0.6042    0.7967
...   122 G-C ...
   27.9826  -71.6837   15.9059
    0.9921   -0.1255    0.0055
    0.1053    0.8067   -0.5815
    0.0686    0.5775    0.8135
...   123 T-A ...
   28.3103  -70.2448   18.8385
    0.9139    0.2948   -0.2791
   -0.4004    0.7685   -0.4992
    0.0673    0.5679    0.8203
...   124 G-C ...
   28.6193  -68.3985   21.5859
    0.5123    0.6578   -0.5522
   -0.8514    0.4732   -0.2262
    0.1125    0.5860    0.8025
...   125 T-A ...
   29.4575  -66.7359   24.2252
   -0.0027    0.7890   -0.6144
   -0.9938    0.0663    0.0895
    0.1113    0.6108    0.7839
...   126 C-G ...
   29.8648  -64.7680   26.6750
   -0.5814    0.6817   -0.4442
   -0.8056   -0.4059    0.4316
    0.1139    0.6088    0.7851
...   127 G-C ...
   29.7208  -62.9822   29.4230
   -0.9105    0.2824   -0.3020
   -0.4117   -0.6861    0.5999
   -0.0378    0.6705    0.7409
...   128 A-T ...
   29.7432  -60.8726   31.7556
   -0.9810   -0.1748    0.0835
    0.1870   -0.7409    0.6451
   -0.0509    0.6485    0.7595
...   129 C-G ...
   29.2200  -58.2787   33.7178
   -0.7375   -0.5687    0.3643
    0.6682   -0.5360    0.5159
   -0.0981    0.6239    0.7753
...   130 C-G ...
   28.0924  -56.2632   36.2503
   -0.2861   -0.8367    0.4669
    0.9409   -0.1531    0.3021
   -0.1813    0.5258    0.8311
...   131 A-T ...
   27.8265  -54.9160   39.2894
    0.2769   -0.8665    0.4153
    0.9430    0.3280    0.0557
   -0.1845    0.3762    0.9080
...   132 A-T ...
   27.0856  -53.9118   42.3197
    0.7592   -0.5399    0.3635
    0.6231    0.7642   -0.1663
   -0.1881    0.3527    0.9166
...   133 A-T ...
   26.2564  -53.1123   45.3983
    0.9707    0.0294    0.2385
    0.0592    0.9326   -0.3561
   -0.2329    0.3598    0.9035
...   134 T-A ...
   25.6208  -52.5913   48.6400
    0.8597    0.5097    0.0340
   -0.4497    0.7866   -0.4231
   -0.2424    0.3485    0.9054
...   135 G-C ...
   25.2757  -52.5096   52.0792
    0.3204    0.9427   -0.0928
   -0.8825    0.2614   -0.3910
   -0.3443    0.2071    0.9157
...   136 T-A ...
   25.5257  -52.9787   55.8050
   -0.2439    0.9563   -0.1610
   -0.8908   -0.2866   -0.3525
   -0.3833    0.0575    0.9218
...   137 G-C ...
   24.8932  -52.7378   58.9865
   -0.7529    0.5562   -0.3519
   -0.5215   -0.8303   -0.1966
   -0.4015    0.0355    0.9152
...   138 A-T ...
   24.0142  -51.6374   61.9242
   -0.9563    0.0401   -0.2896
   -0.0524   -0.9980    0.0347
   -0.2876    0.0484    0.9565
...   139 G-C ...
   22.3466  -51.2412   64.4940
   -0.8529   -0.5118   -0.1033
    0.4974   -0.8566    0.1373
   -0.1587    0.0657    0.9851
...   140 C-G ...
   22.1502  -50.1498   67.4639
   -0.4681   -0.8748    0.1248
    0.8495   -0.4066    0.3362
   -0.2434    0.2634    0.9335
...   141 G-C ...
   21.4256  -51.8266   72.7876
    0.1303   -0.7143   -0.6876
    0.8897   -0.2218    0.3990
   -0.4375   -0.6638    0.6066
...   142 C-G ...
   20.4245  -54.3095   74.5419
    0.5846   -0.7390   -0.3348
    0.7594    0.3532    0.5465
   -0.2856   -0.5737    0.7676
...   143 T-A ...
   18.4270  -55.5290   76.5299
    0.8548   -0.5005    0.1370
    0.3188    0.7148    0.6224
   -0.4095   -0.4884    0.7706
...   144 C-G ...
   16.8371  -57.7222   78.2674
    0.8529   -0.0846    0.5151
   -0.1508    0.9048    0.3983
   -0.4998   -0.4174    0.7589
...   145 A-T ...
   15.7828  -59.5615   80.7981
    0.5516    0.4995    0.6680
   -0.6739    0.7388    0.0039
   -0.4916   -0.4523    0.7441
...   146 C-G ...
   15.7314  -61.4940   83.9317
    0.0344    0.7399    0.6718
   -0.8637    0.3602   -0.3526
   -0.5029   -0.5681    0.6514
...   147 A-T ...
   14.7383  -63.4279   86.8193
   -0.5924    0.6746    0.4405
   -0.6886   -0.1401   -0.7114
   -0.4182   -0.7248    0.5475
