  147 base-pairs
...     1 T-A ...
    0.0000    0.0000    0.0000
    1.0000    0.0000    0.0000
    0.0000    1.0000    0.0000
    0.0000    0.0000    1.0000
...     2 G-C ...
   -0.5555   -1.1003    3.3981
    0.7749    0.6051    0.1828
   -0.5991    0.7953   -0.0929
   -0.2016   -0.0375    0.9787
...     3 T-A ...
   -0.6619   -3.0237    6.5348
    0.3046    0.9250    0.2271
   -0.8994    0.3578   -0.2510
   -0.3134   -0.1278    0.9410
...     4 G-C ...
   -1.1607   -3.8418    9.6940
   -0.3351    0.9421    0.0133
   -0.8752   -0.3061   -0.3746
   -0.3489   -0.1372    0.9271
...     5 A-T ...
   -1.3881   -3.6770   12.8999
   -0.7835    0.6162   -0.0801
   -0.5677   -0.7622   -0.3109
   -0.2527   -0.1981    0.9470
...     6 G-C ...
   -2.6236   -3.5448   15.7072
   -0.9923    0.0611   -0.1075
   -0.0294   -0.9610   -0.2748
   -0.1201   -0.2695    0.9555
...     7 C-G ...
   -2.3138   -3.7570   18.8866
   -0.8620   -0.4995   -0.0864
    0.5008   -0.8655    0.0073
   -0.0785   -0.0370    0.9962
...     8 G-C ...
   -3.9561   -6.8109   23.3205
   -0.2581   -0.3560   -0.8981
    0.6294   -0.7673    0.1233
   -0.7330   -0.5335    0.4221
...     9 C-G ...
   -6.1177   -8.9414   24.2385
    0.1143   -0.7320   -0.6716
    0.8123   -0.3203    0.4874
   -0.5720   -0.6013    0.5580
...    10 T-A ...
   -8.5041   -9.6771   26.0540
    0.4660   -0.8587   -0.2131
    0.6274    0.1508    0.7640
   -0.6239   -0.4897    0.6090
...    11 C-G ...
  -11.0625  -11.3174   27.2336
    0.6660   -0.6911    0.2808
    0.3382    0.6152    0.7121
   -0.6649   -0.3794    0.6435
...    12 A-T ...
  -13.0013  -13.1789   29.0658
    0.7188   -0.1490    0.6790
   -0.1787    0.9043    0.3876
   -0.6718   -0.4000    0.6235
...    13 C-G ...
  -14.1788  -15.9359   31.3399
    0.4052    0.2865    0.8682
   -0.5270    0.8492   -0.0343
   -0.7470   -0.4437    0.4951
...    14 A-T ...
  -15.9532  -18.1566   33.3080
   -0.1503    0.6873    0.7107
   -0.6106    0.5008   -0.6135
   -0.7776   -0.5261    0.3444
...    15 A-T ...
  -18.4046  -19.9467   34.4333
   -0.4557    0.8625    0.2201
   -0.3935    0.0266   -0.9189
   -0.7984   -0.5054    0.3273
...    16 T-A ...
  -20.8205  -21.5134   36.2167
   -0.6209    0.7243   -0.2999
   -0.0701   -0.4324   -0.8990
   -0.7807   -0.5371    0.3192
...    17 T-A ...
  -23.3957  -23.0542   37.5767
   -0.5608    0.3197   -0.7637
    0.3184   -0.7682   -0.5554
   -0.7643   -0.5546    0.3290
...    18 T-A ...
  -25.9783  -24.6906   38.6221
   -0.2471   -0.1301   -0.9602
    0.5662   -0.8236   -0.0341
   -0.7864   -0.5521    0.2771
...    19 A-T ...
  -28.5641  -26.6430   39.3509
    0.1877   -0.5109   -0.8389
    0.5807   -0.6311    0.5143
   -0.7922   -0.5837    0.1782
...    20 T-A ...
  -31.5130  -28.1611   39.4353
    0.4574   -0.7651   -0.4533
    0.3974   -0.2802    0.8738
   -0.7956   -0.5798    0.1759
...    21 T-A ...
  -34.1840  -30.0303   39.6955
    0.5911   -0.7951    0.1355
    0.0445    0.1999    0.9788
   -0.8054   -0.5725    0.1535
...    22 C-G ...
  -36.7826  -31.9857   40.1695
    0.5208   -0.5145    0.6812
   -0.3272    0.6167    0.7160
   -0.7885   -0.5958    0.1529
...    23 G-C ...
  -39.5229  -33.6215   41.2288
    0.3461   -0.0095    0.9382
   -0.5965    0.7696    0.2278
   -0.7242   -0.6384    0.2607
...    24 C-G ...
  -41.6299  -35.9914   42.0612
    0.0210    0.4297    0.9027
   -0.6867    0.6624   -0.2993
   -0.7266   -0.6136    0.3090
...    25 A-T ...
  -44.3615  -37.7750   42.6944
   -0.3465    0.7657    0.5419
   -0.5633    0.2921   -0.7729
   -0.7501   -0.5731    0.3301
...    26 A-T ...
  -46.7604  -39.6277   43.9599
   -0.6063    0.7952    0.0045
   -0.2613   -0.1938   -0.9456
   -0.7511   -0.5745    0.3253
...    27 A-T ...
  -49.1259  -41.3924   45.3486
   -0.6535    0.5304   -0.5400
    0.1526   -0.6064   -0.7804
   -0.7413   -0.5924    0.3153
...    28 G-C ...
  -51.8452  -42.9509   46.6121
   -0.4207    0.1675   -0.8916
    0.4600   -0.8077   -0.3688
   -0.7819   -0.5653    0.2627
...    29 G-C ...
  -54.8267  -44.5488   47.3545
   -0.0137   -0.2570   -0.9663
    0.6019   -0.7738    0.1972
   -0.7984   -0.5790    0.1653
...    30 C-G ...
  -57.6778  -46.1702   47.5085
    0.3702   -0.5970   -0.7117
    0.4892   -0.5260    0.6957
   -0.7897   -0.6058    0.0974
...    31 C-G ...
  -60.4467  -48.0537   47.5648
    0.6423   -0.7349   -0.2176
    0.1787   -0.1326    0.9749
   -0.7454   -0.6651    0.0462
...    32 G-C ...
  -62.5395  -50.2775   47.9513
    0.7171   -0.6268    0.3048
   -0.2123    0.2201    0.9521
   -0.6638   -0.7475    0.0247
...    33 G-C ...
  -64.3115  -53.1468   48.0341
    0.5137   -0.3621    0.7778
   -0.6052    0.4896    0.6277
   -0.6081   -0.7932    0.0323
...    34 C-G ...
  -65.9683  -55.9734   48.1306
    0.1081   -0.0028    0.9941
   -0.8033    0.5889    0.0890
   -0.5856   -0.8082    0.0614
...    35 C-G ...
  -67.7291  -58.8291   48.7222
   -0.3532    0.3507    0.8673
   -0.7389    0.4641   -0.4885
   -0.5739   -0.8134    0.0952
...    36 C-G ...
  -69.5609  -61.5969   49.3318
   -0.6858    0.5794    0.4405
   -0.4305    0.1650   -0.8874
   -0.5868   -0.7982    0.1363
...    37 G-C ...
  -71.5880  -64.3540   48.7370
   -0.7696    0.6207   -0.1497
    0.0484   -0.1772   -0.9830
   -0.6367   -0.7638    0.1063
...    38 A-T ...
  -73.4777  -66.8499   49.1514
   -0.5893    0.4094   -0.6965
    0.5082   -0.4824   -0.7135
   -0.6280   -0.7744    0.0762
...    39 C-G ...
  -75.8744  -68.9605   49.4415
   -0.2054    0.1459   -0.9678
    0.7366   -0.6280   -0.2510
   -0.6443   -0.7644    0.0215
...    40 A-T ...
  -78.1186  -71.4430   49.3487
    0.3154   -0.1488   -0.9372
    0.7127   -0.6149    0.3375
   -0.6266   -0.7744   -0.0879
...    41 C-G ...
  -80.3014  -73.7421   48.5241
    0.6780   -0.3844   -0.6265
    0.4422   -0.4675    0.7654
   -0.5872   -0.7960   -0.1470
...    42 G-C ...
  -81.9869  -76.6220   48.3618
    0.8593   -0.5088   -0.0532
   -0.0617   -0.2063    0.9765
   -0.5078   -0.8358   -0.2087
...    43 A-T ...
  -83.5939  -79.2651   47.6300
    0.6619   -0.5282    0.5318
   -0.5564    0.1292    0.8208
   -0.5023   -0.8392   -0.2084
...    44 C-G ...
  -84.7461  -82.1451   46.4767
    0.2877   -0.3414    0.8948
   -0.8382    0.3623    0.4077
   -0.4634   -0.8673   -0.1819
...    45 T-A ...
  -85.7111  -85.5888   45.8478
   -0.2330   -0.0659    0.9702
   -0.8617    0.4765   -0.1746
   -0.4508   -0.8767   -0.1678
...    46 T-A ...
  -86.7989  -88.6137   45.3306
   -0.6650    0.1622    0.7290
   -0.6062    0.4530   -0.6537
   -0.4362   -0.8767   -0.2029
...    47 A-T ...
  -88.3855  -91.4150   44.2566
   -0.9117    0.3915    0.1244
   -0.0240    0.2515   -0.9676
   -0.4100   -0.8852   -0.2199
...    48 C-G ...
  -89.8951  -94.4043   44.1826
   -0.7791    0.4744   -0.4097
    0.4691    0.0077   -0.8831
   -0.4158   -0.8803   -0.2286
...    49 T-A ...
  -91.6558  -97.2384   43.6264
   -0.3704    0.4722   -0.7999
    0.8118   -0.2540   -0.5259
   -0.4515   -0.8441   -0.2893
...    50 G-C ...
  -93.2146  -99.9675   42.3739
    0.2088    0.3674   -0.9063
    0.8795   -0.4758    0.0098
   -0.4276   -0.7992   -0.4224
...    51 T-A ...
  -94.9904 -102.1663   40.8547
    0.6403    0.1517   -0.7530
    0.6660   -0.5982    0.4457
   -0.3828   -0.7869   -0.4840
...    52 A-T ...
  -96.1690 -104.3371   38.5557
    0.9542   -0.0015   -0.2993
    0.2302   -0.6355    0.7370
   -0.1913   -0.7721   -0.6060
...    53 G-C ...
  -96.8967 -106.5948   36.3531
    0.9596   -0.2177    0.1782
   -0.2742   -0.5821    0.7655
   -0.0629   -0.7834   -0.6183
...    54 G-C ...
  -96.4918 -108.9937   33.6560
    0.6587   -0.4245    0.6212
   -0.7515   -0.4115    0.5156
    0.0367   -0.8065   -0.5901
...    55 T-A ...
  -95.7868 -111.5279   31.7097
    0.1771   -0.5658    0.8053
   -0.9815   -0.1619    0.1021
    0.0726   -0.8085   -0.5840
...    56 A-T ...
  -95.0450 -114.3241   29.9276
   -0.4313   -0.5321    0.7286
   -0.8966    0.1625   -0.4121
    0.1009   -0.8309   -0.5472
...    57 T-A ...
  -94.0601 -117.1691   28.5390
   -0.8291   -0.4035    0.3870
   -0.5433    0.4181   -0.7280
    0.1319   -0.8139   -0.5659
...    58 C-G ...
  -93.5941 -120.0672   26.8828
   -0.9845   -0.0731   -0.1596
    0.0851    0.5967   -0.7979
    0.1535   -0.7991   -0.5812
...    59 T-A ...
  -93.3466 -122.9203   25.1126
   -0.7927    0.2874   -0.5376
    0.5965    0.5476   -0.5868
    0.1257   -0.7858   -0.6056
...    60 C-G ...
  -92.8920 -125.6295   23.1321
   -0.2948    0.5772   -0.7615
    0.9442    0.2986   -0.1392
    0.1470   -0.7601   -0.6330
...    61 G-C ...
  -91.8961 -127.9021   20.9624
    0.1812    0.7860   -0.5911
    0.9628   -0.0192    0.2696
    0.2006   -0.6179   -0.7602
...    62 A-T ...
  -91.1030 -130.0939   18.7024
    0.6579    0.7064   -0.2612
    0.6894   -0.4252    0.5865
    0.3032   -0.5659   -0.7667
...    63 G-C ...
  -90.0642 -131.5533   15.9102
    0.8798    0.4497    0.1540
    0.2677   -0.7366    0.6211
    0.3927   -0.5052   -0.7685
...    64 C-G ...
  -88.6123 -132.6957   13.0785
    0.8486   -0.0074    0.5289
   -0.2586   -0.8780    0.4027
    0.4614   -0.4785   -0.7470
...    65 T-A ...
  -86.9076 -133.9492   10.5523
    0.5585   -0.4292    0.7099
   -0.6328   -0.7737    0.0300
    0.5364   -0.4660   -0.7037
...    66 C-G ...
  -85.1758 -135.8633    8.6030
    0.0789   -0.7834    0.6165
   -0.7771   -0.4357   -0.4542
    0.6244   -0.4432   -0.6431
...    67 G-C ...
  -83.8755 -137.8893    6.0369
   -0.3958   -0.8804    0.2612
   -0.6376    0.0587   -0.7682
    0.6610   -0.4706   -0.5846
...    68 G-C ...
  -81.5342 -139.5914    4.2835
   -0.7014   -0.6851   -0.1968
   -0.3064    0.5391   -0.7845
    0.6435   -0.4900   -0.5880
...    69 G-C ...
  -79.4135 -141.4156    2.4560
   -0.7980   -0.2404   -0.5526
    0.1416    0.8165   -0.5597
    0.5857   -0.5249   -0.6176
...    70 A-T ...
  -77.4649 -143.4157    0.5770
   -0.5416    0.2973   -0.7863
    0.5839    0.8060   -0.0975
    0.6048   -0.5119   -0.6101
...    71 T-A ...
  -75.9299 -145.4963   -1.4828
   -0.1716    0.6829   -0.7101
    0.7732    0.5400    0.3324
    0.6105   -0.4920   -0.6207
...    72 C-G ...
  -74.0757 -147.1341   -3.6711
    0.2879    0.8897   -0.3542
    0.7173    0.0447    0.6953
    0.6345   -0.4543   -0.6253
...    73 C-G ...
  -72.1730 -148.8931   -5.7178
    0.4920    0.8564    0.1565
    0.4569   -0.4070    0.7909
    0.7411   -0.3176   -0.5916
...    74 G-C ...
  -69.4178 -149.9237   -7.2690
    0.4981    0.5719    0.6518
    0.1791   -0.8034    0.5679
    0.8484   -0.1662   -0.5026
...    75 C-G ...
  -66.4537 -149.8701   -9.0438
    0.4829    0.0221    0.8754
   -0.1065   -0.9908    0.0837
    0.8692   -0.1337   -0.4760
...    76 T-A ...
  -63.1341 -149.8892  -10.1311
    0.3246   -0.5361    0.7792
   -0.2826   -0.8412   -0.4610
    0.9026   -0.0706   -0.4246
...    77 T-A ...
  -60.0564 -149.8505  -11.2264
    0.1402   -0.9285    0.3439
   -0.4010   -0.3708   -0.8377
    0.9053   -0.0204   -0.4243
...    78 T-A ...
  -57.0495 -149.7275  -12.4424
   -0.0751   -0.9668   -0.2444
   -0.4215    0.2529   -0.8709
    0.9037    0.0376   -0.4265
...    79 C-G ...
  -54.1429 -149.4982  -14.0829
   -0.2813   -0.6228   -0.7301
   -0.2821    0.7808   -0.5574
    0.9172    0.0491   -0.3953
...    80 A-T ...
  -51.0260 -149.0034  -15.2378
   -0.4599   -0.0856   -0.8838
   -0.0732    0.9956   -0.0583
    0.8849    0.0379   -0.4641
...    81 T-A ...
  -48.2100 -149.3643  -16.8343
   -0.4544    0.4180   -0.7866
    0.1572    0.9068    0.3911
    0.8768    0.0540   -0.4778
...    82 G-C ...
  -45.2440 -149.3166  -18.6424
   -0.3635    0.8504   -0.3802
    0.3559    0.5040    0.7870
    0.8609    0.1508   -0.4859
...    83 T-A ...
  -42.7498 -148.9880  -20.8070
   -0.1664    0.9822    0.0875
    0.4771    0.0025    0.8788
    0.8629    0.1879   -0.4690
...    84 T-A ...
  -40.1772 -148.1717  -22.3775
    0.0092    0.8202    0.5720
    0.5018   -0.4986    0.7068
    0.8649    0.2806   -0.4161
...    85 A-T ...
  -37.3649 -147.0193  -23.4867
    0.0835    0.4138    0.9065
    0.4709   -0.8181    0.3300
    0.8782    0.3994   -0.2632
...    86 T-A ...
  -34.9453 -145.0761  -24.3368
    0.2822   -0.0449    0.9583
    0.3897   -0.9074   -0.1573
    0.8766    0.4179   -0.2386
...    87 A-T ...
  -31.9911 -143.7687  -24.9253
    0.3546   -0.5589    0.7496
    0.2485   -0.7165   -0.6518
    0.9014    0.4174   -0.1152
...    88 A-T ...
  -29.1654 -142.3285  -25.0296
    0.4194   -0.8660    0.2723
    0.0469   -0.2788   -0.9592
    0.9066    0.4150   -0.0763
...    89 C-G ...
  -26.0342 -140.9366  -24.4826
    0.4032   -0.8651   -0.2984
   -0.1814    0.2440   -0.9527
    0.8969    0.4383   -0.0586
...    90 G-C ...
  -23.0966 -139.5795  -24.9518
    0.2035   -0.5501   -0.8099
   -0.3512    0.7311   -0.5849
    0.9139    0.4035   -0.0444
...    91 G-C ...
  -20.0007 -138.4311  -25.0295
   -0.0667   -0.1107   -0.9916
   -0.4006    0.9132   -0.0750
    0.9138    0.3923   -0.1052
...    92 A-T ...
  -16.8336 -137.3841  -25.3231
   -0.2892    0.4581   -0.8406
   -0.2993    0.7908    0.5339
    0.9093    0.4059   -0.0916
...    93 T-A ...
  -13.7887 -136.4702  -26.1975
   -0.4050    0.7891   -0.4618
   -0.1343    0.4483    0.8837
    0.9044    0.4199   -0.0756
...    94 A-T ...
  -10.8557 -134.9550  -26.3317
   -0.5090    0.8547    0.1024
    0.1143   -0.0507    0.9921
    0.8532    0.5167   -0.0719
...    95 A-T ...
   -8.2873 -133.1963  -26.6947
   -0.4519    0.6593    0.6009
    0.3641   -0.4787    0.7989
    0.8144    0.5798   -0.0237
...    96 C-G ...
   -6.0252 -130.8226  -27.1461
   -0.2602    0.3004    0.9176
    0.5467   -0.7375    0.3965
    0.7958    0.6049    0.0277
...    97 A-T ...
   -3.5551 -128.6077  -26.8054
   -0.0381   -0.2232    0.9740
    0.6463   -0.7489   -0.1463
    0.7622    0.6239    0.1728
...    98 C-G ...
   -1.4645 -126.2201  -25.7426
    0.2661   -0.5985    0.7556
    0.6046   -0.5069   -0.6144
    0.7507    0.6204    0.2270
...    99 T-A ...
    0.8647 -123.9127  -24.2030
    0.5371   -0.7949    0.2820
    0.3845   -0.0668   -0.9207
    0.7508    0.6030    0.2698
...   100 T-A ...
    3.1824 -122.0006  -22.9162
    0.7056   -0.6463   -0.2904
    0.0053    0.4146   -0.9100
    0.7085    0.6406    0.2960
...   101 T-A ...
    5.4622 -120.0792  -21.5631
    0.6269   -0.2493   -0.7381
   -0.4109    0.6991   -0.5851
    0.6619    0.6701    0.3358
...   102 A-T ...
    7.4431 -117.5235  -20.4655
    0.2537    0.2716   -0.9284
   -0.7365    0.6764   -0.0034
    0.6270    0.6846    0.3716
...   103 T-A ...
    9.9958 -115.7127  -19.5150
   -0.1362    0.5395   -0.8309
   -0.7794    0.4594    0.4261
    0.6116    0.7056    0.3579
...   104 G-C ...
   12.1305 -113.3263  -18.6090
   -0.6381    0.6334   -0.4378
   -0.5212    0.0632    0.8511
    0.5668    0.7712    0.2898
...   105 C-G ...
   13.7618 -110.5876  -18.1333
   -0.8621    0.5044    0.0482
   -0.1216   -0.2982    0.9467
    0.4919    0.8103    0.3185
...   106 T-A ...
   15.2401 -107.5744  -17.4396
   -0.8164    0.2071    0.5390
    0.3823   -0.5057    0.7734
    0.4327    0.8375    0.3337
...   107 T-A ...
   16.3951 -104.7724  -16.4545
   -0.5174   -0.1695    0.8388
    0.7754   -0.5076    0.3757
    0.3621    0.8447    0.3941
...   108 C-G ...
   17.2466 -101.9824  -14.9729
   -0.0420   -0.4882    0.8717
    0.9459   -0.3003   -0.1226
    0.3216    0.8195    0.4744
...   109 C-G ...
   18.0634  -99.3470  -13.1909
    0.4086   -0.6571    0.6334
    0.8491    0.0192   -0.5279
    0.3348    0.7535    0.5658
...   110 G-C ...
   19.4065  -97.2485  -11.4380
    0.7446   -0.6256    0.2328
    0.5572    0.3904   -0.7329
    0.3676    0.6754    0.6393
...   111 G-C ...
   20.9567  -95.4707   -9.0049
    0.9141   -0.3355   -0.2278
    0.0829    0.7044   -0.7049
    0.3970    0.6255    0.6717
...   112 C-G ...
   22.5212  -93.8833   -6.4924
    0.8029    0.0886   -0.5895
   -0.4230    0.7814   -0.4587
    0.4200    0.6177    0.6649
...   113 T-A ...
   24.0060  -92.0012   -4.2290
    0.4613    0.4841   -0.7436
   -0.7801    0.6206   -0.0800
    0.4227    0.6169    0.6639
...   114 C-G ...
   25.3535  -89.9198   -1.9955
   -0.0889    0.7434   -0.6629
   -0.9083    0.2126    0.3602
    0.4087    0.6341    0.6564
...   115 G-C ...
   26.2251  -87.8460    0.4417
   -0.6249    0.6754   -0.3916
   -0.7040   -0.2707    0.6566
    0.3375    0.6860    0.6446
...   116 T-A ...
   27.3667  -85.1726    1.9843
   -0.9201    0.3903   -0.0312
   -0.2749   -0.5872    0.7613
    0.2788    0.7091    0.6477
...   117 A-T ...
   28.0822  -82.2585    3.7043
   -0.9499   -0.0874    0.3001
    0.2770   -0.6804    0.6785
    0.1449    0.7276    0.6705
...   118 T-A ...
   28.1280  -79.5133    5.3974
   -0.6971   -0.4193    0.5816
    0.7049   -0.5490    0.4491
    0.1309    0.7230    0.6783
...   119 A-T ...
   28.4317  -77.2527    7.7571
   -0.2389   -0.7263    0.6445
    0.9698   -0.2125    0.1200
    0.0498    0.6537    0.7551
...   120 A-T ...
   28.2261  -75.2260   10.2672
    0.3328   -0.7517    0.5694
    0.9423    0.2418   -0.2316
    0.0364    0.6136    0.7888
...   121 T-A ...
   27.7444  -73.5447   13.1077
    0.7672   -0.5209    0.3744
    0.6410    0.6016   -0.4766
    0.0230    0.6056    0.7954
...   122 G-C ...
   27.7929  -71.7480   16.0001
    0.9938   -0.1104   -0.0155
    0.0805    0.8070   -0.5850
    0.0771    0.5801    0.8109
...   123 T-A ...
   28.1620  -70.2988   18.9204
    0.9041    0.3064   -0.2980
   -0.4206    0.7620   -0.4924
    0.0762    0.5705    0.8177
...   124 G-C ...
   28.5072  -68.4456   21.6548
    0.4947    0.6616   -0.5635
   -0.8606    0.4632   -0.2117
    0.1209    0.5897    0.7985
...   125 T-A ...
   29.3773  -66.7664   24.2731
   -0.0213    0.7868   -0.6168
   -0.9927    0.0567    0.1066
    0.1189    0.6146    0.7799
...   126 C-G ...
   29.8085  -64.7876   26.7081
   -0.5947    0.6747   -0.4371
   -0.7947   -0.4115    0.4462
    0.1212    0.6127    0.7810
...   127 G-C ...
   29.6978  -62.9859   29.4410
   -0.9159    0.2742   -0.2932
   -0.3999   -0.6859    0.6079
   -0.0345    0.6740    0.7379
...   128 A-T ...
   29.7321  -60.8656   31.7610
   -0.9790   -0.1808    0.0938
    0.1980   -0.7366    0.6467
   -0.0479    0.6517    0.7569
...   129 C-G ...
   29.2108  -58.2658   33.7142
   -0.7311   -0.5713    0.3729
    0.6755   -0.5297    0.5129
   -0.0955    0.6269    0.7733
...   130 C-G ...
   28.0820  -56.2473   36.2443
   -0.2794   -0.8364    0.4716
    0.9434   -0.1477    0.2971
   -0.1788    0.5279    0.8303
...   131 A-T ...
   27.8121  -54.9051   39.2826
    0.2801   -0.8659    0.4145
    0.9425    0.3300    0.0523
   -0.1820    0.3760    0.9086
...   132 A-T ...
   27.0775  -53.9063   42.3161
    0.7605   -0.5392    0.3618
    0.6220    0.7648   -0.1677
   -0.1862    0.3526    0.9171
...   133 A-T ...
   26.2532  -53.1087   45.3962
    0.9710    0.0301    0.2372
    0.0582    0.9326   -0.3563
   -0.2319    0.3598    0.9038
...   134 T-A ...
   25.6209  -52.5914   48.6399
    0.8597    0.5097    0.0340
   -0.4497    0.7866   -0.4231
   -0.2424    0.3485    0.9054
...   135 G-C ...
   25.2758  -52.5096   52.0790
    0.3204    0.9427   -0.0928
   -0.8825    0.2614   -0.3910
   -0.3443    0.2071    0.9157
...   136 T-A ...
   25.5258  -52.9787   55.8048
   -0.2439    0.9563   -0.1610
   -0.8908   -0.2866   -0.3525
   -0.3833    0.0575    0.9218
...   137 G-C ...
   24.8934  -52.7378   58.9864
   -0.7529    0.5562   -0.3519
   -0.5215   -0.8303   -0.1966
   -0.4015    0.0355    0.9152
...   138 A-T ...
   24.0144  -51.6374   61.9241
   -0.9563    0.0401   -0.2896
   -0.0524   -0.9980    0.0347
   -0.2876    0.0484    0.9565
...   139 G-C ...
   22.3468  -51.2412   64.4939
   -0.8529   -0.5118   -0.1033
    0.4974   -0.8566    0.1373
   -0.1587    0.0657    0.9851
...   140 C-G ...
   22.1504  -50.1498   67.4637
   -0.4681   -0.8748    0.1248
    0.8495   -0.4066    0.3362
   -0.2434    0.2634    0.9335
...   141 G-C ...
   21.4257  -51.8266   72.7875
    0.1303   -0.7143   -0.6876
    0.8897   -0.2218    0.3990
   -0.4375   -0.6638    0.6066
...   142 C-G ...
   20.4247  -54.3095   74.5417
    0.5846   -0.7390   -0.3348
    0.7594    0.3532    0.5465
   -0.2856   -0.5737    0.7676
...   143 T-A ...
   18.4272  -55.5290   76.5298
    0.8548   -0.5005    0.1370
    0.3188    0.7148    0.6224
   -0.4095   -0.4884    0.7706
...   144 C-G ...
   16.8372  -57.7222   78.2673
    0.8529   -0.0846    0.5151
   -0.1508    0.9048    0.3983
   -0.4998   -0.4174    0.7589
...   145 A-T ...
   15.7830  -59.5615   80.7980
    0.5516    0.4995    0.6680
   -0.6739    0.7388    0.0039
   -0.4916   -0.4523    0.7441
...   146 C-G ...
   15.7316  -61.4940   83.9316
    0.0344    0.7399    0.6718
   -0.8637    0.3602   -0.3526
   -0.5029   -0.5681    0.6514
...   147 A-T ...
   14.7385  -63.4279   86.8191
   -0.5924    0.6746    0.4405
   -0.6886   -0.1401   -0.7114
   -0.4182   -0.7248    0.5475
