  147 base-pairs
...     1 T-A ...
    0.0000    0.0000    0.0000
    1.0000    0.0000    0.0000
    0.0000    1.0000    0.0000
    0.0000    0.0000    1.0000
...     2 G-C ...
   -0.5555   -1.1003    3.3981
    0.7749    0.6051    0.1828
   -0.5991    0.7953   -0.0929
   -0.2016   -0.0375    0.9787
...     3 T-A ...
   -0.6619   -3.0237    6.5348
    0.3046    0.9250    0.2271
   -0.8994    0.3578   -0.2510
   -0.3134   -0.1278    0.9410
...     4 G-C ...
   -1.1607   -3.8418    9.6940
   -0.3351    0.9421    0.0133
   -0.8752   -0.3061   -0.3746
   -0.3489   -0.1372    0.9271
...     5 A-T ...
   -1.3881   -3.6770   12.8999
   -0.7835    0.6162   -0.0801
   -0.5677   -0.7622   -0.3109
   -0.2527   -0.1981    0.9470
...     6 G-C ...
   -2.6236   -3.5448   15.7072
   -0.9923    0.0611   -0.1075
   -0.0294   -0.9610   -0.2748
   -0.1201   -0.2695    0.9555
...     7 C-G ...
   -2.3138   -3.7570   18.8866
   -0.8620   -0.4995   -0.0864
    0.5008   -0.8655    0.0073
   -0.0785   -0.0370    0.9962
...     8 G-C ...
   -3.9561   -6.8109   23.3205
   -0.2581   -0.3560   -0.8981
    0.6294   -0.7673    0.1233
   -0.7330   -0.5335    0.4221
...     9 C-G ...
   -6.1177   -8.9414   24.2385
    0.1143   -0.7320   -0.6716
    0.8123   -0.3203    0.4874
   -0.5720   -0.6013    0.5580
...    10 T-A ...
   -8.5041   -9.6771   26.0540
    0.4660   -0.8587   -0.2131
    0.6274    0.1508    0.7640
   -0.6239   -0.4897    0.6090
...    11 C-G ...
  -11.0625  -11.3174   27.2336
    0.6660   -0.6911    0.2808
    0.3382    0.6152    0.7121
   -0.6649   -0.3794    0.6435
...    12 A-T ...
  -13.0013  -13.1789   29.0658
    0.7188   -0.1490    0.6790
   -0.1787    0.9043    0.3876
   -0.6718   -0.4000    0.6235
...    13 C-G ...
  -14.1788  -15.9359   31.3399
    0.4052    0.2865    0.8682
   -0.5270    0.8492   -0.0343
   -0.7470   -0.4437    0.4951
...    14 A-T ...
  -15.9532  -18.1566   33.3080
   -0.1503    0.6873    0.7107
   -0.6106    0.5008   -0.6135
   -0.7776   -0.5261    0.3444
...    15 A-T ...
  -18.3168  -19.9435   34.6406
   -0.4768    0.8451    0.2415
   -0.4064    0.0317   -0.9132
   -0.7794   -0.5336    0.3283
...    16 T-A ...
  -20.6545  -21.5216   36.3331
   -0.6097    0.7519   -0.2510
   -0.1072   -0.3920   -0.9137
   -0.7854   -0.5301    0.3196
...    17 T-A ...
  -23.2139  -23.0745   37.5692
   -0.5478    0.4173   -0.7251
    0.2552   -0.7420   -0.6199
   -0.7967   -0.5247    0.3000
...    18 T-A ...
  -25.9024  -24.5425   38.6111
   -0.2888   -0.0478   -0.9562
    0.5142   -0.8502   -0.1128
   -0.8076   -0.5243    0.2701
...    19 A-T ...
  -28.7581  -26.1381   39.2381
    0.1450   -0.4328   -0.8897
    0.5552   -0.7087    0.4352
   -0.8190   -0.5571    0.1376
...    20 T-A ...
  -31.7207  -27.5446   39.2022
    0.4176   -0.7167   -0.5586
    0.4011   -0.4062    0.8210
   -0.8153   -0.5669    0.1179
...    21 T-A ...
  -34.4268  -29.3257   39.2927
    0.5788   -0.8155   -0.0053
    0.0876    0.0557    0.9946
   -0.8108   -0.5761    0.1037
...    22 C-G ...
  -36.9771  -31.3597   39.5256
    0.5441   -0.6151    0.5706
   -0.2867    0.5028    0.8154
   -0.7885   -0.6073    0.0972
...    23 G-C ...
  -39.6378  -33.2446   40.2477
    0.3574   -0.1775    0.9169
   -0.5786    0.7286    0.3665
   -0.7331   -0.6615    0.1577
...    24 C-G ...
  -41.7573  -35.7374   40.7992
    0.0040    0.2677    0.9635
   -0.6906    0.6976   -0.1909
   -0.7232   -0.6646    0.1877
...    25 A-T ...
  -44.3281  -37.7609   41.3514
   -0.3424    0.6641    0.6647
   -0.5820    0.4054   -0.7049
   -0.7376   -0.6282    0.2477
...    26 A-T ...
  -46.5781  -39.8633   42.3993
   -0.6274    0.7644    0.1485
   -0.2715   -0.0360   -0.9618
   -0.7298   -0.6437    0.2302
...    27 A-T ...
  -48.9219  -41.8728   43.4090
   -0.6739    0.6066   -0.4217
    0.1423   -0.4535   -0.8798
   -0.7250   -0.6530    0.2192
...    28 G-C ...
  -51.4633  -43.7872   44.3082
   -0.4446    0.3324   -0.8318
    0.4756   -0.6993   -0.5336
   -0.7590   -0.6329    0.1528
...    29 G-C ...
  -54.2593  -45.6085   44.8196
   -0.0422   -0.0223   -0.9989
    0.6276   -0.7785   -0.0091
   -0.7774   -0.6273    0.0469
...    30 C-G ...
  -57.0811  -47.3116   44.7537
    0.3513   -0.3910   -0.8507
    0.5417   -0.6561    0.5253
   -0.7636   -0.6454   -0.0187
...    31 C-G ...
  -59.7131  -49.3603   44.2463
    0.6635   -0.6065   -0.4381
    0.2471   -0.3750    0.8935
   -0.7062   -0.7011   -0.0989
...    32 G-C ...
  -61.8175  -51.9482   44.0982
    0.7743   -0.6185    0.1339
   -0.1957   -0.0328    0.9801
   -0.6018   -0.7851   -0.1464
...    33 G-C ...
  -63.4922  -54.7789   43.3427
    0.5943   -0.4734    0.6502
   -0.6086    0.2637    0.7484
   -0.5257   -0.8405   -0.1314
...    34 C-G ...
  -64.8146  -57.7679   42.7829
    0.1823   -0.2259    0.9570
   -0.8495    0.4539    0.2690
   -0.4951   -0.8619   -0.1091
...    35 C-G ...
  -66.2148  -60.8332   42.6300
   -0.2863    0.1073    0.9521
   -0.8274    0.4733   -0.3022
   -0.4831   -0.8743   -0.0468
...    36 C-G ...
  -67.7041  -63.8596   42.7642
   -0.6678    0.3956    0.6305
   -0.5441    0.3186   -0.7762
   -0.5079   -0.8614    0.0025
...    37 G-C ...
  -69.5943  -66.5940   42.3782
   -0.8165    0.5718    0.0801
   -0.0743    0.0336   -0.9967
   -0.5726   -0.8197    0.0151
...    38 A-T ...
  -71.4364  -69.3043   42.5321
   -0.6889    0.5033   -0.5216
    0.4281   -0.2982   -0.8531
   -0.5849   -0.8110   -0.0100
...    39 C-G ...
  -73.7282  -71.6629   42.8938
   -0.3453    0.3034   -0.8881
    0.7268   -0.5122   -0.4576
   -0.5938   -0.8035   -0.0437
...    40 A-T ...
  -75.6624  -74.3732   42.6609
    0.1922    0.0716   -0.9787
    0.7855   -0.6091    0.1096
   -0.5883   -0.7898   -0.1733
...    41 C-G ...
  -77.9875  -76.5292   41.8140
    0.5994   -0.2051   -0.7737
    0.5702   -0.5690    0.5925
   -0.5618   -0.7963   -0.2241
...    42 G-C ...
  -79.5689  -79.3762   41.0823
    0.8901   -0.3500   -0.2920
    0.1341   -0.4110    0.9017
   -0.4356   -0.8418   -0.3189
...    43 A-T ...
  -80.8462  -82.1353   39.9017
    0.8281   -0.4747    0.2982
   -0.4158   -0.1633    0.8947
   -0.3760   -0.8648   -0.3326
...    44 C-G ...
  -81.5836  -84.9461   38.3367
    0.5061   -0.4615    0.7286
   -0.7954    0.0768    0.6012
   -0.3334   -0.8838   -0.3282
...    45 T-A ...
  -82.2820  -87.9887   37.2418
    0.0259   -0.3119    0.9498
   -0.9579    0.2639    0.1128
   -0.2858   -0.9127   -0.2920
...    46 T-A ...
  -82.8865  -91.0471   36.3003
   -0.5410   -0.1388    0.8295
   -0.7990    0.3926   -0.4555
   -0.2624   -0.9092   -0.3233
...    47 A-T ...
  -84.0029  -93.8723   34.8060
   -0.9409    0.0929    0.3258
   -0.2630    0.4057   -0.8753
   -0.2135   -0.9093   -0.3573
...    48 C-G ...
  -84.7286  -97.0768   34.2149
   -0.9374    0.2969   -0.1822
    0.2730    0.3016   -0.9135
   -0.2163   -0.9060   -0.3638
...    49 T-A ...
  -85.6893 -100.0983   33.2273
   -0.6420    0.4541   -0.6177
    0.7279    0.1081   -0.6771
   -0.2407   -0.8844   -0.4000
...    50 G-C ...
  -86.4503 -102.9681   31.7250
   -0.1016    0.5366   -0.8377
    0.9625   -0.1601   -0.2192
   -0.2517   -0.8285   -0.5002
...    51 T-A ...
  -87.8507 -105.4343   30.0551
    0.4173    0.4260   -0.8027
    0.8814   -0.4048    0.2434
   -0.2213   -0.8091   -0.5444
...    52 A-T ...
  -88.7122 -107.8301   27.8971
    0.8437    0.2916   -0.4508
    0.5288   -0.5962    0.6041
   -0.0925   -0.7480   -0.6572
...    53 G-C ...
  -88.9853 -110.0164   25.4557
    0.9995    0.0287   -0.0126
    0.0288   -0.6811    0.7316
    0.0125   -0.7316   -0.6816
...    54 G-C ...
  -88.5201 -112.1896   22.9252
    0.8584   -0.2503    0.4477
   -0.4940   -0.6387    0.5899
    0.1383   -0.7276   -0.6720
...    55 T-A ...
  -87.5413 -114.2075   20.5243
    0.4774   -0.5152    0.7118
   -0.8595   -0.4424    0.2562
    0.1829   -0.7341   -0.6540
...    56 A-T ...
  -87.0668 -116.7676   18.4379
   -0.1353   -0.6668    0.7328
   -0.9664   -0.0742   -0.2460
    0.2185   -0.7415   -0.6344
...    57 T-A ...
  -85.7085 -119.2212   16.6786
   -0.6026   -0.6309    0.4887
   -0.7617    0.2721   -0.5880
    0.2380   -0.7266   -0.6445
...    58 C-G ...
  -84.8984 -121.7040   14.6786
   -0.9345   -0.3538    0.0383
   -0.2547    0.5896   -0.7665
    0.2486   -0.7261   -0.6411
...    59 T-A ...
  -84.1636 -124.3335   12.7853
   -0.9334    0.0288   -0.3578
    0.2776    0.6900   -0.6685
    0.2276   -0.7232   -0.6520
...    60 C-G ...
  -83.4242 -126.7873   10.7269
   -0.5967    0.4436   -0.6688
    0.7680    0.5572   -0.3157
    0.2326   -0.7020   -0.6731
...    61 G-C ...
  -82.2767 -128.9718    8.4843
   -0.1143    0.7631   -0.6361
    0.9632    0.2419    0.1171
    0.2433   -0.5993   -0.7627
...    62 A-T ...
  -81.5774 -130.9465    6.0025
    0.4315    0.8082   -0.4008
    0.8565   -0.2275    0.4633
    0.2833   -0.5431   -0.7904
...    63 G-C ...
  -80.8109 -132.4664    3.1959
    0.7651    0.6435   -0.0225
    0.5278   -0.6068    0.5944
    0.3688   -0.4666   -0.8039
...    64 C-G ...
  -79.6401 -133.4947    0.3174
    0.8940    0.2685    0.3587
    0.0622   -0.8671    0.4942
    0.4438   -0.4195   -0.7919
...    65 T-A ...
  -77.9435 -134.4645   -2.3203
    0.7575   -0.1687    0.6307
   -0.3681   -0.9082    0.1992
    0.5392   -0.3831   -0.7500
...    66 C-G ...
  -75.9355 -135.6671   -4.5820
    0.3893   -0.6432    0.6593
   -0.7062   -0.6680   -0.2346
    0.5913   -0.3743   -0.7143
...    67 G-C ...
  -74.1397 -137.3613   -6.8290
   -0.1116   -0.8774    0.4667
   -0.7490   -0.2344   -0.6197
    0.6530   -0.4187   -0.6310
...    68 G-C ...
  -71.7691 -138.9613   -8.6268
   -0.5275   -0.8462    0.0750
   -0.5389    0.2651   -0.7996
    0.6567   -0.4622   -0.5959
...    69 G-C ...
  -69.4909 -140.7026  -10.4116
   -0.7586   -0.5438   -0.3588
   -0.1501    0.6818   -0.7160
    0.6340   -0.4893   -0.5989
...    70 A-T ...
  -67.3174 -142.3506  -12.2532
   -0.6973   -0.0331   -0.7161
    0.3158    0.8826   -0.3483
    0.6435   -0.4690   -0.6050
...    71 T-A ...
  -65.5394 -144.4513  -14.0869
   -0.4323    0.4150   -0.8006
    0.6120    0.7870    0.0775
    0.6623   -0.4564   -0.5942
...    72 C-G ...
  -63.4047 -146.0384  -16.0036
   -0.0306    0.8183   -0.5739
    0.7328    0.4089    0.5439
    0.6798   -0.4039   -0.6122
...    73 C-G ...
  -61.3844 -147.4644  -18.3038
    0.2642    0.9568   -0.1214
    0.6353   -0.0779    0.7683
    0.7256   -0.2801   -0.6285
...    74 G-C ...
  -58.7683 -148.2584  -20.2069
    0.4120    0.8104    0.4165
    0.4256   -0.5753    0.6985
    0.8057   -0.1105   -0.5819
...    75 C-G ...
  -56.2330 -148.0699  -22.2705
    0.5027    0.3948    0.7691
    0.1759   -0.9177    0.3561
    0.8464   -0.0437   -0.5308
...    76 T-A ...
  -53.3799 -147.7521  -23.8696
    0.4421   -0.1256    0.8881
   -0.0465   -0.9920   -0.1172
    0.8958    0.0105   -0.4444
...    77 T-A ...
  -50.4210 -147.4358  -25.1454
    0.3359   -0.6586    0.6734
   -0.2573   -0.7519   -0.6070
    0.9061    0.0307   -0.4220
...    78 C-G ...
  -47.3465 -147.4206  -26.2771
    0.1192   -0.9741    0.1922
   -0.3668   -0.2231   -0.9032
    0.9226    0.0371   -0.3839
...    79 A-T ...
  -44.3995 -147.3675  -27.7763
   -0.1464   -0.9233   -0.3551
   -0.3349    0.3840   -0.8604
    0.9308   -0.0070   -0.3655
...    80 T-A ...
  -41.1580 -147.7692  -28.4045
   -0.2594   -0.5932   -0.7621
   -0.2230    0.8046   -0.5504
    0.9397    0.0271   -0.3410
...    81 G-C ...
  -38.1220 -147.3862  -29.6596
   -0.3877   -0.0190   -0.9216
   -0.0419    0.9991   -0.0030
    0.9209    0.0374   -0.3881
...    82 T-A ...
  -35.1354 -147.8462  -31.0527
   -0.3747    0.5023   -0.7793
    0.1421    0.8617    0.4871
    0.9162    0.0717   -0.3943
...    83 T-A ...
  -32.2224 -147.7967  -32.4664
   -0.2535    0.8961   -0.3644
    0.3058    0.4317    0.8486
    0.9177    0.1037   -0.3834
...    84 A-T ...
  -29.3425 -147.2838  -34.0554
   -0.2162    0.9552    0.2020
    0.4115   -0.0984    0.9061
    0.8854    0.2790   -0.3718
...    85 T-A ...
  -26.8337 -146.0981  -35.7533
   -0.0337    0.7718    0.6350
    0.4712   -0.5480    0.6911
    0.8814    0.3225   -0.3452
...    86 A-T ...
  -24.1812 -144.3774  -36.8577
    0.0175    0.3121    0.9499
    0.4848   -0.8335    0.2649
    0.8745    0.4559   -0.1658
...    87 A-T ...
  -21.4896 -142.6422  -37.2511
    0.2424   -0.2153    0.9460
    0.4279   -0.8514   -0.3034
    0.8707    0.4783   -0.1143
...    88 C-G ...
  -18.8931 -140.6070  -37.1402
    0.3994   -0.6364    0.6599
    0.2802   -0.6006   -0.7488
    0.8729    0.4840   -0.0616
...    89 G-C ...
  -15.7828 -139.4226  -37.4208
    0.4268   -0.8945    0.1329
    0.0879   -0.1052   -0.9906
    0.9000    0.4345    0.0338
...    90 G-C ...
  -12.6718 -138.1736  -36.9746
    0.3714   -0.8209   -0.4337
   -0.1252    0.4185   -0.8995
    0.9200    0.3884    0.0527
...    91 A-T ...
   -9.6337 -136.9320  -36.6601
    0.2359   -0.4016   -0.8849
   -0.3284    0.8241   -0.4615
    0.9146    0.3995    0.0625
...    92 T-A ...
   -6.4138 -136.2396  -36.2492
    0.0603    0.0911   -0.9940
   -0.4203    0.9056    0.0575
    0.9054    0.4143    0.0929
...    93 T-A ...
   -3.3623 -135.1524  -35.9441
   -0.1761    0.6022   -0.7787
   -0.4069    0.6758    0.6147
    0.8964    0.4251    0.1260
...    94 A-T ...
   -0.4290 -133.6527  -35.4669
   -0.4553    0.8427   -0.2874
   -0.2386    0.1955    0.9512
    0.8578    0.5017    0.1121
...    95 A-T ...
    2.3170 -131.9617  -35.3220
   -0.5525    0.7844    0.2819
    0.0506   -0.3060    0.9507
    0.8320    0.5395    0.1294
...    96 C-G ...
    4.7985 -129.8441  -35.3924
   -0.5070    0.4802    0.7158
    0.3378   -0.6534    0.6775
    0.7930    0.5853    0.1690
...    97 A-T ...
    7.3005 -127.7444  -34.6478
   -0.3628   -0.0431    0.9309
    0.6050   -0.7707    0.2000
    0.7088    0.6357    0.3057
...    98 C-G ...
    9.0774 -125.2241  -33.5094
   -0.0357   -0.4643    0.8850
    0.7324   -0.6147   -0.2929
    0.6799    0.6377    0.3620
...    99 T-A ...
   11.0214 -123.0471  -31.9547
    0.3126   -0.7542    0.5774
    0.6848   -0.2423   -0.6873
    0.6583    0.6103    0.4407
...   100 T-A ...
   12.9379 -121.0412  -30.2543
    0.6687   -0.7377    0.0927
    0.3910    0.2429   -0.8877
    0.6324    0.6299    0.4509
...   101 T-A ...
   14.8536 -119.0963  -28.4681
    0.8035   -0.4271   -0.4146
   -0.0700    0.6239   -0.7784
    0.5911    0.6545    0.4714
...   102 A-T ...
   16.5148 -116.4508  -27.1333
    0.6057    0.1253   -0.7858
   -0.5907    0.7325   -0.3385
    0.5332    0.6691    0.5177
...   103 T-A ...
   18.7157 -114.7544  -25.3309
    0.2285    0.4964   -0.8375
   -0.8262    0.5539    0.1029
    0.5150    0.6684    0.5367
...   104 G-C ...
   20.2036 -112.3811  -23.5438
   -0.3273    0.6578   -0.6784
   -0.8133    0.1695    0.5567
    0.4811    0.7339    0.4795
...   105 C-G ...
   22.0760 -109.9827  -22.2614
   -0.7424    0.5979   -0.3021
   -0.5145   -0.2202    0.8287
    0.4290    0.7707    0.4711
...   106 T-A ...
   23.4249 -107.2423  -21.0188
   -0.9378    0.3255    0.1210
   -0.0565   -0.4868    0.8717
    0.3427    0.8106    0.4749
...   107 T-A ...
   24.4108 -104.4854  -19.6607
   -0.8306   -0.0371    0.5557
    0.4715   -0.5778    0.6662
    0.2964    0.8153    0.4975
...   108 C-G ...
   25.1380 -101.7991  -17.9779
   -0.4315   -0.4129    0.8021
    0.8697   -0.4267    0.2482
    0.2398    0.8046    0.5432
...   109 C-G ...
   25.4561  -99.1513  -15.9072
    0.0749   -0.6522    0.7543
    0.9783   -0.0983   -0.1821
    0.1929    0.7517    0.6307
...   110 G-C ...
   26.4384  -96.8850  -13.6530
    0.5828   -0.6694    0.4607
    0.7900    0.3338   -0.5143
    0.1905    0.6637    0.7233
...   111 G-C ...
   27.0134  -94.9847  -10.9123
    0.9063   -0.4179    0.0622
    0.3553    0.6741   -0.6476
    0.2287    0.6091    0.7594
...   112 C-G ...
   27.8049  -93.3167   -8.1404
    0.9473    0.0121   -0.3200
   -0.1996    0.8037   -0.5606
    0.2504    0.5949    0.7638
...   113 T-A ...
   28.8462  -91.5880   -5.4978
    0.6861    0.4251   -0.5904
   -0.6729    0.6793   -0.2928
    0.2766    0.5982    0.7521
...   114 C-G ...
   29.8256  -89.6802   -2.9996
    0.1471    0.7391   -0.6573
   -0.9520    0.2861    0.1087
    0.2684    0.6098    0.7457
...   115 G-C ...
   30.2703  -87.6236   -0.3925
   -0.4374    0.7044   -0.5590
   -0.8730   -0.1835    0.4518
    0.2157    0.6857    0.6952
...   116 T-A ...
   31.3776  -85.1387    1.4876
   -0.8352    0.4782   -0.2715
   -0.5208   -0.5296    0.6696
    0.1764    0.7006    0.6914
...   117 A-T ...
   31.8183  -82.6919    3.6997
   -0.9974    0.0156    0.0699
    0.0396   -0.6932    0.7197
    0.0596    0.7206    0.6908
...   118 T-A ...
   31.7566  -79.9378    5.4682
   -0.8476   -0.3514    0.3977
    0.5297   -0.6064    0.5931
    0.0327    0.7133    0.7001
...   119 A-T ...
   31.4815  -77.5755    7.8048
   -0.4187   -0.7186    0.5553
    0.9056   -0.2850    0.3141
   -0.0674    0.6344    0.7701
...   120 A-T ...
   30.9648  -75.5730   10.2955
    0.1600   -0.7698    0.6179
    0.9836    0.1770   -0.0342
   -0.0830    0.6133    0.7855
...   121 T-A ...
   30.0629  -73.8746   12.9632
    0.6325   -0.5816    0.5115
    0.7695    0.5469   -0.3297
   -0.0880    0.6021    0.7935
...   122 G-C ...
   30.0642  -71.8866   15.6293
    0.9626   -0.2143    0.1657
    0.2701    0.8077   -0.5240
   -0.0215    0.5492    0.8354
...   123 T-A ...
   30.0086  -70.6320   18.7095
    0.9613    0.2350   -0.1441
   -0.2756    0.8060   -0.5239
   -0.0069    0.5434    0.8395
...   124 G-C ...
   29.9744  -68.5723   21.3137
    0.6226    0.6243   -0.4718
   -0.7809    0.5343   -0.3235
    0.0501    0.5699    0.8202
...   125 T-A ...
   30.7087  -66.9181   24.1120
    0.1177    0.8053   -0.5810
   -0.9919    0.1229   -0.0305
    0.0468    0.5799    0.8133
...   126 C-G ...
   30.9563  -64.9943   26.7640
   -0.4920    0.7096   -0.5043
   -0.8700   -0.3806    0.3133
    0.0304    0.5930    0.8047
...   127 G-C ...
   30.7242  -63.2210   29.5905
   -0.8899    0.3085   -0.3361
   -0.4506   -0.7100    0.5412
   -0.0717    0.6330    0.7708
...   128 A-T ...
   30.5104  -61.0806   32.0487
   -0.9814   -0.1917    0.0006
    0.1487   -0.7591    0.6338
   -0.1211    0.6221    0.7735
...   129 C-G ...
   29.7931  -58.6644   34.1657
   -0.7583   -0.5845    0.2885
    0.6309   -0.5469    0.5503
   -0.1639    0.5993    0.7835
...   130 C-G ...
   28.8118  -56.6324   36.6781
   -0.2876   -0.8471    0.4470
    0.9313   -0.1384    0.3369
   -0.2235    0.5131    0.8287
...   131 A-T ...
   28.0468  -55.0714   39.5301
    0.3006   -0.8414    0.4492
    0.9244    0.3729    0.0798
   -0.2346    0.3912    0.8899
...   132 A-T ...
   27.0865  -54.0273   42.4430
    0.7707   -0.4929    0.4037
    0.5926    0.7873   -0.1702
   -0.2339    0.3705    0.8989
...   133 A-T ...
   26.2555  -53.1145   45.4445
    0.9701    0.0397    0.2393
    0.0498    0.9330   -0.3565
   -0.2374    0.3578    0.9031
...   134 T-A ...
   25.6208  -52.5913   48.6399
    0.8597    0.5097    0.0340
   -0.4497    0.7866   -0.4231
   -0.2424    0.3485    0.9054
...   135 G-C ...
   25.2757  -52.5096   52.0791
    0.3204    0.9427   -0.0928
   -0.8825    0.2614   -0.3910
   -0.3443    0.2071    0.9157
...   136 T-A ...
   25.5257  -52.9787   55.8049
   -0.2439    0.9563   -0.1610
   -0.8908   -0.2866   -0.3525
   -0.3833    0.0575    0.9218
...   137 G-C ...
   24.8932  -52.7378   58.9864
   -0.7529    0.5562   -0.3519
   -0.5215   -0.8303   -0.1966
   -0.4015    0.0355    0.9152
...   138 A-T ...
   24.0142  -51.6374   61.9241
   -0.9563    0.0401   -0.2896
   -0.0524   -0.9980    0.0347
   -0.2876    0.0484    0.9565
...   139 G-C ...
   22.3466  -51.2412   64.4939
   -0.8529   -0.5118   -0.1033
    0.4974   -0.8566    0.1373
   -0.1587    0.0657    0.9851
...   140 C-G ...
   22.1502  -50.1498   67.4638
   -0.4681   -0.8748    0.1248
    0.8495   -0.4066    0.3362
   -0.2434    0.2634    0.9335
...   141 G-C ...
   21.4256  -51.8266   72.7875
    0.1303   -0.7143   -0.6876
    0.8897   -0.2218    0.3990
   -0.4375   -0.6638    0.6066
...   142 C-G ...
   20.4245  -54.3095   74.5418
    0.5846   -0.7390   -0.3348
    0.7594    0.3532    0.5465
   -0.2856   -0.5737    0.7676
...   143 T-A ...
   18.4270  -55.5290   76.5298
    0.8548   -0.5005    0.1370
    0.3188    0.7148    0.6224
   -0.4095   -0.4884    0.7706
...   144 C-G ...
   16.8371  -57.7222   78.2673
    0.8529   -0.0846    0.5151
   -0.1508    0.9048    0.3983
   -0.4998   -0.4174    0.7589
...   145 A-T ...
   15.7828  -59.5615   80.7980
    0.5516    0.4995    0.6680
   -0.6739    0.7388    0.0039
   -0.4916   -0.4523    0.7441
...   146 C-G ...
   15.7314  -61.4940   83.9316
    0.0344    0.7399    0.6718
   -0.8637    0.3602   -0.3526
   -0.5029   -0.5681    0.6514
...   147 A-T ...
   14.7383  -63.4279   86.8192
   -0.5924    0.6746    0.4405
   -0.6886   -0.1401   -0.7114
   -0.4182   -0.7248    0.5475
