  147 base-pairs
...     1 T-A ...
    0.0000    0.0000    0.0000
    1.0000    0.0000    0.0000
    0.0000    1.0000    0.0000
    0.0000    0.0000    1.0000
...     2 G-C ...
   -0.5555   -1.1003    3.3981
    0.7749    0.6051    0.1828
   -0.5991    0.7953   -0.0929
   -0.2016   -0.0375    0.9787
...     3 T-A ...
   -0.6619   -3.0237    6.5348
    0.3046    0.9250    0.2271
   -0.8994    0.3578   -0.2510
   -0.3134   -0.1278    0.9410
...     4 G-C ...
   -1.1607   -3.8418    9.6940
   -0.3351    0.9421    0.0133
   -0.8752   -0.3061   -0.3746
   -0.3489   -0.1372    0.9271
...     5 A-T ...
   -1.3881   -3.6770   12.8999
   -0.7835    0.6162   -0.0801
   -0.5677   -0.7622   -0.3109
   -0.2527   -0.1981    0.9470
...     6 G-C ...
   -2.6236   -3.5448   15.7072
   -0.9923    0.0611   -0.1075
   -0.0294   -0.9610   -0.2748
   -0.1201   -0.2695    0.9555
...     7 C-G ...
   -2.3138   -3.7570   18.8866
   -0.8620   -0.4995   -0.0864
    0.5008   -0.8655    0.0073
   -0.0785   -0.0370    0.9962
...     8 G-C ...
   -3.9561   -6.8109   23.3205
   -0.2581   -0.3560   -0.8981
    0.6294   -0.7673    0.1233
   -0.7330   -0.5335    0.4221
...     9 C-G ...
   -6.1177   -8.9414   24.2385
    0.1143   -0.7320   -0.6716
    0.8123   -0.3203    0.4874
   -0.5720   -0.6013    0.5580
...    10 T-A ...
   -8.5041   -9.6771   26.0540
    0.4660   -0.8587   -0.2131
    0.6274    0.1508    0.7640
   -0.6239   -0.4897    0.6090
...    11 C-G ...
  -11.0625  -11.3174   27.2336
    0.6660   -0.6911    0.2808
    0.3382    0.6152    0.7121
   -0.6649   -0.3794    0.6435
...    12 A-T ...
  -13.0013  -13.1789   29.0658
    0.7188   -0.1490    0.6790
   -0.1787    0.9043    0.3876
   -0.6718   -0.4000    0.6235
...    13 C-G ...
  -14.1788  -15.9359   31.3399
    0.4052    0.2865    0.8682
   -0.5270    0.8492   -0.0343
   -0.7470   -0.4437    0.4951
...    14 A-T ...
  -15.9532  -18.1566   33.3080
   -0.1503    0.6873    0.7107
   -0.6106    0.5008   -0.6135
   -0.7776   -0.5261    0.3444
...    15 A-T ...
  -18.3992  -19.9478   34.4444
   -0.4559    0.8617    0.2228
   -0.3967    0.0274   -0.9175
   -0.7967   -0.5067    0.3293
...    16 T-A ...
  -20.8058  -21.5202   36.2370
   -0.6239    0.7239   -0.2946
   -0.0742   -0.4301   -0.8997
   -0.7780   -0.5394    0.3221
...    17 T-A ...
  -23.3672  -23.0681   37.6126
   -0.5680    0.3201   -0.7582
    0.3166   -0.7654   -0.5603
   -0.7597   -0.5583    0.3335
...    18 T-A ...
  -25.9354  -24.7059   38.6877
   -0.2590   -0.1286   -0.9573
    0.5698   -0.8206   -0.0439
   -0.7799   -0.5568    0.2858
...    19 A-T ...
  -28.5019  -26.6602   39.4354
    0.1768   -0.4968   -0.8496
    0.5940   -0.6345    0.4946
   -0.7848   -0.5921    0.1829
...    20 T-A ...
  -31.4361  -28.2007   39.5455
    0.4553   -0.7520   -0.4766
    0.4171   -0.2928    0.8604
   -0.7866   -0.5906    0.1804
...    21 T-A ...
  -34.0861  -30.1000   39.8204
    0.6069   -0.7886    0.0994
    0.0682    0.1763    0.9820
   -0.7919   -0.5892    0.1608
...    22 C-G ...
  -36.6340  -32.1115   40.3110
    0.5528   -0.5230    0.6487
   -0.3142    0.5902    0.7436
   -0.7718   -0.6149    0.1619
...    23 G-C ...
  -39.2896  -33.8485   41.4321
    0.3808   -0.0275    0.9242
   -0.6058    0.7477    0.2719
   -0.6986   -0.6634    0.2681
...    24 C-G ...
  -41.3016  -36.2908   42.2786
    0.0452    0.4035    0.9138
   -0.7143    0.6526   -0.2528
   -0.6984   -0.6413    0.3178
...    25 A-T ...
  -43.9524  -38.1534   43.0016
   -0.3423    0.7384    0.5811
   -0.6057    0.2994   -0.7372
   -0.7183   -0.6043    0.3447
...    26 A-T ...
  -46.2353  -40.1093   44.3268
   -0.6294    0.7747    0.0604
   -0.3004   -0.1709   -0.9384
   -0.7166   -0.6088    0.3403
...    27 A-T ...
  -48.4697  -41.9958   45.7710
   -0.6987    0.5237   -0.4875
    0.1338   -0.5737   -0.8081
   -0.7028   -0.6298    0.3307
...    28 G-C ...
  -51.0585  -43.7001   47.1127
   -0.4749    0.1800   -0.8614
    0.4699   -0.7758   -0.4212
   -0.7441   -0.6048    0.2839
...    29 G-C ...
  -53.9158  -45.4491   47.9737
   -0.0597   -0.2240   -0.9728
    0.6444   -0.7529    0.1338
   -0.7624   -0.6188    0.1892
...    30 C-G ...
  -56.6853  -47.1838   48.2641
    0.3517   -0.5522   -0.7559
    0.5562   -0.5263    0.6432
   -0.7530   -0.6466    0.1220
...    31 C-G ...
  -59.3662  -49.1813   48.4296
    0.6625   -0.6904   -0.2906
    0.2529   -0.1590    0.9543
   -0.7051   -0.7057    0.0693
...    32 G-C ...
  -61.3113  -51.5184   48.8478
    0.7735   -0.5933    0.2229
   -0.1507    0.1695    0.9739
   -0.6156   -0.7869    0.0417
...    33 G-C ...
  -62.8839  -54.4945   48.9304
    0.5982   -0.3575    0.7172
   -0.5810    0.4228    0.6954
   -0.5519   -0.8327    0.0452
...    34 C-G ...
  -64.3138  -57.4389   49.0437
    0.1958   -0.0350    0.9800
   -0.8303    0.5259    0.1846
   -0.5218   -0.8499    0.0739
...    35 C-G ...
  -65.7983  -60.4404   49.6683
   -0.2935    0.2884    0.9114
   -0.8139    0.4247   -0.3964
   -0.5014   -0.8582    0.1101
...    36 C-G ...
  -67.3665  -63.3437   50.3305
   -0.6803    0.5041    0.5321
   -0.5303    0.1626   -0.8321
   -0.5060   -0.8482    0.1567
...    37 G-C ...
  -69.2410  -66.2203   49.8213
   -0.8295    0.5569   -0.0416
   -0.0426   -0.1374   -0.9896
   -0.5568   -0.8191    0.1377
...    38 A-T ...
  -70.8637  -68.8805   50.3181
   -0.6942    0.3799   -0.6114
    0.4660   -0.4101   -0.7840
   -0.5486   -0.8291    0.1077
...    39 C-G ...
  -73.0312  -71.2058   50.7726
   -0.3251    0.1590   -0.9322
    0.7559   -0.5486   -0.3572
   -0.5682   -0.8208    0.0582
...    40 A-T ...
  -75.0398  -73.8722   50.8356
    0.2154   -0.0874   -0.9726
    0.8011   -0.5537    0.2271
   -0.5584   -0.8281   -0.0493
...    41 C-G ...
  -77.0810  -76.3410   50.1713
    0.6302   -0.2935   -0.7188
    0.5751   -0.4455    0.6861
   -0.5217   -0.8458   -0.1120
...    42 G-C ...
  -78.4944  -79.3626   50.0973
    0.8936   -0.4097   -0.1834
    0.0880   -0.2408    0.9666
   -0.4402   -0.8799   -0.1791
...    43 A-T ...
  -79.9047  -82.1317   49.4632
    0.7813   -0.4644    0.4169
   -0.4506    0.0425    0.8917
   -0.4319   -0.8846   -0.1760
...    44 C-G ...
  -80.8786  -85.0799   48.3332
    0.4484   -0.3265    0.8321
   -0.8080    0.2500    0.5335
   -0.3822   -0.9116   -0.1517
...    45 T-A ...
  -81.5168  -88.5965   47.7211
   -0.0780   -0.1125    0.9906
   -0.9285    0.3700   -0.0311
   -0.3630   -0.9222   -0.1334
...    46 T-A ...
  -82.2843  -91.7266   47.2599
   -0.5547    0.0657    0.8295
   -0.7545    0.3807   -0.5347
   -0.3509   -0.9224   -0.1616
...    47 A-T ...
  -83.6558  -94.6952   46.3961
   -0.9179    0.2710    0.2898
   -0.2211    0.2570   -0.9408
   -0.3294   -0.9277   -0.1759
...    48 C-G ...
  -84.7947  -97.8503   46.4874
   -0.8931    0.3703   -0.2554
    0.3030    0.0758   -0.9500
   -0.3324   -0.9258   -0.1799
...    49 T-A ...
  -86.2483 -100.8860   46.1764
   -0.5660    0.4215   -0.7085
    0.7310   -0.1408   -0.6677
   -0.3812   -0.8958   -0.2284
...    50 G-C ...
  -87.6049 -103.7977   45.1545
   -0.0122    0.3867   -0.9221
    0.9247   -0.3467   -0.1575
   -0.3806   -0.8546   -0.3533
...    51 T-A ...
  -89.3009 -106.2366   43.9432
    0.4616    0.2345   -0.8555
    0.8160   -0.4905    0.3058
   -0.3479   -0.8393   -0.4177
...    52 A-T ...
  -90.5952 -108.5427   41.8415
    0.8678    0.1451   -0.4753
    0.4635   -0.5811    0.6689
   -0.1791   -0.8008   -0.5716
...    53 G-C ...
  -91.3846 -110.9053   39.7780
    0.9985   -0.0510   -0.0174
   -0.0170   -0.6035    0.7972
   -0.0512   -0.7957   -0.6035
...    54 G-C ...
  -91.1362 -113.2410   37.0008
    0.8363   -0.2841    0.4690
   -0.5452   -0.5214    0.6564
    0.0581   -0.8046   -0.5909
...    55 T-A ...
  -90.4004 -115.6627   34.9447
    0.4414   -0.4919    0.7505
   -0.8918   -0.3330    0.3063
    0.0992   -0.8045   -0.5857
...    56 A-T ...
  -89.4605 -118.3495   33.0736
   -0.1517   -0.5566    0.8168
   -0.9778   -0.0362   -0.2063
    0.1444   -0.8300   -0.5388
...    57 T-A ...
  -88.2508 -121.0385   31.5665
   -0.6246   -0.5231    0.5799
   -0.7631    0.2511   -0.5955
    0.1659   -0.8145   -0.5560
...    58 C-G ...
  -87.5832 -123.9199   29.9488
   -0.9588   -0.2724    0.0807
   -0.2203    0.5334   -0.8167
    0.1795   -0.8008   -0.5714
...    59 T-A ...
  -87.1537 -126.8067   28.2904
   -0.9360    0.0796   -0.3428
    0.3201    0.5975   -0.7352
    0.1463   -0.7979   -0.5848
...    60 C-G ...
  -86.6217 -129.5015   26.3484
   -0.5753    0.4318   -0.6947
    0.8033    0.4586   -0.3801
    0.1544   -0.7767   -0.6107
...    61 G-C ...
  -85.6773 -131.7420   24.1538
   -0.1272    0.7272   -0.6746
    0.9797    0.1983    0.0290
    0.1549   -0.6572   -0.7376
...    62 A-T ...
  -84.9334 -134.0196   21.9787
    0.4145    0.7796   -0.4695
    0.8769   -0.2042    0.4351
    0.2434   -0.5921   -0.7683
...    63 G-C ...
  -84.2454 -135.6061   19.1568
    0.7711    0.6275   -0.1076
    0.5526   -0.5758    0.6025
    0.3161   -0.5241   -0.7908
...    64 C-G ...
  -83.2565 -136.8466   16.1780
    0.9221    0.2383    0.3047
    0.0391   -0.8410    0.5396
    0.3849   -0.4857   -0.7848
...    65 T-A ...
  -81.9037 -138.0707   13.4285
    0.7795   -0.1827    0.5992
   -0.4134   -0.8687    0.2729
    0.4707   -0.4604   -0.7526
...    66 C-G ...
  -80.1801 -139.8498   11.3617
    0.3923   -0.6187    0.6807
   -0.7236   -0.6644   -0.1869
    0.5679   -0.4192   -0.7083
...    67 G-C ...
  -78.8854 -141.9791    8.9723
   -0.1024   -0.8659    0.4897
   -0.7739   -0.2400   -0.5861
    0.6250   -0.4389   -0.6455
...    68 G-C ...
  -76.5944 -143.5412    7.0538
   -0.5282   -0.8422    0.1082
   -0.5813    0.2658   -0.7691
    0.6190   -0.4691   -0.6299
...    69 G-C ...
  -74.5063 -145.3172    5.1430
   -0.8012   -0.5265   -0.2842
   -0.1811    0.6661   -0.7236
    0.5703   -0.5283   -0.6290
...    70 A-T ...
  -72.5171 -147.2802    3.2774
   -0.7359   -0.0289   -0.6764
    0.3303    0.8568   -0.3960
    0.5910   -0.5149   -0.6210
...    71 T-A ...
  -70.9076 -149.4600    1.3775
   -0.4654    0.4249   -0.7764
    0.6569    0.7538    0.0187
    0.5932   -0.5013   -0.6299
...    72 C-G ...
  -68.9490 -151.2086   -0.5585
   -0.0141    0.8277   -0.5610
    0.7791    0.3607    0.5128
    0.6268   -0.4298   -0.6499
...    73 A-T ...
  -66.9403 -152.8095   -2.7698
    0.3097    0.9450   -0.1048
    0.6850   -0.1453    0.7139
    0.6595   -0.2929   -0.6923
...    74 T-A ...
  -65.0615 -153.4474   -5.3071
    0.5400    0.7824    0.3102
    0.4648   -0.5845    0.6651
    0.7017   -0.2149   -0.6793
...    75 G-C ...
  -62.4973 -153.7397   -7.6591
    0.5797    0.3588    0.7316
    0.1325   -0.9274    0.3498
    0.8040   -0.1058   -0.5852
...    76 T-A ...
  -59.8069 -153.3361   -9.5719
    0.5322   -0.1550    0.8323
   -0.1462   -0.9852   -0.0900
    0.8339   -0.0738   -0.5469
...    77 T-A ...
  -57.0618 -153.3614  -11.1531
    0.3552   -0.6548    0.6671
   -0.3673   -0.7540   -0.5446
    0.8596   -0.0516   -0.5083
...    78 A-T ...
  -54.2361 -153.7046  -12.9818
    0.0632   -0.9785    0.1961
   -0.4849   -0.2019   -0.8509
    0.8723   -0.0413   -0.4873
...    79 T-A ...
  -51.1112 -153.8065  -13.8876
   -0.1440   -0.9509   -0.2741
   -0.4492    0.3096   -0.8380
    0.8817    0.0025   -0.4717
...    80 A-T ...
  -48.1814 -153.4558  -15.6585
   -0.3334   -0.5209   -0.7858
   -0.2656    0.8516   -0.4519
    0.9046    0.0581   -0.4223
...    81 A-T ...
  -45.2199 -153.3824  -16.9119
   -0.3934    0.0523   -0.9179
   -0.0760    0.9931    0.0891
    0.9162    0.1048   -0.3867
...    82 C-G ...
  -42.1236 -153.6893  -18.3379
   -0.3764    0.5796   -0.7228
    0.1177    0.8038    0.5832
    0.9189    0.1345   -0.3708
...    83 G-C ...
  -39.2021 -152.7831  -19.3982
   -0.4301    0.8694   -0.2432
    0.2784    0.3840    0.8804
    0.8588    0.3109   -0.4072
...    84 G-C ...
  -36.6506 -151.4559  -20.9555
   -0.3430    0.8950    0.2850
    0.4886   -0.0892    0.8679
    0.8022    0.4370   -0.4068
...    85 A-T ...
  -34.1790 -149.8876  -22.4067
   -0.0680    0.6543    0.7532
    0.6106   -0.5698    0.5500
    0.7890    0.4973   -0.3608
...    86 T-A ...
  -32.0357 -147.7632  -23.7083
    0.2089    0.2544    0.9443
    0.5776   -0.8113    0.0908
    0.7892    0.5264   -0.3164
...    87 C-G ...
  -29.5274 -145.7933  -24.5197
    0.4632   -0.2803    0.8408
    0.3849   -0.7910   -0.4757
    0.7983    0.5439   -0.2585
...    88 C-G ...
  -26.8631 -143.9181  -24.9783
    0.5205   -0.6918    0.5005
    0.1356   -0.5118   -0.8484
    0.8430    0.5094   -0.1726
...    89 G-C ...
  -24.0150 -142.5455  -25.8491
    0.4318   -0.9014   -0.0330
   -0.1213   -0.0218   -0.9924
    0.8938    0.4325   -0.1187
...    90 C-G ...
  -20.7796 -141.2971  -25.7972
    0.2823   -0.7510   -0.5970
   -0.3321    0.5073   -0.7952
    0.9000    0.4227   -0.1062
...    91 T-A ...
  -17.4704 -140.3388  -26.0450
    0.0535   -0.3274   -0.9434
   -0.4002    0.8585   -0.3206
    0.9149    0.3947   -0.0851
...    92 T-A ...
  -14.3504 -139.4222  -26.2558
   -0.1406    0.2515   -0.9576
   -0.3791    0.8798    0.2867
    0.9146    0.4034   -0.0284
...    93 T-A ...
  -11.2716 -138.3598  -26.4205
   -0.3229    0.7096   -0.6263
   -0.2528    0.5730    0.7796
    0.9120    0.4101   -0.0056
...    94 A-T ...
   -8.2915 -136.8877  -26.2013
   -0.4991    0.8635   -0.0722
   -0.0247    0.0691    0.9973
    0.8662    0.4995   -0.0132
...    95 A-T ...
   -5.6521 -135.1998  -26.4036
   -0.5101    0.7297    0.4553
    0.2406   -0.3872    0.8900
    0.8258    0.5635    0.0220
...    96 C-G ...
   -3.2741 -132.9243  -26.8016
   -0.3689    0.4048    0.8367
    0.4684   -0.6965    0.5435
    0.8028    0.5924    0.0673
...    97 A-T ...
   -0.7930 -130.7289  -26.3739
   -0.1675   -0.1163    0.9790
    0.6366   -0.7710    0.0174
    0.7528    0.6261    0.2032
...    98 C-G ...
    1.2203 -128.2811  -25.2991
    0.1516   -0.5202    0.8405
    0.6610   -0.5788   -0.4775
    0.7349    0.6280    0.2561
...    99 T-A ...
    3.4148 -125.8693  -23.7296
    0.4724   -0.7736    0.4222
    0.4925   -0.1655   -0.8544
    0.7309    0.6116    0.3028
...   100 T-A ...
    5.6225 -123.8870  -22.3551
    0.7143   -0.6860   -0.1386
    0.1299    0.3245   -0.9369
    0.6877    0.6512    0.3209
...   101 T-A ...
    7.7863 -121.8902  -20.9193
    0.7026   -0.3314   -0.6298
   -0.3145    0.6493   -0.6924
    0.6384    0.6845    0.3520
...   102 A-T ...
    9.6959 -119.2685  -19.8143
    0.3689    0.1912   -0.9096
   -0.7126    0.6865   -0.1447
    0.5968    0.7015    0.3894
...   103 T-A ...
   12.1649 -117.4328  -18.7004
   -0.0237    0.4757   -0.8793
   -0.8113    0.5048    0.2950
    0.5842    0.7203    0.3740
...   104 G-C ...
   14.2398 -115.0230  -17.7251
   -0.5655    0.6098   -0.5553
   -0.6148    0.1371    0.7767
    0.5497    0.7806    0.2974
...   105 C-G ...
   15.8885 -112.2882  -17.2502
   -0.8472    0.5241   -0.0867
   -0.2364   -0.2258    0.9451
    0.4757    0.8212    0.3152
...   106 T-A ...
   17.3772 -109.2677  -16.5982
   -0.8647    0.2614    0.4288
    0.2798   -0.4583    0.8436
    0.4171    0.8495    0.3232
...   107 T-A ...
   18.4990 -106.4296  -15.6766
   -0.6096   -0.0999    0.7864
    0.7149   -0.4977    0.4911
    0.3423    0.8616    0.3748
...   108 C-G ...
   19.2769 -103.5612  -14.2997
   -0.1467   -0.4283    0.8917
    0.9443   -0.3290   -0.0026
    0.2945    0.8417    0.4527
...   109 C-G ...
   19.9904 -100.8281  -12.6228
    0.3225   -0.6250    0.7109
    0.8983   -0.0346   -0.4380
    0.2984    0.7798    0.5503
...   110 G-C ...
   21.2188  -98.6505  -10.8705
    0.6989   -0.6283    0.3417
    0.6380    0.3315   -0.6951
    0.3234    0.7038    0.6325
...   111 G-C ...
   22.5783  -96.7622   -8.4092
    0.9209   -0.3713   -0.1184
    0.1716    0.6592   -0.7321
    0.3499    0.6539    0.6708
...   112 C-G ...
   23.9539  -95.0716   -5.8529
    0.8568    0.0352   -0.5145
   -0.3547    0.7645   -0.5383
    0.3744    0.6437    0.6675
...   113 T-A ...
   25.2746  -93.0953   -3.5665
    0.5404    0.4328   -0.7215
   -0.7513    0.6343   -0.1822
    0.3788    0.6406    0.6680
...   114 C-G ...
   26.4602  -90.9212   -1.3312
   -0.0106    0.7129   -0.7012
   -0.9295    0.2515    0.2698
    0.3686    0.6546    0.6600
...   115 G-C ...
   27.1788  -88.7579    1.0800
   -0.5723    0.6731   -0.4685
   -0.7619   -0.2250    0.6074
    0.3034    0.7045    0.6415
...   116 T-A ...
   28.2747  -86.0388    2.6008
   -0.9044    0.4102   -0.1173
   -0.3480   -0.5501    0.7592
    0.2469    0.7274    0.6403
...   117 A-T ...
   28.9445  -83.0979    4.2851
   -0.9700   -0.0536    0.2372
    0.2123   -0.6621    0.7187
    0.1185    0.7475    0.6536
...   118 T-A ...
   28.9509  -80.2940    5.8894
   -0.7432   -0.3829    0.5486
    0.6607   -0.5493    0.5116
    0.1055    0.7427    0.6612
...   119 A-T ...
   29.1810  -77.9559    8.1927
   -0.2887   -0.6976    0.6557
    0.9571   -0.2270    0.1799
    0.0234    0.6795    0.7333
...   120 A-T ...
   28.8950  -75.8334   10.6160
    0.2876   -0.7390    0.6092
    0.9577    0.2159   -0.1902
    0.0090    0.6382    0.7698
...   121 T-A ...
   28.3142  -74.0504   13.3726
    0.7373   -0.5235    0.4271
    0.6756    0.5745   -0.4621
   -0.0034    0.6292    0.7772
...   122 G-C ...
   28.2734  -72.1563   16.2079
    0.9912   -0.1288    0.0314
    0.1216    0.7891   -0.6021
    0.0527    0.6006    0.7978
...   123 T-A ...
   28.5545  -70.6362   19.1031
    0.9207    0.2840   -0.2678
   -0.3868    0.7559   -0.5282
    0.0524    0.5898    0.8058
...   124 G-C ...
   28.8160  -68.7127   21.8032
    0.5243    0.6431   -0.5581
   -0.8458    0.4691   -0.2541
    0.0984    0.6053    0.7899
...   125 T-A ...
   29.6096  -66.9855   24.4168
    0.0097    0.7748   -0.6321
   -0.9951    0.0697    0.0701
    0.0984    0.6283    0.7717
...   126 C-G ...
   29.9769  -64.9622   26.8292
   -0.5731    0.6725   -0.4683
   -0.8132   -0.3958    0.4267
    0.1016    0.6254    0.7737
...   127 G-C ...
   29.7928  -63.1335   29.5486
   -0.9074    0.2782   -0.3151
   -0.4180   -0.6764    0.6065
   -0.0444    0.6820    0.7300
...   128 A-T ...
   29.8015  -60.9898   31.8510
   -0.9818   -0.1734    0.0778
    0.1813   -0.7316    0.6571
   -0.0570    0.6593    0.7497
...   129 C-G ...
   29.2647  -58.3702   33.7757
   -0.7400   -0.5638    0.3667
    0.6646   -0.5293    0.5275
   -0.1033    0.6340    0.7664
...   130 C-G ...
   28.1265  -56.3202   36.2740
   -0.2884   -0.8314    0.4749
    0.9393   -0.1494    0.3088
   -0.1858    0.5352    0.8240
...   131 A-T ...
   27.8372  -54.9498   39.3031
    0.2742   -0.8643    0.4215
    0.9431    0.3275    0.0581
   -0.1883    0.3816    0.9049
...   132 A-T ...
   27.0906  -53.9259   42.3240
    0.7578   -0.5396    0.3670
    0.6242    0.7632   -0.1668
   -0.1901    0.3554    0.9152
...   133 A-T ...
   26.2570  -53.1169   45.3997
    0.9704    0.0291    0.2397
    0.0603    0.9321   -0.3572
   -0.2339    0.3611    0.9027
...   134 T-A ...
   25.6208  -52.5913   48.6399
    0.8597    0.5097    0.0340
   -0.4497    0.7866   -0.4231
   -0.2424    0.3485    0.9054
...   135 G-C ...
   25.2757  -52.5096   52.0790
    0.3204    0.9427   -0.0928
   -0.8825    0.2614   -0.3910
   -0.3443    0.2071    0.9157
...   136 T-A ...
   25.5257  -52.9787   55.8048
   -0.2439    0.9563   -0.1610
   -0.8908   -0.2866   -0.3525
   -0.3833    0.0575    0.9218
...   137 G-C ...
   24.8932  -52.7377   58.9864
   -0.7529    0.5562   -0.3519
   -0.5215   -0.8303   -0.1966
   -0.4015    0.0355    0.9152
...   138 A-T ...
   24.0142  -51.6374   61.9241
   -0.9563    0.0401   -0.2896
   -0.0524   -0.9980    0.0347
   -0.2876    0.0484    0.9565
...   139 G-C ...
   22.3466  -51.2411   64.4939
   -0.8529   -0.5118   -0.1033
    0.4974   -0.8566    0.1373
   -0.1587    0.0657    0.9851
...   140 C-G ...
   22.1502  -50.1498   67.4638
   -0.4681   -0.8748    0.1248
    0.8495   -0.4066    0.3362
   -0.2434    0.2634    0.9335
...   141 G-C ...
   21.4256  -51.8266   72.7875
    0.1303   -0.7143   -0.6876
    0.8897   -0.2218    0.3990
   -0.4375   -0.6638    0.6066
...   142 C-G ...
   20.4245  -54.3094   74.5417
    0.5846   -0.7390   -0.3348
    0.7594    0.3532    0.5465
   -0.2856   -0.5737    0.7676
...   143 T-A ...
   18.4270  -55.5290   76.5298
    0.8548   -0.5005    0.1370
    0.3188    0.7148    0.6224
   -0.4095   -0.4884    0.7706
...   144 C-G ...
   16.8371  -57.7222   78.2673
    0.8529   -0.0846    0.5151
   -0.1508    0.9048    0.3983
   -0.4998   -0.4174    0.7589
...   145 A-T ...
   15.7828  -59.5615   80.7980
    0.5516    0.4995    0.6680
   -0.6739    0.7388    0.0039
   -0.4916   -0.4523    0.7441
...   146 C-G ...
   15.7314  -61.4940   83.9316
    0.0344    0.7399    0.6718
   -0.8637    0.3602   -0.3526
   -0.5029   -0.5681    0.6514
...   147 A-T ...
   14.7383  -63.4279   86.8191
   -0.5924    0.6746    0.4405
   -0.6886   -0.1401   -0.7114
   -0.4182   -0.7248    0.5475
