  147 base-pairs
...     1 T-A ...
    0.0000    0.0000    0.0000
    1.0000    0.0000    0.0000
    0.0000    1.0000    0.0000
    0.0000    0.0000    1.0000
...     2 G-C ...
   -0.5555   -1.1003    3.3981
    0.7749    0.6051    0.1828
   -0.5991    0.7953   -0.0929
   -0.2016   -0.0375    0.9787
...     3 T-A ...
   -0.6619   -3.0237    6.5348
    0.3046    0.9250    0.2271
   -0.8994    0.3578   -0.2510
   -0.3134   -0.1278    0.9410
...     4 G-C ...
   -1.1607   -3.8418    9.6940
   -0.3351    0.9421    0.0133
   -0.8752   -0.3061   -0.3746
   -0.3489   -0.1372    0.9271
...     5 A-T ...
   -1.3881   -3.6770   12.8999
   -0.7835    0.6162   -0.0801
   -0.5677   -0.7622   -0.3109
   -0.2527   -0.1981    0.9470
...     6 G-C ...
   -2.6236   -3.5448   15.7072
   -0.9923    0.0611   -0.1075
   -0.0294   -0.9610   -0.2748
   -0.1201   -0.2695    0.9555
...     7 C-G ...
   -2.3138   -3.7570   18.8866
   -0.8620   -0.4995   -0.0864
    0.5008   -0.8655    0.0073
   -0.0785   -0.0370    0.9962
...     8 G-C ...
   -3.9561   -6.8109   23.3205
   -0.2581   -0.3560   -0.8981
    0.6294   -0.7673    0.1233
   -0.7330   -0.5335    0.4221
...     9 C-G ...
   -6.1177   -8.9414   24.2385
    0.1143   -0.7320   -0.6716
    0.8123   -0.3203    0.4874
   -0.5720   -0.6013    0.5580
...    10 T-A ...
   -8.5041   -9.6771   26.0540
    0.4660   -0.8587   -0.2131
    0.6274    0.1508    0.7640
   -0.6239   -0.4897    0.6090
...    11 C-G ...
  -11.0625  -11.3174   27.2336
    0.6660   -0.6911    0.2808
    0.3382    0.6152    0.7121
   -0.6649   -0.3794    0.6435
...    12 A-T ...
  -13.0013  -13.1789   29.0658
    0.7188   -0.1490    0.6790
   -0.1787    0.9043    0.3876
   -0.6718   -0.4000    0.6235
...    13 C-G ...
  -14.1788  -15.9359   31.3399
    0.4052    0.2865    0.8682
   -0.5270    0.8492   -0.0343
   -0.7470   -0.4437    0.4951
...    14 A-T ...
  -15.9532  -18.1566   33.3080
   -0.1503    0.6873    0.7107
   -0.6106    0.5008   -0.6135
   -0.7776   -0.5261    0.3444
...    15 A-T ...
  -18.4009  -19.9549   34.4271
   -0.4566    0.8618    0.2208
   -0.3918    0.0280   -0.9196
   -0.7987   -0.5064    0.3249
...    16 T-A ...
  -20.8185  -21.5288   36.2015
   -0.6207    0.7245   -0.2997
   -0.0675   -0.4303   -0.9002
   -0.7811   -0.5385    0.3160
...    17 T-A ...
  -23.3969  -23.0767   37.5486
   -0.5583    0.3217   -0.7647
    0.3209   -0.7663   -0.5567
   -0.7651   -0.5562    0.3246
...    18 T-A ...
  -25.9804  -24.7231   38.5710
   -0.2412   -0.1243   -0.9625
    0.5661   -0.8236   -0.0354
   -0.7883   -0.5534    0.2690
...    19 A-T ...
  -28.5709  -26.6766   39.2577
    0.1945   -0.4998   -0.8440
    0.5764   -0.6379    0.5106
   -0.7936   -0.5859    0.1640
...    20 T-A ...
  -31.5182  -28.1975   39.2919
    0.4621   -0.7580   -0.4604
    0.3896   -0.2929    0.8732
   -0.7967   -0.5828    0.1600
...    21 T-A ...
  -34.1884  -30.0750   39.4973
    0.5904   -0.7967    0.1290
    0.0345    0.1845    0.9822
   -0.8064   -0.5755    0.1364
...    22 C-G ...
  -36.7870  -32.0438   39.9125
    0.5137   -0.5252    0.6784
   -0.3354    0.6048    0.7223
   -0.7896   -0.5986    0.1346
...    23 G-C ...
  -39.5328  -33.7015   40.9172
    0.3344   -0.0255    0.9421
   -0.6001    0.7650    0.2337
   -0.7267   -0.6435    0.2405
...    24 C-G ...
  -41.6482  -36.0879   41.6800
    0.0091    0.4138    0.9103
   -0.6835    0.6670   -0.2964
   -0.7299   -0.6195    0.2889
...    25 A-T ...
  -44.3858  -37.8891   42.2329
   -0.3552    0.7553    0.5507
   -0.5522    0.3058   -0.7756
   -0.7543   -0.5796    0.3084
...    26 A-T ...
  -46.7996  -39.7705   43.4250
   -0.6071    0.7946    0.0103
   -0.2466   -0.1761   -0.9530
   -0.7554   -0.5810    0.3028
...    27 A-T ...
  -49.1845  -41.5633   44.7420
   -0.6451    0.5407   -0.5399
    0.1652   -0.5912   -0.7894
   -0.7460   -0.5985    0.2921
...    28 G-C ...
  -51.9229  -43.1458   45.9301
   -0.4059    0.1855   -0.8949
    0.4657   -0.8005   -0.3772
   -0.7863   -0.5699    0.2386
...    29 G-C ...
  -54.9195  -44.7539   46.5847
    0.0026   -0.2367   -0.9716
    0.5977   -0.7786    0.1913
   -0.8017   -0.5812    0.1395
...    30 C-G ...
  -57.7734  -46.3768   46.6440
    0.3817   -0.5824   -0.7177
    0.4757   -0.5420    0.6928
   -0.7925   -0.6058    0.0702
...    31 C-G ...
  -60.5439  -48.2583   46.6033
    0.6443   -0.7319   -0.2218
    0.1599   -0.1546    0.9749
   -0.7479   -0.6636    0.0174
...    32 G-C ...
  -62.6451  -50.4873   46.8985
    0.7087   -0.6364    0.3044
   -0.2301    0.1992    0.9525
   -0.6669   -0.7451   -0.0053
...    33 G-C ...
  -64.4283  -53.3530   46.8782
    0.4963   -0.3825    0.7793
   -0.6156    0.4780    0.6266
   -0.6122   -0.7907    0.0018
...    34 C-G ...
  -66.1031  -56.1710   46.8688
    0.0878   -0.0264    0.9958
   -0.8017    0.5914    0.0864
   -0.5912   -0.8059    0.0307
...    35 C-G ...
  -67.8902  -59.0305   47.3502
   -0.3684    0.3331    0.8680
   -0.7254    0.4809   -0.4924
   -0.5814   -0.8110    0.0645
...    36 C-G ...
  -69.7495  -61.8018   47.8522
   -0.6899    0.5748    0.4401
   -0.4106    0.1899   -0.8918
   -0.5962   -0.7959    0.1050
...    37 G-C ...
  -71.7837  -64.5266   47.1532
   -0.7603    0.6319   -0.1501
    0.0669   -0.1536   -0.9859
   -0.6461   -0.7596    0.0745
...    38 A-T ...
  -73.7070  -67.0115   47.4667
   -0.5707    0.4326   -0.6980
    0.5177   -0.4703   -0.7147
   -0.6374   -0.7692    0.0444
...    39 C-G ...
  -76.1314  -69.1008   47.6536
   -0.1838    0.1719   -0.9678
    0.7346   -0.6302   -0.2515
   -0.6531   -0.7572   -0.0104
...    40 A-T ...
  -78.4011  -71.5542   47.4473
    0.3327   -0.1300   -0.9340
    0.6980   -0.6321    0.3366
   -0.6341   -0.7639   -0.1196
...    41 C-G ...
  -80.5958  -73.8053   46.5202
    0.6852   -0.3790   -0.6220
    0.4202   -0.4918    0.7626
   -0.5949   -0.7839   -0.1777
...    42 G-C ...
  -82.3175  -76.6549   46.2536
    0.8520   -0.5214   -0.0482
   -0.0847   -0.2280    0.9700
   -0.5167   -0.8223   -0.2384
...    43 A-T ...
  -83.9537  -79.2522   45.4275
    0.6423   -0.5516    0.5321
   -0.5704    0.1197    0.8126
   -0.5120   -0.8255   -0.2377
...    44 C-G ...
  -85.1311  -82.0852   44.1850
    0.2638   -0.3672    0.8920
   -0.8396    0.3679    0.3997
   -0.4749   -0.8543   -0.2112
...    45 T-A ...
  -86.1468  -85.4940   43.4560
   -0.2528   -0.0831    0.9640
   -0.8490    0.4969   -0.1798
   -0.4641   -0.8638   -0.1961
...    46 T-A ...
  -87.2875  -88.4812   42.8512
   -0.6747    0.1605    0.7205
   -0.5849    0.4793   -0.6544
   -0.4503   -0.8629   -0.2295
...    47 A-T ...
  -88.9122  -91.2284   41.7116
   -0.9030    0.4118    0.1228
   -0.0065    0.2725   -0.9621
   -0.4296   -0.8696   -0.2434
...    48 C-G ...
  -90.4980  -94.1728   41.5572
   -0.7617    0.5040   -0.4072
    0.4784    0.0137   -0.8780
   -0.4369   -0.8636   -0.2516
...    49 T-A ...
  -92.3307  -96.9443   40.9278
   -0.3495    0.4992   -0.7929
    0.8089   -0.2663   -0.5242
   -0.4728   -0.8246   -0.3107
...    50 G-C ...
  -93.9557  -99.6003   39.6038
    0.2274    0.3785   -0.8973
    0.8644   -0.5027    0.0070
   -0.4484   -0.7772   -0.4414
...    51 T-A ...
  -95.7829 -101.7130   38.0245
    0.6508    0.1435   -0.7455
    0.6423   -0.6276    0.4400
   -0.4048   -0.7652   -0.5006
...    52 A-T ...
  -97.0065 -103.8412   35.7229
    0.9550   -0.0407   -0.2939
    0.1972   -0.6531    0.7311
   -0.2217   -0.7562   -0.6157
...    53 G-C ...
  -97.8174 -106.0446   33.4931
    0.9473   -0.2649    0.1802
   -0.3053   -0.5762    0.7581
   -0.0970   -0.7732   -0.6267
...    54 G-C ...
  -97.5194 -108.4313   30.7709
    0.6345   -0.4629    0.6190
   -0.7729   -0.3789    0.5090
   -0.0011   -0.8014   -0.5981
...    55 T-A ...
  -96.9408 -110.9769   28.7980
    0.1456   -0.5818    0.8002
   -0.9888   -0.1123    0.0982
    0.0328   -0.8055   -0.5917
...    56 A-T ...
  -96.3390 -113.7911   26.9884
   -0.4600   -0.5141    0.7239
   -0.8860    0.2130   -0.4118
    0.0576   -0.8309   -0.5535
...    57 T-A ...
  -95.5106 -116.6742   25.5807
   -0.8499   -0.3600    0.3848
   -0.5196    0.4515   -0.7254
    0.0874   -0.8164   -0.5708
...    58 C-G ...
  -95.2079 -119.5866   23.9062
   -0.9872   -0.0162   -0.1585
    0.1180    0.5946   -0.7953
    0.1072   -0.8039   -0.5851
...    59 T-A ...
  -95.1298 -122.4387   22.1217
   -0.7758    0.3355   -0.5344
    0.6261    0.5142   -0.5861
    0.0782   -0.7893   -0.6090
...    60 C-G ...
  -94.8444 -125.1486   20.1190
   -0.2621    0.5964   -0.7587
    0.9601    0.2405   -0.1426
    0.0974   -0.7659   -0.6356
...    61 G-C ...
  -94.0004 -127.4727   17.9370
    0.2293    0.7724   -0.5923
    0.9608   -0.0822    0.2648
    0.1559   -0.6297   -0.7610
...    62 A-T ...
  -93.3671 -129.7094   15.6656
    0.7038    0.6586   -0.2661
    0.6617   -0.4717    0.5828
    0.2583   -0.5863   -0.7678
...    63 G-C ...
  -92.4554 -131.2535   12.8745
    0.9113    0.3847    0.1466
    0.2178   -0.7528    0.6212
    0.3493   -0.5341   -0.7699
...    64 C-G ...
  -91.1163 -132.5125   10.0340
    0.8498   -0.0699    0.5224
   -0.3207   -0.8552    0.4073
    0.4183   -0.5136   -0.7492
...    65 T-A ...
  -89.5345 -133.9022    7.4975
    0.5300   -0.4691    0.7064
   -0.6901   -0.7227    0.0379
    0.4928   -0.5076   -0.7068
...    66 C-G ...
  -87.9730 -135.9416    5.5276
    0.0231   -0.7857    0.6182
   -0.8138   -0.3739   -0.4448
    0.5806   -0.4929   -0.6480
...    67 G-C ...
  -86.8629 -138.0692    2.9574
   -0.4621   -0.8450    0.2691
   -0.6395    0.1073   -0.7613
    0.6144   -0.5239   -0.5899
...    68 G-C ...
  -84.6902 -139.9638    1.1844
   -0.7572   -0.6263   -0.1856
   -0.2708    0.5594   -0.7834
    0.5945   -0.5429   -0.5932
...    69 G-C ...
  -82.7547 -141.9693   -0.6602
   -0.8218   -0.1760   -0.5420
    0.2018    0.7996   -0.5656
    0.5329   -0.5742   -0.6215
...    70 A-T ...
  -81.0041 -144.1327   -2.5533
   -0.5246    0.3378   -0.7815
    0.6478    0.7540   -0.1090
    0.5524   -0.5634   -0.6143
...    71 T-A ...
  -79.6741 -146.3439   -4.6201
   -0.1224    0.6914   -0.7120
    0.8198    0.4747    0.3201
    0.5594   -0.5446   -0.6249
...    72 C-G ...
  -77.9923 -148.1451   -6.8225
    0.3587    0.8600   -0.3630
    0.7267   -0.0132    0.6868
    0.5859   -0.5102   -0.6297
...    73 C-G ...
  -76.2713 -150.0708   -8.8811
    0.5663    0.8113    0.1453
    0.4295   -0.4409    0.7881
    0.7035   -0.3839   -0.5981
...    74 G-C ...
  -73.6381 -151.3515  -10.4587
    0.5550    0.5286    0.6423
    0.1141   -0.8132    0.5707
    0.8240   -0.2435   -0.5116
...    75 C-G ...
  -70.7073 -151.5756  -12.2748
    0.4937   -0.0166    0.8695
   -0.1940   -0.9767    0.0915
    0.8477   -0.2139   -0.4854
...    76 T-A ...
  -67.4198 -151.9000  -13.4074
    0.2841   -0.5590    0.7790
   -0.3635   -0.8146   -0.4520
    0.8872   -0.1548   -0.4346
...    77 T-A ...
  -64.3654 -152.1503  -14.5392
    0.0588   -0.9354    0.3486
   -0.4431   -0.3374   -0.8305
    0.8945   -0.1056   -0.4344
...    78 T-A ...
  -61.2847 -152.3760  -15.6118
   -0.1514   -0.9642   -0.2175
   -0.4018    0.2611   -0.8777
    0.9031   -0.0454   -0.4270
...    79 A-T ...
  -58.6342 -151.8020  -17.5500
   -0.2100   -0.5977   -0.7737
   -0.2723    0.7958   -0.5409
    0.9390    0.0971   -0.3299
...    80 A-T ...
  -55.5550 -151.5961  -18.4831
   -0.2843   -0.0324   -0.9582
   -0.1487    0.9888    0.0107
    0.9471    0.1455   -0.2860
...    81 C-G ...
  -52.3692 -151.6776  -19.5865
   -0.3226    0.5013   -0.8029
    0.0040    0.8490    0.5284
    0.9465    0.1673   -0.2759
...    82 A-T ...
  -49.2513 -151.1505  -20.5447
   -0.3533    0.8710   -0.3413
    0.1648    0.4171    0.8938
    0.9209    0.2596   -0.2909
...    83 C-G ...
  -46.4627 -150.2542  -22.1365
   -0.2683    0.9483    0.1696
    0.3137   -0.0805    0.9461
    0.9108    0.3070   -0.2759
...    84 T-A ...
  -43.5495 -148.7328  -23.4865
   -0.1568    0.7035    0.6932
    0.4157   -0.5897    0.6925
    0.8959    0.3967   -0.2000
...    85 T-A ...
  -40.8577 -147.0861  -24.2103
    0.0635    0.2408    0.9685
    0.4425   -0.8766    0.1889
    0.8945    0.4166   -0.1622
...    86 T-A ...
  -38.0497 -145.5782  -24.6045
    0.2385   -0.3027    0.9228
    0.3614   -0.8543   -0.3736
    0.9014    0.4226   -0.0943
...    87 A-T ...
  -34.9698 -144.3328  -24.7990
    0.3396   -0.7594    0.5549
    0.2104   -0.5137   -0.8318
    0.9167    0.3992   -0.0147
...    88 T-A ...
  -32.2026 -142.7296  -24.1271
    0.3794   -0.9198    0.1006
    0.0618   -0.0833   -0.9946
    0.9232    0.3835    0.0252
...    89 G-C ...
  -29.0853 -141.5147  -23.7687
    0.3317   -0.7925   -0.5119
   -0.1604    0.4873   -0.8584
    0.9297    0.3668    0.0345
...    90 T-A ...
  -25.9964 -140.6560  -23.1923
    0.1949   -0.4254   -0.8838
   -0.3072    0.8292   -0.4669
    0.9315    0.3625    0.0309
...    91 C-G ...
  -22.9281 -139.6350  -23.1635
   -0.0277    0.1231   -0.9920
   -0.3595    0.9247    0.1248
    0.9327    0.3601    0.0187
...    92 A-T ...
  -19.8963 -138.2388  -22.6846
   -0.3154    0.5817   -0.7498
   -0.2965    0.6902    0.6601
    0.9015    0.4305   -0.0452
...    93 T-A ...
  -16.9324 -137.0590  -23.2621
   -0.4643    0.8224   -0.3289
   -0.1070    0.3166    0.9425
    0.8792    0.4727   -0.0590
...    94 G-C ...
  -13.9592 -135.2676  -23.7159
   -0.5634    0.7858    0.2552
    0.1625   -0.1975    0.9667
    0.8100    0.5862   -0.0164
...    95 T-A ...
  -11.6092 -133.0286  -24.3509
   -0.4512    0.5524    0.7009
    0.4260   -0.5568    0.7131
    0.7842    0.6203    0.0159
...    96 T-A ...
   -9.3623 -130.8615  -24.2436
   -0.2484    0.1300    0.9599
    0.6177   -0.7420    0.2603
    0.7461    0.6576    0.1040
...    97 A-T ...
   -6.9807 -128.7194  -23.5960
   -0.0064   -0.3627    0.9319
    0.6973   -0.6696   -0.2558
    0.7168    0.6481    0.2572
...    98 T-A ...
   -5.2513 -126.2607  -22.4086
    0.3368   -0.6433    0.6875
    0.6284   -0.3901   -0.6730
    0.7012    0.6587    0.2729
...    99 A-T ...
   -2.8157 -124.1298  -21.5534
    0.6251   -0.7629    0.1653
    0.3533    0.0877   -0.9314
    0.6960    0.6406    0.3243
...   100 A-T ...
   -0.6641 -122.1260  -20.2855
    0.7334   -0.5657   -0.3770
   -0.0552    0.5032   -0.8624
    0.6776    0.6533    0.3378
...   101 C-G ...
    1.7751 -120.3610  -18.5530
    0.6077   -0.1728   -0.7752
   -0.4561    0.7231   -0.5188
    0.6502    0.6688    0.3606
...   102 G-C ...
    3.8033 -117.9935  -17.6067
    0.1917    0.2468   -0.9499
   -0.7231    0.6900    0.0333
    0.6636    0.6805    0.3107
...   103 G-C ...
    6.1443 -115.8760  -16.6557
   -0.2623    0.5106   -0.8188
   -0.7181    0.4635    0.5191
    0.6446    0.7242    0.2451
...   104 A-T ...
    8.2819 -113.5383  -16.0342
   -0.6643    0.6397   -0.3866
   -0.4370    0.0872    0.8952
    0.6064    0.7636    0.2216
...   105 C-G ...
   10.3966 -111.0283  -16.0190
   -0.8356    0.5386    0.1085
   -0.0308   -0.2431    0.9695
    0.5485    0.8067    0.2197
...   106 T-A ...
   11.9695 -107.8367  -15.7208
   -0.7663    0.2410    0.5955
    0.4298   -0.4966    0.7541
    0.4775    0.8338    0.2769
...   107 T-A ...
   13.2657 -105.0438  -14.9033
   -0.4552   -0.1366    0.8799
    0.7899   -0.5180    0.3282
    0.4109    0.8444    0.3437
...   108 C-G ...
   14.2908 -102.2450  -13.5617
    0.0111   -0.4672    0.8841
    0.9269   -0.3269   -0.1844
    0.3752    0.8215    0.4294
...   109 C-G ...
   15.2987  -99.5940  -11.9075
    0.4381   -0.6530    0.6179
    0.8086   -0.0140   -0.5881
    0.3927    0.7573    0.5218
...   110 G-C ...
   16.8194  -97.5002  -10.3014
    0.7447   -0.6385    0.1944
    0.5127    0.3608   -0.7791
    0.4274    0.6798    0.5960
...   111 G-C ...
   18.5858  -95.7156   -8.0237
    0.8885   -0.3618   -0.2823
    0.0499    0.6877   -0.7243
    0.4562    0.6294    0.6291
...   112 C-G ...
   20.3587  -94.1155   -5.6622
    0.7629    0.0578   -0.6439
   -0.4355    0.7820   -0.4459
    0.4777    0.6206    0.6218
...   113 T-A ...
   22.0332  -92.2216   -3.5470
    0.4219    0.4597   -0.7815
   -0.7701    0.6365   -0.0414
    0.4784    0.6193    0.6226
...   114 C-G ...
   23.5730  -90.1389   -1.4372
   -0.1159    0.7333   -0.6700
   -0.8797    0.2375    0.4121
    0.4613    0.6371    0.6175
...   115 G-C ...
   24.6367  -88.0479    0.9062
   -0.6350    0.6803   -0.3660
   -0.6684   -0.2464    0.7018
    0.3873    0.6903    0.6112
...   116 T-A ...
   25.9144  -85.3700    2.3273
   -0.9138    0.4060    0.0147
   -0.2404   -0.5696    0.7860
    0.3275    0.7147    0.6181
...   117 A-T ...
   26.7709  -82.4312    3.9436
   -0.9343   -0.0675    0.3501
    0.3016   -0.6733    0.6751
    0.1901    0.7363    0.6494
...   118 T-A ...
   26.9418  -79.6611    5.5818
   -0.6735   -0.3996    0.6218
    0.7183   -0.5523    0.4231
    0.1744    0.7316    0.6590
...   119 A-T ...
   27.3767  -77.3768    7.8875
   -0.2247   -0.7152    0.6618
    0.9702   -0.2275    0.0835
    0.0909    0.6608    0.7450
...   120 A-T ...
   27.3043  -75.3248   10.3828
    0.3423   -0.7519    0.5634
    0.9365    0.2243   -0.2696
    0.0764    0.6199    0.7810
...   121 T-A ...
   26.9552  -73.6136   13.2249
    0.7724   -0.5297    0.3506
    0.6322    0.5875   -0.5052
    0.0616    0.6118    0.7886
...   122 G-C ...
   27.1325  -71.7991   16.0943
    0.9912   -0.1233   -0.0480
    0.0709    0.8011   -0.5944
    0.1117    0.5857    0.8028
...   123 T-A ...
   27.6136  -70.3321   18.9913
    0.8975    0.2939   -0.3288
   -0.4274    0.7632   -0.4846
    0.1085    0.5755    0.8106
...   124 G-C ...
   28.0577  -68.4681   21.7022
    0.4838    0.6539   -0.5817
   -0.8622    0.4700   -0.1887
    0.1500    0.5928    0.7912
...   125 T-A ...
   29.0203  -66.7846   24.2865
   -0.0320    0.7841   -0.6198
   -0.9888    0.0656    0.1340
    0.1458    0.6171    0.7732
...   126 C-G ...
   29.5371  -64.8063   26.7065
   -0.6012    0.6772   -0.4242
   -0.7857   -0.4040    0.4685
    0.1459    0.6150    0.7749
...   127 G-C ...
   29.5116  -62.9896   29.4291
   -0.9197    0.2773   -0.2780
   -0.3922   -0.6810    0.6184
   -0.0178    0.6777    0.7351
...   128 A-T ...
   29.6013  -60.8613   31.7372
   -0.9783   -0.1757    0.1099
    0.2047   -0.7350    0.6465
   -0.0328    0.6549    0.7550
...   129 C-G ...
   29.1217  -58.2519   33.6846
   -0.7285   -0.5667    0.3850
    0.6801   -0.5308    0.5057
   -0.0823    0.6302    0.7721
...   130 C-G ...
   28.0206  -56.2247   36.2215
   -0.2780   -0.8340    0.4766
    0.9458   -0.1509    0.2877
   -0.1680    0.5307    0.8307
...   131 A-T ...
   27.7704  -54.8948   39.2677
    0.2798   -0.8671    0.4122
    0.9441    0.3266    0.0461
   -0.1745    0.3762    0.9099
...   132 A-T ...
   27.0576  -53.9027   42.3092
    0.7608   -0.5412    0.3582
    0.6233    0.7632   -0.1707
   -0.1810    0.3532    0.9179
...   133 A-T ...
   26.2466  -53.1042   45.3919
    0.9717    0.0286    0.2345
    0.0587    0.9324   -0.3567
   -0.2289    0.3604    0.9043
...   134 T-A ...
   25.6208  -52.5914   48.6402
    0.8597    0.5097    0.0340
   -0.4497    0.7866   -0.4231
   -0.2424    0.3485    0.9054
...   135 G-C ...
   25.2757  -52.5097   52.0793
    0.3204    0.9427   -0.0928
   -0.8825    0.2614   -0.3910
   -0.3443    0.2071    0.9157
...   136 T-A ...
   25.5257  -52.9788   55.8051
   -0.2439    0.9563   -0.1610
   -0.8908   -0.2866   -0.3525
   -0.3833    0.0575    0.9218
...   137 G-C ...
   24.8932  -52.7379   58.9867
   -0.7529    0.5562   -0.3519
   -0.5215   -0.8303   -0.1966
   -0.4015    0.0355    0.9152
...   138 A-T ...
   24.0142  -51.6375   61.9244
   -0.9563    0.0401   -0.2896
   -0.0524   -0.9980    0.0347
   -0.2876    0.0484    0.9565
...   139 G-C ...
   22.3466  -51.2413   64.4942
   -0.8529   -0.5118   -0.1033
    0.4974   -0.8566    0.1373
   -0.1587    0.0657    0.9851
...   140 C-G ...
   22.1502  -50.1499   67.4641
   -0.4681   -0.8748    0.1248
    0.8495   -0.4066    0.3362
   -0.2434    0.2634    0.9335
...   141 G-C ...
   21.4256  -51.8267   72.7878
    0.1303   -0.7143   -0.6876
    0.8897   -0.2218    0.3990
   -0.4375   -0.6638    0.6066
...   142 C-G ...
   20.4245  -54.3096   74.5420
    0.5846   -0.7390   -0.3348
    0.7594    0.3531    0.5465
   -0.2856   -0.5738    0.7676
...   143 T-A ...
   18.4270  -55.5291   76.5301
    0.8548   -0.5005    0.1370
    0.3188    0.7148    0.6224
   -0.4095   -0.4884    0.7706
...   144 C-G ...
   16.8371  -57.7223   78.2676
    0.8529   -0.0846    0.5151
   -0.1508    0.9048    0.3983
   -0.4998   -0.4174    0.7589
...   145 A-T ...
   15.7828  -59.5616   80.7983
    0.5516    0.4995    0.6680
   -0.6739    0.7388    0.0039
   -0.4916   -0.4523    0.7441
...   146 C-G ...
   15.7314  -61.4942   83.9318
    0.0344    0.7399    0.6718
   -0.8637    0.3602   -0.3526
   -0.5029   -0.5681    0.6514
...   147 A-T ...
   14.7383  -63.4280   86.8194
   -0.5924    0.6746    0.4405
   -0.6886   -0.1401   -0.7114
   -0.4182   -0.7248    0.5475
