  147 base-pairs
...     1 T-A ...
    0.0000    0.0000    0.0000
    1.0000    0.0000    0.0000
    0.0000    1.0000    0.0000
    0.0000    0.0000    1.0000
...     2 G-C ...
   -0.5555   -1.1003    3.3981
    0.7749    0.6051    0.1828
   -0.5991    0.7953   -0.0929
   -0.2016   -0.0375    0.9787
...     3 T-A ...
   -0.6619   -3.0237    6.5348
    0.3046    0.9250    0.2271
   -0.8994    0.3578   -0.2510
   -0.3134   -0.1278    0.9410
...     4 G-C ...
   -1.1607   -3.8418    9.6940
   -0.3351    0.9421    0.0133
   -0.8752   -0.3061   -0.3746
   -0.3489   -0.1372    0.9271
...     5 A-T ...
   -1.3881   -3.6770   12.8999
   -0.7835    0.6162   -0.0801
   -0.5677   -0.7622   -0.3109
   -0.2527   -0.1981    0.9470
...     6 G-C ...
   -2.6236   -3.5448   15.7072
   -0.9923    0.0611   -0.1075
   -0.0294   -0.9610   -0.2748
   -0.1201   -0.2695    0.9555
...     7 C-G ...
   -2.3138   -3.7570   18.8866
   -0.8620   -0.4995   -0.0864
    0.5008   -0.8655    0.0073
   -0.0785   -0.0370    0.9962
...     8 G-C ...
   -3.9561   -6.8109   23.3205
   -0.2581   -0.3560   -0.8981
    0.6294   -0.7673    0.1233
   -0.7330   -0.5335    0.4221
...     9 C-G ...
   -6.1177   -8.9414   24.2385
    0.1143   -0.7320   -0.6716
    0.8123   -0.3203    0.4874
   -0.5720   -0.6013    0.5580
...    10 T-A ...
   -8.5041   -9.6771   26.0540
    0.4660   -0.8587   -0.2131
    0.6274    0.1508    0.7640
   -0.6239   -0.4897    0.6090
...    11 C-G ...
  -11.0625  -11.3174   27.2336
    0.6660   -0.6911    0.2808
    0.3382    0.6152    0.7121
   -0.6649   -0.3794    0.6435
...    12 A-T ...
  -13.0013  -13.1789   29.0658
    0.7188   -0.1490    0.6790
   -0.1787    0.9043    0.3876
   -0.6718   -0.4000    0.6235
...    13 C-G ...
  -14.1788  -15.9359   31.3399
    0.4052    0.2865    0.8682
   -0.5270    0.8492   -0.0343
   -0.7470   -0.4437    0.4951
...    14 A-T ...
  -15.9532  -18.1566   33.3080
   -0.1503    0.6873    0.7107
   -0.6106    0.5008   -0.6135
   -0.7776   -0.5261    0.3444
...    15 A-T ...
  -18.3197  -19.9395   34.6394
   -0.4750    0.8463    0.2410
   -0.4067    0.0317   -0.9130
   -0.7803   -0.5317    0.3292
...    16 T-A ...
  -20.6613  -21.5080   36.3336
   -0.6071    0.7537   -0.2518
   -0.1089   -0.3928   -0.9132
   -0.7871   -0.5270    0.3206
...    17 T-A ...
  -23.2282  -23.0479   37.5698
   -0.5457    0.4190   -0.7258
    0.2516   -0.7442   -0.6188
   -0.7994   -0.5202    0.3007
...    18 T-A ...
  -25.9257  -24.4995   38.6119
   -0.2888   -0.0480   -0.9562
    0.5092   -0.8534   -0.1109
   -0.8107   -0.5190    0.2709
...    19 A-T ...
  -28.7885  -26.0820   39.2440
    0.1417   -0.4384   -0.8875
    0.5504   -0.7103    0.4387
   -0.8228   -0.5507    0.1406
...    20 T-A ...
  -31.7628  -27.4666   39.2173
    0.4117   -0.7234   -0.5542
    0.3982   -0.4042    0.8234
   -0.8197   -0.5597    0.1217
...    21 T-A ...
  -34.4861  -29.2225   39.3201
    0.5707   -0.8212    0.0010
    0.0882    0.0625    0.9941
   -0.8164   -0.5672    0.1081
...    22 C-G ...
  -37.0612  -31.2254   39.5689
    0.5368   -0.6162    0.5764
   -0.2815    0.5132    0.8108
   -0.7954   -0.5975    0.1020
...    23 G-C ...
  -39.7515  -33.0650   40.3032
    0.3539   -0.1731    0.9191
   -0.5694    0.7397    0.3586
   -0.7420   -0.6502    0.1632
...    24 C-G ...
  -41.9070  -35.5231   40.8728
    0.0063    0.2775    0.9607
   -0.6804    0.7052   -0.1992
   -0.7328   -0.6524    0.1933
...    25 A-T ...
  -44.5091  -37.5032   41.4407
   -0.3334    0.6763    0.6569
   -0.5748    0.4065   -0.7102
   -0.7473   -0.6144    0.2532
...    26 A-T ...
  -46.7943  -39.5575   42.5069
   -0.6150    0.7762    0.1390
   -0.2709   -0.0425   -0.9617
   -0.7405   -0.6291    0.2364
...    27 A-T ...
  -49.1738  -41.5150   43.5347
   -0.6627    0.6134   -0.4296
    0.1355   -0.4660   -0.8744
   -0.7365   -0.6376    0.2256
...    28 G-C ...
  -51.7520  -43.3720   44.4517
   -0.4373    0.3305   -0.8364
    0.4636   -0.7141   -0.5246
   -0.7706   -0.6171    0.1590
...    29 G-C ...
  -54.5849  -45.1331   44.9773
   -0.0411   -0.0338   -0.9986
    0.6128   -0.7903    0.0015
   -0.7892   -0.6118    0.0532
...    30 C-G ...
  -57.4395  -46.7832   44.9271
    0.3450   -0.4086   -0.8450
    0.5280   -0.6598    0.5346
   -0.7760   -0.6307   -0.0119
...    31 C-G ...
  -60.1113  -48.7866   44.4428
    0.6519   -0.6256   -0.4286
    0.2379   -0.3679    0.8989
   -0.7200   -0.6880   -0.0910
...    32 G-C ...
  -62.2706  -51.3319   44.3294
    0.7607   -0.6328    0.1445
   -0.1984   -0.0148    0.9800
   -0.6180   -0.7742   -0.1368
...    33 G-C ...
  -64.0086  -54.1340   43.6121
    0.5821   -0.4768    0.6586
   -0.6046    0.2879    0.7427
   -0.5437   -0.8305   -0.1207
...    34 C-G ...
  -65.3973  -57.1003   43.0915
    0.1743   -0.2159    0.9607
   -0.8399    0.4767    0.2595
   -0.5140   -0.8522   -0.0982
...    35 C-G ...
  -66.8687  -60.1339   42.9792
   -0.2872    0.1277    0.9493
   -0.8154    0.4874   -0.3123
   -0.5025   -0.8638   -0.0359
...    36 C-G ...
  -68.4291  -63.1225   43.1522
   -0.6612    0.4198    0.6217
   -0.5337    0.3192   -0.7831
   -0.5272   -0.8496    0.0130
...    37 G-C ...
  -70.3802  -65.8191   42.7982
   -0.8038    0.5911    0.0677
   -0.0690    0.0205   -0.9974
   -0.5909   -0.8064    0.0244
...    38 A-T ...
  -72.2840  -68.4851   42.9833
   -0.6749    0.5107   -0.5326
    0.4254   -0.3204   -0.8464
   -0.6029   -0.7978   -0.0010
...    39 C-G ...
  -74.6306  -70.7863   43.3685
   -0.3338    0.2978   -0.8944
    0.7175   -0.5351   -0.4460
   -0.6113   -0.7906   -0.0351
...    40 A-T ...
  -76.6270  -73.4549   43.1669
    0.1992    0.0532   -0.9785
    0.7711   -0.6247    0.1231
   -0.6047   -0.7791   -0.1655
...    41 C-G ...
  -78.9957  -75.5705   42.3390
    0.5994   -0.2292   -0.7669
    0.5539   -0.5728    0.6042
   -0.5778   -0.7870   -0.2164
...    42 G-C ...
  -80.6361  -78.3924   41.6367
    0.8843   -0.3730   -0.2810
    0.1194   -0.4012    0.9082
   -0.4515   -0.8366   -0.3102
...    43 A-T ...
  -81.9632  -81.1407   40.4862
    0.8157   -0.4879    0.3108
   -0.4255   -0.1422    0.8937
   -0.3918   -0.8613   -0.3236
...    44 C-G ...
  -82.7486  -83.9567   38.9542
    0.4907   -0.4621    0.7387
   -0.7982    0.1014    0.5937
   -0.3493   -0.8810   -0.3191
...    45 T-A ...
  -83.5027  -86.9992   37.8958
    0.0112   -0.3000    0.9539
   -0.9532    0.2849    0.1008
   -0.3020   -0.9104   -0.2828
...    46 T-A ...
  -84.1610  -90.0571   36.9878
   -0.5521   -0.1180    0.8254
   -0.7863    0.4030   -0.4684
   -0.2774   -0.9076   -0.3153
...    47 A-T ...
  -85.3248  -92.8703   35.4978
   -0.9439    0.1128    0.3103
   -0.2424    0.4014   -0.8832
   -0.2242   -0.9089   -0.3516
...    48 C-G ...
  -86.0989  -96.0685   34.9260
   -0.9291    0.3109   -0.2003
    0.2930    0.2881   -0.9117
   -0.2257   -0.9057   -0.3588
...    49 T-A ...
  -87.0934  -99.0841   33.9503
   -0.6238    0.4588   -0.6328
    0.7412    0.0903   -0.6652
   -0.2480   -0.8839   -0.3964
...    50 G-C ...
  -87.8774 -101.9573   32.4644
   -0.0784    0.5317   -0.8433
    0.9637   -0.1762   -0.2007
   -0.2553   -0.8284   -0.4986
...    51 T-A ...
  -89.2850 -104.4144   30.7888
    0.4382    0.4149   -0.7974
    0.8709   -0.4158    0.2622
   -0.2228   -0.8093   -0.5434
...    52 A-T ...
  -90.1531 -106.7976   28.6159
    0.8548    0.2832   -0.4349
    0.5117   -0.6000    0.6149
   -0.0868   -0.7482   -0.6578
...    53 G-C ...
  -90.3975 -108.9838   26.1727
    0.9997    0.0214    0.0075
    0.0091   -0.6810    0.7323
    0.0208   -0.7320   -0.6810
...    54 G-C ...
  -89.8878 -111.1599   23.6539
    0.8474   -0.2556    0.4655
   -0.5099   -0.6364    0.5788
    0.1483   -0.7278   -0.6696
...    55 T-A ...
  -88.8679 -113.1814   21.2746
    0.4593   -0.5186    0.7212
   -0.8670   -0.4386    0.2367
    0.1936   -0.7339   -0.6511
...    56 A-T ...
  -88.3762 -115.7445   19.1931
   -0.1562   -0.6706    0.7252
   -0.9606   -0.0676   -0.2694
    0.2297   -0.7387   -0.6337
...    57 T-A ...
  -86.9869 -118.1944   17.4500
   -0.6173   -0.6320    0.4684
   -0.7456    0.2803   -0.6045
    0.2508   -0.7225   -0.6443
...    58 C-G ...
  -86.1350 -120.6642   15.4492
   -0.9363   -0.3511    0.0097
   -0.2322    0.5980   -0.7672
    0.2635   -0.7205   -0.6414
...    59 A-T ...
  -85.2344 -122.8169   13.1059
   -0.9088    0.0965   -0.4058
    0.3541    0.6928   -0.6282
    0.2205   -0.7147   -0.6638
...    60 T-A ...
  -84.8898 -125.5721   11.3096
   -0.6014    0.4256   -0.6762
    0.7611    0.5627   -0.3227
    0.2432   -0.7087   -0.6623
...    61 G-C ...
  -84.0239 -127.8047    9.0044
   -0.1113    0.7446   -0.6582
    0.9638    0.2423    0.1111
    0.2422   -0.6220   -0.7446
...    62 T-A ...
  -83.8266 -129.7906    6.3980
    0.3757    0.8023   -0.4639
    0.8845   -0.1610    0.4379
    0.2767   -0.5748   -0.7701
...    63 T-A ...
  -83.0704 -131.5040    3.7777
    0.7744    0.6247   -0.1003
    0.5416   -0.5727    0.6154
    0.3270   -0.5308   -0.7818
...    64 A-T ...
  -81.8599 -132.6603    0.8768
    0.8484    0.3618    0.3865
    0.1128   -0.8368    0.5358
    0.5172   -0.4110   -0.7507
...    65 T-A ...
  -80.0827 -133.3327   -1.7709
    0.7748   -0.0778    0.6274
   -0.3039   -0.9161    0.2617
    0.5544   -0.3934   -0.7334
...    66 A-T ...
  -77.9562 -134.5395   -4.0154
    0.4151   -0.5279    0.7410
   -0.6380   -0.7495   -0.1765
    0.6486   -0.3995   -0.6479
...    67 A-T ...
  -75.5988 -135.6668   -5.9440
   -0.0058   -0.8674    0.4976
   -0.7454   -0.3280   -0.5803
    0.6666   -0.3743   -0.6446
...    68 C-G ...
  -72.9434 -136.8885   -7.5634
   -0.3910   -0.9131    0.1161
   -0.6161    0.1659   -0.7700
    0.6838   -0.3726   -0.6274
...    69 G-C ...
  -70.9825 -138.0276  -10.0082
   -0.6958   -0.6420   -0.3219
   -0.2654    0.6464   -0.7154
    0.6674   -0.4123   -0.6201
...    70 G-C ...
  -68.6787 -139.5923  -11.9183
   -0.7540   -0.1642   -0.6360
    0.1544    0.8968   -0.4146
    0.6385   -0.4108   -0.6509
...    71 A-T ...
  -66.5065 -141.0235  -13.9159
   -0.5312    0.4000   -0.7469
    0.5466    0.8353    0.0586
    0.6473   -0.3772   -0.6623
...    72 T-A ...
  -64.8559 -142.7034  -16.2128
   -0.1928    0.7680   -0.6108
    0.7262    0.5303    0.4375
    0.6599   -0.3592   -0.6599
...    73 C-G ...
  -62.7660 -143.9140  -18.4041
    0.2054    0.9578   -0.2009
    0.6972    0.0009    0.7168
    0.6868   -0.2874   -0.6676
...    74 T-A ...
  -60.6734 -144.5899  -20.8425
    0.4432    0.8564    0.2650
    0.5126   -0.4846    0.7088
    0.7354   -0.1783   -0.6538
...    75 C-G ...
  -58.2405 -144.9364  -22.9451
    0.5845    0.4517    0.6741
    0.2030   -0.8857    0.4175
    0.7856   -0.1072   -0.6094
...    76 G-C ...
  -55.3423 -145.3064  -24.5486
    0.4695   -0.0738    0.8798
   -0.0548   -0.9970   -0.0544
    0.8812   -0.0227   -0.4721
...    77 A-T ...
  -52.3317 -145.2818  -25.8273
    0.3169   -0.6352    0.7043
   -0.2663   -0.7723   -0.5767
    0.9103   -0.0048   -0.4139
...    78 G-C ...
  -49.1796 -145.1308  -26.8461
    0.0997   -0.9456    0.3097
   -0.3468   -0.3248   -0.8799
    0.9326   -0.0197   -0.3603
...    79 C-G ...
  -45.9432 -145.3253  -27.6205
   -0.1123   -0.9677   -0.2257
   -0.3147    0.2501   -0.9156
    0.9425   -0.0318   -0.3326
...    80 T-A ...
  -42.7408 -145.6616  -28.4650
   -0.2652   -0.6817   -0.6819
   -0.1939    0.7305   -0.6548
    0.9445   -0.0414   -0.3259
...    81 C-G ...
  -39.5915 -145.8598  -29.4341
   -0.3195   -0.1081   -0.9414
   -0.0180    0.9940   -0.1080
    0.9474   -0.0176   -0.3195
...    82 G-C ...
  -36.3788 -145.4261  -30.2608
   -0.3637    0.4664   -0.8064
    0.1248    0.8822    0.4540
    0.9231    0.0645   -0.3791
...    83 G-C ...
  -33.2971 -145.4641  -31.6272
   -0.3369    0.8531   -0.3985
    0.2761    0.4941    0.8244
    0.9002    0.1677   -0.4020
...    84 G-C ...
  -30.4088 -144.9591  -33.2720
   -0.2592    0.9553    0.1418
    0.4072   -0.0250    0.9130
    0.8758    0.2944   -0.3826
...    85 A-T ...
  -27.6406 -143.8988  -34.5630
   -0.0690    0.7474    0.6608
    0.4948   -0.5495    0.6732
    0.8663    0.3734   -0.3318
...    86 T-A ...
  -25.2215 -142.1673  -35.8740
    0.1353    0.3682    0.9198
    0.4820   -0.8356    0.2636
    0.8657    0.4077   -0.2905
...    87 C-G ...
  -22.4337 -140.6577  -36.5454
    0.3252   -0.1934    0.9257
    0.3681   -0.8758   -0.3123
    0.8711    0.4423   -0.2136
...    88 C-G ...
  -19.4939 -139.0076  -36.6677
    0.3983   -0.6640    0.6328
    0.2069   -0.6071   -0.7672
    0.8936    0.4365   -0.1044
...    89 G-C ...
  -16.3388 -138.0004  -37.0971
    0.3860   -0.9168    0.1029
    0.0323   -0.0981   -0.9947
    0.9220    0.3872   -0.0083
...    90 C-G ...
  -13.2159 -136.9008  -36.7207
    0.3339   -0.8215   -0.4622
   -0.1611    0.4334   -0.8867
    0.9287    0.3705    0.0124
...    91 T-A ...
  -10.0434 -135.9326  -36.4664
    0.1895   -0.4643   -0.8652
   -0.3060    0.8093   -0.5013
    0.9330    0.3598    0.0113
...    92 T-A ...
   -6.9192 -135.0188  -36.2167
    0.0251    0.1122   -0.9934
   -0.3882    0.9168    0.0937
    0.9212    0.3833    0.0665
...    93 T-A ...
   -3.8253 -134.0349  -36.0032
   -0.1864    0.6251   -0.7579
   -0.3625    0.6733    0.6445
    0.9131    0.3949    0.1011
...    94 A-T ...
   -0.8292 -132.6396  -35.6186
   -0.4434    0.8594   -0.2548
   -0.1984    0.1831    0.9629
    0.8741    0.4775    0.0893
...    95 A-T ...
    1.9597 -131.0188  -35.5415
   -0.5243    0.7913    0.3146
    0.0770   -0.3239    0.9430
    0.8480    0.5186    0.1089
...    96 C-G ...
    4.4793 -128.9544  -35.6624
   -0.4729    0.4780    0.7402
    0.3465   -0.6715    0.6550
    0.8101    0.5663    0.1519
...    97 A-T ...
    7.0361 -126.9036  -34.9647
   -0.3359   -0.0518    0.9405
    0.5964   -0.7845    0.1698
    0.7290    0.6180    0.2944
...    98 C-G ...
    8.8867 -124.4341  -33.8360
   -0.0190   -0.4778    0.8783
    0.7133   -0.6220   -0.3229
    0.7006    0.6203    0.3526
...    99 T-A ...
   10.9064 -122.3148  -32.2985
    0.3159   -0.7680    0.5571
    0.6626   -0.2417   -0.7089
    0.6791    0.5931    0.4325
...   100 T-A ...
   12.8942 -120.3634  -30.6154
    0.6611   -0.7476    0.0643
    0.3713    0.2515   -0.8938
    0.6520    0.6147    0.4438
...   101 T-A ...
   14.8759 -118.4691  -28.8452
    0.7887   -0.4287   -0.4406
   -0.0825    0.6365   -0.7669
    0.6092    0.6412    0.4666
...   102 A-T ...
   16.5786 -115.8446  -27.5132
    0.5888    0.1364   -0.7967
   -0.5941    0.7414   -0.3122
    0.5481    0.6571    0.5176
...   103 T-A ...
   18.8261 -114.1914  -25.7277
    0.2129    0.5104   -0.8332
   -0.8212    0.5555    0.1305
    0.5294    0.6565    0.5374
...   104 G-C ...
   20.3609 -111.8593  -23.9266
   -0.3386    0.6701   -0.6606
   -0.8015    0.1624    0.5756
    0.4930    0.7243    0.4821
...   105 C-G ...
   22.2662 -109.4909  -22.6410
   -0.7466    0.6041   -0.2786
   -0.4996   -0.2326    0.8345
    0.4393    0.7622    0.4755
...   106 T-A ...
   23.6391 -106.7724  -21.3806
   -0.9353    0.3242    0.1415
   -0.0424   -0.5000    0.8650
    0.3512    0.8031    0.4814
...   107 T-A ...
   24.6440 -104.0372  -19.9952
   -0.8226   -0.0462    0.5668
    0.4813   -0.5874    0.6507
    0.3029    0.8080    0.5054
...   108 C-G ...
   25.3851 -101.3771  -18.2790
   -0.4208   -0.4253    0.8013
    0.8734   -0.4288    0.2310
    0.2454    0.7970    0.5519
...   109 C-G ...
   25.7180  -98.7634  -16.1667
    0.0850   -0.6626    0.7441
    0.9765   -0.0930   -0.1944
    0.1980    0.7431    0.6392
...   110 G-C ...
   26.7176  -96.5302  -13.8877
    0.5900   -0.6732    0.4458
    0.7835    0.3441   -0.5174
    0.1949    0.6546    0.7305
...   111 G-C ...
   27.3085  -94.6634  -11.1266
    0.9090   -0.4140    0.0486
    0.3460    0.6843   -0.6419
    0.2325    0.6003    0.7652
...   112 C-G ...
   28.1113  -93.0241   -8.3403
    0.9445    0.0218   -0.3278
   -0.2091    0.8094   -0.5487
    0.2534    0.5868    0.7690
...   113 T-A ...
   29.1603  -91.3219   -5.6837
    0.6788    0.4368   -0.5903
   -0.6796    0.6783   -0.2796
    0.2783    0.5909    0.7572
...   114 C-G ...
   30.1418  -89.4396   -3.1674
    0.1373    0.7476   -0.6498
   -0.9532    0.2781    0.1185
    0.2693    0.6032    0.7508
...   115 G-C ...
   30.5882  -87.4119   -0.5381
   -0.4458    0.7068   -0.5492
   -0.8691   -0.1949    0.4547
    0.2144    0.6801    0.7011
...   116 T-A ...
   31.6843  -84.9377    1.3598
   -0.8402    0.4743   -0.2629
   -0.5135   -0.5400    0.6668
    0.1743    0.6953    0.6973
...   117 A-T ...
   32.1114  -82.4993    3.5832
   -0.9975    0.0067    0.0710
    0.0461   -0.6987    0.7139
    0.0544    0.7153    0.6967
...   118 T-A ...
   32.0266  -79.7608    5.3742
   -0.8444   -0.3617    0.3951
    0.5350   -0.6067    0.5880
    0.0271    0.7079    0.7058
...   119 A-T ...
   31.7239  -77.4184    7.7278
   -0.4134   -0.7263    0.5491
    0.9076   -0.2802    0.3126
   -0.0732    0.6276    0.7751
...   120 A-T ...
   31.1866  -75.4396   10.2335
    0.1655   -0.7729    0.6125
    0.9822    0.1851   -0.0318
   -0.0888    0.6069    0.7898
...   121 T-A ...
   30.2667  -73.7670   12.9121
    0.6365   -0.5800    0.5085
    0.7656    0.5553   -0.3249
   -0.0939    0.5960    0.7974
...   122 G-C ...
   30.2442  -71.7968   15.5906
    0.9639   -0.2079    0.1661
    0.2647    0.8130   -0.5186
   -0.0272    0.5439    0.8387
...   123 T-A ...
   30.1701  -70.5613   18.6781
    0.9598    0.2429   -0.1409
   -0.2805    0.8069   -0.5198
   -0.0126    0.5384    0.8426
...   124 G-C ...
   30.1140  -68.5183   21.2948
    0.6195    0.6308   -0.4673
   -0.7838    0.5307   -0.3226
    0.0445    0.5661    0.8231
...   125 T-A ...
   30.8302  -66.8735   24.1020
    0.1141    0.8085   -0.5773
   -0.9926    0.1170   -0.0324
    0.0413    0.5767    0.8159
...   126 C-G ...
   31.0588  -64.9582   26.7608
   -0.4946    0.7087   -0.5031
   -0.8687   -0.3865    0.3097
    0.0250    0.5902    0.8068
...   127 G-C ...
   30.8058  -63.1924   29.5895
   -0.8905    0.3051   -0.3375
   -0.4485   -0.7136    0.5382
   -0.0766    0.6307    0.7723
...   128 A-T ...
   30.5724  -61.0581   32.0512
   -0.9806   -0.1960   -0.0021
    0.1505   -0.7597    0.6326
   -0.1256    0.6200    0.7745
...   129 C-G ...
   29.8374  -58.6491   34.1717
   -0.7567   -0.5879    0.2859
    0.6318   -0.5454    0.5508
   -0.1679    0.5974    0.7841
...   130 C-G ...
   28.8414  -56.6237   36.6845
   -0.2856   -0.8485    0.4455
    0.9311   -0.1357    0.3385
   -0.2268    0.5115    0.8288
...   131 A-T ...
   28.0643  -55.0655   39.5345
    0.3022   -0.8408    0.4492
    0.9233    0.3753    0.0814
   -0.2370    0.3902    0.8897
...   132 A-T ...
   27.0952  -54.0246   42.4457
    0.7712   -0.4914    0.4047
    0.5913    0.7885   -0.1692
   -0.2359    0.3698    0.8987
...   133 A-T ...
   26.2580  -53.1135   45.4457
    0.9699    0.0406    0.2400
    0.0491    0.9331   -0.3562
   -0.2384    0.3573    0.9030
...   134 T-A ...
   25.6208  -52.5913   48.6400
    0.8597    0.5097    0.0340
   -0.4497    0.7866   -0.4231
   -0.2424    0.3485    0.9054
...   135 G-C ...
   25.2757  -52.5096   52.0791
    0.3204    0.9427   -0.0928
   -0.8825    0.2614   -0.3910
   -0.3443    0.2071    0.9157
...   136 T-A ...
   25.5257  -52.9787   55.8049
   -0.2439    0.9563   -0.1610
   -0.8908   -0.2866   -0.3525
   -0.3833    0.0575    0.9218
...   137 G-C ...
   24.8933  -52.7378   58.9865
   -0.7529    0.5562   -0.3519
   -0.5215   -0.8303   -0.1966
   -0.4015    0.0355    0.9152
...   138 A-T ...
   24.0143  -51.6374   61.9242
   -0.9563    0.0401   -0.2896
   -0.0524   -0.9980    0.0347
   -0.2876    0.0484    0.9565
...   139 G-C ...
   22.3466  -51.2412   64.4940
   -0.8529   -0.5118   -0.1033
    0.4974   -0.8566    0.1373
   -0.1587    0.0657    0.9851
...   140 C-G ...
   22.1503  -50.1499   67.4638
   -0.4681   -0.8748    0.1248
    0.8495   -0.4066    0.3362
   -0.2434    0.2634    0.9335
...   141 G-C ...
   21.4256  -51.8266   72.7876
    0.1303   -0.7143   -0.6876
    0.8897   -0.2218    0.3990
   -0.4375   -0.6638    0.6066
...   142 C-G ...
   20.4245  -54.3095   74.5418
    0.5846   -0.7390   -0.3348
    0.7594    0.3532    0.5465
   -0.2856   -0.5737    0.7676
...   143 T-A ...
   18.4271  -55.5290   76.5299
    0.8548   -0.5005    0.1370
    0.3188    0.7148    0.6224
   -0.4095   -0.4884    0.7706
...   144 C-G ...
   16.8371  -57.7222   78.2674
    0.8529   -0.0846    0.5151
   -0.1508    0.9048    0.3983
   -0.4998   -0.4174    0.7589
...   145 A-T ...
   15.7828  -59.5616   80.7981
    0.5516    0.4995    0.6680
   -0.6739    0.7388    0.0039
   -0.4916   -0.4523    0.7441
...   146 C-G ...
   15.7314  -61.4941   83.9316
    0.0344    0.7399    0.6718
   -0.8637    0.3602   -0.3526
   -0.5029   -0.5681    0.6514
...   147 A-T ...
   14.7383  -63.4279   86.8192
   -0.5924    0.6746    0.4405
   -0.6886   -0.1401   -0.7114
   -0.4182   -0.7248    0.5475
