  147 base-pairs
...     1 T-A ...
    0.0000    0.0000    0.0000
    1.0000    0.0000    0.0000
    0.0000    1.0000    0.0000
    0.0000    0.0000    1.0000
...     2 G-C ...
   -0.5555   -1.1003    3.3981
    0.7749    0.6051    0.1828
   -0.5991    0.7953   -0.0929
   -0.2016   -0.0375    0.9787
...     3 T-A ...
   -0.6619   -3.0237    6.5348
    0.3046    0.9250    0.2271
   -0.8994    0.3578   -0.2510
   -0.3134   -0.1278    0.9410
...     4 G-C ...
   -1.1607   -3.8418    9.6940
   -0.3351    0.9421    0.0133
   -0.8752   -0.3061   -0.3746
   -0.3489   -0.1372    0.9271
...     5 A-T ...
   -1.3881   -3.6770   12.8999
   -0.7835    0.6162   -0.0801
   -0.5677   -0.7622   -0.3109
   -0.2527   -0.1981    0.9470
...     6 G-C ...
   -2.6236   -3.5448   15.7072
   -0.9923    0.0611   -0.1075
   -0.0294   -0.9610   -0.2748
   -0.1201   -0.2695    0.9555
...     7 C-G ...
   -2.3138   -3.7570   18.8866
   -0.8620   -0.4995   -0.0864
    0.5008   -0.8655    0.0073
   -0.0785   -0.0370    0.9962
...     8 G-C ...
   -3.9561   -6.8109   23.3205
   -0.2581   -0.3560   -0.8981
    0.6294   -0.7673    0.1233
   -0.7330   -0.5335    0.4221
...     9 C-G ...
   -6.1177   -8.9414   24.2385
    0.1143   -0.7320   -0.6716
    0.8123   -0.3203    0.4874
   -0.5720   -0.6013    0.5580
...    10 T-A ...
   -8.5041   -9.6771   26.0540
    0.4660   -0.8587   -0.2131
    0.6274    0.1508    0.7640
   -0.6239   -0.4897    0.6090
...    11 C-G ...
  -11.0625  -11.3174   27.2336
    0.6660   -0.6911    0.2808
    0.3382    0.6152    0.7121
   -0.6649   -0.3794    0.6435
...    12 A-T ...
  -13.0013  -13.1789   29.0658
    0.7188   -0.1490    0.6790
   -0.1787    0.9043    0.3876
   -0.6718   -0.4000    0.6235
...    13 C-G ...
  -14.1788  -15.9359   31.3399
    0.4052    0.2865    0.8682
   -0.5270    0.8492   -0.0343
   -0.7470   -0.4437    0.4951
...    14 A-T ...
  -15.9532  -18.1566   33.3080
   -0.1503    0.6873    0.7107
   -0.6106    0.5008   -0.6135
   -0.7776   -0.5261    0.3444
...    15 A-T ...
  -18.3829  -19.9522   34.4765
   -0.4568    0.8594    0.2297
   -0.4052    0.0289   -0.9138
   -0.7919   -0.5105    0.3351
...    16 T-A ...
  -20.7625  -21.5422   36.2948
   -0.6322    0.7221   -0.2808
   -0.0849   -0.4248   -0.9013
   -0.7702   -0.5459    0.3298
...    17 T-A ...
  -23.2840  -23.1114   37.7129
   -0.5873    0.3197   -0.7435
    0.3122   -0.7581   -0.5726
   -0.7467   -0.5684    0.3455
...    18 T-A ...
  -25.8088  -24.7578   38.8697
   -0.2898   -0.1267   -0.9487
    0.5797   -0.8119   -0.0687
   -0.7615   -0.5699    0.3088
...    19 A-T ...
  -28.3096  -26.7332   39.6779
    0.1471   -0.4636   -0.8738
    0.6275   -0.6391    0.4447
   -0.7646   -0.6137    0.1969
...    20 T-A ...
  -31.2009  -28.3353   39.8617
    0.4469   -0.7189   -0.5324
    0.4680   -0.3193    0.8240
   -0.7624   -0.6174    0.1937
...    21 T-A ...
  -33.7932  -30.3125   40.1811
    0.6411   -0.7674    0.0099
    0.1311    0.1222    0.9838
   -0.7562   -0.6295    0.1789
...    22 C-G ...
  -36.2085  -32.4595   40.7110
    0.6285   -0.5361    0.5635
   -0.2745    0.5249    0.8057
   -0.7277   -0.6611    0.1827
...    23 G-C ...
  -38.6324  -34.4405   41.9628
    0.4669   -0.0655    0.8819
   -0.6179    0.6892    0.3783
   -0.6326   -0.7216    0.2813
...    24 C-G ...
  -40.4047  -37.0479   42.8251
    0.1112    0.3423    0.9330
   -0.7721    0.6208   -0.1357
   -0.6257   -0.7053    0.3333
...    25 A-T ...
  -42.8154  -39.1161   43.7476
   -0.3157    0.6698    0.6720
   -0.7036    0.3099   -0.6395
   -0.6366   -0.6747    0.3734
...    26 A-T ...
  -44.7932  -41.3091   45.1896
   -0.6652    0.7195    0.1997
   -0.4019   -0.1196   -0.9078
   -0.6293   -0.6841    0.3687
...    27 A-T ...
  -46.6912  -43.4620   46.7355
   -0.7916    0.5017   -0.3487
    0.0681   -0.4946   -0.8664
   -0.6072   -0.7096    0.3574
...    28 G-C ...
  -48.9407  -45.4806   48.2287
   -0.6015    0.2059   -0.7719
    0.4649   -0.6956   -0.5478
   -0.6497   -0.6883    0.3226
...    29 G-C ...
  -51.4730  -47.5504   49.3220
   -0.1836   -0.1467   -0.9720
    0.7160   -0.6975   -0.0300
   -0.6735   -0.7015    0.2331
...    30 C-G ...
  -54.0147  -49.5341   49.8880
    0.2759   -0.4446   -0.8522
    0.6944   -0.5208    0.4965
   -0.6646   -0.7287    0.1651
...    31 C-G ...
  -56.4704  -51.7696   50.2704
    0.6671   -0.5817   -0.4654
    0.4258   -0.2150    0.8789
   -0.6113   -0.7845    0.1042
...    32 G-C ...
  -58.0802  -54.3228   50.7000
    0.8601   -0.5098    0.0157
    0.0150    0.0561    0.9983
   -0.5098   -0.8585    0.0559
...    33 G-C ...
  -59.2404  -57.4746   50.6770
    0.7646   -0.3408    0.5470
   -0.4779    0.2695    0.8360
   -0.4324   -0.9007    0.0432
...    34 C-G ...
  -60.2063  -60.5985   50.6898
    0.3993   -0.1029    0.9110
   -0.8311    0.3789    0.4071
   -0.3870   -0.9197    0.0658
...    35 C-G ...
  -61.0964  -63.8431   51.2158
   -0.1169    0.1508    0.9816
   -0.9297    0.3309   -0.1615
   -0.3492   -0.9315    0.1015
...    36 C-G ...
  -62.0880  -66.9796   51.8380
   -0.5954    0.3348    0.7303
   -0.7300    0.1542   -0.6659
   -0.3356   -0.9296    0.1526
...    37 G-C ...
  -63.6339  -70.0362   51.4376
   -0.8819    0.4139    0.2257
   -0.2696   -0.0501   -0.9617
   -0.3867   -0.9089    0.1558
...    38 A-T ...
  -64.6947  -72.9558   51.9482
   -0.8733    0.3138   -0.3727
    0.3025   -0.2506   -0.9196
   -0.3820   -0.9158    0.1239
...    39 C-G ...
  -66.3289  -75.6471   52.6054
   -0.5782    0.1867   -0.7942
    0.7058   -0.3737   -0.6017
   -0.4092   -0.9085    0.0843
...    40 A-T ...
  -67.8357  -78.5960   52.8264
   -0.0492    0.0455   -0.9978
    0.9053   -0.4200   -0.0638
   -0.4220   -0.9064   -0.0206
...    41 C-G ...
  -69.5913  -81.3098   52.3685
    0.4366   -0.1014   -0.8939
    0.8068   -0.3954    0.4390
   -0.3979   -0.9129   -0.0908
...    42 G-C ...
  -70.4942  -84.5094   52.2562
    0.8518   -0.2053   -0.4819
    0.4115   -0.3070    0.8582
   -0.3241   -0.9293   -0.1770
...    43 A-T ...
  -71.5703  -87.4158   51.6501
    0.9384   -0.3299    0.1028
   -0.1530   -0.1300    0.9796
   -0.3098   -0.9350   -0.1725
...    44 C-G ...
  -72.3253  -90.3734   50.4028
    0.7409   -0.2925    0.6045
   -0.6258    0.0260    0.7796
   -0.2438   -0.9559   -0.1638
...    45 T-A ...
  -72.4695  -93.8819   49.5208
    0.2777   -0.2039    0.9388
   -0.9369    0.1586    0.3115
   -0.2124   -0.9661   -0.1469
...    46 T-A ...
  -72.7169  -97.0626   48.8618
   -0.2237   -0.1183    0.9674
   -0.9535    0.2322   -0.1921
   -0.2019   -0.9655   -0.1647
...    47 A-T ...
  -73.5967 -100.2249   48.2321
   -0.7574    0.0521    0.6509
   -0.6215    0.2481   -0.7430
   -0.2002   -0.9673   -0.1556
...    48 C-G ...
  -74.0321 -103.5500   48.3612
   -0.9711    0.1758    0.1618
   -0.1296    0.1810   -0.9749
   -0.2006   -0.9676   -0.1530
...    49 T-A ...
  -74.8816 -106.8110   48.3084
   -0.8781    0.3115   -0.3632
    0.3960    0.0469   -0.9171
   -0.2686   -0.9491   -0.1645
...    50 G-C ...
  -75.9418 -109.9037   47.5677
   -0.4785    0.3930   -0.7852
    0.8189   -0.1230   -0.5606
   -0.3169   -0.9113   -0.2630
...    51 T-A ...
  -77.4698 -112.6364   46.8864
   -0.0110    0.3470   -0.9378
    0.9491   -0.2917   -0.1191
   -0.3149   -0.8913   -0.3261
...    52 A-T ...
  -79.0523 -115.1453   45.3085
    0.5163    0.3444   -0.7841
    0.8223   -0.4552    0.3416
   -0.2393   -0.8211   -0.5182
...    53 G-C ...
  -80.1721 -117.6078   43.5471
    0.8650    0.1924   -0.4635
    0.4815   -0.5785    0.6584
   -0.1415   -0.7927   -0.5930
...    54 G-C ...
  -80.7601 -119.8258   40.7055
    0.9987   -0.0506    0.0021
   -0.0332   -0.6239    0.7808
   -0.0383   -0.7799   -0.6247
...    55 T-A ...
  -80.5233 -121.8760   38.1420
    0.8390   -0.3289    0.4336
   -0.5439   -0.5311    0.6497
    0.0166   -0.7809   -0.6245
...    56 C-G ...
  -80.1100 -124.4029   36.2368
    0.4070   -0.5266    0.7464
   -0.9096   -0.3088    0.2781
    0.0840   -0.7921   -0.6046
...    57 A-T ...
  -79.3318 -126.9266   34.0995
   -0.1276   -0.5333    0.8362
   -0.9768   -0.0786   -0.1992
    0.1720   -0.8422   -0.5109
...    58 T-A ...
  -78.3153 -129.6847   32.6990
   -0.5957   -0.4908    0.6358
   -0.7847    0.1867   -0.5911
    0.1714   -0.8510   -0.4964
...    59 G-C ...
  -77.5816 -132.6409   31.2100
   -0.9460   -0.2686    0.1813
   -0.2894    0.4486   -0.8456
    0.1458   -0.8524   -0.5021
...    60 T-A ...
  -77.0211 -135.7602   30.0853
   -0.9533    0.0014   -0.3020
    0.2544    0.5427   -0.8005
    0.1628   -0.8399   -0.5177
...    61 T-A ...
  -76.6323 -138.5299   28.5650
   -0.6594    0.3086   -0.6855
    0.7332    0.4656   -0.4956
    0.1662   -0.8294   -0.5333
...    62 A-T ...
  -75.9940 -141.1640   26.6626
   -0.1650    0.5840   -0.7948
    0.9722    0.2322   -0.0312
    0.1664   -0.7778   -0.6061
...    63 T-A ...
  -76.1705 -143.6558   24.6221
    0.3254    0.6362   -0.6995
    0.9275   -0.0709    0.3670
    0.1839   -0.7682   -0.6132
...    64 A-T ...
  -75.4753 -146.0099   22.4813
    0.7074    0.6310   -0.3185
    0.6520   -0.4087    0.6387
    0.2728   -0.6595   -0.7005
...    65 A-T ...
  -74.6470 -147.8734   20.1101
    0.9130    0.3911    0.1158
    0.2102   -0.6944    0.6882
    0.3496   -0.6040   -0.7162
...    66 C-G ...
  -73.3041 -149.1983   17.2913
    0.8717   -0.0059    0.4901
   -0.2914   -0.8103    0.5085
    0.3941   -0.5860   -0.7080
...    67 G-C ...
  -71.7616 -151.3826   15.4144
    0.5251   -0.3616    0.7704
   -0.6625   -0.7419    0.1033
    0.5342   -0.5647   -0.6291
...    68 G-C ...
  -69.6419 -153.3817   13.8767
    0.0563   -0.6383    0.7678
   -0.7900   -0.4987   -0.3566
    0.6105   -0.5865   -0.5323
...    69 A-T ...
  -67.3477 -155.1860   12.2458
   -0.4118   -0.8259    0.3851
   -0.6578   -0.0231   -0.7529
    0.6307   -0.5633   -0.5338
...    70 T-A ...
  -64.8958 -157.1506   11.1630
   -0.6569   -0.7496   -0.0815
   -0.3616    0.4080   -0.8383
    0.6616   -0.5212   -0.5391
...    71 A-T ...
  -62.5169 -159.0663    9.5565
   -0.7082   -0.3502   -0.6130
    0.1128    0.8010   -0.5880
    0.6969   -0.4856   -0.5278
...    72 T-A ...
  -60.4503 -161.2341    8.1807
   -0.5437    0.0941   -0.8340
    0.4360    0.8808   -0.1849
    0.7171   -0.4641   -0.5199
...    73 C-G ...
  -58.2593 -163.0069    6.2968
   -0.1840    0.6227   -0.7605
    0.6623    0.6503    0.3721
    0.7263   -0.4353   -0.5321
...    74 T-A ...
  -56.0687 -164.3965    4.2363
    0.1057    0.9057   -0.4105
    0.6697    0.2403    0.7026
    0.7350   -0.3492   -0.5812
...    75 C-G ...
  -53.6399 -165.3264    2.1949
    0.3907    0.9159    0.0919
    0.5353   -0.3072    0.7868
    0.7489   -0.2582   -0.6104
...    76 G-C ...
  -50.8273 -165.9006    0.5553
    0.3771    0.7035    0.6024
    0.3651   -0.7107    0.6013
    0.8511   -0.0068   -0.5249
...    77 A-T ...
  -47.9281 -165.6608   -1.1356
    0.4651    0.1848    0.8657
    0.1293   -0.9817    0.1401
    0.8758    0.0468   -0.4805
...    78 G-C ...
  -44.9463 -165.1319   -2.5158
    0.4201   -0.3471    0.8385
   -0.0800   -0.9345   -0.3468
    0.9039    0.0786   -0.4204
...    79 C-G ...
  -41.7239 -164.5584   -3.5370
    0.2801   -0.8283    0.4853
   -0.2775   -0.5538   -0.7850
    0.9190    0.0852   -0.3850
...    80 T-A ...
  -38.6472 -164.2087   -4.6393
    0.1083   -0.9939   -0.0206
   -0.3572   -0.0196   -0.9338
    0.9277    0.1085   -0.3572
...    81 C-G ...
  -35.6467 -163.8513   -5.9946
   -0.1165   -0.8026   -0.5850
   -0.3466    0.5848   -0.7334
    0.9307    0.1174   -0.3463
...    82 G-C ...
  -32.8927 -162.6499   -7.7477
   -0.3237   -0.3306   -0.8865
   -0.2259    0.9369   -0.2669
    0.9188    0.1139   -0.3779
...    83 G-C ...
  -29.7530 -162.2567   -8.8218
   -0.4594    0.2340   -0.8568
   -0.0691    0.9524    0.2971
    0.8855    0.1957   -0.4214
...    84 G-C ...
  -26.7931 -161.8152  -10.3267
   -0.5308    0.6745   -0.5132
    0.1844    0.6829    0.7068
    0.8272    0.2805   -0.4869
...    85 A-T ...
  -24.1585 -160.9637  -12.1119
   -0.3822    0.9239    0.0199
    0.4567    0.1702    0.8732
    0.8033    0.3428   -0.4870
...    86 T-A ...
  -21.9443 -159.7254  -14.2001
   -0.1403    0.8627    0.4859
    0.5970   -0.3178    0.7366
    0.7899    0.3934   -0.4704
...    87 C-G ...
  -19.5122 -158.1609  -15.7576
    0.1756    0.4981    0.8491
    0.5961   -0.7403    0.3110
    0.7835    0.4516   -0.4269
...    88 C-G ...
  -17.0406 -156.4130  -17.0233
    0.3614   -0.0073    0.9324
    0.4557   -0.8710   -0.1834
    0.8135    0.4912   -0.3115
...    89 G-C ...
  -14.1267 -155.1618  -17.9595
    0.4528   -0.5392    0.7101
    0.2459   -0.6900   -0.6808
    0.8571    0.4828   -0.1798
...    90 C-G ...
  -11.1425 -153.3820  -17.9793
    0.5097   -0.8396    0.1879
   -0.0302   -0.2357   -0.9714
    0.8598    0.4895   -0.1455
...    91 T-A ...
   -7.9253 -152.0346  -17.9795
    0.4196   -0.8116   -0.4065
   -0.2649    0.3189   -0.9100
    0.8682    0.4895   -0.0812
...    92 T-A ...
   -4.9840 -150.6026  -17.8962
    0.2464   -0.4252   -0.8709
   -0.4752    0.7302   -0.4909
    0.8447    0.5348   -0.0221
...    93 T-A ...
   -2.0689 -149.0931  -17.7520
   -0.0342    0.1065   -0.9937
   -0.5549    0.8249    0.1076
    0.8312    0.5551    0.0309
...    94 A-T ...
    0.3683 -146.8569  -17.2360
   -0.3619    0.5822   -0.7281
   -0.4488    0.5757    0.6834
    0.8171    0.5741    0.0529
...    95 A-T ...
    2.9830 -145.0563  -17.2232
   -0.5851    0.7757   -0.2363
   -0.1919    0.1506    0.9698
    0.7879    0.6128    0.0607
...    96 C-G ...
    5.5549 -142.9661  -17.6644
   -0.6368    0.7098    0.3011
    0.1356   -0.2813    0.9500
    0.7590    0.6458    0.0829
...    97 A-T ...
    7.9134 -140.5980  -17.3700
   -0.5494    0.3416    0.7626
    0.4947   -0.6025    0.6263
    0.6733    0.7214    0.1620
...    98 C-G ...
    9.5835 -137.7534  -16.8418
   -0.2435   -0.0562    0.9683
    0.7299   -0.6681    0.1447
    0.6387    0.7420    0.2037
...    99 T-A ...
   11.2910 -134.7532  -15.8350
    0.1794   -0.4762    0.8608
    0.7642   -0.4836   -0.4268
    0.6195    0.7344    0.2771
...   100 T-A ...
   13.0328 -132.2413  -14.6688
    0.6214   -0.6371    0.4560
    0.5218   -0.0976   -0.8475
    0.5845    0.7645    0.2718
...   101 T-A ...
   14.7517 -129.7260  -13.4670
    0.8376   -0.5360   -0.1057
    0.0616    0.2850   -0.9565
    0.5428    0.7947    0.2718
...   102 A-T ...
   16.4314 -126.7654  -12.8130
    0.7016   -0.1480   -0.6970
   -0.5294    0.5464   -0.6489
    0.4769    0.8243    0.3050
...   103 T-A ...
   18.4575 -124.5283  -11.5233
    0.3563    0.1242   -0.9261
   -0.8052    0.5437   -0.2368
    0.4741    0.8300    0.2937
...   104 G-C ...
   20.2429 -121.8503  -10.7167
   -0.2513    0.3521   -0.9016
   -0.8420    0.3798    0.3831
    0.4773    0.8554    0.2010
...   105 C-G ...
   21.9050 -119.0569  -10.5154
   -0.6955    0.4473   -0.5623
   -0.5846    0.1026    0.8048
    0.4177    0.8885    0.1901
...   106 T-A ...
   23.4453 -115.9915  -10.2896
   -0.9266    0.3754   -0.0232
   -0.0886   -0.1579    0.9835
    0.3656    0.9133    0.1796
...   107 T-A ...
   24.4925 -113.0001   -9.9057
   -0.8505    0.1545    0.5028
    0.4393   -0.3171    0.8405
    0.2893    0.9357    0.2019
...   108 C-G ...
   25.1189 -109.8417   -9.2515
   -0.4847   -0.1376    0.8638
    0.8466   -0.3220    0.4237
    0.2198    0.9367    0.2726
...   109 C-G ...
   25.6088 -106.7300   -8.3249
   -0.0048   -0.4014    0.9159
    0.9812   -0.1785   -0.0731
    0.1928    0.8983    0.3947
...   110 G-C ...
   26.4689 -104.1639   -6.8562
    0.4715   -0.5345    0.7014
    0.8618    0.1104   -0.4951
    0.1872    0.8379    0.5127
...   111 G-C ...
   27.2183 -101.7365   -4.6262
    0.8575   -0.4271    0.2869
    0.4737    0.4377   -0.7642
    0.2008    0.7912    0.5776
...   112 C-G ...
   27.9928  -99.5301   -2.2069
    0.9710   -0.1313   -0.1999
   -0.0763    0.6220   -0.7793
    0.2267    0.7719    0.5940
...   113 T-A ...
   28.7811  -97.0968   -0.1197
    0.7774    0.2290   -0.5858
   -0.5836    0.6099   -0.5361
    0.2345    0.7587    0.6078
...   114 C-G ...
   29.4540  -94.4827    1.8280
    0.2670    0.5507   -0.7908
   -0.9341    0.3496   -0.0719
    0.2369    0.7579    0.6078
...   115 G-C ...
   29.7005  -91.9226    3.9272
   -0.3519    0.6069   -0.7126
   -0.9154   -0.0642    0.3974
    0.1955    0.7922    0.5782
...   116 T-A ...
   30.6692  -89.0097    5.2546
   -0.7994    0.4359   -0.4135
   -0.5821   -0.3915    0.7127
    0.1488    0.8104    0.5667
...   117 A-T ...
   31.2081  -85.9460    6.7223
   -0.9987    0.0490    0.0111
   -0.0182   -0.5584    0.8293
    0.0469    0.8281    0.5586
...   118 T-A ...
   31.1521  -82.9322    7.9264
   -0.8740   -0.2493    0.4172
    0.4845   -0.5129    0.7087
    0.0373    0.8215    0.5690
...   119 A-T ...
   31.2015  -80.3050    9.9473
   -0.4579   -0.5766    0.6767
    0.8879   -0.2578    0.3812
   -0.0454    0.7753    0.6300
...   120 A-T ...
   30.7236  -77.8429   11.9954
    0.1200   -0.6731    0.7298
    0.9906    0.1304   -0.0426
   -0.0664    0.7280    0.6824
...   121 T-A ...
   29.8826  -75.6987   14.3951
    0.6151   -0.5152    0.5969
    0.7848    0.4732   -0.4003
   -0.0762    0.7146    0.6953
...   122 G-C ...
   29.6057  -73.4654   16.9804
    0.9635   -0.1876    0.1908
    0.2672    0.7151   -0.6460
   -0.0152    0.6734    0.7391
...   123 T-A ...
   29.6410  -71.6959   19.7498
    0.9658    0.2043   -0.1597
   -0.2589    0.7253   -0.6379
   -0.0145    0.6574    0.7534
...   124 G-C ...
   29.6684  -69.5328   22.2956
    0.6232    0.5743   -0.5309
   -0.7814    0.4856   -0.3919
    0.0328    0.6591    0.7514
...   125 T-A ...
   30.2296  -67.6443   24.8679
    0.1195    0.7290   -0.6739
   -0.9921    0.1140   -0.0526
    0.0385    0.6749    0.7369
...   126 C-G ...
   30.4110  -65.4755   27.1869
   -0.4907    0.6624   -0.5660
   -0.8702   -0.3399    0.3567
    0.0438    0.6676    0.7432
...   127 G-C ...
   29.9992  -63.5639   29.8561
   -0.8750    0.2948   -0.3841
   -0.4789   -0.6434    0.5972
   -0.0711    0.7065    0.7042
...   128 A-T ...
   29.9457  -61.3521   32.1051
   -0.9891   -0.1453    0.0254
    0.1230   -0.7170    0.6861
   -0.0815    0.6817    0.7271
...   129 C-G ...
   29.3780  -58.6754   33.9464
   -0.7702   -0.5371    0.3440
    0.6257   -0.5314    0.5711
   -0.1239    0.6551    0.7453
...   130 C-G ...
   28.2304  -56.5309   36.3521
   -0.3204   -0.8151    0.4826
    0.9250   -0.1595    0.3448
   -0.2041    0.5569    0.8051
...   131 A-T ...
   27.8998  -55.0812   39.3597
    0.2534   -0.8604    0.4422
    0.9452    0.3175    0.0761
   -0.2059    0.3986    0.8937
...   132 A-T ...
   27.1252  -53.9846   42.3452
    0.7485   -0.5418    0.3824
    0.6320    0.7575   -0.1637
   -0.2010    0.3641    0.9094
...   133 A-T ...
   26.2663  -53.1410   45.4082
    0.9686    0.0252    0.2472
    0.0676    0.9306   -0.3596
   -0.2392    0.3651    0.8997
...   134 T-A ...
   25.6208  -52.5913   48.6399
    0.8597    0.5097    0.0340
   -0.4497    0.7866   -0.4231
   -0.2424    0.3485    0.9054
...   135 G-C ...
   25.2757  -52.5096   52.0790
    0.3204    0.9427   -0.0928
   -0.8825    0.2614   -0.3910
   -0.3443    0.2071    0.9157
...   136 T-A ...
   25.5257  -52.9787   55.8048
   -0.2439    0.9563   -0.1610
   -0.8908   -0.2866   -0.3525
   -0.3833    0.0575    0.9218
...   137 G-C ...
   24.8933  -52.7377   58.9864
   -0.7529    0.5562   -0.3519
   -0.5215   -0.8303   -0.1966
   -0.4015    0.0355    0.9152
...   138 A-T ...
   24.0142  -51.6374   61.9241
   -0.9563    0.0401   -0.2896
   -0.0524   -0.9980    0.0347
   -0.2876    0.0484    0.9565
...   139 G-C ...
   22.3466  -51.2411   64.4938
   -0.8529   -0.5118   -0.1033
    0.4974   -0.8566    0.1373
   -0.1587    0.0657    0.9851
...   140 C-G ...
   22.1502  -50.1498   67.4637
   -0.4681   -0.8748    0.1248
    0.8495   -0.4066    0.3362
   -0.2434    0.2634    0.9335
...   141 G-C ...
   21.4256  -51.8266   72.7875
    0.1303   -0.7143   -0.6876
    0.8897   -0.2218    0.3990
   -0.4375   -0.6638    0.6066
...   142 C-G ...
   20.4245  -54.3094   74.5417
    0.5846   -0.7390   -0.3348
    0.7594    0.3532    0.5465
   -0.2856   -0.5737    0.7676
...   143 T-A ...
   18.4271  -55.5290   76.5297
    0.8548   -0.5005    0.1370
    0.3188    0.7148    0.6224
   -0.4095   -0.4884    0.7706
...   144 C-G ...
   16.8371  -57.7222   78.2672
    0.8529   -0.0846    0.5151
   -0.1508    0.9048    0.3983
   -0.4998   -0.4174    0.7589
...   145 A-T ...
   15.7828  -59.5615   80.7980
    0.5516    0.4995    0.6680
   -0.6739    0.7388    0.0039
   -0.4916   -0.4523    0.7441
...   146 C-G ...
   15.7314  -61.4940   83.9315
    0.0344    0.7399    0.6718
   -0.8637    0.3602   -0.3526
   -0.5029   -0.5681    0.6514
...   147 A-T ...
   14.7383  -63.4278   86.8191
   -0.5924    0.6746    0.4405
   -0.6886   -0.1401   -0.7114
   -0.4182   -0.7248    0.5475
