  147 base-pairs
...     1 T-A ...
    0.0000    0.0000    0.0000
    1.0000    0.0000    0.0000
    0.0000    1.0000    0.0000
    0.0000    0.0000    1.0000
...     2 G-C ...
   -0.5555   -1.1003    3.3981
    0.7749    0.6051    0.1828
   -0.5991    0.7953   -0.0929
   -0.2016   -0.0375    0.9787
...     3 T-A ...
   -0.6619   -3.0237    6.5348
    0.3046    0.9250    0.2271
   -0.8994    0.3578   -0.2510
   -0.3134   -0.1278    0.9410
...     4 G-C ...
   -1.1607   -3.8418    9.6940
   -0.3351    0.9421    0.0133
   -0.8752   -0.3061   -0.3746
   -0.3489   -0.1372    0.9271
...     5 A-T ...
   -1.3881   -3.6770   12.8999
   -0.7835    0.6162   -0.0801
   -0.5677   -0.7622   -0.3109
   -0.2527   -0.1981    0.9470
...     6 G-C ...
   -2.6236   -3.5448   15.7072
   -0.9923    0.0611   -0.1075
   -0.0294   -0.9610   -0.2748
   -0.1201   -0.2695    0.9555
...     7 C-G ...
   -2.3138   -3.7570   18.8866
   -0.8620   -0.4995   -0.0864
    0.5008   -0.8655    0.0073
   -0.0785   -0.0370    0.9962
...     8 G-C ...
   -3.9561   -6.8109   23.3205
   -0.2581   -0.3560   -0.8981
    0.6294   -0.7673    0.1233
   -0.7330   -0.5335    0.4221
...     9 C-G ...
   -6.1177   -8.9414   24.2385
    0.1143   -0.7320   -0.6716
    0.8123   -0.3203    0.4874
   -0.5720   -0.6013    0.5580
...    10 T-A ...
   -8.5041   -9.6771   26.0540
    0.4660   -0.8587   -0.2131
    0.6274    0.1508    0.7640
   -0.6239   -0.4897    0.6090
...    11 C-G ...
  -11.0625  -11.3174   27.2336
    0.6660   -0.6911    0.2808
    0.3382    0.6152    0.7121
   -0.6649   -0.3794    0.6435
...    12 A-T ...
  -13.0013  -13.1789   29.0658
    0.7188   -0.1490    0.6790
   -0.1787    0.9043    0.3876
   -0.6718   -0.4000    0.6235
...    13 C-G ...
  -14.1788  -15.9359   31.3399
    0.4052    0.2865    0.8682
   -0.5270    0.8492   -0.0343
   -0.7470   -0.4437    0.4951
...    14 A-T ...
  -15.9532  -18.1566   33.3080
   -0.1503    0.6873    0.7107
   -0.6106    0.5008   -0.6135
   -0.7776   -0.5261    0.3444
...    15 A-T ...
  -18.3213  -19.9378   34.6375
   -0.4744    0.8469    0.2405
   -0.4063    0.0317   -0.9132
   -0.7810   -0.5309    0.3290
...    16 T-A ...
  -20.6660  -21.5016   36.3299
   -0.6054    0.7547   -0.2527
   -0.1089   -0.3930   -0.9131
   -0.7884   -0.5253    0.3201
...    17 T-A ...
  -23.2384  -23.0347   37.5607
   -0.5428    0.4207   -0.7269
    0.2502   -0.7452   -0.6181
   -0.8017   -0.5174    0.2992
...    18 T-A ...
  -25.9434  -24.4768   38.5944
   -0.2860   -0.0465   -0.9571
    0.5059   -0.8556   -0.1096
   -0.8138   -0.5155    0.2683
...    19 A-T ...
  -28.8180  -26.0439   39.2122
    0.1434   -0.4382   -0.8874
    0.5449   -0.7135    0.4404
   -0.8261   -0.5467    0.1365
...    20 T-A ...
  -31.7993  -27.4131   39.1706
    0.4105   -0.7252   -0.5528
    0.3920   -0.4069    0.8251
   -0.8233   -0.5553    0.1173
...    21 T-A ...
  -34.5335  -29.1531   39.2583
    0.5653   -0.8249    0.0042
    0.0830    0.0619    0.9946
   -0.8207   -0.5619    0.1035
...    22 C-G ...
  -37.1241  -31.1385   39.4925
    0.5282   -0.6200    0.5802
   -0.2831    0.5157    0.8087
   -0.8006   -0.5914    0.0969
...    23 G-C ...
  -39.8379  -32.9509   40.2086
    0.3444   -0.1756    0.9222
   -0.5659    0.7450    0.3532
   -0.7491   -0.6435    0.1572
...    24 C-G ...
  -42.0232  -35.3879   40.7576
   -0.0002    0.2782    0.9605
   -0.6718    0.7115   -0.2062
   -0.7408   -0.6453    0.1867
...    25 A-T ...
  -44.6522  -37.3404   41.2959
   -0.3339    0.6801    0.6526
   -0.5629    0.4115   -0.7168
   -0.7561   -0.6067    0.2455
...    26 A-T ...
  -46.9700  -39.3703   42.3367
   -0.6084    0.7827    0.1312
   -0.2602   -0.0406   -0.9647
   -0.7497   -0.6211    0.2284
...    27 A-T ...
  -49.3824  -41.3009   43.3363
   -0.6503    0.6206   -0.4381
    0.1407   -0.4683   -0.8723
   -0.7465   -0.6289    0.2172
...    28 G-C ...
  -51.9938  -43.1257   44.2215
   -0.4224    0.3353   -0.8421
    0.4615   -0.7201   -0.5182
   -0.7802   -0.6075    0.1494
...    29 G-C ...
  -54.8562  -44.8492   44.7069
   -0.0280   -0.0336   -0.9990
    0.6023   -0.7982    0.0100
   -0.7978   -0.6015    0.0426
...    30 C-G ...
  -57.7312  -46.4613   44.6137
    0.3514   -0.4134   -0.8400
    0.5114   -0.6668    0.5421
   -0.7842   -0.6200   -0.0229
...    31 C-G ...
  -60.4201  -48.4306   44.0881
    0.6492   -0.6349   -0.4187
    0.2190   -0.3711    0.9024
   -0.7284   -0.6776   -0.1019
...    32 G-C ...
  -62.6120  -50.9464   43.9417
    0.7484   -0.6445    0.1567
   -0.2145   -0.0116    0.9767
   -0.6276   -0.7645   -0.1469
...    33 G-C ...
  -64.3826  -53.7210   43.1968
    0.5628   -0.4863    0.6684
   -0.6124    0.2978    0.7323
   -0.5551   -0.8215   -0.1302
...    34 C-G ...
  -65.8134  -56.6635   42.6503
    0.1533   -0.2188    0.9637
   -0.8362    0.4910    0.2445
   -0.5266   -0.8432   -0.1077
...    35 C-G ...
  -67.3360  -59.6701   42.5050
   -0.3028    0.1327    0.9438
   -0.8006    0.5019   -0.3274
   -0.5171   -0.8547   -0.0457
...    36 C-G ...
  -68.9513  -62.6310   42.6411
   -0.6653    0.4319    0.6090
   -0.5122    0.3294   -0.7932
   -0.5432   -0.8396    0.0021
...    37 G-C ...
  -70.9427  -65.2922   42.2447
   -0.7931    0.6068    0.0522
   -0.0485    0.0225   -0.9986
   -0.6071   -0.7945    0.0115
...    38 A-T ...
  -72.9023  -67.9194   42.3869
   -0.6532    0.5250   -0.5456
    0.4360   -0.3283   -0.8379
   -0.6190   -0.7852   -0.0144
...    39 C-G ...
  -75.3031  -70.1708   42.7199
   -0.3087    0.3058   -0.9007
    0.7151   -0.5497   -0.4318
   -0.6271   -0.7774   -0.0490
...    40 A-T ...
  -77.3514  -72.7954   42.4688
    0.2211    0.0499   -0.9740
    0.7544   -0.6417    0.1383
   -0.6181   -0.7653   -0.1795
...    41 C-G ...
  -79.7476  -74.8570   41.5851
    0.6105   -0.2419   -0.7542
    0.5276   -0.5859    0.6151
   -0.5907   -0.7734   -0.2301
...    42 G-C ...
  -81.4330  -77.6415   40.8413
    0.8810   -0.3941   -0.2619
    0.0894   -0.4049    0.9100
   -0.4647   -0.8251   -0.3215
...    43 A-T ...
  -82.8013  -80.3558   39.6564
    0.7957   -0.5090    0.3284
   -0.4493   -0.1322    0.8836
   -0.4063   -0.8506   -0.3338
...    44 C-G ...
  -83.6250  -83.1495   38.1014
    0.4610   -0.4758    0.7491
   -0.8088    0.1221    0.5752
   -0.3651   -0.8711   -0.3286
...    45 T-A ...
  -84.4370  -86.1689   37.0184
   -0.0197   -0.3013    0.9533
   -0.9471    0.3112    0.0787
   -0.3204   -0.9013   -0.2915
...    46 T-A ...
  -85.1593  -89.2054   36.0879
   -0.5748   -0.1030    0.8118
   -0.7630    0.4258   -0.4863
   -0.2955   -0.8990   -0.3233
...    47 A-T ...
  -86.3653  -91.9836   34.5672
   -0.9469    0.1412    0.2888
   -0.2099    0.4089   -0.8881
   -0.2435   -0.9016   -0.3576
...    48 C-G ...
  -87.2212  -95.1556   33.9740
   -0.9141    0.3399   -0.2211
    0.3226    0.2791   -0.9045
   -0.2457   -0.8981   -0.3648
...    49 T-A ...
  -88.2875  -98.1371   32.9715
   -0.5940    0.4790   -0.6464
    0.7587    0.0662   -0.6481
   -0.2676   -0.8753   -0.4027
...    50 G-C ...
  -89.1275 -100.9811   31.4603
   -0.0409    0.5335   -0.8448
    0.9615   -0.2090   -0.1785
   -0.2718   -0.8196   -0.5044
...    51 T-A ...
  -90.5784 -103.3888   29.7495
    0.4707    0.3981   -0.7873
    0.8494   -0.4458    0.2824
   -0.2385   -0.8017   -0.5480
...    52 A-T ...
  -91.4662 -105.7563   27.5702
    0.8755    0.2460   -0.4159
    0.4724   -0.6171    0.6294
   -0.1018   -0.7475   -0.6564
...    53 G-C ...
  -91.7422 -107.9450   25.1306
    0.9993   -0.0215    0.0308
   -0.0373   -0.6765    0.7355
    0.0050   -0.7361   -0.6768
...    54 G-C ...
  -91.2746 -110.1577   22.6344
    0.8240   -0.2907    0.4863
   -0.5514   -0.6091    0.5701
    0.1305   -0.7379   -0.6622
...    55 T-A ...
  -90.2943 -112.2384   20.2872
    0.4178   -0.5350    0.7343
   -0.8917   -0.3961    0.2188
    0.1738   -0.7462   -0.6426
...    56 A-T ...
  -89.8740 -114.8319   18.2272
   -0.2047   -0.6570    0.7255
   -0.9565   -0.0231   -0.2908
    0.2078   -0.7535   -0.6237
...    57 T-A ...
  -88.5675 -117.3579   16.5309
   -0.6580   -0.5970    0.4590
   -0.7174    0.3117   -0.6230
    0.2289   -0.7392   -0.6334
...    58 C-G ...
  -87.7960 -119.8814   14.5657
   -0.9530   -0.3028   -0.0074
   -0.1853    0.6021   -0.7766
    0.2396   -0.7388   -0.6299
...    59 T-A ...
  -87.1120 -122.5463   12.7024
   -0.9117    0.0797   -0.4030
    0.3472    0.6739   -0.6522
    0.2196   -0.7345   -0.6421
...    60 C-G ...
  -86.4046 -125.0359   10.6753
   -0.5375    0.4761   -0.6960
    0.8122    0.5143   -0.2754
    0.2268   -0.7133   -0.6631
...    61 G-C ...
  -85.2664 -127.2781    8.4839
   -0.0397    0.7689   -0.6381
    0.9680    0.1879    0.1662
    0.2477   -0.6111   -0.7518
...    62 A-T ...
  -84.5521 -129.2845    6.0317
    0.4959    0.7832   -0.3751
    0.8178   -0.2760    0.5049
    0.2919   -0.5571   -0.7774
...    63 G-C ...
  -83.7286 -130.8400    3.2602
    0.8007    0.5987    0.0195
    0.4613   -0.6371    0.6175
    0.3821   -0.4855   -0.7863
...    64 C-G ...
  -82.4708 -131.9275    0.4396
    0.8885    0.2154    0.4051
   -0.0133   -0.8704    0.4921
    0.4587   -0.4427   -0.7705
...    65 T-A ...
  -80.6999 -132.9884   -2.1141
    0.7130   -0.2149    0.6675
   -0.4305   -0.8855    0.1748
    0.5535   -0.4119   -0.7239
...    66 C-G ...
  -78.6533 -134.3003   -4.2795
    0.3160   -0.6677    0.6740
   -0.7318   -0.6237   -0.2748
    0.6038   -0.4064   -0.6858
...    67 G-C ...
  -76.8489 -136.0880   -6.4469
   -0.1881   -0.8710    0.4539
   -0.7292   -0.1857   -0.6586
    0.6579   -0.4549   -0.6002
...    68 G-C ...
  -74.4902 -137.8178   -8.1370
   -0.5815   -0.8125    0.0414
   -0.4802    0.3017   -0.8237
    0.6567   -0.4988   -0.5656
...    69 G-C ...
  -72.2337 -139.6843   -9.8199
   -0.7716   -0.4936   -0.4013
   -0.0709    0.6937   -0.7168
    0.6322   -0.5246   -0.5702
...    70 A-T ...
  -70.0759 -141.4537  -11.5650
   -0.6605    0.0150   -0.7507
    0.3879    0.8629   -0.3240
    0.6429   -0.5052   -0.5758
...    71 T-A ...
  -68.3420 -143.6514  -13.3254
   -0.3636    0.4464   -0.8176
    0.6558    0.7460    0.1156
    0.6616   -0.4942   -0.5640
...    72 C-G ...
  -66.2162 -145.3574  -15.1479
    0.0517    0.8221   -0.5670
    0.7287    0.3571    0.5843
    0.6828   -0.4434   -0.5806
...    73 C-G ...
  -64.1730 -146.8920  -17.3552
    0.3330    0.9378   -0.0985
    0.5886   -0.1251    0.7986
    0.7366   -0.3240   -0.5937
...    74 G-C ...
  -61.5188 -147.8486  -19.1281
    0.4453    0.7771    0.4448
    0.3491   -0.6081    0.7129
    0.8245   -0.1622   -0.5421
...    75 C-G ...
  -58.8740 -147.8247  -21.0614
    0.4901    0.3526    0.7971
    0.0929   -0.9305    0.3544
    0.8667   -0.0996   -0.4888
...    76 T-A ...
  -55.9284 -147.6999  -22.5159
    0.3876   -0.1642    0.9071
   -0.1118   -0.9851   -0.1305
    0.9150   -0.0508   -0.4002
...    77 T-A ...
  -52.8956 -147.5893  -23.6448
    0.2538   -0.6869    0.6810
   -0.2814   -0.7260   -0.6275
    0.9254   -0.0324   -0.3775
...    78 T-A ...
  -49.7865 -147.4898  -24.5920
    0.0792   -0.9785    0.1906
   -0.3595   -0.2064   -0.9100
    0.9298    0.0036   -0.3681
...    79 A-T ...
  -46.8512 -147.3347  -26.2549
   -0.1016   -0.8830   -0.4583
   -0.3325    0.4644   -0.8209
    0.9376    0.0690   -0.3407
...    80 A-T ...
  -43.6933 -147.2902  -27.0827
   -0.2185   -0.4469   -0.8675
   -0.2360    0.8868   -0.3974
    0.9469    0.1179   -0.2992
...    81 C-G ...
  -40.4857 -147.4844  -27.9603
   -0.3146    0.0819   -0.9457
   -0.1013    0.9877    0.1192
    0.9438    0.1333   -0.3025
...    82 A-T ...
  -37.3566 -146.8145  -28.8231
   -0.4040    0.6104   -0.6813
    0.0840    0.7664    0.6368
    0.9109    0.2000   -0.3610
...    83 C-G ...
  -34.5446 -146.4801  -30.4792
   -0.3498    0.9043   -0.2448
    0.2687    0.3472    0.8985
    0.8975    0.2485   -0.3645
...    84 T-A ...
  -31.7808 -145.5276  -31.9810
   -0.2598    0.9251    0.2770
    0.4152   -0.1520    0.8969
    0.8719    0.3480   -0.3446
...    85 T-A ...
  -29.1096 -144.2379  -33.2326
   -0.0524    0.6724    0.7384
    0.5002   -0.6223    0.6021
    0.8643    0.4008   -0.3037
...    86 T-A ...
  -26.4627 -142.6924  -34.2225
    0.1758    0.2056    0.9627
    0.4703   -0.8767    0.1014
    0.8648    0.4349   -0.2508
...    87 A-T ...
  -23.6858 -140.9123  -34.6637
    0.2691   -0.3515    0.8967
    0.3692   -0.8223   -0.4331
    0.8895    0.4476   -0.0915
...    88 T-A ...
  -21.0333 -138.9828  -34.4720
    0.4123   -0.7163    0.5630
    0.2041   -0.5297   -0.8233
    0.8879    0.4544   -0.0722
...    89 G-C ...
  -17.9672 -137.7624  -34.7589
    0.3966   -0.9180   -0.0015
   -0.0167   -0.0056   -0.9998
    0.9178    0.3966   -0.0175
...    90 C-G ...
  -14.8516 -136.6493  -34.4325
    0.3111   -0.7763   -0.5483
   -0.2105    0.5063   -0.8363
    0.9268    0.3755   -0.0059
...    91 T-A ...
  -11.6774 -135.6892  -34.2763
    0.1370   -0.3961   -0.9079
   -0.3343    0.8443   -0.4188
    0.9325    0.3609   -0.0167
...    92 T-A ...
   -8.5471 -134.7871  -34.1674
   -0.0420    0.1769   -0.9833
   -0.3768    0.9087    0.1796
    0.9254    0.3780    0.0285
...    93 C-G ...
   -5.4742 -133.6379  -34.0553
   -0.2824    0.6645   -0.6919
   -0.3006    0.6237    0.7216
    0.9110    0.4117    0.0236
...    94 C-G ...
   -2.3431 -132.4002  -34.2490
   -0.4946    0.8442   -0.2068
   -0.1160    0.1717    0.9783
    0.8613    0.5079    0.0130
...    95 G-C ...
    0.4492 -130.6243  -33.8962
   -0.6162    0.7107    0.3393
    0.1721   -0.2989    0.9387
    0.7685    0.6368    0.0618
...    96 G-C ...
    2.7394 -128.1600  -33.9075
   -0.5311    0.3670    0.7637
    0.4898   -0.6024    0.6302
    0.6914    0.7088    0.1402
...    97 C-G ...
    4.5709 -125.4695  -33.4886
   -0.2447   -0.0581    0.9679
    0.7186   -0.6810    0.1408
    0.6509    0.7300    0.2083
...    98 T-A ...
    6.3520 -122.8599  -32.5608
    0.1033   -0.4544    0.8848
    0.7787   -0.5165   -0.3561
    0.6188    0.7258    0.3005
...    99 C-G ...
    8.2990 -120.5579  -31.3136
    0.5133   -0.6906    0.5094
    0.6033   -0.1317   -0.7866
    0.6103    0.7111    0.3490
...   100 G-C ...
   10.6476 -118.4013  -30.3458
    0.7142   -0.6988   -0.0402
    0.2605    0.3187   -0.9114
    0.6497    0.6404    0.4096
...   101 T-A ...
   12.7247 -116.6183  -28.4436
    0.7436   -0.4306   -0.5115
   -0.1461    0.6419   -0.7527
    0.6525    0.6345    0.4144
...   102 A-T ...
   14.6426 -114.1219  -27.2377
    0.5138    0.1006   -0.8520
   -0.5955    0.7567   -0.2698
    0.6176    0.6460    0.4487
...   103 T-A ...
   17.1096 -112.5217  -25.7252
    0.1501    0.4809   -0.8638
   -0.7824    0.5920    0.1936
    0.6044    0.6468    0.4651
...   104 A-T ...
   18.9249 -110.2723  -24.0623
   -0.3678    0.7149   -0.5946
   -0.7264    0.1784    0.6637
    0.5806    0.6760    0.4537
...   105 T-A ...
   21.1791 -108.0722  -23.1407
   -0.6906    0.6972   -0.1922
   -0.4514   -0.2079    0.8678
    0.5651    0.6861    0.4583
...   106 C-G ...
   22.9843 -105.7515  -21.7358
   -0.8600    0.4064    0.3086
    0.0280   -0.5663    0.8237
    0.5096    0.7170    0.4756
...   107 A-T ...
   24.5211 -103.2946  -20.0759
   -0.7733   -0.0713    0.6300
    0.5078   -0.6646    0.5481
    0.3796    0.7438    0.5502
...   108 T-A ...
   25.2203 -100.5002  -18.5270
   -0.4337   -0.4117    0.8015
    0.8277   -0.5336    0.1738
    0.3562    0.7388    0.5722
...   109 G-C ...
   26.3207  -98.2403  -16.3351
    0.0516   -0.7230    0.6889
    0.9486   -0.1803   -0.2603
    0.3124    0.6669    0.6765
...   110 T-A ...
   26.7521  -96.1485  -13.8151
    0.5246   -0.7316    0.4353
    0.7929    0.2339   -0.5626
    0.3098    0.6403    0.7029
...   111 T-A ...
   27.5216  -94.1982  -11.3307
    0.8883   -0.4561    0.0540
    0.3578    0.6137   -0.7038
    0.2879    0.6445    0.7083
...   112 A-T ...
   28.4701  -91.7992   -9.1868
    0.9251    0.0330   -0.3782
   -0.2661    0.7667   -0.5842
    0.2707    0.6411    0.7181
...   113 T-A ...
   29.6585  -90.2425   -6.5204
    0.6665    0.4302   -0.6088
   -0.7010    0.6396   -0.3155
    0.2537    0.6371    0.7278
...   114 A-T ...
   30.1597  -87.9768   -4.1008
    0.0958    0.7348   -0.6714
   -0.9663    0.2305    0.1143
    0.2388    0.6379    0.7322
...   115 A-T ...
   31.1898  -85.9179   -1.8109
   -0.4669    0.7395   -0.4849
   -0.8547   -0.2366    0.4621
    0.2270    0.6302    0.7425
...   116 C-G ...
   32.3146  -83.5766    0.2198
   -0.8489    0.4866   -0.2063
   -0.4919   -0.5845    0.6453
    0.1933    0.6493    0.7356
...   117 G-C ...
   32.7265  -81.5880    2.8647
   -0.9977   -0.0026    0.0682
    0.0476   -0.7427    0.6679
    0.0489    0.6696    0.7411
...   118 G-C ...
   32.5708  -79.0957    5.1323
   -0.8226   -0.4660    0.3258
    0.5656   -0.6112    0.5537
   -0.0589    0.6397    0.7664
...   119 A-T ...
   32.1957  -77.0130    7.6119
   -0.3464   -0.7676    0.5392
    0.9326   -0.2201    0.2860
   -0.1009    0.6020    0.7921
...   120 A-T ...
   31.5652  -75.1297   10.1698
    0.2323   -0.7713    0.5925
    0.9660    0.2539   -0.0483
   -0.1132    0.5836    0.8041
...   121 T-A ...
   30.5891  -73.5734   12.8976
    0.6844   -0.5449    0.4844
    0.7197    0.6113   -0.3292
   -0.1167    0.5739    0.8105
...   122 G-C ...
   30.4838  -71.6610   15.6096
    0.9778   -0.1524    0.1437
    0.2051    0.8356   -0.5095
   -0.0425    0.5277    0.8484
...   123 T-A ...
   30.4008  -70.4814   18.7119
    0.9423    0.2967   -0.1552
   -0.3339    0.7978   -0.5020
   -0.0251    0.5248    0.8508
...   124 G-C ...
   30.3166  -68.4936   21.3646
    0.5818    0.6622   -0.4722
   -0.8126    0.4980   -0.3028
    0.0346    0.5599    0.8278
...   125 T-A ...
   31.0161  -66.8415   24.1634
    0.0723    0.8159   -0.5736
   -0.9969    0.0778   -0.0149
    0.0325    0.5729    0.8190
...   126 C-G ...
   31.2207  -64.9233   26.8150
   -0.5256    0.6926   -0.4940
   -0.8505   -0.4166    0.3210
    0.0166    0.5889    0.8081
...   127 G-C ...
   30.9490  -63.1521   29.6279
   -0.9025    0.2788   -0.3283
   -0.4220   -0.7251    0.5442
   -0.0863    0.6296    0.7721
...   128 A-T ...
   30.6800  -61.0143   32.0786
   -0.9754   -0.2204    0.0062
    0.1744   -0.7540    0.6333
   -0.1350    0.6188    0.7739
...   129 C-G ...
   29.9045  -58.6167   34.1947
   -0.7423   -0.6031    0.2920
    0.6465   -0.5301    0.5486
   -0.1761    0.5960    0.7834
...   130 C-G ...
   28.8787  -56.5977   36.6980
   -0.2692   -0.8521    0.4488
    0.9347   -0.1187    0.3351
   -0.2323    0.5097    0.8284
...   131 A-T ...
   28.0795  -55.0429   39.5380
    0.3137   -0.8362    0.4498
    0.9186    0.3872    0.0791
   -0.2403    0.3884    0.8896
...   132 A-T ...
   27.0983  -54.0130   42.4477
    0.7756   -0.4845    0.4045
    0.5844    0.7934   -0.1703
   -0.2384    0.3685    0.8986
...   133 A-T ...
   26.2561  -53.1115   45.4475
    0.9698    0.0443    0.2398
    0.0455    0.9333   -0.3563
   -0.2396    0.3564    0.9031
...   134 T-A ...
   25.6209  -52.5914   48.6400
    0.8597    0.5097    0.0340
   -0.4497    0.7866   -0.4231
   -0.2424    0.3485    0.9054
...   135 G-C ...
   25.2757  -52.5096   52.0792
    0.3204    0.9427   -0.0928
   -0.8825    0.2614   -0.3910
   -0.3443    0.2071    0.9157
...   136 T-A ...
   25.5258  -52.9787   55.8050
   -0.2439    0.9563   -0.1610
   -0.8908   -0.2866   -0.3525
   -0.3833    0.0575    0.9218
...   137 G-C ...
   24.8933  -52.7378   58.9865
   -0.7529    0.5562   -0.3519
   -0.5215   -0.8303   -0.1966
   -0.4015    0.0355    0.9152
...   138 A-T ...
   24.0143  -51.6374   61.9242
   -0.9563    0.0401   -0.2896
   -0.0524   -0.9980    0.0347
   -0.2876    0.0484    0.9565
...   139 G-C ...
   22.3467  -51.2412   64.4940
   -0.8529   -0.5118   -0.1033
    0.4974   -0.8566    0.1373
   -0.1587    0.0657    0.9851
...   140 C-G ...
   22.1503  -50.1499   67.4639
   -0.4681   -0.8748    0.1248
    0.8495   -0.4066    0.3362
   -0.2434    0.2634    0.9335
...   141 G-C ...
   21.4257  -51.8267   72.7876
    0.1303   -0.7143   -0.6876
    0.8897   -0.2218    0.3990
   -0.4375   -0.6638    0.6066
...   142 C-G ...
   20.4246  -54.3095   74.5419
    0.5846   -0.7390   -0.3348
    0.7594    0.3532    0.5465
   -0.2856   -0.5737    0.7676
...   143 T-A ...
   18.4271  -55.5290   76.5299
    0.8548   -0.5005    0.1370
    0.3188    0.7148    0.6224
   -0.4095   -0.4884    0.7706
...   144 C-G ...
   16.8372  -57.7223   78.2674
    0.8529   -0.0846    0.5151
   -0.1508    0.9048    0.3983
   -0.4998   -0.4174    0.7589
...   145 A-T ...
   15.7829  -59.5616   80.7981
    0.5516    0.4995    0.6680
   -0.6739    0.7388    0.0039
   -0.4916   -0.4523    0.7441
...   146 C-G ...
   15.7315  -61.4941   83.9317
    0.0344    0.7399    0.6718
   -0.8637    0.3602   -0.3526
   -0.5029   -0.5681    0.6514
...   147 A-T ...
   14.7384  -63.4279   86.8193
   -0.5924    0.6746    0.4405
   -0.6886   -0.1401   -0.7114
   -0.4182   -0.7248    0.5475
