  147 base-pairs
...     1 T-A ...
    0.0000    0.0000    0.0000
    1.0000    0.0000    0.0000
    0.0000    1.0000    0.0000
    0.0000    0.0000    1.0000
...     2 G-C ...
   -0.5555   -1.1003    3.3981
    0.7749    0.6051    0.1828
   -0.5991    0.7953   -0.0929
   -0.2016   -0.0375    0.9787
...     3 T-A ...
   -0.6619   -3.0237    6.5348
    0.3046    0.9250    0.2271
   -0.8994    0.3578   -0.2510
   -0.3134   -0.1278    0.9410
...     4 G-C ...
   -1.1607   -3.8418    9.6940
   -0.3351    0.9421    0.0133
   -0.8752   -0.3061   -0.3746
   -0.3489   -0.1372    0.9271
...     5 A-T ...
   -1.3881   -3.6770   12.8999
   -0.7835    0.6162   -0.0801
   -0.5677   -0.7622   -0.3109
   -0.2527   -0.1981    0.9470
...     6 G-C ...
   -2.6236   -3.5448   15.7072
   -0.9923    0.0611   -0.1075
   -0.0294   -0.9610   -0.2748
   -0.1201   -0.2695    0.9555
...     7 C-G ...
   -2.3138   -3.7570   18.8866
   -0.8620   -0.4995   -0.0864
    0.5008   -0.8655    0.0073
   -0.0785   -0.0370    0.9962
...     8 G-C ...
   -3.9561   -6.8109   23.3205
   -0.2581   -0.3560   -0.8981
    0.6294   -0.7673    0.1233
   -0.7330   -0.5335    0.4221
...     9 C-G ...
   -6.1177   -8.9414   24.2385
    0.1143   -0.7320   -0.6716
    0.8123   -0.3203    0.4874
   -0.5720   -0.6013    0.5580
...    10 T-A ...
   -8.5041   -9.6771   26.0540
    0.4660   -0.8587   -0.2131
    0.6274    0.1508    0.7640
   -0.6239   -0.4897    0.6090
...    11 C-G ...
  -11.0625  -11.3174   27.2336
    0.6660   -0.6911    0.2808
    0.3382    0.6152    0.7121
   -0.6649   -0.3794    0.6435
...    12 A-T ...
  -13.0013  -13.1789   29.0658
    0.7188   -0.1490    0.6790
   -0.1787    0.9043    0.3876
   -0.6718   -0.4000    0.6235
...    13 C-G ...
  -14.1788  -15.9359   31.3399
    0.4052    0.2865    0.8682
   -0.5270    0.8492   -0.0343
   -0.7470   -0.4437    0.4951
...    14 A-T ...
  -15.9532  -18.1566   33.3080
   -0.1503    0.6873    0.7107
   -0.6106    0.5008   -0.6135
   -0.7776   -0.5261    0.3444
...    15 A-T ...
  -18.3212  -19.9415   34.6338
   -0.4753    0.8464    0.2400
   -0.4044    0.0320   -0.9140
   -0.7813   -0.5315    0.3271
...    16 T-A ...
  -20.6689  -21.5083   36.3184
   -0.6047    0.7549   -0.2539
   -0.1060   -0.3923   -0.9137
   -0.7894   -0.5256    0.3172
...    17 T-A ...
  -23.2460  -23.0438   37.5341
   -0.5381    0.4231   -0.7290
    0.2522   -0.7444   -0.6183
   -0.8043   -0.5165    0.2939
...    18 T-A ...
  -25.9588  -24.4855   38.5432
   -0.2782   -0.0417   -0.9596
    0.5041   -0.8568   -0.1089
   -0.8176   -0.5140    0.2594
...    19 A-T ...
  -28.8548  -26.0329   39.1146
    0.1529   -0.4300   -0.8898
    0.5368   -0.7198    0.4401
   -0.8297   -0.5450    0.1207
...    20 T-A ...
  -31.8388  -27.3916   39.0196
    0.4155   -0.7209   -0.5547
    0.3791   -0.4171    0.8260
   -0.8268   -0.5535    0.1000
...    21 T-A ...
  -34.5792  -29.1240   39.0487
    0.5615   -0.8275    0.0041
    0.0679    0.0510    0.9964
   -0.8247   -0.5592    0.0848
...    22 C-G ...
  -37.1798  -31.1051   39.2211
    0.5138   -0.6294    0.5830
   -0.2949    0.5086    0.8089
   -0.8056   -0.5876    0.0758
...    23 G-C ...
  -39.9215  -32.9031   39.8699
    0.3216   -0.1888    0.9278
   -0.5684    0.7453    0.3487
   -0.7573   -0.6395    0.1324
...    24 C-G ...
  -42.1438  -35.3278   40.3335
   -0.0229    0.2669    0.9634
   -0.6603    0.7196   -0.2151
   -0.7507   -0.6411    0.1597
...    25 A-T ...
  -44.8067  -37.2614   40.7637
   -0.3476    0.6750    0.6509
   -0.5375    0.4253   -0.7281
   -0.7683   -0.6029    0.2150
...    26 A-T ...
  -47.1721  -39.2853   41.7044
   -0.6051    0.7867    0.1221
   -0.2298   -0.0258   -0.9729
   -0.7623   -0.6168    0.1964
...    27 A-T ...
  -49.6330  -41.2060   42.5964
   -0.6283    0.6342   -0.4507
    0.1644   -0.4580   -0.8736
   -0.7604   -0.6230    0.1835
...    28 G-C ...
  -52.2939  -43.0107   43.3645
   -0.3877    0.3538   -0.8512
    0.4702   -0.7183   -0.5128
   -0.7928   -0.5991    0.1121
...    29 G-C ...
  -55.1968  -44.6982   43.7122
    0.0092   -0.0161   -0.9998
    0.5898   -0.8073    0.0185
   -0.8075   -0.5899    0.0021
...    30 C-G ...
  -58.0890  -46.2620   43.4705
    0.3776   -0.4038   -0.8333
    0.4789   -0.6850    0.5490
   -0.7925   -0.6064   -0.0653
...    31 C-G ...
  -60.7764  -48.1851   42.7909
    0.6547   -0.6388   -0.4041
    0.1743   -0.3926    0.9031
   -0.7355   -0.6617   -0.1457
...    32 G-C ...
  -62.9963  -50.6668   42.5009
    0.7267   -0.6640    0.1762
   -0.2591   -0.0274    0.9655
   -0.6362   -0.7473   -0.1919
...    33 G-C ...
  -64.7888  -53.3887   41.6197
    0.5179   -0.5145    0.6835
   -0.6404    0.2966    0.7085
   -0.5672   -0.8046   -0.1759
...    34 C-G ...
  -66.2670  -56.2823   40.9348
    0.0976   -0.2448    0.9647
   -0.8350    0.5072    0.2132
   -0.5415   -0.8263   -0.1549
...    35 C-G ...
  -67.8606  -59.2409   40.6250
   -0.3506    0.1182    0.9290
   -0.7674    0.5324   -0.3573
   -0.5368   -0.8382   -0.0959
...    36 C-G ...
  -69.5552  -62.1613   40.5778
   -0.6865    0.4360    0.5819
   -0.4558    0.3655   -0.8116
   -0.5666   -0.8224   -0.0521
...    37 G-C ...
  -71.5844  -64.7586   39.9844
   -0.7752    0.6313    0.0238
    0.0127    0.0531   -0.9985
   -0.6316   -0.7737   -0.0492
...    38 A-T ...
  -73.6278  -67.3231   39.9251
   -0.6002    0.5649   -0.5663
    0.4753   -0.3175   -0.8205
   -0.6433   -0.7616   -0.0780
...    39 C-G ...
  -76.1184  -69.4928   40.0362
   -0.2404    0.3471   -0.9065
    0.7206   -0.5618   -0.4062
   -0.6503   -0.7509   -0.1151
...    40 A-T ...
  -78.2495  -72.0206   39.5568
    0.2849    0.0769   -0.9555
    0.7191   -0.6762    0.1600
   -0.6338   -0.7327   -0.2480
...    41 C-G ...
  -80.6589  -73.9472   38.4386
    0.6487   -0.2380   -0.7229
    0.4629   -0.6306    0.6230
   -0.6040   -0.7388   -0.2989
...    42 G-C ...
  -82.3853  -76.6349   37.4614
    0.8791   -0.4227   -0.2203
    0.0100   -0.4457    0.8951
   -0.4766   -0.7891   -0.3876
...    43 A-T ...
  -83.7804  -79.2372   36.0667
    0.7464   -0.5610    0.3581
   -0.5157   -0.1475    0.8439
   -0.4206   -0.8146   -0.3994
...    44 C-G ...
  -84.6229  -81.9211   34.3291
    0.3818   -0.5320    0.7558
   -0.8413    0.1385    0.5225
   -0.3826   -0.8354   -0.3947
...    45 T-A ...
  -85.5065  -84.8424   33.0432
   -0.1068   -0.3442    0.9328
   -0.9329    0.3591    0.0257
   -0.3438   -0.8675   -0.3595
...    46 T-A ...
  -86.3113  -87.7863   31.9011
   -0.6412   -0.1105    0.7594
   -0.6990    0.4923   -0.5186
   -0.3165   -0.8634   -0.3930
...    47 A-T ...
  -87.5363  -90.4053   30.1266
   -0.9584    0.1810    0.2208
   -0.1139    0.4667   -0.8771
   -0.2618   -0.8657   -0.4266
...    48 C-G ...
  -88.5075  -93.4852   29.2847
   -0.8723    0.4062   -0.2723
    0.4112    0.3079   -0.8580
   -0.2646   -0.8604   -0.4356
...    49 T-A ...
  -89.6520  -96.3363   28.0234
   -0.5095    0.5518   -0.6603
    0.8123    0.0553   -0.5806
   -0.2839   -0.8321   -0.4764
...    50 G-C ...
  -90.5403  -99.0261   26.2701
    0.0611    0.5864   -0.8077
    0.9586   -0.2599   -0.1161
   -0.2780   -0.7672   -0.5780
...    51 T-A ...
  -91.9855 -101.2164   24.2881
    0.5581    0.4158   -0.7181
    0.7941   -0.5188    0.3167
   -0.2409   -0.7470   -0.6197
...    52 A-T ...
  -92.8238 -103.3729   21.8810
    0.9213    0.2119   -0.3260
    0.3773   -0.6891    0.6187
   -0.0936   -0.6930   -0.7148
...    53 G-C ...
  -93.0307 -105.3692   19.2722
    0.9894   -0.0965    0.1088
   -0.1448   -0.7215    0.6771
    0.0131   -0.6857   -0.7278
...    54 G-C ...
  -92.4964 -107.4373   16.6650
    0.7568   -0.3882    0.5259
   -0.6397   -0.6050    0.4740
    0.1342   -0.6952   -0.7062
...    55 T-A ...
  -91.4696 -109.4117   14.2391
    0.3125   -0.6218    0.7182
   -0.9340   -0.3389    0.1129
    0.1732   -0.7060   -0.6867
...    56 A-T ...
  -91.1285 -111.8559   11.9772
   -0.3223   -0.7014    0.6357
   -0.9245    0.0889   -0.3706
    0.2034   -0.7072   -0.6771
...    57 T-A ...
  -89.8761 -114.3163   10.1443
   -0.7437   -0.5774    0.3370
   -0.6290    0.4335   -0.6453
    0.2265   -0.6919   -0.6856
...    58 C-G ...
  -89.1176 -116.6872    7.9896
   -0.9698   -0.2124   -0.1200
   -0.0624    0.6916   -0.7196
    0.2358   -0.6903   -0.6840
...    59 T-A ...
  -88.4814 -119.1986    5.9074
   -0.8611    0.2056   -0.4651
    0.4605    0.7032   -0.5417
    0.2157   -0.6807   -0.7001
...    60 C-G ...
  -87.7975 -121.5154    3.6781
   -0.4308    0.5969   -0.6768
    0.8740    0.4627   -0.1483
    0.2246   -0.6555   -0.7211
...    61 G-C ...
  -86.6743 -123.5992    1.3249
    0.0809    0.8368   -0.5415
    0.9624    0.0757    0.2608
    0.2592   -0.5423   -0.7992
...    62 A-T ...
  -85.9189 -125.3580   -1.2991
    0.5910    0.7711   -0.2368
    0.7454   -0.4098    0.5258
    0.3084   -0.4873   -0.8170
...    63 G-C ...
  -84.9962 -126.6442   -4.1773
    0.8453    0.5117    0.1538
    0.3509   -0.7487    0.5625
    0.4030   -0.4215   -0.8124
...    64 C-G ...
  -83.5934 -127.4947   -7.0146
    0.8678    0.0747    0.4912
   -0.1309   -0.9194    0.3709
    0.4793   -0.3862   -0.7881
...    65 T-A ...
  -81.7204 -128.3996   -9.5598
    0.6346   -0.3707    0.6781
   -0.5222   -0.8525    0.0227
    0.5697   -0.3685   -0.7346
...    66 C-G ...
  -79.6370 -129.6192  -11.7509
    0.1989   -0.7821    0.5906
   -0.7631   -0.5017   -0.4073
    0.6148   -0.3696   -0.6967
...    67 G-C ...
  -77.8588 -131.2571  -14.0585
   -0.3028   -0.9028    0.3053
   -0.6921   -0.0119   -0.7217
    0.6552   -0.4298   -0.6213
...    68 G-C ...
  -75.5478 -132.9356  -15.8632
   -0.6572   -0.7442   -0.1194
   -0.3884    0.4701   -0.7926
    0.6460   -0.4745   -0.5980
...    69 G-C ...
  -73.3456 -134.7340  -17.6875
   -0.7847   -0.3426   -0.5167
    0.0453    0.7995   -0.5989
    0.6183   -0.4933   -0.6118
...    70 A-T ...
  -71.2424 -136.4219  -19.5730
   -0.6046    0.2012   -0.7707
    0.4882    0.8582   -0.1589
    0.6294   -0.4723   -0.6171
...    71 T-A ...
  -69.6124 -138.4775  -21.5815
   -0.2678    0.6062   -0.7489
    0.7143    0.6465    0.2679
    0.6466   -0.4632   -0.6061
...    72 C-G ...
  -67.5471 -140.0707  -23.5656
    0.1612    0.8939   -0.4184
    0.7226    0.1819    0.6669
    0.6722   -0.4098   -0.6166
...    73 C-G ...
  -65.5248 -141.4037  -25.9172
    0.4228    0.9030    0.0761
    0.5289   -0.3141    0.7884
    0.7358   -0.2931   -0.6105
...    74 G-C ...
  -62.8637 -142.2895  -27.7207
    0.4912    0.6421    0.5886
    0.2552   -0.7522    0.6076
    0.8328   -0.1483   -0.5333
...    75 C-G ...
  -60.1250 -142.1937  -29.5223
    0.4816    0.1588    0.8619
   -0.0099   -0.9824    0.1865
    0.8764   -0.0983   -0.4715
...    76 T-A ...
  -57.1131 -142.1103  -30.8454
    0.3307   -0.3604    0.8722
   -0.1959   -0.9303   -0.3101
    0.9232   -0.0683   -0.3783
...    77 T-A ...
  -54.0360 -142.0903  -31.8623
    0.1646   -0.8215    0.5459
   -0.3215   -0.5679   -0.7577
    0.9325   -0.0508   -0.3575
...    78 T-A ...
  -50.8953 -142.1060  -32.7139
   -0.0128   -0.9999    0.0008
   -0.3442    0.0036   -0.9389
    0.9388   -0.0123   -0.3443
...    79 A-T ...
  -47.9124 -141.8698  -34.3015
   -0.1570   -0.7613   -0.6291
   -0.2666    0.6460   -0.7153
    0.9509    0.0554   -0.3044
...    80 A-T ...
  -44.7359 -141.9226  -35.0545
   -0.2265   -0.2423   -0.9434
   -0.1524    0.9655   -0.2113
    0.9620    0.0959   -0.2555
...    81 C-G ...
  -41.5299 -142.2014  -35.9089
   -0.2807    0.2982   -0.9123
   -0.0270    0.9477    0.3181
    0.9594    0.1139   -0.2579
...    82 A-T ...
  -38.3329 -141.6350  -36.5933
   -0.3411    0.7662   -0.5446
    0.1266    0.6115    0.7810
    0.9315    0.1974   -0.3056
...    83 C-G ...
  -35.4706 -141.1890  -38.1286
   -0.2779    0.9590   -0.0551
    0.2750    0.1344    0.9520
    0.9204    0.2494   -0.3010
...    84 T-A ...
  -32.6175 -140.1553  -39.3920
   -0.1988    0.8643    0.4621
    0.3881   -0.3635    0.8469
    0.8999    0.3477   -0.2632
...    85 T-A ...
  -29.8415 -138.8286  -40.3410
   -0.0168    0.5061    0.8623
    0.4471   -0.7676    0.4593
    0.8943    0.3932   -0.2134
...    86 T-A ...
  -27.0799 -137.2998  -40.9892
    0.1795   -0.0132    0.9837
    0.4080   -0.9089   -0.0866
    0.8952    0.4168   -0.1577
...    87 A-T ...
  -24.1601 -135.7122  -41.1012
    0.2521   -0.5523    0.7946
    0.3109   -0.7314   -0.6070
    0.9164    0.4000   -0.0126
...    88 T-A ...
  -21.3837 -134.0325  -40.5617
    0.3730   -0.8442    0.3850
    0.1605   -0.3499   -0.9229
    0.9138    0.4061    0.0050
...    89 G-C ...
  -18.2567 -132.9468  -40.6901
    0.3437   -0.9144   -0.2139
   -0.0340    0.2155   -0.9759
    0.9385    0.3427    0.0430
...    90 C-G ...
  -15.0800 -132.0759  -40.2202
    0.2581   -0.6496   -0.7152
   -0.1997    0.6884   -0.6973
    0.9452    0.3228    0.0479
...    91 T-A ...
  -11.8567 -131.3172  -39.9593
    0.0964   -0.1900   -0.9770
   -0.3010    0.9301   -0.2106
    0.9488    0.3143    0.0324
...    92 T-A ...
   -8.6858 -130.5916  -39.7612
   -0.0590    0.3919   -0.9181
   -0.3278    0.8611    0.3886
    0.9429    0.3239    0.0777
...    93 C-G ...
   -5.5604 -129.6210  -39.5083
   -0.2719    0.8107   -0.5185
   -0.2516    0.4602    0.8514
    0.9288    0.3620    0.0788
...    94 C-G ...
   -2.3847 -128.4839  -39.5535
   -0.4657    0.8849    0.0013
   -0.0788   -0.0430    0.9960
    0.8814    0.4637    0.0898
...    95 G-C ...
    0.4795 -126.8988  -38.9421
   -0.5788    0.6370    0.5092
    0.1922   -0.5002    0.8443
    0.7925    0.5865    0.1671
...    96 G-C ...
    2.8420 -124.5419  -38.5050
   -0.4919    0.2058    0.8460
    0.4918   -0.7361    0.4650
    0.7184    0.6448    0.2609
...    97 C-G ...
    4.7683 -122.0469  -37.5835
   -0.2100   -0.2606    0.9423
    0.7030   -0.7100   -0.0397
    0.6795    0.6541    0.3323
...    98 T-A ...
    6.6604 -119.7333  -36.1961
    0.1276   -0.6362    0.7609
    0.7501   -0.4401   -0.4937
    0.6489    0.6337    0.4210
...    99 C-G ...
    8.7181 -117.7825  -34.5747
    0.5209   -0.7895    0.3245
    0.5651    0.0341   -0.8243
    0.6398    0.6128    0.4639
...   100 G-C ...
   11.1523 -115.8906  -33.2999
    0.7024   -0.6757   -0.2239
    0.2211    0.5061   -0.8337
    0.6766    0.5360    0.5048
...   101 T-A ...
   13.3406 -114.5547  -31.1627
    0.7141   -0.3092   -0.6281
   -0.1769    0.7884   -0.5892
    0.6773    0.5319    0.5083
...   102 A-T ...
   15.3102 -112.3355  -29.5449
    0.4719    0.2911   -0.8322
   -0.6080    0.7910   -0.0680
    0.6385    0.5381    0.5503
...   103 T-A ...
   17.8462 -111.0764  -27.8367
    0.1063    0.6609   -0.7429
   -0.7732    0.5248    0.3562
    0.6252    0.5365    0.5667
...   104 C-G ...
   19.9611 -109.3660  -26.0049
   -0.3889    0.8225   -0.4149
   -0.6987    0.0301    0.7147
    0.6004    0.5679    0.5630
...   105 A-T ...
   21.8397 -107.4508  -24.0331
   -0.7815    0.6236   -0.0189
   -0.3587   -0.4243    0.8315
    0.5105    0.6565    0.5553
...   106 T-A ...
   23.5224 -104.9404  -22.7843
   -0.8726    0.3118    0.3759
    0.0739   -0.6765    0.7327
    0.4828    0.6672    0.5673
...   107 G-C ...
   24.8304 -102.6546  -20.7262
   -0.7578   -0.2032    0.6201
    0.5490   -0.7120    0.4377
    0.3526    0.6721    0.6511
...   108 T-A ...
   25.4071 -100.1282  -18.7180
   -0.3913   -0.5736    0.7196
    0.8651   -0.4959    0.0751
    0.3138    0.6519    0.6903
...   109 T-A ...
   26.1251  -97.9597  -16.4250
    0.1490   -0.7649    0.6267
    0.9432   -0.0805   -0.3224
    0.2971    0.6391    0.7094
...   110 A-T ...
   27.1534  -95.9483  -13.9815
    0.6521   -0.7023    0.2854
    0.6950    0.4033   -0.5953
    0.3030    0.5865    0.7511
...   111 T-A ...
   27.7549  -94.4520  -11.0996
    0.9176   -0.3950   -0.0451
    0.2723    0.7071   -0.6525
    0.2896    0.5865    0.7564
...   112 A-T ...
   28.6670  -92.2027   -8.7805
    0.8959    0.1434   -0.4205
   -0.3552    0.7999   -0.4838
    0.2670    0.5828    0.7675
...   113 A-T ...
   29.6862  -90.5544   -6.1634
    0.5398    0.5952   -0.5953
   -0.8080    0.5648   -0.1679
    0.2362    0.5716    0.7858
...   114 C-G ...
   31.0275  -88.9108   -3.6099
    0.0363    0.7927   -0.6085
   -0.9719    0.1697    0.1631
    0.2326    0.5855    0.7766
...   115 G-C ...
   31.3841  -86.9644   -0.9247
   -0.5278    0.6843   -0.5031
   -0.8319   -0.2969    0.4688
    0.1714    0.6660    0.7260
...   116 G-C ...
   32.1224  -84.5387    1.2912
   -0.9016    0.3539   -0.2488
   -0.4243   -0.6114    0.6679
    0.0843    0.7078    0.7014
...   117 A-T ...
   32.3784  -82.1536    3.4917
   -0.9858   -0.1007    0.1341
    0.1659   -0.7005    0.6941
    0.0241    0.7065    0.7073
...   118 T-A ...
   32.1270  -79.4609    5.3360
   -0.7768   -0.4517    0.4389
    0.6298   -0.5564    0.5421
   -0.0006    0.6975    0.7166
...   119 A-T ...
   31.7200  -77.1780    7.7243
   -0.3116   -0.7686    0.5587
    0.9462   -0.1969    0.2569
   -0.0875    0.6087    0.7886
...   120 A-T ...
   31.1311  -75.2819   10.2812
    0.2661   -0.7607    0.5921
    0.9588    0.2723   -0.0811
   -0.0995    0.5893    0.8018
...   121 T-A ...
   30.2098  -73.7192   13.0233
    0.7088   -0.5278    0.4681
    0.6979    0.6213   -0.3563
   -0.1027    0.5792    0.8087
...   122 G-C ...
   30.1528  -71.7913   15.7225
    0.9839   -0.1354    0.1165
    0.1766    0.8345   -0.5220
   -0.0266    0.5342    0.8450
...   123 T-A ...
   30.1399  -70.5877   18.8152
    0.9332    0.3091   -0.1834
   -0.3593    0.7888   -0.4988
   -0.0095    0.5313    0.8471
...   124 G-C ...
   30.1049  -68.5849   21.4540
    0.5609    0.6656   -0.4922
   -0.8264    0.4851   -0.2858
    0.0486    0.5671    0.8222
...   125 T-A ...
   30.8540  -66.9035   24.2213
    0.0492    0.8120   -0.5816
   -0.9978    0.0665    0.0084
    0.0455    0.5798    0.8135
...   126 C-G ...
   31.1034  -64.9645   26.8516
   -0.5432    0.6833   -0.4880
   -0.8391   -0.4223    0.3428
    0.0282    0.5957    0.8027
...   127 G-C ...
   30.8822  -63.1740   29.6516
   -0.9106    0.2682   -0.3145
   -0.4058   -0.7244    0.5573
   -0.0784    0.6351    0.7685
...   128 A-T ...
   30.6390  -61.0194   32.0860
   -0.9735   -0.2279    0.0215
    0.1891   -0.7480    0.6362
   -0.1289    0.6234    0.7712
...   129 C-G ...
   29.8744  -58.6148   34.1924
   -0.7350   -0.6061    0.3039
    0.6560   -0.5225    0.5446
   -0.1713    0.5997    0.7817
...   130 C-G ...
   28.8556  -56.5902   36.6914
   -0.2611   -0.8515    0.4547
    0.9380   -0.1125    0.3280
   -0.2281    0.5121    0.8281
...   131 A-T ...
   28.0593  -55.0356   39.5300
    0.3187   -0.8344    0.4497
    0.9178    0.3902    0.0735
   -0.2369    0.3893    0.8901
...   132 A-T ...
   27.0873  -54.0084   42.4432
    0.7779   -0.4828    0.4021
    0.5824    0.7942   -0.1731
   -0.2358    0.3689    0.8991
...   133 A-T ...
   26.2525  -53.1110   45.4463
    0.9701    0.0450    0.2383
    0.0444    0.9331   -0.3568
   -0.2384    0.3568    0.9033
...   134 T-A ...
   25.6208  -52.5915   48.6400
    0.8597    0.5097    0.0340
   -0.4497    0.7866   -0.4231
   -0.2424    0.3485    0.9054
...   135 G-C ...
   25.2757  -52.5097   52.0792
    0.3204    0.9427   -0.0928
   -0.8825    0.2614   -0.3910
   -0.3443    0.2071    0.9157
...   136 T-A ...
   25.5257  -52.9788   55.8050
   -0.2439    0.9563   -0.1610
   -0.8908   -0.2866   -0.3525
   -0.3833    0.0575    0.9218
...   137 G-C ...
   24.8933  -52.7379   58.9865
   -0.7529    0.5562   -0.3519
   -0.5215   -0.8303   -0.1966
   -0.4015    0.0355    0.9152
...   138 A-T ...
   24.0143  -51.6375   61.9242
   -0.9563    0.0401   -0.2896
   -0.0524   -0.9980    0.0347
   -0.2876    0.0484    0.9565
...   139 G-C ...
   22.3467  -51.2413   64.4940
   -0.8529   -0.5118   -0.1033
    0.4974   -0.8566    0.1373
   -0.1587    0.0657    0.9851
...   140 C-G ...
   22.1503  -50.1500   67.4639
   -0.4681   -0.8748    0.1248
    0.8495   -0.4066    0.3362
   -0.2434    0.2634    0.9335
...   141 G-C ...
   21.4256  -51.8268   72.7876
    0.1303   -0.7143   -0.6876
    0.8897   -0.2218    0.3990
   -0.4375   -0.6638    0.6066
...   142 C-G ...
   20.4245  -54.3096   74.5419
    0.5846   -0.7390   -0.3348
    0.7594    0.3531    0.5465
   -0.2856   -0.5738    0.7676
...   143 T-A ...
   18.4271  -55.5292   76.5299
    0.8548   -0.5005    0.1370
    0.3188    0.7148    0.6224
   -0.4095   -0.4884    0.7706
...   144 C-G ...
   16.8371  -57.7224   78.2674
    0.8529   -0.0846    0.5151
   -0.1508    0.9048    0.3983
   -0.4998   -0.4174    0.7589
...   145 A-T ...
   15.7829  -59.5617   80.7981
    0.5516    0.4995    0.6680
   -0.6739    0.7388    0.0039
   -0.4916   -0.4523    0.7441
...   146 C-G ...
   15.7314  -61.4942   83.9317
    0.0344    0.7399    0.6718
   -0.8637    0.3602   -0.3526
   -0.5029   -0.5681    0.6514
...   147 A-T ...
   14.7383  -63.4281   86.8193
   -0.5924    0.6746    0.4405
   -0.6886   -0.1401   -0.7114
   -0.4182   -0.7248    0.5475
