  147 base-pairs
...     1 T-A ...
    0.0000    0.0000    0.0000
    1.0000    0.0000    0.0000
    0.0000    1.0000    0.0000
    0.0000    0.0000    1.0000
...     2 G-C ...
   -0.5555   -1.1003    3.3981
    0.7749    0.6051    0.1828
   -0.5991    0.7953   -0.0929
   -0.2016   -0.0375    0.9787
...     3 T-A ...
   -0.6619   -3.0237    6.5348
    0.3046    0.9250    0.2271
   -0.8994    0.3578   -0.2510
   -0.3134   -0.1278    0.9410
...     4 G-C ...
   -1.1607   -3.8418    9.6940
   -0.3351    0.9421    0.0133
   -0.8752   -0.3061   -0.3746
   -0.3489   -0.1372    0.9271
...     5 A-T ...
   -1.3881   -3.6770   12.8999
   -0.7835    0.6162   -0.0801
   -0.5677   -0.7622   -0.3109
   -0.2527   -0.1981    0.9470
...     6 G-C ...
   -2.6236   -3.5448   15.7072
   -0.9923    0.0611   -0.1075
   -0.0294   -0.9610   -0.2748
   -0.1201   -0.2695    0.9555
...     7 C-G ...
   -2.3138   -3.7570   18.8866
   -0.8620   -0.4995   -0.0864
    0.5008   -0.8655    0.0073
   -0.0785   -0.0370    0.9962
...     8 G-C ...
   -3.9561   -6.8109   23.3205
   -0.2581   -0.3560   -0.8981
    0.6294   -0.7673    0.1233
   -0.7330   -0.5335    0.4221
...     9 C-G ...
   -6.1177   -8.9414   24.2385
    0.1143   -0.7320   -0.6716
    0.8123   -0.3203    0.4874
   -0.5720   -0.6013    0.5580
...    10 T-A ...
   -8.5041   -9.6771   26.0540
    0.4660   -0.8587   -0.2131
    0.6274    0.1508    0.7640
   -0.6239   -0.4897    0.6090
...    11 C-G ...
  -11.0625  -11.3174   27.2336
    0.6660   -0.6911    0.2808
    0.3382    0.6152    0.7121
   -0.6649   -0.3794    0.6435
...    12 A-T ...
  -13.0013  -13.1789   29.0658
    0.7188   -0.1490    0.6790
   -0.1787    0.9043    0.3876
   -0.6718   -0.4000    0.6235
...    13 C-G ...
  -14.1788  -15.9359   31.3399
    0.4052    0.2865    0.8682
   -0.5270    0.8492   -0.0343
   -0.7470   -0.4437    0.4951
...    14 A-T ...
  -15.9532  -18.1566   33.3080
   -0.1503    0.6873    0.7107
   -0.6106    0.5008   -0.6135
   -0.7776   -0.5261    0.3444
...    15 A-T ...
  -18.3934  -19.9536   34.4472
   -0.4606    0.8593    0.2223
   -0.3942    0.0263   -0.9187
   -0.7953   -0.5107    0.3266
...    16 T-A ...
  -20.7971  -21.5445   36.2303
   -0.6275    0.7199   -0.2965
   -0.0677   -0.4298   -0.9004
   -0.7756   -0.5449    0.3185
...    17 T-A ...
  -23.3517  -23.1157   37.5917
   -0.5669    0.3159   -0.7608
    0.3262   -0.7620   -0.5594
   -0.7564   -0.5653    0.3289
...    18 T-A ...
  -25.9062  -24.7862   38.6494
   -0.2500   -0.1291   -0.9596
    0.5781   -0.8149   -0.0410
   -0.7767   -0.5650    0.2784
...    19 A-T ...
  -28.4493  -26.7751   39.3688
    0.1923   -0.4887   -0.8510
    0.5962   -0.6306    0.4969
   -0.7794   -0.6030    0.1701
...    20 T-A ...
  -31.3583  -28.3577   39.4282
    0.4734   -0.7405   -0.4769
    0.4100   -0.2940    0.8634
   -0.7796   -0.6043    0.1644
...    21 T-A ...
  -33.9756  -30.3065   39.6514
    0.6195   -0.7784    0.1014
    0.0498    0.1678    0.9846
   -0.7834   -0.6049    0.1427
...    22 C-G ...
  -36.4841  -32.3788   40.0880
    0.5512   -0.5186    0.6537
   -0.3389    0.5767    0.7433
   -0.7625   -0.6312    0.1421
...    23 G-C ...
  -39.0998  -34.1978   41.1735
    0.3615   -0.0306    0.9319
   -0.6294    0.7293    0.2682
   -0.6878   -0.6835    0.2444
...    24 C-G ...
  -41.0680  -36.6991   41.9532
    0.0141    0.3923    0.9197
   -0.7250    0.6375   -0.2608
   -0.6886   -0.6631    0.2934
...    25 A-T ...
  -43.7030  -38.6350   42.5645
   -0.3835    0.7188    0.5799
   -0.5919    0.2907   -0.7518
   -0.7089   -0.6315    0.3140
...    26 A-T ...
  -45.9576  -40.6893   43.7873
   -0.6588    0.7507    0.0489
   -0.2617   -0.1677   -0.9505
   -0.7053   -0.6390    0.3069
...    27 A-T ...
  -48.1683  -42.6858   45.1192
   -0.7003    0.5032   -0.5064
    0.1863   -0.5560   -0.8100
   -0.6891   -0.6616    0.2956
...    28 G-C ...
  -50.7332  -44.5157   46.3372
   -0.4472    0.1732   -0.8775
    0.5177   -0.7499   -0.4118
   -0.7294   -0.6385    0.2456
...    29 G-C ...
  -53.5465  -46.3969   47.0585
   -0.0076   -0.2107   -0.9775
    0.6696   -0.7271    0.1515
   -0.7427   -0.6534    0.1466
...    30 C-G ...
  -56.2482  -48.2547   47.1918
    0.4103   -0.5239   -0.7464
    0.5479   -0.5127    0.6611
   -0.7290   -0.6802    0.0767
...    31 C-G ...
  -58.8215  -50.3873   47.1884
    0.7063   -0.6557   -0.2667
    0.2099   -0.1658    0.9636
   -0.6761   -0.7366    0.0206
...    32 G-C ...
  -60.6584  -52.8378   47.4647
    0.7851   -0.5637    0.2567
   -0.2135    0.1427    0.9665
   -0.5814   -0.8136   -0.0083
...    33 G-C ...
  -62.0915  -55.8889   47.4111
    0.5686   -0.3477    0.7455
   -0.6405    0.3815    0.6665
   -0.5161   -0.8565   -0.0058
...    34 C-G ...
  -63.3956  -58.8967   47.3893
    0.1322   -0.0499    0.9900
   -0.8635    0.4846    0.1398
   -0.4867   -0.8733    0.0210
...    35 C-G ...
  -64.7943  -61.9710   47.8415
   -0.3720    0.2504    0.8938
   -0.8016    0.3988   -0.4453
   -0.4680   -0.8822    0.0523
...    36 C-G ...
  -66.2610  -64.9736   48.3058
   -0.7422    0.4590    0.4883
   -0.4699    0.1631   -0.8675
   -0.4778   -0.8734    0.0946
...    37 G-C ...
  -67.9407  -67.9303   47.5448
   -0.8475    0.5215   -0.0982
    0.0481   -0.1088   -0.9929
   -0.5285   -0.8463    0.0671
...    38 A-T ...
  -69.4658  -70.6785   47.8281
   -0.6546    0.3689   -0.6598
    0.5511   -0.3646   -0.7506
   -0.5175   -0.8550    0.0354
...    39 C-G ...
  -71.5486  -73.1093   48.0180
   -0.2461    0.1761   -0.9531
    0.8087   -0.5047   -0.3020
   -0.5342   -0.8452   -0.0182
...    40 A-T ...
  -73.4276  -75.8658   47.8080
    0.3099   -0.0451   -0.9497
    0.7989   -0.5292    0.2858
   -0.5155   -0.8473   -0.1280
...    41 C-G ...
  -75.2848  -78.3897   46.8690
    0.7095   -0.2436   -0.6612
    0.5228   -0.4472    0.7257
   -0.4725   -0.8606   -0.1899
...    42 G-C ...
  -76.5440  -81.4657   46.5433
    0.9224   -0.3725   -0.1017
   -0.0048   -0.2745    0.9616
   -0.3861   -0.8865   -0.2550
...    43 A-T ...
  -77.7644  -84.2643   45.6654
    0.7472   -0.4563    0.4832
   -0.5461   -0.0071    0.8377
   -0.3788   -0.8898   -0.2545
...    44 C-G ...
  -78.5069  -87.2018   44.3386
    0.3619   -0.3486    0.8646
   -0.8705    0.2054    0.4473
   -0.3335   -0.9145   -0.2291
...    45 T-A ...
  -78.9603  -90.7058   43.5078
   -0.1902   -0.1590    0.9688
   -0.9289    0.3486   -0.1251
   -0.3179   -0.9237   -0.2140
...    46 T-A ...
  -79.5847  -93.8264   42.8204
   -0.6564    0.0143    0.7543
   -0.6905    0.3913   -0.6083
   -0.3038   -0.9202   -0.2470
...    47 A-T ...
  -80.7513  -96.7732   41.6175
   -0.9555    0.2379    0.1746
   -0.0986    0.3001   -0.9488
   -0.2781   -0.9238   -0.2632
...    48 C-G ...
  -81.7863  -99.9515   41.3997
   -0.8579    0.3698   -0.3567
    0.4281    0.1305   -0.8942
   -0.2842   -0.9199   -0.2703
...    49 T-A ...
  -83.1099 -102.9885   40.7266
   -0.4700    0.4523   -0.7580
    0.8196   -0.0952   -0.5650
   -0.3277   -0.8868   -0.3259
...    50 G-C ...
  -84.2581 -105.8558   39.3610
    0.1127    0.4405   -0.8906
    0.9422   -0.3319   -0.0449
   -0.3154   -0.8341   -0.4525
...    51 T-A ...
  -85.7259 -108.2244   37.7727
    0.5779    0.2847   -0.7648
    0.7678   -0.5074    0.3912
   -0.2767   -0.8133   -0.5118
...    52 A-T ...
  -86.6353 -110.4609   35.4270
    0.9301    0.1534   -0.3338
    0.3533   -0.6228    0.6980
   -0.1008   -0.7672   -0.6335
...    53 G-C ...
  -87.1052 -112.7079   33.1465
    0.9885   -0.0782    0.1297
   -0.1494   -0.6444    0.7499
    0.0249   -0.7606   -0.6487
...    54 G-C ...
  -86.4799 -114.9087   30.3204
    0.7450   -0.3412    0.5732
   -0.6550   -0.5370    0.5316
    0.1265   -0.7715   -0.6235
...    55 T-A ...
  -85.5094 -117.2393   28.2441
    0.3013   -0.5559    0.7747
   -0.9397   -0.3109    0.1424
    0.1617   -0.7709   -0.6160
...    56 A-T ...
  -84.4221 -119.8397   26.3363
   -0.3044   -0.6035    0.7370
   -0.9328    0.0321   -0.3590
    0.1930   -0.7967   -0.5727
...    57 T-A ...
  -83.1088 -122.4784   24.8283
   -0.7348   -0.5263    0.4280
   -0.6429    0.3392   -0.6867
    0.2162   -0.7797   -0.5876
...    58 C-G ...
  -82.3253 -125.2673   23.0963
   -0.9718   -0.2145   -0.0975
   -0.0541    0.6057   -0.7938
    0.2293   -0.7662   -0.6003
...    59 T-A ...
  -81.7817 -128.0385   21.2817
   -0.8604    0.1716   -0.4799
    0.4711    0.6271   -0.6203
    0.1945   -0.7598   -0.6204
...    60 C-G ...
  -81.0950 -130.6002   19.2129
   -0.4251    0.5268   -0.7361
    0.8825    0.4220   -0.2076
    0.2012   -0.7379   -0.6442
...    61 G-C ...
  -79.9476 -132.7256   16.9758
    0.0384    0.7885   -0.6138
    0.9747    0.1059    0.1970
    0.2204   -0.6058   -0.7645
...    62 A-T ...
  -79.0488 -134.8473   14.6829
    0.5518    0.7679   -0.3255
    0.7755   -0.3289    0.5389
    0.3067   -0.5498   -0.7770
...    63 G-C ...
  -78.0618 -136.2843   11.8646
    0.8372    0.5425    0.0687
    0.3914   -0.6823    0.6174
    0.3818   -0.4900   -0.7836
...    64 C-G ...
  -76.7390 -137.3986    8.9539
    0.8848    0.0957    0.4560
   -0.1369   -0.8821    0.4507
    0.4454   -0.4612   -0.7674
...    65 T-A ...
  -75.1265 -138.5824    6.3279
    0.6541   -0.3411    0.6752
   -0.5507   -0.8266    0.1159
    0.5186   -0.4477   -0.7285
...    66 C-G ...
  -73.3629 -140.3594    4.2682
    0.2042   -0.7364    0.6450
   -0.7730   -0.5255   -0.3554
    0.6006   -0.4260   -0.6766
...    67 G-C ...
  -72.0751 -142.3842    1.7639
   -0.2911   -0.8872    0.3580
   -0.7120   -0.0490   -0.7004
    0.6390   -0.4588   -0.6174
...    68 G-C ...
  -69.7891 -144.0346   -0.0907
   -0.6590   -0.7491   -0.0681
   -0.4273    0.4473   -0.7857
    0.6190   -0.4886   -0.6149
...    69 G-C ...
  -67.7453 -145.8840   -1.9845
   -0.8299   -0.3437   -0.4395
    0.0193    0.7696   -0.6382
    0.5576   -0.5381   -0.6320
...    70 A-T ...
  -65.8718 -147.9121   -3.8967
   -0.6430    0.1843   -0.7434
    0.5091    0.8280   -0.2351
    0.5722   -0.5296   -0.6262
...    71 T-A ...
  -64.4213 -150.0850   -5.9246
   -0.2940    0.5959   -0.7473
    0.7643    0.6160    0.1906
    0.5739   -0.5152   -0.6366
...    72 C-G ...
  -62.7071 -151.8338   -8.1557
    0.1956    0.8594   -0.4724
    0.7817    0.1542    0.6043
    0.5922   -0.4875   -0.6417
...    73 C-G ...
  -60.9191 -153.6564  -10.2417
    0.4658    0.8849    0.0051
    0.5610   -0.2997    0.7717
    0.6844   -0.3566   -0.6360
...    74 G-C ...
  -58.3271 -154.7961  -11.9690
    0.5545    0.6512    0.5181
    0.2671   -0.7289    0.6303
    0.7881   -0.2111   -0.5782
...    75 C-G ...
  -55.6246 -154.9533  -14.1148
    0.5808    0.1314    0.8034
   -0.0769   -0.9736    0.2149
    0.8104   -0.1866   -0.5554
...    76 T-A ...
  -52.5130 -155.1002  -15.6536
    0.4158   -0.4313    0.8007
   -0.3295   -0.8920   -0.3094
    0.8476   -0.1352   -0.5131
...    77 T-A ...
  -49.5837 -155.2510  -17.0802
    0.1736   -0.8712    0.4592
   -0.4953   -0.4803   -0.7239
    0.8512   -0.1018   -0.5149
...    78 T-A ...
  -46.6487 -155.4492  -18.4799
   -0.1091   -0.9927   -0.0512
   -0.5059    0.0998   -0.8568
    0.8557   -0.0675   -0.5131
...    79 A-T ...
  -44.1855 -155.2279  -20.6947
   -0.2928   -0.7344   -0.6123
   -0.3623    0.6779   -0.6397
    0.8849    0.0345   -0.4645
...    80 A-T ...
  -41.2758 -155.2325  -22.0591
   -0.4161   -0.2219   -0.8818
   -0.1610    0.9724   -0.1688
    0.8950    0.0717   -0.4403
...    81 C-G ...
  -38.2873 -155.6013  -23.5730
   -0.4345    0.3322   -0.8372
    0.0735    0.9395    0.3347
    0.8977    0.0839   -0.4326
...    82 A-T ...
  -35.3473 -155.3434  -25.0660
   -0.3885    0.7951   -0.4657
    0.2923    0.5856    0.7561
    0.8739    0.1576   -0.4599
...    83 C-G ...
  -32.7866 -154.9297  -27.1861
   -0.2212    0.9752   -0.0004
    0.4416    0.1005    0.8915
    0.8695    0.1971   -0.4529
...    84 T-A ...
  -30.2160 -154.1083  -29.1950
   -0.0676    0.8567    0.5114
    0.5092   -0.4112    0.7561
    0.8580    0.3115   -0.4085
...    85 C-G ...
  -27.5294 -152.7148  -30.3520
    0.1424    0.4672    0.8726
    0.4991   -0.7952    0.3443
    0.8548    0.3865   -0.3464
...    86 A-T ...
  -24.9918 -150.7258  -31.6016
    0.2521   -0.0484    0.9665
    0.4604   -0.8725   -0.1637
    0.8512    0.4862   -0.1977
...    87 T-A ...
  -22.4362 -148.7730  -31.9333
    0.3930   -0.4918    0.7770
    0.3031   -0.7284   -0.6144
    0.8681    0.4770   -0.1372
...    88 G-C ...
  -19.4635 -147.1028  -32.0221
    0.4264   -0.8557    0.2932
    0.0661   -0.2938   -0.9536
    0.9021    0.4260   -0.0687
...    89 T-A ...
  -16.4584 -145.6493  -31.5871
    0.4017   -0.8787   -0.2580
   -0.1580    0.2111   -0.9646
    0.9021    0.4282   -0.0540
...    90 T-A ...
  -13.5274 -144.3411  -31.5260
    0.2807   -0.5911   -0.7562
   -0.3466    0.6722   -0.6542
    0.8950    0.4458   -0.0162
...    91 A-T ...
  -10.6504 -142.5148  -31.6607
    0.0299   -0.0255   -0.9992
   -0.4713    0.8812   -0.0366
    0.8815    0.4720    0.0143
...    92 T-A ...
   -7.5290 -141.6155  -31.7212
   -0.1850    0.4255   -0.8858
   -0.4442    0.7679    0.4616
    0.8766    0.4789    0.0470
...    93 A-T ...
   -4.6844 -139.8655  -31.4054
   -0.4472    0.7732   -0.4495
   -0.2563    0.3707    0.8927
    0.8569    0.5145    0.0324
...    94 A-T ...
   -1.9844 -138.2210  -31.4779
   -0.5563    0.8261    0.0900
    0.0079   -0.1031    0.9946
    0.8309    0.5541    0.0508
...    95 C-G ...
    0.5961 -136.0976  -31.9657
   -0.5103    0.6195    0.5965
    0.2968   -0.5241    0.7983
    0.8071    0.5844    0.0836
...    96 G-C ...
    3.0965 -134.2215  -31.0896
   -0.4549    0.1462    0.8784
    0.5487   -0.7309    0.4058
    0.7014    0.6666    0.2523
...    97 G-C ...
    4.9551 -131.9102  -29.6680
   -0.2024   -0.3312    0.9216
    0.7603   -0.6462   -0.0653
    0.6172    0.6875    0.3826
...    98 A-T ...
    6.7590 -129.5224  -28.2824
    0.2592   -0.6639    0.7015
    0.7543   -0.3145   -0.5763
    0.6032    0.6785    0.4192
...    99 T-A ...
    8.2082 -127.2470  -26.3231
    0.6002   -0.7310    0.3248
    0.5328    0.0626   -0.8439
    0.5965    0.6795    0.4270
...   100 T-A ...
    9.9235 -125.1004  -24.5384
    0.8329   -0.5136   -0.2061
    0.0773    0.4767   -0.8757
    0.5480    0.7134    0.4367
...   101 T-A ...
   11.6657 -122.9625  -22.7880
    0.7538   -0.1171   -0.6465
   -0.4172    0.6749   -0.6086
    0.5076    0.7286    0.4599
...   102 A-T ...
   13.1471 -120.2762  -21.3386
    0.3460    0.3299   -0.8783
   -0.8034    0.5877   -0.0957
    0.4846    0.7388    0.4684
...   103 T-A ...
   15.3184 -118.2324  -20.0074
   -0.0835    0.5440   -0.8349
   -0.8762    0.3590    0.3215
    0.4747    0.7584    0.4467
...   104 G-C ...
   17.0339 -115.6494  -18.7970
   -0.6404    0.5715   -0.5130
   -0.6336   -0.0157    0.7735
    0.4340    0.8204    0.3722
...   105 C-G ...
   18.2965 -112.7589  -18.0679
   -0.9093    0.4124   -0.0559
   -0.2066   -0.3309    0.9208
    0.3612    0.8488    0.3861
...   106 T-A ...
   19.3290 -109.6115  -17.1649
   -0.8901    0.1173    0.4404
    0.3381   -0.4781    0.8106
    0.3056    0.8705    0.3859
...   107 T-A ...
   20.0925 -106.7207  -16.0487
   -0.5862   -0.2247    0.7784
    0.7740   -0.4391    0.4561
    0.2393    0.8699    0.4313
...   108 C-G ...
   20.5421 -103.8594  -14.5040
   -0.0812   -0.4923    0.8667
    0.9762   -0.2147   -0.0305
    0.2011    0.8436    0.4980
...   109 C-G ...
   20.9696 -101.1351  -12.7235
    0.4030   -0.6220    0.6713
    0.8885    0.0899   -0.4501
    0.2196    0.7778    0.5889
...   110 G-C ...
   21.9611  -98.8986  -10.9060
    0.7679   -0.5664    0.2991
    0.5847    0.4292   -0.6884
    0.2615    0.7036    0.6607
...   111 G-C ...
   23.1526  -96.9865   -8.3877
    0.9500   -0.2718   -0.1538
    0.0871    0.7035   -0.7054
    0.2999    0.6567    0.6919
...   112 C-G ...
   24.4248  -95.2812   -5.7910
    0.8365    0.1372   -0.5305
   -0.4390    0.7471   -0.4991
    0.3279    0.6504    0.6852
...   113 T-A ...
   25.6368  -93.2925   -3.4567
    0.4810    0.5004   -0.7199
   -0.8088    0.5703   -0.1439
    0.3385    0.6514    0.6790
...   114 C-G ...
   26.7117  -91.0709   -1.2321
   -0.0851    0.7243   -0.6842
   -0.9382    0.1730    0.2999
    0.3356    0.6674    0.6648
...   115 G-C ...
   27.3359  -88.8871    1.1801
   -0.6308    0.6383   -0.4411
   -0.7263   -0.2857    0.6252
    0.2730    0.7148    0.6439
...   116 T-A ...
   28.2844  -86.1361    2.7199
   -0.9317    0.3527   -0.0868
   -0.2902   -0.5792    0.7618
    0.2184    0.7350    0.6420
...   117 A-T ...
   28.8242  -83.1717    4.4055
   -0.9577   -0.1115    0.2652
    0.2717   -0.6541    0.7059
    0.0948    0.7481    0.6567
...   118 T-A ...
   28.7306  -80.3812    6.0267
   -0.7049   -0.4250    0.5678
    0.7041   -0.5159    0.4879
    0.0856    0.7438    0.6629
...   119 A-T ...
   28.9229  -78.0429    8.3302
   -0.2340   -0.7129    0.6611
    0.9722   -0.1797    0.1503
    0.0116    0.6778    0.7351
...   120 A-T ...
   28.6024  -75.9416   10.7666
    0.3397   -0.7246    0.5996
    0.9405    0.2603   -0.2183
    0.0021    0.6381    0.7699
...   121 T-A ...
   28.0234  -74.1849   13.5385
    0.7716   -0.4905    0.4049
    0.6360    0.6030   -0.4815
   -0.0080    0.6291    0.7773
...   122 G-C ...
   27.9929  -72.2974   16.3789
    0.9957   -0.0928    0.0027
    0.0755    0.7923   -0.6055
    0.0540    0.6031    0.7959
...   123 T-A ...
   28.3198  -70.7637   19.2540
    0.9037    0.3114   -0.2938
   -0.4243    0.7429   -0.5178
    0.0571    0.5926    0.8034
...   124 G-C ...
   28.6266  -68.8289   21.9331
    0.4943    0.6521   -0.5748
   -0.8629    0.4483   -0.2335
    0.1054    0.6114    0.7843
...   125 T-A ...
   29.4556  -67.0679   24.5126
   -0.0219    0.7710   -0.6364
   -0.9942    0.0502    0.0950
    0.1052    0.6348    0.7655
...   126 C-G ...
   29.8454  -65.0204   26.8968
   -0.5960    0.6591   -0.4587
   -0.7955   -0.4068    0.4490
    0.1094    0.6325    0.7668
...   127 G-C ...
   29.7136  -63.1602   29.5850
   -0.9163    0.2637   -0.3015
   -0.3985   -0.6760    0.6199
   -0.0403    0.6881    0.7245
...   128 A-T ...
   29.7415  -60.9976   31.8651
   -0.9785   -0.1836    0.0944
    0.1995   -0.7241    0.6602
   -0.0529    0.6648    0.7451
...   129 C-G ...
   29.2128  -58.3650   33.7717
   -0.7295   -0.5680    0.3810
    0.6767   -0.5184    0.5228
   -0.0994    0.6392    0.7626
...   130 C-G ...
   28.0795  -56.3066   36.2637
   -0.2773   -0.8304    0.4832
    0.9435   -0.1404    0.3001
   -0.1813    0.5391    0.8225
...   131 A-T ...
   27.7969  -54.9369   39.2898
    0.2798   -0.8630    0.4207
    0.9424    0.3306    0.0513
   -0.1834    0.3821    0.9058
...   132 A-T ...
   27.0666  -53.9187   42.3161
    0.7602   -0.5385    0.3636
    0.6225    0.7639   -0.1701
   -0.1862    0.3556    0.9159
...   133 A-T ...
   26.2453  -53.1113   45.3949
    0.9711    0.0301    0.2369
    0.0585    0.9319   -0.3579
   -0.2315    0.3614    0.9032
...   134 T-A ...
   25.6208  -52.5913   48.6400
    0.8597    0.5097    0.0340
   -0.4497    0.7866   -0.4231
   -0.2424    0.3485    0.9054
...   135 G-C ...
   25.2757  -52.5095   52.0791
    0.3204    0.9427   -0.0928
   -0.8825    0.2614   -0.3910
   -0.3443    0.2071    0.9157
...   136 T-A ...
   25.5257  -52.9786   55.8049
   -0.2439    0.9563   -0.1610
   -0.8908   -0.2866   -0.3525
   -0.3833    0.0575    0.9218
...   137 G-C ...
   24.8933  -52.7377   58.9865
   -0.7529    0.5562   -0.3519
   -0.5215   -0.8303   -0.1966
   -0.4015    0.0355    0.9152
...   138 A-T ...
   24.0143  -51.6374   61.9242
   -0.9563    0.0401   -0.2896
   -0.0524   -0.9980    0.0347
   -0.2876    0.0484    0.9565
...   139 G-C ...
   22.3467  -51.2411   64.4940
   -0.8529   -0.5118   -0.1033
    0.4974   -0.8566    0.1373
   -0.1587    0.0657    0.9851
...   140 C-G ...
   22.1503  -50.1498   67.4639
   -0.4681   -0.8748    0.1248
    0.8495   -0.4066    0.3362
   -0.2434    0.2634    0.9335
...   141 G-C ...
   21.4256  -51.8266   72.7876
    0.1303   -0.7143   -0.6876
    0.8897   -0.2217    0.3990
   -0.4375   -0.6638    0.6066
...   142 C-G ...
   20.4245  -54.3095   74.5418
    0.5846   -0.7390   -0.3348
    0.7594    0.3532    0.5465
   -0.2856   -0.5738    0.7676
...   143 T-A ...
   18.4271  -55.5290   76.5299
    0.8548   -0.5005    0.1370
    0.3188    0.7148    0.6224
   -0.4095   -0.4884    0.7706
...   144 C-G ...
   16.8371  -57.7222   78.2674
    0.8529   -0.0846    0.5151
   -0.1508    0.9048    0.3983
   -0.4998   -0.4174    0.7589
...   145 A-T ...
   15.7829  -59.5615   80.7981
    0.5516    0.4995    0.6680
   -0.6739    0.7388    0.0039
   -0.4916   -0.4523    0.7441
...   146 C-G ...
   15.7314  -61.4940   83.9316
    0.0344    0.7399    0.6718
   -0.8637    0.3602   -0.3526
   -0.5029   -0.5681    0.6514
...   147 A-T ...
   14.7383  -63.4279   86.8192
   -0.5924    0.6746    0.4405
   -0.6886   -0.1401   -0.7114
   -0.4182   -0.7248    0.5475
