  147 base-pairs
...     1 T-A ...
    0.0000    0.0000    0.0000
    1.0000    0.0000    0.0000
    0.0000    1.0000    0.0000
    0.0000    0.0000    1.0000
...     2 G-C ...
   -0.5555   -1.1003    3.3981
    0.7749    0.6051    0.1828
   -0.5991    0.7953   -0.0929
   -0.2016   -0.0375    0.9787
...     3 T-A ...
   -0.6619   -3.0237    6.5348
    0.3046    0.9250    0.2271
   -0.8994    0.3578   -0.2510
   -0.3134   -0.1278    0.9410
...     4 G-C ...
   -1.1607   -3.8418    9.6940
   -0.3351    0.9421    0.0133
   -0.8752   -0.3061   -0.3746
   -0.3489   -0.1372    0.9271
...     5 A-T ...
   -1.3881   -3.6770   12.8999
   -0.7835    0.6162   -0.0801
   -0.5677   -0.7622   -0.3109
   -0.2527   -0.1981    0.9470
...     6 G-C ...
   -2.6236   -3.5448   15.7072
   -0.9923    0.0611   -0.1075
   -0.0294   -0.9610   -0.2748
   -0.1201   -0.2695    0.9555
...     7 C-G ...
   -2.3138   -3.7570   18.8866
   -0.8620   -0.4995   -0.0864
    0.5008   -0.8655    0.0073
   -0.0785   -0.0370    0.9962
...     8 G-C ...
   -3.9561   -6.8109   23.3205
   -0.2581   -0.3560   -0.8981
    0.6294   -0.7673    0.1233
   -0.7330   -0.5335    0.4221
...     9 C-G ...
   -6.1177   -8.9414   24.2385
    0.1143   -0.7320   -0.6716
    0.8123   -0.3203    0.4874
   -0.5720   -0.6013    0.5580
...    10 T-A ...
   -8.5041   -9.6771   26.0540
    0.4660   -0.8587   -0.2131
    0.6274    0.1508    0.7640
   -0.6239   -0.4897    0.6090
...    11 C-G ...
  -11.0625  -11.3174   27.2336
    0.6660   -0.6911    0.2808
    0.3382    0.6152    0.7121
   -0.6649   -0.3794    0.6435
...    12 A-T ...
  -13.0013  -13.1789   29.0658
    0.7188   -0.1490    0.6790
   -0.1787    0.9043    0.3876
   -0.6718   -0.4000    0.6235
...    13 C-G ...
  -14.1788  -15.9359   31.3399
    0.4052    0.2865    0.8682
   -0.5270    0.8492   -0.0343
   -0.7470   -0.4437    0.4951
...    14 A-T ...
  -15.9532  -18.1566   33.3080
   -0.1503    0.6873    0.7107
   -0.6106    0.5008   -0.6135
   -0.7776   -0.5261    0.3444
...    15 A-T ...
  -18.4030  -19.9472   34.4362
   -0.4550    0.8625    0.2215
   -0.3951    0.0273   -0.9182
   -0.7980   -0.5053    0.3284
...    16 T-A ...
  -20.8157  -21.5138   36.2239
   -0.6215    0.7248   -0.2973
   -0.0728   -0.4312   -0.8993
   -0.7800   -0.5373    0.3207
...    17 T-A ...
  -23.3866  -23.0542   37.5916
   -0.5639    0.3208   -0.7610
    0.3161   -0.7674   -0.5578
   -0.7630   -0.5551    0.3313
...    18 T-A ...
  -25.9659  -24.6861   38.6502
   -0.2533   -0.1290   -0.9587
    0.5663   -0.8233   -0.0389
   -0.7843   -0.5528    0.2816
...    19 A-T ...
  -28.5484  -26.6331   39.3882
    0.1807   -0.5056   -0.8436
    0.5858   -0.6336    0.5053
   -0.7900   -0.5855    0.1817
...    20 T-A ...
  -31.4952  -28.1540   39.4894
    0.4536   -0.7611   -0.4637
    0.4068   -0.2861    0.8676
   -0.7929   -0.5822    0.1798
...    21 T-A ...
  -34.1629  -30.0277   39.7620
    0.5959   -0.7942    0.1191
    0.0576    0.1903    0.9800
   -0.8010   -0.5771    0.1592
...    22 C-G ...
  -36.7465  -31.9971   40.2499
    0.5351   -0.5196    0.6661
   -0.3176    0.6069    0.7286
   -0.7828   -0.6014    0.1598
...    23 G-C ...
  -39.4586  -33.6630   41.3388
    0.3648   -0.0175    0.9309
   -0.5966    0.7633    0.2481
   -0.7149   -0.6458    0.2680
...    24 C-G ...
  -41.5319  -36.0544   42.1877
    0.0372    0.4197    0.9069
   -0.6971    0.6611   -0.2774
   -0.7160   -0.6219    0.3172
...    25 A-T ...
  -44.2315  -37.8590   42.8806
   -0.3371    0.7571    0.5596
   -0.5847    0.2975   -0.7547
   -0.7379   -0.5816    0.3424
...    26 A-T ...
  -46.5849  -39.7381   44.1915
   -0.6112    0.7909    0.0313
   -0.2860   -0.1838   -0.9404
   -0.7380   -0.5837    0.3385
...    27 A-T ...
  -48.8969  -41.5352   45.6271
   -0.6736    0.5317   -0.5134
    0.1344   -0.5950   -0.7924
   -0.7268   -0.6027    0.3293
...    28 G-C ...
  -51.5625  -43.1343   46.9498
   -0.4505    0.1745   -0.8755
    0.4556   -0.7985   -0.3936
   -0.7678   -0.5762    0.2802
...    29 G-C ...
  -54.4961  -44.7743   47.7740
   -0.0446   -0.2453   -0.9684
    0.6166   -0.7695    0.1665
   -0.7860   -0.5897    0.1856
...    30 C-G ...
  -57.3239  -46.4217   48.0241
    0.3505   -0.5832   -0.7328
    0.5217   -0.5283    0.6699
   -0.7778   -0.6171    0.1191
...    31 C-G ...
  -60.0761  -48.3261   48.1692
    0.6432   -0.7223   -0.2541
    0.2216   -0.1420    0.9647
   -0.7329   -0.6768    0.0687
...    32 G-C ...
  -62.1252  -50.5733   48.6058
    0.7415   -0.6175    0.2623
   -0.1708    0.2043    0.9639
   -0.6488   -0.7596    0.0460
...    33 G-C ...
  -63.8362  -53.4730   48.7265
    0.5600   -0.3607    0.7458
   -0.5819    0.4696    0.6640
   -0.5897   -0.8058    0.0531
...    34 C-G ...
  -65.4155  -56.3395   48.8705
    0.1633   -0.0118    0.9865
   -0.8096    0.5698    0.1408
   -0.5638   -0.8217    0.0834
...    35 C-G ...
  -67.0651  -59.2449   49.5320
   -0.3074    0.3336    0.8912
   -0.7780    0.4512   -0.4372
   -0.5480   -0.8277    0.1208
...    36 C-G ...
  -68.7984  -62.0467   50.2300
   -0.6697    0.5573    0.4908
   -0.4925    0.1612   -0.8552
   -0.5558   -0.8145    0.1665
...    37 G-C ...
  -70.8024  -64.8376   49.7560
   -0.7951    0.5998   -0.0897
   -0.0165   -0.1693   -0.9854
   -0.6062   -0.7821    0.1445
...    38 A-T ...
  -72.5937  -67.3837   50.2812
   -0.6498    0.3959   -0.6488
    0.4685   -0.4635   -0.7521
   -0.5985   -0.7927    0.1157
...    39 C-G ...
  -74.9064  -69.5642   50.7332
   -0.2821    0.1432   -0.9486
    0.7344   -0.6040   -0.3096
   -0.6173   -0.7840    0.0653
...    40 A-T ...
  -77.0720  -72.1098   50.8046
    0.2451   -0.1374   -0.9597
    0.7571   -0.5912    0.2780
   -0.6056   -0.7947   -0.0409
...    41 C-G ...
  -79.2375  -74.4785   50.1513
    0.6369   -0.3606   -0.6814
    0.5196   -0.4521    0.7250
   -0.5695   -0.8158   -0.1006
...    42 G-C ...
  -80.8381  -77.4071   50.1351
    0.8705   -0.4748   -0.1293
    0.0333   -0.2054    0.9781
   -0.4910   -0.8558   -0.1629
...    43 A-T ...
  -82.4082  -80.1024   49.5510
    0.7298   -0.4978    0.4686
   -0.4825    0.1105    0.8689
   -0.4843   -0.8602   -0.1596
...    44 C-G ...
  -83.5399  -83.0255   48.5017
    0.3884   -0.3212    0.8637
   -0.8101    0.3277    0.4862
   -0.4392   -0.8885   -0.1329
...    45 T-A ...
  -84.4056  -86.5106   47.9965
   -0.1293   -0.0639    0.9895
   -0.8968    0.4334   -0.0892
   -0.4231   -0.8989   -0.1133
...    46 T-A ...
  -85.3915  -89.5892   47.6268
   -0.5864    0.1427    0.7973
   -0.6977    0.4111   -0.5867
   -0.4114   -0.9004   -0.1415
...    47 A-T ...
  -86.9455  -92.4838   46.8149
   -0.9072    0.3517    0.2310
   -0.1553    0.2305   -0.9606
   -0.3911   -0.9073   -0.1545
...    48 C-G ...
  -88.3280  -95.5357   46.9766
   -0.8477    0.4261   -0.3161
    0.3537    0.0096   -0.9353
   -0.3955   -0.9046   -0.1589
...    49 T-A ...
  -90.0012  -98.4621   46.7121
   -0.4948    0.4320   -0.7540
    0.7493   -0.2273   -0.6219
   -0.4401   -0.8727   -0.2113
...    50 G-C ...
  -91.5420 -101.3015   45.7387
    0.0662    0.3451   -0.9362
    0.8994   -0.4269   -0.0937
   -0.4320   -0.8359   -0.3387
...    51 T-A ...
  -93.3712 -103.6475   44.5353
    0.5234    0.1562   -0.8377
    0.7545   -0.5419    0.3703
   -0.3961   -0.8258   -0.4015
...    52 A-T ...
  -94.7303 -105.9627   42.4944
    0.9016    0.0414   -0.4305
    0.3709   -0.5862    0.7203
   -0.2225   -0.8091   -0.5439
...    53 G-C ...
  -95.6245 -108.3538   40.5049
    0.9883   -0.1456    0.0450
   -0.1197   -0.5581    0.8211
   -0.0944   -0.8169   -0.5690
...    54 G-C ...
  -95.4503 -110.8469   37.8666
    0.7748   -0.3403    0.5328
   -0.6321   -0.4325    0.6429
    0.0117   -0.8349   -0.5502
...    55 T-A ...
  -94.8461 -113.4297   35.9661
    0.3432   -0.4965    0.7973
   -0.9379   -0.2272    0.2622
    0.0510   -0.8378   -0.5436
...    56 A-T ...
  -94.0979 -116.2841   34.2680
   -0.2605   -0.5013    0.8251
   -0.9613    0.0557   -0.2697
    0.0892   -0.8635   -0.4965
...    57 T-A ...
  -93.0898 -119.1489   32.9469
   -0.7134   -0.4301    0.5533
   -0.6915    0.3040   -0.6553
    0.1136   -0.8501   -0.5143
...    58 C-G ...
  -92.6323 -122.1491   31.4774
   -0.9858   -0.1663    0.0214
   -0.1061    0.5197   -0.8478
    0.1298   -0.8380   -0.5300
...    59 T-A ...
  -92.2374 -125.1586   29.9047
   -0.8797    0.1733   -0.4429
    0.4630    0.5252   -0.7140
    0.1088   -0.8331   -0.5423
...    60 T-A ...
  -92.0296 -127.9294   28.2954
   -0.4740    0.4552   -0.7538
    0.8732    0.3528   -0.3361
    0.1130   -0.8175   -0.5647
...    61 C-G ...
  -91.3946 -130.6181   26.4629
    0.1133    0.6264   -0.7712
    0.9845    0.0337    0.1721
    0.1338   -0.7788   -0.6128
...    62 A-T ...
  -91.1173 -133.3340   24.4474
    0.5985    0.6501   -0.4682
    0.7771   -0.3290    0.5366
    0.1948   -0.6850   -0.7021
...    63 T-A ...
  -90.7003 -135.2253   21.8652
    0.8805    0.4649   -0.0927
    0.3955   -0.6127    0.6842
    0.2613   -0.6392   -0.7233
...    64 G-C ...
  -89.5324 -137.1422   19.1941
    0.8980    0.1422    0.4163
   -0.1446   -0.7984    0.5846
    0.4155   -0.5851   -0.6964
...    65 T-A ...
  -87.8308 -138.4621   16.6531
    0.6820   -0.2624    0.6827
   -0.5667   -0.7797    0.2664
    0.4624   -0.5685   -0.6804
...    66 T-A ...
  -86.1489 -140.1168   14.5349
    0.2617   -0.6291    0.7319
   -0.8232   -0.5414   -0.1710
    0.5038   -0.5578   -0.6596
...    67 A-T ...
  -84.6604 -142.1367   12.2578
   -0.2940   -0.8319    0.4707
   -0.7990   -0.0564   -0.5987
    0.5246   -0.5521   -0.6481
...    68 T-A ...
  -82.4606 -143.9589   10.6930
   -0.6284   -0.7737    0.0811
   -0.5448    0.3633   -0.7558
    0.5553   -0.5191   -0.6497
...    69 A-T ...
  -80.5529 -145.4360    8.2356
   -0.7882   -0.3881   -0.4777
   -0.0155    0.7884   -0.6150
    0.6153   -0.4773   -0.6274
...    70 A-T ...
  -78.5545 -147.0866    6.3272
   -0.6363    0.1103   -0.7636
    0.4034    0.8912   -0.2074
    0.6576   -0.4399   -0.6115
...    71 C-G ...
  -76.6694 -149.1544    4.3491
   -0.3189    0.5769   -0.7520
    0.6619    0.7034    0.2590
    0.6784   -0.4151   -0.6061
...    72 G-C ...
  -74.2583 -150.0684    2.3884
   -0.0537    0.9202   -0.3878
    0.7174    0.3057    0.6260
    0.6946   -0.2446   -0.6766
...    73 G-C ...
  -72.1437 -150.5418   -0.0657
    0.2222    0.9724    0.0712
    0.6722   -0.2057    0.7112
    0.7062   -0.1102   -0.6993
...    74 A-T ...
  -69.8777 -150.5518   -2.3656
    0.4943    0.6934    0.5242
    0.4596   -0.7203    0.5195
    0.7379   -0.0158   -0.6748
...    75 C-G ...
  -67.5830 -149.8572   -4.6207
    0.6376    0.2475    0.7295
    0.1890   -0.9683    0.1634
    0.7468    0.0337   -0.6642
...    76 G-C ...
  -64.9233 -150.1076   -6.6026
    0.5620   -0.3389    0.7545
   -0.1265   -0.9367   -0.3265
    0.8174    0.0880   -0.5693
...    77 A-T ...
  -62.0183 -149.7492   -8.2801
    0.3728   -0.8104    0.4520
   -0.3772   -0.5774   -0.7241
    0.8478    0.0995   -0.5210
...    78 G-C ...
  -59.0672 -149.3826   -9.7266
    0.1173   -0.9928    0.0239
   -0.4880   -0.0785   -0.8693
    0.8649    0.0903   -0.4937
...    79 C-G ...
  -55.9047 -149.2438  -11.0506
   -0.1959   -0.8533   -0.4833
   -0.4510    0.5160   -0.7282
    0.8708    0.0753   -0.4859
...    80 T-A ...
  -52.9701 -149.1151  -12.5309
   -0.3891   -0.4564   -0.8002
   -0.2815    0.8860   -0.3685
    0.8771    0.0819   -0.4732
...    81 C-G ...
  -50.0184 -148.7825  -14.0710
   -0.4905    0.1455   -0.8592
   -0.0263    0.9830    0.1815
    0.8711    0.1116   -0.4783
...    82 G-C ...
  -47.1688 -147.6850  -15.3682
   -0.4935    0.6384   -0.5907
    0.2272    0.7502    0.6210
    0.8396    0.1723   -0.5152
...    83 G-C ...
  -44.3695 -147.2323  -17.0599
   -0.3764    0.9184   -0.1216
    0.4087    0.2825    0.8679
    0.8314    0.2770   -0.4816
...    84 G-C ...
  -41.7806 -146.2322  -18.9392
   -0.2238    0.8855    0.4072
    0.5587   -0.2257    0.7980
    0.7986    0.4061   -0.4442
...    85 A-T ...
  -39.3218 -144.7380  -20.4809
    0.0691    0.5731    0.8166
    0.6033   -0.6759    0.4233
    0.7945    0.4633   -0.3924
...    86 T-A ...
  -37.1216 -142.6784  -21.7924
    0.3239    0.1338    0.9366
    0.5034   -0.8626   -0.0508
    0.8011    0.4879   -0.3467
...    87 C-G ...
  -34.5300 -140.8512  -22.6753
    0.5165   -0.4052    0.7543
    0.2589   -0.7658   -0.5887
    0.8162    0.4994   -0.2906
...    88 C-G ...
  -31.7576 -139.1703  -23.2362
    0.5033   -0.7802    0.3714
    0.0015   -0.4290   -0.9033
    0.8641    0.4552   -0.2148
...    89 G-C ...
  -28.9070 -137.9443  -24.2857
    0.3453   -0.9235   -0.1673
   -0.2250    0.0916   -0.9701
    0.9111    0.3726   -0.1761
...    90 C-G ...
  -25.5908 -136.9501  -24.4777
    0.1520   -0.7041   -0.6936
   -0.3689    0.6107   -0.7007
    0.9169    0.3624   -0.1669
...    91 T-A ...
  -22.2604 -136.2136  -24.9967
   -0.0754   -0.2327   -0.9696
   -0.3591    0.9135   -0.1913
    0.9303    0.3337   -0.1525
...    92 T-A ...
  -19.1175 -135.5117  -25.4826
   -0.2235    0.3539   -0.9082
   -0.2731    0.8717    0.4068
    0.9357    0.3390   -0.0982
...    93 T-A ...
  -16.0053 -134.6492  -25.9096
   -0.3358    0.7854   -0.5199
   -0.1191    0.5121    0.8506
    0.9344    0.3475   -0.0784
...    94 A-T ...
  -12.9197 -133.3960  -25.9854
   -0.4505    0.8910    0.0569
    0.0941   -0.0160    0.9954
    0.8878    0.4538   -0.0766
...    95 A-T ...
  -10.2314 -131.8321  -26.3701
   -0.4161    0.7124    0.5652
    0.3177   -0.4685    0.8244
    0.8520    0.5225   -0.0314
...    96 C-G ...
   -7.8053 -129.6370  -26.8731
   -0.2545    0.3536    0.9001
    0.4892   -0.7558    0.4353
    0.8342    0.5511    0.0193
...    97 A-T ...
   -5.1948 -127.5803  -26.5667
   -0.0687   -0.1827    0.9808
    0.5975   -0.7948   -0.1061
    0.7989    0.5788    0.1638
...    98 C-G ...
   -2.9672 -125.2992  -25.5502
    0.2142   -0.5862    0.7813
    0.5802   -0.5671   -0.5846
    0.7858    0.5786    0.2186
...    99 T-A ...
   -0.5183 -123.0901  -24.0534
    0.4807   -0.8171    0.3182
    0.3941   -0.1229   -0.9108
    0.7833    0.5633    0.2630
...   100 T-A ...
    1.8962 -121.2821  -22.7913
    0.6693   -0.6972   -0.2568
    0.0454    0.3834   -0.9225
    0.7416    0.6057    0.2883
...   101 T-A ...
    4.2662 -119.4576  -21.4533
    0.6239   -0.3075   -0.7185
   -0.3596    0.7033   -0.6132
    0.6939    0.6409    0.3282
...   102 A-T ...
    6.3628 -116.9726  -20.3853
    0.2838    0.2376   -0.9290
   -0.6997    0.7138   -0.0312
    0.6557    0.6588    0.3688
...   103 T-A ...
    8.9888 -115.2736  -19.4272
   -0.0937    0.5287   -0.8436
   -0.7621    0.5071    0.4025
    0.6406    0.6807    0.3554
...   104 G-C ...
   11.2259 -112.9814  -18.5259
   -0.5972    0.6561   -0.4614
   -0.5322    0.1064    0.8399
    0.6001    0.7472    0.2856
...   105 C-G ...
   12.9837 -110.3197  -18.0716
   -0.8367    0.5472    0.0226
   -0.1533   -0.2737    0.9495
    0.5258    0.7910    0.3129
...   106 T-A ...
   14.6022 -107.3727  -17.4035
   -0.8152    0.2557    0.5197
    0.3431   -0.5099    0.7889
    0.4667    0.8214    0.3279
...   107 T-A ...
   15.8705 -104.6130  -16.4401
   -0.5406   -0.1312    0.8310
    0.7435   -0.5368    0.3989
    0.3937    0.8334    0.3878
...   108 C-G ...
   16.8234 -101.8427  -14.9828
   -0.0807   -0.4723    0.8778
    0.9334   -0.3448   -0.0997
    0.3497    0.8112    0.4686
...   109 C-G ...
   17.7262  -99.2250  -13.2144
    0.3677   -0.6647    0.6503
    0.8588   -0.0255   -0.5117
    0.3568    0.7466    0.5615
...   110 G-C ...
   19.1319  -97.1630  -11.4625
    0.7137   -0.6524    0.2550
    0.5863    0.3571   -0.7272
    0.3833    0.6685    0.6373
...   111 G-C ...
   20.7105  -95.4135   -9.0256
    0.9042   -0.3741   -0.2062
    0.1237    0.6913   -0.7119
    0.4089    0.6182    0.6713
...   112 C-G ...
   22.2878  -93.8528   -6.5041
    0.8162    0.0509   -0.5756
   -0.3846    0.7912   -0.4754
    0.4312    0.6094    0.6653
...   113 T-A ...
   23.7968  -91.9935   -4.2369
    0.4917    0.4595   -0.7396
   -0.7556    0.6473   -0.1001
    0.4328    0.6081    0.6655
...   114 C-G ...
   25.1726  -89.9418   -1.9876
   -0.0522    0.7408   -0.6697
   -0.9071    0.2454    0.3421
    0.4177    0.6253    0.6591
...   115 G-C ...
   26.0669  -87.8825    0.4561
   -0.5968    0.6919   -0.4064
   -0.7235   -0.2448    0.6455
    0.3471    0.6792    0.6467
...   116 T-A ...
   27.2653  -85.2281    1.9989
   -0.9078    0.4166   -0.0487
   -0.3048   -0.5753    0.7591
    0.2882    0.7039    0.6492
...   117 A-T ...
   28.0339  -82.3303    3.7238
   -0.9567   -0.0605    0.2848
    0.2474   -0.6849    0.6854
    0.1536    0.7261    0.6702
...   118 T-A ...
   28.1240  -79.5803    5.4101
   -0.7166   -0.3995    0.5717
    0.6835   -0.5652    0.4618
    0.1387    0.7218    0.6781
...   119 A-T ...
   28.4499  -77.3187    7.7697
   -0.2640   -0.7180    0.6440
    0.9629   -0.2344    0.1334
    0.0552    0.6554    0.7533
...   120 A-T ...
   28.2608  -75.2764   10.2690
    0.3092   -0.7568    0.5759
    0.9502    0.2203   -0.2206
    0.0401    0.6154    0.7872
...   121 T-A ...
   27.7813  -73.5750   13.0982
    0.7517   -0.5353    0.3852
    0.6590    0.5867   -0.4707
    0.0260    0.6076    0.7938
...   122 G-C ...
   27.8316  -71.7637   15.9812
    0.9918   -0.1277   -0.0039
    0.1012    0.8037   -0.5863
    0.0780    0.5811    0.8100
...   123 T-A ...
   28.1888  -70.3114   18.9040
    0.9117    0.2919   -0.2890
   -0.4037    0.7669   -0.4989
    0.0760    0.5716    0.8170
...   124 G-C ...
   28.5231  -68.4535   21.6394
    0.5082    0.6549   -0.5593
   -0.8528    0.4732   -0.2208
    0.1201    0.5892    0.7990
...   125 T-A ...
   29.3856  -66.7805   24.2643
   -0.0070    0.7865   -0.6175
   -0.9930    0.0675    0.0973
    0.1182    0.6139    0.7805
...   126 C-G ...
   29.8144  -64.8052   26.7045
   -0.5844    0.6803   -0.4424
   -0.8026   -0.4038    0.4392
    0.1201    0.6117    0.7819
...   127 G-C ...
   29.6920  -63.0069   29.4438
   -0.9120    0.2812   -0.2986
   -0.4087   -0.6836    0.6047
   -0.0341    0.6735    0.7384
...   128 A-T ...
   29.7269  -60.8887   31.7673
   -0.9807   -0.1745    0.0884
    0.1897   -0.7385    0.6471
   -0.0476    0.6513    0.7573
...   129 C-G ...
   29.2113  -58.2877   33.7210
   -0.7361   -0.5674    0.3690
    0.6701   -0.5342    0.5154
   -0.0953    0.6267    0.7734
...   130 C-G ...
   28.0870  -56.2646   36.2494
   -0.2849   -0.8354    0.4701
    0.9417   -0.1523    0.3002
   -0.1792    0.5282    0.8300
...   131 A-T ...
   27.8191  -54.9175   39.2881
    0.2769   -0.8664    0.4156
    0.9433    0.3275    0.0542
   -0.1831    0.3770    0.9079
...   132 A-T ...
   27.0823  -53.9125   42.3189
    0.7592   -0.5402    0.3630
    0.6234    0.7638   -0.1672
   -0.1870    0.3533    0.9166
...   133 A-T ...
   26.2556  -53.1116   45.3976
    0.9708    0.0292    0.2380
    0.0593    0.9325   -0.3564
   -0.2323    0.3601    0.9035
...   134 T-A ...
   25.6209  -52.5914   48.6400
    0.8597    0.5097    0.0340
   -0.4497    0.7866   -0.4231
   -0.2424    0.3485    0.9054
...   135 G-C ...
   25.2758  -52.5097   52.0791
    0.3204    0.9427   -0.0928
   -0.8825    0.2614   -0.3910
   -0.3443    0.2071    0.9157
...   136 T-A ...
   25.5258  -52.9788   55.8049
   -0.2439    0.9563   -0.1610
   -0.8908   -0.2866   -0.3525
   -0.3833    0.0575    0.9218
...   137 G-C ...
   24.8934  -52.7378   58.9865
   -0.7529    0.5562   -0.3519
   -0.5215   -0.8303   -0.1966
   -0.4015    0.0355    0.9152
...   138 A-T ...
   24.0144  -51.6375   61.9242
   -0.9563    0.0401   -0.2896
   -0.0524   -0.9980    0.0347
   -0.2876    0.0484    0.9565
...   139 G-C ...
   22.3467  -51.2412   64.4940
   -0.8529   -0.5118   -0.1033
    0.4974   -0.8566    0.1373
   -0.1587    0.0657    0.9851
...   140 C-G ...
   22.1504  -50.1499   67.4638
   -0.4681   -0.8748    0.1248
    0.8495   -0.4066    0.3362
   -0.2434    0.2634    0.9335
...   141 G-C ...
   21.4257  -51.8267   72.7876
    0.1303   -0.7143   -0.6876
    0.8897   -0.2218    0.3990
   -0.4375   -0.6638    0.6066
...   142 C-G ...
   20.4246  -54.3095   74.5418
    0.5846   -0.7390   -0.3348
    0.7594    0.3531    0.5465
   -0.2856   -0.5737    0.7676
...   143 T-A ...
   18.4272  -55.5291   76.5298
    0.8548   -0.5005    0.1370
    0.3188    0.7148    0.6224
   -0.4095   -0.4884    0.7706
...   144 C-G ...
   16.8372  -57.7223   78.2673
    0.8529   -0.0846    0.5151
   -0.1508    0.9048    0.3983
   -0.4998   -0.4174    0.7589
...   145 A-T ...
   15.7829  -59.5616   80.7981
    0.5516    0.4995    0.6680
   -0.6739    0.7388    0.0039
   -0.4916   -0.4523    0.7441
...   146 C-G ...
   15.7315  -61.4941   83.9316
    0.0344    0.7399    0.6718
   -0.8637    0.3602   -0.3526
   -0.5029   -0.5681    0.6514
...   147 A-T ...
   14.7384  -63.4280   86.8192
   -0.5924    0.6746    0.4405
   -0.6886   -0.1401   -0.7114
   -0.4182   -0.7248    0.5475
