  147 base-pairs
...     1 T-A ...
    0.0000    0.0000    0.0000
    1.0000    0.0000    0.0000
    0.0000    1.0000    0.0000
    0.0000    0.0000    1.0000
...     2 G-C ...
   -0.5555   -1.1003    3.3981
    0.7749    0.6051    0.1828
   -0.5991    0.7953   -0.0929
   -0.2016   -0.0375    0.9787
...     3 T-A ...
   -0.6619   -3.0237    6.5348
    0.3046    0.9250    0.2271
   -0.8994    0.3578   -0.2510
   -0.3134   -0.1278    0.9410
...     4 G-C ...
   -1.1607   -3.8418    9.6940
   -0.3351    0.9421    0.0133
   -0.8752   -0.3061   -0.3746
   -0.3489   -0.1372    0.9271
...     5 A-T ...
   -1.3881   -3.6770   12.8999
   -0.7835    0.6162   -0.0801
   -0.5677   -0.7622   -0.3109
   -0.2527   -0.1981    0.9470
...     6 G-C ...
   -2.6236   -3.5448   15.7072
   -0.9923    0.0611   -0.1075
   -0.0294   -0.9610   -0.2748
   -0.1201   -0.2695    0.9555
...     7 C-G ...
   -2.3138   -3.7570   18.8866
   -0.8620   -0.4995   -0.0864
    0.5008   -0.8655    0.0073
   -0.0785   -0.0370    0.9962
...     8 G-C ...
   -3.9561   -6.8109   23.3205
   -0.2581   -0.3560   -0.8981
    0.6294   -0.7673    0.1233
   -0.7330   -0.5335    0.4221
...     9 C-G ...
   -6.1177   -8.9414   24.2385
    0.1143   -0.7320   -0.6716
    0.8123   -0.3203    0.4874
   -0.5720   -0.6013    0.5580
...    10 T-A ...
   -8.5041   -9.6771   26.0540
    0.4660   -0.8587   -0.2131
    0.6274    0.1508    0.7640
   -0.6239   -0.4897    0.6090
...    11 C-G ...
  -11.0625  -11.3174   27.2336
    0.6660   -0.6911    0.2808
    0.3382    0.6152    0.7121
   -0.6649   -0.3794    0.6435
...    12 A-T ...
  -13.0013  -13.1789   29.0658
    0.7188   -0.1490    0.6790
   -0.1787    0.9043    0.3876
   -0.6718   -0.4000    0.6235
...    13 C-G ...
  -14.1788  -15.9359   31.3399
    0.4052    0.2865    0.8682
   -0.5270    0.8492   -0.0343
   -0.7470   -0.4437    0.4951
...    14 A-T ...
  -15.9532  -18.1566   33.3080
   -0.1503    0.6873    0.7107
   -0.6106    0.5008   -0.6135
   -0.7776   -0.5261    0.3444
...    15 A-T ...
  -18.3205  -19.9405   34.6374
   -0.4757    0.8462    0.2401
   -0.4059    0.0310   -0.9134
   -0.7804   -0.5319    0.3288
...    16 T-A ...
  -20.6630  -21.5100   36.3298
   -0.6073    0.7530   -0.2534
   -0.1074   -0.3938   -0.9129
   -0.7872   -0.5272    0.3200
...    17 T-A ...
  -23.2308  -23.0518   37.5619
   -0.5444    0.4173   -0.7276
    0.2534   -0.7451   -0.6170
   -0.7996   -0.5203    0.2999
...    18 T-A ...
  -25.9291  -24.5054   38.5994
   -0.2861   -0.0506   -0.9569
    0.5102   -0.8533   -0.1075
   -0.8111   -0.5189    0.2700
...    19 A-T ...
  -28.7865  -26.0988   39.2303
    0.1448   -0.4430   -0.8848
    0.5495   -0.7076    0.4442
   -0.8229   -0.5505    0.1410
...    20 T-A ...
  -31.7601  -27.4861   39.2016
    0.4139   -0.7267   -0.5483
    0.3955   -0.3990    0.8273
   -0.8199   -0.5593    0.1222
...    21 T-A ...
  -34.4836  -29.2427   39.3064
    0.5703   -0.8214    0.0095
    0.0840    0.0698    0.9940
   -0.8172   -0.5660    0.1088
...    22 C-G ...
  -37.0624  -31.2425   39.5594
    0.5328   -0.6120    0.5844
   -0.2852    0.5203    0.8050
   -0.7967   -0.5956    0.1026
...    23 G-C ...
  -39.7637  -33.0692   40.2934
    0.3470   -0.1655    0.9231
   -0.5702    0.7443    0.3478
   -0.7446   -0.6470    0.1639
...    24 C-G ...
  -41.9315  -35.5173   40.8675
   -0.0005    0.2869    0.9580
   -0.6768    0.7051   -0.2115
   -0.7361   -0.6485    0.1938
...    25 A-T ...
  -44.5458  -37.4849   41.4297
   -0.3372    0.6842    0.6467
   -0.5670    0.4009   -0.7196
   -0.7516   -0.6093    0.2527
...    26 A-T ...
  -46.8486  -39.5203   42.4941
   -0.6133    0.7800    0.1244
   -0.2618   -0.0521   -0.9637
   -0.7452   -0.6236    0.2362
...    27 A-T ...
  -49.2464  -41.4571   43.5178
   -0.6553    0.6115   -0.4435
    0.1422   -0.4768   -0.8674
   -0.7419   -0.6315    0.2254
...    28 G-C ...
  -51.8438  -43.2914   44.4284
   -0.4263    0.3224   -0.8452
    0.4654   -0.7230   -0.5106
   -0.7757   -0.6110    0.1582
...    29 G-C ...
  -54.6928  -45.0310   44.9395
   -0.0299   -0.0468   -0.9985
    0.6077   -0.7939    0.0191
   -0.7936   -0.6062    0.0522
...    30 C-G ...
  -57.5574  -46.6654   44.8744
    0.3522   -0.4231   -0.8349
    0.5168   -0.6558    0.5503
   -0.7803   -0.6252   -0.0123
...    31 C-G ...
  -60.2348  -48.6611   44.3862
    0.6518   -0.6377   -0.4104
    0.2231   -0.3560    0.9075
   -0.7248   -0.6831   -0.0898
...    32 G-C ...
  -62.4170  -51.1902   44.2889
    0.7515   -0.6385    0.1657
   -0.2124    0.0036    0.9772
   -0.6246   -0.7696   -0.1329
...    33 G-C ...
  -64.1815  -53.9827   43.5953
    0.5658   -0.4726    0.6756
   -0.6121    0.3083    0.7282
   -0.5524   -0.8256   -0.1148
...    34 C-G ...
  -65.6044  -56.9392   43.1016
    0.1557   -0.2011    0.9671
   -0.8372    0.4927    0.2373
   -0.5243   -0.8466   -0.0917
...    35 C-G ...
  -67.1185  -59.9533   43.0117
   -0.3013    0.1492    0.9418
   -0.8024    0.4939   -0.3349
   -0.5151   -0.8566   -0.0291
...    36 C-G ...
  -68.7260  -62.9163   43.2061
   -0.6649    0.4420    0.6021
   -0.5145    0.3135   -0.7982
   -0.5415   -0.8405    0.0190
...    37 G-C ...
  -70.7152  -65.5890   42.8677
   -0.7937    0.6068    0.0423
   -0.0508    0.0032   -0.9987
   -0.6062   -0.7948    0.0283
...    38 A-T ...
  -72.6737  -68.2143   43.0651
   -0.6548    0.5137   -0.5543
    0.4343   -0.3445   -0.8323
   -0.6186   -0.7857    0.0025
...    39 C-G ...
  -75.0732  -70.4602   43.4490
   -0.3107    0.2875   -0.9060
    0.7143   -0.5581   -0.4221
   -0.6270   -0.7784   -0.0319
...    40 A-T ...
  -77.1205  -73.0916   43.2549
    0.2191    0.0293   -0.9753
    0.7545   -0.6389    0.1503
   -0.6187   -0.7688   -0.1621
...    41 C-G ...
  -79.5207  -75.1714   42.4207
    0.6088   -0.2589   -0.7499
    0.5282   -0.5729    0.6267
   -0.5919   -0.7777   -0.2120
...    42 G-C ...
  -81.2108  -77.9726   41.7456
    0.8795   -0.4022   -0.2543
    0.0899   -0.3844    0.9188
   -0.4673   -0.8310   -0.3020
...    43 A-T ...
  -82.5905  -80.7102   40.6259
    0.7942   -0.5043    0.3391
   -0.4487   -0.1102    0.8869
   -0.4099   -0.8565   -0.3137
...    44 C-G ...
  -83.4281  -83.5369   39.1367
    0.4593   -0.4606    0.7595
   -0.8078    0.1390    0.5728
   -0.3694   -0.8767   -0.3082
...    45 T-A ...
  -84.2573  -86.5775   38.1249
   -0.0212   -0.2793    0.9600
   -0.9453    0.3181    0.0717
   -0.3254   -0.9060   -0.2708
...    46 T-A ...
  -84.9980  -89.6306   37.2639
   -0.5757   -0.0811    0.8136
   -0.7603    0.4192   -0.4962
   -0.3008   -0.9043   -0.3030
...    47 A-T ...
  -86.2214  -92.4363   35.8068
   -0.9462    0.1538    0.2847
   -0.2065    0.3902   -0.8973
   -0.2491   -0.9078   -0.3374
...    48 C-G ...
  -87.0991  -95.6159   35.2850
   -0.9115    0.3412   -0.2297
    0.3254    0.2566   -0.9101
   -0.2516   -0.9043   -0.3449
...    49 T-A ...
  -88.1862  -98.6126   34.3490
   -0.5895    0.4691   -0.6576
    0.7600    0.0463   -0.6483
   -0.2737   -0.8819   -0.3838
...    50 G-C ...
  -89.0507 -101.4839   32.9010
   -0.0355    0.5159   -0.8559
    0.9600   -0.2203   -0.1726
   -0.2776   -0.8278   -0.4875
...    51 T-A ...
  -90.5195 -103.9162   31.2403
    0.4754    0.3779   -0.7945
    0.8452   -0.4468    0.2932
   -0.2442   -0.8109   -0.5319
...    52 A-T ...
  -91.4231 -106.3228   29.1097
    0.8786    0.2302   -0.4184
    0.4655   -0.6085    0.6427
   -0.1067   -0.7595   -0.6418
...    53 G-C ...
  -91.7139 -108.5588   26.7143
    0.9990   -0.0302    0.0343
   -0.0457   -0.6620    0.7481
    0.0001   -0.7489   -0.6627
...    54 G-C ...
  -91.2585 -110.8265   24.2658
    0.8193   -0.2904    0.4944
   -0.5595   -0.5933    0.5788
    0.1252   -0.7508   -0.6485
...    55 T-A ...
  -90.2916 -112.9603   21.9594
    0.4091   -0.5274    0.7446
   -0.8969   -0.3828    0.2216
    0.1682   -0.7585   -0.6296
...    56 A-T ...
  -89.9240 -115.5956   19.9357
   -0.2184   -0.6478    0.7298
   -0.9548   -0.0128   -0.2970
    0.2017   -0.7617   -0.6158
...    57 T-A ...
  -88.6404 -118.1550   18.2692
   -0.6693   -0.5850    0.4581
   -0.7085    0.3170   -0.6305
    0.2236   -0.7466   -0.6266
...    58 C-G ...
  -87.8841 -120.7010   16.3243
   -0.9568   -0.2904   -0.0141
   -0.1708    0.6007   -0.7811
    0.2353   -0.7449   -0.6243
...    59 T-A ...
  -87.2182 -123.3840   14.4775
   -0.9070    0.0900   -0.4114
    0.3615    0.6676   -0.6508
    0.2161   -0.7390   -0.6381
...    60 C-G ...
  -86.5186 -125.8902   12.4669
   -0.5255    0.4820   -0.7011
    0.8208    0.5043   -0.2685
    0.2242   -0.7165   -0.6605
...    61 G-C ...
  -85.3925 -128.1557   10.2906
   -0.0266    0.7711   -0.6361
    0.9684    0.1778    0.1750
    0.2481   -0.6113   -0.7515
...    62 A-T ...
  -84.6769 -130.1600    7.8384
    0.5052    0.7813   -0.3666
    0.8114   -0.2853    0.5101
    0.2939   -0.5552   -0.7781
...    63 G-C ...
  -83.8428 -131.7048    5.0650
    0.8042    0.5935    0.0310
    0.4522   -0.6449    0.6162
    0.3857   -0.4815   -0.7870
...    64 C-G ...
  -82.5618 -132.7700    2.2472
    0.8862    0.2069    0.4146
   -0.0217   -0.8753    0.4831
    0.4629   -0.4371   -0.7712
...    65 T-A ...
  -80.7730 -133.8123   -0.3012
    0.7065   -0.2265    0.6705
   -0.4354   -0.8860    0.1595
    0.5580   -0.4046   -0.7245
...    66 C-G ...
  -78.7080 -135.1077   -2.4616
    0.3085   -0.6800    0.6652
   -0.7314   -0.6167   -0.2912
    0.6082   -0.3967   -0.6876
...    67 T-A ...
  -76.3705 -136.3631   -4.4336
   -0.1404   -0.8890    0.4359
   -0.7491   -0.1925   -0.6339
    0.6474   -0.4156   -0.6389
...    68 C-G ...
  -74.1814 -137.8555   -6.3796
   -0.5474   -0.8362   -0.0333
   -0.5065    0.3627   -0.7823
    0.6662   -0.4114   -0.6220
...    69 A-T ...
  -72.1041 -139.0169   -8.6724
   -0.7602   -0.4530   -0.4657
   -0.0845    0.7797   -0.6205
    0.6442   -0.4324   -0.6310
...    70 T-A ...
  -70.0523 -141.0064  -10.3612
   -0.6765   -0.0026   -0.7365
    0.3034    0.9102   -0.2818
    0.6711   -0.4141   -0.6150
...    71 G-C ...
  -67.7597 -142.1616  -12.4568
   -0.4450    0.5454   -0.7103
    0.6202    0.7598    0.1949
    0.6460   -0.3539   -0.6764
...    72 T-A ...
  -66.0994 -143.6496  -14.8912
   -0.0966    0.8735   -0.4772
    0.7463    0.3808    0.5460
    0.6586   -0.3034   -0.6886
...    73 T-A ...
  -64.1402 -144.6221  -17.2618
    0.2885    0.9555   -0.0615
    0.6721   -0.1564    0.7238
    0.6819   -0.2501   -0.6873
...    74 A-T ...
  -62.0735 -144.9093  -19.8847
    0.4170    0.7873    0.4542
    0.4768   -0.6149    0.6281
    0.7738   -0.0454   -0.6318
...    75 T-A ...
  -59.8133 -144.4610  -22.1776
    0.5560    0.3922    0.7329
    0.2295   -0.9199    0.3181
    0.7989   -0.0087   -0.6014
...    76 A-T ...
  -57.0036 -143.9742  -23.9027
    0.4476   -0.1433    0.8827
   -0.0244   -0.9887   -0.1481
    0.8939    0.0448   -0.4460
...    77 A-T ...
  -54.0357 -143.5726  -25.1308
    0.3488   -0.6705    0.6548
   -0.2381   -0.7392   -0.6300
    0.9064    0.0638   -0.4175
...    78 C-G ...
  -50.8402 -143.0606  -25.8997
    0.1673   -0.9574    0.2355
   -0.3515   -0.2811   -0.8930
    0.9211    0.0666   -0.3836
...    79 G-C ...
  -47.9299 -143.0996  -27.5349
   -0.0970   -0.9494   -0.2987
   -0.3298    0.3138   -0.8903
    0.9390    0.0122   -0.3436
...    80 G-C ...
  -44.6926 -143.2455  -28.4889
   -0.2912   -0.6179   -0.7303
   -0.2117    0.7861   -0.5807
    0.9329   -0.0145   -0.3597
...    81 A-T ...
  -41.5655 -143.3268  -29.5122
   -0.3562   -0.0288   -0.9340
   -0.0211    0.9995   -0.0228
    0.9342    0.0116   -0.3566
...    82 G-C ...
  -38.5010 -143.5514  -30.7424
   -0.3634    0.4994   -0.7865
    0.1381    0.8637    0.4847
    0.9213    0.0675   -0.3828
...    83 G-C ...
  -35.4331 -143.5732  -32.1397
   -0.3296    0.8706   -0.3652
    0.2886    0.4612    0.8390
    0.8989    0.1712   -0.4033
...    84 G-C ...
  -32.5551 -143.0397  -33.7940
   -0.2458    0.9529    0.1775
    0.4153   -0.0619    0.9076
    0.8758    0.2968   -0.3805
...    85 A-T ...
  -29.7859 -141.9678  -35.0755
   -0.0521    0.7247    0.6870
    0.4943   -0.5791    0.6483
    0.8677    0.3734   -0.3281
...    86 T-A ...
  -27.3573 -140.2241  -36.3548
    0.1512    0.3343    0.9303
    0.4732   -0.8507    0.2288
    0.8679    0.4057   -0.2868
...    87 C-G ...
  -24.5562 -138.7312  -37.0118
    0.3345   -0.2298    0.9139
    0.3512   -0.8696   -0.3472
    0.8745    0.4371   -0.2102
...    88 C-G ...
  -21.5954 -137.1195  -37.1250
    0.3976   -0.6910    0.6037
    0.1867   -0.5833   -0.7905
    0.8984    0.4270   -0.1029
...    89 G-C ...
  -18.4350 -136.1395  -37.5750
    0.3738   -0.9252    0.0657
    0.0146   -0.0649   -0.9978
    0.9274    0.3739   -0.0107
...    90 C-G ...
  -15.2913 -135.0964  -37.2149
    0.3135   -0.8105   -0.4948
   -0.1695    0.4650   -0.8689
    0.9343    0.3563    0.0084
...    91 T-A ...
  -12.1006 -134.1847  -36.9866
    0.1668   -0.4386   -0.8830
   -0.3024    0.8297   -0.4693
    0.9385    0.3453    0.0058
...    92 T-A ...
   -8.9590 -133.3259  -36.7681
    0.0080    0.1429   -0.9897
   -0.3720    0.9191    0.1298
    0.9282    0.3671    0.0605
...    93 T-A ...
   -5.8471 -132.3951  -36.5870
   -0.1918    0.6506   -0.7348
   -0.3392    0.6587    0.6717
    0.9210    0.3781    0.0943
...    94 A-T ...
   -2.8209 -131.0584  -36.2351
   -0.4364    0.8721   -0.2214
   -0.1759    0.1586    0.9715
    0.8824    0.4629    0.0842
...    95 A-T ...
   -0.0085 -129.4781  -36.1731
   -0.5065    0.7893    0.3472
    0.0921   -0.3509    0.9319
    0.8573    0.5039    0.1050
...    96 C-G ...
    2.5373 -127.4457  -36.2924
   -0.4504    0.4639    0.7629
    0.3508   -0.6937    0.6290
    0.8210    0.5509    0.1497
...    97 A-T ...
    5.1380 -125.4517  -35.5958
   -0.3159   -0.0725    0.9460
    0.5889   -0.7968    0.1355
    0.7439    0.5999    0.2944
...    98 C-G ...
    7.0487 -123.0385  -34.4448
   -0.0060   -0.5006    0.8656
    0.6971   -0.6228   -0.3553
    0.7170    0.6013    0.3527
...    99 T-A ...
    9.1326 -120.9880  -32.9002
    0.3180   -0.7864    0.5297
    0.6428   -0.2318   -0.7301
    0.6969    0.5726    0.4317
...   100 T-A ...
   11.1848 -119.1067  -31.2144
    0.6523   -0.7573    0.0298
    0.3539    0.2696   -0.8956
    0.6702    0.5948    0.4438
...   101 T-A ...
   13.2320 -117.2838  -29.4440
    0.7725   -0.4273   -0.4696
   -0.0918    0.6567   -0.7486
    0.6283    0.6214    0.4681
...   102 A-T ...
   15.0021 -114.7188  -28.0869
    0.5718    0.1479   -0.8070
   -0.5910    0.7565   -0.2801
    0.5690    0.6371    0.5200
...   103 T-A ...
   17.3134 -113.1387  -26.3175
    0.2001    0.5272   -0.8258
   -0.8103    0.5629    0.1630
    0.5509    0.6365    0.5398
...   104 G-C ...
   18.9263 -110.8709  -24.5025
   -0.3449    0.6891   -0.6373
   -0.7855    0.1598    0.5979
    0.5138    0.7068    0.4862
...   105 C-G ...
   20.8932 -108.5568  -23.2121
   -0.7448    0.6195   -0.2478
   -0.4831   -0.2444    0.8408
    0.4603    0.7459    0.4814
...   106 T-A ...
   22.3308 -105.8841  -21.9272
   -0.9276    0.3326    0.1699
   -0.0290   -0.5177    0.8551
    0.3724    0.7883    0.4899
...   107 T-A ...
   23.4017 -103.1916  -20.5087
   -0.8101   -0.0481    0.5843
    0.4885   -0.6066    0.6272
    0.3243    0.7935    0.5150
...   108 C-G ...
   24.2132 -100.5776  -18.7544
   -0.4079   -0.4367    0.8018
    0.8730   -0.4437    0.2024
    0.2674    0.7825    0.5623
...   109 C-G ...
   24.6259  -98.0138  -16.5961
    0.0939   -0.6783    0.7287
    0.9708   -0.1000   -0.2182
    0.2209    0.7279    0.6491
...   110 G-C ...
   25.7046  -95.8381  -14.2978
    0.5925   -0.6877    0.4196
    0.7755    0.3459   -0.5282
    0.2181    0.6383    0.7382
...   111 G-C ...
   26.3765  -94.0292  -11.5171
    0.9056   -0.4236    0.0208
    0.3387    0.6928   -0.6367
    0.2553    0.5836    0.7709
...   112 C-G ...
   27.2552  -92.4482   -8.7198
    0.9373    0.0191   -0.3480
   -0.2132    0.8212   -0.5293
    0.2756    0.5703    0.7738
...   113 T-A ...
   28.3772  -90.8038   -6.0566
    0.6700    0.4412   -0.5971
   -0.6792    0.6890   -0.2529
    0.2998    0.5749    0.7613
...   114 C-G ...
   29.4281  -88.9765   -3.5279
    0.1303    0.7574   -0.6399
   -0.9480    0.2841    0.1432
    0.2903    0.5880    0.7550
...   115 G-C ...
   29.9496  -86.9995   -0.8745
   -0.4508    0.7190   -0.5290
   -0.8614   -0.1951    0.4689
    0.2340    0.6671    0.7073
...   116 T-A ...
   31.1033  -84.5649    1.0384
   -0.8412    0.4847   -0.2395
   -0.5049   -0.5461    0.6685
    0.1932    0.6832    0.7042
...   117 A-T ...
   31.5907  -82.1546    3.2796
   -0.9961    0.0127    0.0869
    0.0523   -0.7088    0.7034
    0.0705    0.7053    0.7054
...   118 T-A ...
   31.5530  -79.4410    5.1086
   -0.8409   -0.3613    0.4030
    0.5395   -0.6183    0.5715
    0.0427    0.6980    0.7148
...   119 A-T ...
   31.2996  -77.1299    7.4982
   -0.4103   -0.7309    0.5454
    0.9101   -0.2902    0.2958
   -0.0579    0.6177    0.7842
...   120 A-T ...
   30.8099  -75.1810   10.0371
    0.1692   -0.7815    0.6005
    0.9828    0.1795   -0.0433
   -0.0739    0.5975    0.7985
...   121 T-A ...
   29.9374  -73.5357   12.7489
    0.6400   -0.5895    0.4929
    0.7643    0.5547   -0.3289
   -0.0795    0.5872    0.8055
...   122 G-C ...
   29.9630  -71.5935   15.4469
    0.9650   -0.2140    0.1514
    0.2618    0.8174   -0.5132
   -0.0139    0.5349    0.8448
...   123 T-A ...
   29.9326  -70.3902   18.5487
    0.9590    0.2405   -0.1502
   -0.2835    0.8133   -0.5080
   -0.0000    0.5298    0.8481
...   124 G-C ...
   29.9139  -68.3758   21.1874
    0.6165    0.6329   -0.4684
   -0.7854    0.5366   -0.3085
    0.0561    0.5580    0.8279
...   125 T-A ...
   30.6675  -66.7615   24.0019
    0.1108    0.8133   -0.5713
   -0.9925    0.1208   -0.0205
    0.0523    0.5692    0.8205
...   126 C-G ...
   30.9317  -64.8726   26.6755
   -0.4969    0.7144   -0.4926
   -0.8671   -0.3858    0.3151
    0.0351    0.5837    0.8112
...   127 G-C ...
   30.7139  -63.1249   29.5176
   -0.8921    0.3104   -0.3285
   -0.4467   -0.7156    0.5370
   -0.0684    0.6258    0.7770
...   128 A-T ...
   30.5032  -61.0058   31.9932
   -0.9812   -0.1928    0.0030
    0.1521   -0.7639    0.6271
   -0.1186    0.6158    0.7789
...   129 C-G ...
   29.7876  -58.6078   34.1313
   -0.7569   -0.5872    0.2868
    0.6332   -0.5503    0.5443
   -0.1617    0.5936    0.7884
...   130 C-G ...
   28.8069  -56.5991   36.6627
   -0.2859   -0.8498    0.4429
    0.9322   -0.1397    0.3338
   -0.2218    0.5083    0.8321
...   131 A-T ...
   28.0486  -55.0540   39.5239
    0.3020   -0.8428    0.4454
    0.9244    0.3732    0.0793
   -0.2330    0.3878    0.8918
...   132 A-T ...
   27.0890  -54.0199   42.4414
    0.7715   -0.4931    0.4020
    0.5920    0.7879   -0.1695
   -0.2332    0.3687    0.8998
...   133 A-T ...
   26.2568  -53.1127   45.4447
    0.9701    0.0401    0.2392
    0.0492    0.9332   -0.3559
   -0.2375    0.3571    0.9034
...   134 T-A ...
   25.6208  -52.5914   48.6401
    0.8597    0.5097    0.0340
   -0.4497    0.7866   -0.4231
   -0.2424    0.3485    0.9054
...   135 G-C ...
   25.2757  -52.5097   52.0792
    0.3204    0.9427   -0.0928
   -0.8825    0.2614   -0.3910
   -0.3443    0.2071    0.9157
...   136 T-A ...
   25.5257  -52.9788   55.8050
   -0.2439    0.9563   -0.1610
   -0.8908   -0.2866   -0.3525
   -0.3833    0.0575    0.9218
...   137 G-C ...
   24.8933  -52.7378   58.9866
   -0.7529    0.5562   -0.3519
   -0.5215   -0.8303   -0.1966
   -0.4015    0.0355    0.9152
...   138 A-T ...
   24.0143  -51.6375   61.9243
   -0.9563    0.0401   -0.2896
   -0.0524   -0.9980    0.0347
   -0.2876    0.0484    0.9565
...   139 G-C ...
   22.3467  -51.2412   64.4941
   -0.8529   -0.5118   -0.1033
    0.4974   -0.8566    0.1373
   -0.1587    0.0657    0.9851
...   140 C-G ...
   22.1503  -50.1499   67.4639
   -0.4681   -0.8748    0.1248
    0.8495   -0.4066    0.3362
   -0.2434    0.2634    0.9335
...   141 G-C ...
   21.4256  -51.8267   72.7877
    0.1303   -0.7143   -0.6876
    0.8897   -0.2218    0.3990
   -0.4375   -0.6638    0.6066
...   142 C-G ...
   20.4245  -54.3095   74.5419
    0.5846   -0.7390   -0.3348
    0.7594    0.3532    0.5465
   -0.2856   -0.5737    0.7676
...   143 T-A ...
   18.4271  -55.5291   76.5300
    0.8548   -0.5005    0.1370
    0.3188    0.7148    0.6224
   -0.4095   -0.4884    0.7706
...   144 C-G ...
   16.8371  -57.7223   78.2675
    0.8529   -0.0846    0.5151
   -0.1508    0.9048    0.3983
   -0.4998   -0.4174    0.7589
...   145 A-T ...
   15.7829  -59.5616   80.7982
    0.5516    0.4995    0.6680
   -0.6739    0.7388    0.0039
   -0.4916   -0.4523    0.7441
...   146 C-G ...
   15.7314  -61.4941   83.9317
    0.0344    0.7399    0.6718
   -0.8637    0.3602   -0.3526
   -0.5029   -0.5681    0.6514
...   147 A-T ...
   14.7384  -63.4280   86.8193
   -0.5924    0.6746    0.4405
   -0.6886   -0.1401   -0.7114
   -0.4182   -0.7248    0.5475
