  147 base-pairs
...     1 T-A ...
    0.0000    0.0000    0.0000
    1.0000    0.0000    0.0000
    0.0000    1.0000    0.0000
    0.0000    0.0000    1.0000
...     2 G-C ...
   -0.5555   -1.1003    3.3981
    0.7749    0.6051    0.1828
   -0.5991    0.7953   -0.0929
   -0.2016   -0.0375    0.9787
...     3 T-A ...
   -0.6619   -3.0237    6.5348
    0.3046    0.9250    0.2271
   -0.8994    0.3578   -0.2510
   -0.3134   -0.1278    0.9410
...     4 G-C ...
   -1.1607   -3.8418    9.6940
   -0.3351    0.9421    0.0133
   -0.8752   -0.3061   -0.3746
   -0.3489   -0.1372    0.9271
...     5 A-T ...
   -1.3881   -3.6770   12.8999
   -0.7835    0.6162   -0.0801
   -0.5677   -0.7622   -0.3109
   -0.2527   -0.1981    0.9470
...     6 G-C ...
   -2.6236   -3.5448   15.7072
   -0.9923    0.0611   -0.1075
   -0.0294   -0.9610   -0.2748
   -0.1201   -0.2695    0.9555
...     7 C-G ...
   -2.3138   -3.7570   18.8866
   -0.8620   -0.4995   -0.0864
    0.5008   -0.8655    0.0073
   -0.0785   -0.0370    0.9962
...     8 G-C ...
   -3.9561   -6.8109   23.3205
   -0.2581   -0.3560   -0.8981
    0.6294   -0.7673    0.1233
   -0.7330   -0.5335    0.4221
...     9 C-G ...
   -6.1177   -8.9414   24.2385
    0.1143   -0.7320   -0.6716
    0.8123   -0.3203    0.4874
   -0.5720   -0.6013    0.5580
...    10 T-A ...
   -8.5041   -9.6771   26.0540
    0.4660   -0.8587   -0.2131
    0.6274    0.1508    0.7640
   -0.6239   -0.4897    0.6090
...    11 C-G ...
  -11.0625  -11.3174   27.2336
    0.6660   -0.6911    0.2808
    0.3382    0.6152    0.7121
   -0.6649   -0.3794    0.6435
...    12 A-T ...
  -13.0013  -13.1789   29.0658
    0.7188   -0.1490    0.6790
   -0.1787    0.9043    0.3876
   -0.6718   -0.4000    0.6235
...    13 C-G ...
  -14.1788  -15.9359   31.3399
    0.4052    0.2865    0.8682
   -0.5270    0.8492   -0.0343
   -0.7470   -0.4437    0.4951
...    14 A-T ...
  -15.9532  -18.1566   33.3080
   -0.1503    0.6873    0.7107
   -0.6106    0.5008   -0.6135
   -0.7776   -0.5261    0.3444
...    15 A-T ...
  -18.4027  -19.9418   34.4478
   -0.4556    0.8621    0.2217
   -0.3975    0.0259   -0.9173
   -0.7965   -0.5061    0.3309
...    16 T-A ...
  -20.8087  -21.5096   36.2458
   -0.6241    0.7231   -0.2959
   -0.0751   -0.4325   -0.8985
   -0.7777   -0.5386    0.3242
...    17 T-A ...
  -23.3683  -23.0532   37.6289
   -0.5691    0.3175   -0.7585
    0.3159   -0.7673   -0.5581
   -0.7592   -0.5572    0.3364
...    18 T-A ...
  -25.9363  -24.6859   38.7186
   -0.2616   -0.1348   -0.9557
    0.5706   -0.8202   -0.0405
   -0.7784   -0.5559    0.2915
...    19 A-T ...
  -28.4967  -26.6456   39.5016
    0.1739   -0.5100   -0.8424
    0.5966   -0.6260    0.5022
   -0.7835   -0.5899    0.1954
...    20 T-A ...
  -31.4306  -28.1862   39.6528
    0.4534   -0.7604   -0.4650
    0.4209   -0.2772    0.8637
   -0.7856   -0.5873    0.1944
...    21 T-A ...
  -34.0796  -30.0785   39.9763
    0.6066   -0.7870    0.1127
    0.0722    0.1957    0.9780
   -0.7917   -0.5852    0.1755
...    22 C-G ...
  -36.6306  -32.0740   40.5195
    0.5547   -0.5099    0.6575
   -0.3109    0.6060    0.7322
   -0.7718   -0.6106    0.1776
...    23 G-C ...
  -39.2911  -33.7795   41.6809
    0.3851   -0.0075    0.9229
   -0.6031    0.7549    0.2578
   -0.6986   -0.6558    0.2862
...    24 C-G ...
  -41.3042  -36.1985   42.5909
    0.0503    0.4242    0.9042
   -0.7142    0.6481   -0.2644
   -0.6982   -0.6324    0.3356
...    25 A-T ...
  -43.9567  -38.0364   43.3743
   -0.3374    0.7531    0.5648
   -0.6089    0.2829   -0.7411
   -0.7179   -0.5940    0.3631
...    26 A-T ...
  -46.2393  -39.9512   44.7590
   -0.6269    0.7778    0.0441
   -0.3060   -0.1938   -0.9321
   -0.7164   -0.5979    0.3595
...    27 A-T ...
  -48.4719  -41.7935   46.2629
   -0.6998    0.5129   -0.4972
    0.1277   -0.5950   -0.7935
   -0.7028   -0.6188    0.3509
...    28 G-C ...
  -51.0586  -43.4548   47.6640
   -0.4793    0.1579   -0.8634
    0.4656   -0.7881   -0.4026
   -0.7440   -0.5949    0.3042
...    29 G-C ...
  -53.9136  -45.1747   48.5907
   -0.0658   -0.2521   -0.9655
    0.6434   -0.7503    0.1521
   -0.7627   -0.6112    0.2116
...    30 C-G ...
  -56.6844  -46.8951   48.9534
    0.3460   -0.5761   -0.7405
    0.5587   -0.5076    0.6559
   -0.7538   -0.6407    0.1462
...    31 C-G ...
  -59.3709  -48.8787   49.2022
    0.6589   -0.7013   -0.2721
    0.2581   -0.1290    0.9575
   -0.7066   -0.7011    0.0960
...    32 G-C ...
  -61.3270  -51.1910   49.7142
    0.7729   -0.5880    0.2385
   -0.1445    0.2029    0.9685
   -0.6178   -0.7830    0.0719
...    33 G-C ...
  -62.9152  -54.1527   49.9089
    0.6010   -0.3343    0.7260
   -0.5755    0.4493    0.6833
   -0.5546   -0.8285    0.0776
...    34 C-G ...
  -64.3570  -57.0853   50.1342
    0.2009   -0.0004    0.9796
   -0.8274    0.5354    0.1699
   -0.5245   -0.8446    0.1073
...    35 C-G ...
  -65.8506  -60.0554   50.8789
   -0.2875    0.3230    0.9017
   -0.8144    0.4130   -0.4076
   -0.5040   -0.8516    0.1443
...    36 C-G ...
  -67.4289  -62.9248   51.6599
   -0.6761    0.5263    0.5157
   -0.5338    0.1327   -0.8351
   -0.5080   -0.8399    0.1912
...    37 G-C ...
  -69.3179  -65.8119   51.2692
   -0.8282    0.5573   -0.0595
   -0.0475   -0.1755   -0.9833
   -0.5585   -0.8115    0.1718
...    38 A-T ...
  -70.9483  -68.4458   51.8767
   -0.6957    0.3574   -0.6231
    0.4616   -0.4422   -0.7690
   -0.5503   -0.8227    0.1427
...    39 C-G ...
  -73.1198  -70.7461   52.4340
   -0.3284    0.1222   -0.9366
    0.7532   -0.5646   -0.3377
   -0.5700   -0.8163    0.0934
...    40 A-T ...
  -75.1338  -73.4050   52.6145
    0.2121   -0.1283   -0.9688
    0.8007   -0.5456    0.2476
   -0.5603   -0.8282   -0.0129
...    41 C-G ...
  -77.1832  -75.8952   52.0626
    0.6277   -0.3251   -0.7073
    0.5759   -0.4174    0.7029
   -0.5237   -0.8486   -0.0748
...    42 G-C ...
  -78.6044  -78.9148   52.1234
    0.8924   -0.4191   -0.1671
    0.0892   -0.1992    0.9759
   -0.4423   -0.8858   -0.1404
...    43 A-T ...
  -80.0215  -81.7065   51.6115
    0.7809   -0.4477    0.4357
   -0.4494    0.0819    0.8896
   -0.4339   -0.8904   -0.1373
...    44 C-G ...
  -81.0039  -84.6987   50.6124
    0.4481   -0.2911    0.8453
   -0.8073    0.2745    0.5224
   -0.3841   -0.9165   -0.1120
...    45 T-A ...
  -81.6506  -88.2371   50.1529
   -0.0788   -0.0693    0.9945
   -0.9279    0.3698   -0.0478
   -0.3645   -0.9265   -0.0935
...    46 T-A ...
  -82.4259  -91.3826   49.8277
   -0.5567    0.1023    0.8244
   -0.7524    0.3586   -0.5525
   -0.3522   -0.9279   -0.1227
...    47 A-T ...
  -83.8061  -94.3818   49.0713
   -0.9206    0.2816    0.2704
   -0.2135    0.2167   -0.9526
   -0.3269   -0.9347   -0.1394
...    48 C-G ...
  -84.9419  -97.5338   49.2859
   -0.8914    0.3572   -0.2791
    0.3118    0.0364   -0.9494
   -0.3290   -0.9333   -0.1439
...    49 T-A ...
  -86.3863 -100.5846   49.0841
   -0.5592    0.3899   -0.7316
    0.7387   -0.1663   -0.6532
   -0.3763   -0.9057   -0.1951
...    50 G-C ...
  -87.7250 -103.5417   48.1710
   -0.0022    0.3489   -0.9372
    0.9275   -0.3495   -0.1323
   -0.3737   -0.8696   -0.3228
...    51 T-A ...
  -89.4002 -106.0348   47.0425
    0.4716    0.2025   -0.8583
    0.8139   -0.4746    0.3352
   -0.3395   -0.8566   -0.3886
...    52 A-T ...
  -90.6669 -108.4174   45.0013
    0.8733    0.1352   -0.4681
    0.4585   -0.5533    0.6954
   -0.1650   -0.8219   -0.5452
...    53 G-C ...
  -91.4124 -110.8599   43.0153
    0.9991   -0.0426    0.0000
   -0.0246   -0.5760    0.8171
   -0.0348   -0.8164   -0.5765
...    54 G-C ...
  -91.0954 -113.2905   40.3308
    0.8301   -0.2605    0.4930
   -0.5524   -0.5043    0.6637
    0.0757   -0.8233   -0.5626
...    55 T-A ...
  -90.2971 -115.7724   38.3709
    0.4315   -0.4634    0.7740
   -0.8944   -0.3315    0.3001
    0.1175   -0.8218   -0.5575
...    56 A-T ...
  -89.3057 -118.5093   36.6055
   -0.1638   -0.5347    0.8290
   -0.9730   -0.0511   -0.2252
    0.1628   -0.8435   -0.5119
...    57 T-A ...
  -88.0381 -121.2280   35.1986
   -0.6327   -0.5141    0.5791
   -0.7518    0.2284   -0.6186
    0.1858   -0.8267   -0.5311
...    58 C-G ...
  -87.3058 -124.1395   33.6690
   -0.9575   -0.2810    0.0643
   -0.2062    0.5119   -0.8339
    0.2014   -0.8118   -0.5481
...    59 T-A ...
  -86.8049 -127.0617   32.0880
   -0.9278    0.0610   -0.3679
    0.3319    0.5852   -0.7399
    0.1702   -0.8086   -0.5632
...    60 C-G ...
  -86.2846 -129.7404   30.2709
   -0.5979    0.3865   -0.7022
    0.7796    0.4841   -0.3974
    0.1863   -0.7850   -0.5908
...    61 A-T ...
  -85.4561 -132.4486   28.4341
   -0.0937    0.6786   -0.7285
    0.9801    0.1913    0.0521
    0.1748   -0.7091   -0.6831
...    62 T-A ...
  -85.3495 -134.6589   26.0749
    0.3804    0.7331   -0.5637
    0.9038   -0.1654    0.3947
    0.1961   -0.6596   -0.7255
...    63 G-C ...
  -84.7269 -136.6836   23.2790
    0.7752    0.6175   -0.1335
    0.5493   -0.5544    0.6253
    0.3120   -0.5580   -0.7689
...    64 T-A ...
  -83.8828 -137.9290   20.3265
    0.9279    0.2884    0.2363
    0.0983   -0.8007    0.5910
    0.3596   -0.5252   -0.7713
...    65 T-A ...
  -82.5923 -139.3526   17.8448
    0.8167   -0.1295    0.5623
   -0.3790   -0.8552    0.3535
    0.4351   -0.5018   -0.7476
...    66 A-T ...
  -81.0688 -141.1706   15.5313
    0.4305   -0.5386    0.7243
   -0.7437   -0.6663   -0.0535
    0.5114   -0.5156   -0.6874
...    67 T-A ...
  -78.8354 -142.3947   13.5241
    0.0190   -0.8096    0.5867
   -0.8486   -0.3233   -0.4187
    0.5287   -0.4899   -0.6932
...    68 A-T ...
  -77.2587 -144.0279   10.9834
   -0.4889   -0.8567    0.1643
   -0.6638    0.2433   -0.7072
    0.5659   -0.4548   -0.6876
...    69 A-T ...
  -75.3001 -145.5312    8.9141
   -0.7511   -0.5868   -0.3027
   -0.2818    0.6995   -0.6568
    0.5971   -0.4080   -0.6907
...    70 C-G ...
  -73.1372 -147.4611    7.0131
   -0.7632   -0.1205   -0.6349
    0.1584    0.9176   -0.3646
    0.6265   -0.3788   -0.6812
...    71 G-C ...
  -71.1223 -148.3676    4.6344
   -0.6051    0.4524   -0.6551
    0.5457    0.8349    0.0725
    0.5797   -0.3135   -0.7521
...    72 G-C ...
  -69.4171 -149.5162    2.0644
   -0.3014    0.8426   -0.4464
    0.7791    0.4875    0.3941
    0.5497   -0.2290   -0.8034
...    73 A-T ...
  -67.7946 -150.3059   -0.6858
    0.1614    0.9827   -0.0910
    0.8099   -0.0792    0.5813
    0.5640   -0.1675   -0.8086
...    74 T-A ...
  -66.4289 -150.5604   -3.6634
    0.5150    0.8180    0.2562
    0.6243   -0.5627    0.5418
    0.5874   -0.1190   -0.8005
...    75 C-G ...
  -64.3025 -150.7103   -6.1557
    0.7250    0.3697    0.5811
    0.2569   -0.9280    0.2699
    0.6390   -0.0464   -0.7678
...    76 G-C ...
  -61.8345 -151.0182   -8.2883
    0.5882   -0.0958    0.8030
   -0.0206   -0.9944   -0.1035
    0.8084    0.0443   -0.5869
...    77 A-T ...
  -58.9428 -150.7198  -10.0168
    0.4479   -0.6391    0.6252
   -0.3000   -0.7662   -0.5683
    0.8422    0.0669   -0.5349
...    78 G-C ...
  -55.9914 -150.3905  -11.4877
    0.2139   -0.9421    0.2581
   -0.4512   -0.3296   -0.8293
    0.8664    0.0609   -0.4956
...    79 C-G ...
  -52.8108 -150.2671  -12.7732
   -0.0956   -0.9578   -0.2712
   -0.4711    0.2836   -0.8353
    0.8769    0.0479   -0.4783
...    80 T-A ...
  -49.8546 -150.1817  -14.2075
   -0.3079   -0.6625   -0.6829
   -0.3425    0.7468   -0.5700
    0.8876    0.0584   -0.4569
...    81 C-G ...
  -46.8929 -149.8835  -15.7216
   -0.4516   -0.0925   -0.8874
   -0.1166    0.9922   -0.0441
    0.8846    0.0835   -0.4589
...    82 G-C ...
  -44.0328 -148.7507  -17.0791
   -0.4971    0.4567   -0.7378
    0.1322    0.8802    0.4558
    0.8576    0.1290   -0.4979
...    83 G-C ...
  -41.1308 -148.4383  -18.6404
   -0.4251    0.8421   -0.3318
    0.3242    0.4839    0.8128
    0.8451    0.2380   -0.4787
...    84 G-C ...
  -38.4510 -147.6742  -20.5011
   -0.3080    0.9297    0.2020
    0.5059   -0.0197    0.8624
    0.8057    0.3678   -0.4643
...    85 A-T ...
  -35.9613 -146.3438  -22.1468
   -0.0321    0.7257    0.6873
    0.6031   -0.5343    0.5923
    0.7971    0.4335   -0.4205
...    86 T-A ...
  -33.7781 -144.4275  -23.6804
    0.2331    0.3357    0.9127
    0.5529   -0.8178    0.1596
    0.8000    0.4674   -0.3762
...    87 C-G ...
  -31.2208 -142.6339  -24.7025
    0.4629   -0.2159    0.8597
    0.3537   -0.8443   -0.4025
    0.8128    0.4904   -0.3145
...    88 C-G ...
  -28.5000 -140.9023  -25.3482
    0.5000   -0.6607    0.5599
    0.1114   -0.5921   -0.7981
    0.8588    0.4614   -0.2225
...    89 G-C ...
  -25.6024 -139.7221  -26.3408
    0.3978   -0.9162    0.0488
   -0.1248   -0.1068   -0.9864
    0.9089    0.3863   -0.1568
...    90 C-G ...
  -22.3117 -138.6219  -26.3984
    0.2536   -0.8108   -0.5275
   -0.3112    0.4480   -0.8381
    0.9159    0.3768   -0.1387
...    91 T-A ...
  -18.9579 -137.8378  -26.7287
    0.0460   -0.4070   -0.9123
   -0.3625    0.8442   -0.3949
    0.9308    0.3489   -0.1087
...    92 T-A ...
  -15.7985 -137.0655  -26.9734
   -0.1184    0.1820   -0.9761
   -0.3441    0.9146    0.2123
    0.9314    0.3610   -0.0457
...    93 T-A ...
  -12.6641 -136.1647  -27.1629
   -0.2776    0.6774   -0.6813
   -0.2388    0.6382    0.7319
    0.9305    0.3659   -0.0154
...    94 A-T ...
   -9.6189 -134.8313  -26.9183
   -0.4463    0.8843   -0.1370
   -0.0419    0.1323    0.9903
    0.8939    0.4477   -0.0220
...    95 A-T ...
   -6.8766 -133.3151  -27.1488
   -0.4746    0.7839    0.4003
    0.1968   -0.3487    0.9163
    0.8579    0.5137    0.0112
...    96 C-G ...
   -4.3497 -131.2168  -27.6080
   -0.3630    0.4712    0.8039
    0.4118   -0.6928    0.5920
    0.8359    0.5459    0.0575
...    97 A-T ...
   -1.7441 -129.1571  -27.2235
   -0.1995   -0.0561    0.9783
    0.5878   -0.8056    0.0737
    0.7840    0.5898    0.1937
...    98 C-G ...
    0.3860 -126.7925  -26.1970
    0.0970   -0.4871    0.8680
    0.6378   -0.6391   -0.4299
    0.7641    0.5953    0.2487
...    99 T-A ...
    2.6826 -124.4490  -24.6781
    0.4117   -0.7822    0.4677
    0.5058   -0.2307   -0.8312
    0.7581    0.5788    0.3006
...   100 T-A ...
    4.9706 -122.5476  -23.3170
    0.6755   -0.7318   -0.0901
    0.1766    0.2792   -0.9438
    0.7159    0.6216    0.3178
...   101 T-A ...
    7.2069 -120.6271  -21.8825
    0.7015   -0.3927   -0.5947
   -0.2558    0.6401   -0.7245
    0.6652    0.6603    0.3486
...   102 A-T ...
    9.2166 -118.0593  -20.7894
    0.4061    0.1538   -0.9008
   -0.6740    0.7160   -0.1816
    0.6171    0.6809    0.3944
...   103 T-A ...
   11.7327 -116.3174  -19.6237
    0.0270    0.4603   -0.8874
   -0.7958    0.5471    0.2596
    0.6049    0.6992    0.3811
...   104 G-C ...
   13.8829 -113.9900  -18.6160
   -0.5183    0.6259   -0.5828
   -0.6325    0.1781    0.7538
    0.5756    0.7593    0.3035
...   105 C-G ...
   15.6432 -111.3296  -18.1207
   -0.8189    0.5610   -0.1213
   -0.2771   -0.2014    0.9395
    0.5026    0.8030    0.3204
...   106 T-A ...
   17.2629 -108.3809  -17.4525
   -0.8660    0.3043    0.3969
    0.2306   -0.4613    0.8568
    0.4438    0.8334    0.3293
...   107 T-A ...
   18.4781 -105.5873  -16.5147
   -0.6400   -0.0663    0.7655
    0.6754   -0.5237    0.5193
    0.3665    0.8493    0.3799
...   108 C-G ...
   19.3321 -102.7461  -15.1280
   -0.1960   -0.4163    0.8878
    0.9290   -0.3687    0.0322
    0.3140    0.8311    0.4590
...   109 C-G ...
   20.1008 -100.0406  -13.4290
    0.2714   -0.6346    0.7236
    0.9109   -0.0736   -0.4061
    0.3110    0.7693    0.5581
...   110 G-C ...
   21.3627  -97.9168  -11.6284
    0.6609   -0.6549    0.3663
    0.6746    0.3047   -0.6724
    0.3287    0.6915    0.6432
...   111 G-C ...
   22.7133  -96.0814   -9.1193
    0.9096   -0.4065   -0.0862
    0.2227    0.6518   -0.7250
    0.3509    0.6402    0.6834
...   112 C-G ...
   24.0633  -94.4443   -6.5135
    0.8748    0.0038   -0.4845
   -0.3071    0.7779   -0.5483
    0.3748    0.6284    0.6817
...   113 T-A ...
   25.3698  -92.5164   -4.1764
    0.5797    0.4163   -0.7004
   -0.7218    0.6613   -0.2044
    0.3781    0.6240    0.6839
...   114 C-G ...
   26.5437  -90.3966   -1.8783
    0.0358    0.7181   -0.6950
   -0.9295    0.2794    0.2408
    0.3671    0.6374    0.6775
...   115 G-C ...
   27.2477  -88.2815    0.5827
   -0.5364    0.6947   -0.4791
   -0.7875   -0.2080    0.5801
    0.3033    0.6885    0.6587
...   116 T-A ...
   28.3780  -85.6070    2.1674
   -0.8884    0.4372   -0.1399
   -0.3868   -0.5488    0.7411
    0.2472    0.7125    0.6567
...   117 A-T ...
   29.0775  -82.7147    3.9206
   -0.9774   -0.0304    0.2091
    0.1740   -0.6771    0.7150
    0.1198    0.7353    0.6671
...   118 T-A ...
   29.1106  -79.9333    5.5675
   -0.7673   -0.3713    0.5229
    0.6325   -0.5731    0.5211
    0.1062    0.7306    0.6745
...   119 A-T ...
   29.3451  -77.6339    7.9152
   -0.3187   -0.6987    0.6405
    0.9476   -0.2510    0.1977
    0.0227    0.6699    0.7421
...   120 A-T ...
   29.0565  -75.5341   10.3590
    0.2589   -0.7525    0.6056
    0.9659    0.1975   -0.1676
    0.0065    0.6283    0.7779
...   121 T-A ...
   28.4579  -73.7731   13.1269
    0.7178   -0.5436    0.4351
    0.6962    0.5661   -0.4413
   -0.0064    0.6197    0.7848
...   122 G-C ...
   28.3975  -71.9072   15.9827
    0.9880   -0.1467    0.0483
    0.1467    0.7940   -0.5899
    0.0482    0.5899    0.8060
...   123 T-A ...
   28.6456  -70.4263   18.9045
    0.9295    0.2728   -0.2482
   -0.3658    0.7680   -0.5257
    0.0472    0.5795    0.8136
...   124 G-C ...
   28.8806  -68.5372   21.6360
    0.5416    0.6430   -0.5415
   -0.8355    0.4831   -0.2620
    0.0931    0.5943    0.7989
...   125 T-A ...
   29.6505  -66.8531   24.2842
    0.0285    0.7822   -0.6224
   -0.9952    0.0806    0.0557
    0.0937    0.6178    0.7807
...   126 C-G ...
   30.0031  -64.8626   26.7279
   -0.5589    0.6844   -0.4682
   -0.8235   -0.3921    0.4100
    0.0970    0.6148    0.7827
...   127 G-C ...
   29.7919  -63.0697   29.4763
   -0.9015    0.2901   -0.3210
   -0.4302   -0.6799    0.5938
   -0.0460    0.6735    0.7378
...   128 A-T ...
   29.7913  -60.9518   31.8056
   -0.9838   -0.1663    0.0672
    0.1696   -0.7404    0.6504
   -0.0584    0.6513    0.7566
...   129 C-G ...
   29.2573  -58.3495   33.7561
   -0.7469   -0.5623    0.3550
    0.6567   -0.5397    0.5267
   -0.1045    0.6265    0.7724
...   130 C-G ...
   28.1253  -56.3164   36.2709
   -0.2958   -0.8339    0.4660
    0.9367   -0.1576    0.3125
   -0.1871    0.5290    0.8277
...   131 A-T ...
   27.8504  -54.9496   39.3055
    0.2711   -0.8660    0.4201
    0.9436    0.3252    0.0615
   -0.1899    0.3798    0.9054
...   132 A-T ...
   27.0988  -53.9271   42.3265
    0.7566   -0.5406    0.3678
    0.6252    0.7629   -0.1647
   -0.1916    0.3546    0.9152
...   133 A-T ...
   26.2608  -53.1194   45.4015
    0.9701    0.0284    0.2409
    0.0613    0.9323   -0.3564
   -0.2347    0.3606    0.9027
...   134 T-A ...
   25.6209  -52.5913   48.6400
    0.8597    0.5097    0.0340
   -0.4497    0.7866   -0.4231
   -0.2424    0.3485    0.9054
...   135 G-C ...
   25.2758  -52.5096   52.0791
    0.3204    0.9427   -0.0928
   -0.8825    0.2614   -0.3910
   -0.3443    0.2071    0.9157
...   136 T-A ...
   25.5258  -52.9787   55.8049
   -0.2439    0.9563   -0.1610
   -0.8908   -0.2866   -0.3525
   -0.3833    0.0575    0.9218
...   137 G-C ...
   24.8933  -52.7378   58.9865
   -0.7529    0.5562   -0.3519
   -0.5215   -0.8303   -0.1966
   -0.4015    0.0355    0.9152
...   138 A-T ...
   24.0143  -51.6374   61.9242
   -0.9563    0.0401   -0.2896
   -0.0524   -0.9980    0.0347
   -0.2876    0.0484    0.9565
...   139 G-C ...
   22.3467  -51.2412   64.4940
   -0.8529   -0.5118   -0.1033
    0.4974   -0.8566    0.1373
   -0.1587    0.0657    0.9851
...   140 C-G ...
   22.1503  -50.1498   67.4639
   -0.4681   -0.8748    0.1248
    0.8495   -0.4066    0.3362
   -0.2434    0.2634    0.9335
...   141 G-C ...
   21.4257  -51.8266   72.7876
    0.1303   -0.7143   -0.6876
    0.8897   -0.2218    0.3990
   -0.4375   -0.6638    0.6066
...   142 C-G ...
   20.4246  -54.3095   74.5418
    0.5846   -0.7390   -0.3348
    0.7594    0.3532    0.5465
   -0.2856   -0.5738    0.7676
...   143 T-A ...
   18.4272  -55.5290   76.5299
    0.8548   -0.5005    0.1370
    0.3188    0.7148    0.6224
   -0.4095   -0.4884    0.7706
...   144 C-G ...
   16.8372  -57.7222   78.2674
    0.8529   -0.0846    0.5151
   -0.1508    0.9048    0.3983
   -0.4998   -0.4174    0.7589
...   145 A-T ...
   15.7829  -59.5616   80.7981
    0.5516    0.4995    0.6680
   -0.6739    0.7388    0.0039
   -0.4916   -0.4523    0.7441
...   146 C-G ...
   15.7315  -61.4941   83.9316
    0.0344    0.7399    0.6718
   -0.8637    0.3602   -0.3526
   -0.5029   -0.5681    0.6514
...   147 A-T ...
   14.7384  -63.4279   86.8192
   -0.5924    0.6746    0.4405
   -0.6886   -0.1401   -0.7114
   -0.4182   -0.7248    0.5475
