  147 base-pairs
...     1 T-A ...
    0.0000    0.0000    0.0000
    1.0000    0.0000    0.0000
    0.0000    1.0000    0.0000
    0.0000    0.0000    1.0000
...     2 G-C ...
   -0.5555   -1.1003    3.3981
    0.7749    0.6051    0.1828
   -0.5991    0.7953   -0.0929
   -0.2016   -0.0375    0.9787
...     3 T-A ...
   -0.6619   -3.0237    6.5348
    0.3046    0.9250    0.2271
   -0.8994    0.3578   -0.2510
   -0.3134   -0.1278    0.9410
...     4 G-C ...
   -1.1607   -3.8418    9.6940
   -0.3351    0.9421    0.0133
   -0.8752   -0.3061   -0.3746
   -0.3489   -0.1372    0.9271
...     5 A-T ...
   -1.3881   -3.6770   12.8999
   -0.7835    0.6162   -0.0801
   -0.5677   -0.7622   -0.3109
   -0.2527   -0.1981    0.9470
...     6 G-C ...
   -2.6236   -3.5448   15.7072
   -0.9923    0.0611   -0.1075
   -0.0294   -0.9610   -0.2748
   -0.1201   -0.2695    0.9555
...     7 C-G ...
   -2.3138   -3.7570   18.8866
   -0.8620   -0.4995   -0.0864
    0.5008   -0.8655    0.0073
   -0.0785   -0.0370    0.9962
...     8 G-C ...
   -3.9561   -6.8109   23.3205
   -0.2581   -0.3560   -0.8981
    0.6294   -0.7673    0.1233
   -0.7330   -0.5335    0.4221
...     9 C-G ...
   -6.1177   -8.9414   24.2385
    0.1143   -0.7320   -0.6716
    0.8123   -0.3203    0.4874
   -0.5720   -0.6013    0.5580
...    10 T-A ...
   -8.5041   -9.6771   26.0540
    0.4660   -0.8587   -0.2131
    0.6274    0.1508    0.7640
   -0.6239   -0.4897    0.6090
...    11 C-G ...
  -11.0625  -11.3174   27.2336
    0.6660   -0.6911    0.2808
    0.3382    0.6152    0.7121
   -0.6649   -0.3794    0.6435
...    12 A-T ...
  -13.0013  -13.1789   29.0658
    0.7188   -0.1490    0.6790
   -0.1787    0.9043    0.3876
   -0.6718   -0.4000    0.6235
...    13 C-G ...
  -14.1788  -15.9359   31.3399
    0.4052    0.2865    0.8682
   -0.5270    0.8492   -0.0343
   -0.7470   -0.4437    0.4951
...    14 A-T ...
  -15.9532  -18.1566   33.3080
   -0.1503    0.6873    0.7107
   -0.6106    0.5008   -0.6135
   -0.7776   -0.5261    0.3444
...    15 A-T ...
  -18.4029  -19.9434   34.4450
   -0.4563    0.8619    0.2211
   -0.3964    0.0255   -0.9177
   -0.7966   -0.5064    0.3300
...    16 T-A ...
  -20.8104  -21.5131   36.2394
   -0.6241    0.7226   -0.2973
   -0.0732   -0.4329   -0.8985
   -0.7779   -0.5390    0.3231
...    17 T-A ...
  -23.3718  -23.0590   37.6169
   -0.5675    0.3167   -0.7600
    0.3177   -0.7674   -0.5570
   -0.7596   -0.5576    0.3348
...    18 T-A ...
  -25.9410  -24.6966   38.6976
   -0.2580   -0.1355   -0.9566
    0.5712   -0.8199   -0.0379
   -0.7792   -0.5562    0.2890
...    19 A-T ...
  -28.5013  -26.6627   39.4741
    0.1782   -0.5127   -0.8399
    0.5944   -0.6241    0.5071
   -0.7841   -0.5896    0.1935
...    20 T-A ...
  -31.4349  -28.2054   39.6155
    0.4562   -0.7621   -0.4594
    0.4162   -0.2735    0.8671
   -0.7865   -0.5868    0.1925
...    21 T-A ...
  -34.0840  -30.0982   39.9324
    0.6052   -0.7868    0.1213
    0.0652    0.2009    0.9774
   -0.7934   -0.5836    0.1729
...    22 C-G ...
  -36.6409  -32.0893   40.4687
    0.5483   -0.5065    0.6654
   -0.3165    0.6108    0.7258
   -0.7741   -0.6086    0.1746
...    23 G-C ...
  -39.3162  -33.7822   41.6136
    0.3763   -0.0025    0.9265
   -0.6039    0.7577    0.2473
   -0.7026   -0.6526    0.2836
...    24 C-G ...
  -41.3441  -36.1922   42.5176
    0.0424    0.4300    0.9018
   -0.7100    0.6480   -0.2756
   -0.7029   -0.6286    0.3327
...    25 A-T ...
  -44.0112  -38.0219   43.2764
   -0.3420    0.7579    0.5555
   -0.5995    0.2792   -0.7501
   -0.7236   -0.5896    0.3589
...    26 A-T ...
  -46.3156  -39.9226   44.6439
   -0.6250    0.7800    0.0303
   -0.2951   -0.2001   -0.9343
   -0.7227   -0.5929    0.3553
...    27 A-T ...
  -48.5735  -41.7467   46.1322
   -0.6912    0.5115   -0.5105
    0.1357   -0.6020   -0.7869
   -0.7098   -0.6132    0.3467
...    28 G-C ...
  -51.1856  -43.3866   47.5122
   -0.4666    0.1527   -0.8712
    0.4676   -0.7935   -0.3895
   -0.7508   -0.5891    0.2989
...    29 G-C ...
  -54.0629  -45.0862   48.4093
   -0.0530   -0.2608   -0.9639
    0.6372   -0.7521    0.1684
   -0.7689   -0.6053    0.2060
...    30 C-G ...
  -56.8460  -46.7943   48.7399
    0.3539   -0.5857   -0.7291
    0.5451   -0.5043    0.6697
   -0.7600   -0.6345    0.1408
...    31 C-G ...
  -59.5464  -48.7631   48.9650
    0.6580   -0.7092   -0.2531
    0.2409   -0.1203    0.9631
   -0.7134   -0.6947    0.0917
...    32 G-C ...
  -61.5294  -51.0560   49.4736
    0.7629   -0.5920    0.2598
   -0.1604    0.2159    0.9631
   -0.6263   -0.7765    0.0697
...    33 G-C ...
  -63.1546  -53.9988   49.6744
    0.5831   -0.3311    0.7418
   -0.5839    0.4641    0.6661
   -0.5648   -0.8216    0.0773
...    34 C-G ...
  -64.6398  -56.9104   49.9027
    0.1808    0.0107    0.9835
   -0.8242    0.5474    0.1455
   -0.5367   -0.8368    0.1078
...    35 C-G ...
  -66.1867  -59.8523   50.6515
   -0.3023    0.3397    0.8906
   -0.7998    0.4180   -0.4309
   -0.5187   -0.8425    0.1453
...    36 C-G ...
  -67.8186  -62.6928   51.4353
   -0.6795    0.5438    0.4925
   -0.5127    0.1282   -0.8490
   -0.5248   -0.8294    0.1916
...    37 G-C ...
  -69.7384  -65.5589   51.0446
   -0.8174    0.5695   -0.0871
   -0.0274   -0.1893   -0.9815
   -0.5755   -0.7999    0.1703
...    38 A-T ...
  -71.4281  -68.1566   51.6513
   -0.6746    0.3592   -0.6449
    0.4721   -0.4616   -0.7510
   -0.5674   -0.8111    0.1418
...    39 C-G ...
  -73.6510  -70.4109   52.1901
   -0.3032    0.1130   -0.9462
    0.7509   -0.5830   -0.3102
   -0.5866   -0.8046    0.0919
...    40 A-T ...
  -75.7160  -73.0345   52.3564
    0.2342   -0.1490   -0.9607
    0.7835   -0.5561    0.2773
   -0.5755   -0.8177   -0.0135
...    41 C-G ...
  -77.7996  -75.4969   51.7933
    0.6393   -0.3506   -0.6844
    0.5485   -0.4158    0.7254
   -0.5389   -0.8391   -0.0735
...    42 G-C ...
  -79.2846  -78.4858   51.8696
    0.8867   -0.4425   -0.1339
    0.0574   -0.1821    0.9816
   -0.4587   -0.8781   -0.1361
...    43 A-T ...
  -80.7530  -81.2548   51.3708
    0.7569   -0.4575    0.4667
   -0.4726    0.1101    0.8744
   -0.4514   -0.8824   -0.1329
...    44 C-G ...
  -81.7808  -84.2437   50.4043
    0.4150   -0.2856    0.8638
   -0.8151    0.3051    0.4925
   -0.4042   -0.9085   -0.1062
...    45 T-A ...
  -82.5088  -87.7721   49.9902
   -0.1112   -0.0470    0.9927
   -0.9155    0.3935   -0.0840
   -0.3866   -0.9181   -0.0868
...    46 T-A ...
  -83.3682  -90.8979   49.7034
   -0.5802    0.1353    0.8031
   -0.7231    0.3681   -0.5844
   -0.3747   -0.9199   -0.1158
...    47 A-T ...
  -84.8101  -93.8728   48.9656
   -0.9197    0.3153    0.2340
   -0.1758    0.2024   -0.9634
   -0.3512   -0.9271   -0.1308
...    48 C-G ...
  -86.0488  -96.9821   49.2077
   -0.8696    0.3797   -0.3157
    0.3435    0.0058   -0.9391
   -0.3547   -0.9251   -0.1354
...    49 T-A ...
  -87.5860  -99.9887   49.0204
   -0.5213    0.3922   -0.7579
    0.7536   -0.2052   -0.6245
   -0.4005   -0.8967   -0.1886
...    50 G-C ...
  -88.9974 -102.9190   48.1234
    0.0417    0.3282   -0.9437
    0.9180   -0.3853   -0.0934
   -0.3943   -0.8625   -0.3173
...    51 T-A ...
  -90.7226 -105.3749   46.9876
    0.5083    0.1645   -0.8453
    0.7829   -0.4972    0.3740
   -0.3587   -0.8519   -0.3815
...    52 A-T ...
  -91.9887 -107.7852   44.9918
    0.8950    0.0806   -0.4388
    0.4063   -0.5536    0.7269
   -0.1843   -0.8289   -0.5282
...    53 G-C ...
  -92.7728 -110.2538   43.0515
    0.9949   -0.0925    0.0398
   -0.0844   -0.5498    0.8310
   -0.0550   -0.8302   -0.5548
...    54 G-C ...
  -92.4814 -112.7794   40.4557
    0.7950   -0.2898    0.5329
   -0.6043   -0.4551    0.6540
    0.0530   -0.8420   -0.5369
...    55 T-A ...
  -91.7475 -115.3572   38.5937
    0.3738   -0.4648    0.8026
   -0.9228   -0.2732    0.2716
    0.0930   -0.8422   -0.5310
...    56 A-T ...
  -90.8577 -118.1934   36.9354
   -0.2290   -0.5031    0.8333
   -0.9642   -0.0001   -0.2651
    0.1334   -0.8642   -0.4851
...    57 T-A ...
  -89.6999 -121.0173   35.6468
   -0.6866   -0.4613    0.5620
   -0.7097    0.2576   -0.6557
    0.1577   -0.8490   -0.5042
...    58 C-G ...
  -89.0836 -124.0046   34.2120
   -0.9750   -0.2203    0.0275
   -0.1378    0.5032   -0.8531
    0.1741   -0.8356   -0.5210
...    59 T-A ...
  -88.7012 -126.9902   32.7151
   -0.9050    0.1102   -0.4108
    0.4006    0.5456   -0.7362
    0.1430   -0.8308   -0.5379
...    60 C-G ...
  -88.1739 -129.8160   30.9481
   -0.5015    0.4289   -0.7514
    0.8509    0.4016   -0.3387
    0.1565   -0.8092   -0.5664
...    61 G-C ...
  -87.1961 -132.1980   28.9132
   -0.0411    0.7079   -0.7051
    0.9842    0.1505    0.0937
    0.1724   -0.6901   -0.7029
...    62 A-T ...
  -86.4196 -134.5867   26.8700
    0.4864    0.7424   -0.4607
    0.8318   -0.2320    0.5043
    0.2675   -0.6285   -0.7304
...    63 G-C ...
  -85.6106 -136.2966   24.1514
    0.8074    0.5862   -0.0659
    0.4776   -0.5840    0.6564
    0.3464   -0.5615   -0.7515
...    64 C-G ...
  -84.4632 -137.6638   21.2864
    0.9083    0.2011    0.3668
   -0.0430   -0.8273    0.5601
    0.4161   -0.5245   -0.7428
...    65 T-A ...
  -82.9757 -139.0344   18.6819
    0.7230   -0.2094    0.6584
   -0.4770   -0.8407    0.2564
    0.4998   -0.4994   -0.7077
...    66 C-G ...
  -81.2133 -140.9651   16.7900
    0.3073   -0.6290    0.7141
   -0.7417   -0.6285   -0.2344
    0.5962   -0.4576   -0.6597
...    67 G-C ...
  -79.8885 -143.2106   14.4869
   -0.1851   -0.8572    0.4805
   -0.7387   -0.2011   -0.6433
    0.6481   -0.4741   -0.5960
...    68 G-C ...
  -77.5409 -144.8913   12.7336
   -0.5793   -0.8127    0.0622
   -0.5058    0.2986   -0.8093
    0.6392   -0.5003   -0.5841
...    69 G-C ...
  -75.4016 -146.7537   10.9679
   -0.8039   -0.4809   -0.3500
   -0.0899    0.6800   -0.7277
    0.5879   -0.5535   -0.5899
...    70 A-T ...
  -73.3754 -148.8053    9.2352
   -0.6827    0.0178   -0.7305
    0.4039    0.8423   -0.3569
    0.6089   -0.5387   -0.5822
...    71 T-A ...
  -71.7412 -151.0446    7.4298
   -0.3829    0.4597   -0.8013
    0.6919    0.7175    0.0810
    0.6121   -0.5234   -0.5928
...    72 C-G ...
  -69.8897 -152.8547    5.3756
    0.0742    0.8104   -0.5812
    0.7719    0.3223    0.5480
    0.6314   -0.4893   -0.6016
...    73 C-G ...
  -67.9469 -154.7712    3.5102
    0.3372    0.9341   -0.1175
    0.6103   -0.1219    0.7827
    0.7168   -0.3356   -0.6112
...    74 G-C ...
  -65.2442 -155.7215    1.8405
    0.4465    0.7909    0.4184
    0.3869   -0.5923    0.7067
    0.8068   -0.1536   -0.5705
...    75 C-G ...
  -62.5681 -155.6860   -0.3382
    0.5556    0.3256    0.7651
    0.0898   -0.9382    0.3342
    0.8266   -0.1170   -0.5505
...    76 T-A ...
  -59.4567 -155.4782   -1.8812
    0.4887   -0.2486    0.8363
   -0.1658   -0.9675   -0.1908
    0.8565   -0.0455   -0.5141
...    77 T-A ...
  -56.5499 -155.2756   -3.3462
    0.3312   -0.7624    0.5560
   -0.3991   -0.6471   -0.6496
    0.8550   -0.0067   -0.5186
...    78 T-A ...
  -53.6198 -155.0790   -4.7574
    0.0864   -0.9941    0.0650
   -0.5162   -0.1005   -0.8506
    0.8521    0.0399   -0.5218
...    79 A-T ...
  -51.3042 -154.5742   -7.0720
   -0.1107   -0.8365   -0.5366
   -0.4978    0.5140   -0.6986
    0.8602    0.1898   -0.4733
...    80 A-T ...
  -48.4454 -154.0200   -8.4407
   -0.3333   -0.3927   -0.8571
   -0.3841    0.8868   -0.2570
    0.8611    0.2436   -0.4464
...    81 C-G ...
  -45.4256 -153.7892   -9.9102
   -0.4847    0.1379   -0.8638
   -0.1656    0.9552    0.2454
    0.8589    0.2619   -0.4401
...    82 A-T ...
  -42.6010 -152.9751  -11.3933
   -0.5675    0.6206   -0.5412
    0.1137    0.7100    0.6950
    0.8155    0.3329   -0.4735
...    83 C-G ...
  -40.1862 -152.1186  -13.5346
   -0.4716    0.8761   -0.0998
    0.3730    0.3008    0.8777
    0.7990    0.3767   -0.4687
...    84 T-A ...
  -37.7892 -150.5689  -15.6612
   -0.2778    0.8525    0.4429
    0.5681   -0.2260    0.7913
    0.7746    0.4714   -0.4215
...    85 T-A ...
  -35.5794 -148.7752  -17.1948
    0.0456    0.5664    0.8229
    0.6314   -0.6547    0.4157
    0.7741    0.5006   -0.3874
...    86 T-A ...
  -33.3067 -146.8406  -18.4696
    0.3816    0.0996    0.9189
    0.5101   -0.8517   -0.1196
    0.7708    0.5144   -0.3759
...    87 T-A ...
  -30.9255 -144.9473  -19.6000
    0.5769   -0.4144    0.7039
    0.2224   -0.7495   -0.6236
    0.7859    0.5163   -0.3402
...    88 C-G ...
  -28.1254 -143.6540  -20.6222
    0.5850   -0.7764    0.2347
   -0.0881   -0.3485   -0.9331
    0.8063    0.5252   -0.2723
...    89 A-T ...
  -25.3561 -141.7270  -21.0142
    0.3885   -0.8850   -0.2565
   -0.2891    0.1472   -0.9459
    0.8749    0.4416   -0.1987
...    90 T-A ...
  -22.3391 -140.5022  -21.2050
    0.1925   -0.6959   -0.6918
   -0.4394    0.5692   -0.6949
    0.8774    0.4378   -0.1962
...    91 G-C ...
  -19.2634 -139.1692  -21.6848
   -0.1118   -0.2329   -0.9660
   -0.4941    0.8565   -0.1493
    0.8622    0.4606   -0.2109
...    92 T-A ...
  -16.1239 -138.1838  -22.3583
   -0.3479    0.2624   -0.9000
   -0.3875    0.8339    0.3930
    0.8537    0.4855   -0.1884
...    93 T-A ...
  -13.3888 -136.7617  -23.1035
   -0.5281    0.6587   -0.5360
   -0.1528    0.5472    0.8230
    0.8354    0.5165   -0.1883
...    94 A-T ...
  -10.7509 -134.8770  -23.6106
   -0.6266    0.7794   -0.0012
    0.1403    0.1143    0.9835
    0.7666    0.6161   -0.1809
...    95 T-A ...
   -8.5838 -132.8508  -24.8507
   -0.5000    0.7216    0.4788
    0.4192   -0.2821    0.8630
    0.7578    0.6322   -0.1615
...    96 A-T ...
   -6.2807 -130.6052  -25.2177
   -0.3637    0.3735    0.8533
    0.6464   -0.5584    0.5199
    0.6707    0.7408   -0.0383
...    97 A-T ...
   -4.4122 -128.1006  -25.2778
   -0.0427   -0.0317    0.9986
    0.7689   -0.6392    0.0126
    0.6379    0.7684    0.0517
...    98 C-G ...
   -2.9117 -125.0956  -24.7062
    0.3459   -0.3893    0.8537
    0.6937   -0.5065   -0.5121
    0.6317    0.7694    0.0949
...    99 G-C ...
   -0.5015 -122.9440  -24.2160
    0.6004   -0.6786    0.4232
    0.4603   -0.1396   -0.8767
    0.6540    0.7212    0.2285
...   100 G-C ...
    1.8888 -120.9539  -23.1330
    0.6946   -0.7108   -0.1111
    0.1339    0.2794   -0.9508
    0.7069    0.6455    0.2892
...   101 A-T ...
    4.2141 -118.8723  -21.8841
    0.6515   -0.3972   -0.6464
   -0.3018    0.6461   -0.7011
    0.6961    0.6518    0.3011
...   102 A-T ...
    6.5558 -116.9298  -20.6862
    0.3802    0.0867   -0.9208
   -0.6494    0.7340   -0.1990
    0.6586    0.6736    0.3354
...   103 T-A ...
    9.2158 -115.2106  -19.5818
    0.0028    0.4697   -0.8828
   -0.7665    0.5680    0.2998
    0.6422    0.6758    0.3616
...   104 G-C ...
   11.4789 -112.9620  -18.6445
   -0.5235    0.6481   -0.5531
   -0.5936    0.1884    0.7824
    0.6113    0.7379    0.2861
...   105 C-G ...
   13.3381 -110.3626  -18.2004
   -0.8061    0.5862   -0.0806
   -0.2431   -0.2038    0.9484
    0.5395    0.7841    0.3068
...   106 T-A ...
   15.0749 -107.4732  -17.5725
   -0.8395    0.3245    0.4357
    0.2521   -0.4777    0.8416
    0.4813    0.8164    0.3192
...   107 T-A ...
   16.4083 -104.7273  -16.6567
   -0.6104   -0.0574    0.7900
    0.6805   -0.5483    0.4860
    0.4053    0.8343    0.3738
...   108 C-G ...
   17.3950 -101.9295  -15.2736
   -0.1731   -0.4215    0.8902
    0.9189   -0.3944   -0.0080
    0.3544    0.8166    0.4556
...   109 C-G ...
   18.3017  -99.2702  -13.5699
    0.2816   -0.6500    0.7058
    0.8925   -0.0927   -0.4414
    0.3524    0.7542    0.5541
...   110 G-C ...
   19.6901  -97.2072  -11.7919
    0.6571   -0.6756    0.3344
    0.6569    0.2956   -0.6936
    0.3698    0.6754    0.6380
...   111 G-C ...
   21.1817  -95.4383   -9.3131
    0.8957   -0.4272   -0.1235
    0.2123    0.6549   -0.7253
    0.3907    0.6234    0.6773
...   112 C-G ...
   22.6634  -93.8642   -6.7401
    0.8570   -0.0108   -0.5153
   -0.3076    0.7914   -0.5283
    0.4135    0.6113    0.6748
...   113 T-A ...
   24.0954  -91.9932   -4.4305
    0.5648    0.4119   -0.7151
   -0.7131    0.6796   -0.1718
    0.4153    0.6070    0.6776
...   114 C-G ...
   25.3966  -89.9353   -2.1398
    0.0281    0.7257   -0.6875
   -0.9152    0.2953    0.2742
    0.4020    0.6215    0.6725
...   115 G-C ...
   26.2227  -87.8689    0.3250
   -0.5375    0.7103   -0.4545
   -0.7733   -0.2002    0.6016
    0.3363    0.6748    0.6569
...   116 T-A ...
   27.4513  -85.2339    1.9014
   -0.8841    0.4545   -0.1086
   -0.3747   -0.5504    0.7461
    0.2793    0.7003    0.6569
...   117 A-T ...
   28.2504  -82.3690    3.6603
   -0.9720   -0.0169    0.2345
    0.1816   -0.6876    0.7030
    0.1493    0.7259    0.6714
...   118 T-A ...
   28.3700  -79.6074    5.3338
   -0.7597   -0.3652    0.5381
    0.6363   -0.5884    0.4989
    0.1344    0.7214    0.6793
...   119 A-T ...
   28.6929  -77.3416    7.7001
   -0.3157   -0.7015    0.6390
    0.9476   -0.2679    0.1740
    0.0491    0.6604    0.7493
...   120 A-T ...
   28.4878  -75.2687   10.1745
    0.2603   -0.7632    0.5914
    0.9650    0.1854   -0.1855
    0.0319    0.6190    0.7847
...   121 T-A ...
   27.9697  -73.5328   12.9751
    0.7187   -0.5581    0.4146
    0.6950    0.5615   -0.4491
    0.0179    0.6109    0.7915
...   122 G-C ...
   27.9862  -71.6988   15.8485
    0.9870   -0.1582    0.0289
    0.1451    0.7982   -0.5847
    0.0695    0.5813    0.8107
...   123 T-A ...
   28.2968  -70.2492   18.7820
    0.9278    0.2660   -0.2615
   -0.3670    0.7766   -0.5121
    0.0669    0.5711    0.8182
...   124 G-C ...
   28.5907  -68.3914   21.5295
    0.5385    0.6435   -0.5440
   -0.8353    0.4928   -0.2439
    0.1111    0.5857    0.8028
...   125 T-A ...
   29.4160  -66.7406   24.1818
    0.0255    0.7877   -0.6155
   -0.9935    0.0880    0.0715
    0.1105    0.6097    0.7849
...   126 C-G ...
   29.8216  -64.7794   26.6415
   -0.5604    0.6926   -0.4541
   -0.8205   -0.3898    0.4181
    0.1126    0.6069    0.7868
...   127 G-C ...
   29.6607  -63.0042   29.4047
   -0.9027    0.2974   -0.3109
   -0.4288   -0.6814    0.5932
   -0.0354    0.6688    0.7426
...   128 A-T ...
   29.6919  -60.9018   31.7470
   -0.9841   -0.1613    0.0741
    0.1707   -0.7454    0.6444
   -0.0487    0.6468    0.7611
...   129 C-G ...
   29.1874  -58.3081   33.7150
   -0.7473   -0.5605    0.3569
    0.6575   -0.5461    0.5190
   -0.0960    0.6225    0.7767
...   130 C-G ...
   28.0772  -56.2866   36.2498
   -0.2970   -0.8350    0.4632
    0.9377   -0.1635    0.3065
   -0.1802    0.5254    0.8315
...   131 A-T ...
   27.8270  -54.9341   39.2935
    0.2706   -0.8679    0.4164
    0.9447    0.3226    0.0584
   -0.1850    0.3776    0.9073
...   132 A-T ...
   27.0882  -53.9215   42.3217
    0.7568   -0.5422    0.3651
    0.6259    0.7621   -0.1656
   -0.1884    0.3538    0.9161
...   133 A-T ...
   26.2577  -53.1165   45.3989
    0.9705    0.0273    0.2394
    0.0616    0.9324   -0.3561
   -0.2330    0.3603    0.9033
...   134 T-A ...
   25.6209  -52.5913   48.6399
    0.8597    0.5097    0.0340
   -0.4497    0.7866   -0.4231
   -0.2424    0.3485    0.9054
...   135 G-C ...
   25.2757  -52.5095   52.0791
    0.3204    0.9427   -0.0928
   -0.8825    0.2614   -0.3910
   -0.3443    0.2071    0.9157
...   136 T-A ...
   25.5258  -52.9786   55.8049
   -0.2439    0.9563   -0.1610
   -0.8908   -0.2866   -0.3525
   -0.3833    0.0575    0.9218
...   137 G-C ...
   24.8933  -52.7377   58.9864
   -0.7529    0.5562   -0.3519
   -0.5215   -0.8303   -0.1966
   -0.4015    0.0355    0.9152
...   138 A-T ...
   24.0143  -51.6373   61.9241
   -0.9563    0.0401   -0.2896
   -0.0524   -0.9980    0.0347
   -0.2876    0.0484    0.9565
...   139 G-C ...
   22.3467  -51.2411   64.4939
   -0.8529   -0.5118   -0.1033
    0.4974   -0.8566    0.1373
   -0.1587    0.0657    0.9851
...   140 C-G ...
   22.1503  -50.1498   67.4638
   -0.4681   -0.8748    0.1248
    0.8495   -0.4066    0.3362
   -0.2434    0.2634    0.9335
...   141 G-C ...
   21.4257  -51.8265   72.7875
    0.1303   -0.7143   -0.6876
    0.8897   -0.2217    0.3990
   -0.4375   -0.6638    0.6066
...   142 C-G ...
   20.4246  -54.3094   74.5418
    0.5846   -0.7390   -0.3348
    0.7594    0.3532    0.5465
   -0.2856   -0.5737    0.7676
...   143 T-A ...
   18.4271  -55.5289   76.5298
    0.8548   -0.5005    0.1370
    0.3188    0.7148    0.6224
   -0.4095   -0.4884    0.7706
...   144 C-G ...
   16.8372  -57.7221   78.2673
    0.8529   -0.0846    0.5151
   -0.1508    0.9048    0.3983
   -0.4998   -0.4174    0.7589
...   145 A-T ...
   15.7829  -59.5615   80.7980
    0.5516    0.4995    0.6680
   -0.6739    0.7388    0.0039
   -0.4916   -0.4523    0.7441
...   146 C-G ...
   15.7315  -61.4940   83.9316
    0.0344    0.7399    0.6718
   -0.8637    0.3602   -0.3526
   -0.5029   -0.5681    0.6514
...   147 A-T ...
   14.7384  -63.4278   86.8192
   -0.5924    0.6746    0.4405
   -0.6886   -0.1401   -0.7114
   -0.4182   -0.7248    0.5475
