  147 base-pairs
...     1 T-A ...
    0.0000    0.0000    0.0000
    1.0000    0.0000    0.0000
    0.0000    1.0000    0.0000
    0.0000    0.0000    1.0000
...     2 G-C ...
   -0.5555   -1.1003    3.3981
    0.7749    0.6051    0.1828
   -0.5991    0.7953   -0.0929
   -0.2016   -0.0375    0.9787
...     3 T-A ...
   -0.6619   -3.0237    6.5348
    0.3046    0.9250    0.2271
   -0.8994    0.3578   -0.2510
   -0.3134   -0.1278    0.9410
...     4 G-C ...
   -1.1607   -3.8418    9.6940
   -0.3351    0.9421    0.0133
   -0.8752   -0.3061   -0.3746
   -0.3489   -0.1372    0.9271
...     5 A-T ...
   -1.3881   -3.6770   12.8999
   -0.7835    0.6162   -0.0801
   -0.5677   -0.7622   -0.3109
   -0.2527   -0.1981    0.9470
...     6 G-C ...
   -2.6236   -3.5448   15.7072
   -0.9923    0.0611   -0.1075
   -0.0294   -0.9610   -0.2748
   -0.1201   -0.2695    0.9555
...     7 C-G ...
   -2.3138   -3.7570   18.8866
   -0.8620   -0.4995   -0.0864
    0.5008   -0.8655    0.0073
   -0.0785   -0.0370    0.9962
...     8 G-C ...
   -3.9561   -6.8109   23.3205
   -0.2581   -0.3560   -0.8981
    0.6294   -0.7673    0.1233
   -0.7330   -0.5335    0.4221
...     9 C-G ...
   -6.1177   -8.9414   24.2385
    0.1143   -0.7320   -0.6716
    0.8123   -0.3203    0.4874
   -0.5720   -0.6013    0.5580
...    10 T-A ...
   -8.5041   -9.6771   26.0540
    0.4660   -0.8587   -0.2131
    0.6274    0.1508    0.7640
   -0.6239   -0.4897    0.6090
...    11 C-G ...
  -11.0625  -11.3174   27.2336
    0.6660   -0.6911    0.2808
    0.3382    0.6152    0.7121
   -0.6649   -0.3794    0.6435
...    12 A-T ...
  -13.0013  -13.1789   29.0658
    0.7188   -0.1490    0.6790
   -0.1787    0.9043    0.3876
   -0.6718   -0.4000    0.6235
...    13 C-G ...
  -14.1788  -15.9359   31.3399
    0.4052    0.2865    0.8682
   -0.5270    0.8492   -0.0343
   -0.7470   -0.4437    0.4951
...    14 A-T ...
  -15.9532  -18.1566   33.3080
   -0.1503    0.6873    0.7107
   -0.6106    0.5008   -0.6135
   -0.7776   -0.5261    0.3444
...    15 A-T ...
  -18.3224  -19.9452   34.6287
   -0.4766    0.8461    0.2386
   -0.4026    0.0312   -0.9149
   -0.7815   -0.5321    0.3258
...    16 T-A ...
  -20.6725  -21.5150   36.3074
   -0.6046    0.7540   -0.2566
   -0.1027   -0.3933   -0.9137
   -0.7898   -0.5261    0.3153
...    17 T-A ...
  -23.2528  -23.0545   37.5109
   -0.5348    0.4218   -0.7322
    0.2555   -0.7453   -0.6159
   -0.8054   -0.5164    0.2908
...    18 T-A ...
  -25.9698  -24.4994   38.5039
   -0.2719   -0.0436   -0.9613
    0.5048   -0.8570   -0.1039
   -0.8193   -0.5135    0.2550
...    19 A-T ...
  -28.8654  -26.0570   39.0564
    0.1601   -0.4340   -0.8866
    0.5329   -0.7180    0.4477
   -0.8309   -0.5441    0.1164
...    20 T-A ...
  -31.8492  -27.4164   38.9413
    0.4198   -0.7243   -0.5470
    0.3713   -0.4129    0.8317
   -0.8282   -0.5522    0.0956
...    21 T-A ...
  -34.5925  -29.1470   38.9548
    0.5592   -0.8289    0.0159
    0.0576    0.0580    0.9967
   -0.8271   -0.5564    0.0802
...    22 C-G ...
  -37.2027  -31.1209   39.1140
    0.5037   -0.6265    0.5947
   -0.3027    0.5168    0.8008
   -0.8091   -0.5834    0.0707
...    23 G-C ...
  -39.9689  -32.8953   39.7398
    0.3061   -0.1817    0.9345
   -0.5688    0.7523    0.3325
   -0.7634   -0.6333    0.1269
...    24 C-G ...
  -42.2192  -35.3011   40.1847
   -0.0374    0.2774    0.9600
   -0.6509    0.7222   -0.2340
   -0.7582   -0.6337    0.1535
...    25 A-T ...
  -44.9079  -37.2104   40.5793
   -0.3540    0.6855    0.6362
   -0.5197    0.4214   -0.7432
   -0.7776   -0.5937    0.2070
...    26 A-T ...
  -47.3109  -39.2020   41.4929
   -0.5993    0.7943    0.1002
   -0.2107   -0.0357   -0.9769
   -0.7723   -0.6065    0.1888
...    27 A-T ...
  -49.8106  -41.0859   42.3541
   -0.6109    0.6356   -0.4720
    0.1768   -0.4715   -0.8639
   -0.7717   -0.6112    0.1757
...    28 G-C ...
  -52.5114  -42.8473   43.0864
   -0.3642    0.3467   -0.8644
    0.4714   -0.7319   -0.4921
   -0.8032   -0.5867    0.1031
...    29 G-C ...
  -55.4467  -44.4893   43.3827
    0.0314   -0.0321   -0.9990
    0.5765   -0.8159    0.0443
   -0.8165   -0.5774   -0.0071
...    30 C-G ...
  -58.3574  -46.0149   43.0922
    0.3896   -0.4246   -0.8173
    0.4540   -0.6835    0.5715
   -0.8013   -0.5937   -0.0735
...    31 C-G ...
  -61.0582  -47.9106   42.3813
    0.6511   -0.6594   -0.3758
    0.1443   -0.3786    0.9142
   -0.7451   -0.6495   -0.1514
...    32 G-C ...
  -63.3269  -50.3527   42.0914
    0.7053   -0.6775    0.2088
   -0.2845   -0.0007    0.9587
   -0.6493   -0.7355   -0.1932
...    33 G-C ...
  -65.1747  -53.0429   41.2206
    0.4846   -0.5130    0.7085
   -0.6508    0.3297    0.6839
   -0.5844   -0.7926   -0.1741
...    34 C-G ...
  -66.7214  -55.9071   40.5512
    0.0629   -0.2252    0.9723
   -0.8251    0.5364    0.1776
   -0.5615   -0.8134   -0.1521
...    35 C-G ...
  -68.3967  -58.8227   40.2491
   -0.3734    0.1513    0.9153
   -0.7390    0.5479   -0.3920
   -0.5608   -0.8228   -0.0928
...    36 C-G ...
  -70.1813  -61.6904   40.2105
   -0.6877    0.4731    0.5506
   -0.4187    0.3611   -0.8333
   -0.5930   -0.8036   -0.0502
...    37 G-C ...
  -72.2838  -64.2330   39.6191
   -0.7511    0.6600   -0.0146
    0.0441    0.0281   -0.9986
   -0.6587   -0.7507   -0.0502
...    38 A-T ...
  -74.4252  -66.7169   39.5549
   -0.5601    0.5736   -0.5977
    0.4864   -0.3563   -0.7978
   -0.6706   -0.7375   -0.0794
...    39 C-G ...
  -77.0052  -68.7815   39.6406
   -0.1984    0.3332   -0.9218
    0.7086   -0.6010   -0.3697
   -0.6771   -0.7265   -0.1169
...    40 A-T ...
  -79.2228  -71.2337   39.1504
    0.3170    0.0385   -0.9477
    0.6837   -0.7018    0.2002
   -0.6573   -0.7114   -0.2488
...    41 C-G ...
  -81.6819  -73.0860   38.0051
    0.6591   -0.2877   -0.6949
    0.4140   -0.6325    0.6546
   -0.6278   -0.7191   -0.2977
...    42 G-C ...
  -83.4999  -75.7264   37.0538
    0.8629   -0.4726   -0.1789
   -0.0409   -0.4181    0.9075
   -0.5037   -0.7758   -0.3801
...    43 A-T ...
  -84.9884  -78.2971   35.6901
    0.7026   -0.5888    0.3997
   -0.5502   -0.0932    0.8299
   -0.4514   -0.8029   -0.3894
...    44 C-G ...
  -85.9253  -80.9858   34.0025
    0.3250   -0.5287    0.7841
   -0.8490    0.2020    0.4882
   -0.4165   -0.8244   -0.3832
...    45 T-A ...
  -86.9385  -83.8910   32.7704
   -0.1596   -0.3079    0.9379
   -0.9099    0.4144   -0.0188
   -0.3829   -0.8564   -0.3463
...    46 T-A ...
  -87.8838  -86.8147   31.6841
   -0.6732   -0.0472    0.7380
   -0.6484    0.5174   -0.5584
   -0.3555   -0.8544   -0.3789
...    47 A-T ...
  -89.2087  -89.4117   29.9470
   -0.9515    0.2491    0.1804
   -0.0532    0.4445   -0.8942
   -0.3030   -0.8604   -0.4097
...    48 C-G ...
  -90.3518  -92.4479   29.1640
   -0.8332    0.4538   -0.3160
    0.4602    0.2522   -0.8512
   -0.3066   -0.8547   -0.4190
...    49 T-A ...
  -91.6444  -95.2565   27.9467
   -0.4467    0.5637   -0.6948
    0.8339   -0.0190   -0.5516
   -0.3241   -0.8258   -0.4616
...    50 G-C ...
  -92.6586  -97.9340   26.2386
    0.1315    0.5541   -0.8220
    0.9410   -0.3305   -0.0723
   -0.3117   -0.7641   -0.5648
...    51 T-A ...
  -94.1882 -100.0806   24.2689
    0.6125    0.3504   -0.7085
    0.7418   -0.5643    0.3623
   -0.2729   -0.7475   -0.6056
...    52 A-T ...
  -95.0872 -102.2723   21.9166
    0.9468    0.1252   -0.2966
    0.2972   -0.6941    0.6557
   -0.1238   -0.7089   -0.6944
...    53 G-C ...
  -95.3665 -104.3441   19.3706
    0.9729   -0.1752    0.1511
   -0.2306   -0.6820    0.6941
   -0.0185   -0.7101   -0.7039
...    54 G-C ...
  -94.9248 -106.5496   16.8595
    0.6991   -0.4344    0.5679
   -0.7082   -0.5298    0.4665
    0.0983   -0.7284   -0.6781
...    55 T-A ...
  -93.9898 -108.6925   14.5371
    0.2267   -0.6234    0.7484
   -0.9647   -0.2496    0.0843
    0.1342   -0.7410   -0.6579
...    56 A-T ...
  -93.8303 -111.2267   12.3439
   -0.4150   -0.6522    0.6343
   -0.8949    0.1672   -0.4137
    0.1637   -0.7394   -0.6531
...    57 T-A ...
  -92.7431 -113.8395   10.6169
   -0.8101   -0.4960    0.3128
   -0.5552    0.4771   -0.6813
    0.1887   -0.7256   -0.6618
...    58 C-G ...
  -92.1190 -116.3185    8.5386
   -0.9795   -0.1200   -0.1620
    0.0380    0.6794   -0.7328
    0.1980   -0.7239   -0.6609
...    59 T-A ...
  -91.6382 -118.9228    6.5260
   -0.8143    0.2802   -0.5084
    0.5521    0.6443   -0.5291
    0.1793   -0.7116   -0.6794
...    60 C-G ...
  -91.0829 -121.3387    4.3649
   -0.3375    0.6251   -0.7038
    0.9217    0.3715   -0.1121
    0.1914   -0.6865   -0.7015
...    61 G-C ...
  -90.0719 -123.5665    2.0889
    0.1890    0.8170   -0.5448
    0.9520   -0.0165    0.3055
    0.2407   -0.5764   -0.7810
...    62 A-T ...
  -89.3729 -125.4258   -0.4821
    0.6756    0.7056   -0.2138
    0.6752   -0.4757    0.5637
    0.2961   -0.5252   -0.7978
...    63 G-C ...
  -88.4497 -126.8335   -3.3044
    0.8843    0.4256    0.1919
    0.2466   -0.7748    0.5821
    0.3964   -0.4674   -0.7901
...    64 C-G ...
  -87.0014 -127.8460   -6.0667
    0.8467   -0.0104    0.5320
   -0.2410   -0.8988    0.3661
    0.4744   -0.4382   -0.7635
...    65 T-A ...
  -85.1121 -128.9569   -8.5187
    0.5601   -0.4318    0.7070
   -0.6074   -0.7944   -0.0039
    0.5633   -0.4272   -0.7072
...    66 C-G ...
  -83.0626 -130.3955  -10.6116
    0.0887   -0.7995    0.5940
   -0.7904   -0.4194   -0.4465
    0.6061   -0.4299   -0.6692
...    67 G-C ...
  -81.3654 -132.2049  -12.8582
   -0.4079   -0.8697    0.2777
   -0.6534    0.0656   -0.7542
    0.6377   -0.4891   -0.5951
...    68 G-C ...
  -79.1503 -134.0853  -14.5856
   -0.7221   -0.6717   -0.1656
   -0.2984    0.5183   -0.8014
    0.6242   -0.5293   -0.5747
...    69 G-C ...
  -77.0380 -136.0598  -16.3371
   -0.7871   -0.2522   -0.5629
    0.1555    0.8020   -0.5767
    0.5969   -0.5415   -0.5920
...    70 A-T ...
  -75.0080 -137.9120  -18.1498
   -0.5409    0.2770   -0.7942
    0.5776    0.8087   -0.1113
    0.6114   -0.5189   -0.5974
...    71 T-A ...
  -73.4841 -140.0721  -20.1302
   -0.1689    0.6475   -0.7431
    0.7589    0.5665    0.3211
    0.6289   -0.5097   -0.5871
...    72 C-G ...
  -71.4820 -141.8135  -22.0542
    0.2656    0.8856   -0.3811
    0.7016    0.0936    0.7064
    0.6613   -0.4550   -0.5964
...    73 C-G ...
  -69.4780 -143.2655  -24.3515
    0.4986    0.8573    0.1282
    0.4574   -0.3858    0.8012
    0.7364   -0.3409   -0.5845
...    74 G-C ...
  -66.8091 -144.3172  -26.0577
    0.5144    0.5753    0.6359
    0.1584   -0.7925    0.5889
    0.8428   -0.2022   -0.4988
...    75 C-G ...
  -63.9772 -144.3902  -27.7128
    0.4496    0.0837    0.8893
   -0.1015   -0.9844    0.1439
    0.8875   -0.1549   -0.4340
...    76 T-A ...
  -60.9045 -144.5153  -28.8882
    0.2570   -0.4242    0.8683
   -0.2552   -0.8964   -0.3624
    0.9321   -0.1284   -0.3387
...    77 T-A ...
  -57.7874 -144.7022  -29.7641
    0.0752   -0.8582    0.5078
   -0.3288   -0.5021   -0.7999
    0.9414   -0.1068   -0.3199
...    78 T-A ...
  -54.6170 -144.9149  -30.4806
   -0.0834   -0.9947   -0.0601
   -0.3002    0.0826   -0.9503
    0.9502   -0.0612   -0.3055
...    79 T-A ...
  -51.4186 -145.1411  -31.1056
   -0.1770   -0.7632   -0.6214
   -0.2040    0.6461   -0.7355
    0.9628   -0.0034   -0.2701
...    80 C-G ...
  -48.2219 -145.2370  -31.9087
   -0.2512   -0.2258   -0.9412
   -0.0707    0.9741   -0.2148
    0.9654    0.0126   -0.2606
...    81 A-T ...
  -45.0215 -144.8579  -32.6726
   -0.3064    0.3788   -0.8733
    0.0725    0.9240    0.3754
    0.9491    0.0517   -0.3106
...    82 T-A ...
  -42.0539 -145.2201  -34.0541
   -0.2326    0.7918   -0.5648
    0.1977    0.6071    0.7697
    0.9523    0.0674   -0.2977
...    83 G-C ...
  -38.8981 -144.8030  -35.0397
   -0.2251    0.9742   -0.0138
    0.2888    0.0802    0.9540
    0.9306    0.2108   -0.2994
...    84 T-A ...
  -36.1431 -143.9160  -36.5472
   -0.1181    0.8643    0.4889
    0.3616   -0.4212    0.8318
    0.9248    0.2750   -0.2628
...    85 T-A ...
  -33.2681 -142.8085  -37.4746
    0.0290    0.4783    0.8777
    0.3842   -0.8159    0.4320
    0.9228    0.3247   -0.2074
...    86 A-T ...
  -30.3880 -141.1591  -37.8739
    0.0396   -0.0722    0.9966
    0.3846   -0.9195   -0.0819
    0.9222    0.3865   -0.0086
...    87 T-A ...
  -27.6924 -139.3234  -37.6103
    0.2034   -0.5261    0.8257
    0.3372   -0.7541   -0.5635
    0.9192    0.3930    0.0240
...    88 A-T ...
  -24.5885 -138.1417  -37.4052
    0.3231   -0.8831    0.3402
    0.2056   -0.2854   -0.9361
    0.9238    0.3724    0.0894
...    89 A-T ...
  -21.6386 -136.9213  -36.7553
    0.4225   -0.8703   -0.2533
   -0.0090    0.2754   -0.9613
    0.9063    0.4084    0.1086
...    90 C-G ...
  -18.5778 -135.9172  -35.8401
    0.3640   -0.5911   -0.7198
   -0.2212    0.6959   -0.6833
    0.9047    0.4079    0.1226
...    91 G-C ...
  -15.7559 -134.1500  -35.6625
    0.1276   -0.1126   -0.9854
   -0.3899    0.9079   -0.1542
    0.9120    0.4039    0.0719
...    92 G-C ...
  -12.5955 -133.0153  -35.3433
   -0.1612    0.3729   -0.9138
   -0.4136    0.8151    0.4056
    0.8961    0.4433    0.0228
...    93 A-T ...
   -9.6159 -131.6853  -35.2159
   -0.4063    0.7568   -0.5120
   -0.2673    0.4374    0.8586
    0.8738    0.4857    0.0245
...    94 A-T ...
   -6.7852 -130.1332  -35.3775
   -0.5151    0.8559    0.0463
   -0.0101   -0.0600    0.9981
    0.8571    0.5136    0.0395
...    95 A-T ...
   -4.1115 -128.3336  -35.4407
   -0.4851    0.6547    0.5797
    0.2756   -0.5146    0.8119
    0.8299    0.5536    0.0692
...    96 C-G ...
   -1.7671 -126.0727  -35.5455
   -0.3381    0.2678    0.9022
    0.4997   -0.7613    0.4132
    0.7975    0.5906    0.1236
...    97 A-T ...
    0.7615 -123.9848  -34.8956
   -0.1375   -0.2694    0.9532
    0.6560   -0.7458   -0.1162
    0.7422    0.6093    0.2792
...    98 C-G ...
    2.6795 -121.6260  -33.6395
    0.1839   -0.6380    0.7478
    0.6636   -0.4806   -0.5732
    0.7251    0.6017    0.3350
...    99 T-A ...
    4.8512 -119.6549  -32.1196
    0.4643   -0.8246    0.3233
    0.5151   -0.0455   -0.8559
    0.7205    0.5639    0.4036
...   100 T-A ...
    7.0198 -117.8555  -30.4900
    0.7022   -0.6812   -0.2070
    0.1648    0.4384   -0.8835
    0.6926    0.5863    0.4202
...   101 T-A ...
    9.2038 -116.1182  -28.8017
    0.7050   -0.2735   -0.6543
   -0.2739    0.7460   -0.6070
    0.6542    0.6072    0.4510
...   102 A-T ...
   11.0462 -113.6806  -27.3675
    0.4047    0.2939   -0.8659
   -0.6778    0.7320   -0.0684
    0.6138    0.6146    0.4955
...   103 T-A ...
   13.5361 -112.1334  -25.8412
    0.0133    0.6322   -0.7747
   -0.7998    0.4718    0.3713
    0.6002    0.6146    0.5119
...   104 G-C ...
   15.3503 -109.9487  -24.1221
   -0.4960    0.7167   -0.4903
   -0.6749    0.0370    0.7369
    0.5463    0.6964    0.4653
...   105 C-G ...
   17.3502 -107.6027  -22.9709
   -0.8151    0.5766   -0.0563
   -0.3118   -0.3548    0.8814
    0.4882    0.7360    0.4690
...   106 T-A ...
   18.8052 -104.9358  -21.7084
   -0.9051    0.2431    0.3488
    0.1505   -0.5841    0.7976
    0.3976    0.7744    0.4921
...   107 T-A ...
   19.9145 -102.2772  -20.2579
   -0.6971   -0.1544    0.7002
    0.6241   -0.6114    0.4865
    0.3529    0.7761    0.5225
...   108 C-G ...
   20.8197  -99.7431  -18.4392
   -0.2426   -0.5210    0.8183
    0.9212   -0.3882    0.0259
    0.3042    0.7601    0.5742
...   109 C-G ...
   21.4072  -97.3064  -16.1808
    0.2533   -0.7144    0.6523
    0.9275   -0.0123   -0.3736
    0.2749    0.6997    0.6595
...   110 G-C ...
   22.6989  -95.1942  -13.9477
    0.6949   -0.6642    0.2757
    0.6579    0.4323   -0.6166
    0.2904    0.6098    0.7374
...   111 G-C ...
   23.6655  -93.4840  -11.1979
    0.9231   -0.3569   -0.1435
    0.1902    0.7476   -0.6363
    0.3344    0.5601    0.7580
...   112 C-G ...
   24.8506  -91.9830   -8.4779
    0.8698    0.1015   -0.4829
   -0.3428    0.8282   -0.4433
    0.3549    0.5511    0.7552
...   113 T-A ...
   26.2636  -90.3909   -5.9312
    0.5457    0.5092   -0.6656
   -0.7492    0.6522   -0.1152
    0.3754    0.5615    0.7374
...   114 C-G ...
   27.5710  -88.6083   -3.5006
   -0.0077    0.7858   -0.6184
   -0.9316    0.2192    0.2901
    0.3635    0.5783    0.7304
...   115 G-C ...
   28.3786  -86.6897   -0.8903
   -0.5587    0.7041   -0.4384
   -0.7761   -0.2573    0.5757
    0.2925    0.6619    0.6902
...   116 T-A ...
   29.6453  -84.2404    0.9145
   -0.8903    0.4409   -0.1140
   -0.3822   -0.5873    0.7135
    0.2476    0.6787    0.6914
...   117 A-T ...
   30.2732  -81.7701    3.0496
   -0.9809   -0.0433    0.1898
    0.1634   -0.7134    0.6814
    0.1059    0.6994    0.7068
...   118 T-A ...
   30.2787  -79.0848    4.9150
   -0.7767   -0.4105    0.4777
    0.6251   -0.5950    0.5052
    0.0768    0.6910    0.7188
...   119 A-T ...
   30.0867  -76.8028    7.3340
   -0.3276   -0.7582    0.5637
    0.9446   -0.2507    0.2118
   -0.0192    0.6019    0.7984
...   120 A-T ...
   29.7133  -74.9188    9.9398
    0.2516   -0.7816    0.5708
    0.9672    0.2241   -0.1194
   -0.0346    0.5821    0.8124
...   121 T-A ...
   28.9883  -73.3511   12.7395
    0.7010   -0.5675    0.4319
    0.7120    0.5914   -0.3784
   -0.0407    0.5728    0.8187
...   122 G-C ...
   29.1393  -71.4464   15.4508
    0.9812   -0.1768    0.0770
    0.1909    0.8328   -0.5197
    0.0277    0.5246    0.8509
...   123 T-A ...
   29.2843  -70.2782   18.5600
    0.9367    0.2772   -0.2137
   -0.3477    0.8073   -0.4769
    0.0403    0.5210    0.8526
...   124 G-C ...
   29.3858  -68.3057   21.2194
    0.5646    0.6551   -0.5020
   -0.8201    0.5136   -0.2522
    0.0926    0.5541    0.8273
...   125 T-A ...
   30.2685  -66.6899   23.9891
    0.0536    0.8184   -0.5722
   -0.9948    0.0934    0.0404
    0.0865    0.5670    0.8191
...   126 C-G ...
   30.6478  -64.8083   26.6460
   -0.5397    0.7027   -0.4636
   -0.8393   -0.4063    0.3612
    0.0654    0.5841    0.8091
...   127 G-C ...
   30.5537  -63.0533   29.4773
   -0.9116    0.2912   -0.2903
   -0.4084   -0.7226    0.5576
   -0.0474    0.6269    0.7777
...   128 A-T ...
   30.4002  -60.9278   31.9415
   -0.9770   -0.2098    0.0371
    0.1866   -0.7588    0.6240
   -0.1027    0.6166    0.7805
...   129 C-G ...
   29.7114  -58.5383   34.0862
   -0.7403   -0.5972    0.3088
    0.6556   -0.5396    0.5283
   -0.1489    0.5935    0.7910
...   130 C-G ...
   28.7482  -56.5457   36.6318
   -0.2673   -0.8522    0.4497
    0.9403   -0.1287    0.3151
   -0.2107    0.5071    0.8358
...   131 A-T ...
   28.0074  -55.0189   39.5007
    0.3140   -0.8411    0.4404
    0.9227    0.3796    0.0673
   -0.2238    0.3852    0.8953
...   132 A-T ...
   27.0684  -54.0022   42.4306
    0.7771   -0.4901    0.3949
    0.5872    0.7904   -0.1744
   -0.2267    0.3674    0.9020
...   133 A-T ...
   26.2503  -53.1098   45.4425
    0.9709    0.0419    0.2358
    0.0462    0.9332   -0.3564
   -0.2350    0.3569    0.9041
...   134 T-A ...
   25.6207  -52.5913   48.6399
    0.8597    0.5097    0.0340
   -0.4497    0.7866   -0.4231
   -0.2424    0.3485    0.9054
...   135 G-C ...
   25.2756  -52.5096   52.0790
    0.3204    0.9427   -0.0928
   -0.8825    0.2614   -0.3910
   -0.3443    0.2071    0.9157
...   136 T-A ...
   25.5257  -52.9787   55.8048
   -0.2439    0.9563   -0.1610
   -0.8908   -0.2866   -0.3525
   -0.3833    0.0575    0.9218
...   137 G-C ...
   24.8932  -52.7377   58.9864
   -0.7529    0.5562   -0.3519
   -0.5215   -0.8303   -0.1966
   -0.4015    0.0355    0.9152
...   138 A-T ...
   24.0142  -51.6374   61.9241
   -0.9563    0.0401   -0.2896
   -0.0524   -0.9980    0.0347
   -0.2876    0.0484    0.9565
...   139 G-C ...
   22.3466  -51.2411   64.4939
   -0.8529   -0.5118   -0.1033
    0.4974   -0.8566    0.1373
   -0.1587    0.0657    0.9851
...   140 C-G ...
   22.1502  -50.1498   67.4637
   -0.4681   -0.8748    0.1248
    0.8495   -0.4066    0.3362
   -0.2434    0.2634    0.9335
...   141 G-C ...
   21.4256  -51.8266   72.7875
    0.1303   -0.7143   -0.6876
    0.8897   -0.2217    0.3990
   -0.4375   -0.6638    0.6066
...   142 C-G ...
   20.4245  -54.3094   74.5417
    0.5846   -0.7390   -0.3348
    0.7594    0.3532    0.5465
   -0.2856   -0.5737    0.7676
...   143 T-A ...
   18.4270  -55.5290   76.5298
    0.8548   -0.5005    0.1370
    0.3188    0.7148    0.6224
   -0.4095   -0.4884    0.7706
...   144 C-G ...
   16.8371  -57.7222   78.2673
    0.8529   -0.0846    0.5151
   -0.1508    0.9048    0.3983
   -0.4998   -0.4174    0.7589
...   145 A-T ...
   15.7828  -59.5615   80.7980
    0.5516    0.4995    0.6680
   -0.6739    0.7388    0.0039
   -0.4916   -0.4523    0.7441
...   146 C-G ...
   15.7314  -61.4940   83.9315
    0.0344    0.7399    0.6718
   -0.8637    0.3602   -0.3526
   -0.5029   -0.5681    0.6514
...   147 A-T ...
   14.7383  -63.4279   86.8191
   -0.5924    0.6746    0.4405
   -0.6886   -0.1401   -0.7114
   -0.4182   -0.7248    0.5475
