  147 base-pairs
...     1 T-A ...
    0.0000    0.0000    0.0000
    1.0000    0.0000    0.0000
    0.0000    1.0000    0.0000
    0.0000    0.0000    1.0000
...     2 G-C ...
   -0.5555   -1.1003    3.3981
    0.7749    0.6051    0.1828
   -0.5991    0.7953   -0.0929
   -0.2016   -0.0375    0.9787
...     3 T-A ...
   -0.6619   -3.0237    6.5348
    0.3046    0.9250    0.2271
   -0.8994    0.3578   -0.2510
   -0.3134   -0.1278    0.9410
...     4 G-C ...
   -1.1607   -3.8418    9.6940
   -0.3351    0.9421    0.0133
   -0.8752   -0.3061   -0.3746
   -0.3489   -0.1372    0.9271
...     5 A-T ...
   -1.3881   -3.6770   12.8999
   -0.7835    0.6162   -0.0801
   -0.5677   -0.7622   -0.3109
   -0.2527   -0.1981    0.9470
...     6 G-C ...
   -2.6236   -3.5448   15.7072
   -0.9923    0.0611   -0.1075
   -0.0294   -0.9610   -0.2748
   -0.1201   -0.2695    0.9555
...     7 C-G ...
   -2.3138   -3.7570   18.8866
   -0.8620   -0.4995   -0.0864
    0.5008   -0.8655    0.0073
   -0.0785   -0.0370    0.9962
...     8 G-C ...
   -3.9561   -6.8109   23.3205
   -0.2581   -0.3560   -0.8981
    0.6294   -0.7673    0.1233
   -0.7330   -0.5335    0.4221
...     9 C-G ...
   -6.1177   -8.9414   24.2385
    0.1143   -0.7320   -0.6716
    0.8123   -0.3203    0.4874
   -0.5720   -0.6013    0.5580
...    10 T-A ...
   -8.5041   -9.6771   26.0540
    0.4660   -0.8587   -0.2131
    0.6274    0.1508    0.7640
   -0.6239   -0.4897    0.6090
...    11 C-G ...
  -11.0625  -11.3174   27.2336
    0.6660   -0.6911    0.2808
    0.3382    0.6152    0.7121
   -0.6649   -0.3794    0.6435
...    12 A-T ...
  -13.0013  -13.1789   29.0658
    0.7188   -0.1490    0.6790
   -0.1787    0.9043    0.3876
   -0.6718   -0.4000    0.6235
...    13 C-G ...
  -14.1788  -15.9359   31.3399
    0.4052    0.2865    0.8682
   -0.5270    0.8492   -0.0343
   -0.7470   -0.4437    0.4951
...    14 A-T ...
  -15.9532  -18.1566   33.3080
   -0.1503    0.6873    0.7107
   -0.6106    0.5008   -0.6135
   -0.7776   -0.5261    0.3444
...    15 A-T ...
  -18.3181  -19.9511   34.6301
   -0.4795    0.8442    0.2394
   -0.4015    0.0316   -0.9153
   -0.7803   -0.5351    0.3238
...    16 T-A ...
  -20.6640  -21.5349   36.3036
   -0.6080    0.7517   -0.2555
   -0.0994   -0.3914   -0.9148
   -0.7877   -0.5308    0.3127
...    17 T-A ...
  -23.2352  -23.0933   37.5020
   -0.5364    0.4210   -0.7315
    0.2613   -0.7413   -0.6182
   -0.8025   -0.5228    0.2876
...    18 T-A ...
  -25.9419  -24.5616   38.4853
   -0.2692   -0.0399   -0.9622
    0.5112   -0.8527   -0.1077
   -0.8162   -0.5209    0.2500
...    19 A-T ...
  -28.8423  -26.1201   39.0079
    0.1689   -0.4187   -0.8923
    0.5370   -0.7200    0.4395
   -0.8265   -0.5534    0.1032
...    20 T-A ...
  -31.8085  -27.5066   38.8523
    0.4313   -0.7095   -0.5573
    0.3707   -0.4238    0.8264
   -0.8225   -0.5630    0.0802
...    21 T-A ...
  -34.5261  -29.2729   38.8157
    0.5714   -0.8207    0.0021
    0.0506    0.0378    0.9980
   -0.8191   -0.5701    0.0631
...    22 C-G ...
  -37.0976  -31.2968   38.9162
    0.5109   -0.6315    0.5833
   -0.3166    0.4926    0.8106
   -0.7992   -0.5988    0.0518
...    23 G-C ...
  -39.8229  -33.1461   39.4915
    0.3031   -0.1994    0.9319
   -0.5868    0.7315    0.3474
   -0.7509   -0.6521    0.1047
...    24 C-G ...
  -42.0236  -35.6094   39.8639
   -0.0514    0.2505    0.9668
   -0.6654    0.7133   -0.2202
   -0.7447   -0.6546    0.1300
...    25 A-T ...
  -44.6717  -37.5854   40.1781
   -0.3780    0.6580    0.6513
   -0.5226    0.4291   -0.7368
   -0.7642   -0.6189    0.1816
...    26 A-T ...
  -47.0278  -39.6686   41.0087
   -0.6232    0.7735    0.1157
   -0.1978   -0.0128   -0.9802
   -0.7567   -0.6337    0.1610
...    27 A-T ...
  -49.4780  -41.6526   41.7836
   -0.6247    0.6302   -0.4611
    0.2026   -0.4395   -0.8751
   -0.7542   -0.6401    0.1468
...    28 G-C ...
  -52.1266  -43.5226   42.4254
   -0.3637    0.3619   -0.8584
    0.5021   -0.7000   -0.5078
   -0.7846   -0.6157    0.0728
...    29 G-C ...
  -55.0039  -45.2730   42.6342
    0.0473    0.0029   -0.9989
    0.6042   -0.7964    0.0262
   -0.7954   -0.6048   -0.0394
...    30 C-G ...
  -57.8529  -46.8851   42.2464
    0.4176   -0.3804   -0.8252
    0.4702   -0.6867    0.5545
   -0.7775   -0.6195   -0.1079
...    31 C-G ...
  -60.4662  -48.8506   41.4160
    0.6826   -0.6186   -0.3890
    0.1444   -0.4076    0.9017
   -0.7164   -0.6717   -0.1889
...    32 G-C ...
  -62.6169  -51.3739   40.9797
    0.7302   -0.6550    0.1943
   -0.3004   -0.0523    0.9524
   -0.6137   -0.7538   -0.2350
...    33 G-C ...
  -64.3153  -54.1121   39.9651
    0.4950   -0.5207    0.6956
   -0.6771    0.2706    0.6843
   -0.5446   -0.8097   -0.2187
...    34 C-G ...
  -65.7127  -57.0151   39.1506
    0.0557   -0.2645    0.9628
   -0.8525    0.4893    0.1837
   -0.5197   -0.8310   -0.1982
...    35 C-G ...
  -67.2415  -59.9903   38.6923
   -0.3980    0.0921    0.9127
   -0.7570    0.5290   -0.3835
   -0.5182   -0.8436   -0.1408
...    36 C-G ...
  -68.8811  -62.9358   38.4843
   -0.7219    0.4132    0.5551
   -0.4188    0.3779   -0.8257
   -0.5509   -0.8286   -0.0997
...    37 G-C ...
  -70.8312  -65.5515   37.7199
   -0.7839    0.6209   -0.0032
    0.0652    0.0772   -0.9949
   -0.6175   -0.7801   -0.1010
...    38 A-T ...
  -72.8312  -68.1401   37.4877
   -0.5756    0.5716   -0.5847
    0.5232   -0.2921   -0.8006
   -0.6284   -0.7668   -0.1310
...    39 C-G ...
  -75.2956  -70.3391   37.4094
   -0.1940    0.3666   -0.9099
    0.7485   -0.5442   -0.3789
   -0.6341   -0.7546   -0.1688
...    40 A-T ...
  -77.3637  -72.8781   36.7446
    0.3373    0.1027   -0.9358
    0.7160   -0.6734    0.1842
   -0.6112   -0.7321   -0.3006
...    41 C-G ...
  -79.6849  -74.7988   35.4419
    0.6909   -0.2156   -0.6901
    0.4324   -0.6417    0.6334
   -0.5793   -0.7361   -0.3501
...    42 G-C ...
  -81.3224  -77.4803   34.3018
    0.8928   -0.4134   -0.1788
   -0.0393   -0.4670    0.8834
   -0.4487   -0.7817   -0.4332
...    43 A-T ...
  -82.6199  -80.0561   32.7655
    0.7257   -0.5681    0.3881
   -0.5642   -0.1686    0.8082
   -0.3937   -0.8055   -0.4429
...    44 C-G ...
  -83.3520  -82.7003   30.9148
    0.3363   -0.5502    0.7643
   -0.8714    0.1261    0.4741
   -0.3573   -0.8255   -0.4370
...    45 T-A ...
  -84.1566  -85.5885   29.5031
   -0.1639   -0.3666    0.9158
   -0.9323    0.3609   -0.0224
   -0.3223   -0.8575   -0.4010
...    46 T-A ...
  -84.8954  -88.4998   28.2386
   -0.6870   -0.1262    0.7156
   -0.6645    0.5077   -0.5484
   -0.2941   -0.8522   -0.4327
...    47 A-T ...
  -86.0137  -91.0720   26.3298
   -0.9688    0.1827    0.1673
   -0.0584    0.4881   -0.8708
   -0.2407   -0.8534   -0.4623
...    48 C-G ...
  -86.9487  -94.1231   25.3574
   -0.8513    0.4204   -0.3140
    0.4642    0.3243   -0.8242
   -0.2447   -0.8474   -0.4713
...    49 T-A ...
  -88.0385  -96.9315   23.9591
   -0.4635    0.5730   -0.6759
    0.8461    0.0596   -0.5296
   -0.2632   -0.8174   -0.5124
...    50 G-C ...
  -88.8414  -99.5663   22.0832
    0.1171    0.6033   -0.7888
    0.9604   -0.2709   -0.0646
   -0.2526   -0.7501   -0.6112
...    51 T-A ...
  -90.1921 -101.6893   19.9635
    0.6066    0.4217   -0.6739
    0.7655   -0.5386    0.3520
   -0.2145   -0.7294   -0.6495
...    52 A-T ...
  -90.8989 -103.8100   17.4860
    0.9445    0.1915   -0.2670
    0.3213   -0.7086    0.6282
   -0.0689   -0.6791   -0.7308
...    53 G-C ...
  -91.0042 -105.7632   14.8347
    0.9777   -0.1297    0.1652
   -0.2071   -0.7267    0.6550
    0.0351   -0.6746   -0.7373
...    54 G-C ...
  -90.3929 -107.8121   12.2268
    0.7103   -0.4234    0.5624
   -0.6875   -0.5886    0.4253
    0.1509   -0.6887   -0.7092
...    55 T-A ...
  -89.2977 -109.7860    9.8254
    0.2457   -0.6450    0.7236
   -0.9513   -0.3039    0.0522
    0.1862   -0.7012   -0.6882
...    56 A-T ...
  -88.9287 -112.2006    7.5317
   -0.3884   -0.6981    0.6015
   -0.8964    0.1351   -0.4221
    0.2135   -0.7031   -0.6783
...    57 T-A ...
  -87.6761 -114.6789    5.7242
   -0.7865   -0.5494    0.2819
   -0.5707    0.4722   -0.6718
    0.2360   -0.6893   -0.6850
...    58 C-G ...
  -86.8968 -117.0413    3.5671
   -0.9701   -0.1644   -0.1786
    0.0107    0.7060   -0.7081
    0.2425   -0.6888   -0.6832
...    59 T-A ...
  -86.2623 -119.5438    1.4729
   -0.8227    0.2564   -0.5074
    0.5240    0.6883   -0.5017
    0.2207   -0.6786   -0.7006
...    60 C-G ...
  -85.5761 -121.8490   -0.7680
   -0.3617    0.6301   -0.6871
    0.9036    0.4184   -0.0920
    0.2295   -0.6541   -0.7207
...    61 G-C ...
  -84.4376 -123.9385   -3.1123
    0.1569    0.8391   -0.5209
    0.9500    0.0160    0.3118
    0.2699   -0.5438   -0.7946
...    62 A-T ...
  -83.6432 -125.6938   -5.7314
    0.6488    0.7362   -0.1923
    0.6903   -0.4632    0.5558
    0.3202   -0.4934   -0.8088
...    63 G-C ...
  -82.6532 -126.9982   -8.5834
    0.8686    0.4511    0.2049
    0.2711   -0.7788    0.5656
    0.4148   -0.4358   -0.7988
...    64 C-G ...
  -81.1711 -127.9094  -11.3664
    0.8456    0.0047    0.5339
   -0.2139   -0.9132    0.3470
    0.4891   -0.4076   -0.7711
...    65 T-A ...
  -79.2483 -128.9141  -13.8408
    0.5719   -0.4290    0.6992
   -0.5853   -0.8106   -0.0186
    0.5747   -0.3986   -0.7147
...    66 C-G ...
  -77.1682 -130.2490  -15.9707
    0.1094   -0.8058    0.5820
   -0.7806   -0.4322   -0.4515
    0.6153   -0.4049   -0.6763
...    67 G-C ...
  -75.4212 -131.9701  -18.2449
   -0.3892   -0.8798    0.2729
   -0.6590    0.0589   -0.7499
    0.6437   -0.4716   -0.6027
...    68 G-C ...
  -73.1810 -133.7989  -19.9924
   -0.7128   -0.6826   -0.1613
   -0.3138    0.5161   -0.7969
    0.6272   -0.5174   -0.5821
...    69 G-C ...
  -71.0738 -135.7527  -21.7696
   -0.7909   -0.2622   -0.5529
    0.1391    0.8029   -0.5797
    0.5959   -0.5354   -0.5985
...    70 A-T ...
  -69.0646 -137.5883  -23.6198
   -0.5544    0.2694   -0.7874
    0.5698    0.8125   -0.1232
    0.6066   -0.5170   -0.6040
...    71 T-A ...
  -67.5562 -139.7484  -25.6139
   -0.1828    0.6420   -0.7446
    0.7606    0.5722    0.3066
    0.6230   -0.5103   -0.5929
...    72 C-G ...
  -65.5761 -141.4854  -27.5663
    0.2613    0.8815   -0.3933
    0.7120    0.0991    0.6951
    0.6517   -0.4616   -0.6018
...    73 C-G ...
  -63.6013 -142.9598  -29.8754
    0.5087    0.8539    0.1100
    0.4668   -0.3809    0.7981
    0.7234   -0.3547   -0.5924
...    74 G-C ...
  -60.9819 -144.0927  -31.6060
    0.5378    0.5735    0.6180
    0.1533   -0.7873    0.5972
    0.8290   -0.2264   -0.5113
...    75 C-G ...
  -58.1937 -144.2686  -33.3308
    0.4693    0.0858    0.8789
   -0.1242   -0.9790    0.1619
    0.8743   -0.1851   -0.4487
...    76 T-A ...
  -55.1530 -144.4998  -34.5743
    0.2622   -0.4158    0.8708
   -0.2913   -0.8944   -0.3394
    0.9200   -0.1647   -0.3557
...    77 T-A ...
  -52.0672 -144.8117  -35.5159
    0.0533   -0.8481    0.5272
   -0.3636   -0.5082   -0.7807
    0.9300   -0.1501   -0.3354
...    78 T-A ...
  -48.9293 -145.1762  -36.2954
   -0.1308   -0.9910   -0.0270
   -0.3156    0.0675   -0.9465
    0.9398   -0.1153   -0.3216
...    79 A-T ...
  -45.8964 -145.2700  -37.8024
   -0.2332   -0.7214   -0.6521
   -0.1673    0.6903   -0.7039
    0.9579   -0.0550   -0.2816
...    80 A-T ...
  -42.7344 -145.6965  -38.4932
   -0.2325   -0.1896   -0.9539
   -0.0257    0.9817   -0.1889
    0.9723   -0.0193   -0.2331
...    81 C-G ...
  -39.5693 -146.3581  -39.2944
   -0.2195    0.3538   -0.9092
    0.0856    0.9353    0.3433
    0.9719   -0.0025   -0.2356
...    82 T-A ...
  -36.4227 -146.5417  -40.3113
   -0.2007    0.7886   -0.5812
    0.1720    0.6124    0.7716
    0.9644    0.0549   -0.2585
...    83 C-G ...
  -33.2885 -146.4071  -41.2239
   -0.1246    0.9921   -0.0149
    0.2431    0.0451    0.9690
    0.9620    0.1171   -0.2467
...    84 A-T ...
  -30.0845 -145.8950  -42.0148
   -0.1242    0.8298    0.5440
    0.2972   -0.4920    0.8183
    0.9467    0.2633   -0.1855
...    85 T-A ...
  -27.2870 -144.5412  -42.9895
   -0.0066    0.4718    0.8817
    0.3299   -0.8313    0.4474
    0.9440    0.2939   -0.1501
...    86 G-C ...
  -24.1480 -143.3970  -43.1060
    0.0266   -0.0962    0.9950
    0.3375   -0.9361   -0.0995
    0.9410    0.3384    0.0075
...    87 T-A ...
  -21.3296 -141.7652  -42.7242
    0.1517   -0.5758    0.8034
    0.3069   -0.7452   -0.5920
    0.9396    0.3363    0.0637
...    88 T-A ...
  -18.3810 -140.5030  -42.2435
    0.3044   -0.8925    0.3330
    0.1906   -0.2854   -0.9393
    0.9333    0.3493    0.0832
...    89 A-T ...
  -15.2359 -139.3590  -42.2254
    0.3769   -0.8728   -0.3102
   -0.0164    0.3286   -0.9443
    0.9261    0.3610    0.1095
...    90 T-A ...
  -12.1740 -138.5396  -41.2513
    0.3443   -0.5722   -0.7444
   -0.2085    0.7264   -0.6548
    0.9154    0.3807    0.1308
...    91 A-T ...
   -9.3191 -136.7782  -40.8833
    0.1836    0.0398   -0.9822
   -0.4059    0.9131   -0.0388
    0.8953    0.4058    0.1838
...    92 A-T ...
   -6.2941 -135.7261  -40.3079
   -0.0575    0.5643   -0.8236
   -0.4635    0.7156    0.5226
    0.8842    0.4118    0.2204
...    93 C-G ...
   -3.1713 -134.6928  -40.0355
   -0.3185    0.8380   -0.4430
   -0.3780    0.3163    0.8701
    0.8693    0.4446    0.2161
...    94 G-C ...
   -0.4133 -133.1432  -38.9885
   -0.5992    0.7984    0.0601
   -0.1521   -0.1872    0.9705
    0.7860    0.5724    0.2336
...    95 G-C ...
    2.1085 -130.9685  -38.5178
   -0.6843    0.5072    0.5239
    0.1959   -0.5641    0.8021
    0.7024    0.6515    0.2867
...    96 A-T ...
    4.2542 -128.7215  -37.5822
   -0.5065    0.0507    0.8607
    0.5642   -0.7354    0.3753
    0.6520    0.6757    0.3439
...    97 A-T ...
    6.1092 -126.3566  -36.4033
   -0.1415   -0.3865    0.9114
    0.7664   -0.6255   -0.1462
    0.6265    0.6778    0.3847
...    98 C-G ...
    7.5912 -123.8797  -34.8153
    0.2445   -0.6765    0.6947
    0.7535   -0.3184   -0.5753
    0.6103    0.6641    0.4319
...    99 T-A ...
    9.3716 -121.7645  -33.0082
    0.5683   -0.7756    0.2748
    0.5505    0.1101   -0.8276
    0.6116    0.6216    0.4895
...   100 T-A ...
   11.1796 -119.8267  -31.1204
    0.8006   -0.5547   -0.2266
    0.1340    0.5344   -0.8345
    0.5841    0.6377    0.5022
...   101 T-A ...
   13.0291 -117.9554  -29.1987
    0.7583   -0.1227   -0.6403
   -0.3514    0.7503   -0.5599
    0.5491    0.6496    0.5258
...   102 A-T ...
   14.5653 -115.4955  -27.5119
    0.3921    0.3847   -0.8356
   -0.7562    0.6521   -0.0546
    0.5239    0.6533    0.5466
...   103 T-A ...
   16.8152 -113.7542  -25.8402
   -0.0382    0.6652   -0.7457
   -0.8579    0.3609    0.3659
    0.5125    0.6536    0.5569
...   104 G-C ...
   18.3424 -111.4416  -24.0141
   -0.5596    0.6760   -0.4795
   -0.6935   -0.0651    0.7175
    0.4538    0.7340    0.5052
...   105 C-G ...
   20.0264 -108.9189  -22.7412
   -0.8709    0.4877   -0.0606
   -0.2923   -0.4149    0.8616
    0.3951    0.7681    0.5039
...   106 T-A ...
   21.1610 -106.1496  -21.3725
   -0.9324    0.1384    0.3340
    0.1940   -0.5881    0.7852
    0.3051    0.7969    0.5214
...   107 T-A ...
   21.9673 -103.4227  -19.8440
   -0.6886   -0.2388    0.6846
    0.6742   -0.5584    0.4834
    0.2669    0.7944    0.5456
...   108 C-G ...
   22.6014 -100.8451  -17.9690
   -0.2005   -0.5578    0.8054
    0.9538   -0.2988    0.0305
    0.2237    0.7743    0.5919
...   109 C-G ...
   22.9361  -98.3850  -15.6874
    0.3124   -0.6985    0.6439
    0.9277    0.0785   -0.3651
    0.2045    0.7113    0.6725
...   110 G-C ...
   24.0054  -96.1740  -13.4400
    0.7480   -0.6054    0.2722
    0.6211    0.4937   -0.6087
    0.2341    0.6243    0.7452
...   111 G-C ...
   24.8003  -94.4091  -10.6750
    0.9490   -0.2807   -0.1434
    0.1311    0.7652   -0.6303
    0.2867    0.5794    0.7630
...   112 C-G ...
   25.8585  -92.8458   -7.9457
    0.8602    0.1686   -0.4812
   -0.4035    0.8021   -0.4402
    0.3118    0.5728    0.7581
...   113 T-A ...
   27.1587  -91.1652   -5.4017
    0.5090    0.5458   -0.6656
   -0.7925    0.5990   -0.1149
    0.3360    0.5860    0.7374
...   114 C-G ...
   28.3532  -89.2879   -2.9909
   -0.0586    0.7812   -0.6215
   -0.9433    0.1603    0.2905
    0.3266    0.6033    0.7275
...   115 G-C ...
   29.0500  -87.2871   -0.4187
   -0.6003    0.6661   -0.4425
   -0.7579   -0.2973    0.5806
    0.2552    0.6840    0.6834
...   116 T-A ...
   30.1812  -84.7510    1.3569
   -0.9138    0.3895   -0.1151
   -0.3467   -0.6004    0.7207
    0.2116    0.6984    0.6837
...   117 A-T ...
   30.6887  -82.2259    3.4575
   -0.9763   -0.0909    0.1965
    0.2033   -0.6966    0.6880
    0.0744    0.7116    0.6986
...   118 T-A ...
   30.5757  -79.5185    5.2901
   -0.7526   -0.4417    0.4883
    0.6567   -0.5579    0.5075
    0.0482    0.7026    0.7100
...   119 A-T ...
   30.3050  -77.2116    7.6736
   -0.2888   -0.7639    0.5771
    0.9566   -0.2054    0.2069
   -0.0395    0.6118    0.7900
...   120 A-T ...
   29.8688  -75.3051   10.2523
    0.2886   -0.7620    0.5797
    0.9560    0.2625   -0.1310
   -0.0523    0.5920    0.8043
...   121 T-A ...
   29.1036  -73.7282   13.0336
    0.7261   -0.5337    0.4335
    0.6852    0.6135   -0.3925
   -0.0565    0.5821    0.8112
...   122 G-C ...
   29.2049  -71.7907   15.7214
    0.9872   -0.1432    0.0702
    0.1585    0.8317   -0.5322
    0.0178    0.5365    0.8437
...   123 T-A ...
   29.3469  -70.5783   18.8086
    0.9262    0.3017   -0.2261
   -0.3756    0.7903   -0.4841
    0.0327    0.5333    0.8453
...   124 G-C ...
   29.4403  -68.5722   21.4401
    0.5439    0.6611   -0.5169
   -0.8346    0.4900   -0.2516
    0.0869    0.5682    0.8183
...   125 T-A ...
   30.3145  -66.8927   24.1720
    0.0309    0.8107   -0.5847
   -0.9962    0.0728    0.0482
    0.0817    0.5810    0.8098
...   126 C-G ...
   30.6836  -64.9585   26.7901
   -0.5565    0.6855   -0.4694
   -0.8286   -0.4163    0.3744
    0.0613    0.5973    0.7996
...   127 G-C ...
   30.5882  -63.1608   29.5888
   -0.9182    0.2723   -0.2878
   -0.3928   -0.7208    0.5711
   -0.0520    0.6374    0.7688
...   128 A-T ...
   30.4274  -61.0005   32.0197
   -0.9738   -0.2228    0.0457
    0.2008   -0.7477    0.6330
   -0.1069    0.6256    0.7728
...   129 C-G ...
   29.7247  -58.5911   34.1337
   -0.7318   -0.6022    0.3192
    0.6642   -0.5252    0.5319
   -0.1526    0.6013    0.7843
...   130 C-G ...
   28.7525  -56.5709   36.6511
   -0.2579   -0.8504    0.4586
    0.9424   -0.1169    0.3134
   -0.2129    0.5130    0.8316
...   131 A-T ...
   27.9987  -55.0266   39.5048
    0.3200   -0.8365    0.4448
    0.9203    0.3859    0.0638
   -0.2250    0.3889    0.8934
...   132 A-T ...
   27.0592  -54.0041   42.4307
    0.7794   -0.4860    0.3954
    0.5840    0.7922   -0.1773
   -0.2271    0.3691    0.9012
...   133 A-T ...
   26.2453  -53.1113   45.4422
    0.9710    0.0435    0.2350
    0.0447    0.9329   -0.3573
   -0.2348    0.3575    0.9039
...   134 T-A ...
   25.6209  -52.5914   48.6399
    0.8597    0.5097    0.0340
   -0.4497    0.7866   -0.4231
   -0.2424    0.3485    0.9054
...   135 G-C ...
   25.2758  -52.5097   52.0790
    0.3204    0.9427   -0.0928
   -0.8825    0.2614   -0.3910
   -0.3443    0.2071    0.9157
...   136 T-A ...
   25.5258  -52.9788   55.8048
   -0.2439    0.9563   -0.1610
   -0.8908   -0.2866   -0.3525
   -0.3833    0.0575    0.9218
...   137 G-C ...
   24.8933  -52.7378   58.9864
   -0.7529    0.5562   -0.3519
   -0.5215   -0.8303   -0.1966
   -0.4015    0.0355    0.9152
...   138 A-T ...
   24.0143  -51.6375   61.9241
   -0.9563    0.0401   -0.2896
   -0.0524   -0.9980    0.0347
   -0.2876    0.0484    0.9565
...   139 G-C ...
   22.3467  -51.2412   64.4938
   -0.8529   -0.5118   -0.1033
    0.4974   -0.8566    0.1373
   -0.1587    0.0657    0.9851
...   140 C-G ...
   22.1503  -50.1499   67.4637
   -0.4681   -0.8748    0.1248
    0.8495   -0.4066    0.3362
   -0.2434    0.2634    0.9335
...   141 G-C ...
   21.4257  -51.8267   72.7875
    0.1303   -0.7143   -0.6876
    0.8897   -0.2218    0.3990
   -0.4375   -0.6638    0.6066
...   142 C-G ...
   20.4246  -54.3096   74.5417
    0.5846   -0.7390   -0.3348
    0.7594    0.3532    0.5465
   -0.2856   -0.5737    0.7676
...   143 T-A ...
   18.4272  -55.5291   76.5297
    0.8548   -0.5005    0.1370
    0.3188    0.7148    0.6224
   -0.4095   -0.4884    0.7706
...   144 C-G ...
   16.8372  -57.7223   78.2672
    0.8529   -0.0846    0.5151
   -0.1508    0.9048    0.3983
   -0.4998   -0.4174    0.7589
...   145 A-T ...
   15.7829  -59.5616   80.7980
    0.5516    0.4995    0.6680
   -0.6739    0.7388    0.0039
   -0.4916   -0.4523    0.7441
...   146 C-G ...
   15.7315  -61.4941   83.9315
    0.0344    0.7399    0.6718
   -0.8637    0.3602   -0.3526
   -0.5029   -0.5681    0.6514
...   147 A-T ...
   14.7384  -63.4280   86.8191
   -0.5924    0.6746    0.4405
   -0.6886   -0.1401   -0.7114
   -0.4182   -0.7248    0.5475
