  147 base-pairs
...     1 T-A ...
    0.0000    0.0000    0.0000
    1.0000    0.0000    0.0000
    0.0000    1.0000    0.0000
    0.0000    0.0000    1.0000
...     2 G-C ...
   -0.5555   -1.1003    3.3981
    0.7749    0.6051    0.1828
   -0.5991    0.7953   -0.0929
   -0.2016   -0.0375    0.9787
...     3 T-A ...
   -0.6619   -3.0237    6.5348
    0.3046    0.9250    0.2271
   -0.8994    0.3578   -0.2510
   -0.3134   -0.1278    0.9410
...     4 G-C ...
   -1.1607   -3.8418    9.6940
   -0.3351    0.9421    0.0133
   -0.8752   -0.3061   -0.3746
   -0.3489   -0.1372    0.9271
...     5 A-T ...
   -1.3881   -3.6770   12.8999
   -0.7835    0.6162   -0.0801
   -0.5677   -0.7622   -0.3109
   -0.2527   -0.1981    0.9470
...     6 G-C ...
   -2.6236   -3.5448   15.7072
   -0.9923    0.0611   -0.1075
   -0.0294   -0.9610   -0.2748
   -0.1201   -0.2695    0.9555
...     7 C-G ...
   -2.3138   -3.7570   18.8866
   -0.8620   -0.4995   -0.0864
    0.5008   -0.8655    0.0073
   -0.0785   -0.0370    0.9962
...     8 G-C ...
   -3.9561   -6.8109   23.3205
   -0.2581   -0.3560   -0.8981
    0.6294   -0.7673    0.1233
   -0.7330   -0.5335    0.4221
...     9 C-G ...
   -6.1177   -8.9414   24.2385
    0.1143   -0.7320   -0.6716
    0.8123   -0.3203    0.4874
   -0.5720   -0.6013    0.5580
...    10 T-A ...
   -8.5041   -9.6771   26.0540
    0.4660   -0.8587   -0.2131
    0.6274    0.1508    0.7640
   -0.6239   -0.4897    0.6090
...    11 C-G ...
  -11.0625  -11.3174   27.2336
    0.6660   -0.6911    0.2808
    0.3382    0.6152    0.7121
   -0.6649   -0.3794    0.6435
...    12 A-T ...
  -13.0013  -13.1789   29.0658
    0.7188   -0.1490    0.6790
   -0.1787    0.9043    0.3876
   -0.6718   -0.4000    0.6235
...    13 C-G ...
  -14.1788  -15.9359   31.3399
    0.4052    0.2865    0.8682
   -0.5270    0.8492   -0.0343
   -0.7470   -0.4437    0.4951
...    14 A-T ...
  -15.9532  -18.1566   33.3080
   -0.1503    0.6873    0.7107
   -0.6106    0.5008   -0.6135
   -0.7776   -0.5261    0.3444
...    15 A-T ...
  -18.3194  -19.9431   34.6360
   -0.4764    0.8457    0.2404
   -0.4050    0.0317   -0.9138
   -0.7804   -0.5327    0.3275
...    16 T-A ...
  -20.6627  -21.5159   36.3234
   -0.6072    0.7532   -0.2530
   -0.1060   -0.3924   -0.9137
   -0.7875   -0.5280    0.3180
...    17 T-A ...
  -23.2317  -23.0607   37.5468
   -0.5424    0.4198   -0.7277
    0.2544   -0.7434   -0.6185
   -0.8007   -0.5206    0.2964
...    18 T-A ...
  -25.9333  -24.5163   38.5692
   -0.2824   -0.0453   -0.9582
    0.5094   -0.8535   -0.1098
   -0.8129   -0.5191    0.2641
...    19 A-T ...
  -28.8092  -26.0900   39.1652
    0.1503   -0.4324   -0.8891
    0.5455   -0.7137    0.4394
   -0.8246   -0.5510    0.1286
...    20 T-A ...
  -31.7825  -27.4733   39.0967
    0.4174   -0.7195   -0.5550
    0.3889   -0.4105    0.8248
   -0.8213   -0.5601    0.1084
...    21 T-A ...
  -34.5064  -29.2302   39.1547
    0.5700   -0.8217    0.0019
    0.0760    0.0550    0.9956
   -0.8181   -0.5673    0.0938
...    22 C-G ...
  -37.0837  -31.2367   39.3562
    0.5276   -0.6214    0.5793
   -0.2923    0.5075    0.8106
   -0.7976   -0.5970    0.0861
...    23 G-C ...
  -39.7892  -33.0750   40.0391
    0.3373   -0.1814    0.9238
   -0.5739    0.7382    0.3545
   -0.7462   -0.6497    0.1449
...    24 C-G ...
  -41.9644  -35.5315   40.5464
   -0.0117    0.2697    0.9629
   -0.6745    0.7087   -0.2067
   -0.7381   -0.6519    0.1736
...    25 A-T ...
  -44.5863  -37.5068   41.0350
   -0.3463    0.6716    0.6549
   -0.5576    0.4140   -0.7195
   -0.7544   -0.6144    0.2311
...    26 A-T ...
  -46.9001  -39.5653   42.0285
   -0.6161    0.7767    0.1310
   -0.2480   -0.0334   -0.9682
   -0.7476   -0.6290    0.2133
...    27 A-T ...
  -49.3087  -41.5254   42.9784
   -0.6494    0.6199   -0.4405
    0.1555   -0.4588   -0.8748
   -0.7444   -0.6366    0.2015
...    28 G-C ...
  -51.9164  -43.3798   43.8107
   -0.4135    0.3406   -0.8444
    0.4739   -0.7114   -0.5190
   -0.7775   -0.6148    0.1327
...    29 G-C ...
  -54.7712  -45.1303   44.2373
   -0.0136   -0.0233   -0.9996
    0.6080   -0.7939    0.0102
   -0.7938   -0.6076    0.0249
...    30 C-G ...
  -57.6323  -46.7621   44.0822
    0.3666   -0.4019   -0.8391
    0.5081   -0.6691    0.5424
   -0.7794   -0.6252   -0.0411
...    31 C-G ...
  -60.2956  -48.7477   43.4915
    0.6597   -0.6261   -0.4157
    0.2076   -0.3798    0.9015
   -0.7223   -0.6810   -0.1206
...    32 G-C ...
  -62.4655  -51.2794   43.2817
    0.7494   -0.6421    0.1615
   -0.2304   -0.0242    0.9728
   -0.6207   -0.7662   -0.1661
...    33 G-C ...
  -64.2067  -54.0566   42.4757
    0.5537   -0.4914    0.6723
   -0.6265    0.2860    0.7251
   -0.5486   -0.8226   -0.1495
...    34 C-G ...
  -65.6146  -56.9996   41.8687
    0.1370   -0.2297    0.9636
   -0.8426    0.4843    0.2353
   -0.5208   -0.8442   -0.1272
...    35 C-G ...
  -67.1211  -60.0112   41.6549
   -0.3208    0.1199    0.9395
   -0.7963    0.5030   -0.3361
   -0.5129   -0.8559   -0.0659
...    36 C-G ...
  -68.7247  -62.9815   41.7186
   -0.6782    0.4222    0.6015
   -0.4979    0.3380   -0.7986
   -0.5405   -0.8412   -0.0190
...    37 G-C ...
  -70.6967  -65.6460   41.2476
   -0.7953    0.6046    0.0447
   -0.0289    0.0358   -0.9989
   -0.6055   -0.7958   -0.0110
...    38 A-T ...
  -72.6527  -68.2787   41.3146
   -0.6430    0.5318   -0.5512
    0.4530   -0.3162   -0.8336
   -0.6176   -0.7856   -0.0376
...    39 C-G ...
  -75.0567  -70.5361   41.5681
   -0.2908    0.3184   -0.9022
    0.7240   -0.5432   -0.4251
   -0.6255   -0.7769   -0.0726
...    40 A-T ...
  -77.0985  -73.1573   41.2349
    0.2408    0.0640   -0.9685
    0.7513   -0.6440    0.1443
   -0.6144   -0.7624   -0.2032
...    41 C-G ...
  -79.4765  -75.2046   40.2705
    0.6256   -0.2316   -0.7449
    0.5144   -0.5954    0.6171
   -0.5865   -0.7693   -0.2534
...    42 G-C ...
  -81.1454  -77.9787   39.4502
    0.8852   -0.3928   -0.2493
    0.0693   -0.4186    0.9055
   -0.4600   -0.8189   -0.3433
...    43 A-T ...
  -82.4964  -80.6719   38.1960
    0.7864   -0.5173    0.3377
   -0.4686   -0.1433    0.8717
   -0.4025   -0.8437   -0.3551
...    44 C-G ...
  -83.2994  -83.4395   36.5810
    0.4420   -0.4896    0.7516
   -0.8206    0.1178    0.5593
   -0.3624   -0.8639   -0.3497
...    45 T-A ...
  -84.1053  -86.4375   35.4328
   -0.0428   -0.3160    0.9478
   -0.9466    0.3163    0.0627
   -0.3196   -0.8945   -0.3127
...    46 T-A ...
  -84.8270  -89.4537   34.4369
   -0.5937   -0.1116    0.7969
   -0.7488    0.4392   -0.4964
   -0.2946   -0.8915   -0.3443
...    47 A-T ...
  -86.0167  -92.1999   32.8474
   -0.9517    0.1451    0.2707
   -0.1871    0.4248   -0.8857
   -0.2435   -0.8936   -0.3772
...    48 C-G ...
  -86.8870  -95.3538   32.1851
   -0.9059    0.3525   -0.2348
    0.3444    0.2904   -0.8927
   -0.2465   -0.8896   -0.3845
...    49 T-A ...
  -87.9614  -98.3075   31.1114
   -0.5751    0.4961   -0.6505
    0.7728    0.0685   -0.6309
   -0.2684   -0.8655   -0.4228
...    50 G-C ...
  -88.8028 -101.1154   29.5326
   -0.0170    0.5483   -0.8361
    0.9625   -0.2176   -0.1622
   -0.2709   -0.8075   -0.5241
...    51 T-A ...
  -90.2464 -103.4747   27.7493
    0.4921    0.4055   -0.7704
    0.8376   -0.4616    0.2921
   -0.2371   -0.7890   -0.5668
...    52 A-T ...
  -91.1120 -105.7999   25.5167
    0.8878    0.2384   -0.3936
    0.4492   -0.6345    0.6290
   -0.0998   -0.7352   -0.6704
...    53 G-C ...
  -91.3728 -107.9463   23.0364
    0.9979   -0.0399    0.0511
   -0.0646   -0.6876    0.7233
    0.0063   -0.7250   -0.6887
...    54 G-C ...
  -90.8952 -110.1293   20.5151
    0.8078   -0.3152    0.4981
   -0.5749   -0.6076    0.5480
    0.1299   -0.7290   -0.6720
...    55 T-A ...
  -89.9083 -112.1901   18.1504
    0.3912   -0.5567    0.7328
   -0.9041   -0.3811    0.1932
    0.1717   -0.7382   -0.6524
...    56 A-T ...
  -89.5182 -114.7546   16.0444
   -0.2358   -0.6678    0.7060
   -0.9501    0.0059   -0.3118
    0.2040   -0.7443   -0.6359
...    57 T-A ...
  -88.2341 -117.2731   14.3190
   -0.6819   -0.5912    0.4307
   -0.6959    0.3430   -0.6309
    0.2253   -0.7300   -0.6453
...    58 C-G ...
  -87.4772 -119.7675   12.3104
   -0.9597   -0.2787   -0.0348
   -0.1536    0.6245   -0.7657
    0.2352   -0.7296   -0.6422
...    59 T-A ...
  -86.8191 -122.4043   10.3974
   -0.9007    0.1129   -0.4195
    0.3778    0.6804   -0.6280
    0.2146   -0.7241   -0.6555
...    60 C-G ...
  -86.1329 -124.8610    8.3232
   -0.5107    0.5074   -0.6941
    0.8306    0.4995   -0.2460
    0.2219   -0.7022   -0.6765
...    61 G-C ...
  -85.0143 -127.0764    6.0931
   -0.0070    0.7863   -0.6179
    0.9692    0.1573    0.1892
    0.2460   -0.5975   -0.7632
...    62 A-T ...
  -84.3058 -129.0333    3.5989
    0.5239    0.7792   -0.3442
    0.8004   -0.3120    0.5119
    0.2915   -0.5436   -0.7871
...    63 G-C ...
  -83.4729 -130.5358    0.8000
    0.8166    0.5749    0.0508
    0.4319   -0.6670    0.6071
    0.3829   -0.4739   -0.7930
...    64 C-G ...
  -82.1919 -131.5792   -2.0282
    0.8869    0.1775    0.4265
   -0.0472   -0.8836    0.4659
    0.4595   -0.4333   -0.7753
...    65 T-A ...
  -80.4076 -132.6185   -4.5827
    0.6946   -0.2567    0.6721
   -0.4597   -0.8770    0.1401
    0.5534   -0.4062   -0.7271
...    66 C-G ...
  -78.3650 -133.9263   -6.7567
    0.2842   -0.6988    0.6565
   -0.7459   -0.5914   -0.3065
    0.6024   -0.4025   -0.6892
...    67 G-C ...
  -76.5867 -135.6970   -8.9619
   -0.2221   -0.8800    0.4198
   -0.7241   -0.1394   -0.6754
    0.6529   -0.4540   -0.6063
...    68 G-C ...
  -74.2566 -137.4346  -10.6840
   -0.6069   -0.7947    0.0027
   -0.4579    0.3469   -0.8185
    0.6496   -0.4980   -0.5745
...    69 G-C ...
  -72.0301 -139.3029  -12.4057
   -0.7804   -0.4533   -0.4307
   -0.0388    0.7227   -0.6901
    0.6241   -0.5218   -0.5816
...    70 A-T ...
  -69.9004 -141.0692  -14.1885
   -0.6491    0.0653   -0.7579
    0.4187    0.8625   -0.2843
    0.6351   -0.5019   -0.5872
...    71 T-A ...
  -68.2110 -143.2475  -16.0141
   -0.3391    0.4900   -0.8031
    0.6767    0.7201    0.1537
    0.6536   -0.4913   -0.5757
...    72 C-G ...
  -66.1149 -144.9431  -17.8803
    0.0831    0.8429   -0.5317
    0.7319    0.3105    0.6066
    0.6764   -0.4395   -0.5911
...    73 C-G ...
  -64.0929 -146.4442  -20.1305
    0.3611    0.9309   -0.0549
    0.5756   -0.1762    0.7985
    0.7337   -0.3200   -0.5994
...    74 G-C ...
  -61.4453 -147.3951  -21.9184
    0.4621    0.7439    0.4827
    0.3246   -0.6485    0.6886
    0.8253   -0.1615   -0.5412
...    75 C-G ...
  -58.7792 -147.3586  -23.8230
    0.4919    0.3026    0.8164
    0.0639   -0.9477    0.3128
    0.8683   -0.1017   -0.4855
...    76 T-A ...
  -55.8172 -147.2512  -25.2466
    0.3751   -0.2168    0.9013
   -0.1371   -0.9745   -0.1774
    0.9168   -0.0570   -0.3953
...    77 T-A ...
  -52.7726 -147.1692  -26.3483
    0.2310   -0.7257    0.6480
   -0.2957   -0.6869   -0.6639
    0.9269   -0.0383   -0.3733
...    78 T-A ...
  -49.6546 -147.1021  -27.2726
    0.0545   -0.9886    0.1405
   -0.3590   -0.1507   -0.9211
    0.9318   -0.0002   -0.3631
...    79 A-T ...
  -46.7152 -146.9163  -28.9373
   -0.1158   -0.8526   -0.5095
   -0.3185    0.5178   -0.7940
    0.9408    0.0703   -0.3315
...    80 A-T ...
  -43.5513 -146.8828  -29.7448
   -0.2211   -0.3902   -0.8938
   -0.2178    0.9131   -0.3448
    0.9506    0.1184   -0.2869
...    81 C-G ...
  -40.3419 -147.0803  -30.6160
   -0.3079    0.1443   -0.9404
   -0.0856    0.9802    0.1784
    0.9476    0.1354   -0.2895
...    82 A-T ...
  -37.1949 -146.4175  -31.4231
   -0.3924    0.6565   -0.6442
    0.0922    0.7249    0.6826
    0.9152    0.2084   -0.3450
...    83 C-G ...
  -34.3730 -146.0243  -33.0457
   -0.3379    0.9219   -0.1898
    0.2698    0.2881    0.9188
    0.9017    0.2592   -0.3461
...    84 T-A ...
  -31.5943 -145.0149  -34.4800
   -0.2518    0.9086    0.3331
    0.4111   -0.2112    0.8868
    0.8761    0.3603   -0.3204
...    85 T-A ...
  -28.9080 -143.6733  -35.6390
   -0.0505    0.6252    0.7789
    0.4940   -0.6622    0.5635
    0.8680    0.4132   -0.2754
...    86 T-A ...
  -26.2476 -142.0860  -36.5193
    0.1734    0.1433    0.9744
    0.4656   -0.8838    0.0471
    0.8679    0.4455   -0.2200
...    87 A-T ...
  -23.4525 -140.3113  -36.8431
    0.2690   -0.4099    0.8716
    0.3665   -0.7933   -0.4862
    0.8907    0.4503   -0.0632
...    88 T-A ...
  -20.7946 -138.4027  -36.5299
    0.4132   -0.7520    0.5135
    0.2015   -0.4744   -0.8569
    0.8881    0.4576   -0.0445
...    89 G-C ...
  -17.7304 -137.1671  -36.7623
    0.4003   -0.9140   -0.0660
   -0.0212    0.0628   -0.9978
    0.9162    0.4008    0.0058
...    90 C-G ...
  -14.6179 -136.0570  -36.3773
    0.3135   -0.7339   -0.6026
   -0.2182    0.5619   -0.7979
    0.9242    0.3817    0.0160
...    91 T-A ...
  -11.4498 -135.0811  -36.1698
    0.1361   -0.3292   -0.9344
   -0.3451    0.8684   -0.3562
    0.9286    0.3709    0.0046
...    92 T-A ...
   -8.3289 -134.1529  -36.0096
   -0.0497    0.2463   -0.9679
   -0.3868    0.8888    0.2460
    0.9208    0.3866    0.0511
...    93 C-G ...
   -5.2692 -132.9775  -35.8220
   -0.2966    0.7076   -0.6414
   -0.3057    0.5659    0.7657
    0.9048    0.4231    0.0485
...    94 T-A ...
   -2.2829 -131.5803  -35.9876
   -0.4856    0.8596   -0.1591
   -0.1162    0.1169    0.9863
    0.8664    0.4974    0.0431
...    95 C-G ...
    0.5009 -129.8974  -35.9342
   -0.5302    0.7330    0.4261
    0.1828   -0.3919    0.9017
    0.8279    0.5559    0.0738
...    96 A-T ...
    3.1450 -127.8762  -35.6104
   -0.4778    0.3131    0.8208
    0.4745   -0.6944    0.5410
    0.7393    0.6479    0.1832
...    97 T-A ...
    5.0747 -125.2828  -35.1725
   -0.2124   -0.0919    0.9729
    0.6602   -0.7475    0.0735
    0.7205    0.6579    0.2194
...    98 G-C ...
    7.4248 -123.1962  -34.0524
    0.0934   -0.5672    0.8183
    0.7156   -0.5332   -0.4513
    0.6923    0.6277    0.3561
...    99 T-A ...
    9.2374 -120.9835  -32.4040
    0.4307   -0.7778    0.4577
    0.5849   -0.1456   -0.7979
    0.6873    0.6114    0.3923
...   100 T-A ...
   11.2797 -119.0002  -30.8290
    0.7090   -0.7021   -0.0655
    0.2429    0.3303   -0.9121
    0.6620    0.6308    0.4048
...   101 A-T ...
   13.4293 -116.6151  -29.8096
    0.7363   -0.3038   -0.6046
   -0.2623    0.6954   -0.6690
    0.6237    0.6512    0.4324
...   102 T-A ...
   15.7242 -115.0206  -28.0264
    0.5163    0.1111   -0.8492
   -0.6077    0.7462   -0.2719
    0.6034    0.6564    0.4527
...   103 A-T ...
   17.3888 -112.5841  -26.4247
    0.0370    0.5594   -0.8281
   -0.8133    0.4984    0.3003
    0.5807    0.6624    0.4734
...   104 A-T ...
   19.4725 -110.5304  -25.0203
   -0.4288    0.7434   -0.5134
   -0.7045    0.0806    0.7051
    0.5655    0.6640    0.4891
...   105 C-G ...
   21.6071 -108.2723  -23.9511
   -0.7558    0.6468   -0.1021
   -0.3865   -0.3150    0.8668
    0.5285    0.6946    0.4880
...   106 G-C ...
   23.1649 -106.0110  -22.0617
   -0.9195    0.2595    0.2952
    0.0869   -0.5982    0.7966
    0.3833    0.7582    0.5275
...   107 G-C ...
   24.0825 -103.1824  -20.4776
   -0.7783   -0.1838    0.6004
    0.5665   -0.6178    0.5453
    0.2707    0.7646    0.5849
...   108 A-T ...
   24.7477 -100.6666  -18.5187
   -0.3316   -0.5500    0.7665
    0.9173   -0.3778    0.1258
    0.2204    0.7448    0.6298
...   109 C-G ...
   24.7758  -98.1762  -16.3570
    0.1765   -0.6942    0.6978
    0.9646   -0.0192   -0.2631
    0.1961    0.7195    0.6662
...   110 G-C ...
   25.7956  -95.9876  -14.0526
    0.6587   -0.6550    0.3702
    0.7235    0.4165   -0.5505
    0.2064    0.6305    0.7483
...   111 G-C ...
   26.4519  -94.2018  -11.2581
    0.9324   -0.3601   -0.0320
    0.2605    0.7307   -0.6311
    0.2506    0.5801    0.7751
...   112 C-G ...
   27.3423  -92.6347   -8.4630
    0.9169    0.0888   -0.3890
   -0.2905    0.8169   -0.4983
    0.2735    0.5699    0.7748
...   113 T-A ...
   28.4828  -90.9796   -5.8201
    0.6139    0.4925   -0.6169
   -0.7307    0.6502   -0.2081
    0.2987    0.5785    0.7590
...   114 C-G ...
   29.5414  -89.1340   -3.3144
    0.0581    0.7721   -0.6329
   -0.9553    0.2271    0.1893
    0.2898    0.5936    0.7508
...   115 G-C ...
   30.0821  -87.1499   -0.6793
   -0.5108    0.6975   -0.5026
   -0.8288   -0.2442    0.5034
    0.2284    0.6737    0.7028
...   116 T-A ...
   31.1853  -84.6693    1.1981
   -0.8740    0.4420   -0.2020
   -0.4487   -0.5742    0.6848
    0.1867    0.6891    0.7002
...   117 A-T ...
   31.6387  -82.2152    3.3959
   -0.9923   -0.0356    0.1187
    0.1090   -0.7062    0.6996
    0.0589    0.7072    0.7046
...   118 T-A ...
   31.5308  -79.5056    5.2281
   -0.8103   -0.4002    0.4282
    0.5852   -0.5925    0.5536
    0.0322    0.6992    0.7142
...   119 A-T ...
   31.2343  -77.1999    7.6145
   -0.3634   -0.7476    0.5559
    0.9295   -0.2509    0.2703
   -0.0626    0.6149    0.7861
...   120 A-T ...
   30.7269  -75.2694   10.1635
    0.2163   -0.7732    0.5961
    0.9733    0.2189   -0.0692
   -0.0769    0.5952    0.7999
...   121 T-A ...
   29.8591  -73.6551   12.8944
    0.6744   -0.5636    0.4769
    0.7338    0.5831   -0.3486
   -0.0817    0.5851    0.8069
...   122 G-C ...
   29.8760  -71.7128   15.5878
    0.9752   -0.1806    0.1282
    0.2211    0.8247   -0.5205
   -0.0117    0.5359    0.8442
...   123 T-A ...
   29.8807  -70.5046   18.6839
    0.9473    0.2696   -0.1729
   -0.3203    0.8028   -0.5029
    0.0032    0.5317    0.8469
...   124 G-C ...
   29.8767  -68.4914   21.3191
    0.5893    0.6466   -0.4844
   -0.8057    0.5146   -0.2933
    0.0597    0.5631    0.8242
...   125 T-A ...
   30.6516  -66.8440   24.1046
    0.0803    0.8123   -0.5777
   -0.9952    0.0978   -0.0008
    0.0559    0.5750    0.8162
...   126 C-G ...
   30.9312  -64.9305   26.7548
   -0.5201    0.7007   -0.4884
   -0.8533   -0.4008    0.3337
    0.0381    0.5903    0.8063
...   127 G-C ...
   30.7354  -63.1589   29.5762
   -0.9020    0.2921   -0.3180
   -0.4264   -0.7185    0.5495
   -0.0680    0.6312    0.7726
...   128 A-T ...
   30.5256  -61.0200   32.0306
   -0.9781   -0.2075    0.0157
    0.1706   -0.7563    0.6316
   -0.1192    0.6204    0.7751
...   129 C-G ...
   29.7998  -58.6154   34.1531
   -0.7468   -0.5947    0.2977
    0.6449   -0.5380    0.5429
   -0.1627    0.5974    0.7853
...   130 C-G ...
   28.8107  -56.5968   36.6707
   -0.2744   -0.8501    0.4495
    0.9357   -0.1281    0.3288
   -0.2219    0.5109    0.8305
...   131 A-T ...
   28.0422  -55.0468   39.5230
    0.3096   -0.8393    0.4470
    0.9220    0.3800    0.0749
   -0.2327    0.3889    0.8914
...   132 A-T ...
   27.0829  -54.0151   42.4402
    0.7746   -0.4891    0.4010
    0.5881    0.7903   -0.1720
   -0.2328    0.3691    0.8998
...   133 A-T ...
   26.2535  -53.1122   45.4446
    0.9703    0.0419    0.2382
    0.0472    0.9331   -0.3565
   -0.2372    0.3572    0.9034
...   134 T-A ...
   25.6209  -52.5913   48.6399
    0.8597    0.5097    0.0340
   -0.4497    0.7866   -0.4231
   -0.2424    0.3485    0.9054
...   135 G-C ...
   25.2757  -52.5095   52.0790
    0.3204    0.9427   -0.0928
   -0.8825    0.2614   -0.3910
   -0.3443    0.2071    0.9157
...   136 T-A ...
   25.5258  -52.9786   55.8048
   -0.2439    0.9563   -0.1610
   -0.8908   -0.2866   -0.3525
   -0.3833    0.0575    0.9218
...   137 G-C ...
   24.8933  -52.7377   58.9864
   -0.7529    0.5562   -0.3519
   -0.5215   -0.8303   -0.1966
   -0.4015    0.0355    0.9152
...   138 A-T ...
   24.0143  -51.6373   61.9241
   -0.9563    0.0401   -0.2896
   -0.0524   -0.9980    0.0347
   -0.2876    0.0484    0.9565
...   139 G-C ...
   22.3467  -51.2411   64.4939
   -0.8529   -0.5118   -0.1033
    0.4974   -0.8566    0.1373
   -0.1587    0.0657    0.9851
...   140 C-G ...
   22.1503  -50.1498   67.4637
   -0.4681   -0.8748    0.1248
    0.8495   -0.4066    0.3362
   -0.2434    0.2634    0.9335
...   141 G-C ...
   21.4257  -51.8266   72.7875
    0.1303   -0.7143   -0.6876
    0.8897   -0.2217    0.3990
   -0.4375   -0.6638    0.6066
...   142 C-G ...
   20.4246  -54.3094   74.5417
    0.5846   -0.7390   -0.3348
    0.7594    0.3532    0.5465
   -0.2856   -0.5737    0.7676
...   143 T-A ...
   18.4271  -55.5290   76.5298
    0.8548   -0.5005    0.1370
    0.3188    0.7148    0.6224
   -0.4095   -0.4884    0.7706
...   144 C-G ...
   16.8372  -57.7222   78.2673
    0.8529   -0.0846    0.5151
   -0.1508    0.9048    0.3983
   -0.4998   -0.4174    0.7589
...   145 A-T ...
   15.7829  -59.5615   80.7980
    0.5516    0.4995    0.6680
   -0.6739    0.7388    0.0039
   -0.4916   -0.4523    0.7441
...   146 C-G ...
   15.7315  -61.4940   83.9315
    0.0344    0.7399    0.6718
   -0.8637    0.3602   -0.3526
   -0.5029   -0.5681    0.6514
...   147 A-T ...
   14.7384  -63.4279   86.8191
   -0.5924    0.6746    0.4405
   -0.6886   -0.1401   -0.7114
   -0.4182   -0.7248    0.5475
