  147 base-pairs
...     1 T-A ...
    0.0000    0.0000    0.0000
    1.0000    0.0000    0.0000
    0.0000    1.0000    0.0000
    0.0000    0.0000    1.0000
...     2 G-C ...
   -0.5555   -1.1003    3.3981
    0.7749    0.6051    0.1828
   -0.5991    0.7953   -0.0929
   -0.2016   -0.0375    0.9787
...     3 T-A ...
   -0.6619   -3.0237    6.5348
    0.3046    0.9250    0.2271
   -0.8994    0.3578   -0.2510
   -0.3134   -0.1278    0.9410
...     4 G-C ...
   -1.1607   -3.8418    9.6940
   -0.3351    0.9421    0.0133
   -0.8752   -0.3061   -0.3746
   -0.3489   -0.1372    0.9271
...     5 A-T ...
   -1.3881   -3.6770   12.8999
   -0.7835    0.6162   -0.0801
   -0.5677   -0.7622   -0.3109
   -0.2527   -0.1981    0.9470
...     6 G-C ...
   -2.6236   -3.5448   15.7072
   -0.9923    0.0611   -0.1075
   -0.0294   -0.9610   -0.2748
   -0.1201   -0.2695    0.9555
...     7 C-G ...
   -2.3138   -3.7570   18.8866
   -0.8620   -0.4995   -0.0864
    0.5008   -0.8655    0.0073
   -0.0785   -0.0370    0.9962
...     8 G-C ...
   -3.9561   -6.8109   23.3205
   -0.2581   -0.3560   -0.8981
    0.6294   -0.7673    0.1233
   -0.7330   -0.5335    0.4221
...     9 C-G ...
   -6.1177   -8.9414   24.2385
    0.1143   -0.7320   -0.6716
    0.8123   -0.3203    0.4874
   -0.5720   -0.6013    0.5580
...    10 T-A ...
   -8.5041   -9.6771   26.0540
    0.4660   -0.8587   -0.2131
    0.6274    0.1508    0.7640
   -0.6239   -0.4897    0.6090
...    11 C-G ...
  -11.0625  -11.3174   27.2336
    0.6660   -0.6911    0.2808
    0.3382    0.6152    0.7121
   -0.6649   -0.3794    0.6435
...    12 A-T ...
  -13.0013  -13.1789   29.0658
    0.7188   -0.1490    0.6790
   -0.1787    0.9043    0.3876
   -0.6718   -0.4000    0.6235
...    13 C-G ...
  -14.1788  -15.9359   31.3399
    0.4052    0.2865    0.8682
   -0.5270    0.8492   -0.0343
   -0.7470   -0.4437    0.4951
...    14 A-T ...
  -15.9532  -18.1566   33.3080
   -0.1503    0.6873    0.7107
   -0.6106    0.5008   -0.6135
   -0.7776   -0.5261    0.3444
...    15 A-T ...
  -18.3829  -19.9533   34.4738
   -0.4563    0.8596    0.2301
   -0.4049    0.0297   -0.9139
   -0.7924   -0.5101    0.3345
...    16 T-A ...
  -20.7643  -21.5420   36.2901
   -0.6312    0.7231   -0.2805
   -0.0850   -0.4239   -0.9017
   -0.7709   -0.5454    0.3290
...    17 T-A ...
  -23.2891  -23.1092   37.7052
   -0.5863    0.3215   -0.7436
    0.3114   -0.7579   -0.5732
   -0.7479   -0.5676    0.3442
...    18 T-A ...
  -25.8175  -24.7532   38.8548
   -0.2886   -0.1236   -0.9494
    0.5778   -0.8132   -0.0698
   -0.7634   -0.5688    0.3061
...    19 A-T ...
  -28.3285  -26.7187   39.6478
    0.1476   -0.4589   -0.8761
    0.6247   -0.6435    0.4423
   -0.7668   -0.6126    0.1917
...    20 T-A ...
  -31.2253  -28.3124   39.8154
    0.4458   -0.7169   -0.5361
    0.4652   -0.3261    0.8229
   -0.7647   -0.6163    0.1881
...    21 T-A ...
  -33.8249  -30.2833   40.1153
    0.6385   -0.7696    0.0061
    0.1292    0.1150    0.9849
   -0.7587   -0.6281    0.1729
...    22 C-G ...
  -36.2488  -32.4256   40.6236
    0.6252   -0.5424    0.5612
   -0.2746    0.5202    0.8087
   -0.7306   -0.6597    0.1762
...    23 G-C ...
  -38.6828  -34.4053   41.8552
    0.4640   -0.0740    0.8827
   -0.6163    0.6888    0.3817
   -0.6363   -0.7211    0.2740
...    24 C-G ...
  -40.4684  -37.0117   42.6922
    0.1098    0.3347    0.9359
   -0.7691    0.6250   -0.1332
   -0.6296   -0.7052    0.3260
...    25 A-T ...
  -42.8908  -39.0770   43.5884
   -0.3151    0.6656    0.6765
   -0.7001    0.3182   -0.6392
   -0.6407   -0.6750    0.3658
...    26 A-T ...
  -44.8824  -41.2737   45.0055
   -0.6627    0.7207    0.2037
   -0.3994   -0.1099   -0.9102
   -0.6335   -0.6845    0.3607
...    27 A-T ...
  -46.7953  -43.4311   46.5264
   -0.7881    0.5085   -0.3468
    0.0688   -0.4871   -0.8706
   -0.6116   -0.7100    0.3490
...    28 G-C ...
  -49.0600  -45.4514   47.9937
   -0.5978    0.2162   -0.7719
    0.4633   -0.6927   -0.5528
   -0.6542   -0.6881    0.3140
...    29 G-C ...
  -51.6088  -47.5164   49.0580
   -0.1810   -0.1355   -0.9741
    0.7124   -0.7009   -0.0349
   -0.6781   -0.7002    0.2234
...    30 C-G ...
  -54.1649  -49.4904   49.5924
    0.2765   -0.4365   -0.8562
    0.6898   -0.5302    0.4930
   -0.6691   -0.7269    0.1545
...    31 C-G ...
  -56.6342  -51.7165   49.9381
    0.6657   -0.5796   -0.4701
    0.4215   -0.2278    0.8778
   -0.6158   -0.7825    0.0927
...    32 G-C ...
  -58.2575  -54.2666   50.3281
    0.8575   -0.5144    0.0121
    0.0118    0.0431    0.9990
   -0.5144   -0.8565    0.0430
...    33 G-C ...
  -59.4308  -57.4129   50.2597
    0.7610   -0.3521    0.5450
   -0.4796    0.2605    0.8379
   -0.4370   -0.8990    0.0294
...    34 C-G ...
  -60.4108  -60.5320   50.2281
    0.3955   -0.1178    0.9109
   -0.8308    0.3771    0.4095
   -0.3917   -0.9187    0.0513
...    35 C-G ...
  -61.3197  -63.7786   50.7046
   -0.1202    0.1365    0.9833
   -0.9276    0.3375   -0.1602
   -0.3537   -0.9314    0.0860
...    36 C-G ...
  -62.3285  -66.9193   51.2748
   -0.5969    0.3259    0.7331
   -0.7266    0.1678   -0.6662
   -0.3402   -0.9304    0.1367
...    37 G-C ...
  -63.8873  -69.9629   50.8163
   -0.8812    0.4138    0.2286
   -0.2657   -0.0335   -0.9635
   -0.3910   -0.9098    0.1394
...    38 A-T ...
  -64.9599  -72.8863   51.2742
   -0.8704    0.3235   -0.3711
    0.3054   -0.2364   -0.9224
   -0.3861   -0.9162    0.1070
...    39 C-G ...
  -66.6079  -75.5815   51.8783
   -0.5742    0.2027   -0.7933
    0.7069   -0.3660   -0.6052
   -0.4130   -0.9083    0.0669
...    40 A-T ...
  -68.1281  -78.5266   52.0436
   -0.0452    0.0640   -0.9969
    0.9039   -0.4223   -0.0681
   -0.4253   -0.9042   -0.0388
...    41 C-G ...
  -69.8914  -81.2237   51.5285
    0.4396   -0.0857   -0.8941
    0.8039   -0.4065    0.4342
   -0.4007   -0.9096   -0.1098
...    42 G-C ...
  -70.8043  -84.4175   51.3495
    0.8529   -0.1978   -0.4831
    0.4077   -0.3254    0.8531
   -0.3260   -0.9246   -0.1969
...    43 A-T ...
  -71.8848  -87.3080   50.6799
    0.9373   -0.3342    0.0990
   -0.1566   -0.1499    0.9762
   -0.3114   -0.9305   -0.1928
...    44 C-G ...
  -72.6434  -90.2363   49.3679
    0.7385   -0.3066    0.6006
   -0.6282    0.0109    0.7780
   -0.2451   -0.9518   -0.1845
...    45 T-A ...
  -72.7898  -93.7254   48.4112
    0.2744   -0.2246    0.9350
   -0.9376    0.1533    0.3120
   -0.2135   -0.9623   -0.1685
...    46 T-A ...
  -73.0371  -96.8911   47.6795
   -0.2266   -0.1397    0.9639
   -0.9527    0.2376   -0.1896
   -0.2025   -0.9613   -0.1869
...    47 A-T ...
  -73.9237 -100.0354   46.9691
   -0.7604    0.0366    0.6484
   -0.6180    0.2660   -0.7398
   -0.1996   -0.9633   -0.1797
...    48 C-G ...
  -74.3602 -103.3633   47.0157
   -0.9719    0.1713    0.1613
   -0.1250    0.2048   -0.9708
   -0.1993   -0.9637   -0.1777
...    49 T-A ...
  -75.2081 -106.6223   46.8773
   -0.8766    0.3197   -0.3598
    0.4006    0.0702   -0.9136
   -0.2668   -0.9449   -0.1896
...    50 G-C ...
  -76.2611 -109.6958   46.0534
   -0.4753    0.4123   -0.7773
    0.8220   -0.1071   -0.5594
   -0.3138   -0.9047   -0.2880
...    51 T-A ...
  -77.7809 -112.4128   45.2951
   -0.0076    0.3721   -0.9282
    0.9503   -0.2863   -0.1225
   -0.3113   -0.8830   -0.3514
...    52 A-T ...
  -79.4361 -115.0663   43.8120
    0.5432    0.2737   -0.7937
    0.7962   -0.4679    0.3836
   -0.2664   -0.8403   -0.4721
...    53 T-A ...
  -80.7099 -117.3704   41.8838
    0.8676    0.0544   -0.4942
    0.4391   -0.5501    0.7103
   -0.2332   -0.8333   -0.5012
...    54 C-G ...
  -81.4698 -119.9899   40.1272
    0.9739   -0.2191    0.0591
   -0.1625   -0.4915    0.8556
   -0.1584   -0.8428   -0.5143
...    55 A-T ...
  -81.7070 -122.4860   37.7519
    0.7763   -0.3260    0.5395
   -0.6301   -0.4228    0.6513
    0.0158   -0.8456   -0.5336
...    56 T-A ...
  -81.1932 -125.0494   35.8409
    0.3719   -0.4535    0.8099
   -0.9268   -0.2311    0.2961
    0.0529   -0.8608   -0.5063
...    57 G-C ...
  -80.7111 -127.9885   34.2258
   -0.2352   -0.4593    0.8566
   -0.9692    0.0446   -0.2422
    0.0730   -0.8872   -0.4557
...    58 T-A ...
  -79.9018 -131.0146   32.9874
   -0.7149   -0.3780    0.5882
   -0.6941    0.2821   -0.6623
    0.0844   -0.8818   -0.4640
...    59 T-A ...
  -79.4949 -133.9131   31.6689
   -0.9770   -0.1901    0.0967
   -0.1738    0.4470   -0.8775
    0.1236   -0.8741   -0.4697
...    60 A-T ...
  -79.0109 -136.7104   29.8184
   -0.8794    0.1140   -0.4623
    0.4529    0.4999   -0.7382
    0.1470   -0.8585   -0.4913
...    61 T-A ...
  -78.9855 -139.7491   28.6853
   -0.5417    0.3345   -0.7712
    0.8221    0.4020   -0.4032
    0.1751   -0.8524   -0.4927
...    62 A-T ...
  -78.3468 -142.5056   26.9604
   -0.0182    0.5788   -0.8153
    0.9856    0.1473    0.0826
    0.1679   -0.8020   -0.5732
...    63 A-T ...
  -77.9874 -144.9735   25.0508
    0.4768    0.6328   -0.6101
    0.8547   -0.1715    0.4900
    0.2054   -0.7550   -0.6227
...    64 C-G ...
  -77.7621 -147.1213   22.4686
    0.8366    0.4988   -0.2266
    0.4844   -0.4805    0.7311
    0.2558   -0.7214   -0.6436
...    65 G-C ...
  -76.3330 -149.3980   20.6435
    0.8897    0.3458    0.2982
    0.0423   -0.7127    0.7002
    0.4546   -0.6104   -0.6487
...    66 G-C ...
  -74.1473 -151.0106   18.7756
    0.7225    0.0125    0.6913
   -0.3585   -0.8481    0.3901
    0.5912   -0.5296   -0.6083
...    67 A-T ...
  -71.9052 -152.6279   17.0779
    0.3820   -0.4711    0.7951
   -0.6664   -0.7365   -0.1162
    0.6404   -0.4854   -0.5952
...    68 G-C ...
  -69.5292 -153.9294   15.2683
   -0.0313   -0.7616    0.6472
   -0.7440   -0.4146   -0.5239
    0.6674   -0.4980   -0.5537
...    69 G-C ...
  -66.5216 -155.5830   13.9895
   -0.4433   -0.8506    0.2827
   -0.5958    0.0441   -0.8019
    0.6697   -0.5239   -0.5264
...    70 T-A ...
  -64.1590 -157.4813   12.6753
   -0.6706   -0.7174   -0.1890
   -0.2831    0.4829   -0.8286
    0.6857   -0.5022   -0.5269
...    71 A-T ...
  -61.8024 -159.4227   11.2036
   -0.7167   -0.2893   -0.6345
    0.1575    0.8192   -0.5515
    0.6793   -0.4952   -0.5415
...    72 T-A ...
  -59.8287 -161.6232    9.7499
   -0.5319    0.1549   -0.8325
    0.4779    0.8665   -0.1442
    0.6990   -0.4746   -0.5349
...    73 C-G ...
  -57.7109 -163.4157    7.8002
   -0.1518    0.6625   -0.7335
    0.6892    0.6029    0.4018
    0.7085   -0.4446   -0.5481
...    74 T-A ...
  -55.5787 -164.8102    5.6887
    0.1451    0.9172   -0.3710
    0.6778    0.1810    0.7126
    0.7208   -0.3549   -0.5954
...    75 C-G ...
  -53.1881 -165.7319    3.6089
    0.4260    0.8953    0.1302
    0.5247   -0.3617    0.7706
    0.7371   -0.2600   -0.6238
...    76 G-C ...
  -50.4064 -166.3242    1.9295
    0.4042    0.6631    0.6300
    0.3437   -0.7484    0.5672
    0.8476   -0.0127   -0.5304
...    77 A-T ...
  -47.5056 -166.0864    0.2311
    0.4779    0.1313    0.8685
    0.0995   -0.9905    0.0949
    0.8728    0.0410   -0.4864
...    78 G-C ...
  -44.5244 -165.5877   -1.1599
    0.4189   -0.3965    0.8169
   -0.1117   -0.9153   -0.3870
    0.9011    0.0709   -0.4277
...    79 C-G ...
  -41.2987 -165.0645   -2.2008
    0.2622   -0.8570    0.4436
   -0.3034   -0.5095   -0.8052
    0.9161    0.0765   -0.3936
...    80 T-A ...
  -38.2298 -164.7496   -3.3330
    0.0815   -0.9944   -0.0669
   -0.3713    0.0320   -0.9280
    0.9249    0.1005   -0.3666
...    81 C-G ...
  -35.2351 -164.3950   -4.7089
   -0.1463   -0.7725   -0.6179
   -0.3457    0.6252   -0.6997
    0.9269    0.1112   -0.3585
...    82 G-C ...
  -32.4859 -163.1867   -6.4454
   -0.3491   -0.2854   -0.8925
   -0.2112    0.9519   -0.2218
    0.9130    0.1110   -0.3927
...    83 G-C ...
  -29.3652 -162.8072   -7.5667
   -0.4740    0.2776   -0.8356
   -0.0442    0.9403    0.3375
    0.8794    0.1969   -0.4334
...    84 G-C ...
  -26.4347 -162.3592   -9.1261
   -0.5313    0.7029   -0.4729
    0.2127    0.6510    0.7287
    0.8201    0.2865   -0.4954
...    85 A-T ...
  -23.8350 -161.4738  -10.9388
   -0.3689    0.9272    0.0651
    0.4806    0.1303    0.8672
    0.7956    0.3512   -0.4936
...    86 T-A ...
  -21.6590 -160.1816  -13.0338
   -0.1174    0.8450    0.5217
    0.6113   -0.3526    0.7086
    0.7827    0.4021   -0.4751
...    87 C-G ...
  -19.2500 -158.5832  -14.5910
    0.2025    0.4640    0.8624
    0.5957   -0.7573    0.2676
    0.7773    0.4595   -0.4298
...    88 C-G ...
  -16.7931 -156.8028  -15.8418
    0.3865   -0.0443    0.9212
    0.4429   -0.8672   -0.2275
    0.8090    0.4960   -0.3156
...    89 G-C ...
  -13.8992 -155.5406  -16.8145
    0.4693   -0.5670    0.6769
    0.2212   -0.6666   -0.7118
    0.8549    0.4838   -0.1875
...    90 C-G ...
  -10.9066 -153.7759  -16.8625
    0.5095   -0.8485    0.1429
   -0.0606   -0.2011   -0.9777
    0.8583    0.4894   -0.1539
...    91 T-A ...
   -7.6885 -152.4387  -16.9127
    0.4021   -0.7993   -0.4465
   -0.2909    0.3508   -0.8901
    0.8681    0.4878   -0.0915
...    92 T-A ...
   -4.7384 -151.0250  -16.8717
    0.2167   -0.3978   -0.8915
   -0.4866    0.7477   -0.4519
    0.8463    0.5317   -0.0315
...    93 T-A ...
   -1.8154 -149.5304  -16.7739
   -0.0663    0.1365   -0.9884
   -0.5471    0.8234    0.1504
    0.8344    0.5508    0.0201
...    94 A-T ...
    0.6602 -147.3316  -16.2950
   -0.3883    0.5987   -0.7006
   -0.4228    0.5598    0.7126
    0.8188    0.5729    0.0358
...    95 A-T ...
    3.2691 -145.5290  -16.3424
   -0.5957    0.7780   -0.1998
   -0.1563    0.1318    0.9789
    0.7879    0.6143    0.0431
...    96 C-G ...
    5.8115 -143.4208  -16.8443
   -0.6289    0.7014    0.3353
    0.1708   -0.2961    0.9398
    0.7585    0.6483    0.0665
...    97 A-T ...
    8.1601 -141.0386  -16.5991
   -0.5256    0.3267    0.7855
    0.5198   -0.6076    0.6005
    0.6735    0.7239    0.1496
...    98 C-G ...
    9.8263 -138.1888  -16.0870
   -0.2107   -0.0711    0.9750
    0.7393   -0.6641    0.1113
    0.6396    0.7443    0.1925
...    99 T-A ...
   11.5386 -135.1839  -15.0958
    0.2119   -0.4838    0.8491
    0.7537   -0.4721   -0.4571
    0.6221    0.7369    0.2646
...   100 T-A ...
   13.2931 -132.6664  -13.9611
    0.6424   -0.6351    0.4288
    0.4943   -0.0843   -0.8652
    0.5857    0.7678    0.2598
...   101 T-A ...
   15.0204 -130.1426  -12.7887
    0.8398   -0.5250   -0.1378
    0.0269    0.2939   -0.9555
    0.5422    0.7987    0.2610
...   102 A-T ...
   16.6832 -127.1681  -12.1666
    0.6809   -0.1357   -0.7197
   -0.5557    0.5444   -0.6283
    0.4771    0.8278    0.2953
...   103 T-A ...
   18.7250 -124.9156  -10.9304
    0.3259    0.1331   -0.9360
   -0.8183    0.5355   -0.2088
    0.4734    0.8340    0.2834
...   104 G-C ...
   20.5044 -122.2208  -10.1656
   -0.2831    0.3533   -0.8916
   -0.8341    0.3682    0.4108
    0.4734    0.8600    0.1904
...   105 C-G ...
   22.1357 -119.4095  -10.0089
   -0.7176    0.4401   -0.5397
   -0.5615    0.0928    0.8222
    0.4119    0.8931    0.1805
...   106 T-A ...
   23.6389 -116.3242   -9.8229
   -0.9316    0.3634    0.0044
   -0.0581   -0.1608    0.9853
    0.3587    0.9177    0.1709
...   107 T-A ...
   24.6557 -113.3196   -9.4643
   -0.8381    0.1421    0.5266
    0.4670   -0.3120    0.8274
    0.2818    0.9394    0.1951
...   108 C-G ...
   25.2516 -110.1542   -8.8228
   -0.4597   -0.1449    0.8762
    0.8621   -0.3100    0.4010
    0.2135    0.9396    0.2674
...   109 C-G ...
   25.7150 -107.0362   -7.9038
    0.0245   -0.4007    0.9159
    0.9816   -0.1640   -0.0981
    0.1895    0.9014    0.3893
...   110 G-C ...
   26.5708 -104.4575   -6.4598
    0.4965   -0.5262    0.6904
    0.8476    0.1223   -0.5163
    0.1872    0.8415    0.5068
...   111 G-C ...
   27.3363 -102.0159   -4.2503
    0.8705   -0.4134    0.2672
    0.4487    0.4431   -0.7761
    0.2024    0.7955    0.5712
...   112 C-G ...
   28.1291  -99.7904   -1.8551
    0.9680   -0.1173   -0.2218
   -0.1035    0.6184   -0.7790
    0.2286    0.7770    0.5865
...   113 T-A ...
   28.9274  -97.3403    0.2076
    0.7609    0.2382   -0.6035
   -0.6043    0.5991   -0.5254
    0.2364    0.7644    0.5998
...   114 C-G ...
   29.6049  -94.7108    2.1323
    0.2425    0.5506   -0.7988
   -0.9404    0.3357   -0.0541
    0.2383    0.7643    0.5991
...   115 G-C ...
   29.8568  -92.1360    4.2121
   -0.3742    0.5974   -0.7093
   -0.9066   -0.0748    0.4154
    0.1951    0.7985    0.5696
...   116 T-A ...
   30.8054  -89.2035    5.5028
   -0.8128    0.4219   -0.4018
   -0.5635   -0.3946    0.7257
    0.1476    0.8163    0.5585
...   117 A-T ...
   31.3263  -86.1172    6.9313
   -0.9990    0.0351    0.0264
    0.0026   -0.5520    0.8338
    0.0439    0.8331    0.5514
...   118 T-A ...
   31.2459  -83.0956    8.1110
   -0.8644   -0.2577    0.4318
    0.5017   -0.5004    0.7056
    0.0342    0.8265    0.5618
...   119 A-T ...
   31.2782  -80.4516   10.1053
   -0.4433   -0.5779    0.6852
    0.8950   -0.2436    0.3736
   -0.0490    0.7789    0.6253
...   120 A-T ...
   30.7870  -77.9830   12.1417
    0.1353   -0.6666    0.7331
    0.9884    0.1424   -0.0530
   -0.0691    0.7317    0.6781
...   121 T-A ...
   29.9397  -75.8331   14.5341
    0.6265   -0.5037    0.5947
    0.7754    0.4799   -0.4104
   -0.0786    0.7183    0.6913
...   122 G-C ...
   29.6563  -73.5897   17.1087
    0.9670   -0.1759    0.1845
    0.2543    0.7136   -0.6527
   -0.0168    0.6781    0.7348
...   123 T-A ...
   29.6934  -71.8019   19.8651
    0.9626    0.2128   -0.1678
   -0.2706    0.7185   -0.6407
   -0.0158    0.6622    0.7492
...   124 G-C ...
   29.7196  -69.6232   22.3950
    0.6149    0.5760   -0.5386
   -0.7880    0.4762   -0.3902
    0.0317    0.6644    0.7467
...   125 T-A ...
   30.2811  -67.7127   24.9509
    0.1098    0.7254   -0.6795
   -0.9933    0.1056   -0.0477
    0.0372    0.6801    0.7322
...   126 C-G ...
   30.4583  -65.5270   27.2532
   -0.4987    0.6549   -0.5679
   -0.8657   -0.3440    0.3636
    0.0427    0.6729    0.7385
...   127 G-C ...
   30.0480  -63.5986   29.9070
   -0.8782    0.2866   -0.3830
   -0.4727   -0.6424    0.6032
   -0.0731    0.7107    0.6997
...   128 A-T ...
   29.9892  -61.3729   32.1408
   -0.9881   -0.1510    0.0292
    0.1291   -0.7119    0.6903
   -0.0834    0.6859    0.7229
...   129 C-G ...
   29.4100  -58.6885   33.9668
   -0.7665   -0.5391    0.3491
    0.6299   -0.5245    0.5728
   -0.1257    0.6589    0.7416
...   130 C-G ...
   28.2508  -56.5360   36.3603
   -0.3160   -0.8141    0.4872
    0.9262   -0.1535    0.3443
   -0.2055    0.5600    0.8026
...   131 A-T ...
   27.9038  -55.0828   39.3624
    0.2555   -0.8591    0.4435
    0.9445    0.3198    0.0754
   -0.2066    0.3996    0.8931
...   132 A-T ...
   27.1264  -53.9843   42.3459
    0.7491   -0.5407    0.3826
    0.6311    0.7581   -0.1642
   -0.2013    0.3645    0.9092
...   133 A-T ...
   26.2665  -53.1403   45.4087
    0.9686    0.0260    0.2472
    0.0669    0.9306   -0.3600
   -0.2394    0.3652    0.8996
...   134 T-A ...
   25.6208  -52.5913   48.6401
    0.8597    0.5097    0.0340
   -0.4497    0.7866   -0.4231
   -0.2424    0.3485    0.9054
...   135 G-C ...
   25.2757  -52.5096   52.0792
    0.3204    0.9427   -0.0928
   -0.8825    0.2614   -0.3910
   -0.3443    0.2071    0.9157
...   136 T-A ...
   25.5257  -52.9787   55.8050
   -0.2439    0.9563   -0.1610
   -0.8908   -0.2866   -0.3525
   -0.3833    0.0575    0.9218
...   137 G-C ...
   24.8933  -52.7378   58.9866
   -0.7529    0.5562   -0.3519
   -0.5215   -0.8303   -0.1966
   -0.4015    0.0355    0.9152
...   138 A-T ...
   24.0142  -51.6374   61.9243
   -0.9563    0.0401   -0.2896
   -0.0524   -0.9980    0.0347
   -0.2876    0.0484    0.9565
...   139 G-C ...
   22.3466  -51.2412   64.4941
   -0.8529   -0.5118   -0.1033
    0.4974   -0.8566    0.1373
   -0.1587    0.0657    0.9851
...   140 C-G ...
   22.1502  -50.1498   67.4640
   -0.4681   -0.8748    0.1248
    0.8495   -0.4066    0.3362
   -0.2434    0.2634    0.9335
...   141 G-C ...
   21.4256  -51.8266   72.7877
    0.1303   -0.7143   -0.6876
    0.8897   -0.2218    0.3990
   -0.4375   -0.6638    0.6066
...   142 C-G ...
   20.4245  -54.3095   74.5419
    0.5846   -0.7390   -0.3348
    0.7594    0.3532    0.5465
   -0.2856   -0.5738    0.7676
...   143 T-A ...
   18.4270  -55.5290   76.5300
    0.8548   -0.5005    0.1370
    0.3188    0.7148    0.6224
   -0.4095   -0.4884    0.7706
...   144 C-G ...
   16.8371  -57.7222   78.2675
    0.8529   -0.0846    0.5151
   -0.1508    0.9048    0.3983
   -0.4998   -0.4174    0.7589
...   145 A-T ...
   15.7828  -59.5616   80.7982
    0.5516    0.4995    0.6680
   -0.6739    0.7388    0.0039
   -0.4916   -0.4523    0.7441
...   146 C-G ...
   15.7314  -61.4941   83.9317
    0.0344    0.7399    0.6718
   -0.8637    0.3602   -0.3526
   -0.5029   -0.5681    0.6514
...   147 A-T ...
   14.7383  -63.4279   86.8193
   -0.5924    0.6746    0.4405
   -0.6886   -0.1401   -0.7114
   -0.4182   -0.7248    0.5475
