  147 base-pairs
...     1 T-A ...
    0.0000    0.0000    0.0000
    1.0000    0.0000    0.0000
    0.0000    1.0000    0.0000
    0.0000    0.0000    1.0000
...     2 G-C ...
   -0.5555   -1.1003    3.3981
    0.7749    0.6051    0.1828
   -0.5991    0.7953   -0.0929
   -0.2016   -0.0375    0.9787
...     3 T-A ...
   -0.6619   -3.0237    6.5348
    0.3046    0.9250    0.2271
   -0.8994    0.3578   -0.2510
   -0.3134   -0.1278    0.9410
...     4 G-C ...
   -1.1607   -3.8418    9.6940
   -0.3351    0.9421    0.0133
   -0.8752   -0.3061   -0.3746
   -0.3489   -0.1372    0.9271
...     5 A-T ...
   -1.3881   -3.6770   12.8999
   -0.7835    0.6162   -0.0801
   -0.5677   -0.7622   -0.3109
   -0.2527   -0.1981    0.9470
...     6 G-C ...
   -2.6236   -3.5448   15.7072
   -0.9923    0.0611   -0.1075
   -0.0294   -0.9610   -0.2748
   -0.1201   -0.2695    0.9555
...     7 C-G ...
   -2.3138   -3.7570   18.8866
   -0.8620   -0.4995   -0.0864
    0.5008   -0.8655    0.0073
   -0.0785   -0.0370    0.9962
...     8 G-C ...
   -3.9561   -6.8109   23.3205
   -0.2581   -0.3560   -0.8981
    0.6294   -0.7673    0.1233
   -0.7330   -0.5335    0.4221
...     9 C-G ...
   -6.1177   -8.9414   24.2385
    0.1143   -0.7320   -0.6716
    0.8123   -0.3203    0.4874
   -0.5720   -0.6013    0.5580
...    10 T-A ...
   -8.5041   -9.6771   26.0540
    0.4660   -0.8587   -0.2131
    0.6274    0.1508    0.7640
   -0.6239   -0.4897    0.6090
...    11 C-G ...
  -11.0625  -11.3174   27.2336
    0.6660   -0.6911    0.2808
    0.3382    0.6152    0.7121
   -0.6649   -0.3794    0.6435
...    12 A-T ...
  -13.0013  -13.1789   29.0658
    0.7188   -0.1490    0.6790
   -0.1787    0.9043    0.3876
   -0.6718   -0.4000    0.6235
...    13 C-G ...
  -14.1788  -15.9359   31.3399
    0.4052    0.2865    0.8682
   -0.5270    0.8492   -0.0343
   -0.7470   -0.4437    0.4951
...    14 A-T ...
  -15.9532  -18.1566   33.3080
   -0.1503    0.6873    0.7107
   -0.6106    0.5008   -0.6135
   -0.7776   -0.5261    0.3444
...    15 A-T ...
  -18.3963  -19.9606   34.4266
   -0.4571    0.8612    0.2223
   -0.3914    0.0296   -0.9197
   -0.7986   -0.5075    0.3235
...    16 T-A ...
  -20.8127  -21.5410   36.1971
   -0.6211    0.7250   -0.2976
   -0.0670   -0.4275   -0.9015
   -0.7809   -0.5400    0.3141
...    17 T-A ...
  -23.3903  -23.0954   37.5387
   -0.5584    0.3243   -0.7636
    0.3217   -0.7637   -0.5597
   -0.7647   -0.5582    0.3221
...    18 T-A ...
  -25.9705  -24.7486   38.5507
   -0.2398   -0.1175   -0.9637
    0.5662   -0.8233   -0.0405
   -0.7886   -0.5554    0.2640
...    19 A-T ...
  -28.5628  -26.6966   39.2024
    0.1969   -0.4827   -0.8533
    0.5761   -0.6473    0.4991
   -0.7933   -0.5899    0.1506
...    20 T-A ...
  -31.5055  -28.2216   39.1943
    0.4653   -0.7458   -0.4767
    0.3883   -0.3120    0.8671
   -0.7955   -0.5885    0.1444
...    21 T-A ...
  -34.1701  -30.1132   39.3464
    0.5945   -0.7967    0.1087
    0.0325    0.1589    0.9868
   -0.8035   -0.5831    0.1204
...    22 C-G ...
  -36.7530  -32.1111   39.7045
    0.5168   -0.5407    0.6637
   -0.3393    0.5824    0.7387
   -0.7860   -0.6070    0.1176
...    23 G-C ...
  -39.4750  -33.8243   40.6766
    0.3334   -0.0510    0.9414
   -0.6071    0.7524    0.2557
   -0.7213   -0.6568    0.2199
...    24 C-G ...
  -41.5688  -36.2501   41.3679
    0.0040    0.3858    0.9226
   -0.6894    0.6693   -0.2769
   -0.7243   -0.6349    0.2687
...    25 A-T ...
  -44.2898  -38.0924   41.8587
   -0.3650    0.7329    0.5741
   -0.5539    0.3247   -0.7667
   -0.7483   -0.5978    0.2875
...    26 A-T ...
  -46.6811  -40.0421   42.9851
   -0.6174    0.7858    0.0357
   -0.2420   -0.1465   -0.9592
   -0.7485   -0.6009    0.2806
...    27 A-T ...
  -49.0437  -41.9122   44.2331
   -0.6516    0.5499   -0.5224
    0.1758   -0.5605   -0.8093
   -0.7379   -0.6192    0.2686
...    28 G-C ...
  -51.7605  -43.5755   45.3556
   -0.4064    0.2119   -0.8888
    0.4785   -0.7793   -0.4046
   -0.7783   -0.5898    0.2153
...    29 G-C ...
  -54.7346  -45.2489   45.9429
    0.0092   -0.1981   -0.9801
    0.6094   -0.7760    0.1625
   -0.7928   -0.5988    0.1136
...    30 C-G ...
  -57.5647  -46.9121   45.9259
    0.3937   -0.5452   -0.7401
    0.4829   -0.5624    0.6712
   -0.7822   -0.6217    0.0418
...    31 C-G ...
  -60.2973  -48.8387   45.7888
    0.6587   -0.7092   -0.2513
    0.1598   -0.1946    0.9678
   -0.7352   -0.6777   -0.0149
...    32 G-C ...
  -62.3443  -51.1264   45.9668
    0.7210   -0.6351    0.2771
   -0.2373    0.1494    0.9599
   -0.6510   -0.7578   -0.0430
...    33 G-C ...
  -64.0533  -54.0332   45.8052
    0.5024   -0.4093    0.7616
   -0.6283    0.4323    0.6468
   -0.5939   -0.8035   -0.0400
...    34 C-G ...
  -65.6561  -56.8884   45.6583
    0.0851   -0.0751    0.9935
   -0.8162    0.5666    0.1128
   -0.5714   -0.8206   -0.0131
...    35 C-G ...
  -67.3740  -59.8112   45.9838
   -0.3809    0.2769    0.8822
   -0.7358    0.4870   -0.4705
   -0.5599   -0.8283    0.0182
...    36 C-G ...
  -69.1585  -62.6547   46.3254
   -0.7073    0.5310    0.4667
   -0.4118    0.2271   -0.8825
   -0.5746   -0.8164    0.0580
...    37 G-C ...
  -71.1111  -65.3943   45.4577
   -0.7772    0.6177   -0.1197
    0.0762   -0.0964   -0.9924
   -0.6246   -0.7804    0.0278
...    38 A-T ...
  -72.9571  -67.9488   45.6198
   -0.5794    0.4554   -0.6759
    0.5349   -0.4133   -0.7369
   -0.6150   -0.7885   -0.0041
...    39 C-G ...
  -75.3190  -70.1144   45.6677
   -0.1839    0.2232   -0.9573
    0.7543   -0.5924   -0.2830
   -0.6303   -0.7741   -0.0594
...    40 A-T ...
  -77.5145  -72.6130   45.3035
    0.3408   -0.0615   -0.9381
    0.7154   -0.6304    0.3013
   -0.6099   -0.7738   -0.1709
...    41 C-G ...
  -79.6310  -74.8653   44.2214
    0.6998   -0.3163   -0.6405
    0.4324   -0.5261    0.7323
   -0.5686   -0.7894   -0.2313
...    42 G-C ...
  -81.2536  -77.7468   43.7555
    0.8695   -0.4878   -0.0771
   -0.0809   -0.2947    0.9522
   -0.4872   -0.8217   -0.2957
...    43 A-T ...
  -82.7917  -80.3393   42.7476
    0.6591   -0.5636    0.4980
   -0.5775    0.0449    0.8151
   -0.4817   -0.8249   -0.2959
...    44 C-G ...
  -83.8616  -83.1212   41.3080
    0.2737   -0.4173    0.8666
   -0.8536    0.3099    0.4188
   -0.4433   -0.8543   -0.2714
...    45 T-A ...
  -84.7467  -86.5088   40.3427
   -0.2526   -0.1594    0.9544
   -0.8661    0.4770   -0.1495
   -0.4314   -0.8643   -0.2585
...    46 T-A ...
  -85.7640  -89.4911   39.5213
   -0.6819    0.0828    0.7267
   -0.6013    0.5023   -0.6214
   -0.4165   -0.8607   -0.2928
...    47 A-T ...
  -87.2750  -92.2092   38.1764
   -0.9187    0.3663    0.1478
   -0.0153    0.3411   -0.9399
   -0.3947   -0.8657   -0.3078
...    48 C-G ...
  -88.7396  -95.1954   37.8008
   -0.7805    0.5018   -0.3729
    0.4791    0.0969   -0.8724
   -0.4016   -0.8596   -0.3160
...    49 T-A ...
  -90.4581  -97.9833   36.9624
   -0.3684    0.5418   -0.7555
    0.8197   -0.1941   -0.5389
   -0.4386   -0.8178   -0.3726
...    50 G-C ...
  -91.9724 -100.5955   35.4371
    0.2121    0.4536   -0.8656
    0.8845   -0.4658   -0.0273
   -0.4155   -0.7598   -0.5000
...    51 T-A ...
  -93.7093 -102.6561   33.6969
    0.6440    0.2275   -0.7304
    0.6687   -0.6313    0.3929
   -0.3717   -0.7414   -0.5587
...    52 A-T ...
  -94.8463 -104.6259   31.2119
    0.9555    0.0292   -0.2934
    0.2294   -0.6989    0.6775
   -0.1853   -0.7146   -0.6745
...    53 G-C ...
  -95.5480 -106.6737   28.8056
    0.9598   -0.2306    0.1599
   -0.2742   -0.6496    0.7091
   -0.0597   -0.7244   -0.6868
...    54 G-C ...
  -95.1349 -108.8108   25.8936
    0.6601   -0.4775    0.5799
   -0.7502   -0.4578    0.4771
    0.0377   -0.7499   -0.6604
...    55 T-A ...
  -94.4327 -111.1564   23.7234
    0.1798   -0.6352    0.7511
   -0.9811   -0.1716    0.0897
    0.0719   -0.7530   -0.6540
...    56 A-T ...
  -93.6846 -113.7816   21.6965
   -0.4271   -0.5931    0.6825
   -0.8989    0.1965   -0.3917
    0.0982   -0.7808   -0.6170
...    57 T-A ...
  -92.7112 -116.4961   20.0648
   -0.8261   -0.4343    0.3590
   -0.5491    0.4772   -0.6861
    0.1267   -0.7639   -0.6327
...    58 C-G ...
  -92.2650 -119.2503   18.1698
   -0.9863   -0.0581   -0.1542
    0.0781    0.6594   -0.7477
    0.1451   -0.7495   -0.6458
...    59 T-A ...
  -92.0468 -121.9467   16.1722
   -0.7986    0.3320   -0.5020
    0.5908    0.5913   -0.5489
    0.1146   -0.7350   -0.6683
...    60 C-G ...
  -91.6370 -124.4651   13.9602
   -0.3035    0.6367   -0.7088
    0.9438    0.3029   -0.1321
    0.1306   -0.7091   -0.6929
...    61 G-C ...
  -90.6966 -126.5639   11.6007
    0.1789    0.8253   -0.5357
    0.9675   -0.0486    0.2483
    0.1788   -0.5627   -0.8071
...    62 A-T ...
  -89.9765 -128.5861    9.1611
    0.6635    0.7136   -0.2249
    0.6949   -0.4762    0.5389
    0.2774   -0.5138   -0.8118
...    63 G-C ...
  -89.0266 -129.8687    6.2535
    0.8919    0.4219    0.1625
    0.2677   -0.7824    0.5623
    0.3644   -0.4581   -0.8108
...    64 C-G ...
  -87.6724 -130.8486    3.3120
    0.8610   -0.0605    0.5049
   -0.2679   -0.8979    0.3494
    0.4322   -0.4361   -0.7893
...    65 T-A ...
  -86.0617 -131.9627    0.6592
    0.5667   -0.4866    0.6648
   -0.6498   -0.7601   -0.0024
    0.5065   -0.4307   -0.7470
...    66 C-G ...
  -84.4199 -133.7621   -1.4725
    0.0767   -0.8218    0.5646
   -0.8015   -0.3876   -0.4554
    0.5931   -0.4176   -0.6884
...    67 G-C ...
  -83.2369 -135.6505   -4.1756
   -0.4112   -0.8835    0.2246
   -0.6606    0.1190   -0.7413
    0.6281   -0.4531   -0.6325
...    68 G-C ...
  -81.0098 -137.3155   -6.0986
   -0.7274   -0.6542   -0.2074
   -0.3175    0.5887   -0.7434
    0.6084   -0.4748   -0.6359
...    69 G-C ...
  -79.0202 -139.1110   -8.0961
   -0.8242   -0.1886   -0.5340
    0.1467    0.8396   -0.5230
    0.5470   -0.5093   -0.6643
...    70 A-T ...
  -77.2096 -141.0682  -10.1465
   -0.5604    0.3517   -0.7499
    0.6054    0.7918   -0.0810
    0.5653   -0.4993   -0.6566
...    71 T-A ...
  -75.8204 -143.0911  -12.3626
   -0.1749    0.7209   -0.6706
    0.8023    0.4992    0.3274
    0.5707   -0.4807   -0.6657
...    72 C-G ...
  -74.1056 -144.6838  -14.6979
    0.3071    0.8944   -0.3253
    0.7429   -0.0117    0.6693
    0.5948   -0.4472   -0.6680
...    73 C-G ...
  -72.3420 -146.4027  -16.8970
    0.5311    0.8295    0.1729
    0.4700   -0.4581    0.7545
    0.7050   -0.3194   -0.6332
...    74 G-C ...
  -69.6981 -147.4807  -18.5966
    0.5477    0.5225    0.6534
    0.1653   -0.8332    0.5277
    0.8201   -0.1810   -0.5428
...    75 C-G ...
  -66.8177 -147.4922  -20.5035
    0.5165   -0.0344    0.8556
   -0.1497   -0.9874    0.0507
    0.8431   -0.1543   -0.5151
...    76 T-A ...
  -63.5630 -147.6177  -21.7476
    0.3260   -0.5791    0.7472
   -0.3425   -0.8091   -0.4776
    0.8812   -0.1002   -0.4621
...    77 T-A ...
  -60.5315 -147.6989  -22.9580
    0.1019   -0.9450    0.3109
   -0.4510   -0.3224   -0.8323
    0.8867   -0.0554   -0.4590
...    78 T-A ...
  -57.4796 -147.7777  -24.1182
   -0.1262   -0.9611   -0.2456
   -0.4316    0.2761   -0.8588
    0.8932   -0.0023   -0.4496
...    79 A-T ...
  -54.8847 -147.1018  -26.0896
   -0.2201   -0.5841   -0.7813
   -0.3067    0.8017   -0.5130
    0.9260    0.1267   -0.3556
...    80 A-T ...
  -51.8444 -146.8103  -27.1138
   -0.3146   -0.0194   -0.9490
   -0.1679    0.9852    0.0356
    0.9342    0.1706   -0.3132
...    81 C-G ...
  -48.6985 -146.8101  -28.3263
   -0.3567    0.5097   -0.7829
    0.0060    0.8393    0.5436
    0.9342    0.1892   -0.3025
...    82 A-T ...
  -45.6257 -146.2092  -29.3786
   -0.3759    0.8714   -0.3151
    0.1863    0.4042    0.8955
    0.9077    0.2779   -0.3144
...    83 C-G ...
  -42.8962 -145.2532  -31.0445
   -0.2742    0.9421    0.1932
    0.3429   -0.0920    0.9349
    0.8985    0.3225   -0.2978
...    84 T-A ...
  -40.0430 -143.6753  -32.4667
   -0.1407    0.6937    0.7064
    0.4404   -0.5951    0.6722
    0.8867    0.4057   -0.2218
...    85 T-A ...
  -37.3870 -142.0011  -33.2548
    0.0909    0.2304    0.9688
    0.4522   -0.8763    0.1660
    0.8873    0.4230   -0.1838
...    86 T-A ...
  -34.5995 -140.4771  -33.7176
    0.2646   -0.3113    0.9128
    0.3540   -0.8490   -0.3921
    0.8970    0.4269   -0.1144
...    87 A-T ...
  -31.5381 -139.2224  -33.9655
    0.3451   -0.7627    0.5470
    0.1944   -0.5121   -0.8367
    0.9182    0.3951   -0.0285
...    88 T-A ...
  -28.7546 -137.6401  -33.3325
    0.3730   -0.9231    0.0932
    0.0466   -0.0817   -0.9956
    0.9267    0.3757    0.0125
...    89 G-C ...
  -25.6128 -136.6214  -33.0638
    0.2457   -0.8120   -0.5294
   -0.1495    0.5079   -0.8484
    0.9577    0.2876    0.0034
...    90 C-G ...
  -22.3335 -136.0290  -32.9269
    0.1169   -0.3901   -0.9133
   -0.2652    0.8740   -0.4072
    0.9571    0.2898   -0.0013
...    91 T-A ...
  -18.9281 -135.5025  -33.0089
   -0.0548    0.1764   -0.9828
   -0.2638    0.9468    0.1847
    0.9630    0.2693   -0.0054
...    92 T-A ...
  -15.7885 -134.8299  -33.0835
   -0.2079    0.6708   -0.7119
   -0.2112    0.6799    0.7023
    0.9551    0.2963    0.0003
...    93 C-G ...
  -12.6030 -133.9153  -33.3029
   -0.3497    0.9194   -0.1798
   -0.0683    0.1664    0.9837
    0.9344    0.3563    0.0046
...    94 C-G ...
   -9.4208 -133.0412  -33.3696
   -0.4867    0.8067    0.3353
    0.0948   -0.3328    0.9382
    0.8684    0.4884    0.0855
...    95 G-C ...
   -6.8041 -131.5434  -32.8420
   -0.5173    0.4518    0.7268
    0.3387   -0.6719    0.6587
    0.7859    0.5870    0.1946
...    96 G-C ...
   -4.6060 -129.2316  -31.9240
   -0.3415   -0.0427    0.9389
    0.6026   -0.7766    0.1838
    0.7213    0.6285    0.2909
...    97 C-G ...
   -2.7756 -126.7717  -30.5471
    0.0010   -0.4880    0.8728
    0.7197   -0.6057   -0.3394
    0.6943    0.6285    0.3506
...    98 T-A ...
   -0.7696 -124.5561  -29.1766
    0.3388   -0.7606    0.5538
    0.6555   -0.2315   -0.7189
    0.6750    0.6065    0.4201
...    99 C-G ...
    1.7084 -122.9604  -27.8393
    0.6432   -0.7650    0.0324
    0.4034    0.3026   -0.8636
    0.6508    0.5685    0.5032
...   100 G-C ...
    4.0013 -120.9725  -26.5757
    0.7501   -0.4530   -0.4818
   -0.0167    0.7154   -0.6985
    0.6611    0.5320    0.5290
...   101 T-A ...
    6.2166 -119.7164  -24.4239
    0.6278   -0.0309   -0.7778
   -0.4124    0.8342   -0.3660
    0.6601    0.5505    0.5110
...   102 C-G ...
    8.4726 -118.0272  -22.8474
    0.2688    0.4421   -0.8557
   -0.6929    0.7059    0.1471
    0.6691    0.5534    0.4961
...   103 A-T ...
   10.4635 -116.1808  -20.8511
   -0.2292    0.7017   -0.6747
   -0.7300    0.3346    0.5959
    0.6439    0.6291    0.4355
...   104 T-A ...
   12.8106 -114.1812  -19.8485
   -0.5874    0.7441   -0.3181
   -0.5255   -0.0519    0.8492
    0.6154    0.6660    0.4215
...   105 G-C ...
   14.9055 -111.6759  -18.6086
   -0.8551    0.4958    0.1516
   -0.1116   -0.4616    0.8800
    0.5063    0.7356    0.4500
...   106 T-A ...
   16.3888 -108.8560  -17.7008
   -0.8199    0.1638    0.5486
    0.3332   -0.6428    0.6898
    0.4656    0.7484    0.4724
...   107 T-A ...
   17.5797 -106.3702  -16.2157
   -0.5720   -0.2545    0.7798
    0.7172   -0.6165    0.3248
    0.3981    0.7451    0.5352
...   108 A-T ...
   18.7589 -104.0437  -14.2302
   -0.1678   -0.6334    0.7554
    0.9271   -0.3619   -0.0975
    0.3351    0.6840    0.6480
...   109 T-A ...
   19.0922 -101.7516  -11.9731
    0.3085   -0.7279    0.6123
    0.8972    0.0087   -0.4416
    0.3161    0.6856    0.6558
...   110 A-T ...
   20.2652  -99.4867   -9.8097
    0.7608   -0.6073    0.2288
    0.5708    0.4584   -0.6812
    0.3088    0.6489    0.6954
...   111 A-T ...
   21.1355  -97.5462   -7.4224
    0.9549   -0.2379   -0.1777
    0.0516    0.7221   -0.6899
    0.2925    0.6496    0.7018
...   112 C-G ...
   22.2318  -95.9165   -4.5676
    0.8361    0.2141   -0.5051
   -0.4811    0.7285   -0.4877
    0.2636    0.6508    0.7121
...   113 G-C ...
   23.0396  -93.5558   -2.4715
    0.3861    0.5542   -0.7374
   -0.8728    0.4782   -0.0976
    0.2986    0.6813    0.6683
...   114 G-C ...
   24.2323  -91.3331   -0.3561
   -0.1444    0.6623   -0.7352
   -0.9442    0.1300    0.3026
    0.2960    0.7379    0.6065
...   115 A-T ...
   25.4417  -88.9060    1.5584
   -0.6764    0.5939   -0.4356
   -0.6844   -0.2883    0.6696
    0.2721    0.7511    0.6015
...   116 T-A ...
   26.5607  -86.1425    2.9261
   -0.9310    0.3580   -0.0707
   -0.2705   -0.5470    0.7922
    0.2450    0.7567    0.6061
...   117 A-T ...
   27.2434  -83.3105    4.6778
   -0.9299   -0.0900    0.3566
    0.3285   -0.6391    0.6955
    0.1653    0.7639    0.6238
...   118 T-A ...
   27.3236  -80.4829    6.2204
   -0.6570   -0.4016    0.6380
    0.7385   -0.5128    0.4377
    0.1514    0.7588    0.6335
...   119 A-T ...
   27.6859  -78.1090    8.4426
   -0.2012   -0.7008    0.6844
    0.9770   -0.1941    0.0885
    0.0709    0.6865    0.7237
...   120 A-T ...
   27.5536  -75.9841   10.8731
    0.3649   -0.7245    0.5848
    0.9292    0.2436   -0.2780
    0.0590    0.6448    0.7621
...   121 T-A ...
   27.1606  -74.1999   13.6617
    0.7870   -0.4982    0.3640
    0.6153    0.5898   -0.5230
    0.0459    0.6355    0.7707
...   122 G-C ...
   27.3016  -72.3057   16.4824
    0.9936   -0.1023   -0.0474
    0.0516    0.7862   -0.6158
    0.1003    0.6094    0.7865
...   123 T-A ...
   27.7699  -70.7537   19.3324
    0.8909    0.3027   -0.3386
   -0.4432    0.7420   -0.5030
    0.0990    0.5982    0.7952
...   124 G-C ...
   28.1957  -68.8122   21.9870
    0.4715    0.6471   -0.5991
   -0.8704    0.4506   -0.1984
    0.1416    0.6150    0.7757
...   125 T-A ...
   29.1392  -67.0476   24.5254
   -0.0454    0.7684   -0.6384
   -0.9894    0.0535    0.1347
    0.1376    0.6378    0.7578
...   126 C-G ...
   29.6309  -65.0034   26.8940
   -0.6117    0.6583   -0.4387
   -0.7788   -0.4041    0.4798
    0.1386    0.6351    0.7599
...   127 G-C ...
   29.5940  -63.1288   29.5710
   -0.9237    0.2610   -0.2806
   -0.3825   -0.6729    0.6332
   -0.0235    0.6922    0.7213
...   128 A-T ...
   29.6736  -60.9567   31.8359
   -0.9761   -0.1841    0.1157
    0.2140   -0.7206    0.6595
   -0.0380    0.6685    0.7428
...   129 C-G ...
   29.1726  -58.3186   33.7379
   -0.7221   -0.5669    0.3965
    0.6864   -0.5152    0.5133
   -0.0867    0.6428    0.7611
...   130 C-G ...
   28.0520  -56.2585   36.2388
   -0.2707   -0.8291    0.4893
    0.9473   -0.1390    0.2886
   -0.1712    0.5416    0.8230
...   131 A-T ...
   27.7697  -54.9120   39.2737
    0.2823   -0.8639    0.4172
    0.9430    0.3298    0.0447
   -0.1762    0.3808    0.9077
...   132 A-T ...
   27.0551  -53.9080   42.3094
    0.7614   -0.5394    0.3596
    0.6223    0.7635   -0.1726
   -0.1815    0.3552    0.9170
...   133 A-T ...
   26.2440  -53.1040   45.3912
    0.9717    0.0297    0.2343
    0.0579    0.9319   -0.3580
   -0.2290    0.3614    0.9039
...   134 T-A ...
   25.6208  -52.5913   48.6399
    0.8597    0.5097    0.0340
   -0.4497    0.7866   -0.4231
   -0.2424    0.3485    0.9054
...   135 G-C ...
   25.2757  -52.5095   52.0790
    0.3204    0.9427   -0.0928
   -0.8825    0.2614   -0.3910
   -0.3443    0.2071    0.9157
...   136 T-A ...
   25.5257  -52.9786   55.8048
   -0.2439    0.9563   -0.1610
   -0.8908   -0.2866   -0.3525
   -0.3833    0.0575    0.9218
...   137 G-C ...
   24.8932  -52.7377   58.9864
   -0.7529    0.5562   -0.3519
   -0.5215   -0.8303   -0.1966
   -0.4015    0.0355    0.9152
...   138 A-T ...
   24.0142  -51.6373   61.9241
   -0.9563    0.0401   -0.2896
   -0.0524   -0.9980    0.0347
   -0.2876    0.0484    0.9565
...   139 G-C ...
   22.3466  -51.2411   64.4939
   -0.8529   -0.5118   -0.1033
    0.4974   -0.8566    0.1373
   -0.1587    0.0657    0.9851
...   140 C-G ...
   22.1502  -50.1497   67.4637
   -0.4681   -0.8748    0.1248
    0.8495   -0.4066    0.3362
   -0.2434    0.2634    0.9335
...   141 G-C ...
   21.4256  -51.8265   72.7875
    0.1303   -0.7143   -0.6876
    0.8897   -0.2218    0.3990
   -0.4375   -0.6638    0.6066
...   142 C-G ...
   20.4245  -54.3094   74.5417
    0.5846   -0.7390   -0.3348
    0.7594    0.3532    0.5465
   -0.2856   -0.5737    0.7676
...   143 T-A ...
   18.4270  -55.5289   76.5298
    0.8548   -0.5005    0.1370
    0.3188    0.7148    0.6224
   -0.4095   -0.4884    0.7706
...   144 C-G ...
   16.8371  -57.7221   78.2673
    0.8529   -0.0846    0.5151
   -0.1508    0.9048    0.3983
   -0.4998   -0.4174    0.7589
...   145 A-T ...
   15.7828  -59.5614   80.7980
    0.5516    0.4995    0.6680
   -0.6739    0.7388    0.0039
   -0.4916   -0.4523    0.7441
...   146 C-G ...
   15.7314  -61.4939   83.9315
    0.0344    0.7399    0.6718
   -0.8637    0.3602   -0.3526
   -0.5029   -0.5681    0.6514
...   147 A-T ...
   14.7383  -63.4278   86.8191
   -0.5924    0.6746    0.4405
   -0.6886   -0.1401   -0.7114
   -0.4182   -0.7248    0.5475
