  147 base-pairs
...     1 T-A ...
    0.0000    0.0000    0.0000
    1.0000    0.0000    0.0000
    0.0000    1.0000    0.0000
    0.0000    0.0000    1.0000
...     2 G-C ...
   -0.5555   -1.1003    3.3981
    0.7749    0.6051    0.1828
   -0.5991    0.7953   -0.0929
   -0.2016   -0.0375    0.9787
...     3 T-A ...
   -0.6619   -3.0237    6.5348
    0.3046    0.9250    0.2271
   -0.8994    0.3578   -0.2510
   -0.3134   -0.1278    0.9410
...     4 G-C ...
   -1.1607   -3.8418    9.6940
   -0.3351    0.9421    0.0133
   -0.8752   -0.3061   -0.3746
   -0.3489   -0.1372    0.9271
...     5 A-T ...
   -1.3881   -3.6770   12.8999
   -0.7835    0.6162   -0.0801
   -0.5677   -0.7622   -0.3109
   -0.2527   -0.1981    0.9470
...     6 G-C ...
   -2.6236   -3.5448   15.7072
   -0.9923    0.0611   -0.1075
   -0.0294   -0.9610   -0.2748
   -0.1201   -0.2695    0.9555
...     7 C-G ...
   -2.3138   -3.7570   18.8866
   -0.8620   -0.4995   -0.0864
    0.5008   -0.8655    0.0073
   -0.0785   -0.0370    0.9962
...     8 G-C ...
   -3.9561   -6.8109   23.3205
   -0.2581   -0.3560   -0.8981
    0.6294   -0.7673    0.1233
   -0.7330   -0.5335    0.4221
...     9 C-G ...
   -6.1177   -8.9414   24.2385
    0.1143   -0.7320   -0.6716
    0.8123   -0.3203    0.4874
   -0.5720   -0.6013    0.5580
...    10 T-A ...
   -8.5041   -9.6771   26.0540
    0.4660   -0.8587   -0.2131
    0.6274    0.1508    0.7640
   -0.6239   -0.4897    0.6090
...    11 C-G ...
  -11.0625  -11.3174   27.2336
    0.6660   -0.6911    0.2808
    0.3382    0.6152    0.7121
   -0.6649   -0.3794    0.6435
...    12 A-T ...
  -13.0013  -13.1789   29.0658
    0.7188   -0.1490    0.6790
   -0.1787    0.9043    0.3876
   -0.6718   -0.4000    0.6235
...    13 C-G ...
  -14.1788  -15.9359   31.3399
    0.4052    0.2865    0.8682
   -0.5270    0.8492   -0.0343
   -0.7470   -0.4437    0.4951
...    14 A-T ...
  -15.9532  -18.1566   33.3080
   -0.1503    0.6873    0.7107
   -0.6106    0.5008   -0.6135
   -0.7776   -0.5261    0.3444
...    15 A-T ...
  -18.3999  -19.9544   34.4306
   -0.4571    0.8615    0.2211
   -0.3924    0.0278   -0.9194
   -0.7982   -0.5070    0.3254
...    16 T-A ...
  -20.8151  -21.5303   36.2072
   -0.6217    0.7239   -0.2990
   -0.0680   -0.4302   -0.9002
   -0.7803   -0.5393    0.3167
...    17 T-A ...
  -23.3897  -23.0810   37.5579
   -0.5599    0.3209   -0.7638
    0.3212   -0.7657   -0.5572
   -0.7637   -0.5574    0.3257
...    18 T-A ...
  -25.9688  -24.7297   38.5879
   -0.2434   -0.1252   -0.9618
    0.5677   -0.8224   -0.0366
   -0.7864   -0.5550    0.2712
...    19 A-T ...
  -28.5520  -26.6880   39.2829
    0.1931   -0.4986   -0.8451
    0.5799   -0.6368    0.5082
   -0.7915   -0.5882    0.1661
...    20 T-A ...
  -31.4942  -28.2173   39.3256
    0.4629   -0.7558   -0.4632
    0.3937   -0.2928    0.8713
   -0.7941   -0.5857    0.1620
...    21 T-A ...
  -34.1573  -30.1044   39.5382
    0.5948   -0.7942    0.1242
    0.0384    0.1824    0.9825
   -0.8029   -0.5796    0.1390
...    22 C-G ...
  -36.7428  -32.0875   39.9617
    0.5205   -0.5242    0.6740
   -0.3345    0.6010    0.7259
   -0.7856   -0.6033    0.1375
...    23 G-C ...
  -39.4692  -33.7680   40.9838
    0.3405   -0.0261    0.9399
   -0.6038    0.7602    0.2398
   -0.7208   -0.6492    0.2431
...    24 C-G ...
  -41.5622  -36.1708   41.7551
    0.0120    0.4110    0.9115
   -0.6902    0.6630   -0.2899
   -0.7235   -0.6257    0.2917
...    25 A-T ...
  -44.2834  -37.9910   42.3266
   -0.3575    0.7506    0.5557
   -0.5602    0.3038   -0.7707
   -0.7472   -0.5868    0.3119
...    26 A-T ...
  -46.6722  -39.8960   43.5322
   -0.6143    0.7889    0.0176
   -0.2519   -0.1750   -0.9518
   -0.7478   -0.5891    0.3062
...    27 A-T ...
  -49.0296  -41.7167   44.8609
   -0.6548    0.5358   -0.5330
    0.1653   -0.5866   -0.7928
   -0.7375   -0.6072    0.2955
...    28 G-C ...
  -51.7412  -43.3333   46.0641
   -0.4151    0.1839   -0.8910
    0.4716   -0.7940   -0.3836
   -0.7780   -0.5795    0.2429
...    29 G-C ...
  -54.7113  -44.9795   46.7412
   -0.0027   -0.2333   -0.9724
    0.6086   -0.7720    0.1835
   -0.7935   -0.5913    0.1441
...    30 C-G ...
  -57.5456  -46.6345   46.8248
    0.3828   -0.5747   -0.7233
    0.4889   -0.5383    0.6865
   -0.7839   -0.6164    0.0749
...    31 C-G ...
  -60.2917  -48.5502   46.8034
    0.6523   -0.7219   -0.2309
    0.1714   -0.1562    0.9727
   -0.7383   -0.6741    0.0218
...    32 G-C ...
  -62.3572  -50.8103   47.1073
    0.7214   -0.6269    0.2943
   -0.2234    0.1916    0.9557
   -0.6555   -0.7552   -0.0018
...    33 G-C ...
  -64.0930  -53.7041   47.0929
    0.5109   -0.3779    0.7721
   -0.6164    0.4650    0.6354
   -0.5992   -0.8006    0.0046
...    34 C-G ...
  -65.7168  -56.5515   47.0927
    0.0995   -0.0297    0.9946
   -0.8107    0.5771    0.0983
   -0.5769   -0.8161    0.0333
...    35 C-G ...
  -67.4475  -59.4442   47.5833
   -0.3643    0.3220    0.8738
   -0.7398    0.4699   -0.4816
   -0.5657   -0.8219    0.0671
...    36 C-G ...
  -69.2507  -62.2500   48.0947
   -0.6954    0.5593    0.4512
   -0.4250    0.1862   -0.8858
   -0.5794   -0.8078    0.1082
...    37 G-C ...
  -71.2420  -65.0098   47.4046
   -0.7747    0.6172   -0.1378
    0.0578   -0.1478   -0.9873
   -0.6297   -0.7728    0.0788
...    38 A-T ...
  -73.1096  -67.5349   47.7299
   -0.5880    0.4240   -0.6888
    0.5184   -0.4562   -0.7233
   -0.6209   -0.7824    0.0485
...    39 C-G ...
  -75.4878  -69.6752   47.9374
   -0.1996    0.1724   -0.9646
    0.7445   -0.6134   -0.2637
   -0.6371   -0.7708   -0.0060
...    40 A-T ...
  -77.7068  -72.1746   47.7507
    0.3233   -0.1183   -0.9389
    0.7159   -0.6183    0.3244
   -0.6188   -0.7770   -0.1152
...    41 C-G ...
  -79.8629  -74.4683   46.8413
    0.6852   -0.3603   -0.6329
    0.4412   -0.4860    0.7544
   -0.5794   -0.7962   -0.1740
...    42 G-C ...
  -81.5231  -77.3548   46.5831
    0.8634   -0.5007   -0.0627
   -0.0658   -0.2348    0.9698
   -0.5003   -0.8332   -0.2357
...    43 A-T ...
  -83.1078  -79.9858   45.7658
    0.6630   -0.5385    0.5200
   -0.5615    0.1017    0.8212
   -0.4951   -0.8365   -0.2349
...    44 C-G ...
  -84.2326  -82.8396   44.5235
    0.2859   -0.3648    0.8861
   -0.8425    0.3449    0.4138
   -0.4565   -0.8649   -0.2087
...    45 T-A ...
  -85.1724  -86.2695   43.7930
   -0.2360   -0.0941    0.9672
   -0.8640    0.4759   -0.1645
   -0.4448   -0.8745   -0.1936
...    46 T-A ...
  -86.2424  -89.2836   43.1902
   -0.6670    0.1393    0.7319
   -0.6076    0.4668   -0.6425
   -0.4312   -0.8733   -0.2268
...    47 A-T ...
  -87.8116  -92.0673   42.0623
   -0.9116    0.3867    0.1393
   -0.0293    0.2768   -0.9605
   -0.4100   -0.8797   -0.2410
...    48 C-G ...
  -89.3202  -95.0531   41.9181
   -0.7817    0.4846   -0.3924
    0.4636    0.0309   -0.8855
   -0.4170   -0.8742   -0.2488
...    49 T-A ...
  -91.0858  -97.8711   41.3051
   -0.3762    0.4927   -0.7847
    0.8073   -0.2412   -0.5386
   -0.4546   -0.8361   -0.3070
...    50 G-C ...
  -92.6547 -100.5663   39.9958
    0.2015    0.3883   -0.8992
    0.8785   -0.4777   -0.0094
   -0.4332   -0.7881   -0.4374
...    51 T-A ...
  -94.4466 -102.7245   38.4380
    0.6337    0.1654   -0.7557
    0.6678   -0.6102    0.4264
   -0.3906   -0.7748   -0.4971
...    52 A-T ...
  -95.6484 -104.8706   36.1400
    0.9506   -0.0090   -0.3104
    0.2303   -0.6499    0.7243
   -0.2082   -0.7600   -0.6157
...    53 G-C ...
  -96.4280 -107.0863   33.9119
    0.9585   -0.2345    0.1622
   -0.2728   -0.5891    0.7606
   -0.0828   -0.7733   -0.6287
...    54 G-C ...
  -96.1000 -109.4484   31.1709
    0.6610   -0.4436    0.6052
   -0.7502   -0.4066    0.5214
    0.0148   -0.7987   -0.6016
...    55 T-A ...
  -95.4718 -111.9653   29.1777
    0.1804   -0.5790    0.7951
   -0.9824   -0.1465    0.1162
    0.0492   -0.8021   -0.5952
...    56 A-T ...
  -94.8021 -114.7528   27.3497
   -0.4273   -0.5311    0.7317
   -0.9009    0.1824   -0.3938
    0.0757   -0.8275   -0.5564
...    57 T-A ...
  -93.9005 -117.6025   25.9198
   -0.8286   -0.3901    0.4016
   -0.5500    0.4334   -0.7139
    0.1045   -0.8124   -0.5737
...    58 C-G ...
  -93.5294 -120.5016   24.2360
   -0.9891   -0.0513   -0.1377
    0.0800    0.5987   -0.7970
    0.1233   -0.7994   -0.5881
...    59 T-A ...
  -93.3863 -123.3480   22.4486
   -0.7986    0.3075   -0.5174
    0.5946    0.5363   -0.5990
    0.0933   -0.7860   -0.6111
...    60 C-G ...
  -93.0467 -126.0417   20.4361
   -0.2998    0.5861   -0.7527
    0.9475    0.2745   -0.1637
    0.1107   -0.7623   -0.6377
...    61 G-C ...
  -92.1671 -128.3349   18.2382
    0.1883    0.7787   -0.5985
    0.9688   -0.0472    0.2435
    0.1614   -0.6257   -0.7632
...    62 A-T ...
  -91.5038 -130.5539   15.9593
    0.6737    0.6825   -0.2833
    0.6910   -0.4460    0.5688
    0.2619   -0.5790   -0.7721
...    63 G-C ...
  -90.5999 -132.0722   13.1523
    0.9001    0.4175    0.1246
    0.2586   -0.7421    0.6183
    0.3506   -0.5243   -0.7760
...    64 C-G ...
  -89.2832 -133.2941   10.2857
    0.8635   -0.0370    0.5031
   -0.2804   -0.8643    0.4177
    0.4193   -0.5017   -0.7566
...    65 T-A ...
  -87.7095 -134.6347    7.7175
    0.5627   -0.4453    0.6964
   -0.6624   -0.7469    0.0576
    0.4945   -0.4937   -0.7153
...    66 C-G ...
  -86.1155 -136.6232    5.7225
    0.0662   -0.7794    0.6230
   -0.8099   -0.4067   -0.4227
    0.5829   -0.4766   -0.6581
...    67 G-C ...
  -84.9820 -138.7281    3.1533
   -0.4244   -0.8584    0.2882
   -0.6613    0.0764   -0.7463
    0.6186   -0.5073   -0.6000
...    68 G-C ...
  -82.7869 -140.5632    1.3484
   -0.7382   -0.6554   -0.1598
   -0.3102    0.5400   -0.7824
    0.5991   -0.5280   -0.6019
...    69 G-C ...
  -80.8286 -142.5227   -0.5214
   -0.8281   -0.2123   -0.5189
    0.1586    0.7990   -0.5801
    0.5377   -0.5626   -0.6279
...    70 A-T ...
  -79.0499 -144.6461   -2.4320
   -0.5558    0.3081   -0.7721
    0.6173    0.7751   -0.1351
    0.5568   -0.5517   -0.6210
...    71 T-A ...
  -77.6935 -146.8370   -4.5036
   -0.1648    0.6763   -0.7180
    0.8100    0.5081    0.2927
    0.5627   -0.5333   -0.6316
...    72 C-G ...
  -76.0042 -148.6099   -6.7239
    0.3193    0.8662   -0.3844
    0.7434    0.0227    0.6685
    0.5877   -0.4992   -0.6367
...    73 C-G ...
  -74.2679 -150.5035   -8.7986
    0.5417    0.8322    0.1182
    0.4640   -0.4133    0.7835
    0.7009   -0.3695   -0.6100
...    74 G-C ...
  -71.6351 -151.7221  -10.4220
    0.5532    0.5577    0.6188
    0.1555   -0.7989    0.5809
    0.8184   -0.2252   -0.5287
...    75 C-G ...
  -68.7491 -151.8850  -12.3140
    0.5156    0.0151    0.8567
   -0.1599   -0.9806    0.1135
    0.8418   -0.1955   -0.5032
...    76 T-A ...
  -65.4879 -152.1239  -13.5326
    0.3207   -0.5343    0.7821
   -0.3491   -0.8342   -0.4268
    0.8805   -0.1362   -0.4541
...    77 T-A ...
  -62.4564 -152.3043  -14.7345
    0.0952   -0.9254    0.3669
   -0.4531   -0.3685   -0.8118
    0.8864   -0.0889   -0.4543
...    78 T-A ...
  -59.4008 -152.4680  -15.8820
   -0.1301   -0.9730   -0.1905
   -0.4302    0.2285   -0.8733
    0.8933   -0.0317   -0.4483
...    79 A-T ...
  -56.8089 -151.8926  -17.8925
   -0.2170   -0.6244   -0.7504
   -0.3054    0.7735   -0.5553
    0.9272    0.1087   -0.3585
...    80 A-T ...
  -53.7633 -151.6481  -18.9174
   -0.3104   -0.0679   -0.9482
   -0.1701    0.9853   -0.0149
    0.9353    0.1567   -0.3174
...    81 C-G ...
  -50.6104 -151.6988  -20.1111
   -0.3553    0.4689   -0.8086
    0.0009    0.8652    0.5014
    0.9347    0.1774   -0.3079
...    82 A-T ...
  -47.5337 -151.1396  -21.1762
   -0.3795    0.8528   -0.3588
    0.1811    0.4488    0.8751
    0.9073    0.2672   -0.3247
...    83 C-G ...
  -44.8061 -150.2470  -22.8756
   -0.2811    0.9485    0.1463
    0.3407   -0.0439    0.9392
    0.8972    0.3138   -0.3108
...    84 T-A ...
  -41.9595 -148.7198  -24.3596
   -0.1492    0.7247    0.6728
    0.4439   -0.5589    0.7004
    0.8836    0.4031   -0.2383
...    85 T-A ...
  -39.3162 -147.0589  -25.2161
    0.0861    0.2758    0.9573
    0.4608   -0.8630    0.2072
    0.8833    0.4233   -0.2014
...    86 T-A ...
  -36.5436 -145.5268  -25.7418
    0.2671   -0.2661    0.9262
    0.3638   -0.8621   -0.3527
    0.8923    0.4312   -0.1335
...    87 A-T ...
  -33.4922 -144.2480  -26.0545
    0.3597   -0.7336    0.5766
    0.1980   -0.5439   -0.8155
    0.9118    0.4075   -0.0504
...    88 T-A ...
  -30.7291 -142.5954  -25.5054
    0.3897   -0.9119    0.1290
    0.0418   -0.1224   -0.9916
    0.9200    0.3918   -0.0095
...    89 G-C ...
  -27.6056 -141.5102  -25.3021
    0.2572   -0.8287   -0.4972
   -0.1643    0.4695   -0.8675
    0.9523    0.3048   -0.0154
...    90 C-G ...
  -24.3385 -140.8484  -25.2128
    0.1180   -0.4252   -0.8974
   -0.2855    0.8510   -0.4408
    0.9511    0.3083   -0.0210
...    91 T-A ...
  -21.1548 -139.9717  -25.2324
   -0.0433    0.0908   -0.9949
   -0.3143    0.9441    0.0998
    0.9484    0.3170   -0.0123
...    92 C-G ...
  -18.0332 -138.9677  -25.2322
   -0.2224    0.5883   -0.7774
   -0.2810    0.7249    0.6289
    0.9336    0.3584    0.0041
...    93 A-T ...
  -14.8852 -137.8124  -24.8554
   -0.4507    0.8419   -0.2967
   -0.1189    0.2728    0.9547
    0.8847    0.4656   -0.0229
...    94 T-A ...
  -12.1077 -136.2558  -25.4058
   -0.5136    0.8334    0.2038
    0.1188   -0.1662    0.9789
    0.8497    0.5270   -0.0137
...    95 G-C ...
   -9.3479 -134.0965  -25.5588
   -0.4967    0.5095    0.7027
    0.3992   -0.5847    0.7062
    0.7707    0.6313    0.0870
...    96 T-A ...
   -7.2913 -131.5015  -25.5453
   -0.2745    0.1167    0.9545
    0.6116   -0.7448    0.2670
    0.7420    0.6570    0.1330
...    97 T-A ...
   -5.1593 -129.2731  -24.9634
    0.0269   -0.3314    0.9431
    0.6954   -0.6716   -0.2558
    0.7181    0.6627    0.2124
...    98 A-T ...
   -2.7142 -127.2134  -24.0886
    0.3445   -0.7014    0.6239
    0.6017   -0.3452   -0.7203
    0.7206    0.6236    0.3031
...    99 T-A ...
   -0.8328 -125.1039  -22.4947
    0.6130   -0.7658    0.1943
    0.3671    0.0582   -0.9284
    0.6996    0.6405    0.3168
...   100 A-T ...
    1.5352 -122.8247  -21.6276
    0.7351   -0.5410   -0.4085
   -0.0762    0.5329   -0.8428
    0.6736    0.6507    0.3505
...   101 A-T ...
    3.6912 -120.8334  -20.3121
    0.5903   -0.1161   -0.7988
   -0.4943    0.7303   -0.4714
    0.6381    0.6731    0.3737
...   102 C-G ...
    6.2462 -119.0791  -18.7767
    0.2408    0.3201   -0.9163
   -0.7525    0.6578    0.0321
    0.6130    0.6818    0.3993
...   103 G-C ...
    7.9757 -116.6067  -17.5712
   -0.2854    0.5570   -0.7799
   -0.7665    0.3560    0.5346
    0.5754    0.7504    0.3253
...   104 G-C ...
    9.9415 -114.1074  -16.7512
   -0.6923    0.5803   -0.4289
   -0.5077    0.0307    0.8610
    0.5129    0.8138    0.2733
...   105 A-T ...
   11.6817 -111.3951  -16.0676
   -0.8846    0.4487    0.1273
   -0.0197   -0.3086    0.9510
    0.4660    0.8387    0.2818
...   106 T-A ...
   12.9553 -108.3813  -15.7756
   -0.8068    0.2084    0.5529
    0.4065   -0.4834    0.7753
    0.4288    0.8502    0.3053
...   107 T-A ...
   14.1416 -105.4425  -14.9454
   -0.4850   -0.1270    0.8652
    0.7800   -0.5101    0.3624
    0.3954    0.8507    0.3465
...   108 C-G ...
   15.1115 -102.6202  -13.6085
   -0.0166   -0.4558    0.8899
    0.9337   -0.3255   -0.1493
    0.3577    0.8284    0.4309
...   109 C-G ...
   16.0569  -99.9412  -11.9627
    0.4197   -0.6440    0.6396
    0.8272   -0.0187   -0.5616
    0.3736    0.7648    0.5249
...   110 G-C ...
   17.5202  -97.8208  -10.3352
    0.7394   -0.6346    0.2248
    0.5360    0.3529   -0.7669
    0.4073    0.6876    0.6010
...   111 G-C ...
   19.2112  -96.0047   -8.0268
    0.8970   -0.3637   -0.2512
    0.0710    0.6795   -0.7303
    0.4363    0.6372    0.6353
...   112 C-G ...
   20.9141  -94.3769   -5.6326
    0.7815    0.0517   -0.6217
   -0.4229    0.7766   -0.4670
    0.4587    0.6279    0.6288
...   113 T-A ...
   22.5250  -92.4579   -3.4903
    0.4436    0.4519   -0.7739
   -0.7690    0.6355   -0.0697
    0.4603    0.6261    0.6294
...   114 C-G ...
   24.0000  -90.3478   -1.3640
   -0.0978    0.7269   -0.6797
   -0.8902    0.2414    0.3863
    0.4449    0.6429    0.6235
...   115 G-C ...
   25.0026  -88.2344    0.9864
   -0.6251    0.6777   -0.3873
   -0.6858   -0.2399    0.6871
    0.3728    0.6951    0.6147
...   116 T-A ...
   26.2501  -85.5443    2.4175
   -0.9134    0.4070   -0.0099
   -0.2595   -0.5633    0.7845
    0.3137    0.7191    0.6201
...   117 A-T ...
   27.0774  -82.6011    4.0376
   -0.9413   -0.0634    0.3315
    0.2866   -0.6692    0.6856
    0.1783    0.7404    0.6481
...   118 T-A ...
   27.2225  -79.8197    5.6617
   -0.6860   -0.3943    0.6115
    0.7090   -0.5509    0.4403
    0.1633    0.7356    0.6574
...   119 A-T ...
   27.6267  -77.5196    7.9609
   -0.2357   -0.7100    0.6636
    0.9685   -0.2279    0.1003
    0.0800    0.6663    0.7414
...   120 A-T ...
   27.5206  -75.4481   10.4393
    0.3330   -0.7485    0.5734
    0.9406    0.2214   -0.2573
    0.0657    0.6250    0.7778
...   121 T-A ...
   27.1352  -73.7169   13.2639
    0.7666   -0.5285    0.3646
    0.6400    0.5835   -0.5000
    0.0515    0.6167    0.7856
...   122 G-C ...
   27.2803  -71.8823   16.1245
    0.9915   -0.1255   -0.0350
    0.0799    0.7977   -0.5977
    0.1029    0.5898    0.8009
...   123 T-A ...
   27.7333  -70.4011   19.0187
    0.9018    0.2905   -0.3199
   -0.4203    0.7616   -0.4933
    0.1003    0.5793    0.8089
...   124 G-C ...
   28.1516  -68.5227   21.7249
    0.4910    0.6506   -0.5793
   -0.8594    0.4705   -0.1999
    0.1426    0.5960    0.7902
...   125 T-A ...
   29.0901  -66.8288   24.3118
   -0.0247    0.7817   -0.6231
   -0.9900    0.0675    0.1240
    0.1390    0.6200    0.7722
...   126 C-G ...
   29.5859  -64.8406   26.7287
   -0.5963    0.6765   -0.4322
   -0.7905   -0.4013    0.4627
    0.1396    0.6176    0.7740
...   127 G-C ...
   29.5389  -63.0195   29.4499
   -0.9177    0.2780   -0.2837
   -0.3967   -0.6794    0.6174
   -0.0211    0.6791    0.7337
...   128 A-T ...
   29.6197  -60.8871   31.7556
   -0.9790   -0.1745    0.1054
    0.2007   -0.7341    0.6487
   -0.0358    0.6562    0.7537
...   129 C-G ...
   29.1346  -58.2744   33.6978
   -0.7306   -0.5654    0.3828
    0.6775   -0.5307    0.5092
   -0.0848    0.6314    0.7708
...   130 C-G ...
   28.0306  -56.2412   36.2280
   -0.2800   -0.8332    0.4769
    0.9448   -0.1511    0.2907
   -0.1701    0.5320    0.8295
...   131 A-T ...
   27.7767  -54.9045   39.2720
    0.2786   -0.8667    0.4138
    0.9441    0.3262    0.0476
   -0.1762    0.3774    0.9091
...   132 A-T ...
   27.0607  -53.9069   42.3106
    0.7602   -0.5412    0.3595
    0.6236    0.7629   -0.1704
   -0.1820    0.3537    0.9175
...   133 A-T ...
   26.2472  -53.1060   45.3924
    0.9715    0.0285    0.2352
    0.0591    0.9323   -0.3569
   -0.2294    0.3606    0.9041
...   134 T-A ...
   25.6209  -52.5913   48.6399
    0.8597    0.5097    0.0340
   -0.4497    0.7866   -0.4231
   -0.2424    0.3485    0.9054
...   135 G-C ...
   25.2757  -52.5096   52.0790
    0.3204    0.9427   -0.0928
   -0.8825    0.2614   -0.3910
   -0.3443    0.2071    0.9157
...   136 T-A ...
   25.5258  -52.9787   55.8048
   -0.2439    0.9563   -0.1610
   -0.8908   -0.2866   -0.3525
   -0.3833    0.0575    0.9218
...   137 G-C ...
   24.8933  -52.7377   58.9864
   -0.7529    0.5562   -0.3519
   -0.5215   -0.8303   -0.1966
   -0.4015    0.0355    0.9152
...   138 A-T ...
   24.0143  -51.6374   61.9241
   -0.9563    0.0401   -0.2896
   -0.0524   -0.9980    0.0347
   -0.2876    0.0484    0.9565
...   139 G-C ...
   22.3467  -51.2411   64.4939
   -0.8529   -0.5118   -0.1033
    0.4974   -0.8566    0.1373
   -0.1587    0.0657    0.9851
...   140 C-G ...
   22.1503  -50.1498   67.4637
   -0.4681   -0.8748    0.1248
    0.8495   -0.4066    0.3362
   -0.2434    0.2634    0.9335
...   141 G-C ...
   21.4256  -51.8266   72.7875
    0.1303   -0.7143   -0.6876
    0.8897   -0.2218    0.3990
   -0.4375   -0.6638    0.6066
...   142 C-G ...
   20.4246  -54.3094   74.5417
    0.5846   -0.7390   -0.3348
    0.7594    0.3532    0.5465
   -0.2856   -0.5737    0.7676
...   143 T-A ...
   18.4271  -55.5290   76.5298
    0.8548   -0.5005    0.1370
    0.3188    0.7148    0.6224
   -0.4095   -0.4884    0.7706
...   144 C-G ...
   16.8371  -57.7222   78.2673
    0.8529   -0.0846    0.5151
   -0.1508    0.9048    0.3983
   -0.4998   -0.4174    0.7589
...   145 A-T ...
   15.7829  -59.5615   80.7980
    0.5516    0.4995    0.6680
   -0.6739    0.7388    0.0039
   -0.4916   -0.4523    0.7441
...   146 C-G ...
   15.7314  -61.4940   83.9315
    0.0344    0.7399    0.6718
   -0.8637    0.3602   -0.3526
   -0.5029   -0.5681    0.6514
...   147 A-T ...
   14.7384  -63.4279   86.8191
   -0.5924    0.6746    0.4405
   -0.6886   -0.1401   -0.7114
   -0.4182   -0.7248    0.5475
