  147 base-pairs
...     1 T-A ...
    0.0000    0.0000    0.0000
    1.0000    0.0000    0.0000
    0.0000    1.0000    0.0000
    0.0000    0.0000    1.0000
...     2 G-C ...
   -0.5555   -1.1003    3.3981
    0.7749    0.6051    0.1828
   -0.5991    0.7953   -0.0929
   -0.2016   -0.0375    0.9787
...     3 T-A ...
   -0.6619   -3.0237    6.5348
    0.3046    0.9250    0.2271
   -0.8994    0.3578   -0.2510
   -0.3134   -0.1278    0.9410
...     4 G-C ...
   -1.1607   -3.8418    9.6940
   -0.3351    0.9421    0.0133
   -0.8752   -0.3061   -0.3746
   -0.3489   -0.1372    0.9271
...     5 A-T ...
   -1.3881   -3.6770   12.8999
   -0.7835    0.6162   -0.0801
   -0.5677   -0.7622   -0.3109
   -0.2527   -0.1981    0.9470
...     6 G-C ...
   -2.6236   -3.5448   15.7072
   -0.9923    0.0611   -0.1075
   -0.0294   -0.9610   -0.2748
   -0.1201   -0.2695    0.9555
...     7 C-G ...
   -2.3138   -3.7570   18.8866
   -0.8620   -0.4995   -0.0864
    0.5008   -0.8655    0.0073
   -0.0785   -0.0370    0.9962
...     8 G-C ...
   -3.9561   -6.8109   23.3205
   -0.2581   -0.3560   -0.8981
    0.6294   -0.7673    0.1233
   -0.7330   -0.5335    0.4221
...     9 C-G ...
   -6.1177   -8.9414   24.2385
    0.1143   -0.7320   -0.6716
    0.8123   -0.3203    0.4874
   -0.5720   -0.6013    0.5580
...    10 T-A ...
   -8.5041   -9.6771   26.0540
    0.4660   -0.8587   -0.2131
    0.6274    0.1508    0.7640
   -0.6239   -0.4897    0.6090
...    11 C-G ...
  -11.0625  -11.3174   27.2336
    0.6660   -0.6911    0.2808
    0.3382    0.6152    0.7121
   -0.6649   -0.3794    0.6435
...    12 A-T ...
  -13.0013  -13.1789   29.0658
    0.7188   -0.1490    0.6790
   -0.1787    0.9043    0.3876
   -0.6718   -0.4000    0.6235
...    13 C-G ...
  -14.1788  -15.9359   31.3399
    0.4052    0.2865    0.8682
   -0.5270    0.8492   -0.0343
   -0.7470   -0.4437    0.4951
...    14 A-T ...
  -15.9532  -18.1566   33.3080
   -0.1503    0.6873    0.7107
   -0.6106    0.5008   -0.6135
   -0.7776   -0.5261    0.3444
...    15 A-T ...
  -18.3836  -19.9523   34.4742
   -0.4558    0.8599    0.2299
   -0.4054    0.0295   -0.9137
   -0.7924   -0.5097    0.3351
...    16 T-A ...
  -20.7646  -21.5388   36.2927
   -0.6310    0.7233   -0.2805
   -0.0858   -0.4244   -0.9014
   -0.7710   -0.5447    0.3299
...    17 T-A ...
  -23.2891  -23.1033   37.7111
   -0.5867    0.3213   -0.7433
    0.3103   -0.7586   -0.5729
   -0.7480   -0.5668    0.3454
...    18 T-A ...
  -25.8181  -24.7436   38.8659
   -0.2902   -0.1250   -0.9488
    0.5773   -0.8136   -0.0694
   -0.7632   -0.5679    0.3083
...    19 A-T ...
  -28.3269  -26.7100   39.6703
    0.1453   -0.4630   -0.8744
    0.6252   -0.6420    0.4438
   -0.7668   -0.6111    0.1962
...    20 T-A ...
  -31.2253  -28.3006   39.8531
    0.4435   -0.7203   -0.5334
    0.4669   -0.3223    0.8235
   -0.7651   -0.6142    0.1934
...    21 T-A ...
  -33.8273  -30.2657   40.1706
    0.6370   -0.7708    0.0090
    0.1321    0.1207    0.9839
   -0.7595   -0.6255    0.1787
...    22 C-G ...
  -36.2557  -32.3985   40.6983
    0.6256   -0.5403    0.5628
   -0.2711    0.5258    0.8062
   -0.7315   -0.6569    0.1825
...    23 G-C ...
  -38.6967  -34.3608   41.9436
    0.4670   -0.0691    0.8816
   -0.6127    0.6935    0.3789
   -0.6376   -0.7171    0.2815
...    24 C-G ...
  -40.4883  -36.9554   42.8039
    0.1146    0.3412    0.9330
   -0.7674    0.6268   -0.1349
   -0.6308   -0.7005    0.3337
...    25 A-T ...
  -42.9094  -39.0079   43.7279
   -0.3081    0.6727    0.6727
   -0.7020    0.3165   -0.6380
   -0.6421   -0.6688    0.3747
...    26 A-T ...
  -44.9049  -41.1817   45.1734
   -0.6570    0.7264    0.2015
   -0.4056   -0.1154   -0.9067
   -0.6354   -0.6775    0.3705
...    27 A-T ...
  -46.8219  -43.3122   46.7260
   -0.7868    0.5110   -0.3462
    0.0595   -0.4955   -0.8666
   -0.6144   -0.7024    0.3594
...    28 G-C ...
  -49.0910  -45.3020   48.2272
   -0.6016    0.2136   -0.7697
    0.4541   -0.7013   -0.5496
   -0.6572   -0.6801    0.3249
...    29 G-C ...
  -51.6481  -47.3369   49.3272
   -0.1895   -0.1440   -0.9713
    0.7064   -0.7071   -0.0330
   -0.6820   -0.6923    0.2357
...    30 C-G ...
  -54.2143  -49.2864   49.8999
    0.2657   -0.4484   -0.8534
    0.6891   -0.5307    0.4934
   -0.6742   -0.7192    0.1679
...    31 C-G ...
  -56.7028  -51.4848   50.2935
    0.6562   -0.5915   -0.4686
    0.4269   -0.2211    0.8769
   -0.6222   -0.7754    0.1074
...    32 G-C ...
  -58.3505  -54.0107   50.7323
    0.8522   -0.5230    0.0112
    0.0215    0.0563    0.9982
   -0.5227   -0.8505    0.0592
...    33 G-C ...
  -59.5616  -57.1433   50.7156
    0.7624   -0.3525    0.5427
   -0.4686    0.2778    0.8386
   -0.4464   -0.8936    0.0466
...    34 C-G ...
  -60.5807  -60.2496   50.7325
    0.4037   -0.1085    0.9084
   -0.8220    0.3930    0.4122
   -0.4017   -0.9131    0.0695
...    35 C-G ...
  -61.5191  -63.4787   51.2657
   -0.1065    0.1546    0.9822
   -0.9251    0.3467   -0.1549
   -0.3644   -0.9252    0.1061
...    36 C-G ...
  -62.5593  -66.5953   51.9012
   -0.5828    0.3468    0.7349
   -0.7330    0.1660   -0.6597
   -0.3508   -0.9231    0.1575
...    37 G-C ...
  -64.1609  -69.6219   51.5294
   -0.8717    0.4308    0.2337
   -0.2804   -0.0473   -0.9587
   -0.4020   -0.9012    0.1620
...    38 A-T ...
  -65.2728  -72.5188   52.0586
   -0.8711    0.3294   -0.3642
    0.2878   -0.2586   -0.9221
   -0.3979   -0.9081    0.1305
...    39 C-G ...
  -66.9521  -75.1760   52.7409
   -0.5835    0.1957   -0.7882
    0.6917   -0.3888   -0.6086
   -0.4255   -0.9003    0.0914
...    40 A-T ...
  -68.5149  -78.0932   52.9867
   -0.0603    0.0438   -0.9972
    0.8961   -0.4378   -0.0734
   -0.4398   -0.8980   -0.0129
...    41 C-G ...
  -70.3294  -80.7736   52.5581
    0.4231   -0.1128   -0.8990
    0.8044   -0.4098    0.4300
   -0.4169   -0.9052   -0.0827
...    42 G-C ...
  -71.2980  -83.9538   52.4698
    0.8410   -0.2239   -0.4926
    0.4170   -0.3119    0.8537
   -0.3448   -0.9234   -0.1689
...    43 A-T ...
  -72.4419  -86.8390   51.8913
    0.9331   -0.3479    0.0909
   -0.1416   -0.1230    0.9823
   -0.3306   -0.9294   -0.1640
...    44 C-G ...
  -73.2727  -89.7857   50.6670
    0.7440   -0.3044    0.5949
   -0.6135    0.0416    0.7886
   -0.2648   -0.9516   -0.1558
...    45 T-A ...
  -73.4984  -93.2943   49.8050
    0.2883   -0.2046    0.9354
   -0.9286    0.1785    0.3253
   -0.2335   -0.9624   -0.1386
...    46 T-A ...
  -73.8176  -96.4726   49.1679
   -0.2093   -0.1083    0.9718
   -0.9521    0.2492   -0.1773
   -0.2230   -0.9624   -0.1553
...    47 A-T ...
  -74.7593  -99.6232   48.5862
   -0.7420    0.0726    0.6664
   -0.6323    0.2545   -0.7318
   -0.2228   -0.9643   -0.1430
...    48 C-G ...
  -75.2610 -102.9368   48.7557
   -0.9635    0.1967    0.1814
   -0.1475    0.1751   -0.9734
   -0.2233   -0.9647   -0.1397
...    49 T-A ...
  -76.1757 -106.1799   48.7557
   -0.8798    0.3257   -0.3461
    0.3756    0.0302   -0.9263
   -0.2913   -0.9450   -0.1489
...    50 G-C ...
  -77.3144 -109.2569   48.0712
   -0.4891    0.3942   -0.7781
    0.8030   -0.1449   -0.5781
   -0.3407   -0.9075   -0.2456
...    51 T-A ...
  -78.9112 -111.9657   47.4553
   -0.0266    0.3366   -0.9413
    0.9402   -0.3115   -0.1380
   -0.3397   -0.8886   -0.3082
...    52 A-T ...
  -80.5723 -114.4655   45.9513
    0.5039    0.3231   -0.8011
    0.8212   -0.4666    0.3284
   -0.2677   -0.8233   -0.5005
...    53 G-C ...
  -81.6425 -116.9734   43.9669
    0.8697    0.1485   -0.4708
    0.4622   -0.5798    0.6710
   -0.1733   -0.8011   -0.5728
...    54 T-A ...
  -82.1031 -119.0846   41.4972
    0.9943   -0.1044   -0.0198
   -0.0461   -0.5913    0.8051
   -0.0958   -0.7996   -0.5928
...    55 C-G ...
  -82.0795 -121.5951   39.5528
    0.8194   -0.3509    0.4532
   -0.5731   -0.4858    0.6600
   -0.0115   -0.8005   -0.5992
...    56 A-T ...
  -81.6183 -123.9965   37.1481
    0.4164   -0.4574    0.7858
   -0.8982   -0.3410    0.2775
    0.1410   -0.8213   -0.5528
...    57 T-A ...
  -80.6461 -126.5446   35.3846
   -0.0806   -0.5440    0.8352
   -0.9845   -0.0874   -0.1519
    0.1557   -0.8345   -0.5286
...    58 G-C ...
  -79.8872 -129.4039   33.7455
   -0.6440   -0.4673    0.6057
   -0.7514    0.2376   -0.6156
    0.1438   -0.8516   -0.5041
...    59 T-A ...
  -79.0247 -132.4204   32.5206
   -0.9433   -0.2823    0.1745
   -0.2930    0.4618   -0.8372
    0.1558   -0.8409   -0.5183
...    60 T-A ...
  -78.5141 -135.2145   31.0476
   -0.9437    0.0068   -0.3307
    0.2797    0.5500   -0.7869
    0.1766   -0.8351   -0.5210
...    61 A-T ...
  -77.8256 -137.8713   29.1255
   -0.6130    0.3555   -0.7056
    0.7705    0.4664   -0.4345
    0.1746   -0.8100   -0.5598
...    62 T-A ...
  -77.9036 -140.6814   27.5264
   -0.1592    0.5410   -0.8258
    0.9678    0.2505   -0.0225
    0.1947   -0.8028   -0.5635
...    63 A-T ...
  -77.2335 -143.2112   25.5483
    0.3379    0.6950   -0.6347
    0.9151   -0.0851    0.3940
    0.2198   -0.7140   -0.6648
...    64 A-T ...
  -76.6710 -145.3199   23.3039
    0.7346    0.6161   -0.2842
    0.6200   -0.4394    0.6500
    0.2756   -0.6537   -0.7048
...    65 C-G ...
  -75.9497 -146.9211   20.4216
    0.9328    0.3339    0.1359
    0.1522   -0.7064    0.6912
    0.3268   -0.6240   -0.7098
...    66 G-C ...
  -74.4012 -149.0497   18.5019
    0.8079    0.0357    0.5883
   -0.3011   -0.8331    0.4641
    0.5066   -0.5520   -0.6623
...    67 G-C ...
  -72.1334 -150.7359   16.8023
    0.4788   -0.3334    0.8122
   -0.6148   -0.7877    0.0391
    0.6267   -0.5180   -0.5821
...    68 A-T ...
  -69.8704 -152.4723   15.2248
    0.0394   -0.7342    0.6778
   -0.7423   -0.4756   -0.4720
    0.6689   -0.4845   -0.5637
...    69 G-C ...
  -67.3135 -154.1669   13.8202
   -0.4009   -0.8514    0.3384
   -0.6169   -0.0222   -0.7867
    0.6773   -0.5241   -0.5163
...    70 T-A ...
  -64.6922 -155.9770   12.6789
   -0.6586   -0.7390   -0.1418
   -0.3147    0.4417   -0.8402
    0.6835   -0.5087   -0.5234
...    71 A-T ...
  -62.3319 -157.9270   11.2257
   -0.7244   -0.3308   -0.6048
    0.1268    0.7984   -0.5886
    0.6776   -0.5031   -0.5364
...    72 T-A ...
  -60.3409 -160.1466    9.8221
   -0.5518    0.1089   -0.8268
    0.4563    0.8693   -0.1900
    0.6981   -0.4822   -0.5294
...    73 C-G ...
  -58.2227 -161.9749    7.9080
   -0.1783    0.6278   -0.7577
    0.6838    0.6328    0.3633
    0.7075   -0.4533   -0.5421
...    74 T-A ...
  -56.0982 -163.4188    5.8173
    0.1224    0.9030   -0.4117
    0.6855    0.2231    0.6930
    0.7177   -0.3671   -0.5918
...    75 C-G ...
  -53.7243 -164.4041    3.7395
    0.4138    0.9063    0.0861
    0.5397   -0.3204    0.7785
    0.7331   -0.2757   -0.6217
...    76 G-C ...
  -50.9532 -165.0407    2.0550
    0.4023    0.6946    0.5964
    0.3584   -0.7189    0.5955
    0.8424   -0.0258   -0.5382
...    77 A-T ...
  -48.0762 -164.8614    0.3182
    0.4829    0.1744    0.8581
    0.1102   -0.9843    0.1380
    0.8687    0.0279   -0.4945
...    78 G-C ...
  -45.1075 -164.3965   -1.1117
    0.4265   -0.3561    0.8314
   -0.1055   -0.9326   -0.3453
    0.8983    0.0595   -0.4353
...    79 C-G ...
  -41.8913 -163.8918   -2.1869
    0.2709   -0.8341    0.4806
   -0.3022   -0.5477   -0.7802
    0.9140    0.0661   -0.4004
...    80 T-A ...
  -38.8278 -163.6066   -3.3419
    0.0879   -0.9959   -0.0224
   -0.3734   -0.0121   -0.9276
    0.9235    0.0899   -0.3730
...    81 C-G ...
  -35.8440 -163.3070   -4.7474
   -0.1423   -0.8000   -0.5829
   -0.3481    0.5917   -0.7271
    0.9266    0.0994   -0.3627
...    82 G-C ...
  -33.0988 -162.1592   -6.5456
   -0.3458   -0.3246   -0.8804
   -0.2132    0.9409   -0.2631
    0.9138    0.0967   -0.3945
...    83 G-C ...
  -29.9728 -161.8231   -7.6748
   -0.4708    0.2418   -0.8485
   -0.0467    0.9535    0.2976
    0.8810    0.1798   -0.4376
...    84 G-C ...
  -27.0333 -161.4358   -9.2336
   -0.5286    0.6830   -0.5041
    0.2089    0.6802    0.7026
    0.8228    0.2661   -0.5022
...    85 A-T ...
  -24.4193 -160.6290  -11.0669
   -0.3672    0.9298    0.0258
    0.4754    0.1638    0.8644
    0.7995    0.3297   -0.5021
...    86 T-A ...
  -22.2255 -159.4274  -13.1972
   -0.1184    0.8652    0.4873
    0.6055   -0.3260    0.7260
    0.7870    0.3810   -0.4853
...    87 C-G ...
  -19.7999 -157.9009  -14.7998
    0.1978    0.4965    0.8452
    0.5910   -0.7483    0.3013
    0.7821    0.4399   -0.4414
...    88 C-G ...
  -17.3275 -156.1873  -16.1094
    0.3778   -0.0110    0.9258
    0.4406   -0.8774   -0.1902
    0.8144    0.4797   -0.3266
...    89 G-C ...
  -14.4149 -154.9764  -17.0982
    0.4582   -0.5440    0.7029
    0.2251   -0.6941   -0.6838
    0.8599    0.4715   -0.1956
...    90 C-G ...
  -11.4080 -153.2363  -17.1720
    0.5024   -0.8456    0.1803
   -0.0499   -0.2365   -0.9703
    0.8632    0.4785   -0.1610
...    91 T-A ...
   -8.1743 -151.9303  -17.2294
    0.4030   -0.8170   -0.4125
   -0.2765    0.3210   -0.9058
    0.8724    0.4791   -0.0965
...    92 T-A ...
   -5.2156 -150.5327  -17.1967
    0.2271   -0.4287   -0.8744
   -0.4750    0.7350   -0.4838
    0.8502    0.5252   -0.0367
...    93 T-A ...
   -2.2814 -149.0562  -17.1009
   -0.0492    0.1062   -0.9931
   -0.5441    0.8310    0.1158
    0.8375    0.5461    0.0169
...    94 A-T ...
    0.1895 -146.8487  -16.6266
   -0.3680    0.5847   -0.7230
   -0.4318    0.5812    0.6898
    0.8235    0.5660    0.0386
...    95 A-T ...
    2.8203 -145.0737  -16.6596
   -0.5820    0.7803   -0.2288
   -0.1750    0.1546    0.9724
    0.7941    0.6060    0.0466
...    96 C-G ...
    5.4018 -143.0076  -17.1481
   -0.6265    0.7157    0.3087
    0.1479   -0.2797    0.9486
    0.7653    0.6400    0.0694
...    97 A-T ...
    7.7809 -140.6555  -16.8978
   -0.5362    0.3478    0.7691
    0.4995   -0.6037    0.6213
    0.6804    0.7173    0.1500
...    98 C-G ...
    9.4761 -137.8210  -16.4009
   -0.2305   -0.0515    0.9717
    0.7277   -0.6721    0.1370
    0.6460    0.7387    0.1924
...    99 T-A ...
   11.2145 -134.8279  -15.4266
    0.1881   -0.4743    0.8600
    0.7557   -0.4893   -0.4352
    0.6273    0.7318    0.2664
...   100 T-A ...
   12.9848 -132.3213  -14.2922
    0.6242   -0.6387    0.4500
    0.5100   -0.1032   -0.8539
    0.5918    0.7626    0.2614
...   101 T-A ...
   14.7294 -129.8094  -13.1198
    0.8341   -0.5395   -0.1146
    0.0503    0.2813   -0.9583
    0.5493    0.7936    0.2618
...   102 A-T ...
   16.4256 -126.8502  -12.4988
    0.6923   -0.1516   -0.7055
   -0.5366    0.5456   -0.6437
    0.4826    0.8242    0.2963
...   103 T-A ...
   18.4729 -124.6129  -11.2424
    0.3448    0.1208   -0.9309
   -0.8072    0.5444   -0.2283
    0.4791    0.8301    0.2852
...   104 G-C ...
   20.2724 -121.9355  -10.4660
   -0.2620    0.3499   -0.8994
   -0.8366    0.3823    0.3924
    0.4811    0.8552    0.1925
...   105 C-G ...
   21.9394 -119.1445  -10.2953
   -0.7018    0.4461   -0.5554
   -0.5749    0.1058    0.8114
    0.4207    0.8887    0.1822
...   106 T-A ...
   23.4861 -116.0812  -10.0970
   -0.9267    0.3756   -0.0140
   -0.0776   -0.1547    0.9849
    0.3678    0.9138    0.1725
...   107 T-A ...
   24.5372 -113.0889   -9.7342
   -0.8452    0.1557    0.5113
    0.4483   -0.3142    0.8368
    0.2910    0.9365    0.1958
...   108 C-G ...
   25.1662 -109.9290   -9.0959
   -0.4764   -0.1357    0.8687
    0.8509   -0.3198    0.4167
    0.2213    0.9377    0.2678
...   109 C-G ...
   25.6580 -106.8144   -8.1808
    0.0039   -0.3987    0.9171
    0.9808   -0.1773   -0.0813
    0.1950    0.8998    0.3903
...   110 G-C ...
   26.5255 -104.2447   -6.7240
    0.4782   -0.5316    0.6991
    0.8575    0.1106   -0.5025
    0.1898    0.8397    0.5087
...   111 G-C ...
   27.2887 -101.8112   -4.5046
    0.8606   -0.4244    0.2815
    0.4669    0.4366   -0.7690
    0.2034    0.7932    0.5739
...   112 C-G ...
   28.0754  -99.5962   -2.0972
    0.9698   -0.1296   -0.2066
   -0.0834    0.6197   -0.7804
    0.2291    0.7741    0.5902
...   113 T-A ...
   28.8713  -97.1552   -0.0223
    0.7728    0.2296   -0.5916
   -0.5889    0.6069   -0.5337
    0.2365    0.7609    0.6042
...   114 C-G ...
   29.5482  -94.5350    1.9164
    0.2602    0.5495   -0.7939
   -0.9357    0.3464   -0.0669
    0.2382    0.7603    0.6043
...   115 G-C ...
   29.7985  -91.9697    4.0085
   -0.3582    0.6038   -0.7122
   -0.9129   -0.0665    0.4028
    0.1958    0.7944    0.5750
...   116 T-A ...
   30.7628  -89.0505    5.3229
   -0.8032    0.4318   -0.4104
   -0.5768   -0.3917    0.7168
    0.1487    0.8125    0.5637
...   117 A-T ...
   31.2971  -85.9793    6.7773
   -0.9989    0.0450    0.0153
   -0.0123   -0.5561    0.8310
    0.0460    0.8299    0.5560
...   118 T-A ...
   31.2332  -82.9627    7.9725
   -0.8713   -0.2516    0.4213
    0.4894   -0.5088    0.7082
    0.0362    0.8233    0.5665
...   119 A-T ...
   31.2746  -80.3301    9.9844
   -0.4542   -0.5771    0.6788
    0.8897   -0.2534    0.3799
   -0.0472    0.7764    0.6285
...   120 A-T ...
   30.7902  -77.8666   12.0289
    0.1238   -0.6713    0.7308
    0.9900    0.1342   -0.0445
   -0.0681    0.7289    0.6812
...   121 T-A ...
   29.9440  -75.7218   14.4262
    0.6179   -0.5118    0.5968
    0.7824    0.4755   -0.4023
   -0.0779    0.7155    0.6943
...   122 G-C ...
   29.6608  -73.4872   17.0093
    0.9644   -0.1839    0.1900
    0.2640    0.7150   -0.6474
   -0.0168    0.6745    0.7381
...   123 T-A ...
   29.6920  -71.7136   19.7760
    0.9650    0.2073   -0.1608
   -0.2619    0.7235   -0.6388
   -0.0161    0.6585    0.7524
...   124 G-C ...
   29.7142  -69.5474   22.3185
    0.6211    0.5754   -0.5322
   -0.7831    0.4827   -0.3921
    0.0312    0.6603    0.7504
...   125 T-A ...
   30.2710  -67.6540   24.8880
    0.1171    0.7284   -0.6751
   -0.9924    0.1110   -0.0523
    0.0368    0.6761    0.7359
...   126 C-G ...
   30.4471  -65.4814   27.2035
   -0.4928    0.6602   -0.5668
   -0.8691   -0.3418    0.3575
    0.0423    0.6688    0.7422
...   127 G-C ...
   30.0305  -63.5674   29.8693
   -0.8757    0.2922   -0.3844
   -0.4773   -0.6437    0.5981
   -0.0727    0.7073    0.7032
...   128 A-T ...
   29.9718  -61.3527   32.1150
   -0.9887   -0.1475    0.0256
    0.1246   -0.7158    0.6871
   -0.0830    0.6825    0.7261
...   129 C-G ...
   29.3971  -58.6753   33.9531
   -0.7691   -0.5382    0.3447
    0.6267   -0.5294    0.5718
   -0.1253    0.6558    0.7445
...   130 C-G ...
   28.2434  -56.5302   36.3557
   -0.3190   -0.8152    0.4834
    0.9253   -0.1574    0.3451
   -0.2052    0.5574    0.8045
...   131 A-T ...
   27.9054  -55.0804   39.3616
    0.2542   -0.8600    0.4425
    0.9448    0.3185    0.0764
   -0.2066    0.3987    0.8935
...   132 A-T ...
   27.1280  -53.9839   42.3461
    0.7487   -0.5413    0.3826
    0.6316    0.7579   -0.1635
   -0.2015    0.3641    0.9093
...   133 A-T ...
   26.2675  -53.1408   45.4089
    0.9686    0.0256    0.2474
    0.0673    0.9307   -0.3596
   -0.2395    0.3650    0.8997
...   134 T-A ...
   25.6208  -52.5913   48.6401
    0.8597    0.5097    0.0340
   -0.4497    0.7866   -0.4231
   -0.2424    0.3485    0.9054
...   135 G-C ...
   25.2757  -52.5096   52.0792
    0.3204    0.9427   -0.0928
   -0.8825    0.2614   -0.3910
   -0.3443    0.2071    0.9157
...   136 T-A ...
   25.5257  -52.9787   55.8050
   -0.2439    0.9563   -0.1610
   -0.8908   -0.2866   -0.3525
   -0.3833    0.0575    0.9218
...   137 G-C ...
   24.8933  -52.7378   58.9866
   -0.7529    0.5562   -0.3519
   -0.5215   -0.8303   -0.1966
   -0.4015    0.0355    0.9152
...   138 A-T ...
   24.0142  -51.6374   61.9243
   -0.9563    0.0401   -0.2896
   -0.0524   -0.9980    0.0347
   -0.2876    0.0484    0.9565
...   139 G-C ...
   22.3466  -51.2412   64.4941
   -0.8529   -0.5118   -0.1033
    0.4974   -0.8566    0.1373
   -0.1587    0.0657    0.9851
...   140 C-G ...
   22.1502  -50.1498   67.4639
   -0.4681   -0.8748    0.1248
    0.8495   -0.4066    0.3362
   -0.2434    0.2634    0.9335
...   141 G-C ...
   21.4256  -51.8266   72.7877
    0.1303   -0.7143   -0.6876
    0.8897   -0.2218    0.3990
   -0.4375   -0.6638    0.6066
...   142 C-G ...
   20.4245  -54.3095   74.5419
    0.5846   -0.7390   -0.3348
    0.7594    0.3532    0.5465
   -0.2856   -0.5737    0.7676
...   143 T-A ...
   18.4270  -55.5290   76.5299
    0.8548   -0.5005    0.1370
    0.3188    0.7148    0.6224
   -0.4095   -0.4884    0.7706
...   144 C-G ...
   16.8371  -57.7222   78.2674
    0.8529   -0.0846    0.5151
   -0.1508    0.9048    0.3983
   -0.4998   -0.4174    0.7589
...   145 A-T ...
   15.7828  -59.5616   80.7982
    0.5516    0.4995    0.6680
   -0.6739    0.7388    0.0039
   -0.4916   -0.4523    0.7441
...   146 C-G ...
   15.7314  -61.4941   83.9317
    0.0344    0.7399    0.6718
   -0.8637    0.3602   -0.3526
   -0.5029   -0.5681    0.6514
...   147 A-T ...
   14.7383  -63.4279   86.8193
   -0.5924    0.6746    0.4405
   -0.6886   -0.1401   -0.7114
   -0.4182   -0.7248    0.5475
