  147 base-pairs
...     1 T-A ...
    0.0000    0.0000    0.0000
    1.0000    0.0000    0.0000
    0.0000    1.0000    0.0000
    0.0000    0.0000    1.0000
...     2 G-C ...
   -0.5555   -1.1003    3.3981
    0.7749    0.6051    0.1828
   -0.5991    0.7953   -0.0929
   -0.2016   -0.0375    0.9787
...     3 T-A ...
   -0.6619   -3.0237    6.5348
    0.3046    0.9250    0.2271
   -0.8994    0.3578   -0.2510
   -0.3134   -0.1278    0.9410
...     4 G-C ...
   -1.1607   -3.8418    9.6940
   -0.3351    0.9421    0.0133
   -0.8752   -0.3061   -0.3746
   -0.3489   -0.1372    0.9271
...     5 A-T ...
   -1.3881   -3.6770   12.8999
   -0.7835    0.6162   -0.0801
   -0.5677   -0.7622   -0.3109
   -0.2527   -0.1981    0.9470
...     6 G-C ...
   -2.6236   -3.5448   15.7072
   -0.9923    0.0611   -0.1075
   -0.0294   -0.9610   -0.2748
   -0.1201   -0.2695    0.9555
...     7 C-G ...
   -2.3138   -3.7570   18.8866
   -0.8620   -0.4995   -0.0864
    0.5008   -0.8655    0.0073
   -0.0785   -0.0370    0.9962
...     8 G-C ...
   -3.9561   -6.8109   23.3205
   -0.2581   -0.3560   -0.8981
    0.6294   -0.7673    0.1233
   -0.7330   -0.5335    0.4221
...     9 C-G ...
   -6.1177   -8.9414   24.2385
    0.1143   -0.7320   -0.6716
    0.8123   -0.3203    0.4874
   -0.5720   -0.6013    0.5580
...    10 T-A ...
   -8.5041   -9.6771   26.0540
    0.4660   -0.8587   -0.2131
    0.6274    0.1508    0.7640
   -0.6239   -0.4897    0.6090
...    11 C-G ...
  -11.0625  -11.3174   27.2336
    0.6660   -0.6911    0.2808
    0.3382    0.6152    0.7121
   -0.6649   -0.3794    0.6435
...    12 A-T ...
  -13.0013  -13.1789   29.0658
    0.7188   -0.1490    0.6790
   -0.1787    0.9043    0.3876
   -0.6718   -0.4000    0.6235
...    13 C-G ...
  -14.1788  -15.9359   31.3399
    0.4052    0.2865    0.8682
   -0.5270    0.8492   -0.0343
   -0.7470   -0.4437    0.4951
...    14 A-T ...
  -15.9532  -18.1566   33.3080
   -0.1503    0.6873    0.7107
   -0.6106    0.5008   -0.6135
   -0.7776   -0.5261    0.3444
...    15 A-T ...
  -18.3168  -19.9494   34.6342
   -0.4792    0.8442    0.2404
   -0.4030    0.0317   -0.9146
   -0.7797   -0.5351    0.3251
...    16 T-A ...
  -20.6590  -21.5339   36.3135
   -0.6093    0.7513   -0.2537
   -0.1016   -0.3912   -0.9147
   -0.7864   -0.5316    0.3147
...    17 T-A ...
  -23.2241  -23.0942   37.5244
   -0.5409    0.4194   -0.7290
    0.2604   -0.7407   -0.6193
   -0.7998   -0.5248    0.2915
...    18 T-A ...
  -25.9221  -24.5674   38.5269
   -0.2758   -0.0420   -0.9603
    0.5137   -0.8508   -0.1103
   -0.8124   -0.5238    0.2563
...    19 A-T ...
  -28.8081  -26.1391   39.0811
    0.1620   -0.4205   -0.8927
    0.5446   -0.7163    0.4362
   -0.8229   -0.5568    0.1129
...    20 T-A ...
  -31.7696  -27.5390   38.9603
    0.4288   -0.7088   -0.5601
    0.3817   -0.4198    0.8234
   -0.8188   -0.5669    0.0906
...    21 T-A ...
  -34.4779  -29.3187   38.9591
    0.5768   -0.8169   -0.0036
    0.0627    0.0398    0.9972
   -0.8145   -0.5755    0.0742
...    22 C-G ...
  -37.0335  -31.3574   39.0950
    0.5249   -0.6264    0.5763
   -0.3087    0.4908    0.8147
   -0.7932   -0.6055    0.0643
...    23 G-C ...
  -39.7262  -33.2370   39.7131
    0.3227   -0.1952    0.9262
   -0.5879    0.7255    0.3578
   -0.7418   -0.6600    0.1193
...    24 C-G ...
  -41.8865  -35.7247   40.1360
   -0.0339    0.2507    0.9675
   -0.6783    0.7052   -0.2065
   -0.7340   -0.6632    0.1461
...    25 A-T ...
  -44.4989  -37.7339   40.5206
   -0.3705    0.6537    0.6599
   -0.5457    0.4217   -0.7242
   -0.7517   -0.6283    0.2005
...    26 A-T ...
  -46.8063  -39.8460   41.4135
   -0.6307    0.7649    0.1311
   -0.2224   -0.0163   -0.9748
   -0.7435   -0.6439    0.1804
...    27 A-T ...
  -49.2071  -41.8635   42.2564
   -0.6467    0.6196   -0.4448
    0.1863   -0.4372   -0.8799
   -0.7396   -0.6519    0.1673
...    28 G-C ...
  -51.8054  -43.7765   42.9734
   -0.3941    0.3539   -0.8482
    0.4999   -0.6919   -0.5209
   -0.7712   -0.6293    0.0957
...    29 G-C ...
  -54.6410  -45.5808   43.2752
    0.0176    0.0014   -0.9998
    0.6201   -0.7845    0.0098
   -0.7843   -0.6202   -0.0147
...    30 C-G ...
  -57.4683  -47.2494   42.9847
    0.3998   -0.3738   -0.8369
    0.5013   -0.6753    0.5410
   -0.7674   -0.6359   -0.0826
...    31 C-G ...
  -60.0711  -49.2643   42.2466
    0.6837   -0.6038   -0.4099
    0.1833   -0.4017    0.8973
   -0.7064   -0.6886   -0.1640
...    32 G-C ...
  -62.1785  -51.8321   41.8839
    0.7538   -0.6348    0.1698
   -0.2651   -0.0572    0.9625
   -0.6013   -0.7705   -0.2114
...    33 G-C ...
  -63.8334  -54.6178   40.9333
    0.5358   -0.5037    0.6777
   -0.6585    0.2532    0.7087
   -0.5285   -0.8260   -0.1960
...    34 C-G ...
  -65.1679  -57.5641   40.1826
    0.1020   -0.2587    0.9605
   -0.8594    0.4634    0.2161
   -0.5011   -0.8475   -0.1751
...    35 C-G ...
  -66.6157  -60.5896   39.8059
   -0.3623    0.0834    0.9283
   -0.7895    0.5020   -0.3533
   -0.4954   -0.8609   -0.1160
...    36 C-G ...
  -68.1675  -63.5863   39.6904
   -0.7111    0.3910    0.5844
   -0.4672    0.3582   -0.8083
   -0.5254   -0.8478   -0.0720
...    37 G-C ...
  -70.0625  -66.2671   39.0286
   -0.8060    0.5913    0.0286
    0.0174    0.0721   -0.9972
   -0.5917   -0.8033   -0.0684
...    38 A-T ...
  -71.9725  -68.9306   38.9052
   -0.6238    0.5436   -0.5615
    0.4972   -0.2783   -0.8218
   -0.6030   -0.7919   -0.0967
...    39 C-G ...
  -74.3488  -71.2274   38.9564
   -0.2510    0.3496   -0.9026
    0.7518   -0.5170   -0.4093
   -0.6098   -0.7813   -0.1330
...    40 A-T ...
  -76.3345  -73.8580   38.4167
    0.2878    0.1063   -0.9518
    0.7521   -0.6403    0.1559
   -0.5929   -0.7607   -0.2642
...    41 C-G ...
  -78.6300  -75.8912   37.2479
    0.6656   -0.1932   -0.7208
    0.4905   -0.6147    0.6177
   -0.5624   -0.7647   -0.3144
...    42 G-C ...
  -80.2079  -78.6502   36.2204
    0.9016   -0.3730   -0.2191
    0.0271   -0.4567    0.8892
   -0.4317   -0.8076   -0.4017
...    43 A-T ...
  -81.4554  -81.3019   34.7805
    0.7727   -0.5253    0.3564
   -0.5127   -0.1855    0.8383
   -0.3742   -0.8304   -0.4127
...    44 C-G ...
  -82.1424  -84.0035   33.0032
    0.4050   -0.5200    0.7520
   -0.8507    0.0871    0.5184
   -0.3351   -0.8497   -0.4071
...    45 T-A ...
  -82.8590  -86.9515   31.6759
   -0.0929   -0.3595    0.9285
   -0.9510    0.3083    0.0242
   -0.2950   -0.8807   -0.3706
...    46 T-A ...
  -83.5004  -89.9212   30.4997
   -0.6371   -0.1515    0.7557
   -0.7225    0.4591   -0.5170
   -0.2686   -0.8754   -0.4019
...    47 A-T ...
  -84.5752  -92.5918   28.7101
   -0.9664    0.1295    0.2220
   -0.1382    0.4664   -0.8737
   -0.2167   -0.8751   -0.4328
...    48 C-G ...
  -85.3851  -95.7116   27.8475
   -0.8923    0.3623   -0.2693
    0.3941    0.3339   -0.8563
   -0.2203   -0.8702   -0.4407
...    49 T-A ...
  -86.3827  -98.6095   26.5694
   -0.5379    0.5279   -0.6572
    0.8077    0.0993   -0.5812
   -0.2415   -0.8435   -0.4798
...    50 G-C ...
  -87.1235 -101.3324   24.8011
    0.0308    0.5896   -0.8071
    0.9703   -0.2113   -0.1174
   -0.2398   -0.7795   -0.5786
...    51 T-A ...
  -88.4588 -103.5921   22.8166
    0.5359    0.4421   -0.7193
    0.8191   -0.4788    0.3160
   -0.2047   -0.7585   -0.6187
...    52 A-T ...
  -89.1815 -105.8105   20.4315
    0.9107    0.2486   -0.3299
    0.4078   -0.6682    0.6223
   -0.0657   -0.7012   -0.7099
...    53 G-C ...
  -89.3111 -107.8337   17.8372
    0.9928   -0.0549    0.1061
   -0.1129   -0.7209    0.6838
    0.0389   -0.6909   -0.7219
...    54 G-C ...
  -88.7131 -109.9007   15.2423
    0.7738   -0.3520    0.5267
   -0.6132   -0.6247    0.4834
    0.1589   -0.6970   -0.6993
...    55 T-A ...
  -87.6199 -111.8584   12.8322
    0.3401   -0.5999    0.7242
   -0.9194   -0.3739    0.1221
    0.1975   -0.7074   -0.6787
...    56 A-T ...
  -87.1611 -114.3152   10.6107
   -0.2884   -0.6996    0.6537
   -0.9303    0.0431   -0.3643
    0.2267   -0.7132   -0.6632
...    57 T-A ...
  -85.8267 -116.7629    8.8232
   -0.7169   -0.5978    0.3586
   -0.6517    0.3921   -0.6492
    0.2475   -0.6992   -0.6707
...    58 C-G ...
  -85.0019 -119.1578    6.7224
   -0.9621   -0.2525   -0.1025
   -0.0969    0.6687   -0.7372
    0.2547   -0.6994   -0.6678
...    59 T-A ...
  -84.2967 -121.7016    4.7038
   -0.8736    0.1600   -0.4596
    0.4277    0.7029   -0.5683
    0.2321   -0.6931   -0.6825
...    60 C-G ...
  -83.5641 -124.0553    2.5297
   -0.4599    0.5592   -0.6898
    0.8553    0.4877   -0.1749
    0.2386   -0.6704   -0.7026
...    61 G-C ...
  -82.3941 -126.1661    0.2239
    0.0482    0.8183   -0.5728
    0.9628    0.1146    0.2447
    0.2658   -0.5633   -0.7823
...    62 A-T ...
  -81.6185 -128.0011   -2.3448
    0.5667    0.7766   -0.2752
    0.7629   -0.3683    0.5314
    0.3113   -0.5111   -0.8012
...    63 G-C ...
  -80.6995 -129.3835   -5.1818
    0.8349    0.5372    0.1199
    0.3760   -0.7157    0.5886
    0.4020   -0.4463   -0.7995
...    64 C-G ...
  -79.3246 -130.3334   -8.0036
    0.8728    0.1142    0.4746
   -0.1064   -0.9044    0.4133
    0.4764   -0.4112   -0.7772
...    65 T-A ...
  -77.4725 -131.3179  -10.5361
    0.6512   -0.3269    0.6848
   -0.5059   -0.8597    0.0706
    0.5657   -0.3925   -0.7253
...    66 C-G ...
  -75.4063 -132.5992  -12.7071
    0.2207   -0.7482    0.6256
   -0.7608   -0.5335   -0.3696
    0.6104   -0.3944   -0.6870
...    67 G-C ...
  -73.6296 -134.3185  -14.9549
   -0.2857   -0.8881    0.3601
   -0.7037   -0.0607   -0.7079
    0.6505   -0.4556   -0.6077
...    68 G-C ...
  -71.3291 -136.0770  -16.6950
   -0.6511   -0.7564   -0.0628
   -0.4073    0.4180   -0.8120
    0.6405   -0.5031   -0.5803
...    69 G-C ...
  -69.1556 -137.9787  -18.4467
   -0.7914   -0.3801   -0.4788
    0.0278    0.7601   -0.6492
    0.6107   -0.5271   -0.5909
...    70 A-T ...
  -67.0881 -139.7757  -20.2700
   -0.6201    0.1476   -0.7705
    0.4806    0.8477   -0.2245
    0.6200   -0.5095   -0.5966
...    71 T-A ...
  -65.4871 -141.9563  -22.1695
   -0.2832    0.5538   -0.7830
    0.7168    0.6646    0.2108
    0.6371   -0.5016   -0.5852
...    72 C-G ...
  -63.4544 -143.6751  -24.0841
    0.1549    0.8622   -0.4823
    0.7340    0.2263    0.6403
    0.6612   -0.4532   -0.5978
...    73 C-G ...
  -61.4707 -145.1778  -26.3671
    0.4296    0.9030    0.0043
    0.5403   -0.2609    0.8000
    0.7235   -0.3414   -0.6000
...    74 G-C ...
  -58.8522 -146.2379  -28.1397
    0.5094    0.6767    0.5316
    0.2556   -0.7089    0.6574
    0.8217   -0.1990   -0.5341
...    75 C-G ...
  -56.1501 -146.3302  -29.9979
    0.4986    0.2145    0.8399
   -0.0229   -0.9653    0.2602
    0.8665   -0.1490   -0.4764
...    76 T-A ...
  -53.1622 -146.4062  -31.3751
    0.3381   -0.2988    0.8924
   -0.2196   -0.9471   -0.2340
    0.9151   -0.1168   -0.3859
...    77 T-A ...
  -50.1048 -146.5377  -32.4377
    0.1534   -0.7787    0.6083
   -0.3458   -0.6190   -0.7051
    0.9257   -0.1022   -0.3643
...    78 T-A ...
  -46.9818 -146.7099  -33.3278
   -0.0412   -0.9954    0.0859
   -0.3570   -0.0657   -0.9318
    0.9332   -0.0691   -0.3526
...    79 A-T ...
  -44.0059 -146.7383  -34.9285
   -0.1965   -0.8111   -0.5509
   -0.2538    0.5848   -0.7704
    0.9471   -0.0116   -0.3208
...    80 A-T ...
  -40.8498 -146.9957  -35.7204
   -0.2531   -0.3230   -0.9119
   -0.1160    0.9460   -0.3028
    0.9605    0.0291   -0.2769
...    81 C-G ...
  -37.6745 -147.5004  -36.5930
   -0.2828    0.2199   -0.9336
    0.0205    0.9745    0.2234
    0.9590    0.0441   -0.2801
...    82 A-T ...
  -34.4697 -147.1468  -37.3709
   -0.3108    0.7258   -0.6137
    0.1686    0.6775    0.7159
    0.9354    0.1190   -0.3330
...    83 T-A ...
  -31.6309 -147.0518  -39.0090
   -0.2062    0.9635   -0.1708
    0.2894    0.2268    0.9300
    0.9347    0.1423   -0.3256
...    84 C-G ...
  -28.6324 -146.5287  -40.1549
   -0.0776    0.9081    0.4114
    0.3567   -0.3600    0.8620
    0.9310    0.2137   -0.2960
...    85 A-T ...
  -25.5537 -145.6108  -41.0815
   -0.0287    0.5324    0.8460
    0.3868   -0.7745    0.5005
    0.9217    0.3416   -0.1837
...    86 T-A ...
  -22.8756 -143.8890  -41.7822
    0.1269    0.0726    0.9893
    0.3678   -0.9296    0.0211
    0.9212    0.3612   -0.1447
...    87 G-C ...
  -19.7491 -142.7323  -41.8615
    0.1869   -0.4917    0.8505
    0.3019   -0.7951   -0.5260
    0.9348    0.3551   -0.0001
...    88 T-A ...
  -16.8712 -141.2204  -41.3080
    0.2898   -0.8405    0.4577
    0.1915   -0.4176   -0.8882
    0.9377    0.3451    0.0399
...    89 T-A ...
  -13.8893 -140.0087  -40.8374
    0.3784   -0.9169   -0.1272
    0.0041    0.1390   -0.9903
    0.9256    0.3742    0.0564
...    90 A-T ...
  -10.8807 -138.5027  -41.0106
    0.3479   -0.6013   -0.7193
   -0.2415    0.6839   -0.6885
    0.9059    0.4132    0.0927
...    91 T-A ...
   -7.7336 -137.7105  -40.3285
    0.2026   -0.1565   -0.9667
   -0.3954    0.8901   -0.2269
    0.8959    0.4282    0.1185
...    92 A-T ...
   -4.9463 -135.9216  -39.7898
   -0.0700    0.4362   -0.8971
   -0.4631    0.7823    0.4165
    0.8835    0.4447    0.1472
...    93 A-T ...
   -1.9761 -134.6541  -39.4726
   -0.3190    0.8013   -0.5061
   -0.3641    0.3894    0.8460
    0.8750    0.4542    0.1676
...    94 C-G ...
    0.9873 -133.2423  -39.5176
   -0.5038    0.8638   -0.0106
   -0.1543   -0.0779    0.9850
    0.8499    0.4978    0.1725
...    95 G-C ...
    3.7120 -131.5403  -38.6408
   -0.6443    0.5955    0.4798
    0.1513   -0.5158    0.8433
    0.7496    0.6159    0.2422
...    96 G-C ...
    5.9173 -129.0889  -37.9610
   -0.5613    0.1597    0.8120
    0.4909   -0.7257    0.4821
    0.6662    0.6692    0.3290
...    97 A-T ...
    7.9078 -126.8055  -36.7748
   -0.2260   -0.3246    0.9185
    0.7462   -0.6638   -0.0510
    0.6262    0.6738    0.3922
...    98 C-G ...
    9.3771 -124.3015  -35.2181
    0.1617   -0.6444    0.7474
    0.7790   -0.3815   -0.4976
    0.6058    0.6627    0.4403
...    99 T-A ...
   11.1133 -122.1618  -33.3941
    0.5113   -0.7816    0.3572
    0.6146    0.0420   -0.7877
    0.6007    0.6223    0.5019
...   100 T-A ...
   12.8643 -120.1998  -31.4772
    0.7899   -0.5975   -0.1376
    0.2184    0.4839   -0.8475
    0.5730    0.6394    0.5127
...   101 T-A ...
   14.6480 -118.3049  -29.5152
    0.7974   -0.1837   -0.5748
   -0.2774    0.7343   -0.6195
    0.5359    0.6535    0.5346
...   102 A-T ...
   16.1311 -115.7965  -27.8359
    0.4667    0.3377   -0.8174
   -0.7264    0.6736   -0.1364
    0.5046    0.6574    0.5596
...   103 T-A ...
   18.3107 -114.0644  -26.0603
    0.0403    0.6379   -0.7691
   -0.8696    0.4014    0.2874
    0.4921    0.6572    0.5709
...   104 G-C ...
   19.7617 -111.7391  -24.1866
   -0.5003    0.6779   -0.5387
   -0.7452   -0.0202    0.6665
    0.4409    0.7349    0.5153
...   105 C-G ...
   21.4376 -109.2351  -22.8596
   -0.8476    0.5130   -0.1356
   -0.3661   -0.3804    0.8493
    0.3841    0.7695    0.5102
...   106 T-A ...
   22.5660 -106.4663  -21.4797
   -0.9480    0.1761    0.2651
    0.1203   -0.5728    0.8108
    0.2947    0.8005    0.5219
...   107 T-A ...
   23.3564 -103.7293  -19.9603
   -0.7403   -0.2007    0.6417
    0.6221   -0.5664    0.5405
    0.2550    0.7993    0.5441
...   108 C-G ...
   23.9495 -101.1263  -18.1044
   -0.2703   -0.5325    0.8021
    0.9399   -0.3263    0.1001
    0.2085    0.7810    0.5887
...   109 C-G ...
   24.2120  -98.6253  -15.8558
    0.2489   -0.6929    0.6767
    0.9512    0.0435   -0.3054
    0.1822    0.7197    0.6700
...   110 G-C ...
   25.2006  -96.3993  -13.5810
    0.7111   -0.6207    0.3303
    0.6726    0.4636   -0.5767
    0.2048    0.6323    0.7472
...   111 G-C ...
   25.8753  -94.6048  -10.8009
    0.9477   -0.3092   -0.0790
    0.1917    0.7495   -0.6336
    0.2551    0.5854    0.7696
...   112 C-G ...
   26.8094  -93.0213   -8.0352
    0.8923    0.1377   -0.4299
   -0.3538    0.8048   -0.4765
    0.2804    0.5773    0.7669
...   113 T-A ...
   27.9956  -91.3311   -5.4397
    0.5616    0.5228   -0.6413
   -0.7686    0.6167   -0.1703
    0.3064    0.5885    0.7482
...   114 C-G ...
   29.0908  -89.4460   -2.9850
   -0.0035    0.7744   -0.6327
   -0.9545    0.1861    0.2331
    0.2983    0.6047    0.7384
...   115 G-C ...
   29.6782  -87.4303   -0.3917
   -0.5595    0.6753   -0.4805
   -0.7955   -0.2745    0.5402
    0.2329    0.6845    0.6908
...   116 T-A ...
   30.7685  -84.9024    1.4263
   -0.8976    0.4085   -0.1658
   -0.3974   -0.5870    0.7054
    0.1908    0.6990    0.6892
...   117 A-T ...
   31.2264  -82.4006    3.5668
   -0.9855   -0.0688    0.1554
    0.1589   -0.6971    0.6991
    0.0603    0.7136    0.6979
...   118 T-A ...
   31.0958  -79.6815    5.3830
   -0.7808   -0.4233    0.4595
    0.6238   -0.5689    0.5359
    0.0345    0.7051    0.7083
...   119 A-T ...
   30.8007  -77.3620    7.7530
   -0.3230   -0.7543    0.5716
    0.9448   -0.2216    0.2414
   -0.0554    0.6180    0.7842
...   120 A-T ...
   30.3160  -75.4291   10.3037
    0.2559   -0.7631    0.5935
    0.9643    0.2449   -0.1008
   -0.0684    0.5981    0.7985
...   121 T-A ...
   29.4892  -73.8209   13.0494
    0.7029   -0.5430    0.4595
    0.7076    0.5995   -0.3739
   -0.0724    0.5880    0.8056
...   122 G-C ...
   29.5390  -71.8663   15.7298
    0.9823   -0.1580    0.1006
    0.1873    0.8262   -0.5314
    0.0008    0.5408    0.8411
...   123 T-A ...
   29.6097  -70.6392   18.8146
    0.9365    0.2874   -0.2011
   -0.3504    0.7930   -0.4983
    0.0163    0.5371    0.8434
...   124 G-C ...
   29.6530  -68.6151   21.4372
    0.5654    0.6526   -0.5045
   -0.8217    0.4991   -0.2752
    0.0722    0.5701    0.8184
...   125 T-A ...
   30.4761  -66.9345   24.1866
    0.0540    0.8087   -0.5857
   -0.9962    0.0835    0.0235
    0.0679    0.5822    0.8102
...   126 C-G ...
   30.7990  -64.9959   26.8107
   -0.5398    0.6900   -0.4822
   -0.8404   -0.4083    0.3565
    0.0491    0.5976    0.8003
...   127 G-C ...
   30.6543  -63.1992   29.6131
   -0.9108    0.2796   -0.3037
   -0.4084   -0.7180    0.5637
   -0.0604    0.6375    0.7681
...   128 A-T ...
   30.4707  -61.0396   32.0471
   -0.9758   -0.2162    0.0320
    0.1869   -0.7494    0.6352
   -0.1133    0.6258    0.7717
...   129 C-G ...
   29.7572  -58.6251   34.1564
   -0.7386   -0.5982    0.3108
    0.6554   -0.5292    0.5390
   -0.1579    0.6018    0.7829
...   130 C-G ...
   28.7776  -56.5960   36.6659
   -0.2654   -0.8492    0.4564
    0.9393   -0.1210    0.3211
   -0.2175    0.5139    0.8298
...   131 A-T ...
   28.0156  -55.0424   39.5151
    0.3152   -0.8371    0.4472
    0.9210    0.3834    0.0686
   -0.2289    0.3903    0.8918
...   132 A-T ...
   27.0675  -54.0120   42.4355
    0.7771   -0.4872    0.3985
    0.5859    0.7911   -0.1755
   -0.2298    0.3698    0.9002
...   133 A-T ...
   26.2478  -53.1125   45.4433
    0.9707    0.0427    0.2364
    0.0459    0.9329   -0.3572
   -0.2358    0.3576    0.9036
...   134 T-A ...
   25.6208  -52.5913   48.6400
    0.8597    0.5097    0.0340
   -0.4497    0.7866   -0.4231
   -0.2424    0.3485    0.9054
...   135 G-C ...
   25.2757  -52.5096   52.0792
    0.3204    0.9427   -0.0928
   -0.8825    0.2614   -0.3910
   -0.3443    0.2071    0.9157
...   136 T-A ...
   25.5257  -52.9787   55.8050
   -0.2439    0.9563   -0.1610
   -0.8908   -0.2866   -0.3525
   -0.3833    0.0575    0.9218
...   137 G-C ...
   24.8933  -52.7378   58.9865
   -0.7529    0.5562   -0.3519
   -0.5215   -0.8303   -0.1966
   -0.4015    0.0355    0.9152
...   138 A-T ...
   24.0143  -51.6374   61.9242
   -0.9563    0.0401   -0.2896
   -0.0524   -0.9980    0.0347
   -0.2876    0.0484    0.9565
...   139 G-C ...
   22.3466  -51.2412   64.4940
   -0.8529   -0.5118   -0.1033
    0.4974   -0.8566    0.1373
   -0.1587    0.0657    0.9851
...   140 C-G ...
   22.1503  -50.1499   67.4639
   -0.4681   -0.8748    0.1248
    0.8495   -0.4066    0.3362
   -0.2434    0.2634    0.9335
...   141 G-C ...
   21.4256  -51.8267   72.7876
    0.1303   -0.7143   -0.6876
    0.8897   -0.2218    0.3990
   -0.4375   -0.6638    0.6066
...   142 C-G ...
   20.4245  -54.3095   74.5419
    0.5846   -0.7390   -0.3348
    0.7594    0.3532    0.5465
   -0.2856   -0.5738    0.7676
...   143 T-A ...
   18.4271  -55.5291   76.5299
    0.8548   -0.5005    0.1370
    0.3188    0.7148    0.6224
   -0.4095   -0.4884    0.7706
...   144 C-G ...
   16.8371  -57.7223   78.2674
    0.8529   -0.0846    0.5151
   -0.1508    0.9048    0.3983
   -0.4998   -0.4174    0.7589
...   145 A-T ...
   15.7828  -59.5616   80.7981
    0.5516    0.4995    0.6680
   -0.6739    0.7388    0.0039
   -0.4916   -0.4523    0.7441
...   146 C-G ...
   15.7314  -61.4941   83.9317
    0.0344    0.7399    0.6718
   -0.8637    0.3602   -0.3526
   -0.5029   -0.5681    0.6514
...   147 A-T ...
   14.7383  -63.4280   86.8192
   -0.5924    0.6746    0.4405
   -0.6886   -0.1401   -0.7114
   -0.4182   -0.7248    0.5475
