  147 base-pairs
...     1 T-A ...
    0.0000    0.0000    0.0000
    1.0000    0.0000    0.0000
    0.0000    1.0000    0.0000
    0.0000    0.0000    1.0000
...     2 G-C ...
   -0.5555   -1.1003    3.3981
    0.7749    0.6051    0.1828
   -0.5991    0.7953   -0.0929
   -0.2016   -0.0375    0.9787
...     3 T-A ...
   -0.6619   -3.0237    6.5348
    0.3046    0.9250    0.2271
   -0.8994    0.3578   -0.2510
   -0.3134   -0.1278    0.9410
...     4 G-C ...
   -1.1607   -3.8418    9.6940
   -0.3351    0.9421    0.0133
   -0.8752   -0.3061   -0.3746
   -0.3489   -0.1372    0.9271
...     5 A-T ...
   -1.3881   -3.6770   12.8999
   -0.7835    0.6162   -0.0801
   -0.5677   -0.7622   -0.3109
   -0.2527   -0.1981    0.9470
...     6 G-C ...
   -2.6236   -3.5448   15.7072
   -0.9923    0.0611   -0.1075
   -0.0294   -0.9610   -0.2748
   -0.1201   -0.2695    0.9555
...     7 C-G ...
   -2.3138   -3.7570   18.8866
   -0.8620   -0.4995   -0.0864
    0.5008   -0.8655    0.0073
   -0.0785   -0.0370    0.9962
...     8 G-C ...
   -3.9561   -6.8109   23.3205
   -0.2581   -0.3560   -0.8981
    0.6294   -0.7673    0.1233
   -0.7330   -0.5335    0.4221
...     9 C-G ...
   -6.1177   -8.9414   24.2385
    0.1143   -0.7320   -0.6716
    0.8123   -0.3203    0.4874
   -0.5720   -0.6013    0.5580
...    10 T-A ...
   -8.5041   -9.6771   26.0540
    0.4660   -0.8587   -0.2131
    0.6274    0.1508    0.7640
   -0.6239   -0.4897    0.6090
...    11 C-G ...
  -11.0625  -11.3174   27.2336
    0.6660   -0.6911    0.2808
    0.3382    0.6152    0.7121
   -0.6649   -0.3794    0.6435
...    12 A-T ...
  -13.0013  -13.1789   29.0658
    0.7188   -0.1490    0.6790
   -0.1787    0.9043    0.3876
   -0.6718   -0.4000    0.6235
...    13 C-G ...
  -14.1788  -15.9359   31.3399
    0.4052    0.2865    0.8682
   -0.5270    0.8492   -0.0343
   -0.7470   -0.4437    0.4951
...    14 A-T ...
  -15.9532  -18.1566   33.3080
   -0.1503    0.6873    0.7107
   -0.6106    0.5008   -0.6135
   -0.7776   -0.5261    0.3444
...    15 A-T ...
  -18.4060  -19.9360   34.4510
   -0.4543    0.8629    0.2213
   -0.3989    0.0251   -0.9166
   -0.7965   -0.5047    0.3328
...    16 T-A ...
  -20.8113  -21.4962   36.2563
   -0.6236    0.7236   -0.2958
   -0.0777   -0.4340   -0.8976
   -0.7779   -0.5367    0.3269
...    17 T-A ...
  -23.3702  -23.0314   37.6498
   -0.5707    0.3168   -0.7576
    0.3127   -0.7692   -0.5572
   -0.7593   -0.5549    0.3399
...    18 T-A ...
  -25.9398  -24.6523   38.7564
   -0.2666   -0.1386   -0.9538
    0.5692   -0.8212   -0.0397
   -0.7778   -0.5535    0.2978
...    19 A-T ...
  -28.4996  -26.6069   39.5719
    0.1673   -0.5194   -0.8380
    0.5986   -0.6219    0.5049
   -0.7834   -0.5861    0.2068
...    20 T-A ...
  -31.4383  -28.1373   39.7644
    0.4474   -0.7676   -0.4589
    0.4265   -0.2678    0.8639
   -0.7861   -0.5822    0.2076
...    21 T-A ...
  -34.0928  -30.0137   40.1327
    0.6042   -0.7880    0.1184
    0.0809    0.2085    0.9747
   -0.7927   -0.5793    0.1897
...    22 C-G ...
  -36.6514  -31.9863   40.7235
    0.5581   -0.5033    0.6597
   -0.3017    0.6175    0.7264
   -0.7730   -0.6045    0.1928
...    23 G-C ...
  -39.3182  -33.6567   41.9236
    0.3944    0.0044    0.9189
   -0.5960    0.7624    0.2521
   -0.6995   -0.6471    0.3033
...    24 C-G ...
  -41.3365  -36.0490   42.8899
    0.0625    0.4379    0.8968
   -0.7128    0.6486   -0.2670
   -0.6986   -0.6226    0.3527
...    25 A-T ...
  -43.9874  -37.8567   43.7408
   -0.3240    0.7650    0.5566
   -0.6162    0.2758   -0.7377
   -0.7179   -0.5820    0.3820
...    26 A-T ...
  -46.2689  -39.7262   45.1879
   -0.6190    0.7844    0.0395
   -0.3208   -0.2066   -0.9244
   -0.7169   -0.5849    0.3795
...    27 A-T ...
  -48.4978  -41.5186   46.7558
   -0.7017    0.5116   -0.4958
    0.1100   -0.6098   -0.7849
   -0.7039   -0.6053    0.3716
...    28 G-C ...
  -51.0810  -43.1271   48.2244
   -0.4908    0.1480   -0.8586
    0.4511   -0.8000   -0.3957
   -0.7454   -0.5815    0.3258
...    29 G-C ...
  -53.9388  -44.7995   49.2265
   -0.0842   -0.2691   -0.9594
    0.6376   -0.7545    0.1556
   -0.7657   -0.5986    0.2351
...    30 C-G ...
  -56.7210  -46.4816   49.6709
    0.3271   -0.5940   -0.7350
    0.5641   -0.5012    0.6562
   -0.7582   -0.6292    0.1711
...    31 C-G ...
  -59.4295  -48.4246   50.0087
    0.6459   -0.7143   -0.2695
    0.2739   -0.1127    0.9551
   -0.7126   -0.6907    0.1228
...    32 G-C ...
  -61.4086  -50.6965   50.6063
    0.7704   -0.5922    0.2364
   -0.1237    0.2249    0.9665
   -0.6255   -0.7738    0.1000
...    33 G-C ...
  -63.0312  -53.6308   50.8935
    0.6111   -0.3258    0.7214
   -0.5566    0.4711    0.6843
   -0.5628   -0.8197    0.1066
...    34 C-G ...
  -64.5040  -56.5389   51.2097
    0.2209    0.0187    0.9751
   -0.8171    0.5494    0.1745
   -0.5325   -0.8353    0.1367
...    35 C-G ...
  -66.0164  -59.4728   52.0541
   -0.2639    0.3471    0.8999
   -0.8178    0.4141   -0.3996
   -0.5114   -0.8414    0.1746
...    36 C-G ...
  -67.6149  -62.2997   52.9381
   -0.6577    0.5467    0.5182
   -0.5508    0.1203   -0.8259
   -0.5139   -0.8286    0.2220
...    37 G-C ...
  -69.5498  -65.1663   52.6641
   -0.8222    0.5666   -0.0533
   -0.0730   -0.1978   -0.9775
   -0.5644   -0.7999    0.2040
...    38 A-T ...
  -71.2002  -67.7627   53.3722
   -0.7059    0.3517   -0.6147
    0.4374   -0.4662   -0.7690
   -0.5571   -0.8118    0.1753
...    39 C-G ...
  -73.3873  -70.0204   54.0378
   -0.3496    0.1042   -0.9311
    0.7376   -0.5821   -0.3422
   -0.5777   -0.8064    0.1267
...    40 A-T ...
  -75.4305  -72.6463   54.3339
    0.1862   -0.1538   -0.9704
    0.7999   -0.5498    0.2407
   -0.5705   -0.8210    0.0207
...    41 C-G ...
  -77.5240  -75.1219   53.8945
    0.6056   -0.3494   -0.7149
    0.5886   -0.4079    0.6980
   -0.5355   -0.8435   -0.0414
...    42 G-C ...
  -78.9807  -78.1205   54.0655
    0.8831   -0.4333   -0.1801
    0.1124   -0.1773    0.9777
   -0.4556   -0.8836   -0.1079
...    43 A-T ...
  -80.4422  -80.9058   53.6574
    0.7872   -0.4463    0.4256
   -0.4248    0.1079    0.8988
   -0.4470   -0.8884   -0.1047
...    44 C-G ...
  -81.4828  -83.9088   52.7556
    0.4674   -0.2762    0.8398
   -0.7901    0.2956    0.5370
   -0.3965   -0.9145   -0.0801
...    45 T-A ...
  -82.1771  -87.4504   52.3989
   -0.0526   -0.0457    0.9976
   -0.9251    0.3784   -0.0315
   -0.3761   -0.9245   -0.0622
...    46 T-A ...
  -82.9887  -90.5961   52.1677
   -0.5328    0.1262    0.8368
   -0.7640    0.3536   -0.5398
   -0.3640   -0.9269   -0.0920
...    47 A-T ...
  -84.4190  -93.5972   51.5150
   -0.9110    0.2951    0.2881
   -0.2368    0.1977   -0.9512
   -0.3377   -0.9348   -0.1102
...    48 C-G ...
  -85.5744  -96.7351   51.8286
   -0.8959    0.3577   -0.2635
    0.2871    0.0137   -0.9578
   -0.3390   -0.9337   -0.1150
...    49 T-A ...
  -87.0444  -99.7792   51.7301
   -0.5757    0.3781   -0.7250
    0.7205   -0.1848   -0.6684
   -0.3867   -0.9071   -0.1661
...    50 G-C ...
  -88.4275 -102.7454   50.9168
   -0.0250    0.3302   -0.9436
    0.9221   -0.3571   -0.1494
   -0.3863   -0.8738   -0.2956
...    51 T-A ...
  -90.1460 -105.2519   49.8867
    0.4492    0.1852   -0.8740
    0.8209   -0.4717    0.3220
   -0.3526   -0.8621   -0.3639
...    52 A-T ...
  -91.4955 -107.6423   47.8953
    0.8597    0.1324   -0.4933
    0.4792   -0.5435    0.6892
   -0.1769   -0.8289   -0.5307
...    53 G-C ...
  -92.2923 -110.1082   45.9595
    0.9990   -0.0370   -0.0267
    0.0009   -0.5671    0.8236
   -0.0456   -0.8228   -0.5665
...    54 G-C ...
  -92.0317 -112.5657   43.2938
    0.8450   -0.2495    0.4730
   -0.5306   -0.5014    0.6834
    0.0666   -0.8285   -0.5560
...    55 T-A ...
  -91.2633 -115.0614   41.3395
    0.4560   -0.4523    0.7665
   -0.8832   -0.3361    0.3271
    0.1097   -0.8261   -0.5528
...    56 A-T ...
  -90.2957 -117.8063   39.5762
   -0.1365   -0.5301    0.8369
   -0.9780   -0.0622   -0.1990
    0.1576   -0.8457   -0.5099
...    57 T-A ...
  -89.0349 -120.5223   38.1540
   -0.6117   -0.5178    0.5980
   -0.7701    0.2168   -0.5999
    0.1810   -0.8275   -0.5314
...    58 C-G ...
  -88.3076 -123.4305   36.6216
   -0.9518   -0.2933    0.0899
   -0.2344    0.5063   -0.8299
    0.1978   -0.8110   -0.5506
...    59 T-A ...
  -87.8071 -126.3541   35.0381
   -0.9377    0.0464   -0.3443
    0.3042    0.5882   -0.7493
    0.1678   -0.8074   -0.5657
...    60 C-G ...
  -87.1832 -129.1085   33.1853
   -0.5866    0.4007   -0.7038
    0.7893    0.4773   -0.3861
    0.1813   -0.7821   -0.5962
...    61 G-C ...
  -86.1653 -131.3605   31.0371
   -0.1543    0.7163   -0.6805
    0.9712    0.2365    0.0287
    0.1815   -0.6565   -0.7322
...    62 A-T ...
  -85.3247 -133.6296   28.8966
    0.3781    0.7970   -0.4710
    0.8846   -0.1609    0.4378
    0.2731   -0.5821   -0.7659
...    63 G-C ...
  -84.5611 -135.1687   26.0664
    0.7365    0.6685   -0.1036
    0.5813   -0.5471    0.6023
    0.3460   -0.5038   -0.7915
...    64 C-G ...
  -83.4939 -136.3254   23.0862
    0.9057    0.2900    0.3091
    0.0865   -0.8404    0.5351
    0.4149   -0.4579   -0.7862
...    65 T-A ...
  -82.0617 -137.4439   20.3365
    0.7868   -0.1401    0.6011
   -0.3602   -0.8951    0.2629
    0.5012   -0.4233   -0.7547
...    66 C-G ...
  -80.2181 -139.1219   18.2982
    0.4282   -0.6014    0.6745
   -0.6757   -0.7087   -0.2030
    0.6001   -0.3689   -0.7098
...    67 G-C ...
  -78.5130 -140.7141   15.9686
   -0.0523   -0.8900    0.4530
   -0.7503   -0.2644   -0.6059
    0.6590   -0.3716   -0.6539
...    68 T-A ...
  -75.8939 -141.8821   14.2806
   -0.4360   -0.8958    0.0857
   -0.6238    0.2322   -0.7463
    0.6487   -0.3789   -0.6601
...    69 C-G ...
  -73.8043 -143.3751   12.3018
   -0.7148   -0.6001   -0.3591
   -0.2478    0.6975   -0.6724
    0.6540   -0.3916   -0.6473
...    70 A-T ...
  -71.4193 -144.3507   10.1454
   -0.7813   -0.0773   -0.6194
    0.1919    0.9145   -0.3563
    0.5940   -0.3972   -0.6996
...    71 T-A ...
  -69.7204 -146.0681    7.9647
   -0.6000    0.3944   -0.6960
    0.5478    0.8366    0.0018
    0.5830   -0.3801   -0.7180
...    72 G-C ...
  -67.8843 -147.5191    5.3817
   -0.2474    0.8316   -0.4973
    0.7705    0.4800    0.4194
    0.5875   -0.2794   -0.7595
...    73 T-A ...
  -66.5447 -148.5709    2.5393
    0.1449    0.9716   -0.1871
    0.7835    0.0028    0.6214
    0.6042   -0.2366   -0.7609
...    74 T-A ...
  -64.7561 -149.0695    0.0366
    0.4495    0.8605    0.2398
    0.6099   -0.4918    0.6214
    0.6527   -0.1331   -0.7459
...    75 A-T ...
  -62.4816 -149.2114   -2.2497
    0.5450    0.5355    0.6451
    0.3562   -0.8445    0.4000
    0.7590    0.0118   -0.6510
...    76 T-A ...
  -60.2492 -148.4290   -4.4282
    0.6333    0.0576    0.7718
    0.0660   -0.9976    0.0203
    0.7711    0.0381   -0.6356
...    77 A-T ...
  -57.5929 -148.3779   -6.3659
    0.4986   -0.4869    0.7172
   -0.2198   -0.8713   -0.4388
    0.8385    0.0611   -0.5414
...    78 A-T ...
  -54.8262 -148.0074   -7.8875
    0.2918   -0.8868    0.3584
   -0.4290   -0.4562   -0.7796
    0.8549    0.0738   -0.5136
...    79 C-G ...
  -51.5349 -147.6189   -8.9433
    0.0416   -0.9882   -0.1477
   -0.5134    0.1056   -0.8516
    0.8571    0.1113   -0.5029
...    80 G-C ...
  -48.8581 -147.3485  -10.7987
   -0.2790   -0.7219   -0.6333
   -0.4085    0.6860   -0.6021
    0.8691    0.0907   -0.4863
...    81 G-C ...
  -45.8999 -147.1962  -12.2709
   -0.5021   -0.2616   -0.8243
   -0.2061    0.9619   -0.1797
    0.8399    0.0796   -0.5369
...    82 A-T ...
  -43.0272 -146.9889  -13.8707
   -0.5418    0.3424   -0.7676
    0.0864    0.9311    0.3544
    0.8360    0.1257   -0.5341
...    83 G-C ...
  -40.3548 -146.7738  -15.6983
   -0.4864    0.7530   -0.4432
    0.3257    0.6269    0.7077
    0.8108    0.1998   -0.5502
...    84 G-C ...
  -37.7620 -146.2058  -18.0047
   -0.3103    0.9488    0.0599
    0.5348    0.1221    0.8361
    0.7860    0.2915   -0.5453
...    85 A-T ...
  -35.3351 -145.1545  -19.9258
   -0.0185    0.8258    0.5636
    0.6246   -0.4306    0.6514
    0.7807    0.3641   -0.5079
...    86 T-A ...
  -33.2137 -143.4983  -21.8058
    0.2531    0.4766    0.8419
    0.5637   -0.7799    0.2720
    0.7863    0.4057   -0.4660
...    87 C-G ...
  -30.6964 -141.8850  -23.1533
    0.4784   -0.0763    0.8748
    0.3538   -0.8951   -0.2715
    0.8037    0.4394   -0.4012
...    88 C-G ...
  -28.0029 -140.2625  -24.1086
    0.5083   -0.5644    0.6505
    0.1050   -0.7091   -0.6973
    0.8548    0.4227   -0.3012
...    89 G-C ...
  -25.1046 -139.2524  -25.2836
    0.3966   -0.8982    0.1895
   -0.1276   -0.2584   -0.9576
    0.9091    0.3556   -0.2170
...    90 C-G ...
  -21.7970 -138.2180  -25.5091
    0.2524   -0.8825   -0.3969
   -0.3066    0.3161   -0.8978
    0.9177    0.3483   -0.1908
...    91 T-A ...
  -18.4240 -137.5422  -25.9595
    0.0536   -0.5370   -0.8419
   -0.3517    0.7790   -0.5192
    0.9346    0.3239   -0.1471
...    92 T-A ...
  -15.2521 -136.8268  -26.2609
   -0.0976    0.0452   -0.9942
   -0.3387    0.9378    0.0759
    0.9358    0.3442   -0.0762
...    93 T-A ...
  -12.0900 -136.0071  -26.4919
   -0.2462    0.5864   -0.7717
   -0.2491    0.7312    0.6351
    0.9367    0.3486   -0.0340
...    94 A-T ...
   -9.0337 -134.6972  -26.2204
   -0.4089    0.8758   -0.2563
   -0.0741    0.2480    0.9659
    0.9096    0.4140   -0.0366
...    95 A-T ...
   -6.2228 -133.3097  -26.4975
   -0.4566    0.8402    0.2925
    0.1468   -0.2532    0.9562
    0.8775    0.4796   -0.0077
...    96 C-G ...
   -3.5844 -131.3766  -27.0624
   -0.3747    0.5663    0.7341
    0.3574   -0.6424    0.6780
    0.8555    0.5164    0.0383
...    97 A-T ...
   -0.9023 -129.3961  -26.7695
   -0.2438    0.0498    0.9685
    0.5488   -0.8163    0.1801
    0.7996    0.5755    0.1717
...    98 C-G ...
    1.2800 -127.0373  -25.8593
    0.0364   -0.4044    0.9139
    0.6287   -0.7016   -0.3355
    0.7768    0.5868    0.2287
...    99 T-A ...
    3.6115 -124.6624  -24.4599
    0.3525   -0.7544    0.5537
    0.5342   -0.3236   -0.7810
    0.7684    0.5711    0.2890
...   100 T-A ...
    5.9211 -122.7490  -23.1495
    0.6448   -0.7643    0.0059
    0.2354    0.1912   -0.9529
    0.7272    0.6159    0.3032
...   101 T-A ...
    8.1717 -120.8110  -21.7563
    0.7127   -0.4669   -0.5236
   -0.1912    0.5889   -0.7853
    0.6750    0.6597    0.3305
...   102 A-T ...
   10.2229 -118.2231  -20.7421
    0.4569    0.0851   -0.8854
   -0.6400    0.7227   -0.2608
    0.6177    0.6859    0.3847
...   103 T-A ...
   12.7287 -116.4866  -19.5356
    0.0885    0.4075   -0.9089
   -0.7906    0.5838    0.1848
    0.6059    0.7022    0.3738
...   104 G-C ...
   14.8919 -114.1699  -18.5379
   -0.4666    0.6074   -0.6430
   -0.6656    0.2377    0.7075
    0.5825    0.7580    0.2934
...   105 C-G ...
   16.7129 -111.5428  -18.0766
   -0.7928    0.5780   -0.1933
   -0.3327   -0.1446    0.9319
    0.5106    0.8031    0.3070
...   106 T-A ...
   18.4114 -108.6277  -17.4587
   -0.8762    0.3471    0.3344
    0.1696   -0.4275    0.8880
    0.4512    0.8347    0.3157
...   107 T-A ...
   19.6613 -105.8323  -16.5751
   -0.6827   -0.0145    0.7306
    0.6296   -0.5191    0.5781
    0.3709    0.8546    0.3635
...   108 C-G ...
   20.5253 -102.9618  -15.2592
   -0.2581   -0.3755    0.8902
    0.9142   -0.3928    0.0994
    0.3124    0.8395    0.4447
...   109 C-G ...
   21.2783 -100.2161  -13.6176
    0.2112   -0.6154    0.7594
    0.9296   -0.1137   -0.3507
    0.3021    0.7800    0.5480
...   110 G-C ...
   22.5057  -98.0765  -11.8038
    0.6197   -0.6609    0.4233
    0.7201    0.2644   -0.6415
    0.3121    0.7023    0.6398
...   111 G-C ...
   23.7729  -96.2067   -9.2740
    0.9007   -0.4338   -0.0223
    0.2824    0.6239   -0.7287
    0.3300    0.6501    0.6845
...   112 C-G ...
   25.0271  -94.5358   -6.6398
    0.9003   -0.0325   -0.4340
   -0.2538    0.7710   -0.5841
    0.3536    0.6360    0.6859
...   113 T-A ...
   26.2468  -92.5778   -4.2797
    0.6284    0.3860   -0.6754
   -0.6917    0.6745   -0.2580
    0.3560    0.6293    0.6908
...   114 C-G ...
   27.3317  -90.4347   -1.9566
    0.0898    0.7051   -0.7034
   -0.9343    0.3043    0.1858
    0.3450    0.6405    0.6861
...   115 G-C ...
   27.9501  -88.3023    0.5149
   -0.4959    0.6999   -0.5141
   -0.8207   -0.1842    0.5409
    0.2839    0.6901    0.6657
...   116 T-A ...
   29.0596  -85.6283    2.1291
   -0.8714    0.4533   -0.1877
   -0.4340   -0.5338    0.7258
    0.2288    0.7139    0.6618
...   117 A-T ...
   29.7333  -82.7482    3.9083
   -0.9861   -0.0103    0.1655
    0.1289   -0.6755    0.7260
    0.1043    0.7373    0.6675
...   118 T-A ...
   29.7450  -79.9571    5.5443
   -0.7954   -0.3546    0.4916
    0.5993   -0.5815    0.5502
    0.0907    0.7322    0.6750
...   119 A-T ...
   29.9301  -77.6496    7.8954
   -0.3530   -0.6898    0.6321
    0.9356   -0.2646    0.2338
    0.0060    0.6740    0.7387
...   120 A-T ...
   29.5904  -75.5312   10.3177
    0.2260   -0.7539    0.6169
    0.9741    0.1824   -0.1339
   -0.0115    0.6311    0.7756
...   121 T-A ...
   28.9254  -73.7514   13.0581
    0.6947   -0.5524    0.4607
    0.7189    0.5548   -0.4187
   -0.0243    0.6221    0.7826
...   122 G-C ...
   28.7986  -71.8723   15.9075
    0.9840   -0.1596    0.0795
    0.1757    0.7912   -0.5858
    0.0306    0.5904    0.8066
...   123 T-A ...
   28.9753  -70.3919   18.8372
    0.9396    0.2620   -0.2204
   -0.3411    0.7717   -0.5368
    0.0295    0.5795    0.8144
...   124 G-C ...
   29.1448  -68.5013   21.5776
    0.5621    0.6386   -0.5256
   -0.8236    0.4906   -0.2847
    0.0760    0.5929    0.8017
...   125 T-A ...
   29.8537  -66.8271   24.2496
    0.0510    0.7828   -0.6201
   -0.9957    0.0883    0.0297
    0.0780    0.6159    0.7839
...   126 C-G ...
   30.1565  -64.8411   26.7057
   -0.5424    0.6892   -0.4804
   -0.8361   -0.3871    0.3887
    0.0819    0.6125    0.7862
...   127 G-C ...
   29.8826  -63.0660   29.4682
   -0.8944    0.2967   -0.3345
   -0.4438   -0.6805    0.5831
   -0.0546    0.6700    0.7403
...   128 A-T ...
   29.8531  -60.9582   31.8099
   -0.9854   -0.1619    0.0522
    0.1567   -0.7442    0.6494
   -0.0663    0.6481    0.7587
...   129 C-G ...
   29.3018  -58.3640   33.7688
   -0.7535   -0.5607    0.3432
    0.6479   -0.5450    0.5322
   -0.1113    0.6234    0.7740
...   130 C-G ...
   28.1608  -56.3354   36.2827
   -0.3025   -0.8346    0.4604
    0.9334   -0.1616    0.3205
   -0.1931    0.5267    0.8279
...   131 A-T ...
   27.8798  -54.9620   39.3167
    0.2679   -0.8663    0.4217
    0.9436    0.3244    0.0670
   -0.1948    0.3800    0.9043
...   132 A-T ...
   27.1146  -53.9330   42.3321
    0.7551   -0.5406    0.3708
    0.6259    0.7629   -0.1622
   -0.1952    0.3546    0.9144
...   133 A-T ...
   26.2670  -53.1240   45.4048
    0.9696    0.0282    0.2432
    0.0622    0.9324   -0.3561
   -0.2368    0.3603    0.9023
...   134 T-A ...
   25.6208  -52.5913   48.6399
    0.8597    0.5097    0.0340
   -0.4497    0.7866   -0.4231
   -0.2424    0.3485    0.9054
...   135 G-C ...
   25.2757  -52.5095   52.0791
    0.3204    0.9427   -0.0928
   -0.8825    0.2614   -0.3910
   -0.3443    0.2071    0.9157
...   136 T-A ...
   25.5257  -52.9786   55.8049
   -0.2439    0.9563   -0.1610
   -0.8908   -0.2866   -0.3525
   -0.3833    0.0575    0.9218
...   137 G-C ...
   24.8932  -52.7377   58.9864
   -0.7529    0.5562   -0.3519
   -0.5215   -0.8303   -0.1966
   -0.4015    0.0355    0.9152
...   138 A-T ...
   24.0142  -51.6373   61.9241
   -0.9563    0.0401   -0.2896
   -0.0524   -0.9980    0.0347
   -0.2876    0.0484    0.9565
...   139 G-C ...
   22.3466  -51.2411   64.4939
   -0.8529   -0.5118   -0.1033
    0.4974   -0.8566    0.1373
   -0.1587    0.0657    0.9851
...   140 C-G ...
   22.1502  -50.1498   67.4638
   -0.4681   -0.8748    0.1248
    0.8495   -0.4066    0.3362
   -0.2434    0.2634    0.9335
...   141 G-C ...
   21.4256  -51.8266   72.7875
    0.1303   -0.7143   -0.6876
    0.8897   -0.2217    0.3990
   -0.4375   -0.6638    0.6066
...   142 C-G ...
   20.4245  -54.3094   74.5418
    0.5846   -0.7390   -0.3348
    0.7594    0.3532    0.5465
   -0.2856   -0.5737    0.7676
...   143 T-A ...
   18.4270  -55.5290   76.5298
    0.8548   -0.5005    0.1370
    0.3188    0.7148    0.6224
   -0.4095   -0.4884    0.7706
...   144 C-G ...
   16.8371  -57.7222   78.2673
    0.8529   -0.0846    0.5151
   -0.1508    0.9048    0.3983
   -0.4998   -0.4174    0.7589
...   145 A-T ...
   15.7828  -59.5615   80.7980
    0.5516    0.4995    0.6680
   -0.6739    0.7388    0.0039
   -0.4916   -0.4523    0.7441
...   146 C-G ...
   15.7314  -61.4940   83.9316
    0.0344    0.7399    0.6718
   -0.8637    0.3602   -0.3526
   -0.5029   -0.5681    0.6514
...   147 A-T ...
   14.7383  -63.4279   86.8192
   -0.5924    0.6746    0.4405
   -0.6886   -0.1401   -0.7114
   -0.4182   -0.7248    0.5475
