  147 base-pairs
...     1 T-A ...
    0.0000    0.0000    0.0000
    1.0000    0.0000    0.0000
    0.0000    1.0000    0.0000
    0.0000    0.0000    1.0000
...     2 G-C ...
   -0.5555   -1.1003    3.3981
    0.7749    0.6051    0.1828
   -0.5991    0.7953   -0.0929
   -0.2016   -0.0375    0.9787
...     3 T-A ...
   -0.6619   -3.0237    6.5348
    0.3046    0.9250    0.2271
   -0.8994    0.3578   -0.2510
   -0.3134   -0.1278    0.9410
...     4 G-C ...
   -1.1607   -3.8418    9.6940
   -0.3351    0.9421    0.0133
   -0.8752   -0.3061   -0.3746
   -0.3489   -0.1372    0.9271
...     5 A-T ...
   -1.3881   -3.6770   12.8999
   -0.7835    0.6162   -0.0801
   -0.5677   -0.7622   -0.3109
   -0.2527   -0.1981    0.9470
...     6 G-C ...
   -2.6236   -3.5448   15.7072
   -0.9923    0.0611   -0.1075
   -0.0294   -0.9610   -0.2748
   -0.1201   -0.2695    0.9555
...     7 C-G ...
   -2.3138   -3.7570   18.8866
   -0.8620   -0.4995   -0.0864
    0.5008   -0.8655    0.0073
   -0.0785   -0.0370    0.9962
...     8 G-C ...
   -3.9561   -6.8109   23.3205
   -0.2581   -0.3560   -0.8981
    0.6294   -0.7673    0.1233
   -0.7330   -0.5335    0.4221
...     9 C-G ...
   -6.1177   -8.9414   24.2385
    0.1143   -0.7320   -0.6716
    0.8123   -0.3203    0.4874
   -0.5720   -0.6013    0.5580
...    10 T-A ...
   -8.5041   -9.6771   26.0540
    0.4660   -0.8587   -0.2131
    0.6274    0.1508    0.7640
   -0.6239   -0.4897    0.6090
...    11 C-G ...
  -11.0625  -11.3174   27.2336
    0.6660   -0.6911    0.2808
    0.3382    0.6152    0.7121
   -0.6649   -0.3794    0.6435
...    12 A-T ...
  -13.0013  -13.1789   29.0658
    0.7188   -0.1490    0.6790
   -0.1787    0.9043    0.3876
   -0.6718   -0.4000    0.6235
...    13 C-G ...
  -14.1788  -15.9359   31.3399
    0.4052    0.2865    0.8682
   -0.5270    0.8492   -0.0343
   -0.7470   -0.4437    0.4951
...    14 A-T ...
  -15.9532  -18.1566   33.3080
   -0.1503    0.6873    0.7107
   -0.6106    0.5008   -0.6135
   -0.7776   -0.5261    0.3444
...    15 A-T ...
  -18.3095  -19.9452   34.6495
   -0.4762    0.8442    0.2460
   -0.4093    0.0348   -0.9117
   -0.7783   -0.5348    0.3290
...    16 T-A ...
  -20.6382  -21.5314   36.3471
   -0.6117    0.7528   -0.2433
   -0.1119   -0.3867   -0.9154
   -0.7831   -0.5327    0.3208
...    17 T-A ...
  -23.1854  -23.0914   37.5992
   -0.5553    0.4224   -0.7164
    0.2512   -0.7359   -0.6287
   -0.7928   -0.5291    0.3026
...    18 T-A ...
  -25.8608  -24.5688   38.6597
   -0.3005   -0.0370   -0.9531
    0.5151   -0.8473   -0.1295
   -0.8027   -0.5298    0.2736
...    19 A-T ...
  -28.7260  -26.1406   39.2898
    0.1337   -0.4093   -0.9025
    0.5639   -0.7174    0.4089
   -0.8149   -0.5637    0.1349
...    20 T-A ...
  -31.6807  -27.5572   39.2582
    0.4122   -0.6973   -0.5864
    0.4166   -0.4281    0.8020
   -0.8103   -0.5748    0.1140
...    21 T-A ...
  -34.3712  -29.3575   39.3338
    0.5865   -0.8086   -0.0462
    0.1073    0.0210    0.9940
   -0.8028   -0.5880    0.0990
...    22 C-G ...
  -36.8860  -31.4278   39.5386
    0.5673   -0.6295    0.5309
   -0.2722    0.4650    0.8424
   -0.7772   -0.6225    0.0925
...    23 G-C ...
  -39.4741  -33.4003   40.2480
    0.3924   -0.2107    0.8953
   -0.5790    0.6998    0.4184
   -0.7147   -0.6826    0.1526
...    24 C-G ...
  -41.5115  -35.9586   40.7681
    0.0374    0.2224    0.9742
   -0.7120    0.6900   -0.1302
   -0.7012   -0.6887    0.1842
...    25 A-T ...
  -43.9969  -38.0712   41.3446
   -0.3244    0.6221    0.7125
   -0.6237    0.4257   -0.6556
   -0.7112   -0.6571    0.2499
...    26 A-T ...
  -46.1413  -40.2779   42.3983
   -0.6363    0.7394    0.2201
   -0.3195    0.0071   -0.9476
   -0.7021   -0.6733    0.2317
...    27 A-T ...
  -48.3787  -42.3969   43.4262
   -0.7114    0.6089   -0.3509
    0.1057   -0.4008   -0.9100
   -0.6948   -0.6845    0.2208
...    28 G-C ...
  -50.8102  -44.4294   44.3564
   -0.5020    0.3650   -0.7841
    0.4625   -0.6527   -0.6000
   -0.7308   -0.6639    0.1588
...    29 G-C ...
  -53.5133  -46.3632   44.9339
   -0.1042    0.0357   -0.9939
    0.6490   -0.7549   -0.0951
   -0.7537   -0.6549    0.0555
...    30 C-G ...
  -56.2763  -48.1520   44.9464
    0.3069   -0.3239   -0.8949
    0.5965   -0.6673    0.4461
   -0.7416   -0.6707   -0.0115
...    31 C-G ...
  -58.8785  -50.2451   44.4784
    0.6527   -0.5479   -0.5233
    0.3241   -0.4224    0.8465
   -0.6848   -0.7221   -0.0982
...    32 G-C ...
  -60.8882  -52.8918   44.2804
    0.8093   -0.5865    0.0303
   -0.1166   -0.1099    0.9871
   -0.5756   -0.8024   -0.1573
...    33 G-C ...
  -62.4732  -55.7445   43.4309
    0.6706   -0.4838    0.5624
   -0.5552    0.1756    0.8130
   -0.4921   -0.8574   -0.1509
...    34 C-G ...
  -63.6711  -58.7541   42.7587
    0.2808   -0.2815    0.9175
   -0.8447    0.3814    0.3756
   -0.4557   -0.8805   -0.1307
...    35 C-G ...
  -64.8919  -61.8853   42.5083
   -0.1971    0.0214    0.9802
   -0.8788    0.4393   -0.1863
   -0.4346   -0.8981   -0.0677
...    36 C-G ...
  -66.1795  -65.0011   42.5716
   -0.6209    0.3047    0.7222
   -0.6401    0.3347   -0.6915
   -0.4524   -0.8917   -0.0128
...    37 G-C ...
  -67.9403  -67.8100   42.1810
   -0.8374    0.5052    0.2087
   -0.1856    0.0964   -0.9779
   -0.5142   -0.8576    0.0131
...    38 A-T ...
  -69.5771  -70.6466   42.3278
   -0.7757    0.4850   -0.4037
    0.3469   -0.2066   -0.9149
   -0.5271   -0.8497   -0.0080
...    39 C-G ...
  -71.6506  -73.1892   42.7540
   -0.4677    0.3354   -0.8178
    0.7014   -0.4221   -0.5743
   -0.5379   -0.8422   -0.0378
...    40 A-T ...
  -73.3997  -76.0165   42.5419
    0.0653    0.1524   -0.9861
    0.8349   -0.5497   -0.0297
   -0.5466   -0.8214   -0.1632
...    41 C-G ...
  -75.6450  -78.2925   41.8108
    0.5104   -0.1015   -0.8540
    0.6815   -0.5578    0.4736
   -0.5244   -0.8237   -0.2155
...    42 G-C ...
  -77.1019  -81.1923   41.0678
    0.8694   -0.2466   -0.4281
    0.2859   -0.4557    0.8430
   -0.4029   -0.8553   -0.3257
...    43 A-T ...
  -78.2957  -83.9628   39.8474
    0.9005   -0.4086    0.1488
   -0.2717   -0.2614    0.9262
   -0.3395   -0.8745   -0.3464
...    44 C-G ...
  -78.9831  -86.7178   38.1825
    0.6476   -0.4504    0.6147
   -0.7041   -0.0451    0.7087
   -0.2914   -0.8917   -0.3463
...    45 T-A ...
  -79.5242  -89.7371   36.9633
    0.2015   -0.3617    0.9103
   -0.9515    0.1484    0.2696
   -0.2326   -0.9204   -0.3142
...    46 T-A ...
  -79.9456  -92.7845   35.9065
   -0.3836   -0.2425    0.8911
   -0.8984    0.3213   -0.2993
   -0.2137   -0.9154   -0.3412
...    47 A-T ...
  -80.9527  -95.6624   34.4756
   -0.8722   -0.0294    0.4882
   -0.4560    0.4098   -0.7900
   -0.1769   -0.9117   -0.3708
...    48 C-G ...
  -81.4347  -98.8984   33.8278
   -0.9814    0.1919    0.0047
    0.0674    0.3676   -0.9275
   -0.1797   -0.9100   -0.3737
...    49 T-A ...
  -82.2301 -101.9674   32.8539
   -0.7931    0.3944   -0.4642
    0.5718    0.2193   -0.7906
   -0.2100   -0.8924   -0.3994
...    50 G-C ...
  -82.9201 -104.8467   31.3538
   -0.3203    0.5436   -0.7758
    0.9157   -0.0321   -0.4006
   -0.2427   -0.8387   -0.4875
...    51 T-A ...
  -84.3100 -107.4266   29.8509
    0.2010    0.4951   -0.8453
    0.9541   -0.2947    0.0542
   -0.2222   -0.8173   -0.5316
...    52 A-T ...
  -85.2882 -109.8584   27.7902
    0.6949    0.4081   -0.5921
    0.7081   -0.5320    0.4643
   -0.1256   -0.7419   -0.6586
...    53 G-C ...
  -85.7667 -112.0139   25.3593
    0.9639    0.1659   -0.2081
    0.2647   -0.6794    0.6844
   -0.0279   -0.7148   -0.6988
...    54 T-A ...
  -85.7546 -113.8422   22.6555
    0.9665   -0.1544    0.2052
   -0.2543   -0.6876    0.6802
    0.0361   -0.7095   -0.7037
...    55 C-G ...
  -85.3569 -116.1122   20.3667
    0.6488   -0.4815    0.5893
   -0.7541   -0.5109    0.4127
    0.1024   -0.7121   -0.6945
...    56 A-T ...
  -84.9723 -118.6119   18.2220
    0.1126   -0.6177    0.7783
   -0.9775   -0.2096   -0.0249
    0.1785   -0.7579   -0.6274
...    57 T-A ...
  -83.6957 -121.0157   16.3491
   -0.3923   -0.6538    0.6471
   -0.8991    0.1240   -0.4197
    0.1941   -0.7465   -0.6365
...    58 G-C ...
  -83.3781 -123.4973   14.1897
   -0.8464   -0.4300    0.3141
   -0.5039    0.4563   -0.7334
    0.1720   -0.7790   -0.6029
...    59 T-A ...
  -82.6399 -126.3973   12.7018
   -0.9847   -0.1298   -0.1167
    0.0112    0.6202   -0.7844
    0.1742   -0.7736   -0.6092
...    60 T-A ...
  -82.0700 -129.1070   10.9850
   -0.7956    0.2210   -0.5641
    0.5656    0.6048   -0.5606
    0.2173   -0.7651   -0.6062
...    61 A-T ...
  -81.2462 -131.5845    8.9243
   -0.3264    0.5713   -0.7530
    0.9195    0.3767   -0.1128
    0.2192   -0.7292   -0.6482
...    62 T-A ...
  -81.1867 -134.0531    6.7697
    0.1648    0.7010   -0.6939
    0.9581    0.0533    0.2814
    0.2343   -0.7112   -0.6629
...    63 A-T ...
  -80.6931 -136.1656    4.2323
    0.5774    0.7524   -0.3171
    0.7475   -0.3309    0.5760
    0.3284   -0.5696   -0.7535
...    64 A-T ...
  -79.6882 -137.7818    1.6366
    0.8652    0.4926    0.0936
    0.3259   -0.6944    0.6416
    0.3811   -0.5245   -0.7613
...    65 C-G ...
  -78.4359 -138.8796   -1.1651
    0.8851    0.1127    0.4515
   -0.1363   -0.8649    0.4830
    0.4450   -0.4891   -0.7502
...    66 G-C ...
  -76.6435 -140.6856   -3.3108
    0.6069   -0.3007    0.7357
   -0.5358   -0.8385    0.0992
    0.5871   -0.4544   -0.6700
...    67 G-C ...
  -74.2083 -142.0587   -5.2059
    0.1841   -0.6671    0.7218
   -0.7307   -0.5841   -0.3535
    0.6574   -0.4624   -0.5950
...    68 A-T ...
  -71.9180 -143.6045   -6.9915
   -0.2805   -0.8848    0.3722
   -0.6775   -0.0922   -0.7297
    0.6800   -0.4568   -0.5736
...    69 G-C ...
  -69.4681 -145.1639   -8.6074
   -0.6045   -0.7938   -0.0669
   -0.4156    0.3859   -0.8236
    0.6796   -0.4700   -0.5632
...    70 T-A ...
  -67.0560 -147.0519   -9.9706
   -0.7266   -0.4750   -0.4964
   -0.0421    0.7519   -0.6579
    0.6858   -0.4572   -0.5663
...    71 A-T ...
  -64.5655 -148.1067  -11.9820
   -0.5615    0.0907   -0.8225
    0.3953    0.9026   -0.1703
    0.7270   -0.4207   -0.5427
...    72 T-A ...
  -62.5593 -150.0285  -13.7555
   -0.2875    0.5347   -0.7946
    0.6091    0.7423    0.2791
    0.7392   -0.4038   -0.5391
...    73 C-G ...
  -60.1894 -151.4164  -15.5277
    0.0648    0.8904   -0.4506
    0.6504    0.3049    0.6958
    0.7569   -0.3381   -0.5593
...    74 T-A ...
  -57.8800 -152.3740  -17.6648
    0.2967    0.9545    0.0292
    0.5372   -0.1921    0.8213
    0.7895   -0.2280   -0.5698
...    75 C-G ...
  -55.3080 -152.9089  -19.5589
    0.4736    0.6980    0.5372
    0.3002   -0.7013    0.6466
    0.8280   -0.1449   -0.5417
...    76 G-C ...
  -52.3034 -153.2695  -20.9633
    0.4159    0.2345    0.8787
    0.0822   -0.9719    0.2205
    0.9057   -0.0195   -0.4235
...    77 A-T ...
  -49.2464 -153.1567  -22.1162
    0.3449   -0.3692    0.8630
   -0.1229   -0.9292   -0.3484
    0.9305    0.0141   -0.3659
...    78 G-C ...
  -46.0710 -152.8456  -23.0193
    0.1907   -0.8027    0.5650
   -0.2364   -0.5962   -0.7672
    0.9528    0.0128   -0.3035
...    79 C-G ...
  -42.7817 -152.8083  -23.5593
    0.0209   -0.9985    0.0498
   -0.2677   -0.0535   -0.9620
    0.9633    0.0067   -0.2684
...    80 T-A ...
  -39.5028 -152.9351  -24.1267
   -0.1294   -0.8698   -0.4762
   -0.2186    0.4935   -0.8419
    0.9672   -0.0048   -0.2540
...    81 C-G ...
  -36.2815 -152.9940  -24.8552
   -0.2218   -0.3973   -0.8905
   -0.1141    0.9175   -0.3809
    0.9684    0.0171   -0.2488
...    82 G-C ...
  -33.0733 -152.3859  -25.6034
   -0.3278    0.1893   -0.9256
   -0.0043    0.9794    0.2018
    0.9447    0.0701   -0.3203
...    83 G-C ...
  -29.8761 -152.4109  -26.6822
   -0.3682    0.6767   -0.6376
    0.1479    0.7196    0.6784
    0.9179    0.1555   -0.3650
...    84 G-C ...
  -26.8701 -152.0487  -28.1513
   -0.3461    0.9280   -0.1378
    0.3110    0.2521    0.9163
    0.8851    0.2743   -0.3759
...    85 A-T ...
  -24.0565 -151.1037  -29.4467
   -0.1896    0.8808    0.4338
    0.4589   -0.3111    0.8322
    0.8680    0.3569   -0.3452
...    86 T-A ...
  -21.6350 -149.5453  -30.9588
    0.0140    0.5994    0.8003
    0.5062   -0.6945    0.5113
    0.8623    0.3980   -0.3131
...    87 C-G ...
  -18.8926 -148.0224  -31.7776
    0.2362    0.0734    0.9689
    0.4518   -0.8911   -0.0427
    0.8603    0.4479   -0.2437
...    88 C-G ...
  -16.0639 -146.2085  -32.0733
    0.3626   -0.4511    0.8155
    0.3221   -0.7604   -0.5639
    0.8745    0.4671   -0.1304
...    89 G-C ...
  -12.9316 -145.0897  -32.4279
    0.4134   -0.8320    0.3700
    0.1493   -0.3389   -0.9289
    0.8982    0.4392   -0.0159
...    90 C-G ...
   -9.9169 -143.7280  -32.0222
    0.4185   -0.8851   -0.2039
   -0.0751    0.1900   -0.9789
    0.9051    0.4249    0.0130
...    91 T-A ...
   -6.8316 -142.5225  -31.6953
    0.3056   -0.6471   -0.6985
   -0.2738    0.6428   -0.7154
    0.9119    0.4099    0.0193
...    92 T-A ...
   -3.7890 -141.3845  -31.3530
    0.1396   -0.1251   -0.9823
   -0.4265    0.8877   -0.1737
    0.8937    0.4432    0.0705
...    93 T-A ...
   -0.7705 -140.2001  -31.0434
   -0.1093    0.4237   -0.8992
   -0.4575    0.7816    0.4239
    0.8824    0.4578    0.1084
...    94 A-T ...
    2.0862 -138.5464  -30.5476
   -0.4164    0.7739   -0.4771
   -0.3186    0.3672    0.8739
    0.8515    0.5159    0.0936
...    95 A-T ...
    4.8407 -136.8598  -30.4643
   -0.5599    0.8239    0.0879
   -0.0381   -0.1316    0.9906
    0.8277    0.5513    0.1050
...    96 C-G ...
    7.3673 -134.8018  -30.6836
   -0.5566    0.6003    0.5742
    0.2645   -0.5272    0.8075
    0.7875    0.6014    0.1347
...    97 A-T ...
    9.8552 -132.6338  -30.0895
   -0.4419    0.1178    0.8893
    0.5677   -0.7308    0.3789
    0.6945    0.6724    0.2561
...    98 C-G ...
   11.5871 -129.9759  -29.2360
   -0.1230   -0.3113    0.9423
    0.7400   -0.6615   -0.1219
    0.6613    0.6823    0.3117
...    99 T-A ...
   13.4448 -127.5951  -27.8861
    0.2416   -0.6553    0.7157
    0.7356   -0.3573   -0.5755
    0.6328    0.6655    0.3957
...   100 T-A ...
   15.2670 -125.3751  -26.3595
    0.6363   -0.7242    0.2659
    0.4742    0.0953   -0.8753
    0.6086    0.6830    0.4040
...   101 T-A ...
   17.0824 -123.2098  -24.7297
    0.8230   -0.4991   -0.2711
    0.0171    0.4988   -0.8666
    0.5677    0.7086    0.4190
...   102 A-T ...
   18.6949 -120.4001  -23.6770
    0.6751    0.0039   -0.7378
   -0.5402    0.6836   -0.4907
    0.5025    0.7298    0.4636
...   103 T-A ...
   20.7727 -118.4911  -21.9355
    0.3131    0.3729   -0.8735
   -0.8185    0.5725   -0.0490
    0.4818    0.7302    0.4844
...   104 G-C ...
   22.1275 -115.9068  -20.3442
   -0.2521    0.5695   -0.7823
   -0.8537    0.2498    0.4570
    0.4557    0.7831    0.4232
...   105 C-G ...
   23.9420 -113.3904  -19.1974
   -0.6998    0.5666   -0.4350
   -0.5874   -0.1098    0.8018
    0.4066    0.8166    0.4097
...   106 T-A ...
   25.2532 -110.5403  -18.1699
   -0.9360    0.3519    0.0040
   -0.1391   -0.3806    0.9142
    0.3232    0.8552    0.4052
...   107 T-A ...
   26.2007 -107.6625  -17.0548
   -0.8724    0.0399    0.4872
    0.4028   -0.5059    0.7627
    0.2769    0.8617    0.4253
...   108 C-G ...
   26.8753 -104.8152  -15.6323
   -0.5028   -0.3148    0.8051
    0.8366   -0.4117    0.3615
    0.2176    0.8552    0.4703
...   109 C-G ...
   27.1039 -101.9595  -13.8454
   -0.0006   -0.5702    0.8215
    0.9865   -0.1350   -0.0930
    0.1639    0.8103    0.5626
...   110 G-C ...
   27.9635  -99.4919  -11.7526
    0.5267   -0.6321    0.5684
    0.8361    0.2645   -0.4806
    0.1534    0.7283    0.6678
...   111 G-C ...
   28.3931  -97.3565   -9.1603
    0.8865   -0.4298    0.1713
    0.4226    0.6016   -0.6779
    0.1883    0.6733    0.7150
...   112 C-G ...
   29.0369  -95.4601   -6.4971
    0.9685   -0.0379   -0.2461
   -0.1340    0.7534   -0.6437
    0.2098    0.6564    0.7246
...   113 T-A ...
   29.9314  -93.5226   -3.9441
    0.7386    0.3578   -0.5713
   -0.6309    0.6656   -0.3988
    0.2375    0.6550    0.7173
...   114 C-G ...
   30.7829  -91.4234   -1.5503
    0.2123    0.6804   -0.7014
   -0.9496    0.3129    0.0161
    0.2304    0.6627    0.7126
...   115 G-C ...
   31.0797  -89.1749    0.9223
   -0.3818    0.6704   -0.6362
   -0.9055   -0.1333    0.4029
    0.1853    0.7299    0.6579
...   116 T-A ...
   32.1230  -86.5824    2.7024
   -0.8049    0.4745   -0.3563
   -0.5745   -0.4727    0.6682
    0.1486    0.7426    0.6531
...   117 A-T ...
   32.4858  -84.0426    4.8264
   -0.9990    0.0407    0.0196
   -0.0115   -0.6490    0.7607
    0.0437    0.7597    0.6488
...   118 T-A ...
   32.4078  -81.1864    6.4265
   -0.8728   -0.3098    0.3773
    0.4879   -0.5811    0.6514
    0.0174    0.7526    0.6583
...   119 A-T ...
   32.0909  -78.6863    8.6127
   -0.4577   -0.6786    0.5745
    0.8849   -0.2845    0.3689
   -0.0869    0.6772    0.7306
...   120 A-T ...
   31.5193  -76.5441   10.9702
    0.1179   -0.7402    0.6619
    0.9876    0.1568   -0.0006
   -0.1033    0.6538    0.7496
...   121 T-A ...
   30.5458  -74.7004   13.5105
    0.5990   -0.5685    0.5639
    0.7935    0.5160   -0.3227
   -0.1076    0.6408    0.7602
...   122 G-C ...
   30.4873  -72.5955   16.0898
    0.9510   -0.2249    0.2121
    0.3063    0.7789   -0.5473
   -0.0421    0.5854    0.8096
...   123 T-A ...
   30.3480  -71.2099   19.1107
    0.9702    0.2118   -0.1180
   -0.2410    0.7884   -0.5660
   -0.0268    0.5775    0.8159
...   124 G-C ...
   30.2576  -69.0330   21.6205
    0.6476    0.5980   -0.4723
   -0.7614    0.5331   -0.3689
    0.0311    0.5985    0.8005
...   125 T-A ...
   30.9238  -67.2871   24.3858
    0.1460    0.7846   -0.6026
   -0.9889    0.1333   -0.0659
    0.0286    0.6055    0.7953
...   126 C-G ...
   31.1115  -65.2828   26.9884
   -0.4710    0.7000   -0.5368
   -0.8820   -0.3640    0.2992
    0.0141    0.6144    0.7889
...   127 G-C ...
   30.8198  -63.4527   29.7793
   -0.8802    0.3075   -0.3616
   -0.4672   -0.6954    0.5460
   -0.0835    0.6495    0.7557
...   128 A-T ...
   30.5833  -61.2645   32.1977
   -0.9824   -0.1863   -0.0126
    0.1335   -0.7483    0.6498
   -0.1305    0.6367    0.7600
...   129 C-G ...
   29.8510  -58.8061   34.2630
   -0.7649   -0.5766    0.2872
    0.6208   -0.5405    0.5679
   -0.1722    0.6127    0.7713
...   130 C-G ...
   28.8574  -56.7189   36.7266
   -0.2952   -0.8403    0.4547
    0.9271   -0.1369    0.3490
   -0.2310    0.5246    0.8194
...   131 A-T ...
   28.0637  -55.1178   39.5533
    0.2949   -0.8380    0.4591
    0.9246    0.3716    0.0843
   -0.2413    0.3996    0.8844
...   132 A-T ...
   27.0925  -54.0474   42.4513
    0.7677   -0.4926    0.4098
    0.5949    0.7855   -0.1704
   -0.2380    0.3747    0.8961
...   133 A-T ...
   26.2570  -53.1186   45.4456
    0.9698    0.0388    0.2408
    0.0515    0.9324   -0.3576
   -0.2384    0.3592    0.9023
...   134 T-A ...
   25.6208  -52.5913   48.6400
    0.8597    0.5097    0.0340
   -0.4497    0.7866   -0.4231
   -0.2424    0.3485    0.9054
...   135 G-C ...
   25.2757  -52.5096   52.0792
    0.3204    0.9427   -0.0928
   -0.8825    0.2614   -0.3910
   -0.3443    0.2071    0.9157
...   136 T-A ...
   25.5257  -52.9787   55.8050
   -0.2439    0.9563   -0.1610
   -0.8908   -0.2866   -0.3525
   -0.3833    0.0575    0.9218
...   137 G-C ...
   24.8933  -52.7377   58.9865
   -0.7529    0.5562   -0.3519
   -0.5215   -0.8303   -0.1966
   -0.4015    0.0355    0.9152
...   138 A-T ...
   24.0143  -51.6374   61.9242
   -0.9563    0.0401   -0.2896
   -0.0524   -0.9980    0.0347
   -0.2876    0.0484    0.9565
...   139 G-C ...
   22.3466  -51.2411   64.4940
   -0.8529   -0.5118   -0.1033
    0.4974   -0.8566    0.1373
   -0.1587    0.0657    0.9851
...   140 C-G ...
   22.1503  -50.1498   67.4639
   -0.4681   -0.8748    0.1248
    0.8495   -0.4066    0.3362
   -0.2434    0.2634    0.9335
...   141 G-C ...
   21.4256  -51.8266   72.7876
    0.1303   -0.7143   -0.6876
    0.8897   -0.2218    0.3990
   -0.4375   -0.6638    0.6066
...   142 C-G ...
   20.4245  -54.3095   74.5419
    0.5846   -0.7390   -0.3348
    0.7594    0.3531    0.5465
   -0.2856   -0.5737    0.7676
...   143 T-A ...
   18.4270  -55.5290   76.5299
    0.8548   -0.5005    0.1370
    0.3188    0.7148    0.6224
   -0.4095   -0.4884    0.7706
...   144 C-G ...
   16.8371  -57.7222   78.2674
    0.8529   -0.0846    0.5151
   -0.1508    0.9048    0.3983
   -0.4998   -0.4174    0.7589
...   145 A-T ...
   15.7828  -59.5615   80.7981
    0.5516    0.4995    0.6680
   -0.6739    0.7388    0.0039
   -0.4916   -0.4523    0.7441
...   146 C-G ...
   15.7314  -61.4940   83.9317
    0.0344    0.7399    0.6718
   -0.8637    0.3602   -0.3526
   -0.5029   -0.5681    0.6514
...   147 A-T ...
   14.7383  -63.4279   86.8193
   -0.5924    0.6746    0.4405
   -0.6886   -0.1401   -0.7114
   -0.4182   -0.7248    0.5475
