  147 base-pairs
...     1 T-A ...
    0.0000    0.0000    0.0000
    1.0000    0.0000    0.0000
    0.0000    1.0000    0.0000
    0.0000    0.0000    1.0000
...     2 G-C ...
   -0.5555   -1.1003    3.3981
    0.7749    0.6051    0.1828
   -0.5991    0.7953   -0.0929
   -0.2016   -0.0375    0.9787
...     3 T-A ...
   -0.6619   -3.0237    6.5348
    0.3046    0.9250    0.2271
   -0.8994    0.3578   -0.2510
   -0.3134   -0.1278    0.9410
...     4 G-C ...
   -1.1607   -3.8418    9.6940
   -0.3351    0.9421    0.0133
   -0.8752   -0.3061   -0.3746
   -0.3489   -0.1372    0.9271
...     5 A-T ...
   -1.3881   -3.6770   12.8999
   -0.7835    0.6162   -0.0801
   -0.5677   -0.7622   -0.3109
   -0.2527   -0.1981    0.9470
...     6 G-C ...
   -2.6236   -3.5448   15.7072
   -0.9923    0.0611   -0.1075
   -0.0294   -0.9610   -0.2748
   -0.1201   -0.2695    0.9555
...     7 C-G ...
   -2.3138   -3.7570   18.8866
   -0.8620   -0.4995   -0.0864
    0.5008   -0.8655    0.0073
   -0.0785   -0.0370    0.9962
...     8 G-C ...
   -3.9561   -6.8109   23.3205
   -0.2581   -0.3560   -0.8981
    0.6294   -0.7673    0.1233
   -0.7330   -0.5335    0.4221
...     9 C-G ...
   -6.1177   -8.9414   24.2385
    0.1143   -0.7320   -0.6716
    0.8123   -0.3203    0.4874
   -0.5720   -0.6013    0.5580
...    10 T-A ...
   -8.5041   -9.6771   26.0540
    0.4660   -0.8587   -0.2131
    0.6274    0.1508    0.7640
   -0.6239   -0.4897    0.6090
...    11 C-G ...
  -11.0625  -11.3174   27.2336
    0.6660   -0.6911    0.2808
    0.3382    0.6152    0.7121
   -0.6649   -0.3794    0.6435
...    12 A-T ...
  -13.0013  -13.1789   29.0658
    0.7188   -0.1490    0.6790
   -0.1787    0.9043    0.3876
   -0.6718   -0.4000    0.6235
...    13 C-G ...
  -14.1788  -15.9359   31.3399
    0.4052    0.2865    0.8682
   -0.5270    0.8492   -0.0343
   -0.7470   -0.4437    0.4951
...    14 A-T ...
  -15.9532  -18.1566   33.3080
   -0.1503    0.6873    0.7107
   -0.6106    0.5008   -0.6135
   -0.7776   -0.5261    0.3444
...    15 A-T ...
  -18.3213  -19.9487   34.6271
   -0.4782    0.8453    0.2383
   -0.4012    0.0311   -0.9154
   -0.7812   -0.5334    0.3243
...    16 T-A ...
  -20.6714  -21.5245   36.3005
   -0.6056    0.7531   -0.2573
   -0.1000   -0.3927   -0.9142
   -0.7895   -0.5279    0.3131
...    17 T-A ...
  -23.2505  -23.0719   37.4953
   -0.5331    0.4218   -0.7334
    0.2589   -0.7439   -0.6160
   -0.8054   -0.5183    0.2874
...    18 T-A ...
  -25.9671  -24.5254   38.4741
   -0.2671   -0.0415   -0.9628
    0.5067   -0.8558   -0.1037
   -0.8197   -0.5156    0.2496
...    19 A-T ...
  -28.8704  -26.0792   38.9983
    0.1679   -0.4272   -0.8884
    0.5310   -0.7201    0.4466
   -0.8306   -0.5467    0.1060
...    20 T-A ...
  -31.8482  -27.4454   38.8484
    0.4266   -0.7186   -0.5492
    0.3653   -0.4186    0.8315
   -0.8274   -0.5553    0.0839
...    21 T-A ...
  -34.5840  -29.1864   38.8232
    0.5620   -0.8270    0.0140
    0.0479    0.0494    0.9976
   -0.8257   -0.5600    0.0674
...    22 C-G ...
  -37.1847  -31.1758   38.9402
    0.4996   -0.6302    0.5944
   -0.3134    0.5081    0.8022
   -0.8076   -0.5871    0.0563
...    23 G-C ...
  -39.9492  -32.9679   39.5230
    0.2940   -0.1900    0.9367
   -0.5765    0.7465    0.3323
   -0.7624   -0.6377    0.1100
...    24 C-G ...
  -42.1977  -35.3869   39.9119
   -0.0534    0.2671    0.9622
   -0.6505    0.7217   -0.2365
   -0.7576   -0.6386    0.1352
...    25 A-T ...
  -44.8862  -37.3092   40.2351
   -0.3693    0.6766    0.6371
   -0.5083    0.4268   -0.7480
   -0.7780   -0.6001    0.1863
...    26 A-T ...
  -47.2934  -39.3263   41.0804
   -0.6062    0.7893    0.0972
   -0.1911   -0.0260   -0.9812
   -0.7720   -0.6134    0.1666
...    27 A-T ...
  -49.7962  -41.2373   41.8685
   -0.6051    0.6372   -0.4773
    0.1978   -0.4603   -0.8654
   -0.7712   -0.6181    0.1525
...    28 G-C ...
  -52.4991  -43.0252   42.5216
   -0.3471    0.3552   -0.8680
    0.4869   -0.7227   -0.4905
   -0.8015   -0.5929    0.0779
...    29 G-C ...
  -55.4284  -44.6894   42.7302
    0.0553   -0.0183   -0.9983
    0.5806   -0.8128    0.0471
   -0.8123   -0.5823   -0.0343
...    30 C-G ...
  -58.3206  -46.2273   42.3449
    0.4125   -0.4103   -0.8133
    0.4442   -0.6889    0.5728
   -0.7953   -0.5976   -0.1019
...    31 C-G ...
  -60.9848  -48.1334   41.5333
    0.6650   -0.6496   -0.3686
    0.1227   -0.3918    0.9118
   -0.7367   -0.6516   -0.1808
...    32 G-C ...
  -63.2217  -50.5916   41.1416
    0.7033   -0.6768    0.2175
   -0.3115   -0.0184    0.9501
   -0.6390   -0.7359   -0.2238
...    33 G-C ...
  -65.0228  -53.2822   40.1759
    0.4661   -0.5226    0.7138
   -0.6731    0.3142    0.6695
   -0.5742   -0.7925   -0.2053
...    34 C-G ...
  -66.5332  -56.1437   39.4110
    0.0333   -0.2424    0.9696
   -0.8333    0.5289    0.1608
   -0.5518   -0.8133   -0.1843
...    35 C-G ...
  -68.1833  -59.0609   38.9984
   -0.4047    0.1324    0.9048
   -0.7283    0.5517   -0.4065
   -0.5530   -0.8235   -0.1269
...    36 C-G ...
  -69.9473  -61.9375   38.8368
   -0.7091    0.4594    0.5349
   -0.3907    0.3755   -0.8405
   -0.5869   -0.8050   -0.0868
...    37 G-C ...
  -72.0070  -64.4824   38.1141
   -0.7530    0.6574   -0.0291
    0.0812    0.0490   -0.9955
   -0.6530   -0.7520   -0.0903
...    38 A-T ...
  -74.1298  -66.9745   37.9166
   -0.5391    0.5847   -0.6062
    0.5180   -0.3374   -0.7860
   -0.6641   -0.7378   -0.1210
...    39 C-G ...
  -76.7013  -69.0481   37.8580
   -0.1633    0.3533   -0.9211
    0.7246   -0.5907   -0.3550
   -0.6695   -0.7255   -0.1595
...    40 A-T ...
  -78.8906  -71.4929   37.2218
    0.3546    0.0617   -0.9330
    0.6772   -0.7050    0.2107
   -0.6448   -0.7065   -0.2917
...    41 C-G ...
  -81.2944  -73.3213   35.9318
    0.6877   -0.2696   -0.6741
    0.3886   -0.6477    0.6554
   -0.6133   -0.7126   -0.3406
...    42 G-C ...
  -83.0576  -75.9436   34.8358
    0.8703   -0.4677   -0.1544
   -0.0786   -0.4414    0.8939
   -0.4862   -0.7658   -0.4209
...    43 A-T ...
  -84.4809  -78.4809   33.3432
    0.6846   -0.5999    0.4140
   -0.5855   -0.1144    0.8025
   -0.4341   -0.7918   -0.4296
...    44 C-G ...
  -85.3440  -81.1244   31.5443
    0.2894   -0.5505    0.7831
   -0.8696    0.1907    0.4554
   -0.4000   -0.8128   -0.4235
...    45 T-A ...
  -86.3059  -83.9922   30.1868
   -0.2029   -0.3335    0.9207
   -0.9072    0.4180   -0.0485
   -0.3686   -0.8450   -0.3873
...    46 T-A ...
  -87.2061  -86.8805   28.9732
   -0.7072   -0.0656    0.7040
   -0.6200    0.5360   -0.5729
   -0.3397   -0.8416   -0.4198
...    47 A-T ...
  -88.4516  -89.4180   27.0928
   -0.9582    0.2485    0.1416
   -0.0082    0.4710   -0.8821
   -0.2859   -0.8464   -0.4493
...    48 C-G ...
  -89.5635  -92.4236   26.1644
   -0.8147    0.4681   -0.3421
    0.5023    0.2749   -0.8198
   -0.2897   -0.8398   -0.4591
...    49 T-A ...
  -90.8069  -95.1854   24.7992
   -0.4089    0.5882   -0.6977
    0.8598   -0.0080   -0.5106
   -0.3060   -0.8087   -0.5024
...    50 G-C ...
  -91.7501  -97.7994   22.9556
    0.1756    0.5787   -0.7964
    0.9411   -0.3362   -0.0368
   -0.2890   -0.7430   -0.6036
...    51 T-A ...
  -93.1940  -99.8661   20.8420
    0.6496    0.3670   -0.6658
    0.7185   -0.5828    0.3797
   -0.2487   -0.7250   -0.6423
...    52 A-T ...
  -93.9846 -101.9818   18.3844
    0.9618    0.1211   -0.2456
    0.2557   -0.7182    0.6472
   -0.0980   -0.6853   -0.7217
...    53 G-C ...
  -94.1617 -103.9705   15.7620
    0.9615   -0.1957    0.1929
   -0.2747   -0.6997    0.6595
    0.0060   -0.6871   -0.7266
...    54 G-C ...
  -93.6302 -106.1044   13.2049
    0.6626   -0.4656    0.5866
   -0.7394   -0.5316    0.4132
    0.1194   -0.7076   -0.6965
...    55 T-A ...
  -92.6180 -108.1875   10.8567
    0.1776   -0.6527    0.7365
   -0.9721   -0.2327    0.0282
    0.1529   -0.7210   -0.6759
...    56 A-T ...
  -92.4069 -110.6430    8.5763
   -0.4603   -0.6657    0.5873
   -0.8691    0.2028   -0.4512
    0.1813   -0.7182   -0.6719
...    57 T-A ...
  -91.2879 -113.2129    6.8055
   -0.8355   -0.4880    0.2527
   -0.5094    0.5152   -0.6893
    0.2062   -0.7046   -0.6790
...    58 C-G ...
  -90.6099 -115.6232    4.6640
   -0.9727   -0.0890   -0.2143
    0.0903    0.7057   -0.7028
    0.2138   -0.7029   -0.6783
...    59 T-A ...
  -90.0902 -118.1588    2.5753
   -0.7812    0.3216   -0.5351
    0.5933    0.6492   -0.4759
    0.1944   -0.6893   -0.6979
...    60 C-G ...
  -89.4926 -120.4992    0.3441
   -0.2868    0.6616   -0.6928
    0.9355    0.3493   -0.0536
    0.2065   -0.6635   -0.7191
...    61 G-C ...
  -88.4341 -122.6543   -1.9815
    0.2379    0.8317   -0.5017
    0.9360   -0.0583    0.3472
    0.2595   -0.5522   -0.7923
...    62 A-T ...
  -87.6686 -124.4262   -4.5970
    0.7070    0.6902   -0.1544
    0.6332   -0.5204    0.5729
    0.3150   -0.5028   -0.8050
...    63 G-C ...
  -86.6629 -125.7523   -7.4332
    0.8895    0.3843    0.2473
    0.1929   -0.8063    0.5592
    0.4143   -0.4496   -0.7913
...    64 C-G ...
  -85.1300 -126.7107  -10.1728
    0.8219   -0.0660    0.5658
   -0.2907   -0.9028    0.3169
    0.4899   -0.4249   -0.7612
...    65 T-A ...
  -83.1827 -127.7968  -12.5941
    0.5121   -0.4851    0.7089
   -0.6387   -0.7668   -0.0633
    0.5743   -0.4203   -0.7025
...    66 C-G ...
  -81.1125 -129.2262  -14.6756
    0.0302   -0.8281    0.5598
   -0.7892   -0.3635   -0.4951
    0.6134   -0.4268   -0.6645
...    67 G-C ...
  -79.4049 -130.9962  -16.9468
   -0.4576   -0.8609    0.2225
   -0.6210    0.1304   -0.7729
    0.6363   -0.4918   -0.5943
...    68 G-C ...
  -77.2121 -132.8937  -18.6836
   -0.7471   -0.6270   -0.2206
   -0.2447    0.5681   -0.7857
    0.6180   -0.5330   -0.5779
...    69 G-C ...
  -75.1390 -134.8906  -20.4560
   -0.7796   -0.1858   -0.5981
    0.2143    0.8181   -0.5336
    0.5884   -0.5442   -0.5980
...    70 A-T ...
  -73.1521 -136.7600  -22.2976
   -0.5010    0.3411   -0.7954
    0.6219    0.7810   -0.0568
    0.6019   -0.5231   -0.6034
...    71 T-A ...
  -71.6836 -138.9048  -24.3347
   -0.1123    0.6890   -0.7160
    0.7778    0.5093    0.3682
    0.6183   -0.5156   -0.5931
...    72 C-G ...
  -69.7201 -140.6547  -26.2908
    0.3251    0.8856   -0.3317
    0.6852    0.0212    0.7281
    0.6518   -0.4640   -0.5999
...    73 C-G ...
  -67.7279 -142.1023  -28.6012
    0.5449    0.8187    0.1811
    0.4122   -0.4496    0.7924
    0.7302   -0.3572   -0.5825
...    74 G-C ...
  -65.0812 -143.2425  -30.2881
    0.5352    0.5093    0.6739
    0.0931   -0.8285    0.5522
    0.8396   -0.2328   -0.4908
...    75 C-G ...
  -62.2227 -143.4302  -31.8938
    0.4346    0.0091    0.9006
   -0.1705   -0.9810    0.0922
    0.8843   -0.1936   -0.4248
...    76 T-A ...
  -59.1412 -143.7107  -33.0251
    0.2099   -0.4845    0.8493
   -0.3101   -0.8568   -0.4121
    0.9273   -0.1768   -0.3300
...    77 T-A ...
  -56.0295 -144.0737  -33.8658
    0.0046   -0.8862    0.4633
   -0.3492   -0.4356   -0.8296
    0.9370   -0.1580   -0.3115
...    78 T-A ...
  -52.8721 -144.4803  -34.5528
   -0.1558   -0.9814   -0.1125
   -0.2771    0.1527   -0.9486
    0.9481   -0.1166   -0.2957
...    79 A-T ...
  -49.7902 -144.4776  -35.9938
   -0.2137   -0.6514   -0.7280
   -0.1269    0.7574   -0.6405
    0.9686   -0.0445   -0.2445
...    80 T-A ...
  -46.5819 -145.2219  -36.4358
   -0.2137   -0.1700   -0.9620
   -0.0142    0.9852   -0.1709
    0.9768   -0.0229   -0.2129
...    81 C-G ...
  -43.3542 -145.3941  -37.0681
   -0.1921    0.4480   -0.8731
    0.0904    0.8940    0.4388
    0.9772    0.0054   -0.2123
...    82 A-T ...
  -40.0765 -145.2205  -37.5861
   -0.2089    0.8699   -0.4469
    0.1732    0.4827    0.8585
    0.9625    0.1019   -0.2515
...    83 T-A ...
  -37.1395 -145.0191  -39.0171
   -0.1237    0.9913    0.0441
    0.2442   -0.0127    0.9696
    0.9618    0.1307   -0.2405
...    84 G-C ...
  -33.9604 -144.2939  -39.7576
   -0.1338    0.7976    0.5882
    0.2925   -0.5353    0.7924
    0.9468    0.2781   -0.1617
...    85 T-A ...
  -31.1524 -142.8501  -40.5574
   -0.0382    0.3979    0.9166
    0.3353   -0.8590    0.3869
    0.9414    0.3221   -0.1005
...    86 T-A ...
  -28.2155 -141.5473  -40.8157
    0.1013   -0.1523    0.9831
    0.3283   -0.9277   -0.1775
    0.9391    0.3408   -0.0440
...    87 A-T ...
  -25.1376 -140.3128  -40.5769
    0.1558   -0.6734    0.7227
    0.2842   -0.6701   -0.6857
    0.9460    0.3122    0.0870
...    88 T-A ...
  -22.2647 -138.9757  -39.6790
    0.2815   -0.9177    0.2803
    0.1845   -0.2349   -0.9544
    0.9417    0.3204    0.1032
...    89 A-T ...
  -19.0903 -137.8828  -39.6582
    0.3698   -0.8523   -0.3700
   -0.0158    0.3924   -0.9197
    0.9290    0.3460    0.1317
...    90 A-T ...
  -16.0555 -136.9341  -38.9216
    0.3454   -0.4483   -0.8244
   -0.2390    0.8075   -0.5393
    0.9075    0.3833    0.1718
...    91 C-G ...
  -12.8797 -136.2288  -38.1648
    0.1706    0.0431   -0.9844
   -0.3912    0.9199   -0.0275
    0.9043    0.3898    0.1737
...    92 G-C ...
  -10.1143 -134.5282  -37.3999
   -0.1565    0.5114   -0.8450
   -0.4406    0.7296    0.5231
    0.8840    0.4541    0.1111
...    93 G-C ...
   -7.0297 -133.1953  -37.1796
   -0.4479    0.7755   -0.4450
   -0.3033    0.3364    0.8915
    0.8411    0.5343    0.0845
...    94 A-T ...
   -4.2679 -131.4963  -36.9774
   -0.5958    0.7920    0.1331
   -0.0038   -0.1686    0.9857
    0.8031    0.5867    0.1035
...    95 A-T ...
   -1.7859 -129.4437  -36.8300
   -0.5448    0.5410    0.6407
    0.3255   -0.5677    0.7561
    0.7728    0.6205    0.1332
...    96 C-G ...
    0.3295 -126.9644  -36.6835
   -0.3581    0.1422    0.9228
    0.5719   -0.7478    0.3372
    0.7380    0.6485    0.1865
...    97 A-T ...
    2.6548 -124.7279  -35.8270
   -0.1021   -0.3711    0.9230
    0.7226   -0.6653   -0.1876
    0.6837    0.6478    0.3361
...    98 C-G ...
    4.3565 -122.3210  -34.3604
    0.2527   -0.6832    0.6852
    0.6992   -0.3606   -0.6174
    0.6688    0.6350    0.3865
...    99 T-A ...
    6.3488 -120.2906  -32.6830
    0.5445   -0.8015    0.2472
    0.5046    0.0776   -0.8599
    0.6700    0.5930    0.4467
...   100 T-A ...
    8.3590 -118.4360  -30.9190
    0.7587   -0.5935   -0.2686
    0.1102    0.5233   -0.8450
    0.6420    0.6115    0.4624
...   101 T-A ...
   10.4014 -116.6467  -29.1158
    0.7148   -0.1585   -0.6811
   -0.3487    0.7635   -0.5436
    0.6061    0.6261    0.4905
...   102 A-T ...
   12.1087 -114.2296  -27.5251
    0.3624    0.3731   -0.8541
   -0.7323    0.6809   -0.0133
    0.5766    0.6303    0.5199
...   103 T-A ...
   14.5079 -112.5843  -25.9651
   -0.0512    0.6706   -0.7400
   -0.8237    0.3906    0.4110
    0.5647    0.6306    0.5324
...   104 G-C ...
   16.2116 -110.3484  -24.2012
   -0.5576    0.6990   -0.4477
   -0.6591   -0.0451    0.7507
    0.5046    0.7137    0.4859
...   105 C-G ...
   18.0509 -107.9031  -22.9972
   -0.8552    0.5181   -0.0161
   -0.2655   -0.4111    0.8721
    0.4452    0.7501    0.4891
...   106 T-A ...
   19.3417 -105.1863  -21.6659
   -0.9113    0.1664    0.3765
    0.2092   -0.6004    0.7718
    0.3545    0.7822    0.5124
...   107 T-A ...
   20.3008 -102.5031  -20.1519
   -0.6670   -0.2237    0.7107
    0.6756   -0.5836    0.4505
    0.3139    0.7807    0.5404
...   108 C-G ...
   21.0850  -99.9689  -18.2773
   -0.1860   -0.5597    0.8075
    0.9448   -0.3276   -0.0094
    0.2698    0.7612    0.5897
...   109 C-G ...
   21.5776  -97.5538  -15.9759
    0.3157   -0.7140    0.6250
    0.9156    0.0563   -0.3982
    0.2492    0.6979    0.6715
...   110 G-C ...
   22.7939  -95.4085  -13.7390
    0.7409   -0.6275    0.2396
    0.6125    0.4849   -0.6243
    0.2756    0.6093    0.7435
...   111 G-C ...
   23.7295  -93.6991  -10.9819
    0.9369   -0.3010   -0.1778
    0.1286    0.7697   -0.6253
    0.3251    0.5630    0.7598
...   112 C-G ...
   24.9087  -92.1906   -8.2691
    0.8481    0.1564   -0.5062
   -0.3996    0.8162   -0.4173
    0.3479    0.5562    0.7547
...   113 T-A ...
   26.3189  -90.5706   -5.7433
    0.4995    0.5448   -0.6736
   -0.7836    0.6157   -0.0831
    0.3695    0.5693    0.7345
...   114 C-G ...
   27.6169  -88.7550   -3.3374
   -0.0624    0.7908   -0.6089
   -0.9315    0.1729    0.3199
    0.3582    0.5872    0.7259
...   115 G-C ...
   28.4222  -86.8131   -0.7509
   -0.6010    0.6817   -0.4172
   -0.7471   -0.2936    0.5964
    0.2840    0.6701    0.6858
...   116 T-A ...
   29.6370  -84.3214    1.0284
   -0.9105    0.4044   -0.0869
   -0.3376   -0.6052    0.7210
    0.2390    0.6857    0.6875
...   117 A-T ...
   30.2239  -81.8186    3.1358
   -0.9736   -0.0812    0.2131
    0.2069   -0.7079    0.6754
    0.0960    0.7017    0.7060
...   118 T-A ...
   30.1748  -79.1358    5.0047
   -0.7497   -0.4392    0.4950
    0.6583   -0.5722    0.4892
    0.0684    0.6926    0.7181
...   119 A-T ...
   29.9547  -76.8587    7.4229
   -0.2895   -0.7689    0.5701
    0.9569   -0.2189    0.1907
   -0.0219    0.6007    0.7992
...   120 A-T ...
   29.5726  -74.9865   10.0353
    0.2881   -0.7730    0.5652
    0.9569    0.2544   -0.1398
   -0.0358    0.5812    0.8130
...   121 T-A ...
   28.8577  -73.4403   12.8485
    0.7263   -0.5461    0.4175
    0.6862    0.6122   -0.3929
   -0.0410    0.5718    0.8194
...   122 G-C ...
   29.0074  -71.5357   15.5566
    0.9868   -0.1511    0.0575
    0.1587    0.8370   -0.5237
    0.0310    0.5259    0.8500
...   123 T-A ...
   29.1866  -70.3617   18.6586
    0.9257    0.2988   -0.2319
   -0.3756    0.7983   -0.4708
    0.0445    0.5229    0.8512
...   124 G-C ...
   29.3091  -68.3896   21.3141
    0.5425    0.6644   -0.5141
   -0.8345    0.4968   -0.2384
    0.0970    0.5583    0.8239
...   125 T-A ...
   30.2132  -66.7480   24.0588
    0.0297    0.8169   -0.5760
   -0.9954    0.0766    0.0573
    0.0909    0.5717    0.8154
...   126 C-G ...
   30.6103  -64.8471   26.6962
   -0.5571    0.6923   -0.4586
   -0.8275   -0.4167    0.3762
    0.0693    0.5891    0.8051
...   127 G-C ...
   30.5397  -63.0737   29.5112
   -0.9188    0.2779   -0.2805
   -0.3922   -0.7243    0.5670
   -0.0456    0.6310    0.7745
...   128 A-T ...
   30.3926  -60.9338   31.9598
   -0.9743   -0.2202    0.0481
    0.2011   -0.7531    0.6264
   -0.1017    0.6200    0.7780
...   129 C-G ...
   29.7016  -58.5396   34.0946
   -0.7323   -0.6024    0.3176
    0.6647   -0.5308    0.5258
   -0.1482    0.5962    0.7891
...   130 C-G ...
   28.7374  -56.5411   36.6325
   -0.2586   -0.8524    0.4545
    0.9430   -0.1207    0.3101
   -0.2095    0.5088    0.8350
...   131 A-T ...
   27.9952  -55.0123   39.4972
    0.3197   -0.8387    0.4409
    0.9211    0.3843    0.0632
   -0.2224    0.3859    0.8953
...   132 A-T ...
   27.0600  -53.9982   42.4284
    0.7795   -0.4874    0.3935
    0.5844    0.7920   -0.1767
   -0.2255    0.3677    0.9022
...   133 A-T ...
   26.2466  -53.1097   45.4421
    0.9711    0.0432    0.2347
    0.0448    0.9331   -0.3568
   -0.2344    0.3570    0.9042
...   134 T-A ...
   25.6208  -52.5914   48.6400
    0.8597    0.5097    0.0340
   -0.4497    0.7866   -0.4231
   -0.2424    0.3485    0.9054
...   135 G-C ...
   25.2757  -52.5097   52.0791
    0.3204    0.9427   -0.0928
   -0.8825    0.2614   -0.3910
   -0.3443    0.2071    0.9157
...   136 T-A ...
   25.5257  -52.9788   55.8049
   -0.2439    0.9563   -0.1610
   -0.8908   -0.2866   -0.3525
   -0.3833    0.0575    0.9218
...   137 G-C ...
   24.8933  -52.7379   58.9865
   -0.7529    0.5562   -0.3519
   -0.5215   -0.8303   -0.1966
   -0.4015    0.0355    0.9152
...   138 A-T ...
   24.0143  -51.6375   61.9242
   -0.9563    0.0401   -0.2896
   -0.0524   -0.9980    0.0347
   -0.2876    0.0484    0.9565
...   139 G-C ...
   22.3466  -51.2413   64.4940
   -0.8529   -0.5118   -0.1033
    0.4974   -0.8566    0.1373
   -0.1587    0.0657    0.9851
...   140 C-G ...
   22.1503  -50.1499   67.4638
   -0.4681   -0.8748    0.1248
    0.8495   -0.4066    0.3362
   -0.2434    0.2634    0.9335
...   141 G-C ...
   21.4256  -51.8267   72.7876
    0.1303   -0.7143   -0.6876
    0.8897   -0.2218    0.3990
   -0.4375   -0.6638    0.6066
...   142 C-G ...
   20.4245  -54.3096   74.5418
    0.5846   -0.7390   -0.3348
    0.7594    0.3532    0.5465
   -0.2856   -0.5737    0.7676
...   143 T-A ...
   18.4271  -55.5291   76.5299
    0.8548   -0.5005    0.1370
    0.3188    0.7148    0.6224
   -0.4095   -0.4884    0.7706
...   144 C-G ...
   16.8371  -57.7223   78.2674
    0.8529   -0.0846    0.5151
   -0.1508    0.9048    0.3983
   -0.4998   -0.4174    0.7589
...   145 A-T ...
   15.7829  -59.5617   80.7981
    0.5516    0.4995    0.6680
   -0.6739    0.7388    0.0039
   -0.4916   -0.4523    0.7441
...   146 C-G ...
   15.7314  -61.4942   83.9316
    0.0344    0.7399    0.6718
   -0.8637    0.3602   -0.3526
   -0.5029   -0.5681    0.6514
...   147 A-T ...
   14.7383  -63.4280   86.8192
   -0.5924    0.6746    0.4405
   -0.6886   -0.1401   -0.7114
   -0.4182   -0.7248    0.5475
