  147 base-pairs
...     1 T-A ...
    0.0000    0.0000    0.0000
    1.0000    0.0000    0.0000
    0.0000    1.0000    0.0000
    0.0000    0.0000    1.0000
...     2 G-C ...
   -0.5555   -1.1003    3.3981
    0.7749    0.6051    0.1828
   -0.5991    0.7953   -0.0929
   -0.2016   -0.0375    0.9787
...     3 T-A ...
   -0.6619   -3.0237    6.5348
    0.3046    0.9250    0.2271
   -0.8994    0.3578   -0.2510
   -0.3134   -0.1278    0.9410
...     4 G-C ...
   -1.1607   -3.8418    9.6940
   -0.3351    0.9421    0.0133
   -0.8752   -0.3061   -0.3746
   -0.3489   -0.1372    0.9271
...     5 A-T ...
   -1.3881   -3.6770   12.8999
   -0.7835    0.6162   -0.0801
   -0.5677   -0.7622   -0.3109
   -0.2527   -0.1981    0.9470
...     6 G-C ...
   -2.6236   -3.5448   15.7072
   -0.9923    0.0611   -0.1075
   -0.0294   -0.9610   -0.2748
   -0.1201   -0.2695    0.9555
...     7 C-G ...
   -2.3138   -3.7570   18.8866
   -0.8620   -0.4995   -0.0864
    0.5008   -0.8655    0.0073
   -0.0785   -0.0370    0.9962
...     8 G-C ...
   -3.9561   -6.8109   23.3205
   -0.2581   -0.3560   -0.8981
    0.6294   -0.7673    0.1233
   -0.7330   -0.5335    0.4221
...     9 C-G ...
   -6.1177   -8.9414   24.2385
    0.1143   -0.7320   -0.6716
    0.8123   -0.3203    0.4874
   -0.5720   -0.6013    0.5580
...    10 T-A ...
   -8.5041   -9.6771   26.0540
    0.4660   -0.8587   -0.2131
    0.6274    0.1508    0.7640
   -0.6239   -0.4897    0.6090
...    11 C-G ...
  -11.0625  -11.3174   27.2336
    0.6660   -0.6911    0.2808
    0.3382    0.6152    0.7121
   -0.6649   -0.3794    0.6435
...    12 A-T ...
  -13.0013  -13.1789   29.0658
    0.7188   -0.1490    0.6790
   -0.1787    0.9043    0.3876
   -0.6718   -0.4000    0.6235
...    13 C-G ...
  -14.1788  -15.9359   31.3399
    0.4052    0.2865    0.8682
   -0.5270    0.8492   -0.0343
   -0.7470   -0.4437    0.4951
...    14 A-T ...
  -15.9532  -18.1566   33.3080
   -0.1503    0.6873    0.7107
   -0.6106    0.5008   -0.6135
   -0.7776   -0.5261    0.3444
...    15 A-T ...
  -18.3214  -19.9456   34.6295
   -0.4765    0.8460    0.2393
   -0.4028    0.0319   -0.9148
   -0.7815   -0.5322    0.3255
...    16 T-A ...
  -20.6711  -21.5162   36.3075
   -0.6045    0.7546   -0.2554
   -0.1032   -0.3921   -0.9141
   -0.7899   -0.5262    0.3149
...    17 T-A ...
  -23.2512  -23.0556   37.5104
   -0.5348    0.4238   -0.7310
    0.2546   -0.7441   -0.6176
   -0.8057   -0.5164    0.2900
...    18 T-A ...
  -25.9691  -24.4996   38.5007
   -0.2722   -0.0399   -0.9614
    0.5038   -0.8572   -0.1071
   -0.8198   -0.5135    0.2534
...    19 A-T ...
  -28.8742  -26.0432   39.0413
    0.1600   -0.4273   -0.8898
    0.5319   -0.7221    0.4424
   -0.8315   -0.5441    0.1117
...    20 T-A ...
  -31.8586  -27.3984   38.9134
    0.4195   -0.7198   -0.5531
    0.3706   -0.4204    0.8282
   -0.8287   -0.5524    0.0903
...    21 T-A ...
  -34.6023  -29.1274   38.9089
    0.5591   -0.8291    0.0078
    0.0574    0.0481    0.9972
   -0.8271   -0.5571    0.0745
...    22 C-G ...
  -37.2103  -31.1041   39.0470
    0.5041   -0.6328    0.5878
   -0.3028    0.5079    0.8065
   -0.8089   -0.5845    0.0644
...    23 G-C ...
  -39.9723  -32.8883   39.6547
    0.3068   -0.1925    0.9321
   -0.5693    0.7477    0.3418
   -0.7628   -0.6355    0.1198
...    24 C-G ...
  -42.2194  -35.3010   40.0729
   -0.0369    0.2653    0.9634
   -0.6520    0.7243   -0.2245
   -0.7574   -0.6364    0.1462
...    25 A-T ...
  -44.9040  -37.2182   40.4457
   -0.3543    0.6765    0.6456
   -0.5211    0.4305   -0.7370
   -0.7765   -0.5975    0.2000
...    26 A-T ...
  -47.3022  -39.2261   41.3363
   -0.6005    0.7917    0.1119
   -0.2118   -0.0225   -0.9771
   -0.7710   -0.6105    0.1812
...    27 A-T ...
  -49.7969  -41.1262   42.1751
   -0.6128    0.6412   -0.4618
    0.1765   -0.4585   -0.8710
   -0.7703   -0.6153    0.1678
...    28 G-C ...
  -52.4924  -42.9030   42.8855
   -0.3663    0.3594   -0.8583
    0.4721   -0.7231   -0.5042
   -0.8018   -0.5899    0.0952
...    29 G-C ...
  -55.4237  -44.5543   43.1621
    0.0298   -0.0153   -0.9994
    0.5786   -0.8151    0.0297
   -0.8151   -0.5791   -0.0154
...    30 C-G ...
  -58.3305  -46.0805   42.8506
    0.3893   -0.4089   -0.8254
    0.4570   -0.6923    0.5585
   -0.7997   -0.5946   -0.0827
...    31 C-G ...
  -61.0271  -47.9691   42.1079
    0.6527   -0.6498   -0.3895
    0.1476   -0.3953    0.9066
   -0.7431   -0.6492   -0.1621
...    32 G-C ...
  -63.2838  -50.4143   41.7719
    0.7091   -0.6781    0.1935
   -0.2821   -0.0213    0.9592
   -0.6463   -0.7347   -0.2064
...    33 G-C ...
  -65.1166  -53.0975   40.8499
    0.4896   -0.5248    0.6964
   -0.6507    0.3117    0.6924
   -0.5804   -0.7921   -0.1889
...    34 C-G ...
  -66.6473  -55.9561   40.1264
    0.0675   -0.2454    0.9671
   -0.8278    0.5273    0.1916
   -0.5570   -0.8135   -0.1675
...    35 C-G ...
  -68.3042  -58.8754   39.7690
   -0.3710    0.1289    0.9196
   -0.7441    0.5513   -0.3774
   -0.5556   -0.8243   -0.1086
...    36 C-G ...
  -70.0691  -61.7533   39.6748
   -0.6889    0.4559    0.5636
   -0.4245    0.3764   -0.8235
   -0.5876   -0.8065   -0.0657
...    37 G-C ...
  -72.1543  -64.2966   39.0335
   -0.7562    0.6544    0.0034
    0.0397    0.0510   -0.9979
   -0.6532   -0.7545   -0.0646
...    38 A-T ...
  -74.2753  -66.7953   38.9221
   -0.5673    0.5828   -0.5818
    0.4857   -0.3338   -0.8079
   -0.6650   -0.7409   -0.0936
...    39 C-G ...
  -76.8377  -68.8821   38.9703
   -0.2056    0.3532   -0.9127
    0.7118   -0.5861   -0.3871
   -0.6716   -0.7292   -0.1309
...    40 A-T ...
  -79.0386  -71.3384   38.4329
    0.3117    0.0646   -0.9480
    0.6909   -0.7004    0.1794
   -0.6523   -0.7109   -0.2630
...    41 C-G ...
  -81.4860  -73.1833   37.2540
    0.6579   -0.2638   -0.7054
    0.4236   -0.6449    0.6362
   -0.6227   -0.7173   -0.3125
...    42 G-C ...
  -83.2836  -75.8136   36.2427
    0.8669   -0.4584   -0.1961
   -0.0309   -0.4419    0.8965
   -0.4976   -0.7711   -0.3973
...    43 A-T ...
  -84.7508  -78.3633   34.8203
    0.7121   -0.5906    0.3796
   -0.5435   -0.1215    0.8306
   -0.4444   -0.7978   -0.4075
...    44 C-G ...
  -85.6657  -81.0172   33.0687
    0.3374   -0.5450    0.7676
   -0.8479    0.1783    0.4992
   -0.4089   -0.8193   -0.4019
...    45 T-A ...
  -86.6490  -83.9013   31.7673
   -0.1479   -0.3346    0.9307
   -0.9155    0.4023   -0.0008
   -0.3742   -0.8522   -0.3658
...    46 T-A ...
  -87.5625  -86.8083   30.6122
   -0.6659   -0.0759    0.7421
   -0.6604    0.5227   -0.5391
   -0.3470   -0.8491   -0.3982
...    47 A-T ...
  -88.8656  -89.3782   28.8223
   -0.9531    0.2305    0.1963
   -0.0686    0.4670   -0.8816
   -0.2949   -0.8537   -0.4292
...    48 C-G ...
  -89.9733  -92.4085   27.9707
   -0.8431    0.4494   -0.2953
    0.4473    0.2813   -0.8490
   -0.2985   -0.8479   -0.4382
...    49 T-A ...
  -91.2374  -95.2024   26.6935
   -0.4631    0.5747   -0.6747
    0.8278    0.0084   -0.5610
   -0.3167   -0.8183   -0.4796
...    50 G-C ...
  -92.2299  -97.8487   24.9269
    0.1129    0.5774   -0.8086
    0.9452   -0.3132   -0.0917
   -0.3063   -0.7540   -0.5811
...    51 T-A ...
  -93.7482  -99.9674   22.9192
    0.5979    0.3789   -0.7064
    0.7554   -0.5610    0.3385
   -0.2681   -0.7360   -0.6217
...    52 A-T ...
  -94.6438 -102.1052   20.5167
    0.9403    0.1507   -0.3051
    0.3184   -0.7056    0.6330
   -0.1199   -0.6924   -0.7115
...    53 G-C ...
  -94.9182 -104.1119   17.9195
    0.9781   -0.1599    0.1336
   -0.2078   -0.7043    0.6788
   -0.0145   -0.6917   -0.7220
...    54 G-C ...
  -94.4683 -106.2387   15.3431
    0.7159   -0.4341    0.5469
   -0.6905   -0.5561    0.4625
    0.1034   -0.7088   -0.6978
...    55 T-A ...
  -93.5233 -108.3005   12.9541
    0.2510   -0.6365    0.7293
   -0.9578   -0.2723    0.0920
    0.1400   -0.7216   -0.6780
...    56 A-T ...
  -93.3242 -110.7777   10.7049
   -0.3889   -0.6743    0.6278
   -0.9056    0.1545   -0.3950
    0.1694   -0.7221   -0.6707
...    57 T-A ...
  -92.2073 -113.3290    8.9079
   -0.7926   -0.5207    0.3172
   -0.5782    0.4768   -0.6621
    0.1935   -0.7082   -0.6790
...    58 C-G ...
  -91.5664 -115.7536    6.7731
   -0.9792   -0.1403   -0.1463
    0.0083    0.6932   -0.7207
    0.2025   -0.7070   -0.6776
...    59 T-A ...
  -91.0639 -118.3092    4.7058
   -0.8303    0.2691   -0.4880
    0.5263    0.6663   -0.5282
    0.1830   -0.6954   -0.6949
...    60 C-G ...
  -90.4956 -120.6730    2.4920
   -0.3661    0.6278   -0.6869
    0.9101    0.3955   -0.1236
    0.1940   -0.6704   -0.7162
...    61 G-C ...
  -89.4745 -122.8372    0.1618
    0.1587    0.8291   -0.5361
    0.9580    0.0020    0.2868
    0.2389   -0.5591   -0.7939
...    62 A-T ...
  -88.7839 -124.6437   -2.4486
    0.6543    0.7244   -0.2172
    0.6974   -0.4668    0.5438
    0.2925   -0.5073   -0.8106
...    63 G-C ...
  -87.8851 -125.9917   -5.3073
    0.8776    0.4445    0.1797
    0.2767   -0.7756    0.5674
    0.3916   -0.4482   -0.8036
...    64 C-G ...
  -86.4730 -126.9374   -8.1110
    0.8572    0.0046    0.5150
   -0.2119   -0.9083    0.3607
    0.4694   -0.4183   -0.7776
...    65 T-A ...
  -84.6078 -127.9748  -10.6121
    0.5846   -0.4240    0.6917
   -0.5877   -0.8091    0.0007
    0.5593   -0.4069   -0.7222
...    66 C-G ...
  -82.5667 -129.3420  -12.7581
    0.1203   -0.8010    0.5865
   -0.7885   -0.4360   -0.4337
    0.6031   -0.4103   -0.6841
...    67 G-C ...
  -80.8665 -131.0953  -15.0440
   -0.3809   -0.8804    0.2825
   -0.6699    0.0521   -0.7406
    0.6373   -0.4714   -0.6096
...    68 G-C ...
  -78.6436 -132.9217  -16.8173
   -0.7089   -0.6887   -0.1519
   -0.3270    0.5118   -0.7944
    0.6249   -0.5135   -0.5881
...    69 G-C ...
  -76.5281 -134.8504  -18.6138
   -0.7923   -0.2712   -0.5466
    0.1248    0.8048   -0.5803
    0.5973   -0.5280   -0.6037
...    70 A-T ...
  -74.4973 -136.6585  -20.4691
   -0.5630    0.2626   -0.7836
    0.5566    0.8214   -0.1246
    0.6109   -0.5063   -0.6086
...    71 T-A ...
  -72.9648 -138.7899  -22.4751
   -0.1978    0.6409   -0.7417
    0.7521    0.5845    0.3045
    0.6286   -0.4976   -0.5977
...    72 C-G ...
  -70.9628 -140.4942  -24.4326
    0.2395    0.8891   -0.3901
    0.7126    0.1120    0.6926
    0.6594   -0.4439   -0.6067
...    73 C-G ...
  -68.9733 -141.9200  -26.7593
    0.4834    0.8680    0.1137
    0.4797   -0.3713    0.7950
    0.7323   -0.3298   -0.5958
...    74 G-C ...
  -66.3212 -142.9389  -28.5087
    0.5144    0.5902    0.6221
    0.1834   -0.7844    0.5925
    0.8377   -0.1907   -0.5117
...    75 C-G ...
  -63.5216 -142.9769  -30.2170
    0.4626    0.1007    0.8808
   -0.0813   -0.9845    0.1552
    0.8828   -0.1434   -0.4473
...    76 T-A ...
  -60.4682 -143.0586  -31.4424
    0.2778   -0.4090    0.8692
   -0.2453   -0.9050   -0.3475
    0.9288   -0.1167   -0.3517
...    77 T-A ...
  -57.3632 -143.2065  -32.3631
    0.0955   -0.8492    0.5194
   -0.3319   -0.5191   -0.7876
    0.9385   -0.0972   -0.3314
...    78 T-A ...
  -54.2016 -143.3862  -33.1201
   -0.0710   -0.9966   -0.0413
   -0.3135    0.0616   -0.9476
    0.9469   -0.0544   -0.3169
...    79 A-T ...
  -51.1697 -143.2213  -34.6485
   -0.1707   -0.7181   -0.6747
   -0.2090    0.6956   -0.6874
    0.9629    0.0237   -0.2688
...    80 A-T ...
  -47.9714 -143.3891  -35.2908
   -0.2008   -0.1779   -0.9633
   -0.1005    0.9819   -0.1604
    0.9745    0.0646   -0.2150
...    81 C-G ...
  -44.7484 -143.7669  -36.0406
   -0.2322    0.3629   -0.9024
    0.0013    0.9279    0.3728
    0.9727    0.0854   -0.2159
...    82 A-T ...
  -41.5021 -143.3130  -36.5706
   -0.2905    0.8102   -0.5090
    0.1199    0.5586    0.8207
    0.9493    0.1774   -0.2595
...    83 C-G ...
  -38.5710 -142.8943  -37.9699
   -0.2426    0.9701   -0.0062
    0.2430    0.0669    0.9677
    0.9392    0.2333   -0.2520
...    84 T-A ...
  -35.6411 -141.8880  -39.0644
   -0.1914    0.8403    0.5073
    0.3445   -0.4264    0.8364
    0.9191    0.3348   -0.2078
...    85 T-A ...
  -32.7945 -140.5896  -39.8161
   -0.0403    0.4518    0.8912
    0.4094   -0.8062    0.4272
    0.9115    0.3821   -0.1524
...    86 T-A ...
  -29.9734 -139.0957  -40.2487
    0.1370   -0.0799    0.9873
    0.3924   -0.9108   -0.1282
    0.9095    0.4050   -0.0934
...    87 A-T ...
  -27.0093 -137.5936  -40.1448
    0.2138   -0.6087    0.7640
    0.3222   -0.6944   -0.6434
    0.9222    0.3837    0.0476
...    88 T-A ...
  -24.2295 -135.9983  -39.3919
    0.3496   -0.8736    0.3386
    0.1893   -0.2881   -0.9387
    0.9176    0.3922    0.0647
...    89 G-C ...
  -21.0912 -134.9401  -39.3635
    0.3488   -0.8980   -0.2683
    0.0003    0.2864   -0.9581
    0.9372    0.3341    0.1001
...    90 C-G ...
  -17.9306 -134.1038  -38.7238
    0.2844   -0.5937   -0.7527
   -0.1774    0.7390   -0.6499
    0.9421    0.3184    0.1048
...    91 T-A ...
  -14.7208 -133.3550  -38.2910
    0.1324   -0.1132   -0.9847
   -0.3012    0.9419   -0.1488
    0.9443    0.3163    0.0906
...    92 T-A ...
  -11.5668 -132.6237  -37.9183
   -0.0312    0.4620   -0.8863
   -0.3517    0.8250    0.4424
    0.9356    0.3255    0.1368
...    93 C-G ...
   -8.4643 -131.6515  -37.4638
   -0.2674    0.8444   -0.4641
   -0.2897    0.3890    0.8745
    0.9190    0.3683    0.1406
...    94 A-T ...
   -5.4474 -130.3652  -36.8744
   -0.5046    0.8599    0.0769
   -0.0887   -0.1403    0.9861
    0.8588    0.4907    0.1471
...    95 T-A ...
   -2.7682 -128.5099  -36.9986
   -0.5192    0.6592    0.5440
    0.1708   -0.5436    0.8218
    0.8374    0.5195    0.1696
...    96 G-C ...
   -0.1800 -126.5417  -36.2022
   -0.4811    0.1753    0.8590
    0.4552   -0.7874    0.4156
    0.7492    0.5910    0.2990
...    97 T-A ...
    1.7859 -124.1252  -35.2216
   -0.2302   -0.2846    0.9306
    0.6560   -0.7518   -0.0677
    0.7188    0.5949    0.3598
...    98 T-A ...
    3.8817 -122.0424  -33.9082
    0.1550   -0.6669    0.7288
    0.6942   -0.4514   -0.5607
    0.7029    0.5929    0.3930
...    99 A-T ...
    6.2731 -120.1926  -32.5161
    0.5031   -0.8281    0.2474
    0.5067    0.0507   -0.8606
    0.7001    0.5583    0.4451
...   100 T-A ...
    8.2561 -118.5570  -30.4331
    0.7056   -0.6756   -0.2139
    0.1868    0.4685   -0.8635
    0.6836    0.5693    0.4567
...   101 A-T ...
   10.4354 -116.2852  -29.2138
    0.7038   -0.1883   -0.6849
   -0.3125    0.7839   -0.5366
    0.6379    0.5917    0.4929
...   102 A-T ...
   12.6225 -114.6239  -27.4562
    0.4242    0.3245   -0.8454
   -0.6758    0.7348   -0.0571
    0.6027    0.5956    0.5310
...   103 C-G ...
   15.0474 -113.0501  -25.8222
    0.0005    0.6506   -0.7594
   -0.8053    0.4505    0.3854
    0.5929    0.6114    0.5242
...   104 G-C ...
   16.6687 -110.9334  -23.8172
   -0.5101    0.7096   -0.4861
   -0.6841    0.0079    0.7294
    0.5214    0.7046    0.4813
...   105 G-C ...
   18.5474 -108.4815  -22.4871
   -0.8473    0.5247   -0.0828
   -0.3127   -0.3667    0.8762
    0.4294    0.7683    0.4748
...   106 A-T ...
   19.8943 -105.9130  -21.0310
   -0.9051    0.1683    0.3904
    0.2237   -0.5924    0.7740
    0.3616    0.7879    0.4985
...   107 T-A ...
   20.6847 -102.9774  -19.8428
   -0.6935   -0.1715    0.6997
    0.6407   -0.5909    0.4902
    0.3294    0.7883    0.5197
...   108 C-G ...
   21.5142 -100.4085  -18.0367
   -0.2289   -0.5236    0.8207
    0.9318   -0.3619    0.0290
    0.2818    0.7713    0.5707
...   109 C-G ...
   22.0298  -97.9403  -15.7956
    0.2719   -0.7035    0.6566
    0.9279    0.0108   -0.3727
    0.2551    0.7106    0.6557
...   110 G-C ...
   23.2594  -95.7772  -13.5784
    0.7115   -0.6444    0.2802
    0.6469    0.4451   -0.6192
    0.2743    0.6218    0.7336
...   111 G-C ...
   24.1780  -94.0243  -10.8404
    0.9315   -0.3354   -0.1408
    0.1722    0.7476   -0.6415
    0.3204    0.5733    0.7541
...   112 C-G ...
   25.3260  -92.4777   -8.1319
    0.8673    0.1179   -0.4836
   -0.3617    0.8167   -0.4496
    0.3420    0.5648    0.7510
...   113 T-A ...
   26.7039  -90.8351   -5.5996
    0.5346    0.5153   -0.6698
   -0.7631    0.6349   -0.1205
    0.3632    0.5756    0.7327
...   114 C-G ...
   27.9751  -89.0028   -3.1883
   -0.0237    0.7799   -0.6255
   -0.9358    0.2028    0.2883
    0.3517    0.5922    0.7250
...   115 G-C ...
   28.7449  -87.0403   -0.6015
   -0.5722    0.6889   -0.4450
   -0.7708   -0.2664    0.5786
    0.2801    0.6741    0.6835
...   116 T-A ...
   29.9661  -84.5496    1.1779
   -0.8982    0.4234   -0.1180
   -0.3712   -0.5871    0.7194
    0.2354    0.6900    0.6845
...   117 A-T ...
   30.5514  -82.0455    3.2850
   -0.9799   -0.0581    0.1908
    0.1758   -0.7037    0.6885
    0.0942    0.7082    0.6997
...   118 T-A ...
   30.5132  -79.3411    5.1227
   -0.7697   -0.4183    0.4823
    0.6350   -0.5795    0.5108
    0.0658    0.6994    0.7117
...   119 A-T ...
   30.2822  -77.0348    7.5146
   -0.3164   -0.7576    0.5709
    0.9482   -0.2344    0.2143
   -0.0285    0.6092    0.7925
...   120 A-T ...
   29.8794  -75.1314   10.1013
    0.2623   -0.7727    0.5781
    0.9640    0.2366   -0.1211
   -0.0432    0.5890    0.8070
...   121 T-A ...
   29.1314  -73.5486   12.8856
    0.7082   -0.5544    0.4372
    0.7044    0.5975   -0.3833
   -0.0487    0.5793    0.8136
...   122 G-C ...
   29.2560  -71.6228   15.5826
    0.9831   -0.1651    0.0787
    0.1816    0.8306   -0.5265
    0.0215    0.5319    0.8466
...   123 T-A ...
   29.3886  -70.4282   18.6808
    0.9339    0.2850   -0.2157
   -0.3558    0.7998   -0.4834
    0.0348    0.5282    0.8484
...   124 G-C ...
   29.4755  -68.4341   21.3236
    0.5589    0.6560   -0.5072
   -0.8246    0.5043   -0.2564
    0.0876    0.5615    0.8228
...   125 T-A ...
   30.3446  -66.7880   24.0792
    0.0472    0.8143   -0.5785
   -0.9955    0.0858    0.0396
    0.0819    0.5741    0.8147
...   126 C-G ...
   30.7100  -64.8813   26.7196
   -0.5447    0.6953   -0.4689
   -0.8364   -0.4096    0.3641
    0.0611    0.5906    0.8047
...   127 G-C ...
   30.6045  -63.1072   29.5371
   -0.9134    0.2833   -0.2923
   -0.4038   -0.7214    0.5626
   -0.0515    0.6319    0.7733
...   128 A-T ...
   30.4406  -60.9657   31.9862
   -0.9758   -0.2151    0.0383
    0.1909   -0.7538    0.6288
   -0.1064    0.6209    0.7766
...   129 C-G ...
   29.7395  -58.5666   34.1154
   -0.7374   -0.5991    0.3119
    0.6581   -0.5332    0.5316
   -0.1522    0.5973    0.7875
...   130 C-G ...
   28.7664  -56.5604   36.6460
   -0.2641   -0.8513    0.4534
    0.9406   -0.1234    0.3162
   -0.2133    0.5100    0.8333
...   131 A-T ...
   28.0128  -55.0243   39.5062
    0.3160   -0.8389    0.4431
    0.9215    0.3825    0.0670
   -0.2257    0.3871    0.8940
...   132 A-T ...
   27.0694  -54.0038   42.4326
    0.7777   -0.4881    0.3961
    0.5858    0.7913   -0.1752
   -0.2279    0.3683    0.9014
...   133 A-T ...
   26.2500  -53.1102   45.4431
    0.9708    0.0427    0.2359
    0.0457    0.9331   -0.3568
   -0.2353    0.3571    0.9039
...   134 T-A ...
   25.6209  -52.5913   48.6400
    0.8597    0.5097    0.0340
   -0.4497    0.7866   -0.4231
   -0.2424    0.3485    0.9054
...   135 G-C ...
   25.2757  -52.5095   52.0791
    0.3204    0.9427   -0.0928
   -0.8825    0.2614   -0.3910
   -0.3443    0.2071    0.9157
...   136 T-A ...
   25.5258  -52.9786   55.8049
   -0.2439    0.9563   -0.1610
   -0.8908   -0.2866   -0.3525
   -0.3833    0.0575    0.9218
...   137 G-C ...
   24.8933  -52.7377   58.9865
   -0.7529    0.5562   -0.3519
   -0.5215   -0.8303   -0.1966
   -0.4015    0.0355    0.9152
...   138 A-T ...
   24.0143  -51.6373   61.9242
   -0.9563    0.0401   -0.2896
   -0.0524   -0.9980    0.0347
   -0.2876    0.0484    0.9565
...   139 G-C ...
   22.3467  -51.2411   64.4940
   -0.8529   -0.5118   -0.1033
    0.4974   -0.8566    0.1373
   -0.1587    0.0657    0.9851
...   140 C-G ...
   22.1503  -50.1498   67.4638
   -0.4681   -0.8748    0.1248
    0.8495   -0.4066    0.3362
   -0.2434    0.2634    0.9335
...   141 G-C ...
   21.4257  -51.8266   72.7876
    0.1303   -0.7143   -0.6876
    0.8897   -0.2218    0.3990
   -0.4375   -0.6638    0.6066
...   142 C-G ...
   20.4246  -54.3094   74.5418
    0.5846   -0.7390   -0.3348
    0.7594    0.3532    0.5465
   -0.2856   -0.5737    0.7676
...   143 T-A ...
   18.4271  -55.5289   76.5299
    0.8548   -0.5005    0.1370
    0.3188    0.7148    0.6224
   -0.4095   -0.4884    0.7706
...   144 C-G ...
   16.8371  -57.7222   78.2674
    0.8529   -0.0846    0.5151
   -0.1508    0.9048    0.3983
   -0.4998   -0.4174    0.7589
...   145 A-T ...
   15.7829  -59.5615   80.7981
    0.5516    0.4995    0.6680
   -0.6739    0.7388    0.0039
   -0.4916   -0.4523    0.7441
...   146 C-G ...
   15.7314  -61.4940   83.9316
    0.0344    0.7399    0.6718
   -0.8637    0.3602   -0.3526
   -0.5029   -0.5681    0.6514
...   147 A-T ...
   14.7383  -63.4278   86.8192
   -0.5924    0.6746    0.4405
   -0.6886   -0.1401   -0.7114
   -0.4182   -0.7248    0.5475
