  147 base-pairs
...     1 T-A ...
    0.0000    0.0000    0.0000
    1.0000    0.0000    0.0000
    0.0000    1.0000    0.0000
    0.0000    0.0000    1.0000
...     2 G-C ...
   -0.5555   -1.1003    3.3981
    0.7749    0.6051    0.1828
   -0.5991    0.7953   -0.0929
   -0.2016   -0.0375    0.9787
...     3 T-A ...
   -0.6619   -3.0237    6.5348
    0.3046    0.9250    0.2271
   -0.8994    0.3578   -0.2510
   -0.3134   -0.1278    0.9410
...     4 G-C ...
   -1.1607   -3.8418    9.6940
   -0.3351    0.9421    0.0133
   -0.8752   -0.3061   -0.3746
   -0.3489   -0.1372    0.9271
...     5 A-T ...
   -1.3881   -3.6770   12.8999
   -0.7835    0.6162   -0.0801
   -0.5677   -0.7622   -0.3109
   -0.2527   -0.1981    0.9470
...     6 G-C ...
   -2.6236   -3.5448   15.7072
   -0.9923    0.0611   -0.1075
   -0.0294   -0.9610   -0.2748
   -0.1201   -0.2695    0.9555
...     7 C-G ...
   -2.3138   -3.7570   18.8866
   -0.8620   -0.4995   -0.0864
    0.5008   -0.8655    0.0073
   -0.0785   -0.0370    0.9962
...     8 G-C ...
   -3.9561   -6.8109   23.3205
   -0.2581   -0.3560   -0.8981
    0.6294   -0.7673    0.1233
   -0.7330   -0.5335    0.4221
...     9 C-G ...
   -6.1177   -8.9414   24.2385
    0.1143   -0.7320   -0.6716
    0.8123   -0.3203    0.4874
   -0.5720   -0.6013    0.5580
...    10 T-A ...
   -8.5041   -9.6771   26.0540
    0.4660   -0.8587   -0.2131
    0.6274    0.1508    0.7640
   -0.6239   -0.4897    0.6090
...    11 C-G ...
  -11.0625  -11.3174   27.2336
    0.6660   -0.6911    0.2808
    0.3382    0.6152    0.7121
   -0.6649   -0.3794    0.6435
...    12 A-T ...
  -13.0013  -13.1789   29.0658
    0.7188   -0.1490    0.6790
   -0.1787    0.9043    0.3876
   -0.6718   -0.4000    0.6235
...    13 C-G ...
  -14.1788  -15.9359   31.3399
    0.4052    0.2865    0.8682
   -0.5270    0.8492   -0.0343
   -0.7470   -0.4437    0.4951
...    14 A-T ...
  -15.9532  -18.1566   33.3080
   -0.1503    0.6873    0.7107
   -0.6106    0.5008   -0.6135
   -0.7776   -0.5261    0.3444
...    15 A-T ...
  -18.3165  -19.9431   34.6406
   -0.4760    0.8455    0.2422
   -0.4067    0.0326   -0.9130
   -0.7798   -0.5331    0.3284
...    16 T-A ...
  -20.6550  -21.5190   36.3327
   -0.6085    0.7532   -0.2499
   -0.1085   -0.3909   -0.9140
   -0.7861   -0.5291    0.3195
...    17 T-A ...
  -23.2171  -23.0671   37.5678
   -0.5471    0.4203   -0.7239
    0.2527   -0.7415   -0.6215
   -0.7980   -0.5230    0.2994
...    18 T-A ...
  -25.9100  -24.5281   38.6067
   -0.2894   -0.0438   -0.9562
    0.5111   -0.8517   -0.1157
   -0.8093   -0.5222    0.2689
...    19 A-T ...
  -28.7779  -26.1056   39.2231
    0.1430   -0.4280   -0.8924
    0.5523   -0.7137    0.4307
   -0.8213   -0.5545    0.1343
...    20 T-A ...
  -31.7464  -27.4991   39.1783
    0.4142   -0.7147   -0.5635
    0.3997   -0.4134    0.8181
   -0.8177   -0.5641    0.1144
...    21 T-A ...
  -34.4608  -29.2681   39.2560
    0.5749   -0.8181   -0.0118
    0.0887    0.0480    0.9949
   -0.8134   -0.5730    0.1002
...    22 C-G ...
  -37.0204  -31.2913   39.4743
    0.5418   -0.6223    0.5650
   -0.2832    0.4978    0.8198
   -0.7914   -0.6042    0.0934
...    23 G-C ...
  -39.6891  -33.1675   40.1821
    0.3584   -0.1871    0.9147
   -0.5739    0.7286    0.3739
   -0.7363   -0.6589    0.1537
...    24 C-G ...
  -41.8205  -35.6528   40.7151
    0.0083    0.2592    0.9658
   -0.6871    0.7032   -0.1828
   -0.7265   -0.6621    0.1840
...    25 A-T ...
  -44.3990  -37.6678   41.2579
   -0.3355    0.6601    0.6721
   -0.5823    0.4156   -0.6988
   -0.7406   -0.6258    0.2449
...    26 A-T ...
  -46.6581  -39.7644   42.2965
   -0.6211    0.7674    0.1589
   -0.2764   -0.0248   -0.9607
   -0.7333   -0.6406    0.2276
...    27 A-T ...
  -49.0120  -41.7651   43.2989
   -0.6713    0.6162   -0.4118
    0.1339   -0.4456   -0.8852
   -0.7289   -0.6494    0.2166
...    28 G-C ...
  -51.5641  -43.6664   44.1925
   -0.4469    0.3451   -0.8254
    0.4664   -0.6974   -0.5441
   -0.7634   -0.6281    0.1507
...    29 G-C ...
  -54.3740  -45.4666   44.6996
   -0.0492   -0.0106   -0.9987
    0.6206   -0.7838   -0.0223
   -0.7826   -0.6209    0.0452
...    30 C-G ...
  -57.2107  -47.1435   44.6330
    0.3415   -0.3841   -0.8578
    0.5396   -0.6671    0.5135
   -0.7695   -0.6383   -0.0205
...    31 C-G ...
  -59.8663  -49.1603   44.1197
    0.6543   -0.6070   -0.4509
    0.2511   -0.3881    0.8868
   -0.7133   -0.6935   -0.1016
...    32 G-C ...
  -61.9964  -51.7242   43.9564
    0.7700   -0.6268    0.1189
   -0.1868   -0.0433    0.9814
   -0.6100   -0.7780   -0.1504
...    33 G-C ...
  -63.7045  -54.5284   43.1783
    0.5970   -0.4866    0.6378
   -0.5984    0.2595    0.7580
   -0.5343   -0.8342   -0.1363
...    34 C-G ...
  -65.0586  -57.4968   42.5932
    0.1915   -0.2394    0.9518
   -0.8423    0.4577    0.2846
   -0.5038   -0.8563   -0.1141
...    35 C-G ...
  -66.4846  -60.5482   42.4171
   -0.2729    0.0979    0.9571
   -0.8271    0.4842   -0.2853
   -0.4913   -0.8695   -0.0512
...    36 C-G ...
  -67.9975  -63.5625   42.5356
   -0.6550    0.3936    0.6450
   -0.5524    0.3330   -0.7642
   -0.5156   -0.8568   -0.0006
...    37 G-C ...
  -69.9204  -66.2719   42.1475
   -0.8098    0.5781    0.1002
   -0.0900    0.0463   -0.9949
   -0.5798   -0.8146    0.0145
...    38 A-T ...
  -71.7868  -68.9648   42.2994
   -0.6930    0.5158   -0.5037
    0.4107   -0.2918   -0.8638
   -0.5925   -0.8055   -0.0097
...    39 C-G ...
  -74.0952  -71.3056   42.6711
   -0.3584    0.3172   -0.8781
    0.7137   -0.5132   -0.4767
   -0.6018   -0.7975   -0.0425
...    40 A-T ...
  -76.0582  -73.9939   42.4410
    0.1742    0.0813   -0.9813
    0.7818   -0.6173    0.0877
   -0.5987   -0.7825   -0.1712
...    41 C-G ...
  -78.4185  -76.1195   41.6135
    0.5821   -0.2014   -0.7878
    0.5767   -0.5807    0.5746
   -0.5733   -0.7888   -0.2219
...    42 G-C ...
  -80.0432  -78.9411   40.8847
    0.8808   -0.3540   -0.3145
    0.1498   -0.4218    0.8942
   -0.4492   -0.8347   -0.3185
...    43 A-T ...
  -81.3709  -81.6742   39.7022
    0.8309   -0.4838    0.2747
   -0.3969   -0.1696    0.9020
   -0.3899   -0.8586   -0.3330
...    44 C-G ...
  -82.1650  -84.4612   38.1256
    0.5200   -0.4721    0.7119
   -0.7805    0.0760    0.6205
   -0.3470   -0.8783   -0.3289
...    45 T-A ...
  -82.9081  -87.4870   37.0176
    0.0481   -0.3206    0.9460
   -0.9532    0.2684    0.1394
   -0.2986   -0.9084   -0.2927
...    46 T-A ...
  -83.5551  -90.5329   36.0672
   -0.5190   -0.1421    0.8429
   -0.8089    0.4004   -0.4306
   -0.2763   -0.9053   -0.3227
...    47 A-T ...
  -84.7252  -93.3461   34.6000
   -0.9294    0.0970    0.3562
   -0.2882    0.4123   -0.8643
   -0.2307   -0.9059   -0.3553
...    48 C-G ...
  -85.4926  -96.5415   34.0166
   -0.9410    0.3034   -0.1497
    0.2446    0.3046   -0.9205
   -0.2337   -0.9029   -0.3609
...    49 T-A ...
  -86.5062  -99.5512   33.0481
   -0.6601    0.4601   -0.5938
    0.7051    0.1069   -0.7010
   -0.2591   -0.8814   -0.3949
...    50 G-C ...
  -87.3328 -102.4094   31.5614
   -0.1277    0.5391   -0.8325
    0.9535   -0.1643   -0.2527
   -0.2730   -0.8261   -0.4930
...    51 T-A ...
  -88.8031 -104.8667   29.9369
    0.3908    0.4250   -0.8165
    0.8876   -0.4091    0.2118
   -0.2440   -0.8074   -0.5371
...    52 A-T ...
  -89.7536 -107.2579   27.8123
    0.8281    0.2873   -0.4814
    0.5476   -0.5981    0.5851
   -0.1198   -0.7482   -0.6526
...    53 G-C ...
  -90.1280 -109.4449   25.3858
    0.9985    0.0250   -0.0496
    0.0534   -0.6796    0.7317
   -0.0155   -0.7332   -0.6799
...    54 G-C ...
  -89.7731 -111.6232   22.8427
    0.8741   -0.2507    0.4160
   -0.4729   -0.6350    0.6108
    0.1111   -0.7307   -0.6737
...    55 T-A ...
  -88.8921 -113.6517   20.4160
    0.5038   -0.5117    0.6960
   -0.8495   -0.4397    0.2916
    0.1568   -0.7381   -0.6562
...    56 A-T ...
  -88.4698 -116.2213   18.3364
   -0.1034   -0.6566    0.7471
   -0.9754   -0.0801   -0.2054
    0.1947   -0.7499   -0.6322
...    57 T-A ...
  -87.1779 -118.6967   16.5606
   -0.5797   -0.6245    0.5234
   -0.7863    0.2604   -0.5602
    0.2136   -0.7363   -0.6420
...    58 C-G ...
  -86.4489 -121.2137   14.5747
   -0.9307   -0.3561    0.0841
   -0.2890    0.5745   -0.7658
    0.2244   -0.7370   -0.6376
...    59 T-A ...
  -85.7868 -123.8771   12.7035
   -0.9477    0.0180   -0.3187
    0.2460    0.6773   -0.6934
    0.2034   -0.7355   -0.6463
...    60 C-G ...
  -85.1284 -126.3704   10.6657
   -0.6262    0.4260   -0.6530
    0.7514    0.5531   -0.3597
    0.2080   -0.7159   -0.6665
...    61 G-C ...
  -84.0602 -128.5983    8.4288
   -0.1438    0.7463   -0.6499
    0.9659    0.2488    0.0720
    0.2154   -0.6173   -0.7566
...    62 A-T ...
  -83.4530 -130.6380    5.9751
    0.4110    0.7988   -0.4393
    0.8754   -0.2112    0.4349
    0.2546   -0.5633   -0.7861
...    63 G-C ...
  -82.7923 -132.2339    3.1840
    0.7599    0.6462   -0.0711
    0.5541   -0.5866    0.5906
    0.3399   -0.4882   -0.8038
...    64 T-A ...
  -81.8236 -133.2584    0.2499
    0.9083    0.3002    0.2912
    0.1069   -0.8398    0.5323
    0.4044   -0.4524   -0.7949
...    65 C-G ...
  -80.2803 -134.5616   -2.2836
    0.7812   -0.1944    0.5933
   -0.4023   -0.8834    0.2402
    0.4774   -0.4263   -0.7683
...    66 A-T ...
  -78.5078 -136.0541   -4.6695
    0.3778   -0.5950    0.7094
   -0.7212   -0.6696   -0.1776
    0.5807   -0.4445   -0.6821
...    67 T-A ...
  -76.0666 -137.1295   -6.6052
   -0.0300   -0.8554    0.5171
   -0.8035   -0.2871   -0.5215
    0.5945   -0.4311   -0.6787
...    68 G-C ...
  -74.3607 -138.7651   -8.9209
   -0.5139   -0.8450    0.1480
   -0.6120    0.2402   -0.7535
    0.6011   -0.4779   -0.6406
...    69 T-A ...
  -72.0888 -140.6154  -10.5402
   -0.7526   -0.5971   -0.2776
   -0.2502    0.6493   -0.7182
    0.6091   -0.4711   -0.6380
...    70 T-A ...
  -70.0007 -142.3576  -12.3470
   -0.7234   -0.1371   -0.6767
    0.2133    0.8878   -0.4078
    0.6567   -0.4393   -0.6130
...    71 A-T ...
  -67.5860 -143.5013  -14.3694
   -0.4350    0.4375   -0.7870
    0.5882    0.7998    0.1196
    0.6818   -0.4109   -0.6053
...    72 T-A ...
  -65.8370 -145.2548  -16.5307
   -0.0916    0.7848   -0.6130
    0.7146    0.4805    0.5084
    0.6935   -0.3915   -0.6048
...    73 A-T ...
  -63.7154 -146.4527  -18.7994
    0.1852    0.9720   -0.1448
    0.6629   -0.0148    0.7486
    0.7254   -0.2346   -0.6471
...    74 A-T ...
  -61.4804 -147.0323  -21.0416
    0.4626    0.8234    0.3286
    0.4656   -0.5410    0.7004
    0.7545   -0.1710   -0.6337
...    75 C-G ...
  -59.2352 -147.0116  -23.3945
    0.5759    0.4520    0.6812
    0.1938   -0.8850    0.4233
    0.7942   -0.1117   -0.5973
...    76 G-C ...
  -56.3209 -147.4078  -24.9615
    0.4592   -0.0739    0.8853
   -0.0599   -0.9968   -0.0521
    0.8863   -0.0291   -0.4622
...    77 G-C ...
  -53.1063 -147.1881  -25.9870
    0.2785   -0.5887    0.7589
   -0.2210   -0.8082   -0.5458
    0.9346   -0.0157   -0.3552
...    78 A-T ...
  -49.9501 -147.2566  -26.9121
    0.0893   -0.9519    0.2930
   -0.3029   -0.3062   -0.9025
    0.9488   -0.0082   -0.3157
...    79 C-G ...
  -46.6221 -147.2970  -27.3034
   -0.0737   -0.9700   -0.2315
   -0.2853    0.2430   -0.9271
    0.9556   -0.0023   -0.2947
...    80 T-A ...
  -43.3811 -147.5338  -28.0221
   -0.2194   -0.6879   -0.6918
   -0.1904    0.7256   -0.6612
    0.9569   -0.0133   -0.2902
...    81 C-G ...
  -40.1957 -147.6396  -28.8765
   -0.2834   -0.1167   -0.9519
   -0.0422    0.9931   -0.1092
    0.9581    0.0092   -0.2863
...    82 G-C ...
  -36.9732 -147.1217  -29.6088
   -0.3506    0.4554   -0.8184
    0.0869    0.8859    0.4557
    0.9325    0.0887   -0.3502
...    83 G-C ...
  -33.8572 -147.0729  -30.8935
   -0.3469    0.8432   -0.4106
    0.2395    0.5029    0.8305
    0.9068    0.1898   -0.3764
...    84 G-C ...
  -30.9415 -146.4878  -32.4625
   -0.2859    0.9492    0.1315
    0.3834   -0.0124    0.9235
    0.8782    0.3144   -0.3604
...    85 A-T ...
  -28.1662 -145.3620  -33.6862
   -0.1015    0.7477    0.6562
    0.4905   -0.5363    0.6869
    0.8655    0.3916   -0.3123
...    86 T-A ...
  -25.7540 -143.5819  -34.9495
    0.1076    0.3741    0.9211
    0.4933   -0.8245    0.2772
    0.8632    0.4246   -0.2733
...    87 C-G ...
  -22.9830 -142.0185  -35.5751
    0.3114   -0.1838    0.9323
    0.3908   -0.8695   -0.3019
    0.8662    0.4584   -0.1990
...    88 C-G ...
  -20.0760 -140.3097  -35.6641
    0.4000   -0.6540    0.6421
    0.2304   -0.6063   -0.7611
    0.8871    0.4524   -0.0918
...    89 G-C ...
  -16.9384 -139.2374  -36.0598
    0.3999   -0.9096    0.1131
    0.0471   -0.1028   -0.9936
    0.9153    0.4027    0.0017
...    90 C-G ...
  -13.8422 -138.0793  -35.6487
    0.3524   -0.8189   -0.4529
   -0.1575    0.4252   -0.8913
    0.9225    0.3854    0.0209
...    91 T-A ...
  -10.6885 -137.0612  -35.3674
    0.2050   -0.4680   -0.8596
   -0.3126    0.8010   -0.5106
    0.9275    0.3734    0.0179
...    92 T-A ...
   -7.5811 -136.0998  -35.1005
    0.0314    0.1030   -0.9942
   -0.4013    0.9123    0.0819
    0.9154    0.3964    0.0699
...    93 T-A ...
   -4.5030 -135.0710  -34.8779
   -0.1898    0.6143   -0.7659
   -0.3754    0.6754    0.6348
    0.9072    0.4080    0.1024
...    94 A-T ...
   -1.5270 -133.6316  -34.5000
   -0.4527    0.8507   -0.2673
   -0.2056    0.1921    0.9596
    0.8677    0.4893    0.0879
...    95 A-T ...
    1.2427 -131.9763  -34.4322
   -0.5341    0.7892    0.3031
    0.0766   -0.3119    0.9470
    0.8420    0.5290    0.1061
...    96 C-G ...
    3.7433 -129.8866  -34.5701
   -0.4796    0.4822    0.7332
    0.3512   -0.6602    0.6639
    0.8042    0.5759    0.1472
...    97 A-T ...
    6.2842 -127.8109  -33.8938
   -0.3356   -0.0432    0.9410
    0.6030   -0.7773    0.1794
    0.7237    0.6276    0.2869
...    98 C-G ...
    8.1170 -125.3117  -32.7994
   -0.0143   -0.4669    0.8842
    0.7178   -0.6204   -0.3159
    0.6961    0.6302    0.3440
...    99 T-A ...
   10.1239 -123.1568  -31.2952
    0.3226   -0.7584    0.5663
    0.6627   -0.2462   -0.7072
    0.6758    0.6035    0.4232
...   100 T-A ...
   12.1030 -121.1698  -29.6446
    0.6658   -0.7427    0.0723
    0.3674    0.2419   -0.8981
    0.6495    0.6245    0.4339
...   101 T-A ...
   14.0804 -119.2412  -27.9083
    0.7891   -0.4312   -0.4376
   -0.0880    0.6256   -0.7751
    0.6080    0.6501    0.4557
...   102 A-T ...
   15.7881 -116.6029  -26.6177
    0.5848    0.1241   -0.8017
   -0.5963    0.7357   -0.3211
    0.5499    0.6658    0.5043
...   103 T-A ...
   18.0440 -114.9191  -24.8728
    0.2081    0.4967   -0.8426
   -0.8208    0.5572    0.1257
    0.5319    0.6655    0.5236
...   104 G-C ...
   19.5915 -112.5556  -23.1245
   -0.3424    0.6590   -0.6697
   -0.7979    0.1724    0.5776
    0.4960    0.7321    0.4668
...   105 C-G ...
   21.5049 -110.1646  -21.8926
   -0.7479    0.6000   -0.2838
   -0.4942   -0.2180    0.8416
    0.4431    0.7697    0.4596
...   106 T-A ...
   22.8909 -107.4267  -20.6884
   -0.9338    0.3280    0.1429
   -0.0368   -0.4853    0.8736
    0.3559    0.8105    0.4653
...   107 T-A ...
   23.9128 -104.6700  -19.3584
   -0.8180   -0.0347    0.5742
    0.4854   -0.5775    0.6565
    0.3088    0.8157    0.4892
...   108 C-G ...
   24.6777 -101.9825  -17.6959
   -0.4148   -0.4107    0.8120
    0.8742   -0.4274    0.2304
    0.2524    0.8054    0.5363
...   109 C-G ...
   25.0400  -99.3327  -15.6352
    0.0898   -0.6506    0.7541
    0.9743   -0.0995   -0.2019
    0.2064    0.7529    0.6249
...   110 G-C ...
   26.0698  -97.0642  -13.4055
    0.5917   -0.6682    0.4510
    0.7798    0.3324   -0.5305
    0.2046    0.6655    0.7178
...   111 G-C ...
   26.6975  -95.1562  -10.6820
    0.9076   -0.4173    0.0463
    0.3426    0.6724   -0.6561
    0.2427    0.6113    0.7532
...   112 C-G ...
   27.5384  -93.4781   -7.9309
    0.9413    0.0120   -0.3374
   -0.2107    0.8018   -0.5593
    0.2639    0.5975    0.7572
...   113 T-A ...
   28.6247  -91.7398   -5.3132
    0.6750    0.4241   -0.6038
   -0.6789    0.6775   -0.2831
    0.2890    0.6010    0.7452
...   114 C-G ...
   29.6435  -89.8238   -2.8375
    0.1346    0.7370   -0.6623
   -0.9505    0.2850    0.1240
    0.2801    0.6128    0.7389
...   115 G-C ...
   30.1287  -87.7600   -0.2441
   -0.4477    0.7013   -0.5547
   -0.8653   -0.1835    0.4664
    0.2253    0.6888    0.6890
...   116 T-A ...
   31.2592  -85.2655    1.6072
   -0.8403    0.4753   -0.2609
   -0.5095   -0.5278    0.6796
    0.1853    0.7040    0.6856
...   117 A-T ...
   31.7258  -82.7979    3.7902
   -0.9966    0.0133    0.0809
    0.0495   -0.6892    0.7229
    0.0654    0.7244    0.6862
...   118 T-A ...
   31.6751  -80.0352    5.5443
   -0.8425   -0.3516    0.4082
    0.5374   -0.6018    0.5908
    0.0379    0.7171    0.6960
...   119 A-T ...
   31.4043  -77.6583    7.8668
   -0.4128   -0.7175    0.5610
    0.9086   -0.2816    0.3083
   -0.0632    0.6371    0.7682
...   120 A-T ...
   30.8999  -75.6486   10.3540
    0.1661   -0.7673    0.6194
    0.9829    0.1792   -0.0416
   -0.0791    0.6158    0.7840
...   121 T-A ...
   30.0115  -73.9433   13.0217
    0.6372   -0.5785    0.5093
    0.7661    0.5476   -0.3365
   -0.0842    0.6046    0.7921
...   122 G-C ...
   30.0250  -71.9467   15.6804
    0.9641   -0.2115    0.1607
    0.2651    0.8066   -0.5283
   -0.0179    0.5519    0.8337
...   123 T-A ...
   29.9830  -70.6819   18.7566
    0.9599    0.2367   -0.1502
   -0.2803    0.8036   -0.5250
   -0.0036    0.5461    0.8377
...   124 G-C ...
   29.9559  -68.6138   21.3534
    0.6188    0.6244   -0.4767
   -0.7838    0.5314   -0.3213
    0.0527    0.5725    0.8182
...   125 T-A ...
   30.6988  -66.9497   24.1433
    0.1132    0.8039   -0.5839
   -0.9924    0.1205   -0.0264
    0.0491    0.5825    0.8114
...   126 C-G ...
   30.9536  -65.0185   26.7887
   -0.4956    0.7070   -0.5045
   -0.8680   -0.3816    0.3179
    0.0323    0.5954    0.8028
...   127 G-C ...
   30.7296  -63.2381   29.6103
   -0.8915    0.3057   -0.3342
   -0.4474   -0.7094    0.5446
   -0.0706    0.6350    0.7692
...   128 A-T ...
   30.5184  -61.0913   32.0622
   -0.9811   -0.1936    0.0034
    0.1516   -0.7571    0.6355
   -0.1205    0.6240    0.7721
...   129 C-G ...
   29.8003  -58.6716   34.1738
   -0.7568   -0.5852    0.2911
    0.6328   -0.5445    0.5505
   -0.1636    0.6009    0.7824
...   130 C-G ...
   28.8169  -56.6354   36.6817
   -0.2859   -0.8467    0.4488
    0.9318   -0.1364    0.3362
   -0.2234    0.5143    0.8280
...   131 A-T ...
   28.0475  -55.0720   39.5310
    0.3016   -0.8406    0.4498
    0.9241    0.3739    0.0790
   -0.2346    0.3919    0.8896
...   132 A-T ...
   27.0868  -54.0272   42.4433
    0.7711   -0.4923    0.4038
    0.5922    0.7875   -0.1708
   -0.2339    0.3708    0.8988
...   133 A-T ...
   26.2557  -53.1144   45.4446
    0.9701    0.0400    0.2392
    0.0495    0.9329   -0.3567
   -0.2374    0.3579    0.9031
...   134 T-A ...
   25.6208  -52.5913   48.6399
    0.8597    0.5097    0.0340
   -0.4497    0.7866   -0.4231
   -0.2424    0.3485    0.9054
...   135 G-C ...
   25.2757  -52.5095   52.0790
    0.3204    0.9427   -0.0928
   -0.8825    0.2614   -0.3910
   -0.3443    0.2071    0.9157
...   136 T-A ...
   25.5257  -52.9786   55.8048
   -0.2439    0.9563   -0.1610
   -0.8908   -0.2866   -0.3525
   -0.3833    0.0575    0.9218
...   137 G-C ...
   24.8933  -52.7377   58.9864
   -0.7529    0.5562   -0.3519
   -0.5215   -0.8303   -0.1966
   -0.4015    0.0355    0.9152
...   138 A-T ...
   24.0143  -51.6373   61.9241
   -0.9563    0.0401   -0.2896
   -0.0524   -0.9980    0.0347
   -0.2876    0.0484    0.9565
...   139 G-C ...
   22.3467  -51.2411   64.4939
   -0.8529   -0.5118   -0.1033
    0.4974   -0.8566    0.1373
   -0.1587    0.0657    0.9851
...   140 C-G ...
   22.1503  -50.1498   67.4638
   -0.4681   -0.8748    0.1248
    0.8495   -0.4066    0.3362
   -0.2434    0.2634    0.9335
...   141 G-C ...
   21.4256  -51.8266   72.7875
    0.1303   -0.7143   -0.6876
    0.8897   -0.2218    0.3990
   -0.4375   -0.6638    0.6066
...   142 C-G ...
   20.4245  -54.3094   74.5417
    0.5846   -0.7390   -0.3348
    0.7594    0.3532    0.5465
   -0.2856   -0.5737    0.7676
...   143 T-A ...
   18.4271  -55.5290   76.5298
    0.8548   -0.5005    0.1370
    0.3188    0.7148    0.6224
   -0.4095   -0.4884    0.7706
...   144 C-G ...
   16.8371  -57.7222   78.2673
    0.8529   -0.0846    0.5151
   -0.1508    0.9048    0.3983
   -0.4998   -0.4174    0.7589
...   145 A-T ...
   15.7829  -59.5615   80.7980
    0.5516    0.4995    0.6680
   -0.6739    0.7388    0.0039
   -0.4916   -0.4523    0.7441
...   146 C-G ...
   15.7314  -61.4940   83.9316
    0.0344    0.7399    0.6718
   -0.8637    0.3602   -0.3526
   -0.5029   -0.5681    0.6514
...   147 A-T ...
   14.7383  -63.4279   86.8191
   -0.5924    0.6746    0.4405
   -0.6886   -0.1401   -0.7114
   -0.4182   -0.7248    0.5475
