  147 base-pairs
...     1 T-A ...
    0.0000    0.0000    0.0000
    1.0000    0.0000    0.0000
    0.0000    1.0000    0.0000
    0.0000    0.0000    1.0000
...     2 G-C ...
   -0.5555   -1.1003    3.3981
    0.7749    0.6051    0.1828
   -0.5991    0.7953   -0.0929
   -0.2016   -0.0375    0.9787
...     3 T-A ...
   -0.6619   -3.0237    6.5348
    0.3046    0.9250    0.2271
   -0.8994    0.3578   -0.2510
   -0.3134   -0.1278    0.9410
...     4 G-C ...
   -1.1607   -3.8418    9.6940
   -0.3351    0.9421    0.0133
   -0.8752   -0.3061   -0.3746
   -0.3489   -0.1372    0.9271
...     5 A-T ...
   -1.3881   -3.6770   12.8999
   -0.7835    0.6162   -0.0801
   -0.5677   -0.7622   -0.3109
   -0.2527   -0.1981    0.9470
...     6 G-C ...
   -2.6236   -3.5448   15.7072
   -0.9923    0.0611   -0.1075
   -0.0294   -0.9610   -0.2748
   -0.1201   -0.2695    0.9555
...     7 C-G ...
   -2.3138   -3.7570   18.8866
   -0.8620   -0.4995   -0.0864
    0.5008   -0.8655    0.0073
   -0.0785   -0.0370    0.9962
...     8 G-C ...
   -3.9561   -6.8109   23.3205
   -0.2581   -0.3560   -0.8981
    0.6294   -0.7673    0.1233
   -0.7330   -0.5335    0.4221
...     9 C-G ...
   -6.1177   -8.9414   24.2385
    0.1143   -0.7320   -0.6716
    0.8123   -0.3203    0.4874
   -0.5720   -0.6013    0.5580
...    10 T-A ...
   -8.5041   -9.6771   26.0540
    0.4660   -0.8587   -0.2131
    0.6274    0.1508    0.7640
   -0.6239   -0.4897    0.6090
...    11 C-G ...
  -11.0625  -11.3174   27.2336
    0.6660   -0.6911    0.2808
    0.3382    0.6152    0.7121
   -0.6649   -0.3794    0.6435
...    12 A-T ...
  -13.0013  -13.1789   29.0658
    0.7188   -0.1490    0.6790
   -0.1787    0.9043    0.3876
   -0.6718   -0.4000    0.6235
...    13 C-G ...
  -14.1788  -15.9359   31.3399
    0.4052    0.2865    0.8682
   -0.5270    0.8492   -0.0343
   -0.7470   -0.4437    0.4951
...    14 A-T ...
  -15.9532  -18.1566   33.3080
   -0.1503    0.6873    0.7107
   -0.6106    0.5008   -0.6135
   -0.7776   -0.5261    0.3444
...    15 A-T ...
  -18.3254  -19.9411   34.6282
   -0.4756    0.8470    0.2375
   -0.4030    0.0302   -0.9147
   -0.7819   -0.5307    0.3270
...    16 T-A ...
  -20.6775  -21.5034   36.3108
   -0.6036    0.7543   -0.2581
   -0.1039   -0.3954   -0.9126
   -0.7905   -0.5241    0.3170
...    17 T-A ...
  -23.2608  -23.0350   37.5191
   -0.5348    0.4195   -0.7335
    0.2540   -0.7481   -0.6130
   -0.8059   -0.5141    0.2935
...    18 T-A ...
  -25.9798  -24.4716   38.5218
   -0.2734   -0.0494   -0.9606
    0.5038   -0.8581   -0.0992
   -0.8194   -0.5110    0.2595
...    19 A-T ...
  -28.8630  -26.0426   39.1034
    0.1560   -0.4471   -0.8808
    0.5335   -0.7123    0.4561
   -0.8313   -0.5410    0.1274
...    20 T-A ...
  -31.8518  -27.3975   39.0219
    0.4157   -0.7342   -0.5367
    0.3737   -0.4001    0.8368
   -0.8291   -0.5485    0.1080
...    21 T-A ...
  -34.6021  -29.1178   39.0778
    0.5559   -0.8307    0.0291
    0.0618    0.0763    0.9952
   -0.8290   -0.5514    0.0938
...    22 C-G ...
  -37.2254  -31.0722   39.2854
    0.5029   -0.6168    0.6055
   -0.2970    0.5345    0.7913
   -0.8117   -0.5778    0.0856
...    23 G-C ...
  -40.0046  -32.8138   39.9554
    0.3089   -0.1629    0.9371
   -0.5628    0.7630    0.3181
   -0.7667   -0.6256    0.1440
...    24 C-G ...
  -42.2682  -35.1954   40.4621
   -0.0314    0.2997    0.9535
   -0.6472    0.7209   -0.2479
   -0.7617   -0.6249    0.1713
...    25 A-T ...
  -44.9698  -37.0761   40.9154
   -0.3461    0.7033    0.6209
   -0.5202    0.4069   -0.7509
   -0.7807   -0.5829    0.2251
...    26 A-T ...
  -47.3847  -39.0247   41.8882
   -0.5926    0.8012    0.0827
   -0.2159   -0.0590   -0.9746
   -0.7760   -0.5954    0.2080
...    27 A-T ...
  -49.8958  -40.8650   42.8090
   -0.6083    0.6277   -0.4858
    0.1687   -0.4958   -0.8519
   -0.7756   -0.6001    0.1957
...    28 G-C ...
  -52.6085  -42.5844   43.6020
   -0.3660    0.3249   -0.8721
    0.4630   -0.7493   -0.4735
   -0.8073   -0.5770    0.1238
...    29 G-C ...
  -55.5558  -44.1951   43.9597
    0.0257   -0.0626   -0.9977
    0.5702   -0.8188    0.0660
   -0.8211   -0.5706    0.0146
...    30 C-G ...
  -58.4818  -45.7067   43.7344
    0.3815   -0.4538   -0.8053
    0.4515   -0.6688    0.5907
   -0.8066   -0.5890   -0.0502
...    31 C-G ...
  -61.2054  -47.6003   43.1062
    0.6431   -0.6776   -0.3568
    0.1461   -0.3489    0.9257
   -0.7518   -0.6474   -0.1253
...    32 G-C ...
  -63.5047  -50.0260   42.9183
    0.6998   -0.6767    0.2289
   -0.2788    0.0363    0.9597
   -0.6577   -0.7354   -0.1633
...    33 G-C ...
  -65.3904  -52.7228   42.1569
    0.4833   -0.4916    0.7244
   -0.6434    0.3616    0.6747
   -0.5936   -0.7922   -0.1415
...    34 C-G ...
  -66.9717  -55.5929   41.6020
    0.0659   -0.1892    0.9797
   -0.8183    0.5516    0.1616
   -0.5710   -0.8124   -0.1184
...    35 C-G ...
  -68.6822  -58.4983   41.4217
   -0.3668    0.1905    0.9106
   -0.7352    0.5404   -0.4092
   -0.5700   -0.8196   -0.0582
...    36 C-G ...
  -70.5013  -61.3437   41.5066
   -0.6799    0.5018    0.5347
   -0.4192    0.3323   -0.8449
   -0.6017   -0.7986   -0.0155
...    37 G-C ...
  -72.6380  -63.8839   41.0293
   -0.7445    0.6666   -0.0382
    0.0394   -0.0133   -0.9991
   -0.6665   -0.7453   -0.0164
...    38 A-T ...
  -74.8068  -66.3457   41.0769
   -0.5571    0.5535   -0.6190
    0.4793   -0.3944   -0.7840
   -0.6782   -0.7335   -0.0455
...    39 C-G ...
  -77.4077  -68.3802   41.2616
   -0.1990    0.2950   -0.9346
    0.7013   -0.6233   -0.3460
   -0.6846   -0.7242   -0.0829
...    40 A-T ...
  -79.6487  -70.8330   40.8894
    0.3138   -0.0072   -0.9494
    0.6777   -0.6986    0.2293
   -0.6650   -0.7154   -0.2144
...    41 C-G ...
  -82.1316  -72.7116   39.8393
    0.6540   -0.3257   -0.6827
    0.4100   -0.6058    0.6818
   -0.6357   -0.7259   -0.2627
...    42 G-C ...
  -83.9821  -75.3758   39.0201
    0.8578   -0.4890   -0.1584
   -0.0425   -0.3745    0.9262
   -0.5123   -0.7878   -0.3420
...    43 A-T ...
  -85.5009  -77.9936   37.7845
    0.6975   -0.5761    0.4261
   -0.5493   -0.0480    0.8343
   -0.4601   -0.8160   -0.3499
...    44 C-G ...
  -86.4682  -80.7506   36.2293
    0.3209   -0.4936    0.8083
   -0.8463    0.2338    0.4787
   -0.4253   -0.8377   -0.3427
...    45 T-A ...
  -87.5136  -83.7023   35.1415
   -0.1623   -0.2605    0.9517
   -0.9058    0.4220   -0.0390
   -0.3915   -0.8684   -0.3044
...    46 T-A ...
  -88.4894  -86.6660   34.1992
   -0.6743   -0.0047    0.7385
   -0.6428    0.4959   -0.5838
   -0.3635   -0.8684   -0.3374
...    47 A-T ...
  -89.8408  -89.3268   32.5756
   -0.9503    0.2653    0.1627
   -0.0448    0.4008   -0.9151
   -0.3079   -0.8769   -0.3690
...    48 C-G ...
  -91.0056  -92.3900   31.9348
   -0.8275    0.4441   -0.3436
    0.4677    0.2065   -0.8594
   -0.3107   -0.8719   -0.3786
...    49 T-A ...
  -92.3112  -95.2473   30.8481
   -0.4370    0.5317   -0.7255
    0.8380   -0.0524   -0.5431
   -0.3268   -0.8453   -0.4227
...    50 G-C ...
  -93.3306  -98.0027   29.2700
    0.1429    0.5113   -0.8475
    0.9392   -0.3401   -0.0468
   -0.3122   -0.7892   -0.5288
...    51 T-A ...
  -94.8584 -100.2359   27.3973
    0.6220    0.3104   -0.7189
    0.7342   -0.5503    0.3977
   -0.2722   -0.7751   -0.5702
...    52 A-T ...
  -95.7508 -102.5357   25.1467
    0.9508    0.1057   -0.2912
    0.2857   -0.6625    0.6925
   -0.1198   -0.7416   -0.6601
...    53 G-C ...
  -96.0112 -104.7302   22.7037
    0.9700   -0.1719    0.1721
   -0.2429   -0.6460    0.7237
   -0.0132   -0.7437   -0.6683
...    54 G-C ...
  -95.5443 -107.0607   20.3135
    0.6891   -0.4089    0.5983
   -0.7171   -0.5036    0.4817
    0.1044   -0.7610   -0.6403
...    55 T-A ...
  -94.5851 -109.3195   18.1145
    0.2126   -0.5871    0.7811
   -0.9669   -0.2416    0.0816
    0.1408   -0.7726   -0.6191
...    56 A-T ...
  -94.4184 -111.9590   16.0451
   -0.4296   -0.6212    0.6554
   -0.8866    0.1521   -0.4369
    0.1717   -0.7688   -0.6161
...    57 T-A ...
  -93.3124 -114.6523   14.4572
   -0.8182   -0.4786    0.3186
   -0.5398    0.4486   -0.7123
    0.1980   -0.7548   -0.6254
...    58 C-G ...
  -92.6575 -117.2234   12.5017
   -0.9763   -0.1238   -0.1776
    0.0564    0.6469   -0.7605
    0.2091   -0.7525   -0.6246
...    59 T-A ...
  -92.1410 -119.9140   10.6133
   -0.8013    0.2603   -0.5387
    0.5665    0.6198   -0.5431
    0.1925   -0.7403   -0.6441
...    60 C-G ...
  -91.5380 -122.4241    8.5741
   -0.3182    0.5956   -0.7376
    0.9252    0.3647   -0.1047
    0.2066   -0.7157   -0.6671
...    61 A-T ...
  -90.7116 -124.7781    6.3655
    0.2250    0.7811   -0.5825
    0.9449   -0.0291    0.3261
    0.2378   -0.6238   -0.7446
...    62 T-A ...
  -90.4953 -126.5921    3.6566
    0.6520    0.6884   -0.3178
    0.7102   -0.4078    0.5739
    0.2654   -0.5999   -0.7548
...    63 G-C ...
  -89.3822 -128.3744    1.0495
    0.8723    0.4597    0.1663
    0.2647   -0.7302    0.6299
    0.4110   -0.5054   -0.7587
...    64 T-A ...
  -87.9711 -129.4165   -1.6958
    0.8555    0.0626    0.5140
   -0.2017   -0.8740    0.4420
    0.4770   -0.4818   -0.7351
...    65 T-A ...
  -86.2559 -130.7376   -4.0886
    0.5836   -0.4105    0.7006
   -0.6237   -0.7792    0.0630
    0.5200   -0.4737   -0.7108
...    66 A-T ...
  -84.4168 -132.4180   -6.2894
    0.0834   -0.7529    0.6528
   -0.8127   -0.4306   -0.3927
    0.5767   -0.4978   -0.6478
...    67 T-A ...
  -81.9737 -133.8567   -7.9853
   -0.3296   -0.8765    0.3509
   -0.7345    0.0045   -0.6786
    0.5932   -0.4814   -0.6452
...    68 A-T ...
  -80.2576 -135.2438  -10.5589
   -0.6758   -0.7034   -0.2201
   -0.3543    0.5720   -0.7398
    0.6463   -0.4220   -0.6358
...    69 A-T ...
  -78.0505 -136.8302  -12.3711
   -0.7137   -0.2665   -0.6478
    0.0858    0.8846   -0.4584
    0.6952   -0.3828   -0.6084
...    70 C-G ...
  -75.9299 -138.6419  -14.2020
   -0.5652    0.2387   -0.7897
    0.4357    0.8992   -0.0400
    0.7005   -0.3667   -0.6122
...    71 G-C ...
  -73.3007 -139.5319  -16.0544
   -0.3106    0.7314   -0.6071
    0.6497    0.6296    0.4261
    0.6939   -0.2621   -0.6707
...    72 G-C ...
  -71.1812 -140.5789  -18.4556
   -0.0025    0.9769   -0.2138
    0.7045    0.1535    0.6929
    0.7097   -0.1489   -0.6886
...    73 A-T ...
  -68.9453 -141.0410  -20.7512
    0.3301    0.9047    0.2694
    0.5844   -0.4200    0.6943
    0.7413   -0.0717   -0.6673
...    74 T-A ...
  -66.8751 -140.7823  -23.2444
    0.5323    0.5917    0.6055
    0.3602   -0.8055    0.4705
    0.7661   -0.0324   -0.6419
...    75 C-G ...
  -64.2962 -140.6585  -25.1920
    0.5792    0.0419    0.8141
    0.0357   -0.9990    0.0260
    0.8144    0.0140   -0.5802
...    76 G-C ...
  -61.3518 -140.8634  -26.7320
    0.3925   -0.4987    0.7728
   -0.1899   -0.8661   -0.4625
    0.8999    0.0348   -0.4346
...    77 A-T ...
  -58.2920 -140.7561  -27.8982
    0.1893   -0.9092    0.3707
   -0.3386   -0.4148   -0.8445
    0.9217    0.0344   -0.3864
...    78 G-C ...
  -55.1058 -140.6219  -28.8107
   -0.0373   -0.9922   -0.1194
   -0.3529    0.1248   -0.9273
    0.9349    0.0076   -0.3548
...    79 C-G ...
  -51.8943 -140.8360  -29.6648
   -0.2297   -0.7600   -0.6080
   -0.2580    0.6499   -0.7149
    0.9384   -0.0074   -0.3454
...    80 T-A ...
  -48.7476 -141.1675  -30.6818
   -0.3416   -0.2982   -0.8913
   -0.0966    0.9545   -0.2823
    0.9349   -0.0103   -0.3549
...    81 C-G ...
  -45.6439 -141.2956  -31.7717
   -0.3394    0.3243   -0.8829
    0.0998    0.9458    0.3091
    0.9353    0.0168   -0.3534
...    82 G-C ...
  -42.4347 -140.9182  -32.6004
   -0.3402    0.7814   -0.5231
    0.2356    0.6094    0.7570
    0.9103    0.1343   -0.3915
...    83 G-C ...
  -39.4742 -140.6085  -34.1693
   -0.2726    0.9621   -0.0027
    0.3672    0.1067    0.9240
    0.8893    0.2509   -0.3824
...    84 G-C ...
  -36.6941 -139.6003  -35.7622
   -0.1640    0.8375    0.5213
    0.4654   -0.4002    0.7894
    0.8698    0.3721   -0.3241
...    85 A-T ...
  -33.9573 -138.2249  -36.7960
    0.0448    0.4378    0.8979
    0.4997   -0.7881    0.3593
    0.8650    0.4326   -0.2541
...    86 T-A ...
  -31.5212 -136.2240  -37.6129
    0.2449   -0.0168    0.9694
    0.4336   -0.8924   -0.1250
    0.8672    0.4509   -0.2113
...    87 C-G ...
  -28.6920 -134.6776  -37.9781
    0.4014   -0.5402    0.7396
    0.2658   -0.7041   -0.6585
    0.8765    0.4609   -0.1391
...    88 C-G ...
  -25.6712 -133.1823  -37.8757
    0.4198   -0.8619    0.2842
    0.0736   -0.2798   -0.9572
    0.9046    0.4228   -0.0540
...    89 G-C ...
  -22.5666 -132.0877  -38.3752
    0.3377   -0.8938   -0.2951
   -0.1062    0.2753   -0.9555
    0.9353    0.3540   -0.0020
...    90 C-G ...
  -19.3793 -131.1818  -38.0783
    0.2167   -0.5994   -0.7706
   -0.2595    0.7255   -0.6374
    0.9411    0.3381    0.0017
...    91 T-A ...
  -16.1611 -130.3700  -37.9927
    0.0322   -0.1301   -0.9910
   -0.3346    0.9329   -0.1333
    0.9418    0.3359   -0.0134
...    92 T-A ...
  -13.0014 -129.5768  -37.9640
   -0.1322    0.4397   -0.8883
   -0.3217    0.8287    0.4581
    0.9376    0.3464    0.0319
...    93 T-A ...
   -9.8849 -128.6703  -37.9867
   -0.2924    0.8302   -0.4746
   -0.2170    0.4257    0.8785
    0.9314    0.3598    0.0557
...    94 A-T ...
   -6.8316 -127.3689  -37.9517
   -0.4831    0.8722    0.0768
   -0.0175   -0.0974    0.9951
    0.8754    0.4793    0.0624
...    95 A-T ...
   -4.0949 -125.6675  -37.9317
   -0.4659    0.6489    0.6015
    0.2523   -0.5541    0.7933
    0.8481    0.5213    0.0944
...    96 C-G ...
   -1.6765 -123.4862  -37.9366
   -0.3358    0.2448    0.9096
    0.4710   -0.7926    0.3872
    0.8157    0.5584    0.1509
...    97 A-T ...
    0.9101 -121.5050  -37.1850
   -0.1543   -0.3006    0.9412
    0.6330   -0.7615   -0.1394
    0.7586    0.5743    0.3078
...    98 C-G ...
    2.8890 -119.2577  -35.8221
    0.1575   -0.6712    0.7244
    0.6538   -0.4789   -0.5859
    0.7401    0.5659    0.3634
...    99 T-A ...
    5.1052 -117.4128  -34.2090
    0.4374   -0.8494    0.2953
    0.5215   -0.0279   -0.8528
    0.7326    0.5270    0.4308
...   100 T-A ...
    7.3065 -115.7377  -32.4913
    0.6863   -0.6910   -0.2270
    0.1845    0.4673   -0.8646
    0.7036    0.5515    0.4482
...   101 T-A ...
    9.5155 -114.1219  -30.7155
    0.7050   -0.2648   -0.6579
   -0.2501    0.7752   -0.5800
    0.6636    0.5735    0.4803
...   102 A-T ...
   11.3861 -111.7738  -29.1664
    0.4204    0.3207   -0.8488
   -0.6621    0.7480   -0.0453
    0.6204    0.5810    0.5268
...   103 T-A ...
   13.8879 -110.3415  -27.5503
    0.0344    0.6629   -0.7479
   -0.7946    0.4720    0.3818
    0.6061    0.5812    0.5430
...   104 G-C ...
   15.7240 -108.2657  -25.7215
   -0.4772    0.7447   -0.4666
   -0.6829    0.0200    0.7303
    0.5531    0.6671    0.4990
...   105 C-G ...
   17.7509 -106.0041  -24.4563
   -0.8045    0.5924   -0.0429
   -0.3286   -0.3838    0.8630
    0.4948    0.7083    0.5034
...   106 T-A ...
   19.2312 -103.4132  -23.0720
   -0.9056    0.2438    0.3469
    0.1312   -0.6168    0.7761
    0.4032    0.7484    0.5266
...   107 T-A ...
   20.3595 -100.8311  -21.5035
   -0.7085   -0.1708    0.6847
    0.6087   -0.6389    0.4705
    0.3571    0.7501    0.5566
...   108 C-G ...
   21.2722  -98.3837  -19.5725
   -0.2604   -0.5482    0.7948
    0.9156   -0.4015    0.0230
    0.3065    0.7337    0.6064
...   109 C-G ...
   21.8611  -96.0455  -17.2111
    0.2363   -0.7409    0.6286
    0.9322   -0.0097   -0.3619
    0.2742    0.6715    0.6884
...   110 G-C ...
   23.1483  -94.0296  -14.8870
    0.6849   -0.6804    0.2606
    0.6699    0.4475   -0.5924
    0.2864    0.5804    0.7623
...   111 G-C ...
   24.0895  -92.4205  -12.0674
    0.9220   -0.3593   -0.1440
    0.2042    0.7675   -0.6077
    0.3289    0.5309    0.7810
...   112 C-G ...
   25.2440  -91.0198   -9.2804
    0.8766    0.1115   -0.4681
   -0.3315    0.8450   -0.4196
    0.3488    0.5230    0.7777
...   113 T-A ...
   26.6309  -89.5226   -6.6625
    0.5571    0.5273   -0.6416
   -0.7439    0.6602   -0.1033
    0.3691    0.5349    0.7601
...   114 C-G ...
   27.9139  -87.8288   -4.1566
    0.0043    0.8049   -0.5934
   -0.9341    0.2151    0.2850
    0.3570    0.5530    0.7528
...   115 G-C ...
   28.6979  -85.9945   -1.4784
   -0.5498    0.7194   -0.4245
   -0.7847   -0.2705    0.5577
    0.2864    0.6397    0.7132
...   116 T-A ...
   29.9483  -83.6041    0.4126
   -0.8870    0.4478   -0.1129
   -0.3939   -0.6059    0.6912
    0.2412    0.6575    0.7138
...   117 A-T ...
   30.5521  -81.1972    2.6261
   -0.9834   -0.0451    0.1757
    0.1522   -0.7325    0.6635
    0.0988    0.6792    0.7272
...   118 T-A ...
   30.5402  -78.5640    4.5651
   -0.7839   -0.4207    0.4566
    0.6170   -0.6104    0.4967
    0.0697    0.6711    0.7381
...   119 A-T ...
   30.3372  -76.3514    7.0467
   -0.3341   -0.7705    0.5429
    0.9422   -0.2574    0.2146
   -0.0256    0.5832    0.8120
...   120 A-T ...
   29.9415  -74.5248    9.6910
    0.2460   -0.7937    0.5564
    0.9684    0.2256   -0.1065
   -0.0410    0.5650    0.8241
...   121 T-A ...
   29.1927  -73.0132   12.5167
    0.6972   -0.5761    0.4265
    0.7153    0.5986   -0.3607
   -0.0475    0.5566    0.8294
...   122 G-C ...
   29.3164  -71.1566   15.2629
    0.9807   -0.1777    0.0819
    0.1946    0.8422   -0.5029
    0.0204    0.5091    0.8605
...   123 T-A ...
   29.4324  -70.0439   18.3939
    0.9382    0.2815   -0.2014
   -0.3445    0.8151   -0.4657
    0.0331    0.5063    0.8617
...   124 G-C ...
   29.5101  -68.1183   21.0893
    0.5682    0.6630   -0.4875
   -0.8184    0.5172   -0.2504
    0.0861    0.5412    0.8365
...   125 T-A ...
   30.3713  -66.5445   23.8881
    0.0576    0.8264   -0.5601
   -0.9951    0.0928    0.0345
    0.0805    0.5553    0.8277
...   126 C-G ...
   30.7293  -64.6972   26.5712
   -0.5364    0.7086   -0.4585
   -0.8419   -0.4107    0.3501
    0.0598    0.5737    0.8169
...   127 G-C ...
   30.6091  -62.9699   29.4193
   -0.9096    0.2947   -0.2928
   -0.4122   -0.7283    0.5475
   -0.0519    0.6187    0.7840
...   128 A-T ...
   30.4360  -60.8683   31.9038
   -0.9773   -0.2096    0.0302
    0.1831   -0.7646    0.6179
   -0.1064    0.6094    0.7857
...   129 C-G ...
   29.7354  -58.4969   34.0680
   -0.7418   -0.5993    0.3010
    0.6533   -0.5441    0.5265
   -0.1517    0.5872    0.7951
...   130 C-G ...
   28.7641  -56.5243   36.6273
   -0.2688   -0.8549    0.4438
    0.9394   -0.1308    0.3170
   -0.2130    0.5021    0.8382
...   131 A-T ...
   28.0229  -55.0086   39.5018
    0.3135   -0.8425    0.4381
    0.9225    0.3797    0.0700
   -0.2254    0.3822    0.8962
...   132 A-T ...
   27.0770  -53.9984   42.4324
    0.7768   -0.4902    0.3952
    0.5869    0.7911   -0.1723
   -0.2282    0.3658    0.9023
...   133 A-T ...
   26.2530  -53.1086   45.4435
    0.9707    0.0423    0.2366
    0.0461    0.9335   -0.3557
   -0.2359    0.3561    0.9042
...   134 T-A ...
   25.6209  -52.5912   48.6399
    0.8597    0.5097    0.0340
   -0.4497    0.7866   -0.4231
   -0.2424    0.3485    0.9054
...   135 G-C ...
   25.2757  -52.5095   52.0790
    0.3204    0.9427   -0.0928
   -0.8825    0.2614   -0.3910
   -0.3443    0.2071    0.9157
...   136 T-A ...
   25.5258  -52.9786   55.8048
   -0.2439    0.9563   -0.1610
   -0.8908   -0.2866   -0.3525
   -0.3833    0.0575    0.9218
...   137 G-C ...
   24.8933  -52.7376   58.9864
   -0.7529    0.5562   -0.3519
   -0.5215   -0.8303   -0.1966
   -0.4015    0.0355    0.9152
...   138 A-T ...
   24.0143  -51.6373   61.9241
   -0.9563    0.0401   -0.2896
   -0.0524   -0.9980    0.0347
   -0.2876    0.0484    0.9565
...   139 G-C ...
   22.3467  -51.2410   64.4939
   -0.8529   -0.5118   -0.1033
    0.4974   -0.8566    0.1373
   -0.1587    0.0657    0.9851
...   140 C-G ...
   22.1503  -50.1497   67.4638
   -0.4681   -0.8748    0.1248
    0.8495   -0.4066    0.3362
   -0.2434    0.2634    0.9335
...   141 G-C ...
   21.4257  -51.8265   72.7875
    0.1303   -0.7143   -0.6876
    0.8897   -0.2217    0.3990
   -0.4375   -0.6638    0.6066
...   142 C-G ...
   20.4246  -54.3094   74.5417
    0.5846   -0.7390   -0.3348
    0.7594    0.3532    0.5465
   -0.2856   -0.5737    0.7676
...   143 T-A ...
   18.4272  -55.5289   76.5298
    0.8548   -0.5005    0.1370
    0.3188    0.7148    0.6224
   -0.4095   -0.4884    0.7706
...   144 C-G ...
   16.8372  -57.7221   78.2673
    0.8529   -0.0846    0.5151
   -0.1508    0.9048    0.3983
   -0.4998   -0.4174    0.7589
...   145 A-T ...
   15.7829  -59.5614   80.7980
    0.5516    0.4995    0.6680
   -0.6739    0.7388    0.0039
   -0.4916   -0.4523    0.7441
...   146 C-G ...
   15.7315  -61.4939   83.9316
    0.0344    0.7399    0.6718
   -0.8637    0.3602   -0.3526
   -0.5029   -0.5681    0.6514
...   147 A-T ...
   14.7384  -63.4278   86.8192
   -0.5924    0.6746    0.4405
   -0.6886   -0.1401   -0.7114
   -0.4182   -0.7248    0.5475
