  147 base-pairs
...     1 T-A ...
    0.0000    0.0000    0.0000
    1.0000    0.0000    0.0000
    0.0000    1.0000    0.0000
    0.0000    0.0000    1.0000
...     2 G-C ...
   -0.5555   -1.1003    3.3981
    0.7749    0.6051    0.1828
   -0.5991    0.7953   -0.0929
   -0.2016   -0.0375    0.9787
...     3 T-A ...
   -0.6619   -3.0237    6.5348
    0.3046    0.9250    0.2271
   -0.8994    0.3578   -0.2510
   -0.3134   -0.1278    0.9410
...     4 G-C ...
   -1.1607   -3.8418    9.6940
   -0.3351    0.9421    0.0133
   -0.8752   -0.3061   -0.3746
   -0.3489   -0.1372    0.9271
...     5 A-T ...
   -1.3881   -3.6770   12.8999
   -0.7835    0.6162   -0.0801
   -0.5677   -0.7622   -0.3109
   -0.2527   -0.1981    0.9470
...     6 G-C ...
   -2.6236   -3.5448   15.7072
   -0.9923    0.0611   -0.1075
   -0.0294   -0.9610   -0.2748
   -0.1201   -0.2695    0.9555
...     7 C-G ...
   -2.3138   -3.7570   18.8866
   -0.8620   -0.4995   -0.0864
    0.5008   -0.8655    0.0073
   -0.0785   -0.0370    0.9962
...     8 G-C ...
   -3.9561   -6.8109   23.3205
   -0.2581   -0.3560   -0.8981
    0.6294   -0.7673    0.1233
   -0.7330   -0.5335    0.4221
...     9 C-G ...
   -6.1177   -8.9414   24.2385
    0.1143   -0.7320   -0.6716
    0.8123   -0.3203    0.4874
   -0.5720   -0.6013    0.5580
...    10 T-A ...
   -8.5041   -9.6771   26.0540
    0.4660   -0.8587   -0.2131
    0.6274    0.1508    0.7640
   -0.6239   -0.4897    0.6090
...    11 C-G ...
  -11.0625  -11.3174   27.2336
    0.6660   -0.6911    0.2808
    0.3382    0.6152    0.7121
   -0.6649   -0.3794    0.6435
...    12 A-T ...
  -13.0013  -13.1789   29.0658
    0.7188   -0.1490    0.6790
   -0.1787    0.9043    0.3876
   -0.6718   -0.4000    0.6235
...    13 C-G ...
  -14.1788  -15.9359   31.3399
    0.4052    0.2865    0.8682
   -0.5270    0.8492   -0.0343
   -0.7470   -0.4437    0.4951
...    14 A-T ...
  -15.9532  -18.1566   33.3080
   -0.1503    0.6873    0.7107
   -0.6106    0.5008   -0.6135
   -0.7776   -0.5261    0.3444
...    15 A-T ...
  -18.3990  -19.9571   34.4264
   -0.4563    0.8618    0.2216
   -0.3917    0.0291   -0.9196
   -0.7990   -0.5064    0.3243
...    16 T-A ...
  -20.8167  -21.5320   36.1995
   -0.6202    0.7254   -0.2985
   -0.0679   -0.4287   -0.9009
   -0.7815   -0.5385    0.3152
...    17 T-A ...
  -23.3964  -23.0802   37.5444
   -0.5580    0.3239   -0.7640
    0.3202   -0.7654   -0.5583
   -0.7656   -0.5561    0.3233
...    18 T-A ...
  -25.9802  -24.7262   38.5608
   -0.2405   -0.1199   -0.9632
    0.5646   -0.8245   -0.0384
   -0.7895   -0.5531    0.2660
...    19 A-T ...
  -28.5757  -26.6716   39.2277
    0.1949   -0.4908   -0.8492
    0.5746   -0.6445    0.5044
   -0.7949   -0.5863    0.1564
...    20 T-A ...
  -31.5246  -28.1873   39.2386
    0.4619   -0.7526   -0.4693
    0.3878   -0.3045    0.8700
   -0.7977   -0.5838    0.1513
...    21 T-A ...
  -34.1972  -30.0649   39.4142
    0.5898   -0.7988    0.1185
    0.0334    0.1707    0.9848
   -0.8069   -0.5768    0.1273
...    22 C-G ...
  -36.7951  -32.0399   39.7969
    0.5127   -0.5355    0.6710
   -0.3359    0.5942    0.7308
   -0.7901   -0.6001    0.1248
...    23 G-C ...
  -39.5372  -33.7139   40.7799
    0.3325   -0.0408    0.9422
   -0.6006    0.7611    0.2449
   -0.7271   -0.6473    0.2286
...    24 C-G ...
  -41.6533  -36.1117   41.5013
    0.0072    0.3987    0.9170
   -0.6831    0.6717   -0.2867
   -0.7303   -0.6243    0.2772
...    25 A-T ...
  -44.3894  -37.9239   42.0161
   -0.3569    0.7453    0.5632
   -0.5504    0.3194   -0.7714
   -0.7548   -0.5853    0.2962
...    26 A-T ...
  -46.8033  -39.8290   43.1693
   -0.6076    0.7939    0.0237
   -0.2441   -0.1582   -0.9568
   -0.7558   -0.5871    0.2899
...    27 A-T ...
  -49.1900  -41.6477   44.4463
   -0.6439    0.5509   -0.5309
    0.1676   -0.5755   -0.8004
   -0.7465   -0.6044    0.2783
...    28 G-C ...
  -51.9308  -43.2529   45.5956
   -0.4033    0.2041   -0.8920
    0.4668   -0.7926   -0.3923
   -0.7871   -0.5746    0.2244
...    29 G-C ...
  -54.9319  -44.8700   46.2059
    0.0060   -0.2142   -0.9768
    0.5969   -0.7829    0.1753
   -0.8023   -0.5841    0.1231
...    30 C-G ...
  -57.7870  -46.4906   46.2115
    0.3845   -0.5644   -0.7305
    0.4730   -0.5591    0.6809
   -0.7928   -0.6073    0.0519
...    31 C-G ...
  -60.5530  -48.3729   46.1064
    0.6456   -0.7256   -0.2380
    0.1554   -0.1803    0.9713
   -0.7477   -0.6641   -0.0037
...    32 G-C ...
  -62.6456  -50.6166   46.3276
    0.7076   -0.6444    0.2900
   -0.2354    0.1719    0.9566
   -0.6662   -0.7451   -0.0301
...    33 G-C ...
  -64.4187  -53.4880   46.2171
    0.4920   -0.4054    0.7704
   -0.6200    0.4581    0.6370
   -0.6112   -0.7911   -0.0260
...    34 C-G ...
  -66.0886  -56.3066   46.1161
    0.0812   -0.0577    0.9950
   -0.8032    0.5873    0.0996
   -0.5901   -0.8073    0.0013
...    35 C-G ...
  -67.8753  -59.1817   46.4911
   -0.3761    0.3034    0.8755
   -0.7225    0.4956   -0.4821
   -0.5802   -0.8138    0.0328
...    36 C-G ...
  -69.7282  -61.9756   46.8822
   -0.6946    0.5581    0.4539
   -0.4033    0.2204   -0.8881
   -0.5957   -0.8000    0.0720
...    37 G-C ...
  -71.7458  -64.6804   46.0676
   -0.7598    0.6363   -0.1340
    0.0763   -0.1174   -0.9902
   -0.6457   -0.7625    0.0407
...    38 A-T ...
  -73.6627  -67.1796   46.2725
   -0.5646    0.4583   -0.6864
    0.5252   -0.4421   -0.7271
   -0.6367   -0.7711    0.0089
...    39 C-G ...
  -76.0839  -69.2766   46.3537
   -0.1745    0.2101   -0.9620
    0.7378   -0.6190   -0.2690
   -0.6520   -0.7567   -0.0470
...    40 A-T ...
  -78.3503  -71.7180   46.0257
    0.3422   -0.0891   -0.9354
    0.6953   -0.6456    0.3158
   -0.6320   -0.7585   -0.1589
...    41 C-G ...
  -80.5299  -73.9268   44.9768
    0.6922   -0.3497   -0.6313
    0.4132   -0.5251    0.7440
   -0.5917   -0.7759   -0.2189
...    42 G-C ...
  -82.2383  -76.7658   44.5562
    0.8535   -0.5172   -0.0634
   -0.0950   -0.2741    0.9570
   -0.5124   -0.8108   -0.2831
...    43 A-T ...
  -83.8548  -79.3264   43.5881
    0.6372   -0.5759    0.5122
   -0.5801    0.0791    0.8107
   -0.5074   -0.8137   -0.2837
...    44 C-G ...
  -85.0103  -82.0995   42.1964
    0.2538   -0.4109    0.8756
   -0.8449    0.3465    0.4075
   -0.4709   -0.8432   -0.2593
...    45 T-A ...
  -86.0066  -85.4713   41.2828
   -0.2646   -0.1342    0.9550
   -0.8476    0.5047   -0.1639
   -0.4600   -0.8528   -0.2473
...    46 T-A ...
  -87.1258  -88.4282   40.5034
   -0.6846    0.1194    0.7191
   -0.5772    0.5136   -0.6348
   -0.4451   -0.8497   -0.2827
...    47 A-T ...
  -88.7234  -91.1122   39.1904
   -0.9055    0.4027    0.1339
    0.0054    0.3265   -0.9452
   -0.4243   -0.8551   -0.2978
...    48 C-G ...
  -90.2926  -94.0472   38.8483
   -0.7574    0.5258   -0.3872
    0.4897    0.0652   -0.8694
   -0.4319   -0.8481   -0.3069
...    49 T-A ...
  -92.1100  -96.7792   38.0347
   -0.3403    0.5448   -0.7664
    0.8161   -0.2338   -0.5285
   -0.4672   -0.8053   -0.3650
...    50 G-C ...
  -93.7189  -99.3494   36.5300
    0.2382    0.4340   -0.8689
    0.8650   -0.5016   -0.0135
   -0.4417   -0.7483   -0.4948
...    51 T-A ...
  -95.5229 -101.3586   34.7982
    0.6597    0.1924   -0.7265
    0.6383   -0.6538    0.4064
   -0.3968   -0.7318   -0.5541
...    52 A-T ...
  -96.7136 -103.3158   32.3298
    0.9588   -0.0160   -0.2838
    0.1917   -0.7007    0.6872
   -0.2098   -0.7132   -0.6688
...    53 G-C ...
  -97.4773 -105.3592   29.9385
    0.9465   -0.2726    0.1727
   -0.3112   -0.6295    0.7119
   -0.0853   -0.7276   -0.6807
...    54 G-C ...
  -97.1305 -107.5443   27.0546
    0.6298   -0.5034    0.5915
   -0.7767   -0.4178    0.4714
    0.0098   -0.7563   -0.6541
...    55 T-A ...
  -96.5157 -109.9392   24.9087
    0.1394   -0.6384    0.7570
   -0.9893   -0.1231    0.0783
    0.0432   -0.7598   -0.6487
...    56 A-T ...
  -95.8830 -112.6058   22.8992
   -0.4660   -0.5694    0.6772
   -0.8822    0.2405   -0.4048
    0.0676   -0.7861   -0.6144
...    57 T-A ...
  -95.0242 -115.3697   21.2847
   -0.8525   -0.3919    0.3458
   -0.5135    0.5042   -0.6944
    0.0977   -0.7695   -0.6311
...    58 C-G ...
  -94.6878 -118.1420   19.3941
   -0.9853   -0.0078   -0.1704
    0.1237    0.6553   -0.7451
    0.1175   -0.7553   -0.6448
...    59 T-A ...
  -94.5748 -120.8440   17.3928
   -0.7721    0.3736   -0.5141
    0.6294    0.5614   -0.5373
    0.0879   -0.7384   -0.6686
...    60 C-G ...
  -94.2603 -123.3839   15.1839
   -0.2589    0.6543   -0.7105
    0.9601    0.2549   -0.1151
    0.1059   -0.7120   -0.6942
...    61 G-C ...
  -93.3931 -125.5155   12.8213
    0.2286    0.8204   -0.5242
    0.9598   -0.0998    0.2624
    0.1630   -0.5631   -0.8102
...    62 A-T ...
  -92.7398 -127.5407   10.3626
    0.7019    0.6817   -0.2065
    0.6617   -0.5169    0.5431
    0.2635   -0.5179   -0.8139
...    63 G-C ...
  -91.8109 -128.8348    7.4518
    0.9094    0.3742    0.1816
    0.2195   -0.8025    0.5548
    0.3533   -0.4647   -0.8119
...    64 C-G ...
  -90.4576 -129.8410    4.5175
    0.8492   -0.1121    0.5160
   -0.3183   -0.8884    0.3309
    0.4213   -0.4453   -0.7901
...    65 T-A ...
  -88.8687 -131.0021    1.8732
    0.5313   -0.5282    0.6623
   -0.6881   -0.7252   -0.0263
    0.4942   -0.4417   -0.7487
...    66 C-G ...
  -87.3013 -132.8476   -0.2774
    0.0252   -0.8379    0.5452
   -0.8142   -0.3336   -0.4751
    0.5800   -0.4320   -0.6907
...    67 G-C ...
  -86.1944 -134.7245   -3.0358
   -0.4606   -0.8663    0.1931
   -0.6424    0.1752   -0.7461
    0.6125   -0.4677   -0.6372
...    68 G-C ...
  -84.0258 -136.4375   -4.9864
   -0.7581   -0.6072   -0.2380
   -0.2753    0.6287   -0.7272
    0.5912   -0.4858   -0.6438
...    69 G-C ...
  -82.0960 -138.2610   -7.0167
   -0.8256   -0.1260   -0.5500
    0.1975    0.8485   -0.4910
    0.5285   -0.5140   -0.6757
...    70 A-T ...
  -80.3614 -140.2356   -9.1160
   -0.5322    0.4081   -0.7417
    0.6465    0.7616   -0.0449
    0.5466   -0.5034   -0.6692
...    71 T-A ...
  -79.0531 -142.2433  -11.3930
   -0.1302    0.7545   -0.6433
    0.8231    0.4439    0.3541
    0.5527   -0.4834   -0.6788
...    72 C-G ...
  -77.3956 -143.8263  -13.7735
    0.3540    0.8907   -0.2853
    0.7350   -0.0763    0.6738
    0.5784   -0.4482   -0.6816
...    73 C-G ...
  -75.6950 -145.5322  -16.0301
    0.5693    0.7942    0.2125
    0.4403   -0.5128    0.7370
    0.6943   -0.3260   -0.6416
...    74 G-C ...
  -73.0879 -146.6595  -17.7593
    0.5669    0.4649    0.6801
    0.1209   -0.8636    0.4895
    0.8149   -0.1953   -0.5458
...    75 C-G ...
  -70.1873 -146.7167  -19.6368
    0.5082   -0.0998    0.8554
   -0.1958   -0.9806    0.0020
    0.8387   -0.1685   -0.5179
...    76 T-A ...
  -66.9236 -146.9376  -20.8576
    0.2958   -0.6310    0.7171
   -0.3750   -0.7672   -0.5204
    0.8786   -0.1150   -0.4636
...    77 T-A ...
  -63.8917 -147.0854  -22.0652
    0.0614   -0.9644    0.2571
   -0.4603   -0.2559   -0.8500
    0.8856   -0.0662   -0.4597
...    78 T-A ...
  -60.8341 -147.2155  -23.2171
   -0.1608   -0.9389   -0.3044
   -0.4177    0.3442   -0.8409
    0.8942   -0.0081   -0.4475
...    79 A-T ...
  -58.2141 -146.4825  -25.1428
   -0.2342   -0.5226   -0.8198
   -0.2776    0.8441   -0.4588
    0.9317    0.1201   -0.3428
...    80 A-T ...
  -55.1590 -146.2166  -26.1334
   -0.3099    0.0567   -0.9491
   -0.1379    0.9850    0.1039
    0.9407    0.1630   -0.2974
...    81 C-G ...
  -52.0060 -146.2255  -27.3290
   -0.3390    0.5743   -0.7452
    0.0277    0.7979    0.6022
    0.9404    0.1835   -0.2864
...    82 A-T ...
  -48.9109 -145.6357  -28.3300
   -0.3529    0.9013   -0.2512
    0.1953    0.3335    0.9223
    0.9151    0.2764   -0.2937
...    83 C-G ...
  -46.1591 -144.6230  -29.9188
   -0.2514    0.9316    0.2624
    0.3408   -0.1686    0.9249
    0.9059    0.3219   -0.2751
...    84 T-A ...
  -43.2684 -143.0149  -31.2218
   -0.1249    0.6401    0.7581
    0.4292   -0.6540    0.6230
    0.8945    0.4032   -0.1931
...    85 T-A ...
  -40.5771 -141.3412  -31.8874
    0.1001    0.1521    0.9833
    0.4356   -0.8952    0.0941
    0.8945    0.4189   -0.1559
...    86 T-A ...
  -37.7630 -139.8331  -32.2500
    0.2680   -0.3869    0.8823
    0.3344   -0.8215   -0.4618
    0.9035    0.4188   -0.0907
...    87 A-T ...
  -34.6722 -138.6120  -32.4617
    0.3506   -0.8102    0.4697
    0.1691   -0.4385   -0.8827
    0.9211    0.3889   -0.0167
...    88 T-A ...
  -31.8553 -137.1100  -31.7649
    0.3693   -0.9293    0.0013
    0.0194    0.0063   -0.9998
    0.9291    0.3693    0.0203
...    89 G-C ...
  -28.7033 -136.1279  -31.4955
    0.2268   -0.7624   -0.6060
   -0.1701    0.5817   -0.7954
    0.9590    0.2835    0.0022
...    90 C-G ...
  -25.4211 -135.5532  -31.3985
    0.0888   -0.3076   -0.9474
   -0.2747    0.9067   -0.3201
    0.9574    0.2887   -0.0040
...    91 T-A ...
  -22.0209 -135.0122  -31.5083
   -0.0873    0.2620   -0.9611
   -0.2595    0.9255    0.2759
    0.9618    0.2734   -0.0128
...    92 T-A ...
  -18.8892 -134.3154  -31.6256
   -0.2365    0.7280   -0.6435
   -0.1890    0.6151    0.7654
    0.9531    0.3026   -0.0079
...    93 C-G ...
  -15.7242 -133.3538  -31.8795
   -0.3659    0.9264   -0.0888
   -0.0324    0.0827    0.9961
    0.9301    0.3674   -0.0002
...    94 C-G ...
  -12.5608 -132.4229  -31.9921
   -0.4831    0.7682    0.4201
    0.1361   -0.4081    0.9027
    0.8649    0.4933    0.0926
...    95 G-C ...
   -9.9563 -130.9124  -31.4296
   -0.4933    0.3803    0.7823
    0.3776   -0.7166    0.5865
    0.7836    0.5847    0.2099
...    96 G-C ...
   -7.7660 -128.6358  -30.4013
   -0.2981   -0.1254    0.9463
    0.6253   -0.7746    0.0943
    0.7212    0.6198    0.3093
...    97 C-G ...
   -5.9241 -126.2545  -28.9028
    0.0525   -0.5557    0.8297
    0.7165   -0.5578   -0.4189
    0.6956    0.6165    0.3689
...    98 T-A ...
   -3.8959 -124.1078  -27.4584
    0.3871   -0.7902    0.4750
    0.6248   -0.1540   -0.7654
    0.6780    0.5931    0.4341
...    99 C-G ...
   -1.6286 -122.2335  -25.9232
    0.6823   -0.7286   -0.0601
    0.2968    0.3511   -0.8881
    0.6682    0.5880    0.4558
...   100 T-A ...
    0.6339 -120.5582  -24.1551
    0.7148   -0.4499   -0.5354
   -0.0935    0.6972   -0.7107
    0.6931    0.5581    0.4563
...   101 C-G ...
    2.9937 -118.8046  -22.6800
    0.5559    0.0153   -0.8311
   -0.4739    0.8272   -0.3018
    0.6829    0.5616    0.4671
...   102 A-T ...
    5.0219 -116.8128  -20.8788
    0.1406    0.4243   -0.8945
   -0.6981    0.6832    0.2143
    0.7020    0.5943    0.3923
...   103 T-A ...
    7.6279 -115.1541  -19.8561
   -0.2424    0.6898   -0.6822
   -0.6797    0.3811    0.6268
    0.6923    0.6156    0.3765
...   104 G-C ...
   10.1165 -113.0017  -18.7489
   -0.6496    0.7213   -0.2403
   -0.4374   -0.0961    0.8941
    0.6218    0.6860    0.3779
...   105 T-A ...
   12.2826 -110.5558  -18.1469
   -0.8031    0.5483    0.2332
   -0.0532   -0.4559    0.8884
    0.5934    0.7011    0.3953
...   106 T-A ...
   13.9576 -108.1697  -17.0001
   -0.7654    0.1689    0.6209
    0.3759   -0.6658    0.6445
    0.5223    0.7268    0.4461
...   107 A-T ...
   15.4544 -105.8084  -15.3222
   -0.5469   -0.3039    0.7801
    0.7277   -0.6333    0.2634
    0.4140    0.7118    0.5674
...   108 T-A ...
   16.0997 -103.1833  -13.5608
   -0.1276   -0.5838    0.8018
    0.9091   -0.3921   -0.1409
    0.3967    0.7109    0.5807
...   109 A-T ...
   17.4456 -100.9542  -11.5259
    0.3553   -0.7582    0.5467
    0.8566    0.0299   -0.5152
    0.3742    0.6513    0.6601
...   110 A-T ...
   18.4482  -98.9693   -9.2553
    0.7622   -0.6253    0.1674
    0.5314    0.4568   -0.7134
    0.3697    0.6327    0.6805
...   111 C-G ...
   19.4693  -97.3253   -6.3860
    0.9364   -0.2617   -0.2337
    0.0318    0.7266   -0.6863
    0.3495    0.6352    0.6887
...   112 G-C ...
   20.7696  -95.1008   -4.3780
    0.7619    0.1893   -0.6194
   -0.5097    0.7654   -0.3930
    0.3997    0.6151    0.6796
...   113 G-C ...
   22.2864  -93.1897   -2.1627
    0.3546    0.5147   -0.7806
   -0.8253    0.5646   -0.0026
    0.4394    0.6452    0.6250
...   114 A-T ...
   23.7734  -91.1528   -0.0660
   -0.1961    0.7380   -0.6457
   -0.8871    0.1471    0.4375
    0.4179    0.6586    0.6258
...   115 G-C ...
   25.5417  -88.7168    1.4737
   -0.6733    0.6324   -0.3830
   -0.6553   -0.2704    0.7054
    0.3425    0.7259    0.5965
...   116 T-A ...
   26.9106  -86.0636    2.8860
   -0.9327    0.3606   -0.0003
   -0.2189   -0.5656    0.7951
    0.2865    0.7416    0.6065
...   117 A-T ...
   27.6151  -83.0583    4.4485
   -0.9324   -0.1032    0.3463
    0.3277   -0.6453    0.6900
    0.1523    0.7569    0.6355
...   118 T-A ...
   27.6548  -80.2508    6.0296
   -0.6593   -0.4156    0.6266
    0.7390   -0.5120    0.4380
    0.1388    0.7518    0.6446
...   119 A-T ...
   27.9790  -77.9011    8.2852
   -0.2000   -0.7103    0.6749
    0.9780   -0.1864    0.0937
    0.0593    0.6788    0.7320
...   120 A-T ...
   27.8086  -75.8046   10.7380
    0.3670   -0.7273    0.5800
    0.9290    0.2545   -0.2688
    0.0479    0.6374    0.7690
...   121 T-A ...
   27.3800  -74.0521   13.5419
    0.7886   -0.4951    0.3646
    0.6139    0.6001   -0.5128
    0.0351    0.6282    0.7772
...   122 G-C ...
   27.4850  -72.1849   16.3839
    0.9946   -0.0947   -0.0417
    0.0499    0.7923   -0.6081
    0.0906    0.6027    0.7928
...   123 T-A ...
   27.9229  -70.6556   19.2501
    0.8911    0.3113   -0.3303
   -0.4449    0.7435   -0.4994
    0.0901    0.5919    0.8010
...   124 G-C ...
   28.3230  -68.7342   21.9231
    0.4718    0.6539   -0.5915
   -0.8715    0.4476   -0.2004
    0.1337    0.6100    0.7810
...   125 T-A ...
   29.2419  -66.9836   24.4793
   -0.0452    0.7724   -0.6336
   -0.9904    0.0481    0.1293
    0.1303    0.6334    0.7628
...   126 C-G ...
   29.7101  -64.9503   26.8608
   -0.6119    0.6586   -0.4380
   -0.7798   -0.4100    0.4731
    0.1320    0.6310    0.7644
...   127 G-C ...
   29.6505  -63.0905   29.5476
   -0.9232    0.2598   -0.2830
   -0.3832   -0.6771    0.6282
   -0.0284    0.6885    0.7247
...   128 A-T ...
   29.7123  -60.9285   31.8233
   -0.9760   -0.1871    0.1113
    0.2135   -0.7230    0.6570
   -0.0424    0.6650    0.7456
...   129 C-G ...
   29.1976  -58.2998   33.7358
   -0.7220   -0.5702    0.3918
    0.6859   -0.5158    0.5133
   -0.0906    0.6394    0.7635
...   130 C-G ...
   28.0683  -56.2512   36.2418
   -0.2702   -0.8313    0.4858
    0.9469   -0.1381    0.2904
   -0.1744    0.5385    0.8244
...   131 A-T ...
   27.7830  -54.9064   39.2760
    0.2833   -0.8638    0.4165
    0.9423    0.3315    0.0464
   -0.1782    0.3794    0.9079
...   132 A-T ...
   27.0614  -53.9053   42.3110
    0.7618   -0.5386    0.3601
    0.6215    0.7645   -0.1713
   -0.1830    0.3543    0.9170
...   133 A-T ...
   26.2463  -53.1043   45.3926
    0.9715    0.0304    0.2350
    0.0573    0.9321   -0.3575
   -0.2299    0.3608    0.9039
...   134 T-A ...
   25.6209  -52.5913   48.6400
    0.8597    0.5097    0.0340
   -0.4497    0.7866   -0.4231
   -0.2424    0.3485    0.9054
...   135 G-C ...
   25.2757  -52.5095   52.0791
    0.3204    0.9427   -0.0928
   -0.8825    0.2614   -0.3910
   -0.3443    0.2071    0.9157
...   136 T-A ...
   25.5258  -52.9786   55.8049
   -0.2439    0.9563   -0.1610
   -0.8908   -0.2866   -0.3525
   -0.3833    0.0575    0.9218
...   137 G-C ...
   24.8933  -52.7377   58.9865
   -0.7529    0.5562   -0.3519
   -0.5215   -0.8303   -0.1966
   -0.4015    0.0355    0.9152
...   138 A-T ...
   24.0143  -51.6373   61.9242
   -0.9563    0.0401   -0.2896
   -0.0524   -0.9980    0.0347
   -0.2876    0.0484    0.9565
...   139 G-C ...
   22.3467  -51.2411   64.4940
   -0.8529   -0.5118   -0.1033
    0.4974   -0.8566    0.1373
   -0.1587    0.0657    0.9851
...   140 C-G ...
   22.1503  -50.1497   67.4638
   -0.4681   -0.8748    0.1248
    0.8495   -0.4066    0.3362
   -0.2434    0.2634    0.9335
...   141 G-C ...
   21.4257  -51.8265   72.7876
    0.1303   -0.7143   -0.6876
    0.8897   -0.2217    0.3990
   -0.4375   -0.6638    0.6066
...   142 C-G ...
   20.4246  -54.3094   74.5418
    0.5846   -0.7390   -0.3348
    0.7594    0.3532    0.5465
   -0.2856   -0.5737    0.7676
...   143 T-A ...
   18.4271  -55.5289   76.5298
    0.8548   -0.5005    0.1370
    0.3188    0.7148    0.6224
   -0.4095   -0.4884    0.7706
...   144 C-G ...
   16.8372  -57.7221   78.2673
    0.8529   -0.0846    0.5151
   -0.1508    0.9048    0.3983
   -0.4998   -0.4174    0.7589
...   145 A-T ...
   15.7829  -59.5614   80.7981
    0.5516    0.4995    0.6680
   -0.6739    0.7388    0.0039
   -0.4916   -0.4523    0.7441
...   146 C-G ...
   15.7315  -61.4939   83.9316
    0.0344    0.7399    0.6718
   -0.8637    0.3602   -0.3526
   -0.5029   -0.5681    0.6514
...   147 A-T ...
   14.7384  -63.4278   86.8192
   -0.5924    0.6746    0.4405
   -0.6886   -0.1401   -0.7114
   -0.4182   -0.7248    0.5475
