  147 base-pairs
...     1 T-A ...
    0.0000    0.0000    0.0000
    1.0000    0.0000    0.0000
    0.0000    1.0000    0.0000
    0.0000    0.0000    1.0000
...     2 G-C ...
   -0.5555   -1.1003    3.3981
    0.7749    0.6051    0.1828
   -0.5991    0.7953   -0.0929
   -0.2016   -0.0375    0.9787
...     3 T-A ...
   -0.6619   -3.0237    6.5348
    0.3046    0.9250    0.2271
   -0.8994    0.3578   -0.2510
   -0.3134   -0.1278    0.9410
...     4 G-C ...
   -1.1607   -3.8418    9.6940
   -0.3351    0.9421    0.0133
   -0.8752   -0.3061   -0.3746
   -0.3489   -0.1372    0.9271
...     5 A-T ...
   -1.3881   -3.6770   12.8999
   -0.7835    0.6162   -0.0801
   -0.5677   -0.7622   -0.3109
   -0.2527   -0.1981    0.9470
...     6 G-C ...
   -2.6236   -3.5448   15.7072
   -0.9923    0.0611   -0.1075
   -0.0294   -0.9610   -0.2748
   -0.1201   -0.2695    0.9555
...     7 C-G ...
   -2.3138   -3.7570   18.8866
   -0.8620   -0.4995   -0.0864
    0.5008   -0.8655    0.0073
   -0.0785   -0.0370    0.9962
...     8 G-C ...
   -3.9561   -6.8109   23.3205
   -0.2581   -0.3560   -0.8981
    0.6294   -0.7673    0.1233
   -0.7330   -0.5335    0.4221
...     9 C-G ...
   -6.1177   -8.9414   24.2385
    0.1143   -0.7320   -0.6716
    0.8123   -0.3203    0.4874
   -0.5720   -0.6013    0.5580
...    10 T-A ...
   -8.5041   -9.6771   26.0540
    0.4660   -0.8587   -0.2131
    0.6274    0.1508    0.7640
   -0.6239   -0.4897    0.6090
...    11 C-G ...
  -11.0625  -11.3174   27.2336
    0.6660   -0.6911    0.2808
    0.3382    0.6152    0.7121
   -0.6649   -0.3794    0.6435
...    12 A-T ...
  -13.0013  -13.1789   29.0658
    0.7188   -0.1490    0.6790
   -0.1787    0.9043    0.3876
   -0.6718   -0.4000    0.6235
...    13 C-G ...
  -14.1788  -15.9359   31.3399
    0.4052    0.2865    0.8682
   -0.5270    0.8492   -0.0343
   -0.7470   -0.4437    0.4951
...    14 A-T ...
  -15.9532  -18.1566   33.3080
   -0.1503    0.6873    0.7107
   -0.6106    0.5008   -0.6135
   -0.7776   -0.5261    0.3444
...    15 A-T ...
  -18.3223  -19.9491   34.6251
   -0.4779    0.8456    0.2379
   -0.4009    0.0310   -0.9156
   -0.7816   -0.5329    0.3242
...    16 T-A ...
  -20.6740  -21.5231   36.2975
   -0.6047    0.7535   -0.2580
   -0.0999   -0.3931   -0.9141
   -0.7902   -0.5269    0.3130
...    17 T-A ...
  -23.2564  -23.0673   37.4892
   -0.5317    0.4222   -0.7342
    0.2582   -0.7448   -0.6153
   -0.8066   -0.5167    0.2870
...    18 T-A ...
  -25.9772  -24.5158   38.4643
   -0.2659   -0.0418   -0.9631
    0.5050   -0.8571   -0.1022
   -0.8212   -0.5135    0.2490
...    19 A-T ...
  -28.8812  -26.0698   38.9864
    0.1676   -0.4306   -0.8868
    0.5284   -0.7202    0.4496
   -0.8323   -0.5440    0.1068
...    20 T-A ...
  -31.8638  -27.4279   38.8373
    0.4246   -0.7223   -0.5459
    0.3629   -0.4166    0.8335
   -0.8295   -0.5520    0.0852
...    21 T-A ...
  -34.6078  -29.1579   38.8154
    0.5577   -0.8298    0.0189
    0.0468    0.0542    0.9974
   -0.8287   -0.5554    0.0690
...    22 C-G ...
  -37.2218  -31.1318   38.9378
    0.4945   -0.6299    0.5989
   -0.3117    0.5147    0.7987
   -0.8114   -0.5816    0.0582
...    23 G-C ...
  -40.0042  -32.8982   39.5209
    0.2905   -0.1861    0.9386
   -0.5712    0.7532    0.3262
   -0.7677   -0.6309    0.1125
...    24 C-G ...
  -42.2745  -35.2966   39.9155
   -0.0531    0.2743    0.9602
   -0.6435    0.7259   -0.2429
   -0.7636   -0.6308    0.1379
...    25 A-T ...
  -44.9808  -37.1949   40.2449
   -0.3635    0.6850    0.6314
   -0.5026    0.4265   -0.7520
   -0.7844   -0.5906    0.1893
...    26 A-T ...
  -47.4117  -39.1788   41.0995
   -0.5969    0.7972    0.0903
   -0.1903   -0.0313   -0.9812
   -0.7795   -0.6028    0.1704
...    27 A-T ...
  -49.9398  -41.0517   41.8974
   -0.5959    0.6416   -0.4830
    0.1925   -0.4698   -0.8615
   -0.7797   -0.6063    0.1565
...    28 G-C ...
  -52.6693  -42.7958   42.5605
   -0.3411    0.3529   -0.8713
    0.4767   -0.7339   -0.4839
   -0.8102   -0.5804    0.0821
...    29 G-C ...
  -55.6254  -44.4127   42.7736
    0.0554   -0.0284   -0.9981
    0.5675   -0.8215    0.0549
   -0.8215   -0.5695   -0.0294
...    30 C-G ...
  -58.5419  -45.9093   42.3977
    0.4056   -0.4255   -0.8090
    0.4321   -0.6907    0.5799
   -0.8055   -0.5848   -0.0963
...    31 C-G ...
  -61.2385  -47.7795   41.6051
    0.6525   -0.6662   -0.3611
    0.1151   -0.3839    0.9162
   -0.7490   -0.6394   -0.1739
...    32 G-C ...
  -63.5280  -50.1958   41.2465
    0.6886   -0.6891    0.2259
   -0.3118   -0.0000    0.9502
   -0.6547   -0.7247   -0.2148
...    33 G-C ...
  -65.3954  -52.8529   40.3126
    0.4540   -0.5240    0.7206
   -0.6654    0.3384    0.6654
   -0.5926   -0.7816   -0.1950
...    34 C-G ...
  -66.9761  -55.6855   39.5803
    0.0278   -0.2302    0.9728
   -0.8200    0.5513    0.1539
   -0.5717   -0.8019   -0.1734
...    35 C-G ...
  -68.6975  -58.5662   39.2011
   -0.4001    0.1552    0.9032
   -0.7142    0.5648   -0.4134
   -0.5743   -0.8105   -0.1152
...    36 C-G ...
  -70.5347  -61.3991   39.0799
   -0.6953    0.4860    0.5296
   -0.3819    0.3743   -0.8450
   -0.6089   -0.7898   -0.0746
...    37 G-C ...
  -72.6690  -63.8954   38.4015
   -0.7336    0.6786   -0.0364
    0.0795    0.0326   -0.9963
   -0.6749   -0.7338   -0.0779
...    38 A-T ...
  -74.8685  -66.3231   38.2444
   -0.5233    0.5922   -0.6128
    0.5046   -0.3641   -0.7828
   -0.6867   -0.7188   -0.1083
...    39 C-G ...
  -77.5041  -68.3163   38.2233
   -0.1559    0.3449   -0.9256
    0.7044   -0.6181   -0.3490
   -0.6925   -0.7064   -0.1466
...    40 A-T ...
  -79.7717  -70.7000   37.6281
    0.3522    0.0360   -0.9352
    0.6549   -0.7233    0.2188
   -0.6686   -0.6896   -0.2783
...    41 C-G ...
  -82.2414  -72.4692   36.3759
    0.6750   -0.3032   -0.6727
    0.3699   -0.6498    0.6640
   -0.6384   -0.6970   -0.3265
...    42 G-C ...
  -84.0998  -75.0497   35.3355
    0.8522   -0.5012   -0.1505
   -0.0897   -0.4232    0.9016
   -0.5155   -0.7548   -0.4056
...    43 A-T ...
  -85.6261  -77.5575   33.8930
    0.6639   -0.6181    0.4210
   -0.5851   -0.0786    0.8071
   -0.4658   -0.7822   -0.4138
...    44 C-G ...
  -86.6003  -80.1968   32.1436
    0.2721   -0.5478    0.7911
   -0.8591    0.2319    0.4562
   -0.4334   -0.8038   -0.4075
...    45 T-A ...
  -87.6825  -83.0477   30.8403
   -0.2109   -0.3094    0.9273
   -0.8901    0.4528   -0.0513
   -0.4040   -0.8362   -0.3709
...    46 T-A ...
  -88.7059  -85.9174   29.6815
   -0.7050   -0.0247    0.7088
   -0.6013    0.5507   -0.5789
   -0.3760   -0.8343   -0.4031
...    47 A-T ...
  -90.0675  -88.4389   27.8629
   -0.9456    0.2913    0.1446
    0.0041    0.4554   -0.8903
   -0.3252   -0.8413   -0.4318
...    48 C-G ...
  -91.3159  -91.4098   26.9981
   -0.7969    0.4967   -0.3438
    0.5062    0.2387   -0.8287
   -0.3296   -0.8344   -0.4417
...    49 T-A ...
  -92.6916  -94.1387   25.6932
   -0.3893    0.5934   -0.7045
    0.8538   -0.0545   -0.5177
   -0.3456   -0.8031   -0.4854
...    50 G-C ...
  -93.7702  -96.7392   23.9037
    0.1935    0.5568   -0.8078
    0.9249   -0.3782   -0.0392
   -0.3273   -0.7396   -0.5881
...    51 T-A ...
  -95.3264  -98.7761   21.8399
    0.6590    0.3261   -0.6778
    0.6952   -0.6080    0.3835
   -0.2871   -0.7239   -0.6274
...    52 A-T ...
  -96.2349 -100.9023   19.4324
    0.9640    0.0713   -0.2562
    0.2279   -0.7179    0.6578
   -0.1370   -0.6925   -0.7083
...    53 G-C ...
  -96.5344 -102.9279   16.8487
    0.9528   -0.2383    0.1880
   -0.3017   -0.6742    0.6741
   -0.0339   -0.6990   -0.7143
...    54 G-C ...
  -96.1353 -105.1315   14.3271
    0.6445   -0.4878    0.5888
   -0.7606   -0.4876    0.4286
    0.0780   -0.7240   -0.6853
...    55 T-A ...
  -95.2501 -107.3017   12.0054
    0.1517   -0.6491    0.7454
   -0.9822   -0.1836    0.0401
    0.1108   -0.7383   -0.6654
...    56 A-T ...
  -95.2025 -109.7977    9.7547
   -0.4896   -0.6346    0.5980
   -0.8607    0.2416   -0.4482
    0.1399   -0.7341   -0.6645
...    57 T-A ...
  -94.2287 -112.4426    8.0072
   -0.8576   -0.4422    0.2627
   -0.4868    0.5331   -0.6919
    0.1659   -0.7213   -0.6725
...    58 C-G ...
  -93.6857 -114.9071    5.8874
   -0.9771   -0.0416   -0.2085
    0.1220    0.6933   -0.7102
    0.1741   -0.7194   -0.6724
...    59 T-A ...
  -93.3075 -117.4867    3.8203
   -0.7667    0.3559   -0.5343
    0.6228    0.6144   -0.4845
    0.1558   -0.7042   -0.6927
...    60 C-G ...
  -92.8388 -119.8759    1.6092
   -0.2569    0.6700   -0.6966
    0.9515    0.3017   -0.0606
    0.1695   -0.6783   -0.7149
...    61 G-C ...
  -91.9070 -122.1029   -0.7046
    0.2754    0.8165   -0.5074
    0.9337   -0.1016    0.3434
    0.2288   -0.5683   -0.7904
...    62 A-T ...
  -91.2403 -123.9229   -3.3134
    0.7378    0.6557   -0.1601
    0.6106   -0.5473    0.5724
    0.2877   -0.5201   -0.8042
...    63 G-C ...
  -90.3107 -125.3057   -6.1481
    0.9069    0.3441    0.2431
    0.1581   -0.8128    0.5607
    0.3905   -0.4701   -0.7915
...    64 C-G ...
  -88.8287 -126.3370   -8.8886
    0.8199   -0.1019    0.5633
   -0.3296   -0.8886    0.3191
    0.4680   -0.4473   -0.7621
...    65 T-A ...
  -86.9390 -127.5123  -11.3133
    0.4922   -0.5074    0.7073
   -0.6718   -0.7381   -0.0621
    0.5536   -0.4446   -0.7042
...    66 C-G ...
  -84.9366 -129.0343  -13.3975
   -0.0042   -0.8303    0.5573
   -0.8049   -0.3279   -0.4946
    0.5934   -0.4506   -0.6670
...    67 G-C ...
  -83.3182 -130.8717  -15.6834
   -0.4921   -0.8432    0.2163
   -0.6151    0.1610   -0.7718
    0.6160   -0.5129   -0.5979
...    68 G-C ...
  -81.2023 -132.8388  -17.4401
   -0.7705   -0.5953   -0.2280
   -0.2212    0.5851   -0.7802
    0.5979   -0.5507   -0.5825
...    69 G-C ...
  -79.1934 -134.8882  -19.2290
   -0.7840   -0.1494   -0.6025
    0.2459    0.8165   -0.5224
    0.5700   -0.5577   -0.6034
...    70 A-T ...
  -77.2613 -136.8049  -21.0815
   -0.4857    0.3698   -0.7920
    0.6488    0.7598   -0.0432
    0.5858   -0.5348   -0.6089
...    71 T-A ...
  -75.8586 -138.9677  -23.1447
   -0.0868    0.7037   -0.7052
    0.7930    0.4773    0.3786
    0.6031   -0.5263   -0.5994
...    72 C-G ...
  -73.9467 -140.7533  -25.1185
    0.3521    0.8814   -0.3148
    0.6829   -0.0120    0.7304
    0.6401   -0.4722   -0.6061
...    73 C-G ...
  -71.9934 -142.2171  -27.4519
    0.5645    0.8011    0.1991
    0.3973   -0.4751    0.7852
    0.7235   -0.3641   -0.5864
...    74 G-C ...
  -69.3601 -143.3713  -29.1517
    0.5413    0.4844    0.6872
    0.0740   -0.8416    0.5349
    0.8375   -0.2387   -0.4915
...    75 C-G ...
  -66.4911 -143.5712  -30.7355
    0.4294   -0.0184    0.9029
   -0.1870   -0.9799    0.0690
    0.8835   -0.1984   -0.4242
...    76 T-A ...
  -63.4064 -143.8748  -31.8514
    0.1980   -0.5082    0.8382
   -0.3185   -0.8421   -0.4353
    0.9270   -0.1807   -0.3286
...    77 T-A ...
  -60.2917 -144.2526  -32.6800
   -0.0061   -0.8991    0.4376
   -0.3486   -0.4083   -0.8437
    0.9372   -0.1577   -0.3110
...    78 T-A ...
  -57.1300 -144.6605  -33.3576
   -0.1583   -0.9765   -0.1461
   -0.2710    0.1853   -0.9446
    0.9495   -0.1099   -0.2940
...    79 A-T ...
  -54.0428 -144.5655  -34.8136
   -0.1988   -0.6191   -0.7598
   -0.1252    0.7849   -0.6068
    0.9720   -0.0255   -0.2336
...    80 A-T ...
  -50.8419 -144.9136  -35.3683
   -0.1748   -0.0460   -0.9835
   -0.0190    0.9989   -0.0433
    0.9844    0.0111   -0.1755
...    81 C-G ...
  -47.6291 -145.4541  -36.0547
   -0.1706    0.4860   -0.8571
    0.0550    0.8732    0.4842
    0.9838    0.0354   -0.1757
...    82 A-T ...
  -44.3358 -145.1982  -36.4415
   -0.2179    0.8848   -0.4118
    0.1292    0.4444    0.8865
    0.9674    0.1400   -0.2112
...    83 C-G ...
  -41.3421 -144.8196  -37.7045
   -0.1809    0.9773    0.1098
    0.2158   -0.0695    0.9740
    0.9595    0.1999   -0.1984
...    84 T-A ...
  -38.3241 -143.8753  -38.5954
   -0.1576    0.7798    0.6059
    0.2948   -0.5485    0.7825
    0.9425    0.3019   -0.1434
...    85 T-A ...
  -35.3870 -142.6649  -39.1056
   -0.0408    0.3354    0.9412
    0.3532   -0.8763    0.3276
    0.9346    0.3458   -0.0827
...    86 T-A ...
  -32.4782 -141.2888  -39.2815
    0.1096   -0.2154    0.9703
    0.3482   -0.9060   -0.2405
    0.9310    0.3643   -0.0243
...    87 A-T ...
  -29.4143 -140.0319  -38.9947
    0.1881   -0.7174    0.6708
    0.2954   -0.6101   -0.7353
    0.9367    0.3364    0.0971
...    88 T-A ...
  -26.5722 -138.6590  -38.0388
    0.3210   -0.9237    0.2091
    0.1769   -0.1584   -0.9714
    0.9304    0.3488    0.1125
...    89 T-A ...
  -23.6151 -137.5009  -37.3015
    0.4133   -0.8270   -0.3811
   -0.0350    0.4038   -0.9142
    0.9099    0.3912    0.1379
...    90 C-G ...
  -20.5862 -136.3299  -36.7604
    0.3258   -0.4187   -0.8477
   -0.2714    0.8175   -0.5081
    0.9057    0.3955    0.1527
...    91 A-T ...
  -17.7437 -134.7057  -36.2914
    0.0654    0.1170   -0.9910
   -0.4152    0.9062    0.0796
    0.9074    0.4062    0.1079
...    92 T-A ...
  -14.5252 -133.9692  -36.1313
   -0.1426    0.5653   -0.8125
   -0.4097    0.7135    0.5684
    0.9010    0.4139    0.1299
...    93 G-C ...
  -11.6275 -132.4207  -35.6472
   -0.4478    0.8111   -0.3763
   -0.2723    0.2772    0.9214
    0.8517    0.5151    0.0967
...    94 T-A ...
   -8.8310 -130.7335  -35.9444
   -0.5753    0.8066    0.1357
   -0.0172   -0.1778    0.9839
    0.8178    0.5637    0.1162
...    95 T-A ...
   -6.2780 -128.7781  -35.7504
   -0.5438    0.5438    0.6392
    0.3017   -0.5841    0.7535
    0.7831    0.6026    0.1536
...    96 A-T ...
   -4.1201 -126.2707  -35.2476
   -0.4707    0.0454    0.8811
    0.5775   -0.7391    0.3466
    0.6670    0.6720    0.3217
...    97 T-A ...
   -2.4909 -123.6318  -34.2313
   -0.1511   -0.3454    0.9262
    0.7475   -0.6530   -0.1216
    0.6468    0.6740    0.3569
...    98 A-T ...
   -0.5363 -121.4118  -32.7149
    0.2162   -0.7163    0.6635
    0.7499   -0.3133   -0.5827
    0.6253    0.6235    0.4694
...    99 A-T ...
    1.2700 -119.3963  -30.9188
    0.6117   -0.7578    0.2270
    0.5097    0.1582   -0.8457
    0.6050    0.6330    0.4830
...   100 C-G ...
    3.0507 -117.5968  -28.7449
    0.7876   -0.5644   -0.2475
    0.1292    0.5438   -0.8292
    0.6026    0.6211    0.5012
...   101 G-C ...
    5.0908 -115.2930  -27.4651
    0.6915   -0.1887   -0.6973
   -0.3210    0.7844   -0.5307
    0.6471    0.5908    0.4819
...   102 G-C ...
    7.3753 -113.5174  -25.7311
    0.3714    0.2406   -0.8967
   -0.6484    0.7586   -0.0650
    0.6646    0.6055    0.4378
...   103 A-T ...
    9.5869 -111.6418  -24.2061
   -0.0913    0.6267   -0.7739
   -0.7580    0.4603    0.4622
    0.6458    0.6288    0.4330
...   104 G-C ...
   11.8953 -109.6198  -22.9979
   -0.5155    0.7264   -0.4546
   -0.6150    0.0559    0.7865
    0.5967    0.6850    0.4179
...   105 C-G ...
   14.0347 -107.3210  -22.0175
   -0.8036    0.5951    0.0022
   -0.2522   -0.3439    0.9045
    0.5391    0.7263    0.4264
...   106 T-A ...
   15.6421 -104.6843  -20.8865
   -0.8712    0.2651    0.4132
    0.1960   -0.5838    0.7879
    0.4501    0.7674    0.4567
...   107 T-A ...
   16.9127 -102.0463  -19.5368
   -0.6485   -0.1362    0.7490
    0.6439   -0.6229    0.4442
    0.4060    0.7703    0.4917
...   108 C-G ...
   17.9967  -99.5275  -17.7994
   -0.1963   -0.5127    0.8358
    0.9123   -0.4080   -0.0360
    0.3595    0.7555    0.5478
...   109 C-G ...
   18.7899  -97.1017  -15.5947
    0.2819   -0.7174    0.6371
    0.8996   -0.0331   -0.4354
    0.3335    0.6959    0.6361
...   110 G-C ...
   20.2770  -95.0180  -13.4597
    0.6982   -0.6772    0.2322
    0.6245    0.4174   -0.6601
    0.3501    0.6059    0.7143
...   111 G-C ...
   21.4595  -93.3237  -10.7859
    0.9051   -0.3747   -0.2010
    0.1630    0.7424   -0.6498
    0.3927    0.5553    0.7331
...   112 C-G ...
   22.8448  -91.8373   -8.1532
    0.8394    0.0849   -0.5369
   -0.3551    0.8335   -0.4234
    0.4115    0.5460    0.7297
...   113 T-A ...
   24.4418  -90.2661   -5.7038
    0.5124    0.4989   -0.6989
   -0.7437    0.6647   -0.0708
    0.4293    0.5561    0.7117
...   114 C-G ...
   25.9233  -88.5069   -3.3569
   -0.0320    0.7852   -0.6184
   -0.9089    0.2345    0.3447
    0.4157    0.5731    0.7062
...   115 G-C ...
   26.9181  -86.6089   -0.7978
   -0.5722    0.7117   -0.4075
   -0.7459   -0.2451    0.6193
    0.3409    0.6584    0.6711
...   116 T-A ...
   28.3203  -84.1782    0.9266
   -0.8889    0.4533   -0.0662
   -0.3508   -0.5806    0.7347
    0.2946    0.6763    0.6751
...   117 A-T ...
   29.0915  -81.6904    2.9942
   -0.9718   -0.0305    0.2339
    0.1851   -0.7131    0.6761
    0.1462    0.7004    0.6987
...   118 T-A ...
   29.2113  -79.0016    4.8469
   -0.7605   -0.3999    0.5116
    0.6390   -0.6010    0.4801
    0.1155    0.6920    0.7126
...   119 A-T ...
   29.1209  -76.7078    7.2614
   -0.3165   -0.7548    0.5746
    0.9484   -0.2627    0.1774
    0.0170    0.6011    0.7990
...   120 A-T ...
   28.8627  -74.8258    9.8818
    0.2616   -0.7857    0.5606
    0.9652    0.2126   -0.1524
    0.0005    0.5809    0.8140
...   121 T-A ...
   28.2522  -73.2558   12.7077
    0.7083   -0.5764    0.4074
    0.7058    0.5838   -0.4012
   -0.0066    0.5718    0.8204
...   122 G-C ...
   28.5177  -71.3559   15.4116
    0.9814   -0.1864    0.0461
    0.1826    0.8317   -0.5243
    0.0594    0.5230    0.8503
...   123 T-A ...
   28.7676  -70.1933   18.5181
    0.9323    0.2697   -0.2408
   -0.3548    0.8110   -0.4652
    0.0699    0.5191    0.8518
...   124 G-C ...
   28.9546  -68.2282   21.1763
    0.5552    0.6524   -0.5158
   -0.8232    0.5197   -0.2286
    0.1189    0.5515    0.8256
...   125 T-A ...
   29.9208  -66.6274   23.9273
    0.0441    0.8194   -0.5716
   -0.9928    0.0996    0.0663
    0.1112    0.5645    0.8179
...   126 C-G ...
   30.3805  -64.7613   26.5816
   -0.5463    0.7067   -0.4496
   -0.8330   -0.4021    0.3801
    0.0878    0.5821    0.8083
...   127 G-C ...
   30.3688  -63.0125   29.4166
   -0.9155    0.2961   -0.2725
   -0.4013   -0.7215    0.5643
   -0.0295    0.6259    0.7793
...   128 A-T ...
   30.2688  -60.8915   31.8841
   -0.9773   -0.2054    0.0519
    0.1927   -0.7606    0.6200
   -0.0879    0.6159    0.7829
...   129 C-G ...
   29.6202  -58.5049   34.0396
   -0.7389   -0.5946    0.3170
    0.6599   -0.5434    0.5189
   -0.1363    0.5926    0.7939
...   130 C-G ...
   28.6865  -56.5231   36.6028
   -0.2662   -0.8522    0.4505
    0.9428   -0.1329    0.3057
   -0.2006    0.5061    0.8388
...   131 A-T ...
   27.9730  -55.0084   39.4841
    0.3142   -0.8432    0.4362
    0.9244    0.3763    0.0616
   -0.2161    0.3839    0.8977
...   132 A-T ...
   27.0539  -53.9974   42.4229
    0.7778   -0.4926    0.3905
    0.5884    0.7891   -0.1765
   -0.2212    0.3670    0.9035
...   133 A-T ...
   26.2474  -53.1093   45.4403
    0.9714    0.0409    0.2339
    0.0465    0.9332   -0.3565
   -0.2328    0.3571    0.9046
...   134 T-A ...
   25.6209  -52.5913   48.6400
    0.8597    0.5097    0.0340
   -0.4497    0.7866   -0.4231
   -0.2424    0.3485    0.9054
...   135 G-C ...
   25.2758  -52.5096   52.0791
    0.3204    0.9427   -0.0928
   -0.8825    0.2614   -0.3910
   -0.3443    0.2071    0.9157
...   136 T-A ...
   25.5258  -52.9787   55.8049
   -0.2439    0.9563   -0.1610
   -0.8908   -0.2866   -0.3525
   -0.3833    0.0575    0.9218
...   137 G-C ...
   24.8934  -52.7377   58.9865
   -0.7529    0.5562   -0.3519
   -0.5215   -0.8303   -0.1966
   -0.4015    0.0355    0.9152
...   138 A-T ...
   24.0144  -51.6374   61.9242
   -0.9563    0.0401   -0.2896
   -0.0524   -0.9980    0.0347
   -0.2876    0.0484    0.9565
...   139 G-C ...
   22.3468  -51.2411   64.4940
   -0.8529   -0.5118   -0.1033
    0.4974   -0.8566    0.1373
   -0.1587    0.0657    0.9851
...   140 C-G ...
   22.1504  -50.1498   67.4638
   -0.4681   -0.8748    0.1248
    0.8495   -0.4066    0.3362
   -0.2434    0.2634    0.9335
...   141 G-C ...
   21.4257  -51.8266   72.7876
    0.1303   -0.7143   -0.6876
    0.8897   -0.2217    0.3990
   -0.4375   -0.6638    0.6066
...   142 C-G ...
   20.4246  -54.3094   74.5418
    0.5846   -0.7390   -0.3348
    0.7594    0.3532    0.5465
   -0.2856   -0.5737    0.7676
...   143 T-A ...
   18.4272  -55.5290   76.5299
    0.8548   -0.5005    0.1370
    0.3188    0.7148    0.6224
   -0.4095   -0.4884    0.7706
...   144 C-G ...
   16.8372  -57.7222   78.2674
    0.8529   -0.0846    0.5151
   -0.1508    0.9048    0.3983
   -0.4998   -0.4174    0.7589
...   145 A-T ...
   15.7830  -59.5615   80.7981
    0.5516    0.4995    0.6680
   -0.6739    0.7388    0.0039
   -0.4916   -0.4523    0.7441
...   146 C-G ...
   15.7315  -61.4940   83.9316
    0.0344    0.7399    0.6718
   -0.8637    0.3602   -0.3526
   -0.5029   -0.5681    0.6514
...   147 A-T ...
   14.7385  -63.4279   86.8192
   -0.5924    0.6746    0.4405
   -0.6886   -0.1401   -0.7114
   -0.4182   -0.7248    0.5475
