  147 base-pairs
...     1 T-A ...
    0.0000    0.0000    0.0000
    1.0000    0.0000    0.0000
    0.0000    1.0000    0.0000
    0.0000    0.0000    1.0000
...     2 G-C ...
   -0.5555   -1.1003    3.3981
    0.7749    0.6051    0.1828
   -0.5991    0.7953   -0.0929
   -0.2016   -0.0375    0.9787
...     3 T-A ...
   -0.6619   -3.0237    6.5348
    0.3046    0.9250    0.2271
   -0.8994    0.3578   -0.2510
   -0.3134   -0.1278    0.9410
...     4 G-C ...
   -1.1607   -3.8418    9.6940
   -0.3351    0.9421    0.0133
   -0.8752   -0.3061   -0.3746
   -0.3489   -0.1372    0.9271
...     5 A-T ...
   -1.3881   -3.6770   12.8999
   -0.7835    0.6162   -0.0801
   -0.5677   -0.7622   -0.3109
   -0.2527   -0.1981    0.9470
...     6 G-C ...
   -2.6236   -3.5448   15.7072
   -0.9923    0.0611   -0.1075
   -0.0294   -0.9610   -0.2748
   -0.1201   -0.2695    0.9555
...     7 C-G ...
   -2.3138   -3.7570   18.8866
   -0.8620   -0.4995   -0.0864
    0.5008   -0.8655    0.0073
   -0.0785   -0.0370    0.9962
...     8 G-C ...
   -3.9561   -6.8109   23.3205
   -0.2581   -0.3560   -0.8981
    0.6294   -0.7673    0.1233
   -0.7330   -0.5335    0.4221
...     9 C-G ...
   -6.1177   -8.9414   24.2385
    0.1143   -0.7320   -0.6716
    0.8123   -0.3203    0.4874
   -0.5720   -0.6013    0.5580
...    10 T-A ...
   -8.5041   -9.6771   26.0540
    0.4660   -0.8587   -0.2131
    0.6274    0.1508    0.7640
   -0.6239   -0.4897    0.6090
...    11 C-G ...
  -11.0625  -11.3174   27.2336
    0.6660   -0.6911    0.2808
    0.3382    0.6152    0.7121
   -0.6649   -0.3794    0.6435
...    12 A-T ...
  -13.0013  -13.1789   29.0658
    0.7188   -0.1490    0.6790
   -0.1787    0.9043    0.3876
   -0.6718   -0.4000    0.6235
...    13 C-G ...
  -14.1788  -15.9359   31.3399
    0.4052    0.2865    0.8682
   -0.5270    0.8492   -0.0343
   -0.7470   -0.4437    0.4951
...    14 A-T ...
  -15.9532  -18.1566   33.3080
   -0.1503    0.6873    0.7107
   -0.6106    0.5008   -0.6135
   -0.7776   -0.5261    0.3444
...    15 A-T ...
  -18.4036  -19.9401   34.4474
   -0.4556    0.8623    0.2213
   -0.3971    0.0257   -0.9174
   -0.7967   -0.5058    0.3307
...    16 T-A ...
  -20.8108  -21.5061   36.2446
   -0.6237    0.7232   -0.2966
   -0.0746   -0.4328   -0.8984
   -0.7781   -0.5381    0.3239
...    17 T-A ...
  -23.3724  -23.0480   37.6261
   -0.5681    0.3174   -0.7593
    0.3160   -0.7678   -0.5574
   -0.7599   -0.5566    0.3359
...    18 T-A ...
  -25.9419  -24.6798   38.7121
   -0.2599   -0.1347   -0.9562
    0.5699   -0.8208   -0.0392
   -0.7795   -0.5552    0.2901
...    19 A-T ...
  -28.5058  -26.6369   39.4909
    0.1758   -0.5108   -0.8415
    0.5944   -0.6263    0.5043
   -0.7847   -0.5889    0.1935
...    20 T-A ...
  -31.4417  -28.1736   39.6351
    0.4541   -0.7614   -0.4627
    0.4177   -0.2768    0.8654
   -0.7870   -0.5862    0.1923
...    21 T-A ...
  -34.0933  -30.0623   39.9519
    0.6047   -0.7879    0.1168
    0.0680    0.1972    0.9780
   -0.7936   -0.5834    0.1728
...    22 C-G ...
  -36.6502  -32.0524   40.4878
    0.5499   -0.5097    0.6617
   -0.3138    0.6081    0.7292
   -0.7741   -0.6086    0.1744
...    23 G-C ...
  -39.3196  -33.7486   41.6397
    0.3789   -0.0069    0.9254
   -0.6031    0.7566    0.2526
   -0.7020   -0.6538    0.2825
...    24 C-G ...
  -41.3442  -36.1613   42.5411
    0.0449    0.4255    0.9038
   -0.7108    0.6493   -0.2704
   -0.7019   -0.6303    0.3316
...    25 A-T ...
  -44.0096  -37.9918   43.3010
   -0.3413    0.7544    0.5607
   -0.6018    0.2828   -0.7469
   -0.7221   -0.5923    0.3575
...    26 A-T ...
  -46.3073  -39.9020   44.6665
   -0.6263    0.7787    0.0369
   -0.2972   -0.1948   -0.9347
   -0.7207   -0.5964    0.3534
...    27 A-T ...
  -48.5573  -41.7400   46.1497
   -0.6938    0.5132   -0.5052
    0.1352   -0.5963   -0.7913
   -0.7074   -0.6173    0.3443
...    28 G-C ...
  -51.1614  -43.3951   47.5260
   -0.4691    0.1577   -0.8689
    0.4688   -0.7894   -0.3964
   -0.7484   -0.5933    0.2964
...    29 G-C ...
  -54.0322  -45.1074   48.4201
   -0.0540   -0.2523   -0.9661
    0.6400   -0.7514    0.1604
   -0.7664   -0.6097    0.2021
...    30 C-G ...
  -56.8108  -46.8233   48.7432
    0.3551   -0.5766   -0.7358
    0.5486   -0.5088    0.6635
   -0.7569   -0.6392    0.1357
...    31 C-G ...
  -59.4980  -48.8079   48.9502
    0.6615   -0.7025   -0.2624
    0.2430   -0.1303    0.9612
   -0.7095   -0.6997    0.0845
...    32 G-C ...
  -61.4605  -51.1234   49.4301
    0.7672   -0.5902    0.2510
   -0.1609    0.2018    0.9661
   -0.6209   -0.7816    0.0599
...    33 G-C ...
  -63.0569  -54.0836   49.5964
    0.5862   -0.3376    0.7364
   -0.5872    0.4492    0.6734
   -0.5581   -0.8272    0.0651
...    34 C-G ...
  -64.5127  -57.0120   49.7917
    0.1806   -0.0038    0.9836
   -0.8293    0.5371    0.1543
   -0.5289   -0.8435    0.0938
...    35 C-G ...
  -66.0352  -59.9778   50.4933
   -0.3078    0.3199    0.8961
   -0.8037    0.4167   -0.4248
   -0.5093   -0.8509    0.1288
...    36 C-G ...
  -67.6353  -62.8518   51.2208
   -0.6874    0.5258    0.5010
   -0.5119    0.1386   -0.8478
   -0.5152   -0.8393    0.1739
...    37 G-C ...
  -69.5162  -65.7373   50.7582
   -0.8244    0.5606   -0.0788
   -0.0209   -0.1693   -0.9854
   -0.5657   -0.8106    0.1512
...    38 A-T ...
  -71.1663  -68.3719   51.3037
   -0.6765    0.3643   -0.6400
    0.4818   -0.4384   -0.7588
   -0.5569   -0.8217    0.1211
...    39 C-G ...
  -73.3579  -70.6684   51.7800
   -0.3000    0.1311   -0.9449
    0.7606   -0.5650   -0.3199
   -0.5758   -0.8146    0.0699
...    40 A-T ...
  -75.3865  -73.3213   51.8763
    0.2413   -0.1199   -0.9630
    0.7901   -0.5520    0.2666
   -0.5635   -0.8252   -0.0385
...    41 C-G ...
  -77.4272  -75.7953   51.2340
    0.6487   -0.3206   -0.6902
    0.5510   -0.4278    0.7165
   -0.5250   -0.8451   -0.1008
...    42 G-C ...
  -78.8587  -78.8115   51.2079
    0.8952   -0.4227   -0.1415
    0.0541   -0.2121    0.9757
   -0.4424   -0.8811   -0.1670
...    43 A-T ...
  -80.2680  -81.5918   50.6102
    0.7616   -0.4591    0.4575
   -0.4809    0.0729    0.8737
   -0.4345   -0.8854   -0.1653
...    44 C-G ...
  -81.2333  -84.5659   49.5387
    0.4135   -0.3071    0.8572
   -0.8243    0.2735    0.4956
   -0.3867   -0.9115   -0.1401
...    45 T-A ...
  -81.8882  -88.0927   48.9962
   -0.1188   -0.0854    0.9892
   -0.9220    0.3792   -0.0780
   -0.3684   -0.9214   -0.1238
...    46 T-A ...
  -82.6761  -91.2255   48.5822
   -0.5909    0.0921    0.8015
   -0.7243    0.3768   -0.5774
   -0.3552   -0.9217   -0.1560
...    47 A-T ...
  -84.0482  -94.1947   47.6901
   -0.9301    0.2845    0.2323
   -0.1661    0.2383   -0.9569
   -0.3276   -0.9286   -0.1744
...    48 C-G ...
  -85.2084  -97.3409   47.7820
   -0.8734    0.3728   -0.3135
    0.3576    0.0540   -0.9323
   -0.3306   -0.9264   -0.1804
...    49 T-A ...
  -86.6682 -100.3712   47.4366
   -0.5184    0.4130   -0.7488
    0.7684   -0.1594   -0.6198
   -0.3753   -0.8967   -0.2347
...    50 G-C ...
  -87.9955 -103.2896   46.3833
    0.0490    0.3735   -0.9264
    0.9286   -0.3586   -0.0954
   -0.3678   -0.8556   -0.3644
...    51 T-A ...
  -89.6410 -105.7277   45.1031
    0.5173    0.2193   -0.8272
    0.7894   -0.4956    0.3622
   -0.3305   -0.8404   -0.4295
...    52 A-T ...
  -90.8239 -108.0368   42.9322
    0.8985    0.1336   -0.4181
    0.4127   -0.5811    0.7014
   -0.1493   -0.8028   -0.5773
...    53 G-C ...
  -91.4921 -110.4065   40.8344
    0.9967   -0.0626    0.0514
   -0.0787   -0.6002    0.7960
   -0.0190   -0.7974   -0.6032
...    54 G-C ...
  -91.0722 -112.7615   38.0968
    0.7962   -0.2953    0.5281
   -0.5984   -0.5130    0.6154
    0.0892   -0.8060   -0.5851
...    55 T-A ...
  -90.2205 -115.1969   36.0963
    0.3772   -0.5006    0.7792
   -0.9171   -0.3193    0.2389
    0.1292   -0.8046   -0.5795
...    56 A-T ...
  -89.2116 -117.8917   34.2804
   -0.2243   -0.5621    0.7961
   -0.9597   -0.0147   -0.2808
    0.1695   -0.8269   -0.5361
...    57 T-A ...
  -87.9376 -120.5867   32.8336
   -0.6789   -0.5189    0.5195
   -0.7082    0.2760   -0.6498
    0.1938   -0.8091   -0.5548
...    58 C-G ...
  -87.1973 -123.4512   31.2207
   -0.9673   -0.2537   -0.0031
   -0.1424    0.5530   -0.8209
    0.2100   -0.7936   -0.5711
...    59 T-A ...
  -86.6875 -126.3150   29.5393
   -0.9026    0.1073   -0.4169
    0.3919    0.6056   -0.6926
    0.1782   -0.7885   -0.5886
...    60 C-G ...
  -86.0404 -128.9942   27.5969
   -0.5062    0.4612   -0.7287
    0.8412    0.4502   -0.2995
    0.1899   -0.7646   -0.6159
...    61 G-C ...
  -84.9595 -131.1976   25.4179
   -0.0566    0.7522   -0.6565
    0.9779    0.1744    0.1155
    0.2014   -0.6355   -0.7454
...    62 A-T ...
  -84.0884 -133.4089   23.2179
    0.4677    0.7859   -0.4046
    0.8341   -0.2409    0.4963
    0.2926   -0.5696   -0.7681
...    63 G-C ...
  -83.2014 -134.9016   20.3974
    0.7906    0.6121   -0.0187
    0.4894   -0.6131    0.6202
    0.3681   -0.4995   -0.7842
...    64 C-G ...
  -81.9905 -136.0406   17.4581
    0.8999    0.2004    0.3874
   -0.0239   -0.8642    0.5026
    0.4355   -0.4615   -0.7729
...    65 T-A ...
  -80.4470 -137.1923   14.7807
    0.7250   -0.2348    0.6475
   -0.4560   -0.8682    0.1957
    0.5163   -0.4371   -0.7365
...    66 C-G ...
  -78.6236 -138.9291   12.7587
    0.3200   -0.6682    0.6716
   -0.7263   -0.6282   -0.2789
    0.6083   -0.3986   -0.6864
...    67 G-C ...
  -77.2380 -140.9691   10.3175
   -0.1666   -0.8905    0.4234
   -0.7341   -0.1747   -0.6562
    0.6582   -0.4201   -0.6247
...    68 G-C ...
  -74.8565 -142.4696    8.4555
   -0.5629   -0.8265    0.0102
   -0.5136    0.3400   -0.7878
    0.6476   -0.4487   -0.6159
...    69 G-C ...
  -72.6812 -144.1684    6.5721
   -0.7962   -0.4728   -0.3775
   -0.1058    0.7231   -0.6826
    0.5957   -0.5036   -0.6257
...    70 A-T ...
  -70.6300 -146.0639    4.7032
   -0.6881    0.0513   -0.7238
    0.3866    0.8700   -0.3059
    0.6141   -0.4903   -0.6185
...    71 T-A ...
  -68.9729 -148.1565    2.7497
   -0.3970    0.5019   -0.7684
    0.6805    0.7228    0.1205
    0.6159   -0.4750   -0.6285
...    72 C-G ...
  -67.1113 -149.8018    0.5684
    0.0572    0.8455   -0.5309
    0.7720    0.2998    0.5606
    0.6331   -0.4419   -0.6355
...    73 C-G ...
  -65.1578 -151.5407   -1.4460
    0.3270    0.9428   -0.0652
    0.6207   -0.1622    0.7671
    0.7126   -0.2913   -0.6382
...    74 G-C ...
  -62.4689 -152.3686   -3.1972
    0.4501    0.7665    0.4582
    0.3982   -0.6315    0.6653
    0.7993   -0.1169   -0.5895
...    75 C-G ...
  -59.8242 -152.2038   -5.4094
    0.5662    0.2812    0.7748
    0.0949   -0.9560    0.2777
    0.8188   -0.0837   -0.5680
...    76 T-A ...
  -56.7481 -151.9096   -7.0010
    0.5001   -0.2966    0.8136
   -0.1718   -0.9548   -0.2425
    0.8488   -0.0185   -0.5285
...    77 T-A ...
  -53.8632 -151.6323   -8.4955
    0.3352   -0.7928    0.5090
   -0.4122   -0.6092   -0.6774
    0.8472    0.0172   -0.5310
...    78 T-A ...
  -50.9588 -151.3823   -9.9464
    0.0769   -0.9969    0.0144
   -0.5289   -0.0530   -0.8470
    0.8452    0.0575   -0.5314
...    79 A-T ...
  -48.6387 -150.8229  -12.2417
   -0.1425   -0.8132   -0.5643
   -0.4974    0.5517   -0.6695
    0.8557    0.1853   -0.4831
...    80 A-T ...
  -45.7966 -150.3025  -13.6489
   -0.3643   -0.3552   -0.8609
   -0.3618    0.9058   -0.2207
    0.8582    0.2311   -0.4585
...    81 C-G ...
  -42.8061 -150.1243  -15.1825
   -0.4988    0.1800   -0.8478
   -0.1275    0.9523    0.2772
    0.8573    0.2463   -0.4520
...    82 A-T ...
  -39.9948 -149.3510  -16.7204
   -0.5551    0.6579   -0.5089
    0.1575    0.6839    0.7124
    0.8167    0.3153   -0.4833
...    83 C-G ...
  -37.5968 -148.5237  -18.8998
   -0.4355    0.8981   -0.0621
    0.4069    0.2579    0.8763
    0.8030    0.3563   -0.4778
...    84 T-A ...
  -35.1855 -147.0234  -21.0571
   -0.2222    0.8534    0.4716
    0.5763   -0.2752    0.7695
    0.7864    0.4428   -0.4307
...    85 T-A ...
  -32.9239 -145.3113  -22.6131
    0.1029    0.5426    0.8337
    0.6058   -0.6989    0.3801
    0.7889    0.4660   -0.4006
...    86 T-A ...
  -30.4786 -143.6284  -23.8298
    0.3611    0.0462    0.9314
    0.4727   -0.8700   -0.1401
    0.8038    0.4909   -0.3360
...    87 A-T ...
  -27.7193 -142.0678  -24.7226
    0.4696   -0.4750    0.7442
    0.2497   -0.7371   -0.6280
    0.8468    0.4807   -0.2275
...    88 T-A ...
  -25.1911 -140.0212  -24.8544
    0.5021   -0.7784    0.3768
    0.0375   -0.4157   -0.9087
    0.8640    0.4704   -0.1795
...    89 G-C ...
  -22.2113 -138.5897  -25.1548
    0.3447   -0.9094   -0.2328
   -0.2342    0.1569   -0.9594
    0.9090    0.3852   -0.1589
...    90 C-G ...
  -19.0402 -137.6238  -25.4410
    0.1475   -0.6735   -0.7243
   -0.3835    0.6360   -0.6696
    0.9117    0.3766   -0.1645
...    91 T-A ...
  -15.7235 -136.8325  -25.9701
   -0.0917   -0.1940   -0.9767
   -0.3690    0.9176   -0.1476
    0.9249    0.3468   -0.1558
...    92 T-A ...
  -12.6812 -135.9271  -26.4643
   -0.2923    0.3475   -0.8910
   -0.2717    0.8631    0.4257
    0.9169    0.3665   -0.1579
...    93 C-G ...
   -9.5456 -134.7936  -27.0714
   -0.4081    0.7906   -0.4565
   -0.0534    0.4785    0.8765
    0.9114    0.3820   -0.1530
...    94 T-A ...
   -6.6379 -133.4161  -27.9074
   -0.4546    0.8882    0.0662
    0.1626    0.0097    0.9866
    0.8757    0.4593   -0.1488
...    95 C-G ...
   -3.9616 -131.6661  -28.4202
   -0.3692    0.7076    0.6025
    0.3950   -0.4674    0.7909
    0.8412    0.5300   -0.1069
...    96 A-T ...
   -1.3945 -129.5084  -29.1467
   -0.2382    0.2879    0.9276
    0.5980   -0.7090    0.3737
    0.7653    0.6437   -0.0032
...    97 T-A ...
    0.7095 -127.0640  -29.0885
    0.0210   -0.1362    0.9905
    0.6582   -0.7439   -0.1162
    0.7526    0.6543    0.0740
...    98 G-C ...
    3.1179 -124.6909  -28.4432
    0.3001   -0.6051    0.7374
    0.5772   -0.5003   -0.6454
    0.7594    0.6194    0.1991
...    99 T-A ...
    5.2918 -122.4606  -27.1953
    0.5493   -0.7840    0.2893
    0.3561   -0.0936   -0.9297
    0.7560    0.6137    0.2278
...   100 T-A ...
    7.6358 -120.5117  -26.2182
    0.6757   -0.6871   -0.2670
    0.0118    0.3723   -0.9281
    0.7371    0.6239    0.2596
...   101 A-T ...
   10.0446 -118.1859  -25.5556
    0.5602   -0.2761   -0.7810
   -0.4255    0.7130   -0.5573
    0.7107    0.6445    0.2820
...   102 T-A ...
   12.6576 -116.6626  -24.3576
    0.3022    0.1374   -0.9433
   -0.6580    0.7461   -0.1022
    0.6897    0.6515    0.3159
...   103 A-T ...
   14.7489 -114.2763  -23.1554
   -0.1614    0.5705   -0.8052
   -0.7150    0.4948    0.4939
    0.6803    0.6555    0.3281
...   104 A-T ...
   17.0041 -112.2361  -22.2177
   -0.5362    0.7353   -0.4145
   -0.5321    0.0868    0.8422
    0.6553    0.6722    0.3447
...   105 C-G ...
   19.4219 -109.9136  -21.7222
   -0.7601    0.6445    0.0835
   -0.1751   -0.3269    0.9287
    0.6258    0.6912    0.3613
...   106 G-C ...
   21.0772 -107.6395  -20.1082
   -0.8569    0.2421    0.4551
    0.2438   -0.5876    0.7716
    0.4542    0.7721    0.4445
...   107 G-C ...
   21.9467 -104.9367  -18.4638
   -0.6695   -0.1907    0.7180
    0.6695   -0.5736    0.4719
    0.3218    0.7966    0.5117
...   108 A-T ...
   22.6354 -102.3667  -16.6130
   -0.1948   -0.5433    0.8166
    0.9456   -0.3253    0.0091
    0.2608    0.7739    0.5771
...   109 C-G ...
   22.7837  -99.9034  -14.4034
    0.2992   -0.6437    0.7044
    0.9280    0.0247   -0.3717
    0.2219    0.7649    0.6047
...   110 G-C ...
   23.9100  -97.6453  -12.3292
    0.7375   -0.5945    0.3204
    0.6292    0.4324   -0.6459
    0.2454    0.6780    0.6929
...   111 G-C ...
   25.0182  -95.8335   -9.6959
    0.9505   -0.2894   -0.1132
    0.1385    0.7207   -0.6793
    0.2782    0.6300    0.7251
...   112 C-G ...
   26.1743  -94.2258   -6.9842
    0.8651    0.1345   -0.4832
   -0.3982    0.7698   -0.4988
    0.3049    0.6239    0.7196
...   113 T-A ...
   27.2884  -92.3246   -4.5299
    0.5256    0.5129   -0.6787
   -0.7908    0.5887   -0.1675
    0.3136    0.6247    0.7151
...   114 C-G ...
   28.2692  -90.1973   -2.1661
   -0.0405    0.7470   -0.6636
   -0.9504    0.1763    0.2564
    0.3085    0.6411    0.7027
...   115 G-C ...
   28.7861  -88.1036    0.3540
   -0.6012    0.6591   -0.4518
   -0.7604   -0.2982    0.5769
    0.2455    0.6904    0.6805
...   116 T-A ...
   29.6757  -85.4095    2.0286
   -0.9234    0.3638   -0.1226
   -0.3333   -0.6014    0.7261
    0.1905    0.7113    0.6766
...   117 A-T ...
   30.1409  -82.5106    3.8450
   -0.9704   -0.1132    0.2133
    0.2323   -0.6790    0.6964
    0.0659    0.7254    0.6852
...   118 T-A ...
   29.9746  -79.7746    5.5557
   -0.7336   -0.4393    0.5185
    0.6772   -0.5356    0.5045
    0.0561    0.7212    0.6904
...   119 A-T ...
   30.0614  -77.5067    7.9439
   -0.2631   -0.7308    0.6299
    0.9646   -0.1864    0.1866
   -0.0189    0.6567    0.7539
...   120 A-T ...
   29.6378  -75.4709   10.4216
    0.3142   -0.7404    0.5942
    0.9489    0.2645   -0.1721
   -0.0298    0.6179    0.7857
...   121 T-A ...
   28.9420  -73.7839   13.2122
    0.7547   -0.5007    0.4240
    0.6548    0.6145   -0.4400
   -0.0402    0.6097    0.7916
...   122 G-C ...
   28.7865  -71.9609   16.0953
    0.9950   -0.0918    0.0398
    0.0977    0.8062   -0.5835
    0.0215    0.5845    0.8111
...   123 T-A ...
   28.9845  -70.4917   19.0176
    0.9133    0.3195   -0.2527
   -0.4066    0.7528   -0.5176
    0.0249    0.5754    0.8175
...   124 G-C ...
   29.1768  -68.6103   21.7495
    0.5125    0.6645   -0.5438
   -0.8554    0.4505   -0.2557
    0.0751    0.5962    0.7993
...   125 T-A ...
   29.9022  -66.8985   24.3897
   -0.0026    0.7824   -0.6227
   -0.9970    0.0458    0.0617
    0.0767    0.6211    0.7800
...   126 C-G ...
   30.2004  -64.8864   26.8162
   -0.5826    0.6657   -0.4664
   -0.8086   -0.4164    0.4158
    0.0826    0.6193    0.7808
...   127 G-C ...
   29.9621  -63.0763   29.5384
   -0.9093    0.2669   -0.3193
   -0.4119   -0.6866    0.5991
   -0.0593    0.6762    0.7343
...   128 A-T ...
   29.9193  -60.9455   31.8526
   -0.9798   -0.1870    0.0709
    0.1872   -0.7329    0.6541
   -0.0704    0.6542    0.7531
...   129 C-G ...
   29.3393  -58.3413   33.7884
   -0.7351   -0.5745    0.3599
    0.6681   -0.5239    0.5284
   -0.1150    0.6289    0.7690
...   130 C-G ...
   28.1711  -56.3122   36.2885
   -0.2819   -0.8361    0.4706
    0.9395   -0.1410    0.3123
   -0.1947    0.5301    0.8253
...   131 A-T ...
   27.8657  -54.9389   39.3098
    0.2792   -0.8629    0.4211
    0.9406    0.3341    0.0609
   -0.1932    0.3791    0.9049
...   132 A-T ...
   27.1020  -53.9193   42.3274
    0.7595   -0.5364    0.3680
    0.6210    0.7663   -0.1646
   -0.1937    0.3536    0.9151
...   133 A-T ...
   26.2599  -53.1171   45.4027
    0.9700    0.0318    0.2410
    0.0580    0.9325   -0.3566
   -0.2361    0.3598    0.9027
...   134 T-A ...
   25.6208  -52.5913   48.6400
    0.8597    0.5097    0.0340
   -0.4497    0.7866   -0.4231
   -0.2424    0.3485    0.9054
...   135 G-C ...
   25.2757  -52.5095   52.0791
    0.3204    0.9427   -0.0928
   -0.8825    0.2614   -0.3910
   -0.3443    0.2071    0.9157
...   136 T-A ...
   25.5257  -52.9786   55.8049
   -0.2439    0.9563   -0.1610
   -0.8908   -0.2866   -0.3525
   -0.3833    0.0575    0.9218
...   137 G-C ...
   24.8933  -52.7377   58.9865
   -0.7529    0.5562   -0.3519
   -0.5215   -0.8303   -0.1966
   -0.4015    0.0355    0.9152
...   138 A-T ...
   24.0143  -51.6373   61.9242
   -0.9563    0.0401   -0.2896
   -0.0524   -0.9980    0.0347
   -0.2876    0.0484    0.9565
...   139 G-C ...
   22.3466  -51.2411   64.4940
   -0.8529   -0.5118   -0.1033
    0.4974   -0.8566    0.1373
   -0.1587    0.0657    0.9851
...   140 C-G ...
   22.1502  -50.1498   67.4638
   -0.4681   -0.8748    0.1248
    0.8495   -0.4066    0.3362
   -0.2434    0.2634    0.9335
...   141 G-C ...
   21.4256  -51.8266   72.7876
    0.1303   -0.7143   -0.6876
    0.8897   -0.2218    0.3990
   -0.4375   -0.6638    0.6066
...   142 C-G ...
   20.4245  -54.3094   74.5418
    0.5846   -0.7390   -0.3348
    0.7594    0.3532    0.5465
   -0.2856   -0.5737    0.7676
...   143 T-A ...
   18.4271  -55.5289   76.5299
    0.8548   -0.5005    0.1370
    0.3188    0.7148    0.6224
   -0.4095   -0.4884    0.7706
...   144 C-G ...
   16.8371  -57.7222   78.2674
    0.8529   -0.0846    0.5151
   -0.1508    0.9048    0.3983
   -0.4998   -0.4174    0.7589
...   145 A-T ...
   15.7828  -59.5615   80.7981
    0.5516    0.4995    0.6680
   -0.6739    0.7388    0.0039
   -0.4916   -0.4523    0.7441
...   146 C-G ...
   15.7314  -61.4940   83.9316
    0.0344    0.7399    0.6718
   -0.8637    0.3602   -0.3526
   -0.5029   -0.5681    0.6514
...   147 A-T ...
   14.7383  -63.4278   86.8192
   -0.5924    0.6746    0.4405
   -0.6886   -0.1401   -0.7114
   -0.4182   -0.7248    0.5475
