  147 base-pairs
...     1 T-A ...
    0.0000    0.0000    0.0000
    1.0000    0.0000    0.0000
    0.0000    1.0000    0.0000
    0.0000    0.0000    1.0000
...     2 G-C ...
   -0.5555   -1.1003    3.3981
    0.7749    0.6051    0.1828
   -0.5991    0.7953   -0.0929
   -0.2016   -0.0375    0.9787
...     3 T-A ...
   -0.6619   -3.0237    6.5348
    0.3046    0.9250    0.2271
   -0.8994    0.3578   -0.2510
   -0.3134   -0.1278    0.9410
...     4 G-C ...
   -1.1607   -3.8418    9.6940
   -0.3351    0.9421    0.0133
   -0.8752   -0.3061   -0.3746
   -0.3489   -0.1372    0.9271
...     5 A-T ...
   -1.3881   -3.6770   12.8999
   -0.7835    0.6162   -0.0801
   -0.5677   -0.7622   -0.3109
   -0.2527   -0.1981    0.9470
...     6 G-C ...
   -2.6236   -3.5448   15.7072
   -0.9923    0.0611   -0.1075
   -0.0294   -0.9610   -0.2748
   -0.1201   -0.2695    0.9555
...     7 C-G ...
   -2.3138   -3.7570   18.8866
   -0.8620   -0.4995   -0.0864
    0.5008   -0.8655    0.0073
   -0.0785   -0.0370    0.9962
...     8 G-C ...
   -3.9561   -6.8109   23.3205
   -0.2581   -0.3560   -0.8981
    0.6294   -0.7673    0.1233
   -0.7330   -0.5335    0.4221
...     9 C-G ...
   -6.1177   -8.9414   24.2385
    0.1143   -0.7320   -0.6716
    0.8123   -0.3203    0.4874
   -0.5720   -0.6013    0.5580
...    10 T-A ...
   -8.5041   -9.6771   26.0540
    0.4660   -0.8587   -0.2131
    0.6274    0.1508    0.7640
   -0.6239   -0.4897    0.6090
...    11 C-G ...
  -11.0625  -11.3174   27.2336
    0.6660   -0.6911    0.2808
    0.3382    0.6152    0.7121
   -0.6649   -0.3794    0.6435
...    12 A-T ...
  -13.0013  -13.1789   29.0658
    0.7188   -0.1490    0.6790
   -0.1787    0.9043    0.3876
   -0.6718   -0.4000    0.6235
...    13 C-G ...
  -14.1788  -15.9359   31.3399
    0.4052    0.2865    0.8682
   -0.5270    0.8492   -0.0343
   -0.7470   -0.4437    0.4951
...    14 A-T ...
  -15.9532  -18.1566   33.3080
   -0.1503    0.6873    0.7107
   -0.6106    0.5008   -0.6135
   -0.7776   -0.5261    0.3444
...    15 A-T ...
  -18.4035  -19.9454   34.4360
   -0.4542    0.8629    0.2216
   -0.3949    0.0279   -0.9183
   -0.7986   -0.5046    0.3281
...    16 T-A ...
  -20.8179  -21.5084   36.2234
   -0.6202    0.7259   -0.2972
   -0.0731   -0.4308   -0.8995
   -0.7810   -0.5361    0.3203
...    17 T-A ...
  -23.3927  -23.0443   37.5894
   -0.5625    0.3227   -0.7613
    0.3148   -0.7678   -0.5580
   -0.7646   -0.5535    0.3303
...    18 T-A ...
  -25.9752  -24.6717   38.6420
   -0.2514   -0.1257   -0.9597
    0.5635   -0.8252   -0.0396
   -0.7869   -0.5507    0.2783
...    19 A-T ...
  -28.5674  -26.6066   39.3642
    0.1819   -0.5010   -0.8461
    0.5814   -0.6392    0.5035
   -0.7930   -0.5835    0.1750
...    20 T-A ...
  -31.5204  -28.1144   39.4446
    0.4526   -0.7596   -0.4670
    0.4017   -0.2939    0.8673
   -0.7961   -0.5802    0.1722
...    21 T-A ...
  -34.1963  -29.9790   39.6916
    0.5913   -0.7979    0.1171
    0.0528    0.1831    0.9817
   -0.8047   -0.5743    0.1504
...    22 C-G ...
  -36.7911  -31.9401   40.1511
    0.5274   -0.5273    0.6662
   -0.3195    0.6035    0.7306
   -0.7872   -0.5982    0.1498
...    23 G-C ...
  -39.5149  -33.5978   41.2154
    0.3559   -0.0276    0.9341
   -0.5946    0.7645    0.2491
   -0.7210   -0.6441    0.2557
...    24 C-G ...
  -41.6093  -35.9835   42.0268
    0.0306    0.4114    0.9109
   -0.6907    0.6675   -0.2783
   -0.7225   -0.6206    0.3046
...    25 A-T ...
  -44.3269  -37.7802   42.6654
   -0.3402    0.7532    0.5630
   -0.5737    0.3081   -0.7589
   -0.7451   -0.5812    0.3272
...    26 A-T ...
  -46.7042  -39.6629   43.9268
   -0.6077    0.7935    0.0317
   -0.2741   -0.1721   -0.9462
   -0.7454   -0.5837    0.3221
...    27 A-T ...
  -49.0449  -41.4643   45.3093
   -0.6629    0.5415   -0.5170
    0.1427   -0.5865   -0.7973
   -0.7349   -0.6023    0.3115
...    28 G-C ...
  -51.7397  -43.0602   46.5748
   -0.4350    0.1891   -0.8803
    0.4564   -0.7964   -0.3967
   -0.7762   -0.5744    0.2601
...    29 G-C ...
  -54.7041  -44.6834   47.3254
   -0.0284   -0.2290   -0.9730
    0.6078   -0.7767    0.1651
   -0.7936   -0.5867    0.1613
...    30 C-G ...
  -57.5494  -46.3116   47.4831
    0.3610   -0.5723   -0.7363
    0.5038   -0.5447    0.6704
   -0.7848   -0.6130    0.0917
...    31 C-G ...
  -60.3065  -48.2077   47.5243
    0.6435   -0.7221   -0.2539
    0.1975   -0.1638    0.9665
   -0.7395   -0.6721    0.0372
...    32 G-C ...
  -62.3672  -50.4629   47.8623
    0.7291   -0.6299    0.2676
   -0.1955    0.1831    0.9635
   -0.6559   -0.7548    0.0103
...    33 G-C ...
  -64.0951  -53.3584   47.8748
    0.5341   -0.3854    0.7525
   -0.5979    0.4571    0.6585
   -0.5978   -0.8016    0.0137
...    34 C-G ...
  -65.7048  -56.2120   47.9052
    0.1298   -0.0415    0.9907
   -0.8093    0.5728    0.1300
   -0.5728   -0.8187    0.0408
...    35 C-G ...
  -67.4095  -59.1148   48.4197
   -0.3397    0.3075    0.8889
   -0.7570    0.4714   -0.4524
   -0.5582   -0.8265    0.0727
...    36 C-G ...
  -69.1809  -61.9344   48.9504
   -0.6854    0.5465    0.4812
   -0.4541    0.1958   -0.8692
   -0.5692   -0.8143    0.1139
...    37 G-C ...
  -71.1717  -64.6993   48.2765
   -0.7845    0.6115   -0.1033
    0.0280   -0.1315   -0.9909
   -0.6195   -0.7803    0.0860
...    38 A-T ...
  -72.9957  -67.2508   48.6202
   -0.6141    0.4294   -0.6622
    0.5000   -0.4375   -0.7474
   -0.6107   -0.7900    0.0540
...    39 C-G ...
  -75.3416  -69.4221   48.8644
   -0.2325    0.1883   -0.9542
    0.7429   -0.5988   -0.2992
   -0.6277   -0.7784   -0.0007
...    40 A-T ...
  -77.5368  -71.9385   48.7090
    0.2936   -0.0918   -0.9515
    0.7348   -0.6151    0.2861
   -0.6115   -0.7831   -0.1131
...    41 C-G ...
  -79.6852  -74.2382   47.8167
    0.6697   -0.3317   -0.6644
    0.4743   -0.4975    0.7264
   -0.5715   -0.8016   -0.1758
...    42 G-C ...
  -81.2994  -77.1475   47.5328
    0.8712   -0.4793   -0.1064
   -0.0276   -0.2641    0.9641
   -0.4902   -0.8370   -0.2433
...    43 A-T ...
  -82.8482  -79.7904   46.6913
    0.6928   -0.5378    0.4805
   -0.5350    0.0635    0.8425
   -0.4836   -0.8407   -0.2437
...    44 C-G ...
  -83.9462  -82.6303   45.3974
    0.3262   -0.3840    0.8638
   -0.8356    0.3101    0.4534
   -0.4419   -0.8697   -0.2198
...    45 T-A ...
  -84.8168  -86.0630   44.5934
   -0.1987   -0.1330    0.9710
   -0.8820    0.4562   -0.1180
   -0.4273   -0.8799   -0.2080
...    46 T-A ...
  -85.8066  -89.0934   43.9199
   -0.6438    0.0914    0.7597
   -0.6445    0.4704   -0.6028
   -0.4124   -0.8777   -0.2440
...    47 A-T ...
  -87.3263  -91.8785   42.7226
   -0.9200    0.3474    0.1814
   -0.0692    0.3116   -0.9477
   -0.3857   -0.8844   -0.2626
...    48 C-G ...
  -88.7258  -94.9137   42.5059
   -0.8115    0.4682   -0.3497
    0.4346    0.0833   -0.8968
   -0.3907   -0.8797   -0.2711
...    49 T-A ...
  -90.3978  -97.7729   41.8297
   -0.4194    0.5075   -0.7527
    0.7998   -0.1857   -0.5708
   -0.4295   -0.8414   -0.3281
...    50 G-C ...
  -91.8959 -100.4740   40.4551
    0.1569    0.4347   -0.8868
    0.8979   -0.4367   -0.0552
   -0.4113   -0.7876   -0.4588
...    51 T-A ...
  -93.6406 -102.6418   38.8602
    0.6008    0.2314   -0.7651
    0.7095   -0.5954    0.3770
   -0.3683   -0.7694   -0.5219
...    52 A-T ...
  -94.8357 -104.6575   36.4216
    0.9387    0.0750   -0.3364
    0.2966   -0.6731    0.6775
   -0.1757   -0.7357   -0.6541
...    53 G-C ...
  -95.5351 -106.7736   34.0772
    0.9779   -0.1710    0.1205
   -0.2040   -0.6519    0.7304
   -0.0463   -0.7388   -0.6723
...    54 G-C ...
  -95.1165 -108.9303   31.1794
    0.7136   -0.4245    0.5572
   -0.6983   -0.4950    0.5171
    0.0563   -0.7581   -0.6497
...    55 T-A ...
  -94.3526 -111.2660   29.0219
    0.2536   -0.6076    0.7527
   -0.9628   -0.2337    0.1357
    0.0934   -0.7591   -0.6443
...    56 A-T ...
  -93.5071 -113.8748   27.0142
   -0.3548   -0.6072    0.7109
   -0.9265    0.1262   -0.3546
    0.1256   -0.7844   -0.6074
...    57 T-A ...
  -92.4108 -116.5456   25.3853
   -0.7766   -0.4847    0.4025
   -0.6110    0.4235   -0.6688
    0.1537   -0.7653   -0.6250
...    58 C-G ...
  -91.8454 -119.2947   23.5211
   -0.9850   -0.1336   -0.1096
   -0.0034    0.6491   -0.7607
    0.1728   -0.7489   -0.6398
...    59 T-A ...
  -91.5054 -122.0055   21.5618
   -0.8423    0.2608   -0.4717
    0.5199    0.6238   -0.5836
    0.1421   -0.7368   -0.6610
...    60 C-G ...
  -90.9910 -124.5305   19.3791
   -0.3822    0.5974   -0.7050
    0.9106    0.3735   -0.1771
    0.1575   -0.7096   -0.6867
...    61 G-C ...
  -89.9826 -126.5901   17.0213
    0.0875    0.8267   -0.5558
    0.9775    0.0362    0.2078
    0.1919   -0.5615   -0.8049
...    62 A-T ...
  -89.1911 -128.5958   14.5972
    0.5890    0.7639   -0.2635
    0.7548   -0.4036    0.5171
    0.2887   -0.5035   -0.8144
...    63 G-C ...
  -88.2457 -129.8301   11.6691
    0.8558    0.5035    0.1189
    0.3595   -0.7440    0.5633
    0.3720   -0.4393   -0.8177
...    64 C-G ...
  -86.9244 -130.7344    8.6921
    0.8818    0.0298    0.4707
   -0.1694   -0.9114    0.3751
    0.4402   -0.4105   -0.7986
...    65 T-A ...
  -85.3165 -131.7358    5.9938
    0.6353   -0.4149    0.6513
   -0.5737   -0.8181    0.0385
    0.5169   -0.3981   -0.7578
...    66 C-G ...
  -83.5788 -133.4156    3.8455
    0.1778   -0.7948    0.5803
   -0.7756   -0.4761   -0.4145
    0.6057   -0.3764   -0.7011
...    67 G-C ...
  -82.3003 -135.2497    1.1654
   -0.3126   -0.9121    0.2651
   -0.6961    0.0302   -0.7173
    0.6462   -0.4088   -0.6444
...    68 G-C ...
  -79.9898 -136.7466   -0.7908
   -0.6648   -0.7301   -0.1580
   -0.4026    0.5283   -0.7475
    0.6293   -0.4334   -0.6452
...    69 G-C ...
  -77.9033 -138.4019   -2.8089
   -0.8201   -0.2892   -0.4938
    0.0412    0.8308   -0.5550
    0.5708   -0.4755   -0.6694
...    70 A-T ...
  -75.9810 -140.2389   -4.8649
   -0.6208    0.2654   -0.7377
    0.5182    0.8450   -0.1321
    0.5883   -0.4643   -0.6621
...    71 T-A ...
  -74.4760 -142.1940   -7.0661
   -0.2722    0.6732   -0.6875
    0.7588    0.5896    0.2769
    0.5918   -0.4463   -0.6713
...    72 C-G ...
  -72.6952 -143.6943   -9.4118
    0.2025    0.9067   -0.3699
    0.7642    0.0899    0.6387
    0.6124   -0.4120   -0.6747
...    73 C-G ...
  -70.8474 -145.3077  -11.6190
    0.4506    0.8848    0.1189
    0.5418   -0.3769    0.7513
    0.7095   -0.2741   -0.6492
...    74 G-C ...
  -68.1756 -146.1865  -13.3797
    0.5164    0.6028    0.6082
    0.2680   -0.7883    0.5538
    0.8133   -0.1230   -0.5687
...    75 C-G ...
  -65.3857 -146.0015  -15.4073
    0.5486    0.0562    0.8342
   -0.0484   -0.9939    0.0988
    0.8347   -0.0945   -0.5425
...    76 T-A ...
  -62.1932 -145.8625  -16.7901
    0.4081   -0.5072    0.7591
   -0.2789   -0.8610   -0.4253
    0.8693   -0.0381   -0.4928
...    77 T-A ...
  -59.2140 -145.7124  -18.1137
    0.2026   -0.9130    0.3541
   -0.4474   -0.4080   -0.7958
    0.8710    0.0028   -0.4912
...    78 T-A ...
  -56.2181 -145.5746  -19.3959
   -0.0470   -0.9816   -0.1852
   -0.4850    0.1846   -0.8548
    0.8732    0.0497   -0.4848
...    79 A-T ...
  -53.7439 -144.8368  -21.4840
   -0.2053   -0.6543   -0.7278
   -0.3924    0.7363   -0.5513
    0.8966    0.1724   -0.4079
...    80 A-T ...
  -50.7872 -144.3908  -22.6700
   -0.3556   -0.1170   -0.9273
   -0.2427    0.9697   -0.0292
    0.9026    0.2146   -0.3732
...    81 C-G ...
  -47.7145 -144.2575  -24.0429
   -0.4302    0.4174   -0.8005
   -0.0327    0.8789    0.4759
    0.9022    0.2309   -0.3644
...    82 A-T ...
  -44.7540 -143.5168  -25.3020
   -0.4522    0.8145   -0.3634
    0.1980    0.4890    0.8495
    0.8697    0.3122   -0.3824
...    83 C-G ...
  -42.1794 -142.5193  -27.1846
   -0.3296    0.9351    0.1305
    0.3917    0.0097    0.9200
    0.8590    0.3544   -0.3694
...    84 T-A ...
  -39.5152 -140.8826  -28.8941
   -0.1494    0.7455    0.6496
    0.5090   -0.5053    0.6969
    0.8477    0.4347   -0.3040
...    85 T-A ...
  -37.0123 -139.1374  -29.9753
    0.1263    0.3242    0.9375
    0.5113   -0.8311    0.2185
    0.8500    0.4518   -0.2708
...    86 T-A ...
  -34.3518 -137.5087  -30.7377
    0.3299   -0.2086    0.9207
    0.3813   -0.8628   -0.3321
    0.8636    0.4606   -0.2051
...    87 A-T ...
  -31.3980 -136.1124  -31.2540
    0.4048   -0.6857    0.6050
    0.1828   -0.5876   -0.7882
    0.8960    0.4297   -0.1125
...    88 T-A ...
  -28.6682 -134.3639  -30.9169
    0.4159   -0.8930    0.1722
    0.0078   -0.1858   -0.9826
    0.9094    0.4100   -0.0703
...    89 G-C ...
  -25.5592 -133.2068  -30.9004
    0.2554   -0.8554   -0.4506
   -0.2056    0.4073   -0.8898
    0.9447    0.3199   -0.0718
...    90 C-G ...
  -22.3052 -132.5084  -30.9827
    0.0896   -0.4868   -0.8689
   -0.3132    0.8144   -0.4886
    0.9454    0.3159   -0.0795
...    91 T-A ...
  -18.9238 -131.9172  -31.3231
   -0.1027    0.0616   -0.9928
   -0.2813    0.9555    0.0884
    0.9541    0.2884   -0.0808
...    92 T-A ...
  -15.8092 -131.1946  -31.6295
   -0.2555    0.5807   -0.7729
   -0.1942    0.7524    0.6295
    0.9471    0.3110   -0.0795
...    93 C-G ...
  -12.6579 -130.2517  -32.1136
   -0.3685    0.8907   -0.2662
   -0.0244    0.2770    0.9606
    0.9293    0.3605   -0.0803
...    94 C-G ...
   -9.5105 -129.3314  -32.4468
   -0.4706    0.8415    0.2653
    0.1452   -0.2227    0.9640
    0.8703    0.4922   -0.0174
...    95 G-C ...
   -6.8657 -127.8153  -32.2357
   -0.4718    0.5399    0.6971
    0.3709   -0.5957    0.7124
    0.7999    0.5947    0.0808
...    96 G-C ...
   -4.5861 -125.4463  -31.7409
   -0.2844    0.0726    0.9560
    0.6011   -0.7633    0.2368
    0.7469    0.6419    0.1734
...    97 C-G ...
   -2.6265 -122.8831  -30.8075
    0.0444   -0.3840    0.9223
    0.6837   -0.6615   -0.3083
    0.7284    0.6442    0.2331
...    98 T-A ...
   -0.4986 -120.5709  -29.8224
    0.3463   -0.7047    0.6192
    0.6016   -0.3396   -0.7230
    0.7198    0.6229    0.3064
...    99 C-G ...
    2.0863 -118.9156  -28.7942
    0.6078   -0.7891    0.0892
    0.3623    0.1755   -0.9154
    0.7067    0.5887    0.3925
...   100 G-C ...
    4.5631 -116.9324  -27.9172
    0.6876   -0.5581   -0.4645
   -0.0189    0.6257   -0.7798
    0.7259    0.5449    0.4197
...   101 T-A ...
    7.1567 -115.6214  -26.3829
    0.5652   -0.1558   -0.8101
   -0.3672    0.8319   -0.4162
    0.7387    0.5327    0.4130
...   102 A-T ...
    9.8585 -114.1904  -24.9225
    0.2342    0.3540   -0.9054
   -0.6276    0.7663    0.1373
    0.7424    0.5361    0.4017
...   103 T-A ...
   12.7242 -112.9691  -23.8333
   -0.0980    0.7029   -0.7045
   -0.6758    0.4726    0.5656
    0.7305    0.5315    0.4287
...   104 C-G ...
   15.1777 -111.3513  -22.3992
   -0.5310    0.8126   -0.2402
   -0.4998   -0.0714    0.8632
    0.6843    0.5784    0.4440
...   105 A-T ...
   17.5934 -109.4933  -20.9469
   -0.7998    0.5657    0.2008
   -0.1199   -0.4783    0.8700
    0.5882    0.6717    0.4504
...   106 T-A ...
   19.3254 -107.0023  -19.8413
   -0.7994    0.2151    0.5610
    0.2877   -0.6827    0.6717
    0.5275    0.6983    0.4838
...   107 G-C ...
   20.7939 -104.3578  -18.1098
   -0.5760   -0.3003    0.7603
    0.6995   -0.6624    0.2683
    0.4231    0.6863    0.5916
...   108 T-A ...
   21.5283 -101.7610  -16.1597
   -0.1586   -0.6201    0.7683
    0.9053   -0.4019   -0.1375
    0.3941    0.6737    0.6252
...   109 T-A ...
   22.5415  -99.6450  -14.0382
    0.3315   -0.7615    0.5569
    0.8658    0.0110   -0.5004
    0.3749    0.6480    0.6629
...   110 A-T ...
   23.9491  -97.5348  -11.8509
    0.7571   -0.6387    0.1377
    0.5241    0.4680   -0.7115
    0.3900    0.6108    0.6891
...   111 T-A ...
   24.9014  -96.0287   -9.1348
    0.9281   -0.3068   -0.2111
    0.0848    0.7261   -0.6823
    0.3626    0.6154    0.6999
...   112 A-T ...
   26.0061  -93.7253   -6.8964
    0.7929    0.2210   -0.5679
   -0.5015    0.7660   -0.4022
    0.3461    0.6037    0.7182
...   113 A-T ...
   27.2003  -91.9355   -4.5231
    0.3856    0.6219   -0.6816
   -0.8664    0.4982   -0.0355
    0.3175    0.6042    0.7309
...   114 C-G ...
   28.9138  -90.1678   -2.1302
   -0.1430    0.7951   -0.5894
   -0.9436    0.0702    0.3235
    0.2986    0.6024    0.7402
...   115 G-C ...
   29.4669  -88.0450    0.2648
   -0.6654    0.6164   -0.4211
   -0.7162   -0.3679    0.5931
    0.2106    0.6962    0.6862
...   116 G-C ...
   30.0152  -85.4973    2.2533
   -0.9549    0.2636   -0.1366
   -0.2740   -0.6056    0.7471
    0.1142    0.7508    0.6506
...   117 A-T ...
   30.3611  -82.8680    4.2091
   -0.9434   -0.1677    0.2862
    0.3248   -0.6417    0.6947
    0.0671    0.7484    0.6599
...   118 T-A ...
   30.1010  -80.0992    5.9310
   -0.6726   -0.4813    0.5621
    0.7390   -0.4769    0.4758
    0.0391    0.7355    0.6765
...   119 A-T ...
   30.1257  -77.7938    8.2702
   -0.1893   -0.7384    0.6472
    0.9814   -0.1212    0.1488
   -0.0314    0.6634    0.7476
...   120 A-T ...
   29.6636  -75.7630   10.7431
    0.3817   -0.7117    0.5897
    0.9235    0.3201   -0.2115
   -0.0383    0.6253    0.7794
...   121 T-A ...
   28.9663  -74.0857   13.5380
    0.7976   -0.4503    0.4013
    0.6013    0.6458   -0.4705
   -0.0473    0.6166    0.7859
...   122 G-C ...
   28.8086  -72.2544   16.4133
    0.9991   -0.0407    0.0069
    0.0368    0.8025   -0.5955
    0.0187    0.5953    0.8033
...   123 T-A ...
   29.0362  -70.7408   19.3031
    0.8896    0.3567   -0.2852
   -0.4560    0.7272   -0.5131
    0.0243    0.5865    0.8096
...   124 G-C ...
   29.2493  -68.8219   21.9968
    0.4716    0.6747   -0.5678
   -0.8786    0.4145   -0.2373
    0.0752    0.6107    0.7882
...   125 T-A ...
   29.9890  -67.0450   24.5892
   -0.0458    0.7720   -0.6340
   -0.9961    0.0129    0.0877
    0.0759    0.6355    0.7683
...   126 C-G ...
   30.2832  -64.9851   26.9700
   -0.6144    0.6396   -0.4620
   -0.7847   -0.4341    0.4426
    0.0825    0.6344    0.7686
...   127 G-C ...
   30.0670  -63.1264   29.6456
   -0.9210    0.2385   -0.3080
   -0.3843   -0.6859    0.6179
   -0.0638    0.6875    0.7234
...   128 A-T ...
   30.0140  -60.9598   31.9199
   -0.9742   -0.2079    0.0883
    0.2132   -0.7175    0.6631
   -0.0745    0.6648    0.7433
...   129 C-G ...
   29.4024  -58.3383   33.8202
   -0.7188   -0.5836    0.3778
    0.6850   -0.5017    0.5282
   -0.1187    0.6385    0.7604
...   130 C-G ...
   28.2040  -56.2968   36.2963
   -0.2640   -0.8345    0.4836
    0.9442   -0.1213    0.3061
   -0.1968    0.5374    0.8200
...   131 A-T ...
   27.8606  -54.9241   39.3064
    0.2883   -0.8593    0.4224
    0.9379    0.3422    0.0560
   -0.1927    0.3801    0.9047
...   132 A-T ...
   27.0958  -53.9094   42.3242
    0.7628   -0.5327    0.3665
    0.6172    0.7689   -0.1669
   -0.1929    0.3535    0.9153
...   133 A-T ...
   26.2565  -53.1110   45.4012
    0.9703    0.0348    0.2395
    0.0547    0.9324   -0.3573
   -0.2357    0.3598    0.9028
...   134 T-A ...
   25.6208  -52.5912   48.6400
    0.8597    0.5097    0.0340
   -0.4497    0.7866   -0.4231
   -0.2424    0.3485    0.9054
...   135 G-C ...
   25.2756  -52.5095   52.0791
    0.3204    0.9427   -0.0928
   -0.8825    0.2614   -0.3910
   -0.3443    0.2071    0.9157
...   136 T-A ...
   25.5257  -52.9786   55.8049
   -0.2439    0.9563   -0.1610
   -0.8908   -0.2866   -0.3525
   -0.3833    0.0575    0.9218
...   137 G-C ...
   24.8932  -52.7376   58.9865
   -0.7529    0.5562   -0.3519
   -0.5215   -0.8303   -0.1966
   -0.4015    0.0355    0.9152
...   138 A-T ...
   24.0142  -51.6373   61.9242
   -0.9563    0.0401   -0.2896
   -0.0524   -0.9980    0.0347
   -0.2876    0.0484    0.9565
...   139 G-C ...
   22.3466  -51.2410   64.4939
   -0.8529   -0.5118   -0.1033
    0.4974   -0.8566    0.1373
   -0.1587    0.0657    0.9851
...   140 C-G ...
   22.1502  -50.1497   67.4638
   -0.4681   -0.8748    0.1248
    0.8495   -0.4066    0.3362
   -0.2434    0.2634    0.9335
...   141 G-C ...
   21.4256  -51.8265   72.7876
    0.1303   -0.7143   -0.6876
    0.8897   -0.2218    0.3990
   -0.4375   -0.6638    0.6066
...   142 C-G ...
   20.4245  -54.3093   74.5418
    0.5846   -0.7390   -0.3348
    0.7594    0.3532    0.5465
   -0.2856   -0.5737    0.7676
...   143 T-A ...
   18.4270  -55.5289   76.5298
    0.8548   -0.5005    0.1370
    0.3188    0.7148    0.6224
   -0.4095   -0.4884    0.7706
...   144 C-G ...
   16.8371  -57.7221   78.2673
    0.8529   -0.0846    0.5151
   -0.1508    0.9048    0.3983
   -0.4998   -0.4174    0.7589
...   145 A-T ...
   15.7828  -59.5614   80.7981
    0.5516    0.4995    0.6680
   -0.6739    0.7388    0.0039
   -0.4916   -0.4523    0.7441
...   146 C-G ...
   15.7314  -61.4939   83.9316
    0.0344    0.7399    0.6718
   -0.8637    0.3602   -0.3526
   -0.5029   -0.5681    0.6514
...   147 A-T ...
   14.7383  -63.4278   86.8192
   -0.5924    0.6746    0.4405
   -0.6886   -0.1401   -0.7114
   -0.4182   -0.7248    0.5475
