  147 base-pairs
...     1 T-A ...
    0.0000    0.0000    0.0000
    1.0000    0.0000    0.0000
    0.0000    1.0000    0.0000
    0.0000    0.0000    1.0000
...     2 G-C ...
   -0.5555   -1.1003    3.3981
    0.7749    0.6051    0.1828
   -0.5991    0.7953   -0.0929
   -0.2016   -0.0375    0.9787
...     3 T-A ...
   -0.6619   -3.0237    6.5348
    0.3046    0.9250    0.2271
   -0.8994    0.3578   -0.2510
   -0.3134   -0.1278    0.9410
...     4 G-C ...
   -1.1607   -3.8418    9.6940
   -0.3351    0.9421    0.0133
   -0.8752   -0.3061   -0.3746
   -0.3489   -0.1372    0.9271
...     5 A-T ...
   -1.3881   -3.6770   12.8999
   -0.7835    0.6162   -0.0801
   -0.5677   -0.7622   -0.3109
   -0.2527   -0.1981    0.9470
...     6 G-C ...
   -2.6236   -3.5448   15.7072
   -0.9923    0.0611   -0.1075
   -0.0294   -0.9610   -0.2748
   -0.1201   -0.2695    0.9555
...     7 C-G ...
   -2.3138   -3.7570   18.8866
   -0.8620   -0.4995   -0.0864
    0.5008   -0.8655    0.0073
   -0.0785   -0.0370    0.9962
...     8 G-C ...
   -3.9561   -6.8109   23.3205
   -0.2581   -0.3560   -0.8981
    0.6294   -0.7673    0.1233
   -0.7330   -0.5335    0.4221
...     9 C-G ...
   -6.1177   -8.9414   24.2385
    0.1143   -0.7320   -0.6716
    0.8123   -0.3203    0.4874
   -0.5720   -0.6013    0.5580
...    10 T-A ...
   -8.5041   -9.6771   26.0540
    0.4660   -0.8587   -0.2131
    0.6274    0.1508    0.7640
   -0.6239   -0.4897    0.6090
...    11 C-G ...
  -11.0625  -11.3174   27.2336
    0.6660   -0.6911    0.2808
    0.3382    0.6152    0.7121
   -0.6649   -0.3794    0.6435
...    12 A-T ...
  -13.0013  -13.1789   29.0658
    0.7188   -0.1490    0.6790
   -0.1787    0.9043    0.3876
   -0.6718   -0.4000    0.6235
...    13 C-G ...
  -14.1788  -15.9359   31.3399
    0.4052    0.2865    0.8682
   -0.5270    0.8492   -0.0343
   -0.7470   -0.4437    0.4951
...    14 A-T ...
  -15.9532  -18.1566   33.3080
   -0.1503    0.6873    0.7107
   -0.6106    0.5008   -0.6135
   -0.7776   -0.5261    0.3444
...    15 A-T ...
  -18.3886  -19.9478   34.4718
   -0.4598    0.8589    0.2256
   -0.4015    0.0256   -0.9155
   -0.7921   -0.5116    0.3331
...    16 T-A ...
  -20.7743  -21.5403   36.2810
   -0.6327    0.7187   -0.2884
   -0.0775   -0.4293   -0.8998
   -0.7705   -0.5470    0.3273
...    17 T-A ...
  -23.3015  -23.1148   37.6841
   -0.5817    0.3131   -0.7507
    0.3202   -0.7602   -0.5652
   -0.7477   -0.5692    0.3420
...    18 T-A ...
  -25.8305  -24.7765   38.8196
   -0.2766   -0.1360   -0.9513
    0.5842   -0.8098   -0.0541
   -0.7630   -0.5708    0.3035
...    19 A-T ...
  -28.3274  -26.7777   39.6324
    0.1651   -0.4860   -0.8582
    0.6225   -0.6236    0.4729
   -0.7650   -0.6124    0.1996
...    20 T-A ...
  -31.2129  -28.3934   39.8088
    0.4618   -0.7326   -0.5000
    0.4517   -0.2909    0.8434
   -0.7634   -0.6153    0.1966
...    21 T-A ...
  -33.7966  -30.3754   40.1407
    0.6412   -0.7652    0.0574
    0.1022    0.1593    0.9819
   -0.7605   -0.6238    0.1803
...    22 C-G ...
  -36.2266  -32.5061   40.6911
    0.6075   -0.5119    0.6074
   -0.3029    0.5576    0.7729
   -0.7343   -0.6535    0.1837
...    23 G-C ...
  -38.7008  -34.4302   41.9361
    0.4317   -0.0287    0.9016
   -0.6308    0.7048    0.3245
   -0.6448   -0.7088    0.2862
...    24 C-G ...
  -40.5141  -37.0013   42.8361
    0.0731    0.3819    0.9213
   -0.7645    0.6147   -0.1941
   -0.6405   -0.6902    0.3368
...    25 A-T ...
  -42.9970  -39.0242   43.7059
   -0.3516    0.6981    0.6237
   -0.6694    0.2782   -0.6888
   -0.6544   -0.6597    0.3695
...    26 A-T ...
  -45.0506  -41.1614   45.1272
   -0.6775    0.7245    0.1266
   -0.3487   -0.1649   -0.9226
   -0.6476   -0.6692    0.3644
...    27 A-T ...
  -47.0336  -43.2554   46.6520
   -0.7700    0.4792   -0.4213
    0.1230   -0.5365   -0.8349
   -0.6261   -0.6947    0.3542
...    28 G-C ...
  -49.3685  -45.2153   48.1012
   -0.5497    0.1621   -0.8195
    0.5025   -0.7195   -0.4794
   -0.6673   -0.6753    0.3141
...    29 G-C ...
  -51.9653  -47.2488   49.1250
   -0.1133   -0.2008   -0.9731
    0.7187   -0.6928    0.0593
   -0.6860   -0.6926    0.2228
...    30 C-G ...
  -54.5325  -49.2294   49.6038
    0.3412   -0.4916   -0.8012
    0.6553   -0.4867    0.5777
   -0.6739   -0.7221    0.1561
...    31 C-G ...
  -56.9875  -51.4756   49.9208
    0.7028   -0.6061   -0.3725
    0.3507   -0.1603    0.9227
   -0.6190   -0.7790    0.0999
...    32 G-C ...
  -58.6283  -54.0186   50.3886
    0.8527   -0.5069    0.1265
   -0.0761    0.1191    0.9900
   -0.5169   -0.8537    0.0630
...    33 G-C ...
  -59.8153  -57.1626   50.4763
    0.7050   -0.3056    0.6399
   -0.5547    0.3246    0.7661
   -0.4419   -0.8951    0.0593
...    34 C-G ...
  -60.8234  -60.2751   50.6064
    0.3008   -0.0433    0.9527
   -0.8652    0.4079    0.2917
   -0.4013   -0.9120    0.0853
...    35 C-G ...
  -61.8237  -63.4685   51.2500
   -0.2256    0.2152    0.9501
   -0.9014    0.3239   -0.2874
   -0.3696   -0.9213    0.1209
...    36 C-G ...
  -62.9186  -66.5669   51.9496
   -0.6759    0.3859    0.6279
   -0.6407    0.1134   -0.7594
   -0.3642   -0.9155    0.1706
...    37 G-C ...
  -64.4423  -69.6538   51.5206
   -0.8984    0.4318    0.0801
   -0.1414   -0.1118   -0.9836
   -0.4158   -0.8950    0.1615
...    38 A-T ...
  -65.5985  -72.5345   52.0731
   -0.8104    0.2923   -0.5077
    0.4207   -0.3127   -0.8516
   -0.4077   -0.9037    0.1305
...    39 C-G ...
  -67.3376  -75.1705   52.6718
   -0.4583    0.1362   -0.8783
    0.7774   -0.4176   -0.4704
   -0.4309   -0.8983    0.0855
...    40 A-T ...
  -68.9002  -78.1048   52.8613
    0.0993   -0.0245   -0.9948
    0.8974   -0.4297    0.1002
   -0.4299   -0.9026   -0.0207
...    41 C-G ...
  -70.6139  -80.8361   52.3349
    0.5671   -0.1687   -0.8062
    0.7218   -0.3696    0.5851
   -0.3967   -0.9137   -0.0878
...    42 G-C ...
  -71.5447  -84.0369   52.2976
    0.9135   -0.2513   -0.3200
    0.2580   -0.2503    0.9332
   -0.3146   -0.9350   -0.1638
...    43 A-T ...
  -72.5714  -86.9752   51.7185
    0.8976   -0.3378    0.2832
   -0.3201   -0.0579    0.9456
   -0.3030   -0.9394   -0.1601
...    44 C-G ...
  -73.1963  -90.0078   50.5748
    0.6134   -0.2652    0.7440
   -0.7515    0.0938    0.6530
   -0.2430   -0.9596   -0.1417
...    45 T-A ...
  -73.3125  -93.5653   49.8966
    0.0929   -0.1462    0.9849
   -0.9717    0.2022    0.1217
   -0.2170   -0.9684   -0.1233
...    46 T-A ...
  -73.5774  -96.7734   49.4022
   -0.4166   -0.0493    0.9078
   -0.8854    0.2488   -0.3927
   -0.2065   -0.9673   -0.1473
...    47 A-T ...
  -74.4997  -99.9306   48.6820
   -0.8846    0.1029    0.4549
   -0.4246    0.2257   -0.8768
   -0.1929   -0.9687   -0.1559
...    48 C-G ...
  -75.0544 -103.2372   48.8389
   -0.9746    0.2092   -0.0796
    0.1100    0.1377   -0.9844
   -0.1950   -0.9681   -0.1572
...    49 T-A ...
  -75.9910 -106.4773   48.6819
   -0.7509    0.3198   -0.5779
    0.6087   -0.0043   -0.7934
   -0.2562   -0.9475   -0.1914
...    50 G-C ...
  -76.9667 -109.5738   47.8083
   -0.2518    0.3791   -0.8904
    0.9259   -0.1734   -0.3356
   -0.2817   -0.9090   -0.3074
...    51 T-A ...
  -78.3961 -112.2766   46.8433
    0.2422    0.3131   -0.9183
    0.9336   -0.3329    0.1328
   -0.2641   -0.8895   -0.3730
...    52 A-T ...
  -79.6263 -114.7852   44.9606
    0.7191    0.2970   -0.6282
    0.6810   -0.4811    0.5521
   -0.1382   -0.8248   -0.5482
...    53 G-C ...
  -80.3599 -117.2604   43.0169
    0.9672    0.1346   -0.2153
    0.2529   -0.5855    0.7702
   -0.0224   -0.7994   -0.6004
...    54 G-C ...
  -80.2582 -119.5350   40.1730
    0.9530   -0.1121    0.2815
   -0.2904   -0.6030    0.7430
    0.0865   -0.7899   -0.6072
...    55 T-A ...
  -79.5165 -121.8100   37.9650
    0.6738   -0.3800    0.6337
   -0.7276   -0.4905    0.4796
    0.1286   -0.7842   -0.6070
...    56 A-T ...
  -78.4383 -124.2999   35.8936
    0.1397   -0.5436    0.8276
   -0.9716   -0.2365    0.0087
    0.1910   -0.8053   -0.5612
...    57 T-A ...
  -77.0617 -126.7551   34.1560
   -0.3639   -0.6079    0.7057
   -0.9087    0.0656   -0.4122
    0.2043   -0.7913   -0.5763
...    58 C-G ...
  -76.1826 -129.5304   32.4502
   -0.8405   -0.4516    0.2993
   -0.4997    0.4329   -0.7502
    0.2092   -0.7802   -0.5896
...    59 T-A ...
  -75.5419 -132.3540   30.7737
   -0.9850   -0.1276   -0.1159
    0.0157    0.6030   -0.7976
    0.1717   -0.7874   -0.5920
...    60 C-G ...
  -74.9608 -134.9724   28.7787
   -0.7963    0.2632   -0.5446
    0.5823    0.5774   -0.5724
    0.1638   -0.7729   -0.6130
...    61 G-C ...
  -74.1167 -137.1290   26.4775
   -0.4265    0.6302   -0.6488
    0.8976    0.3830   -0.2181
    0.1111   -0.6754   -0.7290
...    62 A-T ...
  -73.4544 -139.3946   24.2644
    0.1267    0.7971   -0.5904
    0.9771    0.0022    0.2127
    0.1708   -0.6038   -0.7786
...    63 G-C ...
  -73.1375 -141.0880   21.4440
    0.5821    0.7430   -0.3303
    0.7830   -0.4028    0.4739
    0.2191   -0.5345   -0.8163
...    64 C-G ...
  -72.6554 -142.4390   18.3881
    0.9012    0.4306    0.0485
    0.3327   -0.7592    0.5594
    0.2777   -0.4880   -0.8275
...    65 T-A ...
  -71.7769 -143.6765   15.4550
    0.9198    0.0296    0.3913
   -0.1524   -0.8921    0.4255
    0.3617   -0.4510   -0.8160
...    66 C-G ...
  -70.2764 -145.2951   13.0973
    0.6614   -0.4478    0.6017
   -0.5967   -0.8002    0.0603
    0.4544   -0.3989   -0.7965
...    67 G-C ...
  -69.1364 -147.3841   10.6635
    0.2007   -0.7903    0.5789
   -0.8254   -0.4547   -0.3345
    0.5276   -0.4107   -0.7436
...    68 G-C ...
  -67.1047 -148.7831    8.3819
   -0.2973   -0.8944    0.3341
   -0.7930    0.0364   -0.6081
    0.5317   -0.4457   -0.7201
...    69 G-C ...
  -65.2156 -150.4695    6.1996
   -0.7171   -0.6969    0.0060
   -0.4881    0.4960   -0.7182
    0.4975   -0.5179   -0.6959
...    70 A-T ...
  -63.3931 -152.3430    4.1046
   -0.8573   -0.2706   -0.4379
    0.0341    0.8190   -0.5728
    0.5136   -0.5060   -0.6929
...    71 T-A ...
  -61.8860 -154.5163    2.1147
   -0.7219    0.1952   -0.6639
    0.4669    0.8456   -0.2590
    0.5108   -0.4969   -0.7015
...    72 C-G ...
  -60.3710 -156.3031   -0.2230
   -0.3227    0.6641   -0.6744
    0.7905    0.5810    0.1939
    0.5206   -0.4705   -0.7125
...    73 C-G ...
  -58.7006 -158.1144   -2.4153
    0.0353    0.9292   -0.3680
    0.8326    0.1763    0.5250
    0.5527   -0.3249   -0.7674
...    74 G-C ...
  -56.5840 -159.0677   -4.6898
    0.3117    0.9441    0.1069
    0.7273   -0.3095    0.6125
    0.6114   -0.1132   -0.7832
...    75 T-A ...
  -55.0378 -159.1999   -7.5919
    0.6057    0.6704    0.4286
    0.4664   -0.7356    0.4913
    0.6447   -0.0977   -0.7582
...    76 C-G ...
  -52.8299 -159.2453   -9.8599
    0.7055    0.1846    0.6842
    0.1119   -0.9824    0.1496
    0.6998   -0.0289   -0.7138
...    77 A-T ...
  -50.4115 -158.4801  -12.2213
    0.5764   -0.3247    0.7499
   -0.1476   -0.9439   -0.2953
    0.8037    0.0595   -0.5920
...    78 T-A ...
  -47.6481 -157.8905  -13.8186
    0.4014   -0.7475    0.5292
   -0.3920   -0.6624   -0.6384
    0.8278    0.0488   -0.5590
...    79 G-C ...
  -44.6992 -157.6743  -15.4486
    0.0685   -0.9951    0.0706
   -0.5299   -0.0963   -0.8426
    0.8453    0.0203   -0.5340
...    80 T-A ...
  -41.5587 -157.6477  -16.6984
   -0.2090   -0.8879   -0.4098
   -0.4883    0.4579   -0.7429
    0.8473    0.0449   -0.5292
...    81 T-A ...
  -38.7263 -157.5999  -18.2221
   -0.4114   -0.4670   -0.7828
   -0.2916    0.8811   -0.3724
    0.8636    0.0751   -0.4986
...    82 A-T ...
  -35.8417 -156.9903  -19.9017
   -0.4982    0.1740   -0.8494
   -0.0122    0.9781    0.2076
    0.8670    0.1138   -0.4852
...    83 T-A ...
  -33.1644 -157.2504  -21.7126
   -0.4353    0.6356   -0.6376
    0.2122    0.7607    0.6135
    0.8749    0.1317   -0.4660
...    84 A-T ...
  -30.2790 -156.6494  -23.2091
   -0.3435    0.9277   -0.1461
    0.4247    0.2922    0.8569
    0.8377    0.2322   -0.4943
...    85 A-T ...
  -27.7823 -155.8254  -24.9190
   -0.1465    0.9218    0.3589
    0.5488   -0.2261    0.8048
    0.8230    0.3149   -0.4727
...    86 C-G ...
  -25.5262 -154.3033  -26.8990
    0.1097    0.6460    0.7554
    0.5555   -0.6701    0.4923
    0.8242    0.3656   -0.4324
...    87 G-C ...
  -22.6001 -153.1186  -27.7011
    0.2109    0.1416    0.9672
    0.4978   -0.8671    0.0184
    0.8413    0.4776   -0.2534
...    88 G-C ...
  -19.7665 -151.4226  -27.7157
    0.3329   -0.3807    0.8627
    0.4075   -0.7669   -0.4957
    0.8503    0.5166   -0.1002
...    89 A-T ...
  -16.9630 -149.7681  -27.6369
    0.4630   -0.7793    0.4223
    0.1850   -0.3809   -0.9059
    0.8668    0.4976   -0.0322
...    90 C-G ...
  -14.1797 -148.0381  -27.0642
    0.4718   -0.8732   -0.1225
   -0.0657    0.1037   -0.9924
    0.8793    0.4762   -0.0085
...    91 T-A ...
  -10.8546 -146.6860  -26.3753
    0.3730   -0.6554   -0.6567
   -0.3181    0.5746   -0.7541
    0.8716    0.4902    0.0059
...    92 T-A ...
   -7.8833 -145.3555  -26.0906
    0.1721   -0.1580   -0.9723
   -0.4917    0.8415   -0.2238
    0.8536    0.5166    0.0671
...    93 T-A ...
   -4.9457 -143.9390  -25.7669
   -0.1136    0.3749   -0.9201
   -0.5233    0.7646    0.3761
    0.8446    0.5242    0.1093
...    94 A-T ...
   -2.3726 -141.9536  -24.9992
   -0.4284    0.7374   -0.5222
   -0.3711    0.3833    0.8458
    0.8238    0.5562    0.1095
...    95 A-T ...
    0.2329 -140.1655  -24.8276
   -0.6060    0.7954    0.0112
   -0.0897   -0.0823    0.9926
    0.7904    0.6005    0.1213
...    96 C-G ...
    2.7302 -137.9644  -25.0477
   -0.6037    0.6083    0.5152
    0.2337   -0.4829    0.8439
    0.7622    0.6299    0.1493
...    97 A-T ...
    5.0826 -135.6476  -24.4731
   -0.4701    0.1536    0.8691
    0.5592   -0.7101    0.4280
    0.6829    0.6872    0.2479
...    98 C-G ...
    6.7855 -132.9313  -23.5205
   -0.1422   -0.2670    0.9532
    0.7442   -0.6637   -0.0749
    0.6526    0.6987    0.2931
...    99 T-A ...
    8.5553 -130.1480  -22.0678
    0.2729   -0.6331    0.7243
    0.7186   -0.3665   -0.5910
    0.6397    0.6818    0.3550
...   100 T-A ...
   10.3806 -127.8619  -20.6047
    0.6731   -0.6940    0.2557
    0.4294    0.0852   -0.8991
    0.6022    0.7150    0.3553
...   101 T-A ...
   12.1796 -125.5706  -19.1086
    0.8285   -0.4780   -0.2917
   -0.0438    0.4640   -0.8848
    0.5583    0.7458    0.3635
...   102 A-T ...
   13.8874 -122.7532  -18.0814
    0.6279   -0.0087   -0.7782
   -0.5938    0.6410   -0.4863
    0.5031    0.7675    0.3973
...   103 T-A ...
   16.0328 -120.7350  -16.6436
    0.2605    0.2863   -0.9220
   -0.8262    0.5602   -0.0595
    0.4995    0.7773    0.3825
...   104 G-C ...
   17.8898 -118.1956  -15.5785
   -0.3418    0.4924   -0.8004
   -0.7999    0.2946    0.5228
    0.4932    0.8190    0.2931
...   105 C-G ...
   19.5470 -115.4406  -15.1043
   -0.7501    0.5166   -0.4130
   -0.5025   -0.0391    0.8637
    0.4300    0.8554    0.2889
...   106 T-A ...
   21.0587 -112.4025  -14.5599
   -0.9260    0.3564    0.1245
    0.0093   -0.3081    0.9513
    0.3774    0.8821    0.2820
...   107 T-A ...
   22.1186 -109.4813  -13.8300
   -0.7982    0.0600    0.5994
    0.5214   -0.4296    0.7373
    0.3017    0.9010    0.3116
...   108 C-G ...
   22.7765 -106.4412  -12.7714
   -0.3971   -0.2687    0.8776
    0.8859   -0.3620    0.2901
    0.2397    0.8926    0.3818
...   109 C-G ...
   23.3189 -103.4886  -11.4397
    0.0878   -0.5214    0.8488
    0.9710   -0.1452   -0.1897
    0.2222    0.8408    0.4936
...   110 G-C ...
   24.2911 -101.1197   -9.7420
    0.5425   -0.6087    0.5789
    0.8087    0.1922   -0.5559
    0.2271    0.7697    0.5966
...   111 G-C ...
   25.2156  -98.9701   -7.3002
    0.8863   -0.4383    0.1495
    0.3924    0.5392   -0.7452
    0.2461    0.7191    0.6498
...   112 C-G ...
   26.1693  -97.0459   -4.7126
    0.9491   -0.0846   -0.3034
   -0.1572    0.7073   -0.6892
    0.2729    0.7018    0.6580
...   113 T-A ...
   27.1266  -94.8616   -2.4295
    0.7175    0.3082   -0.6247
   -0.6371    0.6531   -0.4094
    0.2818    0.6917    0.6649
...   114 C-G ...
   27.9696  -92.4805   -0.2578
    0.1915    0.6333   -0.7498
   -0.9400    0.3380    0.0455
    0.2822    0.6962    0.6601
...   115 G-C ...
   28.3745  -90.1330    2.0553
   -0.4154    0.6643   -0.6214
   -0.8787   -0.1163    0.4630
    0.2353    0.7384    0.6320
...   116 T-A ...
   29.4140  -87.3466    3.5575
   -0.8331    0.4582   -0.3098
   -0.5208   -0.4614    0.7182
    0.1861    0.7597    0.6230
...   117 A-T ...
   30.0297  -84.3882    5.2089
   -0.9960    0.0322    0.0830
    0.0449   -0.6236    0.7805
    0.0768    0.7811    0.6196
...   118 T-A ...
   30.0254  -81.4822    6.6465
   -0.8422   -0.2936    0.4522
    0.5350   -0.5590    0.6334
    0.0668    0.7754    0.6279
...   119 A-T ...
   30.1725  -79.0179    8.8529
   -0.4113   -0.6310    0.6577
    0.9114   -0.2736    0.3074
   -0.0140    0.7259    0.6877
...   120 A-T ...
   29.7846  -76.7168   11.0964
    0.1681   -0.7178    0.6756
    0.9852    0.1448   -0.0912
   -0.0324    0.6810    0.7316
...   121 T-A ...
   29.0544  -74.7421   13.6759
    0.6524   -0.5432    0.5286
    0.7567    0.5063   -0.4136
   -0.0430    0.6698    0.7413
...   122 G-C ...
   28.8840  -72.6755   16.3979
    0.9739   -0.1852    0.1312
    0.2264    0.7523   -0.6187
    0.0159    0.6323    0.7746
...   123 T-A ...
   29.0225  -71.0501   19.2510
    0.9551    0.2230   -0.1953
   -0.2960    0.7534   -0.5872
    0.0162    0.6186    0.7855
...   124 G-C ...
   29.1550  -69.0215   21.8979
    0.5961    0.6012   -0.5321
   -0.8003    0.4976   -0.3345
    0.0637    0.6253    0.7778
...   125 T-A ...
   29.8209  -67.2451   24.5201
    0.0888    0.7563   -0.6481
   -0.9937    0.1115   -0.0061
    0.0677    0.6446    0.7615
...   126 C-G ...
   30.0942  -65.1713   26.9121
   -0.5138    0.6819   -0.5207
   -0.8549   -0.3559    0.3775
    0.0721    0.6391    0.7658
...   127 G-C ...
   29.7880  -63.3254   29.6326
   -0.8842    0.3034   -0.3552
   -0.4640   -0.6589    0.5921
   -0.0544    0.6883    0.7234
...   128 A-T ...
   29.7770  -61.1675   31.9313
   -0.9883   -0.1460    0.0430
    0.1372   -0.7327    0.6666
   -0.0659    0.6647    0.7442
...   129 C-G ...
   29.2504  -58.5276   33.8347
   -0.7644   -0.5439    0.3462
    0.6353   -0.5435    0.5487
   -0.1103    0.6393    0.7610
...   130 C-G ...
   28.1328  -56.4355   36.3022
   -0.3148   -0.8235    0.4719
    0.9295   -0.1667    0.3291
   -0.1923    0.5422    0.8179
...   131 A-T ...
   27.8561  -55.0244   39.3289
    0.2585   -0.8645    0.4310
    0.9459    0.3171    0.0686
   -0.1959    0.3900    0.8997
...   132 A-T ...
   27.1029  -53.9612   42.3339
    0.7513   -0.5433    0.3748
    0.6306    0.7584   -0.1647
   -0.1948    0.3601    0.9124
...   133 A-T ...
   26.2591  -53.1319   45.4032
    0.9695    0.0250    0.2437
    0.0660    0.9313   -0.3582
   -0.2359    0.3633    0.9013
...   134 T-A ...
   25.6208  -52.5913   48.6400
    0.8597    0.5097    0.0340
   -0.4497    0.7866   -0.4231
   -0.2424    0.3485    0.9054
...   135 G-C ...
   25.2756  -52.5096   52.0791
    0.3204    0.9427   -0.0928
   -0.8825    0.2614   -0.3910
   -0.3443    0.2071    0.9157
...   136 T-A ...
   25.5257  -52.9787   55.8049
   -0.2439    0.9563   -0.1610
   -0.8908   -0.2866   -0.3525
   -0.3833    0.0575    0.9218
...   137 G-C ...
   24.8932  -52.7378   58.9865
   -0.7529    0.5562   -0.3519
   -0.5215   -0.8303   -0.1966
   -0.4015    0.0355    0.9152
...   138 A-T ...
   24.0142  -51.6374   61.9242
   -0.9563    0.0401   -0.2896
   -0.0524   -0.9980    0.0347
   -0.2876    0.0484    0.9565
...   139 G-C ...
   22.3466  -51.2412   64.4940
   -0.8529   -0.5118   -0.1033
    0.4974   -0.8566    0.1373
   -0.1587    0.0657    0.9851
...   140 C-G ...
   22.1502  -50.1498   67.4638
   -0.4681   -0.8748    0.1248
    0.8495   -0.4066    0.3362
   -0.2434    0.2634    0.9335
...   141 G-C ...
   21.4255  -51.8266   72.7876
    0.1303   -0.7143   -0.6876
    0.8897   -0.2218    0.3990
   -0.4375   -0.6638    0.6066
...   142 C-G ...
   20.4244  -54.3095   74.5418
    0.5846   -0.7390   -0.3348
    0.7594    0.3532    0.5465
   -0.2856   -0.5737    0.7676
...   143 T-A ...
   18.4270  -55.5290   76.5299
    0.8548   -0.5005    0.1370
    0.3188    0.7148    0.6224
   -0.4095   -0.4884    0.7706
...   144 C-G ...
   16.8370  -57.7222   78.2674
    0.8529   -0.0846    0.5151
   -0.1508    0.9048    0.3983
   -0.4998   -0.4174    0.7589
...   145 A-T ...
   15.7828  -59.5616   80.7981
    0.5516    0.4995    0.6680
   -0.6739    0.7388    0.0039
   -0.4916   -0.4523    0.7441
...   146 C-G ...
   15.7313  -61.4941   83.9316
    0.0344    0.7399    0.6718
   -0.8637    0.3602   -0.3526
   -0.5029   -0.5681    0.6514
...   147 A-T ...
   14.7382  -63.4279   86.8192
   -0.5924    0.6746    0.4405
   -0.6886   -0.1401   -0.7114
   -0.4182   -0.7248    0.5475
