  147 base-pairs
...     1 T-A ...
    0.0000    0.0000    0.0000
    1.0000    0.0000    0.0000
    0.0000    1.0000    0.0000
    0.0000    0.0000    1.0000
...     2 G-C ...
   -0.5555   -1.1003    3.3981
    0.7749    0.6051    0.1828
   -0.5991    0.7953   -0.0929
   -0.2016   -0.0375    0.9787
...     3 T-A ...
   -0.6619   -3.0237    6.5348
    0.3046    0.9250    0.2271
   -0.8994    0.3578   -0.2510
   -0.3134   -0.1278    0.9410
...     4 G-C ...
   -1.1607   -3.8418    9.6940
   -0.3351    0.9421    0.0133
   -0.8752   -0.3061   -0.3746
   -0.3489   -0.1372    0.9271
...     5 A-T ...
   -1.3881   -3.6770   12.8999
   -0.7835    0.6162   -0.0801
   -0.5677   -0.7622   -0.3109
   -0.2527   -0.1981    0.9470
...     6 G-C ...
   -2.6236   -3.5448   15.7072
   -0.9923    0.0611   -0.1075
   -0.0294   -0.9610   -0.2748
   -0.1201   -0.2695    0.9555
...     7 C-G ...
   -2.3138   -3.7570   18.8866
   -0.8620   -0.4995   -0.0864
    0.5008   -0.8655    0.0073
   -0.0785   -0.0370    0.9962
...     8 G-C ...
   -3.9561   -6.8109   23.3205
   -0.2581   -0.3560   -0.8981
    0.6294   -0.7673    0.1233
   -0.7330   -0.5335    0.4221
...     9 C-G ...
   -6.1177   -8.9414   24.2385
    0.1143   -0.7320   -0.6716
    0.8123   -0.3203    0.4874
   -0.5720   -0.6013    0.5580
...    10 T-A ...
   -8.5041   -9.6771   26.0540
    0.4660   -0.8587   -0.2131
    0.6274    0.1508    0.7640
   -0.6239   -0.4897    0.6090
...    11 C-G ...
  -11.0625  -11.3174   27.2336
    0.6660   -0.6911    0.2808
    0.3382    0.6152    0.7121
   -0.6649   -0.3794    0.6435
...    12 A-T ...
  -13.0013  -13.1789   29.0658
    0.7188   -0.1490    0.6790
   -0.1787    0.9043    0.3876
   -0.6718   -0.4000    0.6235
...    13 C-G ...
  -14.1788  -15.9359   31.3399
    0.4052    0.2865    0.8682
   -0.5270    0.8492   -0.0343
   -0.7470   -0.4437    0.4951
...    14 A-T ...
  -15.9532  -18.1566   33.3080
   -0.1503    0.6873    0.7107
   -0.6106    0.5008   -0.6135
   -0.7776   -0.5261    0.3444
...    15 A-T ...
  -18.3088  -19.9443   34.6501
   -0.4745    0.8448    0.2474
   -0.4101    0.0366   -0.9113
   -0.7789   -0.5339    0.3291
...    16 T-A ...
  -20.6388  -21.5265   36.3471
   -0.6096    0.7552   -0.2408
   -0.1143   -0.3844   -0.9161
   -0.7844   -0.5309    0.3206
...    17 T-A ...
  -23.1905  -23.0780   37.5979
   -0.5540    0.4283   -0.7139
    0.2465   -0.7346   -0.6321
   -0.7952   -0.5262    0.3014
...    18 T-A ...
  -25.8737  -24.5427   38.6534
   -0.3018   -0.0287   -0.9529
    0.5092   -0.8499   -0.1357
   -0.8060   -0.5262    0.2711
...    19 A-T ...
  -28.7635  -26.0770   39.2632
    0.1302   -0.3983   -0.9080
    0.5585   -0.7272    0.3990
   -0.8192   -0.5591    0.1278
...    20 T-A ...
  -31.7290  -27.4692   39.2127
    0.4062   -0.6919   -0.5969
    0.4138   -0.4431    0.7952
   -0.8147   -0.5700    0.1063
...    21 T-A ...
  -34.4347  -29.2472   39.2605
    0.5797   -0.8126   -0.0603
    0.1090    0.0040    0.9940
   -0.8075   -0.5828    0.0909
...    22 C-G ...
  -36.9650  -31.2995   39.4329
    0.5633   -0.6435    0.5182
   -0.2662    0.4524    0.8511
   -0.7822   -0.6174    0.0836
...    23 G-C ...
  -39.5664  -33.2604   40.1105
    0.3941   -0.2310    0.8896
   -0.5710    0.6969    0.4339
   -0.7202   -0.6790    0.1427
...    24 C-G ...
  -41.6242  -35.8080   40.5880
    0.0446    0.2029    0.9782
   -0.7060    0.6991   -0.1128
   -0.7068   -0.6856    0.1744
...    25 A-T ...
  -44.1221  -37.9101   41.1373
   -0.3128    0.6105    0.7276
   -0.6239    0.4456   -0.6421
   -0.7162   -0.6548    0.2415
...    26 A-T ...
  -46.2809  -40.1151   42.1627
   -0.6259    0.7415    0.2416
   -0.3275    0.0313   -0.9443
   -0.7078   -0.6702    0.2233
...    27 A-T ...
  -48.5341  -42.2283   43.1657
   -0.7070    0.6256   -0.3297
    0.0918   -0.3811   -0.9200
   -0.7012   -0.6807    0.2120
...    28 G-C ...
  -50.9822  -44.2478   44.0737
   -0.5057    0.3907   -0.7692
    0.4472   -0.6438   -0.6209
   -0.7378   -0.6580    0.1508
...    29 G-C ...
  -53.7077  -46.1540   44.6327
   -0.1157    0.0630   -0.9913
    0.6371   -0.7610   -0.1227
   -0.7621   -0.6457    0.0479
...    30 C-G ...
  -56.4943  -47.9027   44.6314
    0.2906   -0.3036   -0.9074
    0.5927   -0.6874    0.4198
   -0.7511   -0.6598   -0.0198
...    31 C-G ...
  -59.1342  -49.9418   44.1378
    0.6375   -0.5413   -0.5483
    0.3303   -0.4508    0.8292
   -0.6960   -0.7097   -0.1086
...    32 G-C ...
  -61.1826  -52.5503   43.8896
    0.8021   -0.5972   -0.0005
   -0.1020   -0.1379    0.9852
   -0.5884   -0.7901   -0.1715
...    33 G-C ...
  -62.8178  -55.3538   42.9761
    0.6746   -0.5086    0.5349
   -0.5382    0.1570    0.8281
   -0.5052   -0.8466   -0.1678
...    34 C-G ...
  -64.0640  -58.3244   42.2327
    0.2957   -0.3129    0.9026
   -0.8325    0.3791    0.4041
   -0.4686   -0.8709   -0.1484
...    35 C-G ...
  -65.3225  -61.4323   41.9088
   -0.1751   -0.0069    0.9845
   -0.8775    0.4545   -0.1528
   -0.4464   -0.8907   -0.0856
...    36 C-G ...
  -66.6422  -64.5336   41.9072
   -0.5996    0.2887    0.7464
   -0.6528    0.3632   -0.6648
   -0.4631   -0.8858   -0.0293
...    37 G-C ...
  -68.4468  -67.3053   41.4778
   -0.8255    0.5075    0.2468
   -0.2105    0.1289   -0.9691
   -0.5236   -0.8519    0.0004
...    38 A-T ...
  -70.1139  -70.1245   41.5825
   -0.7811    0.5059   -0.3659
    0.3185   -0.1813   -0.9304
   -0.5371   -0.8433   -0.0195
...    39 C-G ...
  -72.2057  -72.6549   41.9866
   -0.4880    0.3662   -0.7923
    0.6791   -0.4109   -0.6082
   -0.5483   -0.8349   -0.0482
...    40 A-T ...
  -73.9945  -75.4518   41.7388
    0.0359    0.1835   -0.9824
    0.8274   -0.5568   -0.0738
   -0.5605   -0.8101   -0.1718
...    41 C-G ...
  -76.2862  -77.6799   41.0065
    0.4807   -0.0785   -0.8733
    0.6909   -0.5793    0.4324
   -0.5399   -0.8113   -0.2243
...    42 G-C ...
  -77.8014  -80.5353   40.2224
    0.8517   -0.2392   -0.4663
    0.3113   -0.4849    0.8173
   -0.4216   -0.8412   -0.3385
...    43 A-T ...
  -79.0648  -83.2518   38.9566
    0.9025   -0.4184    0.1021
   -0.2390   -0.2895    0.9268
   -0.3582   -0.8609   -0.3613
...    44 C-G ...
  -79.8331  -85.9447   37.2317
    0.6685   -0.4724    0.5744
   -0.6762   -0.0646    0.7339
   -0.3096   -0.8790   -0.3626
...    45 T-A ...
  -80.4349  -88.9190   35.9389
    0.2379   -0.3898    0.8896
   -0.9389    0.1424    0.3135
   -0.2489   -0.9098   -0.3321
...    46 T-A ...
  -80.9102  -91.9314   34.8114
   -0.3441   -0.2674    0.9001
   -0.9101    0.3309   -0.2496
   -0.2310   -0.9050   -0.3572
...    47 A-T ...
  -81.9751  -94.7758   33.3698
   -0.8458   -0.0404    0.5320
   -0.4954    0.4299   -0.7549
   -0.1982   -0.9020   -0.3836
...    48 C-G ...
  -82.5008  -97.9927   32.6709
   -0.9794    0.1921    0.0621
    0.0181    0.3897   -0.9208
   -0.2011   -0.9007   -0.3851
...    49 T-A ...
  -83.3556 -101.0356   31.6710
   -0.8174    0.4041   -0.4105
    0.5272    0.2376   -0.8159
   -0.2322   -0.8833   -0.4073
...    50 G-C ...
  -84.1284 -103.8775   30.1460
   -0.3641    0.5587   -0.7452
    0.8917   -0.0219   -0.4521
   -0.2689   -0.8291   -0.4902
...    51 T-A ...
  -85.5983 -106.4310   28.6724
    0.1511    0.5118   -0.8457
    0.9562   -0.2926   -0.0063
   -0.2507   -0.8077   -0.5336
...    52 T-A ...
  -86.6148 -108.9103   26.8720
    0.6584    0.3094   -0.6861
    0.7205   -0.5228    0.4556
   -0.2178   -0.7943   -0.5671
...    53 C-G ...
  -87.2811 -111.3816   24.8815
    0.9636    0.0252   -0.2663
    0.2234   -0.6234    0.7493
   -0.1471   -0.7815   -0.6063
...    54 A-T ...
  -87.5505 -113.9471   22.7637
    0.9454   -0.1917    0.2634
   -0.3254   -0.5921    0.7372
    0.0146   -0.7827   -0.6222
...    55 T-A ...
  -87.0807 -116.0913   20.3380
    0.6627   -0.4410    0.6052
   -0.7476   -0.4373    0.4999
    0.0442   -0.7837   -0.6195
...    56 G-C ...
  -86.8803 -118.8933   18.5723
    0.1258   -0.5372    0.8340
   -0.9849   -0.1686    0.0399
    0.1192   -0.8264   -0.5503
...    57 T-A ...
  -85.8582 -121.5948   16.9408
   -0.4044   -0.5413    0.7372
   -0.9044    0.1168   -0.4103
    0.1360   -0.8326   -0.5369
...    58 T-A ...
  -85.0925 -124.3465   15.3673
   -0.8415   -0.4214    0.3380
   -0.5093    0.4105   -0.7563
    0.1800   -0.8086   -0.5601
...    59 A-T ...
  -84.4834 -126.7318   13.0573
   -0.9598   -0.1151   -0.2561
    0.1352    0.6098   -0.7809
    0.2460   -0.7841   -0.5698
...    60 T-A ...
  -83.9170 -129.6939   11.6931
   -0.7544    0.1962   -0.6264
    0.5979    0.5991   -0.5325
    0.2708   -0.7763   -0.5693
...    61 A-T ...
  -82.9335 -132.2154    9.7616
   -0.2819    0.5523   -0.7845
    0.9199    0.3880   -0.0574
    0.2727   -0.7378   -0.6174
...    62 A-T ...
  -82.2891 -134.6216    7.7017
    0.2611    0.7013   -0.6634
    0.9192    0.0293    0.3928
    0.2949   -0.7123   -0.6369
...    63 C-G ...
  -81.8284 -136.7576    5.2821
    0.6657    0.6695   -0.3295
    0.6651   -0.3321    0.6689
    0.3384   -0.6644   -0.6664
...    64 G-C ...
  -80.3866 -138.8695    3.1570
    0.8375    0.5109    0.1939
    0.2408   -0.6635    0.7083
    0.4905   -0.5466   -0.6787
...    65 G-C ...
  -78.4512 -140.1828    0.7355
    0.7736    0.1571    0.6138
   -0.1921   -0.8650    0.4635
    0.6038   -0.4765   -0.6390
...    66 A-T ...
  -76.2621 -141.5907   -1.2324
    0.4939   -0.3448    0.7982
   -0.5684   -0.8227   -0.0037
    0.6580   -0.4519   -0.6023
...    67 A-T ...
  -73.8851 -142.8392   -3.0564
    0.0982   -0.7555    0.6477
   -0.7314   -0.4962   -0.4678
    0.6748   -0.4278   -0.6013
...    68 G-C ...
  -71.3887 -144.1731   -4.7859
   -0.3142   -0.8950    0.3165
   -0.6515   -0.0392   -0.7577
    0.6906   -0.4443   -0.5708
...    69 G-C ...
  -68.9503 -145.8222   -6.4368
   -0.6418   -0.7554   -0.1324
   -0.3574    0.4474   -0.8198
    0.6785   -0.4788   -0.5571
...    70 T-A ...
  -66.5809 -147.7666   -7.7924
   -0.7288   -0.4102   -0.5482
    0.0243    0.7846   -0.6195
    0.6843   -0.4648   -0.5619
...    71 A-T ...
  -64.0924 -148.8944   -9.7500
   -0.5347    0.1590   -0.8299
    0.4445    0.8882   -0.1163
    0.7187   -0.4311   -0.5456
...    72 T-A ...
  -62.1446 -150.8240  -11.5724
   -0.2442    0.5866   -0.7721
    0.6383    0.6967    0.3274
    0.7300   -0.4129   -0.5446
...    73 C-G ...
  -59.8136 -152.2287  -13.3751
    0.1120    0.9079   -0.4040
    0.6519    0.2397    0.7194
    0.7500   -0.3439   -0.5650
...    74 T-A ...
  -57.5211 -153.1742  -15.5316
    0.3356    0.9385    0.0811
    0.5184   -0.2559    0.8159
    0.7865   -0.2317   -0.5724
...    75 C-G ...
  -54.9480 -153.7023  -17.4225
    0.4950    0.6505    0.5760
    0.2666   -0.7447    0.6119
    0.8270   -0.1493   -0.5420
...    76 G-C ...
  -51.9407 -154.0950  -18.8097
    0.4196    0.1725    0.8911
    0.0463   -0.9846    0.1688
    0.9065   -0.0296   -0.4211
...    77 A-T ...
  -48.8750 -154.0264  -19.9473
    0.3310   -0.4272    0.8414
   -0.1543   -0.9042   -0.3984
    0.9309    0.0020   -0.3652
...    78 G-C ...
  -45.6920 -153.7691  -20.8427
    0.1665   -0.8385    0.5188
   -0.2572   -0.5449   -0.7981
    0.9519   -0.0006   -0.3063
...    79 C-G ...
  -42.4063 -153.7942  -21.4064
   -0.0090   -0.9999   -0.0064
   -0.2744    0.0086   -0.9616
    0.9616   -0.0069   -0.2745
...    80 T-A ...
  -39.1367 -153.9793  -22.0076
   -0.1574   -0.8378   -0.5227
   -0.2120    0.5457   -0.8108
    0.9645   -0.0169   -0.2635
...    81 C-G ...
  -35.9241 -154.0747  -22.7650
   -0.2424   -0.3419   -0.9080
   -0.0947    0.9397   -0.3286
    0.9656    0.0063   -0.2601
...    82 G-C ...
  -32.7102 -153.5117  -23.5161
   -0.3392    0.2449   -0.9083
    0.0207    0.9672    0.2530
    0.9405    0.0670   -0.3332
...    83 G-C ...
  -29.5392 -153.5492  -24.6641
   -0.3685    0.7145   -0.5947
    0.1753    0.6817    0.7103
    0.9129    0.1575   -0.3765
...    84 G-C ...
  -26.5703 -153.1564  -26.1960
   -0.3352    0.9383   -0.0849
    0.3366    0.2034    0.9194
    0.8800    0.2796   -0.3840
...    85 A-T ...
  -23.7829 -152.1757  -27.5161
   -0.1681    0.8617    0.4788
    0.4763   -0.3543    0.8048
    0.8631    0.3634   -0.3508
...    86 T-A ...
  -21.3849 -150.5725  -29.0183
    0.0411    0.5621    0.8260
    0.5121   -0.7217    0.4657
    0.8579    0.4039   -0.3175
...    87 C-G ...
  -18.6517 -149.0323  -29.8348
    0.2638    0.0286    0.9641
    0.4429   -0.8916   -0.0948
    0.8569    0.4520   -0.2479
...    88 C-G ...
  -15.8173 -147.2269  -30.1296
    0.3842   -0.4880    0.7837
    0.3001   -0.7368   -0.6059
    0.8731    0.4679   -0.1367
...    89 G-C ...
  -12.6956 -146.1070  -30.5462
    0.4227   -0.8477    0.3204
    0.1169   -0.2996   -0.9469
    0.8987    0.4377   -0.0275
...    90 C-G ...
   -9.6691 -144.7582  -30.1924
    0.4095   -0.8760   -0.2547
   -0.1092    0.2302   -0.9670
    0.9057    0.4238   -0.0014
...    91 T-A ...
   -6.5751 -143.5629  -29.9274
    0.2801   -0.6187   -0.7340
   -0.2999    0.6699   -0.6792
    0.9119    0.4104    0.0021
...    92 T-A ...
   -3.5240 -142.4319  -29.6536
    0.1024   -0.0887   -0.9908
   -0.4336    0.8924   -0.1247
    0.8953    0.4424    0.0529
...    93 T-A ...
   -0.4999 -141.2489  -29.4198
   -0.1462    0.4526   -0.8796
   -0.4423    0.7655    0.4674
    0.8849    0.4574    0.0882
...    94 A-T ...
    2.3795 -139.6155  -29.0322
   -0.4438    0.7793   -0.4425
   -0.2850    0.3454    0.8941
    0.8496    0.5229    0.0688
...    95 A-T ...
    5.1132 -137.8963  -29.0318
   -0.5664    0.8144    0.1260
    0.0050   -0.1495    0.9887
    0.8241    0.5607    0.0806
...    96 C-G ...
    7.5960 -135.7972  -29.3203
   -0.5413    0.5829    0.6060
    0.3050   -0.5356    0.7875
    0.7836    0.6111    0.1122
...    97 A-T ...
   10.0630 -133.5883  -28.7980
   -0.4084    0.0988    0.9074
    0.5941   -0.7259    0.3464
    0.6930    0.6806    0.2378
...    98 C-G ...
   11.7812 -130.9109  -27.9779
   -0.0808   -0.3241    0.9426
    0.7458   -0.6470   -0.1585
    0.6613    0.6902    0.2940
...    99 T-A ...
   13.6459 -128.5105  -26.6748
    0.2808   -0.6575    0.6992
    0.7191   -0.3383   -0.6070
    0.6356    0.6732    0.3778
...   100 T-A ...
   15.4805 -126.2674  -25.1968
    0.6600   -0.7135    0.2352
    0.4381    0.1112   -0.8920
    0.6103    0.6918    0.3860
...   101 T-A ...
   17.3107 -124.0765  -23.6183
    0.8222   -0.4802   -0.3055
   -0.0261    0.5044   -0.8631
    0.5685    0.7176    0.4022
...   102 A-T ...
   18.9016 -121.2425  -22.6067
    0.6470    0.0201   -0.7622
   -0.5716    0.6744   -0.4674
    0.5047    0.7381    0.4479
...   103 T-A ...
   21.0034 -119.2980  -20.9371
    0.2733    0.3808   -0.8833
   -0.8309    0.5562   -0.0173
    0.4847    0.7386    0.4685
...   104 G-C ...
   22.3719 -116.6917  -19.3963
   -0.2910    0.5632   -0.7734
   -0.8418    0.2334    0.4867
    0.4546    0.7927    0.4062
...   105 C-G ...
   24.1735 -114.1372  -18.3226
   -0.7257    0.5508   -0.4123
   -0.5572   -0.1189    0.8218
    0.4036    0.8261    0.3932
...   106 T-A ...
   25.4574 -111.2560  -17.3542
   -0.9426    0.3324    0.0328
   -0.1015   -0.3784    0.9200
    0.3183    0.8639    0.3904
...   107 T-A ...
   26.3767 -108.3519  -16.2865
   -0.8578    0.0245    0.5135
    0.4366   -0.4924    0.7529
    0.2713    0.8700    0.4117
...   108 C-G ...
   27.0275 -105.4819  -14.9018
   -0.4723   -0.3196    0.8215
    0.8554   -0.3912    0.3396
    0.2128    0.8630    0.4581
...   109 C-G ...
   27.2417 -102.6088  -13.1413
    0.0345   -0.5636    0.8254
    0.9862   -0.1148   -0.1196
    0.1622    0.8181    0.5518
...   110 G-C ...
   28.1050 -100.1073  -11.0942
    0.5552   -0.6157    0.5592
    0.8170    0.2779   -0.5052
    0.1557    0.7374    0.6573
...   111 G-C ...
   28.5540  -97.9376   -8.5352
    0.8996   -0.4094    0.1520
    0.3920    0.6037   -0.6942
    0.1925    0.6841    0.7036
...   112 C-G ...
   29.2228  -96.0004   -5.9093
    0.9626   -0.0205   -0.2702
   -0.1659    0.7437   -0.6475
    0.2143    0.6682    0.7125
...   113 T-A ...
   30.1393  -94.0184   -3.4004
    0.7172    0.3662   -0.5929
   -0.6537    0.6482   -0.3905
    0.2414    0.6676    0.7043
...   114 C-G ...
   31.0047  -91.8767   -1.0514
    0.1825    0.6759   -0.7140
   -0.9550    0.2945    0.0347
    0.2338    0.6756    0.6992
...   115 G-C ...
   31.3155  -89.5937    1.3845
   -0.4083    0.6545   -0.6363
   -0.8938   -0.1451    0.4243
    0.1854    0.7420    0.6442
...   116 T-A ...
   32.3456  -86.9583    3.1053
   -0.8208    0.4545   -0.3461
   -0.5518   -0.4738    0.6863
    0.1479    0.7543    0.6397
...   117 A-T ...
   32.7029  -84.3681    5.1663
   -0.9992    0.0225    0.0340
    0.0119   -0.6372    0.7706
    0.0390    0.7704    0.6364
...   118 T-A ...
   32.5939  -81.4895    6.7226
   -0.8617   -0.3198    0.3939
    0.5072   -0.5620    0.6534
    0.0124    0.7628    0.6465
...   119 A-T ...
   32.2409  -78.9555    8.8638
   -0.4407   -0.6788    0.5874
    0.8929   -0.2644    0.3644
   -0.0920    0.6850    0.7227
...   120 A-T ...
   31.6509  -76.7936   11.1980
    0.1352   -0.7301    0.6699
    0.9849    0.1728   -0.0104
   -0.1081    0.6612    0.7424
...   121 T-A ...
   30.6665  -74.9353   13.7225
    0.6119   -0.5525    0.5660
    0.7830    0.5244   -0.3345
   -0.1120    0.6479    0.7535
...   122 G-C ...
   30.5920  -72.8053   16.2788
    0.9554   -0.2093    0.2082
    0.2918    0.7770   -0.5579
   -0.0450    0.5937    0.8034
...   123 T-A ...
   30.4517  -71.3886   19.2839
    0.9666    0.2230   -0.1262
   -0.2545    0.7790   -0.5730
   -0.0295    0.5860    0.8098
...   124 G-C ...
   30.3501  -69.1869   21.7695
    0.6380    0.6005   -0.4821
   -0.7695    0.5202   -0.3705
    0.0283    0.6073    0.7940
...   125 T-A ...
   31.0098  -67.4044   24.5117
    0.1346    0.7798   -0.6114
   -0.9906    0.1219   -0.0626
    0.0257    0.6140    0.7889
...   126 C-G ...
   31.1888  -65.3708   27.0909
   -0.4801    0.6898   -0.5419
   -0.8772   -0.3696    0.3065
    0.0111    0.6225    0.7826
...   127 G-C ...
   30.8914  -63.5169   29.8626
   -0.8840    0.2961   -0.3618
   -0.4593   -0.6943    0.5540
   -0.0872    0.6559    0.7498
...   128 A-T ...
   30.6444  -61.3079   32.2595
   -0.9809   -0.1944   -0.0090
    0.1410   -0.7414    0.6561
   -0.1342    0.6423    0.7546
...   129 C-G ...
   29.8960  -58.8382   34.3035
   -0.7603   -0.5799    0.2927
    0.6253   -0.5313    0.5716
   -0.1760    0.6176    0.7665
...   130 C-G ...
   28.8875  -56.7347   36.7467
   -0.2900   -0.8392    0.4601
    0.9280   -0.1290    0.3496
   -0.2340    0.5284    0.8161
...   131 A-T ...
   28.0735  -55.1227   39.5608
    0.2982   -0.8350    0.4625
    0.9229    0.3759    0.0836
   -0.2437    0.4019    0.8827
...   132 A-T ...
   27.0957  -54.0483   42.4541
    0.7689   -0.4897    0.4112
    0.5928    0.7868   -0.1715
   -0.2396    0.3756    0.8953
...   133 A-T ...
   26.2573  -53.1187   45.4465
    0.9697    0.0399    0.2409
    0.0506    0.9323   -0.3581
   -0.2389    0.3595    0.9021
...   134 T-A ...
   25.6208  -52.5913   48.6400
    0.8597    0.5097    0.0340
   -0.4497    0.7866   -0.4231
   -0.2424    0.3485    0.9054
...   135 G-C ...
   25.2756  -52.5095   52.0791
    0.3204    0.9427   -0.0928
   -0.8825    0.2614   -0.3910
   -0.3443    0.2071    0.9157
...   136 T-A ...
   25.5256  -52.9786   55.8049
   -0.2439    0.9563   -0.1610
   -0.8908   -0.2866   -0.3525
   -0.3833    0.0575    0.9218
...   137 G-C ...
   24.8932  -52.7377   58.9865
   -0.7529    0.5562   -0.3519
   -0.5215   -0.8303   -0.1966
   -0.4015    0.0355    0.9152
...   138 A-T ...
   24.0142  -51.6374   61.9242
   -0.9563    0.0401   -0.2896
   -0.0524   -0.9980    0.0347
   -0.2876    0.0484    0.9565
...   139 G-C ...
   22.3466  -51.2411   64.4940
   -0.8529   -0.5118   -0.1033
    0.4974   -0.8566    0.1373
   -0.1587    0.0657    0.9851
...   140 C-G ...
   22.1502  -50.1498   67.4638
   -0.4681   -0.8748    0.1248
    0.8495   -0.4066    0.3362
   -0.2434    0.2634    0.9335
...   141 G-C ...
   21.4255  -51.8266   72.7876
    0.1303   -0.7143   -0.6876
    0.8897   -0.2217    0.3990
   -0.4375   -0.6638    0.6066
...   142 C-G ...
   20.4244  -54.3094   74.5418
    0.5846   -0.7390   -0.3348
    0.7594    0.3532    0.5465
   -0.2856   -0.5737    0.7676
...   143 T-A ...
   18.4270  -55.5290   76.5299
    0.8548   -0.5005    0.1370
    0.3188    0.7148    0.6224
   -0.4095   -0.4884    0.7706
...   144 C-G ...
   16.8370  -57.7222   78.2674
    0.8529   -0.0846    0.5151
   -0.1508    0.9048    0.3983
   -0.4998   -0.4174    0.7589
...   145 A-T ...
   15.7828  -59.5615   80.7981
    0.5516    0.4995    0.6680
   -0.6739    0.7388    0.0039
   -0.4916   -0.4523    0.7441
...   146 C-G ...
   15.7313  -61.4940   83.9316
    0.0344    0.7399    0.6718
   -0.8637    0.3602   -0.3526
   -0.5029   -0.5681    0.6514
...   147 A-T ...
   14.7383  -63.4279   86.8192
   -0.5924    0.6746    0.4405
   -0.6886   -0.1401   -0.7114
   -0.4182   -0.7248    0.5475
