  147 base-pairs
...     1 T-A ...
    0.0000    0.0000    0.0000
    1.0000    0.0000    0.0000
    0.0000    1.0000    0.0000
    0.0000    0.0000    1.0000
...     2 G-C ...
   -0.5555   -1.1003    3.3981
    0.7749    0.6051    0.1828
   -0.5991    0.7953   -0.0929
   -0.2016   -0.0375    0.9787
...     3 T-A ...
   -0.6619   -3.0237    6.5348
    0.3046    0.9250    0.2271
   -0.8994    0.3578   -0.2510
   -0.3134   -0.1278    0.9410
...     4 G-C ...
   -1.1607   -3.8418    9.6940
   -0.3351    0.9421    0.0133
   -0.8752   -0.3061   -0.3746
   -0.3489   -0.1372    0.9271
...     5 A-T ...
   -1.3881   -3.6770   12.8999
   -0.7835    0.6162   -0.0801
   -0.5677   -0.7622   -0.3109
   -0.2527   -0.1981    0.9470
...     6 G-C ...
   -2.6236   -3.5448   15.7072
   -0.9923    0.0611   -0.1075
   -0.0294   -0.9610   -0.2748
   -0.1201   -0.2695    0.9555
...     7 C-G ...
   -2.3138   -3.7570   18.8866
   -0.8620   -0.4995   -0.0864
    0.5008   -0.8655    0.0073
   -0.0785   -0.0370    0.9962
...     8 G-C ...
   -3.9561   -6.8109   23.3205
   -0.2581   -0.3560   -0.8981
    0.6294   -0.7673    0.1233
   -0.7330   -0.5335    0.4221
...     9 C-G ...
   -6.1177   -8.9414   24.2385
    0.1143   -0.7320   -0.6716
    0.8123   -0.3203    0.4874
   -0.5720   -0.6013    0.5580
...    10 T-A ...
   -8.5041   -9.6771   26.0540
    0.4660   -0.8587   -0.2131
    0.6274    0.1508    0.7640
   -0.6239   -0.4897    0.6090
...    11 C-G ...
  -11.0625  -11.3174   27.2336
    0.6660   -0.6911    0.2808
    0.3382    0.6152    0.7121
   -0.6649   -0.3794    0.6435
...    12 A-T ...
  -13.0013  -13.1789   29.0658
    0.7188   -0.1490    0.6790
   -0.1787    0.9043    0.3876
   -0.6718   -0.4000    0.6235
...    13 C-G ...
  -14.1788  -15.9359   31.3399
    0.4052    0.2865    0.8682
   -0.5270    0.8492   -0.0343
   -0.7470   -0.4437    0.4951
...    14 A-T ...
  -15.9532  -18.1566   33.3080
   -0.1503    0.6873    0.7107
   -0.6106    0.5008   -0.6135
   -0.7776   -0.5261    0.3444
...    15 A-T ...
  -18.3196  -19.9455   34.6328
   -0.4767    0.8457    0.2400
   -0.4040    0.0318   -0.9142
   -0.7807   -0.5327    0.3265
...    16 T-A ...
  -20.6648  -21.5194   36.3157
   -0.6064    0.7535   -0.2539
   -0.1046   -0.3921   -0.9139
   -0.7883   -0.5276    0.3166
...    17 T-A ...
  -23.2375  -23.0640   37.5301
   -0.5395    0.4212   -0.7290
    0.2550   -0.7435   -0.6182
   -0.8024   -0.5194    0.2937
...    18 T-A ...
  -25.9449  -24.5170   38.5390
   -0.2783   -0.0433   -0.9595
    0.5077   -0.8547   -0.1087
   -0.8153   -0.5174    0.2599
...    19 A-T ...
  -28.8293  -26.0843   39.1129
    0.1540   -0.4310   -0.8891
    0.5406   -0.7165    0.4409
   -0.8270   -0.5486    0.1227
...    20 T-A ...
  -31.8064  -27.4587   39.0223
    0.4183   -0.7200   -0.5538
    0.3822   -0.4136    0.8263
   -0.8240   -0.5573    0.1022
...    21 T-A ...
  -34.5378  -29.2058   39.0579
    0.5658   -0.8245    0.0047
    0.0693    0.0533    0.9962
   -0.8216   -0.5633    0.0873
...    22 C-G ...
  -37.1278  -31.2003   39.2371
    0.5188   -0.6253    0.5829
   -0.2957    0.5086    0.8087
   -0.8021   -0.5919    0.0790
...    23 G-C ...
  -39.8558  -33.0169   39.8917
    0.3268   -0.1846    0.9269
   -0.5713    0.7427    0.3493
   -0.7529   -0.6437    0.1372
...    24 C-G ...
  -42.0596  -35.4553   40.3691
   -0.0193    0.2695    0.9628
   -0.6657    0.7151   -0.2135
   -0.7460   -0.6450    0.1656
...    25 A-T ...
  -44.7054  -37.4081   40.8227
   -0.3465    0.6752    0.6512
   -0.5451    0.4200   -0.7256
   -0.7635   -0.6063    0.2225
...    26 A-T ...
  -47.0533  -39.4409   41.7871
   -0.6078    0.7843    0.1241
   -0.2377   -0.0305   -0.9709
   -0.7577   -0.6196    0.2050
...    27 A-T ...
  -49.4980  -41.3694   42.7068
   -0.6353    0.6292   -0.4478
    0.1588   -0.4610   -0.8731
   -0.7558   -0.6257    0.1930
...    28 G-C ...
  -52.1433  -43.1837   43.5065
   -0.3980    0.3471   -0.8492
    0.4685   -0.7189   -0.5135
   -0.7887   -0.6022    0.1235
...    29 G-C ...
  -55.0339  -44.8848   43.8893
   -0.0021   -0.0235   -0.9997
    0.5936   -0.8046    0.0176
   -0.8048   -0.5934    0.0157
...    30 C-G ...
  -57.9213  -46.4666   43.6933
    0.3688   -0.4097   -0.8343
    0.4884   -0.6783    0.5490
   -0.7908   -0.6100   -0.0500
...    31 C-G ...
  -60.6123  -48.4055   43.0684
    0.6511   -0.6410   -0.4064
    0.1880   -0.3825    0.9046
   -0.7353   -0.6654   -0.1286
...    32 G-C ...
  -62.8371  -50.8891   42.8403
    0.7311   -0.6600    0.1729
   -0.2436   -0.0157    0.9698
   -0.6373   -0.7511   -0.1722
...    33 G-C ...
  -64.6448  -53.6198   42.0172
    0.5312   -0.5038    0.6812
   -0.6281    0.3054    0.7157
   -0.5686   -0.8080   -0.1542
...    34 C-G ...
  -66.1298  -56.5224   41.3942
    0.1174   -0.2298    0.9661
   -0.8314    0.5093    0.2222
   -0.5431   -0.8293   -0.1313
...    35 C-G ...
  -67.7197  -59.4897   41.1587
   -0.3291    0.1337    0.9348
   -0.7759    0.5260   -0.3484
   -0.5383   -0.8399   -0.0694
...    36 C-G ...
  -69.4117  -62.4108   41.2067
   -0.6711    0.4471    0.5914
   -0.4766    0.3508   -0.8061
   -0.5679   -0.8228   -0.0224
...    37 G-C ...
  -71.4675  -65.0105   40.7265
   -0.7733    0.6331    0.0333
   -0.0165    0.0324   -0.9993
   -0.6338   -0.7734   -0.0146
...    38 A-T ...
  -73.5235  -67.5653   40.7804
   -0.6163    0.5535   -0.5601
    0.4492   -0.3371   -0.8274
   -0.6468   -0.7616   -0.0409
...    39 C-G ...
  -76.0171  -69.7249   41.0161
   -0.2688    0.3255   -0.9066
    0.7062   -0.5735   -0.4152
   -0.6550   -0.7518   -0.0757
...    40 A-T ...
  -78.1579  -72.2637   40.6665
    0.2525    0.0483   -0.9664
    0.7225   -0.6738    0.1551
   -0.6436   -0.7373   -0.2051
...    41 C-G ...
  -80.6115  -74.2167   39.6874
    0.6218   -0.2636   -0.7375
    0.4824   -0.6128    0.6259
   -0.6169   -0.7450   -0.2539
...    42 G-C ...
  -82.3922  -76.9243   38.8755
    0.8679   -0.4362   -0.2379
    0.0414   -0.4137    0.9095
   -0.4951   -0.7992   -0.3409
...    43 A-T ...
  -83.8654  -79.5593   37.6305
    0.7565   -0.5528    0.3494
   -0.4828   -0.1117    0.8686
   -0.4412   -0.8258   -0.3514
...    44 C-G ...
  -84.7969  -82.2977   36.0310
    0.4094   -0.5048    0.7600
   -0.8181    0.1656    0.5507
   -0.4039   -0.8472   -0.3452
...    45 T-A ...
  -85.7523  -85.2592   34.9002
   -0.0676   -0.3038    0.9503
   -0.9285    0.3676    0.0515
   -0.3650   -0.8789   -0.3069
...    46 T-A ...
  -86.6323  -88.2401   33.9267
   -0.6043   -0.0696    0.7937
   -0.7199    0.4746   -0.5065
   -0.3415   -0.8775   -0.3369
...    47 A-T ...
  -87.9615  -90.9419   32.3794
   -0.9414    0.2053    0.2675
   -0.1608    0.4238   -0.8913
   -0.2964   -0.8822   -0.3660
...    48 C-G ...
  -89.0217  -94.0442   31.7584
   -0.8826    0.4044   -0.2398
    0.3612    0.2569   -0.8964
   -0.3010   -0.8778   -0.3728
...    49 T-A ...
  -90.2814  -96.9382   30.7239
   -0.5433    0.5227   -0.6570
    0.7747    0.0106   -0.6323
   -0.3235   -0.8525   -0.4107
...    50 G-C ...
  -91.3045  -99.7053   29.1792
    0.0174    0.5357   -0.8443
    0.9458   -0.2827   -0.1599
   -0.3243   -0.7957   -0.5115
...    51 T-A ...
  -92.9056 -101.9920   27.4321
    0.5164    0.3589   -0.7775
    0.8053   -0.5122    0.2985
   -0.2911   -0.7803   -0.5535
...    52 A-T ...
  -93.9199 -104.3125   25.2600
    0.9021    0.1620   -0.4000
    0.4020   -0.6526    0.6423
   -0.1570   -0.7402   -0.6538
...    53 G-C ...
  -94.3556 -106.4905   22.8294
    0.9918   -0.1171    0.0502
   -0.1158   -0.6637    0.7389
   -0.0532   -0.7387   -0.6719
...    54 G-C ...
  -94.0759 -108.7648   20.3589
    0.7815   -0.3685    0.5035
   -0.6203   -0.5456    0.5635
    0.0670   -0.7526   -0.6550
...    55 T-A ...
  -93.2748 -110.9548   18.0379
    0.3467   -0.5704    0.7446
   -0.9319   -0.2996    0.2044
    0.1065   -0.7648   -0.6354
...    56 A-T ...
  -93.1212 -113.5904   15.9869
   -0.2890   -0.6290    0.7217
   -0.9475    0.0804   -0.3094
    0.1366   -0.7732   -0.6193
...    57 T-A ...
  -92.0684 -116.2489   14.3171
   -0.7284   -0.5197    0.4465
   -0.6667    0.3874   -0.6368
    0.1579   -0.7615   -0.6286
...    58 C-G ...
  -91.5435 -118.8458   12.3649
   -0.9807   -0.1938   -0.0245
   -0.1025    0.6174   -0.7799
    0.1662   -0.7624   -0.6254
...    59 T-A ...
  -91.1363 -121.5760   10.5128
   -0.8897    0.1832   -0.4181
    0.4330    0.6286   -0.6461
    0.1444   -0.7559   -0.6386
...    60 T-A ...
  -90.7972 -124.2141    8.6364
   -0.4791    0.4943   -0.7253
    0.8595    0.4319   -0.2734
    0.1781   -0.7544   -0.6318
...    61 C-G ...
  -90.2900 -126.7366    6.6048
    0.1015    0.6895   -0.7171
    0.9742    0.0773    0.2122
    0.2018   -0.7201   -0.6638
...    62 A-T ...
  -89.5536 -129.1007    4.3632
    0.5823    0.7180   -0.3814
    0.7638   -0.3223    0.5592
    0.2785   -0.6169   -0.7361
...    63 T-A ...
  -89.0148 -130.7037    1.5762
    0.8685    0.4951   -0.0259
    0.3824   -0.6358    0.6704
    0.3155   -0.5921   -0.7415
...    64 G-C ...
  -87.6270 -132.5072   -0.8764
    0.8743    0.1692    0.4549
   -0.1221   -0.8305    0.5435
    0.4697   -0.5307   -0.7054
...    65 T-A ...
  -85.7924 -133.6531   -3.3259
    0.6626   -0.2474    0.7069
   -0.5346   -0.8173    0.2151
    0.5246   -0.5204   -0.6738
...    66 T-A ...
  -83.8638 -135.1255   -5.4680
    0.2458   -0.6570    0.7127
   -0.7981   -0.5544   -0.2359
    0.5501   -0.5108   -0.6606
...    67 A-T ...
  -82.2088 -136.9737   -7.7079
   -0.2869   -0.8601    0.4218
   -0.7636   -0.0605   -0.6429
    0.5785   -0.5066   -0.6394
...    68 T-A ...
  -79.8445 -138.7036   -9.2600
   -0.6179   -0.7861    0.0141
   -0.5083    0.3857   -0.7700
    0.5999   -0.4829   -0.6379
...    69 A-T ...
  -77.8971 -139.8600  -11.7878
   -0.7477   -0.3874   -0.5393
   -0.0066    0.8165   -0.5773
    0.6640   -0.4281   -0.6130
...    70 A-T ...
  -75.7540 -141.5155  -13.6049
   -0.5845    0.1352   -0.8000
    0.4027    0.9043   -0.1414
    0.7044   -0.4049   -0.5830
...    71 C-G ...
  -73.7794 -143.3299  -15.5541
   -0.3069    0.5954   -0.7425
    0.6349    0.7092    0.3063
    0.7090   -0.3774   -0.5957
...    72 G-C ...
  -71.1541 -144.4105  -17.3080
   -0.0216    0.9304   -0.3660
    0.6818    0.2814    0.6753
    0.7312   -0.2350   -0.6404
...    73 G-C ...
  -68.9384 -145.1411  -19.7320
    0.2383    0.9634    0.1226
    0.5963   -0.2448    0.7645
    0.7665   -0.1091   -0.6329
...    74 A-T ...
  -66.4824 -145.3496  -21.8289
    0.4611    0.6680    0.5841
    0.3757   -0.7433    0.5535
    0.8039   -0.0358   -0.5937
...    75 C-G ...
  -64.0227 -144.8064  -23.8961
    0.5318    0.2067    0.8213
    0.1217   -0.9783    0.1674
    0.8381    0.0110   -0.5454
...    76 G-C ...
  -61.0039 -144.9459  -25.2963
    0.3924   -0.3503    0.8505
   -0.0939   -0.9351   -0.3418
    0.9150    0.0542   -0.3998
...    77 A-T ...
  -57.9095 -144.7323  -26.3486
    0.2411   -0.8290    0.5045
   -0.2602   -0.5561   -0.7894
    0.9350    0.0591   -0.3498
...    78 G-C ...
  -54.6995 -144.4614  -27.1393
    0.0438   -0.9988    0.0236
   -0.3117   -0.0361   -0.9495
    0.9492    0.0342   -0.3129
...    79 C-G ...
  -51.4398 -144.5431  -27.8147
   -0.1413   -0.8540   -0.5007
   -0.2654    0.5200   -0.8119
    0.9537    0.0181   -0.3001
...    80 T-A ...
  -48.2271 -144.7713  -28.6375
   -0.2716   -0.4459   -0.8529
   -0.1460    0.8950   -0.4215
    0.9513    0.0100   -0.3082
...    81 C-G ...
  -45.0692 -144.8225  -29.5701
   -0.3100    0.1719   -0.9351
    0.0213    0.9845    0.1739
    0.9505    0.0340   -0.3089
...    82 G-C ...
  -41.8497 -144.3269  -30.2998
   -0.3539    0.6773   -0.6450
    0.1567    0.7228    0.6731
    0.9221    0.1371   -0.3619
...    83 G-C ...
  -38.8199 -144.0484  -31.7410
   -0.3212    0.9348   -0.1514
    0.3072    0.2541    0.9171
    0.8958    0.2480   -0.3688
...    84 G-C ...
  -35.9946 -143.1227  -33.3080
   -0.2319    0.8905    0.3913
    0.4368   -0.2641    0.8599
    0.8692    0.3704   -0.3277
...    85 A-T ...
  -33.2603 -141.7712  -34.3872
   -0.0241    0.5564    0.8306
    0.5106   -0.7074    0.4887
    0.8595    0.4359   -0.2670
...    86 T-A ...
  -30.8634 -139.7852  -35.3472
    0.1908    0.1245    0.9737
    0.4746   -0.8800    0.0196
    0.8593    0.4584   -0.2270
...    87 C-G ...
  -28.0798 -138.1758  -35.7884
    0.3785   -0.4191    0.8253
    0.3273   -0.7734   -0.5429
    0.8658    0.4756   -0.1556
...    88 C-G ...
  -25.1263 -136.5494  -35.7398
    0.4305   -0.7994    0.4191
    0.1363   -0.4014   -0.9057
    0.8923    0.4470   -0.0639
...    89 G-C ...
  -22.0267 -135.4189  -36.2097
    0.3775   -0.9131   -0.1539
   -0.0587    0.1422   -0.9881
    0.9242    0.3820    0.0001
...    90 C-G ...
  -18.8813 -134.3896  -35.8677
    0.2746   -0.6889   -0.6709
   -0.2394    0.6268   -0.7415
    0.9313    0.3642    0.0072
...    91 T-A ...
  -15.6901 -133.4805  -35.7199
    0.0916   -0.2570   -0.9621
   -0.3450    0.8981   -0.2727
    0.9341    0.3569   -0.0064
...    92 T-A ...
  -12.5518 -132.6071  -35.6243
   -0.0878    0.3198   -0.9434
   -0.3623    0.8719    0.3293
    0.9279    0.3707    0.0393
...    93 T-A ...
   -9.4514 -131.6397  -35.5874
   -0.2745    0.7595   -0.5898
   -0.2744    0.5260    0.8050
    0.9216    0.3828    0.0641
...    94 A-T ...
   -6.4221 -130.2841  -35.4691
   -0.4862    0.8726   -0.0472
   -0.0739    0.0127    0.9972
    0.8707    0.4883    0.0583
...    95 A-T ...
   -3.6825 -128.5830  -35.4830
   -0.4942    0.7093    0.5027
    0.2063   -0.4661    0.8604
    0.8445    0.5289    0.0840
...    96 C-G ...
   -1.2478 -126.4177  -35.5911
   -0.3807    0.3391    0.8603
    0.4444   -0.7488    0.4918
    0.8109    0.5695    0.1343
...    97 A-T ...
    1.3260 -124.3890  -34.9213
   -0.2034   -0.2027    0.9579
    0.6316   -0.7748   -0.0299
    0.7482    0.5989    0.2856
...    98 C-G ...
    3.2604 -122.0266  -33.6983
    0.1146   -0.5967    0.7942
    0.6760   -0.5390   -0.5025
    0.7279    0.5945    0.3416
...    99 T-A ...
    5.4209 -120.0484  -32.1688
    0.4113   -0.8206    0.3969
    0.5613   -0.1151   -0.8196
    0.7182    0.5598    0.4132
...   100 T-A ...
    7.5676 -118.2407  -30.5199
    0.6843   -0.7179   -0.1275
    0.2327    0.3808   -0.8949
    0.6910    0.5828    0.4276
...   101 T-A ...
    9.7238 -116.4942  -28.8051
    0.7291   -0.3352   -0.5967
   -0.2088    0.7214   -0.6603
    0.6518    0.6060    0.4559
...   102 A-T ...
   11.5662 -114.0307  -27.3982
    0.4640    0.2389   -0.8530
   -0.6457    0.7505   -0.1410
    0.6065    0.6162    0.5024
...   103 T-A ...
   14.0206 -112.4991  -25.7962
    0.0801    0.5964   -0.7987
   -0.8021    0.5143    0.3036
    0.5918    0.6163    0.5196
...   104 G-C ...
   15.7994 -110.3034  -24.0521
   -0.4419    0.7135   -0.5437
   -0.7128    0.0887    0.6957
    0.5446    0.6950    0.4694
...   105 C-G ...
   17.8199 -107.9866  -22.8689
   -0.7895    0.6017   -0.1207
   -0.3714   -0.3119    0.8745
    0.4886    0.7353    0.4698
...   106 T-A ...
   19.3037 -105.3296  -21.6133
   -0.9126    0.2855    0.2927
    0.0880   -0.5620    0.8225
    0.3993    0.7763    0.4877
...   107 T-A ...
   20.4345 -102.6666  -20.1867
   -0.7363   -0.1083    0.6680
    0.5769   -0.6165    0.5359
    0.3537    0.7799    0.5164
...   108 C-G ...
   21.3431 -100.1087  -18.4011
   -0.3003   -0.4877    0.8197
    0.9046   -0.4181    0.0826
    0.3024    0.7664    0.5667
...   109 C-G ...
   21.9089  -97.6270  -16.1857
    0.1971   -0.7036    0.6827
    0.9432   -0.0537   -0.3277
    0.2673    0.7086    0.6531
...   110 G-C ...
   23.1665  -95.4986  -13.9435
    0.6582   -0.6792    0.3246
    0.7002    0.3941   -0.5953
    0.2764    0.6191    0.7350
...   111 G-C ...
   24.0687  -93.7537  -11.1920
    0.9162   -0.3898   -0.0923
    0.2437    0.7253   -0.6438
    0.3179    0.5674    0.7596
...   112 C-G ...
   25.1835  -92.2272   -8.4538
    0.8934    0.0632   -0.4449
   -0.2957    0.8282   -0.4761
    0.3384    0.5569    0.7586
...   113 T-A ...
   26.5318  -90.6216   -5.8780
    0.5895    0.4788   -0.6505
   -0.7230    0.6719   -0.1607
    0.3601    0.5651    0.7423
...   114 C-G ...
   27.7861  -88.8277   -3.4247
    0.0417    0.7745   -0.6313
   -0.9362    0.2510    0.2462
    0.3491    0.5807    0.7355
...   115 G-C ...
   28.5332  -86.8884   -0.8068
   -0.5205    0.7129   -0.4700
   -0.8055   -0.2273    0.5473
    0.2833    0.6635    0.6925
...   116 T-A ...
   29.7968  -84.4488    1.0183
   -0.8729    0.4633   -0.1532
   -0.4250   -0.5676    0.7051
    0.2397    0.6806    0.6924
...   117 A-T ...
   30.4159  -81.9944    3.1751
   -0.9868   -0.0156    0.1611
    0.1243   -0.7108    0.6924
    0.1037    0.7033    0.7033
...   118 T-A ...
   30.4390  -79.2925    5.0176
   -0.8001   -0.3860    0.4592
    0.5952   -0.6061    0.5276
    0.0747    0.6955    0.7146
...   119 A-T ...
   30.2564  -76.9893    7.4184
   -0.3587   -0.7447    0.5628
    0.9332   -0.2706    0.2366
   -0.0239    0.6101    0.7920
...   120 A-T ...
   29.8709  -75.0721    9.9981
    0.2213   -0.7817    0.5830
    0.9744    0.2016   -0.0995
   -0.0397    0.5901    0.8063
...   121 T-A ...
   29.1205  -73.4641   12.7680
    0.6792   -0.5787    0.4515
    0.7325    0.5729   -0.3678
   -0.0458    0.5805    0.8130
...   122 G-C ...
   29.2577  -71.5374   15.4675
    0.9758   -0.1953    0.0982
    0.2176    0.8249   -0.5218
    0.0209    0.5305    0.8474
...   123 T-A ...
   29.3657  -70.3484   18.5716
    0.9455    0.2589   -0.1975
   -0.3239    0.8100   -0.4888
    0.0335    0.5262    0.8497
...   124 G-C ...
   29.4467  -68.3533   21.2177
    0.5834    0.6438   -0.4951
   -0.8075    0.5248   -0.2693
    0.0865    0.5569    0.8261
...   125 T-A ...
   30.3057  -66.7355   23.9964
    0.0741    0.8153   -0.5743
   -0.9940    0.1071    0.0238
    0.0809    0.5691    0.8183
...   126 C-G ...
   30.6655  -64.8493   26.6557
   -0.5246    0.7079   -0.4729
   -0.8492   -0.3955    0.3499
    0.0607    0.5852    0.8086
...   127 G-C ...
   30.5503  -63.0930   29.4899
   -0.9052    0.3003   -0.3007
   -0.4221   -0.7181    0.5533
   -0.0498    0.6278    0.7768
...   128 A-T ...
   30.3934  -60.9663   31.9558
   -0.9792   -0.2011    0.0286
    0.1744   -0.7603    0.6257
   -0.1041    0.6176    0.7796
...   129 C-G ...
   29.7089  -58.5696   34.0966
   -0.7469   -0.5916    0.3037
    0.6479   -0.5445    0.5328
   -0.1498    0.5947    0.7899
...   130 C-G ...
   28.7496  -56.5681   36.6379
   -0.2747   -0.8505    0.4484
    0.9379   -0.1343    0.3198
   -0.2118    0.5085    0.8346
...   131 A-T ...
   28.0105  -55.0340   39.5057
    0.3090   -0.8422    0.4419
    0.9241    0.3757    0.0700
   -0.2250    0.3867    0.8944
...   132 A-T ...
   27.0705  -54.0097   42.4327
    0.7749   -0.4922    0.3965
    0.5897    0.7888   -0.1735
   -0.2274    0.3683    0.9015
...   133 A-T ...
   26.2515  -53.1114   45.4426
    0.9708    0.0407    0.2365
    0.0477    0.9331   -0.3564
   -0.2351    0.3573    0.9039
...   134 T-A ...
   25.6209  -52.5913   48.6400
    0.8597    0.5097    0.0340
   -0.4497    0.7866   -0.4231
   -0.2424    0.3485    0.9054
...   135 G-C ...
   25.2758  -52.5096   52.0791
    0.3204    0.9427   -0.0928
   -0.8825    0.2614   -0.3910
   -0.3443    0.2071    0.9157
...   136 T-A ...
   25.5258  -52.9787   55.8049
   -0.2439    0.9563   -0.1610
   -0.8908   -0.2866   -0.3525
   -0.3833    0.0575    0.9218
...   137 G-C ...
   24.8933  -52.7378   58.9865
   -0.7529    0.5562   -0.3519
   -0.5215   -0.8303   -0.1966
   -0.4015    0.0355    0.9152
...   138 A-T ...
   24.0143  -51.6374   61.9242
   -0.9563    0.0401   -0.2896
   -0.0524   -0.9980    0.0347
   -0.2876    0.0484    0.9565
...   139 G-C ...
   22.3467  -51.2412   64.4940
   -0.8529   -0.5118   -0.1033
    0.4974   -0.8566    0.1373
   -0.1587    0.0657    0.9851
...   140 C-G ...
   22.1503  -50.1499   67.4638
   -0.4681   -0.8748    0.1248
    0.8495   -0.4066    0.3362
   -0.2434    0.2634    0.9335
...   141 G-C ...
   21.4257  -51.8267   72.7876
    0.1303   -0.7143   -0.6876
    0.8897   -0.2218    0.3990
   -0.4375   -0.6638    0.6066
...   142 C-G ...
   20.4246  -54.3095   74.5418
    0.5846   -0.7390   -0.3348
    0.7594    0.3532    0.5465
   -0.2856   -0.5738    0.7676
...   143 T-A ...
   18.4272  -55.5291   76.5299
    0.8548   -0.5005    0.1370
    0.3188    0.7148    0.6224
   -0.4095   -0.4884    0.7706
...   144 C-G ...
   16.8372  -57.7223   78.2674
    0.8529   -0.0846    0.5151
   -0.1508    0.9048    0.3983
   -0.4998   -0.4174    0.7589
...   145 A-T ...
   15.7829  -59.5616   80.7981
    0.5516    0.4995    0.6680
   -0.6739    0.7388    0.0039
   -0.4916   -0.4523    0.7441
...   146 C-G ...
   15.7315  -61.4941   83.9316
    0.0344    0.7399    0.6718
   -0.8637    0.3602   -0.3526
   -0.5029   -0.5681    0.6514
...   147 A-T ...
   14.7384  -63.4280   86.8192
   -0.5924    0.6746    0.4405
   -0.6886   -0.1401   -0.7114
   -0.4182   -0.7248    0.5475
