  147 base-pairs
...     1 T-A ...
    0.0000    0.0000    0.0000
    1.0000    0.0000    0.0000
    0.0000    1.0000    0.0000
    0.0000    0.0000    1.0000
...     2 G-C ...
   -0.5555   -1.1003    3.3981
    0.7749    0.6051    0.1828
   -0.5991    0.7953   -0.0929
   -0.2016   -0.0375    0.9787
...     3 T-A ...
   -0.6619   -3.0237    6.5348
    0.3046    0.9250    0.2271
   -0.8994    0.3578   -0.2510
   -0.3134   -0.1278    0.9410
...     4 G-C ...
   -1.1607   -3.8418    9.6940
   -0.3351    0.9421    0.0133
   -0.8752   -0.3061   -0.3746
   -0.3489   -0.1372    0.9271
...     5 A-T ...
   -1.3881   -3.6770   12.8999
   -0.7835    0.6162   -0.0801
   -0.5677   -0.7622   -0.3109
   -0.2527   -0.1981    0.9470
...     6 G-C ...
   -2.6236   -3.5448   15.7072
   -0.9923    0.0611   -0.1075
   -0.0294   -0.9610   -0.2748
   -0.1201   -0.2695    0.9555
...     7 C-G ...
   -2.3138   -3.7570   18.8866
   -0.8620   -0.4995   -0.0864
    0.5008   -0.8655    0.0073
   -0.0785   -0.0370    0.9962
...     8 G-C ...
   -3.9561   -6.8109   23.3205
   -0.2581   -0.3560   -0.8981
    0.6294   -0.7673    0.1233
   -0.7330   -0.5335    0.4221
...     9 C-G ...
   -6.1177   -8.9414   24.2385
    0.1143   -0.7320   -0.6716
    0.8123   -0.3203    0.4874
   -0.5720   -0.6013    0.5580
...    10 T-A ...
   -8.5041   -9.6771   26.0540
    0.4660   -0.8587   -0.2131
    0.6274    0.1508    0.7640
   -0.6239   -0.4897    0.6090
...    11 C-G ...
  -11.0625  -11.3174   27.2336
    0.6660   -0.6911    0.2808
    0.3382    0.6152    0.7121
   -0.6649   -0.3794    0.6435
...    12 A-T ...
  -13.0013  -13.1789   29.0658
    0.7188   -0.1490    0.6790
   -0.1787    0.9043    0.3876
   -0.6718   -0.4000    0.6235
...    13 C-G ...
  -14.1788  -15.9359   31.3399
    0.4052    0.2865    0.8682
   -0.5270    0.8492   -0.0343
   -0.7470   -0.4437    0.4951
...    14 A-T ...
  -15.9532  -18.1566   33.3080
   -0.1503    0.6873    0.7107
   -0.6106    0.5008   -0.6135
   -0.7776   -0.5261    0.3444
...    15 A-T ...
  -18.3254  -19.9399   34.6292
   -0.4751    0.8472    0.2376
   -0.4036    0.0302   -0.9144
   -0.7819   -0.5304    0.3276
...    16 T-A ...
  -20.6770  -21.5008   36.3140
   -0.6035    0.7545   -0.2577
   -0.1049   -0.3955   -0.9124
   -0.7904   -0.5237    0.3178
...    17 T-A ...
  -23.2599  -23.0304   37.5263
   -0.5357    0.4194   -0.7329
    0.2529   -0.7484   -0.6131
   -0.8056   -0.5138    0.2948
...    18 T-A ...
  -25.9779  -24.4653   38.5350
   -0.2754   -0.0502   -0.9600
    0.5035   -0.8582   -0.0996
   -0.8189   -0.5108    0.2617
...    19 A-T ...
  -28.8571  -26.0389   39.1280
    0.1531   -0.4491   -0.8803
    0.5348   -0.7114    0.4560
   -0.8310   -0.5406    0.1312
...    20 T-A ...
  -31.8469  -27.3931   39.0597
    0.4136   -0.7357   -0.5364
    0.3765   -0.3982    0.8365
   -0.8289   -0.5480    0.1123
...    21 T-A ...
  -34.5980  -29.1117   39.1299
    0.5557   -0.8309    0.0291
    0.0657    0.0788    0.9947
   -0.8288   -0.5508    0.0984
...    22 C-G ...
  -37.2219  -31.0632   39.3526
    0.5054   -0.6154    0.6048
   -0.2934    0.5366    0.7912
   -0.8115   -0.5773    0.0907
...    23 G-C ...
  -39.9982  -32.8026   40.0387
    0.3140   -0.1603    0.9358
   -0.5608    0.7640    0.3191
   -0.7661   -0.6250    0.1500
...    24 C-G ...
  -42.2584  -35.1824   40.5654
   -0.0255    0.3024    0.9528
   -0.6485    0.7204   -0.2460
   -0.7608   -0.6242    0.1778
...    25 A-T ...
  -44.9561  -37.0622   41.0445
   -0.3413    0.7053    0.6213
   -0.5254    0.4050   -0.7483
   -0.7794   -0.5818    0.2324
...    26 A-T ...
  -47.3652  -39.0059   42.0411
   -0.5913    0.8020    0.0849
   -0.2234   -0.0617   -0.9728
   -0.7749   -0.5942    0.2157
...    27 A-T ...
  -49.8707  -40.8410   42.9875
   -0.6117    0.6267   -0.4828
    0.1615   -0.4985   -0.8517
   -0.7744   -0.5990    0.2037
...    28 G-C ...
  -52.5782  -42.5557   43.8084
   -0.3732    0.3224   -0.8699
    0.4584   -0.7511   -0.4750
   -0.8066   -0.5761    0.1325
...    29 G-C ...
  -55.5234  -44.1632   44.1974
    0.0167   -0.0660   -0.9977
    0.5703   -0.8190    0.0637
   -0.8213   -0.5700    0.0239
...    30 C-G ...
  -58.4524  -45.6738   44.0052
    0.3737   -0.4569   -0.8072
    0.4566   -0.6669    0.5888
   -0.8074   -0.5886   -0.0406
...    31 C-G ...
  -61.1841  -47.5667   43.4112
    0.6392   -0.6793   -0.3606
    0.1550   -0.3455    0.9255
   -0.7533   -0.6475   -0.1155
...    32 G-C ...
  -63.4881  -49.9897   43.2563
    0.7019   -0.6760    0.2243
   -0.2687    0.0403    0.9624
   -0.6596   -0.7358   -0.1534
...    33 G-C ...
  -65.3836  -52.6877   42.5250
    0.4912   -0.4888    0.7210
   -0.6358    0.3646    0.6803
   -0.5954   -0.7926   -0.1317
...    34 C-G ...
  -66.9710  -55.5593   41.9995
    0.0772   -0.1850    0.9797
   -0.8163    0.5525    0.1687
   -0.5725   -0.8127   -0.1084
...    35 C-G ...
  -68.6829  -58.4655   41.8529
   -0.3556    0.1945    0.9142
   -0.7401    0.5387   -0.4025
   -0.5707   -0.8197   -0.0476
...    36 C-G ...
  -70.5013  -61.3099   41.9752
   -0.6730    0.5043    0.5411
   -0.4300    0.3285   -0.8410
   -0.6018   -0.7986   -0.0043
...    37 G-C ...
  -72.6457  -63.8504   41.5392
   -0.7449    0.6664   -0.0314
    0.0260   -0.0180   -0.9995
   -0.6667   -0.7453   -0.0039
...    38 A-T ...
  -74.8146  -66.3111   41.6284
   -0.5657    0.5505   -0.6140
    0.4684   -0.3982   -0.7887
   -0.6787   -0.7337   -0.0326
...    39 C-G ...
  -77.4128  -68.3448   41.8590
   -0.2121    0.2904   -0.9331
    0.6964   -0.6249   -0.3528
   -0.6855   -0.7247   -0.0696
...    40 A-T ...
  -79.6582  -70.7996   41.5316
    0.3001   -0.0120   -0.9538
    0.6812   -0.6973    0.2231
   -0.6678   -0.7167   -0.2011
...    41 C-G ...
  -82.1558  -72.6841   40.5279
    0.6441   -0.3291   -0.6906
    0.4202   -0.6022    0.6788
   -0.6392   -0.7274   -0.2496
...    42 G-C ...
  -84.0185  -75.3521   39.7515
    0.8556   -0.4894   -0.1687
   -0.0282   -0.3695    0.9288
   -0.5169   -0.7899   -0.3300
...    43 A-T ...
  -85.5546  -77.9768   38.5534
    0.7046   -0.5731    0.4184
   -0.5363   -0.0439    0.8429
   -0.4647   -0.8183   -0.3383
...    44 C-G ...
  -86.5432  -80.7429   37.0291
    0.3342   -0.4888    0.8059
   -0.8389    0.2355    0.4908
   -0.4296   -0.8400   -0.3313
...    45 T-A ...
  -87.6016  -83.7018   35.9753
   -0.1464   -0.2552    0.9557
   -0.9069    0.4205   -0.0266
   -0.3951   -0.8706   -0.2930
...    46 T-A ...
  -88.5885  -86.6723   35.0669
   -0.6618   -0.0013    0.7497
   -0.6533    0.4915   -0.5759
   -0.3677   -0.8709   -0.3261
...    47 A-T ...
  -89.9631  -89.3459   33.4864
   -0.9477    0.2649    0.1779
   -0.0616    0.3952   -0.9165
   -0.3131   -0.8796   -0.3582
...    48 C-G ...
  -91.1351  -92.4144   32.8852
   -0.8343    0.4407   -0.3314
    0.4518    0.2020   -0.8689
   -0.3160   -0.8746   -0.3676
...    49 T-A ...
  -92.4557  -95.2803   31.8403
   -0.4511    0.5264   -0.7207
    0.8281   -0.0543   -0.5580
   -0.3329   -0.8485   -0.4114
...    50 G-C ...
  -93.4996  -98.0470   30.2990
    0.1261    0.5063   -0.8531
    0.9389   -0.3385   -0.0621
   -0.3202   -0.7931   -0.5181
...    51 T-A ...
  -95.0574 -100.2953   28.4696
    0.6077    0.3073   -0.7322
    0.7428   -0.5462    0.3873
   -0.2809   -0.7793   -0.5602
...    52 A-T ...
  -95.9882 -102.6087   26.2486
    0.9448    0.1070   -0.3098
    0.3010   -0.6575    0.6907
   -0.1298   -0.7458   -0.6534
...    53 G-C ...
  -96.2880 -104.8179   23.8240
    0.9737   -0.1673    0.1546
   -0.2266   -0.6426    0.7319
   -0.0231   -0.7477   -0.6636
...    54 G-C ...
  -95.8577 -107.1602   21.4389
    0.7022   -0.4024    0.5873
   -0.7056   -0.5037    0.4985
    0.0952   -0.7645   -0.6376
...    55 T-A ...
  -94.9314 -109.4282   19.2361
    0.2305   -0.5813    0.7804
   -0.9640   -0.2454    0.1019
    0.1323   -0.7758   -0.6169
...    56 A-T ...
  -94.7899 -112.0805   17.1826
   -0.4132   -0.6187    0.6681
   -0.8958    0.1446   -0.4202
    0.1634   -0.7722   -0.6140
...    57 T-A ...
  -93.7019 -114.7796   15.5920
   -0.8091   -0.4806    0.3382
   -0.5563    0.4407   -0.7045
    0.1895   -0.7581   -0.6240
...    58 T-A ...
  -92.8834 -117.3950   13.8158
   -0.9687   -0.1785   -0.1725
    0.0150    0.6512   -0.7587
    0.2478   -0.7376   -0.6281
...    59 C-G ...
  -92.0616 -119.8976   11.8344
   -0.7697    0.2471   -0.5886
    0.5847    0.6430   -0.4947
    0.2563   -0.7249   -0.6394
...    60 A-T ...
  -90.9965 -122.1756    9.6653
   -0.3184    0.6327   -0.7059
    0.9174    0.3932   -0.0614
    0.2387   -0.6671   -0.7057
...    61 T-A ...
  -90.8679 -124.4552    7.3049
    0.1777    0.7569   -0.6289
    0.9504    0.0338    0.3092
    0.2553   -0.6526   -0.7134
...    62 G-C ...
  -89.9217 -126.4580    4.8009
    0.6137    0.7503   -0.2458
    0.7083   -0.3857    0.5911
    0.3487   -0.5369   -0.7682
...    63 T-A ...
  -89.0563 -127.7459    1.9320
    0.8589    0.4917    0.1432
    0.3054   -0.7162    0.6275
    0.4111   -0.4953   -0.7653
...    64 T-A ...
  -87.6666 -129.1048   -0.6358
    0.8592    0.0524    0.5090
   -0.2009   -0.8804    0.4296
    0.4706   -0.4713   -0.7459
...    65 A-T ...
  -85.7283 -130.4408   -2.9849
    0.5389   -0.3608    0.7612
   -0.5921   -0.8050    0.0377
    0.5991   -0.4710   -0.6475
...    66 T-A ...
  -83.2892 -131.4771   -4.9245
    0.1660   -0.7130    0.6812
   -0.7690   -0.5260   -0.3632
    0.6173   -0.4636   -0.6356
...    67 A-T ...
  -81.4593 -133.1613   -7.1757
   -0.3304   -0.8959    0.2970
   -0.6883    0.0134   -0.7253
    0.6458   -0.4440   -0.6211
...    68 A-T ...
  -79.1408 -134.6636   -8.9146
   -0.6278   -0.7478   -0.2160
   -0.3739    0.5331   -0.7590
    0.6827   -0.3957   -0.6142
...    69 C-G ...
  -76.7797 -136.4236  -10.5156
   -0.7226   -0.3581   -0.5913
    0.0117    0.8489   -0.5284
    0.6912   -0.3887   -0.6092
...    70 G-C ...
  -74.3385 -137.2242  -12.6432
   -0.6361    0.2097   -0.7426
    0.4016    0.9117   -0.0866
    0.6589   -0.3533   -0.6641
...    71 G-C ...
  -72.2008 -138.6726  -14.8187
   -0.3737    0.6936   -0.6159
    0.6637    0.6638    0.3449
    0.6480   -0.2799   -0.7084
...    72 A-T ...
  -70.1291 -139.6963  -17.1096
    0.0297    0.9639   -0.2647
    0.7438    0.1555    0.6500
    0.6677   -0.2162   -0.7123
...    73 C-G ...
  -68.4164 -140.2647  -19.8248
    0.3526    0.9242    0.1468
    0.6292   -0.3503    0.6939
    0.6927   -0.1523   -0.7050
...    74 T-A ...
  -66.2584 -140.3803  -22.2907
    0.5342    0.6391    0.5534
    0.3915   -0.7672    0.5081
    0.7493   -0.0548   -0.6600
...    75 C-G ...
  -63.7388 -140.3259  -24.3170
    0.5978    0.1043    0.7948
    0.0587   -0.9945    0.0863
    0.7995   -0.0049   -0.6007
...    76 G-C ...
  -60.8277 -140.5597  -25.9162
    0.4187   -0.4408    0.7940
   -0.1815   -0.8973   -0.4024
    0.8898    0.0244   -0.4557
...    77 A-T ...
  -57.7941 -140.4738  -27.1481
    0.2134   -0.8797    0.4250
   -0.3459   -0.4749   -0.8092
    0.9137    0.0257   -0.4057
...    78 G-C ...
  -54.6270 -140.3483  -28.1248
   -0.0219   -0.9983   -0.0536
   -0.3698    0.0579   -0.9273
    0.9288   -0.0005   -0.3705
...    79 C-G ...
  -51.4265 -140.5787  -29.0174
   -0.2259   -0.8016   -0.5535
   -0.2782    0.5976   -0.7520
    0.9336   -0.0159   -0.3580
...    80 T-A ...
  -48.2881 -140.9319  -30.0559
   -0.3474   -0.3601   -0.8658
   -0.1136    0.9327   -0.3423
    0.9308   -0.0206   -0.3650
...    81 C-G ...
  -45.1942 -141.0901  -31.1743
   -0.3510    0.2632   -0.8986
    0.0906    0.9647    0.2472
    0.9320    0.0054   -0.3625
...    82 G-C ...
  -41.9923 -140.7245  -32.0421
   -0.3500    0.7443   -0.5688
    0.2336    0.6574    0.7164
    0.9072    0.1179   -0.4039
...    83 G-C ...
  -39.0333 -140.4960  -33.6301
   -0.2792    0.9583   -0.0604
    0.3687    0.1650    0.9148
    0.8866    0.2331   -0.3994
...    84 G-C ...
  -36.2550 -139.5844  -35.2839
   -0.1677    0.8663    0.4706
    0.4674   -0.3504    0.8116
    0.8680    0.3561   -0.3462
...    85 A-T ...
  -33.5221 -138.2689  -36.4011
    0.0421    0.4901    0.8707
    0.5018   -0.7639    0.4058
    0.8640    0.4198   -0.2781
...    86 T-A ...
  -31.0908 -136.3129  -37.3282
    0.2418    0.0405    0.9695
    0.4365   -0.8968   -0.0714
    0.8666    0.4405   -0.2345
...    87 C-G ...
  -28.2643 -134.7844  -37.7721
    0.3981   -0.4957    0.7719
    0.2706   -0.7406   -0.6151
    0.8766    0.4537   -0.1607
...    88 C-G ...
  -25.2439 -133.2850  -37.7311
    0.4176   -0.8441    0.3364
    0.0811   -0.3341   -0.9390
    0.9050    0.4195   -0.0711
...    89 G-C ...
  -22.1272 -132.2334  -38.2578
    0.3390   -0.9094   -0.2408
   -0.0954    0.2214   -0.9705
    0.9359    0.3520   -0.0117
...    90 C-G ...
  -18.9377 -131.3256  -37.9792
    0.2243   -0.6412   -0.7338
   -0.2496    0.6901   -0.6793
    0.9420    0.3355   -0.0052
...    91 T-A ...
  -15.7167 -130.5189  -37.8963
    0.0453   -0.1823   -0.9822
   -0.3290    0.9256   -0.1870
    0.9432    0.3317   -0.0180
...    92 T-A ...
  -12.5527 -129.7383  -37.8604
   -0.1156    0.3955   -0.9112
   -0.3249    0.8518    0.4109
    0.9387    0.3435    0.0300
...    93 T-A ...
   -9.4289 -128.8517  -37.8727
   -0.2778    0.8089   -0.5182
   -0.2296    0.4679    0.8535
    0.9328    0.3561    0.0557
...    94 A-T ...
   -6.3652 -127.5750  -37.8068
   -0.4730    0.8805    0.0328
   -0.0365   -0.0568    0.9977
    0.8803    0.4707    0.0590
...    95 A-T ...
   -3.6050 -125.9113  -37.8025
   -0.4674    0.6780    0.5674
    0.2304   -0.5262    0.8186
    0.8535    0.5133    0.0897
...    96 C-G ...
   -1.1551 -123.7663  -37.8461
   -0.3487    0.2833    0.8934
    0.4525   -0.7839    0.4251
    0.8208    0.5525    0.1452
...    97 A-T ...
    1.4476 -121.7947  -37.1188
   -0.1768   -0.2644    0.9481
    0.6241   -0.7749   -0.0997
    0.7610    0.5741    0.3020
...    98 C-G ...
    3.4324 -119.5304  -35.7957
    0.1327   -0.6480    0.7500
    0.6579   -0.5084   -0.5556
    0.7413    0.5672    0.3588
...    99 T-A ...
    5.6448 -117.6665  -34.1987
    0.4177   -0.8458    0.3320
    0.5385   -0.0639   -0.8402
    0.7318    0.5297    0.4288
...   100 T-A ...
    7.8389 -115.9724  -32.4905
    0.6794   -0.7086   -0.1906
    0.2101    0.4367   -0.8747
    0.7031    0.5542    0.4456
...   101 T-A ...
   10.0376 -114.3374  -30.7188
    0.7144   -0.2954   -0.6343
   -0.2253    0.7611   -0.6082
    0.6625    0.5774    0.4772
...   102 A-T ...
   11.9012 -111.9582  -29.1994
    0.4437    0.2941   -0.8465
   -0.6509    0.7550   -0.0789
    0.6160    0.5860    0.5265
...   103 T-A ...
   14.3849 -110.5191  -27.5588
    0.0602    0.6450   -0.7618
   -0.7969    0.4906    0.3524
    0.6010    0.5859    0.5436
...   104 G-C ...
   16.1979 -108.4276  -25.7243
   -0.4567    0.7413   -0.4919
   -0.6988    0.0432    0.7140
    0.5505    0.6698    0.4983
...   105 C-G ...
   18.2282 -106.1710  -24.4522
   -0.7954    0.6018   -0.0716
   -0.3528   -0.3638    0.8621
    0.4927    0.7110    0.5017
...   106 T-A ...
   19.7125 -103.5764  -23.0774
   -0.9097    0.2611    0.3229
    0.1062   -0.6054    0.7888
    0.4015    0.7518    0.5230
...   107 T-A ...
   20.8407 -100.9851  -21.5242
   -0.7253   -0.1513    0.6716
    0.5901   -0.6390    0.4934
    0.3545    0.7542    0.5527
...   108 C-G ...
   21.7442  -98.5202  -19.6107
   -0.2844   -0.5333    0.7967
    0.9097   -0.4124    0.0487
    0.3026    0.7386    0.6024
...   109 C-G ...
   22.3110  -96.1570  -17.2683
    0.2134   -0.7352    0.6433
    0.9396   -0.0260   -0.3413
    0.2676    0.6773    0.6853
...   110 G-C ...
   23.5722  -94.1300  -14.9374
    0.6706   -0.6855    0.2835
    0.6881    0.4321   -0.5829
    0.2771    0.5859    0.7615
...   111 G-C ...
   24.4756  -92.5031  -12.1145
    0.9205   -0.3719   -0.1202
    0.2265    0.7583   -0.6112
    0.3184    0.5354    0.7823
...   112 C-G ...
   25.5895  -91.0872   -9.3173
    0.8876    0.0967   -0.4503
   -0.3126    0.8446   -0.4347
    0.3383    0.5266    0.7799
...   113 T-A ...
   26.9372  -89.5803   -6.6832
    0.5762    0.5156   -0.6342
   -0.7342    0.6674   -0.1245
    0.3590    0.5374    0.7631
...   114 C-G ...
   28.1854  -87.8788   -4.1635
    0.0248    0.8005   -0.5989
   -0.9375    0.2267    0.2641
    0.3472    0.5549    0.7560
...   115 G-C ...
   28.9295  -86.0358   -1.4776
   -0.5342    0.7224   -0.4390
   -0.7981   -0.2599    0.5436
    0.2786    0.6408    0.7154
...   116 T-A ...
   30.1666  -83.6476    0.4272
   -0.8805    0.4556   -0.1314
   -0.4124   -0.5991    0.6863
    0.2339    0.6585    0.7153
...   117 A-T ...
   30.7536  -81.2493    2.6545
   -0.9863   -0.0357    0.1613
    0.1357   -0.7318    0.6679
    0.0941    0.6806    0.7266
...   118 T-A ...
   30.7368  -78.6103    4.5862
   -0.7939   -0.4126    0.4466
    0.6045   -0.6143    0.5072
    0.0651    0.6726    0.7371
...   119 A-T ...
   30.5239  -76.3913    7.0621
   -0.3469   -0.7663    0.5408
    0.9374   -0.2640    0.2272
   -0.0313    0.5858    0.8099
...   120 A-T ...
   30.1109  -74.5544    9.6966
    0.2335   -0.7940    0.5613
    0.9712    0.2182   -0.0953
   -0.0468    0.5674    0.8221
...   121 T-A ...
   29.3399  -73.0307   12.5098
    0.6881   -0.5801    0.4359
    0.7236    0.5927   -0.3536
   -0.0532    0.5588    0.8276
...   122 G-C ...
   29.4452  -71.1691   15.2547
    0.9785   -0.1839    0.0931
    0.2057    0.8399   -0.5022
    0.0142    0.5106    0.8597
...   123 T-A ...
   29.5344  -70.0517   18.3856
    0.9419    0.2756   -0.1919
   -0.3348    0.8164   -0.4705
    0.0270    0.5075    0.8613
...   124 G-C ...
   29.5933  -68.1203   21.0785
    0.5763    0.6596   -0.4825
   -0.8133    0.5211   -0.2589
    0.0806    0.5416    0.8368
...   125 T-A ...
   30.4348  -66.5480   23.8852
    0.0664    0.8259   -0.5599
   -0.9949    0.0972    0.0253
    0.0753    0.5554    0.8282
...   126 C-G ...
   30.7752  -64.7009   26.5720
   -0.5299    0.7107   -0.4628
   -0.8463   -0.4076    0.3430
    0.0551    0.5734    0.8174
...   127 G-C ...
   30.6360  -62.9761   29.4227
   -0.9067    0.2978   -0.2985
   -0.4181   -0.7274    0.5442
   -0.0551    0.6182    0.7841
...   128 A-T ...
   30.4539  -60.8765   31.9098
   -0.9780   -0.2070    0.0250
    0.1779   -0.7656    0.6182
   -0.1089    0.6091    0.7856
...   129 C-G ...
   29.7488  -58.5047   34.0737
   -0.7444   -0.5979    0.2975
    0.6498   -0.5459    0.5288
   -0.1537    0.5870    0.7949
...   130 C-G ...
   28.7743  -56.5307   36.6317
   -0.2716   -0.8546    0.4425
    0.9381   -0.1325    0.3199
   -0.2147    0.5021    0.8378
...   131 A-T ...
   28.0300  -55.0131   39.5053
    0.3117   -0.8428    0.4388
    0.9227    0.3787    0.0720
   -0.2268    0.3824    0.8957
...   132 A-T ...
   27.0806  -54.0007   42.4342
    0.7760   -0.4907    0.3963
    0.5876    0.7908   -0.1715
   -0.2293    0.3659    0.9020
...   133 A-T ...
   26.2542  -53.1090   45.4440
    0.9706    0.0420    0.2372
    0.0465    0.9335   -0.3556
   -0.2363    0.3561    0.9041
...   134 T-A ...
   25.6208  -52.5914   48.6401
    0.8597    0.5097    0.0340
   -0.4497    0.7866   -0.4231
   -0.2424    0.3485    0.9054
...   135 G-C ...
   25.2756  -52.5096   52.0792
    0.3204    0.9427   -0.0928
   -0.8825    0.2614   -0.3910
   -0.3443    0.2071    0.9157
...   136 T-A ...
   25.5257  -52.9787   55.8050
   -0.2439    0.9563   -0.1610
   -0.8908   -0.2866   -0.3525
   -0.3833    0.0575    0.9218
...   137 G-C ...
   24.8932  -52.7378   58.9866
   -0.7529    0.5562   -0.3519
   -0.5215   -0.8303   -0.1966
   -0.4015    0.0355    0.9152
...   138 A-T ...
   24.0142  -51.6374   61.9243
   -0.9563    0.0401   -0.2896
   -0.0524   -0.9980    0.0347
   -0.2876    0.0484    0.9565
...   139 G-C ...
   22.3466  -51.2412   64.4941
   -0.8529   -0.5118   -0.1033
    0.4974   -0.8566    0.1373
   -0.1587    0.0657    0.9851
...   140 C-G ...
   22.1502  -50.1499   67.4639
   -0.4681   -0.8748    0.1248
    0.8495   -0.4066    0.3362
   -0.2434    0.2634    0.9335
...   141 G-C ...
   21.4255  -51.8267   72.7877
    0.1303   -0.7143   -0.6876
    0.8897   -0.2218    0.3990
   -0.4375   -0.6638    0.6066
...   142 C-G ...
   20.4244  -54.3095   74.5419
    0.5846   -0.7390   -0.3348
    0.7594    0.3532    0.5465
   -0.2856   -0.5738    0.7676
...   143 T-A ...
   18.4270  -55.5291   76.5299
    0.8548   -0.5005    0.1370
    0.3188    0.7148    0.6224
   -0.4095   -0.4884    0.7706
...   144 C-G ...
   16.8370  -57.7223   78.2674
    0.8529   -0.0846    0.5151
   -0.1508    0.9048    0.3983
   -0.4998   -0.4174    0.7589
...   145 A-T ...
   15.7828  -59.5616   80.7982
    0.5516    0.4995    0.6680
   -0.6739    0.7388    0.0039
   -0.4916   -0.4523    0.7441
...   146 C-G ...
   15.7313  -61.4941   83.9317
    0.0344    0.7399    0.6718
   -0.8637    0.3602   -0.3526
   -0.5029   -0.5681    0.6514
...   147 A-T ...
   14.7382  -63.4280   86.8193
   -0.5924    0.6746    0.4405
   -0.6886   -0.1401   -0.7114
   -0.4182   -0.7248    0.5475
