  147 base-pairs
...     1 T-A ...
    0.0000    0.0000    0.0000
    1.0000    0.0000    0.0000
    0.0000    1.0000    0.0000
    0.0000    0.0000    1.0000
...     2 G-C ...
   -0.5555   -1.1003    3.3981
    0.7749    0.6051    0.1828
   -0.5991    0.7953   -0.0929
   -0.2016   -0.0375    0.9787
...     3 T-A ...
   -0.6619   -3.0237    6.5348
    0.3046    0.9250    0.2271
   -0.8994    0.3578   -0.2510
   -0.3134   -0.1278    0.9410
...     4 G-C ...
   -1.1607   -3.8418    9.6940
   -0.3351    0.9421    0.0133
   -0.8752   -0.3061   -0.3746
   -0.3489   -0.1372    0.9271
...     5 A-T ...
   -1.3881   -3.6770   12.8999
   -0.7835    0.6162   -0.0801
   -0.5677   -0.7622   -0.3109
   -0.2527   -0.1981    0.9470
...     6 G-C ...
   -2.6236   -3.5448   15.7072
   -0.9923    0.0611   -0.1075
   -0.0294   -0.9610   -0.2748
   -0.1201   -0.2695    0.9555
...     7 C-G ...
   -2.3138   -3.7570   18.8866
   -0.8620   -0.4995   -0.0864
    0.5008   -0.8655    0.0073
   -0.0785   -0.0370    0.9962
...     8 G-C ...
   -3.9561   -6.8109   23.3205
   -0.2581   -0.3560   -0.8981
    0.6294   -0.7673    0.1233
   -0.7330   -0.5335    0.4221
...     9 C-G ...
   -6.1177   -8.9414   24.2385
    0.1143   -0.7320   -0.6716
    0.8123   -0.3203    0.4874
   -0.5720   -0.6013    0.5580
...    10 T-A ...
   -8.5041   -9.6771   26.0540
    0.4660   -0.8587   -0.2131
    0.6274    0.1508    0.7640
   -0.6239   -0.4897    0.6090
...    11 C-G ...
  -11.0625  -11.3174   27.2336
    0.6660   -0.6911    0.2808
    0.3382    0.6152    0.7121
   -0.6649   -0.3794    0.6435
...    12 A-T ...
  -13.0013  -13.1789   29.0658
    0.7188   -0.1490    0.6790
   -0.1787    0.9043    0.3876
   -0.6718   -0.4000    0.6235
...    13 C-G ...
  -14.1788  -15.9359   31.3399
    0.4052    0.2865    0.8682
   -0.5270    0.8492   -0.0343
   -0.7470   -0.4437    0.4951
...    14 A-T ...
  -15.9532  -18.1566   33.3080
   -0.1503    0.6873    0.7107
   -0.6106    0.5008   -0.6135
   -0.7776   -0.5261    0.3444
...    15 A-T ...
  -18.3919  -19.9497   34.4591
   -0.4585    0.8598    0.2248
   -0.3990    0.0268   -0.9166
   -0.7941   -0.5099    0.3308
...    16 T-A ...
  -20.7868  -21.5360   36.2588
   -0.6290    0.7210   -0.2908
   -0.0754   -0.4289   -0.9002
   -0.7737   -0.5443    0.3241
...    17 T-A ...
  -23.3290  -23.1018   37.6466
   -0.5754    0.3168   -0.7540
    0.3195   -0.7616   -0.5638
   -0.7529   -0.5653    0.3371
...    18 T-A ...
  -25.8745  -24.7568   38.7504
   -0.2677   -0.1307   -0.9546
    0.5783   -0.8142   -0.0507
   -0.7706   -0.5656    0.2935
...    19 A-T ...
  -28.4035  -26.7369   39.5214
    0.1721   -0.4854   -0.8572
    0.6097   -0.6310    0.4797
   -0.7737   -0.6052    0.1874
...    20 T-A ...
  -31.3089  -28.3230   39.6523
    0.4610   -0.7371   -0.4941
    0.4354   -0.2973    0.8497
   -0.7732   -0.6069    0.1838
...    21 T-A ...
  -33.9197  -30.2753   39.9398
    0.6280   -0.7750    0.0708
    0.0852    0.1589    0.9836
   -0.7735   -0.6117    0.1658
...    22 C-G ...
  -36.3969  -32.3654   40.4436
    0.5841   -0.5210    0.6224
   -0.3108    0.5647    0.7645
   -0.7498   -0.6400    0.1679
...    23 G-C ...
  -38.9450  -34.2282   41.6216
    0.4078   -0.0357    0.9124
   -0.6235    0.7191    0.3068
   -0.6670   -0.6940    0.2710
...    24 C-G ...
  -40.8394  -36.7583   42.4742
    0.0573    0.3828    0.9221
   -0.7450    0.6312   -0.2157
   -0.6646   -0.6746    0.3213
...    25 A-T ...
  -43.3951  -38.7271   43.2552
   -0.3533    0.7083    0.6112
   -0.6413    0.2923   -0.7094
   -0.6811   -0.6426    0.3509
...    26 A-T ...
  -45.5448  -40.8112   44.6101
   -0.6619    0.7425    0.1031
   -0.3237   -0.1591   -0.9327
   -0.6761   -0.6507    0.3457
...    27 A-T ...
  -47.6335  -42.8447   46.0740
   -0.7414    0.4998   -0.4478
    0.1346   -0.5431   -0.8288
   -0.6574   -0.6748    0.3354
...    28 G-C ...
  -50.0756  -44.7259   47.4505
   -0.5158    0.1765   -0.8383
    0.4958   -0.7365   -0.4602
   -0.6986   -0.6530    0.2923
...    29 G-C ...
  -52.7813  -46.6658   48.3769
   -0.0845   -0.1996   -0.9762
    0.6923   -0.7164    0.0866
   -0.7167   -0.6685    0.1987
...    30 C-G ...
  -55.4310  -48.5617   48.7446
    0.3538   -0.5059   -0.7867
    0.6146   -0.5083    0.6032
   -0.7050   -0.6970    0.1311
...    31 C-G ...
  -57.9722  -50.7240   48.9602
    0.6937   -0.6338   -0.3423
    0.3060   -0.1709    0.9366
   -0.6521   -0.7544    0.0754
...    32 G-C ...
  -59.7271  -53.2034   49.3677
    0.8246   -0.5412    0.1648
   -0.1146    0.1255    0.9855
   -0.5540   -0.8315    0.0415
...    33 G-C ...
  -61.0535  -56.2945   49.4106
    0.6606   -0.3337    0.6724
   -0.5748    0.3513    0.7391
   -0.4829   -0.8748    0.0402
...    34 C-G ...
  -62.2168  -59.3545   49.4939
    0.2518   -0.0533    0.9663
   -0.8587    0.4481    0.2485
   -0.4463   -0.8924    0.0671
...    35 C-G ...
  -63.4031  -62.4930   50.0853
   -0.2636    0.2288    0.9371
   -0.8689    0.3656   -0.3337
   -0.4190   -0.9022    0.1024
...    36 C-G ...
  -64.6783  -65.5381   50.7222
   -0.6888    0.4207    0.5904
   -0.5924    0.1429   -0.7929
   -0.4180   -0.8959    0.1508
...    37 G-C ...
  -66.3240  -68.5513   50.2035
   -0.8783    0.4772    0.0300
   -0.0916   -0.1064   -0.9901
   -0.4693   -0.8723    0.1372
...    38 A-T ...
  -67.6552  -71.3689   50.6872
   -0.7641    0.3328   -0.5526
    0.4517   -0.3357   -0.8266
   -0.4606   -0.8812    0.1062
...    39 C-G ...
  -69.5604  -73.9086   51.1790
   -0.3988    0.1588   -0.9032
    0.7801   -0.4590   -0.4251
   -0.4820   -0.8742    0.0591
...    40 A-T ...
  -71.2884  -76.7574   51.2661
    0.1570   -0.0312   -0.9871
    0.8651   -0.4777    0.1527
   -0.4763   -0.8780   -0.0480
...    41 C-G ...
  -73.1141  -79.3928   50.6314
    0.6051   -0.2010   -0.7703
    0.6631   -0.4081    0.6275
   -0.4405   -0.8905   -0.1136
...    42 G-C ...
  -74.2163  -82.5383   50.5258
    0.9159   -0.3041   -0.2619
    0.1831   -0.2639    0.9470
   -0.3571   -0.9154   -0.1860
...    43 A-T ...
  -75.3706  -85.4157   49.8731
    0.8557   -0.3900    0.3401
   -0.3841   -0.0383    0.9225
   -0.3468   -0.9200   -0.1826
...    44 C-G ...
  -76.1009  -88.4083   48.6837
    0.5450   -0.3017    0.7823
   -0.7865    0.1392    0.6016
   -0.2904   -0.9432   -0.1614
...    45 T-A ...
  -76.3893  -91.9519   47.9797
    0.0154   -0.1524    0.9882
   -0.9636    0.2617    0.0554
   -0.2671   -0.9530   -0.1428
...    46 T-A ...
  -76.8239  -95.1354   47.4510
   -0.4843   -0.0246    0.8746
   -0.8367    0.3052   -0.4547
   -0.2557   -0.9520   -0.1684
...    47 A-T ...
  -77.9006  -98.2218   46.6164
   -0.9105    0.1552    0.3832
   -0.3378    0.2552   -0.9060
   -0.2384   -0.9544   -0.1800
...    48 C-G ...
  -78.6652 -101.4888   46.6950
   -0.9501    0.2699   -0.1567
    0.1986    0.1354   -0.9707
   -0.2407   -0.9533   -0.1822
...    49 T-A ...
  -79.7849 -104.6638   46.4206
   -0.6784    0.3694   -0.6350
    0.6719   -0.0377   -0.7397
   -0.2972   -0.9285   -0.2226
...    50 G-C ...
  -80.8792 -107.6882   45.4319
   -0.1506    0.4011   -0.9036
    0.9383   -0.2299   -0.2584
   -0.3114   -0.8867   -0.3417
...    51 T-A ...
  -82.3895 -110.2868   44.3134
    0.3402    0.3042   -0.8898
    0.8954   -0.3938    0.2077
   -0.2872   -0.8674   -0.4063
...    52 A-T ...
  -83.6091 -112.6946   42.2914
    0.7894    0.2556   -0.5582
    0.5973   -0.5301    0.6019
   -0.1420   -0.8085   -0.5711
...    53 G-C ...
  -84.3251 -115.1000   40.2538
    0.9895    0.0722   -0.1255
    0.1433   -0.6097    0.7796
   -0.0202   -0.7894   -0.6136
...    54 G-C ...
  -84.1101 -117.3486   37.3979
    0.9129   -0.1804    0.3661
   -0.3981   -0.5908    0.7017
    0.0897   -0.7864   -0.6112
...    55 T-A ...
  -83.3195 -119.6416   35.2236
    0.5836   -0.4345    0.6860
   -0.8013   -0.4452    0.3997
    0.1317   -0.7829   -0.6080
...    56 A-T ...
  -82.2376 -122.1744   33.2106
    0.0207   -0.5665    0.8238
   -0.9821   -0.1657   -0.0892
    0.1870   -0.8072   -0.5598
...    57 T-A ...
  -80.8754 -124.6914   31.5502
   -0.4741   -0.5933    0.6505
   -0.8567    0.1404   -0.4964
    0.2032   -0.7926   -0.5749
...    58 C-G ...
  -80.0336 -127.4867   29.8594
   -0.8965   -0.3944    0.2017
   -0.3895    0.4850   -0.7830
    0.2110   -0.7806   -0.5884
...    59 T-A ...
  -79.4333 -130.3151   28.1697
   -0.9745   -0.0511   -0.2184
    0.1409    0.6183   -0.7732
    0.1745   -0.7843   -0.5954
...    60 C-G ...
  -78.8280 -132.9304   26.1683
   -0.7135    0.3353   -0.6152
    0.6792    0.5467   -0.4898
    0.1721   -0.7673   -0.6178
...    61 G-C ...
  -77.8961 -135.0861   23.8948
   -0.3080    0.6785   -0.6669
    0.9410    0.3205   -0.1084
    0.1402   -0.6610   -0.7372
...    62 A-T ...
  -77.1586 -137.3328   21.6854
    0.2469    0.8027   -0.5430
    0.9457   -0.0773    0.3158
    0.2115   -0.5914   -0.7781
...    63 G-C ...
  -76.6547 -138.9572   18.8501
    0.6662    0.7076   -0.2355
    0.6953   -0.4753    0.5390
    0.2695   -0.5228   -0.8087
...    64 C-G ...
  -75.9336 -140.2373   15.8105
    0.9185    0.3600    0.1636
    0.2139   -0.8002    0.5602
    0.3326   -0.4796   -0.8120
...    65 T-A ...
  -74.8242 -141.4404   12.9421
    0.8698   -0.0541    0.4904
   -0.2624   -0.8925    0.3669
    0.4179   -0.4478   -0.7905
...    66 C-G ...
  -73.1884 -143.0944   10.7024
    0.5551   -0.5201    0.6492
   -0.6553   -0.7541   -0.0438
    0.5123   -0.4011   -0.7594
...    67 G-C ...
  -71.9434 -145.1841    8.3034
    0.0753   -0.8278    0.5560
   -0.8121   -0.3745   -0.4476
    0.5787   -0.4178   -0.7004
...    68 G-C ...
  -69.7673 -146.6369    6.1895
   -0.3984   -0.8828    0.2490
   -0.7120    0.1266   -0.6907
    0.5782   -0.4524   -0.6790
...    69 G-C ...
  -67.7653 -148.3589    4.1396
   -0.7616   -0.6376   -0.1156
   -0.3626    0.5672   -0.7395
    0.5370   -0.5213   -0.6632
...    70 A-T ...
  -65.8442 -150.2668    2.1615
   -0.8160   -0.1794   -0.5495
    0.1619    0.8416   -0.5152
    0.5549   -0.5094   -0.6577
...    71 T-A ...
  -64.2596 -152.5807    0.3193
   -0.6129    0.2617   -0.7456
    0.5402    0.8274   -0.1537
    0.5767   -0.4970   -0.6484
...    72 T-A ...
  -62.5486 -154.4359   -1.7603
   -0.2161    0.6844   -0.6964
    0.7767    0.5527    0.3022
    0.5917   -0.4755   -0.6510
...    73 C-G ...
  -60.4179 -155.8952   -3.7754
    0.2093    0.9165   -0.3408
    0.7600    0.0668    0.6465
    0.6153   -0.3943   -0.6826
...    74 A-T ...
  -58.6083 -157.2446   -6.3292
    0.4775    0.8662    0.1471
    0.5790   -0.4361    0.6889
    0.6609   -0.2438   -0.7098
...    75 T-A ...
  -56.6417 -157.6113   -8.8542
    0.6383    0.5697    0.5177
    0.2952   -0.8023    0.5189
    0.7109   -0.1783   -0.6803
...    76 G-C ...
  -54.0023 -157.8175  -11.0921
    0.5836    0.0480    0.8106
   -0.0625   -0.9926    0.1038
    0.8096   -0.1113   -0.5763
...    77 T-A ...
  -51.1614 -157.4991  -12.8208
    0.4465   -0.4670    0.7632
   -0.3239   -0.8795   -0.3487
    0.8341   -0.0915   -0.5439
...    78 T-A ...
  -48.3892 -157.6169  -14.3905
    0.2066   -0.8719    0.4439
   -0.4823   -0.4855   -0.7292
    0.8513   -0.0634   -0.5208
...    79 A-T ...
  -45.6406 -157.8789  -16.3923
   -0.1105   -0.9853   -0.1302
   -0.5027    0.1685   -0.8479
    0.8573   -0.0282   -0.5140
...    80 T-A ...
  -42.5737 -158.1959  -17.4409
   -0.3045   -0.7726   -0.5571
   -0.3891    0.6348   -0.6676
    0.8694    0.0134   -0.4939
...    81 A-T ...
  -39.6459 -157.7879  -19.1710
   -0.4398   -0.1893   -0.8779
   -0.1267    0.9808   -0.1480
    0.8891    0.0462   -0.4554
...    82 A-T ...
  -36.7830 -157.7795  -20.6016
   -0.4298    0.3853   -0.8166
    0.0988    0.9190    0.3816
    0.8975    0.0834   -0.4331
...    83 C-G ...
  -33.9148 -158.0586  -22.4052
   -0.3338    0.8142   -0.4750
    0.2901    0.5681    0.7701
    0.8969    0.1193   -0.4258
...    84 G-C ...
  -31.0078 -157.1820  -23.5289
   -0.3301    0.9416    0.0662
    0.4190    0.0833    0.9042
    0.8459    0.3262   -0.4220
...    85 G-C ...
  -28.5304 -155.5922  -24.9596
   -0.1901    0.8018    0.5665
    0.5769   -0.3757    0.7253
    0.7944    0.4647   -0.3912
...    86 A-T ...
  -26.1258 -153.7454  -26.0875
    0.0974    0.4061    0.9086
    0.6237   -0.7363    0.2623
    0.7755    0.5412   -0.3250
...    87 C-G ...
  -24.1754 -151.3294  -27.1743
    0.3618   -0.0622    0.9302
    0.5118   -0.8207   -0.2539
    0.7792    0.5680   -0.2651
...    88 C-G ...
  -21.6128 -148.9753  -27.4717
    0.4785   -0.5374    0.6944
    0.3353   -0.6191   -0.7101
    0.8116    0.5726   -0.1161
...    89 G-C ...
  -18.7735 -147.4302  -28.0708
    0.5026   -0.8413    0.1992
    0.0688   -0.1907   -0.9792
    0.8618    0.5058   -0.0380
...    90 C-G ...
  -15.7098 -145.8499  -27.6786
    0.4484   -0.7992   -0.4002
   -0.2152    0.3381   -0.9162
    0.8676    0.4969   -0.0204
...    91 T-A ...
  -12.4827 -144.6069  -27.5244
    0.2562   -0.4599   -0.8502
   -0.3951    0.7529   -0.5263
    0.8822    0.4708    0.0112
...    92 T-A ...
   -9.4553 -143.4069  -27.3339
    0.0272    0.0920   -0.9954
   -0.4886    0.8699    0.0670
    0.8721    0.4845    0.0686
...    93 T-A ...
   -6.4751 -142.0868  -27.1159
   -0.2413    0.5807   -0.7776
   -0.4366    0.6506    0.6214
    0.8667    0.4894    0.0965
...    94 A-T ...
   -3.7243 -140.3154  -26.4828
   -0.5111    0.8119   -0.2821
   -0.2224    0.1922    0.9558
    0.8303    0.5513    0.0823
...    95 A-T ...
   -1.1523 -138.4970  -26.4025
   -0.6085    0.7501    0.2591
    0.0797   -0.2670    0.9604
    0.7895    0.6051    0.1027
...    96 C-G ...
    1.2088 -136.1659  -26.6241
   -0.5248    0.4782    0.7042
    0.3797   -0.6089    0.6965
    0.7619    0.6329    0.1379
...    97 A-T ...
    3.5396 -133.8422  -26.0251
   -0.3308   -0.0170    0.9435
    0.6401   -0.7387    0.2111
    0.6934    0.6738    0.2553
...    98 C-G ...
    5.2902 -131.2173  -24.9070
    0.0176   -0.4227    0.9061
    0.7430   -0.6009   -0.2947
    0.6690    0.6785    0.3035
...    99 T-A ...
    7.1586 -128.5854  -23.2829
    0.4065   -0.7136    0.5705
    0.6296   -0.2337   -0.7409
    0.6621    0.6604    0.3543
...   100 T-A ...
    9.0916 -126.4195  -21.7779
    0.7330   -0.6785    0.0477
    0.2789    0.2359   -0.9309
    0.6204    0.6957    0.3621
...   101 T-A ...
   10.9906 -124.2438  -20.2346
    0.7944   -0.3781   -0.4753
   -0.2012    0.5745   -0.7934
    0.5730    0.7259    0.3803
...   102 A-T ...
   12.7061 -121.4958  -19.0968
    0.5049    0.1162   -0.8554
   -0.6830    0.6597   -0.3135
    0.5279    0.7425    0.4124
...   103 T-A ...
   14.9679 -119.5377  -17.7684
    0.1105    0.3991   -0.9102
   -0.8467    0.5173    0.1241
    0.5204    0.7570    0.3951
...   104 G-C ...
   16.8681 -117.0288  -16.6975
   -0.4745    0.5548   -0.6834
   -0.7252    0.1936    0.6608
    0.4989    0.8091    0.3105
...   105 C-G ...
   18.4480 -114.2471  -16.1866
   -0.8229    0.5104   -0.2496
   -0.3722   -0.1524    0.9156
    0.4293    0.8463    0.3154
...   106 T-A ...
   19.8564 -111.1795  -15.5556
   -0.9144    0.2900    0.2823
    0.1555   -0.3923    0.9066
    0.3737    0.8729    0.3137
...   107 T-A ...
   20.8686 -108.2774  -14.6993
   -0.7110   -0.0401    0.7020
    0.6366   -0.4606    0.6185
    0.2985    0.8867    0.3531
...   108 C-G ...
   21.5049 -105.3092  -13.4523
   -0.2645   -0.3621    0.8938
    0.9328   -0.3314    0.1418
    0.2449    0.8712    0.4254
...   109 C-G ...
   22.0563 -102.4536  -11.9263
    0.2225   -0.5773    0.7856
    0.9447   -0.0713   -0.3200
    0.2408    0.8134    0.5295
...   110 G-C ...
   23.1030 -100.1609  -10.1886
    0.6417   -0.6125    0.4616
    0.7217    0.2786   -0.6336
    0.2595    0.7397    0.6209
...   111 G-C ...
   24.2011  -98.1280   -7.7173
    0.9203   -0.3911    0.0116
    0.2683    0.6091   -0.7463
    0.2848    0.6899    0.6655
...   112 C-G ...
   25.3341  -96.3081   -5.1297
    0.9092   -0.0086   -0.4162
   -0.2760    0.7361   -0.6181
    0.3117    0.6768    0.6669
...   113 T-A ...
   26.4412  -94.2160   -2.8308
    0.6237    0.3824   -0.6818
   -0.7132    0.6354   -0.2961
    0.3200    0.6709    0.6689
...   114 C-G ...
   27.4223  -91.9214   -0.6242
    0.0765    0.6760   -0.7329
   -0.9454    0.2827    0.1621
    0.3168    0.6805    0.6607
...   115 G-C ...
   27.9546  -89.6519    1.7378
   -0.5092    0.6631   -0.5486
   -0.8201   -0.1805    0.5430
    0.2611    0.7264    0.6358
...   116 T-A ...
   28.9868  -86.8820    3.2394
   -0.8802    0.4243   -0.2128
   -0.4265   -0.5101    0.7469
    0.2084    0.7482    0.6300
...   117 A-T ...
   29.5989  -83.9171    4.8913
   -0.9860   -0.0212    0.1652
    0.1403   -0.6401    0.7554
    0.0898    0.7680    0.6341
...   118 T-A ...
   29.5690  -81.0542    6.3996
   -0.7894   -0.3452    0.5076
    0.6088   -0.5466    0.5750
    0.0790    0.7629    0.6417
...   119 A-T ...
   29.7368  -78.6385    8.6416
   -0.3408   -0.6658    0.6637
    0.9401   -0.2402    0.2419
   -0.0017    0.7064    0.7078
...   120 A-T ...
   29.3790  -76.4171   10.9667
    0.2384   -0.7239    0.6474
    0.9710    0.1892   -0.1461
   -0.0167    0.6635    0.7480
...   121 T-A ...
   28.7098  -74.5295   13.6289
    0.7031   -0.5252    0.4793
    0.7105    0.5452   -0.4449
   -0.0276    0.6534    0.7565
...   122 G-C ...
   28.5935  -72.5356   16.4000
    0.9857   -0.1491    0.0785
    0.1656    0.7697   -0.6166
    0.0315    0.6208    0.7834
...   123 T-A ...
   28.8028  -70.9463   19.2648
    0.9365    0.2588   -0.2368
   -0.3493    0.7501   -0.5615
    0.0323    0.6086    0.7928
...   124 G-C ...
   28.9985  -68.9549   21.9266
    0.5554    0.6226   -0.5513
   -0.8277    0.4775   -0.2947
    0.0798    0.6200    0.7805
...   125 T-A ...
   29.7278  -67.1839   24.5326
    0.0433    0.7627   -0.6453
   -0.9957    0.0858    0.0347
    0.0818    0.6411    0.7631
...   126 C-G ...
   30.0447  -65.1200   26.9218
   -0.5485    0.6723   -0.4972
   -0.8317   -0.3775    0.4072
    0.0861    0.6368    0.7662
...   127 G-C ...
   29.8031  -63.2674   29.6297
   -0.8979    0.2859   -0.3347
   -0.4373   -0.6661    0.6042
   -0.0503    0.6889    0.7231
...   128 A-T ...
   29.8015  -61.1048   31.9183
   -0.9847   -0.1626    0.0632
    0.1630   -0.7284    0.6655
   -0.0622    0.6656    0.7438
...   129 C-G ...
   29.2660  -58.4669   33.8197
   -0.7501   -0.5545    0.3605
    0.6526   -0.5319    0.5397
   -0.1075    0.6401    0.7608
...   130 C-G ...
   28.1338  -56.3869   36.2929
   -0.2991   -0.8263    0.4772
    0.9352   -0.1545    0.3185
   -0.1894    0.5416    0.8190
...   131 A-T ...
   27.8436  -54.9912   39.3170
    0.2674   -0.8636    0.4275
    0.9442    0.3233    0.0625
   -0.1922    0.3869    0.9019
...   132 A-T ...
   27.0943  -53.9447   42.3286
    0.7549   -0.5409    0.3710
    0.6271    0.7610   -0.1665
   -0.1922    0.3583    0.9136
...   133 A-T ...
   26.2565  -53.1242   45.4011
    0.9700    0.0274    0.2414
    0.0628    0.9316   -0.3581
   -0.2347    0.3625    0.9019
...   134 T-A ...
   25.6209  -52.5913   48.6400
    0.8597    0.5097    0.0340
   -0.4497    0.7866   -0.4231
   -0.2424    0.3485    0.9054
...   135 G-C ...
   25.2757  -52.5096   52.0791
    0.3204    0.9427   -0.0928
   -0.8825    0.2614   -0.3910
   -0.3443    0.2071    0.9157
...   136 T-A ...
   25.5258  -52.9787   55.8049
   -0.2439    0.9563   -0.1610
   -0.8908   -0.2866   -0.3525
   -0.3833    0.0575    0.9218
...   137 G-C ...
   24.8933  -52.7378   58.9865
   -0.7529    0.5562   -0.3519
   -0.5215   -0.8303   -0.1966
   -0.4015    0.0355    0.9152
...   138 A-T ...
   24.0143  -51.6374   61.9242
   -0.9563    0.0401   -0.2896
   -0.0524   -0.9980    0.0347
   -0.2876    0.0484    0.9565
...   139 G-C ...
   22.3467  -51.2412   64.4940
   -0.8529   -0.5118   -0.1033
    0.4974   -0.8566    0.1373
   -0.1587    0.0657    0.9851
...   140 C-G ...
   22.1503  -50.1498   67.4638
   -0.4681   -0.8748    0.1248
    0.8495   -0.4066    0.3362
   -0.2434    0.2634    0.9335
...   141 G-C ...
   21.4257  -51.8266   72.7876
    0.1303   -0.7143   -0.6876
    0.8897   -0.2218    0.3990
   -0.4375   -0.6638    0.6066
...   142 C-G ...
   20.4246  -54.3095   74.5418
    0.5846   -0.7390   -0.3348
    0.7594    0.3532    0.5465
   -0.2856   -0.5737    0.7676
...   143 T-A ...
   18.4271  -55.5290   76.5298
    0.8548   -0.5005    0.1370
    0.3188    0.7148    0.6224
   -0.4095   -0.4884    0.7706
...   144 C-G ...
   16.8372  -57.7222   78.2673
    0.8529   -0.0846    0.5151
   -0.1508    0.9048    0.3983
   -0.4998   -0.4174    0.7589
...   145 A-T ...
   15.7829  -59.5615   80.7981
    0.5516    0.4995    0.6680
   -0.6739    0.7388    0.0039
   -0.4916   -0.4523    0.7441
...   146 C-G ...
   15.7315  -61.4940   83.9316
    0.0344    0.7399    0.6718
   -0.8637    0.3602   -0.3526
   -0.5029   -0.5681    0.6514
...   147 A-T ...
   14.7384  -63.4279   86.8192
   -0.5924    0.6746    0.4405
   -0.6886   -0.1401   -0.7114
   -0.4182   -0.7248    0.5475
