  147 base-pairs
...     1 T-A ...
    0.0000    0.0000    0.0000
    1.0000    0.0000    0.0000
    0.0000    1.0000    0.0000
    0.0000    0.0000    1.0000
...     2 G-C ...
   -0.5555   -1.1003    3.3981
    0.7749    0.6051    0.1828
   -0.5991    0.7953   -0.0929
   -0.2016   -0.0375    0.9787
...     3 T-A ...
   -0.6619   -3.0237    6.5348
    0.3046    0.9250    0.2271
   -0.8994    0.3578   -0.2510
   -0.3134   -0.1278    0.9410
...     4 G-C ...
   -1.1607   -3.8418    9.6940
   -0.3351    0.9421    0.0133
   -0.8752   -0.3061   -0.3746
   -0.3489   -0.1372    0.9271
...     5 A-T ...
   -1.3881   -3.6770   12.8999
   -0.7835    0.6162   -0.0801
   -0.5677   -0.7622   -0.3109
   -0.2527   -0.1981    0.9470
...     6 G-C ...
   -2.6236   -3.5448   15.7072
   -0.9923    0.0611   -0.1075
   -0.0294   -0.9610   -0.2748
   -0.1201   -0.2695    0.9555
...     7 C-G ...
   -2.3138   -3.7570   18.8866
   -0.8620   -0.4995   -0.0864
    0.5008   -0.8655    0.0073
   -0.0785   -0.0370    0.9962
...     8 G-C ...
   -3.9561   -6.8109   23.3205
   -0.2581   -0.3560   -0.8981
    0.6294   -0.7673    0.1233
   -0.7330   -0.5335    0.4221
...     9 C-G ...
   -6.1177   -8.9414   24.2385
    0.1143   -0.7320   -0.6716
    0.8123   -0.3203    0.4874
   -0.5720   -0.6013    0.5580
...    10 T-A ...
   -8.5041   -9.6771   26.0540
    0.4660   -0.8587   -0.2131
    0.6274    0.1508    0.7640
   -0.6239   -0.4897    0.6090
...    11 C-G ...
  -11.0625  -11.3174   27.2336
    0.6660   -0.6911    0.2808
    0.3382    0.6152    0.7121
   -0.6649   -0.3794    0.6435
...    12 A-T ...
  -13.0013  -13.1789   29.0658
    0.7188   -0.1490    0.6790
   -0.1787    0.9043    0.3876
   -0.6718   -0.4000    0.6235
...    13 C-G ...
  -14.1788  -15.9359   31.3399
    0.4052    0.2865    0.8682
   -0.5270    0.8492   -0.0343
   -0.7470   -0.4437    0.4951
...    14 A-T ...
  -15.9532  -18.1566   33.3080
   -0.1503    0.6873    0.7107
   -0.6106    0.5008   -0.6135
   -0.7776   -0.5261    0.3444
...    15 A-T ...
  -18.3920  -19.9450   34.4684
   -0.4584    0.8598    0.2250
   -0.4013    0.0256   -0.9156
   -0.7929   -0.5100    0.3333
...    16 T-A ...
  -20.7812  -21.5303   36.2781
   -0.6308    0.7199   -0.2894
   -0.0782   -0.4301   -0.8994
   -0.7720   -0.5448    0.3276
...    17 T-A ...
  -23.3143  -23.0960   37.6810
   -0.5800    0.3142   -0.7516
    0.3181   -0.7620   -0.5640
   -0.7500   -0.5662    0.3420
...    18 T-A ...
  -25.8512  -24.7479   38.8134
   -0.2757   -0.1361   -0.9516
    0.5809   -0.8123   -0.0522
   -0.7658   -0.5672    0.3030
...    19 A-T ...
  -28.3613  -26.7373   39.6280
    0.1643   -0.4915   -0.8552
    0.6183   -0.6243    0.4775
   -0.7686   -0.6072    0.2013
...    20 T-A ...
  -31.2579  -28.3350   39.8100
    0.4580   -0.7391   -0.4940
    0.4480   -0.2880    0.8464
   -0.7678   -0.6090    0.1992
...    21 T-A ...
  -33.8562  -30.2959   40.1503
    0.6342   -0.7703    0.0665
    0.0999    0.1669    0.9809
   -0.7667   -0.6155    0.1828
...    22 C-G ...
  -36.3109  -32.3970   40.7103
    0.5995   -0.5120    0.6152
   -0.3011    0.5679    0.7661
   -0.7416   -0.6445    0.1862
...    23 G-C ...
  -38.8204  -34.2752   41.9518
    0.4267   -0.0245    0.9041
   -0.6238    0.7158    0.3138
   -0.6548   -0.6979    0.2901
...    24 C-G ...
  -40.6712  -36.8148   42.8662
    0.0731    0.3907    0.9176
   -0.7556    0.6222   -0.2048
   -0.6510   -0.6783    0.3407
...    25 A-T ...
  -43.1844  -38.7981   43.7390
   -0.3451    0.7100    0.6138
   -0.6615    0.2799   -0.6957
   -0.6658   -0.6462    0.3731
...    26 A-T ...
  -45.2783  -40.8885   45.1704
   -0.6668    0.7364    0.1141
   -0.3461   -0.1705   -0.9226
   -0.6600   -0.6547    0.3686
...    27 A-T ...
  -47.3044  -42.9307   46.7085
   -0.7592    0.4871   -0.4317
    0.1185   -0.5487   -0.8276
   -0.6400   -0.6795    0.3588
...    28 G-C ...
  -49.6833  -44.8299   48.1682
   -0.5417    0.1620   -0.8248
    0.4923   -0.7343   -0.4675
   -0.6814   -0.6593    0.3180
...    29 G-C ...
  -52.3279  -46.8000   49.1971
   -0.1108   -0.2108   -0.9712
    0.7049   -0.7056    0.0728
   -0.7006   -0.6765    0.2268
...    30 C-G ...
  -54.9362  -48.7265   49.6785
    0.3368   -0.5087   -0.7923
    0.6413   -0.4922    0.5886
   -0.6894   -0.7064    0.1605
...    31 C-G ...
  -57.4390  -50.9195   50.0060
    0.6926   -0.6257   -0.3588
    0.3403   -0.1551    0.9274
   -0.6360   -0.7645    0.1055
...    32 G-C ...
  -59.1402  -53.4191   50.4992
    0.8401   -0.5238    0.1410
   -0.0817    0.1348    0.9875
   -0.5363   -0.8411    0.0704
...    33 G-C ...
  -60.4028  -56.5325   50.6227
    0.6920   -0.3124    0.6508
   -0.5539    0.3485    0.7561
   -0.4631   -0.8837    0.0681
...    34 C-G ...
  -61.4902  -59.6164   50.7869
    0.2904   -0.0363    0.9562
   -0.8579    0.4327    0.2770
   -0.4238   -0.9008    0.0946
...    35 C-G ...
  -62.5771  -62.7735   51.4667
   -0.2302    0.2348    0.9444
   -0.8901    0.3416   -0.3018
   -0.3935   -0.9100    0.1303
...    36 C-G ...
  -63.7565  -65.8337   52.1991
   -0.6729    0.4119    0.6144
   -0.6291    0.1181   -0.7683
   -0.3890   -0.9035    0.1797
...    37 G-C ...
  -65.3524  -68.8882   51.7964
   -0.8880    0.4556    0.0631
   -0.1328   -0.1226   -0.9835
   -0.4403   -0.8817    0.1693
...    38 A-T ...
  -66.5886  -71.7304   52.3765
   -0.7966    0.3054   -0.5217
    0.4226   -0.3358   -0.8418
   -0.4323   -0.8910    0.1385
...    39 C-G ...
  -68.4023  -74.3118   52.9911
   -0.4439    0.1351   -0.8858
    0.7720   -0.4443   -0.4546
   -0.4550   -0.8856    0.0929
...    40 A-T ...
  -70.0449  -77.2020   53.2025
    0.1113   -0.0413   -0.9929
    0.8845   -0.4514    0.1179
   -0.4531   -0.8914   -0.0137
...    41 C-G ...
  -71.8230  -79.8949   52.6924
    0.5731   -0.1948   -0.7960
    0.7041   -0.3800    0.5999
   -0.4193   -0.9042   -0.0806
...    42 G-C ...
  -72.8372  -83.0711   52.6856
    0.9109   -0.2796   -0.3035
    0.2382   -0.2443    0.9400
   -0.3370   -0.9285   -0.1560
...    43 A-T ...
  -73.9324  -85.9901   52.1302
    0.8840   -0.3577    0.3009
   -0.3353   -0.0368    0.9414
   -0.3256   -0.9331   -0.1524
...    44 C-G ...
  -74.6229  -89.0202   51.0174
    0.5946   -0.2717    0.7567
   -0.7585    0.1224    0.6400
   -0.2665   -0.9546   -0.1333
...    45 T-A ...
  -74.8247  -92.5820   50.3806
    0.0731   -0.1366    0.9879
   -0.9678    0.2296    0.1034
   -0.2410   -0.9636   -0.1154
...    46 T-A ...
  -75.1688  -95.7880   49.9184
   -0.4338   -0.0281    0.9006
   -0.8712    0.2683   -0.4112
   -0.2300   -0.9629   -0.1408
...    47 A-T ...
  -76.1728  -98.9244   49.1970
   -0.8919    0.1286    0.4335
   -0.3987    0.2285   -0.8882
   -0.2133   -0.9650   -0.1525
...    48 C-G ...
  -76.8126 -102.2160   49.3666
   -0.9671    0.2320   -0.1044
    0.1365    0.1271   -0.9824
   -0.2147   -0.9644   -0.1546
...    49 T-A ...
  -77.8245 -105.4341   49.2060
   -0.7284    0.3334   -0.5986
    0.6280   -0.0243   -0.7778
   -0.2738   -0.9425   -0.1917
...    50 G-C ...
  -78.8551 -108.5130   48.3285
   -0.2201    0.3801   -0.8984
    0.9298   -0.1969   -0.3111
   -0.2951   -0.9037   -0.3101
...    51 T-A ...
  -80.3240 -111.1875   47.3426
    0.2726    0.3042   -0.9128
    0.9220   -0.3537    0.1575
   -0.2749   -0.8845   -0.3768
...    52 A-T ...
  -81.5838 -113.6574   45.4157
    0.7402    0.2853   -0.6089
    0.6577   -0.4952    0.5676
   -0.1396   -0.8206   -0.5542
...    53 G-C ...
  -82.3177 -116.1130   43.4472
    0.9748    0.1185   -0.1892
    0.2223   -0.5932    0.7737
   -0.0206   -0.7963   -0.6046
...    54 G-C ...
  -82.1768 -118.3775   40.5978
    0.9428   -0.1300    0.3070
   -0.3211   -0.6020    0.7311
    0.0897   -0.7879   -0.6093
...    55 T-A ...
  -81.4097 -120.6515   38.3969
    0.6493   -0.3956    0.6496
   -0.7489   -0.4814    0.4554
    0.1325   -0.7822   -0.6088
...    56 A-T ...
  -80.3203 -123.1459   36.3399
    0.1064   -0.5540    0.8257
   -0.9753   -0.2197   -0.0217
    0.1934   -0.8030   -0.5637
...    57 T-A ...
  -78.9335 -125.6060   34.6145
   -0.3951   -0.6101    0.6868
   -0.8948    0.0864   -0.4381
    0.2080   -0.7876   -0.5800
...    58 C-G ...
  -78.0499 -128.3712   32.8985
   -0.8565   -0.4420    0.2667
   -0.4695    0.4521   -0.7584
    0.2146   -0.7748   -0.5947
...    59 T-A ...
  -77.4022 -131.1822   31.1983
   -0.9827   -0.1102   -0.1490
    0.0503    0.6155   -0.7865
    0.1784   -0.7804   -0.5993
...    60 C-G ...
  -76.7846 -133.7863   29.1863
   -0.7741    0.2849   -0.5653
    0.6088    0.5800   -0.5413
    0.1737   -0.7632   -0.6224
...    61 G-C ...
  -75.8922 -135.9110   26.8736
   -0.3975    0.6505   -0.6472
    0.9087    0.3769   -0.1793
    0.1273   -0.6594   -0.7409
...    62 A-T ...
  -75.1779 -138.1336   24.6365
    0.1533    0.8112   -0.5644
    0.9694   -0.0127    0.2450
    0.1916   -0.5847   -0.7883
...    63 G-C ...
  -74.7856 -139.7467   21.7780
    0.5977    0.7480   -0.2886
    0.7641   -0.4225    0.4875
    0.2427   -0.5119   -0.8241
...    64 C-G ...
  -74.2103 -141.0025   18.6997
    0.9012    0.4235    0.0920
    0.3100   -0.7781    0.5463
    0.3029   -0.4638   -0.8325
...    65 T-A ...
  -73.2405 -142.1496   15.7598
    0.9059    0.0123    0.4233
   -0.1702   -0.9048    0.3904
    0.3878   -0.4257   -0.8176
...    66 C-G ...
  -71.6588 -143.7068   13.4181
    0.6389   -0.4711    0.6082
   -0.5997   -0.8002    0.0102
    0.4819   -0.3712   -0.7937
...    67 G-C ...
  -70.4423 -145.7229   10.9478
    0.1787   -0.8130    0.5541
   -0.8132   -0.4391   -0.3820
    0.5539   -0.3824   -0.7396
...    68 G-C ...
  -68.3278 -147.0347    8.6868
   -0.3096   -0.9071    0.2852
   -0.7700    0.0632   -0.6349
    0.5579   -0.4162   -0.7180
...    69 G-C ...
  -66.3595 -148.6239    6.5027
   -0.7165   -0.6957   -0.0514
   -0.4612    0.5276   -0.7134
    0.5234   -0.4874   -0.6989
...    70 A-T ...
  -64.4533 -150.4036    4.3972
   -0.8395   -0.2499   -0.4825
    0.0550    0.8444   -0.5330
    0.5406   -0.4739   -0.6951
...    71 T-A ...
  -62.8659 -152.4825    2.3693
   -0.6961    0.2260   -0.6814
    0.4749    0.8568   -0.2010
    0.5384   -0.4635   -0.7038
...    72 C-G ...
  -61.2562 -154.1551    0.0127
   -0.2991    0.6955   -0.6533
    0.7808    0.5720    0.2514
    0.5486   -0.4349   -0.7141
...    73 C-G ...
  -59.4915 -155.8670   -2.1878
    0.0436    0.9469   -0.3187
    0.8109    0.1528    0.5649
    0.5836   -0.2830   -0.7611
...    74 G-C ...
  -57.2017 -156.5372   -4.4673
    0.3317    0.9298    0.1594
    0.6979   -0.3556    0.6217
    0.6348   -0.0950   -0.7668
...    75 C-G ...
  -55.3269 -156.4397   -7.3602
    0.6402    0.5740    0.5106
    0.4022   -0.8167    0.4138
    0.6545   -0.0596   -0.7537
...    76 T-A ...
  -53.2707 -156.2168   -9.9306
    0.6973    0.0879    0.7114
    0.0588   -0.9961    0.0653
    0.7143   -0.0037   -0.6998
...    77 C-G ...
  -50.5832 -156.1117  -11.7844
    0.5770   -0.4701    0.6679
   -0.2716   -0.8817   -0.3859
    0.7703    0.0413   -0.6363
...    78 A-T ...
  -47.7310 -155.4336  -13.5572
    0.2815   -0.8541    0.4373
   -0.4237   -0.5195   -0.7420
    0.8610    0.0236   -0.5081
...    79 T-A ...
  -44.6992 -155.2362  -14.7424
    0.0240   -0.9996    0.0148
   -0.4958   -0.0248   -0.8681
    0.8681    0.0135   -0.4962
...    80 G-C ...
  -41.6539 -155.2184  -16.1903
   -0.2799   -0.8174   -0.5035
   -0.4193    0.5759   -0.7019
    0.8636    0.0146   -0.5039
...    81 T-A ...
  -38.5484 -155.5645  -17.4756
   -0.4413   -0.3728   -0.8162
   -0.2235    0.9266   -0.3024
    0.8691    0.0490   -0.4923
...    82 T-A ...
  -35.7413 -155.5971  -19.0093
   -0.4826    0.2138   -0.8493
    0.0439    0.9744    0.2204
    0.8747    0.0691   -0.4796
...    83 A-T ...
  -32.8073 -155.1045  -20.5238
   -0.4232    0.7282   -0.5391
    0.2890    0.6724    0.6815
    0.8587    0.1326   -0.4950
...    84 T-A ...
  -30.3758 -154.9922  -22.6479
   -0.2413    0.9623   -0.1256
    0.4438    0.2245    0.8675
    0.8630    0.1536   -0.4812
...    85 A-T ...
  -27.5817 -154.2689  -24.1718
   -0.1177    0.9051    0.4087
    0.5355   -0.2887    0.7937
    0.8363    0.3123   -0.4506
...    86 A-T ...
  -25.1067 -153.0601  -25.6493
    0.0918    0.5943    0.7990
    0.5477   -0.7002    0.4579
    0.8316    0.3955   -0.3898
...    87 C-G ...
  -22.7405 -151.0102  -26.9315
    0.3232    0.1159    0.9392
    0.4389   -0.8976   -0.0403
    0.8384    0.4252   -0.3410
...    88 G-C ...
  -19.7312 -149.9278  -27.6106
    0.3897   -0.4365    0.8109
    0.2917   -0.7767   -0.5582
    0.8736    0.4540   -0.1753
...    89 G-C ...
  -16.6626 -148.7114  -27.5635
    0.3973   -0.8178    0.4163
    0.1298   -0.3990   -0.9077
    0.9085    0.4146   -0.0523
...    90 A-T ...
  -13.6667 -147.2243  -27.4181
    0.4202   -0.8811   -0.2170
   -0.1220    0.1821   -0.9757
    0.8992    0.4364   -0.0309
...    91 T-A ...
  -10.5568 -146.0560  -26.7784
    0.3374   -0.6402   -0.6902
   -0.3309    0.6057   -0.7236
    0.8813    0.4725   -0.0075
...    92 T-A ...
   -7.5530 -144.7793  -26.5002
    0.1343   -0.1213   -0.9835
   -0.4905    0.8542   -0.1724
    0.8610    0.5056    0.0552
...    93 T-A ...
   -4.5910 -143.4041  -26.2293
   -0.1436    0.4110   -0.9002
   -0.5014    0.7541    0.4242
    0.8532    0.5123    0.0978
...    94 A-T ...
   -1.9650 -141.4776  -25.4955
   -0.4440    0.7566   -0.4800
   -0.3364    0.3557    0.8719
    0.8305    0.5486    0.0966
...    95 A-T ...
    0.6496 -139.7049  -25.3645
   -0.6037    0.7951    0.0581
   -0.0533   -0.1129    0.9922
    0.7954    0.5959    0.1105
...    96 C-G ...
    3.1354 -137.4983  -25.6116
   -0.5857    0.5923    0.5532
    0.2627   -0.5070    0.8209
    0.7667    0.6262    0.1413
...    97 A-T ...
    5.4972 -135.1889  -25.0512
   -0.4431    0.1279    0.8873
    0.5743   -0.7195    0.3905
    0.6884    0.6826    0.2454
...    98 C-G ...
    7.2191 -132.4944  -24.0737
   -0.1125   -0.2934    0.9494
    0.7441   -0.6580   -0.1152
    0.6585    0.6935    0.2923
...    99 T-A ...
    9.0168 -129.7407  -22.5958
    0.2971   -0.6498    0.6996
    0.7029   -0.3470   -0.6208
    0.6462    0.6763    0.3536
...   100 T-A ...
   10.8690 -127.4793  -21.1275
    0.6849   -0.6950    0.2189
    0.4027    0.1106   -0.9086
    0.6073    0.7105    0.3556
...   101 T-A ...
   12.6883 -125.2103  -19.6205
    0.8245   -0.4625   -0.3260
   -0.0728    0.4847   -0.8716
    0.5612    0.7424    0.3660
...   102 A-T ...
   14.3920 -122.3990  -18.5716
    0.6070    0.0166   -0.7945
   -0.6134    0.6454   -0.4552
    0.5053    0.7636    0.4020
...   103 T-A ...
   16.5529 -120.3891  -17.1453
    0.2333    0.3103   -0.9216
   -0.8338    0.5514   -0.0254
    0.5003    0.7744    0.3874
...   104 G-C ...
   18.4078 -117.8521  -16.0700
   -0.3680    0.5059   -0.7802
   -0.7896    0.2731    0.5495
    0.4911    0.8182    0.2990
...   105 C-G ...
   20.0398 -115.0881  -15.5816
   -0.7665    0.5150   -0.3838
   -0.4809   -0.0640    0.8745
    0.4257    0.8548    0.2967
...   106 T-A ...
   21.5217 -112.0414  -15.0110
   -0.9277    0.3407    0.1527
    0.0353   -0.3271    0.9443
    0.3717    0.8814    0.2914
...   107 T-A ...
   22.5550 -109.1204  -14.2459
   -0.7859    0.0360    0.6173
    0.5435   -0.4360    0.7173
    0.2950    0.8992    0.3231
...   108 C-G ...
   23.1846 -106.0936  -13.1387
   -0.3756   -0.2917    0.8797
    0.8969   -0.3534    0.2658
    0.2334    0.8888    0.3944
...   109 C-G ...
   23.6991 -103.1607  -11.7528
    0.1120   -0.5351    0.8373
    0.9696   -0.1257   -0.2100
    0.2176    0.8354    0.5047
...   110 G-C ...
   24.6601 -100.8096  -10.0284
    0.5625   -0.6092    0.5589
    0.7957    0.2153   -0.5661
    0.2245    0.7632    0.6059
...   111 G-C ...
   25.5883  -98.6878   -7.5622
    0.8960   -0.4252    0.1279
    0.3708    0.5581   -0.7423
    0.2443    0.7125    0.6577
...   112 C-G ...
   26.5438  -96.7877   -4.9579
    0.9456   -0.0634   -0.3192
   -0.1801    0.7151   -0.6754
    0.2711    0.6961    0.6648
...   113 T-A ...
   27.4966  -94.6245   -2.6534
    0.7029    0.3296   -0.6303
   -0.6540    0.6479   -0.3905
    0.2796    0.6867    0.6710
...   114 C-G ...
   28.3311  -92.2643   -0.4552
    0.1707    0.6463   -0.7437
   -0.9450    0.3212    0.0622
    0.2791    0.6922    0.6656
...   115 G-C ...
   28.7253  -89.9398    1.8828
   -0.4339    0.6643   -0.6087
   -0.8711   -0.1366    0.4718
    0.2302    0.7349    0.6379
...   116 T-A ...
   29.7313  -87.1570    3.4059
   -0.8438    0.4477   -0.2960
   -0.5055   -0.4775    0.7186
    0.1804    0.7560    0.6292
...   117 A-T ...
   30.3128  -84.2007    5.0752
   -0.9957    0.0150    0.0915
    0.0617   -0.6300    0.7741
    0.0693    0.7764    0.6264
...   118 T-A ...
   30.2714  -81.3092    6.5389
   -0.8340   -0.3111    0.4557
    0.5486   -0.5560    0.6244
    0.0592    0.7708    0.6344
...   119 A-T ...
   30.3876  -78.8619    8.7635
   -0.3984   -0.6431    0.6539
    0.9169   -0.2626    0.3004
   -0.0215    0.7193    0.6943
...   120 A-T ...
   29.9731  -76.5875   11.0291
    0.1815   -0.7205    0.6692
    0.9826    0.1599   -0.0944
   -0.0390    0.6747    0.7370
...   121 T-A ...
   29.2227  -74.6435   13.6269
    0.6620   -0.5377    0.5221
    0.7478    0.5199   -0.4128
   -0.0495    0.6637    0.7463
...   122 G-C ...
   29.0289  -72.6021   16.3663
    0.9766   -0.1734    0.1271
    0.2148    0.7591   -0.6145
    0.0101    0.6274    0.7786
...   123 T-A ...
   29.1510  -70.9928   19.2281
    0.9519    0.2354   -0.1964
   -0.3063    0.7532   -0.5821
    0.0109    0.6142    0.7890
...   124 G-C ...
   29.2682  -68.9793   21.8858
    0.5891    0.6094   -0.5306
   -0.8059    0.4911   -0.3308
    0.0590    0.6224    0.7804
...   125 T-A ...
   29.9211  -67.2086   24.5140
    0.0809    0.7595   -0.6454
   -0.9947    0.1025   -0.0041
    0.0630    0.6423    0.7638
...   126 C-G ...
   30.1794  -65.1398   26.9102
   -0.5200    0.6793   -0.5178
   -0.8515   -0.3640    0.3775
    0.0680    0.6372    0.7677
...   127 G-C ...
   29.8610  -63.3000   29.6313
   -0.8862    0.2982   -0.3545
   -0.4596   -0.6629    0.5911
   -0.0588    0.6868    0.7245
...   128 A-T ...
   29.8336  -61.1450   31.9321
   -0.9875   -0.1520    0.0428
    0.1416   -0.7326    0.6657
   -0.0699    0.6634    0.7450
...   129 C-G ...
   29.2896  -58.5104   33.8385
   -0.7615   -0.5484    0.3455
    0.6381   -0.5406    0.5483
   -0.1139    0.6380    0.7616
...   130 C-G ...
   28.1579  -56.4262   36.3068
   -0.3112   -0.8254    0.4711
    0.9301   -0.1627    0.3294
   -0.1952    0.5407    0.8183
...   131 A-T ...
   27.8696  -55.0171   39.3309
    0.2609   -0.8640    0.4305
    0.9449    0.3199    0.0693
   -0.1976    0.3888    0.8999
...   132 A-T ...
   27.1091  -53.9573   42.3351
    0.7521   -0.5420    0.3750
    0.6292    0.7597   -0.1640
   -0.1960    0.3593    0.9124
...   133 A-T ...
   26.2618  -53.1312   45.4044
    0.9694    0.0262    0.2441
    0.0649    0.9315   -0.3579
   -0.2368    0.3628    0.9013
...   134 T-A ...
   25.6209  -52.5913   48.6400
    0.8597    0.5097    0.0340
   -0.4497    0.7866   -0.4231
   -0.2424    0.3485    0.9054
...   135 G-C ...
   25.2757  -52.5096   52.0791
    0.3204    0.9427   -0.0928
   -0.8825    0.2614   -0.3910
   -0.3443    0.2071    0.9157
...   136 T-A ...
   25.5258  -52.9787   55.8049
   -0.2439    0.9563   -0.1610
   -0.8908   -0.2866   -0.3525
   -0.3833    0.0575    0.9218
...   137 G-C ...
   24.8933  -52.7377   58.9865
   -0.7529    0.5562   -0.3519
   -0.5215   -0.8303   -0.1966
   -0.4015    0.0355    0.9152
...   138 A-T ...
   24.0143  -51.6374   61.9242
   -0.9563    0.0401   -0.2896
   -0.0524   -0.9980    0.0347
   -0.2876    0.0484    0.9565
...   139 G-C ...
   22.3467  -51.2411   64.4939
   -0.8529   -0.5118   -0.1033
    0.4974   -0.8566    0.1373
   -0.1587    0.0657    0.9851
...   140 C-G ...
   22.1503  -50.1498   67.4638
   -0.4681   -0.8748    0.1248
    0.8495   -0.4066    0.3362
   -0.2434    0.2634    0.9335
...   141 G-C ...
   21.4256  -51.8266   72.7876
    0.1303   -0.7143   -0.6876
    0.8897   -0.2218    0.3990
   -0.4375   -0.6638    0.6066
...   142 C-G ...
   20.4246  -54.3095   74.5418
    0.5846   -0.7390   -0.3348
    0.7594    0.3532    0.5465
   -0.2856   -0.5737    0.7676
...   143 T-A ...
   18.4271  -55.5290   76.5298
    0.8548   -0.5005    0.1370
    0.3188    0.7148    0.6224
   -0.4095   -0.4884    0.7706
...   144 C-G ...
   16.8371  -57.7222   78.2673
    0.8529   -0.0846    0.5151
   -0.1508    0.9048    0.3983
   -0.4998   -0.4174    0.7589
...   145 A-T ...
   15.7829  -59.5615   80.7981
    0.5516    0.4995    0.6680
   -0.6739    0.7388    0.0039
   -0.4916   -0.4523    0.7441
...   146 C-G ...
   15.7314  -61.4940   83.9316
    0.0344    0.7399    0.6718
   -0.8637    0.3602   -0.3526
   -0.5029   -0.5681    0.6514
...   147 A-T ...
   14.7383  -63.4279   86.8192
   -0.5924    0.6746    0.4405
   -0.6886   -0.1401   -0.7114
   -0.4182   -0.7248    0.5475
