  147 base-pairs
...     1 T-A ...
    0.0000    0.0000    0.0000
    1.0000    0.0000    0.0000
    0.0000    1.0000    0.0000
    0.0000    0.0000    1.0000
...     2 G-C ...
   -0.5555   -1.1003    3.3981
    0.7749    0.6051    0.1828
   -0.5991    0.7953   -0.0929
   -0.2016   -0.0375    0.9787
...     3 T-A ...
   -0.6619   -3.0237    6.5348
    0.3046    0.9250    0.2271
   -0.8994    0.3578   -0.2510
   -0.3134   -0.1278    0.9410
...     4 G-C ...
   -1.1607   -3.8418    9.6940
   -0.3351    0.9421    0.0133
   -0.8752   -0.3061   -0.3746
   -0.3489   -0.1372    0.9271
...     5 A-T ...
   -1.3881   -3.6770   12.8999
   -0.7835    0.6162   -0.0801
   -0.5677   -0.7622   -0.3109
   -0.2527   -0.1981    0.9470
...     6 G-C ...
   -2.6236   -3.5448   15.7072
   -0.9923    0.0611   -0.1075
   -0.0294   -0.9610   -0.2748
   -0.1201   -0.2695    0.9555
...     7 C-G ...
   -2.3138   -3.7570   18.8866
   -0.8620   -0.4995   -0.0864
    0.5008   -0.8655    0.0073
   -0.0785   -0.0370    0.9962
...     8 G-C ...
   -3.9561   -6.8109   23.3205
   -0.2581   -0.3560   -0.8981
    0.6294   -0.7673    0.1233
   -0.7330   -0.5335    0.4221
...     9 C-G ...
   -6.1177   -8.9414   24.2385
    0.1143   -0.7320   -0.6716
    0.8123   -0.3203    0.4874
   -0.5720   -0.6013    0.5580
...    10 T-A ...
   -8.5041   -9.6771   26.0540
    0.4660   -0.8587   -0.2131
    0.6274    0.1508    0.7640
   -0.6239   -0.4897    0.6090
...    11 C-G ...
  -11.0625  -11.3174   27.2336
    0.6660   -0.6911    0.2808
    0.3382    0.6152    0.7121
   -0.6649   -0.3794    0.6435
...    12 A-T ...
  -13.0013  -13.1789   29.0658
    0.7188   -0.1490    0.6790
   -0.1787    0.9043    0.3876
   -0.6718   -0.4000    0.6235
...    13 C-G ...
  -14.1788  -15.9359   31.3399
    0.4052    0.2865    0.8682
   -0.5270    0.8492   -0.0343
   -0.7470   -0.4437    0.4951
...    14 A-T ...
  -15.9532  -18.1566   33.3080
   -0.1503    0.6873    0.7107
   -0.6106    0.5008   -0.6135
   -0.7776   -0.5261    0.3444
...    15 A-T ...
  -18.3221  -19.9441   34.6305
   -0.4764    0.8462    0.2389
   -0.4034    0.0311   -0.9145
   -0.7812   -0.5320    0.3265
...    16 T-A ...
  -20.6704  -21.5137   36.3126
   -0.6053    0.7538   -0.2559
   -0.1039   -0.3935   -0.9134
   -0.7892   -0.5263    0.3165
...    17 T-A ...
  -23.2478  -23.0535   37.5232
   -0.5372    0.4205   -0.7312
    0.2549   -0.7454   -0.6160
   -0.8040   -0.5173    0.2932
...    18 T-A ...
  -25.9605  -24.5002   38.5275
   -0.2755   -0.0457   -0.9602
    0.5061   -0.8561   -0.1045
   -0.8173   -0.5148    0.2590
...    19 A-T ...
  -28.8457  -26.0685   39.1011
    0.1559   -0.4372   -0.8858
    0.5371   -0.7150    0.4475
   -0.8290   -0.5455    0.1234
...    20 T-A ...
  -31.8276  -27.4348   39.0099
    0.4180   -0.7256   -0.5466
    0.3776   -0.4085    0.8310
   -0.8263   -0.5537    0.1033
...    21 T-A ...
  -34.5668  -29.1712   39.0494
    0.5617   -0.8272    0.0153
    0.0647    0.0623    0.9960
   -0.8248   -0.5584    0.0885
...    22 C-G ...
  -37.1708  -31.1498   39.2358
    0.5111   -0.6223    0.5930
   -0.2977    0.5190    0.8012
   -0.8064   -0.5860    0.0800
...    23 G-C ...
  -39.9224  -32.9349   39.8919
    0.3170   -0.1763    0.9319
   -0.5684    0.7512    0.3355
   -0.7592   -0.6361    0.1380
...    24 C-G ...
  -42.1537  -35.3496   40.3748
   -0.0270    0.2815    0.9592
   -0.6572    0.7180   -0.2292
   -0.7532   -0.6366    0.1656
...    25 A-T ...
  -44.8256  -37.2716   40.8185
   -0.3484    0.6867    0.6380
   -0.5322    0.4153   -0.7377
   -0.7716   -0.5966    0.2208
...    26 A-T ...
  -47.2053  -39.2700   41.7773
   -0.6019    0.7916    0.1053
   -0.2251   -0.0416   -0.9735
   -0.7662   -0.6096    0.2032
...    27 A-T ...
  -49.6815  -41.1624   42.6874
   -0.6222    0.6294   -0.4656
    0.1662   -0.4750   -0.8642
   -0.7650   -0.6151    0.1909
...    28 G-C ...
  -52.3589  -42.9374   43.4732
   -0.3811    0.3390   -0.8602
    0.4682   -0.7315   -0.4957
   -0.7972   -0.5916    0.1200
...    29 G-C ...
  -55.2759  -44.5998   43.8326
    0.0139   -0.0386   -0.9992
    0.5835   -0.8111    0.0394
   -0.8120   -0.5836    0.0112
...    30 C-G ...
  -58.1797  -46.1505   43.6096
    0.3779   -0.4273   -0.8213
    0.4702   -0.6756    0.5679
   -0.7975   -0.6008   -0.0544
...    31 C-G ...
  -60.8816  -48.0694   42.9678
    0.6496   -0.6564   -0.3836
    0.1658   -0.3702    0.9141
   -0.7420   -0.6574   -0.1316
...    32 G-C ...
  -63.1368  -50.5294   42.7424
    0.7167   -0.6683    0.1991
   -0.2638    0.0045    0.9646
   -0.6455   -0.7439   -0.1731
...    33 G-C ...
  -64.9745  -53.2446   41.9322
    0.5067   -0.5010    0.7016
   -0.6388    0.3284    0.6958
   -0.5790   -0.8007   -0.1537
...    34 C-G ...
  -66.4996  -56.1323   41.3244
    0.0893   -0.2153    0.9725
   -0.8271    0.5279    0.1928
   -0.5549   -0.8215   -0.1310
...    35 C-G ...
  -68.1432  -59.0719   41.0961
   -0.3516    0.1556    0.9231
   -0.7560    0.5343   -0.3780
   -0.5521   -0.8308   -0.0702
...    36 C-G ...
  -69.8924  -61.9607   41.1400
   -0.6792    0.4695    0.5641
   -0.4461    0.3463   -0.8253
   -0.5828   -0.8122   -0.0257
...    37 G-C ...
  -71.9796  -64.5339   40.6371
   -0.7612    0.6485   -0.0009
    0.0154    0.0166   -0.9997
   -0.6484   -0.7610   -0.0227
...    38 A-T ...
  -74.0855  -67.0492   40.6645
   -0.5863    0.5569   -0.5883
    0.4689   -0.3590   -0.8070
   -0.6606   -0.7490   -0.0506
...    39 C-G ...
  -76.6289  -69.1543   40.8517
   -0.2311    0.3170   -0.9198
    0.7075   -0.5942   -0.3825
   -0.6679   -0.7392   -0.0870
...    40 A-T ...
  -78.8145  -71.6523   40.4651
    0.2875    0.0293   -0.9573
    0.7018   -0.6866    0.1897
   -0.6518   -0.7264   -0.2180
...    41 C-G ...
  -81.2744  -73.5654   39.4255
    0.6425   -0.2870   -0.7105
    0.4456   -0.6144    0.6511
   -0.6234   -0.7349   -0.2669
...    42 G-C ...
  -83.0781  -76.2498   38.5780
    0.8660   -0.4588   -0.1987
   -0.0035   -0.4030    0.9152
   -0.4999   -0.7919   -0.3506
...    43 A-T ...
  -84.5594  -78.8703   37.3076
    0.7278   -0.5667    0.3862
   -0.5204   -0.0897    0.8492
   -0.4466   -0.8190   -0.3601
...    44 C-G ...
  -85.4924  -81.6068   35.7005
    0.3634   -0.5066    0.7819
   -0.8364    0.1924    0.5133
   -0.4104   -0.8405   -0.3538
...    45 T-A ...
  -86.4781  -84.5566   34.5590
   -0.1191   -0.2928    0.9487
   -0.9197    0.3926    0.0057
   -0.3741   -0.8719   -0.3160
...    46 T-A ...
  -87.3911  -87.5231   33.5669
   -0.6444   -0.0476    0.7632
   -0.6809    0.4898   -0.5444
   -0.3479   -0.8705   -0.3480
...    47 A-T ...
  -88.7160  -90.1895   31.9414
   -0.9500    0.2297    0.2117
   -0.0985    0.4231   -0.9007
   -0.2965   -0.8765   -0.3793
...    48 C-G ...
  -89.8128  -93.2698   31.2690
   -0.8563    0.4252   -0.2932
    0.4204    0.2442   -0.8739
   -0.3000   -0.8716   -0.3878
...    49 T-A ...
  -91.0775  -96.1380   30.1666
   -0.4884    0.5347   -0.6896
    0.8122   -0.0104   -0.5833
   -0.3191   -0.8450   -0.4292
...    50 G-C ...
  -92.0799  -98.8838   28.5654
    0.0839    0.5359   -0.8401
    0.9465   -0.3065   -0.1010
   -0.3116   -0.7867   -0.5329
...    51 T-A ...
  -93.6242 -101.1244   26.7142
    0.5741    0.3481   -0.7411
    0.7714   -0.5334    0.3470
   -0.2745   -0.7709   -0.5748
...    52 A-T ...
  -94.5558 -103.4005   24.4567
    0.9300    0.1452   -0.3376
    0.3441   -0.6667    0.6612
   -0.1291   -0.7311   -0.6700
...    53 G-C ...
  -94.8720 -105.5485   21.9805
    0.9833   -0.1401    0.1163
   -0.1806   -0.6687    0.7212
   -0.0233   -0.7302   -0.6828
...    54 G-C ...
  -94.4599 -107.8074   19.5136
    0.7357   -0.3936    0.5512
   -0.6704   -0.5387    0.5102
    0.0961   -0.7449   -0.6602
...    55 T-A ...
  -93.5445 -109.9863   17.2207
    0.2787   -0.5910    0.7570
   -0.9510   -0.2799    0.1316
    0.1341   -0.7566   -0.6400
...    56 A-T ...
  -93.3594 -112.5866   15.1147
   -0.3622   -0.6423    0.6755
   -0.9175    0.1179   -0.3798
    0.1643   -0.7573   -0.6320
...    57 T-A ...
  -92.2468 -115.2223   13.4411
   -0.7759   -0.5132    0.3669
   -0.6021    0.4286   -0.6736
    0.1884   -0.7436   -0.6415
...    58 C-G ...
  -91.6211 -117.7599   11.4365
   -0.9799   -0.1639   -0.1137
   -0.0205    0.6497   -0.7599
    0.1984   -0.7423   -0.6400
...    59 T-A ...
  -91.1238 -120.4256    9.5106
   -0.8457    0.2263   -0.4833
    0.5025    0.6424   -0.5786
    0.1796   -0.7322   -0.6570
...    60 C-G ...
  -90.5618 -122.9092    7.4291
   -0.3919    0.5795   -0.7145
    0.9000    0.4025   -0.1672
    0.1907   -0.7086   -0.6794
...    61 G-C ...
  -89.5486 -125.1970    5.2158
    0.1323    0.7981   -0.5878
    0.9633    0.0362    0.2660
    0.2336   -0.6014   -0.7640
...    62 A-T ...
  -88.8766 -127.1482    2.7071
    0.6355    0.7221   -0.2733
    0.7167   -0.4201    0.5566
    0.2871   -0.5495   -0.7846
...    63 G-C ...
  -88.0056 -128.6492   -0.0822
    0.8711    0.4719    0.1358
    0.3032   -0.7343    0.6074
    0.3863   -0.4879   -0.7827
...    64 C-G ...
  -86.6252 -129.7319   -2.8504
    0.8656    0.0537    0.4978
   -0.1856   -0.8890    0.4186
    0.4651   -0.4547   -0.7596
...    65 T-A ...
  -84.7795 -130.8789   -5.3164
    0.6053   -0.3682    0.7057
   -0.5687   -0.8204    0.0599
    0.5569   -0.4376   -0.7060
...    66 C-G ...
  -82.7395 -132.3313   -7.4059
    0.1484   -0.7607    0.6320
   -0.7843   -0.4798   -0.3933
    0.6024   -0.4373   -0.6678
...    67 G-C ...
  -81.0318 -134.1889   -9.6031
   -0.3547   -0.8706    0.3408
   -0.6807   -0.0094   -0.7325
    0.6409   -0.4918   -0.5893
...    68 G-C ...
  -78.7886 -136.0691  -11.2939
   -0.6924   -0.7144   -0.1008
   -0.3496    0.4544   -0.8193
    0.6311   -0.5321   -0.5644
...    69 G-C ...
  -76.6427 -138.0472  -12.9993
   -0.7902   -0.3242   -0.5200
    0.0971    0.7716   -0.6286
    0.6051   -0.5472   -0.5783
...    70 A-T ...
  -74.5781 -139.9086  -14.7638
   -0.5770    0.2002   -0.7919
    0.5324    0.8274   -0.1788
    0.6194   -0.5247   -0.5840
...    71 T-A ...
  -73.0031 -142.1134  -16.6550
   -0.2218    0.5901   -0.7763
    0.7378    0.6221    0.2621
    0.6375   -0.5146   -0.5733
...    72 C-G ...
  -70.9680 -143.8787  -18.5228
    0.2104    0.8711   -0.4437
    0.7140    0.1731    0.6784
    0.6678   -0.4596   -0.5855
...    73 C-G ...
  -68.9562 -145.3862  -20.7779
    0.4568    0.8876    0.0589
    0.4958   -0.3091    0.8116
    0.7386   -0.3415   -0.5813
...    74 G-C ...
  -66.2837 -146.4198  -22.4871
    0.4972    0.6424    0.5832
    0.2123   -0.7418    0.6361
    0.8413   -0.1924   -0.5052
...    75 C-G ...
  -63.4910 -146.4595  -24.2045
    0.4621    0.1679    0.8708
   -0.0463   -0.9760    0.2128
    0.8856   -0.1387   -0.4432
...    76 T-A ...
  -60.4401 -146.5054  -25.4364
    0.2946   -0.3475    0.8902
   -0.2133   -0.9319   -0.2933
    0.9315   -0.1035   -0.3487
...    77 T-A ...
  -57.3334 -146.5943  -26.3590
    0.1282   -0.8137    0.5669
   -0.3141   -0.5755   -0.7551
    0.9407   -0.0813   -0.3293
...    78 T-A ...
  -54.1676 -146.6979  -27.1157
   -0.0322   -0.9994    0.0150
   -0.3175   -0.0040   -0.9483
    0.9477   -0.0353   -0.3172
...    79 A-T ...
  -51.1505 -146.4864  -28.6755
   -0.1394   -0.7588   -0.6363
   -0.2386    0.6493   -0.7221
    0.9611    0.0512   -0.2715
...    80 A-T ...
  -47.9461 -146.5476  -29.3098
   -0.1909   -0.2354   -0.9530
   -0.1439    0.9670   -0.2100
    0.9710    0.0970   -0.2185
...    81 C-G ...
  -44.7069 -146.8164  -30.0369
   -0.2465    0.3060   -0.9196
   -0.0420    0.9446    0.3256
    0.9682    0.1188   -0.2200
...    82 A-T ...
  -41.4820 -146.2433  -30.5844
   -0.3275    0.7689   -0.5491
    0.0911    0.6042    0.7916
    0.9404    0.2093   -0.2680
...    83 C-G ...
  -38.5723 -145.7559  -32.0006
   -0.2902    0.9554   -0.0551
    0.2368    0.1274    0.9632
    0.9272    0.2665   -0.2632
...    84 T-A ...
  -35.6947 -144.6597  -33.1424
   -0.2362    0.8537    0.4640
    0.3632   -0.3654    0.8571
    0.9013    0.3710   -0.2238
...    85 T-A ...
  -32.9174 -143.2527  -33.9519
   -0.0688    0.4932    0.8672
    0.4500   -0.7604    0.4682
    0.8904    0.4225   -0.1696
...    86 T-A ...
  -30.1794 -141.6310  -34.4495
    0.1354   -0.0225    0.9905
    0.4426   -0.8931   -0.0808
    0.8864    0.4493   -0.1110
...    87 T-A ...
  -27.4352 -139.9345  -34.6293
    0.3351   -0.5210    0.7850
    0.3240   -0.7186   -0.6153
    0.8847    0.4606   -0.0720
...    88 C-G ...
  -24.5014 -138.5022  -34.5652
    0.4444   -0.8485    0.2873
    0.1136   -0.2647   -0.9576
    0.8886    0.4582   -0.0212
...    89 A-T ...
  -21.5121 -137.1072  -34.7893
    0.3862   -0.8693   -0.3086
   -0.1151    0.2865   -0.9511
    0.9152    0.4028    0.0106
...    90 T-A ...
  -18.4140 -136.1129  -34.1221
    0.3072   -0.5848   -0.7508
   -0.3011    0.6887   -0.6596
    0.9028    0.4287    0.0354
...    91 G-C ...
  -15.5547 -134.4611  -34.1954
    0.0371   -0.0972   -0.9946
   -0.4237    0.8999   -0.1038
    0.9051    0.4252   -0.0078
...    92 T-A ...
  -12.3341 -133.6080  -34.2818
   -0.2008    0.3792   -0.9033
   -0.4010    0.8094    0.4290
    0.8938    0.4483   -0.0105
...    93 T-A ...
   -9.3417 -132.3647  -34.4399
   -0.3957    0.7664   -0.5060
   -0.2424    0.4443    0.8625
    0.8858    0.4639    0.0100
...    94 A-T ...
   -6.4607 -130.7269  -34.6033
   -0.5815    0.8125    0.0407
    0.0166   -0.0382    0.9991
    0.8134    0.5817    0.0087
...    95 T-A ...
   -4.0128 -128.6557  -35.1879
   -0.5344    0.6651    0.5216
    0.2988   -0.4286    0.8527
    0.7907    0.6115    0.0303
...    96 A-T ...
   -1.8207 -126.1283  -35.2007
   -0.4692    0.2240    0.8542
    0.5662   -0.6660    0.4856
    0.6777    0.7115    0.1857
...    97 A-T ...
    0.1186 -123.6397  -34.5378
   -0.1210   -0.2097    0.9702
    0.7506   -0.6590   -0.0489
    0.6496    0.7223    0.2371
...    98 C-G ...
    1.6810 -120.9570  -33.4551
    0.2482   -0.5455    0.8005
    0.7337   -0.4337   -0.5230
    0.6325    0.7171    0.2926
...    99 G-C ...
    4.0899 -118.9184  -32.3862
    0.5495   -0.7572    0.3531
    0.5364   -0.0043   -0.8440
    0.6406    0.6532    0.4038
...   100 G-C ...
    6.2428 -116.9857  -30.6361
    0.7192   -0.6711   -0.1802
    0.1866    0.4363   -0.8802
    0.6693    0.5994    0.4390
...   101 A-T ...
    8.4372 -115.0990  -29.0678
    0.6952   -0.2765   -0.6635
   -0.2725    0.7528   -0.5992
    0.6652    0.5973    0.4481
...   102 A-T ...
   10.6982 -113.4136  -27.4277
    0.4427    0.2391   -0.8642
   -0.6401    0.7592   -0.1178
    0.6280    0.6053    0.4891
...   103 T-A ...
   13.2148 -111.9232  -25.8832
    0.0653    0.6014   -0.7963
   -0.7873    0.5213    0.3293
    0.6132    0.6054    0.5075
...   104 G-C ...
   15.0655 -109.7648  -24.1680
   -0.4482    0.7224   -0.5266
   -0.6933    0.0911    0.7149
    0.5644    0.6855    0.4600
...   105 C-G ...
   17.1432 -107.4825  -23.0197
   -0.7861    0.6106   -0.0964
   -0.3526   -0.3148    0.8812
    0.5077    0.7267    0.4628
...   106 T-A ...
   18.6828 -104.8504  -21.7815
   -0.9027    0.2917    0.3162
    0.1020   -0.5689    0.8160
    0.4179    0.7689    0.4838
...   107 T-A ...
   19.8685 -102.2097  -20.3599
   -0.7227   -0.1075    0.6828
    0.5830   -0.6254    0.5186
    0.3713    0.7729    0.5146
...   108 C-G ...
   20.8316  -99.6752  -18.5712
   -0.2877   -0.4919    0.8217
    0.9028   -0.4257    0.0613
    0.3196    0.7595    0.5666
...   109 C-G ...
   21.4567  -97.2205  -16.3413
    0.2048   -0.7105    0.6732
    0.9366   -0.0576   -0.3458
    0.2844    0.7013    0.6536
...   110 G-C ...
   22.7706  -95.1243  -14.1009
    0.6597   -0.6857    0.3075
    0.6922    0.3951   -0.6040
    0.2927    0.6113    0.7353
...   111 G-C ...
   23.7302  -93.4089  -11.3495
    0.9126   -0.3935   -0.1106
    0.2368    0.7295   -0.6417
    0.3332    0.5594    0.7590
...   112 C-G ...
   24.8948  -91.9089   -8.6166
    0.8865    0.0633   -0.4584
   -0.2997    0.8334   -0.4644
    0.3527    0.5490    0.7578
...   113 T-A ...
   26.2874  -90.3304   -6.0471
    0.5814    0.4824   -0.6552
   -0.7230    0.6756   -0.1441
    0.3731    0.5575    0.7416
...   114 C-G ...
   27.5813  -88.5641   -3.5941
    0.0348    0.7797   -0.6252
   -0.9319    0.2514    0.2616
    0.3612    0.5735    0.7353
...   115 G-C ...
   28.3697  -86.6535   -0.9670
   -0.5251    0.7177   -0.4573
   -0.7988   -0.2303    0.5558
    0.2935    0.6572    0.6942
...   116 T-A ...
   29.6600  -84.2317    0.8612
   -0.8739    0.4658   -0.1389
   -0.4173   -0.5725    0.7057
    0.2492    0.6747    0.6947
...   117 A-T ...
   30.3046  -81.7871    3.0218
   -0.9854   -0.0160    0.1695
    0.1296   -0.7157    0.6863
    0.1103    0.6982    0.7073
...   118 T-A ...
   30.3439  -79.0989    4.8829
   -0.7967   -0.3887    0.4628
    0.5990   -0.6101    0.5187
    0.0807    0.6904    0.7189
...   119 A-T ...
   30.1721  -76.8121    7.3007
   -0.3556   -0.7488    0.5594
    0.9344   -0.2729    0.2288
   -0.0187    0.6041    0.7967
...   120 A-T ...
   29.8018  -74.9148    9.8975
    0.2243   -0.7860    0.5761
    0.9739    0.2019   -0.1036
   -0.0349    0.5843    0.8108
...   121 T-A ...
   29.0668  -73.3264   12.6834
    0.6815   -0.5818    0.4438
    0.7306    0.5753   -0.3678
   -0.0414    0.5749    0.8172
...   122 G-C ...
   29.2168  -71.4175   15.3944
    0.9763   -0.1955    0.0923
    0.2148    0.8283   -0.5175
    0.0248    0.5251    0.8507
...   123 T-A ...
   29.3364  -70.2480   18.5062
    0.9445    0.2607   -0.2001
   -0.3265    0.8128   -0.4825
    0.0368    0.5210    0.8528
...   124 G-C ...
   29.4244  -68.2704   21.1649
    0.5811    0.6470   -0.4937
   -0.8089    0.5257   -0.2632
    0.0892    0.5523    0.8289
...   125 T-A ...
   30.2915  -66.6688   23.9499
    0.0716    0.8183   -0.5703
   -0.9939    0.1063    0.0278
    0.0834    0.5648    0.8210
...   126 C-G ...
   30.6585  -64.7969   26.6178
   -0.5263    0.7098   -0.4681
   -0.8480   -0.3976    0.3505
    0.0627    0.5814    0.8112
...   127 G-C ...
   30.5489  -63.0516   29.4588
   -0.9060    0.3010   -0.2976
   -0.4206   -0.7204    0.5515
   -0.0484    0.6248    0.7793
...   128 A-T ...
   30.3931  -60.9340   31.9321
   -0.9790   -0.2016    0.0295
    0.1757   -0.7623    0.6229
   -0.1031    0.6150    0.7818
...   129 C-G ...
   29.7088  -58.5451   34.0818
   -0.7463   -0.5927    0.3029
    0.6487   -0.5459    0.5303
   -0.1489    0.5922    0.7919
...   130 C-G ...
   28.7493  -56.5537   36.6313
   -0.2741   -0.8517    0.4467
    0.9383   -0.1348    0.3186
   -0.2111    0.5064    0.8360
...   131 A-T ...
   28.0121  -55.0265   39.5030
    0.3095   -0.8428    0.4403
    0.9240    0.3759    0.0699
   -0.2244    0.3852    0.8951
...   132 A-T ...
   27.0721  -54.0065   42.4320
    0.7752   -0.4923    0.3959
    0.5894    0.7890   -0.1731
   -0.2271    0.3675    0.9018
...   133 A-T ...
   26.2523  -53.1106   45.4426
    0.9708    0.0409    0.2364
    0.0475    0.9332   -0.3561
   -0.2352    0.3570    0.9040
...   134 T-A ...
   25.6209  -52.5914   48.6399
    0.8597    0.5097    0.0340
   -0.4497    0.7866   -0.4231
   -0.2424    0.3485    0.9054
...   135 G-C ...
   25.2757  -52.5097   52.0791
    0.3204    0.9427   -0.0928
   -0.8825    0.2614   -0.3910
   -0.3443    0.2071    0.9157
...   136 T-A ...
   25.5258  -52.9788   55.8049
   -0.2439    0.9563   -0.1610
   -0.8908   -0.2866   -0.3525
   -0.3833    0.0575    0.9218
...   137 G-C ...
   24.8933  -52.7378   58.9865
   -0.7529    0.5562   -0.3519
   -0.5215   -0.8303   -0.1966
   -0.4015    0.0355    0.9152
...   138 A-T ...
   24.0143  -51.6375   61.9242
   -0.9563    0.0401   -0.2896
   -0.0524   -0.9980    0.0347
   -0.2876    0.0484    0.9565
...   139 G-C ...
   22.3467  -51.2412   64.4939
   -0.8529   -0.5118   -0.1033
    0.4974   -0.8566    0.1373
   -0.1587    0.0657    0.9851
...   140 C-G ...
   22.1503  -50.1499   67.4638
   -0.4681   -0.8748    0.1248
    0.8495   -0.4066    0.3362
   -0.2434    0.2634    0.9335
...   141 G-C ...
   21.4257  -51.8267   72.7876
    0.1303   -0.7143   -0.6876
    0.8897   -0.2218    0.3990
   -0.4375   -0.6638    0.6066
...   142 C-G ...
   20.4246  -54.3095   74.5418
    0.5846   -0.7390   -0.3348
    0.7594    0.3532    0.5465
   -0.2856   -0.5737    0.7676
...   143 T-A ...
   18.4271  -55.5291   76.5298
    0.8548   -0.5005    0.1370
    0.3188    0.7148    0.6224
   -0.4095   -0.4884    0.7706
...   144 C-G ...
   16.8372  -57.7223   78.2673
    0.8529   -0.0846    0.5151
   -0.1508    0.9048    0.3983
   -0.4998   -0.4174    0.7589
...   145 A-T ...
   15.7829  -59.5616   80.7981
    0.5516    0.4995    0.6680
   -0.6739    0.7388    0.0039
   -0.4916   -0.4523    0.7441
...   146 C-G ...
   15.7315  -61.4941   83.9316
    0.0344    0.7399    0.6718
   -0.8637    0.3602   -0.3526
   -0.5029   -0.5681    0.6514
...   147 A-T ...
   14.7384  -63.4280   86.8192
   -0.5924    0.6746    0.4405
   -0.6886   -0.1401   -0.7114
   -0.4182   -0.7248    0.5475
