  147 base-pairs
...     1 T-A ...
    0.0000    0.0000    0.0000
    1.0000    0.0000    0.0000
    0.0000    1.0000    0.0000
    0.0000    0.0000    1.0000
...     2 G-C ...
   -0.5555   -1.1003    3.3981
    0.7749    0.6051    0.1828
   -0.5991    0.7953   -0.0929
   -0.2016   -0.0375    0.9787
...     3 T-A ...
   -0.6619   -3.0237    6.5348
    0.3046    0.9250    0.2271
   -0.8994    0.3578   -0.2510
   -0.3134   -0.1278    0.9410
...     4 G-C ...
   -1.1607   -3.8418    9.6940
   -0.3351    0.9421    0.0133
   -0.8752   -0.3061   -0.3746
   -0.3489   -0.1372    0.9271
...     5 A-T ...
   -1.3881   -3.6770   12.8999
   -0.7835    0.6162   -0.0801
   -0.5677   -0.7622   -0.3109
   -0.2527   -0.1981    0.9470
...     6 G-C ...
   -2.6236   -3.5448   15.7072
   -0.9923    0.0611   -0.1075
   -0.0294   -0.9610   -0.2748
   -0.1201   -0.2695    0.9555
...     7 C-G ...
   -2.3138   -3.7570   18.8866
   -0.8620   -0.4995   -0.0864
    0.5008   -0.8655    0.0073
   -0.0785   -0.0370    0.9962
...     8 G-C ...
   -3.9561   -6.8109   23.3205
   -0.2581   -0.3560   -0.8981
    0.6294   -0.7673    0.1233
   -0.7330   -0.5335    0.4221
...     9 C-G ...
   -6.1177   -8.9414   24.2385
    0.1143   -0.7320   -0.6716
    0.8123   -0.3203    0.4874
   -0.5720   -0.6013    0.5580
...    10 T-A ...
   -8.5041   -9.6771   26.0540
    0.4660   -0.8587   -0.2131
    0.6274    0.1508    0.7640
   -0.6239   -0.4897    0.6090
...    11 C-G ...
  -11.0625  -11.3174   27.2336
    0.6660   -0.6911    0.2808
    0.3382    0.6152    0.7121
   -0.6649   -0.3794    0.6435
...    12 A-T ...
  -13.0013  -13.1789   29.0658
    0.7188   -0.1490    0.6790
   -0.1787    0.9043    0.3876
   -0.6718   -0.4000    0.6235
...    13 C-G ...
  -14.1788  -15.9359   31.3399
    0.4052    0.2865    0.8682
   -0.5270    0.8492   -0.0343
   -0.7470   -0.4437    0.4951
...    14 A-T ...
  -15.9532  -18.1566   33.3080
   -0.1503    0.6873    0.7107
   -0.6106    0.5008   -0.6135
   -0.7776   -0.5261    0.3444
...    15 A-T ...
  -18.3138  -19.9429   34.6457
   -0.4762    0.8449    0.2437
   -0.4082    0.0330   -0.9123
   -0.7789   -0.5339    0.3292
...    16 T-A ...
  -20.6469  -21.5231   36.3428
   -0.6106    0.7523   -0.2472
   -0.1102   -0.3899   -0.9142
   -0.7842   -0.5310    0.3210
...    17 T-A ...
  -23.2000  -23.0777   37.5905
   -0.5524    0.4190   -0.7206
    0.2527   -0.7396   -0.6238
   -0.7944   -0.5267    0.3027
...    18 T-A ...
  -25.8809  -24.5492   38.6476
   -0.2961   -0.0443   -0.9541
    0.5149   -0.8488   -0.1204
   -0.8045   -0.5269    0.2742
...    19 A-T ...
  -28.7355  -26.1382   39.2888
    0.1373   -0.4248   -0.8948
    0.5611   -0.7111    0.4237
   -0.8163   -0.5603    0.1407
...    20 T-A ...
  -31.6940  -27.5511   39.2698
    0.4137   -0.7096   -0.5704
    0.4114   -0.4133    0.8124
   -0.8122   -0.5707    0.1209
...    21 T-A ...
  -34.3917  -29.3422   39.3701
    0.5831   -0.8121   -0.0235
    0.1004    0.0434    0.9940
   -0.8062   -0.5819    0.1068
...    22 C-G ...
  -36.9238  -31.3931   39.6079
    0.5581   -0.6192    0.5523
   -0.2771    0.4883    0.8275
   -0.7821   -0.6149    0.1009
...    23 G-C ...
  -39.5449  -33.3200   40.3440
    0.3788   -0.1888    0.9060
   -0.5781    0.7162    0.3909
   -0.7227   -0.6719    0.1622
...    24 C-G ...
  -41.6179  -35.8448   40.9053
    0.0247    0.2508    0.9677
   -0.7031    0.6925   -0.1616
   -0.7107   -0.6764    0.1934
...    25 A-T ...
  -44.1418  -37.9117   41.4975
   -0.3312    0.6473    0.6866
   -0.6070    0.4110   -0.6802
   -0.7224   -0.6420    0.2568
...    26 A-T ...
  -46.3317  -40.0619   42.5749
   -0.6325    0.7527    0.1827
   -0.3004   -0.0209   -0.9536
   -0.7139   -0.6581    0.2393
...    27 A-T ...
  -48.6145  -42.1229   43.6214
   -0.6964    0.6043   -0.3870
    0.1206   -0.4331   -0.8932
   -0.7074   -0.6687    0.2288
...    28 G-C ...
  -51.0927  -44.0956   44.5654
   -0.4789    0.3421   -0.8085
    0.4683   -0.6794   -0.5648
   -0.7425   -0.6491    0.1652
...    29 G-C ...
  -53.8346  -45.9770   45.1429
   -0.0787   -0.0012   -0.9969
    0.6411   -0.7659   -0.0497
   -0.7634   -0.6430    0.0611
...    30 C-G ...
  -56.6231  -47.7316   45.1506
    0.3258   -0.3638   -0.8726
    0.5749   -0.6565    0.4884
   -0.7506   -0.6608   -0.0048
...    31 C-G ...
  -59.2384  -49.8135   44.6998
    0.6584   -0.5794   -0.4803
    0.2928   -0.3907    0.8727
   -0.6933   -0.7153   -0.0876
...    32 G-C ...
  -61.2878  -52.4398   44.5647
    0.7964   -0.5991    0.0824
   -0.1497   -0.0634    0.9867
   -0.5859   -0.7981   -0.1402
...    33 G-C ...
  -62.9085  -55.2977   43.8011
    0.6401   -0.4708    0.6072
   -0.5788    0.2242    0.7840
   -0.5052   -0.8533   -0.1290
...    34 C-G ...
  -64.1542  -58.3116   43.2251
    0.2399   -0.2443    0.9396
   -0.8488    0.4169    0.3251
   -0.4711   -0.8755   -0.1074
...    35 C-G ...
  -65.4476  -61.4215   43.0703
   -0.2360    0.0720    0.9691
   -0.8595    0.4499   -0.2427
   -0.4534   -0.8902   -0.0443
...    36 C-G ...
  -66.8178  -64.5010   43.2173
   -0.6438    0.3529    0.6790
   -0.6008    0.3164   -0.7341
   -0.4739   -0.8805    0.0083
...    37 G-C ...
  -68.6290  -67.2892   42.8738
   -0.8326    0.5346    0.1450
   -0.1373    0.0544   -0.9890
   -0.5366   -0.8434    0.0281
...    38 A-T ...
  -70.3451  -70.0775   43.0711
   -0.7418    0.4841   -0.4640
    0.3853   -0.2587   -0.8858
   -0.5489   -0.8359    0.0053
...    39 C-G ...
  -72.5050  -72.5457   43.5131
   -0.4161    0.3073   -0.8558
    0.7176   -0.4671   -0.5167
   -0.5585   -0.8291   -0.0261
...    40 A-T ...
  -74.3207  -75.3376   43.3422
    0.1219    0.1026   -0.9872
    0.8191   -0.5721    0.0417
   -0.5606   -0.8137   -0.1538
...    41 C-G ...
  -76.5907  -77.5867   42.5998
    0.5534   -0.1570   -0.8179
    0.6375   -0.5522    0.5373
   -0.5361   -0.8188   -0.2055
...    42 G-C ...
  -78.0861  -80.4855   41.9114
    0.8843   -0.2929   -0.3635
    0.2216   -0.4220    0.8791
   -0.4109   -0.8580   -0.3083
...    43 A-T ...
  -79.2940  -83.2812   40.7557
    0.8749   -0.4294    0.2238
   -0.3365   -0.2069    0.9187
   -0.3482   -0.8791   -0.3255
...    44 C-G ...
  -79.9764  -86.0943   39.1815
    0.5899   -0.4419    0.6758
   -0.7489    0.0135    0.6625
   -0.3019   -0.8970   -0.3230
...    45 T-A ...
  -80.5569  -89.1517   38.0715
    0.1250   -0.3256    0.9372
   -0.9609    0.1956    0.1961
   -0.2471   -0.9251   -0.2884
...    46 T-A ...
  -81.0280  -92.2283   37.1199
   -0.4565   -0.1883    0.8696
   -0.8606    0.3415   -0.3779
   -0.2258   -0.9208   -0.3179
...    47 A-T ...
  -82.0632  -95.1124   35.6974
   -0.9106    0.0215    0.4127
   -0.3715    0.3951   -0.8402
   -0.1811   -0.9184   -0.3517
...    48 C-G ...
  -82.6152  -98.3539   35.1234
   -0.9696    0.2283   -0.0884
    0.1624    0.3295   -0.9301
   -0.1832   -0.9161   -0.3565
...    49 T-A ...
  -83.4431 -101.4283   34.1853
   -0.7312    0.4076   -0.5470
    0.6489    0.1685   -0.7420
   -0.2102   -0.8975   -0.3877
...    50 G-C ...
  -84.1171 -104.3363   32.7250
   -0.2246    0.5298   -0.8179
    0.9463   -0.0819   -0.3129
   -0.2327   -0.8442   -0.4829
...    51 T-A ...
  -85.4726 -106.9050   31.1748
    0.3003    0.4599   -0.8356
    0.9311   -0.3316    0.1521
   -0.2072   -0.8237   -0.5278
...    52 A-T ...
  -86.3604 -109.3530   29.0882
    0.7654    0.3640   -0.5307
    0.6367   -0.5481    0.5423
   -0.0935   -0.7530   -0.6513
...    53 G-C ...
  -86.6909 -111.5508   26.6687
    0.9861    0.1199   -0.1146
    0.1656   -0.6739    0.7201
    0.0092   -0.7291   -0.6844
...    54 G-C ...
  -86.3009 -113.6698   24.0826
    0.9203   -0.1636    0.3553
   -0.3662   -0.6795    0.6357
    0.1375   -0.7152   -0.6853
...    55 T-A ...
  -85.3862 -115.5945   21.5904
    0.5989   -0.4569    0.6577
   -0.7788   -0.5238    0.3452
    0.1868   -0.7189   -0.6695
...    56 T-A ...
  -84.4759 -117.7892   19.3821
    0.0608   -0.6810    0.7297
   -0.9766   -0.1918   -0.0976
    0.2065   -0.7067   -0.6767
...    57 C-G ...
  -83.6804 -120.2147   17.3282
   -0.5217   -0.6647    0.5348
   -0.8216    0.2225   -0.5249
    0.2299   -0.7132   -0.6622
...    58 A-T ...
  -83.1438 -122.4901   14.9941
   -0.9087   -0.3850    0.1616
   -0.3658    0.5477   -0.7525
    0.2012   -0.7429   -0.6385
...    59 T-A ...
  -82.3693 -125.3279   13.4598
   -0.9617   -0.0743   -0.2637
    0.1452    0.6778   -0.7208
    0.2323   -0.7315   -0.6411
...    60 G-C ...
  -81.5896 -127.5771   11.1632
   -0.7269    0.3758   -0.5748
    0.6615    0.6081   -0.4390
    0.1845   -0.6993   -0.6906
...    61 T-A ...
  -81.4994 -130.1454    9.0733
   -0.2920    0.6594   -0.6928
    0.9366    0.3438   -0.0675
    0.1937   -0.6686   -0.7180
...    62 T-A ...
  -81.1148 -132.3375    6.7284
    0.2630    0.7650   -0.5879
    0.9399   -0.0658    0.3350
    0.2176   -0.6407   -0.7363
...    63 A-T ...
  -80.6679 -134.1208    3.9380
    0.6459    0.7409   -0.1841
    0.6887   -0.4613    0.5593
    0.3294   -0.4881   -0.8082
...    64 T-A ...
  -79.9053 -135.2033    0.9662
    0.8813    0.4486    0.1484
    0.2949   -0.7677    0.5689
    0.3691   -0.4576   -0.8089
...    65 A-T ...
  -78.3870 -136.1580   -1.8480
    0.8208    0.0835    0.5651
   -0.1556   -0.9192    0.3618
    0.5496   -0.3849   -0.7415
...    66 A-T ...
  -76.4196 -137.1317   -4.2176
    0.5846   -0.4247    0.6913
   -0.5610   -0.8271   -0.0337
    0.5862   -0.3681   -0.7218
...    67 C-G ...
  -73.9993 -137.9027   -6.3356
    0.2016   -0.7808    0.5913
   -0.7577   -0.5069   -0.4110
    0.6207   -0.3652   -0.6938
...    68 G-C ...
  -72.2243 -139.5037   -8.6603
   -0.2906   -0.9095    0.2972
   -0.6933   -0.0139   -0.7205
    0.6595   -0.4154   -0.6265
...    69 G-C ...
  -69.8808 -141.0915  -10.4996
   -0.6443   -0.7544   -0.1255
   -0.4033    0.4746   -0.7824
    0.6498   -0.4534   -0.6100
...    70 A-T ...
  -67.6509 -142.6065  -12.3890
   -0.7505   -0.3294   -0.5729
    0.0487    0.8370   -0.5451
    0.6590   -0.4370   -0.6122
...    71 A-T ...
  -65.5379 -144.2844  -14.2170
   -0.5609    0.1952   -0.8046
    0.4461    0.8899   -0.0951
    0.6975   -0.4122   -0.5862
...    72 T-A ...
  -63.6605 -146.1529  -16.1767
   -0.2627    0.6184   -0.7407
    0.6531    0.6790    0.3353
    0.7102   -0.3957   -0.5823
...    73 C-G ...
  -61.3912 -147.5089  -18.0965
    0.1102    0.9219   -0.3714
    0.6731    0.2057    0.7104
    0.7313   -0.3283   -0.5979
...    74 T-A ...
  -59.1624 -148.3971  -20.3444
    0.3486    0.9310    0.1085
    0.5348   -0.2926    0.7927
    0.7698   -0.2183   -0.5999
...    75 C-G ...
  -56.6437 -148.8929  -22.3169
    0.5160    0.6221    0.5888
    0.2700   -0.7705    0.5774
    0.8129   -0.1389   -0.5656
...    76 G-C ...
  -53.6762 -149.2773  -23.7905
    0.4384    0.1342    0.8887
    0.0350   -0.9906    0.1323
    0.8981   -0.0269   -0.4390
...    77 A-T ...
  -50.6313 -149.2137  -24.9790
    0.3375   -0.4614    0.8205
   -0.1743   -0.8872   -0.4272
    0.9250    0.0012   -0.3799
...    78 G-C ...
  -47.4574 -148.9772  -25.9090
    0.1593   -0.8584    0.4876
   -0.2765   -0.5129   -0.8127
    0.9477   -0.0054   -0.3191
...    79 C-G ...
  -44.1788 -149.0463  -26.5090
   -0.0265   -0.9988   -0.0400
   -0.2846    0.0459   -0.9575
    0.9583   -0.0139   -0.2855
...    80 T-A ...
  -40.9189 -149.2719  -27.1503
   -0.1775   -0.8166   -0.5493
   -0.2089    0.5767   -0.7898
    0.9617   -0.0255   -0.2729
...    81 C-G ...
  -37.7152 -149.4061  -27.9426
   -0.2548   -0.3054   -0.9175
   -0.0787    0.9522   -0.2952
    0.9638   -0.0031   -0.2667
...    82 G-C ...
  -34.4951 -148.8756  -28.6949
   -0.3367    0.2846   -0.8976
    0.0418    0.9568    0.2877
    0.9407    0.0593   -0.3341
...    83 G-C ...
  -31.3237 -148.9389  -29.8443
   -0.3528    0.7443   -0.5670
    0.1909    0.6505    0.7351
    0.9160    0.1511   -0.3716
...    84 G-C ...
  -28.3394 -148.5646  -31.3523
   -0.3126    0.9486   -0.0485
    0.3399    0.1594    0.9269
    0.8870    0.2733   -0.3723
...    85 A-T ...
  -25.5229 -147.6087  -32.6293
   -0.1479    0.8459    0.5124
    0.4650   -0.3978    0.7909
    0.8729    0.3552   -0.3345
...    86 T-A ...
  -23.0805 -146.0087  -34.0605
    0.0522    0.5273    0.8481
    0.4921   -0.7526    0.4376
    0.8689    0.3945   -0.2988
...    87 C-G ...
  -20.3054 -144.5096  -34.8069
    0.2596   -0.0176    0.9656
    0.4204   -0.8981   -0.1294
    0.8694    0.4395   -0.2257
...    88 C-G ...
  -17.4229 -142.7691  -35.0111
    0.3661   -0.5300    0.7649
    0.2847   -0.7188   -0.6343
    0.8859    0.4500   -0.1123
...    89 G-C ...
  -14.2662 -141.7200  -35.3520
    0.3971   -0.8717    0.2873
    0.1171   -0.2624   -0.9578
    0.9103    0.4140   -0.0021
...    90 C-G ...
  -11.2047 -140.4769  -34.9149
    0.3881   -0.8752   -0.2889
   -0.0935    0.2745   -0.9570
    0.9169    0.3984    0.0247
...    91 T-A ...
   -8.0807 -139.3815  -34.5699
    0.2708   -0.5932   -0.7582
   -0.2743    0.7074   -0.6514
    0.9227    0.3844    0.0288
...    92 T-A ...
   -5.0021 -138.3498  -34.2147
    0.1114   -0.0460   -0.9927
   -0.4078    0.9088   -0.0879
    0.9063    0.4146    0.0825
...    93 T-A ...
   -1.9488 -137.2646  -33.8917
   -0.1226    0.4979   -0.8585
   -0.4269    0.7545    0.4985
    0.8959    0.4276    0.1201
...    94 A-T ...
    0.9658 -135.7292  -33.3718
   -0.4144    0.8144   -0.4062
   -0.2868    0.3067    0.9076
    0.8637    0.4926    0.1065
...    95 A-T ...
    3.7504 -134.0980  -33.2451
   -0.5433    0.8236    0.1629
   -0.0128   -0.2022    0.9793
    0.8394    0.5300    0.1204
...    96 C-G ...
    6.3001 -132.0653  -33.3894
   -0.5316    0.5655    0.6306
    0.2781   -0.5867    0.7606
    0.8001    0.5797    0.1546
...    97 A-T ...
    8.8286 -129.9699  -32.7135
   -0.4169    0.0611    0.9069
    0.5675   -0.7619    0.3121
    0.7101    0.6448    0.2830
...    98 C-G ...
   10.6160 -127.3969  -31.7241
   -0.1024   -0.3736    0.9219
    0.7280   -0.6597   -0.1865
    0.6779    0.6521    0.3395
...    99 T-A ...
   12.5365 -125.1331  -30.2652
    0.2527   -0.7041    0.6636
    0.7162   -0.3250   -0.6176
    0.6506    0.6313    0.4221
...   100 T-A ...
   14.4193 -123.0342  -28.6422
    0.6363   -0.7449    0.2006
    0.4516    0.1489   -0.8797
    0.6254    0.6504    0.4311
...   101 T-A ...
   16.2935 -120.9917  -26.9218
    0.8119   -0.4852   -0.3246
   -0.0021    0.5536   -0.8328
    0.5838    0.6768    0.4485
...   102 A-T ...
   17.9477 -118.2626  -25.7324
    0.6558    0.0476   -0.7535
   -0.5485    0.7157   -0.4322
    0.5187    0.6967    0.4955
...   103 T-A ...
   20.0802 -116.4763  -23.9293
    0.2926    0.4250   -0.8566
   -0.8161    0.5779    0.0080
    0.4984    0.6967    0.5160
...   104 G-C ...
   21.4966 -114.0031  -22.2195
   -0.2687    0.6155   -0.7409
   -0.8407    0.2255    0.4922
    0.4701    0.7552    0.4569
...   105 C-G ...
   23.3513 -111.5651  -20.9773
   -0.7077    0.5925   -0.3848
   -0.5682   -0.1537    0.8084
    0.4198    0.7908    0.4455
...   106 T-A ...
   24.6957 -108.7806  -19.8250
   -0.9346    0.3529    0.0451
   -0.1192   -0.4300    0.8949
    0.3352    0.8310    0.4440
...   107 T-A ...
   25.6736 -105.9694  -18.5761
   -0.8614    0.0144    0.5077
    0.4184   -0.5467    0.7253
    0.2880    0.8372    0.4649
...   108 C-G ...
   26.3781 -103.2038  -17.0146
   -0.4859   -0.3565    0.7980
    0.8435   -0.4303    0.3213
    0.2289    0.8293    0.5098
...   109 C-G ...
   26.6458 -100.4487  -15.0805
    0.0166   -0.6112    0.7913
    0.9842   -0.1294   -0.1206
    0.1761    0.7808    0.5994
...   110 G-C ...
   27.5524  -98.0885  -12.8870
    0.5394   -0.6576    0.5260
    0.8254    0.2894   -0.4847
    0.1665    0.6956    0.6989
...   111 G-C ...
   28.0288  -96.0731  -10.2082
    0.8909   -0.4343    0.1327
    0.4069    0.6338   -0.6578
    0.2016    0.6400    0.7415
...   112 C-G ...
   28.7160  -94.2952   -7.4748
    0.9633   -0.0231   -0.2673
   -0.1495    0.7810   -0.6063
    0.2228    0.6240    0.7490
...   113 T-A ...
   29.6537  -92.4695   -4.8562
    0.7259    0.3852   -0.5698
   -0.6408    0.6795   -0.3571
    0.2497    0.6244    0.7401
...   114 C-G ...
   30.5423  -90.4738   -2.3896
    0.1965    0.7094   -0.6768
   -0.9502    0.3082    0.0471
    0.2420    0.6338    0.7347
...   115 G-C ...
   30.8835  -88.3267    0.1648
   -0.3953    0.6924   -0.6036
   -0.8977   -0.1521    0.4135
    0.1945    0.7053    0.6817
...   116 T-A ...
   31.9469  -85.7985    2.0191
   -0.8124    0.4837   -0.3257
   -0.5617   -0.4988    0.6601
    0.1569    0.7192    0.6769
...   117 A-T ...
   32.3311  -83.3200    4.2094
   -0.9989    0.0352    0.0322
    0.0001   -0.6738    0.7389
    0.0477    0.7381    0.6730
...   118 T-A ...
   32.2569  -80.5183    5.9026
   -0.8673   -0.3260    0.3763
    0.4974   -0.5995    0.6271
    0.0211    0.7310    0.6821
...   119 A-T ...
   31.9533  -78.0934    8.1730
   -0.4482   -0.6975    0.5591
    0.8902   -0.2912    0.3504
   -0.0815    0.6548    0.7514
...   120 A-T ...
   31.3956  -76.0224   10.5976
    0.1286   -0.7574    0.6401
    0.9869    0.1613   -0.0073
   -0.0977    0.6327    0.7682
...   121 T-A ...
   30.4406  -74.2509   13.1974
    0.6078   -0.5796    0.5427
    0.7874    0.5281   -0.3179
   -0.1024    0.6206    0.7774
...   122 G-C ...
   30.3959  -72.2078   15.8248
    0.9543   -0.2246    0.1973
    0.2966    0.7932   -0.5318
   -0.0371    0.5660    0.8236
...   123 T-A ...
   30.2754  -70.8927   18.8784
    0.9679    0.2196   -0.1223
   -0.2504    0.7995   -0.5460
   -0.0221    0.5591    0.8288
...   124 G-C ...
   30.1963  -68.7770   21.4396
    0.6411    0.6100   -0.4657
   -0.7666    0.5373   -0.3516
    0.0358    0.5825    0.8121
...   125 T-A ...
   30.8790  -67.0845   24.2314
    0.1388    0.7959   -0.5893
   -0.9898    0.1314   -0.0556
    0.0331    0.5910    0.8060
...   126 C-G ...
   31.0807  -65.1258   26.8653
   -0.4761    0.7074   -0.5225
   -0.8792   -0.3706    0.2993
    0.0181    0.6019    0.7984
...   127 G-C ...
   30.8010  -63.3297   29.6779
   -0.8824    0.3109   -0.3532
   -0.4636   -0.7029    0.5394
   -0.0806    0.6397    0.7644
...   128 A-T ...
   30.5659  -61.1703   32.1212
   -0.9823   -0.1870   -0.0109
    0.1367   -0.7554    0.6409
   -0.1281    0.6281    0.7676
...   129 C-G ...
   29.8360  -58.7353   34.2154
   -0.7636   -0.5798    0.2841
    0.6229   -0.5458    0.5604
   -0.1699    0.6049    0.7779
...   130 C-G ...
   28.8448  -56.6776   36.7047
   -0.2937   -0.8439    0.4490
    0.9281   -0.1393    0.3453
   -0.2289    0.5181    0.8241
...   131 A-T ...
   28.0631  -55.0966   39.5444
    0.2963   -0.8402    0.4542
    0.9246    0.3715    0.0839
   -0.2392    0.3951    0.8869
...   132 A-T ...
   27.0937  -54.0387   42.4487
    0.7686   -0.4931    0.4076
    0.5943    0.7862   -0.1694
   -0.2370    0.3724    0.8973
...   133 A-T ...
   26.2577  -53.1167   45.4455
    0.9698    0.0391    0.2406
    0.0509    0.9328   -0.3569
   -0.2384    0.3584    0.9026
...   134 T-A ...
   25.6209  -52.5914   48.6400
    0.8597    0.5097    0.0340
   -0.4497    0.7866   -0.4231
   -0.2424    0.3485    0.9054
...   135 G-C ...
   25.2758  -52.5097   52.0791
    0.3204    0.9427   -0.0928
   -0.8825    0.2614   -0.3910
   -0.3443    0.2071    0.9157
...   136 T-A ...
   25.5258  -52.9788   55.8049
   -0.2439    0.9563   -0.1610
   -0.8908   -0.2866   -0.3525
   -0.3833    0.0575    0.9218
...   137 G-C ...
   24.8934  -52.7379   58.9865
   -0.7529    0.5562   -0.3519
   -0.5215   -0.8303   -0.1966
   -0.4015    0.0355    0.9152
...   138 A-T ...
   24.0144  -51.6375   61.9242
   -0.9563    0.0401   -0.2896
   -0.0524   -0.9980    0.0347
   -0.2876    0.0484    0.9565
...   139 G-C ...
   22.3467  -51.2413   64.4940
   -0.8529   -0.5118   -0.1033
    0.4974   -0.8566    0.1373
   -0.1587    0.0657    0.9851
...   140 C-G ...
   22.1504  -50.1499   67.4638
   -0.4681   -0.8748    0.1248
    0.8495   -0.4066    0.3362
   -0.2434    0.2634    0.9335
...   141 G-C ...
   21.4257  -51.8267   72.7876
    0.1303   -0.7143   -0.6876
    0.8897   -0.2218    0.3990
   -0.4375   -0.6638    0.6066
...   142 C-G ...
   20.4246  -54.3096   74.5418
    0.5846   -0.7390   -0.3348
    0.7594    0.3531    0.5465
   -0.2856   -0.5738    0.7676
...   143 T-A ...
   18.4272  -55.5291   76.5299
    0.8548   -0.5005    0.1370
    0.3188    0.7148    0.6224
   -0.4095   -0.4884    0.7706
...   144 C-G ...
   16.8372  -57.7223   78.2674
    0.8529   -0.0846    0.5151
   -0.1508    0.9048    0.3983
   -0.4998   -0.4174    0.7589
...   145 A-T ...
   15.7830  -59.5617   80.7981
    0.5516    0.4995    0.6680
   -0.6739    0.7388    0.0039
   -0.4916   -0.4523    0.7441
...   146 C-G ...
   15.7315  -61.4942   83.9316
    0.0344    0.7399    0.6718
   -0.8637    0.3602   -0.3526
   -0.5029   -0.5681    0.6514
...   147 A-T ...
   14.7384  -63.4281   86.8192
   -0.5924    0.6746    0.4405
   -0.6886   -0.1401   -0.7114
   -0.4182   -0.7248    0.5475
