  147 base-pairs
...     1 T-A ...
    0.0000    0.0000    0.0000
    1.0000    0.0000    0.0000
    0.0000    1.0000    0.0000
    0.0000    0.0000    1.0000
...     2 G-C ...
   -0.5555   -1.1003    3.3981
    0.7749    0.6051    0.1828
   -0.5991    0.7953   -0.0929
   -0.2016   -0.0375    0.9787
...     3 T-A ...
   -0.6619   -3.0237    6.5348
    0.3046    0.9250    0.2271
   -0.8994    0.3578   -0.2510
   -0.3134   -0.1278    0.9410
...     4 G-C ...
   -1.1607   -3.8418    9.6940
   -0.3351    0.9421    0.0133
   -0.8752   -0.3061   -0.3746
   -0.3489   -0.1372    0.9271
...     5 A-T ...
   -1.3881   -3.6770   12.8999
   -0.7835    0.6162   -0.0801
   -0.5677   -0.7622   -0.3109
   -0.2527   -0.1981    0.9470
...     6 G-C ...
   -2.6236   -3.5448   15.7072
   -0.9923    0.0611   -0.1075
   -0.0294   -0.9610   -0.2748
   -0.1201   -0.2695    0.9555
...     7 C-G ...
   -2.3138   -3.7570   18.8866
   -0.8620   -0.4995   -0.0864
    0.5008   -0.8655    0.0073
   -0.0785   -0.0370    0.9962
...     8 G-C ...
   -3.9561   -6.8109   23.3205
   -0.2581   -0.3560   -0.8981
    0.6294   -0.7673    0.1233
   -0.7330   -0.5335    0.4221
...     9 C-G ...
   -6.1177   -8.9414   24.2385
    0.1143   -0.7320   -0.6716
    0.8123   -0.3203    0.4874
   -0.5720   -0.6013    0.5580
...    10 T-A ...
   -8.5041   -9.6771   26.0540
    0.4660   -0.8587   -0.2131
    0.6274    0.1508    0.7640
   -0.6239   -0.4897    0.6090
...    11 C-G ...
  -11.0625  -11.3174   27.2336
    0.6660   -0.6911    0.2808
    0.3382    0.6152    0.7121
   -0.6649   -0.3794    0.6435
...    12 A-T ...
  -13.0013  -13.1789   29.0658
    0.7188   -0.1490    0.6790
   -0.1787    0.9043    0.3876
   -0.6718   -0.4000    0.6235
...    13 C-G ...
  -14.1788  -15.9359   31.3399
    0.4052    0.2865    0.8682
   -0.5270    0.8492   -0.0343
   -0.7470   -0.4437    0.4951
...    14 A-T ...
  -15.9532  -18.1566   33.3080
   -0.1503    0.6873    0.7107
   -0.6106    0.5008   -0.6135
   -0.7776   -0.5261    0.3444
...    15 A-T ...
  -18.4048  -19.9426   34.4371
   -0.4529    0.8635    0.2218
   -0.3959    0.0281   -0.9179
   -0.7988   -0.5036    0.3291
...    16 T-A ...
  -20.8194  -21.5005   36.2281
   -0.6194    0.7270   -0.2965
   -0.0752   -0.4308   -0.8993
   -0.7815   -0.5347    0.3215
...    17 T-A ...
  -23.3950  -23.0301   37.5993
   -0.5632    0.3238   -0.7602
    0.3120   -0.7686   -0.5585
   -0.7651   -0.5518    0.3318
...    18 T-A ...
  -25.9797  -24.6485   38.6590
   -0.2544   -0.1253   -0.9589
    0.5614   -0.8265   -0.0409
   -0.7875   -0.5488    0.2806
...    19 A-T ...
  -28.5774  -26.5725   39.3891
    0.1774   -0.5015   -0.8468
    0.5814   -0.6408    0.5013
   -0.7941   -0.5812    0.1779
...    20 T-A ...
  -31.5357  -28.0699   39.4822
    0.4480   -0.7611   -0.4690
    0.4045   -0.2953    0.8656
   -0.7973   -0.5775    0.1756
...    21 T-A ...
  -34.2182  -29.9238   39.7404
    0.5891   -0.8000    0.1138
    0.0584    0.1826    0.9814
   -0.8059   -0.5715    0.1543
...    22 C-G ...
  -36.8187  -31.8738   40.2116
    0.5295   -0.5295    0.6627
   -0.3130    0.6041    0.7328
   -0.7885   -0.5955    0.1541
...    23 G-C ...
  -39.5445  -33.5196   41.2887
    0.3620   -0.0293    0.9317
   -0.5899    0.7668    0.2533
   -0.7218   -0.6413    0.2603
...    24 C-G ...
  -41.6427  -35.8965   42.1135
    0.0386    0.4109    0.9109
   -0.6898    0.6704   -0.2733
   -0.7230   -0.6178    0.3093
...    25 A-T ...
  -44.3600  -37.6812   42.7777
   -0.3318    0.7544    0.5664
   -0.5787    0.3114   -0.7538
   -0.7450   -0.5778    0.3332
...    26 A-T ...
  -46.7356  -39.5513   44.0606
   -0.6033    0.7966    0.0381
   -0.2837   -0.1697   -0.9438
   -0.7454   -0.5802    0.3284
...    27 A-T ...
  -49.0725  -41.3404   45.4647
   -0.6651    0.5457   -0.5098
    0.1318   -0.5861   -0.7994
   -0.7350   -0.5989    0.3179
...    28 G-C ...
  -51.7632  -42.9224   46.7554
   -0.4430    0.1929   -0.8755
    0.4480   -0.7982   -0.4026
   -0.7765   -0.5706    0.2672
...    29 G-C ...
  -54.7284  -44.5293   47.5360
   -0.0402   -0.2267   -0.9731
    0.6054   -0.7803    0.1568
   -0.7949   -0.5829    0.1686
...    30 C-G ...
  -57.5814  -46.1395   47.7254
    0.3497   -0.5720   -0.7420
    0.5089   -0.5490    0.6630
   -0.7866   -0.6095    0.0991
...    31 C-G ...
  -60.3494  -48.0186   47.7948
    0.6372   -0.7240   -0.2642
    0.2089   -0.1677    0.9635
   -0.7418   -0.6691    0.0444
...    32 G-C ...
  -62.4160  -50.2637   48.1494
    0.7304   -0.6334    0.2555
   -0.1818    0.1802    0.9667
   -0.6583   -0.7525    0.0165
...    33 G-C ...
  -64.1508  -53.1537   48.1745
    0.5436   -0.3899    0.7433
   -0.5873    0.4560    0.6687
   -0.5997   -0.8000    0.0189
...    34 C-G ...
  -65.7641  -56.0041   48.2190
    0.1444   -0.0462    0.9884
   -0.8061    0.5738    0.1446
   -0.5739   -0.8177    0.0456
...    35 C-G ...
  -67.4657  -58.9056   48.7487
   -0.3255    0.3036    0.8955
   -0.7634    0.4745   -0.4383
   -0.5580   -0.8263    0.0773
...    36 C-G ...
  -69.2335  -61.7225   49.2952
   -0.6772    0.5442    0.4952
   -0.4682    0.2006   -0.8606
   -0.5677   -0.8146    0.1190
...    37 G-C ...
  -71.2384  -64.4809   48.6408
   -0.7862    0.6119   -0.0867
    0.0112   -0.1262   -0.9919
   -0.6179   -0.7808    0.0924
...    38 A-T ...
  -73.0546  -67.0345   49.0021
   -0.6256    0.4330   -0.6490
    0.4871   -0.4329   -0.7584
   -0.6093   -0.7906    0.0600
...    39 C-G ...
  -75.3954  -69.2086   49.2748
   -0.2496    0.1940   -0.9487
    0.7380   -0.5961   -0.3161
   -0.6269   -0.7791    0.0056
...    40 A-T ...
  -77.5915  -71.7234   49.1467
    0.2761   -0.0843   -0.9574
    0.7410   -0.6158    0.2679
   -0.6121   -0.7834   -0.1076
...    41 C-G ...
  -79.7509  -74.0193   48.2779
    0.6579   -0.3243   -0.6797
    0.4893   -0.5019    0.7132
   -0.5725   -0.8018   -0.1715
...    42 G-C ...
  -81.3617  -76.9305   48.0012
    0.8711   -0.4741   -0.1279
   -0.0072   -0.2727    0.9621
   -0.4910   -0.8372   -0.2410
...    43 A-T ...
  -82.9135  -79.5728   47.1672
    0.7054   -0.5381    0.4613
   -0.5180    0.0529    0.8538
   -0.4838   -0.8412   -0.2414
...    44 C-G ...
  -84.0210  -82.4058   45.8679
    0.3468   -0.3896    0.8532
   -0.8279    0.3004    0.4737
   -0.4408   -0.8706   -0.2183
...    45 T-A ...
  -84.8833  -85.8378   45.0529
   -0.1766   -0.1437    0.9737
   -0.8878    0.4505   -0.0945
   -0.4250   -0.8812   -0.2071
...    46 T-A ...
  -85.8581  -88.8723   44.3709
   -0.6270    0.0779    0.7751
   -0.6623    0.4705   -0.5831
   -0.4101   -0.8790   -0.2434
...    47 A-T ...
  -87.3796  -91.6579   43.1771
   -0.9193    0.3356    0.2055
   -0.0936    0.3207   -0.9426
   -0.3822   -0.8857   -0.2634
...    48 C-G ...
  -88.7525  -94.7062   42.9591
   -0.8245    0.4621   -0.3266
    0.4134    0.0978   -0.9053
   -0.3863   -0.8814   -0.2717
...    49 T-A ...
  -90.4054  -97.5777   42.2902
   -0.4425    0.5100   -0.7376
    0.7891   -0.1693   -0.5905
   -0.4260   -0.8433   -0.3275
...    50 G-C ...
  -91.8988 -100.2828   40.9211
    0.1305    0.4463   -0.8853
    0.9026   -0.4229   -0.0802
   -0.4102   -0.7886   -0.4580
...    51 T-A ...
  -93.6492 -102.4587   39.3443
    0.5790    0.2502   -0.7760
    0.7276   -0.5880    0.3533
   -0.3678   -0.7692   -0.5225
...    52 A-T ...
  -94.8815 -104.4350   36.8828
    0.9285    0.1031   -0.3566
    0.3283   -0.6763    0.6594
   -0.1733   -0.7293   -0.6618
...    53 G-C ...
  -95.5883 -106.5243   34.5179
    0.9847   -0.1463    0.0947
   -0.1690   -0.6686    0.7242
   -0.0426   -0.7291   -0.6831
...    54 G-C ...
  -95.1803 -108.6189   31.5719
    0.7392   -0.4118    0.5329
   -0.6706   -0.5231    0.5260
    0.0621   -0.7462   -0.6629
...    55 T-A ...
  -94.3991 -110.8974   29.3621
    0.2908   -0.6102    0.7369
   -0.9515   -0.2654    0.1557
    0.1006   -0.7464   -0.6578
...    56 A-T ...
  -93.5146 -113.4502   27.2996
   -0.3163   -0.6276    0.7114
   -0.9389    0.0999   -0.3293
    0.1356   -0.7721   -0.6209
...    57 T-A ...
  -92.3707 -116.0612   25.6071
   -0.7488   -0.5158    0.4162
   -0.6424    0.4104   -0.6472
    0.1630   -0.7520   -0.6387
...    58 C-G ...
  -91.7597 -118.7658   23.6953
   -0.9822   -0.1673   -0.0854
   -0.0467    0.6577   -0.7519
    0.1819   -0.7345   -0.6538
...    59 T-A ...
  -91.3740 -121.4391   21.6948
   -0.8637    0.2350   -0.4459
    0.4809    0.6493   -0.5892
    0.1510   -0.7233   -0.6738
...    60 C-G ...
  -90.8252 -123.9166   19.4684
   -0.4233    0.5904   -0.6872
    0.8907    0.4099   -0.1965
    0.1657   -0.6953   -0.6994
...    61 G-C ...
  -89.8031 -125.9086   17.0643
    0.0396    0.8349   -0.5490
    0.9805    0.0735    0.1824
    0.1927   -0.5455   -0.8157
...    62 A-T ...
  -88.9948 -127.8601   14.6057
    0.5492    0.7907   -0.2705
    0.7844   -0.3761    0.4932
    0.2882   -0.4830   -0.8268
...    63 G-C ...
  -88.0756 -129.0181   11.6394
    0.8357    0.5397    0.1018
    0.4064   -0.7323    0.5464
    0.3694   -0.4153   -0.8313
...    64 C-G ...
  -86.7957 -129.8341    8.6212
    0.8913    0.0665    0.4485
   -0.1181   -0.9211    0.3711
    0.4378   -0.3837   -0.8131
...    65 T-A ...
  -85.2123 -130.7310    5.8721
    0.6702   -0.3878    0.6328
   -0.5333   -0.8446    0.0471
    0.5162   -0.3691   -0.7729
...    66 C-G ...
  -83.4434 -132.3116    3.6780
    0.2305   -0.7865    0.5730
   -0.7609   -0.5127   -0.3976
    0.6065   -0.3443   -0.7166
...    67 G-C ...
  -82.1295 -134.0735    0.9780
   -0.2601   -0.9265    0.2721
   -0.7137   -0.0053   -0.7004
    0.6504   -0.3764   -0.6598
...    68 G-C ...
  -79.7941 -135.4582   -1.0270
   -0.6300   -0.7637   -0.1409
   -0.4465    0.5046   -0.7389
    0.6354   -0.4026   -0.6589
...    69 G-C ...
  -77.6753 -137.0146   -3.0888
   -0.8152   -0.3333   -0.4736
   -0.0146    0.8293   -0.5586
    0.5789   -0.4485   -0.6809
...    70 A-T ...
  -75.7088 -138.7599   -5.1809
   -0.6502    0.2285   -0.7246
    0.4705    0.8699   -0.1478
    0.5966   -0.4371   -0.6731
...    71 T-A ...
  -74.1536 -140.6480   -7.4060
   -0.3220    0.6534   -0.6851
    0.7329    0.6301    0.2565
    0.5993   -0.4196   -0.6818
...    72 C-G ...
  -72.3491 -142.0706   -9.7811
    0.1471    0.9129   -0.3807
    0.7719    0.1347    0.6213
    0.6185   -0.3853   -0.6849
...    73 C-G ...
  -70.4689 -143.6066  -12.0158
    0.4061    0.9082    0.1017
    0.5764   -0.3408    0.7427
    0.7092   -0.2430   -0.6619
...    74 G-C ...
  -67.7936 -144.3614  -13.8230
    0.4957    0.6364    0.5910
    0.3206   -0.7665    0.5564
    0.8071   -0.0863   -0.5840
...    75 C-G ...
  -65.0625 -144.0555  -15.9137
    0.5608    0.0958    0.8224
    0.0061   -0.9937    0.1116
    0.8279   -0.0575   -0.5579
...    76 T-A ...
  -61.9151 -143.7655  -17.3667
    0.4477   -0.4736    0.7585
   -0.2414   -0.8808   -0.4074
    0.8610   -0.0007   -0.5086
...    77 T-A ...
  -58.9716 -143.4825  -18.7444
    0.2546   -0.8949    0.3665
   -0.4395   -0.4447   -0.7804
    0.8614    0.0376   -0.5066
...    78 T-A ...
  -56.0118 -143.2226  -20.0830
   -0.0024   -0.9866   -0.1634
   -0.5070    0.1420   -0.8501
    0.8619    0.0808   -0.5006
...    79 A-T ...
  -53.5988 -142.4366  -22.2171
   -0.1887   -0.6831   -0.7055
   -0.4346    0.7023   -0.5638
    0.8806    0.2002   -0.4294
...    80 A-T ...
  -50.6876 -141.8976  -23.4692
   -0.3669   -0.1614   -0.9162
   -0.2854    0.9569   -0.0543
    0.8854    0.2415   -0.3971
...    81 C-G ...
  -47.6515 -141.6790  -24.9065
   -0.4616    0.3719   -0.8054
   -0.0620    0.8921    0.4475
    0.8849    0.2565   -0.3887
...    82 A-T ...
  -44.7509 -140.8571  -26.2460
   -0.4916    0.7821   -0.3829
    0.1915    0.5260    0.8286
    0.8495    0.3340   -0.4083
...    83 C-G ...
  -42.2494 -139.8252  -28.2099
   -0.3652    0.9252    0.1030
    0.4053    0.0584    0.9123
    0.8381    0.3749   -0.3963
...    84 T-A ...
  -39.6829 -138.1444  -30.0279
   -0.1678    0.7645    0.6224
    0.5380   -0.4580    0.7076
    0.8261    0.4536   -0.3344
...    85 T-A ...
  -37.2663 -136.3513  -31.2192
    0.1273    0.3666    0.9216
    0.5445   -0.8025    0.2440
    0.8290    0.4708   -0.3018
...    86 T-A ...
  -34.6799 -134.6604  -32.0883
    0.3483   -0.1579    0.9240
    0.4081   -0.8618   -0.3011
    0.8438    0.4820   -0.2358
...    87 A-T ...
  -31.7928 -133.1772  -32.6823
    0.4273   -0.6429    0.6357
    0.1992   -0.6189   -0.7598
    0.8819    0.4513   -0.1364
...    88 T-A ...
  -29.1189 -131.3340  -32.4375
    0.4414   -0.8711    0.2153
    0.0125   -0.2339   -0.9722
    0.8972    0.4318   -0.0923
...    89 G-C ...
  -26.0417 -130.0915  -32.4822
    0.2787   -0.8697   -0.4074
   -0.2168    0.3563   -0.9089
    0.9356    0.3417   -0.0893
...    90 C-G ...
  -22.8078 -129.3179  -32.6042
    0.1019   -0.5289   -0.8426
   -0.3334    0.7798   -0.5298
    0.9373    0.3349   -0.0969
...    91 T-A ...
  -19.4406 -128.6736  -32.9960
   -0.1021    0.0068   -0.9947
   -0.3020    0.9526    0.0376
    0.9478    0.3043   -0.0952
...    92 T-A ...
  -16.3406 -127.9047  -33.3394
   -0.2648    0.5340   -0.8030
   -0.2105    0.7806    0.5885
    0.9410    0.3249   -0.0943
...    93 C-G ...
  -13.2056 -126.9278  -33.8697
   -0.3807    0.8698   -0.3138
   -0.0322    0.3267    0.9446
    0.9242    0.3697   -0.0964
...    94 C-G ...
  -10.0749 -125.9718  -34.2461
   -0.4810    0.8490    0.2187
    0.1448   -0.1691    0.9749
    0.8647    0.5006   -0.0416
...    95 G-C ...
   -7.4441 -124.4292  -34.1130
   -0.4782    0.5732    0.6654
    0.3727   -0.5536    0.7447
    0.7953    0.6041    0.0511
...    96 G-C ...
   -5.1788 -122.0218  -33.7503
   -0.2883    0.1226    0.9497
    0.6033   -0.7469    0.2796
    0.7436    0.6536    0.1413
...    97 C-G ...
   -3.2304 -119.4029  -32.9632
    0.0406   -0.3331    0.9420
    0.6858   -0.6764   -0.2688
    0.7267    0.6569    0.2009
...    98 T-A ...
   -1.1167 -117.0304  -32.0921
    0.3391   -0.6711    0.6593
    0.6050   -0.3811   -0.6991
    0.7204    0.6360    0.2768
...    99 C-G ...
    1.4604 -115.3317  -31.1218
    0.5989   -0.7886    0.1394
    0.3724    0.1201   -0.9203
    0.7090    0.6030    0.3656
...   100 G-C ...
    3.9579 -113.3363  -30.3325
    0.6829   -0.5947   -0.4244
   -0.0006    0.5804   -0.8143
    0.7306    0.5563    0.3960
...   101 T-A ...
    6.5504 -111.9813  -28.8540
    0.5710   -0.2138   -0.7926
   -0.3453    0.8133   -0.4682
    0.7447    0.5411    0.3906
...   102 A-T ...
    9.2747 -110.5362  -27.4514
    0.2533    0.2934   -0.9218
   -0.6097    0.7883    0.0833
    0.7511    0.5409    0.3785
...   103 T-A ...
   12.1467 -109.2825  -26.3112
   -0.0724    0.6807   -0.7290
   -0.6751    0.5046    0.5382
    0.7341    0.5311    0.4231
...   104 T-A ...
   14.7322 -107.6843  -25.1064
   -0.4423    0.8433   -0.3053
   -0.5322    0.0272    0.8462
    0.7219    0.5367    0.4368
...   105 C-G ...
   16.9632 -105.9481  -23.4455
   -0.7195    0.6652    0.1994
   -0.1835   -0.4590    0.8693
    0.6698    0.5889    0.4523
...   106 A-T ...
   19.2811 -103.8215  -22.1729
   -0.7945    0.2399    0.5578
    0.2519   -0.7056    0.6623
    0.5525    0.6667    0.5002
...   107 T-A ...
   20.7291 -101.3226  -20.7313
   -0.6148   -0.1788    0.7681
    0.6125   -0.7218    0.3223
    0.4968    0.6686    0.5533
...   108 G-C ...
   22.0621  -98.9134  -18.6189
   -0.2326   -0.6373    0.7346
    0.8728   -0.4700   -0.1314
    0.4290    0.6107    0.6656
...   109 T-A ...
   22.8080  -96.7659  -16.1713
    0.2359   -0.8048    0.5447
    0.8802   -0.0606   -0.4707
    0.4118    0.5904    0.6941
...   110 T-A ...
   23.9264  -94.9656  -13.8023
    0.6698   -0.7155    0.1986
    0.6274    0.4022   -0.6668
    0.3972    0.5712    0.7183
...   111 A-T ...
   25.3829  -92.9439  -11.5245
    0.9102   -0.3332   -0.2461
    0.1039    0.7586   -0.6432
    0.4010    0.5598    0.7251
...   112 T-A ...
   26.6877  -91.7519   -8.7961
    0.8557    0.1042   -0.5068
   -0.3602    0.8231   -0.4390
    0.3714    0.5583    0.7419
...   113 A-T ...
   27.6950  -89.6564   -6.3150
    0.4585    0.6039   -0.6520
   -0.8132    0.5810   -0.0337
    0.3585    0.5456    0.7575
...   114 A-T ...
   28.9773  -87.9997   -3.8995
   -0.0647    0.8284   -0.5564
   -0.9409    0.1351    0.3106
    0.3325    0.5436    0.7707
...   115 C-G ...
   30.7184  -86.1431   -1.6192
   -0.5636    0.7656   -0.3103
   -0.7649   -0.3418    0.5460
    0.3119    0.5451    0.7782
...   116 G-C ...
   31.2505  -84.3503    1.0332
   -0.9210    0.3749   -0.1057
   -0.3526   -0.6873    0.6350
    0.1654    0.6222    0.7652
...   117 G-C ...
   31.4003  -82.0608    3.3737
   -0.9853   -0.1005    0.1379
    0.1659   -0.7528    0.6370
    0.0398    0.6505    0.7585
...   118 A-T ...
   31.3278  -79.7778    5.7284
   -0.7328   -0.5506    0.3999
    0.6794   -0.5588    0.4755
   -0.0383    0.6201    0.7836
...   119 A-T ...
   30.9155  -77.7912    8.2702
   -0.2159   -0.7893    0.5748
    0.9746   -0.1383    0.1762
   -0.0596    0.5983    0.7991
...   120 A-T ...
   30.3022  -75.8439   10.8528
    0.3919   -0.7006    0.5963
    0.9175    0.3452   -0.1974
   -0.0676    0.6245    0.7781
...   121 T-A ...
   29.5167  -74.1826   13.6333
    0.8030   -0.4289    0.4139
    0.5912    0.6610   -0.4621
   -0.0753    0.6158    0.7843
...   122 G-C ...
   29.2717  -72.3536   16.5077
    0.9996   -0.0184    0.0206
    0.0271    0.8026   -0.5960
   -0.0056    0.5963    0.8028
...   123 T-A ...
   29.4318  -70.8317   19.3941
    0.8861    0.3738   -0.2742
   -0.4636    0.7172   -0.5203
    0.0022    0.5881    0.8088
...   124 G-C ...
   29.5826  -68.9016   22.0823
    0.4675    0.6806   -0.5642
   -0.8823    0.3991   -0.2497
    0.0552    0.6145    0.7870
...   125 T-A ...
   30.2619  -67.1029   24.6753
   -0.0499    0.7688   -0.6376
   -0.9971   -0.0018    0.0758
    0.0572    0.6395    0.7667
...   126 C-G ...
   30.4961  -65.0245   27.0444
   -0.6178    0.6292   -0.4716
   -0.7836   -0.4427    0.4358
    0.0654    0.6388    0.7666
...   127 G-C ...
   30.2277  -63.1570   29.7065
   -0.9211    0.2277   -0.3159
   -0.3818   -0.6874    0.6178
   -0.0765    0.6896    0.7201
...   128 A-T ...
   30.1346  -60.9813   31.9711
   -0.9727   -0.2170    0.0825
    0.2156   -0.7127    0.6675
   -0.0860    0.6671    0.7400
...   129 C-G ...
   29.4856  -58.3581   33.8586
   -0.7158   -0.5885    0.3759
    0.6863   -0.4935    0.5342
   -0.1289    0.6404    0.7572
...   130 C-G ...
   28.2591  -56.3142   36.3180
   -0.2600   -0.8347    0.4854
    0.9436   -0.1129    0.3111
   -0.2049    0.5389    0.8170
...   131 A-T ...
   27.8881  -54.9313   39.3178
    0.2907   -0.8572    0.4252
    0.9361    0.3467    0.0589
   -0.1979    0.3809    0.9032
...   132 A-T ...
   27.1078  -53.9111   42.3288
    0.7634   -0.5303    0.3688
    0.6154    0.7706   -0.1657
   -0.1963    0.3535    0.9146
...   133 A-T ...
   26.2602  -53.1130   45.4041
    0.9699    0.0366    0.2409
    0.0536    0.9324   -0.3574
   -0.2377    0.3596    0.9023
...   134 T-A ...
   25.6209  -52.5914   48.6400
    0.8597    0.5097    0.0340
   -0.4497    0.7866   -0.4231
   -0.2424    0.3485    0.9054
...   135 G-C ...
   25.2757  -52.5097   52.0791
    0.3204    0.9427   -0.0928
   -0.8825    0.2614   -0.3910
   -0.3443    0.2071    0.9157
...   136 T-A ...
   25.5258  -52.9788   55.8049
   -0.2439    0.9563   -0.1610
   -0.8908   -0.2866   -0.3525
   -0.3833    0.0575    0.9218
...   137 G-C ...
   24.8933  -52.7379   58.9865
   -0.7529    0.5562   -0.3519
   -0.5215   -0.8303   -0.1966
   -0.4015    0.0355    0.9152
...   138 A-T ...
   24.0143  -51.6375   61.9242
   -0.9563    0.0401   -0.2896
   -0.0524   -0.9980    0.0347
   -0.2876    0.0484    0.9565
...   139 G-C ...
   22.3467  -51.2413   64.4940
   -0.8529   -0.5118   -0.1033
    0.4974   -0.8566    0.1373
   -0.1587    0.0657    0.9851
...   140 C-G ...
   22.1503  -50.1500   67.4639
   -0.4681   -0.8748    0.1248
    0.8495   -0.4066    0.3362
   -0.2434    0.2634    0.9335
...   141 G-C ...
   21.4256  -51.8268   72.7876
    0.1303   -0.7143   -0.6876
    0.8897   -0.2218    0.3990
   -0.4375   -0.6638    0.6066
...   142 C-G ...
   20.4245  -54.3096   74.5418
    0.5846   -0.7390   -0.3348
    0.7594    0.3532    0.5465
   -0.2856   -0.5738    0.7676
...   143 T-A ...
   18.4271  -55.5291   76.5299
    0.8548   -0.5005    0.1370
    0.3188    0.7148    0.6224
   -0.4095   -0.4884    0.7706
...   144 C-G ...
   16.8371  -57.7224   78.2674
    0.8529   -0.0846    0.5151
   -0.1508    0.9048    0.3983
   -0.4998   -0.4174    0.7589
...   145 A-T ...
   15.7829  -59.5617   80.7981
    0.5516    0.4995    0.6680
   -0.6739    0.7388    0.0039
   -0.4916   -0.4523    0.7441
...   146 C-G ...
   15.7314  -61.4942   83.9316
    0.0344    0.7399    0.6718
   -0.8637    0.3602   -0.3526
   -0.5029   -0.5681    0.6514
...   147 A-T ...
   14.7383  -63.4281   86.8192
   -0.5924    0.6746    0.4405
   -0.6886   -0.1401   -0.7114
   -0.4182   -0.7248    0.5475
