  147 base-pairs
...     1 T-A ...
    0.0000    0.0000    0.0000
    1.0000    0.0000    0.0000
    0.0000    1.0000    0.0000
    0.0000    0.0000    1.0000
...     2 G-C ...
   -0.5555   -1.1003    3.3981
    0.7749    0.6051    0.1828
   -0.5991    0.7953   -0.0929
   -0.2016   -0.0375    0.9787
...     3 T-A ...
   -0.6619   -3.0237    6.5348
    0.3046    0.9250    0.2271
   -0.8994    0.3578   -0.2510
   -0.3134   -0.1278    0.9410
...     4 G-C ...
   -1.1607   -3.8418    9.6940
   -0.3351    0.9421    0.0133
   -0.8752   -0.3061   -0.3746
   -0.3489   -0.1372    0.9271
...     5 A-T ...
   -1.3881   -3.6770   12.8999
   -0.7835    0.6162   -0.0801
   -0.5677   -0.7622   -0.3109
   -0.2527   -0.1981    0.9470
...     6 G-C ...
   -2.6236   -3.5448   15.7072
   -0.9923    0.0611   -0.1075
   -0.0294   -0.9610   -0.2748
   -0.1201   -0.2695    0.9555
...     7 C-G ...
   -2.3138   -3.7570   18.8866
   -0.8620   -0.4995   -0.0864
    0.5008   -0.8655    0.0073
   -0.0785   -0.0370    0.9962
...     8 G-C ...
   -3.9561   -6.8109   23.3205
   -0.2581   -0.3560   -0.8981
    0.6294   -0.7673    0.1233
   -0.7330   -0.5335    0.4221
...     9 C-G ...
   -6.1177   -8.9414   24.2385
    0.1143   -0.7320   -0.6716
    0.8123   -0.3203    0.4874
   -0.5720   -0.6013    0.5580
...    10 T-A ...
   -8.5041   -9.6771   26.0540
    0.4660   -0.8587   -0.2131
    0.6274    0.1508    0.7640
   -0.6239   -0.4897    0.6090
...    11 C-G ...
  -11.0625  -11.3174   27.2336
    0.6660   -0.6911    0.2808
    0.3382    0.6152    0.7121
   -0.6649   -0.3794    0.6435
...    12 A-T ...
  -13.0013  -13.1789   29.0658
    0.7188   -0.1490    0.6790
   -0.1787    0.9043    0.3876
   -0.6718   -0.4000    0.6235
...    13 C-G ...
  -14.1788  -15.9359   31.3399
    0.4052    0.2865    0.8682
   -0.5270    0.8492   -0.0343
   -0.7470   -0.4437    0.4951
...    14 A-T ...
  -15.9532  -18.1566   33.3080
   -0.1503    0.6873    0.7107
   -0.6106    0.5008   -0.6135
   -0.7776   -0.5261    0.3444
...    15 A-T ...
  -18.4016  -19.9476   34.4407
   -0.4569    0.8616    0.2211
   -0.3951    0.0261   -0.9183
   -0.7970   -0.5069    0.3285
...    16 T-A ...
  -20.8110  -21.5207   36.2294
   -0.6237    0.7227   -0.2979
   -0.0714   -0.4321   -0.8990
   -0.7784   -0.5395    0.3211
...    17 T-A ...
  -23.3755  -23.0698   37.5986
   -0.5654    0.3176   -0.7612
    0.3193   -0.7667   -0.5570
   -0.7605   -0.5580    0.3321
...    18 T-A ...
  -25.9468  -24.7128   38.6643
   -0.2536   -0.1329   -0.9581
    0.5709   -0.8202   -0.0373
   -0.7809   -0.5564    0.2839
...    19 A-T ...
  -28.5113  -26.6806   39.4181
    0.1830   -0.5091   -0.8411
    0.5908   -0.6269    0.5080
   -0.7858   -0.5898    0.1860
...    20 T-A ...
  -31.4462  -28.2228   39.5316
    0.4589   -0.7603   -0.4598
    0.4100   -0.2780    0.8687
   -0.7883   -0.5871    0.1841
...    21 T-A ...
  -34.0977  -30.1167   39.8199
    0.6029   -0.7883    0.1229
    0.0573    0.1965    0.9788
   -0.7957   -0.5831    0.1636
...    22 C-G ...
  -36.6614  -32.1079   40.3253
    0.5408   -0.5105    0.6685
   -0.3223    0.6083    0.7253
   -0.7770   -0.6077    0.1644
...    23 G-C ...
  -39.3510  -33.7993   41.4352
    0.3662   -0.0079    0.9305
   -0.6045    0.7582    0.2443
   -0.7074   -0.6520    0.2728
...    24 C-G ...
  -41.3963  -36.2087   42.3034
    0.0334    0.4256    0.9043
   -0.7049    0.6514   -0.2805
   -0.7085   -0.6281    0.3218
...    25 A-T ...
  -44.0777  -38.0386   43.0109
   -0.3467    0.7563    0.5547
   -0.5887    0.2850   -0.7565
   -0.7302   -0.5889    0.3464
...    26 A-T ...
  -46.4061  -39.9407   44.3349
   -0.6222    0.7824    0.0257
   -0.2831   -0.1943   -0.9392
   -0.7299   -0.5916    0.3424
...    27 A-T ...
  -48.6925  -41.7627   45.7814
   -0.6812    0.5176   -0.5178
    0.1439   -0.5988   -0.7879
   -0.7179   -0.6112    0.3334
...    28 G-C ...
  -51.3334  -43.3949   47.1145
   -0.4524    0.1602   -0.8773
    0.4686   -0.7943   -0.3867
   -0.7588   -0.5861    0.2843
...    29 G-C ...
  -54.2381  -45.0792   47.9527
   -0.0394   -0.2549   -0.9662
    0.6291   -0.7575    0.1742
   -0.7763   -0.6010    0.1902
...    30 C-G ...
  -57.0372  -46.7733   48.2176
    0.3614   -0.5846   -0.7264
    0.5294   -0.5126    0.6760
   -0.7675   -0.6289    0.1242
...    31 C-G ...
  -59.7546  -48.7255   48.3801
    0.6557   -0.7141   -0.2451
    0.2218   -0.1280    0.9666
   -0.7217   -0.6882    0.0745
...    32 G-C ...
  -61.7660  -51.0050   48.8404
    0.7509   -0.6021    0.2714
   -0.1772    0.2123    0.9610
   -0.6362   -0.7697    0.0527
...    33 G-C ...
  -63.4306  -53.9313   48.9910
    0.5632   -0.3427    0.7520
   -0.5919    0.4678    0.6564
   -0.5767   -0.8147    0.0606
...    34 C-G ...
  -64.9638  -56.8222   49.1648
    0.1592    0.0028    0.9872
   -0.8194    0.5581    0.1305
   -0.5506   -0.8298    0.0911
...    35 C-G ...
  -66.5699  -59.7464   49.8555
   -0.3173    0.3395    0.8855
   -0.7830    0.4330   -0.4466
   -0.5350   -0.8350    0.1284
...    36 C-G ...
  -68.2599  -62.5705   50.5800
   -0.6817    0.5526    0.4796
   -0.4898    0.1423   -0.8602
   -0.5435   -0.8212    0.1737
...    37 G-C ...
  -70.2141  -65.4023   50.1270
   -0.8041    0.5856   -0.1030
   -0.0068   -0.1823   -0.9832
   -0.5945   -0.7899    0.1506
...    38 A-T ...
  -71.9679  -67.9711   50.6736
   -0.6512    0.3767   -0.6588
    0.4815   -0.4659   -0.7423
   -0.5866   -0.8006    0.1220
...    39 C-G ...
  -74.2474  -70.1833   51.1390
   -0.2767    0.1257   -0.9527
    0.7463   -0.5964   -0.2955
   -0.6053   -0.7928    0.0712
...    40 A-T ...
  -76.3715  -72.7655   51.2272
    0.2559   -0.1474   -0.9554
    0.7635   -0.5754    0.2932
   -0.5929   -0.8045   -0.0347
...    41 C-G ...
  -78.4947  -75.1777   50.5895
    0.6488   -0.3611   -0.6698
    0.5191   -0.4335    0.7366
   -0.5564   -0.8256   -0.0938
...    42 G-C ...
  -80.0507  -78.1316   50.6014
    0.8782   -0.4648   -0.1125
    0.0252   -0.1901    0.9814
   -0.4775   -0.8648   -0.1553
...    43 A-T ...
  -81.5765  -80.8589   50.0411
    0.7305   -0.4811    0.4847
   -0.4944    0.1172    0.8613
   -0.4712   -0.8688   -0.1523
...    44 C-G ...
  -82.6578  -83.8142   49.0267
    0.3809   -0.3037    0.8733
   -0.8203    0.3250    0.4707
   -0.4268   -0.8956   -0.1253
...    45 T-A ...
  -83.4760  -87.3171   48.5598
   -0.1426   -0.0512    0.9885
   -0.9003    0.4217   -0.1080
   -0.4113   -0.9053   -0.1063
...    46 T-A ...
  -84.4249  -90.4110   48.2204
   -0.6009    0.1474    0.7856
   -0.6922    0.3955   -0.6037
   -0.3997   -0.9066   -0.1356
...    47 A-T ...
  -85.9346  -93.3341   47.4194
   -0.9149    0.3451    0.2096
   -0.1400    0.2157   -0.9664
   -0.3787   -0.9134   -0.1491
...    48 C-G ...
  -87.2838  -96.3991   47.5977
   -0.8455    0.4137   -0.3376
    0.3711    0.0008   -0.9286
   -0.3839   -0.9104   -0.1542
...    49 T-A ...
  -88.9229  -99.3458   47.3386
   -0.4837    0.4178   -0.7691
    0.7634   -0.2284   -0.6042
   -0.4281   -0.8794   -0.2085
...    50 G-C ...
  -90.4224 -102.2119   46.3708
    0.0827    0.3350   -0.9386
    0.9042   -0.4211   -0.0707
   -0.4189   -0.8429   -0.3378
...    51 T-A ...
  -92.2093 -104.5853   45.1573
    0.5400    0.1505   -0.8281
    0.7499   -0.5329    0.3921
   -0.3823   -0.8327   -0.4006
...    52 A-T ...
  -93.5006 -106.9456   43.1277
    0.9110    0.0386   -0.4106
    0.3559   -0.5765    0.7355
   -0.2083   -0.8162   -0.5390
...    53 G-C ...
  -94.3396 -109.3668   41.1497
    0.9870   -0.1448    0.0703
   -0.1393   -0.5490    0.8241
   -0.0807   -0.8232   -0.5620
...    54 G-C ...
  -94.1000 -111.8932   38.5501
    0.7601   -0.3366    0.5559
   -0.6494   -0.4251    0.6306
    0.0241   -0.8402   -0.5417
...    55 T-A ...
  -93.4532 -114.4973   36.6885
    0.3201   -0.4915    0.8099
   -0.9453   -0.2218    0.2390
    0.0622   -0.8421   -0.5357
...    56 A-T ...
  -92.6867 -117.3661   35.0263
   -0.2870   -0.4972    0.8188
   -0.9529    0.0606   -0.2972
    0.0982   -0.8655   -0.4912
...    57 T-A ...
  -91.6588 -120.2418   33.7423
   -0.7326   -0.4250    0.5317
   -0.6693    0.3081   -0.6761
    0.1235   -0.8512   -0.5101
...    58 C-G ...
  -91.1768 -123.2449   32.2867
   -0.9872   -0.1594   -0.0095
   -0.0760    0.5211   -0.8501
    0.1405   -0.8385   -0.5265
...    59 T-A ...
  -90.9306 -126.2305   30.7590
   -0.8811    0.1728   -0.4402
    0.4601    0.5283   -0.7136
    0.1093   -0.8313   -0.5450
...    60 C-G ...
  -90.5239 -129.0653   28.9704
   -0.4462    0.4707   -0.7611
    0.8863    0.3503   -0.3030
    0.1240   -0.8098   -0.5735
...    61 G-C ...
  -89.6359 -131.4787   26.9243
    0.0298    0.7210   -0.6923
    0.9882    0.0828    0.1287
    0.1502   -0.6880   -0.7100
...    62 A-T ...
  -88.9564 -133.8750   24.8504
    0.5510    0.7153   -0.4299
    0.7967   -0.2976    0.5259
    0.2482   -0.6323   -0.7339
...    63 G-C ...
  -88.1768 -135.5935   22.1267
    0.8480    0.5293   -0.0276
    0.4137   -0.6285    0.6587
    0.3313   -0.5700   -0.7519
...    64 C-G ...
  -87.0301 -136.9854   19.2710
    0.9078    0.1277    0.3995
   -0.1203   -0.8333    0.5396
    0.4018   -0.5379   -0.7411
...    65 T-A ...
  -85.5617 -138.4155   16.6885
    0.6842   -0.2779    0.6743
   -0.5453   -0.8088    0.2201
    0.4842   -0.5183   -0.7049
...    66 C-G ...
  -83.8970 -140.4339   14.7957
    0.2361   -0.6699    0.7039
   -0.7794   -0.5632   -0.2746
    0.5803   -0.4837   -0.6551
...    67 G-C ...
  -82.6909 -142.7149   12.4441
   -0.2654   -0.8551    0.4454
   -0.7312   -0.1226   -0.6710
    0.6284   -0.5038   -0.5927
...    68 G-C ...
  -80.4254 -144.5109   10.6927
   -0.6425   -0.7661    0.0155
   -0.4557    0.3657   -0.8115
    0.6160   -0.5285   -0.5841
...    69 G-C ...
  -78.3798 -146.4671    8.9170
   -0.8279   -0.4025   -0.3906
   -0.0144    0.7114   -0.7027
    0.5607   -0.5761   -0.5948
...    70 A-T ...
  -76.4676 -148.6065    7.1590
   -0.6573    0.1001   -0.7469
    0.4789    0.8208   -0.3114
    0.5819   -0.5624   -0.5875
...    71 T-A ...
  -74.9621 -150.8962    5.3064
   -0.3226    0.5203   -0.7907
    0.7433    0.6564    0.1287
    0.5860   -0.5462   -0.5985
...    72 C-G ...
  -73.1999 -152.7622    3.2244
    0.1528    0.8257   -0.5431
    0.7794    0.2372    0.5799
    0.6076   -0.5119   -0.6073
...    73 C-G ...
  -71.3610 -154.7452    1.3230
    0.4114    0.9090   -0.0668
    0.5778   -0.2034    0.7904
    0.7049   -0.3637   -0.6089
...    74 G-C ...
  -68.6938 -155.8291   -0.3287
    0.4950    0.7335    0.4658
    0.3216   -0.6527    0.6860
    0.8071   -0.1898   -0.5590
...    75 C-G ...
  -65.9619 -155.8955   -2.4376
    0.5597    0.2446    0.7918
    0.0096   -0.9573    0.2889
    0.8287   -0.1541   -0.5381
...    76 T-A ...
  -62.7968 -155.8544   -3.8924
    0.4493   -0.3276    0.8311
   -0.2334   -0.9411   -0.2448
    0.8623   -0.0840   -0.4993
...    77 T-A ...
  -59.8509 -155.7975   -5.2945
    0.2628   -0.8145    0.5172
   -0.4319   -0.5786   -0.6919
    0.8628   -0.0415   -0.5038
...    78 T-A ...
  -56.8809 -155.7323   -6.6415
    0.0156   -0.9999    0.0048
   -0.5059   -0.0120   -0.8625
    0.8624    0.0110   -0.5061
...    79 A-T ...
  -54.5112 -155.2209   -8.9083
   -0.1520   -0.7883   -0.5962
   -0.4508    0.5921   -0.6680
    0.8796    0.1672   -0.4454
...    80 A-T ...
  -51.5958 -154.7502  -10.1925
   -0.3392   -0.3072   -0.8892
   -0.3248    0.9253   -0.1958
    0.8829    0.2224   -0.4136
...    81 C-G ...
  -48.5368 -154.5923  -11.5931
   -0.4598    0.2316   -0.8573
   -0.1139    0.9420    0.3156
    0.8807    0.2427   -0.4068
...    82 A-T ...
  -45.6393 -153.8393  -12.9685
   -0.5228    0.6918   -0.4981
    0.1420    0.6468    0.7493
    0.8406    0.3210   -0.4364
...    83 C-G ...
  -43.1492 -152.9546  -15.0048
   -0.4217    0.9060   -0.0357
    0.3757    0.2104    0.9025
    0.8253    0.3672   -0.4291
...    84 T-A ...
  -40.6383 -151.3778  -16.9675
   -0.2403    0.8262    0.5095
    0.5457   -0.3191    0.7749
    0.8028    0.4642   -0.3741
...    85 T-A ...
  -38.3196 -149.5779  -18.3241
    0.0631    0.4923    0.8681
    0.5938   -0.7177    0.3638
    0.8021    0.4925   -0.3376
...    86 T-A ...
  -35.8317 -147.8171  -19.3136
    0.3163   -0.0093    0.9486
    0.4886   -0.8556   -0.1713
    0.8132    0.5176   -0.2660
...    87 A-T ...
  -33.0407 -146.1854  -19.9828
    0.4513   -0.5184    0.7264
    0.2866   -0.6866   -0.6681
    0.8451    0.5097   -0.1613
...    88 T-A ...
  -30.5119 -144.0628  -19.9039
    0.5424   -0.7855    0.2979
    0.0419   -0.3289   -0.9434
    0.8391    0.5242   -0.1455
...    89 C-G ...
  -27.6804 -142.3576  -20.1573
    0.4472   -0.8249   -0.3458
   -0.2807    0.2376   -0.9299
    0.8493    0.5129   -0.1252
...    90 A-T ...
  -24.8707 -140.5270  -20.3606
    0.1653   -0.6015   -0.7815
   -0.4328    0.6678   -0.6056
    0.8862    0.4383   -0.1499
...    91 T-A ...
  -21.7783 -139.5224  -20.6410
   -0.0747   -0.1906   -0.9788
   -0.4618    0.8766   -0.1354
    0.8838    0.4419   -0.1535
...    92 G-C ...
  -18.6532 -138.2054  -21.1379
   -0.3656    0.3351   -0.8684
   -0.3705    0.8035    0.4660
    0.8539    0.4921   -0.1696
...    93 T-A ...
  -15.6694 -137.0496  -22.0887
   -0.5155    0.6971   -0.4983
   -0.1528    0.4975    0.8539
    0.8432    0.5163   -0.1499
...    94 T-A ...
  -13.0956 -135.3810  -22.7723
   -0.5819    0.8124    0.0367
    0.1333    0.0507    0.9898
    0.8023    0.5808   -0.1378
...    95 A-T ...
  -10.6406 -133.2848  -23.0908
   -0.5727    0.6210    0.5351
    0.4142   -0.3441    0.8426
    0.7075    0.7042   -0.0601
...    96 T-A ...
   -8.8619 -130.6911  -23.7455
   -0.3225    0.3566    0.8769
    0.6443   -0.5960    0.4793
    0.6935    0.7195   -0.0375
...    97 A-T ...
   -6.7168 -128.2590  -23.6032
   -0.0718   -0.0998    0.9924
    0.7663   -0.6424   -0.0091
    0.6384    0.7599    0.1226
...    98 A-T ...
   -4.9242 -125.7389  -23.0387
    0.3032   -0.4686    0.8298
    0.7195   -0.4584   -0.5218
    0.6248    0.7552    0.1981
...    99 C-G ...
   -3.2879 -123.0346  -21.6792
    0.6400   -0.6433    0.4202
    0.4591   -0.1183   -0.8805
    0.6161    0.7564    0.2196
...   100 G-C ...
   -0.9764 -120.7961  -21.0860
    0.7599   -0.6259   -0.1756
    0.0560    0.3321   -0.9416
    0.6477    0.7056    0.2874
...   101 G-C ...
    1.3519 -118.7166  -20.0355
    0.6326   -0.4067   -0.6592
   -0.3222    0.6358   -0.7014
    0.7043    0.6560    0.2712
...   102 A-T ...
    3.7865 -116.7184  -18.8769
    0.3288    0.0753   -0.9414
   -0.6446    0.7464   -0.1655
    0.6902    0.6612    0.2939
...   103 T-A ...
    6.4209 -115.0674  -17.9215
   -0.0321    0.4453   -0.8948
   -0.7308    0.6002    0.3250
    0.6818    0.6644    0.3062
...   104 G-C ...
    8.8002 -112.8689  -17.1740
   -0.5333    0.6496   -0.5418
   -0.5431    0.2281    0.8081
    0.6486    0.7252    0.2312
...   105 C-G ...
   10.7592 -110.3213  -16.9048
   -0.7913    0.6091   -0.0536
   -0.1972   -0.1713    0.9653
    0.5788    0.7744    0.2556
...   106 T-A ...
   12.6239 -107.4810  -16.4511
   -0.8055    0.3609    0.4699
    0.2816   -0.4645    0.8396
    0.5213    0.8087    0.2726
...   107 T-A ...
   14.0848 -104.7579  -15.6762
   -0.5711   -0.0204    0.8206
    0.6882   -0.5569    0.4651
    0.4475    0.8304    0.3321
...   108 C-G ...
   15.2177 -101.9625  -14.4123
   -0.1427   -0.3967    0.9068
    0.9058   -0.4217   -0.0420
    0.3990    0.8154    0.4195
...   109 C-G ...
   16.2791  -99.2977  -12.8113
    0.2954   -0.6432    0.7064
    0.8680   -0.1283   -0.4797
    0.3992    0.7549    0.5204
...   110 G-C ...
   17.8110  -97.2505  -11.1346
    0.6524   -0.6875    0.3189
    0.6332    0.2632   -0.7278
    0.4165    0.6768    0.6071
...   111 G-C ...
   19.4674  -95.4851   -8.7575
    0.8777   -0.4541   -0.1530
    0.1988    0.6356   -0.7460
    0.4360    0.6244    0.6481
...   112 C-G ...
   21.1046  -93.9086   -6.2814
    0.8340   -0.0431   -0.5500
   -0.3083    0.7905   -0.5293
    0.4576    0.6110    0.6460
...   113 T-A ...
   22.6782  -92.0350   -4.0687
    0.5459    0.3864   -0.7434
   -0.7020    0.6953   -0.1541
    0.4574    0.6060    0.6508
...   114 C-G ...
   24.1201  -89.9841   -1.8521
    0.0183    0.7157   -0.6981
   -0.8971    0.3201    0.3045
    0.4414    0.6207    0.6480
...   115 G-C ...
   25.0860  -87.9132    0.5575
   -0.5386    0.7162   -0.4438
   -0.7552   -0.1767    0.6313
    0.3737    0.6751    0.6360
...   116 T-A ...
   26.4262  -85.2853    2.0546
   -0.8782    0.4710   -0.0832
   -0.3591   -0.5346    0.7650
    0.3158    0.7017    0.6386
...   117 A-T ...
   27.3400  -82.4136    3.7488
   -0.9643    0.0032    0.2648
    0.1913   -0.6833    0.7047
    0.1832    0.7302    0.6583
...   118 T-A ...
   27.5583  -79.6385    5.3864
   -0.7494   -0.3467    0.5641
    0.6408   -0.5943    0.4859
    0.1668    0.7256    0.6676
...   119 A-T ...
   27.9781  -77.3617    7.7204
   -0.3128   -0.6917    0.6509
    0.9466   -0.2836    0.1534
    0.0785    0.6641    0.7435
...   120 A-T ...
   27.8682  -75.2740   10.1873
    0.2604   -0.7649    0.5891
    0.9636    0.1680   -0.2078
    0.0600    0.6218    0.7809
...   121 T-A ...
   27.4404  -73.5195   12.9918
    0.7183   -0.5682    0.4015
    0.6943    0.5482   -0.4663
    0.0448    0.6137    0.7883
...   122 G-C ...
   27.5448  -71.6782   15.8544
    0.9851   -0.1718    0.0103
    0.1446    0.7939   -0.5906
    0.0933    0.5833    0.8069
...   123 T-A ...
   27.9287  -70.2233   18.7789
    0.9260    0.2539   -0.2793
   -0.3669    0.7795   -0.5077
    0.0888    0.5726    0.8150
...   124 G-C ...
   28.2869  -68.3644   21.5181
    0.5354    0.6374   -0.5541
   -0.8344    0.5007   -0.2304
    0.1306    0.5857    0.7999
...   125 T-A ...
   29.1728  -66.7200   24.1559
    0.0226    0.7870   -0.6166
   -0.9914    0.0969    0.0874
    0.1286    0.6093    0.7824
...   126 C-G ...
   29.6356  -64.7667   26.6133
   -0.5618    0.6968   -0.4460
   -0.8172   -0.3833    0.4304
    0.1290    0.6062    0.7847
...   127 G-C ...
   29.5287  -62.9899   29.3782
   -0.9042    0.3023   -0.3017
   -0.4264   -0.6785    0.5981
   -0.0239    0.6695    0.7424
...   128 A-T ...
   29.5975  -60.8879   31.7188
   -0.9842   -0.1560    0.0831
    0.1726   -0.7462    0.6430
   -0.0383    0.6472    0.7613
...   129 C-G ...
   29.1232  -58.2918   33.6888
   -0.7472   -0.5568    0.3629
    0.6590   -0.5492    0.5140
   -0.0869    0.6232    0.7773
...   130 C-G ...
   28.0341  -56.2682   36.2322
   -0.2978   -0.8338    0.4649
    0.9388   -0.1676    0.3008
   -0.1728    0.5260    0.8327
...   131 A-T ...
   27.8007  -54.9261   39.2829
    0.2697   -0.8692    0.4145
    0.9460    0.3196    0.0548
   -0.1801    0.3773    0.9084
...   132 A-T ...
   27.0761  -53.9191   42.3171
    0.7567   -0.5439    0.3628
    0.6270    0.7608   -0.1672
   -0.1851    0.3540    0.9168
...   133 A-T ...
   26.2540  -53.1137   45.3960
    0.9710    0.0261    0.2378
    0.0622    0.9323   -0.3562
   -0.2310    0.3606    0.9036
...   134 T-A ...
   25.6208  -52.5913   48.6400
    0.8597    0.5097    0.0340
   -0.4497    0.7866   -0.4231
   -0.2424    0.3485    0.9054
...   135 G-C ...
   25.2756  -52.5096   52.0792
    0.3204    0.9427   -0.0928
   -0.8825    0.2614   -0.3910
   -0.3443    0.2071    0.9157
...   136 T-A ...
   25.5257  -52.9787   55.8050
   -0.2439    0.9563   -0.1610
   -0.8908   -0.2866   -0.3525
   -0.3833    0.0575    0.9218
...   137 G-C ...
   24.8932  -52.7377   58.9865
   -0.7529    0.5562   -0.3519
   -0.5215   -0.8303   -0.1966
   -0.4015    0.0355    0.9152
...   138 A-T ...
   24.0142  -51.6374   61.9242
   -0.9563    0.0401   -0.2896
   -0.0524   -0.9980    0.0347
   -0.2876    0.0484    0.9565
...   139 G-C ...
   22.3466  -51.2411   64.4940
   -0.8529   -0.5118   -0.1033
    0.4974   -0.8566    0.1373
   -0.1587    0.0657    0.9851
...   140 C-G ...
   22.1502  -50.1498   67.4639
   -0.4681   -0.8748    0.1248
    0.8495   -0.4066    0.3362
   -0.2434    0.2634    0.9335
...   141 G-C ...
   21.4256  -51.8266   72.7876
    0.1303   -0.7143   -0.6876
    0.8897   -0.2218    0.3990
   -0.4375   -0.6638    0.6066
...   142 C-G ...
   20.4245  -54.3095   74.5419
    0.5846   -0.7390   -0.3348
    0.7594    0.3532    0.5465
   -0.2856   -0.5737    0.7676
...   143 T-A ...
   18.4270  -55.5290   76.5299
    0.8548   -0.5005    0.1370
    0.3188    0.7148    0.6224
   -0.4095   -0.4884    0.7706
...   144 C-G ...
   16.8371  -57.7222   78.2674
    0.8529   -0.0846    0.5151
   -0.1508    0.9048    0.3983
   -0.4998   -0.4174    0.7589
...   145 A-T ...
   15.7828  -59.5615   80.7981
    0.5516    0.4995    0.6680
   -0.6739    0.7388    0.0039
   -0.4916   -0.4523    0.7441
...   146 C-G ...
   15.7314  -61.4940   83.9317
    0.0344    0.7399    0.6718
   -0.8637    0.3602   -0.3526
   -0.5029   -0.5681    0.6514
...   147 A-T ...
   14.7383  -63.4279   86.8193
   -0.5924    0.6746    0.4405
   -0.6886   -0.1401   -0.7114
   -0.4182   -0.7248    0.5475
