  147 base-pairs
...     1 T-A ...
    0.0000    0.0000    0.0000
    1.0000    0.0000    0.0000
    0.0000    1.0000    0.0000
    0.0000    0.0000    1.0000
...     2 G-C ...
   -0.5555   -1.1003    3.3981
    0.7749    0.6051    0.1828
   -0.5991    0.7953   -0.0929
   -0.2016   -0.0375    0.9787
...     3 T-A ...
   -0.6619   -3.0237    6.5348
    0.3046    0.9250    0.2271
   -0.8994    0.3578   -0.2510
   -0.3134   -0.1278    0.9410
...     4 G-C ...
   -1.1607   -3.8418    9.6940
   -0.3351    0.9421    0.0133
   -0.8752   -0.3061   -0.3746
   -0.3489   -0.1372    0.9271
...     5 A-T ...
   -1.3881   -3.6770   12.8999
   -0.7835    0.6162   -0.0801
   -0.5677   -0.7622   -0.3109
   -0.2527   -0.1981    0.9470
...     6 G-C ...
   -2.6236   -3.5448   15.7072
   -0.9923    0.0611   -0.1075
   -0.0294   -0.9610   -0.2748
   -0.1201   -0.2695    0.9555
...     7 C-G ...
   -2.3138   -3.7570   18.8866
   -0.8620   -0.4995   -0.0864
    0.5008   -0.8655    0.0073
   -0.0785   -0.0370    0.9962
...     8 G-C ...
   -3.9561   -6.8109   23.3205
   -0.2581   -0.3560   -0.8981
    0.6294   -0.7673    0.1233
   -0.7330   -0.5335    0.4221
...     9 C-G ...
   -6.1177   -8.9414   24.2385
    0.1143   -0.7320   -0.6716
    0.8123   -0.3203    0.4874
   -0.5720   -0.6013    0.5580
...    10 T-A ...
   -8.5041   -9.6771   26.0540
    0.4660   -0.8587   -0.2131
    0.6274    0.1508    0.7640
   -0.6239   -0.4897    0.6090
...    11 C-G ...
  -11.0625  -11.3174   27.2336
    0.6660   -0.6911    0.2808
    0.3382    0.6152    0.7121
   -0.6649   -0.3794    0.6435
...    12 A-T ...
  -13.0013  -13.1789   29.0658
    0.7188   -0.1490    0.6790
   -0.1787    0.9043    0.3876
   -0.6718   -0.4000    0.6235
...    13 C-G ...
  -14.1788  -15.9359   31.3399
    0.4052    0.2865    0.8682
   -0.5270    0.8492   -0.0343
   -0.7470   -0.4437    0.4951
...    14 A-T ...
  -15.9532  -18.1566   33.3080
   -0.1503    0.6873    0.7107
   -0.6106    0.5008   -0.6135
   -0.7776   -0.5261    0.3444
...    15 A-T ...
  -18.3210  -19.9470   34.6294
   -0.4775    0.8456    0.2388
   -0.4023    0.0312   -0.9150
   -0.7811   -0.5330    0.3253
...    16 T-A ...
  -20.6695  -21.5213   36.3071
   -0.6058    0.7532   -0.2563
   -0.1018   -0.3929   -0.9139
   -0.7891   -0.5275    0.3147
...    17 T-A ...
  -23.2465  -23.0669   37.5101
   -0.5355    0.4211   -0.7320
    0.2573   -0.7442   -0.6164
   -0.8044   -0.5185    0.2901
...    18 T-A ...
  -25.9598  -24.5194   38.5017
   -0.2713   -0.0431   -0.9615
    0.5070   -0.8556   -0.1047
   -0.8181   -0.5159    0.2540
...    19 A-T ...
  -28.8539  -26.0810   39.0491
    0.1624   -0.4306   -0.8878
    0.5346   -0.7179    0.4460
   -0.8294   -0.5470    0.1136
...    20 T-A ...
  -31.8323  -27.4498   38.9256
    0.4232   -0.7206   -0.5492
    0.3716   -0.4148    0.8306
   -0.8263   -0.5556    0.0923
...    21 T-A ...
  -34.5675  -29.1920   38.9286
    0.5629   -0.8264    0.0129
    0.0559    0.0537    0.9970
   -0.8246   -0.5605    0.0765
...    22 C-G ...
  -37.1662  -31.1811   39.0753
    0.5060   -0.6270    0.5923
   -0.3066    0.5111    0.8030
   -0.8062   -0.5879    0.0664
...    23 G-C ...
  -39.9207  -32.9766   39.6906
    0.3053   -0.1853    0.9341
   -0.5739    0.7469    0.3357
   -0.7599   -0.6386    0.1217
...    24 C-G ...
  -42.1570  -35.3987   40.1191
   -0.0414    0.2713    0.9616
   -0.6550    0.7194   -0.2312
   -0.7545   -0.6395    0.1479
...    25 A-T ...
  -44.8340  -37.3275   40.4942
   -0.3609    0.6788    0.6395
   -0.5203    0.4225   -0.7421
   -0.7740   -0.6006    0.2008
...    26 A-T ...
  -47.2244  -39.3438   41.3873
   -0.6058    0.7888    0.1034
   -0.2069   -0.0308   -0.9779
   -0.7682   -0.6138    0.1818
...    27 A-T ...
  -49.7111  -41.2544   42.2269
   -0.6143    0.6338   -0.4699
    0.1841   -0.4640   -0.8665
   -0.7673   -0.6188    0.1684
...    28 G-C ...
  -52.3988  -43.0444   42.9363
   -0.3634    0.3501   -0.8634
    0.4797   -0.7241   -0.4955
   -0.7986   -0.5943    0.0952
...    29 G-C ...
  -55.3197  -44.7146   43.2091
    0.0365   -0.0236   -0.9991
    0.5836   -0.8111    0.0405
   -0.8112   -0.5845   -0.0158
...    30 C-G ...
  -58.2148  -46.2627   42.8911
    0.3977   -0.4138   -0.8189
    0.4573   -0.6844    0.5679
   -0.7954   -0.6003   -0.0829
...    31 C-G ...
  -60.8919  -48.1780   42.1470
    0.6594   -0.6496   -0.3783
    0.1428   -0.3859    0.9114
   -0.7381   -0.6550   -0.1617
...    32 G-C ...
  -63.1311  -50.6422   41.8184
    0.7106   -0.6727    0.2063
   -0.2905   -0.0135    0.9568
   -0.6409   -0.7398   -0.2050
...    33 G-C ...
  -64.9428  -53.3445   40.9088
    0.4849   -0.5159    0.7063
   -0.6588    0.3157    0.6829
   -0.5752   -0.7964   -0.1868
...    34 C-G ...
  -66.4556  -56.2175   40.1987
    0.0579   -0.2356    0.9701
   -0.8318    0.5260    0.1774
   -0.5521   -0.8172   -0.1655
...    35 C-G ...
  -68.0988  -59.1465   39.8499
   -0.3824    0.1366    0.9139
   -0.7413    0.5450   -0.3916
   -0.5516   -0.8272   -0.1071
...    36 C-G ...
  -69.8516  -62.0329   39.7592
   -0.6974    0.4593    0.5502
   -0.4150    0.3672   -0.8324
   -0.5843   -0.8089   -0.0655
...    37 G-C ...
  -71.9181  -64.5919   39.1141
   -0.7576    0.6526   -0.0132
    0.0534    0.0419   -0.9977
   -0.6506   -0.7565   -0.0666
...    38 A-T ...
  -74.0310  -67.0976   38.9958
   -0.5598    0.5765   -0.5952
    0.4978   -0.3403   -0.7977
   -0.6624   -0.7429   -0.0965
...    39 C-G ...
  -76.5897  -69.1884   39.0265
   -0.1922    0.3448   -0.9188
    0.7182   -0.5886   -0.3711
   -0.6688   -0.7312   -0.1346
...    40 A-T ...
  -78.7795  -71.6528   38.4756
    0.3266    0.0566   -0.9435
    0.6883   -0.6984    0.1963
   -0.6478   -0.7135   -0.2671
...    41 C-G ...
  -81.2070  -73.5090   37.2732
    0.6694   -0.2698   -0.6922
    0.4130   -0.6394    0.6486
   -0.6176   -0.7200   -0.3165
...    42 G-C ...
  -82.9841  -76.1518   36.2537
    0.8693   -0.4615   -0.1772
   -0.0474   -0.4346    0.8994
   -0.4921   -0.7734   -0.3996
...    43 A-T ...
  -84.4302  -78.7127   34.8265
    0.7030   -0.5899    0.3972
   -0.5591   -0.1132    0.8213
   -0.4396   -0.7995   -0.4094
...    44 C-G ...
  -85.3223  -81.3790   33.0784
    0.3199   -0.5408    0.7780
   -0.8566    0.1857    0.4813
   -0.4048   -0.8204   -0.4039
...    45 T-A ...
  -86.2957  -84.2685   31.7779
   -0.1691   -0.3276    0.9295
   -0.9129    0.4076   -0.0224
   -0.3716   -0.8523   -0.3680
...    46 T-A ...
  -87.2022  -87.1775   30.6203
   -0.6826   -0.0674    0.7276
   -0.6449    0.5239   -0.5565
   -0.3437   -0.8491   -0.4011
...    47 A-T ...
  -88.4803  -89.7478   28.8101
   -0.9557    0.2384    0.1725
   -0.0442    0.4631   -0.8852
   -0.2909   -0.8537   -0.4320
...    48 C-G ...
  -89.5876  -92.7746   27.9465
   -0.8320    0.4550   -0.3175
    0.4700    0.2739   -0.8391
   -0.2948   -0.8473   -0.4417
...    49 T-A ...
  -90.8427  -95.5641   26.6501
   -0.4410    0.5766   -0.6878
    0.8414   -0.0012   -0.5405
   -0.3125   -0.8170   -0.4846
...    50 G-C ...
  -91.8180  -98.2065   24.8655
    0.1389    0.5746   -0.8066
    0.9439   -0.3232   -0.0676
   -0.2995   -0.7520   -0.5872
...    51 T-A ...
  -93.3069 -100.3114   22.8227
    0.6198    0.3713   -0.6914
    0.7403   -0.5690    0.3580
   -0.2605   -0.7337   -0.6276
...    52 A-T ...
  -94.1580 -102.4489   20.4042
    0.9499    0.1372   -0.2807
    0.2920   -0.7092    0.6417
   -0.1111   -0.6915   -0.7138
...    53 G-C ...
  -94.3922 -104.4561   17.8018
    0.9715   -0.1755    0.1592
   -0.2368   -0.7008    0.6728
   -0.0065   -0.6914   -0.7224
...    54 G-C ...
  -93.9071 -106.5943   15.2399
    0.6931   -0.4479    0.5649
   -0.7126   -0.5444    0.4426
    0.1093   -0.7093   -0.6964
...    55 T-A ...
  -92.9357 -108.6704   12.8700
    0.2185   -0.6439    0.7332
   -0.9651   -0.2537    0.0648
    0.1443   -0.7218   -0.6769
...    56 A-T ...
  -92.7511 -111.1368   10.6004
   -0.4229   -0.6722    0.6076
   -0.8894    0.1797   -0.4203
    0.1734   -0.7182   -0.6739
...    57 T-A ...
  -91.6373 -113.6923    8.8052
   -0.8138   -0.5060    0.2857
   -0.5463    0.4986   -0.6730
    0.1981   -0.7038   -0.6822
...    58 C-G ...
  -90.9795 -116.1003    6.6550
   -0.9773   -0.1143   -0.1784
    0.0472    0.7032   -0.7094
    0.2065   -0.7017   -0.6819
...    59 T-A ...
  -90.4724 -118.6358    4.5633
   -0.8081    0.2980   -0.5080
    0.5586    0.6614   -0.5005
    0.1869   -0.6883   -0.7010
...    60 C-G ...
  -89.8938 -120.9753    2.3266
   -0.3295    0.6497   -0.6850
    0.9231    0.3740   -0.0893
    0.1982   -0.6618   -0.7230
...    61 G-C ...
  -88.8645 -123.1179   -0.0222
    0.1952    0.8358   -0.5132
    0.9492   -0.0294    0.3132
    0.2467   -0.5483   -0.7991
...    62 A-T ...
  -88.1437 -124.8793   -2.6555
    0.6790    0.7112   -0.1821
    0.6694   -0.4980    0.5512
    0.3013   -0.4962   -0.8142
...    63 G-C ...
  -87.2004 -126.1837   -5.5214
    0.8845    0.4147    0.2140
    0.2396   -0.7971    0.5542
    0.4004   -0.4389   -0.8044
...    64 C-G ...
  -85.7332 -127.0983   -8.3095
    0.8433   -0.0351    0.5363
   -0.2475   -0.9111    0.3296
    0.4771   -0.4107   -0.7770
...    65 T-A ...
  -83.8348 -128.1237  -10.7932
    0.5541   -0.4631    0.6918
   -0.6121   -0.7899   -0.0386
    0.5643   -0.4020   -0.7211
...    66 C-G ...
  -81.7851 -129.4872  -12.9376
    0.0811   -0.8240    0.5607
   -0.7916   -0.3951   -0.4662
    0.6057   -0.4060   -0.6843
...    67 G-C ...
  -80.0934 -131.2039  -15.2598
   -0.4152   -0.8776    0.2396
   -0.6516    0.1030   -0.7516
    0.6349   -0.4682   -0.6146
...    68 G-C ...
  -77.8860 -133.0178  -17.0661
   -0.7277   -0.6577   -0.1946
   -0.2939    0.5553   -0.7779
    0.6198   -0.5089   -0.5974
...    69 G-C ...
  -75.7877 -134.9294  -18.9018
   -0.7903   -0.2201   -0.5719
    0.1616    0.8253   -0.5411
    0.5911   -0.5200   -0.6166
...    70 A-T ...
  -73.7801 -136.7163  -20.8013
   -0.5413    0.3171   -0.7787
    0.5847    0.8075   -0.0776
    0.6043   -0.4973   -0.6225
...    71 T-A ...
  -72.2854 -138.7979  -22.8837
   -0.1668    0.6819   -0.7121
    0.7658    0.5445    0.3421
    0.6210   -0.4883   -0.6131
...    72 C-G ...
  -70.3109 -140.4626  -24.9004
    0.2715    0.8995   -0.3423
    0.7072    0.0548    0.7049
    0.6528   -0.4334   -0.6213
...    73 C-G ...
  -68.3335 -141.8176  -27.2778
    0.5088    0.8453    0.1631
    0.4601   -0.4271    0.7784
    0.7276   -0.3210   -0.6062
...    74 G-C ...
  -65.6878 -142.8146  -29.0522
    0.5284    0.5385    0.6564
    0.1552   -0.8214    0.5489
    0.8347   -0.1882   -0.5176
...    75 C-G ...
  -62.8745 -142.8450  -30.7432
    0.4618    0.0350    0.8863
   -0.1125   -0.9888    0.0977
    0.8798   -0.1448   -0.4527
...    76 T-A ...
  -59.8191 -142.9527  -31.9682
    0.2639   -0.4698    0.8424
   -0.2729   -0.8740   -0.4020
    0.9252   -0.1238   -0.3588
...    77 T-A ...
  -56.7183 -143.1345  -32.9035
    0.0717   -0.8836    0.4628
   -0.3487   -0.4569   -0.8183
    0.9345   -0.1027   -0.3409
...    78 T-A ...
  -53.5637 -143.3504  -33.6864
   -0.0984   -0.9892   -0.1087
   -0.3156    0.1346   -0.9393
    0.9438   -0.0581   -0.3254
...    79 A-T ...
  -50.5367 -143.1437  -35.2299
   -0.1919   -0.6627   -0.7239
   -0.1952    0.7487   -0.6336
    0.9618    0.0198   -0.2730
...    80 A-T ...
  -47.3475 -143.3366  -35.9078
   -0.2123   -0.1017   -0.9719
   -0.0776    0.9932   -0.0870
    0.9741    0.0570   -0.2188
...    81 C-G ...
  -44.1420 -143.7339  -36.7135
   -0.2325    0.4341   -0.8703
    0.0268    0.8974    0.4405
    0.9722    0.0791   -0.2202
...    82 A-T ...
  -40.8901 -143.3176  -37.2576
   -0.2800    0.8516   -0.4433
    0.1426    0.4935    0.8580
    0.9494    0.1770   -0.2596
...    83 C-G ...
  -37.9721 -142.8535  -38.6679
   -0.2234    0.9722    0.0704
    0.2589   -0.0105    0.9659
    0.9397    0.2340   -0.2493
...    84 T-A ...
  -35.0406 -141.8193  -39.7342
   -0.1667    0.8023    0.5732
    0.3513   -0.4948    0.7948
    0.9213    0.3339   -0.1993
...    85 T-A ...
  -32.1838 -140.5152  -40.4397
   -0.0136    0.3821    0.9240
    0.4031   -0.8436    0.3548
    0.9151    0.3773   -0.1425
...    86 T-A ...
  -29.3449 -139.0380  -40.8218
    0.1604   -0.1593    0.9741
    0.3726   -0.9041   -0.2092
    0.9140    0.3965   -0.0857
...    87 A-T ...
  -26.3341 -137.6330  -40.7241
    0.2367   -0.6720    0.7017
    0.2875   -0.6414   -0.7113
    0.9281    0.3701    0.0414
...    88 T-A ...
  -23.5056 -136.1257  -39.9588
    0.3553   -0.9010    0.2489
    0.1461   -0.2095   -0.9668
    0.9233    0.3798    0.0572
...    89 G-C ...
  -20.3636 -135.0774  -39.9961
    0.3309   -0.8724   -0.3596
   -0.0422    0.3670   -0.9293
    0.9427    0.3227    0.0847
...    90 C-G ...
  -17.1749 -134.2902  -39.4315
    0.2456   -0.5273   -0.8134
   -0.2061    0.7915   -0.5753
    0.9472    0.3090    0.0857
...    91 T-A ...
  -13.9458 -133.5737  -39.0947
    0.0819   -0.0291   -0.9962
   -0.3071    0.9502   -0.0530
    0.9482    0.3103    0.0689
...    92 T-A ...
  -10.7784 -132.8599  -38.8267
   -0.0796    0.5333   -0.8422
   -0.3275    0.7840    0.5274
    0.9415    0.3178    0.1123
...    93 C-G ...
   -7.6583 -131.9088  -38.4662
   -0.2957    0.8771   -0.3786
   -0.2408    0.3151    0.9180
    0.9244    0.3626    0.1180
...    94 C-G ...
   -4.5037 -130.7144  -38.3993
   -0.4871    0.8608    0.1475
   -0.0559   -0.1993    0.9783
    0.8716    0.4683    0.1452
...    95 G-C ...
   -1.6850 -129.1211  -37.6092
   -0.5896    0.5297    0.6097
    0.2290   -0.6143    0.7551
    0.7745    0.5849    0.2409
...    96 G-C ...
    0.5699 -126.7443  -36.8344
   -0.4805    0.0541    0.8753
    0.5345   -0.7732    0.3412
    0.6953    0.6318    0.3426
...    97 C-G ...
    2.3916 -124.3247  -35.5558
   -0.1723   -0.4078    0.8966
    0.7370   -0.6573   -0.1573
    0.6536    0.6337    0.4139
...    98 T-A ...
    4.1979 -122.1378  -33.8715
    0.1874   -0.7313    0.6558
    0.7602   -0.3148   -0.5683
    0.6221    0.6051    0.4969
...    99 T-A ...
    5.9693 -120.1430  -32.0182
    0.5958   -0.7699    0.2285
    0.5324    0.1657   -0.8301
    0.6013    0.6162    0.5087
...   100 C-G ...
    7.9751 -118.2766  -30.2098
    0.7961   -0.5237   -0.3031
    0.0940    0.6019   -0.7930
    0.5978    0.6029    0.5284
...   101 A-T ...
    9.9249 -116.0948  -28.6638
    0.6762   -0.1041   -0.7293
   -0.3728    0.8055   -0.4606
    0.6354    0.5833    0.5059
...   102 T-A ...
   12.3242 -114.7643  -26.8028
    0.4072    0.3374   -0.8487
   -0.6746    0.7376   -0.0305
    0.6157    0.5850    0.5279
...   103 G-C ...
   14.1704 -112.6241  -25.0719
   -0.0971    0.6484   -0.7551
   -0.7902    0.4110    0.4546
    0.6051    0.6408    0.4725
...   104 T-A ...
   16.5739 -110.6576  -23.9325
   -0.5128    0.7429   -0.4302
   -0.6367    0.0070    0.7711
    0.5759    0.6694    0.4694
...   105 T-A ...
   18.5347 -108.4428  -22.6253
   -0.7988    0.5992    0.0536
   -0.2511   -0.4131    0.8754
    0.5467    0.6858    0.4805
...   106 A-T ...
   20.1210 -105.8678  -21.2336
   -0.8900    0.1717    0.4224
    0.2238   -0.6426    0.7328
    0.3973    0.7467    0.5334
...   107 T-A ...
   21.0297 -103.0311  -19.8985
   -0.6805   -0.1928    0.7069
    0.6351   -0.6364    0.4377
    0.3655    0.7468    0.5556
...   108 A-T ...
   21.7757 -100.4678  -17.9033
   -0.2894   -0.6098    0.7378
    0.9181   -0.3948    0.0338
    0.2707    0.6872    0.6742
...   109 A-T ...
   22.3421  -98.2477  -15.6156
    0.2653   -0.7374    0.6211
    0.9306    0.0275   -0.3649
    0.2520    0.6749    0.6936
...   110 C-G ...
   22.6222  -96.2639  -12.9744
    0.7021   -0.6318    0.3283
    0.6677    0.4241   -0.6119
    0.2474    0.6488    0.7196
...   111 G-C ...
   23.8139  -94.0489  -10.7827
    0.9353   -0.3322   -0.1216
    0.1787    0.7403   -0.6481
    0.3053    0.5845    0.7518
...   112 G-C ...
   24.9589  -92.3588   -8.0942
    0.8647    0.0962   -0.4930
   -0.3525    0.8153   -0.4593
    0.3578    0.5709    0.7389
...   113 A-T ...
   26.1528  -90.5869   -5.5979
    0.4869    0.5565   -0.6732
   -0.7982    0.5965   -0.0841
    0.3548    0.5783    0.7346
...   114 C-G ...
   27.8610  -88.9489   -3.2656
   -0.0072    0.7775   -0.6288
   -0.9375    0.2136    0.2748
    0.3480    0.5915    0.7273
...   115 G-C ...
   28.6150  -86.9851   -0.6734
   -0.5595    0.6936   -0.4537
   -0.7806   -0.2570    0.5697
    0.2786    0.6729    0.6853
...   116 T-A ...
   29.8421  -84.5033    1.1171
   -0.8925    0.4323   -0.1288
   -0.3853   -0.5820    0.7161
    0.2346    0.6887    0.6860
...   117 A-T ...
   30.4339  -82.0143    3.2400
   -0.9818   -0.0479    0.1837
    0.1635   -0.7051    0.6900
    0.0964    0.7075    0.7001
...   118 T-A ...
   30.4112  -79.3090    5.0771
   -0.7771   -0.4103    0.4773
    0.6257   -0.5858    0.5151
    0.0682    0.6989    0.7120
...   119 A-T ...
   30.1971  -77.0027    7.4706
   -0.3263   -0.7543    0.5698
    0.9449   -0.2432    0.2191
   -0.0267    0.6099    0.7921
...   120 A-T ...
   29.8017  -75.0947   10.0551
    0.2527   -0.7749    0.5793
    0.9666    0.2279   -0.1168
   -0.0415    0.5895    0.8067
...   121 T-A ...
   29.0569  -73.5057   12.8365
    0.7015   -0.5607    0.4400
    0.7112    0.5913   -0.3803
   -0.0469    0.5797    0.8135
...   122 G-C ...
   29.1896  -71.5815   15.5355
    0.9814   -0.1733    0.0822
    0.1904    0.8293   -0.5254
    0.0228    0.5313    0.8469
...   123 T-A ...
   29.3227  -70.3896   18.6353
    0.9368    0.2779   -0.2125
   -0.3480    0.8029   -0.4840
    0.0361    0.5274    0.8489
...   124 G-C ...
   29.4161  -68.3973   21.2802
    0.5649    0.6527   -0.5048
   -0.8203    0.5103   -0.2581
    0.0891    0.5599    0.8237
...   125 T-A ...
   30.2891  -66.7606   24.0413
    0.0538    0.8148   -0.5772
   -0.9951    0.0921    0.0372
    0.0835    0.5724    0.8157
...   126 C-G ...
   30.6599  -64.8612   26.6873
   -0.5397    0.6993   -0.4687
   -0.8395   -0.4055    0.3617
    0.0629    0.5887    0.8059
...   127 G-C ...
   30.5596  -63.0939   29.5108
   -0.9115    0.2886   -0.2929
   -0.4082   -0.7206    0.5604
   -0.0493    0.6304    0.7747
...   128 A-T ...
   30.4040  -60.9580   31.9662
   -0.9768   -0.2108    0.0370
    0.1869   -0.7561    0.6272
   -0.1042    0.6196    0.7780
...   129 C-G ...
   29.7130  -58.5607   34.1010
   -0.7399   -0.5968    0.3103
    0.6557   -0.5370    0.5307
   -0.1501    0.5961    0.7887
...   130 C-G ...
   28.7490  -56.5581   36.6378
   -0.2669   -0.8512    0.4519
    0.9402   -0.1271    0.3160
   -0.2115    0.5092    0.8342
...   131 A-T ...
   28.0053  -55.0247   39.5027
    0.3142   -0.8402    0.4421
    0.9225    0.3802    0.0671
   -0.2244    0.3867    0.8945
...   132 A-T ...
   27.0662  -54.0045   42.4309
    0.7771   -0.4896    0.3955
    0.5871    0.7904   -0.1750
   -0.2269    0.3681    0.9016
...   133 A-T ...
   26.2493  -53.1105   45.4424
    0.9709    0.0420    0.2358
    0.0462    0.9331   -0.3566
   -0.2350    0.3572    0.9040
...   134 T-A ...
   25.6209  -52.5913   48.6400
    0.8597    0.5097    0.0340
   -0.4497    0.7866   -0.4231
   -0.2424    0.3485    0.9054
...   135 G-C ...
   25.2758  -52.5096   52.0791
    0.3204    0.9427   -0.0928
   -0.8825    0.2614   -0.3910
   -0.3443    0.2071    0.9157
...   136 T-A ...
   25.5258  -52.9787   55.8049
   -0.2439    0.9563   -0.1610
   -0.8908   -0.2866   -0.3525
   -0.3833    0.0575    0.9218
...   137 G-C ...
   24.8934  -52.7378   58.9865
   -0.7529    0.5562   -0.3519
   -0.5215   -0.8303   -0.1966
   -0.4015    0.0355    0.9152
...   138 A-T ...
   24.0144  -51.6374   61.9242
   -0.9563    0.0401   -0.2896
   -0.0524   -0.9980    0.0347
   -0.2876    0.0484    0.9565
...   139 G-C ...
   22.3468  -51.2412   64.4940
   -0.8529   -0.5118   -0.1033
    0.4974   -0.8566    0.1373
   -0.1587    0.0657    0.9851
...   140 C-G ...
   22.1504  -50.1499   67.4638
   -0.4681   -0.8748    0.1248
    0.8495   -0.4066    0.3362
   -0.2434    0.2634    0.9335
...   141 G-C ...
   21.4257  -51.8267   72.7876
    0.1303   -0.7143   -0.6876
    0.8897   -0.2218    0.3990
   -0.4375   -0.6638    0.6066
...   142 C-G ...
   20.4246  -54.3095   74.5418
    0.5846   -0.7390   -0.3348
    0.7594    0.3531    0.5465
   -0.2856   -0.5737    0.7676
...   143 T-A ...
   18.4272  -55.5290   76.5299
    0.8548   -0.5005    0.1370
    0.3188    0.7148    0.6224
   -0.4095   -0.4884    0.7706
...   144 C-G ...
   16.8372  -57.7223   78.2674
    0.8529   -0.0846    0.5151
   -0.1508    0.9048    0.3983
   -0.4998   -0.4174    0.7589
...   145 A-T ...
   15.7830  -59.5616   80.7981
    0.5516    0.4995    0.6680
   -0.6739    0.7388    0.0039
   -0.4916   -0.4523    0.7441
...   146 C-G ...
   15.7315  -61.4941   83.9316
    0.0344    0.7399    0.6718
   -0.8637    0.3602   -0.3526
   -0.5029   -0.5681    0.6514
...   147 A-T ...
   14.7384  -63.4279   86.8192
   -0.5924    0.6746    0.4405
   -0.6886   -0.1401   -0.7114
   -0.4182   -0.7248    0.5475
