  147 base-pairs
...     1 T-A ...
    0.0000    0.0000    0.0000
    1.0000    0.0000    0.0000
    0.0000    1.0000    0.0000
    0.0000    0.0000    1.0000
...     2 G-C ...
   -0.5555   -1.1003    3.3981
    0.7749    0.6051    0.1828
   -0.5991    0.7953   -0.0929
   -0.2016   -0.0375    0.9787
...     3 T-A ...
   -0.6619   -3.0237    6.5348
    0.3046    0.9250    0.2271
   -0.8994    0.3578   -0.2510
   -0.3134   -0.1278    0.9410
...     4 G-C ...
   -1.1607   -3.8418    9.6940
   -0.3351    0.9421    0.0133
   -0.8752   -0.3061   -0.3746
   -0.3489   -0.1372    0.9271
...     5 A-T ...
   -1.3881   -3.6770   12.8999
   -0.7835    0.6162   -0.0801
   -0.5677   -0.7622   -0.3109
   -0.2527   -0.1981    0.9470
...     6 G-C ...
   -2.6236   -3.5448   15.7072
   -0.9923    0.0611   -0.1075
   -0.0294   -0.9610   -0.2748
   -0.1201   -0.2695    0.9555
...     7 C-G ...
   -2.3138   -3.7570   18.8866
   -0.8620   -0.4995   -0.0864
    0.5008   -0.8655    0.0073
   -0.0785   -0.0370    0.9962
...     8 G-C ...
   -3.9561   -6.8109   23.3205
   -0.2581   -0.3560   -0.8981
    0.6294   -0.7673    0.1233
   -0.7330   -0.5335    0.4221
...     9 C-G ...
   -6.1177   -8.9414   24.2385
    0.1143   -0.7320   -0.6716
    0.8123   -0.3203    0.4874
   -0.5720   -0.6013    0.5580
...    10 T-A ...
   -8.5041   -9.6771   26.0540
    0.4660   -0.8587   -0.2131
    0.6274    0.1508    0.7640
   -0.6239   -0.4897    0.6090
...    11 C-G ...
  -11.0625  -11.3174   27.2336
    0.6660   -0.6911    0.2808
    0.3382    0.6152    0.7121
   -0.6649   -0.3794    0.6435
...    12 A-T ...
  -13.0013  -13.1789   29.0658
    0.7188   -0.1490    0.6790
   -0.1787    0.9043    0.3876
   -0.6718   -0.4000    0.6235
...    13 C-G ...
  -14.1788  -15.9359   31.3399
    0.4052    0.2865    0.8682
   -0.5270    0.8492   -0.0343
   -0.7470   -0.4437    0.4951
...    14 A-T ...
  -15.9532  -18.1566   33.3080
   -0.1503    0.6873    0.7107
   -0.6106    0.5008   -0.6135
   -0.7776   -0.5261    0.3444
...    15 A-T ...
  -18.3230  -19.9474   34.6246
   -0.4765    0.8462    0.2383
   -0.4012    0.0319   -0.9154
   -0.7823   -0.5318    0.3244
...    16 T-A ...
  -20.6771  -21.5162   36.2966
   -0.6027    0.7554   -0.2573
   -0.1013   -0.3922   -0.9143
   -0.7915   -0.5249    0.3129
...    17 T-A ...
  -23.2648  -23.0516   37.4861
   -0.5297    0.4258   -0.7335
    0.2549   -0.7450   -0.6165
   -0.8090   -0.5135    0.2861
...    18 T-A ...
  -25.9933  -24.4877   38.4563
   -0.2656   -0.0376   -0.9633
    0.5002   -0.8596   -0.1044
   -0.8242   -0.5096    0.2471
...    19 A-T ...
  -28.9133  -26.0166   38.9650
    0.1660   -0.4267   -0.8891
    0.5233   -0.7261    0.4461
   -0.8358   -0.5393    0.1028
...    20 T-A ...
  -31.9048  -27.3539   38.8040
    0.4204   -0.7219   -0.5497
    0.3590   -0.4240    0.8315
   -0.8333   -0.5469    0.0809
...    21 T-A ...
  -34.6616  -29.0635   38.7666
    0.5514   -0.8341    0.0144
    0.0460    0.0476    0.9978
   -0.8330   -0.5495    0.0646
...    22 C-G ...
  -37.2914  -31.0173   38.8724
    0.4884   -0.6379    0.5954
   -0.3085    0.5120    0.8017
   -0.8163   -0.5752    0.0533
...    23 G-C ...
  -40.0913  -32.7597   39.4383
    0.2873   -0.1953    0.9377
   -0.5646    0.7563    0.3306
   -0.7737   -0.6244    0.1070
...    24 C-G ...
  -42.3857  -35.1382   39.8098
   -0.0518    0.2678    0.9621
   -0.6359    0.7340   -0.2385
   -0.7700   -0.6242    0.1322
...    25 A-T ...
  -45.1106  -37.0118   40.1201
   -0.3569    0.6839    0.6363
   -0.4971    0.4376   -0.7492
   -0.7909   -0.5837    0.1838
...    26 A-T ...
  -47.5639  -38.9752   40.9566
   -0.5877    0.8033    0.0965
   -0.1899   -0.0210   -0.9816
   -0.7865   -0.5952    0.1649
...    27 A-T ...
  -50.1147  -40.8237   41.7368
   -0.5875    0.6534   -0.4774
    0.1870   -0.4644   -0.8657
   -0.7873   -0.5979    0.1506
...    28 G-C ...
  -52.8672  -42.5368   42.3822
   -0.3361    0.3661   -0.8678
    0.4672   -0.7352   -0.4911
   -0.8178   -0.5704    0.0760
...    29 G-C ...
  -55.8468  -44.1123   42.5756
    0.0554   -0.0182   -0.9983
    0.5561   -0.8298    0.0459
   -0.8292   -0.5577   -0.0359
...    30 C-G ...
  -58.7833  -45.5631   42.1804
    0.3998   -0.4216   -0.8139
    0.4222   -0.7034    0.5718
   -0.8136   -0.5722   -0.1032
...    31 C-G ...
  -61.5054  -47.3848   41.3626
    0.6431   -0.6708   -0.3694
    0.1095   -0.3969    0.9113
   -0.7579   -0.6265   -0.1818
...    32 G-C ...
  -63.8278  -49.7633   40.9729
    0.6787   -0.7017    0.2168
   -0.3118   -0.0080    0.9501
   -0.6650   -0.7124   -0.2242
...    33 G-C ...
  -65.7334  -52.3799   40.0033
    0.4465   -0.5403    0.7133
   -0.6603    0.3390    0.6701
   -0.6038   -0.7702   -0.2054
...    34 C-G ...
  -67.3557  -55.1780   39.2324
    0.0248   -0.2441    0.9694
   -0.8118    0.5610    0.1620
   -0.5834   -0.7910   -0.1842
...    35 C-G ...
  -69.1189  -58.0272   38.8127
   -0.3973    0.1480    0.9057
   -0.7061    0.5811   -0.4047
   -0.5862   -0.8003   -0.1263
...    36 C-G ...
  -70.9970  -60.8305   38.6515
   -0.6875    0.4882    0.5375
   -0.3771    0.3925   -0.8389
   -0.6205   -0.7795   -0.0857
...    37 G-C ...
  -73.1679  -63.2839   37.9384
   -0.7234    0.6900   -0.0248
    0.0788    0.0469   -0.9958
   -0.6859   -0.7223   -0.0883
...    38 A-T ...
  -75.4035  -65.6752   37.7472
   -0.5153    0.6097   -0.6022
    0.4979   -0.3590   -0.7895
   -0.6976   -0.7066   -0.1186
...    39 C-G ...
  -78.0690  -67.6269   37.6981
   -0.1524    0.3626   -0.9194
    0.6944   -0.6227   -0.3607
   -0.7033   -0.6934   -0.1569
...    40 A-T ...
  -80.3766  -69.9623   37.0676
    0.3508    0.0474   -0.9353
    0.6446   -0.7367    0.2044
   -0.6793   -0.6745   -0.2890
...    41 C-G ...
  -82.8746  -71.6714   35.7896
    0.6690   -0.3005   -0.6798
    0.3619   -0.6672    0.6510
   -0.6492   -0.6816   -0.3376
...    42 G-C ...
  -84.7721  -74.2033   34.7043
    0.8448   -0.5098   -0.1624
   -0.0931   -0.4390    0.8936
   -0.5269   -0.7398   -0.4184
...    43 A-T ...
  -86.3355  -76.6613   33.2181
    0.6569   -0.6347    0.4069
   -0.5837   -0.0866    0.8073
   -0.4772   -0.7679   -0.4274
...    44 C-G ...
  -87.3491  -79.2526   31.4211
    0.2678   -0.5666    0.7793
   -0.8546    0.2338    0.4636
   -0.4448   -0.7902   -0.4216
...    45 T-A ...
  -88.4707  -82.0632   30.0662
   -0.2112   -0.3251    0.9218
   -0.8847    0.4645   -0.0389
   -0.4155   -0.8237   -0.3857
...    46 T-A ...
  -89.5323  -84.8972   28.8553
   -0.7024   -0.0306    0.7111
   -0.5971    0.5692   -0.5653
   -0.3874   -0.8217   -0.4181
...    47 A-T ...
  -90.9309  -87.3649   26.9925
   -0.9417    0.2987    0.1547
    0.0054    0.4733   -0.8809
   -0.3364   -0.8287   -0.4473
...    48 C-G ...
  -92.2166  -90.3031   26.0730
   -0.7931    0.5121   -0.3298
    0.5051    0.2503   -0.8260
   -0.3404   -0.8217   -0.4571
...    49 T-A ...
  -93.6276  -92.9893   24.7191
   -0.3867    0.6117   -0.6901
    0.8507   -0.0523   -0.5230
   -0.3560   -0.7894   -0.5002
...    50 G-C ...
  -94.7441  -95.5402   22.8828
    0.1945    0.5721   -0.7968
    0.9211   -0.3858   -0.0521
   -0.3372   -0.7238   -0.6020
...    51 T-A ...
  -96.3298  -97.5178   20.7850
    0.6582    0.3350   -0.6742
    0.6920   -0.6221    0.3664
   -0.2966   -0.7077   -0.6413
...    52 A-T ...
  -97.2741  -99.5725   18.3289
    0.9630    0.0722   -0.2598
    0.2277   -0.7341    0.6398
   -0.1445   -0.6752   -0.7233
...    53 G-C ...
  -97.5981 -101.5345   15.7004
    0.9529   -0.2463    0.1770
   -0.3006   -0.6885    0.6600
   -0.0407   -0.6822   -0.7301
...    54 G-C ...
  -97.2193 -103.6787   13.1256
    0.6465   -0.5029    0.5737
   -0.7595   -0.4953    0.4217
    0.0721   -0.7084   -0.7021
...    55 T-A ...
  -96.3532 -105.7966   10.7506
    0.1549   -0.6659    0.7298
   -0.9823   -0.1827    0.0418
    0.1055   -0.7233   -0.6824
...    56 A-T ...
  -96.3183 -108.2429    8.4482
   -0.4860   -0.6468    0.5878
   -0.8635    0.2515   -0.4372
    0.1349   -0.7200   -0.6807
...    57 T-A ...
  -95.3577 -110.8508    6.6391
   -0.8559   -0.4475    0.2592
   -0.4914    0.5476   -0.6773
    0.1611   -0.7071   -0.6886
...    58 C-G ...
  -94.8310 -113.2711    4.4656
   -0.9785   -0.0379   -0.2029
    0.1170    0.7079   -0.6966
    0.1700   -0.7053   -0.6882
...    59 T-A ...
  -94.4655 -115.8072    2.3436
   -0.7706    0.3656   -0.5220
    0.6188    0.6249   -0.4759
    0.1523   -0.6898   -0.7078
...    60 C-G ...
  -94.0077 -118.1513    0.0827
   -0.2626    0.6831   -0.6815
    0.9505    0.3049   -0.0606
    0.1664   -0.6636   -0.7293
...    61 G-C ...
  -93.0859 -120.3322   -2.2770
    0.2698    0.8272   -0.4928
    0.9360   -0.1052    0.3359
    0.2261   -0.5519   -0.8027
...    62 A-T ...
  -92.4303 -122.1000   -4.9233
    0.7340    0.6620   -0.1515
    0.6162   -0.5554    0.5584
    0.2855   -0.5032   -0.8156
...    63 G-C ...
  -91.5110 -123.4222   -7.7889
    0.9062    0.3449    0.2448
    0.1658   -0.8222    0.5445
    0.3891   -0.4528   -0.8022
...    64 C-G ...
  -90.0384 -124.3909  -10.5555
    0.8233   -0.1062    0.5575
   -0.3218   -0.8965    0.3045
    0.4675   -0.4302   -0.7723
...    65 T-A ...
  -88.1513 -125.5068  -13.0085
    0.4993   -0.5151    0.6966
   -0.6659   -0.7426   -0.0718
    0.5543   -0.4280   -0.7138
...    66 C-G ...
  -86.1438 -126.9777  -15.1224
    0.0055   -0.8389    0.5442
   -0.8037   -0.3276   -0.4968
    0.5950   -0.4346   -0.6760
...    67 G-C ...
  -84.5167 -128.7696  -17.4368
   -0.4829   -0.8512    0.2055
   -0.6188    0.1657   -0.7679
    0.6195   -0.4980   -0.6068
...    68 G-C ...
  -82.3881 -130.6936  -19.2247
   -0.7645   -0.6005   -0.2346
   -0.2290    0.5931   -0.7719
    0.6026   -0.5364   -0.5909
...    69 G-C ...
  -80.3624 -132.6980  -21.0448
   -0.7829   -0.1505   -0.6037
    0.2361    0.8258   -0.5122
    0.5756   -0.5435   -0.6110
...    70 A-T ...
  -78.4096 -134.5698  -22.9215
   -0.4901    0.3736   -0.7875
    0.6398    0.7678   -0.0339
    0.5920   -0.5205   -0.6153
...    71 T-A ...
  -76.9812 -136.6918  -25.0101
   -0.0947    0.7107   -0.6971
    0.7870    0.4823    0.3847
    0.6096   -0.5122   -0.6050
...    72 C-G ...
  -75.0472 -138.4351  -27.0002
    0.3416    0.8891   -0.3046
    0.6820   -0.0115    0.7313
    0.6467   -0.4576   -0.6102
...    73 C-G ...
  -73.0762 -139.8542  -29.3466
    0.5532    0.8065    0.2084
    0.4017   -0.4775    0.7814
    0.7298   -0.3486   -0.5881
...    74 G-C ...
  -70.4263 -140.9555  -31.0537
    0.5312    0.4865    0.6936
    0.0842   -0.8450    0.5281
    0.8430   -0.2222   -0.4898
...    75 C-G ...
  -67.5495 -141.0971  -32.6261
    0.4248   -0.0183    0.9051
   -0.1722   -0.9832    0.0609
    0.8888   -0.1817   -0.4208
...    76 T-A ...
  -64.4548 -141.3429  -33.7245
    0.2004   -0.5099    0.8366
   -0.3020   -0.8445   -0.4423
    0.9320   -0.1640   -0.3232
...    77 T-A ...
  -61.3291 -141.6676  -34.5310
    0.0045   -0.9010    0.4338
   -0.3354   -0.4101   -0.8482
    0.9421   -0.1417   -0.3040
...    78 T-A ...
  -58.1561 -142.0242  -35.1823
   -0.1418   -0.9784   -0.1506
   -0.2655    0.1841   -0.9464
    0.9536   -0.0942   -0.2859
...    79 A-T ...
  -55.0585 -141.8778  -36.6096
   -0.1813   -0.6202   -0.7632
   -0.1316    0.7844   -0.6061
    0.9746   -0.0095   -0.2238
...    80 A-T ...
  -51.8465 -142.1754  -37.1300
   -0.1627   -0.0465   -0.9856
   -0.0347    0.9985   -0.0414
    0.9861    0.0275   -0.1641
...    81 C-G ...
  -48.6170 -142.6617  -37.7794
   -0.1676    0.4848   -0.8584
    0.0348    0.8731    0.4863
    0.9852    0.0517   -0.1632
...    82 A-T ...
  -45.3245 -142.3521  -38.1194
   -0.2263    0.8819   -0.4136
    0.1098    0.4450    0.8888
    0.9679    0.1557   -0.1975
...    83 C-G ...
  -42.3200 -141.9238  -39.3386
   -0.1981    0.9742    0.1079
    0.2025   -0.0670    0.9770
    0.9590    0.2154   -0.1840
...    84 T-A ...
  -39.3055 -140.9305  -40.1834
   -0.1799    0.7771    0.6032
    0.2909   -0.5437    0.7872
    0.9397    0.3170   -0.1282
...    85 T-A ...
  -36.3812 -139.6722  -40.6448
   -0.0634    0.3353    0.9400
    0.3618   -0.8701    0.3348
    0.9301    0.3613   -0.0661
...    86 T-A ...
  -33.4937 -138.2482  -40.7665
    0.0931   -0.2122    0.9728
    0.3680   -0.9005   -0.2317
    0.9252    0.3795   -0.0057
...    87 A-T ...
  -30.4681 -136.9230  -40.3960
    0.1792   -0.7122    0.6787
    0.3234   -0.6089   -0.7244
    0.9291    0.3493    0.1212
...    88 T-A ...
  -27.6726 -135.5099  -39.3676
    0.3262   -0.9188    0.2224
    0.2064   -0.1603   -0.9652
    0.9225    0.3608    0.1373
...    89 G-C ...
  -24.5235 -134.5064  -39.1593
    0.3478   -0.8545   -0.3859
    0.0223    0.4190   -0.9077
    0.9373    0.3071    0.1648
...    90 C-G ...
  -21.3740 -133.7749  -38.3409
    0.2979   -0.4813   -0.8244
   -0.1639    0.8250   -0.5409
    0.9404    0.2963    0.1669
...    91 T-A ...
  -18.1734 -133.0960  -37.7415
    0.1506    0.0296   -0.9882
   -0.3028    0.9529   -0.0176
    0.9411    0.3019    0.1524
...    92 C-G ...
  -15.0547 -132.2042  -37.1751
   -0.0715    0.5841   -0.8085
   -0.3588    0.7413    0.5673
    0.9307    0.3307    0.1565
...    93 A-T ...
  -12.0439 -130.9986  -36.4503
   -0.3608    0.8592   -0.3626
   -0.2652    0.2782    0.9232
    0.8941    0.4293    0.1275
...    94 T-A ...
   -9.0889 -129.6174  -36.6889
   -0.4728    0.8705    0.1366
   -0.0605   -0.1867    0.9806
    0.8791    0.4554    0.1409
...    95 G-C ...
   -6.3126 -127.8380  -36.1327
   -0.5738    0.5510    0.6060
    0.2198   -0.6091    0.7620
    0.7890    0.5704    0.2284
...    96 T-A ...
   -4.1068 -125.4896  -35.6600
   -0.4423    0.1274    0.8878
    0.4919   -0.7932    0.3590
    0.7499    0.5955    0.2882
...    97 T-A ...
   -1.8937 -123.3650  -34.6683
   -0.1398   -0.3557    0.9241
    0.6748   -0.7172   -0.1740
    0.7247    0.5993    0.3402
...    98 A-T ...
    0.3320 -121.3859  -33.1899
    0.1756   -0.7540    0.6330
    0.6892   -0.3650   -0.6260
    0.7030    0.5462    0.4555
...    99 T-A ...
    2.1445 -119.5195  -31.1670
    0.5027   -0.8319    0.2352
    0.5194    0.0732   -0.8514
    0.6910    0.5501    0.4689
...   100 A-T ...
    4.5530 -117.5614  -29.8886
    0.7428   -0.5842   -0.3269
    0.1030    0.5822   -0.8065
    0.6615    0.5654    0.4926
...   101 A-T ...
    6.6902 -115.9533  -28.0186
    0.7019   -0.1096   -0.7037
   -0.3537    0.8040   -0.4780
    0.6182    0.5844    0.5256
...   102 C-G ...
    9.0353 -114.5319  -26.1171
    0.4126    0.3279   -0.8499
   -0.6738    0.7377   -0.0425
    0.6130    0.5901    0.5253
...   103 G-C ...
   10.6633 -112.3127  -24.2335
   -0.0881    0.6245   -0.7760
   -0.8027    0.4168    0.4265
    0.5899    0.6605    0.4646
...   104 G-C ...
   12.8563 -110.1916  -22.8130
   -0.5551    0.6844   -0.4727
   -0.6404    0.0110    0.7680
    0.5308    0.7290    0.4322
...   105 A-T ...
   14.6313 -107.8218  -21.4770
   -0.8538    0.5203    0.0169
   -0.2165   -0.3844    0.8974
    0.4734    0.7626    0.4409
...   106 T-A ...
   16.0782 -105.0220  -20.6309
   -0.8685    0.2373    0.4352
    0.2287   -0.5872    0.7765
    0.4398    0.7739    0.4557
...   107 T-A ...
   17.3058 -102.3643  -19.2805
   -0.6288   -0.1609    0.7608
    0.6692   -0.6102    0.4241
    0.3959    0.7758    0.4913
...   108 C-G ...
   18.3554  -99.8352  -17.5386
   -0.1660   -0.5252    0.8346
    0.9217   -0.3835   -0.0580
    0.3505    0.7597    0.5478
...   109 C-G ...
   19.1259  -97.4084  -15.3272
    0.3127   -0.7149    0.6254
    0.8916   -0.0061   -0.4528
    0.3275    0.6992    0.6355
...   110 G-C ...
   20.5974  -95.3017  -13.2073
    0.7196   -0.6605    0.2143
    0.6010    0.4379   -0.6686
    0.3478    0.6099    0.7121
...   111 G-C ...
   21.7805  -93.5924  -10.5446
    0.9105   -0.3504   -0.2196
    0.1324    0.7500   -0.6481
    0.3918    0.5610    0.7292
...   112 C-G ...
   23.1713  -92.0849   -7.9287
    0.8274    0.1082   -0.5511
   -0.3831    0.8263   -0.4129
    0.4107    0.5527    0.7251
...   113 T-A ...
   24.7714  -90.4861   -5.5013
    0.4884    0.5134   -0.7056
   -0.7606    0.6469   -0.0558
    0.4278    0.5639    0.7064
...   114 C-G ...
   26.2498  -88.6998   -3.1752
   -0.0602    0.7854   -0.6161
   -0.9084    0.2127    0.3599
    0.4137    0.5814    0.7006
...   115 G-C ...
   27.2431  -86.7814   -0.6339
   -0.5942    0.6985   -0.3986
   -0.7307   -0.2619    0.6304
    0.3360    0.6659    0.6660
...   116 T-A ...
   28.6143  -84.3192    1.0678
   -0.8995    0.4336   -0.0541
   -0.3276   -0.5874    0.7400
    0.2891    0.6833    0.6705
...   117 A-T ...
   29.3546  -81.7992    3.1074
   -0.9686   -0.0508    0.2433
    0.2068   -0.7074    0.6759
    0.1378    0.7050    0.6957
...   118 T-A ...
   29.4338  -79.1037    4.9521
   -0.7474   -0.4144    0.5192
    0.6556   -0.5863    0.4759
    0.1072    0.6961    0.7099
...   119 A-T ...
   29.3038  -76.8015    7.3566
   -0.2983   -0.7596    0.5779
    0.9544   -0.2441    0.1719
    0.0105    0.6028    0.7978
...   120 A-T ...
   29.0232  -74.9194    9.9744
    0.2789   -0.7797    0.5606
    0.9603    0.2298   -0.1581
   -0.0056    0.5825    0.8128
...   121 T-A ...
   28.3988  -73.3545   12.7998
    0.7204   -0.5631    0.4049
    0.6935    0.5952   -0.4060
   -0.0124    0.5733    0.8193
...   122 G-C ...
   28.6424  -71.4477   15.4992
    0.9844   -0.1708    0.0418
    0.1670    0.8333   -0.5270
    0.0551    0.5257    0.8489
...   123 T-A ...
   28.8872  -70.2747   18.6008
    0.9273    0.2826   -0.2455
   -0.3685    0.8047   -0.4656
    0.0660    0.5222    0.8503
...   124 G-C ...
   29.0611  -68.3026   21.2531
    0.5449    0.6578   -0.5200
   -0.8306    0.5085   -0.2271
    0.1151    0.5557    0.8234
...   125 T-A ...
   30.0174  -66.6811   23.9938
    0.0326    0.8178   -0.5746
   -0.9937    0.0883    0.0693
    0.1074    0.5687    0.8155
...   126 C-G ...
   30.4650  -64.7987   26.6371
   -0.5549    0.6991   -0.4509
   -0.8277   -0.4093    0.3840
    0.0839    0.5863    0.8058
...   127 G-C ...
   30.4424  -63.0368   29.4612
   -0.9187    0.2865   -0.2720
   -0.3936   -0.7227    0.5682
   -0.0338    0.6290    0.7766
...   128 A-T ...
   30.3279  -60.9051   31.9175
   -0.9755   -0.2132    0.0539
    0.1997   -0.7563    0.6230
   -0.0921    0.6185    0.7804
...   129 C-G ...
   29.6619  -58.5150   34.0629
   -0.7344   -0.5987    0.3198
    0.6641   -0.5365    0.5207
   -0.1402    0.5948    0.7916
...   130 C-G ...
   28.7135  -56.5266   36.6154
   -0.2611   -0.8523    0.4533
    0.9436   -0.1263    0.3061
   -0.2037    0.5076    0.8372
...   131 A-T ...
   27.9840  -55.0071   39.4891
    0.3176   -0.8410    0.4381
    0.9227    0.3805    0.0614
   -0.2183    0.3847    0.8968
...   132 A-T ...
   27.0580  -53.9960   42.4252
    0.7790   -0.4899    0.3914
    0.5862    0.7906   -0.1770
   -0.2227    0.3673    0.9031
...   133 A-T ...
   26.2481  -53.1089   45.4412
    0.9713    0.0421    0.2341
    0.0455    0.9331   -0.3567
   -0.2334    0.3571    0.9044
...   134 T-A ...
   25.6209  -52.5913   48.6400
    0.8597    0.5097    0.0340
   -0.4497    0.7866   -0.4231
   -0.2424    0.3485    0.9054
...   135 G-C ...
   25.2758  -52.5096   52.0791
    0.3204    0.9427   -0.0928
   -0.8825    0.2614   -0.3910
   -0.3443    0.2071    0.9157
...   136 T-A ...
   25.5258  -52.9787   55.8049
   -0.2439    0.9563   -0.1610
   -0.8908   -0.2866   -0.3525
   -0.3833    0.0575    0.9218
...   137 G-C ...
   24.8934  -52.7378   58.9865
   -0.7529    0.5562   -0.3519
   -0.5215   -0.8303   -0.1966
   -0.4015    0.0355    0.9152
...   138 A-T ...
   24.0144  -51.6374   61.9242
   -0.9563    0.0401   -0.2896
   -0.0524   -0.9980    0.0347
   -0.2876    0.0484    0.9565
...   139 G-C ...
   22.3468  -51.2411   64.4940
   -0.8529   -0.5118   -0.1033
    0.4974   -0.8566    0.1373
   -0.1587    0.0657    0.9851
...   140 C-G ...
   22.1504  -50.1498   67.4638
   -0.4681   -0.8748    0.1248
    0.8495   -0.4066    0.3362
   -0.2434    0.2634    0.9335
...   141 G-C ...
   21.4257  -51.8266   72.7876
    0.1303   -0.7143   -0.6876
    0.8897   -0.2218    0.3990
   -0.4375   -0.6638    0.6066
...   142 C-G ...
   20.4247  -54.3095   74.5418
    0.5846   -0.7390   -0.3348
    0.7594    0.3532    0.5465
   -0.2856   -0.5737    0.7676
...   143 T-A ...
   18.4272  -55.5290   76.5299
    0.8548   -0.5005    0.1370
    0.3188    0.7148    0.6224
   -0.4095   -0.4884    0.7706
...   144 C-G ...
   16.8372  -57.7222   78.2674
    0.8529   -0.0846    0.5151
   -0.1508    0.9048    0.3983
   -0.4998   -0.4174    0.7589
...   145 A-T ...
   15.7830  -59.5615   80.7981
    0.5516    0.4995    0.6680
   -0.6739    0.7388    0.0039
   -0.4916   -0.4523    0.7441
...   146 C-G ...
   15.7315  -61.4940   83.9316
    0.0344    0.7399    0.6718
   -0.8637    0.3602   -0.3526
   -0.5029   -0.5681    0.6514
...   147 A-T ...
   14.7385  -63.4279   86.8192
   -0.5924    0.6746    0.4405
   -0.6886   -0.1401   -0.7114
   -0.4182   -0.7248    0.5475
