  147 base-pairs
...     1 T-A ...
    0.0000    0.0000    0.0000
    1.0000    0.0000    0.0000
    0.0000    1.0000    0.0000
    0.0000    0.0000    1.0000
...     2 G-C ...
   -0.5555   -1.1003    3.3981
    0.7749    0.6051    0.1828
   -0.5991    0.7953   -0.0929
   -0.2016   -0.0375    0.9787
...     3 T-A ...
   -0.6619   -3.0237    6.5348
    0.3046    0.9250    0.2271
   -0.8994    0.3578   -0.2510
   -0.3134   -0.1278    0.9410
...     4 G-C ...
   -1.1607   -3.8418    9.6940
   -0.3351    0.9421    0.0133
   -0.8752   -0.3061   -0.3746
   -0.3489   -0.1372    0.9271
...     5 A-T ...
   -1.3881   -3.6770   12.8999
   -0.7835    0.6162   -0.0801
   -0.5677   -0.7622   -0.3109
   -0.2527   -0.1981    0.9470
...     6 G-C ...
   -2.6236   -3.5448   15.7072
   -0.9923    0.0611   -0.1075
   -0.0294   -0.9610   -0.2748
   -0.1201   -0.2695    0.9555
...     7 C-G ...
   -2.3138   -3.7570   18.8866
   -0.8620   -0.4995   -0.0864
    0.5008   -0.8655    0.0073
   -0.0785   -0.0370    0.9962
...     8 G-C ...
   -3.9561   -6.8109   23.3205
   -0.2581   -0.3560   -0.8981
    0.6294   -0.7673    0.1233
   -0.7330   -0.5335    0.4221
...     9 C-G ...
   -6.1177   -8.9414   24.2385
    0.1143   -0.7320   -0.6716
    0.8123   -0.3203    0.4874
   -0.5720   -0.6013    0.5580
...    10 T-A ...
   -8.5041   -9.6771   26.0540
    0.4660   -0.8587   -0.2131
    0.6274    0.1508    0.7640
   -0.6239   -0.4897    0.6090
...    11 C-G ...
  -11.0625  -11.3174   27.2336
    0.6660   -0.6911    0.2808
    0.3382    0.6152    0.7121
   -0.6649   -0.3794    0.6435
...    12 A-T ...
  -13.0013  -13.1789   29.0658
    0.7188   -0.1490    0.6790
   -0.1787    0.9043    0.3876
   -0.6718   -0.4000    0.6235
...    13 C-G ...
  -14.1788  -15.9359   31.3399
    0.4052    0.2865    0.8682
   -0.5270    0.8492   -0.0343
   -0.7470   -0.4437    0.4951
...    14 A-T ...
  -15.9532  -18.1566   33.3080
   -0.1503    0.6873    0.7107
   -0.6106    0.5008   -0.6135
   -0.7776   -0.5261    0.3444
...    15 A-T ...
  -18.4043  -19.9339   34.4594
   -0.4547    0.8625    0.2221
   -0.4008    0.0246   -0.9159
   -0.7954   -0.5055    0.3345
...    16 T-A ...
  -20.8040  -21.4964   36.2717
   -0.6256    0.7226   -0.2939
   -0.0797   -0.4340   -0.8974
   -0.7760   -0.5380    0.3291
...    17 T-A ...
  -23.3540  -23.0353   37.6759
   -0.5749    0.3152   -0.7551
    0.3123   -0.7684   -0.5586
   -0.7563   -0.5569    0.3433
...    18 T-A ...
  -25.9142  -24.6577   38.8038
   -0.2730   -0.1410   -0.9516
    0.5722   -0.8190   -0.0428
   -0.7733   -0.5562    0.3043
...    19 A-T ...
  -28.4573  -26.6197   39.6443
    0.1620   -0.5179   -0.8400
    0.6066   -0.6191    0.4987
   -0.7783   -0.5903    0.2139
...    20 T-A ...
  -31.3851  -28.1653   39.8649
    0.4471   -0.7641   -0.4650
    0.4374   -0.2667    0.8588
   -0.7802   -0.5874    0.2150
...    21 T-A ...
  -34.0245  -30.0585   40.2591
    0.6128   -0.7830    0.1067
    0.0927    0.2053    0.9743
   -0.7848   -0.5872    0.1985
...    22 C-G ...
  -36.5542  -32.0574   40.8776
    0.5741   -0.5007    0.6478
   -0.2960    0.6108    0.7344
   -0.7634   -0.6134    0.2024
...    23 G-C ...
  -39.1745  -33.7708   42.1240
    0.4110    0.0047    0.9116
   -0.6012    0.7532    0.2671
   -0.6854   -0.6578    0.3124
...    24 C-G ...
  -41.1406  -36.1933   43.1185
    0.0734    0.4337    0.8980
   -0.7266    0.6401   -0.2498
   -0.6832   -0.6342    0.3621
...    25 A-T ...
  -43.7471  -38.0362   44.0274
   -0.3236    0.7566    0.5682
   -0.6360    0.2707   -0.7226
   -0.7006   -0.5952    0.3936
...    26 A-T ...
  -45.9662  -39.9476   45.5174
   -0.6312    0.7733    0.0588
   -0.3377   -0.2058   -0.9185
   -0.6982   -0.5996    0.3911
...    27 A-T ...
  -48.1258  -41.7902   47.1242
   -0.7230    0.5012   -0.4755
    0.1034   -0.6020   -0.7918
   -0.6831   -0.6216    0.3834
...    28 G-C ...
  -50.6394  -43.4620   48.6412
   -0.5148    0.1433   -0.8452
    0.4580   -0.7875   -0.4125
   -0.7247   -0.5994    0.3398
...    29 G-C ...
  -53.4278  -45.2058   49.7104
   -0.1030   -0.2641   -0.9590
    0.6585   -0.7407    0.1332
   -0.7455   -0.6178    0.2502
...    30 C-G ...
  -56.1586  -46.9481   50.2298
    0.3212   -0.5799   -0.7487
    0.5944   -0.4920    0.6361
   -0.7372   -0.6494    0.1867
...    31 C-G ...
  -58.8095  -48.9550   50.6317
    0.6566   -0.6940   -0.2952
    0.3054   -0.1133    0.9455
   -0.6896   -0.7110    0.1376
...    32 G-C ...
  -60.7071  -51.2843   51.2616
    0.7949   -0.5709    0.2055
   -0.0990    0.2121    0.9722
   -0.5986   -0.7931    0.1120
...    33 G-C ...
  -62.2230  -54.2704   51.5697
    0.6455   -0.3131    0.6966
   -0.5477    0.4459    0.7079
   -0.5323   -0.8385    0.1164
...    34 C-G ...
  -63.5764  -57.2324   51.9116
    0.2549    0.0159    0.9668
   -0.8286    0.5190    0.2099
   -0.4984   -0.8546    0.1455
...    35 C-G ...
  -64.9505  -60.2265   52.7824
   -0.2425    0.3271    0.9133
   -0.8469    0.3879   -0.3638
   -0.4732   -0.8617    0.1830
...    36 C-G ...
  -66.4130  -63.1145   53.6962
   -0.6575    0.5147    0.5502
   -0.5871    0.1076   -0.8023
   -0.4722   -0.8506    0.2315
...    37 G-C ...
  -68.2502  -66.0495   53.4607
   -0.8462    0.5327   -0.0135
   -0.1042   -0.1903   -0.9762
   -0.5226   -0.8246    0.2166
...    38 A-T ...
  -69.7603  -68.7197   54.2026
   -0.7446    0.3283   -0.5812
    0.4246   -0.4389   -0.7919
   -0.5150   -0.8364    0.1874
...    39 C-G ...
  -71.8213  -71.0765   54.9304
   -0.3925    0.0991   -0.9144
    0.7471   -0.5456   -0.3798
   -0.5365   -0.8322    0.1401
...    40 A-T ...
  -73.7319  -73.7896   55.2853
    0.1508   -0.1341   -0.9794
    0.8335   -0.5156    0.1989
   -0.5316   -0.8463    0.0340
...    41 C-G ...
  -75.7273  -76.3509   54.9038
    0.5889   -0.3115   -0.7458
    0.6373   -0.3884    0.6655
   -0.4970   -0.8672   -0.0302
...    42 G-C ...
  -77.0327  -79.4164   55.0979
    0.8943   -0.3857   -0.2271
    0.1666   -0.1841    0.9687
   -0.4154   -0.9041   -0.1003
...    43 A-T ...
  -78.3698  -82.2650   54.7151
    0.8286   -0.4102    0.3810
   -0.3862    0.0739    0.9195
   -0.4053   -0.9090   -0.0972
...    44 C-G ...
  -79.2949  -85.3039   53.8128
    0.5225   -0.2611    0.8117
   -0.7772    0.2457    0.5793
   -0.3507   -0.9335   -0.0745
...    45 T-A ...
  -79.8118  -88.8733   53.4404
    0.0008   -0.0609    0.9981
   -0.9449    0.3266    0.0207
   -0.3272   -0.9432   -0.0573
...    46 T-A ...
  -80.4502  -92.0594   53.2008
   -0.4932    0.0848    0.8658
   -0.8109    0.3156   -0.4928
   -0.3150   -0.9451   -0.0869
...    47 A-T ...
  -81.7382  -95.1296   52.5794
   -0.9097    0.2367    0.3413
   -0.2995    0.1953   -0.9339
   -0.2876   -0.9518   -0.1068
...    48 C-G ...
  -82.6899  -98.3360   52.9055
   -0.9291    0.3050   -0.2090
    0.2328    0.0433   -0.9716
   -0.2873   -0.9514   -0.1112
...    49 T-A ...
  -83.9743 -101.4632   52.8409
   -0.6374    0.3502   -0.6864
    0.6924   -0.1308   -0.7096
   -0.3383   -0.9275   -0.1591
...    50 G-C ...
  -85.2065 -104.5003   52.0596
   -0.0993    0.3385   -0.9357
    0.9335   -0.2939   -0.2054
   -0.3446   -0.8939   -0.2868
...    51 T-A ...
  -86.8140 -107.1025   51.0912
    0.3848    0.2257   -0.8949
    0.8678   -0.4189    0.2675
   -0.3145   -0.8795   -0.3571
...    52 A-T ...
  -88.1378 -109.5297   49.1147
    0.8163    0.2053   -0.5399
    0.5589   -0.5171    0.6483
   -0.1460   -0.8310   -0.5368
...    53 G-C ...
  -88.8689 -112.0106   47.1743
    0.9952    0.0427   -0.0876
    0.0961   -0.5785    0.8100
   -0.0161   -0.8146   -0.5799
...    54 G-C ...
  -88.5838 -114.3909   44.4393
    0.8910   -0.1860    0.4142
   -0.4434   -0.5536    0.7049
    0.0982   -0.8117   -0.5757
...    55 T-A ...
  -87.7364 -116.7828   42.3938
    0.5408   -0.4222    0.7275
   -0.8289   -0.4144    0.3757
    0.1428   -0.8062   -0.5741
...    56 A-T ...
  -86.6378 -119.4084   40.5259
   -0.0339   -0.5480    0.8358
   -0.9798   -0.1467   -0.1359
    0.1971   -0.8235   -0.5319
...    57 T-A ...
  -85.2380 -121.9871   38.9833
   -0.5212   -0.5752    0.6304
   -0.8252    0.1512   -0.5443
    0.2178   -0.8039   -0.5535
...    58 C-G ...
  -84.3567 -124.8063   37.3697
   -0.9128   -0.3796    0.1507
   -0.3360    0.4881   -0.8055
    0.2322   -0.7859   -0.5731
...    59 T-A ...
  -83.6988 -127.6595   35.7219
   -0.9597   -0.0389   -0.2782
    0.1956    0.6181   -0.7614
    0.2016   -0.7852   -0.5856
...    60 C-G ...
  -82.9571 -130.3272   33.7949
   -0.6696    0.3468   -0.6567
    0.7121    0.5509   -0.4352
    0.2108   -0.7591   -0.6159
...    61 G-C ...
  -81.8858 -132.4621   31.5635
   -0.2697    0.6985   -0.6628
    0.9437    0.3288   -0.0374
    0.1918   -0.6356   -0.7479
...    62 A-T ...
  -80.9788 -134.6394   29.3609
    0.2641    0.8302   -0.4909
    0.9247   -0.0732    0.3736
    0.2743   -0.5526   -0.7870
...    63 G-C ...
  -80.2717 -136.0915   26.4727
    0.6571    0.7384   -0.1519
    0.6740   -0.4852    0.5571
    0.3376   -0.4684   -0.8165
...    64 C-G ...
  -79.3111 -137.1415   23.4199
    0.8911    0.3815    0.2459
    0.2087   -0.8255    0.5244
    0.4030   -0.4160   -0.8152
...    65 T-A ...
  -77.9713 -138.1077   20.5671
    0.8368   -0.0535    0.5448
   -0.2458   -0.9259    0.2867
    0.4891   -0.3739   -0.7880
...    66 C-G ...
  -76.1660 -139.2439   18.0224
    0.5354   -0.5640    0.6286
   -0.6617   -0.7427   -0.1028
    0.5249   -0.3609   -0.7709
...    67 T-A ...
  -74.1195 -140.3502   15.6998
    0.0856   -0.8498    0.5201
   -0.8202   -0.3564   -0.4474
    0.5656   -0.3883   -0.7276
...    68 C-G ...
  -72.2038 -141.8775   13.5022
   -0.3715   -0.9106    0.1813
   -0.7116    0.1538   -0.6856
    0.5964   -0.3837   -0.7051
...    69 A-T ...
  -70.0693 -143.0083   11.1758
   -0.7376   -0.6530   -0.1719
   -0.3700    0.6038   -0.7060
    0.5648   -0.4572   -0.6870
...    70 T-A ...
  -68.1671 -144.8730    9.2846
   -0.8246   -0.2632   -0.5007
    0.0447    0.8521   -0.5214
    0.5639   -0.4523   -0.6909
...    71 G-C ...
  -66.2449 -146.6228    7.0395
   -0.6678    0.3003   -0.6811
    0.4894    0.8665   -0.0978
    0.5608   -0.3987   -0.7257
...    72 T-A ...
  -64.7941 -148.4374    4.6397
   -0.3249    0.7121   -0.6224
    0.7463    0.5973    0.2939
    0.5810   -0.3690   -0.7254
...    73 T-A ...
  -63.1437 -149.5573    2.2158
    0.0647    0.9480   -0.3116
    0.7989    0.1379    0.5854
    0.5979   -0.2869   -0.7485
...    74 A-T ...
  -61.1342 -150.2045   -0.2352
    0.3220    0.9346    0.1513
    0.6807   -0.3397    0.6491
    0.6580   -0.1060   -0.7455
...    75 T-A ...
  -59.4894 -150.0715   -2.9880
    0.5870    0.6573    0.4726
    0.4471   -0.7499    0.4876
    0.6749   -0.0749   -0.7341
...    76 A-T ...
  -57.1272 -150.1204   -5.1991
    0.6054    0.2150    0.7663
    0.1627   -0.9759    0.1453
    0.7791    0.0367   -0.6258
...    77 A-T ...
  -54.6207 -149.7159   -7.0479
    0.5495   -0.3355    0.7651
   -0.1367   -0.9396   -0.3138
    0.8242    0.0679   -0.5622
...    78 C-G ...
  -51.5619 -148.8931   -8.3987
    0.3913   -0.7893    0.4732
   -0.3889   -0.6078   -0.6923
    0.8341    0.0869   -0.5447
...    79 G-C ...
  -48.8345 -148.9837  -10.2155
    0.0721   -0.9972   -0.0198
   -0.4736   -0.0168   -0.8806
    0.8778    0.0729   -0.4735
...    80 G-C ...
  -45.8578 -148.9813  -11.6307
   -0.2374   -0.8596   -0.4524
   -0.4121    0.5109   -0.7545
    0.8797    0.0073   -0.4755
...    81 A-T ...
  -42.9167 -148.9855  -13.1149
   -0.4155   -0.3887   -0.8224
   -0.2076    0.9208   -0.3303
    0.8856    0.0335   -0.4633
...    82 G-C ...
  -39.9835 -149.0401  -14.5418
   -0.4972    0.1465   -0.8552
    0.0121    0.9867    0.1620
    0.8676    0.0702   -0.4924
...    83 G-C ...
  -37.0155 -149.2365  -16.2005
   -0.4862    0.6486   -0.5856
    0.2625    0.7476    0.6101
    0.8335    0.1430   -0.5337
...    84 G-C ...
  -34.3161 -148.9204  -18.1584
   -0.3849    0.9165   -0.1090
    0.4762    0.2983    0.8272
    0.7906    0.2664   -0.5513
...    85 A-T ...
  -31.8633 -147.9955  -20.1204
   -0.1108    0.9000    0.4215
    0.6151   -0.2711    0.7404
    0.7807    0.3413   -0.5235
...    86 T-A ...
  -29.7583 -146.4921  -22.1410
    0.1677    0.6207    0.7659
    0.6000   -0.6807    0.4203
    0.7822    0.3890   -0.4866
...    87 C-G ...
  -27.2818 -144.9216  -23.6016
    0.4245    0.0980    0.9001
    0.4317   -0.8958   -0.1061
    0.7959    0.4336   -0.4226
...    88 C-G ...
  -24.6579 -143.2657  -24.6762
    0.4961   -0.4180    0.7610
    0.1980   -0.7989   -0.5679
    0.8454    0.4324   -0.3136
...    89 G-C ...
  -21.7397 -142.2430  -25.8059
    0.4312   -0.8287    0.3568
   -0.0386   -0.4120   -0.9104
    0.9014    0.3788   -0.2096
...    90 C-G ...
  -18.4770 -141.0568  -25.9574
    0.3319   -0.9140   -0.2333
   -0.2495    0.1534   -0.9561
    0.9097    0.3756   -0.1771
...    91 T-A ...
  -15.1044 -140.2686  -26.2750
    0.1539   -0.6523   -0.7422
   -0.3448    0.6684   -0.6590
    0.9260    0.3573   -0.1220
...    92 T-A ...
  -11.9564 -139.4002  -26.4271
   -0.0082   -0.1041   -0.9945
   -0.3896    0.9163   -0.0927
    0.9210    0.3867   -0.0481
...    93 T-A ...
   -8.8183 -138.4450  -26.4986
   -0.1940    0.4610   -0.8659
   -0.3427    0.7953    0.5001
    0.9192    0.3937    0.0037
...    94 A-T ...
   -5.8841 -136.9202  -26.0275
   -0.3982    0.8233   -0.4045
   -0.1845    0.3601    0.9145
    0.8986    0.4388    0.0085
...    95 A-T ...
   -3.0784 -135.4828  -26.1640
   -0.4963    0.8560    0.1446
    0.0459   -0.1404    0.9890
    0.8670    0.4975    0.0304
...    96 C-G ...
   -0.4048 -133.5657  -26.6505
   -0.4557    0.6334    0.6254
    0.2897   -0.5588    0.7770
    0.8417    0.5352    0.0712
...    97 A-T ...
    2.2279 -131.5249  -26.2910
   -0.3424    0.1440    0.9284
    0.5324   -0.7845    0.3180
    0.7742    0.6032    0.1920
...    98 C-G ...
    4.2907 -129.0555  -25.4007
   -0.0554   -0.3113    0.9487
    0.6633   -0.7217   -0.1980
    0.7463    0.6183    0.2465
...    99 T-A ...
    6.4661 -126.5336  -24.0213
    0.2941   -0.6970    0.6540
    0.6123   -0.3880   -0.6888
    0.7339    0.6031    0.3127
...   100 T-A ...
    8.6339 -124.4921  -22.6616
    0.6388   -0.7565    0.1401
    0.3330    0.1077   -0.9368
    0.6935    0.6451    0.3207
...   101 T-A ...
   10.7435 -122.4282  -21.2299
    0.7594   -0.5084   -0.4061
   -0.1069    0.5181   -0.8486
    0.6418    0.6878    0.3391
...   102 A-T ...
   12.6989 -119.7508  -20.2288
    0.5434    0.0203   -0.8392
   -0.6094    0.6971   -0.3778
    0.5774    0.7167    0.3912
...   103 T-A ...
   15.0716 -117.9170  -18.8966
    0.1796    0.3414   -0.9226
   -0.8035    0.5921    0.0626
    0.5676    0.7300    0.3807
...   104 G-C ...
   17.1282 -115.5266  -17.8547
   -0.3986    0.5591   -0.7270
   -0.7318    0.2840    0.6195
    0.5528    0.7790    0.2959
...   105 C-G ...
   18.9150 -112.8701  -17.3803
   -0.7671    0.5637   -0.3062
   -0.4217   -0.0835    0.9029
    0.4834    0.8217    0.3018
...   106 T-A ...
   20.5790 -109.9286  -16.7824
   -0.9015    0.3677    0.2281
    0.0822   -0.3721    0.9246
    0.4249    0.8523    0.3052
...   107 T-A ...
   21.7645 -107.0874  -15.9534
   -0.7470    0.0316    0.6640
    0.5692   -0.4858    0.6634
    0.3435    0.8735    0.3449
...   108 C-G ...
   22.5398 -104.1453  -14.7372
   -0.3399   -0.3235    0.8831
    0.8980   -0.3907    0.2025
    0.2795    0.8618    0.4233
...   109 C-G ...
   23.1834 -101.3103  -13.2051
    0.1372   -0.5760    0.8059
    0.9552   -0.1385   -0.2616
    0.2623    0.8056    0.5312
...   110 G-C ...
   24.2787  -99.0867  -11.3981
    0.5729   -0.6450    0.5057
    0.7753    0.2263   -0.5896
    0.2658    0.7299    0.6298
...   111 G-C ...
   25.3557  -97.1090   -8.8643
    0.8930   -0.4442    0.0729
    0.3512    0.5862   -0.7301
    0.2815    0.6776    0.6795
...   112 C-G ...
   26.4261  -95.3391   -6.2120
    0.9321   -0.0614   -0.3570
   -0.1941    0.7475   -0.6353
    0.3059    0.6614    0.6848
...   113 T-A ...
   27.4792  -93.2923   -3.8457
    0.6851    0.3514   -0.6381
   -0.6594    0.6715   -0.3381
    0.3097    0.6524    0.6917
...   114 C-G ...
   28.4008  -91.0588   -1.5409
    0.1523    0.6785   -0.7186
   -0.9409    0.3220    0.1046
    0.3024    0.6602    0.6875
...   115 G-C ...
   28.8671  -88.8508    0.8981
   -0.4482    0.6902   -0.5681
   -0.8591   -0.1569    0.4872
    0.2472    0.7064    0.6633
...   116 T-A ...
   29.9085  -86.1391    2.5127
   -0.8503    0.4590   -0.2575
   -0.4890   -0.5080    0.7091
    0.1947    0.7289    0.6564
...   117 A-T ...
   30.5136  -83.2418    4.2808
   -0.9941    0.0075    0.1082
    0.0764   -0.6601    0.7473
    0.0770    0.7512    0.6556
...   118 T-A ...
   30.4769  -80.4126    5.8578
   -0.8261   -0.3327    0.4548
    0.5598   -0.5773    0.5944
    0.0648    0.7457    0.6632
...   119 A-T ...
   30.5902  -78.0551    8.1732
   -0.3899   -0.6705    0.6312
    0.9207   -0.2699    0.2820
   -0.0187    0.6911    0.7225
...   120 A-T ...
   30.1772  -75.8755   10.5306
    0.1901   -0.7437    0.6410
    0.9811    0.1685   -0.0954
   -0.0370    0.6470    0.7616
...   121 T-A ...
   29.4267  -74.0327   13.2046
    0.6684   -0.5516    0.4990
    0.7422    0.5386   -0.3989
   -0.0488    0.6370    0.7694
...   122 G-C ...
   29.2197  -72.0931   16.0147
    0.9783   -0.1700    0.1183
    0.2069    0.7798   -0.5909
    0.0082    0.6026    0.7980
...   123 T-A ...
   29.3188  -70.5714   18.9275
    0.9495    0.2486   -0.1915
   -0.3137    0.7676   -0.5589
    0.0080    0.5908    0.8068
...   124 G-C ...
   29.4169  -68.6395   21.6468
    0.5841    0.6275   -0.5148
   -0.8097    0.4941   -0.3165
    0.0558    0.6017    0.7967
...   125 T-A ...
   30.0564  -66.9387   24.3213
    0.0756    0.7759   -0.6264
   -0.9954    0.0962   -0.0009
    0.0596    0.6235    0.7795
...   126 C-G ...
   30.3018  -64.9270   26.7653
   -0.5240    0.6884   -0.5016
   -0.8493   -0.3777    0.3689
    0.0645    0.6193    0.7825
...   127 G-C ...
   29.9623  -63.1424   29.5217
   -0.8867    0.3004   -0.3513
   -0.4578   -0.6757    0.5777
   -0.0638    0.6732    0.7367
...   128 A-T ...
   29.9071  -61.0254   31.8580
   -0.9869   -0.1570    0.0379
    0.1432   -0.7427    0.6541
   -0.0746    0.6510    0.7554
...   129 C-G ...
   29.3405  -58.4237   33.8047
   -0.7602   -0.5566    0.3352
    0.6388   -0.5462    0.5418
   -0.1184    0.6260    0.7708
...   130 C-G ...
   28.1922  -56.3804   36.3016
   -0.3094   -0.8323    0.4599
    0.9299   -0.1636    0.3296
   -0.1991    0.5296    0.8245
...   131 A-T ...
   27.9010  -54.9894   39.3307
    0.2638   -0.8654    0.4260
    0.9437    0.3230    0.0720
   -0.1999    0.3830    0.9019
...   132 A-T ...
   27.1257  -53.9451   42.3377
    0.7532   -0.5408    0.3745
    0.6271    0.7621   -0.1609
   -0.1984    0.3560    0.9132
...   133 A-T ...
   26.2703  -53.1298   45.4074
    0.9691    0.0277    0.2452
    0.0635    0.9322   -0.3564
   -0.2385    0.3609    0.9016
...   134 T-A ...
   25.6209  -52.5913   48.6399
    0.8597    0.5097    0.0340
   -0.4497    0.7866   -0.4231
   -0.2424    0.3485    0.9054
...   135 G-C ...
   25.2757  -52.5095   52.0791
    0.3204    0.9427   -0.0928
   -0.8825    0.2614   -0.3910
   -0.3443    0.2071    0.9157
...   136 T-A ...
   25.5258  -52.9786   55.8049
   -0.2439    0.9563   -0.1610
   -0.8908   -0.2866   -0.3525
   -0.3833    0.0575    0.9218
...   137 G-C ...
   24.8933  -52.7377   58.9864
   -0.7529    0.5562   -0.3519
   -0.5215   -0.8303   -0.1966
   -0.4015    0.0355    0.9152
...   138 A-T ...
   24.0143  -51.6373   61.9241
   -0.9563    0.0401   -0.2896
   -0.0524   -0.9980    0.0347
   -0.2876    0.0484    0.9565
...   139 G-C ...
   22.3467  -51.2411   64.4939
   -0.8529   -0.5118   -0.1033
    0.4974   -0.8566    0.1373
   -0.1587    0.0657    0.9851
...   140 C-G ...
   22.1503  -50.1498   67.4638
   -0.4681   -0.8748    0.1248
    0.8495   -0.4066    0.3362
   -0.2434    0.2634    0.9335
...   141 G-C ...
   21.4256  -51.8265   72.7875
    0.1303   -0.7143   -0.6876
    0.8897   -0.2218    0.3990
   -0.4375   -0.6638    0.6066
...   142 C-G ...
   20.4246  -54.3094   74.5418
    0.5846   -0.7390   -0.3348
    0.7594    0.3532    0.5465
   -0.2856   -0.5737    0.7676
...   143 T-A ...
   18.4271  -55.5289   76.5298
    0.8548   -0.5005    0.1370
    0.3188    0.7148    0.6224
   -0.4095   -0.4884    0.7706
...   144 C-G ...
   16.8371  -57.7221   78.2673
    0.8529   -0.0846    0.5151
   -0.1508    0.9048    0.3983
   -0.4998   -0.4174    0.7589
...   145 A-T ...
   15.7829  -59.5615   80.7980
    0.5516    0.4995    0.6680
   -0.6739    0.7388    0.0039
   -0.4916   -0.4523    0.7441
...   146 C-G ...
   15.7314  -61.4940   83.9316
    0.0344    0.7399    0.6718
   -0.8637    0.3602   -0.3526
   -0.5029   -0.5681    0.6514
...   147 A-T ...
   14.7383  -63.4278   86.8192
   -0.5924    0.6746    0.4405
   -0.6886   -0.1401   -0.7114
   -0.4182   -0.7248    0.5475
