  147 base-pairs
...     1 T-A ...
    0.0000    0.0000    0.0000
    1.0000    0.0000    0.0000
    0.0000    1.0000    0.0000
    0.0000    0.0000    1.0000
...     2 G-C ...
   -0.5555   -1.1003    3.3981
    0.7749    0.6051    0.1828
   -0.5991    0.7953   -0.0929
   -0.2016   -0.0375    0.9787
...     3 T-A ...
   -0.6619   -3.0237    6.5348
    0.3046    0.9250    0.2271
   -0.8994    0.3578   -0.2510
   -0.3134   -0.1278    0.9410
...     4 G-C ...
   -1.1607   -3.8418    9.6940
   -0.3351    0.9421    0.0133
   -0.8752   -0.3061   -0.3746
   -0.3489   -0.1372    0.9271
...     5 A-T ...
   -1.3881   -3.6770   12.8999
   -0.7835    0.6162   -0.0801
   -0.5677   -0.7622   -0.3109
   -0.2527   -0.1981    0.9470
...     6 G-C ...
   -2.6236   -3.5448   15.7072
   -0.9923    0.0611   -0.1075
   -0.0294   -0.9610   -0.2748
   -0.1201   -0.2695    0.9555
...     7 C-G ...
   -2.3138   -3.7570   18.8866
   -0.8620   -0.4995   -0.0864
    0.5008   -0.8655    0.0073
   -0.0785   -0.0370    0.9962
...     8 G-C ...
   -3.9561   -6.8109   23.3205
   -0.2581   -0.3560   -0.8981
    0.6294   -0.7673    0.1233
   -0.7330   -0.5335    0.4221
...     9 C-G ...
   -6.1177   -8.9414   24.2385
    0.1143   -0.7320   -0.6716
    0.8123   -0.3203    0.4874
   -0.5720   -0.6013    0.5580
...    10 T-A ...
   -8.5041   -9.6771   26.0540
    0.4660   -0.8587   -0.2131
    0.6274    0.1508    0.7640
   -0.6239   -0.4897    0.6090
...    11 C-G ...
  -11.0625  -11.3174   27.2336
    0.6660   -0.6911    0.2808
    0.3382    0.6152    0.7121
   -0.6649   -0.3794    0.6435
...    12 A-T ...
  -13.0013  -13.1789   29.0658
    0.7188   -0.1490    0.6790
   -0.1787    0.9043    0.3876
   -0.6718   -0.4000    0.6235
...    13 C-G ...
  -14.1788  -15.9359   31.3399
    0.4052    0.2865    0.8682
   -0.5270    0.8492   -0.0343
   -0.7470   -0.4437    0.4951
...    14 A-T ...
  -15.9532  -18.1566   33.3080
   -0.1503    0.6873    0.7107
   -0.6106    0.5008   -0.6135
   -0.7776   -0.5261    0.3444
...    15 A-T ...
  -18.3980  -19.9572   34.4294
   -0.4568    0.8614    0.2220
   -0.3923    0.0289   -0.9194
   -0.7984   -0.5070    0.3248
...    16 T-A ...
  -20.8133  -21.5346   36.2042
   -0.6213    0.7247   -0.2978
   -0.0682   -0.4287   -0.9009
   -0.7806   -0.5394    0.3158
...    17 T-A ...
  -23.3889  -23.0862   37.5524
   -0.5597    0.3230   -0.7631
    0.3207   -0.7647   -0.5589
   -0.7641   -0.5575    0.3244
...    18 T-A ...
  -25.9684  -24.7351   38.5763
   -0.2429   -0.1210   -0.9625
    0.5666   -0.8231   -0.0395
   -0.7874   -0.5549    0.2684
...    19 A-T ...
  -28.5564  -26.6860   39.2518
    0.1934   -0.4897   -0.8502
    0.5785   -0.6429    0.5019
   -0.7924   -0.5889    0.1590
...    20 T-A ...
  -31.4997  -28.2117   39.2724
    0.4628   -0.7504   -0.4720
    0.3926   -0.3039    0.8681
   -0.7948   -0.5870    0.1539
...    21 T-A ...
  -34.1646  -30.0999   39.4570
    0.5947   -0.7959    0.1135
    0.0380    0.1688    0.9849
   -0.8030   -0.5815    0.1306
...    22 C-G ...
  -36.7482  -32.0905   39.8500
    0.5206   -0.5340    0.6662
   -0.3346    0.5903    0.7346
   -0.7855   -0.6053    0.1286
...    23 G-C ...
  -39.4695  -33.7895   40.8520
    0.3400   -0.0405    0.9396
   -0.6046    0.7559    0.2514
   -0.7204   -0.6535    0.2325
...    24 C-G ...
  -41.5605  -36.2052   41.5853
    0.0112    0.3964    0.9180
   -0.6907    0.6669   -0.2796
   -0.7230   -0.6310    0.2813
...    25 A-T ...
  -44.2781  -38.0379   42.1253
   -0.3586    0.7406    0.5683
   -0.5601    0.3163   -0.7656
   -0.7468   -0.5929    0.3014
...    26 A-T ...
  -46.6638  -39.9672   43.2979
   -0.6154    0.7876    0.0316
   -0.2513   -0.1581   -0.9549
   -0.7471   -0.5955    0.2953
...    27 A-T ...
  -49.0186  -41.8149   44.5930
   -0.6555    0.5447   -0.5231
    0.1664   -0.5714   -0.8036
   -0.7366   -0.6138    0.2839
...    28 G-C ...
  -51.7278  -43.4569   45.7646
   -0.4151    0.2008   -0.8873
    0.4727   -0.7858   -0.3990
   -0.7773   -0.5850    0.2313
...    29 G-C ...
  -54.6975  -45.1171   46.4076
   -0.0021   -0.2124   -0.9772
    0.6095   -0.7749    0.1672
   -0.7928   -0.5953    0.1311
...    30 C-G ...
  -57.5307  -46.7744   46.4516
    0.3839   -0.5575   -0.7361
    0.4895   -0.5531    0.6742
   -0.7829   -0.6191    0.0605
...    31 C-G ...
  -60.2722  -48.6936   46.3811
    0.6540   -0.7148   -0.2479
    0.1714   -0.1792    0.9688
   -0.7369   -0.6760    0.0053
...    32 G-C ...
  -62.3269  -50.9683   46.6246
    0.7231   -0.6322    0.2784
   -0.2241    0.1665    0.9602
   -0.6534   -0.7567   -0.0213
...    33 G-C ...
  -64.0481  -53.8700   46.5352
    0.5119   -0.3969    0.7619
   -0.6182    0.4456    0.6475
   -0.5965   -0.8025   -0.0172
...    34 C-G ...
  -65.6596  -56.7229   46.4605
    0.0994   -0.0570    0.9934
   -0.8130    0.5710    0.1141
   -0.5737   -0.8190    0.0104
...    35 C-G ...
  -67.3785  -59.6350   46.8681
   -0.3662    0.2950    0.8826
   -0.7417    0.4802   -0.4682
   -0.5620   -0.8260    0.0430
...    36 C-G ...
  -69.1671  -62.4634   47.2954
   -0.6981    0.5423    0.4676
   -0.4257    0.2108   -0.8800
   -0.5758   -0.8133    0.0837
...    37 G-C ...
  -71.1436  -65.2109   46.5203
   -0.7774    0.6176   -0.1188
    0.0587   -0.1169   -0.9914
   -0.6262   -0.7777    0.0546
...    38 A-T ...
  -72.9961  -67.7545   46.7667
   -0.5900    0.4430   -0.6750
    0.5206   -0.4303   -0.7374
   -0.6172   -0.7865    0.0233
...    39 C-G ...
  -75.3637  -69.9113   46.9034
   -0.2005    0.2032   -0.9584
    0.7474   -0.6007   -0.2837
   -0.6334   -0.7732   -0.0315
...    40 A-T ...
  -77.5719  -72.4106   46.6341
    0.3234   -0.0835   -0.9426
    0.7192   -0.6257    0.3022
   -0.6150   -0.7756   -0.1423
...    41 C-G ...
  -79.7150  -74.6805   45.6433
    0.6868   -0.3331   -0.6460
    0.4446   -0.5106    0.7360
   -0.5750   -0.7927   -0.2026
...    42 G-C ...
  -81.3561  -77.5657   45.2771
    0.8666   -0.4922   -0.0823
   -0.0632   -0.2719    0.9602
   -0.4950   -0.8269   -0.2667
...    43 A-T ...
  -82.9219  -80.1751   44.3614
    0.6673   -0.5535    0.4983
   -0.5612    0.0661    0.8250
   -0.4896   -0.8302   -0.2665
...    44 C-G ...
  -84.0269  -82.9871   43.0104
    0.2900   -0.3970    0.8708
   -0.8443    0.3224    0.4281
   -0.4506   -0.8594   -0.2417
...    45 T-A ...
  -84.9401  -86.3942   42.1475
   -0.2334   -0.1349    0.9630
   -0.8679    0.4755   -0.1437
   -0.4385   -0.8693   -0.2280
...    46 T-A ...
  -85.9818  -89.3928   41.4233
   -0.6662    0.1031    0.7386
   -0.6132    0.4880   -0.6212
   -0.4245   -0.8668   -0.2619
...    47 A-T ...
  -87.5279  -92.1412   40.1865
   -0.9142    0.3728    0.1588
   -0.0354    0.3169   -0.9478
   -0.4036   -0.8721   -0.2765
...    48 C-G ...
  -89.0100  -95.1312   39.9211
   -0.7875    0.4942   -0.3682
    0.4595    0.0728   -0.8852
   -0.4106   -0.8663   -0.2844
...    49 T-A ...
  -90.7539  -97.9350   39.1958
   -0.3843    0.5229   -0.7609
    0.8068   -0.2104   -0.5521
   -0.4488   -0.8260   -0.3410
...    50 G-C ...
  -92.3079 -100.5826   37.7760
    0.1932    0.4298   -0.8820
    0.8827   -0.4686   -0.0350
   -0.4283   -0.7718   -0.4699
...    51 T-A ...
  -94.0888 -102.6849   36.1327
    0.6275    0.2063   -0.7508
    0.6764   -0.6221    0.3943
   -0.3857   -0.7553   -0.5299
...    52 A-T ...
  -95.2876 -104.7184   33.7296
    0.9486    0.0192   -0.3160
    0.2439   -0.6807    0.6907
   -0.2018   -0.7323   -0.6504
...    53 G-C ...
  -96.0498 -106.8297   31.3977
    0.9630   -0.2278    0.1440
   -0.2585   -0.6295    0.7327
   -0.0763   -0.7429   -0.6651
...    54 G-C ...
  -95.7068 -109.0466   28.5375
    0.6730   -0.4622    0.5774
   -0.7393   -0.4434    0.5067
    0.0218   -0.7679   -0.6402
...    55 T-A ...
  -95.0564 -111.4523   26.4181
    0.1968   -0.6143    0.7641
   -0.9788   -0.1679    0.1171
    0.0564   -0.7710   -0.6343
...    56 A-T ...
  -94.3555 -114.1346   24.4499
   -0.4112   -0.5733    0.7087
   -0.9077    0.1861   -0.3761
    0.0838   -0.7979   -0.5969
...    57 T-A ...
  -93.4204 -116.8950   22.8734
   -0.8175   -0.4236    0.3902
   -0.5650    0.4581   -0.6863
    0.1120   -0.7815   -0.6138
...    58 C-G ...
  -93.0177 -119.7016   21.0474
   -0.9896   -0.0623   -0.1296
    0.0603    0.6382   -0.7675
    0.1305   -0.7674   -0.6278
...    59 T-A ...
  -92.8446 -122.4537   19.1221
   -0.8103    0.3176   -0.4925
    0.5774    0.5758   -0.5788
    0.0997   -0.7534   -0.6500
...    60 C-G ...
  -92.4844 -125.0361   16.9748
   -0.3206    0.6165   -0.7191
    0.9401    0.2999   -0.1621
    0.1157   -0.7280   -0.6757
...    61 G-C ...
  -91.5968 -127.1998   14.6548
    0.1647    0.8105   -0.5621
    0.9730   -0.0401    0.2272
    0.1617   -0.5843   -0.7953
...    62 A-T ...
  -90.9282 -129.2887   12.2582
    0.6558    0.7090   -0.2593
    0.7085   -0.4594    0.5358
    0.2608   -0.5351   -0.8035
...    63 G-C ...
  -90.0403 -130.6461    9.3653
    0.8936    0.4293    0.1309
    0.2835   -0.7659    0.5771
    0.3480   -0.4786   -0.8061
...    64 C-G ...
  -88.7477 -131.6993    6.4222
    0.8723   -0.0432    0.4870
   -0.2559   -0.8891    0.3795
    0.4166   -0.4556   -0.7866
...    65 T-A ...
  -87.1906 -132.8775    3.7657
    0.5837   -0.4658    0.6651
   -0.6458   -0.7628    0.0326
    0.4922   -0.4485   -0.7461
...    66 C-G ...
  -85.5876 -134.7304    1.6518
    0.0936   -0.8057    0.5848
   -0.8087   -0.4042   -0.4274
    0.5807   -0.4329   -0.6894
...    67 G-C ...
  -84.4523 -136.6866   -1.0251
   -0.4008   -0.8795    0.2568
   -0.6767    0.0952   -0.7300
    0.6176   -0.4663   -0.6333
...    68 G-C ...
  -82.2549 -138.3902   -2.9488
   -0.7270   -0.6641   -0.1746
   -0.3369    0.5666   -0.7520
    0.5983   -0.4879   -0.6356
...    69 G-C ...
  -80.2936 -140.2244   -4.9385
   -0.8336   -0.2083   -0.5115
    0.1297    0.8264   -0.5479
    0.5369   -0.5231   -0.6619
...    70 A-T ...
  -78.5105 -142.2233   -6.9731
   -0.5783    0.3278   -0.7471
    0.5975    0.7937   -0.1142
    0.5555   -0.5125   -0.6548
...    71 T-A ...
  -77.1512 -144.2942   -9.1630
   -0.1944    0.7017   -0.6854
    0.8048    0.5135    0.2975
    0.5607   -0.4938   -0.6646
...    72 C-G ...
  -75.4718 -145.9345  -11.4897
    0.2924    0.8881   -0.3546
    0.7567    0.0119    0.6537
    0.5848   -0.4595   -0.6685
...    73 C-G ...
  -73.7402 -147.6997  -13.6780
    0.5262    0.8386    0.1406
    0.4896   -0.4340    0.7563
    0.6953   -0.3292   -0.6390
...    74 G-C ...
  -71.1196 -148.7940  -15.4029
    0.5545    0.5452    0.6287
    0.1851   -0.8174    0.5456
    0.8113   -0.1862   -0.5542
...    75 C-G ...
  -68.2755 -148.8211  -17.3633
    0.5336   -0.0064    0.8457
   -0.1368   -0.9875    0.0788
    0.8346   -0.1577   -0.5278
...    76 T-A ...
  -65.0412 -148.9410  -18.6629
    0.3482   -0.5559    0.7548
   -0.3412   -0.8251   -0.4503
    0.8731   -0.1008   -0.4769
...    77 T-A ...
  -62.0332 -149.0133  -19.9313
    0.1211   -0.9356    0.3318
   -0.4628   -0.3489   -0.8149
    0.8781   -0.0549   -0.4752
...    78 T-A ...
  -59.0023 -149.0774  -21.1477
   -0.1164   -0.9685   -0.2203
   -0.4526    0.2492   -0.8562
    0.8841    0.0000   -0.4673
...    79 A-T ...
  -56.4601 -148.4019  -23.1862
   -0.2241   -0.6052   -0.7639
   -0.3300    0.7846   -0.5248
    0.9170    0.1345   -0.3756
...    80 A-T ...
  -53.4443 -148.0797  -24.2720
   -0.3314   -0.0463   -0.9424
   -0.1853    0.9825    0.0169
    0.9251    0.1802   -0.3342
...    81 C-G ...
  -50.3216 -148.0497  -25.5411
   -0.3809    0.4850   -0.7872
   -0.0001    0.8514    0.5246
    0.9246    0.1999   -0.3242
...    82 A-T ...
  -47.2809 -147.4164  -26.6634
   -0.3996    0.8561   -0.3277
    0.1947    0.4286    0.8823
    0.8958    0.2888   -0.3380
...    83 C-G ...
  -44.6047 -146.4429  -28.4017
   -0.2906    0.9404    0.1767
    0.3622   -0.0628    0.9300
    0.8856    0.3342   -0.3224
...    84 T-A ...
  -41.8140 -144.8377  -29.9125
   -0.1431    0.7067    0.6929
    0.4661   -0.5695    0.6771
    0.8731    0.4199   -0.2479
...    85 T-A ...
  -39.2120 -143.1232  -30.7884
    0.1034    0.2550    0.9614
    0.4753   -0.8618    0.1774
    0.8737    0.4386   -0.2102
...    86 T-A ...
  -36.4702 -141.5464  -31.3379
    0.2888   -0.2835    0.9144
    0.3665   -0.8497   -0.3792
    0.8845    0.4446   -0.1415
...    87 A-T ...
  -33.4441 -140.2258  -31.6741
    0.3747   -0.7413    0.5569
    0.1903   -0.5264   -0.8287
    0.9074    0.4165   -0.0562
...    88 T-A ...
  -30.6884 -138.5606  -31.1341
    0.3982   -0.9111    0.1064
    0.0286   -0.1036   -0.9942
    0.9168    0.3990   -0.0152
...    89 G-C ...
  -27.5693 -137.4570  -30.9536
    0.2559   -0.8176   -0.5158
   -0.1796    0.4841   -0.8564
    0.9499    0.3118   -0.0230
...    90 C-G ...
  -24.3052 -136.7774  -30.8980
    0.1085   -0.4083   -0.9064
   -0.2964    0.8570   -0.4215
    0.9489    0.3144   -0.0280
...    91 T-A ...
  -20.9185 -136.1624  -31.0570
   -0.0802    0.1512   -0.9852
   -0.2858    0.9434    0.1681
    0.9549    0.2951   -0.0324
...    92 T-A ...
  -17.8015 -135.4063  -31.2142
   -0.2419    0.6470   -0.7231
   -0.2152    0.6909    0.6902
    0.9461    0.3226   -0.0279
...    93 C-G ...
  -14.6508 -134.4082  -31.5266
   -0.3808    0.9038   -0.1952
   -0.0519    0.1898    0.9804
    0.9232    0.3835   -0.0254
...    94 C-G ...
  -11.4992 -133.4419  -31.6875
   -0.5036    0.8004    0.3252
    0.1251   -0.3049    0.9441
    0.8548    0.5162    0.0534
...    95 G-C ...
   -8.9236 -131.8468  -31.2556
   -0.5153    0.4553    0.7261
    0.3740   -0.6428    0.6685
    0.7711    0.6160    0.1609
...    96 G-C ...
   -6.7837 -129.4408  -30.4456
   -0.3191   -0.0270    0.9473
    0.6313   -0.7516    0.1912
    0.7069    0.6590    0.2569
...    97 C-G ...
   -5.0047 -126.8862  -29.1766
    0.0363   -0.4625    0.8859
    0.7315   -0.5917   -0.3389
    0.6809    0.6603    0.3168
...    98 T-A ...
   -2.9840 -124.6839  -27.3748
    0.4326   -0.7194    0.5434
    0.6426   -0.1768   -0.7456
    0.6324    0.6717    0.3858
...    99 T-A ...
   -1.0791 -122.5961  -25.8517
    0.7029   -0.7108    0.0260
    0.3156    0.2790   -0.9070
    0.6374    0.6457    0.4204
...   100 C-G ...
    1.1742 -120.4527  -24.7031
    0.7661   -0.3979   -0.5048
   -0.1383    0.6650   -0.7340
    0.6277    0.6321    0.4544
...   101 A-T ...
    3.1048 -118.2803  -23.0128
    0.5179   -0.0177   -0.8553
   -0.5084    0.7977   -0.3244
    0.6880    0.6029    0.4041
...   102 T-A ...
    5.6387 -116.7293  -21.6652
    0.1882    0.3754   -0.9076
   -0.7018    0.6979    0.1431
    0.6871    0.6100    0.3948
...   103 G-C ...
    8.1418 -114.7556  -20.3695
   -0.2928    0.6740   -0.6782
   -0.7049    0.3271    0.6294
    0.6460    0.6623    0.3794
...   104 T-A ...
   10.6518 -112.6890  -19.6200
   -0.6269    0.7342   -0.2605
   -0.4659   -0.0854    0.8807
    0.6244    0.6735    0.3957
...   105 T-A ...
   12.5613 -110.4268  -18.5611
   -0.8234    0.5262    0.2122
   -0.0673   -0.4620    0.8843
    0.5634    0.7139    0.4159
...   106 A-T ...
   14.1729 -108.0306  -17.0487
   -0.8237    0.1046    0.5573
    0.3683   -0.6487    0.6660
    0.4312    0.7538    0.4958
...   107 T-A ...
   15.0671 -105.1825  -15.8379
   -0.5500   -0.2416    0.7994
    0.7265   -0.6105    0.3153
    0.4119    0.7542    0.5114
...   108 A-T ...
   16.2996 -102.7960  -13.9668
   -0.1450   -0.6149    0.7751
    0.9303   -0.3515   -0.1048
    0.3369    0.7059    0.6230
...   109 A-T ...
   17.1067 -100.5815  -11.8659
    0.3608   -0.7378    0.5705
    0.8761    0.0584   -0.4786
    0.3198    0.6725    0.6675
...   110 C-G ...
   17.6221  -98.6048   -9.0912
    0.7779   -0.5870    0.2241
    0.5476    0.4585   -0.6999
    0.3081    0.6672    0.6782
...   111 G-C ...
   18.9698  -96.4525   -7.0292
    0.9361   -0.2423   -0.2552
    0.0169    0.7554   -0.6551
    0.3514    0.6089    0.7112
...   112 G-C ...
   20.3555  -94.6416   -4.6523
    0.7799    0.1452   -0.6089
   -0.4614    0.7907   -0.4023
    0.4230    0.5947    0.6837
...   113 A-T ...
   21.8925  -92.8298   -2.4470
    0.3508    0.5581   -0.7519
   -0.8278    0.5602    0.0296
    0.4377    0.6121    0.6586
...   114 C-G ...
   23.9281  -91.0478   -0.5235
   -0.1259    0.7597   -0.6380
   -0.8842    0.2057    0.4194
    0.4498    0.6169    0.6458
...   115 G-C ...
   25.4483  -88.8444    1.5277
   -0.6411    0.6551   -0.3998
   -0.6792   -0.2418    0.6930
    0.3573    0.7158    0.6000
...   116 T-A ...
   26.6343  -86.1008    2.9054
   -0.9222    0.3864   -0.0167
   -0.2460   -0.5527    0.7962
    0.2985    0.7383    0.6048
...   117 A-T ...
   27.4017  -83.1082    4.4623
   -0.9392   -0.0761    0.3347
    0.3015   -0.6491    0.6984
    0.1641    0.7569    0.6326
...   118 T-A ...
   27.4939  -80.2921    6.0284
   -0.6772   -0.3951    0.6207
    0.7204   -0.5278    0.4499
    0.1498    0.7518    0.6421
...   119 A-T ...
   27.8533  -77.9386    8.2777
   -0.2233   -0.7015    0.6767
    0.9724   -0.2086    0.1046
    0.0678    0.6814    0.7288
...   120 A-T ...
   27.7104  -75.8244   10.7176
    0.3452   -0.7327    0.5865
    0.9369    0.2325   -0.2610
    0.0549    0.6396    0.7668
...   121 T-A ...
   27.2963  -74.0508   13.5104
    0.7745   -0.5104    0.3736
    0.6312    0.5848   -0.5095
    0.0415    0.6305    0.7751
...   122 G-C ...
   27.4163  -72.1704   16.3430
    0.9930   -0.1133   -0.0332
    0.0696    0.7893   -0.6101
    0.0953    0.6035    0.7916
...   123 T-A ...
   27.8573  -70.6402   19.2110
    0.8985    0.2958   -0.3242
   -0.4288    0.7493   -0.5046
    0.0937    0.5924    0.8002
...   124 G-C ...
   28.2603  -68.7173   21.8858
    0.4846    0.6470   -0.5887
   -0.8640    0.4591   -0.2067
    0.1365    0.6088    0.7815
...   125 T-A ...
   29.1837  -66.9769   24.4481
   -0.0318    0.7728   -0.6339
   -0.9906    0.0601    0.1230
    0.1332    0.6318    0.7636
...   126 C-G ...
   29.6611  -64.9508   26.8363
   -0.6021    0.6654   -0.4413
   -0.7871   -0.4017    0.4681
    0.1342    0.6291    0.7656
...   127 G-C ...
   29.6025  -63.0977   29.5325
   -0.9199    0.2683   -0.2861
   -0.3914   -0.6750    0.6254
   -0.0254    0.6873    0.7260
...   128 A-T ...
   29.6742  -60.9404   31.8140
   -0.9778   -0.1797    0.1078
    0.2058   -0.7259    0.6563
   -0.0397    0.6639    0.7468
...   129 C-G ...
   29.1734  -58.3119   33.7306
   -0.7270   -0.5659    0.3888
    0.6809   -0.5216    0.5141
   -0.0882    0.6385    0.7646
...   130 C-G ...
   28.0557  -56.2607   36.2396
   -0.2758   -0.8305    0.4839
    0.9456   -0.1440    0.2919
   -0.1727    0.5381    0.8250
...   131 A-T ...
   27.7806  -54.9144   39.2768
    0.2801   -0.8648    0.4168
    0.9434    0.3284    0.0473
   -0.1778    0.3799    0.9078
...   132 A-T ...
   27.0615  -53.9100   42.3116
    0.7606   -0.5399    0.3605
    0.6230    0.7633   -0.1712
   -0.1827    0.3548    0.9169
...   133 A-T ...
   26.2468  -53.1063   45.3926
    0.9715    0.0292    0.2353
    0.0586    0.9321   -0.3575
   -0.2297    0.3611    0.9038
...   134 T-A ...
   25.6210  -52.5914   48.6400
    0.8597    0.5097    0.0340
   -0.4497    0.7866   -0.4231
   -0.2424    0.3485    0.9054
...   135 G-C ...
   25.2758  -52.5097   52.0791
    0.3204    0.9427   -0.0928
   -0.8825    0.2614   -0.3910
   -0.3443    0.2071    0.9157
...   136 T-A ...
   25.5259  -52.9788   55.8049
   -0.2439    0.9563   -0.1610
   -0.8908   -0.2866   -0.3525
   -0.3833    0.0575    0.9218
...   137 G-C ...
   24.8934  -52.7378   58.9865
   -0.7529    0.5562   -0.3519
   -0.5215   -0.8303   -0.1966
   -0.4015    0.0355    0.9152
...   138 A-T ...
   24.0144  -51.6375   61.9242
   -0.9563    0.0401   -0.2896
   -0.0524   -0.9980    0.0347
   -0.2876    0.0484    0.9565
...   139 G-C ...
   22.3468  -51.2412   64.4939
   -0.8529   -0.5118   -0.1033
    0.4974   -0.8566    0.1373
   -0.1587    0.0657    0.9851
...   140 C-G ...
   22.1504  -50.1499   67.4638
   -0.4681   -0.8748    0.1248
    0.8495   -0.4066    0.3362
   -0.2434    0.2634    0.9335
...   141 G-C ...
   21.4258  -51.8267   72.7876
    0.1303   -0.7143   -0.6876
    0.8897   -0.2218    0.3990
   -0.4375   -0.6638    0.6066
...   142 C-G ...
   20.4247  -54.3096   74.5418
    0.5846   -0.7390   -0.3348
    0.7594    0.3532    0.5465
   -0.2856   -0.5737    0.7676
...   143 T-A ...
   18.4272  -55.5291   76.5298
    0.8548   -0.5005    0.1370
    0.3188    0.7148    0.6224
   -0.4095   -0.4884    0.7706
...   144 C-G ...
   16.8373  -57.7223   78.2673
    0.8529   -0.0846    0.5151
   -0.1508    0.9048    0.3983
   -0.4998   -0.4174    0.7589
...   145 A-T ...
   15.7830  -59.5616   80.7981
    0.5516    0.4995    0.6680
   -0.6739    0.7388    0.0039
   -0.4916   -0.4523    0.7441
...   146 C-G ...
   15.7316  -61.4941   83.9316
    0.0344    0.7399    0.6718
   -0.8637    0.3602   -0.3526
   -0.5029   -0.5681    0.6514
...   147 A-T ...
   14.7385  -63.4280   86.8192
   -0.5924    0.6746    0.4405
   -0.6886   -0.1401   -0.7114
   -0.4182   -0.7248    0.5475
