  147 base-pairs
...     1 T-A ...
    0.0000    0.0000    0.0000
    1.0000    0.0000    0.0000
    0.0000    1.0000    0.0000
    0.0000    0.0000    1.0000
...     2 G-C ...
   -0.5555   -1.1003    3.3981
    0.7749    0.6051    0.1828
   -0.5991    0.7953   -0.0929
   -0.2016   -0.0375    0.9787
...     3 T-A ...
   -0.6619   -3.0237    6.5348
    0.3046    0.9250    0.2271
   -0.8994    0.3578   -0.2510
   -0.3134   -0.1278    0.9410
...     4 G-C ...
   -1.1607   -3.8418    9.6940
   -0.3351    0.9421    0.0133
   -0.8752   -0.3061   -0.3746
   -0.3489   -0.1372    0.9271
...     5 A-T ...
   -1.3881   -3.6770   12.8999
   -0.7835    0.6162   -0.0801
   -0.5677   -0.7622   -0.3109
   -0.2527   -0.1981    0.9470
...     6 G-C ...
   -2.6236   -3.5448   15.7072
   -0.9923    0.0611   -0.1075
   -0.0294   -0.9610   -0.2748
   -0.1201   -0.2695    0.9555
...     7 C-G ...
   -2.3138   -3.7570   18.8866
   -0.8620   -0.4995   -0.0864
    0.5008   -0.8655    0.0073
   -0.0785   -0.0370    0.9962
...     8 G-C ...
   -3.9561   -6.8109   23.3205
   -0.2581   -0.3560   -0.8981
    0.6294   -0.7673    0.1233
   -0.7330   -0.5335    0.4221
...     9 C-G ...
   -6.1177   -8.9414   24.2385
    0.1143   -0.7320   -0.6716
    0.8123   -0.3203    0.4874
   -0.5720   -0.6013    0.5580
...    10 T-A ...
   -8.5041   -9.6771   26.0540
    0.4660   -0.8587   -0.2131
    0.6274    0.1508    0.7640
   -0.6239   -0.4897    0.6090
...    11 C-G ...
  -11.0625  -11.3174   27.2336
    0.6660   -0.6911    0.2808
    0.3382    0.6152    0.7121
   -0.6649   -0.3794    0.6435
...    12 A-T ...
  -13.0013  -13.1789   29.0658
    0.7188   -0.1490    0.6790
   -0.1787    0.9043    0.3876
   -0.6718   -0.4000    0.6235
...    13 C-G ...
  -14.1788  -15.9359   31.3399
    0.4052    0.2865    0.8682
   -0.5270    0.8492   -0.0343
   -0.7470   -0.4437    0.4951
...    14 A-T ...
  -15.9532  -18.1566   33.3080
   -0.1503    0.6873    0.7107
   -0.6106    0.5008   -0.6135
   -0.7776   -0.5261    0.3444
...    15 A-T ...
  -18.4004  -19.9527   34.4314
   -0.4560    0.8620    0.2217
   -0.3932    0.0283   -0.9190
   -0.7984   -0.5062    0.3260
...    16 T-A ...
  -20.8155  -21.5249   36.2107
   -0.6210    0.7250   -0.2978
   -0.0699   -0.4296   -0.9003
   -0.7807   -0.5383    0.3175
...    17 T-A ...
  -23.3906  -23.0709   37.5653
   -0.5608    0.3225   -0.7626
    0.3188   -0.7659   -0.5583
   -0.7641   -0.5562    0.3267
...    18 T-A ...
  -25.9713  -24.7123   38.6003
   -0.2461   -0.1235   -0.9613
    0.5659   -0.8236   -0.0391
   -0.7869   -0.5536    0.2726
...    19 A-T ...
  -28.5606  -26.6584   39.2957
    0.1891   -0.4954   -0.8479
    0.5801   -0.6403    0.5035
   -0.7923   -0.5871    0.1663
...    20 T-A ...
  -31.5069  -28.1794   39.3423
    0.4593   -0.7545   -0.4688
    0.3965   -0.2981    0.8683
   -0.7949   -0.5847    0.1622
...    21 T-A ...
  -34.1750  -30.0598   39.5553
    0.5941   -0.7960    0.1162
    0.0439    0.1763    0.9833
   -0.8032   -0.5791    0.1397
...    22 C-G ...
  -36.7618  -32.0400   39.9790
    0.5241   -0.5295    0.6670
   -0.3289    0.5966    0.7320
   -0.7856   -0.6031    0.1385
...    23 G-C ...
  -39.4833  -33.7234   41.0086
    0.3471   -0.0329    0.9373
   -0.6012    0.7592    0.2493
   -0.7198   -0.6500    0.2437
...    24 C-G ...
  -41.5726  -36.1282   41.7796
    0.0192    0.4046    0.9143
   -0.6917    0.6657   -0.2801
   -0.7219   -0.6271    0.2926
...    25 A-T ...
  -44.2893  -37.9472   42.3668
   -0.3517    0.7466    0.5647
   -0.5668    0.3102   -0.7632
   -0.7450   -0.5885    0.3141
...    26 A-T ...
  -46.6686  -39.8575   43.5826
   -0.6136    0.7891    0.0300
   -0.2612   -0.1669   -0.9507
   -0.7452   -0.5912    0.3086
...    27 A-T ...
  -49.0135  -41.6871   44.9208
   -0.6603    0.5404   -0.5216
    0.1571   -0.5797   -0.7995
   -0.7344   -0.6099    0.2978
...    28 G-C ...
  -51.7123  -43.3135   46.1382
   -0.4249    0.1918   -0.8847
    0.4676   -0.7903   -0.3960
   -0.7751   -0.5819    0.2461
...    29 G-C ...
  -54.6733  -44.9661   46.8362
   -0.0139   -0.2235   -0.9746
    0.6114   -0.7732    0.1686
   -0.7912   -0.5935    0.1474
...    30 C-G ...
  -57.5069  -46.6196   46.9425
    0.3748   -0.5659   -0.7343
    0.4985   -0.5448    0.6743
   -0.7816   -0.6189    0.0779
...    31 C-G ...
  -60.2517  -48.5361   46.9357
    0.6515   -0.7168   -0.2484
    0.1854   -0.1671    0.9684
   -0.7356   -0.6769    0.0241
...    32 G-C ...
  -62.3044  -50.8048   47.2361
    0.7290   -0.6267    0.2752
   -0.2097    0.1783    0.9614
   -0.6516   -0.7586   -0.0014
...    33 G-C ...
  -64.0196  -53.7087   47.2110
    0.5259   -0.3848    0.7585
   -0.6090    0.4522    0.6516
   -0.5937   -0.8047    0.0035
...    34 C-G ...
  -65.6174  -56.5697   47.2045
    0.1170   -0.0428    0.9922
   -0.8135    0.5690    0.1204
   -0.5697   -0.8212    0.0317
...    35 C-G ...
  -67.3140  -59.4830   47.6885
   -0.3515    0.3057    0.8849
   -0.7530    0.4693   -0.4612
   -0.5563   -0.8284    0.0653
...    36 C-G ...
  -69.0830  -62.3087   48.1943
   -0.6928    0.5445    0.4728
   -0.4442    0.1943   -0.8746
   -0.5681   -0.8159    0.1073
...    37 G-C ...
  -71.0600  -65.0785   47.4998
   -0.7850    0.6091   -0.1131
    0.0398   -0.1327   -0.9904
   -0.6182   -0.7819    0.0799
...    38 A-T ...
  -72.8863  -67.6323   47.8252
   -0.6077    0.4262   -0.6702
    0.5094   -0.4382   -0.7406
   -0.6093   -0.7914    0.0492
...    39 C-G ...
  -75.2315  -69.8082   48.0488
   -0.2225    0.1842   -0.9574
    0.7475   -0.5982   -0.2888
   -0.6259   -0.7799   -0.0046
...    40 A-T ...
  -77.4179  -72.3335   47.8758
    0.3041   -0.0979   -0.9476
    0.7327   -0.6117    0.2983
   -0.6089   -0.7850   -0.1143
...    41 C-G ...
  -79.5554  -74.6452   46.9771
    0.6767   -0.3371   -0.6545
    0.4669   -0.4909    0.7355
   -0.5693   -0.8034   -0.1748
...    42 G-C ...
  -81.1700  -77.5555   46.7077
    0.8717   -0.4812   -0.0926
   -0.0370   -0.2532    0.9667
   -0.4886   -0.8393   -0.2385
...    43 A-T ...
  -82.7191  -80.2030   45.8820
    0.6878   -0.5326    0.4933
   -0.5423    0.0747    0.8368
   -0.4825   -0.8431   -0.2375
...    44 C-G ...
  -83.8109  -83.0560   44.6124
    0.3182   -0.3729    0.8716
   -0.8390    0.3173    0.4420
   -0.4414   -0.8719   -0.2119
...    45 T-A ...
  -84.6856  -86.4954   43.8498
   -0.2064   -0.1165    0.9715
   -0.8800    0.4561   -0.1323
   -0.4277   -0.8823   -0.1967
...    46 T-A ...
  -85.6876  -89.5290   43.2231
   -0.6481    0.1082    0.7538
   -0.6393    0.4606   -0.6157
   -0.4139   -0.8810   -0.2294
...    47 A-T ...
  -87.2137  -92.3336   42.0882
   -0.9182    0.3567    0.1725
   -0.0658    0.2921   -0.9541
   -0.3907   -0.8874   -0.2447
...    48 C-G ...
  -88.6399  -95.3612   41.9342
   -0.8079    0.4656   -0.3611
    0.4361    0.0603   -0.8979
   -0.3963   -0.8829   -0.2517
...    49 T-A ...
  -90.3330  -98.2237   41.3248
   -0.4155    0.4925   -0.7647
    0.7984   -0.2053   -0.5660
   -0.4358   -0.8457   -0.3079
...    50 G-C ...
  -91.8453 -100.9490   40.0186
    0.1602    0.4085   -0.8986
    0.8943   -0.4453   -0.0430
   -0.4177   -0.7968   -0.4366
...    51 T-A ...
  -93.6064 -103.1475   38.4829
    0.6030    0.2012   -0.7719
    0.7034   -0.5904    0.3957
   -0.3762   -0.7816   -0.4975
...    52 A-T ...
  -94.8116 -105.2685   36.1541
    0.9395    0.0428   -0.3399
    0.2841   -0.6515    0.7034
   -0.1913   -0.7574   -0.6243
...    53 G-C ...
  -95.5612 -107.4699   33.9032
    0.9742   -0.1869    0.1266
   -0.2166   -0.6160    0.7573
   -0.0636   -0.7652   -0.6406
...    54 G-C ...
  -95.2017 -109.7567   31.1009
    0.7052   -0.4158    0.5743
   -0.7080   -0.4562    0.5391
    0.0378   -0.7868   -0.6161
...    55 T-A ...
  -94.5010 -112.2005   29.0467
    0.2416   -0.5785    0.7791
   -0.9675   -0.2051    0.1477
    0.0743   -0.7895   -0.6093
...    56 A-T ...
  -93.7183 -114.9214   27.1619
   -0.3664   -0.5630    0.7408
   -0.9245    0.1304   -0.3582
    0.1051   -0.8161   -0.5682
...    57 T-A ...
  -92.6959 -117.6959   25.6674
   -0.7864   -0.4441    0.4294
   -0.6034    0.4033   -0.6880
    0.1323   -0.8001   -0.5851
...    58 C-G ...
  -92.2093 -120.5539   23.9456
   -0.9886   -0.1136   -0.0991
    0.0098    0.6075   -0.7943
    0.1504   -0.7862   -0.5994
...    59 T-A ...
  -91.9531 -123.3741   22.1331
   -0.8371    0.2570   -0.4829
    0.5338    0.5770   -0.6182
    0.1198   -0.7752   -0.6202
...    60 C-G ...
  -91.5168 -126.0222   20.0860
   -0.3679    0.5672   -0.7369
    0.9200    0.3374   -0.1996
    0.1354   -0.7513   -0.6459
...    61 G-C ...
  -90.5711 -128.2449   17.8528
    0.1115    0.7881   -0.6054
    0.9784    0.0195    0.2057
    0.1740   -0.6152   -0.7689
...    62 A-T ...
  -89.8419 -130.4263   15.5641
    0.6127    0.7270   -0.3098
    0.7418   -0.3938    0.5428
    0.2726   -0.5624   -0.7806
...    63 G-C ...
  -88.9396 -131.8828   12.7264
    0.8718    0.4818    0.0884
    0.3346   -0.7175    0.6109
    0.3578   -0.5030   -0.7867
...    64 C-G ...
  -87.6524 -133.0236    9.8164
    0.8818    0.0314    0.4705
   -0.1999   -0.8788    0.4334
    0.4271   -0.4762   -0.7686
...    65 T-A ...
  -86.0766 -134.2533    7.1934
    0.6196   -0.3911    0.6805
   -0.6008   -0.7943    0.0905
    0.5051   -0.4649   -0.7271
...    66 C-G ...
  -84.3924 -136.1345    5.1741
    0.1495   -0.7587    0.6340
   -0.7892   -0.4779   -0.3857
    0.5956   -0.4427   -0.6702
...    67 G-C ...
  -83.1631 -138.1969    2.6390
   -0.3436   -0.8812    0.3248
   -0.6909    0.0029   -0.7229
    0.6361   -0.4728   -0.6098
...    68 G-C ...
  -80.8944 -139.9127    0.8148
   -0.6871   -0.7177   -0.1131
   -0.3795    0.4872   -0.7865
    0.6196   -0.4975   -0.6071
...    69 G-C ...
  -78.8563 -141.7801   -1.0633
   -0.8247   -0.2967   -0.4816
    0.0738    0.7877   -0.6117
    0.5608   -0.5400   -0.6277
...    70 A-T ...
  -76.9755 -143.8235   -2.9610
   -0.6029    0.2322   -0.7633
    0.5476    0.8162   -0.1842
    0.5802   -0.5290   -0.6192
...    71 T-A ...
  -75.5090 -145.9790   -4.9960
   -0.2405    0.6309   -0.7377
    0.7745    0.5828    0.2459
    0.5851   -0.5122   -0.6288
...    72 C-G ...
  -73.7485 -147.7052   -7.1992
    0.2386    0.8706   -0.4302
    0.7574    0.1104    0.6436
    0.6078   -0.4794   -0.6330
...    73 C-G ...
  -71.9279 -149.5530   -9.2436
    0.4771    0.8765    0.0642
    0.5161   -0.3386    0.7868
    0.7113   -0.3422   -0.6139
...    74 G-C ...
  -69.2554 -150.6413  -10.8847
    0.5228    0.6299    0.5744
    0.2327   -0.7537    0.6146
    0.8201   -0.1876   -0.5406
...    75 C-G ...
  -66.4245 -150.6862  -12.8614
    0.5328    0.1008    0.8402
   -0.0807   -0.9823    0.1690
    0.8424   -0.1579   -0.5153
...    76 T-A ...
  -63.1985 -150.7407  -14.1721
    0.3761   -0.4619    0.8033
   -0.2950   -0.8815   -0.3688
    0.8784   -0.0982   -0.4677
...    77 T-A ...
  -60.1873 -150.7735  -15.4294
    0.1673   -0.8902    0.4237
   -0.4406   -0.4520   -0.7756
    0.8820   -0.0569   -0.4678
...    78 T-A ...
  -57.1577 -150.8136  -16.6380
   -0.0699   -0.9907   -0.1167
   -0.4588    0.1358   -0.8781
    0.8858   -0.0078   -0.4640
...    79 A-T ...
  -54.6258 -150.2756  -18.7197
   -0.1968   -0.6966   -0.6900
   -0.3597    0.7060   -0.6101
    0.9121    0.1281   -0.3895
...    80 A-T ...
  -51.6223 -149.9616  -19.8356
   -0.3259   -0.1686   -0.9303
   -0.2229    0.9699   -0.0977
    0.9188    0.1755   -0.3537
...    81 C-G ...
  -48.5004 -149.9640  -21.1034
   -0.3937    0.3744   -0.8396
   -0.0334    0.9069    0.4200
    0.9186    0.1934   -0.3445
...    82 A-T ...
  -45.4810 -149.3588  -22.2871
   -0.4243    0.7974   -0.4291
    0.1738    0.5368    0.8256
    0.8887    0.2757   -0.3664
...    83 C-G ...
  -42.8193 -148.5204  -24.1216
   -0.3202    0.9454    0.0603
    0.3549    0.0607    0.9329
    0.8784    0.3201   -0.3550
...    84 T-A ...
  -40.0645 -147.0231  -25.8063
   -0.1686    0.7836    0.5979
    0.4728   -0.4680    0.7466
    0.8649    0.4085   -0.2916
...    85 T-A ...
  -37.4996 -145.3631  -26.8712
    0.0845    0.3770    0.9224
    0.4928   -0.8203    0.2902
    0.8660    0.4300   -0.2551
...    86 T-A ...
  -34.7882 -143.8047  -27.5858
    0.2786   -0.1578    0.9473
    0.3915   -0.8821   -0.2621
    0.8770    0.4439   -0.1840
...    87 A-T ...
  -31.7997 -142.4580  -28.0089
    0.3641   -0.6519    0.6651
    0.2242   -0.6318   -0.7420
    0.9040    0.4193   -0.0839
...    88 T-A ...
  -29.0858 -140.6957  -27.6114
    0.4003   -0.8828    0.2457
    0.0656   -0.2399   -0.9686
    0.9140    0.4038   -0.0381
...    89 G-C ...
  -25.9792 -139.5449  -27.4720
    0.2788   -0.8789   -0.3870
   -0.1500    0.3582   -0.9215
    0.9486    0.3150   -0.0319
...    90 C-G ...
  -22.7210 -138.8422  -27.3917
    0.1435   -0.5309   -0.8352
   -0.2808    0.7874   -0.5488
    0.9490    0.3132   -0.0361
...    91 T-A ...
  -19.3260 -138.2550  -27.5369
   -0.0387    0.0112   -0.9992
   -0.2875    0.9575    0.0218
    0.9570    0.2881   -0.0338
...    92 T-A ...
  -16.1987 -137.5330  -27.6697
   -0.2045    0.5407   -0.8160
   -0.2387    0.7809    0.5773
    0.9493    0.3128   -0.0306
...    93 C-G ...
  -13.0728 -136.4149  -27.4696
   -0.3584    0.8748   -0.3260
   -0.0948    0.3133    0.9449
    0.9287    0.3696   -0.0293
...    94 A-T ...
   -9.8801 -135.3150  -27.5581
   -0.4775    0.8461    0.2367
    0.1297   -0.1986    0.9715
    0.8690    0.4946   -0.0149
...    95 T-A ...
   -7.2879 -133.4425  -27.9631
   -0.4273    0.6035    0.6732
    0.3551   -0.5727    0.7388
    0.8314    0.5548    0.0304
...    96 G-C ...
   -4.6566 -131.1540  -27.7316
   -0.2942    0.0929    0.9512
    0.5680   -0.7834    0.2522
    0.7686    0.6145    0.1777
...    97 T-A ...
   -2.6515 -128.5966  -27.0364
   -0.0031   -0.3414    0.9399
    0.6649   -0.7028   -0.2530
    0.7469    0.6242    0.2292
...    98 T-A ...
   -0.4527 -126.5294  -26.0966
    0.3229   -0.6821    0.6561
    0.5990   -0.3894   -0.6997
    0.7328    0.6189    0.2828
...    99 A-T ...
    2.1216 -124.5608  -25.2088
    0.5963   -0.7950    0.1110
    0.3177    0.1068   -0.9422
    0.7372    0.5971    0.3163
...   100 T-A ...
    4.2976 -122.8483  -23.5037
    0.7031   -0.6150   -0.3569
   -0.0131    0.4906   -0.8713
    0.7109    0.6173    0.3369
...   101 A-T ...
    6.5608 -120.4877  -22.4976
    0.5745   -0.1298   -0.8082
   -0.4586    0.7668   -0.4491
    0.6780    0.6286    0.3810
...   102 A-T ...
    8.7948 -118.6006  -21.1668
    0.2390    0.3443   -0.9079
   -0.7269    0.6834    0.0678
    0.6438    0.6438    0.4136
...   103 C-G ...
   11.4731 -116.8686  -19.9003
   -0.1899    0.6621   -0.7249
   -0.7587    0.3697    0.5364
    0.6232    0.6518    0.4321
...   104 G-C ...
   13.1175 -114.5010  -18.4149
   -0.6555    0.6445   -0.3937
   -0.5477   -0.0467    0.8354
    0.5200    0.7632    0.3836
...   105 G-C ...
   14.6405 -111.7709  -17.4429
   -0.8990    0.4365    0.0367
   -0.1268   -0.3395    0.9320
    0.4193    0.8332    0.3606
...   106 A-T ...
   15.9324 -108.9228  -16.4505
   -0.8359    0.1140    0.5369
    0.4109   -0.5184    0.7499
    0.3638    0.8475    0.3865
...   107 T-A ...
   16.6414 -105.8459  -15.5266
   -0.5310   -0.2007    0.8233
    0.7808   -0.4933    0.3834
    0.3292    0.8464    0.4187
...   108 C-G ...
   17.4241 -103.0170  -14.0408
   -0.0053   -0.4873    0.8732
    0.9533   -0.2661   -0.1427
    0.3019    0.8317    0.4660
...   109 C-G ...
   18.1835 -100.3433  -12.2926
    0.4452   -0.6401    0.6262
    0.8362    0.0470   -0.5464
    0.3203    0.7669    0.5562
...   110 G-C ...
   19.4821  -98.1836  -10.5859
    0.7703   -0.5987    0.2194
    0.5273    0.4046   -0.7472
    0.3586    0.6912    0.6274
...   111 G-C ...
   21.0205  -96.3381   -8.1996
    0.9192   -0.3071   -0.2465
    0.0437    0.7016   -0.7112
    0.3913    0.6430    0.6584
...   112 C-G ...
   22.5887  -94.6826   -5.7352
    0.7864    0.1090   -0.6080
   -0.4578    0.7637   -0.4552
    0.4147    0.6363    0.6505
...   113 T-A ...
   24.0693  -92.7386   -3.5233
    0.4299    0.4896   -0.7586
   -0.8001    0.5958   -0.0689
    0.4183    0.6366    0.6479
...   114 C-G ...
   25.4081  -90.5893   -1.3553
   -0.1239    0.7315   -0.6705
   -0.9058    0.1925    0.3774
    0.4051    0.6541    0.6387
...   115 G-C ...
   26.2754  -88.4535    1.0266
   -0.6504    0.6529   -0.3883
   -0.6827   -0.2782    0.6757
    0.3332    0.7045    0.6266
...   116 T-A ...
   27.3777  -85.7318    2.5041
   -0.9299    0.3673   -0.0185
   -0.2448   -0.5808    0.7764
    0.2744    0.7265    0.6300
...   117 A-T ...
   28.0562  -82.7669    4.1519
   -0.9418   -0.1038    0.3198
    0.3054   -0.6616    0.6849
    0.1405    0.7427    0.6548
...   118 T-A ...
   28.0724  -79.9911    5.7920
   -0.6772   -0.4236    0.6017
    0.7247   -0.5253    0.4459
    0.1272    0.7380    0.6627
...   119 A-T ...
   28.3628  -77.6816    8.1007
   -0.2154   -0.7199    0.6598
    0.9754   -0.1917    0.1093
    0.0478    0.6671    0.7434
...   120 A-T ...
   28.1525  -75.6181   10.5794
    0.3544   -0.7360    0.5769
    0.9344    0.2550   -0.2486
    0.0359    0.6271    0.7781
...   121 T-A ...
   27.6783  -73.8988   13.3973
    0.7810   -0.5016    0.3722
    0.6242    0.6047   -0.4947
    0.0231    0.6187    0.7853
...   122 G-C ...
   27.7369  -72.0591   16.2608
    0.9950   -0.0960   -0.0266
    0.0611    0.7988   -0.5984
    0.0787    0.5938    0.8007
...   123 T-A ...
   28.1270  -70.5596   19.1498
    0.8964    0.3134   -0.3135
   -0.4363    0.7489   -0.4988
    0.0785    0.5839    0.8080
...   124 G-C ...
   28.4874  -68.6611   21.8468
    0.4810    0.6584   -0.5790
   -0.8680    0.4504   -0.2089
    0.1232    0.6031    0.7881
...   125 T-A ...
   29.3704  -66.9317   24.4284
   -0.0358    0.7774   -0.6280
   -0.9920    0.0483    0.1163
    0.1207    0.6272    0.7694
...   126 C-G ...
   29.8075  -64.9134   26.8284
   -0.6055    0.6626   -0.4408
   -0.7863   -0.4124    0.4601
    0.1231    0.6252    0.7707
...   127 G-C ...
   29.7131  -63.0712   29.5289
   -0.9202    0.2630   -0.2900
   -0.3900   -0.6806    0.6202
   -0.0343    0.6838    0.7289
...   128 A-T ...
   29.7528  -60.9215   31.8190
   -0.9771   -0.1865    0.1023
    0.2073   -0.7270    0.6546
   -0.0478    0.6609    0.7490
...   129 C-G ...
   29.2262  -58.3016   33.7423
   -0.7254   -0.5715    0.3837
    0.6817   -0.5192    0.5154
   -0.0954    0.6355    0.7662
...   130 C-G ...
   28.0896  -56.2616   36.2515
   -0.2733   -0.8331    0.4809
    0.9452   -0.1398    0.2949
   -0.1784    0.5352    0.8257
...   131 A-T ...
   27.8025  -54.9120   39.2834
    0.2824   -0.8640    0.4169
    0.9420    0.3318    0.0497
   -0.1813    0.3787    0.9076
...   132 A-T ...
   27.0712  -53.9079   42.3149
    0.7613   -0.5382    0.3616
    0.6214    0.7649   -0.1697
   -0.1853    0.3539    0.9167
...   133 A-T ...
   26.2500  -53.1072   45.3951
    0.9712    0.0307    0.2364
    0.0575    0.9323   -0.3572
   -0.2313    0.3605    0.9036
...   134 T-A ...
   25.6208  -52.5912   48.6399
    0.8597    0.5097    0.0340
   -0.4497    0.7866   -0.4231
   -0.2424    0.3485    0.9054
...   135 G-C ...
   25.2756  -52.5095   52.0791
    0.3204    0.9427   -0.0928
   -0.8825    0.2614   -0.3910
   -0.3443    0.2071    0.9157
...   136 T-A ...
   25.5257  -52.9786   55.8049
   -0.2439    0.9563   -0.1610
   -0.8908   -0.2866   -0.3525
   -0.3833    0.0575    0.9218
...   137 G-C ...
   24.8932  -52.7376   58.9864
   -0.7529    0.5562   -0.3519
   -0.5215   -0.8303   -0.1966
   -0.4015    0.0355    0.9152
...   138 A-T ...
   24.0142  -51.6373   61.9241
   -0.9563    0.0401   -0.2896
   -0.0524   -0.9980    0.0347
   -0.2876    0.0484    0.9565
...   139 G-C ...
   22.3466  -51.2410   64.4939
   -0.8529   -0.5118   -0.1033
    0.4974   -0.8566    0.1373
   -0.1587    0.0657    0.9851
...   140 C-G ...
   22.1502  -50.1497   67.4638
   -0.4681   -0.8748    0.1248
    0.8495   -0.4066    0.3362
   -0.2434    0.2634    0.9335
...   141 G-C ...
   21.4255  -51.8265   72.7875
    0.1303   -0.7143   -0.6876
    0.8897   -0.2217    0.3990
   -0.4375   -0.6638    0.6066
...   142 C-G ...
   20.4244  -54.3093   74.5418
    0.5846   -0.7390   -0.3348
    0.7594    0.3532    0.5465
   -0.2856   -0.5737    0.7676
...   143 T-A ...
   18.4270  -55.5289   76.5298
    0.8548   -0.5005    0.1370
    0.3188    0.7148    0.6224
   -0.4095   -0.4884    0.7706
...   144 C-G ...
   16.8370  -57.7221   78.2673
    0.8529   -0.0846    0.5151
   -0.1508    0.9048    0.3983
   -0.4998   -0.4174    0.7589
...   145 A-T ...
   15.7828  -59.5614   80.7980
    0.5516    0.4995    0.6680
   -0.6739    0.7388    0.0039
   -0.4916   -0.4523    0.7441
...   146 C-G ...
   15.7313  -61.4939   83.9316
    0.0344    0.7399    0.6718
   -0.8637    0.3602   -0.3526
   -0.5029   -0.5681    0.6514
...   147 A-T ...
   14.7382  -63.4278   86.8192
   -0.5924    0.6746    0.4405
   -0.6886   -0.1401   -0.7114
   -0.4182   -0.7248    0.5475
