  147 base-pairs
...     1 T-A ...
    0.0000    0.0000    0.0000
    1.0000    0.0000    0.0000
    0.0000    1.0000    0.0000
    0.0000    0.0000    1.0000
...     2 G-C ...
   -0.5555   -1.1003    3.3981
    0.7749    0.6051    0.1828
   -0.5991    0.7953   -0.0929
   -0.2016   -0.0375    0.9787
...     3 T-A ...
   -0.6619   -3.0237    6.5348
    0.3046    0.9250    0.2271
   -0.8994    0.3578   -0.2510
   -0.3134   -0.1278    0.9410
...     4 G-C ...
   -1.1607   -3.8418    9.6940
   -0.3351    0.9421    0.0133
   -0.8752   -0.3061   -0.3746
   -0.3489   -0.1372    0.9271
...     5 A-T ...
   -1.3881   -3.6770   12.8999
   -0.7835    0.6162   -0.0801
   -0.5677   -0.7622   -0.3109
   -0.2527   -0.1981    0.9470
...     6 G-C ...
   -2.6236   -3.5448   15.7072
   -0.9923    0.0611   -0.1075
   -0.0294   -0.9610   -0.2748
   -0.1201   -0.2695    0.9555
...     7 C-G ...
   -2.3138   -3.7570   18.8866
   -0.8620   -0.4995   -0.0864
    0.5008   -0.8655    0.0073
   -0.0785   -0.0370    0.9962
...     8 G-C ...
   -3.9561   -6.8109   23.3205
   -0.2581   -0.3560   -0.8981
    0.6294   -0.7673    0.1233
   -0.7330   -0.5335    0.4221
...     9 C-G ...
   -6.1177   -8.9414   24.2385
    0.1143   -0.7320   -0.6716
    0.8123   -0.3203    0.4874
   -0.5720   -0.6013    0.5580
...    10 T-A ...
   -8.5041   -9.6771   26.0540
    0.4660   -0.8587   -0.2131
    0.6274    0.1508    0.7640
   -0.6239   -0.4897    0.6090
...    11 C-G ...
  -11.0625  -11.3174   27.2336
    0.6660   -0.6911    0.2808
    0.3382    0.6152    0.7121
   -0.6649   -0.3794    0.6435
...    12 A-T ...
  -13.0013  -13.1789   29.0658
    0.7188   -0.1490    0.6790
   -0.1787    0.9043    0.3876
   -0.6718   -0.4000    0.6235
...    13 C-G ...
  -14.1788  -15.9359   31.3399
    0.4052    0.2865    0.8682
   -0.5270    0.8492   -0.0343
   -0.7470   -0.4437    0.4951
...    14 A-T ...
  -15.9532  -18.1566   33.3080
   -0.1503    0.6873    0.7107
   -0.6106    0.5008   -0.6135
   -0.7776   -0.5261    0.3444
...    15 A-T ...
  -18.3224  -19.9480   34.6255
   -0.4771    0.8459    0.2383
   -0.4014    0.0315   -0.9154
   -0.7819   -0.5323    0.3245
...    16 T-A ...
  -20.6747  -21.5194   36.2986
   -0.6038    0.7545   -0.2572
   -0.1011   -0.3926   -0.9142
   -0.7907   -0.5259    0.3133
...    17 T-A ...
  -23.2590  -23.0592   37.4912
   -0.5314    0.4240   -0.7334
    0.2562   -0.7448   -0.6162
   -0.8075   -0.5153    0.2872
...    18 T-A ...
  -25.9826  -24.5017   38.4670
   -0.2670   -0.0398   -0.9629
    0.5028   -0.8582   -0.1039
   -0.8222   -0.5118    0.2491
...    19 A-T ...
  -28.8927  -26.0448   38.9875
    0.1653   -0.4289   -0.8881
    0.5269   -0.7228    0.4471
   -0.8337   -0.5419    0.1065
...    20 T-A ...
  -31.8797  -27.3936   38.8386
    0.4217   -0.7221   -0.5484
    0.3628   -0.4199    0.8319
   -0.8310   -0.5497    0.0849
...    21 T-A ...
  -34.6296  -29.1144   38.8152
    0.5550   -0.8317    0.0155
    0.0487    0.0511    0.9975
   -0.8304   -0.5529    0.0689
...    22 C-G ...
  -37.2503  -31.0791   38.9356
    0.4936   -0.6335    0.5958
   -0.3082    0.5132    0.8010
   -0.8132   -0.5790    0.0581
...    23 G-C ...
  -40.0375  -32.8366   39.5175
    0.2925   -0.1904    0.9371
   -0.5674    0.7542    0.3304
   -0.7697   -0.6284    0.1126
...    24 C-G ...
  -42.3152  -35.2276   39.9097
   -0.0488    0.2710    0.9613
   -0.6415    0.7293   -0.2381
   -0.7656   -0.6283    0.1383
...    25 A-T ...
  -45.0264  -37.1173   40.2434
   -0.3577    0.6841    0.6356
   -0.5040    0.4316   -0.7482
   -0.7862   -0.5880    0.1904
...    26 A-T ...
  -47.4623  -39.0931   41.1016
   -0.5926    0.7997    0.0965
   -0.1952   -0.0263   -0.9804
   -0.7815   -0.5998    0.1717
...    27 A-T ...
  -49.9959  -40.9561   41.9047
   -0.5951    0.6469   -0.4769
    0.1855   -0.4669   -0.8647
   -0.7820   -0.6030    0.1579
...    28 G-C ...
  -52.7312  -42.6879   42.5748
   -0.3443    0.3591   -0.8675
    0.4699   -0.7340   -0.4903
   -0.8128   -0.5764    0.0840
...    29 G-C ...
  -55.6958  -44.2879   42.7967
    0.0491   -0.0234   -0.9985
    0.5633   -0.8249    0.0470
   -0.8248   -0.5648   -0.0273
...    30 C-G ...
  -58.6228  -45.7661   42.4313
    0.3979   -0.4232   -0.8140
    0.4321   -0.6963    0.5732
   -0.8093   -0.5797   -0.0942
...    31 C-G ...
  -61.3361  -47.6152   41.6459
    0.6463   -0.6675   -0.3696
    0.1195   -0.3899    0.9131
   -0.7536   -0.6343   -0.1723
...    32 G-C ...
  -63.6418  -50.0150   41.2892
    0.6867   -0.6939    0.2164
   -0.3044   -0.0042    0.9525
   -0.6601   -0.7200   -0.2141
...    33 G-C ...
  -65.5304  -52.6556   40.3524
    0.4575   -0.5307    0.7135
   -0.6581    0.3376    0.6730
   -0.5981   -0.7774   -0.1948
...    34 C-G ...
  -67.1309  -55.4750   39.6156
    0.0355   -0.2364    0.9710
   -0.8159    0.5542    0.1648
   -0.5771   -0.7981   -0.1732
...    35 C-G ...
  -68.8686  -58.3453   39.2348
   -0.3905    0.1513    0.9081
   -0.7155    0.5708   -0.4028
   -0.5792   -0.8070   -0.1147
...    36 C-G ...
  -70.7205  -61.1682   39.1158
   -0.6874    0.4857    0.5400
   -0.3891    0.3816   -0.8385
   -0.6133   -0.7865   -0.0733
...    37 G-C ...
  -72.8748  -63.6483   38.4457
   -0.7309    0.6821   -0.0237
    0.0684    0.0388   -0.9969
   -0.6791   -0.7302   -0.0750
...    38 A-T ...
  -75.0876  -66.0642   38.2984
   -0.5278    0.5985   -0.6026
    0.4937   -0.3611   -0.7911
   -0.6911   -0.7151   -0.1049
...    39 C-G ...
  -77.7325  -68.0453   38.2949
   -0.1657    0.3518   -0.9213
    0.6975   -0.6186   -0.3617
   -0.6972   -0.7025   -0.1429
...    40 A-T ...
  -80.0183  -70.4140   37.7125
    0.3404    0.0412   -0.9394
    0.6548   -0.7274    0.2054
   -0.6748   -0.6850   -0.2746
...    41 C-G ...
  -82.5110  -72.1647   36.4799
    0.6650   -0.3008   -0.6836
    0.3761   -0.6559    0.6545
   -0.6452   -0.6923   -0.3230
...    42 G-C ...
  -84.3939  -74.7290   35.4463
    0.8486   -0.5024   -0.1658
   -0.0785   -0.4294    0.8997
   -0.5232   -0.7505   -0.4038
...    43 A-T ...
  -85.9474  -77.2209   34.0071
    0.6685   -0.6224    0.4071
   -0.5736   -0.0832    0.8149
   -0.4733   -0.7782   -0.4127
...    44 C-G ...
  -86.9520  -79.8448   32.2535
    0.2831   -0.5538    0.7831
   -0.8519    0.2300    0.4706
   -0.4407   -0.8003   -0.4066
...    45 T-A ...
  -88.0570  -82.6847   30.9473
   -0.1965   -0.3156    0.9283
   -0.8904    0.4539   -0.0342
   -0.4106   -0.8333   -0.3702
...    46 T-A ...
  -89.1011  -85.5458   29.7864
   -0.6932   -0.0290    0.7202
   -0.6105    0.5548   -0.5652
   -0.3832   -0.8315   -0.4023
...    47 A-T ...
  -90.4950  -88.0557   27.9786
   -0.9428    0.2905    0.1633
   -0.0116    0.4612   -0.8872
   -0.3331   -0.8384   -0.4314
...    48 C-G ...
  -91.7606  -91.0203   27.1171
   -0.8031    0.4987   -0.3260
    0.4911    0.2442   -0.8362
   -0.3374   -0.8317   -0.4410
...    49 T-A ...
  -93.1602  -93.7407   25.8204
   -0.4028    0.5975   -0.6934
    0.8441   -0.0505   -0.5338
   -0.3540   -0.8003   -0.4840
...    50 G-C ...
  -94.2715  -96.3305   24.0365
    0.1773    0.5621   -0.8079
    0.9245   -0.3766   -0.0590
   -0.3374   -0.7364   -0.5864
...    51 T-A ...
  -95.8643  -98.3576   21.9911
    0.6452    0.3316   -0.6883
    0.7037   -0.6089    0.3662
   -0.2977   -0.7206   -0.6262
...    52 A-T ...
  -96.8194 -100.4641   19.5840
    0.9585    0.0773   -0.2746
    0.2439   -0.7213    0.6483
   -0.1479   -0.6883   -0.7102
...    53 G-C ...
  -97.1614 -102.4723   16.9930
    0.9577   -0.2342    0.1674
   -0.2845   -0.6802    0.6756
   -0.0443   -0.6946   -0.7181
...    54 G-C ...
  -96.7999 -104.6553   14.4487
    0.6595   -0.4869    0.5727
   -0.7485   -0.4953    0.4409
    0.0690   -0.7195   -0.6911
...    55 T-A ...
  -95.9474 -106.8051   12.0979
    0.1719   -0.6517    0.7387
   -0.9798   -0.1913    0.0592
    0.1027   -0.7339   -0.6714
...    56 A-T ...
  -95.9181 -109.2919    9.8399
   -0.4706   -0.6406    0.6068
   -0.8724    0.2350   -0.4286
    0.1319   -0.7311   -0.6694
...    57 T-A ...
  -94.9593 -111.9235    8.0650
   -0.8474   -0.4508    0.2805
   -0.5070    0.5301   -0.6797
    0.1577   -0.7182   -0.6777
...    58 C-G ...
  -94.4428 -114.3794    5.9294
   -0.9810   -0.0511   -0.1869
    0.0993    0.6956   -0.7115
    0.1664   -0.7166   -0.6774
...    59 T-A ...
  -94.0854 -116.9522    3.8505
   -0.7821    0.3481   -0.5168
    0.6053    0.6215   -0.4973
    0.1481   -0.7018   -0.6968
...    60 C-G ...
  -93.6401 -119.3350    1.6278
   -0.2797    0.6673   -0.6903
    0.9464    0.3126   -0.0813
    0.1616   -0.6761   -0.7189
...    61 G-C ...
  -92.7335 -121.5529   -0.7031
    0.2543    0.8198   -0.5131
    0.9420   -0.0899    0.3233
    0.2189   -0.5656   -0.7951
...    62 A-T ...
  -92.1023 -123.3673   -3.3238
    0.7253    0.6655   -0.1760
    0.6299   -0.5386    0.5596
    0.2776   -0.5168   -0.8099
...    63 G-C ...
  -91.2154 -124.7389   -6.1765
    0.9066    0.3578    0.2237
    0.1818   -0.8096    0.5582
    0.3808   -0.4653   -0.7990
...    64 C-G ...
  -89.7776 -125.7505   -8.9460
    0.8328   -0.0875    0.5466
   -0.3088   -0.8930    0.3275
    0.4594   -0.4415   -0.7707
...    65 T-A ...
  -87.9187 -126.8995  -11.4051
    0.5148   -0.4964    0.6990
   -0.6601   -0.7497   -0.0463
    0.5471   -0.4376   -0.7136
...    66 C-G ...
  -85.9310 -128.3956  -13.5199
    0.0216   -0.8275    0.5610
   -0.8082   -0.3448   -0.4774
    0.5885   -0.4431   -0.6763
...    67 G-C ...
  -84.3236 -130.2209  -15.8220
   -0.4719   -0.8510    0.2305
   -0.6321    0.1444   -0.7613
    0.6146   -0.5049   -0.6061
...    68 G-C ...
  -82.2059 -132.1639  -17.6026
   -0.7625   -0.6119   -0.2102
   -0.2463    0.5749   -0.7803
    0.5983   -0.5432   -0.5891
...    69 G-C ...
  -80.1910 -134.1888  -19.4122
   -0.7908   -0.1700   -0.5881
    0.2207    0.8169   -0.5328
    0.5710   -0.5511   -0.6085
...    70 A-T ...
  -78.2507 -136.0825  -21.2799
   -0.5056    0.3528   -0.7874
    0.6322    0.7725   -0.0598
    0.5871   -0.5280   -0.6136
...    71 T-A ...
  -76.8355 -138.2353  -23.3459
   -0.1120    0.6951   -0.7102
    0.7884    0.4972    0.3623
    0.6049   -0.5194   -0.6037
...    72 C-G ...
  -74.9168 -140.0032  -25.3292
    0.3287    0.8855   -0.3283
    0.6933    0.0099    0.7206
    0.6414   -0.4645   -0.6107
...    73 C-G ...
  -72.9697 -141.4542  -27.6762
    0.5488    0.8157    0.1830
    0.4181   -0.4574    0.7848
    0.7239   -0.3542   -0.5921
...    74 G-C ...
  -70.3364 -142.5673  -29.4011
    0.5372    0.5057    0.6750
    0.1003   -0.8329    0.5442
    0.8375   -0.2247   -0.4982
...    75 C-G ...
  -67.4828 -142.7155  -31.0145
    0.4389    0.0045    0.8985
   -0.1618   -0.9832    0.0839
    0.8839   -0.1822   -0.4308
...    76 T-A ...
  -64.4031 -142.9560  -32.1553
    0.2182   -0.4905    0.8437
   -0.3006   -0.8563   -0.4200
    0.9285   -0.1620   -0.3342
...    77 T-A ...
  -61.2872 -143.2683  -33.0034
    0.0200   -0.8917    0.4521
   -0.3444   -0.4307   -0.8342
    0.9386   -0.1390   -0.3157
...    78 T-A ...
  -58.1210 -143.6079  -33.6964
   -0.1342   -0.9826   -0.1284
   -0.2819    0.1621   -0.9457
    0.9500   -0.0907   -0.2988
...    79 A-T ...
  -55.0475 -143.4591  -35.1755
   -0.1862   -0.6372   -0.7478
   -0.1490    0.7707   -0.6196
    0.9711   -0.0039   -0.2385
...    80 A-T ...
  -51.8406 -143.7341  -35.7389
   -0.1770   -0.0680   -0.9819
   -0.0461    0.9971   -0.0607
    0.9831    0.0346   -0.1797
...    81 C-G ...
  -48.6162 -144.1994  -36.4273
   -0.1859    0.4657   -0.8652
    0.0325    0.8830    0.4683
    0.9820    0.0589   -0.1793
...    82 A-T ...
  -45.3326 -143.8628  -36.8243
   -0.2427    0.8708   -0.4276
    0.1182    0.4640    0.8779
    0.9629    0.1625   -0.2155
...    83 C-G ...
  -42.3524 -143.4260  -38.0980
   -0.2080    0.9739    0.0914
    0.2181   -0.0449    0.9749
    0.9535    0.2227   -0.2031
...    84 T-A ...
  -39.3634 -142.4152  -39.0091
   -0.1803    0.7869    0.5901
    0.3094   -0.5241    0.7935
    0.9337    0.3257   -0.1490
...    85 T-A ...
  -36.4624 -141.1312  -39.5399
   -0.0536    0.3535    0.9339
    0.3778   -0.8586    0.3467
    0.9243    0.3714   -0.0875
...    86 T-A ...
  -33.5956 -139.6740  -39.7336
    0.1103   -0.1912    0.9753
    0.3762   -0.9003   -0.2191
    0.9200    0.3911   -0.0274
...    87 A-T ...
  -30.5810 -138.3059  -39.4376
    0.1996   -0.6960    0.6898
    0.3204   -0.6189   -0.7172
    0.9260    0.3642    0.0995
...    88 T-A ...
  -27.7894 -136.8346  -38.4819
    0.3427   -0.9095    0.2353
    0.1934   -0.1768   -0.9651
    0.9193    0.3762    0.1153
...    89 G-C ...
  -24.6524 -135.7823  -38.3459
    0.3545   -0.8568   -0.3746
    0.0017    0.4011   -0.9160
    0.9351    0.3241    0.1436
...    90 T-A ...
  -21.5272 -135.0837  -37.3529
    0.3137   -0.5104   -0.8007
   -0.1859    0.7939   -0.5789
    0.9311    0.3305    0.1542
...    91 C-G ...
  -18.4412 -134.0824  -36.7632
    0.1489    0.0680   -0.9865
   -0.3522    0.9359    0.0114
    0.9240    0.3457    0.1633
...    92 A-T ...
  -15.5265 -132.6706  -36.0558
   -0.1472    0.5700   -0.8083
   -0.3881    0.7184    0.5773
    0.9098    0.3987    0.1155
...    93 T-A ...
  -12.3731 -131.7448  -36.1847
   -0.3304    0.8497   -0.4109
   -0.2784    0.3283    0.9026
    0.9018    0.4126    0.1281
...    94 G-C ...
   -9.4649 -130.1797  -35.7276
   -0.5575    0.8211    0.1225
   -0.0540   -0.1831    0.9816
    0.8284    0.5407    0.1464
...    95 T-A ...
   -6.9390 -128.1157  -35.7860
   -0.5684    0.5758    0.5877
    0.2359   -0.5703    0.7868
    0.7882    0.5859    0.1883
...    96 T-A ...
   -4.5543 -126.0218  -35.2450
   -0.4020    0.1349    0.9056
    0.5211   -0.7796    0.3474
    0.7529    0.6116    0.2431
...    97 A-T ...
   -2.4695 -123.6651  -34.1280
   -0.2015   -0.3957    0.8960
    0.7059   -0.6929   -0.1472
    0.6791    0.6028    0.4189
...    98 T-A ...
   -0.8224 -121.3577  -32.4833
    0.1638   -0.6976    0.6975
    0.7280   -0.3916   -0.5627
    0.6657    0.6000    0.4437
...    99 A-T ...
    1.4724 -119.4796  -30.9649
    0.5437   -0.8104    0.2182
    0.5217    0.1227   -0.8442
    0.6574    0.5728    0.4896
...   100 A-T ...
    3.4643 -117.7346  -29.0653
    0.7733   -0.5672   -0.2832
    0.1179    0.5677   -0.8148
    0.6229    0.5967    0.5059
...   101 C-G ...
    5.5718 -116.2312  -26.9453
    0.7245   -0.1798   -0.6654
   -0.3021    0.7848   -0.5411
    0.6196    0.5930    0.5143
...   102 G-C ...
    7.3589 -113.8724  -25.4063
    0.3885    0.2586   -0.8844
   -0.6613    0.7467   -0.0722
    0.6417    0.6129    0.4611
...   103 G-C ...
    9.6743 -112.0056  -23.8198
   -0.0754    0.5781   -0.8125
   -0.7766    0.4771    0.4115
    0.6255    0.6620    0.4130
...   104 A-T ...
   11.7908 -109.9338  -22.4506
   -0.5364    0.7173   -0.4447
   -0.6037    0.0421    0.7961
    0.5897    0.6955    0.4105
...   105 C-G ...
   13.9151 -107.5605  -21.6782
   -0.7988    0.6016   -0.0004
   -0.2493   -0.3305    0.9103
    0.5475    0.7272    0.4140
...   106 T-A ...
   15.5495 -104.9233  -20.5888
   -0.8669    0.2767    0.4146
    0.1959   -0.5758    0.7938
    0.4584    0.7694    0.4450
...   107 T-A ...
   16.8459 -102.2800  -19.2755
   -0.6462   -0.1231    0.7532
    0.6414   -0.6223    0.4486
    0.4135    0.7730    0.4811
...   108 C-G ...
   17.9530  -99.7503  -17.5698
   -0.1969   -0.5022    0.8421
    0.9094   -0.4145   -0.0346
    0.3664    0.7590    0.5383
...   109 C-G ...
   18.7680  -97.3085  -15.3904
    0.2791   -0.7126    0.6437
    0.8982   -0.0434   -0.4374
    0.3396    0.7003    0.6279
...   110 G-C ...
   20.2744  -95.2162  -13.2769
    0.6947   -0.6790    0.2374
    0.6256    0.4074   -0.6653
    0.3551    0.6107    0.7078
...   111 G-C ...
   21.4734  -93.5051  -10.6206
    0.9028   -0.3814   -0.1989
    0.1660    0.7356   -0.6567
    0.3968    0.5598    0.7274
...   112 C-G ...
   22.8705  -92.0014   -8.0032
    0.8391    0.0762   -0.5386
   -0.3516    0.8315   -0.4301
    0.4150    0.5503    0.7245
...   113 T-A ...
   24.4763  -90.4166   -5.5677
    0.5139    0.4912   -0.7033
   -0.7410    0.6672   -0.0755
    0.4322    0.5599    0.7069
...   114 C-G ...
   25.9655  -88.6462   -3.2335
   -0.0294    0.7808   -0.6241
   -0.9079    0.2403    0.3435
    0.4182    0.5767    0.7018
...   115 G-C ...
   26.9668  -86.7369   -0.6845
   -0.5701    0.7109   -0.4119
   -0.7465   -0.2388    0.6210
    0.3431    0.6615    0.6668
...   116 T-A ...
   28.3763  -84.2998    1.0247
   -0.8876    0.4555   -0.0689
   -0.3524   -0.5751    0.7383
    0.2966    0.6796    0.6710
...   117 A-T ...
   29.1533  -81.8006    3.0767
   -0.9720   -0.0268    0.2334
    0.1830   -0.7096    0.6804
    0.1474    0.7041    0.6946
...   118 T-A ...
   29.2773  -79.1020    4.9142
   -0.7619   -0.3954    0.5131
    0.6372   -0.5997    0.4841
    0.1163    0.6958    0.7088
...   119 A-T ...
   29.1828  -76.7937    7.3155
   -0.3193   -0.7515    0.5773
    0.9475   -0.2639    0.1806
    0.0167    0.6047    0.7963
...   120 A-T ...
   28.9232  -74.9003    9.9275
    0.2587   -0.7840    0.5643
    0.9660    0.2100   -0.1510
   -0.0001    0.5842    0.8116
...   121 T-A ...
   28.3093  -73.3180   12.7457
    0.7063   -0.5763    0.4112
    0.7079    0.5809   -0.4018
   -0.0073    0.5749    0.8182
...   122 G-C ...
   28.5722  -71.4086   15.4435
    0.9810   -0.1878    0.0490
    0.1851    0.8296   -0.5268
    0.0583    0.5259    0.8486
...   123 T-A ...
   28.8157  -70.2356   18.5470
    0.9333    0.2676   -0.2395
   -0.3526    0.8099   -0.4687
    0.0686    0.5219    0.8503
...   124 G-C ...
   28.9958  -68.2607   21.1986
    0.5570    0.6505   -0.5163
   -0.8222    0.5197   -0.2321
    0.1174    0.5538    0.8244
...   125 T-A ...
   29.9560  -66.6533   23.9482
    0.0458    0.8179   -0.5735
   -0.9929    0.1003    0.0637
    0.1096    0.5665    0.8167
...   126 C-G ...
   30.4098  -64.7815   26.5999
   -0.5451    0.7059   -0.4522
   -0.8339   -0.4011    0.3791
    0.0862    0.5838    0.8073
...   127 G-C ...
   30.3918  -63.0288   29.4329
   -0.9149    0.2957   -0.2746
   -0.4024   -0.7205    0.5647
   -0.0309    0.6272    0.7783
...   128 A-T ...
   30.2877  -60.9042   31.8974
   -0.9774   -0.2054    0.0507
    0.1918   -0.7596    0.6214
   -0.0891    0.6171    0.7818
...   129 C-G ...
   29.6350  -58.5148   34.0490
   -0.7392   -0.5943    0.3168
    0.6593   -0.5426    0.5205
   -0.1375    0.5936    0.7929
...   130 C-G ...
   28.6973  -56.5292   36.6081
   -0.2665   -0.8517    0.4511
    0.9425   -0.1324    0.3070
   -0.2017    0.5070    0.8380
...   131 A-T ...
   27.9782  -55.0116   39.4870
    0.3140   -0.8428    0.4371
    0.9243    0.3766    0.0622
   -0.2170    0.3845    0.8972
...   132 A-T ...
   27.0564  -53.9987   42.4243
    0.7776   -0.4923    0.3912
    0.5884    0.7891   -0.1764
   -0.2218    0.3673    0.9033
...   133 A-T ...
   26.2482  -53.1095   45.4407
    0.9713    0.0409    0.2341
    0.0466    0.9331   -0.3565
   -0.2331    0.3572    0.9045
...   134 T-A ...
   25.6208  -52.5914   48.6400
    0.8597    0.5097    0.0340
   -0.4497    0.7866   -0.4231
   -0.2424    0.3485    0.9054
...   135 G-C ...
   25.2756  -52.5096   52.0792
    0.3204    0.9427   -0.0928
   -0.8825    0.2614   -0.3910
   -0.3443    0.2071    0.9157
...   136 T-A ...
   25.5257  -52.9787   55.8050
   -0.2439    0.9563   -0.1610
   -0.8908   -0.2866   -0.3525
   -0.3833    0.0575    0.9218
...   137 G-C ...
   24.8932  -52.7378   58.9865
   -0.7529    0.5562   -0.3519
   -0.5215   -0.8303   -0.1966
   -0.4015    0.0355    0.9152
...   138 A-T ...
   24.0142  -51.6375   61.9242
   -0.9563    0.0401   -0.2896
   -0.0524   -0.9980    0.0347
   -0.2876    0.0484    0.9565
...   139 G-C ...
   22.3466  -51.2412   64.4940
   -0.8529   -0.5118   -0.1033
    0.4974   -0.8566    0.1373
   -0.1587    0.0657    0.9851
...   140 C-G ...
   22.1502  -50.1499   67.4639
   -0.4681   -0.8748    0.1248
    0.8495   -0.4066    0.3362
   -0.2434    0.2634    0.9335
...   141 G-C ...
   21.4256  -51.8267   72.7876
    0.1303   -0.7143   -0.6876
    0.8897   -0.2218    0.3990
   -0.4375   -0.6638    0.6066
...   142 C-G ...
   20.4245  -54.3096   74.5419
    0.5846   -0.7390   -0.3348
    0.7594    0.3531    0.5465
   -0.2856   -0.5738    0.7676
...   143 T-A ...
   18.4270  -55.5291   76.5299
    0.8548   -0.5005    0.1370
    0.3188    0.7148    0.6224
   -0.4095   -0.4884    0.7706
...   144 C-G ...
   16.8371  -57.7223   78.2674
    0.8529   -0.0846    0.5151
   -0.1508    0.9048    0.3983
   -0.4998   -0.4174    0.7589
...   145 A-T ...
   15.7828  -59.5616   80.7981
    0.5516    0.4995    0.6680
   -0.6739    0.7388    0.0039
   -0.4916   -0.4523    0.7441
...   146 C-G ...
   15.7314  -61.4941   83.9317
    0.0344    0.7399    0.6718
   -0.8637    0.3602   -0.3526
   -0.5029   -0.5681    0.6514
...   147 A-T ...
   14.7383  -63.4280   86.8193
   -0.5924    0.6746    0.4405
   -0.6886   -0.1401   -0.7114
   -0.4182   -0.7248    0.5475
