  147 base-pairs
...     1 T-A ...
    0.0000    0.0000    0.0000
    1.0000    0.0000    0.0000
    0.0000    1.0000    0.0000
    0.0000    0.0000    1.0000
...     2 G-C ...
   -0.5555   -1.1003    3.3981
    0.7749    0.6051    0.1828
   -0.5991    0.7953   -0.0929
   -0.2016   -0.0375    0.9787
...     3 T-A ...
   -0.6619   -3.0237    6.5348
    0.3046    0.9250    0.2271
   -0.8994    0.3578   -0.2510
   -0.3134   -0.1278    0.9410
...     4 G-C ...
   -1.1607   -3.8418    9.6940
   -0.3351    0.9421    0.0133
   -0.8752   -0.3061   -0.3746
   -0.3489   -0.1372    0.9271
...     5 A-T ...
   -1.3881   -3.6770   12.8999
   -0.7835    0.6162   -0.0801
   -0.5677   -0.7622   -0.3109
   -0.2527   -0.1981    0.9470
...     6 G-C ...
   -2.6236   -3.5448   15.7072
   -0.9923    0.0611   -0.1075
   -0.0294   -0.9610   -0.2748
   -0.1201   -0.2695    0.9555
...     7 C-G ...
   -2.3138   -3.7570   18.8866
   -0.8620   -0.4995   -0.0864
    0.5008   -0.8655    0.0073
   -0.0785   -0.0370    0.9962
...     8 G-C ...
   -3.9561   -6.8109   23.3205
   -0.2581   -0.3560   -0.8981
    0.6294   -0.7673    0.1233
   -0.7330   -0.5335    0.4221
...     9 C-G ...
   -6.1177   -8.9414   24.2385
    0.1143   -0.7320   -0.6716
    0.8123   -0.3203    0.4874
   -0.5720   -0.6013    0.5580
...    10 T-A ...
   -8.5041   -9.6771   26.0540
    0.4660   -0.8587   -0.2131
    0.6274    0.1508    0.7640
   -0.6239   -0.4897    0.6090
...    11 C-G ...
  -11.0625  -11.3174   27.2336
    0.6660   -0.6911    0.2808
    0.3382    0.6152    0.7121
   -0.6649   -0.3794    0.6435
...    12 A-T ...
  -13.0013  -13.1789   29.0658
    0.7188   -0.1490    0.6790
   -0.1787    0.9043    0.3876
   -0.6718   -0.4000    0.6235
...    13 C-G ...
  -14.1788  -15.9359   31.3399
    0.4052    0.2865    0.8682
   -0.5270    0.8492   -0.0343
   -0.7470   -0.4437    0.4951
...    14 A-T ...
  -15.9532  -18.1566   33.3080
   -0.1503    0.6873    0.7107
   -0.6106    0.5008   -0.6135
   -0.7776   -0.5261    0.3444
...    15 A-T ...
  -18.3105  -19.9462   34.6479
   -0.4776    0.8438    0.2447
   -0.4084    0.0334   -0.9122
   -0.7779   -0.5356    0.3286
...    16 T-A ...
  -20.6392  -21.5353   36.3445
   -0.6131    0.7508   -0.2457
   -0.1094   -0.3887   -0.9149
   -0.7824   -0.5340    0.3204
...    17 T-A ...
  -23.1842  -23.1017   37.5944
   -0.5553    0.4179   -0.7190
    0.2554   -0.7371   -0.6257
   -0.7915   -0.5311    0.3026
...    18 T-A ...
  -25.8553  -24.5885   38.6543
   -0.2978   -0.0432   -0.9537
    0.5194   -0.8455   -0.1239
   -0.8010   -0.5322    0.2742
...    19 A-T ...
  -28.7046  -26.1861   39.2931
    0.1385   -0.4175   -0.8981
    0.5666   -0.7103    0.4176
   -0.8123   -0.5667    0.1382
...    20 T-A ...
  -31.6514  -27.6198   39.2680
    0.4180   -0.7014   -0.5774
    0.4162   -0.4171    0.8080
   -0.8075   -0.5781    0.1176
...    21 T-A ...
  -34.3315  -29.4354   39.3572
    0.5912   -0.8058   -0.0338
    0.1028    0.0337    0.9941
   -0.7999   -0.5912    0.1028
...    22 C-G ...
  -36.8365  -31.5178   39.5790
    0.5679   -0.6191    0.5424
   -0.2795    0.4748    0.8346
   -0.7742   -0.6255    0.0966
...    23 G-C ...
  -39.4201  -33.4952   40.3038
    0.3869   -0.1955    0.9012
   -0.5861    0.7024    0.4040
   -0.7119   -0.6844    0.1571
...    24 C-G ...
  -41.4484  -36.0583   40.8473
    0.0274    0.2374    0.9710
   -0.7149    0.6836   -0.1469
   -0.6987   -0.6901    0.1884
...    25 A-T ...
  -43.9316  -38.1741   41.4300
   -0.3366    0.6312    0.6988
   -0.6191    0.4109   -0.6693
   -0.7095   -0.6579    0.2525
...    26 A-T ...
  -46.0738  -40.3795   42.4927
   -0.6447    0.7380    0.1995
   -0.3075   -0.0113   -0.9515
   -0.6999   -0.6748    0.2342
...    27 A-T ...
  -48.3076  -42.5003   43.5260
   -0.7115    0.5964   -0.3715
    0.1217   -0.4161   -0.9012
   -0.6920   -0.6864    0.2235
...    28 G-C ...
  -50.7347  -44.5394   44.4582
   -0.4932    0.3454   -0.7984
    0.4774   -0.6598   -0.5803
   -0.7272   -0.6674    0.1605
...    29 G-C ...
  -53.4266  -46.4908   45.0320
   -0.0881    0.0145   -0.9960
    0.6574   -0.7504   -0.0691
   -0.7484   -0.6608    0.0566
...    30 C-G ...
  -56.1736  -48.3067   45.0365
    0.3254   -0.3400   -0.8823
    0.5947   -0.6518    0.4706
   -0.7351   -0.6779   -0.0099
...    31 C-G ...
  -58.7452  -50.4380   44.5712
    0.6672   -0.5535   -0.4984
    0.3118   -0.4002    0.8618
   -0.6765   -0.7304   -0.0945
...    32 G-C ...
  -60.7275  -53.1104   44.3990
    0.8131   -0.5789    0.0607
   -0.1361   -0.0876    0.9868
   -0.5660   -0.8106   -0.1500
...    33 G-C ...
  -62.2727  -55.9973   43.5900
    0.6612   -0.4649    0.5887
   -0.5745    0.1909    0.7960
   -0.4825   -0.8645   -0.1409
...    34 C-G ...
  -63.4349  -59.0334   42.9659
    0.2605   -0.2570    0.9306
   -0.8560    0.3844    0.3458
   -0.4466   -0.8867   -0.1198
...    35 C-G ...
  -64.6325  -62.1782   42.7637
   -0.2228    0.0442    0.9739
   -0.8764    0.4284   -0.2199
   -0.4269   -0.9025   -0.0567
...    36 C-G ...
  -65.9036  -65.3010   42.8673
   -0.6428    0.3182    0.6968
   -0.6225    0.3130   -0.7173
   -0.4463   -0.8949   -0.0031
...    37 G-C ...
  -67.6333  -68.1345   42.4937
   -0.8464    0.5045    0.1707
   -0.1566    0.0707   -0.9851
   -0.5091   -0.8605    0.0192
...    38 A-T ...
  -69.2553  -70.9798   42.6607
   -0.7655    0.4694   -0.4402
    0.3770   -0.2273   -0.8979
   -0.5215   -0.8532   -0.0029
...    39 C-G ...
  -71.3251  -73.5261   43.0871
   -0.4423    0.3112   -0.8411
    0.7224   -0.4322   -0.5398
   -0.5315   -0.8464   -0.0336
...    40 A-T ...
  -73.0470  -76.3730   42.8894
    0.0987    0.1267   -0.9870
    0.8383   -0.5451    0.0139
   -0.5362   -0.8288   -0.1600
...    41 C-G ...
  -75.2539  -78.6819   42.1425
    0.5413   -0.1216   -0.8320
    0.6666   -0.5410    0.5128
   -0.5125   -0.8322   -0.2118
...    42 G-C ...
  -76.6661  -81.6133   41.4257
    0.8857   -0.2548   -0.3882
    0.2551   -0.4314    0.8654
   -0.3879   -0.8655   -0.3170
...    43 A-T ...
  -77.8032  -84.4240   40.2383
    0.8944   -0.4023    0.1954
   -0.3078   -0.2365    0.9216
   -0.3246   -0.8844   -0.3354
...    44 C-G ...
  -78.4214  -87.2274   38.6234
    0.6215   -0.4329    0.6529
   -0.7327   -0.0263    0.6801
   -0.2772   -0.9011   -0.3335
...    45 T-A ...
  -78.9159  -90.2811   37.4660
    0.1611   -0.3374    0.9275
   -0.9620    0.1563    0.2239
   -0.2205   -0.9283   -0.2994
...    46 T-A ...
  -79.2982  -93.3553   36.4709
   -0.4247   -0.2191    0.8784
   -0.8828    0.3152   -0.3482
   -0.2006   -0.9234   -0.3273
...    47 A-T ...
  -80.2542  -96.2611   35.0499
   -0.8961   -0.0163    0.4435
   -0.4137    0.3921   -0.8216
   -0.1605   -0.9198   -0.3582
...    48 C-G ...
  -80.7101  -99.5114   34.4515
   -0.9795    0.1946   -0.0513
    0.1175    0.3460   -0.9308
   -0.1634   -0.9178   -0.3618
...    49 T-A ...
  -81.4630 -102.6008   33.5047
   -0.7648    0.3870   -0.5151
    0.6148    0.1993   -0.7631
   -0.1926   -0.9003   -0.3904
...    50 G-C ...
  -82.0834 -105.5120   32.0313
   -0.2734    0.5282   -0.8039
    0.9362   -0.0457   -0.3484
   -0.2208   -0.8479   -0.4821
...    51 T-A ...
  -83.4044 -108.1151   30.5072
    0.2520    0.4758   -0.8427
    0.9472   -0.2996    0.1142
   -0.1981   -0.8270   -0.5262
...    52 A-T ...
  -84.2712 -110.5898   28.4476
    0.7325    0.3887   -0.5590
    0.6742   -0.5283    0.5161
   -0.0947   -0.7549   -0.6490
...    53 G-C ...
  -84.6267 -112.7949   26.0382
    0.9766    0.1504   -0.1535
    0.2149   -0.6678    0.7126
    0.0047   -0.7290   -0.6845
...    54 G-C ...
  -84.2849 -114.9037   23.4367
    0.9386   -0.1343    0.3179
   -0.3191   -0.6885    0.6513
    0.1314   -0.7127   -0.6891
...    55 T-A ...
  -83.4157 -116.8062   20.9119
    0.6395   -0.4351    0.6338
   -0.7472   -0.5459    0.3792
    0.1810   -0.7160   -0.6742
...    56 A-T ...
  -82.7930 -119.2880   18.7917
    0.0778   -0.6418    0.7629
   -0.9703   -0.2246   -0.0900
    0.2291   -0.7333   -0.6402
...    57 T-A ...
  -81.3644 -121.6055   16.9180
   -0.4184   -0.6820    0.5999
   -0.8748    0.1248   -0.4682
    0.2444   -0.7206   -0.6488
...    58 C-G ...
  -80.5136 -124.0695   14.9215
   -0.8515   -0.4826    0.2050
   -0.4580    0.4944   -0.7388
    0.2552   -0.7230   -0.6420
...    59 T-A ...
  -79.6890 -126.6885   13.0587
   -0.9706   -0.1343   -0.1998
    0.0589    0.6723   -0.7379
    0.2334   -0.7280   -0.6446
...    60 C-G ...
  -78.9251 -129.1550   11.0286
   -0.7554    0.2963   -0.5845
    0.6123    0.6367   -0.4686
    0.2333   -0.7119   -0.6624
...    61 G-C ...
  -77.8022 -131.3049    8.7500
   -0.3279    0.6780   -0.6578
    0.9197    0.3884   -0.0581
    0.2161   -0.6240   -0.7509
...    62 A-T ...
  -77.1865 -133.3865    6.3324
    0.2346    0.8188   -0.5240
    0.9411   -0.0562    0.3335
    0.2436   -0.5713   -0.7837
...    63 G-C ...
  -76.6225 -135.0568    3.5640
    0.6424    0.7402   -0.1985
    0.6988   -0.4596    0.5481
    0.3145   -0.4909   -0.8125
...    64 C-G ...
  -75.7618 -136.2270    0.6330
    0.8827    0.4321    0.1849
    0.2705   -0.7887    0.5520
    0.3843   -0.4372   -0.8131
...    65 T-A ...
  -74.3405 -137.2335   -2.1461
    0.8573    0.0201    0.5143
   -0.1838   -0.9214    0.3424
    0.4808   -0.3881   -0.7862
...    66 C-G ...
  -72.5196 -138.3903   -4.5740
    0.5782   -0.4872    0.6545
   -0.6120   -0.7894   -0.0469
    0.5395   -0.3734   -0.7546
...    67 G-C ...
  -70.7713 -140.0672   -6.8593
    0.0998   -0.8056    0.5839
   -0.7761   -0.4303   -0.4610
    0.6227   -0.4072   -0.6682
...    68 G-C ...
  -68.4183 -141.5745   -8.7531
   -0.3644   -0.8909    0.2713
   -0.6759    0.0526   -0.7351
    0.6406   -0.4512   -0.6213
...    69 G-C ...
  -66.1517 -143.2778  -10.5839
   -0.6975   -0.7001   -0.1530
   -0.3518    0.5206   -0.7780
    0.6243   -0.4887   -0.6094
...    70 A-T ...
  -64.0110 -144.9135  -12.4715
   -0.7663   -0.2580   -0.5884
    0.1202    0.8421   -0.5258
    0.6311   -0.4737   -0.6143
...    71 T-A ...
  -62.1525 -147.0427  -14.1955
   -0.5874    0.1975   -0.7848
    0.4797    0.8660   -0.1411
    0.6518   -0.4594   -0.6035
...    72 C-G ...
  -60.0365 -148.6431  -16.1240
   -0.2262    0.6837   -0.6938
    0.7155    0.5999    0.3579
    0.6610   -0.4154   -0.6250
...    73 C-G ...
  -58.0838 -150.2024  -18.3974
    0.0978    0.9412   -0.3233
    0.7198    0.1575    0.6761
    0.6873   -0.2988   -0.6621
...    74 G-C ...
  -55.6006 -151.0520  -20.4407
    0.3267    0.9233    0.2018
    0.5751   -0.3636    0.7328
    0.7501   -0.1233   -0.6498
...    75 T-A ...
  -53.4528 -150.9527  -22.8808
    0.5126    0.6248    0.5890
    0.3486   -0.7783    0.5223
    0.7847   -0.0624   -0.6167
...    76 C-G ...
  -50.8059 -150.9060  -24.7475
    0.5623    0.0819    0.8229
    0.0384   -0.9966    0.0729
    0.8260   -0.0094   -0.5636
...    77 A-T ...
  -47.9058 -150.9193  -26.3835
    0.3935   -0.4720    0.7889
   -0.2035   -0.8816   -0.4259
    0.8965    0.0071   -0.4429
...    78 T-A ...
  -44.8059 -150.3705  -27.3588
    0.2457   -0.8511    0.4640
   -0.3576   -0.5245   -0.7727
    0.9010    0.0239   -0.4332
...    79 G-C ...
  -41.9041 -150.5761  -28.9373
   -0.0452   -0.9977   -0.0512
   -0.3916    0.0648   -0.9178
    0.9190   -0.0214   -0.3937
...    80 T-A ...
  -38.6461 -150.8323  -29.6696
   -0.2345   -0.8136   -0.5320
   -0.3083    0.5812   -0.7531
    0.9219   -0.0126   -0.3872
...    81 T-A ...
  -35.5350 -151.0504  -30.6373
   -0.3162   -0.3253   -0.8912
   -0.1408    0.9451   -0.2951
    0.9382    0.0322   -0.3446
...    82 A-T ...
  -32.3822 -150.5035  -31.6613
   -0.3222    0.3352   -0.8853
    0.0491    0.9399    0.3380
    0.9454    0.0655   -0.3193
...    83 T-A ...
  -29.4212 -150.8288  -33.0540
   -0.2646    0.7612   -0.5921
    0.1873    0.6428    0.7427
    0.9460    0.0857   -0.3127
...    84 A-T ...
  -26.3701 -150.4639  -34.3241
   -0.2621    0.9639   -0.0458
    0.3106    0.1293    0.9417
    0.9137    0.2326   -0.3333
...    85 A-T ...
  -23.5398 -149.5739  -35.5771
   -0.1103    0.8616    0.4955
    0.4122   -0.4140    0.8116
    0.9044    0.2938   -0.3095
...    86 C-G ...
  -20.9412 -148.1354  -36.9145
    0.0475    0.5126    0.8573
    0.4366   -0.7826    0.4438
    0.8984    0.3532   -0.2610
...    87 G-C ...
  -17.8459 -146.9552  -37.3064
    0.1328   -0.0433    0.9902
    0.4259   -0.8996   -0.0965
    0.8950    0.4345   -0.1011
...    88 G-C ...
  -14.9566 -145.2075  -37.0766
    0.2593   -0.5531    0.7918
    0.3584   -0.7062   -0.6107
    0.8968    0.4421    0.0151
...    89 A-T ...
  -12.0114 -143.7736  -36.7784
    0.4120   -0.8674    0.2792
    0.1726   -0.2266   -0.9586
    0.8947    0.4431    0.0564
...    90 C-G ...
   -9.1012 -142.3610  -35.9145
    0.4466   -0.8533   -0.2691
   -0.0531    0.2750   -0.9600
    0.8932    0.4430    0.0775
...    91 T-A ...
   -6.0594 -141.1165  -35.3932
    0.3394   -0.5766   -0.7432
   -0.2717    0.6964   -0.6643
    0.9006    0.4273    0.0797
...    92 T-A ...
   -3.0568 -139.9421  -34.8775
    0.1644   -0.0393   -0.9856
   -0.4434    0.8896   -0.1094
    0.8811    0.4550    0.1289
...    93 T-A ...
   -0.0768 -138.7191  -34.4045
   -0.1018    0.4919   -0.8647
   -0.4841    0.7349    0.4750
    0.8691    0.4670    0.1633
...    94 A-T ...
    2.7383 -137.0535  -33.7529
   -0.4288    0.7956   -0.4279
   -0.3428    0.2950    0.8919
    0.8358    0.5291    0.1463
...    95 A-T ...
    5.4438 -135.3058  -33.5020
   -0.5829    0.8012    0.1356
   -0.0502   -0.2021    0.9781
    0.8110    0.5633    0.1580
...    96 C-G ...
    7.9174 -133.1712  -33.5341
   -0.5803    0.5451    0.6051
    0.2662   -0.5752    0.7735
    0.7696    0.6100    0.1887
...    97 A-T ...
   10.3404 -130.9922  -32.7515
   -0.4551    0.0467    0.8892
    0.5813   -0.7409    0.3364
    0.6745    0.6700    0.3101
...    98 C-G ...
   11.9985 -128.3551  -31.7005
   -0.1246   -0.3757    0.9183
    0.7571   -0.6342   -0.1567
    0.6413    0.6757    0.3635
...    99 T-A ...
   13.7862 -126.0226  -30.1809
    0.2518   -0.6939    0.6746
    0.7486   -0.3022   -0.5902
    0.6134    0.6536    0.4433
...   100 T-A ...
   15.5404 -123.8585  -28.5011
    0.6519   -0.7240    0.2255
    0.4776    0.1610   -0.8637
    0.5890    0.6708    0.4508
...   101 T-A ...
   17.2914 -121.7549  -26.7273
    0.8360   -0.4628   -0.2948
    0.0107    0.5510   -0.8344
    0.5486    0.6944    0.4656
...   102 A-T ...
   18.8463 -118.9975  -25.4848
    0.6783    0.0561   -0.7327
   -0.5494    0.7008   -0.4550
    0.4879    0.7112    0.5061
...   103 T-A ...
   20.8844 -117.1536  -23.6333
    0.3104    0.4238   -0.8509
   -0.8272    0.5615   -0.0222
    0.4684    0.7108    0.5248
...   104 G-C ...
   22.2046 -114.6352  -21.9120
   -0.2580    0.6039   -0.7542
   -0.8588    0.2143    0.4653
    0.4426    0.7677    0.4633
...   105 C-G ...
   23.9763 -112.1476  -20.6445
   -0.7066    0.5769   -0.4099
   -0.5879   -0.1561    0.7937
    0.3939    0.8018    0.4495
...   106 T-A ...
   25.2448 -109.3300  -19.4828
   -0.9407    0.3387    0.0177
   -0.1358   -0.4239    0.8955
    0.3109    0.8400    0.4448
...   107 T-A ...
   26.1529 -106.4920  -18.2383
   -0.8730    0.0074    0.4876
    0.4086   -0.5345    0.7398
    0.2661    0.8451    0.4636
...   108 C-G ...
   26.7924 -103.7013  -16.6908
   -0.4982   -0.3549    0.7911
    0.8417   -0.4170    0.3430
    0.2082    0.8368    0.5065
...   109 C-G ...
   26.9952 -100.9199  -14.7873
    0.0078   -0.6034    0.7974
    0.9877   -0.1199   -0.1003
    0.1561    0.7884    0.5950
...   110 G-C ...
   27.8374  -98.5219  -12.6094
    0.5358   -0.6475    0.5419
    0.8312    0.2919   -0.4731
    0.1482    0.7039    0.6947
...   111 G-C ...
   28.2498  -96.4733   -9.9466
    0.8918   -0.4263    0.1516
    0.4131    0.6303   -0.6574
    0.1847    0.6489    0.7381
...   112 C-G ...
   28.8820  -94.6661   -7.2205
    0.9675   -0.0198   -0.2519
   -0.1446    0.7740   -0.6164
    0.2072    0.6328    0.7460
...   113 T-A ...
   29.7726  -92.8092   -4.6082
    0.7324    0.3828   -0.5630
   -0.6386    0.6729   -0.3733
    0.2359    0.6330    0.7373
...   114 C-G ...
   30.6215  -90.7820   -2.1542
    0.2034    0.7032   -0.6812
   -0.9518    0.3053    0.0309
    0.2297    0.6421    0.7314
...   115 G-C ...
   30.9245  -88.6016    0.3762
   -0.3894    0.6855   -0.6153
   -0.9024   -0.1500    0.4040
    0.1846    0.7125    0.6769
...   116 T-A ...
   31.9620  -86.0523    2.2185
   -0.8094    0.4792   -0.3395
   -0.5683   -0.4934    0.6585
    0.1480    0.7259    0.6717
...   117 A-T ...
   32.3218  -83.5608    4.3990
   -0.9991    0.0350    0.0247
   -0.0050   -0.6677    0.7444
    0.0425    0.7436    0.6673
...   118 T-A ...
   32.2373  -80.7442    6.0685
   -0.8696   -0.3229    0.3735
    0.4935   -0.5943    0.6351
    0.0169    0.7366    0.6761
...   119 A-T ...
   31.9324  -78.3015    8.3189
   -0.4507   -0.6922    0.5636
    0.8887   -0.2883    0.3565
   -0.0843    0.6616    0.7451
...   120 A-T ...
   31.3681  -76.2077   10.7220
    0.1259   -0.7519    0.6471
    0.9870    0.1607   -0.0053
   -0.1001    0.6394    0.7623
...   121 T-A ...
   30.4064  -74.4134   13.3028
    0.6056   -0.5756    0.5494
    0.7889    0.5248   -0.3197
   -0.1043    0.6270    0.7720
...   122 G-C ...
   30.3580  -72.3492   15.9139
    0.9534   -0.2244    0.2015
    0.2991    0.7887   -0.5371
   -0.0384    0.5723    0.8191
...   123 T-A ...
   30.2356  -71.0110   18.9566
    0.9685    0.2170   -0.1218
   -0.2478    0.7959   -0.5523
   -0.0229    0.5652    0.8247
...   124 G-C ...
   30.1596  -68.8752   21.5014
    0.6430    0.6056   -0.4688
   -0.7650    0.5363   -0.3565
    0.0355    0.5879    0.8082
...   125 T-A ...
   30.8428  -67.1639   24.2822
    0.1409    0.7919   -0.5941
   -0.9895    0.1327   -0.0577
    0.0331    0.5960    0.8023
...   126 C-G ...
   31.0461  -65.1884   26.9042
   -0.4745    0.7052   -0.5268
   -0.8801   -0.3675    0.3007
    0.0184    0.6063    0.7950
...   127 G-C ...
   30.7701  -63.3787   29.7085
   -0.8818    0.3105   -0.3549
   -0.4648   -0.6998    0.5425
   -0.0799    0.6434    0.7614
...   128 A-T ...
   30.5415  -61.2083   32.1430
   -0.9825   -0.1858   -0.0102
    0.1357   -0.7530    0.6439
   -0.1273    0.6313    0.7650
...   129 C-G ...
   29.8178  -58.7634   34.2273
   -0.7643   -0.5779    0.2862
    0.6223   -0.5445    0.5624
   -0.1692    0.6079    0.7758
...   130 C-G ...
   28.8327  -56.6939   36.7085
   -0.2945   -0.8424    0.4513
    0.9280   -0.1393    0.3455
   -0.2282    0.5206    0.8228
...   131 A-T ...
   28.0540  -55.1054   39.5449
    0.2956   -0.8397    0.4556
    0.9250    0.3708    0.0831
   -0.2388    0.3969    0.8863
...   132 A-T ...
   27.0882  -54.0425   42.4481
    0.7683   -0.4934    0.4078
    0.5949    0.7856   -0.1702
   -0.2364    0.3734    0.8971
...   133 A-T ...
   26.2556  -53.1179   45.4449
    0.9699    0.0387    0.2403
    0.0513    0.9326   -0.3572
   -0.2379    0.3588    0.9026
...   134 T-A ...
   25.6208  -52.5914   48.6400
    0.8597    0.5097    0.0340
   -0.4497    0.7866   -0.4231
   -0.2424    0.3485    0.9054
...   135 G-C ...
   25.2757  -52.5096   52.0791
    0.3204    0.9427   -0.0928
   -0.8825    0.2614   -0.3910
   -0.3443    0.2071    0.9157
...   136 T-A ...
   25.5257  -52.9787   55.8049
   -0.2439    0.9563   -0.1610
   -0.8908   -0.2866   -0.3525
   -0.3833    0.0575    0.9218
...   137 G-C ...
   24.8933  -52.7378   58.9865
   -0.7529    0.5562   -0.3519
   -0.5215   -0.8303   -0.1966
   -0.4015    0.0355    0.9152
...   138 A-T ...
   24.0143  -51.6374   61.9242
   -0.9563    0.0401   -0.2896
   -0.0524   -0.9980    0.0347
   -0.2876    0.0484    0.9565
...   139 G-C ...
   22.3466  -51.2412   64.4939
   -0.8529   -0.5118   -0.1033
    0.4974   -0.8566    0.1373
   -0.1587    0.0657    0.9851
...   140 C-G ...
   22.1502  -50.1499   67.4638
   -0.4681   -0.8748    0.1248
    0.8495   -0.4066    0.3362
   -0.2434    0.2634    0.9335
...   141 G-C ...
   21.4256  -51.8266   72.7876
    0.1303   -0.7143   -0.6876
    0.8897   -0.2218    0.3990
   -0.4375   -0.6638    0.6066
...   142 C-G ...
   20.4245  -54.3095   74.5418
    0.5846   -0.7390   -0.3348
    0.7594    0.3532    0.5465
   -0.2856   -0.5737    0.7676
...   143 T-A ...
   18.4270  -55.5290   76.5298
    0.8548   -0.5005    0.1370
    0.3188    0.7148    0.6224
   -0.4095   -0.4884    0.7706
...   144 C-G ...
   16.8371  -57.7222   78.2673
    0.8529   -0.0846    0.5151
   -0.1508    0.9048    0.3983
   -0.4998   -0.4174    0.7589
...   145 A-T ...
   15.7828  -59.5615   80.7981
    0.5516    0.4995    0.6680
   -0.6739    0.7388    0.0039
   -0.4916   -0.4523    0.7441
...   146 C-G ...
   15.7314  -61.4940   83.9316
    0.0344    0.7399    0.6718
   -0.8637    0.3602   -0.3526
   -0.5029   -0.5681    0.6514
...   147 A-T ...
   14.7383  -63.4279   86.8192
   -0.5924    0.6746    0.4405
   -0.6886   -0.1401   -0.7114
   -0.4182   -0.7248    0.5475
