  147 base-pairs
...     1 T-A ...
    0.0000    0.0000    0.0000
    1.0000    0.0000    0.0000
    0.0000    1.0000    0.0000
    0.0000    0.0000    1.0000
...     2 G-C ...
   -0.5555   -1.1003    3.3981
    0.7749    0.6051    0.1828
   -0.5991    0.7953   -0.0929
   -0.2016   -0.0375    0.9787
...     3 T-A ...
   -0.6619   -3.0237    6.5348
    0.3046    0.9250    0.2271
   -0.8994    0.3578   -0.2510
   -0.3134   -0.1278    0.9410
...     4 G-C ...
   -1.1607   -3.8418    9.6940
   -0.3351    0.9421    0.0133
   -0.8752   -0.3061   -0.3746
   -0.3489   -0.1372    0.9271
...     5 A-T ...
   -1.3881   -3.6770   12.8999
   -0.7835    0.6162   -0.0801
   -0.5677   -0.7622   -0.3109
   -0.2527   -0.1981    0.9470
...     6 G-C ...
   -2.6236   -3.5448   15.7072
   -0.9923    0.0611   -0.1075
   -0.0294   -0.9610   -0.2748
   -0.1201   -0.2695    0.9555
...     7 C-G ...
   -2.3138   -3.7570   18.8866
   -0.8620   -0.4995   -0.0864
    0.5008   -0.8655    0.0073
   -0.0785   -0.0370    0.9962
...     8 G-C ...
   -3.9561   -6.8109   23.3205
   -0.2581   -0.3560   -0.8981
    0.6294   -0.7673    0.1233
   -0.7330   -0.5335    0.4221
...     9 C-G ...
   -6.1177   -8.9414   24.2385
    0.1143   -0.7320   -0.6716
    0.8123   -0.3203    0.4874
   -0.5720   -0.6013    0.5580
...    10 T-A ...
   -8.5041   -9.6771   26.0540
    0.4660   -0.8587   -0.2131
    0.6274    0.1508    0.7640
   -0.6239   -0.4897    0.6090
...    11 C-G ...
  -11.0625  -11.3174   27.2336
    0.6660   -0.6911    0.2808
    0.3382    0.6152    0.7121
   -0.6649   -0.3794    0.6435
...    12 A-T ...
  -13.0013  -13.1789   29.0658
    0.7188   -0.1490    0.6790
   -0.1787    0.9043    0.3876
   -0.6718   -0.4000    0.6235
...    13 C-G ...
  -14.1788  -15.9359   31.3399
    0.4052    0.2865    0.8682
   -0.5270    0.8492   -0.0343
   -0.7470   -0.4437    0.4951
...    14 A-T ...
  -15.9532  -18.1566   33.3080
   -0.1503    0.6873    0.7107
   -0.6106    0.5008   -0.6135
   -0.7776   -0.5261    0.3444
...    15 A-T ...
  -18.3122  -19.9457   34.6460
   -0.4778    0.8440    0.2436
   -0.4076    0.0326   -0.9126
   -0.7782   -0.5353    0.3285
...    16 T-A ...
  -20.6431  -21.5328   36.3413
   -0.6126    0.7506   -0.2476
   -0.1083   -0.3900   -0.9145
   -0.7829   -0.5334    0.3202
...    17 T-A ...
  -23.1910  -23.0976   37.5876
   -0.5535    0.4167   -0.7211
    0.2564   -0.7385   -0.6236
   -0.7924   -0.5301    0.3020
...    18 T-A ...
  -25.8650  -24.5822   38.6432
   -0.2949   -0.0457   -0.9544
    0.5192   -0.8462   -0.1199
   -0.8021   -0.5309    0.2733
...    19 A-T ...
  -28.7122  -26.1854   39.2813
    0.1413   -0.4229   -0.8951
    0.5646   -0.7083    0.4238
   -0.8132   -0.5652    0.1387
...    20 T-A ...
  -31.6608  -27.6168   39.2548
    0.4195   -0.7059   -0.5708
    0.4124   -0.4119    0.8125
   -0.8087   -0.5763    0.1183
...    21 T-A ...
  -34.3444  -29.4282   39.3472
    0.5896   -0.8074   -0.0241
    0.0979    0.0418    0.9943
   -0.8018   -0.5886    0.1037
...    22 C-G ...
  -36.8575  -31.5026   39.5752
    0.5623   -0.6158    0.5519
   -0.2833    0.4836    0.8282
   -0.7769   -0.6221    0.0974
...    23 G-C ...
  -39.4584  -33.4598   40.3031
    0.3781   -0.1879    0.9065
   -0.5864    0.7091    0.3916
   -0.7163   -0.6796    0.1580
...    24 C-G ...
  -41.5063  -36.0080   40.8533
    0.0188    0.2478    0.9686
   -0.7100    0.6854   -0.1616
   -0.7040   -0.6847    0.1888
...    25 A-T ...
  -44.0104  -38.1031   41.4284
   -0.3418    0.6408    0.6874
   -0.6088    0.4062   -0.6814
   -0.7159   -0.6514    0.2513
...    26 A-T ...
  -46.1781  -40.2851   42.4879
   -0.6432    0.7437    0.1822
   -0.2951   -0.0212   -0.9552
   -0.7065   -0.6682    0.2331
...    27 A-T ...
  -48.4377  -42.3816   43.5147
   -0.7026    0.5959   -0.3888
    0.1317   -0.4281   -0.8941
   -0.6993   -0.6794    0.2223
...    28 G-C ...
  -50.8914  -44.3946   44.4370
   -0.4788    0.3381   -0.8102
    0.4817   -0.6704   -0.5644
   -0.7340   -0.6605    0.1581
...    29 G-C ...
  -53.6057  -46.3210   44.9925
   -0.0720    0.0015   -0.9974
    0.6530   -0.7558   -0.0483
   -0.7539   -0.6548    0.0534
...    30 C-G ...
  -56.3666  -48.1178   44.9745
    0.3376   -0.3550   -0.8718
    0.5816   -0.6495    0.4898
   -0.7401   -0.6723   -0.0128
...    31 C-G ...
  -58.9437  -50.2398   44.4951
    0.6712   -0.5667   -0.4778
    0.2924   -0.3900    0.8732
   -0.6812   -0.7258   -0.0960
...    32 G-C ...
  -60.9461  -52.9006   44.3299
    0.8054   -0.5865    0.0860
   -0.1568   -0.0708    0.9851
   -0.5716   -0.8069   -0.1490
...    33 G-C ...
  -62.5089  -55.7836   43.5390
    0.6425   -0.4633    0.6104
   -0.5893    0.2104    0.7800
   -0.4898   -0.8608   -0.1379
...    34 C-G ...
  -63.6978  -58.8161   42.9374
    0.2352   -0.2455    0.9404
   -0.8587    0.4008    0.3194
   -0.4553   -0.8827   -0.1165
...    35 C-G ...
  -64.9369  -61.9469   42.7532
   -0.2467    0.0625    0.9671
   -0.8645    0.4368   -0.2488
   -0.4379   -0.8974   -0.0537
...    36 C-G ...
  -66.2551  -65.0508   42.8664
   -0.6567    0.3381    0.6741
   -0.5983    0.3107   -0.7386
   -0.4592   -0.8883   -0.0017
...    37 G-C ...
  -68.0124  -67.8686   42.4844
   -0.8430    0.5198    0.1388
   -0.1271    0.0583   -0.9902
   -0.5228   -0.8523    0.0169
...    38 A-T ...
  -69.6820  -70.6873   42.6442
   -0.7443    0.4749   -0.4696
    0.3997   -0.2465   -0.8829
   -0.5350   -0.8448   -0.0063
...    39 C-G ...
  -71.8045  -73.1938   43.0453
   -0.4109    0.3062   -0.8587
    0.7312   -0.4520   -0.5110
   -0.5446   -0.8378   -0.0382
...    40 A-T ...
  -73.5701  -76.0147   42.8326
    0.1324    0.1110   -0.9850
    0.8276   -0.5593    0.0482
   -0.5455   -0.8215   -0.1659
...    41 C-G ...
  -75.7937  -78.2947   42.0459
    0.5661   -0.1429   -0.8119
    0.6392   -0.5458    0.5418
   -0.5205   -0.8257   -0.2176
...    42 G-C ...
  -77.2311  -81.2133   41.3179
    0.8932   -0.2776   -0.3538
    0.2163   -0.4247    0.8791
   -0.3943   -0.8617   -0.3193
...    43 A-T ...
  -78.3815  -84.0193   40.1273
    0.8777   -0.4190    0.2327
   -0.3459   -0.2178    0.9126
   -0.3317   -0.8815   -0.3361
...    44 C-G ...
  -79.0035  -86.8317   38.5247
    0.5862   -0.4389    0.6809
   -0.7581   -0.0009    0.6521
   -0.2856   -0.8985   -0.3333
...    45 T-A ...
  -79.5295  -89.8888   37.3847
    0.1157   -0.3308    0.9366
   -0.9659    0.1825    0.1837
   -0.2317   -0.9259   -0.2984
...    46 T-A ...
  -79.9497  -92.9636   36.4035
   -0.4667   -0.1998    0.8615
   -0.8590    0.3343   -0.3878
   -0.2105   -0.9210   -0.3277
...    47 A-T ...
  -80.9271  -95.8504   34.9473
   -0.9163    0.0094    0.4005
   -0.3642    0.3969   -0.8425
   -0.1669   -0.9178   -0.3603
...    48 C-G ...
  -81.4358  -99.0928   34.3439
   -0.9704    0.2198   -0.0999
    0.1717    0.3373   -0.9256
   -0.1698   -0.9154   -0.3650
...    49 T-A ...
  -82.2216 -102.1679   33.3738
   -0.7274    0.4052   -0.5538
    0.6572    0.1789   -0.7322
   -0.1976   -0.8965   -0.3965
...    50 G-C ...
  -82.8508 -105.0698   31.8813
   -0.2176    0.5335   -0.8173
    0.9508   -0.0731   -0.3009
   -0.2203   -0.8426   -0.4914
...    51 T-A ...
  -84.1671 -107.6365   30.2945
    0.3083    0.4670   -0.8287
    0.9311   -0.3268    0.1622
   -0.1951   -0.8216   -0.5356
...    52 A-T ...
  -84.9979 -110.0857   28.1885
    0.7718    0.3674   -0.5190
    0.6305   -0.5485    0.5492
   -0.0829   -0.7511   -0.6550
...    53 G-C ...
  -85.2898 -112.2774   25.7570
    0.9876    0.1204   -0.1009
    0.1560   -0.6760    0.7202
    0.0185   -0.7270   -0.6863
...    54 G-C ...
  -84.8671 -114.3917   23.1710
    0.9152   -0.1665    0.3670
   -0.3760   -0.6806    0.6288
    0.1451   -0.7134   -0.6855
...    55 T-A ...
  -83.9243 -116.3122   20.6831
    0.5886   -0.4612    0.6639
   -0.7851   -0.5220    0.3334
    0.1928   -0.7175   -0.6694
...    56 A-T ...
  -83.3157 -118.8101   18.5711
    0.0083   -0.6572    0.7536
   -0.9718   -0.1828   -0.1487
    0.2355   -0.7312   -0.6402
...    57 T-A ...
  -81.8763 -121.1526   16.7333
   -0.4799   -0.6754    0.5600
   -0.8404    0.1706   -0.5144
    0.2519   -0.7175   -0.6495
...    58 C-G ...
  -81.0075 -123.6056   14.7277
   -0.8814   -0.4500    0.1434
   -0.3928    0.5300   -0.7515
    0.2622   -0.7187   -0.6439
...    59 T-A ...
  -80.1822 -126.2132   12.8466
   -0.9619   -0.0866   -0.2593
    0.1308    0.6872   -0.7146
    0.2401   -0.7213   -0.6497
...    60 C-G ...
  -79.3977 -128.6585   10.7978
   -0.7063    0.3454   -0.6179
    0.6656    0.6213   -0.4135
    0.2411   -0.7033   -0.6687
...    61 G-C ...
  -78.2388 -130.7979    8.5240
   -0.2601    0.7119   -0.6523
    0.9373    0.3485    0.0066
    0.2321   -0.6097   -0.7579
...    62 A-T ...
  -77.5736 -132.8240    6.0732
    0.2989    0.8245   -0.4805
    0.9173   -0.1094    0.3829
    0.2631   -0.5552   -0.7890
...    63 G-C ...
  -76.9233 -134.4210    3.2802
    0.6841    0.7169   -0.1345
    0.6462   -0.5101    0.5676
    0.3383   -0.4752   -0.8122
...    64 C-G ...
  -75.9425 -135.5153    0.3566
    0.8892    0.3835    0.2496
    0.2044   -0.8209    0.5333
    0.4094   -0.4232   -0.8083
...    65 T-A ...
  -74.4127 -136.4793   -2.3813
    0.8279   -0.0419    0.5594
   -0.2440   -0.9249    0.2917
    0.5051   -0.3780   -0.7759
...    66 C-G ...
  -72.5132 -137.6225   -4.7584
    0.5189   -0.5438    0.6596
   -0.6449   -0.7555   -0.1155
    0.5611   -0.3654   -0.7427
...    67 G-C ...
  -70.7359 -139.2819   -7.0380
    0.0310   -0.8381    0.5447
   -0.7707   -0.3670   -0.5208
    0.6364   -0.4037   -0.6573
...    68 G-C ...
  -68.3654 -140.7973   -8.9047
   -0.4200   -0.8847    0.2022
   -0.6345    0.1270   -0.7625
    0.6489   -0.4486   -0.6146
...    69 G-C ...
  -66.0863 -142.4935  -10.7280
   -0.7219   -0.6536   -0.2276
   -0.2876    0.5824   -0.7603
    0.6295   -0.4834   -0.6083
...    70 A-T ...
  -63.9290 -144.1149  -12.6095
   -0.7487   -0.1826   -0.6373
    0.1855    0.8653   -0.4657
    0.6364   -0.4669   -0.6140
...    71 T-A ...
  -62.0951 -146.2241  -14.3811
   -0.5405    0.2755   -0.7949
    0.5267    0.8476   -0.0644
    0.6561   -0.4535   -0.6033
...    72 C-G ...
  -59.9714 -147.8038  -16.3172
   -0.1633    0.7375   -0.6553
    0.7267    0.5392    0.4257
    0.6673   -0.4067   -0.6239
...    73 C-G ...
  -57.9988 -149.3006  -18.6143
    0.1547    0.9548   -0.2540
    0.6977    0.0764    0.7123
    0.6995   -0.2874   -0.6543
...    74 G-C ...
  -55.4728 -150.1141  -20.6223
    0.3606    0.8902    0.2784
    0.5295   -0.4411    0.7246
    0.7678   -0.1139   -0.6304
...    75 C-G ...
  -53.1335 -149.9960  -22.9080
    0.5157    0.5348    0.6693
    0.2869   -0.8439    0.4533
    0.8073   -0.0417   -0.5887
...    76 T-A ...
  -50.4460 -149.6560  -24.7635
    0.5099    0.0360    0.8595
    0.0384   -0.9991    0.0191
    0.8594    0.0233   -0.5108
...    77 C-G ...
  -47.5074 -149.4692  -26.1518
    0.4052   -0.5434    0.7352
   -0.2136   -0.8382   -0.5018
    0.8889    0.0463   -0.4557
...    78 A-T ...
  -44.5211 -149.5203  -27.5934
    0.1518   -0.9225    0.3548
   -0.3436   -0.3858   -0.8562
    0.9268    0.0080   -0.3756
...    79 T-A ...
  -41.2556 -149.3589  -28.1486
   -0.0152   -0.9894   -0.1447
   -0.3687    0.1401   -0.9189
    0.9294    0.0394   -0.3669
...    80 G-C ...
  -38.3248 -149.1948  -29.6696
   -0.2564   -0.7209   -0.6438
   -0.2752    0.6930   -0.6664
    0.9266    0.0063   -0.3761
...    81 T-A ...
  -35.1386 -149.6765  -30.5824
   -0.3609   -0.2478   -0.8991
   -0.1146    0.9685   -0.2209
    0.9255    0.0233   -0.3779
...    82 T-A ...
  -32.0959 -149.8851  -31.7207
   -0.3388    0.3526   -0.8723
    0.0827    0.9347    0.3457
    0.9372    0.0450   -0.3459
...    83 A-T ...
  -28.9710 -149.6410  -32.8324
   -0.3018    0.8221   -0.4828
    0.2491    0.5569    0.7924
    0.9203    0.1189   -0.3728
...    84 T-A ...
  -26.2421 -149.4316  -34.6185
   -0.1717    0.9850   -0.0156
    0.3589    0.0773    0.9302
    0.9175    0.1541   -0.3668
...    85 A-T ...
  -23.4223 -148.5308  -36.1671
   -0.1503    0.8350    0.5293
    0.4330   -0.4257    0.7946
    0.8888    0.3486   -0.2976
...    86 A-T ...
  -20.6921 -147.1519  -37.1720
    0.0505    0.4462    0.8935
    0.4686   -0.8007    0.3733
    0.8819    0.3999   -0.2495
...    87 C-G ...
  -18.1561 -145.2288  -37.9327
    0.2296   -0.0440    0.9723
    0.4131   -0.9001   -0.1383
    0.8813    0.4334   -0.1885
...    88 G-C ...
  -15.0296 -144.0833  -38.1883
    0.3141   -0.5755    0.7551
    0.3121   -0.6886   -0.6546
    0.8966    0.4413   -0.0367
...    89 G-C ...
  -12.0006 -142.6344  -37.7507
    0.3786   -0.8815    0.2821
    0.1525   -0.2412   -0.9584
    0.9129    0.4059    0.0431
...    90 A-T ...
   -8.9787 -141.3533  -37.4381
    0.4037   -0.8475   -0.3446
   -0.0850    0.3403   -0.9365
    0.9109    0.4073    0.0654
...    91 T-A ...
   -5.9121 -140.3716  -36.6116
    0.3365   -0.5344   -0.7754
   -0.2888    0.7252   -0.6251
    0.8963    0.4343    0.0897
...    92 T-A ...
   -2.9180 -139.1859  -36.0771
    0.1510    0.0104   -0.9885
   -0.4554    0.8882   -0.0602
    0.8774    0.4593    0.1389
...    93 T-A ...
    0.0526 -137.9485  -35.5883
   -0.1209    0.5299   -0.8394
   -0.4859    0.7058    0.5155
    0.8656    0.4702    0.1722
...    94 A-T ...
    2.8618 -136.2826  -34.9228
   -0.4472    0.8057   -0.3884
   -0.3330    0.2530    0.9084
    0.8301    0.5356    0.1551
...    95 A-T ...
    5.5432 -134.5031  -34.6435
   -0.5931    0.7857    0.1759
   -0.0317   -0.2411    0.9700
    0.8045    0.5697    0.1680
...    96 C-G ...
    7.9807 -132.3279  -34.6292
   -0.5793    0.5120    0.6342
    0.2873   -0.5999    0.7467
    0.7628    0.6148    0.2005
...    97 A-T ...
   10.3777 -130.1384  -33.8007
   -0.4419    0.0062    0.8970
    0.5982   -0.7431    0.2999
    0.6685    0.6691    0.3247
...    98 C-G ...
   12.0095 -127.5141  -32.6774
   -0.1041   -0.4106    0.9058
    0.7646   -0.6155   -0.1911
    0.6360    0.6727    0.3781
...    99 T-A ...
   13.7826 -125.2076  -31.1025
    0.2735   -0.7128    0.6459
    0.7438   -0.2690   -0.6119
    0.6098    0.6478    0.4566
...   100 T-A ...
   15.5262 -123.0728  -29.3747
    0.6672   -0.7201    0.1906
    0.4611    0.1983   -0.8649
    0.5850    0.6649    0.4643
...   101 T-A ...
   17.2695 -121.0006  -27.5568
    0.8386   -0.4388   -0.3228
   -0.0113    0.5784   -0.8157
    0.5446    0.6877    0.4800
...   102 A-T ...
   18.8041 -118.2689  -26.2428
    0.6657    0.0880   -0.7410
   -0.5661    0.7065   -0.4247
    0.4862    0.7022    0.5201
...   103 T-A ...
   20.8459 -116.4534  -24.3691
    0.2912    0.4527   -0.8428
   -0.8348    0.5505    0.0073
    0.4672    0.7015    0.5382
...   104 G-C ...
   22.1666 -113.9687  -22.6004
   -0.2774    0.6204   -0.7336
   -0.8542    0.1902    0.4839
    0.4398    0.7608    0.4772
...   105 C-G ...
   23.9245 -111.4914  -21.2973
   -0.7200    0.5778   -0.3843
   -0.5738   -0.1842    0.7980
    0.3903    0.7951    0.4641
...   106 T-A ...
   25.1734 -108.6872  -20.0851
   -0.9446    0.3259    0.0396
   -0.1172   -0.4474    0.8866
    0.3066    0.8328    0.4608
...   107 T-A ...
   26.0629 -105.8679  -18.7862
   -0.8660   -0.0153    0.4999
    0.4258   -0.5466    0.7210
    0.2622    0.8372    0.4799
...   108 C-G ...
   26.6876 -103.1063  -17.1816
   -0.4825   -0.3791    0.7896
    0.8515   -0.4141    0.3216
    0.2050    0.8275    0.5226
...   109 C-G ...
   26.8830 -100.3664  -15.2183
    0.0264   -0.6205    0.7837
    0.9876   -0.1053   -0.1167
    0.1549    0.7771    0.6100
...   110 G-C ...
   27.7278  -98.0041  -13.0043
    0.5512   -0.6519    0.5208
    0.8209    0.3118   -0.4785
    0.1495    0.6912    0.7070
...   111 G-C ...
   28.1500  -96.0024  -10.3081
    0.8988   -0.4184    0.1308
    0.3963    0.6480   -0.6504
    0.1874    0.6364    0.7482
...   112 C-G ...
   28.7959  -94.2401   -7.5568
    0.9641   -0.0038   -0.2655
   -0.1620    0.7837   -0.5996
    0.2103    0.6211    0.7550
...   113 T-A ...
   29.7015  -92.4224   -4.9232
    0.7206    0.4008   -0.5658
   -0.6508    0.6723   -0.3527
    0.2391    0.6224    0.7453
...   114 C-G ...
   30.5617  -90.4302   -2.4457
    0.1874    0.7164   -0.6721
   -0.9543    0.2949    0.0483
    0.2328    0.6323    0.7389
...   115 G-C ...
   30.8798  -88.2869    0.1125
   -0.4034    0.6906   -0.6003
   -0.8958   -0.1645    0.4128
    0.1863    0.7043    0.6850
...   116 T-A ...
   31.9155  -85.7548    1.9773
   -0.8176    0.4763   -0.3234
   -0.5560   -0.5076    0.6581
    0.1493    0.7179    0.6799
...   117 A-T ...
   32.2771  -83.2818    4.1772
   -0.9991    0.0256    0.0339
    0.0076   -0.6768    0.7361
    0.0418    0.7357    0.6760
...   118 T-A ...
   32.1822  -80.4864    5.8813
   -0.8636   -0.3350    0.3769
    0.5040   -0.5975    0.6237
    0.0163    0.7286    0.6848
...   119 A-T ...
   31.8748  -78.0731    8.1619
   -0.4405   -0.7021    0.5595
    0.8939   -0.2850    0.3461
   -0.0835    0.6526    0.7531
...   120 A-T ...
   31.3116  -76.0094   10.5916
    0.1369   -0.7574    0.6385
    0.9856    0.1685   -0.0114
   -0.0989    0.6309    0.7696
...   121 T-A ...
   30.3561  -74.2479   13.1975
    0.6141   -0.5762    0.5393
    0.7824    0.5338   -0.3207
   -0.1031    0.6189    0.7787
...   122 G-C ...
   30.3104  -72.2083   15.8269
    0.9564   -0.2194    0.1926
    0.2897    0.7955   -0.5322
   -0.0365    0.5648    0.8244
...   123 T-A ...
   30.1995  -70.8975   18.8814
    0.9663    0.2243   -0.1266
   -0.2567    0.7989   -0.5440
   -0.0209    0.5581    0.8295
...   124 G-C ...
   30.1297  -68.7863   21.4460
    0.6368    0.6123   -0.4685
   -0.7701    0.5348   -0.3477
    0.0377    0.5823    0.8121
...   125 T-A ...
   30.8219  -67.0917   24.2334
    0.1339    0.7963   -0.5899
   -0.9904    0.1287   -0.0510
    0.0353    0.5910    0.8059
...   126 C-G ...
   31.0327  -65.1312   26.8645
   -0.4798    0.7062   -0.5207
   -0.8772   -0.3723    0.3032
    0.0203    0.6022    0.7981
...   127 G-C ...
   30.7643  -63.3323   29.6750
   -0.8841    0.3093   -0.3502
   -0.4606   -0.7032    0.5416
   -0.0787    0.6401    0.7642
...   128 A-T ...
   30.5366  -61.1709   32.1166
   -0.9821   -0.1882   -0.0077
    0.1396   -0.7548    0.6410
   -0.1264    0.6284    0.7675
...   129 C-G ...
   29.8125  -58.7348   34.2105
   -0.7624   -0.5803    0.2864
    0.6248   -0.5449    0.5591
   -0.1684    0.6052    0.7781
...   130 C-G ...
   28.8274  -56.6762   36.7003
   -0.2923   -0.8439    0.4499
    0.9289   -0.1387    0.3433
   -0.2273    0.5183    0.8245
...   131 A-T ...
   28.0524  -55.0954   39.5409
    0.2973   -0.8400    0.4539
    0.9247    0.3717    0.0823
   -0.2379    0.3952    0.8873
...   132 A-T ...
   27.0875  -54.0381   42.4467
    0.7691   -0.4931    0.4067
    0.5941    0.7862   -0.1702
   -0.2359    0.3725    0.8976
...   133 A-T ...
   26.2552  -53.1169   45.4448
    0.9700    0.0391    0.2401
    0.0508    0.9327   -0.3570
   -0.2379    0.3585    0.9027
...   134 T-A ...
   25.6208  -52.5913   48.6399
    0.8597    0.5097    0.0340
   -0.4497    0.7866   -0.4231
   -0.2424    0.3485    0.9054
...   135 G-C ...
   25.2756  -52.5096   52.0791
    0.3204    0.9427   -0.0928
   -0.8825    0.2614   -0.3910
   -0.3443    0.2071    0.9157
...   136 T-A ...
   25.5257  -52.9787   55.8049
   -0.2439    0.9563   -0.1610
   -0.8908   -0.2866   -0.3525
   -0.3833    0.0575    0.9218
...   137 G-C ...
   24.8932  -52.7378   58.9864
   -0.7529    0.5562   -0.3519
   -0.5215   -0.8303   -0.1966
   -0.4015    0.0355    0.9152
...   138 A-T ...
   24.0142  -51.6374   61.9241
   -0.9563    0.0401   -0.2896
   -0.0524   -0.9980    0.0347
   -0.2876    0.0484    0.9565
...   139 G-C ...
   22.3466  -51.2412   64.4939
   -0.8529   -0.5118   -0.1033
    0.4974   -0.8566    0.1373
   -0.1587    0.0657    0.9851
...   140 C-G ...
   22.1502  -50.1498   67.4638
   -0.4681   -0.8748    0.1248
    0.8495   -0.4066    0.3362
   -0.2434    0.2634    0.9335
...   141 G-C ...
   21.4255  -51.8266   72.7875
    0.1303   -0.7143   -0.6876
    0.8897   -0.2218    0.3990
   -0.4375   -0.6638    0.6066
...   142 C-G ...
   20.4245  -54.3095   74.5418
    0.5846   -0.7390   -0.3348
    0.7594    0.3532    0.5465
   -0.2856   -0.5737    0.7676
...   143 T-A ...
   18.4270  -55.5290   76.5298
    0.8548   -0.5005    0.1370
    0.3188    0.7148    0.6224
   -0.4095   -0.4884    0.7706
...   144 C-G ...
   16.8370  -57.7222   78.2673
    0.8529   -0.0846    0.5151
   -0.1508    0.9048    0.3983
   -0.4998   -0.4174    0.7589
...   145 A-T ...
   15.7828  -59.5616   80.7980
    0.5516    0.4995    0.6680
   -0.6739    0.7388    0.0039
   -0.4916   -0.4523    0.7441
...   146 C-G ...
   15.7313  -61.4941   83.9316
    0.0344    0.7399    0.6718
   -0.8637    0.3602   -0.3526
   -0.5029   -0.5681    0.6514
...   147 A-T ...
   14.7382  -63.4279   86.8192
   -0.5924    0.6746    0.4405
   -0.6886   -0.1401   -0.7114
   -0.4182   -0.7248    0.5475
