  147 base-pairs
...     1 T-A ...
    0.0000    0.0000    0.0000
    1.0000    0.0000    0.0000
    0.0000    1.0000    0.0000
    0.0000    0.0000    1.0000
...     2 G-C ...
   -0.5555   -1.1003    3.3981
    0.7749    0.6051    0.1828
   -0.5991    0.7953   -0.0929
   -0.2016   -0.0375    0.9787
...     3 T-A ...
   -0.6619   -3.0237    6.5348
    0.3046    0.9250    0.2271
   -0.8994    0.3578   -0.2510
   -0.3134   -0.1278    0.9410
...     4 G-C ...
   -1.1607   -3.8418    9.6940
   -0.3351    0.9421    0.0133
   -0.8752   -0.3061   -0.3746
   -0.3489   -0.1372    0.9271
...     5 A-T ...
   -1.3881   -3.6770   12.8999
   -0.7835    0.6162   -0.0801
   -0.5677   -0.7622   -0.3109
   -0.2527   -0.1981    0.9470
...     6 G-C ...
   -2.6236   -3.5448   15.7072
   -0.9923    0.0611   -0.1075
   -0.0294   -0.9610   -0.2748
   -0.1201   -0.2695    0.9555
...     7 C-G ...
   -2.3138   -3.7570   18.8866
   -0.8620   -0.4995   -0.0864
    0.5008   -0.8655    0.0073
   -0.0785   -0.0370    0.9962
...     8 G-C ...
   -3.9561   -6.8109   23.3205
   -0.2581   -0.3560   -0.8981
    0.6294   -0.7673    0.1233
   -0.7330   -0.5335    0.4221
...     9 C-G ...
   -6.1177   -8.9414   24.2385
    0.1143   -0.7320   -0.6716
    0.8123   -0.3203    0.4874
   -0.5720   -0.6013    0.5580
...    10 T-A ...
   -8.5041   -9.6771   26.0540
    0.4660   -0.8587   -0.2131
    0.6274    0.1508    0.7640
   -0.6239   -0.4897    0.6090
...    11 C-G ...
  -11.0625  -11.3174   27.2336
    0.6660   -0.6911    0.2808
    0.3382    0.6152    0.7121
   -0.6649   -0.3794    0.6435
...    12 A-T ...
  -13.0013  -13.1789   29.0658
    0.7188   -0.1490    0.6790
   -0.1787    0.9043    0.3876
   -0.6718   -0.4000    0.6235
...    13 C-G ...
  -14.1788  -15.9359   31.3399
    0.4052    0.2865    0.8682
   -0.5270    0.8492   -0.0343
   -0.7470   -0.4437    0.4951
...    14 A-T ...
  -15.9532  -18.1566   33.3080
   -0.1503    0.6873    0.7107
   -0.6106    0.5008   -0.6135
   -0.7776   -0.5261    0.3444
...    15 A-T ...
  -18.3929  -19.9610   34.4337
   -0.4604    0.8595    0.2219
   -0.3909    0.0282   -0.9200
   -0.7970   -0.5103    0.3230
...    16 T-A ...
  -20.8046  -21.5530   36.2026
   -0.6246    0.7217   -0.2984
   -0.0639   -0.4280   -0.9015
   -0.7783   -0.5440    0.3135
...    17 T-A ...
  -23.3727  -23.1233   37.5423
   -0.5600    0.3199   -0.7642
    0.3278   -0.7616   -0.5590
   -0.7609   -0.5636    0.3216
...    18 T-A ...
  -25.9391  -24.7973   38.5577
   -0.2380   -0.1208   -0.9637
    0.5736   -0.8182   -0.0390
   -0.7838   -0.5621    0.2640
...    19 A-T ...
  -28.5072  -26.7725   39.2126
    0.2037   -0.4801   -0.8533
    0.5826   -0.6410    0.4997
   -0.7868   -0.5989    0.1492
...    20 T-A ...
  -31.4276  -28.3341   39.1962
    0.4769   -0.7385   -0.4767
    0.3904   -0.3080    0.8676
   -0.7875   -0.5998    0.1415
...    21 T-A ...
  -34.0624  -30.2661   39.3406
    0.6079   -0.7867    0.1079
    0.0276    0.1567    0.9873
   -0.7936   -0.5971    0.1170
...    22 C-G ...
  -36.6045  -32.3157   39.6919
    0.5254   -0.5327    0.6634
   -0.3520    0.5738    0.7395
   -0.7746   -0.6221    0.1140
...    23 G-C ...
  -39.2773  -34.1011   40.6769
    0.3311   -0.0474    0.9424
   -0.6257    0.7366    0.2569
   -0.7063   -0.6747    0.2143
...    24 C-G ...
  -41.3129  -36.5790   41.3581
   -0.0095    0.3814    0.9243
   -0.7050    0.6530   -0.2767
   -0.7092   -0.6543    0.2627
...    25 A-T ...
  -44.0013  -38.4836   41.8234
   -0.3920    0.7188    0.5742
   -0.5573    0.3111   -0.7699
   -0.7319   -0.6218    0.2786
...    26 A-T ...
  -46.3381  -40.5145   42.9226
   -0.6448    0.7636    0.0326
   -0.2269   -0.1505   -0.9622
   -0.7299   -0.6279    0.2703
...    27 A-T ...
  -48.6436  -42.4795   44.1342
   -0.6665    0.5263   -0.5281
    0.2069   -0.5500   -0.8091
   -0.7163   -0.6485    0.2577
...    28 G-C ...
  -51.3031  -44.2583   45.2173
   -0.4034    0.1975   -0.8934
    0.5155   -0.7576   -0.4003
   -0.7559   -0.6221    0.2038
...    29 G-C ...
  -54.2057  -46.0639   45.7694
    0.0320   -0.1947   -0.9803
    0.6406   -0.7489    0.1696
   -0.7672   -0.6335    0.1008
...    30 C-G ...
  -56.9601  -47.8490   45.7153
    0.4299   -0.5243   -0.7350
    0.4980   -0.5414    0.6774
   -0.7531   -0.6573    0.0284
...    31 C-G ...
  -59.5863  -49.9081   45.5307
    0.6964   -0.6756   -0.2419
    0.1523   -0.1903    0.9699
   -0.7013   -0.7123   -0.0296
...    32 G-C ...
  -61.5115  -52.3054   45.6636
    0.7469   -0.5989    0.2889
   -0.2630    0.1329    0.9556
   -0.6107   -0.7897   -0.0582
...    33 G-C ...
  -63.0599  -55.2988   45.4653
    0.5076   -0.3862    0.7702
   -0.6634    0.3953    0.6354
   -0.5498   -0.8334   -0.0556
...    34 C-G ...
  -64.5000  -58.2398   45.2883
    0.0667   -0.0757    0.9949
   -0.8484    0.5205    0.0965
   -0.5252   -0.8505   -0.0295
...    35 C-G ...
  -66.0674  -61.2521   45.5644
   -0.4190    0.2489    0.8732
   -0.7501    0.4470   -0.4874
   -0.5116   -0.8592   -0.0006
...    36 C-G ...
  -67.6932  -64.1996   45.8434
   -0.7506    0.4857    0.4479
   -0.3988    0.2075   -0.8933
   -0.5268   -0.8491    0.0379
...    37 G-C ...
  -69.4501  -67.0533   44.8836
   -0.8092    0.5698   -0.1433
    0.1145   -0.0862   -0.9897
   -0.5762   -0.8173    0.0045
...    38 A-T ...
  -71.1346  -69.7207   44.9761
   -0.5831    0.4223   -0.6940
    0.5843   -0.3755   -0.7194
   -0.5644   -0.8250   -0.0278
...    39 C-G ...
  -73.3533  -72.0310   44.9348
   -0.1632    0.2161   -0.9626
    0.7994   -0.5429   -0.2574
   -0.5782   -0.8115   -0.0842
...    40 A-T ...
  -75.3665  -74.6661   44.4854
    0.3791   -0.0364   -0.9246
    0.7417   -0.5855    0.3272
   -0.5532   -0.8099   -0.1950
...    41 C-G ...
  -77.2912  -77.0434   43.3192
    0.7432   -0.2690   -0.6126
    0.4355   -0.5005    0.7482
   -0.5079   -0.8229   -0.2548
...    42 G-C ...
  -78.7025  -80.0235   42.7821
    0.9010   -0.4318   -0.0410
   -0.1021   -0.3030    0.9475
   -0.4215   -0.8495   -0.3171
...    43 A-T ...
  -80.0256  -82.7075   41.7063
    0.6709   -0.5232    0.5255
   -0.6142    0.0051    0.7891
   -0.4155   -0.8522   -0.3180
...    44 C-G ...
  -80.8558  -85.5457   40.2181
    0.2600   -0.4029    0.8775
   -0.8893    0.2543    0.3802
   -0.3763   -0.8792   -0.2922
...    45 T-A ...
  -81.4838  -88.9761   39.2052
   -0.2868   -0.1780    0.9413
   -0.8860    0.4229   -0.1900
   -0.3643   -0.8885   -0.2790
...    46 T-A ...
  -82.2794  -92.0096   38.3324
   -0.7214    0.0387    0.6914
   -0.5986    0.4670   -0.6508
   -0.3481   -0.8834   -0.3137
...    47 A-T ...
  -83.5476  -94.8056   36.8875
   -0.9466    0.3082    0.0952
    0.0169    0.3423   -0.9394
   -0.3221   -0.8876   -0.3292
...    48 C-G ...
  -84.7933  -97.8774   36.4306
   -0.7869    0.4543   -0.4176
    0.5218    0.1285   -0.8433
   -0.3294   -0.8815   -0.3382
...    49 T-A ...
  -86.2834 -100.7630   35.4900
   -0.3550    0.5205   -0.7765
    0.8604   -0.1428   -0.4891
   -0.3655   -0.8418   -0.3972
...    50 G-C ...
  -87.5328 -103.4609   33.8780
    0.2372    0.4665   -0.8522
    0.9103   -0.4131    0.0273
   -0.3393   -0.7822   -0.5226
...    51 T-A ...
  -89.0308 -105.6162   32.0339
    0.6743    0.2626   -0.6902
    0.6771   -0.5927    0.4361
   -0.2946   -0.7614   -0.5775
...    52 A-T ...
  -89.8801 -107.6890   29.5270
    0.9697    0.0701   -0.2341
    0.2176   -0.6834    0.6968
   -0.1111   -0.7266   -0.6780
...    53 G-C ...
  -90.3271 -109.7883   27.1033
    0.9565   -0.1898    0.2217
   -0.2916   -0.6554    0.6967
    0.0131   -0.7310   -0.6822
...    54 G-C ...
  -89.6453 -111.9300   24.2462
    0.6393   -0.4478    0.6251
   -0.7613   -0.4828    0.4328
    0.1080   -0.7526   -0.6495
...    55 T-A ...
  -88.7223 -114.2616   22.1437
    0.1539   -0.6227    0.7672
   -0.9781   -0.2062    0.0288
    0.1402   -0.7548   -0.6408
...    56 A-T ...
  -87.7553 -116.8716   20.1884
   -0.4502   -0.6006    0.6607
   -0.8780    0.1632   -0.4499
    0.1624   -0.7827   -0.6008
...    57 T-A ...
  -86.5972 -119.5658   18.6515
   -0.8340   -0.4553    0.3117
   -0.5184    0.4528   -0.7254
    0.1891   -0.7666   -0.6137
...    58 C-G ...
  -85.9540 -122.3278   16.8188
   -0.9729   -0.0859   -0.2147
    0.1082    0.6516   -0.7508
    0.2044   -0.7537   -0.6246
...    59 T-A ...
  -85.5415 -125.0368   14.8757
   -0.7728    0.3068   -0.5556
    0.6109    0.5970   -0.5200
    0.1722   -0.7412   -0.6488
...    60 C-G ...
  -84.9336 -127.5457   12.7134
   -0.2700    0.6196   -0.7370
    0.9453    0.3163   -0.0803
    0.1833   -0.7184   -0.6711
...    61 G-C ...
  -83.8007 -129.6643   10.4507
    0.2070    0.8141   -0.5426
    0.9508   -0.0366    0.3077
    0.2306   -0.5796   -0.7816
...    62 A-T ...
  -82.9142 -131.7268    8.0915
    0.6794    0.7052   -0.2027
    0.6595   -0.4657    0.5901
    0.3218   -0.5346   -0.7814
...    63 G-C ...
  -81.7986 -133.1062    5.2894
    0.8870    0.4154    0.2018
    0.2247   -0.7699    0.5974
    0.4035   -0.4845   -0.7762
...    64 C-G ...
  -80.2985 -134.1991    2.4532
    0.8307   -0.0621    0.5533
   -0.3041   -0.8830    0.3575
    0.4664   -0.4652   -0.7524
...    65 T-A ...
  -78.5692 -135.4281   -0.0764
    0.5191   -0.4810    0.7065
   -0.6672   -0.7447   -0.0169
    0.5343   -0.4626   -0.7075
...    66 C-G ...
  -76.8488 -137.2870   -2.1071
    0.0240   -0.8078    0.5889
   -0.7918   -0.3750   -0.4822
    0.6104   -0.4547   -0.6486
...    67 G-C ...
  -75.5905 -139.2700   -4.6843
   -0.4520   -0.8611    0.2328
   -0.6245    0.1191   -0.7719
    0.6370   -0.4942   -0.5916
...    68 G-C ...
  -73.3511 -141.0675   -6.4650
   -0.7453   -0.6307   -0.2165
   -0.2640    0.5772   -0.7728
    0.6123   -0.5188   -0.5966
...    69 G-C ...
  -71.3728 -143.0174   -8.3286
   -0.8118   -0.1697   -0.5587
    0.2037    0.8143   -0.5435
    0.5472   -0.5551   -0.6265
...    70 A-T ...
  -69.5890 -145.1184  -10.2526
   -0.5170    0.3521   -0.7803
    0.6458    0.7587   -0.0856
    0.5618   -0.5482   -0.6196
...    71 T-A ...
  -68.2306 -147.2800  -12.3543
   -0.1148    0.7049   -0.6999
    0.8160    0.4688    0.3383
    0.5666   -0.5322   -0.6290
...    72 C-G ...
  -66.5281 -149.0426  -14.5859
    0.3710    0.8621   -0.3452
    0.7181   -0.0306    0.6952
    0.5888   -0.5058   -0.6305
...    73 C-G ...
  -64.7777 -150.8948  -16.6783
    0.5839    0.7961    0.1593
    0.4160   -0.4618    0.7834
    0.6972   -0.3912   -0.6008
...    74 G-C ...
  -62.1853 -152.2415  -18.2601
    0.5775    0.4959    0.6486
    0.0813   -0.8254    0.5587
    0.8124   -0.2699   -0.5169
...    75 C-G ...
  -59.2921 -152.5906  -20.1176
    0.4942   -0.0510    0.8678
   -0.2422   -0.9668    0.0811
    0.8349   -0.2503   -0.4902
...    76 T-A ...
  -56.0674 -153.0621  -21.3360
    0.2517   -0.5799    0.7748
   -0.4157   -0.7878   -0.4545
    0.8740   -0.2077   -0.4393
...    77 T-A ...
  -53.0428 -153.5091  -22.4785
   -0.0074   -0.9361    0.3517
   -0.4700   -0.3072   -0.8275
    0.8827   -0.1714   -0.4377
...    78 T-A ...
  -50.0158 -153.9897  -23.5959
   -0.2392   -0.9499   -0.2014
   -0.3827    0.2828   -0.8795
    0.8924   -0.1333   -0.4312
...    79 A-T ...
  -47.3094 -153.8302  -25.5288
   -0.3101   -0.5931   -0.7430
   -0.1881    0.8044   -0.5636
    0.9319   -0.0349   -0.3610
...    80 A-T ...
  -44.2765 -154.0785  -26.5755
   -0.3273   -0.0314   -0.9444
   -0.0100    0.9995   -0.0298
    0.9449   -0.0003   -0.3274
...    81 C-G ...
  -41.1082 -154.8900  -27.8030
   -0.2709    0.5187   -0.8109
    0.1517    0.8549    0.4961
    0.9506    0.0114   -0.3102
...    82 T-A ...
  -38.0352 -155.1604  -29.1502
   -0.2374    0.8882   -0.3933
    0.2612    0.4483    0.8549
    0.9356    0.1002   -0.3384
...    83 C-G ...
  -35.0538 -154.7088  -30.3620
   -0.1208    0.9802    0.1570
    0.3384   -0.1080    0.9348
    0.9332    0.1661   -0.3186
...    84 A-T ...
  -32.0067 -154.1116  -31.7486
   -0.0595    0.7470    0.6622
    0.4026   -0.5890    0.7007
    0.9134    0.3083   -0.2656
...    85 T-A ...
  -29.2911 -152.6838  -32.7410
    0.0685    0.3468    0.9354
    0.4001   -0.8685    0.2927
    0.9139    0.3542   -0.1983
...    86 G-C ...
  -26.2128 -151.1330  -33.1278
    0.1497   -0.2459    0.9577
    0.3436   -0.8953   -0.2836
    0.9271    0.3715   -0.0495
...    87 T-A ...
  -23.3840 -149.3814  -32.8451
    0.2790   -0.6805    0.6775
    0.2476   -0.6307   -0.7354
    0.9278    0.3729   -0.0074
...    88 T-A ...
  -20.4725 -148.1174  -32.6212
    0.3679   -0.9139    0.1716
    0.0906   -0.1484   -0.9848
    0.9254    0.3778    0.0282
...    89 A-T ...
  -17.3390 -146.8313  -32.7671
    0.3583   -0.8086   -0.4667
   -0.1451    0.4455   -0.8834
    0.9223    0.3842    0.0423
...    90 T-A ...
  -14.2680 -146.0241  -32.0598
    0.2767   -0.4665   -0.8401
   -0.3075    0.7853   -0.5373
    0.9104    0.4070    0.0738
...    91 A-T ...
  -11.3164 -144.3354  -31.7817
    0.0559    0.1443   -0.9880
   -0.4245    0.8991    0.1073
    0.9037    0.4134    0.1115
...    92 A-T ...
   -8.3629 -143.1519  -31.4461
   -0.1804    0.6208   -0.7629
   -0.4171    0.6541    0.6310
    0.8908    0.4321    0.1409
...    93 C-G ...
   -5.1329 -142.0606  -31.5086
   -0.3913    0.8669   -0.3088
   -0.2760    0.2096    0.9380
    0.8779    0.4522    0.1572
...    94 G-C ...
   -2.5508 -140.2944  -30.6627
   -0.6349    0.7507    0.1827
   -0.0329   -0.2626    0.9644
    0.7719    0.6063    0.1914
...    95 G-C ...
   -0.3834 -137.9098  -30.0807
   -0.6595    0.4322    0.6150
    0.3285   -0.5701    0.7530
    0.6761    0.6986    0.2341
...    96 A-T ...
    1.6037 -135.4159  -29.3637
   -0.4389   -0.0167    0.8984
    0.6555   -0.6898    0.3074
    0.6146    0.7238    0.3137
...    97 A-T ...
    3.4031 -132.9353  -28.3279
   -0.0182   -0.4170    0.9087
    0.8054   -0.5446   -0.2338
    0.5924    0.7276    0.3458
...    98 C-G ...
    4.6837 -130.1229  -26.7745
    0.4055   -0.6495    0.6433
    0.7039   -0.2271   -0.6730
    0.5832    0.7257    0.3651
...    99 T-A ...
    6.4050 -127.6539  -24.7527
    0.7118   -0.6834    0.1622
    0.3820    0.1828   -0.9059
    0.5895    0.7068    0.3911
...   100 T-A ...
    8.2205 -125.5114  -23.0932
    0.8301   -0.4175   -0.3696
   -0.0967    0.5449   -0.8329
    0.5491    0.7271    0.4120
...   101 T-A ...
   10.0322 -123.3579  -21.4442
    0.6530   -0.0051   -0.7573
   -0.5558    0.6760   -0.4838
    0.5144    0.7369    0.4386
...   102 A-T ...
   11.5326 -120.6818  -20.0457
    0.1907    0.3949   -0.8987
   -0.8458    0.5308    0.0538
    0.4983    0.7499    0.4352
...   103 T-A ...
   13.7376 -118.5467  -18.9379
   -0.2390    0.5706   -0.7857
   -0.8418    0.2815    0.4606
    0.4840    0.7715    0.4131
...   104 G-C ...
   15.4412 -115.8959  -17.8596
   -0.7435    0.5439   -0.3890
   -0.5131   -0.0911    0.8535
    0.4288    0.8342    0.3468
...   105 C-G ...
   16.5942 -112.9506  -17.1875
   -0.9333    0.3478    0.0889
   -0.0525   -0.3773    0.9246
    0.3552    0.8583    0.3704
...   106 T-A ...
   17.5129 -109.7665  -16.3004
   -0.8264    0.0406    0.5616
    0.4775   -0.4781    0.7372
    0.2985    0.8774    0.3757
...   107 T-A ...
   18.2331 -106.8635  -15.1894
   -0.4589   -0.2875    0.8407
    0.8557   -0.3978    0.3310
    0.2393    0.8713    0.4285
...   108 C-G ...
   18.6963 -104.0260  -13.6131
    0.0655   -0.5193    0.8521
    0.9752   -0.1475   -0.1648
    0.2113    0.8418    0.4968
...   109 C-G ...
   19.1749 -101.3255  -11.8133
    0.5241   -0.6101    0.5942
    0.8157    0.1590   -0.5562
    0.2449    0.7762    0.5810
...   110 G-C ...
   20.2395  -99.0744  -10.0717
    0.8323   -0.5223    0.1853
    0.4665    0.4798   -0.7431
    0.2992    0.7050    0.6430
...   111 G-C ...
   21.6193  -97.1510   -7.6615
    0.9383   -0.2090   -0.2755
   -0.0424    0.7211   -0.6915
    0.3431    0.6605    0.6678
...   112 C-G ...
   23.0929  -95.4217   -5.1918
    0.7576    0.1963   -0.6224
   -0.5380    0.7277   -0.4254
    0.3694    0.6572    0.6570
...   113 T-A ...
   24.4686  -93.4132   -2.9713
    0.3658    0.5365   -0.7605
   -0.8505    0.5245   -0.0390
    0.3780    0.6611    0.6482
...   114 C-G ...
   25.6883  -91.1664   -0.8533
   -0.1986    0.7234   -0.6613
   -0.9071    0.1197    0.4034
    0.3710    0.6800    0.6324
...   115 G-C ...
   26.4582  -88.9642    1.4936
   -0.7053    0.6058   -0.3681
   -0.6415   -0.3245    0.6951
    0.3016    0.7264    0.6176
...   116 T-A ...
   27.4123  -86.1875    2.9512
   -0.9519    0.3064    0.0076
   -0.1843   -0.5922    0.7844
    0.2448    0.7453    0.6202
...   117 A-T ...
   27.9567  -83.1757    4.5581
   -0.9239   -0.1565    0.3492
    0.3645   -0.6379    0.6784
    0.1166    0.7541    0.6464
...   118 T-A ...
   27.8727  -80.3895    6.1745
   -0.6344   -0.4544    0.6253
    0.7656   -0.4812    0.4270
    0.1069    0.7497    0.6531
...   119 A-T ...
   28.1225  -78.0452    8.4476
   -0.1597   -0.7232    0.6720
    0.9865   -0.1416    0.0821
    0.0358    0.6760    0.7360
...   120 A-T ...
   27.8797  -75.9696   10.9120
    0.4052   -0.7118    0.5738
    0.9138    0.2957   -0.2785
    0.0285    0.6371    0.7702
...   121 T-A ...
   27.4091  -74.2405   13.7219
    0.8125   -0.4627    0.3546
    0.5826    0.6256   -0.5188
    0.0182    0.6281    0.7779
...   122 G-C ...
   27.4806  -72.3737   16.5678
    0.9967   -0.0605   -0.0541
    0.0151    0.7936   -0.6083
    0.0797    0.6054    0.7919
...   123 T-A ...
   27.9177  -70.8279   19.4173
    0.8775    0.3366   -0.3417
   -0.4724    0.7296   -0.4945
    0.0829    0.5953    0.7992
...   124 G-C ...
   28.3215  -68.8886   22.0705
    0.4501    0.6611   -0.6003
   -0.8836    0.4271   -0.1921
    0.1294    0.6168    0.7764
...   125 T-A ...
   29.2369  -67.1003   24.6009
   -0.0676    0.7673   -0.6377
   -0.9896    0.0295    0.1405
    0.1266    0.6406    0.7574
...   126 C-G ...
   29.6935  -65.0377   26.9554
   -0.6279    0.6448   -0.4358
   -0.7674   -0.4196    0.4848
    0.1297    0.6389    0.7583
...   127 G-C ...
   29.6477  -63.1455   29.6095
   -0.9288    0.2458   -0.2774
   -0.3694   -0.6762    0.6375
   -0.0309    0.6945    0.7188
...   128 A-T ...
   29.7069  -60.9635   31.8633
   -0.9731   -0.1968    0.1201
    0.2263   -0.7151    0.6614
   -0.0443    0.6707    0.7404
...   129 C-G ...
   29.1855  -58.3210   33.7542
   -0.7139   -0.5740    0.4011
    0.6942   -0.5049    0.5131
   -0.0920    0.6447    0.7589
...   130 C-G ...
   28.0506  -56.2610   36.2462
   -0.2614   -0.8299    0.4928
    0.9493   -0.1288    0.2866
   -0.1744    0.5428    0.8215
...   131 A-T ...
   27.7616  -54.9072   39.2727
    0.2877   -0.8618    0.4177
    0.9413    0.3349    0.0427
   -0.1767    0.3809    0.9076
...   132 A-T ...
   27.0469  -53.9040   42.3076
    0.7634   -0.5370    0.3589
    0.6199    0.7653   -0.1735
   -0.1814    0.3549    0.9171
...   133 A-T ...
   26.2380  -53.1023   45.3904
    0.9718    0.0315    0.2335
    0.0558    0.9319   -0.3583
   -0.2289    0.3612    0.9039
...   134 T-A ...
   25.6207  -52.5913   48.6400
    0.8597    0.5097    0.0340
   -0.4497    0.7866   -0.4231
   -0.2424    0.3485    0.9054
...   135 G-C ...
   25.2756  -52.5096   52.0792
    0.3204    0.9427   -0.0928
   -0.8825    0.2614   -0.3910
   -0.3443    0.2071    0.9157
...   136 T-A ...
   25.5256  -52.9787   55.8050
   -0.2439    0.9563   -0.1610
   -0.8908   -0.2866   -0.3525
   -0.3833    0.0575    0.9218
...   137 G-C ...
   24.8932  -52.7377   58.9865
   -0.7529    0.5562   -0.3519
   -0.5215   -0.8303   -0.1966
   -0.4015    0.0355    0.9152
...   138 A-T ...
   24.0141  -51.6374   61.9242
   -0.9563    0.0401   -0.2896
   -0.0524   -0.9980    0.0347
   -0.2876    0.0484    0.9565
...   139 G-C ...
   22.3465  -51.2411   64.4940
   -0.8529   -0.5118   -0.1033
    0.4974   -0.8566    0.1373
   -0.1587    0.0657    0.9851
...   140 C-G ...
   22.1501  -50.1498   67.4639
   -0.4681   -0.8748    0.1248
    0.8495   -0.4066    0.3362
   -0.2434    0.2634    0.9335
...   141 G-C ...
   21.4255  -51.8266   72.7876
    0.1303   -0.7143   -0.6876
    0.8897   -0.2218    0.3990
   -0.4375   -0.6638    0.6066
...   142 C-G ...
   20.4244  -54.3094   74.5419
    0.5846   -0.7390   -0.3348
    0.7594    0.3532    0.5465
   -0.2856   -0.5738    0.7676
...   143 T-A ...
   18.4269  -55.5290   76.5299
    0.8548   -0.5005    0.1370
    0.3188    0.7148    0.6224
   -0.4095   -0.4884    0.7706
...   144 C-G ...
   16.8370  -57.7222   78.2674
    0.8529   -0.0846    0.5151
   -0.1508    0.9048    0.3983
   -0.4998   -0.4174    0.7589
...   145 A-T ...
   15.7827  -59.5615   80.7981
    0.5516    0.4995    0.6680
   -0.6739    0.7388    0.0039
   -0.4916   -0.4523    0.7441
...   146 C-G ...
   15.7313  -61.4940   83.9317
    0.0344    0.7399    0.6718
   -0.8637    0.3602   -0.3526
   -0.5029   -0.5681    0.6514
...   147 A-T ...
   14.7382  -63.4279   86.8193
   -0.5924    0.6746    0.4405
   -0.6886   -0.1401   -0.7114
   -0.4182   -0.7248    0.5475
