  147 base-pairs
...     1 T-A ...
    0.0000    0.0000    0.0000
    1.0000    0.0000    0.0000
    0.0000    1.0000    0.0000
    0.0000    0.0000    1.0000
...     2 G-C ...
   -0.5555   -1.1003    3.3981
    0.7749    0.6051    0.1828
   -0.5991    0.7953   -0.0929
   -0.2016   -0.0375    0.9787
...     3 T-A ...
   -0.6619   -3.0237    6.5348
    0.3046    0.9250    0.2271
   -0.8994    0.3578   -0.2510
   -0.3134   -0.1278    0.9410
...     4 G-C ...
   -1.1607   -3.8418    9.6940
   -0.3351    0.9421    0.0133
   -0.8752   -0.3061   -0.3746
   -0.3489   -0.1372    0.9271
...     5 A-T ...
   -1.3881   -3.6770   12.8999
   -0.7835    0.6162   -0.0801
   -0.5677   -0.7622   -0.3109
   -0.2527   -0.1981    0.9470
...     6 G-C ...
   -2.6236   -3.5448   15.7072
   -0.9923    0.0611   -0.1075
   -0.0294   -0.9610   -0.2748
   -0.1201   -0.2695    0.9555
...     7 C-G ...
   -2.3138   -3.7570   18.8866
   -0.8620   -0.4995   -0.0864
    0.5008   -0.8655    0.0073
   -0.0785   -0.0370    0.9962
...     8 G-C ...
   -3.9561   -6.8109   23.3205
   -0.2581   -0.3560   -0.8981
    0.6294   -0.7673    0.1233
   -0.7330   -0.5335    0.4221
...     9 C-G ...
   -6.1177   -8.9414   24.2385
    0.1143   -0.7320   -0.6716
    0.8123   -0.3203    0.4874
   -0.5720   -0.6013    0.5580
...    10 T-A ...
   -8.5041   -9.6771   26.0540
    0.4660   -0.8587   -0.2131
    0.6274    0.1508    0.7640
   -0.6239   -0.4897    0.6090
...    11 C-G ...
  -11.0625  -11.3174   27.2336
    0.6660   -0.6911    0.2808
    0.3382    0.6152    0.7121
   -0.6649   -0.3794    0.6435
...    12 A-T ...
  -13.0013  -13.1789   29.0658
    0.7188   -0.1490    0.6790
   -0.1787    0.9043    0.3876
   -0.6718   -0.4000    0.6235
...    13 C-G ...
  -14.1788  -15.9359   31.3399
    0.4052    0.2865    0.8682
   -0.5270    0.8492   -0.0343
   -0.7470   -0.4437    0.4951
...    14 A-T ...
  -15.9532  -18.1566   33.3080
   -0.1503    0.6873    0.7107
   -0.6106    0.5008   -0.6135
   -0.7776   -0.5261    0.3444
...    15 A-T ...
  -18.3150  -19.9437   34.6421
   -0.4758    0.8453    0.2431
   -0.4072    0.0333   -0.9127
   -0.7796   -0.5333    0.3284
...    16 T-A ...
  -20.6519  -21.5213   36.3346
   -0.6088    0.7534   -0.2483
   -0.1093   -0.3897   -0.9144
   -0.7857   -0.5296    0.3196
...    17 T-A ...
  -23.2119  -23.0709   37.5720
   -0.5483    0.4217   -0.7222
    0.2519   -0.7402   -0.6234
   -0.7974   -0.5238    0.2996
...    18 T-A ...
  -25.9029  -24.5333   38.6130
   -0.2914   -0.0411   -0.9557
    0.5110   -0.8513   -0.1192
   -0.8087   -0.5231    0.2691
...    19 A-T ...
  -28.7745  -26.1041   39.2267
    0.1411   -0.4225   -0.8953
    0.5536   -0.7161    0.4251
   -0.8208   -0.5556    0.1329
...    20 T-A ...
  -31.7418  -27.4984   39.1796
    0.4132   -0.7105   -0.5696
    0.4021   -0.4188    0.8142
   -0.8170   -0.5655    0.1126
...    21 T-A ...
  -34.4539  -29.2703   39.2507
    0.5762   -0.8171   -0.0205
    0.0920    0.0400    0.9950
   -0.8121   -0.5752    0.0982
...    22 C-G ...
  -37.0073  -31.3001   39.4596
    0.5458   -0.6261    0.5568
   -0.2807    0.4895    0.8256
   -0.7895   -0.6069    0.0914
...    23 G-C ...
  -39.6633  -33.1933   40.1611
    0.3647   -0.1951    0.9105
   -0.5740    0.7228    0.3848
   -0.7332   -0.6629    0.1516
...    24 C-G ...
  -41.7804  -35.6912   40.6836
    0.0144    0.2490    0.9684
   -0.6910    0.7025   -0.1703
   -0.7227   -0.6667    0.1822
...    25 A-T ...
  -44.3437  -37.7232   41.2275
   -0.3320    0.6512    0.6824
   -0.5900    0.4211   -0.6889
   -0.7360   -0.6313    0.2444
...    26 A-T ...
  -46.5843  -39.8404   42.2639
   -0.6226    0.7630    0.1738
   -0.2855   -0.0147   -0.9583
   -0.7286   -0.6463    0.2270
...    27 A-T ...
  -48.9197  -41.8623   43.2671
   -0.6783    0.6181   -0.3973
    0.1269   -0.4341   -0.8919
   -0.7237   -0.6554    0.2160
...    28 G-C ...
  -51.4527  -43.7860   44.1640
   -0.4578    0.3534   -0.8158
    0.4637   -0.6880   -0.5582
   -0.7586   -0.6338    0.1511
...    29 G-C ...
  -54.2471  -45.6063   44.6811
   -0.0611    0.0025   -0.9981
    0.6244   -0.7801   -0.0402
   -0.7787   -0.6257    0.0461
...    30 C-G ...
  -57.0746  -47.2972   44.6275
    0.3328   -0.3700   -0.8674
    0.5499   -0.6710    0.4973
   -0.7660   -0.6425   -0.0198
...    31 C-G ...
  -59.7269  -49.3191   44.1191
    0.6521   -0.5958   -0.4687
    0.2658   -0.3994    0.8774
   -0.7100   -0.6968   -0.1021
...    32 G-C ...
  -61.8416  -51.8921   43.9434
    0.7769   -0.6220    0.0976
   -0.1715   -0.0598    0.9834
   -0.6059   -0.7807   -0.1531
...    33 G-C ...
  -63.5357  -54.6983   43.1439
    0.6121   -0.4908    0.6201
   -0.5881    0.2419    0.7718
   -0.5288   -0.8371   -0.1406
...    34 C-G ...
  -64.8689  -57.6694   42.5342
    0.2110   -0.2523    0.9444
   -0.8416    0.4445    0.3068
   -0.4971   -0.8595   -0.1185
...    35 C-G ...
  -66.2631  -60.7333   42.3374
   -0.2550    0.0800    0.9636
   -0.8377    0.4795   -0.2615
   -0.4830   -0.8739   -0.0553
...    36 C-G ...
  -67.7402  -63.7648   42.4423
   -0.6456    0.3761    0.6647
   -0.5721    0.3384   -0.7471
   -0.5060   -0.8626   -0.0033
...    37 G-C ...
  -69.6431  -66.4863   42.0553
   -0.8140    0.5667    0.1271
   -0.1130    0.0602   -0.9918
   -0.5697   -0.8217    0.0150
...    38 A-T ...
  -71.4745  -69.2024   42.2088
   -0.7109    0.5145   -0.4795
    0.3939   -0.2737   -0.8775
   -0.5827   -0.8127   -0.0081
...    39 C-G ...
  -73.7450  -71.5773   42.5979
   -0.3837    0.3254   -0.8642
    0.7084   -0.4966   -0.5015
   -0.5924   -0.8047   -0.0399
...    40 A-T ...
  -75.6763  -74.2872   42.3761
    0.1481    0.0978   -0.9841
    0.7920   -0.6077    0.0589
   -0.5923   -0.7881   -0.1674
...    41 C-G ...
  -78.0275  -76.4336   41.5774
    0.5638   -0.1819   -0.8056
    0.5997   -0.5806    0.5508
   -0.5679   -0.7936   -0.2183
...    42 G-C ...
  -79.6348  -79.2641   40.8534
    0.8771   -0.3357   -0.3436
    0.1810   -0.4316    0.8837
   -0.4449   -0.8373   -0.3178
...    43 A-T ...
  -80.9544  -81.9987   39.6694
    0.8466   -0.4731    0.2438
   -0.3676   -0.1884    0.9107
   -0.3849   -0.8606   -0.3334
...    44 C-G ...
  -81.7466  -84.7758   38.0785
    0.5499   -0.4715    0.6894
   -0.7624    0.0537    0.6448
   -0.3411   -0.8802   -0.3300
...    45 T-A ...
  -82.4658  -87.7992   36.9532
    0.0849   -0.3307    0.9399
   -0.9531    0.2479    0.1733
   -0.2904   -0.9106   -0.2942
...    46 T-A ...
  -83.0842  -90.8458   35.9893
   -0.4866   -0.1611    0.8587
   -0.8311    0.3883   -0.3981
   -0.2693   -0.9073   -0.3228
...    47 A-T ...
  -84.2432  -93.6732   34.5509
   -0.9163    0.0758    0.3933
   -0.3301    0.4135   -0.8486
   -0.2269   -0.9073   -0.3539
...    48 C-G ...
  -84.9724  -96.8775   33.9717
   -0.9522    0.2854   -0.1089
    0.2009    0.3162   -0.9272
   -0.2302   -0.9047   -0.3585
...    49 T-A ...
  -85.9659  -99.8990   33.0224
   -0.6937    0.4497   -0.5626
    0.6728    0.1260   -0.7290
   -0.2570   -0.8842   -0.3900
...    50 G-C ...
  -86.7911 -102.7631   31.5508
   -0.1744    0.5397   -0.8236
    0.9453   -0.1424   -0.2935
   -0.2757   -0.8297   -0.4853
...    51 T-A ...
  -88.2757 -105.2469   29.9784
    0.3458    0.4360   -0.8308
    0.9047   -0.3899    0.1719
   -0.2490   -0.8111   -0.5293
...    52 A-T ...
  -89.2646 -107.6551   27.8924
    0.7994    0.3057   -0.5171
    0.5860   -0.5861    0.5595
   -0.1320   -0.7503   -0.6477
...    53 G-C ...
  -89.6997 -109.8482   25.4828
    0.9943    0.0481   -0.0947
    0.1021   -0.6774    0.7285
   -0.0292   -0.7341   -0.6784
...    54 G-C ...
  -89.4179 -112.0178   22.9238
    0.8982   -0.2279    0.3758
   -0.4285   -0.6445    0.6333
    0.0979   -0.7298   -0.6766
...    55 T-A ...
  -88.6011 -114.0298   20.4641
    0.5490   -0.4950    0.6735
   -0.8231   -0.4601    0.3328
    0.1452   -0.7371   -0.6600
...    56 A-T ...
  -88.1697 -116.5921   18.3846
   -0.0456   -0.6481    0.7602
   -0.9814   -0.1130   -0.1552
    0.1865   -0.7531   -0.6309
...    57 T-A ...
  -86.8913 -119.0532   16.5831
   -0.5324   -0.6328    0.5622
   -0.8215    0.2260   -0.5235
    0.2042   -0.7406   -0.6402
...    58 C-G ...
  -86.1893 -121.5853   14.6098
   -0.9130   -0.3834    0.1391
   -0.3465    0.5495   -0.7603
    0.2151   -0.7423   -0.6346
...    59 T-A ...
  -85.5409 -124.2657   12.7606
   -0.9630   -0.0195   -0.2687
    0.1872    0.6688   -0.7194
    0.1937   -0.7431   -0.6405
...    60 C-G ...
  -84.9141 -126.7829   10.7433
   -0.6729    0.3891   -0.6291
    0.7130    0.5678   -0.4114
    0.1971   -0.7254   -0.6595
...    61 G-C ...
  -83.8858 -129.0266    8.5065
   -0.2011    0.7225   -0.6615
    0.9595    0.2812    0.0154
    0.1972   -0.6316   -0.7498
...    62 A-T ...
  -83.3375 -131.1208    6.0841
    0.3620    0.7972   -0.4831
    0.9025   -0.1700    0.3958
    0.2334   -0.5793   -0.7810
...    63 T-A ...
  -83.0819 -132.6839    3.2349
    0.7443    0.6386   -0.1953
    0.6131   -0.5377    0.5788
    0.2647   -0.5505   -0.7917
...    64 C-G ...
  -82.1363 -134.2915    0.5887
    0.9345    0.2731    0.2284
    0.1006   -0.8179    0.5665
    0.3415   -0.5064   -0.7918
...    65 A-T ...
  -80.7468 -135.8590   -2.0107
    0.7834   -0.1292    0.6080
   -0.3799   -0.8737    0.3039
    0.4919   -0.4691   -0.7335
...    66 T-A ...
  -78.7455 -136.7951   -4.4270
    0.4850   -0.5355    0.6914
   -0.7056   -0.7066   -0.0524
    0.5166   -0.4625   -0.7206
...    67 G-C ...
  -77.0565 -138.6288   -6.6147
   -0.0391   -0.8035    0.5940
   -0.8205   -0.3135   -0.4780
    0.5703   -0.5061   -0.6470
...    68 T-A ...
  -74.6938 -140.2517   -8.3065
   -0.4610   -0.8498    0.2555
   -0.6683    0.1430   -0.7300
    0.5839   -0.5073   -0.6339
...    69 T-A ...
  -72.5459 -141.9495  -10.0856
   -0.7233   -0.6420   -0.2543
   -0.2859    0.6137   -0.7360
    0.6286   -0.4596   -0.6274
...    70 A-T ...
  -70.3402 -142.9586  -12.4466
   -0.6923   -0.1282   -0.7101
    0.2176    0.9012   -0.3749
    0.6880   -0.4140   -0.5960
...    71 T-A ...
  -68.3537 -144.9090  -14.2318
   -0.4773    0.3414   -0.8097
    0.5234    0.8506    0.0501
    0.7058   -0.3999   -0.5847
...    72 A-T ...
  -65.9793 -146.1804  -16.1797
   -0.1479    0.7977   -0.5846
    0.6910    0.5062    0.5160
    0.7076   -0.3276   -0.6261
...    73 A-T ...
  -63.8588 -147.2408  -18.3696
    0.2207    0.9596   -0.1744
    0.6525   -0.0124    0.7577
    0.7249   -0.2810   -0.6289
...    74 C-G ...
  -61.8769 -147.8945  -20.8656
    0.4628    0.8419    0.2775
    0.4621   -0.4963    0.7350
    0.7565   -0.2119   -0.6187
...    75 G-C ...
  -59.1208 -148.4462  -22.6475
    0.4872    0.4837    0.7271
    0.2038   -0.8726    0.4440
    0.8492   -0.0681   -0.5237
...    76 G-C ...
  -56.1279 -148.0871  -24.1590
    0.4192   -0.0374    0.9071
   -0.0159   -0.9993   -0.0338
    0.9077   -0.0002   -0.4195
...    77 A-T ...
  -53.0533 -147.9773  -25.2735
    0.2989   -0.6088    0.7349
   -0.2069   -0.7931   -0.5728
    0.9316    0.0192   -0.3630
...    78 G-C ...
  -49.8576 -147.7334  -26.1276
    0.1146   -0.9351    0.3354
   -0.2884   -0.3544   -0.8895
    0.9506    0.0052   -0.3103
...    79 C-G ...
  -46.5808 -147.8216  -26.7300
   -0.0692   -0.9754   -0.2094
   -0.2758    0.2204   -0.9356
    0.9587   -0.0070   -0.2842
...    80 T-A ...
  -43.3317 -148.0677  -27.4085
   -0.2107   -0.7044   -0.6778
   -0.1847    0.7096   -0.6800
    0.9599   -0.0181   -0.2796
...    81 C-G ...
  -40.1373 -148.1867  -28.2269
   -0.2731   -0.1393   -0.9519
   -0.0427    0.9902   -0.1327
    0.9610    0.0044   -0.2764
...    82 G-C ...
  -36.9080 -147.6799  -28.9388
   -0.3426    0.4358   -0.8323
    0.0810    0.8963    0.4360
    0.9360    0.0820   -0.3424
...    83 G-C ...
  -33.7791 -147.6551  -30.1925
   -0.3434    0.8332   -0.4334
    0.2304    0.5221    0.8212
    0.9105    0.1822   -0.3712
...    84 G-C ...
  -30.8477 -147.1021  -31.7442
   -0.2878    0.9517    0.1070
    0.3739    0.0088    0.9274
    0.8817    0.3069   -0.3584
...    85 A-T ...
  -28.0601 -146.0024  -32.9649
   -0.1082    0.7622    0.6382
    0.4837   -0.5205    0.7037
    0.8685    0.3848   -0.3123
...    86 T-A ...
  -25.6355 -144.2503  -34.2441
    0.0986    0.3946    0.9135
    0.4906   -0.8180    0.3004
    0.8658    0.4186   -0.2742
...    87 C-G ...
  -22.8581 -142.7012  -34.8785
    0.3025   -0.1631    0.9391
    0.3935   -0.8760   -0.2788
    0.8682    0.4538   -0.2008
...    88 C-G ...
  -19.9499 -140.9950  -34.9793
    0.3937   -0.6399    0.6600
    0.2372   -0.6229   -0.7454
    0.8881    0.4500   -0.0934
...    89 G-C ...
  -16.8081 -139.9320  -35.3701
    0.3982   -0.9071    0.1365
    0.0561   -0.1245   -0.9906
    0.9156    0.4022    0.0013
...    90 C-G ...
  -13.7148 -138.7670  -34.9560
    0.3558   -0.8288   -0.4319
   -0.1490    0.4059   -0.9017
    0.9226    0.3852    0.0209
...    91 T-A ...
  -10.5627 -137.7451  -34.6687
    0.2122   -0.4865   -0.8475
   -0.3072    0.7901   -0.5304
    0.9277    0.3730    0.0182
...    92 T-A ...
   -7.4568 -136.7806  -34.3950
    0.0403    0.0819   -0.9958
   -0.4010    0.9142    0.0590
    0.9152    0.3969    0.0697
...    93 T-A ...
   -4.3796 -135.7501  -34.1668
   -0.1822    0.5985   -0.7802
   -0.3801    0.6889    0.6172
    0.9068    0.4090    0.1020
...    94 A-T ...
   -1.4058 -134.3052  -33.7879
   -0.4485    0.8462   -0.2879
   -0.2137    0.2113    0.9538
    0.8679    0.4893    0.0861
...    95 A-T ...
    1.3671 -132.6548  -33.7277
   -0.5347    0.7962    0.2832
    0.0676   -0.2938    0.9535
    0.8423    0.5290    0.1032
...    96 C-G ...
    3.8748 -130.5742  -33.8840
   -0.4845    0.4972    0.7198
    0.3438   -0.6483    0.6793
    0.8044    0.5766    0.1431
...    97 A-T ...
    6.4169 -128.4939  -33.2257
   -0.3434   -0.0247    0.9389
    0.5993   -0.7755    0.1987
    0.7232    0.6309    0.2811
...    98 C-G ...
    8.2484 -125.9798  -32.1636
   -0.0227   -0.4505    0.8925
    0.7185   -0.6281   -0.2987
    0.6951    0.6345    0.3380
...    99 T-A ...
   10.2501 -123.8033  -30.6837
    0.3159   -0.7490    0.5825
    0.6675   -0.2608   -0.6974
    0.6743    0.6091    0.4175
...   100 T-A ...
   12.2230 -121.7929  -29.0542
    0.6628   -0.7433    0.0906
    0.3750    0.2248   -0.8993
    0.6481    0.6301    0.4277
...   101 T-A ...
   14.1938 -119.8400  -27.3378
    0.7909   -0.4413   -0.4239
   -0.0800    0.6122   -0.7866
    0.6067    0.6561    0.4489
...   102 A-T ...
   15.8998 -117.1827  -26.0821
    0.5911    0.1089   -0.7992
   -0.5917    0.7319   -0.3379
    0.5481    0.6727    0.4971
...   103 T-A ...
   18.1477 -115.4761  -24.3488
    0.2158    0.4821   -0.8491
   -0.8201    0.5615    0.1103
    0.5300    0.6726    0.5165
...   104 G-C ...
   19.6874 -113.0878  -22.6273
   -0.3356    0.6493   -0.6825
   -0.8016    0.1838    0.5690
    0.4948    0.7380    0.4588
...   105 C-G ...
   21.5992 -110.6831  -21.4186
   -0.7441    0.5978   -0.2982
   -0.5007   -0.2036    0.8413
    0.4422    0.7754    0.4508
...   106 T-A ...
   22.9857 -107.9312  -20.2462
   -0.9337    0.3329    0.1317
   -0.0442   -0.4721    0.8805
    0.3553    0.8163    0.4555
...   107 T-A ...
   24.0078 -105.1582  -18.9503
   -0.8217   -0.0238    0.5694
    0.4793   -0.5692    0.6680
    0.3082    0.8218    0.4792
...   108 C-G ...
   24.7719 -102.4488  -17.3231
   -0.4212   -0.3977    0.8151
    0.8714   -0.4267    0.2421
    0.2516    0.8123    0.5263
...   109 C-G ...
   25.1303  -99.7704  -15.2993
    0.0830   -0.6402    0.7637
    0.9752   -0.1055   -0.1945
    0.2050    0.7609    0.6156
...   110 G-C ...
   26.1536  -97.4745  -13.0942
    0.5866   -0.6641    0.4635
    0.7841    0.3226   -0.5302
    0.2025    0.6745    0.7100
...   111 G-C ...
   26.7727  -95.5332  -10.3924
    0.9058   -0.4198    0.0572
    0.3489    0.6626   -0.6628
    0.2404    0.6203    0.7466
...   112 C-G ...
   27.6047  -93.8228   -7.6584
    0.9433    0.0045   -0.3320
   -0.2046    0.7953   -0.5706
    0.2615    0.6062    0.7511
...   113 T-A ...
   28.6820  -92.0550   -5.0566
    0.6798    0.4145   -0.6050
   -0.6751    0.6761   -0.2952
    0.2867    0.6091    0.7394
...   114 C-G ...
   29.6932  -90.1117   -2.5987
    0.1406    0.7289   -0.6701
   -0.9503    0.2893    0.1153
    0.2779    0.6205    0.7333
...   115 G-C ...
   30.1692  -88.0197   -0.0257
   -0.4427    0.6966   -0.5646
   -0.8683   -0.1759    0.4638
    0.2238    0.6956    0.6827
...   116 T-A ...
   31.2980  -85.5087    1.8054
   -0.8376    0.4749   -0.2699
   -0.5143   -0.5193    0.6825
    0.1840    0.7105    0.6792
...   117 A-T ...
   31.7624  -83.0236    3.9692
   -0.9969    0.0170    0.0772
    0.0449   -0.6824    0.7296
    0.0651    0.7308    0.6795
...   118 T-A ...
   31.7138  -80.2441    5.6967
   -0.8448   -0.3454    0.4086
    0.5337   -0.5977    0.5983
    0.0376    0.7235    0.6893
...   119 A-T ...
   31.4410  -77.8440    7.9955
   -0.4167   -0.7115    0.5658
    0.9068   -0.2814    0.3140
   -0.0642    0.6439    0.7624
...   120 A-T ...
   30.9341  -75.8121   10.4637
    0.1618   -0.7627    0.6262
    0.9836    0.1763   -0.0395
   -0.0803    0.6223    0.7787
...   121 T-A ...
   30.0412  -74.0835   13.1145
    0.6339   -0.5763    0.5159
    0.7687    0.5429   -0.3381
   -0.0853    0.6109    0.7871
...   122 G-C ...
   30.0522  -72.0674   15.7589
    0.9630   -0.2129    0.1653
    0.2688    0.8022   -0.5332
   -0.0191    0.5579    0.8297
...   123 T-A ...
   30.0046  -70.7809   18.8260
    0.9609    0.2334   -0.1488
   -0.2768    0.8007   -0.5313
   -0.0048    0.5517    0.8340
...   124 G-C ...
   29.9738  -68.6934   21.4075
    0.6213    0.6204   -0.4787
   -0.7819    0.5309   -0.3268
    0.0514    0.5773    0.8149
...   125 T-A ...
   30.7120  -67.0136   24.1899
    0.1159    0.8005   -0.5881
   -0.9921    0.1218   -0.0297
    0.0479    0.5869    0.8083
...   126 C-G ...
   30.9628  -65.0687   26.8263
   -0.4936    0.7052   -0.5089
   -0.8691   -0.3790    0.3178
    0.0312    0.5992    0.8000
...   127 G-C ...
   30.7353  -63.2778   29.6416
   -0.8907    0.3051   -0.3369
   -0.4489   -0.7069    0.5466
   -0.0714    0.6381    0.7667
...   128 A-T ...
   30.5238  -61.1221   32.0860
   -0.9812   -0.1930    0.0027
    0.1503   -0.7550    0.6382
   -0.1211    0.6267    0.7698
...   129 C-G ...
   29.8053  -58.6949   34.1887
   -0.7575   -0.5839    0.2920
    0.6319   -0.5431    0.5529
   -0.1643    0.6033    0.7804
...   130 C-G ...
   28.8212  -56.6493   36.6887
   -0.2866   -0.8455    0.4505
    0.9315   -0.1360    0.3375
   -0.2241    0.5164    0.8265
...   131 A-T ...
   28.0480  -55.0794   39.5340
    0.3010   -0.8400    0.4514
    0.9242    0.3737    0.0792
   -0.2352    0.3933    0.8888
...   132 A-T ...
   27.0867  -54.0303   42.4442
    0.7708   -0.4922    0.4045
    0.5925    0.7872   -0.1711
   -0.2342    0.3715    0.8984
...   133 A-T ...
   26.2557  -53.1152   45.4446
    0.9701    0.0398    0.2393
    0.0498    0.9328   -0.3569
   -0.2374    0.3582    0.9030
...   134 T-A ...
   25.6208  -52.5914   48.6399
    0.8597    0.5097    0.0340
   -0.4497    0.7866   -0.4231
   -0.2424    0.3485    0.9054
...   135 G-C ...
   25.2757  -52.5096   52.0790
    0.3204    0.9427   -0.0928
   -0.8825    0.2614   -0.3910
   -0.3443    0.2071    0.9157
...   136 T-A ...
   25.5257  -52.9787   55.8048
   -0.2439    0.9563   -0.1610
   -0.8908   -0.2866   -0.3525
   -0.3833    0.0575    0.9218
...   137 G-C ...
   24.8933  -52.7378   58.9864
   -0.7529    0.5562   -0.3519
   -0.5215   -0.8303   -0.1966
   -0.4015    0.0355    0.9152
...   138 A-T ...
   24.0142  -51.6374   61.9241
   -0.9563    0.0401   -0.2896
   -0.0524   -0.9980    0.0347
   -0.2876    0.0484    0.9565
...   139 G-C ...
   22.3466  -51.2412   64.4939
   -0.8529   -0.5118   -0.1033
    0.4974   -0.8566    0.1373
   -0.1587    0.0657    0.9851
...   140 C-G ...
   22.1502  -50.1499   67.4637
   -0.4681   -0.8748    0.1248
    0.8495   -0.4066    0.3362
   -0.2434    0.2634    0.9335
...   141 G-C ...
   21.4256  -51.8266   72.7875
    0.1303   -0.7143   -0.6876
    0.8897   -0.2218    0.3990
   -0.4375   -0.6638    0.6066
...   142 C-G ...
   20.4245  -54.3095   74.5417
    0.5846   -0.7390   -0.3348
    0.7594    0.3532    0.5465
   -0.2856   -0.5737    0.7676
...   143 T-A ...
   18.4270  -55.5290   76.5298
    0.8548   -0.5005    0.1370
    0.3188    0.7148    0.6224
   -0.4095   -0.4884    0.7706
...   144 C-G ...
   16.8371  -57.7222   78.2673
    0.8529   -0.0846    0.5151
   -0.1508    0.9048    0.3983
   -0.4998   -0.4174    0.7589
...   145 A-T ...
   15.7828  -59.5615   80.7980
    0.5516    0.4995    0.6680
   -0.6739    0.7388    0.0039
   -0.4916   -0.4523    0.7441
...   146 C-G ...
   15.7314  -61.4940   83.9315
    0.0344    0.7399    0.6718
   -0.8637    0.3602   -0.3526
   -0.5029   -0.5681    0.6514
...   147 A-T ...
   14.7383  -63.4279   86.8191
   -0.5924    0.6746    0.4405
   -0.6886   -0.1401   -0.7114
   -0.4182   -0.7248    0.5475
