  147 base-pairs
...     1 T-A ...
    0.0000    0.0000    0.0000
    1.0000    0.0000    0.0000
    0.0000    1.0000    0.0000
    0.0000    0.0000    1.0000
...     2 G-C ...
   -0.5555   -1.1003    3.3981
    0.7749    0.6051    0.1828
   -0.5991    0.7953   -0.0929
   -0.2016   -0.0375    0.9787
...     3 T-A ...
   -0.6619   -3.0237    6.5348
    0.3046    0.9250    0.2271
   -0.8994    0.3578   -0.2510
   -0.3134   -0.1278    0.9410
...     4 G-C ...
   -1.1607   -3.8418    9.6940
   -0.3351    0.9421    0.0133
   -0.8752   -0.3061   -0.3746
   -0.3489   -0.1372    0.9271
...     5 A-T ...
   -1.3881   -3.6770   12.8999
   -0.7835    0.6162   -0.0801
   -0.5677   -0.7622   -0.3109
   -0.2527   -0.1981    0.9470
...     6 G-C ...
   -2.6236   -3.5448   15.7072
   -0.9923    0.0611   -0.1075
   -0.0294   -0.9610   -0.2748
   -0.1201   -0.2695    0.9555
...     7 C-G ...
   -2.3138   -3.7570   18.8866
   -0.8620   -0.4995   -0.0864
    0.5008   -0.8655    0.0073
   -0.0785   -0.0370    0.9962
...     8 G-C ...
   -3.9561   -6.8109   23.3205
   -0.2581   -0.3560   -0.8981
    0.6294   -0.7673    0.1233
   -0.7330   -0.5335    0.4221
...     9 C-G ...
   -6.1177   -8.9414   24.2385
    0.1143   -0.7320   -0.6716
    0.8123   -0.3203    0.4874
   -0.5720   -0.6013    0.5580
...    10 T-A ...
   -8.5041   -9.6771   26.0540
    0.4660   -0.8587   -0.2131
    0.6274    0.1508    0.7640
   -0.6239   -0.4897    0.6090
...    11 C-G ...
  -11.0625  -11.3174   27.2336
    0.6660   -0.6911    0.2808
    0.3382    0.6152    0.7121
   -0.6649   -0.3794    0.6435
...    12 A-T ...
  -13.0013  -13.1789   29.0658
    0.7188   -0.1490    0.6790
   -0.1787    0.9043    0.3876
   -0.6718   -0.4000    0.6235
...    13 C-G ...
  -14.1788  -15.9359   31.3399
    0.4052    0.2865    0.8682
   -0.5270    0.8492   -0.0343
   -0.7470   -0.4437    0.4951
...    14 A-T ...
  -15.9532  -18.1566   33.3080
   -0.1503    0.6873    0.7107
   -0.6106    0.5008   -0.6135
   -0.7776   -0.5261    0.3444
...    15 A-T ...
  -18.4052  -19.9396   34.4455
   -0.4539    0.8630    0.2217
   -0.3979    0.0263   -0.9171
   -0.7973   -0.5045    0.3314
...    16 T-A ...
  -20.8136  -21.5001   36.2453
   -0.6223    0.7247   -0.2958
   -0.0768   -0.4327   -0.8983
   -0.7790   -0.5363    0.3249
...    17 T-A ...
  -23.3777  -23.0345   37.6308
   -0.5683    0.3192   -0.7583
    0.3127   -0.7687   -0.5579
   -0.7611   -0.5542    0.3371
...    18 T-A ...
  -25.9524  -24.6556   38.7210
   -0.2628   -0.1340   -0.9555
    0.5669   -0.8228   -0.0405
   -0.7808   -0.5523    0.2922
...    19 A-T ...
  -28.5247  -26.6013   39.5072
    0.1704   -0.5130   -0.8413
    0.5934   -0.6282    0.5032
   -0.7867   -0.5850    0.1974
...    20 T-A ...
  -31.4696  -28.1226   39.6669
    0.4475   -0.7651   -0.4630
    0.4200   -0.2773    0.8641
   -0.7895   -0.5812    0.1973
...    21 T-A ...
  -34.1331  -29.9933   39.9993
    0.5998   -0.7917    0.1156
    0.0746    0.1992    0.9771
   -0.7967   -0.5775    0.1785
...    22 C-G ...
  -36.7045  -31.9606   40.5512
    0.5501   -0.5122    0.6596
   -0.3047    0.6122    0.7296
   -0.7775   -0.6023    0.1807
...    23 G-C ...
  -39.3899  -33.6263   41.7110
    0.3857   -0.0071    0.9226
   -0.5939    0.7633    0.2541
   -0.7061   -0.6460    0.2902
...    24 C-G ...
  -41.4319  -36.0163   42.6324
    0.0564    0.4285    0.9018
   -0.7062    0.6556   -0.2673
   -0.7057   -0.6218    0.3396
...    25 A-T ...
  -44.1018  -37.8194   43.4296
   -0.3249    0.7612    0.5612
   -0.6063    0.2878   -0.7413
   -0.7258   -0.5811    0.3680
...    26 A-T ...
  -46.4108  -39.6904   44.8294
   -0.6137    0.7884    0.0413
   -0.3119   -0.1941   -0.9301
   -0.7253   -0.5837    0.3650
...    27 A-T ...
  -48.6707  -41.4827   46.3516
   -0.6918    0.5230   -0.4980
    0.1141   -0.6018   -0.7904
   -0.7131   -0.6036    0.3566
...    28 G-C ...
  -51.2848  -43.0844   47.7712
   -0.4790    0.1627   -0.8626
    0.4486   -0.7993   -0.3999
   -0.7546   -0.5785    0.3099
...    29 G-C ...
  -54.1738  -44.7384   48.7135
   -0.0747   -0.2557   -0.9639
    0.6281   -0.7628    0.1537
   -0.7746   -0.5939    0.2175
...    30 C-G ...
  -56.9787  -46.3990   49.0915
    0.3305   -0.5874   -0.7387
    0.5499   -0.5163    0.6565
   -0.7670   -0.6232    0.1524
...    31 C-G ...
  -59.7106  -48.3193   49.3611
    0.6416   -0.7177   -0.2707
    0.2591   -0.1294    0.9571
   -0.7220   -0.6842    0.1029
...    32 G-C ...
  -61.7205  -50.5790   49.8960
    0.7596   -0.6050    0.2387
   -0.1353    0.2120    0.9679
   -0.6361   -0.7675    0.0792
...    33 G-C ...
  -63.3815  -53.4989   50.1142
    0.5958   -0.3446    0.7254
   -0.5611    0.4676    0.6830
   -0.5746   -0.8140    0.0852
...    34 C-G ...
  -64.8988  -56.3907   50.3596
    0.2057    0.0005    0.9786
   -0.8125    0.5575    0.1704
   -0.5455   -0.8302    0.1151
...    35 C-G ...
  -66.4643  -59.3167   51.1287
   -0.2738    0.3363    0.9011
   -0.8053    0.4320   -0.4059
   -0.5258   -0.8368    0.1525
...    36 C-G ...
  -68.1143  -62.1369   51.9366
   -0.6581    0.5478    0.5165
   -0.5350    0.1424   -0.8327
   -0.5297   -0.8244    0.1994
...    37 G-C ...
  -70.0838  -64.9699   51.5822
   -0.8123    0.5805   -0.0571
   -0.0595   -0.1797   -0.9819
   -0.5802   -0.7942    0.1805
...    38 A-T ...
  -71.7858  -67.5515   52.2166
   -0.6897    0.3739   -0.6201
    0.4429   -0.4596   -0.7698
   -0.5729   -0.8055    0.1514
...    39 C-G ...
  -74.0202  -69.7836   52.8028
   -0.3318    0.1268   -0.9348
    0.7337   -0.5882   -0.3402
   -0.5930   -0.7987    0.1022
...    40 A-T ...
  -76.1129  -72.3787   53.0128
    0.2003   -0.1389   -0.9699
    0.7861   -0.5681    0.2437
   -0.5848   -0.8112   -0.0046
...    41 C-G ...
  -78.2408  -74.8086   52.4892
    0.6117   -0.3467   -0.7111
    0.5691   -0.4315    0.6999
   -0.5495   -0.8328   -0.0666
...    42 G-C ...
  -79.7524  -77.7831   52.5751
    0.8779   -0.4464   -0.1733
    0.0919   -0.1981    0.9759
   -0.4699   -0.8726   -0.1329
...    43 A-T ...
  -81.2578  -80.5322   52.0873
    0.7710   -0.4694    0.4303
   -0.4385    0.0986    0.8933
   -0.4618   -0.8775   -0.1298
...    44 C-G ...
  -82.3391  -83.4971   51.1090
    0.4470   -0.3016    0.8421
   -0.7937    0.3006    0.5289
   -0.4126   -0.9048   -0.1050
...    45 T-A ...
  -83.0958  -87.0165   50.6690
   -0.0712   -0.0642    0.9954
   -0.9167    0.3976   -0.0399
   -0.3932   -0.9153   -0.0872
...    46 T-A ...
  -83.9666  -90.1393   50.3603
   -0.5449    0.1207    0.8298
   -0.7469    0.3799   -0.5458
   -0.3811   -0.9171   -0.1168
...    47 A-T ...
  -85.4446  -93.0971   49.6279
   -0.9088    0.3096    0.2797
   -0.2172    0.2213   -0.9507
   -0.3562   -0.9248   -0.1339
...    48 C-G ...
  -86.6733  -96.2129   49.8614
   -0.8834    0.3831   -0.2699
    0.3023    0.0257   -0.9529
   -0.3581   -0.9233   -0.1385
...    49 T-A ...
  -88.2104  -99.2194   49.6815
   -0.5556    0.4054   -0.7259
    0.7261   -0.1887   -0.6612
   -0.4050   -0.8945   -0.1895
...    50 G-C ...
  -89.6508 -102.1352   48.7883
   -0.0029    0.3488   -0.9372
    0.9154   -0.3764   -0.1429
   -0.4026   -0.8583   -0.3182
...    51 T-A ...
  -91.4125 -104.5786   47.6826
    0.4667    0.1903   -0.8637
    0.8041   -0.4979    0.3248
   -0.3682   -0.8461   -0.3854
...    52 A-T ...
  -92.7844 -106.9050   45.6364
    0.8703    0.1168   -0.4786
    0.4539   -0.5678    0.6868
   -0.1915   -0.8149   -0.5471
...    53 G-C ...
  -93.6174 -109.3160   43.6471
    0.9978   -0.0651   -0.0132
   -0.0271   -0.5802    0.8141
   -0.0606   -0.8119   -0.5806
...    54 G-C ...
  -93.3894 -111.7360   40.9438
    0.8306   -0.2816    0.4804
   -0.5546   -0.4965    0.6678
    0.0505   -0.8211   -0.5686
...    55 T-A ...
  -92.6686 -114.2217   38.9587
    0.4317   -0.4777    0.7652
   -0.8972   -0.3148    0.3096
    0.0930   -0.8202   -0.5645
...    56 A-T ...
  -91.7585 -116.9659   37.1632
   -0.1639   -0.5382    0.8267
   -0.9766   -0.0296   -0.2129
    0.1391   -0.8423   -0.5208
...    57 T-A ...
  -90.5623 -119.6974   35.7169
   -0.6352   -0.5073    0.5823
   -0.7550    0.2489   -0.6067
    0.1629   -0.8250   -0.5411
...    58 C-G ...
  -89.9046 -122.6058   34.1514
   -0.9616   -0.2644    0.0736
   -0.2074    0.5245   -0.8257
    0.1797   -0.8093   -0.5592
...    59 T-A ...
  -89.4763 -125.5211   32.5337
   -0.9312    0.0809   -0.3554
    0.3325    0.5880   -0.7374
    0.1494   -0.8048   -0.5744
...    60 C-G ...
  -88.9200 -128.2645   30.6474
   -0.5642    0.4283   -0.7059
    0.8094    0.4556   -0.3705
    0.1630   -0.7804   -0.6037
...    61 G-C ...
  -87.9496 -130.5223   28.4827
   -0.1209    0.7282   -0.6746
    0.9783    0.2026    0.0435
    0.1683   -0.6547   -0.7369
...    62 A-T ...
  -87.1612 -132.7957   26.3252
    0.4125    0.7874   -0.4582
    0.8725   -0.1969    0.4471
    0.2619   -0.5842   -0.7682
...    63 G-C ...
  -86.4163 -134.3385   23.4920
    0.7620    0.6415   -0.0882
    0.5528   -0.5735    0.6046
    0.3372   -0.5095   -0.7916
...    64 C-G ...
  -85.3557 -135.5118   20.5149
    0.9120    0.2529    0.3229
    0.0477   -0.8474    0.5288
    0.4074   -0.4669   -0.7849
...    65 T-A ...
  -83.9328 -136.6631   17.7731
    0.7731   -0.1749    0.6097
   -0.3977   -0.8825    0.2511
    0.4942   -0.4366   -0.7518
...    66 C-G ...
  -82.1306 -138.3917   15.7384
    0.3957   -0.6225    0.6752
   -0.7006   -0.6800   -0.2163
    0.5938   -0.3875   -0.7052
...    67 G-C ...
  -80.7445 -140.4511   13.3119
   -0.0870   -0.8823    0.4627
   -0.7530   -0.2459   -0.6104
    0.6523   -0.4015   -0.6429
...    68 G-C ...
  -78.3779 -141.8699   11.3950
   -0.4911   -0.8687    0.0641
   -0.5373    0.2442   -0.8073
    0.6857   -0.4309   -0.5867
...    69 T-A ...
  -75.9541 -143.7515   10.1115
   -0.7127   -0.5990   -0.3650
   -0.1859    0.6631   -0.7251
    0.6764   -0.4489   -0.5839
...    70 C-G ...
  -73.8497 -145.3658    8.2537
   -0.6964   -0.1031   -0.7102
    0.2597    0.8863   -0.3834
    0.6690   -0.4514   -0.5905
...    71 A-T ...
  -71.2732 -146.5912    6.4532
   -0.4950    0.4565   -0.7393
    0.5929    0.7994    0.0967
    0.6351   -0.3905   -0.6664
...    72 T-A ...
  -69.5921 -148.1141    4.1367
   -0.1756    0.8088   -0.5613
    0.7571    0.4754    0.4481
    0.6292   -0.3463   -0.6958
...    73 G-C ...
  -67.5797 -149.2091    1.4731
    0.1749    0.9780   -0.1135
    0.7235   -0.0495    0.6885
    0.6678   -0.2026   -0.7163
...    74 T-A ...
  -65.8787 -149.5588   -1.3376
    0.4685    0.8370    0.2829
    0.5500   -0.5269    0.6480
    0.6914   -0.1480   -0.7072
...    75 T-A ...
  -63.7100 -149.7116   -3.5714
    0.6035    0.4686    0.6451
    0.2620   -0.8807    0.3947
    0.7531   -0.0691   -0.6542
...    76 A-T ...
  -61.0574 -149.8476   -5.4658
    0.5300   -0.0380    0.8471
   -0.0323   -0.9992   -0.0246
    0.8474   -0.0143   -0.5308
...    77 T-A ...
  -58.2669 -149.1533   -6.9402
    0.4480   -0.5244    0.7241
   -0.2635   -0.8514   -0.4535
    0.8543    0.0123   -0.5196
...    78 A-T ...
  -55.4436 -149.2616   -8.7621
    0.2060   -0.9266    0.3146
   -0.4329   -0.3746   -0.8199
    0.8776    0.0328   -0.4783
...    79 A-T ...
  -52.5231 -149.0829  -10.0882
   -0.0391   -0.9729   -0.2280
   -0.4735    0.2190   -0.8532
    0.8799    0.0746   -0.4692
...    80 C-G ...
  -49.1813 -149.0998  -11.0795
   -0.2504   -0.6856   -0.6835
   -0.3884    0.7179   -0.5778
    0.8868    0.1207   -0.4461
...    81 G-C ...
  -46.4240 -148.5324  -12.7164
   -0.4684   -0.1313   -0.8737
   -0.1758    0.9830   -0.0535
    0.8659    0.1285   -0.4835
...    82 G-C ...
  -43.5171 -148.3276  -14.2785
   -0.5594    0.3837   -0.7347
    0.0802    0.9073    0.4128
    0.8250    0.1720   -0.5383
...    83 A-T ...
  -40.7271 -147.9296  -15.9540
   -0.4588    0.8188   -0.3450
    0.3489    0.5231    0.7775
    0.8171    0.2364   -0.5257
...    84 G-C ...
  -38.2324 -147.1380  -17.8843
   -0.3074    0.9400    0.1476
    0.5335    0.0418    0.8448
    0.7880    0.3385   -0.5144
...    85 A-T ...
  -35.7310 -145.8644  -19.8749
    0.0100    0.7506    0.6607
    0.6205   -0.5228    0.5845
    0.7841    0.4041   -0.4710
...    86 T-A ...
  -33.5899 -144.0418  -21.5712
    0.2770    0.3644    0.8891
    0.5470   -0.8205    0.1659
    0.7900    0.4404   -0.4266
...    87 C-G ...
  -31.0527 -142.3300  -22.7601
    0.4932   -0.1922    0.8484
    0.3258   -0.8635   -0.3850
    0.8066    0.4663   -0.3633
...    88 C-G ...
  -28.3328 -140.6647  -23.5635
    0.5117   -0.6477    0.5644
    0.0735   -0.6215   -0.7799
    0.8560    0.4406   -0.2704
...    89 G-C ...
  -25.4564 -139.5648  -24.6979
    0.3871   -0.9196    0.0674
   -0.1607   -0.1393   -0.9771
    0.9079    0.3674   -0.2017
...    90 C-G ...
  -22.1512 -138.5256  -24.9073
    0.2252   -0.8318   -0.5074
   -0.3327    0.4238   -0.8424
    0.9157    0.3585   -0.1813
...    91 T-A ...
  -18.7973 -137.8093  -25.3778
    0.0129   -0.4369   -0.8994
   -0.3629    0.8361   -0.4114
    0.9317    0.3317   -0.1478
...    92 T-A ...
  -15.6354 -137.0904  -25.7362
   -0.1428    0.1541   -0.9777
   -0.3257    0.9255    0.1934
    0.9346    0.3460   -0.0819
...    93 T-A ...
  -12.4913 -136.2471  -26.0331
   -0.2844    0.6622   -0.6933
   -0.2111    0.6621    0.7190
    0.9352    0.3509   -0.0485
...    94 A-T ...
   -9.4191 -134.9608  -25.8856
   -0.4356    0.8875   -0.1505
   -0.0171    0.1590    0.9871
    0.9000    0.4326   -0.0541
...    95 A-T ...
   -6.6606 -133.4950  -26.2146
   -0.4549    0.8010    0.3892
    0.2112   -0.3276    0.9209
    0.8652    0.5011   -0.0202
...    96 C-G ...
   -4.1158 -131.4472  -26.7802
   -0.3418    0.4965    0.7979
    0.4135   -0.6830    0.6021
    0.8439    0.5357    0.0281
...    97 A-T ...
   -1.4794 -129.4105  -26.4935
   -0.1854   -0.0290    0.9822
    0.5793   -0.8106    0.0854
    0.7938    0.5848    0.1671
...    98 C-G ...
    0.6928 -127.0519  -25.5509
    0.1031   -0.4669    0.8783
    0.6248   -0.6567   -0.4224
    0.7740    0.5923    0.2240
...    99 T-A ...
    3.0356 -124.7013  -24.1180
    0.4086   -0.7760    0.4805
    0.4934   -0.2552   -0.8316
    0.7679    0.5768    0.2786
...   100 T-A ...
    5.3600 -122.7947  -22.8260
    0.6673   -0.7404   -0.0815
    0.1688    0.2569   -0.9516
    0.7254    0.6212    0.2965
...   101 T-A ...
    7.6280 -120.8661  -21.4507
    0.6929   -0.4101   -0.5931
   -0.2582    0.6269   -0.7351
    0.6733    0.6624    0.3285
...   102 A-T ...
    9.6589 -118.2822  -20.4222
    0.3991    0.1388   -0.9063
   -0.6732    0.7154   -0.1869
    0.6224    0.6848    0.3790
...   103 T-A ...
   12.1893 -116.5296  -19.3007
    0.0217    0.4479   -0.8938
   -0.7926    0.5526    0.2577
    0.6094    0.7029    0.3670
...   104 G-C ...
   14.3513 -114.1944  -18.3390
   -0.5210    0.6192   -0.5875
   -0.6268    0.1896    0.7557
    0.5794    0.7620    0.2893
...   105 C-G ...
   16.1182 -111.5323  -17.8911
   -0.8188    0.5606   -0.1238
   -0.2720   -0.1889    0.9436
    0.5055    0.8063    0.3071
...   106 T-A ...
   17.7512 -108.5821  -17.2687
   -0.8641    0.3095    0.3970
    0.2339   -0.4514    0.8611
    0.4457    0.8369    0.3177
...   107 T-A ...
   18.9701 -105.7792  -16.3668
   -0.6380   -0.0581    0.7679
    0.6769   -0.5177    0.5232
    0.3671    0.8536    0.3696
...   108 C-G ...
   19.8228 -102.9254  -15.0100
   -0.1955   -0.4079    0.8918
    0.9293   -0.3677    0.0355
    0.3135    0.8357    0.4510
...   109 C-G ...
   20.5854 -100.2058  -13.3301
    0.2717   -0.6277    0.7295
    0.9112   -0.0762   -0.4049
    0.3097    0.7747    0.5512
...   110 G-C ...
   21.8432  -98.0707  -11.5405
    0.6613   -0.6508    0.3729
    0.6753    0.3003   -0.6736
    0.3264    0.6973    0.6382
...   111 G-C ...
   23.1883  -96.2168   -9.0403
    0.9106   -0.4053   -0.0806
    0.2234    0.6468   -0.7292
    0.3477    0.6460    0.6796
...   112 C-G ...
   24.5257  -94.5575   -6.4416
    0.8763    0.0025   -0.4817
   -0.3071    0.7733   -0.5547
    0.3711    0.6340    0.6784
...   113 T-A ...
   25.8157  -92.6096   -4.1124
    0.5812    0.4139   -0.7006
   -0.7229    0.6579   -0.2111
    0.3735    0.6292    0.6816
...   114 C-G ...
   26.9694  -90.4743   -1.8168
    0.0359    0.7148   -0.6984
   -0.9317    0.2768    0.2353
    0.3615    0.6422    0.6759
...   115 G-C ...
   27.6523  -88.3471    0.6402
   -0.5373    0.6902   -0.4846
   -0.7894   -0.2094    0.5771
    0.2968    0.6926    0.6574
...   116 T-A ...
   28.7610  -85.6613    2.2206
   -0.8898    0.4323   -0.1461
   -0.3879   -0.5479    0.7412
    0.2404    0.7162    0.6552
...   117 A-T ...
   29.4356  -82.7589    3.9673
   -0.9784   -0.0348    0.2038
    0.1736   -0.6737    0.7183
    0.1123    0.7382    0.6652
...   118 T-A ...
   29.4429  -79.9723    5.6055
   -0.7683   -0.3737    0.5197
    0.6325   -0.5680    0.5266
    0.0985    0.7333    0.6727
...   119 A-T ...
   29.6455  -77.6643    7.9470
   -0.3196   -0.6988    0.6399
    0.9475   -0.2458    0.2048
    0.0142    0.6718    0.7406
...   120 A-T ...
   29.3292  -75.5611   10.3845
    0.2584   -0.7501    0.6088
    0.9660    0.2020   -0.1612
   -0.0020    0.6298    0.7768
...   121 T-A ...
   28.7020  -73.7983   13.1451
    0.7173   -0.5394    0.4410
    0.6966    0.5688   -0.4374
   -0.0149    0.6210    0.7837
...   122 G-C ...
   28.6111  -71.9299   15.9993
    0.9883   -0.1423    0.0553
    0.1473    0.7939   -0.5900
    0.0401    0.5912    0.8055
...   123 T-A ...
   28.8310  -70.4446   18.9212
    0.9300    0.2765   -0.2422
   -0.3655    0.7657   -0.5293
    0.0391    0.5807    0.8132
...   124 G-C ...
   29.0383  -68.5513   21.6523
    0.5425    0.6446   -0.5387
   -0.8357    0.4793   -0.2681
    0.0853    0.5957    0.7987
...   125 T-A ...
   29.7830  -66.8617   24.3041
    0.0294    0.7816   -0.6231
   -0.9958    0.0767    0.0492
    0.0862    0.6191    0.7806
...   126 C-G ...
   30.1115  -64.8660   26.7465
   -0.5586    0.6817   -0.4725
   -0.8245   -0.3947    0.4055
    0.0899    0.6161    0.7825
...   127 G-C ...
   29.8739  -63.0735   29.4938
   -0.9011    0.2870   -0.3252
   -0.4306   -0.6810    0.5923
   -0.0515    0.6737    0.7372
...   128 A-T ...
   29.8550  -60.9539   31.8218
   -0.9835   -0.1693    0.0634
    0.1693   -0.7394    0.6516
   -0.0635    0.6516    0.7559
...   129 C-G ...
   29.3032  -58.3529   33.7700
   -0.7465   -0.5642    0.3528
    0.6564   -0.5375    0.5293
   -0.1090    0.6267    0.7716
...   130 C-G ...
   28.1575  -56.3208   36.2797
   -0.2949   -0.8343    0.4658
    0.9363   -0.1549    0.3153
   -0.1909    0.5291    0.8268
...   131 A-T ...
   27.8683  -54.9516   39.3112
    0.2717   -0.8654    0.4211
    0.9429    0.3269    0.0634
   -0.1925    0.3798    0.9048
...   132 A-T ...
   27.1078  -53.9275   42.3292
    0.7567   -0.5397    0.3691
    0.6245    0.7637   -0.1637
   -0.1935    0.3544    0.9149
...   133 A-T ...
   26.2645  -53.1205   45.4032
    0.9699    0.0291    0.2419
    0.0609    0.9324   -0.3563
   -0.2359    0.3603    0.9025
...   134 T-A ...
   25.6209  -52.5914   48.6399
    0.8597    0.5097    0.0340
   -0.4497    0.7866   -0.4231
   -0.2424    0.3485    0.9054
...   135 G-C ...
   25.2758  -52.5097   52.0791
    0.3204    0.9427   -0.0928
   -0.8825    0.2614   -0.3910
   -0.3443    0.2071    0.9157
...   136 T-A ...
   25.5258  -52.9788   55.8049
   -0.2439    0.9563   -0.1610
   -0.8908   -0.2866   -0.3525
   -0.3833    0.0575    0.9218
...   137 G-C ...
   24.8934  -52.7379   58.9864
   -0.7529    0.5562   -0.3519
   -0.5215   -0.8303   -0.1966
   -0.4015    0.0355    0.9152
...   138 A-T ...
   24.0144  -51.6375   61.9241
   -0.9563    0.0401   -0.2896
   -0.0524   -0.9980    0.0347
   -0.2876    0.0484    0.9565
...   139 G-C ...
   22.3468  -51.2413   64.4939
   -0.8529   -0.5118   -0.1033
    0.4974   -0.8566    0.1373
   -0.1587    0.0657    0.9851
...   140 C-G ...
   22.1504  -50.1499   67.4638
   -0.4681   -0.8748    0.1248
    0.8495   -0.4066    0.3362
   -0.2434    0.2634    0.9335
...   141 G-C ...
   21.4258  -51.8267   72.7875
    0.1303   -0.7143   -0.6876
    0.8897   -0.2218    0.3990
   -0.4375   -0.6638    0.6066
...   142 C-G ...
   20.4247  -54.3096   74.5418
    0.5846   -0.7390   -0.3348
    0.7594    0.3531    0.5465
   -0.2856   -0.5737    0.7676
...   143 T-A ...
   18.4272  -55.5291   76.5298
    0.8548   -0.5005    0.1370
    0.3188    0.7148    0.6224
   -0.4095   -0.4884    0.7706
...   144 C-G ...
   16.8373  -57.7223   78.2673
    0.8529   -0.0846    0.5151
   -0.1508    0.9048    0.3983
   -0.4998   -0.4174    0.7589
...   145 A-T ...
   15.7830  -59.5617   80.7980
    0.5516    0.4995    0.6680
   -0.6739    0.7388    0.0039
   -0.4916   -0.4523    0.7441
...   146 C-G ...
   15.7316  -61.4942   83.9316
    0.0344    0.7399    0.6718
   -0.8637    0.3602   -0.3526
   -0.5029   -0.5681    0.6514
...   147 A-T ...
   14.7385  -63.4280   86.8192
   -0.5924    0.6746    0.4405
   -0.6886   -0.1401   -0.7114
   -0.4182   -0.7248    0.5475
