  147 base-pairs
...     1 T-A ...
    0.0000    0.0000    0.0000
    1.0000    0.0000    0.0000
    0.0000    1.0000    0.0000
    0.0000    0.0000    1.0000
...     2 G-C ...
   -0.5555   -1.1003    3.3981
    0.7749    0.6051    0.1828
   -0.5991    0.7953   -0.0929
   -0.2016   -0.0375    0.9787
...     3 T-A ...
   -0.6619   -3.0237    6.5348
    0.3046    0.9250    0.2271
   -0.8994    0.3578   -0.2510
   -0.3134   -0.1278    0.9410
...     4 G-C ...
   -1.1607   -3.8418    9.6940
   -0.3351    0.9421    0.0133
   -0.8752   -0.3061   -0.3746
   -0.3489   -0.1372    0.9271
...     5 A-T ...
   -1.3881   -3.6770   12.8999
   -0.7835    0.6162   -0.0801
   -0.5677   -0.7622   -0.3109
   -0.2527   -0.1981    0.9470
...     6 G-C ...
   -2.6236   -3.5448   15.7072
   -0.9923    0.0611   -0.1075
   -0.0294   -0.9610   -0.2748
   -0.1201   -0.2695    0.9555
...     7 C-G ...
   -2.3138   -3.7570   18.8866
   -0.8620   -0.4995   -0.0864
    0.5008   -0.8655    0.0073
   -0.0785   -0.0370    0.9962
...     8 G-C ...
   -3.9561   -6.8109   23.3205
   -0.2581   -0.3560   -0.8981
    0.6294   -0.7673    0.1233
   -0.7330   -0.5335    0.4221
...     9 C-G ...
   -6.1177   -8.9414   24.2385
    0.1143   -0.7320   -0.6716
    0.8123   -0.3203    0.4874
   -0.5720   -0.6013    0.5580
...    10 T-A ...
   -8.5041   -9.6771   26.0540
    0.4660   -0.8587   -0.2131
    0.6274    0.1508    0.7640
   -0.6239   -0.4897    0.6090
...    11 C-G ...
  -11.0625  -11.3174   27.2336
    0.6660   -0.6911    0.2808
    0.3382    0.6152    0.7121
   -0.6649   -0.3794    0.6435
...    12 A-T ...
  -13.0013  -13.1789   29.0658
    0.7188   -0.1490    0.6790
   -0.1787    0.9043    0.3876
   -0.6718   -0.4000    0.6235
...    13 C-G ...
  -14.1788  -15.9359   31.3399
    0.4052    0.2865    0.8682
   -0.5270    0.8492   -0.0343
   -0.7470   -0.4437    0.4951
...    14 A-T ...
  -15.9532  -18.1566   33.3080
   -0.1503    0.6873    0.7107
   -0.6106    0.5008   -0.6135
   -0.7776   -0.5261    0.3444
...    15 A-T ...
  -18.3225  -19.9394   34.6344
   -0.4746    0.8469    0.2396
   -0.4053    0.0314   -0.9136
   -0.7813   -0.5308    0.3284
...    16 T-A ...
  -20.6695  -21.5031   36.3237
   -0.6048    0.7548   -0.2542
   -0.1075   -0.3936   -0.9130
   -0.7891   -0.5248    0.3191
...    17 T-A ...
  -23.2457  -23.0355   37.5474
   -0.5403    0.4207   -0.7288
    0.2511   -0.7460   -0.6168
   -0.8032   -0.5162    0.2974
...    18 T-A ...
  -25.9558  -24.4752   38.5712
   -0.2823   -0.0470   -0.9582
    0.5048   -0.8566   -0.1068
   -0.8157   -0.5139    0.2656
...    19 A-T ...
  -28.8333  -26.0435   39.1778
    0.1467   -0.4410   -0.8854
    0.5411   -0.7135    0.4450
   -0.8280   -0.5444    0.1340
...    20 T-A ...
  -31.8182  -27.4064   39.1249
    0.4113   -0.7284   -0.5480
    0.3865   -0.4051    0.8285
   -0.8255   -0.5526    0.1149
...    21 T-A ...
  -34.5593  -29.1381   39.2038
    0.5615   -0.8274    0.0117
    0.0771    0.0664    0.9948
   -0.8239   -0.5577    0.1011
...    22 C-G ...
  -37.1629  -31.1108   39.4312
    0.5200   -0.6197    0.5879
   -0.2862    0.5220    0.8035
   -0.8048   -0.5861    0.0940
...    23 G-C ...
  -39.9003  -32.8971   40.1341
    0.3340   -0.1721    0.9267
   -0.5634    0.7517    0.3427
   -0.7556   -0.6366    0.1541
...    24 C-G ...
  -42.1142  -35.3133   40.6718
   -0.0083    0.2851    0.9585
   -0.6631    0.7158   -0.2187
   -0.7485   -0.6374    0.1831
...    25 A-T ...
  -44.7688  -37.2396   41.1884
   -0.3351    0.6884    0.6433
   -0.5500    0.4114   -0.7268
   -0.7650   -0.5974    0.2407
...    26 A-T ...
  -47.1211  -39.2377   42.2132
   -0.6012    0.7905    0.1171
   -0.2485   -0.0457   -0.9675
   -0.7595   -0.6107    0.2239
...    27 A-T ...
  -49.5693  -41.1320   43.1943
   -0.6363    0.6253   -0.4519
    0.1460   -0.4775   -0.8664
   -0.7575   -0.6172    0.2125
...    28 G-C ...
  -52.2182  -42.9139   44.0581
   -0.4058    0.3338   -0.8508
    0.4582   -0.7312   -0.5054
   -0.7908   -0.5949    0.1437
...    29 G-C ...
  -55.1151  -44.5897   44.5107
   -0.0141   -0.0427   -0.9990
    0.5893   -0.8075    0.0262
   -0.8078   -0.5884    0.0365
...    30 C-G ...
  -58.0146  -46.1583   44.3849
    0.3567   -0.4280   -0.8304
    0.4916   -0.6698    0.5565
   -0.7944   -0.6067   -0.0285
...    31 C-G ...
  -60.7264  -48.0917   43.8370
    0.6433   -0.6521   -0.4012
    0.1974   -0.3650    0.9098
   -0.7397   -0.6645   -0.1061
...    32 G-C ...
  -62.9675  -50.5675   43.6899
    0.7308   -0.6591    0.1776
   -0.2316    0.0053    0.9728
   -0.6421   -0.7520   -0.1487
...    33 G-C ...
  -64.7957  -53.3072   42.9499
    0.5380   -0.4912    0.6851
   -0.6184    0.3224    0.7167
   -0.5729   -0.8092   -0.1303
...    34 C-G ...
  -66.2952  -56.2189   42.4102
    0.1283   -0.2099    0.9693
   -0.8275    0.5160    0.2213
   -0.5466   -0.8305   -0.1075
...    35 C-G ...
  -67.8977  -59.1850   42.2650
   -0.3185    0.1537    0.9354
   -0.7791    0.5196   -0.3506
   -0.5399   -0.8405   -0.0458
...    36 C-G ...
  -69.5974  -62.0996   42.3987
   -0.6651    0.4593    0.5887
   -0.4850    0.3337   -0.8083
   -0.5677   -0.8232    0.0008
...    37 G-C ...
  -71.6575  -64.7094   41.9932
   -0.7744    0.6321    0.0270
   -0.0257    0.0111   -0.9996
   -0.6321   -0.7748    0.0076
...    38 A-T ...
  -73.7046  -67.2702   42.1222
   -0.6230    0.5393   -0.5666
    0.4435   -0.3531   -0.8238
   -0.6443   -0.7645   -0.0191
...    39 C-G ...
  -76.1873  -69.4351   42.4274
   -0.2773    0.3048   -0.9111
    0.7055   -0.5791   -0.4085
   -0.6522   -0.7561   -0.0545
...    40 A-T ...
  -78.3226  -71.9897   42.1558
    0.2455    0.0302   -0.9689
    0.7275   -0.6663    0.1636
   -0.6406   -0.7451   -0.1855
...    41 C-G ...
  -80.7717  -73.9753   41.2381
    0.6191   -0.2735   -0.7361
    0.4907   -0.5971    0.6346
   -0.6131   -0.7541   -0.2354
...    42 G-C ...
  -82.5383  -76.7099   40.4862
    0.8709   -0.4317   -0.2348
    0.0505   -0.3966    0.9166
   -0.4888   -0.8101   -0.3236
...    43 A-T ...
  -83.9854  -79.3845   39.2987
    0.7647   -0.5375    0.3553
   -0.4774   -0.1022    0.8727
   -0.4328   -0.8370   -0.3348
...    44 C-G ...
  -84.8878  -82.1623   37.7533
    0.4190   -0.4863    0.7668
   -0.8181    0.1640    0.5511
   -0.3938   -0.8583   -0.3291
...    45 T-A ...
  -85.8060  -85.1569   36.6804
   -0.0610   -0.2894    0.9552
   -0.9338    0.3545    0.0478
   -0.3525   -0.8891   -0.2919
...    46 T-A ...
  -86.6399  -88.1678   35.7564
   -0.6036   -0.0683    0.7944
   -0.7273    0.4555   -0.5134
   -0.3268   -0.8876   -0.3246
...    47 A-T ...
  -87.9287  -90.9000   34.2135
   -0.9484    0.1875    0.2556
   -0.1608    0.4103   -0.8977
   -0.2732   -0.8925   -0.3590
...    48 C-G ...
  -88.9128  -94.0345   33.6146
   -0.8889    0.3808   -0.2548
    0.3661    0.2561   -0.8946
   -0.2755   -0.8885   -0.3670
...    49 T-A ...
  -90.0858  -96.9713   32.5952
   -0.5472    0.5025   -0.6694
    0.7831    0.0250   -0.6214
   -0.2955   -0.8642   -0.4071
...    50 G-C ...
  -91.0192  -99.7825   31.0715
    0.0150    0.5308   -0.8473
    0.9557   -0.2567   -0.1439
   -0.2939   -0.8077   -0.5112
...    51 T-A ...
  -92.5270 -102.1233   29.3180
    0.5177    0.3716   -0.7706
    0.8156   -0.4863    0.3135
   -0.2582   -0.7908   -0.5549
...    52 A-T ...
  -93.4540 -104.4495   27.1082
    0.9014    0.2022   -0.3830
    0.4178   -0.6389    0.6460
   -0.1141   -0.7423   -0.6603
...    53 G-C ...
  -93.7484 -106.6263   24.6586
    0.9950   -0.0718    0.0687
   -0.0992   -0.6742    0.7319
   -0.0062   -0.7351   -0.6779
...    54 G-C ...
  -93.2939 -108.8634   22.1815
    0.7883   -0.3343    0.5166
   -0.6039   -0.5814    0.5452
    0.1181   -0.7417   -0.6602
...    55 T-A ...
  -92.3316 -110.9878   19.8630
    0.3592   -0.5602    0.7464
   -0.9195   -0.3495    0.1802
    0.1599   -0.7510   -0.6406
...    56 A-T ...
  -92.0194 -113.5913   17.7850
   -0.2743   -0.6570    0.7023
   -0.9422    0.0373   -0.3331
    0.1926   -0.7530   -0.6292
...    57 T-A ...
  -90.7822 -116.1590   16.0943
   -0.7114   -0.5676    0.4145
   -0.6688    0.3654   -0.6475
    0.2160   -0.7378   -0.6395
...    58 C-G ...
  -90.0562 -118.6783   14.1023
   -0.9670   -0.2474   -0.0604
   -0.1132    0.6302   -0.7681
    0.2281   -0.7359   -0.6375
...    59 T-A ...
  -89.4308 -121.3318   12.1984
   -0.8848    0.1424   -0.4438
    0.4160    0.6706   -0.6142
    0.2101   -0.7281   -0.6525
...    60 C-G ...
  -88.7545 -123.8043   10.1381
   -0.4753    0.5265   -0.7049
    0.8518    0.4759   -0.2189
    0.2203   -0.7045   -0.6747
...    61 G-C ...
  -87.6398 -126.0492    7.9337
    0.0317    0.7923   -0.6093
    0.9670    0.1298    0.2191
    0.2527   -0.5961   -0.7621
...    62 A-T ...
  -86.9084 -127.9978    5.4420
    0.5516    0.7711   -0.3179
    0.7774   -0.3372    0.5310
    0.3023   -0.5401   -0.7855
...    63 G-C ...
  -86.0254 -129.4781    2.6487
    0.8258    0.5575    0.0849
    0.3999   -0.6850    0.6090
    0.3977   -0.4690   -0.7886
...    64 C-G ...
  -84.6711 -130.4919   -0.1538
    0.8760    0.1541    0.4569
   -0.0769   -0.8908    0.4479
    0.4761   -0.4275   -0.7685
...    65 T-A ...
  -82.8221 -131.5134   -2.6679
    0.6685   -0.2812    0.6885
   -0.4770   -0.8724    0.1068
    0.5706   -0.3998   -0.7174
...    66 C-G ...
  -80.7224 -132.8122   -4.7938
    0.2533   -0.7181    0.6482
   -0.7430   -0.5735   -0.3450
    0.6195   -0.3943   -0.6788
...    67 G-C ...
  -78.9019 -134.5631   -6.9835
   -0.2450   -0.8899    0.3848
   -0.7014   -0.1114   -0.7040
    0.6693   -0.4424   -0.5969
...    68 G-C ...
  -76.5295 -136.2657   -8.6849
   -0.6120   -0.7894   -0.0471
   -0.4255    0.3790   -0.8218
    0.6666   -0.4829   -0.5678
...    69 T-A ...
  -74.1570 -138.2028  -10.0605
   -0.7353   -0.4740   -0.4843
   -0.0398    0.7437   -0.6673
    0.6765   -0.4714   -0.5657
...    70 C-G ...
  -71.8949 -139.8284  -11.8285
   -0.6109    0.0630   -0.7892
    0.3913    0.8906   -0.2318
    0.6883   -0.4504   -0.5687
...    71 A-T ...
  -69.4271 -141.0957  -13.6499
   -0.3335    0.5989   -0.7280
    0.6584    0.7007    0.2748
    0.6747   -0.3877   -0.6281
...    72 T-A ...
  -67.7301 -142.6742  -15.9736
    0.0255    0.8762   -0.4812
    0.7257    0.3148    0.6117
    0.6875   -0.3648   -0.6279
...    73 G-C ...
  -65.3923 -143.6730  -18.1450
    0.2907    0.9565    0.0258
    0.6048   -0.2046    0.7697
    0.7414   -0.2081   -0.6379
...    74 T-A ...
  -63.2955 -143.9444  -20.6170
    0.4934    0.7390    0.4588
    0.3841   -0.6583    0.6474
    0.7804   -0.1432   -0.6086
...    75 T-A ...
  -60.7851 -144.1374  -22.6188
    0.5655    0.2742    0.7778
    0.0783   -0.9567    0.2804
    0.8210   -0.0977   -0.5625
...    76 A-T ...
  -57.8474 -144.0397  -24.1855
    0.3810   -0.2573    0.8880
   -0.1616   -0.9642   -0.2101
    0.9103   -0.0635   -0.4090
...    77 T-A ...
  -54.7373 -143.6378  -25.1560
    0.2422   -0.7046    0.6670
   -0.3078   -0.7077   -0.6359
    0.9201   -0.0513   -0.3883
...    78 A-T ...
  -51.7466 -143.9881  -26.6260
    0.0222   -0.9918    0.1257
   -0.3601   -0.1252   -0.9245
    0.9326   -0.0247   -0.3599
...    79 A-T ...
  -48.5872 -144.0794  -27.4468
   -0.1298   -0.8804   -0.4562
   -0.3122    0.4730   -0.8239
    0.9411    0.0354   -0.3362
...    80 C-G ...
  -45.3178 -144.3959  -28.1260
   -0.2613   -0.4971   -0.8274
   -0.2000    0.8665   -0.4574
    0.9443    0.0460   -0.3259
...    81 G-C ...
  -42.2426 -143.6998  -29.2147
   -0.3892    0.0760   -0.9180
   -0.0426    0.9940    0.1003
    0.9202    0.0782   -0.3836
...    82 G-C ...
  -39.1086 -143.7006  -30.4633
   -0.4244    0.5900   -0.6869
    0.1473    0.7935    0.5905
    0.8934    0.1494   -0.4236
...    83 A-T ...
  -36.1838 -143.3315  -31.8368
   -0.3210    0.9253   -0.2019
    0.3419    0.3120    0.8864
    0.8832    0.2155   -0.4165
...    84 G-C ...
  -33.4652 -142.5143  -33.4774
   -0.2074    0.9260    0.3155
    0.4503   -0.1959    0.8711
    0.8685    0.3228   -0.3763
...    85 A-T ...
  -30.7283 -141.3286  -34.7223
   -0.0019    0.6269    0.7791
    0.5061   -0.6714    0.5414
    0.8624    0.3954   -0.3160
...    86 T-A ...
  -28.3141 -139.4779  -35.8743
    0.2022    0.2046    0.9577
    0.4609   -0.8827    0.0912
    0.8641    0.4230   -0.2728
...    87 C-G ...
  -25.5097 -137.9598  -36.4584
    0.3741   -0.3534    0.8574
    0.3136   -0.8219   -0.4756
    0.8728    0.4468   -0.1966
...    88 C-G ...
  -22.5237 -136.3924  -36.5215
    0.4162   -0.7684    0.4862
    0.1330   -0.4775   -0.8685
    0.8995    0.4261   -0.0965
...    89 G-C ...
  -19.3885 -135.3806  -37.0410
    0.3643   -0.9282   -0.0759
   -0.0453    0.0638   -0.9969
    0.9302    0.3666   -0.0188
...    90 C-G ...
  -16.2235 -134.3886  -36.7437
    0.2735   -0.7423   -0.6117
   -0.2180    0.5715   -0.7911
    0.9368    0.3497   -0.0055
...    91 T-A ...
  -13.0192 -133.5156  -36.6053
    0.1063   -0.3271   -0.9390
   -0.3257    0.8808   -0.3437
    0.9395    0.3424   -0.0129
...    92 T-A ...
   -9.8670 -132.6843  -36.4931
   -0.0588    0.2579   -0.9644
   -0.3571    0.8967    0.2615
    0.9322    0.3597    0.0394
...    93 T-A ...
   -6.7504 -131.7649  -36.4253
   -0.2436    0.7263   -0.6427
   -0.2890    0.5782    0.7630
    0.9258    0.3716    0.0690
...    94 A-T ...
   -3.7037 -130.4535  -36.2410
   -0.4646    0.8790   -0.1076
   -0.1054    0.0658    0.9923
    0.8792    0.4723    0.0621
...    95 A-T ...
   -0.9266 -128.8153  -36.2420
   -0.4954    0.7430    0.4501
    0.1671   -0.4269    0.8887
    0.8525    0.5154    0.0873
...    96 C-G ...
    1.5544 -126.7084  -36.3655
   -0.4043    0.3868    0.8288
    0.4108   -0.7329    0.5424
    0.8172    0.5597    0.1374
...    97 A-T ...
    4.1382 -124.6896  -35.6880
   -0.2460   -0.1555    0.9567
    0.6166   -0.7866    0.0308
    0.7478    0.5975    0.2894
...    98 C-G ...
    6.0633 -122.3127  -34.4836
    0.0685   -0.5639    0.8230
    0.6861   -0.5722   -0.4492
    0.7243    0.5954    0.3477
...    99 T-A ...
    8.1927 -120.3133  -32.9366
    0.3767   -0.8111    0.4475
    0.5954   -0.1580   -0.7877
    0.7096    0.5632    0.4234
...   100 T-A ...
   10.2980 -118.4818  -31.2600
    0.6759   -0.7338   -0.0682
    0.2810    0.3421   -0.8967
    0.6814    0.5869    0.4374
...   101 T-A ...
   12.4029 -116.7079  -29.5073
    0.7511   -0.3672   -0.5487
   -0.1651    0.7002   -0.6946
    0.6392    0.6123    0.4652
...   102 A-T ...
   14.1873 -114.1899  -28.1003
    0.5093    0.2130   -0.8338
   -0.6309    0.7514   -0.1934
    0.5853    0.6246    0.5171
...   103 T-A ...
   16.5685 -112.6367  -26.4064
    0.1265    0.5772   -0.8067
   -0.8128    0.5266    0.2493
    0.5687    0.6241    0.5358
...   104 G-C ...
   18.2547 -110.4167  -24.6013
   -0.4077    0.7061   -0.5790
   -0.7476    0.1059    0.6556
    0.5242    0.7002    0.4847
...   105 C-G ...
   20.2296 -108.0964  -23.3462
   -0.7781    0.6042   -0.1717
   -0.4190   -0.2956    0.8585
    0.4680    0.7399    0.4832
...   106 T-A ...
   21.6603 -105.4294  -22.0494
   -0.9250    0.2943    0.2402
    0.0412   -0.5507    0.8337
    0.3776    0.7811    0.4973
...   107 T-A ...
   22.7277 -102.7547  -20.5965
   -0.7713   -0.0967    0.6291
    0.5445   -0.6120    0.5736
    0.3295    0.7849    0.5247
...   108 C-G ...
   23.5505 -100.1795  -18.7936
   -0.3459   -0.4772    0.8079
    0.8971   -0.4204    0.1358
    0.2748    0.7717    0.5735
...   109 C-G ...
   24.0023  -97.6777  -16.5720
    0.1573   -0.6973    0.6993
    0.9594   -0.0600   -0.2757
    0.2342    0.7143    0.6595
...   110 G-C ...
   25.1404  -95.5357  -14.2761
    0.6374   -0.6784    0.3654
    0.7328    0.3872   -0.5595
    0.2381    0.6244    0.7439
...   111 G-C ...
   25.8980  -93.7745  -11.4890
    0.9188   -0.3926   -0.0398
    0.2802    0.7201   -0.6348
    0.2779    0.5721    0.7717
...   112 C-G ...
   26.8670  -92.2317   -8.7028
    0.9161    0.0589   -0.3966
   -0.2680    0.8257   -0.4964
    0.2983    0.5610    0.7722
...   113 T-A ...
   28.0749  -90.6127   -6.0647
    0.6238    0.4751   -0.6206
   -0.7127    0.6717   -0.2021
    0.3209    0.5684    0.7576
...   114 C-G ...
   29.1968  -88.8073   -3.5543
    0.0749    0.7723   -0.6308
   -0.9477    0.2519    0.1959
    0.3102    0.5831    0.7508
...   115 G-C ...
   29.7983  -86.8600   -0.9014
   -0.4962    0.7122   -0.4965
   -0.8321   -0.2270    0.5060
    0.2476    0.6643    0.7053
...   116 T-A ...
   30.9663  -84.4172    0.9854
   -0.8646    0.4627   -0.1958
   -0.4587   -0.5679    0.6834
    0.2050    0.6807    0.7033
...   117 A-T ...
   31.4769  -81.9843    3.1949
   -0.9926   -0.0163    0.1199
    0.0957   -0.7121    0.6955
    0.0740    0.7018    0.7085
...   118 T-A ...
   31.4216  -79.2859    5.0440
   -0.8175   -0.3873    0.4261
    0.5741   -0.6069    0.5497
    0.0457    0.6940    0.7185
...   119 A-T ...
   31.1560  -76.9917    7.4472
   -0.3773   -0.7454    0.5496
    0.9246   -0.2691    0.2697
   -0.0531    0.6099    0.7907
...   120 A-T ...
   30.6775  -75.0748   10.0124
    0.2027   -0.7813    0.5903
    0.9768    0.2036   -0.0659
   -0.0687    0.5900    0.8045
...   121 T-A ...
   29.8297  -73.4684   12.7553
    0.6649   -0.5773    0.4739
    0.7432    0.5746   -0.3428
   -0.0743    0.5802    0.8111
...   122 G-C ...
   29.8689  -71.5438   15.4621
    0.9725   -0.1938    0.1292
    0.2328    0.8255   -0.5141
   -0.0070    0.5301    0.8479
...   123 T-A ...
   29.8761  -70.3571   18.5690
    0.9507    0.2605   -0.1685
   -0.3101    0.8098   -0.4980
    0.0067    0.5257    0.8506
...   124 G-C ...
   29.8744  -68.3611   21.2183
    0.5964    0.6450   -0.4778
   -0.8003    0.5237   -0.2919
    0.0620    0.5565    0.8285
...   125 T-A ...
   30.6518  -66.7430   24.0211
    0.0883    0.8159   -0.5714
   -0.9944    0.1054   -0.0031
    0.0577    0.5685    0.8207
...   126 C-G ...
   30.9344  -64.8540   26.6893
   -0.5141    0.7076   -0.4848
   -0.8568   -0.3976    0.3282
    0.0394    0.5841    0.8107
...   127 G-C ...
   30.7371  -63.1026   29.5254
   -0.8995    0.2993   -0.3184
   -0.4319   -0.7199    0.5433
   -0.0666    0.6262    0.7768
...   128 A-T ...
   30.5274  -60.9802   31.9949
   -0.9791   -0.2030    0.0122
    0.1656   -0.7611    0.6272
   -0.1180    0.6161    0.7788
...   129 C-G ...
   29.8039  -58.5863   34.1319
   -0.7497   -0.5933    0.2930
    0.6417   -0.5437    0.5409
   -0.1616    0.5936    0.7884
...   130 C-G ...
   28.8152  -56.5821   36.6626
   -0.2777   -0.8512    0.4454
    0.9348   -0.1325    0.3295
   -0.2214    0.5079    0.8325
...   131 A-T ...
   28.0496  -55.0411   39.5216
    0.3076   -0.8411    0.4449
    0.9227    0.3779    0.0766
   -0.2325    0.3869    0.8923
...   132 A-T ...
   27.0889  -54.0132   42.4406
    0.7738   -0.4905    0.4009
    0.5891    0.7899   -0.1706
   -0.2329    0.3682    0.9001
...   133 A-T ...
   26.2563  -53.1113   45.4450
    0.9702    0.0415    0.2386
    0.0476    0.9333   -0.3560
   -0.2375    0.3568    0.9035
...   134 T-A ...
   25.6208  -52.5913   48.6399
    0.8597    0.5097    0.0340
   -0.4497    0.7866   -0.4231
   -0.2424    0.3485    0.9054
...   135 G-C ...
   25.2757  -52.5096   52.0791
    0.3204    0.9427   -0.0928
   -0.8825    0.2614   -0.3910
   -0.3443    0.2071    0.9157
...   136 T-A ...
   25.5257  -52.9787   55.8049
   -0.2439    0.9563   -0.1610
   -0.8908   -0.2866   -0.3525
   -0.3833    0.0575    0.9218
...   137 G-C ...
   24.8933  -52.7378   58.9864
   -0.7529    0.5562   -0.3519
   -0.5215   -0.8303   -0.1966
   -0.4015    0.0355    0.9152
...   138 A-T ...
   24.0143  -51.6374   61.9241
   -0.9563    0.0401   -0.2896
   -0.0524   -0.9980    0.0347
   -0.2876    0.0484    0.9565
...   139 G-C ...
   22.3467  -51.2412   64.4939
   -0.8529   -0.5118   -0.1033
    0.4974   -0.8566    0.1373
   -0.1587    0.0657    0.9851
...   140 C-G ...
   22.1503  -50.1498   67.4638
   -0.4681   -0.8748    0.1248
    0.8495   -0.4066    0.3362
   -0.2434    0.2634    0.9335
...   141 G-C ...
   21.4256  -51.8266   72.7875
    0.1303   -0.7143   -0.6876
    0.8897   -0.2218    0.3990
   -0.4375   -0.6638    0.6066
...   142 C-G ...
   20.4245  -54.3095   74.5418
    0.5846   -0.7390   -0.3348
    0.7594    0.3532    0.5465
   -0.2856   -0.5737    0.7676
...   143 T-A ...
   18.4271  -55.5290   76.5298
    0.8548   -0.5005    0.1370
    0.3188    0.7148    0.6224
   -0.4095   -0.4884    0.7706
...   144 C-G ...
   16.8371  -57.7222   78.2673
    0.8529   -0.0846    0.5151
   -0.1508    0.9048    0.3983
   -0.4998   -0.4174    0.7589
...   145 A-T ...
   15.7829  -59.5615   80.7981
    0.5516    0.4995    0.6680
   -0.6739    0.7388    0.0039
   -0.4916   -0.4523    0.7441
...   146 C-G ...
   15.7314  -61.4940   83.9316
    0.0344    0.7399    0.6718
   -0.8637    0.3602   -0.3526
   -0.5029   -0.5681    0.6514
...   147 A-T ...
   14.7383  -63.4279   86.8192
   -0.5924    0.6746    0.4405
   -0.6886   -0.1401   -0.7114
   -0.4182   -0.7248    0.5475
