  147 base-pairs
...     1 T-A ...
    0.0000    0.0000    0.0000
    1.0000    0.0000    0.0000
    0.0000    1.0000    0.0000
    0.0000    0.0000    1.0000
...     2 G-C ...
   -0.5555   -1.1003    3.3981
    0.7749    0.6051    0.1828
   -0.5991    0.7953   -0.0929
   -0.2016   -0.0375    0.9787
...     3 T-A ...
   -0.6619   -3.0237    6.5348
    0.3046    0.9250    0.2271
   -0.8994    0.3578   -0.2510
   -0.3134   -0.1278    0.9410
...     4 G-C ...
   -1.1607   -3.8418    9.6940
   -0.3351    0.9421    0.0133
   -0.8752   -0.3061   -0.3746
   -0.3489   -0.1372    0.9271
...     5 A-T ...
   -1.3881   -3.6770   12.8999
   -0.7835    0.6162   -0.0801
   -0.5677   -0.7622   -0.3109
   -0.2527   -0.1981    0.9470
...     6 G-C ...
   -2.6236   -3.5448   15.7072
   -0.9923    0.0611   -0.1075
   -0.0294   -0.9610   -0.2748
   -0.1201   -0.2695    0.9555
...     7 C-G ...
   -2.3138   -3.7570   18.8866
   -0.8620   -0.4995   -0.0864
    0.5008   -0.8655    0.0073
   -0.0785   -0.0370    0.9962
...     8 G-C ...
   -3.9561   -6.8109   23.3205
   -0.2581   -0.3560   -0.8981
    0.6294   -0.7673    0.1233
   -0.7330   -0.5335    0.4221
...     9 C-G ...
   -6.1177   -8.9414   24.2385
    0.1143   -0.7320   -0.6716
    0.8123   -0.3203    0.4874
   -0.5720   -0.6013    0.5580
...    10 T-A ...
   -8.5041   -9.6771   26.0540
    0.4660   -0.8587   -0.2131
    0.6274    0.1508    0.7640
   -0.6239   -0.4897    0.6090
...    11 C-G ...
  -11.0625  -11.3174   27.2336
    0.6660   -0.6911    0.2808
    0.3382    0.6152    0.7121
   -0.6649   -0.3794    0.6435
...    12 A-T ...
  -13.0013  -13.1789   29.0658
    0.7188   -0.1490    0.6790
   -0.1787    0.9043    0.3876
   -0.6718   -0.4000    0.6235
...    13 C-G ...
  -14.1788  -15.9359   31.3399
    0.4052    0.2865    0.8682
   -0.5270    0.8492   -0.0343
   -0.7470   -0.4437    0.4951
...    14 A-T ...
  -15.9532  -18.1566   33.3080
   -0.1503    0.6873    0.7107
   -0.6106    0.5008   -0.6135
   -0.7776   -0.5261    0.3444
...    15 A-T ...
  -18.3990  -19.9438   34.4534
   -0.4578    0.8609    0.2221
   -0.3976    0.0252   -0.9172
   -0.7952   -0.5082    0.3308
...    16 T-A ...
  -20.8002  -21.5210   36.2516
   -0.6269    0.7209   -0.2953
   -0.0737   -0.4323   -0.8987
   -0.7756   -0.5417    0.3241
...    17 T-A ...
  -23.3514  -23.0766   37.6356
   -0.5714    0.3148   -0.7579
    0.3195   -0.7653   -0.5587
   -0.7559   -0.5614    0.3367
...    18 T-A ...
  -25.9081  -24.7238   38.7315
   -0.2624   -0.1366   -0.9552
    0.5760   -0.8164   -0.0414
   -0.7742   -0.5611    0.2929
...    19 A-T ...
  -28.4481  -26.7035   39.5195
    0.1764   -0.5062   -0.8442
    0.6028   -0.6224    0.4992
   -0.7781   -0.5970    0.1953
...    20 T-A ...
  -31.3656  -28.2715   39.6700
    0.4602   -0.7539   -0.4690
    0.4255   -0.2764    0.8617
   -0.7792   -0.5961    0.1936
...    21 T-A ...
  -33.9926  -30.1943   39.9915
    0.6171   -0.7797    0.1060
    0.0731    0.1910    0.9789
   -0.7834   -0.5964    0.1749
...    22 C-G ...
  -36.5105  -32.2302   40.5333
    0.5649   -0.5060    0.6518
   -0.3163    0.5968    0.7374
   -0.7622   -0.6227    0.1770
...    23 G-C ...
  -39.1275  -33.9941   41.7105
    0.3893   -0.0076    0.9211
   -0.6152    0.7421    0.2661
   -0.6856   -0.6702    0.2843
...    24 C-G ...
  -41.0912  -36.4548   42.6160
    0.0465    0.4181    0.9072
   -0.7273    0.6367   -0.2561
   -0.6847   -0.6479    0.3337
...    25 A-T ...
  -43.7093  -38.3440   43.4005
   -0.3514    0.7411    0.5721
   -0.6177    0.2757   -0.7365
   -0.7036   -0.6122    0.3609
...    26 A-T ...
  -45.9426  -40.3205   44.7801
   -0.6452    0.7622    0.0527
   -0.3044   -0.1932   -0.9327
   -0.7008   -0.6179    0.3567
...    27 A-T ...
  -48.1230  -42.2326   46.2745
   -0.7147    0.4984   -0.4906
    0.1408   -0.5846   -0.7990
   -0.6851   -0.6402    0.3477
...    28 G-C ...
  -50.6574  -43.9779   47.6684
   -0.4863    0.1513   -0.8606
    0.4862   -0.7715   -0.4104
   -0.7260   -0.6180    0.3016
...    29 G-C ...
  -53.4536  -45.7902   48.5953
   -0.0614   -0.2461   -0.9673
    0.6659   -0.7321    0.1439
   -0.7435   -0.6353    0.2088
...    30 C-G ...
  -56.1704  -47.5935   48.9591
    0.3612   -0.5588   -0.7465
    0.5764   -0.4954    0.6498
   -0.7330   -0.6650    0.1431
...    31 C-G ...
  -58.7888  -49.6638   49.2004
    0.6803   -0.6771   -0.2805
    0.2655   -0.1291    0.9554
   -0.6831   -0.7245    0.0920
...    32 G-C ...
  -60.6610  -52.0485   49.6944
    0.7934   -0.5635    0.2304
   -0.1479    0.1886    0.9708
   -0.5905   -0.8043    0.0663
...    33 G-C ...
  -62.1405  -55.0671   49.8666
    0.6152   -0.3201    0.7205
   -0.5885    0.4217    0.6898
   -0.5246   -0.8484    0.0711
...    34 C-G ...
  -63.4697  -58.0545   50.0729
    0.2045   -0.0031    0.9789
   -0.8457    0.5030    0.1783
   -0.4929   -0.8643    0.1002
...    35 C-G ...
  -64.8494  -61.0857   50.7936
   -0.2965    0.3023    0.9060
   -0.8309    0.3861   -0.4007
   -0.4709   -0.8715    0.1367
...    36 C-G ...
  -66.3142  -64.0222   51.5489
   -0.6943    0.4943    0.5231
   -0.5411    0.1207   -0.8323
   -0.4745   -0.8609    0.1837
...    37 G-C ...
  -68.0908  -66.9787   51.1271
   -0.8497    0.5247   -0.0520
   -0.0429   -0.1670   -0.9850
   -0.5255   -0.8348    0.1644
...    38 A-T ...
  -69.6116  -69.6825   51.7100
   -0.7108    0.3358   -0.6180
    0.4772   -0.4153   -0.7745
   -0.5167   -0.8455    0.1350
...    39 C-G ...
  -71.6863  -72.0745   52.2476
   -0.3349    0.1185   -0.9348
    0.7746   -0.5302   -0.3447
   -0.5365   -0.8395    0.0858
...    40 A-T ...
  -73.5869  -74.8163   52.4042
    0.2154   -0.1101   -0.9703
    0.8226   -0.5150    0.2411
   -0.5262   -0.8501   -0.0204
...    41 C-G ...
  -75.5332  -77.3825   51.8297
    0.6394   -0.2923   -0.7112
    0.5935   -0.4004    0.6981
   -0.4888   -0.8685   -0.0826
...    42 G-C ...
  -76.8278  -80.4588   51.8617
    0.9086   -0.3807   -0.1720
    0.0985   -0.2048    0.9738
   -0.4059   -0.9017   -0.1486
...    43 A-T ...
  -78.1294  -83.3015   51.3242
    0.7990   -0.4196    0.4307
   -0.4513    0.0549    0.8907
   -0.3974   -0.9060   -0.1455
...    44 C-G ...
  -78.9889  -86.3222   50.2978
    0.4605   -0.2806    0.8421
   -0.8172    0.2364    0.5257
   -0.3466   -0.9302   -0.1204
...    45 T-A ...
  -79.4920  -89.8791   49.8049
   -0.0748   -0.0814    0.9939
   -0.9421    0.3324   -0.0437
   -0.3268   -0.9396   -0.1016
...    46 T-A ...
  -80.1408  -93.0496   49.4522
   -0.5593    0.0728    0.8258
   -0.7669    0.3329   -0.5487
   -0.3149   -0.9401   -0.1303
...    47 A-T ...
  -81.3958  -96.0968   48.6785
   -0.9299    0.2439    0.2754
   -0.2248    0.2158   -0.9502
   -0.2912   -0.9455   -0.1458
...    48 C-G ...
  -82.4059  -99.2912   48.8715
   -0.9051    0.3257   -0.2733
    0.3069    0.0554   -0.9501
   -0.2943   -0.9439   -0.1501
...    49 T-A ...
  -83.7347 -102.3923   48.6527
   -0.5761    0.3744   -0.7266
    0.7417   -0.1342   -0.6572
   -0.3436   -0.9175   -0.2003
...    50 G-C ...
  -84.9629 -105.3905   47.7215
   -0.0185    0.3545   -0.9349
    0.9389   -0.3153   -0.1381
   -0.3437   -0.8803   -0.3270
...    51 T-A ...
  -86.5502 -107.9341   46.5797
    0.4612    0.2227   -0.8589
    0.8309   -0.4480    0.3300
   -0.3113   -0.8658   -0.3917
...    52 A-T ...
  -87.7211 -110.3711   44.5587
    0.8677    0.1587   -0.4710
    0.4757   -0.5400    0.6944
   -0.1441   -0.8266   -0.5441
...    53 G-C ...
  -88.3975 -112.8362   42.5762
    0.9998   -0.0175   -0.0036
   -0.0072   -0.5751    0.8181
   -0.0164   -0.8179   -0.5751
...    54 G-C ...
  -88.0306 -115.2626   39.8935
    0.8380   -0.2400    0.4900
   -0.5377   -0.5158    0.6669
    0.0927   -0.8224   -0.5613
...    55 T-A ...
  -87.1863 -117.7300   37.9337
    0.4451   -0.4518    0.7731
   -0.8855   -0.3505    0.3050
    0.1332   -0.8204   -0.5561
...    56 A-T ...
  -86.1423 -120.4485   36.1676
   -0.1484   -0.5346    0.8320
   -0.9729   -0.0722   -0.2199
    0.1776   -0.8420   -0.5094
...    57 T-A ...
  -84.8295 -123.1469   34.7666
   -0.6192   -0.5231    0.5857
   -0.7597    0.2101   -0.6154
    0.1988   -0.8260   -0.5275
...    58 C-G ...
  -84.0516 -126.0555   33.2491
   -0.9520   -0.2972    0.0727
   -0.2205    0.5019   -0.8363
    0.2121   -0.8123   -0.5434
...    59 T-A ...
  -83.5109 -128.9774   31.6862
   -0.9314    0.0434   -0.3613
    0.3170    0.5840   -0.7472
    0.1786   -0.8106   -0.5578
...    60 C-G ...
  -82.8674 -131.7152   29.8371
   -0.5735    0.3958   -0.7172
    0.7978    0.4688   -0.3792
    0.1861   -0.7897   -0.5847
...    61 G-C ...
  -81.8220 -133.9919   27.7216
   -0.1328    0.7054   -0.6963
    0.9739    0.2234    0.0405
    0.1841   -0.6727   -0.7166
...    62 A-T ...
  -80.9844 -136.3047   25.6156
    0.4051    0.7762   -0.4832
    0.8734   -0.1723    0.4554
    0.2702   -0.6065   -0.7477
...    63 G-C ...
  -80.2078 -137.9520   22.8512
    0.7596    0.6409   -0.1108
    0.5539   -0.5481    0.6267
    0.3409   -0.5374   -0.7714
...    64 C-G ...
  -79.1371 -139.2487   19.9231
    0.9121    0.2639    0.3138
    0.0460   -0.8264    0.5612
    0.4074   -0.4974   -0.7659
...    65 T-A ...
  -77.7120 -140.5221   17.2337
    0.7730   -0.1556    0.6151
   -0.4029   -0.8693    0.2864
    0.4901   -0.4692   -0.7346
...    66 C-G ...
  -75.9322 -142.3198   15.2271
    0.3911   -0.5992    0.6986
   -0.7116   -0.6783   -0.1834
    0.5837   -0.4254   -0.6916
...    67 G-C ...
  -74.5855 -144.4791   12.8855
   -0.0981   -0.8583    0.5036
   -0.7631   -0.2599   -0.5917
    0.6388   -0.4424   -0.6295
...    68 G-C ...
  -72.2512 -146.0384   11.0150
   -0.5206   -0.8460    0.1151
   -0.5750    0.2477   -0.7797
    0.6311   -0.4721   -0.6154
...    69 G-C ...
  -70.1179 -147.8139    9.1537
   -0.7931   -0.5384   -0.2849
   -0.1800    0.6540   -0.7348
    0.5819   -0.5315   -0.6156
...    70 A-T ...
  -68.0917 -149.7818    7.3340
   -0.7299   -0.0444   -0.6821
    0.3261    0.8544   -0.4046
    0.6007   -0.5178   -0.6091
...    71 T-A ...
  -66.4489 -151.9718    5.4761
   -0.4632    0.4114   -0.7850
    0.6505    0.7594    0.0141
    0.6019   -0.5041   -0.6194
...    72 C-G ...
  -64.6351 -153.7341    3.3446
   -0.0118    0.7935   -0.6085
    0.7861    0.3834    0.4848
    0.6180   -0.4726   -0.6283
...    73 C-G ...
  -62.7144 -155.5778    1.3910
    0.2779    0.9452   -0.1713
    0.6677   -0.0619    0.7418
    0.6906   -0.3206   -0.6483
...    74 G-C ...
  -60.0883 -156.4600   -0.4237
    0.4363    0.8259    0.3571
    0.4619   -0.5462    0.6988
    0.7722   -0.1399   -0.6198
...    75 C-G ...
  -57.5791 -156.4101   -2.7923
    0.5908    0.3801    0.7117
    0.1536   -0.9189    0.3633
    0.7921   -0.1053   -0.6013
...    76 T-A ...
  -54.6125 -156.1499   -4.5780
    0.5522   -0.1915    0.8114
   -0.1390   -0.9808   -0.1369
    0.8220   -0.0371   -0.5682
...    77 T-A ...
  -51.8181 -155.9090   -6.2383
    0.3940   -0.7211    0.5699
   -0.4150   -0.6928   -0.5898
    0.8201   -0.0041   -0.5722
...    78 T-A ...
  -49.0000 -155.7040   -7.8512
    0.1209   -0.9859    0.1160
   -0.5631   -0.1643   -0.8099
    0.8175    0.0327   -0.5750
...    79 A-T ...
  -46.7995 -155.3256  -10.2910
   -0.1324   -0.8759   -0.4639
   -0.5486    0.4546   -0.7017
    0.8255    0.1616   -0.5407
...    80 A-T ...
  -44.0450 -154.8656  -11.8798
   -0.3850   -0.4639   -0.7979
   -0.4083    0.8609   -0.3035
    0.8277    0.2090   -0.5209
...    81 C-G ...
  -41.1327 -154.7573  -13.5620
   -0.5399    0.0633   -0.8394
   -0.1554    0.9725    0.1733
    0.8273    0.2240   -0.5152
...    82 A-T ...
  -38.4204 -154.0697  -15.3002
   -0.6011    0.5740   -0.5560
    0.1565    0.7668    0.6225
    0.7837    0.2872   -0.5507
...    83 C-G ...
  -36.1395 -153.4204  -17.6595
   -0.4744    0.8681   -0.1465
    0.4279    0.3727    0.8234
    0.7694    0.3279   -0.5482
...    84 T-A ...
  -33.8746 -152.0929  -20.0738
   -0.2409    0.8941    0.3776
    0.6134   -0.1612    0.7731
    0.7521    0.4179   -0.5096
...    85 T-A ...
  -31.7431 -150.4922  -21.9051
    0.1062    0.6405    0.7606
    0.6466   -0.6256    0.4366
    0.7554    0.4454   -0.4806
...    86 T-A ...
  -29.4497 -148.8319  -23.4982
    0.4013    0.1551    0.9027
    0.4968   -0.8649   -0.0722
    0.7696    0.4774   -0.4241
...    87 C-G ...
  -26.6955 -147.5050  -24.4805
    0.5584   -0.3815    0.7366
    0.2487   -0.7701   -0.5874
    0.7914    0.5112   -0.3351
...    88 A-T ...
  -24.1389 -145.2477  -24.9960
    0.5218   -0.7657    0.3761
    0.0481   -0.4137   -0.9091
    0.8517    0.4924   -0.1790
...    89 T-A ...
  -21.3404 -143.5875  -25.0454
    0.4629   -0.8785   -0.1181
   -0.2014    0.0256   -0.9792
    0.8632    0.4771   -0.1651
...    90 G-C ...
  -18.3516 -142.0545  -25.3410
    0.2443   -0.7007   -0.6703
   -0.4341    0.5390   -0.7218
    0.8671    0.4673   -0.1725
...    91 T-A ...
  -15.1935 -140.8789  -25.5186
   -0.0085   -0.2889   -0.9573
   -0.5155    0.8216   -0.2434
    0.8569    0.4914   -0.1559
...    92 T-A ...
  -12.3532 -139.4805  -25.9842
   -0.2813    0.2292   -0.9318
   -0.4375    0.8336    0.3371
    0.8541    0.5025   -0.1343
...    93 A-T ...
   -9.6253 -137.5691  -26.2841
   -0.5223    0.6436   -0.5594
   -0.2189    0.5329    0.8174
    0.8242    0.5494   -0.1374
...    94 T-A ...
   -6.9783 -136.0702  -27.3691
   -0.5709    0.8165   -0.0863
    0.0480    0.1381    0.9893
    0.8196    0.5606   -0.1180
...    95 A-T ...
   -4.4065 -134.0743  -27.6730
   -0.5791    0.6806    0.4489
    0.3579   -0.2825    0.8900
    0.7325    0.6760   -0.0800
...    96 A-T ...
   -2.2996 -131.7856  -28.0037
   -0.3805    0.3760    0.8449
    0.6209   -0.5732    0.5347
    0.6854    0.7280   -0.0153
...    97 C-G ...
   -0.6566 -128.8309  -28.1075
   -0.0361   -0.0180    0.9992
    0.7422   -0.6701    0.0147
    0.6693    0.7421    0.0376
...    98 G-C ...
    1.7616 -126.7238  -27.5152
    0.2477   -0.4773    0.8431
    0.7178   -0.4940   -0.4906
    0.6507    0.7267    0.2203
...    99 G-C ...
    3.9675 -124.6829  -26.1547
    0.5112   -0.7362    0.4435
    0.5501   -0.1162   -0.8270
    0.6604    0.6667    0.3456
...   100 A-T ...
    6.0068 -122.4707  -24.7187
    0.7489   -0.6495   -0.1316
    0.1494    0.3589   -0.9213
    0.6456    0.6703    0.3658
...   101 T-A ...
    8.1059 -120.6967  -22.8649
    0.7482   -0.3462   -0.5660
   -0.2545    0.6381   -0.7267
    0.6128    0.6877    0.3893
...   102 A-T ...
   10.2907 -118.5224  -21.3146
    0.4499    0.1623   -0.8782
   -0.6795    0.7004   -0.2186
    0.5796    0.6951    0.4254
...   103 T-A ...
   12.7020 -116.7279  -20.0181
    0.0631    0.4594   -0.8860
   -0.8194    0.5307    0.2168
    0.5698    0.7123    0.4099
...   104 G-C ...
   14.7496 -114.3545  -18.9087
   -0.5004    0.6143   -0.6101
   -0.6737    0.1664    0.7201
    0.5439    0.7713    0.3305
...   105 C-G ...
   16.4381 -111.6589  -18.3255
   -0.8218    0.5464   -0.1613
   -0.3182   -0.2053    0.9255
    0.4726    0.8120    0.3426
...   106 T-A ...
   17.9687 -108.6773  -17.5861
   -0.8875    0.2913    0.3570
    0.1992   -0.4561    0.8674
    0.4155    0.8409    0.3467
...   107 T-A ...
   19.1029 -105.8630  -16.6041
   -0.6701   -0.0726    0.7387
    0.6600   -0.5137    0.5482
    0.3396    0.8549    0.3922
...   108 C-G ...
   19.8722 -103.0025  -15.1983
   -0.2236   -0.4153    0.8818
    0.9314   -0.3577    0.0678
    0.2873    0.8364    0.4668
...   109 C-G ...
   20.5581 -100.2745  -13.5012
    0.2523   -0.6298    0.7347
    0.9250   -0.0660   -0.3742
    0.2841    0.7740    0.5659
...   110 G-C ...
   21.7383  -98.1224  -11.6760
    0.6538   -0.6487    0.3896
    0.6934    0.3076   -0.6516
    0.3028    0.6962    0.6509
...   111 G-C ...
   22.9925  -96.2634   -9.1383
    0.9140   -0.4016   -0.0576
    0.2403    0.6504   -0.7206
    0.3268    0.6448    0.6909
...   112 C-G ...
   24.2636  -94.6120   -6.5023
    0.8882    0.0065   -0.4594
   -0.2951    0.7743   -0.5597
    0.3521    0.6327    0.6897
...   113 T-A ...
   25.5014  -92.6717   -4.1377
    0.5966    0.4152   -0.6868
   -0.7183    0.6580   -0.2261
    0.3580    0.6282    0.6908
...   114 C-G ...
   26.6127  -90.5300   -1.8339
    0.0519    0.7149   -0.6973
   -0.9351    0.2800    0.2175
    0.3507    0.6407    0.6830
...   115 G-C ...
   27.2613  -88.3991    0.6278
   -0.5253    0.6934   -0.4932
   -0.7998   -0.2044    0.5644
    0.2906    0.6909    0.6620
...   116 T-A ...
   28.3657  -85.7191    2.2260
   -0.8846    0.4386   -0.1588
   -0.4023   -0.5451    0.7356
    0.2360    0.7145    0.6586
...   117 A-T ...
   29.0454  -82.8299    3.9878
   -0.9806   -0.0262    0.1943
    0.1606   -0.6756    0.7196
    0.1124    0.7368    0.6667
...   118 T-A ...
   29.0692  -80.0425    5.6276
   -0.7758   -0.3665    0.5136
    0.6230   -0.5741    0.5313
    0.1002    0.7322    0.6737
...   119 A-T ...
   29.2991  -77.7355    7.9729
   -0.3266   -0.6944    0.6412
    0.9450   -0.2533    0.2070
    0.0186    0.6735    0.7389
...   120 A-T ...
   29.0004  -75.6208   10.4029
    0.2517   -0.7505    0.6110
    0.9678    0.1932   -0.1613
    0.0030    0.6319    0.7750
...   121 T-A ...
   28.3923  -73.8441   13.1575
    0.7128   -0.5444    0.4422
    0.7013    0.5615   -0.4392
   -0.0092    0.6232    0.7820
...   122 G-C ...
   28.3279  -71.9618   16.0042
    0.9871   -0.1510    0.0538
    0.1533    0.7912   -0.5920
    0.0468    0.5926    0.8042
...   123 T-A ...
   28.5764  -70.4718   18.9205
    0.9318    0.2676   -0.2451
   -0.3599    0.7680   -0.5297
    0.0465    0.5818    0.8120
...   124 G-C ...
   28.8139  -68.5734   21.6458
    0.5464    0.6390   -0.5414
   -0.8323    0.4862   -0.2662
    0.0932    0.5961    0.7975
...   125 T-A ...
   29.5842  -66.8839   24.2912
    0.0339    0.7805   -0.6242
   -0.9950    0.0853    0.0526
    0.0943    0.6193    0.7795
...   126 C-G ...
   29.9394  -64.8885   26.7311
   -0.5548    0.6858   -0.4711
   -0.8262   -0.3875    0.4088
    0.0978    0.6161    0.7816
...   127 G-C ...
   29.7334  -63.0911   29.4777
   -0.9001    0.2934   -0.3221
   -0.4335   -0.6776    0.5941
   -0.0439    0.6744    0.7371
...   128 A-T ...
   29.7424  -60.9713   31.8057
   -0.9844   -0.1625    0.0668
    0.1664   -0.7406    0.6510
   -0.0564    0.6520    0.7561
...   129 C-G ...
   29.2209  -58.3649   33.7537
   -0.7489   -0.5594    0.3552
    0.6547   -0.5417    0.5272
   -0.1025    0.6273    0.7720
...   130 C-G ...
   28.1001  -56.3260   36.2677
   -0.2982   -0.8327    0.4665
    0.9363   -0.1603    0.3123
   -0.1853    0.5300    0.8275
...   131 A-T ...
   27.8370  -54.9556   39.3035
    0.2696   -0.8663    0.4205
    0.9443    0.3234    0.0608
   -0.1887    0.3807    0.9052
...   132 A-T ...
   27.0918  -53.9302   42.3249
    0.7561   -0.5415    0.3676
    0.6261    0.7620   -0.1654
   -0.1906    0.3552    0.9152
...   133 A-T ...
   26.2572  -53.1200   45.4001
    0.9703    0.0276    0.2405
    0.0619    0.9322   -0.3567
   -0.2340    0.3610    0.9027
...   134 T-A ...
   25.6208  -52.5913   48.6399
    0.8597    0.5097    0.0340
   -0.4497    0.7866   -0.4231
   -0.2424    0.3485    0.9054
...   135 G-C ...
   25.2756  -52.5096   52.0790
    0.3204    0.9427   -0.0928
   -0.8825    0.2614   -0.3910
   -0.3443    0.2071    0.9157
...   136 T-A ...
   25.5257  -52.9787   55.8048
   -0.2439    0.9563   -0.1610
   -0.8908   -0.2866   -0.3525
   -0.3833    0.0575    0.9218
...   137 G-C ...
   24.8932  -52.7377   58.9864
   -0.7529    0.5562   -0.3519
   -0.5215   -0.8303   -0.1966
   -0.4015    0.0355    0.9152
...   138 A-T ...
   24.0142  -51.6374   61.9241
   -0.9563    0.0401   -0.2896
   -0.0524   -0.9980    0.0347
   -0.2876    0.0484    0.9565
...   139 G-C ...
   22.3466  -51.2411   64.4939
   -0.8529   -0.5118   -0.1033
    0.4974   -0.8566    0.1373
   -0.1587    0.0657    0.9851
...   140 C-G ...
   22.1502  -50.1498   67.4638
   -0.4681   -0.8748    0.1248
    0.8495   -0.4066    0.3362
   -0.2434    0.2634    0.9335
...   141 G-C ...
   21.4256  -51.8266   72.7875
    0.1303   -0.7143   -0.6876
    0.8897   -0.2218    0.3990
   -0.4375   -0.6638    0.6066
...   142 C-G ...
   20.4245  -54.3095   74.5417
    0.5846   -0.7390   -0.3348
    0.7594    0.3532    0.5465
   -0.2856   -0.5737    0.7676
...   143 T-A ...
   18.4270  -55.5290   76.5298
    0.8548   -0.5005    0.1370
    0.3188    0.7148    0.6224
   -0.4095   -0.4884    0.7706
...   144 C-G ...
   16.8371  -57.7222   78.2673
    0.8529   -0.0846    0.5151
   -0.1508    0.9048    0.3983
   -0.4998   -0.4174    0.7589
...   145 A-T ...
   15.7828  -59.5615   80.7980
    0.5516    0.4995    0.6680
   -0.6739    0.7388    0.0039
   -0.4916   -0.4523    0.7441
...   146 C-G ...
   15.7314  -61.4940   83.9316
    0.0344    0.7399    0.6718
   -0.8637    0.3602   -0.3526
   -0.5029   -0.5681    0.6514
...   147 A-T ...
   14.7383  -63.4279   86.8191
   -0.5924    0.6746    0.4405
   -0.6886   -0.1401   -0.7114
   -0.4182   -0.7248    0.5475
