  147 base-pairs
...     1 T-A ...
    0.0000    0.0000    0.0000
    1.0000    0.0000    0.0000
    0.0000    1.0000    0.0000
    0.0000    0.0000    1.0000
...     2 G-C ...
   -0.5555   -1.1003    3.3981
    0.7749    0.6051    0.1828
   -0.5991    0.7953   -0.0929
   -0.2016   -0.0375    0.9787
...     3 T-A ...
   -0.6619   -3.0237    6.5348
    0.3046    0.9250    0.2271
   -0.8994    0.3578   -0.2510
   -0.3134   -0.1278    0.9410
...     4 G-C ...
   -1.1607   -3.8418    9.6940
   -0.3351    0.9421    0.0133
   -0.8752   -0.3061   -0.3746
   -0.3489   -0.1372    0.9271
...     5 A-T ...
   -1.3881   -3.6770   12.8999
   -0.7835    0.6162   -0.0801
   -0.5677   -0.7622   -0.3109
   -0.2527   -0.1981    0.9470
...     6 G-C ...
   -2.6236   -3.5448   15.7072
   -0.9923    0.0611   -0.1075
   -0.0294   -0.9610   -0.2748
   -0.1201   -0.2695    0.9555
...     7 C-G ...
   -2.3138   -3.7570   18.8866
   -0.8620   -0.4995   -0.0864
    0.5008   -0.8655    0.0073
   -0.0785   -0.0370    0.9962
...     8 G-C ...
   -3.9561   -6.8109   23.3205
   -0.2581   -0.3560   -0.8981
    0.6294   -0.7673    0.1233
   -0.7330   -0.5335    0.4221
...     9 C-G ...
   -6.1177   -8.9414   24.2385
    0.1143   -0.7320   -0.6716
    0.8123   -0.3203    0.4874
   -0.5720   -0.6013    0.5580
...    10 T-A ...
   -8.5041   -9.6771   26.0540
    0.4660   -0.8587   -0.2131
    0.6274    0.1508    0.7640
   -0.6239   -0.4897    0.6090
...    11 C-G ...
  -11.0625  -11.3174   27.2336
    0.6660   -0.6911    0.2808
    0.3382    0.6152    0.7121
   -0.6649   -0.3794    0.6435
...    12 A-T ...
  -13.0013  -13.1789   29.0658
    0.7188   -0.1490    0.6790
   -0.1787    0.9043    0.3876
   -0.6718   -0.4000    0.6235
...    13 C-G ...
  -14.1788  -15.9359   31.3399
    0.4052    0.2865    0.8682
   -0.5270    0.8492   -0.0343
   -0.7470   -0.4437    0.4951
...    14 A-T ...
  -15.9532  -18.1566   33.3080
   -0.1503    0.6873    0.7107
   -0.6106    0.5008   -0.6135
   -0.7776   -0.5261    0.3444
...    15 A-T ...
  -18.3101  -19.9476   34.6471
   -0.4781    0.8435    0.2447
   -0.4079    0.0336   -0.9124
   -0.7779   -0.5360    0.3280
...    16 T-A ...
  -20.6391  -21.5386   36.3411
   -0.6132    0.7507   -0.2457
   -0.1085   -0.3882   -0.9152
   -0.7824   -0.5346    0.3195
...    17 T-A ...
  -23.1844  -23.1072   37.5869
   -0.5545    0.4187   -0.7192
    0.2563   -0.7363   -0.6262
   -0.7918   -0.5315    0.3010
...    18 T-A ...
  -25.8565  -24.5960   38.6400
   -0.2959   -0.0413   -0.9543
    0.5195   -0.8453   -0.1245
   -0.8016   -0.5326    0.2716
...    19 A-T ...
  -28.7128  -26.1874   39.2641
    0.1412   -0.4132   -0.8996
    0.5653   -0.7123    0.4160
   -0.8127   -0.5673    0.1330
...    20 T-A ...
  -31.6590  -27.6210   39.2221
    0.4200   -0.6983   -0.5796
    0.4135   -0.4213    0.8072
   -0.8078   -0.5788    0.1118
...    21 T-A ...
  -34.3383  -29.4381   39.2917
    0.5917   -0.8053   -0.0363
    0.0993    0.0280    0.9947
   -0.8000   -0.5921    0.0965
...    22 C-G ...
  -36.8416  -31.5244   39.4919
    0.5661   -0.6222    0.5408
   -0.2830    0.4695    0.8364
   -0.7743   -0.6265    0.0897
...    23 G-C ...
  -39.4260  -33.5081   40.1950
    0.3828   -0.2013    0.9016
   -0.5884    0.6993    0.4060
   -0.7122   -0.6859    0.1493
...    24 C-G ...
  -41.4560  -36.0757   40.7114
    0.0224    0.2307    0.9728
   -0.7146    0.6842   -0.1458
   -0.6992   -0.6919    0.1802
...    25 A-T ...
  -43.9418  -38.1961   41.2637
   -0.3412    0.6258    0.7014
   -0.6156    0.4152   -0.6699
   -0.7104   -0.6603    0.2436
...    26 A-T ...
  -46.0875  -40.4118   42.2972
   -0.6468    0.7357    0.2012
   -0.3016   -0.0045   -0.9534
   -0.7005   -0.6773    0.2248
...    27 A-T ...
  -48.3248  -42.5434   43.3000
   -0.7099    0.5985   -0.3713
    0.1279   -0.4089   -0.9036
   -0.6926   -0.6889    0.2137
...    28 G-C ...
  -50.7552  -44.5925   44.1997
   -0.4883    0.3514   -0.7988
    0.4820   -0.6544   -0.5826
   -0.7275   -0.6695    0.1501
...    29 G-C ...
  -53.4484  -46.5512   44.7387
   -0.0813    0.0231   -0.9964
    0.6587   -0.7490   -0.0711
   -0.7480   -0.6621    0.0457
...    30 C-G ...
  -56.1933  -48.3694   44.7067
    0.3320   -0.3316   -0.8831
    0.5922   -0.6555    0.4687
   -0.7342   -0.6785   -0.0213
...    31 C-G ...
  -58.7582  -50.4994   44.2010
    0.6715   -0.5479   -0.4989
    0.3060   -0.4082    0.8601
   -0.6749   -0.7302   -0.1064
...    32 G-C ...
  -60.7338  -53.1733   43.9856
    0.8134   -0.5785    0.0609
   -0.1433   -0.0979    0.9848
   -0.5637   -0.8098   -0.1625
...    33 G-C ...
  -62.2671  -56.0547   43.1346
    0.6574   -0.4702    0.5889
   -0.5808    0.1817    0.7935
   -0.4801   -0.8636   -0.1536
...    34 C-G ...
  -63.4200  -59.0858   42.4696
    0.2536   -0.2665    0.9299
   -0.8592    0.3795    0.3431
   -0.4444   -0.8860   -0.1327
...    35 C-G ...
  -64.6115  -62.2298   42.2232
   -0.2306    0.0333    0.9725
   -0.8752    0.4296   -0.2223
   -0.4252   -0.9024   -0.0699
...    36 C-G ...
  -65.8787  -65.3552   42.2805
   -0.6489    0.3097    0.6949
   -0.6170    0.3201   -0.7189
   -0.4451   -0.8953   -0.0166
...    37 G-C ...
  -67.6004  -68.1867   41.8593
   -0.8484    0.5015    0.1693
   -0.1484    0.0816   -0.9855
   -0.5081   -0.8613    0.0052
...    38 A-T ...
  -69.2197  -71.0357   41.9799
   -0.7623    0.4735   -0.4413
    0.3848   -0.2167   -0.8972
   -0.5204   -0.8537   -0.0170
...    39 C-G ...
  -71.2898  -73.5887   42.3592
   -0.4356    0.3204   -0.8412
    0.7274   -0.4252   -0.5386
   -0.5303   -0.8465   -0.0478
...    40 A-T ...
  -73.0064  -76.4347   42.1130
    0.1069    0.1382   -0.9846
    0.8387   -0.5444    0.0146
   -0.5340   -0.8274   -0.1740
...    41 C-G ...
  -75.2041  -78.7368   41.3198
    0.5484   -0.1115   -0.8288
    0.6628   -0.5463    0.5120
   -0.5099   -0.8301   -0.2257
...    42 G-C ...
  -76.6067  -81.6607   40.5560
    0.8891   -0.2496   -0.3836
    0.2483   -0.4412    0.8624
   -0.3845   -0.8620   -0.3303
...    43 A-T ...
  -77.7315  -84.4580   39.3259
    0.8930   -0.4040    0.1982
   -0.3153   -0.2474    0.9162
   -0.3211   -0.8807   -0.3483
...    44 C-G ...
  -78.3342  -87.2428   37.6731
    0.6164   -0.4400    0.6530
   -0.7383   -0.0346    0.6736
   -0.2738   -0.8973   -0.3462
...    45 T-A ...
  -78.8170  -90.2828   36.4755
    0.1537   -0.3479    0.9249
   -0.9639    0.1532    0.2178
   -0.2175   -0.9249   -0.3117
...    46 T-A ...
  -79.1895  -93.3454   35.4421
   -0.4315   -0.2290    0.8725
   -0.8802    0.3186   -0.3517
   -0.1975   -0.9198   -0.3391
...    47 A-T ...
  -80.1312  -96.2365   33.9835
   -0.8993   -0.0210    0.4369
   -0.4079    0.4007   -0.8204
   -0.1578   -0.9160   -0.3689
...    48 C-G ...
  -80.5822  -99.4799   33.3478
   -0.9791    0.1953   -0.0561
    0.1240    0.3556   -0.9264
   -0.1609   -0.9140   -0.3724
...    49 T-A ...
  -81.3292 -102.5588   32.3638
   -0.7612    0.3924   -0.5164
    0.6200    0.2068   -0.7569
   -0.1902   -0.8963   -0.4007
...    50 G-C ...
  -81.9388 -105.4538   30.8551
   -0.2676    0.5359   -0.8008
    0.9386   -0.0429   -0.3424
   -0.2178   -0.8432   -0.4915
...    51 T-A ...
  -83.2506 -108.0418   29.2968
    0.2581    0.4831   -0.8367
    0.9462   -0.3013    0.1180
   -0.1951   -0.8221   -0.5348
...    52 A-T ...
  -84.0998 -110.5013   27.2129
    0.7372    0.3910   -0.5511
    0.6694   -0.5334    0.5171
   -0.0918   -0.7501   -0.6549
...    53 G-C ...
  -84.4433 -112.6891   24.7855
    0.9780    0.1488   -0.1458
    0.2082   -0.6730    0.7097
    0.0075   -0.7245   -0.6892
...    54 G-C ...
  -84.0922 -114.7824   22.1723
    0.9360   -0.1389    0.3234
   -0.3255   -0.6914    0.6450
    0.1340   -0.7090   -0.6924
...    55 T-A ...
  -83.2122 -116.6725   19.6416
    0.6339   -0.4406    0.6356
   -0.7514   -0.5456    0.3712
    0.1832   -0.7129   -0.6769
...    56 A-T ...
  -82.5760 -119.1419   17.5118
    0.0714   -0.6445    0.7612
   -0.9702   -0.2219   -0.0969
    0.2314   -0.7317   -0.6412
...    57 T-A ...
  -81.1419 -121.4565   15.6397
   -0.4238   -0.6824    0.5955
   -0.8715    0.1283   -0.4732
    0.2465   -0.7196   -0.6491
...    58 C-G ...
  -80.2866 -123.9181   13.6430
   -0.8541   -0.4804    0.1992
   -0.4523    0.4970   -0.7406
    0.2568   -0.7226   -0.6418
...    59 T-A ...
  -79.4598 -126.5368   11.7813
   -0.9699   -0.1308   -0.2053
    0.0653    0.6727   -0.7370
    0.2345   -0.7282   -0.6440
...    60 C-G ...
  -78.6961 -129.0039    9.7523
   -0.7510    0.2992   -0.5887
    0.6174    0.6345   -0.4651
    0.2344   -0.7127   -0.6612
...    61 G-C ...
  -77.5697 -131.1551    7.4767
   -0.3208    0.6787   -0.6607
    0.9218    0.3839   -0.0532
    0.2175   -0.6261   -0.7488
...    62 A-T ...
  -76.9497 -133.2434    5.0649
    0.2425    0.8162   -0.5244
    0.9386   -0.0607    0.3395
    0.2453   -0.5746   -0.7808
...    63 G-C ...
  -76.3777 -134.9254    2.3044
    0.6486    0.7352   -0.1969
    0.6922   -0.4623    0.5542
    0.3164   -0.4958   -0.8088
...    64 C-G ...
  -75.5074 -136.1155   -0.6166
    0.8846    0.4263    0.1889
    0.2610   -0.7884    0.5571
    0.3864   -0.4435   -0.8087
...    65 T-A ...
  -74.0766 -137.1463   -3.3826
    0.8541    0.0158    0.5199
   -0.1936   -0.9181    0.3459
    0.4828   -0.3961   -0.7811
...    66 C-G ...
  -72.2526 -138.3305   -5.7948
    0.5695   -0.4881    0.6613
   -0.6185   -0.7844   -0.0463
    0.5413   -0.3827   -0.7487
...    67 G-C ...
  -70.5030 -140.0335   -8.0592
    0.0882   -0.8018    0.5911
   -0.7770   -0.4267   -0.4628
    0.6233   -0.4184   -0.6606
...    68 G-C ...
  -68.1509 -141.5795   -9.9223
   -0.3753   -0.8845    0.2772
   -0.6703    0.0524   -0.7403
    0.6403   -0.4636   -0.6125
...    69 G-C ...
  -65.8916 -143.3287  -11.7181
   -0.7040   -0.6941   -0.1503
   -0.3407    0.5157   -0.7861
    0.6232   -0.5022   -0.5995
...    70 A-T ...
  -63.7602 -145.0122  -13.5737
   -0.7651   -0.2561   -0.5908
    0.1338    0.8342   -0.5350
    0.6299   -0.4884   -0.6040
...    71 T-A ...
  -61.9148 -147.1843  -15.2584
   -0.5791    0.1947   -0.7917
    0.4912    0.8583   -0.1482
    0.6507   -0.4747   -0.5927
...    72 T-A ...
  -59.9458 -148.9453  -17.1455
   -0.2023    0.6469   -0.7353
    0.7139    0.6113    0.3414
    0.6704   -0.4558   -0.5855
...    73 C-G ...
  -57.8185 -150.4809  -19.0897
    0.1975    0.9100   -0.3645
    0.6914    0.1342    0.7099
    0.6949   -0.3922   -0.6027
...    74 A-T ...
  -55.4661 -151.6656  -21.1522
    0.4161    0.8926    0.1737
    0.5000   -0.3841    0.7762
    0.7595   -0.2361   -0.6061
...    75 T-A ...
  -53.2627 -151.9530  -23.5282
    0.5683    0.6034    0.5594
    0.2447   -0.7730    0.5853
    0.7856   -0.1958   -0.5870
...    76 G-C ...
  -50.4038 -152.3746  -25.2097
    0.4834    0.1170    0.8676
   -0.0447   -0.9864    0.1579
    0.8743   -0.1151   -0.4716
...    77 T-A ...
  -47.4265 -152.1025  -26.5573
    0.3543   -0.4000    0.8453
   -0.2537   -0.9111   -0.3248
    0.9001   -0.0993   -0.4243
...    78 T-A ...
  -44.4019 -152.1637  -27.7335
    0.1643   -0.8465    0.5065
   -0.3877   -0.5275   -0.7559
    0.9070   -0.0722   -0.4149
...    79 A-T ...
  -41.5337 -152.4754  -29.4653
   -0.0686   -0.9924   -0.1019
   -0.3948    0.1208   -0.9108
    0.9162   -0.0223   -0.4001
...    80 T-A ...
  -38.2928 -152.7606  -30.1364
   -0.2261   -0.7908   -0.5688
   -0.3102    0.6119   -0.7275
    0.9234    0.0119   -0.3836
...    81 A-T ...
  -35.2878 -152.1408  -31.5662
   -0.3104   -0.2112   -0.9268
   -0.1314    0.9752   -0.1782
    0.9415    0.0665   -0.3304
...    82 A-T ...
  -32.2070 -152.2035  -32.6094
   -0.3088    0.3851   -0.8697
    0.0375    0.9186    0.3934
    0.9504    0.0889   -0.2981
...    83 C-G ...
  -29.2012 -152.3638  -33.9467
   -0.2849    0.7991   -0.5294
    0.1770    0.5867    0.7902
    0.9421    0.1314   -0.3086
...    84 G-C ...
  -26.0072 -151.7579  -34.6897
   -0.3039    0.9523    0.0271
    0.2961    0.0674    0.9528
    0.9055    0.2976   -0.3025
...    85 G-C ...
  -23.1807 -150.5133  -36.0156
   -0.2276    0.8004    0.5546
    0.4326   -0.4271    0.7940
    0.8724    0.4206   -0.2490
...    86 A-T ...
  -20.4449 -148.9511  -36.7818
   -0.0158    0.3846    0.9230
    0.5147   -0.7883    0.3372
    0.8572    0.4804   -0.1855
...    87 C-G ...
  -18.0366 -146.7930  -37.3081
    0.2005   -0.0936    0.9752
    0.4857   -0.8550   -0.1819
    0.8508    0.5101   -0.1260
...    88 C-G ...
  -15.2677 -144.8681  -37.1848
    0.3574   -0.5759    0.7352
    0.3653   -0.6383   -0.6776
    0.8595    0.5108   -0.0178
...    89 G-C ...
  -12.1848 -143.5829  -37.2794
    0.4385   -0.8685    0.2311
    0.1780   -0.1681   -0.9696
    0.8809    0.4663    0.0809
...    90 C-G ...
   -9.2437 -142.1811  -36.5850
    0.4547   -0.8222   -0.3424
   -0.0703    0.3501   -0.9341
    0.8879    0.4488    0.1014
...    91 T-A ...
   -6.2149 -140.9332  -36.0081
    0.3357   -0.5122   -0.7906
   -0.2925    0.7411   -0.6043
    0.8954    0.4341    0.0990
...    92 T-A ...
   -3.2233 -139.7526  -35.4553
    0.1460    0.0351   -0.9887
   -0.4577    0.8884   -0.0360
    0.8770    0.4578    0.1458
...    93 T-A ...
   -0.2550 -138.5170  -34.9567
   -0.1285    0.5476   -0.8268
   -0.4843    0.6929    0.5341
    0.8654    0.4691    0.1762
...    94 A-T ...
    2.5617 -136.8612  -34.3092
   -0.4560    0.8080   -0.3730
   -0.3267    0.2378    0.9147
    0.8278    0.5390    0.1556
...    95 A-T ...
    5.2312 -135.0646  -34.0310
   -0.5975    0.7788    0.1910
   -0.0212   -0.2534    0.9671
    0.8016    0.5738    0.1679
...    96 C-G ...
    7.6504 -132.8686  -34.0134
   -0.5773    0.5002    0.6454
    0.2990   -0.6060    0.7371
    0.7598    0.6185    0.2003
...    97 A-T ...
   10.0357 -130.6678  -33.1846
   -0.4326   -0.0062    0.9016
    0.6072   -0.7412    0.2863
    0.6665    0.6713    0.3244
...    98 C-G ...
   11.6593 -128.0397  -32.0549
   -0.0906   -0.4194    0.9033
    0.7673   -0.6076   -0.2051
    0.6348    0.6745    0.3768
...    99 T-A ...
   13.4315 -125.7301  -30.4836
    0.2873   -0.7151    0.6372
    0.7386   -0.2582   -0.6228
    0.6099    0.6495    0.4540
...   100 T-A ...
   15.1761 -123.5902  -28.7625
    0.6760   -0.7152    0.1777
    0.4484    0.2078   -0.8694
    0.5848    0.6673    0.4611
...   101 T-A ...
   16.9224 -121.5121  -26.9548
    0.8383   -0.4296   -0.3358
   -0.0269    0.5825   -0.8124
    0.5446    0.6900    0.4767
...   102 A-T ...
   18.4542 -118.7799  -25.6446
    0.6551    0.0943   -0.7496
   -0.5764    0.7038   -0.4152
    0.4884    0.7041    0.5154
...   103 T-A ...
   20.5091 -116.9550  -23.7964
    0.2768    0.4556   -0.8460
   -0.8380    0.5453    0.0194
    0.4702    0.7036    0.5328
...   104 G-C ...
   21.8452 -114.4632  -22.0497
   -0.2910    0.6180   -0.7303
   -0.8487    0.1856    0.4952
    0.4416    0.7639    0.4705
...   105 C-G ...
   23.6047 -111.9718  -20.7784
   -0.7284    0.5728   -0.3759
   -0.5620   -0.1857    0.8060
    0.3919    0.7984    0.4572
...   106 T-A ...
   24.8529 -109.1564  -19.5926
   -0.9458    0.3206    0.0509
   -0.1030   -0.4451    0.8895
    0.3078    0.8361    0.4541
...   107 T-A ...
   25.7428 -106.3265  -18.3169
   -0.8593   -0.0180    0.5112
    0.4382   -0.5414    0.7175
    0.2638    0.8406    0.4731
...   108 C-G ...
   26.3722 -103.5546  -16.7325
   -0.4701   -0.3780    0.7976
    0.8579   -0.4081    0.3122
    0.2074    0.8310    0.5161
...   109 C-G ...
   26.5796 -100.8031  -14.7868
    0.0400   -0.6162    0.7865
    0.9865   -0.1009   -0.1292
    0.1589    0.7811    0.6039
...   110 G-C ...
   27.4427  -98.4222  -12.6013
    0.5614   -0.6459    0.5174
    0.8128    0.3130   -0.4913
    0.1554    0.6963    0.7007
...   111 G-C ...
   27.8892  -96.3985   -9.9267
    0.9025   -0.4131    0.1216
    0.3844    0.6455   -0.6600
    0.1942    0.6424    0.7413
...   112 C-G ...
   28.5615  -94.6133   -7.1975
    0.9606   -0.0012   -0.2781
   -0.1736    0.7786   -0.6030
    0.2173    0.6275    0.7477
...   113 T-A ...
   29.4936  -92.7717   -4.5907
    0.7115    0.3995   -0.5781
   -0.6583    0.6668   -0.3494
    0.2459    0.6292    0.7373
...   114 C-G ...
   30.3776  -90.7565   -2.1413
    0.1759    0.7116   -0.6802
   -0.9548    0.2916    0.0580
    0.2396    0.6393    0.7307
...   115 G-C ...
   30.7217  -88.5897    0.3923
   -0.4133    0.6837   -0.6014
   -0.8901   -0.1640    0.4252
    0.1921    0.7111    0.6764
...   116 T-A ...
   31.7704  -86.0369    2.2201
   -0.8230    0.4705   -0.3182
   -0.5465   -0.5034    0.6693
    0.1548    0.7247    0.6714
...   117 A-T ...
   32.1499  -83.5347    4.3832
   -0.9988    0.0226    0.0431
    0.0168   -0.6694    0.7427
    0.0456    0.7425    0.6682
...   118 T-A ...
   32.0616  -80.7227    6.0596
   -0.8590   -0.3340    0.3879
    0.5115   -0.5896    0.6251
    0.0200    0.7354    0.6773
...   119 A-T ...
   31.7596  -78.2846    8.3142
   -0.4344   -0.6983    0.5689
    0.8971   -0.2794    0.3422
   -0.0800    0.6590    0.7479
...   120 A-T ...
   31.2072  -76.2011   10.7289
    0.1431   -0.7516    0.6439
    0.9851    0.1709   -0.0195
   -0.0954    0.6371    0.7648
...   121 T-A ...
   30.2643  -74.4199   13.3256
    0.6190   -0.5703    0.5400
    0.7791    0.5330   -0.3301
   -0.0996    0.6250    0.7742
...   122 G-C ...
   30.2318  -72.3591   15.9377
    0.9580   -0.2159    0.1885
    0.2848    0.7918   -0.5403
   -0.0326    0.5713    0.8201
...   123 T-A ...
   30.1371  -71.0241   18.9818
    0.9651    0.2251   -0.1340
   -0.2614    0.7941   -0.5487
   -0.0171    0.5645    0.8252
...   124 G-C ...
   30.0783  -68.8924   21.5288
    0.6331    0.6100   -0.4765
   -0.7730    0.5308   -0.3475
    0.0410    0.5883    0.8076
...   125 T-A ...
   30.7824  -67.1758   24.2997
    0.1295    0.7924   -0.5961
   -0.9908    0.1266   -0.0469
    0.0383    0.5967    0.8015
...   126 C-G ...
   31.0038  -65.1971   26.9161
   -0.4834    0.7020   -0.5231
   -0.8751   -0.3717    0.3099
    0.0231    0.6075    0.7940
...   127 G-C ...
   30.7484  -63.3817   29.7160
   -0.8860    0.3058   -0.3486
   -0.4573   -0.7007    0.5476
   -0.0768    0.6446    0.7606
...   128 A-T ...
   30.5286  -61.2064   32.1449
   -0.9818   -0.1897   -0.0037
    0.1426   -0.7510    0.6447
   -0.1251    0.6324    0.7644
...   129 C-G ...
   29.8080  -58.7604   34.2266
   -0.7609   -0.5799    0.2909
    0.6268   -0.5414    0.5604
   -0.1675    0.6088    0.7755
...   130 C-G ...
   28.8245  -56.6897   36.7065
   -0.2907   -0.8425    0.4535
    0.9296   -0.1364    0.3424
   -0.2266    0.5211    0.8229
...   131 A-T ...
   28.0468  -55.1015   39.5421
    0.2980   -0.8389    0.4554
    0.9246    0.3724    0.0809
   -0.2374    0.3970    0.8866
...   132 A-T ...
   27.0841  -54.0403   42.4466
    0.7694   -0.4925    0.4068
    0.5938    0.7861   -0.1714
   -0.2354    0.3734    0.8973
...   133 A-T ...
   26.2541  -53.1176   45.4446
    0.9701    0.0391    0.2397
    0.0507    0.9326   -0.3574
   -0.2375    0.3589    0.9027
...   134 T-A ...
   25.6209  -52.5913   48.6400
    0.8597    0.5097    0.0340
   -0.4497    0.7866   -0.4231
   -0.2424    0.3485    0.9054
...   135 G-C ...
   25.2758  -52.5095   52.0791
    0.3204    0.9427   -0.0928
   -0.8825    0.2614   -0.3910
   -0.3443    0.2071    0.9157
...   136 T-A ...
   25.5258  -52.9786   55.8049
   -0.2439    0.9563   -0.1610
   -0.8908   -0.2866   -0.3525
   -0.3833    0.0575    0.9218
...   137 G-C ...
   24.8934  -52.7377   58.9865
   -0.7529    0.5562   -0.3519
   -0.5215   -0.8303   -0.1966
   -0.4015    0.0355    0.9152
...   138 A-T ...
   24.0143  -51.6373   61.9242
   -0.9563    0.0401   -0.2896
   -0.0524   -0.9980    0.0347
   -0.2876    0.0484    0.9565
...   139 G-C ...
   22.3467  -51.2411   64.4940
   -0.8529   -0.5118   -0.1033
    0.4974   -0.8566    0.1373
   -0.1587    0.0657    0.9851
...   140 C-G ...
   22.1503  -50.1498   67.4638
   -0.4681   -0.8748    0.1248
    0.8495   -0.4066    0.3362
   -0.2434    0.2634    0.9335
...   141 G-C ...
   21.4257  -51.8266   72.7876
    0.1303   -0.7143   -0.6876
    0.8897   -0.2218    0.3990
   -0.4375   -0.6638    0.6066
...   142 C-G ...
   20.4246  -54.3094   74.5418
    0.5846   -0.7390   -0.3348
    0.7594    0.3532    0.5465
   -0.2856   -0.5737    0.7676
...   143 T-A ...
   18.4272  -55.5289   76.5298
    0.8548   -0.5005    0.1370
    0.3188    0.7148    0.6224
   -0.4095   -0.4884    0.7706
...   144 C-G ...
   16.8372  -57.7222   78.2674
    0.8529   -0.0846    0.5151
   -0.1508    0.9048    0.3983
   -0.4998   -0.4174    0.7589
...   145 A-T ...
   15.7830  -59.5615   80.7981
    0.5516    0.4995    0.6680
   -0.6739    0.7388    0.0039
   -0.4916   -0.4523    0.7441
...   146 C-G ...
   15.7315  -61.4940   83.9316
    0.0344    0.7399    0.6718
   -0.8637    0.3602   -0.3526
   -0.5029   -0.5681    0.6514
...   147 A-T ...
   14.7384  -63.4279   86.8192
   -0.5924    0.6746    0.4405
   -0.6886   -0.1401   -0.7114
   -0.4182   -0.7248    0.5475
