  147 base-pairs
...     1 T-A ...
    0.0000    0.0000    0.0000
    1.0000    0.0000    0.0000
    0.0000    1.0000    0.0000
    0.0000    0.0000    1.0000
...     2 G-C ...
   -0.5555   -1.1003    3.3981
    0.7749    0.6051    0.1828
   -0.5991    0.7953   -0.0929
   -0.2016   -0.0375    0.9787
...     3 T-A ...
   -0.6619   -3.0237    6.5348
    0.3046    0.9250    0.2271
   -0.8994    0.3578   -0.2510
   -0.3134   -0.1278    0.9410
...     4 G-C ...
   -1.1607   -3.8418    9.6940
   -0.3351    0.9421    0.0133
   -0.8752   -0.3061   -0.3746
   -0.3489   -0.1372    0.9271
...     5 A-T ...
   -1.3881   -3.6770   12.8999
   -0.7835    0.6162   -0.0801
   -0.5677   -0.7622   -0.3109
   -0.2527   -0.1981    0.9470
...     6 G-C ...
   -2.6236   -3.5448   15.7072
   -0.9923    0.0611   -0.1075
   -0.0294   -0.9610   -0.2748
   -0.1201   -0.2695    0.9555
...     7 C-G ...
   -2.3138   -3.7570   18.8866
   -0.8620   -0.4995   -0.0864
    0.5008   -0.8655    0.0073
   -0.0785   -0.0370    0.9962
...     8 G-C ...
   -3.9561   -6.8109   23.3205
   -0.2581   -0.3560   -0.8981
    0.6294   -0.7673    0.1233
   -0.7330   -0.5335    0.4221
...     9 C-G ...
   -6.1177   -8.9414   24.2385
    0.1143   -0.7320   -0.6716
    0.8123   -0.3203    0.4874
   -0.5720   -0.6013    0.5580
...    10 T-A ...
   -8.5041   -9.6771   26.0540
    0.4660   -0.8587   -0.2131
    0.6274    0.1508    0.7640
   -0.6239   -0.4897    0.6090
...    11 C-G ...
  -11.0625  -11.3174   27.2336
    0.6660   -0.6911    0.2808
    0.3382    0.6152    0.7121
   -0.6649   -0.3794    0.6435
...    12 A-T ...
  -13.0013  -13.1789   29.0658
    0.7188   -0.1490    0.6790
   -0.1787    0.9043    0.3876
   -0.6718   -0.4000    0.6235
...    13 C-G ...
  -14.1788  -15.9359   31.3399
    0.4052    0.2865    0.8682
   -0.5270    0.8492   -0.0343
   -0.7470   -0.4437    0.4951
...    14 A-T ...
  -15.9532  -18.1566   33.3080
   -0.1503    0.6873    0.7107
   -0.6106    0.5008   -0.6135
   -0.7776   -0.5261    0.3444
...    15 A-T ...
  -18.3932  -19.9478   34.4590
   -0.4552    0.8612    0.2262
   -0.4012    0.0284   -0.9155
   -0.7948   -0.5075    0.3326
...    16 T-A ...
  -20.7883  -21.5238   36.2658
   -0.6269    0.7240   -0.2878
   -0.0806   -0.4277   -0.9003
   -0.7749   -0.5412    0.3265
...    17 T-A ...
  -23.3329  -23.0761   37.6644
   -0.5772    0.3210   -0.7509
    0.3124   -0.7628   -0.5662
   -0.7545   -0.5614    0.3400
...    18 T-A ...
  -25.8845  -24.7102   38.7813
   -0.2752   -0.1273   -0.9529
    0.5726   -0.8179   -0.0561
   -0.7723   -0.5610    0.2980
...    19 A-T ...
  -28.4277  -26.6641   39.5620
    0.1601   -0.4823   -0.8613
    0.6092   -0.6383    0.4706
   -0.7767   -0.6000    0.1916
...    20 T-A ...
  -31.3478  -28.2238   39.7159
    0.4482   -0.7387   -0.5034
    0.4422   -0.3062    0.8430
   -0.7769   -0.6005    0.1894
...    21 T-A ...
  -33.9780  -30.1494   40.0207
    0.6213   -0.7816    0.0565
    0.1008    0.1513    0.9833
   -0.7771   -0.6052    0.1728
...    22 C-G ...
  -36.4722  -32.2136   40.5410
    0.5893   -0.5319    0.6082
   -0.2920    0.5617    0.7741
   -0.7533   -0.6337    0.1757
...    23 G-C ...
  -39.0294  -34.0514   41.7360
    0.4248   -0.0467    0.9041
   -0.6088    0.7244    0.3235
   -0.6700   -0.6878    0.2793
...    24 C-G ...
  -40.9376  -36.5631   42.6052
    0.0810    0.3756    0.9232
   -0.7411    0.6421   -0.1962
   -0.6665   -0.6684    0.3303
...    25 A-T ...
  -43.4850  -38.5078   43.4457
   -0.3250    0.7094    0.6254
   -0.6551    0.3081   -0.6899
   -0.6821   -0.6339    0.3646
...    26 A-T ...
  -45.6319  -40.5618   44.8487
   -0.6443    0.7539    0.1284
   -0.3541   -0.1454   -0.9238
   -0.6778   -0.6407    0.3606
...    27 A-T ...
  -47.7140  -42.5614   46.3651
   -0.7448    0.5187   -0.4197
    0.0968   -0.5384   -0.8371
   -0.6602   -0.6641    0.3508
...    28 G-C ...
  -50.1498  -44.3999   47.8056
   -0.5402    0.1957   -0.8185
    0.4637   -0.7425   -0.4835
   -0.7023   -0.6407    0.3104
...    29 G-C ...
  -52.8647  -46.2850   48.8085
   -0.1250   -0.1874   -0.9743
    0.6786   -0.7326    0.0538
   -0.7238   -0.6544    0.2187
...    30 C-G ...
  -55.5421  -48.1197   49.2626
    0.3108   -0.5045   -0.8055
    0.6263   -0.5288    0.5728
   -0.7149   -0.6826    0.1516
...    31 C-G ...
  -58.1345  -50.2135   49.5633
    0.6641   -0.6445   -0.3789
    0.3425   -0.1882    0.9205
   -0.6646   -0.7411    0.0958
...    32 G-C ...
  -59.9333  -52.6456   50.0163
    0.8198   -0.5601    0.1192
   -0.0648    0.1160    0.9911
   -0.5689   -0.8203    0.0588
...    33 G-C ...
  -61.3195  -55.7072   50.0812
    0.6870   -0.3548    0.6342
   -0.5294    0.3536    0.7712
   -0.4979   -0.8655    0.0551
...    34 C-G ...
  -62.5339  -58.7438   50.1834
    0.3030   -0.0699    0.9504
   -0.8348    0.4616    0.3001
   -0.4597   -0.8843    0.0815
...    35 C-G ...
  -63.7368  -61.8684   50.8059
   -0.2029    0.2234    0.9534
   -0.8798    0.3858   -0.2777
   -0.4298   -0.8951    0.1182
...    36 C-G ...
  -65.0345  -64.8856   51.4942
   -0.6413    0.4265    0.6378
   -0.6393    0.1627   -0.7516
   -0.4243   -0.8897    0.1684
...    37 G-C ...
  -66.7714  -67.8509   51.0761
   -0.8649    0.4929    0.0952
   -0.1618   -0.0942   -0.9823
   -0.4752   -0.8650    0.1613
...    38 A-T ...
  -68.1227  -70.6448   51.6256
   -0.7950    0.3524   -0.4937
    0.3854   -0.3349   -0.8598
   -0.4684   -0.8738    0.1304
...    39 C-G ...
  -70.0397  -73.1537   52.2313
   -0.4612    0.1752   -0.8698
    0.7385   -0.4675   -0.4858
   -0.4918   -0.8664    0.0862
...    40 A-T ...
  -71.8110  -75.9650   52.4269
    0.0798   -0.0220   -0.9966
    0.8664   -0.4929    0.0803
   -0.4930   -0.8698   -0.0203
...    41 C-G ...
  -73.7247  -78.5618   51.9103
    0.5381   -0.2002   -0.8188
    0.7052   -0.4253    0.5674
   -0.4618   -0.8827   -0.0876
...    42 G-C ...
  -74.8843  -81.6850   51.8677
    0.8868   -0.3103   -0.3425
    0.2604   -0.2768    0.9250
   -0.3819   -0.9094   -0.1647
...    43 A-T ...
  -76.1284  -84.5359   51.2884
    0.8789   -0.4007    0.2588
   -0.3010   -0.0451    0.9525
   -0.3701   -0.9151   -0.1603
...    44 C-G ...
  -76.9882  -87.5036   50.1302
    0.6127   -0.3124    0.7260
   -0.7270    0.1375    0.6727
   -0.3100   -0.9399   -0.1429
...    45 T-A ...
  -77.3564  -91.0389   49.4315
    0.1095   -0.1609    0.9809
   -0.9528    0.2642    0.1497
   -0.2832   -0.9510   -0.1243
...    46 T-A ...
  -77.8392  -94.2193   48.9209
   -0.3911   -0.0303    0.9199
   -0.8793    0.3076   -0.3637
   -0.2720   -0.9510   -0.1470
...    47 A-T ...
  -78.9852  -97.3041   48.2186
   -0.8608    0.1546    0.4850
   -0.4385    0.2586   -0.8607
   -0.2585   -0.9535   -0.1548
...    48 C-G ...
  -79.7524 -100.5704   48.3796
   -0.9623    0.2683   -0.0452
    0.0848    0.1379   -0.9868
   -0.2585   -0.9534   -0.1555
...    49 T-A ...
  -80.8911 -103.7457   48.2422
   -0.7502    0.3677   -0.5495
    0.5795   -0.0347   -0.8143
   -0.3184   -0.9293   -0.1870
...    50 G-C ...
  -82.0785 -106.7713   47.3917
   -0.2617    0.3978   -0.8793
    0.9024   -0.2224   -0.3692
   -0.3424   -0.8901   -0.3008
...    51 T-A ...
  -83.6248 -109.4430   46.5484
    0.2534    0.2858   -0.9242
    0.9111   -0.3915    0.1288
   -0.3250   -0.8747   -0.3596
...    52 C-G ...
  -84.6047 -112.1698   45.2538
    0.7279    0.1052   -0.6775
    0.6255   -0.5067    0.5933
   -0.2809   -0.8557   -0.4347
...    53 A-T ...
  -85.8569 -114.7556   43.3654
    0.9754   -0.0442   -0.2160
    0.1537   -0.5659    0.8100
   -0.1580   -0.8233   -0.5452
...    54 T-A ...
  -86.2129 -117.1280   41.2064
    0.9378   -0.2526    0.2381
   -0.3367   -0.4951    0.8010
   -0.0845   -0.8313   -0.5493
...    55 G-C ...
  -86.1171 -119.9371   39.2343
    0.5861   -0.3963    0.7067
   -0.8099   -0.3129    0.4962
    0.0245   -0.8631   -0.5044
...    56 T-A ...
  -85.3866 -122.6542   37.4088
    0.0743   -0.4952    0.8656
   -0.9960   -0.0806    0.0394
    0.0502   -0.8650   -0.4992
...    57 T-A ...
  -84.9822 -125.4248   35.8533
   -0.4886   -0.4854    0.7250
   -0.8681    0.1871   -0.4598
    0.0876   -0.8541   -0.5127
...    58 A-T ...
  -84.8873 -128.2005   33.8574
   -0.9228   -0.2956    0.2473
   -0.3654    0.4673   -0.8051
    0.1224   -0.8333   -0.5392
...    59 T-A ...
  -84.3674 -131.2082   32.7268
   -0.9772   -0.0575   -0.2042
    0.1362    0.5680   -0.8117
    0.1627   -0.8210   -0.5472
...    60 A-T ...
  -83.6573 -133.8533   30.7303
   -0.6902    0.3005   -0.6582
    0.7017    0.4999   -0.5076
    0.1765   -0.8123   -0.5559
...    61 A-T ...
  -83.2317 -136.4903   29.0063
   -0.2087    0.5435   -0.8131
    0.9570    0.2846   -0.0554
    0.2013   -0.7897   -0.5795
...    62 C-G ...
  -83.2565 -139.1841   26.9614
    0.3173    0.6481   -0.6923
    0.9199   -0.0331    0.3907
    0.2303   -0.7608   -0.6067
...    63 G-C ...
  -81.9664 -141.3866   24.9685
    0.6536    0.7103   -0.2614
    0.6572   -0.3612    0.6615
    0.3755   -0.6042   -0.7029
...    64 G-C ...
  -80.3742 -142.7805   22.4629
    0.8337    0.5119    0.2071
    0.2763   -0.7115    0.6461
    0.4780   -0.4814   -0.7346
...    65 A-T ...
  -78.7553 -144.1151   19.9480
    0.8164    0.0386    0.5762
   -0.2321   -0.8917    0.3886
    0.5288   -0.4510   -0.7190
...    66 T-A ...
  -76.7356 -144.9095   17.5041
    0.5921   -0.3931    0.7035
   -0.5869   -0.8086    0.0421
    0.5523   -0.4378   -0.7094
...    67 A-T ...
  -74.9953 -146.4131   15.0435
    0.1163   -0.8147    0.5681
   -0.8030   -0.4138   -0.4290
    0.5846   -0.4063   -0.7023
...    68 G-C ...
  -72.8064 -147.6751   13.0410
   -0.3103   -0.8991    0.3088
   -0.7379    0.0230   -0.6746
    0.5994   -0.4372   -0.6705
...    69 G-C ...
  -70.1230 -149.5173   11.3651
   -0.6690   -0.7395   -0.0749
   -0.4551    0.4872   -0.7453
    0.5877   -0.4645   -0.6625
...    70 T-A ...
  -68.1374 -151.3707    9.5004
   -0.7959   -0.3916   -0.4617
   -0.0532    0.8049   -0.5911
    0.6031   -0.4459   -0.6614
...    71 A-T ...
  -66.1863 -153.2667    7.4616
   -0.7002    0.1604   -0.6957
    0.4095    0.8884   -0.2073
    0.5849   -0.4300   -0.6877
...    72 T-A ...
  -64.7050 -155.2193    5.2740
   -0.4092    0.5779   -0.7061
    0.6876    0.7040    0.1778
    0.5998   -0.4127   -0.6855
...    73 C-G ...
  -62.9652 -156.6615    2.7354
    0.0627    0.9005   -0.4303
    0.7886    0.2196    0.5744
    0.6117   -0.3753   -0.6964
...    74 T-A ...
  -61.1262 -157.6644    0.1963
    0.3791    0.9253   -0.0102
    0.6624   -0.2636    0.7012
    0.6461   -0.2726   -0.7129
...    75 C-G ...
  -58.8901 -158.2284   -2.1247
    0.6147    0.6599    0.4320
    0.3999   -0.7329    0.5504
    0.6798   -0.1656   -0.7144
...    76 G-C ...
  -56.2726 -158.7246   -4.0512
    0.5347    0.2710    0.8004
    0.1563   -0.9625    0.2215
    0.8304    0.0067   -0.5571
...    77 A-T ...
  -53.3513 -158.4544   -5.7329
    0.4943   -0.3152    0.8102
   -0.1230   -0.9479   -0.2937
    0.8606    0.0456   -0.5073
...    78 G-C ...
  -50.3616 -158.0755   -7.1264
    0.3343   -0.7567    0.5618
   -0.3162   -0.6516   -0.6896
    0.8878    0.0529   -0.4571
...    79 C-G ...
  -47.1265 -157.8183   -8.2443
    0.0791   -0.9952    0.0571
   -0.4263   -0.0855   -0.9005
    0.9011    0.0469   -0.4310
...    80 T-A ...
  -44.0952 -157.6737   -9.5041
   -0.1346   -0.8866   -0.4425
   -0.3883    0.4580   -0.7996
    0.9116    0.0642   -0.4060
...    81 C-G ...
  -41.0993 -157.3527  -10.9213
   -0.3337   -0.4369   -0.8354
   -0.2464    0.8957   -0.3700
    0.9099    0.0824   -0.4065
...    82 G-C ...
  -38.2729 -156.1494  -12.3993
   -0.4599    0.1290   -0.8786
   -0.0351    0.9860    0.1632
    0.8873    0.1059   -0.4489
...    83 G-C ...
  -35.2470 -155.8652  -13.7383
   -0.4787    0.6320   -0.6095
    0.1613    0.7456    0.6466
    0.8631    0.2112   -0.4588
...    84 G-C ...
  -32.4459 -155.2994  -15.4866
   -0.4345    0.8927   -0.1196
    0.3914    0.3067    0.8676
    0.8112    0.3302   -0.4827
...    85 A-T ...
  -29.9213 -154.1665  -17.2399
   -0.1971    0.8813    0.4295
    0.5761   -0.2503    0.7781
    0.7932    0.4008   -0.4584
...    86 T-A ...
  -27.7741 -152.4903  -19.0752
    0.0769    0.6123    0.7869
    0.6102   -0.6530    0.4485
    0.7885    0.4457   -0.4239
...    87 C-G ...
  -25.3038 -150.7377  -20.3448
    0.3635    0.1032    0.9259
    0.4883   -0.8675   -0.0950
    0.7934    0.4866   -0.3657
...    88 C-G ...
  -22.7186 -148.9156  -21.2362
    0.4777   -0.4040    0.7801
    0.2746   -0.7748   -0.5694
    0.8345    0.4862   -0.2592
...    89 G-C ...
  -19.8178 -147.7029  -22.2086
    0.4627   -0.8088    0.3630
    0.0276   -0.3961   -0.9178
    0.8861    0.4346   -0.1609
...    90 C-G ...
  -16.6433 -146.2958  -22.2027
    0.3940   -0.8894   -0.2319
   -0.2193    0.1540   -0.9634
    0.8925    0.4305   -0.1344
...    91 T-A ...
  -13.3292 -145.2766  -22.3629
    0.2162   -0.6339   -0.7426
   -0.3611    0.6547   -0.6640
    0.9071    0.4117   -0.0873
...    92 T-A ...
  -10.2353 -144.2309  -22.4146
    0.0243   -0.0999   -0.9947
   -0.4385    0.8931   -0.1004
    0.8984    0.4387   -0.0221
...    93 T-A ...
   -7.1680 -143.0826  -22.4185
   -0.2044    0.4461   -0.8713
   -0.3979    0.7754    0.4903
    0.8944    0.4469    0.0190
...    94 A-T ...
   -4.3296 -141.3860  -21.9726
   -0.4471    0.7896   -0.4202
   -0.2177    0.3595    0.9074
    0.8676    0.4972    0.0111
...    95 A-T ...
   -1.6267 -139.7662  -22.1134
   -0.5531    0.8236    0.1258
    0.0469   -0.1200    0.9917
    0.8318    0.5544    0.0277
...    96 C-G ...
    0.9144 -137.6809  -22.6222
   -0.4988    0.6150    0.6107
    0.3214   -0.5232    0.7893
    0.8049    0.5900    0.0633
...    97 A-T ...
    3.4071 -135.4675  -22.3027
   -0.3514    0.1433    0.9252
    0.5798   -0.7426    0.3352
    0.7351    0.6542    0.1778
...    98 C-G ...
    5.3162 -132.8469  -21.4919
   -0.0349   -0.2903    0.9563
    0.7053   -0.6851   -0.1823
    0.7081    0.6681    0.2287
...    99 T-A ...
    7.3348 -130.1569  -20.1864
    0.3380   -0.6581    0.6728
    0.6315   -0.3714   -0.6806
    0.6978    0.6550    0.2900
...   100 T-A ...
    9.3806 -127.9491  -18.9033
    0.6821   -0.7136    0.1600
    0.3216    0.0962   -0.9420
    0.6568    0.6940    0.2951
...   101 T-A ...
   11.3791 -125.7231  -17.5642
    0.7826   -0.4814   -0.3947
   -0.1394    0.4825   -0.8647
    0.6067    0.7317    0.3105
...   102 A-T ...
   13.2101 -122.9303  -16.6881
    0.5365    0.0046   -0.8439
   -0.6406    0.6532   -0.4038
    0.5493    0.7572    0.3534
...   103 T-A ...
   15.5158 -120.9430  -15.4709
    0.1586    0.3032   -0.9396
   -0.8261    0.5620    0.0419
    0.5408    0.7696    0.3396
...   104 G-C ...
   17.4857 -118.4246  -14.5693
   -0.4261    0.5064   -0.7497
   -0.7375    0.2855    0.6121
    0.5239    0.8137    0.2518
...   105 C-G ...
   19.1711 -115.6774  -14.2493
   -0.7908    0.5183   -0.3257
   -0.4099   -0.0531    0.9106
    0.4547    0.8535    0.2545
...   106 T-A ...
   20.7161 -112.6412  -13.8270
   -0.9116    0.3474    0.2199
    0.1056   -0.3191    0.9418
    0.3974    0.8818    0.2542
...   107 T-A ...
   21.8122 -109.7192  -13.1693
   -0.7392    0.0431    0.6721
    0.5934   -0.4303    0.6802
    0.3185    0.9017    0.2925
...   108 C-G ...
   22.5098 -106.6883  -12.1329
   -0.3163   -0.2838    0.9052
    0.9128   -0.3508    0.2090
    0.2582    0.8924    0.3701
...   109 C-G ...
   23.0957 -103.7476  -10.7924
    0.1665   -0.5258    0.8341
    0.9547   -0.1256   -0.2697
    0.2466    0.8413    0.4811
...   110 G-C ...
   24.1503 -101.3855   -9.1471
    0.5983   -0.6000    0.5310
    0.7591    0.2125   -0.6152
    0.2563    0.7712    0.5827
...   111 G-C ...
   25.2139  -99.2368   -6.7563
    0.9050   -0.4175    0.0813
    0.3236    0.5519   -0.7686
    0.2760    0.7219    0.6346
...   112 C-G ...
   26.2913  -97.2950   -4.2319
    0.9270   -0.0602   -0.3702
   -0.2229    0.7052   -0.6730
    0.3016    0.7064    0.6403
...   113 T-A ...
   27.3437  -95.0940   -2.0101
    0.6658    0.3284   -0.6700
   -0.6800    0.6367   -0.3637
    0.3071    0.6977    0.6472
...   114 C-G ...
   28.2623  -92.7063    0.1282
    0.1262    0.6382   -0.7595
   -0.9449    0.3105    0.1039
    0.3021    0.7045    0.6422
...   115 G-C ...
   28.7347  -90.3492    2.4181
   -0.4702    0.6490   -0.5981
   -0.8472   -0.1420    0.5120
    0.2473    0.7474    0.6166
...   116 T-A ...
   29.7600  -87.5324    3.8528
   -0.8621    0.4306   -0.2671
   -0.4677   -0.4734    0.7464
    0.1949    0.7684    0.6095
...   117 A-T ...
   30.3566  -84.5281    5.4353
   -0.9920    0.0002    0.1262
    0.0994   -0.6152    0.7821
    0.0778    0.7884    0.6103
...   118 T-A ...
   30.3112  -81.6145    6.8473
   -0.8135   -0.3169    0.4876
    0.5778   -0.5358    0.6157
    0.0661    0.7826    0.6190
...   119 A-T ...
   30.4257  -79.1296    9.0183
   -0.3743   -0.6408    0.6703
    0.9271   -0.2447    0.2839
   -0.0179    0.7277    0.6857
...   120 A-T ...
   30.0191  -76.8364   11.2651
    0.2054   -0.7096    0.6740
    0.9780    0.1736   -0.1153
   -0.0352    0.6829    0.7297
...   121 T-A ...
   29.2831  -74.8737   13.8534
    0.6792   -0.5216    0.5163
    0.7325    0.5260   -0.4322
   -0.0461    0.6717    0.7394
...   122 G-C ...
   29.0990  -72.8117   16.5740
    0.9808   -0.1579    0.1141
    0.1944    0.7547   -0.6266
    0.0128    0.6368    0.7709
...   123 T-A ...
   29.2348  -71.1676   19.4146
    0.9458    0.2460   -0.2120
   -0.3245    0.7421   -0.5865
    0.0131    0.6235    0.7817
...   124 G-C ...
   29.3568  -69.1247   22.0457
    0.5749    0.6108   -0.5445
   -0.8160    0.4768   -0.3266
    0.0601    0.6321    0.7725
...   125 T-A ...
   30.0173  -67.3171   24.6467
    0.0645    0.7531   -0.6547
   -0.9959    0.0902    0.0055
    0.0632    0.6517    0.7559
...   126 C-G ...
   30.2750  -65.2203   27.0169
   -0.5331    0.6672   -0.5202
   -0.8433   -0.3698    0.3900
    0.0678    0.6466    0.7598
...   127 G-C ...
   29.9598  -63.3525   29.7141
   -0.8915    0.2848   -0.3523
   -0.4488   -0.6610    0.6013
   -0.0616    0.6942    0.7171
...   128 A-T ...
   29.9238  -61.1738   31.9898
   -0.9857   -0.1614    0.0493
    0.1522   -0.7240    0.6728
   -0.0728    0.6706    0.7382
...   129 C-G ...
   29.3582  -58.5266   33.8716
   -0.7550   -0.5519    0.3541
    0.6452   -0.5290    0.5512
   -0.1169    0.6446    0.7555
...   130 C-G ...
   28.2041  -56.4298   36.3202
   -0.3038   -0.8237    0.4787
    0.9320   -0.1527    0.3288
   -0.1977    0.5460    0.8141
...   131 A-T ...
   27.8828  -55.0177   39.3361
    0.2643   -0.8620    0.4326
    0.9437    0.3237    0.0685
   -0.1991    0.3901    0.8990
...   132 A-T ...
   27.1151  -53.9558   42.3370
    0.7532   -0.5400    0.3756
    0.6276    0.7609   -0.1645
   -0.1969    0.3597    0.9121
...   133 A-T ...
   26.2647  -53.1299   45.4056
    0.9693    0.0277    0.2442
    0.0637    0.9314   -0.3584
   -0.2374    0.3629    0.9011
...   134 T-A ...
   25.6208  -52.5914   48.6401
    0.8597    0.5097    0.0340
   -0.4497    0.7866   -0.4231
   -0.2424    0.3485    0.9054
...   135 G-C ...
   25.2757  -52.5096   52.0792
    0.3204    0.9427   -0.0928
   -0.8825    0.2614   -0.3910
   -0.3443    0.2071    0.9157
...   136 T-A ...
   25.5257  -52.9787   55.8050
   -0.2439    0.9563   -0.1610
   -0.8908   -0.2866   -0.3525
   -0.3833    0.0575    0.9218
...   137 G-C ...
   24.8932  -52.7378   58.9866
   -0.7529    0.5562   -0.3519
   -0.5215   -0.8303   -0.1966
   -0.4015    0.0355    0.9152
...   138 A-T ...
   24.0142  -51.6374   61.9243
   -0.9563    0.0401   -0.2896
   -0.0524   -0.9980    0.0347
   -0.2876    0.0484    0.9565
...   139 G-C ...
   22.3466  -51.2412   64.4940
   -0.8529   -0.5118   -0.1033
    0.4974   -0.8566    0.1373
   -0.1587    0.0657    0.9851
...   140 C-G ...
   22.1502  -50.1499   67.4639
   -0.4681   -0.8748    0.1248
    0.8495   -0.4066    0.3362
   -0.2434    0.2634    0.9335
...   141 G-C ...
   21.4256  -51.8267   72.7877
    0.1303   -0.7143   -0.6876
    0.8897   -0.2218    0.3990
   -0.4375   -0.6638    0.6066
...   142 C-G ...
   20.4245  -54.3095   74.5419
    0.5846   -0.7390   -0.3348
    0.7594    0.3531    0.5465
   -0.2856   -0.5738    0.7676
...   143 T-A ...
   18.4271  -55.5291   76.5299
    0.8548   -0.5005    0.1370
    0.3188    0.7148    0.6224
   -0.4095   -0.4884    0.7706
...   144 C-G ...
   16.8371  -57.7223   78.2674
    0.8529   -0.0846    0.5151
   -0.1508    0.9048    0.3983
   -0.4998   -0.4174    0.7589
...   145 A-T ...
   15.7828  -59.5616   80.7982
    0.5516    0.4995    0.6680
   -0.6739    0.7388    0.0039
   -0.4916   -0.4523    0.7441
...   146 C-G ...
   15.7314  -61.4941   83.9317
    0.0344    0.7399    0.6718
   -0.8637    0.3602   -0.3526
   -0.5029   -0.5681    0.6514
...   147 A-T ...
   14.7383  -63.4280   86.8193
   -0.5924    0.6746    0.4405
   -0.6886   -0.1401   -0.7114
   -0.4182   -0.7248    0.5475
