  147 base-pairs
...     1 T-A ...
    0.0000    0.0000    0.0000
    1.0000    0.0000    0.0000
    0.0000    1.0000    0.0000
    0.0000    0.0000    1.0000
...     2 G-C ...
   -0.5555   -1.1003    3.3981
    0.7749    0.6051    0.1828
   -0.5991    0.7953   -0.0929
   -0.2016   -0.0375    0.9787
...     3 T-A ...
   -0.6619   -3.0237    6.5348
    0.3046    0.9250    0.2271
   -0.8994    0.3578   -0.2510
   -0.3134   -0.1278    0.9410
...     4 G-C ...
   -1.1607   -3.8418    9.6940
   -0.3351    0.9421    0.0133
   -0.8752   -0.3061   -0.3746
   -0.3489   -0.1372    0.9271
...     5 A-T ...
   -1.3881   -3.6770   12.8999
   -0.7835    0.6162   -0.0801
   -0.5677   -0.7622   -0.3109
   -0.2527   -0.1981    0.9470
...     6 G-C ...
   -2.6236   -3.5448   15.7072
   -0.9923    0.0611   -0.1075
   -0.0294   -0.9610   -0.2748
   -0.1201   -0.2695    0.9555
...     7 C-G ...
   -2.3138   -3.7570   18.8866
   -0.8620   -0.4995   -0.0864
    0.5008   -0.8655    0.0073
   -0.0785   -0.0370    0.9962
...     8 G-C ...
   -3.9561   -6.8109   23.3205
   -0.2581   -0.3560   -0.8981
    0.6294   -0.7673    0.1233
   -0.7330   -0.5335    0.4221
...     9 C-G ...
   -6.1177   -8.9414   24.2385
    0.1143   -0.7320   -0.6716
    0.8123   -0.3203    0.4874
   -0.5720   -0.6013    0.5580
...    10 T-A ...
   -8.5041   -9.6771   26.0540
    0.4660   -0.8587   -0.2131
    0.6274    0.1508    0.7640
   -0.6239   -0.4897    0.6090
...    11 C-G ...
  -11.0625  -11.3174   27.2336
    0.6660   -0.6911    0.2808
    0.3382    0.6152    0.7121
   -0.6649   -0.3794    0.6435
...    12 A-T ...
  -13.0013  -13.1789   29.0658
    0.7188   -0.1490    0.6790
   -0.1787    0.9043    0.3876
   -0.6718   -0.4000    0.6235
...    13 C-G ...
  -14.1788  -15.9359   31.3399
    0.4052    0.2865    0.8682
   -0.5270    0.8492   -0.0343
   -0.7470   -0.4437    0.4951
...    14 A-T ...
  -15.9532  -18.1566   33.3080
   -0.1503    0.6873    0.7107
   -0.6106    0.5008   -0.6135
   -0.7776   -0.5261    0.3444
...    15 A-T ...
  -18.3130  -19.9423   34.6451
   -0.4736    0.8458    0.2455
   -0.4089    0.0357   -0.9119
   -0.7800   -0.5323    0.3290
...    16 T-A ...
  -20.6490  -21.5162   36.3396
   -0.6069    0.7563   -0.2441
   -0.1134   -0.3864   -0.9153
   -0.7866   -0.5279    0.3202
...    17 T-A ...
  -23.2111  -23.0567   37.5814
   -0.5489    0.4286   -0.7176
    0.2455   -0.7380   -0.6286
   -0.7990   -0.5212    0.2999
...    18 T-A ...
  -25.9072  -24.5060   38.6251
   -0.2964   -0.0312   -0.9546
    0.5048   -0.8535   -0.1289
   -0.8108   -0.5201    0.2687
...    19 A-T ...
  -28.8021  -26.0361   39.2265
    0.1333   -0.4086   -0.9029
    0.5504   -0.7271    0.4103
   -0.8242   -0.5517    0.1280
...    20 T-A ...
  -31.7797  -27.4064   39.1706
    0.4044   -0.7028   -0.5852
    0.4040   -0.4368    0.8038
   -0.8205   -0.5615    0.1073
...    21 T-A ...
  -34.5050  -29.1573   39.2212
    0.5702   -0.8204   -0.0422
    0.1001    0.0183    0.9948
   -0.8154   -0.5714    0.0926
...    22 C-G ...
  -37.0688  -31.1725   39.4037
    0.5473   -0.6424    0.5364
   -0.2690    0.4719    0.8396
   -0.7925   -0.6039    0.0854
...    23 G-C ...
  -39.7235  -33.0665   40.0832
    0.3761   -0.2201    0.9001
   -0.5640    0.7163    0.4108
   -0.7351   -0.6622    0.1453
...    24 C-G ...
  -41.8448  -35.5630   40.5713
    0.0321    0.2232    0.9743
   -0.6891    0.7110   -0.1402
   -0.7240   -0.6668    0.1766
...    25 A-T ...
  -44.4027  -37.5981   41.1117
   -0.3129    0.6341    0.7071
   -0.6009    0.4444   -0.6644
   -0.7356   -0.6327    0.2420
...    26 A-T ...
  -46.6355  -39.7265   42.1394
   -0.6117    0.7625    0.2106
   -0.3076    0.0160   -0.9514
   -0.7288   -0.6468    0.2248
...    27 A-T ...
  -48.9645  -41.7555   43.1408
   -0.6821    0.6362   -0.3606
    0.1004   -0.4070   -0.9079
   -0.7243   -0.6555    0.2138
...    28 G-C ...
  -51.4915  -43.6802   44.0430
   -0.4763    0.3846   -0.7907
    0.4413   -0.6732   -0.5933
   -0.7605   -0.6316    0.1510
...    29 G-C ...
  -54.2912  -45.4851   44.5775
   -0.0904    0.0383   -0.9952
    0.6148   -0.7840   -0.0861
   -0.7835   -0.6196    0.0473
...    30 C-G ...
  -57.1345  -47.1450   44.5495
    0.3019   -0.3405   -0.8904
    0.5583   -0.6939    0.4547
   -0.7727   -0.6344   -0.0194
...    31 C-G ...
  -59.8262  -49.1152   44.0482
    0.6306   -0.5820   -0.5134
    0.2916   -0.4354    0.8517
   -0.7193   -0.6868   -0.1049
...    32 G-C ...
  -61.9689  -51.6556   43.8387
    0.7757   -0.6297    0.0433
   -0.1353   -0.0988    0.9859
   -0.6165   -0.7706   -0.1618
...    33 G-C ...
  -63.7089  -54.4145   42.9807
    0.6341   -0.5184    0.5737
   -0.5550    0.2115    0.8045
   -0.5385   -0.8285   -0.1536
...    34 C-G ...
  -65.0782  -57.3492   42.3005
    0.2512   -0.2924    0.9227
   -0.8254    0.4332    0.3619
   -0.5055   -0.8526   -0.1325
...    35 C-G ...
  -66.4843  -60.4002   42.0370
   -0.2082    0.0396    0.9773
   -0.8474    0.4916   -0.2005
   -0.4884   -0.8699   -0.0688
...    36 C-G ...
  -67.9619  -63.4302   42.0924
   -0.6090    0.3484    0.7125
   -0.6087    0.3706   -0.7015
   -0.5085   -0.8610   -0.0137
...    37 G-C ...
  -69.8959  -66.1228   41.6989
   -0.8039    0.5615    0.1961
   -0.1678    0.1022   -0.9805
   -0.5706   -0.8212    0.0121
...    38 A-T ...
  -71.7266  -68.8374   41.8428
   -0.7362    0.5347   -0.4148
    0.3412   -0.2360   -0.9099
   -0.5844   -0.8114   -0.0087
...    39 C-G ...
  -73.9787  -71.2242   42.2604
   -0.4348    0.3621   -0.8245
    0.6756   -0.4742   -0.5645
   -0.5954   -0.8025   -0.0385
...    40 A-T ...
  -75.9266  -73.9182   42.0423
    0.0853    0.1406   -0.9864
    0.7933   -0.6085   -0.0181
   -0.6028   -0.7810   -0.1634
...    41 C-G ...
  -78.3256  -76.0313   41.3022
    0.5092   -0.1451   -0.8483
    0.6346   -0.6025    0.4840
   -0.5814   -0.7848   -0.2147
...    42 G-C ...
  -79.9849  -78.8235   40.5686
    0.8519   -0.3154   -0.4180
    0.2433   -0.4684    0.8493
   -0.4637   -0.8253   -0.3223
...    43 A-T ...
  -81.3809  -81.5051   39.3609
    0.8648   -0.4757    0.1608
   -0.2990   -0.2306    0.9260
   -0.4034   -0.8488   -0.3416
...    44 C-G ...
  -82.2712  -84.2137   37.7137
    0.6048   -0.4939    0.6247
   -0.7114    0.0177    0.7026
   -0.3581   -0.8693   -0.3406
...    45 T-A ...
  -83.0434  -87.1917   36.5169
    0.1645   -0.3672    0.9155
   -0.9386    0.2271    0.2597
   -0.3032   -0.9020   -0.3073
...    46 T-A ...
  -83.7028  -90.2054   35.4864
   -0.4086   -0.2007    0.8904
   -0.8672    0.3896   -0.3101
   -0.2847   -0.8989   -0.3332
...    47 A-T ...
  -84.9290  -93.0116   34.0868
   -0.8739    0.0491    0.4836
   -0.4169    0.4358   -0.7977
   -0.2499   -0.8987   -0.3604
...    48 C-G ...
  -85.6776  -96.2036   33.4786
   -0.9620    0.2731   -0.0028
    0.1016    0.3482   -0.9319
   -0.2535   -0.8968   -0.3627
...    49 T-A ...
  -86.7268  -99.2072   32.5413
   -0.7554    0.4532   -0.4732
    0.5910    0.1594   -0.7908
   -0.2830   -0.8770   -0.3883
...    50 T-A ...
  -87.8310 -102.0734   31.4893
   -0.2921    0.4668   -0.8347
    0.9191   -0.1043   -0.3800
   -0.2645   -0.8782   -0.3986
...    51 C-G ...
  -88.7969 -104.9120   30.1950
    0.3034    0.3760   -0.8755
    0.9223   -0.3466    0.1708
   -0.2392   -0.8594   -0.4520
...    52 A-T ...
  -89.5634 -107.7340   28.5778
    0.7808    0.2600   -0.5681
    0.6090   -0.5199    0.5990
   -0.1397   -0.8137   -0.5643
...    53 T-A ...
  -90.2247 -109.9358   26.2653
    0.9837    0.0067   -0.1799
    0.1492   -0.5895    0.7938
   -0.1007   -0.8077   -0.5809
...    54 G-C ...
  -90.1863 -112.6463   24.3190
    0.9124   -0.1933    0.3608
   -0.4054   -0.5471    0.7323
    0.0559   -0.8144   -0.5776
...    55 T-A ...
  -89.5121 -114.9796   22.1155
    0.5743   -0.4108    0.7081
   -0.8118   -0.3973    0.4280
    0.1055   -0.8206   -0.5616
...    56 T-A ...
  -88.8592 -117.5413   20.2360
    0.0195   -0.5724    0.8197
   -0.9918   -0.1149   -0.0566
    0.1266   -0.8119   -0.5700
...    57 A-T ...
  -88.7721 -120.2363   18.2405
   -0.5930   -0.5474    0.5906
   -0.7895    0.2511   -0.5600
    0.1582   -0.7983   -0.5810
...    58 T-A ...
  -87.7988 -123.0786   16.8351
   -0.9069   -0.3689    0.2038
   -0.3781    0.4985   -0.7801
    0.1862   -0.7845   -0.5915
...    59 A-T ...
  -87.0949 -125.3733   14.4679
   -0.9296   -0.0127   -0.3684
    0.2740    0.6446   -0.7137
    0.2465   -0.7644   -0.5957
...    60 A-T ...
  -86.4127 -128.0392   12.7309
   -0.6024    0.3382   -0.7230
    0.7459    0.5611   -0.3590
    0.2843   -0.7555   -0.5902
...    61 C-G ...
  -86.0253 -130.7503   10.8917
   -0.1441    0.6075   -0.7811
    0.9453    0.3179    0.0728
    0.2925   -0.7279   -0.6201
...    62 G-C ...
  -84.7541 -133.0944    8.8947
    0.3272    0.7951   -0.5107
    0.8738   -0.0488    0.4838
    0.3597   -0.6045   -0.7108
...    63 G-C ...
  -83.7888 -134.8943    6.2219
    0.6766    0.7310   -0.0888
    0.5876   -0.4633    0.6633
    0.4437   -0.5010   -0.7430
...    64 A-T ...
  -82.2935 -136.3404    3.7405
    0.8490    0.3866    0.3601
    0.1229   -0.8074    0.5771
    0.5138   -0.4457   -0.7330
...    65 G-C ...
  -80.4419 -137.4153    1.2465
    0.7419   -0.0313    0.6698
   -0.2948   -0.9124    0.2840
    0.6022   -0.4082   -0.6861
...    66 T-A ...
  -78.1193 -138.1714   -0.9430
    0.4647   -0.4763    0.7465
   -0.6097   -0.7834   -0.1204
    0.6421   -0.3992   -0.6545
...    67 A-T ...
  -76.0457 -139.6603   -3.0818
    0.0039   -0.8441    0.5362
   -0.7386   -0.3639   -0.5675
    0.6741   -0.3938   -0.6249
...    68 G-C ...
  -73.5647 -140.9340   -4.8776
   -0.3972   -0.9021    0.1684
   -0.6114    0.1233   -0.7816
    0.6844   -0.4135   -0.6006
...    69 G-C ...
  -71.1634 -142.4992   -6.6573
   -0.6901   -0.6729   -0.2666
   -0.2829    0.5898   -0.7564
    0.6662   -0.4465   -0.5974
...    70 T-A ...
  -68.8901 -144.4107   -8.2025
   -0.7336   -0.2648   -0.6259
    0.1106    0.8622   -0.4943
    0.6705   -0.4318   -0.6032
...    71 A-T ...
  -66.4600 -145.5039  -10.2314
   -0.5042    0.3186   -0.8026
    0.5125    0.8585    0.0189
    0.6951   -0.4018   -0.5962
...    72 T-A ...
  -64.6322 -147.2881  -12.3019
   -0.1887    0.7098   -0.6786
    0.6830    0.5914    0.4287
    0.7056   -0.3826   -0.5964
...    73 C-G ...
  -62.3922 -148.5709  -14.2932
    0.1803    0.9469   -0.2663
    0.6606    0.0840    0.7460
    0.7288   -0.3104   -0.6104
...    74 T-A ...
  -60.1607 -149.3454  -16.5749
    0.3996    0.8908    0.2165
    0.4956   -0.4086    0.7664
    0.7712   -0.1990   -0.6047
...    75 C-G ...
  -57.6195 -149.7528  -18.5359
    0.5381    0.5231    0.6609
    0.2143   -0.8433    0.4929
    0.8151   -0.1236   -0.5659
...    76 G-C ...
  -54.6439 -150.1422  -19.9874
    0.4356    0.0088    0.9001
   -0.0199   -0.9996    0.0194
    0.8999   -0.0263   -0.4353
...    77 A-T ...
  -51.5891 -150.1040  -21.1595
    0.3105   -0.5703    0.7605
   -0.2194   -0.8214   -0.5264
    0.9249   -0.0034   -0.3802
...    78 G-C ...
  -48.4091 -149.9158  -22.0830
    0.1188   -0.9165    0.3819
   -0.3050   -0.3997   -0.8644
    0.9449   -0.0138   -0.3270
...    79 C-G ...
  -45.1439 -150.0450  -22.7394
   -0.0741   -0.9848   -0.1570
   -0.2920    0.1720   -0.9408
    0.9535   -0.0239   -0.3003
...    80 T-A ...
  -41.9077 -150.3320  -23.4618
   -0.2227   -0.7382   -0.6367
   -0.1961    0.6737   -0.7125
    0.9550   -0.0338   -0.2948
...    81 C-G ...
  -38.7272 -150.4956  -24.3264
   -0.2890   -0.1879   -0.9387
   -0.0451    0.9821   -0.1827
    0.9563   -0.0104   -0.2923
...    82 G-C ...
  -35.5099 -150.0260  -25.1127
   -0.3567    0.3926   -0.8478
    0.0869    0.9174    0.3883
    0.9302    0.0648   -0.3613
...    83 G-C ...
  -32.4010 -150.0649  -26.4148
   -0.3521    0.8095   -0.4698
    0.2422    0.5637    0.7897
    0.9041    0.1643   -0.3945
...    84 G-C ...
  -29.4961 -149.5890  -28.0401
   -0.2892    0.9552    0.0626
    0.3881    0.0572    0.9198
    0.8751    0.2903   -0.3873
...    85 A-T ...
  -26.7324 -148.5456  -29.3583
   -0.1022    0.7936    0.5998
    0.4961   -0.4820    0.7222
    0.8622    0.3714   -0.3445
...    86 T-A ...
  -24.3352 -146.8522  -30.7603
    0.1091    0.4414    0.8907
    0.4988   -0.7993    0.3350
    0.8598    0.4077   -0.3074
...    87 C-G ...
  -21.5756 -145.3243  -31.5092
    0.3152   -0.1131    0.9422
    0.3949   -0.8872   -0.2386
    0.8630    0.4473   -0.2350
...    88 C-G ...
  -18.6787 -143.6106  -31.7307
    0.4054   -0.6029    0.6871
    0.2323   -0.6590   -0.7154
    0.8841    0.4496   -0.1271
...    89 G-C ...
  -15.5472 -142.5542  -32.2099
    0.4060   -0.8964    0.1781
    0.0464   -0.1744   -0.9836
    0.9127    0.4076   -0.0292
...    90 C-G ...
  -12.4572 -141.3509  -31.8902
    0.3575   -0.8471   -0.3931
   -0.1611    0.3587   -0.9195
    0.9199    0.3921   -0.0082
...    91 T-A ...
   -9.3105 -140.2931  -31.6874
    0.2082   -0.5268   -0.8241
   -0.3185    0.7602   -0.5663
    0.9248    0.3804   -0.0095
...    92 T-A ...
   -6.2098 -139.2927  -31.4902
    0.0314    0.0330   -0.9990
   -0.4082    0.9127    0.0173
    0.9124    0.4072    0.0421
...    93 T-A ...
   -3.1393 -138.2280  -31.3382
   -0.1931    0.5582   -0.8069
   -0.3814    0.7150    0.5859
    0.9040    0.4209    0.0748
...    94 A-T ...
   -0.1757 -136.7421  -31.0508
   -0.4578    0.8275   -0.3252
   -0.2091    0.2554    0.9440
    0.8641    0.5001    0.0561
...    95 A-T ...
    2.5825 -135.0671  -31.0893
   -0.5403    0.8041    0.2479
    0.0762   -0.2467    0.9661
    0.8380    0.5409    0.0720
...    96 C-G ...
    5.0685 -132.9742  -31.3619
   -0.4854    0.5268    0.6977
    0.3537   -0.6115    0.7078
    0.7995    0.5904    0.1105
...    97 A-T ...
    7.5902 -130.8349  -30.8210
   -0.3398    0.0171    0.9403
    0.6078   -0.7590    0.2335
    0.7177    0.6509    0.2475
...    98 C-G ...
    9.3979 -128.2547  -29.8878
   -0.0160   -0.4074    0.9131
    0.7242   -0.6344   -0.2704
    0.6895    0.6569    0.3052
...    99 T-A ...
   11.3790 -125.9897  -28.5181
    0.3243   -0.7173    0.6167
    0.6692   -0.2869   -0.6855
    0.6686    0.6350    0.3869
...   100 T-A ...
   13.3333 -123.8852  -26.9886
    0.6702   -0.7316    0.1247
    0.3721    0.1859   -0.9094
    0.6421    0.6559    0.3968
...   101 T-A ...
   15.2850 -121.8344  -25.3672
    0.7953   -0.4525   -0.4034
   -0.0865    0.5739   -0.8143
    0.6000    0.6825    0.4173
...   102 A-T ...
   16.9574 -119.0966  -24.2413
    0.5905    0.0802   -0.8031
   -0.6002    0.7088   -0.3706
    0.5395    0.7008    0.4666
...   103 T-A ...
   19.1828 -117.2871  -22.5840
    0.2111    0.4468   -0.8694
   -0.8271    0.5557    0.0848
    0.5210    0.7011    0.4868
...   104 G-C ...
   20.6863 -114.8069  -20.9645
   -0.3423    0.6152   -0.7102
   -0.8048    0.1981    0.5595
    0.4849    0.7631    0.4273
...   105 C-G ...
   22.5663 -112.3305  -19.8549
   -0.7507    0.5753   -0.3246
   -0.5001   -0.1740    0.8483
    0.4316    0.7992    0.4184
...   106 T-A ...
   23.9152 -109.5146  -18.7967
   -0.9381    0.3265    0.1153
   -0.0410   -0.4354    0.8993
    0.3439    0.8389    0.4219
...   107 T-A ...
   24.8985 -106.6779  -17.6145
   -0.8236   -0.0106    0.5670
    0.4837   -0.5351    0.6926
    0.2961    0.8447    0.4459
...   108 C-G ...
   25.6218 -103.8947  -16.0984
   -0.4203   -0.3696    0.8287
    0.8753   -0.4057    0.2630
    0.2389    0.8359    0.4941
...   109 C-G ...
   25.9335 -101.1320  -14.1831
    0.0861   -0.6086    0.7888
    0.9775   -0.1013   -0.1849
    0.1925    0.7870    0.5862
...   110 G-C ...
   26.9130  -98.7428  -12.0595
    0.5907   -0.6394    0.4921
    0.7841    0.3111   -0.5370
    0.1903    0.7031    0.6852
...   111 G-C ...
   27.4937  -96.6985   -9.4260
    0.9097   -0.4077    0.0789
    0.3468    0.6414   -0.6843
    0.2284    0.6499    0.7249
...   112 C-G ...
   28.2905  -94.8818   -6.7511
    0.9457    0.0025   -0.3251
   -0.2084    0.7721   -0.6003
    0.2495    0.6355    0.7307
...   113 T-A ...
   29.3297  -93.0113   -4.2064
    0.6803    0.4002   -0.6141
   -0.6795    0.6584   -0.3237
    0.2747    0.6375    0.7198
...   114 C-G ...
   30.3023  -90.9728   -1.8105
    0.1385    0.7074   -0.6932
   -0.9540    0.2831    0.0983
    0.2658    0.6477    0.7140
...   115 G-C ...
   30.7320  -88.7932    0.6969
   -0.4453    0.6737   -0.5897
   -0.8700   -0.1701    0.4627
    0.2115    0.7191    0.6619
...   116 T-A ...
   31.8216  -86.2140    2.4573
   -0.8402    0.4579   -0.2905
   -0.5143   -0.5032    0.6945
    0.1719    0.7329    0.6583
...   117 A-T ...
   32.2467  -83.6624    4.5504
   -0.9975    0.0098    0.0703
    0.0464   -0.6601    0.7498
    0.0537    0.7511    0.6580
...   118 T-A ...
   32.1604  -80.8342    6.1952
   -0.8444   -0.3414    0.4128
    0.5351   -0.5751    0.6189
    0.0262    0.7435    0.6683
...   119 A-T ...
   31.8367  -78.3668    8.4158
   -0.4160   -0.7003    0.5801
    0.9061   -0.2651    0.3296
   -0.0770    0.6628    0.7448
...   120 A-T ...
   31.2896  -76.2784   10.8268
    0.1617   -0.7462    0.6458
    0.9825    0.1834   -0.0340
   -0.0930    0.6399    0.7628
...   121 T-A ...
   30.3573  -74.4963   13.4266
    0.6329   -0.5598    0.5348
    0.7680    0.5410   -0.3427
   -0.0975    0.6277    0.7724
...   122 G-C ...
   30.3278  -72.4276   16.0302
    0.9626   -0.2035    0.1787
    0.2691    0.7926   -0.5472
   -0.0303    0.5748    0.8177
...   123 T-A ...
   30.2445  -71.0796   19.0689
    0.9610    0.2358   -0.1447
   -0.2762    0.7884   -0.5496
   -0.0156    0.5681    0.8228
...   124 G-C ...
   30.1795  -68.9392   21.6059
    0.6220    0.6151   -0.4846
   -0.7819    0.5203   -0.3432
    0.0410    0.5924    0.8046
...   125 T-A ...
   30.8837  -67.2048   24.3644
    0.1164    0.7911   -0.6006
   -0.9925    0.1156   -0.0401
    0.0377    0.6007    0.7986
...   126 C-G ...
   31.1017  -65.2143   26.9703
   -0.4938    0.6945   -0.5233
   -0.8693   -0.3792    0.3170
    0.0217    0.6114    0.7910
...   127 G-C ...
   30.8430  -63.3900   29.7613
   -0.8903    0.2957   -0.3462
   -0.4483   -0.7024    0.5529
   -0.0796    0.6474    0.7579
...   128 A-T ...
   30.6104  -61.2056   32.1787
   -0.9802   -0.1982   -0.0001
    0.1510   -0.7468    0.6477
   -0.1285    0.6348    0.7619
...   129 C-G ...
   29.8699  -58.7587   34.2505
   -0.7559   -0.5847    0.2946
    0.6320   -0.5341    0.5616
   -0.1710    0.6107    0.7732
...   130 C-G ...
   28.8667  -56.6855   36.7205
   -0.2849   -0.8429    0.4565
    0.9306   -0.1291    0.3425
   -0.2298    0.5224    0.8212
...   131 A-T ...
   28.0660  -55.0958   39.5482
    0.3019   -0.8366    0.4571
    0.9226    0.3771    0.0808
   -0.2399    0.3973    0.8858
...   132 A-T ...
   27.0937  -54.0364   42.4498
    0.7707   -0.4896    0.4077
    0.5913    0.7880   -0.1716
   -0.2373    0.3733    0.8968
...   133 A-T ...
   26.2573  -53.1162   45.4461
    0.9699    0.0406    0.2400
    0.0495    0.9326   -0.3575
   -0.2384    0.3587    0.9025
...   134 T-A ...
   25.6209  -52.5913   48.6400
    0.8597    0.5097    0.0340
   -0.4497    0.7866   -0.4231
   -0.2424    0.3485    0.9054
...   135 G-C ...
   25.2757  -52.5096   52.0791
    0.3204    0.9427   -0.0928
   -0.8825    0.2614   -0.3910
   -0.3443    0.2071    0.9157
...   136 T-A ...
   25.5258  -52.9787   55.8049
   -0.2439    0.9563   -0.1610
   -0.8908   -0.2866   -0.3525
   -0.3833    0.0575    0.9218
...   137 G-C ...
   24.8933  -52.7377   58.9865
   -0.7529    0.5562   -0.3519
   -0.5215   -0.8303   -0.1966
   -0.4015    0.0355    0.9152
...   138 A-T ...
   24.0143  -51.6374   61.9242
   -0.9563    0.0401   -0.2896
   -0.0524   -0.9980    0.0347
   -0.2876    0.0484    0.9565
...   139 G-C ...
   22.3467  -51.2411   64.4940
   -0.8529   -0.5118   -0.1033
    0.4974   -0.8566    0.1373
   -0.1587    0.0657    0.9851
...   140 C-G ...
   22.1503  -50.1498   67.4638
   -0.4681   -0.8748    0.1248
    0.8495   -0.4066    0.3362
   -0.2434    0.2634    0.9335
...   141 G-C ...
   21.4257  -51.8266   72.7876
    0.1303   -0.7143   -0.6876
    0.8897   -0.2218    0.3990
   -0.4375   -0.6638    0.6066
...   142 C-G ...
   20.4246  -54.3094   74.5418
    0.5846   -0.7390   -0.3348
    0.7594    0.3532    0.5465
   -0.2856   -0.5737    0.7676
...   143 T-A ...
   18.4271  -55.5290   76.5299
    0.8548   -0.5005    0.1370
    0.3188    0.7148    0.6224
   -0.4095   -0.4884    0.7706
...   144 C-G ...
   16.8372  -57.7222   78.2674
    0.8529   -0.0846    0.5151
   -0.1508    0.9048    0.3983
   -0.4998   -0.4174    0.7589
...   145 A-T ...
   15.7829  -59.5615   80.7981
    0.5516    0.4995    0.6680
   -0.6739    0.7388    0.0039
   -0.4916   -0.4523    0.7441
...   146 C-G ...
   15.7315  -61.4940   83.9316
    0.0344    0.7399    0.6718
   -0.8637    0.3602   -0.3526
   -0.5029   -0.5681    0.6514
...   147 A-T ...
   14.7384  -63.4279   86.8192
   -0.5924    0.6746    0.4405
   -0.6886   -0.1401   -0.7114
   -0.4182   -0.7248    0.5475
