  147 base-pairs
...     1 T-A ...
    0.0000    0.0000    0.0000
    1.0000    0.0000    0.0000
    0.0000    1.0000    0.0000
    0.0000    0.0000    1.0000
...     2 G-C ...
   -0.5555   -1.1003    3.3981
    0.7749    0.6051    0.1828
   -0.5991    0.7953   -0.0929
   -0.2016   -0.0375    0.9787
...     3 T-A ...
   -0.6619   -3.0237    6.5348
    0.3046    0.9250    0.2271
   -0.8994    0.3578   -0.2510
   -0.3134   -0.1278    0.9410
...     4 G-C ...
   -1.1607   -3.8418    9.6940
   -0.3351    0.9421    0.0133
   -0.8752   -0.3061   -0.3746
   -0.3489   -0.1372    0.9271
...     5 A-T ...
   -1.3881   -3.6770   12.8999
   -0.7835    0.6162   -0.0801
   -0.5677   -0.7622   -0.3109
   -0.2527   -0.1981    0.9470
...     6 G-C ...
   -2.6236   -3.5448   15.7072
   -0.9923    0.0611   -0.1075
   -0.0294   -0.9610   -0.2748
   -0.1201   -0.2695    0.9555
...     7 C-G ...
   -2.3138   -3.7570   18.8866
   -0.8620   -0.4995   -0.0864
    0.5008   -0.8655    0.0073
   -0.0785   -0.0370    0.9962
...     8 G-C ...
   -3.9561   -6.8109   23.3205
   -0.2581   -0.3560   -0.8981
    0.6294   -0.7673    0.1233
   -0.7330   -0.5335    0.4221
...     9 C-G ...
   -6.1177   -8.9414   24.2385
    0.1143   -0.7320   -0.6716
    0.8123   -0.3203    0.4874
   -0.5720   -0.6013    0.5580
...    10 T-A ...
   -8.5041   -9.6771   26.0540
    0.4660   -0.8587   -0.2131
    0.6274    0.1508    0.7640
   -0.6239   -0.4897    0.6090
...    11 C-G ...
  -11.0625  -11.3174   27.2336
    0.6660   -0.6911    0.2808
    0.3382    0.6152    0.7121
   -0.6649   -0.3794    0.6435
...    12 A-T ...
  -13.0013  -13.1789   29.0658
    0.7188   -0.1490    0.6790
   -0.1787    0.9043    0.3876
   -0.6718   -0.4000    0.6235
...    13 C-G ...
  -14.1788  -15.9359   31.3399
    0.4052    0.2865    0.8682
   -0.5270    0.8492   -0.0343
   -0.7470   -0.4437    0.4951
...    14 A-T ...
  -15.9532  -18.1566   33.3080
   -0.1503    0.6873    0.7107
   -0.6106    0.5008   -0.6135
   -0.7776   -0.5261    0.3444
...    15 A-T ...
  -18.3187  -19.9437   34.6368
   -0.4767    0.8455    0.2406
   -0.4052    0.0315   -0.9137
   -0.7801   -0.5331    0.3275
...    16 T-A ...
  -20.6606  -21.5187   36.3248
   -0.6080    0.7526   -0.2528
   -0.1058   -0.3924   -0.9137
   -0.7869   -0.5288    0.3182
...    17 T-A ...
  -23.2270  -23.0668   37.5505
   -0.5436    0.4188   -0.7274
    0.2553   -0.7431   -0.6186
   -0.7996   -0.5220    0.2971
...    18 T-A ...
  -25.9249  -24.5270   38.5766
   -0.2834   -0.0464   -0.9579
    0.5111   -0.8524   -0.1099
   -0.8114   -0.5208    0.2653
...    19 A-T ...
  -28.7946  -26.1091   39.1795
    0.1498   -0.4330   -0.8889
    0.5481   -0.7119    0.4392
   -0.8229   -0.5529    0.1307
...    20 T-A ...
  -31.7643  -27.5003   39.1179
    0.4184   -0.7190   -0.5551
    0.3916   -0.4086    0.8244
   -0.8195   -0.5623    0.1106
...    21 T-A ...
  -34.4825  -29.2652   39.1833
    0.5727   -0.8198    0.0013
    0.0780    0.0561    0.9954
   -0.8160   -0.5699    0.0961
...    22 C-G ...
  -37.0522  -31.2802   39.3922
    0.5315   -0.6190    0.5782
   -0.2920    0.5069    0.8110
   -0.7951   -0.5999    0.0887
...    23 G-C ...
  -39.7466  -33.1312   40.0839
    0.3413   -0.1792    0.9227
   -0.5760    0.7359    0.3560
   -0.7428   -0.6530    0.1479
...    24 C-G ...
  -41.9076  -35.5977   40.6020
   -0.0092    0.2702    0.9627
   -0.6787    0.7054   -0.2045
   -0.7344   -0.6553    0.1769
...    25 A-T ...
  -44.5170  -37.5858   41.1045
   -0.3468    0.6704    0.6560
   -0.5628    0.4107   -0.7173
   -0.7503   -0.6180    0.2349
...    26 A-T ...
  -46.8156  -39.6555   42.1103
   -0.6196    0.7735    0.1332
   -0.2523   -0.0355   -0.9670
   -0.7433   -0.6328    0.2171
...    27 A-T ...
  -49.2089  -41.6283   43.0736
   -0.6552    0.6156   -0.4380
    0.1541   -0.4586   -0.8752
   -0.7396   -0.6408    0.2056
...    28 G-C ...
  -51.8008  -43.4982   43.9206
   -0.4199    0.3370   -0.8427
    0.4758   -0.7090   -0.5206
   -0.7729   -0.6195    0.1373
...    29 G-C ...
  -54.6412  -45.2676   44.3655
   -0.0187   -0.0249   -0.9995
    0.6134   -0.7898    0.0081
   -0.7896   -0.6129    0.0300
...    30 C-G ...
  -57.4919  -46.9192   44.2299
    0.3647   -0.4007   -0.8405
    0.5157   -0.6646    0.5406
   -0.7753   -0.6306   -0.0358
...    31 C-G ...
  -60.1456  -48.9234   43.6589
    0.6618   -0.6220   -0.4184
    0.2156   -0.3766    0.9009
   -0.7180   -0.6865   -0.1151
...    32 G-C ...
  -62.2989  -51.4703   43.4664
    0.7554   -0.6359    0.1580
   -0.2240   -0.0240    0.9743
   -0.6158   -0.7714   -0.1606
...    33 G-C ...
  -64.0229  -54.2628   42.6764
    0.5623   -0.4854    0.6695
   -0.6238    0.2825    0.7287
   -0.5428   -0.8274   -0.1440
...    34 C-G ...
  -65.4093  -57.2188   42.0856
    0.1459   -0.2263    0.9631
   -0.8450    0.4777    0.2403
   -0.5145   -0.8489   -0.1216
...    35 C-G ...
  -66.8904  -60.2442   41.8913
   -0.3146    0.1194    0.9417
   -0.8032    0.4951   -0.3311
   -0.5058   -0.8606   -0.0598
...    36 C-G ...
  -68.4676  -63.2280   41.9771
   -0.6771    0.4177    0.6058
   -0.5074    0.3313   -0.7955
   -0.5330   -0.8460   -0.0123
...    37 G-C ...
  -70.4206  -65.9105   41.5309
   -0.8005    0.5972    0.0495
   -0.0377    0.0324   -0.9988
   -0.5981   -0.8014   -0.0034
...    38 A-T ...
  -72.3516  -68.5610   41.6232
   -0.6528    0.5237   -0.5474
    0.4488   -0.3148   -0.8364
   -0.6103   -0.7916   -0.0296
...    39 C-G ...
  -74.7314  -70.8410   41.9053
   -0.3018    0.3121   -0.9008
    0.7256   -0.5377   -0.4294
   -0.6184   -0.7832   -0.0642
...    40 A-T ...
  -76.7483  -73.4846   41.6008
    0.2315    0.0622   -0.9709
    0.7591   -0.6358    0.1402
   -0.6085   -0.7694   -0.1944
...    41 C-G ...
  -79.1141  -75.5603   40.6672
    0.6211   -0.2287   -0.7496
    0.5261   -0.5873    0.6151
   -0.5809   -0.7764   -0.2445
...    42 G-C ...
  -80.7636  -78.3545   39.8769
    0.8869   -0.3847   -0.2557
    0.0822   -0.4132    0.9069
   -0.4546   -0.8254   -0.3349
...    43 A-T ...
  -82.0988  -81.0675   38.6494
    0.7952   -0.5070    0.3326
   -0.4585   -0.1438    0.8770
   -0.3968   -0.8499   -0.3468
...    44 C-G ...
  -82.8873  -83.8518   37.0572
    0.4549   -0.4806    0.7497
   -0.8162    0.1118    0.5669
   -0.3563   -0.8698   -0.3414
...    45 T-A ...
  -83.6709  -86.8649   35.9339
   -0.0294   -0.3109    0.9500
   -0.9494    0.3060    0.0707
   -0.3127   -0.8999   -0.3041
...    46 T-A ...
  -84.3689  -89.8950   34.9641
   -0.5836   -0.1132    0.8041
   -0.7592    0.4274   -0.4909
   -0.2881   -0.8969   -0.3354
...    47 A-T ...
  -85.5440  -92.6663   33.4094
   -0.9500    0.1363    0.2811
   -0.2025    0.4166   -0.8862
   -0.2379   -0.8988   -0.3682
...    48 C-G ...
  -86.3869  -95.8342   32.7795
   -0.9126    0.3405   -0.2263
    0.3303    0.2880   -0.8989
   -0.2409   -0.8950   -0.3753
...    49 T-A ...
  -87.4405  -98.8076   31.7400
   -0.5887    0.4846   -0.6470
    0.7642    0.0727   -0.6408
   -0.2635   -0.8717   -0.4132
...    50 G-C ...
  -88.2672 -101.6368   30.1927
   -0.0336    0.5413   -0.8401
    0.9629   -0.2077   -0.1723
   -0.2678   -0.8147   -0.5143
...    51 T-A ...
  -89.7050 -104.0279   28.4466
    0.4777    0.4047   -0.7797
    0.8465   -0.4493    0.2855
   -0.2348   -0.7964   -0.5573
...    52 A-T ...
  -90.5705 -106.3836   26.2464
    0.8800    0.2449   -0.4068
    0.4643   -0.6236    0.6289
   -0.0997   -0.7424   -0.6625
...    53 G-C ...
  -90.8380 -108.5555   23.7894
    0.9989   -0.0279    0.0388
   -0.0474   -0.6814    0.7304
    0.0060   -0.7314   -0.6819
...    54 G-C ...
  -90.3685 -110.7564   21.2824
    0.8178   -0.3007    0.4907
   -0.5606   -0.6089    0.5612
    0.1300   -0.7341   -0.6665
...    55 T-A ...
  -89.3875 -112.8286   18.9259
    0.4073   -0.5444    0.7333
   -0.8969   -0.3898    0.2088
    0.1722   -0.7427   -0.6471
...    56 A-T ...
  -88.9870 -115.4099   16.8438
   -0.2177   -0.6622    0.7170
   -0.9542   -0.0098   -0.2989
    0.2050   -0.7493   -0.6298
...    57 T-A ...
  -87.6944 -117.9328   15.1319
   -0.6683   -0.5944    0.4473
   -0.7088    0.3262   -0.6255
    0.2258   -0.7351   -0.6393
...    58 C-G ...
  -86.9341 -120.4432   13.1450
   -0.9564   -0.2914   -0.0180
   -0.1721    0.6126   -0.7714
    0.2358   -0.7347   -0.6361
...    59 T-A ...
  -86.2688 -123.0964   11.2574
   -0.9078    0.0957   -0.4084
    0.3602    0.6768   -0.6420
    0.2149   -0.7299   -0.6488
...    60 C-G ...
  -85.5800 -125.5717    9.2063
   -0.5267    0.4912   -0.6937
    0.8206    0.5068   -0.2642
    0.2218   -0.7084   -0.6700
...    61 G-C ...
  -84.4624 -127.8028    6.9918
   -0.0256    0.7773   -0.6286
    0.9696    0.1724    0.1738
    0.2435   -0.6051   -0.7580
...    62 A-T ...
  -83.7624 -129.7868    4.5165
    0.5090    0.7808   -0.3623
    0.8111   -0.2943    0.5054
    0.2880   -0.5512   -0.7831
...    63 G-C ...
  -82.9479 -131.3197    1.7288
    0.8096    0.5861    0.0313
    0.4486   -0.6523    0.6110
    0.3785   -0.4806   -0.7910
...    64 C-G ...
  -81.6922 -132.3891   -1.1008
    0.8900    0.1955    0.4119
   -0.0293   -0.8769    0.4797
    0.4550   -0.4390   -0.7748
...    65 T-A ...
  -79.9284 -133.4438   -3.6629
    0.7067   -0.2370    0.6667
   -0.4460   -0.8807    0.1597
    0.5493   -0.4102   -0.7280
...    66 C-G ...
  -77.8969 -134.7583   -5.8428
    0.3021   -0.6843    0.6637
   -0.7416   -0.6061   -0.2873
    0.5989   -0.4054   -0.6906
...    67 G-C ...
  -76.1222 -136.5411   -8.0407
   -0.2047   -0.8758    0.4371
   -0.7306   -0.1604   -0.6637
    0.6514   -0.4552   -0.6071
...    68 G-C ...
  -73.7908 -138.2778   -9.7620
   -0.5959   -0.8027    0.0239
   -0.4728    0.3267   -0.8184
    0.6491   -0.4989   -0.5742
...    69 G-C ...
  -71.5617 -140.1470  -11.4793
   -0.7793   -0.4713   -0.4130
   -0.0573    0.7099   -0.7020
    0.6240   -0.5234   -0.5802
...    70 A-T ...
  -69.4304 -141.9159  -13.2578
   -0.6591    0.0430   -0.7509
    0.4033    0.8629   -0.3045
    0.6348   -0.5035   -0.5861
...    71 T-A ...
  -67.7331 -144.1034  -15.0654
   -0.3553    0.4709   -0.8074
    0.6684    0.7318    0.1327
    0.6534   -0.4926   -0.5748
...    72 C-G ...
  -65.6360 -145.8042  -16.9258
    0.0652    0.8342   -0.5476
    0.7345    0.3313    0.5922
    0.6755   -0.4408   -0.5911
...    73 C-G ...
  -63.6202 -147.3200  -19.1720
    0.3475    0.9346   -0.0760
    0.5870   -0.1536    0.7949
    0.7312   -0.3208   -0.6020
...    74 G-C ...
  -60.9809 -148.2688  -20.9729
    0.4569    0.7591    0.4637
    0.3413   -0.6310    0.6967
    0.8215   -0.1601   -0.5473
...    75 C-G ...
  -58.3372 -148.2311  -22.9080
    0.4963    0.3248    0.8051
    0.0807   -0.9406    0.3297
    0.8644   -0.0986   -0.4930
...    76 T-A ...
  -55.3927 -148.1090  -24.3654
    0.3875   -0.1942    0.9012
   -0.1250   -0.9796   -0.1574
    0.9133   -0.0516   -0.4039
...    77 T-A ...
  -52.3611 -148.0054  -25.5002
    0.2479   -0.7097    0.6595
   -0.2925   -0.7038   -0.6474
    0.9236   -0.0324   -0.3820
...    78 T-A ...
  -49.2537 -147.9129  -26.4570
    0.0700   -0.9848    0.1592
   -0.3658   -0.1739   -0.9143
    0.9281    0.0057   -0.3724
...    79 A-T ...
  -46.3332 -147.7200  -28.1531
   -0.1085   -0.8642   -0.4913
   -0.3335    0.4972   -0.8010
    0.9365    0.0769   -0.3421
...    80 A-T ...
  -43.1777 -147.6586  -28.9917
   -0.2238   -0.4112   -0.8837
   -0.2341    0.9028   -0.3608
    0.9461    0.1261   -0.2983
...    81 C-G ...
  -39.9739 -147.8280  -29.8893
   -0.3185    0.1209   -0.9402
   -0.0981    0.9823    0.1596
    0.9428    0.1431   -0.3010
...    82 A-T ...
  -36.8442 -147.1373  -30.7382
   -0.4076    0.6376   -0.6537
    0.0877    0.7398    0.6670
    0.9089    0.2146   -0.3575
...    83 C-G ...
  -34.0426 -146.7368  -32.3935
   -0.3530    0.9128   -0.2054
    0.2735    0.3106    0.9103
    0.8947    0.2652   -0.3593
...    84 T-A ...
  -31.2917 -145.7170  -33.8727
   -0.2626    0.9114    0.3167
    0.4216   -0.1869    0.8873
    0.8679    0.3665   -0.3352
...    85 T-A ...
  -28.6356 -144.3598  -35.0817
   -0.0538    0.6402    0.7663
    0.5085   -0.6429    0.5728
    0.8594    0.4205   -0.2910
...    86 T-A ...
  -26.0070 -142.7508  -36.0156
    0.1785    0.1660    0.9698
    0.4796   -0.8753    0.0616
    0.8592    0.4541   -0.2358
...    87 A-T ...
  -23.2439 -140.9373  -36.3946
    0.2808   -0.3874    0.8781
    0.3758   -0.7975   -0.4720
    0.8831    0.4625   -0.0784
...    88 T-A ...
  -20.6142 -138.9820  -36.1381
    0.4279   -0.7346    0.5265
    0.2037   -0.4891   -0.8481
    0.8805    0.4702   -0.0596
...    89 G-C ...
  -17.5708 -137.7053  -36.4147
    0.4142   -0.9088   -0.0493
   -0.0279    0.0415   -0.9987
    0.9098    0.4151   -0.0081
...    90 C-G ...
  -14.4737 -136.5395  -36.0720
    0.3218   -0.7413   -0.5890
   -0.2315    0.5416   -0.8081
    0.9181    0.3964    0.0027
...    91 T-A ...
  -11.3203 -135.5098  -35.9029
    0.1364   -0.3464   -0.9281
   -0.3609    0.8551   -0.3722
    0.9226    0.3857   -0.0084
...    92 T-A ...
   -8.2137 -134.5292  -35.7787
   -0.0585    0.2252   -0.9725
   -0.3999    0.8874    0.2295
    0.9147    0.4023    0.0382
...    93 C-G ...
   -5.1723 -133.3017  -35.6303
   -0.3112    0.6891   -0.6544
   -0.3113    0.5767    0.7553
    0.8979    0.4387    0.0350
...    94 C-G ...
   -2.0796 -131.9645  -35.7931
   -0.5265    0.8350   -0.1598
   -0.1110    0.1188    0.9867
    0.8429    0.5373    0.0302
...    95 T-A ...
    0.5668 -130.0207  -36.0048
   -0.5936    0.7209    0.3577
    0.1790   -0.3151    0.9320
    0.7846    0.6173    0.0580
...    96 C-G ...
    2.9848 -127.8670  -35.8261
   -0.4517    0.3659    0.8137
    0.4991   -0.6524    0.5704
    0.7395    0.6637    0.1120
...    97 A-T ...
    5.2962 -125.5208  -35.2536
   -0.2235   -0.1413    0.9644
    0.7090   -0.7025    0.0614
    0.6688    0.6975    0.2572
...    98 T-A ...
    6.9059 -122.8533  -34.2487
    0.1404   -0.4854    0.8630
    0.7405   -0.5271   -0.4169
    0.6572    0.6976    0.2854
...    99 G-C ...
    9.2304 -120.7793  -33.0879
    0.4684   -0.7595    0.4514
    0.5779   -0.1230   -0.8068
    0.6683    0.6387    0.3813
...   100 T-A ...
   11.1391 -118.7813  -31.2428
    0.6950   -0.7179   -0.0388
    0.2630    0.3040   -0.9156
    0.6691    0.6262    0.4001
...   101 T-A ...
   13.2180 -116.8702  -29.6126
    0.7521   -0.3805   -0.5380
   -0.1874    0.6592   -0.7282
    0.6318    0.6486    0.4245
...   102 A-T ...
   15.0140 -114.2970  -28.3589
    0.4943    0.1623   -0.8540
   -0.6395    0.7334   -0.2307
    0.5889    0.6601    0.4663
...   103 T-A ...
   17.4129 -112.6247  -26.8134
    0.1099    0.5232   -0.8451
   -0.8112    0.5386    0.2279
    0.5744    0.6605    0.4836
...   104 A-T ...
   19.1335 -110.3492  -25.0870
   -0.4183    0.7124   -0.5634
   -0.7264    0.1100    0.6784
    0.5453    0.6930    0.4715
...   105 A-T ...
   21.0080 -108.0616  -23.7733
   -0.7660    0.6348   -0.1013
   -0.3757   -0.3142    0.8719
    0.5216    0.7059    0.4791
...   106 C-G ...
   22.7111 -105.4525  -22.7654
   -0.8797    0.3437    0.3286
    0.0707   -0.5888    0.8052
    0.4702    0.7316    0.4936
...   107 G-C ...
   24.0942 -103.1195  -20.8273
   -0.7722   -0.1451    0.6186
    0.5468   -0.6476    0.5307
    0.3236    0.7480    0.5794
...   108 G-C ...
   24.6349 -100.4556  -18.8243
   -0.4018   -0.5457    0.7353
    0.8853   -0.4368    0.1596
    0.2341    0.7151    0.6586
...   109 A-T ...
   25.2061  -98.1850  -16.5432
    0.1725   -0.7293    0.6620
    0.9633   -0.0155   -0.2681
    0.2057    0.6840    0.6999
...   110 G-C ...
   25.5714  -96.0640  -14.0223
    0.6384   -0.6655    0.3868
    0.7399    0.3921   -0.5466
    0.2120    0.6351    0.7427
...   111 G-C ...
   26.2400  -94.2623  -11.2398
    0.9242   -0.3816   -0.0161
    0.2850    0.7170   -0.6361
    0.2543    0.5833    0.7714
...   112 C-G ...
   27.1348  -92.6835   -8.4510
    0.9233    0.0645   -0.3785
   -0.2664    0.8176   -0.5104
    0.2766    0.5721    0.7721
...   113 T-A ...
   28.2785  -91.0250   -5.8098
    0.6313    0.4738   -0.6140
   -0.7144    0.6633   -0.2228
    0.3016    0.5793    0.7572
...   114 C-G ...
   29.3441  -89.1788   -3.3057
    0.0806    0.7658   -0.6380
   -0.9528    0.2472    0.1763
    0.2928    0.5937    0.7495
...   115 G-C ...
   29.8893  -87.1892   -0.6729
   -0.4922    0.7039   -0.5121
   -0.8387   -0.2259    0.4956
    0.2332    0.6734    0.7015
...   116 T-A ...
   31.0184  -84.7189    1.2049
   -0.8638    0.4566   -0.2131
   -0.4659   -0.5627    0.6828
    0.1918    0.6891    0.6988
...   117 A-T ...
   31.4942  -82.2724    3.4071
   -0.9936   -0.0182    0.1114
    0.0917   -0.7053    0.7029
    0.0658    0.7086    0.7025
...   118 T-A ...
   31.4188  -79.5554    5.2300
   -0.8198   -0.3853    0.4237
    0.5714   -0.6002    0.5597
    0.0387    0.7009    0.7122
...   119 A-T ...
   31.1468  -77.2398    7.6107
   -0.3783   -0.7403    0.5557
    0.9239   -0.2643    0.2768
   -0.0580    0.6181    0.7839
...   120 A-T ...
   30.6553  -75.2955   10.1523
    0.2015   -0.7749    0.5991
    0.9768    0.2045   -0.0641
   -0.0729    0.5981    0.7981
...   121 T-A ...
   29.7958  -73.6629   12.8750
    0.6639   -0.5720    0.4818
    0.7438    0.5721   -0.3457
   -0.0779    0.5879    0.8052
...   122 G-C ...
   29.8270  -71.7136   15.5647
    0.9721   -0.1926    0.1336
    0.2342    0.8209   -0.5208
   -0.0094    0.5376    0.8431
...   123 T-A ...
   29.8310  -70.4998   18.6598
    0.9512    0.2585   -0.1686
   -0.3086    0.8056   -0.5057
    0.0051    0.5330    0.8461
...   124 G-C ...
   29.8320  -68.4800   21.2912
    0.5978    0.6405   -0.4821
   -0.7993    0.5222   -0.2973
    0.0613    0.5631    0.8241
...   125 T-A ...
   30.6094  -66.8385   24.0811
    0.0897    0.8115   -0.5775
   -0.9943    0.1064   -0.0050
    0.0574    0.5746    0.8164
...   126 C-G ...
   30.8931  -64.9290   26.7352
   -0.5130    0.7049   -0.4898
   -0.8575   -0.3945    0.3303
    0.0396    0.5895    0.8068
...   127 G-C ...
   30.7003  -63.1610   29.5614
   -0.8992    0.2984   -0.3201
   -0.4326   -0.7164    0.5474
   -0.0660    0.6307    0.7733
...   128 A-T ...
   30.4979  -61.0250   32.0200
   -0.9793   -0.2019    0.0135
    0.1650   -0.7581    0.6309
   -0.1172    0.6200    0.7758
...   129 C-G ...
   29.7815  -58.6195   34.1454
   -0.7501   -0.5914    0.2958
    0.6414   -0.5419    0.5430
   -0.1608    0.5971    0.7859
...   130 C-G ...
   28.7998  -56.6010   36.6664
   -0.2782   -0.8495    0.4483
    0.9348   -0.1323    0.3295
   -0.2206    0.5108    0.8309
...   131 A-T ...
   28.0381  -55.0511   39.5218
    0.3070   -0.8405    0.4465
    0.9230    0.3772    0.0755
   -0.2319    0.3890    0.8916
...   132 A-T ...
   27.0818  -54.0175   42.4396
    0.7736   -0.4907    0.4010
    0.5897    0.7892   -0.1717
   -0.2322    0.3693    0.8999
...   133 A-T ...
   26.2537  -53.1128   45.4442
    0.9703    0.0411    0.2382
    0.0480    0.9331   -0.3565
   -0.2369    0.3573    0.9034
...   134 T-A ...
   25.6210  -52.5914   48.6399
    0.8597    0.5097    0.0340
   -0.4497    0.7866   -0.4231
   -0.2424    0.3485    0.9054
...   135 G-C ...
   25.2758  -52.5096   52.0791
    0.3204    0.9427   -0.0928
   -0.8825    0.2614   -0.3910
   -0.3443    0.2071    0.9157
...   136 T-A ...
   25.5259  -52.9787   55.8049
   -0.2439    0.9563   -0.1610
   -0.8908   -0.2866   -0.3525
   -0.3833    0.0575    0.9218
...   137 G-C ...
   24.8934  -52.7378   58.9864
   -0.7529    0.5562   -0.3519
   -0.5215   -0.8303   -0.1966
   -0.4015    0.0355    0.9152
...   138 A-T ...
   24.0144  -51.6374   61.9241
   -0.9563    0.0401   -0.2896
   -0.0524   -0.9980    0.0347
   -0.2876    0.0484    0.9565
...   139 G-C ...
   22.3468  -51.2412   64.4939
   -0.8529   -0.5118   -0.1033
    0.4974   -0.8566    0.1373
   -0.1587    0.0657    0.9851
...   140 C-G ...
   22.1504  -50.1499   67.4638
   -0.4681   -0.8748    0.1248
    0.8495   -0.4066    0.3362
   -0.2434    0.2634    0.9335
...   141 G-C ...
   21.4257  -51.8267   72.7875
    0.1303   -0.7143   -0.6876
    0.8897   -0.2217    0.3990
   -0.4375   -0.6638    0.6066
...   142 C-G ...
   20.4247  -54.3095   74.5418
    0.5846   -0.7390   -0.3348
    0.7594    0.3532    0.5465
   -0.2856   -0.5737    0.7676
...   143 T-A ...
   18.4272  -55.5290   76.5298
    0.8548   -0.5005    0.1370
    0.3188    0.7148    0.6224
   -0.4095   -0.4884    0.7706
...   144 C-G ...
   16.8373  -57.7222   78.2673
    0.8529   -0.0846    0.5151
   -0.1508    0.9048    0.3983
   -0.4998   -0.4174    0.7589
...   145 A-T ...
   15.7830  -59.5616   80.7980
    0.5516    0.4995    0.6680
   -0.6739    0.7388    0.0039
   -0.4916   -0.4523    0.7441
...   146 C-G ...
   15.7316  -61.4941   83.9316
    0.0344    0.7399    0.6718
   -0.8637    0.3602   -0.3526
   -0.5029   -0.5681    0.6514
...   147 A-T ...
   14.7385  -63.4279   86.8192
   -0.5924    0.6746    0.4405
   -0.6886   -0.1401   -0.7114
   -0.4182   -0.7248    0.5475
