  147 base-pairs
...     1 T-A ...
    0.0000    0.0000    0.0000
    1.0000    0.0000    0.0000
    0.0000    1.0000    0.0000
    0.0000    0.0000    1.0000
...     2 G-C ...
   -0.5555   -1.1003    3.3981
    0.7749    0.6051    0.1828
   -0.5991    0.7953   -0.0929
   -0.2016   -0.0375    0.9787
...     3 T-A ...
   -0.6619   -3.0237    6.5348
    0.3046    0.9250    0.2271
   -0.8994    0.3578   -0.2510
   -0.3134   -0.1278    0.9410
...     4 G-C ...
   -1.1607   -3.8418    9.6940
   -0.3351    0.9421    0.0133
   -0.8752   -0.3061   -0.3746
   -0.3489   -0.1372    0.9271
...     5 A-T ...
   -1.3881   -3.6770   12.8999
   -0.7835    0.6162   -0.0801
   -0.5677   -0.7622   -0.3109
   -0.2527   -0.1981    0.9470
...     6 G-C ...
   -2.6236   -3.5448   15.7072
   -0.9923    0.0611   -0.1075
   -0.0294   -0.9610   -0.2748
   -0.1201   -0.2695    0.9555
...     7 C-G ...
   -2.3138   -3.7570   18.8866
   -0.8620   -0.4995   -0.0864
    0.5008   -0.8655    0.0073
   -0.0785   -0.0370    0.9962
...     8 G-C ...
   -3.9561   -6.8109   23.3205
   -0.2581   -0.3560   -0.8981
    0.6294   -0.7673    0.1233
   -0.7330   -0.5335    0.4221
...     9 C-G ...
   -6.1177   -8.9414   24.2385
    0.1143   -0.7320   -0.6716
    0.8123   -0.3203    0.4874
   -0.5720   -0.6013    0.5580
...    10 T-A ...
   -8.5041   -9.6771   26.0540
    0.4660   -0.8587   -0.2131
    0.6274    0.1508    0.7640
   -0.6239   -0.4897    0.6090
...    11 C-G ...
  -11.0625  -11.3174   27.2336
    0.6660   -0.6911    0.2808
    0.3382    0.6152    0.7121
   -0.6649   -0.3794    0.6435
...    12 A-T ...
  -13.0013  -13.1789   29.0658
    0.7188   -0.1490    0.6790
   -0.1787    0.9043    0.3876
   -0.6718   -0.4000    0.6235
...    13 C-G ...
  -14.1788  -15.9359   31.3399
    0.4052    0.2865    0.8682
   -0.5270    0.8492   -0.0343
   -0.7470   -0.4437    0.4951
...    14 A-T ...
  -15.9532  -18.1566   33.3080
   -0.1503    0.6873    0.7107
   -0.6106    0.5008   -0.6135
   -0.7776   -0.5261    0.3444
...    15 A-T ...
  -18.3982  -19.9592   34.4238
   -0.4578    0.8611    0.2210
   -0.3901    0.0288   -0.9203
   -0.7989   -0.5075    0.3227
...    16 T-A ...
  -20.8174  -21.5392   36.1905
   -0.6207    0.7243   -0.3002
   -0.0647   -0.4288   -0.9011
   -0.7813   -0.5399    0.3130
...    17 T-A ...
  -23.3981  -23.0938   37.5259
   -0.5559    0.3228   -0.7660
    0.3239   -0.7646   -0.5572
   -0.7655   -0.5579    0.3205
...    18 T-A ...
  -25.9808  -24.7505   38.5281
   -0.2348   -0.1198   -0.9646
    0.5666   -0.8232   -0.0357
   -0.7898   -0.5550    0.2612
...    19 A-T ...
  -28.5749  -26.7042   39.1762
    0.2026   -0.4895   -0.8481
    0.5726   -0.6434    0.5081
   -0.7944   -0.5886    0.1499
...    20 T-A ...
  -31.5175  -28.2299   39.1605
    0.4687   -0.7505   -0.4659
    0.3812   -0.3039    0.8731
   -0.7968   -0.5869    0.1436
...    21 T-A ...
  -34.1826  -30.1192   39.3111
    0.5914   -0.7967    0.1244
    0.0223    0.1704    0.9851
   -0.8060   -0.5799    0.1186
...    22 C-G ...
  -36.7752  -32.1067   39.6676
    0.5065   -0.5335    0.6773
   -0.3470    0.5930    0.7266
   -0.7893   -0.6031    0.1152
...    23 G-C ...
  -39.5180  -33.7946   40.6235
    0.3198   -0.0399    0.9467
   -0.6075    0.7581    0.2371
   -0.7271   -0.6509    0.2182
...    24 C-G ...
  -41.6327  -36.2035   41.3157
   -0.0080    0.3982    0.9172
   -0.6823    0.6684   -0.2962
   -0.7310   -0.6283    0.2664
...    25 A-T ...
  -44.3754  -38.0273   41.7746
   -0.3727    0.7425    0.5566
   -0.5386    0.3153   -0.7813
   -0.7556   -0.5910    0.2824
...    26 A-T ...
  -46.7954  -39.9531   42.8804
   -0.6151    0.7884    0.0112
   -0.2236   -0.1608   -0.9613
   -0.7561   -0.5938    0.2752
...    27 A-T ...
  -49.1904  -41.7966   44.1069
   -0.6382    0.5438   -0.5450
    0.1903   -0.5744   -0.7961
   -0.7460   -0.6118    0.2631
...    28 G-C ...
  -51.9382  -43.4313   45.1981
   -0.3855    0.1984   -0.9011
    0.4840   -0.7880   -0.3805
   -0.7856   -0.5829    0.2077
...    29 G-C ...
  -54.9341  -45.0827   45.7427
    0.0317   -0.2159   -0.9759
    0.6016   -0.7756    0.1911
   -0.7982   -0.5931    0.1053
...    30 C-G ...
  -57.7697  -46.7381   45.6810
    0.4093   -0.5614   -0.7192
    0.4623   -0.5519    0.6940
   -0.7866   -0.6166    0.0337
...    31 C-G ...
  -60.5034  -48.6603   45.5089
    0.6604   -0.7183   -0.2188
    0.1315   -0.1762    0.9755
   -0.7393   -0.6730   -0.0220
...    32 G-C ...
  -62.5712  -50.9345   45.6804
    0.7069   -0.6348    0.3120
   -0.2649    0.1714    0.9489
   -0.6559   -0.7534   -0.0469
...    33 G-C ...
  -64.3063  -53.8277   45.5305
    0.4738   -0.3971    0.7860
   -0.6444    0.4521    0.6168
   -0.6003   -0.7987   -0.0417
...    34 C-G ...
  -65.9392  -56.6678   45.3916
    0.0504   -0.0535    0.9973
   -0.8134    0.5773    0.0721
   -0.5796   -0.8148   -0.0145
...    35 C-G ...
  -67.7056  -59.5616   45.7185
   -0.4097    0.3010    0.8611
   -0.7122    0.4843   -0.5082
   -0.5700   -0.8215    0.0160
...    36 C-G ...
  -69.5343  -62.3814   46.0536
   -0.7183    0.5501    0.4259
   -0.3738    0.2111   -0.9031
   -0.5868   -0.8079    0.0540
...    37 G-C ...
  -71.4821  -65.1235   45.1632
   -0.7634    0.6240   -0.1668
    0.1164   -0.1210   -0.9858
   -0.6353   -0.7720    0.0197
...    38 A-T ...
  -73.3673  -67.6519   45.3065
   -0.5438    0.4458   -0.7111
    0.5603   -0.4380   -0.7030
   -0.6248   -0.7807   -0.0116
...    39 C-G ...
  -75.7564  -69.7863   45.3028
   -0.1382    0.2014   -0.9697
    0.7575   -0.6093   -0.2345
   -0.6381   -0.7669   -0.0684
...    40 A-T ...
  -77.9667  -72.2696   44.8974
    0.3828   -0.0917   -0.9193
    0.6908   -0.6322    0.3507
   -0.6134   -0.7693   -0.1787
...    41 C-G ...
  -80.0660  -74.5215   43.7769
    0.7242   -0.3450   -0.5971
    0.3879   -0.5120    0.7664
   -0.5701   -0.7867   -0.2369
...    42 G-C ...
  -81.7116  -77.3913   43.3100
    0.8626   -0.5056   -0.0191
   -0.1346   -0.2657    0.9546
   -0.4877   -0.8209   -0.2972
...    43 A-T ...
  -83.2467  -79.9861   42.2970
    0.6204   -0.5615    0.5476
   -0.6182    0.0795    0.7820
   -0.4826   -0.8236   -0.2978
...    44 C-G ...
  -84.3016  -82.7883   40.8836
    0.2171   -0.3976    0.8915
   -0.8679    0.3395    0.3627
   -0.4469   -0.8524   -0.2714
...    45 T-A ...
  -85.2119  -86.1808   39.9604
   -0.3096   -0.1254    0.9426
   -0.8448    0.4913   -0.2121
   -0.4365   -0.8619   -0.2580
...    46 T-A ...
  -86.2628  -89.1566   39.1654
   -0.7222    0.1212    0.6809
   -0.5493    0.4977   -0.6712
   -0.4203   -0.8588   -0.2929
...    47 A-T ...
  -87.7600  -91.8727   37.7872
   -0.9168    0.3923    0.0748
    0.0561    0.3119   -0.9485
   -0.3954   -0.8654   -0.3079
...    48 C-G ...
  -89.2692  -94.8343   37.4017
   -0.7396    0.5093   -0.4400
    0.5394    0.0576   -0.8401
   -0.4025   -0.8587   -0.3173
...    49 T-A ...
  -90.9998  -97.6039   36.5231
   -0.2997    0.5271   -0.7952
    0.8494   -0.2321   -0.4739
   -0.4344   -0.8175   -0.3782
...    50 G-C ...
  -92.4749 -100.2246   34.9706
    0.2866    0.4199   -0.8611
    0.8697   -0.4911    0.0500
   -0.4019   -0.7632   -0.5060
...    51 T-A ...
  -94.1419 -102.2897   33.1676
    0.7025    0.1833   -0.6877
    0.6171   -0.6382    0.4602
   -0.3546   -0.7477   -0.5614
...    52 A-T ...
  -95.1481 -104.3432   30.7004
    0.9749   -0.0207   -0.2218
    0.1486   -0.6817    0.7164
   -0.1660   -0.7313   -0.6615
...    53 G-C ...
  -95.7543 -106.4591   28.3250
    0.9331   -0.2668    0.2412
   -0.3572   -0.6098    0.7075
   -0.0416   -0.7463   -0.6643
...    54 G-C ...
  -95.2251 -108.7270   25.5365
    0.5879   -0.4866    0.6462
   -0.8073   -0.4037    0.4305
    0.0514   -0.7748   -0.6301
...    55 T-A ...
  -94.4776 -111.1819   23.5043
    0.0861   -0.6159    0.7831
   -0.9928   -0.1191    0.0154
    0.0838   -0.7788   -0.6217
...    56 A-T ...
  -93.7232 -113.9091   21.6201
   -0.5136   -0.5461    0.6618
   -0.8516    0.2305   -0.4707
    0.1045   -0.8054   -0.5835
...    57 T-A ...
  -92.7754 -116.7246   20.1547
   -0.8769   -0.3759    0.2997
   -0.4615    0.4835   -0.7438
    0.1347   -0.7905   -0.5975
...    58 C-G ...
  -92.3340 -119.5604   18.3790
   -0.9714   -0.0062   -0.2373
    0.1808    0.6283   -0.7566
    0.1538   -0.7779   -0.6092
...    59 T-A ...
  -92.1114 -122.3283   16.4809
   -0.7300    0.3623   -0.5795
    0.6718    0.5360   -0.5112
    0.1254   -0.7625   -0.6347
...    60 C-G ...
  -91.6651 -124.9349   14.3809
   -0.1979    0.6300   -0.7509
    0.9696    0.2381   -0.0559
    0.1436   -0.7392   -0.6580
...    61 G-C ...
  -90.6509 -127.1696   12.1724
    0.2843    0.7921   -0.5401
    0.9356   -0.1062    0.3367
    0.2094   -0.6011   -0.7713
...    62 A-T ...
  -89.8564 -129.3159    9.8587
    0.7338    0.6542   -0.1831
    0.6054   -0.5075    0.6132
    0.3083   -0.5608   -0.7685
...    63 G-C ...
  -88.7502 -130.7780    7.0934
    0.9051    0.3562    0.2322
    0.1521   -0.7811    0.6056
    0.3971   -0.5129   -0.7611
...    64 C-G ...
  -87.2223 -131.9689    4.3150
    0.8046   -0.1137    0.5829
   -0.3726   -0.8609    0.3464
    0.4624   -0.4959   -0.7350
...    65 T-A ...
  -85.4853 -133.3111    1.8523
    0.4609   -0.5123    0.7246
   -0.7109   -0.7019   -0.0441
    0.5312   -0.4948   -0.6877
...    66 C-G ...
  -83.8252 -135.2996   -0.0977
   -0.0483   -0.8097    0.5848
   -0.7906   -0.3268   -0.5178
    0.6104   -0.4874   -0.6244
...    67 G-C ...
  -82.5924 -137.3540   -2.6609
   -0.5098   -0.8364    0.2014
   -0.5793    0.1606   -0.7992
    0.6361   -0.5240   -0.5664
...    68 G-C ...
  -80.3682 -139.2575   -4.3569
   -0.7658   -0.5870   -0.2626
   -0.1934    0.5996   -0.7766
    0.6133   -0.5439   -0.5727
...    69 G-C ...
  -78.3925 -141.2755   -6.1470
   -0.7886   -0.1196   -0.6031
    0.2732    0.8106   -0.5180
    0.5508   -0.5733   -0.6066
...    70 A-T ...
  -76.6096 -143.4396   -8.0073
   -0.4550    0.3901   -0.8005
    0.6857    0.7270   -0.0354
    0.5682   -0.5650   -0.5983
...    71 T-A ...
  -75.2403 -145.6307  -10.0703
   -0.0421    0.7221   -0.6905
    0.8167    0.4230    0.3926
    0.5756   -0.5474   -0.6076
...    72 C-G ...
  -73.4963 -147.4302  -12.2332
    0.4255    0.8523   -0.3043
    0.6760   -0.0758    0.7330
    0.6016   -0.5176   -0.6084
...    73 C-G ...
  -71.7221 -149.3417  -14.2552
    0.6007    0.7705    0.2131
    0.3511   -0.4937    0.7956
    0.7182   -0.4031   -0.5671
...    74 G-C ...
  -69.0757 -150.7327  -15.7124
    0.5473    0.4649    0.6959
    0.0238   -0.8399    0.5423
    0.8366   -0.2802   -0.4707
...    75 C-G ...
  -66.0663 -151.1028  -17.3704
    0.4359   -0.0843    0.8960
   -0.2676   -0.9627    0.0396
    0.8593   -0.2570   -0.4422
...    76 T-A ...
  -62.7601 -151.6222  -18.3511
    0.1920   -0.6065    0.7715
   -0.3961   -0.7672   -0.5045
    0.8979   -0.2088   -0.3875
...    77 T-A ...
  -59.6716 -152.0781  -19.3108
   -0.0385   -0.9479    0.3163
   -0.4169   -0.2725   -0.8671
    0.9081   -0.1652   -0.3847
...    78 T-A ...
  -56.5681 -152.5354  -20.2252
   -0.2229   -0.9400   -0.2582
   -0.3232    0.3211   -0.8902
    0.9197   -0.1150   -0.3754
...    79 A-T ...
  -53.4722 -152.6282  -21.7396
   -0.3153   -0.5073   -0.8020
   -0.1236    0.8599   -0.4953
    0.9409   -0.0570   -0.3338
...    80 T-A ...
  -50.3641 -153.5000  -22.5052
   -0.2925    0.0012   -0.9563
    0.0327    0.9994   -0.0088
    0.9557   -0.0339   -0.2923
...    81 C-G ...
  -47.1888 -153.7053  -23.3400
   -0.2492    0.6175   -0.7460
    0.1685    0.7862    0.5945
    0.9537    0.0225   -0.3000
...    82 A-T ...
  -43.8970 -153.7059  -24.0740
   -0.2300    0.9384   -0.2578
    0.2757    0.3168    0.9075
    0.9333    0.1377   -0.3316
...    83 T-A ...
  -41.0865 -153.1975  -25.5846
   -0.1335    0.9626    0.2358
    0.3581   -0.1750    0.9171
    0.9241    0.2069   -0.3213
...    84 G-C ...
  -37.9858 -152.1083  -26.8027
   -0.0634    0.6647    0.7444
    0.3926   -0.6691    0.6310
    0.9175    0.3323   -0.2186
...    85 T-A ...
  -35.3160 -150.3766  -27.7210
    0.0909    0.2264    0.9698
    0.3943   -0.9024    0.1737
    0.9145    0.3666   -0.1713
...    86 T-A ...
  -32.5181 -148.9991  -28.0806
    0.2168   -0.2972    0.9299
    0.3280   -0.8750   -0.3561
    0.9195    0.3822   -0.0922
...    87 A-T ...
  -29.3998 -147.8916  -28.2440
    0.2836   -0.7607    0.5839
    0.1999   -0.5486   -0.8118
    0.9379    0.3470   -0.0035
...    88 T-A ...
  -26.5452 -146.5135  -27.5586
    0.3672   -0.9238    0.1082
    0.0518   -0.0958   -0.9941
    0.9287    0.3706    0.0127
...    89 A-T ...
  -23.4332 -145.1638  -27.7413
    0.3553   -0.7722   -0.5267
   -0.1661    0.5023   -0.8486
    0.9199    0.3890    0.0502
...    90 A-T ...
  -20.4548 -144.0035  -27.3932
    0.2370   -0.3360   -0.9115
   -0.3591    0.8415   -0.4036
    0.9027    0.4230    0.0788
...    91 C-G ...
  -17.1250 -143.1964  -26.9197
    0.0264    0.1890   -0.9816
   -0.4530    0.8776    0.1568
    0.8911    0.4406    0.1088
...    92 G-C ...
  -14.4125 -141.4361  -26.6183
   -0.3260    0.5946   -0.7350
   -0.4032    0.6158    0.6770
    0.8551    0.5170    0.0390
...    93 G-C ...
  -11.5992 -139.7467  -26.7575
   -0.5713    0.7677   -0.2902
   -0.1726    0.2333    0.9570
    0.8024    0.5968   -0.0007
...    94 A-T ...
   -8.9857 -137.7881  -26.9748
   -0.6399    0.7172    0.2761
    0.1678   -0.2202    0.9609
    0.7499    0.6612    0.0206
...    95 A-T ...
   -6.6538 -135.5416  -27.0560
   -0.4731    0.4455    0.7601
    0.5030   -0.5717    0.6482
    0.7233    0.6890    0.0464
...    96 C-G ...
   -4.7979 -132.8041  -27.1456
   -0.2008    0.0709    0.9771
    0.6799   -0.7080    0.1911
    0.7053    0.7027    0.0939
...    97 A-T ...
   -2.6377 -130.3453  -26.5599
    0.1007   -0.4033    0.9095
    0.7204   -0.6009   -0.3462
    0.6862    0.6901    0.2300
...    98 C-G ...
   -0.7973 -127.8672  -25.2500
    0.4278   -0.6753    0.6007
    0.5927   -0.2921   -0.7506
    0.6824    0.6772    0.2753
...    99 T-A ...
    1.3564 -125.5333  -23.4956
    0.6701   -0.7371    0.0880
    0.2822    0.1433   -0.9486
    0.6865    0.6605    0.3041
...   100 T-A ...
    3.5175 -123.5243  -22.1014
    0.7475   -0.4810   -0.4581
   -0.1545    0.5449   -0.8241
    0.6461    0.6868    0.3330
...   101 T-A ...
    5.6607 -121.5075  -20.6865
    0.5616   -0.0513   -0.8258
   -0.5604    0.7107   -0.4252
    0.6087    0.7016    0.3704
...   102 A-T ...
    7.4655 -118.9231  -19.4725
    0.1150    0.3885   -0.9142
   -0.8010    0.5806    0.1459
    0.5875    0.7155    0.3780
...   103 T-A ...
    9.8993 -116.9227  -18.6172
   -0.2876    0.5897   -0.7547
   -0.7701    0.3260    0.5482
    0.5694    0.7389    0.3604
...   104 G-C ...
   11.8592 -114.3834  -17.7199
   -0.7480    0.5884   -0.3070
   -0.4245   -0.0686    0.9028
    0.5102    0.8056    0.3011
...   105 C-G ...
   13.2251 -111.5141  -17.1735
   -0.8999    0.3960    0.1828
    0.0199   -0.3815    0.9242
    0.4357    0.8353    0.3354
...   106 T-A ...
   14.4002 -108.3947  -16.3766
   -0.7662    0.0768    0.6380
    0.5201   -0.5091    0.6858
    0.3775    0.8572    0.3502
...   107 T-A ...
   15.3624 -105.5453  -15.3185
   -0.3952   -0.2762    0.8761
    0.8619   -0.4413    0.2497
    0.3177    0.8538    0.4125
...   108 C-G ...
   16.0894 -102.7639  -13.7541
    0.1115   -0.5344    0.8378
    0.9503   -0.1892   -0.2472
    0.2907    0.8237    0.4868
...   109 C-G ...
   16.8353 -100.1352  -11.9374
    0.5431   -0.6399    0.5437
    0.7751    0.1332   -0.6176
    0.3227    0.7568    0.5684
...   110 G-C ...
   18.1352  -97.9724  -10.2492
    0.8232   -0.5559    0.1155
    0.4278    0.4736   -0.7699
    0.3733    0.6831    0.6277
...   111 G-C ...
   19.7702  -96.1448   -7.9183
    0.9085   -0.2360   -0.3449
   -0.0661    0.7337   -0.6762
    0.4127    0.6371    0.6510
...   112 C-G ...
   21.4613  -94.5038   -5.5289
    0.7190    0.1823   -0.6707
   -0.5416    0.7517   -0.3763
    0.4356    0.6338    0.6392
...   113 T-A ...
   23.0414  -92.5742   -3.3761
    0.3316    0.5395   -0.7739
   -0.8349    0.5498    0.0256
    0.4394    0.6376    0.6327
...   114 C-G ...
   24.4708  -90.4224   -1.2780
   -0.2195    0.7409   -0.6347
   -0.8780    0.1337    0.4597
    0.4255    0.6581    0.6212
...   115 G-C ...
   25.4329  -88.2942    1.0683
   -0.7114    0.6270   -0.3175
   -0.6095   -0.3253    0.7230
    0.3500    0.7078    0.6135
...   116 T-A ...
   26.5170  -85.5659    2.5175
   -0.9442    0.3234    0.0625
   -0.1551   -0.6038    0.7819
    0.2906    0.7285    0.6203
...   117 A-T ...
   27.1806  -82.5800    4.1386
   -0.9105   -0.1498    0.3855
    0.3833   -0.6557    0.6505
    0.1553    0.7401    0.6544
...   118 T-A ...
   27.1988  -79.8266    5.8066
   -0.6155   -0.4579    0.6414
    0.7751   -0.4992    0.3874
    0.1428    0.7356    0.6622
...   119 A-T ...
   27.5436  -77.5362    8.1144
   -0.1492   -0.7358    0.6606
    0.9864   -0.1571    0.0478
    0.0686    0.6588    0.7492
...   120 A-T ...
   27.4014  -75.5161   10.6313
    0.4122   -0.7287    0.5468
    0.9092    0.2900   -0.2988
    0.0592    0.6203    0.7821
...   121 T-A ...
   27.0258  -73.8431   13.4916
    0.8165   -0.4786    0.3230
    0.5755    0.6294   -0.5221
    0.0465    0.6122    0.7893
...   122 G-C ...
   27.1789  -72.0393   16.3691
    0.9947   -0.0664   -0.0783
    0.0070    0.8043   -0.5942
    0.1024    0.5905    0.8005
...   123 T-A ...
   27.6737  -70.5477   19.2412
    0.8719    0.3379   -0.3544
   -0.4787    0.7404   -0.4719
    0.1030    0.5811    0.8073
...   124 G-C ...
   28.1310  -68.6611   21.9231
    0.4414    0.6691   -0.5980
   -0.8852    0.4337   -0.1682
    0.1468    0.6036    0.7837
...   125 T-A ...
   29.0983  -66.9206   24.4659
   -0.0760    0.7772   -0.6246
   -0.9869    0.0307    0.1583
    0.1422    0.6284    0.7647
...   126 C-G ...
   29.6030  -64.8996   26.8459
   -0.6328    0.6530   -0.4161
   -0.7608   -0.4245    0.4909
    0.1439    0.6272    0.7654
...   127 G-C ...
   29.5967  -63.0365   29.5202
   -0.9308    0.2501   -0.2664
   -0.3647   -0.6823    0.6336
   -0.0234    0.6869    0.7264
...   128 A-T ...
   29.6722  -60.8774   31.7945
   -0.9724   -0.1967    0.1257
    0.2303   -0.7217    0.6527
   -0.0377    0.6637    0.7471
...   129 C-G ...
   29.1635  -58.2522   33.7119
   -0.7121   -0.5767    0.4004
    0.6967   -0.5102    0.5043
   -0.0865    0.6381    0.7651
...   130 C-G ...
   28.0362  -56.2159   36.2292
   -0.2602   -0.8335    0.4875
    0.9504   -0.1321    0.2814
   -0.1702    0.5365    0.8265
...   131 A-T ...
   27.7588  -54.8821   39.2638
    0.2891   -0.8637    0.4130
    0.9414    0.3347    0.0411
   -0.1737    0.3769    0.9098
...   132 A-T ...
   27.0472  -53.8938   42.3054
    0.7642   -0.5375    0.3564
    0.6194    0.7658   -0.1731
   -0.1799    0.3530    0.9182
...   133 A-T ...
   26.2404  -53.0988   45.3899
    0.9720    0.0316    0.2328
    0.0553    0.9323   -0.3574
   -0.2283    0.3603    0.9045
...   134 T-A ...
   25.6208  -52.5914   48.6400
    0.8597    0.5097    0.0340
   -0.4497    0.7866   -0.4231
   -0.2424    0.3485    0.9054
...   135 G-C ...
   25.2757  -52.5096   52.0791
    0.3204    0.9427   -0.0928
   -0.8825    0.2614   -0.3910
   -0.3443    0.2071    0.9157
...   136 T-A ...
   25.5257  -52.9787   55.8049
   -0.2439    0.9563   -0.1610
   -0.8908   -0.2866   -0.3525
   -0.3833    0.0575    0.9218
...   137 G-C ...
   24.8933  -52.7378   58.9865
   -0.7529    0.5562   -0.3519
   -0.5215   -0.8303   -0.1966
   -0.4015    0.0355    0.9152
...   138 A-T ...
   24.0143  -51.6374   61.9242
   -0.9563    0.0401   -0.2896
   -0.0524   -0.9980    0.0347
   -0.2876    0.0484    0.9565
...   139 G-C ...
   22.3466  -51.2412   64.4940
   -0.8529   -0.5118   -0.1033
    0.4974   -0.8566    0.1373
   -0.1587    0.0657    0.9851
...   140 C-G ...
   22.1503  -50.1499   67.4638
   -0.4681   -0.8748    0.1248
    0.8495   -0.4066    0.3362
   -0.2434    0.2634    0.9335
...   141 G-C ...
   21.4256  -51.8266   72.7876
    0.1303   -0.7143   -0.6876
    0.8897   -0.2218    0.3990
   -0.4375   -0.6638    0.6066
...   142 C-G ...
   20.4245  -54.3095   74.5418
    0.5846   -0.7390   -0.3348
    0.7594    0.3532    0.5465
   -0.2856   -0.5737    0.7676
...   143 T-A ...
   18.4271  -55.5290   76.5298
    0.8548   -0.5005    0.1370
    0.3188    0.7148    0.6224
   -0.4095   -0.4884    0.7706
...   144 C-G ...
   16.8371  -57.7222   78.2673
    0.8529   -0.0846    0.5151
   -0.1508    0.9048    0.3983
   -0.4998   -0.4174    0.7589
...   145 A-T ...
   15.7829  -59.5616   80.7981
    0.5516    0.4995    0.6680
   -0.6739    0.7388    0.0039
   -0.4916   -0.4523    0.7441
...   146 C-G ...
   15.7314  -61.4941   83.9316
    0.0344    0.7399    0.6718
   -0.8637    0.3602   -0.3526
   -0.5029   -0.5681    0.6514
...   147 A-T ...
   14.7383  -63.4279   86.8192
   -0.5924    0.6746    0.4405
   -0.6886   -0.1401   -0.7114
   -0.4182   -0.7248    0.5475
