  147 base-pairs
...     1 A-T ...
    0.0000    0.0000    0.0000
    1.0000    0.0000    0.0000
    0.0000    1.0000    0.0000
    0.0000    0.0000    1.0000
...     2 G-C ...
   -0.1404   -1.2353    3.2259
    0.7530    0.6366    0.1668
   -0.6385    0.7681   -0.0490
   -0.1593   -0.0696    0.9848
...     3 T-A ...
   -0.0377   -3.2918    6.3749
    0.2722    0.9302    0.2464
   -0.9238    0.3243   -0.2034
   -0.2691   -0.1722    0.9476
...     4 G-C ...
   -0.3520   -4.1638    9.4928
   -0.3756    0.9250    0.0576
   -0.8780   -0.3352   -0.3416
   -0.2967   -0.1788    0.9381
...     5 A-T ...
   -0.4480   -4.1448   12.7498
   -0.8116    0.5839   -0.0166
   -0.5522   -0.7762   -0.3042
   -0.1905   -0.2377    0.9525
...     6 G-C ...
   -1.5926   -4.1701   15.6201
   -0.9976    0.0246   -0.0651
   -0.0043   -0.9555   -0.2950
   -0.0694   -0.2940    0.9533
...     7 C-G ...
   -1.1050   -4.4793   18.7363
   -0.8442   -0.5302   -0.0787
    0.5343   -0.8442   -0.0430
   -0.0437   -0.0784    0.9960
...     8 G-C ...
   -2.4044   -7.7255   23.1483
   -0.2753   -0.3294   -0.9032
    0.6650   -0.7437    0.0686
   -0.6943   -0.5817    0.4238
...     9 C-G ...
   -4.4706   -9.9691   24.1142
    0.1145   -0.7026   -0.7023
    0.8512   -0.2951    0.4341
   -0.5123   -0.6475    0.5642
...    10 T-A ...
   -6.7420  -10.8705   25.9717
    0.4841   -0.8363   -0.2573
    0.6594    0.1554    0.7356
   -0.5752   -0.5257    0.6267
...    11 C-G ...
   -9.1682  -12.6167   27.1662
    0.7073   -0.6683    0.2306
    0.3450    0.6110    0.7125
   -0.6170   -0.4243    0.6627
...    12 A-T ...
  -10.9253  -14.6583   29.0713
    0.7515   -0.1377    0.6452
   -0.2027    0.8824    0.4245
   -0.6278   -0.4498    0.6352
...    13 C-G ...
  -11.8495  -17.4796   31.2472
    0.4294    0.2824    0.8578
   -0.5708    0.8209    0.0155
   -0.6998   -0.4963    0.5137
...    14 A-T ...
  -13.5915  -19.7756   33.4284
   -0.1503    0.6106    0.7775
   -0.6874    0.5007   -0.5261
   -0.7106   -0.6135    0.3445
...    15 A-T ...
  -15.7700  -21.8986   34.5133
   -0.4897    0.7995    0.3478
   -0.4607    0.1014   -0.8818
   -0.7402   -0.5920    0.3187
...    16 T-A ...
  -17.9356  -23.8174   36.2644
   -0.6801    0.7161   -0.1573
   -0.1175   -0.3182   -0.9407
   -0.7237   -0.6213    0.3005
...    17 T-A ...
  -20.3184  -25.6702   37.5962
   -0.6332    0.3922   -0.6673
    0.3082   -0.6631   -0.6821
   -0.7100   -0.6376    0.2990
...    18 T-A ...
  -22.7171  -27.5570   38.5288
   -0.3069    0.0447   -0.9507
    0.5815   -0.7820   -0.2244
   -0.7534   -0.6217    0.2140
...    19 A-T ...
  -25.2803  -29.4572   38.8316
    0.1431   -0.1685   -0.9753
    0.6193   -0.7534    0.2210
   -0.7720   -0.6356   -0.0034
...    20 T-A ...
  -28.1852  -30.9696   38.4666
    0.4438   -0.5005   -0.7433
    0.4568   -0.5873    0.6681
   -0.7709   -0.6361   -0.0321
...    21 T-A ...
  -30.8022  -32.8997   38.0345
    0.6288   -0.7334   -0.2582
    0.1162   -0.2397    0.9639
   -0.7688   -0.6361   -0.0655
...    22 C-G ...
  -33.2317  -35.0574   37.6872
    0.6013   -0.7254    0.3350
   -0.2822    0.1994    0.9384
   -0.7475   -0.6588   -0.0848
...    23 G-C ...
  -35.6579  -37.3096   38.1260
    0.4203   -0.4273    0.8005
   -0.6159    0.5134    0.5975
   -0.6663   -0.7442   -0.0474
...    24 C-G ...
  -37.5493  -39.9545   37.8369
    0.0720   -0.0614    0.9955
   -0.7443    0.6611    0.0946
   -0.6640   -0.7478    0.0019
...    25 A-T ...
  -40.0660  -42.0564   37.6009
   -0.3419    0.3459    0.8737
   -0.6411    0.5939   -0.4860
   -0.6871   -0.7263    0.0187
...    26 A-T ...
  -42.1964  -44.5446   37.8339
   -0.6507    0.6060    0.4575
   -0.3311    0.3158   -0.8892
   -0.6834   -0.7301   -0.0049
...    27 A-T ...
  -44.3034  -47.0045   38.1603
   -0.7318    0.6695   -0.1273
    0.1180   -0.0595   -0.9912
   -0.6712   -0.7404   -0.0355
...    28 G-C ...
  -46.7938  -49.2388   38.4708
   -0.5100    0.6030   -0.6134
    0.4640   -0.4076   -0.7865
   -0.7243   -0.6857   -0.0719
...    29 G-C ...
  -49.6568  -51.1768   38.3228
   -0.0893    0.3858   -0.9183
    0.6533   -0.6732   -0.3463
   -0.7518   -0.6309   -0.1919
...    30 C-G ...
  -52.4431  -52.7025   37.5521
    0.3312    0.0390   -0.9427
    0.5797   -0.7967    0.1707
   -0.7445   -0.6031   -0.2865
...    31 C-G ...
  -55.0634  -54.3700   36.3837
    0.6651   -0.3240   -0.6728
    0.2799   -0.7271    0.6269
   -0.6923   -0.6052   -0.3929
...    32 G-C ...
  -56.8080  -56.4618   35.0488
    0.7917   -0.5627   -0.2377
   -0.1305   -0.5360    0.8341
   -0.5968   -0.6294   -0.4978
...    33 G-C ...
  -58.1436  -58.8259   33.0179
    0.6234   -0.7362    0.2635
   -0.5788   -0.2079    0.7885
   -0.5257   -0.6441   -0.5557
...    34 C-G ...
  -59.4326  -61.0993   31.0577
    0.2163   -0.7216    0.6577
   -0.8449    0.1992    0.4965
   -0.4893   -0.6631   -0.5665
...    35 C-G ...
  -60.8084  -63.6331   29.2663
   -0.3003   -0.4930    0.8166
   -0.8347    0.5502    0.0252
   -0.4617   -0.6740   -0.5767
...    36 C-G ...
  -62.1784  -66.0909   27.4323
   -0.6931   -0.1019    0.7136
   -0.5440    0.7234   -0.4252
   -0.4728   -0.6829   -0.5568
...    37 G-C ...
  -63.8794  -67.5844   24.8009
   -0.8461    0.3602    0.3929
   -0.0455    0.6856   -0.7266
   -0.5311   -0.6326   -0.5637
...    38 A-T ...
  -65.3161  -69.6797   22.9791
   -0.7114    0.6985   -0.0778
    0.4701    0.3906   -0.7915
   -0.5225   -0.5996   -0.6062
...    39 C-G ...
  -67.4017  -71.4463   21.3402
   -0.3419    0.8427   -0.4160
    0.7648   -0.0077   -0.6442
   -0.5460   -0.5384   -0.6419
...    40 A-T ...
  -69.3932  -73.0383   19.2322
    0.1896    0.7854   -0.5892
    0.8172   -0.4589   -0.3486
   -0.5442   -0.4154   -0.7289
...    41 C-G ...
  -71.3709  -73.7795   16.7807
    0.6128    0.5001   -0.6119
    0.6108   -0.7910   -0.0349
   -0.5015   -0.3524   -0.7902
...    42 G-C ...
  -72.6439  -75.1873   14.0471
    0.8987    0.0185   -0.4381
    0.1359   -0.9617    0.2382
   -0.4169   -0.2736   -0.8668
...    43 A-T ...
  -73.9149  -75.9729   11.2535
    0.8158   -0.5366   -0.2156
   -0.4119   -0.8008    0.4348
   -0.4060   -0.2659   -0.8744
...    44 C-G ...
  -74.7965  -76.3357    8.0809
    0.5026   -0.8613    0.0753
   -0.7874   -0.4200    0.4513
   -0.3570   -0.2861   -0.8892
...    45 T-A ...
  -75.2645  -77.3333    4.5986
   -0.0112   -0.9557    0.2941
   -0.9403    0.1101    0.3221
   -0.3402   -0.2729   -0.8999
...    46 T-A ...
  -75.8013  -78.1640    1.4575
   -0.4895   -0.7918    0.3652
   -0.8093    0.5685    0.1479
   -0.3247   -0.2232   -0.9191
...    47 A-T ...
  -77.0220  -78.6172   -1.6280
   -0.8856   -0.2808    0.3700
   -0.3363    0.9370   -0.0939
   -0.3203   -0.2076   -0.9243
...    48 C-G ...
  -77.9798  -79.9339   -4.5331
   -0.9271    0.2508    0.2784
    0.1780    0.9486   -0.2617
   -0.3298   -0.1931   -0.9241
...    49 T-A ...
  -79.3741  -80.8856   -7.4363
   -0.6697    0.7211    0.1775
    0.6318    0.6789   -0.3741
   -0.3902   -0.1384   -0.9103
...    50 G-C ...
  -80.8877  -81.0405  -10.4533
   -0.1636    0.9822    0.0918
    0.8918    0.1870   -0.4120
   -0.4219    0.0145   -0.9065
...    51 T-A ...
  -82.7333  -80.8930  -13.0564
    0.2974    0.9545   -0.0229
    0.8667   -0.2799   -0.4129
   -0.4005    0.1029   -0.9105
...    52 A-T ...
  -84.5720  -79.4490  -15.5916
    0.7435    0.6670    0.0479
    0.6217   -0.6630   -0.4171
   -0.2464    0.3400   -0.9076
...    53 G-C ...
  -85.6250  -77.9927  -18.2630
    0.9689    0.2436   -0.0440
    0.2016   -0.8797   -0.4306
   -0.1436    0.4084   -0.9014
...    54 G-C ...
  -85.9315  -75.6064  -21.0605
    0.9450   -0.2725   -0.1810
   -0.3233   -0.8623   -0.3898
   -0.0498    0.4269   -0.9029
...    55 T-A ...
  -85.6127  -73.8876  -23.8283
    0.6574   -0.6714   -0.3421
   -0.7533   -0.5969   -0.2761
   -0.0188    0.4392   -0.8982
...    56 A-T ...
  -85.0476  -72.2727  -26.7716
    0.1268   -0.9059   -0.4041
   -0.9915   -0.1037   -0.0787
    0.0294    0.4107   -0.9113
...    57 T-A ...
  -84.1685  -70.9238  -29.6703
   -0.3779   -0.8260   -0.4183
   -0.9251    0.3550    0.1349
    0.0371    0.4379   -0.8982
...    58 C-G ...
  -83.8290  -69.6917  -32.7822
   -0.8573   -0.4420   -0.2640
   -0.5135    0.7704    0.3778
    0.0364    0.4595   -0.8875
...    59 T-A ...
  -83.7541  -68.4767  -35.8828
   -0.9999   -0.0121    0.0122
   -0.0052    0.8877    0.4603
   -0.0164    0.4602   -0.8877
...    60 C-G ...
  -83.8690  -66.9374  -38.8256
   -0.8294    0.4682    0.3047
    0.5566    0.7395    0.3786
   -0.0481    0.4837   -0.8739
...    61 G-C ...
  -83.8575  -64.9364  -41.3928
   -0.4544    0.6524    0.6066
    0.8790    0.4390    0.1863
   -0.1448    0.6178   -0.7729
...    62 A-T ...
  -84.1724  -62.9648  -43.9538
    0.1042    0.7265    0.6792
    0.9882    0.0013   -0.1529
   -0.1120    0.6871   -0.7178
...    63 G-C ...
  -84.8398  -60.4307  -45.9777
    0.5851    0.5736    0.5733
    0.8070   -0.3419   -0.4815
   -0.0801    0.7444   -0.6629
...    64 C-G ...
  -85.3475  -57.6035  -47.7627
    0.9381    0.2401    0.2498
    0.3451   -0.5831   -0.7354
   -0.0309    0.7761   -0.6299
...    65 T-A ...
  -85.4975  -54.8006  -49.4965
    0.9852   -0.1300   -0.1118
   -0.1678   -0.5982   -0.7836
    0.0350    0.7907   -0.6111
...    66 C-G ...
  -85.0842  -52.3770  -51.6112
    0.7265   -0.4725   -0.4990
   -0.6776   -0.3716   -0.6347
    0.1145    0.7992   -0.5901
...    67 G-C ...
  -85.1536  -50.1244  -54.1058
    0.2414   -0.6453   -0.7248
   -0.9540   -0.0208   -0.2992
    0.1780    0.7636   -0.6206
...    68 G-C ...
  -84.3156  -47.6399  -56.1637
   -0.3081   -0.5960   -0.7415
   -0.9374    0.3233    0.1295
    0.1626    0.7350   -0.6583
...    69 G-C ...
  -83.5921  -45.3754  -58.5126
   -0.7687   -0.3999   -0.4992
   -0.6296    0.6103    0.4807
    0.1125    0.6838   -0.7210
...    70 A-T ...
  -83.0589  -43.2918  -61.0413
   -0.9922    0.0285   -0.1216
   -0.0626    0.7286    0.6820
    0.1081    0.6843   -0.7211
...    71 T-A ...
  -82.8622  -41.4999  -63.8116
   -0.8885    0.3823    0.2537
    0.4492    0.6122    0.6507
    0.0934    0.6921   -0.7157
...    72 C-G ...
  -82.7818  -39.2861  -66.2542
   -0.4698    0.6468    0.6008
    0.8784    0.2747    0.3911
    0.0879    0.7114   -0.6972
...    73 C-G ...
  -82.6321  -37.0616  -68.6658
    0.0174    0.5946    0.8038
    0.9951   -0.0884    0.0439
    0.0972    0.7991   -0.5932
...    74 G-C ...
  -81.8585  -34.4077  -70.4315
    0.4998    0.3277    0.8017
    0.8528   -0.3479   -0.3894
    0.1513    0.8784   -0.4534
...    75 C-G ...
  -81.6733  -31.1615  -71.5925
    0.8863    0.0486    0.4606
    0.4287   -0.4624   -0.7761
    0.1753    0.8853   -0.4307
...    76 T-A ...
  -80.8791  -27.9370  -72.5028
    0.9702   -0.2412   -0.0246
   -0.1148   -0.3674   -0.9230
    0.2136    0.8982   -0.3841
...    77 T-A ...
  -79.9985  -24.9277  -73.3607
    0.7412   -0.3955   -0.5424
   -0.6381   -0.1642   -0.7522
    0.2084    0.9037   -0.3741
...    78 T-A ...
  -79.0968  -21.9897  -74.3673
    0.2681   -0.4222   -0.8659
   -0.9396    0.0842   -0.3319
    0.2130    0.9026   -0.3741
...    79 A-T ...
  -78.7986  -18.9686  -75.6197
   -0.3054   -0.2930   -0.9060
   -0.9265    0.3112    0.2116
    0.2200    0.9040   -0.3665
...    80 A-T ...
  -77.9351  -16.1780  -76.8666
   -0.7534   -0.0915   -0.6512
   -0.6233    0.4151    0.6627
    0.2097    0.9052   -0.3698
...    81 C-G ...
  -77.0260  -13.5020  -78.6471
   -0.9675    0.1280   -0.2183
   -0.1496    0.4064    0.9014
    0.2041    0.9047   -0.3740
...    82 A-T ...
  -76.4907  -10.5390  -79.9958
   -0.9059    0.2548    0.3383
    0.4036    0.2773    0.8719
    0.1283    0.9264   -0.3540
...    83 C-G ...
  -76.6159   -7.5903  -81.6162
   -0.5868    0.3330    0.7381
    0.8018    0.1117    0.5871
    0.1131    0.9363   -0.3325
...    84 T-A ...
  -76.9804   -4.2168  -82.8560
   -0.0755    0.2975    0.9517
    0.9902   -0.0903    0.1068
    0.1177    0.9504   -0.2878
...    85 T-A ...
  -76.8353   -1.1389  -83.6984
    0.4606    0.1444    0.8758
    0.8774   -0.2232   -0.4246
    0.1342    0.9640   -0.2295
...    86 C-G ...
  -76.1224    1.9370  -84.3856
    0.8546   -0.0748    0.5138
    0.4855   -0.2358   -0.8419
    0.1841    0.9689   -0.1652
...    87 A-T ...
  -75.7602    5.3626  -84.2849
    0.9515   -0.3034    0.0511
    0.0291   -0.0767   -0.9966
    0.3063    0.9498   -0.0642
...    88 T-A ...
  -74.6157    8.3658  -84.0020
    0.8346   -0.3529   -0.4230
   -0.4187    0.0927   -0.9034
    0.3580    0.9310   -0.0704
...    89 G-C ...
  -73.0514   11.4093  -84.0939
    0.4294   -0.3257   -0.8424
   -0.7979    0.3000   -0.5227
    0.4230    0.8966   -0.1310
...    90 T-A ...
  -71.0665   14.0813  -84.3302
   -0.0416   -0.1373   -0.9897
   -0.9006    0.4342   -0.0224
    0.4327    0.8903   -0.1417
...    91 T-A ...
  -69.5024   16.7974  -84.8711
   -0.5129    0.1197   -0.8501
   -0.7321    0.4562    0.5059
    0.4484    0.8818   -0.1464
...    92 A-T ...
  -68.1985   19.8546  -85.2305
   -0.8501    0.3347   -0.4067
   -0.3115    0.3032    0.9006
    0.4247    0.8922   -0.1535
...    93 T-A ...
  -66.7767   22.5099  -86.4034
   -0.8851    0.4598    0.0723
    0.1292    0.0934    0.9872
    0.4472    0.8831   -0.1421
...    94 A-T ...
  -65.3098   25.4698  -86.7493
   -0.6914    0.3853    0.6111
    0.6002   -0.1645    0.7828
    0.4022    0.9080   -0.1175
...    95 A-T ...
  -64.1992   28.3949  -87.2065
   -0.2959    0.2094    0.9320
    0.8657   -0.3536    0.3543
    0.4038    0.9116   -0.0767
...    96 C-G ...
  -63.5720   31.7275  -87.4840
    0.1789   -0.0372    0.9832
    0.8907   -0.4183   -0.1779
    0.4178    0.9076   -0.0417
...    97 G-C ...
  -61.7881   34.4201  -87.3144
    0.4892   -0.4220    0.7633
    0.7105   -0.3147   -0.6294
    0.5058    0.8502    0.1458
...    98 G-C ...
  -59.9760   36.9445  -86.2688
    0.7070   -0.6257    0.3297
    0.4160   -0.0090   -0.9093
    0.5719    0.7800    0.2539
...    99 A-T ...
  -58.1404   39.4299  -85.1791
    0.7963   -0.5495   -0.2529
   -0.0422    0.3665   -0.9295
    0.6035    0.7508    0.2686
...   100 T-A ...
  -55.9719   41.4450  -83.6888
    0.6706   -0.3131   -0.6725
   -0.4141    0.5941   -0.6896
    0.6155    0.7409    0.2688
...   101 T-A ...
  -53.7614   43.5467  -82.6073
    0.3359    0.0607   -0.9399
   -0.7013    0.6823   -0.2065
    0.6288    0.7285    0.2718
...   102 A-T ...
  -51.8483   46.1560  -81.7578
   -0.1376    0.4255   -0.8944
   -0.7635    0.5297    0.3695
    0.6310    0.7337    0.2520
...   103 T-A ...
  -49.3126   48.2043  -81.4100
   -0.4838    0.6076   -0.6299
   -0.6121    0.2794    0.7397
    0.6255    0.7435    0.2367
...   104 G-C ...
  -47.2471   50.7597  -80.9344
   -0.8092    0.5823   -0.0781
   -0.1775   -0.1155    0.9773
    0.5601    0.8047    0.1968
...   105 C-G ...
  -45.7330   53.6219  -80.6044
   -0.8099    0.3887    0.4393
    0.2653   -0.4252    0.8653
    0.5232    0.8174    0.2412
...   106 T-A ...
  -44.2603   56.6569  -80.0654
   -0.5576    0.0591    0.8280
    0.6696   -0.5575    0.4908
    0.4906    0.8281    0.2713
...   107 T-A ...
  -42.8856   59.4143  -79.2368
   -0.1478   -0.3028    0.9415
    0.8663   -0.4989   -0.0245
    0.4771    0.8121    0.3360
...   108 C-G ...
  -41.5715   62.0792  -77.9054
    0.2824   -0.6012    0.7476
    0.8231   -0.2483   -0.5107
    0.4927    0.7596    0.4247
...   109 C-G ...
  -40.1743   64.6575  -76.4505
    0.5674   -0.7519    0.3355
    0.5855    0.0819   -0.8065
    0.5790    0.6541    0.4867
...   110 G-C ...
  -38.1682   66.4383  -75.0538
    0.6922   -0.7050   -0.1546
    0.2859    0.4646   -0.8381
    0.6627    0.5359    0.5231
...   111 G-C ...
  -35.5778   67.5783  -73.2518
    0.6931   -0.3886   -0.6071
   -0.0669    0.8039   -0.5910
    0.7177    0.4503    0.5312
...   112 C-G ...
  -32.8484   68.4309  -71.4882
    0.5327    0.0864   -0.8419
   -0.3982    0.9033   -0.1593
    0.7467    0.4201    0.5156
...   113 T-A ...
  -30.2747   69.5785  -69.8259
    0.2570    0.5395   -0.8018
   -0.5924    0.7435    0.3104
    0.7636    0.3952    0.5107
...   114 C-G ...
  -27.8677   71.0942  -68.2216
   -0.1310    0.8675   -0.4799
   -0.6129    0.3096    0.7270
    0.7793    0.3893    0.4911
...   115 G-C ...
  -25.6109   72.3833  -66.2285
   -0.4817    0.8763   -0.0028
   -0.4474   -0.2432    0.8607
    0.7536    0.4158    0.5092
...   116 T-A ...
  -23.1763   74.1854  -64.9639
   -0.6725    0.6090    0.4204
   -0.1442   -0.6650    0.7328
    0.7259    0.4322    0.5351
...   117 A-T ...
  -20.8388   76.2197  -63.4629
   -0.7145    0.1083    0.6912
    0.2442   -0.8872    0.3914
    0.6557    0.4484    0.6075
...   118 T-A ...
  -19.0895   78.2551  -61.7016
   -0.5252   -0.3310    0.7839
    0.5407   -0.8412    0.0072
    0.6571    0.4277    0.6208
...   119 A-T ...
  -17.1795   79.5911  -59.4822
   -0.3473   -0.7482    0.5653
    0.7455   -0.5860   -0.3176
    0.5689    0.3111    0.7613
...   120 A-T ...
  -15.6443   80.5547  -56.8174
    0.0397   -0.9731    0.2268
    0.8346   -0.0926   -0.5431
    0.5495    0.2108    0.8085
...   121 T-A ...
  -14.4060   81.0929  -53.8055
    0.4254   -0.9000   -0.0948
    0.7230    0.4010   -0.5625
    0.5443    0.1707    0.8214
...   122 G-C ...
  -12.6176   81.1839  -50.8936
    0.6821   -0.5525   -0.4790
    0.4161    0.8320   -0.3670
    0.6013    0.0510    0.7974
...   123 T-A ...
  -10.6635   80.7055  -48.3618
    0.7966   -0.0980   -0.5965
    0.0770    0.9952   -0.0607
    0.5995    0.0024    0.8003
...   124 G-C ...
   -8.5501   80.5762  -45.8650
    0.6864    0.4768   -0.5491
   -0.3488    0.8784    0.3268
    0.6381   -0.0328    0.7692
...   125 T-A ...
   -6.2536   79.9923  -43.6323
    0.4122    0.8567   -0.3102
   -0.6430    0.5147    0.5672
    0.6455   -0.0343    0.7630
...   126 C-G ...
   -4.1540   79.8859  -41.2799
   -0.0205    0.9955    0.0921
   -0.7618   -0.0753    0.6434
    0.6474   -0.0570    0.7600
...   127 G-C ...
   -2.5646   79.5316  -38.5098
   -0.4487    0.8313    0.3279
   -0.6799   -0.5557    0.4785
    0.5800   -0.0082    0.8146
...   128 A-T ...
   -0.6035   79.3087  -36.0957
   -0.7642    0.3754    0.5245
   -0.3410   -0.9254    0.1655
    0.5475   -0.0524    0.8352
...   129 C-G ...
    1.1884   79.8514  -33.3937
   -0.8631   -0.1444    0.4840
    0.0887   -0.9867   -0.1362
    0.4972   -0.0746    0.8644
...   130 C-G ...
    2.1953   80.1049  -30.1320
   -0.7944   -0.5703    0.2089
    0.4930   -0.8064   -0.3265
    0.3547   -0.1564    0.9218
...   131 A-T ...
    2.6067   78.9825  -26.9981
   -0.5920   -0.7711   -0.2343
    0.7938   -0.5077   -0.3348
    0.1392   -0.3842    0.9127
...   132 A-T ...
    2.7750   77.6429  -24.0383
   -0.0911   -0.8952   -0.4362
    0.9917   -0.0416   -0.1219
    0.0909   -0.4436    0.8916
...   133 A-T ...
    2.6415   76.1223  -21.1147
    0.5031   -0.7668   -0.3987
    0.8616    0.4809    0.1623
    0.0673   -0.4252    0.9026
...   134 T-A ...
    2.3076   74.2307  -18.3903
    0.8657   -0.4293   -0.2574
    0.4984    0.7868    0.3641
    0.0462   -0.4435    0.8951
...   135 G-C ...
    1.4354   72.0970  -15.6050
    0.9809    0.0621    0.1843
   -0.1263    0.9241    0.3607
   -0.1479   -0.3771    0.9143
...   136 T-A ...
    0.5279   69.2392  -13.4689
    0.7351    0.4963    0.4618
   -0.6117    0.7792    0.1365
   -0.2921   -0.3828    0.8764
...   137 G-C ...
   -0.1659   67.4105  -10.8095
    0.1800    0.8794    0.4408
   -0.9276    0.3008   -0.2214
   -0.3274   -0.3691    0.8698
...   138 A-T ...
   -0.1321   66.2179   -7.8217
   -0.3749    0.8570    0.3536
   -0.8857   -0.2184   -0.4098
   -0.2739   -0.4668    0.8409
...   139 G-C ...
   -1.0069   65.6074   -4.9425
   -0.8336    0.5218    0.1811
   -0.5170   -0.6220   -0.5881
   -0.1942   -0.5839    0.7883
...   140 C-G ...
   -0.6974   63.9003   -2.2529
   -0.9992    0.0157   -0.0376
    0.0023   -0.8993   -0.4374
   -0.0406   -0.4371    0.8985
...   141 G-C ...
   -3.4382   60.2385    1.0283
   -0.4425    0.2285   -0.8672
    0.1683   -0.9287   -0.3306
   -0.8808   -0.2922    0.3725
...   142 C-G ...
   -6.3288   59.0833    1.6293
   -0.2970   -0.3280   -0.8968
    0.5656   -0.8171    0.1115
   -0.7693   -0.4741    0.4282
...   143 T-A ...
   -8.6768   58.7242    3.6024
   -0.0347   -0.7817   -0.6227
    0.6533   -0.4893    0.5778
   -0.7563   -0.3868    0.5276
...   144 C-G ...
  -11.6545   58.0113    4.7193
    0.2451   -0.9542   -0.1716
    0.6322    0.0231    0.7745
   -0.7350   -0.2983    0.6089
...   145 A-T ...
  -14.1760   56.5668    6.1806
    0.5795   -0.7268    0.3687
    0.3139    0.6165    0.7220
   -0.7521   -0.3027    0.5855
...   146 C-G ...
  -16.4651   53.8949    7.5152
    0.5336   -0.3331    0.7774
   -0.0346    0.9098    0.4136
   -0.8450   -0.2476    0.4739
...   147 A-T ...
  -19.0172   52.0374    8.9260
    0.2452    0.2907    0.9249
   -0.3073    0.9281   -0.2103
   -0.9195   -0.2327    0.3169
