  147 base-pairs
...     1 A-T ...
    0.0000    0.0000    0.0000
    1.0000    0.0000    0.0000
    0.0000    1.0000    0.0000
    0.0000    0.0000    1.0000
...     2 G-C ...
   -0.1404   -1.2353    3.2259
    0.7530    0.6366    0.1668
   -0.6385    0.7681   -0.0490
   -0.1593   -0.0696    0.9848
...     3 T-A ...
   -0.0377   -3.2918    6.3749
    0.2722    0.9302    0.2464
   -0.9238    0.3243   -0.2034
   -0.2691   -0.1722    0.9476
...     4 G-C ...
   -0.3520   -4.1638    9.4928
   -0.3756    0.9250    0.0576
   -0.8780   -0.3352   -0.3416
   -0.2967   -0.1788    0.9381
...     5 A-T ...
   -0.4480   -4.1448   12.7498
   -0.8116    0.5839   -0.0166
   -0.5522   -0.7762   -0.3042
   -0.1905   -0.2377    0.9525
...     6 G-C ...
   -1.5926   -4.1701   15.6201
   -0.9976    0.0246   -0.0651
   -0.0043   -0.9555   -0.2950
   -0.0694   -0.2940    0.9533
...     7 C-G ...
   -1.1050   -4.4793   18.7363
   -0.8442   -0.5302   -0.0787
    0.5343   -0.8442   -0.0430
   -0.0437   -0.0784    0.9960
...     8 G-C ...
   -2.4044   -7.7255   23.1483
   -0.2753   -0.3294   -0.9032
    0.6650   -0.7437    0.0686
   -0.6943   -0.5817    0.4238
...     9 C-G ...
   -4.4706   -9.9691   24.1142
    0.1145   -0.7026   -0.7023
    0.8512   -0.2951    0.4341
   -0.5123   -0.6475    0.5642
...    10 T-A ...
   -6.7420  -10.8705   25.9717
    0.4841   -0.8363   -0.2573
    0.6594    0.1554    0.7356
   -0.5752   -0.5257    0.6267
...    11 C-G ...
   -9.1682  -12.6167   27.1662
    0.7073   -0.6683    0.2306
    0.3450    0.6110    0.7125
   -0.6170   -0.4243    0.6627
...    12 A-T ...
  -10.9253  -14.6583   29.0713
    0.7515   -0.1377    0.6452
   -0.2027    0.8824    0.4245
   -0.6278   -0.4498    0.6352
...    13 C-G ...
  -11.8495  -17.4796   31.2472
    0.4294    0.2824    0.8578
   -0.5708    0.8209    0.0155
   -0.6998   -0.4963    0.5137
...    14 A-T ...
  -13.5915  -19.7756   33.4284
   -0.1503    0.6106    0.7775
   -0.6874    0.5007   -0.5261
   -0.7106   -0.6135    0.3445
...    15 A-T ...
  -15.7588  -21.8982   34.5446
   -0.4958    0.7951    0.3494
   -0.4646    0.0971   -0.8802
   -0.7337   -0.5987    0.3212
...    16 T-A ...
  -17.8991  -23.8435   36.3079
   -0.6908    0.7066   -0.1532
   -0.1181   -0.3193   -0.9403
   -0.7133   -0.6314    0.3041
...    17 T-A ...
  -20.2380  -25.7338   37.6597
   -0.6470    0.3787   -0.6618
    0.3161   -0.6566   -0.6848
   -0.6938   -0.6523    0.3051
...    18 T-A ...
  -22.5845  -27.6646   38.6510
   -0.3240    0.0295   -0.9456
    0.6009   -0.7656   -0.2297
   -0.7308   -0.6426    0.2303
...    19 A-T ...
  -25.0710  -29.6433   39.0247
    0.1280   -0.1634   -0.9782
    0.6523   -0.7291    0.2072
   -0.7471   -0.6646    0.0132
...    20 T-A ...
  -27.9177  -31.2684   38.7228
    0.4483   -0.4774   -0.7558
    0.4977   -0.5690    0.6546
   -0.7425   -0.6696   -0.0175
...    21 T-A ...
  -30.4551  -33.3151   38.3441
    0.6641   -0.6906   -0.2866
    0.1587   -0.2443    0.9566
   -0.7306   -0.6808   -0.0526
...    22 C-G ...
  -32.7439  -35.6206   38.0340
    0.6618   -0.6863    0.3015
   -0.2629    0.1642    0.9508
   -0.7021   -0.7085   -0.0717
...    23 G-C ...
  -34.9326  -38.1117   38.5379
    0.4809   -0.4051    0.7776
   -0.6373    0.4476    0.6273
   -0.6022   -0.7972   -0.0429
...    24 C-G ...
  -36.5880  -40.9102   38.2720
    0.1093   -0.0747    0.9912
   -0.7967    0.5897    0.1323
   -0.5944   -0.8042    0.0049
...    25 A-T ...
  -38.9188  -43.2310   38.1298
   -0.3481    0.2902    0.8914
   -0.7124    0.5362   -0.4528
   -0.6094   -0.7926    0.0201
...    26 A-T ...
  -40.7691  -45.9377   38.3803
   -0.7013    0.5183    0.4895
   -0.3872    0.2996   -0.8720
   -0.5986   -0.8010   -0.0094
...    27 A-T ...
  -42.5695  -48.6368   38.6820
   -0.8107    0.5778   -0.0944
    0.1030   -0.0179   -0.9945
   -0.5764   -0.8160   -0.0450
...    28 G-C ...
  -44.7494  -51.1795   38.9635
   -0.5960    0.5461   -0.5886
    0.4983   -0.3233   -0.8045
   -0.6297   -0.7728   -0.0795
...    29 G-C ...
  -47.2984  -53.5116   38.8232
   -0.1571    0.3935   -0.9058
    0.7352   -0.5658   -0.3733
   -0.6594   -0.7246   -0.2004
...    30 C-G ...
  -49.8550  -55.4148   38.1056
    0.3084    0.1151   -0.9443
    0.6945   -0.7056    0.1409
   -0.6500   -0.6993   -0.2975
...    31 C-G ...
  -52.2102  -57.4255   36.9331
    0.6997   -0.1920   -0.6881
    0.4000   -0.6927    0.6001
   -0.5919   -0.6952   -0.4079
...    32 G-C ...
  -53.6049  -59.7202   35.5235
    0.8741   -0.4100   -0.2605
   -0.0295   -0.5801    0.8140
   -0.4848   -0.7038   -0.5192
...    33 G-C ...
  -54.4977  -62.2078   33.4070
    0.7474   -0.6217    0.2344
   -0.5273   -0.3404    0.7785
   -0.4042   -0.7054   -0.5822
...    34 C-G ...
  -55.3052  -64.6355   31.3705
    0.3494   -0.6960    0.6273
   -0.8666    0.0145    0.4987
   -0.3562   -0.7179   -0.5981
...    35 C-G ...
  -56.1669  -67.3274   29.4821
   -0.2030   -0.5815    0.7878
   -0.9268    0.3737    0.0370
   -0.3159   -0.7227   -0.6148
...    36 C-G ...
  -57.0224  -69.9264   27.5346
   -0.6671   -0.2759    0.6920
   -0.6745    0.6179   -0.4039
   -0.3162   -0.7362   -0.5983
...    37 G-C ...
  -58.3702  -71.5779   24.7687
   -0.9110    0.1569    0.3813
   -0.1711    0.6975   -0.6959
   -0.3751   -0.6992   -0.6086
...    38 A-T ...
  -59.2781  -73.8312   22.8031
   -0.8403    0.5376   -0.0702
    0.3971    0.5222   -0.7547
   -0.3690   -0.6621   -0.6523
...    39 C-G ...
  -60.8918  -75.9153   21.0055
   -0.5024    0.7725   -0.3885
    0.7670    0.1908   -0.6126
   -0.3991   -0.6057   -0.6883
...    40 A-T ...
  -62.4158  -77.7976   18.7615
    0.0320    0.8413   -0.5397
    0.9090   -0.2490   -0.3343
   -0.4156   -0.4798   -0.7727
...    41 C-G ...
  -64.0920  -78.8023   16.1958
    0.5079    0.6618   -0.5515
    0.7730   -0.6327   -0.0474
   -0.3803   -0.4022   -0.8328
...    42 G-C ...
  -64.9038  -80.2780   13.3227
    0.8888    0.2543   -0.3812
    0.3440   -0.9198    0.1886
   -0.3027   -0.2988   -0.9050
...    43 A-T ...
  -65.8177  -81.1276   10.4130
    0.9283   -0.3163   -0.1954
   -0.2327   -0.9043    0.3580
   -0.2899   -0.2868   -0.9131
...    44 C-G ...
  -66.4303  -81.4380    7.1753
    0.6892   -0.7224    0.0569
   -0.6866   -0.6259    0.3700
   -0.2317   -0.2941   -0.9273
...    45 T-A ...
  -66.4462  -82.2530    3.6123
    0.2043   -0.9514    0.2304
   -0.9554   -0.1425    0.2585
   -0.2131   -0.2729   -0.9381
...    46 T-A ...
  -66.5547  -82.9161    0.3780
   -0.2987   -0.9153    0.2702
   -0.9321    0.3405    0.1230
   -0.2046   -0.2152   -0.9549
...    47 A-T ...
  -67.4510  -83.3396   -2.8280
   -0.8162   -0.5142    0.2633
   -0.5446    0.8370   -0.0535
   -0.1929   -0.1870   -0.9632
...    48 C-G ...
  -67.8374  -84.5546   -5.9116
   -0.9792   -0.0021    0.2031
   -0.0369    0.9852   -0.1677
   -0.1997   -0.1717   -0.9647
...    49 T-A ...
  -68.7236  -85.5040   -9.0091
   -0.8366    0.5226    0.1644
    0.4773    0.8426   -0.2496
   -0.2689   -0.1303   -0.9543
...    50 G-C ...
  -69.8864  -85.6929  -12.1717
   -0.4061    0.9004    0.1560
    0.8516    0.4348   -0.2929
   -0.3316    0.0139   -0.9433
...    51 T-A ...
  -71.4760  -85.7113  -14.9408
    0.0510    0.9937    0.1000
    0.9426   -0.0148   -0.3335
   -0.3300    0.1112   -0.9374
...    52 A-T ...
  -73.5121  -84.3774  -17.4536
    0.5348    0.8129    0.2303
    0.8129   -0.4207   -0.4028
   -0.2306    0.4027   -0.8858
...    53 G-C ...
  -74.6391  -82.8266  -20.0352
    0.8687    0.4782    0.1294
    0.4731   -0.7235   -0.5027
   -0.1467    0.4979   -0.8547
...    54 G-C ...
  -75.2545  -80.1597  -22.5176
    0.9977    0.0042   -0.0677
   -0.0332   -0.8402   -0.5413
   -0.0592    0.5423   -0.8381
...    55 T-A ...
  -75.0729  -77.9818  -24.9557
    0.8499   -0.4195   -0.3189
   -0.5260   -0.7112   -0.4664
   -0.0312    0.5641   -0.8251
...    56 A-T ...
  -74.6020  -75.8042  -27.5280
    0.4177   -0.7612   -0.4962
   -0.9082   -0.3344   -0.2515
    0.0255    0.5557   -0.8310
...    57 T-A ...
  -73.7752  -73.7852  -30.0321
   -0.0811   -0.8067   -0.5853
   -0.9964    0.0794    0.0287
    0.0233    0.5855   -0.8103
...    58 C-G ...
  -73.5524  -71.8386  -32.6851
   -0.6729   -0.6053   -0.4253
   -0.7397    0.5477    0.3909
   -0.0037    0.5777   -0.8163
...    59 A-T ...
  -73.3673  -69.7905  -35.3392
   -0.9585   -0.2757   -0.0726
   -0.2701    0.7969    0.5404
   -0.0911    0.5376   -0.8383
...    60 T-A ...
  -73.7061  -68.4896  -38.2800
   -0.9667    0.1173    0.2275
    0.2209    0.8315    0.5097
   -0.1294    0.5429   -0.8297
...    61 G-C ...
  -74.4249  -66.7951  -41.2179
   -0.6726    0.4869    0.5573
    0.7134    0.6269    0.3132
   -0.1969    0.6082   -0.7690
...    62 T-A ...
  -75.7015  -65.1370  -43.7770
   -0.2286    0.7059    0.6704
    0.9516    0.3073    0.0010
   -0.2053    0.6382   -0.7420
...    63 T-A ...
  -76.5662  -63.0271  -45.9197
    0.2943    0.7103    0.6394
    0.9346   -0.0742   -0.3477
   -0.1995    0.6999   -0.6858
...    64 A-T ...
  -77.1119  -60.5455  -47.9413
    0.7313    0.4699    0.4944
    0.6730   -0.3793   -0.6350
   -0.1109    0.7971   -0.5936
...    65 T-A ...
  -77.8117  -57.6832  -49.2302
    0.9633    0.2317    0.1356
    0.2441   -0.5462   -0.8013
   -0.1116    0.8050   -0.5827
...    66 A-T ...
  -78.0174  -55.0131  -51.1306
    0.9564   -0.1554   -0.2474
   -0.2920   -0.5401   -0.7893
   -0.0110    0.8271   -0.5619
...    67 A-T ...
  -77.9242  -52.2780  -52.7268
    0.6579   -0.4319   -0.6170
   -0.7530   -0.3635   -0.5485
    0.0126    0.8254   -0.5644
...    68 C-G ...
  -77.1556  -49.3241  -54.3392
    0.1589   -0.5499   -0.8200
   -0.9872   -0.0793   -0.1381
    0.0109    0.8315   -0.5555
...    69 G-C ...
  -77.3985  -46.7968  -56.3708
   -0.4112   -0.5748   -0.7075
   -0.9115    0.2678    0.3121
    0.0101    0.7733   -0.6340
...    70 G-C ...
  -77.3034  -44.4709  -58.6856
   -0.8136   -0.4235   -0.3983
   -0.5799    0.5415    0.6087
   -0.0421    0.7262   -0.6861
...    71 A-T ...
  -77.3011  -42.2271  -61.1229
   -0.9986   -0.0399    0.0355
   -0.0014    0.6843    0.7292
   -0.0534    0.7281   -0.6834
...    72 T-A ...
  -77.6705  -40.2828  -63.7666
   -0.8619    0.2936    0.4134
    0.5019    0.6096    0.6135
   -0.0719    0.7363   -0.6728
...    73 C-G ...
  -78.2752  -37.9137  -66.1146
   -0.3979    0.5772    0.7131
    0.9144    0.3126    0.2572
   -0.0744    0.7544   -0.6522
...    74 T-A ...
  -78.8811  -35.3576  -68.1078
    0.1098    0.5863    0.8026
    0.9909   -0.0009   -0.1348
   -0.0783    0.8101   -0.5811
...    75 C-G ...
  -79.1156  -32.5353  -69.7519
    0.6275    0.4345    0.6461
    0.7755   -0.2744   -0.5686
   -0.0697    0.8579   -0.5091
...    76 G-C ...
  -78.8714  -29.7275  -71.3709
    0.9054    0.0705    0.4187
    0.4128   -0.3771   -0.8291
    0.0995    0.9235   -0.3705
...    77 A-T ...
  -78.4965  -26.6235  -72.4734
    0.9766   -0.2004   -0.0786
   -0.1433   -0.3328   -0.9320
    0.1606    0.9215   -0.3537
...    78 G-C ...
  -77.6860  -23.5320  -73.3326
    0.7679   -0.3809   -0.5151
   -0.6034   -0.1601   -0.7812
    0.2151    0.9106   -0.3528
...    79 C-G ...
  -76.4960  -20.4899  -74.2902
    0.2826   -0.4337   -0.8556
   -0.9271    0.1055   -0.3597
    0.2463    0.8948   -0.3723
...    80 T-A ...
  -75.4140  -17.6128  -75.4468
   -0.2321   -0.3313   -0.9145
   -0.9368    0.3291    0.1186
    0.2616    0.8843   -0.3868
...    81 C-G ...
  -74.7175  -14.7168  -76.8145
   -0.7275   -0.1042   -0.6781
   -0.6344    0.4785    0.6071
    0.2612    0.8719   -0.4142
...    82 G-C ...
  -74.3696  -11.4785  -77.6354
   -0.9684    0.1164   -0.2206
   -0.1416    0.4716    0.8704
    0.2053    0.8741   -0.4402
...    83 G-C ...
  -73.6589   -8.6509  -79.2111
   -0.9102    0.2859    0.2996
    0.3834    0.3082    0.8707
    0.1566    0.9073   -0.3901
...    84 G-C ...
  -73.3831   -5.6700  -80.7026
   -0.5940    0.2979    0.7472
    0.8008    0.1314    0.5843
    0.0759    0.9455   -0.3166
...    85 A-T ...
  -73.3709   -2.5758  -81.8140
   -0.0378    0.2767    0.9602
    0.9969   -0.0560    0.0553
    0.0691    0.9593   -0.2737
...    86 T-A ...
  -73.7657    0.6197  -82.5130
    0.4624    0.1748    0.8693
    0.8831   -0.1793   -0.4336
    0.0801    0.9681   -0.2372
...    87 C-G ...
  -73.5904    3.8538  -83.0197
    0.8752   -0.0053    0.4837
    0.4697   -0.2301   -0.8523
    0.1159    0.9731   -0.1989
...    88 C-G ...
  -73.2686    7.0866  -83.4356
    0.9704   -0.2407    0.0222
   -0.0216   -0.1778   -0.9838
    0.2407    0.9542   -0.1778
...    89 G-C ...
  -72.3389   10.0707  -84.4268
    0.7753   -0.4312   -0.4614
   -0.5004    0.0262   -0.8654
    0.3852    0.9019   -0.1955
...    90 C-G ...
  -70.5389   13.0007  -84.7996
    0.3511   -0.3546   -0.8666
   -0.8406    0.2883   -0.4585
    0.4124    0.8895   -0.1969
...    91 T-A ...
  -68.5990   15.7172  -85.7131
   -0.1728   -0.1331   -0.9759
   -0.8677    0.4895    0.0868
    0.4661    0.8618   -0.2001
...    92 T-A ...
  -66.7462   18.2841  -86.4827
   -0.6137    0.2166   -0.7593
   -0.6158    0.4705    0.6320
    0.4941    0.8554   -0.1553
...    93 T-A ...
  -64.9275   20.8889  -87.2130
   -0.8359    0.4730   -0.2785
   -0.1741    0.2526    0.9518
    0.5205    0.8441   -0.1288
...    94 A-T ...
  -63.1155   23.6303  -87.1784
   -0.7811    0.5409    0.3121
    0.3208   -0.0813    0.9437
    0.5358    0.8372   -0.1100
...    95 A-T ...
  -61.5363   26.3333  -87.6435
   -0.5184    0.3847    0.7637
    0.6715   -0.3698    0.6421
    0.5294    0.8457   -0.0666
...    96 C-G ...
  -60.3720   29.4160  -88.0908
   -0.1390    0.1089    0.9843
    0.8371   -0.5182    0.1756
    0.5292    0.8483   -0.0191
...    97 A-T ...
  -58.7949   32.3269  -87.9733
    0.2486   -0.2939    0.9229
    0.7999   -0.4750   -0.3667
    0.5462    0.8294    0.1170
...    98 C-G ...
  -57.4021   35.2037  -87.0316
    0.5845   -0.5328    0.6119
    0.5826   -0.2493   -0.7736
    0.5647    0.8087    0.1647
...    99 T-A ...
  -55.5237   37.9626  -85.7042
    0.7656   -0.6385    0.0793
    0.1882    0.1043   -0.9766
    0.6152    0.7626    0.2000
...   100 T-A ...
  -53.4973   40.2784  -84.6493
    0.7464   -0.4571   -0.4837
   -0.2687    0.4580   -0.8474
    0.6089    0.7624    0.2190
...   101 T-A ...
  -51.4069   42.5618  -83.6968
    0.4803   -0.1160   -0.8694
   -0.6335    0.6397   -0.4353
    0.6067    0.7598    0.2338
...   102 A-T ...
  -49.5588   45.2885  -82.9978
    0.0137    0.2842   -0.9587
   -0.7910    0.5895    0.1635
    0.6116    0.7561    0.2329
...   103 T-A ...
  -47.0253   47.3269  -82.5488
   -0.3614    0.5156   -0.7768
   -0.7039    0.3955    0.5900
    0.6115    0.7601    0.2200
...   104 G-C ...
  -44.9586   49.8858  -82.1260
   -0.7651    0.5796   -0.2806
   -0.3238    0.0304    0.9457
    0.5566    0.8143    0.1644
...   105 C-G ...
  -43.3720   52.7305  -81.9595
   -0.8461    0.4660    0.2589
    0.1207   -0.3055    0.9445
    0.5192    0.8304    0.2022
...   106 T-A ...
  -41.8246   55.7601  -81.6276
   -0.6641    0.1855    0.7242
    0.5681   -0.5046    0.6501
    0.4860    0.8432    0.2297
...   107 T-A ...
  -40.4455   58.5611  -80.9672
   -0.2893   -0.1706    0.9419
    0.8363   -0.5238    0.1620
    0.4657    0.8346    0.2942
...   108 C-G ...
  -39.1878   61.3371  -79.8141
    0.1494   -0.5104    0.8468
    0.8701   -0.3389   -0.3578
    0.4696    0.7903    0.3935
...   109 C-G ...
  -37.8628   64.0368  -78.5147
    0.4774   -0.7261    0.4949
    0.6887   -0.0406   -0.7239
    0.5457    0.6864    0.4807
...   110 G-C ...
  -35.9495   65.8886  -77.0649
    0.6641   -0.7474    0.0179
    0.4160    0.3495   -0.8395
    0.6212    0.5650    0.5430
...   111 G-C ...
  -33.5433   67.1186  -75.0785
    0.7378   -0.4882   -0.4662
    0.0555    0.7321   -0.6789
    0.6727    0.4750    0.5672
...   112 C-G ...
  -30.9946   68.0319  -73.0855
    0.6346   -0.0339   -0.7721
   -0.3199    0.8979   -0.3023
    0.7035    0.4389    0.5590
...   113 T-A ...
  -28.5796   69.2333  -71.2324
    0.3818    0.4379   -0.8139
   -0.5770    0.8009    0.1603
    0.7220    0.4084    0.5585
...   114 C-G ...
  -26.3068   70.8110  -69.4989
   -0.0213    0.8220   -0.5691
   -0.6687    0.4114    0.6193
    0.7432    0.3938    0.5409
...   115 G-C ...
  -24.2059   72.1609  -67.3763
   -0.4202    0.8983   -0.1285
   -0.5497   -0.1393    0.8237
    0.7220    0.4168    0.5523
...   116 T-A ...
  -21.7909   73.9280  -66.0004
   -0.6698    0.6798    0.2988
   -0.2602   -0.5917    0.7630
    0.6955    0.4333    0.5732
...   117 A-T ...
  -19.4731   75.8915  -64.3981
   -0.7628    0.2020    0.6143
    0.1499   -0.8689    0.4718
    0.6291    0.4519    0.6325
...   118 T-A ...
  -17.7455   77.9395  -62.6177
   -0.6078   -0.2439    0.7557
    0.4827   -0.8691    0.1078
    0.6305    0.4303    0.6460
...   119 A-T ...
  -15.8988   79.2939  -60.3369
   -0.4217   -0.6930    0.5848
    0.7323   -0.6406   -0.2311
    0.5347    0.3308    0.7776
...   120 A-T ...
  -14.4752   80.3438  -57.6404
   -0.0252   -0.9589    0.2826
    0.8602   -0.1648   -0.4826
    0.5094    0.2309    0.8290
...   121 T-A ...
  -13.3841   80.9900  -54.5945
    0.3831   -0.9234   -0.0212
    0.7745    0.3337   -0.5374
    0.5033    0.1895    0.8431
...   122 G-C ...
  -11.7468   81.1529  -51.5848
    0.6768   -0.6083   -0.4146
    0.4778    0.7914   -0.3813
    0.5601    0.0600    0.8263
...   123 T-A ...
   -9.9489   80.6951  -48.9346
    0.8193   -0.1627   -0.5498
    0.1294    0.9866   -0.0992
    0.5586    0.0102    0.8294
...   124 G-C ...
   -7.9625   80.5771  -46.3253
    0.7326    0.4222   -0.5338
   -0.3218    0.9060    0.2749
    0.5998   -0.0297    0.7996
...   125 T-A ...
   -5.8049   79.9823  -43.9628
    0.4634    0.8253   -0.3226
   -0.6429    0.5637    0.5186
    0.6099   -0.0329    0.7918
...   126 C-G ...
   -3.8103   79.8868  -41.5185
    0.0194    0.9982    0.0575
   -0.7897   -0.0200    0.6132
    0.6132   -0.0574    0.7878
...   127 G-C ...
   -2.3703   79.5388  -38.6528
   -0.4259    0.8537    0.2997
   -0.7148   -0.5206    0.4670
    0.5547   -0.0154    0.8319
...   128 A-T ...
   -0.4921   79.2911  -36.1687
   -0.7643    0.4090    0.4986
   -0.3767   -0.9107    0.1695
    0.5234   -0.0583    0.8501
...   129 C-G ...
    1.2480   79.8062  -33.4231
   -0.8781   -0.1121    0.4652
    0.0609   -0.9904   -0.1238
    0.4746   -0.0804    0.8765
...   130 C-G ...
    2.2210   80.0393  -30.1538
   -0.8112   -0.5499    0.1988
    0.4795   -0.8202   -0.3121
    0.3347   -0.1579    0.9290
...   131 A-T ...
    2.6419   78.9226  -27.0267
   -0.5960   -0.7686   -0.2325
    0.7926   -0.5166   -0.3240
    0.1289   -0.3774    0.9171
...   132 A-T ...
    2.7922   77.6109  -24.0526
   -0.0920   -0.8978   -0.4308
    0.9923   -0.0464   -0.1152
    0.0834   -0.4380    0.8951
...   133 A-T ...
    2.6400   76.1059  -21.1209
    0.5025   -0.7697   -0.3938
    0.8623    0.4792    0.1638
    0.0627   -0.4219    0.9045
...   134 T-A ...
    2.3076   74.2307  -18.3902
    0.8657   -0.4293   -0.2574
    0.4984    0.7868    0.3641
    0.0462   -0.4435    0.8951
...   135 G-C ...
    1.4355   72.0970  -15.6050
    0.9809    0.0621    0.1843
   -0.1263    0.9241    0.3607
   -0.1479   -0.3771    0.9143
...   136 T-A ...
    0.5280   69.2393  -13.4688
    0.7351    0.4963    0.4618
   -0.6117    0.7792    0.1365
   -0.2921   -0.3828    0.8764
...   137 G-C ...
   -0.1658   67.4106  -10.8095
    0.1800    0.8794    0.4408
   -0.9276    0.3008   -0.2214
   -0.3274   -0.3691    0.8698
...   138 A-T ...
   -0.1321   66.2180   -7.8216
   -0.3749    0.8570    0.3536
   -0.8857   -0.2184   -0.4098
   -0.2739   -0.4668    0.8409
...   139 G-C ...
   -1.0068   65.6075   -4.9424
   -0.8336    0.5218    0.1811
   -0.5170   -0.6220   -0.5881
   -0.1942   -0.5839    0.7883
...   140 C-G ...
   -0.6974   63.9004   -2.2528
   -0.9992    0.0157   -0.0376
    0.0023   -0.8993   -0.4374
   -0.0406   -0.4371    0.8985
...   141 G-C ...
   -3.4382   60.2385    1.0284
   -0.4425    0.2285   -0.8672
    0.1683   -0.9287   -0.3306
   -0.8808   -0.2922    0.3725
...   142 C-G ...
   -6.3288   59.0834    1.6294
   -0.2970   -0.3280   -0.8968
    0.5656   -0.8171    0.1115
   -0.7693   -0.4741    0.4282
...   143 T-A ...
   -8.6768   58.7243    3.6024
   -0.0347   -0.7817   -0.6227
    0.6533   -0.4893    0.5778
   -0.7563   -0.3868    0.5276
...   144 C-G ...
  -11.6544   58.0114    4.7193
    0.2451   -0.9542   -0.1716
    0.6322    0.0231    0.7745
   -0.7350   -0.2983    0.6089
...   145 A-T ...
  -14.1760   56.5669    6.1807
    0.5795   -0.7268    0.3687
    0.3139    0.6165    0.7220
   -0.7521   -0.3027    0.5855
...   146 C-G ...
  -16.4651   53.8949    7.5153
    0.5336   -0.3331    0.7774
   -0.0346    0.9098    0.4136
   -0.8450   -0.2476    0.4739
...   147 A-T ...
  -19.0172   52.0374    8.9260
    0.2452    0.2907    0.9249
   -0.3073    0.9281   -0.2103
   -0.9195   -0.2327    0.3169
