  147 base-pairs
...     1 A-T ...
    0.0000    0.0000    0.0000
    1.0000    0.0000    0.0000
    0.0000    1.0000    0.0000
    0.0000    0.0000    1.0000
...     2 G-C ...
   -0.1404   -1.2353    3.2259
    0.7530    0.6366    0.1668
   -0.6385    0.7681   -0.0490
   -0.1593   -0.0696    0.9848
...     3 T-A ...
   -0.0377   -3.2918    6.3749
    0.2722    0.9302    0.2464
   -0.9238    0.3243   -0.2034
   -0.2691   -0.1722    0.9476
...     4 G-C ...
   -0.3520   -4.1638    9.4928
   -0.3756    0.9250    0.0576
   -0.8780   -0.3352   -0.3416
   -0.2967   -0.1788    0.9381
...     5 A-T ...
   -0.4480   -4.1448   12.7498
   -0.8116    0.5839   -0.0166
   -0.5522   -0.7762   -0.3042
   -0.1905   -0.2377    0.9525
...     6 G-C ...
   -1.5926   -4.1701   15.6201
   -0.9976    0.0246   -0.0651
   -0.0043   -0.9555   -0.2950
   -0.0694   -0.2940    0.9533
...     7 C-G ...
   -1.1050   -4.4793   18.7363
   -0.8442   -0.5302   -0.0787
    0.5343   -0.8442   -0.0430
   -0.0437   -0.0784    0.9960
...     8 G-C ...
   -2.4044   -7.7255   23.1483
   -0.2753   -0.3294   -0.9032
    0.6650   -0.7437    0.0686
   -0.6943   -0.5817    0.4238
...     9 C-G ...
   -4.4706   -9.9691   24.1142
    0.1145   -0.7026   -0.7023
    0.8512   -0.2951    0.4341
   -0.5123   -0.6475    0.5642
...    10 T-A ...
   -6.7420  -10.8705   25.9717
    0.4841   -0.8363   -0.2573
    0.6594    0.1554    0.7356
   -0.5752   -0.5257    0.6267
...    11 C-G ...
   -9.1682  -12.6167   27.1662
    0.7073   -0.6683    0.2306
    0.3450    0.6110    0.7125
   -0.6170   -0.4243    0.6627
...    12 A-T ...
  -10.9253  -14.6583   29.0713
    0.7515   -0.1377    0.6452
   -0.2027    0.8824    0.4245
   -0.6278   -0.4498    0.6352
...    13 C-G ...
  -11.8495  -17.4796   31.2472
    0.4294    0.2824    0.8578
   -0.5708    0.8209    0.0155
   -0.6998   -0.4963    0.5137
...    14 A-T ...
  -13.5915  -19.7756   33.4284
   -0.1503    0.6106    0.7775
   -0.6874    0.5007   -0.5261
   -0.7106   -0.6135    0.3445
...    15 A-T ...
  -15.7011  -21.8479   34.7502
   -0.4968    0.7870    0.3658
   -0.4768    0.1046   -0.8727
   -0.7251   -0.6080    0.3233
...    16 T-A ...
  -17.8233  -23.6963   36.4115
   -0.6435    0.7578   -0.1079
   -0.1711   -0.2798   -0.9447
   -0.7461   -0.5894    0.3098
...    17 T-A ...
  -20.2600  -25.4220   37.6120
   -0.5874    0.5348   -0.6074
    0.1941   -0.6355   -0.7473
   -0.7857   -0.5568    0.2695
...    18 T-A ...
  -22.9201  -26.9625   38.5477
   -0.3393    0.1665   -0.9258
    0.4601   -0.8291   -0.3177
   -0.8205   -0.5338    0.2047
...    19 A-T ...
  -26.1005  -28.0271   38.8537
    0.1074   -0.1072   -0.9884
    0.5027   -0.8519    0.1471
   -0.8578   -0.5126   -0.0376
...    20 T-A ...
  -29.1461  -29.1047   38.3989
    0.3615   -0.4867   -0.7953
    0.3685   -0.7089    0.6013
   -0.8565   -0.5105   -0.0769
...    21 T-A ...
  -31.9822  -30.5586   37.8418
    0.5073   -0.7904   -0.3435
    0.0897   -0.3480    0.9332
   -0.8571   -0.5042   -0.1056
...    22 C-G ...
  -34.6529  -32.3367   37.2824
    0.4768   -0.8437    0.2466
   -0.2458    0.1413    0.9590
   -0.8439   -0.5178   -0.1400
...    23 G-C ...
  -37.4754  -34.0452   37.2515
    0.3096   -0.6015    0.7365
   -0.5041    0.5529    0.6635
   -0.8062   -0.5767   -0.1320
...    24 C-G ...
  -39.9042  -36.2069   36.6566
    0.0038   -0.2037    0.9790
   -0.5929    0.7879    0.1663
   -0.8053   -0.5811   -0.1178
...    25 A-T ...
  -42.6894  -37.8939   36.2103
   -0.2758    0.3062    0.9112
   -0.4924    0.7691   -0.4075
   -0.8255   -0.5610   -0.0613
...    26 A-T ...
  -45.2292  -39.9126   36.1882
   -0.5089    0.6735    0.5361
   -0.2363    0.4895   -0.8394
   -0.8277   -0.5539   -0.0900
...    27 A-T ...
  -47.8903  -41.7475   36.1663
   -0.5350    0.8448   -0.0007
    0.0924    0.0577   -0.9940
   -0.8398   -0.5319   -0.1090
...    28 G-C ...
  -50.7636  -43.3070   36.1031
   -0.3268    0.8196   -0.4706
    0.3493   -0.3580   -0.8659
   -0.8782   -0.4473   -0.1693
...    29 G-C ...
  -53.9279  -44.3707   35.7359
    0.0145    0.5863   -0.8100
    0.4406   -0.7309   -0.5212
   -0.8976   -0.3493   -0.2689
...    30 C-G ...
  -57.0110  -44.9434   34.8508
    0.3129    0.1600   -0.9362
    0.3413   -0.9388   -0.0464
   -0.8863   -0.3050   -0.3484
...    31 C-G ...
  -59.9309  -45.4912   33.2730
    0.5399   -0.3033   -0.7852
    0.0823   -0.9093    0.4078
   -0.8377   -0.2848   -0.4660
...    32 G-C ...
  -62.4344  -46.7875   31.5426
    0.5923   -0.7029   -0.3938
   -0.2911   -0.6425    0.7088
   -0.7513   -0.3052   -0.5852
...    33 G-C ...
  -64.5852  -47.8472   29.1667
    0.3943   -0.9161    0.0726
   -0.6027   -0.1982    0.7730
   -0.6938   -0.3486   -0.6302
...    34 C-G ...
  -66.5414  -49.1160   26.8145
    0.0165   -0.8740    0.4857
   -0.7375    0.3174    0.5961
   -0.6751   -0.3681   -0.6393
...    35 C-G ...
  -68.5998  -50.5922   24.5974
   -0.3560   -0.5511    0.7547
   -0.6405    0.7320    0.2324
   -0.6805   -0.4006   -0.6136
...    36 C-G ...
  -70.7361  -52.1828   22.5394
   -0.6063   -0.0532    0.7934
   -0.3465    0.9157   -0.2034
   -0.7157   -0.3983   -0.5736
...    37 G-C ...
  -73.1233  -53.0688   20.4188
   -0.6228    0.4891    0.6106
    0.0569    0.8067   -0.5882
   -0.7803   -0.3316   -0.5303
...    38 A-T ...
  -75.6267  -54.2552   18.7226
   -0.4410    0.8747    0.2011
    0.4138    0.3970   -0.8192
   -0.7964   -0.2781   -0.5371
...    39 C-G ...
  -78.5209  -55.1627   17.5169
   -0.1314    0.9711   -0.1995
    0.5794   -0.0880   -0.8103
   -0.8044   -0.2221   -0.5511
...    40 A-T ...
  -81.2618  -55.7005   15.7026
    0.3181    0.8095   -0.4934
    0.5341   -0.5830   -0.6122
   -0.7833   -0.0688   -0.6178
...    41 C-G ...
  -83.9911  -55.3219   13.9699
    0.5900    0.4234   -0.6875
    0.2908   -0.9058   -0.3082
   -0.7532   -0.0181   -0.6575
...    42 G-C ...
  -86.1735  -55.4192   11.4911
    0.7635   -0.1052   -0.6372
   -0.1096   -0.9934    0.0326
   -0.6364    0.0450   -0.7700
...    43 A-T ...
  -88.0530  -55.1449    8.8482
    0.5966   -0.6473   -0.4743
   -0.5454   -0.7606    0.3521
   -0.5887    0.0486   -0.8069
...    44 C-G ...
  -89.4536  -54.6495    5.8939
    0.2509   -0.9435   -0.2166
   -0.7898   -0.3289    0.5177
   -0.5597    0.0412   -0.8277
...    45 T-A ...
  -90.9406  -54.5917    2.9499
   -0.1706   -0.9799    0.1034
   -0.8278    0.1994    0.5243
   -0.5344    0.0038   -0.8452
...    46 T-A ...
  -92.3600  -54.6570    0.0194
   -0.6303   -0.6970    0.3420
   -0.5840    0.7159    0.3826
   -0.5115    0.0414   -0.8583
...    47 A-T ...
  -94.1209  -54.1694   -2.7688
   -0.8644   -0.1251    0.4871
   -0.0772    0.9901    0.1171
   -0.4969    0.0636   -0.8655
...    48 C-G ...
  -95.8509  -54.5496   -5.5575
   -0.7730    0.3933    0.4977
    0.3775    0.9158   -0.1374
   -0.5098    0.0817   -0.8564
...    49 T-A ...
  -97.7928  -54.4434   -8.2136
   -0.4415    0.7920    0.4217
    0.7179    0.5937   -0.3634
   -0.5382    0.1423   -0.8307
...    50 G-C ...
  -99.6408  -53.7352  -10.8786
    0.0798    0.9553    0.2848
    0.8374    0.0908   -0.5390
   -0.5408    0.2814   -0.7927
...    51 T-A ...
 -101.8434  -52.6333  -13.0223
    0.5150    0.8566    0.0321
    0.6874   -0.3904   -0.6124
   -0.5120    0.3375   -0.7899
...    52 A-T ...
 -103.6035  -50.9242  -15.2912
    0.8695    0.4797   -0.1180
    0.3261   -0.7367   -0.5925
   -0.3711    0.4767   -0.7969
...    53 G-C ...
 -104.7184  -48.9844  -17.6954
    0.9468    0.0111   -0.3216
   -0.1550   -0.8601   -0.4861
   -0.2820    0.5101   -0.8126
...    54 G-C ...
 -105.1768  -46.9289  -20.3327
    0.7545   -0.4795   -0.4481
   -0.6324   -0.7138   -0.3010
   -0.1755    0.5105   -0.8418
...    55 T-A ...
 -105.1855  -44.9300  -22.9552
    0.3368   -0.7860   -0.5185
   -0.9301   -0.3635   -0.0530
   -0.1468    0.5001   -0.8534
...    56 A-T ...
 -105.7823  -43.3191  -25.7926
   -0.2653   -0.8559   -0.4438
   -0.9555    0.1718    0.2398
   -0.1290    0.4877   -0.8634
...    57 T-A ...
 -105.5738  -41.9861  -28.8094
   -0.7088   -0.6466   -0.2820
   -0.6957    0.5746    0.4311
   -0.1167    0.5018   -0.8571
...    58 C-G ...
 -105.9169  -40.4520  -31.6772
   -0.9786   -0.2039    0.0286
   -0.1602    0.8412    0.5165
   -0.1294    0.5009   -0.8558
...    59 T-A ...
 -106.4888  -39.0897  -34.6257
   -0.9169    0.2262    0.3288
    0.3588    0.8279    0.4311
   -0.1747    0.5132   -0.8403
...    60 C-G ...
 -107.1449  -37.4913  -37.3901
   -0.5435    0.6342    0.5500
    0.8173    0.5493    0.1741
   -0.1917    0.5441   -0.8168
...    61 G-C ...
 -107.5206  -35.4970  -39.9999
   -0.0051    0.7410    0.6715
    0.9795    0.1390   -0.1460
   -0.2015    0.6569   -0.7265
...    62 A-T ...
 -108.2883  -33.3231  -42.2769
    0.5525    0.6476    0.5248
    0.8157   -0.2907   -0.5000
   -0.1713    0.7043   -0.6889
...    63 G-C ...
 -108.9965  -30.7785  -44.2253
    0.8947    0.3515    0.2756
    0.4365   -0.5579   -0.7058
   -0.0943    0.7518   -0.6526
...    64 C-G ...
 -109.2400  -27.9913  -45.9298
    0.9954   -0.0393   -0.0870
   -0.0921   -0.6368   -0.7655
   -0.0253    0.7700   -0.6375
...    65 T-A ...
 -109.0150  -25.2561  -47.7369
    0.8170   -0.4068   -0.4086
   -0.5733   -0.4979   -0.6506
    0.0612    0.7659   -0.6401
...    66 C-G ...
 -108.5698  -22.7952  -49.8174
    0.3481   -0.6415   -0.6836
   -0.9318   -0.1568   -0.3274
    0.1028    0.7509   -0.6524
...    67 G-C ...
 -108.5212  -20.4911  -52.1921
   -0.2191   -0.6884   -0.6914
   -0.9659    0.2530    0.0542
    0.1376    0.6797   -0.7204
...    68 G-C ...
 -107.8047  -18.4550  -54.7722
   -0.7038   -0.4909   -0.5134
   -0.7009    0.5974    0.3896
    0.1155    0.6341   -0.7646
...    69 G-C ...
 -107.3268  -16.5913  -57.5301
   -0.9736   -0.1373   -0.1822
   -0.2199    0.7769    0.5900
    0.0605    0.6145   -0.7866
...    70 A-T ...
 -107.0908  -14.6804  -60.1684
   -0.9244    0.3217    0.2051
    0.3788    0.7100    0.5936
    0.0453    0.6264   -0.7782
...    71 T-A ...
 -107.3580  -13.0721  -63.0303
   -0.6159    0.6315    0.4710
    0.7859    0.4511    0.4229
    0.0546    0.6306   -0.7742
...    72 C-G ...
 -107.3059  -11.0261  -65.5671
   -0.0646    0.7449    0.6640
    0.9963    0.0099    0.0858
    0.0574    0.6671   -0.7428
...    73 C-G ...
 -107.5078   -8.6507  -67.9521
    0.4461    0.5640    0.6949
    0.8890   -0.3689   -0.2712
    0.1034    0.7388   -0.6660
...    74 G-C ...
 -106.8676   -6.2223  -70.1024
    0.8159    0.1669    0.5536
    0.5344   -0.5831   -0.6119
    0.2207    0.7951   -0.5649
...    75 C-G ...
 -106.1802   -3.3395  -71.4939
    0.9563   -0.2168    0.1964
    0.0412   -0.5649   -0.8241
    0.2896    0.7962   -0.5312
...    76 T-A ...
 -104.9893   -0.6011  -72.8579
    0.8235   -0.5328   -0.1949
   -0.4226   -0.3469   -0.8373
    0.3785    0.7719   -0.5108
...    77 T-A ...
 -103.5526    1.9398  -74.2555
    0.4562   -0.6440   -0.6141
   -0.7957    0.0137   -0.6055
    0.3984    0.7649   -0.5062
...    78 T-A ...
 -101.9646    4.3537  -75.7279
   -0.0532   -0.5231   -0.8506
   -0.9103    0.3755   -0.1740
    0.4104    0.7651   -0.4962
...    79 A-T ...
 -100.7417    6.9383  -77.4044
   -0.5765   -0.2200   -0.7869
   -0.7038    0.6229    0.3415
    0.4151    0.7507   -0.5139
...    80 A-T ...
  -99.2163    9.1422  -79.2452
   -0.8585    0.1863   -0.4779
   -0.2669    0.6334    0.7264
    0.4380    0.7511   -0.4940
...    81 T-A ...
  -97.7657   11.1706  -81.4068
   -0.8725    0.4849   -0.0604
    0.1903    0.4510    0.8720
    0.4500    0.7493   -0.4857
...    82 C-G ...
  -96.3714   13.5915  -83.0952
   -0.6224    0.6316    0.4623
    0.6504    0.0888    0.7544
    0.4354    0.7702   -0.4660
...    83 A-T ...
  -94.9161   16.1792  -84.5581
   -0.2242    0.4853    0.8451
    0.8889   -0.2537    0.3815
    0.3995    0.8367   -0.3745
...    84 T-A ...
  -94.2612   19.1248  -85.8291
    0.2243    0.2813    0.9330
    0.8850   -0.4596   -0.0742
    0.4080    0.8424   -0.3520
...    85 G-C ...
  -92.8546   22.0127  -86.6957
    0.5832   -0.1274    0.8023
    0.6513   -0.5170   -0.5555
    0.4855    0.8465   -0.2185
...    86 T-A ...
  -91.5568   25.0048  -86.8591
    0.7982   -0.4147    0.4370
    0.2870   -0.3761   -0.8810
    0.5297    0.8286   -0.1812
...    87 T-A ...
  -89.8395   27.7245  -87.1303
    0.8083   -0.5808   -0.0962
   -0.1745   -0.0803   -0.9814
    0.5623    0.8100   -0.1663
...    88 A-T ...
  -87.7021   30.2256  -87.4752
    0.5251   -0.6271   -0.5754
   -0.5387    0.2785   -0.7952
    0.6588    0.7275   -0.1915
...    89 T-A ...
  -85.1211   32.2515  -87.6467
    0.1925   -0.4108   -0.8912
   -0.7183    0.5598   -0.4131
    0.6686    0.7197   -0.1873
...    90 A-T ...
  -82.9970   34.6920  -88.3554
   -0.2679   -0.0247   -0.9631
   -0.6811    0.7119    0.1712
    0.6814    0.7018   -0.2075
...    91 A-T ...
  -80.5853   36.7176  -89.1691
   -0.5784    0.4006   -0.7106
   -0.4204    0.6002    0.6805
    0.6991    0.6923   -0.1788
...    92 C-G ...
  -78.1835   38.7034  -90.3058
   -0.7177    0.6439   -0.2651
   -0.0686    0.3135    0.9471
    0.6929    0.6979   -0.1809
...    93 G-C ...
  -75.8926   41.0756  -90.4950
   -0.7065    0.6399    0.3022
    0.3258   -0.0850    0.9416
    0.6282    0.7637   -0.1484
...    94 G-C ...
  -73.9837   43.7357  -91.2805
   -0.4916    0.4322    0.7560
    0.6421   -0.4066    0.6499
    0.5883    0.8049   -0.0776
...    95 A-T ...
  -72.1638   46.3990  -91.6114
   -0.0874    0.0850    0.9925
    0.8025   -0.5842    0.1207
    0.5902    0.8071   -0.0172
...    96 C-G ...
  -70.7791   49.3539  -91.5054
    0.2830   -0.2593    0.9234
    0.7464   -0.5451   -0.3818
    0.6023    0.7973    0.0393
...    97 A-T ...
  -68.8055   52.0108  -91.1503
    0.5258   -0.6222    0.5799
    0.5248   -0.2993   -0.7969
    0.6694    0.7234    0.1692
...    98 C-G ...
  -66.8662   54.3466  -89.9592
    0.6762   -0.7292    0.1051
    0.2194    0.0631   -0.9736
    0.7033    0.6814    0.2026
...    99 T-A ...
  -64.4817   56.3268  -88.9038
    0.6384   -0.6558   -0.4029
   -0.1022    0.4466   -0.8889
    0.7629    0.6086    0.2181
...   100 T-A ...
  -61.9287   58.0699  -87.9457
    0.4789   -0.3100   -0.8213
   -0.4165    0.7433   -0.5234
    0.7728    0.5928    0.2269
...   101 T-A ...
  -59.2548   59.6934  -87.0831
    0.1878    0.1614   -0.9689
   -0.6027    0.7978    0.0161
    0.7755    0.5809    0.2471
...   102 A-T ...
  -56.8150   61.7665  -86.2334
   -0.1934    0.5986   -0.7774
   -0.5928    0.5601    0.5787
    0.7818    0.5727    0.2465
...   103 T-A ...
  -53.9167   63.3282  -85.9578
   -0.4461    0.8082   -0.3846
   -0.4258    0.1863    0.8854
    0.7872    0.5587    0.2611
...   104 G-C ...
  -51.4612   65.2942  -84.9914
   -0.6708    0.7294    0.1342
   -0.1149   -0.2810    0.9528
    0.7327    0.6237    0.2723
...   105 C-G ...
  -49.0951   67.5135  -84.4747
   -0.6700    0.4428    0.5959
    0.2435   -0.6272    0.7398
    0.7013    0.6408    0.3124
...   106 T-A ...
  -47.0461   69.9067  -83.5485
   -0.5217    0.0276    0.8527
    0.5390   -0.7641    0.3545
    0.6613    0.6445    0.3837
...   107 T-A ...
  -45.1243   72.1901  -82.3239
   -0.1894   -0.4099    0.8923
    0.7316   -0.6649   -0.1502
    0.6549    0.6244    0.4258
...   108 C-G ...
  -43.1358   74.2145  -80.7857
    0.1865   -0.7540    0.6299
    0.7292   -0.3234   -0.6030
    0.6584    0.5718    0.4895
...   109 C-G ...
  -41.1986   75.9804  -78.6893
    0.4397   -0.8799    0.1803
    0.5679    0.1168   -0.8148
    0.6958    0.4606    0.5510
...   110 G-C ...
  -38.6254   77.1965  -77.0321
    0.5644   -0.7508   -0.3431
    0.3240    0.5838   -0.7444
    0.7592    0.3090    0.5728
...   111 G-C ...
  -35.9784   77.6512  -75.0086
    0.5870   -0.3674   -0.7214
    0.0422    0.9038   -0.4259
    0.8085    0.2196    0.5461
...   112 C-G ...
  -33.1825   77.8920  -73.2839
    0.5006    0.1614   -0.8505
   -0.2424    0.9693    0.0413
    0.8311    0.1855    0.5243
...   113 T-A ...
  -30.2690   78.2010  -71.7680
    0.2916    0.6304   -0.7194
   -0.4388    0.7565    0.4849
    0.8499    0.1743    0.4972
...   114 C-G ...
  -27.4072   78.7212  -70.2626
   -0.0097    0.9531   -0.3024
   -0.5285    0.2518    0.8108
    0.8489    0.1677    0.5012
...   115 G-C ...
  -24.8665   79.2319  -68.2167
   -0.3605    0.9211    0.1472
   -0.4534   -0.3110    0.8353
    0.8151    0.2344    0.5297
...   116 T-A ...
  -22.0053   80.3216  -66.9613
   -0.5629    0.6339    0.5304
   -0.2297   -0.7364    0.6363
    0.7940    0.2363    0.5602
...   117 A-T ...
  -19.4567   81.4344  -65.1629
   -0.7039    0.1318    0.6980
    0.0926   -0.9572    0.2741
    0.7042    0.2575    0.6616
...   118 T-A ...
  -17.4224   82.8942  -63.0755
   -0.6034   -0.3497    0.7166
    0.4135   -0.9057   -0.0938
    0.6818    0.2397    0.6911
...   119 A-T ...
  -15.8164   84.1061  -60.3703
   -0.5043   -0.7604    0.4092
    0.6700   -0.6435   -0.3700
    0.5447    0.0876    0.8340
...   120 A-T ...
  -14.3578   84.3858  -57.5199
   -0.1182   -0.9879    0.1001
    0.8498   -0.1528   -0.5045
    0.5137    0.0255    0.8576
...   121 T-A ...
  -13.3257   84.3431  -54.4317
    0.2809   -0.9423   -0.1820
    0.8158    0.3343   -0.4720
    0.5056   -0.0159    0.8626
...   122 G-C ...
  -11.5109   83.9362  -51.7001
    0.6074   -0.6153   -0.5025
    0.5819    0.7752   -0.2457
    0.5407   -0.1431    0.8289
...   123 T-A ...
  -10.0019   82.8542  -48.9828
    0.8088   -0.1430   -0.5705
    0.2165    0.9743    0.0627
    0.5468   -0.1742    0.8189
...   124 G-C ...
   -8.0177   82.5062  -46.3882
    0.7650    0.4326   -0.4772
   -0.2464    0.8811    0.4038
    0.5951   -0.1913    0.7806
...   125 T-A ...
   -5.8134   81.3992  -44.1494
    0.5380    0.8195   -0.1973
   -0.6024    0.5376    0.5900
    0.5896   -0.1985    0.7829
...   126 C-G ...
   -3.7925   80.6918  -41.6715
    0.0936    0.9790    0.1810
   -0.8116   -0.0303    0.5835
    0.5767   -0.2015    0.7917
...   127 G-C ...
   -2.2709   79.8163  -38.8796
   -0.4103    0.8277    0.3829
   -0.7541   -0.5440    0.3679
    0.5128   -0.1378    0.8474
...   128 A-T ...
   -0.4855   79.3677  -36.2128
   -0.7878    0.3951    0.4725
   -0.4129   -0.9080    0.0710
    0.4571   -0.1392    0.8785
...   129 C-G ...
    1.0329   79.5346  -33.3433
   -0.9175   -0.0865    0.3882
    0.0201   -0.9849   -0.1719
    0.3972   -0.1499    0.9054
...   130 C-G ...
    2.1293   79.4566  -30.1655
   -0.8389   -0.5317    0.1163
    0.4727   -0.8177   -0.3284
    0.2697   -0.2206    0.9373
...   131 A-T ...
    2.6624   78.7312  -26.9508
   -0.5300   -0.8151   -0.2341
    0.8394   -0.4648   -0.2819
    0.1209   -0.3459    0.9304
...   132 A-T ...
    2.6915   77.5661  -23.9524
   -0.0184   -0.9170   -0.3984
    0.9965    0.0156   -0.0819
    0.0813   -0.3985    0.9136
...   133 A-T ...
    2.6266   76.0992  -21.0768
    0.5140   -0.7591   -0.3995
    0.8556    0.4868    0.1757
    0.0611   -0.4322    0.8997
...   134 T-A ...
    2.3076   74.2307  -18.3903
    0.8657   -0.4293   -0.2574
    0.4984    0.7868    0.3641
    0.0462   -0.4435    0.8951
...   135 G-C ...
    1.4355   72.0970  -15.6050
    0.9809    0.0621    0.1843
   -0.1263    0.9241    0.3607
   -0.1479   -0.3771    0.9143
...   136 T-A ...
    0.5280   69.2393  -13.4689
    0.7351    0.4963    0.4618
   -0.6117    0.7792    0.1365
   -0.2921   -0.3828    0.8764
...   137 G-C ...
   -0.1658   67.4105  -10.8095
    0.1800    0.8794    0.4408
   -0.9276    0.3008   -0.2214
   -0.3274   -0.3691    0.8698
...   138 A-T ...
   -0.1321   66.2180   -7.8216
   -0.3749    0.8570    0.3536
   -0.8857   -0.2184   -0.4098
   -0.2739   -0.4668    0.8409
...   139 G-C ...
   -1.0068   65.6075   -4.9425
   -0.8336    0.5218    0.1811
   -0.5170   -0.6220   -0.5881
   -0.1942   -0.5839    0.7883
...   140 C-G ...
   -0.6974   63.9003   -2.2528
   -0.9992    0.0157   -0.0376
    0.0023   -0.8993   -0.4374
   -0.0406   -0.4371    0.8985
...   141 G-C ...
   -3.4382   60.2385    1.0284
   -0.4425    0.2285   -0.8672
    0.1683   -0.9287   -0.3306
   -0.8808   -0.2922    0.3725
...   142 C-G ...
   -6.3288   59.0834    1.6293
   -0.2970   -0.3280   -0.8968
    0.5656   -0.8171    0.1115
   -0.7693   -0.4741    0.4282
...   143 T-A ...
   -8.6768   58.7243    3.6024
   -0.0347   -0.7817   -0.6227
    0.6533   -0.4893    0.5778
   -0.7563   -0.3868    0.5276
...   144 C-G ...
  -11.6544   58.0114    4.7193
    0.2451   -0.9542   -0.1716
    0.6322    0.0231    0.7745
   -0.7350   -0.2983    0.6089
...   145 A-T ...
  -14.1760   56.5669    6.1807
    0.5795   -0.7268    0.3687
    0.3139    0.6165    0.7220
   -0.7521   -0.3027    0.5855
...   146 C-G ...
  -16.4650   53.8949    7.5153
    0.5336   -0.3331    0.7774
   -0.0346    0.9098    0.4136
   -0.8450   -0.2476    0.4739
...   147 A-T ...
  -19.0172   52.0374    8.9260
    0.2452    0.2907    0.9249
   -0.3073    0.9281   -0.2103
   -0.9195   -0.2327    0.3169
