  147 base-pairs
...     1 A-T ...
    0.0000    0.0000    0.0000
    1.0000    0.0000    0.0000
    0.0000    1.0000    0.0000
    0.0000    0.0000    1.0000
...     2 G-C ...
   -0.1404   -1.2353    3.2259
    0.7530    0.6366    0.1668
   -0.6385    0.7681   -0.0490
   -0.1593   -0.0696    0.9848
...     3 T-A ...
   -0.0377   -3.2918    6.3749
    0.2722    0.9302    0.2464
   -0.9238    0.3243   -0.2034
   -0.2691   -0.1722    0.9476
...     4 G-C ...
   -0.3520   -4.1638    9.4928
   -0.3756    0.9250    0.0576
   -0.8780   -0.3352   -0.3416
   -0.2967   -0.1788    0.9381
...     5 A-T ...
   -0.4480   -4.1448   12.7498
   -0.8116    0.5839   -0.0166
   -0.5522   -0.7762   -0.3042
   -0.1905   -0.2377    0.9525
...     6 G-C ...
   -1.5926   -4.1701   15.6201
   -0.9976    0.0246   -0.0651
   -0.0043   -0.9555   -0.2950
   -0.0694   -0.2940    0.9533
...     7 C-G ...
   -1.1050   -4.4793   18.7363
   -0.8442   -0.5302   -0.0787
    0.5343   -0.8442   -0.0430
   -0.0437   -0.0784    0.9960
...     8 G-C ...
   -2.4044   -7.7255   23.1483
   -0.2753   -0.3294   -0.9032
    0.6650   -0.7437    0.0686
   -0.6943   -0.5817    0.4238
...     9 C-G ...
   -4.4706   -9.9691   24.1142
    0.1145   -0.7026   -0.7023
    0.8512   -0.2951    0.4341
   -0.5123   -0.6475    0.5642
...    10 T-A ...
   -6.7420  -10.8705   25.9717
    0.4841   -0.8363   -0.2573
    0.6594    0.1554    0.7356
   -0.5752   -0.5257    0.6267
...    11 C-G ...
   -9.1682  -12.6167   27.1662
    0.7073   -0.6683    0.2306
    0.3450    0.6110    0.7125
   -0.6170   -0.4243    0.6627
...    12 A-T ...
  -10.9253  -14.6583   29.0713
    0.7515   -0.1377    0.6452
   -0.2027    0.8824    0.4245
   -0.6278   -0.4498    0.6352
...    13 C-G ...
  -11.8495  -17.4796   31.2472
    0.4294    0.2824    0.8578
   -0.5708    0.8209    0.0155
   -0.6998   -0.4963    0.5137
...    14 A-T ...
  -13.5915  -19.7756   33.4284
   -0.1503    0.6106    0.7775
   -0.6874    0.5007   -0.5261
   -0.7106   -0.6135    0.3445
...    15 A-T ...
  -15.7482  -21.9057   34.5511
   -0.4973    0.7926    0.3528
   -0.4661    0.0989   -0.8792
   -0.7317   -0.6016    0.3203
...    16 T-A ...
  -17.8790  -23.8655   36.3121
   -0.6940    0.7047   -0.1472
   -0.1197   -0.3146   -0.9416
   -0.7099   -0.6359    0.3027
...    17 T-A ...
  -20.2028  -25.7732   37.6637
   -0.6525    0.3791   -0.6562
    0.3171   -0.6499   -0.6907
   -0.6883   -0.6587    0.3039
...    18 T-A ...
  -22.5304  -27.7195   38.6614
   -0.3313    0.0358   -0.9429
    0.6049   -0.7588   -0.2413
   -0.7241   -0.6503    0.2297
...    19 A-T ...
  -25.0079  -29.6897   39.0187
    0.1190   -0.1307   -0.9843
    0.6613   -0.7290    0.1767
   -0.7406   -0.6719   -0.0003
...    20 T-A ...
  -27.8389  -31.3292   38.6864
    0.4452   -0.4417   -0.7789
    0.5128   -0.5873    0.6262
   -0.7340   -0.6782   -0.0349
...    21 T-A ...
  -30.3562  -33.3931   38.2515
    0.6746   -0.6604   -0.3298
    0.1808   -0.2854    0.9412
   -0.7157   -0.6946   -0.0732
...    22 C-G ...
  -32.5871  -35.7365   37.8577
    0.6875   -0.6811    0.2517
   -0.2464    0.1073    0.9632
   -0.6831   -0.7242   -0.0940
...    23 G-C ...
  -34.6592  -38.3451   38.2820
    0.5114   -0.4293    0.7444
   -0.6392    0.3889    0.6634
   -0.5743   -0.8152   -0.0755
...    24 C-G ...
  -36.2133  -41.1848   37.9002
    0.1339   -0.1259    0.9830
   -0.8152    0.5500    0.1815
   -0.5635   -0.8256   -0.0290
...    25 A-T ...
  -38.4470  -43.5902   37.7008
   -0.3376    0.2214    0.9149
   -0.7459    0.5300   -0.4034
   -0.5742   -0.8186   -0.0138
...    26 A-T ...
  -40.1635  -46.3924   37.8387
   -0.7122    0.4518    0.5373
   -0.4231    0.3345   -0.8421
   -0.5601   -0.8271   -0.0471
...    27 A-T ...
  -41.8172  -49.1945   38.0093
   -0.8423    0.5376   -0.0384
    0.0787    0.0522   -0.9955
   -0.5332   -0.8416   -0.0863
...    28 G-C ...
  -43.8447  -51.8664   38.1632
   -0.6416    0.5474   -0.5374
    0.4947   -0.2401   -0.8352
   -0.5862   -0.8017   -0.1168
...    29 G-C ...
  -46.2410  -54.3407   37.9282
   -0.2062    0.4438   -0.8721
    0.7582   -0.4909   -0.4291
   -0.6185   -0.7497   -0.2352
...    30 C-G ...
  -48.6941  -56.3546   37.1648
    0.2723    0.2038   -0.9404
    0.7444   -0.6639    0.0717
   -0.6097   -0.7196   -0.3325
...    31 C-G ...
  -50.9507  -58.4278   35.9184
    0.6907   -0.0854   -0.7181
    0.4693   -0.7026    0.5349
   -0.5502   -0.7065   -0.4452
...    32 G-C ...
  -52.2090  -60.6880   34.3552
    0.8967   -0.3109   -0.3150
    0.0459   -0.6424    0.7650
   -0.4402   -0.7004   -0.5618
...    33 G-C ...
  -52.9322  -63.0582   32.0512
    0.8087   -0.5652    0.1627
   -0.4678   -0.4504    0.7605
   -0.3565   -0.6912   -0.6286
...    34 C-G ...
  -53.5455  -65.3803   29.8335
    0.4381   -0.7057    0.5568
   -0.8461   -0.1146    0.5205
   -0.3036   -0.6992   -0.6473
...    35 C-G ...
  -54.1740  -67.9854   27.7428
   -0.1114   -0.6620    0.7412
   -0.9596    0.2656    0.0930
   -0.2584   -0.7008   -0.6648
...    36 C-G ...
  -54.8161  -70.4959   25.6194
   -0.6051   -0.4068    0.6843
   -0.7552    0.5653   -0.3318
   -0.2519   -0.7176   -0.6493
...    37 G-C ...
  -56.0758  -72.0739   22.7779
   -0.9083    0.0133    0.4181
   -0.2797    0.7239   -0.6306
   -0.3110   -0.6897   -0.6538
...    38 A-T ...
  -56.7788  -74.2569   20.6601
   -0.9021    0.4316   -0.0019
    0.3010    0.6260   -0.7194
   -0.3093   -0.6495   -0.6946
...    39 C-G ...
  -58.1915  -76.3840   18.7425
   -0.6109    0.7287   -0.3095
    0.7129    0.3363   -0.6154
   -0.3443   -0.5966   -0.7249
...    40 A-T ...
  -59.5383  -78.2699   16.4032
   -0.1005    0.8771   -0.4697
    0.9208   -0.0968   -0.3778
   -0.3768   -0.4705   -0.7979
...    41 C-G ...
  -61.1610  -79.2904   13.8109
    0.3898    0.7672   -0.5094
    0.8507   -0.5118   -0.1200
   -0.3528   -0.3866   -0.8521
...    42 G-C ...
  -61.8711  -80.6491   10.8605
    0.8269    0.4127   -0.3820
    0.4830   -0.8692    0.1064
   -0.2882   -0.2724   -0.9180
...    43 A-T ...
  -62.7642  -81.4097    7.9275
    0.9583   -0.1525   -0.2419
   -0.0779   -0.9531    0.2924
   -0.2751   -0.2614   -0.9252
...    44 C-G ...
  -63.4335  -81.5611    4.6926
    0.7977   -0.6030   -0.0133
   -0.5642   -0.7538    0.3369
   -0.2132   -0.2612   -0.9415
...    45 T-A ...
  -63.4297  -82.1247    1.0848
    0.3687   -0.9161    0.1578
   -0.9088   -0.3195    0.2682
   -0.1953   -0.2423   -0.9503
...    46 T-A ...
  -63.5159  -82.5806   -2.1857
   -0.1179   -0.9691    0.2168
   -0.9742    0.1552    0.1636
   -0.1922   -0.1919   -0.9624
...    47 A-T ...
  -64.3376  -83.0518   -5.3810
   -0.6788   -0.6844    0.2663
   -0.7084    0.7058    0.0082
   -0.1936   -0.1831   -0.9639
...    48 C-G ...
  -64.6090  -84.2044   -8.5004
   -0.9464   -0.2192    0.2371
   -0.2525    0.9601   -0.1201
   -0.2013   -0.1735   -0.9640
...    49 T-A ...
  -65.3912  -85.2321  -11.5956
   -0.9227    0.3190    0.2163
    0.2689    0.9349   -0.2319
   -0.2762   -0.1558   -0.9484
...    50 G-C ...
  -66.5940  -85.5646  -14.7185
   -0.5914    0.7819    0.1972
    0.7212    0.6223   -0.3044
   -0.3607   -0.0378   -0.9319
...    51 T-A ...
  -68.2376  -85.8694  -17.4365
   -0.1729    0.9772    0.1235
    0.9095    0.2065   -0.3608
   -0.3781    0.0500   -0.9244
...    52 A-T ...
  -70.5221  -85.0373  -19.8957
    0.3406    0.9158    0.2129
    0.8743   -0.2251   -0.4301
   -0.3459    0.3326   -0.8773
...    53 G-C ...
  -72.0580  -83.8016  -22.4330
    0.7329    0.6731    0.0990
    0.6175   -0.5971   -0.5120
   -0.2856    0.4363   -0.8533
...    54 G-C ...
  -73.3951  -81.3924  -24.9050
    0.9635    0.2505   -0.0943
    0.1645   -0.8322   -0.5295
   -0.2111    0.4947   -0.8431
...    55 T-A ...
  -73.8921  -79.1068  -27.2357
    0.9193   -0.2283   -0.3205
   -0.3566   -0.8277   -0.4333
   -0.1663    0.5127   -0.8423
...    56 C-G ...
  -74.0526  -77.4081  -29.9393
    0.5849   -0.6584   -0.4737
   -0.8038   -0.5486   -0.2300
   -0.1084    0.5153   -0.8501
...    57 A-T ...
  -74.0197  -75.3654  -32.6517
    0.1052   -0.8879   -0.4478
   -0.9943   -0.1023   -0.0306
   -0.0187    0.4484   -0.8936
...    58 T-A ...
  -73.5675  -73.9937  -35.5576
   -0.3874   -0.8339   -0.3932
   -0.9217    0.3404    0.1862
   -0.0214    0.4345   -0.9004
...    59 G-C ...
  -73.4205  -72.6815  -38.7028
   -0.8364   -0.5189   -0.1766
   -0.5432    0.7412    0.3944
   -0.0738    0.4258   -0.9018
...    60 T-A ...
  -73.4249  -71.8273  -41.9212
   -0.9956   -0.0743    0.0573
   -0.0409    0.8937    0.4468
   -0.0844    0.4425   -0.8928
...    61 T-A ...
  -73.8453  -70.5963  -44.7926
   -0.8672    0.3799    0.3219
    0.4824    0.8010    0.3544
   -0.1233    0.4626   -0.8779
...    62 A-T ...
  -74.3458  -68.8926  -47.5222
   -0.4921    0.6590    0.5689
    0.8481    0.5104    0.1423
   -0.1966    0.5525   -0.8100
...    63 T-A ...
  -75.6625  -67.3826  -50.0302
   -0.0306    0.8156    0.5778
    0.9805    0.1368   -0.1411
   -0.1941    0.5622   -0.8039
...    64 A-T ...
  -76.3156  -65.3477  -52.4731
    0.4712    0.6889    0.5508
    0.8650   -0.2387   -0.4414
   -0.1726    0.6844   -0.7084
...    65 A-T ...
  -76.9824  -63.0510  -54.5063
    0.8542    0.4279    0.2954
    0.5030   -0.5366   -0.6775
   -0.1314    0.7273   -0.6736
...    66 C-G ...
  -77.5208  -60.0705  -56.1092
    0.9938    0.0721   -0.0850
   -0.0147   -0.6709   -0.7414
   -0.1105    0.7380   -0.6657
...    67 G-C ...
  -77.5109  -57.8993  -58.5300
    0.8431   -0.3832   -0.3772
   -0.5366   -0.5549   -0.6357
    0.0343    0.7384   -0.6735
...    68 G-C ...
  -76.9195  -55.5751  -60.7749
    0.4525   -0.6749   -0.5829
   -0.8829   -0.2469   -0.3994
    0.1256    0.6953   -0.7076
...    69 A-T ...
  -76.2309  -53.2134  -63.0008
   -0.1466   -0.6889   -0.7099
   -0.9801    0.1981    0.0102
    0.1336    0.6973   -0.7042
...    70 T-A ...
  -75.1166  -51.2551  -65.4242
   -0.6023   -0.4904   -0.6299
   -0.7857    0.5038    0.3591
    0.1412    0.7111   -0.6887
...    71 A-T ...
  -74.4360  -49.0483  -67.9641
   -0.9545   -0.0914   -0.2840
   -0.2658    0.6928    0.6704
    0.1355    0.7153   -0.6855
...    72 T-A ...
  -73.9771  -47.2494  -70.6776
   -0.9654    0.2493    0.0762
    0.2239    0.6430    0.7324
    0.1336    0.7242   -0.6766
...    73 C-G ...
  -73.8307  -44.9333  -73.1525
   -0.6483    0.5616    0.5142
    0.7517    0.3645    0.5496
    0.1213    0.7428   -0.6584
...    74 T-A ...
  -73.8270  -42.4238  -75.2944
   -0.2010    0.5994    0.7748
    0.9755    0.0503    0.2141
    0.0893    0.7989   -0.5948
...    75 C-G ...
  -73.5988  -39.6305  -76.9891
    0.3495    0.4741    0.8081
    0.9345   -0.2390   -0.2639
    0.0681    0.8474   -0.5266
...    76 G-C ...
  -72.9380  -36.8289  -78.5145
    0.7102    0.1240    0.6930
    0.6821   -0.3648   -0.6337
    0.1743    0.9228   -0.3437
...    77 A-T ...
  -72.3568  -33.7186  -79.5225
    0.9568   -0.1481    0.2502
    0.1856   -0.3512   -0.9177
    0.2237    0.9245   -0.3085
...    78 G-C ...
  -71.4618  -30.5970  -80.1721
    0.9104   -0.3447   -0.2287
   -0.3100   -0.2025   -0.9289
    0.2739    0.9166   -0.2913
...    79 C-G ...
  -70.1782  -27.5003  -80.7839
    0.5628   -0.4278   -0.7073
   -0.7666    0.0499   -0.6402
    0.3091    0.9025   -0.2999
...    80 T-A ...
  -68.9267  -24.5760  -81.6159
    0.0868   -0.3557   -0.9306
   -0.9405    0.2788   -0.1943
    0.3285    0.8921   -0.3103
...    81 C-G ...
  -67.9691  -21.6563  -82.7697
   -0.4710   -0.1522   -0.8689
   -0.8153    0.4512    0.3629
    0.3368    0.8794   -0.3366
...    82 G-C ...
  -67.5432  -18.4045  -83.5334
   -0.8553    0.0626   -0.5143
   -0.4274    0.4755    0.7689
    0.2927    0.8775   -0.3800
...    83 G-C ...
  -66.5125  -15.5605  -84.8970
   -0.9699    0.2435   -0.0032
    0.0824    0.3408    0.9365
    0.2292    0.9080   -0.3506
...    84 G-C ...
  -65.9342  -12.5869  -86.3174
   -0.8056    0.2806    0.5217
    0.5784    0.1822    0.7952
    0.1281    0.9424   -0.3090
...    85 A-T ...
  -65.7182   -9.5117  -87.4765
   -0.3361    0.2947    0.8945
    0.9355   -0.0054    0.3533
    0.1089    0.9556   -0.2739
...    86 T-A ...
  -66.0126   -6.3534  -88.3729
    0.1749    0.2175    0.9603
    0.9786   -0.1454   -0.1453
    0.1081    0.9652   -0.2383
...    87 C-G ...
  -65.8282   -3.1202  -88.9283
    0.6946    0.0523    0.7175
    0.7077   -0.2285   -0.6685
    0.1290    0.9721   -0.1957
...    88 C-G ...
  -65.5303    0.1144  -89.3704
    0.9316   -0.1895    0.3102
    0.2711   -0.2063   -0.9402
    0.2421    0.9600   -0.1408
...    89 G-C ...
  -64.4858    3.1186  -90.1846
    0.8923   -0.4023   -0.2047
   -0.2347   -0.0260   -0.9717
    0.3856    0.9151   -0.1177
...    90 C-G ...
  -62.7996    6.1386  -90.1565
    0.5965   -0.3617   -0.7165
   -0.6892    0.2266   -0.6882
    0.4113    0.9043   -0.1141
...    91 T-A ...
  -60.8166    8.9386  -90.5992
    0.1122   -0.1766   -0.9779
   -0.8791    0.4411   -0.1806
    0.4633    0.8799   -0.1058
...    92 T-A ...
  -58.9479   11.5828  -90.9602
   -0.3898    0.1503   -0.9085
   -0.7875    0.4571    0.4135
    0.4774    0.8766   -0.0599
...    93 T-A ...
  -57.1365   14.2692  -91.3060
   -0.7502    0.4076   -0.5206
   -0.4396    0.2806    0.8532
    0.4938    0.8690   -0.0314
...    94 A-T ...
  -55.5562   17.1322  -90.9285
   -0.8608    0.5053    0.0616
    0.0593   -0.0206    0.9980
    0.5056    0.8627   -0.0122
...    95 A-T ...
  -54.0390   19.9092  -91.1176
   -0.7158    0.3891    0.5798
    0.4961   -0.3010    0.8144
    0.4914    0.8706    0.0224
...    96 C-G ...
  -52.9260   23.0350  -91.4277
   -0.3877    0.1495    0.9096
    0.7863   -0.4613    0.4110
    0.4811    0.8745    0.0613
...    97 A-T ...
  -51.5373   26.0290  -91.1021
    0.0297   -0.2295    0.9729
    0.8833   -0.4496   -0.1330
    0.4679    0.8633    0.1894
...    98 C-G ...
  -50.5340   29.0354  -90.0546
    0.4438   -0.4641    0.7666
    0.7589   -0.2602   -0.5969
    0.4765    0.8467    0.2368
...    99 T-A ...
  -49.1369   31.9717  -88.5261
    0.7509   -0.5894    0.2979
    0.4060    0.0562   -0.9121
    0.5208    0.8059    0.2815
...   100 T-A ...
  -47.5029   34.4547  -87.2051
    0.8542   -0.4462   -0.2669
   -0.0832    0.3894   -0.9173
    0.5132    0.8058    0.2955
...   101 T-A ...
  -45.7721   36.9074  -85.9925
    0.6673   -0.1512   -0.7293
   -0.5390    0.5777   -0.6129
    0.5140    0.8021    0.3040
...   102 A-T ...
  -44.2057   39.7539  -85.1263
    0.2180    0.2085   -0.9534
   -0.8227    0.5647   -0.0646
    0.5250    0.7985    0.2947
...   103 T-A ...
  -41.8889   41.9252  -84.3109
   -0.1965    0.4343   -0.8791
   -0.8250    0.4113    0.3876
    0.5299    0.8013    0.2775
...   104 G-C ...
  -40.0275   44.5988  -83.6870
   -0.7001    0.5210   -0.4883
   -0.5214    0.0943    0.8481
    0.4879    0.8483    0.2057
...   105 C-G ...
  -38.5699   47.5179  -83.4386
   -0.8910    0.4527    0.0347
   -0.0736   -0.2196    0.9728
    0.4480    0.8642    0.2290
...   106 T-A ...
  -37.2127   50.6396  -83.0657
   -0.8002    0.2241    0.5563
    0.4346   -0.4226    0.7953
    0.4133    0.8782    0.2408
...   107 T-A ...
  -36.0460   53.5426  -82.4171
   -0.4635   -0.0916    0.8814
    0.7972   -0.4774    0.3696
    0.3869    0.8739    0.2943
...   108 C-G ...
  -35.0638   56.4703  -81.3391
    0.0019   -0.4191    0.9079
    0.9261   -0.3419   -0.1598
    0.3774    0.8411    0.3875
...   109 C-G ...
  -34.0295   59.3442  -80.1415
    0.3937   -0.6576    0.6423
    0.8055   -0.0898   -0.5858
    0.4429    0.7480    0.4943
...   110 G-C ...
  -32.4363   61.4289  -78.6122
    0.6609   -0.7217    0.2059
    0.5461    0.2743   -0.7915
    0.5147    0.6356    0.5754
...   111 G-C ...
  -30.4295   62.9534  -76.4120
    0.8077   -0.5139   -0.2891
    0.1551    0.6582   -0.7367
    0.5689    0.5502    0.6113
...   112 C-G ...
  -28.2406   64.1396  -74.1553
    0.7469   -0.0981   -0.6577
   -0.2783    0.8521   -0.4432
    0.6039    0.5140    0.6092
...   113 T-A ...
  -26.1434   65.5861  -72.0986
    0.4934    0.3562   -0.7935
   -0.6005    0.7995   -0.0145
    0.6293    0.4836    0.6084
...   114 C-G ...
  -24.1662   67.4301  -70.2810
    0.0548    0.7541   -0.6544
   -0.7474    0.4656    0.4739
    0.6621    0.4632    0.5892
...   115 G-C ...
  -22.3705   69.0615  -68.0758
   -0.3990    0.8740   -0.2773
   -0.6482   -0.0549    0.7595
    0.6486    0.4827    0.5885
...   116 T-A ...
  -20.1342   70.9975  -66.6099
   -0.6979    0.7018    0.1427
   -0.3510   -0.5089    0.7860
    0.6243    0.4985    0.6015
...   117 A-T ...
  -18.0034   73.1023  -64.9463
   -0.8197    0.2604    0.5102
    0.0950   -0.8166    0.5694
    0.5649    0.5152    0.6446
...   118 T-A ...
  -16.4372   75.3240  -63.2105
   -0.6779   -0.1695    0.7153
    0.4643   -0.8532    0.2378
    0.5700    0.4933    0.6571
...   119 A-T ...
  -14.7524   76.9008  -60.9216
   -0.4581   -0.6389    0.6180
    0.7498   -0.6511   -0.1174
    0.4774    0.4096    0.7774
...   120 A-T ...
  -13.5114   78.2260  -58.2527
   -0.0386   -0.9287    0.3687
    0.8904   -0.1994   -0.4091
    0.4535    0.3125    0.8347
...   121 T-A ...
  -12.6070   79.1644  -55.2247
    0.3874   -0.9179    0.0856
    0.8045    0.2913   -0.5175
    0.4501    0.2694    0.8514
...   122 G-C ...
  -11.1252   79.6121  -52.1501
    0.6974   -0.6378   -0.3269
    0.4974    0.7590   -0.4201
    0.5161    0.1304    0.8466
...   123 T-A ...
   -9.4499   79.3733  -49.3988
    0.8439   -0.2041   -0.4962
    0.1353    0.9759   -0.1714
    0.5192    0.0776    0.8511
...   124 G-C ...
   -7.5629   79.4722  -46.7124
    0.7547    0.3811   -0.5341
   -0.3310    0.9240    0.1915
    0.5664    0.0322    0.8235
...   125 T-A ...
   -5.4979   79.0685  -44.2312
    0.4765    0.8000   -0.3645
   -0.6607    0.5994    0.4518
    0.5800    0.0255    0.8142
...   126 C-G ...
   -3.5859   79.1736  -41.7231
    0.0196    0.9997   -0.0111
   -0.8093    0.0224    0.5869
    0.5870   -0.0026    0.8096
...   127 G-C ...
   -2.2540   78.9980  -38.7853
   -0.4307    0.8669    0.2510
   -0.7252   -0.4980    0.4755
    0.5372    0.0227    0.8431
...   128 A-T ...
   -0.4233   78.8608  -36.2524
   -0.7731    0.4287    0.4675
   -0.3795   -0.9032    0.2006
    0.5083   -0.0223    0.8609
...   129 C-G ...
    1.2714   79.4807  -33.4950
   -0.8847   -0.0967    0.4560
    0.0640   -0.9942   -0.0867
    0.4617   -0.0476    0.8858
...   130 C-G ...
    2.2283   79.8195  -30.2349
   -0.8113   -0.5469    0.2066
    0.4858   -0.8273   -0.2823
    0.3253   -0.1287    0.9368
...   131 A-T ...
    2.6459   78.8017  -27.0760
   -0.5930   -0.7747   -0.2197
    0.7958   -0.5220   -0.3071
    0.1232   -0.3570    0.9260
...   132 A-T ...
    2.7985   77.5581  -24.0764
   -0.0896   -0.9034   -0.4194
    0.9929   -0.0481   -0.1085
    0.0779   -0.4261    0.9013
...   133 A-T ...
    2.6351   76.0835  -21.1279
    0.5037   -0.7727   -0.3863
    0.8619    0.4800    0.1638
    0.0589   -0.4155    0.9077
...   134 T-A ...
    2.3075   74.2307  -18.3902
    0.8657   -0.4293   -0.2574
    0.4984    0.7868    0.3641
    0.0462   -0.4435    0.8951
...   135 G-C ...
    1.4353   72.0970  -15.6049
    0.9809    0.0621    0.1843
   -0.1263    0.9241    0.3607
   -0.1479   -0.3771    0.9143
...   136 T-A ...
    0.5279   69.2393  -13.4688
    0.7351    0.4963    0.4618
   -0.6117    0.7792    0.1365
   -0.2921   -0.3828    0.8764
...   137 G-C ...
   -0.1660   67.4105  -10.8094
    0.1800    0.8794    0.4408
   -0.9276    0.3008   -0.2214
   -0.3274   -0.3691    0.8698
...   138 A-T ...
   -0.1322   66.2180   -7.8216
   -0.3749    0.8570    0.3536
   -0.8857   -0.2184   -0.4098
   -0.2739   -0.4668    0.8409
...   139 G-C ...
   -1.0070   65.6074   -4.9424
   -0.8336    0.5218    0.1811
   -0.5170   -0.6220   -0.5881
   -0.1942   -0.5839    0.7883
...   140 C-G ...
   -0.6975   63.9003   -2.2528
   -0.9992    0.0157   -0.0376
    0.0023   -0.8993   -0.4374
   -0.0406   -0.4371    0.8985
...   141 G-C ...
   -3.4383   60.2385    1.0284
   -0.4425    0.2285   -0.8672
    0.1683   -0.9287   -0.3306
   -0.8808   -0.2922    0.3725
...   142 C-G ...
   -6.3289   59.0834    1.6294
   -0.2970   -0.3280   -0.8968
    0.5656   -0.8171    0.1115
   -0.7693   -0.4741    0.4282
...   143 T-A ...
   -8.6769   58.7242    3.6024
   -0.0347   -0.7817   -0.6227
    0.6533   -0.4893    0.5778
   -0.7563   -0.3868    0.5276
...   144 C-G ...
  -11.6545   58.0113    4.7193
    0.2451   -0.9542   -0.1716
    0.6322    0.0231    0.7745
   -0.7350   -0.2983    0.6089
...   145 A-T ...
  -14.1761   56.5668    6.1807
    0.5795   -0.7268    0.3687
    0.3139    0.6165    0.7220
   -0.7521   -0.3027    0.5855
...   146 C-G ...
  -16.4652   53.8949    7.5153
    0.5336   -0.3331    0.7774
   -0.0346    0.9098    0.4136
   -0.8450   -0.2476    0.4739
...   147 A-T ...
  -19.0173   52.0374    8.9261
    0.2452    0.2907    0.9249
   -0.3073    0.9281   -0.2103
   -0.9195   -0.2327    0.3169
