  147 base-pairs
...     1 A-T ...
    0.0000    0.0000    0.0000
    1.0000    0.0000    0.0000
    0.0000    1.0000    0.0000
    0.0000    0.0000    1.0000
...     2 G-C ...
   -0.1404   -1.2353    3.2259
    0.7530    0.6366    0.1668
   -0.6385    0.7681   -0.0490
   -0.1593   -0.0696    0.9848
...     3 T-A ...
   -0.0377   -3.2918    6.3749
    0.2722    0.9302    0.2464
   -0.9238    0.3243   -0.2034
   -0.2691   -0.1722    0.9476
...     4 G-C ...
   -0.3520   -4.1638    9.4928
   -0.3756    0.9250    0.0576
   -0.8780   -0.3352   -0.3416
   -0.2967   -0.1788    0.9381
...     5 A-T ...
   -0.4480   -4.1448   12.7498
   -0.8116    0.5839   -0.0166
   -0.5522   -0.7762   -0.3042
   -0.1905   -0.2377    0.9525
...     6 G-C ...
   -1.5926   -4.1701   15.6201
   -0.9976    0.0246   -0.0651
   -0.0043   -0.9555   -0.2950
   -0.0694   -0.2940    0.9533
...     7 C-G ...
   -1.1050   -4.4793   18.7363
   -0.8442   -0.5302   -0.0787
    0.5343   -0.8442   -0.0430
   -0.0437   -0.0784    0.9960
...     8 G-C ...
   -2.4044   -7.7255   23.1483
   -0.2753   -0.3294   -0.9032
    0.6650   -0.7437    0.0686
   -0.6943   -0.5817    0.4238
...     9 C-G ...
   -4.4706   -9.9691   24.1142
    0.1145   -0.7026   -0.7023
    0.8512   -0.2951    0.4341
   -0.5123   -0.6475    0.5642
...    10 T-A ...
   -6.7420  -10.8705   25.9717
    0.4841   -0.8363   -0.2573
    0.6594    0.1554    0.7356
   -0.5752   -0.5257    0.6267
...    11 C-G ...
   -9.1682  -12.6167   27.1662
    0.7073   -0.6683    0.2306
    0.3450    0.6110    0.7125
   -0.6170   -0.4243    0.6627
...    12 A-T ...
  -10.9253  -14.6583   29.0713
    0.7515   -0.1377    0.6452
   -0.2027    0.8824    0.4245
   -0.6278   -0.4498    0.6352
...    13 C-G ...
  -11.8495  -17.4796   31.2472
    0.4294    0.2824    0.8578
   -0.5708    0.8209    0.0155
   -0.6998   -0.4963    0.5137
...    14 A-T ...
  -13.5915  -19.7756   33.4284
   -0.1503    0.6106    0.7775
   -0.6874    0.5007   -0.5261
   -0.7106   -0.6135    0.3445
...    15 A-T ...
  -15.6987  -21.8499   34.7522
   -0.4979    0.7860    0.3665
   -0.4770    0.1048   -0.8726
   -0.7243   -0.6093    0.3227
...    16 T-A ...
  -17.8173  -23.7045   36.4129
   -0.6455    0.7563   -0.1067
   -0.1706   -0.2789   -0.9450
   -0.7445   -0.5918    0.3091
...    17 T-A ...
  -20.2470  -25.4398   37.6150
   -0.5901    0.5334   -0.6060
    0.1961   -0.6334   -0.7486
   -0.7831   -0.5606    0.2692
...    18 T-A ...
  -22.8987  -26.9936   38.5531
   -0.3414    0.1669   -0.9250
    0.4639   -0.8260   -0.3202
   -0.8174   -0.5385    0.2046
...    19 A-T ...
  -26.0776  -28.0661   38.8634
    0.1072   -0.1011   -0.9891
    0.5079   -0.8497    0.1419
   -0.8547   -0.5175   -0.0397
...    20 T-A ...
  -29.1158  -29.1597   38.4050
    0.3642   -0.4788   -0.7988
    0.3738   -0.7104    0.5963
   -0.8530   -0.5158   -0.0798
...    21 T-A ...
  -31.9399  -30.6311   37.8393
    0.5142   -0.7828   -0.3505
    0.0933   -0.3551    0.9301
   -0.8526   -0.5110   -0.1096
...    22 C-G ...
  -34.5906  -32.4312   37.2645
    0.4862   -0.8408    0.2380
   -0.2467    0.1291    0.9604
   -0.8383   -0.5257   -0.1447
...    23 G-C ...
  -37.3862  -34.1805   37.2179
    0.3182   -0.6054    0.7295
   -0.5112    0.5385    0.6698
   -0.7984   -0.5860   -0.1382
...    24 C-G ...
  -39.7825  -36.3719   36.6047
    0.0072   -0.2153    0.9765
   -0.6045    0.7770    0.1758
   -0.7966   -0.5916   -0.1245
...    25 A-T ...
  -42.5411  -38.0953   36.1417
   -0.2810    0.2901    0.9148
   -0.5048    0.7660   -0.3980
   -0.8162   -0.5736   -0.0688
...    26 A-T ...
  -45.0456  -40.1582   36.0931
   -0.5217    0.6572    0.5440
   -0.2437    0.4963   -0.8332
   -0.8176   -0.5672   -0.0988
...    27 A-T ...
  -47.6717  -42.0433   36.0429
   -0.5515    0.8341    0.0092
    0.0938    0.0730   -0.9929
   -0.8289   -0.5467   -0.1185
...    28 G-C ...
  -50.5117  -43.6608   35.9502
   -0.3423    0.8192   -0.4602
    0.3595   -0.3383   -0.8697
   -0.8681   -0.4631   -0.1787
...    29 G-C ...
  -53.6492  -44.7924   35.5612
    0.0049    0.5985   -0.8011
    0.4588   -0.7132   -0.5300
   -0.8885   -0.3650   -0.2781
...    30 C-G ...
  -56.7145  -45.4212   34.6579
    0.3138    0.1821   -0.9319
    0.3632   -0.9298   -0.0594
   -0.8773   -0.3198   -0.3579
...    31 C-G ...
  -59.6139  -46.0081   33.0579
    0.5521   -0.2763   -0.7867
    0.1024   -0.9139    0.3928
   -0.8275   -0.2974   -0.4763
...    32 G-C ...
  -62.0685  -47.3329   31.2819
    0.6144   -0.6791   -0.4016
   -0.2791   -0.6632    0.6944
   -0.7380   -0.3145   -0.5970
...    33 G-C ...
  -64.1619  -48.4102   28.8633
    0.4200   -0.9056    0.0589
   -0.6038   -0.2304    0.7631
   -0.6775   -0.3561   -0.6435
...    34 C-G ...
  -66.0542  -49.6944   26.4688
    0.0379   -0.8826    0.4687
   -0.7527    0.2832    0.5943
   -0.6572   -0.3753   -0.6536
...    35 C-G ...
  -68.0434  -51.1935   24.2048
   -0.3473   -0.5770    0.7392
   -0.6656    0.7070    0.2391
   -0.6606   -0.4089   -0.6296
...    36 C-G ...
  -70.1064  -52.8087   22.0924
   -0.6145   -0.0886    0.7839
   -0.3729    0.9083   -0.1897
   -0.6952   -0.4089   -0.5912
...    37 G-C ...
  -72.4336  -53.7228   19.9190
   -0.6476    0.4560    0.6105
    0.0393    0.8201   -0.5709
   -0.7610   -0.3457   -0.5490
...    38 A-T ...
  -74.8677  -54.9578   18.1575
   -0.4732    0.8553    0.2111
    0.4137    0.4273   -0.8039
   -0.7778   -0.2931   -0.5560
...    39 C-G ...
  -77.7085  -55.9369   16.8830
   -0.1609    0.9700   -0.1821
    0.5959   -0.0516   -0.8014
   -0.7868   -0.2374   -0.5697
...    40 A-T ...
  -80.3973  -56.5317   15.0105
    0.2990    0.8303   -0.4703
    0.5651   -0.5512   -0.6140
   -0.7690   -0.0822   -0.6340
...    41 C-G ...
  -83.1040  -56.2097   13.2343
    0.5880    0.4588   -0.6662
    0.3283   -0.8881   -0.3218
   -0.7392   -0.0295   -0.6728
...    42 G-C ...
  -85.2319  -56.3221   10.7108
    0.7804   -0.0630   -0.6220
   -0.0742   -0.9972    0.0079
   -0.6208    0.0400   -0.7829
...    43 A-T ...
  -87.0579  -56.0542    8.0317
    0.6314   -0.6135   -0.4743
   -0.5246   -0.7884    0.3213
   -0.5711    0.0459   -0.8196
...    44 C-G ...
  -88.4034  -55.5420    5.0561
    0.2922   -0.9279   -0.2317
   -0.7890   -0.3708    0.4899
   -0.5404    0.0396   -0.8405
...    45 T-A ...
  -89.8155  -55.4713    2.0766
   -0.1345   -0.9880    0.0764
   -0.8482    0.1546    0.5066
   -0.5123    0.0033   -0.8588
...    46 T-A ...
  -91.1532  -55.5222   -0.8923
   -0.6109   -0.7292    0.3083
   -0.6219    0.6830    0.3830
   -0.4899    0.0422   -0.8708
...    47 A-T ...
  -92.8560  -55.0309   -3.7156
   -0.8724   -0.1701    0.4582
   -0.1192    0.9832    0.1380
   -0.4740    0.0657   -0.8781
...    48 C-G ...
  -94.4878  -55.4083   -6.5637
   -0.8023    0.3508    0.4830
    0.3451    0.9328   -0.1043
   -0.4871    0.0830   -0.8694
...    49 T-A ...
  -96.3508  -55.3121   -9.2755
   -0.4853    0.7636    0.4260
    0.7046    0.6300   -0.3266
   -0.5177    0.1417   -0.8437
...    50 G-C ...
  -98.1401  -54.6128  -11.9814
    0.0324    0.9503    0.3096
    0.8497    0.1370   -0.5092
   -0.5263    0.2796   -0.8030
...    51 T-A ...
 -100.3152  -53.5459  -14.1694
    0.4787    0.8752    0.0696
    0.7221   -0.3473   -0.5982
   -0.4994    0.3366   -0.7983
...    52 A-T ...
 -102.0724  -51.8429  -16.4464
    0.8526    0.5173   -0.0739
    0.3768   -0.7065   -0.5991
   -0.3621    0.4830   -0.7973
...    53 G-C ...
 -103.1784  -49.8833  -18.8372
    0.9567    0.0586   -0.2852
   -0.1010   -0.8519   -0.5138
   -0.2731    0.5204   -0.8091
...    54 G-C ...
 -103.6202  -47.7733  -21.4339
    0.7906   -0.4354   -0.4305
   -0.5897   -0.7306   -0.3441
   -0.1647    0.5259   -0.8344
...    55 T-A ...
 -103.6117  -45.7054  -24.0009
    0.3902   -0.7567   -0.5246
   -0.9108   -0.4005   -0.0998
   -0.1346    0.5168   -0.8455
...    56 A-T ...
 -104.1483  -44.0456  -26.8201
   -0.2077   -0.8553   -0.4747
   -0.9714    0.1232    0.2031
   -0.1152    0.5033   -0.8564
...    57 T-A ...
 -103.8750  -42.6286  -29.7927
   -0.6661   -0.6704   -0.3271
   -0.7386    0.5318    0.4142
   -0.1037    0.5175   -0.8494
...    58 C-G ...
 -104.1679  -41.0413  -32.6363
   -0.9684   -0.2486   -0.0186
   -0.2206    0.8199    0.5283
   -0.1161    0.5157   -0.8489
...    59 T-A ...
 -104.6753  -39.6341  -35.5747
   -0.9398    0.1758    0.2931
    0.3008    0.8325    0.4652
   -0.1622    0.5254   -0.8353
...    60 C-G ...
 -105.2856  -37.9999  -38.3280
   -0.5962    0.5948    0.5393
    0.7821    0.5820    0.2227
   -0.1814    0.5546   -0.8121
...    61 G-C ...
 -105.6376  -35.9622  -40.9058
   -0.0699    0.7236    0.6867
    0.9773    0.1878   -0.0984
   -0.2001    0.6642   -0.7202
...    62 A-T ...
 -106.4060  -33.7730  -43.1670
    0.4968    0.6600    0.5635
    0.8503   -0.2402   -0.4683
   -0.1737    0.7118   -0.6805
...    63 G-C ...
 -107.1466  -31.2185  -45.0891
    0.8632    0.3867    0.3244
    0.4946   -0.5199   -0.6965
   -0.1007    0.7617   -0.6401
...    64 C-G ...
 -107.4466  -28.4071  -46.7425
    0.9991    0.0101   -0.0406
   -0.0255   -0.6224   -0.7823
   -0.0332    0.7826   -0.6216
...    65 T-A ...
 -107.2702  -25.6229  -48.4777
    0.8544   -0.3576   -0.3770
   -0.5168   -0.5100   -0.6876
    0.0536    0.7823   -0.6205
...    66 C-G ...
 -106.8476  -23.0968  -50.4820
    0.4120   -0.6087   -0.6780
   -0.9060   -0.1947   -0.3758
    0.0967    0.7692   -0.6317
...    67 G-C ...
 -106.7937  -20.7426  -52.8046
   -0.1499   -0.6842   -0.7137
   -0.9790    0.2037    0.0104
    0.1382    0.7003   -0.7004
...    68 G-C ...
 -106.0518  -18.6241  -55.3098
   -0.6513   -0.5158   -0.5565
   -0.7492    0.5536    0.3637
    0.1205    0.6538   -0.7470
...    69 G-C ...
 -105.5341  -16.6895  -58.0104
   -0.9548   -0.1839   -0.2336
   -0.2895    0.7536    0.5901
    0.0675    0.6311   -0.7728
...    70 A-T ...
 -105.2689  -14.7223  -60.6032
   -0.9493    0.2692    0.1624
    0.3102    0.7183    0.6228
    0.0510    0.6416   -0.7653
...    71 T-A ...
 -105.4768  -13.0807  -63.4509
   -0.6718    0.5900    0.4478
    0.7383    0.4845    0.4692
    0.0598    0.6458   -0.7611
...    72 C-G ...
 -105.4074  -10.9908  -65.9506
   -0.1382    0.7295    0.6699
    0.9887    0.0614    0.1371
    0.0589    0.6812   -0.7297
...    73 C-G ...
 -105.6147   -8.5901  -68.3086
    0.3790    0.5764    0.7239
    0.9203   -0.3165   -0.2298
    0.0967    0.7534   -0.6505
...    74 G-C ...
 -104.9988   -6.1017  -70.3946
    0.7766    0.2031    0.5964
    0.5957   -0.5447   -0.5902
    0.2050    0.8136   -0.5440
...    75 C-G ...
 -104.4029   -3.1679  -71.7190
    0.9556   -0.1668    0.2429
    0.1139   -0.5510   -0.8267
    0.2717    0.8176   -0.5076
...    76 T-A ...
 -103.2976   -0.3511  -72.9918
    0.8608   -0.4842   -0.1569
   -0.3594   -0.3599   -0.8610
    0.3604    0.7975   -0.4838
...    77 T-A ...
 -101.9350    2.2810  -74.2906
    0.5226   -0.6115   -0.5941
   -0.7629   -0.0242   -0.6461
    0.3807    0.7908   -0.4792
...    78 T-A ...
 -100.4104    4.7926  -75.6616
    0.0207   -0.5187   -0.8547
   -0.9196    0.3255   -0.2198
    0.3922    0.7906   -0.4703
...    79 A-T ...
  -99.2261    7.4358  -77.2674
   -0.5201   -0.2534   -0.8157
   -0.7563    0.5804    0.3019
    0.3969    0.7739   -0.4935
...    80 A-T ...
  -97.7395    9.7247  -79.0332
   -0.8417    0.1333   -0.5233
   -0.3424    0.6176    0.7080
    0.4176    0.7751   -0.4742
...    81 C-G ...
  -96.3613   11.9088  -81.1043
   -0.9052    0.4162   -0.0858
    0.1311    0.4656    0.8752
    0.4042    0.7811   -0.4760
...    82 A-T ...
  -95.0227   14.5593  -82.5428
   -0.7204    0.5281    0.4495
    0.6093    0.1724    0.7740
    0.3312    0.8315   -0.4460
...    83 T-A ...
  -94.4960   17.2202  -84.3980
   -0.3334    0.5377    0.7744
    0.8810   -0.1148    0.4590
    0.3357    0.8353   -0.4354
...    84 C-G ...
  -93.5417   19.9967  -85.7937
    0.1970    0.3329    0.9221
    0.9168   -0.3958   -0.0530
    0.3473    0.8559   -0.3832
...    85 A-T ...
  -92.4102   22.9111  -86.9241
    0.5912   -0.0492    0.8050
    0.6919   -0.4820   -0.5375
    0.4145    0.8748   -0.2509
...    86 T-A ...
  -91.4163   26.0099  -87.1964
    0.8368   -0.3031    0.4560
    0.3266   -0.3921   -0.8600
    0.4395    0.8686   -0.2290
...    87 G-C ...
  -89.6671   28.7705  -87.7912
    0.8119   -0.5831   -0.0305
   -0.1351   -0.1367   -0.9814
    0.5680    0.8008   -0.1898
...    88 T-A ...
  -87.5742   31.2881  -87.7994
    0.6126   -0.6077   -0.5053
   -0.5065    0.1890   -0.8413
    0.6068    0.7713   -0.1920
...    89 T-A ...
  -85.3968   33.6543  -88.1850
    0.2369   -0.4063   -0.8825
   -0.7483    0.5030   -0.4325
    0.6196    0.7628   -0.1849
...    90 A-T ...
  -83.4002   36.1932  -88.8965
   -0.2485   -0.0688   -0.9662
   -0.7325    0.6660    0.1410
    0.6338    0.7428   -0.2159
...    91 T-A ...
  -80.8925   38.1174  -89.8476
   -0.5680    0.2829   -0.7729
   -0.5129    0.6127    0.6012
    0.6436    0.7379   -0.2029
...    92 A-T ...
  -78.8370   40.6759  -90.3381
   -0.7592    0.5905   -0.2738
   -0.0856    0.3264    0.9414
    0.6452    0.7381   -0.1972
...    93 A-T ...
  -76.7856   43.0080  -91.2928
   -0.6677    0.6860    0.2891
    0.3356   -0.0693    0.9394
    0.6645    0.7243   -0.1840
...    94 C-G ...
  -74.9736   45.5394  -92.3708
   -0.4312    0.5348    0.7267
    0.6202   -0.4093    0.6692
    0.6553    0.7393   -0.1552
...    95 G-C ...
  -72.6299   47.8445  -92.6804
   -0.1421    0.1301    0.9813
    0.7530   -0.6292    0.1925
    0.6425    0.7663   -0.0085
...    96 G-C ...
  -70.8263   50.6837  -92.5541
    0.1781   -0.2977    0.9379
    0.7325   -0.5963   -0.3284
    0.6571    0.7455    0.1118
...    97 A-T ...
  -68.7808   53.1317  -92.0362
    0.4995   -0.6315    0.5931
    0.5273   -0.3216   -0.7865
    0.6874    0.7056    0.1723
...    98 C-G ...
  -66.7924   55.4223  -90.8364
    0.6538   -0.7469    0.1211
    0.2349    0.0483   -0.9708
    0.7192    0.6632    0.2071
...    99 T-A ...
  -64.3686   57.3450  -89.7622
    0.6260   -0.6762   -0.3885
   -0.0771    0.4421   -0.8936
    0.7760    0.5894    0.2246
...   100 T-A ...
  -61.7837   59.0266  -88.7780
    0.4827   -0.3281   -0.8120
   -0.3891    0.7503   -0.5345
    0.7846    0.5739    0.2345
...   101 T-A ...
  -59.0819   60.5861  -87.8837
    0.2066    0.1508   -0.9667
   -0.5823    0.8130    0.0024
    0.7863    0.5624    0.2558
...   102 A-T ...
  -56.6093   62.6071  -86.9991
   -0.1660    0.6005   -0.7822
   -0.5876    0.5768    0.5675
    0.7920    0.5538    0.2571
...   103 T-A ...
  -53.6776   64.0968  -86.6812
   -0.4198    0.8177   -0.3938
   -0.4351    0.1995    0.8780
    0.7966    0.5399    0.2720
...   104 G-C ...
  -51.1899   66.0041  -85.6788
   -0.6551    0.7457    0.1216
   -0.1369   -0.2754    0.9515
    0.7430    0.6067    0.2825
...   105 C-G ...
  -48.7805   68.1681  -85.1295
   -0.6689    0.4601    0.5839
    0.2166   -0.6308    0.7451
    0.7111    0.6249    0.3222
...   106 T-A ...
  -46.6919   70.5151  -84.1737
   -0.5348    0.0416    0.8440
    0.5154   -0.7754    0.3648
    0.6696    0.6301    0.3932
...   107 T-A ...
  -44.7389   72.7562  -82.9209
   -0.2131   -0.4036    0.8898
    0.7188   -0.6816   -0.1370
    0.6617    0.6104    0.4354
...   108 C-G ...
  -42.7310   74.7378  -81.3517
    0.1598   -0.7565    0.6341
    0.7317   -0.3405   -0.5905
    0.6627    0.5583    0.4991
...   109 C-G ...
  -40.7892   76.4643  -79.2259
    0.4183   -0.8885    0.1888
    0.5833    0.1034   -0.8057
    0.6963    0.4471    0.5615
...   110 G-C ...
  -38.2185   77.6324  -77.5296
    0.5551   -0.7623   -0.3328
    0.3474    0.5760   -0.7400
    0.7558    0.2951    0.5845
...   111 G-C ...
  -35.5977   78.0429  -75.4625
    0.5916   -0.3795   -0.7113
    0.0659    0.9021   -0.4265
    0.8036    0.2054    0.5587
...   112 C-G ...
  -32.8274   78.2361  -73.6904
    0.5169    0.1509   -0.8426
   -0.2255    0.9736    0.0360
    0.8258    0.1715    0.5373
...   113 T-A ...
  -29.9342   78.4961  -72.1269
    0.3139    0.6240   -0.7156
   -0.4333    0.7648    0.4768
    0.8449    0.1604    0.5104
...   114 C-G ...
  -27.0887   78.9696  -70.5759
    0.0110    0.9526   -0.3040
   -0.5368    0.2621    0.8020
    0.8437    0.1544    0.5142
...   115 G-C ...
  -24.5717   79.4443  -68.4913
   -0.3479    0.9270    0.1399
   -0.4710   -0.3019    0.8289
    0.8107    0.2224    0.5416
...   116 T-A ...
  -21.7140   80.4923  -67.1940
   -0.5608    0.6437    0.5207
   -0.2507   -0.7314    0.6342
    0.7891    0.2251    0.5715
...   117 A-T ...
  -19.1763   81.5638  -65.3558
   -0.7112    0.1431    0.6883
    0.0746   -0.9581    0.2764
    0.6991    0.2479    0.6707
...   118 T-A ...
  -17.1486   82.9963  -63.2425
   -0.6176   -0.3401    0.7092
    0.4015   -0.9116   -0.0876
    0.6763    0.2307    0.6996
...   119 A-T ...
  -15.5517   84.1801  -60.5217
   -0.5174   -0.7539    0.4049
    0.6662   -0.6518   -0.3624
    0.5372    0.0823    0.8395
...   120 A-T ...
  -14.1182   84.4479  -57.6569
   -0.1295   -0.9865    0.1005
    0.8529   -0.1625   -0.4961
    0.5057    0.0214    0.8625
...   121 T-A ...
  -13.1157   84.4002  -54.5583
    0.2732   -0.9454   -0.1778
    0.8234    0.3254   -0.4649
    0.4974   -0.0193    0.8673
...   122 G-C ...
  -11.3306   83.9837  -51.8082
    0.6063   -0.6217   -0.4959
    0.5911    0.7694   -0.2419
    0.5320   -0.1465    0.8340
...   123 T-A ...
   -9.8560   82.8938  -49.0751
    0.8123   -0.1510   -0.5633
    0.2244    0.9725    0.0628
    0.5383   -0.1774    0.8239
...   124 G-C ...
   -7.8966   82.5329  -46.4625
    0.7721    0.4254   -0.4722
   -0.2422    0.8839    0.4001
    0.5876   -0.1945    0.7855
...   125 T-A ...
   -5.7179   81.4137  -44.2056
    0.5457    0.8149   -0.1952
   -0.6024    0.5434    0.5846
    0.5825   -0.2014    0.7875
...   126 C-G ...
   -3.7193   80.6988  -41.7118
    0.0994    0.9787    0.1796
   -0.8155   -0.0232    0.5783
    0.5701   -0.2039    0.7958
...   127 G-C ...
   -2.2220   79.8235  -38.9061
   -0.4071    0.8309    0.3793
   -0.7594   -0.5386    0.3649
    0.5075   -0.1395    0.8503
...   128 A-T ...
   -0.4538   79.3697  -36.2276
   -0.7876    0.4000    0.4686
   -0.4181   -0.9057    0.0703
    0.4526   -0.1405    0.8806
...   129 C-G ...
    1.0539   79.5320  -33.3504
   -0.9192   -0.0820    0.3851
    0.0163   -0.9851   -0.1710
    0.3934   -0.1509    0.9069
...   130 C-G ...
    2.1412   79.4500  -30.1691
   -0.8410   -0.5288    0.1145
    0.4708   -0.8195   -0.3267
    0.2666   -0.2208    0.9382
...   131 A-T ...
    2.6706   78.7235  -26.9541
   -0.5310   -0.8143   -0.2344
    0.8390   -0.4664   -0.2803
    0.1189   -0.3455    0.9309
...   132 A-T ...
    2.6951   77.5615  -23.9542
   -0.0188   -0.9173   -0.3977
    0.9966    0.0147   -0.0808
    0.0800   -0.3979    0.9140
...   133 A-T ...
    2.6277   76.0978  -21.0771
    0.5139   -0.7594   -0.3989
    0.8557    0.4866    0.1760
    0.0604   -0.4318    0.8999
...   134 T-A ...
    2.3076   74.2308  -18.3903
    0.8657   -0.4293   -0.2574
    0.4984    0.7868    0.3641
    0.0462   -0.4435    0.8951
...   135 G-C ...
    1.4354   72.0971  -15.6050
    0.9809    0.0621    0.1843
   -0.1263    0.9241    0.3607
   -0.1479   -0.3771    0.9143
...   136 T-A ...
    0.5280   69.2393  -13.4689
    0.7351    0.4963    0.4618
   -0.6117    0.7792    0.1365
   -0.2921   -0.3828    0.8764
...   137 G-C ...
   -0.1658   67.4106  -10.8095
    0.1800    0.8794    0.4408
   -0.9276    0.3008   -0.2214
   -0.3274   -0.3691    0.8698
...   138 A-T ...
   -0.1321   66.2180   -7.8216
   -0.3749    0.8570    0.3536
   -0.8857   -0.2184   -0.4098
   -0.2739   -0.4668    0.8409
...   139 G-C ...
   -1.0068   65.6075   -4.9425
   -0.8336    0.5218    0.1811
   -0.5170   -0.6220   -0.5881
   -0.1942   -0.5839    0.7883
...   140 C-G ...
   -0.6974   63.9004   -2.2528
   -0.9992    0.0157   -0.0376
    0.0023   -0.8993   -0.4374
   -0.0406   -0.4371    0.8985
...   141 G-C ...
   -3.4382   60.2386    1.0283
   -0.4425    0.2285   -0.8672
    0.1683   -0.9287   -0.3306
   -0.8808   -0.2922    0.3725
...   142 C-G ...
   -6.3288   59.0834    1.6293
   -0.2970   -0.3280   -0.8968
    0.5656   -0.8171    0.1115
   -0.7693   -0.4741    0.4282
...   143 T-A ...
   -8.6768   58.7243    3.6024
   -0.0347   -0.7817   -0.6227
    0.6533   -0.4893    0.5778
   -0.7563   -0.3868    0.5276
...   144 C-G ...
  -11.6544   58.0114    4.7193
    0.2451   -0.9542   -0.1716
    0.6322    0.0231    0.7745
   -0.7350   -0.2983    0.6089
...   145 A-T ...
  -14.1760   56.5669    6.1806
    0.5795   -0.7268    0.3687
    0.3139    0.6165    0.7220
   -0.7521   -0.3027    0.5855
...   146 C-G ...
  -16.4651   53.8949    7.5153
    0.5336   -0.3331    0.7774
   -0.0346    0.9098    0.4136
   -0.8450   -0.2476    0.4739
...   147 A-T ...
  -19.0172   52.0374    8.9260
    0.2452    0.2907    0.9249
   -0.3073    0.9281   -0.2103
   -0.9195   -0.2327    0.3169
