  147 base-pairs
...     1 A-T ...
    0.0000    0.0000    0.0000
    1.0000    0.0000    0.0000
    0.0000    1.0000    0.0000
    0.0000    0.0000    1.0000
...     2 G-C ...
   -0.1404   -1.2353    3.2259
    0.7530    0.6366    0.1668
   -0.6385    0.7681   -0.0490
   -0.1593   -0.0696    0.9848
...     3 T-A ...
   -0.0377   -3.2918    6.3749
    0.2722    0.9302    0.2464
   -0.9238    0.3243   -0.2034
   -0.2691   -0.1722    0.9476
...     4 G-C ...
   -0.3520   -4.1638    9.4928
   -0.3756    0.9250    0.0576
   -0.8780   -0.3352   -0.3416
   -0.2967   -0.1788    0.9381
...     5 A-T ...
   -0.4480   -4.1448   12.7498
   -0.8116    0.5839   -0.0166
   -0.5522   -0.7762   -0.3042
   -0.1905   -0.2377    0.9525
...     6 G-C ...
   -1.5926   -4.1701   15.6201
   -0.9976    0.0246   -0.0651
   -0.0043   -0.9555   -0.2950
   -0.0694   -0.2940    0.9533
...     7 C-G ...
   -1.1050   -4.4793   18.7363
   -0.8442   -0.5302   -0.0787
    0.5343   -0.8442   -0.0430
   -0.0437   -0.0784    0.9960
...     8 G-C ...
   -2.4044   -7.7255   23.1483
   -0.2753   -0.3294   -0.9032
    0.6650   -0.7437    0.0686
   -0.6943   -0.5817    0.4238
...     9 C-G ...
   -4.4706   -9.9691   24.1142
    0.1145   -0.7026   -0.7023
    0.8512   -0.2951    0.4341
   -0.5123   -0.6475    0.5642
...    10 T-A ...
   -6.7420  -10.8705   25.9717
    0.4841   -0.8363   -0.2573
    0.6594    0.1554    0.7356
   -0.5752   -0.5257    0.6267
...    11 C-G ...
   -9.1682  -12.6167   27.1662
    0.7073   -0.6683    0.2306
    0.3450    0.6110    0.7125
   -0.6170   -0.4243    0.6627
...    12 A-T ...
  -10.9253  -14.6583   29.0713
    0.7515   -0.1377    0.6452
   -0.2027    0.8824    0.4245
   -0.6278   -0.4498    0.6352
...    13 C-G ...
  -11.8495  -17.4796   31.2472
    0.4294    0.2824    0.8578
   -0.5708    0.8209    0.0155
   -0.6998   -0.4963    0.5137
...    14 A-T ...
  -13.5915  -19.7756   33.4284
   -0.1503    0.6106    0.7775
   -0.6874    0.5007   -0.5261
   -0.7106   -0.6135    0.3445
...    15 A-T ...
  -15.7657  -21.8978   34.5303
   -0.4961    0.7961    0.3466
   -0.4613    0.0966   -0.8820
   -0.7356   -0.5974    0.3193
...    16 T-A ...
  -17.9168  -23.8374   36.2839
   -0.6885    0.7075   -0.1590
   -0.1134   -0.3217   -0.9400
   -0.7163   -0.6292    0.3017
...    17 T-A ...
  -20.2709  -25.7203   37.6208
   -0.6404    0.3788   -0.6682
    0.3191   -0.6601   -0.6801
   -0.6986   -0.6487    0.3018
...    18 T-A ...
  -22.6348  -27.6471   38.5834
   -0.3125    0.0270   -0.9495
    0.5996   -0.7697   -0.2192
   -0.7368   -0.6378    0.2244
...    19 A-T ...
  -25.1333  -29.6317   38.9393
    0.1419   -0.1842   -0.9726
    0.6439   -0.7291    0.2320
   -0.7519   -0.6591    0.0151
...    20 T-A ...
  -27.9874  -31.2468   38.6252
    0.4566   -0.5002   -0.7357
    0.4812   -0.5567    0.6771
   -0.7483   -0.6632   -0.0136
...    21 T-A ...
  -30.5346  -33.2806   38.2563
    0.6583   -0.7099   -0.2503
    0.1343   -0.2164    0.9670
   -0.7407   -0.6702   -0.0471
...    22 C-G ...
  -32.8621  -35.5558   37.9747
    0.6397   -0.6884    0.3419
   -0.2829    0.2027    0.9375
   -0.7147   -0.6964   -0.0650
...    23 G-C ...
  -35.1429  -37.9555   38.4926
    0.4518   -0.3867    0.8040
   -0.6399    0.4875    0.5941
   -0.6216   -0.7829   -0.0272
...    24 C-G ...
  -36.8703  -40.7181   38.2814
    0.0836   -0.0381    0.9958
   -0.7829    0.6157    0.0893
   -0.6165   -0.7871    0.0217
...    25 A-T ...
  -39.2700  -42.9739   38.1456
   -0.3616    0.3392    0.8684
   -0.6831    0.5376   -0.4944
   -0.6345   -0.7720    0.0372
...    26 A-T ...
  -41.2193  -45.6027   38.4503
   -0.6949    0.5644    0.4456
   -0.3539    0.2710   -0.8952
   -0.6260   -0.7797    0.0115
...    27 A-T ...
  -43.1268  -48.2177   38.8249
   -0.7848    0.6027   -0.1444
    0.1272   -0.0714   -0.9893
   -0.6066   -0.7947   -0.0207
...    28 G-C ...
  -45.4145  -50.6582   39.1697
   -0.5577    0.5381   -0.6320
    0.5053   -0.3840   -0.7728
   -0.6586   -0.7503   -0.0578
...    29 G-C ...
  -48.0580  -52.8860   39.0653
   -0.1163    0.3466   -0.9308
    0.7193   -0.6169   -0.3196
   -0.6849   -0.7067   -0.1776
...    30 C-G ...
  -50.6697  -54.7227   38.3626
    0.3379    0.0408   -0.9403
    0.6561   -0.7265    0.2043
   -0.6747   -0.6860   -0.2723
...    31 C-G ...
  -53.0892  -56.7012   37.2513
    0.7057   -0.2738   -0.6535
    0.3479   -0.6695    0.6563
   -0.6172   -0.6905   -0.3772
...    32 G-C ...
  -54.5866  -59.0204   35.9835
    0.8549   -0.4766   -0.2050
   -0.0826   -0.5150    0.8532
   -0.5122   -0.7124   -0.4797
...    33 G-C ...
  -55.6057  -61.5985   34.0408
    0.7018   -0.6445    0.3034
   -0.5648   -0.2439    0.7884
   -0.4342   -0.7246   -0.5352
...    34 C-G ...
  -56.5463  -64.1096   32.1693
    0.2895   -0.6609    0.6924
   -0.8739    0.1126    0.4729
   -0.3905   -0.7420   -0.5450
...    35 C-G ...
  -57.5486  -66.8883   30.4874
   -0.2557   -0.4924    0.8319
   -0.8992    0.4371   -0.0177
   -0.3550   -0.7526   -0.5546
...    36 C-G ...
  -58.5536  -69.5908   28.7618
   -0.6964   -0.1613    0.6993
   -0.6216    0.6225   -0.4755
   -0.3586   -0.7658   -0.5338
...    37 G-C ...
  -59.9739  -71.4093   26.1466
   -0.9027    0.2584    0.3442
   -0.1093    0.6359   -0.7640
   -0.4163   -0.7273   -0.5457
...    38 A-T ...
  -61.0359  -73.7745   24.3943
   -0.7967    0.5872   -0.1432
    0.4460    0.4112   -0.7950
   -0.4079   -0.6972   -0.5894
...    39 C-G ...
  -62.7785  -75.9115   22.7856
   -0.4360    0.7617   -0.4793
    0.7882    0.0662   -0.6119
   -0.4343   -0.6446   -0.6292
...    40 A-T ...
  -64.4065  -77.9026   20.7041
    0.1082    0.7676   -0.6317
    0.8913   -0.3564   -0.2804
   -0.4404   -0.5327   -0.7227
...    41 C-G ...
  -66.1230  -79.0758   18.2267
    0.5694    0.5456   -0.6149
    0.7178   -0.6946    0.0483
   -0.4008   -0.4688   -0.7871
...    42 G-C ...
  -67.0245  -80.8351   15.5457
    0.9123    0.1245   -0.3902
    0.2588   -0.9137    0.3134
   -0.3175   -0.3869   -0.8657
...    43 A-T ...
  -67.9907  -81.9782   12.7540
    0.8978   -0.4205   -0.1310
   -0.3177   -0.8242    0.4687
   -0.3051   -0.3791   -0.8736
...    44 C-G ...
  -68.6026  -82.6668    9.5750
    0.6179   -0.7680    0.1687
   -0.7458   -0.5046    0.4349
   -0.2489   -0.3945   -0.8845
...    45 T-A ...
  -68.6770  -83.9556    6.1606
    0.1087   -0.9239    0.3669
   -0.9674   -0.0133    0.2531
   -0.2289   -0.3824   -0.8952
...    46 T-A ...
  -68.8523  -85.0736    3.0676
   -0.3932   -0.8305    0.3945
   -0.8935    0.4463    0.0490
   -0.2168   -0.3332   -0.9176
...    47 A-T ...
  -69.7736  -85.8842   -0.0596
   -0.8681   -0.3813    0.3178
   -0.4528    0.8707   -0.1922
   -0.2034   -0.3108   -0.9285
...    48 C-G ...
  -70.2749  -87.5147   -2.9291
   -0.9752    0.1323    0.1772
    0.0704    0.9455   -0.3179
   -0.2096   -0.2975   -0.9314
...    49 T-A ...
  -71.2386  -88.8349   -5.8671
   -0.7753    0.6287    0.0600
    0.5688    0.7364   -0.3663
   -0.2745   -0.2498   -0.9286
...    50 G-C ...
  -72.3821  -89.3992   -8.9921
   -0.3025    0.9531   -0.0026
    0.8977    0.2840   -0.3369
   -0.3203   -0.1042   -0.9416
...    51 T-A ...
  -73.9398  -89.6909  -11.7673
    0.1681    0.9834   -0.0681
    0.9363   -0.1809   -0.3009
   -0.3082   -0.0131   -0.9512
...    52 A-T ...
  -75.6966  -88.6583  -14.5700
    0.6357    0.7675    0.0823
    0.7505   -0.5896   -0.2985
   -0.1806    0.2515   -0.9509
...    53 G-C ...
  -76.6179  -87.5283  -17.4402
    0.9257    0.3747    0.0518
    0.3689   -0.8641   -0.3424
   -0.0836    0.3361   -0.9381
...    54 G-C ...
  -76.8782  -85.3662  -20.4134
    0.9879   -0.1478   -0.0468
   -0.1546   -0.9177   -0.3659
    0.0111    0.3687   -0.9295
...    55 T-A ...
  -76.4206  -83.7652  -23.2293
    0.7787   -0.5908   -0.2112
   -0.6259   -0.7083   -0.3264
    0.0432    0.3863   -0.9214
...    56 A-T ...
  -75.6698  -82.2453  -26.1817
    0.2968   -0.8988   -0.3224
   -0.9497   -0.2425   -0.1982
    0.1000    0.3651   -0.9256
...    57 T-A ...
  -74.5804  -80.9293  -29.0260
   -0.2079   -0.8885   -0.4091
   -0.9726    0.2322   -0.0099
    0.1038    0.3958   -0.9125
...    58 C-G ...
  -73.9740  -79.8082  -32.1365
   -0.7489   -0.5644   -0.3472
   -0.6549    0.7104    0.2579
    0.1011    0.4205   -0.9016
...    59 T-A ...
  -73.6143  -78.7317  -35.2722
   -0.9821   -0.1432   -0.1226
   -0.1810    0.8979    0.4013
    0.0527    0.4163   -0.9077
...    60 C-G ...
  -73.4710  -77.3504  -38.3003
   -0.9153    0.3698    0.1597
    0.4022    0.8179    0.4114
    0.0215    0.4408   -0.8973
...    61 G-C ...
  -73.3078  -75.4662  -40.9463
   -0.6140    0.6104    0.5004
    0.7831    0.5505    0.2894
   -0.0989    0.5695   -0.8160
...    62 A-T ...
  -73.4304  -73.6483  -43.6244
   -0.0879    0.7516    0.6537
    0.9931    0.1177   -0.0017
   -0.0782    0.6490   -0.7567
...    63 G-C ...
  -74.0720  -71.2621  -45.8276
    0.4167    0.6522    0.6333
    0.9071   -0.2522   -0.3370
   -0.0600    0.7149   -0.6967
...    64 C-G ...
  -74.6176  -68.5532  -47.7691
    0.8513    0.3556    0.3858
    0.5244   -0.5508   -0.6493
   -0.0184    0.7551   -0.6554
...    65 T-A ...
  -74.8086  -65.8149  -49.5971
    0.9984   -0.0149    0.0539
    0.0328   -0.6257   -0.7794
    0.0453    0.7799   -0.6242
...    66 C-G ...
  -74.2970  -63.4153  -51.7049
    0.8486   -0.3909   -0.3564
   -0.5144   -0.4525   -0.7284
    0.1235    0.8015   -0.5851
...    67 G-C ...
  -74.1852  -61.2152  -54.2559
    0.4305   -0.6181   -0.6578
   -0.8808   -0.1283   -0.4558
    0.1973    0.7756   -0.5996
...    68 G-C ...
  -73.2690  -58.6663  -56.2043
   -0.1095   -0.6271   -0.7712
   -0.9748    0.2196   -0.0401
    0.1945    0.7473   -0.6353
...    69 G-C ...
  -72.3986  -56.3357  -58.4338
   -0.6236   -0.4791   -0.6177
   -0.7645    0.5386    0.3541
    0.1631    0.6931   -0.7022
...    70 A-T ...
  -71.6463  -54.1984  -60.8651
   -0.9532   -0.0741   -0.2933
   -0.2558    0.7148    0.6509
    0.1614    0.6954   -0.7003
...    71 T-A ...
  -71.1487  -52.3798  -63.5803
   -0.9538    0.2870    0.0893
    0.2626    0.6509    0.7123
    0.1463    0.7028   -0.6962
...    72 C-G ...
  -70.8598  -50.1544  -65.9922
   -0.6331    0.5888    0.5025
    0.7621    0.3602    0.5381
    0.1359    0.7236   -0.6767
...    73 C-G ...
  -70.4866  -47.9258  -68.3770
   -0.1895    0.5795    0.7926
    0.9746    0.0127    0.2237
    0.1196    0.8149   -0.5672
...    74 G-C ...
  -69.6895  -45.1682  -69.9674
    0.3049    0.3569    0.8830
    0.9421   -0.2487   -0.2248
    0.1393    0.9004   -0.4121
...    75 C-G ...
  -69.6338  -41.8874  -71.0377
    0.7745    0.1268    0.6198
    0.6129   -0.3933   -0.6854
    0.1568    0.9106   -0.3823
...    76 T-A ...
  -69.0076  -38.5699  -71.7319
    0.9780   -0.1375    0.1568
    0.1010   -0.3460   -0.9328
    0.1825    0.9281   -0.3245
...    77 T-A ...
  -68.3160  -35.4564  -72.3640
    0.8685   -0.2944   -0.3988
   -0.4645   -0.2021   -0.8622
    0.1732    0.9341   -0.3123
...    78 T-A ...
  -67.5678  -32.3989  -73.1149
    0.4704   -0.3516   -0.8094
   -0.8652   -0.0031   -0.5014
    0.1738    0.9362   -0.3057
...    79 A-T ...
  -67.4455  -29.3046  -74.1935
   -0.0959   -0.2630   -0.9600
   -0.9799    0.1943    0.0447
    0.1748    0.9450   -0.2764
...    80 A-T ...
  -66.7052  -26.3517  -75.1123
   -0.6040   -0.1224   -0.7876
   -0.7798    0.2948    0.5522
    0.1646    0.9477   -0.2735
...    81 C-G ...
  -65.8091  -23.4634  -76.5320
   -0.9188    0.0388   -0.3928
   -0.3616    0.3159    0.8772
    0.1582    0.9480   -0.2762
...    82 A-T ...
  -65.3804  -20.3699  -77.5807
   -0.9777    0.1237    0.1695
    0.1958    0.2476    0.9489
    0.0754    0.9609   -0.2663
...    83 C-G ...
  -65.5656  -17.3335  -79.0107
   -0.7533    0.1998    0.6266
    0.6555    0.1507    0.7400
    0.0534    0.9682   -0.2445
...    84 T-A ...
  -66.1135  -13.9300  -80.0663
   -0.2927    0.1953    0.9360
    0.9552    0.0148    0.2957
    0.0439    0.9806   -0.1909
...    85 T-A ...
  -66.4102  -10.7530  -80.6301
    0.2813    0.1590    0.9464
    0.9582   -0.1011   -0.2678
    0.0530    0.9821   -0.1808
...    86 T-A ...
  -66.4283   -7.5659  -81.0587
    0.7502    0.0356    0.6603
    0.6564   -0.1612   -0.7370
    0.0801    0.9863   -0.1443
...    87 A-T ...
  -65.9581   -4.3573  -81.4169
    0.9587   -0.1789    0.2209
    0.2003   -0.1263   -0.9716
    0.2017    0.9757   -0.0853
...    88 T-A ...
  -65.3219   -1.2152  -80.9046
    0.9348   -0.2641   -0.2376
   -0.2476   -0.0045   -0.9689
    0.2548    0.9645   -0.0696
...    89 G-C ...
  -64.1560    1.9039  -80.9935
    0.5714   -0.3069   -0.7611
   -0.7442    0.1972   -0.6382
    0.3460    0.9311   -0.1157
...    90 C-G ...
  -62.5718    4.7541  -81.4516
    0.0682   -0.1852   -0.9803
   -0.9315    0.3401   -0.1290
    0.3573    0.9220   -0.1493
...    91 T-A ...
  -60.9301    7.6508  -82.3714
   -0.4584    0.0348   -0.8880
   -0.7933    0.4345    0.4265
    0.4007    0.9000   -0.1716
...    92 T-A ...
  -59.4843   10.4263  -83.0839
   -0.8254    0.2553   -0.5035
   -0.4098    0.3424    0.8455
    0.3883    0.9042   -0.1780
...    93 C-G ...
  -58.2479   13.3838  -83.9550
   -0.9215    0.3829    0.0649
    0.1263    0.1374    0.9824
    0.3673    0.9135   -0.1750
...    94 C-G ...
  -56.9775   16.3152  -84.7273
   -0.7750    0.2859    0.5636
    0.5657   -0.0838    0.8204
    0.2818    0.9546   -0.0968
...    95 G-C ...
  -56.0051   19.1725  -84.8317
   -0.4425    0.0881    0.8924
    0.8679   -0.2084    0.4509
    0.2257    0.9741    0.0157
...    96 G-C ...
  -55.7158   22.4805  -84.4665
    0.0634   -0.1276    0.9898
    0.9761   -0.1984   -0.0881
    0.2076    0.9718    0.1119
...    97 C-G ...
  -55.5803   25.7385  -83.6881
    0.5535   -0.2665    0.7890
    0.8001   -0.0928   -0.5926
    0.2312    0.9594    0.1618
...    98 T-A ...
  -54.9279   28.9106  -82.5506
    0.8879   -0.3155    0.3349
    0.3853    0.1122   -0.9159
    0.2514    0.9423    0.2212
...    99 T-A ...
  -54.1024   31.8362  -81.5767
    0.9374   -0.2666   -0.2241
   -0.1406    0.2990   -0.9438
    0.3186    0.9163    0.2428
...   100 C-G ...
  -52.8411   34.7803  -81.1379
    0.6885   -0.0952   -0.7190
   -0.6155    0.4476   -0.6487
    0.3836    0.8891    0.2496
...   101 A-T ...
  -51.1192   37.4716  -79.9547
    0.2483    0.0550   -0.9671
   -0.8302    0.5265   -0.1832
    0.4991    0.8484    0.1763
...   102 T-A ...
  -49.0659   39.9361  -79.4675
   -0.1925    0.2882   -0.9380
   -0.8417    0.4429    0.3088
    0.5044    0.8490    0.1573
...   103 G-C ...
  -47.1400   42.7050  -79.1291
   -0.6525    0.4618   -0.6009
   -0.5879    0.1919    0.7858
    0.4782    0.8660    0.1463
...   104 T-A ...
  -45.2785   45.4861  -79.2139
   -0.8602    0.4987   -0.1060
   -0.1748   -0.0930    0.9802
    0.4790    0.8617    0.1672
...   105 T-A ...
  -43.8292   48.2897  -78.8820
   -0.8290    0.3576    0.4299
    0.3056   -0.3541    0.8839
    0.4683    0.8641    0.1843
...   106 A-T ...
  -42.3589   51.1246  -78.1155
   -0.5981    0.0312    0.8008
    0.6853   -0.4981    0.5313
    0.4155    0.8665    0.2765
...   107 T-A ...
  -41.6463   54.1911  -77.4685
   -0.2074   -0.2209    0.9530
    0.8812   -0.4653    0.0839
    0.4249    0.8572    0.2911
...   108 A-T ...
  -40.3713   56.9142  -76.2819
    0.1520   -0.5589    0.8152
    0.8950   -0.2721   -0.3535
    0.4193    0.7833    0.4589
...   109 A-T ...
  -39.2434   59.3259  -74.6596
    0.5320   -0.6927    0.4870
    0.7168    0.0622   -0.6945
    0.4508    0.7185    0.5296
...   110 C-G ...
  -38.1067   61.3726  -72.2059
    0.8029   -0.5950    0.0365
    0.3523    0.4242   -0.8342
    0.4809    0.6826    0.5502
...   111 G-C ...
  -36.0518   63.4304  -70.7392
    0.7876   -0.3906   -0.4766
   -0.0486    0.7317   -0.6799
    0.6143    0.5586    0.5573
...   112 G-C ...
  -33.5261   64.8882  -69.2134
    0.5924   -0.0192   -0.8054
   -0.3802    0.8748   -0.3005
    0.7103    0.4842    0.5109
...   113 A-T ...
  -30.9911   66.2618  -67.7232
    0.2464    0.4688   -0.8483
   -0.6261    0.7451    0.2299
    0.7398    0.4744    0.4771
...   114 C-G ...
  -28.0823   67.4779  -66.6349
   -0.0998    0.7816   -0.6157
   -0.6403    0.4232    0.6410
    0.7616    0.4582    0.4583
...   115 G-C ...
  -25.6683   69.0623  -65.0642
   -0.4783    0.8563   -0.1949
   -0.4882   -0.0748    0.8695
    0.7300    0.5110    0.4539
...   116 T-A ...
  -23.2638   71.0950  -64.0557
   -0.6866    0.6735    0.2738
   -0.1773   -0.5203    0.8354
    0.7051    0.5250    0.4767
...   117 A-T ...
  -20.9447   73.3025  -62.8170
   -0.7294    0.2257    0.6458
    0.2274   -0.8103    0.5400
    0.6452    0.5407    0.5398
...   118 T-A ...
  -19.2078   75.5910  -61.3665
   -0.5423   -0.1990    0.8163
    0.5336   -0.8320    0.1517
    0.6490    0.5178    0.5574
...   119 A-T ...
  -17.2910   77.2340  -59.3548
   -0.3535   -0.6549    0.6679
    0.7458   -0.6283   -0.2214
    0.5647    0.4199    0.7105
...   120 A-T ...
  -15.7474   78.5622  -56.8547
    0.0292   -0.9339    0.3564
    0.8377   -0.1717   -0.5185
    0.5454    0.3136    0.7773
...   121 T-A ...
  -14.5056   79.4777  -53.9439
    0.4152   -0.9094    0.0236
    0.7309    0.3180   -0.6038
    0.5417    0.2679    0.7967
...   122 G-C ...
  -12.6941   79.8998  -51.0626
    0.6727   -0.6145   -0.4122
    0.4302    0.7780   -0.4578
    0.6020    0.1306    0.7878
...   123 T-A ...
  -10.7230   79.6473  -48.5084
    0.7945   -0.1730   -0.5821
    0.0936    0.9820   -0.1640
    0.6000    0.0758    0.7964
...   124 G-C ...
   -8.6009   79.7450  -46.0078
    0.6943    0.4149   -0.5881
   -0.3373    0.9094    0.2434
    0.6358    0.0294    0.7713
...   125 T-A ...
   -6.3148   79.3313  -43.7193
    0.4244    0.8221   -0.3796
   -0.6377    0.5689    0.5193
    0.6429    0.0217    0.7657
...   126 C-G ...
   -4.2214   79.3934  -41.3530
   -0.0089    0.9999    0.0146
   -0.7645   -0.0162    0.6444
    0.6446   -0.0054    0.7645
...   127 G-C ...
   -2.6763   79.1668  -38.5290
   -0.4389    0.8505    0.2897
   -0.6848   -0.5254    0.5049
    0.5817    0.0232    0.8131
...   128 A-T ...
   -0.7029   79.0160  -36.1131
   -0.7594    0.4032    0.5107
   -0.3489   -0.9148    0.2033
    0.5492   -0.0238    0.8354
...   129 C-G ...
    1.0988   79.6338  -33.4320
   -0.8623   -0.1215    0.4916
    0.0810   -0.9914   -0.1029
    0.4999   -0.0489    0.8647
...   130 C-G ...
    2.1438   79.9678  -30.1945
   -0.7955   -0.5615    0.2278
    0.4885   -0.8167   -0.3071
    0.3585   -0.1330    0.9240
...   131 A-T ...
    2.5731   78.9049  -27.0346
   -0.5951   -0.7734   -0.2182
    0.7912   -0.5164   -0.3275
    0.1406   -0.3676    0.9193
...   132 A-T ...
    2.7629   77.6093  -24.0583
   -0.0940   -0.8995   -0.4266
    0.9915   -0.0457   -0.1221
    0.0903   -0.4345    0.8962
...   133 A-T ...
    2.6331   76.1108  -21.1207
    0.5013   -0.7699   -0.3949
    0.8627    0.4799    0.1595
    0.0667   -0.4206    0.9048
...   134 T-A ...
    2.3075   74.2307  -18.3904
    0.8657   -0.4293   -0.2574
    0.4984    0.7868    0.3641
    0.0462   -0.4435    0.8951
...   135 G-C ...
    1.4354   72.0970  -15.6051
    0.9809    0.0621    0.1843
   -0.1263    0.9241    0.3607
   -0.1479   -0.3771    0.9143
...   136 T-A ...
    0.5279   69.2393  -13.4690
    0.7351    0.4963    0.4618
   -0.6117    0.7792    0.1365
   -0.2921   -0.3828    0.8764
...   137 G-C ...
   -0.1659   67.4105  -10.8096
    0.1800    0.8794    0.4408
   -0.9276    0.3008   -0.2214
   -0.3274   -0.3691    0.8698
...   138 A-T ...
   -0.1321   66.2180   -7.8217
   -0.3749    0.8570    0.3536
   -0.8857   -0.2184   -0.4098
   -0.2739   -0.4668    0.8409
...   139 G-C ...
   -1.0069   65.6075   -4.9425
   -0.8336    0.5218    0.1811
   -0.5170   -0.6220   -0.5881
   -0.1942   -0.5839    0.7883
...   140 C-G ...
   -0.6975   63.9003   -2.2529
   -0.9992    0.0157   -0.0376
    0.0023   -0.8993   -0.4374
   -0.0406   -0.4371    0.8985
...   141 G-C ...
   -3.4383   60.2385    1.0283
   -0.4425    0.2285   -0.8672
    0.1683   -0.9287   -0.3306
   -0.8808   -0.2922    0.3725
...   142 C-G ...
   -6.3289   59.0834    1.6292
   -0.2970   -0.3280   -0.8968
    0.5656   -0.8171    0.1115
   -0.7693   -0.4741    0.4282
...   143 T-A ...
   -8.6769   58.7243    3.6023
   -0.0347   -0.7817   -0.6227
    0.6533   -0.4893    0.5778
   -0.7563   -0.3868    0.5276
...   144 C-G ...
  -11.6545   58.0114    4.7192
    0.2451   -0.9542   -0.1716
    0.6322    0.0231    0.7745
   -0.7350   -0.2983    0.6089
...   145 A-T ...
  -14.1760   56.5668    6.1806
    0.5795   -0.7268    0.3687
    0.3139    0.6165    0.7220
   -0.7521   -0.3027    0.5855
...   146 C-G ...
  -16.4651   53.8949    7.5152
    0.5336   -0.3331    0.7774
   -0.0346    0.9098    0.4136
   -0.8450   -0.2476    0.4739
...   147 A-T ...
  -19.0173   52.0374    8.9259
    0.2452    0.2907    0.9249
   -0.3073    0.9281   -0.2103
   -0.9195   -0.2327    0.3169
