  147 base-pairs
...     1 A-T ...
    0.0000    0.0000    0.0000
    1.0000    0.0000    0.0000
    0.0000    1.0000    0.0000
    0.0000    0.0000    1.0000
...     2 G-C ...
   -0.1404   -1.2353    3.2259
    0.7530    0.6366    0.1668
   -0.6385    0.7681   -0.0490
   -0.1593   -0.0696    0.9848
...     3 T-A ...
   -0.0377   -3.2918    6.3749
    0.2722    0.9302    0.2464
   -0.9238    0.3243   -0.2034
   -0.2691   -0.1722    0.9476
...     4 G-C ...
   -0.3520   -4.1638    9.4928
   -0.3756    0.9250    0.0576
   -0.8780   -0.3352   -0.3416
   -0.2967   -0.1788    0.9381
...     5 A-T ...
   -0.4480   -4.1448   12.7498
   -0.8116    0.5839   -0.0166
   -0.5522   -0.7762   -0.3042
   -0.1905   -0.2377    0.9525
...     6 G-C ...
   -1.5926   -4.1701   15.6201
   -0.9976    0.0246   -0.0651
   -0.0043   -0.9555   -0.2950
   -0.0694   -0.2940    0.9533
...     7 C-G ...
   -1.1050   -4.4793   18.7363
   -0.8442   -0.5302   -0.0787
    0.5343   -0.8442   -0.0430
   -0.0437   -0.0784    0.9960
...     8 G-C ...
   -2.4044   -7.7255   23.1483
   -0.2753   -0.3294   -0.9032
    0.6650   -0.7437    0.0686
   -0.6943   -0.5817    0.4238
...     9 C-G ...
   -4.4706   -9.9691   24.1142
    0.1145   -0.7026   -0.7023
    0.8512   -0.2951    0.4341
   -0.5123   -0.6475    0.5642
...    10 T-A ...
   -6.7420  -10.8705   25.9717
    0.4841   -0.8363   -0.2573
    0.6594    0.1554    0.7356
   -0.5752   -0.5257    0.6267
...    11 C-G ...
   -9.1682  -12.6167   27.1662
    0.7073   -0.6683    0.2306
    0.3450    0.6110    0.7125
   -0.6170   -0.4243    0.6627
...    12 A-T ...
  -10.9253  -14.6583   29.0713
    0.7515   -0.1377    0.6452
   -0.2027    0.8824    0.4245
   -0.6278   -0.4498    0.6352
...    13 C-G ...
  -11.8495  -17.4796   31.2472
    0.4294    0.2824    0.8578
   -0.5708    0.8209    0.0155
   -0.6998   -0.4963    0.5137
...    14 A-T ...
  -13.5915  -19.7756   33.4284
   -0.1503    0.6106    0.7775
   -0.6874    0.5007   -0.5261
   -0.7106   -0.6135    0.3445
...    15 A-T ...
  -15.7622  -21.8978   34.5364
   -0.4948    0.7960    0.3488
   -0.4634    0.0978   -0.8807
   -0.7351   -0.5974    0.3205
...    16 T-A ...
  -17.9089  -23.8373   36.2958
   -0.6887    0.7084   -0.1546
   -0.1174   -0.3194   -0.9403
   -0.7155   -0.6295    0.3031
...    17 T-A ...
  -20.2575  -25.7200   37.6419
   -0.6440    0.3809   -0.6635
    0.3152   -0.6581   -0.6838
   -0.6971   -0.6494    0.3037
...    18 T-A ...
  -22.6159  -27.6422   38.6197
   -0.3201    0.0314   -0.9469
    0.5977   -0.7688   -0.2275
   -0.7351   -0.6387    0.2273
...    19 A-T ...
  -25.1198  -29.6060   38.9797
    0.1317   -0.1671   -0.9771
    0.6464   -0.7329    0.2124
   -0.7516   -0.6595    0.0115
...    20 T-A ...
  -27.9770  -31.2129   38.6675
    0.4484   -0.4840   -0.7515
    0.4899   -0.5701    0.6595
   -0.7476   -0.6639   -0.0185
...    21 T-A ...
  -30.5288  -33.2403   38.2842
    0.6585   -0.6993   -0.2782
    0.1503   -0.2400    0.9591
   -0.7374   -0.6733   -0.0529
...    22 C-G ...
  -32.8442  -35.5206   37.9749
    0.6515   -0.6920    0.3109
   -0.2673    0.1742    0.9477
   -0.7100   -0.7005   -0.0715
...    23 G-C ...
  -35.0817  -37.9656   38.4725
    0.4707   -0.4050    0.7839
   -0.6343    0.4623    0.6197
   -0.6133   -0.7889   -0.0392
...    24 C-G ...
  -36.7787  -40.7405   38.2158
    0.1029   -0.0671    0.9924
   -0.7884    0.6028    0.1225
   -0.6065   -0.7950    0.0091
...    25 A-T ...
  -39.1442  -43.0255   38.0745
   -0.3471    0.3054    0.8867
   -0.7014    0.5431   -0.4617
   -0.6226   -0.7821    0.0257
...    26 A-T ...
  -41.0439  -45.6948   38.3428
   -0.6935    0.5367    0.4807
   -0.3788    0.2960   -0.8769
   -0.6129   -0.7902   -0.0020
...    27 A-T ...
  -42.8957  -48.3550   38.6714
   -0.7991    0.5921   -0.1040
    0.1051   -0.0328   -0.9939
   -0.5919   -0.8052   -0.0360
...    28 G-C ...
  -45.1264  -50.8499   38.9788
   -0.5840    0.5496   -0.5974
    0.4936   -0.3439   -0.7988
   -0.6445   -0.7614   -0.0704
...    29 G-C ...
  -47.7220  -53.1298   38.8596
   -0.1481    0.3819   -0.9123
    0.7242   -0.5863   -0.3630
   -0.6735   -0.7144   -0.1898
...    30 C-G ...
  -50.3134  -54.9940   38.1627
    0.3113    0.0916   -0.9459
    0.6796   -0.7172    0.1542
   -0.6642   -0.6909   -0.2855
...    31 C-G ...
  -52.7158  -56.9767   37.0304
    0.6951   -0.2206   -0.6843
    0.3857   -0.6888    0.6139
   -0.6067   -0.6906   -0.3937
...    32 G-C ...
  -54.1721  -59.2653   35.6781
    0.8647   -0.4342   -0.2523
   -0.0401   -0.5605    0.8272
   -0.5006   -0.7052   -0.5021
...    33 G-C ...
  -55.1357  -61.7746   33.6225
    0.7349   -0.6310    0.2486
   -0.5319   -0.3088    0.7885
   -0.4208   -0.7117   -0.5625
...    34 C-G ...
  -56.0101  -64.2247   31.6432
    0.3378   -0.6851    0.6454
   -0.8637    0.0469    0.5018
   -0.3741   -0.7270   -0.5758
...    35 C-G ...
  -56.9313  -66.9493   29.8333
   -0.2082   -0.5515    0.8078
   -0.9189    0.3933    0.0317
   -0.3352   -0.7356   -0.5886
...    36 C-G ...
  -57.8587  -69.5907   27.9834
   -0.6660   -0.2387    0.7067
   -0.6663    0.6162   -0.4198
   -0.3353   -0.7505   -0.5695
...    37 G-C ...
  -59.2670  -71.3211   25.3047
   -0.9043    0.1872    0.3837
   -0.1662    0.6736   -0.7202
   -0.3933   -0.7150   -0.5780
...    38 A-T ...
  -60.2467  -73.6301   23.4388
   -0.8318    0.5487   -0.0840
    0.3980    0.4841   -0.7792
   -0.3869   -0.6815   -0.6211
...    39 C-G ...
  -61.9182  -75.7593   21.7460
   -0.4937    0.7632   -0.4169
    0.7637    0.1512   -0.6276
   -0.4160   -0.6283   -0.6575
...    40 A-T ...
  -63.4929  -77.7099   19.5964
    0.0407    0.8130   -0.5808
    0.9018   -0.2802   -0.3290
   -0.4302   -0.5104   -0.7446
...    41 C-G ...
  -65.2117  -78.8183   17.0962
    0.5127    0.6231   -0.5907
    0.7623   -0.6469   -0.0208
   -0.3951   -0.4396   -0.8066
...    42 G-C ...
  -66.0830  -80.4435   14.3257
    0.8884    0.2176   -0.4043
    0.3324   -0.9122    0.2395
   -0.3166   -0.3472   -0.8827
...    43 A-T ...
  -67.0535  -81.4528   11.4886
    0.9218   -0.3408   -0.1846
   -0.2409   -0.8770    0.4158
   -0.3036   -0.3388   -0.8905
...    44 C-G ...
  -67.7093  -81.9507    8.2845
    0.6809   -0.7260    0.0969
   -0.6904   -0.5919    0.4160
   -0.2446   -0.3501   -0.9042
...    45 T-A ...
  -67.7792  -83.0016    4.7899
    0.1958   -0.9350    0.2958
   -0.9546   -0.1126    0.2758
   -0.2246   -0.3363   -0.9146
...    46 T-A ...
  -67.9401  -83.9041    1.6234
   -0.3038   -0.8887    0.3434
   -0.9282    0.3574    0.1038
   -0.2150   -0.2872   -0.9334
...    47 A-T ...
  -68.8571  -84.6063   -1.5202
   -0.8127   -0.4879    0.3186
   -0.5446    0.8305   -0.1171
   -0.2074   -0.2687   -0.9406
...    48 C-G ...
  -69.3055  -86.0909   -4.4762
   -0.9761    0.0176    0.2164
   -0.0390    0.9663   -0.2545
   -0.2136   -0.2569   -0.9425
...    49 T-A ...
  -70.2357  -87.3235   -7.4591
   -0.8347    0.5358    0.1271
    0.4726    0.8155   -0.3341
   -0.2826   -0.2188   -0.9340
...    50 G-C ...
  -71.4234  -87.8070  -10.5748
   -0.4051    0.9117    0.0682
    0.8483    0.4026   -0.3440
   -0.3411   -0.0815   -0.9365
...    51 T-A ...
  -73.0394  -88.1001  -13.3142
    0.0532    0.9985   -0.0093
    0.9394   -0.0532   -0.3386
   -0.3386    0.0093   -0.9409
...    52 A-T ...
  -75.0160  -87.1073  -15.9811
    0.5427    0.8321    0.1140
    0.8045   -0.4760   -0.3553
   -0.2415    0.2845   -0.9278
...    53 G-C ...
  -76.1678  -85.9153  -18.7382
    0.8729    0.4851    0.0516
    0.4625   -0.7891   -0.4043
   -0.1554    0.3768   -0.9132
...    54 G-C ...
  -76.8115  -83.6191  -21.5575
    0.9969   -0.0116   -0.0777
   -0.0430   -0.9081   -0.4165
   -0.0658    0.4185   -0.9058
...    55 T-A ...
  -76.6534  -81.8183  -24.2807
    0.8453   -0.4666   -0.2601
   -0.5331   -0.7685   -0.3539
   -0.0348    0.4378   -0.8984
...    56 A-T ...
  -76.1656  -80.0382  -27.1477
    0.4143   -0.8311   -0.3709
   -0.9097   -0.3653   -0.1975
    0.0286    0.4192   -0.9074
...    57 T-A ...
  -75.3301  -78.4506  -29.9368
   -0.0823   -0.8912   -0.4460
   -0.9962    0.0867    0.0106
    0.0292    0.4452   -0.8950
...    58 C-G ...
  -74.9402  -77.1283  -33.0038
   -0.6603   -0.6577   -0.3626
   -0.7507    0.5925    0.2922
    0.0227    0.4652   -0.8849
...    59 T-A ...
  -74.7874  -75.8925  -36.0885
   -0.9493   -0.2910   -0.1194
   -0.3134    0.8437    0.4357
   -0.0261    0.4510   -0.8921
...    60 C-G ...
  -74.9388  -74.3995  -39.0455
   -0.9608    0.2111    0.1796
    0.2698    0.8605    0.4322
   -0.0633    0.4637   -0.8837
...    61 G-C ...
  -75.1275  -72.4462  -41.6283
   -0.7019    0.4892    0.5178
    0.6835    0.6673    0.2960
   -0.2007    0.5617   -0.8026
...    62 A-T ...
  -75.7618  -70.6299  -44.3073
   -0.1818    0.7386    0.6492
    0.9601    0.2760   -0.0452
   -0.2126    0.6151   -0.7593
...    63 T-A ...
  -77.0768  -68.6360  -46.5760
    0.3290    0.7535    0.5692
    0.9212   -0.1235   -0.3690
   -0.2078    0.6457   -0.7347
...    64 C-G ...
  -77.8631  -66.4817  -48.8737
    0.8208    0.4894    0.2946
    0.5492   -0.5340   -0.6429
   -0.1573    0.6894   -0.7071
...    65 A-T ...
  -78.7079  -63.6101  -50.6358
    0.9963    0.0795    0.0337
    0.0758   -0.6191   -0.7817
   -0.0413    0.7813   -0.6228
...    66 T-A ...
  -78.6838  -60.8015  -52.2315
    0.9137   -0.2592   -0.3128
   -0.4062   -0.5681   -0.7158
    0.0078    0.7811   -0.6244
...    67 G-C ...
  -78.3057  -58.0290  -54.1851
    0.5315   -0.5868   -0.6109
   -0.8443   -0.3086   -0.4381
    0.0685    0.7486   -0.6594
...    68 T-A ...
  -77.4470  -55.4561  -56.1420
    0.0231   -0.6649   -0.7465
   -0.9971    0.0393   -0.0658
    0.0731    0.7459   -0.6621
...    69 T-A ...
  -76.9927  -53.1370  -58.2753
   -0.5141   -0.5344   -0.6710
   -0.8534    0.3972    0.3375
    0.0862    0.7461   -0.6603
...    70 A-T ...
  -76.9320  -50.5370  -60.3642
   -0.9084   -0.2433   -0.3399
   -0.4150    0.6227    0.6633
    0.0503    0.7436   -0.6667
...    71 T-A ...
  -76.6289  -48.6621  -62.9730
   -0.9952    0.0972    0.0090
    0.0705    0.6522    0.7547
    0.0675    0.7518   -0.6560
...    72 A-T ...
  -76.4647  -46.0756  -65.0188
   -0.8046    0.3718    0.4630
    0.5938    0.5126    0.6202
   -0.0068    0.7740   -0.6332
...    73 A-T ...
  -76.6767  -43.6857  -67.0656
   -0.3842    0.5441    0.7459
    0.9230    0.2443    0.2972
   -0.0205    0.8027   -0.5961
...    74 C-G ...
  -77.5393  -41.0487  -69.0353
    0.1485    0.5623    0.8135
    0.9888   -0.0732   -0.1299
   -0.0135    0.8237   -0.5669
...    75 G-C ...
  -77.1099  -38.2256  -70.5640
    0.6103    0.2844    0.7394
    0.7894   -0.2969   -0.5373
    0.0667    0.9116   -0.4057
...    76 G-C ...
  -76.6466  -35.0649  -71.3225
    0.9078   -0.0097    0.4192
    0.3924   -0.3330   -0.8574
    0.1479    0.9429   -0.2985
...    77 A-T ...
  -76.0079  -31.9683  -72.0015
    0.9691   -0.2175   -0.1164
   -0.1681   -0.2368   -0.9569
    0.1805    0.9469   -0.2661
...    78 G-C ...
  -75.1562  -28.8296  -72.5915
    0.7479   -0.3455   -0.5668
   -0.6239   -0.0740   -0.7780
    0.2268    0.9355   -0.2709
...    79 C-G ...
  -73.9377  -25.7275  -73.2799
    0.2543   -0.3583   -0.8983
   -0.9333    0.1526   -0.3251
    0.2536    0.9211   -0.2956
...    80 T-A ...
  -72.8246  -22.7752  -74.2044
   -0.2591   -0.2508   -0.9327
   -0.9293    0.3277    0.1701
    0.2630    0.9109   -0.3180
...    81 C-G ...
  -72.1125  -19.7905  -75.3593
   -0.7441   -0.0478   -0.6663
   -0.6166    0.4330    0.6575
    0.2571    0.9001   -0.3517
...    82 G-C ...
  -71.7760  -16.5301  -75.9912
   -0.9733    0.1296   -0.1895
   -0.1218    0.4082    0.9047
    0.1945    0.9037   -0.3815
...    83 G-C ...
  -71.1424  -13.5990  -77.4029
   -0.9043    0.2599    0.3387
    0.4024    0.2539    0.8796
    0.1426    0.9317   -0.3342
...    84 G-C ...
  -70.9503  -10.5204  -78.6999
   -0.5774    0.2459    0.7785
    0.8143    0.1038    0.5711
    0.0596    0.9637   -0.2602
...    85 A-T ...
  -70.9996   -7.3641  -79.6259
   -0.0143    0.2219    0.9750
    0.9986   -0.0474    0.0254
    0.0519    0.9739   -0.2209
...    86 T-A ...
  -71.4469   -4.1384  -80.1389
    0.4852    0.1345    0.8640
    0.8722   -0.1446   -0.4673
    0.0621    0.9803   -0.1874
...    87 C-G ...
  -71.3331   -0.8748  -80.4832
    0.8905   -0.0141    0.4548
    0.4450   -0.1810   -0.8770
    0.0947    0.9834   -0.1549
...    88 C-G ...
  -71.0851    2.3800  -80.7633
    0.9746   -0.2228   -0.0215
   -0.0523   -0.1331   -0.9897
    0.2177    0.9657   -0.1413
...    89 G-C ...
  -70.2573    5.4244  -81.6534
    0.7669   -0.3930   -0.5073
   -0.5323    0.0518   -0.8449
    0.3583    0.9181   -0.1695
...    90 C-G ...
  -68.5538    8.4183  -81.9511
    0.3265   -0.3105   -0.8928
   -0.8642    0.2844   -0.4150
    0.3828    0.9070   -0.1755
...    91 T-A ...
  -66.7252   11.2235  -82.8064
   -0.2070   -0.1034   -0.9729
   -0.8773    0.4598    0.1378
    0.4331    0.8820   -0.1859
...    92 T-A ...
  -64.9841   13.8691  -83.5611
   -0.6502    0.2181   -0.7278
   -0.6054    0.4299    0.6698
    0.4590    0.8761   -0.1475
...    93 T-A ...
  -63.3009   16.5614  -84.2800
   -0.8645    0.4454   -0.2328
   -0.1455    0.2216    0.9642
    0.4811    0.8675   -0.1267
...    94 A-T ...
  -61.6312   19.3885  -84.2885
   -0.7946    0.4937    0.3535
    0.3606   -0.0846    0.9289
    0.4885    0.8655   -0.1108
...    95 A-T ...
  -60.2147   22.1787  -84.7565
   -0.5084    0.3422    0.7902
    0.7141   -0.3452    0.6090
    0.4812    0.8739   -0.0689
...    96 C-G ...
  -59.2378   25.3284  -85.1868
   -0.1061    0.0859    0.9906
    0.8701   -0.4742    0.1343
    0.4813    0.8762   -0.0244
...    97 A-T ...
  -57.8208   28.3193  -85.0844
    0.3019   -0.2908    0.9079
    0.8092   -0.4254   -0.4053
    0.5040    0.8570    0.1069
...    98 C-G ...
  -56.5610   31.2685  -84.1694
    0.6383   -0.5049    0.5811
    0.5629   -0.2087   -0.7997
    0.5251    0.8376    0.1510
...    99 T-A ...
  -54.7905   34.1206  -82.8848
    0.8043   -0.5927    0.0430
    0.1415    0.1207   -0.9826
    0.5772    0.7963    0.1810
...   100 T-A ...
  -52.8635   36.5457  -81.8942
    0.7515   -0.4106   -0.5164
   -0.3296    0.4443   -0.8330
    0.5715    0.7962    0.1986
...   101 T-A ...
  -50.8752   38.9465  -81.0203
    0.4497   -0.0875   -0.8889
   -0.6867    0.6025   -0.4067
    0.5712    0.7933    0.2108
...   102 A-T ...
  -49.1568   41.7676  -80.4080
   -0.0406    0.2744   -0.9608
   -0.8156    0.5463    0.1905
    0.5772    0.7913    0.2016
...   103 T-A ...
  -46.7280   43.9498  -80.0882
   -0.4208    0.4844   -0.7670
   -0.7009    0.3632    0.6139
    0.5759    0.7959    0.1867
...   104 G-C ...
  -44.7935   46.6272  -79.7814
   -0.8073    0.5317   -0.2561
   -0.2869    0.0256    0.9576
    0.5157    0.8466    0.1319
...   105 C-G ...
  -43.3691   49.5613  -79.7174
   -0.8602    0.4215    0.2870
    0.1757   -0.2833    0.9428
    0.4787    0.8614    0.1696
...   106 T-A ...
  -41.9954   52.6833  -79.4889
   -0.6438    0.1606    0.7481
    0.6219   -0.4598    0.6339
    0.4458    0.8734    0.1961
...   107 T-A ...
  -40.7533   55.5706  -78.9342
   -0.2402   -0.1683    0.9560
    0.8707   -0.4729    0.1355
    0.4292    0.8649    0.2601
...   108 C-G ...
  -39.6102   58.4377  -77.8875
    0.2134   -0.4833    0.8490
    0.8724   -0.2970   -0.3883
    0.4398    0.8236    0.3582
...   109 C-G ...
  -38.3902   61.2403  -76.7080
    0.5376   -0.6875    0.4881
    0.6591   -0.0184   -0.7518
    0.5259    0.7259    0.4433
...   110 G-C ...
  -36.5311   63.2353  -75.3849
    0.7049   -0.7093    0.0048
    0.3602    0.3521   -0.8639
    0.6111    0.6107    0.5037
...   111 G-C ...
  -34.1176   64.6434  -73.5340
    0.7433   -0.4584   -0.4872
   -0.0138    0.7177   -0.6962
    0.6688    0.5242    0.5272
...   112 C-G ...
  -31.5397   65.7409  -71.6774
    0.6027   -0.0185   -0.7977
   -0.3809    0.8718   -0.3080
    0.7012    0.4895    0.5184
...   113 T-A ...
  -29.1161   67.1167  -69.9636
    0.3236    0.4372   -0.8391
   -0.6123    0.7729    0.1666
    0.7214    0.4599    0.5178
...   114 C-G ...
  -26.8624   68.8605  -68.3740
   -0.0884    0.8048   -0.5869
   -0.6633    0.3920    0.6374
    0.7431    0.4457    0.4992
...   115 G-C ...
  -24.7496   70.3741  -66.3803
   -0.4711    0.8721   -0.1322
   -0.5076   -0.1454    0.8493
    0.7214    0.4672    0.5112
...   116 T-A ...
  -22.3751   72.2991  -65.1522
   -0.6911    0.6529    0.3099
   -0.1985   -0.5838    0.7873
    0.6949    0.4826    0.5330
...   117 A-T ...
  -20.0972   74.4237  -63.7022
   -0.7477    0.1806    0.6390
    0.2115   -0.8474    0.4870
    0.6295    0.4992    0.5954
...   118 T-A ...
  -18.4067   76.6015  -62.0468
   -0.5663   -0.2525    0.7846
    0.5286   -0.8416    0.1107
    0.6323    0.4774    0.6101
...   119 A-T ...
  -16.5597   78.1121  -59.8733
   -0.3729   -0.6948    0.6149
    0.7522   -0.6144   -0.2381
    0.5432    0.3738    0.7518
...   120 A-T ...
  -15.1016   79.2906  -57.2501
    0.0225   -0.9520    0.3053
    0.8521   -0.1414   -0.5040
    0.5230    0.2714    0.8080
...   121 T-A ...
  -13.9511   80.0547  -54.2558
    0.4185   -0.9081   -0.0117
    0.7455    0.3508   -0.5667
    0.5188    0.2285    0.8238
...   122 G-C ...
  -12.2359   80.3436  -51.3025
    0.6871   -0.5925   -0.4206
    0.4380    0.7996   -0.4109
    0.5797    0.0981    0.8089
...   123 T-A ...
  -10.3454   80.0019  -48.7017
    0.8099   -0.1463   -0.5680
    0.0928    0.9882   -0.1222
    0.5792    0.0463    0.8139
...   124 G-C ...
   -8.2878   80.0069  -46.1500
    0.7056    0.4357   -0.5589
   -0.3449    0.9001    0.2662
    0.6190    0.0049    0.7853
...   125 T-A ...
   -6.0525   79.5263  -43.8307
    0.4298    0.8337   -0.3468
   -0.6490    0.5523    0.5233
    0.6278    0.0001    0.7784
...   126 C-G ...
   -4.0041   79.5315  -41.4293
   -0.0103    0.9991    0.0410
   -0.7757   -0.0339    0.6301
    0.6310   -0.0253    0.7754
...   127 G-C ...
   -2.4966   79.2646  -38.5954
   -0.4438    0.8458    0.2960
   -0.6921   -0.5334    0.4863
    0.5692    0.0110    0.8221
...   128 A-T ...
   -0.5659   79.0906  -36.1484
   -0.7666    0.3962    0.5053
   -0.3512   -0.9175    0.1866
    0.5376   -0.0344    0.8425
...   129 C-G ...
    1.1995   79.6808  -33.4360
   -0.8686   -0.1268    0.4790
    0.0824   -0.9902   -0.1127
    0.4886   -0.0585    0.8706
...   130 C-G ...
    2.2008   79.9855  -30.1807
   -0.7983   -0.5629    0.2140
    0.4915   -0.8144   -0.3086
    0.3480   -0.1411    0.9268
...   131 A-T ...
    2.6125   78.9112  -27.0301
   -0.5925   -0.7732   -0.2260
    0.7942   -0.5136   -0.3248
    0.1351   -0.3719    0.9184
...   132 A-T ...
    2.7805   77.6101  -24.0544
   -0.0910   -0.8988   -0.4289
    0.9920   -0.0442   -0.1179
    0.0870   -0.4362    0.8956
...   133 A-T ...
    2.6386   76.1082  -21.1200
    0.5030   -0.7692   -0.3941
    0.8619    0.4805    0.1621
    0.0647   -0.4212    0.9047
...   134 T-A ...
    2.3076   74.2307  -18.3903
    0.8657   -0.4293   -0.2574
    0.4984    0.7868    0.3641
    0.0462   -0.4435    0.8951
...   135 G-C ...
    1.4355   72.0970  -15.6050
    0.9809    0.0621    0.1843
   -0.1263    0.9241    0.3607
   -0.1479   -0.3771    0.9143
...   136 T-A ...
    0.5280   69.2393  -13.4689
    0.7351    0.4963    0.4618
   -0.6117    0.7792    0.1365
   -0.2921   -0.3828    0.8764
...   137 G-C ...
   -0.1658   67.4105  -10.8095
    0.1800    0.8794    0.4408
   -0.9276    0.3008   -0.2214
   -0.3274   -0.3691    0.8698
...   138 A-T ...
   -0.1320   66.2179   -7.8216
   -0.3749    0.8570    0.3536
   -0.8857   -0.2184   -0.4098
   -0.2739   -0.4668    0.8409
...   139 G-C ...
   -1.0068   65.6074   -4.9424
   -0.8336    0.5218    0.1811
   -0.5170   -0.6220   -0.5881
   -0.1942   -0.5839    0.7883
...   140 C-G ...
   -0.6974   63.9003   -2.2528
   -0.9992    0.0157   -0.0376
    0.0023   -0.8993   -0.4374
   -0.0406   -0.4371    0.8985
...   141 G-C ...
   -3.4382   60.2385    1.0284
   -0.4425    0.2285   -0.8672
    0.1683   -0.9287   -0.3306
   -0.8808   -0.2922    0.3725
...   142 C-G ...
   -6.3288   59.0833    1.6293
   -0.2970   -0.3280   -0.8968
    0.5656   -0.8171    0.1115
   -0.7693   -0.4741    0.4282
...   143 T-A ...
   -8.6768   58.7242    3.6024
   -0.0347   -0.7817   -0.6227
    0.6533   -0.4893    0.5778
   -0.7563   -0.3868    0.5276
...   144 C-G ...
  -11.6544   58.0113    4.7193
    0.2451   -0.9542   -0.1716
    0.6322    0.0231    0.7745
   -0.7350   -0.2983    0.6089
...   145 A-T ...
  -14.1759   56.5668    6.1807
    0.5795   -0.7268    0.3687
    0.3139    0.6165    0.7220
   -0.7521   -0.3027    0.5855
...   146 C-G ...
  -16.4650   53.8949    7.5153
    0.5336   -0.3331    0.7774
   -0.0346    0.9098    0.4136
   -0.8450   -0.2476    0.4739
...   147 A-T ...
  -19.0172   52.0374    8.9260
    0.2452    0.2907    0.9249
   -0.3073    0.9281   -0.2103
   -0.9195   -0.2327    0.3169
