  147 base-pairs
...     1 A-T ...
    0.0000    0.0000    0.0000
    1.0000    0.0000    0.0000
    0.0000    1.0000    0.0000
    0.0000    0.0000    1.0000
...     2 G-C ...
   -0.1404   -1.2353    3.2259
    0.7530    0.6366    0.1668
   -0.6385    0.7681   -0.0490
   -0.1593   -0.0696    0.9848
...     3 T-A ...
   -0.0377   -3.2918    6.3749
    0.2722    0.9302    0.2464
   -0.9238    0.3243   -0.2034
   -0.2691   -0.1722    0.9476
...     4 G-C ...
   -0.3520   -4.1638    9.4928
   -0.3756    0.9250    0.0576
   -0.8780   -0.3352   -0.3416
   -0.2967   -0.1788    0.9381
...     5 A-T ...
   -0.4480   -4.1448   12.7498
   -0.8116    0.5839   -0.0166
   -0.5522   -0.7762   -0.3042
   -0.1905   -0.2377    0.9525
...     6 G-C ...
   -1.5926   -4.1701   15.6201
   -0.9976    0.0246   -0.0651
   -0.0043   -0.9555   -0.2950
   -0.0694   -0.2940    0.9533
...     7 C-G ...
   -1.1050   -4.4793   18.7363
   -0.8442   -0.5302   -0.0787
    0.5343   -0.8442   -0.0430
   -0.0437   -0.0784    0.9960
...     8 G-C ...
   -2.4044   -7.7255   23.1483
   -0.2753   -0.3294   -0.9032
    0.6650   -0.7437    0.0686
   -0.6943   -0.5817    0.4238
...     9 C-G ...
   -4.4706   -9.9691   24.1142
    0.1145   -0.7026   -0.7023
    0.8512   -0.2951    0.4341
   -0.5123   -0.6475    0.5642
...    10 T-A ...
   -6.7420  -10.8705   25.9717
    0.4841   -0.8363   -0.2573
    0.6594    0.1554    0.7356
   -0.5752   -0.5257    0.6267
...    11 C-G ...
   -9.1682  -12.6167   27.1662
    0.7073   -0.6683    0.2306
    0.3450    0.6110    0.7125
   -0.6170   -0.4243    0.6627
...    12 A-T ...
  -10.9253  -14.6583   29.0713
    0.7515   -0.1377    0.6452
   -0.2027    0.8824    0.4245
   -0.6278   -0.4498    0.6352
...    13 C-G ...
  -11.8495  -17.4796   31.2472
    0.4294    0.2824    0.8578
   -0.5708    0.8209    0.0155
   -0.6998   -0.4963    0.5137
...    14 A-T ...
  -13.5915  -19.7756   33.4284
   -0.1503    0.6106    0.7775
   -0.6874    0.5007   -0.5261
   -0.7106   -0.6135    0.3445
...    15 A-T ...
  -15.7476  -21.9065   34.5504
   -0.4966    0.7928    0.3532
   -0.4663    0.0996   -0.8790
   -0.7321   -0.6012    0.3202
...    16 T-A ...
  -17.8790  -23.8653   36.3116
   -0.6933    0.7056   -0.1465
   -0.1204   -0.3138   -0.9418
   -0.7105   -0.6353    0.3025
...    17 T-A ...
  -20.2050  -25.7710   37.6630
   -0.6521    0.3808   -0.6556
    0.3158   -0.6497   -0.6915
   -0.6893   -0.6579    0.3034
...    18 T-A ...
  -22.5349  -27.7143   38.6581
   -0.3311    0.0388   -0.9428
    0.6030   -0.7599   -0.2430
   -0.7258   -0.6489    0.2282
...    19 A-T ...
  -25.0189  -29.6742   39.0080
    0.1187   -0.1255   -0.9850
    0.6588   -0.7322    0.1727
   -0.7429   -0.6694   -0.0042
...    20 T-A ...
  -27.8558  -31.3010   38.6663
    0.4437   -0.4385   -0.7816
    0.5106   -0.5931    0.6225
   -0.7365   -0.6753   -0.0393
...    21 T-A ...
  -30.3809  -33.3526   38.2172
    0.6718   -0.6611   -0.3340
    0.1793   -0.2924    0.9393
   -0.7187   -0.6909   -0.0779
...    22 C-G ...
  -32.6213  -35.6837   37.8062
    0.6840   -0.6862    0.2473
   -0.2462    0.1019    0.9638
   -0.6866   -0.7202   -0.0993
...    23 G-C ...
  -34.7044  -38.2850   38.2137
    0.5082   -0.4380    0.7415
   -0.6376    0.3875    0.6658
   -0.5790   -0.8112   -0.0824
...    24 C-G ...
  -36.2748  -41.1123   37.8092
    0.1322   -0.1345    0.9821
   -0.8120    0.5535    0.1851
   -0.5685   -0.8219   -0.0361
...    25 A-T ...
  -38.5220  -43.5014   37.5828
   -0.3372    0.2156    0.9164
   -0.7417    0.5387   -0.3996
   -0.5799   -0.8144   -0.0217
...    26 A-T ...
  -40.2570  -46.2935   37.6925
   -0.7094    0.4519    0.5408
   -0.4197    0.3456   -0.8393
   -0.5662   -0.8224   -0.0555
...    27 A-T ...
  -41.9324  -49.0840   37.8349
   -0.8378    0.5450   -0.0335
    0.0799    0.0616   -0.9949
   -0.5401   -0.8362   -0.0951
...    28 G-C ...
  -43.9836  -51.7391   37.9629
   -0.6362    0.5593   -0.5315
    0.4927   -0.2357   -0.8377
   -0.5938   -0.7948   -0.1256
...    29 G-C ...
  -46.4094  -54.1835   37.7018
   -0.2014    0.4572   -0.8663
    0.7530   -0.4934   -0.4354
   -0.6265   -0.7400   -0.2448
...    30 C-G ...
  -48.8867  -56.1554   36.9083
    0.2745    0.2140   -0.9375
    0.7368   -0.6733    0.0620
   -0.6179   -0.7077   -0.3425
...    31 C-G ...
  -51.1645  -58.1812   35.6257
    0.6897   -0.0829   -0.7193
    0.4603   -0.7167    0.5239
   -0.5589   -0.6925   -0.4562
...    32 G-C ...
  -52.4439  -60.4011   34.0215
    0.8924   -0.3179   -0.3202
    0.0368   -0.6561    0.7538
   -0.4497   -0.6845   -0.5738
...    33 G-C ...
  -53.1935  -62.7238   31.6749
    0.8001   -0.5803    0.1520
   -0.4747   -0.4577    0.7518
   -0.3667   -0.6736   -0.6417
...    34 C-G ...
  -53.8423  -64.9969   29.4168
    0.4264   -0.7239    0.5424
   -0.8481   -0.1115    0.5179
   -0.3144   -0.6809   -0.6615
...    35 C-G ...
  -54.5178  -67.5460   27.2730
   -0.1241   -0.6765    0.7259
   -0.9548    0.2805    0.0982
   -0.2701   -0.6809   -0.6807
...    36 C-G ...
  -55.1992  -69.9934   25.0868
   -0.6132   -0.4117    0.6742
   -0.7441    0.5875   -0.3180
   -0.2652   -0.6966   -0.6666
...    37 G-C ...
  -56.4830  -71.4717   22.2008
   -0.9079    0.0210    0.4187
   -0.2647    0.7457   -0.6114
   -0.3251   -0.6659   -0.6715
...    38 A-T ...
  -57.2245  -73.5829   20.0253
   -0.8929    0.4502    0.0109
    0.3137    0.6392   -0.7021
   -0.3231   -0.6235   -0.7120
...    39 C-G ...
  -58.6821  -75.6226   18.0501
   -0.5955    0.7504   -0.2869
    0.7192    0.3388   -0.6066
   -0.3580   -0.5676   -0.7414
...    40 A-T ...
  -60.0773  -77.4087   15.6613
   -0.0828    0.8940   -0.4404
    0.9173   -0.1044   -0.3843
   -0.3895   -0.4358   -0.8114
...    41 C-G ...
  -61.7293  -78.3042   13.0441
    0.4051    0.7756   -0.4841
    0.8387   -0.5260   -0.1410
   -0.3640   -0.3489   -0.8636
...    42 G-C ...
  -62.4775  -79.5339   10.0459
    0.8347    0.4077   -0.3703
    0.4630   -0.8835    0.0710
   -0.2983   -0.2307   -0.9262
...    43 A-T ...
  -63.3944  -80.1586    7.0868
    0.9532   -0.1658   -0.2529
   -0.0996   -0.9617    0.2553
   -0.2855   -0.2181   -0.9332
...    44 C-G ...
  -64.0807  -80.1681    3.8509
    0.7822   -0.6215   -0.0428
   -0.5810   -0.7526    0.3099
   -0.2248   -0.2175   -0.9498
...    45 T-A ...
  -64.1086  -80.5787    0.2198
    0.3460   -0.9312    0.1147
   -0.9149   -0.3078    0.2614
   -0.2081   -0.1954   -0.9584
...    46 T-A ...
  -64.2238  -80.8797   -3.0711
   -0.1429   -0.9747    0.1719
   -0.9683    0.1736    0.1797
   -0.2050   -0.1408   -0.9686
...    47 A-T ...
  -65.0948  -81.1576   -6.2792
   -0.6983   -0.6758    0.2361
   -0.6858    0.7261    0.0499
   -0.2051   -0.1270   -0.9705
...    48 C-G ...
  -65.4164  -82.1324   -9.4529
   -0.9512   -0.2018    0.2333
   -0.2227    0.9726   -0.0669
   -0.2134   -0.1156   -0.9701
...    49 T-A ...
  -66.2548  -82.9632  -12.5919
   -0.9103    0.3360    0.2419
    0.2973    0.9371   -0.1827
   -0.2881   -0.0944   -0.9529
...    50 G-C ...
  -67.5039  -83.0870  -15.7154
   -0.5639    0.7872    0.2498
    0.7375    0.6161   -0.2767
   -0.3717    0.0282   -0.9279
...    51 T-A ...
  -69.1861  -83.1824  -18.4247
   -0.1409    0.9723    0.1862
    0.9111    0.2010   -0.3598
   -0.3872    0.1190   -0.9143
...    52 A-T ...
  -71.2506  -82.4078  -21.1202
    0.4023    0.9078    0.1182
    0.8363   -0.3118   -0.4510
   -0.3726    0.2803   -0.8846
...    53 T-A ...
  -72.9382  -81.0968  -23.5949
    0.7574    0.6500   -0.0622
    0.5519   -0.6882   -0.4709
   -0.3489    0.3224   -0.8800
...    54 C-G ...
  -74.0707  -79.8478  -26.3743
    0.9574    0.1018   -0.2703
   -0.0068   -0.9276   -0.3736
   -0.2888    0.3595   -0.8873
...    55 A-T ...
  -74.8166  -77.7061  -29.0298
    0.8643   -0.3939   -0.3128
   -0.4865   -0.8127   -0.3208
   -0.1279    0.4294   -0.8940
...    56 T-A ...
  -74.8354  -75.9868  -31.7722
    0.5305   -0.7453   -0.4037
   -0.8418   -0.5192   -0.1476
   -0.0996    0.4182   -0.9029
...    57 G-C ...
  -74.8042  -74.5114  -34.8180
   -0.0309   -0.9235   -0.3824
   -0.9952   -0.0069    0.0971
   -0.0924    0.3835   -0.9189
...    58 T-A ...
  -74.4699  -73.3309  -37.9340
   -0.5416   -0.7912   -0.2841
   -0.8350    0.4672    0.2908
   -0.0973    0.3947   -0.9136
...    59 T-A ...
  -74.6371  -72.2152  -40.9101
   -0.9057   -0.4144   -0.0896
   -0.4136    0.8172    0.4014
   -0.0931    0.4006   -0.9115
...    60 A-T ...
  -75.0684  -70.6702  -43.8055
   -0.9773    0.0711    0.1997
    0.1477    0.9041    0.4010
   -0.1520    0.4213   -0.8941
...    61 T-A ...
  -75.8199  -69.9496  -46.8479
   -0.7900    0.4929    0.3647
    0.5969    0.7540    0.2740
   -0.1399    0.4342   -0.8899
...    62 A-T ...
  -76.3756  -68.3832  -49.6477
   -0.3667    0.7367    0.5682
    0.9043    0.4258    0.0316
   -0.2186    0.5254   -0.8223
...    63 A-T ...
  -77.2827  -66.7042  -52.1306
    0.1500    0.8079    0.5699
    0.9643    0.0078   -0.2649
   -0.2184    0.5893   -0.7778
...    64 C-G ...
  -78.6796  -64.4740  -54.2790
    0.6308    0.6708    0.3899
    0.7504   -0.3996   -0.5265
   -0.1974    0.6247   -0.7555
...    65 G-C ...
  -78.7146  -62.3292  -56.7109
    0.9405    0.2618    0.2164
    0.3361   -0.6258   -0.7038
   -0.0488    0.7347   -0.6766
...    66 G-C ...
  -78.2922  -59.6915  -58.6290
    0.9823   -0.1660   -0.0872
   -0.1720   -0.6125   -0.7716
    0.0747    0.7729   -0.6302
...    67 A-T ...
  -77.7256  -57.1247  -60.5276
    0.7188   -0.4849   -0.4982
   -0.6867   -0.3833   -0.6176
    0.1085    0.7861   -0.6085
...    68 G-C ...
  -77.0622  -54.4431  -62.2429
    0.2816   -0.6448   -0.7106
   -0.9490   -0.0776   -0.3056
    0.1420    0.7604   -0.6338
...    69 G-C ...
  -75.5933  -51.8572  -64.3966
   -0.2459   -0.6287   -0.7377
   -0.9587    0.2698    0.0896
    0.1427    0.7293   -0.6691
...    70 T-A ...
  -74.7802  -49.7362  -66.7550
   -0.6947   -0.4060   -0.5938
   -0.7055    0.5459    0.4520
    0.1406    0.7329   -0.6657
...    71 A-T ...
  -74.1089  -47.6451  -69.3655
   -0.9761   -0.0753   -0.2038
   -0.1989    0.6868    0.6991
    0.0873    0.7229   -0.6854
...    72 T-A ...
  -73.8540  -45.8156  -72.0860
   -0.9524    0.2600    0.1591
    0.2921    0.6300    0.7196
    0.0868    0.7318   -0.6760
...    73 C-G ...
  -73.8827  -43.4704  -74.5357
   -0.5972    0.5620    0.5723
    0.7984    0.3479    0.4914
    0.0770    0.7504   -0.6565
...    74 T-A ...
  -74.0206  -40.9338  -76.6394
   -0.1315    0.5902    0.7964
    0.9900    0.0366    0.1364
    0.0514    0.8064   -0.5891
...    75 C-G ...
  -73.9005  -38.1185  -78.3076
    0.4162    0.4578    0.7856
    0.9085   -0.2444   -0.3388
    0.0369    0.8548   -0.5177
...    76 G-C ...
  -73.3316  -35.2974  -79.8286
    0.7603    0.1043    0.6412
    0.6297   -0.3603   -0.6882
    0.1593    0.9270   -0.3396
...    77 A-T ...
  -72.7899  -32.1732  -80.8145
    0.9703   -0.1625    0.1791
    0.1163   -0.3358   -0.9347
    0.2120    0.9278   -0.3070
...    78 G-C ...
  -71.9041  -29.0491  -81.4627
    0.8885   -0.3496   -0.2973
   -0.3755   -0.1813   -0.9089
    0.2638    0.9192   -0.2923
...    79 C-G ...
  -70.6274  -25.9565  -82.1040
    0.5085   -0.4197   -0.7519
   -0.8076    0.0705   -0.5855
    0.2987    0.9049   -0.3031
...    80 T-A ...
  -69.4001  -23.0310  -82.9619
    0.0205   -0.3373   -0.9412
   -0.9481    0.2923   -0.1254
    0.3174    0.8949   -0.3138
...    81 C-G ...
  -68.4884  -20.0993  -84.1190
   -0.5287   -0.1294   -0.8389
   -0.7847    0.4514    0.4249
    0.3237    0.8829   -0.3402
...    82 G-C ...
  -68.0736  -16.8388  -84.8400
   -0.8860    0.0812   -0.4564
   -0.3721    0.4627    0.8047
    0.2766    0.8828   -0.3797
...    83 G-C ...
  -67.0998  -13.9770  -86.2031
   -0.9658    0.2515    0.0632
    0.1444    0.3192    0.9366
    0.2154    0.9137   -0.3446
...    84 G-C ...
  -66.5787  -10.9795  -87.5939
   -0.7694    0.2747    0.5766
    0.6278    0.1593    0.7619
    0.1175    0.9482   -0.2950
...    85 A-T ...
  -66.4059   -7.8817  -88.6919
   -0.2794    0.2753    0.9199
    0.9549   -0.0203    0.2962
    0.1002    0.9611   -0.2572
...    86 T-A ...
  -66.7283   -4.7011  -89.4930
    0.2328    0.1924    0.9533
    0.9672   -0.1482   -0.2063
    0.1016    0.9701   -0.2206
...    87 C-G ...
  -66.5496   -1.4588  -89.9767
    0.7347    0.0288    0.6778
    0.6667   -0.2156   -0.7135
    0.1256    0.9760   -0.1776
...    88 C-G ...
  -66.2505    1.7839  -90.3465
    0.9458   -0.2038    0.2529
    0.2170   -0.1829   -0.9589
    0.2417    0.9618   -0.1287
...    89 G-C ...
  -65.2261    4.7999  -91.1351
    0.8766   -0.4029   -0.2630
   -0.2865    0.0020   -0.9581
    0.3866    0.9152   -0.1137
...    90 C-G ...
  -63.5105    7.8033  -91.1176
    0.5547   -0.3460   -0.7567
   -0.7224    0.2508   -0.6443
    0.4127    0.9041   -0.1108
...    91 T-A ...
  -61.5258   10.5970  -91.5906
    0.0601   -0.1494   -0.9870
   -0.8831    0.4529   -0.1224
    0.4653    0.8790   -0.1047
...    92 T-A ...
  -59.6520   13.2348  -91.9706
   -0.4338    0.1802   -0.8828
   -0.7614    0.4507    0.4661
    0.4819    0.8743   -0.0583
...    93 T-A ...
  -57.8317   15.9136  -92.3284
   -0.7711    0.4294   -0.4702
   -0.3942    0.2581    0.8820
    0.5001    0.8655   -0.0298
...    94 A-T ...
  -56.2032   18.7470  -91.9488
   -0.8524    0.5094    0.1179
    0.1067   -0.0513    0.9930
    0.5118    0.8590   -0.0106
...    95 A-T ...
  -54.6736   21.5159  -92.1256
   -0.6861    0.3754    0.6232
    0.5302   -0.3286    0.7816
    0.4982    0.8667    0.0264
...    96 C-G ...
  -53.5566   24.6419  -92.3914
   -0.3477    0.1231    0.9295
    0.8001   -0.4780    0.3625
    0.4889    0.8697    0.0677
...    97 A-T ...
  -52.1415   27.6180  -92.0315
    0.0664   -0.2607    0.9631
    0.8747   -0.4492   -0.1819
    0.4800    0.8546    0.1982
...    98 C-G ...
  -51.0796   30.5819  -90.9263
    0.4696   -0.4909    0.7338
    0.7344   -0.2442   -0.6333
    0.4900    0.8363    0.2458
...    99 T-A ...
  -49.6091   33.4585  -89.3535
    0.7579   -0.6021    0.2512
    0.3731    0.0842   -0.9240
    0.5351    0.7940    0.2884
...   100 T-A ...
  -47.9158   35.8896  -88.0107
    0.8420   -0.4404   -0.3115
   -0.1136    0.4197   -0.9005
    0.5274    0.7936    0.3034
...   101 T-A ...
  -46.1320   38.2922  -86.7748
    0.6415   -0.1284   -0.7563
   -0.5574    0.5993   -0.5746
    0.5271    0.7901    0.3129
...   102 A-T ...
  -44.5270   41.1028  -85.8647
    0.1875    0.2404   -0.9524
   -0.8226    0.5683   -0.0185
    0.5368    0.7869    0.3043
...   103 T-A ...
  -42.1780   43.2412  -85.0515
   -0.2229    0.4646   -0.8570
   -0.8111    0.3992    0.4274
    0.5407    0.7904    0.2879
...   104 G-C ...
  -40.2901   45.8885  -84.3953
   -0.7136    0.5386   -0.4480
   -0.4944    0.0660    0.8667
    0.4964    0.8400    0.2192
...   105 C-G ...
  -38.8216   48.7940  -84.0941
   -0.8888    0.4518    0.0766
   -0.0452   -0.2528    0.9665
    0.4560    0.8556    0.2451
...   106 T-A ...
  -37.4464   51.8976  -83.6561
   -0.7841    0.2049    0.5858
    0.4560   -0.4501    0.7678
    0.4210    0.8692    0.2595
...   107 T-A ...
  -36.2594   54.7752  -82.9394
   -0.4404   -0.1227    0.8894
    0.8063   -0.4897    0.3317
    0.3948    0.8632    0.3146
...   108 C-G ...
  -35.2522   57.6604  -81.7813
    0.0228   -0.4512    0.8921
    0.9220   -0.3356   -0.1933
    0.3866    0.8269    0.4084
...   109 C-G ...
  -34.1927   60.4866  -80.4979
    0.4077   -0.6795    0.6100
    0.7926   -0.0684   -0.6059
    0.4534    0.7305    0.5107
...   110 G-C ...
  -32.5672   62.5099  -78.9252
    0.6653   -0.7276    0.1673
    0.5301    0.3027   -0.7921
    0.5257    0.6157    0.5870
...   111 G-C ...
  -30.5155   63.9527  -76.7086
    0.8028   -0.5020   -0.3217
    0.1409    0.6840   -0.7157
    0.5794    0.5292    0.6199
...   112 C-G ...
  -28.2892   65.0630  -74.4496
    0.7355   -0.0740   -0.6735
   -0.2868    0.8666   -0.4084
    0.6138    0.4936    0.6161
...   113 T-A ...
  -26.1603   66.4395  -72.3781
    0.4804    0.3841   -0.7885
   -0.6017    0.7984    0.0223
    0.6381    0.4637    0.6146
...   114 C-G ...
  -24.1549   68.2162  -70.5237
    0.0439    0.7755   -0.6298
   -0.7419    0.4475    0.4993
    0.6691    0.4453    0.5950
...   115 G-C ...
  -22.3337   69.7763  -68.2885
   -0.4050    0.8810   -0.2446
   -0.6390   -0.0813    0.7649
    0.6540    0.4661    0.5959
...   116 T-A ...
  -20.0900   71.6697  -66.7869
   -0.6985    0.6947    0.1715
   -0.3410   -0.5339    0.7737
    0.6291    0.4820    0.6099
...   117 A-T ...
  -17.9516   73.7400  -65.0872
   -0.8168    0.2425    0.5234
    0.1024   -0.8320    0.5452
    0.5677    0.4990    0.6548
...   118 T-A ...
  -16.3839   75.9180  -63.3017
   -0.6728   -0.1917    0.7145
    0.4688   -0.8576    0.2114
    0.5723    0.4772    0.6669
...   119 A-T ...
  -14.7004   77.4385  -60.9787
   -0.4558   -0.6557    0.6019
    0.7507   -0.6465   -0.1358
    0.4782    0.3900    0.7869
...   120 A-T ...
  -13.4607   78.6954  -58.2771
   -0.0363   -0.9376    0.3458
    0.8902   -0.1876   -0.4152
    0.4542    0.2927    0.8414
...   121 T-A ...
  -12.5572   79.5614  -55.2263
    0.3893   -0.9189    0.0636
    0.8034    0.3050   -0.5114
    0.4505    0.2502    0.8570
...   122 G-C ...
  -11.0814   79.9394  -52.1413
    0.6988   -0.6292   -0.3403
    0.4957    0.7689   -0.4039
    0.5158    0.1135    0.8492
...   123 T-A ...
   -9.4104   79.6494  -49.3921
    0.8445   -0.1926   -0.4998
    0.1334    0.9793   -0.1519
    0.5187    0.0616    0.8527
...   124 G-C ...
   -7.5278   79.6957  -46.7025
    0.7543    0.3916   -0.5269
   -0.3322    0.9200    0.2081
    0.5662    0.0181    0.8240
...   125 T-A ...
   -5.4648   79.2488  -44.2279
    0.4759    0.8065   -0.3509
   -0.6614    0.5911    0.4617
    0.5797    0.0124    0.8147
...   126 C-G ...
   -3.5545   79.3125  -41.7180
    0.0190    0.9998    0.0046
   -0.8096    0.0127    0.5868
    0.5867   -0.0148    0.8097
...   127 G-C ...
   -2.2196   79.1017  -38.7857
   -0.4313    0.8642    0.2592
   -0.7257   -0.5030    0.4694
    0.5361    0.0144    0.8440
...   128 A-T ...
   -0.3943   78.9427  -36.2512
   -0.7738    0.4244    0.4703
   -0.3797   -0.9050    0.1920
    0.5071   -0.0300    0.8614
...   129 C-G ...
    1.2959   79.5405  -33.4866
   -0.8855   -0.1000    0.4538
    0.0638   -0.9935   -0.0944
    0.4603   -0.0547    0.8861
...   130 C-G ...
    2.2430   79.8564  -30.2205
   -0.8120   -0.5476    0.2018
    0.4857   -0.8258   -0.2868
    0.3237   -0.1349    0.9365
...   131 A-T ...
    2.6562   78.8209  -27.0682
   -0.5927   -0.7738   -0.2236
    0.7961   -0.5205   -0.3087
    0.1225   -0.3610    0.9245
...   132 A-T ...
    2.8025   77.5661  -24.0722
   -0.0891   -0.9024   -0.4216
    0.9930   -0.0475   -0.1083
    0.0778   -0.4283    0.9003
...   133 A-T ...
    2.6373   76.0861  -21.1269
    0.5040   -0.7721   -0.3872
    0.8617    0.4800    0.1645
    0.0588   -0.4165    0.9072
...   134 T-A ...
    2.3076   74.2307  -18.3903
    0.8657   -0.4293   -0.2574
    0.4984    0.7868    0.3641
    0.0462   -0.4435    0.8951
...   135 G-C ...
    1.4355   72.0970  -15.6050
    0.9809    0.0621    0.1843
   -0.1263    0.9241    0.3607
   -0.1479   -0.3771    0.9143
...   136 T-A ...
    0.5280   69.2392  -13.4689
    0.7351    0.4963    0.4618
   -0.6117    0.7792    0.1365
   -0.2921   -0.3828    0.8764
...   137 G-C ...
   -0.1658   67.4105  -10.8095
    0.1800    0.8794    0.4408
   -0.9276    0.3008   -0.2214
   -0.3274   -0.3691    0.8698
...   138 A-T ...
   -0.1321   66.2179   -7.8217
   -0.3749    0.8570    0.3536
   -0.8857   -0.2184   -0.4098
   -0.2739   -0.4668    0.8409
...   139 G-C ...
   -1.0068   65.6074   -4.9425
   -0.8336    0.5218    0.1811
   -0.5170   -0.6220   -0.5881
   -0.1942   -0.5839    0.7883
...   140 C-G ...
   -0.6974   63.9003   -2.2529
   -0.9992    0.0157   -0.0376
    0.0023   -0.8993   -0.4374
   -0.0406   -0.4371    0.8985
...   141 G-C ...
   -3.4382   60.2385    1.0283
   -0.4425    0.2285   -0.8672
    0.1683   -0.9287   -0.3306
   -0.8808   -0.2922    0.3725
...   142 C-G ...
   -6.3288   59.0833    1.6293
   -0.2970   -0.3280   -0.8968
    0.5656   -0.8171    0.1115
   -0.7693   -0.4741    0.4282
...   143 T-A ...
   -8.6768   58.7242    3.6024
   -0.0347   -0.7817   -0.6227
    0.6533   -0.4893    0.5778
   -0.7563   -0.3868    0.5276
...   144 C-G ...
  -11.6544   58.0113    4.7193
    0.2451   -0.9542   -0.1716
    0.6322    0.0231    0.7745
   -0.7350   -0.2983    0.6089
...   145 A-T ...
  -14.1759   56.5668    6.1806
    0.5795   -0.7268    0.3687
    0.3139    0.6165    0.7220
   -0.7521   -0.3027    0.5855
...   146 C-G ...
  -16.4650   53.8949    7.5152
    0.5336   -0.3331    0.7774
   -0.0346    0.9098    0.4136
   -0.8450   -0.2476    0.4739
...   147 A-T ...
  -19.0172   52.0374    8.9260
    0.2452    0.2907    0.9249
   -0.3073    0.9281   -0.2103
   -0.9195   -0.2327    0.3169
