  147 base-pairs
...     1 A-T ...
    0.0000    0.0000    0.0000
    1.0000    0.0000    0.0000
    0.0000    1.0000    0.0000
    0.0000    0.0000    1.0000
...     2 G-C ...
   -0.1404   -1.2353    3.2259
    0.7530    0.6366    0.1668
   -0.6385    0.7681   -0.0490
   -0.1593   -0.0696    0.9848
...     3 T-A ...
   -0.0377   -3.2918    6.3749
    0.2722    0.9302    0.2464
   -0.9238    0.3243   -0.2034
   -0.2691   -0.1722    0.9476
...     4 G-C ...
   -0.3520   -4.1638    9.4928
   -0.3756    0.9250    0.0576
   -0.8780   -0.3352   -0.3416
   -0.2967   -0.1788    0.9381
...     5 A-T ...
   -0.4480   -4.1448   12.7498
   -0.8116    0.5839   -0.0166
   -0.5522   -0.7762   -0.3042
   -0.1905   -0.2377    0.9525
...     6 G-C ...
   -1.5926   -4.1701   15.6201
   -0.9976    0.0246   -0.0651
   -0.0043   -0.9555   -0.2950
   -0.0694   -0.2940    0.9533
...     7 C-G ...
   -1.1050   -4.4793   18.7363
   -0.8442   -0.5302   -0.0787
    0.5343   -0.8442   -0.0430
   -0.0437   -0.0784    0.9960
...     8 G-C ...
   -2.4044   -7.7255   23.1483
   -0.2753   -0.3294   -0.9032
    0.6650   -0.7437    0.0686
   -0.6943   -0.5817    0.4238
...     9 C-G ...
   -4.4706   -9.9691   24.1142
    0.1145   -0.7026   -0.7023
    0.8512   -0.2951    0.4341
   -0.5123   -0.6475    0.5642
...    10 T-A ...
   -6.7420  -10.8705   25.9717
    0.4841   -0.8363   -0.2573
    0.6594    0.1554    0.7356
   -0.5752   -0.5257    0.6267
...    11 C-G ...
   -9.1682  -12.6167   27.1662
    0.7073   -0.6683    0.2306
    0.3450    0.6110    0.7125
   -0.6170   -0.4243    0.6627
...    12 A-T ...
  -10.9253  -14.6583   29.0713
    0.7515   -0.1377    0.6452
   -0.2027    0.8824    0.4245
   -0.6278   -0.4498    0.6352
...    13 C-G ...
  -11.8495  -17.4796   31.2472
    0.4294    0.2824    0.8578
   -0.5708    0.8209    0.0155
   -0.6998   -0.4963    0.5137
...    14 A-T ...
  -13.5915  -19.7756   33.4284
   -0.1503    0.6106    0.7775
   -0.6874    0.5007   -0.5261
   -0.7106   -0.6135    0.3445
...    15 A-T ...
  -15.6877  -21.8626   34.7590
   -0.5067    0.7798    0.3678
   -0.4764    0.1023   -0.8732
   -0.7185   -0.6177    0.3197
...    16 T-A ...
  -17.7846  -23.7576   36.4158
   -0.6601    0.7437   -0.1055
   -0.1633   -0.2791   -0.9463
   -0.7332   -0.6074    0.3057
...    17 T-A ...
  -20.1687  -25.5588   37.6254
   -0.6080    0.5142   -0.6049
    0.2162   -0.6259   -0.7494
   -0.7639   -0.5864    0.2693
...    18 T-A ...
  -22.7588  -27.2092   38.5813
   -0.3518    0.1508   -0.9239
    0.4966   -0.8066   -0.3207
   -0.7935   -0.5716    0.2089
...    19 A-T ...
  -25.8792  -28.4268   38.9288
    0.1064   -0.0971   -0.9896
    0.5499   -0.8234    0.1399
   -0.8284   -0.5591   -0.0343
...    20 T-A ...
  -28.8567  -29.6740   38.4892
    0.3856   -0.4569   -0.8016
    0.4147   -0.6902    0.5930
   -0.8242   -0.5611   -0.0767
...    21 T-A ...
  -31.5866  -31.3093   37.9360
    0.5635   -0.7443   -0.3584
    0.1200   -0.3555    0.9270
   -0.8173   -0.5654   -0.1110
...    22 C-G ...
  -34.0981  -33.2862   37.3539
    0.5509   -0.8035    0.2258
   -0.2510    0.0985    0.9629
   -0.7960   -0.5871   -0.1474
...    23 G-C ...
  -36.7083  -35.2994   37.2923
    0.3768   -0.5845    0.7186
   -0.5545    0.4790    0.6805
   -0.7419   -0.6549   -0.1436
...    24 C-G ...
  -38.8741  -37.7170   36.6830
    0.0339   -0.2294    0.9727
   -0.6782    0.7096    0.1910
   -0.7341   -0.6662   -0.1315
...    25 A-T ...
  -41.4440  -39.7085   36.2223
   -0.3086    0.2421    0.9199
   -0.5856    0.7137   -0.3843
   -0.7496   -0.6572   -0.0785
...    26 A-T ...
  -43.7004  -42.0448   36.1382
   -0.5975    0.5817    0.5519
   -0.2957    0.4799   -0.8260
   -0.7453   -0.6567   -0.1147
...    27 A-T ...
  -46.0766  -44.2417   36.0389
   -0.6538    0.7565    0.0147
    0.0952    0.1015   -0.9903
   -0.7506   -0.6461   -0.1383
...    28 G-C ...
  -48.6729  -46.2273   35.8783
   -0.4433    0.7722   -0.4551
    0.4157   -0.2727   -0.8677
   -0.7941   -0.5738   -0.2001
...    29 G-C ...
  -51.5963  -47.8181   35.4349
   -0.0650    0.6048   -0.7937
    0.5674   -0.6319   -0.5280
   -0.8209   -0.4847   -0.3021
...    30 C-G ...
  -54.5181  -48.8880   34.4800
    0.3050    0.2415   -0.9212
    0.4999   -0.8639   -0.0610
   -0.8106   -0.4419   -0.3843
...    31 C-G ...
  -57.2677  -49.8778   32.8210
    0.6109   -0.1716   -0.7729
    0.2346   -0.8931    0.3838
   -0.7561   -0.4158   -0.5054
...    32 G-C ...
  -59.4210  -51.5284   30.9348
    0.7345   -0.5568   -0.3878
   -0.1866   -0.7152    0.6735
   -0.6524   -0.4223   -0.6293
...    33 G-C ...
  -61.1771  -52.9073   28.4039
    0.5720   -0.8178    0.0633
   -0.5834   -0.3514    0.7322
   -0.5766   -0.4558   -0.6781
...    34 C-G ...
  -62.6822  -54.4772   25.9111
    0.1788   -0.8715    0.4566
   -0.8179    0.1263    0.5613
   -0.5468   -0.4738   -0.6903
...    35 C-G ...
  -64.2469  -56.3002   23.5529
   -0.2691   -0.6496    0.7111
   -0.7989    0.5629    0.2119
   -0.5379   -0.5110   -0.6704
...    36 C-G ...
  -65.8642  -58.2417   21.3291
   -0.6307   -0.2236    0.7431
   -0.5300    0.8236   -0.2020
   -0.5669   -0.5212   -0.6379
...    37 G-C ...
  -67.8368  -59.5242   18.9973
   -0.7660    0.3060    0.5653
   -0.0841    0.8241   -0.5601
   -0.6373   -0.4766   -0.6056
...    38 A-T ...
  -69.8331  -61.1884   17.0413
   -0.6503    0.7390    0.1763
    0.3806    0.5177   -0.7663
   -0.6575   -0.4312   -0.6179
...    39 C-G ...
  -72.3037  -62.7011   15.5294
   -0.3389    0.9208   -0.1932
    0.6580    0.0852   -0.7481
   -0.6724   -0.3807   -0.6348
...    40 A-T ...
  -74.6314  -63.8182   13.4282
    0.1626    0.8822   -0.4419
    0.7185   -0.4128   -0.5598
   -0.6763   -0.2265   -0.7010
...    41 C-G ...
  -77.1714  -64.0329   11.4147
    0.5397    0.5829   -0.6074
    0.5337   -0.7949   -0.2887
   -0.6511   -0.1683   -0.7401
...    42 G-C ...
  -78.9899  -64.5270    8.7043
    0.8358    0.1165   -0.5366
    0.1384   -0.9904    0.0005
   -0.5314   -0.0747   -0.8438
...    43 A-T ...
  -80.5285  -64.5943    5.8438
    0.7972   -0.4525   -0.3997
   -0.3743   -0.8899    0.2609
   -0.4738   -0.0584   -0.8787
...    44 C-G ...
  -81.6008  -64.3172    2.7352
    0.5127   -0.8364   -0.1937
   -0.7400   -0.5449    0.3944
   -0.4354   -0.0589   -0.8983
...    45 T-A ...
  -82.6250  -64.4917   -0.3929
    0.0786   -0.9949    0.0628
   -0.9164   -0.0473    0.3974
   -0.3924   -0.0888   -0.9155
...    46 T-A ...
  -83.5392  -64.7688   -3.5069
   -0.4688   -0.8528    0.2302
   -0.8002    0.5204    0.2981
   -0.3740   -0.0445   -0.9264
...    47 A-T ...
  -84.9479  -64.5553   -6.5258
   -0.8709   -0.3630    0.3313
   -0.3436    0.9317    0.1176
   -0.3514   -0.0114   -0.9361
...    48 C-G ...
  -86.0465  -65.1882   -9.5822
   -0.9189    0.1609    0.3601
    0.1509    0.9870   -0.0558
   -0.3644    0.0031   -0.9312
...    49 T-A ...
  -87.4685  -65.4103  -12.5435
   -0.6931    0.6331    0.3447
    0.5963    0.7722   -0.2192
   -0.4049    0.0536   -0.9128
...    50 G-C ...
  -88.9210  -65.0359  -15.5007
   -0.2162    0.9272    0.3058
    0.8697    0.3252   -0.3712
   -0.4437    0.1857   -0.8767
...    51 T-A ...
  -90.9045  -64.3909  -18.0093
    0.2668    0.9534    0.1408
    0.8636   -0.1717   -0.4740
   -0.4277    0.2481   -0.8692
...    52 A-T ...
  -92.6249  -63.0024  -20.5216
    0.7238    0.6860    0.0752
    0.6123   -0.5881   -0.5284
   -0.3182    0.4285   -0.8457
...    53 G-C ...
  -93.6959  -61.2178  -23.0552
    0.9570    0.2681   -0.1106
    0.1721   -0.8320   -0.5274
   -0.2335    0.4857   -0.8424
...    54 G-C ...
  -94.0960  -59.1276  -25.6736
    0.9289   -0.2423   -0.2801
   -0.3500   -0.8213   -0.4504
   -0.1209    0.5164   -0.8477
...    55 T-A ...
  -94.0565  -56.9972  -28.1828
    0.6312   -0.6350   -0.4454
   -0.7710   -0.5764   -0.2709
   -0.0847    0.5143   -0.8534
...    56 A-T ...
  -94.3657  -55.3637  -31.0471
    0.0750   -0.8593   -0.5060
   -0.9956   -0.0931    0.0107
   -0.0563    0.5030   -0.8625
...    57 T-A ...
  -93.8405  -53.7966  -33.9096
   -0.4314   -0.7809   -0.4517
   -0.9009    0.3462    0.2618
   -0.0480    0.5199   -0.8529
...    58 C-G ...
  -93.9133  -52.1896  -36.7562
   -0.8705   -0.4445   -0.2113
   -0.4889    0.7317    0.4750
   -0.0565    0.5167   -0.8543
...    59 T-A ...
  -94.1193  -50.7906  -39.7345
   -0.9946   -0.0365    0.0973
    0.0193    0.8551    0.5181
   -0.1021    0.5172   -0.8498
...    60 C-G ...
  -94.4943  -49.1979  -42.5535
   -0.8039    0.4336    0.4071
    0.5808    0.7201    0.3797
   -0.1285    0.5417   -0.8307
...    61 G-C ...
  -94.7252  -47.1684  -45.1483
   -0.3586    0.6603    0.6598
    0.9151    0.3883    0.1087
   -0.1844    0.6428   -0.7435
...    62 A-T ...
  -95.4548  -45.0828  -47.5135
    0.2198    0.7187    0.6597
    0.9596   -0.0377   -0.2787
   -0.1754    0.6943   -0.6980
...    63 G-C ...
  -96.2994  -42.6397  -49.5290
    0.6750    0.5373    0.5057
    0.7276   -0.3710   -0.5770
   -0.1224    0.7574   -0.6414
...    64 C-G ...
  -96.8256  -39.8648  -51.1803
    0.9599    0.2156    0.1791
    0.2728   -0.5717   -0.7738
   -0.0644    0.7916   -0.6076
...    65 T-A ...
  -96.8660  -37.0130  -52.8061
    0.9713   -0.1551   -0.1804
   -0.2370   -0.5660   -0.7896
    0.0204    0.8097   -0.5865
...    66 C-G ...
  -96.5492  -34.3501  -54.6426
    0.6691   -0.4736   -0.5727
   -0.7400   -0.3536   -0.5721
    0.0685    0.8066   -0.5871
...    67 G-C ...
  -96.4698  -31.9143  -56.8738
    0.1593   -0.6592   -0.7349
   -0.9773    0.0000   -0.2119
    0.1397    0.7520   -0.6442
...    68 G-C ...
  -95.6440  -29.5534  -59.1239
   -0.3868   -0.6049   -0.6961
   -0.9109    0.3683    0.1861
    0.1439    0.7060   -0.6934
...    69 G-C ...
  -94.9463  -27.4015  -61.6111
   -0.8168   -0.3606   -0.4504
   -0.5674    0.6434    0.5139
    0.1045    0.6753   -0.7301
...    70 A-T ...
  -94.5188  -25.2746  -64.0501
   -0.9964    0.0596   -0.0609
    0.0017    0.7284    0.6851
    0.0851    0.6825   -0.7259
...    71 T-A ...
  -94.4187  -23.5456  -66.8505
   -0.8658    0.4120    0.2842
    0.4920    0.5968    0.6338
    0.0915    0.6886   -0.7194
...    72 C-G ...
  -94.2292  -21.3424  -69.2416
   -0.4403    0.6431    0.6265
    0.8946    0.2555    0.3665
    0.0757    0.7219   -0.6878
...    73 C-G ...
  -94.4042  -18.8967  -71.5516
    0.0695    0.5963    0.7998
    0.9946   -0.1038   -0.0090
    0.0777    0.7960   -0.6002
...    74 G-C ...
  -93.8786  -16.2061  -73.3924
    0.5551    0.3223    0.7668
    0.8196   -0.3694   -0.4380
    0.1420    0.8716   -0.4692
...    75 C-G ...
  -93.6428  -13.1332  -74.4914
    0.8864    0.0221    0.4624
    0.4197   -0.4600   -0.7825
    0.1954    0.8877   -0.4170
...    76 T-A ...
  -92.9151  -10.0707  -75.4205
    0.9588   -0.2800    0.0485
   -0.0614   -0.3707   -0.9267
    0.2774    0.8856   -0.3726
...    77 T-A ...
  -91.9036   -7.1290  -76.3140
    0.7689   -0.4456   -0.4585
   -0.5669   -0.1436   -0.8112
    0.2956    0.8837   -0.3630
...    78 C-G ...
  -90.7180   -4.3326  -77.4830
    0.3054   -0.4716   -0.8272
   -0.8930    0.1598   -0.4207
    0.3306    0.8672   -0.3723
...    79 A-T ...
  -89.7285   -1.4884  -78.8268
   -0.2599   -0.3715   -0.8913
   -0.9004    0.4268    0.0847
    0.3490    0.8245   -0.4454
...    80 T-A ...
  -88.0249    0.8199  -80.4606
   -0.6670   -0.0972   -0.7387
   -0.6533    0.5530    0.5171
    0.3582    0.8275   -0.4323
...    81 G-C ...
  -87.0726    3.6535  -81.8484
   -0.9416    0.1597   -0.2964
   -0.1732    0.5252    0.8332
    0.2887    0.8359   -0.4668
...    82 T-A ...
  -86.1994    6.0885  -83.9110
   -0.9069    0.3832    0.1754
    0.3231    0.3650    0.8731
    0.2706    0.8485   -0.4548
...    83 T-A ...
  -85.4728    8.7393  -85.6300
   -0.5836    0.5155    0.6274
    0.7629    0.0835    0.6411
    0.2781    0.8528   -0.4420
...    84 A-T ...
  -84.8773   11.6628  -87.0709
   -0.1331    0.3695    0.9197
    0.9596   -0.1839    0.2127
    0.2477    0.9109   -0.3301
...    85 T-A ...
  -84.7383   14.7742  -88.0665
    0.3385    0.2083    0.9176
    0.9051   -0.3386   -0.2571
    0.2572    0.9176   -0.3031
...    86 A-T ...
  -84.1573   18.0201  -88.5613
    0.6855   -0.1505    0.7124
    0.6346   -0.3561   -0.6859
    0.3569    0.9223   -0.1486
...    87 A-T ...
  -83.0670   21.0538  -88.7216
    0.9043   -0.3525    0.2409
    0.1775   -0.2026   -0.9630
    0.3883    0.9136   -0.1206
...    88 C-G ...
  -81.7048   24.0216  -88.4343
    0.8557   -0.4458   -0.2627
   -0.2816    0.0247   -0.9592
    0.4341    0.8948   -0.1044
...    89 G-C ...
  -80.1463   26.8452  -89.1547
    0.5236   -0.4605   -0.7168
   -0.6563    0.3185   -0.6840
    0.5432    0.8286   -0.1354
...    90 G-C ...
  -77.9371   29.3413  -89.6105
    0.0654   -0.2801   -0.9577
   -0.8066    0.5502   -0.2160
    0.5875    0.7866   -0.1900
...    91 A-T ...
  -75.8997   31.8124  -90.2731
   -0.4156    0.0815   -0.9059
   -0.6895    0.6213    0.3722
    0.5932    0.7793   -0.2020
...    92 T-A ...
  -73.5750   33.9172  -91.3206
   -0.6916    0.3971   -0.6034
   -0.3941    0.4926    0.7759
    0.6053    0.7744   -0.1842
...    93 T-A ...
  -71.4967   36.2641  -92.1874
   -0.7777    0.6245   -0.0720
    0.0473    0.1723    0.9839
    0.6269    0.7618   -0.1635
...    94 A-T ...
  -69.4521   38.8185  -92.6860
   -0.6515    0.5678    0.5032
    0.4718   -0.2163    0.8548
    0.5941    0.7943   -0.1270
...    95 A-T ...
  -67.7353   41.5002  -93.2624
   -0.3033    0.3410    0.8898
    0.7423   -0.5009    0.4450
    0.5975    0.7955   -0.1012
...    96 C-G ...
  -66.3307   44.4259  -93.6420
    0.0692    0.0005    0.9976
    0.7970   -0.6015   -0.0549
    0.6000    0.7989   -0.0420
...    97 A-T ...
  -64.3945   47.1409  -93.5832
    0.3718   -0.4378    0.8186
    0.6722   -0.4812   -0.5626
    0.6402    0.7595    0.1154
...    98 C-G ...
  -62.6769   49.7479  -92.6449
    0.6138   -0.6643    0.4265
    0.4199   -0.1827   -0.8890
    0.6685    0.7248    0.1668
...    99 T-A ...
  -60.4893   51.9739  -91.6441
    0.6810   -0.7273   -0.0850
    0.0999    0.2073   -0.9732
    0.7254    0.6543    0.2138
...   100 T-A ...
  -58.1109   53.9304  -90.6530
    0.6191   -0.5023   -0.6036
   -0.2697    0.5858   -0.7642
    0.7375    0.6360    0.2272
...   101 T-A ...
  -55.5908   55.7367  -89.6962
    0.3812   -0.0828   -0.9208
   -0.5558    0.7753   -0.2998
    0.7387    0.6261    0.2496
...   102 A-T ...
  -53.3007   58.0056  -88.8840
   -0.0100    0.4041   -0.9147
   -0.6658    0.6797    0.3076
    0.7460    0.6121    0.2623
...   103 T-A ...
  -50.4322   59.5767  -88.3860
   -0.3225    0.7043   -0.6325
   -0.5774    0.3831    0.7210
    0.7501    0.5977    0.2831
...   104 G-C ...
  -48.1270   61.6840  -87.3444
   -0.6409    0.7529   -0.1494
   -0.3024   -0.0689    0.9507
    0.7055    0.6545    0.2718
...   105 C-G ...
  -45.7554   63.9131  -86.8395
   -0.7360    0.5726    0.3611
    0.0713   -0.4649    0.8825
    0.6732    0.6753    0.3013
...   106 T-A ...
  -43.7436   66.3892  -86.0358
   -0.6539    0.2149    0.7254
    0.4227   -0.6914    0.5859
    0.6275    0.6898    0.3613
...   107 T-A ...
  -41.9002   68.8105  -84.9588
   -0.3547   -0.2174    0.9093
    0.7024   -0.7039    0.1058
    0.6171    0.6763    0.4024
...   108 C-G ...
  -40.0414   71.0413  -83.5377
    0.0386   -0.6216    0.7823
    0.7908   -0.4596   -0.4043
    0.6109    0.6343    0.4738
...   109 C-G ...
  -38.3347   73.1277  -81.5313
    0.3484   -0.8444    0.4069
    0.6891   -0.0635   -0.7219
    0.6354    0.5319    0.5598
...   110 G-C ...
  -35.9630   74.5432  -79.7233
    0.5525   -0.8260   -0.1117
    0.4673    0.4179   -0.7790
    0.6901    0.3783    0.6169
...   111 G-C ...
  -33.5963   75.2389  -77.4321
    0.6516   -0.5224   -0.5500
    0.1669    0.8061   -0.5678
    0.7400    0.2782    0.6124
...   112 C-G ...
  -31.0424   75.6440  -75.3870
    0.6200   -0.0217   -0.7843
   -0.1718    0.9716   -0.1627
    0.7656    0.2357    0.5986
...   113 T-A ...
  -28.3375   76.0709  -73.5427
    0.4282    0.4770   -0.7676
   -0.4382    0.8524    0.2853
    0.7903    0.2142    0.5740
...   114 C-G ...
  -25.6528   76.7076  -71.7705
    0.1009    0.8868   -0.4511
   -0.6037    0.4150    0.6806
    0.7908    0.2036    0.5773
...   115 G-C ...
  -23.3598   77.4337  -69.4948
   -0.3011    0.9527   -0.0400
   -0.5694   -0.1460    0.8090
    0.7649    0.2664    0.5864
...   116 T-A ...
  -20.5746   78.5309  -68.0617
   -0.5653    0.7406    0.3633
   -0.3548   -0.6159    0.7034
    0.7446    0.2688    0.6110
...   117 A-T ...
  -18.1482   79.5891  -66.0769
   -0.7430    0.2630    0.6154
   -0.0003   -0.9197    0.3927
    0.6693    0.2916    0.6834
...   118 T-A ...
  -16.1664   81.1589  -64.0107
   -0.6753   -0.2225    0.7032
    0.3526   -0.9348    0.0428
    0.6478    0.2769    0.7097
...   119 A-T ...
  -14.5986   82.5110  -61.3633
   -0.5677   -0.6830    0.4595
    0.6506   -0.7143   -0.2580
    0.5044    0.1525    0.8499
...   120 A-T ...
  -13.2626   83.0251  -58.4849
   -0.1768   -0.9646    0.1956
    0.8641   -0.2473   -0.4384
    0.4713    0.0915    0.8772
...   121 T-A ...
  -12.3824   83.2525  -55.3596
    0.2374   -0.9687   -0.0726
    0.8542    0.2437   -0.4593
    0.4627    0.0470    0.8853
...   122 G-C ...
  -10.7257   83.0182  -52.4986
    0.5930   -0.6903   -0.4145
    0.6335    0.7178   -0.2888
    0.4969   -0.0913    0.8630
...   123 T-A ...
   -9.3851   82.1119  -49.6348
    0.8210   -0.2336   -0.5209
    0.2657    0.9640   -0.0135
    0.5053   -0.1273    0.8535
...   124 G-C ...
   -7.5021   81.8927  -46.9419
    0.8017    0.3547   -0.4811
   -0.2147    0.9221    0.3220
    0.5579   -0.1549    0.8153
...   125 T-A ...
   -5.4251   80.8682  -44.5431
    0.5828    0.7769   -0.2384
   -0.5946    0.6076    0.5266
    0.5539   -0.1651    0.8160
...   126 C-G ...
   -3.5135   80.2695  -41.9447
    0.1318    0.9840    0.1200
   -0.8294    0.0432    0.5570
    0.5429   -0.1730    0.8218
...   127 G-C ...
   -2.1361   79.5079  -39.0342
   -0.3865    0.8611    0.3303
   -0.7835   -0.4955    0.3750
    0.4865   -0.1139    0.8662
...   128 A-T ...
   -0.4258   79.1098  -36.2987
   -0.7830    0.4385    0.4411
   -0.4435   -0.8909    0.0984
    0.4362   -0.1185    0.8920
...   129 C-G ...
    1.0572   79.3307  -33.4023
   -0.9247   -0.0505    0.3774
   -0.0029   -0.9902   -0.1397
    0.3807   -0.1303    0.9155
...   130 C-G ...
    2.1462   79.3088  -30.2167
   -0.8496   -0.5132    0.1215
    0.4606   -0.8342   -0.3032
    0.2569   -0.2016    0.9452
...   131 A-T ...
    2.6778   78.6384  -26.9864
   -0.5365   -0.8145   -0.2211
    0.8364   -0.4781   -0.2681
    0.1127   -0.3287    0.9377
...   132 A-T ...
    2.6970   77.5233  -23.9697
   -0.0221   -0.9221   -0.3863
    0.9970    0.0084   -0.0772
    0.0745   -0.3868    0.9191
...   133 A-T ...
    2.6294   76.0892  -21.0798
    0.5126   -0.7626   -0.3945
    0.8567    0.4850    0.1756
    0.0575   -0.4280    0.9020
...   134 T-A ...
    2.3076   74.2307  -18.3903
    0.8657   -0.4293   -0.2574
    0.4984    0.7868    0.3641
    0.0462   -0.4435    0.8951
...   135 G-C ...
    1.4354   72.0970  -15.6050
    0.9809    0.0621    0.1843
   -0.1263    0.9241    0.3607
   -0.1479   -0.3771    0.9143
...   136 T-A ...
    0.5279   69.2393  -13.4689
    0.7351    0.4963    0.4618
   -0.6117    0.7792    0.1365
   -0.2921   -0.3828    0.8764
...   137 G-C ...
   -0.1659   67.4105  -10.8095
    0.1800    0.8794    0.4408
   -0.9276    0.3008   -0.2214
   -0.3274   -0.3691    0.8698
...   138 A-T ...
   -0.1321   66.2179   -7.8216
   -0.3749    0.8570    0.3536
   -0.8857   -0.2184   -0.4098
   -0.2739   -0.4668    0.8409
...   139 G-C ...
   -1.0069   65.6074   -4.9425
   -0.8336    0.5218    0.1811
   -0.5170   -0.6220   -0.5881
   -0.1942   -0.5839    0.7883
...   140 C-G ...
   -0.6974   63.9003   -2.2528
   -0.9992    0.0157   -0.0376
    0.0023   -0.8993   -0.4374
   -0.0406   -0.4371    0.8985
...   141 G-C ...
   -3.4382   60.2385    1.0284
   -0.4425    0.2285   -0.8672
    0.1683   -0.9287   -0.3306
   -0.8808   -0.2922    0.3725
...   142 C-G ...
   -6.3288   59.0834    1.6293
   -0.2970   -0.3280   -0.8968
    0.5656   -0.8171    0.1115
   -0.7693   -0.4741    0.4282
...   143 T-A ...
   -8.6768   58.7242    3.6024
   -0.0347   -0.7817   -0.6227
    0.6533   -0.4893    0.5778
   -0.7563   -0.3868    0.5276
...   144 C-G ...
  -11.6545   58.0113    4.7193
    0.2451   -0.9542   -0.1716
    0.6322    0.0231    0.7745
   -0.7350   -0.2983    0.6089
...   145 A-T ...
  -14.1760   56.5668    6.1807
    0.5795   -0.7268    0.3687
    0.3139    0.6165    0.7220
   -0.7521   -0.3027    0.5855
...   146 C-G ...
  -16.4651   53.8949    7.5153
    0.5336   -0.3331    0.7774
   -0.0346    0.9098    0.4136
   -0.8450   -0.2476    0.4739
...   147 A-T ...
  -19.0172   52.0374    8.9260
    0.2452    0.2907    0.9249
   -0.3073    0.9281   -0.2103
   -0.9195   -0.2327    0.3169
