  147 base-pairs
...     1 A-T ...
    0.0000    0.0000    0.0000
    1.0000    0.0000    0.0000
    0.0000    1.0000    0.0000
    0.0000    0.0000    1.0000
...     2 G-C ...
   -0.1404   -1.2353    3.2259
    0.7530    0.6366    0.1668
   -0.6385    0.7681   -0.0490
   -0.1593   -0.0696    0.9848
...     3 T-A ...
   -0.0377   -3.2918    6.3749
    0.2722    0.9302    0.2464
   -0.9238    0.3243   -0.2034
   -0.2691   -0.1722    0.9476
...     4 G-C ...
   -0.3520   -4.1638    9.4928
   -0.3756    0.9250    0.0576
   -0.8780   -0.3352   -0.3416
   -0.2967   -0.1788    0.9381
...     5 A-T ...
   -0.4480   -4.1448   12.7498
   -0.8116    0.5839   -0.0166
   -0.5522   -0.7762   -0.3042
   -0.1905   -0.2377    0.9525
...     6 G-C ...
   -1.5926   -4.1701   15.6201
   -0.9976    0.0246   -0.0651
   -0.0043   -0.9555   -0.2950
   -0.0694   -0.2940    0.9533
...     7 C-G ...
   -1.1050   -4.4793   18.7363
   -0.8442   -0.5302   -0.0787
    0.5343   -0.8442   -0.0430
   -0.0437   -0.0784    0.9960
...     8 G-C ...
   -2.4044   -7.7255   23.1483
   -0.2753   -0.3294   -0.9032
    0.6650   -0.7437    0.0686
   -0.6943   -0.5817    0.4238
...     9 C-G ...
   -4.4706   -9.9691   24.1142
    0.1145   -0.7026   -0.7023
    0.8512   -0.2951    0.4341
   -0.5123   -0.6475    0.5642
...    10 T-A ...
   -6.7420  -10.8705   25.9717
    0.4841   -0.8363   -0.2573
    0.6594    0.1554    0.7356
   -0.5752   -0.5257    0.6267
...    11 C-G ...
   -9.1682  -12.6167   27.1662
    0.7073   -0.6683    0.2306
    0.3450    0.6110    0.7125
   -0.6170   -0.4243    0.6627
...    12 A-T ...
  -10.9253  -14.6583   29.0713
    0.7515   -0.1377    0.6452
   -0.2027    0.8824    0.4245
   -0.6278   -0.4498    0.6352
...    13 C-G ...
  -11.8495  -17.4796   31.2472
    0.4294    0.2824    0.8578
   -0.5708    0.8209    0.0155
   -0.6998   -0.4963    0.5137
...    14 A-T ...
  -13.5915  -19.7756   33.4284
   -0.1503    0.6106    0.7775
   -0.6874    0.5007   -0.5261
   -0.7106   -0.6135    0.3445
...    15 A-T ...
  -15.6914  -21.8586   34.7574
   -0.5050    0.7813    0.3668
   -0.4766    0.1019   -0.8732
   -0.7196   -0.6158    0.3209
...    16 T-A ...
  -17.7928  -23.7441   36.4173
   -0.6577    0.7457   -0.1068
   -0.1647   -0.2807   -0.9456
   -0.7351   -0.6043    0.3074
...    17 T-A ...
  -20.1853  -25.5322   37.6288
   -0.6055    0.5154   -0.6064
    0.2131   -0.6291   -0.7475
   -0.7668   -0.5819    0.2712
...    18 T-A ...
  -22.7850  -27.1658   38.5881
   -0.3511    0.1488   -0.9245
    0.4921   -0.8106   -0.3173
   -0.7966   -0.5663    0.2114
...    19 A-T ...
  -25.9035  -28.3799   38.9411
    0.1044   -0.1077   -0.9887
    0.5451   -0.8253    0.1474
   -0.8318   -0.5544   -0.0274
...    20 T-A ...
  -28.8914  -29.6130   38.5198
    0.3807   -0.4691   -0.7968
    0.4111   -0.6860    0.6003
   -0.8283   -0.5561   -0.0683
...    21 T-A ...
  -31.6374  -31.2327   37.9935
    0.5556   -0.7546   -0.3491
    0.1191   -0.3433    0.9316
   -0.8229   -0.5592   -0.1009
...    22 C-G ...
  -34.1754  -33.1892   37.4485
    0.5425   -0.8059    0.2373
   -0.2472    0.1168    0.9619
   -0.8029   -0.5804   -0.1359
...    23 G-C ...
  -36.8181  -35.1625   37.4257
    0.3717   -0.5765    0.7277
   -0.5456    0.4986    0.6736
   -0.7511   -0.6474   -0.1292
...    24 C-G ...
  -39.0209  -37.5583   36.8630
    0.0348   -0.2114    0.9768
   -0.6671    0.7229    0.1802
   -0.7442   -0.6579   -0.1159
...    25 A-T ...
  -41.6226  -39.5214   36.4509
   -0.2996    0.2653    0.9164
   -0.5768    0.7148   -0.3955
   -0.7600   -0.6471   -0.0611
...    26 A-T ...
  -43.9179  -41.8198   36.4275
   -0.5838    0.6032    0.5434
   -0.2938    0.4671   -0.8340
   -0.7569   -0.6465   -0.0955
...    27 A-T ...
  -46.3334  -43.9750   36.3919
   -0.6402    0.7682    0.0030
    0.0888    0.0778   -0.9930
   -0.7631   -0.6355   -0.1180
...    28 G-C ...
  -48.9685  -45.9145   36.2969
   -0.4333    0.7693   -0.4694
    0.4027   -0.3007   -0.8645
   -0.8062   -0.5637   -0.1796
...    29 G-C ...
  -51.9278  -47.4557   35.9130
   -0.0617    0.5857   -0.8082
    0.5501   -0.6557   -0.5172
   -0.8328   -0.4764   -0.2817
...    30 C-G ...
  -54.8799  -48.4950   35.0121
    0.2995    0.2106   -0.9306
    0.4824   -0.8749   -0.0428
   -0.8232   -0.4361   -0.3636
...    31 C-G ...
  -57.6681  -49.4787   33.4130
    0.5979   -0.2064   -0.7746
    0.2212   -0.8863    0.4069
   -0.7705   -0.4146   -0.4842
...    32 G-C ...
  -59.8858  -51.1407   31.6120
    0.7171   -0.5844   -0.3798
   -0.1922   -0.6897    0.6982
   -0.6700   -0.4276   -0.6069
...    33 G-C ...
  -61.7170  -52.5553   29.1557
    0.5550   -0.8278    0.0820
   -0.5796   -0.3141    0.7519
   -0.5967   -0.4648   -0.6541
...    34 C-G ...
  -63.2977  -54.1674   26.7379
    0.1669   -0.8594    0.4832
   -0.8057    0.1636    0.5693
   -0.5683   -0.4844   -0.6651
...    35 C-G ...
  -64.9418  -56.0306   24.4673
   -0.2708   -0.6181    0.7379
   -0.7825    0.5879    0.2053
   -0.5607   -0.5218   -0.6429
...    36 C-G ...
  -66.6419  -58.0130   22.3441
   -0.6215   -0.1824    0.7619
   -0.5156    0.8275   -0.2224
   -0.5899   -0.5310   -0.6083
...    37 G-C ...
  -68.6921  -59.3380   20.1039
   -0.7479    0.3439    0.5677
   -0.0777    0.8041   -0.5894
   -0.6592   -0.4849   -0.5747
...    38 A-T ...
  -70.7676  -61.0281   18.2547
   -0.6307    0.7594    0.1597
    0.3757    0.4789   -0.7934
   -0.6790   -0.4404   -0.5874
...    39 C-G ...
  -73.3027  -62.5438   16.8532
   -0.3233    0.9194   -0.2237
    0.6441    0.0406   -0.7639
   -0.6932   -0.3911   -0.6054
...    40 A-T ...
  -75.6937  -63.6948   14.8434
    0.1717    0.8588   -0.4828
    0.6977   -0.4519   -0.5558
   -0.6955   -0.2414   -0.6768
...    41 C-G ...
  -78.2821  -63.9423   12.8927
    0.5386    0.5434   -0.6439
    0.5105   -0.8184   -0.2637
   -0.6703   -0.1867   -0.7182
...    42 G-C ...
  -80.1744  -64.5248   10.2502
    0.8257    0.0729   -0.5594
    0.1176   -0.9921    0.0443
   -0.5517   -0.1023   -0.8277
...    43 A-T ...
  -81.7841  -64.6932    7.4330
    0.7780   -0.4887   -0.3949
   -0.3868   -0.8678    0.3119
   -0.4951   -0.0899   -0.8642
...    44 C-G ...
  -82.9247  -64.5415    4.3405
    0.4903   -0.8561   -0.1636
   -0.7419   -0.5084    0.4371
   -0.4574   -0.0930   -0.8844
...    45 T-A ...
  -84.0269  -64.8470    1.2494
    0.0593   -0.9920    0.1112
   -0.9076   -0.0072    0.4197
   -0.4155   -0.1258   -0.9008
...    46 T-A ...
  -85.0226  -65.2618   -1.8236
   -0.4804   -0.8295    0.2848
   -0.7822    0.5521    0.2887
   -0.3967   -0.0841   -0.9141
...    47 A-T ...
  -86.5016  -65.1792   -4.8154
   -0.8696   -0.3265    0.3704
   -0.3221    0.9437    0.0755
   -0.3742   -0.0536   -0.9258
...    48 C-G ...
  -87.6895  -65.9519   -7.8064
   -0.9066    0.1996    0.3718
    0.1692    0.9791   -0.1129
   -0.3866   -0.0395   -0.9214
...    49 T-A ...
  -89.1884  -66.3038  -10.7178
   -0.6718    0.6660    0.3242
    0.6065    0.7459   -0.2753
   -0.4252    0.0117   -0.9050
...    50 G-C ...
  -90.6985  -66.0622  -13.6599
   -0.1897    0.9479    0.2559
    0.8675    0.2839   -0.4084
   -0.4598    0.1445   -0.8762
...    51 T-A ...
  -92.7267  -65.5218  -16.1600
    0.2901    0.9538    0.0779
    0.8487   -0.2188   -0.4814
   -0.4421    0.2058   -0.8730
...    52 A-T ...
  -94.4706  -64.2572  -18.7202
    0.7401    0.6723    0.0153
    0.5865   -0.6342   -0.5039
   -0.3290    0.3819   -0.8636
...    53 G-C ...
  -95.5649  -62.6132  -21.3380
    0.9599    0.2378   -0.1488
    0.1412   -0.8678   -0.4764
   -0.2424    0.4363   -0.8665
...    54 G-C ...
  -95.9872  -60.6882  -24.0759
    0.9166   -0.2821   -0.2833
   -0.3785   -0.8404   -0.3878
   -0.1287    0.4627   -0.8771
...    55 T-A ...
  -95.9570  -58.7293  -26.7195
    0.6067   -0.6781   -0.4147
   -0.7896   -0.5744   -0.2160
   -0.0918    0.4585   -0.8839
...    56 A-T ...
  -96.2802  -57.2853  -29.6817
    0.0462   -0.8940   -0.4456
   -0.9970   -0.0689    0.0349
   -0.0619    0.4427   -0.8945
...    57 T-A ...
  -95.7765  -55.9370  -32.6564
   -0.4572   -0.8006   -0.3874
   -0.8878    0.3850    0.2521
   -0.0527    0.4592   -0.8868
...    58 C-G ...
  -95.8717  -54.5395  -35.6109
   -0.8842   -0.4371   -0.1644
   -0.4632    0.7756    0.4289
   -0.0600    0.4554   -0.8883
...    59 T-A ...
  -96.1003  -53.3539  -38.6795
   -0.9934   -0.0035    0.1148
    0.0493    0.8897    0.4539
   -0.1038    0.4565   -0.8836
...    60 T-A ...
  -96.4881  -52.1445  -41.6635
   -0.8025    0.4863    0.3457
    0.5893    0.7367    0.3316
   -0.0934    0.4698   -0.8778
...    61 C-G ...
  -96.9072  -50.6598  -44.5269
   -0.3266    0.7889    0.5206
    0.9391    0.3332    0.0842
   -0.1070    0.5164   -0.8496
...    62 A-T ...
  -97.3223  -48.8355  -47.2716
    0.2303    0.7617    0.6057
    0.9677   -0.1135   -0.2251
   -0.1027    0.6379   -0.7632
...    63 T-A ...
  -98.2253  -46.5490  -49.4183
    0.6698    0.5905    0.4501
    0.7377   -0.4606   -0.4935
   -0.0841    0.6626   -0.7442
...    64 G-C ...
  -98.2586  -44.1156  -51.6886
    0.9587    0.1605    0.2350
    0.2807   -0.6685   -0.6887
    0.0466    0.7262   -0.6859
...    65 T-A ...
  -98.0403  -41.3322  -53.3976
    0.9683   -0.2263   -0.1053
   -0.2297   -0.6431   -0.7305
    0.0976    0.7316   -0.6747
...    66 T-A ...
  -97.5516  -38.7863  -55.3376
    0.6870   -0.5443   -0.4815
   -0.7175   -0.4029   -0.5682
    0.1153    0.7358   -0.6674
...    67 A-T ...
  -97.0902  -36.4152  -57.5954
    0.1604   -0.7087   -0.6871
   -0.9747   -0.0037   -0.2237
    0.1559    0.7055   -0.6913
...    68 T-A ...
  -95.8859  -34.2496  -59.7737
   -0.3411   -0.6076   -0.7173
   -0.9257    0.3496    0.1441
    0.1632    0.7132   -0.6817
...    69 A-T ...
  -95.5153  -31.7688  -61.9473
   -0.8192   -0.2870   -0.4964
   -0.5497    0.6395    0.5374
    0.1632    0.7132   -0.6817
...    70 A-T ...
  -94.8764  -29.6845  -64.3567
   -0.9830    0.1310   -0.1290
   -0.0057    0.6795    0.7337
    0.1838    0.7219   -0.6671
...    71 C-G ...
  -94.4857  -27.7099  -66.9681
   -0.8570    0.4351    0.2762
    0.4891    0.5176    0.7021
    0.1625    0.7367   -0.6563
...    72 G-C ...
  -93.7768  -25.1094  -68.8783
   -0.4882    0.5375    0.6875
    0.8674    0.2120    0.4502
    0.0962    0.8162   -0.5697
...    73 G-C ...
  -93.8922  -22.3411  -70.7859
    0.0123    0.4764    0.8791
    0.9964   -0.0795    0.0291
    0.0838    0.8756   -0.4757
...    74 A-T ...
  -93.7480  -19.4491  -72.2362
    0.5546    0.2932    0.7787
    0.8247   -0.3182   -0.4676
    0.1107    0.9015   -0.4183
...    75 C-G ...
  -93.7615  -16.2887  -73.0774
    0.8818    0.0507    0.4689
    0.4478   -0.4019   -0.7987
    0.1480    0.9143   -0.3771
...    76 G-C ...
  -92.9227  -13.3813  -74.3945
    0.9559   -0.2918    0.0346
   -0.0609   -0.3121   -0.9481
    0.2875    0.9041   -0.3161
...    77 A-T ...
  -91.8324  -10.4456  -75.2752
    0.7439   -0.4531   -0.4912
   -0.5781   -0.0677   -0.8131
    0.3352    0.8889   -0.3123
...    78 G-C ...
  -90.4159   -7.5816  -76.0745
    0.3351   -0.4720   -0.8155
   -0.8628    0.1939   -0.4668
    0.3785    0.8600   -0.3423
...    79 C-G ...
  -88.7619   -4.9582  -77.1862
   -0.1849   -0.3240   -0.9278
   -0.9007    0.4336    0.0280
    0.3932    0.8408   -0.3720
...    80 T-A ...
  -87.2198   -2.4144  -78.6077
   -0.6307   -0.0893   -0.7709
   -0.6742    0.5549    0.4874
    0.3843    0.8271   -0.4102
...    81 C-G ...
  -85.9394    0.2124  -80.0677
   -0.9091    0.2317   -0.3461
   -0.1911    0.5063    0.8409
    0.3700    0.8306   -0.4160
...    82 G-C ...
  -84.7641    3.1317  -81.0764
   -0.9031    0.3792    0.2013
    0.3271    0.3042    0.8947
    0.2781    0.8739   -0.3987
...    83 G-C ...
  -84.0783    6.0074  -82.6823
   -0.6265    0.3998    0.6690
    0.7478    0.0663    0.6606
    0.2198    0.9142   -0.3405
...    84 G-C ...
  -83.7421    9.1138  -83.9331
   -0.1775    0.2801    0.9434
    0.9649   -0.1391    0.2228
    0.1937    0.9498   -0.2456
...    85 A-T ...
  -83.2543   12.2252  -84.6912
    0.3728    0.0947    0.9231
    0.9032   -0.2650   -0.3376
    0.2126    0.9596   -0.1843
...    86 T-A ...
  -83.0919   15.4846  -84.8593
    0.7538   -0.0730    0.6530
    0.6149   -0.2717   -0.7403
    0.2315    0.9596   -0.1600
...    87 C-G ...
  -82.2691   18.6016  -85.1545
    0.9518   -0.2705    0.1444
    0.1035   -0.1599   -0.9817
    0.2886    0.9494   -0.1242
...    88 C-G ...
  -81.0085   21.7163  -85.1423
    0.8372   -0.4081   -0.3641
   -0.3809    0.0427   -0.9236
    0.3925    0.9119   -0.1197
...    89 G-C ...
  -79.6285   24.6125  -85.9284
    0.4607   -0.4223   -0.7806
   -0.7337    0.3138   -0.6027
    0.4995    0.8504   -0.1653
...    90 C-G ...
  -77.5802   27.1391  -86.4317
   -0.0135   -0.2210   -0.9752
   -0.8503    0.5157   -0.1051
    0.5261    0.8278   -0.1949
...    91 T-A ...
  -75.5754   29.6232  -87.2535
   -0.4615    0.0442   -0.8861
   -0.7100    0.5805    0.3987
    0.5319    0.8131   -0.2365
...    92 T-A ...
  -73.6121   32.0465  -88.1824
   -0.7597    0.3903   -0.5201
   -0.3367    0.4483    0.8281
    0.5564    0.8042   -0.2091
...    93 T-A ...
  -71.7153   34.5049  -89.1490
   -0.8044    0.5936    0.0239
    0.1326    0.1401    0.9812
    0.5791    0.7924   -0.1914
...    94 A-T ...
  -69.8430   37.1625  -89.7607
   -0.6274    0.5205    0.5792
    0.5557   -0.2218    0.8012
    0.5455    0.8246   -0.1501
...    95 A-T ...
  -68.3053   39.9390  -90.3908
   -0.2380    0.2982    0.9244
    0.8000   -0.4794    0.3606
    0.5507    0.8254   -0.1245
...    96 C-G ...
  -67.0711   42.9373  -90.7891
    0.1559   -0.0270    0.9874
    0.8150   -0.5613   -0.1441
    0.5581    0.8272   -0.0655
...    97 A-T ...
  -65.2656   45.7405  -90.8016
    0.4594   -0.4443    0.7691
    0.6424   -0.4319   -0.6331
    0.6135    0.7849    0.0870
...    98 C-G ...
  -63.5933   48.3961  -89.9242
    0.6764   -0.6471    0.3519
    0.3512   -0.1366   -0.9263
    0.6474    0.7501    0.1349
...    99 T-A ...
  -61.4320   50.6914  -89.0344
    0.7031   -0.6920   -0.1637
    0.0096    0.2394   -0.9709
    0.7110    0.6810    0.1750
...   100 T-A ...
  -59.0686   52.7268  -88.1764
    0.5891   -0.4561   -0.6670
   -0.3569    0.5937   -0.7212
    0.7249    0.6630    0.1870
...   101 T-A ...
  -56.5599   54.6194  -87.3685
    0.3088   -0.0401   -0.9503
   -0.6118    0.7566   -0.2307
    0.7282    0.6527    0.2091
...   102 A-T ...
  -54.3104   56.9639  -86.6762
   -0.1003    0.4261   -0.8991
   -0.6684    0.6405    0.3781
    0.7370    0.6388    0.2206
...   103 T-A ...
  -51.4830   58.6522  -86.3604
   -0.4016    0.7041   -0.5855
   -0.5351    0.3384    0.7740
    0.7432    0.6242    0.2409
...   104 G-C ...
  -49.1951   60.8361  -85.4513
   -0.6832    0.7258   -0.0804
   -0.2253   -0.1047    0.9686
    0.6946    0.6799    0.2351
...   105 C-G ...
  -46.8925   63.1578  -85.0698
   -0.7316    0.5297    0.4292
    0.1579   -0.4809    0.8625
    0.6632    0.6987    0.2682
...   106 T-A ...
  -44.9400   65.7061  -84.3561
   -0.6085    0.1686    0.7754
    0.4943   -0.6839    0.5366
    0.6208    0.7098    0.3328
...   107 T-A ...
  -43.1348   68.1859  -83.3528
   -0.2807   -0.2532    0.9258
    0.7384   -0.6732    0.0398
    0.6131    0.6948    0.3759
...   108 C-G ...
  -41.2852   70.4666  -82.0057
    0.1178   -0.6362    0.7625
    0.7810   -0.4148   -0.4668
    0.6133    0.6505    0.4480
...   109 C-G ...
  -39.5429   72.5802  -80.0617
    0.4093   -0.8371    0.3629
    0.6428   -0.0177   -0.7658
    0.6475    0.5468    0.5309
...   110 G-C ...
  -37.1198   74.0492  -78.3726
    0.5780   -0.7991   -0.1657
    0.4002    0.4545   -0.7958
    0.7112    0.3936    0.5825
...   111 G-C ...
  -34.6429   74.7881  -76.2164
    0.6376   -0.4825   -0.6005
    0.0996    0.8246   -0.5568
    0.7639    0.2952    0.5739
...   112 C-G ...
  -31.9871   75.2548  -74.3208
    0.5730    0.0213   -0.8193
   -0.2197    0.9671   -0.1286
    0.7896    0.2537    0.5588
...   113 T-A ...
  -29.1976   75.7515  -72.6268
    0.3647    0.5110   -0.7784
   -0.4545    0.8273    0.3301
    0.8127    0.2334    0.5340
...   114 C-G ...
  -26.4443   76.4536  -70.9902
    0.0414    0.8999   -0.4340
   -0.5810    0.3751    0.7223
    0.8128    0.2222    0.5384
...   115 G-C ...
  -24.0612   77.2088  -68.8224
   -0.3393    0.9407   -0.0017
   -0.5207   -0.1862    0.8332
    0.7835    0.2836    0.5530
...   116 T-A ...
  -21.2503   78.3819  -67.5077
   -0.5743    0.7101    0.4074
   -0.2957   -0.6440    0.7056
    0.7634    0.2848    0.5798
...   117 A-T ...
  -18.7725   79.5282  -65.6388
   -0.7269    0.2250    0.6489
    0.0501   -0.9249    0.3768
    0.6849    0.3064    0.6611
...   118 T-A ...
  -16.7719   81.1398  -63.6270
   -0.6398   -0.2577    0.7240
    0.3879   -0.9216    0.0148
    0.6635    0.2903    0.6896
...   119 A-T ...
  -15.1896   82.5413  -61.0063
   -0.5347   -0.7061    0.4643
    0.6637   -0.6910   -0.2864
    0.5231    0.1551    0.8381
...   120 A-T ...
  -13.7952   83.0506  -58.1563
   -0.1462   -0.9718    0.1852
    0.8590   -0.2176   -0.4634
    0.4907    0.0913    0.8666
...   121 T-A ...
  -12.8452   83.2554  -55.0509
    0.2598   -0.9612   -0.0927
    0.8364    0.2720   -0.4759
    0.4826    0.0461    0.8746
...   122 G-C ...
  -11.1162   83.0171  -52.2359
    0.5999   -0.6700   -0.4373
    0.6097    0.7367   -0.2924
    0.5181   -0.0912    0.8504
...   123 T-A ...
   -9.6929   82.1048  -49.4141
    0.8151   -0.2078   -0.5407
    0.2433    0.9699   -0.0059
    0.5257   -0.1268    0.8412
...   124 G-C ...
   -7.7550   81.8967  -46.7629
    0.7849    0.3783   -0.4908
   -0.2288    0.9130    0.3377
    0.5758   -0.1528    0.8032
...   125 T-A ...
   -5.6167   80.8858  -44.4120
    0.5626    0.7916   -0.2384
   -0.5981    0.5888    0.5437
    0.5707   -0.1633    0.8047
...   126 C-G ...
   -3.6537   80.2889  -41.8529
    0.1146    0.9850    0.1290
   -0.8216    0.0210    0.5697
    0.5585   -0.1713    0.8116
...   127 G-C ...
   -2.2183   79.5136  -38.9774
   -0.3973    0.8515    0.3422
   -0.7705   -0.5121    0.3797
    0.4986   -0.1128    0.8595
...   128 A-T ...
   -0.4704   79.1213  -36.2686
   -0.7852    0.4242    0.4511
   -0.4294   -0.8979    0.0969
    0.4462   -0.1176    0.8872
...   129 C-G ...
    1.0316   79.3475  -33.3872
   -0.9213   -0.0636    0.3837
    0.0082   -0.9895   -0.1444
    0.3889   -0.1299    0.9121
...   130 C-G ...
    2.1331   79.3300  -30.2076
   -0.8443   -0.5213    0.1238
    0.4666   -0.8290   -0.3083
    0.2634   -0.2025    0.9432
...   131 A-T ...
    2.6670   78.6592  -26.9778
   -0.5331   -0.8164   -0.2221
    0.8380   -0.4733   -0.2716
    0.1166   -0.3309    0.9364
...   132 A-T ...
    2.6930   77.5345  -23.9651
   -0.0204   -0.9212   -0.3886
    0.9968    0.0113   -0.0790
    0.0772   -0.3889    0.9180
...   133 A-T ...
    2.6282   76.0921  -21.0790
    0.5131   -0.7616   -0.3959
    0.8563    0.4858    0.1752
    0.0589   -0.4289    0.9014
...   134 T-A ...
    2.3076   74.2307  -18.3902
    0.8657   -0.4293   -0.2574
    0.4984    0.7868    0.3641
    0.0462   -0.4435    0.8951
...   135 G-C ...
    1.4354   72.0970  -15.6049
    0.9809    0.0621    0.1843
   -0.1263    0.9241    0.3607
   -0.1479   -0.3771    0.9143
...   136 T-A ...
    0.5279   69.2393  -13.4688
    0.7351    0.4963    0.4618
   -0.6117    0.7792    0.1365
   -0.2921   -0.3828    0.8764
...   137 G-C ...
   -0.1659   67.4105  -10.8094
    0.1800    0.8794    0.4408
   -0.9276    0.3008   -0.2214
   -0.3274   -0.3691    0.8698
...   138 A-T ...
   -0.1321   66.2180   -7.8216
   -0.3749    0.8570    0.3536
   -0.8857   -0.2184   -0.4098
   -0.2739   -0.4668    0.8409
...   139 G-C ...
   -1.0069   65.6075   -4.9424
   -0.8336    0.5218    0.1811
   -0.5170   -0.6220   -0.5881
   -0.1942   -0.5839    0.7883
...   140 C-G ...
   -0.6974   63.9003   -2.2527
   -0.9992    0.0157   -0.0376
    0.0023   -0.8993   -0.4374
   -0.0406   -0.4371    0.8985
...   141 G-C ...
   -3.4382   60.2385    1.0284
   -0.4425    0.2285   -0.8672
    0.1683   -0.9287   -0.3306
   -0.8808   -0.2922    0.3725
...   142 C-G ...
   -6.3288   59.0834    1.6294
   -0.2970   -0.3280   -0.8968
    0.5656   -0.8171    0.1115
   -0.7693   -0.4741    0.4282
...   143 T-A ...
   -8.6768   58.7243    3.6025
   -0.0347   -0.7817   -0.6227
    0.6533   -0.4893    0.5778
   -0.7563   -0.3868    0.5276
...   144 C-G ...
  -11.6544   58.0114    4.7194
    0.2451   -0.9542   -0.1716
    0.6322    0.0231    0.7745
   -0.7350   -0.2983    0.6089
...   145 A-T ...
  -14.1760   56.5668    6.1807
    0.5795   -0.7268    0.3687
    0.3139    0.6165    0.7220
   -0.7521   -0.3027    0.5855
...   146 C-G ...
  -16.4651   53.8949    7.5154
    0.5336   -0.3331    0.7774
   -0.0346    0.9098    0.4136
   -0.8450   -0.2476    0.4739
...   147 A-T ...
  -19.0172   52.0374    8.9261
    0.2452    0.2907    0.9249
   -0.3073    0.9281   -0.2103
   -0.9195   -0.2327    0.3169
