  147 base-pairs
...     1 A-T ...
    0.0000    0.0000    0.0000
    1.0000    0.0000    0.0000
    0.0000    1.0000    0.0000
    0.0000    0.0000    1.0000
...     2 G-C ...
   -0.1404   -1.2353    3.2259
    0.7530    0.6366    0.1668
   -0.6385    0.7681   -0.0490
   -0.1593   -0.0696    0.9848
...     3 T-A ...
   -0.0377   -3.2918    6.3749
    0.2722    0.9302    0.2464
   -0.9238    0.3243   -0.2034
   -0.2691   -0.1722    0.9476
...     4 G-C ...
   -0.3520   -4.1638    9.4928
   -0.3756    0.9250    0.0576
   -0.8780   -0.3352   -0.3416
   -0.2967   -0.1788    0.9381
...     5 A-T ...
   -0.4480   -4.1448   12.7498
   -0.8116    0.5839   -0.0166
   -0.5522   -0.7762   -0.3042
   -0.1905   -0.2377    0.9525
...     6 G-C ...
   -1.5926   -4.1701   15.6201
   -0.9976    0.0246   -0.0651
   -0.0043   -0.9555   -0.2950
   -0.0694   -0.2940    0.9533
...     7 C-G ...
   -1.1050   -4.4793   18.7363
   -0.8442   -0.5302   -0.0787
    0.5343   -0.8442   -0.0430
   -0.0437   -0.0784    0.9960
...     8 G-C ...
   -2.4044   -7.7255   23.1483
   -0.2753   -0.3294   -0.9032
    0.6650   -0.7437    0.0686
   -0.6943   -0.5817    0.4238
...     9 C-G ...
   -4.4706   -9.9691   24.1142
    0.1145   -0.7026   -0.7023
    0.8512   -0.2951    0.4341
   -0.5123   -0.6475    0.5642
...    10 T-A ...
   -6.7420  -10.8705   25.9717
    0.4841   -0.8363   -0.2573
    0.6594    0.1554    0.7356
   -0.5752   -0.5257    0.6267
...    11 C-G ...
   -9.1682  -12.6167   27.1662
    0.7073   -0.6683    0.2306
    0.3450    0.6110    0.7125
   -0.6170   -0.4243    0.6627
...    12 A-T ...
  -10.9253  -14.6583   29.0713
    0.7515   -0.1377    0.6452
   -0.2027    0.8824    0.4245
   -0.6278   -0.4498    0.6352
...    13 C-G ...
  -11.8495  -17.4796   31.2472
    0.4294    0.2824    0.8578
   -0.5708    0.8209    0.0155
   -0.6998   -0.4963    0.5137
...    14 A-T ...
  -13.5915  -19.7756   33.4284
   -0.1503    0.6106    0.7775
   -0.6874    0.5007   -0.5261
   -0.7106   -0.6135    0.3445
...    15 A-T ...
  -15.6825  -21.8643   34.7656
   -0.5074    0.7783    0.3699
   -0.4781    0.1029   -0.8723
   -0.7169   -0.6194    0.3199
...    16 T-A ...
  -17.7710  -23.7686   36.4257
   -0.6633    0.7414   -0.1016
   -0.1649   -0.2772   -0.9465
   -0.7300   -0.6111    0.3061
...    17 T-A ...
  -20.1400  -25.5840   37.6471
   -0.6148    0.5118   -0.6001
    0.2169   -0.6218   -0.7526
   -0.7583   -0.5928    0.2713
...    18 T-A ...
  -22.7110  -27.2557   38.6197
   -0.3601    0.1511   -0.9206
    0.5017   -0.8006   -0.3276
   -0.7865   -0.5799    0.2125
...    19 A-T ...
  -25.8232  -28.4904   38.9949
    0.0986   -0.0869   -0.9913
    0.5604   -0.8183    0.1275
   -0.8223   -0.5681   -0.0320
...    20 T-A ...
  -28.7887  -29.7674   38.5717
    0.3838   -0.4428   -0.8103
    0.4293   -0.6914    0.5811
   -0.8176   -0.5709   -0.0752
...    21 T-A ...
  -31.4990  -31.4335   38.0250
    0.5726   -0.7290   -0.3752
    0.1357   -0.3671    0.9202
   -0.8086   -0.5778   -0.1113
...    22 C-G ...
  -33.9750  -33.4465   37.4368
    0.5708   -0.7951    0.2049
   -0.2414    0.0759    0.9674
   -0.7848   -0.6017   -0.1486
...    23 G-C ...
  -36.5231  -35.5314   37.3664
    0.4030   -0.5883    0.7011
   -0.5577    0.4495    0.6978
   -0.7256   -0.6722   -0.1470
...    24 C-G ...
  -38.6199  -38.0025   36.7471
    0.0560   -0.2494    0.9668
   -0.6966    0.6840    0.2168
   -0.7153   -0.6856   -0.1354
...    25 A-T ...
  -41.1265  -40.0697   36.2911
   -0.3011    0.2097    0.9303
   -0.6159    0.7021   -0.3575
   -0.7281   -0.6806   -0.0822
...    26 A-T ...
  -43.2981  -42.4856   36.1900
   -0.6097    0.5449    0.5757
   -0.3263    0.4894   -0.8087
   -0.7224   -0.6809   -0.1206
...    27 A-T ...
  -45.5884  -44.7728   36.0739
   -0.6838    0.7283    0.0443
    0.0761    0.1316   -0.9884
   -0.7257   -0.6725   -0.1454
...    28 G-C ...
  -48.0986  -46.8637   35.8972
   -0.4833    0.7645   -0.4265
    0.4142   -0.2295   -0.8808
   -0.7713   -0.6023   -0.2057
...    29 G-C ...
  -50.9488  -48.5827   35.4586
   -0.1042    0.6250   -0.7737
    0.5887   -0.5882   -0.5545
   -0.8016   -0.5133   -0.3066
...    30 C-G ...
  -53.8284  -49.7643   34.5181
    0.2805    0.2865   -0.9161
    0.5410   -0.8356   -0.0956
   -0.7929   -0.4688   -0.3894
...    31 C-G ...
  -56.5528  -50.8287   32.8673
    0.6099   -0.1106   -0.7847
    0.2866   -0.8924    0.3485
   -0.7388   -0.4375   -0.5126
...    32 G-C ...
  -58.6300  -52.5137   30.9340
    0.7625   -0.4963   -0.4151
   -0.1373   -0.7511    0.6458
   -0.6323   -0.4354   -0.6408
...    33 G-C ...
  -60.3072  -53.8952   28.3529
    0.6236   -0.7813    0.0256
   -0.5539   -0.4184    0.7198
   -0.5517   -0.4631   -0.6937
...    34 C-G ...
  -61.7159  -55.4611   25.8058
    0.2400   -0.8764    0.4174
   -0.8207    0.0465    0.5695
   -0.5185   -0.4793   -0.7081
...    35 C-G ...
  -63.1631  -57.2966   23.3844
   -0.2192   -0.6980    0.6817
   -0.8353    0.4953    0.2386
   -0.5042   -0.5172   -0.6917
...    36 C-G ...
  -64.6518  -59.2531   21.0866
   -0.6105   -0.3028    0.7318
   -0.5891    0.7913   -0.1640
   -0.5294   -0.5313   -0.6614
...    37 G-C ...
  -66.5294  -60.5611   18.6959
   -0.7870    0.2205    0.5761
   -0.1457    0.8411   -0.5209
   -0.5995   -0.4939   -0.6299
...    38 A-T ...
  -68.3852  -62.2812   16.6522
   -0.7057    0.6773    0.2078
    0.3414    0.5821   -0.7380
   -0.6208   -0.4499   -0.6420
...    39 C-G ...
  -70.7240  -63.9063   15.0510
   -0.4098    0.8998   -0.1498
    0.6520    0.1740   -0.7380
   -0.6380   -0.4001   -0.6579
...    40 A-T ...
  -72.9486  -65.1037   12.8852
    0.0931    0.9146   -0.3934
    0.7524   -0.3234   -0.5738
   -0.6521   -0.2426   -0.7183
...    41 C-G ...
  -75.4481  -65.4154   10.8408
    0.4938    0.6583   -0.5682
    0.5996   -0.7310   -0.3258
   -0.6298   -0.1798   -0.7557
...    42 G-C ...
  -77.2016  -65.8939    8.0900
    0.8286    0.2195   -0.5151
    0.2236   -0.9731   -0.0550
   -0.5133   -0.0696   -0.8554
...    43 A-T ...
  -78.6861  -65.9188    5.2046
    0.8405   -0.3543   -0.4100
   -0.2965   -0.9340    0.1992
   -0.4536   -0.0459   -0.8900
...    44 C-G ...
  -79.7248  -65.5470    2.0983
    0.5913   -0.7721   -0.2327
   -0.6929   -0.6341    0.3433
   -0.4126   -0.0418   -0.9099
...    45 T-A ...
  -80.6649  -65.6176   -1.0573
    0.1722   -0.9851    0.0029
   -0.9153   -0.1589    0.3701
   -0.3641   -0.0664   -0.9290
...    46 T-A ...
  -81.4798  -65.7793   -4.2069
   -0.3885   -0.9070    0.1627
   -0.8531    0.4207    0.3085
   -0.3482   -0.0190   -0.9372
...    47 A-T ...
  -82.8347  -65.4984   -7.2427
   -0.8391   -0.4667    0.2793
   -0.4359    0.8842    0.1679
   -0.3253    0.0191   -0.9454
...    48 C-G ...
  -83.7873  -66.0212  -10.3684
   -0.9396    0.0455    0.3393
    0.0538    0.9984    0.0153
   -0.3381    0.0326   -0.9405
...    49 T-A ...
  -85.0965  -66.1739  -13.3839
   -0.7630    0.5355    0.3622
    0.5215    0.8409   -0.1446
   -0.3820    0.0786   -0.9208
...    50 G-C ...
  -86.4920  -65.7409  -16.3578
   -0.3195    0.8756    0.3622
    0.8426    0.4374   -0.3141
   -0.4335    0.2048   -0.8776
...    51 T-A ...
  -88.4511  -65.1158  -18.8868
    0.1611    0.9621    0.2202
    0.8916   -0.0463   -0.4505
   -0.4232    0.2689   -0.8652
...    52 C-G ...
  -89.8802  -64.0458  -21.5760
    0.6547    0.7559    0.0081
    0.6492   -0.5567   -0.5183
   -0.3873    0.3445   -0.8552
...    53 A-T ...
  -91.0655  -62.6039  -24.3331
    0.9445    0.3038   -0.1252
    0.2027   -0.8385   -0.5059
   -0.2586    0.4524   -0.8535
...    54 T-A ...
  -91.8205  -60.5206  -26.7382
    0.9311   -0.1475   -0.3337
   -0.2814   -0.8724   -0.3996
   -0.2322    0.4660   -0.8538
...    55 G-C ...
  -92.2924  -59.1012  -29.6862
    0.6532   -0.6390   -0.4062
   -0.7473   -0.6305   -0.2099
   -0.1220    0.4406   -0.8893
...    56 T-A ...
  -92.0930  -57.3940  -32.5086
    0.1892   -0.8754   -0.4448
   -0.9768   -0.2140    0.0057
   -0.1002    0.4334   -0.8956
...    57 T-A ...
  -92.0399  -55.9302  -35.4142
   -0.3905   -0.8283   -0.4018
   -0.9165    0.3089    0.2540
   -0.0863    0.4674   -0.8798
...    58 A-T ...
  -92.5091  -54.1781  -38.1997
   -0.8598   -0.4746   -0.1882
   -0.5047    0.7346    0.4534
   -0.0769    0.4849   -0.8712
...    59 T-A ...
  -92.5495  -53.1755  -41.3421
   -0.9977   -0.0437    0.0513
   -0.0123    0.8666    0.4989
   -0.0662    0.4971   -0.8652
...    60 A-T ...
  -92.8274  -51.5139  -44.1815
   -0.8315    0.4060    0.3791
    0.5419    0.7431    0.3927
   -0.1222    0.5319   -0.8379
...    61 A-T ...
  -93.4649  -49.9394  -46.9314
   -0.4045    0.7280    0.5535
    0.9061    0.4009    0.1349
   -0.1237    0.5562   -0.8218
...    62 C-G ...
  -94.4945  -48.2070  -49.4961
    0.1009    0.7965    0.5962
    0.9872   -0.0056   -0.1595
   -0.1237    0.6046   -0.7868
...    63 G-C ...
  -94.6420  -46.0443  -51.9822
    0.6060    0.5674    0.5575
    0.7937   -0.3839   -0.4719
   -0.0538    0.7285   -0.6830
...    64 G-C ...
  -94.8981  -43.2203  -53.8017
    0.9243    0.2075    0.3203
    0.3800   -0.5787   -0.7216
    0.0356    0.7887   -0.6138
...    65 A-T ...
  -94.6513  -40.5382  -55.6166
    0.9759   -0.1917   -0.1046
   -0.1971   -0.5668   -0.8000
    0.0941    0.8013   -0.5909
...    66 T-A ...
  -94.0278  -37.6128  -56.9738
    0.7552   -0.4477   -0.4787
   -0.6467   -0.3896   -0.6558
    0.1071    0.8048   -0.5837
...    67 A-T ...
  -93.6177  -34.9988  -58.9563
    0.2549   -0.6160   -0.7454
   -0.9559   -0.0445   -0.2902
    0.1456    0.7865   -0.6002
...    68 G-C ...
  -92.7764  -32.4681  -60.8982
   -0.2695   -0.5815   -0.7676
   -0.9510    0.2860    0.1172
    0.1514    0.7616   -0.6301
...    69 G-C ...
  -92.0163  -30.0971  -63.1562
   -0.7377   -0.3877   -0.5527
   -0.6647    0.5605    0.4940
    0.1182    0.7318   -0.6712
...    70 T-A ...
  -91.3466  -28.1063  -65.7190
   -0.9743   -0.0622   -0.2166
   -0.2012    0.6735    0.7113
    0.1016    0.7366   -0.6687
...    71 A-T ...
  -91.0498  -25.6195  -67.8752
   -0.9225    0.2907    0.2540
    0.3816    0.5875    0.7136
    0.0582    0.7552   -0.6529
...    72 T-A ...
  -91.2891  -23.5192  -70.3859
   -0.6200    0.5308    0.5778
    0.7825    0.3643    0.5049
    0.0575    0.7652   -0.6412
...    73 C-G ...
  -91.2508  -21.0236  -72.4618
   -0.0819    0.5946    0.7999
    0.9953    0.0077    0.0962
    0.0510    0.8040   -0.5924
...    74 T-A ...
  -91.4370  -18.2429  -74.1914
    0.4093    0.4424    0.7980
    0.9096   -0.2670   -0.3185
    0.0721    0.8562   -0.5117
...    75 C-G ...
  -91.2283  -15.3579  -75.6410
    0.8362    0.1609    0.5244
    0.5358   -0.4442   -0.7181
    0.1174    0.8814   -0.4576
...    76 G-C ...
  -90.4613  -12.5275  -77.1562
    0.9649   -0.2221    0.1401
    0.0398   -0.4034   -0.9141
    0.2596    0.8876   -0.3804
...    77 A-T ...
  -89.4515   -9.6285  -78.2297
    0.8087   -0.4489   -0.3803
   -0.4983   -0.1792   -0.8483
    0.3126    0.8754   -0.3686
...    78 G-C ...
  -88.1170   -6.7705  -79.1805
    0.4319   -0.5234   -0.7345
   -0.8252    0.0994   -0.5560
    0.3640    0.8463   -0.3890
...    79 C-G ...
  -86.4958   -4.1722  -80.4011
   -0.0827   -0.4146   -0.9063
   -0.9188    0.3838   -0.0918
    0.3859    0.8251   -0.4127
...    80 T-A ...
  -84.9439   -1.6801  -81.9060
   -0.5516   -0.1862   -0.8130
   -0.7399    0.5593    0.3739
    0.3851    0.8078   -0.4463
...    81 C-G ...
  -83.6380    0.8790  -83.4678
   -0.8808    0.1613   -0.4452
   -0.2880    0.5637    0.7742
    0.3758    0.8101   -0.4500
...    82 G-C ...
  -82.4581    3.7604  -84.5815
   -0.9293    0.3590    0.0864
    0.2315    0.3843    0.8937
    0.2876    0.8506   -0.4402
...    83 G-C ...
  -81.6788    6.5228  -86.3350
   -0.6975    0.4274    0.5752
    0.6796    0.1399    0.7201
    0.2273    0.8932   -0.3880
...    84 G-C ...
  -81.2835    9.5299  -87.7909
   -0.2734    0.3419    0.8991
    0.9419   -0.0945    0.3223
    0.1952    0.9350   -0.2963
...    85 A-T ...
  -80.7886   12.5881  -88.7307
    0.2787    0.1685    0.9455
    0.9371   -0.2634   -0.2293
    0.2104    0.9499   -0.2313
...    86 T-A ...
  -80.6703   15.8288  -89.1090
    0.6861   -0.0105    0.7275
    0.6905   -0.3055   -0.6556
    0.2291    0.9521   -0.2023
...    87 C-G ...
  -79.8701   18.9352  -89.5281
    0.9359   -0.2401    0.2577
    0.2057   -0.2211   -0.9533
    0.2858    0.9452   -0.1576
...    88 C-G ...
  -78.6462   22.0650  -89.5852
    0.8752   -0.4150   -0.2485
   -0.2831   -0.0228   -0.9588
    0.3922    0.9096   -0.1374
...    89 G-C ...
  -77.2007   24.9200  -90.4075
    0.5441   -0.4626   -0.7000
   -0.6680    0.2660   -0.6950
    0.5077    0.8457   -0.1643
...    90 C-G ...
  -75.1239   27.4365  -90.8528
    0.0916   -0.2785   -0.9560
   -0.8371    0.4984   -0.2254
    0.5393    0.8210   -0.1875
...    91 T-A ...
  -73.0532   29.8921  -91.5992
   -0.3645   -0.0103   -0.9311
   -0.7503    0.5955    0.2872
    0.5515    0.8033   -0.2248
...    92 T-A ...
  -71.0029   32.2751  -92.4455
   -0.6996    0.3579   -0.6184
   -0.4233    0.4897    0.7622
    0.5757    0.7950   -0.1911
...    93 T-A ...
  -69.0057   34.6861  -93.3299
   -0.7999    0.5930   -0.0922
    0.0278    0.1901    0.9814
    0.5994    0.7825   -0.1686
...    94 A-T ...
  -67.0425   37.3025  -93.8320
   -0.6768    0.5526    0.4863
    0.4681   -0.1867    0.8637
    0.5681    0.8122   -0.1323
...    95 A-T ...
  -65.4097   40.0314  -94.4290
   -0.3266    0.3438    0.8804
    0.7526   -0.4690    0.4622
    0.5718    0.8136   -0.1056
...    96 C-G ...
  -64.0982   42.9948  -94.8331
    0.0544    0.0170    0.9984
    0.8170   -0.5756   -0.0347
    0.5741    0.8176   -0.0452
...    97 A-T ...
  -62.2582   45.7770  -94.7807
    0.3709   -0.4150    0.8308
    0.6967   -0.4672   -0.5444
    0.6141    0.7807    0.1158
...    98 C-G ...
  -60.6397   48.4454  -93.8462
    0.6252   -0.6401    0.4466
    0.4420   -0.1814   -0.8785
    0.6433    0.7466    0.1695
...    99 T-A ...
  -58.5383   50.7450  -92.8304
    0.7027   -0.7088   -0.0619
    0.1139    0.1979   -0.9736
    0.7023    0.6771    0.2198
...   100 T-A ...
  -56.2345   52.7768  -91.8168
    0.6447   -0.4933   -0.5840
   -0.2689    0.5688   -0.7773
    0.7156    0.6581    0.2340
...   101 T-A ...
  -53.7823   54.6591  -90.8305
    0.4031   -0.0844   -0.9113
   -0.5688    0.7570   -0.3217
    0.7170    0.6480    0.2571
...   102 A-T ...
  -51.5719   56.9975  -89.9954
    0.0010    0.3941   -0.9191
   -0.6893    0.6661    0.2849
    0.7245    0.6332    0.2723
...   103 T-A ...
  -48.7537   58.6430  -89.4478
   -0.3244    0.6900   -0.6470
   -0.6031    0.3761    0.7034
    0.7287    0.6184    0.2942
...   104 G-C ...
  -46.5264   60.8114  -88.3669
   -0.6540    0.7368   -0.1713
   -0.3233   -0.0675    0.9439
    0.6839    0.6727    0.2823
...   105 C-G ...
  -44.2157   63.0943  -87.8239
   -0.7568    0.5593    0.3384
    0.0601   -0.4560    0.8880
    0.6509    0.6923    0.3114
...   106 T-A ...
  -42.2778   65.6187  -86.9920
   -0.6759    0.2069    0.7074
    0.4224   -0.6778    0.6018
    0.6039    0.7056    0.3707
...   107 T-A ...
  -40.5124   68.0858  -85.8896
   -0.3733   -0.2175    0.9018
    0.7135   -0.6886    0.1293
    0.5929    0.6917    0.4123
...   108 C-G ...
  -38.7364   70.3640  -84.4401
    0.0298   -0.6149    0.7880
    0.8098   -0.4474   -0.3797
    0.5860    0.6494    0.4846
...   109 C-G ...
  -37.1267   72.4975  -82.4032
    0.3519   -0.8351    0.4227
    0.7094   -0.0567   -0.7025
    0.6107    0.5471    0.5725
...   110 G-C ...
  -34.8333   73.9624  -80.5364
    0.5679   -0.8182   -0.0901
    0.4823    0.4195   -0.7691
    0.6670    0.3933    0.6328
...   111 G-C ...
  -32.5416   74.7033  -78.1830
    0.6736   -0.5174   -0.5278
    0.1717    0.8041   -0.5691
    0.7189    0.2927    0.6305
...   112 C-G ...
  -30.0508   75.1549  -76.0722
    0.6416   -0.0197   -0.7668
   -0.1793    0.9681   -0.1750
    0.7458    0.2498    0.6176
...   113 T-A ...
  -27.4040   75.6266  -74.1569
    0.4435    0.4761   -0.7594
   -0.4556    0.8494    0.2665
    0.7719    0.2278    0.5936
...   114 C-G ...
  -24.7759   76.3077  -72.3185
    0.1037    0.8843   -0.4552
   -0.6264    0.4136    0.6607
    0.7726    0.2167    0.5968
...   115 G-C ...
  -22.5562   77.0764  -69.9858
   -0.3091    0.9494   -0.0551
   -0.5893   -0.1457    0.7947
    0.7465    0.2781    0.6045
...   116 T-A ...
  -19.8203   78.2095  -68.4868
   -0.5813    0.7379    0.3429
   -0.3676   -0.6141    0.6984
    0.7259    0.2799    0.6282
...   117 A-T ...
  -17.4570   79.2923  -66.4420
   -0.7596    0.2605    0.5960
   -0.0022   -0.9173    0.3981
    0.6504    0.3011    0.6974
...   118 T-A ...
  -15.5377   80.8902  -64.3382
   -0.6898   -0.2237    0.6886
    0.3587   -0.9317    0.0566
    0.6289    0.2860    0.7229
...   119 A-T ...
  -14.0422   82.2692  -61.6634
   -0.5731   -0.6843    0.4508
    0.6612   -0.7111   -0.2389
    0.4841    0.1612    0.8600
...   120 A-T ...
  -12.7757   82.8100  -58.7586
   -0.1751   -0.9645    0.1976
    0.8751   -0.2444   -0.4177
    0.4512    0.0998    0.8868
...   121 T-A ...
  -11.9663   83.0608  -55.6164
    0.2442   -0.9678   -0.0616
    0.8626    0.2458   -0.4422
    0.4431    0.0548    0.8948
...   122 G-C ...
  -10.3783   82.8462  -52.7146
    0.6036   -0.6905   -0.3986
    0.6367    0.7184   -0.2801
    0.4798   -0.0847    0.8733
...   123 T-A ...
   -9.0936   81.9602  -49.8205
    0.8313   -0.2344   -0.5041
    0.2635    0.9646   -0.0140
    0.4895   -0.1212    0.8636
...   124 G-C ...
   -7.2583   81.7522  -47.0941
    0.8090    0.3529   -0.4700
   -0.2212    0.9237    0.3128
    0.5446   -0.1491    0.8254
...   125 T-A ...
   -5.2206   80.7450  -44.6566
    0.5857    0.7759   -0.2344
   -0.6031    0.6104    0.5135
    0.5415   -0.1594    0.8254
...   126 C-G ...
   -3.3463   80.1685  -42.0271
    0.1297    0.9848    0.1156
   -0.8371    0.0462    0.5451
    0.5314   -0.1675    0.8304
...   127 G-C ...
   -2.0121   79.4316  -39.0911
   -0.3907    0.8627    0.3210
   -0.7877   -0.4938    0.3685
    0.4764   -0.1089    0.8724
...   128 A-T ...
   -0.3336   79.0499  -36.3331
   -0.7877    0.4401    0.4312
   -0.4439   -0.8907    0.0981
    0.4272   -0.1142    0.8969
...   129 C-G ...
    1.1202   79.2841  -33.4212
   -0.9278   -0.0497    0.3697
   -0.0010   -0.9907   -0.1357
    0.3730   -0.1263    0.9192
...   130 C-G ...
    2.1864   79.2750  -30.2275
   -0.8499   -0.5137    0.1176
    0.4635   -0.8348   -0.2971
    0.2508   -0.1980    0.9476
...   131 A-T ...
    2.7021   78.6183  -26.9925
   -0.5342   -0.8159   -0.2211
    0.8384   -0.4778   -0.2624
    0.1084   -0.3256    0.9393
...   132 A-T ...
    2.7082   77.5135  -23.9720
   -0.0198   -0.9231   -0.3839
    0.9973    0.0092   -0.0735
    0.0714   -0.3843    0.9204
...   133 A-T ...
    2.6325   76.0864  -21.0795
    0.5136   -0.7629   -0.3927
    0.8562    0.4855    0.1767
    0.0558   -0.4270    0.9025
...   134 T-A ...
    2.3075   74.2308  -18.3901
    0.8657   -0.4293   -0.2574
    0.4984    0.7868    0.3641
    0.0462   -0.4435    0.8951
...   135 G-C ...
    1.4354   72.0970  -15.6048
    0.9809    0.0621    0.1843
   -0.1263    0.9241    0.3607
   -0.1479   -0.3771    0.9143
...   136 T-A ...
    0.5279   69.2393  -13.4687
    0.7351    0.4963    0.4618
   -0.6117    0.7792    0.1365
   -0.2921   -0.3828    0.8764
...   137 G-C ...
   -0.1659   67.4106  -10.8093
    0.1800    0.8794    0.4408
   -0.9276    0.3008   -0.2214
   -0.3274   -0.3691    0.8698
...   138 A-T ...
   -0.1321   66.2180   -7.8215
   -0.3749    0.8570    0.3536
   -0.8857   -0.2184   -0.4098
   -0.2739   -0.4668    0.8409
...   139 G-C ...
   -1.0069   65.6075   -4.9423
   -0.8336    0.5218    0.1811
   -0.5170   -0.6220   -0.5881
   -0.1942   -0.5839    0.7883
...   140 C-G ...
   -0.6975   63.9004   -2.2527
   -0.9992    0.0157   -0.0376
    0.0023   -0.8993   -0.4374
   -0.0406   -0.4371    0.8985
...   141 G-C ...
   -3.4383   60.2385    1.0285
   -0.4425    0.2285   -0.8672
    0.1683   -0.9287   -0.3306
   -0.8808   -0.2922    0.3725
...   142 C-G ...
   -6.3289   59.0834    1.6295
   -0.2970   -0.3280   -0.8968
    0.5656   -0.8171    0.1115
   -0.7693   -0.4741    0.4282
...   143 T-A ...
   -8.6769   58.7243    3.6025
   -0.0347   -0.7817   -0.6227
    0.6533   -0.4893    0.5778
   -0.7563   -0.3868    0.5276
...   144 C-G ...
  -11.6545   58.0114    4.7194
    0.2451   -0.9542   -0.1716
    0.6322    0.0231    0.7745
   -0.7350   -0.2983    0.6089
...   145 A-T ...
  -14.1760   56.5669    6.1808
    0.5795   -0.7268    0.3687
    0.3139    0.6165    0.7220
   -0.7521   -0.3027    0.5855
...   146 C-G ...
  -16.4651   53.8949    7.5154
    0.5336   -0.3331    0.7774
   -0.0346    0.9098    0.4136
   -0.8450   -0.2476    0.4739
...   147 A-T ...
  -19.0173   52.0374    8.9261
    0.2452    0.2907    0.9249
   -0.3073    0.9281   -0.2103
   -0.9195   -0.2327    0.3169
