  147 base-pairs
...     1 A-T ...
    0.0000    0.0000    0.0000
    1.0000    0.0000    0.0000
    0.0000    1.0000    0.0000
    0.0000    0.0000    1.0000
...     2 G-C ...
   -0.1404   -1.2353    3.2259
    0.7530    0.6366    0.1668
   -0.6385    0.7681   -0.0490
   -0.1593   -0.0696    0.9848
...     3 T-A ...
   -0.0377   -3.2918    6.3749
    0.2722    0.9302    0.2464
   -0.9238    0.3243   -0.2034
   -0.2691   -0.1722    0.9476
...     4 G-C ...
   -0.3520   -4.1638    9.4928
   -0.3756    0.9250    0.0576
   -0.8780   -0.3352   -0.3416
   -0.2967   -0.1788    0.9381
...     5 A-T ...
   -0.4480   -4.1448   12.7498
   -0.8116    0.5839   -0.0166
   -0.5522   -0.7762   -0.3042
   -0.1905   -0.2377    0.9525
...     6 G-C ...
   -1.5926   -4.1701   15.6201
   -0.9976    0.0246   -0.0651
   -0.0043   -0.9555   -0.2950
   -0.0694   -0.2940    0.9533
...     7 C-G ...
   -1.1050   -4.4793   18.7363
   -0.8442   -0.5302   -0.0787
    0.5343   -0.8442   -0.0430
   -0.0437   -0.0784    0.9960
...     8 G-C ...
   -2.4044   -7.7255   23.1483
   -0.2753   -0.3294   -0.9032
    0.6650   -0.7437    0.0686
   -0.6943   -0.5817    0.4238
...     9 C-G ...
   -4.4706   -9.9691   24.1142
    0.1145   -0.7026   -0.7023
    0.8512   -0.2951    0.4341
   -0.5123   -0.6475    0.5642
...    10 T-A ...
   -6.7420  -10.8705   25.9717
    0.4841   -0.8363   -0.2573
    0.6594    0.1554    0.7356
   -0.5752   -0.5257    0.6267
...    11 C-G ...
   -9.1682  -12.6167   27.1662
    0.7073   -0.6683    0.2306
    0.3450    0.6110    0.7125
   -0.6170   -0.4243    0.6627
...    12 A-T ...
  -10.9253  -14.6583   29.0713
    0.7515   -0.1377    0.6452
   -0.2027    0.8824    0.4245
   -0.6278   -0.4498    0.6352
...    13 C-G ...
  -11.8495  -17.4796   31.2472
    0.4294    0.2824    0.8578
   -0.5708    0.8209    0.0155
   -0.6998   -0.4963    0.5137
...    14 A-T ...
  -13.5915  -19.7756   33.4284
   -0.1503    0.6106    0.7775
   -0.6874    0.5007   -0.5261
   -0.7106   -0.6135    0.3445
...    15 A-T ...
  -15.7674  -21.8959   34.5278
   -0.4928    0.7977    0.3475
   -0.4621    0.0985   -0.8813
   -0.7373   -0.5950    0.3201
...    16 T-A ...
  -17.9224  -23.8253   36.2851
   -0.6852    0.7112   -0.1571
   -0.1169   -0.3203   -0.9401
   -0.7189   -0.6257    0.3026
...    17 T-A ...
  -20.2857  -25.6942   37.6266
   -0.6391    0.3843   -0.6662
    0.3128   -0.6614   -0.6816
   -0.7026   -0.6440    0.3025
...    18 T-A ...
  -22.6616  -27.6016   38.5882
   -0.3138    0.0340   -0.9489
    0.5915   -0.7747   -0.2234
   -0.7427   -0.6314    0.2230
...    19 A-T ...
  -25.1865  -29.5481   38.9340
    0.1378   -0.1760   -0.9747
    0.6353   -0.7393    0.2233
   -0.7599   -0.6500    0.0099
...    20 T-A ...
  -28.0632  -31.1211   38.6119
    0.4478   -0.4983   -0.7424
    0.4752   -0.5707    0.6697
   -0.7574   -0.6527   -0.0187
...    21 T-A ...
  -30.6413  -33.1127   38.2262
    0.6461   -0.7177   -0.2599
    0.1334   -0.2291    0.9642
   -0.7515   -0.6576   -0.0522
...    22 C-G ...
  -33.0086  -35.3433   37.9245
    0.6283   -0.7036    0.3321
   -0.2765    0.1970    0.9406
   -0.7272   -0.6828   -0.0708
...    23 G-C ...
  -35.3368  -37.6954   38.4203
    0.4460   -0.4056    0.7978
   -0.6278    0.4935    0.6019
   -0.6379   -0.7693   -0.0345
...    24 C-G ...
  -37.1237  -40.4164   38.1803
    0.0862   -0.0520    0.9949
   -0.7691    0.6314    0.0996
   -0.6333   -0.7737    0.0144
...    25 A-T ...
  -39.5637  -42.6193   38.0173
   -0.3485    0.3360    0.8751
   -0.6725    0.5607   -0.4831
   -0.6529   -0.7568    0.0306
...    26 A-T ...
  -41.5737  -45.2037   38.2972
   -0.6766    0.5758    0.4590
   -0.3533    0.2932   -0.8884
   -0.6461   -0.7632    0.0050
...    27 A-T ...
  -43.5479  -47.7699   38.6524
   -0.7684    0.6271   -0.1276
    0.1161   -0.0594   -0.9915
   -0.6294   -0.7766   -0.0271
...    28 G-C ...
  -45.9043  -50.1437   38.9862
   -0.5471    0.5664   -0.6163
    0.4849   -0.3858   -0.7849
   -0.6823   -0.7283   -0.0635
...    29 G-C ...
  -48.6291  -52.2722   38.8726
   -0.1153    0.3701   -0.9218
    0.6945   -0.6335   -0.3412
   -0.7102   -0.6795   -0.1840
...    30 C-G ...
  -51.3124  -53.9941   38.1527
    0.3277    0.0516   -0.9434
    0.6328   -0.7535    0.1786
   -0.7016   -0.6554   -0.2795
...    31 C-G ...
  -53.8120  -55.8538   37.0170
    0.6873   -0.2819   -0.6694
    0.3314   -0.6984    0.6343
   -0.6464   -0.6578   -0.3866
...    32 G-C ...
  -55.3997  -58.0811   35.7021
    0.8336   -0.5021   -0.2302
   -0.0910   -0.5359    0.8394
   -0.5448   -0.6788   -0.4924
...    33 G-C ...
  -56.5331  -60.5650   33.6969
    0.6800   -0.6803    0.2734
   -0.5635   -0.2464    0.7885
   -0.4690   -0.6903   -0.5509
...    34 C-G ...
  -57.6002  -62.9752   31.7640
    0.2721   -0.6943    0.6663
   -0.8622    0.1315    0.4892
   -0.4272   -0.7076   -0.5628
...    35 C-G ...
  -58.7396  -65.6471   30.0026
   -0.2646   -0.5105    0.8182
   -0.8803    0.4742    0.0112
   -0.3937   -0.7173   -0.5748
...    36 C-G ...
  -59.8739  -68.2389   28.1912
   -0.6916   -0.1580    0.7048
   -0.6016    0.6661   -0.4410
   -0.3998   -0.7290   -0.5557
...    37 G-C ...
  -61.4031  -69.8964   25.5370
   -0.8839    0.2835    0.3720
   -0.0947    0.6704   -0.7359
   -0.4580   -0.6857   -0.5657
...    38 A-T ...
  -62.5946  -72.1392   23.7128
   -0.7722    0.6271   -0.1018
    0.4486    0.4247   -0.7863
   -0.4499   -0.6529   -0.6093
...    39 C-G ...
  -64.4624  -74.1207   22.0523
   -0.4108    0.8010   -0.4354
    0.7777    0.0586   -0.6259
   -0.4758   -0.5957   -0.6470
...    40 A-T ...
  -66.2294  -75.9342   19.9254
    0.1284    0.7928   -0.5958
    0.8675   -0.3809   -0.3199
   -0.4806   -0.4758   -0.7367
...    41 C-G ...
  -68.0525  -76.8983   17.4368
    0.5787    0.5516   -0.6007
    0.6867   -0.7269   -0.0059
   -0.4398   -0.4091   -0.7995
...    42 G-C ...
  -69.0924  -78.4623   14.6873
    0.9069    0.1058   -0.4077
    0.2247   -0.9402    0.2558
   -0.3563   -0.3237   -0.8765
...    43 A-T ...
  -70.1742  -79.4025   11.8625
    0.8740   -0.4516   -0.1793
   -0.3430   -0.8348    0.4307
   -0.3442   -0.3149   -0.8845
...    44 C-G ...
  -70.8958  -79.8815    8.6668
    0.5863   -0.8030    0.1064
   -0.7563   -0.4956    0.4270
   -0.2902   -0.3309   -0.8979
...    45 T-A ...
  -71.1158  -80.9600    5.1843
    0.0769   -0.9486    0.3069
   -0.9594    0.0134    0.2818
   -0.2714   -0.3161   -0.9091
...    46 T-A ...
  -71.4204  -81.8710    2.0314
   -0.4185   -0.8364    0.3540
   -0.8707    0.4803    0.1054
   -0.2582   -0.2641   -0.9293
...    47 A-T ...
  -72.4593  -82.4455   -1.1071
   -0.8722   -0.3661    0.3244
   -0.4221    0.8984   -0.1210
   -0.2472   -0.2425   -0.9381
...    48 C-G ...
  -73.1188  -83.8643   -4.0521
   -0.9621    0.1584    0.2222
    0.0982    0.9607   -0.2598
   -0.2546   -0.2281   -0.9398
...    49 T-A ...
  -74.2391  -84.9538   -7.0264
   -0.7466    0.6523    0.1307
    0.5841    0.7368   -0.3405
   -0.3184   -0.1780   -0.9311
...    50 G-C ...
  -75.5308  -85.2646  -10.1308
   -0.2646    0.9616    0.0734
    0.8941    0.2731   -0.3549
   -0.3613   -0.0283   -0.9320
...    51 T-A ...
  -77.2084  -85.3075  -12.8490
    0.2025    0.9793   -0.0081
    0.9159   -0.1923   -0.3525
   -0.3467    0.0640   -0.9358
...    52 A-T ...
  -79.0496  -84.0065  -15.4853
    0.6658    0.7382    0.1088
    0.7159   -0.5909   -0.3719
   -0.2102    0.3255   -0.9219
...    53 G-C ...
  -80.0454  -82.6290  -18.2184
    0.9393    0.3411    0.0366
    0.3242   -0.8478   -0.4197
   -0.1122    0.4060   -0.9069
...    54 G-C ...
  -80.3638  -80.2391  -21.0115
    0.9796   -0.1723   -0.1032
   -0.2000   -0.8837   -0.4232
   -0.0182    0.4352   -0.9001
...    55 T-A ...
  -79.9829  -78.4483  -23.7244
    0.7494   -0.5951   -0.2902
   -0.6620   -0.6648   -0.3462
    0.0131    0.4516   -0.8921
...    56 A-T ...
  -79.3249  -76.7318  -26.5894
    0.2542   -0.8801   -0.4010
   -0.9648   -0.2020   -0.1683
    0.0671    0.4297   -0.9005
...    57 T-A ...
  -78.3327  -75.2376  -29.3807
   -0.2525   -0.8505   -0.4614
   -0.9649    0.2566    0.0550
    0.0716    0.4591   -0.8855
...    58 C-G ...
  -77.8422  -73.9074  -32.4286
   -0.7799   -0.5196   -0.3489
   -0.6221    0.7051    0.3404
    0.0691    0.4825   -0.8732
...    59 T-A ...
  -77.6049  -72.6134  -35.4903
   -0.9902   -0.1128   -0.0823
   -0.1384    0.8704    0.4726
    0.0184    0.4793   -0.8774
...    60 C-G ...
  -77.5887  -71.0203  -38.4109
   -0.8976    0.3745    0.2325
    0.4405    0.7796    0.4452
   -0.0145    0.5021   -0.8647
...    61 G-C ...
  -77.5319  -68.9559  -40.9234
   -0.5751    0.5833    0.5736
    0.8074    0.5178    0.2829
   -0.1319    0.6258   -0.7687
...    62 A-T ...
  -77.7835  -66.9476  -43.4562
   -0.0391    0.7074    0.7057
    0.9932    0.1051   -0.0504
   -0.1098    0.6989   -0.7067
...    63 G-C ...
  -78.5089  -64.4126  -45.4582
    0.4617    0.6053    0.6485
    0.8826   -0.2400   -0.4043
   -0.0891    0.7590   -0.6450
...    64 C-G ...
  -79.1220  -61.5779  -47.1922
    0.8773    0.3216    0.3562
    0.4777   -0.5140   -0.7125
   -0.0461    0.7952   -0.6046
...    65 T-A ...
  -79.3807  -58.7295  -48.8344
    0.9996   -0.0263   -0.0080
   -0.0217   -0.5768   -0.8166
    0.0169    0.8165   -0.5772
...    66 C-G ...
  -78.9841  -56.1949  -50.8111
    0.8208   -0.3749   -0.4310
   -0.5634   -0.4066   -0.7193
    0.0944    0.8332   -0.5449
...    67 G-C ...
  -79.0124  -53.8476  -53.2185
    0.3839   -0.5830   -0.7161
   -0.9085   -0.1000   -0.4056
    0.1649    0.8063   -0.5681
...    68 G-C ...
  -78.2109  -51.1962  -55.0731
   -0.1614   -0.5860   -0.7941
   -0.9743    0.2228    0.0336
    0.1572    0.7791   -0.6069
...    69 G-C ...
  -77.4698  -48.7534  -57.2288
   -0.6631   -0.4480   -0.5996
   -0.7389    0.5199    0.4287
    0.1197    0.7273   -0.6758
...    70 A-T ...
  -76.8764  -46.5000  -59.5929
   -0.9701   -0.0636   -0.2343
   -0.2136    0.6825    0.6990
    0.1154    0.7281   -0.6756
...    71 T-A ...
  -76.5594  -44.5559  -62.2468
   -0.9465    0.2780    0.1641
    0.3072    0.6189    0.7230
    0.0994    0.7347   -0.6711
...    72 C-G ...
  -76.4383  -42.2203  -64.5672
   -0.6005    0.5624    0.5685
    0.7947    0.3406    0.5025
    0.0889    0.7535   -0.6514
...    73 C-G ...
  -76.2513  -39.8706  -66.8534
   -0.1379    0.5468    0.8258
    0.9874    0.0109    0.1577
    0.0773    0.8372   -0.5414
...    74 G-C ...
  -75.5749  -37.0522  -68.3880
    0.3649    0.3289    0.8710
    0.9250   -0.2343   -0.2991
    0.1057    0.9148   -0.3897
...    75 C-G ...
  -75.6094  -33.7378  -69.3526
    0.8162    0.1122    0.5668
    0.5641   -0.3668   -0.7397
    0.1249    0.9235   -0.3627
...    76 T-A ...
  -75.0637  -30.3971  -69.9915
    0.9874   -0.1354    0.0820
    0.0351   -0.3180   -0.9474
    0.1543    0.9384   -0.3093
...    77 T-A ...
  -74.4353  -27.2621  -70.5793
    0.8392   -0.2777   -0.4676
   -0.5240   -0.1824   -0.8320
    0.1457    0.9432   -0.2986
...    78 T-A ...
  -73.7626  -24.1824  -71.3056
    0.4133   -0.3309   -0.8483
   -0.8984    0.0035   -0.4391
    0.1483    0.9437   -0.2958
...    79 A-T ...
  -73.6816  -21.0678  -72.3326
   -0.1615   -0.2586   -0.9524
   -0.9750    0.1908    0.1135
    0.1523    0.9470   -0.2829
...    80 A-T ...
  -73.0161  -18.1146  -73.2919
   -0.6556   -0.1277   -0.7442
   -0.7419    0.2927    0.6033
    0.1408    0.9476   -0.2867
...    81 C-G ...
  -72.2327  -15.2320  -74.7820
   -0.9434    0.0313   -0.3302
   -0.3037    0.3191    0.8977
    0.1335    0.9472   -0.2916
...    82 A-T ...
  -71.9088  -12.1394  -75.8785
   -0.9648    0.1191    0.2344
    0.2580    0.2583    0.9310
    0.0503    0.9587   -0.2800
...    83 C-G ...
  -72.2165   -9.1168  -77.3223
   -0.7094    0.2033    0.6749
    0.7042    0.1642    0.6907
    0.0296    0.9653   -0.2596
...    84 T-A ...
  -72.8673   -5.7299  -78.3928
   -0.2281    0.2128    0.9501
    0.9733    0.0250    0.2280
    0.0248    0.9768   -0.2128
...    85 T-A ...
  -73.2217   -2.5662  -79.0071
    0.3480    0.1857    0.9189
    0.9369   -0.1035   -0.3339
    0.0332    0.9771   -0.2100
...    86 T-A ...
  -73.3471    0.6270  -79.5888
    0.8125    0.0662    0.5792
    0.5805   -0.1840   -0.7932
    0.0540    0.9807   -0.1879
...    87 C-G ...
  -72.8573    3.7426  -80.2590
    0.9911   -0.1176    0.0621
    0.0440   -0.1513   -0.9875
    0.1255    0.9815   -0.1448
...    88 A-T ...
  -72.3525    7.1422  -80.0099
    0.8615   -0.2956   -0.4128
   -0.4244    0.0268   -0.9051
    0.2786    0.9549   -0.1024
...    89 T-A ...
  -71.0970   10.1184  -79.9756
    0.5426   -0.2895   -0.7886
   -0.7780    0.1809   -0.6017
    0.3168    0.9399   -0.1270
...    90 G-C ...
  -69.6784   13.1855  -80.4190
   -0.0079   -0.2063   -0.9785
   -0.9402    0.3348   -0.0630
    0.3406    0.9194   -0.1966
...    91 T-A ...
  -67.9580   15.9489  -81.1824
   -0.4914   -0.0073   -0.8709
   -0.8008    0.3970    0.4485
    0.3425    0.9178   -0.2009
...    92 T-A ...
  -66.7440   18.7796  -81.9956
   -0.8410    0.2167   -0.4957
   -0.4081    0.3473    0.8443
    0.3551    0.9124   -0.2036
...    93 A-T ...
  -65.6625   21.9046  -82.4697
   -0.9348    0.3468    0.0772
    0.1372    0.1520    0.9788
    0.3277    0.9255   -0.1897
...    94 T-A ...
  -64.8772   24.7745  -83.7294
   -0.7488    0.3917    0.5346
    0.5633   -0.0488    0.8248
    0.3492    0.9188   -0.1841
...    95 A-T ...
  -63.7502   27.8387  -84.2242
   -0.3620    0.2252    0.9046
    0.8809   -0.2349    0.4110
    0.3050    0.9456   -0.1133
...    96 A-T ...
  -62.9857   30.8744  -84.5664
    0.1203    0.0193    0.9926
    0.9407   -0.3218   -0.1078
    0.3173    0.9466   -0.0568
...    97 C-G ...
  -62.5981   34.2401  -84.3881
    0.5718   -0.1925    0.7975
    0.7446   -0.2864   -0.6030
    0.3445    0.9386   -0.0204
...    98 G-C ...
  -60.9370   37.0204  -84.3712
    0.7710   -0.4975    0.3975
    0.3999   -0.1074   -0.9102
    0.4956    0.8608    0.1161
...    99 G-C ...
  -58.8720   39.4533  -83.6013
    0.7998   -0.5876   -0.1228
    0.0116    0.2196   -0.9755
    0.6002    0.7788    0.1825
...   100 A-T ...
  -56.8343   41.8886  -82.7553
    0.6487   -0.3738   -0.6629
   -0.4309    0.5376   -0.7248
    0.6273    0.7558    0.1877
...   101 T-A ...
  -54.3806   43.8385  -81.7462
    0.3679   -0.0602   -0.9279
   -0.6821    0.6607   -0.3133
    0.6319    0.7482    0.2020
...   102 A-T ...
  -51.9401   46.1564  -81.0402
   -0.1103    0.3644   -0.9247
   -0.7642    0.5637    0.3133
    0.6354    0.7413    0.2163
...   103 T-A ...
  -49.3805   48.1895  -80.7628
   -0.4595    0.5718   -0.6797
   -0.6246    0.3360    0.7049
    0.6314    0.7485    0.2028
...   104 G-C ...
  -47.2868   50.7384  -80.4003
   -0.7975    0.5882   -0.1343
   -0.2016   -0.0499    0.9782
    0.5686    0.8072    0.1584
...   105 C-G ...
  -45.7258   53.5895  -80.2121
   -0.8121    0.4286    0.3960
    0.2387   -0.3752    0.8957
    0.5324    0.8219    0.2024
...   106 T-A ...
  -44.1932   56.6190  -79.8317
   -0.5742    0.1173    0.8103
    0.6479   -0.5399    0.5373
    0.5005    0.8335    0.2340
...   107 T-A ...
  -42.7817   59.3925  -79.1296
   -0.1744   -0.2463    0.9534
    0.8566   -0.5155    0.0235
    0.4857    0.8207    0.3008
...   108 C-G ...
  -41.4418   62.1007  -77.9183
    0.2528   -0.5661    0.7846
    0.8287   -0.2918   -0.4775
    0.4993    0.7709    0.3954
...   109 C-G ...
  -40.0206   64.7234  -76.5689
    0.5428   -0.7459    0.3860
    0.6044    0.0278   -0.7962
    0.5832    0.6654    0.4660
...   110 G-C ...
  -37.9962   66.5196  -75.2120
    0.6780   -0.7274   -0.1053
    0.3149    0.4169   -0.8527
    0.6642    0.5450    0.5117
...   111 G-C ...
  -35.4137   67.6809  -73.4110
    0.6958   -0.4331   -0.5729
   -0.0341    0.7769   -0.6287
    0.7174    0.4570    0.5259
...   112 C-G ...
  -32.6969   68.5449  -71.6313
    0.5520    0.0360   -0.8331
   -0.3717    0.9049   -0.2072
    0.7464    0.4240    0.5129
...   113 T-A ...
  -30.1337   69.7047  -69.9611
    0.2871    0.5000   -0.8171
   -0.5791    0.7701    0.2678
    0.7631    0.3963    0.5106
...   114 C-G ...
  -27.7289   71.2268  -68.3567
   -0.0990    0.8528   -0.5128
   -0.6188    0.3508    0.7029
    0.7793    0.3869    0.4929
...   115 G-C ...
  -25.4782   72.5215  -66.3588
   -0.4583    0.8879   -0.0395
   -0.4696   -0.2042    0.8590
    0.7546    0.4122    0.5105
...   116 T-A ...
  -23.0155   74.3014  -65.1034
   -0.6638    0.6380    0.3904
   -0.1745   -0.6396    0.7486
    0.7273    0.4288    0.5359
...   117 A-T ...
  -20.6474   76.3009  -63.6089
   -0.7215    0.1441    0.6773
    0.2152   -0.8831    0.4170
    0.6582    0.4466    0.6061
...   118 T-A ...
  -18.8710   78.3329  -61.8676
   -0.5443   -0.2994    0.7837
    0.5191   -0.8541    0.0342
    0.6590    0.4254    0.6202
...   119 A-T ...
  -16.9497   79.6654  -59.6514
   -0.3699   -0.7283    0.5768
    0.7353   -0.6090   -0.2974
    0.5679    0.3141    0.7608
...   120 A-T ...
  -15.4163   80.6460  -56.9912
    0.0152   -0.9694    0.2449
    0.8378   -0.1213   -0.5324
    0.5458    0.2132    0.8103
...   121 T-A ...
  -14.1935   81.2081  -53.9778
    0.4061   -0.9107   -0.0753
    0.7374    0.3752   -0.5617
    0.5398    0.1725    0.8239
...   122 G-C ...
  -12.4272   81.3082  -51.0497
    0.6743   -0.5740   -0.4646
    0.4375    0.8174   -0.3749
    0.5950    0.0495    0.8022
...   123 T-A ...
  -10.5055   80.8215  -48.4926
    0.7997   -0.1219   -0.5879
    0.0979    0.9925   -0.0727
    0.5923    0.0006    0.8057
...   124 G-C ...
   -8.4185   80.6815  -45.9703
    0.7003    0.4579   -0.5477
   -0.3351    0.8883    0.3141
    0.6303   -0.0364    0.7755
...   125 T-A ...
   -6.1561   80.0772  -43.7083
    0.4303    0.8461   -0.3146
   -0.6386    0.5316    0.5564
    0.6380   -0.0385    0.7691
...   126 C-G ...
   -4.0794   79.9560  -41.3348
   -0.0041    0.9965    0.0836
   -0.7686   -0.0567    0.6372
    0.6397   -0.0616    0.7661
...   127 G-C ...
   -2.5285   79.5873  -38.5388
   -0.4383    0.8391    0.3222
   -0.6914   -0.5438    0.4757
    0.5744   -0.0143    0.8185
...   128 A-T ...
   -0.5871   79.3438  -36.1084
   -0.7620    0.3870    0.5192
   -0.3546   -0.9202    0.1656
    0.5419   -0.0579    0.8385
...   129 C-G ...
    1.1960   79.8664  -33.3957
   -0.8673   -0.1330    0.4797
    0.0771   -0.9879   -0.1345
    0.4918   -0.0797    0.8671
...   130 C-G ...
    2.1982   80.1030  -30.1324
   -0.8007   -0.5625    0.2060
    0.4864   -0.8113   -0.3244
    0.3496   -0.1596    0.9232
...   131 A-T ...
    2.6153   78.9725  -27.0037
   -0.5944   -0.7693   -0.2341
    0.7924   -0.5110   -0.3330
    0.1366   -0.3834    0.9134
...   132 A-T ...
    2.7789   77.6362  -24.0415
   -0.0923   -0.8956   -0.4351
    0.9917   -0.0435   -0.1207
    0.0891   -0.4427    0.8922
...   133 A-T ...
    2.6410   76.1186  -21.1163
    0.5024   -0.7677   -0.3978
    0.8621    0.4800    0.1625
    0.0662   -0.4246    0.9029
...   134 T-A ...
    2.3075   74.2307  -18.3901
    0.8657   -0.4293   -0.2574
    0.4984    0.7868    0.3641
    0.0462   -0.4435    0.8951
...   135 G-C ...
    1.4354   72.0969  -15.6049
    0.9809    0.0621    0.1843
   -0.1263    0.9241    0.3607
   -0.1479   -0.3771    0.9143
...   136 T-A ...
    0.5279   69.2392  -13.4687
    0.7351    0.4963    0.4618
   -0.6117    0.7792    0.1365
   -0.2921   -0.3828    0.8764
...   137 G-C ...
   -0.1659   67.4105  -10.8094
    0.1800    0.8794    0.4408
   -0.9276    0.3008   -0.2214
   -0.3274   -0.3691    0.8698
...   138 A-T ...
   -0.1322   66.2179   -7.8215
   -0.3749    0.8570    0.3536
   -0.8857   -0.2184   -0.4098
   -0.2739   -0.4668    0.8409
...   139 G-C ...
   -1.0069   65.6074   -4.9423
   -0.8336    0.5218    0.1811
   -0.5170   -0.6220   -0.5881
   -0.1942   -0.5839    0.7883
...   140 C-G ...
   -0.6975   63.9003   -2.2527
   -0.9992    0.0157   -0.0376
    0.0023   -0.8993   -0.4374
   -0.0406   -0.4371    0.8985
...   141 G-C ...
   -3.4383   60.2384    1.0285
   -0.4425    0.2285   -0.8672
    0.1683   -0.9287   -0.3306
   -0.8808   -0.2922    0.3725
...   142 C-G ...
   -6.3289   59.0833    1.6294
   -0.2970   -0.3280   -0.8968
    0.5656   -0.8171    0.1115
   -0.7693   -0.4741    0.4282
...   143 T-A ...
   -8.6769   58.7242    3.6025
   -0.0347   -0.7817   -0.6227
    0.6533   -0.4893    0.5778
   -0.7563   -0.3868    0.5276
...   144 C-G ...
  -11.6545   58.0113    4.7194
    0.2451   -0.9542   -0.1716
    0.6322    0.0231    0.7745
   -0.7350   -0.2983    0.6089
...   145 A-T ...
  -14.1761   56.5668    6.1808
    0.5795   -0.7268    0.3687
    0.3139    0.6165    0.7220
   -0.7521   -0.3027    0.5855
...   146 C-G ...
  -16.4652   53.8948    7.5154
    0.5336   -0.3331    0.7774
   -0.0346    0.9098    0.4136
   -0.8450   -0.2476    0.4739
...   147 A-T ...
  -19.0173   52.0373    8.9261
    0.2452    0.2907    0.9249
   -0.3073    0.9281   -0.2103
   -0.9195   -0.2327    0.3169
