  147 base-pairs
...     1 A-T ...
    0.0000    0.0000    0.0000
    1.0000    0.0000    0.0000
    0.0000    1.0000    0.0000
    0.0000    0.0000    1.0000
...     2 G-C ...
   -0.1404   -1.2353    3.2259
    0.7530    0.6366    0.1668
   -0.6385    0.7681   -0.0490
   -0.1593   -0.0696    0.9848
...     3 T-A ...
   -0.0377   -3.2918    6.3749
    0.2722    0.9302    0.2464
   -0.9238    0.3243   -0.2034
   -0.2691   -0.1722    0.9476
...     4 G-C ...
   -0.3520   -4.1638    9.4928
   -0.3756    0.9250    0.0576
   -0.8780   -0.3352   -0.3416
   -0.2967   -0.1788    0.9381
...     5 A-T ...
   -0.4480   -4.1448   12.7498
   -0.8116    0.5839   -0.0166
   -0.5522   -0.7762   -0.3042
   -0.1905   -0.2377    0.9525
...     6 G-C ...
   -1.5926   -4.1701   15.6201
   -0.9976    0.0246   -0.0651
   -0.0043   -0.9555   -0.2950
   -0.0694   -0.2940    0.9533
...     7 C-G ...
   -1.1050   -4.4793   18.7363
   -0.8442   -0.5302   -0.0787
    0.5343   -0.8442   -0.0430
   -0.0437   -0.0784    0.9960
...     8 G-C ...
   -2.4044   -7.7255   23.1483
   -0.2753   -0.3294   -0.9032
    0.6650   -0.7437    0.0686
   -0.6943   -0.5817    0.4238
...     9 C-G ...
   -4.4706   -9.9691   24.1142
    0.1145   -0.7026   -0.7023
    0.8512   -0.2951    0.4341
   -0.5123   -0.6475    0.5642
...    10 T-A ...
   -6.7420  -10.8705   25.9717
    0.4841   -0.8363   -0.2573
    0.6594    0.1554    0.7356
   -0.5752   -0.5257    0.6267
...    11 C-G ...
   -9.1682  -12.6167   27.1662
    0.7073   -0.6683    0.2306
    0.3450    0.6110    0.7125
   -0.6170   -0.4243    0.6627
...    12 A-T ...
  -10.9253  -14.6583   29.0713
    0.7515   -0.1377    0.6452
   -0.2027    0.8824    0.4245
   -0.6278   -0.4498    0.6352
...    13 C-G ...
  -11.8495  -17.4796   31.2472
    0.4294    0.2824    0.8578
   -0.5708    0.8209    0.0155
   -0.6998   -0.4963    0.5137
...    14 A-T ...
  -13.5915  -19.7756   33.4284
   -0.1503    0.6106    0.7775
   -0.6874    0.5007   -0.5261
   -0.7106   -0.6135    0.3445
...    15 A-T ...
  -15.6921  -21.8577   34.7564
   -0.5036    0.7821    0.3670
   -0.4766    0.1028   -0.8731
   -0.7206   -0.6146    0.3210
...    16 T-A ...
  -17.7969  -23.7381   36.4153
   -0.6551    0.7480   -0.1065
   -0.1657   -0.2798   -0.9457
   -0.7371   -0.6019    0.3072
...    17 T-A ...
  -20.1972  -25.5162   37.6231
   -0.6019    0.5200   -0.6060
    0.2096   -0.6294   -0.7483
   -0.7706   -0.5774    0.2699
...    18 T-A ...
  -22.8086  -27.1335   38.5746
   -0.3482    0.1544   -0.9246
    0.4858   -0.8138   -0.3189
   -0.8017   -0.5603    0.2084
...    19 A-T ...
  -25.9445  -28.3109   38.9127
    0.1064   -0.1028   -0.9890
    0.5362   -0.8317    0.1441
   -0.8374   -0.5456   -0.0334
...    20 T-A ...
  -28.9436  -29.5098   38.4738
    0.3782   -0.4684   -0.7985
    0.4014   -0.6942    0.5974
   -0.8341   -0.5465   -0.0746
...    21 T-A ...
  -31.7069  -31.0937   37.9267
    0.5468   -0.7599   -0.3516
    0.1113   -0.3502    0.9300
   -0.8298   -0.5477   -0.1069
...    22 C-G ...
  -34.2691  -33.0140   37.3607
    0.5289   -0.8155    0.2349
   -0.2494    0.1152    0.9615
   -0.8112   -0.5671   -0.1425
...    23 G-C ...
  -36.9481  -34.9371   37.3184
    0.3568   -0.5875    0.7263
   -0.5397    0.5049    0.6736
   -0.7625   -0.6324   -0.1370
...    24 C-G ...
  -39.1977  -37.2825   36.7251
    0.0247   -0.2178    0.9757
   -0.6530    0.7355    0.1807
   -0.7569   -0.6416   -0.1241
...    25 A-T ...
  -41.8377  -39.1858   36.2792
   -0.2991    0.2663    0.9163
   -0.5579    0.7302   -0.3943
   -0.7741   -0.6292   -0.0699
...    26 A-T ...
  -44.1856  -41.4290   36.2260
   -0.5715    0.6138    0.5447
   -0.2779    0.4798   -0.8322
   -0.7721   -0.6270   -0.1037
...    27 A-T ...
  -46.6548  -43.5197   36.1619
   -0.6188    0.7856    0.0067
    0.0947    0.0830   -0.9920
   -0.7798   -0.6132   -0.1258
...    28 G-C ...
  -49.3435  -45.3805   36.0423
   -0.4084    0.7863   -0.4636
    0.3965   -0.3046   -0.8660
   -0.8222   -0.5375   -0.1873
...    29 G-C ...
  -52.3509  -46.8168   35.6319
   -0.0404    0.5961   -0.8019
    0.5301   -0.6676   -0.5229
   -0.8470   -0.4462   -0.2890
...    30 C-G ...
  -55.3320  -47.7425   34.7056
    0.3089    0.2111   -0.9274
    0.4524   -0.8903   -0.0520
   -0.8366   -0.4035   -0.3705
...    31 C-G ...
  -58.1423  -48.6102   33.0784
    0.5916   -0.2185   -0.7761
    0.1878   -0.8988    0.3961
   -0.7841   -0.3801   -0.4907
...    32 G-C ...
  -60.4117  -50.1718   31.2507
    0.6935   -0.6077   -0.3870
   -0.2208   -0.6906    0.6888
   -0.6858   -0.3922   -0.6131
...    33 G-C ...
  -62.2988  -51.4787   28.7765
    0.5187   -0.8520    0.0706
   -0.5932   -0.2992    0.7474
   -0.6156   -0.4296   -0.6606
...    34 C-G ...
  -63.9526  -52.9828   26.3360
    0.1277   -0.8730    0.4707
   -0.7976    0.1917    0.5719
   -0.5895   -0.4484   -0.6719
...    35 C-G ...
  -65.6815  -54.7253   24.0322
   -0.2995   -0.6159    0.7286
   -0.7535    0.6212    0.2154
   -0.5853   -0.4845   -0.6502
...    36 C-G ...
  -67.4705  -56.5841   21.8700
   -0.6283   -0.1642    0.7605
   -0.4743    0.8557   -0.2071
   -0.6167   -0.4908   -0.6155
...    37 G-C ...
  -69.5823  -57.7690   19.6084
   -0.7265    0.3715    0.5781
   -0.0382    0.8181   -0.5738
   -0.6861   -0.4389   -0.5802
...    38 A-T ...
  -71.7512  -59.3106   17.7397
   -0.5881    0.7885    0.1801
    0.3957    0.4747   -0.7862
   -0.7054   -0.3910   -0.5912
...    39 C-G ...
  -74.3727  -60.6552   16.3291
   -0.2741    0.9406   -0.2002
    0.6394    0.0227   -0.7686
   -0.7184   -0.3387   -0.6076
...    40 A-T ...
  -76.8481  -61.6164   14.3201
    0.2152    0.8599   -0.4628
    0.6659   -0.4759   -0.5745
   -0.7143   -0.1846   -0.6751
...    41 C-G ...
  -79.4642  -61.6635   12.3919
    0.5622    0.5289   -0.6358
    0.4601   -0.8388   -0.2911
   -0.6873   -0.1289   -0.7149
...    42 G-C ...
  -81.4060  -62.0609    9.7505
    0.8214    0.0397   -0.5690
    0.0587   -0.9982    0.0151
   -0.5674   -0.0458   -0.8222
...    43 A-T ...
  -83.0588  -62.0514    6.9513
    0.7404   -0.5236   -0.4215
   -0.4349   -0.8513    0.2936
   -0.5125   -0.0341   -0.8580
...    44 C-G ...
  -84.2369  -61.7380    3.8821
    0.4323   -0.8798   -0.1976
   -0.7653   -0.4739    0.4356
   -0.4769   -0.0371   -0.8782
...    45 T-A ...
  -85.4117  -61.8759    0.8044
   -0.0034   -0.9968    0.0794
   -0.8983    0.0380    0.4378
   -0.4394   -0.0699   -0.8956
...    46 T-A ...
  -86.4888  -62.1225   -2.2598
   -0.5289   -0.8051    0.2683
   -0.7380    0.5925    0.3229
   -0.4190   -0.0272   -0.9076
...    47 A-T ...
  -88.0130  -61.8448   -5.2162
   -0.8807   -0.2817    0.3808
   -0.2575    0.9595    0.1143
   -0.3975    0.0026   -0.9176
...    48 C-G ...
  -89.3148  -62.4337   -8.1992
   -0.8822    0.2449    0.4022
    0.2307    0.9694   -0.0843
   -0.4105    0.0184   -0.9117
...    49 T-A ...
  -90.9058  -62.5826  -11.0780
   -0.6175    0.6958    0.3669
    0.6470    0.7146   -0.2662
   -0.4474    0.0730   -0.8913
...    50 G-C ...
  -92.4866  -62.1304  -13.9593
   -0.1193    0.9471    0.2979
    0.8722    0.2433   -0.4243
   -0.4744    0.2092   -0.8551
...    51 T-A ...
  -94.5463  -61.3554  -16.3684
    0.3548    0.9289    0.1060
    0.8175   -0.2532   -0.5173
   -0.4537    0.2702   -0.8492
...    52 A-T ...
  -96.2756  -59.8710  -18.8178
    0.7834    0.6213    0.0163
    0.5263   -0.6492   -0.5492
   -0.3306    0.4388   -0.8356
...    53 G-C ...
  -97.3433  -58.0482  -21.3277
    0.9678    0.1806   -0.1751
    0.0658   -0.8537   -0.5166
   -0.2428    0.4884   -0.8381
...    54 G-C ...
  -97.7305  -55.9845  -23.9694
    0.8839   -0.3290   -0.3322
   -0.4491   -0.7954   -0.4071
   -0.1303    0.5090   -0.8508
...    55 T-A ...
  -97.6723  -53.9117  -26.5286
    0.5417   -0.6970   -0.4699
   -0.8351   -0.5100   -0.2061
   -0.0960    0.5041   -0.8583
...    56 A-T ...
  -98.0555  -52.3085  -29.4037
   -0.0395   -0.8698   -0.4917
   -0.9967   -0.0009    0.0816
   -0.0714    0.4933   -0.8669
...    57 T-A ...
  -97.5962  -50.8382  -32.3284
   -0.5322   -0.7441   -0.4040
   -0.8444    0.4318    0.3171
   -0.0615    0.5098   -0.8581
...    58 C-G ...
  -97.7267  -49.2689  -35.1948
   -0.9206   -0.3647   -0.1394
   -0.3839    0.7805    0.4934
   -0.0711    0.5077   -0.8586
...    59 T-A ...
  -98.0237  -47.8973  -38.1788
   -0.9838    0.0575    0.1700
    0.1360    0.8566    0.4976
   -0.1170    0.5127   -0.8506
...    60 C-G ...
  -98.4613  -46.3144  -40.9948
   -0.7277    0.5120    0.4563
    0.6713    0.6680    0.3212
   -0.1404    0.5401   -0.8298
...    61 G-C ...
  -98.7064  -44.3053  -43.6059
   -0.2450    0.6994    0.6714
    0.9525    0.3030    0.0319
   -0.1812    0.6473   -0.7404
...    62 A-T ...
  -99.4219  -42.1897  -45.9500
    0.3355    0.7037    0.6264
    0.9276   -0.1306   -0.3501
   -0.1646    0.6984   -0.6965
...    63 G-C ...
 -100.1935  -39.7046  -47.9455
    0.7595    0.4783    0.4409
    0.6424   -0.4449   -0.6240
   -0.1023    0.7571   -0.6452
...    64 C-G ...
 -100.5909  -36.9134  -49.6079
    0.9870    0.1269    0.0986
    0.1558   -0.6046   -0.7811
   -0.0395    0.7863   -0.6165
...    65 T-A ...
 -100.5006  -34.0913  -51.2848
    0.9347   -0.2480   -0.2546
   -0.3523   -0.5509   -0.7566
    0.0474    0.7969   -0.6023
...    66 C-G ...
 -100.0925  -31.4920  -53.1950
    0.5720   -0.5413   -0.6163
   -0.8148   -0.2889   -0.5026
    0.0940    0.7896   -0.6063
...    67 G-C ...
  -99.9808  -29.0986  -55.4731
    0.0340   -0.6788   -0.7335
   -0.9875    0.0904   -0.1295
    0.1542    0.7287   -0.6672
...    68 G-C ...
  -99.1374  -26.8465  -57.8258
   -0.5005   -0.5716   -0.6503
   -0.8527    0.4552    0.2562
    0.1496    0.6827   -0.7152
...    69 G-C ...
  -98.4591  -24.7901  -60.3982
   -0.8833   -0.2841   -0.3728
   -0.4569    0.6992    0.5499
    0.1045    0.6561   -0.7474
...    70 A-T ...
  -98.0447  -22.7325  -62.8992
   -0.9876    0.1553    0.0243
    0.1313    0.7301    0.6706
    0.0864    0.6655   -0.7414
...    71 T-A ...
  -98.0253  -21.0419  -65.7250
   -0.7938    0.4963    0.3516
    0.6009    0.5508    0.5793
    0.0939    0.6711   -0.7354
...    72 C-G ...
  -97.8345  -18.8848  -68.1588
   -0.3190    0.6873    0.6526
    0.9440    0.1692    0.2832
    0.0842    0.7064   -0.7028
...    73 C-G ...
  -97.9760  -16.4495  -70.4837
    0.1978    0.5913    0.7818
    0.9750   -0.2011   -0.0946
    0.1013    0.7809   -0.6163
...    74 G-C ...
  -97.3581  -13.8325  -72.4031
    0.6500    0.2697    0.7105
    0.7372   -0.4507   -0.5033
    0.1845    0.8509   -0.4918
...    75 C-G ...
  -96.9215  -10.8026  -73.5604
    0.9220   -0.0639    0.3819
    0.3008   -0.5028   -0.8104
    0.2438    0.8620   -0.4444
...    76 T-A ...
  -95.9826   -7.8311  -74.5916
    0.9268   -0.3741   -0.0338
   -0.1810   -0.3658   -0.9129
    0.3292    0.8522   -0.4067
...    77 T-A ...
  -94.7697   -5.0083  -75.6093
    0.6760   -0.5214   -0.5208
   -0.6496   -0.0880   -0.7552
    0.3479    0.8488   -0.3982
...    78 T-A ...
  -93.3760   -2.2797  -76.6722
    0.2115   -0.4761   -0.8536
   -0.9099    0.2229   -0.3498
    0.3568    0.8507   -0.3861
...    79 A-T ...
  -92.3028    0.5540  -78.0083
   -0.3572   -0.2773   -0.8919
   -0.8593    0.4718    0.1975
    0.3660    0.8370   -0.4068
...    80 A-T ...
  -90.8663    3.0809  -79.4636
   -0.7644    0.0541   -0.6425
   -0.5191    0.5394    0.6630
    0.3824    0.8403   -0.3842
...    81 C-G ...
  -89.4792    5.5051  -81.2373
   -0.9280    0.3058   -0.2128
   -0.0614    0.4379    0.8969
    0.3674    0.8454   -0.3876
...    82 A-T ...
  -88.2917    8.3605  -82.3887
   -0.8426    0.4120    0.3468
    0.4587    0.2115    0.8631
    0.2822    0.8863   -0.3672
...    83 C-G ...
  -87.8420   11.1925  -83.9991
   -0.5113    0.4299    0.7441
    0.8176   -0.0235    0.5754
    0.2648    0.9025   -0.3395
...    84 T-A ...
  -87.3685   14.2537  -85.0992
   -0.0626    0.2875    0.9557
    0.9658   -0.2241    0.1306
    0.2517    0.9312   -0.2636
...    85 T-A ...
  -86.8342   17.3419  -85.8792
    0.4536    0.0874    0.8869
    0.8501   -0.3411   -0.4012
    0.2675    0.9360   -0.2290
...    86 T-A ...
  -86.1570   20.4548  -86.3958
    0.8249   -0.1476    0.5456
    0.4802   -0.3261   -0.8143
    0.2981    0.9338   -0.1981
...    87 A-T ...
  -85.0434   23.5864  -86.4984
    0.8936   -0.4391    0.0928
    0.0239   -0.1599   -0.9868
    0.4482    0.8841   -0.1324
...    88 T-A ...
  -83.4469   26.4322  -86.2328
    0.7849   -0.4778   -0.3946
   -0.4053    0.0858   -0.9101
    0.4687    0.8743   -0.1263
...    89 G-C ...
  -81.7277   29.1820  -86.8752
    0.3895   -0.4425   -0.8078
   -0.7385    0.3741   -0.5610
    0.5505    0.8150   -0.1810
...    90 C-G ...
  -79.5315   31.5673  -87.4543
   -0.0787   -0.2029   -0.9760
   -0.8153    0.5765   -0.0541
    0.5737    0.7915   -0.2108
...    91 T-A ...
  -77.3978   33.9200  -88.3428
   -0.5018    0.0942   -0.8598
   -0.6451    0.6215    0.4445
    0.5763    0.7777   -0.2511
...    92 T-A ...
  -75.3141   36.2165  -89.3316
   -0.7551    0.4549   -0.4722
   -0.2602    0.4531    0.8526
    0.6018    0.7666   -0.2238
...    93 C-G ...
  -73.3541   38.6904  -90.1890
   -0.7781    0.6190    0.1074
    0.2157    0.1027    0.9710
    0.5900    0.7787   -0.2135
...    94 C-G ...
  -71.5454   41.3409  -91.2261
   -0.6029    0.5109    0.6128
    0.5842   -0.2404    0.7752
    0.5434    0.8253   -0.1536
...    95 G-C ...
  -69.5622   43.9689  -91.4949
   -0.2835    0.1878    0.9404
    0.8117   -0.4751    0.3396
    0.5106    0.8596   -0.0177
...    96 G-C ...
  -68.2417   47.0651  -91.4810
    0.1057   -0.1808    0.9778
    0.8504   -0.4932   -0.1831
    0.5154    0.8509    0.1016
...    97 T-A ...
  -67.0839   50.0399  -90.8086
    0.4752   -0.4520    0.7550
    0.6945   -0.3342   -0.6372
    0.5403    0.8271    0.1551
...    98 C-G ...
  -65.3220   52.6477  -90.0705
    0.7398   -0.6174    0.2674
    0.3362   -0.0050   -0.9418
    0.5828    0.7866    0.2038
...    99 A-T ...
  -63.2408   55.1069  -89.2764
    0.7227   -0.6267   -0.2916
   -0.0566    0.3668   -0.9286
    0.6889    0.6876    0.2296
...   100 T-A ...
  -60.8570   56.9343  -87.9584
    0.5982   -0.3735   -0.7090
   -0.3905    0.6367   -0.6649
    0.6998    0.6746    0.2350
...   101 G-C ...
  -58.4889   59.1809  -87.4875
    0.2284   -0.0149   -0.9735
   -0.6185    0.7699   -0.1569
    0.7518    0.6380    0.1667
...   102 T-A ...
  -55.6233   60.7811  -87.0259
   -0.1214    0.3753   -0.9189
   -0.6407    0.6775    0.3614
    0.7582    0.6326    0.1582
...   103 T-A ...
  -52.9358   62.5838  -86.6625
   -0.4261    0.7176   -0.5509
   -0.4719    0.3433    0.8121
    0.7719    0.6060    0.1923
...   104 A-T ...
  -50.4423   64.5924  -85.7813
   -0.6202    0.7836    0.0349
   -0.1448   -0.1581    0.9767
    0.7709    0.6008    0.2115
...   105 T-A ...
  -47.9691   66.7675  -85.7341
   -0.6110    0.6038    0.5119
    0.1676   -0.5334    0.8291
    0.7737    0.5924    0.2247
...   106 A-T ...
  -45.5735   68.9516  -85.0538
   -0.5240    0.1571    0.8371
    0.4665   -0.7694    0.4364
    0.7126    0.6191    0.3299
...   107 A-T ...
  -43.4768   71.1533  -83.9770
   -0.2292   -0.3067    0.9238
    0.6723   -0.7362   -0.0776
    0.7039    0.6033    0.3749
...   108 C-G ...
  -41.7009   73.4449  -82.5060
    0.0795   -0.6684    0.7395
    0.7089   -0.4837   -0.5133
    0.7008    0.5650    0.4354
...   109 G-C ...
  -39.2291   74.9928  -80.9629
    0.3025   -0.9083    0.2891
    0.6154   -0.0455   -0.7869
    0.7279    0.4159    0.5452
...   110 G-C ...
  -36.9337   75.9494  -78.6968
    0.4896   -0.8458   -0.2120
    0.4273    0.4446   -0.7873
    0.7601    0.2949    0.5790
...   111 A-T ...
  -34.4148   76.6503  -76.7553
    0.6173   -0.4568   -0.6405
    0.1112    0.8566   -0.5038
    0.7788    0.2398    0.5796
...   112 C-G ...
  -31.8069   76.7617  -74.7171
    0.5806    0.0378   -0.8133
   -0.1921    0.9771   -0.0917
    0.7912    0.2095    0.5746
...   113 T-A ...
  -29.0215   77.1160  -72.9814
    0.3847    0.5306   -0.7553
   -0.4359    0.8257    0.3580
    0.8136    0.1915    0.5489
...   114 C-G ...
  -26.2677   77.6818  -71.2954
    0.0673    0.9138   -0.4006
   -0.5779    0.3630    0.7309
    0.8133    0.1823    0.5525
...   115 G-C ...
  -23.8821   78.3027  -69.0887
   -0.3179    0.9477    0.0269
   -0.5321   -0.2018    0.8223
    0.7847    0.2471    0.5685
...   116 T-A ...
  -21.0606   79.3705  -67.7138
   -0.5627    0.7092    0.4248
   -0.3160   -0.6593    0.6823
    0.7639    0.2497    0.5951
...   117 A-T ...
  -18.5804   80.4205  -65.7917
   -0.7298    0.2214    0.6468
    0.0269   -0.9361    0.3508
    0.6831    0.2734    0.6772
...   118 T-A ...
  -16.5722   81.9346  -63.7125
   -0.6531   -0.2647    0.7095
    0.3695   -0.9292   -0.0066
    0.6610    0.2578    0.7047
...   119 A-T ...
  -14.9847   83.2217  -61.0404
   -0.5498   -0.7090    0.4416
    0.6547   -0.6941   -0.2992
    0.5187    0.1246    0.8458
...   120 A-T ...
  -13.6055   83.6387  -58.1668
   -0.1611   -0.9738    0.1607
    0.8590   -0.2185   -0.4629
    0.4859    0.0635    0.8717
...   121 T-A ...
  -12.6739   83.7587  -55.0496
    0.2486   -0.9620   -0.1128
    0.8429    0.2722   -0.4642
    0.4773    0.0203    0.8785
...   122 G-C ...
  -10.9642   83.4477  -52.2311
    0.5961   -0.6669   -0.4471
    0.6191    0.7364   -0.2729
    0.5112   -0.1141    0.8519
...   123 T-A ...
   -9.5709   82.4657  -49.4166
    0.8169   -0.2048   -0.5392
    0.2523    0.9675    0.0148
    0.5186   -0.1482    0.8421
...   124 G-C ...
   -7.6566   82.1868  -46.7549
    0.7911    0.3800   -0.4794
   -0.2230    0.9089    0.3525
    0.5696   -0.1720    0.8037
...   125 T-A ...
   -5.5411   81.1181  -44.4111
    0.5703    0.7907   -0.2227
   -0.5961    0.5849    0.5500
    0.5651   -0.1809    0.8049
...   126 C-G ...
   -3.5961   80.4674  -41.8528
    0.1215    0.9822    0.1431
   -0.8239    0.0194    0.5664
    0.5535   -0.1867    0.8116
...   127 G-C ...
   -2.1732   79.6546  -38.9822
   -0.3927    0.8505    0.3500
   -0.7753   -0.5108    0.3715
    0.4948   -0.1254    0.8599
...   128 A-T ...
   -0.4403   79.2286  -36.2692
   -0.7839    0.4250    0.4526
   -0.4353   -0.8960    0.0873
    0.4426   -0.1286    0.8874
...   129 C-G ...
    1.0538   79.4217  -33.3804
   -0.9226   -0.0614    0.3808
    0.0028   -0.9883   -0.1525
    0.3858   -0.1396    0.9120
...   130 C-G ...
    2.1425   79.3711  -30.1967
   -0.8469   -0.5182    0.1188
    0.4634   -0.8290   -0.3130
    0.2607   -0.2101    0.9423
...   131 A-T ...
    2.6742   78.6744  -26.9734
   -0.5351   -0.8139   -0.2264
    0.8369   -0.4742   -0.2734
    0.1152   -0.3358    0.9349
...   132 A-T ...
    2.6959   77.5393  -23.9635
   -0.0214   -0.9201   -0.3910
    0.9968    0.0104   -0.0789
    0.0767   -0.3915    0.9170
...   133 A-T ...
    2.6287   76.0929  -21.0788
    0.5129   -0.7614   -0.3964
    0.8564    0.4855    0.1757
    0.0587   -0.4296    0.9011
...   134 T-A ...
    2.3076   74.2308  -18.3902
    0.8657   -0.4293   -0.2574
    0.4984    0.7868    0.3641
    0.0462   -0.4435    0.8951
...   135 G-C ...
    1.4354   72.0970  -15.6050
    0.9809    0.0621    0.1843
   -0.1263    0.9241    0.3607
   -0.1479   -0.3771    0.9143
...   136 T-A ...
    0.5279   69.2393  -13.4689
    0.7351    0.4963    0.4618
   -0.6117    0.7792    0.1365
   -0.2921   -0.3828    0.8764
...   137 G-C ...
   -0.1659   67.4106  -10.8095
    0.1800    0.8794    0.4408
   -0.9276    0.3008   -0.2214
   -0.3274   -0.3691    0.8698
...   138 A-T ...
   -0.1321   66.2180   -7.8216
   -0.3749    0.8570    0.3536
   -0.8857   -0.2184   -0.4098
   -0.2739   -0.4668    0.8409
...   139 G-C ...
   -1.0069   65.6075   -4.9424
   -0.8336    0.5218    0.1811
   -0.5170   -0.6220   -0.5881
   -0.1942   -0.5839    0.7883
...   140 C-G ...
   -0.6975   63.9004   -2.2528
   -0.9992    0.0157   -0.0376
    0.0023   -0.8993   -0.4374
   -0.0406   -0.4371    0.8985
...   141 G-C ...
   -3.4383   60.2386    1.0284
   -0.4425    0.2285   -0.8672
    0.1683   -0.9287   -0.3306
   -0.8808   -0.2922    0.3725
...   142 C-G ...
   -6.3289   59.0834    1.6294
   -0.2970   -0.3280   -0.8968
    0.5656   -0.8171    0.1115
   -0.7693   -0.4741    0.4282
...   143 T-A ...
   -8.6768   58.7243    3.6024
   -0.0347   -0.7817   -0.6227
    0.6533   -0.4893    0.5778
   -0.7563   -0.3868    0.5276
...   144 C-G ...
  -11.6545   58.0114    4.7193
    0.2451   -0.9542   -0.1716
    0.6322    0.0231    0.7745
   -0.7350   -0.2983    0.6089
...   145 A-T ...
  -14.1760   56.5669    6.1807
    0.5795   -0.7268    0.3687
    0.3139    0.6165    0.7220
   -0.7521   -0.3027    0.5855
...   146 C-G ...
  -16.4651   53.8950    7.5153
    0.5336   -0.3331    0.7774
   -0.0346    0.9098    0.4136
   -0.8450   -0.2476    0.4739
...   147 A-T ...
  -19.0173   52.0375    8.9261
    0.2452    0.2907    0.9249
   -0.3073    0.9281   -0.2103
   -0.9195   -0.2327    0.3169
