  147 base-pairs
...     1 A-T ...
    0.0000    0.0000    0.0000
    1.0000    0.0000    0.0000
    0.0000    1.0000    0.0000
    0.0000    0.0000    1.0000
...     2 G-C ...
   -0.1404   -1.2353    3.2259
    0.7530    0.6366    0.1668
   -0.6385    0.7681   -0.0490
   -0.1593   -0.0696    0.9848
...     3 T-A ...
   -0.0377   -3.2918    6.3749
    0.2722    0.9302    0.2464
   -0.9238    0.3243   -0.2034
   -0.2691   -0.1722    0.9476
...     4 G-C ...
   -0.3520   -4.1638    9.4928
   -0.3756    0.9250    0.0576
   -0.8780   -0.3352   -0.3416
   -0.2967   -0.1788    0.9381
...     5 A-T ...
   -0.4480   -4.1448   12.7498
   -0.8116    0.5839   -0.0166
   -0.5522   -0.7762   -0.3042
   -0.1905   -0.2377    0.9525
...     6 G-C ...
   -1.5926   -4.1701   15.6201
   -0.9976    0.0246   -0.0651
   -0.0043   -0.9555   -0.2950
   -0.0694   -0.2940    0.9533
...     7 C-G ...
   -1.1050   -4.4793   18.7363
   -0.8442   -0.5302   -0.0787
    0.5343   -0.8442   -0.0430
   -0.0437   -0.0784    0.9960
...     8 G-C ...
   -2.4044   -7.7255   23.1483
   -0.2753   -0.3294   -0.9032
    0.6650   -0.7437    0.0686
   -0.6943   -0.5817    0.4238
...     9 C-G ...
   -4.4706   -9.9691   24.1142
    0.1145   -0.7026   -0.7023
    0.8512   -0.2951    0.4341
   -0.5123   -0.6475    0.5642
...    10 T-A ...
   -6.7420  -10.8705   25.9717
    0.4841   -0.8363   -0.2573
    0.6594    0.1554    0.7356
   -0.5752   -0.5257    0.6267
...    11 C-G ...
   -9.1682  -12.6167   27.1662
    0.7073   -0.6683    0.2306
    0.3450    0.6110    0.7125
   -0.6170   -0.4243    0.6627
...    12 A-T ...
  -10.9253  -14.6583   29.0713
    0.7515   -0.1377    0.6452
   -0.2027    0.8824    0.4245
   -0.6278   -0.4498    0.6352
...    13 C-G ...
  -11.8495  -17.4796   31.2472
    0.4294    0.2824    0.8578
   -0.5708    0.8209    0.0155
   -0.6998   -0.4963    0.5137
...    14 A-T ...
  -13.5915  -19.7756   33.4284
   -0.1503    0.6106    0.7775
   -0.6874    0.5007   -0.5261
   -0.7106   -0.6135    0.3445
...    15 A-T ...
  -15.7708  -21.8954   34.5188
   -0.4895    0.7997    0.3477
   -0.4618    0.1005   -0.8813
   -0.7397   -0.5919    0.3202
...    16 T-A ...
  -17.9336  -23.8125   36.2760
   -0.6807    0.7156   -0.1569
   -0.1190   -0.3194   -0.9401
   -0.7228   -0.6213    0.3026
...    17 T-A ...
  -20.3121  -25.6643   37.6163
   -0.6352    0.3905   -0.6663
    0.3071   -0.6639   -0.6819
   -0.7087   -0.6377    0.3018
...    18 T-A ...
  -22.7069  -27.5497   38.5650
   -0.3109    0.0410   -0.9496
    0.5822   -0.7814   -0.2244
   -0.7512   -0.6226    0.2191
...    19 A-T ...
  -25.2623  -29.4588   38.8918
    0.1383   -0.1743   -0.9749
    0.6226   -0.7503    0.2224
   -0.7703   -0.6377    0.0047
...    20 T-A ...
  -28.1656  -30.9817   38.5556
    0.4407   -0.5043   -0.7426
    0.4625   -0.5814    0.6694
   -0.7693   -0.6385   -0.0230
...    21 T-A ...
  -30.7805  -32.9214   38.1547
    0.6296   -0.7330   -0.2575
    0.1237   -0.2326    0.9647
   -0.7670   -0.6392   -0.0558
...    22 C-G ...
  -33.2052  -35.0891   37.8405
    0.6069   -0.7205    0.3355
   -0.2760    0.2047    0.9391
   -0.7453   -0.6625   -0.0746
...    23 G-C ...
  -35.6185  -37.3494   38.3145
    0.4288   -0.4194    0.8001
   -0.6136    0.5148    0.5987
   -0.6630   -0.7477   -0.0366
...    24 C-G ...
  -37.4982  -40.0059   38.0621
    0.0805   -0.0537    0.9953
   -0.7469    0.6580    0.0959
   -0.6601   -0.7511    0.0128
...    25 A-T ...
  -40.0036  -42.1249   37.8719
   -0.3357    0.3505    0.8743
   -0.6491    0.5865   -0.4844
   -0.6826   -0.7301    0.0306
...    26 A-T ...
  -42.1170  -44.6237   38.1469
   -0.6501    0.6054    0.4593
   -0.3415    0.3071   -0.8883
   -0.6788   -0.7343    0.0071
...    27 A-T ...
  -44.2047  -47.0946   38.5133
   -0.7376    0.6635   -0.1251
    0.1088   -0.0661   -0.9919
   -0.6664   -0.7452   -0.0235
...    28 G-C ...
  -46.6762  -49.3440   38.8658
   -0.5204    0.5947   -0.6128
    0.4592   -0.4101   -0.7880
   -0.7199   -0.6915   -0.0597
...    29 G-C ...
  -49.5242  -51.3069   38.7636
   -0.1013    0.3782   -0.9202
    0.6552   -0.6706   -0.3478
   -0.7486   -0.6381   -0.1798
...    30 C-G ...
  -52.3059  -52.8622   38.0383
    0.3217    0.0349   -0.9462
    0.5882   -0.7904    0.1708
   -0.7419   -0.6115   -0.2748
...    31 C-G ...
  -54.9230  -54.5614   36.9108
    0.6616   -0.3226   -0.6769
    0.2927   -0.7200    0.6292
   -0.6904   -0.6144   -0.3819
...    32 G-C ...
  -56.6605  -56.6793   35.6080
    0.7951   -0.5564   -0.2414
   -0.1172   -0.5315    0.8389
   -0.5951   -0.6387   -0.4878
...    33 G-C ...
  -57.9886  -59.0723   33.6071
    0.6335   -0.7279    0.2624
   -0.5694   -0.2089    0.7950
   -0.5239   -0.6531   -0.5469
...    34 C-G ...
  -59.2675  -61.3765   31.6764
    0.2299   -0.7153    0.6600
   -0.8428    0.1928    0.5026
   -0.4867   -0.6717   -0.5585
...    35 C-G ...
  -60.6312  -63.9379   29.9149
   -0.2885   -0.4921    0.8213
   -0.8407    0.5408    0.0287
   -0.4583   -0.6822   -0.5697
...    36 C-G ...
  -61.9874  -66.4219   28.1058
   -0.6869   -0.1066    0.7189
   -0.5555    0.7149   -0.4247
   -0.4687   -0.6910   -0.5503
...    37 G-C ...
  -63.6890  -67.9461   25.4912
   -0.8477    0.3519    0.3969
   -0.0583    0.6818   -0.7292
   -0.5272   -0.6413   -0.5575
...    38 A-T ...
  -65.1092  -70.0670   23.6869
   -0.7201    0.6897   -0.0758
    0.4605    0.3933   -0.7958
   -0.5191   -0.6080   -0.6008
...    39 C-G ...
  -67.1825  -71.8652   22.0671
   -0.3545    0.8372   -0.4164
    0.7611   -0.0004   -0.6487
   -0.5433   -0.5469   -0.6370
...    40 A-T ...
  -69.1673  -73.4895   19.9789
    0.1766    0.7869   -0.5913
    0.8209   -0.4492   -0.3527
   -0.5432   -0.4231   -0.7252
...    41 C-G ...
  -71.1480  -74.2577   17.5408
    0.6034    0.5077   -0.6149
    0.6206   -0.7832   -0.0377
   -0.5008   -0.3589   -0.7877
...    42 G-C ...
  -72.4140  -75.6802   14.8110
    0.8968    0.0308   -0.4414
    0.1493   -0.9602    0.2362
   -0.4166   -0.2778   -0.8656
...    43 A-T ...
  -73.6815  -76.4783   12.0192
    0.8220   -0.5255   -0.2195
   -0.4000   -0.8071    0.4343
   -0.4054   -0.2692   -0.8736
...    44 C-G ...
  -74.5680  -76.8459    8.8485
    0.5139   -0.8548    0.0714
   -0.7805   -0.4314    0.4524
   -0.3559   -0.2883   -0.8889
...    45 T-A ...
  -75.0300  -77.8389    5.3629
    0.0019   -0.9571    0.2897
   -0.9408    0.0965    0.3248
   -0.3389   -0.2732   -0.9003
...    46 T-A ...
  -75.5571  -78.6595    2.2153
   -0.4789   -0.8003    0.3608
   -0.8161    0.5573    0.1530
   -0.3235   -0.2212   -0.9200
...    47 A-T ...
  -76.7793  -79.0937   -0.8747
   -0.8834   -0.2928    0.3659
   -0.3456    0.9344   -0.0865
   -0.3165   -0.2029   -0.9266
...    48 C-G ...
  -77.7145  -80.3935   -3.7950
   -0.9303    0.2390    0.2784
    0.1693    0.9528   -0.2522
   -0.3255   -0.1875   -0.9268
...    49 T-A ...
  -79.0915  -81.3276   -6.7122
   -0.6771    0.7128    0.1829
    0.6266    0.6888   -0.3646
   -0.3859   -0.1322   -0.9130
...    50 G-C ...
  -80.5976  -81.4636   -9.7349
   -0.1732    0.9794    0.1042
    0.8914    0.2009   -0.4063
   -0.4188    0.0225   -0.9078
...    51 T-A ...
  -82.4365  -81.3016  -12.3414
    0.2877    0.9577   -0.0065
    0.8713   -0.2645   -0.4135
   -0.3977    0.1133   -0.9105
...    52 A-T ...
  -84.3058  -79.8027  -14.8403
    0.7349    0.6744    0.0713
    0.6335   -0.6452   -0.4271
   -0.2420    0.3590   -0.9014
...    53 G-C ...
  -85.3532  -78.2895  -17.4812
    0.9663    0.2561   -0.0272
    0.2167   -0.8656   -0.4515
   -0.1391    0.4303   -0.8919
...    54 G-C ...
  -85.6561  -75.8308  -20.2170
    0.9501   -0.2562   -0.1778
   -0.3086   -0.8549   -0.4171
   -0.0451    0.4512   -0.8913
...    55 T-A ...
  -85.3233  -74.0305  -22.9319
    0.6692   -0.6534   -0.3539
   -0.7429   -0.5974   -0.3020
   -0.0141    0.4650   -0.8852
...    56 A-T ...
  -84.7475  -72.3233  -25.8186
    0.1417   -0.8909   -0.4314
   -0.9893   -0.1124   -0.0930
    0.0344    0.4400   -0.8973
...    57 T-A ...
  -83.8508  -70.8682  -28.6618
   -0.3640   -0.8153   -0.4504
   -0.9305    0.3399    0.1367
    0.0417    0.4689   -0.8823
...    58 C-G ...
  -83.4899  -69.5248  -31.7227
   -0.8491   -0.4415   -0.2899
   -0.5266    0.7505    0.3994
    0.0412    0.4918   -0.8697
...    59 T-A ...
  -83.3913  -68.1955  -34.7766
   -0.9997   -0.0237   -0.0005
   -0.0208    0.8697    0.4932
   -0.0113    0.4931   -0.8699
...    60 C-G ...
  -83.4813  -66.5532  -37.6678
   -0.8386    0.4462    0.3125
    0.5431    0.7299    0.4150
   -0.0429    0.5178   -0.8545
...    61 G-C ...
  -83.4658  -64.4508  -40.1520
   -0.4708    0.6186    0.6291
    0.8704    0.4420    0.2168
   -0.1439    0.6496   -0.7465
...    62 A-T ...
  -83.7779  -62.3721  -42.6253
    0.0842    0.6951    0.7139
    0.9901    0.0225   -0.1387
   -0.1125    0.7185   -0.6863
...    63 G-C ...
  -84.4608  -59.7498  -44.5291
    0.5680    0.5530    0.6096
    0.8189   -0.3055   -0.4859
   -0.0825    0.7752   -0.6263
...    64 C-G ...
  -84.9855  -56.8427  -46.1734
    0.9304    0.2414    0.2759
    0.3650   -0.5395   -0.7588
   -0.0343    0.8067   -0.5900
...    65 T-A ...
  -85.1547  -53.9574  -47.7621
    0.9887   -0.1083   -0.1037
   -0.1468   -0.5588   -0.8162
    0.0305    0.8222   -0.5683
...    66 C-G ...
  -84.7473  -51.4263  -49.7447
    0.7411   -0.4332   -0.5129
   -0.6623   -0.3471   -0.6639
    0.1096    0.8318   -0.5442
...    67 G-C ...
  -84.8284  -49.0404  -52.1179
    0.2617   -0.5996   -0.7563
   -0.9494   -0.0191   -0.3134
    0.1735    0.8000   -0.5743
...    68 G-C ...
  -84.0070  -46.4263  -54.0164
   -0.2880   -0.5574   -0.7787
   -0.9445    0.2997    0.1349
    0.1582    0.7743   -0.6127
...    69 G-C ...
  -83.2913  -44.0127  -56.2134
   -0.7549   -0.3832   -0.5322
   -0.6467    0.5699    0.5070
    0.1090    0.7269   -0.6780
...    70 A-T ...
  -82.7633  -41.7735  -58.6063
   -0.9909    0.0175   -0.1331
   -0.0850    0.6854    0.7232
    0.1039    0.7280   -0.6777
...    71 T-A ...
  -82.5665  -39.8163  -61.2619
   -0.8990    0.3492    0.2642
    0.4289    0.5804    0.6922
    0.0884    0.7357   -0.6716
...    72 C-G ...
  -82.5002  -37.4580  -63.5625
   -0.4911    0.5985    0.6330
    0.8674    0.2684    0.4191
    0.0809    0.7548   -0.6509
...    73 C-G ...
  -82.3687  -35.0881  -65.8318
   -0.0063    0.5428    0.8399
    0.9962   -0.0694    0.0523
    0.0867    0.8370   -0.5403
...    74 G-C ...
  -81.6345  -32.3079  -67.4107
    0.4809    0.2859    0.8288
    0.8661   -0.3021   -0.3983
    0.1365    0.9094   -0.3929
...    75 C-G ...
  -81.5064  -28.9869  -68.3462
    0.8786    0.0390    0.4760
    0.4504   -0.3992   -0.7986
    0.1589    0.9160   -0.3683
...    76 T-A ...
  -80.7699  -25.6902  -69.0223
    0.9764   -0.2141   -0.0267
   -0.0930   -0.3060   -0.9475
    0.1947    0.9276   -0.3187
...    77 T-A ...
  -79.9608  -22.6059  -69.6580
    0.7584   -0.3361   -0.5585
   -0.6243   -0.1283   -0.7706
    0.1873    0.9331   -0.3071
...    78 T-A ...
  -79.1285  -19.5779  -70.4364
    0.2902   -0.3498   -0.8907
   -0.9379    0.0809   -0.3373
    0.1901    0.9333   -0.3046
...    79 A-T ...
  -78.9183  -16.4621  -71.4484
   -0.2862   -0.2306   -0.9300
   -0.9380    0.2657    0.2227
    0.1958    0.9361   -0.2923
...    80 A-T ...
  -78.1294  -13.5564  -72.4598
   -0.7427   -0.0635   -0.6666
   -0.6438    0.3416    0.6847
    0.1842    0.9377   -0.2946
...    81 C-G ...
  -77.2876  -10.7212  -74.0103
   -0.9688    0.1122   -0.2211
   -0.1738    0.3282    0.9285
    0.1767    0.9379   -0.2985
...    82 A-T ...
  -76.8395   -7.6456  -75.1154
   -0.9189    0.1933    0.3439
    0.3823    0.2215    0.8971
    0.0972    0.9558   -0.2775
...    83 C-G ...
  -77.0595   -4.5843  -76.4940
   -0.6085    0.2496    0.7532
    0.7895    0.0951    0.6063
    0.0797    0.9637   -0.2549
...    84 T-A ...
  -77.5432   -1.1389  -77.4615
   -0.0990    0.2151    0.9716
    0.9918   -0.0585    0.1140
    0.0814    0.9748   -0.2076
...    85 T-A ...
  -77.7004    2.0532  -78.0095
    0.4658    0.1412    0.8735
    0.8803   -0.1745   -0.4412
    0.0901    0.9745   -0.2056
...    86 T-A ...
  -77.5803    5.2356  -78.4908
    0.8641   -0.0123    0.5031
    0.4889   -0.2167   -0.8450
    0.1195    0.9762   -0.1813
...    87 A-T ...
  -76.9768    8.4020  -79.0267
    0.9695   -0.2429    0.0321
   -0.0062   -0.1554   -0.9878
    0.2450    0.9575   -0.1522
...    88 T-A ...
  -76.0337   11.4951  -78.7516
    0.8484   -0.3351   -0.4097
   -0.4365   -0.0051   -0.8997
    0.2994    0.9422   -0.1506
...    89 G-C ...
  -74.7034   14.5218  -79.1748
    0.3851   -0.3633   -0.8484
   -0.8422    0.2376   -0.4840
    0.3774    0.9009   -0.2145
...    90 C-G ...
  -73.0526   17.2265  -80.0474
   -0.1427   -0.2158   -0.9659
   -0.9136    0.4041    0.0447
    0.3807    0.8889   -0.2549
...    91 T-A ...
  -71.4415   19.9653  -81.4064
   -0.6248    0.0419   -0.7796
   -0.6599    0.5054    0.5560
    0.4173    0.8619   -0.2881
...    92 T-A ...
  -69.8846   22.5412  -82.6467
   -0.8696    0.3618   -0.3359
   -0.1895    0.3837    0.9038
    0.4559    0.8496   -0.2652
...    93 T-A ...
  -68.2828   25.1713  -83.6759
   -0.8037    0.5425    0.2443
    0.3412    0.0837    0.9363
    0.4875    0.8359   -0.2524
...    94 C-G ...
  -66.5828   27.9186  -84.2935
   -0.4917    0.4548    0.7426
    0.7364   -0.2379    0.6333
    0.4647    0.8582   -0.2179
...    95 A-T ...
  -65.2396   30.8716  -85.2767
   -0.0992    0.1574    0.9825
    0.9028   -0.4009    0.1553
    0.4184    0.9025   -0.1023
...    96 T-A ...
  -64.3412   33.9617  -85.4634
    0.3109   -0.1091    0.9442
    0.8471   -0.4188   -0.3273
    0.4311    0.9015   -0.0378
...    97 G-C ...
  -63.0060   37.1655  -85.1697
    0.6496   -0.4409    0.6193
    0.5591   -0.2749   -0.7822
    0.5151    0.8544    0.0679
...    98 T-A ...
  -61.5817   40.0096  -84.2469
    0.8166   -0.5565    0.1532
    0.1800   -0.0067   -0.9836
    0.5485    0.8308    0.0947
...    99 T-A ...
  -59.7653   42.5198  -83.7137
    0.7641   -0.5257   -0.3739
   -0.2399    0.3064   -0.9212
    0.5988    0.7936    0.1080
...   100 A-T ...
  -57.7194   45.0984  -83.5602
    0.4653   -0.3473   -0.8141
   -0.5863    0.5681   -0.5775
    0.6631    0.7461    0.0607
...   101 T-A ...
  -55.1390   46.9741  -83.0689
    0.1420   -0.0134   -0.9898
   -0.7303    0.6736   -0.1139
    0.6682    0.7390    0.0859
...   102 A-T ...
  -53.0797   49.6035  -82.7529
   -0.3068    0.3808   -0.8723
   -0.6590    0.5762    0.4834
    0.6867    0.7232    0.0742
...   103 A-T ...
  -50.7716   51.8119  -82.6296
   -0.6019    0.6483   -0.4662
   -0.3990    0.2616    0.8789
    0.6918    0.7150    0.1012
...   104 C-G ...
  -48.2440   54.1326  -83.0061
   -0.7118    0.6984    0.0747
   -0.0318   -0.1383    0.9899
    0.7016    0.7023    0.1206
...   105 G-C ...
  -46.1467   56.4746  -82.2346
   -0.7091    0.4182    0.5677
    0.3496   -0.4906    0.7982
    0.6123    0.7645    0.2017
...   106 G-C ...
  -44.4176   59.1943  -81.6086
   -0.5037    0.0374    0.8631
    0.6662   -0.6192    0.4156
    0.5499    0.7844    0.2870
...   107 A-T ...
  -42.8722   61.8210  -80.5705
   -0.0872   -0.3722    0.9240
    0.8444   -0.5198   -0.1296
    0.5285    0.7690    0.3596
...   108 C-G ...
  -41.8499   64.5943  -79.1349
    0.3199   -0.6297    0.7079
    0.7784   -0.2512   -0.5753
    0.5401    0.7351    0.4098
...   109 C-G ...
  -40.3726   67.0044  -77.0446
    0.5569   -0.7823    0.2792
    0.5703    0.1158   -0.8132
    0.6038    0.6121    0.5106
...   110 G-C ...
  -38.2975   68.6498  -75.5901
    0.6740   -0.7088   -0.2082
    0.2803    0.5061   -0.8157
    0.6835    0.4914    0.5398
...   111 G-C ...
  -35.6485   69.6278  -73.7733
    0.6751   -0.3663   -0.6404
   -0.0605    0.8376   -0.5429
    0.7352    0.4053    0.5433
...   112 C-G ...
  -32.8797   70.3283  -72.0050
    0.5213    0.1239   -0.8443
   -0.3831    0.9181   -0.1018
    0.7625    0.3765    0.5261
...   113 T-A ...
  -30.2613   71.3315  -70.3196
    0.2561    0.5785   -0.7744
   -0.5745    0.7354    0.3594
    0.7774    0.3529    0.5207
...   114 C-G ...
  -27.7990   72.6997  -68.6635
   -0.1216    0.8940   -0.4312
   -0.6001    0.2798    0.7494
    0.7906    0.3499    0.5025
...   115 G-C ...
  -25.5020   73.8426  -66.6269
   -0.4689    0.8821    0.0462
   -0.4445   -0.2808    0.8507
    0.7633    0.3783    0.5237
...   116 T-A ...
  -23.0379   75.5404  -65.2912
   -0.6615    0.5966    0.4544
   -0.1492   -0.6985    0.6999
    0.7349    0.3952    0.5511
...   117 A-T ...
  -20.6721   77.4820  -63.7088
   -0.7122    0.0850    0.6968
    0.2335   -0.9074    0.3493
    0.6620    0.4115    0.6265
...   118 T-A ...
  -18.8994   79.4120  -61.8586
   -0.5295   -0.3595    0.7684
    0.5303   -0.8473   -0.0309
    0.6622    0.3911    0.6392
...   119 A-T ...
  -16.9826   80.6235  -59.5781
   -0.3591   -0.7670    0.5317
    0.7387   -0.5818   -0.3404
    0.5704    0.2705    0.7755
...   120 A-T ...
  -15.4492   81.4531  -56.8682
    0.0275   -0.9818    0.1879
    0.8353   -0.0807   -0.5439
    0.5492    0.1719    0.8178
...   121 T-A ...
  -14.2202   81.8575  -53.8296
    0.4162   -0.9003   -0.1276
    0.7295    0.4143   -0.5442
    0.5428    0.1334    0.8292
...   122 G-C ...
  -12.4541   81.8218  -50.9057
    0.6799   -0.5417   -0.4942
    0.4254    0.8404   -0.3358
    0.5973    0.0181    0.8018
...   123 T-A ...
  -10.5266   81.2456  -48.3730
    0.7993   -0.0852   -0.5949
    0.0854    0.9960   -0.0279
    0.5948   -0.0285    0.8033
...   124 G-C ...
   -8.4339   81.0154  -45.8671
    0.6931    0.4869   -0.5315
   -0.3432    0.8713    0.3507
    0.6339   -0.0607    0.7711
...   125 T-A ...
   -6.1570   80.3470  -43.6405
    0.4205    0.8614   -0.2848
   -0.6416    0.5043    0.5780
    0.6415   -0.0603    0.7647
...   126 C-G ...
   -4.0707   80.1597  -41.2827
   -0.0130    0.9930    0.1174
   -0.7655   -0.0854    0.6377
    0.6432   -0.0816    0.7613
...   127 G-C ...
   -2.4919   79.7401  -38.5173
   -0.4447    0.8288    0.3396
   -0.6865   -0.5589    0.4652
    0.5754   -0.0263    0.8175
...   128 A-T ...
   -0.5497   79.4693  -36.0936
   -0.7644    0.3726    0.5263
   -0.3481   -0.9254    0.1495
    0.5427   -0.0689    0.8371
...   129 C-G ...
    1.2318   79.9630  -33.3756
   -0.8665   -0.1452    0.4776
    0.0828   -0.9853   -0.1492
    0.4922   -0.0897    0.8658
...   130 C-G ...
    2.2198   80.1672  -30.1036
   -0.7989   -0.5678    0.1987
    0.4896   -0.8056   -0.3334
    0.3494   -0.1691    0.9216
...   131 A-T ...
    2.6278   79.0110  -26.9858
   -0.5927   -0.7685   -0.2410
    0.7938   -0.5065   -0.3367
    0.1367   -0.3909    0.9102
...   132 A-T ...
    2.7831   77.6535  -24.0319
   -0.0909   -0.8936   -0.4395
    0.9918   -0.0414   -0.1209
    0.0899   -0.4469    0.8900
...   133 A-T ...
    2.6447   76.1252  -21.1134
    0.5033   -0.7661   -0.3998
    0.8615    0.4806    0.1636
    0.0668   -0.4268    0.9019
...   134 T-A ...
    2.3075   74.2307  -18.3904
    0.8657   -0.4293   -0.2574
    0.4984    0.7868    0.3641
    0.0462   -0.4435    0.8951
...   135 G-C ...
    1.4353   72.0970  -15.6051
    0.9809    0.0621    0.1843
   -0.1263    0.9241    0.3607
   -0.1479   -0.3771    0.9143
...   136 T-A ...
    0.5279   69.2393  -13.4690
    0.7351    0.4963    0.4618
   -0.6117    0.7792    0.1365
   -0.2921   -0.3828    0.8764
...   137 G-C ...
   -0.1659   67.4105  -10.8096
    0.1800    0.8794    0.4408
   -0.9276    0.3008   -0.2214
   -0.3274   -0.3691    0.8698
...   138 A-T ...
   -0.1322   66.2180   -7.8217
   -0.3749    0.8570    0.3536
   -0.8857   -0.2184   -0.4098
   -0.2739   -0.4668    0.8409
...   139 G-C ...
   -1.0070   65.6075   -4.9426
   -0.8336    0.5218    0.1811
   -0.5170   -0.6220   -0.5881
   -0.1942   -0.5839    0.7883
...   140 C-G ...
   -0.6975   63.9003   -2.2529
   -0.9992    0.0157   -0.0376
    0.0023   -0.8993   -0.4374
   -0.0406   -0.4371    0.8985
...   141 G-C ...
   -3.4383   60.2385    1.0282
   -0.4425    0.2285   -0.8672
    0.1683   -0.9287   -0.3306
   -0.8808   -0.2922    0.3725
...   142 C-G ...
   -6.3289   59.0834    1.6292
   -0.2970   -0.3280   -0.8968
    0.5656   -0.8171    0.1115
   -0.7693   -0.4741    0.4282
...   143 T-A ...
   -8.6769   58.7243    3.6023
   -0.0347   -0.7817   -0.6227
    0.6533   -0.4893    0.5778
   -0.7563   -0.3868    0.5276
...   144 C-G ...
  -11.6545   58.0114    4.7192
    0.2451   -0.9542   -0.1716
    0.6322    0.0231    0.7745
   -0.7350   -0.2983    0.6089
...   145 A-T ...
  -14.1761   56.5668    6.1805
    0.5795   -0.7268    0.3687
    0.3139    0.6165    0.7220
   -0.7521   -0.3027    0.5855
...   146 C-G ...
  -16.4652   53.8949    7.5152
    0.5336   -0.3331    0.7774
   -0.0346    0.9098    0.4136
   -0.8450   -0.2476    0.4739
...   147 A-T ...
  -19.0173   52.0374    8.9259
    0.2452    0.2907    0.9249
   -0.3073    0.9281   -0.2103
   -0.9195   -0.2327    0.3169
