  147 base-pairs
...     1 A-T ...
    0.0000    0.0000    0.0000
    1.0000    0.0000    0.0000
    0.0000    1.0000    0.0000
    0.0000    0.0000    1.0000
...     2 G-C ...
   -0.1404   -1.2353    3.2259
    0.7530    0.6366    0.1668
   -0.6385    0.7681   -0.0490
   -0.1593   -0.0696    0.9848
...     3 T-A ...
   -0.0377   -3.2918    6.3749
    0.2722    0.9302    0.2464
   -0.9238    0.3243   -0.2034
   -0.2691   -0.1722    0.9476
...     4 G-C ...
   -0.3520   -4.1638    9.4928
   -0.3756    0.9250    0.0576
   -0.8780   -0.3352   -0.3416
   -0.2967   -0.1788    0.9381
...     5 A-T ...
   -0.4480   -4.1448   12.7498
   -0.8116    0.5839   -0.0166
   -0.5522   -0.7762   -0.3042
   -0.1905   -0.2377    0.9525
...     6 G-C ...
   -1.5926   -4.1701   15.6201
   -0.9976    0.0246   -0.0651
   -0.0043   -0.9555   -0.2950
   -0.0694   -0.2940    0.9533
...     7 C-G ...
   -1.1050   -4.4793   18.7363
   -0.8442   -0.5302   -0.0787
    0.5343   -0.8442   -0.0430
   -0.0437   -0.0784    0.9960
...     8 G-C ...
   -2.4044   -7.7255   23.1483
   -0.2753   -0.3294   -0.9032
    0.6650   -0.7437    0.0686
   -0.6943   -0.5817    0.4238
...     9 C-G ...
   -4.4706   -9.9691   24.1142
    0.1145   -0.7026   -0.7023
    0.8512   -0.2951    0.4341
   -0.5123   -0.6475    0.5642
...    10 T-A ...
   -6.7420  -10.8705   25.9717
    0.4841   -0.8363   -0.2573
    0.6594    0.1554    0.7356
   -0.5752   -0.5257    0.6267
...    11 C-G ...
   -9.1682  -12.6167   27.1662
    0.7073   -0.6683    0.2306
    0.3450    0.6110    0.7125
   -0.6170   -0.4243    0.6627
...    12 A-T ...
  -10.9253  -14.6583   29.0713
    0.7515   -0.1377    0.6452
   -0.2027    0.8824    0.4245
   -0.6278   -0.4498    0.6352
...    13 C-G ...
  -11.8495  -17.4796   31.2472
    0.4294    0.2824    0.8578
   -0.5708    0.8209    0.0155
   -0.6998   -0.4963    0.5137
...    14 A-T ...
  -13.5915  -19.7756   33.4284
   -0.1503    0.6106    0.7775
   -0.6874    0.5007   -0.5261
   -0.7106   -0.6135    0.3445
...    15 A-T ...
  -15.6883  -21.8611   34.7609
   -0.5068    0.7799    0.3673
   -0.4770    0.1011   -0.8730
   -0.7180   -0.6177    0.3208
...    16 T-A ...
  -17.7828  -23.7563   36.4225
   -0.6614    0.7425   -0.1062
   -0.1637   -0.2810   -0.9456
   -0.7320   -0.6081    0.3074
...    17 T-A ...
  -20.1618  -25.5606   37.6407
   -0.6110    0.5099   -0.6056
    0.2174   -0.6275   -0.7476
   -0.7612   -0.5884    0.2726
...    18 T-A ...
  -22.7430  -27.2189   38.6115
   -0.3554    0.1434   -0.9237
    0.5002   -0.8056   -0.3175
   -0.7896   -0.5749    0.2145
...    19 A-T ...
  -25.8394  -28.4773   38.9849
    0.1018   -0.1092   -0.9888
    0.5568   -0.8174    0.1476
   -0.8244   -0.5656   -0.0224
...    20 T-A ...
  -28.8110  -29.7529   38.5811
    0.3843   -0.4655   -0.7973
    0.4236   -0.6785    0.6002
   -0.8203   -0.5684   -0.0636
...    21 T-A ...
  -31.5319  -31.4176   38.0717
    0.5673   -0.7452   -0.3505
    0.1288   -0.3402    0.9315
   -0.8134   -0.5736   -0.0970
...    22 C-G ...
  -34.0331  -33.4217   37.5399
    0.5597   -0.7947    0.2350
   -0.2453    0.1120    0.9630
   -0.7915   -0.5966   -0.1323
...    23 G-C ...
  -36.6244  -35.4621   37.5297
    0.3888   -0.5679    0.7255
   -0.5542    0.4849    0.6766
   -0.7360   -0.6651   -0.1262
...    24 C-G ...
  -38.7656  -37.9163   36.9839
    0.0447   -0.2114    0.9764
   -0.6848    0.7051    0.1840
   -0.7274   -0.6768   -0.1133
...    25 A-T ...
  -41.3148  -39.9496   36.5883
   -0.3033    0.2556    0.9180
   -0.5980    0.6989   -0.3922
   -0.7419   -0.6679   -0.0592
...    26 A-T ...
  -43.5423  -42.3155   36.5710
   -0.6004    0.5844    0.5459
   -0.3094    0.4597   -0.8324
   -0.7374   -0.6687   -0.0951
...    27 A-T ...
  -45.8891  -44.5470   36.5376
   -0.6648    0.7470    0.0048
    0.0855    0.0826   -0.9929
   -0.7421   -0.6597   -0.1188
...    28 G-C ...
  -48.4562  -46.5768   36.4407
   -0.4592    0.7550   -0.4681
    0.4131   -0.2850   -0.8649
   -0.7864   -0.5905   -0.1810
...    29 G-C ...
  -51.3546  -48.2304   36.0589
   -0.0812    0.5850   -0.8069
    0.5741   -0.6343   -0.5177
   -0.8147   -0.5053   -0.2844
...    30 C-G ...
  -54.2653  -49.3770   35.1570
    0.2940    0.2244   -0.9291
    0.5148   -0.8562   -0.0439
   -0.8053   -0.4653   -0.3673
...    31 C-G ...
  -57.0113  -50.4594   33.5512
    0.6087   -0.1798   -0.7728
    0.2538   -0.8787    0.4044
   -0.7517   -0.4423   -0.4892
...    32 G-C ...
  -59.1496  -52.1985   31.7275
    0.7428   -0.5524   -0.3783
   -0.1682   -0.7008    0.6932
   -0.6481   -0.4513   -0.6135
...    33 G-C ...
  -60.8943  -53.6800   29.2482
    0.5888   -0.8042    0.0814
   -0.5718   -0.3433    0.7451
   -0.5713   -0.4852   -0.6620
...    34 C-G ...
  -62.3791  -55.3498   26.8090
    0.1991   -0.8550    0.4788
   -0.8174    0.1246    0.5625
   -0.5406   -0.5034   -0.6741
...    35 C-G ...
  -63.9189  -57.2745   24.5159
   -0.2524   -0.6354    0.7298
   -0.8097    0.5516    0.2003
   -0.5298   -0.5403   -0.6537
...    36 C-G ...
  -65.5076  -59.3137   22.3593
   -0.6237   -0.2162    0.7512
   -0.5481    0.8062   -0.2230
   -0.5573   -0.5508   -0.6213
...    37 G-C ...
  -67.4600  -60.7031   20.0710
   -0.7720    0.3052    0.5575
   -0.1025    0.8059   -0.5831
   -0.6273   -0.5073   -0.5909
...    38 A-T ...
  -69.4197  -62.4679   18.1647
   -0.6664    0.7293    0.1550
    0.3695    0.5036   -0.7809
   -0.6476   -0.4631   -0.6051
...    39 C-G ...
  -71.8546  -64.0808   16.6967
   -0.3587    0.9071   -0.2203
    0.6571    0.0777   -0.7498
   -0.6629   -0.4137   -0.6239
...    40 A-T ...
  -74.1532  -65.3157   14.6280
    0.1445    0.8722   -0.4673
    0.7289   -0.4132   -0.5459
   -0.6692   -0.2617   -0.6955
...    41 C-G ...
  -76.6823  -65.6480   12.6182
    0.5293    0.5766   -0.6224
    0.5518   -0.7912   -0.2637
   -0.6445   -0.2039   -0.7369
...    42 G-C ...
  -78.4806  -66.2598    9.9177
    0.8361    0.1195   -0.5355
    0.1600   -0.9867    0.0296
   -0.5248   -0.1104   -0.8440
...    43 A-T ...
  -79.9970  -66.4444    7.0511
    0.8097   -0.4459   -0.3815
   -0.3566   -0.8902    0.2836
   -0.4661   -0.0935   -0.8798
...    44 C-G ...
  -81.0502  -66.2798    3.9287
    0.5321   -0.8302   -0.1661
   -0.7313   -0.5496    0.4039
   -0.4266   -0.0934   -0.8996
...    45 T-A ...
  -82.0432  -66.5670    0.7988
    0.0985   -0.9910    0.0910
   -0.9190   -0.0556    0.3903
   -0.3817   -0.1221   -0.9162
...    46 T-A ...
  -82.9197  -66.9488   -2.3157
   -0.4550   -0.8553    0.2477
   -0.8132    0.5125    0.2758
   -0.3629   -0.0760   -0.9287
...    47 A-T ...
  -84.3078  -66.8185   -5.3532
   -0.8711   -0.3672    0.3261
   -0.3582    0.9293    0.0897
   -0.3360   -0.0387   -0.9411
...    48 C-G ...
  -85.3472  -67.5386   -8.4131
   -0.9271    0.1574    0.3402
    0.1395    0.9873   -0.0764
   -0.3479   -0.0234   -0.9372
...    49 T-A ...
  -86.7107  -67.8474  -11.3953
   -0.7068    0.6324    0.3170
    0.5916    0.7741   -0.2253
   -0.3879    0.0283   -0.9213
...    50 G-C ...
  -88.1098  -67.5628  -14.3889
   -0.2323    0.9309    0.2819
    0.8736    0.3271   -0.3604
   -0.4277    0.1625   -0.8892
...    51 T-A ...
  -90.0475  -66.9933  -16.9493
    0.2541    0.9587    0.1278
    0.8753   -0.1717   -0.4522
   -0.4115    0.2268   -0.8827
...    52 A-T ...
  -91.7441  -65.6553  -19.5102
    0.7147    0.6942    0.0854
    0.6317   -0.5882   -0.5049
   -0.3003    0.4148   -0.8589
...    53 G-C ...
  -92.7630  -63.9111  -22.0914
    0.9572    0.2760   -0.0868
    0.1944   -0.8358   -0.5135
   -0.2142    0.4746   -0.8537
...    54 G-C ...
  -93.0955  -61.8490  -24.7411
    0.9388   -0.2368   -0.2503
   -0.3297   -0.8281   -0.4533
   -0.0999    0.5081   -0.8555
...    55 T-A ...
  -92.9949  -59.7414  -27.2664
    0.6492   -0.6335   -0.4210
   -0.7581   -0.5843   -0.2898
   -0.0623    0.5073   -0.8595
...    56 A-T ...
  -93.2438  -58.1361  -30.1538
    0.0935   -0.8604   -0.5009
   -0.9951   -0.0977   -0.0179
   -0.0335    0.5001   -0.8653
...    57 T-A ...
  -92.6411  -56.5731  -33.0050
   -0.4154   -0.7828   -0.4633
   -0.9093    0.3435    0.2349
   -0.0247    0.5189   -0.8545
...    58 C-G ...
  -92.6331  -54.9659  -35.8541
   -0.8632   -0.4453   -0.2380
   -0.5039    0.7306    0.4608
   -0.0313    0.5177   -0.8550
...    59 T-A ...
  -92.7480  -53.5593  -38.8349
   -0.9972   -0.0362    0.0660
    0.0036    0.8534    0.5212
   -0.0752    0.5200   -0.8509
...    60 C-G ...
  -93.0236  -51.9570  -41.6611
   -0.8157    0.4333    0.3833
    0.5696    0.7170    0.4018
   -0.1007    0.5461   -0.8317
...    61 G-C ...
  -93.1574  -49.9211  -44.2579
   -0.3787    0.6559    0.6530
    0.9121    0.3843    0.1429
   -0.1572    0.6497   -0.7437
...    62 A-T ...
  -93.7977  -47.8150  -46.6284
    0.1989    0.7103    0.6752
    0.9687   -0.0380   -0.2453
   -0.1485    0.7029   -0.6956
...    63 G-C ...
  -94.5613  -45.3437  -48.6393
    0.6580    0.5269    0.5379
    0.7469   -0.3659   -0.5552
   -0.0957    0.7671   -0.6344
...    64 C-G ...
  -95.0117  -42.5396  -50.2596
    0.9533    0.2077    0.2192
    0.2996   -0.5601   -0.7723
   -0.0376    0.8020   -0.5962
...    65 T-A ...
  -94.9731  -39.6600  -51.8332
    0.9768   -0.1577   -0.1447
   -0.2086   -0.5494   -0.8091
    0.0481    0.8205   -0.5696
...    66 C-G ...
  -94.5589  -36.9672  -53.6050
    0.6887   -0.4662   -0.5553
   -0.7185   -0.3361   -0.6089
    0.0972    0.8183   -0.5665
...    67 G-C ...
  -94.3710  -34.4911  -55.7855
    0.1840   -0.6417   -0.7445
   -0.9678    0.0143   -0.2515
    0.1720    0.7668   -0.6184
...    68 G-C ...
  -93.4378  -32.0794  -57.9382
   -0.3635   -0.5805   -0.7286
   -0.9143    0.3725    0.1593
    0.1789    0.7241   -0.6661
...    69 G-C ...
  -92.6168  -29.8549  -60.3224
   -0.8013   -0.3359   -0.4950
   -0.5811    0.6335    0.5109
    0.1420    0.6971   -0.7028
...    70 T-A ...
  -91.9302  -28.0106  -62.9923
   -0.9874    0.0226   -0.1568
   -0.0946    0.7098    0.6980
    0.1271    0.7040   -0.6987
...    71 C-G ...
  -91.5443  -25.7916  -65.3553
   -0.8686    0.4011    0.2909
    0.4843    0.5630    0.6697
    0.1048    0.7226   -0.6833
...    72 A-T ...
  -91.1878  -23.3329  -67.5403
   -0.4800    0.5509    0.6827
    0.8765    0.2679    0.4001
    0.0375    0.7904   -0.6114
...    73 T-A ...
  -91.7357  -20.8578  -69.6091
    0.0027    0.5908    0.8068
    0.9992   -0.0345    0.0219
    0.0408    0.8061   -0.5904
...    74 G-C ...
  -91.6120  -17.9912  -71.2932
    0.5098    0.3571    0.7827
    0.8547   -0.3131   -0.4139
    0.0973    0.8800   -0.4648
...    75 T-A ...
  -91.6881  -14.8944  -72.3234
    0.8571    0.1043    0.5045
    0.4954   -0.4355   -0.7516
    0.1413    0.8941   -0.4249
...    76 T-A ...
  -91.2677  -11.8800  -73.4004
    0.9836   -0.1760    0.0386
   -0.0370   -0.4065   -0.9129
    0.1764    0.8965   -0.4064
...    77 A-T ...
  -90.3657   -8.8859  -74.4882
    0.7910   -0.4654   -0.3971
   -0.5332   -0.2061   -0.8205
    0.3000    0.8608   -0.4112
...    78 T-A ...
  -88.8904   -6.0662  -75.3109
    0.4276   -0.5074   -0.7481
   -0.8488    0.0593   -0.5254
    0.3110    0.8596   -0.4053
...    79 A-T ...
  -87.9293   -3.2362  -76.7351
   -0.1432   -0.3993   -0.9056
   -0.9327    0.3605   -0.0115
    0.3310    0.8430   -0.4240
...    80 A-T ...
  -86.5546   -0.6660  -78.1773
   -0.6275   -0.1044   -0.7716
   -0.6972    0.5164    0.4972
    0.3466    0.8500   -0.3968
...    81 C-G ...
  -85.1418    1.7721  -79.9206
   -0.8982    0.1625   -0.4086
   -0.2826    0.4985    0.8195
    0.3368    0.8515   -0.4019
...    82 G-C ...
  -84.1028    4.7591  -80.8770
   -0.9385    0.3177    0.1353
    0.2440    0.3329    0.9108
    0.2443    0.8878   -0.3900
...    83 G-C ...
  -83.4917    7.6593  -82.4666
   -0.6961    0.3620    0.6200
    0.6945    0.1208    0.7093
    0.1819    0.9243   -0.3355
...    84 A-T ...
  -83.0034   10.6479  -83.6289
   -0.2016    0.3148    0.9275
    0.9637   -0.1056    0.2453
    0.1751    0.9433   -0.2821
...    85 A-T ...
  -82.7275   13.7567  -84.4574
    0.3374    0.1741    0.9251
    0.9228   -0.2554   -0.2885
    0.1861    0.9510   -0.2468
...    86 T-A ...
  -82.6644   16.9970  -84.8528
    0.7318   -0.0018    0.6815
    0.6494   -0.3016   -0.6981
    0.2068    0.9534   -0.2196
...    87 C-G ...
  -81.9233   20.1089  -85.3363
    0.9527   -0.2314    0.1971
    0.1451   -0.2233   -0.9639
    0.2671    0.9469   -0.1791
...    88 C-G ...
  -80.7332   23.2479  -85.4862
    0.8603   -0.4097   -0.3034
   -0.3447   -0.0291   -0.9382
    0.3756    0.9117   -0.1663
...    89 G-C ...
  -79.3621   26.1081  -86.4143
    0.5003   -0.4627   -0.7318
   -0.7135    0.2585   -0.6512
    0.4905    0.8480   -0.2008
...    90 C-G ...
  -77.3320   28.6318  -87.0093
    0.0307   -0.2829   -0.9587
   -0.8528    0.4929   -0.1727
    0.5213    0.8228   -0.2261
...    91 T-A ...
  -75.3276   31.0934  -87.9036
   -0.4245   -0.0166   -0.9053
   -0.7327    0.5936    0.3327
    0.5318    0.8046   -0.2642
...    92 T-A ...
  -73.3474   33.4805  -88.8945
   -0.7399    0.3526   -0.5729
   -0.3744    0.4917    0.7862
    0.5589    0.7962   -0.2318
...    93 T-A ...
  -71.4198   35.8934  -89.9191
   -0.8057    0.5908   -0.0419
    0.0916    0.1941    0.9767
    0.5852    0.7831   -0.2105
...    94 A-T ...
  -69.4927   38.5090  -90.5537
   -0.6426    0.5547    0.5285
    0.5247   -0.1841    0.8311
    0.5583    0.8114   -0.1727
...    95 A-T ...
  -67.9005   41.2337  -91.2693
   -0.2663    0.3470    0.8993
    0.7814   -0.4685    0.4122
    0.5644    0.8125   -0.1464
...    96 C-G ...
  -66.6146   44.1929  -91.7730
    0.1214    0.0196    0.9924
    0.8119   -0.5772   -0.0879
    0.5711    0.8164   -0.0860
...    97 A-T ...
  -64.7696   46.9718  -91.8548
    0.4247   -0.4142    0.8050
    0.6575   -0.4701   -0.5887
    0.6223    0.7794    0.0727
...    98 C-G ...
  -63.0859   49.6371  -91.0375
    0.6516   -0.6413    0.4051
    0.3818   -0.1841   -0.9057
    0.6554    0.7449    0.1249
...    99 T-A ...
  -60.9132   51.9300  -90.1688
    0.6944   -0.7115   -0.1077
    0.0496    0.1967   -0.9792
    0.7179    0.6746    0.1719
...   100 T-A ...
  -58.5383   53.9529  -89.3142
    0.6024   -0.4961   -0.6253
   -0.3176    0.5697   -0.7580
    0.7323    0.6552    0.1856
...   101 T-A ...
  -56.0173   55.8244  -88.4943
    0.3416   -0.0852   -0.9360
   -0.5857    0.7595   -0.2829
    0.7350    0.6448    0.2095
...   102 A-T ...
  -53.7549   58.1625  -87.8023
   -0.0572    0.3988   -0.9152
   -0.6666    0.6672    0.3324
    0.7432    0.6291    0.2277
...   103 T-A ...
  -50.8992   59.7945  -87.4302
   -0.3624    0.6954   -0.6205
   -0.5547    0.3741    0.7432
    0.7490    0.6136    0.2502
...   104 G-C ...
  -48.5952   61.9435  -86.4795
   -0.6601    0.7410   -0.1235
   -0.2624   -0.0733    0.9622
    0.7039    0.6675    0.2428
...   105 C-G ...
  -46.2386   64.2076  -86.0687
   -0.7309    0.5597    0.3905
    0.1141   -0.4639    0.8785
    0.6728    0.6867    0.2752
...   106 T-A ...
  -44.2376   66.7146  -85.3407
   -0.6294    0.2031    0.7501
    0.4557   -0.6854    0.5680
    0.6294    0.6993    0.3388
...   107 T-A ...
  -42.3940   69.1609  -84.3258
   -0.3191   -0.2255    0.9205
    0.7166   -0.6930    0.0786
    0.6202    0.6848    0.3827
...   108 C-G ...
  -40.5227   71.4139  -82.9616
    0.0731   -0.6241    0.7779
    0.7836   -0.4466   -0.4320
    0.6170    0.6411    0.4564
...   109 C-G ...
  -38.7836   73.5106  -80.9956
    0.3714   -0.8420    0.3913
    0.6673   -0.0510   -0.7430
    0.6456    0.5371    0.5429
...   110 G-C ...
  -36.3743   74.9318  -79.2435
    0.5579   -0.8192   -0.1330
    0.4406    0.4282   -0.7890
    0.7033    0.3816    0.5998
...   111 G-C ...
  -33.9461   75.6241  -77.0147
    0.6416   -0.5118   -0.5714
    0.1441    0.8121   -0.5655
    0.7534    0.2805    0.5947
...   112 C-G ...
  -31.3392   76.0351  -75.0377
    0.5999   -0.0091   -0.8000
   -0.1845    0.9714   -0.1495
    0.7785    0.2373    0.5811
...   113 T-A ...
  -28.5927   76.4678  -73.2561
    0.4056    0.4885   -0.7726
   -0.4385    0.8456    0.3044
    0.8020    0.2153    0.5571
...   114 C-G ...
  -25.8726   77.1058  -71.5377
    0.0836    0.8927   -0.4429
   -0.5917    0.4021    0.6988
    0.8018    0.2036    0.5618
...   115 G-C ...
  -23.5390   77.8125  -69.2974
   -0.3092    0.9508   -0.0215
   -0.5518   -0.1610    0.8183
    0.7746    0.2648    0.5744
...   116 T-A ...
  -20.7334   78.9093  -67.9053
   -0.5637    0.7314    0.3838
   -0.3367   -0.6278    0.7018
    0.7542    0.2664    0.6002
...   117 A-T ...
  -18.2782   79.9662  -65.9564
   -0.7353    0.2503    0.6299
    0.0124   -0.9242    0.3817
    0.6776    0.2885    0.6764
...   118 T-A ...
  -16.2784   81.5249  -63.9013
   -0.6639   -0.2354    0.7098
    0.3596   -0.9327    0.0270
    0.6557    0.2731    0.7039
...   119 A-T ...
  -14.6994   82.8675  -61.2527
   -0.5611   -0.6906    0.4564
    0.6509   -0.7087   -0.2723
    0.5115    0.1443    0.8471
...   120 A-T ...
  -13.3424   83.3490  -58.3792
   -0.1728   -0.9674    0.1851
    0.8613   -0.2396   -0.4480
    0.4777    0.0820    0.8747
...   121 T-A ...
  -12.4402   83.5385  -55.2579
    0.2390   -0.9672   -0.0861
    0.8503    0.2513   -0.4624
    0.4689    0.0373    0.8825
...   122 G-C ...
  -10.7652   83.2678  -52.4110
    0.5918   -0.6841   -0.4264
    0.6304    0.7224   -0.2840
    0.5023   -0.1007    0.8588
...   123 T-A ...
   -9.4071   82.3294  -49.5648
    0.8187   -0.2260   -0.5280
    0.2639    0.9645   -0.0036
    0.5100   -0.1364    0.8493
...   124 G-C ...
   -7.5139   82.0807  -46.8828
    0.7991    0.3615   -0.4804
   -0.2148    0.9180    0.3333
    0.5615   -0.1631    0.8112
...   125 T-A ...
   -5.4287   81.0299  -44.5020
    0.5808    0.7803   -0.2320
   -0.5935    0.6010    0.5353
    0.5571   -0.1732    0.8122
...   126 C-G ...
   -3.5099   80.4018  -41.9162
    0.1310    0.9829    0.1295
   -0.8278    0.0365    0.5599
    0.5456   -0.1805    0.8184
...   127 G-C ...
   -2.1240   79.6096  -39.0184
   -0.3866    0.8579    0.3384
   -0.7824   -0.4994    0.3721
    0.4883   -0.1209    0.8643
...   128 A-T ...
   -0.4108   79.1903  -36.2893
   -0.7827    0.4349    0.4453
   -0.4430   -0.8918    0.0923
    0.4373   -0.1250    0.8906
...   129 C-G ...
    1.0722   79.3912  -33.3929
   -0.9244   -0.0530    0.3777
   -0.0031   -0.9892   -0.1463
    0.3814   -0.1364    0.9143
...   130 C-G ...
    2.1546   79.3467  -30.2065
   -0.8497   -0.5137    0.1191
    0.4603   -0.8327   -0.3078
    0.2572   -0.2067    0.9440
...   131 A-T ...
    2.6827   78.6573  -26.9803
   -0.5367   -0.8134   -0.2243
    0.8362   -0.4773   -0.2702
    0.1128   -0.3326    0.9363
...   132 A-T ...
    2.6997   77.5311  -23.9670
   -0.0222   -0.9211   -0.3886
    0.9970    0.0087   -0.0775
    0.0748   -0.3891    0.9181
...   133 A-T ...
    2.6302   76.0909  -21.0793
    0.5127   -0.7622   -0.3952
    0.8566    0.4850    0.1759
    0.0576   -0.4287    0.9016
...   134 T-A ...
    2.3075   74.2307  -18.3902
    0.8657   -0.4293   -0.2574
    0.4984    0.7868    0.3641
    0.0462   -0.4435    0.8951
...   135 G-C ...
    1.4354   72.0970  -15.6049
    0.9809    0.0621    0.1843
   -0.1263    0.9241    0.3607
   -0.1479   -0.3771    0.9143
...   136 T-A ...
    0.5279   69.2393  -13.4688
    0.7351    0.4963    0.4618
   -0.6117    0.7792    0.1365
   -0.2921   -0.3828    0.8764
...   137 G-C ...
   -0.1659   67.4105  -10.8094
    0.1800    0.8794    0.4408
   -0.9276    0.3008   -0.2214
   -0.3274   -0.3691    0.8698
...   138 A-T ...
   -0.1322   66.2180   -7.8216
   -0.3749    0.8570    0.3536
   -0.8857   -0.2184   -0.4098
   -0.2739   -0.4668    0.8409
...   139 G-C ...
   -1.0069   65.6074   -4.9424
   -0.8336    0.5218    0.1811
   -0.5170   -0.6220   -0.5881
   -0.1942   -0.5839    0.7883
...   140 C-G ...
   -0.6975   63.9003   -2.2528
   -0.9992    0.0157   -0.0376
    0.0023   -0.8993   -0.4374
   -0.0406   -0.4371    0.8985
...   141 G-C ...
   -3.4383   60.2385    1.0284
   -0.4425    0.2285   -0.8672
    0.1683   -0.9287   -0.3306
   -0.8808   -0.2922    0.3725
...   142 C-G ...
   -6.3289   59.0834    1.6294
   -0.2970   -0.3280   -0.8968
    0.5656   -0.8171    0.1115
   -0.7693   -0.4741    0.4282
...   143 T-A ...
   -8.6769   58.7242    3.6024
   -0.0347   -0.7817   -0.6227
    0.6533   -0.4893    0.5778
   -0.7563   -0.3868    0.5276
...   144 C-G ...
  -11.6545   58.0113    4.7193
    0.2451   -0.9542   -0.1716
    0.6322    0.0231    0.7745
   -0.7350   -0.2983    0.6089
...   145 A-T ...
  -14.1761   56.5668    6.1807
    0.5795   -0.7268    0.3687
    0.3139    0.6165    0.7220
   -0.7521   -0.3027    0.5855
...   146 C-G ...
  -16.4652   53.8949    7.5153
    0.5336   -0.3331    0.7774
   -0.0346    0.9098    0.4136
   -0.8450   -0.2476    0.4739
...   147 A-T ...
  -19.0173   52.0374    8.9261
    0.2452    0.2907    0.9249
   -0.3073    0.9281   -0.2103
   -0.9195   -0.2327    0.3169
