  147 base-pairs
...     1 A-T ...
    0.0000    0.0000    0.0000
    1.0000    0.0000    0.0000
    0.0000    1.0000    0.0000
    0.0000    0.0000    1.0000
...     2 G-C ...
   -0.1404   -1.2353    3.2259
    0.7530    0.6366    0.1668
   -0.6385    0.7681   -0.0490
   -0.1593   -0.0696    0.9848
...     3 T-A ...
   -0.0377   -3.2918    6.3749
    0.2722    0.9302    0.2464
   -0.9238    0.3243   -0.2034
   -0.2691   -0.1722    0.9476
...     4 G-C ...
   -0.3520   -4.1638    9.4928
   -0.3756    0.9250    0.0576
   -0.8780   -0.3352   -0.3416
   -0.2967   -0.1788    0.9381
...     5 A-T ...
   -0.4480   -4.1448   12.7498
   -0.8116    0.5839   -0.0166
   -0.5522   -0.7762   -0.3042
   -0.1905   -0.2377    0.9525
...     6 G-C ...
   -1.5926   -4.1701   15.6201
   -0.9976    0.0246   -0.0651
   -0.0043   -0.9555   -0.2950
   -0.0694   -0.2940    0.9533
...     7 C-G ...
   -1.1050   -4.4793   18.7363
   -0.8442   -0.5302   -0.0787
    0.5343   -0.8442   -0.0430
   -0.0437   -0.0784    0.9960
...     8 G-C ...
   -2.4044   -7.7255   23.1483
   -0.2753   -0.3294   -0.9032
    0.6650   -0.7437    0.0686
   -0.6943   -0.5817    0.4238
...     9 C-G ...
   -4.4706   -9.9691   24.1142
    0.1145   -0.7026   -0.7023
    0.8512   -0.2951    0.4341
   -0.5123   -0.6475    0.5642
...    10 T-A ...
   -6.7420  -10.8705   25.9717
    0.4841   -0.8363   -0.2573
    0.6594    0.1554    0.7356
   -0.5752   -0.5257    0.6267
...    11 C-G ...
   -9.1682  -12.6167   27.1662
    0.7073   -0.6683    0.2306
    0.3450    0.6110    0.7125
   -0.6170   -0.4243    0.6627
...    12 A-T ...
  -10.9253  -14.6583   29.0713
    0.7515   -0.1377    0.6452
   -0.2027    0.8824    0.4245
   -0.6278   -0.4498    0.6352
...    13 C-G ...
  -11.8495  -17.4796   31.2472
    0.4294    0.2824    0.8578
   -0.5708    0.8209    0.0155
   -0.6998   -0.4963    0.5137
...    14 A-T ...
  -13.5915  -19.7756   33.4284
   -0.1503    0.6106    0.7775
   -0.6874    0.5007   -0.5261
   -0.7106   -0.6135    0.3445
...    15 A-T ...
  -15.7654  -21.8929   34.5422
   -0.4956    0.7962    0.3471
   -0.4639    0.0953   -0.8808
   -0.7343   -0.5975    0.3221
...    16 T-A ...
  -17.9096  -23.8311   36.3076
   -0.6900    0.7066   -0.1571
   -0.1170   -0.3230   -0.9392
   -0.7143   -0.6296    0.3055
...    17 T-A ...
  -20.2534  -25.7137   37.6616
   -0.6451    0.3762   -0.6651
    0.3166   -0.6606   -0.6807
   -0.6954   -0.6497    0.3070
...    18 T-A ...
  -22.6070  -27.6387   38.6562
   -0.3215    0.0217   -0.9467
    0.6009   -0.7680   -0.2217
   -0.7318   -0.6401    0.2338
...    19 A-T ...
  -25.0894  -29.6352   39.0543
    0.1314   -0.1887   -0.9732
    0.6509   -0.7241    0.2283
   -0.7477   -0.6634    0.0276
...    20 T-A ...
  -27.9384  -31.2682   38.7890
    0.4500   -0.5013   -0.7391
    0.4938   -0.5499    0.6736
   -0.7441   -0.6680    0.0001
...    21 T-A ...
  -30.4788  -33.3190   38.4677
    0.6608   -0.7049   -0.2577
    0.1513   -0.2112    0.9657
   -0.7351   -0.6771   -0.0329
...    22 C-G ...
  -32.7891  -35.6152   38.2326
    0.6530   -0.6803    0.3329
   -0.2687    0.2029    0.9416
   -0.7081   -0.7043   -0.0503
...    23 G-C ...
  -35.0276  -38.0453   38.8037
    0.4713   -0.3780    0.7969
   -0.6354    0.4811    0.6040
   -0.6117   -0.7910   -0.0135
...    24 C-G ...
  -36.7191  -40.8317   38.6382
    0.1024   -0.0338    0.9942
   -0.7896    0.6051    0.1019
   -0.6050   -0.7954    0.0353
...    25 A-T ...
  -39.0827  -43.1258   38.5745
   -0.3487    0.3359    0.8749
   -0.7016    0.5254   -0.4814
   -0.6214   -0.7817    0.0524
...    26 A-T ...
  -40.9815  -45.7854   38.9342
   -0.6947    0.5534    0.4594
   -0.3775    0.2632   -0.8878
   -0.6122   -0.7902    0.0261
...    27 A-T ...
  -42.8335  -48.4332   39.3565
   -0.7988    0.5878   -0.1280
    0.1072   -0.0703   -0.9917
   -0.5919   -0.8060   -0.0068
...    28 G-C ...
  -45.0654  -50.9167   39.7554
   -0.5819    0.5263   -0.6200
    0.4957   -0.3748   -0.7835
   -0.6447   -0.7632   -0.0428
...    29 G-C ...
  -47.6612  -53.2019   39.7179
   -0.1441    0.3444   -0.9277
    0.7250   -0.6013   -0.3359
   -0.6735   -0.7210   -0.1630
...    30 C-G ...
  -50.2493  -55.0955   39.0865
    0.3160    0.0503   -0.9474
    0.6772   -0.7113    0.1882
   -0.6644   -0.7011   -0.2588
...    31 C-G ...
  -52.6458  -57.1270   38.0288
    0.6978   -0.2538   -0.6698
    0.3792   -0.6625    0.6460
   -0.6077   -0.7048   -0.3661
...    32 G-C ...
  -54.1068  -59.4788   36.7811
    0.8630   -0.4518   -0.2260
   -0.0498   -0.5214    0.8519
   -0.5027   -0.7239   -0.4725
...    33 G-C ...
  -55.0842  -62.0778   34.8460
    0.7266   -0.6258    0.2836
   -0.5406   -0.2660    0.7981
   -0.4240   -0.7332   -0.5316
...    34 C-G ...
  -55.9767  -64.6129   32.9832
    0.3237   -0.6578    0.6801
   -0.8673    0.0811    0.4912
   -0.3783   -0.7488   -0.5442
...    35 C-G ...
  -56.9263  -67.4104   31.3010
   -0.2247   -0.5100    0.8303
   -0.9130    0.4079    0.0034
   -0.3404   -0.7573   -0.5573
...    36 C-G ...
  -57.8740  -70.1259   29.5635
   -0.6783   -0.1939    0.7088
   -0.6503    0.6075   -0.4561
   -0.3421   -0.7703   -0.5381
...    37 G-C ...
  -59.2779  -71.9518   26.9417
   -0.9050    0.2224    0.3626
   -0.1434    0.6431   -0.7523
   -0.4005   -0.7328   -0.5501
...    38 A-T ...
  -60.2779  -74.3261   25.1682
   -0.8186    0.5616   -0.1202
    0.4185    0.4399   -0.7946
   -0.3934   -0.7008   -0.5952
...    39 C-G ...
  -61.9690  -76.4950   23.5489
   -0.4702    0.7548   -0.4574
    0.7753    0.1056   -0.6226
   -0.4217   -0.6474   -0.6349
...    40 A-T ...
  -63.5609  -78.5061   21.4629
    0.0695    0.7860   -0.6144
    0.8988   -0.3166   -0.3033
   -0.4329   -0.5311   -0.7284
...    41 C-G ...
  -65.2718  -79.6780   18.9879
    0.5386    0.5835   -0.6078
    0.7442   -0.6677    0.0184
   -0.3951   -0.4622   -0.7939
...    42 G-C ...
  -66.1431  -81.3900   16.2659
    0.9009    0.1734   -0.3978
    0.2993   -0.9121    0.2801
   -0.3143   -0.3714   -0.8736
...    43 A-T ...
  -67.0938  -82.4791   13.4476
    0.9120   -0.3791   -0.1565
   -0.2779   -0.8519    0.4439
   -0.3016   -0.3614   -0.8823
...    44 C-G ...
  -67.7175  -83.0831   10.2537
    0.6509   -0.7473    0.1336
   -0.7187   -0.5500    0.4254
   -0.2444   -0.3729   -0.8951
...    45 T-A ...
  -67.7755  -84.2485    6.7918
    0.1519   -0.9325    0.3276
   -0.9625   -0.0642    0.2636
   -0.2248   -0.3554   -0.9073
...    46 T-A ...
  -67.9269  -85.2380    3.6479
   -0.3526   -0.8636    0.3604
   -0.9110    0.4049    0.0790
   -0.2141   -0.3004   -0.9295
...    47 A-T ...
  -68.8554  -85.9228    0.4899
   -0.8498   -0.4314    0.3029
   -0.4886    0.8603   -0.1453
   -0.1979   -0.2714   -0.9419
...    48 C-G ...
  -69.3032  -87.4202   -2.4598
   -0.9785    0.0830    0.1886
    0.0302    0.9631   -0.2674
   -0.2038   -0.2560   -0.9449
...    49 T-A ...
  -70.2317  -88.6151   -5.4612
   -0.7997    0.5924    0.0980
    0.5364    0.7782   -0.3266
   -0.2697   -0.2086   -0.9401
...    50 G-C ...
  -71.3801  -89.0493   -8.6068
   -0.3419    0.9380    0.0573
    0.8827    0.3415   -0.3227
   -0.3223   -0.0597   -0.9447
...    51 T-A ...
  -72.9451  -89.2405  -11.3852
    0.1236    0.9923   -0.0020
    0.9414   -0.1179   -0.3159
   -0.3137    0.0372   -0.9488
...    52 A-T ...
  -74.8421  -88.0380  -14.0642
    0.5949    0.7893    0.1519
    0.7803   -0.5218   -0.3447
   -0.1928    0.3236   -0.9263
...    53 G-C ...
  -75.8264  -86.6984  -16.8186
    0.9040    0.4175    0.0919
    0.4156   -0.8081   -0.4175
   -0.1001    0.4156   -0.9040
...    54 G-C ...
  -76.1953  -84.2786  -19.5788
    0.9947   -0.0880   -0.0533
   -0.1026   -0.8862   -0.4519
   -0.0075    0.4549   -0.8905
...    55 T-A ...
  -75.8128  -82.3906  -22.2259
    0.8112   -0.5229   -0.2618
   -0.5844   -0.7071   -0.3982
    0.0231    0.4760   -0.8791
...    56 A-T ...
  -75.1482  -80.5486  -25.0068
    0.3479   -0.8425   -0.4114
   -0.9342   -0.2746   -0.2276
    0.0787    0.4635   -0.8826
...    57 T-A ...
  -74.1329  -78.8775  -27.6915
   -0.1561   -0.8501   -0.5030
   -0.9845    0.1751    0.0097
    0.0799    0.4967   -0.8642
...    58 C-G ...
  -73.5909  -77.3932  -30.6536
   -0.7139   -0.5658   -0.4126
   -0.6962    0.6370    0.3311
    0.0755    0.5236   -0.8486
...    59 T-A ...
  -73.2914  -75.9506  -33.6467
   -0.9713   -0.1885   -0.1448
   -0.2362    0.8336    0.4993
    0.0266    0.5192   -0.8542
...    60 C-G ...
  -73.2189  -74.2372  -36.5087
   -0.9373    0.2885    0.1954
    0.3484    0.7878    0.5080
   -0.0074    0.5443   -0.8389
...    61 G-C ...
  -73.1940  -72.0493  -38.9127
   -0.6552    0.4962    0.5697
    0.7419    0.5650    0.3611
   -0.1427    0.6592   -0.7383
...    62 A-T ...
  -73.4680  -69.9220  -41.3368
   -0.1439    0.6507    0.7456
    0.9811    0.1925    0.0214
   -0.1297    0.7345   -0.6661
...    63 G-C ...
  -74.3125  -67.3165  -43.1988
    0.3645    0.5916    0.7191
    0.9236   -0.1311   -0.3604
   -0.1189    0.7955   -0.5941
...    64 C-G ...
  -75.0759  -64.4168  -44.7488
    0.8202    0.3673    0.4385
    0.5661   -0.4115   -0.7143
   -0.0819    0.8341   -0.5454
...    65 T-A ...
  -75.4935  -61.4785  -46.1803
    0.9963    0.0623    0.0589
    0.0824   -0.5056   -0.8588
   -0.0237    0.8605   -0.5089
...    66 C-G ...
  -75.1889  -58.7807  -47.9334
    0.8772   -0.2617   -0.4025
   -0.4774   -0.3872   -0.7888
    0.0506    0.8841   -0.4646
...    67 G-C ...
  -75.3026  -56.2362  -50.1490
    0.4783   -0.4763   -0.7378
   -0.8695   -0.1390   -0.4740
    0.1232    0.8682   -0.4807
...    68 G-C ...
  -74.4848  -53.3372  -51.7183
   -0.0424   -0.5274   -0.8486
   -0.9850    0.1643   -0.0529
    0.1673    0.8336   -0.5264
...    69 T-A ...
  -73.2458  -50.9590  -53.6623
   -0.5522   -0.3901   -0.7368
   -0.8182    0.4234    0.3890
    0.1602    0.8176   -0.5530
...    70 C-G ...
  -72.7623  -48.4371  -55.5734
   -0.9177   -0.1215   -0.3781
   -0.3746    0.5811    0.7225
    0.1320    0.8047   -0.5788
...    71 A-T ...
  -72.1262  -45.7839  -57.5375
   -0.9856    0.1169    0.1225
    0.1679    0.5796    0.7974
    0.0222    0.8065   -0.5909
...    72 T-A ...
  -72.3340  -43.4497  -59.7623
   -0.7863    0.3396    0.5161
    0.6175    0.4568    0.6403
   -0.0183    0.8222   -0.5689
...    73 G-C ...
  -72.7768  -40.6419  -61.7578
   -0.3205    0.4309    0.8436
    0.9455    0.1998    0.2571
   -0.0578    0.8800   -0.4715
...    74 T-A ...
  -73.6895  -37.8304  -63.2511
    0.1879    0.4372    0.8795
    0.9806   -0.0329   -0.1932
   -0.0555    0.8988   -0.4349
...    75 T-A ...
  -74.0121  -34.9214  -64.3795
    0.6602    0.2967    0.6900
    0.7506   -0.2280   -0.6202
   -0.0267    0.9274   -0.3732
...    76 A-T ...
  -73.9069  -31.8343  -65.4404
    0.9429    0.0188    0.3325
    0.3215   -0.3126   -0.8938
    0.0871    0.9497   -0.3008
...    77 T-A ...
  -73.7088  -28.6264  -65.6653
    0.9823   -0.1285   -0.1360
   -0.1668   -0.2723   -0.9477
    0.0847    0.9536   -0.2889
...    78 A-T ...
  -73.3574  -25.5142  -66.7141
    0.7318   -0.3148   -0.6045
   -0.6614   -0.1141   -0.7413
    0.1644    0.9423   -0.2917
...    79 A-T ...
  -72.6543  -22.5180  -67.4949
    0.2646   -0.3354   -0.9041
   -0.9485    0.0786   -0.3068
    0.1740    0.9388   -0.2973
...    80 C-G ...
  -71.3039  -19.4923  -68.4518
   -0.2784   -0.2313   -0.9322
   -0.9447    0.2409    0.2224
    0.1732    0.9426   -0.2856
...    81 G-C ...
  -71.1276  -16.4255  -69.5155
   -0.7653   -0.1510   -0.6258
   -0.6324    0.3580    0.6870
    0.1203    0.9214   -0.3695
...    82 G-C ...
  -70.8376  -13.5247  -71.0228
   -0.9867   -0.0300   -0.1599
   -0.1580    0.4098    0.8984
    0.0386    0.9117   -0.4090
...    83 A-T ...
  -70.7383  -10.6246  -72.5057
   -0.9072    0.1818    0.3794
    0.4203    0.3496    0.8374
    0.0196    0.9191   -0.3935
...    84 G-C ...
  -70.9457   -7.6900  -73.9642
   -0.5755    0.2624    0.7746
    0.8173    0.2189    0.5331
   -0.0297    0.9398   -0.3404
...    85 A-T ...
  -71.3775   -4.5584  -75.2424
    0.0195    0.3066    0.9516
    0.9992    0.0266   -0.0290
   -0.0342    0.9515   -0.3059
...    86 T-A ...
  -72.0929   -1.4324  -75.9995
    0.5171    0.2424    0.8209
    0.8557   -0.1240   -0.5024
   -0.0200    0.9622   -0.2715
...    87 C-G ...
  -72.2264    1.7823  -76.6186
    0.9096    0.0806    0.4077
    0.4151   -0.2239   -0.8818
    0.0201    0.9713   -0.2371
...    88 C-G ...
  -72.2184    5.0105  -77.1682
    0.9847   -0.1667   -0.0513
   -0.0873   -0.2167   -0.9723
    0.1510    0.9619   -0.2279
...    89 G-C ...
  -71.5962    8.0146  -78.3299
    0.7665   -0.3936   -0.5075
   -0.5672   -0.0440   -0.8224
    0.3013    0.9182   -0.2570
...    90 C-G ...
  -70.0416   11.0409  -78.9527
    0.3076   -0.3640   -0.8792
   -0.8921    0.2112   -0.3995
    0.3311    0.9072   -0.2598
...    91 T-A ...
  -68.3715   13.8384  -80.1292
   -0.2372   -0.1829   -0.9541
   -0.8902    0.4342    0.1380
    0.3890    0.8821   -0.2658
...    92 T-A ...
  -66.7617   16.4891  -81.1300
   -0.6828    0.1474   -0.7156
   -0.5959    0.4544    0.6622
    0.4227    0.8785   -0.2224
...    93 T-A ...
  -65.1732   19.1698  -82.0931
   -0.8826    0.4113   -0.2280
   -0.1173    0.2770    0.9537
    0.4553    0.8684   -0.1962
...    94 A-T ...
  -63.5213   22.0034  -82.2673
   -0.7824    0.5124    0.3539
    0.3952   -0.0305    0.9181
    0.4812    0.8582   -0.1787
...    95 A-T ...
  -62.1179   24.7603  -82.9445
   -0.4765    0.3882    0.7889
    0.7360   -0.3147    0.5994
    0.4809    0.8662   -0.1357
...    96 C-G ...
  -61.1377   27.8730  -83.5858
   -0.0684    0.1379    0.9881
    0.8716   -0.4736    0.1265
    0.4854    0.8698   -0.0878
...    97 A-T ...
  -59.6948   30.8518  -83.6941
    0.3305   -0.2503    0.9100
    0.7908   -0.4530   -0.4117
    0.5153    0.8557    0.0482
...    98 C-G ...
  -58.3654   33.8136  -82.9552
    0.6513   -0.4865    0.5824
    0.5338   -0.2517   -0.8073
    0.5393    0.8366    0.0958
...    99 T-A ...
  -56.5114   36.6870  -81.8659
    0.7945   -0.6059    0.0407
    0.1108    0.0787   -0.9907
    0.5971    0.7916    0.1297
...   100 T-A ...
  -54.5044   39.1091  -81.0391
    0.7255   -0.4459   -0.5243
   -0.3480    0.4196   -0.8383
    0.5938    0.7907    0.1492
...   101 T-A ...
  -52.4356   41.4941  -80.3203
    0.4186   -0.1282   -0.8991
   -0.6871    0.6026   -0.4059
    0.5938    0.7877    0.1642
...   102 A-T ...
  -50.6397   44.3051  -79.8451
   -0.0674    0.2559   -0.9643
   -0.7974    0.5671    0.2062
    0.5996    0.7829    0.1659
...   103 T-A ...
  -48.1514   46.4395  -79.6395
   -0.4350    0.4815   -0.7609
   -0.6720    0.3888    0.6303
    0.5993    0.7855    0.1544
...   104 G-C ...
  -46.1487   49.0738  -79.4361
   -0.8028    0.5469   -0.2376
   -0.2544    0.0461    0.9660
    0.5392    0.8359    0.1021
...   105 C-G ...
  -44.6469   51.9688  -79.4564
   -0.8397    0.4463    0.3093
    0.1992   -0.2767    0.9401
    0.5052    0.8510    0.1434
...   106 T-A ...
  -43.1641   55.0437  -79.3182
   -0.6162    0.1829    0.7661
    0.6286   -0.4718    0.6183
    0.4745    0.8626    0.1757
...   107 T-A ...
  -41.8264   57.8971  -78.8209
   -0.2174   -0.1576    0.9633
    0.8611   -0.4956    0.1133
    0.4595    0.8541    0.2434
...   108 C-G ...
  -40.5771   60.7300  -77.8166
    0.2199   -0.4893    0.8439
    0.8535   -0.3224   -0.4094
    0.4724    0.8103    0.3468
...   109 C-G ...
  -39.2463   63.4917  -76.6634
    0.5275   -0.7048    0.4744
    0.6404   -0.0370   -0.7671
    0.5582    0.7084    0.4318
...   110 G-C ...
  -37.2829   65.4037  -75.3659
    0.6815   -0.7317   -0.0137
    0.3531    0.3451   -0.8696
    0.6410    0.5878    0.4935
...   111 G-C ...
  -34.7756   66.7079  -73.5583
    0.7182   -0.4791   -0.5046
   -0.0029    0.7232   -0.6907
    0.6958    0.4975    0.5180
...   112 C-G ...
  -32.1206   67.6983  -71.7469
    0.5871   -0.0310   -0.8089
   -0.3565    0.8872   -0.2928
    0.7268    0.4603    0.5098
...   113 T-A ...
  -29.6254   68.9755  -70.0602
    0.3245    0.4371   -0.8388
   -0.5827    0.7909    0.1868
    0.7451    0.4282    0.5114
...   114 C-G ...
  -27.2890   70.6122  -68.4699
   -0.0704    0.8173   -0.5720
   -0.6410    0.4023    0.6537
    0.7643    0.4126    0.4955
...   115 G-C ...
  -25.0987   72.0082  -66.4736
   -0.4444    0.8892   -0.1088
   -0.5016   -0.1463    0.8526
    0.7422    0.4335    0.5111
...   116 T-A ...
  -22.6465   73.8284  -65.2361
   -0.6666    0.6674    0.3320
   -0.2079   -0.5942    0.7770
    0.7159    0.4489    0.5348
...   117 A-T ...
  -20.2853   75.8441  -63.7639
   -0.7357    0.1885    0.6506
    0.1901   -0.8644    0.4654
    0.6502    0.4660    0.6001
...   118 T-A ...
  -18.5161   77.9293  -62.0738
   -0.5670   -0.2541    0.7835
    0.5040   -0.8594    0.0860
    0.6515    0.4437    0.6154
...   119 A-T ...
  -16.6077   79.3211  -59.8777
   -0.3901   -0.6981    0.6003
    0.7319   -0.6308   -0.2579
    0.5587    0.3387    0.7570
...   120 A-T ...
  -15.1000   80.3853  -57.2343
   -0.0044   -0.9596    0.2813
    0.8450   -0.1540   -0.5121
    0.5347    0.2354    0.8116
...   121 T-A ...
  -13.9142   81.0357  -54.2260
    0.3921   -0.9192   -0.0364
    0.7529    0.3433   -0.5615
    0.5287    0.1928    0.8266
...   122 G-C ...
  -12.1845   81.2011  -51.2726
    0.6701   -0.6000   -0.4370
    0.4579    0.7975   -0.3928
    0.5842    0.0631    0.8092
...   123 T-A ...
  -10.3017   80.7474  -48.6796
    0.8052   -0.1524   -0.5731
    0.1170    0.9882   -0.0985
    0.5814    0.0122    0.8135
...   124 G-C ...
   -8.2482   80.6359  -46.1239
    0.7153    0.4326   -0.5489
   -0.3239    0.9012    0.2881
    0.6193   -0.0282    0.7847
...   125 T-A ...
   -6.0284   80.0447  -43.8154
    0.4483    0.8318   -0.3274
   -0.6366    0.5542    0.5363
    0.6275   -0.0320    0.7779
...   126 C-G ...
   -3.9829   79.9427  -41.4123
    0.0109    0.9979    0.0637
   -0.7770   -0.0316    0.6287
    0.6294   -0.0564    0.7750
...   127 G-C ...
   -2.4843   79.5834  -38.5795
   -0.4287    0.8485    0.3101
   -0.7032   -0.5289    0.4751
    0.5672   -0.0144    0.8235
...   128 A-T ...
   -0.5658   79.3340  -36.1287
   -0.7607    0.4011    0.5103
   -0.3677   -0.9142    0.1703
    0.5349   -0.0581    0.8429
...   129 C-G ...
    1.2034   79.8500  -33.4044
   -0.8718   -0.1198    0.4749
    0.0662   -0.9896   -0.1281
    0.4853   -0.0802    0.8707
...   130 C-G ...
    2.2008   80.0824  -30.1414
   -0.8066   -0.5545    0.2047
    0.4807   -0.8169   -0.3189
    0.3440   -0.1588    0.9254
...   131 A-T ...
    2.6233   78.9529  -27.0141
   -0.5965   -0.7683   -0.2322
    0.7914   -0.5148   -0.3295
    0.1336   -0.3803    0.9151
...   132 A-T ...
    2.7830   77.6259  -24.0470
   -0.0931   -0.8966   -0.4329
    0.9919   -0.0456   -0.1189
    0.0868   -0.4404    0.8936
...   133 A-T ...
    2.6398   76.1138  -21.1186
    0.5019   -0.7688   -0.3962
    0.8625    0.4792    0.1627
    0.0648   -0.4234    0.9036
...   134 T-A ...
    2.3077   74.2306  -18.3903
    0.8657   -0.4293   -0.2574
    0.4984    0.7868    0.3641
    0.0462   -0.4435    0.8951
...   135 G-C ...
    1.4355   72.0969  -15.6050
    0.9809    0.0621    0.1843
   -0.1263    0.9241    0.3607
   -0.1479   -0.3771    0.9143
...   136 T-A ...
    0.5280   69.2391  -13.4689
    0.7351    0.4963    0.4618
   -0.6117    0.7792    0.1365
   -0.2921   -0.3828    0.8764
...   137 G-C ...
   -0.1658   67.4104  -10.8095
    0.1800    0.8794    0.4408
   -0.9276    0.3008   -0.2214
   -0.3274   -0.3691    0.8698
...   138 A-T ...
   -0.1320   66.2178   -7.8216
   -0.3749    0.8570    0.3536
   -0.8857   -0.2184   -0.4098
   -0.2739   -0.4668    0.8409
...   139 G-C ...
   -1.0068   65.6073   -4.9425
   -0.8336    0.5218    0.1811
   -0.5170   -0.6220   -0.5881
   -0.1942   -0.5839    0.7883
...   140 C-G ...
   -0.6973   63.9002   -2.2528
   -0.9992    0.0157   -0.0376
    0.0023   -0.8993   -0.4374
   -0.0406   -0.4371    0.8985
...   141 G-C ...
   -3.4381   60.2384    1.0283
   -0.4425    0.2285   -0.8672
    0.1683   -0.9287   -0.3306
   -0.8808   -0.2922    0.3725
...   142 C-G ...
   -6.3287   59.0832    1.6293
   -0.2970   -0.3280   -0.8968
    0.5656   -0.8171    0.1115
   -0.7693   -0.4741    0.4282
...   143 T-A ...
   -8.6767   58.7241    3.6024
   -0.0347   -0.7817   -0.6227
    0.6533   -0.4893    0.5778
   -0.7563   -0.3868    0.5276
...   144 C-G ...
  -11.6543   58.0112    4.7193
    0.2451   -0.9542   -0.1716
    0.6322    0.0231    0.7745
   -0.7350   -0.2983    0.6089
...   145 A-T ...
  -14.1759   56.5667    6.1806
    0.5795   -0.7268    0.3687
    0.3139    0.6165    0.7220
   -0.7521   -0.3027    0.5855
...   146 C-G ...
  -16.4650   53.8948    7.5153
    0.5336   -0.3331    0.7774
   -0.0346    0.9098    0.4136
   -0.8450   -0.2476    0.4739
...   147 A-T ...
  -19.0171   52.0372    8.9260
    0.2452    0.2907    0.9249
   -0.3073    0.9281   -0.2103
   -0.9195   -0.2327    0.3169
