  147 base-pairs
...     1 A-T ...
    0.0000    0.0000    0.0000
    1.0000    0.0000    0.0000
    0.0000    1.0000    0.0000
    0.0000    0.0000    1.0000
...     2 G-C ...
   -0.1404   -1.2353    3.2259
    0.7530    0.6366    0.1668
   -0.6385    0.7681   -0.0490
   -0.1593   -0.0696    0.9848
...     3 T-A ...
   -0.0377   -3.2918    6.3749
    0.2722    0.9302    0.2464
   -0.9238    0.3243   -0.2034
   -0.2691   -0.1722    0.9476
...     4 G-C ...
   -0.3520   -4.1638    9.4928
   -0.3756    0.9250    0.0576
   -0.8780   -0.3352   -0.3416
   -0.2967   -0.1788    0.9381
...     5 A-T ...
   -0.4480   -4.1448   12.7498
   -0.8116    0.5839   -0.0166
   -0.5522   -0.7762   -0.3042
   -0.1905   -0.2377    0.9525
...     6 G-C ...
   -1.5926   -4.1701   15.6201
   -0.9976    0.0246   -0.0651
   -0.0043   -0.9555   -0.2950
   -0.0694   -0.2940    0.9533
...     7 C-G ...
   -1.1050   -4.4793   18.7363
   -0.8442   -0.5302   -0.0787
    0.5343   -0.8442   -0.0430
   -0.0437   -0.0784    0.9960
...     8 G-C ...
   -2.4044   -7.7255   23.1483
   -0.2753   -0.3294   -0.9032
    0.6650   -0.7437    0.0686
   -0.6943   -0.5817    0.4238
...     9 C-G ...
   -4.4706   -9.9691   24.1142
    0.1145   -0.7026   -0.7023
    0.8512   -0.2951    0.4341
   -0.5123   -0.6475    0.5642
...    10 T-A ...
   -6.7420  -10.8705   25.9717
    0.4841   -0.8363   -0.2573
    0.6594    0.1554    0.7356
   -0.5752   -0.5257    0.6267
...    11 C-G ...
   -9.1682  -12.6167   27.1662
    0.7073   -0.6683    0.2306
    0.3450    0.6110    0.7125
   -0.6170   -0.4243    0.6627
...    12 A-T ...
  -10.9253  -14.6583   29.0713
    0.7515   -0.1377    0.6452
   -0.2027    0.8824    0.4245
   -0.6278   -0.4498    0.6352
...    13 C-G ...
  -11.8495  -17.4796   31.2472
    0.4294    0.2824    0.8578
   -0.5708    0.8209    0.0155
   -0.6998   -0.4963    0.5137
...    14 A-T ...
  -13.5915  -19.7756   33.4284
   -0.1503    0.6106    0.7775
   -0.6874    0.5007   -0.5261
   -0.7106   -0.6135    0.3445
...    15 A-T ...
  -15.7660  -21.8929   34.5404
   -0.4962    0.7960    0.3467
   -0.4630    0.0952   -0.8812
   -0.7344   -0.5978    0.3214
...    16 T-A ...
  -17.9119  -23.8321   36.3026
   -0.6900    0.7063   -0.1581
   -0.1155   -0.3230   -0.9393
   -0.7145   -0.6299    0.3045
...    17 T-A ...
  -20.2573  -25.7161   37.6519
   -0.6440    0.3759   -0.6663
    0.3182   -0.6604   -0.6801
   -0.6957   -0.6500    0.3057
...    18 T-A ...
  -22.6121  -27.6439   38.6389
   -0.3188    0.0218   -0.9476
    0.6018   -0.7677   -0.2201
   -0.7323   -0.6404    0.2316
...    19 A-T ...
  -25.0972  -29.6401   39.0280
    0.1352   -0.1887   -0.9727
    0.6502   -0.7238    0.2308
   -0.7476   -0.6637    0.0249
...    20 T-A ...
  -27.9440  -31.2743   38.7504
    0.4536   -0.5010   -0.7371
    0.4911   -0.5497    0.6758
   -0.7437   -0.6685   -0.0033
...    21 T-A ...
  -30.4809  -33.3272   38.4179
    0.6625   -0.7046   -0.2541
    0.1465   -0.2109    0.9665
   -0.7346   -0.6775   -0.0365
...    22 C-G ...
  -32.7881  -35.6258   38.1720
    0.6514   -0.6798    0.3370
   -0.2743    0.2032    0.9399
   -0.7074   -0.7047   -0.0541
...    23 G-C ...
  -35.0270  -38.0588   38.7323
    0.4665   -0.3774    0.8000
   -0.6397    0.4807    0.5998
   -0.6109   -0.7915   -0.0171
...    24 C-G ...
  -36.7149  -40.8473   38.5570
    0.0958   -0.0334    0.9948
   -0.7909    0.6043    0.0964
   -0.6044   -0.7960    0.0315
...    25 A-T ...
  -39.0831  -43.1395   38.4747
   -0.3572    0.3357    0.8717
   -0.6981    0.5241   -0.4879
   -0.6206   -0.7827    0.0471
...    26 A-T ...
  -40.9814  -45.8019   38.8169
   -0.7006    0.5521    0.4521
   -0.3690    0.2619   -0.8918
   -0.6107   -0.7916    0.0203
...    27 A-T ...
  -42.8318  -48.4545   39.2192
   -0.7991    0.5854   -0.1374
    0.1185   -0.0707   -0.9904
   -0.5895   -0.8077   -0.0128
...    28 G-C ...
  -45.0608  -50.9452   39.5929
   -0.5762    0.5236   -0.6275
    0.5064   -0.3739   -0.7770
   -0.6415   -0.7655   -0.0497
...    29 G-C ...
  -47.6464  -53.2416   39.5259
   -0.1335    0.3422   -0.9301
    0.7315   -0.5991   -0.3255
   -0.6686   -0.7238   -0.1703
...    30 C-G ...
  -50.2190  -55.1477   38.8662
    0.3286    0.0495   -0.9432
    0.6775   -0.7081    0.1988
   -0.6580   -0.7044   -0.2662
...    31 C-G ...
  -52.5915  -57.1926   37.7806
    0.7082   -0.2523   -0.6594
    0.3729   -0.6593    0.6528
   -0.5995   -0.7083   -0.3729
...    32 G-C ...
  -54.0260  -59.5539   36.5181
    0.8684   -0.4483   -0.2119
   -0.0600   -0.5193    0.8525
   -0.4922   -0.7276   -0.4778
...    33 G-C ...
  -54.9641  -62.1624   34.5778
    0.7254   -0.6211    0.2968
   -0.5514   -0.2662    0.7907
   -0.4121   -0.7372   -0.5355
...    34 C-G ...
  -55.8134  -64.7098   32.7102
    0.3163   -0.6535    0.6877
   -0.8754    0.0783    0.4770
   -0.3656   -0.7529   -0.5473
...    35 C-G ...
  -56.7217  -67.5199   31.0254
   -0.2357   -0.5079    0.8285
   -0.9153    0.4026   -0.0136
   -0.3266   -0.7615   -0.5598
...    36 C-G ...
  -57.6280  -70.2483   29.2854
   -0.6899   -0.1945    0.6972
   -0.6455    0.6013   -0.4710
   -0.3276   -0.7750   -0.5404
...    37 G-C ...
  -58.9777  -72.0918   26.6408
   -0.9136    0.2186    0.3430
   -0.1322    0.6380   -0.7586
   -0.3846   -0.7384   -0.5539
...    38 A-T ...
  -59.9287  -74.4825   24.8609
   -0.8194    0.5556   -0.1410
    0.4323    0.4375   -0.7885
   -0.3764   -0.7071   -0.5987
...    39 C-G ...
  -61.5718  -76.6734   23.2203
   -0.4649    0.7483   -0.4731
    0.7880    0.1061   -0.6064
   -0.4036   -0.6548   -0.6391
...    40 A-T ...
  -63.1010  -78.7117   21.1127
    0.0790    0.7804   -0.6203
    0.9075   -0.3138   -0.2792
   -0.4125   -0.5409   -0.7330
...    41 C-G ...
  -64.7460  -79.9202   18.6097
    0.5496    0.5804   -0.6009
    0.7474   -0.6629    0.0433
   -0.3733   -0.4729   -0.7981
...    42 G-C ...
  -65.5425  -81.6703   15.8886
    0.9095    0.1743   -0.3774
    0.2977   -0.9067    0.2987
   -0.2901   -0.3840   -0.8766
...    43 A-T ...
  -66.4185  -82.8002   13.0623
    0.9180   -0.3751   -0.1284
   -0.2839   -0.8479    0.4477
   -0.2769   -0.3746   -0.8849
...    44 C-G ...
  -66.9599  -83.4469    9.8623
    0.6519   -0.7410    0.1609
   -0.7261   -0.5489    0.4140
   -0.2184   -0.3867   -0.8960
...    45 T-A ...
  -66.9228  -84.6615    6.4190
    0.1484   -0.9262    0.3467
   -0.9690   -0.0662    0.2380
   -0.1975   -0.3712   -0.9073
...    46 T-A ...
  -66.9881  -85.7050    3.2919
   -0.3576   -0.8592    0.3659
   -0.9151    0.4005    0.0460
   -0.1861   -0.3184   -0.9295
...    47 A-T ...
  -67.8295  -86.4466    0.1202
   -0.8568   -0.4297    0.2849
   -0.4874    0.8553   -0.1757
   -0.1682   -0.2894   -0.9423
...    48 C-G ...
  -68.1857  -88.0019   -2.8139
   -0.9843    0.0824    0.1562
    0.0350    0.9579   -0.2848
   -0.1731   -0.2749   -0.9458
...    49 T-A ...
  -69.0157  -89.2574   -5.8206
   -0.8042    0.5912    0.0604
    0.5443    0.7735   -0.3247
   -0.2387   -0.2283   -0.9439
...    50 G-C ...
  -70.0490  -89.7574   -8.9938
   -0.3458    0.9380    0.0240
    0.8926    0.3367   -0.2998
   -0.2893   -0.0822   -0.9537
...    51 T-A ...
  -71.5155  -90.0140  -11.8210
    0.1228    0.9922   -0.0229
    0.9520   -0.1243   -0.2796
   -0.2803    0.0125   -0.9598
...    52 A-T ...
  -73.2933  -88.9018  -14.6072
    0.5908    0.7933    0.1469
    0.7906   -0.5330   -0.3013
   -0.1608    0.2942   -0.9421
...    53 G-C ...
  -74.1791  -87.6558  -17.4389
    0.9013    0.4191    0.1094
    0.4278   -0.8222   -0.3755
   -0.0674    0.3853   -0.9203
...    54 G-C ...
  -74.4460  -85.3327  -20.2908
    0.9957   -0.0917   -0.0143
   -0.0891   -0.9011   -0.4243
    0.0261    0.4237   -0.9054
...    55 T-A ...
  -73.9634  -83.5409  -22.9854
    0.8185   -0.5340   -0.2121
   -0.5717   -0.7197   -0.3940
    0.0577    0.4437   -0.8943
...    56 A-T ...
  -73.1781  -81.8023  -25.8042
    0.3607   -0.8591   -0.3631
   -0.9254   -0.2812   -0.2540
    0.1161    0.4277   -0.8964
...    57 T-A ...
  -72.0494  -80.2453  -28.5102
   -0.1392   -0.8702   -0.4726
   -0.9832    0.1782   -0.0385
    0.1177    0.4594   -0.8804
...    58 C-G ...
  -71.3799  -78.8907  -31.5104
   -0.6993   -0.5810   -0.4164
   -0.7058    0.6536    0.2732
    0.1135    0.4849   -0.8672
...    59 T-A ...
  -70.9489  -77.5852  -34.5486
   -0.9657   -0.1901   -0.1769
   -0.2512    0.8567    0.4504
    0.0659    0.4794   -0.8751
...    60 C-G ...
  -70.7527  -75.9959  -37.4708
   -0.9421    0.3043    0.1411
    0.3338    0.8090    0.4839
    0.0331    0.5030   -0.8637
...    61 G-C ...
  -70.5915  -73.9245  -39.9705
   -0.6725    0.5345    0.5119
    0.7334    0.5741    0.3640
   -0.0993    0.6203   -0.7781
...    62 A-T ...
  -70.7108  -71.9279  -42.5151
   -0.1653    0.6939    0.7008
    0.9824    0.1782    0.0554
   -0.0865    0.6976   -0.7112
...    63 G-C ...
  -71.4138  -69.4227  -44.5617
    0.3437    0.6269    0.6992
    0.9360   -0.1685   -0.3090
   -0.0758    0.7607   -0.6447
...    64 C-G ...
  -72.0490  -66.6112  -46.3195
    0.8071    0.3779    0.4536
    0.5891   -0.4648   -0.6610
   -0.0389    0.8007   -0.5978
...    65 T-A ...
  -72.3388  -63.7556  -47.9423
    0.9936    0.0451    0.1039
    0.1113   -0.5600   -0.8210
    0.0211    0.8273   -0.5614
...    66 C-G ...
  -71.8899  -61.1702  -49.8320
    0.8894   -0.3063   -0.3394
   -0.4470   -0.4271   -0.7860
    0.0958    0.8508   -0.5167
...    67 G-C ...
  -71.8064  -58.7750  -52.1958
    0.5037   -0.5360   -0.6775
   -0.8467   -0.1506   -0.5104
    0.1715    0.8307   -0.5297
...    68 G-C ...
  -70.9787  -56.0265  -53.8941
   -0.0268   -0.5721   -0.8198
   -0.9848    0.1560   -0.0766
    0.1717    0.8052   -0.5676
...    69 G-C ...
  -70.1668  -53.4743  -55.8904
   -0.5562   -0.4722   -0.6839
   -0.8180    0.4562    0.3503
    0.1466    0.7543   -0.6400
...    70 A-T ...
  -69.4544  -51.1111  -58.1127
   -0.9294   -0.1186   -0.3494
   -0.3399    0.6436    0.6857
    0.1436    0.7561   -0.6385
...    71 T-A ...
  -68.9602  -49.0624  -60.6587
   -0.9759    0.2106    0.0573
    0.1774    0.6124    0.7704
    0.1271    0.7620   -0.6350
...    72 C-G ...
  -68.7232  -46.6462  -62.8828
   -0.7006    0.5014    0.5077
    0.7045    0.3732    0.6036
    0.1132    0.7806   -0.6147
...    73 C-G ...
  -68.4134  -44.2185  -65.0725
   -0.2731    0.5034    0.8198
    0.9583    0.0684    0.2773
    0.0836    0.8613   -0.5011
...    74 G-C ...
  -67.7573  -41.2991  -66.4161
    0.2316    0.3132    0.9210
    0.9688   -0.1599   -0.1893
    0.0880    0.9361   -0.3404
...    75 C-G ...
  -67.9061  -37.9525  -67.2479
    0.7303    0.1397    0.6687
    0.6754   -0.2944   -0.6762
    0.1024    0.9454   -0.3093
...    76 T-A ...
  -67.5130  -34.5554  -67.6749
    0.9770   -0.0727    0.2007
    0.1746   -0.2686   -0.9473
    0.1227    0.9605   -0.2497
...    77 T-A ...
  -67.0467  -31.3598  -68.0513
    0.9084   -0.1964   -0.3691
   -0.4029   -0.1755   -0.8983
    0.1116    0.9647   -0.2385
...    78 T-A ...
  -66.5161  -28.2070  -68.5495
    0.5378   -0.2556   -0.8034
   -0.8356   -0.0356   -0.5481
    0.1115    0.9661   -0.2327
...    79 A-T ...
  -66.5690  -25.0441  -69.4077
   -0.0235   -0.2088   -0.9777
   -0.9935    0.1135   -0.0003
    0.1110    0.9713   -0.2101
...    80 A-T ...
  -66.0256  -21.9934  -70.1081
   -0.5479   -0.1244   -0.8272
   -0.8306    0.1983    0.5203
    0.0993    0.9722   -0.2120
...    81 C-G ...
  -65.2964  -18.9684  -71.3160
   -0.8954   -0.0150   -0.4449
   -0.4357    0.2348    0.8689
    0.0915    0.9719   -0.2168
...    82 A-T ...
  -65.0827  -15.7962  -72.1791
   -0.9929    0.0306    0.1152
    0.1190    0.2117    0.9701
    0.0053    0.9769   -0.2138
...    83 C-G ...
  -65.4573  -12.7138  -73.4659
   -0.8024    0.1009    0.5882
    0.5965    0.1677    0.7849
   -0.0194    0.9807   -0.1947
...    84 T-A ...
  -66.2518   -9.3195  -74.3965
   -0.3622    0.1237    0.9239
    0.9315    0.0830    0.3541
   -0.0329    0.9888   -0.1453
...    85 T-A ...
  -66.7987   -6.1563  -74.8448
    0.2123    0.1410    0.9670
    0.9769   -0.0049   -0.2137
   -0.0254    0.9900   -0.1388
...    86 T-A ...
  -67.2457   -2.9376  -75.1213
    0.7183    0.1196    0.6854
    0.6952   -0.0847   -0.7138
   -0.0273    0.9892   -0.1440
...    87 T-A ...
  -67.4997    0.2887  -75.3876
    0.9848    0.0205    0.1726
    0.1738   -0.1280   -0.9764
    0.0021    0.9916   -0.1296
...    88 C-G ...
  -67.2052    3.4392  -76.0114
    0.9160   -0.1164   -0.3840
   -0.3935   -0.0725   -0.9165
    0.0788    0.9906   -0.1122
...    89 A-T ...
  -66.5651    6.8051  -75.7781
    0.5875   -0.2489   -0.7700
   -0.7757    0.0979   -0.6235
    0.2306    0.9636   -0.1356
...    90 T-A ...
  -65.3430    9.7884  -76.0459
    0.1366   -0.2052   -0.9692
   -0.9585    0.2198   -0.1816
    0.2503    0.9537   -0.1666
...    91 G-C ...
  -64.2012   12.9140  -76.7406
   -0.4398   -0.0996   -0.8926
   -0.8661    0.3100    0.3921
    0.2376    0.9455   -0.2226
...    92 T-A ...
  -62.9360   15.8048  -77.8524
   -0.8235    0.0760   -0.5622
   -0.5158    0.3126    0.7977
    0.2363    0.9468   -0.2182
...    93 T-A ...
  -62.1618   18.7548  -78.7642
   -0.9707    0.2356   -0.0471
    0.0073    0.2246    0.9744
    0.2402    0.9455   -0.2197
...    94 A-T ...
  -61.4032   21.9464  -79.2948
   -0.8170    0.2693    0.5099
    0.5395    0.0444    0.8408
    0.2038    0.9620   -0.1815
...    95 T-A ...
  -61.2753   24.9897  -80.3580
   -0.4583    0.2632    0.8489
    0.8609   -0.1062    0.4976
    0.2211    0.9589   -0.1779
...    96 A-T ...
  -60.5983   28.1671  -80.7940
    0.0191    0.0569    0.9982
    0.9797   -0.2005   -0.0074
    0.1997    0.9780   -0.0596
...    97 A-T ...
  -60.1613   31.2733  -80.8658
    0.4941   -0.1226    0.8607
    0.8383   -0.1950   -0.5091
    0.2303    0.9731    0.0064
...    98 C-G ...
  -59.8705   34.5827  -80.1883
    0.8424   -0.2518    0.4764
    0.4677   -0.0974   -0.8785
    0.2677    0.9628    0.0357
...    99 G-C ...
  -58.4436   37.4965  -80.2228
    0.8935   -0.4481   -0.0277
    0.0224    0.1062   -0.9941
    0.4484    0.8876    0.1050
...   100 G-C ...
  -56.3778   40.0151  -79.7890
    0.7274   -0.4346   -0.5311
   -0.3806    0.3884   -0.8392
    0.5710    0.8125    0.1171
...   101 A-T ...
  -54.2800   42.5157  -79.2417
    0.3687   -0.1706   -0.9137
   -0.7042    0.5903   -0.3944
    0.6067    0.7889    0.0975
...   102 A-T ...
  -52.0264   44.8682  -78.9064
   -0.0744    0.2048   -0.9760
   -0.7869    0.5891    0.1836
    0.6125    0.7817    0.1173
...   103 T-A ...
  -49.4521   47.0230  -78.8281
   -0.4475    0.4995   -0.7418
   -0.6413    0.3990    0.6554
    0.6234    0.7690    0.1418
...   104 G-C ...
  -47.3790   49.6063  -78.6671
   -0.7966    0.5682   -0.2065
   -0.2218    0.0430    0.9741
    0.5623    0.8218    0.0918
...   105 C-G ...
  -45.8173   52.4668  -78.7134
   -0.8195    0.4618    0.3393
    0.2222   -0.2896    0.9310
    0.5282    0.8384    0.1347
...   106 T-A ...
  -44.2692   55.5103  -78.5943
   -0.5884    0.1889    0.7862
    0.6373   -0.4900    0.5948
    0.4976    0.8510    0.1680
...   107 T-A ...
  -42.8607   58.3321  -78.1139
   -0.1916   -0.1620    0.9680
    0.8544   -0.5129    0.0833
    0.4830    0.8430    0.2367
...   108 C-G ...
  -41.5288   61.1314  -77.1211
    0.2360   -0.5003    0.8331
    0.8351   -0.3340   -0.4371
    0.4969    0.7989    0.3390
...   109 C-G ...
  -40.1139   63.8545  -75.9779
    0.5300   -0.7167    0.4533
    0.6171   -0.0407   -0.7858
    0.5817    0.6962    0.4207
...   110 G-C ...
  -38.0840   65.7278  -74.7271
    0.6710   -0.7405   -0.0388
    0.3325    0.3473   -0.8768
    0.6628    0.5754    0.4792
...   111 G-C ...
  -35.5092   66.9892  -72.9834
    0.6981   -0.4832   -0.5284
   -0.0141    0.7285   -0.6849
    0.7159    0.4855    0.5018
...   112 C-G ...
  -32.7967   67.9404  -71.2386
    0.5638   -0.0309   -0.8253
   -0.3553    0.8931   -0.2761
    0.7456    0.4489    0.4926
...   113 T-A ...
  -30.2431   69.1842  -69.6147
    0.3058    0.4406   -0.8440
   -0.5701    0.7947    0.2084
    0.7626    0.4174    0.4942
...   114 C-G ...
  -27.8462   70.7813  -68.0707
   -0.0786    0.8221   -0.5639
   -0.6210    0.4021    0.6728
    0.7799    0.4031    0.4789
...   115 G-C ...
  -25.5959   72.1460  -66.1186
   -0.4415    0.8925   -0.0921
   -0.4820   -0.1494    0.8634
    0.7568    0.4255    0.4961
...   116 T-A ...
  -23.1051   73.9485  -64.9323
   -0.6554    0.6684    0.3517
   -0.1930   -0.5984    0.7776
    0.7302    0.4417    0.5212
...   117 A-T ...
  -20.7045   75.9524  -63.5035
   -0.7217    0.1875    0.6663
    0.1962   -0.8677    0.4568
    0.6638    0.4604    0.5894
...   118 T-A ...
  -18.8958   78.0232  -61.8386
   -0.5527   -0.2566    0.7929
    0.5029   -0.8614    0.0718
    0.6645    0.4384    0.6051
...   119 A-T ...
  -16.9479   79.4013  -59.6702
   -0.3825   -0.6997    0.6034
    0.7252   -0.6320   -0.2732
    0.5725    0.3331    0.7492
...   120 A-T ...
  -15.3935   80.4489  -57.0474
   -0.0027   -0.9609    0.2770
    0.8362   -0.1541   -0.5264
    0.5484    0.2302    0.8039
...   121 T-A ...
  -14.1595   81.0839  -54.0548
    0.3894   -0.9199   -0.0463
    0.7448    0.3441   -0.5718
    0.5419    0.1882    0.8191
...   122 G-C ...
  -12.3857   81.2383  -51.1300
    0.6638   -0.5986   -0.4485
    0.4526    0.7988   -0.3963
    0.5955    0.0601    0.8011
...   123 T-A ...
  -10.4691   80.7774  -48.5617
    0.7978   -0.1499   -0.5840
    0.1151    0.9887   -0.0965
    0.5918    0.0098    0.8060
...   124 G-C ...
   -8.3869   80.6623  -46.0299
    0.7084    0.4357   -0.5552
   -0.3219    0.8996    0.2952
    0.6281   -0.0304    0.7775
...   125 T-A ...
   -6.1399   80.0664  -43.7486
    0.4435    0.8338   -0.3288
   -0.6319    0.5510    0.5450
    0.6356   -0.0339    0.7713
...   126 C-G ...
   -4.0708   79.9554  -41.3652
    0.0096    0.9977    0.0674
   -0.7710   -0.0356    0.6359
    0.6368   -0.0580    0.7688
...   127 G-C ...
   -2.5438   79.5912  -38.5486
   -0.4285    0.8470    0.3146
   -0.6987   -0.5314    0.4791
    0.5729   -0.0145    0.8195
...   128 A-T ...
   -0.6076   79.3408  -36.1123
   -0.7583    0.3988    0.5156
   -0.3649   -0.9152    0.1713
    0.5402   -0.0583    0.8395
...   129 C-G ...
    1.1769   79.8578  -33.3990
   -0.8690   -0.1219    0.4796
    0.0674   -0.9893   -0.1295
    0.4902   -0.0802    0.8679
...   130 C-G ...
    2.1868   80.0917  -30.1392
   -0.8050   -0.5557    0.2078
    0.4803   -0.8160   -0.3215
    0.3483   -0.1590    0.9238
...   131 A-T ...
    2.6123   78.9600  -27.0110
   -0.5971   -0.7681   -0.2314
    0.7906   -0.5146   -0.3319
    0.1359   -0.3811    0.9145
...   132 A-T ...
    2.7779   77.6294  -24.0460
   -0.0939   -0.8963   -0.4334
    0.9916   -0.0456   -0.1207
    0.0884   -0.4411    0.8931
...   133 A-T ...
    2.6393   76.1158  -21.1183
    0.5015   -0.7686   -0.3971
    0.8627    0.4791    0.1620
    0.0658   -0.4238    0.9033
...   134 T-A ...
    2.3076   74.2307  -18.3903
    0.8657   -0.4293   -0.2574
    0.4984    0.7868    0.3641
    0.0462   -0.4435    0.8951
...   135 G-C ...
    1.4355   72.0970  -15.6050
    0.9809    0.0621    0.1843
   -0.1263    0.9241    0.3607
   -0.1479   -0.3771    0.9143
...   136 T-A ...
    0.5280   69.2393  -13.4689
    0.7351    0.4963    0.4618
   -0.6117    0.7792    0.1365
   -0.2921   -0.3828    0.8764
...   137 G-C ...
   -0.1658   67.4106  -10.8095
    0.1800    0.8794    0.4408
   -0.9276    0.3008   -0.2214
   -0.3274   -0.3691    0.8698
...   138 A-T ...
   -0.1320   66.2180   -7.8217
   -0.3749    0.8570    0.3536
   -0.8857   -0.2184   -0.4098
   -0.2739   -0.4668    0.8409
...   139 G-C ...
   -1.0068   65.6075   -4.9425
   -0.8336    0.5218    0.1811
   -0.5170   -0.6220   -0.5881
   -0.1942   -0.5839    0.7883
...   140 C-G ...
   -0.6974   63.9004   -2.2529
   -0.9992    0.0157   -0.0376
    0.0023   -0.8993   -0.4374
   -0.0406   -0.4371    0.8985
...   141 G-C ...
   -3.4382   60.2385    1.0283
   -0.4425    0.2285   -0.8672
    0.1683   -0.9287   -0.3306
   -0.8808   -0.2922    0.3725
...   142 C-G ...
   -6.3288   59.0834    1.6293
   -0.2970   -0.3280   -0.8968
    0.5656   -0.8171    0.1115
   -0.7693   -0.4741    0.4282
...   143 T-A ...
   -8.6768   58.7243    3.6024
   -0.0347   -0.7817   -0.6227
    0.6533   -0.4893    0.5778
   -0.7563   -0.3868    0.5276
...   144 C-G ...
  -11.6544   58.0114    4.7193
    0.2451   -0.9542   -0.1716
    0.6322    0.0231    0.7745
   -0.7350   -0.2983    0.6089
...   145 A-T ...
  -14.1759   56.5669    6.1806
    0.5795   -0.7268    0.3687
    0.3139    0.6165    0.7220
   -0.7521   -0.3027    0.5855
...   146 C-G ...
  -16.4650   53.8949    7.5152
    0.5336   -0.3331    0.7774
   -0.0346    0.9098    0.4136
   -0.8450   -0.2476    0.4739
...   147 A-T ...
  -19.0172   52.0374    8.9260
    0.2452    0.2907    0.9249
   -0.3073    0.9281   -0.2103
   -0.9195   -0.2327    0.3169
