  147 base-pairs
...     1 A-T ...
    0.0000    0.0000    0.0000
    1.0000    0.0000    0.0000
    0.0000    1.0000    0.0000
    0.0000    0.0000    1.0000
...     2 G-C ...
   -0.1404   -1.2353    3.2259
    0.7530    0.6366    0.1668
   -0.6385    0.7681   -0.0490
   -0.1593   -0.0696    0.9848
...     3 T-A ...
   -0.0377   -3.2918    6.3749
    0.2722    0.9302    0.2464
   -0.9238    0.3243   -0.2034
   -0.2691   -0.1722    0.9476
...     4 G-C ...
   -0.3520   -4.1638    9.4928
   -0.3756    0.9250    0.0576
   -0.8780   -0.3352   -0.3416
   -0.2967   -0.1788    0.9381
...     5 A-T ...
   -0.4480   -4.1448   12.7498
   -0.8116    0.5839   -0.0166
   -0.5522   -0.7762   -0.3042
   -0.1905   -0.2377    0.9525
...     6 G-C ...
   -1.5926   -4.1701   15.6201
   -0.9976    0.0246   -0.0651
   -0.0043   -0.9555   -0.2950
   -0.0694   -0.2940    0.9533
...     7 C-G ...
   -1.1050   -4.4793   18.7363
   -0.8442   -0.5302   -0.0787
    0.5343   -0.8442   -0.0430
   -0.0437   -0.0784    0.9960
...     8 G-C ...
   -2.4044   -7.7255   23.1483
   -0.2753   -0.3294   -0.9032
    0.6650   -0.7437    0.0686
   -0.6943   -0.5817    0.4238
...     9 C-G ...
   -4.4706   -9.9691   24.1142
    0.1145   -0.7026   -0.7023
    0.8512   -0.2951    0.4341
   -0.5123   -0.6475    0.5642
...    10 T-A ...
   -6.7420  -10.8705   25.9717
    0.4841   -0.8363   -0.2573
    0.6594    0.1554    0.7356
   -0.5752   -0.5257    0.6267
...    11 C-G ...
   -9.1682  -12.6167   27.1662
    0.7073   -0.6683    0.2306
    0.3450    0.6110    0.7125
   -0.6170   -0.4243    0.6627
...    12 A-T ...
  -10.9253  -14.6583   29.0713
    0.7515   -0.1377    0.6452
   -0.2027    0.8824    0.4245
   -0.6278   -0.4498    0.6352
...    13 C-G ...
  -11.8495  -17.4796   31.2472
    0.4294    0.2824    0.8578
   -0.5708    0.8209    0.0155
   -0.6998   -0.4963    0.5137
...    14 A-T ...
  -13.5915  -19.7756   33.4284
   -0.1503    0.6106    0.7775
   -0.6874    0.5007   -0.5261
   -0.7106   -0.6135    0.3445
...    15 A-T ...
  -15.6922  -21.8567   34.7572
   -0.5030    0.7824    0.3672
   -0.4770    0.1030   -0.8729
   -0.7208   -0.6142    0.3213
...    16 T-A ...
  -17.7974  -23.7349   36.4174
   -0.6544    0.7487   -0.1060
   -0.1667   -0.2795   -0.9456
   -0.7376   -0.6011    0.3077
...    17 T-A ...
  -20.1990  -25.5096   37.6271
   -0.6016    0.5212   -0.6053
    0.2079   -0.6295   -0.7487
   -0.7713   -0.5762    0.2703
...    18 T-A ...
  -22.8125  -27.1221   38.5805
   -0.3488    0.1557   -0.9242
    0.4839   -0.8146   -0.3199
   -0.8026   -0.5588    0.2088
...    19 A-T ...
  -25.9520  -28.2900   38.9210
    0.1052   -0.1016   -0.9893
    0.5344   -0.8332    0.1424
   -0.8387   -0.5436   -0.0333
...    20 T-A ...
  -28.9546  -29.4808   38.4837
    0.3762   -0.4681   -0.7996
    0.4003   -0.6961    0.5959
   -0.8356   -0.5443   -0.0745
...    21 T-A ...
  -31.7228  -31.0562   37.9370
    0.5442   -0.7608   -0.3535
    0.1115   -0.3520    0.9293
   -0.8315   -0.5452   -0.1068
...    22 C-G ...
  -34.2911  -32.9681   37.3711
    0.5267   -0.8175    0.2328
   -0.2479    0.1143    0.9620
   -0.8131   -0.5644   -0.1424
...    23 G-C ...
  -36.9766  -34.8813   37.3299
    0.3558   -0.5902    0.7246
   -0.5371    0.5054    0.6753
   -0.7648   -0.6294   -0.1372
...    24 C-G ...
  -39.2355  -37.2170   36.7349
    0.0253   -0.2200    0.9752
   -0.6501    0.7374    0.1832
   -0.7594   -0.6386   -0.1243
...    25 A-T ...
  -41.8826  -39.1095   36.2886
   -0.2966    0.2653    0.9174
   -0.5557    0.7333   -0.3917
   -0.7767   -0.6260   -0.0701
...    26 A-T ...
  -44.2392  -41.3434   36.2344
   -0.5680    0.6147    0.5474
   -0.2775    0.4831   -0.8304
   -0.7749   -0.6235   -0.1038
...    27 A-T ...
  -46.7173  -43.4233   36.1698
   -0.6152    0.7883    0.0103
    0.0930    0.0856   -0.9920
   -0.7829   -0.6093   -0.1259
...    28 G-C ...
  -49.4146  -45.2708   36.0511
   -0.4057    0.7899   -0.4599
    0.3930   -0.3035   -0.8680
   -0.8252   -0.5329   -0.1873
...    29 G-C ...
  -52.4306  -46.6894   35.6434
   -0.0392    0.5996   -0.7994
    0.5254   -0.6681   -0.5269
   -0.8500   -0.4406   -0.2888
...    30 C-G ...
  -55.4184  -47.5947   34.7200
    0.3078    0.2138   -0.9271
    0.4476   -0.8924   -0.0572
   -0.8396   -0.3974   -0.3704
...    31 C-G ...
  -58.2363  -48.4388   33.0942
    0.5886   -0.2177   -0.7786
    0.1839   -0.9018    0.3911
   -0.7872   -0.3734   -0.4908
...    32 G-C ...
  -60.5165  -49.9788   31.2623
    0.6892   -0.6094   -0.3919
   -0.2232   -0.6932    0.6853
   -0.6893   -0.3849   -0.6138
...    33 G-C ...
  -62.4155  -51.2614   28.7846
    0.5139   -0.8554    0.0644
   -0.5933   -0.3003    0.7468
   -0.6195   -0.4220   -0.6619
...    34 C-G ...
  -64.0836  -52.7412   26.3390
    0.1234   -0.8767    0.4649
   -0.7953    0.1928    0.5748
   -0.5936   -0.4407   -0.6734
...    35 C-G ...
  -65.8280  -54.4576   24.0276
   -0.3019   -0.6189    0.7251
   -0.7492    0.6244    0.2211
   -0.5896   -0.4765   -0.6521
...    36 C-G ...
  -67.6322  -56.2896   21.8554
   -0.6277   -0.1656    0.7606
   -0.4692    0.8601   -0.2001
   -0.6211   -0.4825   -0.6176
...    37 G-C ...
  -69.7543  -57.4444   19.5886
   -0.7228    0.3718    0.5825
   -0.0340    0.8227   -0.5674
   -0.6903   -0.4299   -0.5820
...    38 A-T ...
  -71.9366  -58.9572   17.7127
   -0.5823    0.7910    0.1880
    0.3971    0.4785   -0.7832
   -0.7094   -0.3814   -0.5927
...    39 C-G ...
  -74.5702  -60.2718   16.2978
   -0.2681    0.9442   -0.1914
    0.6376    0.0250   -0.7700
   -0.7222   -0.3285   -0.6087
...    40 A-T ...
  -77.0593  -61.1967   14.2886
    0.2201    0.8628   -0.4551
    0.6611   -0.4750   -0.5808
   -0.7173   -0.1730   -0.6750
...    41 C-G ...
  -79.6800  -61.2059   12.3670
    0.5643    0.5315   -0.6318
    0.4535   -0.8390   -0.3007
   -0.6899   -0.1168   -0.7144
...    42 G-C ...
  -81.6293  -61.5599    9.7256
    0.8203    0.0402   -0.5705
    0.0517   -0.9987    0.0041
   -0.5696   -0.0328   -0.8213
...    43 A-T ...
  -83.2873  -61.5075    6.9301
    0.7358   -0.5239   -0.4291
   -0.4402   -0.8515    0.2850
   -0.5147   -0.0208   -0.8571
...    44 C-G ...
  -84.4700  -61.1510    3.8673
    0.4257   -0.8804   -0.2088
   -0.7676   -0.4735    0.4320
   -0.4792   -0.0236   -0.8774
...    45 T-A ...
  -85.6526  -61.2441    0.7910
   -0.0102   -0.9977    0.0676
   -0.8970    0.0390    0.4404
   -0.4420   -0.0561   -0.8953
...    46 T-A ...
  -86.7378  -61.4457   -2.2737
   -0.5340   -0.8046    0.2596
   -0.7330    0.5937    0.3320
   -0.4212   -0.0130   -0.9069
...    47 A-T ...
  -88.2660  -61.1194   -5.2227
   -0.8818   -0.2803    0.3792
   -0.2504    0.9598    0.1271
   -0.3996    0.0171   -0.9165
...    48 C-G ...
  -89.5783  -61.6605   -8.2098
   -0.8795    0.2458    0.4075
    0.2373    0.9688   -0.0723
   -0.4125    0.0331   -0.9103
...    49 T-A ...
  -91.1770  -61.7604  -11.0860
   -0.6118    0.6950    0.3778
    0.6512    0.7136   -0.2582
   -0.4491    0.0880   -0.8891
...    50 G-C ...
  -92.7635  -61.2586  -13.9558
   -0.1123    0.9436    0.3115
    0.8727    0.2435   -0.4232
   -0.4752    0.2243   -0.8508
...    51 T-A ...
  -94.8239  -60.4352  -16.3474
    0.3611    0.9250    0.1184
    0.8145   -0.2509   -0.5231
   -0.4541    0.2853   -0.8440
...    52 A-T ...
  -96.5517  -58.9007  -18.7674
    0.7873    0.6161    0.0241
    0.5211   -0.6439   -0.5603
   -0.3296    0.4537   -0.8280
...    53 G-C ...
  -97.6131  -57.0320  -21.2458
    0.9685    0.1775   -0.1744
    0.0596   -0.8459   -0.5301
   -0.2416    0.5030   -0.8298
...    54 G-C ...
  -97.9923  -54.9236  -23.8534
    0.8813   -0.3288   -0.3394
   -0.4546   -0.7861   -0.4187
   -0.1291    0.5233   -0.8423
...    55 T-A ...
  -97.9276  -52.8100  -26.3791
    0.5366   -0.6924   -0.4823
   -0.8385   -0.5019   -0.2124
   -0.0950    0.5184   -0.8499
...    56 A-T ...
  -98.3077  -51.1573  -29.2262
   -0.0454   -0.8614   -0.5058
   -0.9965    0.0032    0.0840
   -0.0707    0.5079   -0.8585
...    57 T-A ...
  -97.8469  -49.6413  -32.1273
   -0.5371   -0.7344   -0.4149
   -0.8413    0.4310    0.3261
   -0.0607    0.5242   -0.8494
...    58 C-G ...
  -97.9750  -48.0237  -34.9666
   -0.9228   -0.3577   -0.1431
   -0.3788    0.7742    0.5072
   -0.0707    0.5222   -0.8499
...    59 T-A ...
  -98.2722  -46.6015  -37.9264
   -0.9831    0.0593    0.1735
    0.1414    0.8476    0.5114
   -0.1167    0.5273   -0.8416
...    60 C-G ...
  -98.7101  -44.9700  -40.7140
   -0.7243    0.5074    0.4668
    0.6751    0.6596    0.3304
   -0.1403    0.5544   -0.8203
...    61 G-C ...
  -98.9551  -42.9155  -43.2892
   -0.2403    0.6890    0.6837
    0.9537    0.2988    0.0341
   -0.1808    0.6603   -0.7289
...    62 A-T ...
  -99.6695  -40.7574  -45.5943
    0.3399    0.6919    0.6370
    0.9260   -0.1280   -0.3551
   -0.1642    0.7106   -0.6842
...    63 G-C ...
 -100.4383  -38.2362  -47.5450
    0.7624    0.4684    0.4464
    0.6390   -0.4366   -0.6333
   -0.1018    0.7681   -0.6322
...    64 C-G ...
 -100.8312  -35.4163  -49.1597
    0.9877    0.1223    0.0975
    0.1514   -0.5920   -0.7916
   -0.0391    0.7966   -0.6033
...    65 T-A ...
 -100.7380  -32.5668  -50.7896
    0.9331   -0.2463   -0.2619
   -0.3564   -0.5374   -0.7643
    0.0475    0.8065   -0.5893
...    66 C-G ...
 -100.3302  -29.9368  -52.6574
    0.5685   -0.5326   -0.6270
   -0.8173   -0.2787   -0.5044
    0.0939    0.7992   -0.5937
...    67 G-C ...
 -100.2210  -27.5055  -54.8946
    0.0300   -0.6672   -0.7443
   -0.9877    0.0943   -0.1244
    0.1532    0.7389   -0.6562
...    68 G-C ...
  -99.3811  -25.2171  -57.2131
   -0.5037   -0.5607   -0.6572
   -0.8511    0.4524    0.2664
    0.1479    0.6935   -0.7051
...    69 G-C ...
  -98.7089  -23.1228  -59.7559
   -0.8850   -0.2777   -0.3737
   -0.4542    0.6912    0.5621
    0.1022    0.6672   -0.7378
...    70 A-T ...
  -98.3035  -21.0286  -62.2273
   -0.9874    0.1553    0.0305
    0.1342    0.7201    0.6808
    0.0838    0.6763   -0.7318
...    71 T-A ...
  -98.2950  -19.2967  -65.0277
   -0.7924    0.4911    0.3619
    0.6032    0.5422    0.5849
    0.0910    0.6818   -0.7259
...    72 C-G ...
  -98.1154  -17.1034  -67.4294
   -0.3165    0.6778    0.6636
    0.9451    0.1655    0.2817
    0.0812    0.7164   -0.6930
...    73 C-G ...
  -98.2672  -14.6337  -69.7167
    0.2010    0.5807    0.7890
    0.9747   -0.1992   -0.1016
    0.0981    0.7894   -0.6060
...    74 G-C ...
  -97.6583  -11.9909  -71.6029
    0.6532    0.2611    0.7107
    0.7351   -0.4434   -0.5128
    0.1813    0.8574   -0.4816
...    75 C-G ...
  -97.2305   -8.9460  -72.7242
    0.9240   -0.0676    0.3763
    0.2971   -0.4922   -0.8182
    0.2405    0.8679   -0.4347
...    76 T-A ...
  -96.3010   -5.9604  -73.7231
    0.9271   -0.3723   -0.0433
   -0.1854   -0.3550   -0.9163
    0.3258    0.8575   -0.3981
...    77 T-A ...
  -95.0982   -3.1233  -74.7130
    0.6740   -0.5142   -0.5304
   -0.6535   -0.0803   -0.7526
    0.3444    0.8539   -0.3902
...    78 T-A ...
  -93.7151   -0.3805  -75.7521
    0.2077   -0.4666   -0.8597
   -0.9121    0.2251   -0.3425
    0.3533    0.8553   -0.3789
...    79 A-T ...
  -92.6443    2.4637  -77.0654
   -0.3609   -0.2714   -0.8922
   -0.8594    0.4682    0.2052
    0.3621    0.8409   -0.4022
...    80 A-T ...
  -91.2222    5.0047  -78.5094
   -0.7678    0.0559   -0.6383
   -0.5174    0.5336    0.6690
    0.3780    0.8439   -0.3807
...    81 C-G ...
  -89.8519    7.4433  -80.2751
   -0.9301    0.3040   -0.2064
   -0.0582    0.4326    0.8997
    0.3628    0.8488   -0.3846
...    82 A-T ...
  -88.6821   10.3097  -81.4168
   -0.8421    0.4075    0.3533
    0.4625    0.2088    0.8617
    0.2773    0.8890   -0.3643
...    83 C-G ...
  -88.2512   13.1518  -83.0157
   -0.5086    0.4251    0.7487
    0.8208   -0.0232    0.5708
    0.2600    0.9048   -0.3371
...    84 T-A ...
  -87.7937   16.2194  -84.1054
   -0.0577    0.2841    0.9570
    0.9672   -0.2215    0.1241
    0.2472    0.9329   -0.2621
...    85 T-A ...
  -87.2752   19.3123  -84.8802
    0.4594    0.0870    0.8839
    0.8484   -0.3376   -0.4077
    0.2629    0.9373   -0.2289
...    86 T-A ...
  -86.6133   22.4290  -85.3963
    0.8295   -0.1452    0.5392
    0.4752   -0.3235   -0.8182
    0.2933    0.9350   -0.1993
...    87 A-T ...
  -85.5139   25.5654  -85.5068
    0.8961   -0.4356    0.0854
    0.0164   -0.1597   -0.9870
    0.4436    0.8859   -0.1359
...    88 T-A ...
  -83.9268   28.4174  -85.2544
    0.7834   -0.4750   -0.4008
   -0.4131    0.0839   -0.9068
    0.4644    0.8760   -0.1305
...    89 G-C ...
  -82.2205   31.1729  -85.9082
    0.3844   -0.4430   -0.8100
   -0.7443    0.3704   -0.5558
    0.5462    0.8164   -0.1874
...    90 C-G ...
  -80.0366   33.5625  -86.5097
   -0.0861   -0.2066   -0.9746
   -0.8176    0.5736   -0.0493
    0.5693    0.7926   -0.2183
...    91 T-A ...
  -77.9182   35.9176  -87.4254
   -0.5095    0.0883   -0.8559
   -0.6432    0.6216    0.4470
    0.5715    0.7783   -0.2599
...    92 T-A ...
  -75.8523   38.2161  -88.4452
   -0.7610    0.4492   -0.4681
   -0.2542    0.4575    0.8521
    0.5969    0.7674   -0.2340
...    93 C-G ...
  -73.9134   40.6937  -89.3377
   -0.7792    0.6170    0.1102
    0.2245    0.1106    0.9682
    0.5852    0.7791   -0.2247
...    94 T-A ...
  -72.2280   43.3490  -90.3331
   -0.5935    0.5419    0.5951
    0.5834   -0.2197    0.7819
    0.5544    0.8112   -0.1857
...    95 C-G ...
  -70.5267   46.0447  -90.9949
   -0.1925    0.2799    0.9405
    0.8121   -0.4926    0.3129
    0.5509    0.8240   -0.1325
...    96 A-T ...
  -68.7531   48.8370  -91.3323
    0.1784   -0.1424    0.9736
    0.8071   -0.5448   -0.2276
    0.5628    0.8264    0.0177
...    97 T-A ...
  -67.4445   51.7947  -90.9122
    0.5211   -0.4176    0.7444
    0.6268   -0.4047   -0.6659
    0.5793    0.8135    0.0508
...    98 G-C ...
  -65.3489   54.3371  -90.4421
    0.6716   -0.6871    0.2770
    0.2956   -0.0943   -0.9506
    0.6794    0.7204    0.1397
...    99 T-A ...
  -63.1918   56.5256  -89.3394
    0.6944   -0.6796   -0.2366
   -0.0568    0.2759   -0.9595
    0.7173    0.6797    0.1530
...   100 T-A ...
  -60.7895   58.5483  -88.5637
    0.5456   -0.4267   -0.7213
   -0.4083    0.6162   -0.6734
    0.7318    0.6620    0.1620
...   101 A-T ...
  -58.3361   60.7247  -88.1466
    0.1936   -0.0248   -0.9808
   -0.6175    0.7738   -0.1414
    0.7624    0.6330    0.1345
...   102 T-A ...
  -55.4162   62.2222  -87.7731
   -0.1231    0.3757   -0.9185
   -0.6296    0.6859    0.3649
    0.7671    0.6232    0.1521
...   103 A-T ...
  -53.0404   64.4388  -87.0499
   -0.4546    0.7280   -0.5131
   -0.4373    0.3194    0.8407
    0.7760    0.6066    0.1731
...   104 A-T ...
  -50.4155   66.3440  -86.7967
   -0.5972    0.8006    0.0479
   -0.1285   -0.1545    0.9796
    0.7917    0.5789    0.1951
...   105 C-G ...
  -47.8933   68.4713  -86.7171
   -0.6020    0.5980    0.5292
    0.1805   -0.5437    0.8196
    0.7779    0.5889    0.2194
...   106 G-C ...
  -45.2407   70.1946  -85.7645
   -0.5282    0.1370    0.8380
    0.4589   -0.7843    0.4175
    0.7144    0.6051    0.3514
...   107 G-C ...
  -43.1437   72.5493  -84.5908
   -0.3113   -0.3512    0.8830
    0.6688   -0.7411   -0.0590
    0.6751    0.5722    0.4656
...   108 A-T ...
  -41.0866   74.4475  -82.9845
    0.0485   -0.7445    0.6659
    0.7407   -0.4204   -0.5240
    0.6701    0.5186    0.5311
...   109 C-G ...
  -39.4079   76.1626  -80.7879
    0.3601   -0.8865    0.2907
    0.6424    0.0096   -0.7663
    0.6766    0.4626    0.5729
...   110 G-C ...
  -36.9067   77.3542  -78.9983
    0.5369   -0.8113   -0.2313
    0.4252    0.4970   -0.7565
    0.7287    0.3078    0.6118
...   111 G-C ...
  -34.4090   77.8062  -76.7881
    0.6166   -0.4621   -0.6374
    0.1399    0.8611   -0.4888
    0.7747    0.2122    0.5956
...   112 C-G ...
  -31.7499   78.0058  -74.8500
    0.5768    0.0605   -0.8146
   -0.1768    0.9829   -0.0522
    0.7975    0.1741    0.5777
...   113 T-A ...
  -28.9520   78.2493  -73.1157
    0.3893    0.5533   -0.7365
   -0.4219    0.8178    0.3914
    0.8188    0.1584    0.5518
...   114 C-G ...
  -26.1853   78.7074  -71.4195
    0.0784    0.9268   -0.3672
   -0.5700    0.3438    0.7462
    0.8179    0.1508    0.5552
...   115 G-C ...
  -23.7809   79.2143  -69.2053
   -0.3064    0.9500    0.0600
   -0.5324   -0.2232    0.8166
    0.7891    0.2182    0.5741
...   116 T-A ...
  -20.9466   80.2038  -67.8042
   -0.5539    0.7013    0.4486
   -0.3222   -0.6775    0.6613
    0.7677    0.2218    0.6012
...   117 A-T ...
  -18.4559   81.1883  -65.8602
   -0.7295    0.2108    0.6507
    0.0162   -0.9457    0.3245
    0.6838    0.2473    0.6865
...   118 T-A ...
  -16.4405   82.6240  -63.7337
   -0.6583   -0.2772    0.6998
    0.3602   -0.9324   -0.0306
    0.6610    0.2319    0.7136
...   119 A-T ...
  -14.8518   83.8216  -61.0217
   -0.5575   -0.7151    0.4217
    0.6495   -0.6921   -0.3149
    0.5170    0.0983    0.8503
...   120 A-T ...
  -13.4800   84.1561  -58.1331
   -0.1689   -0.9761    0.1369
    0.8587   -0.2139   -0.4658
    0.4840    0.0389    0.8742
...   121 T-A ...
  -12.5566   84.1972  -55.0101
    0.2428   -0.9608   -0.1338
    0.8459    0.2772   -0.4556
    0.4749   -0.0026    0.8801
...   122 G-C ...
  -10.8559   83.8212  -52.1955
    0.5946   -0.6603   -0.4588
    0.6235    0.7389   -0.2554
    0.5076   -0.1342    0.8510
...   123 T-A ...
   -9.4791   82.7772  -49.3943
    0.8181   -0.1976   -0.5400
    0.2563    0.9660    0.0348
    0.5148   -0.1669    0.8409
...   124 G-C ...
   -7.5806   82.4379  -46.7290
    0.7942    0.3854   -0.4698
   -0.2208    0.9033    0.3678
    0.5661   -0.1884    0.8025
...   125 T-A ...
   -5.4787   81.3209  -44.3975
    0.5738    0.7921   -0.2080
   -0.5958    0.5780    0.5576
    0.5619   -0.1960    0.8036
...   126 C-G ...
   -3.5448   80.6233  -41.8448
    0.1245    0.9797    0.1572
   -0.8254    0.0143    0.5644
    0.5507   -0.2000    0.8104
...   127 G-C ...
   -2.1277   79.7756  -38.9828
   -0.3908    0.8478    0.3583
   -0.7777   -0.5124    0.3642
    0.4924   -0.1363    0.8596
...   128 A-T ...
   -0.4055   79.3216  -36.2687
   -0.7837    0.4233    0.4547
   -0.4383   -0.8954    0.0782
    0.4402   -0.1380    0.8872
...   129 C-G ...
    1.0807   79.4868  -33.3741
   -0.9236   -0.0616    0.3785
    0.0002   -0.9871   -0.1604
    0.3835   -0.1481    0.9116
...   130 C-G ...
    2.1562   79.4079  -30.1867
   -0.8484   -0.5169    0.1142
    0.4619   -0.8282   -0.3175
    0.2587   -0.2167    0.9413
...   131 A-T ...
    2.6832   78.6893  -26.9686
   -0.5361   -0.8121   -0.2307
    0.8365   -0.4741   -0.2749
    0.1139   -0.3403    0.9334
...   132 A-T ...
    2.7000   77.5442  -23.9617
   -0.0217   -0.9191   -0.3934
    0.9969    0.0101   -0.0786
    0.0763   -0.3938    0.9160
...   133 A-T ...
    2.6296   76.0935  -21.0785
    0.5130   -0.7612   -0.3968
    0.8564    0.4853    0.1762
    0.0585   -0.4303    0.9008
...   134 T-A ...
    2.3075   74.2308  -18.3902
    0.8657   -0.4293   -0.2574
    0.4984    0.7868    0.3641
    0.0462   -0.4435    0.8951
...   135 G-C ...
    1.4353   72.0971  -15.6050
    0.9809    0.0621    0.1843
   -0.1263    0.9241    0.3607
   -0.1479   -0.3771    0.9143
...   136 T-A ...
    0.5278   69.2394  -13.4688
    0.7351    0.4963    0.4618
   -0.6117    0.7792    0.1365
   -0.2921   -0.3828    0.8764
...   137 G-C ...
   -0.1660   67.4106  -10.8095
    0.1800    0.8794    0.4408
   -0.9276    0.3008   -0.2214
   -0.3274   -0.3691    0.8698
...   138 A-T ...
   -0.1322   66.2180   -7.8216
   -0.3749    0.8570    0.3536
   -0.8857   -0.2184   -0.4098
   -0.2739   -0.4668    0.8409
...   139 G-C ...
   -1.0070   65.6075   -4.9424
   -0.8336    0.5218    0.1811
   -0.5170   -0.6220   -0.5881
   -0.1942   -0.5839    0.7883
...   140 C-G ...
   -0.6975   63.9004   -2.2528
   -0.9992    0.0157   -0.0376
    0.0023   -0.8993   -0.4374
   -0.0406   -0.4371    0.8985
...   141 G-C ...
   -3.4383   60.2386    1.0284
   -0.4425    0.2285   -0.8672
    0.1683   -0.9287   -0.3306
   -0.8808   -0.2922    0.3725
...   142 C-G ...
   -6.3289   59.0834    1.6293
   -0.2970   -0.3280   -0.8968
    0.5656   -0.8171    0.1115
   -0.7693   -0.4741    0.4282
...   143 T-A ...
   -8.6769   58.7243    3.6024
   -0.0347   -0.7817   -0.6227
    0.6533   -0.4893    0.5778
   -0.7563   -0.3868    0.5276
...   144 C-G ...
  -11.6545   58.0114    4.7193
    0.2451   -0.9542   -0.1716
    0.6322    0.0231    0.7745
   -0.7350   -0.2983    0.6089
...   145 A-T ...
  -14.1761   56.5669    6.1807
    0.5795   -0.7268    0.3687
    0.3139    0.6165    0.7220
   -0.7521   -0.3027    0.5855
...   146 C-G ...
  -16.4652   53.8950    7.5153
    0.5336   -0.3331    0.7774
   -0.0346    0.9098    0.4136
   -0.8450   -0.2476    0.4739
...   147 A-T ...
  -19.0173   52.0375    8.9260
    0.2452    0.2907    0.9249
   -0.3073    0.9281   -0.2103
   -0.9195   -0.2327    0.3169
