  147 base-pairs
...     1 A-T ...
    0.0000    0.0000    0.0000
    1.0000    0.0000    0.0000
    0.0000    1.0000    0.0000
    0.0000    0.0000    1.0000
...     2 G-C ...
   -0.1404   -1.2353    3.2259
    0.7530    0.6366    0.1668
   -0.6385    0.7681   -0.0490
   -0.1593   -0.0696    0.9848
...     3 T-A ...
   -0.0377   -3.2918    6.3749
    0.2722    0.9302    0.2464
   -0.9238    0.3243   -0.2034
   -0.2691   -0.1722    0.9476
...     4 G-C ...
   -0.3520   -4.1638    9.4928
   -0.3756    0.9250    0.0576
   -0.8780   -0.3352   -0.3416
   -0.2967   -0.1788    0.9381
...     5 A-T ...
   -0.4480   -4.1448   12.7498
   -0.8116    0.5839   -0.0166
   -0.5522   -0.7762   -0.3042
   -0.1905   -0.2377    0.9525
...     6 G-C ...
   -1.5926   -4.1701   15.6201
   -0.9976    0.0246   -0.0651
   -0.0043   -0.9555   -0.2950
   -0.0694   -0.2940    0.9533
...     7 C-G ...
   -1.1050   -4.4793   18.7363
   -0.8442   -0.5302   -0.0787
    0.5343   -0.8442   -0.0430
   -0.0437   -0.0784    0.9960
...     8 G-C ...
   -2.4044   -7.7255   23.1483
   -0.2753   -0.3294   -0.9032
    0.6650   -0.7437    0.0686
   -0.6943   -0.5817    0.4238
...     9 C-G ...
   -4.4706   -9.9691   24.1142
    0.1145   -0.7026   -0.7023
    0.8512   -0.2951    0.4341
   -0.5123   -0.6475    0.5642
...    10 T-A ...
   -6.7420  -10.8705   25.9717
    0.4841   -0.8363   -0.2573
    0.6594    0.1554    0.7356
   -0.5752   -0.5257    0.6267
...    11 C-G ...
   -9.1682  -12.6167   27.1662
    0.7073   -0.6683    0.2306
    0.3450    0.6110    0.7125
   -0.6170   -0.4243    0.6627
...    12 A-T ...
  -10.9253  -14.6583   29.0713
    0.7515   -0.1377    0.6452
   -0.2027    0.8824    0.4245
   -0.6278   -0.4498    0.6352
...    13 C-G ...
  -11.8495  -17.4796   31.2472
    0.4294    0.2824    0.8578
   -0.5708    0.8209    0.0155
   -0.6998   -0.4963    0.5137
...    14 A-T ...
  -13.5915  -19.7756   33.4284
   -0.1503    0.6106    0.7775
   -0.6874    0.5007   -0.5261
   -0.7106   -0.6135    0.3445
...    15 A-T ...
  -15.7760  -21.8914   34.5135
   -0.4855    0.8022    0.3475
   -0.4625    0.1016   -0.8808
   -0.7419   -0.5884    0.3216
...    16 T-A ...
  -17.9452  -23.7930   36.2759
   -0.6762    0.7198   -0.1569
   -0.1225   -0.3198   -0.9395
   -0.7265   -0.6161    0.3044
...    17 T-A ...
  -20.3367  -25.6241   37.6226
   -0.6324    0.3956   -0.6660
    0.2999   -0.6677   -0.6813
   -0.7142   -0.6306    0.3037
...    18 T-A ...
  -22.7491  -27.4836   38.5715
   -0.3109    0.0444   -0.9494
    0.5727   -0.7885   -0.2244
   -0.7585   -0.6135    0.2197
...    19 A-T ...
  -25.3298  -29.3620   38.9013
    0.1350   -0.1807   -0.9742
    0.6113   -0.7586    0.2254
   -0.7798   -0.6260    0.0080
...    20 T-A ...
  -28.2598  -30.8404   38.5795
    0.4303   -0.5172   -0.7399
    0.4532   -0.5851    0.6725
   -0.7807   -0.6247   -0.0174
...    21 T-A ...
  -30.9120  -32.7318   38.1965
    0.6116   -0.7505   -0.2505
    0.1189   -0.2258    0.9669
   -0.7822   -0.6211   -0.0488
...    22 C-G ...
  -33.3961  -34.8365   37.9071
    0.5869   -0.7331    0.3436
   -0.2701    0.2228    0.9367
   -0.7633   -0.6426   -0.0673
...    23 G-C ...
  -35.8928  -36.9921   38.3950
    0.4163   -0.4232    0.8047
   -0.5947    0.5428    0.5931
   -0.6878   -0.7254   -0.0257
...    24 C-G ...
  -37.8652  -39.5830   38.1735
    0.0816   -0.0433    0.9957
   -0.7229    0.6852    0.0890
   -0.6862   -0.7270    0.0246
...    25 A-T ...
  -40.4323  -41.6207   38.0042
   -0.3148    0.3756    0.8717
   -0.6285    0.6057   -0.4880
   -0.7113   -0.7015    0.0453
...    26 A-T ...
  -42.6449  -44.0240   38.3252
   -0.6175    0.6401    0.4571
   -0.3372    0.3096   -0.8891
   -0.7106   -0.7031    0.0247
...    27 A-T ...
  -44.8400  -46.3870   38.7549
   -0.7055    0.6976   -0.1248
    0.0914   -0.0851   -0.9922
   -0.7028   -0.7114   -0.0038
...    28 G-C ...
  -47.4183  -48.4985   39.1801
   -0.4976    0.6143   -0.6124
    0.4240   -0.4437   -0.7895
   -0.7567   -0.6525   -0.0397
...    29 G-C ...
  -50.3819  -50.2871   39.1443
   -0.0960    0.3734   -0.9227
    0.6095   -0.7108   -0.3511
   -0.7869   -0.5961   -0.1594
...    30 C-G ...
  -53.2602  -51.6784   38.4649
    0.3049    0.0055   -0.9524
    0.5425   -0.8229    0.1689
   -0.7828   -0.5681   -0.2539
...    31 C-G ...
  -55.9986  -53.2233   37.3994
    0.6255   -0.3717   -0.6860
    0.2588   -0.7306    0.6319
   -0.7360   -0.5727   -0.3608
...    32 G-C ...
  -57.8961  -55.2387   36.1621
    0.7494   -0.6122   -0.2520
   -0.1344   -0.5134    0.8476
   -0.6483   -0.6013   -0.4670
...    33 G-C ...
  -59.4378  -57.5535   34.2194
    0.5854   -0.7691    0.2564
   -0.5638   -0.1590    0.8104
   -0.5826   -0.6190   -0.5267
...    34 C-G ...
  -60.9432  -59.7614   32.3435
    0.1925   -0.7240    0.6624
   -0.8125    0.2609    0.5213
   -0.5502   -0.6386   -0.5380
...    35 C-G ...
  -62.5445  -62.2191   30.6399
   -0.3021   -0.4600    0.8349
   -0.7944    0.6056    0.0462
   -0.5269   -0.6493   -0.5484
...    36 C-G ...
  -64.1363  -64.6029   28.8897
   -0.6695   -0.0449    0.7414
   -0.5089    0.7548   -0.4138
   -0.5411   -0.6544   -0.5282
...    37 G-C ...
  -66.0288  -66.0156   26.3610
   -0.8000    0.4236    0.4249
   -0.0284    0.6807   -0.7321
   -0.5993   -0.5977   -0.5325
...    38 A-T ...
  -67.6882  -68.0177   24.6286
   -0.6618    0.7478   -0.0530
    0.4607    0.3500   -0.8157
   -0.5914   -0.5642   -0.5761
...    39 C-G ...
  -69.9685  -69.6337   23.1033
   -0.2980    0.8638   -0.4063
    0.7311   -0.0671   -0.6790
   -0.6137   -0.4994   -0.6115
...    40 A-T ...
  -72.1780  -71.0734   21.1066
    0.2188    0.7697   -0.5998
    0.7624   -0.5185   -0.3872
   -0.6090   -0.3726   -0.7003
...    41 C-G ...
  -74.3235  -71.6569   18.7571
    0.6176    0.4542   -0.6421
    0.5467   -0.8348   -0.0646
   -0.5654   -0.3111   -0.7639
...    42 G-C ...
  -75.8313  -72.9453   16.0856
    0.8736   -0.0487   -0.4842
    0.0723   -0.9709    0.2282
   -0.4813   -0.2344   -0.8447
...    43 A-T ...
  -77.2978  -73.6104   13.3562
    0.7581   -0.5978   -0.2605
   -0.4511   -0.7692    0.4526
   -0.4709   -0.2256   -0.8528
...    44 C-G ...
  -78.3698  -73.8813   10.2316
    0.4341   -0.8998    0.0427
   -0.7935   -0.3596    0.4909
   -0.4264   -0.2470   -0.8701
...    45 T-A ...
  -79.1002  -74.7963    6.7688
   -0.0739   -0.9560    0.2840
   -0.9088    0.1818    0.3756
   -0.4107   -0.2303   -0.8822
...    46 T-A ...
  -79.8694  -75.5279    3.6488
   -0.5342   -0.7547    0.3809
   -0.7485    0.6317    0.2017
   -0.3928   -0.1773   -0.9024
...    47 A-T ...
  -81.2900  -75.8155    0.6307
   -0.8837   -0.2136    0.4165
   -0.2605    0.9637   -0.0586
   -0.3889   -0.1603   -0.9072
...    48 C-G ...
  -82.5117  -76.9813   -2.2350
   -0.8844    0.3209    0.3388
    0.2423    0.9363   -0.2544
   -0.3989   -0.1429   -0.9058
...    49 T-A ...
  -84.1505  -77.7408   -5.0644
   -0.5941    0.7698    0.2333
    0.6638    0.6330   -0.3983
   -0.4543   -0.0817   -0.8871
...    50 G-C ...
  -85.8723  -77.6841   -7.9769
   -0.0729    0.9890    0.1287
    0.8767    0.1251   -0.4645
   -0.4755    0.0789   -0.8762
...    51 T-A ...
  -87.8613  -77.3001  -10.4455
    0.3751    0.9269   -0.0123
    0.8121   -0.3351   -0.4777
   -0.4469    0.1692   -0.8784
...    52 A-T ...
  -89.7529  -75.5734  -12.7770
    0.7982    0.6017    0.0296
    0.5386   -0.6906   -0.4827
   -0.2700    0.4012   -0.8753
...    53 G-C ...
  -90.8338  -73.9003  -15.3055
    0.9815    0.1664   -0.0946
    0.1010   -0.8701   -0.4824
   -0.1626    0.4639   -0.8708
...    54 G-C ...
  -91.1029  -71.3531  -17.9646
    0.9057   -0.3381   -0.2557
   -0.4182   -0.8112   -0.4087
   -0.0692    0.4771   -0.8761
...    55 T-A ...
  -90.8111  -69.5159  -20.6624
    0.5751   -0.7022   -0.4198
   -0.8172   -0.5173   -0.2543
   -0.0386    0.4892   -0.8713
...    56 A-T ...
  -90.3191  -67.7832  -23.5463
    0.0205   -0.8858   -0.4636
   -0.9998   -0.0165   -0.0128
    0.0037    0.4638   -0.8859
...    57 T-A ...
  -89.5212  -66.3250  -26.4176
   -0.4764   -0.7616   -0.4394
   -0.8791    0.4207    0.2239
    0.0143    0.4930   -0.8699
...    58 C-G ...
  -89.2853  -64.9153  -29.4602
   -0.9088   -0.3493   -0.2282
   -0.4169    0.7819    0.4635
    0.0166    0.5164   -0.8562
...    59 T-A ...
  -89.3154  -63.4915  -32.4733
   -0.9939    0.0696    0.0856
    0.1041    0.8494    0.5174
   -0.0367    0.5232   -0.8514
...    60 C-G ...
  -89.4918  -61.7478  -35.3026
   -0.7630    0.5094    0.3979
    0.6430    0.6609    0.3870
   -0.0658    0.5511   -0.8318
...    61 G-C ...
  -89.5008  -59.5591  -37.7143
   -0.3550    0.6314    0.6895
    0.9231    0.3536    0.1515
   -0.1481    0.6902   -0.7083
...    62 A-T ...
  -89.8497  -57.3524  -40.0728
    0.2100    0.6544    0.7264
    0.9718   -0.0582   -0.2285
   -0.1073    0.7539   -0.6481
...    63 G-C ...
  -90.4608  -54.5993  -41.8122
    0.6679    0.4745    0.5733
    0.7411   -0.3537   -0.5706
   -0.0680    0.8060   -0.5880
...    64 C-G ...
  -90.8641  -51.5864  -43.2948
    0.9695    0.1479    0.1953
    0.2445   -0.5347   -0.8089
   -0.0152    0.8320   -0.5546
...    65 T-A ...
  -90.9192  -48.6324  -44.7588
    0.9611   -0.1871   -0.2030
   -0.2714   -0.5064   -0.8185
    0.0504    0.8417   -0.5375
...    66 C-G ...
  -90.4839  -46.0577  -46.6798
    0.6471   -0.4696   -0.6006
   -0.7512   -0.2585   -0.6073
    0.1299    0.8442   -0.5200
...    67 G-C ...
  -90.6019  -43.5575  -48.9421
    0.1319   -0.5816   -0.8027
   -0.9737    0.0758   -0.2149
    0.1859    0.8100   -0.5563
...    68 G-C ...
  -89.7520  -40.9234  -50.8008
   -0.4126   -0.4917   -0.7668
   -0.8962    0.3697    0.2452
    0.1629    0.7884   -0.5932
...    69 G-C ...
  -89.0517  -38.4647  -52.9521
   -0.8355   -0.2920   -0.4654
   -0.5398    0.5943    0.5962
    0.1025    0.7494   -0.6542
...    70 A-T ...
  -88.5783  -36.1550  -55.2891
   -0.9941    0.1049   -0.0260
    0.0490    0.6515    0.7570
    0.0963    0.7513   -0.6529
...    71 T-A ...
  -88.4884  -34.0848  -57.8629
   -0.8338    0.4062    0.3739
    0.5461    0.5069    0.6670
    0.0814    0.7603   -0.6445
...    72 C-G ...
  -88.4593  -31.6213  -60.0505
   -0.3704    0.6011    0.7082
    0.9257    0.1760    0.3348
    0.0766    0.7796   -0.6216
...    73 C-G ...
  -88.3661  -29.1492  -62.2101
    0.1271    0.4955    0.8592
    0.9868   -0.1506   -0.0591
    0.1001    0.8554   -0.5082
...    74 G-C ...
  -87.5704  -26.3520  -63.7308
    0.5876    0.2016    0.7836
    0.7910   -0.3468   -0.5040
    0.1702    0.9160   -0.3633
...    75 C-G ...
  -87.2609  -23.0040  -64.5170
    0.9241   -0.0558    0.3779
    0.3287   -0.3881   -0.8610
    0.1948    0.9199   -0.3403
...    76 T-A ...
  -86.3238  -19.7413  -65.1139
    0.9470   -0.2866   -0.1450
   -0.2184   -0.2437   -0.9449
    0.2355    0.9265   -0.2934
...    77 T-A ...
  -85.3381  -16.6956  -65.6867
    0.6638   -0.3594   -0.6559
   -0.7121   -0.0356   -0.7012
    0.2287    0.9325   -0.2795
...    78 T-A ...
  -84.3499  -13.6965  -66.3990
    0.1622   -0.3160   -0.9348
   -0.9594    0.1708   -0.2243
    0.2306    0.9332   -0.2755
...    79 A-T ...
  -84.0174  -10.5432  -67.2550
   -0.4044   -0.1476   -0.9026
   -0.8831    0.3196    0.3434
    0.2378    0.9360   -0.2596
...    80 A-T ...
  -83.1130   -7.6424  -68.1839
   -0.8146    0.0366   -0.5789
   -0.5341    0.3419    0.7732
    0.2262    0.9390   -0.2590
...    81 C-G ...
  -82.2206   -4.7781  -69.6524
   -0.9750    0.1982   -0.0999
   -0.0422    0.2765    0.9601
    0.2179    0.9403   -0.2612
...    82 A-T ...
  -81.6503   -1.6749  -70.6189
   -0.8561    0.2361    0.4598
    0.4969    0.1309    0.8579
    0.1424    0.9629   -0.2294
...    83 C-G ...
  -81.7772    1.4818  -71.7740
   -0.4982    0.2406    0.8330
    0.8576   -0.0048    0.5143
    0.1277    0.9706   -0.2040
...    84 T-A ...
  -82.0854    5.0112  -72.4666
    0.0290    0.1520    0.9879
    0.9904   -0.1378   -0.0079
    0.1349    0.9787   -0.1546
...    85 T-A ...
  -82.0473    8.2376  -72.7914
    0.5716    0.0441    0.8194
    0.8079   -0.2050   -0.5525
    0.1436    0.9778   -0.1528
...    86 T-A ...
  -81.7283   11.4296  -73.0815
    0.9120   -0.1108    0.3951
    0.3709   -0.1893   -0.9092
    0.1755    0.9757   -0.1315
...    87 A-T ...
  -80.9417   14.5777  -73.4891
    0.9448   -0.3112   -0.1026
   -0.1340   -0.0812   -0.9877
    0.2990    0.9469   -0.1184
...    88 T-A ...
  -79.7393   17.5714  -73.1292
    0.7659   -0.3608   -0.5321
   -0.5385    0.0922   -0.8376
    0.3513    0.9281   -0.1237
...    89 G-C ...
  -78.2405   20.5231  -73.5115
    0.2532   -0.3236   -0.9117
   -0.8727    0.3303   -0.3597
    0.4175    0.8867   -0.1988
...    90 C-G ...
  -76.5026   23.1712  -74.3955
   -0.2722   -0.1304   -0.9534
   -0.8681    0.4607    0.1849
    0.4151    0.8779   -0.2386
...    91 T-A ...
  -74.8574   25.8932  -75.7477
   -0.7080    0.1450   -0.6912
   -0.5485    0.5036    0.6675
    0.4449    0.8517   -0.2770
...    92 T-A ...
  -73.3544   28.5049  -76.8517
   -0.9005    0.3841   -0.2040
   -0.0660    0.3430    0.9370
    0.4299    0.8572   -0.2835
...    93 C-G ...
  -72.0826   31.3357  -78.0419
   -0.7888    0.4933    0.3667
    0.4549    0.0672    0.8880
    0.4135    0.8672   -0.2774
...    94 C-G ...
  -70.7730   34.1401  -79.1480
   -0.4994    0.3572    0.7893
    0.7859   -0.1966    0.5862
    0.3646    0.9131   -0.1825
...    95 G-C ...
  -69.4942   36.8462  -79.5586
   -0.1034    0.1070    0.9889
    0.9300   -0.3421    0.1342
    0.3527    0.9335   -0.0642
...    96 G-C ...
  -68.6341   40.0724  -79.3370
    0.3742   -0.1753    0.9106
    0.8508   -0.3258   -0.4123
    0.3690    0.9290    0.0273
...    97 C-G ...
  -67.7904   43.2544  -78.6998
    0.7440   -0.3712    0.5556
    0.5296   -0.1796   -0.8290
    0.4075    0.9110    0.0630
...    98 T-A ...
  -66.6233   46.2864  -78.0766
    0.8707   -0.4864    0.0723
    0.1088    0.0472   -0.9929
    0.4796    0.8724    0.0940
...    99 C-G ...
  -64.7561   48.9204  -77.8554
    0.7596   -0.4396   -0.4793
   -0.3366    0.3650   -0.8681
    0.5565    0.8207    0.1293
...   100 G-C ...
  -63.0173   51.7274  -77.8918
    0.4092   -0.2242   -0.8845
   -0.6618    0.5944   -0.4568
    0.6282    0.7723    0.0948
...   101 T-A ...
  -60.6506   53.8848  -77.7275
    0.0064    0.0796   -0.9968
   -0.7577    0.6509    0.0471
    0.6525    0.7550    0.0645
...   102 A-T ...
  -58.0533   56.0754  -77.8331
   -0.4368    0.4024   -0.8045
   -0.6095    0.5254    0.5937
    0.6616    0.7497    0.0158
...   103 T-A ...
  -55.5969   58.1279  -78.3133
   -0.6514    0.6334   -0.4178
   -0.3286    0.2608    0.9078
    0.6839    0.7286    0.0383
...   104 A-T ...
  -53.1915   60.5843  -78.5443
   -0.7044    0.6751    0.2192
    0.1249   -0.1862    0.9746
    0.6987    0.7138    0.0468
...   105 T-A ...
  -51.1402   63.1185  -79.0558
   -0.5503    0.5084    0.6623
    0.4351   -0.5024    0.7472
    0.7127    0.6993    0.0553
...   106 C-G ...
  -48.8047   65.3849  -79.0114
   -0.2334    0.0595    0.9706
    0.6562   -0.7269    0.2024
    0.7176    0.6842    0.1306
...   107 A-T ...
  -46.6908   68.0425  -78.6604
    0.0285   -0.4087    0.9122
    0.7215   -0.6232   -0.3017
    0.6918    0.6668    0.2771
...   108 T-A ...
  -44.8162   70.3490  -77.4430
    0.3058   -0.7028    0.6424
    0.6362   -0.3511   -0.6870
    0.7084    0.6187    0.3397
...   109 G-C ...
  -42.4493   72.2977  -75.8003
    0.4803   -0.8685    0.1223
    0.4097    0.0988   -0.9069
    0.7756    0.4857    0.4033
...   110 T-A ...
  -40.1150   73.5631  -73.8248
    0.5841   -0.7300   -0.3549
    0.1484    0.5259   -0.8375
    0.7980    0.4366    0.4155
...   111 T-A ...
  -37.5529   74.7032  -72.3821
    0.5534   -0.3694   -0.7465
   -0.1359    0.8442   -0.5185
    0.8218    0.3884    0.4170
...   112 A-T ...
  -34.8132   76.1490  -71.1639
    0.3514    0.1530   -0.9236
   -0.3969    0.9179    0.0010
    0.8479    0.3662    0.3833
...   113 T-A ...
  -31.8106   76.6578  -70.0800
    0.1523    0.5899   -0.7930
   -0.5130    0.7330    0.4467
    0.8448    0.3388    0.4142
...   114 A-T ...
  -29.1113   77.8995  -68.4638
   -0.1571    0.9230   -0.3512
   -0.4989    0.2327    0.8348
    0.8523    0.3064    0.4240
...   115 A-T ...
  -26.3052   78.8390  -67.2439
   -0.3822    0.9085    0.1691
   -0.3681   -0.3176    0.8739
    0.8476    0.2718    0.4558
...   116 C-G ...
  -23.2470   80.0932  -66.3179
   -0.5211    0.6045    0.6026
   -0.1374   -0.7562    0.6398
    0.8424    0.2506    0.4770
...   117 G-C ...
  -20.7471   80.7098  -64.3769
   -0.6754    0.0969    0.7311
    0.1281   -0.9608    0.2457
    0.7263    0.2597    0.6365
...   118 G-C ...
  -18.6950   81.8028  -62.0748
   -0.6151   -0.4154    0.6701
    0.4635   -0.8781   -0.1188
    0.6378    0.2375    0.7327
...   119 A-T ...
  -16.8613   82.7013  -59.5689
   -0.3620   -0.8313    0.4217
    0.7291   -0.5344   -0.4276
    0.5808    0.1527    0.7996
...   120 A-T ...
  -15.3179   83.1200  -56.7000
    0.0261   -0.9953    0.0934
    0.8328   -0.0300   -0.5528
    0.5530    0.0922    0.8281
...   121 T-A ...
  -14.0886   83.2359  -53.6324
    0.4156   -0.8851   -0.2097
    0.7281    0.4619   -0.5066
    0.5452    0.0579    0.8363
...   122 G-C ...
  -12.3407   82.9445  -50.7200
    0.6822   -0.4977   -0.5355
    0.4232    0.8661   -0.2659
    0.5962   -0.0453    0.8016
...   123 T-A ...
  -10.4323   82.1854  -48.2219
    0.8007   -0.0376   -0.5978
    0.0823    0.9955    0.0476
    0.5933   -0.0874    0.8002
...   124 G-C ...
   -8.3518   81.7691  -45.7353
    0.6925    0.5228   -0.4971
   -0.3447    0.8451    0.4086
    0.6337   -0.1116    0.7655
...   125 T-A ...
   -6.0784   80.9576  -43.5583
    0.4193    0.8781   -0.2305
   -0.6423    0.4664    0.6082
    0.6415   -0.1070    0.7596
...   126 C-G ...
   -3.9941   80.6269  -41.2188
   -0.0137    0.9845    0.1747
   -0.7657   -0.1227    0.6314
    0.6430   -0.1251    0.7555
...   127 G-C ...
   -2.3956   80.0959  -38.4925
   -0.4464    0.8157    0.3679
   -0.6880   -0.5757    0.4418
    0.5722   -0.0559    0.8182
...   128 A-T ...
   -0.4699   79.7506  -36.0690
   -0.7663    0.3559    0.5349
   -0.3491   -0.9296    0.1183
    0.5393   -0.0961    0.8366
...   129 C-G ...
    1.3022   80.1672  -33.3334
   -0.8689   -0.1571    0.4694
    0.0822   -0.9809   -0.1760
    0.4881   -0.1144    0.8653
...   130 C-G ...
    2.2600   80.2909  -30.0452
   -0.8014   -0.5698    0.1819
    0.4891   -0.7993   -0.3491
    0.3443   -0.1908    0.9193
...   131 A-T ...
    2.6582   79.0763  -26.9550
   -0.5917   -0.7650   -0.2542
    0.7948   -0.5011   -0.3424
    0.1346   -0.4046    0.9045
...   132 A-T ...
    2.7941   77.6808  -24.0156
   -0.0894   -0.8900   -0.4471
    0.9919   -0.0392   -0.1204
    0.0897   -0.4543    0.8863
...   133 A-T ...
    2.6510   76.1345  -21.1087
    0.5043   -0.7638   -0.4028
    0.8610    0.4809    0.1659
    0.0670   -0.4305    0.9001
...   134 T-A ...
    2.3076   74.2306  -18.3902
    0.8657   -0.4293   -0.2574
    0.4984    0.7868    0.3641
    0.0462   -0.4435    0.8951
...   135 G-C ...
    1.4354   72.0969  -15.6049
    0.9809    0.0621    0.1843
   -0.1263    0.9241    0.3607
   -0.1479   -0.3771    0.9143
...   136 T-A ...
    0.5279   69.2392  -13.4688
    0.7351    0.4963    0.4618
   -0.6117    0.7792    0.1365
   -0.2921   -0.3828    0.8764
...   137 G-C ...
   -0.1659   67.4104  -10.8094
    0.1800    0.8794    0.4408
   -0.9276    0.3008   -0.2214
   -0.3274   -0.3691    0.8698
...   138 A-T ...
   -0.1321   66.2179   -7.8216
   -0.3749    0.8570    0.3536
   -0.8857   -0.2184   -0.4098
   -0.2739   -0.4668    0.8409
...   139 G-C ...
   -1.0069   65.6073   -4.9424
   -0.8336    0.5218    0.1811
   -0.5170   -0.6220   -0.5881
   -0.1942   -0.5839    0.7883
...   140 C-G ...
   -0.6975   63.9002   -2.2528
   -0.9992    0.0157   -0.0376
    0.0023   -0.8993   -0.4374
   -0.0406   -0.4371    0.8985
...   141 G-C ...
   -3.4383   60.2384    1.0284
   -0.4425    0.2285   -0.8672
    0.1683   -0.9287   -0.3306
   -0.8808   -0.2922    0.3725
...   142 C-G ...
   -6.3289   59.0833    1.6294
   -0.2970   -0.3280   -0.8968
    0.5656   -0.8171    0.1115
   -0.7693   -0.4741    0.4282
...   143 T-A ...
   -8.6768   58.7241    3.6025
   -0.0347   -0.7817   -0.6227
    0.6533   -0.4893    0.5778
   -0.7563   -0.3868    0.5276
...   144 C-G ...
  -11.6545   58.0112    4.7193
    0.2451   -0.9542   -0.1716
    0.6322    0.0231    0.7745
   -0.7350   -0.2983    0.6089
...   145 A-T ...
  -14.1760   56.5667    6.1807
    0.5795   -0.7268    0.3687
    0.3139    0.6165    0.7220
   -0.7521   -0.3027    0.5855
...   146 C-G ...
  -16.4651   53.8948    7.5153
    0.5336   -0.3331    0.7774
   -0.0346    0.9098    0.4136
   -0.8450   -0.2476    0.4739
...   147 A-T ...
  -19.0172   52.0373    8.9261
    0.2452    0.2907    0.9249
   -0.3073    0.9281   -0.2103
   -0.9195   -0.2327    0.3169
