  147 base-pairs
...     1 A-T ...
    0.0000    0.0000    0.0000
    1.0000    0.0000    0.0000
    0.0000    1.0000    0.0000
    0.0000    0.0000    1.0000
...     2 G-C ...
   -0.1404   -1.2353    3.2259
    0.7530    0.6366    0.1668
   -0.6385    0.7681   -0.0490
   -0.1593   -0.0696    0.9848
...     3 T-A ...
   -0.0377   -3.2918    6.3749
    0.2722    0.9302    0.2464
   -0.9238    0.3243   -0.2034
   -0.2691   -0.1722    0.9476
...     4 G-C ...
   -0.3520   -4.1638    9.4928
   -0.3756    0.9250    0.0576
   -0.8780   -0.3352   -0.3416
   -0.2967   -0.1788    0.9381
...     5 A-T ...
   -0.4480   -4.1448   12.7498
   -0.8116    0.5839   -0.0166
   -0.5522   -0.7762   -0.3042
   -0.1905   -0.2377    0.9525
...     6 G-C ...
   -1.5926   -4.1701   15.6201
   -0.9976    0.0246   -0.0651
   -0.0043   -0.9555   -0.2950
   -0.0694   -0.2940    0.9533
...     7 C-G ...
   -1.1050   -4.4793   18.7363
   -0.8442   -0.5302   -0.0787
    0.5343   -0.8442   -0.0430
   -0.0437   -0.0784    0.9960
...     8 G-C ...
   -2.4044   -7.7255   23.1483
   -0.2753   -0.3294   -0.9032
    0.6650   -0.7437    0.0686
   -0.6943   -0.5817    0.4238
...     9 C-G ...
   -4.4706   -9.9691   24.1142
    0.1145   -0.7026   -0.7023
    0.8512   -0.2951    0.4341
   -0.5123   -0.6475    0.5642
...    10 T-A ...
   -6.7420  -10.8705   25.9717
    0.4841   -0.8363   -0.2573
    0.6594    0.1554    0.7356
   -0.5752   -0.5257    0.6267
...    11 C-G ...
   -9.1682  -12.6167   27.1662
    0.7073   -0.6683    0.2306
    0.3450    0.6110    0.7125
   -0.6170   -0.4243    0.6627
...    12 A-T ...
  -10.9253  -14.6583   29.0713
    0.7515   -0.1377    0.6452
   -0.2027    0.8824    0.4245
   -0.6278   -0.4498    0.6352
...    13 C-G ...
  -11.8495  -17.4796   31.2472
    0.4294    0.2824    0.8578
   -0.5708    0.8209    0.0155
   -0.6998   -0.4963    0.5137
...    14 A-T ...
  -13.5915  -19.7756   33.4284
   -0.1503    0.6106    0.7775
   -0.6874    0.5007   -0.5261
   -0.7106   -0.6135    0.3445
...    15 A-T ...
  -15.6941  -21.8524   34.7579
   -0.4999    0.7842    0.3678
   -0.4779    0.1044   -0.8722
   -0.7223   -0.6117    0.3226
...    16 T-A ...
  -17.8039  -23.7190   36.4212
   -0.6501    0.7526   -0.1046
   -0.1703   -0.2785   -0.9452
   -0.7405   -0.5967    0.3092
...    17 T-A ...
  -20.2166  -25.4743   37.6334
   -0.5977    0.5279   -0.6034
    0.2003   -0.6304   -0.7500
   -0.7763   -0.5691    0.2710
...    18 T-A ...
  -22.8458  -27.0588   38.5874
   -0.3485    0.1627   -0.9231
    0.4734   -0.8194   -0.3232
   -0.8090   -0.5497    0.2085
...    19 A-T ...
  -26.0065  -28.1745   38.9255
    0.1023   -0.0973   -0.9900
    0.5226   -0.8416    0.1367
   -0.8464   -0.5313   -0.0352
...    20 T-A ...
  -29.0278  -29.3176   38.4863
    0.3674   -0.4692   -0.8030
    0.3907   -0.7057    0.5911
   -0.8440   -0.5309   -0.0760
...    21 T-A ...
  -31.8242  -30.8420   37.9349
    0.5296   -0.7686   -0.3590
    0.1075   -0.3590    0.9271
   -0.8414   -0.5296   -0.1074
...    22 C-G ...
  -34.4304  -32.7016   37.3654
    0.5107   -0.8292    0.2270
   -0.2428    0.1141    0.9633
   -0.8247   -0.5471   -0.1431
...    23 G-C ...
  -37.1613  -34.5470   37.3237
    0.3442   -0.6022    0.7203
   -0.5230    0.5142    0.6798
   -0.7797   -0.6107   -0.1380
...    24 C-G ...
  -39.4799  -36.8199   36.7185
    0.0235   -0.2261    0.9738
   -0.6308    0.7524    0.1900
   -0.7756   -0.6187   -0.1249
...    25 A-T ...
  -42.1740  -38.6424   36.2687
   -0.2847    0.2672    0.9206
   -0.5380    0.7503   -0.3842
   -0.7934   -0.6047   -0.0698
...    26 A-T ...
  -44.5908  -40.8094   36.2145
   -0.5463    0.6267    0.5557
   -0.2696    0.4966   -0.8250
   -0.7930   -0.6005   -0.1023
...    27 A-T ...
  -47.1295  -42.8130   36.1551
   -0.5903    0.8069    0.0224
    0.0865    0.0909   -0.9921
   -0.8025   -0.5837   -0.1235
...    28 G-C ...
  -49.8856  -44.5694   36.0492
   -0.3842    0.8073   -0.4479
    0.3739   -0.3075   -0.8750
   -0.8442   -0.5036   -0.1837
...    29 G-C ...
  -52.9559  -45.8713   35.6595
   -0.0276    0.6099   -0.7920
    0.4959   -0.6796   -0.5406
   -0.8679   -0.4077   -0.2837
...    30 C-G ...
  -55.9830  -46.6560   34.7572
    0.3040    0.2146   -0.9282
    0.4147   -0.9069   -0.0738
   -0.8577   -0.3625   -0.3647
...    31 C-G ...
  -58.8468  -47.3747   33.1511
    0.5701   -0.2284   -0.7892
    0.1555   -0.9132    0.3766
   -0.8067   -0.3374   -0.4851
...    32 G-C ...
  -61.2046  -48.8046   31.3302
    0.6596   -0.6296   -0.4105
   -0.2402   -0.6941    0.6787
   -0.7122   -0.3491   -0.6090
...    33 G-C ...
  -63.1904  -49.9728   28.8646
    0.4804   -0.8760    0.0437
   -0.5936   -0.2880    0.7515
   -0.6457   -0.3869   -0.6583
...    34 C-G ...
  -64.9572  -51.3420   26.4242
    0.0951   -0.8883    0.4493
   -0.7775    0.2156    0.5907
   -0.6216   -0.4055   -0.6702
...    35 C-G ...
  -66.8070  -52.9413   24.1117
   -0.3148   -0.6181    0.7203
   -0.7188    0.6509    0.2445
   -0.6199   -0.4408   -0.6492
...    36 C-G ...
  -68.7195  -54.6567   21.9381
   -0.6199   -0.1529    0.7697
   -0.4364    0.8824   -0.1761
   -0.6522   -0.4450   -0.6137
...    37 G-C ...
  -70.9283  -55.6820   19.6940
   -0.6940    0.3906    0.6048
   -0.0107    0.8344   -0.5511
   -0.7199   -0.3889   -0.5749
...    38 A-T ...
  -73.2127  -57.0621   17.8405
   -0.5434    0.8109    0.2173
    0.3996    0.4775   -0.7825
   -0.7383   -0.3384   -0.5835
...    39 C-G ...
  -75.9319  -58.2299   16.4635
   -0.2316    0.9588   -0.1646
    0.6199    0.0150   -0.7846
   -0.7498   -0.2837   -0.5978
...    40 A-T ...
  -78.5117  -58.9949   14.5021
    0.2460    0.8635   -0.4402
    0.6255   -0.4884   -0.6085
   -0.7404   -0.1257   -0.6603
...    41 C-G ...
  -81.1766  -58.8422   12.6489
    0.5706    0.5229   -0.6332
    0.4092   -0.8496   -0.3328
   -0.7120   -0.0692   -0.6988
...    42 G-C ...
  -83.2026  -59.0417   10.0510
    0.8061    0.0203   -0.5915
    0.0086   -0.9997   -0.0227
   -0.5918    0.0132   -0.8060
...    43 A-T ...
  -84.9304  -58.8420    7.3049
    0.7006   -0.5429   -0.4631
   -0.4686   -0.8395    0.2751
   -0.5381    0.0243   -0.8425
...    44 C-G ...
  -86.1810  -58.3510    4.2878
    0.3815   -0.8915   -0.2442
   -0.7749   -0.4525    0.4413
   -0.5039    0.0209   -0.8635
...    45 T-A ...
  -87.4523  -58.3062    1.2466
   -0.0507   -0.9979    0.0407
   -0.8815    0.0639    0.4678
   -0.4694   -0.0122   -0.8829
...    46 T-A ...
  -88.6320  -58.3740   -1.7886
   -0.5594   -0.7892    0.2536
   -0.6976    0.6134    0.3703
   -0.4477    0.0302   -0.8936
...    47 A-T ...
  -90.2283  -57.9109   -4.6799
   -0.8796   -0.2573    0.4001
   -0.2087    0.9645    0.1616
   -0.4275    0.0587   -0.9021
...    48 C-G ...
  -91.6559  -58.3148   -7.6338
   -0.8558    0.2663    0.4436
    0.2715    0.9610   -0.0530
   -0.4404    0.0751   -0.8946
...    49 T-A ...
  -93.3523  -58.2707  -10.4536
   -0.5726    0.7049    0.4185
    0.6682    0.6971   -0.2599
   -0.4750    0.1308   -0.8702
...    50 G-C ...
  -95.0198  -57.6241  -13.2471
   -0.0674    0.9369    0.3431
    0.8660    0.2257   -0.4463
   -0.4955    0.2671   -0.8265
...    51 T-A ...
  -97.1298  -56.6539  -15.5378
    0.3975    0.9078    0.1333
    0.7866   -0.2624   -0.5590
   -0.4725    0.3271   -0.8184
...    52 A-T ...
  -98.8867  -54.9832  -17.8443
    0.8084    0.5884    0.0147
    0.4788   -0.6429   -0.5978
   -0.3423    0.4903   -0.8015
...    53 G-C ...
  -99.9702  -53.0021  -20.2239
    0.9672    0.1514   -0.2038
    0.0125   -0.8302   -0.5574
   -0.2535    0.5365   -0.8049
...    54 G-C ...
 -100.3731  -50.7997  -22.7490
    0.8575   -0.3457   -0.3811
   -0.4947   -0.7578   -0.4255
   -0.1417    0.5534   -0.8208
...    55 T-A ...
 -100.3312  -48.6089  -25.2087
    0.4966   -0.6932   -0.5224
   -0.8611   -0.4688   -0.1967
   -0.1085    0.5475   -0.8297
...    56 A-T ...
 -100.7530  -46.8546  -27.9870
   -0.0892   -0.8440   -0.5288
   -0.9924    0.0299    0.1197
   -0.0852    0.5354   -0.8403
...    57 T-A ...
 -100.3485  -45.2658  -30.8566
   -0.5727   -0.7062   -0.4163
   -0.8163    0.4449    0.3683
   -0.0748    0.5508   -0.8313
...    58 C-G ...
 -100.5286  -43.5623  -33.6411
   -0.9370   -0.3281   -0.1199
   -0.3386    0.7690    0.5421
   -0.0857    0.5486   -0.8317
...    59 T-A ...
 -100.8910  -42.0479  -36.5463
   -0.9744    0.0798    0.2104
    0.1822    0.8285    0.5295
   -0.1320    0.5542   -0.8218
...    60 C-G ...
 -101.3867  -40.3257  -39.2679
   -0.6938    0.5119    0.5065
    0.7033    0.6328    0.3239
   -0.1547    0.5810   -0.7991
...    61 G-C ...
 -101.6734  -38.1907  -41.7708
   -0.1985    0.6753    0.7104
    0.9615    0.2748    0.0074
   -0.1902    0.6844   -0.7038
...    62 A-T ...
 -102.4173  -35.9520  -43.9883
    0.3793    0.6662    0.6422
    0.9093   -0.1399   -0.3919
   -0.1712    0.7326   -0.6588
...    63 G-C ...
 -103.1957  -33.3617  -45.8425
    0.7888    0.4391    0.4301
    0.6054   -0.4340   -0.6672
   -0.1063    0.7867   -0.6081
...    64 C-G ...
 -103.5821  -30.4930  -47.3706
    0.9931    0.0977    0.0645
    0.1092   -0.5746   -0.8111
   -0.0422    0.8126   -0.5813
...    65 T-A ...
 -103.4833  -27.6049  -48.9307
    0.9174   -0.2598   -0.3014
   -0.3954   -0.5103   -0.7637
    0.0446    0.8198   -0.5709
...    66 C-G ...
 -103.0861  -24.9374  -50.7458
    0.5343   -0.5292   -0.6592
   -0.8405   -0.2491   -0.4812
    0.0904    0.8111   -0.5779
...    67 G-C ...
 -103.0013  -22.4547  -52.9252
   -0.0099   -0.6510   -0.7591
   -0.9893    0.1169   -0.0874
    0.1457    0.7501   -0.6451
...    68 G-C ...
 -102.1933  -20.1350  -55.2227
   -0.5372   -0.5371   -0.6504
   -0.8322    0.4632    0.3048
    0.1375    0.7050   -0.6958
...    69 G-C ...
 -101.5693  -18.0062  -57.7482
   -0.9024   -0.2539   -0.3481
   -0.4214    0.6886    0.5902
    0.0899    0.6793   -0.7283
...    70 A-T ...
 -101.2127  -15.8742  -60.1938
   -0.9827    0.1724    0.0670
    0.1706    0.7050    0.6884
    0.0715    0.6879   -0.7223
...    71 T-A ...
 -101.2676  -14.0925  -62.9623
   -0.7705    0.4987    0.3970
    0.6325    0.5209    0.5732
    0.0791    0.6927   -0.7168
...    72 C-G ...
 -101.1314  -11.8600  -65.3303
   -0.2815    0.6724    0.6846
    0.9569    0.1440    0.2521
    0.0710    0.7261   -0.6840
...    73 C-G ...
 -101.3148   -9.3505  -67.5716
    0.2379    0.5651    0.7900
    0.9669   -0.2149   -0.1374
    0.0921    0.7965   -0.5975
...    74 G-C ...
 -100.7222   -6.6953  -69.4436
    0.6814    0.2399    0.6914
    0.7092   -0.4498   -0.5429
    0.1807    0.8603   -0.4766
...    75 C-G ...
 -100.2801   -3.6452  -70.5445
    0.9347   -0.0889    0.3443
    0.2606   -0.4876   -0.8333
    0.2419    0.8685   -0.4326
...    76 T-A ...
  -99.3311   -0.6651  -71.5403
    0.9181   -0.3886   -0.0774
   -0.2217   -0.3419   -0.9132
    0.3284    0.8556   -0.4001
...    77 T-A ...
  -98.1092    2.1590  -72.5417
    0.6469   -0.5222   -0.5557
   -0.6784   -0.0613   -0.7321
    0.3482    0.8506   -0.3939
...    78 T-A ...
  -96.7076    4.8823  -73.6040
    0.1720   -0.4653   -0.8683
   -0.9176    0.2449   -0.3130
    0.3583    0.8506   -0.3849
...    79 A-T ...
  -95.6017    7.6990  -74.9416
   -0.3917   -0.2655   -0.8809
   -0.8442    0.4845    0.2294
    0.3659    0.8335   -0.4139
...    80 A-T ...
  -94.1767   10.2099  -76.4332
   -0.7848    0.0681   -0.6160
   -0.4879    0.5451    0.6818
    0.3823    0.8356   -0.3946
...    81 C-G ...
  -92.8155   12.6164  -78.2487
   -0.9297    0.3206   -0.1811
   -0.0243    0.4375    0.8989
    0.3674    0.8402   -0.3989
...    82 A-T ...
  -91.6288   15.4561  -79.4352
   -0.8233    0.4265    0.3745
    0.4911    0.2046    0.8467
    0.2845    0.8811   -0.3779
...    83 C-G ...
  -91.1876   18.2809  -81.0649
   -0.4778    0.4414    0.7596
    0.8362   -0.0364    0.5472
    0.2692    0.8966   -0.3517
...    84 T-A ...
  -90.6962   21.3300  -82.1934
   -0.0235    0.2943    0.9554
    0.9653   -0.2420    0.0983
    0.2601    0.9246   -0.2784
...    85 T-A ...
  -90.1345   24.4031  -83.0176
    0.4874    0.0866    0.8689
    0.8280   -0.3617   -0.4284
    0.2772    0.9283   -0.2479
...    86 T-A ...
  -89.4193   27.4979  -83.5930
    0.8415   -0.1579    0.5166
    0.4431   -0.3450   -0.8274
    0.3089    0.9252   -0.2204
...    87 A-T ...
  -88.2545   30.6102  -83.7600
    0.8859   -0.4587    0.0691
   -0.0135   -0.1745   -0.9846
    0.4637    0.8713   -0.1608
...    88 T-A ...
  -86.5846   33.4191  -83.5933
    0.7591   -0.5040   -0.4120
   -0.4333    0.0812   -0.8976
    0.4858    0.8599   -0.1567
...    89 G-C ...
  -84.8055   36.1079  -84.3291
    0.3507   -0.4710   -0.8094
   -0.7457    0.3824   -0.5456
    0.5665    0.7949   -0.2172
...    90 C-G ...
  -82.5609   38.4081  -85.0352
   -0.1161   -0.2253   -0.9673
   -0.7996    0.5989   -0.0436
    0.5891    0.7685   -0.2497
...    91 T-A ...
  -80.3896   40.6674  -86.0570
   -0.5267    0.0846   -0.8459
   -0.6110    0.6541    0.4458
    0.5910    0.7516   -0.2928
...    92 T-A ...
  -78.2726   42.8662  -87.1855
   -0.7558    0.4638   -0.4622
   -0.2175    0.4880    0.8453
    0.6176    0.7394   -0.2680
...    93 C-G ...
  -76.2748   45.2517  -88.1915
   -0.7528    0.6488    0.1112
    0.2522    0.1282    0.9592
    0.6080    0.7501   -0.2601
...    94 C-G ...
  -74.4202   47.8064  -89.3744
   -0.5612    0.5554    0.6137
    0.6031   -0.2335    0.7628
    0.5669    0.7982   -0.2039
...    95 G-C ...
  -72.3431   50.3355  -89.8131
   -0.2379    0.2370    0.9419
    0.8050   -0.4946    0.3277
    0.5436    0.8362   -0.0731
...    96 G-C ...
  -70.8928   53.3684  -89.9963
    0.1391   -0.1436    0.9798
    0.8199   -0.5381   -0.1953
    0.5553    0.8305    0.0429
...    97 C-G ...
  -69.4499   56.2656  -89.5567
    0.4947   -0.4633    0.7353
    0.6405   -0.3775   -0.6688
    0.5874    0.8018    0.1100
...    98 T-A ...
  -67.6439   58.8734  -88.7485
    0.6838   -0.6632    0.3042
    0.3434   -0.0753   -0.9362
    0.6438    0.7447    0.1762
...    99 C-G ...
  -65.4457   61.1230  -87.9957
    0.7203   -0.6373   -0.2739
   -0.0655    0.3305   -0.9415
    0.6906    0.6961    0.1963
...   100 G-C ...
  -62.9860   63.3075  -87.7285
    0.4932   -0.4450   -0.7474
   -0.3744    0.6670   -0.6442
    0.7852    0.5976    0.1623
...   101 T-A ...
  -60.1168   64.7325  -86.9609
    0.2236   -0.0607   -0.9728
   -0.5540    0.8132   -0.1781
    0.8019    0.5788    0.1482
...   102 A-T ...
  -57.5863   66.8232  -86.4771
   -0.1363    0.4334   -0.8908
   -0.5683    0.7024    0.4287
    0.8115    0.5646    0.1506
...   103 T-A ...
  -54.5938   68.2298  -86.4238
   -0.3814    0.7387   -0.5557
   -0.4300    0.3904    0.8141
    0.8183    0.5494    0.1688
...   104 A-T ...
  -51.9449   70.0638  -85.6321
   -0.5586    0.8290    0.0288
   -0.1382   -0.1273    0.9822
    0.8179    0.5446    0.1857
...   105 T-A ...
  -49.3135   72.0458  -85.6756
   -0.5526    0.6600    0.5090
    0.1420   -0.5272    0.8378
    0.8212    0.5353    0.1976
...   106 C-G ...
  -46.6764   73.8708  -85.1156
   -0.4226    0.2202    0.8792
    0.4170   -0.8140    0.4043
    0.8047    0.5375    0.2522
...   107 A-T ...
  -44.0741   75.7263  -84.1975
   -0.2661   -0.3169    0.9103
    0.5929   -0.7984   -0.1046
    0.7600    0.5119    0.4004
...   108 T-A ...
  -42.0985   77.7981  -82.6474
    0.0136   -0.6811    0.7321
    0.6530   -0.5484   -0.5224
    0.7573    0.4851    0.4373
...   109 G-C ...
  -39.6337   79.1555  -80.8636
    0.2152   -0.9353    0.2808
    0.5915   -0.1040   -0.7996
    0.7770    0.3382    0.5309
...   110 T-A ...
  -37.4674   80.0489  -78.6042
    0.4333   -0.8835   -0.1782
    0.4331    0.3775   -0.8185
    0.7904    0.2775    0.5462
...   111 T-A ...
  -35.0145   80.7082  -76.6060
    0.5876   -0.5437   -0.5993
    0.1529    0.8019   -0.5775
    0.7946    0.2477    0.5543
...   112 A-T ...
  -32.3093   81.4762  -74.8753
    0.5438   -0.0073   -0.8392
   -0.1680    0.9788   -0.1174
    0.8223    0.2048    0.5310
...   113 T-A ...
  -29.4541   81.4459  -73.2126
    0.4084    0.4844   -0.7737
   -0.4118    0.8542    0.3174
    0.8146    0.1890    0.5483
...   114 A-T ...
  -26.9621   82.2723  -71.1589
    0.1129    0.9097   -0.3997
   -0.5851    0.3860    0.7132
    0.8031    0.1534    0.5758
...   115 A-T ...
  -24.1595   82.6845  -69.5553
   -0.2022    0.9754    0.0883
   -0.5709   -0.1907    0.7986
    0.7958    0.1111    0.5953
...   116 C-G ...
  -21.2912   83.3382  -68.0598
   -0.4815    0.7442    0.4630
   -0.4042   -0.6573    0.6361
    0.7777    0.1191    0.6173
...   117 G-C ...
  -18.8251   83.4378  -65.8691
   -0.7301    0.2730    0.6265
   -0.1100   -0.9517    0.2866
    0.6745    0.1403    0.7248
...   118 G-C ...
  -16.6703   84.3309  -63.4495
   -0.7681   -0.2574    0.5863
    0.2739   -0.9597   -0.0626
    0.5788    0.1125    0.8077
...   119 A-T ...
  -14.9321   84.7816  -60.7758
   -0.5469   -0.7439    0.3842
    0.6545   -0.6660   -0.3578
    0.5220    0.0558    0.8511
...   120 A-T ...
  -13.5499   84.9730  -57.8785
   -0.1571   -0.9839    0.0857
    0.8578   -0.1790   -0.4817
    0.4893   -0.0021    0.8721
...   121 T-A ...
  -12.6087   84.8636  -54.7606
    0.2535   -0.9498   -0.1835
    0.8398    0.3103   -0.4455
    0.4801   -0.0411    0.8763
...   122 G-C ...
  -10.8878   84.3811  -51.9798
    0.6016   -0.6300   -0.4911
    0.6125    0.7584   -0.2227
    0.5128   -0.1668    0.8422
...   123 T-A ...
   -9.4912   83.2325  -49.2285
    0.8192   -0.1628   -0.5500
    0.2436    0.9669    0.0766
    0.5193   -0.1967    0.8317
...   124 G-C ...
   -7.5909   82.8020  -46.5818
    0.7882    0.4137   -0.4556
   -0.2313    0.8852    0.4037
    0.5703   -0.2128    0.7934
...   125 T-A ...
   -5.4737   81.6216  -44.2998
    0.5640    0.8059   -0.1804
   -0.6011    0.5504    0.5794
    0.5662   -0.2183    0.7948
...   126 C-G ...
   -3.5278   80.8554  -41.7806
    0.1142    0.9757    0.1872
   -0.8240   -0.0123    0.5665
    0.5550   -0.2189    0.8025
...   127 G-C ...
   -2.0850   79.9500  -38.9548
   -0.3984    0.8353    0.3789
   -0.7721   -0.5283    0.3530
    0.4951   -0.1519    0.8555
...   128 A-T ...
   -0.3598   79.4609  -36.2534
   -0.7867    0.4086    0.4627
   -0.4314   -0.9001    0.0615
    0.4416   -0.1512    0.8844
...   129 C-G ...
    1.1203   79.5892  -33.3570
   -0.9234   -0.0728    0.3770
    0.0058   -0.9844   -0.1759
    0.3839   -0.1602    0.9094
...   130 C-G ...
    2.1782   79.4727  -30.1660
   -0.8464   -0.5216    0.1070
    0.4654   -0.8224   -0.3272
    0.2587   -0.2271    0.9389
...   131 A-T ...
    2.6955   78.7232  -26.9557
   -0.5340   -0.8111   -0.2385
    0.8378   -0.4697   -0.2785
    0.1139   -0.3485    0.9304
...   132 A-T ...
    2.7063   77.5576  -23.9557
   -0.0200   -0.9170   -0.3984
    0.9968    0.0124   -0.0785
    0.0769   -0.3987    0.9139
...   133 A-T ...
    2.6309   76.0958  -21.0773
    0.5138   -0.7599   -0.3981
    0.8559    0.4859    0.1771
    0.0588   -0.4318    0.9001
...   134 T-A ...
    2.3075   74.2307  -18.3902
    0.8657   -0.4293   -0.2574
    0.4984    0.7868    0.3641
    0.0462   -0.4435    0.8951
...   135 G-C ...
    1.4354   72.0970  -15.6050
    0.9809    0.0621    0.1843
   -0.1263    0.9241    0.3607
   -0.1479   -0.3771    0.9143
...   136 T-A ...
    0.5279   69.2393  -13.4688
    0.7351    0.4963    0.4618
   -0.6117    0.7792    0.1365
   -0.2921   -0.3828    0.8764
...   137 G-C ...
   -0.1659   67.4105  -10.8095
    0.1800    0.8794    0.4408
   -0.9276    0.3008   -0.2214
   -0.3274   -0.3691    0.8698
...   138 A-T ...
   -0.1321   66.2179   -7.8216
   -0.3749    0.8570    0.3536
   -0.8857   -0.2184   -0.4098
   -0.2739   -0.4668    0.8409
...   139 G-C ...
   -1.0069   65.6074   -4.9424
   -0.8336    0.5218    0.1811
   -0.5170   -0.6220   -0.5881
   -0.1942   -0.5839    0.7883
...   140 C-G ...
   -0.6975   63.9003   -2.2528
   -0.9992    0.0157   -0.0376
    0.0023   -0.8993   -0.4374
   -0.0406   -0.4371    0.8985
...   141 G-C ...
   -3.4382   60.2385    1.0284
   -0.4425    0.2285   -0.8672
    0.1683   -0.9287   -0.3306
   -0.8808   -0.2922    0.3725
...   142 C-G ...
   -6.3288   59.0833    1.6294
   -0.2970   -0.3280   -0.8968
    0.5656   -0.8171    0.1115
   -0.7693   -0.4741    0.4282
...   143 T-A ...
   -8.6768   58.7242    3.6024
   -0.0347   -0.7817   -0.6227
    0.6533   -0.4893    0.5778
   -0.7563   -0.3868    0.5276
...   144 C-G ...
  -11.6545   58.0113    4.7193
    0.2451   -0.9542   -0.1716
    0.6322    0.0231    0.7745
   -0.7350   -0.2983    0.6089
...   145 A-T ...
  -14.1760   56.5668    6.1807
    0.5795   -0.7268    0.3687
    0.3139    0.6165    0.7220
   -0.7521   -0.3027    0.5855
...   146 C-G ...
  -16.4651   53.8949    7.5153
    0.5336   -0.3331    0.7774
   -0.0346    0.9098    0.4136
   -0.8450   -0.2476    0.4739
...   147 A-T ...
  -19.0172   52.0374    8.9261
    0.2452    0.2907    0.9249
   -0.3073    0.9281   -0.2103
   -0.9195   -0.2327    0.3169
