  147 base-pairs
...     1 A-T ...
    0.0000    0.0000    0.0000
    1.0000    0.0000    0.0000
    0.0000    1.0000    0.0000
    0.0000    0.0000    1.0000
...     2 G-C ...
   -0.1404   -1.2353    3.2259
    0.7530    0.6366    0.1668
   -0.6385    0.7681   -0.0490
   -0.1593   -0.0696    0.9848
...     3 T-A ...
   -0.0377   -3.2918    6.3749
    0.2722    0.9302    0.2464
   -0.9238    0.3243   -0.2034
   -0.2691   -0.1722    0.9476
...     4 G-C ...
   -0.3520   -4.1638    9.4928
   -0.3756    0.9250    0.0576
   -0.8780   -0.3352   -0.3416
   -0.2967   -0.1788    0.9381
...     5 A-T ...
   -0.4480   -4.1448   12.7498
   -0.8116    0.5839   -0.0166
   -0.5522   -0.7762   -0.3042
   -0.1905   -0.2377    0.9525
...     6 G-C ...
   -1.5926   -4.1701   15.6201
   -0.9976    0.0246   -0.0651
   -0.0043   -0.9555   -0.2950
   -0.0694   -0.2940    0.9533
...     7 C-G ...
   -1.1050   -4.4793   18.7363
   -0.8442   -0.5302   -0.0787
    0.5343   -0.8442   -0.0430
   -0.0437   -0.0784    0.9960
...     8 G-C ...
   -2.4044   -7.7255   23.1483
   -0.2753   -0.3294   -0.9032
    0.6650   -0.7437    0.0686
   -0.6943   -0.5817    0.4238
...     9 C-G ...
   -4.4706   -9.9691   24.1142
    0.1145   -0.7026   -0.7023
    0.8512   -0.2951    0.4341
   -0.5123   -0.6475    0.5642
...    10 T-A ...
   -6.7420  -10.8705   25.9717
    0.4841   -0.8363   -0.2573
    0.6594    0.1554    0.7356
   -0.5752   -0.5257    0.6267
...    11 C-G ...
   -9.1682  -12.6167   27.1662
    0.7073   -0.6683    0.2306
    0.3450    0.6110    0.7125
   -0.6170   -0.4243    0.6627
...    12 A-T ...
  -10.9253  -14.6583   29.0713
    0.7515   -0.1377    0.6452
   -0.2027    0.8824    0.4245
   -0.6278   -0.4498    0.6352
...    13 C-G ...
  -11.8495  -17.4796   31.2472
    0.4294    0.2824    0.8578
   -0.5708    0.8209    0.0155
   -0.6998   -0.4963    0.5137
...    14 A-T ...
  -13.5915  -19.7756   33.4284
   -0.1503    0.6106    0.7775
   -0.6874    0.5007   -0.5261
   -0.7106   -0.6135    0.3445
...    15 A-T ...
  -15.7549  -21.9016   34.5453
   -0.4961    0.7943    0.3506
   -0.4647    0.0982   -0.8800
   -0.7334   -0.5996    0.3204
...    16 T-A ...
  -17.8932  -23.8518   36.3061
   -0.6914    0.7065   -0.1512
   -0.1183   -0.3172   -0.9410
   -0.7127   -0.6327    0.3029
...    17 T-A ...
  -20.2295  -25.7475   37.6550
   -0.6479    0.3799   -0.6602
    0.3164   -0.6542   -0.6870
   -0.6929   -0.6540    0.3036
...    18 T-A ...
  -22.5719  -27.6830   38.6422
   -0.3247    0.0339   -0.9452
    0.6013   -0.7640   -0.2339
   -0.7301   -0.6443    0.2277
...    19 A-T ...
  -25.0604  -29.6526   38.9996
    0.1271   -0.1489   -0.9807
    0.6531   -0.7315    0.1957
   -0.7465   -0.6653    0.0043
...    20 T-A ...
  -27.9047  -31.2741   38.6735
    0.4483   -0.4634   -0.7644
    0.4995   -0.5793    0.6441
   -0.7413   -0.6706   -0.0283
...    21 T-A ...
  -30.4388  -33.3190   38.2594
    0.6665   -0.6816   -0.3019
    0.1620   -0.2628    0.9511
   -0.7277   -0.6829   -0.0648
...    22 C-G ...
  -32.7138  -35.6298   37.9035
    0.6667   -0.6888    0.2845
   -0.2608    0.1421    0.9549
   -0.6982   -0.7109   -0.0849
...    23 G-C ...
  -34.8734  -38.1556   38.3644
    0.4856   -0.4196    0.7669
   -0.6393    0.4279    0.6389
   -0.5962   -0.8005   -0.0605
...    24 C-G ...
  -36.5065  -40.9600   38.0387
    0.1121   -0.0977    0.9889
   -0.8011    0.5799    0.1481
   -0.5879   -0.8088   -0.0133
...    25 A-T ...
  -38.8179  -43.2953   37.8474
   -0.3491    0.2639    0.8991
   -0.7181    0.5411   -0.4376
   -0.6020   -0.7985    0.0006
...    26 A-T ...
  -40.6393  -46.0271   38.0319
   -0.7059    0.4974    0.5043
   -0.3916    0.3193   -0.8630
   -0.5902   -0.8067   -0.0306
...    27 A-T ...
  -42.4090  -48.7535   38.2611
   -0.8175    0.5707   -0.0773
    0.1021    0.0115   -0.9947
   -0.5668   -0.8210   -0.0677
...    28 G-C ...
  -44.5576  -51.3283   38.4708
   -0.6034    0.5557   -0.5719
    0.5012   -0.2936   -0.8140
   -0.6203   -0.7778   -0.1013
...    29 G-C ...
  -47.0767  -53.6869   38.2662
   -0.1634    0.4196   -0.8929
    0.7419   -0.5443   -0.3916
   -0.6503   -0.7264   -0.2224
...    30 C-G ...
  -49.6118  -55.5969   37.4955
    0.3053    0.1507   -0.9402
    0.7045   -0.7001    0.1166
   -0.6407   -0.6980   -0.3200
...    31 C-G ...
  -51.9401  -57.5962   36.2567
    0.7017   -0.1569   -0.6950
    0.4115   -0.7071    0.5750
   -0.5817   -0.6895   -0.4316
...    32 G-C ...
  -53.2943  -59.8557   34.7585
    0.8807   -0.3848   -0.2762
   -0.0185   -0.6106    0.7918
   -0.4733   -0.6922   -0.5448
...    33 G-C ...
  -54.1355  -62.2771   32.5450
    0.7591   -0.6163    0.2095
   -0.5199   -0.3805    0.7648
   -0.3916   -0.6895   -0.6093
...    34 C-G ...
  -54.8907  -64.6412   30.4156
    0.3639   -0.7136    0.5986
   -0.8662   -0.0231    0.4991
   -0.3423   -0.7001   -0.6266
...    35 C-G ...
  -55.6970  -67.2709   28.4184
   -0.1902   -0.6180    0.7628
   -0.9345    0.3521    0.0522
   -0.3008   -0.7029   -0.6445
...    36 C-G ...
  -56.4967  -69.8021   26.3628
   -0.6602   -0.3200    0.6795
   -0.6885    0.6194   -0.3772
   -0.3002   -0.7169   -0.6293
...    37 G-C ...
  -57.8096  -71.3608   23.5262
   -0.9141    0.1193    0.3875
   -0.1875    0.7230   -0.6649
   -0.3595   -0.6805   -0.6385
...    38 A-T ...
  -58.6630  -73.5457   21.4635
   -0.8527    0.5203   -0.0464
    0.3842    0.5644   -0.7307
   -0.3540   -0.6409   -0.6811
...    39 C-G ...
  -60.2289  -75.5843   19.5743
   -0.5213    0.7768   -0.3532
    0.7616    0.2367   -0.6033
   -0.3851   -0.5835   -0.7150
...    40 A-T ...
  -61.7095  -77.3992   17.2503
    0.0098    0.8661   -0.4998
    0.9144   -0.2100   -0.3461
   -0.4047   -0.4536   -0.7940
...    41 C-G ...
  -63.3633  -78.3224   14.6415
    0.4891    0.7005   -0.5196
    0.7894   -0.6090   -0.0779
   -0.3710   -0.3720   -0.8509
...    42 G-C ...
  -64.1396  -79.6775   11.7010
    0.8806    0.2976   -0.3686
    0.3702   -0.9178    0.1434
   -0.2957   -0.2628   -0.9184
...    43 A-T ...
  -65.0330  -80.4088    8.7542
    0.9369   -0.2790   -0.2108
   -0.2056   -0.9271    0.3133
   -0.2829   -0.2502   -0.9260
...    44 C-G ...
  -65.6396  -80.5753    5.5048
    0.7110   -0.7029    0.0213
   -0.6666   -0.6639    0.3389
   -0.2241   -0.2552   -0.9406
...    45 T-A ...
  -65.6328  -81.2148    1.9056
    0.2350   -0.9546    0.1829
   -0.9499   -0.1857    0.2515
   -0.2061   -0.2329   -0.9504
...    46 T-A ...
  -65.7194  -81.7170   -1.3597
   -0.2662   -0.9373    0.2248
   -0.9432    0.3014    0.1400
   -0.1990   -0.1748   -0.9643
...    47 A-T ...
  -66.5935  -82.0260   -4.5802
   -0.7940   -0.5580    0.2412
   -0.5774    0.8164   -0.0120
   -0.1903   -0.1488   -0.9704
...    48 C-G ...
  -66.9462  -83.1084   -7.7161
   -0.9772   -0.0513    0.2061
   -0.0775    0.9896   -0.1208
   -0.1977   -0.1340   -0.9710
...    49 T-A ...
  -67.8072  -83.9513  -10.8499
   -0.8568    0.4787    0.1918
    0.4401    0.8726   -0.2119
   -0.2687   -0.0971   -0.9583
...    50 G-C ...
  -68.9769  -84.0410  -14.0126
   -0.4436    0.8740    0.1985
    0.8305    0.4841   -0.2756
   -0.3370    0.0426   -0.9405
...    51 T-A ...
  -70.5792  -84.0008  -16.7734
    0.0076    0.9894    0.1449
    0.9406    0.0421   -0.3370
   -0.3395    0.1389   -0.9303
...    52 A-T ...
  -72.6809  -82.6512  -19.2168
    0.4987    0.8258    0.2632
    0.8288   -0.3654   -0.4237
   -0.2538    0.4295   -0.8667
...    53 G-C ...
  -73.8924  -81.0393  -21.7208
    0.8457    0.5132    0.1462
    0.5041   -0.6783   -0.5346
   -0.1752    0.5258   -0.8324
...    54 G-C ...
  -74.6553  -78.2988  -24.0831
    0.9959    0.0571   -0.0707
    0.0060   -0.8178   -0.5755
   -0.0907    0.5727   -0.8147
...    55 T-A ...
  -74.8267  -75.7554  -26.3281
    0.8423   -0.3889   -0.3732
   -0.5322   -0.7098   -0.4615
   -0.0854    0.5874   -0.8048
...    56 T-A ...
  -74.9045  -73.7090  -28.8232
    0.3945   -0.7171   -0.5745
   -0.9147   -0.3658   -0.1715
   -0.0872    0.5932   -0.8003
...    57 C-G ...
  -75.4001  -71.8723  -31.5183
   -0.1991   -0.7962   -0.5713
   -0.9778    0.1225    0.1700
   -0.0654    0.5925   -0.8029
...    58 A-T ...
  -75.3804  -69.7644  -34.1382
   -0.6734   -0.6639   -0.3253
   -0.7331    0.5430    0.4095
   -0.0953    0.5142   -0.8524
...    59 T-A ...
  -75.4362  -68.4795  -37.1109
   -0.9398   -0.3351   -0.0668
   -0.3199    0.7946    0.5161
   -0.1199    0.5064   -0.8539
...    60 G-C ...
  -75.9083  -66.9937  -40.1811
   -0.9475    0.1152    0.2983
    0.2546    0.8363    0.4857
   -0.1935    0.5361   -0.8217
...    61 T-A ...
  -76.8864  -65.7803  -43.1037
   -0.6908    0.4985    0.5238
    0.6931    0.6628    0.2833
   -0.2059    0.5587   -0.8034
...    62 T-A ...
  -77.8031  -64.0310  -45.5369
   -0.2305    0.7215    0.6529
    0.9451    0.3257   -0.0263
   -0.2316    0.6111   -0.7570
...    63 A-T ...
  -78.5748  -61.8312  -47.7856
    0.2818    0.6808    0.6761
    0.9357   -0.0391   -0.3506
   -0.2122    0.7314   -0.6481
...    64 T-A ...
  -79.8563  -59.3768  -49.4098
    0.6916    0.5749    0.4371
    0.6908   -0.3499   -0.6328
   -0.2109    0.7396   -0.6391
...    65 A-T ...
  -80.3977  -56.8254  -51.3623
    0.9615    0.2326    0.1465
    0.2529   -0.5399   -0.8029
   -0.1077    0.8090   -0.5779
...    66 A-T ...
  -80.7007  -54.1278  -52.9655
    0.9573   -0.1128   -0.2661
   -0.2823   -0.5624   -0.7772
   -0.0620    0.8191   -0.5702
...    67 C-G ...
  -80.4172  -50.9818  -54.3374
    0.6669   -0.3921   -0.6336
   -0.7431   -0.4131   -0.5265
   -0.0553    0.8219   -0.5669
...    68 G-C ...
  -80.6354  -48.5787  -56.5184
    0.1599   -0.6309   -0.7592
   -0.9870   -0.0890   -0.1339
    0.0169    0.7707   -0.6369
...    69 G-C ...
  -80.3444  -46.2531  -58.8175
   -0.3607   -0.6511   -0.6678
   -0.9324    0.2692    0.2413
    0.0227    0.7096   -0.7042
...    70 A-T ...
  -80.0180  -43.9646  -61.1968
   -0.8217   -0.4011   -0.4049
   -0.5700    0.5833    0.5787
    0.0041    0.7063   -0.7079
...    71 A-T ...
  -79.9092  -41.8596  -63.7074
   -0.9998   -0.0037   -0.0181
   -0.0155    0.6952    0.7186
    0.0099    0.7188   -0.6952
...    72 T-A ...
  -80.0372  -40.0468  -66.4893
   -0.8820    0.3287    0.3378
    0.4713    0.6056    0.6412
    0.0062    0.7247   -0.6890
...    73 C-G ...
  -80.3765  -37.7038  -68.9172
   -0.4339    0.6023    0.6700
    0.9010    0.2889    0.3237
    0.0014    0.7441   -0.6680
...    74 T-A ...
  -80.7409  -35.1649  -70.9879
    0.0652    0.5963    0.8001
    0.9978   -0.0335   -0.0564
   -0.0069    0.8020   -0.5972
...    75 C-G ...
  -80.7524  -32.3613  -72.6764
    0.5883    0.4255    0.6876
    0.8086   -0.3055   -0.5028
   -0.0039    0.8519   -0.5238
...    76 G-C ...
  -80.2960  -29.5813  -74.2999
    0.8723    0.0496    0.4865
    0.4638   -0.3992   -0.7909
    0.1550    0.9155   -0.3712
...    77 A-T ...
  -79.7395  -26.4964  -75.3922
    0.9736   -0.2282   -0.0030
   -0.0821   -0.3382   -0.9375
    0.2129    0.9130   -0.3481
...    78 G-C ...
  -78.7840  -23.4359  -76.2149
    0.7932   -0.4061   -0.4538
   -0.5480   -0.1510   -0.8228
    0.2656    0.9013   -0.3423
...    79 C-G ...
  -77.4463  -20.4327  -77.1035
    0.3327   -0.4479   -0.8299
   -0.8951    0.1271   -0.4274
    0.2969    0.8850   -0.3586
...    80 T-A ...
  -76.2094  -17.5916  -78.1934
   -0.1739   -0.3312   -0.9274
   -0.9339    0.3543    0.0486
    0.3125    0.8745   -0.3709
...    81 C-G ...
  -75.3331  -14.7184  -79.5117
   -0.6796   -0.0888   -0.7282
   -0.6637    0.4972    0.5588
    0.3125    0.8631   -0.3968
...    82 G-C ...
  -74.8418  -11.4927  -80.3103
   -0.9470    0.1399   -0.2892
   -0.1912    0.4781    0.8572
    0.2582    0.8671   -0.4260
...    83 G-C ...
  -73.9487   -8.6879  -81.8324
   -0.9217    0.3091    0.2344
    0.3286    0.3010    0.8952
    0.2062    0.9021   -0.3790
...    84 G-C ...
  -73.4977   -5.7174  -83.3024
   -0.6374    0.3141    0.7036
    0.7610    0.1134    0.6387
    0.1208    0.9426   -0.3113
...    85 A-T ...
  -73.3336   -2.6262  -84.4102
   -0.0978    0.2795    0.9552
    0.9890   -0.0795    0.1246
    0.1108    0.9569   -0.2686
...    86 T-A ...
  -73.6027    0.5766  -85.1346
    0.4052    0.1655    0.8991
    0.9064   -0.2009   -0.3715
    0.1192    0.9655   -0.2314
...    87 C-G ...
  -73.3171    3.8066  -85.6274
    0.8399   -0.0244    0.5422
    0.5212   -0.2424   -0.8183
    0.1514    0.9699   -0.1909
...    88 C-G ...
  -72.8879    7.0308  -86.0176
    0.9612   -0.2617    0.0873
    0.0406   -0.1785   -0.9831
    0.2728    0.9485   -0.1610
...    89 G-C ...
  -71.8329    9.9943  -86.9442
    0.7950   -0.4471   -0.4100
   -0.4421    0.0359   -0.8963
    0.4154    0.8938   -0.1691
...    90 C-G ...
  -69.9578   12.8903  -87.1940
    0.3996   -0.3620   -0.8422
   -0.8033    0.3044   -0.5119
    0.4416    0.8811   -0.1692
...    91 T-A ...
  -67.9138   15.5716  -87.9708
   -0.1124   -0.1308   -0.9850
   -0.8623    0.5054    0.0313
    0.4938    0.8529   -0.1696
...    92 T-A ...
  -65.9701   18.1042  -88.6200
   -0.5603    0.2264   -0.7967
   -0.6462    0.4822    0.5915
    0.5181    0.8463   -0.1239
...    93 T-A ...
  -64.0668   20.6782  -89.2325
   -0.8090    0.4859   -0.3309
   -0.2293    0.2574    0.9387
    0.5413    0.8352   -0.0968
...    94 A-T ...
  -62.2209   23.3955  -89.0895
   -0.7913    0.5522    0.2625
    0.2606   -0.0837    0.9618
    0.5531    0.8295   -0.0776
...    95 A-T ...
  -60.5812   26.0774  -89.4589
   -0.5588    0.3932    0.7302
    0.6262   -0.3772    0.6823
    0.5437    0.8385   -0.0354
...    96 C-G ...
  -59.3511   29.1448  -89.8378
   -0.1959    0.1134    0.9740
    0.8183   -0.5285    0.2261
    0.5404    0.8413    0.0107
...    97 A-T ...
  -57.7440   32.0355  -89.6302
    0.1915   -0.2940    0.9364
    0.8136   -0.4861   -0.3190
    0.5490    0.8230    0.1460
...    98 C-G ...
  -56.3720   34.9002  -88.6178
    0.5427   -0.5375    0.6454
    0.6221   -0.2589   -0.7389
    0.5643    0.8025    0.1939
...    99 T-A ...
  -54.5400   37.6442  -87.1954
    0.7529   -0.6464    0.1239
    0.2431    0.0982   -0.9650
    0.6116    0.7567    0.2311
...   100 T-A ...
  -52.5503   39.9435  -86.0385
    0.7670   -0.4669   -0.4402
   -0.2168    0.4571   -0.8626
    0.6040    0.7570    0.2493
...   101 T-A ...
  -50.4923   42.2112  -84.9827
    0.5254   -0.1252   -0.8416
   -0.6021    0.6442   -0.4717
    0.6012    0.7545    0.2631
...   102 A-T ...
  -48.6562   44.9219  -84.1977
    0.0678    0.2779   -0.9582
   -0.7922    0.5988    0.1176
    0.6065    0.7511    0.2608
...   103 T-A ...
  -46.1295   46.9361  -83.6267
   -0.3147    0.5138   -0.7981
   -0.7297    0.4068    0.5496
    0.6070    0.7554    0.2469
...   104 G-C ...
  -44.0611   49.4775  -83.1131
   -0.7433    0.5852   -0.3242
   -0.3724    0.0406    0.9272
    0.5557    0.8099    0.1878
...   105 C-G ...
  -42.4550   52.3086  -82.8838
   -0.8533    0.4766    0.2118
    0.0691   -0.2993    0.9517
    0.5169    0.8266    0.2224
...   106 T-A ...
  -40.9018   55.3298  -82.4926
   -0.6973    0.1985    0.6888
    0.5300   -0.5042    0.6818
    0.4827    0.8404    0.2464
...   107 T-A ...
  -39.5292   58.1242  -81.7885
   -0.3358   -0.1584    0.9285
    0.8221   -0.5304    0.2068
    0.4598    0.8328    0.3084
...   108 C-G ...
  -38.2970   60.9021  -80.6046
    0.1064   -0.5023    0.8581
    0.8821   -0.3506   -0.3146
    0.4589    0.7904    0.4058
...   109 C-G ...
  -37.0046   63.6054  -79.2780
    0.4488   -0.7243    0.5234
    0.7193   -0.0547   -0.6925
    0.5303    0.6873    0.4965
...   110 G-C ...
  -35.1429   65.4671  -77.7727
    0.6564   -0.7525    0.0548
    0.4538    0.3358   -0.8254
    0.6027    0.5666    0.5619
...   111 G-C ...
  -32.8169   66.7105  -75.7032
    0.7519   -0.4999   -0.4298
    0.0886    0.7227   -0.6854
    0.6533    0.4773    0.5877
...   112 C-G ...
  -30.3456   67.6324  -73.6196
    0.6641   -0.0489   -0.7460
   -0.3008    0.8960   -0.3265
    0.6844    0.4413    0.5804
...   113 T-A ...
  -27.9938   68.8399  -71.6894
    0.4153    0.4233   -0.8052
   -0.5763    0.8073    0.1272
    0.7039    0.4112    0.5792
...   114 C-G ...
  -25.7756   70.4320  -69.9013
    0.0058    0.8134   -0.5817
   -0.6865    0.4262    0.5891
    0.7271    0.3959    0.5609
...   115 G-C ...
  -23.7386   71.8036  -67.7296
   -0.4078    0.8997   -0.1561
   -0.5776   -0.1217    0.8072
    0.7072    0.4193    0.5692
...   116 T-A ...
  -21.3533   73.5726  -66.3027
   -0.6727    0.6901    0.2670
   -0.2895   -0.5774    0.7634
    0.6810    0.4362    0.5882
...   117 A-T ...
  -19.0682   75.5344  -64.6554
   -0.7777    0.2179    0.5896
    0.1283   -0.8632    0.4883
    0.6154    0.4554    0.6433
...   118 T-A ...
  -17.3691   77.5929  -62.8563
   -0.6297   -0.2275    0.7428
    0.4716   -0.8717    0.1329
    0.6173    0.4340    0.6562
...   119 A-T ...
  -15.5577   78.9643  -60.5505
   -0.4370   -0.6824    0.5860
    0.7331   -0.6476   -0.2075
    0.5211    0.3389    0.7833
...   120 A-T ...
  -14.1791   80.0480  -57.8430
   -0.0350   -0.9546    0.2958
    0.8680   -0.1757   -0.4645
    0.4954    0.2405    0.8347
...   121 T-A ...
  -13.1373   80.7342  -54.7886
    0.3792   -0.9253   -0.0015
    0.7852    0.3226   -0.5286
    0.4896    0.1993    0.8489
...   122 G-C ...
  -11.5452   80.9357  -51.7541
    0.6801   -0.6169   -0.3961
    0.4873    0.7841   -0.3844
    0.5477    0.0684    0.8339
...   123 T-A ...
   -9.7880   80.5059  -49.0731
    0.8261   -0.1735   -0.5362
    0.1353    0.9847   -0.1102
    0.5471    0.0185    0.8369
...   124 G-C ...
   -7.8336   80.4150  -46.4374
    0.7410    0.4121   -0.5302
   -0.3210    0.9109    0.2594
    0.5898   -0.0220    0.8072
...   125 T-A ...
   -5.7064   79.8437  -44.0427
    0.4705    0.8193   -0.3277
   -0.6462    0.5728    0.5044
    0.6009   -0.0255    0.7989
...   126 C-G ...
   -3.7370   79.7761  -41.5776
    0.0231    0.9987    0.0459
   -0.7958   -0.0094    0.6055
    0.6052   -0.0505    0.7945
...   127 G-C ...
   -2.3282   79.4542  -38.6917
   -0.4248    0.8576    0.2900
   -0.7199   -0.5142    0.4661
    0.5489   -0.0108    0.8358
...   128 A-T ...
   -0.4677   79.2209  -36.1915
   -0.7660    0.4148    0.4911
   -0.3805   -0.9083    0.1738
    0.5182   -0.0538    0.8536
...   129 C-G ...
    1.2591   79.7492  -33.4386
   -0.8807   -0.1070    0.4613
    0.0590   -0.9913   -0.1173
    0.4699   -0.0761    0.8794
...   130 C-G ...
    2.2245   79.9964  -30.1690
   -0.8129   -0.5476    0.1984
    0.4794   -0.8225   -0.3061
    0.3308   -0.1537    0.9311
...   131 A-T ...
    2.6461   78.8966  -27.0376
   -0.5958   -0.7693   -0.2306
    0.7931   -0.5182   -0.3202
    0.1268   -0.3736    0.9189
...   132 A-T ...
    2.7948   77.5990  -24.0579
   -0.0916   -0.8989   -0.4285
    0.9924   -0.0470   -0.1134
    0.0818   -0.4357    0.8964
...   133 A-T ...
    2.6390   76.1004  -21.1227
    0.5027   -0.7704   -0.3922
    0.8622    0.4792    0.1640
    0.0616   -0.4206    0.9052
...   134 T-A ...
    2.3075   74.2308  -18.3903
    0.8657   -0.4293   -0.2574
    0.4984    0.7868    0.3641
    0.0462   -0.4435    0.8951
...   135 G-C ...
    1.4354   72.0971  -15.6050
    0.9809    0.0621    0.1843
   -0.1263    0.9241    0.3607
   -0.1479   -0.3771    0.9143
...   136 T-A ...
    0.5279   69.2394  -13.4689
    0.7351    0.4963    0.4618
   -0.6117    0.7792    0.1365
   -0.2921   -0.3828    0.8764
...   137 G-C ...
   -0.1659   67.4106  -10.8095
    0.1800    0.8794    0.4408
   -0.9276    0.3008   -0.2214
   -0.3274   -0.3691    0.8698
...   138 A-T ...
   -0.1322   66.2181   -7.8216
   -0.3749    0.8570    0.3536
   -0.8857   -0.2184   -0.4098
   -0.2739   -0.4668    0.8409
...   139 G-C ...
   -1.0069   65.6076   -4.9424
   -0.8336    0.5218    0.1811
   -0.5170   -0.6220   -0.5881
   -0.1942   -0.5839    0.7883
...   140 C-G ...
   -0.6975   63.9004   -2.2528
   -0.9992    0.0157   -0.0376
    0.0023   -0.8993   -0.4374
   -0.0406   -0.4371    0.8985
...   141 G-C ...
   -3.4383   60.2386    1.0284
   -0.4425    0.2285   -0.8672
    0.1683   -0.9287   -0.3306
   -0.8808   -0.2922    0.3725
...   142 C-G ...
   -6.3289   59.0835    1.6293
   -0.2970   -0.3280   -0.8968
    0.5656   -0.8171    0.1115
   -0.7693   -0.4741    0.4282
...   143 T-A ...
   -8.6769   58.7244    3.6024
   -0.0347   -0.7817   -0.6227
    0.6533   -0.4893    0.5778
   -0.7563   -0.3868    0.5276
...   144 C-G ...
  -11.6545   58.0115    4.7193
    0.2451   -0.9542   -0.1716
    0.6322    0.0231    0.7745
   -0.7350   -0.2983    0.6089
...   145 A-T ...
  -14.1761   56.5669    6.1807
    0.5795   -0.7268    0.3687
    0.3139    0.6165    0.7220
   -0.7521   -0.3027    0.5855
...   146 C-G ...
  -16.4652   53.8950    7.5153
    0.5336   -0.3331    0.7774
   -0.0346    0.9098    0.4136
   -0.8450   -0.2476    0.4739
...   147 A-T ...
  -19.0173   52.0375    8.9260
    0.2452    0.2907    0.9249
   -0.3073    0.9281   -0.2103
   -0.9195   -0.2327    0.3169
