  147 base-pairs
...     1 A-T ...
    0.0000    0.0000    0.0000
    1.0000    0.0000    0.0000
    0.0000    1.0000    0.0000
    0.0000    0.0000    1.0000
...     2 G-C ...
   -0.1404   -1.2353    3.2259
    0.7530    0.6366    0.1668
   -0.6385    0.7681   -0.0490
   -0.1593   -0.0696    0.9848
...     3 T-A ...
   -0.0377   -3.2918    6.3749
    0.2722    0.9302    0.2464
   -0.9238    0.3243   -0.2034
   -0.2691   -0.1722    0.9476
...     4 G-C ...
   -0.3520   -4.1638    9.4928
   -0.3756    0.9250    0.0576
   -0.8780   -0.3352   -0.3416
   -0.2967   -0.1788    0.9381
...     5 A-T ...
   -0.4480   -4.1448   12.7498
   -0.8116    0.5839   -0.0166
   -0.5522   -0.7762   -0.3042
   -0.1905   -0.2377    0.9525
...     6 G-C ...
   -1.5926   -4.1701   15.6201
   -0.9976    0.0246   -0.0651
   -0.0043   -0.9555   -0.2950
   -0.0694   -0.2940    0.9533
...     7 C-G ...
   -1.1050   -4.4793   18.7363
   -0.8442   -0.5302   -0.0787
    0.5343   -0.8442   -0.0430
   -0.0437   -0.0784    0.9960
...     8 G-C ...
   -2.4044   -7.7255   23.1483
   -0.2753   -0.3294   -0.9032
    0.6650   -0.7437    0.0686
   -0.6943   -0.5817    0.4238
...     9 C-G ...
   -4.4706   -9.9691   24.1142
    0.1145   -0.7026   -0.7023
    0.8512   -0.2951    0.4341
   -0.5123   -0.6475    0.5642
...    10 T-A ...
   -6.7420  -10.8705   25.9717
    0.4841   -0.8363   -0.2573
    0.6594    0.1554    0.7356
   -0.5752   -0.5257    0.6267
...    11 C-G ...
   -9.1682  -12.6167   27.1662
    0.7073   -0.6683    0.2306
    0.3450    0.6110    0.7125
   -0.6170   -0.4243    0.6627
...    12 A-T ...
  -10.9253  -14.6583   29.0713
    0.7515   -0.1377    0.6452
   -0.2027    0.8824    0.4245
   -0.6278   -0.4498    0.6352
...    13 C-G ...
  -11.8495  -17.4796   31.2472
    0.4294    0.2824    0.8578
   -0.5708    0.8209    0.0155
   -0.6998   -0.4963    0.5137
...    14 A-T ...
  -13.5915  -19.7756   33.4284
   -0.1503    0.6106    0.7775
   -0.6874    0.5007   -0.5261
   -0.7106   -0.6135    0.3445
...    15 A-T ...
  -15.6794  -21.8662   34.7684
   -0.5084    0.7771    0.3710
   -0.4787    0.1031   -0.8719
   -0.7158   -0.6209    0.3195
...    16 T-A ...
  -17.7629  -23.7775   36.4287
   -0.6656    0.7396   -0.0997
   -0.1650   -0.2761   -0.9469
   -0.7278   -0.6138    0.3058
...    17 T-A ...
  -20.1223  -25.6038   37.6544
   -0.6189    0.5097   -0.5976
    0.2185   -0.6190   -0.7543
   -0.7545   -0.5974    0.2717
...    18 T-A ...
  -22.6810  -27.2912   38.6335
   -0.3643    0.1508   -0.9190
    0.5061   -0.7963   -0.3313
   -0.7818   -0.5858    0.2137
...    19 A-T ...
  -25.7881  -28.5391   39.0202
    0.0952   -0.0805   -0.9922
    0.5676   -0.8144    0.1205
   -0.8178   -0.5746   -0.0319
...    20 T-A ...
  -28.7435  -29.8380   38.6015
    0.3843   -0.4334   -0.8152
    0.4383   -0.6914    0.5743
   -0.8125   -0.5780   -0.0757
...    21 T-A ...
  -31.4381  -31.5266   38.0535
    0.5796   -0.7183   -0.3848
    0.1446   -0.3741    0.9160
   -0.8019   -0.5866   -0.1130
...    22 C-G ...
  -33.8878  -33.5647   37.4558
    0.5842   -0.7885    0.1926
   -0.2368    0.0613    0.9696
   -0.7763   -0.6120   -0.1509
...    23 G-C ...
  -36.3918  -35.6982   37.3718
    0.4196   -0.5892    0.6905
   -0.5611    0.4296    0.7075
   -0.7135   -0.6844   -0.1503
...    24 C-G ...
  -38.4376  -38.2063   36.7414
    0.0695   -0.2611    0.9628
   -0.7094    0.6656    0.2317
   -0.7014   -0.6991   -0.1390
...    25 A-T ...
  -40.8975  -40.3260   36.2838
   -0.2973    0.1890    0.9359
   -0.6359    0.6920   -0.3417
   -0.7122   -0.6968   -0.0855
...    26 A-T ...
  -43.0077  -42.7958   36.1688
   -0.6186    0.5198    0.5891
   -0.3461    0.4929   -0.7983
   -0.7054   -0.6977   -0.1250
...    27 A-T ...
  -45.2352  -45.1447   36.0392
   -0.7043    0.7073    0.0610
    0.0644    0.1492   -0.9867
   -0.7070   -0.6910   -0.1506
...    28 G-C ...
  -47.6815  -47.3082   35.8484
   -0.5105    0.7556   -0.4105
    0.4143   -0.2023   -0.8874
   -0.7535   -0.6231   -0.2098
...    29 G-C ...
  -50.4737  -49.1183   35.4073
   -0.1311    0.6337   -0.7624
    0.6041   -0.5587   -0.5683
   -0.7860   -0.5351   -0.3096
...    30 C-G ...
  -53.3169  -50.3865   34.4732
    0.2635    0.3121   -0.9128
    0.5699   -0.8138   -0.1138
   -0.7783   -0.4902   -0.3923
...    31 C-G ...
  -56.0181  -51.5170   32.8292
    0.6085   -0.0721   -0.7903
    0.3235   -0.8868    0.3300
   -0.7246   -0.4565   -0.5163
...    32 G-C ...
  -58.0407  -53.2374   30.8742
    0.7810   -0.4543   -0.4285
   -0.1009   -0.7689    0.6313
   -0.6163   -0.4498   -0.6464
...    33 G-C ...
  -59.6617  -54.6363   28.2673
    0.6599   -0.7513    0.0070
   -0.5300   -0.4589    0.7131
   -0.5326   -0.4743   -0.7010
...    34 C-G ...
  -60.9983  -56.2169   25.6940
    0.2855   -0.8718    0.3981
   -0.8194   -0.0066    0.5732
   -0.4970   -0.4899   -0.7162
...    35 C-G ...
  -62.3546  -58.0813   23.2433
   -0.1791   -0.7227    0.6676
   -0.8595    0.4452    0.2513
   -0.4788   -0.5288   -0.7008
...    36 C-G ...
  -63.7463  -60.0735   20.9170
   -0.5904   -0.3512    0.7267
   -0.6326    0.7605   -0.1464
   -0.5012   -0.5461   -0.6712
...    37 G-C ...
  -65.5593  -61.4334   18.5086
   -0.7977    0.1628    0.5807
   -0.1951    0.8414   -0.5039
   -0.5706   -0.5153   -0.6395
...    38 A-T ...
  -67.3126  -63.2197   16.4310
   -0.7451    0.6296    0.2202
    0.3059    0.6159   -0.7260
   -0.5927   -0.4736   -0.6515
...    39 C-G ...
  -69.5484  -64.9516   14.7932
   -0.4643    0.8756   -0.1335
    0.6408    0.2280   -0.7331
   -0.6114   -0.4260   -0.6669
...    40 A-T ...
  -71.6847  -66.2473   12.5985
    0.0357    0.9257   -0.3765
    0.7728   -0.2645   -0.5770
   -0.6337   -0.2703   -0.7248
...    41 C-G ...
  -74.1525  -66.6812   10.5394
    0.4516    0.6994   -0.5540
    0.6469   -0.6843   -0.3365
   -0.6145   -0.2064   -0.7614
...    42 G-C ...
  -75.8674  -67.2248    7.7793
    0.8145    0.2848   -0.5054
    0.2896   -0.9545   -0.0710
   -0.5027   -0.0886   -0.8599
...    43 A-T ...
  -77.3303  -67.2969    4.8865
    0.8665   -0.2863   -0.4089
   -0.2311   -0.9562    0.1798
   -0.4424   -0.0613   -0.8947
...    44 C-G ...
  -78.3654  -66.9421    1.7804
    0.6485   -0.7224   -0.2400
   -0.6476   -0.6893    0.3248
   -0.4000   -0.0552   -0.9148
...    45 T-A ...
  -79.2621  -67.0236   -1.3854
    0.2470   -0.9690   -0.0114
   -0.9045   -0.2347    0.3562
   -0.3478   -0.0777   -0.9344
...    46 T-A ...
  -80.0251  -67.1956   -4.5464
   -0.3172   -0.9374    0.1439
   -0.8874    0.3469    0.3037
   -0.3346   -0.0314   -0.9418
...    47 A-T ...
  -81.3521  -66.9917   -7.5963
   -0.8001   -0.5394    0.2625
   -0.5105    0.8421    0.1742
   -0.3150    0.0054   -0.9491
...    48 C-G ...
  -82.2211  -67.5492  -10.7404
   -0.9442   -0.0394    0.3270
   -0.0317    0.9991    0.0288
   -0.3278    0.0168   -0.9446
...    49 T-A ...
  -83.4726  -67.7730  -13.7749
   -0.8116    0.4627    0.3566
    0.4487    0.8847   -0.1267
   -0.3741    0.0571   -0.9256
...    50 T-A ...
  -84.8558  -67.7850  -16.6950
   -0.4304    0.8638    0.2620
    0.8204    0.4954   -0.2854
   -0.3763    0.0921   -0.9219
...    51 C-G ...
  -86.2075  -67.4329  -19.6136
    0.1224    0.9834    0.1340
    0.9199   -0.0617   -0.3873
   -0.3726    0.1706   -0.9122
...    52 A-T ...
  -87.5263  -66.6114  -22.5615
    0.6315    0.7722    0.0697
    0.7121   -0.5421   -0.4461
   -0.3067    0.3314   -0.8922
...    53 T-A ...
  -88.8184  -65.0098  -25.0875
    0.9060    0.4069   -0.1162
    0.3202   -0.8387   -0.4405
   -0.2767    0.3619   -0.8902
...    54 G-C ...
  -89.3494  -63.6329  -28.0629
    0.9677   -0.1441   -0.2070
   -0.2139   -0.9037   -0.3710
   -0.1336    0.4032   -0.9053
...    55 T-A ...
  -89.4142  -61.7976  -30.7867
    0.7354   -0.5880   -0.3367
   -0.6713   -0.6997   -0.2444
   -0.0919    0.4058   -0.9093
...    56 T-A ...
  -89.4127  -60.2639  -33.6494
    0.2413   -0.8661   -0.4378
   -0.9667   -0.2542   -0.0299
   -0.0854    0.4304   -0.8986
...    57 A-T ...
  -89.9109  -58.8168  -36.5945
   -0.3756   -0.8428   -0.3855
   -0.9239    0.3077    0.2274
   -0.0731    0.4416   -0.8942
...    58 T-A ...
  -89.5611  -57.7170  -39.6925
   -0.7864   -0.5687   -0.2411
   -0.6147    0.6820    0.3963
   -0.0609    0.4598   -0.8859
...    59 A-T ...
  -89.8112  -56.0067  -42.5188
   -0.9963   -0.0735    0.0452
   -0.0431    0.8782    0.4764
   -0.0747    0.4727   -0.8780
...    60 A-T ...
  -90.1255  -54.7332  -45.4827
   -0.8571    0.4186    0.3002
    0.5109    0.7653    0.3916
   -0.0658    0.4890   -0.8698
...    61 C-G ...
  -90.8233  -53.5005  -48.4337
   -0.4868    0.7188    0.4963
    0.8693    0.4543    0.1946
   -0.0856    0.5262   -0.8460
...    62 G-C ...
  -90.9088  -51.5677  -51.1062
    0.0446    0.7506    0.6592
    0.9944    0.0297   -0.1011
   -0.0955    0.6600   -0.7451
...    63 G-C ...
  -91.6179  -49.1173  -53.2989
    0.5478    0.5757    0.6070
    0.8347   -0.3266   -0.4434
   -0.0570    0.7496   -0.6595
...    64 A-T ...
  -91.8128  -46.5426  -55.2524
    0.9193    0.2481    0.3055
    0.3935   -0.5659   -0.7245
   -0.0069    0.7863   -0.6179
...    65 G-C ...
  -91.7789  -43.7115  -56.9193
    0.9913   -0.1246   -0.0422
   -0.1077   -0.5839   -0.8046
    0.0756    0.8022   -0.5923
...    66 T-A ...
  -91.2469  -40.7883  -58.3274
    0.8028   -0.4233   -0.4200
   -0.5853   -0.4250   -0.6905
    0.1138    0.8001   -0.5890
...    67 A-T ...
  -90.8065  -38.1875  -60.3211
    0.3285   -0.6157   -0.7162
   -0.9318   -0.0874   -0.3523
    0.1543    0.7831   -0.6024
...    68 G-C ...
  -89.9369  -35.6519  -62.2446
   -0.1942   -0.6027   -0.7740
   -0.9673    0.2491    0.0488
    0.1634    0.7581   -0.6313
...    69 G-C ...
  -89.1200  -33.2831  -64.4853
   -0.6832   -0.4246   -0.5941
   -0.7177    0.5403    0.4393
    0.1345    0.7265   -0.6739
...    70 T-A ...
  -88.3565  -31.3022  -67.0297
   -0.9544   -0.1039   -0.2800
   -0.2745    0.6747    0.6851
    0.1178    0.7307   -0.6725
...    71 A-T ...
  -88.0090  -28.8306  -69.1964
   -0.9477    0.2587    0.1871
    0.3106    0.6115    0.7277
    0.0738    0.7478   -0.6599
...    72 T-A ...
  -88.1564  -26.7757  -71.7514
   -0.6766    0.5148    0.5264
    0.7328    0.4008    0.5499
    0.0722    0.7578   -0.6484
...    73 C-G ...
  -88.0700  -24.3091  -73.8606
   -0.1572    0.6022    0.7827
    0.9857    0.0466    0.1621
    0.0612    0.7970   -0.6009
...    74 T-A ...
  -88.2406  -21.5612  -75.6438
    0.3385    0.4687    0.8159
    0.9380   -0.2372   -0.2529
    0.0750    0.8509   -0.5199
...    75 C-G ...
  -88.0404  -18.6911  -77.1242
    0.7928    0.1995    0.5759
    0.5984   -0.4341   -0.6734
    0.1156    0.8785   -0.4635
...    76 G-C ...
  -87.2778  -15.8553  -78.6324
    0.9608   -0.1841    0.2074
    0.1154   -0.4150   -0.9025
    0.2522    0.8910   -0.3775
...    77 A-T ...
  -86.3042  -12.9365  -79.6856
    0.8479   -0.4242   -0.3181
   -0.4338   -0.2101   -0.8762
    0.3048    0.8809   -0.3621
...    78 G-C ...
  -85.0126  -10.0451  -80.5948
    0.4984   -0.5182   -0.6951
   -0.7893    0.0605   -0.6110
    0.3586    0.8531   -0.3789
...    79 C-G ...
  -83.4072   -7.4075  -81.7500
   -0.0072   -0.4313   -0.9022
   -0.9238    0.3483   -0.1591
    0.3828    0.8323   -0.4009
...    80 T-A ...
  -81.8481   -4.8835  -83.1929
   -0.4894   -0.2192   -0.8441
   -0.7825    0.5377    0.3141
    0.3850    0.8142   -0.4347
...    81 C-G ...
  -80.5339   -2.3033  -84.7123
   -0.8545    0.1218   -0.5050
   -0.3585    0.5652    0.7430
    0.3759    0.8159   -0.4393
...    82 G-C ...
  -79.3877    0.6022  -85.7995
   -0.9450    0.3266    0.0186
    0.1585    0.4074    0.8994
    0.2862    0.8529   -0.4367
...    83 G-C ...
  -78.5924    3.3622  -87.5494
   -0.7480    0.4122    0.5202
    0.6257    0.1765    0.7598
    0.2213    0.8938   -0.3899
...    84 G-C ...
  -78.2054    6.3563  -89.0338
   -0.3428    0.3482    0.8725
    0.9216   -0.0553    0.3842
    0.1821    0.9358   -0.3020
...    85 A-T ...
  -77.7542    9.4130  -90.0025
    0.2113    0.1959    0.9576
    0.9582   -0.2346   -0.1635
    0.1926    0.9522   -0.2373
...    86 T-A ...
  -77.7212   12.6486  -90.4406
    0.6380    0.0276    0.7695
    0.7410   -0.2936   -0.6039
    0.2093    0.9555   -0.2078
...    87 C-G ...
  -77.0027   15.7732  -90.8766
    0.9252   -0.2021    0.3212
    0.2732   -0.2327   -0.9334
    0.2633    0.9513   -0.1600
...    88 C-G ...
  -75.8872   18.9438  -90.9254
    0.9025   -0.3894   -0.1838
   -0.2209   -0.0524   -0.9739
    0.3696    0.9196   -0.1333
...    89 G-C ...
  -74.4893   21.8310  -91.7179
    0.6020   -0.4589   -0.6535
   -0.6312    0.2277   -0.7414
    0.4890    0.8588   -0.1526
...    90 C-G ...
  -72.4715   24.4059  -92.0922
    0.1605   -0.2969   -0.9413
   -0.8371    0.4644   -0.2892
    0.5230    0.8344   -0.1740
...    91 T-A ...
  -70.4386   26.9121  -92.7697
   -0.3051   -0.0446   -0.9513
   -0.7855    0.5765    0.2249
    0.5384    0.8159   -0.2110
...    92 T-A ...
  -68.4181   29.3423  -93.5500
   -0.6710    0.3189   -0.6694
   -0.4853    0.4937    0.7216
    0.5606    0.8090   -0.1766
...    93 T-A ...
  -66.4487   31.7969  -94.3749
   -0.8111    0.5636   -0.1566
   -0.0388    0.2153    0.9758
    0.5836    0.7975   -0.1528
...    94 A-T ...
  -64.5383   34.4633  -94.8169
   -0.7205    0.5438    0.4304
    0.4208   -0.1505    0.8946
    0.5512    0.8256   -0.1204
...    95 A-T ...
  -62.9519   37.2249  -95.3917
   -0.3871    0.3568    0.8502
    0.7369   -0.4344    0.5179
    0.5541    0.8270   -0.0947
...    96 C-G ...
  -61.7008   40.2150  -95.8013
   -0.0039    0.0451    0.9990
    0.8331   -0.5524    0.0282
    0.5531    0.8324   -0.0354
...    97 A-T ...
  -59.9407   43.0476  -95.7274
    0.3346   -0.3813    0.8617
    0.7386   -0.4618   -0.4912
    0.5853    0.8008    0.1271
...    98 C-G ...
  -58.4496   45.7864  -94.7836
    0.6162   -0.6095    0.4989
    0.4949   -0.1932   -0.8472
    0.6127    0.7689    0.1826
...    99 T-A ...
  -56.4702   48.1727  -93.7232
    0.7232   -0.6906   -0.0024
    0.1621    0.1731   -0.9715
    0.6713    0.7022    0.2371
...   100 T-A ...
  -54.2785   50.2952  -92.6498
    0.6874   -0.4932   -0.5331
   -0.2401    0.5385   -0.8077
    0.6854    0.6833    0.2517
...   101 T-A ...
  -51.9302   52.2693  -91.5950
    0.4530   -0.1023   -0.8856
   -0.5683    0.7323   -0.3752
    0.6869    0.6733    0.2736
...   102 A-T ...
  -49.8125   54.6784  -90.7259
    0.0400    0.3622   -0.9312
   -0.7175    0.6590    0.2255
    0.6954    0.6592    0.2862
...   103 T-A ...
  -47.0632   56.4079  -90.0952
   -0.3056    0.6593   -0.6870
   -0.6464    0.3861    0.6581
    0.6992    0.6451    0.3082
...   104 G-C ...
  -44.9445   58.6667  -88.9815
   -0.6596    0.7157   -0.2295
   -0.3685   -0.0418    0.9287
    0.6551    0.6971    0.2913
...   105 C-G ...
  -42.7127   61.0204  -88.4069
   -0.7831    0.5545    0.2816
    0.0260   -0.4233    0.9056
    0.6214    0.7165    0.3171
...   106 T-A ...
  -40.8655   63.6130  -87.5744
   -0.7119    0.2179    0.6676
    0.4063   -0.6476    0.6446
    0.5728    0.7302    0.3725
...   107 T-A ...
  -39.1974   66.1535  -86.4846
   -0.4090   -0.1924    0.8920
    0.7192   -0.6697    0.1853
    0.5617    0.7173    0.4123
...   108 C-G ...
  -37.5248   68.5184  -85.0483
    0.0067   -0.5855    0.8106
    0.8328   -0.4455   -0.3287
    0.5536    0.6772    0.4846
...   109 C-G ...
  -36.0404   70.7603  -83.0316
    0.3474   -0.8130    0.4672
    0.7386   -0.0697   -0.6705
    0.5777    0.5780    0.5763
...   110 G-C ...
  -33.8529   72.3371  -81.1294
    0.5823   -0.8121   -0.0376
    0.5062    0.3984   -0.7648
    0.6361    0.4264    0.6431
...   111 G-C ...
  -31.6673   73.1982  -78.7173
    0.6994   -0.5271   -0.4826
    0.1831    0.7849   -0.5920
    0.6908    0.3257    0.6455
...   112 C-G ...
  -29.2629   73.7573  -76.5350
    0.6694   -0.0401   -0.7418
   -0.1836    0.9586   -0.2176
    0.7199    0.2819    0.6343
...   113 T-A ...
  -26.6918   74.3311  -74.5472
    0.4649    0.4524   -0.7610
   -0.4730    0.8535    0.2184
    0.7484    0.2584    0.6108
...   114 C-G ...
  -24.1334   75.1137  -72.6523
    0.1109    0.8678   -0.4844
   -0.6519    0.4314    0.6237
    0.7502    0.2466    0.6135
...   115 G-C ...
  -22.0002   75.9998  -70.2808
   -0.3145    0.9441   -0.0989
   -0.6124   -0.1221    0.7811
    0.7253    0.3062    0.6166
...   116 T-A ...
  -19.3185   77.2096  -68.7405
   -0.5962    0.7449    0.2996
   -0.3838   -0.5922    0.7086
    0.7052    0.3074    0.6389
...   117 A-T ...
  -17.0209   78.3551  -66.6555
   -0.7742    0.2734    0.5708
   -0.0057   -0.9048    0.4257
    0.6329    0.3264    0.7021
...   118 T-A ...
  -15.1559   80.0287  -64.5597
   -0.7025   -0.2076    0.6807
    0.3629   -0.9273    0.0917
    0.6122    0.3114    0.7268
...   119 A-T ...
  -13.7120   81.4893  -61.9015
   -0.5762   -0.6752    0.4606
    0.6700   -0.7129   -0.2069
    0.4681    0.1894    0.8632
...   120 A-T ...
  -12.4971   82.1226  -58.9935
   -0.1724   -0.9598    0.2217
    0.8834   -0.2502   -0.3963
    0.4358    0.1275    0.8910
...   121 T-A ...
  -11.7404   82.4651  -55.8479
    0.2502   -0.9677   -0.0316
    0.8683    0.2387   -0.4349
    0.4284    0.0814    0.8999
...   122 G-C ...
  -10.2015   82.3305  -52.9134
    0.6113   -0.6982   -0.3726
    0.6383    0.7133   -0.2894
    0.4678   -0.0609    0.8817
...   123 T-A ...
   -8.9528   81.5202  -49.9840
    0.8380   -0.2444   -0.4879
    0.2614    0.9646   -0.0342
    0.4789   -0.0989    0.8723
...   124 G-C ...
   -7.1438   81.3785  -47.2349
    0.8134    0.3434   -0.4695
   -0.2259    0.9303    0.2891
    0.5360   -0.1291    0.8343
...   125 T-A ...
   -5.1278   80.4317  -44.7557
    0.5869    0.7715   -0.2456
   -0.6089    0.6205    0.4942
    0.5337   -0.1405    0.8339
...   126 C-G ...
   -3.2748   79.9194  -42.0972
    0.1276    0.9870    0.0973
   -0.8419    0.0560    0.5367
    0.5243   -0.1504    0.8382
...   127 G-C ...
   -1.9702   79.2407  -39.1333
   -0.3940    0.8673    0.3043
   -0.7896   -0.4888    0.3709
    0.4704   -0.0941    0.8774
...   128 A-T ...
   -0.3067   78.9011  -36.3588
   -0.7908    0.4445    0.4208
   -0.4430   -0.8900    0.1078
    0.4224   -0.1012    0.9007
...   129 C-G ...
    1.1338   79.1745  -33.4418
   -0.9293   -0.0473    0.3662
    0.0017   -0.9923   -0.1238
    0.3692   -0.1145    0.9223
...   130 C-G ...
    2.1983   79.2058  -30.2466
   -0.8492   -0.5143    0.1198
    0.4662   -0.8367   -0.2873
    0.2480   -0.1882    0.9503
...   131 A-T ...
    2.7091   78.5838  -27.0032
   -0.5322   -0.8185   -0.2163
    0.8399   -0.4783   -0.2565
    0.1065   -0.3182    0.9420
...   132 A-T ...
    2.7113   77.4991  -23.9764
   -0.0181   -0.9250   -0.3794
    0.9974    0.0097   -0.0711
    0.0694   -0.3797    0.9225
...   133 A-T ...
    2.6336   76.0831  -21.0799
    0.5141   -0.7635   -0.3908
    0.8560    0.4858    0.1769
    0.0548   -0.4254    0.9033
...   134 T-A ...
    2.3078   74.2307  -18.3902
    0.8657   -0.4293   -0.2574
    0.4984    0.7868    0.3641
    0.0462   -0.4435    0.8951
...   135 G-C ...
    1.4356   72.0970  -15.6050
    0.9809    0.0621    0.1843
   -0.1263    0.9241    0.3607
   -0.1479   -0.3771    0.9143
...   136 T-A ...
    0.5281   69.2393  -13.4689
    0.7351    0.4963    0.4618
   -0.6117    0.7792    0.1365
   -0.2921   -0.3828    0.8764
...   137 G-C ...
   -0.1657   67.4106  -10.8095
    0.1800    0.8794    0.4408
   -0.9276    0.3008   -0.2214
   -0.3274   -0.3691    0.8698
...   138 A-T ...
   -0.1319   66.2180   -7.8216
   -0.3749    0.8570    0.3536
   -0.8857   -0.2184   -0.4098
   -0.2739   -0.4668    0.8409
...   139 G-C ...
   -1.0067   65.6075   -4.9424
   -0.8336    0.5218    0.1811
   -0.5170   -0.6220   -0.5881
   -0.1942   -0.5839    0.7883
...   140 C-G ...
   -0.6972   63.9003   -2.2528
   -0.9992    0.0157   -0.0376
    0.0023   -0.8993   -0.4374
   -0.0406   -0.4371    0.8985
...   141 G-C ...
   -3.4380   60.2385    1.0284
   -0.4425    0.2285   -0.8672
    0.1683   -0.9287   -0.3306
   -0.8808   -0.2922    0.3725
...   142 C-G ...
   -6.3286   59.0834    1.6293
   -0.2970   -0.3280   -0.8968
    0.5656   -0.8171    0.1115
   -0.7693   -0.4741    0.4282
...   143 T-A ...
   -8.6766   58.7243    3.6024
   -0.0347   -0.7817   -0.6227
    0.6533   -0.4893    0.5778
   -0.7563   -0.3868    0.5276
...   144 C-G ...
  -11.6542   58.0114    4.7193
    0.2451   -0.9542   -0.1716
    0.6322    0.0231    0.7745
   -0.7350   -0.2983    0.6089
...   145 A-T ...
  -14.1758   56.5669    6.1807
    0.5795   -0.7268    0.3687
    0.3139    0.6165    0.7220
   -0.7521   -0.3027    0.5855
...   146 C-G ...
  -16.4649   53.8949    7.5153
    0.5336   -0.3331    0.7774
   -0.0346    0.9098    0.4136
   -0.8450   -0.2476    0.4739
...   147 A-T ...
  -19.0170   52.0374    8.9260
    0.2452    0.2907    0.9249
   -0.3073    0.9281   -0.2103
   -0.9195   -0.2327    0.3169
