  147 base-pairs
...     1 A-T ...
    0.0000    0.0000    0.0000
    1.0000    0.0000    0.0000
    0.0000    1.0000    0.0000
    0.0000    0.0000    1.0000
...     2 G-C ...
   -0.1404   -1.2353    3.2259
    0.7530    0.6366    0.1668
   -0.6385    0.7681   -0.0490
   -0.1593   -0.0696    0.9848
...     3 T-A ...
   -0.0377   -3.2918    6.3749
    0.2722    0.9302    0.2464
   -0.9238    0.3243   -0.2034
   -0.2691   -0.1722    0.9476
...     4 G-C ...
   -0.3520   -4.1638    9.4928
   -0.3756    0.9250    0.0576
   -0.8780   -0.3352   -0.3416
   -0.2967   -0.1788    0.9381
...     5 A-T ...
   -0.4480   -4.1448   12.7498
   -0.8116    0.5839   -0.0166
   -0.5522   -0.7762   -0.3042
   -0.1905   -0.2377    0.9525
...     6 G-C ...
   -1.5926   -4.1701   15.6201
   -0.9976    0.0246   -0.0651
   -0.0043   -0.9555   -0.2950
   -0.0694   -0.2940    0.9533
...     7 C-G ...
   -1.1050   -4.4793   18.7363
   -0.8442   -0.5302   -0.0787
    0.5343   -0.8442   -0.0430
   -0.0437   -0.0784    0.9960
...     8 G-C ...
   -2.4044   -7.7255   23.1483
   -0.2753   -0.3294   -0.9032
    0.6650   -0.7437    0.0686
   -0.6943   -0.5817    0.4238
...     9 C-G ...
   -4.4706   -9.9691   24.1142
    0.1145   -0.7026   -0.7023
    0.8512   -0.2951    0.4341
   -0.5123   -0.6475    0.5642
...    10 T-A ...
   -6.7420  -10.8705   25.9717
    0.4841   -0.8363   -0.2573
    0.6594    0.1554    0.7356
   -0.5752   -0.5257    0.6267
...    11 C-G ...
   -9.1682  -12.6167   27.1662
    0.7073   -0.6683    0.2306
    0.3450    0.6110    0.7125
   -0.6170   -0.4243    0.6627
...    12 A-T ...
  -10.9253  -14.6583   29.0713
    0.7515   -0.1377    0.6452
   -0.2027    0.8824    0.4245
   -0.6278   -0.4498    0.6352
...    13 C-G ...
  -11.8495  -17.4796   31.2472
    0.4294    0.2824    0.8578
   -0.5708    0.8209    0.0155
   -0.6998   -0.4963    0.5137
...    14 A-T ...
  -13.5915  -19.7756   33.4284
   -0.1503    0.6106    0.7775
   -0.6874    0.5007   -0.5261
   -0.7106   -0.6135    0.3445
...    15 A-T ...
  -15.6911  -21.8615   34.7541
   -0.5056    0.7809    0.3668
   -0.4754    0.1026   -0.8738
   -0.7200   -0.6161    0.3193
...    16 T-A ...
  -17.7952  -23.7487   36.4072
   -0.6569    0.7463   -0.1072
   -0.1628   -0.2793   -0.9463
   -0.7362   -0.6042    0.3049
...    17 T-A ...
  -20.1928  -25.5365   37.6062
   -0.6019    0.5187   -0.6072
    0.2139   -0.6278   -0.7484
   -0.7694   -0.5804    0.2669
...    18 T-A ...
  -22.8011  -27.1653   38.5455
   -0.3453    0.1549   -0.9256
    0.4900   -0.8115   -0.3185
   -0.8005   -0.5635    0.2043
...    19 A-T ...
  -25.9401  -28.3462   38.8651
    0.1124   -0.0975   -0.9889
    0.5385   -0.8304    0.1431
   -0.8351   -0.5486   -0.0408
...    20 T-A ...
  -28.9306  -29.5550   38.4009
    0.3854   -0.4622   -0.7987
    0.4006   -0.6959    0.5960
   -0.8313   -0.5496   -0.0830
...    21 T-A ...
  -31.6812  -31.1500   37.8253
    0.5535   -0.7545   -0.3526
    0.1065   -0.3557    0.9285
   -0.8260   -0.5515   -0.1165
...    22 C-G ...
  -34.2256  -33.0835   37.2260
    0.5322   -0.8138    0.2333
   -0.2577    0.1068    0.9603
   -0.8065   -0.5712   -0.1529
...    23 G-C ...
  -36.8883  -35.0289   37.1478
    0.3545   -0.5905    0.7250
   -0.5494    0.4958    0.6725
   -0.7566   -0.6367   -0.1487
...    24 C-G ...
  -39.1153  -37.3870   36.5167
    0.0168   -0.2252    0.9742
   -0.6604    0.7291    0.1799
   -0.7507   -0.6463   -0.1365
...    25 A-T ...
  -41.7385  -39.3028   36.0270
   -0.3118    0.2567    0.9148
   -0.5592    0.7288   -0.3951
   -0.7682   -0.6348   -0.0837
...    26 A-T ...
  -44.0666  -41.5657   35.9269
   -0.5839    0.6044    0.5419
   -0.2713    0.4839   -0.8320
   -0.7651   -0.6329   -0.1186
...    27 A-T ...
  -46.5152  -43.6792   35.8128
   -0.6265    0.7794    0.0038
    0.1078    0.0914   -0.9900
   -0.7719   -0.6198   -0.1413
...    28 G-C ...
  -49.1829  -45.5662   35.6390
   -0.4097    0.7854   -0.4641
    0.4124   -0.2943   -0.8621
   -0.8137   -0.5446   -0.2033
...    29 G-C ...
  -52.1667  -47.0338   35.1724
   -0.0344    0.6010   -0.7985
    0.5453   -0.6582   -0.5190
   -0.8375   -0.4533   -0.3051
...    30 C-G ...
  -55.1229  -47.9861   34.1937
    0.3212    0.2207   -0.9209
    0.4631   -0.8848   -0.0506
   -0.8260   -0.4103   -0.3864
...    31 C-G ...
  -57.8975  -48.8736   32.5159
    0.6067   -0.2065   -0.7676
    0.1918   -0.8991    0.3934
   -0.7714   -0.3859   -0.5059
...    32 G-C ...
  -60.1177  -50.4474   30.6379
    0.7076   -0.5965   -0.3788
   -0.2238   -0.6977    0.6805
   -0.6702   -0.3967   -0.6272
...    33 G-C ...
  -61.9431  -51.7618   28.1207
    0.5286   -0.8456    0.0746
   -0.6023   -0.3117    0.7349
   -0.5982   -0.4334   -0.6740
...    34 C-G ...
  -63.5319  -53.2730   25.6415
    0.1311   -0.8741    0.4678
   -0.8103    0.1774    0.5586
   -0.5712   -0.4523   -0.6850
...    35 C-G ...
  -65.1946  -55.0265   23.2972
   -0.3042   -0.6241    0.7197
   -0.7659    0.6095    0.2048
   -0.5664   -0.4889   -0.6634
...    36 C-G ...
  -66.9187  -56.8983   21.0936
   -0.6402   -0.1769    0.7475
   -0.4824    0.8499   -0.2120
   -0.5978   -0.4963   -0.6295
...    37 G-C ...
  -68.9717  -58.0998   18.7859
   -0.7433    0.3584    0.5648
   -0.0388    0.8199   -0.5712
   -0.6678   -0.4465   -0.5956
...    38 A-T ...
  -71.0799  -59.6650   16.8667
   -0.6034    0.7790    0.1702
    0.4049    0.4832   -0.7763
   -0.6870   -0.3996   -0.6070
...    39 C-G ...
  -73.6514  -61.0445   15.3963
   -0.2841    0.9368   -0.2041
    0.6552    0.0343   -0.7547
   -0.7000   -0.3481   -0.6235
...    40 A-T ...
  -76.0630  -62.0415   13.3286
    0.2119    0.8634   -0.4578
    0.6856   -0.4652   -0.5600
   -0.6965   -0.1952   -0.6905
...    41 C-G ...
  -78.6356  -62.1287   11.3427
    0.5676    0.5375   -0.6237
    0.4793   -0.8316   -0.2805
   -0.6694   -0.1397   -0.7296
...    42 G-C ...
  -80.5158  -62.5603    8.6615
    0.8330    0.0520   -0.5508
    0.0743   -0.9971    0.0181
   -0.5483   -0.0560   -0.8344
...    43 A-T ...
  -82.1077  -62.5817    5.8272
    0.7581   -0.5123   -0.4036
   -0.4274   -0.8577    0.2858
   -0.4925   -0.0442   -0.8692
...    44 C-G ...
  -83.2215  -62.2940    2.7319
    0.4512   -0.8730   -0.1851
   -0.7670   -0.4854    0.4197
   -0.4562   -0.0474   -0.8886
...    45 T-A ...
  -84.3230  -62.4601   -0.3715
    0.0117   -0.9965    0.0833
   -0.9086    0.0242    0.4169
   -0.4174   -0.0806   -0.9051
...    46 T-A ...
  -85.3263  -62.7375   -3.4578
   -0.5208   -0.8131    0.2602
   -0.7555    0.5809    0.3031
   -0.3975   -0.0387   -0.9168
...    47 A-T ...
  -86.7878  -62.5031   -6.4497
   -0.8840   -0.2953    0.3623
   -0.2771    0.9554    0.1026
   -0.3764   -0.0096   -0.9264
...    48 C-G ...
  -88.0109  -63.1330   -9.4583
   -0.8955    0.2316    0.3801
    0.2153    0.9728   -0.0855
   -0.3896    0.0053   -0.9210
...    49 T-A ...
  -89.5318  -63.3289  -12.3727
   -0.6381    0.6874    0.3468
    0.6404    0.7239   -0.2566
   -0.4274    0.0583   -0.9022
...    50 G-C ...
  -91.0453  -62.9256  -15.2966
   -0.1427    0.9477    0.2853
    0.8778    0.2544   -0.4058
   -0.4572    0.1925   -0.8683
...    51 T-A ...
  -93.0599  -62.2113  -17.7640
    0.3362    0.9360    0.1039
    0.8340   -0.2446   -0.4947
   -0.4376    0.2529   -0.8629
...    52 A-T ...
  -94.7482  -60.7949  -20.2794
    0.7724    0.6347    0.0246
    0.5493   -0.6480   -0.5276
   -0.3190    0.4210   -0.8491
...    53 G-C ...
  -95.7902  -59.0286  -22.8404
    0.9684    0.1943   -0.1563
    0.0917   -0.8604   -0.5014
   -0.2319    0.4712   -0.8510
...    54 G-C ...
  -96.1569  -57.0143  -25.5227
    0.8967   -0.3194   -0.3066
   -0.4263   -0.8096   -0.4035
   -0.1193    0.4925   -0.8621
...    55 T-A ...
  -96.0743  -54.9848  -28.1149
    0.5640   -0.6957   -0.4448
   -0.8214   -0.5278   -0.2160
   -0.0845    0.4872   -0.8692
...    56 A-T ...
  -96.4034  -53.4407  -31.0281
   -0.0114   -0.8805   -0.4739
   -0.9982   -0.0177    0.0568
   -0.0584    0.4737   -0.8787
...    57 T-A ...
  -95.8973  -52.0252  -33.9715
   -0.5081   -0.7625   -0.4005
   -0.8599    0.4227    0.2861
   -0.0489    0.4898   -0.8705
...    58 C-G ...
  -95.9860  -50.5252  -36.8761
   -0.9100   -0.3850   -0.1542
   -0.4106    0.7842    0.4652
   -0.0582    0.4866   -0.8717
...    59 T-A ...
  -96.2311  -49.2290  -39.8988
   -0.9887    0.0436    0.1432
    0.1079    0.8706    0.4800
   -0.1037    0.4901   -0.8655
...    60 C-G ...
  -96.6243  -47.7220  -42.7633
   -0.7481    0.5104    0.4241
    0.6512    0.6874    0.3215
   -0.1274    0.5167   -0.8466
...    61 G-C ...
  -96.8293  -45.7829  -45.4309
   -0.2739    0.7130    0.6455
    0.9464    0.3194    0.0488
   -0.1714    0.6242   -0.7622
...    62 A-T ...
  -97.5141  -43.7455  -47.8533
    0.3079    0.7262    0.6147
    0.9385   -0.1256   -0.3216
   -0.1563    0.6759   -0.7202
...    63 G-C ...
  -98.2690  -41.3316  -49.9411
    0.7403    0.5026    0.4466
    0.6655   -0.4530   -0.5933
   -0.0959    0.7363   -0.6698
...    64 C-G ...
  -98.6654  -38.5986  -51.6981
    0.9820    0.1446    0.1212
    0.1856   -0.6254   -0.7579
   -0.0338    0.7668   -0.6410
...    65 T-A ...
  -98.5695  -35.8281  -53.4583
    0.9447   -0.2422   -0.2211
   -0.3236   -0.5791   -0.7483
    0.0532    0.7785   -0.6254
...    66 C-G ...
  -98.1442  -33.2845  -55.4377
    0.5964   -0.5526   -0.5822
   -0.7963   -0.3162   -0.5156
    0.1009    0.7712   -0.6286
...    67 G-C ...
  -97.9938  -30.9661  -57.7906
    0.0640   -0.7023   -0.7090
   -0.9843    0.0728   -0.1609
    0.1646    0.7081   -0.6866
...    68 G-C ...
  -97.1087  -28.7881  -60.1973
   -0.4740   -0.5999   -0.6446
   -0.8653    0.4528    0.2150
    0.1629    0.6597   -0.7337
...    69 G-C ...
  -96.3811  -26.8171  -62.8228
   -0.8685   -0.3076   -0.3888
   -0.4810    0.7125    0.5108
    0.1199    0.6306   -0.7668
...    70 A-T ...
  -95.9155  -24.8446  -65.3837
   -0.9893    0.1453   -0.0112
    0.1035    0.7550    0.6475
    0.1025    0.6395   -0.7620
...    71 T-A ...
  -95.8252  -23.2563  -68.2680
   -0.8086    0.5008    0.3087
    0.5778    0.5773    0.5769
    0.1107    0.6449   -0.7562
...    72 C-G ...
  -95.5762  -21.1882  -70.7740
   -0.3443    0.7083    0.6163
    0.9335    0.1878    0.3056
    0.1007    0.6805   -0.7258
...    73 C-G ...
  -95.6610  -18.8457  -73.1960
    0.1695    0.6220    0.7644
    0.9787   -0.1972   -0.0566
    0.1155    0.7578   -0.6422
...    74 G-C ...
  -95.0004  -16.3037  -75.2009
    0.6258    0.3012    0.7195
    0.7550   -0.4654   -0.4619
    0.1957    0.8323   -0.5186
...    75 C-G ...
  -94.5451  -13.3194  -76.4642
    0.9096   -0.0438    0.4132
    0.3286   -0.5327   -0.7799
    0.2543    0.8451   -0.4702
...    76 T-A ...
  -93.5856  -10.3867  -77.5825
    0.9285   -0.3711    0.0113
   -0.1500   -0.4027   -0.9029
    0.3396    0.8367   -0.4296
...    77 T-A ...
  -92.3475   -7.6035  -78.6746
    0.6939   -0.5401   -0.4762
   -0.6239   -0.1208   -0.7721
    0.3595    0.8329   -0.4208
...    78 T-A ...
  -90.9232   -4.9182  -79.8036
    0.2406   -0.5109   -0.8253
   -0.8978    0.2061   -0.3893
    0.3690    0.8345   -0.4091
...    79 A-T ...
  -89.8051   -2.1434  -81.2237
   -0.3266   -0.3156   -0.8909
   -0.8655    0.4787    0.1477
    0.3798    0.8193   -0.4294
...    80 A-T ...
  -88.3183    0.3202  -82.7367
   -0.7418    0.0265   -0.6701
   -0.5410    0.5669    0.6213
    0.3963    0.8234   -0.4062
...    81 C-G ...
  -86.8678    2.6678  -84.5642
   -0.9194    0.2972   -0.2575
   -0.0913    0.4756    0.8749
    0.3825    0.8279   -0.4101
...    82 A-T ...
  -85.6318    5.4710  -85.7891
   -0.8522    0.4289    0.2998
    0.4297    0.2465    0.8687
    0.2986    0.8691   -0.3944
...    83 C-G ...
  -85.1120    8.2312  -87.5022
   -0.5341    0.4634    0.7071
    0.7972   -0.0023    0.6037
    0.2814    0.8862   -0.3682
...    84 T-A ...
  -84.5813   11.2402  -88.7156
   -0.0935    0.3284    0.9399
    0.9591   -0.2235    0.1735
    0.2671    0.9177   -0.2941
...    85 T-A ...
  -83.9977   14.2887  -89.6081
    0.4231    0.1221    0.8978
    0.8609   -0.3631   -0.3563
    0.2825    0.9237   -0.2588
...    86 T-A ...
  -83.2767   17.3714  -90.2321
    0.8035   -0.1308    0.5808
    0.5061   -0.3635   -0.7821
    0.3134    0.9224   -0.2259
...    87 A-T ...
  -82.1315   20.4899  -90.4093
    0.8836   -0.4447    0.1463
    0.0604   -0.2014   -0.9776
    0.4642    0.8727   -0.1511
...    88 T-A ...
  -80.5095   23.3247  -90.1993
    0.7931   -0.5036   -0.3425
   -0.3677    0.0523   -0.9285
    0.4855    0.8623   -0.1437
...    89 G-C ...
  -78.7230   26.0206  -90.8872
    0.4146   -0.4815   -0.7722
   -0.7095    0.3602   -0.6056
    0.5698    0.7990   -0.1922
...    90 C-G ...
  -76.4665   28.3459  -91.4799
   -0.0426   -0.2423   -0.9693
   -0.8028    0.5859   -0.1112
    0.5948    0.7733   -0.2195
...    91 T-A ...
  -74.2591   30.6270  -92.3770
   -0.4647    0.0670   -0.8829
   -0.6513    0.6496    0.3921
    0.5999    0.7573   -0.2582
...    92 T-A ...
  -72.0931   32.8453  -93.3701
   -0.7259    0.4495   -0.5207
   -0.2860    0.4913    0.8227
    0.6256    0.7461   -0.2281
...    93 C-G ...
  -70.0474   35.2460  -94.2395
   -0.7683    0.6380    0.0511
    0.1778    0.1361    0.9746
    0.6149    0.7579   -0.2180
...    94 C-G ...
  -68.1343   37.8134  -95.3000
   -0.6159    0.5466    0.5674
    0.5459   -0.2231    0.8076
    0.5681    0.8071   -0.1610
...    95 G-C ...
  -66.0750   40.3808  -95.5878
   -0.3182    0.2291    0.9199
    0.7846   -0.4810    0.3912
    0.5321    0.8463   -0.0266
...    96 G-C ...
  -64.6777   43.4427  -95.6342
    0.0588   -0.1477    0.9873
    0.8443   -0.5204   -0.1281
    0.5327    0.8411    0.0941
...    97 C-G ...
  -63.3397   46.3618  -95.0434
    0.4393   -0.4598    0.7717
    0.7041   -0.3573   -0.6137
    0.5579    0.8130    0.1667
...    98 T-A ...
  -61.6676   48.9968  -94.0560
    0.6701   -0.6513    0.3561
    0.4262   -0.0552   -0.9030
    0.6078    0.7568    0.2406
...    99 C-G ...
  -59.5894   51.2784  -93.0838
    0.7588   -0.6140   -0.2173
    0.0099    0.3444   -0.9388
    0.6513    0.7102    0.2674
...   100 G-C ...
  -57.2200   53.5242  -92.5781
    0.5740   -0.4123   -0.7075
   -0.3346    0.6705   -0.6622
    0.7474    0.6168    0.2469
...   101 T-A ...
  -54.4784   55.0213  -91.5129
    0.3161   -0.0261   -0.9484
   -0.5628    0.7996   -0.2096
    0.7638    0.6000    0.2380
...   102 T-A ...
  -51.7885   56.6604  -90.6985
   -0.0204    0.4490   -0.8933
   -0.6440    0.6776    0.3553
    0.7648    0.5825    0.2753
...   103 C-G ...
  -49.2104   58.5176  -89.9226
   -0.3893    0.7556   -0.5268
   -0.5147    0.2958    0.8047
    0.7639    0.5844    0.2738
...   104 A-T ...
  -46.7862   60.4641  -88.8420
   -0.6643    0.7473   -0.0139
   -0.2110   -0.1697    0.9626
    0.7170    0.6424    0.2704
...   105 T-A ...
  -44.4540   62.7756  -88.6057
   -0.6833    0.5669    0.4601
    0.1316   -0.5242    0.8413
    0.7181    0.6355    0.2836
...   106 G-C ...
  -42.2102   64.9691  -87.5394
   -0.6057    0.1192    0.7867
    0.4697   -0.7444    0.4745
    0.6422    0.6570    0.3949
...   107 T-A ...
  -40.5680   67.5435  -86.3784
   -0.3388   -0.3016    0.8912
    0.7033   -0.7104    0.0269
    0.6250    0.6359    0.4528
...   108 T-A ...
  -38.7884   69.7224  -84.8127
    0.0428   -0.6687    0.7423
    0.7821   -0.4398   -0.4414
    0.6216    0.5994    0.5042
...   109 A-T ...
  -37.2011   71.5817  -82.5223
    0.2670   -0.9074    0.3246
    0.7110   -0.0419   -0.7020
    0.6506    0.4181    0.6339
...   110 T-A ...
  -35.5497   72.7397  -79.9584
    0.5552   -0.8287   -0.0716
    0.5096    0.4069   -0.7581
    0.6573    0.3844    0.6482
...   111 A-T ...
  -33.3213   73.6532  -77.6981
    0.6690   -0.5233   -0.5278
    0.1838    0.8046   -0.5647
    0.7201    0.2808    0.6345
...   112 A-T ...
  -30.9721   74.2104  -75.5293
    0.6742    0.0136   -0.7384
   -0.2034    0.9646   -0.1679
    0.7099    0.2634    0.6531
...   113 C-G ...
  -28.3784   74.4685  -73.4675
    0.4782    0.5023   -0.7204
   -0.5046    0.8285    0.2428
    0.7189    0.2474    0.6496
...   114 G-C ...
  -26.2639   75.6586  -71.2255
    0.0843    0.8607   -0.5020
   -0.6686    0.4224    0.6120
    0.7388    0.2840    0.6111
...   115 G-C ...
  -23.5860   76.5422  -69.3900
   -0.3215    0.9374   -0.1340
   -0.6158   -0.0995    0.7816
    0.7193    0.3338    0.6092
...   116 A-T ...
  -21.1338   77.5599  -67.4985
   -0.6338    0.7056    0.3170
   -0.3423   -0.6233    0.7031
    0.6937    0.3371    0.6365
...   117 A-T ...
  -18.8633   78.8807  -65.6067
   -0.7297    0.2487    0.6369
    0.0409   -0.9140    0.4038
    0.6825    0.3207    0.6568
...   118 T-A ...
  -16.8623   80.5360  -63.6288
   -0.6454   -0.2330    0.7275
    0.3815   -0.9234    0.0428
    0.6617    0.3051    0.6848
...   119 A-T ...
  -15.2677   81.9881  -61.0458
   -0.5383   -0.6911    0.4823
    0.6612   -0.7012   -0.2668
    0.5226    0.1753    0.8344
...   120 A-T ...
  -13.8710   82.5672  -58.2103
   -0.1501   -0.9661    0.2100
    0.8584   -0.2327   -0.4571
    0.4904    0.1117    0.8643
...   121 T-A ...
  -12.9206   82.8473  -55.1115
    0.2560   -0.9642   -0.0689
    0.8376    0.2568   -0.4822
    0.4826    0.0658    0.8733
...   122 G-C ...
  -11.1902   82.6701  -52.2909
    0.5968   -0.6825   -0.4220
    0.6126    0.7272   -0.3098
    0.5183   -0.0737    0.8520
...   123 T-A ...
   -9.7658   81.8152  -49.4524
    0.8136   -0.2229   -0.5370
    0.2472    0.9686   -0.0275
    0.5262   -0.1104    0.8432
...   124 G-C ...
   -7.8199   81.6603  -46.8013
    0.7856    0.3655   -0.4993
   -0.2250    0.9204    0.3197
    0.5764   -0.1388    0.8053
...   125 T-A ...
   -5.6784   80.6899  -44.4346
    0.5648    0.7852   -0.2537
   -0.5954    0.6007    0.5335
    0.5713   -0.1503    0.8068
...   126 C-G ...
   -3.7116   80.1350  -41.8668
    0.1176    0.9866    0.1130
   -0.8208    0.0325    0.5704
    0.5590   -0.1598    0.8136
...   127 G-C ...
   -2.2769   79.3962  -38.9789
   -0.3947    0.8567    0.3320
   -0.7710   -0.5054    0.3874
    0.4997   -0.1030    0.8601
...   128 A-T ...
   -0.5218   79.0286  -36.2690
   -0.7836    0.4302    0.4482
   -0.4307   -0.8961    0.1071
    0.4477   -0.1091    0.8875
...   129 C-G ...
    0.9905   79.2799  -33.3936
   -0.9205   -0.0593    0.3862
    0.0070   -0.9908   -0.1355
    0.3907   -0.1221    0.9124
...   130 C-G ...
    2.1089   79.2894  -30.2188
   -0.8444   -0.5199    0.1292
    0.4655   -0.8314   -0.3034
    0.2651   -0.1961    0.9441
...   131 A-T ...
    2.6525   78.6402  -26.9847
   -0.5338   -0.8173   -0.2171
    0.8374   -0.4751   -0.2704
    0.1179   -0.3261    0.9379
...   132 A-T ...
    2.6857   77.5276  -23.9684
   -0.0212   -0.9223   -0.3858
    0.9968    0.0105   -0.0798
    0.0777   -0.3863    0.9191
...   133 A-T ...
    2.6262   76.0911  -21.0798
    0.5126   -0.7621   -0.3955
    0.8566    0.4857    0.1744
    0.0591   -0.4282    0.9018
...   134 T-A ...
    2.3074   74.2308  -18.3904
    0.8657   -0.4293   -0.2574
    0.4984    0.7868    0.3641
    0.0462   -0.4435    0.8951
...   135 G-C ...
    1.4353   72.0970  -15.6051
    0.9809    0.0621    0.1843
   -0.1263    0.9241    0.3607
   -0.1479   -0.3771    0.9143
...   136 T-A ...
    0.5278   69.2393  -13.4690
    0.7351    0.4963    0.4618
   -0.6117    0.7792    0.1365
   -0.2921   -0.3828    0.8764
...   137 G-C ...
   -0.1660   67.4106  -10.8096
    0.1800    0.8794    0.4408
   -0.9276    0.3008   -0.2214
   -0.3274   -0.3691    0.8698
...   138 A-T ...
   -0.1322   66.2180   -7.8217
   -0.3749    0.8570    0.3536
   -0.8857   -0.2184   -0.4098
   -0.2739   -0.4668    0.8409
...   139 G-C ...
   -1.0070   65.6075   -4.9425
   -0.8336    0.5218    0.1811
   -0.5170   -0.6220   -0.5881
   -0.1942   -0.5839    0.7883
...   140 C-G ...
   -0.6975   63.9004   -2.2529
   -0.9992    0.0157   -0.0376
    0.0023   -0.8993   -0.4374
   -0.0406   -0.4371    0.8985
...   141 G-C ...
   -3.4383   60.2385    1.0283
   -0.4425    0.2285   -0.8672
    0.1683   -0.9287   -0.3306
   -0.8808   -0.2922    0.3725
...   142 C-G ...
   -6.3289   59.0834    1.6292
   -0.2970   -0.3280   -0.8968
    0.5656   -0.8171    0.1115
   -0.7693   -0.4741    0.4282
...   143 T-A ...
   -8.6769   58.7243    3.6023
   -0.0347   -0.7817   -0.6227
    0.6533   -0.4893    0.5778
   -0.7563   -0.3868    0.5276
...   144 C-G ...
  -11.6545   58.0114    4.7192
    0.2451   -0.9542   -0.1716
    0.6322    0.0231    0.7745
   -0.7350   -0.2983    0.6089
...   145 A-T ...
  -14.1761   56.5669    6.1806
    0.5795   -0.7268    0.3687
    0.3139    0.6165    0.7220
   -0.7521   -0.3027    0.5855
...   146 C-G ...
  -16.4652   53.8949    7.5152
    0.5336   -0.3331    0.7774
   -0.0346    0.9098    0.4136
   -0.8450   -0.2476    0.4739
...   147 A-T ...
  -19.0173   52.0374    8.9260
    0.2452    0.2907    0.9249
   -0.3073    0.9281   -0.2103
   -0.9195   -0.2327    0.3169
