  147 base-pairs
...     1 A-T ...
    0.0000    0.0000    0.0000
    1.0000    0.0000    0.0000
    0.0000    1.0000    0.0000
    0.0000    0.0000    1.0000
...     2 G-C ...
   -0.1404   -1.2353    3.2259
    0.7530    0.6366    0.1668
   -0.6385    0.7681   -0.0490
   -0.1593   -0.0696    0.9848
...     3 T-A ...
   -0.0377   -3.2918    6.3749
    0.2722    0.9302    0.2464
   -0.9238    0.3243   -0.2034
   -0.2691   -0.1722    0.9476
...     4 G-C ...
   -0.3520   -4.1638    9.4928
   -0.3756    0.9250    0.0576
   -0.8780   -0.3352   -0.3416
   -0.2967   -0.1788    0.9381
...     5 A-T ...
   -0.4480   -4.1448   12.7498
   -0.8116    0.5839   -0.0166
   -0.5522   -0.7762   -0.3042
   -0.1905   -0.2377    0.9525
...     6 G-C ...
   -1.5926   -4.1701   15.6201
   -0.9976    0.0246   -0.0651
   -0.0043   -0.9555   -0.2950
   -0.0694   -0.2940    0.9533
...     7 C-G ...
   -1.1050   -4.4793   18.7363
   -0.8442   -0.5302   -0.0787
    0.5343   -0.8442   -0.0430
   -0.0437   -0.0784    0.9960
...     8 G-C ...
   -2.4044   -7.7255   23.1483
   -0.2753   -0.3294   -0.9032
    0.6650   -0.7437    0.0686
   -0.6943   -0.5817    0.4238
...     9 C-G ...
   -4.4706   -9.9691   24.1142
    0.1145   -0.7026   -0.7023
    0.8512   -0.2951    0.4341
   -0.5123   -0.6475    0.5642
...    10 T-A ...
   -6.7420  -10.8705   25.9717
    0.4841   -0.8363   -0.2573
    0.6594    0.1554    0.7356
   -0.5752   -0.5257    0.6267
...    11 C-G ...
   -9.1682  -12.6167   27.1662
    0.7073   -0.6683    0.2306
    0.3450    0.6110    0.7125
   -0.6170   -0.4243    0.6627
...    12 A-T ...
  -10.9253  -14.6583   29.0713
    0.7515   -0.1377    0.6452
   -0.2027    0.8824    0.4245
   -0.6278   -0.4498    0.6352
...    13 C-G ...
  -11.8495  -17.4796   31.2472
    0.4294    0.2824    0.8578
   -0.5708    0.8209    0.0155
   -0.6998   -0.4963    0.5137
...    14 A-T ...
  -13.5915  -19.7756   33.4284
   -0.1503    0.6106    0.7775
   -0.6874    0.5007   -0.5261
   -0.7106   -0.6135    0.3445
...    15 A-T ...
  -15.7645  -21.9006   34.5223
   -0.4917    0.7977    0.3491
   -0.4619    0.1009   -0.8812
   -0.7382   -0.5945    0.3189
...    16 T-A ...
  -17.9217  -23.8301   36.2753
   -0.6836    0.7133   -0.1547
   -0.1179   -0.3171   -0.9410
   -0.7203   -0.6251    0.3008
...    17 T-A ...
  -20.2902  -25.6971   37.6111
   -0.6379    0.3891   -0.6646
    0.3107   -0.6596   -0.6844
   -0.7047   -0.6430    0.2999
...    18 T-A ...
  -22.6717  -27.5993   38.5586
   -0.3127    0.0430   -0.9489
    0.5875   -0.7762   -0.2288
   -0.7464   -0.6290    0.2174
...    19 A-T ...
  -25.2149  -29.5155   38.8724
    0.1378   -0.1577   -0.9778
    0.6299   -0.7479    0.2094
   -0.7644   -0.6448   -0.0037
...    20 T-A ...
  -28.1017  -31.0594   38.5121
    0.4452   -0.4847   -0.7529
    0.4706   -0.5887    0.6573
   -0.7618   -0.6469   -0.0340
...    21 T-A ...
  -30.6939  -33.0233   38.0753
    0.6416   -0.7153   -0.2771
    0.1315   -0.2533    0.9584
   -0.7557   -0.6513   -0.0685
...    22 C-G ...
  -33.0736  -35.2302   37.7129
    0.6238   -0.7160    0.3136
   -0.2750    0.1745    0.9455
   -0.7316   -0.6760   -0.0881
...    23 G-C ...
  -35.4138  -37.5790   38.1481
    0.4429   -0.4304    0.7865
   -0.6244    0.4815    0.6151
   -0.6434   -0.7635   -0.0555
...    24 C-G ...
  -37.2206  -40.2780   37.8327
    0.0859   -0.0801    0.9931
   -0.7644    0.6340    0.1172
   -0.6390   -0.7692   -0.0068
...    25 A-T ...
  -39.6707  -42.4586   37.6030
   -0.3444    0.3131    0.8851
   -0.6685    0.5802   -0.4653
   -0.6592   -0.7519    0.0095
...    26 A-T ...
  -41.6994  -45.0345   37.8091
   -0.6704    0.5673    0.4783
   -0.3529    0.3233   -0.8780
   -0.6527   -0.7574   -0.0166
...    27 A-T ...
  -43.6947  -47.5921   38.0929
   -0.7629    0.6380   -0.1048
    0.1121   -0.0291   -0.9933
   -0.6367   -0.7695   -0.0493
...    28 G-C ...
  -46.0727  -49.9501   38.3609
   -0.5441    0.5919   -0.5946
    0.4772   -0.3646   -0.7996
   -0.6901   -0.7188   -0.0841
...    29 G-C ...
  -48.8243  -52.0383   38.1896
   -0.1165    0.4039   -0.9074
    0.6855   -0.6284   -0.3677
   -0.7187   -0.6648   -0.2037
...    30 C-G ...
  -51.5324  -53.6968   37.4199
    0.3219    0.0834   -0.9431
    0.6255   -0.7665    0.1457
   -0.7107   -0.6368   -0.2989
...    31 C-G ...
  -54.0627  -55.4782   36.2291
    0.6794   -0.2626   -0.6852
    0.3286   -0.7260    0.6041
   -0.6561   -0.6355   -0.4069
...    32 G-C ...
  -55.6790  -57.6286   34.8331
    0.8266   -0.5002   -0.2580
   -0.0891   -0.5689    0.8176
   -0.5557   -0.6528   -0.5148
...    33 G-C ...
  -56.8474  -60.0152   32.7303
    0.6762   -0.6973    0.2379
   -0.5585   -0.2745    0.7828
   -0.4805   -0.6622   -0.5750
...    34 C-G ...
  -57.9543  -62.3268   30.7039
    0.2732   -0.7244    0.6329
   -0.8558    0.1174    0.5039
   -0.4393   -0.6793   -0.5878
...    35 C-G ...
  -59.1306  -64.9068   28.8358
   -0.2583   -0.5433    0.7988
   -0.8763    0.4798    0.0430
   -0.4067   -0.6889   -0.6000
...    36 C-G ...
  -60.3048  -67.4053   26.9265
   -0.6821   -0.1844    0.7076
   -0.6032    0.6889   -0.4020
   -0.4133   -0.7010   -0.5812
...    37 G-C ...
  -61.8825  -68.9391   24.2349
   -0.8754    0.2716    0.3998
   -0.1032    0.7031   -0.7035
   -0.4722   -0.6571   -0.5875
...    38 A-T ...
  -63.1202  -71.0896   22.3349
   -0.7702    0.6350   -0.0590
    0.4366    0.4576   -0.7746
   -0.4649   -0.6224   -0.6297
...    39 C-G ...
  -65.0328  -72.9815   20.6225
   -0.4150    0.8219   -0.3901
    0.7656    0.0839   -0.6378
   -0.4915   -0.5634   -0.6641
...    40 A-T ...
  -66.8540  -74.6827   18.4529
    0.1189    0.8196   -0.5605
    0.8589   -0.3681   -0.3560
   -0.4981   -0.4391   -0.7477
...    41 C-G ...
  -68.7348  -75.5207   15.9608
    0.5664    0.5783   -0.5872
    0.6844   -0.7270   -0.0557
   -0.4591   -0.3703   -0.8075
...    42 G-C ...
  -69.8430  -76.9492   13.1676
    0.8969    0.1250   -0.4243
    0.2301   -0.9511    0.2060
   -0.3778   -0.2824   -0.8818
...    43 A-T ...
  -70.9974  -77.7558   10.3324
    0.8695   -0.4413   -0.2219
   -0.3316   -0.8544    0.4000
   -0.3661   -0.2742   -0.8893
...    44 C-G ...
  -71.7967  -78.0845    7.1363
    0.5907   -0.8051    0.0541
   -0.7439   -0.5173    0.4231
   -0.3126   -0.2901   -0.9045
...    45 T-A ...
  -72.1030  -79.0047    3.6156
    0.0894   -0.9611    0.2613
   -0.9513   -0.0047    0.3082
   -0.2949   -0.2762   -0.9147
...    46 T-A ...
  -72.4865  -79.7750    0.4344
   -0.4008   -0.8550    0.3290
   -0.8715    0.4666    0.1510
   -0.2826   -0.2262   -0.9322
...    47 A-T ...
  -73.5896  -80.2646   -2.6862
   -0.8518   -0.3958    0.3431
   -0.4433    0.8937   -0.0695
   -0.2791   -0.2113   -0.9367
...    48 C-G ...
  -74.3403  -81.5847   -5.6528
   -0.9553    0.1289    0.2661
    0.0679    0.9716   -0.2268
   -0.2878   -0.1986   -0.9369
...    49 T-A ...
  -75.5559  -82.5992   -8.6136
   -0.7554    0.6285    0.1853
    0.5517    0.7626   -0.3377
   -0.3535   -0.1528   -0.9228
...    50 G-C ...
  -76.9685  -82.8322  -11.6690
   -0.2853    0.9513    0.1168
    0.8709    0.3082   -0.3827
   -0.4001   -0.0074   -0.9164
...    51 T-A ...
  -78.7590  -82.8287  -14.3136
    0.1760    0.9843    0.0139
    0.9044   -0.1561   -0.3970
   -0.3886    0.0824   -0.9177
...    52 A-T ...
  -80.7210  -81.5321  -16.8419
    0.6498    0.7544    0.0929
    0.7131   -0.5627   -0.4182
   -0.2632    0.3380   -0.9036
...    53 G-C ...
  -81.8829  -80.1246  -19.4923
    0.9291    0.3698   -0.0029
    0.3289   -0.8298   -0.4508
   -0.1691    0.4179   -0.8926
...    54 G-C ...
  -82.4241  -77.6922  -22.2178
    0.9787   -0.1360   -0.1539
   -0.1901   -0.8837   -0.4277
   -0.0778    0.4479   -0.8907
...    55 T-A ...
  -82.2463  -75.8515  -24.9164
    0.7553   -0.5632   -0.3352
   -0.6537   -0.6843   -0.3232
   -0.0474    0.4632   -0.8850
...    56 A-T ...
  -81.7805  -74.0699  -27.7836
    0.2698   -0.8662   -0.4207
   -0.9629   -0.2391   -0.1253
    0.0079    0.4389   -0.8985
...    57 T-A ...
  -80.9823  -72.5227  -30.6053
   -0.2367   -0.8590   -0.4539
   -0.9715    0.2148    0.1001
    0.0115    0.4647   -0.8854
...    58 C-G ...
  -80.6875  -71.1685  -33.6705
   -0.7706   -0.5547   -0.3138
   -0.6372    0.6764    0.3693
    0.0074    0.4845   -0.8747
...    59 T-A ...
  -80.6486  -69.8710  -36.7341
   -0.9863   -0.1609   -0.0367
   -0.1587    0.8642    0.4775
   -0.0451    0.4768   -0.8779
...    60 C-G ...
  -80.8695  -68.2856  -39.6393
   -0.9042    0.3289    0.2725
    0.4192    0.8054    0.4191
   -0.0816    0.4932   -0.8661
...    61 G-C ...
  -81.0467  -66.2463  -42.1623
   -0.5790    0.5600    0.5926
    0.7900    0.5650    0.2380
   -0.2016    0.6059   -0.7695
...    62 A-T ...
  -81.5396  -64.2896  -44.7036
   -0.0451    0.7184    0.6942
    0.9820    0.1594   -0.1012
   -0.1833    0.6772   -0.7126
...    63 G-C ...
  -82.4982  -61.8494  -46.7222
    0.4565    0.6471    0.6106
    0.8745   -0.1998   -0.4420
   -0.1640    0.7358   -0.6571
...    64 C-G ...
  -83.3582  -59.1050  -48.4994
    0.8733    0.3815    0.3030
    0.4716   -0.5060   -0.7222
   -0.1222    0.7736   -0.6218
...    65 T-A ...
  -83.8643  -56.3254  -50.2026
    0.9978    0.0327   -0.0573
   -0.0260   -0.6031   -0.7972
   -0.0607    0.7970   -0.6010
...    66 C-G ...
  -83.7353  -53.8169  -52.2548
    0.8216   -0.3397   -0.4579
   -0.5699   -0.4680   -0.6754
    0.0152    0.8158   -0.5781
...    67 G-C ...
  -84.0058  -51.5667  -54.7134
    0.3898   -0.5883   -0.7085
   -0.9169   -0.1764   -0.3580
    0.0856    0.7892   -0.6082
...    68 G-C ...
  -83.4660  -48.9594  -56.7109
   -0.1540   -0.6335   -0.7583
   -0.9850    0.1585    0.0677
    0.0773    0.7574   -0.6484
...    69 G-C ...
  -82.9814  -46.5890  -59.0163
   -0.6537   -0.5233   -0.5467
   -0.7557    0.4896    0.4349
    0.0401    0.6974   -0.7155
...    70 A-T ...
  -82.6544  -44.4335  -61.5126
   -0.9713   -0.1461   -0.1876
   -0.2354    0.7035    0.6706
    0.0339    0.6955   -0.7177
...    71 T-A ...
  -82.5910  -42.6262  -64.2787
   -0.9574    0.2174    0.1900
    0.2882    0.6803    0.6739
    0.0173    0.7000   -0.7139
...    72 C-G ...
  -82.8362  -40.4244  -66.8367
   -0.6005    0.5665    0.5644
    0.7995    0.4105    0.4386
    0.0168    0.7145   -0.6994
...    73 T-A ...
  -83.1696  -38.0239  -69.0899
   -0.1250    0.6362    0.7614
    0.9922    0.0822    0.0942
   -0.0026    0.7672   -0.6415
...    74 C-G ...
  -83.3644  -35.3667  -70.9548
    0.4169    0.5358    0.7343
    0.9089   -0.2536   -0.3310
    0.0089    0.8054   -0.5927
...    75 A-T ...
  -83.9083  -32.4092  -72.6313
    0.8049    0.2307    0.5467
    0.5901   -0.4083   -0.6965
    0.0625    0.8832   -0.4648
...    76 T-A ...
  -83.8194  -29.3551  -73.6657
    0.9830   -0.0411    0.1790
    0.1413   -0.4532   -0.8801
    0.1173    0.8904   -0.4397
...    77 G-C ...
  -83.1669  -26.1837  -74.8307
    0.8820   -0.3742   -0.2864
   -0.4147   -0.3278   -0.8488
    0.2237    0.8675   -0.4444
...    78 T-A ...
  -81.9896  -23.2036  -75.7554
    0.5469   -0.5045   -0.6681
   -0.8002   -0.0806   -0.5942
    0.2459    0.8596   -0.4478
...    79 T-A ...
  -80.9808  -20.5092  -77.0979
    0.0393   -0.4754   -0.8789
   -0.9625    0.2182   -0.1610
    0.2683    0.8523   -0.4490
...    80 A-T ...
  -80.3279  -17.6219  -78.6389
   -0.5213   -0.2973   -0.7999
   -0.8144    0.4535    0.3621
    0.2551    0.8402   -0.4785
...    81 T-A ...
  -79.0266  -15.3354  -80.5155
   -0.8422   -0.0212   -0.5387
   -0.4649    0.5345    0.7058
    0.2730    0.8449   -0.4600
...    82 A-T ...
  -78.1993  -12.4136  -81.8942
   -0.9666    0.2546   -0.0305
    0.0947    0.4652    0.8801
    0.2383    0.8478   -0.4737
...    83 A-T ...
  -77.5286   -9.7872  -83.5442
   -0.7758    0.4446    0.4477
    0.5865    0.2464    0.7716
    0.2327    0.8612   -0.4519
...    84 C-G ...
  -77.3618   -6.9941  -85.5042
   -0.3602    0.4893    0.7943
    0.9027   -0.0321    0.4291
    0.2354    0.8716   -0.4301
...    85 G-C ...
  -76.3547   -4.0615  -86.4319
    0.0963    0.2386    0.9663
    0.9679   -0.2488   -0.0350
    0.2320    0.9387   -0.2549
...    86 G-C ...
  -75.7343   -0.8572  -86.7474
    0.5326   -0.0291    0.8459
    0.8074   -0.2824   -0.5181
    0.2540    0.9589   -0.1269
...    87 A-T ...
  -74.9032    2.2630  -86.8083
    0.8727   -0.2500    0.4194
    0.3832   -0.1818   -0.9056
    0.3026    0.9510   -0.0629
...    88 C-G ...
  -73.8351    5.3429  -86.2599
    0.9435   -0.3220   -0.0781
   -0.0816    0.0027   -0.9967
    0.3211    0.9467   -0.0238
...    89 G-C ...
  -72.5177    8.5420  -86.2723
    0.6999   -0.3696   -0.6111
   -0.5782    0.2089   -0.7887
    0.4192    0.9054   -0.0675
...    90 C-G ...
  -70.6181   11.4289  -86.2683
    0.2447   -0.2036   -0.9480
   -0.8644    0.3971   -0.3084
    0.4392    0.8949   -0.0788
...    91 T-A ...
  -68.6445   14.1987  -86.8472
   -0.2751    0.0435   -0.9604
   -0.8316    0.4906    0.2604
    0.4825    0.8703   -0.0988
...    92 T-A ...
  -66.7741   16.8068  -87.3787
   -0.6789    0.3491   -0.6460
   -0.5323    0.3721    0.7604
    0.5058    0.8601   -0.0668
...    93 T-A ...
  -64.9810   19.4741  -87.8635
   -0.8500    0.5140   -0.1155
   -0.0716    0.1045    0.9919
    0.5219    0.8514   -0.0520
...    94 A-T ...
  -63.1930   22.2189  -87.6985
   -0.7517    0.4727    0.4598
    0.4103   -0.2106    0.8873
    0.5163    0.8557   -0.0356
...    95 A-T ...
  -61.7029   24.9965  -87.9170
   -0.4526    0.2577    0.8536
    0.7336   -0.4365    0.5208
    0.5069    0.8620    0.0085
...    96 C-G ...
  -60.6534   28.1471  -88.0243
   -0.0516   -0.0301    0.9982
    0.8604   -0.5088    0.0291
    0.5071    0.8603    0.0522
...    97 A-T ...
  -59.1465   31.0680  -87.6474
    0.3386   -0.4018    0.8509
    0.7748   -0.3940   -0.4943
    0.5338    0.8267    0.1779
...    98 C-G ...
  -57.7641   33.8693  -86.4725
    0.6522   -0.5822    0.4856
    0.5162   -0.1280   -0.8468
    0.5551    0.8029    0.2170
...    99 T-A ...
  -55.8588   36.5196  -84.9569
    0.7920   -0.6073   -0.0622
    0.0971    0.2259   -0.9693
    0.6027    0.7617    0.2379
...   100 T-A ...
  -53.8377   38.7888  -83.8004
    0.7184   -0.3630   -0.5935
   -0.3592    0.5370   -0.7633
    0.5957    0.7615    0.2554
...   101 T-A ...
  -51.7656   41.0500  -82.7661
    0.4072    0.0023   -0.9133
   -0.6931    0.6520   -0.3074
    0.5947    0.7582    0.2671
...   102 A-T ...
  -49.9657   43.7554  -81.9531
   -0.0760    0.3645   -0.9281
   -0.7969    0.5373    0.2762
    0.5994    0.7606    0.2496
...   103 T-A ...
  -47.4913   45.8674  -81.5465
   -0.4441    0.5575   -0.7014
   -0.6691    0.3142    0.6735
    0.5959    0.7684    0.2335
...   104 G-C ...
  -45.5025   48.4844  -81.0846
   -0.8089    0.5617   -0.1736
   -0.2474   -0.0573    0.9672
    0.5334    0.8253    0.1853
...   105 C-G ...
  -44.0457   51.3876  -80.8251
   -0.8434    0.4023    0.3561
    0.2082   -0.3664    0.9069
    0.4953    0.8390    0.2252
...   106 T-A ...
  -42.6447   54.4725  -80.3756
   -0.6139    0.1015    0.7829
    0.6402   -0.5162    0.5689
    0.4618    0.8505    0.2519
...   107 T-A ...
  -41.3575   57.2957  -79.6289
   -0.2071   -0.2460    0.9469
    0.8708   -0.4874    0.0638
    0.4459    0.8378    0.3151
...   108 C-G ...
  -40.1566   60.0590  -78.3877
    0.2399   -0.5505    0.7996
    0.8562   -0.2682   -0.4416
    0.4576    0.7905    0.4070
...   109 C-G ...
  -38.8783   62.7471  -77.0215
    0.5513   -0.7239    0.4147
    0.6333    0.0396   -0.7729
    0.5431    0.6887    0.4803
...   110 G-C ...
  -36.9757   64.6366  -75.6169
    0.7041   -0.7065   -0.0712
    0.3322    0.4163   -0.8463
    0.6276    0.5723    0.5279
...   111 G-C ...
  -34.5055   65.9094  -73.7408
    0.7282   -0.4187   -0.5426
   -0.0368    0.7667   -0.6410
    0.6844    0.4867    0.5429
...   112 C-G ...
  -31.8805   66.8836  -71.8836
    0.5781    0.0407   -0.8149
   -0.3923    0.8896   -0.2339
    0.7154    0.4549    0.5303
...   113 T-A ...
  -29.4067   68.1439  -70.1526
    0.2973    0.4941   -0.8170
   -0.6101    0.7565    0.2355
    0.7344    0.4284    0.5264
...   114 C-G ...
  -27.1024   69.7787  -68.5194
   -0.1083    0.8390   -0.5333
   -0.6481    0.3471    0.6778
    0.7538    0.4190    0.5061
...   115 G-C ...
  -24.9467   71.1871  -66.4950
   -0.4805    0.8741   -0.0710
   -0.4857   -0.1979    0.8514
    0.7302    0.4436    0.5197
...   116 T-A ...
  -22.5650   73.0584  -65.2174
   -0.6891    0.6291    0.3597
   -0.1761   -0.6268    0.7590
    0.7029    0.4597    0.5428
...   117 A-T ...
  -20.2822   75.1472  -63.7161
   -0.7384    0.1417    0.6593
    0.2277   -0.8679    0.4415
    0.6347    0.4762    0.6086
...   118 T-A ...
  -18.5872   77.2612  -61.9891
   -0.5518   -0.2941    0.7804
    0.5380   -0.8405    0.0637
    0.6372    0.4551    0.6220
...   119 A-T ...
  -16.7328   78.6942  -59.7749
   -0.3610   -0.7235    0.5883
    0.7541   -0.5976   -0.2722
    0.5486    0.3454    0.7614
...   120 A-T ...
  -15.2619   79.7756  -57.1179
    0.0343   -0.9629    0.2677
    0.8477   -0.1139   -0.5181
    0.5293    0.2447    0.8124
...   121 T-A ...
  -14.0918   80.4374  -54.1051
    0.4270   -0.9029   -0.0492
    0.7362    0.3787   -0.5609
    0.5251    0.2032    0.8264
...   122 G-C ...
  -12.3598   80.6402  -51.1588
    0.6900   -0.5708   -0.4451
    0.4257    0.8173   -0.3882
    0.5854    0.0783    0.8069
...   123 T-A ...
  -10.4505   80.2433  -48.5806
    0.8070   -0.1204   -0.5782
    0.0813    0.9923   -0.0932
    0.5850    0.0282    0.8106
...   124 G-C ...
   -8.3758   80.1945  -46.0465
    0.6969    0.4572   -0.5526
   -0.3514    0.8893    0.2927
    0.6252   -0.0098    0.7804
...   125 T-A ...
   -6.1172   79.6766  -43.7594
    0.4195    0.8458   -0.3296
   -0.6499    0.5333    0.5415
    0.6337   -0.0129    0.7734
...   126 C-G ...
   -4.0514   79.6419  -41.3749
   -0.0187    0.9978    0.0635
   -0.7708   -0.0548    0.6347
    0.6368   -0.0371    0.7702
...   127 G-C ...
   -2.5102   79.3455  -38.5677
   -0.4491    0.8384    0.3088
   -0.6857   -0.5450    0.4824
    0.5728    0.0049    0.8197
...   128 A-T ...
   -0.5691   79.1587  -36.1320
   -0.7674    0.3853    0.5125
   -0.3442   -0.9219    0.1778
    0.5410   -0.0400    0.8401
...   129 C-G ...
    1.2033   79.7360  -33.4224
   -0.8664   -0.1364    0.4804
    0.0880   -0.9886   -0.1220
    0.4916   -0.0634    0.8685
...   130 C-G ...
    2.2028   80.0257  -30.1635
   -0.7956   -0.5677    0.2116
    0.4943   -0.8101   -0.3152
    0.3504   -0.1462    0.9251
...   131 A-T ...
    2.6115   78.9375  -27.0179
   -0.5913   -0.7731   -0.2296
    0.7948   -0.5104   -0.3283
    0.1366   -0.3766    0.9163
...   132 A-T ...
    2.7790   77.6227  -24.0480
   -0.0904   -0.8974   -0.4318
    0.9920   -0.0426   -0.1191
    0.0885   -0.4391    0.8941
...   133 A-T ...
    2.6399   76.1137  -21.1177
    0.5034   -0.7681   -0.3958
    0.8616    0.4810    0.1624
    0.0657   -0.4227    0.9039
...   134 T-A ...
    2.3075   74.2309  -18.3903
    0.8657   -0.4293   -0.2574
    0.4984    0.7868    0.3641
    0.0462   -0.4435    0.8951
...   135 G-C ...
    1.4353   72.0972  -15.6050
    0.9809    0.0621    0.1843
   -0.1263    0.9241    0.3607
   -0.1479   -0.3771    0.9143
...   136 T-A ...
    0.5278   69.2394  -13.4689
    0.7351    0.4963    0.4618
   -0.6117    0.7792    0.1365
   -0.2921   -0.3828    0.8764
...   137 G-C ...
   -0.1660   67.4107  -10.8095
    0.1800    0.8794    0.4408
   -0.9276    0.3008   -0.2214
   -0.3274   -0.3691    0.8698
...   138 A-T ...
   -0.1322   66.2181   -7.8217
   -0.3749    0.8570    0.3536
   -0.8857   -0.2184   -0.4098
   -0.2739   -0.4668    0.8409
...   139 G-C ...
   -1.0070   65.6076   -4.9425
   -0.8336    0.5218    0.1811
   -0.5170   -0.6220   -0.5881
   -0.1942   -0.5839    0.7883
...   140 C-G ...
   -0.6976   63.9005   -2.2528
   -0.9992    0.0157   -0.0376
    0.0023   -0.8993   -0.4374
   -0.0406   -0.4371    0.8985
...   141 G-C ...
   -3.4384   60.2387    1.0283
   -0.4425    0.2285   -0.8672
    0.1683   -0.9287   -0.3306
   -0.8808   -0.2922    0.3725
...   142 C-G ...
   -6.3290   59.0835    1.6293
   -0.2970   -0.3280   -0.8968
    0.5656   -0.8171    0.1115
   -0.7693   -0.4741    0.4282
...   143 T-A ...
   -8.6769   58.7244    3.6024
   -0.0347   -0.7817   -0.6227
    0.6533   -0.4893    0.5778
   -0.7563   -0.3868    0.5276
...   144 C-G ...
  -11.6546   58.0115    4.7193
    0.2451   -0.9542   -0.1716
    0.6322    0.0231    0.7745
   -0.7350   -0.2983    0.6089
...   145 A-T ...
  -14.1761   56.5670    6.1806
    0.5795   -0.7268    0.3687
    0.3139    0.6165    0.7220
   -0.7521   -0.3027    0.5855
...   146 C-G ...
  -16.4652   53.8951    7.5153
    0.5336   -0.3331    0.7774
   -0.0346    0.9098    0.4136
   -0.8450   -0.2476    0.4739
...   147 A-T ...
  -19.0173   52.0376    8.9260
    0.2452    0.2907    0.9249
   -0.3073    0.9281   -0.2103
   -0.9195   -0.2327    0.3169
