  147 base-pairs
...     1 A-T ...
    0.0000    0.0000    0.0000
    1.0000    0.0000    0.0000
    0.0000    1.0000    0.0000
    0.0000    0.0000    1.0000
...     2 G-C ...
   -0.1404   -1.2353    3.2259
    0.7530    0.6366    0.1668
   -0.6385    0.7681   -0.0490
   -0.1593   -0.0696    0.9848
...     3 T-A ...
   -0.0377   -3.2918    6.3749
    0.2722    0.9302    0.2464
   -0.9238    0.3243   -0.2034
   -0.2691   -0.1722    0.9476
...     4 G-C ...
   -0.3520   -4.1638    9.4928
   -0.3756    0.9250    0.0576
   -0.8780   -0.3352   -0.3416
   -0.2967   -0.1788    0.9381
...     5 A-T ...
   -0.4480   -4.1448   12.7498
   -0.8116    0.5839   -0.0166
   -0.5522   -0.7762   -0.3042
   -0.1905   -0.2377    0.9525
...     6 G-C ...
   -1.5926   -4.1701   15.6201
   -0.9976    0.0246   -0.0651
   -0.0043   -0.9555   -0.2950
   -0.0694   -0.2940    0.9533
...     7 C-G ...
   -1.1050   -4.4793   18.7363
   -0.8442   -0.5302   -0.0787
    0.5343   -0.8442   -0.0430
   -0.0437   -0.0784    0.9960
...     8 G-C ...
   -2.4044   -7.7255   23.1483
   -0.2753   -0.3294   -0.9032
    0.6650   -0.7437    0.0686
   -0.6943   -0.5817    0.4238
...     9 C-G ...
   -4.4706   -9.9691   24.1142
    0.1145   -0.7026   -0.7023
    0.8512   -0.2951    0.4341
   -0.5123   -0.6475    0.5642
...    10 T-A ...
   -6.7420  -10.8705   25.9717
    0.4841   -0.8363   -0.2573
    0.6594    0.1554    0.7356
   -0.5752   -0.5257    0.6267
...    11 C-G ...
   -9.1682  -12.6167   27.1662
    0.7073   -0.6683    0.2306
    0.3450    0.6110    0.7125
   -0.6170   -0.4243    0.6627
...    12 A-T ...
  -10.9253  -14.6583   29.0713
    0.7515   -0.1377    0.6452
   -0.2027    0.8824    0.4245
   -0.6278   -0.4498    0.6352
...    13 C-G ...
  -11.8495  -17.4796   31.2472
    0.4294    0.2824    0.8578
   -0.5708    0.8209    0.0155
   -0.6998   -0.4963    0.5137
...    14 A-T ...
  -13.5915  -19.7756   33.4284
   -0.1503    0.6106    0.7775
   -0.6874    0.5007   -0.5261
   -0.7106   -0.6135    0.3445
...    15 A-T ...
  -15.6837  -21.8657   34.7612
   -0.5077    0.7784    0.3693
   -0.4766    0.1034   -0.8730
   -0.7177   -0.6192    0.3185
...    16 T-A ...
  -17.7770  -23.7685   36.4148
   -0.6619    0.7425   -0.1029
   -0.1630   -0.2765   -0.9471
   -0.7317   -0.6101    0.3040
...    17 T-A ...
  -20.1542  -25.5798   37.6228
   -0.6102    0.5153   -0.6018
    0.2174   -0.6216   -0.7526
   -0.7618   -0.5901    0.2673
...    18 T-A ...
  -22.7375  -27.2420   38.5746
   -0.3534    0.1562   -0.9223
    0.4988   -0.8026   -0.3271
   -0.7914   -0.5757    0.2057
...    19 A-T ...
  -25.8712  -28.4419   38.9154
    0.1071   -0.0801   -0.9910
    0.5526   -0.8238    0.1263
   -0.8265   -0.5612   -0.0439
...    20 T-A ...
  -28.8420  -29.6911   38.4518
    0.3882   -0.4395   -0.8100
    0.4175   -0.6997    0.5797
   -0.8216   -0.5632   -0.0881
...    21 T-A ...
  -31.5607  -31.3288   37.8613
    0.5693   -0.7317   -0.3748
    0.1220   -0.3757    0.9187
   -0.8130   -0.5688   -0.1246
...    22 C-G ...
  -34.0498  -33.3137   37.2276
    0.5588   -0.8034    0.2055
   -0.2522    0.0714    0.9650
   -0.7900   -0.5911   -0.1628
...    23 G-C ...
  -36.6268  -35.3617   37.1108
    0.3844   -0.5995    0.7020
   -0.5609    0.4523    0.6934
   -0.7332   -0.6603   -0.1624
...    24 C-G ...
  -38.7563  -37.7921   36.4369
    0.0373   -0.2576    0.9655
   -0.6886    0.6936    0.2116
   -0.7242   -0.6727   -0.1515
...    25 A-T ...
  -41.2938  -39.8063   35.9174
   -0.3129    0.2080    0.9267
   -0.5971    0.7157   -0.3622
   -0.7387   -0.6667   -0.0997
...    26 A-T ...
  -43.5076  -42.1798   35.7577
   -0.6088    0.5522    0.5695
   -0.3031    0.5015   -0.8103
   -0.7331   -0.6660   -0.1380
...    27 A-T ...
  -45.8404  -44.4186   35.5822
   -0.6691    0.7422    0.0386
    0.0953    0.1373   -0.9859
   -0.7370   -0.6560   -0.1626
...    28 G-C ...
  -48.3923  -46.4509   35.3453
   -0.4588    0.7784   -0.4285
    0.4237   -0.2322   -0.8755
   -0.7810   -0.5833   -0.2233
...    29 G-C ...
  -51.2757  -48.0929   34.8396
   -0.0765    0.6330   -0.7704
    0.5835   -0.5981   -0.5494
   -0.8085   -0.4915   -0.3237
...    30 C-G ...
  -54.1672  -49.1924   33.8362
    0.3024    0.2859   -0.9093
    0.5213   -0.8483   -0.0933
   -0.7980   -0.4457   -0.4056
...    31 C-G ...
  -56.8873  -50.1740   32.1260
    0.6190   -0.1217   -0.7759
    0.2570   -0.9021    0.3465
   -0.7422   -0.4139   -0.5271
...    32 G-C ...
  -58.9790  -51.7897   30.1477
    0.7539   -0.5157   -0.4071
   -0.1686   -0.7507    0.6388
   -0.6350   -0.4129   -0.6529
...    33 G-C ...
  -60.6626  -53.1029   27.5338
    0.5990   -0.8002    0.0297
   -0.5765   -0.4052    0.7096
   -0.5558   -0.4422   -0.7040
...    34 C-G ...
  -62.0879  -54.6052   24.9564
    0.2066   -0.8857    0.4159
   -0.8263    0.0697    0.5589
   -0.5240   -0.4591   -0.7174
...    35 C-G ...
  -63.5615  -56.3723   22.5000
   -0.2501   -0.6935    0.6757
   -0.8215    0.5213    0.2310
   -0.5124   -0.4973   -0.7001
...    36 C-G ...
  -65.0836  -58.2636   20.1699
   -0.6281   -0.2850    0.7241
   -0.5604    0.8112   -0.1668
   -0.5399   -0.5106   -0.6692
...    37 G-C ...
  -66.9806  -59.4995   17.7549
   -0.7840    0.2454    0.5701
   -0.1123    0.8472   -0.5192
   -0.6105   -0.4711   -0.6367
...    38 A-T ...
  -68.8812  -61.1446   15.6913
   -0.6833    0.7009    0.2045
    0.3668    0.5718   -0.7339
   -0.6313   -0.4265   -0.6478
...    39 C-G ...
  -71.2655  -62.6806   14.0695
   -0.3770    0.9138   -0.1508
    0.6625    0.1523   -0.7334
   -0.6473   -0.3764   -0.6628
...    40 A-T ...
  -73.5129  -63.7901   11.8817
    0.1275    0.9105   -0.3933
    0.7436   -0.3502   -0.5696
   -0.6564   -0.2198   -0.7217
...    41 C-G ...
  -76.0123  -64.0123    9.8212
    0.5194    0.6388   -0.5676
    0.5744   -0.7528   -0.3217
   -0.6327   -0.1589   -0.7579
...    42 G-C ...
  -77.7714  -64.4413    7.0643
    0.8368    0.1862   -0.5149
    0.1877   -0.9810   -0.0499
   -0.5144   -0.0549   -0.8558
...    43 A-T ...
  -79.2596  -64.4264    4.1790
    0.8262   -0.3883   -0.4082
   -0.3313   -0.9209    0.2055
   -0.4557   -0.0346   -0.8895
...    44 C-G ...
  -80.2906  -64.0348    1.0712
    0.5610   -0.7958   -0.2279
   -0.7157   -0.6047    0.3494
   -0.4158   -0.0329   -0.9088
...    45 T-A ...
  -81.2435  -64.0911   -2.0818
    0.1348   -0.9908    0.0114
   -0.9193   -0.1207    0.3747
   -0.3699   -0.0609   -0.9271
...    46 T-A ...
  -82.0804  -64.2514   -5.2249
   -0.4206   -0.8902    0.1751
   -0.8355    0.4553    0.3076
   -0.3535   -0.0169   -0.9353
...    47 A-T ...
  -83.4334  -63.9782   -8.2596
   -0.8507   -0.4352    0.2949
   -0.4058    0.9002    0.1582
   -0.3343    0.0149   -0.9424
...    48 C-G ...
  -84.4358  -64.5206  -11.3650
   -0.9337    0.0808    0.3489
    0.0853    0.9964   -0.0025
   -0.3478    0.0274   -0.9371
...    49 T-A ...
  -85.7878  -64.6834  -14.3610
   -0.7411    0.5660    0.3611
    0.5455    0.8212   -0.1675
   -0.3913    0.0728   -0.9174
...    50 G-C ...
  -87.2037  -64.2544  -17.3254
   -0.2866    0.8936    0.3456
    0.8515    0.4029   -0.3355
   -0.4390    0.1981   -0.8764
...    51 T-A ...
  -89.1792  -63.6252  -19.8447
    0.1949    0.9618    0.1921
    0.8828   -0.0866   -0.4618
   -0.4275    0.2596   -0.8659
...    52 A-T ...
  -90.9436  -62.2446  -22.3279
    0.6694    0.7327    0.1228
    0.6643   -0.5164   -0.5404
   -0.3325    0.4433   -0.8324
...    53 G-C ...
  -92.0945  -60.4260  -24.8002
    0.9359    0.3439   -0.0757
    0.2456   -0.7916   -0.5595
   -0.2523    0.5051   -0.8253
...    54 G-C ...
  -92.6050  -58.2508  -27.3283
    0.9509   -0.1574   -0.2665
   -0.2750   -0.8249   -0.4940
   -0.1421    0.5430   -0.8276
...    55 T-A ...
  -92.6767  -56.0140  -29.7400
    0.6902   -0.5634   -0.4541
   -0.7159   -0.6230   -0.3152
   -0.1053    0.5427   -0.8333
...    56 A-T ...
  -92.9976  -54.2771  -32.5367
    0.1646   -0.8312   -0.5310
   -0.9837   -0.1777   -0.0267
   -0.0722    0.5267   -0.8470
...    57 T-A ...
  -92.5189  -52.5727  -35.3257
   -0.3461   -0.8000   -0.4902
   -0.9359    0.2577    0.2402
   -0.0658    0.5419   -0.8379
...    58 C-G ...
  -92.6411  -50.8917  -38.1245
   -0.8190   -0.5141   -0.2549
   -0.5689    0.6698    0.4772
   -0.0746    0.5358   -0.8410
...    59 T-A ...
  -92.8720  -49.4309  -41.0685
   -0.9896   -0.1308    0.0595
   -0.0782    0.8379    0.5402
   -0.1205    0.5300   -0.8394
...    60 C-G ...
  -93.3042  -47.8013  -43.8561
   -0.8551    0.3451    0.3868
    0.4962    0.7608    0.4183
   -0.1500    0.5497   -0.8218
...    61 G-C ...
  -93.6373  -45.7285  -46.4016
   -0.4437    0.6074    0.6589
    0.8691    0.4710    0.1511
   -0.2185    0.6397   -0.7369
...    62 A-T ...
  -94.4796  -43.6679  -48.7516
    0.1251    0.7225    0.6799
    0.9683    0.0605   -0.2424
   -0.2163    0.6887   -0.6920
...    63 G-C ...
  -95.4838  -41.2782  -50.7576
    0.5998    0.5912    0.5391
    0.7814   -0.2878   -0.5537
   -0.1722    0.7534   -0.6346
...    64 C-G ...
  -96.2210  -38.5434  -52.3941
    0.9264    0.3061    0.2192
    0.3570   -0.5296   -0.7695
   -0.1194    0.7911   -0.5999
...    65 T-A ...
  -96.4826  -35.6847  -53.9861
    0.9883   -0.0548   -0.1425
   -0.1478   -0.5761   -0.8039
   -0.0381    0.8155   -0.5775
...    66 C-G ...
  -96.3692  -32.9781  -55.7791
    0.7368   -0.3974   -0.5470
   -0.6761   -0.4205   -0.6051
    0.0105    0.8156   -0.5785
...    67 G-C ...
  -96.4377  -30.5190  -57.9798
    0.2590   -0.6356   -0.7273
   -0.9617   -0.1001   -0.2550
    0.0893    0.7655   -0.6372
...    68 G-C ...
  -95.7509  -28.0797  -60.1915
   -0.2880   -0.6421   -0.7104
   -0.9523    0.2698    0.1422
    0.1004    0.7175   -0.6892
...    69 G-C ...
  -95.1660  -25.8795  -62.6640
   -0.7504   -0.4488   -0.4852
   -0.6576    0.5802    0.4805
    0.0659    0.6797   -0.7306
...    70 A-T ...
  -94.8632  -23.7372  -65.1053
   -0.9927   -0.0515   -0.1092
   -0.1121    0.7292    0.6751
    0.0448    0.6824   -0.7296
...    71 T-A ...
  -94.8172  -22.0311  -67.9206
   -0.9192    0.3153    0.2360
    0.3907    0.6536    0.6482
    0.0501    0.6880   -0.7240
...    72 C-G ...
  -94.7640  -19.8410  -70.3293
   -0.5402    0.5974    0.5927
    0.8410    0.3588    0.4049
    0.0292    0.7172   -0.6963
...    73 T-A ...
  -95.0689  -17.4561  -72.5700
   -0.0558    0.6350    0.7705
    0.9983    0.0233    0.0531
    0.0158    0.7722   -0.6352
...    74 C-G ...
  -95.1417  -14.8637  -74.5156
    0.5057    0.4891    0.7107
    0.8619   -0.3229   -0.3911
    0.0382    0.8103   -0.5848
...    75 A-T ...
  -94.9803  -12.0466  -76.2760
    0.8668    0.1282    0.4818
    0.4779   -0.4894   -0.7295
    0.1423    0.8626   -0.4855
...    76 T-A ...
  -94.6618   -8.9356  -77.2337
    0.9859   -0.1454    0.0824
    0.0026   -0.4799   -0.8773
    0.1671    0.8652   -0.4727
...    77 G-C ...
  -93.7866   -6.1549  -78.8091
    0.8086   -0.4808   -0.3392
   -0.5103   -0.2863   -0.8109
    0.2928    0.8288   -0.4768
...    78 T-A ...
  -92.3569   -3.4034  -79.9113
    0.4353   -0.5827   -0.6863
   -0.8407    0.0096   -0.5414
    0.3221    0.8126   -0.4857
...    79 T-A ...
  -90.9986   -0.8176  -81.3278
   -0.0950   -0.4659   -0.8797
   -0.9390    0.3353   -0.0762
    0.3304    0.8189   -0.4693
...    80 A-T ...
  -90.0623    1.9623  -82.8715
   -0.6256   -0.1923   -0.7560
   -0.7064    0.5510    0.4444
    0.3311    0.8121   -0.4806
...    81 T-A ...
  -88.6165    4.1769  -84.8442
   -0.8891    0.1161   -0.4427
   -0.3058    0.5690    0.7634
    0.3405    0.8141   -0.4704
...    82 A-T ...
  -87.5346    6.9349  -86.3177
   -0.9168    0.3896    0.0881
    0.2541    0.3987    0.8812
    0.3081    0.8302   -0.4645
...    83 A-T ...
  -86.7091    9.5418  -88.0585
   -0.6295    0.5409    0.5578
    0.7100    0.1088    0.6957
    0.3157    0.8340   -0.4526
...    84 C-G ...
  -86.2568   12.2907  -89.7919
   -0.2064    0.4853    0.8496
    0.9292   -0.1749    0.3256
    0.3067    0.8567   -0.4148
...    85 G-C ...
  -85.0156   15.1125  -90.9755
    0.2543    0.1855    0.9492
    0.9083   -0.3829   -0.1685
    0.3322    0.9050   -0.2658
...    86 G-C ...
  -84.2023   18.3404  -91.4840
    0.6367   -0.1407    0.7582
    0.6665   -0.3942   -0.6328
    0.3879    0.9082   -0.1572
...    87 A-T ...
  -82.9413   21.3109  -91.7887
    0.8735   -0.3922    0.2885
    0.2125   -0.2259   -0.9507
    0.4381    0.8917   -0.1140
...    88 C-G ...
  -81.4510   24.2164  -91.4752
    0.8447   -0.4894   -0.2167
   -0.2355    0.0238   -0.9716
    0.4807    0.8717   -0.0951
...    89 G-C ...
  -79.7377   26.9590  -92.1585
    0.5341   -0.4929   -0.6869
   -0.6097    0.3382   -0.7168
    0.5857    0.8016   -0.1199
...    90 C-G ...
  -77.4435   29.3062  -92.4364
    0.1106   -0.2643   -0.9581
   -0.7821    0.5716   -0.2480
    0.6132    0.7768   -0.1435
...    91 T-A ...
  -75.1503   31.6003  -93.0307
   -0.3240    0.0388   -0.9453
   -0.7122    0.6477    0.2707
    0.6228    0.7609   -0.1822
...    92 T-A ...
  -72.8909   33.8337  -93.7350
   -0.6447    0.4218   -0.6376
   -0.4158    0.5064    0.7554
    0.6415    0.7521   -0.1511
...    93 T-A ...
  -70.6920   36.1080  -94.4866
   -0.7519    0.6499   -0.1112
    0.0022    0.1711    0.9852
    0.6593    0.7405   -0.1301
...    94 A-T ...
  -68.5545   38.6014  -94.8918
   -0.6617    0.5860    0.4677
    0.4194   -0.2278    0.8788
    0.6215    0.7776   -0.0950
...    95 A-T ...
  -66.7397   41.2365  -95.3728
   -0.3418    0.3499    0.8722
    0.7042   -0.5192    0.4843
    0.6223    0.7798   -0.0690
...    96 C-G ...
  -65.2447   44.1272  -95.6739
    0.0159    0.0005    0.9999
    0.7838   -0.6209   -0.0122
    0.6209    0.7839   -0.0103
...    97 A-T ...
  -63.2481   46.7930  -95.5110
    0.3187   -0.4443    0.8373
    0.6893   -0.4977   -0.5264
    0.6506    0.7450    0.1476
...    98 C-G ...
  -61.5224   49.3653  -94.4877
    0.5770   -0.6761    0.4583
    0.4607   -0.1939   -0.8661
    0.6744    0.7108    0.1996
...    99 T-A ...
  -59.3432   51.5511  -93.3813
    0.6702   -0.7406   -0.0493
    0.1525    0.2024   -0.9674
    0.7264    0.6408    0.2486
...   100 T-A ...
  -56.9825   53.4678  -92.2749
    0.6395   -0.5148   -0.5710
   -0.2211    0.5882   -0.7779
    0.7364    0.6237    0.2624
...   101 T-A ...
  -54.4837   55.2354  -91.1968
    0.4247   -0.0921   -0.9006
   -0.5274    0.7834   -0.3288
    0.7359    0.6146    0.2841
...   102 A-T ...
  -52.1961   57.4652  -90.2794
    0.0403    0.3986   -0.9163
   -0.6689    0.6920    0.2716
    0.7423    0.6019    0.2945
...   103 T-A ...
  -49.3317   58.9956  -89.6542
   -0.2814    0.7043   -0.6517
   -0.6050    0.3969    0.6902
    0.7448    0.5885    0.3144
...   104 G-C ...
  -47.0472   61.0810  -88.5237
   -0.6227    0.7602   -0.1854
   -0.3475   -0.0564    0.9360
    0.7010    0.6473    0.2993
...   105 C-G ...
  -44.6764   63.2881  -87.9287
   -0.7442    0.5855    0.3215
    0.0245   -0.4571    0.8891
    0.6675    0.6695    0.3259
...   106 T-A ...
  -42.6735   65.7486  -87.0557
   -0.6832    0.2303    0.6930
    0.3873   -0.6902    0.6112
    0.6191    0.6859    0.3824
...   107 T-A ...
  -40.8509   68.1608  -85.9220
   -0.3963   -0.2030    0.8954
    0.6887   -0.7107    0.1436
    0.6072    0.6735    0.4214
...   108 C-G ...
  -39.0282   70.3878  -84.4460
   -0.0008   -0.6126    0.7904
    0.8017   -0.4728   -0.3656
    0.5977    0.6334    0.4915
...   109 C-G ...
  -37.3819   72.4844  -82.3985
    0.3233   -0.8424    0.4310
    0.7168   -0.0793   -0.6928
    0.6178    0.5329    0.5782
...   110 G-C ...
  -35.0720   73.9118  -80.5206
    0.5492   -0.8320   -0.0792
    0.5004    0.4032   -0.7662
    0.6694    0.3812    0.6377
...   111 G-C ...
  -32.7930   74.6305  -78.1497
    0.6672   -0.5353   -0.5179
    0.1941    0.7963   -0.5729
    0.7191    0.2817    0.6352
...   112 C-G ...
  -30.3165   75.0490  -76.0153
    0.6475   -0.0384   -0.7611
   -0.1585    0.9701   -0.1837
    0.7454    0.2396    0.6221
...   113 T-A ...
  -27.6763   75.4870  -74.0832
    0.4578    0.4613   -0.7600
   -0.4414    0.8600    0.2561
    0.7717    0.2182    0.5974
...   114 C-G ...
  -25.0489   76.1380  -72.2334
    0.1223    0.8780   -0.4628
   -0.6229    0.4309    0.6530
    0.7727    0.2084    0.5996
...   115 G-C ...
  -22.8246   76.8993  -69.9014
   -0.2929    0.9538   -0.0666
   -0.5951   -0.1273    0.7935
    0.7484    0.2721    0.6049
...   116 T-A ...
  -20.0779   78.0077  -68.4034
   -0.5707    0.7508    0.3326
   -0.3799   -0.6005    0.7036
    0.7280    0.2752    0.6279
...   117 A-T ...
  -17.7046   79.0757  -66.3602
   -0.7565    0.2778    0.5920
   -0.0166   -0.9131    0.4074
    0.6537    0.2984    0.6954
...   118 T-A ...
  -15.7630   80.6673  -64.2703
   -0.6932   -0.2069    0.6904
    0.3453   -0.9361    0.0661
    0.6326    0.2843    0.7204
...   119 A-T ...
  -14.2342   82.0413  -61.6140
   -0.5787   -0.6736    0.4598
    0.6527   -0.7205   -0.2342
    0.4891    0.1646    0.8566
...   120 A-T ...
  -12.9478   82.6006  -58.7208
   -0.1828   -0.9608    0.2083
    0.8708   -0.2566   -0.4193
    0.4563    0.1047    0.8836
...   121 T-A ...
  -12.1198   82.8788  -55.5853
    0.2361   -0.9703   -0.0528
    0.8623    0.2343   -0.4490
    0.4480    0.0604    0.8920
...   122 G-C ...
  -10.5120   82.6904  -52.6924
    0.5972   -0.6983   -0.3946
    0.6398    0.7114   -0.2907
    0.4837   -0.0789    0.8717
...   123 T-A ...
   -9.2162   81.8267  -49.7966
    0.8274   -0.2439   -0.5059
    0.2687    0.9629   -0.0248
    0.4932   -0.1154    0.8622
...   124 G-C ...
   -7.3662   81.6429  -47.0770
    0.8084    0.3450   -0.4769
   -0.2156    0.9275    0.3055
    0.5477   -0.1441    0.8242
...   125 T-A ...
   -5.3181   80.6512  -44.6412
    0.5876    0.7717   -0.2435
   -0.5984    0.6170    0.5111
    0.5446   -0.1546    0.8243
...   126 C-G ...
   -3.4327   80.0912  -42.0149
    0.1334    0.9852    0.1078
   -0.8346    0.0530    0.5483
    0.5345   -0.1631    0.8293
...   127 G-C ...
   -2.0865   79.3714  -39.0788
   -0.3871    0.8657    0.3173
   -0.7874   -0.4894    0.3748
    0.4798   -0.1047    0.8711
...   128 A-T ...
   -0.3954   79.0011  -36.3257
   -0.7850    0.4440    0.4320
   -0.4453   -0.8892    0.1046
    0.4306   -0.1103    0.8958
...   129 C-G ...
    1.0736   79.2476  -33.4217
   -0.9265   -0.0466    0.3733
   -0.0029   -0.9914   -0.1311
    0.3762   -0.1226    0.9184
...   130 C-G ...
    2.1578   79.2534  -30.2330
   -0.8501   -0.5122    0.1221
    0.4615   -0.8365   -0.2955
    0.2535   -0.1949    0.9475
...   131 A-T ...
    2.6850   78.6085  -26.9962
   -0.5356   -0.8159   -0.2177
    0.8372   -0.4793   -0.2632
    0.1104   -0.3233    0.9398
...   132 A-T ...
    2.6999   77.5099  -23.9740
   -0.0212   -0.9236   -0.3827
    0.9971    0.0083   -0.0751
    0.0725   -0.3832    0.9208
...   133 A-T ...
    2.6303   76.0858  -21.0803
    0.5130   -0.7632   -0.3929
    0.8566    0.4852    0.1758
    0.0564   -0.4267    0.9026
...   134 T-A ...
    2.3075   74.2307  -18.3903
    0.8657   -0.4293   -0.2574
    0.4984    0.7868    0.3641
    0.0462   -0.4435    0.8951
...   135 G-C ...
    1.4354   72.0970  -15.6051
    0.9809    0.0621    0.1843
   -0.1263    0.9241    0.3607
   -0.1479   -0.3771    0.9143
...   136 T-A ...
    0.5279   69.2393  -13.4690
    0.7351    0.4963    0.4618
   -0.6117    0.7792    0.1365
   -0.2921   -0.3828    0.8764
...   137 G-C ...
   -0.1659   67.4105  -10.8096
    0.1800    0.8794    0.4408
   -0.9276    0.3008   -0.2214
   -0.3274   -0.3691    0.8698
...   138 A-T ...
   -0.1322   66.2179   -7.8217
   -0.3749    0.8570    0.3536
   -0.8857   -0.2184   -0.4098
   -0.2739   -0.4668    0.8409
...   139 G-C ...
   -1.0069   65.6074   -4.9425
   -0.8336    0.5218    0.1811
   -0.5170   -0.6220   -0.5881
   -0.1942   -0.5839    0.7883
...   140 C-G ...
   -0.6975   63.9003   -2.2529
   -0.9992    0.0157   -0.0376
    0.0023   -0.8993   -0.4374
   -0.0406   -0.4371    0.8985
...   141 G-C ...
   -3.4383   60.2385    1.0283
   -0.4425    0.2285   -0.8672
    0.1683   -0.9287   -0.3306
   -0.8808   -0.2922    0.3725
...   142 C-G ...
   -6.3289   59.0833    1.6292
   -0.2970   -0.3280   -0.8968
    0.5656   -0.8171    0.1115
   -0.7693   -0.4741    0.4282
...   143 T-A ...
   -8.6769   58.7242    3.6023
   -0.0347   -0.7817   -0.6227
    0.6533   -0.4893    0.5778
   -0.7563   -0.3868    0.5276
...   144 C-G ...
  -11.6545   58.0113    4.7192
    0.2451   -0.9542   -0.1716
    0.6322    0.0231    0.7745
   -0.7350   -0.2983    0.6089
...   145 A-T ...
  -14.1761   56.5668    6.1806
    0.5795   -0.7268    0.3687
    0.3139    0.6165    0.7220
   -0.7521   -0.3027    0.5855
...   146 C-G ...
  -16.4652   53.8949    7.5152
    0.5336   -0.3331    0.7774
   -0.0346    0.9098    0.4136
   -0.8450   -0.2476    0.4739
...   147 A-T ...
  -19.0173   52.0374    8.9259
    0.2452    0.2907    0.9249
   -0.3073    0.9281   -0.2103
   -0.9195   -0.2327    0.3169
