  147 base-pairs
...     1 A-T ...
    0.0000    0.0000    0.0000
    1.0000    0.0000    0.0000
    0.0000    1.0000    0.0000
    0.0000    0.0000    1.0000
...     2 G-C ...
   -0.1404   -1.2353    3.2259
    0.7530    0.6366    0.1668
   -0.6385    0.7681   -0.0490
   -0.1593   -0.0696    0.9848
...     3 T-A ...
   -0.0377   -3.2918    6.3749
    0.2722    0.9302    0.2464
   -0.9238    0.3243   -0.2034
   -0.2691   -0.1722    0.9476
...     4 G-C ...
   -0.3520   -4.1638    9.4928
   -0.3756    0.9250    0.0576
   -0.8780   -0.3352   -0.3416
   -0.2967   -0.1788    0.9381
...     5 A-T ...
   -0.4480   -4.1448   12.7498
   -0.8116    0.5839   -0.0166
   -0.5522   -0.7762   -0.3042
   -0.1905   -0.2377    0.9525
...     6 G-C ...
   -1.5926   -4.1701   15.6201
   -0.9976    0.0246   -0.0651
   -0.0043   -0.9555   -0.2950
   -0.0694   -0.2940    0.9533
...     7 C-G ...
   -1.1050   -4.4793   18.7363
   -0.8442   -0.5302   -0.0787
    0.5343   -0.8442   -0.0430
   -0.0437   -0.0784    0.9960
...     8 G-C ...
   -2.4044   -7.7255   23.1483
   -0.2753   -0.3294   -0.9032
    0.6650   -0.7437    0.0686
   -0.6943   -0.5817    0.4238
...     9 C-G ...
   -4.4706   -9.9691   24.1142
    0.1145   -0.7026   -0.7023
    0.8512   -0.2951    0.4341
   -0.5123   -0.6475    0.5642
...    10 T-A ...
   -6.7420  -10.8705   25.9717
    0.4841   -0.8363   -0.2573
    0.6594    0.1554    0.7356
   -0.5752   -0.5257    0.6267
...    11 C-G ...
   -9.1682  -12.6167   27.1662
    0.7073   -0.6683    0.2306
    0.3450    0.6110    0.7125
   -0.6170   -0.4243    0.6627
...    12 A-T ...
  -10.9253  -14.6583   29.0713
    0.7515   -0.1377    0.6452
   -0.2027    0.8824    0.4245
   -0.6278   -0.4498    0.6352
...    13 C-G ...
  -11.8495  -17.4796   31.2472
    0.4294    0.2824    0.8578
   -0.5708    0.8209    0.0155
   -0.6998   -0.4963    0.5137
...    14 A-T ...
  -13.5915  -19.7756   33.4284
   -0.1503    0.6106    0.7775
   -0.6874    0.5007   -0.5261
   -0.7106   -0.6135    0.3445
...    15 A-T ...
  -15.7720  -21.8947   34.5173
   -0.4889    0.8002    0.3475
   -0.4618    0.1006   -0.8813
   -0.7401   -0.5913    0.3203
...    16 T-A ...
  -17.9364  -23.8090   36.2749
   -0.6799    0.7163   -0.1573
   -0.1193   -0.3196   -0.9400
   -0.7236   -0.6203    0.3028
...    17 T-A ...
  -20.3177  -25.6571   37.6156
   -0.6344    0.3913   -0.6667
    0.3061   -0.6648   -0.6814
   -0.7098   -0.6364    0.3020
...    18 T-A ...
  -22.7161  -27.5382   38.5629
   -0.3102    0.0412   -0.9498
    0.5807   -0.7828   -0.2237
   -0.7527   -0.6209    0.2189
...    19 A-T ...
  -25.2757  -29.4437   38.8898
    0.1386   -0.1769   -0.9744
    0.6203   -0.7515    0.2247
   -0.7720   -0.6356    0.0056
...    20 T-A ...
  -28.1836  -30.9594   38.5560
    0.4395   -0.5081   -0.7407
    0.4601   -0.5809    0.6715
   -0.7715   -0.6359   -0.0215
...    21 T-A ...
  -30.8049  -32.8909   38.1595
    0.6263   -0.7371   -0.2538
    0.1215   -0.2293    0.9657
   -0.7701   -0.6357   -0.0541
...    22 C-G ...
  -33.2417  -35.0466   37.8521
    0.6022   -0.7225    0.3396
   -0.2762    0.2106    0.9377
   -0.7490   -0.6585   -0.0728
...    23 G-C ...
  -35.6741  -37.2838   38.3300
    0.4249   -0.4185    0.8027
   -0.6106    0.5222    0.5954
   -0.6683   -0.7431   -0.0336
...    24 C-G ...
  -37.5735  -39.9272   38.0870
    0.0791   -0.0492    0.9957
   -0.7420    0.6641    0.0918
   -0.6658   -0.7460    0.0160
...    25 A-T ...
  -40.0930  -42.0290   37.9008
   -0.3330    0.3582    0.8723
   -0.6438    0.5895   -0.4879
   -0.6890   -0.7240    0.0343
...    26 A-T ...
  -42.2290  -44.5066   38.1873
   -0.6441    0.6143    0.4559
   -0.3387    0.3053   -0.8900
   -0.6859   -0.7276    0.0115
...    27 A-T ...
  -44.3416  -46.9536   38.5691
   -0.7304    0.6708   -0.1285
    0.1073   -0.0731   -0.9915
   -0.6745   -0.7380   -0.0185
...    28 G-C ...
  -46.8380  -49.1726   38.9380
   -0.5140    0.5973   -0.6157
    0.4535   -0.4200   -0.7861
   -0.7281   -0.6833   -0.0549
...    29 G-C ...
  -49.7121  -51.0985   38.8489
   -0.0979    0.3741   -0.9222
    0.6462   -0.6809   -0.3447
   -0.7569   -0.6297   -0.1751
...    30 C-G ...
  -52.5138  -52.6212   38.1310
    0.3205    0.0248   -0.9469
    0.5777   -0.7973    0.1747
   -0.7507   -0.6031   -0.2699
...    31 C-G ...
  -55.1556  -54.2915   37.0165
    0.6555   -0.3367   -0.6760
    0.2833   -0.7201    0.6333
   -0.7001   -0.6067   -0.3766
...    32 G-C ...
  -56.9274  -56.3932   35.7329
    0.7855   -0.5707   -0.2394
   -0.1237   -0.5239    0.8428
   -0.6063   -0.6324   -0.4821
...    33 G-C ...
  -58.3016  -58.7776   33.7520
    0.6217   -0.7367    0.2660
   -0.5708   -0.1936    0.7979
   -0.5364   -0.6479   -0.5409
...    34 C-G ...
  -59.6300  -61.0688   31.8399
    0.2190   -0.7145    0.6645
   -0.8376    0.2116    0.5036
   -0.5005   -0.6669   -0.5521
...    35 C-G ...
  -61.0463  -63.6155   30.0995
   -0.2946   -0.4805    0.8261
   -0.8302    0.5568    0.0279
   -0.4734   -0.6776   -0.5629
...    36 C-G ...
  -62.4547  -66.0862   28.3115
   -0.6855   -0.0878    0.7227
   -0.5431    0.7228   -0.4274
   -0.4848   -0.6855   -0.5431
...    37 G-C ...
  -64.1954  -67.5981   25.7188
   -0.8381    0.3720    0.3991
   -0.0485    0.6779   -0.7336
   -0.5434   -0.6341   -0.5501
...    38 A-T ...
  -65.6698  -69.7015   23.9376
   -0.7061    0.7040   -0.0764
    0.4638    0.3781   -0.8012
   -0.5352   -0.6011   -0.5935
...    39 C-G ...
  -67.7899  -71.4659   22.3428
   -0.3393    0.8418   -0.4199
    0.7567   -0.0210   -0.6534
   -0.5589   -0.5394   -0.6299
...    40 A-T ...
  -69.8241  -73.0589   20.2770
    0.1896    0.7791   -0.5976
    0.8083   -0.4693   -0.3554
   -0.5573   -0.4157   -0.7188
...    41 C-G ...
  -71.8388  -73.7984   17.8571
    0.6100    0.4901   -0.6227
    0.6026   -0.7972   -0.0371
   -0.5145   -0.3526   -0.7816
...    42 G-C ...
  -73.1569  -75.2082   15.1454
    0.8935    0.0069   -0.4490
    0.1287   -0.9619    0.2412
   -0.4302   -0.2733   -0.8604
...    43 A-T ...
  -74.4660  -75.9939   12.3688
    0.8072   -0.5465   -0.2231
   -0.4155   -0.7945    0.4429
   -0.4193   -0.2648   -0.8684
...    44 C-G ...
  -75.3888  -76.3617    9.2081
    0.4933   -0.8669    0.0721
   -0.7867   -0.4093    0.4621
   -0.3711   -0.2846   -0.8839
...    45 T-A ...
  -75.9080  -77.3623    5.7324
   -0.0195   -0.9553    0.2951
   -0.9349    0.1220    0.3333
   -0.3544   -0.2694   -0.8954
...    46 T-A ...
  -76.4883  -78.1863    2.5953
   -0.4962   -0.7855    0.3698
   -0.7995    0.5795    0.1580
   -0.3384   -0.2173   -0.9156
...    47 A-T ...
  -77.7525  -78.6054   -0.4797
   -0.8867   -0.2676    0.3770
   -0.3219    0.9427   -0.0879
   -0.3319   -0.1993   -0.9220
...    48 C-G ...
  -78.7527  -79.8946   -3.3821
   -0.9203    0.2649    0.2879
    0.1914    0.9467   -0.2592
   -0.3412   -0.1834   -0.9219
...    49 T-A ...
  -80.1884  -80.8057   -6.2780
   -0.6556    0.7315    0.1874
    0.6403    0.6701   -0.3756
   -0.4004   -0.1263   -0.9076
...    50 G-C ...
  -81.7391  -80.9149   -9.2806
   -0.1454    0.9841    0.1023
    0.8910    0.1752   -0.4189
   -0.4302    0.0302   -0.9022
...    51 T-A ...
  -83.6077  -80.7131  -11.8630
    0.3135    0.9495   -0.0142
    0.8580   -0.2896   -0.4242
   -0.4069    0.1208   -0.9054
...    52 A-T ...
  -85.4669  -79.1750  -14.3442
    0.7544    0.6539    0.0575
    0.6089   -0.6643   -0.4336
   -0.2453    0.3621   -0.8993
...    53 G-C ...
  -86.5097  -77.6432  -16.9763
    0.9726    0.2285   -0.0433
    0.1850   -0.8730   -0.4513
   -0.1409    0.4309   -0.8913
...    54 G-C ...
  -86.7850  -75.1882  -19.7178
    0.9392   -0.2843   -0.1925
   -0.3401   -0.8469   -0.4088
   -0.0468    0.4494   -0.8921
...    55 T-A ...
  -86.4466  -73.4064  -22.4452
    0.6435   -0.6738   -0.3632
   -0.7653   -0.5762   -0.2871
   -0.0159    0.4627   -0.8864
...    56 A-T ...
  -85.8782  -71.7246  -25.3471
    0.1068   -0.8954   -0.4322
   -0.9938   -0.0827   -0.0742
    0.0307    0.4374   -0.8987
...    57 T-A ...
  -84.9923  -70.3011  -28.2097
   -0.3973   -0.8041   -0.4422
   -0.9169    0.3683    0.1541
    0.0390    0.4666   -0.8836
...    58 C-G ...
  -84.6503  -68.9710  -31.2786
   -0.8679   -0.4151   -0.2728
   -0.4951    0.7666    0.4089
    0.0394    0.4899   -0.8709
...    59 T-A ...
  -84.5722  -67.6459  -34.3356
   -0.9998    0.0076    0.0196
    0.0162    0.8700    0.4928
   -0.0133    0.4931   -0.8699
...    60 C-G ...
  -84.6675  -66.0034  -37.2281
   -0.8176    0.4723    0.3293
    0.5741    0.7123    0.4037
   -0.0439    0.5192   -0.8535
...    61 G-C ...
  -84.6390  -63.9000  -39.7131
   -0.4377    0.6319    0.6396
    0.8882    0.4143    0.1986
   -0.1395    0.6550   -0.7426
...    62 A-T ...
  -84.9418  -61.8068  -42.1765
    0.1213    0.6908    0.7128
    0.9870   -0.0080   -0.1602
   -0.1049    0.7230   -0.6828
...    63 G-C ...
  -85.5841  -59.1597  -44.0613
    0.5984    0.5333    0.5979
    0.7980   -0.3296   -0.5045
   -0.0720    0.7790   -0.6228
...    64 C-G ...
  -86.0532  -56.2324  -45.6871
    0.9435    0.2114    0.2553
    0.3307   -0.5484   -0.7681
   -0.0223    0.8091   -0.5873
...    65 T-A ...
  -86.1678  -53.3398  -47.2669
    0.9821   -0.1388   -0.1273
   -0.1834   -0.5510   -0.8141
    0.0428    0.8229   -0.5666
...    66 C-G ...
  -85.7304  -50.8178  -49.2550
    0.7142   -0.4540   -0.5327
   -0.6891   -0.3232   -0.6486
    0.1223    0.8303   -0.5437
...    67 G-C ...
  -85.8037  -48.4182  -51.6209
    0.2229   -0.6033   -0.7657
   -0.9573    0.0127   -0.2887
    0.1839    0.7974   -0.5747
...    68 G-C ...
  -84.9513  -45.8180  -53.5263
   -0.3264   -0.5429   -0.7738
   -0.9304    0.3287    0.1619
    0.1664    0.7728   -0.6124
...    69 G-C ...
  -84.2184  -43.4121  -55.7261
   -0.7811   -0.3551   -0.5137
   -0.6140    0.5867    0.5280
    0.1138    0.7278   -0.6763
...    70 A-T ...
  -83.6837  -41.1731  -58.1188
   -0.9932    0.0504   -0.1053
   -0.0428    0.6823    0.7299
    0.1086    0.7294   -0.6754
...    71 T-A ...
  -83.4974  -39.2029  -60.7654
   -0.8795    0.3758    0.2918
    0.4666    0.5609    0.6839
    0.0934    0.7377   -0.6686
...    72 C-G ...
  -83.4190  -36.8297  -63.0502
   -0.4535    0.6086    0.6511
    0.8870    0.2371    0.3962
    0.0868    0.7573   -0.6473
...    73 C-G ...
  -83.2741  -34.4471  -65.3057
    0.0351    0.5350    0.8441
    0.9945   -0.1018    0.0232
    0.0984    0.8387   -0.5357
...    74 G-C ...
  -82.4959  -31.6759  -66.8816
    0.5134    0.2621    0.8171
    0.8441   -0.3257   -0.4258
    0.1545    0.9084   -0.3885
...    75 C-G ...
  -82.2862  -28.3509  -67.7880
    0.8927    0.0061    0.4506
    0.4142   -0.4050   -0.8151
    0.1775    0.9143   -0.3640
...    76 T-A ...
  -81.4602  -25.0719  -68.4525
    0.9679   -0.2445   -0.0579
   -0.1304   -0.2921   -0.9474
    0.2147    0.9246   -0.3146
...    77 T-A ...
  -80.5734  -22.0069  -69.0802
    0.7304   -0.3525   -0.5850
   -0.6508   -0.0992   -0.7527
    0.2073    0.9305   -0.3019
...    78 T-A ...
  -79.6693  -18.9954  -69.8469
    0.2517   -0.3461   -0.9038
   -0.9449    0.1142   -0.3069
    0.2094    0.9312   -0.2982
...    79 A-T ...
  -79.4081  -15.8697  -70.8180
   -0.3223   -0.2047   -0.9243
   -0.9218    0.2902    0.2571
    0.2156    0.9348   -0.2822
...    80 A-T ...
  -78.5615  -12.9698  -71.8028
   -0.7653   -0.0270   -0.6431
   -0.6104    0.3477    0.7117
    0.2044    0.9372   -0.2825
...    81 C-G ...
  -77.6803  -10.1297  -73.3241
   -0.9714    0.1469   -0.1865
   -0.1330    0.3141    0.9400
    0.1967    0.9380   -0.2855
...    82 A-T ...
  -77.1688   -7.0469  -74.3818
   -0.9005    0.2143    0.3784
    0.4185    0.1900    0.8882
    0.1185    0.9581   -0.2608
...    83 C-G ...
  -77.3365   -3.9511  -75.6872
   -0.5752    0.2515    0.7784
    0.8117    0.0570    0.5813
    0.1018    0.9662   -0.2369
...    84 T-A ...
  -77.7394   -0.4722  -76.5620
   -0.0596    0.1945    0.9791
    0.9927   -0.0916    0.0786
    0.1050    0.9766   -0.1876
...    85 T-A ...
  -77.8134    2.7358  -77.0287
    0.4989    0.1047    0.8603
    0.8591   -0.1902   -0.4751
    0.1139    0.9762   -0.1848
...    86 T-A ...
  -77.6065    5.9237  -77.4361
    0.8795   -0.0524    0.4730
    0.4534   -0.2095   -0.8663
    0.1445    0.9764   -0.1605
...    87 A-T ...
  -76.9200    9.0835  -77.9157
    0.9621   -0.2727   -0.0090
   -0.0456   -0.1280   -0.9907
    0.2690    0.9535   -0.1355
...    88 T-A ...
  -75.8755   12.1396  -77.5917
    0.8228   -0.3483   -0.4491
   -0.4680    0.0334   -0.8831
    0.3226    0.9368   -0.1355
...    89 G-C ...
  -74.4701   15.1363  -77.9796
    0.3435   -0.3497   -0.8716
   -0.8512    0.2761   -0.4463
    0.3967    0.8952   -0.2029
...    90 C-G ...
  -72.7711   17.8194  -78.8332
   -0.1837   -0.1818   -0.9660
   -0.8987    0.4292    0.0901
    0.3982    0.8847   -0.2422
...    91 T-A ...
  -71.1267   20.5521  -80.1643
   -0.6510    0.0849   -0.7543
   -0.6238    0.5064    0.5953
    0.4325    0.8581   -0.2767
...    92 T-A ...
  -69.6396   23.1790  -81.2539
   -0.8941    0.3354   -0.2966
   -0.1604    0.3784    0.9116
    0.4180    0.8627   -0.2845
...    93 C-G ...
  -68.2718   26.0700  -82.3857
   -0.8158    0.4955    0.2984
    0.3971    0.1047    0.9118
    0.4205    0.8623   -0.2821
...    94 T-A ...
  -67.2051   29.0234  -83.4982
   -0.5308    0.4252    0.7331
    0.7534   -0.1595    0.6380
    0.3882    0.8910   -0.2357
...    95 C-G ...
  -66.1341   32.0088  -84.2487
   -0.0721    0.2334    0.9697
    0.9151   -0.3712    0.1574
    0.3967    0.8987   -0.1868
...    96 A-T ...
  -65.2281   35.2239  -84.9443
    0.3458   -0.1073    0.9321
    0.8494   -0.3862   -0.3596
    0.3986    0.9161   -0.0424
...    97 T-A ...
  -64.2762   38.2909  -84.7146
    0.6750   -0.3398    0.6549
    0.5934   -0.2774   -0.7556
    0.4384    0.8987    0.0144
...    98 G-C ...
  -62.7026   41.3420  -84.2007
    0.8189   -0.5565    0.1401
    0.1551   -0.0204   -0.9877
    0.5525    0.8306    0.0697
...    99 T-A ...
  -60.8276   43.9090  -83.2515
    0.7671   -0.5246   -0.3693
   -0.2556    0.2781   -0.9259
    0.5885    0.8046    0.0793
...   100 T-A ...
  -58.8108   46.3049  -82.8478
    0.5069   -0.3281   -0.7971
   -0.5927    0.5387   -0.5987
    0.6259    0.7760    0.0786
...   101 A-T ...
  -56.8276   48.9743  -82.7760
    0.0611   -0.0064   -0.9981
   -0.7581    0.6502   -0.0506
    0.6492    0.7598    0.0349
...   102 T-A ...
  -54.2292   50.8981  -82.7710
   -0.2895    0.3330   -0.8974
   -0.6916    0.5753    0.4366
    0.6617    0.7471    0.0638
...   103 A-T ...
  -52.1415   53.5111  -82.3734
   -0.6332    0.6178   -0.4661
   -0.3806    0.2758    0.8826
    0.6739    0.7363    0.0605
...   104 A-T ...
  -49.9415   55.8281  -82.3413
   -0.7289    0.6791    0.0867
    0.0018   -0.1248    0.9922
    0.6846    0.7234    0.0897
...   105 C-G ...
  -47.7623   58.4523  -82.7432
   -0.6204    0.5089    0.5967
    0.3696   -0.4814    0.7948
    0.6918    0.7136    0.1106
...   106 G-C ...
  -45.5527   60.6583  -81.9129
   -0.4659    0.0632    0.8825
    0.6308   -0.6757    0.3814
    0.6205    0.7344    0.2750
...   107 G-C ...
  -43.8581   63.2148  -80.7602
   -0.1688   -0.3654    0.9154
    0.7988   -0.5948   -0.0902
    0.5774    0.7160    0.3923
...   108 A-T ...
  -42.1880   65.5045  -79.2300
    0.2541   -0.6913    0.6764
    0.7780   -0.2694   -0.5676
    0.5746    0.6704    0.4694
...   109 C-G ...
  -40.7394   67.5509  -77.0962
    0.5863   -0.7509    0.3041
    0.5795    0.1265   -0.8051
    0.5661    0.6482    0.5093
...   110 G-C ...
  -38.4176   69.2996  -75.6584
    0.6689   -0.7080   -0.2265
    0.2772    0.5203   -0.8077
    0.6897    0.4775    0.5443
...   111 G-C ...
  -35.7511   70.2288  -73.8407
    0.6692   -0.3571   -0.6517
   -0.0601    0.8481   -0.5264
    0.7407    0.3914    0.5461
...   112 C-G ...
  -32.9690   70.8836  -72.0758
    0.5166    0.1374   -0.8451
   -0.3796    0.9215   -0.0823
    0.7675    0.3633    0.5282
...   113 T-A ...
  -30.3356   71.8430  -70.3884
    0.2541    0.5913   -0.7654
   -0.5693    0.7312    0.3759
    0.7819    0.3402    0.5224
...   114 C-G ...
  -27.8553   73.1675  -68.7226
   -0.1204    0.9017   -0.4152
   -0.5952    0.2691    0.7571
    0.7945    0.3383    0.5043
...   115 G-C ...
  -25.5439   74.2672  -66.6784
   -0.4657    0.8827    0.0625
   -0.4417   -0.2931    0.8479
    0.7668    0.3673    0.5264
...   116 T-A ...
  -23.0701   75.9346  -65.3264
   -0.6578    0.5915    0.4662
   -0.1487   -0.7088    0.6895
    0.7383    0.3843    0.5543
...   117 A-T ...
  -20.6944   77.8492  -63.7245
   -0.7102    0.0769    0.6998
    0.2318   -0.9131    0.3355
    0.6648    0.4005    0.6306
...   118 T-A ...
  -18.9124   79.7477  -61.8517
   -0.5288   -0.3687    0.7645
    0.5279   -0.8482   -0.0440
    0.6646    0.3803    0.6432
...   119 A-T ...
  -16.9892   80.9219  -59.5583
   -0.3607   -0.7730    0.5219
    0.7364   -0.5794   -0.3492
    0.5723    0.2584    0.7782
...   120 A-T ...
  -15.4510   81.7117  -56.8393
    0.0253   -0.9841    0.1758
    0.8343   -0.0761   -0.5460
    0.5507    0.1605    0.8191
...   121 T-A ...
  -14.2183   82.0761  -53.7966
    0.4141   -0.8996   -0.1387
    0.7297    0.4192   -0.5402
    0.5441    0.1225    0.8300
...   122 G-C ...
  -12.4516   82.0038  -50.8747
    0.6788   -0.5374   -0.5005
    0.4265    0.8433   -0.3271
    0.5978    0.0086    0.8016
...   123 T-A ...
  -10.5255   81.3997  -48.3473
    0.7989   -0.0803   -0.5961
    0.0868    0.9961   -0.0179
    0.5952   -0.0374    0.8027
...   124 G-C ...
   -8.4330   81.1410  -45.8443
    0.6935    0.4908   -0.5274
   -0.3418    0.8686    0.3589
    0.6343   -0.0686    0.7701
...   125 T-A ...
   -6.1562   80.4494  -43.6253
    0.4215    0.8633   -0.2777
   -0.6406    0.5002    0.5826
    0.6419   -0.0677    0.7638
...   126 C-G ...
   -4.0691   80.2388  -41.2705
   -0.0116    0.9920    0.1253
   -0.7654   -0.0895    0.6374
    0.6435   -0.0885    0.7603
...   127 G-C ...
   -2.4868   79.8007  -38.5106
   -0.4438    0.8275    0.3439
   -0.6872   -0.5605    0.4622
    0.5752   -0.0312    0.8174
...   128 A-T ...
   -0.5461   79.5167  -36.0877
   -0.7640    0.3710    0.5279
   -0.3493   -0.9257    0.1451
    0.5425   -0.0735    0.8368
...   129 C-G ...
    1.2360   79.9971  -33.3679
   -0.8668   -0.1460    0.4767
    0.0817   -0.9848   -0.1532
    0.4919   -0.0938    0.8656
...   130 C-G ...
    2.2217   80.1878  -30.0940
   -0.7996   -0.5674    0.1965
    0.4888   -0.8051   -0.3360
    0.3489   -0.1726    0.9211
...   131 A-T ...
    2.6303   79.0214  -26.9810
   -0.5929   -0.7678   -0.2428
    0.7936   -0.5060   -0.3378
    0.1366   -0.3930    0.9094
...   132 A-T ...
    2.7838   77.6579  -24.0294
   -0.0909   -0.8931   -0.4407
    0.9918   -0.0412   -0.1211
    0.0900   -0.4481    0.8895
...   133 A-T ...
    2.6452   76.1268  -21.1126
    0.5033   -0.7658   -0.4004
    0.8615    0.4805    0.1638
    0.0669   -0.4274    0.9016
...   134 T-A ...
    2.3075   74.2307  -18.3902
    0.8657   -0.4293   -0.2574
    0.4984    0.7868    0.3641
    0.0462   -0.4435    0.8951
...   135 G-C ...
    1.4353   72.0970  -15.6049
    0.9809    0.0621    0.1843
   -0.1263    0.9241    0.3607
   -0.1479   -0.3771    0.9143
...   136 T-A ...
    0.5278   69.2393  -13.4688
    0.7351    0.4963    0.4618
   -0.6117    0.7792    0.1365
   -0.2921   -0.3828    0.8764
...   137 G-C ...
   -0.1660   67.4105  -10.8094
    0.1800    0.8794    0.4408
   -0.9276    0.3008   -0.2214
   -0.3274   -0.3691    0.8698
...   138 A-T ...
   -0.1322   66.2180   -7.8216
   -0.3749    0.8570    0.3536
   -0.8857   -0.2184   -0.4098
   -0.2739   -0.4668    0.8409
...   139 G-C ...
   -1.0070   65.6074   -4.9424
   -0.8336    0.5218    0.1811
   -0.5170   -0.6220   -0.5881
   -0.1942   -0.5839    0.7883
...   140 C-G ...
   -0.6975   63.9003   -2.2528
   -0.9992    0.0157   -0.0376
    0.0023   -0.8993   -0.4374
   -0.0406   -0.4371    0.8985
...   141 G-C ...
   -3.4383   60.2385    1.0284
   -0.4425    0.2285   -0.8672
    0.1683   -0.9287   -0.3306
   -0.8808   -0.2922    0.3725
...   142 C-G ...
   -6.3289   59.0834    1.6294
   -0.2970   -0.3280   -0.8968
    0.5656   -0.8171    0.1115
   -0.7693   -0.4741    0.4282
...   143 T-A ...
   -8.6769   58.7243    3.6025
   -0.0347   -0.7817   -0.6227
    0.6533   -0.4893    0.5778
   -0.7563   -0.3868    0.5276
...   144 C-G ...
  -11.6545   58.0114    4.7194
    0.2451   -0.9542   -0.1716
    0.6322    0.0231    0.7745
   -0.7350   -0.2983    0.6089
...   145 A-T ...
  -14.1761   56.5668    6.1807
    0.5795   -0.7268    0.3687
    0.3139    0.6165    0.7220
   -0.7521   -0.3027    0.5855
...   146 C-G ...
  -16.4652   53.8949    7.5153
    0.5336   -0.3331    0.7774
   -0.0346    0.9098    0.4136
   -0.8450   -0.2476    0.4739
...   147 A-T ...
  -19.0173   52.0374    8.9261
    0.2452    0.2907    0.9249
   -0.3073    0.9281   -0.2103
   -0.9195   -0.2327    0.3169
