  147 base-pairs
...     1 A-T ...
    0.0000    0.0000    0.0000
    1.0000    0.0000    0.0000
    0.0000    1.0000    0.0000
    0.0000    0.0000    1.0000
...     2 G-C ...
   -0.1404   -1.2353    3.2259
    0.7530    0.6366    0.1668
   -0.6385    0.7681   -0.0490
   -0.1593   -0.0696    0.9848
...     3 T-A ...
   -0.0377   -3.2918    6.3749
    0.2722    0.9302    0.2464
   -0.9238    0.3243   -0.2034
   -0.2691   -0.1722    0.9476
...     4 G-C ...
   -0.3520   -4.1638    9.4928
   -0.3756    0.9250    0.0576
   -0.8780   -0.3352   -0.3416
   -0.2967   -0.1788    0.9381
...     5 A-T ...
   -0.4480   -4.1448   12.7498
   -0.8116    0.5839   -0.0166
   -0.5522   -0.7762   -0.3042
   -0.1905   -0.2377    0.9525
...     6 G-C ...
   -1.5926   -4.1701   15.6201
   -0.9976    0.0246   -0.0651
   -0.0043   -0.9555   -0.2950
   -0.0694   -0.2940    0.9533
...     7 C-G ...
   -1.1050   -4.4793   18.7363
   -0.8442   -0.5302   -0.0787
    0.5343   -0.8442   -0.0430
   -0.0437   -0.0784    0.9960
...     8 G-C ...
   -2.4044   -7.7255   23.1483
   -0.2753   -0.3294   -0.9032
    0.6650   -0.7437    0.0686
   -0.6943   -0.5817    0.4238
...     9 C-G ...
   -4.4706   -9.9691   24.1142
    0.1145   -0.7026   -0.7023
    0.8512   -0.2951    0.4341
   -0.5123   -0.6475    0.5642
...    10 T-A ...
   -6.7420  -10.8705   25.9717
    0.4841   -0.8363   -0.2573
    0.6594    0.1554    0.7356
   -0.5752   -0.5257    0.6267
...    11 C-G ...
   -9.1682  -12.6167   27.1662
    0.7073   -0.6683    0.2306
    0.3450    0.6110    0.7125
   -0.6170   -0.4243    0.6627
...    12 A-T ...
  -10.9253  -14.6583   29.0713
    0.7515   -0.1377    0.6452
   -0.2027    0.8824    0.4245
   -0.6278   -0.4498    0.6352
...    13 C-G ...
  -11.8495  -17.4796   31.2472
    0.4294    0.2824    0.8578
   -0.5708    0.8209    0.0155
   -0.6998   -0.4963    0.5137
...    14 A-T ...
  -13.5915  -19.7756   33.4284
   -0.1503    0.6106    0.7775
   -0.6874    0.5007   -0.5261
   -0.7106   -0.6135    0.3445
...    15 A-T ...
  -15.7558  -21.9015   34.5428
   -0.4949    0.7950    0.3508
   -0.4647    0.0990   -0.8799
   -0.7343   -0.5985    0.3204
...    16 T-A ...
  -17.8968  -23.8476   36.3040
   -0.6898    0.7081   -0.1510
   -0.1191   -0.3168   -0.9410
   -0.7141   -0.6311    0.3028
...    17 T-A ...
  -20.2386  -25.7373   37.6527
   -0.6465    0.3824   -0.6601
    0.3143   -0.6550   -0.6872
   -0.6951   -0.6518    0.3033
...    18 T-A ...
  -22.5877  -27.6652   38.6354
   -0.3235    0.0369   -0.9455
    0.5978   -0.7666   -0.2345
   -0.7335   -0.6411    0.2259
...    19 A-T ...
  -25.0876  -29.6207   38.9853
    0.1275   -0.1471   -0.9809
    0.6483   -0.7361    0.1947
   -0.7507   -0.6607    0.0015
...    20 T-A ...
  -27.9425  -31.2225   38.6523
    0.4460   -0.4647   -0.7649
    0.4944   -0.5845    0.6434
   -0.7460   -0.6652   -0.0310
...    21 T-A ...
  -30.4910  -33.2475   38.2291
    0.6607   -0.6874   -0.3016
    0.1575   -0.2659    0.9511
   -0.7339   -0.6759   -0.0674
...    22 C-G ...
  -32.7883  -35.5353   37.8646
    0.6584   -0.6965    0.2854
   -0.2618    0.1435    0.9544
   -0.7057   -0.7031   -0.0878
...    23 G-C ...
  -34.9810  -38.0312   38.3158
    0.4778   -0.4273    0.7676
   -0.6355    0.4352    0.6378
   -0.6065   -0.7925   -0.0636
...    24 C-G ...
  -36.6512  -40.8125   37.9794
    0.1078   -0.1009    0.9890
   -0.7935    0.5906    0.1468
   -0.5989   -0.8007   -0.0164
...    25 A-T ...
  -38.9923  -43.1143   37.7673
   -0.3476    0.2674    0.8987
   -0.7083    0.5532   -0.4385
   -0.6144   -0.7890   -0.0029
...    26 A-T ...
  -40.8570  -45.8173   37.9381
   -0.6985    0.5081    0.5039
   -0.3841    0.3279   -0.8631
   -0.6038   -0.7964   -0.0339
...    27 A-T ...
  -42.6754  -48.5119   38.1579
   -0.8064    0.5864   -0.0770
    0.1038    0.0121   -0.9945
   -0.5822   -0.8100   -0.0706
...    28 G-C ...
  -44.8752  -51.0437   38.3610
   -0.5911    0.5702   -0.5705
    0.4957   -0.3012   -0.8146
   -0.6363   -0.7643   -0.1046
...    29 G-C ...
  -47.4518  -53.3406   38.1461
   -0.1533    0.4279   -0.8907
    0.7295   -0.5590   -0.3941
   -0.6665   -0.7102   -0.2265
...    30 C-G ...
  -50.0316  -55.1812   37.3550
    0.3093    0.1490   -0.9392
    0.6872   -0.7178    0.1124
   -0.6574   -0.6802   -0.3244
...    31 C-G ...
  -52.4046  -57.1129   36.0947
    0.6977   -0.1705   -0.6958
    0.3922   -0.7218    0.5703
   -0.5994   -0.6708   -0.4367
...    32 G-C ...
  -53.8118  -59.3282   34.5771
    0.8694   -0.4078   -0.2790
   -0.0366   -0.6162    0.7868
   -0.4928   -0.6738   -0.5506
...    33 G-C ...
  -54.7199  -61.7096   32.3432
    0.7396   -0.6415    0.2038
   -0.5319   -0.3714    0.7610
   -0.4125   -0.6713   -0.6158
...    34 C-G ...
  -55.5542  -64.0288   30.1943
    0.3400   -0.7314    0.5911
   -0.8668    0.0001    0.4986
   -0.3648   -0.6819   -0.6340
...    35 C-G ...
  -56.4533  -66.6047   28.1679
   -0.2126   -0.6203    0.7550
   -0.9216    0.3841    0.0561
   -0.3248   -0.6839   -0.6533
...    36 C-G ...
  -57.3360  -69.0781   26.0732
   -0.6717   -0.3046    0.6752
   -0.6648    0.6500   -0.3681
   -0.3268   -0.6962   -0.6392
...    37 G-C ...
  -58.6991  -70.5435   23.2106
   -0.9084    0.1488    0.3908
   -0.1597    0.7403   -0.6531
   -0.3865   -0.6556   -0.6487
...    38 A-T ...
  -59.6344  -72.6600   21.1133
   -0.8314    0.5545   -0.0356
    0.4052    0.5613   -0.7216
   -0.3802   -0.6144   -0.6914
...    39 C-G ...
  -61.2830  -74.5972   19.1916
   -0.4900    0.8041   -0.3368
    0.7691    0.2169   -0.6011
   -0.4103   -0.5536   -0.7247
...    40 A-T ...
  -62.8485  -76.3022   16.8391
    0.0438    0.8761   -0.4802
    0.9034   -0.2399   -0.3554
   -0.4265   -0.4183   -0.8020
...    41 C-G ...
  -64.5494  -77.0924   14.2189
    0.5163    0.6917   -0.5050
    0.7625   -0.6397   -0.0967
   -0.3900   -0.3351   -0.8577
...    42 G-C ...
  -65.3927  -78.3313   11.2446
    0.8910    0.2684   -0.3662
    0.3299   -0.9369    0.1158
   -0.3120   -0.2240   -0.9233
...    43 A-T ...
  -66.3272  -78.9386    8.2804
    0.9219   -0.3151   -0.2254
   -0.2459   -0.9255    0.2879
   -0.2993   -0.2100   -0.9308
...    44 C-G ...
  -66.9590  -78.9860    5.0304
    0.6772   -0.7358   -0.0057
   -0.6948   -0.6420    0.3243
   -0.2423   -0.2157   -0.9459
...    45 T-A ...
  -67.0051  -79.5084    1.4099
    0.1901   -0.9705    0.1483
   -0.9557   -0.1483    0.2544
   -0.2249   -0.1901   -0.9557
...    46 T-A ...
  -67.1382  -79.8872   -1.8733
   -0.3118   -0.9305    0.1923
   -0.9253    0.3434    0.1613
   -0.2161   -0.1276   -0.9680
...    47 A-T ...
  -68.0650  -80.0060   -5.0962
   -0.8223   -0.5229    0.2246
   -0.5312    0.8468    0.0270
   -0.2043   -0.0971   -0.9741
...    48 C-G ...
  -68.4907  -80.9286   -8.2721
   -0.9770   -0.0057    0.2132
   -0.0227    0.9968   -0.0771
   -0.2120   -0.0802   -0.9740
...    49 T-A ...
  -69.3166  -81.5938  -11.4556
   -0.8232    0.5161    0.2368
    0.4920    0.8565   -0.1563
   -0.2834   -0.0121   -0.9589
...    50 C-G ...
  -70.4034  -81.6587  -14.5121
   -0.4205    0.8883    0.1849
    0.8576    0.4557   -0.2387
   -0.2963    0.0582   -0.9533
...    51 A-T ...
  -71.8736  -81.6114  -17.5918
    0.1097    0.9772    0.1820
    0.9329   -0.0381   -0.3581
   -0.3430    0.2091   -0.9158
...    52 T-A ...
  -73.3424  -80.6704  -20.2834
    0.5578    0.8268    0.0722
    0.7688   -0.4820   -0.4203
   -0.3127    0.2899   -0.9045
...    53 G-C ...
  -74.4096  -79.1421  -23.2112
    0.9194    0.3926   -0.0233
    0.3423   -0.8281   -0.4439
   -0.1936    0.4002   -0.8958
...    54 T-A ...
  -75.0230  -77.1493  -25.7946
    0.9753   -0.0822   -0.2052
   -0.1613   -0.8995   -0.4061
   -0.1512    0.4292   -0.8905
...    55 T-A ...
  -75.3321  -75.5799  -28.5282
    0.7509   -0.5426   -0.3766
   -0.6502   -0.7072   -0.2775
   -0.1157    0.4533   -0.8838
...    56 A-T ...
  -75.7977  -74.1876  -31.5340
    0.2467   -0.8574   -0.4517
   -0.9646   -0.2622   -0.0291
   -0.0935    0.4429   -0.8917
...    57 T-A ...
  -75.3691  -72.6873  -34.3690
   -0.2509   -0.8591   -0.4461
   -0.9642    0.1809    0.1939
   -0.0858    0.4788   -0.8737
...    58 A-T ...
  -75.8501  -70.9072  -37.1904
   -0.7734   -0.5794   -0.2573
   -0.6295    0.6540    0.4195
   -0.0748    0.4864   -0.8705
...    59 A-T ...
  -75.9811  -69.4562  -40.0252
   -0.9905   -0.1377    0.0036
   -0.1156    0.8452    0.5218
   -0.0749    0.5164   -0.8531
...    60 C-G ...
  -76.3039  -68.3432  -43.2353
   -0.9030    0.3173    0.2898
    0.4223    0.7797    0.4622
   -0.0793    0.5398   -0.8381
...    61 G-C ...
  -76.6441  -66.1767  -45.6070
   -0.5487    0.5396    0.6386
    0.8122    0.5252    0.2540
   -0.1983    0.6580   -0.7264
...    62 G-C ...
  -77.7106  -63.8492  -47.6421
   -0.0522    0.6390    0.7674
    0.9651    0.2297   -0.1256
   -0.2565    0.7341   -0.6287
...    63 A-T ...
  -78.7666  -61.4268  -49.5614
    0.5098    0.6158    0.6008
    0.8251   -0.1524   -0.5440
   -0.2435    0.7731   -0.5858
...    64 T-A ...
  -79.9526  -58.7519  -50.9537
    0.8529    0.4469    0.2700
    0.4682   -0.4259   -0.7742
   -0.2309    0.7867   -0.5725
...    65 G-C ...
  -80.6007  -55.7617  -52.5263
    0.9904    0.0577   -0.1257
   -0.0713   -0.5662   -0.8212
   -0.1186    0.8223   -0.5566
...    66 T-A ...
  -80.7353  -52.8631  -53.8412
    0.8465   -0.2540   -0.4679
   -0.5285   -0.5073   -0.6807
   -0.0644    0.8235   -0.5636
...    67 A-T ...
  -80.7469  -50.1972  -55.6809
    0.4209   -0.5366   -0.7314
   -0.9071   -0.2483   -0.3399
    0.0008    0.8065   -0.5912
...    68 G-C ...
  -80.3396  -47.5540  -57.4677
   -0.0514   -0.6315   -0.7737
   -0.9985    0.0458    0.0290
    0.0171    0.7740   -0.6329
...    69 G-C ...
  -79.3531  -45.0311  -59.9465
   -0.5476   -0.5580   -0.6235
   -0.8367    0.3658    0.4076
    0.0006    0.7449   -0.6672
...    70 T-A ...
  -79.1204  -42.8914  -62.4103
   -0.8929   -0.3000   -0.3358
   -0.4503    0.5922    0.6683
   -0.0016    0.7479   -0.6638
...    71 A-T ...
  -79.1138  -40.7696  -65.0853
   -0.9912    0.0300    0.1286
    0.1155    0.6683    0.7348
   -0.0639    0.7433   -0.6659
...    72 T-A ...
  -79.5705  -38.8459  -67.7130
   -0.8170    0.3393    0.4664
    0.5733    0.5651    0.5933
   -0.0623    0.7520   -0.6562
...    73 C-G ...
  -80.1590  -36.3991  -69.9851
   -0.3216    0.5853    0.7443
    0.9447    0.2513    0.2106
   -0.0638    0.7708   -0.6338
...    74 T-A ...
  -80.7172  -33.7727  -71.8933
    0.1875    0.5604    0.8067
    0.9804   -0.0558   -0.1891
   -0.0609    0.8263   -0.5599
...    75 C-G ...
  -80.8675  -30.9005  -73.4491
    0.6839    0.3815    0.6219
    0.7281   -0.3021   -0.6154
   -0.0469    0.8736   -0.4843
...    76 G-C ...
  -80.5491  -28.0640  -74.9968
    0.9274    0.0093    0.3739
    0.3500   -0.3738   -0.8589
    0.1318    0.9275   -0.3499
...    77 A-T ...
  -80.0518  -24.9462  -76.0174
    0.9595   -0.2480   -0.1334
   -0.2058   -0.2943   -0.9333
    0.1922    0.9230   -0.3335
...    78 G-C ...
  -79.1259  -21.8728  -76.8196
    0.7218   -0.4008   -0.5643
   -0.6476   -0.1031   -0.7550
    0.2444    0.9104   -0.3340
...    79 C-G ...
  -77.8329  -18.8605  -77.7381
    0.2191   -0.4166   -0.8823
   -0.9367    0.1632   -0.3097
    0.2730    0.8943   -0.3545
...    80 T-A ...
  -76.6661  -15.9996  -78.8493
   -0.2907   -0.2859   -0.9131
   -0.9130    0.3683    0.1753
    0.2862    0.8846   -0.3681
...    81 C-G ...
  -75.8828  -13.0892  -80.1415
   -0.7622   -0.0453   -0.6458
   -0.5828    0.4823    0.6540
    0.2818    0.8748   -0.3940
...    82 G-C ...
  -75.4160   -9.8509  -80.8634
   -0.9713    0.1651   -0.1710
   -0.0821    0.4420    0.8933
    0.2231    0.8817   -0.4158
...    83 G-C ...
  -74.6530   -6.9967  -82.3569
   -0.8840    0.3091    0.3508
    0.4327    0.2569    0.8642
    0.1770    0.9157   -0.3608
...    84 G-C ...
  -74.3232   -3.9709  -83.7430
   -0.5504    0.2885    0.7835
    0.8289    0.0764    0.5541
    0.1000    0.9544   -0.2812
...    85 A-T ...
  -74.2358   -0.8372  -84.7220
    0.0106    0.2355    0.9718
    0.9955   -0.0942    0.0120
    0.0944    0.9673   -0.2354
...    86 T-A ...
  -74.5385    2.3977  -85.2660
    0.5016    0.1194    0.8569
    0.8585   -0.1910   -0.4759
    0.1068    0.9743   -0.1983
...    87 C-G ...
  -74.2625    5.6419  -85.6357
    0.8917   -0.0578    0.4489
    0.4291   -0.2073   -0.8791
    0.1439    0.9766   -0.1600
...    88 C-G ...
  -73.8298    8.8764  -85.9108
    0.9616   -0.2732   -0.0253
   -0.0632   -0.1309   -0.9894
    0.2670    0.9530   -0.1431
...    89 G-C ...
  -72.8368   11.8698  -86.7979
    0.7439   -0.4328   -0.5092
   -0.5296    0.0829   -0.8442
    0.4076    0.8977   -0.1675
...    90 C-G ...
  -70.9577   14.7579  -87.0995
    0.3088   -0.3234   -0.8945
   -0.8465    0.3355   -0.4135
    0.4338    0.8848   -0.1701
...    91 T-A ...
  -68.9665   17.4553  -87.9495
   -0.2103   -0.0810   -0.9743
   -0.8486    0.5100    0.1407
    0.4855    0.8563   -0.1760
...    92 T-A ...
  -67.0615   19.9992  -88.6631
   -0.6320    0.2701   -0.7264
   -0.5800    0.4568    0.6745
    0.5140    0.8476   -0.1321
...    93 T-A ...
  -65.1929   22.5837  -89.3315
   -0.8310    0.5076   -0.2275
   -0.1356    0.2119    0.9679
    0.5395    0.8351   -0.1072
...    94 A-T ...
  -63.3131   25.2765  -89.2532
   -0.7597    0.5407    0.3611
    0.3476   -0.1316    0.9284
    0.5495    0.8309   -0.0880
...    95 A-T ...
  -61.6983   27.9672  -89.6402
   -0.4908    0.3566    0.7949
    0.6822   -0.4103    0.6052
    0.5420    0.8394   -0.0419
...    96 C-G ...
  -60.5002   31.0482  -89.9750
   -0.1133    0.0647    0.9915
    0.8327   -0.5382    0.1303
    0.5420    0.8403    0.0071
...    97 A-T ...
  -58.8811   33.9288  -89.7549
    0.2636   -0.3407    0.9025
    0.7849   -0.4681   -0.4059
    0.5608    0.8153    0.1440
...    98 C-G ...
  -57.4269   36.7380  -88.7079
    0.5889   -0.5689    0.5740
    0.5635   -0.2201   -0.7963
    0.5794    0.7924    0.1910
...    99 T-A ...
  -55.4857   39.4064  -87.2844
    0.7591   -0.6500    0.0354
    0.1716    0.1473   -0.9741
    0.6280    0.7455    0.2234
...   100 T-A ...
  -53.4150   41.6489  -86.1587
    0.7331   -0.4413   -0.5175
   -0.2784    0.4995   -0.8203
    0.6206    0.7455    0.2433
...   101 T-A ...
  -51.2856   43.8632  -85.1311
    0.4655   -0.0786   -0.8815
   -0.6345    0.6648   -0.3943
    0.6170    0.7429    0.2596
...   102 A-T ...
  -49.4044   46.5370  -84.3328
    0.0025    0.3274   -0.9449
   -0.7838    0.5874    0.2014
    0.6210    0.7401    0.2581
...   103 T-A ...
  -46.8497   48.5358  -83.8303
   -0.3678    0.5524   -0.7480
   -0.6932    0.3734    0.6166
    0.6199    0.7453    0.2456
...   104 G-C ...
  -44.7586   51.0598  -83.3218
   -0.7645    0.5964   -0.2445
   -0.3114   -0.0096    0.9502
    0.5644    0.8026    0.1931
...   105 C-G ...
  -43.1577   53.8851  -83.0524
   -0.8406    0.4584    0.2885
    0.1294   -0.3473    0.9288
    0.5259    0.8181    0.2326
...   106 T-A ...
  -41.5959   56.8911  -82.6048
   -0.6563    0.1568    0.7380
    0.5720   -0.5346    0.6222
    0.4921    0.8305    0.2611
...   107 T-A ...
  -40.2003   59.6555  -81.8369
   -0.2823   -0.2101    0.9360
    0.8357   -0.5331    0.1324
    0.4711    0.8196    0.3261
...   108 C-G ...
  -38.9267   62.3729  -80.5714
    0.1532   -0.5462    0.8235
    0.8668   -0.3259   -0.3774
    0.4745    0.7717    0.4235
...   109 C-G ...
  -37.5876   65.0061  -79.1568
    0.4787   -0.7466    0.4621
    0.6850   -0.0116   -0.7284
    0.5492    0.6652    0.5058
...   110 G-C ...
  -35.6669   66.7915  -77.6404
    0.6638   -0.7478   -0.0146
    0.4131    0.3828   -0.8263
    0.6235    0.5425    0.5630
...   111 G-C ...
  -33.2533   67.9384  -75.6112
    0.7367   -0.4690   -0.4871
    0.0533    0.7584   -0.6496
    0.6741    0.4526    0.5838
...   112 C-G ...
  -30.7054   68.7767  -73.5852
    0.6331   -0.0037   -0.7741
   -0.3213    0.9085   -0.2671
    0.7042    0.4178    0.5740
...   113 T-A ...
  -28.2885   69.9063  -71.6900
    0.3804    0.4680   -0.7977
   -0.5779    0.7937    0.1901
    0.7221    0.3886    0.5723
...   114 C-G ...
  -26.0121   71.4153  -69.9003
   -0.0229    0.8411   -0.5404
   -0.6698    0.3884    0.6328
    0.7422    0.3765    0.5545
...   115 G-C ...
  -23.9159   72.6978  -67.7316
   -0.4227    0.9007   -0.1005
   -0.5507   -0.1672    0.8178
    0.7198    0.4010    0.5666
...   116 T-A ...
  -21.5134   74.4248  -66.2949
   -0.6725    0.6686    0.3173
   -0.2604   -0.6151    0.7442
    0.6927    0.4178    0.5878
...   117 A-T ...
  -19.2105   76.3578  -64.6322
   -0.7665    0.1826    0.6157
    0.1505   -0.8810    0.4486
    0.6243    0.4365    0.6478
...   118 T-A ...
  -17.5012   78.3628  -62.7887
   -0.6113   -0.2654    0.7456
    0.4849   -0.8701    0.0878
    0.6255    0.4152    0.6606
...   119 A-T ...
  -15.6785   79.6663  -60.4615
   -0.4244   -0.7079    0.5646
    0.7355   -0.6332   -0.2411
    0.5282    0.3129    0.7894
...   120 A-T ...
  -14.2814   80.6562  -57.7288
   -0.0243   -0.9649    0.2614
    0.8640   -0.1518   -0.4800
    0.5029    0.2142    0.8374
...   121 T-A ...
  -13.2170   81.2409  -54.6598
    0.3863   -0.9216   -0.0373
    0.7772    0.3470   -0.5249
    0.4967    0.1737    0.8504
...   122 G-C ...
  -11.6090   81.3489  -51.6330
    0.6819   -0.5985   -0.4204
    0.4779    0.7997   -0.3634
    0.5537    0.0470    0.8314
...   123 T-A ...
   -9.8341   80.8544  -48.9745
    0.8237   -0.1513   -0.5465
    0.1271    0.9885   -0.0822
    0.5527   -0.0018    0.8334
...   124 G-C ...
   -7.8670   80.6981  -46.3540
    0.7349    0.4311   -0.5235
   -0.3253    0.9014    0.2857
    0.5951   -0.0396    0.8027
...   125 T-A ...
   -5.7233   80.0754  -43.9876
    0.4636    0.8302   -0.3097
   -0.6468    0.5559    0.5221
    0.6056   -0.0418    0.7946
...   126 C-G ...
   -3.7416   79.9548  -41.5355
    0.0177    0.9975    0.0691
   -0.7927   -0.0282    0.6090
    0.6094   -0.0656    0.7902
...   127 G-C ...
   -2.3105   79.5876  -38.6698
   -0.4282    0.8511    0.3036
   -0.7163   -0.5245    0.4601
    0.5509   -0.0205    0.8343
...   128 A-T ...
   -0.4454   79.3293  -36.1777
   -0.7667    0.4054    0.4978
   -0.3766   -0.9120    0.1625
    0.5199   -0.0629    0.8519
...   129 C-G ...
    1.2828   79.8322  -33.4221
   -0.8799   -0.1150    0.4611
    0.0620   -0.9898   -0.1285
    0.4712   -0.0845    0.8780
...   130 C-G ...
    2.2406   80.0524  -30.1467
   -0.8118   -0.5508    0.1938
    0.4807   -0.8188   -0.3137
    0.3314   -0.1615    0.9296
...   131 A-T ...
    2.6551   78.9291  -27.0235
   -0.5950   -0.7684   -0.2357
    0.7936   -0.5153   -0.3236
    0.1272   -0.3795    0.9164
...   132 A-T ...
    2.7977   77.6132  -24.0505
   -0.0910   -0.8973   -0.4320
    0.9924   -0.0457   -0.1140
    0.0825   -0.4391    0.8947
...   133 A-T ...
    2.6420   76.1060  -21.1204
    0.5031   -0.7693   -0.3938
    0.8620    0.4795    0.1647
    0.0621   -0.4223    0.9043
...   134 T-A ...
    2.3075   74.2307  -18.3902
    0.8657   -0.4293   -0.2574
    0.4984    0.7868    0.3641
    0.0462   -0.4435    0.8951
...   135 G-C ...
    1.4354   72.0970  -15.6049
    0.9809    0.0621    0.1843
   -0.1263    0.9241    0.3607
   -0.1479   -0.3771    0.9143
...   136 T-A ...
    0.5279   69.2393  -13.4688
    0.7351    0.4963    0.4618
   -0.6117    0.7792    0.1365
   -0.2921   -0.3828    0.8764
...   137 G-C ...
   -0.1659   67.4105  -10.8094
    0.1800    0.8794    0.4408
   -0.9276    0.3008   -0.2214
   -0.3274   -0.3691    0.8698
...   138 A-T ...
   -0.1322   66.2179   -7.8216
   -0.3749    0.8570    0.3536
   -0.8857   -0.2184   -0.4098
   -0.2739   -0.4668    0.8409
...   139 G-C ...
   -1.0069   65.6074   -4.9424
   -0.8336    0.5218    0.1811
   -0.5170   -0.6220   -0.5881
   -0.1942   -0.5839    0.7883
...   140 C-G ...
   -0.6975   63.9003   -2.2528
   -0.9992    0.0157   -0.0376
    0.0023   -0.8993   -0.4374
   -0.0406   -0.4371    0.8985
...   141 G-C ...
   -3.4383   60.2385    1.0284
   -0.4425    0.2285   -0.8672
    0.1683   -0.9287   -0.3306
   -0.8808   -0.2922    0.3725
...   142 C-G ...
   -6.3289   59.0833    1.6294
   -0.2970   -0.3280   -0.8968
    0.5656   -0.8171    0.1115
   -0.7693   -0.4741    0.4282
...   143 T-A ...
   -8.6769   58.7242    3.6024
   -0.0347   -0.7817   -0.6227
    0.6533   -0.4893    0.5778
   -0.7563   -0.3868    0.5276
...   144 C-G ...
  -11.6545   58.0113    4.7193
    0.2451   -0.9542   -0.1716
    0.6322    0.0231    0.7745
   -0.7350   -0.2983    0.6089
...   145 A-T ...
  -14.1760   56.5668    6.1807
    0.5795   -0.7268    0.3687
    0.3139    0.6165    0.7220
   -0.7521   -0.3027    0.5855
...   146 C-G ...
  -16.4651   53.8949    7.5153
    0.5336   -0.3331    0.7774
   -0.0346    0.9098    0.4136
   -0.8450   -0.2476    0.4739
...   147 A-T ...
  -19.0173   52.0374    8.9261
    0.2452    0.2907    0.9249
   -0.3073    0.9281   -0.2103
   -0.9195   -0.2327    0.3169
