  147 base-pairs
...     1 A-T ...
    0.0000    0.0000    0.0000
    1.0000    0.0000    0.0000
    0.0000    1.0000    0.0000
    0.0000    0.0000    1.0000
...     2 G-C ...
   -0.1404   -1.2353    3.2259
    0.7530    0.6366    0.1668
   -0.6385    0.7681   -0.0490
   -0.1593   -0.0696    0.9848
...     3 T-A ...
   -0.0377   -3.2918    6.3749
    0.2722    0.9302    0.2464
   -0.9238    0.3243   -0.2034
   -0.2691   -0.1722    0.9476
...     4 G-C ...
   -0.3520   -4.1638    9.4928
   -0.3756    0.9250    0.0576
   -0.8780   -0.3352   -0.3416
   -0.2967   -0.1788    0.9381
...     5 A-T ...
   -0.4480   -4.1448   12.7498
   -0.8116    0.5839   -0.0166
   -0.5522   -0.7762   -0.3042
   -0.1905   -0.2377    0.9525
...     6 G-C ...
   -1.5926   -4.1701   15.6201
   -0.9976    0.0246   -0.0651
   -0.0043   -0.9555   -0.2950
   -0.0694   -0.2940    0.9533
...     7 C-G ...
   -1.1050   -4.4793   18.7363
   -0.8442   -0.5302   -0.0787
    0.5343   -0.8442   -0.0430
   -0.0437   -0.0784    0.9960
...     8 G-C ...
   -2.4044   -7.7255   23.1483
   -0.2753   -0.3294   -0.9032
    0.6650   -0.7437    0.0686
   -0.6943   -0.5817    0.4238
...     9 C-G ...
   -4.4706   -9.9691   24.1142
    0.1145   -0.7026   -0.7023
    0.8512   -0.2951    0.4341
   -0.5123   -0.6475    0.5642
...    10 T-A ...
   -6.7420  -10.8705   25.9717
    0.4841   -0.8363   -0.2573
    0.6594    0.1554    0.7356
   -0.5752   -0.5257    0.6267
...    11 C-G ...
   -9.1682  -12.6167   27.1662
    0.7073   -0.6683    0.2306
    0.3450    0.6110    0.7125
   -0.6170   -0.4243    0.6627
...    12 A-T ...
  -10.9253  -14.6583   29.0713
    0.7515   -0.1377    0.6452
   -0.2027    0.8824    0.4245
   -0.6278   -0.4498    0.6352
...    13 C-G ...
  -11.8495  -17.4796   31.2472
    0.4294    0.2824    0.8578
   -0.5708    0.8209    0.0155
   -0.6998   -0.4963    0.5137
...    14 A-T ...
  -13.5915  -19.7756   33.4284
   -0.1503    0.6106    0.7775
   -0.6874    0.5007   -0.5261
   -0.7106   -0.6135    0.3445
...    15 A-T ...
  -15.7713  -21.8912   34.5312
   -0.4929    0.7983    0.3461
   -0.4628    0.0962   -0.8812
   -0.7367   -0.5946    0.3220
...    16 T-A ...
  -17.9249  -23.8169   36.2949
   -0.6858    0.7102   -0.1591
   -0.1174   -0.3236   -0.9389
   -0.7182   -0.6253    0.3053
...    17 T-A ...
  -20.2847  -25.6830   37.6456
   -0.6404    0.3804   -0.6672
    0.3128   -0.6642   -0.6789
   -0.7015   -0.6435    0.3063
...    18 T-A ...
  -22.6587  -27.5888   38.6255
   -0.3167    0.0245   -0.9482
    0.5936   -0.7746   -0.2183
   -0.7398   -0.6320    0.2308
...    19 A-T ...
  -25.1674  -29.5627   39.0126
    0.1347   -0.1984   -0.9708
    0.6395   -0.7310    0.2381
   -0.7569   -0.6529    0.0284
...    20 T-A ...
  -28.0400  -31.1582   38.7455
    0.4460   -0.5168   -0.7307
    0.4806   -0.5504    0.6827
   -0.7550   -0.6557    0.0029
...    21 T-A ...
  -30.6130  -33.1682   38.4317
    0.6463   -0.7240   -0.2411
    0.1385   -0.1995    0.9701
   -0.7504   -0.6604   -0.0287
...    22 C-G ...
  -32.9822  -35.4083   38.2143
    0.6310   -0.6916    0.3514
   -0.2725    0.2265    0.9351
   -0.7263   -0.6858   -0.0455
...    23 G-C ...
  -35.3190  -37.7353   38.7886
    0.4520   -0.3771    0.8084
   -0.6240    0.5139    0.5886
   -0.6374   -0.7705   -0.0031
...    24 C-G ...
  -37.1062  -40.4639   38.6537
    0.0935   -0.0165    0.9955
   -0.7687    0.6343    0.0827
   -0.6328   -0.7729    0.0466
...    25 A-T ...
  -39.5425  -42.6773   38.5973
   -0.3397    0.3693    0.8650
   -0.6774    0.5419   -0.4974
   -0.6524   -0.7550    0.0661
...    26 A-T ...
  -41.5529  -45.2452   38.9983
   -0.6710    0.5946    0.4430
   -0.3630    0.2576   -0.8955
   -0.6466   -0.7616    0.0430
...    27 A-T ...
  -43.5261  -47.7913   39.4814
   -0.7690    0.6227   -0.1444
    0.1040   -0.1009   -0.9894
   -0.6307   -0.7759    0.0128
...    28 G-C ...
  -45.8816  -50.1463   39.9437
   -0.5542    0.5401   -0.6334
    0.4748   -0.4199   -0.7734
   -0.6837   -0.7294   -0.0237
...    29 G-C ...
  -48.6057  -52.2783   39.9560
   -0.1270    0.3265   -0.9366
    0.6896   -0.6496   -0.3200
   -0.7129   -0.6866   -0.1426
...    30 C-G ...
  -51.2949  -54.0376   39.3563
    0.3150    0.0038   -0.9491
    0.6345   -0.7445    0.2076
   -0.7058   -0.6676   -0.2369
...    31 C-G ...
  -53.8157  -55.9531   38.3607
    0.6770   -0.3184   -0.6635
    0.3397   -0.6645    0.6656
   -0.6528   -0.6760   -0.3417
...    32 G-C ...
  -55.4388  -58.2458   37.2062
    0.8287   -0.5169   -0.2144
   -0.0790   -0.4874    0.8696
   -0.5540   -0.7037   -0.4448
...    33 G-C ...
  -56.6231  -60.8315   35.3696
    0.6824   -0.6656    0.3023
   -0.5512   -0.1970    0.8108
   -0.4801   -0.7199   -0.5013
...    34 C-G ...
  -57.7358  -63.3431   33.5986
    0.2812   -0.6535    0.7027
   -0.8532    0.1651    0.4948
   -0.4394   -0.7387   -0.5112
...    35 C-G ...
  -58.9135  -66.1163   32.0279
   -0.2507   -0.4562    0.8538
   -0.8783    0.4781   -0.0025
   -0.4071   -0.7505   -0.5205
...    36 C-G ...
  -60.0940  -68.8158   30.4135
   -0.6784   -0.1084    0.7266
   -0.6077    0.6387   -0.4721
   -0.4129   -0.7618   -0.4991
...    37 G-C ...
  -61.6817  -70.6422   27.9149
   -0.8753    0.3116    0.3698
   -0.1076    0.6201   -0.7771
   -0.4715   -0.7200   -0.5093
...    38 A-T ...
  -62.9232  -72.9970   26.2713
   -0.7721    0.6223   -0.1289
    0.4339    0.3680   -0.8224
   -0.4643   -0.6909   -0.5541
...    39 C-G ...
  -64.8308  -75.0827   24.7904
   -0.4169    0.7708   -0.4818
    0.7650    0.0113   -0.6439
   -0.4909   -0.6370   -0.5944
...    40 A-T ...
  -66.6457  -77.0351   22.8305
    0.1197    0.7473   -0.6536
    0.8596   -0.4074   -0.3085
   -0.4968   -0.5249   -0.6911
...    41 C-G ...
  -68.5234  -78.1707   20.4552
    0.5692    0.5028   -0.6506
    0.6832   -0.7294    0.0340
   -0.4575   -0.4638   -0.7587
...    42 G-C ...
  -69.6277  -79.9311   17.8525
    0.8992    0.0688   -0.4321
    0.2247   -0.9200    0.3210
   -0.3755   -0.3857   -0.8428
...    43 A-T ...
  -70.7728  -81.0735   15.1286
    0.8676   -0.4703   -0.1618
   -0.3393   -0.7976    0.4988
   -0.3636   -0.3778   -0.8515
...    44 C-G ...
  -71.5619  -81.7890   11.9940
    0.5829   -0.7976    0.1553
   -0.7510   -0.4558    0.4777
   -0.3102   -0.3951   -0.8647
...    45 T-A ...
  -71.8605  -83.1259    8.6086
    0.0756   -0.9234    0.3763
   -0.9536    0.0434    0.2980
   -0.2915   -0.3814   -0.8772
...    46 T-A ...
  -72.2381  -84.2723    5.5424
   -0.4196   -0.8027    0.4238
   -0.8639    0.4964    0.0848
   -0.2785   -0.3305   -0.9018
...    47 A-T ...
  -73.3508  -85.0622    2.4730
   -0.8717   -0.3287    0.3634
   -0.4122    0.8929   -0.1810
   -0.2650   -0.3076   -0.9139
...    48 C-G ...
  -74.0762  -86.6861   -0.3494
   -0.9564    0.1885    0.2233
    0.1074    0.9374   -0.3313
   -0.2718   -0.2928   -0.9167
...    49 T-A ...
  -75.2568  -87.9713   -3.2221
   -0.7349    0.6718    0.0924
    0.5901    0.7007   -0.4009
   -0.3341   -0.2401   -0.9114
...    50 G-C ...
  -76.6019  -88.4902   -6.2777
   -0.2485    0.9686    0.0082
    0.8932    0.2324   -0.3849
   -0.3747   -0.0883   -0.9229
...    51 T-A ...
  -78.3191  -88.7032   -8.9638
    0.2180    0.9728   -0.0784
    0.9078   -0.2316   -0.3497
   -0.3583    0.0051   -0.9336
...    52 A-T ...
  -80.1959  -87.5369  -11.6519
    0.6784    0.7325    0.0567
    0.7028   -0.6245   -0.3406
   -0.2141    0.2709   -0.9385
...    53 G-C ...
  -81.2010  -86.3223  -14.4578
    0.9455    0.3255    0.0088
    0.3055   -0.8773   -0.3703
   -0.1128    0.3528   -0.9289
...    54 G-C ...
  -81.4932  -84.1061  -17.3891
    0.9750   -0.1983   -0.0998
   -0.2214   -0.9026   -0.3693
   -0.0168    0.3822   -0.9239
...    55 T-A ...
  -81.0941  -82.4840  -20.2042
    0.7341   -0.6268   -0.2611
   -0.6788   -0.6687   -0.3033
    0.0155    0.3999   -0.9164
...    56 A-T ...
  -80.4333  -80.9523  -23.1678
    0.2296   -0.9056   -0.3567
   -0.9709   -0.1873   -0.1492
    0.0683    0.3806   -0.9222
...    57 T-A ...
  -79.4316  -79.6253  -26.0413
   -0.2788   -0.8649   -0.4173
   -0.9575    0.2838    0.0514
    0.0740    0.4139   -0.9073
...    58 C-G ...
  -78.9392  -78.4525  -29.1500
   -0.7970   -0.5132   -0.3185
   -0.5996    0.7361    0.3140
    0.0733    0.4412   -0.8944
...    59 T-A ...
  -78.6977  -77.3015  -32.2728
   -0.9937   -0.0873   -0.0697
   -0.1091    0.8930    0.4366
    0.0241    0.4414   -0.8970
...    60 C-G ...
  -78.6396  -75.8441  -35.2740
   -0.8838    0.4107    0.2242
    0.4679    0.7810    0.4136
   -0.0053    0.4704   -0.8824
...    61 G-C ...
  -78.5366  -73.8785  -37.8639
   -0.5528    0.6172    0.5599
    0.8249    0.5005    0.2628
   -0.1180    0.6071   -0.7858
...    62 A-T ...
  -78.7339  -71.9455  -40.4548
   -0.0142    0.7244    0.6892
    0.9958    0.0728   -0.0560
   -0.0907    0.6855   -0.7224
...    63 G-C ...
  -79.3967  -69.4275  -42.5021
    0.4823    0.6014    0.6370
    0.8735   -0.2745   -0.4021
   -0.0670    0.7503   -0.6577
...    64 C-G ...
  -79.9255  -66.6005  -44.2704
    0.8875    0.2987    0.3510
    0.4603   -0.5387   -0.7056
   -0.0217    0.7878   -0.6155
...    65 T-A ...
  -80.0975  -63.7678  -45.9466
    0.9982   -0.0593   -0.0083
   -0.0414   -0.5838   -0.8108
    0.0432    0.8097   -0.5852
...    66 C-G ...
  -79.6005  -61.2934  -47.9657
    0.8071   -0.4048   -0.4297
   -0.5773   -0.3886   -0.7181
    0.1237    0.8277   -0.5474
...    67 G-C ...
  -79.5665  -58.9548  -50.4077
    0.3601   -0.5943   -0.7191
   -0.9126   -0.0643   -0.4038
    0.1937    0.8017   -0.5655
...    68 G-C ...
  -78.6692  -56.3240  -52.2551
   -0.1864   -0.5726   -0.7984
   -0.9647    0.2603    0.0386
    0.1857    0.7774   -0.6009
...    69 G-C ...
  -77.8440  -53.8849  -54.3819
   -0.6827   -0.4135   -0.6025
   -0.7159    0.5437    0.4381
    0.1464    0.7304   -0.6672
...    70 A-T ...
  -77.1598  -51.6222  -56.7190
   -0.9727   -0.0184   -0.2313
   -0.1820    0.6792    0.7111
    0.1440    0.7338   -0.6640
...    71 T-A ...
  -76.7670  -49.6472  -59.3396
   -0.9331    0.3151    0.1733
    0.3359    0.5915    0.7330
    0.1285    0.7422   -0.6578
...    72 C-G ...
  -76.5479  -47.2762  -61.6122
   -0.5750    0.5738    0.5833
    0.8096    0.2960    0.5069
    0.1182    0.7636   -0.6347
...    73 C-G ...
  -76.2455  -44.9061  -63.8669
   -0.1148    0.5267    0.8423
    0.9870   -0.0355    0.1567
    0.1124    0.8493   -0.5158
...    74 G-C ...
  -75.4565  -42.0624  -65.3049
    0.3741    0.2794    0.8843
    0.9161   -0.2597   -0.3055
    0.1443    0.9244   -0.3532
...    75 C-G ...
  -75.3494  -38.7098  -66.1185
    0.8171    0.0559    0.5737
    0.5531   -0.3564   -0.7530
    0.1624    0.9326   -0.3222
...    76 T-A ...
  -74.6420  -35.3664  -66.5898
    0.9814   -0.1753    0.0783
    0.0281   -0.2724   -0.9618
    0.1899    0.9461   -0.2624
...    77 T-A ...
  -73.8997  -32.2290  -67.0201
    0.8304   -0.2808   -0.4813
   -0.5277   -0.1190   -0.8411
    0.1789    0.9524   -0.2470
...    78 T-A ...
  -73.2275  -29.1047  -67.5796
    0.3808   -0.2876   -0.8788
   -0.9086    0.0601   -0.4133
    0.1717    0.9559   -0.2384
...    79 C-G ...
  -72.8693  -26.0029  -68.5727
   -0.2038   -0.2197   -0.9541
   -0.9588    0.2417    0.1492
    0.1978    0.9452   -0.2599
...    80 A-T ...
  -71.8782  -22.8936  -69.4190
   -0.6866   -0.1518   -0.7110
   -0.7052    0.3766    0.6007
    0.1766    0.9138   -0.3657
...    81 T-A ...
  -71.0949  -20.1761  -71.0026
   -0.9457    0.0240   -0.3242
   -0.2870    0.4066    0.8673
    0.1527    0.9133   -0.3776
...    82 G-C ...
  -70.6438  -17.1624  -72.5831
   -0.9539    0.1808    0.2394
    0.2864    0.3114    0.9061
    0.0893    0.9329   -0.3489
...    83 T-A ...
  -70.7079  -14.2945  -74.2688
   -0.6814    0.2953    0.6697
    0.7270    0.1665    0.6662
    0.0852    0.9408   -0.3282
...    84 T-A ...
  -70.6968  -11.3180  -75.2973
   -0.2131    0.2878    0.9337
    0.9745   -0.0059    0.2243
    0.0700    0.9577   -0.2792
...    85 A-T ...
  -70.4578   -8.1388  -75.9806
    0.2849    0.1130    0.9519
    0.9537   -0.1335   -0.2696
    0.0966    0.9846   -0.1458
...    86 T-A ...
  -70.7872   -4.9425  -76.0610
    0.7020    0.0267    0.7117
    0.7048   -0.1699   -0.6888
    0.1025    0.9851   -0.1381
...    87 A-T ...
  -70.3039   -1.7369  -76.3548
    0.9362   -0.1918    0.2947
    0.2784   -0.1074   -0.9544
    0.2147    0.9755   -0.0472
...    88 A-T ...
  -69.5970    1.3251  -76.2483
    0.9331   -0.2729   -0.2343
   -0.2347    0.0316   -0.9716
    0.2725    0.9615   -0.0345
...    89 C-G ...
  -68.2250    4.4152  -75.6919
    0.6684   -0.2283   -0.7079
   -0.6852    0.1816   -0.7054
    0.2896    0.9565   -0.0351
...    90 G-C ...
  -67.2916    7.4783  -76.2866
    0.1604   -0.1937   -0.9679
   -0.9131    0.3432   -0.2200
    0.3748    0.9191   -0.1218
...    91 G-C ...
  -65.8715   10.3301  -77.0766
   -0.3557   -0.0700   -0.9320
   -0.8487    0.4417    0.2908
    0.3913    0.8944   -0.2165
...    92 A-T ...
  -64.3244   13.1575  -77.8980
   -0.7819    0.2122   -0.5862
   -0.4773    0.4011    0.7818
    0.4010    0.8911   -0.2124
...    93 T-A ...
  -62.8718   15.7937  -79.2866
   -0.9055    0.4030   -0.1329
   -0.0381    0.2348    0.9713
    0.4227    0.8845   -0.1973
...    94 A-T ...
  -61.4391   18.7751  -79.7760
   -0.7796    0.4333    0.4522
    0.4853   -0.0384    0.8735
    0.3958    0.9005   -0.1804
...    95 A-T ...
  -60.3180   21.6582  -80.4506
   -0.4256    0.3165    0.8478
    0.8121   -0.2797    0.5121
    0.3992    0.9064   -0.1380
...    96 C-G ...
  -59.6443   24.8609  -81.0325
    0.0156    0.0928    0.9956
    0.9130   -0.4073    0.0237
    0.4077    0.9086   -0.0911
...    97 A-T ...
  -58.4552   27.9454  -81.1414
    0.4312   -0.2573    0.8648
    0.7811   -0.3732   -0.5006
    0.4515    0.8914    0.0401
...    98 C-G ...
  -57.2975   30.9773  -80.3997
    0.7362   -0.4544    0.5015
    0.4755   -0.1800   -0.8611
    0.4816    0.8724    0.0836
...    99 T-A ...
  -55.5708   33.9444  -79.3526
    0.8383   -0.5427   -0.0519
    0.0162    0.1199   -0.9927
    0.5450    0.8313    0.1093
...   100 T-A ...
  -53.6851   36.4845  -78.6039
    0.7077   -0.3724   -0.6004
   -0.4502    0.4172   -0.7895
    0.5445    0.8290    0.1276
...   101 T-A ...
  -51.7427   38.9956  -77.9798
    0.3473   -0.0711   -0.9351
   -0.7615    0.5605   -0.3254
    0.5472    0.8251    0.1405
...   102 A-T ...
  -50.1118   41.9069  -77.5780
   -0.1653    0.2676   -0.9492
   -0.8158    0.5037    0.2841
    0.5542    0.8214    0.1351
...   103 T-A ...
  -47.7720   44.2123  -77.5292
   -0.5289    0.4612   -0.7124
   -0.6438    0.3289    0.6909
    0.5529    0.8241    0.1230
...   104 G-C ...
  -45.9504   46.9810  -77.4325
   -0.8561    0.4912   -0.1605
   -0.1774    0.0125    0.9841
    0.4854    0.8710    0.0765
...   105 C-G ...
  -44.6656   49.9766  -77.5127
   -0.8415    0.3800    0.3840
    0.2932   -0.2757    0.9154
    0.4537    0.8829    0.1205
...   106 T-A ...
  -43.3980   53.1462  -77.4321
   -0.5652    0.1275    0.8150
    0.7069   -0.4344    0.5582
    0.4252    0.8917    0.1554
...   107 T-A ...
  -42.2269   56.0800  -76.9884
   -0.1308   -0.1858    0.9738
    0.8996   -0.4352    0.0378
    0.4168    0.8810    0.2241
...   108 C-G ...
  -41.1066   58.9781  -76.0293
    0.3146   -0.4845    0.8162
    0.8407   -0.2570   -0.4766
    0.4407    0.8362    0.3265
...   109 C-G ...
  -39.8896   61.8130  -74.9315
    0.6059   -0.6739    0.4228
    0.5841    0.0161   -0.8115
    0.5401    0.7386    0.4034
...   110 G-C ...
  -37.9695   63.8303  -73.7405
    0.7245   -0.6853   -0.0734
    0.2680    0.3783   -0.8861
    0.6350    0.6223    0.4577
...   111 G-C ...
  -35.4246   65.2629  -72.0893
    0.7107   -0.4258   -0.5600
   -0.0956    0.7301   -0.6766
    0.6970    0.5344    0.4782
...   112 C-G ...
  -32.7153   66.3945  -70.4490
    0.5325    0.0155   -0.8463
   -0.4293    0.8666   -0.2543
    0.7295    0.4987    0.4681
...   113 T-A ...
  -30.1955   67.8031  -68.9137
    0.2427    0.4660   -0.8508
   -0.6163    0.7514    0.2358
    0.7492    0.4672    0.4696
...   114 C-G ...
  -27.8622   69.5590  -67.4547
   -0.1550    0.8173   -0.5549
   -0.6219    0.3557    0.6976
    0.7676    0.4532    0.4532
...   115 G-C ...
  -25.6390   71.0607  -65.5798
   -0.5017    0.8622   -0.0709
   -0.4406   -0.1842    0.8786
    0.7445    0.4720    0.4723
...   116 T-A ...
  -23.2319   73.0078  -64.4624
   -0.6840    0.6243    0.3774
   -0.1279   -0.6120    0.7805
    0.7182    0.4856    0.4984
...   117 A-T ...
  -20.9136   75.1594  -63.1130
   -0.7103    0.1413    0.6896
    0.2636   -0.8550    0.4467
    0.6527    0.4991    0.5700
...   118 T-A ...
  -19.1838   77.3319  -61.5009
   -0.5123   -0.2901    0.8083
    0.5550   -0.8301    0.0539
    0.6554    0.4762    0.5863
...   119 A-T ...
  -17.2756   78.8207  -59.3838
   -0.3345   -0.7189    0.6093
    0.7508   -0.5941   -0.2887
    0.5696    0.3609    0.7385
...   120 A-T ...
  -15.7276   79.9362  -56.7872
    0.0475   -0.9605    0.2740
    0.8331   -0.1132   -0.5414
    0.5510    0.2540    0.7949
...   121 T-A ...
  -14.4740   80.6198  -53.8153
    0.4290   -0.9016   -0.0557
    0.7191    0.3782   -0.5830
    0.5467    0.2100    0.8106
...   122 G-C ...
  -12.6649   80.8288  -50.9178
    0.6794   -0.5710   -0.4608
    0.4144    0.8169   -0.4013
    0.6056    0.0817    0.7916
...   123 T-A ...
  -10.6866   80.4301  -48.3893
    0.7936   -0.1202   -0.5964
    0.0783    0.9923   -0.0959
    0.6033    0.0294    0.7969
...   124 G-C ...
   -8.5610   80.3771  -45.8976
    0.6857    0.4593   -0.5647
   -0.3468    0.8882    0.3014
    0.6400   -0.0108    0.7683
...   125 T-A ...
   -6.2614   79.8471  -43.6500
    0.4131    0.8474   -0.3335
   -0.6411    0.5307    0.5543
    0.6467   -0.0152    0.7626
...   126 C-G ...
   -4.1592   79.7926  -41.2955
   -0.0189    0.9975    0.0682
   -0.7613   -0.0586    0.6457
    0.6481   -0.0397    0.7605
...   127 G-C ...
   -2.5846   79.4675  -38.5081
   -0.4464    0.8363    0.3183
   -0.6802   -0.5483    0.4866
    0.5815    0.0007    0.8136
...   128 A-T ...
   -0.6164   79.2610  -36.0973
   -0.7627    0.3823    0.5217
   -0.3425   -0.9230    0.1755
    0.5486   -0.0449    0.8349
...   129 C-G ...
    1.1764   79.8202  -33.3997
   -0.8625   -0.1390    0.4866
    0.0869   -0.9879   -0.1282
    0.4986   -0.0683    0.8641
...   130 C-G ...
    2.1934   80.0901  -30.1439
   -0.7945   -0.5684    0.2138
    0.4918   -0.8088   -0.3225
    0.3562   -0.1510    0.9221
...   131 A-T ...
    2.6037   78.9741  -27.0038
   -0.5929   -0.7714   -0.2309
    0.7931   -0.5098   -0.3334
    0.1395   -0.3808    0.9141
...   132 A-T ...
    2.7743   77.6394  -24.0417
   -0.0919   -0.8961   -0.4343
    0.9916   -0.0426   -0.1218
    0.0907   -0.4418    0.8925
...   133 A-T ...
    2.6406   76.1219  -21.1155
    0.5026   -0.7674   -0.3980
    0.8619    0.4806    0.1618
    0.0671   -0.4244    0.9030
...   134 T-A ...
    2.3075   74.2307  -18.3903
    0.8657   -0.4293   -0.2574
    0.4984    0.7868    0.3641
    0.0462   -0.4435    0.8951
...   135 G-C ...
    1.4354   72.0970  -15.6050
    0.9809    0.0621    0.1843
   -0.1263    0.9241    0.3607
   -0.1479   -0.3771    0.9143
...   136 T-A ...
    0.5279   69.2393  -13.4689
    0.7351    0.4963    0.4618
   -0.6117    0.7792    0.1365
   -0.2921   -0.3828    0.8764
...   137 G-C ...
   -0.1659   67.4105  -10.8095
    0.1800    0.8794    0.4408
   -0.9276    0.3008   -0.2214
   -0.3274   -0.3691    0.8698
...   138 A-T ...
   -0.1321   66.2180   -7.8217
   -0.3749    0.8570    0.3536
   -0.8857   -0.2184   -0.4098
   -0.2739   -0.4668    0.8409
...   139 G-C ...
   -1.0069   65.6075   -4.9425
   -0.8336    0.5218    0.1811
   -0.5170   -0.6220   -0.5881
   -0.1942   -0.5839    0.7883
...   140 C-G ...
   -0.6975   63.9003   -2.2529
   -0.9992    0.0157   -0.0376
    0.0023   -0.8993   -0.4374
   -0.0406   -0.4371    0.8985
...   141 G-C ...
   -3.4383   60.2385    1.0283
   -0.4425    0.2285   -0.8672
    0.1683   -0.9287   -0.3306
   -0.8808   -0.2922    0.3725
...   142 C-G ...
   -6.3289   59.0834    1.6293
   -0.2970   -0.3280   -0.8968
    0.5656   -0.8171    0.1115
   -0.7693   -0.4741    0.4282
...   143 T-A ...
   -8.6768   58.7243    3.6024
   -0.0347   -0.7817   -0.6227
    0.6533   -0.4893    0.5778
   -0.7563   -0.3868    0.5276
...   144 C-G ...
  -11.6545   58.0114    4.7193
    0.2451   -0.9542   -0.1716
    0.6322    0.0231    0.7745
   -0.7350   -0.2983    0.6089
...   145 A-T ...
  -14.1760   56.5669    6.1806
    0.5795   -0.7268    0.3687
    0.3139    0.6165    0.7220
   -0.7521   -0.3027    0.5855
...   146 C-G ...
  -16.4651   53.8949    7.5152
    0.5336   -0.3331    0.7774
   -0.0346    0.9098    0.4136
   -0.8450   -0.2476    0.4739
...   147 A-T ...
  -19.0173   52.0374    8.9260
    0.2452    0.2907    0.9249
   -0.3073    0.9281   -0.2103
   -0.9195   -0.2327    0.3169
