  147 base-pairs
...     1 A-T ...
    0.0000    0.0000    0.0000
    1.0000    0.0000    0.0000
    0.0000    1.0000    0.0000
    0.0000    0.0000    1.0000
...     2 G-C ...
   -0.1404   -1.2353    3.2259
    0.7530    0.6366    0.1668
   -0.6385    0.7681   -0.0490
   -0.1593   -0.0696    0.9848
...     3 T-A ...
   -0.0377   -3.2918    6.3749
    0.2722    0.9302    0.2464
   -0.9238    0.3243   -0.2034
   -0.2691   -0.1722    0.9476
...     4 G-C ...
   -0.3520   -4.1638    9.4928
   -0.3756    0.9250    0.0576
   -0.8780   -0.3352   -0.3416
   -0.2967   -0.1788    0.9381
...     5 A-T ...
   -0.4480   -4.1448   12.7498
   -0.8116    0.5839   -0.0166
   -0.5522   -0.7762   -0.3042
   -0.1905   -0.2377    0.9525
...     6 G-C ...
   -1.5926   -4.1701   15.6201
   -0.9976    0.0246   -0.0651
   -0.0043   -0.9555   -0.2950
   -0.0694   -0.2940    0.9533
...     7 C-G ...
   -1.1050   -4.4793   18.7363
   -0.8442   -0.5302   -0.0787
    0.5343   -0.8442   -0.0430
   -0.0437   -0.0784    0.9960
...     8 G-C ...
   -2.4044   -7.7255   23.1483
   -0.2753   -0.3294   -0.9032
    0.6650   -0.7437    0.0686
   -0.6943   -0.5817    0.4238
...     9 C-G ...
   -4.4706   -9.9691   24.1142
    0.1145   -0.7026   -0.7023
    0.8512   -0.2951    0.4341
   -0.5123   -0.6475    0.5642
...    10 T-A ...
   -6.7420  -10.8705   25.9717
    0.4841   -0.8363   -0.2573
    0.6594    0.1554    0.7356
   -0.5752   -0.5257    0.6267
...    11 C-G ...
   -9.1682  -12.6167   27.1662
    0.7073   -0.6683    0.2306
    0.3450    0.6110    0.7125
   -0.6170   -0.4243    0.6627
...    12 A-T ...
  -10.9253  -14.6583   29.0713
    0.7515   -0.1377    0.6452
   -0.2027    0.8824    0.4245
   -0.6278   -0.4498    0.6352
...    13 C-G ...
  -11.8495  -17.4796   31.2472
    0.4294    0.2824    0.8578
   -0.5708    0.8209    0.0155
   -0.6998   -0.4963    0.5137
...    14 A-T ...
  -13.5915  -19.7756   33.4284
   -0.1503    0.6106    0.7775
   -0.6874    0.5007   -0.5261
   -0.7106   -0.6135    0.3445
...    15 A-T ...
  -15.7468  -21.9051   34.5555
   -0.4965    0.7927    0.3538
   -0.4675    0.0992   -0.8784
   -0.7314   -0.6016    0.3213
...    16 T-A ...
  -17.8747  -23.8644   36.3211
   -0.6942    0.7050   -0.1450
   -0.1221   -0.3139   -0.9416
   -0.7093   -0.6360    0.3040
...    17 T-A ...
  -20.1948  -25.7717   37.6795
   -0.6547    0.3796   -0.6537
    0.3148   -0.6493   -0.6923
   -0.6873   -0.6590    0.3055
...    18 T-A ...
  -22.5187  -27.7155   38.6890
   -0.3359    0.0368   -0.9412
    0.6041   -0.7583   -0.2452
   -0.7227   -0.6509    0.2325
...    19 A-T ...
  -24.9964  -29.6790   39.0560
    0.1127   -0.1247   -0.9858
    0.6629   -0.7296    0.1681
   -0.7402   -0.6724    0.0004
...    20 T-A ...
  -27.8291  -31.3169   38.7340
    0.4399   -0.4356   -0.7853
    0.5180   -0.5912    0.6181
   -0.7336   -0.6787   -0.0344
...    21 T-A ...
  -30.3491  -33.3793   38.3023
    0.6737   -0.6552   -0.3419
    0.1900   -0.2935    0.9369
   -0.7142   -0.6961   -0.0732
...    22 C-G ...
  -32.5753  -35.7250   37.9050
    0.6930   -0.6807    0.2377
   -0.2369    0.0964    0.9667
   -0.6809   -0.7262   -0.0944
...    23 G-C ...
  -34.6254  -38.3522   38.3267
    0.5214   -0.4346    0.7343
   -0.6345    0.3780    0.6742
   -0.5706   -0.8174   -0.0787
...    24 C-G ...
  -36.1659  -41.1962   37.9323
    0.1450   -0.1363    0.9800
   -0.8164    0.5430    0.1964
   -0.5589   -0.8286   -0.0325
...    25 A-T ...
  -38.3823  -43.6157   37.7384
   -0.3280    0.2076    0.9216
   -0.7544    0.5297   -0.3878
   -0.5686   -0.8224   -0.0172
...    26 A-T ...
  -40.0748  -46.4335   37.8658
   -0.7090    0.4386    0.5523
   -0.4363    0.3426   -0.8321
   -0.5541   -0.8308   -0.0515
...    27 A-T ...
  -41.7023  -49.2518   38.0201
   -0.8475    0.5304   -0.0198
    0.0655    0.0675   -0.9956
   -0.5267   -0.8451   -0.0920
...    28 G-C ...
  -43.7033  -51.9438   38.1617
   -0.6539    0.5493   -0.5203
    0.4858   -0.2224   -0.8453
   -0.5801   -0.8055   -0.1214
...    29 G-C ...
  -46.0779  -54.4386   37.9247
   -0.2229    0.4568   -0.8612
    0.7571   -0.4754   -0.4481
   -0.6141   -0.7519   -0.2399
...    30 C-G ...
  -48.5230  -56.4641   37.1685
    0.2565    0.2253   -0.9399
    0.7531   -0.6562    0.0482
   -0.6059   -0.7202   -0.3380
...    31 C-G ...
  -50.7746  -58.5361   35.9150
    0.6815   -0.0606   -0.7293
    0.4863   -0.7073    0.5131
   -0.5469   -0.7043   -0.4525
...    32 G-C ...
  -52.0212  -60.7740   34.3149
    0.8968   -0.2892   -0.3347
    0.0668   -0.6595    0.7487
   -0.4373   -0.6938   -0.5721
...    33 G-C ...
  -52.7290  -63.0997   31.9614
    0.8204   -0.5551    0.1369
   -0.4493   -0.4779    0.7548
   -0.3535   -0.6808   -0.6415
...    34 C-G ...
  -53.3222  -65.3798   29.6955
    0.4587   -0.7124    0.5311
   -0.8366   -0.1448    0.5283
   -0.2995   -0.6866   -0.6625
...    35 C-G ...
  -53.9297  -67.9396   27.5437
   -0.0892   -0.6860    0.7221
   -0.9634    0.2435    0.1124
   -0.2530   -0.6856   -0.6826
...    36 C-G ...
  -54.5494  -70.3977   25.3552
   -0.5879   -0.4410    0.6782
   -0.7710    0.5593   -0.3047
   -0.2449   -0.7020   -0.6688
...    37 G-C ...
  -55.8138  -71.9070   22.4764
   -0.9033   -0.0204    0.4286
   -0.3028    0.7380   -0.6031
   -0.3040   -0.6745   -0.6728
...    38 A-T ...
  -56.4881  -74.0323   20.2939
   -0.9113    0.4110    0.0235
    0.2783    0.6572   -0.7005
   -0.3033   -0.6318   -0.7133
...    39 C-G ...
  -57.8761  -76.1222   18.3186
   -0.6313    0.7249   -0.2756
    0.6973    0.3750   -0.6109
   -0.3395   -0.5778   -0.7422
...    40 A-T ...
  -59.2090  -77.9568   15.9347
   -0.1285    0.8922   -0.4329
    0.9177   -0.0585   -0.3929
   -0.3758   -0.4478   -0.8113
...    41 C-G ...
  -60.8392  -78.9106   13.3265
    0.3629    0.7982   -0.4808
    0.8621   -0.4835   -0.1519
   -0.3537   -0.3594   -0.8636
...    42 G-C ...
  -61.5507  -80.1558   10.3271
    0.8101    0.4535   -0.3715
    0.5087   -0.8588    0.0608
   -0.2915   -0.2382   -0.9264
...    43 A-T ...
  -62.4532  -80.8033    7.3709
    0.9594   -0.1122   -0.2588
   -0.0464   -0.9678    0.2476
   -0.2782   -0.2255   -0.9337
...    44 C-G ...
  -63.1550  -80.8178    4.1397
    0.8156   -0.5765   -0.0504
   -0.5369   -0.7864    0.3055
   -0.2157   -0.2221   -0.9509
...    45 T-A ...
  -63.1679  -81.2031    0.5068
    0.3997   -0.9104    0.1070
   -0.8949   -0.3623    0.2605
   -0.1984   -0.1998   -0.9595
...    46 T-A ...
  -63.2651  -81.4825   -2.7875
   -0.0820   -0.9828    0.1652
   -0.9771    0.1120    0.1810
   -0.1964   -0.1466   -0.9695
...    47 A-T ...
  -64.1076  -81.8016   -5.9959
   -0.6522   -0.7215    0.2324
   -0.7320    0.6791    0.0542
   -0.1970   -0.1348   -0.9711
...    48 C-G ...
  -64.3684  -82.7814   -9.1755
   -0.9360   -0.2660    0.2307
   -0.2869    0.9560   -0.0618
   -0.2041   -0.1240   -0.9711
...    49 T-A ...
  -65.1423  -83.6532  -12.3192
   -0.9315    0.2720    0.2414
    0.2333    0.9561   -0.1771
   -0.2790   -0.1086   -0.9541
...    50 G-C ...
  -66.3630  -83.8422  -15.4465
   -0.6182    0.7453    0.2497
    0.6949    0.6667   -0.2695
   -0.3673    0.0070   -0.9301
...    51 T-A ...
  -68.1713  -84.0870  -18.1879
   -0.1894    0.9727    0.1344
    0.9078    0.2256   -0.3537
   -0.3743    0.0550   -0.9257
...    52 T-A ...
  -69.5550  -83.7643  -21.0912
    0.3516    0.9356   -0.0311
    0.8651   -0.3374   -0.3711
   -0.3577    0.1035   -0.9281
...    53 C-G ...
  -70.3271  -83.1559  -24.1133
    0.7918    0.5971   -0.1282
    0.5269   -0.7741   -0.3509
   -0.3088    0.2103   -0.9276
...    54 A-T ...
  -71.6913  -81.4303  -26.8695
    0.9795    0.1313   -0.1528
    0.0643   -0.9225   -0.3806
   -0.1909    0.3629   -0.9121
...    55 T-A ...
  -72.1313  -79.7917  -29.6130
    0.9019   -0.3355   -0.2721
   -0.4086   -0.8671   -0.2851
   -0.1403    0.3683   -0.9191
...    56 G-C ...
  -72.2306  -78.3167  -32.6671
    0.5307   -0.7814   -0.3283
   -0.8437   -0.5238   -0.1173
   -0.0803    0.3393   -0.9373
...    57 T-A ...
  -71.8708  -76.9489  -35.7041
    0.0200   -0.9378   -0.3465
   -0.9969   -0.0452    0.0647
   -0.0764    0.3441   -0.9358
...    58 T-A ...
  -71.8800  -75.8626  -38.7069
   -0.5236   -0.8040   -0.2819
   -0.8500    0.4709    0.2360
   -0.0570    0.3632   -0.9300
...    59 A-T ...
  -72.2860  -74.4464  -41.7095
   -0.9139   -0.3982   -0.0784
   -0.3972    0.8376    0.3750
   -0.0837    0.3739   -0.9237
...    60 T-A ...
  -72.4114  -73.8947  -44.8821
   -0.9939    0.0561    0.0951
    0.0889    0.9177    0.3872
   -0.0656    0.3933   -0.9171
...    61 A-T ...
  -72.6958  -72.4510  -47.8190
   -0.7902    0.4871    0.3719
    0.5936    0.7591    0.2670
   -0.1523    0.4318   -0.8890
...    62 A-T ...
  -73.3693  -71.1553  -50.5990
   -0.3732    0.7728    0.5132
    0.9115    0.4087    0.0474
   -0.1731    0.4855   -0.8569
...    63 C-G ...
  -74.7347  -69.6008  -53.2804
    0.1525    0.8476    0.5082
    0.9740   -0.0418   -0.2226
   -0.1674    0.5289   -0.8320
...    64 G-C ...
  -74.7718  -67.5383  -55.7735
    0.6243    0.5927    0.5089
    0.7768   -0.4026   -0.4842
   -0.0821    0.6976   -0.7118
...    65 G-C ...
  -74.6914  -64.8082  -57.6042
    0.9300    0.2274    0.2888
    0.3676   -0.5788   -0.7279
    0.0016    0.7831   -0.6218
...    66 A-T ...
  -74.6279  -62.0324  -59.3741
    0.9778   -0.1698   -0.1230
   -0.2002   -0.5814   -0.7886
    0.0624    0.7957   -0.6024
...    67 A-T ...
  -74.2081  -59.3818  -61.1220
    0.7099   -0.4773   -0.5180
   -0.6977   -0.3760   -0.6097
    0.0962    0.7942   -0.5999
...    68 G-C ...
  -73.4140  -56.6600  -62.9224
    0.2420   -0.6300   -0.7379
   -0.9615   -0.0536   -0.2696
    0.1303    0.7747   -0.6188
...    69 G-C ...
  -71.9880  -54.0386  -65.0598
   -0.2841   -0.6054   -0.7435
   -0.9503    0.2808    0.1345
    0.1273    0.7448   -0.6551
...    70 T-A ...
  -71.2400  -51.8672  -67.3906
   -0.7229   -0.3822   -0.5756
   -0.6798    0.5424    0.4936
    0.1236    0.7481   -0.6519
...    71 A-T ...
  -70.6478  -49.7263  -69.9828
   -0.9841   -0.0635   -0.1657
   -0.1649    0.6714    0.7225
    0.0654    0.7384   -0.6712
...    72 T-A ...
  -70.4935  -47.8343  -72.6665
   -0.9439    0.2598    0.2037
    0.3241    0.6117    0.7216
    0.0628    0.7472   -0.6616
...    73 C-G ...
  -70.6157  -45.4319  -75.0586
   -0.5721    0.5490    0.6093
    0.8185    0.3351    0.4667
    0.0520    0.7657   -0.6411
...    74 T-A ...
  -70.8359  -42.8487  -77.0939
   -0.0992    0.5709    0.8150
    0.9947    0.0337    0.0974
    0.0281    0.8203   -0.5713
...    75 C-G ...
  -70.7800  -39.9922  -78.6870
    0.4464    0.4395    0.7795
    0.8947   -0.2334   -0.3808
    0.0146    0.8674   -0.4974
...    76 G-C ...
  -70.2835  -37.1348  -80.1577
    0.7851    0.0938    0.6122
    0.6032   -0.3403   -0.7213
    0.1407    0.9356   -0.3238
...    77 A-T ...
  -69.8014  -33.9851  -81.0903
    0.9779   -0.1592    0.1357
    0.0804   -0.3129   -0.9464
    0.1932    0.9363   -0.2932
...    78 G-C ...
  -68.9717  -30.8397  -81.7018
    0.8786   -0.3339   -0.3414
   -0.4108   -0.1639   -0.8969
    0.2435    0.9283   -0.2812
...    79 C-G ...
  -67.7546  -27.7193  -82.3215
    0.4814   -0.3971   -0.7814
   -0.8315    0.0751   -0.5504
    0.2772    0.9147   -0.2940
...    80 T-A ...
  -66.5919  -24.7623  -83.1604
   -0.0136   -0.3164   -0.9485
   -0.9556    0.2832   -0.0808
    0.2942    0.9054   -0.3062
...    81 C-G ...
  -65.7556  -21.7962  -84.2867
   -0.5595   -0.1196   -0.8201
   -0.7734    0.4311    0.4648
    0.2980    0.8943   -0.3337
...    82 G-C ...
  -65.4089  -18.5269  -84.9650
   -0.9040    0.0751   -0.4208
   -0.3485    0.4406    0.8273
    0.2476    0.8946   -0.3721
...    83 G-C ...
  -64.5399  -15.6254  -86.3097
   -0.9671    0.2324    0.1034
    0.1733    0.3045    0.9366
    0.1862    0.9237   -0.3348
...    84 G-C ...
  -64.1313  -12.5936  -87.6635
   -0.7532    0.2490    0.6089
    0.6518    0.1580    0.7417
    0.0885    0.9555   -0.2813
...    85 A-T ...
  -64.0597   -9.4750  -88.7073
   -0.2523    0.2528    0.9340
    0.9650   -0.0057    0.2622
    0.0716    0.9675   -0.2425
...    86 T-A ...
  -64.4756   -6.2882  -89.4374
    0.2617    0.1803    0.9481
    0.9623   -0.1238   -0.2421
    0.0737    0.9758   -0.2059
...    87 C-G ...
  -64.3825   -3.0352  -89.8667
    0.7566    0.0331    0.6530
    0.6464   -0.1885   -0.7394
    0.0986    0.9815   -0.1640
...    88 C-G ...
  -64.1665    0.2193  -90.1855
    0.9580   -0.1866    0.2177
    0.1887   -0.1613   -0.9687
    0.2158    0.9691   -0.1193
...    89 G-C ...
  -63.2387    3.2696  -90.9536
    0.8766   -0.3778   -0.2982
   -0.3176    0.0113   -0.9481
    0.3616    0.9258   -0.1101
...    90 C-G ...
  -61.5959    6.3129  -90.9380
    0.5378   -0.3203   -0.7798
   -0.7486    0.2440   -0.6165
    0.3877    0.9154   -0.1086
...    91 T-A ...
  -59.6951    9.1602  -91.4241
    0.0322   -0.1324   -0.9907
   -0.8972    0.4330   -0.0871
    0.4405    0.8916   -0.1048
...    92 T-A ...
  -57.8978   11.8475  -91.8205
   -0.4654    0.1822   -0.8661
   -0.7574    0.4244    0.4963
    0.4580    0.8870   -0.0595
...    93 T-A ...
  -56.1585   14.5762  -92.1934
   -0.7959    0.4154   -0.4404
   -0.3735    0.2356    0.8972
    0.4765    0.8786   -0.0324
...    94 A-T ...
  -54.5964   17.4474  -91.8385
   -0.8631    0.4826    0.1487
    0.1367   -0.0602    0.9888
    0.4861    0.8738   -0.0140
...    95 A-T ...
  -53.1566   20.2617  -92.0232
   -0.6804    0.3466    0.6457
    0.5607   -0.3210    0.7632
    0.4718    0.8814    0.0240
...    96 C-G ...
  -52.1478   23.4232  -92.2804
   -0.3282    0.1015    0.9392
    0.8234   -0.4565    0.3370
    0.4629    0.8839    0.0662
...    97 A-T ...
  -50.8240   26.4394  -91.9193
    0.0963   -0.2692    0.9582
    0.8842   -0.4189   -0.2066
    0.4571    0.8672    0.1977
...    98 C-G ...
  -49.8334   29.4239  -90.8043
    0.5006   -0.4837    0.7180
    0.7279   -0.2137   -0.6515
    0.4686    0.8487    0.2451
...    99 T-A ...
  -48.4223   32.3281  -89.2264
    0.7817   -0.5798    0.2296
    0.3514    0.1054   -0.9303
    0.5152    0.8079    0.2861
...   100 T-A ...
  -46.7822   34.7986  -87.8904
    0.8494   -0.4101   -0.3322
   -0.1447    0.4244   -0.8938
    0.5075    0.8073    0.3012
...   101 T-A ...
  -45.0532   37.2443  -86.6627
    0.6309   -0.1006   -0.7693
   -0.5871    0.5863   -0.5582
    0.5072    0.8038    0.3109
...   102 A-T ...
  -43.5221   40.0943  -85.7575
    0.1634    0.2526   -0.9537
   -0.8401    0.5424   -0.0003
    0.5172    0.8013    0.3008
...   103 T-A ...
  -41.2270   42.3001  -84.9705
   -0.2515    0.4628   -0.8500
   -0.8159    0.3710    0.4434
    0.5206    0.8051    0.2843
...   104 G-C ...
  -39.4115   45.0009  -84.3284
   -0.7373    0.5188   -0.4328
   -0.4819    0.0453    0.8751
    0.4735    0.8537    0.2166
...   105 C-G ...
  -38.0325   47.9492  -84.0338
   -0.9013    0.4231    0.0930
   -0.0222   -0.2596    0.9655
    0.4327    0.8681    0.2433
...   106 T-A ...
  -36.7505   51.0917  -83.5988
   -0.7815    0.1770    0.5982
    0.4810   -0.4396    0.7585
    0.3973    0.8806    0.2584
...   107 T-A ...
  -35.6442   54.0012  -82.8832
   -0.4242   -0.1412    0.8945
    0.8257   -0.4660    0.3180
    0.3719    0.8734    0.3143
...   108 C-G ...
  -34.7144   56.9090  -81.7217
    0.0472   -0.4551    0.8892
    0.9295   -0.3060   -0.2060
    0.3658    0.8362    0.4086
...   109 C-G ...
  -33.7300   59.7604  -80.4351
    0.4346   -0.6700    0.6018
    0.7876   -0.0413   -0.6148
    0.4368    0.7412    0.5098
...   110 G-C ...
  -32.1524   61.8215  -78.8670
    0.6880   -0.7085    0.1571
    0.5132    0.3219   -0.7956
    0.5132    0.6280    0.5851
...   111 G-C ...
  -30.1215   63.3089  -76.6609
    0.8139   -0.4772   -0.3313
    0.1148    0.6912   -0.7135
    0.5695    0.5427    0.6174
...   112 C-G ...
  -27.9085   64.4710  -74.4152
    0.7317   -0.0502   -0.6798
   -0.3145    0.8599   -0.4020
    0.6048    0.5079    0.6134
...   113 T-A ...
  -25.8026   65.8954  -72.3542
    0.4637    0.4003   -0.7904
   -0.6233    0.7814    0.0301
    0.6296    0.4787    0.6119
...   114 C-G ...
  -23.8333   67.7194  -70.5093
    0.0186    0.7784   -0.6275
   -0.7503    0.4257    0.5059
    0.6609    0.4613    0.5919
...   115 G-C ...
  -22.0398   69.3206  -68.2825
   -0.4294    0.8707   -0.2398
   -0.6321   -0.1000    0.7684
    0.6451    0.4815    0.5933
...   116 T-A ...
  -19.8406   71.2654  -66.7866
   -0.7151    0.6763    0.1766
   -0.3230   -0.5438    0.7745
    0.6199    0.4968    0.6074
...   117 A-T ...
  -17.7471   73.3906  -65.0980
   -0.8205    0.2216    0.5270
    0.1253   -0.8297    0.5439
    0.5578    0.5123    0.6530
...   118 T-A ...
  -16.2278   75.6048  -63.3177
   -0.6656   -0.2082    0.7167
    0.4900   -0.8462    0.2093
    0.5629    0.4905    0.6652
...   119 A-T ...
  -14.5836   77.1676  -60.9990
   -0.4423   -0.6653    0.6014
    0.7643   -0.6305   -0.1354
    0.4693    0.3997    0.7874
...   120 A-T ...
  -13.3747   78.4482  -58.2952
   -0.0182   -0.9382    0.3455
    0.8943   -0.1698   -0.4140
    0.4471    0.3015    0.8421
...   121 T-A ...
  -12.4941   79.3314  -55.2431
    0.4064   -0.9114    0.0641
    0.7984    0.3201   -0.5100
    0.4443    0.2584    0.8578
...   122 G-C ...
  -11.0348   79.7304  -52.1533
    0.7096   -0.6177   -0.3391
    0.4836    0.7769   -0.4032
    0.5125    0.1221    0.8500
...   123 T-A ...
   -9.3637   79.4666  -49.4034
    0.8480   -0.1803   -0.4983
    0.1191    0.9811   -0.1522
    0.5164    0.0697    0.8535
...   124 G-C ...
   -7.4850   79.5391  -46.7142
    0.7497    0.4009   -0.5265
   -0.3446    0.9157    0.2065
    0.5649    0.0266    0.8247
...   125 T-A ...
   -5.4196   79.1211  -44.2366
    0.4662    0.8118   -0.3516
   -0.6692    0.5835    0.4600
    0.5786    0.0208    0.8153
...   126 C-G ...
   -3.5131   79.2130  -41.7262
    0.0072    1.0000    0.0028
   -0.8102    0.0042    0.5861
    0.5861   -0.0066    0.8102
...   127 G-C ...
   -2.1789   79.0231  -38.7955
   -0.4400    0.8604    0.2572
   -0.7210   -0.5092    0.4700
    0.5353    0.0213    0.8444
...   128 A-T ...
   -0.3541   78.8861  -36.2607
   -0.7780    0.4184    0.4687
   -0.3717   -0.9080    0.1936
    0.5066   -0.0236    0.8619
...   129 C-G ...
    1.3262   79.5044  -33.4948
   -0.8850   -0.1064    0.4534
    0.0722   -0.9931   -0.0922
    0.4601   -0.0489    0.8865
...   130 C-G ...
    2.2644   79.8385  -30.2277
   -0.8085   -0.5527    0.2022
    0.4915   -0.8231   -0.2845
    0.3236   -0.1307    0.9371
...   131 A-T ...
    2.6644   78.8163  -27.0694
   -0.5902   -0.7756   -0.2239
    0.7980   -0.5186   -0.3070
    0.1220   -0.3598    0.9250
...   132 A-T ...
    2.8068   77.5648  -24.0722
   -0.0875   -0.9027   -0.4213
    0.9932   -0.0462   -0.1071
    0.0772   -0.4277    0.9006
...   133 A-T ...
    2.6391   76.0856  -21.1266
    0.5050   -0.7717   -0.3866
    0.8612    0.4808    0.1650
    0.0585   -0.4162    0.9074
...   134 T-A ...
    2.3075   74.2307  -18.3903
    0.8657   -0.4293   -0.2574
    0.4984    0.7868    0.3641
    0.0462   -0.4435    0.8951
...   135 G-C ...
    1.4353   72.0970  -15.6050
    0.9809    0.0621    0.1843
   -0.1263    0.9241    0.3607
   -0.1479   -0.3771    0.9143
...   136 T-A ...
    0.5278   69.2393  -13.4689
    0.7351    0.4963    0.4618
   -0.6117    0.7792    0.1365
   -0.2921   -0.3828    0.8764
...   137 G-C ...
   -0.1660   67.4105  -10.8095
    0.1800    0.8794    0.4408
   -0.9276    0.3008   -0.2214
   -0.3274   -0.3691    0.8698
...   138 A-T ...
   -0.1322   66.2180   -7.8217
   -0.3749    0.8570    0.3536
   -0.8857   -0.2184   -0.4098
   -0.2739   -0.4668    0.8409
...   139 G-C ...
   -1.0070   65.6075   -4.9425
   -0.8336    0.5218    0.1811
   -0.5170   -0.6220   -0.5881
   -0.1942   -0.5839    0.7883
...   140 C-G ...
   -0.6975   63.9003   -2.2529
   -0.9992    0.0157   -0.0376
    0.0023   -0.8993   -0.4374
   -0.0406   -0.4371    0.8985
...   141 G-C ...
   -3.4383   60.2385    1.0283
   -0.4425    0.2285   -0.8672
    0.1683   -0.9287   -0.3306
   -0.8808   -0.2922    0.3725
...   142 C-G ...
   -6.3289   59.0834    1.6293
   -0.2970   -0.3280   -0.8968
    0.5656   -0.8171    0.1115
   -0.7693   -0.4741    0.4282
...   143 T-A ...
   -8.6769   58.7243    3.6024
   -0.0347   -0.7817   -0.6227
    0.6533   -0.4893    0.5778
   -0.7563   -0.3868    0.5276
...   144 C-G ...
  -11.6545   58.0114    4.7193
    0.2451   -0.9542   -0.1716
    0.6322    0.0231    0.7745
   -0.7350   -0.2983    0.6089
...   145 A-T ...
  -14.1761   56.5669    6.1806
    0.5795   -0.7268    0.3687
    0.3139    0.6165    0.7220
   -0.7521   -0.3027    0.5855
...   146 C-G ...
  -16.4652   53.8949    7.5152
    0.5336   -0.3331    0.7774
   -0.0346    0.9098    0.4136
   -0.8450   -0.2476    0.4739
...   147 A-T ...
  -19.0173   52.0374    8.9260
    0.2452    0.2907    0.9249
   -0.3073    0.9281   -0.2103
   -0.9195   -0.2327    0.3169
