  147 base-pairs
...     1 A-T ...
    0.0000    0.0000    0.0000
    1.0000    0.0000    0.0000
    0.0000    1.0000    0.0000
    0.0000    0.0000    1.0000
...     2 G-C ...
   -0.1404   -1.2353    3.2259
    0.7530    0.6366    0.1668
   -0.6385    0.7681   -0.0490
   -0.1593   -0.0696    0.9848
...     3 T-A ...
   -0.0377   -3.2918    6.3749
    0.2722    0.9302    0.2464
   -0.9238    0.3243   -0.2034
   -0.2691   -0.1722    0.9476
...     4 G-C ...
   -0.3520   -4.1638    9.4928
   -0.3756    0.9250    0.0576
   -0.8780   -0.3352   -0.3416
   -0.2967   -0.1788    0.9381
...     5 A-T ...
   -0.4480   -4.1448   12.7498
   -0.8116    0.5839   -0.0166
   -0.5522   -0.7762   -0.3042
   -0.1905   -0.2377    0.9525
...     6 G-C ...
   -1.5926   -4.1701   15.6201
   -0.9976    0.0246   -0.0651
   -0.0043   -0.9555   -0.2950
   -0.0694   -0.2940    0.9533
...     7 C-G ...
   -1.1050   -4.4793   18.7363
   -0.8442   -0.5302   -0.0787
    0.5343   -0.8442   -0.0430
   -0.0437   -0.0784    0.9960
...     8 G-C ...
   -2.4044   -7.7255   23.1483
   -0.2753   -0.3294   -0.9032
    0.6650   -0.7437    0.0686
   -0.6943   -0.5817    0.4238
...     9 C-G ...
   -4.4706   -9.9691   24.1142
    0.1145   -0.7026   -0.7023
    0.8512   -0.2951    0.4341
   -0.5123   -0.6475    0.5642
...    10 T-A ...
   -6.7420  -10.8705   25.9717
    0.4841   -0.8363   -0.2573
    0.6594    0.1554    0.7356
   -0.5752   -0.5257    0.6267
...    11 C-G ...
   -9.1682  -12.6167   27.1662
    0.7073   -0.6683    0.2306
    0.3450    0.6110    0.7125
   -0.6170   -0.4243    0.6627
...    12 A-T ...
  -10.9253  -14.6583   29.0713
    0.7515   -0.1377    0.6452
   -0.2027    0.8824    0.4245
   -0.6278   -0.4498    0.6352
...    13 C-G ...
  -11.8495  -17.4796   31.2472
    0.4294    0.2824    0.8578
   -0.5708    0.8209    0.0155
   -0.6998   -0.4963    0.5137
...    14 A-T ...
  -13.5915  -19.7756   33.4284
   -0.1503    0.6106    0.7775
   -0.6874    0.5007   -0.5261
   -0.7106   -0.6135    0.3445
...    15 A-T ...
  -15.6929  -21.8574   34.7573
   -0.5050    0.7817    0.3660
   -0.4766    0.1009   -0.8733
   -0.7196   -0.6154    0.3216
...    16 T-A ...
  -17.7946  -23.7410   36.4197
   -0.6577    0.7454   -0.1083
   -0.1645   -0.2825   -0.9451
   -0.7351   -0.6038    0.3084
...    17 T-A ...
  -20.1872  -25.5279   37.6340
   -0.6057    0.5130   -0.6082
    0.2138   -0.6313   -0.7455
   -0.7664   -0.5816    0.2728
...    18 T-A ...
  -22.7854  -27.1619   38.5989
   -0.3511    0.1438   -0.9252
    0.4932   -0.8115   -0.3133
   -0.7959   -0.5663    0.2140
...    19 A-T ...
  -25.8896  -28.4000   38.9623
    0.1035   -0.1185   -0.9875
    0.5469   -0.8225    0.1560
   -0.8308   -0.5563   -0.0204
...    20 T-A ...
  -28.8766  -29.6440   38.5598
    0.3805   -0.4785   -0.7913
    0.4129   -0.6778    0.6084
   -0.8275   -0.5582   -0.0604
...    21 T-A ...
  -31.6216  -31.2750   38.0600
    0.5557   -0.7592   -0.3389
    0.1203   -0.3299    0.9363
   -0.8227   -0.5610   -0.0920
...    22 C-G ...
  -34.1618  -33.2397   37.5489
    0.5425   -0.8022    0.2495
   -0.2465    0.1319    0.9601
   -0.8031   -0.5823   -0.1262
...    23 G-C ...
  -36.8095  -35.2099   37.5613
    0.3712   -0.5645    0.7372
   -0.5447    0.5106    0.6653
   -0.7520   -0.6486   -0.1180
...    24 C-G ...
  -39.0167  -37.6128   37.0404
    0.0345   -0.1941    0.9804
   -0.6659    0.7271    0.1673
   -0.7453   -0.6586   -0.1042
...    25 A-T ...
  -41.6231  -39.5790   36.6642
   -0.2993    0.2831    0.9112
   -0.5750    0.7085   -0.4090
   -0.7614   -0.6464   -0.0493
...    26 A-T ...
  -43.9251  -41.8711   36.6829
   -0.5823    0.6153    0.5314
   -0.2922    0.4515   -0.8431
   -0.7587   -0.6462   -0.0831
...    27 A-T ...
  -46.3472  -44.0192   36.6874
   -0.6376    0.7703   -0.0129
    0.0895    0.0575   -0.9943
   -0.7652   -0.6351   -0.1056
...    28 G-C ...
  -48.9897  -45.9521   36.6305
   -0.4299    0.7609   -0.4860
    0.4022   -0.3205   -0.8576
   -0.8083   -0.5641   -0.1683
...    29 G-C ...
  -51.9552  -47.4900   36.2760
   -0.0582    0.5680   -0.8210
    0.5476   -0.6695   -0.5020
   -0.8347   -0.4788   -0.2720
...    30 C-G ...
  -54.9121  -48.5364   35.3948
    0.3016    0.1875   -0.9348
    0.4779   -0.8781   -0.0220
   -0.8250   -0.4401   -0.3544
...    31 C-G ...
  -57.7020  -49.5469   33.8158
    0.5974   -0.2289   -0.7686
    0.2150   -0.8776    0.4285
   -0.7726   -0.4212   -0.4751
...    32 G-C ...
  -59.9299  -51.2436   32.0562
    0.7124   -0.5999   -0.3641
   -0.1988   -0.6702    0.7151
   -0.6730   -0.4370   -0.5967
...    33 G-C ...
  -61.7742  -52.7073   29.6389
    0.5462   -0.8312    0.1041
   -0.5838   -0.2885    0.7589
   -0.6007   -0.4753   -0.6428
...    34 C-G ...
  -63.3715  -54.3659   27.2617
    0.1559   -0.8485    0.5057
   -0.8046    0.1879    0.5633
   -0.5730   -0.4947   -0.6534
...    35 C-G ...
  -65.0381  -56.2665   25.0378
   -0.2808   -0.5951    0.7530
   -0.7750    0.6034    0.1879
   -0.5662   -0.5309   -0.6306
...    36 C-G ...
  -66.7609  -58.2791   22.9600
   -0.6263   -0.1534    0.7644
   -0.5027    0.8289   -0.2455
   -0.5959   -0.5380   -0.5962
...    37 G-C ...
  -68.8218  -59.6334   20.7447
   -0.7440    0.3705    0.5561
   -0.0626    0.7898   -0.6101
   -0.6652   -0.4888   -0.5644
...    38 A-T ...
  -70.9180  -61.3371   18.9308
   -0.6179    0.7741    0.1381
    0.3866    0.4520   -0.8039
   -0.6847   -0.4434   -0.5785
...    39 C-G ...
  -73.4741  -62.8450   17.5597
   -0.3054    0.9193   -0.2480
    0.6473    0.0094   -0.7622
   -0.6984   -0.3934   -0.5980
...    40 A-T ...
  -75.8833  -64.0011   15.5716
    0.1905    0.8432   -0.5027
    0.6906   -0.4791   -0.5418
   -0.6977   -0.2440   -0.6735
...    41 C-G ...
  -78.4698  -64.2447   13.6184
    0.5524    0.5164   -0.6544
    0.4941   -0.8351   -0.2419
   -0.6713   -0.1897   -0.7165
...    42 G-C ...
  -80.3599  -64.8491   10.9770
    0.8292    0.0409   -0.5574
    0.0944   -0.9932    0.0677
   -0.5509   -0.1088   -0.8274
...    43 A-T ...
  -81.9600  -65.0475    8.1547
    0.7668   -0.5169   -0.3806
   -0.4095   -0.8505    0.3300
   -0.4943   -0.0972   -0.8639
...    44 C-G ...
  -83.0863  -64.9385    5.0532
    0.4675   -0.8724   -0.1427
   -0.7568   -0.4784    0.4455
   -0.4569   -0.1003   -0.8838
...    45 T-A ...
  -84.1898  -65.2838    1.9651
    0.0294   -0.9908    0.1323
   -0.9088    0.0286    0.4163
   -0.4163   -0.1324   -0.8995
...    46 T-A ...
  -85.1873  -65.7308   -1.1040
   -0.5084   -0.8077    0.2984
   -0.7648    0.5828    0.2744
   -0.3956   -0.0887   -0.9141
...    47 A-T ...
  -86.6572  -65.6320   -4.1049
   -0.8844   -0.2864    0.3685
   -0.2861    0.9565    0.0569
   -0.3688   -0.0551   -0.9279
...    48 C-G ...
  -87.8495  -66.4079   -7.0943
   -0.9008    0.2418    0.3607
    0.2093    0.9695   -0.1271
   -0.3805   -0.0390   -0.9240
...    49 T-A ...
  -89.3367  -66.7453  -10.0146
   -0.6459    0.6982    0.3089
    0.6394    0.7157   -0.2810
   -0.4172    0.0160   -0.9087
...    50 G-C ...
  -90.8190  -66.4875  -12.9721
   -0.1507    0.9581    0.2435
    0.8819    0.2416   -0.4048
   -0.4466    0.1537   -0.8814
...    51 T-A ...
  -92.8029  -65.8880  -15.4920
    0.3313    0.9408    0.0710
    0.8418   -0.2608   -0.4726
   -0.4261    0.2164   -0.8784
...    52 A-T ...
  -94.4772  -64.5578  -18.0694
    0.7698    0.6379    0.0201
    0.5619   -0.6625   -0.4954
   -0.3027    0.3926   -0.8685
...    53 G-C ...
  -95.4668  -62.8755  -20.7049
    0.9714    0.1918   -0.1399
    0.1046   -0.8747   -0.4732
   -0.2131    0.4451   -0.8698
...    54 G-C ...
  -95.7583  -60.9407  -23.4537
    0.9041   -0.3268   -0.2752
   -0.4158   -0.8209   -0.3915
   -0.0979    0.4684   -0.8781
...    55 T-A ...
  -95.6070  -58.9855  -26.0982
    0.5747   -0.7073   -0.4116
   -0.8160   -0.5331   -0.2233
   -0.0614    0.4642   -0.8836
...    56 A-T ...
  -95.8835  -57.5219  -29.0602
   -0.0048   -0.8897   -0.4565
   -0.9994   -0.0116    0.0333
   -0.0349    0.4563   -0.8891
...    57 T-A ...
  -95.2975  -56.1652  -32.0187
   -0.5037   -0.7660   -0.3995
   -0.8635    0.4334    0.2577
   -0.0242    0.4748   -0.8798
...    58 T-A ...
  -95.0671  -54.7828  -34.9569
   -0.9017   -0.3725   -0.2194
   -0.4323    0.7808    0.4510
    0.0033    0.5016   -0.8651
...    59 C-G ...
  -95.0264  -53.2384  -37.8384
   -0.9863    0.1323    0.0985
    0.1641    0.8469    0.5058
   -0.0165    0.5150   -0.8570
...    60 A-T ...
  -95.0492  -51.4119  -40.5926
   -0.7316    0.5132    0.4488
    0.6744    0.6413    0.3660
   -0.0999    0.5704   -0.8152
...    61 T-A ...
  -95.9534  -49.8881  -43.3464
   -0.3097    0.7470    0.5883
    0.9455    0.3074    0.1074
   -0.1007    0.5895   -0.8015
...    62 G-C ...
  -96.3725  -47.6979  -45.8136
    0.2417    0.6981    0.6740
    0.9666   -0.1126   -0.2300
   -0.0847    0.7071   -0.7020
...    63 T-A ...
  -97.1575  -45.1809  -47.7357
    0.6899    0.5072    0.5166
    0.7222   -0.4330   -0.5393
   -0.0498    0.7452   -0.6650
...    64 T-A ...
  -97.4222  -42.5931  -49.6443
    0.9701    0.1660    0.1771
    0.2424   -0.6228   -0.7439
   -0.0132    0.7646   -0.6444
...    65 A-T ...
  -97.1767  -39.8090  -51.4364
    0.9486   -0.2830   -0.1414
   -0.2858   -0.5745   -0.7670
    0.1358    0.7680   -0.6259
...    66 T-A ...
  -96.3624  -37.0046  -52.9383
    0.6867   -0.5327   -0.4946
   -0.7112   -0.3514   -0.6089
    0.1506    0.7699   -0.6201
...    67 A-T ...
  -95.8245  -34.5167  -55.0529
    0.1567   -0.6643   -0.7309
   -0.9697    0.0371   -0.2416
    0.1876    0.7466   -0.6383
...    68 A-T ...
  -94.8713  -32.1730  -57.0957
   -0.4041   -0.5080   -0.7607
   -0.8930    0.3993    0.2077
    0.1982    0.7632   -0.6150
...    69 C-G ...
  -93.7678  -30.0280  -59.3715
   -0.8036   -0.2411   -0.5442
   -0.5629    0.6050    0.5631
    0.1935    0.7588   -0.6219
...    70 G-C ...
  -93.3275  -27.2657  -61.1354
   -0.9939    0.0551   -0.0960
   -0.0383    0.6421    0.7656
    0.1038    0.7646   -0.6361
...    71 G-C ...
  -93.0827  -24.9020  -63.5124
   -0.8737    0.3170    0.3690
    0.4854    0.5192    0.7034
    0.0314    0.7937   -0.6075
...    72 A-T ...
  -93.0436  -22.3850  -65.5647
   -0.4525    0.5132    0.7293
    0.8917    0.2462    0.3799
    0.0154    0.8222   -0.5690
...    73 C-G ...
  -93.6311  -19.7637  -67.4371
    0.0473    0.5264    0.8489
    0.9988   -0.0365   -0.0330
    0.0136    0.8494   -0.5275
...    74 T-A ...
  -93.9092  -16.8420  -68.9049
    0.5276    0.3608    0.7691
    0.8484   -0.2708   -0.4549
    0.0442    0.8924   -0.4490
...    75 C-G ...
  -93.7656  -13.8563  -70.1487
    0.9038    0.0915    0.4180
    0.4175   -0.4029   -0.8145
    0.0939    0.9107   -0.4024
...    76 G-C ...
  -93.1033  -10.9477  -71.5602
    0.9654   -0.2606   -0.0101
   -0.1000   -0.3342   -0.9372
    0.2408    0.9058   -0.3487
...    77 A-T ...
  -92.1490   -8.0031  -72.5566
    0.7316   -0.4418   -0.5191
   -0.6160   -0.1024   -0.7810
    0.2919    0.8912   -0.3471
...    78 G-C ...
  -90.8559   -5.1211  -73.4875
    0.3077   -0.4809   -0.8210
   -0.8898    0.1601   -0.4272
    0.3369    0.8620   -0.3786
...    79 C-G ...
  -89.3285   -2.4858  -74.7435
   -0.2211   -0.3490   -0.9107
   -0.9092    0.4116    0.0629
    0.3529    0.8419   -0.4083
...    80 T-A ...
  -87.9204    0.0619  -76.2929
   -0.6646   -0.1200   -0.7375
   -0.6630    0.5500    0.5079
    0.3447    0.8265   -0.4450
...    81 C-G ...
  -86.7715    2.6850  -77.8677
   -0.9291    0.2066   -0.3067
   -0.1614    0.5196    0.8390
    0.3327    0.8290   -0.4494
...    82 G-C ...
  -85.6946    5.6054  -78.9794
   -0.8988    0.3690    0.2366
    0.3637    0.3265    0.8724
    0.2446    0.8702   -0.4277
...    83 G-C ...
  -85.1160    8.4559  -80.6707
   -0.6000    0.4042    0.6904
    0.7768    0.0880    0.6235
    0.1912    0.9104   -0.3668
...    84 G-C ...
  -84.8684   11.5374  -82.0008
   -0.1369    0.2951    0.9456
    0.9756   -0.1253    0.1803
    0.1717    0.9472   -0.2708
...    85 A-T ...
  -84.4476   14.6367  -82.8400
    0.4131    0.1135    0.9036
    0.8895   -0.2630   -0.3736
    0.1952    0.9581   -0.2096
...    86 T-A ...
  -84.3203   17.8923  -83.0676
    0.7823   -0.0573    0.6203
    0.5840   -0.2790   -0.7623
    0.2167    0.9586   -0.1848
...    87 C-G ...
  -83.5319   21.0077  -83.4453
    0.9586   -0.2635    0.1079
    0.0628   -0.1741   -0.9827
    0.2778    0.9488   -0.1503
...    88 C-G ...
  -82.2793   24.1240  -83.5299
    0.8230   -0.4108   -0.3924
   -0.4186    0.0285   -0.9077
    0.3841    0.9113   -0.1485
...    89 G-C ...
  -80.9274   27.0050  -84.4162
    0.4297   -0.4323   -0.7928
   -0.7572    0.3059   -0.5772
    0.4920    0.8483   -0.1959
...    90 C-G ...
  -78.8985   29.5216  -85.0392
   -0.0519   -0.2325   -0.9712
   -0.8532    0.5157   -0.0779
    0.5189    0.8246   -0.2252
...    91 T-A ...
  -76.9225   31.9924  -85.9675
   -0.4953    0.0366   -0.8679
   -0.6924    0.5868    0.4199
    0.5247    0.8089   -0.2653
...    92 T-A ...
  -74.9846   34.3978  -86.9949
   -0.7768    0.3905   -0.4940
   -0.3024    0.4567    0.8367
    0.5523    0.7993   -0.2366
...    93 T-A ...
  -73.1073   36.8349  -88.0523
   -0.7980    0.6005    0.0504
    0.1709    0.1453    0.9745
    0.5779    0.7863   -0.2186
...    94 A-T ...
  -71.2224   39.4659  -88.7395
   -0.5976    0.5311    0.6006
    0.5840   -0.2249    0.7800
    0.5494    0.8169   -0.1758
...    95 A-T ...
  -69.6732   42.2178  -89.4433
   -0.1980    0.3047    0.9316
    0.8071   -0.4886    0.3314
    0.5562    0.8175   -0.1492
...    96 C-G ...
  -68.4152   45.1956  -89.9017
    0.1929   -0.0266    0.9809
    0.8011   -0.5730   -0.1731
    0.5666    0.8191   -0.0892
...    97 A-T ...
  -66.5736   47.9757  -89.9863
    0.4799   -0.4505    0.7528
    0.6125   -0.4423   -0.6552
    0.6281    0.7755    0.0636
...    98 C-G ...
  -64.8299   50.6029  -89.1711
    0.6776   -0.6581    0.3283
    0.3162   -0.1423   -0.9380
    0.6640    0.7394    0.1117
...    99 T-A ...
  -62.5988   52.8585  -88.3565
    0.6848   -0.7040   -0.1881
   -0.0194    0.2405   -0.9705
    0.7285    0.6682    0.1510
...   100 T-A ...
  -60.1702   54.8487  -87.5783
    0.5579   -0.4650   -0.6873
   -0.3703    0.6017   -0.7077
    0.7427    0.6494    0.1635
...   101 T-A ...
  -57.6006   56.6923  -86.8503
    0.2766   -0.0416   -0.9601
   -0.6054    0.7684   -0.2077
    0.7463    0.6386    0.1874
...   102 A-T ...
  -55.2999   59.0062  -86.2122
   -0.1202    0.4376   -0.8911
   -0.6445    0.6483    0.4053
    0.7551    0.6231    0.2041
...   103 T-A ...
  -52.4317   60.6385  -85.9646
   -0.4059    0.7187   -0.5646
   -0.5048    0.3387    0.7940
    0.7619    0.6073    0.2253
...   104 G-C ...
  -50.0742   62.7617  -85.0913
   -0.6709    0.7399   -0.0500
   -0.1985   -0.1142    0.9734
    0.7145    0.6629    0.2235
...   105 C-G ...
  -47.7107   65.0272  -84.7460
   -0.7083    0.5371    0.4582
    0.1730   -0.4971    0.8502
    0.6844    0.6815    0.2592
...   106 T-A ...
  -45.6874   67.5237  -84.0497
   -0.5835    0.1676    0.7947
    0.4953   -0.7021    0.5117
    0.6437    0.6921    0.3267
...   107 T-A ...
  -43.8064   69.9482  -83.0538
   -0.2619   -0.2641    0.9282
    0.7258   -0.6878    0.0091
    0.6361    0.6761    0.3719
...   108 C-G ...
  -41.8794   72.1654  -81.7118
    0.1233   -0.6525    0.7477
    0.7612   -0.4212   -0.4931
    0.6367    0.6300    0.4447
...   109 C-G ...
  -40.0487   74.2005  -79.7660
    0.4008   -0.8518    0.3374
    0.6249   -0.0152   -0.7805
    0.6700    0.5237    0.5262
...   110 G-C ...
  -37.5563   75.5794  -78.1007
    0.5588   -0.8063   -0.1940
    0.3924    0.4632   -0.7947
    0.7306    0.3679    0.5752
...   111 G-C ...
  -35.0184   76.2210  -75.9828
    0.6166   -0.4811   -0.6232
    0.1043    0.8345   -0.5410
    0.7803    0.2686    0.5647
...   112 C-G ...
  -32.3169   76.5986  -74.1298
    0.5580    0.0293   -0.8293
   -0.2043    0.9735   -0.1030
    0.8043    0.2269    0.5492
...   113 T-A ...
  -29.4889   77.0069  -72.4745
    0.3602    0.5226   -0.7727
   -0.4341    0.8271    0.3570
    0.8257    0.2069    0.5248
...   114 C-G ...
  -26.6974   77.6190  -70.8651
    0.0498    0.9093   -0.4132
   -0.5629    0.3673    0.7404
    0.8250    0.1957    0.5301
...   115 G-C ...
  -24.2682   78.2727  -68.7143
   -0.3239    0.9457    0.0258
   -0.5118   -0.1981    0.8359
    0.7957    0.2576    0.5482
...   116 T-A ...
  -21.4213   79.3674  -67.4120
   -0.5577    0.7088    0.4319
   -0.2964   -0.6562    0.6940
    0.7753    0.2590    0.5760
...   117 A-T ...
  -18.9042   80.4396  -65.5515
   -0.7173    0.2210    0.6608
    0.0401   -0.9337    0.3557
    0.6956    0.2816    0.6609
...   118 T-A ...
  -16.8632   81.9762  -63.5232
   -0.6373   -0.2645    0.7238
    0.3746   -0.9271   -0.0089
    0.6734    0.2655    0.6899
...   119 A-T ...
  -15.2440   83.2953  -60.8823
   -0.5414   -0.7085    0.4527
    0.6518   -0.6938   -0.3062
    0.5310    0.1293    0.8374
...   120 A-T ...
  -13.8240   83.7215  -58.0310
   -0.1580   -0.9735    0.1654
    0.8529   -0.2189   -0.4739
    0.4975    0.0662    0.8649
...   121 T-A ...
  -12.8515   83.8470  -54.9275
    0.2473   -0.9622   -0.1143
    0.8367    0.2715   -0.4756
    0.4886    0.0220    0.8722
...   122 G-C ...
  -11.1065   83.5326  -52.1302
    0.5906   -0.6675   -0.4536
    0.6160    0.7359   -0.2808
    0.5212   -0.1135    0.8458
...   123 T-A ...
   -9.6805   82.5504  -49.3310
    0.8109   -0.2051   -0.5480
    0.2527    0.9675    0.0118
    0.5277   -0.1480    0.8364
...   124 G-C ...
   -7.7401   82.2733  -46.6882
    0.7868    0.3803   -0.4862
   -0.2197    0.9086    0.3551
    0.5768   -0.1726    0.7984
...   125 T-A ...
   -5.6062   81.1994  -44.3611
    0.5686    0.7910   -0.2260
   -0.5918    0.5841    0.5555
    0.5714   -0.1821    0.8002
...   126 C-G ...
   -3.6446   80.5390  -41.8170
    0.1225    0.9819    0.1444
   -0.8201    0.0182    0.5719
    0.5589   -0.1885    0.8075
...   127 G-C ...
   -2.2064   79.7098  -38.9575
   -0.3907    0.8496    0.3543
   -0.7735   -0.5116    0.3740
    0.4990   -0.1279    0.8571
...   128 A-T ...
   -0.4612   79.2726  -36.2547
   -0.7819    0.4241    0.4569
   -0.4353   -0.8961    0.0867
    0.4462   -0.1311    0.8853
...   129 C-G ...
    1.0424   79.4566  -33.3716
   -0.9214   -0.0619    0.3837
    0.0018   -0.9879   -0.1551
    0.3887   -0.1422    0.9103
...   130 C-G ...
    2.1359   79.3945  -30.1907
   -0.8470   -0.5180    0.1198
    0.4621   -0.8286   -0.3160
    0.2629   -0.2123    0.9412
...   131 A-T ...
    2.6700   78.6873  -26.9697
   -0.5361   -0.8131   -0.2271
    0.8361   -0.4742   -0.2757
    0.1165   -0.3377    0.9340
...   132 A-T ...
    2.6945   77.5452  -23.9622
   -0.0223   -0.9196   -0.3923
    0.9967    0.0101   -0.0802
    0.0777   -0.3928    0.9163
...   133 A-T ...
    2.6286   76.0944  -21.0790
    0.5126   -0.7613   -0.3971
    0.8566    0.4853    0.1754
    0.0592   -0.4301    0.9008
...   134 T-A ...
    2.3076   74.2307  -18.3904
    0.8657   -0.4293   -0.2574
    0.4984    0.7868    0.3641
    0.0462   -0.4435    0.8951
...   135 G-C ...
    1.4354   72.0970  -15.6051
    0.9809    0.0621    0.1843
   -0.1263    0.9241    0.3607
   -0.1479   -0.3771    0.9143
...   136 T-A ...
    0.5280   69.2393  -13.4690
    0.7351    0.4963    0.4618
   -0.6117    0.7792    0.1365
   -0.2921   -0.3828    0.8764
...   137 G-C ...
   -0.1658   67.4105  -10.8096
    0.1800    0.8794    0.4408
   -0.9276    0.3008   -0.2214
   -0.3274   -0.3691    0.8698
...   138 A-T ...
   -0.1321   66.2179   -7.8217
   -0.3749    0.8570    0.3536
   -0.8857   -0.2184   -0.4098
   -0.2739   -0.4668    0.8409
...   139 G-C ...
   -1.0068   65.6074   -4.9426
   -0.8336    0.5218    0.1811
   -0.5170   -0.6220   -0.5881
   -0.1942   -0.5839    0.7883
...   140 C-G ...
   -0.6974   63.9003   -2.2529
   -0.9992    0.0157   -0.0376
    0.0023   -0.8993   -0.4374
   -0.0406   -0.4371    0.8985
...   141 G-C ...
   -3.4382   60.2385    1.0282
   -0.4425    0.2285   -0.8672
    0.1683   -0.9287   -0.3306
   -0.8808   -0.2922    0.3725
...   142 C-G ...
   -6.3288   59.0834    1.6292
   -0.2970   -0.3280   -0.8968
    0.5656   -0.8171    0.1115
   -0.7693   -0.4741    0.4282
...   143 T-A ...
   -8.6768   58.7242    3.6023
   -0.0347   -0.7817   -0.6227
    0.6533   -0.4893    0.5778
   -0.7563   -0.3868    0.5276
...   144 C-G ...
  -11.6544   58.0113    4.7192
    0.2451   -0.9542   -0.1716
    0.6322    0.0231    0.7745
   -0.7350   -0.2983    0.6089
...   145 A-T ...
  -14.1759   56.5668    6.1806
    0.5795   -0.7268    0.3687
    0.3139    0.6165    0.7220
   -0.7521   -0.3027    0.5855
...   146 C-G ...
  -16.4650   53.8949    7.5152
    0.5336   -0.3331    0.7774
   -0.0346    0.9098    0.4136
   -0.8450   -0.2476    0.4739
...   147 A-T ...
  -19.0172   52.0374    8.9259
    0.2452    0.2907    0.9249
   -0.3073    0.9281   -0.2103
   -0.9195   -0.2327    0.3169
