  147 base-pairs
...     1 A-T ...
    0.0000    0.0000    0.0000
    1.0000    0.0000    0.0000
    0.0000    1.0000    0.0000
    0.0000    0.0000    1.0000
...     2 G-C ...
   -0.1404   -1.2353    3.2259
    0.7530    0.6366    0.1668
   -0.6385    0.7681   -0.0490
   -0.1593   -0.0696    0.9848
...     3 T-A ...
   -0.0377   -3.2918    6.3749
    0.2722    0.9302    0.2464
   -0.9238    0.3243   -0.2034
   -0.2691   -0.1722    0.9476
...     4 G-C ...
   -0.3520   -4.1638    9.4928
   -0.3756    0.9250    0.0576
   -0.8780   -0.3352   -0.3416
   -0.2967   -0.1788    0.9381
...     5 A-T ...
   -0.4480   -4.1448   12.7498
   -0.8116    0.5839   -0.0166
   -0.5522   -0.7762   -0.3042
   -0.1905   -0.2377    0.9525
...     6 G-C ...
   -1.5926   -4.1701   15.6201
   -0.9976    0.0246   -0.0651
   -0.0043   -0.9555   -0.2950
   -0.0694   -0.2940    0.9533
...     7 C-G ...
   -1.1050   -4.4793   18.7363
   -0.8442   -0.5302   -0.0787
    0.5343   -0.8442   -0.0430
   -0.0437   -0.0784    0.9960
...     8 G-C ...
   -2.4044   -7.7255   23.1483
   -0.2753   -0.3294   -0.9032
    0.6650   -0.7437    0.0686
   -0.6943   -0.5817    0.4238
...     9 C-G ...
   -4.4706   -9.9691   24.1142
    0.1145   -0.7026   -0.7023
    0.8512   -0.2951    0.4341
   -0.5123   -0.6475    0.5642
...    10 T-A ...
   -6.7420  -10.8705   25.9717
    0.4841   -0.8363   -0.2573
    0.6594    0.1554    0.7356
   -0.5752   -0.5257    0.6267
...    11 C-G ...
   -9.1682  -12.6167   27.1662
    0.7073   -0.6683    0.2306
    0.3450    0.6110    0.7125
   -0.6170   -0.4243    0.6627
...    12 A-T ...
  -10.9253  -14.6583   29.0713
    0.7515   -0.1377    0.6452
   -0.2027    0.8824    0.4245
   -0.6278   -0.4498    0.6352
...    13 C-G ...
  -11.8495  -17.4796   31.2472
    0.4294    0.2824    0.8578
   -0.5708    0.8209    0.0155
   -0.6998   -0.4963    0.5137
...    14 A-T ...
  -13.5915  -19.7756   33.4284
   -0.1503    0.6106    0.7775
   -0.6874    0.5007   -0.5261
   -0.7106   -0.6135    0.3445
...    15 A-T ...
  -15.6860  -21.8640   34.7593
   -0.5067    0.7793    0.3686
   -0.4764    0.1033   -0.8732
   -0.7186   -0.6180    0.3189
...    16 T-A ...
  -17.7828  -23.7611   36.4133
   -0.6599    0.7441   -0.1040
   -0.1634   -0.2772   -0.9468
   -0.7334   -0.6078    0.3045
...    17 T-A ...
  -20.1671  -25.5634   37.6192
   -0.6073    0.5171   -0.6032
    0.2155   -0.6236   -0.7515
   -0.7647   -0.5864    0.2673
...    18 T-A ...
  -22.7595  -27.2126   38.5677
   -0.3510    0.1566   -0.9232
    0.4950   -0.8059   -0.3249
   -0.7948   -0.5710    0.2053
...    19 A-T ...
  -25.8966  -28.4018   38.9023
    0.1083   -0.0849   -0.9905
    0.5471   -0.8268    0.1307
   -0.8300   -0.5561   -0.0431
...    20 T-A ...
  -28.8756  -29.6337   38.4387
    0.3864   -0.4466   -0.8070
    0.4113   -0.6997    0.5842
   -0.8255   -0.5577   -0.0867
...    21 T-A ...
  -31.6073  -31.2531   37.8525
    0.5630   -0.7397   -0.3687
    0.1168   -0.3704    0.9215
   -0.8182   -0.5618   -0.1221
...    22 C-G ...
  -34.1176  -33.2172   37.2293
    0.5489   -0.8082    0.2134
   -0.2535    0.0822    0.9638
   -0.7965   -0.5832   -0.1597
...    23 G-C ...
  -36.7267  -35.2270   37.1251
    0.3738   -0.5985    0.7086
   -0.5561    0.4669    0.6876
   -0.7424   -0.6510   -0.1583
...    24 C-G ...
  -38.8940  -37.6285   36.4633
    0.0304   -0.2485    0.9681
   -0.6779    0.7067    0.2027
   -0.7345   -0.6625   -0.1470
...    25 A-T ...
  -41.4641  -39.6049   35.9521
   -0.3117    0.2233    0.9236
   -0.5833    0.7224   -0.3715
   -0.7501   -0.6545   -0.0949
...    26 A-T ...
  -43.7215  -41.9373   35.8103
   -0.5990    0.5702    0.5622
   -0.2920    0.4982   -0.8164
   -0.7456   -0.6532   -0.1320
...    27 A-T ...
  -46.0988  -44.1292   35.6538
   -0.6531    0.7567    0.0295
    0.0990    0.1240   -0.9873
   -0.7508   -0.6419   -0.1559
...    28 G-C ...
  -48.6957  -46.1063   35.4376
   -0.4407    0.7837   -0.4378
    0.4185   -0.2520   -0.8725
   -0.7941   -0.5678   -0.2169
...    29 G-C ...
  -51.6197  -47.6799   34.9458
   -0.0613    0.6253   -0.7779
    0.5685   -0.6188   -0.5422
   -0.8204   -0.4755   -0.3176
...    30 C-G ...
  -54.5384  -48.7171   33.9516
    0.3088    0.2663   -0.9131
    0.4991   -0.8626   -0.0828
   -0.8096   -0.4301   -0.3993
...    31 C-G ...
  -57.2818  -49.6522   32.2517
    0.6139   -0.1495   -0.7751
    0.2324   -0.9041    0.3586
   -0.7544   -0.4003   -0.5203
...    32 G-C ...
  -59.4237  -51.2412   30.3033
    0.7363   -0.5447   -0.4014
   -0.1896   -0.7356    0.6503
   -0.6495   -0.4028   -0.6449
...    33 G-C ...
  -61.1634  -52.5401   27.7188
    0.5724   -0.8190    0.0400
   -0.5865   -0.3749    0.7179
   -0.5730   -0.4344   -0.6949
...    34 C-G ...
  -62.6546  -54.0302   25.1701
    0.1778   -0.8857    0.4290
   -0.8207    0.1071    0.5613
   -0.5431   -0.4518   -0.7078
...    35 C-G ...
  -64.2040  -55.7760   22.7448
   -0.2711   -0.6731    0.6880
   -0.8007    0.5544    0.2269
   -0.5342   -0.4894   -0.6893
...    36 C-G ...
  -65.8062  -57.6435   20.4488
   -0.6332   -0.2496    0.7326
   -0.5307    0.8290   -0.1763
   -0.5633   -0.5005   -0.6574
...    37 G-C ...
  -67.7648  -58.8479   18.0659
   -0.7688    0.2847    0.5726
   -0.0839    0.8428   -0.5317
   -0.6340   -0.4568   -0.6240
...    38 A-T ...
  -69.7491  -60.4473   16.0462
   -0.6527    0.7307    0.2000
    0.3817    0.5453   -0.7463
   -0.6544   -0.4108   -0.6348
...    39 C-G ...
  -72.2105  -61.9102   14.4739
   -0.3412    0.9261   -0.1611
    0.6599    0.1139   -0.7426
   -0.6694   -0.3597   -0.6500
...    40 A-T ...
  -74.5295  -62.9556   12.3280
    0.1605    0.8984   -0.4089
    0.7213   -0.3896   -0.5727
   -0.6738   -0.2030   -0.7105
...    41 C-G ...
  -77.0626  -63.1029   10.3006
    0.5386    0.6073   -0.5841
    0.5376   -0.7815   -0.3167
   -0.6488   -0.1434   -0.7474
...    42 G-C ...
  -78.8721  -63.5002    7.5701
    0.8363    0.1407   -0.5300
    0.1433   -0.9890   -0.0365
   -0.5293   -0.0455   -0.8472
...    43 A-T ...
  -80.4045  -63.4651    4.7064
    0.8006   -0.4324   -0.4149
   -0.3696   -0.9013    0.2262
   -0.4717   -0.0278   -0.8813
...    44 C-G ...
  -81.4722  -63.0758    1.6087
    0.5187   -0.8250   -0.2243
   -0.7370   -0.5644    0.3719
   -0.4334   -0.0276   -0.9008
...    45 T-A ...
  -82.4882  -63.1360   -1.5257
    0.0866   -0.9959    0.0251
   -0.9166   -0.0698    0.3937
   -0.3904   -0.0571   -0.9189
...    46 T-A ...
  -83.3950  -63.3022   -4.6493
   -0.4608   -0.8652    0.1976
   -0.8054    0.5012    0.3163
   -0.3727   -0.0134   -0.9279
...    47 A-T ...
  -84.7957  -63.0047   -7.6612
   -0.8652   -0.3867    0.3192
   -0.3561    0.9220    0.1519
   -0.3531    0.0177   -0.9354
...    48 C-G ...
  -85.8910  -63.5418  -10.7356
   -0.9203    0.1341    0.3675
    0.1362    0.9905   -0.0204
   -0.3667    0.0313   -0.9298
...    49 T-A ...
  -87.3177  -63.6786  -13.6985
   -0.7021    0.6091    0.3689
    0.5832    0.7891   -0.1928
   -0.4085    0.0798   -0.9093
...    50 G-C ...
  -88.7844  -63.2188  -16.6351
   -0.2309    0.9121    0.3388
    0.8628    0.3529   -0.3619
   -0.4497    0.2088   -0.8685
...    51 T-A ...
  -90.7870  -62.5198  -19.1142
    0.2503    0.9526    0.1729
    0.8649   -0.1397   -0.4822
   -0.4352    0.2702   -0.8588
...    52 A-T ...
  -92.5352  -61.0824  -21.5766
    0.7110    0.6969    0.0935
    0.6205   -0.5594   -0.5496
   -0.3307    0.4488   -0.8302
...    53 G-C ...
  -93.6546  -59.2399  -24.0472
    0.9508    0.2908   -0.1072
    0.1858   -0.8118   -0.5537
   -0.2480    0.5065   -0.8258
...    54 G-C ...
  -94.1184  -57.0787  -26.5967
    0.9321   -0.2139   -0.2922
   -0.3352   -0.8150   -0.4727
   -0.1370    0.5386   -0.8313
...    55 T-A ...
  -94.1414  -54.8737  -29.0408
    0.6426   -0.6075   -0.4670
   -0.7595   -0.5856   -0.2833
   -0.1013    0.5367   -0.8377
...    56 A-T ...
  -94.4821  -53.1609  -31.8525
    0.0956   -0.8443   -0.5273
   -0.9928   -0.1191    0.0108
   -0.0720    0.5225   -0.8496
...    57 T-A ...
  -94.0070  -51.5120  -34.6761
   -0.4114   -0.7817   -0.4688
   -0.9092    0.3154    0.2718
   -0.0646    0.5380   -0.8404
...    58 C-G ...
  -94.1328  -49.8453  -37.4845
   -0.8578   -0.4651   -0.2187
   -0.5086    0.7067    0.4919
   -0.0742    0.5332   -0.8427
...    59 T-A ...
  -94.3894  -48.3926  -40.4314
   -0.9926   -0.0694    0.0992
   -0.0055    0.8447    0.5353
   -0.1210    0.5308   -0.8388
...    60 C-G ...
  -94.8301  -46.7570  -43.2148
   -0.8161    0.3994    0.4177
    0.5584    0.7313    0.3917
   -0.1490    0.5529   -0.8198
...    61 G-C ...
  -95.1422  -44.6830  -45.7639
   -0.3780    0.6368    0.6720
    0.9019    0.4173    0.1118
   -0.2093    0.6483   -0.7320
...    62 A-T ...
  -95.9539  -42.5836  -48.0908
    0.1979    0.7162    0.6692
    0.9591   -0.0004   -0.2832
   -0.2026    0.6979   -0.6870
...    63 G-C ...
  -96.8933  -40.1437  -50.0688
    0.6581    0.5547    0.5092
    0.7373   -0.3377   -0.5851
   -0.1526    0.7605   -0.6312
...    64 C-G ...
  -97.5287  -37.3719  -51.6877
    0.9524    0.2484    0.1764
    0.2890   -0.5530   -0.7815
   -0.0966    0.7953   -0.5985
...    65 T-A ...
  -97.6840  -34.5067  -53.2836
    0.9754   -0.1168   -0.1872
   -0.2202   -0.5674   -0.7935
   -0.0136    0.8151   -0.5791
...    66 C-G ...
  -97.4852  -31.8156  -55.0949
    0.6836   -0.4433   -0.5798
   -0.7291   -0.3778   -0.5707
    0.0339    0.8128   -0.5815
...    67 G-C ...
  -97.5123  -29.3584  -57.3014
    0.1821   -0.6497   -0.7380
   -0.9776   -0.0389   -0.2069
    0.1057    0.7592   -0.6422
...    68 G-C ...
  -96.7897  -26.9600  -59.5466
   -0.3641   -0.6204   -0.6947
   -0.9248    0.3294    0.1905
    0.1106    0.7118   -0.6936
...    69 G-C ...
  -96.1941  -24.7879  -62.0419
   -0.8020   -0.3975   -0.4459
   -0.5931    0.6190    0.5148
    0.0714    0.6774   -0.7322
...    70 A-T ...
  -95.8794  -22.6554  -64.4913
   -0.9983    0.0133   -0.0566
   -0.0289    0.7311    0.6817
    0.0504    0.6822   -0.7295
...    71 T-A ...
  -95.8723  -20.9390  -67.3006
   -0.8829    0.3726    0.2858
    0.4662    0.6230    0.6281
    0.0560    0.6878   -0.7237
...    72 C-G ...
  -95.8043  -18.7416  -69.7029
   -0.4676    0.6267    0.6234
    0.8831    0.3008    0.3601
    0.0381    0.7189   -0.6940
...    73 C-G ...
  -96.1061  -16.3221  -72.0265
    0.0450    0.6080    0.7927
    0.9983   -0.0560   -0.0137
    0.0360    0.7920   -0.6095
...    74 G-C ...
  -95.7146  -13.6368  -73.9058
    0.5440    0.3607    0.7576
    0.8336   -0.3358   -0.4387
    0.0962    0.8701   -0.4834
...    75 C-G ...
  -95.6386  -10.5760  -75.0621
    0.8877    0.0738    0.4545
    0.4359   -0.4528   -0.7778
    0.1484    0.8886   -0.4340
...    76 T-A ...
  -95.0717   -7.4988  -76.0540
    0.9719   -0.2308    0.0457
   -0.0500   -0.3923   -0.9185
    0.2300    0.8904   -0.3928
...    77 C-G ...
  -94.1055   -4.6179  -77.1992
    0.7666   -0.4477   -0.4603
   -0.5771   -0.1660   -0.7996
    0.2816    0.8786   -0.3856
...    78 A-T ...
  -93.1059   -1.7871  -78.5805
    0.3041   -0.5463   -0.7804
   -0.8827    0.1466   -0.4466
    0.3584    0.8246   -0.4376
...    79 T-A ...
  -91.2920    0.6772  -79.8066
   -0.1683   -0.3937   -0.9037
   -0.9159    0.4013   -0.0042
    0.3643    0.8270   -0.4282
...    80 G-C ...
  -90.3292    3.4317  -81.3392
   -0.6723   -0.1653   -0.7216
   -0.6613    0.5723    0.4850
    0.3328    0.8032   -0.4940
...    81 T-A ...
  -88.9633    5.6762  -83.3582
   -0.9195    0.1361   -0.3687
   -0.2300    0.5743    0.7857
    0.3187    0.8072   -0.4968
...    82 T-A ...
  -87.8912    8.1053  -85.2288
   -0.8886    0.4425    0.1211
    0.3125    0.3907    0.8659
    0.3358    0.8072   -0.4854
...    83 A-T ...
  -86.8932   10.8127  -86.8431
   -0.5942    0.5197    0.6139
    0.7508    0.0844    0.6551
    0.2886    0.8502   -0.4403
...    84 T-A ...
  -86.5761   13.5905  -88.5555
   -0.1593    0.4788    0.8633
    0.9434   -0.1840    0.2761
    0.2910    0.8584   -0.4224
...    85 A-T ...
  -86.0085   16.6461  -89.7393
    0.2907    0.1785    0.9400
    0.9035   -0.3744   -0.2084
    0.3148    0.9099   -0.2701
...    86 A-T ...
  -85.1884   19.6985  -90.3916
    0.7143   -0.0876    0.6944
    0.6127   -0.4013   -0.6809
    0.3383    0.9117   -0.2330
...    87 C-G ...
  -84.3079   22.8441  -90.5317
    0.9042   -0.3227    0.2799
    0.1894   -0.2844   -0.9398
    0.3829    0.9028   -0.1960
...    88 G-C ...
  -82.7472   25.6376  -91.3517
    0.8092   -0.5422   -0.2265
   -0.2786   -0.0145   -0.9603
    0.5174    0.8402   -0.1628
...    89 G-C ...
  -80.6123   28.2260  -91.6193
    0.5019   -0.5399   -0.6757
   -0.6263    0.3121   -0.7144
    0.5966    0.7817   -0.1815
...    90 A-T ...
  -78.5136   30.6600  -92.1983
    0.0421   -0.2792   -0.9593
   -0.7853    0.5844   -0.2046
    0.6177    0.7619   -0.1946
...    91 T-A ...
  -75.9712   32.6681  -92.8369
   -0.3431    0.0624   -0.9372
   -0.7012    0.6469    0.2997
    0.6250    0.7600   -0.1782
...    92 T-A ...
  -73.7093   34.8993  -93.5391
   -0.6544    0.4403   -0.6148
   -0.3962    0.4928    0.7747
    0.6440    0.7505   -0.1480
...    93 T-A ...
  -71.5093   37.1734  -94.2873
   -0.7492    0.6573   -0.0818
    0.0236    0.1499    0.9884
    0.6620    0.7386   -0.1278
...    94 A-T ...
  -69.3650   39.6612  -94.6889
   -0.6486    0.5800    0.4929
    0.4352   -0.2487    0.8653
    0.6244    0.7758   -0.0911
...    95 A-T ...
  -67.5440   42.2953  -95.1514
   -0.3225    0.3336    0.8858
    0.7104   -0.5331    0.4594
    0.6255    0.7775   -0.0651
...    96 C-G ...
  -66.0378   45.1830  -95.4226
    0.0354   -0.0202    0.9992
    0.7797   -0.6249   -0.0403
    0.6252    0.7804   -0.0063
...    97 A-T ...
  -64.0228   47.8335  -95.2444
    0.3323   -0.4630    0.8217
    0.6762   -0.4905   -0.5498
    0.6576    0.7383    0.1501
...    98 C-G ...
  -62.2628   50.3751  -94.2029
    0.5819   -0.6883    0.4332
    0.4428   -0.1787   -0.8786
    0.6822    0.7031    0.2008
...    99 T-A ...
  -60.0505   52.5263  -93.0952
    0.6651   -0.7428   -0.0770
    0.1351    0.2211   -0.9658
    0.7344    0.6320    0.2474
...   100 T-A ...
  -57.6590   54.4085  -91.9956
    0.6259   -0.5063   -0.5933
   -0.2327    0.6048   -0.7616
    0.7444    0.6148    0.2607
...   101 T-A ...
  -55.1312   56.1420  -90.9299
    0.4073   -0.0760   -0.9101
   -0.5296    0.7922   -0.3031
    0.7441    0.6055    0.2824
...   102 A-T ...
  -52.8146   58.3409  -90.0120
    0.0252    0.4162   -0.9089
   -0.6604    0.6896    0.2974
    0.7505    0.5927    0.2922
...   103 T-A ...
  -49.9320   59.8462  -89.4109
   -0.2901    0.7180   -0.6327
   -0.5903    0.3861    0.7088
    0.7533    0.5791    0.3118
...   104 G-C ...
  -47.6158   61.8993  -88.2859
   -0.6227    0.7659   -0.1599
   -0.3309   -0.0725    0.9409
    0.7091    0.6388    0.2986
...   105 C-G ...
  -45.2255   64.0853  -87.6934
   -0.7361    0.5821    0.3453
    0.0383   -0.4736    0.8799
    0.6758    0.6609    0.3263
...   106 T-A ...
  -43.1981   66.5221  -86.8115
   -0.6704    0.2199    0.7087
    0.3951   -0.7026    0.5918
    0.6281    0.6768    0.3841
...   107 T-A ...
  -41.3482   68.9070  -85.6652
   -0.3822   -0.2180    0.8980
    0.6884   -0.7154    0.1193
    0.6164    0.6638    0.4235
...   108 C-G ...
  -39.4945   71.1003  -84.1783
    0.0099   -0.6267    0.7792
    0.7942   -0.4686   -0.3869
    0.6076    0.6226    0.4931
...   109 C-G ...
  -37.8083   73.1528  -82.1192
    0.3276   -0.8509    0.4107
    0.7056   -0.0688   -0.7053
    0.6284    0.5208    0.5779
...   110 G-C ...
  -35.4640   74.5390  -80.2535
    0.5459   -0.8316   -0.1023
    0.4896    0.4157   -0.7664
    0.6799    0.3683    0.6341
...   111 G-C ...
  -33.1474   75.2112  -77.9056
    0.6585   -0.5272   -0.5371
    0.1872    0.8060   -0.5616
    0.7289    0.2692    0.6294
...   112 C-G ...
  -30.6393   75.5890  -75.8006
    0.6364   -0.0259   -0.7709
   -0.1595    0.9734   -0.1644
    0.7547    0.2276    0.6154
...   113 T-A ...
  -27.9710   75.9899  -73.8989
    0.4479    0.4739   -0.7582
   -0.4367    0.8559    0.2770
    0.7802    0.2070    0.5903
...   114 C-G ...
  -25.3181   76.6045  -72.0734
    0.1169    0.8857   -0.4494
   -0.6136    0.4202    0.6685
    0.7809    0.1975    0.5926
...   115 G-C ...
  -23.0611   77.3217  -69.7595
   -0.2932    0.9549   -0.0474
   -0.5851   -0.1400    0.7988
    0.7561    0.2619    0.5998
...   116 T-A ...
  -20.2957   78.4046  -68.2789
   -0.5664    0.7456    0.3512
   -0.3716   -0.6114    0.6986
    0.7356    0.2651    0.6233
...   117 A-T ...
  -17.8981   79.4515  -66.2531
   -0.7510    0.2697    0.6028
   -0.0128   -0.9186    0.3950
    0.6602    0.2889    0.6933
...   118 T-A ...
  -15.9379   81.0147  -64.1601
   -0.6872   -0.2161    0.6935
    0.3458   -0.9369    0.0507
    0.6389    0.2747    0.7186
...   119 A-T ...
  -14.3904   82.3565  -61.4977
   -0.5757   -0.6792    0.4554
    0.6505   -0.7178   -0.2483
    0.4955    0.1533    0.8550
...   120 A-T ...
  -13.0833   82.8783  -58.6067
   -0.1818   -0.9633    0.1977
    0.8677   -0.2517   -0.4286
    0.4627    0.0936    0.8816
...   121 T-A ...
  -12.2334   83.1177  -55.4735
    0.2356   -0.9696   -0.0661
    0.8592    0.2395   -0.4521
    0.4542    0.0498    0.8895
...   122 G-C ...
  -10.6043   82.8972  -52.5957
    0.5952   -0.6935   -0.4060
    0.6377    0.7150   -0.2865
    0.4890   -0.0884    0.8678
...   123 T-A ...
   -9.2907   82.0025  -49.7165
    0.8247   -0.2378   -0.5131
    0.2678    0.9633   -0.0159
    0.4981   -0.1243    0.8582
...   124 G-C ...
   -7.4280   81.7921  -47.0082
    0.8058    0.3506   -0.4773
   -0.2149    0.9241    0.3160
    0.5519   -0.1520    0.8200
...   125 T-A ...
   -5.3679   80.7773  -44.5920
    0.5858    0.7745   -0.2387
   -0.5966    0.6115    0.5198
    0.5485   -0.1620    0.8203
...   126 C-G ...
   -3.4713   80.1922  -41.9797
    0.1330    0.9843    0.1158
   -0.8323    0.0475    0.5523
    0.5381   -0.1698    0.8256
...   127 G-C ...
   -2.1098   79.4487  -39.0572
   -0.3866    0.8632    0.3247
   -0.7858   -0.4926    0.3740
    0.4828   -0.1105    0.8687
...   128 A-T ...
   -0.4103   79.0621  -36.3125
   -0.7840    0.4411    0.4368
   -0.4447   -0.8900    0.1006
    0.4331   -0.1154    0.8939
...   129 C-G ...
    1.0653   79.2933  -33.4116
   -0.9257   -0.0485    0.3751
   -0.0032   -0.9907   -0.1362
    0.3782   -0.1273    0.9169
...   130 C-G ...
    2.1513   79.2832  -30.2241
   -0.8500   -0.5125    0.1214
    0.4609   -0.8353   -0.2998
    0.2551   -0.1989    0.9462
...   131 A-T ...
    2.6812   78.6240  -26.9911
   -0.5361   -0.8150   -0.2197
    0.8367   -0.4787   -0.2659
    0.1115   -0.3264    0.9386
...   132 A-T ...
    2.6983   77.5166  -23.9718
   -0.0217   -0.9228   -0.3847
    0.9971    0.0083   -0.0762
    0.0735   -0.3852    0.9199
...   133 A-T ...
    2.6299   76.0874  -21.0800
    0.5128   -0.7629   -0.3938
    0.8566    0.4851    0.1757
    0.0570   -0.4274    0.9023
...   134 T-A ...
    2.3077   74.2307  -18.3903
    0.8657   -0.4293   -0.2574
    0.4984    0.7868    0.3641
    0.0462   -0.4435    0.8951
...   135 G-C ...
    1.4355   72.0969  -15.6050
    0.9809    0.0621    0.1843
   -0.1263    0.9241    0.3607
   -0.1479   -0.3771    0.9143
...   136 T-A ...
    0.5281   69.2392  -13.4689
    0.7351    0.4963    0.4618
   -0.6117    0.7792    0.1365
   -0.2921   -0.3828    0.8764
...   137 G-C ...
   -0.1657   67.4105  -10.8095
    0.1800    0.8794    0.4408
   -0.9276    0.3008   -0.2214
   -0.3274   -0.3691    0.8698
...   138 A-T ...
   -0.1320   66.2179   -7.8217
   -0.3749    0.8570    0.3536
   -0.8857   -0.2184   -0.4098
   -0.2739   -0.4668    0.8409
...   139 G-C ...
   -1.0067   65.6074   -4.9425
   -0.8336    0.5218    0.1811
   -0.5170   -0.6220   -0.5881
   -0.1942   -0.5839    0.7883
...   140 C-G ...
   -0.6973   63.9003   -2.2529
   -0.9992    0.0157   -0.0376
    0.0023   -0.8993   -0.4374
   -0.0406   -0.4371    0.8985
...   141 G-C ...
   -3.4381   60.2384    1.0283
   -0.4425    0.2285   -0.8672
    0.1683   -0.9287   -0.3306
   -0.8808   -0.2922    0.3725
...   142 C-G ...
   -6.3287   59.0833    1.6293
   -0.2970   -0.3280   -0.8968
    0.5656   -0.8171    0.1115
   -0.7693   -0.4741    0.4282
...   143 T-A ...
   -8.6767   58.7242    3.6024
   -0.0347   -0.7817   -0.6227
    0.6533   -0.4893    0.5778
   -0.7563   -0.3868    0.5276
...   144 C-G ...
  -11.6543   58.0113    4.7193
    0.2451   -0.9542   -0.1716
    0.6322    0.0231    0.7745
   -0.7350   -0.2983    0.6089
...   145 A-T ...
  -14.1759   56.5668    6.1806
    0.5795   -0.7268    0.3687
    0.3139    0.6165    0.7220
   -0.7521   -0.3027    0.5855
...   146 C-G ...
  -16.4650   53.8948    7.5153
    0.5336   -0.3331    0.7774
   -0.0346    0.9098    0.4136
   -0.8450   -0.2476    0.4739
...   147 A-T ...
  -19.0171   52.0373    8.9260
    0.2452    0.2907    0.9249
   -0.3073    0.9281   -0.2103
   -0.9195   -0.2327    0.3169
