  147 base-pairs
...     1 A-T ...
    0.0000    0.0000    0.0000
    1.0000    0.0000    0.0000
    0.0000    1.0000    0.0000
    0.0000    0.0000    1.0000
...     2 G-C ...
   -0.1404   -1.2353    3.2259
    0.7530    0.6366    0.1668
   -0.6385    0.7681   -0.0490
   -0.1593   -0.0696    0.9848
...     3 T-A ...
   -0.0377   -3.2918    6.3749
    0.2722    0.9302    0.2464
   -0.9238    0.3243   -0.2034
   -0.2691   -0.1722    0.9476
...     4 G-C ...
   -0.3520   -4.1638    9.4928
   -0.3756    0.9250    0.0576
   -0.8780   -0.3352   -0.3416
   -0.2967   -0.1788    0.9381
...     5 A-T ...
   -0.4480   -4.1448   12.7498
   -0.8116    0.5839   -0.0166
   -0.5522   -0.7762   -0.3042
   -0.1905   -0.2377    0.9525
...     6 G-C ...
   -1.5926   -4.1701   15.6201
   -0.9976    0.0246   -0.0651
   -0.0043   -0.9555   -0.2950
   -0.0694   -0.2940    0.9533
...     7 C-G ...
   -1.1050   -4.4793   18.7363
   -0.8442   -0.5302   -0.0787
    0.5343   -0.8442   -0.0430
   -0.0437   -0.0784    0.9960
...     8 G-C ...
   -2.4044   -7.7255   23.1483
   -0.2753   -0.3294   -0.9032
    0.6650   -0.7437    0.0686
   -0.6943   -0.5817    0.4238
...     9 C-G ...
   -4.4706   -9.9691   24.1142
    0.1145   -0.7026   -0.7023
    0.8512   -0.2951    0.4341
   -0.5123   -0.6475    0.5642
...    10 T-A ...
   -6.7420  -10.8705   25.9717
    0.4841   -0.8363   -0.2573
    0.6594    0.1554    0.7356
   -0.5752   -0.5257    0.6267
...    11 C-G ...
   -9.1682  -12.6167   27.1662
    0.7073   -0.6683    0.2306
    0.3450    0.6110    0.7125
   -0.6170   -0.4243    0.6627
...    12 A-T ...
  -10.9253  -14.6583   29.0713
    0.7515   -0.1377    0.6452
   -0.2027    0.8824    0.4245
   -0.6278   -0.4498    0.6352
...    13 C-G ...
  -11.8495  -17.4796   31.2472
    0.4294    0.2824    0.8578
   -0.5708    0.8209    0.0155
   -0.6998   -0.4963    0.5137
...    14 A-T ...
  -13.5915  -19.7756   33.4284
   -0.1503    0.6106    0.7775
   -0.6874    0.5007   -0.5261
   -0.7106   -0.6135    0.3445
...    15 A-T ...
  -15.6894  -21.8638   34.7565
   -0.5086    0.7793    0.3661
   -0.4754    0.1003   -0.8740
   -0.7178   -0.6186    0.3195
...    16 T-A ...
  -17.7854  -23.7625   36.4127
   -0.6625    0.7411   -0.1087
   -0.1603   -0.2820   -0.9459
   -0.7317   -0.6093    0.3056
...    17 T-A ...
  -20.1653  -25.5725   37.6208
   -0.6095    0.5076   -0.6089
    0.2220   -0.6281   -0.7458
   -0.7610   -0.5898    0.2702
...    18 T-A ...
  -22.7468  -27.2376   38.5788
   -0.3506    0.1406   -0.9259
    0.5039   -0.8050   -0.3130
   -0.7894   -0.5763    0.2114
...    19 A-T ...
  -25.8388  -28.5115   38.9336
    0.1087   -0.1133   -0.9876
    0.5580   -0.8153    0.1549
   -0.8227   -0.5679   -0.0254
...    20 T-A ...
  -28.8038  -29.7979   38.5135
    0.3913   -0.4684   -0.7921
    0.4209   -0.6743    0.6067
   -0.8184   -0.5708   -0.0667
...    21 T-A ...
  -31.5158  -31.4742   37.9926
    0.5719   -0.7459   -0.3414
    0.1220   -0.3343    0.9346
   -0.8112   -0.5761   -0.1002
...    22 C-G ...
  -34.0092  -33.4882   37.4523
    0.5590   -0.7920    0.2456
   -0.2542    0.1183    0.9599
   -0.7892   -0.5990   -0.1352
...    23 G-C ...
  -36.5996  -35.5332   37.4315
    0.3820   -0.5616    0.7340
   -0.5616    0.4896    0.6669
   -0.7339   -0.6670   -0.1284
...    24 C-G ...
  -38.7345  -37.9942   36.8809
    0.0340   -0.2028    0.9786
   -0.6873    0.7062    0.1702
   -0.7256   -0.6784   -0.1153
...    25 A-T ...
  -41.2820  -40.0294   36.4708
   -0.3149    0.2645    0.9115
   -0.5933    0.6948   -0.4065
   -0.7408   -0.6688   -0.0619
...    26 A-T ...
  -43.5097  -42.3952   36.4463
   -0.6077    0.5901    0.5314
   -0.2984    0.4505   -0.8415
   -0.7360   -0.6699   -0.0977
...    27 A-T ...
  -45.8559  -44.6275   36.4031
   -0.6650    0.7467   -0.0136
    0.0995    0.0705   -0.9925
   -0.7402   -0.6614   -0.1212
...    28 G-C ...
  -48.4221  -46.6596   36.2919
   -0.4524    0.7482   -0.4853
    0.4259   -0.2969   -0.8547
   -0.7836   -0.5934   -0.1843
...    29 G-C ...
  -51.3134  -48.3201   35.8849
   -0.0692    0.5720   -0.8173
    0.5819   -0.6423   -0.4988
   -0.8103   -0.5101   -0.2884
...    30 C-G ...
  -54.2111  -49.4838   34.9556
    0.3079    0.2078   -0.9284
    0.5151   -0.8569   -0.0210
   -0.7999   -0.4718   -0.3709
...    31 C-G ...
  -56.9332  -50.5987   33.3292
    0.6197   -0.1956   -0.7600
    0.2468   -0.8707    0.4253
   -0.7450   -0.4512   -0.4913
...    32 G-C ...
  -59.0525  -52.3738   31.5140
    0.7469   -0.5620   -0.3555
   -0.1794   -0.6851    0.7061
   -0.6403   -0.4636   -0.6125
...    33 G-C ...
  -60.7717  -53.9049   29.0460
    0.5854   -0.8035    0.1085
   -0.5830   -0.3241    0.7451
   -0.5635   -0.4994   -0.6581
...    34 C-G ...
  -62.2295  -55.6260   26.6249
    0.1899   -0.8434    0.5026
   -0.8244    0.1409    0.5481
   -0.5331   -0.5184   -0.6686
...    35 C-G ...
  -63.7453  -57.6012   24.3579
   -0.2641   -0.6152    0.7429
   -0.8103    0.5593    0.1751
   -0.5232   -0.5557   -0.6462
...    36 C-G ...
  -65.3145  -59.6921   22.2361
   -0.6340   -0.1932    0.7488
   -0.5422    0.8015   -0.2523
   -0.5514   -0.5660   -0.6129
...    37 G-C ...
  -67.2490  -61.1406   19.9663
   -0.7778    0.3243    0.5385
   -0.0923    0.7884   -0.6082
   -0.6218   -0.5227   -0.5833
...    38 A-T ...
  -69.1961  -62.9532   18.0901
   -0.6655    0.7362    0.1232
    0.3813    0.4772   -0.7918
   -0.6417   -0.4799   -0.5983
...    39 C-G ...
  -71.6206  -64.6042   16.6427
   -0.3521    0.9004   -0.2554
    0.6670    0.0500   -0.7434
   -0.6566   -0.4321   -0.6182
...    40 A-T ...
  -73.8889  -65.9025   14.5795
    0.1544    0.8534   -0.4978
    0.7340   -0.4363   -0.5204
   -0.6614   -0.2851   -0.6938
...    41 C-G ...
  -76.3956  -66.3025   12.5492
    0.5398    0.5488   -0.6383
    0.5511   -0.8036   -0.2249
   -0.6364   -0.2303   -0.7362
...    42 G-C ...
  -78.1683  -67.0259    9.8565
    0.8425    0.0916   -0.5308
    0.1538   -0.9853    0.0742
   -0.5162   -0.1441   -0.8442
...    43 A-T ...
  -79.6611  -67.3291    6.9861
    0.8104   -0.4679   -0.3527
   -0.3655   -0.8741    0.3198
   -0.4580   -0.1302   -0.8794
...    44 C-G ...
  -80.6849  -67.2995    3.8491
    0.5274   -0.8408   -0.1222
   -0.7392   -0.5250    0.4218
   -0.4187   -0.1321   -0.8984
...    45 T-A ...
  -81.6530  -67.7261    0.7263
    0.0898   -0.9861    0.1396
   -0.9229   -0.0297    0.3838
   -0.3743   -0.1633   -0.9128
...    46 T-A ...
  -82.5089  -68.2535   -2.3722
   -0.4637   -0.8384    0.2864
   -0.8115    0.5317    0.2425
   -0.3556   -0.1199   -0.9269
...    47 A-T ...
  -83.8725  -68.2741   -5.4244
   -0.8760   -0.3433    0.3387
   -0.3518    0.9353    0.0380
   -0.3298   -0.0858   -0.9401
...    48 C-G ...
  -84.8982  -69.1496   -8.4493
   -0.9280    0.1826    0.3246
    0.1480    0.9806   -0.1287
   -0.3418   -0.0714   -0.9370
...    49 T-A ...
  -86.2459  -69.6096  -11.4208
   -0.7032    0.6553    0.2760
    0.6000    0.7551   -0.2642
   -0.3816   -0.0202   -0.9241
...    50 G-C ...
  -87.6147  -69.4784  -14.4394
   -0.2245    0.9484    0.2239
    0.8793    0.2962   -0.3729
   -0.4200    0.1132   -0.9005
...    51 T-A ...
  -89.5305  -69.0459  -17.0466
    0.2641    0.9620    0.0697
    0.8761   -0.2090   -0.4345
   -0.4034    0.1758   -0.8980
...    52 A-T ...
  -91.1763  -67.8758  -19.7159
    0.7238    0.6889    0.0385
    0.6247   -0.6306   -0.4606
   -0.2930    0.3575   -0.8868
...    53 G-C ...
  -92.1687  -66.3082  -22.4198
    0.9612    0.2551   -0.1046
    0.1827   -0.8734   -0.4514
   -0.2065    0.4148   -0.8862
...    54 G-C ...
  -92.4796  -64.4451  -25.2150
    0.9350   -0.2691   -0.2309
   -0.3424   -0.8544   -0.3909
   -0.0921    0.4446   -0.8910
...    55 T-A ...
  -92.3469  -62.5342  -27.8910
    0.6388   -0.6738   -0.3714
   -0.7674   -0.5922   -0.2456
   -0.0544    0.4419   -0.8954
...    56 A-T ...
  -92.5672  -61.1507  -30.8942
    0.0794   -0.8985   -0.4318
   -0.9965   -0.0823   -0.0119
   -0.0249    0.4312   -0.9019
...    57 T-A ...
  -91.9387  -59.8292  -33.8590
   -0.4286   -0.8101   -0.4002
   -0.9034    0.3765    0.2054
   -0.0157    0.4495   -0.8931
...    58 C-G ...
  -91.9068  -58.4585  -36.8295
   -0.8710   -0.4476   -0.2026
   -0.4908    0.7743    0.3994
   -0.0219    0.4473   -0.8941
...    59 T-A ...
  -91.9978  -57.2968  -39.9163
   -0.9977   -0.0112    0.0671
    0.0202    0.8931    0.4493
   -0.0650    0.4497   -0.8908
...    60 C-G ...
  -92.2441  -55.9266  -42.8663
   -0.8062    0.4811    0.3442
    0.5849    0.7357    0.3415
   -0.0889    0.4767   -0.8746
...    61 G-C ...
  -92.3287  -54.1115  -45.6265
   -0.3629    0.7184    0.5935
    0.9210    0.3734    0.1111
   -0.1418    0.5869   -0.7972
...    62 A-T ...
  -92.9169  -52.2057  -48.1760
    0.2173    0.7616    0.6105
    0.9673   -0.0841   -0.2394
   -0.1310    0.6425   -0.7550
...    63 G-C ...
  -93.6175  -49.9046  -50.4026
    0.6727    0.5549    0.4894
    0.7360   -0.4341   -0.5195
   -0.0758    0.7097   -0.7005
...    64 C-G ...
  -93.9987  -47.2482  -52.2724
    0.9592    0.1997    0.2003
    0.2824   -0.6359   -0.7182
   -0.0160    0.7455   -0.6663
...    65 T-A ...
  -93.8826  -44.5267  -54.1034
    0.9714   -0.1992   -0.1291
   -0.2264   -0.6145   -0.7557
    0.0712    0.7633   -0.6421
...    66 C-G ...
  -93.3935  -42.0219  -56.1159
    0.6728   -0.5364   -0.5095
   -0.7298   -0.3684   -0.5759
    0.1212    0.7593   -0.6393
...    67 G-C ...
  -93.1292  -39.7671  -58.5204
    0.1615   -0.7136   -0.6816
   -0.9672    0.0226   -0.2529
    0.1959    0.7001   -0.6866
...    68 G-C ...
  -92.1227  -37.6042  -60.8937
   -0.3847   -0.6328   -0.6719
   -0.9005    0.4171    0.1227
    0.2026    0.6523   -0.7304
...    69 G-C ...
  -91.2352  -35.6450  -63.4795
   -0.8141   -0.3509   -0.4627
   -0.5565    0.6993    0.4487
    0.1661    0.6228   -0.7646
...    70 A-T ...
  -90.5992  -33.6919  -66.0201
   -0.9886    0.1046   -0.1083
    0.0110    0.7674    0.6410
    0.1501    0.6325   -0.7599
...    71 T-A ...
  -90.2911  -32.1402  -68.9100
   -0.8533    0.4723    0.2211
    0.4967    0.6072    0.6202
    0.1586    0.6390   -0.7527
...    72 C-G ...
  -89.8698  -30.1003  -71.4165
   -0.4293    0.7008    0.5697
    0.8914    0.2271    0.3923
    0.1456    0.6762   -0.7222
...    73 C-G ...
  -89.8028  -27.7948  -73.8737
    0.0692    0.6338    0.7704
    0.9861   -0.1602    0.0432
    0.1508    0.7567   -0.6361
...    74 G-C ...
  -89.0450  -25.2386  -75.8257
    0.5372    0.3270    0.7775
    0.8151   -0.4385   -0.3787
    0.2171    0.8372   -0.5020
...    75 C-G ...
  -88.5696  -22.2417  -77.0466
    0.8626   -0.0095    0.5059
    0.4274   -0.5212   -0.7387
    0.2707    0.8534   -0.4455
...    76 T-A ...
  -87.6026  -19.2773  -78.0682
    0.9349   -0.3373    0.1102
   -0.0392   -0.4068   -0.9127
    0.3527    0.8490   -0.3936
...    77 T-A ...
  -86.3541  -16.4505  -79.0285
    0.7595   -0.5133   -0.3997
   -0.5339   -0.1407   -0.8338
    0.3717    0.8466   -0.3809
...    78 T-A ...
  -84.9137  -13.7107  -79.9976
    0.3451   -0.4964   -0.7966
   -0.8586    0.1759   -0.4816
    0.3792    0.8501   -0.3655
...    79 A-T ...
  -83.7845  -10.8699  -81.2775
   -0.2203   -0.3110   -0.9246
   -0.8930    0.4456    0.0629
    0.3925    0.8395   -0.3758
...    80 A-T ...
  -82.2332   -8.3286  -82.5862
   -0.6678    0.0162   -0.7441
   -0.6230    0.5349    0.5707
    0.4073    0.8448   -0.3472
...    81 C-G ...
  -80.6793   -5.8926  -84.2024
   -0.8971    0.2727   -0.3477
   -0.1998    0.4514    0.8696
    0.3941    0.8496   -0.3505
...    82 A-T ...
  -79.4121   -3.0235  -85.2267
   -0.8941    0.3920    0.2166
    0.3259    0.2377    0.9150
    0.3072    0.8887   -0.3403
...    83 C-G ...
  -78.8118   -0.2054  -86.8084
   -0.6237    0.4243    0.6565
    0.7275    0.0080    0.6860
    0.2858    0.9055   -0.3137
...    84 T-A ...
  -78.2683    2.8531  -87.8790
   -0.2077    0.2951    0.9326
    0.9426   -0.1945    0.2715
    0.2615    0.9355   -0.2377
...    85 T-A ...
  -77.7075    5.9466  -88.6100
    0.3156    0.1056    0.9430
    0.9089   -0.3190   -0.2685
    0.2725    0.9418   -0.1966
...    86 T-A ...
  -77.0414    9.0724  -89.0469
    0.7374   -0.1238    0.6640
    0.6052   -0.3154   -0.7309
    0.2999    0.9409   -0.1576
...    87 A-T ...
  -76.0040   12.2325  -88.9783
    0.8786   -0.4179    0.2313
    0.1795   -0.1598   -0.9707
    0.4426    0.8943   -0.0653
...    88 T-A ...
  -74.5328   15.1144  -88.4793
    0.8474   -0.4589   -0.2671
   -0.2616    0.0770   -0.9621
    0.4621    0.8851   -0.0548
...    89 T-A ...
  -72.8793   17.8968  -88.3576
    0.5680   -0.3422   -0.7485
   -0.6733    0.3299   -0.6617
    0.4733    0.8798   -0.0431
...    90 C-G ...
  -71.1492   20.6493  -88.5612
    0.0770   -0.1094   -0.9910
   -0.8636    0.4893   -0.1211
    0.4982    0.8652   -0.0568
...    91 A-T ...
  -69.6606   23.5752  -88.8151
   -0.4453    0.1206   -0.8872
   -0.7465    0.4972    0.4422
    0.4945    0.8592   -0.1314
...    92 T-A ...
  -67.6244   26.0286  -89.6818
   -0.7480    0.3673   -0.5528
   -0.4302    0.3658    0.8253
    0.5054    0.8551   -0.1156
...    93 G-C ...
  -66.1337   28.9538  -89.9634
   -0.9007    0.4344   -0.0013
    0.0511    0.1089    0.9927
    0.4314    0.8941   -0.1203
...    94 T-A ...
  -64.9283   31.8699  -90.9412
   -0.7670    0.4024    0.4997
    0.4902   -0.1350    0.8611
    0.4140    0.9054   -0.0937
...    95 T-A ...
  -63.7873   34.8546  -91.4554
   -0.3890    0.2455    0.8879
    0.8219   -0.3429    0.4549
    0.4161    0.9067   -0.0684
...    96 A-T ...
  -62.8828   38.0563  -91.5443
    0.0016   -0.1126    0.9936
    0.9174   -0.3954   -0.0463
    0.3981    0.9116    0.1026
...    97 T-A ...
  -62.2117   41.1960  -90.9681
    0.4246   -0.3216    0.8463
    0.8076   -0.2881   -0.5146
    0.4093    0.9020    0.1374
...    98 A-T ...
  -61.0832   44.1380  -89.8695
    0.6727   -0.5852    0.4529
    0.5285   -0.0484   -0.8475
    0.5179    0.8095    0.2767
...    99 A-T ...
  -59.4503   46.6430  -88.6546
    0.8333   -0.5470   -0.0800
    0.1009    0.2928   -0.9508
    0.5435    0.7843    0.2992
...   100 C-G ...
  -57.5530   48.8326  -87.1068
    0.7545   -0.3552   -0.5519
   -0.3078    0.5512   -0.7756
    0.5797    0.7550    0.3065
...   101 G-C ...
  -55.5791   51.4193  -86.5269
    0.4189   -0.0691   -0.9054
   -0.6182    0.7086   -0.3402
    0.6651    0.7022    0.2541
...   102 G-C ...
  -53.0404   53.5147  -85.8339
   -0.0053    0.2783   -0.9605
   -0.7197    0.6658    0.1969
    0.6943    0.6923    0.1967
...   103 A-T ...
  -50.6661   55.6893  -85.2416
   -0.4203    0.6119   -0.6701
   -0.5839    0.3829    0.7158
    0.6945    0.6921    0.1964
...   104 G-C ...
  -48.2425   57.9018  -84.8860
   -0.6838    0.6964   -0.2178
   -0.2961    0.0080    0.9551
    0.6669    0.7176    0.2007
...   105 C-G ...
  -45.9924   60.2971  -84.6124
   -0.7646    0.5641    0.3117
    0.1004   -0.3735    0.9222
    0.6366    0.7364    0.2290
...   106 T-A ...
  -44.1041   62.9386  -84.0660
   -0.6587    0.2488    0.7100
    0.4615   -0.6117    0.6425
    0.5942    0.7509    0.2881
...   107 T-A ...
  -42.3712   65.5359  -83.2434
   -0.3352   -0.1495    0.9302
    0.7368   -0.6569    0.1599
    0.5872    0.7390    0.3303
...   108 C-G ...
  -40.6020   67.9747  -82.0699
    0.0750   -0.5466    0.8341
    0.8067   -0.4584   -0.3729
    0.5862    0.7008    0.4065
...   109 C-G ...
  -38.9725   70.3117  -80.2885
    0.3874   -0.7909    0.4737
    0.6831   -0.0988   -0.7236
    0.6190    0.6040    0.5020
...   110 G-C ...
  -36.6411   71.9642  -78.6326
    0.5799   -0.8131   -0.0497
    0.4432    0.3661   -0.8183
    0.6836    0.4525    0.5727
...   111 G-C ...
  -34.2626   72.9096  -76.4438
    0.6606   -0.5461   -0.5151
    0.1348    0.7613   -0.6343
    0.7385    0.3496    0.5765
...   112 C-G ...
  -31.6858   73.5438  -74.4865
    0.6101   -0.0675   -0.7894
   -0.2013    0.9505   -0.2368
    0.7663    0.3033    0.5663
...   113 T-A ...
  -28.9661   74.1848  -72.7258
    0.4051    0.4274   -0.8082
   -0.4562    0.8606    0.2265
    0.7923    0.2770    0.5436
...   114 C-G ...
  -26.2697   75.0232  -71.0537
    0.0736    0.8540   -0.5150
   -0.6040    0.4491    0.6584
    0.7936    0.2626    0.5488
...   115 G-C ...
  -23.9689   75.9574  -68.8598
   -0.3210    0.9421   -0.0968
   -0.5541   -0.1039    0.8259
    0.7680    0.3188    0.5554
...   116 T-A ...
  -21.1778   77.1922  -67.5431
   -0.5731    0.7513    0.3271
   -0.3318   -0.5778    0.7457
    0.7493    0.3189    0.5804
...   117 A-T ...
  -18.7300   78.3664  -65.6514
   -0.7324    0.2834    0.6191
    0.0246   -0.8976    0.4401
    0.6805    0.3375    0.6504
...   118 T-A ...
  -16.7236   80.0702  -63.7193
   -0.6544   -0.1967    0.7301
    0.3688   -0.9260    0.0810
    0.6601    0.3223    0.6785
...   119 A-T ...
  -15.1178   81.5828  -61.1804
   -0.5493   -0.6675    0.5027
    0.6544   -0.7177   -0.2381
    0.5197    0.1982    0.8310
...   120 A-T ...
  -13.7271   82.2375  -58.3590
   -0.1634   -0.9569    0.2400
    0.8582   -0.2579   -0.4438
    0.4866    0.1334    0.8634
...   121 T-A ...
  -12.7908   82.5999  -55.2659
    0.2436   -0.9691   -0.0383
    0.8436    0.2312   -0.4846
    0.4784    0.0857    0.8739
...   122 G-C ...
  -11.0806   82.4722  -52.4264
    0.5889   -0.7021   -0.4002
    0.6244    0.7097   -0.3263
    0.5131   -0.0577    0.8564
...   123 T-A ...
   -9.6791   81.6695  -49.5615
    0.8126   -0.2478   -0.5276
    0.2609    0.9640   -0.0509
    0.5212   -0.0963    0.8480
...   124 G-C ...
   -7.7413   81.5519  -46.8997
    0.7924    0.3436   -0.5041
   -0.2138    0.9303    0.2980
    0.5713   -0.1283    0.8106
...   125 T-A ...
   -5.6214   80.6035  -44.5018
    0.5759    0.7727   -0.2670
   -0.5899    0.6189    0.5187
    0.5661   -0.1412    0.8122
...   126 C-G ...
   -3.6722   80.0742  -41.9123
    0.1290    0.9869    0.0969
   -0.8227    0.0520    0.5661
    0.5536   -0.1527    0.8187
...   127 G-C ...
   -2.2664   79.3568  -39.0006
   -0.3865    0.8649    0.3202
   -0.7778   -0.4923    0.3907
    0.4955   -0.0980    0.8630
...   128 A-T ...
   -0.5229   78.9948  -36.2793
   -0.7807    0.4414    0.4424
   -0.4392   -0.8911    0.1140
    0.4445   -0.1053    0.8896
...   129 C-G ...
    0.9870   79.2537  -33.4010
   -0.9215   -0.0496    0.3851
   -0.0003   -0.9917   -0.1286
    0.3883   -0.1186    0.9139
...   130 C-G ...
    2.1075   79.2689  -30.2267
   -0.8474   -0.5145    0.1311
    0.4611   -0.8356   -0.2986
    0.2632   -0.1926    0.9453
...   131 A-T ...
    2.6532   78.6256  -26.9908
   -0.5363   -0.8164   -0.2140
    0.8359   -0.4788   -0.2684
    0.1166   -0.3229    0.9392
...   132 A-T ...
    2.6860   77.5210  -23.9715
   -0.0229   -0.9232   -0.3836
    0.9968    0.0082   -0.0794
    0.0765   -0.3841    0.9201
...   133 A-T ...
    2.6269   76.0898  -21.0804
    0.5120   -0.7630   -0.3947
    0.8570    0.4850    0.1742
    0.0585   -0.4274    0.9022
...   134 T-A ...
    2.3076   74.2306  -18.3903
    0.8657   -0.4293   -0.2574
    0.4984    0.7868    0.3641
    0.0462   -0.4435    0.8951
...   135 G-C ...
    1.4354   72.0969  -15.6050
    0.9809    0.0621    0.1843
   -0.1263    0.9241    0.3607
   -0.1479   -0.3771    0.9143
...   136 T-A ...
    0.5280   69.2392  -13.4689
    0.7351    0.4963    0.4618
   -0.6117    0.7792    0.1365
   -0.2921   -0.3828    0.8764
...   137 G-C ...
   -0.1658   67.4105  -10.8095
    0.1800    0.8794    0.4408
   -0.9276    0.3008   -0.2214
   -0.3274   -0.3691    0.8698
...   138 A-T ...
   -0.1321   66.2179   -7.8216
   -0.3749    0.8570    0.3536
   -0.8857   -0.2184   -0.4098
   -0.2739   -0.4668    0.8409
...   139 G-C ...
   -1.0069   65.6074   -4.9425
   -0.8336    0.5218    0.1811
   -0.5170   -0.6220   -0.5881
   -0.1942   -0.5839    0.7883
...   140 C-G ...
   -0.6974   63.9002   -2.2528
   -0.9992    0.0157   -0.0376
    0.0023   -0.8993   -0.4374
   -0.0406   -0.4371    0.8985
...   141 G-C ...
   -3.4382   60.2384    1.0283
   -0.4425    0.2285   -0.8672
    0.1683   -0.9287   -0.3306
   -0.8808   -0.2922    0.3725
...   142 C-G ...
   -6.3288   59.0833    1.6293
   -0.2970   -0.3280   -0.8968
    0.5656   -0.8171    0.1115
   -0.7693   -0.4741    0.4282
...   143 T-A ...
   -8.6768   58.7242    3.6024
   -0.0347   -0.7817   -0.6227
    0.6533   -0.4893    0.5778
   -0.7563   -0.3868    0.5276
...   144 C-G ...
  -11.6544   58.0113    4.7193
    0.2451   -0.9542   -0.1716
    0.6322    0.0231    0.7745
   -0.7350   -0.2983    0.6089
...   145 A-T ...
  -14.1760   56.5668    6.1806
    0.5795   -0.7268    0.3687
    0.3139    0.6165    0.7220
   -0.7521   -0.3027    0.5855
...   146 C-G ...
  -16.4651   53.8948    7.5153
    0.5336   -0.3331    0.7774
   -0.0346    0.9098    0.4136
   -0.8450   -0.2476    0.4739
...   147 A-T ...
  -19.0172   52.0373    8.9260
    0.2452    0.2907    0.9249
   -0.3073    0.9281   -0.2103
   -0.9195   -0.2327    0.3169
