  147 base-pairs
...     1 A-T ...
    0.0000    0.0000    0.0000
    1.0000    0.0000    0.0000
    0.0000    1.0000    0.0000
    0.0000    0.0000    1.0000
...     2 G-C ...
   -0.1404   -1.2353    3.2259
    0.7530    0.6366    0.1668
   -0.6385    0.7681   -0.0490
   -0.1593   -0.0696    0.9848
...     3 T-A ...
   -0.0377   -3.2918    6.3749
    0.2722    0.9302    0.2464
   -0.9238    0.3243   -0.2034
   -0.2691   -0.1722    0.9476
...     4 G-C ...
   -0.3520   -4.1638    9.4928
   -0.3756    0.9250    0.0576
   -0.8780   -0.3352   -0.3416
   -0.2967   -0.1788    0.9381
...     5 A-T ...
   -0.4480   -4.1448   12.7498
   -0.8116    0.5839   -0.0166
   -0.5522   -0.7762   -0.3042
   -0.1905   -0.2377    0.9525
...     6 G-C ...
   -1.5926   -4.1701   15.6201
   -0.9976    0.0246   -0.0651
   -0.0043   -0.9555   -0.2950
   -0.0694   -0.2940    0.9533
...     7 C-G ...
   -1.1050   -4.4793   18.7363
   -0.8442   -0.5302   -0.0787
    0.5343   -0.8442   -0.0430
   -0.0437   -0.0784    0.9960
...     8 G-C ...
   -2.4044   -7.7255   23.1483
   -0.2753   -0.3294   -0.9032
    0.6650   -0.7437    0.0686
   -0.6943   -0.5817    0.4238
...     9 C-G ...
   -4.4706   -9.9691   24.1142
    0.1145   -0.7026   -0.7023
    0.8512   -0.2951    0.4341
   -0.5123   -0.6475    0.5642
...    10 T-A ...
   -6.7420  -10.8705   25.9717
    0.4841   -0.8363   -0.2573
    0.6594    0.1554    0.7356
   -0.5752   -0.5257    0.6267
...    11 C-G ...
   -9.1682  -12.6167   27.1662
    0.7073   -0.6683    0.2306
    0.3450    0.6110    0.7125
   -0.6170   -0.4243    0.6627
...    12 A-T ...
  -10.9253  -14.6583   29.0713
    0.7515   -0.1377    0.6452
   -0.2027    0.8824    0.4245
   -0.6278   -0.4498    0.6352
...    13 C-G ...
  -11.8495  -17.4796   31.2472
    0.4294    0.2824    0.8578
   -0.5708    0.8209    0.0155
   -0.6998   -0.4963    0.5137
...    14 A-T ...
  -13.5915  -19.7756   33.4284
   -0.1503    0.6106    0.7775
   -0.6874    0.5007   -0.5261
   -0.7106   -0.6135    0.3445
...    15 A-T ...
  -15.6898  -21.8631   34.7552
   -0.5073    0.7800    0.3664
   -0.4753    0.1015   -0.8740
   -0.7189   -0.6175    0.3192
...    16 T-A ...
  -17.7897  -23.7571   36.4093
   -0.6599    0.7436   -0.1080
   -0.1613   -0.2805   -0.9462
   -0.7338   -0.6070    0.3050
...    17 T-A ...
  -20.1779  -25.5572   37.6120
   -0.6057    0.5131   -0.6081
    0.2184   -0.6277   -0.7472
   -0.7651   -0.5854    0.2682
...    18 T-A ...
  -22.7724  -27.2057   38.5592
   -0.3476    0.1480   -0.9259
    0.4973   -0.8080   -0.3159
   -0.7949   -0.5703    0.2073
...    19 A-T ...
  -25.8887  -28.4330   38.8939
    0.1112   -0.1043   -0.9883
    0.5484   -0.8229    0.1486
   -0.8288   -0.5585   -0.0343
...    20 T-A ...
  -28.8658  -29.6811   38.4479
    0.3891   -0.4643   -0.7956
    0.4105   -0.6858    0.6009
   -0.8247   -0.5605   -0.0763
...    21 T-A ...
  -31.5961  -31.3175   37.8950
    0.5634   -0.7496   -0.3474
    0.1136   -0.3463    0.9312
   -0.8184   -0.5641   -0.1099
...    22 C-G ...
  -34.1133  -33.2925   37.3196
    0.5457   -0.8032    0.2389
   -0.2570    0.1110    0.9600
   -0.7976   -0.5853   -0.1458
...    23 G-C ...
  -36.7390  -35.2898   37.2643
    0.3675   -0.5773    0.7292
   -0.5566    0.4915    0.6697
   -0.7450   -0.6520   -0.1407
...    24 C-G ...
  -38.9191  -37.6997   36.6664
    0.0240   -0.2157    0.9762
   -0.6744    0.7173    0.1751
   -0.7380   -0.6625   -0.1283
...    25 A-T ...
  -41.5041  -39.6754   36.2079
   -0.3150    0.2589    0.9131
   -0.5758    0.7127   -0.4007
   -0.7545   -0.6520   -0.0754
...    26 A-T ...
  -43.7819  -41.9910   36.1365
   -0.5971    0.5964    0.5365
   -0.2834    0.4689   -0.8366
   -0.7505   -0.6515   -0.1109
...    27 A-T ...
  -46.1795  -44.1649   36.0483
   -0.6459    0.7634   -0.0049
    0.1056    0.0830   -0.9909
   -0.7561   -0.6406   -0.1342
...    28 G-C ...
  -48.7969  -46.1249   35.8958
   -0.4301    0.7682   -0.4742
    0.4209   -0.2940   -0.8581
   -0.7986   -0.5687   -0.1969
...    29 G-C ...
  -51.7351  -47.6882   35.4482
   -0.0500    0.5887   -0.8068
    0.5646   -0.6497   -0.5090
   -0.8238   -0.4810   -0.2999
...    30 C-G ...
  -54.6617  -48.7428   34.4836
    0.3167    0.2165   -0.9235
    0.4889   -0.8715   -0.0366
   -0.8128   -0.4399   -0.3819
...    31 C-G ...
  -57.4075  -49.7390   32.8200
    0.6150   -0.1997   -0.7628
    0.2179   -0.8867    0.4078
   -0.7578   -0.4170   -0.5019
...    32 G-C ...
  -59.5743  -51.4085   30.9618
    0.7278   -0.5795   -0.3668
   -0.2040   -0.6936    0.6909
   -0.6547   -0.4280   -0.6230
...    33 G-C ...
  -61.3431  -52.8240   28.4593
    0.5560   -0.8262    0.0908
   -0.5951   -0.3194    0.7375
   -0.5803   -0.4640   -0.6693
...    34 C-G ...
  -62.8645  -54.4324   25.9992
    0.1581   -0.8611    0.4831
   -0.8189    0.1591    0.5515
   -0.5518   -0.4828   -0.6800
...    35 C-G ...
  -64.4530  -56.2879   23.6816
   -0.2872   -0.6218    0.7286
   -0.7879    0.5859    0.1895
   -0.5447   -0.5197   -0.6582
...    36 C-G ...
  -66.0989  -58.2601   21.5054
   -0.6396   -0.1861    0.7459
   -0.5103    0.8284   -0.2309
   -0.5749   -0.5283   -0.6248
...    37 G-C ...
  -68.0907  -59.5743   19.2045
   -0.7613    0.3419    0.5509
   -0.0624    0.8071   -0.5871
   -0.6454   -0.4813   -0.5931
...    38 A-T ...
  -70.1204  -61.2528   17.2942
   -0.6331    0.7598    0.1480
    0.3960    0.4823   -0.7814
   -0.6651   -0.4361   -0.6062
...    39 C-G ...
  -72.6220  -62.7567   15.8226
   -0.3153    0.9215   -0.2269
    0.6629    0.0428   -0.7475
   -0.6791   -0.3861   -0.6243
...    40 A-T ...
  -74.9651  -63.8893   13.7456
    0.1866    0.8606   -0.4738
    0.7096   -0.4516   -0.5408
   -0.6794   -0.2353   -0.6950
...    41 C-G ...
  -77.5051  -64.1158   11.7296
    0.5566    0.5443   -0.6276
    0.5132   -0.8194   -0.2554
   -0.6533   -0.1799   -0.7354
...    42 G-C ...
  -79.3307  -64.6757    9.0338
    0.8392    0.0707   -0.5392
    0.1105   -0.9930    0.0417
   -0.5325   -0.0946   -0.8411
...    43 A-T ...
  -80.8730  -64.8201    6.1761
    0.7831   -0.4926   -0.3795
   -0.4004   -0.8664    0.2982
   -0.4757   -0.0816   -0.8758
...    44 C-G ...
  -81.9414  -64.6435    3.0572
    0.4861   -0.8596   -0.1573
   -0.7561   -0.5040    0.4175
   -0.4382   -0.0840   -0.8949
...    45 T-A ...
  -82.9791  -64.9217   -0.0603
    0.0463   -0.9932    0.1065
   -0.9166    0.0001    0.3998
   -0.3971   -0.1161   -0.9104
...    46 T-A ...
  -83.9124  -65.3057   -3.1575
   -0.4965   -0.8254    0.2688
   -0.7815    0.5598    0.2754
   -0.3778   -0.0733   -0.9230
...    47 A-T ...
  -85.3255  -65.1789   -6.1814
   -0.8819   -0.3166    0.3492
   -0.3104    0.9476    0.0753
   -0.3548   -0.0420   -0.9340
...    48 C-G ...
  -86.4575  -65.9134   -9.2034
   -0.9112    0.2105    0.3542
    0.1861    0.9772   -0.1021
   -0.3676   -0.0272   -0.9296
...    49 T-A ...
  -87.8995  -66.2214  -12.1489
   -0.6676    0.6741    0.3159
    0.6236    0.7382   -0.2573
   -0.4067    0.0252   -0.9132
...    50 G-C ...
  -89.3482  -65.9321  -15.1190
   -0.1789    0.9488    0.2604
    0.8797    0.2728   -0.3895
   -0.4405    0.1594   -0.8835
...    51 T-A ...
  -91.3192  -65.3353  -17.6515
    0.3050    0.9479    0.0917
    0.8535   -0.2294   -0.4678
   -0.4224    0.2209   -0.8791
...    52 A-T ...
  -92.9860  -64.0212  -20.2369
    0.7522    0.6581    0.0327
    0.5827   -0.6412   -0.4993
   -0.3076    0.3947   -0.8658
...    53 G-C ...
  -94.0059  -62.3367  -22.8605
    0.9664    0.2199   -0.1328
    0.1310   -0.8666   -0.4815
   -0.2210    0.4479   -0.8663
...    54 G-C ...
  -94.3477  -60.3848  -25.5916
    0.9140   -0.2988   -0.2743
   -0.3910   -0.8289   -0.4000
   -0.1079    0.4729   -0.8745
...    55 T-A ...
  -94.2440  -58.4030  -28.2191
    0.5963   -0.6873   -0.4148
   -0.7995   -0.5549   -0.2300
   -0.0721    0.4688   -0.8804
...    56 A-T ...
  -94.5333  -56.9235  -31.1706
    0.0261   -0.8882   -0.4586
   -0.9986   -0.0438    0.0281
   -0.0451    0.4573   -0.8882
...    57 T-A ...
  -93.9776  -55.5432  -34.1226
   -0.4760   -0.7820   -0.4024
   -0.8787    0.4043    0.2538
   -0.0358    0.4744   -0.8796
...    58 C-G ...
  -94.0178  -54.0913  -37.0534
   -0.8950   -0.4103   -0.1749
   -0.4438    0.7805    0.4403
   -0.0441    0.4717   -0.8806
...    59 T-A ...
  -94.2024  -52.8460  -40.1023
   -0.9934    0.0214    0.1127
    0.0723    0.8798    0.4697
   -0.0891    0.4748   -0.8756
...    60 C-G ...
  -94.5398  -51.3907  -43.0010
   -0.7725    0.4984    0.3936
    0.6249    0.7071    0.3310
   -0.1133    0.5017   -0.8576
...    61 G-C ...
  -94.7031  -49.4970  -45.7044
   -0.3100    0.7147    0.6270
    0.9369    0.3417    0.0738
   -0.1615    0.6103   -0.7755
...    62 A-T ...
  -95.3560  -47.5077  -48.1744
    0.2719    0.7402    0.6149
    0.9508   -0.1081   -0.2904
   -0.1485    0.6636   -0.7332
...    63 G-C ...
  -96.0966  -45.1356  -50.3137
    0.7143    0.5238    0.4641
    0.6939   -0.4445   -0.5665
   -0.0904    0.7267   -0.6810
...    64 C-G ...
  -96.4937  -42.4297  -52.1112
    0.9742    0.1674    0.1511
    0.2236   -0.6288   -0.7447
   -0.0296    0.7593   -0.6500
...    65 T-A ...
  -96.3987  -39.6754  -53.8963
    0.9563   -0.2238   -0.1880
   -0.2867   -0.5928   -0.7526
    0.0570    0.7736   -0.6311
...    66 C-G ...
  -95.9596  -37.1426  -55.8868
    0.6265   -0.5447   -0.5575
   -0.7723   -0.3373   -0.5383
    0.1051    0.7678   -0.6320
...    67 G-C ...
  -95.7809  -34.8429  -58.2566
    0.1012   -0.7057   -0.7013
   -0.9798    0.0515   -0.1932
    0.1725    0.7067   -0.6862
...    68 G-C ...
  -94.8632  -32.6617  -60.6488
   -0.4410   -0.6128   -0.6557
   -0.8806    0.4366    0.1842
    0.1734    0.6587   -0.7322
...    69 G-C ...
  -94.0883  -30.6868  -63.2583
   -0.8494   -0.3262   -0.4149
   -0.5109    0.7052    0.4916
    0.1322    0.6295   -0.7657
...    70 A-T ...
  -93.5746  -28.7150  -65.8109
   -0.9910    0.1263   -0.0435
    0.0682    0.7590    0.6475
    0.1148    0.6387   -0.7608
...    71 T-A ...
  -93.4211  -27.1346  -68.6966
   -0.8275    0.4861    0.2809
    0.5479    0.5900    0.5931
    0.1226    0.6447   -0.7545
...    72 C-G ...
  -93.1290  -25.0700  -71.2006
   -0.3774    0.7026    0.6032
    0.9194    0.2064    0.3349
    0.1108    0.6810   -0.7238
...    73 C-G ...
  -93.1809  -22.7341  -73.6293
    0.1327    0.6257    0.7687
    0.9837   -0.1781   -0.0248
    0.1214    0.7594   -0.6392
...    74 G-C ...
  -92.5056  -20.1771  -75.6106
    0.5961    0.3129    0.7394
    0.7787   -0.4500   -0.4373
    0.1959    0.8364   -0.5119
...    75 C-G ...
  -92.0660  -17.1821  -76.8538
    0.8964   -0.0263    0.4424
    0.3643   -0.5247   -0.7694
    0.2523    0.8509   -0.4608
...    76 T-A ...
  -91.1284  -14.2286  -77.9361
    0.9350   -0.3522    0.0403
   -0.1128   -0.4032   -0.9081
    0.3361    0.8446   -0.4167
...    77 T-A ...
  -89.9126  -11.4171  -78.9809
    0.7197   -0.5236   -0.4560
   -0.5968   -0.1307   -0.7917
    0.3549    0.8419   -0.4065
...    78 T-A ...
  -88.5102   -8.6967  -80.0538
    0.2768   -0.5010   -0.8200
   -0.8896    0.1890   -0.4157
    0.3632    0.8446   -0.3934
...    79 A-T ...
  -87.4214   -5.8821  -81.4206
   -0.2932   -0.3135   -0.9032
   -0.8796    0.4586    0.1264
    0.3746    0.8315   -0.4102
...    80 A-T ...
  -85.9430   -3.3712  -82.8630
   -0.7221    0.0182   -0.6915
   -0.5712    0.5482    0.6109
    0.3902    0.8362   -0.3854
...    81 C-G ...
  -84.4892   -0.9723  -84.6195
   -0.9178    0.2801   -0.2812
   -0.1274    0.4630    0.8771
    0.3759    0.8409   -0.3893
...    82 A-T ...
  -83.2784    1.8713  -85.7765
   -0.8704    0.4052    0.2797
    0.3982    0.2452    0.8840
    0.2896    0.8808   -0.3747
...    83 C-G ...
  -82.7738    4.6635  -87.4388
   -0.5658    0.4407    0.6969
    0.7790    0.0085    0.6270
    0.2704    0.8976   -0.3481
...    84 T-A ...
  -82.2825    7.7010  -88.5950
   -0.1294    0.3120    0.9412
    0.9590   -0.2019    0.1988
    0.2521    0.9284   -0.2731
...    85 T-A ...
  -81.7501   10.7762  -89.4240
    0.3931    0.1187    0.9118
    0.8803   -0.3352   -0.3358
    0.2658    0.9346   -0.2363
...    86 T-A ...
  -81.0914   13.8861  -89.9779
    0.7894   -0.1190    0.6022
    0.5383   -0.3372   -0.7723
    0.2950    0.9339   -0.2022
...    87 A-T ...
  -80.0225   17.0333  -90.0849
    0.8924   -0.4210    0.1625
    0.0920   -0.1828   -0.9788
    0.4418    0.8885   -0.1244
...    88 T-A ...
  -78.4924   19.9121  -89.7846
    0.8169   -0.4729   -0.3302
   -0.3453    0.0575   -0.9367
    0.4620    0.8793   -0.1163
...    89 G-C ...
  -76.7805   22.6765  -90.3822
    0.4493   -0.4525   -0.7703
   -0.7058    0.3488   -0.6166
    0.5477    0.8207   -0.1626
...    90 C-G ...
  -74.5906   25.0896  -90.8696
   -0.0106   -0.2237   -0.9746
   -0.8193    0.5607   -0.1198
    0.5732    0.7972   -0.1892
...    91 T-A ...
  -72.4417   27.4636  -91.6635
   -0.4452    0.0695   -0.8927
   -0.6833    0.6180    0.3888
    0.5787    0.7831   -0.2276
...    92 T-A ...
  -70.3336   29.7783  -92.5552
   -0.7293    0.4337   -0.5292
   -0.3235    0.4630    0.8252
    0.6029    0.7730   -0.1973
...    93 C-G ...
  -68.3569   32.2691  -93.3229
   -0.7935    0.6070    0.0450
    0.1488    0.1219    0.9813
    0.5901    0.7853   -0.1870
...    94 C-G ...
  -66.5218   34.9308  -94.2834
   -0.6512    0.5091    0.5629
    0.5346   -0.2186    0.8163
    0.5386    0.8325   -0.1298
...    95 G-C ...
  -64.5696   37.5905  -94.4615
   -0.3504    0.1950    0.9161
    0.7947   -0.4557    0.4009
    0.4957    0.8685    0.0048
...    96 G-C ...
  -63.3085   40.7103  -94.3983
    0.0411   -0.1669    0.9851
    0.8697   -0.4794   -0.1175
    0.4918    0.8616    0.1255
...    97 C-G ...
  -62.1168   43.6710  -93.7056
    0.4415   -0.4563    0.7726
    0.7346   -0.3106   -0.6032
    0.5152    0.8339    0.1981
...    98 T-A ...
  -60.5935   46.3582  -92.6199
    0.6926   -0.6261    0.3583
    0.4494   -0.0140   -0.8932
    0.5642    0.7796    0.2717
...    99 C-G ...
  -58.6530   48.7174  -91.5479
    0.7942   -0.5694   -0.2124
    0.0136    0.3661   -0.9305
    0.6076    0.7360    0.2985
...   100 G-C ...
  -56.4227   51.0780  -90.9380
    0.6116   -0.3636   -0.7027
   -0.3559    0.6669   -0.6547
    0.7067    0.6505    0.2785
...   101 T-A ...
  -53.7927   52.6988  -89.7720
    0.3383    0.0146   -0.9409
   -0.6022    0.7717   -0.2046
    0.7231    0.6358    0.2699
...   102 C-G ...
  -51.3073   54.6792  -89.0124
   -0.0705    0.4542   -0.8881
   -0.6750    0.6338    0.3778
    0.7345    0.6261    0.2619
...   103 A-T ...
  -49.0493   56.8693  -88.0483
   -0.4772    0.6940   -0.5390
   -0.5088    0.2820    0.8134
    0.7165    0.6624    0.2185
...   104 T-A ...
  -46.4661   58.9292  -87.9740
   -0.6553    0.7530   -0.0596
   -0.2144   -0.1098    0.9705
    0.7243    0.6488    0.2334
...   105 G-C ...
  -44.1857   61.1407  -87.0736
   -0.7385    0.5045    0.4473
    0.1693   -0.5035    0.8473
    0.6527    0.7014    0.2864
...   106 T-A ...
  -42.3222   63.8012  -86.5601
   -0.5878    0.1541    0.7942
    0.5046   -0.6975    0.5088
    0.6324    0.6998    0.3323
...   107 T-A ...
  -40.4782   66.2452  -85.5422
   -0.2594   -0.2754    0.9257
    0.7371   -0.6758    0.0055
    0.6240    0.6837    0.3783
...   108 A-T ...
  -38.9862   68.7320  -83.8581
   -0.0156   -0.6988    0.7152
    0.8006   -0.4372   -0.4097
    0.5990    0.5662    0.5663
...   109 T-A ...
  -37.6115   70.6585  -81.6232
    0.3419   -0.8460    0.4091
    0.7208   -0.0433   -0.6918
    0.6030    0.5314    0.5950
...   110 A-T ...
  -35.8019   72.0205  -79.1886
    0.5422   -0.8350   -0.0933
    0.5031    0.4116   -0.7600
    0.6730    0.3652    0.6432
...   111 A-T ...
  -33.7001   72.9202  -76.9012
    0.7206   -0.4818   -0.4986
    0.1479    0.8093   -0.5684
    0.6774    0.3359    0.6545
...   112 C-G ...
  -31.4202   73.3643  -74.5478
    0.6873   -0.0126   -0.7263
   -0.2136    0.9521   -0.2186
    0.6943    0.3054    0.6517
...   113 G-C ...
  -29.1333   74.7757  -72.6162
    0.4183    0.4937   -0.7624
   -0.5140    0.8207    0.2495
    0.7489    0.2875    0.5971
...   114 G-C ...
  -26.4051   75.5821  -70.8188
    0.0486    0.8436   -0.5348
   -0.6454    0.4352    0.6278
    0.7623    0.3146    0.5656
...   115 A-T ...
  -23.8238   76.4969  -69.0248
   -0.3360    0.9389   -0.0741
   -0.5685   -0.1394    0.8108
    0.7510    0.3146    0.5806
...   116 T-A ...
  -21.0744   77.7513  -67.6955
   -0.5670    0.7484    0.3442
   -0.3413   -0.5937    0.7287
    0.7497    0.2957    0.5921
...   117 A-T ...
  -18.6276   78.8729  -65.7705
   -0.7347    0.2763    0.6195
    0.0129   -0.9074    0.4201
    0.6782    0.3167    0.6631
...   118 T-A ...
  -16.6219   80.5163  -63.7858
   -0.6619   -0.2065    0.7206
    0.3600   -0.9307    0.0640
    0.6575    0.3018    0.6904
...   119 A-T ...
  -15.0185   81.9563  -61.2055
   -0.5564   -0.6736    0.4865
    0.6508   -0.7173   -0.2488
    0.5166    0.1782    0.8375
...   120 A-T ...
  -13.6392   82.5510  -58.3643
   -0.1693   -0.9602    0.2221
    0.8588   -0.2543   -0.4448
    0.4835    0.1154    0.8677
...   121 T-A ...
  -12.7142   82.8570  -55.2603
    0.2400   -0.9693   -0.0534
    0.8465    0.2359   -0.4773
    0.4752    0.0693    0.8771
...   122 G-C ...
  -11.0135   82.6870  -52.4189
    0.5890   -0.6974   -0.4082
    0.6273    0.7130   -0.3131
    0.5094   -0.0716    0.8575
...   123 T-A ...
   -9.6269   81.8419  -49.5586
    0.8143   -0.2419   -0.5276
    0.2629    0.9641   -0.0364
    0.5175   -0.1090    0.8487
...   124 G-C ...
   -7.7024   81.6850  -46.8896
    0.7947    0.3484   -0.4971
   -0.2134    0.9270    0.3086
    0.5683   -0.1391    0.8110
...   125 T-A ...
   -5.5917   80.7066  -44.4978
    0.5778    0.7747   -0.2570
   -0.5904    0.6141    0.5237
    0.5635   -0.1509    0.8122
...   126 C-G ...
   -3.6498   80.1494  -41.9101
    0.1301    0.9858    0.1061
   -0.8239    0.0480    0.5647
    0.5516   -0.1609    0.8185
...   127 G-C ...
   -2.2460   79.4143  -39.0032
   -0.3861    0.8632    0.3252
   -0.7790   -0.4939    0.3862
    0.4940   -0.1042    0.8632
...   128 A-T ...
   -0.5086   79.0386  -36.2806
   -0.7808    0.4400    0.4435
   -0.4404   -0.8912    0.1088
    0.4431   -0.1104    0.8896
...   129 C-G ...
    0.9973   79.2833  -33.3987
   -0.9221   -0.0503    0.3837
   -0.0013   -0.9911   -0.1329
    0.3870   -0.1231    0.9138
...   130 C-G ...
    2.1117   79.2855  -30.2219
   -0.8480   -0.5141    0.1286
    0.4606   -0.8350   -0.3011
    0.2621   -0.1961    0.9449
...   131 A-T ...
    2.6561   78.6322  -26.9885
   -0.5367   -0.8156   -0.2163
    0.8358   -0.4785   -0.2692
    0.1161   -0.3253    0.9385
...   132 A-T ...
    2.6870   77.5230  -23.9706
   -0.0230   -0.9227   -0.3848
    0.9968    0.0082   -0.0793
    0.0764   -0.3854    0.9196
...   133 A-T ...
    2.6269   76.0901  -21.0802
    0.5121   -0.7628   -0.3949
    0.8570    0.4850    0.1745
    0.0585   -0.4278    0.9020
...   134 T-A ...
    2.3075   74.2308  -18.3902
    0.8657   -0.4293   -0.2574
    0.4984    0.7868    0.3641
    0.0462   -0.4435    0.8951
...   135 G-C ...
    1.4354   72.0971  -15.6050
    0.9809    0.0621    0.1843
   -0.1263    0.9241    0.3607
   -0.1479   -0.3771    0.9143
...   136 T-A ...
    0.5279   69.2394  -13.4688
    0.7351    0.4963    0.4618
   -0.6117    0.7792    0.1365
   -0.2921   -0.3828    0.8764
...   137 G-C ...
   -0.1659   67.4106  -10.8095
    0.1800    0.8794    0.4408
   -0.9276    0.3008   -0.2214
   -0.3274   -0.3691    0.8698
...   138 A-T ...
   -0.1322   66.2181   -7.8216
   -0.3749    0.8570    0.3536
   -0.8857   -0.2184   -0.4098
   -0.2739   -0.4668    0.8409
...   139 G-C ...
   -1.0069   65.6075   -4.9424
   -0.8336    0.5218    0.1811
   -0.5170   -0.6220   -0.5881
   -0.1942   -0.5839    0.7883
...   140 C-G ...
   -0.6975   63.9004   -2.2528
   -0.9992    0.0157   -0.0376
    0.0023   -0.8993   -0.4374
   -0.0406   -0.4371    0.8985
...   141 G-C ...
   -3.4383   60.2386    1.0284
   -0.4425    0.2285   -0.8672
    0.1683   -0.9287   -0.3306
   -0.8808   -0.2922    0.3725
...   142 C-G ...
   -6.3289   59.0835    1.6294
   -0.2970   -0.3280   -0.8968
    0.5656   -0.8171    0.1115
   -0.7693   -0.4741    0.4282
...   143 T-A ...
   -8.6769   58.7243    3.6024
   -0.0347   -0.7817   -0.6227
    0.6533   -0.4893    0.5778
   -0.7563   -0.3868    0.5276
...   144 C-G ...
  -11.6545   58.0114    4.7193
    0.2451   -0.9542   -0.1716
    0.6322    0.0231    0.7745
   -0.7350   -0.2983    0.6089
...   145 A-T ...
  -14.1760   56.5669    6.1807
    0.5795   -0.7268    0.3687
    0.3139    0.6165    0.7220
   -0.7521   -0.3027    0.5855
...   146 C-G ...
  -16.4651   53.8950    7.5153
    0.5336   -0.3331    0.7774
   -0.0346    0.9098    0.4136
   -0.8450   -0.2476    0.4739
...   147 A-T ...
  -19.0173   52.0375    8.9261
    0.2452    0.2907    0.9249
   -0.3073    0.9281   -0.2103
   -0.9195   -0.2327    0.3169
