  147 base-pairs
...     1 A-T ...
    0.0000    0.0000    0.0000
    1.0000    0.0000    0.0000
    0.0000    1.0000    0.0000
    0.0000    0.0000    1.0000
...     2 G-C ...
   -0.1404   -1.2353    3.2259
    0.7530    0.6366    0.1668
   -0.6385    0.7681   -0.0490
   -0.1593   -0.0696    0.9848
...     3 T-A ...
   -0.0377   -3.2918    6.3749
    0.2722    0.9302    0.2464
   -0.9238    0.3243   -0.2034
   -0.2691   -0.1722    0.9476
...     4 G-C ...
   -0.3520   -4.1638    9.4928
   -0.3756    0.9250    0.0576
   -0.8780   -0.3352   -0.3416
   -0.2967   -0.1788    0.9381
...     5 A-T ...
   -0.4480   -4.1448   12.7498
   -0.8116    0.5839   -0.0166
   -0.5522   -0.7762   -0.3042
   -0.1905   -0.2377    0.9525
...     6 G-C ...
   -1.5926   -4.1701   15.6201
   -0.9976    0.0246   -0.0651
   -0.0043   -0.9555   -0.2950
   -0.0694   -0.2940    0.9533
...     7 C-G ...
   -1.1050   -4.4793   18.7363
   -0.8442   -0.5302   -0.0787
    0.5343   -0.8442   -0.0430
   -0.0437   -0.0784    0.9960
...     8 G-C ...
   -2.4044   -7.7255   23.1483
   -0.2753   -0.3294   -0.9032
    0.6650   -0.7437    0.0686
   -0.6943   -0.5817    0.4238
...     9 C-G ...
   -4.4706   -9.9691   24.1142
    0.1145   -0.7026   -0.7023
    0.8512   -0.2951    0.4341
   -0.5123   -0.6475    0.5642
...    10 T-A ...
   -6.7420  -10.8705   25.9717
    0.4841   -0.8363   -0.2573
    0.6594    0.1554    0.7356
   -0.5752   -0.5257    0.6267
...    11 C-G ...
   -9.1682  -12.6167   27.1662
    0.7073   -0.6683    0.2306
    0.3450    0.6110    0.7125
   -0.6170   -0.4243    0.6627
...    12 A-T ...
  -10.9253  -14.6583   29.0713
    0.7515   -0.1377    0.6452
   -0.2027    0.8824    0.4245
   -0.6278   -0.4498    0.6352
...    13 C-G ...
  -11.8495  -17.4796   31.2472
    0.4294    0.2824    0.8578
   -0.5708    0.8209    0.0155
   -0.6998   -0.4963    0.5137
...    14 A-T ...
  -13.5915  -19.7756   33.4284
   -0.1503    0.6106    0.7775
   -0.6874    0.5007   -0.5261
   -0.7106   -0.6135    0.3445
...    15 A-T ...
  -15.6896  -21.8604   34.7596
   -0.5067    0.7802    0.3668
   -0.4768    0.1009   -0.8732
   -0.7183   -0.6173    0.3209
...    16 T-A ...
  -17.7859  -23.7532   36.4210
   -0.6608    0.7429   -0.1070
   -0.1635   -0.2816   -0.9455
   -0.7325   -0.6073    0.3075
...    17 T-A ...
  -20.1678  -25.5544   37.6377
   -0.6099    0.5099   -0.6066
    0.2172   -0.6286   -0.7468
   -0.7621   -0.5872    0.2726
...    18 T-A ...
  -22.7522  -27.2087   38.6069
   -0.3542    0.1424   -0.9243
    0.4995   -0.8068   -0.3157
   -0.7906   -0.5735    0.2146
...    19 A-T ...
  -25.8480  -28.4677   38.9781
    0.1025   -0.1129   -0.9883
    0.5555   -0.8177    0.1510
   -0.8252   -0.5644   -0.0211
...    20 T-A ...
  -28.8217  -29.7404   38.5761
    0.3841   -0.4695   -0.7950
    0.4218   -0.6767    0.6035
   -0.8213   -0.5672   -0.0619
...    21 T-A ...
  -31.5461  -31.4019   38.0720
    0.5657   -0.7484   -0.3462
    0.1271   -0.3357    0.9333
   -0.8147   -0.5720   -0.0948
...    22 C-G ...
  -34.0541  -33.4010   37.5488
    0.5570   -0.7950    0.2402
   -0.2459    0.1183    0.9620
   -0.7933   -0.5949   -0.1296
...    23 G-C ...
  -36.6554  -35.4298   37.5472
    0.3858   -0.5647    0.7296
   -0.5530    0.4915    0.6728
   -0.7385   -0.6630   -0.1226
...    24 C-G ...
  -38.8070  -37.8782   37.0136
    0.0429   -0.2048    0.9779
   -0.6819    0.7093    0.1784
   -0.7302   -0.6745   -0.1092
...    25 A-T ...
  -41.3658  -39.9026   36.6290
   -0.3029    0.2639    0.9158
   -0.5945    0.6987   -0.3980
   -0.7449   -0.6649   -0.0547
...    26 A-T ...
  -43.6055  -42.2568   36.6276
   -0.5977    0.5918    0.5408
   -0.3067    0.4545   -0.8363
   -0.7407   -0.6657   -0.0901
...    27 A-T ...
  -45.9642  -44.4757   36.6106
   -0.6608    0.7505   -0.0019
    0.0863    0.0736   -0.9935
   -0.7455   -0.6567   -0.1134
...    28 G-C ...
  -48.5433  -46.4917   36.5298
   -0.4550    0.7531   -0.4753
    0.4118   -0.2954   -0.8621
   -0.7896   -0.5879   -0.1757
...    29 G-C ...
  -51.4515  -48.1315   36.1605
   -0.0780    0.5771   -0.8129
    0.5706   -0.6428   -0.5111
   -0.8175   -0.5037   -0.2792
...    30 C-G ...
  -54.3691  -49.2719   35.2694
    0.2951    0.2123   -0.9316
    0.5098   -0.8596   -0.0345
   -0.8081   -0.4647   -0.3619
...    31 C-G ...
  -57.1225  -50.3578   33.6778
    0.6070   -0.1929   -0.7709
    0.2487   -0.8753    0.4148
   -0.7548   -0.4435   -0.4834
...    32 G-C ...
  -59.2766  -52.1065   31.8808
    0.7386   -0.5623   -0.3718
   -0.1719   -0.6904    0.7027
   -0.6518   -0.4551   -0.6066
...    33 G-C ...
  -61.0388  -53.6075   29.4257
    0.5835   -0.8069    0.0917
   -0.5729   -0.3288    0.7508
   -0.5757   -0.4906   -0.6541
...    34 C-G ...
  -62.5405  -55.2995   27.0121
    0.1943   -0.8493    0.4909
   -0.8153    0.1385    0.5622
   -0.5455   -0.5094   -0.6655
...    35 C-G ...
  -64.0987  -57.2459   24.7501
   -0.2548   -0.6224    0.7400
   -0.8054    0.5602    0.1938
   -0.5352   -0.5466   -0.6440
...    36 C-G ...
  -65.7078  -59.3076   22.6304
   -0.6229   -0.2000    0.7563
   -0.5433    0.8062   -0.2343
   -0.5629   -0.5568   -0.6108
...    37 G-C ...
  -67.6798  -60.7217   20.3736
   -0.7681    0.3197    0.5548
   -0.0993    0.7965   -0.5964
   -0.6326   -0.5132   -0.5801
...    38 A-T ...
  -69.6600  -62.5047   18.5052
   -0.6612    0.7363    0.1442
    0.3701    0.4872   -0.7910
   -0.6526   -0.4696   -0.5946
...    39 C-G ...
  -72.1116  -64.1278   17.0744
   -0.3537    0.9051   -0.2360
    0.6550    0.0595   -0.7533
   -0.6677   -0.4210   -0.6139
...    40 A-T ...
  -74.4222  -65.3872   15.0343
    0.1484    0.8616   -0.4854
    0.7243   -0.4288   -0.5398
   -0.6733   -0.2715   -0.6877
...    41 C-G ...
  -76.9616  -65.7453   13.0398
    0.5306    0.5598   -0.6365
    0.5458   -0.8002   -0.2488
   -0.6486   -0.2154   -0.7301
...    42 G-C ...
  -78.7768  -66.4080   10.3620
    0.8345    0.1018   -0.5415
    0.1537   -0.9868    0.0514
   -0.5291   -0.1262   -0.8391
...    43 A-T ...
  -80.3099  -66.6488    7.5081
    0.8050   -0.4602   -0.3745
   -0.3612   -0.8809    0.3060
   -0.4707   -0.1111   -0.8753
...    44 C-G ...
  -81.3775  -66.5507    4.3880
    0.5259   -0.8375   -0.1484
   -0.7330   -0.5348    0.4203
   -0.4314   -0.1122   -0.8952
...    45 T-A ...
  -82.3878  -66.9073    1.2707
    0.0925   -0.9890    0.1153
   -0.9175   -0.0397    0.3957
   -0.3868   -0.1424   -0.9111
...    46 T-A ...
  -83.2834  -67.3623   -1.8282
   -0.4590   -0.8458    0.2720
   -0.8087    0.5245    0.2663
   -0.3679   -0.0978   -0.9247
...    47 A-T ...
  -84.6869  -67.3064   -4.8609
   -0.8714   -0.3532    0.3405
   -0.3524    0.9335    0.0664
   -0.3414   -0.0621   -0.9379
...    48 C-G ...
  -85.7486  -68.1040   -7.8943
   -0.9243    0.1722    0.3406
    0.1448    0.9839   -0.1044
   -0.3531   -0.0472   -0.9344
...    49 T-A ...
  -87.1310  -68.4873  -10.8597
   -0.7013    0.6456    0.3023
    0.5951    0.7637   -0.2504
   -0.3925    0.0043   -0.9197
...    50 G-C ...
  -88.5405  -68.2789  -13.8546
   -0.2249    0.9405    0.2546
    0.8739    0.3103   -0.3742
   -0.4310    0.1383   -0.8917
...    51 T-A ...
  -90.4876  -67.7756  -16.4235
    0.2611    0.9605    0.0965
    0.8719   -0.1917   -0.4506
   -0.4143    0.2018   -0.8875
...    52 A-T ...
  -92.1822  -66.5157  -19.0236
    0.7202    0.6914    0.0573
    0.6243   -0.6099   -0.4881
   -0.3026    0.3873   -0.8709
...    53 G-C ...
  -93.2052  -64.8553  -21.6584
    0.9588    0.2653   -0.1020
    0.1849   -0.8548   -0.4848
   -0.2158    0.4460   -0.8686
...    54 G-C ...
  -93.5433  -62.8874  -24.3775
    0.9354   -0.2531   -0.2469
   -0.3388   -0.8413   -0.4212
   -0.1011    0.4776   -0.8727
...    55 T-A ...
  -93.4415  -60.8742  -26.9780
    0.6418   -0.6538   -0.4008
   -0.7643   -0.5884   -0.2640
   -0.0632    0.4757   -0.8773
...    56 A-T ...
  -93.6863  -59.3757  -29.9222
    0.0850   -0.8801   -0.4672
   -0.9958   -0.0907   -0.0102
   -0.0334    0.4661   -0.8841
...    57 T-A ...
  -93.0841  -57.9317  -32.8351
   -0.4232   -0.7974   -0.4302
   -0.9057    0.3596    0.2244
   -0.0242    0.4846   -0.8744
...    58 C-G ...
  -93.0777  -56.4426  -35.7476
   -0.8676   -0.4476   -0.2168
   -0.4964    0.7527    0.4324
   -0.0303    0.4828   -0.8752
...    59 T-A ...
  -93.1931  -55.1581  -38.7834
   -0.9972   -0.0245    0.0704
    0.0127    0.8741    0.4855
   -0.0734    0.4850   -0.8714
...    60 C-G ...
  -93.4648  -53.6715  -41.6733
   -0.8103    0.4571    0.3667
    0.5778    0.7276    0.3698
   -0.0978    0.5115   -0.8537
...    61 G-C ...
  -93.5817  -51.7456  -44.3541
   -0.3698    0.6878    0.6246
    0.9166    0.3799    0.1243
   -0.1518    0.6185   -0.7710
...    62 A-T ...
  -94.2031  -49.7400  -46.8160
    0.2088    0.7372    0.6426
    0.9676   -0.0605   -0.2450
   -0.1417    0.6730   -0.7259
...    63 G-C ...
  -94.9412  -47.3528  -48.9356
    0.6657    0.5422    0.5126
    0.7411   -0.4002   -0.5391
   -0.0872    0.7388   -0.6682
...    64 C-G ...
  -95.3621  -44.6211  -50.6826
    0.9564    0.2047    0.2086
    0.2909   -0.5988   -0.7462
   -0.0278    0.7743   -0.6322
...    65 T-A ...
  -95.2878  -41.8181  -52.3872
    0.9743   -0.1781   -0.1375
   -0.2171   -0.5833   -0.7827
    0.0592    0.7925   -0.6070
...    66 C-G ...
  -94.8364  -39.2177  -54.2826
    0.6815   -0.5021   -0.5324
   -0.7236   -0.3536   -0.5928
    0.1094    0.7892   -0.6043
...    67 G-C ...
  -94.6058  -36.8528  -56.5800
    0.1743   -0.6795   -0.7127
   -0.9672    0.0178   -0.2535
    0.1849    0.7335   -0.6541
...    68 G-C ...
  -93.6309  -34.5680  -58.8494
   -0.3724   -0.6087   -0.7005
   -0.9079    0.3954    0.1390
    0.1924    0.6878   -0.7000
...    69 G-C ...
  -92.7714  -32.4798  -61.3410
   -0.8065   -0.3448   -0.4803
   -0.5702    0.6683    0.4777
    0.1563    0.6591   -0.7356
...    70 A-T ...
  -92.1654  -30.4048  -63.7894
   -0.9902    0.0903   -0.1069
   -0.0055    0.7383    0.6745
    0.1398    0.6684   -0.7305
...    71 T-A ...
  -91.8803  -28.7209  -66.6060
   -0.8632    0.4449    0.2387
    0.4827    0.5888    0.6483
    0.1479    0.6748   -0.7230
...    72 C-G ...
  -91.4948  -26.5639  -69.0170
   -0.4458    0.6658    0.5984
    0.8851    0.2280    0.4057
    0.1336    0.7105   -0.6909
...    73 C-G ...
  -91.4704  -24.1497  -71.3672
    0.0524    0.6005    0.7979
    0.9892   -0.1405    0.0408
    0.1366    0.7872   -0.6014
...    74 G-C ...
  -90.7623  -21.4933  -73.1976
    0.5262    0.3044    0.7940
    0.8265   -0.4029   -0.3932
    0.2003    0.8631   -0.4636
...    75 C-G ...
  -90.3494  -18.4359  -74.2817
    0.8600   -0.0120    0.5101
    0.4430   -0.4784   -0.7582
    0.2531    0.8781   -0.4061
...    76 T-A ...
  -89.4467  -15.4080  -75.1650
    0.9420   -0.3198    0.1018
   -0.0243   -0.3677   -0.9296
    0.3347    0.8732   -0.3541
...    77 T-A ...
  -88.2603  -12.5132  -75.9920
    0.7741   -0.4776   -0.4155
   -0.5250   -0.1176   -0.8430
    0.3537    0.8707   -0.3417
...    78 T-A ...
  -86.8797   -9.7012  -76.8317
    0.3627   -0.4543   -0.8136
   -0.8591    0.1753   -0.4809
    0.3611    0.8734   -0.3267
...    79 A-T ...
  -85.7953   -6.7909  -77.9820
   -0.2042   -0.2815   -0.9376
   -0.9044    0.4208    0.0706
    0.3747    0.8624   -0.3405
...    80 A-T ...
  -84.2969   -4.1660  -79.1810
   -0.6610    0.0258   -0.7499
   -0.6419    0.4981    0.5830
    0.3886    0.8667   -0.3127
...    81 C-G ...
  -82.7920   -1.6363  -80.6935
   -0.9005    0.2612   -0.3476
   -0.2202    0.4155    0.8826
    0.3750    0.8713   -0.3166
...    82 A-T ...
  -81.5943    1.2983  -81.6070
   -0.9066    0.3604    0.2195
    0.3098    0.2154    0.9261
    0.2864    0.9076   -0.3069
...    83 C-G ...
  -81.0561    4.1835  -83.0863
   -0.6421    0.3855    0.6627
    0.7196    0.0050    0.6944
    0.2643    0.9227   -0.2806
...    84 T-A ...
  -80.5864    7.2891  -84.0497
   -0.2260    0.2596    0.9389
    0.9445   -0.1774    0.2764
    0.2383    0.9493   -0.2051
...    85 T-A ...
  -80.1054   10.4188  -84.6782
    0.3023    0.0856    0.9493
    0.9202   -0.2859   -0.2673
    0.2486    0.9544   -0.1652
...    86 T-A ...
  -79.5239   13.5742  -85.0144
    0.7334   -0.1224    0.6687
    0.6216   -0.2773   -0.7326
    0.2751    0.9529   -0.1273
...    87 T-A ...
  -78.7268   16.6992  -85.1253
    0.9404   -0.2883    0.1802
    0.1404   -0.1533   -0.9782
    0.3096    0.9452   -0.1037
...    88 C-G ...
  -77.5248   19.7026  -85.2991
    0.8429   -0.3726   -0.3882
   -0.3931    0.0664   -0.9171
    0.3675    0.9256   -0.0905
...    89 A-T ...
  -76.1727   22.6935  -85.6915
    0.4607   -0.3729   -0.8054
   -0.7568    0.3090   -0.5760
    0.4637    0.8749   -0.1399
...    90 T-A ...
  -74.0777   25.2270  -85.8806
    0.0322   -0.1654   -0.9857
   -0.8816    0.4600   -0.1060
    0.4710    0.8724   -0.1310
...    91 G-C ...
  -72.7294   28.1677  -86.4982
   -0.4924    0.0571   -0.8685
   -0.7377    0.5022    0.4512
    0.4619    0.8629   -0.2051
...    92 T-A ...
  -70.8619   30.6857  -87.5844
   -0.8023    0.2970   -0.5178
   -0.3865    0.4026    0.8298
    0.4549    0.8659   -0.2083
...    93 T-A ...
  -69.2766   33.3547  -88.5531
   -0.8699    0.4926    0.0251
    0.1159    0.1546    0.9812
    0.4794    0.8564   -0.1916
...    94 A-T ...
  -67.7369   36.2156  -89.1659
   -0.6846    0.4434    0.5786
    0.5783   -0.1528    0.8013
    0.4437    0.8832   -0.1518
...    95 T-A ...
  -66.8208   39.2358  -90.0605
   -0.3243    0.2978    0.8978
    0.8340   -0.3578    0.4200
    0.4463    0.8850   -0.1323
...    96 A-T ...
  -65.7879   42.3869  -90.3456
    0.0593   -0.0720    0.9956
    0.8954   -0.4370   -0.0850
    0.4412    0.8966    0.0386
...    97 A-T ...
  -64.5905   45.3623  -90.0276
    0.5006   -0.3391    0.7965
    0.7331   -0.3232   -0.5984
    0.4603    0.8835    0.0868
...    98 C-G ...
  -63.4515   48.2914  -89.1710
    0.7654   -0.5078    0.3954
    0.4066   -0.0947   -0.9087
    0.4989    0.8562    0.1339
...    99 G-C ...
  -61.4656   50.9040  -88.8302
    0.7823   -0.6039   -0.1528
   -0.0027    0.2420   -0.9703
    0.6229    0.7594    0.1876
...   100 G-C ...
  -59.0530   53.0582  -87.9020
    0.6114   -0.4580   -0.6453
   -0.3612    0.5640   -0.7426
    0.7041    0.6871    0.1794
...   101 A-T ...
  -56.6043   55.1384  -87.3183
    0.2836   -0.0658   -0.9567
   -0.6219    0.7467   -0.2357
    0.7299    0.6619    0.1709
...   102 A-T ...
  -53.9975   57.0076  -86.7706
   -0.0829    0.3894   -0.9173
   -0.6748    0.6554    0.3392
    0.7333    0.6471    0.2084
...   103 T-A ...
  -51.1719   58.7047  -86.4669
   -0.3889    0.6818   -0.6195
   -0.5488    0.3687    0.7503
    0.7399    0.6318    0.2308
...   104 G-C ...
  -48.8981   60.9119  -85.5801
   -0.6779    0.7257   -0.1175
   -0.2428   -0.0701    0.9675
    0.6939    0.6844    0.2237
...   105 C-G ...
  -46.5829   63.2291  -85.2334
   -0.7352    0.5478    0.3992
    0.1402   -0.4534    0.8802
    0.6632    0.7031    0.2565
...   106 T-A ...
  -44.6212   65.7839  -84.5663
   -0.6194    0.1970    0.7599
    0.4802   -0.6706    0.5653
    0.6210    0.7151    0.3208
...   107 T-A ...
  -42.8096   68.2769  -83.6088
   -0.2974   -0.2234    0.9282
    0.7319   -0.6777    0.0714
    0.6131    0.7006    0.3650
...   108 C-G ...
  -40.9593   70.5801  -82.3015
    0.0996   -0.6155    0.7818
    0.7842   -0.4350   -0.4424
    0.6124    0.6572    0.4393
...   109 C-G ...
  -39.2275   72.7296  -80.3874
    0.3944   -0.8312    0.3918
    0.6546   -0.0451   -0.7546
    0.6449    0.5541    0.5264
...   110 G-C ...
  -36.8144   74.2101  -78.6911
    0.5702   -0.8101   -0.1360
    0.4187    0.4291   -0.8004
    0.7068    0.3994    0.5839
...   111 G-C ...
  -34.3585   74.9624  -76.5134
    0.6403   -0.5055   -0.5784
    0.1200    0.8095   -0.5747
    0.7587    0.2985    0.5790
...   112 C-G ...
  -31.7231   75.4340  -74.5885
    0.5860   -0.0057   -0.8103
   -0.2035    0.9669   -0.1540
    0.7843    0.2552    0.5654
...   113 T-A ...
  -28.9531   75.9273  -72.8600
    0.3843    0.4888   -0.7832
   -0.4471    0.8407    0.3054
    0.8077    0.2328    0.5416
...   114 C-G ...
  -26.2143   76.6233  -71.1942
    0.0619    0.8906   -0.4506
   -0.5862    0.3978    0.7057
    0.8078    0.2205    0.5467
...   115 G-C ...
  -23.8560   77.3811  -68.9974
   -0.3240    0.9458   -0.0225
   -0.5359   -0.1639    0.8282
    0.7796    0.2805    0.5599
...   116 T-A ...
  -21.0443   78.5288  -67.6584
   -0.5684    0.7254    0.3883
   -0.3160   -0.6282    0.7110
    0.7596    0.2814    0.5863
...   117 A-T ...
  -18.5729   79.6375  -65.7592
   -0.7294    0.2439    0.6392
    0.0315   -0.9214    0.3874
    0.6834    0.3027    0.6643
...   118 T-A ...
  -16.5656   81.2378  -63.7447
   -0.6503   -0.2401    0.7208
    0.3730   -0.9274    0.0277
    0.6618    0.2869    0.6926
...   119 A-T ...
  -14.9768   82.6295  -61.1247
   -0.5479   -0.6942    0.4668
    0.6559   -0.7028   -0.2754
    0.5192    0.1553    0.8404
...   120 A-T ...
  -13.5939   83.1422  -58.2696
   -0.1608   -0.9681    0.1920
    0.8591   -0.2331   -0.4556
    0.4859    0.0917    0.8692
...   121 T-A ...
  -12.6619   83.3569  -55.1595
    0.2474   -0.9653   -0.0838
    0.8432    0.2571   -0.4722
    0.4774    0.0461    0.8775
...   122 G-C ...
  -10.9560   83.1122  -52.3290
    0.5936   -0.6808   -0.4291
    0.6213    0.7266   -0.2933
    0.5115   -0.0925    0.8543
...   123 T-A ...
   -9.5620   82.1976  -49.4927
    0.8156   -0.2214   -0.5346
    0.2558    0.9667   -0.0100
    0.5190   -0.1286    0.8451
...   124 G-C ...
   -7.6421   81.9779  -46.8278
    0.7922    0.3661   -0.4882
   -0.2195    0.9174    0.3319
    0.5694   -0.1558    0.8072
...   125 T-A ...
   -5.5296   80.9514  -44.4594
    0.5731    0.7839   -0.2387
   -0.5941    0.5981    0.5379
    0.5644   -0.1664    0.8085
...   126 C-G ...
   -3.5879   80.3430  -41.8858
    0.1248    0.9841    0.1263
   -0.8243    0.0320    0.5653
    0.5523   -0.1746    0.8152
...   127 G-C ...
   -2.1787   79.5609  -38.9968
   -0.3903    0.8561    0.3389
   -0.7771   -0.5037    0.3773
    0.4937   -0.1161    0.8619
...   128 A-T ...
   -0.4470   79.1549  -36.2779
   -0.7831    0.4313    0.4480
   -0.4375   -0.8941    0.0960
    0.4420   -0.1208    0.8888
...   129 C-G ...
    1.0474   79.3690  -33.3898
   -0.9227   -0.0568    0.3812
    0.0013   -0.9895   -0.1443
    0.3854   -0.1327    0.9131
...   130 C-G ...
    2.1413   79.3380  -30.2076
   -0.8475   -0.5166    0.1222
    0.4625   -0.8315   -0.3077
    0.2605   -0.2042    0.9436
...   131 A-T ...
    2.6736   78.6578  -26.9796
   -0.5355   -0.8147   -0.2226
    0.8367   -0.4759   -0.2710
    0.1148   -0.3314    0.9365
...   132 A-T ...
    2.6959   77.5327  -23.9664
   -0.0217   -0.9212   -0.3884
    0.9969    0.0096   -0.0785
    0.0760   -0.3889    0.9182
...   133 A-T ...
    2.6292   76.0916  -21.0793
    0.5127   -0.7620   -0.3956
    0.8566    0.4853    0.1754
    0.0583   -0.4288    0.9015
...   134 T-A ...
    2.3076   74.2308  -18.3902
    0.8657   -0.4293   -0.2574
    0.4984    0.7868    0.3641
    0.0462   -0.4435    0.8951
...   135 G-C ...
    1.4355   72.0970  -15.6049
    0.9809    0.0621    0.1843
   -0.1263    0.9241    0.3607
   -0.1479   -0.3771    0.9143
...   136 T-A ...
    0.5280   69.2393  -13.4688
    0.7351    0.4963    0.4618
   -0.6117    0.7792    0.1365
   -0.2921   -0.3828    0.8764
...   137 G-C ...
   -0.1658   67.4106  -10.8094
    0.1800    0.8794    0.4408
   -0.9276    0.3008   -0.2214
   -0.3274   -0.3691    0.8698
...   138 A-T ...
   -0.1321   66.2180   -7.8215
   -0.3749    0.8570    0.3536
   -0.8857   -0.2184   -0.4098
   -0.2739   -0.4668    0.8409
...   139 G-C ...
   -1.0068   65.6075   -4.9424
   -0.8336    0.5218    0.1811
   -0.5170   -0.6220   -0.5881
   -0.1942   -0.5839    0.7883
...   140 C-G ...
   -0.6974   63.9003   -2.2527
   -0.9992    0.0157   -0.0376
    0.0023   -0.8993   -0.4374
   -0.0406   -0.4371    0.8985
...   141 G-C ...
   -3.4382   60.2385    1.0284
   -0.4425    0.2285   -0.8672
    0.1683   -0.9287   -0.3306
   -0.8808   -0.2922    0.3725
...   142 C-G ...
   -6.3288   59.0834    1.6294
   -0.2970   -0.3280   -0.8968
    0.5656   -0.8171    0.1115
   -0.7693   -0.4741    0.4282
...   143 T-A ...
   -8.6768   58.7243    3.6025
   -0.0347   -0.7817   -0.6227
    0.6533   -0.4893    0.5778
   -0.7563   -0.3868    0.5276
...   144 C-G ...
  -11.6544   58.0114    4.7194
    0.2451   -0.9542   -0.1716
    0.6322    0.0231    0.7745
   -0.7350   -0.2983    0.6089
...   145 A-T ...
  -14.1760   56.5669    6.1807
    0.5795   -0.7268    0.3687
    0.3139    0.6165    0.7220
   -0.7521   -0.3027    0.5855
...   146 C-G ...
  -16.4651   53.8949    7.5154
    0.5336   -0.3331    0.7774
   -0.0346    0.9098    0.4136
   -0.8450   -0.2476    0.4739
...   147 A-T ...
  -19.0172   52.0374    8.9261
    0.2452    0.2907    0.9249
   -0.3073    0.9281   -0.2103
   -0.9195   -0.2327    0.3169
