  147 base-pairs
...     1 A-T ...
    0.0000    0.0000    0.0000
    1.0000    0.0000    0.0000
    0.0000    1.0000    0.0000
    0.0000    0.0000    1.0000
...     2 G-C ...
   -0.1404   -1.2353    3.2259
    0.7530    0.6366    0.1668
   -0.6385    0.7681   -0.0490
   -0.1593   -0.0696    0.9848
...     3 T-A ...
   -0.0377   -3.2918    6.3749
    0.2722    0.9302    0.2464
   -0.9238    0.3243   -0.2034
   -0.2691   -0.1722    0.9476
...     4 G-C ...
   -0.3520   -4.1638    9.4928
   -0.3756    0.9250    0.0576
   -0.8780   -0.3352   -0.3416
   -0.2967   -0.1788    0.9381
...     5 A-T ...
   -0.4480   -4.1448   12.7498
   -0.8116    0.5839   -0.0166
   -0.5522   -0.7762   -0.3042
   -0.1905   -0.2377    0.9525
...     6 G-C ...
   -1.5926   -4.1701   15.6201
   -0.9976    0.0246   -0.0651
   -0.0043   -0.9555   -0.2950
   -0.0694   -0.2940    0.9533
...     7 C-G ...
   -1.1050   -4.4793   18.7363
   -0.8442   -0.5302   -0.0787
    0.5343   -0.8442   -0.0430
   -0.0437   -0.0784    0.9960
...     8 G-C ...
   -2.4044   -7.7255   23.1483
   -0.2753   -0.3294   -0.9032
    0.6650   -0.7437    0.0686
   -0.6943   -0.5817    0.4238
...     9 C-G ...
   -4.4706   -9.9691   24.1142
    0.1145   -0.7026   -0.7023
    0.8512   -0.2951    0.4341
   -0.5123   -0.6475    0.5642
...    10 T-A ...
   -6.7420  -10.8705   25.9717
    0.4841   -0.8363   -0.2573
    0.6594    0.1554    0.7356
   -0.5752   -0.5257    0.6267
...    11 C-G ...
   -9.1682  -12.6167   27.1662
    0.7073   -0.6683    0.2306
    0.3450    0.6110    0.7125
   -0.6170   -0.4243    0.6627
...    12 A-T ...
  -10.9253  -14.6583   29.0713
    0.7515   -0.1377    0.6452
   -0.2027    0.8824    0.4245
   -0.6278   -0.4498    0.6352
...    13 C-G ...
  -11.8495  -17.4796   31.2472
    0.4294    0.2824    0.8578
   -0.5708    0.8209    0.0155
   -0.6998   -0.4963    0.5137
...    14 A-T ...
  -13.5915  -19.7756   33.4284
   -0.1503    0.6106    0.7775
   -0.6874    0.5007   -0.5261
   -0.7106   -0.6135    0.3445
...    15 A-T ...
  -15.7702  -21.8915   34.5325
   -0.4934    0.7978    0.3465
   -0.4628    0.0965   -0.8812
   -0.7365   -0.5951    0.3216
...    16 T-A ...
  -17.9231  -23.8195   36.2951
   -0.6864    0.7098   -0.1584
   -0.1172   -0.3229   -0.9392
   -0.7178   -0.6261    0.3048
...    17 T-A ...
  -20.2813  -25.6885   37.6443
   -0.6409    0.3805   -0.6667
    0.3135   -0.6630   -0.6798
   -0.7007   -0.6447    0.3056
...    18 T-A ...
  -22.6527  -27.5975   38.6228
   -0.3169    0.0259   -0.9481
    0.5945   -0.7735   -0.2199
   -0.7390   -0.6333    0.2297
...    19 A-T ...
  -25.1635  -29.5661   39.0027
    0.1349   -0.1915   -0.9722
    0.6407   -0.7316    0.2331
   -0.7559   -0.6543    0.0240
...    20 T-A ...
  -28.0328  -31.1635   38.7234
    0.4474   -0.5097   -0.7349
    0.4818   -0.5549    0.6782
   -0.7534   -0.6575   -0.0027
...    21 T-A ...
  -30.6007  -33.1774   38.3917
    0.6495   -0.7186   -0.2485
    0.1398   -0.2085    0.9680
   -0.7474   -0.6634   -0.0350
...    22 C-G ...
  -32.9574  -35.4274   38.1517
    0.6352   -0.6918    0.3435
   -0.2730    0.2150    0.9377
   -0.7225   -0.6894   -0.0523
...    23 G-C ...
  -35.2713  -37.7833   38.7082
    0.4547   -0.3833    0.8039
   -0.6279    0.5022    0.5946
   -0.6317   -0.7752   -0.0123
...    24 C-G ...
  -37.0362  -40.5244   38.5439
    0.0933   -0.0279    0.9952
   -0.7738    0.6269    0.0902
   -0.6265   -0.7786    0.0369
...    25 A-T ...
  -39.4601  -42.7526   38.4637
   -0.3452    0.3545    0.8690
   -0.6818    0.5416   -0.4917
   -0.6450   -0.7622    0.0547
...    26 A-T ...
  -41.4441  -45.3471   38.8284
   -0.6793    0.5805    0.4489
   -0.3630    0.2658   -0.8930
   -0.6377   -0.7697    0.0301
...    27 A-T ...
  -43.3873  -47.9249   39.2669
   -0.7769    0.6142   -0.1389
    0.1098   -0.0851   -0.9903
   -0.6200   -0.7846   -0.0013
...    28 G-C ...
  -45.7114  -50.3196   39.6822
   -0.5590    0.5409   -0.6285
    0.4850   -0.4015   -0.7769
   -0.6725   -0.7391   -0.0379
...    29 G-C ...
  -48.3996  -52.4964   39.6516
   -0.1269    0.3390   -0.9322
    0.7020   -0.6332   -0.3258
   -0.7008   -0.6958   -0.1576
...    30 C-G ...
  -51.0583  -54.2900   39.0176
    0.3209    0.0253   -0.9468
    0.6465   -0.7364    0.1995
   -0.6921   -0.6761   -0.2527
...    31 C-G ...
  -53.5370  -56.2321   37.9740
    0.6879   -0.2929   -0.6641
    0.3483   -0.6695    0.6561
   -0.6368   -0.6827   -0.3585
...    32 G-C ...
  -55.1029  -58.5329   36.7603
    0.8419   -0.4940   -0.2173
   -0.0749   -0.5056    0.8595
   -0.5345   -0.7073   -0.4627
...    33 G-C ...
  -56.2062  -61.1096   34.8638
    0.6959   -0.6547    0.2951
   -0.5532   -0.2268    0.8016
   -0.4578   -0.7211   -0.5200
...    34 C-G ...
  -57.2300  -63.6192   33.0362
    0.2914   -0.6606    0.6919
   -0.8620    0.1322    0.4894
   -0.4147   -0.7390   -0.5309
...    35 C-G ...
  -58.3179  -66.3918   31.4000
   -0.2479   -0.4818    0.8405
   -0.8914    0.4532   -0.0030
   -0.3795   -0.7499   -0.5418
...    36 C-G ...
  -59.4068  -69.0866   29.7164
   -0.6847   -0.1445    0.7144
   -0.6201    0.6306   -0.4667
   -0.3830   -0.7625   -0.5214
...    37 G-C ...
  -60.9119  -70.8956   27.1447
   -0.8905    0.2762    0.3615
   -0.1141    0.6335   -0.7653
   -0.4404   -0.7227   -0.5327
...    38 A-T ...
  -62.0491  -73.2509   25.4284
   -0.7892    0.6004   -0.1292
    0.4361    0.3997   -0.8062
   -0.4324   -0.6926   -0.5773
...    39 C-G ...
  -63.8627  -75.3630   23.8671
   -0.4331    0.7674   -0.4728
    0.7759    0.0504   -0.6288
   -0.4587   -0.6392   -0.6173
...    40 A-T ...
  -65.5725  -77.3327   21.8336
    0.1069    0.7651   -0.6350
    0.8789   -0.3713   -0.2995
   -0.4649   -0.5261   -0.7121
...    41 C-G ...
  -67.3611  -78.4781   19.3977
    0.5645    0.5370   -0.6269
    0.7077   -0.7058    0.0327
   -0.4249   -0.4621   -0.7784
...    42 G-C ...
  -68.3469  -80.2184   16.7346
    0.9056    0.1123   -0.4090
    0.2520   -0.9181    0.3059
   -0.3412   -0.3800   -0.8597
...    43 A-T ...
  -69.3851  -81.3394   13.9606
    0.8889   -0.4326   -0.1508
   -0.3195   -0.8213    0.4727
   -0.3284   -0.3720   -0.8682
...    44 C-G ...
  -70.0725  -82.0069   10.7928
    0.6108   -0.7768    0.1533
   -0.7435   -0.4962    0.4483
   -0.2721   -0.3878   -0.8806
...    45 T-A ...
  -70.2300  -83.2805    7.3749
    0.1042   -0.9273    0.3596
   -0.9622   -0.0024    0.2725
   -0.2518   -0.3744   -0.8924
...    46 T-A ...
  -70.4741  -84.3751    4.2760
   -0.3953   -0.8287    0.3962
   -0.8870    0.4565    0.0699
   -0.2388   -0.3238   -0.9155
...    47 A-T ...
  -71.4705  -85.1395    1.1588
   -0.8676   -0.3730    0.3288
   -0.4445    0.8783   -0.1763
   -0.2231   -0.2991   -0.9278
...    48 C-G ...
  -72.0403  -86.7342   -1.7183
   -0.9705    0.1426    0.1943
    0.0774    0.9479   -0.3091
   -0.2282   -0.2850   -0.9310
...    49 T-A ...
  -73.0680  -88.0083   -4.6545
   -0.7664    0.6375    0.0792
    0.5724    0.7336   -0.3665
   -0.2917   -0.2355   -0.9271
...    50 G-C ...
  -74.2695  -88.5208   -7.7665
   -0.2913    0.9565    0.0147
    0.8960    0.2782   -0.3462
   -0.3352   -0.0877   -0.9380
...    51 T-A ...
  -75.8719  -88.7586  -10.5207
    0.1771    0.9827   -0.0547
    0.9302   -0.1852   -0.3169
   -0.3216    0.0053   -0.9469
...    52 A-T ...
  -77.6992  -87.6263  -13.2604
    0.6408    0.7616    0.0965
    0.7445   -0.5859   -0.3202
   -0.1873    0.2770   -0.9424
...    53 G-C ...
  -78.6450  -86.4109  -16.0864
    0.9276    0.3694    0.0556
    0.3629   -0.8557   -0.3688
   -0.0886    0.3623   -0.9279
...    54 G-C ...
  -78.9179  -84.1589  -18.9941
    0.9872   -0.1489   -0.0564
   -0.1591   -0.9065   -0.3911
    0.0071    0.3951   -0.9186
...    55 T-A ...
  -78.4669  -82.4777  -21.7634
    0.7765   -0.5860   -0.2316
   -0.6288   -0.6972   -0.3443
    0.0402    0.4130   -0.9099
...    56 A-T ...
  -77.7192  -80.8713  -24.6699
    0.2950   -0.8891   -0.3500
   -0.9505   -0.2356   -0.2027
    0.0978    0.3924   -0.9146
...    57 T-A ...
  -76.6343  -79.4678  -27.4748
   -0.2091   -0.8755   -0.4356
   -0.9726    0.2326   -0.0008
    0.1020    0.4235   -0.9001
...    58 C-G ...
  -76.0317  -78.2512  -30.5480
   -0.7491   -0.5535   -0.3640
   -0.6549    0.7015    0.2811
    0.0998    0.4490   -0.8880
...    59 T-A ...
  -75.5512  -76.9437  -33.6531
   -0.9878   -0.0977   -0.1216
   -0.1417    0.8882    0.4372
    0.0653    0.4490   -0.8911
...    60 T-A ...
  -75.3604  -75.6950  -36.5946
   -0.9072    0.3851    0.1693
    0.4191    0.7927    0.4426
    0.0362    0.4725   -0.8806
...    61 C-G ...
  -75.1433  -73.9502  -39.3444
   -0.5191    0.7255    0.4519
    0.8547    0.4437    0.2695
   -0.0050    0.5261   -0.8504
...    62 A-T ...
  -75.5589  -72.3344  -42.3088
   -0.0114    0.7701    0.6378
    0.9978    0.0508   -0.0435
   -0.0659    0.6359   -0.7690
...    63 T-A ...
  -76.2204  -70.1458  -44.5736
    0.4628    0.6556    0.5967
    0.8852   -0.3060   -0.3503
   -0.0471    0.6903   -0.7220
...    64 G-C ...
  -76.4794  -67.4236  -46.7102
    0.8658    0.2877    0.4094
    0.4975   -0.5818   -0.6434
    0.0531    0.7607   -0.6469
...    65 T-A ...
  -76.4391  -64.4782  -48.2490
    0.9961   -0.0659    0.0585
    0.0041   -0.6284   -0.7779
    0.0881    0.7751   -0.6257
...    66 T-A ...
  -76.0291  -61.8958  -50.0289
    0.8506   -0.4013   -0.3398
   -0.5105   -0.4754   -0.7165
    0.1259    0.7829   -0.6092
...    67 A-T ...
  -75.6338  -59.3916  -52.1869
    0.4136   -0.6322   -0.6551
   -0.8956   -0.1532   -0.4176
    0.1636    0.7595   -0.6296
...    68 T-A ...
  -74.4196  -56.9649  -53.9471
   -0.0642   -0.6044   -0.7941
   -0.9839    0.1712   -0.0508
    0.1667    0.7781   -0.6057
...    69 A-T ...
  -74.0794  -54.2641  -55.9126
   -0.6252   -0.3947   -0.6733
   -0.7607    0.5012    0.4125
    0.1746    0.7701   -0.6136
...    70 A-T ...
  -73.4023  -51.9062  -57.9466
   -0.9356   -0.0615   -0.3477
   -0.3095    0.6167    0.7238
    0.1699    0.7848   -0.5960
...    71 C-G ...
  -72.7776  -49.7288  -60.5162
   -0.9591    0.2682    0.0906
    0.2279    0.5419    0.8089
    0.1678    0.7965   -0.5809
...    72 G-C ...
  -72.4129  -46.8818  -62.0135
   -0.7239    0.3676    0.5838
    0.6888    0.3378    0.6414
    0.0385    0.8665   -0.4977
...    73 G-C ...
  -72.7353  -43.9682  -63.4747
   -0.2882    0.3837    0.8773
    0.9569    0.1491    0.2491
   -0.0352    0.9113   -0.4101
...    74 A-T ...
  -73.0905  -40.9593  -64.5829
    0.2979    0.3339    0.8943
    0.9536   -0.0609   -0.2949
   -0.0440    0.9406   -0.3366
...    75 C-G ...
  -73.7212  -37.7611  -65.1169
    0.7273    0.2431    0.6418
    0.6841   -0.1813   -0.7065
   -0.0554    0.9529   -0.2982
...    76 G-C ...
  -73.5687  -34.7086  -66.3739
    0.9840    0.0201    0.1770
    0.1766   -0.2413   -0.9543
    0.0235    0.9702   -0.2410
...    77 A-T ...
  -73.4721  -31.4961  -67.1103
    0.9186   -0.1703   -0.3566
   -0.3866   -0.1996   -0.9004
    0.0821    0.9650   -0.2492
...    78 G-C ...
  -72.8702  -28.3045  -67.7119
    0.6015   -0.2892   -0.7446
   -0.7885   -0.0657   -0.6115
    0.1280    0.9550   -0.2676
...    79 C-G ...
  -71.9365  -25.1348  -68.5075
    0.0465   -0.3106   -0.9494
   -0.9877    0.1280   -0.0902
    0.1495    0.9419   -0.3008
...    80 T-A ...
  -71.1500  -22.1114  -69.5269
   -0.4611   -0.2256   -0.8582
   -0.8740    0.2830    0.3951
    0.1537    0.9322   -0.3277
...    81 C-G ...
  -70.8311  -19.0712  -70.6945
   -0.8751   -0.0557   -0.4808
   -0.4630    0.3857    0.7980
    0.1410    0.9210   -0.3633
...    82 G-C ...
  -70.7578  -15.7912  -71.2671
   -0.9947    0.0947    0.0400
    0.0728    0.3745    0.9244
    0.0726    0.9224   -0.3794
...    83 G-C ...
  -70.5642  -12.7994  -72.6771
   -0.8141    0.2119    0.5406
    0.5798    0.2448    0.7771
    0.0323    0.9461   -0.3221
...    84 G-C ...
  -70.7682   -9.6822  -73.8739
   -0.3989    0.1991    0.8951
    0.9164    0.1209    0.3815
   -0.0322    0.9725   -0.2307
...    85 A-T ...
  -71.1277   -6.5083  -74.6521
    0.1922    0.1929    0.9622
    0.9809   -0.0068   -0.1945
   -0.0309    0.9812   -0.1906
...    86 T-A ...
  -71.7876   -3.2913  -74.9382
    0.6565    0.1294    0.7431
    0.7542   -0.0951   -0.6497
   -0.0133    0.9870   -0.1600
...    87 C-G ...
  -71.8605   -0.0221  -75.1807
    0.9672    0.0079    0.2538
    0.2525   -0.1375   -0.9578
    0.0273    0.9905   -0.1350
...    88 C-G ...
  -71.7947    3.2451  -75.3875
    0.9545   -0.1850   -0.2338
   -0.2561   -0.1068   -0.9607
    0.1528    0.9769   -0.1494
...    89 G-C ...
  -71.2603    6.3381  -76.3229
    0.6565   -0.3520   -0.6672
   -0.6968    0.0559   -0.7151
    0.2890    0.9343   -0.2086
...    90 C-G ...
  -69.7339    9.3907  -76.8713
    0.1448   -0.2748   -0.9505
   -0.9384    0.2664   -0.2200
    0.3137    0.9238   -0.2193
...    91 T-A ...
  -68.1937   12.2707  -78.0033
   -0.3970   -0.0828   -0.9141
   -0.8426    0.4278    0.3272
    0.3639    0.9001   -0.2396
...    92 T-A ...
  -66.7045   14.9869  -79.0045
   -0.7881    0.2188   -0.5753
   -0.4691    0.3916    0.7916
    0.3985    0.8937   -0.2060
...    93 T-A ...
  -65.2588   17.7434  -79.9583
   -0.9033    0.4270   -0.0417
    0.0439    0.1887    0.9811
    0.4268    0.8843   -0.1891
...    94 A-T ...
  -63.6845   20.6070  -80.2147
   -0.7212    0.4607    0.5173
    0.5361   -0.1017    0.8380
    0.4387    0.8817   -0.1737
...    95 A-T ...
  -62.4446   23.4436  -80.8540
   -0.3572    0.3034    0.8834
    0.8242   -0.3425    0.4509
    0.4394    0.8892   -0.1277
...    96 C-G ...
  -61.6441   26.6280  -81.3519
    0.0760    0.0513    0.9958
    0.8906   -0.4526   -0.0447
    0.4484    0.8902   -0.0801
...    97 A-T ...
  -60.3117   29.6546  -81.4011
    0.4638   -0.3126    0.8290
    0.7341   -0.3883   -0.5571
    0.4961    0.8669    0.0493
...    98 C-G ...
  -58.9739   32.6007  -80.6095
    0.7396   -0.5072    0.4424
    0.4202   -0.1655   -0.8922
    0.5258    0.8458    0.0907
...    99 T-A ...
  -57.0631   35.4476  -79.5340
    0.8115   -0.5725   -0.1168
   -0.0299    0.1589   -0.9868
    0.5835    0.8043    0.1118
...   100 T-A ...
  -55.0440   37.8838  -78.7855
    0.6621   -0.3720   -0.6506
   -0.4736    0.4651   -0.7479
    0.5808    0.8033    0.1318
...   101 T-A ...
  -52.9811   40.2967  -78.1532
    0.2986   -0.0414   -0.9535
   -0.7569    0.5983   -0.2631
    0.5814    0.8002    0.1473
...   102 A-T ...
  -51.2428   43.1363  -77.7104
   -0.2009    0.3113   -0.9288
   -0.7854    0.5155    0.3427
    0.5855    0.7983    0.1409
...   103 T-A ...
  -48.8393   45.3737  -77.6907
   -0.5472    0.5039   -0.6683
   -0.6017    0.3181    0.7326
    0.5818    0.8030    0.1291
...   104 G-C ...
  -46.9354   48.0872  -77.5725
   -0.8484    0.5196   -0.1017
   -0.1323   -0.0221    0.9910
    0.5126    0.8541    0.0875
...   105 C-G ...
  -45.5875   51.0509  -77.5992
   -0.8148    0.3839    0.4344
    0.3248   -0.3182    0.8906
    0.4802    0.8668    0.1346
...   106 T-A ...
  -44.2514   54.1888  -77.4484
   -0.5285    0.1080    0.8420
    0.7190   -0.4703    0.5117
    0.4513    0.8758    0.1709
...   107 T-A ...
  -43.0023   57.0791  -76.9412
   -0.0968   -0.2211    0.9704
    0.8913   -0.4532   -0.0144
    0.4430    0.8635    0.2409
...   108 C-G ...
  -41.7903   59.9139  -75.9112
    0.3356   -0.5204    0.7852
    0.8176   -0.2531   -0.5171
    0.4678    0.8156    0.3406
...   109 C-G ...
  -40.4800   62.6754  -74.7397
    0.6102   -0.6974    0.3758
    0.5552    0.0382   -0.8308
    0.5651    0.7156    0.4105
...   110 G-C ...
  -38.4923   64.6219  -73.5475
    0.7135   -0.6898   -0.1227
    0.2423    0.4073   -0.8806
    0.6574    0.5985    0.4577
...   111 G-C ...
  -35.8775   65.9699  -71.9314
    0.6881   -0.4112   -0.5978
   -0.1107    0.7548   -0.6466
    0.7171    0.5111    0.4738
...   112 C-G ...
  -33.1140   67.0265  -70.3342
    0.5057    0.0414   -0.8617
   -0.4303    0.8779   -0.2103
    0.7478    0.4771    0.4617
...   113 T-A ...
  -30.5378   68.3669  -68.8315
    0.2202    0.4933   -0.8415
   -0.6044    0.7462    0.2792
    0.7656    0.4471    0.4624
...   114 C-G ...
  -28.1442   70.0496  -67.3795
   -0.1666    0.8353   -0.5240
   -0.6015    0.3350    0.7252
    0.7813    0.4360    0.4466
...   115 G-C ...
  -25.8674   71.4854  -65.5163
   -0.5020    0.8643   -0.0330
   -0.4196   -0.2100    0.8831
    0.7563    0.4571    0.4681
...   116 T-A ...
  -23.4369   73.3995  -64.4025
   -0.6752    0.6132    0.4101
   -0.1107   -0.6338    0.7655
    0.7293    0.4715    0.4958
...   117 A-T ...
  -21.0982   75.5317  -63.0495
   -0.6985    0.1224    0.7050
    0.2726   -0.8655    0.4203
    0.6616    0.4858    0.5712
...   118 T-A ...
  -19.3483   77.6677  -61.4140
   -0.4992   -0.3107    0.8089
    0.5573   -0.8299    0.0252
    0.6635    0.4634    0.5874
...   119 A-T ...
  -17.4237   79.1157  -59.2872
   -0.3274   -0.7326    0.5967
    0.7478   -0.5870   -0.3103
    0.5776    0.3446    0.7400
...   120 A-T ...
  -15.8520   80.1769  -56.6825
    0.0519   -0.9658    0.2539
    0.8275   -0.1008   -0.5523
    0.5590    0.2388    0.7940
...   121 T-A ...
  -14.5729   80.8051  -53.7079
    0.4305   -0.8993   -0.0771
    0.7125    0.3910   -0.5827
    0.5542    0.1959    0.8090
...   122 G-C ...
  -12.7441   80.9683  -50.8237
    0.6781   -0.5604   -0.4756
    0.4078    0.8252   -0.3909
    0.6115    0.0711    0.7881
...   123 T-A ...
  -10.7501   80.5418  -48.3119
    0.7899   -0.1074   -0.6037
    0.0731    0.9940   -0.0811
    0.6088    0.0200    0.7931
...   124 G-C ...
   -8.6115   80.4626  -45.8340
    0.6800    0.4703   -0.5626
   -0.3489    0.8823    0.3159
    0.6449   -0.0185    0.7640
...   125 T-A ...
   -6.2959   79.9135  -43.6084
    0.4073    0.8535   -0.3250
   -0.6403    0.5206    0.5648
    0.6512   -0.0220    0.7586
...   126 C-G ...
   -4.1811   79.8372  -41.2666
   -0.0230    0.9965    0.0801
   -0.7576   -0.0697    0.6490
    0.6523   -0.0457    0.7566
...   127 G-C ...
   -2.5867   79.4981  -38.4948
   -0.4490    0.8323    0.3251
   -0.6763   -0.5544    0.4851
    0.5840   -0.0021    0.8118
...   128 A-T ...
   -0.6118   79.2867  -36.0913
   -0.7628    0.3764    0.5258
   -0.3385   -0.9252    0.1713
    0.5510   -0.0473    0.8332
...   129 C-G ...
    1.1847   79.8412  -33.3959
   -0.8610   -0.1441    0.4878
    0.0900   -0.9871   -0.1327
    0.5006   -0.0704    0.8628
...   130 C-G ...
    2.2004   80.1058  -30.1380
   -0.7928   -0.5710    0.2130
    0.4934   -0.8065   -0.3257
    0.3577   -0.1531    0.9212
...   131 A-T ...
    2.6057   78.9847  -26.9987
   -0.5924   -0.7713   -0.2326
    0.7934   -0.5083   -0.3350
    0.1402   -0.3830    0.9131
...   132 A-T ...
    2.7751   77.6440  -24.0391
   -0.0916   -0.8955   -0.4356
    0.9916   -0.0419   -0.1224
    0.0913   -0.4431    0.8918
...   133 A-T ...
    2.6422   76.1235  -21.1148
    0.5028   -0.7669   -0.3988
    0.8618    0.4808    0.1619
    0.0676   -0.4251    0.9026
...   134 T-A ...
    2.3075   74.2308  -18.3903
    0.8657   -0.4293   -0.2574
    0.4984    0.7868    0.3641
    0.0462   -0.4435    0.8951
...   135 G-C ...
    1.4354   72.0971  -15.6050
    0.9809    0.0621    0.1843
   -0.1263    0.9241    0.3607
   -0.1479   -0.3771    0.9143
...   136 T-A ...
    0.5279   69.2394  -13.4689
    0.7351    0.4963    0.4618
   -0.6117    0.7792    0.1365
   -0.2921   -0.3828    0.8764
...   137 G-C ...
   -0.1659   67.4106  -10.8095
    0.1800    0.8794    0.4408
   -0.9276    0.3008   -0.2214
   -0.3274   -0.3691    0.8698
...   138 A-T ...
   -0.1321   66.2181   -7.8216
   -0.3749    0.8570    0.3536
   -0.8857   -0.2184   -0.4098
   -0.2739   -0.4668    0.8409
...   139 G-C ...
   -1.0069   65.6076   -4.9425
   -0.8336    0.5218    0.1811
   -0.5170   -0.6220   -0.5881
   -0.1942   -0.5839    0.7883
...   140 C-G ...
   -0.6975   63.9004   -2.2528
   -0.9992    0.0157   -0.0376
    0.0023   -0.8993   -0.4374
   -0.0406   -0.4371    0.8985
...   141 G-C ...
   -3.4383   60.2386    1.0284
   -0.4425    0.2285   -0.8672
    0.1683   -0.9287   -0.3306
   -0.8808   -0.2922    0.3725
...   142 C-G ...
   -6.3289   59.0835    1.6293
   -0.2970   -0.3280   -0.8968
    0.5656   -0.8171    0.1115
   -0.7693   -0.4741    0.4282
...   143 T-A ...
   -8.6768   58.7244    3.6024
   -0.0347   -0.7817   -0.6227
    0.6533   -0.4893    0.5778
   -0.7563   -0.3868    0.5276
...   144 C-G ...
  -11.6545   58.0115    4.7193
    0.2451   -0.9542   -0.1716
    0.6322    0.0231    0.7745
   -0.7350   -0.2983    0.6089
...   145 A-T ...
  -14.1760   56.5669    6.1807
    0.5795   -0.7268    0.3687
    0.3139    0.6165    0.7220
   -0.7521   -0.3027    0.5855
...   146 C-G ...
  -16.4651   53.8950    7.5153
    0.5336   -0.3331    0.7774
   -0.0346    0.9098    0.4136
   -0.8450   -0.2476    0.4739
...   147 A-T ...
  -19.0172   52.0375    8.9260
    0.2452    0.2907    0.9249
   -0.3073    0.9281   -0.2103
   -0.9195   -0.2327    0.3169
