  147 base-pairs
...     1 A-T ...
    0.0000    0.0000    0.0000
    1.0000    0.0000    0.0000
    0.0000    1.0000    0.0000
    0.0000    0.0000    1.0000
...     2 G-C ...
   -0.1404   -1.2353    3.2259
    0.7530    0.6366    0.1668
   -0.6385    0.7681   -0.0490
   -0.1593   -0.0696    0.9848
...     3 T-A ...
   -0.0377   -3.2918    6.3749
    0.2722    0.9302    0.2464
   -0.9238    0.3243   -0.2034
   -0.2691   -0.1722    0.9476
...     4 G-C ...
   -0.3520   -4.1638    9.4928
   -0.3756    0.9250    0.0576
   -0.8780   -0.3352   -0.3416
   -0.2967   -0.1788    0.9381
...     5 A-T ...
   -0.4480   -4.1448   12.7498
   -0.8116    0.5839   -0.0166
   -0.5522   -0.7762   -0.3042
   -0.1905   -0.2377    0.9525
...     6 G-C ...
   -1.5926   -4.1701   15.6201
   -0.9976    0.0246   -0.0651
   -0.0043   -0.9555   -0.2950
   -0.0694   -0.2940    0.9533
...     7 C-G ...
   -1.1050   -4.4793   18.7363
   -0.8442   -0.5302   -0.0787
    0.5343   -0.8442   -0.0430
   -0.0437   -0.0784    0.9960
...     8 G-C ...
   -2.4044   -7.7255   23.1483
   -0.2753   -0.3294   -0.9032
    0.6650   -0.7437    0.0686
   -0.6943   -0.5817    0.4238
...     9 C-G ...
   -4.4706   -9.9691   24.1142
    0.1145   -0.7026   -0.7023
    0.8512   -0.2951    0.4341
   -0.5123   -0.6475    0.5642
...    10 T-A ...
   -6.7420  -10.8705   25.9717
    0.4841   -0.8363   -0.2573
    0.6594    0.1554    0.7356
   -0.5752   -0.5257    0.6267
...    11 C-G ...
   -9.1682  -12.6167   27.1662
    0.7073   -0.6683    0.2306
    0.3450    0.6110    0.7125
   -0.6170   -0.4243    0.6627
...    12 A-T ...
  -10.9253  -14.6583   29.0713
    0.7515   -0.1377    0.6452
   -0.2027    0.8824    0.4245
   -0.6278   -0.4498    0.6352
...    13 C-G ...
  -11.8495  -17.4796   31.2472
    0.4294    0.2824    0.8578
   -0.5708    0.8209    0.0155
   -0.6998   -0.4963    0.5137
...    14 A-T ...
  -13.5915  -19.7756   33.4284
   -0.1503    0.6106    0.7775
   -0.6874    0.5007   -0.5261
   -0.7106   -0.6135    0.3445
...    15 A-T ...
  -15.6802  -21.8661   34.7669
   -0.5076    0.7777    0.3709
   -0.4782    0.1038   -0.8721
   -0.7167   -0.6200    0.3192
...    16 T-A ...
  -17.7672  -23.7736   36.4251
   -0.6636    0.7414   -0.0999
   -0.1652   -0.2754   -0.9470
   -0.7297   -0.6119    0.3052
...    17 T-A ...
  -20.1340  -25.5923   37.6452
   -0.6152    0.5138   -0.5980
    0.2164   -0.6193   -0.7547
   -0.7581   -0.5937    0.2698
...    18 T-A ...
  -22.7041  -27.2665   38.6140
   -0.3605    0.1559   -0.9196
    0.5012   -0.7991   -0.3320
   -0.7867   -0.5806    0.2100
...    19 A-T ...
  -25.8285  -28.4815   38.9827
    0.0991   -0.0756   -0.9922
    0.5595   -0.8204    0.1184
   -0.8229   -0.5668   -0.0390
...    20 T-A ...
  -28.7938  -29.7498   38.5418
    0.3841   -0.4324   -0.8157
    0.4284   -0.6992    0.5724
   -0.8179   -0.5693   -0.0833
...    21 T-A ...
  -31.5033  -31.4067   37.9686
    0.5731   -0.7231   -0.3856
    0.1350   -0.3808    0.9148
   -0.8083   -0.5763   -0.1206
...    22 C-G ...
  -33.9741  -33.4135   37.3454
    0.5714   -0.7979    0.1921
   -0.2422    0.0597    0.9684
   -0.7841   -0.5999   -0.1592
...    23 G-C ...
  -36.5148  -35.5032   37.2386
    0.4031   -0.6003    0.6907
   -0.5592    0.4359    0.7052
   -0.7244   -0.6705   -0.1600
...    24 C-G ...
  -38.6063  -37.9659   36.5733
    0.0553   -0.2678    0.9619
   -0.6980    0.6784    0.2290
   -0.7139   -0.6841   -0.1494
...    25 A-T ...
  -41.1069  -40.0276   36.0732
   -0.3028    0.1900    0.9339
   -0.6168    0.7080   -0.3440
   -0.7266   -0.6802   -0.0972
...    26 A-T ...
  -43.2715  -42.4472   35.9191
   -0.6119    0.5309    0.5863
   -0.3261    0.5060   -0.7985
   -0.7206   -0.6798   -0.1365
...    27 A-T ...
  -45.5551  -44.7376   35.7498
   -0.6856    0.7255    0.0598
    0.0774    0.1543   -0.9850
   -0.7239   -0.6707   -0.1619
...    28 G-C ...
  -48.0586  -46.8293   35.5216
   -0.4843    0.7737   -0.4084
    0.4160   -0.2070   -0.8855
   -0.7696   -0.5988   -0.2217
...    29 G-C ...
  -50.9041  -48.5427   35.0390
   -0.1043    0.6450   -0.7570
    0.5908   -0.5721   -0.5689
   -0.8000   -0.5066   -0.3214
...    30 C-G ...
  -53.7789  -49.7018   34.0629
    0.2815    0.3129   -0.9071
    0.5431   -0.8313   -0.1183
   -0.7911   -0.4593   -0.4040
...    31 C-G ...
  -56.4966  -50.7198   32.3737
    0.6119   -0.0851   -0.7864
    0.2883   -0.9018    0.3220
   -0.7365   -0.4237   -0.5272
...    32 G-C ...
  -58.5587  -52.3470   30.3780
    0.7652   -0.4802   -0.4288
   -0.1367   -0.7721    0.6206
   -0.6291   -0.4163   -0.6565
...    33 G-C ...
  -60.2173  -53.6492   27.7438
    0.6263   -0.7796    0.0011
   -0.5546   -0.4446    0.7034
   -0.5478   -0.4411   -0.7108
...    34 C-G ...
  -61.6108  -55.1338   25.1406
    0.2419   -0.8896    0.3874
   -0.8228    0.0236    0.5679
   -0.5143   -0.4561   -0.7263
...    35 C-G ...
  -63.0415  -56.8880   22.6504
   -0.2190   -0.7230    0.6552
   -0.8380    0.4833    0.2532
   -0.4997   -0.4937   -0.7117
...    36 C-G ...
  -64.5123  -58.7631   20.2747
   -0.6120   -0.3320    0.7178
   -0.5914    0.7947   -0.1366
   -0.5251   -0.5081   -0.6827
...    37 G-C ...
  -66.3714  -59.9841   17.8260
   -0.7898    0.1953    0.5815
   -0.1468    0.8602   -0.4883
   -0.5956   -0.4710   -0.6507
...    38 A-T ...
  -68.2107  -61.6299   15.7090
   -0.7088    0.6659    0.2327
    0.3415    0.6126   -0.7128
   -0.6173   -0.4258   -0.6616
...    39 C-G ...
  -70.5374  -63.1959   14.0365
   -0.4128    0.9037   -0.1134
    0.6532    0.2070   -0.7283
   -0.6347   -0.3748   -0.6758
...    40 A-T ...
  -72.7566  -64.3078   11.8205
    0.0903    0.9314   -0.3526
    0.7549   -0.2949   -0.5858
   -0.6496   -0.2133   -0.7298
...    41 C-G ...
  -75.2488  -64.5361    9.7590
    0.4921    0.6856   -0.5365
    0.6035   -0.7128   -0.3573
   -0.6274   -0.1479   -0.7645
...    42 G-C ...
  -76.9910  -64.8882    6.9836
    0.8287    0.2475   -0.5020
    0.2283   -0.9684   -0.1006
   -0.5110   -0.0313   -0.8590
...    43 A-T ...
  -78.4657  -64.7802    4.0957
    0.8432   -0.3297   -0.4246
   -0.2921   -0.9441    0.1530
   -0.4513   -0.0050   -0.8924
...    44 C-G ...
  -79.4978  -64.2629    1.0081
    0.5962   -0.7564   -0.2690
   -0.6900   -0.6541    0.3100
   -0.4104    0.0008   -0.9119
...    45 T-A ...
  -80.4294  -64.1812   -2.1495
    0.1783   -0.9829   -0.0462
   -0.9150   -0.1829    0.3597
   -0.3620   -0.0219   -0.9319
...    46 T-A ...
  -81.2351  -64.1874   -5.3058
   -0.3828   -0.9166    0.1153
   -0.8564    0.3989    0.3278
   -0.3465    0.0267   -0.9377
...    47 A-T ...
  -82.5811  -63.7633   -8.3269
   -0.8354   -0.4875    0.2538
   -0.4434    0.8707    0.2128
   -0.3247    0.0653   -0.9436
...    48 C-G ...
  -83.5254  -64.1304  -11.4759
   -0.9401    0.0191    0.3405
    0.0448    0.9967    0.0676
   -0.3381    0.0788   -0.9378
...    49 T-A ...
  -84.8318  -64.1369  -14.4952
   -0.7682    0.5077    0.3901
    0.5130    0.8526   -0.0994
   -0.3830    0.1238   -0.9154
...    50 G-C ...
  -86.2376  -63.5609  -17.4394
   -0.3289    0.8507    0.4100
    0.8373    0.4635   -0.2899
   -0.4367    0.2480   -0.8648
...    51 T-A ...
  -88.2058  -62.8184  -19.9274
    0.1499    0.9501    0.2736
    0.8915   -0.0102   -0.4529
   -0.4275    0.3118   -0.8485
...    52 T-A ...
  -89.7808  -61.6664  -22.4878
    0.6208    0.7826    0.0463
    0.6745   -0.5031   -0.5403
   -0.3995    0.3667   -0.8402
...    53 C-G ...
  -90.9843  -60.2197  -25.1103
    0.9154    0.3521   -0.1951
    0.2121   -0.8340   -0.5094
   -0.3421    0.4249   -0.8381
...    54 A-T ...
  -91.8816  -58.6220  -27.8791
    0.9291   -0.1893   -0.3177
   -0.3115   -0.8635   -0.3965
   -0.1993    0.4674   -0.8613
...    55 T-A ...
  -92.1228  -56.5582  -30.4215
    0.6610   -0.5879   -0.4662
   -0.7275   -0.6544   -0.2063
   -0.1838    0.4756   -0.8603
...    56 G-C ...
  -92.6822  -55.2360  -33.3871
    0.1675   -0.8844   -0.4356
   -0.9780   -0.2048    0.0399
   -0.1245    0.4194   -0.8992
...    57 T-A ...
  -92.4516  -53.8750  -36.4033
   -0.3508   -0.8680   -0.3516
   -0.9290    0.2752    0.2474
   -0.1180    0.4134   -0.9029
...    58 T-A ...
  -92.4884  -52.6395  -39.4149
   -0.8141   -0.5486   -0.1906
   -0.5734    0.7072    0.4136
   -0.0921    0.4460   -0.8903
...    59 A-T ...
  -92.8278  -50.9487  -42.2469
   -0.9950   -0.0359    0.0934
    0.0114    0.8865    0.4626
   -0.0994    0.4614   -0.8816
...    60 T-A ...
  -93.3267  -50.0469  -45.3700
   -0.8608    0.4025    0.3114
    0.4999    0.7834    0.3694
   -0.0952    0.4736   -0.8756
...    61 A-T ...
  -93.9099  -48.5288  -48.2471
   -0.4547    0.6886    0.5649
    0.8761    0.4599    0.1446
   -0.1602    0.5606   -0.8124
...    62 A-T ...
  -94.7139  -46.7292  -50.8008
    0.0890    0.8021    0.5905
    0.9836    0.0224   -0.1787
   -0.1566    0.5968   -0.7870
...    63 C-G ...
  -95.7814  -44.6175  -53.0390
    0.5678    0.6710    0.4767
    0.8122   -0.3628   -0.4568
   -0.1335    0.6466   -0.7511
...    64 G-C ...
  -95.8656  -42.3743  -55.4551
    0.9146    0.2776    0.2940
    0.4043   -0.6120   -0.6798
   -0.0088    0.7406   -0.6719
...    65 G-C ...
  -95.6486  -39.5302  -57.2540
    0.9884   -0.1502   -0.0223
   -0.1121   -0.6231   -0.7741
    0.1024    0.7676   -0.6327
...    66 A-T ...
  -95.1113  -36.9687  -59.1921
    0.7492   -0.5025   -0.4315
   -0.6445   -0.4025   -0.6501
    0.1530    0.7651   -0.6254
...    67 A-T ...
  -94.3059  -34.4191  -61.0346
    0.2730   -0.6266   -0.7300
   -0.9489   -0.0507   -0.3113
    0.1581    0.7777   -0.6085
...    68 G-C ...
  -93.4225  -31.9153  -62.9933
   -0.2508   -0.5926   -0.7655
   -0.9538    0.2865    0.0907
    0.1656    0.7529   -0.6370
...    69 G-C ...
  -92.6107  -29.5737  -65.2643
   -0.7242   -0.3951   -0.5652
   -0.6763    0.5667    0.4705
    0.1344    0.7230   -0.6777
...    70 T-A ...
  -91.8762  -27.6143  -67.8349
   -0.9687   -0.0643   -0.2396
   -0.2179    0.6823    0.6978
    0.1186    0.7282   -0.6750
...    71 A-T ...
  -91.5159  -25.1464  -70.0038
   -0.9274    0.2972    0.2272
    0.3660    0.5944    0.7161
    0.0778    0.7473   -0.6600
...    72 T-A ...
  -91.6819  -23.0744  -72.5437
   -0.6321    0.5399    0.5558
    0.7710    0.3668    0.5206
    0.0772    0.7576   -0.6481
...    73 C-G ...
  -91.5768  -20.6039  -74.6468
   -0.0998    0.6033    0.7912
    0.9925    0.0042    0.1220
    0.0703    0.7975   -0.5992
...    74 T-A ...
  -91.7032  -17.8402  -76.4078
    0.3901    0.4480    0.8044
    0.9163   -0.2744   -0.2915
    0.0902    0.8509   -0.5176
...    75 C-G ...
  -91.4394  -14.9700  -77.8759
    0.8222    0.1610    0.5459
    0.5529   -0.4532   -0.6992
    0.1348    0.8768   -0.4616
...    76 G-C ...
  -90.6106  -12.1545  -79.3865
    0.9591   -0.2267    0.1694
    0.0636   -0.4105   -0.9097
    0.2758    0.8832   -0.3793
...    77 A-T ...
  -89.5484   -9.2705  -80.4501
    0.8165   -0.4565   -0.3535
   -0.4745   -0.1819   -0.8613
    0.3289    0.8709   -0.3651
...    78 G-C ...
  -88.1668   -6.4273  -81.3792
    0.4498   -0.5307   -0.7183
   -0.8078    0.1014   -0.5807
    0.3810    0.8415   -0.3831
...    79 C-G ...
  -86.4923   -3.8471  -82.5673
   -0.0587   -0.4189   -0.9061
   -0.9130    0.3897   -0.1210
    0.4038    0.8202   -0.4053
...    80 T-A ...
  -84.8780   -1.3730  -84.0366
   -0.5285   -0.1859   -0.8283
   -0.7465    0.5664    0.3492
    0.4042    0.8029   -0.4381
...    81 C-G ...
  -83.5049    1.1702  -85.5673
   -0.8658    0.1665   -0.4719
   -0.3066    0.5688    0.7632
    0.3955    0.8055   -0.4414
...    82 G-C ...
  -82.2647    4.0384  -86.6503
   -0.9285    0.3669    0.0574
    0.2076    0.3848    0.8994
    0.3079    0.8470   -0.4334
...    83 G-C ...
  -81.4055    6.7887  -88.3847
   -0.7110    0.4345    0.5529
    0.6586    0.1356    0.7402
    0.2467    0.8904   -0.3825
...    84 G-C ...
  -80.9386    9.7887  -89.8328
   -0.2979    0.3457    0.8898
    0.9307   -0.1021    0.3512
    0.2122    0.9328   -0.2913
...    85 A-T ...
  -80.3883   12.8412  -90.7593
    0.2507    0.1671    0.9535
    0.9414   -0.2716   -0.1999
    0.2256    0.9478   -0.2254
...    86 T-A ...
  -80.2297   16.0800  -91.1347
    0.6628   -0.0160    0.7486
    0.7081   -0.3119   -0.6336
    0.2436    0.9500   -0.1954
...    87 C-G ...
  -79.3883   19.1788  -91.5275
    0.9252   -0.2482    0.2871
    0.2338   -0.2232   -0.9463
    0.2989    0.9427   -0.1485
...    88 C-G ...
  -78.1335   22.2972  -91.5437
    0.8790   -0.4226   -0.2207
   -0.2526   -0.0202   -0.9674
    0.4043    0.9061   -0.1245
...    89 G-C ...
  -76.6361   25.1391  -92.3175
    0.5621   -0.4669   -0.6826
   -0.6431    0.2722   -0.7158
    0.5200    0.8414   -0.1472
...    90 C-G ...
  -74.5244   27.6381  -92.6932
    0.1197   -0.2786   -0.9529
   -0.8252    0.5058   -0.2515
    0.5521    0.8164   -0.1693
...    91 T-A ...
  -72.4095   30.0767  -93.3687
   -0.3346   -0.0062   -0.9423
   -0.7540    0.6016    0.2638
    0.5653    0.7988   -0.2060
...    92 T-A ...
  -70.3123   32.4429  -94.1447
   -0.6764    0.3647   -0.6400
   -0.4432    0.4924    0.7491
    0.5883    0.7903   -0.1714
...    93 T-A ...
  -68.2671   34.8378  -94.9601
   -0.7915    0.5999   -0.1168
   -0.0020    0.1885    0.9821
    0.6111    0.7776   -0.1480
...    94 A-T ...
  -66.2663   37.4381  -95.3925
   -0.6874    0.5576    0.4654
    0.4387   -0.1919    0.8779
    0.5788    0.8076   -0.1127
...    95 A-T ...
  -64.5926   40.1542  -95.9314
   -0.3516    0.3451    0.8702
    0.7336   -0.4759    0.4852
    0.5815    0.8090   -0.0858
...    96 C-G ...
  -63.2448   43.1075  -96.2868
    0.0227    0.0150    0.9996
    0.8130   -0.5822   -0.0097
    0.5818    0.8129   -0.0255
...    97 A-T ...
  -61.3843   45.8741  -96.1698
    0.3412   -0.4191    0.8414
    0.7098   -0.4719   -0.5230
    0.6163    0.7756    0.1365
...    98 C-G ...
  -59.7747   48.5281  -95.1793
    0.6059   -0.6455    0.4650
    0.4679   -0.1835   -0.8645
    0.6434    0.7414    0.1908
...    99 T-A ...
  -57.6885   50.8103  -94.0940
    0.6990   -0.7140   -0.0410
    0.1457    0.1983   -0.9693
    0.7002    0.6715    0.2426
...   100 T-A ...
  -55.4027   52.8239  -93.0056
    0.6589   -0.4973   -0.5644
   -0.2405    0.5717   -0.7844
    0.7128    0.6526    0.2571
...   101 T-A ...
  -52.9690   54.6872  -91.9407
    0.4304   -0.0864   -0.8985
   -0.5531    0.7614   -0.3382
    0.7134    0.6425    0.2799
...   102 A-T ...
  -50.7659   57.0059  -91.0351
    0.0318    0.3939   -0.9186
   -0.6927    0.6712    0.2638
    0.7205    0.6280    0.2942
...   103 T-A ...
  -47.9541   58.6308  -90.4020
   -0.2997    0.6920   -0.6567
   -0.6214    0.3807    0.6848
    0.7239    0.6133    0.3159
...   104 G-C ...
  -45.7455   60.7849  -89.2551
   -0.6435    0.7412   -0.1912
   -0.3518   -0.0645    0.9339
    0.6799    0.6682    0.3022
...   105 C-G ...
  -43.4377   63.0535  -88.6451
   -0.7625    0.5649    0.3155
    0.0308   -0.4554    0.8898
    0.6463    0.6881    0.3298
...   106 T-A ...
  -41.5080   65.5658  -87.7583
   -0.6946    0.2125    0.6873
    0.4002   -0.6798    0.6146
    0.5978    0.7019    0.3872
...   107 T-A ...
  -39.7581   68.0229  -86.6089
   -0.3999   -0.2134    0.8914
    0.7049   -0.6933    0.1502
    0.5859    0.6884    0.4276
...   108 C-G ...
  -38.0072   70.2921  -85.1141
    0.0044   -0.6134    0.7897
    0.8168   -0.4534   -0.3567
    0.5769    0.6466    0.4991
...   109 C-G ...
  -36.4387   72.4211  -83.0397
    0.3353   -0.8363    0.4338
    0.7274   -0.0628   -0.6834
    0.5987    0.5447    0.5872
...   110 G-C ...
  -34.1874   73.8806  -81.1181
    0.5650   -0.8218   -0.0733
    0.5043    0.4142   -0.7577
    0.6530    0.3912    0.6485
...   111 G-C ...
  -31.9542   74.6183  -78.7081
    0.6834   -0.5232   -0.5092
    0.1906    0.8011   -0.5674
    0.7048    0.2907    0.6471
...   112 C-G ...
  -29.5155   75.0628  -76.5363
    0.6598   -0.0266   -0.7510
   -0.1693    0.9684   -0.1830
    0.7321    0.2478    0.6345
...   113 T-A ...
  -26.9132   75.5263  -74.5597
    0.4640    0.4700   -0.7509
   -0.4565    0.8533    0.2520
    0.7592    0.2259    0.6105
...   114 C-G ...
  -24.3243   76.2016  -72.6651
    0.1193    0.8813   -0.4572
   -0.6387    0.4207    0.6443
    0.7602    0.2151    0.6131
...   115 G-C ...
  -22.1519   76.9745  -70.2894
   -0.3021    0.9509   -0.0670
   -0.6070   -0.1377    0.7827
    0.7351    0.2771    0.6188
...   116 T-A ...
  -19.4421   78.1008  -68.7388
   -0.5838    0.7434    0.3266
   -0.3858   -0.6079    0.6940
    0.7144    0.2792    0.6416
...   117 A-T ...
  -17.1155   79.1728  -66.6468
   -0.7685    0.2677    0.5811
   -0.0149   -0.9155    0.4020
    0.6396    0.3003    0.7076
...   118 T-A ...
  -15.2234   80.7692  -64.5160
   -0.7026   -0.2167    0.6778
    0.3522   -0.9336    0.0667
    0.6183    0.2856    0.7322
...   119 A-T ...
  -13.7551   82.1427  -61.8256
   -0.5818   -0.6800    0.4462
    0.6616   -0.7148   -0.2267
    0.4731    0.1633    0.8658
...   120 A-T ...
  -12.5246   82.6939  -58.9069
   -0.1807   -0.9629    0.2002
    0.8795   -0.2493   -0.4054
    0.4403    0.1028    0.8919
...   121 T-A ...
  -11.7533   82.9585  -55.7560
    0.2419   -0.9688   -0.0537
    0.8687    0.2410   -0.4329
    0.4323    0.0580    0.8999
...   122 G-C ...
  -10.2023   82.7553  -52.8329
    0.6058   -0.6944   -0.3884
    0.6421    0.7149   -0.2766
    0.4697   -0.0818    0.8790
...   123 T-A ...
   -8.9524   81.8800  -49.9210
    0.8357   -0.2396   -0.4943
    0.2668    0.9636   -0.0160
    0.4801   -0.1184    0.8692
...   124 G-C ...
   -7.1437   81.6769  -47.1759
    0.8144    0.3478   -0.4646
   -0.2208    0.9260    0.3061
    0.5367   -0.1467    0.8309
...   125 T-A ...
   -5.1298   80.6763  -44.7169
    0.5901    0.7728   -0.2336
   -0.6052    0.6150    0.5055
    0.5343   -0.1569    0.8306
...   126 C-G ...
   -3.2767   80.1108  -42.0701
    0.1320    0.9849    0.1117
   -0.8409    0.0516    0.5387
    0.5249   -0.1651    0.8350
...   127 G-C ...
   -1.9659   79.3891  -39.1196
   -0.3901    0.8652    0.3151
   -0.7911   -0.4900    0.3660
    0.4711   -0.1065    0.8756
...   128 A-T ...
   -0.3035   79.0153  -36.3497
   -0.7887    0.4433    0.4259
   -0.4464   -0.8893    0.0991
    0.4227   -0.1119    0.8993
...   129 C-G ...
    1.1386   79.2562  -33.4310
   -0.9293   -0.0470    0.3663
   -0.0022   -0.9911   -0.1328
    0.3693   -0.1242    0.9210
...   130 C-G ...
    2.1976   79.2544  -30.2341
   -0.8508   -0.5124    0.1165
    0.4634   -0.8361   -0.2937
    0.2479   -0.1959    0.9488
...   131 A-T ...
    2.7094   78.6053  -26.9970
   -0.5340   -0.8162   -0.2204
    0.8387   -0.4786   -0.2598
    0.1066   -0.3237    0.9402
...   132 A-T ...
    2.7112   77.5073  -23.9740
   -0.0193   -0.9238   -0.3825
    0.9974    0.0090   -0.0721
    0.0700   -0.3829    0.9211
...   133 A-T ...
    2.6333   76.0848  -21.0797
    0.5138   -0.7632   -0.3918
    0.8561    0.4855    0.1770
    0.0551   -0.4264    0.9029
...   134 T-A ...
    2.3076   74.2307  -18.3903
    0.8657   -0.4293   -0.2574
    0.4984    0.7868    0.3641
    0.0462   -0.4435    0.8951
...   135 G-C ...
    1.4354   72.0970  -15.6050
    0.9809    0.0621    0.1843
   -0.1263    0.9241    0.3607
   -0.1479   -0.3771    0.9143
...   136 T-A ...
    0.5279   69.2393  -13.4689
    0.7351    0.4963    0.4618
   -0.6117    0.7792    0.1365
   -0.2921   -0.3828    0.8764
...   137 G-C ...
   -0.1659   67.4106  -10.8095
    0.1800    0.8794    0.4408
   -0.9276    0.3008   -0.2214
   -0.3274   -0.3691    0.8698
...   138 A-T ...
   -0.1321   66.2180   -7.8217
   -0.3749    0.8570    0.3536
   -0.8857   -0.2184   -0.4098
   -0.2739   -0.4668    0.8409
...   139 G-C ...
   -1.0069   65.6075   -4.9425
   -0.8336    0.5218    0.1811
   -0.5170   -0.6220   -0.5881
   -0.1942   -0.5839    0.7883
...   140 C-G ...
   -0.6974   63.9003   -2.2528
   -0.9992    0.0157   -0.0376
    0.0023   -0.8993   -0.4374
   -0.0406   -0.4371    0.8985
...   141 G-C ...
   -3.4382   60.2385    1.0283
   -0.4425    0.2285   -0.8672
    0.1683   -0.9287   -0.3306
   -0.8808   -0.2922    0.3725
...   142 C-G ...
   -6.3288   59.0834    1.6293
   -0.2970   -0.3280   -0.8968
    0.5656   -0.8171    0.1115
   -0.7693   -0.4741    0.4282
...   143 T-A ...
   -8.6768   58.7243    3.6024
   -0.0347   -0.7817   -0.6227
    0.6533   -0.4893    0.5778
   -0.7563   -0.3868    0.5276
...   144 C-G ...
  -11.6544   58.0114    4.7193
    0.2451   -0.9542   -0.1716
    0.6322    0.0231    0.7745
   -0.7350   -0.2983    0.6089
...   145 A-T ...
  -14.1760   56.5669    6.1806
    0.5795   -0.7268    0.3687
    0.3139    0.6165    0.7220
   -0.7521   -0.3027    0.5855
...   146 C-G ...
  -16.4651   53.8949    7.5153
    0.5336   -0.3331    0.7774
   -0.0346    0.9098    0.4136
   -0.8450   -0.2476    0.4739
...   147 A-T ...
  -19.0172   52.0374    8.9260
    0.2452    0.2907    0.9249
   -0.3073    0.9281   -0.2103
   -0.9195   -0.2327    0.3169
