  147 base-pairs
...     1 A-T ...
    0.0000    0.0000    0.0000
    1.0000    0.0000    0.0000
    0.0000    1.0000    0.0000
    0.0000    0.0000    1.0000
...     2 G-C ...
   -0.1404   -1.2353    3.2259
    0.7530    0.6366    0.1668
   -0.6385    0.7681   -0.0490
   -0.1593   -0.0696    0.9848
...     3 T-A ...
   -0.0377   -3.2918    6.3749
    0.2722    0.9302    0.2464
   -0.9238    0.3243   -0.2034
   -0.2691   -0.1722    0.9476
...     4 G-C ...
   -0.3520   -4.1638    9.4928
   -0.3756    0.9250    0.0576
   -0.8780   -0.3352   -0.3416
   -0.2967   -0.1788    0.9381
...     5 A-T ...
   -0.4480   -4.1448   12.7498
   -0.8116    0.5839   -0.0166
   -0.5522   -0.7762   -0.3042
   -0.1905   -0.2377    0.9525
...     6 G-C ...
   -1.5926   -4.1701   15.6201
   -0.9976    0.0246   -0.0651
   -0.0043   -0.9555   -0.2950
   -0.0694   -0.2940    0.9533
...     7 C-G ...
   -1.1050   -4.4793   18.7363
   -0.8442   -0.5302   -0.0787
    0.5343   -0.8442   -0.0430
   -0.0437   -0.0784    0.9960
...     8 G-C ...
   -2.4044   -7.7255   23.1483
   -0.2753   -0.3294   -0.9032
    0.6650   -0.7437    0.0686
   -0.6943   -0.5817    0.4238
...     9 C-G ...
   -4.4706   -9.9691   24.1142
    0.1145   -0.7026   -0.7023
    0.8512   -0.2951    0.4341
   -0.5123   -0.6475    0.5642
...    10 T-A ...
   -6.7420  -10.8705   25.9717
    0.4841   -0.8363   -0.2573
    0.6594    0.1554    0.7356
   -0.5752   -0.5257    0.6267
...    11 C-G ...
   -9.1682  -12.6167   27.1662
    0.7073   -0.6683    0.2306
    0.3450    0.6110    0.7125
   -0.6170   -0.4243    0.6627
...    12 A-T ...
  -10.9253  -14.6583   29.0713
    0.7515   -0.1377    0.6452
   -0.2027    0.8824    0.4245
   -0.6278   -0.4498    0.6352
...    13 C-G ...
  -11.8495  -17.4796   31.2472
    0.4294    0.2824    0.8578
   -0.5708    0.8209    0.0155
   -0.6998   -0.4963    0.5137
...    14 A-T ...
  -13.5915  -19.7756   33.4284
   -0.1503    0.6106    0.7775
   -0.6874    0.5007   -0.5261
   -0.7106   -0.6135    0.3445
...    15 A-T ...
  -15.6878  -21.8620   34.7606
   -0.5071    0.7797    0.3674
   -0.4768    0.1013   -0.8732
   -0.7180   -0.6179    0.3204
...    16 T-A ...
  -17.7823  -23.7585   36.4207
   -0.6615    0.7424   -0.1061
   -0.1632   -0.2806   -0.9458
   -0.7320   -0.6083    0.3068
...    17 T-A ...
  -20.1613  -25.5641   37.6365
   -0.6105    0.5104   -0.6056
    0.2178   -0.6270   -0.7480
   -0.7615   -0.5885    0.2716
...    18 T-A ...
  -22.7432  -27.2231   38.6032
   -0.3543    0.1448   -0.9238
    0.5002   -0.8054   -0.3181
   -0.7901   -0.5748    0.2129
...    19 A-T ...
  -25.8438  -28.4757   38.9699
    0.1035   -0.1062   -0.9889
    0.5560   -0.8183    0.1461
   -0.8247   -0.5649   -0.0257
...    20 T-A ...
  -28.8150  -29.7479   38.5559
    0.3856   -0.4629   -0.7981
    0.4219   -0.6809    0.5987
   -0.8206   -0.5676   -0.0673
...    21 T-A ...
  -31.5354  -31.4094   38.0342
    0.5677   -0.7442   -0.3521
    0.1264   -0.3438    0.9305
   -0.8135   -0.5727   -0.1011
...    22 C-G ...
  -34.0354  -33.4111   37.4880
    0.5585   -0.7961    0.2332
   -0.2477    0.1082    0.9628
   -0.7917   -0.5954   -0.1368
...    23 G-C ...
  -36.6278  -35.4498   37.4633
    0.3857   -0.5716    0.7242
   -0.5559    0.4825    0.6769
   -0.7364   -0.6636   -0.1317
...    24 C-G ...
  -38.7711  -37.8986   36.8992
    0.0408   -0.2160    0.9755
   -0.6844    0.7052    0.1848
   -0.7279   -0.6752   -0.1191
...    25 A-T ...
  -41.3222  -39.9249   36.4826
   -0.3068    0.2516    0.9179
   -0.5951    0.7019   -0.3913
   -0.7427   -0.6663   -0.0656
...    26 A-T ...
  -43.5534  -42.2870   36.4431
   -0.6018    0.5827    0.5462
   -0.3048    0.4646   -0.8314
   -0.7382   -0.6668   -0.1020
...    27 A-T ...
  -45.9040  -44.5139   36.3866
   -0.6632    0.7484    0.0059
    0.0903    0.0878   -0.9920
   -0.7430   -0.6574   -0.1258
...    28 G-C ...
  -48.4751  -46.5368   36.2663
   -0.4549    0.7590   -0.4658
    0.4165   -0.2810   -0.8646
   -0.7871   -0.5873   -0.1883
...    29 G-C ...
  -51.3763  -48.1791   35.8605
   -0.0754    0.5905   -0.8035
    0.5747   -0.6328   -0.5189
   -0.8149   -0.5009   -0.2917
...    30 C-G ...
  -54.2859  -49.3090   34.9356
    0.2995    0.2298   -0.9260
    0.5120   -0.8577   -0.0472
   -0.8050   -0.4600   -0.3746
...    31 C-G ...
  -57.0256  -50.3699   33.3053
    0.6121   -0.1765   -0.7709
    0.2483   -0.8826    0.3992
   -0.7508   -0.4357   -0.4964
...    32 G-C ...
  -59.1585  -52.0880   31.4550
    0.7423   -0.5529   -0.3786
   -0.1752   -0.7055    0.6868
   -0.6468   -0.4435   -0.6205
...    33 G-C ...
  -60.8950  -53.5430   28.9539
    0.5842   -0.8079    0.0780
   -0.5778   -0.3464    0.7390
   -0.5700   -0.4768   -0.6691
...    34 C-G ...
  -62.3755  -55.1851   26.4926
    0.1915   -0.8602    0.4727
   -0.8199    0.1245    0.5588
   -0.5395   -0.4946   -0.6814
...    35 C-G ...
  -63.9136  -57.0797   24.1731
   -0.2606   -0.6402    0.7226
   -0.8074    0.5549    0.2004
   -0.5293   -0.5312   -0.6615
...    36 C-G ...
  -65.5012  -59.0875   21.9861
   -0.6295   -0.2189    0.7455
   -0.5413    0.8119   -0.2187
   -0.5574   -0.5412   -0.6296
...    37 G-C ...
  -67.4470  -60.4415   19.6709
   -0.7729    0.3055    0.5562
   -0.0932    0.8124   -0.5757
   -0.6277   -0.4967   -0.5994
...    38 A-T ...
  -69.4079  -62.1723   17.7355
   -0.6615    0.7329    0.1590
    0.3777    0.5087   -0.7737
   -0.6479   -0.4517   -0.6133
...    39 C-G ...
  -71.8471  -63.7499   16.2381
   -0.3501    0.9123   -0.2122
    0.6616    0.0805   -0.7455
   -0.6631   -0.4015   -0.6318
...    40 A-T ...
  -74.1472  -64.9409   14.1450
    0.1543    0.8764   -0.4563
    0.7280   -0.4131   -0.5472
   -0.6680   -0.2477   -0.7017
...    41 C-G ...
  -76.6688  -65.2263   12.1191
    0.5373    0.5794   -0.6129
    0.5461   -0.7928   -0.2707
   -0.6427   -0.1892   -0.7424
...    42 G-C ...
  -78.4570  -65.7867    9.4006
    0.8395    0.1184   -0.5304
    0.1505   -0.9884    0.0177
   -0.5221   -0.0947   -0.8476
...    43 A-T ...
  -79.9616  -65.9198    6.5244
    0.8067   -0.4490   -0.3842
   -0.3666   -0.8902    0.2705
   -0.4635   -0.0774   -0.8827
...    44 C-G ...
  -81.0011  -65.7037    3.3997
    0.5240   -0.8334   -0.1754
   -0.7385   -0.5472    0.3940
   -0.4244   -0.0769   -0.9022
...    45 T-A ...
  -81.9867  -65.9378    0.2627
    0.0874   -0.9932    0.0776
   -0.9208   -0.0508    0.3867
   -0.3801   -0.1052   -0.9189
...    46 T-A ...
  -82.8573  -66.2653   -2.8600
   -0.4655   -0.8535    0.2341
   -0.8081    0.5178    0.2808
   -0.3609   -0.0585   -0.9308
...    47 A-T ...
  -84.2337  -66.0737   -5.8996
   -0.8762   -0.3617    0.3185
   -0.3475    0.9321    0.1025
   -0.3339   -0.0209   -0.9424
...    48 C-G ...
  -85.2729  -66.7357   -8.9723
   -0.9259    0.1632    0.3407
    0.1514    0.9866   -0.0613
   -0.3461   -0.0052   -0.9382
...    49 T-A ...
  -86.6337  -66.9830  -11.9611
   -0.6997    0.6358    0.3259
    0.6011    0.7704   -0.2125
   -0.3861    0.0472   -0.9212
...    50 G-C ...
  -88.0275  -66.6347  -14.9510
   -0.2215    0.9289    0.2969
    0.8777    0.3226   -0.3544
   -0.4249    0.1821   -0.8867
...    51 T-A ...
  -89.9560  -65.9990  -17.5021
    0.2654    0.9533    0.1440
    0.8734   -0.1745   -0.4547
   -0.4083    0.2464   -0.8789
...    52 A-T ...
  -91.6341  -64.5964  -20.0405
    0.7230    0.6840    0.0971
    0.6246   -0.5871   -0.5150
   -0.2953    0.4330   -0.8516
...    53 G-C ...
  -92.6318  -62.7954  -22.5913
    0.9605    0.2658   -0.0829
    0.1838   -0.8290   -0.5281
   -0.2091    0.4920   -0.8451
...    54 G-C ...
  -92.9398  -60.6838  -25.2052
    0.9354   -0.2438   -0.2562
   -0.3407   -0.8158   -0.4674
   -0.0950    0.5245   -0.8461
...    55 T-A ...
  -92.8182  -58.5319  -27.6934
    0.6402   -0.6337   -0.4342
   -0.7660   -0.5694   -0.2984
   -0.0581    0.5236   -0.8500
...    56 A-T ...
  -93.0659  -56.8705  -30.5501
    0.0796   -0.8511   -0.5189
   -0.9964   -0.0840   -0.0151
   -0.0307    0.5182   -0.8547
...    57 T-A ...
  -92.4555  -55.2566  -33.3716
   -0.4283   -0.7673   -0.4774
   -0.9034    0.3507    0.2468
   -0.0219    0.5369   -0.8433
...    58 C-G ...
  -92.4386  -53.5876  -36.1853
   -0.8704   -0.4287   -0.2423
   -0.4915    0.7272    0.4792
   -0.0292    0.5362   -0.8436
...    59 A-T ...
  -92.5873  -51.6468  -38.8451
   -0.9913    0.0017    0.1313
    0.0716    0.8451    0.5298
   -0.1101    0.5346   -0.8379
...    60 T-A ...
  -93.1637  -50.4764  -41.8625
   -0.8281    0.4133    0.3788
    0.5501    0.7289    0.4074
   -0.1077    0.5458   -0.8310
...    61 G-C ...
  -93.6519  -48.5206  -44.4917
   -0.3946    0.6558    0.6436
    0.9034    0.4047    0.1415
   -0.1677    0.6373   -0.7522
...    62 T-A ...
  -94.8175  -46.5515  -46.8256
    0.1110    0.7309    0.6734
    0.9807    0.0294   -0.1934
   -0.1612    0.6819   -0.7135
...    63 T-A ...
  -95.5777  -44.2683  -48.9715
    0.6222    0.5999    0.5029
    0.7706   -0.3565   -0.5283
   -0.1377    0.7162   -0.6841
...    64 A-T ...
  -96.1003  -41.4742  -50.7191
    0.9314    0.2109    0.2967
    0.3639   -0.5609   -0.7436
    0.0095    0.8006   -0.5991
...    65 T-A ...
  -96.1145  -38.4912  -52.0633
    0.9908   -0.1041   -0.0862
   -0.1309   -0.5799   -0.8041
    0.0337    0.8080   -0.5882
...    66 A-T ...
  -95.7077  -35.7466  -53.8652
    0.7595   -0.4723   -0.4473
   -0.6357   -0.3930   -0.6644
    0.1380    0.7889   -0.5988
...    67 A-T ...
  -94.9546  -33.1245  -55.6245
    0.2857   -0.5984   -0.7485
   -0.9474   -0.0588   -0.3146
    0.1442    0.7990   -0.5838
...    68 C-G ...
  -93.8343  -30.6165  -57.4807
   -0.2349   -0.5532   -0.7992
   -0.9593    0.2643    0.0990
    0.1565    0.7900   -0.5928
...    69 G-C ...
  -93.7335  -27.9161  -59.3846
   -0.7286   -0.3796   -0.5701
   -0.6749    0.5401    0.5029
    0.1170    0.7511   -0.6497
...    70 G-C ...
  -93.2223  -25.6085  -61.7740
   -0.9803   -0.0883   -0.1768
   -0.1903    0.6630    0.7241
    0.0533    0.7434   -0.6667
...    71 A-T ...
  -93.0007  -23.2673  -64.0276
   -0.9165    0.2797    0.2861
    0.3991    0.5872    0.7042
    0.0290    0.7596   -0.6498
...    72 T-A ...
  -93.3423  -21.1556  -66.5188
   -0.6050    0.5227    0.6007
    0.7957    0.3688    0.4805
    0.0296    0.7686   -0.6390
...    73 C-G ...
  -93.3917  -18.6513  -68.5869
   -0.0588    0.5918    0.8039
    0.9979    0.0144    0.0624
    0.0254    0.8059   -0.5915
...    74 T-A ...
  -93.6530  -15.8688  -70.3064
    0.4344    0.4440    0.7837
    0.8994   -0.2616   -0.3503
    0.0494    0.8570   -0.5130
...    75 C-G ...
  -93.5134  -12.9839  -71.7671
    0.8536    0.1651    0.4940
    0.5118   -0.4421   -0.7366
    0.0968    0.8816   -0.4619
...    76 G-C ...
  -92.8212  -10.1526  -73.3184
    0.9701   -0.2185    0.1055
    0.0080   -0.4057   -0.9140
    0.2425    0.8875   -0.3918
...    77 A-T ...
  -91.8626   -7.2540  -74.4377
    0.7954   -0.4483   -0.4078
   -0.5284   -0.1834   -0.8289
    0.2968    0.8748   -0.3828
...    78 G-C ...
  -90.5685   -4.3987  -75.4498
    0.4055   -0.5264   -0.7473
   -0.8451    0.0957   -0.5260
    0.3484    0.8448   -0.4061
...    79 C-G ...
  -88.9934   -1.8083  -76.7450
   -0.1155   -0.4197   -0.9003
   -0.9218    0.3830   -0.0603
    0.3701    0.8229   -0.4312
...    80 T-A ...
  -87.4985    0.6738  -78.3230
   -0.5814   -0.1912   -0.7908
   -0.7253    0.5623    0.3973
    0.3687    0.8045   -0.4656
...    81 C-G ...
  -86.2524    3.2208  -79.9530
   -0.8965    0.1598   -0.4131
   -0.2580    0.5696    0.7803
    0.3601    0.8062   -0.4694
...    82 G-C ...
  -85.1125    6.0936  -81.1317
   -0.9241    0.3633    0.1187
    0.2667    0.3904    0.8811
    0.2738    0.8459   -0.4577
...    83 G-C ...
  -84.3865    8.8390  -82.9358
   -0.6724    0.4361    0.5981
    0.7077    0.1421    0.6921
    0.2169    0.8886   -0.4042
...    84 G-C ...
  -84.0245   11.8294  -84.4355
   -0.2352    0.3520    0.9060
    0.9532   -0.0985    0.2858
    0.1898    0.9308   -0.3123
...    85 A-T ...
  -83.5436   14.8742  -85.4278
    0.3179    0.1752    0.9318
    0.9249   -0.2734   -0.2642
    0.2085    0.9458   -0.2489
...    86 T-A ...
  -83.4140   18.1098  -85.8437
    0.7150   -0.0095    0.6990
    0.6606   -0.3179   -0.6801
    0.2287    0.9481   -0.2210
...    87 C-G ...
  -82.6061   21.2048  -86.3297
    0.9435   -0.2466    0.2214
    0.1642   -0.2325   -0.9586
    0.2879    0.9408   -0.1789
...    88 C-G ...
  -81.3559   24.3211  -86.4712
    0.8599   -0.4267   -0.2803
   -0.3229   -0.0293   -0.9460
    0.3954    0.9039   -0.1629
...    89 G-C ...
  -79.9121   27.1509  -87.3840
    0.5090   -0.4759   -0.7172
   -0.6934    0.2670   -0.6693
    0.5100    0.8380   -0.1940
...    90 C-G ...
  -77.8242   29.6357  -87.9451
    0.0479   -0.2889   -0.9562
   -0.8397    0.5068   -0.1951
    0.5409    0.8123   -0.2183
...    91 T-A ...
  -75.7562   32.0572  -88.8047
   -0.4039   -0.0139   -0.9147
   -0.7295    0.6082    0.3129
    0.5519    0.7937   -0.2559
...    92 T-A ...
  -73.7117   34.4042  -89.7607
   -0.7203    0.3629   -0.5912
   -0.3832    0.5022    0.7752
    0.5782    0.7849   -0.2227
...    93 T-A ...
  -71.7183   36.7776  -90.7513
   -0.7938    0.6050   -0.0625
    0.0732    0.1971    0.9777
    0.6038    0.7715   -0.2007
...    94 A-T ...
  -69.7282   39.3550  -91.3490
   -0.6435    0.5688    0.5123
    0.5031   -0.1902    0.8430
    0.5769    0.8002   -0.1637
...    95 A-T ...
  -68.0700   42.0466  -92.0398
   -0.2788    0.3556    0.8921
    0.7636   -0.4812    0.4305
    0.5824    0.8012   -0.1373
...    96 C-G ...
  -66.7185   44.9796  -92.5264
    0.1010    0.0213    0.9947
    0.8027   -0.5924   -0.0688
    0.5878    0.8053   -0.0769
...    97 A-T ...
  -64.8187   47.7222  -92.5796
    0.4007   -0.4188    0.8149
    0.6605   -0.4844   -0.5737
    0.6350    0.7681    0.0825
...    98 C-G ...
  -63.1026   50.3595  -91.7374
    0.6318   -0.6515    0.4200
    0.3962   -0.1943   -0.8974
    0.6663    0.7333    0.1353
...    99 T-A ...
  -60.9055   52.6164  -90.8338
    0.6836   -0.7241   -0.0921
    0.0720    0.1924   -0.9787
    0.7263    0.6624    0.1836
...   100 T-A ...
  -58.5119   54.6001  -89.9400
    0.6054   -0.5085   -0.6123
   -0.2932    0.5728   -0.7655
    0.7400    0.6429    0.1977
...   101 T-A ...
  -55.9748   56.4306  -89.0778
    0.3575   -0.0939   -0.9292
   -0.5671    0.7687   -0.2958
    0.7421    0.6327    0.2215
...   102 A-T ...
  -53.6860   58.7323  -88.3488
   -0.0337    0.3973   -0.9171
   -0.6611    0.6794    0.3186
    0.7496    0.6170    0.2397
...   103 T-A ...
  -50.8103   60.3165  -87.9284
   -0.3394    0.6998   -0.6286
   -0.5616    0.3854    0.7322
    0.7546    0.6015    0.2622
...   104 G-C ...
  -48.4881   62.4294  -86.9401
   -0.6453    0.7516   -0.1367
   -0.2804   -0.0665    0.9576
    0.7106    0.6562    0.2537
...   105 C-G ...
  -46.1019   64.6559  -86.4929
   -0.7281    0.5727    0.3767
    0.0913   -0.4636    0.8813
    0.6794    0.6761    0.2853
...   106 T-A ...
  -44.0719   67.1312  -85.7355
   -0.6382    0.2151    0.7392
    0.4350   -0.6914    0.5768
    0.6352    0.6897    0.3477
...   107 T-A ...
  -42.2050   69.5494  -84.6953
   -0.3371   -0.2182    0.9159
    0.7040   -0.7043    0.0913
    0.6251    0.6755    0.3910
...   108 C-G ...
  -40.3182   71.7752  -83.3065
    0.0517   -0.6234    0.7802
    0.7828   -0.4598   -0.4193
    0.6201    0.6324    0.4642
...   109 C-G ...
  -38.5744   73.8492  -81.3201
    0.3530   -0.8466    0.3984
    0.6770   -0.0628   -0.7333
    0.6458    0.5286    0.5510
...   110 G-C ...
  -36.1687   75.2412  -79.5384
    0.5478   -0.8274   -0.1235
    0.4574    0.4199   -0.7839
    0.7005    0.3729    0.6085
...   111 G-C ...
  -33.7621   75.9069  -77.2781
    0.6418   -0.5220   -0.5617
    0.1628    0.8086   -0.5654
    0.7494    0.2715    0.6039
...   112 C-G ...
  -31.1766   76.2873  -75.2667
    0.6099   -0.0193   -0.7923
   -0.1694    0.9734   -0.1541
    0.7742    0.2282    0.5904
...   113 T-A ...
  -28.4473   76.6878  -73.4512
    0.4214    0.4810   -0.7688
   -0.4309    0.8521    0.2970
    0.7979    0.2061    0.5664
...   114 C-G ...
  -25.7401   77.2952  -71.7014
    0.1003    0.8903   -0.4442
   -0.5946    0.4116    0.6907
    0.7977    0.1948    0.5707
...   115 G-C ...
  -23.4229   77.9810  -69.4369
   -0.2969    0.9545   -0.0275
   -0.5628   -0.1516    0.8126
    0.7715    0.2567    0.5822
...   116 T-A ...
  -20.6192   79.0473  -68.0169
   -0.5587    0.7393    0.3758
   -0.3519   -0.6216    0.6998
    0.7510    0.2587    0.6075
...   117 A-T ...
  -18.1720   80.0725  -66.0409
   -0.7376    0.2600    0.6231
   -0.0019   -0.9237    0.3832
    0.6752    0.2815    0.6818
...   118 T-A ...
  -16.1709   81.6108  -63.9710
   -0.6722   -0.2267    0.7048
    0.3485   -0.9368    0.0311
    0.6532    0.2665    0.7087
...   119 A-T ...
  -14.5886   82.9298  -61.3146
   -0.5699   -0.6847    0.4543
    0.6456   -0.7151   -0.2679
    0.5083    0.1406    0.8496
...   120 A-T ...
  -13.2408   83.4034  -58.4350
   -0.1818   -0.9656    0.1857
    0.8613   -0.2475   -0.4437
    0.4744    0.0793    0.8767
...   121 T-A ...
  -12.3508   83.5905  -55.3096
    0.2317   -0.9692   -0.0836
    0.8543    0.2438   -0.4590
    0.4653    0.0350    0.8845
...   122 G-C ...
  -10.6890   83.3140  -52.4551
    0.5886   -0.6890   -0.4229
    0.6367    0.7174   -0.2826
    0.4981   -0.1030    0.8610
...   123 T-A ...
   -9.3486   82.3704  -49.6020
    0.8191   -0.2323   -0.5245
    0.2704    0.9627   -0.0040
    0.5059   -0.1386    0.8514
...   124 G-C ...
   -7.4665   82.1130  -46.9121
    0.8029    0.3557   -0.4783
   -0.2101    0.9198    0.3313
    0.5578   -0.1655    0.8133
...   125 T-A ...
   -5.3948   81.0532  -44.5236
    0.5861    0.7765   -0.2313
   -0.5916    0.6052    0.5327
    0.5536   -0.1754    0.8141
...   126 C-G ...
   -3.4868   80.4188  -41.9311
    0.1360    0.9823    0.1287
   -0.8291    0.0417    0.5576
    0.5424   -0.1825    0.8201
...   127 G-C ...
   -2.1123   79.6253  -39.0274
   -0.3831    0.8601    0.3369
   -0.7856   -0.4952    0.3710
    0.4859   -0.1225    0.8654
...   128 A-T ...
   -0.4066   79.2007  -36.2936
   -0.7815    0.4384    0.4439
   -0.4469   -0.8898    0.0921
    0.4354   -0.1264    0.8913
...   129 C-G ...
    1.0739   79.3967  -33.3944
   -0.9250   -0.0496    0.3766
   -0.0064   -0.9893   -0.1460
    0.3798   -0.1375    0.9148
...   130 C-G ...
    2.1544   79.3477  -30.2071
   -0.8512   -0.5114    0.1185
    0.4582   -0.8340   -0.3074
    0.2560   -0.2073    0.9442
...   131 A-T ...
    2.6834   78.6552  -26.9817
   -0.5379   -0.8126   -0.2243
    0.8355   -0.4786   -0.2700
    0.1121   -0.3327    0.9364
...   132 A-T ...
    2.6998   77.5298  -23.9679
   -0.0230   -0.9212   -0.3884
    0.9970    0.0078   -0.0775
    0.0744   -0.3890    0.9182
...   133 A-T ...
    2.6302   76.0907  -21.0796
    0.5125   -0.7624   -0.3951
    0.8568    0.4847    0.1759
    0.0574   -0.4286    0.9016
...   134 T-A ...
    2.3075   74.2310  -18.3903
    0.8657   -0.4293   -0.2574
    0.4984    0.7868    0.3641
    0.0462   -0.4435    0.8951
...   135 G-C ...
    1.4353   72.0972  -15.6050
    0.9809    0.0621    0.1843
   -0.1263    0.9241    0.3607
   -0.1479   -0.3771    0.9143
...   136 T-A ...
    0.5279   69.2395  -13.4689
    0.7351    0.4963    0.4618
   -0.6117    0.7792    0.1365
   -0.2921   -0.3828    0.8764
...   137 G-C ...
   -0.1659   67.4108  -10.8095
    0.1800    0.8794    0.4408
   -0.9276    0.3008   -0.2214
   -0.3274   -0.3691    0.8698
...   138 A-T ...
   -0.1322   66.2182   -7.8216
   -0.3749    0.8570    0.3536
   -0.8857   -0.2184   -0.4098
   -0.2739   -0.4668    0.8409
...   139 G-C ...
   -1.0069   65.6077   -4.9424
   -0.8336    0.5218    0.1811
   -0.5170   -0.6220   -0.5881
   -0.1942   -0.5839    0.7883
...   140 C-G ...
   -0.6975   63.9006   -2.2528
   -0.9992    0.0157   -0.0376
    0.0023   -0.8993   -0.4374
   -0.0406   -0.4371    0.8985
...   141 G-C ...
   -3.4383   60.2387    1.0284
   -0.4425    0.2285   -0.8672
    0.1683   -0.9287   -0.3306
   -0.8808   -0.2922    0.3725
...   142 C-G ...
   -6.3289   59.0836    1.6293
   -0.2970   -0.3280   -0.8968
    0.5656   -0.8171    0.1115
   -0.7693   -0.4741    0.4282
...   143 T-A ...
   -8.6769   58.7245    3.6024
   -0.0347   -0.7817   -0.6227
    0.6533   -0.4893    0.5778
   -0.7563   -0.3868    0.5276
...   144 C-G ...
  -11.6545   58.0116    4.7193
    0.2451   -0.9542   -0.1716
    0.6322    0.0231    0.7745
   -0.7350   -0.2983    0.6089
...   145 A-T ...
  -14.1761   56.5671    6.1807
    0.5795   -0.7268    0.3687
    0.3139    0.6165    0.7220
   -0.7521   -0.3027    0.5855
...   146 C-G ...
  -16.4651   53.8951    7.5153
    0.5336   -0.3331    0.7774
   -0.0346    0.9098    0.4136
   -0.8450   -0.2476    0.4739
...   147 A-T ...
  -19.0173   52.0376    8.9261
    0.2452    0.2907    0.9249
   -0.3073    0.9281   -0.2103
   -0.9195   -0.2327    0.3169
