  147 base-pairs
...     1 A-T ...
    0.0000    0.0000    0.0000
    1.0000    0.0000    0.0000
    0.0000    1.0000    0.0000
    0.0000    0.0000    1.0000
...     2 G-C ...
   -0.1404   -1.2353    3.2259
    0.7530    0.6366    0.1668
   -0.6385    0.7681   -0.0490
   -0.1593   -0.0696    0.9848
...     3 T-A ...
   -0.0377   -3.2918    6.3749
    0.2722    0.9302    0.2464
   -0.9238    0.3243   -0.2034
   -0.2691   -0.1722    0.9476
...     4 G-C ...
   -0.3520   -4.1638    9.4928
   -0.3756    0.9250    0.0576
   -0.8780   -0.3352   -0.3416
   -0.2967   -0.1788    0.9381
...     5 A-T ...
   -0.4480   -4.1448   12.7498
   -0.8116    0.5839   -0.0166
   -0.5522   -0.7762   -0.3042
   -0.1905   -0.2377    0.9525
...     6 G-C ...
   -1.5926   -4.1701   15.6201
   -0.9976    0.0246   -0.0651
   -0.0043   -0.9555   -0.2950
   -0.0694   -0.2940    0.9533
...     7 C-G ...
   -1.1050   -4.4793   18.7363
   -0.8442   -0.5302   -0.0787
    0.5343   -0.8442   -0.0430
   -0.0437   -0.0784    0.9960
...     8 G-C ...
   -2.4044   -7.7255   23.1483
   -0.2753   -0.3294   -0.9032
    0.6650   -0.7437    0.0686
   -0.6943   -0.5817    0.4238
...     9 C-G ...
   -4.4706   -9.9691   24.1142
    0.1145   -0.7026   -0.7023
    0.8512   -0.2951    0.4341
   -0.5123   -0.6475    0.5642
...    10 T-A ...
   -6.7420  -10.8705   25.9717
    0.4841   -0.8363   -0.2573
    0.6594    0.1554    0.7356
   -0.5752   -0.5257    0.6267
...    11 C-G ...
   -9.1682  -12.6167   27.1662
    0.7073   -0.6683    0.2306
    0.3450    0.6110    0.7125
   -0.6170   -0.4243    0.6627
...    12 A-T ...
  -10.9253  -14.6583   29.0713
    0.7515   -0.1377    0.6452
   -0.2027    0.8824    0.4245
   -0.6278   -0.4498    0.6352
...    13 C-G ...
  -11.8495  -17.4796   31.2472
    0.4294    0.2824    0.8578
   -0.5708    0.8209    0.0155
   -0.6998   -0.4963    0.5137
...    14 A-T ...
  -13.5915  -19.7756   33.4284
   -0.1503    0.6106    0.7775
   -0.6874    0.5007   -0.5261
   -0.7106   -0.6135    0.3445
...    15 A-T ...
  -15.7809  -21.8942   34.4959
   -0.4846    0.8034    0.3461
   -0.4594    0.1029   -0.8822
   -0.7444   -0.5865    0.3192
...    16 T-A ...
  -17.9619  -23.7892   36.2470
   -0.6726    0.7224   -0.1604
   -0.1193   -0.3198   -0.9400
   -0.7303   -0.6131    0.3013
...    17 T-A ...
  -20.3717  -25.6101   37.5770
   -0.6254    0.3992   -0.6704
    0.3003   -0.6699   -0.6790
   -0.7202   -0.6260    0.2991
...    18 T-A ...
  -22.8048  -27.4594   38.4903
   -0.3000    0.0483   -0.9527
    0.5677   -0.7936   -0.2190
   -0.7667   -0.6065    0.2106
...    19 A-T ...
  -25.4109  -29.3186   38.7825
    0.1461   -0.1882   -0.9712
    0.5988   -0.7646    0.2382
   -0.7874   -0.6164    0.0010
...    20 T-A ...
  -28.3558  -30.7639   38.4262
    0.4335   -0.5298   -0.7290
    0.4347   -0.5857    0.6841
   -0.7894   -0.6134   -0.0236
...    21 T-A ...
  -31.0289  -32.6196   38.0194
    0.5996   -0.7666   -0.2297
    0.0972   -0.2151    0.9717
   -0.7944   -0.6050   -0.0545
...    22 C-G ...
  -33.5587  -34.6712   37.7148
    0.5612   -0.7420    0.3667
   -0.2830    0.2443    0.9275
   -0.7778   -0.6243   -0.0729
...    23 G-C ...
  -36.1419  -36.7244   38.1670
    0.3881   -0.4210    0.8199
   -0.5884    0.5716    0.5720
   -0.7094   -0.7043   -0.0259
...    24 C-G ...
  -38.1951  -39.2539   37.9415
    0.0618   -0.0269    0.9977
   -0.7015    0.7099    0.0626
   -0.7100   -0.7038    0.0250
...    25 A-T ...
  -40.8255  -41.2076   37.7339
   -0.3164    0.4053    0.8577
   -0.5965    0.6180   -0.5121
   -0.7376   -0.6736    0.0463
...    26 A-T ...
  -43.1370  -43.5143   38.0523
   -0.5981    0.6753    0.4315
   -0.3095    0.3020   -0.9017
   -0.7392   -0.6729    0.0284
...    27 A-T ...
  -45.4385  -45.7695   38.4974
   -0.6712    0.7253   -0.1529
    0.1022   -0.1138   -0.9882
   -0.7342   -0.6789    0.0023
...    28 G-C ...
  -48.1193  -47.7478   38.9322
   -0.4589    0.6213   -0.6351
    0.4136   -0.4833   -0.7716
   -0.7863   -0.6168   -0.0352
...    29 G-C ...
  -51.1717  -49.3816   38.8840
   -0.0653    0.3509   -0.9341
    0.5772   -0.7503   -0.3222
   -0.8140   -0.5603   -0.1535
...    30 C-G ...
  -54.1047  -50.6456   38.1798
    0.3154   -0.0415   -0.9481
    0.4950   -0.8452    0.2016
   -0.8096   -0.5329   -0.2460
...    31 C-G ...
  -56.9167  -52.0748   37.1279
    0.6091   -0.4313   -0.6656
    0.2101   -0.7215    0.6598
   -0.7648   -0.5417   -0.3489
...    32 G-C ...
  -58.9322  -54.0170   35.9583
    0.7114   -0.6670   -0.2214
   -0.1714   -0.4702    0.8658
   -0.6816   -0.5779   -0.4488
...    33 G-C ...
  -60.6269  -56.2926   34.0983
    0.5328   -0.7939    0.2930
   -0.5758   -0.0864    0.8130
   -0.6201   -0.6019   -0.5031
...    34 C-G ...
  -62.2881  -58.4493   32.2966
    0.1424   -0.7040    0.6958
   -0.7928    0.3398    0.5060
   -0.5926   -0.6237   -0.5097
...    35 C-G ...
  -64.0529  -60.8626   30.6956
   -0.3290   -0.3954    0.8576
   -0.7493    0.6619    0.0178
   -0.5747   -0.6368   -0.5141
...    36 C-G ...
  -65.8205  -63.2094   29.0693
   -0.6647    0.0425    0.7459
   -0.4565    0.7673   -0.4505
   -0.5914   -0.6399   -0.4906
...    37 G-C ...
  -67.8337  -64.6222   26.6477
   -0.7619    0.5032    0.4078
    0.0121    0.6406   -0.7678
   -0.6476   -0.5800   -0.4941
...    38 A-T ...
  -69.6714  -66.5813   25.0464
   -0.6060    0.7904   -0.0894
    0.4734    0.2681   -0.8390
   -0.6392   -0.5508   -0.5367
...    39 C-G ...
  -72.0900  -68.1068   23.6428
   -0.2398    0.8580   -0.4543
    0.7134   -0.1617   -0.6819
   -0.6585   -0.4876   -0.5732
...    40 A-T ...
  -74.4321  -69.4885   21.7512
    0.2656    0.7095   -0.6527
    0.7143   -0.5995   -0.3611
   -0.6475   -0.3703   -0.6660
...    41 C-G ...
  -76.6650  -70.0653   19.4719
    0.6368    0.3585   -0.6826
    0.4795   -0.8774   -0.0134
   -0.6037   -0.3188   -0.7307
...    42 G-C ...
  -78.3349  -71.4226   16.9353
    0.8542   -0.1554   -0.4963
    0.0015   -0.9536    0.3012
   -0.5200   -0.2581   -0.8142
...    43 A-T ...
  -79.9326  -72.1701   14.3024
    0.7008   -0.6759   -0.2282
   -0.4978   -0.6925    0.5222
   -0.5109   -0.2523   -0.8217
...    44 C-G ...
  -81.1150  -72.5963   11.2355
    0.3616   -0.9263    0.1059
   -0.8051   -0.2529    0.5365
   -0.4702   -0.2793   -0.8372
...    45 T-A ...
  -82.0305  -73.7203    7.8839
   -0.1417   -0.9190    0.3678
   -0.8788    0.2878    0.3806
   -0.4557   -0.2693   -0.8484
...    46 T-A ...
  -82.9803  -74.6507    4.8765
   -0.5803   -0.6696    0.4635
   -0.6872    0.7080    0.1625
   -0.4370   -0.2242   -0.8711
...    47 A-T ...
  -84.5317  -75.1157    1.9492
   -0.8793   -0.1015    0.4653
   -0.1874    0.9719   -0.1421
   -0.4378   -0.2122   -0.8737
...    48 C-G ...
  -85.9733  -76.4423   -0.7391
   -0.8412    0.4226    0.3373
    0.3025    0.8848   -0.3543
   -0.4482   -0.1960   -0.8722
...    49 T-A ...
  -87.7928  -77.3381   -3.4158
   -0.5217    0.8347    0.1764
    0.6917    0.5349   -0.4852
   -0.4994   -0.1311   -0.8564
...    50 G-C ...
  -89.6335  -77.4332   -6.2534
    0.0101    0.9996    0.0251
    0.8609    0.0041   -0.5088
   -0.5087    0.0268   -0.8605
...    51 T-A ...
  -91.6999  -77.1426   -8.6731
    0.4464    0.8850   -0.1322
    0.7582   -0.4525   -0.4695
   -0.4753    0.1094   -0.8730
...    52 A-T ...
  -93.5254  -75.6169  -11.1524
    0.8451    0.5268   -0.0912
    0.4482   -0.7910   -0.4164
   -0.2915    0.3110   -0.9046
...    53 G-C ...
  -94.6301  -74.2041  -13.8282
    0.9836    0.0621   -0.1696
   -0.0043   -0.9307   -0.3658
   -0.1806    0.3605   -0.9151
...    54 G-C ...
  -94.8684  -72.0230  -16.7902
    0.8540   -0.4525   -0.2569
   -0.5129   -0.8150   -0.2697
   -0.0874    0.3621   -0.9280
...    55 T-A ...
  -94.6141  -70.5945  -19.7257
    0.4822   -0.8035   -0.3492
   -0.8743   -0.4668   -0.1332
   -0.0560    0.3695   -0.9275
...    56 A-T ...
  -94.1780  -69.3243  -22.8514
   -0.0889   -0.9392   -0.3316
   -0.9959    0.0781    0.0460
   -0.0173    0.3343   -0.9423
...    57 T-A ...
  -93.4634  -68.3677  -25.9440
   -0.5713   -0.7660   -0.2948
   -0.8207    0.5317    0.2091
   -0.0035    0.3614   -0.9324
...    58 C-G ...
  -93.3253  -67.4317  -29.1730
   -0.9504   -0.2867   -0.1204
   -0.3109    0.8778    0.3644
    0.0012    0.3837   -0.9234
...    59 T-A ...
  -93.4532  -66.4618  -32.3604
   -0.9745    0.1821    0.1313
    0.2189    0.9005    0.3757
   -0.0498    0.3949   -0.9174
...    60 C-G ...
  -93.6739  -65.1328  -35.4037
   -0.6799    0.6403    0.3574
    0.7297    0.6393    0.2426
   -0.0732    0.4258   -0.9019
...    61 G-C ...
  -93.6366  -63.3438  -38.1271
   -0.2379    0.7663    0.5969
    0.9628    0.2670    0.0409
   -0.1280    0.5844   -0.8013
...    62 A-T ...
  -93.9175  -61.5159  -40.7984
    0.3305    0.7316    0.5963
    0.9409   -0.2057   -0.2691
   -0.0742    0.6500   -0.7563
...    63 G-C ...
  -94.3566  -59.0293  -42.9428
    0.7558    0.4769    0.4486
    0.6544   -0.5257   -0.5435
   -0.0234    0.7044   -0.7095
...    64 C-G ...
  -94.5466  -56.2677  -44.8859
    0.9916    0.0594    0.1150
    0.1244   -0.6832   -0.7196
    0.0359    0.7278   -0.6848
...    65 T-A ...
  -94.3875  -53.5999  -46.8203
    0.9166   -0.3354   -0.2177
   -0.3852   -0.5946   -0.7058
    0.1073    0.7308   -0.6742
...    66 C-G ...
  -93.7988  -51.4547  -49.1762
    0.5443   -0.6389   -0.5437
   -0.8167   -0.2555   -0.5174
    0.1917    0.7256   -0.6609
...    67 G-C ...
  -93.7749  -49.3694  -51.8361
    0.0048   -0.7153   -0.6988
   -0.9696    0.1675   -0.1782
    0.2445    0.6784   -0.6928
...    68 G-C ...
  -92.7356  -47.2196  -54.1675
   -0.5224   -0.5480   -0.6533
   -0.8235    0.5229    0.2199
    0.2211    0.6529   -0.7244
...    69 G-C ...
  -91.8897  -45.2678  -56.7444
   -0.8960   -0.2427   -0.3718
   -0.4157    0.7527    0.5105
    0.1560    0.6120   -0.7754
...    70 A-T ...
  -91.2681  -43.4572  -59.4638
   -0.9696    0.2445   -0.0011
    0.1885    0.7503    0.6337
    0.1558    0.6143   -0.7736
...    71 T-A ...
  -91.0600  -41.8615  -62.3517
   -0.7414    0.5819    0.3342
    0.6550    0.5195    0.5487
    0.1457    0.6257   -0.7663
...    72 C-G ...
  -90.8202  -39.8188  -64.9310
   -0.2309    0.7581    0.6099
    0.9614    0.0815    0.2626
    0.1494    0.6470   -0.7477
...    73 C-G ...
  -90.4930  -37.8023  -67.5064
    0.2546    0.5994    0.7589
    0.9468   -0.3141   -0.0695
    0.1967    0.7362   -0.6475
...    74 G-C ...
  -89.3776  -35.4483  -69.5060
    0.6574    0.2238    0.7196
    0.6960   -0.5465   -0.4658
    0.2890    0.8070   -0.5150
...    75 C-G ...
  -88.6088  -32.3639  -70.8518
    0.9239   -0.1478    0.3529
    0.2126   -0.5686   -0.7947
    0.3181    0.8092   -0.4940
...    76 T-A ...
  -87.2042  -29.4383  -72.0104
    0.8781   -0.4624   -0.1228
   -0.3081   -0.3501   -0.8846
    0.3660    0.8146   -0.4498
...    77 T-A ...
  -85.7654  -26.7393  -73.1139
    0.5572   -0.5691   -0.6047
   -0.7456   -0.0224   -0.6660
    0.3655    0.8220   -0.4368
...    78 T-A ...
  -84.3297  -24.1156  -74.3485
    0.0550   -0.4841   -0.8733
   -0.9273    0.2995   -0.2244
    0.3702    0.8221   -0.4325
...    79 A-T ...
  -83.5597  -21.2301  -75.7189
   -0.4694   -0.1989   -0.8603
   -0.7941    0.5212    0.3128
    0.3862    0.8299   -0.4026
...    80 A-T ...
  -82.0848  -18.7946  -77.2570
   -0.8229    0.1316   -0.5527
   -0.4070    0.5421    0.7351
    0.3964    0.8299   -0.3926
...    81 T-A ...
  -80.6329  -16.4842  -79.1856
   -0.9122    0.3905   -0.1239
    0.0486    0.4034    0.9137
    0.4068    0.8275   -0.3870
...    82 C-G ...
  -79.2676  -13.8424  -80.5526
   -0.7189    0.5127    0.4695
    0.5813    0.0731    0.8104
    0.3812    0.8555   -0.3506
...    83 A-T ...
  -78.1570  -11.0072  -82.0287
   -0.3601    0.3730    0.8551
    0.8831   -0.1592    0.4414
    0.3008    0.9141   -0.2721
...    84 T-A ...
  -77.6825   -7.9421  -82.9186
    0.0831    0.2020    0.9759
    0.9508   -0.3092   -0.0169
    0.2983    0.9293   -0.2178
...    85 G-C ...
  -76.9347   -4.5771  -83.3642
    0.5393   -0.1132    0.8345
    0.7614   -0.3578   -0.5406
    0.3598    0.9269   -0.1068
...    86 T-A ...
  -76.1870   -1.3569  -83.1398
    0.8278   -0.3115    0.4666
    0.4042   -0.2455   -0.8811
    0.3890    0.9180   -0.0773
...    87 T-A ...
  -74.9111    1.5135  -83.1164
    0.8940   -0.4462   -0.0397
   -0.0585   -0.0283   -0.9979
    0.4442    0.8945   -0.0514
...    88 A-T ...
  -73.3001    4.3510  -83.4021
    0.6835   -0.4927   -0.5387
   -0.4916    0.2348   -0.8386
    0.5396    0.8380   -0.0818
...    89 T-A ...
  -71.1440    6.7281  -83.1269
    0.3733   -0.3091   -0.8747
   -0.7524    0.4508   -0.4803
    0.5428    0.8374   -0.0643
...    90 A-T ...
  -69.4797    9.5842  -83.4479
   -0.1250   -0.0379   -0.9914
   -0.8108    0.5798    0.0801
    0.5718    0.8139   -0.1032
...    91 A-T ...
  -67.5046   12.0505  -83.8369
   -0.5381    0.2832   -0.7939
   -0.6196    0.5056    0.6003
    0.5715    0.8149   -0.0966
...    92 C-G ...
  -65.2281   14.4730  -84.7659
   -0.7767    0.5200   -0.3554
   -0.2462    0.2688    0.9312
    0.5798    0.8108   -0.0808
...    93 G-C ...
  -63.6258   17.2923  -84.7798
   -0.8470    0.4874    0.2123
    0.2202   -0.0418    0.9746
    0.4839    0.8722   -0.0720
...    94 G-C ...
  -62.3218   20.2808  -85.1689
   -0.6666    0.3170    0.6747
    0.6226   -0.2609    0.7378
    0.4099    0.9118   -0.0235
...    95 A-T ...
  -61.2395   23.3149  -85.2500
   -0.2279    0.0592    0.9719
    0.8945   -0.3816    0.2330
    0.3847    0.9224    0.0341
...    96 C-G ...
  -60.4986   26.4103  -84.9040
    0.2174   -0.1935    0.9567
    0.8927   -0.3570   -0.2750
    0.3948    0.9138    0.0951
...    97 A-T ...
  -59.3323   29.4445  -84.3593
    0.5908   -0.4661    0.6585
    0.6639   -0.1829   -0.7251
    0.4585    0.8656    0.2014
...    98 C-G ...
  -58.0581   32.2302  -83.0410
    0.8176   -0.5363    0.2095
    0.2982    0.0831   -0.9509
    0.4926    0.8399    0.2279
...    99 T-A ...
  -56.1520   34.8851  -81.5343
    0.8196   -0.4595   -0.3422
   -0.1708    0.3741   -0.9115
    0.5469    0.8055    0.2281
...   100 T-A ...
  -54.1917   37.2465  -80.4734
    0.5912   -0.1633   -0.7898
   -0.5936    0.5749   -0.5632
    0.5460    0.8018    0.2430
...   101 T-A ...
  -52.2091   39.6291  -79.5634
    0.1744    0.1833   -0.9675
   -0.8168    0.5756   -0.0382
    0.5499    0.7969    0.2501
...   102 A-T ...
  -50.5674   42.4181  -78.7868
   -0.3272    0.4467   -0.8327
   -0.7696    0.3853    0.5091
    0.5483    0.8075    0.2177
...   103 T-A ...
  -48.3248   44.8072  -78.6404
   -0.6515    0.5584   -0.5135
   -0.5326    0.1454    0.8338
    0.5403    0.8167    0.2026
...   104 G-C ...
  -46.5992   47.6196  -78.2725
   -0.8867    0.4567    0.0727
   -0.0171   -0.1893    0.9818
    0.4621    0.8692    0.1757
...   105 C-G ...
  -45.4755   50.6558  -77.9522
   -0.7862    0.2417    0.5688
    0.4426   -0.4221    0.7911
    0.4313    0.8737    0.2249
...   106 T-A ...
  -44.3824   53.8428  -77.4174
   -0.4404   -0.0627    0.8956
    0.8021   -0.4755    0.3612
    0.4032    0.8775    0.2597
...   107 T-A ...
  -43.2999   56.7305  -76.6037
    0.0244   -0.3643    0.9310
    0.9149   -0.3672   -0.1677
    0.4030    0.8558    0.3244
...   108 C-G ...
  -42.2005   59.4875  -75.2829
    0.4540   -0.5902    0.6675
    0.7755   -0.1071   -0.6222
    0.4387    0.8001    0.4091
...   109 C-G ...
  -40.9927   62.1735  -73.8580
    0.6967   -0.6833    0.2184
    0.4633    0.1962   -0.8642
    0.5476    0.7033    0.4533
...   110 G-C ...
  -39.0688   64.1261  -72.5974
    0.7497   -0.6018   -0.2753
    0.1215    0.5341   -0.8367
    0.6506    0.5938    0.4735
...   111 G-C ...
  -36.4223   65.4877  -71.0469
    0.6574   -0.2716   -0.7029
   -0.2321    0.8145   -0.5317
    0.7169    0.5127    0.4725
...   112 C-G ...
  -33.6146   66.5895  -69.5654
    0.4180    0.1866   -0.8891
   -0.5163    0.8541   -0.0635
    0.7475    0.4856    0.4533
...   113 T-A ...
  -31.0136   67.9625  -68.1402
    0.1031    0.5991   -0.7940
   -0.6348    0.6542    0.4112
    0.7658    0.4616    0.4477
...   114 C-G ...
  -28.6245   69.6805  -66.7322
   -0.2784    0.8639   -0.4197
   -0.5622    0.2077    0.8005
    0.7787    0.4588    0.4279
...   115 G-C ...
  -26.3248   71.1400  -64.9235
   -0.5727    0.8153    0.0854
   -0.3283   -0.3236    0.8874
    0.7512    0.4802    0.4530
...   116 T-A ...
  -23.9911   73.1459  -63.8099
   -0.6899    0.5158    0.5080
    0.0008   -0.7011    0.7130
    0.7239    0.4923    0.4833
...   117 A-T ...
  -21.7601   75.4038  -62.4626
   -0.6586    0.0092    0.7524
    0.3703   -0.8665    0.3347
    0.6551    0.4991    0.5673
...   118 T-A ...
  -20.0942   77.5632  -60.7840
   -0.4219   -0.4060    0.8107
    0.6230   -0.7794   -0.0662
    0.6587    0.4771    0.5818
...   119 A-T ...
  -18.2008   79.0311  -58.6626
   -0.2483   -0.7905    0.5599
    0.7722   -0.5105   -0.3783
    0.5849    0.3384    0.7372
...   120 A-T ...
  -16.6045   80.0407  -56.0550
    0.1293   -0.9726    0.1932
    0.8080   -0.0095   -0.5891
    0.5748    0.2323    0.7847
...   121 T-A ...
  -15.2566   80.5921  -53.0948
    0.4867   -0.8616   -0.1439
    0.6600    0.4706   -0.5856
    0.5723    0.1901    0.7977
...   122 G-C ...
  -13.3447   80.7188  -50.2733
    0.6949   -0.4910   -0.5254
    0.3387    0.8680   -0.3632
    0.6344    0.0744    0.7694
...   123 T-A ...
  -11.2402   80.3123  -47.8558
    0.7733   -0.0322   -0.6332
    0.0099    0.9992   -0.0387
    0.6339    0.0237    0.7730
...   124 G-C ...
   -9.0148   80.2557  -45.4679
    0.6329    0.5288   -0.5655
   -0.3866    0.8487    0.3609
    0.6708   -0.0098    0.7416
...   125 T-A ...
   -6.5929   79.7588  -43.3446
    0.3506    0.8848   -0.3070
   -0.6484    0.4658    0.6022
    0.6758   -0.0120    0.7370
...   126 C-G ...
   -4.4042   79.7139  -41.0755
   -0.0714    0.9911    0.1124
   -0.7326   -0.1286    0.6684
    0.6769   -0.0346    0.7352
...   127 G-C ...
   -2.6908   79.4047  -38.3907
   -0.4786    0.8063    0.3477
   -0.6395   -0.5914    0.4912
    0.6017    0.0127    0.7986
...   128 A-T ...
   -0.6548   79.2444  -36.0428
   -0.7670    0.3391    0.5447
   -0.2974   -0.9401    0.1664
    0.5685   -0.0343    0.8220
...   129 C-G ...
    1.1685   79.8464  -33.3793
   -0.8467   -0.1798    0.5008
    0.1242   -0.9820   -0.1426
    0.5174   -0.0586    0.8537
...   130 C-G ...
    2.1972   80.1466  -30.1247
   -0.7736   -0.5944    0.2198
    0.5121   -0.7906   -0.3357
    0.3733   -0.1472    0.9159
...   131 A-T ...
    2.5831   79.0331  -26.9738
   -0.5855   -0.7758   -0.2353
    0.7970   -0.4977   -0.3422
    0.1484   -0.3878    0.9097
...   132 A-T ...
    2.7642   77.6718  -24.0255
   -0.0885   -0.8935   -0.4402
    0.9913   -0.0359   -0.1265
    0.0972   -0.4476    0.8889
...   133 A-T ...
    2.6448   76.1380  -21.1083
    0.5046   -0.7639   -0.4024
    0.8604    0.4833    0.1614
    0.0712   -0.4276    0.9011
...   134 T-A ...
    2.3077   74.2307  -18.3903
    0.8657   -0.4293   -0.2574
    0.4984    0.7868    0.3641
    0.0462   -0.4435    0.8951
...   135 G-C ...
    1.4355   72.0970  -15.6050
    0.9809    0.0621    0.1843
   -0.1263    0.9241    0.3607
   -0.1479   -0.3771    0.9143
...   136 T-A ...
    0.5280   69.2393  -13.4689
    0.7351    0.4963    0.4618
   -0.6117    0.7792    0.1365
   -0.2921   -0.3828    0.8764
...   137 G-C ...
   -0.1658   67.4106  -10.8095
    0.1800    0.8794    0.4408
   -0.9276    0.3008   -0.2214
   -0.3274   -0.3691    0.8698
...   138 A-T ...
   -0.1320   66.2180   -7.8216
   -0.3749    0.8570    0.3536
   -0.8857   -0.2184   -0.4098
   -0.2739   -0.4668    0.8409
...   139 G-C ...
   -1.0068   65.6075   -4.9425
   -0.8336    0.5218    0.1811
   -0.5170   -0.6220   -0.5881
   -0.1942   -0.5839    0.7883
...   140 C-G ...
   -0.6974   63.9003   -2.2528
   -0.9992    0.0157   -0.0376
    0.0023   -0.8993   -0.4374
   -0.0406   -0.4371    0.8985
...   141 G-C ...
   -3.4382   60.2385    1.0283
   -0.4425    0.2285   -0.8672
    0.1683   -0.9287   -0.3306
   -0.8808   -0.2922    0.3725
...   142 C-G ...
   -6.3288   59.0834    1.6293
   -0.2970   -0.3280   -0.8968
    0.5656   -0.8171    0.1115
   -0.7693   -0.4741    0.4282
...   143 T-A ...
   -8.6767   58.7243    3.6024
   -0.0347   -0.7817   -0.6227
    0.6533   -0.4893    0.5778
   -0.7563   -0.3868    0.5276
...   144 C-G ...
  -11.6544   58.0114    4.7193
    0.2451   -0.9542   -0.1716
    0.6322    0.0231    0.7745
   -0.7350   -0.2983    0.6089
...   145 A-T ...
  -14.1759   56.5669    6.1807
    0.5795   -0.7268    0.3687
    0.3139    0.6165    0.7220
   -0.7521   -0.3027    0.5855
...   146 C-G ...
  -16.4650   53.8949    7.5153
    0.5336   -0.3331    0.7774
   -0.0346    0.9098    0.4136
   -0.8450   -0.2476    0.4739
...   147 A-T ...
  -19.0171   52.0374    8.9260
    0.2452    0.2907    0.9249
   -0.3073    0.9281   -0.2103
   -0.9195   -0.2327    0.3169
