  147 base-pairs
...     1 A-T ...
    0.0000    0.0000    0.0000
    1.0000    0.0000    0.0000
    0.0000    1.0000    0.0000
    0.0000    0.0000    1.0000
...     2 G-C ...
   -0.1404   -1.2353    3.2259
    0.7530    0.6366    0.1668
   -0.6385    0.7681   -0.0490
   -0.1593   -0.0696    0.9848
...     3 T-A ...
   -0.0377   -3.2918    6.3749
    0.2722    0.9302    0.2464
   -0.9238    0.3243   -0.2034
   -0.2691   -0.1722    0.9476
...     4 G-C ...
   -0.3520   -4.1638    9.4928
   -0.3756    0.9250    0.0576
   -0.8780   -0.3352   -0.3416
   -0.2967   -0.1788    0.9381
...     5 A-T ...
   -0.4480   -4.1448   12.7498
   -0.8116    0.5839   -0.0166
   -0.5522   -0.7762   -0.3042
   -0.1905   -0.2377    0.9525
...     6 G-C ...
   -1.5926   -4.1701   15.6201
   -0.9976    0.0246   -0.0651
   -0.0043   -0.9555   -0.2950
   -0.0694   -0.2940    0.9533
...     7 C-G ...
   -1.1050   -4.4793   18.7363
   -0.8442   -0.5302   -0.0787
    0.5343   -0.8442   -0.0430
   -0.0437   -0.0784    0.9960
...     8 G-C ...
   -2.4044   -7.7255   23.1483
   -0.2753   -0.3294   -0.9032
    0.6650   -0.7437    0.0686
   -0.6943   -0.5817    0.4238
...     9 C-G ...
   -4.4706   -9.9691   24.1142
    0.1145   -0.7026   -0.7023
    0.8512   -0.2951    0.4341
   -0.5123   -0.6475    0.5642
...    10 T-A ...
   -6.7420  -10.8705   25.9717
    0.4841   -0.8363   -0.2573
    0.6594    0.1554    0.7356
   -0.5752   -0.5257    0.6267
...    11 C-G ...
   -9.1682  -12.6167   27.1662
    0.7073   -0.6683    0.2306
    0.3450    0.6110    0.7125
   -0.6170   -0.4243    0.6627
...    12 A-T ...
  -10.9253  -14.6583   29.0713
    0.7515   -0.1377    0.6452
   -0.2027    0.8824    0.4245
   -0.6278   -0.4498    0.6352
...    13 C-G ...
  -11.8495  -17.4796   31.2472
    0.4294    0.2824    0.8578
   -0.5708    0.8209    0.0155
   -0.6998   -0.4963    0.5137
...    14 A-T ...
  -13.5915  -19.7756   33.4284
   -0.1503    0.6106    0.7775
   -0.6874    0.5007   -0.5261
   -0.7106   -0.6135    0.3445
...    15 A-T ...
  -15.6912  -21.8594   34.7571
   -0.5052    0.7812    0.3667
   -0.4764    0.1018   -0.8733
   -0.7195   -0.6159    0.3208
...    16 T-A ...
  -17.7924  -23.7458   36.4164
   -0.6578    0.7455   -0.1072
   -0.1642   -0.2808   -0.9456
   -0.7351   -0.6044    0.3071
...    17 T-A ...
  -20.1847  -25.5350   37.6267
   -0.6053    0.5151   -0.6069
    0.2137   -0.6293   -0.7473
   -0.7668   -0.5819    0.2708
...    18 T-A ...
  -22.7843  -27.1697   38.5844
   -0.3503    0.1485   -0.9248
    0.4924   -0.8107   -0.3167
   -0.7968   -0.5663    0.2108
...    19 A-T ...
  -25.9011  -28.3872   38.9348
    0.1055   -0.1084   -0.9885
    0.5450   -0.8252    0.1487
   -0.8318   -0.5544   -0.0280
...    20 T-A ...
  -28.8883  -29.6209   38.5109
    0.3817   -0.4699   -0.7959
    0.4102   -0.6855    0.6015
   -0.8283   -0.5561   -0.0689
...    21 T-A ...
  -31.6336  -31.2414   37.9827
    0.5557   -0.7553   -0.3473
    0.1175   -0.3423    0.9322
   -0.8230   -0.5589   -0.1014
...    22 C-G ...
  -34.1716  -33.1984   37.4365
    0.5412   -0.8061    0.2394
   -0.2489    0.1184    0.9613
   -0.8032   -0.5798   -0.1366
...    23 G-C ...
  -36.8174  -35.1685   37.4127
    0.3688   -0.5760    0.7295
   -0.5464    0.5006    0.6715
   -0.7520   -0.6462   -0.1302
...    24 C-G ...
  -39.0244  -37.5608   36.8476
    0.0315   -0.2099    0.9772
   -0.6660    0.7247    0.1771
   -0.7453   -0.6564   -0.1170
...    25 A-T ...
  -41.6296  -39.5184   36.4292
   -0.3020    0.2677    0.9150
   -0.5734    0.7157   -0.3987
   -0.7616   -0.6450   -0.0626
...    26 A-T ...
  -43.9315  -41.8102   36.4011
   -0.5836    0.6061    0.5404
   -0.2894    0.4666   -0.8358
   -0.7587   -0.6442   -0.0970
...    27 A-T ...
  -46.3541  -43.9569   36.3598
   -0.6371    0.7708   -0.0004
    0.0924    0.0759   -0.9928
   -0.7653   -0.6325   -0.1196
...    28 G-C ...
  -48.9969  -45.8857   36.2589
   -0.4279    0.7708   -0.4720
    0.4043   -0.3038   -0.8627
   -0.8083   -0.5600   -0.1816
...    29 G-C ...
  -51.9628  -47.4115   35.8660
   -0.0555    0.5851   -0.8091
    0.5482   -0.6594   -0.5145
   -0.8345   -0.4721   -0.2842
...    30 C-G ...
  -54.9175  -48.4334   34.9538
    0.3041    0.2077   -0.9297
    0.4771   -0.8779   -0.0401
   -0.8245   -0.4314   -0.3661
...    31 C-G ...
  -57.7033  -49.4026   33.3420
    0.5992   -0.2116   -0.7722
    0.2132   -0.8875    0.4086
   -0.7717   -0.4095   -0.4866
...    32 G-C ...
  -59.9246  -51.0538   31.5336
    0.7131   -0.5912   -0.3767
   -0.2010   -0.6873    0.6981
   -0.6716   -0.4221   -0.6089
...    33 G-C ...
  -61.7603  -52.4561   29.0733
    0.5460   -0.8335    0.0847
   -0.5857   -0.3074    0.7500
   -0.5991   -0.4590   -0.6560
...    34 C-G ...
  -63.3514  -54.0534   26.6510
    0.1551   -0.8611    0.4843
   -0.8059    0.1733    0.5661
   -0.5714   -0.4781   -0.6671
...    35 C-G ...
  -65.0104  -55.8953   24.3730
   -0.2817   -0.6145    0.7369
   -0.7756    0.5979    0.2022
   -0.5649   -0.5146   -0.6451
...    36 C-G ...
  -66.7261  -57.8532   22.2384
   -0.6269   -0.1740    0.7594
   -0.5031    0.8347   -0.2240
   -0.5949   -0.5225   -0.6108
...    37 G-C ...
  -68.7823  -59.1492   19.9858
   -0.7444    0.3547    0.5658
   -0.0633    0.8060   -0.5885
   -0.6647   -0.4739   -0.5776
...    38 A-T ...
  -70.8765  -60.8043   18.1266
   -0.6186    0.7693    0.1598
    0.3856    0.4745   -0.7913
   -0.6845   -0.4279   -0.5902
...    39 C-G ...
  -73.4316  -62.2748   16.7159
   -0.3070    0.9255   -0.2217
    0.6465    0.0318   -0.7623
   -0.6985   -0.3773   -0.6081
...    40 A-T ...
  -75.8419  -63.3747   14.6989
    0.1882    0.8577   -0.4785
    0.6905   -0.4620   -0.5566
   -0.6985   -0.2257   -0.6791
...    41 C-G ...
  -78.4305  -63.5647   12.7428
    0.5499    0.5364   -0.6402
    0.4954   -0.8266   -0.2671
   -0.6725   -0.1703   -0.7203
...    42 G-C ...
  -80.3240  -64.0948   10.0892
    0.8275    0.0594   -0.5583
    0.0972   -0.9945    0.0382
   -0.5530   -0.0858   -0.8288
...    43 A-T ...
  -81.9326  -64.2127    7.2675
    0.7671   -0.5029   -0.3982
   -0.4058   -0.8612    0.3060
   -0.4969   -0.0732   -0.8647
...    44 C-G ...
  -83.0701  -64.0151    4.1745
    0.4701   -0.8660   -0.1703
   -0.7533   -0.4943    0.4339
   -0.4599   -0.0757   -0.8847
...    45 T-A ...
  -84.1835  -64.2712    1.0818
    0.0347   -0.9941    0.1027
   -0.9070    0.0119    0.4210
   -0.4197   -0.1077   -0.9012
...    46 T-A ...
  -85.1927  -64.6319   -1.9944
   -0.5020   -0.8192    0.2773
   -0.7668    0.5699    0.2953
   -0.4000   -0.0644   -0.9143
...    47 A-T ...
  -86.6731  -64.4715   -4.9839
   -0.8782   -0.3056    0.3678
   -0.2949    0.9516    0.0865
   -0.3765   -0.0325   -0.9259
...    48 C-G ...
  -87.8843  -65.1748   -7.9822
   -0.8998    0.2215    0.3760
    0.1976    0.9750   -0.1015
   -0.3890   -0.0171   -0.9211
...    49 T-A ...
  -89.3974  -65.4468  -10.8948
   -0.6508    0.6813    0.3352
    0.6278    0.7311   -0.2671
   -0.4270    0.0366   -0.9035
...    50 G-C ...
  -90.9150  -65.1212  -13.8267
   -0.1601    0.9490    0.2718
    0.8742    0.2642   -0.4075
   -0.4585    0.1724   -0.8718
...    51 T-A ...
  -92.9352  -64.4776  -16.3069
    0.3195    0.9430    0.0930
    0.8396   -0.2362   -0.4892
   -0.4394    0.2344   -0.8672
...    52 A-T ...
  -94.6520  -63.1073  -18.8321
    0.7609    0.6483    0.0254
    0.5642   -0.6418   -0.5193
   -0.3204    0.4095   -0.8542
...    53 G-C ...
  -95.7041  -61.3756  -21.4112
    0.9662    0.2101   -0.1493
    0.1107   -0.8614   -0.4958
   -0.2328    0.4625   -0.8555
...    54 G-C ...
  -96.0720  -59.3803  -24.1071
    0.9048   -0.3055   -0.2967
   -0.4088   -0.8182   -0.4043
   -0.1193    0.4871   -0.8652
...    55 T-A ...
  -95.9959  -57.3607  -26.7065
    0.5798   -0.6877   -0.4369
   -0.8105   -0.5418   -0.2227
   -0.0836    0.4832   -0.8715
...    56 A-T ...
  -96.3324  -55.8324  -29.6279
    0.0055   -0.8802   -0.4745
   -0.9983   -0.0320    0.0478
   -0.0572    0.4735   -0.8790
...    57 T-A ...
  -95.8186  -54.4058  -32.5659
   -0.4939   -0.7685   -0.4068
   -0.8682    0.4104    0.2790
   -0.0474    0.4910   -0.8699
...    58 C-G ...
  -95.8975  -52.8977  -35.4674
   -0.9035   -0.3957   -0.1646
   -0.4249    0.7773    0.4640
   -0.0556    0.4892   -0.8704
...    59 T-A ...
  -96.1265  -51.5905  -38.4869
   -0.9906    0.0312    0.1329
    0.0926    0.8692    0.4857
   -0.1004    0.4935   -0.8640
...    60 C-G ...
  -96.5004  -50.0733  -41.3487
   -0.7585    0.4990    0.4192
    0.6397    0.6926    0.3333
   -0.1240    0.5210   -0.8445
...    61 G-C ...
  -96.6949  -48.1233  -44.0086
   -0.2897    0.7036    0.6489
    0.9420    0.3295    0.0633
   -0.1693    0.6296   -0.7583
...    62 A-T ...
  -97.3724  -46.0705  -46.4179
    0.2914    0.7222    0.6272
    0.9440   -0.1111   -0.3107
   -0.1548    0.6827   -0.7141
...    63 G-C ...
  -98.1267  -43.6386  -48.4827
    0.7280    0.5045    0.4641
    0.6789   -0.4370   -0.5900
   -0.0948    0.7446   -0.6607
...    64 C-G ...
  -98.5249  -40.8827  -50.2006
    0.9784    0.1536    0.1383
    0.2041   -0.6112   -0.7647
   -0.0329    0.7764   -0.6294
...    65 T-A ...
  -98.4313  -38.0828  -51.9124
    0.9507   -0.2280   -0.2102
   -0.3053   -0.5694   -0.7633
    0.0544    0.7898   -0.6109
...    66 C-G ...
  -97.9971  -35.5019  -53.8407
    0.6117   -0.5349   -0.5828
   -0.7844   -0.3147   -0.5344
    0.1024    0.7841   -0.6121
...    67 G-C ...
  -97.8356  -33.1398  -56.1486
    0.0827   -0.6858   -0.7231
   -0.9823    0.0665   -0.1754
    0.1684    0.7247   -0.6681
...    68 G-C ...
  -96.9358  -30.8963  -58.4890
   -0.4575   -0.5885   -0.6666
   -0.8731    0.4391    0.2117
    0.1681    0.6789   -0.7148
...    69 G-C ...
  -96.1816  -28.8476  -61.0468
   -0.8590   -0.3051   -0.4110
   -0.4961    0.6942    0.5214
    0.1263    0.6519   -0.7478
...    70 A-T ...
  -95.6860  -26.8011  -63.5431
   -0.9904    0.1365   -0.0238
    0.0855    0.7373    0.6702
    0.1090    0.6617   -0.7418
...    71 T-A ...
  -95.5625  -25.1304  -66.3785
   -0.8187    0.4838    0.3094
    0.5623    0.5657    0.6031
    0.1168    0.6678   -0.7352
...    72 C-G ...
  -95.2896  -22.9891  -68.8186
   -0.3625    0.6850    0.6319
    0.9260    0.1878    0.3275
    0.1057    0.7039   -0.7024
...    73 C-G ...
  -95.3607  -20.5733  -71.1669
    0.1484    0.5979    0.7877
    0.9818   -0.1843   -0.0451
    0.1182    0.7801   -0.6144
...    74 G-C ...
  -94.6963  -17.9508  -73.0631
    0.6079    0.2822    0.7422
    0.7697   -0.4391   -0.4635
    0.1951    0.8530   -0.4841
...    75 C-G ...
  -94.2503  -14.9154  -74.1995
    0.9017   -0.0481    0.4298
    0.3512   -0.4984   -0.7926
    0.2523    0.8656   -0.4325
...    76 T-A ...
  -93.3058  -11.9300  -75.1823
    0.9332   -0.3591    0.0158
   -0.1261   -0.3682   -0.9211
    0.3366    0.8576   -0.3889
...    77 T-A ...
  -92.0841   -9.0880  -76.1339
    0.7112   -0.5098   -0.4841
   -0.6067   -0.0972   -0.7890
    0.3552    0.8548   -0.3784
...    78 T-A ...
  -90.6775   -6.3356  -77.1167
    0.2647   -0.4699   -0.8421
   -0.8933    0.2095   -0.3976
    0.3632    0.8575   -0.3643
...    79 C-G ...
  -89.3432   -3.6439  -78.3874
   -0.2976   -0.2781   -0.9133
   -0.8773    0.4570    0.1467
    0.3766    0.8449   -0.3800
...    80 A-T ...
  -88.2761   -0.7828  -79.6237
   -0.7581   -0.0371   -0.6511
   -0.5570    0.5562    0.6168
    0.3393    0.8302   -0.4423
...    81 T-A ...
  -86.9272    1.5146  -81.5723
   -0.9300    0.2545   -0.2653
   -0.1106    0.4945    0.8621
    0.3506    0.8311   -0.4317
...    82 G-C ...
  -85.9174    4.3728  -82.8763
   -0.8700    0.4014    0.2864
    0.4144    0.2804    0.8658
    0.2673    0.8719   -0.4103
...    83 T-A ...
  -85.4695    7.1097  -84.6575
   -0.5561    0.4546    0.6957
    0.7912    0.0335    0.6106
    0.2543    0.8901   -0.3783
...    84 T-A ...
  -84.9189   10.0061  -85.9865
   -0.0485    0.3755    0.9255
    0.9643   -0.2238    0.1414
    0.2602    0.8994   -0.3513
...    85 A-T ...
  -84.4691   13.1911  -86.8462
    0.3899    0.0575    0.9190
    0.8700   -0.3501   -0.3472
    0.3018    0.9349   -0.1866
...    86 T-A ...
  -83.9933   16.4171  -87.0110
    0.7491   -0.1485    0.6456
    0.5789   -0.3270   -0.7469
    0.3221    0.9333   -0.1590
...    87 A-T ...
  -82.8696   19.5480  -86.9517
    0.8722   -0.4429    0.2076
    0.1513   -0.1592   -0.9756
    0.4651    0.8823   -0.0718
...    88 A-T ...
  -81.2743   22.3578  -86.8561
    0.8058   -0.4775   -0.3502
   -0.3324    0.1247   -0.9348
    0.4901    0.8697   -0.0583
...    89 C-G ...
  -79.2849   24.9627  -86.5354
    0.5175   -0.3751   -0.7691
   -0.6762    0.3714   -0.6362
    0.5243    0.8493   -0.0614
...    90 G-C ...
  -77.7275   27.8191  -87.1271
    0.0263   -0.1862   -0.9822
   -0.8149    0.5650   -0.1290
    0.5790    0.8038   -0.1368
...    91 G-C ...
  -75.5325   30.2805  -87.7865
   -0.4399    0.0958   -0.8929
   -0.6882    0.6028    0.4037
    0.5769    0.7921   -0.1992
...    92 A-T ...
  -73.5580   32.7873  -88.5039
   -0.7604    0.4198   -0.4956
   -0.3102    0.4356    0.8450
    0.5706    0.7962   -0.2010
...    93 T-A ...
  -71.6286   35.1342  -89.8000
   -0.8059    0.5920   -0.0125
    0.1017    0.1592    0.9820
    0.5833    0.7901   -0.1885
...    94 A-T ...
  -69.7251   37.7778  -90.3819
   -0.6410    0.5332    0.5521
    0.5324   -0.2091    0.8202
    0.5528    0.8197   -0.1498
...    95 A-T ...
  -68.1562   40.5353  -91.0202
   -0.2608    0.3160    0.9122
    0.7876   -0.4768    0.3904
    0.5583    0.8202   -0.1245
...    96 C-G ...
  -66.8933   43.5189  -91.4395
    0.1300   -0.0104    0.9915
    0.8149   -0.5685   -0.1129
    0.5648    0.8226   -0.0654
...    97 A-T ...
  -65.0670   46.3094  -91.4558
    0.4364   -0.4342    0.7881
    0.6551   -0.4471   -0.6090
    0.6168    0.7821    0.0893
...    98 C-G ...
  -63.3970   48.9665  -90.5804
    0.6620   -0.6463    0.3796
    0.3734   -0.1548   -0.9147
    0.6499    0.7472    0.1389
...    99 T-A ...
  -61.2381   51.2578  -89.6735
    0.7006   -0.7007   -0.1348
    0.0361    0.2235   -0.9740
    0.7127    0.6775    0.1818
...   100 T-A ...
  -58.8765   53.2846  -88.7913
    0.6006   -0.4726   -0.6450
   -0.3330    0.5855   -0.7391
    0.7269    0.6587    0.1942
...   101 T-A ...
  -56.3682   55.1645  -87.9534
    0.3311   -0.0584   -0.9418
   -0.5978    0.7593   -0.2572
    0.7301    0.6482    0.2165
...   102 A-T ...
  -54.1120   57.4986  -87.2417
   -0.0741    0.4146   -0.9070
   -0.6698    0.6531    0.3533
    0.7388    0.6337    0.2293
...   103 T-A ...
  -51.2726   59.1588  -86.8807
   -0.3794    0.7009   -0.6039
   -0.5490    0.3548    0.7567
    0.7447    0.6187    0.2502
...   104 G-C ...
  -48.9817   61.3258  -85.9386
   -0.6717    0.7335   -0.1042
   -0.2483   -0.0904    0.9644
    0.6980    0.6737    0.2429
...   105 C-G ...
  -46.6556   63.6207  -85.5298
   -0.7334    0.5441    0.4074
    0.1325   -0.4734    0.8708
    0.6667    0.6927    0.2751
...   106 T-A ...
  -44.6820   66.1487  -84.7996
   -0.6220    0.1851    0.7609
    0.4734   -0.6851    0.5536
    0.6238    0.7045    0.3385
...   107 T-A ...
  -42.8612   68.6123  -83.7838
   -0.3025   -0.2399    0.9225
    0.7278   -0.6831    0.0610
    0.6155    0.6898    0.3813
...   108 C-G ...
  -41.0040   70.8799  -82.4238
    0.0941   -0.6305    0.7705
    0.7837   -0.4304   -0.4479
    0.6140    0.6459    0.4536
...   109 C-G ...
  -39.2673   72.9869  -80.4672
    0.3903   -0.8395    0.3779
    0.6565   -0.0340   -0.7535
    0.6455    0.5422    0.5379
...   110 G-C ...
  -36.8541   74.4359  -78.7450
    0.5687   -0.8090   -0.1484
    0.4211    0.4414   -0.7923
    0.7065    0.3881    0.5918
...   111 G-C ...
  -34.4042   75.1548  -76.5506
    0.6405   -0.4972   -0.5853
    0.1218    0.8183   -0.5617
    0.7583    0.2885    0.5847
...   112 C-G ...
  -31.7736   75.5954  -74.6130
    0.5870    0.0058   -0.8096
   -0.2026    0.9692   -0.1399
    0.7839    0.2462    0.5701
...   113 T-A ...
  -29.0053   76.0625  -72.8756
    0.3851    0.4993   -0.7762
   -0.4470    0.8367    0.3164
    0.8074    0.2251    0.5454
...   114 C-G ...
  -26.2677   76.7358  -71.2001
    0.0621    0.8960   -0.4397
   -0.5865    0.3892    0.7103
    0.8076    0.2138    0.5496
...   115 G-C ...
  -23.9074   77.4719  -68.9994
   -0.3246    0.9458   -0.0127
   -0.5357   -0.1727    0.8265
    0.7795    0.2751    0.5627
...   116 T-A ...
  -21.0975   78.6095  -67.6500
   -0.5690    0.7212    0.3951
   -0.3154   -0.6352    0.7050
    0.7594    0.2765    0.5889
...   117 A-T ...
  -18.6278   79.7127  -65.7450
   -0.7303    0.2381    0.6403
    0.0321   -0.9243    0.3803
    0.6824    0.2983    0.6673
...   118 T-A ...
  -16.6236   81.3005  -63.7169
   -0.6506   -0.2460    0.7184
    0.3740   -0.9272    0.0212
    0.6609    0.2825    0.6953
...   119 A-T ...
  -15.0353   82.6742  -61.0881
   -0.5464   -0.6983    0.4625
    0.6571   -0.6998   -0.2802
    0.5193    0.1508    0.8412
...   120 A-T ...
  -13.6522   83.1735  -58.2304
   -0.1584   -0.9696    0.1866
    0.8593   -0.2285   -0.4577
    0.4864    0.0878    0.8693
...   121 T-A ...
  -12.7181   83.3744  -55.1197
    0.2498   -0.9642   -0.0891
    0.8421    0.2618   -0.4716
    0.4780    0.0428    0.8773
...   122 G-C ...
  -11.0073   83.1241  -52.2935
    0.5953   -0.6770   -0.4328
    0.6188    0.7298   -0.2905
    0.5125   -0.0949    0.8534
...   123 T-A ...
   -9.6078   82.2019  -49.4626
    0.8158   -0.2167   -0.5363
    0.2529    0.9675   -0.0062
    0.5202   -0.1305    0.8440
...   124 G-C ...
   -7.6842   81.9776  -46.8011
    0.7906    0.3702   -0.4878
   -0.2217    0.9156    0.3354
    0.5708   -0.1570    0.8059
...   125 T-A ...
   -5.5650   80.9502  -44.4398
    0.5706    0.7863   -0.2370
   -0.5951    0.5947    0.5405
    0.5660   -0.1674    0.8072
...   126 C-G ...
   -3.6172   80.3403  -41.8716
    0.1223    0.9841    0.1286
   -0.8235    0.0283    0.5666
    0.5540   -0.1752    0.8139
...   127 G-C ...
   -2.1988   79.5577  -38.9882
   -0.3919    0.8546    0.3408
   -0.7753   -0.5062    0.3776
    0.4952   -0.1162    0.8610
...   128 A-T ...
   -0.4618   79.1533  -36.2729
   -0.7834    0.4292    0.4495
   -0.4355   -0.8951    0.0957
    0.4434   -0.1208    0.8882
...   129 C-G ...
    1.0364   79.3685  -33.3873
   -0.9222   -0.0587    0.3821
    0.0029   -0.9894   -0.1450
    0.3866   -0.1327    0.9126
...   130 C-G ...
    2.1341   79.3394  -30.2063
   -0.8467   -0.5178    0.1226
    0.4634   -0.8307   -0.3085
    0.2616   -0.2044    0.9433
...   131 A-T ...
    2.6689   78.6599  -26.9786
   -0.5350   -0.8149   -0.2227
    0.8369   -0.4752   -0.2717
    0.1156   -0.3317    0.9363
...   132 A-T ...
    2.6935   77.5341  -23.9659
   -0.0215   -0.9211   -0.3887
    0.9968    0.0100   -0.0789
    0.0766   -0.3892    0.9180
...   133 A-T ...
    2.6283   76.0921  -21.0793
    0.5128   -0.7618   -0.3958
    0.8565    0.4854    0.1753
    0.0586   -0.4289    0.9014
...   134 T-A ...
    2.3075   74.2307  -18.3904
    0.8657   -0.4293   -0.2574
    0.4984    0.7868    0.3641
    0.0462   -0.4435    0.8951
...   135 G-C ...
    1.4354   72.0970  -15.6051
    0.9809    0.0621    0.1843
   -0.1263    0.9241    0.3607
   -0.1479   -0.3771    0.9143
...   136 T-A ...
    0.5279   69.2393  -13.4690
    0.7351    0.4963    0.4618
   -0.6117    0.7792    0.1365
   -0.2921   -0.3828    0.8764
...   137 G-C ...
   -0.1659   67.4106  -10.8096
    0.1800    0.8794    0.4408
   -0.9276    0.3008   -0.2214
   -0.3274   -0.3691    0.8698
...   138 A-T ...
   -0.1322   66.2180   -7.8217
   -0.3749    0.8570    0.3536
   -0.8857   -0.2184   -0.4098
   -0.2739   -0.4668    0.8409
...   139 G-C ...
   -1.0069   65.6075   -4.9426
   -0.8336    0.5218    0.1811
   -0.5170   -0.6220   -0.5881
   -0.1942   -0.5839    0.7883
...   140 C-G ...
   -0.6975   63.9004   -2.2529
   -0.9992    0.0157   -0.0376
    0.0023   -0.8993   -0.4374
   -0.0406   -0.4371    0.8985
...   141 G-C ...
   -3.4383   60.2385    1.0283
   -0.4425    0.2285   -0.8672
    0.1683   -0.9287   -0.3306
   -0.8808   -0.2922    0.3725
...   142 C-G ...
   -6.3289   59.0834    1.6292
   -0.2970   -0.3280   -0.8968
    0.5656   -0.8171    0.1115
   -0.7693   -0.4741    0.4282
...   143 T-A ...
   -8.6769   58.7243    3.6023
   -0.0347   -0.7817   -0.6227
    0.6533   -0.4893    0.5778
   -0.7563   -0.3868    0.5276
...   144 C-G ...
  -11.6545   58.0114    4.7192
    0.2451   -0.9542   -0.1716
    0.6322    0.0231    0.7745
   -0.7350   -0.2983    0.6089
...   145 A-T ...
  -14.1761   56.5669    6.1806
    0.5795   -0.7268    0.3687
    0.3139    0.6165    0.7220
   -0.7521   -0.3027    0.5855
...   146 C-G ...
  -16.4651   53.8949    7.5152
    0.5336   -0.3331    0.7774
   -0.0346    0.9098    0.4136
   -0.8450   -0.2476    0.4739
...   147 A-T ...
  -19.0173   52.0374    8.9259
    0.2452    0.2907    0.9249
   -0.3073    0.9281   -0.2103
   -0.9195   -0.2327    0.3169
