  147 base-pairs
...     1 A-T ...
    0.0000    0.0000    0.0000
    1.0000    0.0000    0.0000
    0.0000    1.0000    0.0000
    0.0000    0.0000    1.0000
...     2 G-C ...
   -0.1404   -1.2353    3.2259
    0.7530    0.6366    0.1668
   -0.6385    0.7681   -0.0490
   -0.1593   -0.0696    0.9848
...     3 T-A ...
   -0.0377   -3.2918    6.3749
    0.2722    0.9302    0.2464
   -0.9238    0.3243   -0.2034
   -0.2691   -0.1722    0.9476
...     4 G-C ...
   -0.3520   -4.1638    9.4928
   -0.3756    0.9250    0.0576
   -0.8780   -0.3352   -0.3416
   -0.2967   -0.1788    0.9381
...     5 A-T ...
   -0.4480   -4.1448   12.7498
   -0.8116    0.5839   -0.0166
   -0.5522   -0.7762   -0.3042
   -0.1905   -0.2377    0.9525
...     6 G-C ...
   -1.5926   -4.1701   15.6201
   -0.9976    0.0246   -0.0651
   -0.0043   -0.9555   -0.2950
   -0.0694   -0.2940    0.9533
...     7 C-G ...
   -1.1050   -4.4793   18.7363
   -0.8442   -0.5302   -0.0787
    0.5343   -0.8442   -0.0430
   -0.0437   -0.0784    0.9960
...     8 G-C ...
   -2.4044   -7.7255   23.1483
   -0.2753   -0.3294   -0.9032
    0.6650   -0.7437    0.0686
   -0.6943   -0.5817    0.4238
...     9 C-G ...
   -4.4706   -9.9691   24.1142
    0.1145   -0.7026   -0.7023
    0.8512   -0.2951    0.4341
   -0.5123   -0.6475    0.5642
...    10 T-A ...
   -6.7420  -10.8705   25.9717
    0.4841   -0.8363   -0.2573
    0.6594    0.1554    0.7356
   -0.5752   -0.5257    0.6267
...    11 C-G ...
   -9.1682  -12.6167   27.1662
    0.7073   -0.6683    0.2306
    0.3450    0.6110    0.7125
   -0.6170   -0.4243    0.6627
...    12 A-T ...
  -10.9253  -14.6583   29.0713
    0.7515   -0.1377    0.6452
   -0.2027    0.8824    0.4245
   -0.6278   -0.4498    0.6352
...    13 C-G ...
  -11.8495  -17.4796   31.2472
    0.4294    0.2824    0.8578
   -0.5708    0.8209    0.0155
   -0.6998   -0.4963    0.5137
...    14 A-T ...
  -13.5915  -19.7756   33.4284
   -0.1503    0.6106    0.7775
   -0.6874    0.5007   -0.5261
   -0.7106   -0.6135    0.3445
...    15 A-T ...
  -15.7598  -21.8988   34.5404
   -0.4958    0.7952    0.3491
   -0.4638    0.0974   -0.8805
   -0.7342   -0.5985    0.3206
...    16 T-A ...
  -17.9027  -23.8432   36.3004
   -0.6903    0.7070   -0.1540
   -0.1172   -0.3192   -0.9404
   -0.7140   -0.6311    0.3032
...    17 T-A ...
  -20.2450  -25.7323   37.6479
   -0.6457    0.3792   -0.6627
    0.3166   -0.6568   -0.6843
   -0.6948   -0.6517    0.3041
...    18 T-A ...
  -22.5956  -27.6620   38.6314
   -0.3219    0.0300   -0.9463
    0.6005   -0.7663   -0.2285
   -0.7320   -0.6418    0.2286
...    19 A-T ...
  -25.0876  -29.6371   38.9968
    0.1304   -0.1646   -0.9777
    0.6507   -0.7298    0.2097
   -0.7481   -0.6635    0.0120
...    20 T-A ...
  -27.9359  -31.2589   38.6874
    0.4496   -0.4793   -0.7538
    0.4950   -0.5688    0.6569
   -0.7436   -0.6684   -0.0185
...    21 T-A ...
  -30.4755  -33.3018   38.3043
    0.6634   -0.6927   -0.2830
    0.1553   -0.2426    0.9576
   -0.7320   -0.6793   -0.0534
...    22 C-G ...
  -32.7700  -35.6020   37.9920
    0.6592   -0.6872    0.3054
   -0.2655    0.1673    0.9495
   -0.7036   -0.7070   -0.0722
...    23 G-C ...
  -34.9729  -38.0806   38.4902
    0.4778   -0.4037    0.7802
   -0.6376    0.4516    0.6241
   -0.6044   -0.7956   -0.0416
...    24 C-G ...
  -36.6370  -40.8744   38.2266
    0.1068   -0.0714    0.9917
   -0.7952    0.5926    0.1283
   -0.5969   -0.8023    0.0065
...    25 A-T ...
  -38.9752  -43.1881   38.0861
   -0.3488    0.2954    0.8894
   -0.7098    0.5365   -0.4565
   -0.6120   -0.7905    0.0226
...    26 A-T ...
  -40.8365  -45.8858   38.3448
   -0.7001    0.5234    0.4857
   -0.3849    0.2963   -0.8741
   -0.6014   -0.7989   -0.0060
...    27 A-T ...
  -42.6472  -48.5762   38.6586
   -0.8085    0.5802   -0.0987
    0.1041   -0.0242   -0.9943
   -0.5792   -0.8141   -0.0408
...    28 G-C ...
  -44.8362  -51.1095   38.9507
   -0.5937    0.5440   -0.5929
    0.4982   -0.3301   -0.8018
   -0.6319   -0.7714   -0.0750
...    29 G-C ...
  -47.3896  -53.4353   38.8203
   -0.1556    0.3860   -0.9093
    0.7340   -0.5709   -0.3679
   -0.6611   -0.7246   -0.1945
...    30 C-G ...
  -49.9486  -55.3408   38.1169
    0.3089    0.1047   -0.9453
    0.6927   -0.7058    0.1482
   -0.6517   -0.7006   -0.2906
...    31 C-G ...
  -52.3134  -57.3585   36.9707
    0.6989   -0.2014   -0.6863
    0.3991   -0.6864    0.6079
   -0.5935   -0.6988   -0.3994
...    32 G-C ...
  -53.7224  -59.6631   35.5954
    0.8733   -0.4144   -0.2562
   -0.0288   -0.5689    0.8219
   -0.4864   -0.7104   -0.5087
...    33 G-C ...
  -54.6298  -62.1732   33.5150
    0.7478   -0.6180    0.2426
   -0.5256   -0.3277    0.7851
   -0.4057   -0.7146   -0.5699
...    34 C-G ...
  -55.4458  -64.6253   31.5124
    0.3520   -0.6845    0.6384
   -0.8649    0.0230    0.5014
   -0.3579   -0.7287   -0.5839
...    35 C-G ...
  -56.3054  -67.3514   29.6737
   -0.1972   -0.5651    0.8011
   -0.9274    0.3726    0.0345
   -0.3180   -0.7361   -0.5976
...    36 C-G ...
  -57.1702  -69.9922   27.7922
   -0.6618   -0.2619    0.7024
   -0.6792    0.6061   -0.4140
   -0.3173   -0.7511   -0.5790
...    37 G-C ...
  -58.5340  -71.7199   25.0869
   -0.9092    0.1621    0.3836
   -0.1796    0.6785   -0.7124
   -0.3757   -0.7165   -0.5877
...    38 A-T ...
  -59.4538  -74.0273   23.1894
   -0.8438    0.5308   -0.0793
    0.3890    0.5030   -0.7718
   -0.3699   -0.6821   -0.6309
...    39 C-G ...
  -61.0709  -76.1724   21.4644
   -0.5099    0.7572   -0.4082
    0.7617    0.1768   -0.6233
   -0.3998   -0.6288   -0.6669
...    40 A-T ...
  -62.5939  -78.1308   19.2858
    0.0234    0.8219   -0.5691
    0.9088   -0.2546   -0.3304
   -0.4165   -0.5095   -0.7530
...    41 C-G ...
  -64.2794  -79.2415   16.7655
    0.4996    0.6436   -0.5797
    0.7772   -0.6286   -0.0281
   -0.3825   -0.4365   -0.8143
...    42 G-C ...
  -65.1032  -80.8428   13.9663
    0.8842    0.2449   -0.3978
    0.3531   -0.9079    0.2260
   -0.3058   -0.3403   -0.8892
...    43 A-T ...
  -66.0386  -81.8282   11.1089
    0.9302   -0.3159   -0.1871
   -0.2215   -0.8892    0.4004
   -0.2929   -0.3310   -0.8970
...    44 C-G ...
  -66.6709  -82.2888    7.8943
    0.6975   -0.7113    0.0869
   -0.6774   -0.6150    0.4036
   -0.2336   -0.3404   -0.9108
...    45 T-A ...
  -66.7035  -83.2805    4.3809
    0.2172   -0.9353    0.2794
   -0.9524   -0.1402    0.2708
   -0.2141   -0.3250   -0.9212
...    46 T-A ...
  -66.8302  -84.1266    1.1957
   -0.2833   -0.9021    0.3254
   -0.9367    0.3331    0.1078
   -0.2057   -0.2743   -0.9394
...    47 A-T ...
  -67.7196  -84.7881   -1.9645
   -0.8016   -0.5134    0.3062
   -0.5639    0.8195   -0.1023
   -0.1985   -0.2547   -0.9464
...    48 C-G ...
  -68.1209  -86.2217   -4.9518
   -0.9768   -0.0102    0.2139
   -0.0615    0.9701   -0.2348
   -0.2051   -0.2425   -0.9482
...    49 T-A ...
  -69.0133  -87.4141   -7.9622
   -0.8476    0.5128    0.1360
    0.4536    0.8334   -0.3156
   -0.2752   -0.2058   -0.9391
...    50 G-C ...
  -70.1846  -87.8603  -11.0903
   -0.4271    0.8999    0.0877
    0.8387    0.4306   -0.3334
   -0.3378   -0.0689   -0.9387
...    51 T-A ...
  -71.7895  -88.1324  -13.8379
    0.0285    0.9995    0.0142
    0.9408   -0.0220   -0.3383
   -0.3378    0.0230   -0.9409
...    52 A-T ...
  -73.7971  -87.1188  -16.4781
    0.5211    0.8424    0.1369
    0.8168   -0.4458   -0.3662
   -0.2475    0.3027   -0.9204
...    53 G-C ...
  -74.9754  -85.8807  -19.2028
    0.8601    0.5059    0.0659
    0.4829   -0.7656   -0.4249
   -0.1645    0.3973   -0.9028
...    54 G-C ...
  -75.6754  -83.5242  -21.9591
    0.9969    0.0165   -0.0774
   -0.0194   -0.8970   -0.4415
   -0.0767    0.4417   -0.8939
...    55 T-A ...
  -75.5634  -81.6436  -24.6317
    0.8570   -0.4366   -0.2735
   -0.5131   -0.7719   -0.3755
   -0.0472    0.4621   -0.8856
...    56 A-T ...
  -75.1299  -79.7709  -27.4467
    0.4350   -0.8084   -0.3965
   -0.9003   -0.3831   -0.2067
    0.0152    0.4469   -0.8945
...    57 T-A ...
  -74.3435  -78.0771  -30.1882
   -0.0601   -0.8788   -0.4735
   -0.9981    0.0597    0.0159
    0.0143    0.4735   -0.8807
...    58 C-G ...
  -73.9983  -76.6491  -33.2120
   -0.6436   -0.6633   -0.3818
   -0.7653    0.5623    0.3133
    0.0069    0.4939   -0.8695
...    59 T-A ...
  -73.8897  -75.3100  -36.2557
   -0.9413   -0.3132   -0.1257
   -0.3349    0.8200    0.4642
   -0.0423    0.4790   -0.8768
...    60 C-G ...
  -74.0905  -73.7302  -39.1664
   -0.9657    0.1767    0.1904
    0.2468    0.8529    0.4601
   -0.0810    0.4913   -0.8672
...    61 G-C ...
  -74.3563  -71.6989  -41.6821
   -0.7134    0.4470    0.5396
    0.6637    0.6780    0.3159
   -0.2247    0.5835   -0.7804
...    62 A-T ...
  -74.9081  -69.7922  -44.2427
   -0.2259    0.6834    0.6942
    0.9484    0.3171   -0.0035
   -0.2226    0.6576   -0.7197
...    63 G-C ...
  -76.0611  -67.4832  -46.3113
    0.2843    0.6946    0.6609
    0.9335   -0.0435   -0.3559
   -0.2185    0.7181   -0.6608
...    64 C-G ...
  -77.1836  -64.8631  -48.1237
    0.7654    0.5084    0.3947
    0.6160   -0.4010   -0.6781
   -0.1865    0.7621   -0.6200
...    65 T-A ...
  -77.9697  -62.1486  -49.8229
    0.9795    0.1962    0.0459
    0.1527   -0.5740   -0.8045
   -0.1315    0.7950   -0.5922
...    66 C-G ...
  -78.0616  -59.4023  -51.5836
    0.9170   -0.1655   -0.3630
   -0.3906   -0.5579   -0.7323
   -0.0813    0.8133   -0.5762
...    67 A-T ...
  -78.0080  -56.3021  -53.0443
    0.6049   -0.5039   -0.6166
   -0.7940   -0.3220   -0.5157
    0.0613    0.8015   -0.5948
...    68 T-A ...
  -77.3222  -53.6561  -54.7864
    0.1466   -0.6173   -0.7729
   -0.9863   -0.0314   -0.1620
    0.0758    0.7861   -0.6134
...    69 G-C ...
  -76.7626  -51.0663  -56.9253
   -0.4384   -0.5672   -0.6972
   -0.8973    0.3214    0.3027
    0.0524    0.7583   -0.6499
...    70 T-A ...
  -76.0752  -48.8575  -59.3369
   -0.8376   -0.3228   -0.4406
   -0.5444    0.5591    0.6253
    0.0444    0.7637   -0.6441
...    71 T-A ...
  -75.9244  -46.5823  -61.5414
   -0.9995    0.0114   -0.0308
   -0.0162    0.6451    0.7639
    0.0286    0.7640   -0.6446
...    72 A-T ...
  -75.9254  -43.9271  -63.4986
   -0.8533    0.2886    0.4342
    0.5198    0.5363    0.6650
   -0.0409    0.7931   -0.6077
...    73 T-A ...
  -76.5776  -41.7534  -65.7836
   -0.5018    0.5092    0.6993
    0.8644    0.3252    0.3835
   -0.0321    0.7969   -0.6033
...    74 A-T ...
  -76.7401  -39.0417  -67.6032
    0.0090    0.5015    0.8651
    0.9976    0.0544   -0.0419
   -0.0680    0.8634   -0.4999
...    75 A-T ...
  -77.1545  -36.2801  -69.0442
    0.5186    0.4035    0.7538
    0.8537   -0.1964   -0.4823
   -0.0466    0.8936   -0.4463
...    76 C-G ...
  -77.7874  -33.0418  -69.9058
    0.8866    0.2138    0.4101
    0.4620   -0.3691   -0.8064
   -0.0210    0.9045   -0.4260
...    77 G-C ...
  -77.3213  -30.2007  -71.4092
    0.9886   -0.1507    0.0081
   -0.0478   -0.3634   -0.9304
    0.1431    0.9194   -0.3664
...    78 G-C ...
  -76.2874  -27.2590  -72.4429
    0.8109   -0.4073   -0.4202
   -0.5212   -0.1763   -0.8350
    0.2660    0.8961   -0.3552
...    79 A-T ...
  -75.2195  -24.2752  -73.3905
    0.3568   -0.4379   -0.8252
   -0.8906    0.1072   -0.4420
    0.2821    0.8926   -0.3517
...    80 T-A ...
  -73.6943  -21.5228  -74.4109
   -0.1478   -0.3311   -0.9320
   -0.9468    0.3199    0.0365
    0.2860    0.8877   -0.3607
...    81 C-G ...
  -72.7208  -18.6260  -75.7322
   -0.6771   -0.1045   -0.7284
   -0.6829    0.4582    0.5690
    0.2743    0.8827   -0.3816
...    82 G-C ...
  -72.3805  -15.3789  -76.4999
   -0.9531    0.1021   -0.2849
   -0.2093    0.4575    0.8642
    0.2186    0.8833   -0.4147
...    83 G-C ...
  -71.6356  -12.5189  -78.0047
   -0.9334    0.2659    0.2408
    0.3188    0.3071    0.8967
    0.1644    0.9138   -0.3714
...    84 G-C ...
  -71.3361   -9.5149  -79.4468
   -0.6466    0.2809    0.7092
    0.7590    0.1431    0.6352
    0.0769    0.9490   -0.3057
...    85 A-T ...
  -71.3178   -6.4117  -80.5430
   -0.1023    0.2725    0.9567
    0.9925   -0.0367    0.1166
    0.0669    0.9614   -0.2667
...    86 T-A ...
  -71.7311   -3.2214  -81.2613
    0.4059    0.1827    0.8955
    0.9109   -0.1611   -0.3800
    0.0748    0.9699   -0.2318
...    87 C-G ...
  -71.5956    0.0205  -81.7611
    0.8464    0.0146    0.5323
    0.5218   -0.2215   -0.8238
    0.1059    0.9751   -0.1951
...    88 C-G ...
  -71.3273    3.2592  -82.1792
    0.9728   -0.2187    0.0759
    0.0358   -0.1818   -0.9827
    0.2288    0.9587   -0.1690
...    89 G-C ...
  -70.4196    6.2621  -83.1390
    0.8082   -0.4146   -0.4182
   -0.4557    0.0095   -0.8901
    0.3731    0.9099   -0.1812
...    90 C-G ...
  -68.6852    9.2396  -83.4323
    0.4031   -0.3515   -0.8449
   -0.8236    0.2632   -0.5025
    0.3990    0.8984   -0.1834
...    91 T-A ...
  -66.7775   12.0036  -84.2604
   -0.1214   -0.1474   -0.9816
   -0.8839    0.4659    0.0393
    0.4516    0.8725   -0.1869
...    92 T-A ...
  -64.9646   14.6139  -84.9743
   -0.5831    0.1883   -0.7903
   -0.6585    0.4602    0.5955
    0.4758    0.8676   -0.1444
...    93 T-A ...
  -63.2011   17.2668  -85.6573
   -0.8369    0.4408   -0.3244
   -0.2259    0.2618    0.9383
    0.4985    0.8586   -0.1196
...    94 A-T ...
  -61.4952   20.0756  -85.5993
   -0.8124    0.5186    0.2667
    0.2807   -0.0532    0.9583
    0.5111    0.8534   -0.1024
...    95 A-T ...
  -59.9914   22.8256  -86.0506
   -0.5627    0.3814    0.7334
    0.6559   -0.3339    0.6769
    0.5031    0.8620   -0.0623
...    96 C-G ...
  -58.9116   25.9392  -86.5154
   -0.1807    0.1253    0.9755
    0.8465   -0.4853    0.2191
    0.5008    0.8654   -0.0184
...    97 A-T ...
  -57.4340   28.9030  -86.4105
    0.2265   -0.2629    0.9379
    0.8274   -0.4562   -0.3277
    0.5140    0.8502    0.1142
...    98 C-G ...
  -56.1756   31.8551  -85.5037
    0.5820   -0.4964    0.6441
    0.6153   -0.2489   -0.7479
    0.5316    0.8316    0.1605
...    99 T-A ...
  -54.4367   34.7141  -84.1962
    0.7841   -0.6088    0.1205
    0.2146    0.0837   -0.9731
    0.5823    0.7889    0.1962
...   100 T-A ...
  -52.5237   37.1279  -83.1506
    0.7754   -0.4453   -0.4478
   -0.2583    0.4235   -0.8683
    0.5763    0.7889    0.2134
...   101 T-A ...
  -50.5405   39.5113  -82.2173
    0.5079   -0.1280   -0.8519
   -0.6407    0.6049   -0.4729
    0.5758    0.7860    0.2252
...   102 A-T ...
  -48.7959   42.3135  -81.5695
    0.0312    0.2479   -0.9683
   -0.8122    0.5709    0.1200
    0.5825    0.7827    0.2191
...   103 T-A ...
  -46.3373   44.4428  -81.1382
   -0.3562    0.4733   -0.8056
   -0.7302    0.3970    0.5561
    0.5830    0.7864    0.2042
...   104 G-C ...
  -44.3580   47.0787  -80.7700
   -0.7743    0.5445   -0.3225
   -0.3485    0.0584    0.9355
    0.5282    0.8367    0.1445
...   105 C-G ...
  -42.8562   49.9765  -80.6820
   -0.8647    0.4513    0.2205
    0.1072   -0.2629    0.9588
    0.4907    0.8527    0.1790
...   106 T-A ...
  -41.4099   53.0662  -80.4402
   -0.6842    0.1969    0.7022
    0.5681   -0.4598    0.6825
    0.4573    0.8659    0.2027
...   107 T-A ...
  -40.1222   55.9326  -79.8770
   -0.3020   -0.1369    0.9434
    0.8469   -0.4928    0.1996
    0.4376    0.8593    0.2648
...   108 C-G ...
  -38.9575   58.7956  -78.8342
    0.1506   -0.4671    0.8713
    0.8843   -0.3304   -0.3300
    0.4420    0.8201    0.3633
...   109 C-G ...
  -37.7239   61.5946  -77.6572
    0.4896   -0.6898    0.5333
    0.6990   -0.0552   -0.7130
    0.5213    0.7219    0.4551
...   110 G-C ...
  -35.8823   63.5737  -76.2807
    0.6826   -0.7284    0.0590
    0.4161    0.3209   -0.8508
    0.6008    0.6053    0.5221
...   111 G-C ...
  -33.5339   64.9634  -74.3362
    0.7537   -0.4908   -0.4372
    0.0433    0.7008   -0.7121
    0.6558    0.5177    0.5494
...   112 C-G ...
  -31.0230   66.0314  -72.3731
    0.6412   -0.0541   -0.7654
   -0.3393    0.8747   -0.3461
    0.6882    0.4817    0.5425
...   113 T-A ...
  -28.6487   67.3778  -70.5676
    0.3762    0.4085   -0.8316
   -0.5967    0.7935    0.1199
    0.7089    0.4511    0.5422
...   114 C-G ...
  -26.4273   69.1000  -68.9105
   -0.0374    0.7941   -0.6066
   -0.6797    0.4248    0.5980
    0.7326    0.4346    0.5239
...   115 G-C ...
  -24.3624   70.5969  -66.8530
   -0.4383    0.8828   -0.1691
   -0.5475   -0.1130    0.8292
    0.7128    0.4560    0.5328
...   116 T-A ...
  -21.9814   72.4766  -65.5601
   -0.6831    0.6788    0.2693
   -0.2481   -0.5625    0.7887
    0.6868    0.4720    0.5527
...   117 A-T ...
  -19.6974   74.5453  -64.0468
   -0.7642    0.2136    0.6086
    0.1678   -0.8453    0.5073
    0.6228    0.4898    0.6101
...   118 T-A ...
  -17.9980   76.6980  -62.3623
   -0.5997   -0.2235    0.7684
    0.4991   -0.8550    0.1408
    0.6255    0.4680    0.6243
...   119 A-T ...
  -16.1600   78.1813  -60.1530
   -0.4046   -0.6769    0.6150
    0.7425   -0.6357   -0.2111
    0.5338    0.3712    0.7598
...   120 A-T ...
  -14.7331   79.3630  -57.5128
   -0.0066   -0.9480    0.3182
    0.8596   -0.1679   -0.4826
    0.5109    0.2704    0.8160
...   121 T-A ...
  -13.6283   80.1406  -54.5047
    0.3981   -0.9173    0.0088
    0.7651    0.3267   -0.5549
    0.5062    0.2276    0.8319
...   122 G-C ...
  -11.9620   80.4342  -51.5196
    0.6821   -0.6118   -0.4005
    0.4630    0.7853   -0.4111
    0.5661    0.0949    0.8189
...   123 T-A ...
  -10.1275   80.0825  -48.8797
    0.8167   -0.1687   -0.5518
    0.1150    0.9847   -0.1307
    0.5655    0.0433    0.8236
...   124 G-C ...
   -8.1122   80.0748  -46.2905
    0.7227    0.4166   -0.5515
   -0.3318    0.9091    0.2519
    0.6063    0.0009    0.7952
...   125 T-A ...
   -5.9245   79.5766  -43.9312
    0.4501    0.8224   -0.3478
   -0.6464    0.5688    0.5085
    0.6161   -0.0040    0.7877
...   126 C-G ...
   -3.9101   79.5718  -41.5006
    0.0069    0.9994    0.0326
   -0.7848   -0.0148    0.6195
    0.6197   -0.0298    0.7843
...   127 G-C ...
   -2.4494   79.2985  -38.6377
   -0.4335    0.8538    0.2881
   -0.7053   -0.5205    0.4813
    0.5609    0.0055    0.8278
...   128 A-T ...
   -0.5465   79.1077  -36.1674
   -0.7653    0.4085    0.4974
   -0.3656   -0.9119    0.1864
    0.5297   -0.0392    0.8473
...   129 C-G ...
    1.2059   79.6806  -33.4413
   -0.8738   -0.1146    0.4726
    0.0705   -0.9914   -0.1101
    0.4811   -0.0628    0.8744
...   130 C-G ...
    2.1990   79.9709  -30.1835
   -0.8050   -0.5548    0.2101
    0.4852   -0.8195   -0.3049
    0.3413   -0.1435    0.9289
...   131 A-T ...
    2.6201   78.8937  -27.0383
   -0.5946   -0.7718   -0.2255
    0.7932   -0.5169   -0.3220
    0.1319   -0.3703    0.9195
...   132 A-T ...
    2.7839   77.6005  -24.0587
   -0.0918   -0.8994   -0.4274
    0.9922   -0.0461   -0.1162
    0.0848   -0.4347    0.8966
...   133 A-T ...
    2.6372   76.1032  -21.1220
    0.5025   -0.7702   -0.3928
    0.8622    0.4798    0.1624
    0.0634   -0.4203    0.9052
...   134 T-A ...
    2.3077   74.2306  -18.3903
    0.8657   -0.4293   -0.2574
    0.4984    0.7868    0.3641
    0.0462   -0.4435    0.8951
...   135 G-C ...
    1.4355   72.0969  -15.6050
    0.9809    0.0621    0.1843
   -0.1263    0.9241    0.3607
   -0.1479   -0.3771    0.9143
...   136 T-A ...
    0.5280   69.2391  -13.4689
    0.7351    0.4963    0.4618
   -0.6117    0.7792    0.1365
   -0.2921   -0.3828    0.8764
...   137 G-C ...
   -0.1658   67.4104  -10.8095
    0.1800    0.8794    0.4408
   -0.9276    0.3008   -0.2214
   -0.3274   -0.3691    0.8698
...   138 A-T ...
   -0.1320   66.2178   -7.8217
   -0.3749    0.8570    0.3536
   -0.8857   -0.2184   -0.4098
   -0.2739   -0.4668    0.8409
...   139 G-C ...
   -1.0068   65.6073   -4.9425
   -0.8336    0.5218    0.1811
   -0.5170   -0.6220   -0.5881
   -0.1942   -0.5839    0.7883
...   140 C-G ...
   -0.6973   63.9002   -2.2529
   -0.9992    0.0157   -0.0376
    0.0023   -0.8993   -0.4374
   -0.0406   -0.4371    0.8985
...   141 G-C ...
   -3.4381   60.2384    1.0283
   -0.4425    0.2285   -0.8672
    0.1683   -0.9287   -0.3306
   -0.8808   -0.2922    0.3725
...   142 C-G ...
   -6.3287   59.0832    1.6293
   -0.2970   -0.3280   -0.8968
    0.5656   -0.8171    0.1115
   -0.7693   -0.4741    0.4282
...   143 T-A ...
   -8.6767   58.7241    3.6023
   -0.0347   -0.7817   -0.6227
    0.6533   -0.4893    0.5778
   -0.7563   -0.3868    0.5276
...   144 C-G ...
  -11.6543   58.0112    4.7192
    0.2451   -0.9542   -0.1716
    0.6322    0.0231    0.7745
   -0.7350   -0.2983    0.6089
...   145 A-T ...
  -14.1759   56.5667    6.1806
    0.5795   -0.7268    0.3687
    0.3139    0.6165    0.7220
   -0.7521   -0.3027    0.5855
...   146 C-G ...
  -16.4650   53.8948    7.5152
    0.5336   -0.3331    0.7774
   -0.0346    0.9098    0.4136
   -0.8450   -0.2476    0.4739
...   147 A-T ...
  -19.0171   52.0373    8.9260
    0.2452    0.2907    0.9249
   -0.3073    0.9281   -0.2103
   -0.9195   -0.2327    0.3169
