  147 base-pairs
...     1 A-T ...
    0.0000    0.0000    0.0000
    1.0000    0.0000    0.0000
    0.0000    1.0000    0.0000
    0.0000    0.0000    1.0000
...     2 G-C ...
   -0.1404   -1.2353    3.2259
    0.7530    0.6366    0.1668
   -0.6385    0.7681   -0.0490
   -0.1593   -0.0696    0.9848
...     3 T-A ...
   -0.0377   -3.2918    6.3749
    0.2722    0.9302    0.2464
   -0.9238    0.3243   -0.2034
   -0.2691   -0.1722    0.9476
...     4 G-C ...
   -0.3520   -4.1638    9.4928
   -0.3756    0.9250    0.0576
   -0.8780   -0.3352   -0.3416
   -0.2967   -0.1788    0.9381
...     5 A-T ...
   -0.4480   -4.1448   12.7498
   -0.8116    0.5839   -0.0166
   -0.5522   -0.7762   -0.3042
   -0.1905   -0.2377    0.9525
...     6 G-C ...
   -1.5926   -4.1701   15.6201
   -0.9976    0.0246   -0.0651
   -0.0043   -0.9555   -0.2950
   -0.0694   -0.2940    0.9533
...     7 C-G ...
   -1.1050   -4.4793   18.7363
   -0.8442   -0.5302   -0.0787
    0.5343   -0.8442   -0.0430
   -0.0437   -0.0784    0.9960
...     8 G-C ...
   -2.4044   -7.7255   23.1483
   -0.2753   -0.3294   -0.9032
    0.6650   -0.7437    0.0686
   -0.6943   -0.5817    0.4238
...     9 C-G ...
   -4.4706   -9.9691   24.1142
    0.1145   -0.7026   -0.7023
    0.8512   -0.2951    0.4341
   -0.5123   -0.6475    0.5642
...    10 T-A ...
   -6.7420  -10.8705   25.9717
    0.4841   -0.8363   -0.2573
    0.6594    0.1554    0.7356
   -0.5752   -0.5257    0.6267
...    11 C-G ...
   -9.1682  -12.6167   27.1662
    0.7073   -0.6683    0.2306
    0.3450    0.6110    0.7125
   -0.6170   -0.4243    0.6627
...    12 A-T ...
  -10.9253  -14.6583   29.0713
    0.7515   -0.1377    0.6452
   -0.2027    0.8824    0.4245
   -0.6278   -0.4498    0.6352
...    13 C-G ...
  -11.8495  -17.4796   31.2472
    0.4294    0.2824    0.8578
   -0.5708    0.8209    0.0155
   -0.6998   -0.4963    0.5137
...    14 A-T ...
  -13.5915  -19.7756   33.4284
   -0.1503    0.6106    0.7775
   -0.6874    0.5007   -0.5261
   -0.7106   -0.6135    0.3445
...    15 A-T ...
  -15.6894  -21.8603   34.7593
   -0.5060    0.7804    0.3673
   -0.4768    0.1017   -0.8731
   -0.7188   -0.6169    0.3206
...    16 T-A ...
  -17.7873  -23.7513   36.4193
   -0.6596    0.7441   -0.1062
   -0.1641   -0.2804   -0.9457
   -0.7335   -0.6064    0.3071
...    17 T-A ...
  -20.1729  -25.5481   37.6331
   -0.6081    0.5132   -0.6056
    0.2152   -0.6278   -0.7480
   -0.7641   -0.5853    0.2713
...    18 T-A ...
  -22.7636  -27.1944   38.5963
   -0.3530    0.1474   -0.9240
    0.4960   -0.8079   -0.3183
   -0.7934   -0.5706    0.2121
...    19 A-T ...
  -25.8749  -28.4249   38.9563
    0.1037   -0.1056   -0.9890
    0.5505   -0.8221    0.1455
   -0.8284   -0.5595   -0.0271
...    20 T-A ...
  -28.8547  -29.6765   38.5376
    0.3829   -0.4648   -0.7983
    0.4166   -0.6844    0.5984
   -0.8245   -0.5617   -0.0684
...    21 T-A ...
  -31.5881  -31.3161   38.0117
    0.5616   -0.7487   -0.3521
    0.1231   -0.3452    0.9304
   -0.8182   -0.5659   -0.1018
...    22 C-G ...
  -34.1067  -33.2946   37.4631
    0.5508   -0.8013    0.2334
   -0.2472    0.1105    0.9627
   -0.7972   -0.5879   -0.1372
...    23 G-C ...
  -36.7231  -35.3020   37.4362
    0.3794   -0.5755    0.7245
   -0.5507    0.4888    0.6766
   -0.7435   -0.6557   -0.1315
...    24 C-G ...
  -38.8949  -37.7245   36.8690
    0.0385   -0.2159    0.9756
   -0.6762    0.7132    0.1845
   -0.7357   -0.6668   -0.1186
...    25 A-T ...
  -41.4701  -39.7202   36.4520
   -0.3029    0.2560    0.9180
   -0.5868    0.7089   -0.3913
   -0.7509   -0.6572   -0.0645
...    26 A-T ...
  -43.7315  -42.0527   36.4166
   -0.5931    0.5911    0.5467
   -0.3002    0.4677   -0.8313
   -0.7471   -0.6572   -0.0999
...    27 A-T ...
  -46.1125  -44.2464   36.3668
   -0.6526    0.7576    0.0069
    0.0888    0.0855   -0.9924
   -0.7525   -0.6470   -0.1231
...    28 G-C ...
  -48.7136  -46.2306   36.2556
   -0.4455    0.7650   -0.4652
    0.4095   -0.2880   -0.8657
   -0.7962   -0.5761   -0.1850
...    29 G-C ...
  -51.6423  -47.8256   35.8588
   -0.0699    0.5904   -0.8040
    0.5631   -0.6420   -0.5204
   -0.8234   -0.4891   -0.2876
...    30 C-G ...
  -54.5725  -48.9120   34.9451
    0.2986    0.2236   -0.9278
    0.4987   -0.8655   -0.0481
   -0.8137   -0.4483   -0.3700
...    31 C-G ...
  -57.3366  -49.9332   33.3294
    0.6050   -0.1878   -0.7738
    0.2367   -0.8855    0.3999
   -0.7602   -0.4251   -0.4913
...    32 G-C ...
  -59.5097  -51.6208   31.4986
    0.7310   -0.5657   -0.3816
   -0.1818   -0.7005    0.6901
   -0.6577   -0.4351   -0.6149
...    33 G-C ...
  -61.2907  -53.0512   29.0148
    0.5719   -0.8167    0.0767
   -0.5777   -0.3346    0.7445
   -0.5824   -0.4701   -0.6631
...    34 C-G ...
  -62.8174  -54.6744   26.5699
    0.1820   -0.8612    0.4746
   -0.8132    0.1396    0.5650
   -0.5528   -0.4888   -0.6749
...    35 C-G ...
  -64.4035  -56.5507   24.2687
   -0.2635   -0.6328    0.7281
   -0.7969    0.5682    0.2054
   -0.5436   -0.5260   -0.6540
...    36 C-G ...
  -66.0420  -58.5442   22.1074
   -0.6248   -0.2057    0.7532
   -0.5314    0.8188   -0.2172
   -0.5721   -0.5360   -0.6208
...    37 G-C ...
  -68.0366  -59.8824   19.8254
   -0.7617    0.3198    0.5634
   -0.0885    0.8101   -0.5795
   -0.6418   -0.4913   -0.5888
...    38 A-T ...
  -70.0489  -61.5945   17.9269
   -0.6492    0.7431    0.1623
    0.3749    0.4982   -0.7818
   -0.6618   -0.4467   -0.6020
...    39 C-G ...
  -72.5305  -63.1464   16.4715
   -0.3406    0.9154   -0.2146
    0.6529    0.0660   -0.7546
   -0.6766   -0.3971   -0.6201
...    40 A-T ...
  -74.8710  -64.3208   14.4156
    0.1594    0.8701   -0.4664
    0.7150   -0.4275   -0.5532
   -0.6807   -0.2453   -0.6903
...    41 C-G ...
  -77.4248  -64.5920   12.4258
    0.5357    0.5662   -0.6264
    0.5321   -0.8024   -0.2702
   -0.6556   -0.1885   -0.7312
...    42 G-C ...
  -79.2626  -65.1628    9.7431
    0.8327    0.1018   -0.5443
    0.1389   -0.9899    0.0273
   -0.5361   -0.0984   -0.8384
...    43 A-T ...
  -80.8177  -65.3116    6.8949
    0.7953   -0.4633   -0.3910
   -0.3725   -0.8823    0.2878
   -0.4783   -0.0833   -0.8743
...    44 C-G ...
  -81.9061  -65.1229    3.7858
    0.5121   -0.8415   -0.1722
   -0.7379   -0.5337    0.4132
   -0.4396   -0.0845   -0.8942
...    45 T-A ...
  -82.9449  -65.3883    0.6691
    0.0791   -0.9927    0.0910
   -0.9148   -0.0360    0.4024
   -0.3962   -0.1151   -0.9109
...    46 T-A ...
  -83.8723  -65.7559   -2.4318
   -0.4681   -0.8457    0.2563
   -0.7990    0.5290    0.2858
   -0.3773   -0.0710   -0.9234
...    47 A-T ...
  -85.2967  -65.6211   -5.4497
   -0.8712   -0.3515    0.3428
   -0.3414    0.9355    0.0916
   -0.3529   -0.0372   -0.9349
...    48 C-G ...
  -86.4023  -66.3385   -8.4860
   -0.9182    0.1737    0.3560
    0.1536    0.9845   -0.0841
   -0.3651   -0.0225   -0.9307
...    49 T-A ...
  -87.8267  -66.6411  -11.4399
   -0.6911    0.6450    0.3262
    0.5989    0.7636   -0.2412
   -0.4046    0.0287   -0.9140
...    50 G-C ...
  -89.2756  -66.3495  -14.4084
   -0.2130    0.9365    0.2785
    0.8713    0.3110   -0.3796
   -0.4421    0.1618   -0.8822
...    51 T-A ...
  -91.2543  -65.7715  -16.9373
    0.2706    0.9560    0.1135
    0.8636   -0.1889   -0.4674
   -0.4254    0.2245   -0.8767
...    52 A-T ...
  -92.9706  -64.4462  -19.4883
    0.7266    0.6846    0.0588
    0.6114   -0.6051   -0.5100
   -0.3136    0.4065   -0.8581
...    53 G-C ...
  -94.0248  -62.7273  -22.0732
    0.9588    0.2604   -0.1136
    0.1703   -0.8468   -0.5039
   -0.2274    0.4638   -0.8563
...    54 G-C ...
  -94.4006  -60.7065  -24.7486
    0.9291   -0.2546   -0.2683
   -0.3520   -0.8314   -0.4301
   -0.1135    0.4940   -0.8620
...    55 T-A ...
  -94.3342  -58.6460  -27.3136
    0.6303   -0.6503   -0.4240
   -0.7726   -0.5791   -0.2602
   -0.0764    0.4916   -0.8675
...    56 A-T ...
  -94.6157  -57.0913  -30.2242
    0.0729   -0.8730   -0.4823
   -0.9962   -0.0865    0.0060
   -0.0469    0.4800   -0.8760
...    57 T-A ...
  -94.0594  -55.6050  -33.1240
   -0.4336   -0.7896   -0.4342
   -0.9003    0.3593    0.2458
   -0.0380    0.4975   -0.8666
...    58 C-G ...
  -94.1004  -54.0744  -36.0136
   -0.8724   -0.4428   -0.2070
   -0.4867    0.7477    0.4517
   -0.0452    0.4948   -0.8678
...    59 T-A ...
  -94.2696  -52.7503  -39.0289
   -0.9957   -0.0245    0.0888
    0.0229    0.8679    0.4963
   -0.0893    0.4962   -0.8636
...    60 C-G ...
  -94.5994  -51.2268  -41.8926
   -0.8030    0.4526    0.3877
    0.5849    0.7232    0.3673
   -0.1142    0.5217   -0.8454
...    61 G-C ...
  -94.7736  -49.2652  -44.5436
   -0.3577    0.6809    0.6391
    0.9186    0.3796    0.1097
   -0.1679    0.6263   -0.7613
...    62 A-T ...
  -95.4479  -47.2334  -46.9707
    0.2213    0.7316    0.6449
    0.9624   -0.0570   -0.2656
   -0.1576    0.6794   -0.7167
...    63 G-C ...
  -96.2341  -44.8289  -49.0542
    0.6757    0.5396    0.5023
    0.7300   -0.3946   -0.5581
   -0.1029    0.7438   -0.6605
...    64 C-G ...
  -96.6993  -42.0864  -50.7743
    0.9603    0.2056    0.1886
    0.2756   -0.5932   -0.7564
   -0.0436    0.7784   -0.6263
...    65 T-A ...
  -96.6712  -39.2724  -52.4630
    0.9715   -0.1743   -0.1607
   -0.2332   -0.5797   -0.7808
    0.0429    0.7960   -0.6038
...    66 C-G ...
  -96.2763  -36.6588  -54.3529
    0.6708   -0.4973   -0.5502
   -0.7358   -0.3537   -0.5774
    0.0925    0.7922   -0.6032
...    67 G-C ...
  -96.1091  -34.2798  -56.6403
    0.1608   -0.6773   -0.7180
   -0.9729    0.0136   -0.2307
    0.1661    0.7356   -0.6567
...    68 G-C ...
  -95.1967  -31.9864  -58.9264
   -0.3852   -0.6108   -0.6918
   -0.9067    0.3901    0.1604
    0.1719    0.6890   -0.7041
...    69 G-C ...
  -94.4083  -29.8981  -61.4408
   -0.8152   -0.3512   -0.4606
   -0.5634    0.6652    0.4899
    0.1344    0.6589   -0.7401
...    70 A-T ...
  -93.8800  -27.8259  -63.9084
   -0.9931    0.0821   -0.0835
    0.0047    0.7404    0.6721
    0.1170    0.6671   -0.7357
...    71 T-A ...
  -93.6765  -26.1499  -66.7365
   -0.8609    0.4387    0.2576
    0.4932    0.5954    0.6343
    0.1249    0.6731   -0.7289
...    72 C-G ...
  -93.3719  -23.9975  -69.1629
   -0.4368    0.6652    0.6055
    0.8927    0.2378    0.3828
    0.1107    0.7078   -0.6977
...    73 C-G ...
  -93.4257  -21.5934  -71.5228
    0.0671    0.6067    0.7921
    0.9912   -0.1316    0.0168
    0.1145    0.7839   -0.6102
...    74 G-C ...
  -92.7842  -18.9486  -73.3932
    0.5442    0.3167    0.7769
    0.8194   -0.3995   -0.4111
    0.1802    0.8603   -0.4769
...    75 C-G ...
  -92.4293  -15.8999  -74.5232
    0.8736    0.0013    0.4867
    0.4268   -0.4829   -0.7646
    0.2340    0.8757   -0.4224
...    76 T-A ...
  -91.5804  -12.8742  -75.4666
    0.9474   -0.3098    0.0799
   -0.0463   -0.3799   -0.9239
    0.3166    0.8716   -0.3742
...    77 T-A ...
  -90.4459   -9.9796  -76.3635
    0.7670   -0.4765   -0.4297
   -0.5466   -0.1343   -0.8266
    0.3361    0.8689   -0.3634
...    78 T-A ...
  -89.1159   -7.1687  -77.2824
    0.3449   -0.4647   -0.8155
   -0.8732    0.1600   -0.4604
    0.3444    0.8709   -0.3506
...    79 A-T ...
  -88.0650   -4.2814  -78.5131
   -0.2251   -0.3060   -0.9250
   -0.9062    0.4146    0.0833
    0.3580    0.8570   -0.3706
...    80 A-T ...
  -86.6246   -1.6747  -79.8161
   -0.6801   -0.0006   -0.7331
   -0.6318    0.5078    0.5856
    0.3720    0.8615   -0.3457
...    81 C-G ...
  -85.1855    0.8250  -81.4369
   -0.9117    0.2428   -0.3316
   -0.2018    0.4385    0.8758
    0.3580    0.8653   -0.3508
...    82 A-T ...
  -84.0463    3.7440  -82.4667
   -0.9041    0.3588    0.2320
    0.3315    0.2463    0.9108
    0.2697    0.9003   -0.3416
...    83 C-G ...
  -83.5754    6.5888  -84.0475
   -0.6279    0.4012    0.6669
    0.7375    0.0330    0.6745
    0.2486    0.9154   -0.3166
...    84 T-A ...
  -83.1581    9.6660  -85.1224
   -0.2025    0.2896    0.9355
    0.9531   -0.1611    0.2562
    0.2250    0.9435   -0.2434
...    85 T-A ...
  -82.7220   12.7763  -85.8738
    0.3288    0.1222    0.9365
    0.9144   -0.2893   -0.2832
    0.2363    0.9494   -0.2069
...    86 T-A ...
  -82.1774   15.9219  -86.3446
    0.7539   -0.0917    0.6505
    0.6017   -0.3010   -0.7398
    0.2637    0.9492   -0.1718
...    87 C-G ...
  -81.2415   19.0025  -86.6725
    0.9422   -0.3025    0.1437
    0.0942   -0.1723   -0.9805
    0.3214    0.9374   -0.1339
...    88 A-T ...
  -79.9836   22.0483  -87.0414
    0.8031   -0.4629   -0.3752
   -0.3898    0.0681   -0.9184
    0.4507    0.8838   -0.1258
...    89 T-A ...
  -78.1206   24.7458  -86.8830
    0.5082   -0.3763   -0.7747
   -0.7259    0.2971   -0.6204
    0.4636    0.8776   -0.1221
...    90 G-C ...
  -76.6124   27.5960  -87.5771
   -0.0117   -0.2239   -0.9745
   -0.8639    0.4931   -0.1029
    0.5036    0.8407   -0.1992
...    91 T-A ...
  -74.4507   29.9858  -88.3371
   -0.4526    0.0487   -0.8904
   -0.7342    0.5463    0.4031
    0.5060    0.8362   -0.2115
...    92 T-A ...
  -72.5629   32.4955  -89.1877
   -0.7670    0.3741   -0.5213
   -0.3624    0.4178    0.8331
    0.5295    0.8279   -0.1848
...    93 A-T ...
  -70.8348   35.2895  -89.6280
   -0.8421    0.5357    0.0619
    0.1443    0.1132    0.9830
    0.5196    0.8368   -0.1726
...    94 T-A ...
  -69.4062   38.0055  -90.8193
   -0.6632    0.5207    0.5377
    0.5331   -0.1755    0.8276
    0.5253    0.8355   -0.1612
...    95 A-T ...
  -67.9173   40.9062  -91.3975
   -0.3431    0.2473    0.9062
    0.8064   -0.4172    0.4192
    0.4817    0.8745   -0.0562
...    96 A-T ...
  -66.6268   43.8611  -91.5526
    0.1208   -0.0501    0.9914
    0.8643   -0.4860   -0.1298
    0.4883    0.8725   -0.0154
...    97 C-G ...
  -65.5651   46.9295  -91.2772
    0.4970   -0.3373    0.7995
    0.7012   -0.3867   -0.5990
    0.5112    0.8583    0.0443
...    98 G-C ...
  -63.5947   49.5663  -91.0514
    0.6912   -0.6244    0.3638
    0.3815   -0.1124   -0.9175
    0.6138    0.7730    0.1605
...    99 G-C ...
  -61.4153   51.8968  -89.9846
    0.7184   -0.6741   -0.1718
    0.0173    0.2642   -0.9643
    0.6954    0.6898    0.2015
...   100 A-T ...
  -59.0157   53.9632  -89.2302
    0.5764   -0.4327   -0.6932
   -0.3624    0.6249   -0.6915
    0.7324    0.6498    0.2034
...   101 T-A ...
  -56.3079   55.5392  -88.2151
    0.3296   -0.0617   -0.9421
   -0.5910    0.7647   -0.2568
    0.7363    0.6414    0.2156
...   102 A-T ...
  -54.0355   57.8580  -87.5010
   -0.0707    0.4169   -0.9062
   -0.6639    0.6583    0.3547
    0.7444    0.6267    0.2303
...   103 T-A ...
  -51.1817   59.4925  -87.1369
   -0.3734    0.7055   -0.6024
   -0.5459    0.3579    0.7575
    0.7500    0.6117    0.2515
...   104 G-C ...
  -48.8719   61.6369  -86.1889
   -0.6656    0.7392   -0.1028
   -0.2495   -0.0906    0.9641
    0.7034    0.6674    0.2447
...   105 C-G ...
  -46.5273   63.9112  -85.7742
   -0.7295    0.5489    0.4081
    0.1281   -0.4764    0.8698
    0.6719    0.6868    0.2772
...   106 T-A ...
  -44.5358   66.4223  -85.0355
   -0.6216    0.1879    0.7604
    0.4675   -0.6899    0.5526
    0.6285    0.6991    0.3410
...   107 T-A ...
  -42.6991   68.8695  -84.0097
   -0.3061   -0.2402    0.9212
    0.7227   -0.6885    0.0607
    0.6196    0.6844    0.3844
...   108 C-G ...
  -40.8298   71.1193  -82.6375
    0.0877   -0.6332    0.7690
    0.7818   -0.4346   -0.4471
    0.6173    0.6404    0.4569
...   109 C-G ...
  -39.0840   73.2073  -80.6684
    0.3837   -0.8431    0.3767
    0.6585   -0.0362   -0.7517
    0.6475    0.5365    0.5413
...   110 G-C ...
  -36.6663   74.6347  -78.9344
    0.5644   -0.8120   -0.1489
    0.4264    0.4412   -0.7897
    0.7069    0.3822    0.5952
...   111 G-C ...
  -34.2200   75.3337  -76.7292
    0.6398   -0.4990   -0.5845
    0.1283    0.8192   -0.5589
    0.7577    0.2826    0.5882
...   112 C-G ...
  -31.5950   75.7556  -74.7796
    0.5900    0.0051   -0.8074
   -0.1971    0.9707   -0.1378
    0.7830    0.2404    0.5737
...   113 T-A ...
  -28.8318   76.2036  -73.0291
    0.3906    0.4997   -0.7731
   -0.4442    0.8379    0.3171
    0.8063    0.2196    0.5493
...   114 C-G ...
  -26.0986   76.8580  -71.3391
    0.0680    0.8970   -0.4368
   -0.5877    0.3899    0.7090
    0.8062    0.2085    0.5536
...   115 G-C ...
  -23.7447   77.5763  -69.1255
   -0.3205    0.9472   -0.0117
   -0.5401   -0.1726    0.8237
    0.7781    0.2703    0.5669
...   116 T-A ...
  -20.9369   78.6991  -67.7603
   -0.5679    0.7225    0.3943
   -0.3213   -0.6356    0.7020
    0.7578    0.2720    0.5931
...   117 A-T ...
  -18.4730   79.7899  -65.8409
   -0.7326    0.2396    0.6371
    0.0266   -0.9252    0.3786
    0.6801    0.2943    0.6714
...   118 T-A ...
  -16.4738   81.3660  -63.7990
   -0.6552   -0.2450    0.7146
    0.3705   -0.9286    0.0213
    0.6584    0.2787    0.6992
...   119 A-T ...
  -14.8943   82.7279  -61.1588
   -0.5510   -0.6973    0.4586
    0.6561   -0.7015   -0.2783
    0.5157    0.1476    0.8440
...   120 A-T ...
  -13.5237   83.2181  -58.2933
   -0.1622   -0.9694    0.1843
    0.8607   -0.2304   -0.4540
    0.4826    0.0850    0.8717
...   121 T-A ...
  -12.6036   83.4118  -55.1777
    0.2476   -0.9647   -0.0893
    0.8450    0.2601   -0.4673
    0.4741    0.0403    0.8796
...   122 G-C ...
  -10.9074   83.1543  -52.3434
    0.5955   -0.6780   -0.4308
    0.6220    0.7286   -0.2869
    0.5084   -0.0972    0.8556
...   123 T-A ...
   -9.5238   82.2260  -49.5066
    0.8176   -0.2181   -0.5329
    0.2553    0.9669   -0.0041
    0.5161   -0.1326    0.8462
...   124 G-C ...
   -7.6134   81.9940  -46.8362
    0.7934    0.3687   -0.4843
   -0.2210    0.9159    0.3352
    0.5672   -0.1589    0.8081
...   125 T-A ...
   -5.5066   80.9601  -44.4673
    0.5732    0.7851   -0.2344
   -0.5958    0.5958    0.5386
    0.5625   -0.1691    0.8093
...   126 C-G ...
   -3.5700   80.3457  -41.8920
    0.1240    0.9838    0.1293
   -0.8254    0.0299    0.5637
    0.5508   -0.1766    0.8158
...   127 G-C ...
   -2.1635   79.5622  -39.0030
   -0.3913    0.8553    0.3397
   -0.7774   -0.5048    0.3753
    0.4924   -0.1173    0.8624
...   128 A-T ...
   -0.4361   79.1555  -36.2819
   -0.7839    0.4304    0.4475
   -0.4372   -0.8944    0.0944
    0.4409   -0.1216    0.8893
...   129 C-G ...
    1.0546   79.3682  -33.3916
   -0.9231   -0.0575    0.3801
    0.0018   -0.9894   -0.1452
    0.3844   -0.1333    0.9135
...   130 C-G ...
    2.1452   79.3367  -30.2079
   -0.8474   -0.5169    0.1211
    0.4631   -0.8312   -0.3077
    0.2598   -0.2047    0.9437
...   131 A-T ...
    2.6759   78.6566  -26.9799
   -0.5351   -0.8147   -0.2232
    0.8370   -0.4756   -0.2707
    0.1144   -0.3317    0.9364
...   132 A-T ...
    2.6967   77.5319  -23.9666
   -0.0214   -0.9212   -0.3885
    0.9969    0.0098   -0.0781
    0.0758   -0.3889    0.9181
...   133 A-T ...
    2.6293   76.0913  -21.0793
    0.5129   -0.7620   -0.3954
    0.8565    0.4854    0.1756
    0.0581   -0.4288    0.9015
...   134 T-A ...
    2.3075   74.2308  -18.3903
    0.8657   -0.4293   -0.2574
    0.4984    0.7868    0.3641
    0.0462   -0.4435    0.8951
...   135 G-C ...
    1.4353   72.0970  -15.6050
    0.9809    0.0621    0.1843
   -0.1263    0.9241    0.3607
   -0.1479   -0.3771    0.9143
...   136 T-A ...
    0.5279   69.2393  -13.4689
    0.7351    0.4963    0.4618
   -0.6117    0.7792    0.1365
   -0.2921   -0.3828    0.8764
...   137 G-C ...
   -0.1660   67.4106  -10.8095
    0.1800    0.8794    0.4408
   -0.9276    0.3008   -0.2214
   -0.3274   -0.3691    0.8698
...   138 A-T ...
   -0.1322   66.2180   -7.8217
   -0.3749    0.8570    0.3536
   -0.8857   -0.2184   -0.4098
   -0.2739   -0.4668    0.8409
...   139 G-C ...
   -1.0070   65.6075   -4.9425
   -0.8336    0.5218    0.1811
   -0.5170   -0.6220   -0.5881
   -0.1942   -0.5839    0.7883
...   140 C-G ...
   -0.6975   63.9004   -2.2529
   -0.9992    0.0157   -0.0376
    0.0023   -0.8993   -0.4374
   -0.0406   -0.4371    0.8985
...   141 G-C ...
   -3.4383   60.2386    1.0283
   -0.4425    0.2285   -0.8672
    0.1683   -0.9287   -0.3306
   -0.8808   -0.2922    0.3725
...   142 C-G ...
   -6.3289   59.0834    1.6293
   -0.2970   -0.3280   -0.8968
    0.5656   -0.8171    0.1115
   -0.7693   -0.4741    0.4282
...   143 T-A ...
   -8.6769   58.7243    3.6024
   -0.0347   -0.7817   -0.6227
    0.6533   -0.4893    0.5778
   -0.7563   -0.3868    0.5276
...   144 C-G ...
  -11.6545   58.0114    4.7193
    0.2451   -0.9542   -0.1716
    0.6322    0.0231    0.7745
   -0.7350   -0.2983    0.6089
...   145 A-T ...
  -14.1761   56.5669    6.1806
    0.5795   -0.7268    0.3687
    0.3139    0.6165    0.7220
   -0.7521   -0.3027    0.5855
...   146 C-G ...
  -16.4652   53.8950    7.5152
    0.5336   -0.3331    0.7774
   -0.0346    0.9098    0.4136
   -0.8450   -0.2476    0.4739
...   147 A-T ...
  -19.0173   52.0374    8.9260
    0.2452    0.2907    0.9249
   -0.3073    0.9281   -0.2103
   -0.9195   -0.2327    0.3169
