  147 base-pairs
...     1 A-T ...
    0.0000    0.0000    0.0000
    1.0000    0.0000    0.0000
    0.0000    1.0000    0.0000
    0.0000    0.0000    1.0000
...     2 G-C ...
   -0.1404   -1.2353    3.2259
    0.7530    0.6366    0.1668
   -0.6385    0.7681   -0.0490
   -0.1593   -0.0696    0.9848
...     3 T-A ...
   -0.0377   -3.2918    6.3749
    0.2722    0.9302    0.2464
   -0.9238    0.3243   -0.2034
   -0.2691   -0.1722    0.9476
...     4 G-C ...
   -0.3520   -4.1638    9.4928
   -0.3756    0.9250    0.0576
   -0.8780   -0.3352   -0.3416
   -0.2967   -0.1788    0.9381
...     5 A-T ...
   -0.4480   -4.1448   12.7498
   -0.8116    0.5839   -0.0166
   -0.5522   -0.7762   -0.3042
   -0.1905   -0.2377    0.9525
...     6 G-C ...
   -1.5926   -4.1701   15.6201
   -0.9976    0.0246   -0.0651
   -0.0043   -0.9555   -0.2950
   -0.0694   -0.2940    0.9533
...     7 C-G ...
   -1.1050   -4.4793   18.7363
   -0.8442   -0.5302   -0.0787
    0.5343   -0.8442   -0.0430
   -0.0437   -0.0784    0.9960
...     8 G-C ...
   -2.4044   -7.7255   23.1483
   -0.2753   -0.3294   -0.9032
    0.6650   -0.7437    0.0686
   -0.6943   -0.5817    0.4238
...     9 C-G ...
   -4.4706   -9.9691   24.1142
    0.1145   -0.7026   -0.7023
    0.8512   -0.2951    0.4341
   -0.5123   -0.6475    0.5642
...    10 T-A ...
   -6.7420  -10.8705   25.9717
    0.4841   -0.8363   -0.2573
    0.6594    0.1554    0.7356
   -0.5752   -0.5257    0.6267
...    11 C-G ...
   -9.1682  -12.6167   27.1662
    0.7073   -0.6683    0.2306
    0.3450    0.6110    0.7125
   -0.6170   -0.4243    0.6627
...    12 A-T ...
  -10.9253  -14.6583   29.0713
    0.7515   -0.1377    0.6452
   -0.2027    0.8824    0.4245
   -0.6278   -0.4498    0.6352
...    13 C-G ...
  -11.8495  -17.4796   31.2472
    0.4294    0.2824    0.8578
   -0.5708    0.8209    0.0155
   -0.6998   -0.4963    0.5137
...    14 A-T ...
  -13.5915  -19.7756   33.4284
   -0.1503    0.6106    0.7775
   -0.6874    0.5007   -0.5261
   -0.7106   -0.6135    0.3445
...    15 A-T ...
  -15.7668  -21.8944   34.5339
   -0.4940    0.7971    0.3473
   -0.4629    0.0970   -0.8811
   -0.7360   -0.5960    0.3210
...    16 T-A ...
  -17.9174  -23.8272   36.2949
   -0.6872    0.7093   -0.1572
   -0.1170   -0.3215   -0.9396
   -0.7170   -0.6273    0.3039
...    17 T-A ...
  -20.2726  -25.7016   37.6420
   -0.6416    0.3808   -0.6658
    0.3144   -0.6612   -0.6812
   -0.6996   -0.6463    0.3045
...    18 T-A ...
  -22.6393  -27.6161   38.6181
   -0.3172    0.0285   -0.9479
    0.5955   -0.7719   -0.2225
   -0.7381   -0.6350    0.2279
...    19 A-T ...
  -25.1466  -29.5842   38.9874
    0.1349   -0.1821   -0.9740
    0.6419   -0.7327    0.2259
   -0.7548   -0.6557    0.0180
...    20 T-A ...
  -28.0120  -31.1830   38.6912
    0.4485   -0.5003   -0.7406
    0.4832   -0.5613    0.6718
   -0.7519   -0.6592   -0.0100
...    21 T-A ...
  -30.5746  -33.2001   38.3353
    0.6522   -0.7127   -0.2583
    0.1412   -0.2206    0.9651
   -0.7448   -0.6659   -0.0432
...    22 C-G ...
  -32.9186  -35.4586   38.0646
    0.6388   -0.6935    0.3332
   -0.2730    0.2005    0.9409
   -0.7193   -0.6920   -0.0613
...    23 G-C ...
  -35.2101  -37.8429   38.5951
    0.4570   -0.3931    0.7979
   -0.6309    0.4891    0.6023
   -0.6270   -0.7786   -0.0245
...    24 C-G ...
  -36.9575  -40.5922   38.3904
    0.0933   -0.0432    0.9947
   -0.7778    0.6206    0.0999
   -0.6216   -0.7830    0.0243
...    25 A-T ...
  -39.3664  -42.8341   38.2731
   -0.3483    0.3371    0.8746
   -0.6850    0.5453   -0.4830
   -0.6398   -0.7674    0.0410
...    26 A-T ...
  -41.3302  -45.4503   38.5910
   -0.6842    0.5671    0.4585
   -0.3638    0.2794   -0.8886
   -0.6320   -0.7748    0.0151
...    27 A-T ...
  -43.2534  -48.0512   38.9788
   -0.7815    0.6105   -0.1286
    0.1121   -0.0654   -0.9915
   -0.6137   -0.7893   -0.0173
...    28 G-C ...
  -45.5581  -50.4717   39.3442
   -0.5622    0.5487   -0.6187
    0.4894   -0.3824   -0.7838
   -0.6667   -0.7434   -0.0536
...    29 G-C ...
  -48.2294  -52.6680   39.2666
   -0.1278    0.3579   -0.9250
    0.7076   -0.6206   -0.3379
   -0.6950   -0.6977   -0.1739
...    30 C-G ...
  -50.8739  -54.4651   38.5880
    0.3226    0.0495   -0.9452
    0.6520   -0.7356    0.1839
   -0.6862   -0.6756   -0.2696
...    31 C-G ...
  -53.3315  -56.4008   37.4892
    0.6919   -0.2711   -0.6691
    0.3521   -0.6824    0.6406
   -0.6303   -0.6788   -0.3767
...    32 G-C ...
  -54.8671  -58.6845   36.2075
    0.8465   -0.4813   -0.2275
   -0.0732   -0.5285    0.8458
   -0.5273   -0.6993   -0.4827
...    33 G-C ...
  -55.9353  -61.2226   34.2371
    0.7004   -0.6569    0.2792
   -0.5539   -0.2535    0.7931
   -0.4502   -0.7101   -0.5414
...    34 C-G ...
  -56.9290  -63.6919   32.3389
    0.2945   -0.6779    0.6736
   -0.8648    0.1109    0.4897
   -0.4067   -0.7267   -0.5536
...    35 C-G ...
  -57.9887  -66.4231   30.6168
   -0.2476   -0.5091    0.8243
   -0.8950    0.4461    0.0067
   -0.3711   -0.7361   -0.5661
...    36 C-G ...
  -59.0445  -69.0732   28.8421
   -0.6864   -0.1722    0.7065
   -0.6229    0.6406   -0.4491
   -0.3753   -0.7483   -0.5470
...    37 G-C ...
  -60.5213  -70.8088   26.2037
   -0.8937    0.2582    0.3668
   -0.1155    0.6577   -0.7444
   -0.4335   -0.7077   -0.5580
...    38 A-T ...
  -61.6308  -73.1137   24.4047
   -0.7928    0.5992   -0.1116
    0.4363    0.4300   -0.7904
   -0.4257   -0.6753   -0.6023
...    39 C-G ...
  -63.4235  -75.1812   22.7643
   -0.4365    0.7809   -0.4468
    0.7775    0.0776   -0.6240
   -0.4526   -0.6198   -0.6411
...    40 A-T ...
  -65.1157  -77.0864   20.6573
    0.1034    0.7893   -0.6052
    0.8819   -0.3541   -0.3112
   -0.4600   -0.5016   -0.7327
...    41 C-G ...
  -66.8906  -78.1464   18.1747
    0.5623    0.5647   -0.6042
    0.7121   -0.7020    0.0067
   -0.4203   -0.4340   -0.7968
...    42 G-C ...
  -67.8568  -79.7816   15.4387
    0.9055    0.1344   -0.4025
    0.2570   -0.9284    0.2683
   -0.3376   -0.3464   -0.8752
...    43 A-T ...
  -68.8800  -80.7929   12.6167
    0.8915   -0.4210   -0.1675
   -0.3155   -0.8421    0.4374
   -0.3251   -0.3371   -0.8836
...    44 C-G ...
  -69.5569  -81.3326    9.4215
    0.6148   -0.7794    0.1205
   -0.7412   -0.5188    0.4260
   -0.2696   -0.3512   -0.8966
...    45 T-A ...
  -69.7027  -82.4570    5.9492
    0.1091   -0.9419    0.3176
   -0.9620   -0.0196    0.2723
   -0.2502   -0.3352   -0.9083
...    46 T-A ...
  -69.9365  -83.4091    2.8007
   -0.3909   -0.8483    0.3572
   -0.8891    0.4484    0.0916
   -0.2379   -0.2818   -0.9295
...    47 A-T ...
  -70.9249  -84.0342   -0.3483
   -0.8644   -0.3935    0.3131
   -0.4503    0.8828   -0.1337
   -0.2238   -0.2565   -0.9403
...    48 C-G ...
  -71.4869  -85.4926   -3.2962
   -0.9706    0.1270    0.2045
    0.0703    0.9620   -0.2638
   -0.2302   -0.2416   -0.9427
...    49 T-A ...
  -72.5173  -86.6316   -6.2854
   -0.7701    0.6277    0.1135
    0.5657    0.7543   -0.3332
   -0.2947   -0.1924   -0.9360
...    50 G-C ...
  -73.7382  -86.9995   -9.4121
   -0.2977    0.9525    0.0648
    0.8915    0.3016   -0.3379
   -0.3414   -0.0428   -0.9389
...    51 T-A ...
  -75.3591  -87.1091  -12.1627
    0.1694    0.9855   -0.0050
    0.9290   -0.1614   -0.3331
   -0.3291    0.0518   -0.9429
...    52 A-T ...
  -77.2193  -85.8447  -14.8222
    0.6357    0.7606    0.1315
    0.7461   -0.5618   -0.3574
   -0.1980    0.3253   -0.9246
...    53 G-C ...
  -78.1973  -84.4812  -17.5680
    0.9251    0.3740    0.0659
    0.3659   -0.8313   -0.4183
   -0.1016    0.4111   -0.9059
...    54 G-C ...
  -78.5199  -82.0746  -20.3458
    0.9877   -0.1365   -0.0764
   -0.1563   -0.8852   -0.4383
   -0.0078    0.4448   -0.8956
...    55 T-A ...
  -78.1191  -80.2385  -23.0256
    0.7782   -0.5647   -0.2747
   -0.6275   -0.6830   -0.3738
    0.0235    0.4633   -0.8859
...    56 A-T ...
  -77.4374  -78.4644  -25.8480
    0.2968   -0.8644   -0.4059
   -0.9517   -0.2327   -0.2002
    0.0786    0.4457   -0.8917
...    57 T-A ...
  -76.4930  -76.8567  -28.6211
   -0.2284   -0.8373   -0.4967
   -0.9705    0.2360    0.0485
    0.0767    0.4932   -0.8665
...    58 T-A ...
  -75.9169  -75.3451  -31.4682
   -0.7358   -0.5392   -0.4098
   -0.6705    0.6651    0.3288
    0.0952    0.5167   -0.8509
...    59 C-G ...
  -75.6769  -73.3952  -34.1465
   -0.9895   -0.0670   -0.1280
   -0.1237    0.8502    0.5117
    0.0745    0.5221   -0.8496
...    60 A-T ...
  -75.2291  -71.6625  -36.9913
   -0.9059    0.3351    0.2589
    0.4220    0.7644    0.4875
   -0.0345    0.5509   -0.8339
...    61 T-A ...
  -75.7249  -70.1741  -39.8116
   -0.5930    0.6259    0.5065
    0.8019    0.5155    0.3019
   -0.0721    0.5852   -0.8077
...    62 G-C ...
  -76.3678  -68.0847  -42.5240
   -0.0556    0.7182    0.6936
    0.9945    0.1014   -0.0254
   -0.0886    0.6884   -0.7199
...    63 T-A ...
  -77.3568  -65.7407  -44.6385
    0.4417    0.6431    0.6256
    0.8937   -0.2540   -0.3699
   -0.0790    0.7225   -0.6869
...    64 T-A ...
  -77.6795  -63.2873  -46.5640
    0.8358    0.3745    0.4016
    0.5479   -0.5213   -0.6543
   -0.0357    0.7668   -0.6409
...    65 A-T ...
  -77.5709  -60.7017  -48.5709
    0.9952   -0.0375    0.0903
    0.0490   -0.6077   -0.7927
    0.0846    0.7933   -0.6029
...    66 T-A ...
  -77.1781  -57.7690  -49.8574
    0.8977   -0.3159   -0.3071
   -0.4330   -0.5041   -0.7472
    0.0812    0.8038   -0.5893
...    67 A-T ...
  -76.9217  -55.1647  -51.9058
    0.5037   -0.5729   -0.6465
   -0.8528   -0.2103   -0.4781
    0.1380    0.7922   -0.5945
...    68 A-T ...
  -76.2834  -52.6107  -53.6978
   -0.0353   -0.5926   -0.8047
   -0.9899    0.1314   -0.0533
    0.1373    0.7947   -0.5912
...    69 C-G ...
  -75.0941  -50.1345  -55.7865
   -0.5562   -0.4188   -0.7178
   -0.8196    0.4193    0.3905
    0.1374    0.8055   -0.5764
...    70 G-C ...
  -75.0504  -47.4796  -57.6580
   -0.9239   -0.2027   -0.3247
   -0.3794    0.5962    0.7075
    0.0501    0.7769   -0.6277
...    71 G-C ...
  -75.0670  -45.1056  -59.9223
   -0.9895    0.0540    0.1338
    0.1374    0.6352    0.7600
   -0.0439    0.7705   -0.6360
...    72 A-T ...
  -75.4187  -42.7210  -62.0665
   -0.7349    0.3578    0.5760
    0.6713    0.5042    0.5433
   -0.0961    0.7860   -0.6107
...    73 C-G ...
  -76.3639  -40.4733  -64.2800
   -0.2889    0.5151    0.8070
    0.9490    0.2651    0.1706
   -0.1261    0.8151   -0.5654
...    74 T-A ...
  -77.4390  -37.8156  -66.0441
    0.2444    0.4838    0.8404
    0.9617   -0.0096   -0.2741
   -0.1245    0.8751   -0.4676
...    75 C-G ...
  -77.7712  -34.8191  -67.3142
    0.7295    0.3430    0.5918
    0.6755   -0.2253   -0.7021
   -0.1075    0.9119   -0.3961
...    76 G-C ...
  -77.6670  -31.8702  -68.6642
    0.9595    0.0138    0.2812
    0.2727   -0.2947   -0.9159
    0.0702    0.9555   -0.2865
...    77 A-T ...
  -77.4021  -28.6917  -69.5282
    0.9475   -0.2037   -0.2465
   -0.2921   -0.2375   -0.9264
    0.1301    0.9498   -0.2845
...    78 G-C ...
  -76.6624  -25.5429  -70.2098
    0.6707   -0.3364   -0.6611
   -0.7198   -0.0797   -0.6896
    0.1793    0.9383   -0.2956
...    79 C-G ...
  -75.5698  -22.4327  -71.0470
    0.1391   -0.3549   -0.9245
   -0.9689    0.1442   -0.2012
    0.2047    0.9237   -0.3238
...    80 T-A ...
  -74.6096  -19.4728  -72.1018
   -0.3744   -0.2511   -0.8926
   -0.9024    0.3202    0.2884
    0.2134    0.9135   -0.3464
...    81 C-G ...
  -74.0825  -16.4845  -73.3338
   -0.8223   -0.0510   -0.5668
   -0.5307    0.4284    0.7313
    0.2056    0.9021   -0.3793
...    82 G-C ...
  -73.8418  -13.2171  -73.9867
   -0.9899    0.1261   -0.0651
   -0.0085    0.4054    0.9141
    0.1417    0.9054   -0.4002
...    83 G-C ...
  -73.3894  -10.2819  -75.4560
   -0.8559    0.2562    0.4492
    0.5077    0.2516    0.8239
    0.0981    0.9333   -0.3455
...    84 G-C ...
  -73.3528   -7.2018  -76.7606
   -0.4781    0.2412    0.8445
    0.8779    0.1020    0.4678
    0.0267    0.9651   -0.2606
...    85 A-T ...
  -73.5141   -4.0429  -77.6579
    0.1033    0.2155    0.9710
    0.9943   -0.0468   -0.0954
    0.0249    0.9754   -0.2191
...    86 T-A ...
  -74.0200   -0.8151  -78.0915
    0.5847    0.1280    0.8011
    0.8103   -0.1409   -0.5689
    0.0400    0.9817   -0.1860
...    87 C-G ...
  -73.9413    2.4466  -78.4216
    0.9372   -0.0200    0.3481
    0.3397   -0.1734   -0.9244
    0.0789    0.9846   -0.1557
...    88 C-G ...
  -73.7184    5.7023  -78.6958
    0.9648   -0.2260   -0.1347
   -0.1654   -0.1231   -0.9785
    0.2045    0.9663   -0.1561
...    89 G-C ...
  -72.9741    8.7496  -79.6434
    0.7031   -0.3925   -0.5930
   -0.6224    0.0636   -0.7801
    0.3439    0.9175   -0.1996
...    90 C-G ...
  -71.2823   11.7289  -80.1083
    0.2237   -0.3029   -0.9264
   -0.9019    0.2959   -0.3146
    0.3694    0.9059   -0.2069
...    91 T-A ...
  -69.5287   14.5234  -81.1443
   -0.3120   -0.0885   -0.9460
   -0.8519    0.4670    0.2373
    0.4207    0.8798   -0.2211
...    92 T-A ...
  -67.8436   17.1594  -82.0477
   -0.7211    0.2374   -0.6509
   -0.5245    0.4268    0.7367
    0.4527    0.8726   -0.1833
...    93 T-A ...
  -66.1995   19.8363  -82.9072
   -0.8764    0.4628   -0.1330
   -0.0392    0.2067    0.9776
    0.4799    0.8620   -0.1630
...    94 A-T ...
  -64.4774   22.6261  -83.0433
   -0.7432    0.5018    0.4425
    0.4533   -0.1088    0.8847
    0.4921    0.8581   -0.1466
...    95 A-T ...
  -63.0567   25.3945  -83.6083
   -0.4188    0.3358    0.8437
    0.7647   -0.3707    0.5271
    0.4897    0.8660   -0.1015
...    96 C-G ...
  -62.0644   28.5307  -84.0789
   -0.0071    0.0662    0.9978
    0.8689   -0.4935    0.0390
    0.4950    0.8672   -0.0540
...    97 A-T ...
  -60.5856   31.4915  -84.0541
    0.3784   -0.3184    0.8692
    0.7587   -0.4313   -0.4883
    0.5303    0.8442    0.0784
...    98 C-G ...
  -59.1780   34.3856  -83.1915
    0.6767   -0.5324    0.5085
    0.4833   -0.1997   -0.8524
    0.5554    0.8226    0.1222
...    99 T-A ...
  -57.2313   37.1626  -82.0045
    0.7906   -0.6108   -0.0440
    0.0564    0.1442   -0.9879
    0.6098    0.7785    0.1485
...   100 T-A ...
  -55.1663   39.5172  -81.1279
    0.6934   -0.4116   -0.5915
   -0.3909    0.4747   -0.7886
    0.6053    0.7780    0.1682
...   101 T-A ...
  -53.0501   41.8453  -80.3623
    0.3697   -0.0690   -0.9266
   -0.7055    0.6281   -0.3283
    0.6046    0.7751    0.1836
...   102 A-T ...
  -51.2232   44.6134  -79.8100
   -0.1154    0.3099   -0.9437
   -0.7846    0.5542    0.2780
    0.6091    0.7726    0.1792
...   103 T-A ...
  -48.7280   46.7386  -79.6204
   -0.4721    0.5210   -0.7111
   -0.6397    0.3526    0.6830
    0.6066    0.7773    0.1668
...   104 G-C ...
  -46.7165   49.3646  -79.3774
   -0.8138    0.5562   -0.1684
   -0.2066   -0.0060    0.9784
    0.5432    0.8310    0.1198
...   105 C-G ...
  -45.2321   52.2643  -79.3224
   -0.8257    0.4250    0.3710
    0.2442   -0.3236    0.9141
    0.5086    0.8454    0.1634
...   106 T-A ...
  -43.7691   55.3423  -79.0921
   -0.5813    0.1405    0.8015
    0.6587   -0.4971    0.5649
    0.4777    0.8563    0.1964
...   107 T-A ...
  -42.4283   58.1790  -78.5161
   -0.1733   -0.2061    0.9631
    0.8686   -0.4930    0.0508
    0.4643    0.8453    0.2644
...   108 C-G ...
  -41.1583   60.9703  -77.4277
    0.2602   -0.5257    0.8099
    0.8376   -0.2943   -0.4602
    0.4803    0.7981    0.3638
...   109 C-G ...
  -39.8028   63.6843  -76.1956
    0.5543   -0.7187    0.4197
    0.6081    0.0054   -0.7938
    0.5683    0.6953    0.4400
...   110 G-C ...
  -37.8131   65.5646  -74.8991
    0.6898   -0.7204   -0.0727
    0.3130    0.3872   -0.8673
    0.6529    0.5755    0.4925
...   111 G-C ...
  -35.2532   66.8292  -73.1360
    0.7046   -0.4458   -0.5521
   -0.0408    0.7513   -0.6587
    0.7084    0.4867    0.5112
...   112 C-G ...
  -32.5501   67.7917  -71.3840
    0.5559    0.0114   -0.8312
   -0.3813    0.8920   -0.2427
    0.7387    0.4518    0.5002
...   113 T-A ...
  -30.0113   69.0434  -69.7444
    0.2860    0.4743   -0.8326
   -0.5884    0.7727    0.2380
    0.7563    0.4218    0.5001
...   114 C-G ...
  -27.6378   70.6519  -68.1795
   -0.1048    0.8351   -0.5400
   -0.6250    0.3671    0.6889
    0.7736    0.4097    0.4835
...   115 G-C ...
  -25.4064   72.0230  -66.2124
   -0.4648    0.8829   -0.0662
   -0.4710   -0.1832    0.8629
    0.7497    0.4322    0.5011
...   116 T-A ...
  -22.9572   73.8542  -64.9972
   -0.6692    0.6435    0.3715
   -0.1723   -0.6208    0.7648
    0.7228    0.4478    0.5263
...   117 A-T ...
  -20.6005   75.8952  -63.5452
   -0.7227    0.1560    0.6734
    0.2199   -0.8717    0.4380
    0.6553    0.4646    0.5956
...   118 T-A ...
  -18.8359   77.9762  -61.8495
   -0.5429   -0.2846    0.7901
    0.5236   -0.8503    0.0535
    0.6566    0.4427    0.6107
...   119 A-T ...
  -16.9210   79.3634  -59.6623
   -0.3674   -0.7178    0.5915
    0.7381   -0.6120   -0.2842
    0.5660    0.3321    0.7546
...   120 A-T ...
  -15.3909   80.3994  -57.0214
    0.0171   -0.9648    0.2623
    0.8389   -0.1288   -0.5289
    0.5441    0.2291    0.8072
...   121 T-A ...
  -14.1713   81.0152  -54.0186
    0.4075   -0.9113   -0.0595
    0.7377    0.3669   -0.5668
    0.5383    0.1871    0.8217
...   122 G-C ...
  -12.4058   81.1593  -51.0898
    0.6745   -0.5808   -0.4558
    0.4380    0.8117   -0.3864
    0.5944    0.0610    0.8019
...   123 T-A ...
  -10.4823   80.7030  -48.5280
    0.8001   -0.1302   -0.5856
    0.0987    0.9914   -0.0857
    0.5917    0.0107    0.8061
...   124 G-C ...
   -8.3965   80.5920  -46.0024
    0.7013    0.4511   -0.5520
   -0.3349    0.8920    0.3035
    0.6293   -0.0280    0.7766
...   125 T-A ...
   -6.1380   80.0090  -43.7296
    0.4314    0.8425   -0.3227
   -0.6389    0.5379    0.5500
    0.6369   -0.0311    0.7703
...   126 C-G ...
   -4.0647   79.9093  -41.3513
   -0.0035    0.9972    0.0742
   -0.7695   -0.0500    0.6367
    0.6386   -0.0549    0.7676
...   127 G-C ...
   -2.5242   79.5539  -38.5459
   -0.4377    0.8412    0.3176
   -0.6922   -0.5407    0.4780
    0.5738   -0.0106    0.8189
...   128 A-T ...
   -0.5837   79.3181  -36.1136
   -0.7620    0.3899    0.5170
   -0.3554   -0.9192    0.1694
    0.5413   -0.0547    0.8391
...   129 C-G ...
    1.1967   79.8481  -33.4005
   -0.8676   -0.1307    0.4798
    0.0764   -0.9884   -0.1310
    0.4914   -0.0770    0.8675
...   130 C-G ...
    2.2001   80.0921  -30.1387
   -0.8010   -0.5617    0.2074
    0.4862   -0.8123   -0.3221
    0.3494   -0.1572    0.9237
...   131 A-T ...
    2.6161   78.9662  -27.0073
   -0.5946   -0.7696   -0.2328
    0.7924   -0.5118   -0.3319
    0.1363   -0.3818    0.9141
...   132 A-T ...
    2.7797   77.6335  -24.0434
   -0.0923   -0.8961   -0.4342
    0.9918   -0.0439   -0.1203
    0.0887   -0.4417    0.8927
...   133 A-T ...
    2.6408   76.1177  -21.1169
    0.5024   -0.7680   -0.3973
    0.8621    0.4799    0.1624
    0.0660   -0.4242    0.9032
...   134 T-A ...
    2.3076   74.2308  -18.3902
    0.8657   -0.4293   -0.2574
    0.4984    0.7868    0.3641
    0.0462   -0.4435    0.8951
...   135 G-C ...
    1.4355   72.0970  -15.6049
    0.9809    0.0621    0.1843
   -0.1263    0.9241    0.3607
   -0.1479   -0.3771    0.9143
...   136 T-A ...
    0.5280   69.2393  -13.4688
    0.7351    0.4963    0.4618
   -0.6117    0.7792    0.1365
   -0.2921   -0.3828    0.8764
...   137 G-C ...
   -0.1658   67.4106  -10.8094
    0.1800    0.8794    0.4408
   -0.9276    0.3008   -0.2214
   -0.3274   -0.3691    0.8698
...   138 A-T ...
   -0.1321   66.2180   -7.8216
   -0.3749    0.8570    0.3536
   -0.8857   -0.2184   -0.4098
   -0.2739   -0.4668    0.8409
...   139 G-C ...
   -1.0068   65.6075   -4.9424
   -0.8336    0.5218    0.1811
   -0.5170   -0.6220   -0.5881
   -0.1942   -0.5839    0.7883
...   140 C-G ...
   -0.6974   63.9004   -2.2528
   -0.9992    0.0157   -0.0376
    0.0023   -0.8993   -0.4374
   -0.0406   -0.4371    0.8985
...   141 G-C ...
   -3.4382   60.2385    1.0284
   -0.4425    0.2285   -0.8672
    0.1683   -0.9287   -0.3306
   -0.8808   -0.2922    0.3725
...   142 C-G ...
   -6.3288   59.0834    1.6294
   -0.2970   -0.3280   -0.8968
    0.5656   -0.8171    0.1115
   -0.7693   -0.4741    0.4282
...   143 T-A ...
   -8.6768   58.7243    3.6025
   -0.0347   -0.7817   -0.6227
    0.6533   -0.4893    0.5778
   -0.7563   -0.3868    0.5276
...   144 C-G ...
  -11.6544   58.0114    4.7194
    0.2451   -0.9542   -0.1716
    0.6322    0.0231    0.7745
   -0.7350   -0.2983    0.6089
...   145 A-T ...
  -14.1760   56.5669    6.1807
    0.5795   -0.7268    0.3687
    0.3139    0.6165    0.7220
   -0.7521   -0.3027    0.5855
...   146 C-G ...
  -16.4650   53.8949    7.5153
    0.5336   -0.3331    0.7774
   -0.0346    0.9098    0.4136
   -0.8450   -0.2476    0.4739
...   147 A-T ...
  -19.0172   52.0374    8.9261
    0.2452    0.2907    0.9249
   -0.3073    0.9281   -0.2103
   -0.9195   -0.2327    0.3169
