  147 base-pairs
...     1 A-T ...
    0.0000    0.0000    0.0000
    1.0000    0.0000    0.0000
    0.0000    1.0000    0.0000
    0.0000    0.0000    1.0000
...     2 G-C ...
   -0.1404   -1.2353    3.2259
    0.7530    0.6366    0.1668
   -0.6385    0.7681   -0.0490
   -0.1593   -0.0696    0.9848
...     3 T-A ...
   -0.0377   -3.2918    6.3749
    0.2722    0.9302    0.2464
   -0.9238    0.3243   -0.2034
   -0.2691   -0.1722    0.9476
...     4 G-C ...
   -0.3520   -4.1638    9.4928
   -0.3756    0.9250    0.0576
   -0.8780   -0.3352   -0.3416
   -0.2967   -0.1788    0.9381
...     5 A-T ...
   -0.4480   -4.1448   12.7498
   -0.8116    0.5839   -0.0166
   -0.5522   -0.7762   -0.3042
   -0.1905   -0.2377    0.9525
...     6 G-C ...
   -1.5926   -4.1701   15.6201
   -0.9976    0.0246   -0.0651
   -0.0043   -0.9555   -0.2950
   -0.0694   -0.2940    0.9533
...     7 C-G ...
   -1.1050   -4.4793   18.7363
   -0.8442   -0.5302   -0.0787
    0.5343   -0.8442   -0.0430
   -0.0437   -0.0784    0.9960
...     8 G-C ...
   -2.4044   -7.7255   23.1483
   -0.2753   -0.3294   -0.9032
    0.6650   -0.7437    0.0686
   -0.6943   -0.5817    0.4238
...     9 C-G ...
   -4.4706   -9.9691   24.1142
    0.1145   -0.7026   -0.7023
    0.8512   -0.2951    0.4341
   -0.5123   -0.6475    0.5642
...    10 T-A ...
   -6.7420  -10.8705   25.9717
    0.4841   -0.8363   -0.2573
    0.6594    0.1554    0.7356
   -0.5752   -0.5257    0.6267
...    11 C-G ...
   -9.1682  -12.6167   27.1662
    0.7073   -0.6683    0.2306
    0.3450    0.6110    0.7125
   -0.6170   -0.4243    0.6627
...    12 A-T ...
  -10.9253  -14.6583   29.0713
    0.7515   -0.1377    0.6452
   -0.2027    0.8824    0.4245
   -0.6278   -0.4498    0.6352
...    13 C-G ...
  -11.8495  -17.4796   31.2472
    0.4294    0.2824    0.8578
   -0.5708    0.8209    0.0155
   -0.6998   -0.4963    0.5137
...    14 A-T ...
  -13.5915  -19.7756   33.4284
   -0.1503    0.6106    0.7775
   -0.6874    0.5007   -0.5261
   -0.7106   -0.6135    0.3445
...    15 A-T ...
  -15.6836  -21.8658   34.7613
   -0.5078    0.7783    0.3693
   -0.4766    0.1033   -0.8730
   -0.7176   -0.6194    0.3185
...    16 T-A ...
  -17.7765  -23.7692   36.4149
   -0.6621    0.7424   -0.1028
   -0.1629   -0.2765   -0.9471
   -0.7315   -0.6103    0.3040
...    17 T-A ...
  -20.1531  -25.5813   37.6233
   -0.6105    0.5149   -0.6018
    0.2177   -0.6215   -0.7526
   -0.7615   -0.5904    0.2673
...    18 T-A ...
  -22.7353  -27.2449   38.5757
   -0.3537    0.1559   -0.9223
    0.4993   -0.8023   -0.3271
   -0.7910   -0.5762    0.2059
...    19 A-T ...
  -25.8677  -28.4476   38.9176
    0.1069   -0.0803   -0.9910
    0.5533   -0.8233    0.1264
   -0.8261   -0.5618   -0.0436
...    20 T-A ...
  -28.8375  -29.6994   38.4551
    0.3883   -0.4394   -0.8100
    0.4182   -0.6992    0.5798
   -0.8211   -0.5639   -0.0877
...    21 T-A ...
  -31.5549  -31.3398   37.8660
    0.5700   -0.7312   -0.3748
    0.1226   -0.3753    0.9188
   -0.8125   -0.5696   -0.1243
...    22 C-G ...
  -34.0419  -33.3274   37.2335
    0.5599   -0.8027    0.2055
   -0.2520    0.0713    0.9651
   -0.7893   -0.5921   -0.1624
...    23 G-C ...
  -36.6159  -35.3793   37.1177
    0.3856   -0.5988    0.7020
   -0.5612    0.4516    0.6936
   -0.7323   -0.6614   -0.1619
...    24 C-G ...
  -38.7416  -37.8133   36.4455
    0.0381   -0.2573    0.9656
   -0.6896    0.6925    0.2118
   -0.7232   -0.6739   -0.1510
...    25 A-T ...
  -41.2759  -39.8321   35.9281
   -0.3128    0.2077    0.9268
   -0.5985    0.7146   -0.3621
   -0.7375   -0.6680   -0.0992
...    26 A-T ...
  -43.4855  -42.2097   35.7701
   -0.6096    0.5512    0.5697
   -0.3044    0.5008   -0.8103
   -0.7319   -0.6674   -0.1375
...    27 A-T ...
  -45.8139  -44.4533   35.5961
   -0.6706    0.7408    0.0387
    0.0947    0.1372   -0.9860
   -0.7357   -0.6576   -0.1622
...    28 G-C ...
  -48.3615  -46.4913   35.3606
   -0.4607    0.7772   -0.4286
    0.4240   -0.2316   -0.8756
   -0.7798   -0.5851   -0.2228
...    29 G-C ...
  -51.2409  -48.1408   34.8565
   -0.0782    0.6325   -0.7706
    0.5848   -0.5969   -0.5493
   -0.8074   -0.4936   -0.3233
...    30 C-G ...
  -54.1300  -49.2480   33.8547
    0.3015    0.2862   -0.9095
    0.5234   -0.8470   -0.0931
   -0.7970   -0.4479   -0.4052
...    31 C-G ...
  -56.8483  -50.2374   32.1462
    0.6191   -0.1204   -0.7760
    0.2595   -0.9013    0.3469
   -0.7412   -0.4161   -0.5268
...    32 G-C ...
  -58.9363  -51.8592   30.1692
    0.7553   -0.5137   -0.4069
   -0.1664   -0.7509    0.6392
   -0.6339   -0.4151   -0.6526
...    33 G-C ...
  -60.6161  -53.1786   27.5559
    0.6015   -0.7983    0.0300
   -0.5752   -0.4066    0.7098
   -0.5545   -0.4442   -0.7037
...    34 C-G ...
  -62.0364  -54.6868   24.9794
    0.2094   -0.8848    0.4163
   -0.8265    0.0673    0.5589
   -0.5225   -0.4611   -0.7172
...    35 C-G ...
  -63.5041  -56.4606   22.5243
   -0.2477   -0.6939    0.6761
   -0.8233    0.5187    0.2307
   -0.5107   -0.4994   -0.6998
...    36 C-G ...
  -65.0200  -58.3588   20.1957
   -0.6271   -0.2867    0.7242
   -0.5632    0.8092   -0.1674
   -0.5380   -0.5129   -0.6689
...    37 G-C ...
  -66.9127  -59.6028   17.7815
   -0.7850    0.2430    0.5698
   -0.1152    0.8465   -0.5198
   -0.6086   -0.4737   -0.6365
...    38 A-T ...
  -68.8067  -61.2563   15.7186
   -0.6860    0.6985    0.2037
    0.3650    0.5725   -0.7342
   -0.6295   -0.4293   -0.6477
...    39 C-G ...
  -71.1847  -62.8025   14.0970
   -0.3804    0.9123   -0.1518
    0.6623    0.1541   -0.7332
   -0.6456   -0.3794   -0.6628
...    40 A-T ...
  -73.4265  -63.9228   11.9089
    0.1243    0.9106   -0.3941
    0.7452   -0.3479   -0.5689
   -0.6551   -0.2230   -0.7218
...    41 C-G ...
  -75.9238  -64.1567    9.8473
    0.5173    0.6403   -0.5679
    0.5774   -0.7509   -0.3206
   -0.6317   -0.1621   -0.7581
...    42 G-C ...
  -77.6799  -64.5954    7.0901
    0.8364    0.1891   -0.5145
    0.1916   -0.9803   -0.0487
   -0.5135   -0.0578   -0.8561
...    43 A-T ...
  -79.1660  -64.5894    4.2038
    0.8282   -0.3853   -0.4070
   -0.3277   -0.9220    0.2062
   -0.4547   -0.0373   -0.8898
...    44 C-G ...
  -80.1957  -64.2053    1.0947
    0.5646   -0.7937   -0.2265
   -0.7136   -0.6073    0.3494
   -0.4148   -0.0356   -0.9092
...    45 T-A ...
  -81.1449  -64.2691   -2.0591
    0.1390   -0.9902    0.0126
   -0.9191   -0.1242    0.3738
   -0.3686   -0.0635   -0.9274
...    46 T-A ...
  -81.9778  -64.4367   -5.2029
   -0.4170   -0.8918    0.1757
   -0.8378    0.4520    0.3061
   -0.3524   -0.0195   -0.9356
...    47 A-T ...
  -83.3285  -64.1730   -8.2394
   -0.8491   -0.4386    0.2943
   -0.4099    0.8986    0.1566
   -0.3332    0.0124   -0.9428
...    48 C-G ...
  -84.3246  -64.7234  -11.3455
   -0.9345    0.0772    0.3476
    0.0810    0.9967   -0.0036
   -0.3467    0.0248   -0.9376
...    49 T-A ...
  -85.6719  -64.8958  -14.3431
   -0.7441    0.5632    0.3593
    0.5422    0.8234   -0.1677
   -0.3903    0.0700   -0.9180
...    50 G-C ...
  -87.0849  -64.4768  -17.3103
   -0.2910    0.8927    0.3440
    0.8503    0.4062   -0.3347
   -0.4385    0.1951   -0.8773
...    51 T-A ...
  -89.0592  -63.8597  -19.8335
    0.1904    0.9629    0.1911
    0.8839   -0.0834   -0.4602
   -0.4272    0.2566   -0.8670
...    52 A-T ...
  -90.8258  -62.4902  -22.3213
    0.6660    0.7358    0.1230
    0.6675   -0.5142   -0.5386
   -0.3330    0.4408   -0.8336
...    53 G-C ...
  -91.9804  -60.6800  -24.7979
    0.9345    0.3480   -0.0744
    0.2502   -0.7912   -0.5580
   -0.2531    0.5029   -0.8265
...    54 G-C ...
  -92.4957  -58.5102  -27.3297
    0.9521   -0.1535   -0.2645
   -0.2703   -0.8267   -0.4934
   -0.1429    0.5413   -0.8286
...    55 T-A ...
  -92.5725  -56.2771  -29.7444
    0.6936   -0.5609   -0.4519
   -0.7125   -0.6266   -0.3159
   -0.1060    0.5411   -0.8343
...    56 A-T ...
  -92.8938  -54.5453  -32.5441
    0.1697   -0.8313   -0.5293
   -0.9828   -0.1823   -0.0287
   -0.0726    0.5251   -0.8480
...    57 T-A ...
  -92.4162  -52.8432  -35.3346
   -0.3412   -0.8023   -0.4898
   -0.9377    0.2537    0.2375
   -0.0663    0.5403   -0.8389
...    58 C-G ...
  -92.5394  -51.1675  -38.1365
   -0.8160   -0.5183   -0.2561
   -0.5732    0.6679    0.4746
   -0.0749    0.5341   -0.8421
...    59 T-A ...
  -92.7695  -49.7126  -41.0836
   -0.9892   -0.1352    0.0572
   -0.0835    0.8384    0.5387
   -0.1208    0.5281   -0.8406
...    60 C-G ...
  -93.2019  -48.0897  -43.8750
   -0.8577    0.3418    0.3840
    0.4916    0.7637    0.4183
   -0.1503    0.5476   -0.8231
...    61 G-C ...
  -93.5371  -46.0228  -46.4248
   -0.4483    0.6065    0.6566
    0.8665    0.4752    0.1527
   -0.2194    0.6374   -0.7386
...    62 A-T ...
  -94.3822  -43.9702  -48.7808
    0.1199    0.7242    0.6791
    0.9687    0.0645   -0.2398
   -0.2174    0.6865   -0.6938
...    63 G-C ...
  -95.3913  -41.5884  -50.7937
    0.5956    0.5948    0.5399
    0.7843   -0.2852   -0.5510
   -0.1738    0.7516   -0.6364
...    64 C-G ...
  -96.1362  -38.8598  -52.4369
    0.9244    0.3106    0.2215
    0.3617   -0.5292   -0.7675
   -0.1212    0.7896   -0.6016
...    65 T-A ...
  -96.4057  -36.0050  -54.0344
    0.9890   -0.0506   -0.1393
   -0.1427   -0.5781   -0.8034
   -0.0399    0.8144   -0.5790
...    66 C-G ...
  -96.2984  -33.3009  -55.8314
    0.7403   -0.3951   -0.5440
   -0.6722   -0.4245   -0.6065
    0.0087    0.8147   -0.5798
...    67 G-C ...
  -96.3702  -30.8461  -58.0366
    0.2643   -0.6357   -0.7253
   -0.9604   -0.1048   -0.2581
    0.0881    0.7648   -0.6383
...    68 G-C ...
  -95.6864  -28.4078  -60.2504
   -0.2827   -0.6446   -0.7103
   -0.9540    0.2659    0.1384
    0.0996    0.7168   -0.6902
...    69 G-C ...
  -95.1025  -26.2097  -62.7250
   -0.7467   -0.4529   -0.4871
   -0.6619    0.5782    0.4771
    0.0655    0.6786   -0.7315
...    70 A-T ...
  -94.8004  -24.0704  -65.1689
   -0.9921   -0.0561   -0.1126
   -0.1177    0.7299    0.6734
    0.0444    0.6813   -0.7307
...    71 T-A ...
  -94.7517  -22.3691  -67.9872
   -0.9214    0.3117    0.2321
    0.3855    0.6565    0.6484
    0.0497    0.6869   -0.7250
...    72 T-A ...
  -94.7603  -20.3239  -70.4994
   -0.5621    0.6121    0.5563
    0.8253    0.3710    0.4257
    0.0541    0.6984   -0.7137
...    73 C-G ...
  -94.7326  -18.0350  -72.8051
   -0.0072    0.6722    0.7403
    0.9986   -0.0337    0.0403
    0.0520    0.7396   -0.6710
...    74 A-T ...
  -94.6067  -15.4641  -74.9084
    0.5053    0.4410    0.7418
    0.8577   -0.3517   -0.3751
    0.0955    0.8257   -0.5559
...    75 T-A ...
  -94.7541  -12.4978  -76.2690
    0.8520    0.1912    0.4873
    0.5100   -0.5130   -0.6904
    0.1180    0.8368   -0.5347
...    76 G-C ...
  -94.0539   -9.6637  -77.8562
    0.9668   -0.2233    0.1240
   -0.0036   -0.4973   -0.8676
    0.2554    0.8383   -0.4816
...    77 T-A ...
  -93.0067   -6.7135  -78.8331
    0.8256   -0.4749   -0.3048
   -0.4781   -0.3018   -0.8248
    0.2998    0.8267   -0.4762
...    78 T-A ...
  -91.8105   -3.9883  -80.1150
    0.4304   -0.5611   -0.7071
   -0.8472    0.0192   -0.5309
    0.3115    0.8276   -0.4671
...    79 A-T ...
  -90.8136   -1.2841  -81.7394
   -0.1375   -0.4761   -0.8686
   -0.9334    0.3558   -0.0472
    0.3315    0.8042   -0.4933
...    80 T-A ...
  -89.1246    0.9877  -83.4340
   -0.5771   -0.2260   -0.7848
   -0.7427    0.5448    0.3894
    0.3395    0.8076   -0.4822
...    81 A-T ...
  -88.1161    3.7776  -84.9158
   -0.9048    0.1262   -0.4066
   -0.2681    0.5730    0.7744
    0.3307    0.8098   -0.4847
...    82 A-T ...
  -87.0434    6.2311  -86.7528
   -0.8976    0.4331    0.0825
    0.2711    0.3946    0.8779
    0.3477    0.8104   -0.4716
...    83 C-G ...
  -86.2757    8.7197  -88.7683
   -0.6515    0.5457    0.5271
    0.6835    0.1209    0.7198
    0.3291    0.8293   -0.4517
...    84 G-C ...
  -84.9932   11.4999  -90.0074
   -0.2415    0.4044    0.8821
    0.9254   -0.1776    0.3347
    0.2920    0.8972   -0.3313
...    85 G-C ...
  -84.4437   14.6641  -91.0169
    0.2282    0.1534    0.9614
    0.9255   -0.3409   -0.1653
    0.3024    0.9275   -0.2197
...    86 A-T ...
  -83.5626   17.7266  -91.5927
    0.6799   -0.1235    0.7228
    0.6506   -0.3531   -0.6723
    0.3382    0.9274   -0.1597
...    87 C-G ...
  -82.7157   20.8851  -91.4949
    0.8939   -0.3286    0.3049
    0.2399   -0.2239   -0.9446
    0.3787    0.9175   -0.1213
...    88 C-G ...
  -81.2218   23.8966  -91.4273
    0.8485   -0.4855   -0.2105
   -0.2312    0.0177   -0.9727
    0.4760    0.8740   -0.0972
...    89 G-C ...
  -79.5203   26.6454  -92.1159
    0.5399   -0.4934   -0.6820
   -0.6083    0.3313   -0.7213
    0.5818    0.8043   -0.1212
...    90 C-G ...
  -77.2372   29.0031  -92.3954
    0.1164   -0.2685   -0.9562
   -0.7840    0.5662   -0.2545
    0.6097    0.7793   -0.1446
...    91 T-A ...
  -74.9533   31.3062  -92.9910
   -0.3199    0.0323   -0.9469
   -0.7167    0.6454    0.2641
    0.6197    0.7631   -0.1833
...    92 T-A ...
  -72.7020   33.5475  -93.6965
   -0.6439    0.4154   -0.6426
   -0.4217    0.5081    0.7510
    0.6384    0.7545   -0.1520
...    93 T-A ...
  -70.5107   35.8286  -94.4498
   -0.7544    0.6458   -0.1178
   -0.0030    0.1760    0.9844
    0.6565    0.7429   -0.1308
...    94 A-T ...
  -68.3812   38.3290  -94.8548
   -0.6658    0.5857    0.4623
    0.4167   -0.2221    0.8815
    0.6190    0.7795   -0.0962
...    95 A-T ...
  -66.5741   40.9686  -95.3415
   -0.3463    0.3529    0.8692
    0.7042   -0.5143    0.4894
    0.6198    0.7816   -0.0704
...    96 C-G ...
  -65.0879   43.8630  -95.6509
    0.0123    0.0053    0.9999
    0.7859   -0.6183   -0.0063
    0.6182    0.7859   -0.0118
...    97 A-T ...
  -63.1006   46.5362  -95.4940
    0.3172   -0.4392    0.8405
    0.6928   -0.4979   -0.5216
    0.6476    0.7478    0.1464
...    98 C-G ...
  -61.3868   49.1188  -94.4769
    0.5775   -0.6721    0.4635
    0.4643   -0.1966   -0.8636
    0.6715    0.7139    0.1986
...    99 T-A ...
  -59.2181   51.3164  -93.3732
    0.6725   -0.7388   -0.0435
    0.1553    0.1983   -0.9678
    0.7236    0.6441    0.2481
...   100 T-A ...
  -56.8666   53.2449  -92.2680
    0.6428   -0.5158   -0.5664
   -0.2200    0.5840   -0.7814
    0.7338    0.6269    0.2619
...   101 T-A ...
  -54.3761   55.0241  -91.1902
    0.4279   -0.0953   -0.8988
   -0.5283    0.7805   -0.3343
    0.7334    0.6178    0.2836
...   102 A-T ...
  -52.0966   57.2638  -90.2764
    0.0423    0.3943   -0.9180
   -0.6713    0.6917    0.2661
    0.7400    0.6050    0.2939
...   103 T-A ...
  -49.2377   58.8037  -89.6493
   -0.2809    0.7006   -0.6559
   -0.6081    0.3988    0.6865
    0.7425    0.5917    0.3140
...   104 G-C ...
  -46.9617   60.8995  -88.5207
   -0.6237    0.7581   -0.1907
   -0.3502   -0.0529    0.9352
    0.6988    0.6500    0.2985
...   105 C-G ...
  -44.5970   63.1139  -87.9281
   -0.7462    0.5855    0.3168
    0.0228   -0.4532    0.8911
    0.6653    0.6722    0.3248
...   106 T-A ...
  -42.6007   65.5817  -87.0601
   -0.6854    0.2321    0.6902
    0.3868   -0.6869    0.6152
    0.6169    0.6886    0.3811
...   107 T-A ...
  -40.7850   68.0019  -85.9321
   -0.3982   -0.1998    0.8953
    0.6894   -0.7090    0.1484
    0.6051    0.6763    0.4201
...   108 C-G ...
  -38.9692   70.2382  -84.4616
   -0.0018   -0.6092    0.7930
    0.8033   -0.4731   -0.3617
    0.5955    0.6364    0.4902
...   109 C-G ...
  -37.3310   72.3463  -82.4194
    0.3235   -0.8402    0.4352
    0.7185   -0.0812   -0.6908
    0.6157    0.5361    0.5774
...   110 G-C ...
  -35.0275   73.7844  -80.5417
    0.5502   -0.8317   -0.0746
    0.5016    0.4006   -0.7667
    0.6676    0.3844    0.6376
...   111 G-C ...
  -32.7543   74.5145  -78.1687
    0.6688   -0.5368   -0.5144
    0.1946    0.7942   -0.5757
    0.7175    0.2849    0.6356
...   112 C-G ...
  -30.2823   74.9430  -76.0311
    0.6491   -0.0409   -0.7596
   -0.1588    0.9693   -0.1878
    0.7440    0.2426    0.6226
...   113 T-A ...
  -27.6462   75.3904  -74.0955
    0.4590    0.4587   -0.7609
   -0.4424    0.8607    0.2519
    0.7704    0.2210    0.5980
...   114 C-G ...
  -25.0225   76.0503  -72.2435
    0.1226    0.8763   -0.4658
   -0.6243    0.4330    0.6502
    0.7715    0.2111    0.6002
...   115 G-C ...
  -22.8031   76.8218  -69.9101
   -0.2932    0.9535   -0.0704
   -0.5964   -0.1248    0.7929
    0.7473    0.2745    0.6052
...   116 T-A ...
  -20.0590   77.9361  -68.4112
   -0.5714    0.7517    0.3292
   -0.3808   -0.5983    0.7050
    0.7269    0.2775    0.6282
...   117 A-T ...
  -17.6889   79.0086  -66.3666
   -0.7572    0.2793    0.5905
   -0.0168   -0.9120    0.4099
    0.6530    0.3004    0.6952
...   118 T-A ...
  -15.7495   80.6063  -64.2793
   -0.6938   -0.2053    0.6903
    0.3455   -0.9359    0.0689
    0.6319    0.2863    0.7202
...   119 A-T ...
  -14.2224   81.9871  -61.6256
   -0.5788   -0.6726    0.4611
    0.6530   -0.7210   -0.2320
    0.4884    0.1668    0.8565
...   120 A-T ...
  -12.9378   82.5538  -58.7331
   -0.1828   -0.9604    0.2105
    0.8711   -0.2575   -0.4181
    0.4557    0.1069    0.8837
...   121 T-A ...
  -12.1119   82.8393  -55.5978
    0.2362   -0.9704   -0.0505
    0.8625    0.2333   -0.4490
    0.4475    0.0625    0.8921
...   122 G-C ...
  -10.5061   82.6569  -52.7032
    0.5974   -0.6992   -0.3928
    0.6400    0.7108   -0.2918
    0.4832   -0.0771    0.8721
...   123 T-A ...
   -9.2117   81.7988  -49.8052
    0.8276   -0.2450   -0.5051
    0.2688    0.9628   -0.0266
    0.4928   -0.1137    0.8627
...   124 G-C ...
   -7.3624   81.6199  -47.0847
    0.8086    0.3440   -0.4772
   -0.2156    0.9281    0.3037
    0.5474   -0.1427    0.8246
...   125 T-A ...
   -5.3151   80.6323  -44.6464
    0.5878    0.7712   -0.2446
   -0.5985    0.6179    0.5099
    0.5443   -0.1533    0.8248
...   126 C-G ...
   -3.4306   80.0765  -42.0184
    0.1335    0.9853    0.1064
   -0.8348    0.0539    0.5480
    0.5342   -0.1620    0.8297
...   127 G-C ...
   -2.0859   79.3603  -39.0806
   -0.3871    0.8661    0.3162
   -0.7875   -0.4889    0.3752
    0.4795   -0.1038    0.8714
...   128 A-T ...
   -0.3954   78.9925  -36.3267
   -0.7851    0.4444    0.4315
   -0.4454   -0.8891    0.1054
    0.4304   -0.1094    0.8960
...   129 C-G ...
    1.0733   79.2414  -33.4226
   -0.9266   -0.0463    0.3733
   -0.0029   -0.9915   -0.1303
    0.3761   -0.1218    0.9185
...   130 C-G ...
    2.1579   79.2495  -30.2340
   -0.8501   -0.5122    0.1224
    0.4616   -0.8366   -0.2949
    0.2535   -0.1942    0.9476
...   131 A-T ...
    2.6851   78.6066  -26.9967
   -0.5355   -0.8161   -0.2174
    0.8373   -0.4794   -0.2629
    0.1103   -0.3228    0.9400
...   132 A-T ...
    2.7000   77.5091  -23.9742
   -0.0211   -0.9237   -0.3824
    0.9971    0.0082   -0.0750
    0.0724   -0.3829    0.9209
...   133 A-T ...
    2.6305   76.0857  -21.0802
    0.5130   -0.7633   -0.3928
    0.8566    0.4852    0.1758
    0.0564   -0.4266    0.9027
...   134 T-A ...
    2.3076   74.2307  -18.3903
    0.8657   -0.4293   -0.2574
    0.4984    0.7868    0.3641
    0.0462   -0.4435    0.8951
...   135 G-C ...
    1.4355   72.0970  -15.6050
    0.9809    0.0621    0.1843
   -0.1263    0.9241    0.3607
   -0.1479   -0.3771    0.9143
...   136 T-A ...
    0.5280   69.2393  -13.4689
    0.7351    0.4963    0.4618
   -0.6117    0.7792    0.1365
   -0.2921   -0.3828    0.8764
...   137 G-C ...
   -0.1658   67.4105  -10.8095
    0.1800    0.8794    0.4408
   -0.9276    0.3008   -0.2214
   -0.3274   -0.3691    0.8698
...   138 A-T ...
   -0.1320   66.2180   -7.8216
   -0.3749    0.8570    0.3536
   -0.8857   -0.2184   -0.4098
   -0.2739   -0.4668    0.8409
...   139 G-C ...
   -1.0068   65.6075   -4.9424
   -0.8336    0.5218    0.1811
   -0.5170   -0.6220   -0.5881
   -0.1942   -0.5839    0.7883
...   140 C-G ...
   -0.6974   63.9003   -2.2528
   -0.9992    0.0157   -0.0376
    0.0023   -0.8993   -0.4374
   -0.0406   -0.4371    0.8985
...   141 G-C ...
   -3.4382   60.2385    1.0284
   -0.4425    0.2285   -0.8672
    0.1683   -0.9287   -0.3306
   -0.8808   -0.2922    0.3725
...   142 C-G ...
   -6.3288   59.0834    1.6293
   -0.2970   -0.3280   -0.8968
    0.5656   -0.8171    0.1115
   -0.7693   -0.4741    0.4282
...   143 T-A ...
   -8.6768   58.7243    3.6024
   -0.0347   -0.7817   -0.6227
    0.6533   -0.4893    0.5778
   -0.7563   -0.3868    0.5276
...   144 C-G ...
  -11.6544   58.0114    4.7193
    0.2451   -0.9542   -0.1716
    0.6322    0.0231    0.7745
   -0.7350   -0.2983    0.6089
...   145 A-T ...
  -14.1759   56.5668    6.1807
    0.5795   -0.7268    0.3687
    0.3139    0.6165    0.7220
   -0.7521   -0.3027    0.5855
...   146 C-G ...
  -16.4650   53.8949    7.5153
    0.5336   -0.3331    0.7774
   -0.0346    0.9098    0.4136
   -0.8450   -0.2476    0.4739
...   147 A-T ...
  -19.0172   52.0374    8.9261
    0.2452    0.2907    0.9249
   -0.3073    0.9281   -0.2103
   -0.9195   -0.2327    0.3169
