  147 base-pairs
...     1 A-T ...
    0.0000    0.0000    0.0000
    1.0000    0.0000    0.0000
    0.0000    1.0000    0.0000
    0.0000    0.0000    1.0000
...     2 G-C ...
   -0.1404   -1.2353    3.2259
    0.7530    0.6366    0.1668
   -0.6385    0.7681   -0.0490
   -0.1593   -0.0696    0.9848
...     3 T-A ...
   -0.0377   -3.2918    6.3749
    0.2722    0.9302    0.2464
   -0.9238    0.3243   -0.2034
   -0.2691   -0.1722    0.9476
...     4 G-C ...
   -0.3520   -4.1638    9.4928
   -0.3756    0.9250    0.0576
   -0.8780   -0.3352   -0.3416
   -0.2967   -0.1788    0.9381
...     5 A-T ...
   -0.4480   -4.1448   12.7498
   -0.8116    0.5839   -0.0166
   -0.5522   -0.7762   -0.3042
   -0.1905   -0.2377    0.9525
...     6 G-C ...
   -1.5926   -4.1701   15.6201
   -0.9976    0.0246   -0.0651
   -0.0043   -0.9555   -0.2950
   -0.0694   -0.2940    0.9533
...     7 C-G ...
   -1.1050   -4.4793   18.7363
   -0.8442   -0.5302   -0.0787
    0.5343   -0.8442   -0.0430
   -0.0437   -0.0784    0.9960
...     8 G-C ...
   -2.4044   -7.7255   23.1483
   -0.2753   -0.3294   -0.9032
    0.6650   -0.7437    0.0686
   -0.6943   -0.5817    0.4238
...     9 C-G ...
   -4.4706   -9.9691   24.1142
    0.1145   -0.7026   -0.7023
    0.8512   -0.2951    0.4341
   -0.5123   -0.6475    0.5642
...    10 T-A ...
   -6.7420  -10.8705   25.9717
    0.4841   -0.8363   -0.2573
    0.6594    0.1554    0.7356
   -0.5752   -0.5257    0.6267
...    11 C-G ...
   -9.1682  -12.6167   27.1662
    0.7073   -0.6683    0.2306
    0.3450    0.6110    0.7125
   -0.6170   -0.4243    0.6627
...    12 A-T ...
  -10.9253  -14.6583   29.0713
    0.7515   -0.1377    0.6452
   -0.2027    0.8824    0.4245
   -0.6278   -0.4498    0.6352
...    13 C-G ...
  -11.8495  -17.4796   31.2472
    0.4294    0.2824    0.8578
   -0.5708    0.8209    0.0155
   -0.6998   -0.4963    0.5137
...    14 A-T ...
  -13.5915  -19.7756   33.4284
   -0.1503    0.6106    0.7775
   -0.6874    0.5007   -0.5261
   -0.7106   -0.6135    0.3445
...    15 A-T ...
  -15.6978  -21.8502   34.7536
   -0.4982    0.7857    0.3667
   -0.4773    0.1045   -0.8725
   -0.7239   -0.6097    0.3230
...    16 T-A ...
  -17.8143  -23.7070   36.4157
   -0.6464    0.7555   -0.1065
   -0.1707   -0.2792   -0.9449
   -0.7436   -0.5926    0.3095
...    17 T-A ...
  -20.2403  -25.4461   37.6213
   -0.5919    0.5319   -0.6057
    0.1968   -0.6333   -0.7485
   -0.7816   -0.5622    0.2701
...    18 T-A ...
  -22.8868  -27.0062   38.5648
   -0.3432    0.1649   -0.9247
    0.4659   -0.8249   -0.3201
   -0.8155   -0.5407    0.2063
...    19 A-T ...
  -26.0579  -28.0944   38.8846
    0.1053   -0.1030   -0.9891
    0.5113   -0.8475    0.1427
   -0.8529   -0.5207   -0.0366
...    20 T-A ...
  -29.0931  -29.2004   38.4362
    0.3642   -0.4792   -0.7986
    0.3780   -0.7076    0.5970
   -0.8512   -0.5193   -0.0766
...    21 T-A ...
  -31.9122  -30.6849   37.8814
    0.5169   -0.7812   -0.3500
    0.0972   -0.3527    0.9307
   -0.8505   -0.5151   -0.1064
...    22 C-G ...
  -34.5555  -32.4986   37.3177
    0.4911   -0.8378    0.2384
   -0.2449    0.1299    0.9608
   -0.8360   -0.5302   -0.1414
...    23 G-C ...
  -37.3402  -34.2654   37.2826
    0.3238   -0.6021    0.7298
   -0.5124    0.5368    0.6703
   -0.7954   -0.5910   -0.1347
...    24 C-G ...
  -39.7239  -36.4739   36.6828
    0.0115   -0.2134    0.9769
   -0.6089    0.7735    0.1761
   -0.7932   -0.5968   -0.1210
...    25 A-T ...
  -42.4716  -38.2180   36.2336
   -0.2801    0.2899    0.9152
   -0.5111    0.7619   -0.3978
   -0.8126   -0.5792   -0.0652
...    26 A-T ...
  -44.9619  -40.2987   36.1971
   -0.5247    0.6545    0.5444
   -0.2496    0.4931   -0.8334
   -0.8139   -0.5731   -0.0954
...    27 A-T ...
  -47.5742  -42.2035   36.1584
   -0.5576    0.8300    0.0093
    0.0905    0.0719   -0.9933
   -0.8251   -0.5531   -0.1153
...    28 G-C ...
  -50.4016  -43.8438   36.0769
   -0.3497    0.8158   -0.4607
    0.3598   -0.3371   -0.8700
   -0.8650   -0.4700   -0.1756
...    29 G-C ...
  -53.5304  -45.0030   35.6996
   -0.0017    0.5972   -0.8021
    0.4632   -0.7104   -0.5299
   -0.8863   -0.3724   -0.2754
...    30 C-G ...
  -56.5926  -45.6583   34.8060
    0.3103    0.1832   -0.9328
    0.3705   -0.9270   -0.0588
   -0.8754   -0.3274   -0.3556
...    31 C-G ...
  -59.4900  -46.2717   33.2137
    0.5529   -0.2728   -0.7873
    0.1106   -0.9125    0.3938
   -0.8259   -0.3048   -0.4743
...    32 G-C ...
  -61.9356  -47.6202   31.4431
    0.6193   -0.6745   -0.4019
   -0.2727   -0.6648    0.6955
   -0.7363   -0.3211   -0.5956
...    33 G-C ...
  -64.0218  -48.7197   29.0284
    0.4274   -0.9021    0.0591
   -0.6010   -0.2347    0.7640
   -0.6754   -0.3620   -0.6425
...    34 C-G ...
  -65.9058  -50.0231   26.6375
    0.0453   -0.8820    0.4691
   -0.7545    0.2776    0.5947
   -0.6547   -0.3809   -0.6529
...    35 C-G ...
  -67.8851  -51.5407   24.3768
   -0.3426   -0.5794    0.7395
   -0.6709    0.7019    0.2391
   -0.6576   -0.4142   -0.6293
...    36 C-G ...
  -69.9357  -53.1727   22.2647
   -0.6139   -0.0932    0.7839
   -0.3797    0.9054   -0.1898
   -0.6921   -0.4141   -0.5912
...    37 G-C ...
  -72.2533  -54.1047   20.0887
   -0.6511    0.4511    0.6104
    0.0338    0.8206   -0.5705
   -0.7583   -0.3508   -0.5495
...    38 A-T ...
  -74.6760  -55.3575   18.3242
   -0.4792    0.8518    0.2116
    0.4113    0.4309   -0.8032
   -0.7754   -0.2978   -0.5568
...    39 C-G ...
  -77.5081  -56.3556   17.0468
   -0.1670    0.9693   -0.1807
    0.5968   -0.0465   -0.8010
   -0.7848   -0.2416   -0.5707
...    40 A-T ...
  -80.1936  -56.9645   15.1731
    0.2944    0.8334   -0.4677
    0.5691   -0.5460   -0.6148
   -0.7677   -0.0852   -0.6351
...    41 C-G ...
  -82.8993  -56.6541   13.3952
    0.5864    0.4644   -0.6637
    0.3340   -0.8851   -0.3242
   -0.7380   -0.0316   -0.6741
...    42 G-C ...
  -85.0192  -56.7679   10.8652
    0.7820   -0.0561   -0.6207
   -0.0689   -0.9976    0.0034
   -0.6194    0.0401   -0.7840
...    43 A-T ...
  -86.8384  -56.4986    8.1815
    0.6355   -0.6080   -0.4759
   -0.5214   -0.7925    0.3163
   -0.5694    0.0471   -0.8207
...    44 C-G ...
  -88.1789  -55.9791    5.2044
    0.2969   -0.9253   -0.2359
   -0.7885   -0.3769    0.4860
   -0.5386    0.0418   -0.8415
...    45 T-A ...
  -89.5843  -55.8989    2.2216
   -0.1311   -0.9889    0.0700
   -0.8500    0.1485    0.5054
   -0.5102    0.0067   -0.8600
...    46 T-A ...
  -90.9127  -55.9353   -0.7522
   -0.6100   -0.7329    0.3014
   -0.6249    0.6787    0.3859
   -0.4873    0.0471   -0.8720
...    47 A-T ...
  -92.6070  -55.4209   -3.5774
   -0.8742   -0.1744    0.4531
   -0.1207    0.9820    0.1452
   -0.4702    0.0722   -0.8796
...    48 C-G ...
  -94.2247  -55.7764   -6.4363
   -0.8046    0.3464    0.4824
    0.3451    0.9338   -0.0949
   -0.4833    0.0902   -0.8708
...    49 T-A ...
  -96.0747  -55.6579   -9.1559
   -0.4872    0.7594    0.4312
    0.7059    0.6332   -0.3174
   -0.5141    0.1498   -0.8446
...    50 G-C ...
  -97.8566  -54.9339  -11.8610
    0.0311    0.9466    0.3208
    0.8519    0.1427   -0.5038
   -0.5227    0.2890   -0.8020
...    51 T-A ...
 -100.0208  -53.8405  -14.0444
    0.4787    0.8740    0.0830
    0.7247   -0.3400   -0.5993
   -0.4956    0.3471   -0.7962
...    52 A-T ...
 -101.7692  -52.0972  -16.2995
    0.8535    0.5176   -0.0599
    0.3801   -0.6972   -0.6078
   -0.3564    0.4960   -0.7918
...    53 G-C ...
 -102.8555  -50.0972  -18.6654
    0.9586    0.0620   -0.2778
   -0.0987   -0.8429   -0.5290
   -0.2669    0.5345   -0.8019
...    54 G-C ...
 -103.2701  -47.9427  -21.2302
    0.7926   -0.4290   -0.4333
   -0.5888   -0.7230   -0.3614
   -0.1582    0.5416   -0.8256
...    55 T-A ...
 -103.2403  -45.8272  -23.7591
    0.3916   -0.7472   -0.5369
   -0.9112   -0.3962   -0.1131
   -0.1282    0.5335   -0.8360
...    56 A-T ...
 -103.7739  -44.1075  -26.5445
   -0.2104   -0.8425   -0.4960
   -0.9715    0.1235    0.2022
   -0.1091    0.5244   -0.8445
...    57 T-A ...
 -103.4805  -42.6188  -29.4811
   -0.6688   -0.6578   -0.3464
   -0.7371    0.5257    0.4248
   -0.0973    0.5394   -0.8364
...    58 C-G ...
 -103.7484  -40.9543  -32.2835
   -0.9699   -0.2417   -0.0286
   -0.2172    0.8070    0.5492
   -0.1097    0.5389   -0.8352
...    59 T-A ...
 -104.2344  -39.4641  -35.1845
   -0.9396    0.1737    0.2949
    0.3047    0.8171    0.4893
   -0.1560    0.5496   -0.8207
...    60 C-G ...
 -104.8216  -37.7496  -37.8932
   -0.5941    0.5823    0.5550
    0.7850    0.5702    0.2422
   -0.1755    0.5795   -0.7958
...    61 G-C ...
 -105.1576  -35.6345  -40.4101
   -0.0679    0.7014    0.7095
    0.9786    0.1853   -0.0895
   -0.1943    0.6883   -0.6989
...    62 A-T ...
 -105.9062  -33.3661  -42.5975
    0.4986    0.6376    0.5872
    0.8504   -0.2287   -0.4738
   -0.1678    0.7356   -0.6563
...    63 G-C ...
 -106.6262  -30.7417  -44.4303
    0.8643    0.3703    0.3405
    0.4940   -0.4972   -0.7133
   -0.0949    0.7847   -0.6126
...    64 C-G ...
 -106.9007  -27.8691  -45.9799
    0.9993    0.0065   -0.0379
   -0.0266   -0.5927   -0.8050
   -0.0277    0.8054   -0.5921
...    65 T-A ...
 -106.7049  -25.0224  -47.6089
    0.8533   -0.3468   -0.3893
   -0.5181   -0.4804   -0.7077
    0.0585    0.8056   -0.5896
...    66 C-G ...
 -106.2656  -22.4215  -49.5132
    0.4097   -0.5824   -0.7021
   -0.9066   -0.1750   -0.3839
    0.1007    0.7938   -0.5998
...    67 G-C ...
 -106.2064  -19.9709  -51.7343
   -0.1534   -0.6517   -0.7428
   -0.9780    0.2074    0.0200
    0.1411    0.7296   -0.6692
...    68 G-C ...
 -105.4561  -17.7401  -54.1379
   -0.6543   -0.4870   -0.5785
   -0.7463    0.5396    0.3898
    0.1223    0.6868   -0.7165
...    69 G-C ...
 -104.9263  -15.6795  -56.7414
   -0.9559   -0.1689   -0.2401
   -0.2855    0.7256    0.6261
    0.0685    0.6670   -0.7419
...    70 A-T ...
 -104.6536  -13.5907  -59.2358
   -0.9482    0.2634    0.1778
    0.3137    0.6859    0.6567
    0.0511    0.6784   -0.7329
...    71 T-A ...
 -104.8642  -11.8094  -61.9965
   -0.6697    0.5676    0.4790
    0.7403    0.4592    0.4909
    0.0587    0.6834   -0.7277
...    72 C-G ...
 -104.7995   -9.5949  -64.3849
   -0.1362    0.6933    0.7077
    0.9890    0.0541    0.1373
    0.0569    0.7187   -0.6930
...    73 C-G ...
 -105.0154   -7.0691  -66.6066
    0.3805    0.5366    0.7532
    0.9200   -0.3023   -0.2494
    0.0939    0.7878   -0.6087
...    74 G-C ...
 -104.4047   -4.4621  -68.5441
    0.7781    0.1711    0.6044
    0.5952   -0.5084   -0.6223
    0.2008    0.8440   -0.4974
...    75 C-G ...
 -103.8152   -1.4547  -69.6965
    0.9572   -0.1770    0.2289
    0.1125   -0.5012   -0.8580
    0.2666    0.8470   -0.4598
...    76 T-A ...
 -102.7253    1.4371  -70.8058
    0.8623   -0.4694   -0.1902
   -0.3622   -0.3090   -0.8794
    0.3540    0.8272   -0.4365
...    77 T-A ...
 -101.3836    4.1535  -71.9463
    0.5226   -0.5691   -0.6349
   -0.7671    0.0112   -0.6414
    0.3721    0.8222   -0.4307
...    78 T-A ...
  -99.8848    6.7607  -73.1612
    0.0182   -0.4606   -0.8874
   -0.9238    0.3317   -0.1912
    0.3824    0.8233   -0.4195
...    79 A-T ...
  -98.7465    9.5275  -74.5851
   -0.5250   -0.1983   -0.8277
   -0.7582    0.5508    0.3489
    0.3867    0.8107   -0.4396
...    80 A-T ...
  -97.2925   11.9517  -76.1905
   -0.8474    0.1632   -0.5053
   -0.3416    0.5610    0.7541
    0.4066    0.8116   -0.4196
...    81 C-G ...
  -95.9511   14.2938  -78.1048
   -0.9103    0.4113   -0.0472
    0.1341    0.4009    0.9062
    0.3917    0.8186   -0.4201
...    82 A-T ...
  -94.6573   17.0580  -79.3625
   -0.7239    0.4819    0.4938
    0.6136    0.1223    0.7801
    0.3155    0.8677   -0.3842
...    83 C-G ...
  -94.1645   19.8983  -80.9463
   -0.3322    0.4461    0.8310
    0.8927   -0.1358    0.4298
    0.3045    0.8846   -0.3531
...    84 T-A ...
  -93.5407   22.9414  -82.0235
    0.1266    0.2468    0.9608
    0.9432   -0.3298   -0.0396
    0.3070    0.9112   -0.2746
...    85 T-A ...
  -92.8005   25.9900  -82.7909
    0.5992   -0.0036    0.8006
    0.7299   -0.4083   -0.5482
    0.3288    0.9128   -0.2421
...    86 T-A ...
  -91.8746   29.0360  -83.3200
    0.8814   -0.2598    0.3946
    0.3013   -0.3341   -0.8931
    0.3638    0.9060   -0.2162
...    87 A-T ...
  -90.4522   32.0339  -83.5225
    0.8426   -0.5333   -0.0746
   -0.1574   -0.1114   -0.9812
    0.5150    0.8385   -0.1779
...    88 T-A ...
  -88.5300   34.6831  -83.4398
    0.6511   -0.5353   -0.5381
   -0.5386    0.1738   -0.8244
    0.5348    0.8266   -0.1752
...    89 G-C ...
  -86.6580   37.2751  -84.2809
    0.1986   -0.4356   -0.8780
   -0.7757    0.4777   -0.4124
    0.5990    0.7630   -0.2430
...    90 C-G ...
  -84.3409   39.4536  -85.1428
   -0.2618   -0.1387   -0.9551
   -0.7442    0.6591    0.1083
    0.6145    0.7391   -0.2758
...    91 T-A ...
  -82.1395   41.6249  -86.2943
   -0.6240    0.1952   -0.7566
   -0.4892    0.6575    0.5731
    0.6093    0.7278   -0.3148
...    92 T-A ...
  -80.0056   43.7496  -87.5319
   -0.7670    0.5583   -0.3163
   -0.0627    0.4255    0.9028
    0.6386    0.7123   -0.2913
...    93 C-G ...
  -77.9451   46.0523  -88.6073
   -0.6747    0.6886    0.2658
    0.3836    0.0195    0.9233
    0.6306    0.7249   -0.2773
...    94 C-G ...
  -76.0411   48.5559  -89.8285
   -0.4322    0.5308    0.7290
    0.6727   -0.3485    0.6526
    0.6005    0.7725   -0.2064
...    95 G-C ...
  -73.8466   50.9777  -90.3188
   -0.1039    0.1539    0.9826
    0.7969   -0.5782    0.1749
    0.5951    0.8012   -0.0626
...    96 G-C ...
  -72.2011   53.9139  -90.3800
    0.2403   -0.2564    0.9362
    0.7482   -0.5656   -0.3469
    0.6184    0.7838    0.0559
...    97 C-G ...
  -70.5000   56.6439  -89.8176
    0.5390   -0.5714    0.6188
    0.5306   -0.3402   -0.7763
    0.6541    0.7468    0.1199
...    98 T-A ...
  -68.4243   59.0275  -88.9654
    0.6640   -0.7330    0.1476
    0.2306    0.0129   -0.9730
    0.7113    0.6801    0.1776
...    99 C-G ...
  -65.9888   61.0330  -88.2417
    0.6409   -0.6381   -0.4267
   -0.1460    0.4444   -0.8839
    0.7536    0.6288    0.1917
...   100 G-C ...
  -63.3742   63.0449  -88.0372
    0.3833   -0.3674   -0.8474
   -0.3982    0.7621   -0.5106
    0.8334    0.5331    0.1458
...   101 T-A ...
  -60.3523   64.2265  -87.4203
    0.1189    0.0622   -0.9910
   -0.5206    0.8538   -0.0089
    0.8455    0.5169    0.1339
...   102 A-T ...
  -57.7082   66.1774  -86.8813
   -0.1923    0.5757   -0.7947
   -0.4850    0.6483    0.5870
    0.8531    0.4983    0.1545
...   103 T-A ...
  -54.6454   67.4307  -86.9040
   -0.3872    0.8348   -0.3914
   -0.3326    0.2695    0.9037
    0.8599    0.4801    0.1733
...   104 C-G ...
  -51.8039   68.9897  -86.4610
   -0.5222    0.8301    0.1953
   -0.0622   -0.2655    0.9621
    0.8505    0.4903    0.1903
...   105 A-T ...
  -48.9953   70.5621  -85.7231
   -0.5599    0.4977    0.6624
    0.2313   -0.6738    0.7017
    0.7956    0.5461    0.2622
...   106 T-A ...
  -46.7058   72.8452  -85.2022
   -0.3970    0.0964    0.9127
    0.4656   -0.8358    0.2908
    0.7909    0.5405    0.2870
...   107 G-C ...
  -44.2244   74.7022  -83.9856
   -0.2302   -0.4310    0.8725
    0.6148   -0.7594   -0.2129
    0.7543    0.4874    0.4398
...   108 T-A ...
  -42.2517   76.6022  -82.2344
    0.0438   -0.7793    0.6252
    0.6572   -0.4488   -0.6055
    0.7525    0.4374    0.4924
...   109 T-A ...
  -40.0097   78.0035  -80.3988
    0.3393   -0.9227    0.1829
    0.5533    0.0386   -0.8321
    0.7608    0.3835    0.5236
...   110 A-T ...
  -37.6011   78.8266  -78.2672
    0.4396   -0.8304   -0.3422
    0.3678    0.5140   -0.7749
    0.8194    0.2148    0.5314
...   111 T-A ...
  -35.1471   78.9914  -76.0996
    0.5566   -0.4759   -0.6809
    0.1237    0.8580   -0.4985
    0.8215    0.1932    0.5365
...   112 A-T ...
  -32.3743   79.6872  -74.4321
    0.5154    0.1013   -0.8509
   -0.1876    0.9822    0.0034
    0.8362    0.1579    0.5253
...   113 A-T ...
  -29.5575   79.8469  -72.8058
    0.3619    0.6414   -0.6765
   -0.4470    0.7562    0.4778
    0.8180    0.1295    0.5604
...   114 C-G ...
  -26.5436   79.9464  -71.3952
    0.0869    0.9380   -0.3356
   -0.5696    0.3231    0.7558
    0.8173    0.1254    0.5623
...   115 G-C ...
  -24.1395   80.3674  -69.1732
   -0.2991    0.9505    0.0844
   -0.5371   -0.2408    0.8084
    0.7887    0.1965    0.5826
...   116 G-C ...
  -21.3331   81.1296  -67.4794
   -0.5983    0.6688    0.4413
   -0.3170   -0.7034    0.6362
    0.7359    0.2407    0.6328
...   117 A-T ...
  -18.8833   81.9642  -65.5302
   -0.7176    0.1525    0.6795
    0.0539   -0.9606    0.2725
    0.6944    0.2322    0.6812
...   118 T-A ...
  -16.8587   83.3501  -63.3826
   -0.6324   -0.3328    0.6995
    0.3867   -0.9181   -0.0872
    0.6712    0.2154    0.7093
...   119 A-T ...
  -15.2673   84.4817  -60.6394
   -0.5323   -0.7482    0.3959
    0.6603   -0.6597   -0.3590
    0.5298    0.0703    0.8452
...   120 A-T ...
  -13.8583   84.7153  -57.7589
   -0.1436   -0.9851    0.0947
    0.8554   -0.1717   -0.4888
    0.4977    0.0108    0.8673
...   121 T-A ...
  -12.8855   84.6404  -54.6507
    0.2630   -0.9480   -0.1794
    0.8317    0.3170   -0.4558
    0.4890   -0.0293    0.8718
...   122 G-C ...
  -11.1314   84.1922  -51.8850
    0.6034   -0.6267   -0.4931
    0.6022    0.7634   -0.2334
    0.5227   -0.1561    0.8381
...   123 T-A ...
   -9.6941   83.0741  -49.1428
    0.8154   -0.1579   -0.5569
    0.2346    0.9697    0.0686
    0.5292   -0.1866    0.8277
...   124 G-C ...
   -7.7616   82.6784  -46.5144
    0.7801    0.4188   -0.4648
   -0.2359    0.8850    0.4014
    0.5794   -0.2035    0.7892
...   125 T-A ...
   -5.6121   81.5286  -44.2456
    0.5552    0.8100   -0.1887
   -0.6011    0.5476    0.5821
    0.5748   -0.2098    0.7909
...   126 C-G ...
   -3.6381   80.7879  -41.7400
    0.1075    0.9772    0.1829
   -0.8194   -0.0171    0.5729
    0.5630   -0.2115    0.7989
...   127 G-C ...
   -2.1663   79.8964  -38.9250
   -0.4020    0.8334    0.3792
   -0.7659   -0.5330    0.3595
    0.5018   -0.1459    0.8526
...   128 A-T ...
   -0.4175   79.4233  -36.2363
   -0.7867    0.4047    0.4662
   -0.4252   -0.9027    0.0661
    0.4476   -0.1462    0.8822
...   129 C-G ...
    1.0791   79.5671  -33.3508
   -0.9211   -0.0771    0.3816
    0.0105   -0.9848   -0.1736
    0.3891   -0.1559    0.9079
...   130 C-G ...
    2.1543   79.4661  -30.1656
   -0.8439   -0.5249    0.1111
    0.4677   -0.8211   -0.3274
    0.2631   -0.2243    0.9383
...   131 A-T ...
    2.6800   78.7260  -26.9539
   -0.5328   -0.8125   -0.2364
    0.8381   -0.4682   -0.2799
    0.1168   -0.3472    0.9305
...   132 A-T ...
    2.6991   77.5610  -23.9544
   -0.0196   -0.9171   -0.3982
    0.9967    0.0134   -0.0800
    0.0787   -0.3985    0.9138
...   133 A-T ...
    2.6287   76.0974  -21.0770
    0.5137   -0.7597   -0.3987
    0.8559    0.4862    0.1765
    0.0598   -0.4319    0.8999
...   134 T-A ...
    2.3075   74.2307  -18.3901
    0.8657   -0.4293   -0.2574
    0.4984    0.7868    0.3641
    0.0462   -0.4435    0.8951
...   135 G-C ...
    1.4354   72.0970  -15.6049
    0.9809    0.0621    0.1843
   -0.1263    0.9241    0.3607
   -0.1479   -0.3771    0.9143
...   136 T-A ...
    0.5279   69.2393  -13.4687
    0.7351    0.4963    0.4618
   -0.6117    0.7792    0.1365
   -0.2921   -0.3828    0.8764
...   137 G-C ...
   -0.1659   67.4105  -10.8094
    0.1800    0.8794    0.4408
   -0.9276    0.3008   -0.2214
   -0.3274   -0.3691    0.8698
...   138 A-T ...
   -0.1322   66.2180   -7.8215
   -0.3749    0.8570    0.3536
   -0.8857   -0.2184   -0.4098
   -0.2739   -0.4668    0.8409
...   139 G-C ...
   -1.0069   65.6075   -4.9423
   -0.8336    0.5218    0.1811
   -0.5170   -0.6220   -0.5881
   -0.1942   -0.5839    0.7883
...   140 C-G ...
   -0.6975   63.9003   -2.2527
   -0.9992    0.0157   -0.0376
    0.0023   -0.8993   -0.4374
   -0.0406   -0.4371    0.8985
...   141 G-C ...
   -3.4383   60.2385    1.0285
   -0.4425    0.2285   -0.8672
    0.1683   -0.9287   -0.3306
   -0.8808   -0.2922    0.3725
...   142 C-G ...
   -6.3289   59.0834    1.6294
   -0.2970   -0.3280   -0.8968
    0.5656   -0.8171    0.1115
   -0.7693   -0.4741    0.4282
...   143 T-A ...
   -8.6769   58.7243    3.6025
   -0.0347   -0.7817   -0.6227
    0.6533   -0.4893    0.5778
   -0.7563   -0.3868    0.5276
...   144 C-G ...
  -11.6545   58.0114    4.7194
    0.2451   -0.9542   -0.1716
    0.6322    0.0231    0.7745
   -0.7350   -0.2983    0.6089
...   145 A-T ...
  -14.1761   56.5668    6.1808
    0.5795   -0.7268    0.3687
    0.3139    0.6165    0.7220
   -0.7521   -0.3027    0.5855
...   146 C-G ...
  -16.4652   53.8949    7.5154
    0.5336   -0.3331    0.7774
   -0.0346    0.9098    0.4136
   -0.8450   -0.2476    0.4739
...   147 A-T ...
  -19.0173   52.0374    8.9261
    0.2452    0.2907    0.9249
   -0.3073    0.9281   -0.2103
   -0.9195   -0.2327    0.3169
