  147 base-pairs
...     1 A-T ...
    0.0000    0.0000    0.0000
    1.0000    0.0000    0.0000
    0.0000    1.0000    0.0000
    0.0000    0.0000    1.0000
...     2 G-C ...
   -0.1404   -1.2353    3.2259
    0.7530    0.6366    0.1668
   -0.6385    0.7681   -0.0490
   -0.1593   -0.0696    0.9848
...     3 T-A ...
   -0.0377   -3.2918    6.3749
    0.2722    0.9302    0.2464
   -0.9238    0.3243   -0.2034
   -0.2691   -0.1722    0.9476
...     4 G-C ...
   -0.3520   -4.1638    9.4928
   -0.3756    0.9250    0.0576
   -0.8780   -0.3352   -0.3416
   -0.2967   -0.1788    0.9381
...     5 A-T ...
   -0.4480   -4.1448   12.7498
   -0.8116    0.5839   -0.0166
   -0.5522   -0.7762   -0.3042
   -0.1905   -0.2377    0.9525
...     6 G-C ...
   -1.5926   -4.1701   15.6201
   -0.9976    0.0246   -0.0651
   -0.0043   -0.9555   -0.2950
   -0.0694   -0.2940    0.9533
...     7 C-G ...
   -1.1050   -4.4793   18.7363
   -0.8442   -0.5302   -0.0787
    0.5343   -0.8442   -0.0430
   -0.0437   -0.0784    0.9960
...     8 G-C ...
   -2.4044   -7.7255   23.1483
   -0.2753   -0.3294   -0.9032
    0.6650   -0.7437    0.0686
   -0.6943   -0.5817    0.4238
...     9 C-G ...
   -4.4706   -9.9691   24.1142
    0.1145   -0.7026   -0.7023
    0.8512   -0.2951    0.4341
   -0.5123   -0.6475    0.5642
...    10 T-A ...
   -6.7420  -10.8705   25.9717
    0.4841   -0.8363   -0.2573
    0.6594    0.1554    0.7356
   -0.5752   -0.5257    0.6267
...    11 C-G ...
   -9.1682  -12.6167   27.1662
    0.7073   -0.6683    0.2306
    0.3450    0.6110    0.7125
   -0.6170   -0.4243    0.6627
...    12 A-T ...
  -10.9253  -14.6583   29.0713
    0.7515   -0.1377    0.6452
   -0.2027    0.8824    0.4245
   -0.6278   -0.4498    0.6352
...    13 C-G ...
  -11.8495  -17.4796   31.2472
    0.4294    0.2824    0.8578
   -0.5708    0.8209    0.0155
   -0.6998   -0.4963    0.5137
...    14 A-T ...
  -13.5915  -19.7756   33.4284
   -0.1503    0.6106    0.7775
   -0.6874    0.5007   -0.5261
   -0.7106   -0.6135    0.3445
...    15 A-T ...
  -15.7668  -21.8937   34.5381
   -0.4971    0.7958    0.3458
   -0.4621    0.0945   -0.8818
   -0.7344   -0.5982    0.3208
...    16 T-A ...
  -17.9136  -23.8347   36.2973
   -0.6905    0.7054   -0.1599
   -0.1134   -0.3240   -0.9392
   -0.7144   -0.6304    0.3037
...    17 T-A ...
  -20.2596  -25.7212   37.6422
   -0.6429    0.3743   -0.6683
    0.3207   -0.6608   -0.6786
   -0.6956   -0.6505    0.3048
...    18 T-A ...
  -22.6144  -27.6538   38.6233
   -0.3158    0.0193   -0.9486
    0.6037   -0.7672   -0.2166
   -0.7320   -0.6411    0.2307
...    19 A-T ...
  -25.0929  -29.6637   39.0119
    0.1395   -0.1960   -0.9706
    0.6506   -0.7208    0.2390
   -0.7465   -0.6649    0.0270
...    20 T-A ...
  -27.9350  -31.3072   38.7346
    0.4578   -0.5070   -0.7303
    0.4888   -0.5426    0.6831
   -0.7426   -0.6697   -0.0006
...    21 T-A ...
  -30.4656  -33.3684   38.4100
    0.6642   -0.7070   -0.2427
    0.1409   -0.2005    0.9695
   -0.7341   -0.6782   -0.0335
...    22 C-G ...
  -32.7715  -35.6711   38.1774
    0.6489   -0.6759    0.3494
   -0.2806    0.2142    0.9356
   -0.7073   -0.7051   -0.0506
...    23 G-C ...
  -35.0199  -38.0935   38.7474
    0.4608   -0.3676    0.8077
   -0.6432    0.4888    0.5894
   -0.6115   -0.7912   -0.0112
...    24 C-G ...
  -36.7106  -40.8827   38.5935
    0.0889   -0.0206    0.9958
   -0.7908    0.6064    0.0832
   -0.6056   -0.7949    0.0376
...    25 A-T ...
  -39.0838  -43.1725   38.5194
   -0.3632    0.3485    0.8641
   -0.6933    0.5184   -0.5006
   -0.6224   -0.7809    0.0534
...    26 A-T ...
  -40.9915  -45.8254   38.8817
   -0.7028    0.5606    0.4380
   -0.3613    0.2491   -0.8986
   -0.6129   -0.7897    0.0275
...    27 A-T ...
  -42.8526  -48.4667   39.3081
   -0.7960    0.5855   -0.1533
    0.1263   -0.0870   -0.9882
   -0.5919   -0.8060   -0.0047
...    28 G-C ...
  -45.0926  -50.9453   39.7024
   -0.5691    0.5148   -0.6412
    0.5118   -0.3886   -0.7662
   -0.6436   -0.7642   -0.0423
...    29 G-C ...
  -47.6842  -53.2353   39.6487
   -0.1240    0.3248   -0.9376
    0.7321   -0.6079   -0.3074
   -0.6698   -0.7246   -0.1624
...    30 C-G ...
  -50.2551  -55.1477   38.9974
    0.3374    0.0281   -0.9409
    0.6723   -0.7069    0.2199
   -0.6590   -0.7068   -0.2574
...    31 C-G ...
  -52.6270  -57.2077   37.9346
    0.7126   -0.2715   -0.6469
    0.3629   -0.6465    0.6711
   -0.6005   -0.7129   -0.3622
...    32 G-C ...
  -54.0698  -59.5923   36.7206
    0.8667   -0.4601   -0.1927
   -0.0718   -0.4974    0.8645
   -0.4936   -0.7355   -0.4641
...    33 G-C ...
  -55.0213  -62.2396   34.8403
    0.7170   -0.6194    0.3198
   -0.5607   -0.2398    0.7925
   -0.4142   -0.7476   -0.5193
...    34 C-G ...
  -55.8859  -64.8234   33.0302
    0.3036   -0.6370    0.7085
   -0.8785    0.1007    0.4670
   -0.3688   -0.7642   -0.5291
...    35 C-G ...
  -56.8100  -67.6703   31.4164
   -0.2477   -0.4801    0.8415
   -0.9104    0.4124   -0.0327
   -0.3313   -0.7743   -0.5392
...    36 C-G ...
  -57.7350  -70.4406   29.7518
   -0.6975   -0.1640    0.6976
   -0.6344    0.5941   -0.4946
   -0.3333   -0.7875   -0.5184
...    37 G-C ...
  -59.0878  -72.3531   27.1604
   -0.9130    0.2414    0.3290
   -0.1185    0.6146   -0.7799
   -0.3904   -0.7510   -0.5325
...    38 A-T ...
  -60.0637  -74.7882   25.4530
   -0.8107    0.5615   -0.1658
    0.4437    0.4046   -0.7996
   -0.3819   -0.7218   -0.5772
...    39 C-G ...
  -61.7256  -77.0124   23.8763
   -0.4507    0.7378   -0.5025
    0.7937    0.0736   -0.6038
   -0.4085   -0.6710   -0.6188
...    40 A-T ...
  -63.2675  -79.1016   21.8247
    0.0961    0.7550   -0.6486
    0.9046   -0.3381   -0.2596
   -0.4153   -0.5618   -0.7155
...    41 C-G ...
  -64.9142  -80.3817   19.3548
    0.5638    0.5467   -0.6191
    0.7356   -0.6732    0.0754
   -0.3756   -0.4979   -0.7817
...    42 G-C ...
  -65.7233  -82.2290   16.7018
    0.9151    0.1409   -0.3778
    0.2782   -0.8989    0.3385
   -0.2919   -0.4149   -0.8618
...    43 A-T ...
  -66.6062  -83.4610   13.9196
    0.9110   -0.3986   -0.1059
   -0.3038   -0.8221    0.4815
   -0.2790   -0.4064   -0.8700
...    44 C-G ...
  -67.1422  -84.2364   10.7471
    0.6348   -0.7471    0.1970
   -0.7402   -0.5149    0.4323
   -0.2215   -0.4203   -0.8799
...    45 T-A ...
  -67.1166  -85.5997    7.3607
    0.1251   -0.9129    0.3886
   -0.9716   -0.0335    0.2341
   -0.2007   -0.4069   -0.8912
...    46 T-A ...
  -67.1985  -86.7847    4.2875
   -0.3813   -0.8323    0.4025
   -0.9050    0.4250    0.0215
   -0.1889   -0.3560   -0.9152
...    47 A-T ...
  -68.0443  -87.6527    1.1478
   -0.8694   -0.3932    0.2991
   -0.4636    0.8587   -0.2187
   -0.1708   -0.3287   -0.9288
...    48 C-G ...
  -68.4284  -89.3348   -1.7118
   -0.9824    0.1164    0.1462
    0.0626    0.9420   -0.3296
   -0.1761   -0.3146   -0.9327
...    49 T-A ...
  -69.2792  -90.7079   -4.6618
   -0.7874    0.6158    0.0273
    0.5674    0.7415   -0.3581
   -0.2407   -0.2665   -0.9333
...    50 G-C ...
  -70.3122  -91.3321   -7.8145
   -0.3179    0.9478   -0.0234
    0.9034    0.2953   -0.3110
   -0.2879   -0.1200   -0.9501
...    51 T-A ...
  -71.7741  -91.6825  -10.6348
    0.1540    0.9854   -0.0719
    0.9486   -0.1678   -0.2683
   -0.2765   -0.0269   -0.9606
...    52 A-T ...
  -73.4787  -90.6786  -13.4949
    0.6183    0.7790    0.1041
    0.7715   -0.5764   -0.2696
   -0.1500    0.2470   -0.9573
...    53 G-C ...
  -74.3153  -89.5693  -16.3986
    0.9165    0.3904    0.0870
    0.3963   -0.8574   -0.3283
   -0.0536    0.3354   -0.9406
...    54 G-C ...
  -74.4919  -87.4105  -19.3791
    0.9912   -0.1323   -0.0087
   -0.1260   -0.9192   -0.3732
    0.0413    0.3710   -0.9277
...    55 T-A ...
  -73.9454  -85.7940  -22.1710
    0.7951   -0.5783   -0.1824
   -0.6020   -0.7164   -0.3528
    0.0734    0.3903   -0.9178
...    56 A-T ...
  -73.1063  -84.2541  -25.0871
    0.3216   -0.8925   -0.3162
   -0.9379   -0.2544   -0.2359
    0.1301    0.3725   -0.9189
...    57 T-A ...
  -71.9256  -82.8999  -27.8784
   -0.1806   -0.8874   -0.4242
   -0.9745    0.2198   -0.0449
    0.1331    0.4053   -0.9044
...    58 C-G ...
  -71.2161  -81.7397  -30.9506
   -0.7281   -0.5694   -0.3818
   -0.6730    0.6995    0.2403
    0.1302    0.4319   -0.8925
...    59 T-A ...
  -70.7479  -80.6208  -34.0594
   -0.9749   -0.1524   -0.1623
   -0.2067    0.8906    0.4051
    0.0828    0.4285   -0.8997
...    60 C-G ...
  -70.4889  -79.2012  -37.0673
   -0.9246    0.3584    0.1291
    0.3773    0.8151    0.4395
    0.0523    0.4551   -0.8889
...    61 G-C ...
  -70.2378  -77.2718  -39.6748
   -0.6395    0.5945    0.4875
    0.7653    0.5524    0.3303
   -0.0729    0.5843   -0.8082
...    62 A-T ...
  -70.2682  -75.4045  -42.3192
   -0.1220    0.7360    0.6659
    0.9910    0.1273    0.0409
   -0.0546    0.6649   -0.7449
...    63 G-C ...
  -70.8497  -72.9705  -44.4875
    0.3838    0.6402    0.6655
    0.9226   -0.2349   -0.3061
   -0.0396    0.7314   -0.6808
...    64 C-G ...
  -71.3454  -70.2162  -46.3763
    0.8310    0.3536    0.4294
    0.5562   -0.5283   -0.6415
   -0.0000    0.7719   -0.6357
...    65 T-A ...
  -71.4902  -67.4321  -48.1366
    0.9956   -0.0068    0.0939
    0.0708   -0.6032   -0.7944
    0.0620    0.7975   -0.6001
...    66 C-G ...
  -70.9119  -64.9772  -50.1591
    0.8661   -0.3722   -0.3337
   -0.4803   -0.4346   -0.7619
    0.1385    0.8201   -0.5552
...    67 G-C ...
  -70.7289  -62.6990  -52.6456
    0.4615   -0.5923   -0.6604
   -0.8612   -0.1207   -0.4936
    0.2127    0.7966   -0.5658
...    68 G-C ...
  -69.7640  -60.0752  -54.4703
   -0.0743   -0.6008   -0.7959
   -0.9746    0.2128   -0.0696
    0.2111    0.7706   -0.6014
...    69 G-C ...
  -68.8346  -57.6553  -56.5768
   -0.5957   -0.4616   -0.6574
   -0.7823    0.5190    0.3444
    0.1822    0.7194   -0.6702
...    70 A-T ...
  -68.0108  -55.4224  -58.8983
   -0.9410   -0.0707   -0.3309
   -0.2863    0.6877    0.6671
    0.1804    0.7225   -0.6674
...    71 T-A ...
  -67.4306  -53.4986  -61.5228
   -0.9591    0.2755    0.0651
    0.2303    0.6254    0.7455
    0.1647    0.7300   -0.6633
...    72 C-G ...
  -67.0750  -51.1797  -63.8341
   -0.6570    0.5628    0.5017
    0.7383    0.3457    0.5791
    0.1525    0.7509   -0.6426
...    73 C-G ...
  -66.6344  -48.8584  -66.1169
   -0.2242    0.5445    0.8083
    0.9657    0.0126    0.2595
    0.1311    0.8387   -0.5286
...    74 G-C ...
  -65.8126  -46.0260  -67.5593
    0.2685    0.3214    0.9081
    0.9525   -0.2290   -0.2006
    0.1435    0.9188   -0.3676
...    75 C-G ...
  -65.7546  -42.6990  -68.4762
    0.7501    0.1078    0.6525
    0.6420   -0.3556   -0.6793
    0.1588    0.9284   -0.3359
...    76 T-A ...
  -65.1371  -39.3453  -68.9930
    0.9738   -0.1324    0.1851
    0.1384   -0.3013   -0.9434
    0.1806    0.9443   -0.2751
...    77 T-A ...
  -64.4698  -36.1963  -69.4573
    0.8859   -0.2631   -0.3822
   -0.4320   -0.1673   -0.8862
    0.1692    0.9502   -0.2618
...    78 T-A ...
  -63.7440  -33.0935  -70.0307
    0.5023   -0.3032   -0.8098
   -0.8484    0.0083   -0.5294
    0.1672    0.9529   -0.2530
...    79 A-T ...
  -63.6614  -29.9440  -70.9408
   -0.0612   -0.2103   -0.9757
   -0.9844    0.1744    0.0242
    0.1651    0.9619   -0.2177
...    80 A-T ...
  -62.9507  -26.9293  -71.6660
   -0.5775   -0.0872   -0.8117
   -0.8017    0.2482    0.5438
    0.1541    0.9648   -0.2132
...    81 C-G ...
  -62.0695  -23.9461  -72.8849
   -0.9074    0.0444   -0.4178
   -0.3938    0.2568    0.8826
    0.1465    0.9654   -0.2155
...    82 A-T ...
  -61.6720  -20.7882  -73.7358
   -0.9848    0.0932    0.1465
    0.1623    0.1947    0.9674
    0.0616    0.9764   -0.2068
...    83 C-G ...
  -61.8856  -17.6772  -74.9859
   -0.7757    0.1455    0.6141
    0.6300    0.1203    0.7672
    0.0377    0.9820   -0.1850
...    84 T-A ...
  -62.4811  -14.2299  -75.8492
   -0.3237    0.1302    0.9372
    0.9458    0.0188    0.3241
    0.0245    0.9913   -0.1293
...    85 T-A ...
  -62.8414  -11.0315  -76.2244
    0.2508    0.1064    0.9622
    0.9675   -0.0609   -0.2455
    0.0325    0.9925   -0.1182
...    86 T-A ...
  -62.9309   -7.8249  -76.4540
    0.7308    0.0134    0.6824
    0.6801   -0.0984   -0.7264
    0.0575    0.9951   -0.0810
...    87 A-T ...
  -62.5390   -4.5858  -76.6064
    0.9586   -0.1641    0.2328
    0.2258   -0.0602   -0.9723
    0.1735    0.9846   -0.0206
...    88 T-A ...
  -62.0239   -1.3822  -75.9408
    0.9449   -0.1688   -0.2806
   -0.2793    0.0319   -0.9597
    0.1709    0.9851   -0.0170
...    89 T-A ...
  -61.2938    1.8054  -75.6950
    0.6358   -0.1269   -0.7614
   -0.7496    0.1337   -0.6483
    0.1840    0.9829   -0.0101
...    90 C-G ...
  -60.7892    5.0081  -76.0498
    0.0997   -0.0546   -0.9935
   -0.9691    0.2210   -0.1094
    0.2256    0.9737   -0.0308
...    91 A-T ...
  -59.6218    8.1808  -76.0869
   -0.4304   -0.0263   -0.9022
   -0.8669    0.2906    0.4051
    0.2516    0.9565   -0.1479
...    92 T-A ...
  -58.4707   11.0972  -76.9161
   -0.8006    0.0954   -0.5916
   -0.5506    0.2727    0.7890
    0.2366    0.9574   -0.1657
...    93 G-C ...
  -57.6198   14.2926  -77.7885
   -0.9835    0.1765   -0.0385
   -0.0101    0.1590    0.9872
    0.1804    0.9714   -0.1546
...    94 T-A ...
  -57.1768   17.3912  -78.9374
   -0.8541    0.2219    0.4704
    0.4885    0.0320    0.8720
    0.1784    0.9746   -0.1357
...    95 T-A ...
  -56.8413   20.4878  -79.4502
   -0.4819    0.1637    0.8608
    0.8617   -0.0895    0.4994
    0.1588    0.9824   -0.0979
...    96 A-T ...
  -56.3515   23.7148  -79.5625
   -0.0073   -0.0317    0.9995
    0.9882   -0.1531    0.0024
    0.1529    0.9877    0.0325
...    97 T-A ...
  -56.5785   26.9072  -79.2743
    0.4599   -0.1122    0.8809
    0.8732   -0.1230   -0.4715
    0.1612    0.9861    0.0414
...    98 A-T ...
  -55.9586   30.0738  -78.9290
    0.7918   -0.3039    0.5298
    0.5554   -0.0026   -0.8316
    0.2541    0.9527    0.1667
...    99 A-T ...
  -55.1970   33.0145  -78.1533
    0.9445   -0.3278    0.0230
    0.0861    0.1792   -0.9800
    0.3172    0.9276    0.1975
...   100 C-G ...
  -53.8963   35.8410  -76.7430
    0.8437   -0.2073   -0.4952
   -0.4131    0.3387   -0.8454
    0.3430    0.9178    0.2001
...   101 G-C ...
  -52.6083   38.8296  -76.5828
    0.4496   -0.0988   -0.8878
   -0.7643    0.4718   -0.4396
    0.4623    0.8761    0.1366
...   102 G-C ...
  -50.7818   41.5584  -76.5409
   -0.0405    0.0788   -0.9961
   -0.8559    0.5116    0.0753
    0.5155    0.8556    0.0467
...   103 A-T ...
  -48.9930   44.2884  -76.6094
   -0.5163    0.3678   -0.7734
   -0.6690    0.3907    0.6323
    0.5347    0.8439    0.0443
...   104 G-C ...
  -47.1772   47.0231  -76.6551
   -0.7895    0.5125   -0.3378
   -0.3168    0.1311    0.9394
    0.5257    0.8486    0.0589
...   105 C-G ...
  -45.3621   49.9058  -76.8947
   -0.8459    0.4668    0.2582
    0.1874   -0.1932    0.9631
    0.4994    0.8630    0.0759
...   106 T-A ...
  -43.8853   52.9873  -77.0039
   -0.6255    0.2449    0.7408
    0.6230   -0.4147    0.6632
    0.4696    0.8764    0.1068
...   107 T-A ...
  -42.5586   55.8778  -76.7373
   -0.2258   -0.0755    0.9712
    0.8610   -0.4818    0.1627
    0.4557    0.8730    0.1738
...   108 C-G ...
  -41.3181   58.7923  -75.9738
    0.2158   -0.4166    0.8831
    0.8562   -0.3540   -0.3763
    0.4694    0.8373    0.2803
...   109 C-G ...
  -39.9935   61.6484  -75.0650
    0.5255   -0.6636    0.5324
    0.6428   -0.1001   -0.7594
    0.5573    0.7413    0.3740
...   110 G-C ...
  -38.0274   63.6647  -73.9264
    0.6802   -0.7316    0.0456
    0.3544    0.2737   -0.8941
    0.6417    0.6243    0.4455
...   111 G-C ...
  -35.5189   65.1091  -72.2347
    0.7164   -0.5195   -0.4657
   -0.0015    0.6663   -0.7457
    0.6977    0.5349    0.4765
...   112 C-G ...
  -32.8507   66.2272  -70.5179
    0.5850   -0.0950   -0.8054
   -0.3543    0.8634   -0.3592
    0.7295    0.4956    0.4714
...   113 T-A ...
  -30.3465   67.6274  -68.9444
    0.3228    0.3730   -0.8699
   -0.5788    0.8050    0.1303
    0.7488    0.4614    0.4758
...   114 C-G ...
  -28.0047   69.3786  -67.4887
   -0.0700    0.7761   -0.6267
   -0.6348    0.4500    0.6281
    0.7695    0.4418    0.4612
...   115 G-C ...
  -25.7930   70.8942  -65.6056
   -0.4397    0.8833   -0.1624
   -0.4952   -0.0876    0.8644
    0.7493    0.4605    0.4759
...   116 T-A ...
  -23.3096   72.7804  -64.5128
   -0.6591    0.6909    0.2971
   -0.2037   -0.5443    0.8138
    0.7239    0.4759    0.4995
...   117 A-T ...
  -20.9122   74.8469  -63.1800
   -0.7250    0.2304    0.6491
    0.1907   -0.8384    0.5107
    0.6619    0.4940    0.5638
...   118 T-A ...
  -19.1005   77.0094  -61.6324
   -0.5565   -0.2077    0.8045
    0.4998   -0.8571    0.1245
    0.6637    0.4714    0.5808
...   119 A-T ...
  -17.1378   78.4987  -59.5457
   -0.3817   -0.6651    0.6418
    0.7242   -0.6467   -0.2396
    0.5744    0.3733    0.7285
...   120 A-T ...
  -15.5680   79.6822  -56.9898
   -0.0045   -0.9458    0.3248
    0.8347   -0.1825   -0.5196
    0.5506    0.2688    0.7903
...   121 T-A ...
  -14.3180   80.4582  -54.0399
    0.3861   -0.9225   -0.0037
    0.7444    0.3139   -0.5893
    0.5448    0.2248    0.8079
...   122 G-C ...
  -12.5194   80.7388  -51.1352
    0.6586   -0.6203   -0.4259
    0.4549    0.7791   -0.4314
    0.5994    0.0904    0.7953
...   123 T-A ...
  -10.5829   80.3646  -48.5669
    0.7942   -0.1765   -0.5814
    0.1196    0.9836   -0.1352
    0.5957    0.0378    0.8023
...   124 G-C ...
   -8.4840   80.3379  -46.0426
    0.7081    0.4137   -0.5722
   -0.3174    0.9104    0.2655
    0.6308   -0.0064    0.7760
...   125 T-A ...
   -6.2285   79.8098  -43.7499
    0.4454    0.8215   -0.3560
   -0.6282    0.5700    0.5296
    0.6380   -0.0122    0.7700
...   126 C-G ...
   -4.1511   79.7641  -41.3688
    0.0128    0.9992    0.0387
   -0.7691   -0.0149    0.6389
    0.6390   -0.0379    0.7683
...   127 G-C ...
   -2.6265   79.4508  -38.5393
   -0.4248    0.8536    0.3016
   -0.6981   -0.5210    0.4911
    0.5763   -0.0019    0.8172
...   128 A-T ...
   -0.6767   79.2294  -36.1089
   -0.7554    0.4083    0.5126
   -0.3662   -0.9117    0.1865
    0.5434   -0.0468    0.8381
...   129 C-G ...
    1.1204   79.7772  -33.4095
   -0.8672   -0.1143    0.4847
    0.0653   -0.9910   -0.1170
    0.4937   -0.0699    0.8668
...   130 C-G ...
    2.1528   80.0437  -30.1611
   -0.8044   -0.5531    0.2168
    0.4786   -0.8195   -0.3152
    0.3520   -0.1498    0.9239
...   131 A-T ...
    2.5901   78.9342  -27.0229
   -0.5984   -0.7690   -0.2246
    0.7892   -0.5177   -0.3304
    0.1378   -0.3750    0.9167
...   132 A-T ...
    2.7688   77.6190  -24.0526
   -0.0954   -0.8978   -0.4300
    0.9914   -0.0470   -0.1218
    0.0892   -0.4379    0.8946
...   133 A-T ...
    2.6348   76.1130  -21.1199
    0.5006   -0.7697   -0.3962
    0.8632    0.4787    0.1605
    0.0661   -0.4223    0.9040
...   134 T-A ...
    2.3075   74.2307  -18.3902
    0.8657   -0.4293   -0.2574
    0.4984    0.7868    0.3641
    0.0462   -0.4435    0.8951
...   135 G-C ...
    1.4353   72.0970  -15.6049
    0.9809    0.0621    0.1843
   -0.1263    0.9241    0.3607
   -0.1479   -0.3771    0.9143
...   136 T-A ...
    0.5279   69.2393  -13.4688
    0.7351    0.4963    0.4618
   -0.6117    0.7792    0.1365
   -0.2921   -0.3828    0.8764
...   137 G-C ...
   -0.1660   67.4105  -10.8094
    0.1800    0.8794    0.4408
   -0.9276    0.3008   -0.2214
   -0.3274   -0.3691    0.8698
...   138 A-T ...
   -0.1322   66.2179   -7.8215
   -0.3749    0.8570    0.3536
   -0.8857   -0.2184   -0.4098
   -0.2739   -0.4668    0.8409
...   139 G-C ...
   -1.0070   65.6074   -4.9424
   -0.8336    0.5218    0.1811
   -0.5170   -0.6220   -0.5881
   -0.1942   -0.5839    0.7883
...   140 C-G ...
   -0.6975   63.9003   -2.2527
   -0.9992    0.0157   -0.0376
    0.0023   -0.8993   -0.4374
   -0.0406   -0.4371    0.8985
...   141 G-C ...
   -3.4383   60.2385    1.0284
   -0.4425    0.2285   -0.8672
    0.1683   -0.9287   -0.3306
   -0.8808   -0.2922    0.3725
...   142 C-G ...
   -6.3289   59.0833    1.6294
   -0.2970   -0.3280   -0.8968
    0.5656   -0.8171    0.1115
   -0.7693   -0.4741    0.4282
...   143 T-A ...
   -8.6769   58.7242    3.6025
   -0.0347   -0.7817   -0.6227
    0.6533   -0.4893    0.5778
   -0.7563   -0.3868    0.5276
...   144 C-G ...
  -11.6545   58.0113    4.7194
    0.2451   -0.9542   -0.1716
    0.6322    0.0231    0.7745
   -0.7350   -0.2983    0.6089
...   145 A-T ...
  -14.1761   56.5668    6.1807
    0.5795   -0.7268    0.3687
    0.3139    0.6165    0.7220
   -0.7521   -0.3027    0.5855
...   146 C-G ...
  -16.4652   53.8949    7.5154
    0.5336   -0.3331    0.7774
   -0.0346    0.9098    0.4136
   -0.8450   -0.2476    0.4739
...   147 A-T ...
  -19.0173   52.0374    8.9261
    0.2452    0.2907    0.9249
   -0.3073    0.9281   -0.2103
   -0.9195   -0.2327    0.3169
