  147 base-pairs
...     1 A-T ...
    0.0000    0.0000    0.0000
    1.0000    0.0000    0.0000
    0.0000    1.0000    0.0000
    0.0000    0.0000    1.0000
...     2 G-C ...
   -0.1404   -1.2353    3.2259
    0.7530    0.6366    0.1668
   -0.6385    0.7681   -0.0490
   -0.1593   -0.0696    0.9848
...     3 T-A ...
   -0.0377   -3.2918    6.3749
    0.2722    0.9302    0.2464
   -0.9238    0.3243   -0.2034
   -0.2691   -0.1722    0.9476
...     4 G-C ...
   -0.3520   -4.1638    9.4928
   -0.3756    0.9250    0.0576
   -0.8780   -0.3352   -0.3416
   -0.2967   -0.1788    0.9381
...     5 A-T ...
   -0.4480   -4.1448   12.7498
   -0.8116    0.5839   -0.0166
   -0.5522   -0.7762   -0.3042
   -0.1905   -0.2377    0.9525
...     6 G-C ...
   -1.5926   -4.1701   15.6201
   -0.9976    0.0246   -0.0651
   -0.0043   -0.9555   -0.2950
   -0.0694   -0.2940    0.9533
...     7 C-G ...
   -1.1050   -4.4793   18.7363
   -0.8442   -0.5302   -0.0787
    0.5343   -0.8442   -0.0430
   -0.0437   -0.0784    0.9960
...     8 G-C ...
   -2.4044   -7.7255   23.1483
   -0.2753   -0.3294   -0.9032
    0.6650   -0.7437    0.0686
   -0.6943   -0.5817    0.4238
...     9 C-G ...
   -4.4706   -9.9691   24.1142
    0.1145   -0.7026   -0.7023
    0.8512   -0.2951    0.4341
   -0.5123   -0.6475    0.5642
...    10 T-A ...
   -6.7420  -10.8705   25.9717
    0.4841   -0.8363   -0.2573
    0.6594    0.1554    0.7356
   -0.5752   -0.5257    0.6267
...    11 C-G ...
   -9.1682  -12.6167   27.1662
    0.7073   -0.6683    0.2306
    0.3450    0.6110    0.7125
   -0.6170   -0.4243    0.6627
...    12 A-T ...
  -10.9253  -14.6583   29.0713
    0.7515   -0.1377    0.6452
   -0.2027    0.8824    0.4245
   -0.6278   -0.4498    0.6352
...    13 C-G ...
  -11.8495  -17.4796   31.2472
    0.4294    0.2824    0.8578
   -0.5708    0.8209    0.0155
   -0.6998   -0.4963    0.5137
...    14 A-T ...
  -13.5915  -19.7756   33.4284
   -0.1503    0.6106    0.7775
   -0.6874    0.5007   -0.5261
   -0.7106   -0.6135    0.3445
...    15 A-T ...
  -15.7593  -21.9046   34.5261
   -0.4939    0.7960    0.3498
   -0.4618    0.1007   -0.8813
   -0.7367   -0.5968    0.3178
...    16 T-A ...
  -17.9115  -23.8449   36.2755
   -0.6863    0.7109   -0.1537
   -0.1163   -0.3158   -0.9417
   -0.7179   -0.6284    0.2994
...    17 T-A ...
  -20.2712  -25.7256   37.6072
   -0.6399    0.3870   -0.6639
    0.3145   -0.6564   -0.6858
   -0.7011   -0.6476    0.2983
...    18 T-A ...
  -22.6404  -27.6439   38.5534
   -0.3132    0.0434   -0.9487
    0.5927   -0.7716   -0.2310
   -0.7420   -0.6346    0.2160
...    19 A-T ...
  -25.1689  -29.5734   38.8585
    0.1387   -0.1472   -0.9793
    0.6363   -0.7445    0.2020
   -0.7589   -0.6511   -0.0096
...    20 T-A ...
  -28.0397  -31.1384   38.4794
    0.4504   -0.4710   -0.7585
    0.4765   -0.5916    0.6503
   -0.7550   -0.6543   -0.0420
...    21 T-A ...
  -30.6097  -33.1258   38.0163
    0.6519   -0.7014   -0.2882
    0.1359   -0.2658    0.9544
   -0.7461   -0.6613   -0.0780
...    22 C-G ...
  -32.9505  -35.3663   37.6187
    0.6364   -0.7102    0.3010
   -0.2766    0.1542    0.9485
   -0.7201   -0.6869   -0.0983
...    23 G-C ...
  -35.2303  -37.7834   38.0253
    0.4516   -0.4354    0.7787
   -0.6344    0.4570    0.6235
   -0.6273   -0.7756   -0.0698
...    24 C-G ...
  -36.9773  -40.5156   37.6644
    0.0871   -0.0968    0.9915
   -0.7782    0.6148    0.1284
   -0.6220   -0.7827   -0.0218
...    25 A-T ...
  -39.3830  -42.7435   37.3985
   -0.3544    0.2867    0.8901
   -0.6813    0.5728   -0.4558
   -0.6405   -0.7679   -0.0076
...    26 A-T ...
  -41.3447  -45.3757   37.5482
   -0.6876    0.5388    0.4868
   -0.3576    0.3323   -0.8728
   -0.6320   -0.7742   -0.0358
...    27 A-T ...
  -43.2680  -47.9951   37.7646
   -0.7809    0.6172   -0.0962
    0.1190   -0.0041   -0.9929
   -0.6132   -0.7868   -0.0702
...    28 G-C ...
  -45.5733  -50.4306   37.9615
   -0.5584    0.5873   -0.5860
    0.4941   -0.3320   -0.8035
   -0.6664   -0.7382   -0.1048
...    29 G-C ...
  -48.2486  -52.6081   37.7255
   -0.1226    0.4201   -0.8992
    0.7090   -0.5969   -0.3755
   -0.6945   -0.6836   -0.2247
...    30 C-G ...
  -50.8938  -54.3407   36.9044
    0.3269    0.1166   -0.9378
    0.6508   -0.7474    0.1339
   -0.6853   -0.6541   -0.3202
...    31 C-G ...
  -53.3467  -56.1811   35.6490
    0.6950   -0.2205   -0.6843
    0.3496   -0.7280    0.5897
   -0.6283   -0.6491   -0.4289
...    32 G-C ...
  -54.8622  -58.3531   34.1762
    0.8483   -0.4606   -0.2611
   -0.0752   -0.5929    0.8018
   -0.5241   -0.6605   -0.5376
...    33 G-C ...
  -55.9036  -60.7296   31.9964
    0.7017   -0.6751    0.2277
   -0.5554   -0.3182    0.7683
   -0.4462   -0.6656   -0.5983
...    34 C-G ...
  -56.8788  -63.0369   29.8971
    0.2965   -0.7293    0.6166
   -0.8661    0.0668    0.4954
   -0.4025   -0.6809   -0.6119
...    35 C-G ...
  -57.9162  -65.6155   27.9448
   -0.2447   -0.5766    0.7795
   -0.8973    0.4392    0.0433
   -0.3673   -0.6889   -0.6249
...    36 C-G ...
  -58.9517  -68.1092   25.9507
   -0.6833   -0.2353    0.6912
   -0.6282    0.6720   -0.3923
   -0.3722   -0.7022   -0.6069
...    37 G-C ...
  -60.4204  -69.6307   23.1861
   -0.8935    0.2196    0.3918
   -0.1242    0.7174   -0.6855
   -0.4316   -0.6611   -0.6137
...    38 A-T ...
  -61.5227  -71.7809   21.2045
   -0.7980    0.6001   -0.0551
    0.4276    0.4995   -0.7534
   -0.4246   -0.6248   -0.6552
...    39 C-G ...
  -63.3137  -73.7110   19.4047
   -0.4467    0.8124   -0.3747
    0.7717    0.1380   -0.6208
   -0.4526   -0.5665   -0.6887
...    40 A-T ...
  -65.0096  -75.4350   17.1548
    0.0894    0.8400   -0.5352
    0.8820   -0.3164   -0.3494
   -0.4628   -0.4408   -0.7691
...    41 C-G ...
  -66.8012  -76.2894   14.6043
    0.5483    0.6217   -0.5594
    0.7200   -0.6912   -0.0625
   -0.4255   -0.3685   -0.8265
...    42 G-C ...
  -67.7846  -77.6890   11.7503
    0.8975    0.1814   -0.4020
    0.2733   -0.9442    0.1840
   -0.3461   -0.2750   -0.8970
...    43 A-T ...
  -68.8414  -78.4689    8.8705
    0.8949   -0.3906   -0.2159
   -0.2957   -0.8812    0.3689
   -0.3343   -0.2663   -0.9041
...    44 C-G ...
  -69.5584  -78.7430    5.6500
    0.6300   -0.7753    0.0443
   -0.7246   -0.5664    0.3925
   -0.2792   -0.2794   -0.9187
...    45 T-A ...
  -69.7452  -79.5768    2.0995
    0.1341   -0.9623    0.2368
   -0.9558   -0.0625    0.2873
   -0.2617   -0.2648   -0.9281
...    46 T-A ...
  -70.0204  -80.2745   -1.1102
   -0.3610   -0.8840    0.2971
   -0.8981    0.4153    0.1446
   -0.2512   -0.2147   -0.9438
...    47 A-T ...
  -71.0244  -80.7422   -4.2653
   -0.8347   -0.4514    0.3154
   -0.4910    0.8694   -0.0552
   -0.2493   -0.2009   -0.9474
...    48 C-G ...
  -71.6428  -82.0211   -7.2802
   -0.9658    0.0684    0.2500
    0.0175    0.9796   -0.2002
   -0.2586   -0.1890   -0.9473
...    49 T-A ...
  -72.7417  -83.0250  -10.2893
   -0.7932    0.5799    0.1860
    0.5136    0.8011   -0.3072
   -0.3272   -0.1481   -0.9333
...    50 G-C ...
  -74.0760  -83.2558  -13.3783
   -0.3414    0.9303    0.1340
    0.8590    0.3666   -0.3574
   -0.3816   -0.0069   -0.9243
...    51 T-A ...
  -75.8126  -83.2859  -16.0580
    0.1190    0.9921    0.0403
    0.9192   -0.0947   -0.3822
   -0.3753    0.0825   -0.9232
...    52 A-T ...
  -77.7823  -82.0535  -18.6030
    0.6040    0.7880    0.1194
    0.7511   -0.5127   -0.4158
   -0.2665    0.3408   -0.9016
...    53 G-C ...
  -78.9736  -80.6590  -21.2468
    0.9061    0.4227    0.0204
    0.3839   -0.8006   -0.4601
   -0.1781    0.4247   -0.8876
...    54 G-C ...
  -79.6111  -78.2085  -23.9358
    0.9874   -0.0755   -0.1391
   -0.1306   -0.8851   -0.4466
   -0.0894    0.4592   -0.8838
...    55 T-A ...
  -79.4984  -76.3111  -26.5986
    0.7928   -0.5113   -0.3317
   -0.6064   -0.7158   -0.3461
   -0.0605    0.4756   -0.8776
...    56 A-T ...
  -79.0889  -74.4515  -29.4261
    0.3287   -0.8412   -0.4294
   -0.9444   -0.2945   -0.1461
   -0.0035    0.4536   -0.8912
...    57 T-A ...
  -78.3388  -72.8140  -32.2093
   -0.1756   -0.8647   -0.4706
   -0.9845    0.1533    0.0857
   -0.0020    0.4783   -0.8782
...    58 C-G ...
  -78.0747  -71.3985  -35.2505
   -0.7291   -0.5970   -0.3348
   -0.6844    0.6301    0.3668
   -0.0080    0.4966   -0.8680
...    59 T-A ...
  -78.0638  -70.0577  -38.2938
   -0.9733   -0.2227   -0.0558
   -0.2214    0.8458    0.4854
   -0.0609    0.4848   -0.8725
...    60 C-G ...
  -78.3447  -68.4511  -41.1789
   -0.9280    0.2657    0.2611
    0.3587    0.8261    0.4347
   -0.1002    0.4970   -0.8619
...    61 G-C ...
  -78.6198  -66.3982  -43.6820
   -0.6242    0.5136    0.5887
    0.7465    0.6144    0.2554
   -0.2306    0.5989   -0.7669
...    62 A-T ...
  -79.2143  -64.4500  -46.2104
   -0.1037    0.7078    0.6988
    0.9701    0.2271   -0.0861
   -0.2196    0.6689   -0.7102
...    63 G-C ...
  -80.3074  -62.0677  -48.2289
    0.4025    0.6733    0.6202
    0.8919   -0.1359   -0.4313
   -0.2061    0.7268   -0.6552
...    64 C-G ...
  -81.3306  -59.3787  -50.0065
    0.8408    0.4400    0.3154
    0.5144   -0.4680   -0.7185
   -0.1685    0.7664   -0.6199
...    65 T-A ...
  -82.0053  -56.6344  -51.7082
    0.9935    0.1043   -0.0465
    0.0256   -0.6003   -0.7994
   -0.1112    0.7929   -0.5991
...    66 C-G ...
  -82.0444  -54.1085  -53.7471
    0.8483   -0.2779   -0.4506
   -0.5280   -0.5074   -0.6810
   -0.0394    0.8157   -0.5772
...    67 G-C ...
  -82.4580  -51.8778  -56.1972
    0.4392   -0.5576   -0.7044
   -0.8978   -0.2449   -0.3660
    0.0316    0.7932   -0.6082
...    68 G-C ...
  -82.1023  -49.2359  -58.1885
   -0.0986   -0.6448   -0.7580
   -0.9948    0.0823    0.0594
    0.0241    0.7599   -0.6495
...    69 G-C ...
  -81.7794  -46.8378  -60.4944
   -0.6060   -0.5748   -0.5499
   -0.7954    0.4298    0.4273
   -0.0093    0.6963   -0.7177
...    70 A-T ...
  -81.6080  -44.6729  -62.9946
   -0.9547   -0.2258   -0.1936
   -0.2969    0.6850    0.6653
   -0.0176    0.6927   -0.7210
...    71 T-A ...
  -81.6729  -42.8812  -65.7700
   -0.9735    0.1382    0.1825
    0.2261    0.7053    0.6719
   -0.0359    0.6953   -0.7178
...    72 C-G ...
  -81.9938  -40.7158  -68.2324
   -0.6663    0.4994    0.5538
    0.7440    0.4952    0.4486
   -0.0502    0.7109   -0.7015
...    73 C-G ...
  -82.2837  -38.5104  -70.6448
   -0.2006    0.5813    0.7886
    0.9768    0.1805    0.1154
   -0.0752    0.7934   -0.6040
...    74 G-C ...
  -82.2178  -35.8680  -72.5231
    0.3277    0.4415    0.8353
    0.9430   -0.0990   -0.3176
   -0.0575    0.8918   -0.4488
...    75 T-A ...
  -82.9858  -32.8922  -73.7377
    0.7504    0.3065    0.5856
    0.6607   -0.3210   -0.6786
   -0.0200    0.8961   -0.4434
...    76 C-G ...
  -82.8985  -29.9420  -74.9105
    0.9863    0.0294    0.1624
    0.1607   -0.3967   -0.9038
    0.0379    0.9175   -0.3960
...    77 A-T ...
  -82.7882  -26.5698  -75.5834
    0.9249   -0.2771   -0.2603
   -0.3344   -0.2672   -0.9037
    0.1808    0.9229   -0.3398
...    78 T-A ...
  -81.8844  -23.5402  -76.2721
    0.6446   -0.4070   -0.6472
   -0.7330   -0.0886   -0.6744
    0.2172    0.9091   -0.3555
...    79 G-C ...
  -80.8062  -20.5087  -77.4144
    0.1077   -0.4486   -0.8872
   -0.9647    0.1686   -0.2023
    0.2403    0.8777   -0.4147
...    80 T-A ...
  -79.3785  -17.8092  -78.7740
   -0.4047   -0.3026   -0.8629
   -0.8829    0.3752    0.2824
    0.2383    0.8762   -0.4190
...    81 T-A ...
  -78.4797  -15.1361  -80.2411
   -0.8146   -0.0575   -0.5772
   -0.5279    0.4859    0.6966
    0.2404    0.8721   -0.4262
...    82 A-T ...
  -77.8405  -12.1236  -81.4986
   -0.9815    0.1783   -0.0699
    0.0141    0.4310    0.9023
    0.1910    0.8846   -0.4255
...    83 T-A ...
  -77.4189   -9.6055  -83.4747
   -0.8518    0.3735    0.3673
    0.4813    0.2815    0.8301
    0.2066    0.8839   -0.4196
...    84 A-T ...
  -76.7799   -6.6246  -84.7361
   -0.4804    0.3880    0.7866
    0.8649    0.0611    0.4981
    0.1452    0.9196   -0.3649
...    85 A-T ...
  -76.5363   -3.6996  -85.8902
    0.0266    0.3174    0.9479
    0.9887   -0.1480    0.0218
    0.1473    0.9366   -0.3178
...    86 C-G ...
  -76.7767   -0.3950  -86.6821
    0.5299    0.1622    0.8324
    0.8318   -0.2908   -0.4729
    0.1654    0.9429   -0.2890
...    87 G-C ...
  -75.7043    2.5617  -87.4715
    0.8312   -0.1784    0.5266
    0.4694   -0.2824   -0.8366
    0.2979    0.9426   -0.1510
...    88 G-C ...
  -74.3268    5.5412  -87.5140
    0.9139   -0.4023    0.0540
    0.0185   -0.0917   -0.9956
    0.4055    0.9109   -0.0764
...    89 A-T ...
  -72.7477    8.3663  -87.5583
    0.7395   -0.4379   -0.5113
   -0.4813    0.1871   -0.8564
    0.4707    0.8793   -0.0724
...    90 C-G ...
  -70.7620   10.9963  -87.2754
    0.3670   -0.3169   -0.8745
   -0.7797    0.4079   -0.4751
    0.5073    0.8563   -0.0974
...    91 T-A ...
  -68.2638   13.6152  -87.6142
   -0.1154   -0.0540   -0.9919
   -0.8510    0.5204    0.0707
    0.5123    0.8522   -0.1060
...    92 T-A ...
  -66.2727   16.1464  -88.0884
   -0.5580    0.2888   -0.7779
   -0.6370    0.4517    0.6247
    0.5318    0.8441   -0.0681
...    93 T-A ...
  -64.3527   18.7356  -88.5326
   -0.8063    0.5113   -0.2975
   -0.2237    0.2020    0.9535
    0.5476    0.8353   -0.0485
...    94 A-T ...
  -62.5212   21.4539  -88.2941
   -0.7945    0.5312    0.2943
    0.2641   -0.1342    0.9551
    0.5469    0.8365   -0.0336
...    95 A-T ...
  -60.9098   24.1670  -88.5293
   -0.5601    0.3492    0.7513
    0.6328   -0.4049    0.6600
    0.5346    0.8451    0.0058
...    96 C-G ...
  -59.7193   27.2660  -88.7586
   -0.1907    0.0648    0.9795
    0.8262   -0.5282    0.1958
    0.5301    0.8466    0.0472
...    97 A-T ...
  -58.1461   30.1634  -88.4301
    0.2063   -0.3309    0.9208
    0.8164   -0.4605   -0.3484
    0.5393    0.8237    0.1752
...    98 C-G ...
  -56.8119   33.0173  -87.3246
    0.5596   -0.5541    0.6164
    0.6158   -0.2198   -0.7566
    0.5547    0.8029    0.2182
...    99 T-A ...
  -55.0096   35.7403  -85.8162
    0.7670   -0.6351    0.0913
    0.2274    0.1360   -0.9643
    0.6000    0.7604    0.2487
...   100 T-A ...
  -53.0518   38.0397  -84.6086
    0.7698   -0.4366   -0.4657
   -0.2389    0.4795   -0.8444
    0.5919    0.7612    0.2648
...   101 T-A ...
  -51.0271   40.3194  -83.5179
    0.5140   -0.0908   -0.8530
   -0.6219    0.6454   -0.4435
    0.5907    0.7584    0.2753
...   102 A-T ...
  -49.2264   43.0342  -82.7054
    0.0478    0.2927   -0.9550
   -0.8004    0.5833    0.1387
    0.5976    0.7577    0.2622
...   103 T-A ...
  -46.7292   45.0860  -82.1578
   -0.3373    0.5163   -0.7872
   -0.7277    0.3875    0.5660
    0.5973    0.7637    0.2450
...   104 G-C ...
  -44.6981   47.6619  -81.6557
   -0.7594    0.5740   -0.3063
   -0.3575    0.0252    0.9336
    0.5436    0.8185    0.1861
...   105 C-G ...
  -43.1458   50.5250  -81.4332
   -0.8585    0.4583    0.2299
    0.0916   -0.3041    0.9482
    0.5045    0.8352    0.2191
...   106 T-A ...
  -41.6641   53.5845  -81.0457
   -0.6876    0.1823    0.7028
    0.5533   -0.4952    0.6698
    0.4702    0.8494    0.2397
...   107 T-A ...
  -40.3364   56.4073  -80.3634
   -0.3125   -0.1660    0.9353
    0.8370   -0.5136    0.1886
    0.4491    0.8418    0.2995
...   108 C-G ...
  -39.1349   59.2150  -79.2089
    0.1387   -0.4974    0.8563
    0.8815   -0.3320   -0.3357
    0.4513    0.8015    0.3925
...   109 C-G ...
  -37.8684   61.9539  -77.9295
    0.4788   -0.7115    0.5143
    0.7022   -0.0412   -0.7108
    0.5269    0.7015    0.4799
...   110 G-C ...
  -36.0179   63.8822  -76.4953
    0.6759   -0.7358    0.0412
    0.4224    0.3410   -0.8398
    0.6039    0.5850    0.5413
...   111 G-C ...
  -33.6728   65.2080  -74.5037
    0.7516   -0.4842   -0.4479
    0.0501    0.7190   -0.6932
    0.6577    0.4986    0.5646
...   112 C-G ...
  -31.1682   66.2137  -72.5025
    0.6428   -0.0390   -0.7650
   -0.3335    0.8848   -0.3253
    0.6896    0.4643    0.5558
...   113 T-A ...
  -28.7873   67.5022  -70.6617
    0.3794    0.4246   -0.8221
   -0.5931    0.7935    0.1361
    0.7101    0.4360    0.5529
...   114 C-G ...
  -26.5539   69.1749  -68.9705
   -0.0330    0.8052   -0.5921
   -0.6786    0.4169    0.6048
    0.7338    0.4217    0.5326
...   115 G-C ...
  -24.4856   70.6345  -66.8880
   -0.4353    0.8866   -0.1562
   -0.5485   -0.1236    0.8270
    0.7139    0.4457    0.5401
...   116 T-A ...
  -22.1021   72.4903  -65.5695
   -0.6814    0.6771    0.2777
   -0.2503   -0.5723    0.7809
    0.6877    0.4626    0.5595
...   117 A-T ...
  -19.8175   74.5423  -64.0319
   -0.7646    0.2084    0.6098
    0.1653   -0.8512    0.4982
    0.6229    0.4817    0.6164
...   118 T-A ...
  -18.1150   76.6747  -62.3239
   -0.6009   -0.2300    0.7655
    0.4974   -0.8573    0.1329
    0.6257    0.4606    0.6295
...   119 A-T ...
  -16.2731   78.1380  -60.1013
   -0.4036   -0.6821    0.6098
    0.7422   -0.6338   -0.2176
    0.5349    0.3648    0.7621
...   120 A-T ...
  -14.8435   79.3038  -57.4550
   -0.0043   -0.9500    0.3124
    0.8586   -0.1637   -0.4859
    0.5127    0.2661    0.8163
...   121 T-A ...
  -13.7329   80.0681  -54.4448
    0.4001   -0.9164    0.0028
    0.7627    0.3313   -0.5554
    0.5081    0.2244    0.8316
...   122 G-C ...
  -12.0580   80.3579  -51.4652
    0.6831   -0.6078   -0.4048
    0.4590    0.7885   -0.4094
    0.5680    0.0939    0.8176
...   123 T-A ...
  -10.2160   80.0078  -48.8309
    0.8157   -0.1637   -0.5548
    0.1107    0.9856   -0.1281
    0.5678    0.0431    0.8220
...   124 G-C ...
   -8.1913   80.0048  -46.2496
    0.7191    0.4207   -0.5531
   -0.3346    0.9072    0.2550
    0.6090    0.0017    0.7931
...   125 T-A ...
   -5.9909   79.5144  -43.9010
    0.4455    0.8248   -0.3481
   -0.6469    0.5654    0.5117
    0.6189   -0.0028    0.7855
...   126 C-G ...
   -3.9669   79.5160  -41.4786
    0.0030    0.9994    0.0338
   -0.7825   -0.0186    0.6224
    0.6227   -0.0283    0.7820
...   127 G-C ...
   -2.4888   79.2530  -38.6252
   -0.4359    0.8524    0.2888
   -0.7017   -0.5228    0.4840
    0.5636    0.0083    0.8260
...   128 A-T ...
   -0.5770   79.0723  -36.1611
   -0.7653    0.4063    0.4992
   -0.3618   -0.9130    0.1885
    0.5324   -0.0364    0.8457
...   129 C-G ...
    1.1836   79.6562  -33.4424
   -0.8721   -0.1170    0.4751
    0.0736   -0.9913   -0.1089
    0.4837   -0.0600    0.8731
...   130 C-G ...
    2.1835   79.9576  -30.1874
   -0.8030   -0.5567    0.2127
    0.4867   -0.8186   -0.3048
    0.3438   -0.1413    0.9284
...   131 A-T ...
    2.6088   78.8894  -27.0394
   -0.5941   -0.7725   -0.2242
    0.7932   -0.5164   -0.3226
    0.1334   -0.3695    0.9196
...   132 A-T ...
    2.7788   77.5996  -24.0592
   -0.0919   -0.8995   -0.4271
    0.9921   -0.0457   -0.1171
    0.0859   -0.4344    0.8966
...   133 A-T ...
    2.6357   76.1033  -21.1219
    0.5025   -0.7701   -0.3930
    0.8622    0.4800    0.1619
    0.0640   -0.4202    0.9052
...   134 T-A ...
    2.3075   74.2308  -18.3902
    0.8657   -0.4293   -0.2574
    0.4984    0.7868    0.3641
    0.0462   -0.4435    0.8951
...   135 G-C ...
    1.4354   72.0971  -15.6050
    0.9809    0.0621    0.1843
   -0.1263    0.9241    0.3607
   -0.1479   -0.3771    0.9143
...   136 T-A ...
    0.5279   69.2393  -13.4688
    0.7351    0.4963    0.4618
   -0.6117    0.7792    0.1365
   -0.2921   -0.3828    0.8764
...   137 G-C ...
   -0.1659   67.4106  -10.8095
    0.1800    0.8794    0.4408
   -0.9276    0.3008   -0.2214
   -0.3274   -0.3691    0.8698
...   138 A-T ...
   -0.1322   66.2180   -7.8216
   -0.3749    0.8570    0.3536
   -0.8857   -0.2184   -0.4098
   -0.2739   -0.4668    0.8409
...   139 G-C ...
   -1.0069   65.6075   -4.9424
   -0.8336    0.5218    0.1811
   -0.5170   -0.6220   -0.5881
   -0.1942   -0.5839    0.7883
...   140 C-G ...
   -0.6975   63.9004   -2.2528
   -0.9992    0.0157   -0.0376
    0.0023   -0.8993   -0.4374
   -0.0406   -0.4371    0.8985
...   141 G-C ...
   -3.4383   60.2386    1.0284
   -0.4425    0.2285   -0.8672
    0.1683   -0.9287   -0.3306
   -0.8808   -0.2922    0.3725
...   142 C-G ...
   -6.3289   59.0834    1.6294
   -0.2970   -0.3280   -0.8968
    0.5656   -0.8171    0.1115
   -0.7693   -0.4741    0.4282
...   143 T-A ...
   -8.6769   58.7243    3.6024
   -0.0347   -0.7817   -0.6227
    0.6533   -0.4893    0.5778
   -0.7563   -0.3868    0.5276
...   144 C-G ...
  -11.6545   58.0114    4.7193
    0.2451   -0.9542   -0.1716
    0.6322    0.0231    0.7745
   -0.7350   -0.2983    0.6089
...   145 A-T ...
  -14.1761   56.5669    6.1807
    0.5795   -0.7268    0.3687
    0.3139    0.6165    0.7220
   -0.7521   -0.3027    0.5855
...   146 C-G ...
  -16.4651   53.8950    7.5153
    0.5336   -0.3331    0.7774
   -0.0346    0.9098    0.4136
   -0.8450   -0.2476    0.4739
...   147 A-T ...
  -19.0173   52.0375    8.9261
    0.2452    0.2907    0.9249
   -0.3073    0.9281   -0.2103
   -0.9195   -0.2327    0.3169
