  147 base-pairs
...     1 A-T ...
    0.0000    0.0000    0.0000
    1.0000    0.0000    0.0000
    0.0000    1.0000    0.0000
    0.0000    0.0000    1.0000
...     2 G-C ...
   -0.1404   -1.2353    3.2259
    0.7530    0.6366    0.1668
   -0.6385    0.7681   -0.0490
   -0.1593   -0.0696    0.9848
...     3 T-A ...
   -0.0377   -3.2918    6.3749
    0.2722    0.9302    0.2464
   -0.9238    0.3243   -0.2034
   -0.2691   -0.1722    0.9476
...     4 G-C ...
   -0.3520   -4.1638    9.4928
   -0.3756    0.9250    0.0576
   -0.8780   -0.3352   -0.3416
   -0.2967   -0.1788    0.9381
...     5 A-T ...
   -0.4480   -4.1448   12.7498
   -0.8116    0.5839   -0.0166
   -0.5522   -0.7762   -0.3042
   -0.1905   -0.2377    0.9525
...     6 G-C ...
   -1.5926   -4.1701   15.6201
   -0.9976    0.0246   -0.0651
   -0.0043   -0.9555   -0.2950
   -0.0694   -0.2940    0.9533
...     7 C-G ...
   -1.1050   -4.4793   18.7363
   -0.8442   -0.5302   -0.0787
    0.5343   -0.8442   -0.0430
   -0.0437   -0.0784    0.9960
...     8 G-C ...
   -2.4044   -7.7255   23.1483
   -0.2753   -0.3294   -0.9032
    0.6650   -0.7437    0.0686
   -0.6943   -0.5817    0.4238
...     9 C-G ...
   -4.4706   -9.9691   24.1142
    0.1145   -0.7026   -0.7023
    0.8512   -0.2951    0.4341
   -0.5123   -0.6475    0.5642
...    10 T-A ...
   -6.7420  -10.8705   25.9717
    0.4841   -0.8363   -0.2573
    0.6594    0.1554    0.7356
   -0.5752   -0.5257    0.6267
...    11 C-G ...
   -9.1682  -12.6167   27.1662
    0.7073   -0.6683    0.2306
    0.3450    0.6110    0.7125
   -0.6170   -0.4243    0.6627
...    12 A-T ...
  -10.9253  -14.6583   29.0713
    0.7515   -0.1377    0.6452
   -0.2027    0.8824    0.4245
   -0.6278   -0.4498    0.6352
...    13 C-G ...
  -11.8495  -17.4796   31.2472
    0.4294    0.2824    0.8578
   -0.5708    0.8209    0.0155
   -0.6998   -0.4963    0.5137
...    14 A-T ...
  -13.5915  -19.7756   33.4284
   -0.1503    0.6106    0.7775
   -0.6874    0.5007   -0.5261
   -0.7106   -0.6135    0.3445
...    15 A-T ...
  -15.6966  -21.8507   34.7542
   -0.4978    0.7855    0.3677
   -0.4775    0.1057   -0.8723
   -0.7241   -0.6097    0.3224
...    16 T-A ...
  -17.8135  -23.7079   36.4145
   -0.6457    0.7564   -0.1047
   -0.1714   -0.2772   -0.9454
   -0.7441   -0.5925    0.3087
...    17 T-A ...
  -20.2408  -25.4455   37.6179
   -0.5910    0.5352   -0.6035
    0.1951   -0.6311   -0.7507
   -0.7827   -0.5615    0.2686
...    18 T-A ...
  -22.8908  -27.0013   38.5562
   -0.3429    0.1711   -0.9237
    0.4633   -0.8245   -0.3248
   -0.8172   -0.5393    0.2034
...    19 A-T ...
  -26.0790  -28.0554   38.8663
    0.1065   -0.0909   -0.9901
    0.5076   -0.8513    0.1328
   -0.8550   -0.5168   -0.0445
...    20 T-A ...
  -29.1170  -29.1424   38.3980
    0.3639   -0.4693   -0.8046
    0.3742   -0.7174    0.5877
   -0.8530   -0.5149   -0.0854
...    21 T-A ...
  -31.9399  -30.6072   37.8144
    0.5151   -0.7772   -0.3614
    0.0942   -0.3677    0.9252
   -0.8519   -0.5106   -0.1162
...    22 C-G ...
  -34.5849  -32.4048   37.2141
    0.4883   -0.8432    0.2248
   -0.2464    0.1139    0.9624
   -0.8371   -0.5254   -0.1522
...    23 G-C ...
  -37.3710  -34.1647   37.1428
    0.3206   -0.6165    0.7191
   -0.5127    0.5254    0.6790
   -0.7965   -0.5864   -0.1476
...    24 C-G ...
  -39.7584  -36.3546   36.4962
    0.0086   -0.2326    0.9725
   -0.6075    0.7713    0.1899
   -0.7942   -0.5925   -0.1347
...    25 A-T ...
  -42.5084  -38.0808   36.0043
   -0.2820    0.2714    0.9202
   -0.5085    0.7711   -0.3832
   -0.8136   -0.5760   -0.0795
...    26 A-T ...
  -45.0015  -40.1565   35.9174
   -0.5252    0.6433    0.5570
   -0.2461    0.5117   -0.8231
   -0.8146   -0.5694   -0.1104
...    27 A-T ...
  -47.6165  -42.0557   35.8296
   -0.5564    0.8305    0.0266
    0.0937    0.0945   -0.9911
   -0.8256   -0.5490   -0.1304
...    28 G-C ...
  -50.4454  -43.6878   35.7019
   -0.3470    0.8274   -0.4416
    0.3621   -0.3162   -0.8769
   -0.8651   -0.4642   -0.1898
...    29 G-C ...
  -53.5751  -44.8311   35.2889
    0.0019    0.6180   -0.7861
    0.4641   -0.6969   -0.5468
   -0.8858   -0.3638   -0.2881
...    30 C-G ...
  -56.6340  -45.4558   34.3683
    0.3141    0.2087   -0.9262
    0.3699   -0.9254   -0.0831
   -0.8744   -0.3165   -0.3679
...    31 C-G ...
  -59.5257  -46.0158   32.7464
    0.5564   -0.2496   -0.7926
    0.1088   -0.9237    0.3672
   -0.8238   -0.2905   -0.4868
...    32 G-C ...
  -61.9585  -47.3065   30.9192
    0.6224   -0.6609   -0.4193
   -0.2756   -0.6864    0.6729
   -0.7326   -0.3033   -0.6094
...    33 G-C ...
  -64.0245  -48.3322   28.4552
    0.4292   -0.9026    0.0325
   -0.6050   -0.2606    0.7523
   -0.6706   -0.3426   -0.6580
...    34 C-G ...
  -65.8889  -49.5627   26.0122
    0.0452   -0.8968    0.4401
   -0.7591    0.2555    0.5987
   -0.6494   -0.3611   -0.6693
...    35 C-G ...
  -67.8474  -51.0119   23.6903
   -0.3452   -0.6053    0.7173
   -0.6753    0.6909    0.2581
   -0.6518   -0.3953   -0.6473
...    36 C-G ...
  -69.8770  -52.5789   21.5109
   -0.6189   -0.1227    0.7758
   -0.3825    0.9098   -0.1613
   -0.6860   -0.3966   -0.6100
...    37 G-C ...
  -72.1730  -53.4422   19.2864
   -0.6581    0.4262    0.6206
    0.0338    0.8402   -0.5412
   -0.7521   -0.3352   -0.5674
...    38 A-T ...
  -74.5737  -54.6455   17.4594
   -0.4859    0.8411    0.2378
    0.4152    0.4615   -0.7840
   -0.7691   -0.2822   -0.5734
...    39 C-G ...
  -77.3891  -55.6121   16.1234
   -0.1719    0.9741   -0.1470
    0.6037   -0.0138   -0.7971
   -0.7784   -0.2258   -0.5857
...    40 A-T ...
  -80.0558  -56.1689   14.2086
    0.2924    0.8523   -0.4338
    0.5784   -0.5188   -0.6295
   -0.7616   -0.0668   -0.6446
...    41 C-G ...
  -82.7468  -55.8103   12.4192
    0.5886    0.4938   -0.6401
    0.3441   -0.8695   -0.3544
   -0.7316   -0.0116   -0.6817
...    42 G-C ...
  -84.8423  -55.8394    9.8687
    0.7890   -0.0248   -0.6139
   -0.0594   -0.9976   -0.0360
   -0.6116    0.0649   -0.7885
...    43 A-T ...
  -86.6341  -55.4809    7.1785
    0.6475   -0.5822   -0.4917
   -0.5163   -0.8097    0.2788
   -0.5605    0.0733   -0.8249
...    44 C-G ...
  -87.9445  -54.8586    4.2092
    0.3110   -0.9117   -0.2684
   -0.7896   -0.4050    0.4609
   -0.5289    0.0686   -0.8459
...    45 T-A ...
  -89.3115  -54.6768    1.2144
   -0.1182   -0.9926    0.0294
   -0.8583    0.1170    0.4996
   -0.4993    0.0338   -0.8658
...    46 T-A ...
  -90.6001  -54.6145   -1.7761
   -0.6025   -0.7531    0.2642
   -0.6401    0.6537    0.4038
   -0.4768    0.0742   -0.8759
...    47 A-T ...
  -92.2640  -54.0209   -4.6016
   -0.8767   -0.2071    0.4343
   -0.1397    0.9733    0.1821
   -0.4604    0.0989   -0.8822
...    48 C-G ...
  -93.8392  -54.2907   -7.4929
   -0.8170    0.3125    0.4846
    0.3290    0.9428   -0.0533
   -0.4736    0.1159   -0.8731
...    49 T-A ...
  -95.6557  -54.0982  -10.2299
   -0.5078    0.7324    0.4536
    0.6977    0.6585   -0.2822
   -0.5054    0.1731   -0.8453
...    50 G-C ...
  -97.4124  -53.3024  -12.9295
    0.0071    0.9339    0.3576
    0.8559    0.1793   -0.4851
   -0.5171    0.3095   -0.7980
...    51 T-A ...
  -99.5673  -52.1689  -15.1018
    0.4585    0.8800    0.1240
    0.7406   -0.3013   -0.6006
   -0.4912    0.3673   -0.7899
...    52 A-T ...
 -101.3230  -50.3739  -17.3103
    0.8423    0.5384   -0.0253
    0.4057   -0.6642   -0.6279
   -0.3549    0.5186   -0.7779
...    53 G-C ...
 -102.4171  -48.3070  -19.6132
    0.9615    0.0953   -0.2578
   -0.0692   -0.8237   -0.5627
   -0.2660    0.5589   -0.7854
...    54 G-C ...
 -102.8411  -46.0613  -22.0966
    0.8111   -0.3923   -0.4337
   -0.5635   -0.7229   -0.3998
   -0.1567    0.5687   -0.8075
...    55 T-A ...
 -102.8185  -43.8506  -24.5409
    0.4218   -0.7162   -0.5560
   -0.8979   -0.4151   -0.1465
   -0.1259    0.5610   -0.8181
...    56 A-T ...
 -103.3141  -42.0448  -27.2747
   -0.1724   -0.8318   -0.5276
   -0.9794    0.0873    0.1824
   -0.1057    0.5482   -0.8297
...    57 T-A ...
 -102.9984  -40.4539  -30.1537
   -0.6387   -0.6673   -0.3832
   -0.7636    0.4884    0.4224
   -0.0947    0.5624   -0.8214
...    58 C-G ...
 -103.2554  -38.7150  -32.9099
   -0.9602   -0.2725   -0.0606
   -0.2578    0.7821    0.5673
   -0.1072    0.5604   -0.8213
...    59 T-A ...
 -103.7202  -37.1562  -35.7767
   -0.9523    0.1328    0.2749
    0.2635    0.8121    0.5206
   -0.1541    0.5682   -0.8083
...    60 C-G ...
 -104.3007  -35.3835  -38.4483
   -0.6287    0.5451    0.5546
    0.7577    0.5899    0.2792
   -0.1750    0.5957   -0.7839
...    61 G-C ...
 -104.6427  -33.2096  -40.9116
   -0.1121    0.6791    0.7254
    0.9733    0.2221   -0.0574
   -0.2001    0.6996   -0.6859
...    62 A-T ...
 -105.4146  -30.9132  -43.0610
    0.4586    0.6397    0.6168
    0.8709   -0.1858   -0.4550
   -0.1765    0.7458   -0.6424
...    63 G-C ...
 -106.1805  -28.2711  -44.8484
    0.8398    0.3931    0.3744
    0.5323   -0.4611   -0.7100
   -0.1065    0.7955   -0.5965
...    64 C-G ...
 -106.5217  -25.3756  -46.3390
    0.9990    0.0443   -0.0073
    0.0195   -0.5742   -0.8185
   -0.0404    0.8175   -0.5745
...    65 T-A ...
 -106.3851  -22.4864  -47.8959
    0.8777   -0.3058   -0.3689
   -0.4770   -0.4837   -0.7338
    0.0459    0.8200   -0.5704
...    66 C-G ...
 -105.9865  -19.8299  -49.7283
    0.4549   -0.5521   -0.6988
   -0.8860   -0.2016   -0.4175
    0.0896    0.8090   -0.5809
...    67 G-C ...
 -105.9404  -17.3376  -51.8994
   -0.1014   -0.6445   -0.7578
   -0.9856    0.1686   -0.0115
    0.1352    0.7458   -0.6524
...    68 G-C ...
 -105.1921  -15.0462  -54.2450
   -0.6126   -0.5044   -0.6085
   -0.7812    0.5034    0.3691
    0.1201    0.7015   -0.7024
...    69 G-C ...
 -104.6564  -12.9364  -56.8067
   -0.9385   -0.2051   -0.2778
   -0.3385    0.7055    0.6227
    0.0683    0.6784   -0.7315
...    70 A-T ...
 -104.3833  -10.8101  -59.2682
   -0.9644    0.2218    0.1437
    0.2594    0.6911    0.6745
    0.0503    0.6878   -0.7241
...    71 T-A ...
 -104.5631   -9.0105  -62.0199
   -0.7108    0.5347    0.4571
    0.7010    0.4846    0.5232
    0.0582    0.6923   -0.7193
...    72 C-G ...
 -104.5001   -6.7724  -64.3863
   -0.1925    0.6815    0.7060
    0.9798    0.0938    0.1765
    0.0541    0.7258   -0.6858
...    73 C-G ...
 -104.7326   -4.2425  -66.6015
    0.3278    0.5475    0.7700
    0.9409   -0.2627   -0.2138
    0.0852    0.7945   -0.6012
...    74 G-C ...
 -104.1563   -1.6090  -68.5104
    0.7454    0.2009    0.6357
    0.6402   -0.4817   -0.5984
    0.1860    0.8530   -0.4877
...    75 C-G ...
 -103.6499    1.4217  -69.6382
    0.9533   -0.1382    0.2685
    0.1683   -0.4951   -0.8524
    0.2507    0.8578   -0.4487
...    76 T-A ...
 -102.6344    4.3563  -70.7018
    0.8880   -0.4342   -0.1517
   -0.3112   -0.3244   -0.8933
    0.3386    0.8404   -0.4232
...    77 T-A ...
 -101.3548    7.1213  -71.7924
    0.5727   -0.5505   -0.6074
   -0.7373   -0.0218   -0.6753
    0.3585    0.8345   -0.4184
...    78 T-A ...
  -99.9064    9.7776  -72.9574
    0.0773   -0.4669   -0.8809
   -0.9261    0.2936   -0.2369
    0.3692    0.8341   -0.4097
...    79 A-T ...
  -98.7809   12.5511  -74.3694
   -0.4753   -0.2357   -0.8477
   -0.7963    0.5250    0.3006
    0.3742    0.8178   -0.4372
...    80 A-T ...
  -97.3523   15.0010  -75.9568
   -0.8274    0.1161   -0.5494
   -0.4014    0.5620    0.7232
    0.3927    0.8190   -0.4184
...    81 C-G ...
  -96.0184   17.3551  -77.8611
   -0.9229    0.3712   -0.1021
    0.0721    0.4273    0.9012
    0.3782    0.8244   -0.4211
...    82 A-T ...
  -94.7808   20.1418  -79.1203
   -0.7661    0.4647    0.4440
    0.5684    0.1675    0.8055
    0.2999    0.8695   -0.3924
...    83 C-G ...
  -94.3210   22.9595  -80.7577
   -0.3903    0.4559    0.7999
    0.8745   -0.0881    0.4769
    0.2879    0.8857   -0.3643
...    84 T-A ...
  -93.7588   25.9927  -81.8964
    0.0692    0.2813    0.9571
    0.9555   -0.2945    0.0174
    0.2867    0.9133   -0.2892
...    85 T-A ...
  -93.0974   29.0425  -82.7316
    0.5586    0.0465    0.8281
    0.7705   -0.3987   -0.4974
    0.3071    0.9159   -0.2585
...    86 T-A ...
  -92.2597   32.1021  -83.3263
    0.8692   -0.2124    0.4465
    0.3573   -0.3545   -0.8641
    0.3418    0.9106   -0.2322
...    87 A-T ...
  -90.9379   35.1480  -83.5422
    0.8610   -0.5086   -0.0062
   -0.0990   -0.1556   -0.9829
    0.4989    0.8468   -0.1843
...    88 T-A ...
  -89.1026   37.8556  -83.4666
    0.6952   -0.5378   -0.4769
   -0.4954    0.1223   -0.8600
    0.5209    0.8341   -0.1814
...    89 G-C ...
  -87.2397   40.4552  -84.3070
    0.2601   -0.4722   -0.8422
   -0.7621    0.4353   -0.4794
    0.5930    0.7665   -0.2466
...    90 C-G ...
  -84.9280   42.6425  -85.1494
   -0.2021   -0.1953   -0.9597
   -0.7645    0.6440    0.0300
    0.6121    0.7397   -0.2795
...    91 T-A ...
  -82.7136   44.8018  -86.2921
   -0.5829    0.1368   -0.8010
   -0.5361    0.6760    0.5056
    0.6106    0.7241   -0.3207
...    92 T-A ...
  -80.5579   46.9040  -87.5297
   -0.7584    0.5205   -0.3923
   -0.1241    0.4755    0.8709
    0.6398    0.7092   -0.2960
...    93 C-G ...
  -78.4916   49.1921  -88.6243
   -0.7012    0.6888    0.1843
    0.3292    0.0835    0.9406
    0.6324    0.7202   -0.2853
...    94 C-G ...
  -76.5667   51.6596  -89.8829
   -0.4805    0.5676    0.6686
    0.6403   -0.2940    0.7097
    0.5993    0.7691   -0.2221
...    95 G-C ...
  -74.3743   54.0731  -90.4098
   -0.1581    0.2173    0.9632
    0.7929   -0.5534    0.2550
    0.5885    0.8041   -0.0848
...    96 G-C ...
  -72.7569   57.0199  -90.5990
    0.1934   -0.1883    0.9629
    0.7700   -0.5790   -0.2679
    0.6080    0.7932    0.0331
...    97 C-G ...
  -71.1126   59.8051  -90.1550
    0.5097   -0.5209    0.6848
    0.5719   -0.3895   -0.7219
    0.6427    0.7596    0.0994
...    98 T-A ...
  -69.0987   62.2625  -89.3724
    0.6572   -0.7160    0.2355
    0.2803   -0.0578   -0.9582
    0.6996    0.6957    0.1627
...    99 C-G ...
  -66.7126   64.3311  -88.6762
    0.6605   -0.6682   -0.3425
   -0.0996    0.3742   -0.9220
    0.7442    0.6431    0.1806
...   100 G-C ...
  -64.0991   66.3407  -88.4863
    0.4213   -0.4385   -0.7939
   -0.3663    0.7186   -0.5912
    0.8297    0.5399    0.1421
...   101 T-A ...
  -61.1039   67.5507  -87.8252
    0.1666   -0.0251   -0.9857
   -0.5100    0.8534   -0.1079
    0.8439    0.5207    0.1294
...   102 A-T ...
  -58.4481   69.4939  -87.3583
   -0.1499    0.4973   -0.8545
   -0.5012    0.7068    0.4992
    0.8523    0.5031    0.1433
...   103 T-A ...
  -55.3697   70.7082  -87.3687
   -0.3573    0.7964   -0.4880
   -0.3665    0.3610    0.8575
    0.8591    0.4853    0.1629
...   104 T-A ...
  -52.4655   72.1591  -87.1448
   -0.4733    0.8774    0.0782
   -0.1253   -0.1549    0.9800
    0.8720    0.4540    0.1833
...   105 C-G ...
  -49.6094   73.6671  -86.6657
   -0.4918    0.6173    0.6140
    0.1496   -0.6348    0.7580
    0.8577    0.4647    0.2199
...   106 A-T ...
  -46.7837   75.2164  -85.8925
   -0.4504    0.1220    0.8845
    0.3933   -0.8622    0.3192
    0.8015    0.4917    0.3404
...   107 T-A ...
  -44.5765   77.3633  -84.8170
   -0.2392   -0.3241    0.9153
    0.5591   -0.8166   -0.1431
    0.7938    0.4775    0.3766
...   108 G-C ...
  -42.0856   78.8896  -83.2076
   -0.0620   -0.7680    0.6374
    0.6287   -0.5261   -0.5728
    0.7752    0.3652    0.5154
...   109 T-A ...
  -40.0239   80.1643  -81.0483
    0.1977   -0.9501    0.2414
    0.5971   -0.0786   -0.7983
    0.7774    0.3020    0.5518
...   110 T-A ...
  -37.6773   81.0128  -79.0086
    0.4528   -0.8581   -0.2422
    0.4244    0.4463   -0.7879
    0.7841    0.2540    0.5663
...   111 A-T ...
  -35.0477   81.4883  -77.0708
    0.5277   -0.5128   -0.6772
    0.1734    0.8455   -0.5051
    0.8315    0.1491    0.5351
...   112 T-A ...
  -32.4055   81.2814  -75.1158
    0.5543   -0.0277   -0.8319
   -0.0971    0.9905   -0.0976
    0.8266    0.1349    0.5463
...   113 A-T ...
  -29.7472   82.0112  -73.2518
    0.4163    0.5752   -0.7042
   -0.4024    0.8111    0.4246
    0.8154    0.1066    0.5690
...   114 A-T ...
  -26.9380   82.0926  -71.6013
    0.1616    0.9357   -0.3135
   -0.5827    0.3469    0.7350
    0.7965    0.0639    0.6013
...   115 C-G ...
  -23.9733   82.2745  -70.1220
   -0.1612    0.9820    0.0986
   -0.5942   -0.1764    0.7847
    0.7880    0.0679    0.6120
...   116 G-C ...
  -21.6042   82.2628  -67.8261
   -0.5388    0.7263    0.4268
   -0.4392   -0.6746    0.5934
    0.7189    0.1323    0.6824
...   117 G-C ...
  -19.0879   83.0060  -65.7229
   -0.7627    0.2669    0.5891
   -0.1127   -0.9518    0.2853
    0.6368    0.1512    0.7561
...   118 A-T ...
  -17.0466   83.6172  -63.3026
   -0.7519   -0.3051    0.5844
    0.3181   -0.9443   -0.0838
    0.5774    0.1229    0.8072
...   119 A-T ...
  -15.4273   84.1809  -60.5832
   -0.5156   -0.7587    0.3983
    0.6712   -0.6465   -0.3626
    0.5326    0.0804    0.8425
...   120 A-T ...
  -14.0107   84.4412  -57.7092
   -0.1253   -0.9876    0.0950
    0.8561   -0.1560   -0.4926
    0.5013    0.0196    0.8650
...   121 T-A ...
  -13.0237   84.3839  -54.6057
    0.2786   -0.9433   -0.1806
    0.8241    0.3313   -0.4593
    0.4931   -0.0209    0.8697
...   122 G-C ...
  -11.2525   83.9637  -51.8478
    0.6113   -0.6171   -0.4955
    0.5889    0.7729   -0.2361
    0.5287   -0.1475    0.8359
...   123 T-A ...
   -9.7875   82.8702  -49.1112
    0.8155   -0.1458   -0.5601
    0.2202    0.9731    0.0672
    0.5352   -0.1781    0.8257
...   124 G-C ...
   -7.8395   82.5063  -46.4914
    0.7724    0.4294   -0.4679
   -0.2471    0.8819    0.4016
    0.5851   -0.1946    0.7873
...   125 T-A ...
   -5.6668   81.3888  -44.2290
    0.5437    0.8172   -0.1913
   -0.6064    0.5401    0.5835
    0.5802   -0.2013    0.7892
...   126 C-G ...
   -3.6749   80.6763  -41.7302
    0.0959    0.9787    0.1814
   -0.8174   -0.0266    0.5755
    0.5681   -0.2034    0.7974
...   127 G-C ...
   -2.1842   79.8047  -38.9209
   -0.4104    0.8295    0.3788
   -0.7590   -0.5410    0.3622
    0.5054   -0.1388    0.8517
...   128 A-T ...
   -0.4231   79.3555  -36.2375
   -0.7898    0.3979    0.4667
   -0.4161   -0.9067    0.0689
    0.4506   -0.1398    0.8817
...   129 C-G ...
    1.0758   79.5208  -33.3560
   -0.9200   -0.0840    0.3829
    0.0187   -0.9851   -0.1711
    0.3916   -0.1502    0.9078
...   130 C-G ...
    2.1553   79.4423  -30.1717
   -0.8403   -0.5302    0.1129
    0.4729   -0.8187   -0.3257
    0.2651   -0.2203    0.9387
...   131 A-T ...
    2.6787   78.7197  -26.9552
   -0.5296   -0.8150   -0.2350
    0.8400   -0.4655   -0.2788
    0.1179   -0.3451    0.9311
...   132 A-T ...
    2.6990   77.5594  -23.9545
   -0.0176   -0.9175   -0.3974
    0.9967    0.0154   -0.0797
    0.0792   -0.3975    0.9142
...   133 A-T ...
    2.6288   76.0970  -21.0771
    0.5144   -0.7594   -0.3985
    0.8555    0.4869    0.1765
    0.0600   -0.4316    0.9000
...   134 T-A ...
    2.3077   74.2307  -18.3904
    0.8657   -0.4293   -0.2574
    0.4984    0.7868    0.3641
    0.0462   -0.4435    0.8951
...   135 G-C ...
    1.4355   72.0970  -15.6051
    0.9809    0.0621    0.1843
   -0.1263    0.9241    0.3607
   -0.1479   -0.3771    0.9143
...   136 T-A ...
    0.5280   69.2393  -13.4690
    0.7351    0.4963    0.4618
   -0.6117    0.7792    0.1365
   -0.2921   -0.3828    0.8764
...   137 G-C ...
   -0.1658   67.4106  -10.8096
    0.1800    0.8794    0.4408
   -0.9276    0.3008   -0.2214
   -0.3274   -0.3691    0.8698
...   138 A-T ...
   -0.1320   66.2180   -7.8217
   -0.3749    0.8570    0.3536
   -0.8857   -0.2184   -0.4098
   -0.2739   -0.4668    0.8409
...   139 G-C ...
   -1.0068   65.6075   -4.9425
   -0.8336    0.5218    0.1811
   -0.5170   -0.6220   -0.5881
   -0.1942   -0.5839    0.7883
...   140 C-G ...
   -0.6973   63.9003   -2.2529
   -0.9992    0.0157   -0.0376
    0.0023   -0.8993   -0.4374
   -0.0406   -0.4371    0.8985
...   141 G-C ...
   -3.4381   60.2385    1.0283
   -0.4425    0.2285   -0.8672
    0.1683   -0.9287   -0.3306
   -0.8808   -0.2922    0.3725
...   142 C-G ...
   -6.3287   59.0834    1.6292
   -0.2970   -0.3280   -0.8968
    0.5656   -0.8171    0.1115
   -0.7693   -0.4741    0.4282
...   143 T-A ...
   -8.6767   58.7243    3.6023
   -0.0347   -0.7817   -0.6227
    0.6533   -0.4893    0.5778
   -0.7563   -0.3868    0.5276
...   144 C-G ...
  -11.6543   58.0114    4.7192
    0.2451   -0.9542   -0.1716
    0.6322    0.0231    0.7745
   -0.7350   -0.2983    0.6089
...   145 A-T ...
  -14.1759   56.5669    6.1806
    0.5795   -0.7268    0.3687
    0.3139    0.6165    0.7220
   -0.7521   -0.3027    0.5855
...   146 C-G ...
  -16.4650   53.8949    7.5152
    0.5336   -0.3331    0.7774
   -0.0346    0.9098    0.4136
   -0.8450   -0.2476    0.4739
...   147 A-T ...
  -19.0171   52.0374    8.9260
    0.2452    0.2907    0.9249
   -0.3073    0.9281   -0.2103
   -0.9195   -0.2327    0.3169
