  147 base-pairs
...     1 A-T ...
    0.0000    0.0000    0.0000
    1.0000    0.0000    0.0000
    0.0000    1.0000    0.0000
    0.0000    0.0000    1.0000
...     2 G-C ...
   -0.1404   -1.2353    3.2259
    0.7530    0.6366    0.1668
   -0.6385    0.7681   -0.0490
   -0.1593   -0.0696    0.9848
...     3 T-A ...
   -0.0377   -3.2918    6.3749
    0.2722    0.9302    0.2464
   -0.9238    0.3243   -0.2034
   -0.2691   -0.1722    0.9476
...     4 G-C ...
   -0.3520   -4.1638    9.4928
   -0.3756    0.9250    0.0576
   -0.8780   -0.3352   -0.3416
   -0.2967   -0.1788    0.9381
...     5 A-T ...
   -0.4480   -4.1448   12.7498
   -0.8116    0.5839   -0.0166
   -0.5522   -0.7762   -0.3042
   -0.1905   -0.2377    0.9525
...     6 G-C ...
   -1.5926   -4.1701   15.6201
   -0.9976    0.0246   -0.0651
   -0.0043   -0.9555   -0.2950
   -0.0694   -0.2940    0.9533
...     7 C-G ...
   -1.1050   -4.4793   18.7363
   -0.8442   -0.5302   -0.0787
    0.5343   -0.8442   -0.0430
   -0.0437   -0.0784    0.9960
...     8 G-C ...
   -2.4044   -7.7255   23.1483
   -0.2753   -0.3294   -0.9032
    0.6650   -0.7437    0.0686
   -0.6943   -0.5817    0.4238
...     9 C-G ...
   -4.4706   -9.9691   24.1142
    0.1145   -0.7026   -0.7023
    0.8512   -0.2951    0.4341
   -0.5123   -0.6475    0.5642
...    10 T-A ...
   -6.7420  -10.8705   25.9717
    0.4841   -0.8363   -0.2573
    0.6594    0.1554    0.7356
   -0.5752   -0.5257    0.6267
...    11 C-G ...
   -9.1682  -12.6167   27.1662
    0.7073   -0.6683    0.2306
    0.3450    0.6110    0.7125
   -0.6170   -0.4243    0.6627
...    12 A-T ...
  -10.9253  -14.6583   29.0713
    0.7515   -0.1377    0.6452
   -0.2027    0.8824    0.4245
   -0.6278   -0.4498    0.6352
...    13 C-G ...
  -11.8495  -17.4796   31.2472
    0.4294    0.2824    0.8578
   -0.5708    0.8209    0.0155
   -0.6998   -0.4963    0.5137
...    14 A-T ...
  -13.5915  -19.7756   33.4284
   -0.1503    0.6106    0.7775
   -0.6874    0.5007   -0.5261
   -0.7106   -0.6135    0.3445
...    15 A-T ...
  -15.7571  -21.9003   34.5425
   -0.4949    0.7951    0.3505
   -0.4648    0.0986   -0.8799
   -0.7342   -0.5984    0.3208
...    16 T-A ...
  -17.8982  -23.8453   36.3043
   -0.6900    0.7078   -0.1513
   -0.1192   -0.3174   -0.9408
   -0.7139   -0.6311    0.3034
...    17 T-A ...
  -20.2393  -25.7343   37.6546
   -0.6470    0.3815   -0.6602
    0.3143   -0.6554   -0.6867
   -0.6947   -0.6518    0.3041
...    18 T-A ...
  -22.5883  -27.6614   38.6411
   -0.3247    0.0347   -0.9452
    0.5985   -0.7663   -0.2337
   -0.7324   -0.6415    0.2280
...    19 A-T ...
  -25.0868  -29.6204   38.9996
    0.1261   -0.1516   -0.9804
    0.6499   -0.7340    0.1971
   -0.7495   -0.6620    0.0059
...    20 T-A ...
  -27.9399  -31.2294   38.6793
    0.4453   -0.4680   -0.7633
    0.4969   -0.5800    0.6455
   -0.7449   -0.6667   -0.0258
...    21 T-A ...
  -30.4863  -33.2607   38.2733
    0.6616   -0.6874   -0.2994
    0.1607   -0.2601    0.9521
   -0.7324   -0.6781   -0.0616
...    22 C-G ...
  -32.7805  -35.5547   37.9285
    0.6616   -0.6927    0.2873
   -0.2591    0.1483    0.9544
   -0.7037   -0.7058   -0.0813
...    23 G-C ...
  -34.9693  -38.0511   38.3975
    0.4829   -0.4199    0.7684
   -0.6343    0.4373    0.6375
   -0.6037   -0.7953   -0.0551
...    24 C-G ...
  -36.6303  -40.8407   38.0870
    0.1130   -0.0931    0.9892
   -0.7952    0.5884    0.1462
   -0.5957   -0.8032   -0.0075
...    25 A-T ...
  -38.9617  -43.1555   37.9120
   -0.3431    0.2733    0.8987
   -0.7138    0.5460   -0.4386
   -0.6105   -0.7920    0.0078
...    26 A-T ...
  -40.8132  -45.8646   38.1204
   -0.6977    0.5090    0.5041
   -0.3919    0.3178   -0.8634
   -0.5997   -0.7999   -0.0223
...    27 A-T ...
  -42.6145  -48.5670   38.3791
   -0.8107    0.5804   -0.0769
    0.0966    0.0030   -0.9953
   -0.5775   -0.8143   -0.0585
...    28 G-C ...
  -44.7951  -51.1117   38.6210
   -0.5998    0.5593   -0.5722
    0.4921   -0.3060   -0.8150
   -0.6309   -0.7704   -0.0917
...    29 G-C ...
  -47.3483  -53.4356   38.4491
   -0.1642    0.4147   -0.8950
    0.7318   -0.5572   -0.3925
   -0.6615   -0.7194   -0.2119
...    30 C-G ...
  -49.9140  -55.3170   37.7096
    0.3000    0.1386   -0.9438
    0.6958   -0.7086    0.1171
   -0.6526   -0.6918   -0.3090
...    31 C-G ...
  -52.2829  -57.2941   36.5092
    0.6935   -0.1729   -0.6994
    0.4067   -0.7074    0.5781
   -0.5947   -0.6854   -0.4202
...    32 G-C ...
  -53.6865  -59.5465   35.0487
    0.8727   -0.3997   -0.2804
   -0.0193   -0.6022    0.7981
   -0.4879   -0.6911   -0.5332
...    33 G-C ...
  -54.5869  -61.9758   32.8690
    0.7527   -0.6243    0.2089
   -0.5174   -0.3648    0.7741
   -0.4071   -0.6908   -0.5976
...    34 C-G ...
  -55.4002  -64.3477   30.7713
    0.3607   -0.7114    0.6031
   -0.8610   -0.0053    0.5087
   -0.3586   -0.7028   -0.6144
...    35 C-G ...
  -56.2621  -66.9887   28.8139
   -0.1889   -0.6054    0.7732
   -0.9291    0.3651    0.0588
   -0.3179   -0.7073   -0.6314
...    36 C-G ...
  -57.1218  -69.5352   26.8048
   -0.6553   -0.3022    0.6923
   -0.6855    0.6229   -0.3770
   -0.3173   -0.7216   -0.6153
...    37 G-C ...
  -58.4922  -71.1211   24.0154
   -0.9071    0.1359    0.3983
   -0.1883    0.7153   -0.6729
   -0.3763   -0.6854   -0.6233
...    38 A-T ...
  -59.4041  -73.3254   21.9988
   -0.8472    0.5295   -0.0425
    0.3802    0.5486   -0.7447
   -0.3710   -0.6471   -0.6661
...    39 C-G ...
  -61.0221  -75.3747   20.1647
   -0.5177    0.7770   -0.3583
    0.7554    0.2184   -0.6178
   -0.4018   -0.5904   -0.6999
...    40 A-T ...
  -62.5571  -77.2092   17.8923
    0.0118    0.8572   -0.5148
    0.9070   -0.2259   -0.3553
   -0.4209   -0.4627   -0.7802
...    41 C-G ...
  -64.2591  -78.1605   15.3237
    0.4886    0.6859   -0.5393
    0.7818   -0.6186   -0.0783
   -0.3873   -0.3834   -0.8384
...    42 G-C ...
  -65.0953  -79.5639   12.4236
    0.8778    0.2818   -0.3872
    0.3637   -0.9184    0.1560
   -0.3117   -0.2778   -0.9087
...    43 A-T ...
  -66.0430  -80.3449    9.5078
    0.9312   -0.2916   -0.2188
   -0.2089   -0.9187    0.3351
   -0.2987   -0.2663   -0.9164
...    44 C-G ...
  -66.7004  -80.5699    6.2725
    0.7056   -0.7082    0.0259
   -0.6669   -0.6512    0.3623
   -0.2397   -0.2729   -0.9317
...    45 T-A ...
  -66.7520  -81.2872    2.6899
    0.2306   -0.9520    0.2011
   -0.9476   -0.1727    0.2688
   -0.2212   -0.2526   -0.9420
...    46 T-A ...
  -66.8908  -81.8652   -0.5594
   -0.2684   -0.9300    0.2512
   -0.9394    0.3105    0.1456
   -0.2134   -0.1969   -0.9569
...    47 A-T ...
  -67.8074  -82.2589   -3.7563
   -0.7919   -0.5487    0.2681
   -0.5750    0.8178   -0.0247
   -0.2057   -0.1738   -0.9631
...    48 C-G ...
  -68.2169  -83.4262   -6.8552
   -0.9741   -0.0427    0.2219
   -0.0766    0.9862   -0.1467
   -0.2126   -0.1599   -0.9640
...    49 T-A ...
  -69.1267  -84.3556   -9.9503
   -0.8529    0.4860    0.1908
    0.4387    0.8652   -0.2429
   -0.2831   -0.1235   -0.9511
...    50 G-C ...
  -70.3384  -84.5323  -13.0915
   -0.4393    0.8805    0.1779
    0.8277    0.4738   -0.3009
   -0.3492    0.0151   -0.9369
...    51 T-A ...
  -71.8843  -84.6057  -15.8702
    0.0521    0.9956    0.0782
    0.9349   -0.0211   -0.3543
   -0.3511    0.0915   -0.9318
...    52 C-G ...
  -72.9830  -84.0585  -18.7674
    0.5612    0.8273   -0.0252
    0.7593   -0.5266   -0.3823
   -0.3296    0.1954   -0.9237
...    53 A-T ...
  -74.6806  -82.6383  -21.4906
    0.8939    0.4428   -0.0703
    0.3702   -0.8173   -0.4417
   -0.2530    0.3688   -0.8944
...    54 T-A ...
  -75.4563  -80.9728  -24.1344
    0.9765   -0.0149   -0.2151
   -0.0977   -0.9198   -0.3799
   -0.1922    0.3920   -0.8997
...    55 G-C ...
  -75.7575  -79.3226  -27.1052
    0.7748   -0.5510   -0.3100
   -0.6248   -0.7422   -0.2424
   -0.0965    0.3815   -0.9193
...    56 T-A ...
  -75.5259  -77.6596  -30.0010
    0.3456   -0.8546   -0.3875
   -0.9349   -0.3491   -0.0638
   -0.0807    0.3844   -0.9196
...    57 T-A ...
  -75.5410  -76.3715  -32.9244
   -0.2165   -0.8959   -0.3879
   -0.9745    0.1745    0.1407
   -0.0584    0.4085   -0.9109
...    58 A-T ...
  -75.9964  -74.8586  -35.8941
   -0.7469   -0.6226   -0.2334
   -0.6613    0.6593    0.3577
   -0.0688    0.4216   -0.9042
...    59 T-A ...
  -75.8521  -74.0566  -39.0197
   -0.9743   -0.2180   -0.0572
   -0.2204    0.8684    0.4443
   -0.0472    0.4454   -0.8941
...    60 A-T ...
  -76.0481  -72.3976  -41.8852
   -0.9302    0.2681    0.2505
    0.3515    0.8472    0.3983
   -0.1054    0.4586   -0.8824
...    61 A-T ...
  -76.5196  -71.0533  -44.6984
   -0.6128    0.6413    0.4618
    0.7806    0.5821    0.2274
   -0.1230    0.4999   -0.8573
...    62 C-G ...
  -77.6612  -69.6372  -47.5549
   -0.1190    0.8250    0.5525
    0.9852    0.1670   -0.0373
   -0.1230    0.5399   -0.8327
...    63 G-C ...
  -77.6598  -67.4834  -49.9665
    0.3861    0.6638    0.6405
    0.9190   -0.2164   -0.3296
   -0.0802    0.7159   -0.6936
...    64 G-C ...
  -77.7696  -64.6792  -51.6727
    0.7936    0.3737    0.4801
    0.6078   -0.4523   -0.6527
   -0.0267    0.8098   -0.5861
...    65 A-T ...
  -77.9221  -61.8713  -53.3603
    0.9987    0.0244    0.0447
    0.0507   -0.5621   -0.8255
    0.0050    0.8267   -0.5626
...    66 T-A ...
  -77.7408  -58.8053  -54.5399
    0.9030   -0.2462   -0.3522
   -0.4295   -0.4944   -0.7557
    0.0119    0.8336   -0.5522
...    67 A-T ...
  -77.7095  -55.9567  -56.3059
    0.4753   -0.4928   -0.7289
   -0.8789   -0.2275   -0.4193
    0.0408    0.8399   -0.5413
...    68 G-C ...
  -77.2020  -53.2071  -57.8983
    0.0065   -0.5868   -0.8097
   -0.9984    0.0421   -0.0386
    0.0567    0.8087   -0.5855
...    69 G-C ...
  -76.0698  -50.5459  -60.1548
   -0.5000   -0.5254   -0.6884
   -0.8651    0.3399    0.3689
    0.0402    0.7800   -0.6245
...    70 T-A ...
  -75.6907  -48.2783  -62.4777
   -0.8657   -0.2879   -0.4094
   -0.4993    0.5535    0.6666
    0.0347    0.7815   -0.6229
...    71 A-T ...
  -75.5398  -46.0288  -65.0471
   -0.9978    0.0108    0.0662
    0.0581    0.6322    0.7726
   -0.0335    0.7747   -0.6314
...    72 T-A ...
  -75.8629  -43.9832  -67.6001
   -0.8501    0.3032    0.4305
    0.5254    0.5438    0.6544
   -0.0357    0.7825   -0.6216
...    73 C-G ...
  -76.3573  -41.4340  -69.7834
   -0.3768    0.5428    0.7506
    0.9254    0.2566    0.2790
   -0.0412    0.7997   -0.5990
...    74 T-A ...
  -76.8555  -38.7280  -71.5957
    0.1296    0.5254    0.8409
    0.9905   -0.0298   -0.1340
   -0.0454    0.8503   -0.5243
...    75 C-G ...
  -76.9623  -35.7926  -73.0299
    0.6416    0.3667    0.6737
    0.7660   -0.2613   -0.5873
   -0.0393    0.8929   -0.4486
...    76 G-C ...
  -76.6271  -32.8975  -74.4606
    0.9089    0.0183    0.4166
    0.3984   -0.3332   -0.8546
    0.1232    0.9427   -0.3101
...    77 A-T ...
  -76.1817  -29.7429  -75.3711
    0.9707   -0.2184   -0.1002
   -0.1584   -0.2679   -0.9503
    0.1807    0.9384   -0.2947
...    78 G-C ...
  -75.3199  -26.6214  -76.0420
    0.7549   -0.3619   -0.5470
   -0.6142   -0.0975   -0.7831
    0.2301    0.9271   -0.2958
...    79 C-G ...
  -74.0878  -23.5430  -76.8111
    0.2656   -0.3833   -0.8846
   -0.9288    0.1443   -0.3414
    0.2585    0.9123   -0.3176
...    80 T-A ...
  -72.9639  -20.6171  -77.7965
   -0.2468   -0.2716   -0.9302
   -0.9306    0.3342    0.1493
    0.2703    0.9025   -0.3352
...    81 C-G ...
  -72.2276  -17.6558  -78.9969
   -0.7352   -0.0571   -0.6754
   -0.6235    0.4480    0.6408
    0.2660    0.8922   -0.3649
...    82 G-C ...
  -71.8566  -14.3986  -79.6588
   -0.9697    0.1330   -0.2050
   -0.1317    0.4225    0.8968
    0.2059    0.8966   -0.3922
...    83 G-C ...
  -71.1637  -11.4926  -81.0887
   -0.9073    0.2706    0.3219
    0.3910    0.2606    0.8828
    0.1550    0.9268   -0.3422
...    84 G-C ...
  -70.9138   -8.4334  -82.4191
   -0.5881    0.2577    0.7666
    0.8055    0.1017    0.5838
    0.0724    0.9608   -0.2674
...    85 A-T ...
  -70.9173   -5.2861  -83.3669
   -0.0305    0.2274    0.9733
    0.9975   -0.0558    0.0443
    0.0644    0.9722   -0.2251
...    86 T-A ...
  -71.3273   -2.0601  -83.9009
    0.4691    0.1332    0.8730
    0.8800   -0.1541   -0.4493
    0.0747    0.9790   -0.1895
...    87 C-G ...
  -71.1723    1.1980  -84.2491
    0.8799   -0.0231    0.4746
    0.4626   -0.1864   -0.8667
    0.1085    0.9822   -0.1534
...    88 C-G ...
  -70.8745    4.4493  -84.5142
    0.9724   -0.2334    0.0014
   -0.0302   -0.1316   -0.9908
    0.2315    0.9634   -0.1350
...    89 G-C ...
  -69.9871    7.4839  -85.3760
    0.7748   -0.4010   -0.4888
   -0.5101    0.0603   -0.8580
    0.3736    0.9141   -0.1578
...    90 C-G ...
  -68.2332   10.4535  -85.6262
    0.3455   -0.3114   -0.8852
   -0.8493    0.2975   -0.4361
    0.3991    0.9025   -0.1616
...    91 T-A ...
  -66.3431   13.2354  -86.4264
   -0.1821   -0.0947   -0.9787
   -0.8739    0.4718    0.1170
    0.4507    0.8766   -0.1687
...    92 T-A ...
  -64.5408   15.8595  -87.1124
   -0.6262    0.2347   -0.7435
   -0.6168    0.4341    0.6566
    0.4769    0.8697   -0.1270
...    93 T-A ...
  -62.7878   18.5270  -87.7595
   -0.8493    0.4637   -0.2522
   -0.1687    0.2143    0.9621
    0.5002    0.8597   -0.1038
...    94 A-T ...
  -61.0567   21.3164  -87.6774
   -0.7942    0.5057    0.3368
    0.3321   -0.1030    0.9376
    0.5089    0.8565   -0.0862
...    95 A-T ...
  -59.5711   24.0817  -88.0663
   -0.5250    0.3422    0.7793
    0.6885   -0.3675    0.6252
    0.5004    0.8647   -0.0427
...    96 C-G ...
  -58.5200   27.2154  -88.4220
   -0.1358    0.0739    0.9880
    0.8557   -0.4938    0.1545
    0.4993    0.8664    0.0038
...    97 A-T ...
  -57.0494   30.1756  -88.2246
    0.2649   -0.3113    0.9126
    0.8139   -0.4354   -0.3848
    0.5172    0.8447    0.1380
...    98 C-G ...
  -55.7589   33.0781  -87.2126
    0.6073   -0.5279    0.5938
    0.5862   -0.2068   -0.7833
    0.5363    0.8238    0.1839
...    99 T-A ...
  -53.9760   35.8686  -85.8155
    0.7898   -0.6104    0.0601
    0.1788    0.1354   -0.9745
    0.5867    0.7805    0.2161
...   100 T-A ...
  -52.0361   38.2340  -84.7108
    0.7611   -0.4165   -0.4973
   -0.2904    0.4668   -0.8353
    0.5800    0.7802    0.2343
...   101 T-A ...
  -50.0324   40.5742  -83.7144
    0.4802   -0.0786   -0.8736
   -0.6595    0.6242   -0.4187
    0.5783    0.7773    0.2479
...   102 A-T ...
  -48.2848   43.3483  -82.9740
    0.0000    0.2974   -0.9548
   -0.8118    0.5575    0.1736
    0.5839    0.7751    0.2414
...   103 T-A ...
  -45.8285   45.4738  -82.5092
   -0.3828    0.5107   -0.7698
   -0.7164    0.3620    0.5964
    0.5833    0.7798    0.2273
...   104 G-C ...
  -43.8575   48.1044  -82.0645
   -0.7871    0.5533   -0.2724
   -0.3220    0.0081    0.9467
    0.5261    0.8329    0.1718
...   105 C-G ...
  -42.3831   51.0070  -81.8744
   -0.8626    0.4309    0.2651
    0.1346   -0.3096    0.9413
    0.4877    0.8476    0.2090
...   106 T-A ...
  -40.9616   54.0945  -81.5155
   -0.6690    0.1544    0.7271
    0.5886   -0.4872    0.6451
    0.4538    0.8595    0.2350
...   107 T-A ...
  -39.6903   56.9426  -80.8391
   -0.2801   -0.1876    0.9415
    0.8561   -0.4925    0.1566
    0.4343    0.8499    0.2985
...   108 C-G ...
  -38.5382   59.7590  -79.6729
    0.1712   -0.5083    0.8440
    0.8815   -0.3035   -0.3617
    0.4400    0.8059    0.3961
...   109 C-G ...
  -37.3166   62.5044  -78.3676
    0.5059   -0.7091    0.4911
    0.6880   -0.0117   -0.7256
    0.5203    0.7050    0.4820
...   110 G-C ...
  -35.4784   64.4287  -76.9193
    0.6919   -0.7219    0.0148
    0.4004    0.3667   -0.8398
    0.6008    0.5869    0.5427
...   111 G-C ...
  -33.1185   65.7461  -74.9356
    0.7543   -0.4597   -0.4687
    0.0262    0.7345   -0.6782
    0.6560    0.4993    0.5661
...   112 C-G ...
  -30.6027   66.7528  -72.9470
    0.6337   -0.0103   -0.7736
   -0.3537    0.8854   -0.3015
    0.6880    0.4647    0.5574
...   113 T-A ...
  -28.2277   68.0405  -71.1014
    0.3636    0.4503   -0.8155
   -0.6055    0.7795    0.1604
    0.7079    0.4354    0.5561
...   114 C-G ...
  -26.0093   69.7063  -69.3842
   -0.0520    0.8186   -0.5720
   -0.6812    0.3897    0.6197
    0.7303    0.4219    0.5374
...   115 G-C ...
  -23.9520   71.1421  -67.2770
   -0.4513    0.8826   -0.1319
   -0.5422   -0.1538    0.8261
    0.7088    0.4443    0.5479
...   116 T-A ...
  -21.5979   72.9968  -65.9163
   -0.6915    0.6587    0.2965
   -0.2380   -0.5952    0.7675
    0.6821    0.4602    0.5684
...   117 A-T ...
  -19.3439   75.0524  -64.3379
   -0.7675    0.1816    0.6147
    0.1793   -0.8599    0.4779
    0.6154    0.4771    0.6274
...   118 T-A ...
  -17.6796   77.1694  -62.5795
   -0.5981   -0.2568    0.7592
    0.5103   -0.8524    0.1137
    0.6179    0.4554    0.6409
...   119 A-T ...
  -15.8795   78.6070  -60.3150
   -0.4016   -0.6997    0.5909
    0.7507   -0.6211   -0.2253
    0.5246    0.3531    0.7747
...   120 A-T ...
  -14.4892   79.7223  -57.6277
    0.0013   -0.9566    0.2913
    0.8647   -0.1452   -0.4808
    0.5023    0.2525    0.8270
...   121 T-A ...
  -13.4187   80.4275  -54.5883
    0.4075   -0.9131   -0.0127
    0.7657    0.3492   -0.5401
    0.4976    0.2104    0.8415
...   122 G-C ...
  -11.7886   80.6559  -51.5791
    0.6911   -0.5957   -0.4093
    0.4587    0.7991   -0.3886
    0.5585    0.0808    0.8255
...   123 T-A ...
   -9.9780   80.2632  -48.9299
    0.8224   -0.1498   -0.5488
    0.1077    0.9883   -0.1085
    0.5586    0.0301    0.8289
...   124 G-C ...
   -7.9846   80.2121  -46.3270
    0.7235    0.4316   -0.5388
   -0.3397    0.9020    0.2665
    0.6010   -0.0098    0.7992
...   125 T-A ...
   -5.8113   79.6838  -43.9627
    0.4472    0.8309   -0.3312
   -0.6530    0.5563    0.5140
    0.6113   -0.0136    0.7913
...   126 C-G ...
   -3.8121   79.6520  -41.5222
    0.0013    0.9989    0.0479
   -0.7882   -0.0285    0.6147
    0.6154   -0.0386    0.7873
...   127 G-C ...
   -2.3615   79.3561  -38.6602
   -0.4388    0.8493    0.2936
   -0.7056   -0.5280    0.4726
    0.5564    0.0002    0.8309
...   128 A-T ...
   -0.4740   79.1551  -36.1805
   -0.7694    0.4017    0.4967
   -0.3631   -0.9147    0.1773
    0.5255   -0.0440    0.8497
...   129 C-G ...
    1.2610   79.7156  -33.4407
   -0.8758   -0.1205    0.4674
    0.0742   -0.9904   -0.1164
    0.4770   -0.0673    0.8763
...   130 C-G ...
    2.2324   79.9912  -30.1740
   -0.8048   -0.5576    0.2035
    0.4883   -0.8169   -0.3070
    0.3374   -0.1477    0.9297
...   131 A-T ...
    2.6405   78.9054  -27.0329
   -0.5927   -0.7719   -0.2301
    0.7949   -0.5145   -0.3214
    0.1297   -0.3734    0.9186
...   132 A-T ...
    2.7928   77.6052  -24.0552
   -0.0901   -0.8987   -0.4292
    0.9924   -0.0448   -0.1144
    0.0836   -0.4362    0.8959
...   133 A-T ...
    2.6407   76.1040  -21.1211
    0.5036   -0.7695   -0.3928
    0.8617    0.4803    0.1638
    0.0626   -0.4210    0.9049
...   134 T-A ...
    2.3076   74.2306  -18.3904
    0.8657   -0.4293   -0.2574
    0.4984    0.7868    0.3641
    0.0462   -0.4435    0.8951
...   135 G-C ...
    1.4354   72.0969  -15.6051
    0.9809    0.0621    0.1843
   -0.1263    0.9241    0.3607
   -0.1479   -0.3771    0.9143
...   136 T-A ...
    0.5280   69.2392  -13.4690
    0.7351    0.4963    0.4618
   -0.6117    0.7792    0.1365
   -0.2921   -0.3828    0.8764
...   137 G-C ...
   -0.1659   67.4105  -10.8096
    0.1800    0.8794    0.4408
   -0.9276    0.3008   -0.2214
   -0.3274   -0.3691    0.8698
...   138 A-T ...
   -0.1321   66.2179   -7.8217
   -0.3749    0.8570    0.3536
   -0.8857   -0.2184   -0.4098
   -0.2739   -0.4668    0.8409
...   139 G-C ...
   -1.0068   65.6074   -4.9426
   -0.8336    0.5218    0.1811
   -0.5170   -0.6220   -0.5881
   -0.1942   -0.5839    0.7883
...   140 C-G ...
   -0.6974   63.9002   -2.2529
   -0.9992    0.0157   -0.0376
    0.0023   -0.8993   -0.4374
   -0.0406   -0.4371    0.8985
...   141 G-C ...
   -3.4382   60.2384    1.0283
   -0.4425    0.2285   -0.8672
    0.1683   -0.9287   -0.3306
   -0.8808   -0.2922    0.3725
...   142 C-G ...
   -6.3288   59.0833    1.6292
   -0.2970   -0.3280   -0.8968
    0.5656   -0.8171    0.1115
   -0.7693   -0.4741    0.4282
...   143 T-A ...
   -8.6768   58.7242    3.6023
   -0.0347   -0.7817   -0.6227
    0.6533   -0.4893    0.5778
   -0.7563   -0.3868    0.5276
...   144 C-G ...
  -11.6544   58.0113    4.7192
    0.2451   -0.9542   -0.1716
    0.6322    0.0231    0.7745
   -0.7350   -0.2983    0.6089
...   145 A-T ...
  -14.1760   56.5668    6.1806
    0.5795   -0.7268    0.3687
    0.3139    0.6165    0.7220
   -0.7521   -0.3027    0.5855
...   146 C-G ...
  -16.4650   53.8948    7.5152
    0.5336   -0.3331    0.7774
   -0.0346    0.9098    0.4136
   -0.8450   -0.2476    0.4739
...   147 A-T ...
  -19.0172   52.0373    8.9260
    0.2452    0.2907    0.9249
   -0.3073    0.9281   -0.2103
   -0.9195   -0.2327    0.3169
