  147 base-pairs
...     1 A-T ...
    0.0000    0.0000    0.0000
    1.0000    0.0000    0.0000
    0.0000    1.0000    0.0000
    0.0000    0.0000    1.0000
...     2 G-C ...
   -0.1404   -1.2353    3.2259
    0.7530    0.6366    0.1668
   -0.6385    0.7681   -0.0490
   -0.1593   -0.0696    0.9848
...     3 T-A ...
   -0.0377   -3.2918    6.3749
    0.2722    0.9302    0.2464
   -0.9238    0.3243   -0.2034
   -0.2691   -0.1722    0.9476
...     4 G-C ...
   -0.3520   -4.1638    9.4928
   -0.3756    0.9250    0.0576
   -0.8780   -0.3352   -0.3416
   -0.2967   -0.1788    0.9381
...     5 A-T ...
   -0.4480   -4.1448   12.7498
   -0.8116    0.5839   -0.0166
   -0.5522   -0.7762   -0.3042
   -0.1905   -0.2377    0.9525
...     6 G-C ...
   -1.5926   -4.1701   15.6201
   -0.9976    0.0246   -0.0651
   -0.0043   -0.9555   -0.2950
   -0.0694   -0.2940    0.9533
...     7 C-G ...
   -1.1050   -4.4793   18.7363
   -0.8442   -0.5302   -0.0787
    0.5343   -0.8442   -0.0430
   -0.0437   -0.0784    0.9960
...     8 G-C ...
   -2.4044   -7.7255   23.1483
   -0.2753   -0.3294   -0.9032
    0.6650   -0.7437    0.0686
   -0.6943   -0.5817    0.4238
...     9 C-G ...
   -4.4706   -9.9691   24.1142
    0.1145   -0.7026   -0.7023
    0.8512   -0.2951    0.4341
   -0.5123   -0.6475    0.5642
...    10 T-A ...
   -6.7420  -10.8705   25.9717
    0.4841   -0.8363   -0.2573
    0.6594    0.1554    0.7356
   -0.5752   -0.5257    0.6267
...    11 C-G ...
   -9.1682  -12.6167   27.1662
    0.7073   -0.6683    0.2306
    0.3450    0.6110    0.7125
   -0.6170   -0.4243    0.6627
...    12 A-T ...
  -10.9253  -14.6583   29.0713
    0.7515   -0.1377    0.6452
   -0.2027    0.8824    0.4245
   -0.6278   -0.4498    0.6352
...    13 C-G ...
  -11.8495  -17.4796   31.2472
    0.4294    0.2824    0.8578
   -0.5708    0.8209    0.0155
   -0.6998   -0.4963    0.5137
...    14 A-T ...
  -13.5915  -19.7756   33.4284
   -0.1503    0.6106    0.7775
   -0.6874    0.5007   -0.5261
   -0.7106   -0.6135    0.3445
...    15 A-T ...
  -15.7637  -21.8966   34.5358
   -0.4945    0.7963    0.3484
   -0.4635    0.0976   -0.8807
   -0.7353   -0.5970    0.3208
...    16 T-A ...
  -17.9113  -23.8340   36.2958
   -0.6883    0.7086   -0.1551
   -0.1176   -0.3199   -0.9401
   -0.7158   -0.6289    0.3035
...    17 T-A ...
  -20.2612  -25.7143   37.6430
   -0.6437    0.3808   -0.6638
    0.3147   -0.6589   -0.6832
   -0.6976   -0.6487    0.3043
...    18 T-A ...
  -22.6217  -27.6338   38.6221
   -0.3201    0.0303   -0.9469
    0.5972   -0.7695   -0.2265
   -0.7355   -0.6380    0.2282
...    19 A-T ...
  -25.1271  -29.5978   38.9870
    0.1315   -0.1712   -0.9764
    0.6459   -0.7324    0.2154
   -0.7520   -0.6590    0.0143
...    20 T-A ...
  -27.9862  -31.2042   38.6829
    0.4477   -0.4881   -0.7492
    0.4896   -0.5673    0.6622
   -0.7483   -0.6632   -0.0150
...    21 T-A ...
  -30.5404  -33.2304   38.3110
    0.6572   -0.7020   -0.2743
    0.1501   -0.2348    0.9604
   -0.7386   -0.6724   -0.0490
...    22 C-G ...
  -32.8614  -35.5074   38.0161
    0.6501   -0.6914    0.3151
   -0.2669    0.1805    0.9467
   -0.7114   -0.6996   -0.0672
...    23 G-C ...
  -35.1089  -37.9402   38.5261
    0.4703   -0.4007    0.7863
   -0.6327    0.4681    0.6169
   -0.6153   -0.7876   -0.0334
...    24 C-G ...
  -36.8134  -40.7122   38.2883
    0.1036   -0.0604    0.9928
   -0.7867    0.6057    0.1189
   -0.6085   -0.7934    0.0152
...    25 A-T ...
  -39.1847  -42.9925   38.1661
   -0.3450    0.3132    0.8848
   -0.7005    0.5415   -0.4648
   -0.6247   -0.7802    0.0325
...    26 A-T ...
  -41.0927  -45.6531   38.4577
   -0.6910    0.5427    0.4775
   -0.3794    0.2900   -0.8786
   -0.6153   -0.7883    0.0056
...    27 A-T ...
  -42.9525  -48.3043   38.8120
   -0.7974    0.5938   -0.1075
    0.1030   -0.0416   -0.9938
   -0.5946   -0.8035   -0.0280
...    28 G-C ...
  -45.1910  -50.7893   39.1451
   -0.5835    0.5461   -0.6010
    0.4908   -0.3525   -0.7968
   -0.6470   -0.7599   -0.0624
...    29 G-C ...
  -47.7933  -53.0623   39.0510
   -0.1491    0.3734   -0.9156
    0.7216   -0.5920   -0.3589
   -0.6761   -0.7142   -0.1812
...    30 C-G ...
  -50.3913  -54.9269   38.3790
    0.3093    0.0807   -0.9475
    0.6779   -0.7175    0.1601
   -0.6670   -0.6918   -0.2767
...    31 C-G ...
  -52.8045  -56.9150   37.2769
    0.6925   -0.2303   -0.6837
    0.3855   -0.6829    0.6205
   -0.6098   -0.6933   -0.3842
...    32 G-C ...
  -54.2757  -59.2137   35.9587
    0.8628   -0.4397   -0.2497
   -0.0390   -0.5503    0.8341
   -0.5041   -0.7098   -0.4919
...    33 G-C ...
  -55.2566  -61.7435   33.9384
    0.7341   -0.6296    0.2544
   -0.5300   -0.2971    0.7943
   -0.4245   -0.7179   -0.5518
...    34 C-G ...
  -56.1454  -64.2149   31.9927
    0.3385   -0.6770    0.6535
   -0.8617    0.0559    0.5043
   -0.3779   -0.7339   -0.5644
...    35 C-G ...
  -57.0784  -66.9627   30.2245
   -0.2059   -0.5391    0.8167
   -0.9179    0.3956    0.0298
   -0.3392   -0.7435   -0.5763
...    36 C-G ...
  -58.0209  -69.6295   28.4206
   -0.6634   -0.2267    0.7131
   -0.6672    0.6107   -0.4265
   -0.3388   -0.7587   -0.5564
...    37 G-C ...
  -59.4455  -71.4008   25.7788
   -0.9024    0.1943    0.3845
   -0.1686    0.6620   -0.7303
   -0.3965   -0.7239   -0.5646
...    38 A-T ...
  -60.4385  -73.7386   23.9557
   -0.8316    0.5480   -0.0897
    0.3952    0.4705   -0.7889
   -0.3902   -0.6916   -0.6079
...    39 C-G ...
  -62.1198  -75.8956   22.3067
   -0.4949    0.7561   -0.4283
    0.7613    0.1396   -0.6333
   -0.4190   -0.6394   -0.6447
...    40 A-T ...
  -63.7034  -77.8835   20.1979
    0.0390    0.8018   -0.5963
    0.9005   -0.2868   -0.3268
   -0.4331   -0.5242   -0.7332
...    41 C-G ...
  -65.4321  -79.0399   17.7255
    0.5108    0.6111   -0.6047
    0.7620   -0.6475   -0.0108
   -0.3981   -0.4552   -0.7964
...    42 G-C ...
  -66.3154  -80.7224   14.9936
    0.8870    0.2092   -0.4116
    0.3333   -0.9070    0.2574
   -0.3195   -0.3656   -0.8742
...    43 A-T ...
  -67.2977  -81.7916   12.1833
    0.9214   -0.3443   -0.1802
   -0.2392   -0.8679    0.4353
   -0.3063   -0.3580   -0.8821
...    44 C-G ...
  -67.9649  -82.3573    8.9933
    0.6817   -0.7231    0.1109
   -0.6887   -0.5832    0.4308
   -0.2469   -0.3701   -0.8956
...    45 T-A ...
  -68.0450  -83.4869    5.5248
    0.1975   -0.9276    0.3170
   -0.9538   -0.1072    0.2806
   -0.2263   -0.3578   -0.9060
...    46 T-A ...
  -68.2150  -84.4655    2.3828
   -0.3015   -0.8805    0.3658
   -0.9286    0.3583    0.0970
   -0.2164   -0.3105   -0.9256
...    47 A-T ...
  -69.1381  -85.2502   -0.7390
   -0.8109   -0.4814    0.3327
   -0.5466    0.8261   -0.1370
   -0.2089   -0.2929   -0.9330
...    48 C-G ...
  -69.5931  -86.8126   -3.6546
   -0.9758    0.0211    0.2175
   -0.0416    0.9593   -0.2795
   -0.2145   -0.2817   -0.9352
...    49 T-A ...
  -70.5256  -88.1256   -6.6026
   -0.8358    0.5371    0.1139
    0.4703    0.8074   -0.3562
   -0.2833   -0.2441   -0.9274
...    50 G-C ...
  -71.7113  -88.6947   -9.7032
   -0.4072    0.9124    0.0427
    0.8474    0.3948   -0.3550
   -0.3408   -0.1083   -0.9339
...    51 T-A ...
  -73.3261  -89.0677  -12.4340
    0.0512    0.9980   -0.0382
    0.9397   -0.0611   -0.3365
   -0.3381   -0.0187   -0.9409
...    52 A-T ...
  -75.2962  -88.1638  -15.1336
    0.5413    0.8362    0.0883
    0.8055   -0.4855   -0.3398
   -0.2412    0.2551   -0.9363
...    53 G-C ...
  -76.4485  -87.0641  -17.9288
    0.8720    0.4880    0.0376
    0.4645   -0.8008   -0.3781
   -0.1545    0.3472   -0.9250
...    54 G-C ...
  -77.0924  -84.8617  -20.8211
    0.9971   -0.0122   -0.0748
   -0.0403   -0.9212   -0.3870
   -0.0641    0.3889   -0.9191
...    55 T-A ...
  -76.9303  -83.1512  -23.6000
    0.8471   -0.4734   -0.2415
   -0.5304   -0.7808   -0.3302
   -0.0323    0.4078   -0.9125
...    56 A-T ...
  -76.4283  -81.4653  -26.5224
    0.4180   -0.8426   -0.3395
   -0.9078   -0.3739   -0.1898
    0.0330    0.3875   -0.9213
...    57 T-A ...
  -75.5799  -79.9750  -29.3599
   -0.0776   -0.9068   -0.4143
   -0.9964    0.0847    0.0012
    0.0341    0.4129   -0.9101
...    58 C-G ...
  -75.1728  -78.7634  -32.4707
   -0.6565   -0.6719   -0.3428
   -0.7538    0.6012    0.2651
    0.0280    0.4325   -0.9012
...    59 T-A ...
  -75.0006  -77.6419  -35.5971
   -0.9479   -0.2968   -0.1156
   -0.3179    0.8587    0.4019
   -0.0200    0.4177   -0.9084
...    60 C-G ...
  -75.1353  -76.2562  -38.6048
   -0.9624    0.2169    0.1636
    0.2658    0.8764    0.4015
   -0.0563    0.4299   -0.9011
...    61 G-C ...
  -75.1164  -74.4126  -41.3497
   -0.6481    0.6201    0.4421
    0.7539    0.6044    0.2574
   -0.1076    0.5002   -0.8592
...    62 T-A ...
  -75.9413  -73.1563  -44.2897
   -0.1924    0.8174    0.5430
    0.9776    0.2079    0.0335
   -0.0855    0.5372   -0.8391
...    63 C-G ...
  -76.2856  -71.2691  -46.8026
    0.3577    0.7562    0.5480
    0.9296   -0.2326   -0.2859
   -0.0888    0.6117   -0.7861
...    64 A-T ...
  -77.2622  -68.8736  -49.1084
    0.7718    0.4577    0.4413
    0.6338   -0.4982   -0.5917
   -0.0509    0.7364   -0.6747
...    65 T-A ...
  -77.5550  -66.1923  -50.8748
    0.9809    0.1251    0.1490
    0.1946   -0.6398   -0.7435
    0.0023    0.7583   -0.6519
...    66 G-C ...
  -77.3104  -63.3589  -52.7928
    0.9215   -0.3193   -0.2210
   -0.3737   -0.5748   -0.7280
    0.1054    0.7534   -0.6490
...    67 T-A ...
  -76.5500  -60.5630  -54.4566
    0.6019   -0.5763   -0.5528
   -0.7889   -0.3214   -0.5239
    0.1243    0.7514   -0.6481
...    68 T-A ...
  -75.9315  -58.1384  -56.4239
    0.0889   -0.6529   -0.7522
   -0.9857    0.0509   -0.1606
    0.1431    0.7557   -0.6391
...    69 A-T ...
  -75.7131  -55.5805  -58.5711
   -0.4953   -0.5220   -0.6944
   -0.8590    0.4134    0.3020
    0.1294    0.7461   -0.6532
...    70 T-A ...
  -74.7730  -53.5859  -60.9329
   -0.8440   -0.2400   -0.4797
   -0.5166    0.6043    0.6066
    0.1442    0.7597   -0.6340
...    71 A-T ...
  -74.3924  -50.9335  -62.9047
   -0.9943    0.1024   -0.0299
    0.0434    0.6441    0.7637
    0.0975    0.7580   -0.6449
...    72 A-T ...
  -74.1715  -48.6327  -65.0673
   -0.8282    0.3992    0.3934
    0.5548    0.4843    0.6765
    0.0795    0.7785   -0.6226
...    73 C-G ...
  -74.5218  -46.2959  -67.5191
   -0.4216    0.5688    0.7062
    0.9037    0.1998    0.3787
    0.0743    0.7979   -0.5982
...    74 G-C ...
  -74.0575  -43.4538  -68.9968
    0.0664    0.4259    0.9023
    0.9964   -0.0765   -0.0372
    0.0532    0.9015   -0.4294
...    75 G-C ...
  -74.0127  -40.2827  -69.8357
    0.5419    0.2198    0.8112
    0.8379   -0.2170   -0.5009
    0.0659    0.9511   -0.3018
...    76 A-T ...
  -73.9340  -37.0821  -70.5517
    0.9027   -0.0013    0.4302
    0.4135   -0.2740   -0.8683
    0.1190    0.9617   -0.2468
...    77 A-T ...
  -73.4570  -33.9622  -71.0596
    0.9763   -0.1944   -0.0950
   -0.1356   -0.2072   -0.9688
    0.1687    0.9588   -0.2287
...    78 G-C ...
  -72.7480  -30.6279  -71.4207
    0.7350   -0.3150   -0.6004
   -0.6492   -0.0712   -0.7573
    0.1958    0.9464   -0.2569
...    79 C-G ...
  -71.6256  -27.4843  -72.0776
    0.2309   -0.3331   -0.9142
   -0.9474    0.1372   -0.2893
    0.2218    0.9328   -0.2839
...    80 T-A ...
  -70.6095  -24.4893  -72.9775
   -0.2852   -0.2395   -0.9281
   -0.9305    0.3015    0.2081
    0.2300    0.9229   -0.3089
...    81 C-G ...
  -70.0110  -21.4714  -74.1059
   -0.7647   -0.0556   -0.6420
   -0.6045    0.4067    0.6849
    0.2230    0.9119   -0.3446
...    82 G-C ...
  -69.7804  -18.1994  -74.7049
   -0.9820    0.1069   -0.1555
   -0.1021    0.3917    0.9144
    0.1587    0.9138   -0.3738
...    83 G-C ...
  -69.2766  -15.2342  -76.0983
   -0.8992    0.2315    0.3712
    0.4241    0.2533    0.8695
    0.1073    0.9393   -0.3260
...    84 G-C ...
  -69.2112  -12.1351  -77.3588
   -0.5580    0.2212    0.7998
    0.8295    0.1188    0.5458
    0.0257    0.9680   -0.2498
...    85 A-T ...
  -69.3746   -8.9708  -78.2455
    0.0118    0.2112    0.9774
    0.9998   -0.0210   -0.0076
    0.0189    0.9772   -0.2114
...    86 T-A ...
  -69.9236   -5.7529  -78.7091
    0.5095    0.1390    0.8492
    0.8600   -0.1165   -0.4969
    0.0299    0.9834   -0.1789
...    87 C-G ...
  -69.9091   -2.4844  -79.0243
    0.9050    0.0061    0.4253
    0.4207   -0.1612   -0.8928
    0.0632    0.9869   -0.1484
...    88 C-G ...
  -69.7641    0.7782  -79.2850
    0.9790   -0.1965   -0.0549
   -0.0809   -0.1266   -0.9886
    0.1873    0.9723   -0.1399
...    89 G-C ...
  -69.0469    3.8498  -80.1760
    0.7605   -0.3691   -0.5343
   -0.5601    0.0434   -0.8273
    0.3285    0.9284   -0.1738
...    90 C-G ...
  -67.4340    6.8898  -80.5039
    0.3061   -0.2962   -0.9047
   -0.8842    0.2639   -0.3855
    0.3529    0.9180   -0.1811
...    91 T-A ...
  -65.7077    9.7467  -81.3978
   -0.2346   -0.1037   -0.9666
   -0.8844    0.4355    0.1679
    0.4035    0.8942   -0.1939
...    92 T-A ...
  -64.0621   12.4411  -82.1919
   -0.6782    0.2036   -0.7061
   -0.5957    0.4104    0.6905
    0.4304    0.8889   -0.1570
...    93 T-A ...
  -62.4766   15.1808  -82.9498
   -0.8832    0.4223   -0.2041
   -0.1217    0.2138    0.9693
    0.4530    0.8809   -0.1374
...    94 A-T ...
  -60.8890   18.0526  -83.0025
   -0.7969    0.4706    0.3789
    0.3905   -0.0774    0.9173
    0.4610    0.8790   -0.1221
...    95 A-T ...
  -59.5640   20.8815  -83.5037
   -0.4941    0.3262    0.8059
    0.7410   -0.3269    0.5866
    0.4548    0.8870   -0.0801
...    96 C-G ...
  -58.6879   24.0577  -83.9533
   -0.0797    0.0808    0.9935
    0.8864   -0.4503    0.1077
    0.4561    0.8892   -0.0357
...    97 A-T ...
  -57.3533   27.0861  -83.8859
    0.3353   -0.2839    0.8983
    0.8087   -0.4024   -0.4290
    0.4833    0.8703    0.0947
...    98 C-G ...
  -56.1509   30.0683  -83.0019
    0.6677   -0.4881    0.5621
    0.5459   -0.1924   -0.8155
    0.5062    0.8513    0.1380
...    99 T-A ...
  -54.4227   32.9651  -81.7609
    0.8208   -0.5709    0.0202
    0.1113    0.1251   -0.9859
    0.5603    0.8115    0.1662
...   100 T-A ...
  -52.5349   35.4398  -80.8197
    0.7479   -0.3906   -0.5368
   -0.3636    0.4355   -0.8235
    0.5554    0.8110    0.1836
...   101 T-A ...
  -50.5875   37.8915  -79.9995
    0.4277   -0.0764   -0.9007
   -0.7128    0.5843   -0.3881
    0.5559    0.8079    0.1955
...   102 A-T ...
  -48.9251   40.7540  -79.4373
   -0.0725    0.2705   -0.9600
   -0.8239    0.5262    0.2105
    0.5621    0.8062    0.1847
...   103 T-A ...
  -46.5441   42.9975  -79.1869
   -0.4524    0.4713   -0.7571
   -0.6937    0.3475    0.6308
    0.5604    0.8106    0.1697
...   104 G-C ...
  -44.6699   45.7233  -78.9376
   -0.8266    0.5106   -0.2367
   -0.2629    0.0216    0.9646
    0.4976    0.8596    0.1164
...   105 C-G ...
  -43.3185   48.6921  -78.9183
   -0.8629    0.4011    0.3075
    0.2065   -0.2757    0.9388
    0.4613    0.8736    0.1551
...   106 T-A ...
  -42.0164   51.8469  -78.7346
   -0.6289    0.1474    0.7634
    0.6485   -0.4423    0.6196
    0.4289    0.8847    0.1826
...   107 T-A ...
  -40.8316   54.7654  -78.2202
   -0.2128   -0.1708    0.9621
    0.8849   -0.4512    0.1156
    0.4143    0.8759    0.2472
...   108 C-G ...
  -39.7343   57.6622  -77.2104
    0.2444   -0.4754    0.8451
    0.8699   -0.2775   -0.4077
    0.4284    0.8348    0.3457
...   109 C-G ...
  -38.5554   60.4981  -76.0698
    0.5642   -0.6735    0.4776
    0.6421   -0.0058   -0.7666
    0.5191    0.7391    0.4292
...   110 G-C ...
  -36.7132   62.5373  -74.7934
    0.7204   -0.6935   -0.0089
    0.3332    0.3572   -0.8726
    0.6083    0.6256    0.4884
...   111 G-C ...
  -34.2892   64.0007  -73.0002
    0.7424   -0.4437   -0.5019
   -0.0441    0.7151   -0.6976
    0.6685    0.5401    0.5113
...   112 C-G ...
  -31.6944   65.1576  -71.2039
    0.5861   -0.0082   -0.8102
   -0.4056    0.8627   -0.3022
    0.7014    0.5057    0.5023
...   113 T-A ...
  -29.2650   66.5890  -69.5461
    0.2974    0.4415   -0.8465
   -0.6247    0.7605    0.1772
    0.7220    0.4761    0.5020
...   114 C-G ...
  -27.0163   68.3832  -68.0073
   -0.1163    0.8013   -0.5869
   -0.6586    0.3801    0.6495
    0.7435    0.4621    0.4834
...   115 G-C ...
  -24.8959   69.9429  -66.0594
   -0.4907    0.8623   -0.1252
   -0.4885   -0.1533    0.8590
    0.7215    0.4827    0.4965
...   116 T-A ...
  -22.5381   71.9169  -64.8795
   -0.6981    0.6401    0.3210
   -0.1726   -0.5855    0.7921
    0.6949    0.4975    0.5191
...   117 A-T ...
  -20.2762   74.0922  -63.4788
   -0.7402    0.1680    0.6511
    0.2360   -0.8418    0.4855
    0.6296    0.5130    0.5834
...   118 T-A ...
  -18.6012   76.3066  -61.8586
   -0.5489   -0.2607    0.7942
    0.5461   -0.8312    0.1045
    0.6329    0.4910    0.5986
...   119 A-T ...
  -16.7571   77.8596  -59.7173
   -0.3546   -0.6989    0.6212
    0.7591   -0.6030   -0.2452
    0.5460    0.3846    0.7443
...   120 A-T ...
  -15.2883   79.0665  -57.1137
    0.0398   -0.9509    0.3069
    0.8486   -0.1300   -0.5128
    0.5275    0.2809    0.8018
...   121 T-A ...
  -14.1181   79.8536  -54.1337
    0.4310   -0.9022   -0.0143
    0.7347    0.3601   -0.5750
    0.5239    0.2373    0.8180
...   122 G-C ...
  -12.3787   80.1678  -51.1985
    0.6905   -0.5844   -0.4262
    0.4238    0.8044   -0.4164
    0.5862    0.1070    0.8031
...   123 T-A ...
  -10.4582   79.8525  -48.6171
    0.8065   -0.1376   -0.5750
    0.0799    0.9890   -0.1246
    0.5858    0.0545    0.8086
...   124 G-C ...
   -8.3785   79.8851  -46.0853
    0.6961    0.4428   -0.5652
   -0.3528    0.8965    0.2678
    0.6253    0.0130    0.7803
...   125 T-A ...
   -6.1189   79.4313  -43.7832
    0.4183    0.8378   -0.3510
   -0.6509    0.5460    0.5275
    0.6335    0.0078    0.7737
...   126 C-G ...
   -4.0538   79.4590  -41.3965
   -0.0204    0.9990    0.0399
   -0.7710   -0.0411    0.6355
    0.6366   -0.0178    0.7710
...   127 G-C ...
   -2.5245   79.2087  -38.5751
   -0.4498    0.8422    0.2972
   -0.6846   -0.5389    0.4908
    0.5735    0.0173    0.8190
...   128 A-T ...
   -0.5783   79.0524  -36.1405
   -0.7674    0.3907    0.5083
   -0.3428   -0.9201    0.1896
    0.5418   -0.0288    0.8400
...   129 C-G ...
    1.1933   79.6604  -33.4369
   -0.8656   -0.1326    0.4828
    0.0894   -0.9897   -0.1115
    0.4927   -0.0534    0.8686
...   130 C-G ...
    2.2004   79.9811  -30.1845
   -0.7942   -0.5674    0.2175
    0.4954   -0.8119   -0.3088
    0.3518   -0.1375    0.9259
...   131 A-T ...
    2.6069   78.9144  -27.0284
   -0.5912   -0.7744   -0.2251
    0.7948   -0.5122   -0.3256
    0.1368   -0.3714    0.9183
...   132 A-T ...
    2.7782   77.6128  -24.0535
   -0.0906   -0.8988   -0.4290
    0.9920   -0.0433   -0.1187
    0.0881   -0.4363    0.8955
...   133 A-T ...
    2.6390   76.1100  -21.1192
    0.5033   -0.7689   -0.3945
    0.8617    0.4810    0.1618
    0.0653   -0.4213    0.9046
...   134 T-A ...
    2.3076   74.2306  -18.3902
    0.8657   -0.4293   -0.2574
    0.4984    0.7868    0.3641
    0.0462   -0.4435    0.8951
...   135 G-C ...
    1.4355   72.0969  -15.6049
    0.9809    0.0621    0.1843
   -0.1263    0.9241    0.3607
   -0.1479   -0.3771    0.9143
...   136 T-A ...
    0.5280   69.2392  -13.4688
    0.7351    0.4963    0.4618
   -0.6117    0.7792    0.1365
   -0.2921   -0.3828    0.8764
...   137 G-C ...
   -0.1658   67.4105  -10.8094
    0.1800    0.8794    0.4408
   -0.9276    0.3008   -0.2214
   -0.3274   -0.3691    0.8698
...   138 A-T ...
   -0.1321   66.2179   -7.8216
   -0.3749    0.8570    0.3536
   -0.8857   -0.2184   -0.4098
   -0.2739   -0.4668    0.8409
...   139 G-C ...
   -1.0068   65.6074   -4.9424
   -0.8336    0.5218    0.1811
   -0.5170   -0.6220   -0.5881
   -0.1942   -0.5839    0.7883
...   140 C-G ...
   -0.6974   63.9002   -2.2528
   -0.9992    0.0157   -0.0376
    0.0023   -0.8993   -0.4374
   -0.0406   -0.4371    0.8985
...   141 G-C ...
   -3.4382   60.2384    1.0284
   -0.4425    0.2285   -0.8672
    0.1683   -0.9287   -0.3306
   -0.8808   -0.2922    0.3725
...   142 C-G ...
   -6.3288   59.0833    1.6294
   -0.2970   -0.3280   -0.8968
    0.5656   -0.8171    0.1115
   -0.7693   -0.4741    0.4282
...   143 T-A ...
   -8.6768   58.7242    3.6024
   -0.0347   -0.7817   -0.6227
    0.6533   -0.4893    0.5778
   -0.7563   -0.3868    0.5276
...   144 C-G ...
  -11.6544   58.0113    4.7193
    0.2451   -0.9542   -0.1716
    0.6322    0.0231    0.7745
   -0.7350   -0.2983    0.6089
...   145 A-T ...
  -14.1760   56.5667    6.1807
    0.5795   -0.7268    0.3687
    0.3139    0.6165    0.7220
   -0.7521   -0.3027    0.5855
...   146 C-G ...
  -16.4650   53.8948    7.5153
    0.5336   -0.3331    0.7774
   -0.0346    0.9098    0.4136
   -0.8450   -0.2476    0.4739
...   147 A-T ...
  -19.0172   52.0373    8.9261
    0.2452    0.2907    0.9249
   -0.3073    0.9281   -0.2103
   -0.9195   -0.2327    0.3169
