  147 base-pairs
...     1 A-T ...
    0.0000    0.0000    0.0000
    1.0000    0.0000    0.0000
    0.0000    1.0000    0.0000
    0.0000    0.0000    1.0000
...     2 G-C ...
   -0.1404   -1.2353    3.2259
    0.7530    0.6366    0.1668
   -0.6385    0.7681   -0.0490
   -0.1593   -0.0696    0.9848
...     3 T-A ...
   -0.0377   -3.2918    6.3749
    0.2722    0.9302    0.2464
   -0.9238    0.3243   -0.2034
   -0.2691   -0.1722    0.9476
...     4 G-C ...
   -0.3520   -4.1638    9.4928
   -0.3756    0.9250    0.0576
   -0.8780   -0.3352   -0.3416
   -0.2967   -0.1788    0.9381
...     5 A-T ...
   -0.4480   -4.1448   12.7498
   -0.8116    0.5839   -0.0166
   -0.5522   -0.7762   -0.3042
   -0.1905   -0.2377    0.9525
...     6 G-C ...
   -1.5926   -4.1701   15.6201
   -0.9976    0.0246   -0.0651
   -0.0043   -0.9555   -0.2950
   -0.0694   -0.2940    0.9533
...     7 C-G ...
   -1.1050   -4.4793   18.7363
   -0.8442   -0.5302   -0.0787
    0.5343   -0.8442   -0.0430
   -0.0437   -0.0784    0.9960
...     8 G-C ...
   -2.4044   -7.7255   23.1483
   -0.2753   -0.3294   -0.9032
    0.6650   -0.7437    0.0686
   -0.6943   -0.5817    0.4238
...     9 C-G ...
   -4.4706   -9.9691   24.1142
    0.1145   -0.7026   -0.7023
    0.8512   -0.2951    0.4341
   -0.5123   -0.6475    0.5642
...    10 T-A ...
   -6.7420  -10.8705   25.9717
    0.4841   -0.8363   -0.2573
    0.6594    0.1554    0.7356
   -0.5752   -0.5257    0.6267
...    11 C-G ...
   -9.1682  -12.6167   27.1662
    0.7073   -0.6683    0.2306
    0.3450    0.6110    0.7125
   -0.6170   -0.4243    0.6627
...    12 A-T ...
  -10.9253  -14.6583   29.0713
    0.7515   -0.1377    0.6452
   -0.2027    0.8824    0.4245
   -0.6278   -0.4498    0.6352
...    13 C-G ...
  -11.8495  -17.4796   31.2472
    0.4294    0.2824    0.8578
   -0.5708    0.8209    0.0155
   -0.6998   -0.4963    0.5137
...    14 A-T ...
  -13.5915  -19.7756   33.4284
   -0.1503    0.6106    0.7775
   -0.6874    0.5007   -0.5261
   -0.7106   -0.6135    0.3445
...    15 A-T ...
  -15.6909  -21.8591   34.7578
   -0.5053    0.7810    0.3669
   -0.4767    0.1018   -0.8732
   -0.7193   -0.6161    0.3209
...    16 T-A ...
  -17.7914  -23.7461   36.4177
   -0.6583    0.7452   -0.1067
   -0.1644   -0.2807   -0.9456
   -0.7346   -0.6049    0.3073
...    17 T-A ...
  -20.1819  -25.5368   37.6297
   -0.6063    0.5146   -0.6063
    0.2138   -0.6288   -0.7476
   -0.7659   -0.5829    0.2713
...    18 T-A ...
  -22.7788  -27.1744   38.5903
   -0.3516    0.1480   -0.9244
    0.4934   -0.8098   -0.3174
   -0.7956   -0.5677    0.2117
...    19 A-T ...
  -25.8945  -28.3949   38.9456
    0.1041   -0.1077   -0.9887
    0.5470   -0.8241    0.1474
   -0.8307   -0.5561   -0.0269
...    20 T-A ...
  -28.8797  -29.6346   38.5260
    0.3815   -0.4683   -0.7970
    0.4130   -0.6850    0.6002
   -0.8270   -0.5581   -0.0679
...    21 T-A ...
  -31.6216  -31.2614   38.0014
    0.5576   -0.7530   -0.3494
    0.1204   -0.3431    0.9315
   -0.8214   -0.5615   -0.1006
...    22 C-G ...
  -34.1537  -33.2254   37.4573
    0.5453   -0.8041    0.2368
   -0.2471    0.1157    0.9620
   -0.8010   -0.5831   -0.1356
...    23 G-C ...
  -36.7880  -35.2097   37.4350
    0.3744   -0.5753    0.7272
   -0.5472    0.4961    0.6742
   -0.7486   -0.6503   -0.1290
...    24 C-G ...
  -38.9806  -37.6151   36.8740
    0.0363   -0.2117    0.9767
   -0.6701    0.7199    0.1809
   -0.7414   -0.6610   -0.1157
...    25 A-T ...
  -41.5736  -39.5898   36.4637
   -0.3004    0.2635    0.9167
   -0.5804    0.7122   -0.3949
   -0.7569   -0.6506   -0.0610
...    26 A-T ...
  -43.8577  -41.8997   36.4407
   -0.5867    0.6000    0.5439
   -0.2964    0.4660   -0.8337
   -0.7536   -0.6503   -0.0956
...    27 A-T ...
  -46.2617  -44.0679   36.4049
   -0.6445    0.7646    0.0034
    0.0883    0.0788   -0.9930
   -0.7595   -0.6397   -0.1183
...    28 G-C ...
  -48.8854  -46.0231   36.3090
   -0.4379    0.7669   -0.4692
    0.4046   -0.2979   -0.8646
   -0.8028   -0.5684   -0.1799
...    29 G-C ...
  -51.8343  -47.5839   35.9250
   -0.0652    0.5856   -0.8080
    0.5544   -0.6520   -0.5173
   -0.8297   -0.4816   -0.2821
...    30 C-G ...
  -54.7794  -48.6426   35.0241
    0.2984    0.2129   -0.9304
    0.4882   -0.8717   -0.0428
   -0.8201   -0.4415   -0.3641
...    31 C-G ...
  -57.5609  -49.6443   33.4247
    0.5998   -0.2018   -0.7743
    0.2272   -0.8849    0.4066
   -0.7672   -0.4198   -0.4849
...    32 G-C ...
  -59.7655  -51.3205   31.6210
    0.7218   -0.5787   -0.3795
   -0.1876   -0.6915    0.6976
   -0.6662   -0.4324   -0.6077
...    33 G-C ...
  -61.5823  -52.7482   29.1617
    0.5615   -0.8234    0.0822
   -0.5779   -0.3192    0.7511
   -0.5922   -0.4692   -0.6551
...    34 C-G ...
  -63.1461  -54.3727   26.7414
    0.1735   -0.8583    0.4829
   -0.8077    0.1566    0.5684
   -0.5635   -0.4887   -0.6661
...    35 C-G ...
  -64.7713  -56.2499   24.4687
   -0.2666   -0.6209    0.7372
   -0.7878    0.5810    0.2044
   -0.5552   -0.5263   -0.6440
...    36 C-G ...
  -66.4516  -58.2464   22.3430
   -0.6212   -0.1883    0.7607
   -0.5224    0.8230   -0.2229
   -0.5841   -0.5359   -0.6097
...    37 G-C ...
  -68.4860  -59.5879   20.0982
   -0.7523    0.3369    0.5662
   -0.0836    0.8036   -0.5893
   -0.6535   -0.4907   -0.5764
...    38 A-T ...
  -70.5412  -61.2965   18.2431
   -0.6381    0.7535    0.1583
    0.3733    0.4827   -0.7922
   -0.6734   -0.4464   -0.5893
...    39 C-G ...
  -73.0582  -62.8356   16.8341
   -0.3313    0.9164   -0.2244
    0.6458    0.0469   -0.7620
   -0.6878   -0.3974   -0.6074
...    40 A-T ...
  -75.4317  -64.0098   14.8171
    0.1650    0.8604   -0.4821
    0.7037   -0.4452   -0.5537
   -0.6910   -0.2479   -0.6790
...    41 C-G ...
  -78.0113  -64.2820   12.8585
    0.5354    0.5487   -0.6420
    0.5192   -0.8134   -0.2622
   -0.6661   -0.1930   -0.7204
...    42 G-C ...
  -79.8895  -64.8820   10.2100
    0.8270    0.0813   -0.5563
    0.1273   -0.9909    0.0445
   -0.5476   -0.1076   -0.8298
...    43 A-T ...
  -81.4863  -65.0657    7.3866
    0.7845   -0.4806   -0.3919
   -0.3792   -0.8718    0.3101
   -0.4907   -0.0947   -0.8662
...    44 C-G ...
  -82.6150  -64.9247    4.2896
    0.4998   -0.8509   -0.1617
   -0.7385   -0.5162    0.4338
   -0.4526   -0.0974   -0.8864
...    45 T-A ...
  -83.7000  -65.2410    1.1936
    0.0692   -0.9914    0.1112
   -0.9094   -0.0169    0.4155
   -0.4101   -0.1299   -0.9028
...    46 T-A ...
  -84.6768  -65.6657   -1.8841
   -0.4730   -0.8346    0.2823
   -0.7893    0.5438    0.2851
   -0.3914   -0.0880   -0.9160
...    47 A-T ...
  -86.1426  -65.5964   -4.8830
   -0.8681   -0.3356    0.3657
   -0.3322    0.9403    0.0742
   -0.3687   -0.0571   -0.9278
...    48 C-G ...
  -87.3063  -66.3799   -7.8808
   -0.9106    0.1901    0.3669
    0.1598    0.9808   -0.1116
   -0.3811   -0.0430   -0.9235
...    49 T-A ...
  -88.7848  -66.7460  -10.8010
   -0.6805    0.6589    0.3205
    0.6004    0.7522   -0.2715
   -0.4200    0.0077   -0.9075
...    50 G-C ...
  -90.2791  -66.5192  -13.7521
   -0.2010    0.9458    0.2551
    0.8670    0.2929   -0.4030
   -0.4559    0.1401   -0.8789
...    51 T-A ...
  -92.2973  -65.9990  -16.2645
    0.2798    0.9567    0.0800
    0.8539   -0.2099   -0.4762
   -0.4388    0.2016   -0.8757
...    52 A-T ...
  -94.0392  -64.7502  -18.8340
    0.7330    0.6799    0.0209
    0.5964   -0.6276   -0.5004
   -0.3272    0.3792   -0.8655
...    53 G-C ...
  -95.1325  -63.1153  -21.4576
    0.9583    0.2480   -0.1418
    0.1536   -0.8658   -0.4762
   -0.2409    0.4346   -0.8678
...    54 G-C ...
  -95.5548  -61.1916  -24.1964
    0.9216   -0.2722   -0.2768
   -0.3668   -0.8440   -0.3914
   -0.1271    0.4622   -0.8776
...    55 T-A ...
  -95.5254  -59.2301  -26.8377
    0.6170   -0.6713   -0.4108
   -0.7818   -0.5825   -0.2224
   -0.0899    0.4584   -0.8842
...    56 A-T ...
  -95.8386  -57.7867  -29.8011
    0.0594   -0.8932   -0.4458
   -0.9965   -0.0797    0.0269
   -0.0596    0.4426   -0.8947
...    57 T-A ...
  -95.3255  -56.4309  -32.7708
   -0.4453   -0.8052   -0.3916
   -0.8940    0.3752    0.2451
   -0.0505    0.4593   -0.8869
...    58 C-G ...
  -95.4118  -55.0326  -35.7251
   -0.8781   -0.4465   -0.1720
   -0.4750    0.7702    0.4256
   -0.0576    0.4554   -0.8884
...    59 T-A ...
  -95.6275  -53.8473  -38.7947
   -0.9942   -0.0143    0.1064
    0.0359    0.8898    0.4549
   -0.1012    0.4561   -0.8842
...    60 C-G ...
  -96.0012  -52.4568  -41.7204
   -0.7938    0.4760    0.3786
    0.5952    0.7360    0.3227
   -0.1250    0.4814   -0.8675
...    61 G-C ...
  -96.2049  -50.6217  -44.4587
   -0.3425    0.7149    0.6096
    0.9229    0.3774    0.0758
   -0.1759    0.5886   -0.7891
...    62 T-A ...
  -97.3968  -48.7786  -46.8849
    0.1668    0.7734    0.6116
    0.9718   -0.0243   -0.2344
   -0.1664    0.6335   -0.7556
...    63 C-G ...
  -98.0158  -46.5880  -49.1862
    0.6859    0.5853    0.4323
    0.7155   -0.4341   -0.5474
   -0.1327    0.6848   -0.7165
...    64 A-T ...
  -98.3623  -44.1342  -51.4047
    0.9675    0.1714    0.1859
    0.2527   -0.6338   -0.7310
   -0.0075    0.7542   -0.6566
...    65 T-A ...
  -98.3533  -41.2578  -52.9668
    0.9691   -0.1719   -0.1768
   -0.2461   -0.6267   -0.7394
    0.0163    0.7601   -0.6496
...    66 G-C ...
  -98.0153  -38.8555  -55.2170
    0.6783   -0.5619   -0.4734
   -0.7234   -0.3982   -0.5640
    0.1284    0.7250   -0.6767
...    67 T-A ...
  -97.0172  -36.3698  -57.1431
    0.2193   -0.7008   -0.6789
   -0.9640   -0.0485   -0.2613
    0.1502    0.7117   -0.6862
...    68 T-A ...
  -96.1766  -34.0805  -59.2911
   -0.3479   -0.5904   -0.7282
   -0.9236    0.3493    0.1581
    0.1610    0.7276   -0.6668
...    69 A-T ...
  -95.8078  -31.5578  -61.4144
   -0.8229   -0.2759   -0.4967
   -0.5454    0.6284    0.5546
    0.1591    0.7273   -0.6676
...    70 T-A ...
  -95.0609  -29.6781  -64.0191
   -0.9834    0.0782   -0.1636
   -0.0684    0.6760    0.7338
    0.1680    0.7328   -0.6594
...    71 A-T ...
  -94.5644  -27.2180  -66.1695
   -0.8619    0.3989    0.3131
    0.4931    0.5152    0.7010
    0.1183    0.7586   -0.6407
...    72 A-T ...
  -94.4195  -24.8644  -68.3872
   -0.4573    0.6026    0.6540
    0.8811    0.2074    0.4250
    0.1205    0.7706   -0.6258
...    73 C-G ...
  -94.6646  -22.3635  -70.4851
    0.0333    0.5859    0.8097
    0.9924   -0.1152    0.0425
    0.1182    0.8022   -0.5853
...    74 G-C ...
  -94.0138  -19.6585  -72.2624
    0.5167    0.3069    0.7993
    0.8378   -0.3737   -0.3980
    0.1765    0.8753   -0.4502
...    75 G-C ...
  -93.5855  -16.4816  -73.2974
    0.8449   -0.0268    0.5343
    0.4697   -0.4409   -0.7648
    0.2560    0.8972   -0.3599
...    76 A-T ...
  -92.6793  -13.5178  -74.2631
    0.9475   -0.3176    0.0365
   -0.0721   -0.3237   -0.9434
    0.3114    0.8913   -0.3296
...    77 A-T ...
  -91.5111  -10.5958  -75.0228
    0.7533   -0.4511   -0.4785
   -0.5692   -0.0829   -0.8180
    0.3293    0.8886   -0.3192
...    78 G-C ...
  -90.1145   -7.7273  -75.8414
    0.3478   -0.4780   -0.8066
   -0.8599    0.1801   -0.4776
    0.3736    0.8597   -0.3484
...    79 C-G ...
  -88.4740   -5.1015  -76.9678
   -0.1725   -0.3363   -0.9258
   -0.9049    0.4254    0.0140
    0.3892    0.8402   -0.3777
...    80 T-A ...
  -86.9406   -2.5597  -78.4028
   -0.6221   -0.1035   -0.7761
   -0.6839    0.5543    0.4743
    0.3811    0.8258   -0.4156
...    81 C-G ...
  -85.6684    0.0622  -79.8794
   -0.9075    0.2203   -0.3577
   -0.2037    0.5139    0.8333
    0.3673    0.8291   -0.4215
...    82 G-C ...
  -84.5054    2.9804  -80.9066
   -0.9079    0.3746    0.1882
    0.3159    0.3163    0.8945
    0.2755    0.8716   -0.4055
...    83 G-C ...
  -83.8221    5.8432  -82.5363
   -0.6358    0.4026    0.6585
    0.7408    0.0786    0.6672
    0.2168    0.9120   -0.3482
...    84 G-C ...
  -83.4924    8.9377  -83.8181
   -0.1884    0.2890    0.9386
    0.9635   -0.1305    0.2336
    0.1900    0.9484   -0.2539
...    85 A-T ...
  -83.0163   12.0436  -84.6057
    0.3633    0.1068    0.9255
    0.9080   -0.2630   -0.3260
    0.2086    0.9589   -0.1925
...    86 T-A ...
  -82.8714   15.3018  -84.8067
    0.7479   -0.0617    0.6610
    0.6237   -0.2759   -0.7314
    0.2274    0.9592   -0.1678
...    87 C-G ...
  -82.0636   18.4202  -85.1268
    0.9518   -0.2636    0.1565
    0.1139   -0.1695   -0.9789
    0.2846    0.9496   -0.1313
...    88 C-G ...
  -80.8191   21.5416  -85.1345
    0.8428   -0.4075   -0.3516
   -0.3720    0.0312   -0.9277
    0.3890    0.9127   -0.1253
...    89 G-C ...
  -79.4439   24.4358  -85.9372
    0.4704   -0.4282   -0.7716
   -0.7291    0.3041   -0.6131
    0.4972    0.8510   -0.1692
...    90 C-G ...
  -77.4017   26.9662  -86.4473
   -0.0029   -0.2310   -0.9729
   -0.8515    0.5108   -0.1187
    0.5244    0.8281   -0.1982
...    91 T-A ...
  -75.3993   29.4506  -87.2746
   -0.4530    0.0334   -0.8909
   -0.7162    0.5815    0.3859
    0.5310    0.8128   -0.2395
...    92 T-A ...
  -73.4363   31.8723  -88.2086
   -0.7560    0.3824   -0.5312
   -0.3463    0.4551    0.8204
    0.5555    0.8042   -0.2116
...    93 T-A ...
  -71.5383   34.3279  -89.1807
   -0.8064    0.5913    0.0106
    0.1228    0.1499    0.9810
    0.5785    0.7924   -0.1935
...    94 A-T ...
  -69.6642   36.9841  -89.7949
   -0.6333    0.5248    0.5689
    0.5491   -0.2134    0.8081
    0.5454    0.8241   -0.1530
...    95 A-T ...
  -68.1251   39.7569  -90.4377
   -0.2461    0.3064    0.9195
    0.7976   -0.4749    0.3718
    0.5506    0.8250   -0.1275
...    96 C-G ...
  -66.8911   42.7530  -90.8535
    0.1478   -0.0177    0.9889
    0.8168   -0.5616   -0.1322
    0.5577    0.8272   -0.0685
...    97 A-T ...
  -65.0881   45.5580  -90.8774
    0.4536   -0.4369    0.7768
    0.6479   -0.4369   -0.6240
    0.6120    0.7863    0.0848
...    98 C-G ...
  -63.4252   48.2229  -90.0106
    0.6740   -0.6434    0.3630
    0.3587   -0.1446   -0.9222
    0.6458    0.7518    0.1333
...    99 T-A ...
  -61.2722   50.5274  -89.1240
    0.7047   -0.6931   -0.1520
    0.0172    0.2308   -0.9728
    0.7093    0.6829    0.1746
...   100 T-A ...
  -58.9162   52.5713  -88.2660
    0.5943   -0.4618   -0.6584
   -0.3514    0.5873   -0.7291
    0.7234    0.6647    0.1868
...   101 T-A ...
  -56.4140   54.4714  -87.4558
    0.3160   -0.0483   -0.9475
   -0.6100    0.7545   -0.2419
    0.7266    0.6545    0.2090
...   102 A-T ...
  -54.1707   56.8232  -86.7663
   -0.0935    0.4189   -0.9032
   -0.6711    0.6436    0.3679
    0.7355    0.6405    0.2209
...   103 T-A ...
  -51.3452   58.5135  -86.4429
   -0.3971    0.6996   -0.5940
   -0.5407    0.3447    0.7674
    0.7416    0.6259    0.2414
...   104 G-C ...
  -49.0638   60.7036  -85.5319
   -0.6821    0.7256   -0.0907
   -0.2322   -0.0974    0.9678
    0.6934    0.6812    0.2349
...   105 C-G ...
  -46.7618   63.0264  -85.1509
   -0.7340    0.5334    0.4204
    0.1516   -0.4747    0.8670
    0.6620    0.7001    0.2676
...   106 T-A ...
  -44.8114   65.5778  -84.4419
   -0.6134    0.1747    0.7703
    0.4901   -0.6806    0.5446
    0.6193    0.7116    0.3318
...   107 T-A ...
  -43.0096   68.0626  -83.4444
   -0.2867   -0.2465    0.9258
    0.7374   -0.6737    0.0490
    0.6116    0.6967    0.3749
...   108 C-G ...
  -41.1653   70.3507  -82.1022
    0.1124   -0.6312    0.7675
    0.7833   -0.4189   -0.4593
    0.6114    0.6528    0.4473
...   109 C-G ...
  -39.4320   72.4759  -80.1626
    0.4061   -0.8352    0.3709
    0.6473   -0.0237   -0.7619
    0.6451    0.5494    0.5310
...   110 G-C ...
  -37.0168   73.9528  -78.4686
    0.5776   -0.8011   -0.1572
    0.4054    0.4486   -0.7965
    0.7085    0.3963    0.5839
...   111 G-C ...
  -34.5506   74.7010  -76.3033
    0.6400   -0.4875   -0.5939
    0.1041    0.8209   -0.5615
    0.7613    0.2975    0.5761
...   112 C-G ...
  -31.9038   75.1744  -74.3965
    0.5774    0.0150   -0.8164
   -0.2172    0.9666   -0.1358
    0.7871    0.2557    0.5614
...   113 T-A ...
  -29.1222   75.6763  -72.6909
    0.3697    0.5055   -0.7796
   -0.4545    0.8302    0.3227
    0.8104    0.2351    0.5367
...   114 C-G ...
  -26.3756   76.3833  -71.0449
    0.0455    0.8973   -0.4391
   -0.5838    0.3806    0.7172
    0.8106    0.2237    0.5411
...   115 G-C ...
  -24.0019   77.1468  -68.8693
   -0.3371    0.9414   -0.0085
   -0.5249   -0.1805    0.8318
    0.7816    0.2849    0.5550
...   116 T-A ...
  -21.1940   78.3206  -67.5479
   -0.5744    0.7135    0.4012
   -0.3002   -0.6396    0.7077
    0.7615    0.2861    0.5816
...   117 A-T ...
  -18.7211   79.4652  -65.6716
   -0.7284    0.2295    0.6456
    0.0467   -0.9234    0.3809
    0.6836    0.3076    0.6619
...   118 T-A ...
  -16.7227   81.0805  -63.6604
   -0.6425   -0.2532    0.7232
    0.3857   -0.9224    0.0196
    0.6622    0.2916    0.6903
...   119 A-T ...
  -15.1421   82.4867  -61.0416
   -0.5370   -0.7033    0.4659
    0.6631   -0.6933   -0.2823
    0.5215    0.1573    0.8386
...   120 A-T ...
  -13.7525   83.0042  -58.1907
   -0.1484   -0.9708    0.1885
    0.8596   -0.2208   -0.4609
    0.4890    0.0936    0.8672
...   121 T-A ...
  -12.8083   83.2183  -55.0843
    0.2583   -0.9620   -0.0888
    0.8378    0.2688   -0.4752
    0.4810    0.0483    0.8754
...   122 G-C ...
  -11.0854   82.9860  -52.2646
    0.5994   -0.6725   -0.4341
    0.6116    0.7346   -0.2937
    0.5164   -0.0894    0.8517
...   123 T-A ...
   -9.6685   82.0798  -49.4377
    0.8156   -0.2109   -0.5388
    0.2451    0.9695   -0.0085
    0.5241   -0.1252    0.8424
...   124 G-C ...
   -7.7346   81.8760  -46.7829
    0.7863    0.3755   -0.4907
   -0.2277    0.9144    0.3348
    0.5744   -0.1515    0.8044
...   125 T-A ...
   -5.6011   80.8679  -44.4263
    0.5643    0.7900   -0.2397
   -0.5978    0.5912    0.5414
    0.5694   -0.1622    0.8059
...   126 C-G ...
   -3.6423   80.2748  -41.8629
    0.1160    0.9851    0.1269
   -0.8222    0.0236    0.5686
    0.5572   -0.1703    0.8127
...   127 G-C ...
   -2.2124   79.5035  -38.9831
   -0.3964    0.8527    0.3403
   -0.7715   -0.5103    0.3798
    0.4976   -0.1120    0.8602
...   128 A-T ...
   -0.4674   79.1128  -36.2717
   -0.7851    0.4257    0.4499
   -0.4305   -0.8973    0.0978
    0.4453   -0.1170    0.8877
...   129 C-G ...
    1.0331   79.3408  -33.3892
   -0.9215   -0.0623    0.3833
    0.0073   -0.9897   -0.1433
    0.3882   -0.1293    0.9125
...   130 C-G ...
    2.1340   79.3250  -30.2094
   -0.8447   -0.5206    0.1239
    0.4662   -0.8296   -0.3074
    0.2629   -0.2019    0.9435
...   131 A-T ...
    2.6678   78.6560  -26.9791
   -0.5334   -0.8163   -0.2217
    0.8379   -0.4738   -0.2711
    0.1163   -0.3303    0.9367
...   132 A-T ...
    2.6933   77.5331  -23.9658
   -0.0205   -0.9214   -0.3882
    0.9968    0.0111   -0.0788
    0.0769   -0.3885    0.9182
...   133 A-T ...
    2.6283   76.0918  -21.0791
    0.5131   -0.7617   -0.3957
    0.8563    0.4858    0.1753
    0.0587   -0.4288    0.9015
...   134 T-A ...
    2.3075   74.2308  -18.3902
    0.8657   -0.4293   -0.2574
    0.4984    0.7868    0.3641
    0.0462   -0.4435    0.8951
...   135 G-C ...
    1.4354   72.0970  -15.6049
    0.9809    0.0621    0.1843
   -0.1263    0.9241    0.3607
   -0.1479   -0.3771    0.9143
...   136 T-A ...
    0.5279   69.2393  -13.4688
    0.7351    0.4963    0.4618
   -0.6117    0.7792    0.1365
   -0.2921   -0.3828    0.8764
...   137 G-C ...
   -0.1659   67.4106  -10.8094
    0.1800    0.8794    0.4408
   -0.9276    0.3008   -0.2214
   -0.3274   -0.3691    0.8698
...   138 A-T ...
   -0.1321   66.2180   -7.8216
   -0.3749    0.8570    0.3536
   -0.8857   -0.2184   -0.4098
   -0.2739   -0.4668    0.8409
...   139 G-C ...
   -1.0069   65.6075   -4.9424
   -0.8336    0.5218    0.1811
   -0.5170   -0.6220   -0.5881
   -0.1942   -0.5839    0.7883
...   140 C-G ...
   -0.6975   63.9004   -2.2528
   -0.9992    0.0157   -0.0376
    0.0023   -0.8993   -0.4374
   -0.0406   -0.4371    0.8985
...   141 G-C ...
   -3.4383   60.2385    1.0284
   -0.4425    0.2285   -0.8672
    0.1683   -0.9287   -0.3306
   -0.8808   -0.2922    0.3725
...   142 C-G ...
   -6.3289   59.0834    1.6294
   -0.2970   -0.3280   -0.8968
    0.5656   -0.8171    0.1115
   -0.7693   -0.4741    0.4282
...   143 T-A ...
   -8.6769   58.7243    3.6024
   -0.0347   -0.7817   -0.6227
    0.6533   -0.4893    0.5778
   -0.7563   -0.3868    0.5276
...   144 C-G ...
  -11.6545   58.0114    4.7193
    0.2451   -0.9542   -0.1716
    0.6322    0.0231    0.7745
   -0.7350   -0.2983    0.6089
...   145 A-T ...
  -14.1760   56.5669    6.1807
    0.5795   -0.7268    0.3687
    0.3139    0.6165    0.7220
   -0.7521   -0.3027    0.5855
...   146 C-G ...
  -16.4651   53.8949    7.5153
    0.5336   -0.3331    0.7774
   -0.0346    0.9098    0.4136
   -0.8450   -0.2476    0.4739
...   147 A-T ...
  -19.0173   52.0374    8.9261
    0.2452    0.2907    0.9249
   -0.3073    0.9281   -0.2103
   -0.9195   -0.2327    0.3169
