  147 base-pairs
...     1 A-T ...
    0.0000    0.0000    0.0000
    1.0000    0.0000    0.0000
    0.0000    1.0000    0.0000
    0.0000    0.0000    1.0000
...     2 G-C ...
   -0.1404   -1.2353    3.2259
    0.7530    0.6366    0.1668
   -0.6385    0.7681   -0.0490
   -0.1593   -0.0696    0.9848
...     3 T-A ...
   -0.0377   -3.2918    6.3749
    0.2722    0.9302    0.2464
   -0.9238    0.3243   -0.2034
   -0.2691   -0.1722    0.9476
...     4 G-C ...
   -0.3520   -4.1638    9.4928
   -0.3756    0.9250    0.0576
   -0.8780   -0.3352   -0.3416
   -0.2967   -0.1788    0.9381
...     5 A-T ...
   -0.4480   -4.1448   12.7498
   -0.8116    0.5839   -0.0166
   -0.5522   -0.7762   -0.3042
   -0.1905   -0.2377    0.9525
...     6 G-C ...
   -1.5926   -4.1701   15.6201
   -0.9976    0.0246   -0.0651
   -0.0043   -0.9555   -0.2950
   -0.0694   -0.2940    0.9533
...     7 C-G ...
   -1.1050   -4.4793   18.7363
   -0.8442   -0.5302   -0.0787
    0.5343   -0.8442   -0.0430
   -0.0437   -0.0784    0.9960
...     8 G-C ...
   -2.4044   -7.7255   23.1483
   -0.2753   -0.3294   -0.9032
    0.6650   -0.7437    0.0686
   -0.6943   -0.5817    0.4238
...     9 C-G ...
   -4.4706   -9.9691   24.1142
    0.1145   -0.7026   -0.7023
    0.8512   -0.2951    0.4341
   -0.5123   -0.6475    0.5642
...    10 T-A ...
   -6.7420  -10.8705   25.9717
    0.4841   -0.8363   -0.2573
    0.6594    0.1554    0.7356
   -0.5752   -0.5257    0.6267
...    11 C-G ...
   -9.1682  -12.6167   27.1662
    0.7073   -0.6683    0.2306
    0.3450    0.6110    0.7125
   -0.6170   -0.4243    0.6627
...    12 A-T ...
  -10.9253  -14.6583   29.0713
    0.7515   -0.1377    0.6452
   -0.2027    0.8824    0.4245
   -0.6278   -0.4498    0.6352
...    13 C-G ...
  -11.8495  -17.4796   31.2472
    0.4294    0.2824    0.8578
   -0.5708    0.8209    0.0155
   -0.6998   -0.4963    0.5137
...    14 A-T ...
  -13.5915  -19.7756   33.4284
   -0.1503    0.6106    0.7775
   -0.6874    0.5007   -0.5261
   -0.7106   -0.6135    0.3445
...    15 A-T ...
  -15.7670  -21.8945   34.5357
   -0.4969    0.7960    0.3457
   -0.4618    0.0947   -0.8819
   -0.7347   -0.5979    0.3205
...    16 T-A ...
  -17.9151  -23.8346   36.2939
   -0.6900    0.7059   -0.1602
   -0.1133   -0.3239   -0.9393
   -0.7149   -0.6299    0.3034
...    17 T-A ...
  -20.2634  -25.7195   37.6372
   -0.6421    0.3750   -0.6687
    0.3204   -0.6611   -0.6784
   -0.6965   -0.6498    0.3044
...    18 T-A ...
  -22.6211  -27.6503   38.6144
   -0.3148    0.0200   -0.9489
    0.6027   -0.7681   -0.2162
   -0.7332   -0.6400    0.2297
...    19 A-T ...
  -25.1021  -29.6587   38.9991
    0.1404   -0.1970   -0.9703
    0.6489   -0.7219    0.2404
   -0.7478   -0.6633    0.0265
...    20 T-A ...
  -27.9474  -31.2969   38.7192
    0.4575   -0.5090   -0.7291
    0.4866   -0.5430    0.6844
   -0.7443   -0.6679   -0.0008
...    21 T-A ...
  -30.4827  -33.3521   38.3933
    0.6620   -0.7099   -0.2402
    0.1385   -0.1991    0.9701
   -0.7366   -0.6755   -0.0335
...    22 C-G ...
  -32.7977  -35.6461   38.1609
    0.6452   -0.6780    0.3522
   -0.2816    0.2175    0.9346
   -0.7102   -0.7021   -0.0506
...    23 G-C ...
  -35.0628  -38.0520   38.7282
    0.4574   -0.3681    0.8095
   -0.6415    0.4939    0.5870
   -0.6159   -0.7878   -0.0102
...    24 C-G ...
  -36.7698  -40.8316   38.5765
    0.0872   -0.0184    0.9960
   -0.7873    0.6114    0.0802
   -0.6104   -0.7911    0.0388
...    25 A-T ...
  -39.1538  -43.1089   38.5000
   -0.3615    0.3538    0.8626
   -0.6892    0.5218   -0.5028
   -0.6280   -0.7763    0.0552
...    26 A-T ...
  -41.0813  -45.7462   38.8669
   -0.6983    0.5678    0.4358
   -0.3590    0.2489   -0.8995
   -0.6192   -0.7846    0.0300
...    27 A-T ...
  -42.9649  -48.3696   39.3028
   -0.7906    0.5923   -0.1552
    0.1252   -0.0918   -0.9879
   -0.5994   -0.8005   -0.0015
...    28 G-C ...
  -45.2283  -50.8248   39.7076
   -0.5643    0.5182   -0.6427
    0.5073   -0.3965   -0.7651
   -0.6513   -0.7578   -0.0391
...    29 G-C ...
  -47.8456  -53.0855   39.6618
   -0.1215    0.3224   -0.9388
    0.7251   -0.6170   -0.3058
   -0.6778   -0.7179   -0.1588
...    30 C-G ...
  -50.4370  -54.9713   39.0146
    0.3363    0.0200   -0.9416
    0.6641   -0.7139    0.2220
   -0.6677   -0.7000   -0.2533
...    31 C-G ...
  -52.8356  -57.0076   37.9634
    0.7078   -0.2840   -0.6468
    0.3557   -0.6479    0.6736
   -0.6104   -0.7068   -0.3575
...    32 G-C ...
  -54.3131  -59.3797   36.7668
    0.8595   -0.4735   -0.1922
   -0.0768   -0.4915    0.8675
   -0.5053   -0.7309   -0.4588
...    33 G-C ...
  -55.3115  -62.0226   34.9033
    0.7083   -0.6284    0.3216
   -0.5620   -0.2263    0.7956
   -0.4272   -0.7442   -0.5134
...    34 C-G ...
  -56.2278  -64.5988   33.1086
    0.2957   -0.6372    0.7117
   -0.8750    0.1182    0.4694
   -0.3832   -0.7616   -0.5227
...    35 C-G ...
  -57.2042  -67.4386   31.5140
   -0.2517   -0.4695    0.8463
   -0.9033    0.4279   -0.0312
   -0.3474   -0.7723   -0.5318
...    36 C-G ...
  -58.1832  -70.2040   29.8723
   -0.6961   -0.1461    0.7029
   -0.6265    0.6019   -0.4952
   -0.3507   -0.7851   -0.5105
...    37 G-C ...
  -59.5830  -72.1148   27.3106
   -0.9057    0.2609    0.3341
   -0.1130    0.6109   -0.7836
   -0.4085   -0.7475   -0.5238
...    38 A-T ...
  -60.6200  -74.5436   25.6301
   -0.8012    0.5755   -0.1636
    0.4447    0.3899   -0.8064
   -0.4003   -0.7189   -0.5683
...    39 C-G ...
  -62.3379  -76.7471   24.0854
   -0.4407    0.7425   -0.5045
    0.7896    0.0533   -0.6113
   -0.4270   -0.6677   -0.6098
...    40 A-T ...
  -63.9405  -78.8194   22.0623
    0.1050    0.7477   -0.6557
    0.8951   -0.3584   -0.2654
   -0.4334   -0.5590   -0.7069
...    41 C-G ...
  -65.6377  -80.0864   19.6182
    0.5685    0.5295   -0.6297
    0.7223   -0.6876    0.0739
   -0.3939   -0.4968   -0.7733
...    42 G-C ...
  -66.5137  -81.9390   16.9906
    0.9135    0.1173   -0.3896
    0.2624   -0.9016    0.3439
   -0.3109   -0.4163   -0.8544
...    43 A-T ...
  -67.4571  -83.1775   14.2309
    0.9005   -0.4200   -0.1129
   -0.3162   -0.8105    0.4930
   -0.2985   -0.4083   -0.8627
...    44 C-G ...
  -68.0484  -83.9730   11.0728
    0.6199   -0.7597    0.1962
   -0.7463   -0.4936    0.4466
   -0.2424   -0.4232   -0.8730
...    45 T-A ...
  -68.0994  -85.3679    7.6993
    0.1091   -0.9119    0.3957
   -0.9688   -0.0084    0.2476
   -0.2225   -0.4104   -0.8843
...    46 T-A ...
  -68.2542  -86.5808    4.6407
   -0.3953   -0.8188    0.4162
   -0.8941    0.4469    0.0300
   -0.2106   -0.3602   -0.9088
...    47 A-T ...
  -69.1619  -87.4686    1.5261
   -0.8727   -0.3700    0.3185
   -0.4478    0.8665   -0.2205
   -0.1944   -0.3350   -0.9219
...    48 C-G ...
  -69.6341  -89.1729   -1.3056
   -0.9766    0.1405    0.1628
    0.0778    0.9366   -0.3417
   -0.2005   -0.3210   -0.9256
...    49 T-A ...
  -70.5708  -90.5610   -4.2221
   -0.7727    0.6338    0.0351
    0.5769    0.7242   -0.3778
   -0.2649   -0.2717   -0.9252
...    50 G-C ...
  -71.6841  -91.1984   -7.3460
   -0.2966    0.9546   -0.0280
    0.9031    0.2709   -0.3332
   -0.3105   -0.1241   -0.9424
...    51 T-A ...
  -73.2128  -91.5467  -10.1309
    0.1752    0.9807   -0.0871
    0.9384   -0.1931   -0.2864
   -0.2977   -0.0316   -0.9541
...    52 A-T ...
  -74.9432  -90.5478  -12.9707
    0.6396    0.7647    0.0780
    0.7504   -0.5992   -0.2791
   -0.1667    0.2370   -0.9571
...    53 G-C ...
  -75.8196  -89.4602  -15.8711
    0.9280    0.3681    0.0583
    0.3663   -0.8719   -0.3251
   -0.0688    0.3230   -0.9439
...    54 G-C ...
  -76.0166  -87.3435  -18.8795
    0.9869   -0.1583   -0.0325
   -0.1594   -0.9208   -0.3559
    0.0264    0.3564   -0.9340
...    55 T-A ...
  -75.5049  -85.7822  -21.7100
    0.7745   -0.6017   -0.1952
   -0.6298   -0.7052   -0.3256
    0.0582    0.3751   -0.9251
...    56 A-T ...
  -74.7140  -84.3076  -24.6720
    0.2884   -0.9049   -0.3129
   -0.9508   -0.2321   -0.2052
    0.1131    0.3567   -0.9274
...    57 T-A ...
  -73.5806  -83.0237  -27.5156
   -0.2170   -0.8874   -0.4067
   -0.9691    0.2458   -0.0192
    0.1170    0.3900   -0.9134
...    58 C-G ...
  -72.9331  -81.9224  -30.6232
   -0.7545   -0.5538   -0.3522
   -0.6462    0.7207    0.2510
    0.1148    0.4170   -0.9016
...    59 T-A ...
  -72.5314  -80.8563  -33.7604
   -0.9832   -0.1274   -0.1305
   -0.1697    0.9009    0.3994
    0.0667    0.4149   -0.9074
...    60 C-G ...
  -72.3264  -79.4849  -36.7963
   -0.9101    0.3851    0.1531
    0.4128    0.8097    0.4171
    0.0366    0.4428   -0.8959
...    61 G-C ...
  -72.1102  -77.5946  -39.4372
   -0.6074    0.6164    0.5011
    0.7899    0.5356    0.2986
   -0.0843    0.5772   -0.8122
...    62 A-T ...
  -72.1846  -75.7547  -42.1014
   -0.0806    0.7460    0.6610
    0.9948    0.1017    0.0064
   -0.0624    0.6581   -0.7503
...    63 G-C ...
  -72.7765  -73.3298  -44.2781
    0.4227    0.6366    0.6450
    0.9052   -0.2619   -0.3347
   -0.0441    0.7253   -0.6870
...    64 C-G ...
  -73.2650  -70.5819  -46.1787
    0.8543    0.3362    0.3965
    0.5198   -0.5489   -0.6546
   -0.0025    0.7653   -0.6436
...    65 T-A ...
  -73.3992  -67.8147  -47.9653
    0.9978   -0.0315    0.0579
    0.0266   -0.6122   -0.7903
    0.0604    0.7901   -0.6100
...    66 C-G ...
  -72.8346  -65.3985  -50.0376
    0.8432   -0.3970   -0.3626
   -0.5196   -0.4285   -0.7392
    0.1381    0.8117   -0.5675
...    67 G-C ...
  -72.6998  -63.1456  -52.5581
    0.4199   -0.6084   -0.6735
   -0.8829   -0.1020   -0.4583
    0.2102    0.7871   -0.5800
...    68 G-C ...
  -71.7459  -60.5566  -54.4394
   -0.1219   -0.6034   -0.7880
   -0.9710    0.2370   -0.0313
    0.2056    0.7614   -0.6148
...    69 G-C ...
  -70.8441  -58.1708  -56.5961
   -0.6337   -0.4498   -0.6293
   -0.7542    0.5403    0.3733
    0.1721    0.7111   -0.6817
...    70 A-T ...
  -70.0620  -55.9704  -58.9637
   -0.9556   -0.0487   -0.2907
   -0.2408    0.6977    0.6747
    0.1700    0.7147   -0.6785
...    71 T-A ...
  -69.5459  -54.0736  -61.6208
   -0.9484    0.2993    0.1042
    0.2770    0.6227    0.7318
    0.1541    0.7229   -0.6735
...    72 C-G ...
  -69.2323  -51.7738  -63.9565
   -0.6213    0.5800    0.5268
    0.7705    0.3301    0.5453
    0.1424    0.7448   -0.6520
...    73 C-G ...
  -68.8329  -49.4737  -66.2684
   -0.1765    0.5514    0.8154
    0.9760   -0.0096    0.2177
    0.1278    0.8342   -0.5364
...    74 G-C ...
  -68.0095  -46.6620  -67.7531
    0.3147    0.3160    0.8950
    0.9375   -0.2509   -0.2411
    0.1484    0.9150   -0.3752
...    75 C-G ...
  -67.9142  -43.3365  -68.6729
    0.7800    0.0913    0.6190
    0.6038   -0.3697   -0.7062
    0.1644    0.9246   -0.3435
...    76 T-A ...
  -67.2391  -39.9962  -69.2152
    0.9780   -0.1530    0.1417
    0.0901   -0.3030   -0.9487
    0.1880    0.9406   -0.2825
...    77 T-A ...
  -66.5291  -36.8602  -69.7085
    0.8621   -0.2794   -0.4227
   -0.4752   -0.1564   -0.8658
    0.1758    0.9473   -0.2677
...    78 T-A ...
  -65.7687  -33.7683  -70.3045
    0.4582   -0.3080   -0.8338
   -0.8720    0.0261   -0.4889
    0.1723    0.9510   -0.2566
...    79 A-T ...
  -65.6955  -30.6128  -71.1971
   -0.1118   -0.1977   -0.9739
   -0.9790    0.1900    0.0738
    0.1704    0.9617   -0.2148
...    80 A-T ...
  -64.9725  -27.5990  -71.9208
   -0.6181   -0.0663   -0.7833
   -0.7698    0.2528    0.5861
    0.1592    0.9652   -0.2073
...    81 C-G ...
  -64.1044  -24.6105  -73.1387
   -0.9263    0.0643   -0.3712
   -0.3453    0.2489    0.9049
    0.1506    0.9664   -0.2084
...    82 A-T ...
  -63.6975  -21.4463  -73.9622
   -0.9749    0.1040    0.1971
    0.2131    0.1765    0.9610
    0.0652    0.9788   -0.1942
...    83 C-G ...
  -63.9297  -18.3133  -75.1480
   -0.7421    0.1445    0.6545
    0.6690    0.0992    0.7366
    0.0415    0.9845   -0.1703
...    84 T-A ...
  -64.5185  -14.8452  -75.9173
   -0.2742    0.1147    0.9548
    0.9612    0.0022    0.2757
    0.0295    0.9934   -0.1109
...    85 T-A ...
  -64.8597  -11.6362  -76.2080
    0.3004    0.0827    0.9502
    0.9531   -0.0651   -0.2957
    0.0375    0.9944   -0.0984
...    86 T-A ...
  -64.9220   -8.4250  -76.3622
    0.7646   -0.0098    0.6445
    0.6413   -0.0881   -0.7622
    0.0643    0.9961   -0.0611
...    87 A-T ...
  -64.5012   -5.1851  -76.4678
    0.9685   -0.1759    0.1764
    0.1724   -0.0381   -0.9843
    0.1799    0.9837   -0.0066
...    88 T-A ...
  -63.9174   -2.0810  -75.7033
    0.9323   -0.2185   -0.2882
   -0.2788    0.0738   -0.9575
    0.2305    0.9730    0.0079
...    89 G-C ...
  -62.8128    1.1385  -75.4707
    0.5978   -0.2162   -0.7720
   -0.7422    0.2148   -0.6349
    0.3031    0.9524   -0.0320
...    90 T-A ...
  -61.3933    4.0301  -75.2738
    0.1339   -0.1073   -0.9852
   -0.9361    0.3125   -0.1612
    0.3252    0.9438   -0.0586
...    91 C-G ...
  -60.1997    6.9731  -75.7047
   -0.4144    0.0552   -0.9084
   -0.8440    0.3502    0.4063
    0.3406    0.9351   -0.0985
...    92 A-T ...
  -58.8168   10.0211  -76.0265
   -0.8234    0.1455   -0.5484
   -0.4868    0.3154    0.8146
    0.2915    0.9377   -0.1889
...    93 T-A ...
  -57.7951   12.9012  -77.1186
   -0.9631    0.2566   -0.0812
   -0.0275    0.2065    0.9781
    0.2678    0.9442   -0.1918
...    94 G-C ...
  -57.0118   16.1216  -78.0621
   -0.8333    0.2559    0.4901
    0.5089    0.0084    0.8608
    0.2161    0.9667   -0.1372
...    95 T-A ...
  -56.7918   19.3070  -78.9911
   -0.4703    0.2018    0.8591
    0.8555   -0.1348    0.4999
    0.2167    0.9701   -0.1093
...    96 T-A ...
  -56.3557   22.4059  -79.2584
    0.0190    0.0360    0.9992
    0.9766   -0.2148   -0.0108
    0.2143    0.9760   -0.0393
...    97 A-T ...
  -55.6205   25.5658  -79.1268
    0.4492   -0.2270    0.8641
    0.8514   -0.1846   -0.4910
    0.2709    0.9563    0.1104
...    98 T-A ...
  -55.3053   28.6420  -78.2584
    0.7957   -0.3014    0.5253
    0.5377   -0.0476   -0.8418
    0.2787    0.9523    0.1242
...    99 A-T ...
  -54.2124   31.6655  -77.7638
    0.9121   -0.4095    0.0214
    0.0974    0.1657   -0.9814
    0.3983    0.8972    0.1910
...   100 A-T ...
  -52.8848   34.3950  -76.9256
    0.8100   -0.3047   -0.5010
   -0.3772    0.3833   -0.8431
    0.4489    0.8719    0.1956
...   101 C-G ...
  -50.8503   36.9205  -75.7811
    0.4875   -0.0550   -0.8714
   -0.7428    0.4985   -0.4471
    0.4589    0.8652    0.2022
...   102 G-C ...
  -49.4467   39.8545  -75.5267
   -0.0441    0.1732   -0.9839
   -0.8555    0.5021    0.1267
    0.5159    0.8473    0.1261
...   103 G-C ...
  -47.6423   42.5993  -75.4641
   -0.5120    0.3427   -0.7877
   -0.6936    0.3760    0.6145
    0.5067    0.8610    0.0452
...   104 A-T ...
  -45.9482   45.3542  -75.5491
   -0.8333    0.4678   -0.2947
   -0.2723    0.1166    0.9551
    0.4812    0.8761    0.0303
...   105 C-G ...
  -44.4232   48.2367  -76.1488
   -0.8694    0.4336    0.2372
    0.1948   -0.1405    0.9707
    0.4542    0.8901    0.0377
...   106 T-A ...
  -43.2709   51.6393  -76.5367
   -0.6484    0.2536    0.7178
    0.6172   -0.3768    0.6907
    0.4457    0.8909    0.0878
...   107 T-A ...
  -42.0173   54.5685  -76.3397
   -0.2452   -0.0479    0.9683
    0.8678   -0.4561    0.1972
    0.4322    0.8886    0.1534
...   108 C-G ...
  -40.8560   57.5365  -75.6556
    0.2067   -0.3820    0.9007
    0.8709   -0.3476   -0.3473
    0.4458    0.8563    0.2609
...   109 C-G ...
  -39.6102   60.4546  -74.8320
    0.5276   -0.6354    0.5638
    0.6591   -0.1126   -0.7436
    0.5360    0.7639    0.3594
...   110 G-C ...
  -37.7040   62.5471  -73.7256
    0.6913   -0.7179    0.0814
    0.3659    0.2506   -0.8963
    0.6231    0.6494    0.4360
...   111 G-C ...
  -35.2510   64.0878  -72.0408
    0.7319   -0.5232   -0.4366
    0.0012    0.6418   -0.7669
    0.6815    0.5607    0.4704
...   112 C-G ...
  -32.6237   65.2968  -70.3215
    0.5995   -0.1120   -0.7925
   -0.3604    0.8463   -0.3922
    0.7147    0.5207    0.4670
...   113 T-A ...
  -30.1636   66.7800  -68.7548
    0.3312    0.3500   -0.8762
   -0.5909    0.8009    0.0966
    0.7356    0.4858    0.4721
...   114 C-G ...
  -27.8708   68.6146  -67.3276
   -0.0701    0.7561   -0.6506
   -0.6479    0.4614    0.6061
    0.7585    0.4641    0.4575
...   115 G-C ...
  -25.6993   70.2104  -65.4650
   -0.4458    0.8742   -0.1924
   -0.5040   -0.0676    0.8610
    0.7398    0.4808    0.4708
...   116 T-A ...
  -23.2417   72.1487  -64.3972
   -0.6677    0.6931    0.2716
   -0.2075   -0.5236    0.8263
    0.7149    0.4954    0.4935
...   117 A-T ...
  -20.8689   74.2583  -63.0933
   -0.7309    0.2417    0.6383
    0.1928   -0.8240    0.5327
    0.6547    0.5124    0.5557
...   118 T-A ...
  -19.0790   76.4700  -61.5877
   -0.5598   -0.1917    0.8062
    0.5044   -0.8507    0.1479
    0.6575    0.4894    0.5729
...   119 A-T ...
  -17.1296   78.0182  -59.5289
   -0.3793   -0.6530    0.6556
    0.7292   -0.6471   -0.2226
    0.5696    0.3936    0.7215
...   120 A-T ...
  -15.5724   79.2677  -56.9965
   -0.0002   -0.9388    0.3445
    0.8373   -0.1885   -0.5131
    0.5467    0.2883    0.7861
...   121 T-A ...
  -14.3323   80.1102  -54.0621
    0.3905   -0.9205    0.0156
    0.7445    0.3058   -0.5934
    0.5415    0.2433    0.8047
...   122 G-C ...
  -12.5362   80.4526  -51.1599
    0.6612   -0.6257   -0.4139
    0.4531    0.7728   -0.4444
    0.5980    0.1063    0.7945
...   123 T-A ...
  -10.5972   80.1244  -48.5877
    0.7953   -0.1840   -0.5776
    0.1173    0.9815   -0.1513
    0.5947    0.0526    0.8022
...   124 G-C ...
   -8.4972   80.1438  -46.0636
    0.7077    0.4068   -0.5777
   -0.3198    0.9135    0.2515
    0.6300    0.0067    0.7765
...   125 T-A ...
   -6.2413   79.6550  -43.7615
    0.4439    0.8174   -0.3671
   -0.6299    0.5760    0.5210
    0.6374   -0.0001    0.7706
...   126 C-G ...
   -4.1649   79.6478  -41.3786
    0.0107    0.9996    0.0256
   -0.7694   -0.0081    0.6387
    0.6386   -0.0266    0.7691
...   127 G-C ...
   -2.6447   79.3643  -38.5423
   -0.4261    0.8553    0.2948
   -0.6970   -0.5181    0.4957
    0.5767    0.0057    0.8169
...   128 A-T ...
   -0.6916   79.1626  -36.1121
   -0.7558    0.4107    0.5100
   -0.3646   -0.9109    0.1933
    0.5439   -0.0399    0.8382
...   129 C-G ...
    1.1062   79.7300  -33.4170
   -0.8666   -0.1127    0.4861
    0.0668   -0.9916   -0.1109
    0.4945   -0.0636    0.8669
...   130 C-G ...
    2.1442   80.0160  -30.1729
   -0.8032   -0.5534    0.2203
    0.4797   -0.8203   -0.3114
    0.3531   -0.1445    0.9244
...   131 A-T ...
    2.5834   78.9206  -27.0288
   -0.5982   -0.7701   -0.2218
    0.7894   -0.5184   -0.3289
    0.1383   -0.3719    0.9179
...   132 A-T ...
    2.7663   77.6138  -24.0557
   -0.0954   -0.8986   -0.4283
    0.9914   -0.0472   -0.1217
    0.0892   -0.4363    0.8954
...   133 A-T ...
    2.6333   76.1115  -21.1205
    0.5005   -0.7701   -0.3955
    0.8632    0.4788    0.1601
    0.0661   -0.4215    0.9044
...   134 T-A ...
    2.3075   74.2307  -18.3902
    0.8657   -0.4293   -0.2574
    0.4984    0.7868    0.3641
    0.0462   -0.4435    0.8951
...   135 G-C ...
    1.4354   72.0970  -15.6049
    0.9809    0.0621    0.1843
   -0.1263    0.9241    0.3607
   -0.1479   -0.3771    0.9143
...   136 T-A ...
    0.5279   69.2393  -13.4688
    0.7351    0.4963    0.4618
   -0.6117    0.7792    0.1365
   -0.2921   -0.3828    0.8764
...   137 G-C ...
   -0.1659   67.4106  -10.8094
    0.1800    0.8794    0.4408
   -0.9276    0.3008   -0.2214
   -0.3274   -0.3691    0.8698
...   138 A-T ...
   -0.1321   66.2180   -7.8216
   -0.3749    0.8570    0.3536
   -0.8857   -0.2184   -0.4098
   -0.2739   -0.4668    0.8409
...   139 G-C ...
   -1.0069   65.6075   -4.9424
   -0.8336    0.5218    0.1811
   -0.5170   -0.6220   -0.5881
   -0.1942   -0.5839    0.7883
...   140 C-G ...
   -0.6975   63.9004   -2.2527
   -0.9992    0.0157   -0.0376
    0.0023   -0.8993   -0.4374
   -0.0406   -0.4371    0.8985
...   141 G-C ...
   -3.4383   60.2385    1.0284
   -0.4425    0.2285   -0.8672
    0.1683   -0.9287   -0.3306
   -0.8808   -0.2922    0.3725
...   142 C-G ...
   -6.3289   59.0834    1.6294
   -0.2970   -0.3280   -0.8968
    0.5656   -0.8171    0.1115
   -0.7693   -0.4741    0.4282
...   143 T-A ...
   -8.6769   58.7243    3.6025
   -0.0347   -0.7817   -0.6227
    0.6533   -0.4893    0.5778
   -0.7563   -0.3868    0.5276
...   144 C-G ...
  -11.6545   58.0114    4.7194
    0.2451   -0.9542   -0.1716
    0.6322    0.0231    0.7745
   -0.7350   -0.2983    0.6089
...   145 A-T ...
  -14.1760   56.5669    6.1807
    0.5795   -0.7268    0.3687
    0.3139    0.6165    0.7220
   -0.7521   -0.3027    0.5855
...   146 C-G ...
  -16.4651   53.8949    7.5154
    0.5336   -0.3331    0.7774
   -0.0346    0.9098    0.4136
   -0.8450   -0.2476    0.4739
...   147 A-T ...
  -19.0173   52.0374    8.9261
    0.2452    0.2907    0.9249
   -0.3073    0.9281   -0.2103
   -0.9195   -0.2327    0.3169
