  147 base-pairs
...     1 A-T ...
    0.0000    0.0000    0.0000
    1.0000    0.0000    0.0000
    0.0000    1.0000    0.0000
    0.0000    0.0000    1.0000
...     2 G-C ...
   -0.1404   -1.2353    3.2259
    0.7530    0.6366    0.1668
   -0.6385    0.7681   -0.0490
   -0.1593   -0.0696    0.9848
...     3 T-A ...
   -0.0377   -3.2918    6.3749
    0.2722    0.9302    0.2464
   -0.9238    0.3243   -0.2034
   -0.2691   -0.1722    0.9476
...     4 G-C ...
   -0.3520   -4.1638    9.4928
   -0.3756    0.9250    0.0576
   -0.8780   -0.3352   -0.3416
   -0.2967   -0.1788    0.9381
...     5 A-T ...
   -0.4480   -4.1448   12.7498
   -0.8116    0.5839   -0.0166
   -0.5522   -0.7762   -0.3042
   -0.1905   -0.2377    0.9525
...     6 G-C ...
   -1.5926   -4.1701   15.6201
   -0.9976    0.0246   -0.0651
   -0.0043   -0.9555   -0.2950
   -0.0694   -0.2940    0.9533
...     7 C-G ...
   -1.1050   -4.4793   18.7363
   -0.8442   -0.5302   -0.0787
    0.5343   -0.8442   -0.0430
   -0.0437   -0.0784    0.9960
...     8 G-C ...
   -2.4044   -7.7255   23.1483
   -0.2753   -0.3294   -0.9032
    0.6650   -0.7437    0.0686
   -0.6943   -0.5817    0.4238
...     9 C-G ...
   -4.4706   -9.9691   24.1142
    0.1145   -0.7026   -0.7023
    0.8512   -0.2951    0.4341
   -0.5123   -0.6475    0.5642
...    10 T-A ...
   -6.7420  -10.8705   25.9717
    0.4841   -0.8363   -0.2573
    0.6594    0.1554    0.7356
   -0.5752   -0.5257    0.6267
...    11 C-G ...
   -9.1682  -12.6167   27.1662
    0.7073   -0.6683    0.2306
    0.3450    0.6110    0.7125
   -0.6170   -0.4243    0.6627
...    12 A-T ...
  -10.9253  -14.6583   29.0713
    0.7515   -0.1377    0.6452
   -0.2027    0.8824    0.4245
   -0.6278   -0.4498    0.6352
...    13 C-G ...
  -11.8495  -17.4796   31.2472
    0.4294    0.2824    0.8578
   -0.5708    0.8209    0.0155
   -0.6998   -0.4963    0.5137
...    14 A-T ...
  -13.5915  -19.7756   33.4284
   -0.1503    0.6106    0.7775
   -0.6874    0.5007   -0.5261
   -0.7106   -0.6135    0.3445
...    15 A-T ...
  -15.6879  -21.8625   34.7599
   -0.5076    0.7795    0.3671
   -0.4765    0.1010   -0.8733
   -0.7178   -0.6183    0.3202
...    16 T-A ...
  -17.7823  -23.7602   36.4193
   -0.6621    0.7418   -0.1066
   -0.1625   -0.2810   -0.9459
   -0.7316   -0.6089    0.3065
...    17 T-A ...
  -20.1603  -25.5682   37.6340
   -0.6109    0.5092   -0.6063
    0.2192   -0.6271   -0.7475
   -0.7608   -0.5895    0.2715
...    18 T-A ...
  -22.7402  -27.2309   38.6000
   -0.3540    0.1432   -0.9242
    0.5019   -0.8048   -0.3170
   -0.7892   -0.5761    0.2130
...    19 A-T ...
  -25.8371  -28.4921   38.9661
    0.1043   -0.1079   -0.9887
    0.5577   -0.8168    0.1480
   -0.8235   -0.5668   -0.0250
...    20 T-A ...
  -28.8052  -29.7721   38.5527
    0.3872   -0.4637   -0.7969
    0.4231   -0.6786    0.6004
   -0.8192   -0.5696   -0.0666
...    21 T-A ...
  -31.5210  -31.4416   38.0332
    0.5699   -0.7434   -0.3500
    0.1266   -0.3414    0.9314
   -0.8119   -0.5751   -0.1004
...    22 C-G ...
  -34.0154  -33.4510   37.4898
    0.5607   -0.7938    0.2355
   -0.2488    0.1098    0.9623
   -0.7897   -0.5982   -0.1359
...    23 G-C ...
  -36.6010  -35.4991   37.4672
    0.3873   -0.5683    0.7260
   -0.5580    0.4823    0.6753
   -0.7339   -0.6666   -0.1303
...    24 C-G ...
  -38.7343  -37.9579   36.9086
    0.0410   -0.2131    0.9762
   -0.6873    0.7031    0.1823
   -0.7252   -0.6784   -0.1176
...    25 A-T ...
  -41.2779  -39.9952   36.4968
   -0.3086    0.2532    0.9169
   -0.5978    0.6981   -0.3940
   -0.7398   -0.6697   -0.0641
...    26 A-T ...
  -43.4990  -42.3671   36.4629
   -0.6051    0.5818    0.5435
   -0.3060    0.4603   -0.8334
   -0.7350   -0.6706   -0.1005
...    27 A-T ...
  -45.8389  -44.6056   36.4115
   -0.6671    0.7449    0.0019
    0.0913    0.0844   -0.9922
   -0.7393   -0.6618   -0.1243
...    28 G-C ...
  -48.3990  -46.6434   36.2947
   -0.4585    0.7542   -0.4701
    0.4196   -0.2826   -0.8626
   -0.7834   -0.5928   -0.1869
...    29 G-C ...
  -51.2888  -48.3066   35.8910
   -0.0777    0.5857   -0.8068
    0.5797   -0.6319   -0.5145
   -0.8111   -0.5077   -0.2904
...    30 C-G ...
  -54.1896  -49.4618   34.9678
    0.2997    0.2263   -0.9268
    0.5178   -0.8545   -0.0412
   -0.8013   -0.4676   -0.3733
...    31 C-G ...
  -56.9206  -50.5516   33.3414
    0.6147   -0.1772   -0.7686
    0.2538   -0.8782    0.4054
   -0.7468   -0.4443   -0.4949
...    32 G-C ...
  -59.0402  -52.2958   31.5001
    0.7473   -0.5497   -0.3732
   -0.1709   -0.7019    0.6915
   -0.6421   -0.4530   -0.6185
...    33 G-C ...
  -60.7613  -53.7814   29.0063
    0.5908   -0.8023    0.0853
   -0.5762   -0.3456    0.7406
   -0.5647   -0.4867   -0.6665
...    34 C-G ...
  -62.2220  -55.4548   26.5547
    0.1983   -0.8546    0.4800
   -0.8220    0.1217    0.5563
   -0.5338   -0.5049   -0.6783
...    35 C-G ...
  -63.7378  -57.3836   24.2488
   -0.2559   -0.6364    0.7277
   -0.8130    0.5489    0.1941
   -0.5230   -0.5419   -0.6578
...    36 C-G ...
  -65.3034  -59.4273   22.0795
   -0.6289   -0.2182    0.7463
   -0.5489    0.8044   -0.2273
   -0.5507   -0.5526   -0.6256
...    37 G-C ...
  -67.2339  -60.8227   19.7758
   -0.7775    0.3029    0.5512
   -0.1004    0.8053   -0.5843
   -0.6209   -0.5096   -0.5957
...    38 A-T ...
  -69.1728  -62.5943   17.8541
   -0.6700    0.7273    0.1489
    0.3743    0.5042   -0.7782
   -0.6411   -0.4657   -0.6101
...    39 C-G ...
  -71.5904  -64.2163   16.3669
   -0.3598    0.9057   -0.2244
    0.6631    0.0790   -0.7443
   -0.6564   -0.4166   -0.6290
...    40 A-T ...
  -73.8651  -65.4615   14.2782
    0.1457    0.8718   -0.4678
    0.7348   -0.4120   -0.5389
   -0.6625   -0.2652   -0.7006
...    41 C-G ...
  -76.3760  -65.8058   12.2469
    0.5327    0.5767   -0.6193
    0.5565   -0.7901   -0.2571
   -0.6376   -0.2077   -0.7418
...    42 G-C ...
  -78.1503  -66.4317    9.5332
    0.8401    0.1203   -0.5289
    0.1626   -0.9861    0.0340
   -0.5175   -0.1146   -0.8480
...    43 A-T ...
  -79.6435  -66.6300    6.6551
    0.8140   -0.4450   -0.3734
   -0.3564   -0.8902    0.2837
   -0.4587   -0.0979   -0.8832
...    44 C-G ...
  -80.6721  -66.4791    3.5237
    0.5357   -0.8293   -0.1587
   -0.7330   -0.5501    0.4001
   -0.4191   -0.0980   -0.9026
...    45 T-A ...
  -81.6393  -66.7807    0.3869
    0.1005   -0.9903    0.0959
   -0.9220   -0.0565    0.3832
   -0.3740   -0.1269   -0.9187
...    46 T-A ...
  -82.4908  -67.1783   -2.7325
   -0.4545   -0.8555    0.2482
   -0.8168    0.5114    0.2670
   -0.3554   -0.0814   -0.9312
...    47 A-T ...
  -83.8551  -67.0689   -5.7815
   -0.8723   -0.3683    0.3217
   -0.3618    0.9286    0.0821
   -0.3290   -0.0448   -0.9433
...    48 C-G ...
  -84.8699  -67.8092   -8.8449
   -0.9300    0.1564    0.3327
    0.1370    0.9872   -0.0811
   -0.3411   -0.0299   -0.9396
...    49 T-A ...
  -86.2113  -68.1395  -11.8351
   -0.7109    0.6323    0.3080
    0.5909    0.7745   -0.2260
   -0.3814    0.0213   -0.9242
...    50 G-C ...
  -87.5871  -67.8763  -14.8413
   -0.2368    0.9323    0.2733
    0.8752    0.3269   -0.3565
   -0.4218    0.1548   -0.8934
...    51 T-A ...
  -89.5082  -67.3311  -17.4204
    0.2507    0.9604    0.1218
    0.8788   -0.1730   -0.4447
   -0.4060    0.2186   -0.8874
...    52 A-T ...
  -91.1837  -66.0249  -20.0097
    0.7128    0.6966    0.0819
    0.6357   -0.5922   -0.4951
   -0.2964    0.4050   -0.8649
...    53 G-C ...
  -92.1921  -64.3112  -22.6159
    0.9572    0.2768   -0.0849
    0.1987   -0.8411   -0.5030
   -0.2107    0.4646   -0.8601
...    54 G-C ...
  -92.5181  -62.2812  -25.2911
    0.9404   -0.2380   -0.2429
   -0.3260   -0.8341   -0.4450
   -0.0967    0.4977   -0.8620
...    55 T-A ...
  -92.4092  -60.2039  -27.8413
    0.6523   -0.6375   -0.4100
   -0.7557   -0.5892   -0.2861
   -0.0592    0.4965   -0.8660
...    56 A-T ...
  -92.6428  -58.6346  -30.7496
    0.0979   -0.8670   -0.4886
   -0.9947   -0.1001   -0.0218
   -0.0300    0.4881   -0.8723
...    57 T-A ...
  -92.0287  -57.1104  -33.6189
   -0.4113   -0.7903   -0.4542
   -0.9112    0.3448    0.2253
   -0.0214    0.5066   -0.8619
...    58 C-G ...
  -92.0103  -55.5453  -36.4913
   -0.8610   -0.4508   -0.2357
   -0.5079    0.7362    0.4473
   -0.0281    0.5048   -0.8628
...    59 T-A ...
  -92.1137  -54.1843  -39.4937
   -0.9974   -0.0373    0.0617
   -0.0008    0.8614    0.5079
   -0.0721    0.5066   -0.8592
...    60 C-G ...
  -92.3804  -52.6263  -42.3456
   -0.8183    0.4378    0.3724
    0.5664    0.7244    0.3929
   -0.0977    0.5324   -0.8408
...    61 G-C ...
  -92.5053  -50.6311  -44.9748
   -0.3826    0.6664    0.6399
    0.9109    0.3881    0.1404
   -0.1548    0.6366   -0.7555
...    62 A-T ...
  -93.1376  -48.5672  -47.3852
    0.1953    0.7226    0.6631
    0.9698   -0.0413   -0.2405
   -0.1464    0.6900   -0.7089
...    63 G-C ...
  -93.8953  -46.1343  -49.4455
    0.6555    0.5376    0.5303
    0.7493   -0.3757   -0.5454
   -0.0940    0.7548   -0.6491
...    64 C-G ...
  -94.3432  -43.3628  -51.1227
    0.9524    0.2127    0.2183
    0.3026   -0.5749   -0.7602
   -0.0361    0.7901   -0.6119
...    65 T-A ...
  -94.3019  -40.5149  -52.7536
    0.9774   -0.1600   -0.1386
   -0.2058   -0.5657   -0.7985
    0.0493    0.8089   -0.5858
...    66 C-G ...
  -93.8858  -37.8579  -54.5784
    0.6905   -0.4772   -0.5436
   -0.7166   -0.3491   -0.6039
    0.0984    0.8065   -0.5830
...    67 G-C ...
  -93.6921  -35.4266  -56.8088
    0.1864   -0.6576   -0.7299
   -0.9670    0.0084   -0.2544
    0.1734    0.7533   -0.6344
...    68 T-A ...
  -92.5006  -33.0866  -58.8312
   -0.3319   -0.5693   -0.7521
   -0.9265    0.3466    0.1465
    0.1773    0.7455   -0.6425
...    69 C-G ...
  -91.8371  -30.7431  -61.0110
   -0.8058   -0.2740   -0.5250
   -0.5669    0.6132    0.5500
    0.1712    0.7409   -0.6495
...    70 A-T ...
  -91.3635  -28.1746  -63.0220
   -0.9953    0.0518   -0.0812
   -0.0256    0.6703    0.7416
    0.0929    0.7403   -0.6659
...    71 T-A ...
  -91.2225  -26.2227  -65.6678
   -0.8792    0.3743    0.2948
    0.4664    0.5500    0.6928
    0.0971    0.7466   -0.6582
...    72 G-C ...
  -91.0300  -23.6251  -67.7109
   -0.5042    0.5121    0.6954
    0.8631    0.2716    0.4257
    0.0291    0.8148   -0.5790
...    73 T-A ...
  -91.5636  -21.0456  -69.6602
   -0.0129    0.5352    0.8447
    0.9994   -0.0192    0.0274
    0.0309    0.8445   -0.5346
...    74 T-A ...
  -91.7348  -18.2605  -71.2820
    0.5208    0.4050    0.7515
    0.8523   -0.2973   -0.4303
    0.0492    0.8646   -0.5000
...    75 A-T ...
  -91.7279  -15.1185  -72.3970
    0.8532    0.0487    0.5193
    0.4906   -0.4132   -0.7672
    0.1772    0.9094   -0.3764
...    76 T-A ...
  -91.3091  -11.9263  -72.9705
    0.9793   -0.1793    0.0939
    0.0207   -0.3725   -0.9278
    0.2013    0.9106   -0.3611
...    77 A-T ...
  -90.3570   -8.8984  -73.9098
    0.8146   -0.4473   -0.3692
   -0.4845   -0.1749   -0.8571
    0.3189    0.8771   -0.3592
...    78 A-T ...
  -89.0629   -6.0730  -74.8358
    0.4172   -0.4643   -0.7812
   -0.8474    0.1118   -0.5190
    0.3284    0.8786   -0.3468
...    79 C-G ...
  -87.3752   -3.3967  -75.8087
   -0.0728   -0.3559   -0.9317
   -0.9358    0.3475   -0.0596
    0.3450    0.8675   -0.3583
...    80 G-C ...
  -86.6434   -0.4244  -77.0594
   -0.5945   -0.1756   -0.7847
   -0.7355    0.5131    0.4424
    0.3249    0.8402   -0.4341
...    81 G-C ...
  -85.4233    2.2049  -78.7627
   -0.9116    0.0689   -0.4053
   -0.3082    0.5380    0.7846
    0.2722    0.8401   -0.4692
...    82 A-T ...
  -84.4802    4.8732  -80.3841
   -0.9310    0.3425    0.1260
    0.2640    0.3939    0.8804
    0.2519    0.8529   -0.4572
...    83 G-C ...
  -83.8734    7.5950  -82.1293
   -0.6889    0.4349    0.5798
    0.6924    0.1586    0.7038
    0.2142    0.8864   -0.4104
...    84 G-C ...
  -83.5182   10.5730  -83.6559
   -0.2562    0.3601    0.8970
    0.9488   -0.0836    0.3046
    0.1847    0.9291   -0.3203
...    85 A-T ...
  -83.0541   13.6114  -84.6776
    0.2992    0.1909    0.9349
    0.9326   -0.2658   -0.2442
    0.2019    0.9449   -0.2575
...    86 T-A ...
  -82.9549   16.8433  -85.1343
    0.7029    0.0083    0.7112
    0.6759   -0.3190   -0.6643
    0.2214    0.9477   -0.2299
...    87 C-G ...
  -82.1766   19.9417  -85.6506
    0.9426   -0.2321    0.2402
    0.1827   -0.2437   -0.9525
    0.2796    0.9417   -0.1873
...    88 C-G ...
  -80.9646   23.0721  -85.8169
    0.8692   -0.4201   -0.2606
   -0.3075   -0.0467   -0.9504
    0.3872    0.9063   -0.1698
...    89 G-C ...
  -79.5428   25.9078  -86.7473
    0.5256   -0.4803   -0.7022
   -0.6862    0.2485   -0.6836
    0.5028    0.8412   -0.1990
...    90 C-G ...
  -77.4765   28.4092  -87.3138
    0.0657   -0.3029   -0.9507
   -0.8427    0.4934   -0.2154
    0.5343    0.8154   -0.2229
...    91 T-A ...
  -75.4253   30.8423  -88.1813
   -0.3904   -0.0334   -0.9200
   -0.7412    0.6042    0.2926
    0.5461    0.7961   -0.2607
...    92 T-A ...
  -73.3966   33.1989  -89.1467
   -0.7163    0.3442   -0.6070
   -0.4001    0.5101    0.7614
    0.5717    0.7882   -0.2276
...    93 T-A ...
  -71.4191   35.5805  -90.1493
   -0.8001    0.5941   -0.0834
    0.0574    0.2142    0.9751
    0.5972    0.7753   -0.2055
...    94 A-T ...
  -69.4500   38.1718  -90.7594
   -0.6558    0.5703    0.4946
    0.4945   -0.1705    0.8523
    0.5704    0.8036   -0.1702
...    95 A-T ...
  -67.8117   40.8692  -91.4765
   -0.2928    0.3679    0.8826
    0.7634   -0.4659    0.4475
    0.5758    0.8047   -0.1445
...    96 C-G ...
  -66.4837   43.8079  -91.9992
    0.0899    0.0397    0.9952
    0.8092   -0.5854   -0.0498
    0.5806    0.8098   -0.0847
...    97 A-T ...
  -64.6085   46.5664  -92.0838
    0.3968   -0.4003    0.8260
    0.6708   -0.4879   -0.5586
    0.6266    0.7758    0.0749
...    98 C-G ...
  -62.9266   49.2361  -91.2738
    0.6342   -0.6376    0.4374
    0.4063   -0.2064   -0.8901
    0.6578    0.7422    0.1282
...    99 T-A ...
  -60.7602   51.5314  -90.3924
    0.6913   -0.7189   -0.0731
    0.0786    0.1754   -0.9814
    0.7183    0.6726    0.1778
...   100 T-A ...
  -58.3934   53.5544  -89.5159
    0.6151   -0.5139   -0.5980
   -0.2921    0.5559   -0.7782
    0.7324    0.6533    0.1918
...   101 T-A ...
  -55.8803   55.4243  -88.6688
    0.3654   -0.1081   -0.9246
   -0.5715    0.7580   -0.3145
    0.7348    0.6433    0.2152
...   102 A-T ...
  -53.6150   57.7580  -87.9689
   -0.0307    0.3790   -0.9249
   -0.6689    0.6798    0.3007
    0.7427    0.6279    0.2327
...   103 T-A ...
  -50.7557   59.3748  -87.5609
   -0.3410    0.6845   -0.6444
   -0.5696    0.3949    0.7209
    0.7478    0.6128    0.2552
...   104 G-C ...
  -48.4586   61.5273  -86.5988
   -0.6503    0.7437   -0.1549
   -0.2855   -0.0503    0.9571
    0.7040    0.6666    0.2450
...   105 C-G ...
  -46.0926   63.7817  -86.1805
   -0.7343    0.5743    0.3619
    0.0901   -0.4460    0.8905
    0.6728    0.6865    0.2758
...   106 T-A ...
  -44.0839   66.2861  -85.4604
   -0.6431    0.2245    0.7322
    0.4373   -0.6772    0.5917
    0.6287    0.7007    0.3373
...   107 T-A ...
  -42.2376   68.7369  -84.4594
   -0.3389   -0.2031    0.9187
    0.7084   -0.6976    0.1071
    0.6191    0.6871    0.3803
...   108 C-G ...
  -40.3694   71.0025  -83.1091
    0.0535   -0.6082    0.7919
    0.7870   -0.4625   -0.4083
    0.6146    0.6451    0.4540
...   109 C-G ...
  -38.6447   73.1275  -81.1601
    0.3572   -0.8368    0.4150
    0.6791   -0.0723   -0.7304
    0.6412    0.5427    0.5425
...   110 G-C ...
  -36.2521   74.5689  -79.3996
    0.5526   -0.8265   -0.1073
    0.4565    0.4079   -0.7907
    0.6973    0.3880    0.6027
...   111 G-C ...
  -33.8525   75.2890  -77.1488
    0.6452   -0.5289   -0.5513
    0.1594    0.7989   -0.5799
    0.7472    0.2863    0.5998
...   112 C-G ...
  -31.2703   75.7176  -75.1430
    0.6108   -0.0307   -0.7912
   -0.1738    0.9697   -0.1718
    0.7725    0.2425    0.5869
...   113 T-A ...
  -28.5439   76.1636  -73.3336
    0.4198    0.4692   -0.7769
   -0.4348    0.8553    0.2816
    0.7967    0.2196    0.5631
...   114 C-G ...
  -25.8394   76.8149  -71.5951
    0.0969    0.8830   -0.4593
   -0.5965    0.4209    0.6834
    0.7968    0.2078    0.5675
...   115 G-C ...
  -23.5260   77.5501  -69.3415
   -0.3003    0.9529   -0.0428
   -0.5620   -0.1405    0.8151
    0.7707    0.2688    0.5777
...   116 T-A ...
  -20.7246   78.6487  -67.9395
   -0.5609    0.7432    0.3648
   -0.3493   -0.6119    0.7096
    0.7506    0.2705    0.6029
...   117 A-T ...
  -18.2777   79.7033  -65.9784
   -0.7368    0.2662    0.6215
    0.0019   -0.9184    0.3957
    0.6761    0.2927    0.6761
...   118 T-A ...
  -16.2749   81.2752  -63.9350
   -0.6695   -0.2194    0.7097
    0.3514   -0.9353    0.0424
    0.6545    0.2778    0.7032
...   119 A-T ...
  -14.6872   82.6338  -61.3017
   -0.5667   -0.6805    0.4645
    0.6468   -0.7166   -0.2609
    0.5104    0.1526    0.8463
...   120 A-T ...
  -13.3313   83.1459  -58.4327
   -0.1790   -0.9638    0.1976
    0.8607   -0.2507   -0.4431
    0.4766    0.0907    0.8744
...   121 T-A ...
  -12.4329   83.3711  -55.3129
    0.2334   -0.9696   -0.0734
    0.8525    0.2403   -0.4641
    0.4677    0.0458    0.8827
...   122 G-C ...
  -10.7622   83.1269  -52.4600
    0.5884   -0.6925   -0.4175
    0.6348    0.7154   -0.2919
    0.5008   -0.0933    0.8605
...   123 T-A ...
   -9.4110   82.2139  -49.6025
    0.8178   -0.2363   -0.5247
    0.2691    0.9630   -0.0143
    0.5086   -0.1295    0.8512
...   124 G-C ...
   -7.5185   81.9868  -46.9167
    0.8012    0.3525   -0.4836
   -0.2105    0.9224    0.3237
    0.5602   -0.1576    0.8132
...   125 T-A ...
   -5.4381   80.9509  -44.5245
    0.5845    0.7754   -0.2390
   -0.5911    0.6087    0.5292
    0.5558   -0.1680    0.8141
...   126 C-G ...
   -3.5226   80.3394  -41.9311
    0.1350    0.9834    0.1215
   -0.8279    0.0446    0.5591
    0.5444   -0.1761    0.8202
...   127 G-C ...
   -2.1429   79.5633  -39.0245
   -0.3836    0.8614    0.3328
   -0.7842   -0.4942    0.3752
    0.4877   -0.1171    0.8651
...   128 A-T ...
   -0.4301   79.1528  -36.2924
   -0.7813    0.4395    0.4432
   -0.4456   -0.8900    0.0970
    0.4371   -0.1217    0.8912
...   129 C-G ...
    1.0561   79.3629  -33.3971
   -0.9244   -0.0492    0.3783
   -0.0054   -0.9899   -0.1420
    0.3814   -0.1333    0.9147
...   130 C-G ...
    2.1450   79.3284  -30.2123
   -0.8505   -0.5119    0.1212
    0.4587   -0.8345   -0.3052
    0.2574   -0.2040    0.9445
...   131 A-T ...
    2.6773   78.6473  -26.9843
   -0.5377   -0.8134   -0.2220
    0.8356   -0.4787   -0.2695
    0.1129   -0.3304    0.9371
...   132 A-T ...
    2.6970   77.5270  -23.9691
   -0.0230   -0.9217   -0.3872
    0.9969    0.0078   -0.0778
    0.0747   -0.3878    0.9187
...   133 A-T ...
    2.6296   76.0902  -21.0800
    0.5123   -0.7626   -0.3949
    0.8568    0.4848    0.1755
    0.0576   -0.4283    0.9018
...   134 T-A ...
    2.3075   74.2308  -18.3904
    0.8657   -0.4293   -0.2574
    0.4984    0.7868    0.3641
    0.0462   -0.4435    0.8951
...   135 G-C ...
    1.4354   72.0971  -15.6052
    0.9809    0.0621    0.1843
   -0.1263    0.9241    0.3607
   -0.1479   -0.3771    0.9143
...   136 T-A ...
    0.5279   69.2394  -13.4690
    0.7351    0.4963    0.4618
   -0.6117    0.7792    0.1365
   -0.2921   -0.3828    0.8764
...   137 G-C ...
   -0.1659   67.4106  -10.8096
    0.1800    0.8794    0.4408
   -0.9276    0.3008   -0.2214
   -0.3274   -0.3691    0.8698
...   138 A-T ...
   -0.1322   66.2181   -7.8218
   -0.3749    0.8570    0.3536
   -0.8857   -0.2184   -0.4098
   -0.2739   -0.4668    0.8409
...   139 G-C ...
   -1.0069   65.6075   -4.9426
   -0.8336    0.5218    0.1811
   -0.5170   -0.6220   -0.5881
   -0.1942   -0.5839    0.7883
...   140 C-G ...
   -0.6975   63.9004   -2.2530
   -0.9992    0.0157   -0.0376
    0.0023   -0.8993   -0.4374
   -0.0406   -0.4371    0.8985
...   141 G-C ...
   -3.4383   60.2386    1.0282
   -0.4425    0.2285   -0.8672
    0.1683   -0.9287   -0.3306
   -0.8808   -0.2922    0.3725
...   142 C-G ...
   -6.3289   59.0835    1.6292
   -0.2970   -0.3280   -0.8968
    0.5656   -0.8171    0.1115
   -0.7693   -0.4741    0.4282
...   143 T-A ...
   -8.6768   58.7243    3.6022
   -0.0347   -0.7817   -0.6227
    0.6533   -0.4893    0.5778
   -0.7563   -0.3868    0.5276
...   144 C-G ...
  -11.6545   58.0114    4.7191
    0.2451   -0.9542   -0.1716
    0.6322    0.0231    0.7745
   -0.7350   -0.2983    0.6089
...   145 A-T ...
  -14.1760   56.5669    6.1805
    0.5795   -0.7268    0.3687
    0.3139    0.6165    0.7220
   -0.7521   -0.3027    0.5855
...   146 C-G ...
  -16.4651   53.8950    7.5151
    0.5336   -0.3331    0.7774
   -0.0346    0.9098    0.4136
   -0.8450   -0.2476    0.4739
...   147 A-T ...
  -19.0172   52.0375    8.9259
    0.2452    0.2907    0.9249
   -0.3073    0.9281   -0.2103
   -0.9195   -0.2327    0.3169
