  147 base-pairs
...     1 A-T ...
    0.0000    0.0000    0.0000
    1.0000    0.0000    0.0000
    0.0000    1.0000    0.0000
    0.0000    0.0000    1.0000
...     2 G-C ...
   -0.1404   -1.2353    3.2259
    0.7530    0.6366    0.1668
   -0.6385    0.7681   -0.0490
   -0.1593   -0.0696    0.9848
...     3 T-A ...
   -0.0377   -3.2918    6.3749
    0.2722    0.9302    0.2464
   -0.9238    0.3243   -0.2034
   -0.2691   -0.1722    0.9476
...     4 G-C ...
   -0.3520   -4.1638    9.4928
   -0.3756    0.9250    0.0576
   -0.8780   -0.3352   -0.3416
   -0.2967   -0.1788    0.9381
...     5 A-T ...
   -0.4480   -4.1448   12.7498
   -0.8116    0.5839   -0.0166
   -0.5522   -0.7762   -0.3042
   -0.1905   -0.2377    0.9525
...     6 G-C ...
   -1.5926   -4.1701   15.6201
   -0.9976    0.0246   -0.0651
   -0.0043   -0.9555   -0.2950
   -0.0694   -0.2940    0.9533
...     7 C-G ...
   -1.1050   -4.4793   18.7363
   -0.8442   -0.5302   -0.0787
    0.5343   -0.8442   -0.0430
   -0.0437   -0.0784    0.9960
...     8 G-C ...
   -2.4044   -7.7255   23.1483
   -0.2753   -0.3294   -0.9032
    0.6650   -0.7437    0.0686
   -0.6943   -0.5817    0.4238
...     9 C-G ...
   -4.4706   -9.9691   24.1142
    0.1145   -0.7026   -0.7023
    0.8512   -0.2951    0.4341
   -0.5123   -0.6475    0.5642
...    10 T-A ...
   -6.7420  -10.8705   25.9717
    0.4841   -0.8363   -0.2573
    0.6594    0.1554    0.7356
   -0.5752   -0.5257    0.6267
...    11 C-G ...
   -9.1682  -12.6167   27.1662
    0.7073   -0.6683    0.2306
    0.3450    0.6110    0.7125
   -0.6170   -0.4243    0.6627
...    12 A-T ...
  -10.9253  -14.6583   29.0713
    0.7515   -0.1377    0.6452
   -0.2027    0.8824    0.4245
   -0.6278   -0.4498    0.6352
...    13 C-G ...
  -11.8495  -17.4796   31.2472
    0.4294    0.2824    0.8578
   -0.5708    0.8209    0.0155
   -0.6998   -0.4963    0.5137
...    14 A-T ...
  -13.5915  -19.7756   33.4284
   -0.1503    0.6106    0.7775
   -0.6874    0.5007   -0.5261
   -0.7106   -0.6135    0.3445
...    15 A-T ...
  -15.6852  -21.8619   34.7642
   -0.5063    0.7794    0.3690
   -0.4779    0.1026   -0.8724
   -0.7178   -0.6180    0.3206
...    16 T-A ...
  -17.7776  -23.7593   36.4257
   -0.6612    0.7431   -0.1030
   -0.1655   -0.2783   -0.9461
   -0.7317   -0.6085    0.3070
...    17 T-A ...
  -20.1540  -25.5647   37.6463
   -0.6120    0.5133   -0.6017
    0.2148   -0.6243   -0.7511
   -0.7612   -0.5888    0.2718
...    18 T-A ...
  -22.7343  -27.2226   38.6176
   -0.3578    0.1506   -0.9216
    0.4978   -0.8042   -0.3248
   -0.7900   -0.5750    0.2128
...    19 A-T ...
  -25.8483  -28.4491   38.9900
    0.0995   -0.0937   -0.9906
    0.5550   -0.8211    0.1334
   -0.8259   -0.5631   -0.0297
...    20 T-A ...
  -28.8226  -29.7095   38.5711
    0.3817   -0.4516   -0.8064
    0.4234   -0.6901    0.5869
   -0.8216   -0.5655   -0.0722
...    21 T-A ...
  -31.5465  -31.3585   38.0342
    0.5660   -0.7380   -0.3674
    0.1307   -0.3597    0.9239
   -0.8139   -0.5710   -0.1071
...    22 C-G ...
  -34.0449  -33.3516   37.4631
    0.5608   -0.7996    0.2148
   -0.2426    0.0894    0.9660
   -0.7916   -0.5939   -0.1438
...    23 G-C ...
  -36.6272  -35.3976   37.4132
    0.3920   -0.5857    0.7094
   -0.5529    0.4663    0.6905
   -0.7353   -0.6630   -0.1410
...    24 C-G ...
  -38.7639  -37.8410   36.8138
    0.0486   -0.2378    0.9701
   -0.6858    0.6982    0.2055
   -0.7262   -0.6753   -0.1292
...    25 A-T ...
  -41.3061  -39.8694   36.3719
   -0.3006    0.2278    0.9261
   -0.6015    0.7083   -0.3695
   -0.7401   -0.6682   -0.0758
...    26 A-T ...
  -43.5238  -42.2433   36.2946
   -0.6004    0.5651    0.5659
   -0.3141    0.4841   -0.8167
   -0.7355   -0.6681   -0.1132
...    27 A-T ...
  -45.8612  -44.4827   36.2022
   -0.6677    0.7438    0.0320
    0.0812    0.1154   -0.9900
   -0.7400   -0.6584   -0.1374
...    28 G-C ...
  -48.4190  -46.5177   36.0502
   -0.4641    0.7693   -0.4391
    0.4104   -0.2525   -0.8762
   -0.7849   -0.5869   -0.1986
...    29 G-C ...
  -51.3123  -48.1682   35.6277
   -0.0870    0.6154   -0.7834
    0.5745   -0.6114   -0.5442
   -0.8139   -0.4974   -0.3004
...    30 C-G ...
  -54.2207  -49.2876   34.6958
    0.2893    0.2642   -0.9201
    0.5185   -0.8512   -0.0813
   -0.8046   -0.4535   -0.3833
...    31 C-G ...
  -56.9674  -50.3074   33.0532
    0.6071   -0.1415   -0.7819
    0.2603   -0.8943    0.3640
   -0.7507   -0.4245   -0.5061
...    32 G-C ...
  -59.0921  -51.9703   31.1491
    0.7461   -0.5280   -0.4058
   -0.1614   -0.7346    0.6590
   -0.6460   -0.4262   -0.6333
...    33 G-C ...
  -60.8201  -53.3446   28.5976
    0.5959   -0.8020    0.0401
   -0.5677   -0.3855    0.7274
   -0.5680   -0.4563   -0.6850
...    34 C-G ...
  -62.2904  -54.9051   26.0799
    0.2078   -0.8768    0.4336
   -0.8179    0.0874    0.5687
   -0.5365   -0.4728   -0.6990
...    35 C-G ...
  -63.8119  -56.7240   23.6912
   -0.2455   -0.6762    0.6946
   -0.8151    0.5318    0.2297
   -0.5247   -0.5098   -0.6817
...    36 C-G ...
  -65.3786  -58.6583   21.4256
   -0.6211   -0.2642    0.7378
   -0.5566    0.8115   -0.1780
   -0.5517   -0.5213   -0.6511
...    37 G-C ...
  -67.3098  -59.9334   19.0579
   -0.7753    0.2641    0.5737
   -0.1111    0.8372   -0.5355
   -0.6217   -0.4789   -0.6198
...    38 A-T ...
  -69.2443  -61.6072   17.0490
   -0.6745    0.7112    0.1981
    0.3638    0.5537   -0.7490
   -0.6423   -0.4332   -0.6323
...    39 C-G ...
  -71.6587  -63.1545   15.4850
   -0.3695    0.9147   -0.1637
    0.6559    0.1319   -0.7432
   -0.6582   -0.3820   -0.6487
...    40 A-T ...
  -73.9505  -64.2825   13.3496
    0.1335    0.9029   -0.4085
    0.7337   -0.3671   -0.5718
   -0.6663   -0.2234   -0.7115
...    41 C-G ...
  -76.4733  -64.5091   11.3222
    0.5214    0.6250   -0.5809
    0.5624   -0.7638   -0.3169
   -0.6418   -0.1614   -0.7497
...    42 G-C ...
  -78.2593  -64.9446    8.5831
    0.8349    0.1700   -0.5235
    0.1745   -0.9838   -0.0412
   -0.5220   -0.0570   -0.8510
...    43 A-T ...
  -79.7630  -64.9404    5.7056
    0.8177   -0.4035   -0.4107
   -0.3427   -0.9143    0.2159
   -0.4626   -0.0358   -0.8858
...    44 C-G ...
  -80.8089  -64.5620    2.6004
    0.5471   -0.8060   -0.2259
   -0.7226   -0.5909    0.3587
   -0.4226   -0.0331   -0.9057
...    45 T-A ...
  -81.7848  -64.6282   -0.5459
    0.1171   -0.9930    0.0155
   -0.9189   -0.1024    0.3809
   -0.3767   -0.0588   -0.9245
...    46 T-A ...
  -82.6406  -64.7848   -3.6858
   -0.4387   -0.8808    0.1783
   -0.8241    0.4734    0.3111
   -0.3584   -0.0104   -0.9335
...    47 A-T ...
  -84.0152  -64.4468   -6.7104
   -0.8638   -0.4106    0.2919
   -0.3787    0.9113    0.1614
   -0.3323    0.0289   -0.9427
...    48 C-G ...
  -85.0278  -64.9420   -9.8220
   -0.9314    0.1083    0.3474
    0.1169    0.9931    0.0038
   -0.3446    0.0442   -0.9377
...    49 T-A ...
  -86.3745  -65.0408  -12.8239
   -0.7230    0.5868    0.3646
    0.5729    0.8042   -0.1583
   -0.3861    0.0944   -0.9176
...    50 C-G ...
  -87.7239  -64.7822  -15.7662
   -0.2540    0.9274    0.2747
    0.8822    0.3386   -0.3273
   -0.3966    0.1592   -0.9041
...    51 A-T ...
  -89.1366  -64.1088  -18.7018
    0.3016    0.9299    0.2107
    0.8741   -0.1813   -0.4507
   -0.3809    0.3201   -0.8674
...    52 T-A ...
  -90.8381  -62.7429  -21.1172
    0.6976    0.7164    0.0096
    0.6212   -0.5982   -0.5062
   -0.3569    0.3591   -0.8624
...    53 G-C ...
  -91.7374  -61.2064  -23.9322
    0.9633    0.2419   -0.1164
    0.1569   -0.8593   -0.4869
   -0.2178    0.4507   -0.8657
...    54 T-A ...
  -92.2730  -59.1612  -26.4263
    0.9237   -0.2357   -0.3019
   -0.3456   -0.8528   -0.3916
   -0.1651    0.4661   -0.8692
...    55 T-A ...
  -92.5884  -57.3862  -29.1179
    0.5861   -0.6610   -0.4685
   -0.7964   -0.5765   -0.1829
   -0.1492    0.4803   -0.8643
...    56 A-T ...
  -93.1029  -55.8689  -32.0125
    0.0281   -0.8797   -0.4747
   -0.9924   -0.0815    0.0923
   -0.1199    0.4685   -0.8753
...    57 T-A ...
  -92.7899  -54.4238  -34.9688
   -0.4710   -0.7933   -0.3858
   -0.8753    0.3657    0.3165
   -0.1100    0.4867   -0.8666
...    58 A-T ...
  -93.3134  -52.6035  -37.6991
   -0.8998   -0.4144   -0.1368
   -0.4246    0.7587    0.4942
   -0.1010    0.5027   -0.8585
...    59 A-T ...
  -93.5641  -51.2381  -40.6360
   -0.9861    0.0848    0.1430
    0.1465    0.8495    0.5068
   -0.0785    0.5207   -0.8501
...    60 C-G ...
  -94.1016  -50.0192  -43.6420
   -0.7771    0.4805    0.4065
    0.6214    0.6881    0.3747
   -0.0997    0.5438   -0.8333
...    61 G-C ...
  -94.2230  -48.0038  -46.2534
   -0.3212    0.6772    0.6619
    0.9352    0.3368    0.1093
   -0.1489    0.6542   -0.7416
...    62 G-C ...
  -95.1653  -45.7715  -48.5812
    0.2123    0.6692    0.7121
    0.9667   -0.0372   -0.2533
   -0.1430    0.7422   -0.6548
...    63 A-T ...
  -95.7181  -43.2725  -50.5560
    0.7172    0.4820    0.5032
    0.6890   -0.3822   -0.6158
   -0.1045    0.7884   -0.6062
...    64 T-A ...
  -96.3470  -40.3931  -51.9615
    0.9623    0.2157    0.1655
    0.2602   -0.5549   -0.7902
   -0.0786    0.8035   -0.5901
...    65 G-C ...
  -96.2407  -37.6719  -53.8529
    0.9566   -0.2116   -0.2003
   -0.2853   -0.5407   -0.7913
    0.0591    0.8141   -0.5777
...    66 T-A ...
  -95.6618  -34.7555  -55.2579
    0.6847   -0.4767   -0.5514
   -0.7225   -0.3444   -0.5994
    0.0958    0.8088   -0.5803
...    67 A-T ...
  -95.3093  -32.1300  -57.2359
    0.1536   -0.6129   -0.7751
   -0.9795    0.0088   -0.2011
    0.1301    0.7901   -0.5990
...    68 G-C ...
  -94.5227  -29.6060  -59.2083
   -0.3678   -0.5521   -0.7483
   -0.9206    0.3296    0.2094
    0.1311    0.7659   -0.6295
...    69 G-C ...
  -93.8546  -27.2289  -61.4883
   -0.8037   -0.3407   -0.4878
   -0.5878    0.5815    0.5624
    0.0920    0.7388   -0.6676
...    70 T-A ...
  -93.3282  -25.2218  -64.0705
   -0.9920   -0.0121   -0.1260
   -0.1019    0.6676    0.7376
    0.0752    0.7445   -0.6634
...    71 A-T ...
  -93.1216  -22.7196  -66.2178
   -0.8815    0.3239    0.3435
    0.4712    0.5561    0.6847
    0.0307    0.7654   -0.6428
...    72 T-A ...
  -93.5003  -20.5599  -68.6591
   -0.5408    0.5435    0.6420
    0.8406    0.3212    0.4362
    0.0309    0.7756   -0.6305
...    73 C-G ...
  -93.5491  -18.0246  -70.6846
    0.0168    0.5799    0.8145
    0.9994   -0.0342    0.0038
    0.0301    0.8140   -0.5801
...    74 T-A ...
  -93.7793  -15.2025  -72.3391
    0.4982    0.4082    0.7650
    0.8650   -0.2952   -0.4058
    0.0602    0.8638   -0.5002
...    75 C-G ...
  -93.5855  -12.2961  -73.7459
    0.8862    0.1166    0.4485
    0.4499   -0.4481   -0.7725
    0.1109    0.8863   -0.4496
...    76 G-C ...
  -92.8439   -9.4648  -75.2703
    0.9640   -0.2616    0.0468
   -0.0592   -0.3833   -0.9217
    0.2591    0.8858   -0.3850
...    77 A-T ...
  -91.8213   -6.5819  -76.3739
    0.7527   -0.4694   -0.4616
   -0.5797   -0.1404   -0.8026
    0.3120    0.8717   -0.3779
...    78 G-C ...
  -90.4689   -3.7532  -77.3841
    0.3433   -0.5208   -0.7816
   -0.8676    0.1429   -0.4763
    0.3597    0.8416   -0.4028
...    79 C-G ...
  -88.8676   -1.1859  -78.6926
   -0.1797   -0.3888   -0.9036
   -0.9081    0.4188    0.0004
    0.3783    0.8206   -0.4283
...    80 T-A ...
  -87.3650    1.2856  -80.2789
   -0.6289   -0.1459   -0.7636
   -0.6818    0.5755    0.4516
    0.3736    0.8047   -0.4614
...    81 C-G ...
  -86.1079    3.8352  -81.8945
   -0.9105    0.2032   -0.3602
   -0.1968    0.5532    0.8095
    0.3638    0.8079   -0.4637
...    82 G-C ...
  -84.9243    6.6990  -83.0462
   -0.9047    0.3873    0.1776
    0.3233    0.3525    0.8782
    0.2776    0.8519   -0.4441
...    83 G-C ...
  -84.2069    9.4780  -84.7999
   -0.6292    0.4338    0.6449
    0.7445    0.0983    0.6603
    0.2231    0.8956   -0.3848
...    84 G-C ...
  -83.8419   12.5093  -86.2126
   -0.1829    0.3249    0.9279
    0.9626   -0.1328    0.2363
    0.2000    0.9364   -0.2885
...    85 A-T ...
  -83.3297   15.5757  -87.1118
    0.3638    0.1324    0.9220
    0.9049   -0.2851   -0.3161
    0.2210    0.9493   -0.2235
...    86 T-A ...
  -83.1381   18.8201  -87.4127
    0.7443   -0.0529    0.6657
    0.6223   -0.3067   -0.7202
    0.2423    0.9503   -0.1954
...    87 C-G ...
  -82.2724   21.9107  -87.8116
    0.9459   -0.2758    0.1709
    0.1180   -0.1982   -0.9730
    0.3022    0.9406   -0.1549
...    88 C-G ...
  -80.9526   25.0001  -87.8851
    0.8379   -0.4326   -0.3329
   -0.3622    0.0156   -0.9320
    0.4083    0.9015   -0.1436
...    89 G-C ...
  -79.4904   27.8342  -88.7464
    0.4700   -0.4547   -0.7566
   -0.7142    0.3077   -0.6286
    0.5186    0.8358   -0.1801
...    90 C-G ...
  -77.3812   30.3049  -89.2867
    0.0045   -0.2485   -0.9686
   -0.8370    0.5291   -0.1396
    0.5472    0.8114   -0.2056
...    91 T-A ...
  -75.3044   32.7260  -90.1235
   -0.4388    0.0322   -0.8980
   -0.7062    0.6055    0.3669
    0.5556    0.7952   -0.2430
...    92 T-A ...
  -73.2564   35.0791  -91.0557
   -0.7358    0.3987   -0.5474
   -0.3459    0.4736    0.8100
    0.5822    0.7853   -0.2105
...    93 T-A ...
  -71.2645   37.4645  -92.0174
   -0.7870    0.6169   -0.0076
    0.1111    0.1538    0.9818
    0.6068    0.7719   -0.1896
...    94 A-T ...
  -69.2820   40.0473  -92.6037
   -0.6241    0.5496    0.5554
    0.5276   -0.2278    0.8184
    0.5763    0.8038   -0.1478
...    95 A-T ...
  -67.6337   42.7595  -93.2283
   -0.2525    0.3179    0.9139
    0.7737   -0.5008    0.3880
    0.5810    0.8051   -0.1195
...    96 C-G ...
  -66.2899   45.7071  -93.6243
    0.1268   -0.0212    0.9917
    0.7993   -0.5899   -0.1148
    0.5875    0.8072   -0.0578
...    97 A-T ...
  -64.3943   48.4526  -93.5994
    0.4187   -0.4533    0.7869
    0.6466   -0.4596   -0.6088
    0.6376    0.7637    0.1007
...    98 C-G ...
  -62.6571   51.0505  -92.6823
    0.6403   -0.6685    0.3783
    0.3766   -0.1559   -0.9131
    0.6694    0.7272    0.1519
...    99 T-A ...
  -60.4420   53.2676  -91.7284
    0.6819   -0.7186   -0.1362
    0.0522    0.2335   -0.9709
    0.7296    0.6550    0.1967
...   100 T-A ...
  -58.0338   55.2158  -90.7947
    0.5948   -0.4804   -0.6445
   -0.3088    0.6037   -0.7350
    0.7422    0.6362    0.2108
...   101 T-A ...
  -55.4856   57.0150  -89.8984
    0.3416   -0.0530   -0.9383
   -0.5746    0.7783   -0.2532
    0.7437    0.6257    0.2354
...   102 A-T ...
  -53.1941   59.2913  -89.1078
   -0.0497    0.4349   -0.8991
   -0.6588    0.6623    0.3568
    0.7507    0.6101    0.2536
...   103 T-A ...
  -50.3198   60.8706  -88.6658
   -0.3520    0.7230   -0.5944
   -0.5524    0.3522    0.7555
    0.7556    0.5943    0.2754
...   104 G-C ...
  -47.9911   62.9538  -87.6331
   -0.6518    0.7518   -0.0993
   -0.2676   -0.1056    0.9577
    0.7096    0.6508    0.2700
...   105 C-G ...
  -45.6168   65.1780  -87.1320
   -0.7281    0.5523    0.4060
    0.1046   -0.4958    0.8621
    0.6774    0.6702    0.3032
...   106 T-A ...
  -43.6020   67.6408  -86.3043
   -0.6334    0.1823    0.7521
    0.4460   -0.7082    0.5473
    0.6324    0.6821    0.3672
...   107 T-A ...
  -41.7500   70.0366  -85.1905
   -0.3289   -0.2541    0.9095
    0.7108   -0.7007    0.0613
    0.6217    0.6667    0.4111
...   108 C-G ...
  -39.8785   72.2266  -83.7292
    0.0614   -0.6500    0.7575
    0.7849   -0.4374   -0.4390
    0.6166    0.6215    0.4833
...   109 C-G ...
  -38.1467   74.2426  -81.6741
    0.3627   -0.8562    0.3678
    0.6748   -0.0309   -0.7373
    0.6427    0.5156    0.5666
...   110 G-C ...
  -35.7497   75.5949  -79.8540
    0.5562   -0.8170   -0.1523
    0.4511    0.4507   -0.7703
    0.6979    0.3598    0.6192
...   111 G-C ...
  -33.3484   76.2132  -77.5753
    0.6467   -0.4964   -0.5791
    0.1529    0.8282   -0.5391
    0.7472    0.2601    0.6116
...   112 C-G ...
  -30.7680   76.5607  -75.5526
    0.6094    0.0126   -0.7928
   -0.1807    0.9758   -0.1234
    0.7720    0.2184    0.5969
...   113 T-A ...
  -28.0441   76.9355  -73.7253
    0.4158    0.5088   -0.7538
   -0.4408    0.8377    0.3223
    0.7955    0.1983    0.5726
...   114 C-G ...
  -25.3463   77.5196  -71.9554
    0.0900    0.9037   -0.4186
   -0.5998    0.3847    0.7016
    0.7951    0.1880    0.5767
...   115 G-C ...
  -23.0387   78.1675  -69.6728
   -0.3087    0.9512   -0.0034
   -0.5622   -0.1796    0.8073
    0.7672    0.2511    0.5902
...   116 T-A ...
  -20.2539   79.2329  -68.2208
   -0.5689    0.7230    0.3920
   -0.3459   -0.6428    0.6835
    0.7462    0.2533    0.6157
...   117 A-T ...
  -17.8287   80.2645  -66.2221
   -0.7453    0.2387    0.6225
    0.0067   -0.9310    0.3650
    0.6667    0.2762    0.6923
...   118 T-A ...
  -15.8636   81.7871  -64.1074
   -0.6751   -0.2478    0.6949
    0.3594   -0.9330    0.0165
    0.6443    0.2609    0.7189
...   119 A-T ...
  -14.3287   83.0844  -61.4115
   -0.5672   -0.6980    0.4370
    0.6554   -0.7039   -0.2736
    0.4986    0.1312    0.8568
...   120 A-T ...
  -13.0167   83.5252  -58.5099
   -0.1740   -0.9701    0.1689
    0.8679   -0.2321   -0.4391
    0.4652    0.0702    0.8824
...   121 T-A ...
  -12.1595   83.6741  -55.3728
    0.2420   -0.9656   -0.0954
    0.8562    0.2587   -0.4471
    0.4564    0.0265    0.8894
...   122 G-C ...
  -10.5267   83.3742  -52.5057
    0.5988   -0.6780   -0.4264
    0.6328    0.7268   -0.2671
    0.4910   -0.1099    0.8642
...   123 T-A ...
   -9.2073   82.4077  -49.6510
    0.8258   -0.2191   -0.5197
    0.2623    0.9649    0.0101
    0.4993   -0.1446    0.8543
...   124 G-C ...
   -7.3497   82.1294  -46.9479
    0.8040    0.3665   -0.4682
   -0.2197    0.9148    0.3390
    0.5526   -0.1697    0.8160
...   125 T-A ...
   -5.2909   81.0613  -44.5547
    0.5825    0.7825   -0.2202
   -0.5995    0.5965    0.5336
    0.5489   -0.1788    0.8165
...   126 C-G ...
   -3.3969   80.4195  -41.9560
    0.1292    0.9822    0.1363
   -0.8329    0.0328    0.5525
    0.5382   -0.1849    0.8223
...   127 G-C ...
   -2.0340   79.6229  -39.0504
   -0.3896    0.8564    0.3388
   -0.7849   -0.5012    0.3643
    0.4818   -0.1239    0.8675
...   128 A-T ...
   -0.3427   79.1998  -36.3089
   -0.7858    0.4333    0.4413
   -0.4432   -0.8922    0.0869
    0.4314   -0.1273    0.8931
...   129 C-G ...
    1.1201   79.3948  -33.4010
   -0.9266   -0.0541    0.3723
   -0.0019   -0.9889   -0.1485
    0.3762   -0.1384    0.9162
...   130 C-G ...
    2.1832   79.3450  -30.2079
   -0.8500   -0.5142    0.1144
    0.4620   -0.8321   -0.3070
    0.2530   -0.2081    0.9448
...   131 A-T ...
    2.7002   78.6535  -26.9813
   -0.5354   -0.8136   -0.2267
    0.8374   -0.4765   -0.2679
    0.1100   -0.3333    0.9364
...   132 A-T ...
    2.7077   77.5280  -23.9674
   -0.0207   -0.9212   -0.3886
    0.9971    0.0093   -0.0753
    0.0730   -0.3891    0.9183
...   133 A-T ...
    2.6322   76.0896  -21.0791
    0.5134   -0.7621   -0.3945
    0.8563    0.4853    0.1768
    0.0567   -0.4285    0.9017
...   134 T-A ...
    2.3075   74.2307  -18.3903
    0.8657   -0.4293   -0.2574
    0.4984    0.7868    0.3641
    0.0462   -0.4435    0.8951
...   135 G-C ...
    1.4354   72.0970  -15.6050
    0.9809    0.0621    0.1843
   -0.1263    0.9241    0.3607
   -0.1479   -0.3771    0.9143
...   136 T-A ...
    0.5279   69.2393  -13.4689
    0.7351    0.4963    0.4618
   -0.6117    0.7792    0.1365
   -0.2921   -0.3828    0.8764
...   137 G-C ...
   -0.1659   67.4106  -10.8095
    0.1800    0.8794    0.4408
   -0.9276    0.3008   -0.2214
   -0.3274   -0.3691    0.8698
...   138 A-T ...
   -0.1321   66.2180   -7.8217
   -0.3749    0.8570    0.3536
   -0.8857   -0.2184   -0.4098
   -0.2739   -0.4668    0.8409
...   139 G-C ...
   -1.0069   65.6075   -4.9425
   -0.8336    0.5218    0.1811
   -0.5170   -0.6220   -0.5881
   -0.1942   -0.5839    0.7883
...   140 C-G ...
   -0.6975   63.9003   -2.2528
   -0.9992    0.0157   -0.0376
    0.0023   -0.8993   -0.4374
   -0.0406   -0.4371    0.8985
...   141 G-C ...
   -3.4383   60.2385    1.0283
   -0.4425    0.2285   -0.8672
    0.1683   -0.9287   -0.3306
   -0.8808   -0.2922    0.3725
...   142 C-G ...
   -6.3289   59.0834    1.6293
   -0.2970   -0.3280   -0.8968
    0.5656   -0.8171    0.1115
   -0.7693   -0.4741    0.4282
...   143 T-A ...
   -8.6768   58.7243    3.6024
   -0.0347   -0.7817   -0.6227
    0.6533   -0.4893    0.5778
   -0.7563   -0.3868    0.5276
...   144 C-G ...
  -11.6545   58.0114    4.7193
    0.2451   -0.9542   -0.1716
    0.6322    0.0231    0.7745
   -0.7350   -0.2983    0.6089
...   145 A-T ...
  -14.1760   56.5669    6.1806
    0.5795   -0.7268    0.3687
    0.3139    0.6165    0.7220
   -0.7521   -0.3027    0.5855
...   146 C-G ...
  -16.4651   53.8949    7.5153
    0.5336   -0.3331    0.7774
   -0.0346    0.9098    0.4136
   -0.8450   -0.2476    0.4739
...   147 A-T ...
  -19.0172   52.0374    8.9260
    0.2452    0.2907    0.9249
   -0.3073    0.9281   -0.2103
   -0.9195   -0.2327    0.3169
