  147 base-pairs
...     1 A-T ...
    0.0000    0.0000    0.0000
    1.0000    0.0000    0.0000
    0.0000    1.0000    0.0000
    0.0000    0.0000    1.0000
...     2 G-C ...
   -0.1404   -1.2353    3.2259
    0.7530    0.6366    0.1668
   -0.6385    0.7681   -0.0490
   -0.1593   -0.0696    0.9848
...     3 T-A ...
   -0.0377   -3.2918    6.3749
    0.2722    0.9302    0.2464
   -0.9238    0.3243   -0.2034
   -0.2691   -0.1722    0.9476
...     4 G-C ...
   -0.3520   -4.1638    9.4928
   -0.3756    0.9250    0.0576
   -0.8780   -0.3352   -0.3416
   -0.2967   -0.1788    0.9381
...     5 A-T ...
   -0.4480   -4.1448   12.7498
   -0.8116    0.5839   -0.0166
   -0.5522   -0.7762   -0.3042
   -0.1905   -0.2377    0.9525
...     6 G-C ...
   -1.5926   -4.1701   15.6201
   -0.9976    0.0246   -0.0651
   -0.0043   -0.9555   -0.2950
   -0.0694   -0.2940    0.9533
...     7 C-G ...
   -1.1050   -4.4793   18.7363
   -0.8442   -0.5302   -0.0787
    0.5343   -0.8442   -0.0430
   -0.0437   -0.0784    0.9960
...     8 G-C ...
   -2.4044   -7.7255   23.1483
   -0.2753   -0.3294   -0.9032
    0.6650   -0.7437    0.0686
   -0.6943   -0.5817    0.4238
...     9 C-G ...
   -4.4706   -9.9691   24.1142
    0.1145   -0.7026   -0.7023
    0.8512   -0.2951    0.4341
   -0.5123   -0.6475    0.5642
...    10 T-A ...
   -6.7420  -10.8705   25.9717
    0.4841   -0.8363   -0.2573
    0.6594    0.1554    0.7356
   -0.5752   -0.5257    0.6267
...    11 C-G ...
   -9.1682  -12.6167   27.1662
    0.7073   -0.6683    0.2306
    0.3450    0.6110    0.7125
   -0.6170   -0.4243    0.6627
...    12 A-T ...
  -10.9253  -14.6583   29.0713
    0.7515   -0.1377    0.6452
   -0.2027    0.8824    0.4245
   -0.6278   -0.4498    0.6352
...    13 C-G ...
  -11.8495  -17.4796   31.2472
    0.4294    0.2824    0.8578
   -0.5708    0.8209    0.0155
   -0.6998   -0.4963    0.5137
...    14 A-T ...
  -13.5915  -19.7756   33.4284
   -0.1503    0.6106    0.7775
   -0.6874    0.5007   -0.5261
   -0.7106   -0.6135    0.3445
...    15 A-T ...
  -15.6821  -21.8675   34.7629
   -0.5093    0.7774    0.3692
   -0.4768    0.1023   -0.8730
   -0.7165   -0.6207    0.3185
...    16 T-A ...
  -17.7702  -23.7775   36.4181
   -0.6649    0.7397   -0.1031
   -0.1619   -0.2775   -0.9470
   -0.7291   -0.6130    0.3043
...    17 T-A ...
  -20.1369  -25.6015   37.6315
   -0.6146    0.5096   -0.6022
    0.2214   -0.6212   -0.7517
   -0.7571   -0.5953    0.2690
...    18 T-A ...
  -22.7047  -27.2839   38.5936
   -0.3568    0.1494   -0.9222
    0.5061   -0.7988   -0.3252
   -0.7852   -0.5828    0.2094
...    19 A-T ...
  -25.8136  -28.5323   38.9531
    0.1044   -0.0868   -0.9907
    0.5631   -0.8160    0.1308
   -0.8198   -0.5715   -0.0363
...    20 T-A ...
  -28.7703  -29.8226   38.5120
    0.3907   -0.4412   -0.8079
    0.4288   -0.6894    0.5839
   -0.8145   -0.5745   -0.0802
...    21 T-A ...
  -31.4679  -31.5031   37.9481
    0.5788   -0.7261   -0.3711
    0.1311   -0.3663    0.9212
   -0.8049   -0.5819   -0.1168
...    22 C-G ...
  -33.9281  -33.5307   37.3419
    0.5734   -0.7920    0.2095
   -0.2492    0.0749    0.9655
   -0.7804   -0.6059   -0.1544
...    23 G-C ...
  -36.4631  -35.6328   37.2513
    0.4000   -0.5858    0.7049
   -0.5663    0.4467    0.6926
   -0.7206   -0.6763   -0.1530
...    24 C-G ...
  -38.5411  -38.1167   36.6142
    0.0481   -0.2484    0.9675
   -0.7024    0.6802    0.2096
   -0.7101   -0.6897   -0.1418
...    25 A-T ...
  -41.0342  -40.1954   36.1325
   -0.3126    0.2089    0.9266
   -0.6158    0.6982   -0.3651
   -0.7233   -0.6847   -0.0896
...    26 A-T ...
  -43.1909  -42.6240   36.0075
   -0.6199    0.5421    0.5674
   -0.3193    0.4863   -0.8134
   -0.7168   -0.6853   -0.1284
...    27 A-T ...
  -45.4655  -44.9256   35.8646
   -0.6889    0.7241    0.0337
    0.0883    0.1300   -0.9876
   -0.7194   -0.6774   -0.1535
...    28 G-C ...
  -47.9595  -47.0337   35.6568
   -0.4823    0.7600   -0.4356
    0.4280   -0.2295   -0.8742
   -0.7644   -0.6080   -0.2146
...    29 G-C ...
  -50.7900  -48.7745   35.1802
   -0.0971    0.6211   -0.7777
    0.6006   -0.5865   -0.5434
   -0.7937   -0.5198   -0.3160
...    30 C-G ...
  -53.6479  -49.9801   34.2015
    0.2921    0.2838   -0.9133
    0.5477   -0.8325   -0.0835
   -0.7840   -0.4759   -0.3986
...    31 C-G ...
  -56.3399  -51.0726   32.5152
    0.6222   -0.1114   -0.7749
    0.2869   -0.8885    0.3580
   -0.7284   -0.4451   -0.5209
...    32 G-C ...
  -58.3794  -52.7825   30.5617
    0.7715   -0.4946   -0.4002
   -0.1426   -0.7474    0.6489
   -0.6201   -0.4435   -0.6472
...    33 G-C ...
  -60.0109  -54.1915   27.9651
    0.6275   -0.7776    0.0410
   -0.5623   -0.4160    0.7147
   -0.5386   -0.4715   -0.6983
...    34 C-G ...
  -61.3726  -55.7841   25.4081
    0.2384   -0.8716    0.4283
   -0.8294    0.0467    0.5567
   -0.5052   -0.4880   -0.7118
...    35 C-G ...
  -62.7729  -57.6467   22.9791
   -0.2257   -0.6930    0.6847
   -0.8414    0.4929    0.2215
   -0.4910   -0.5261   -0.6943
...    36 C-G ...
  -64.2168  -59.6321   20.6768
   -0.6198   -0.2987    0.7257
   -0.5905    0.7865   -0.1807
   -0.5168   -0.5406   -0.6639
...    37 G-C ...
  -66.0543  -60.9749   18.2726
   -0.7967    0.2228    0.5618
   -0.1421    0.8345   -0.5324
   -0.5875   -0.5040   -0.6332
...    38 A-T ...
  -67.8730  -62.7261   16.2208
   -0.7121    0.6763    0.1888
    0.3497    0.5748   -0.7398
   -0.6088   -0.4608   -0.6458
...    39 C-G ...
  -70.1800  -64.3827   14.6039
   -0.4116    0.8957   -0.1682
    0.6624    0.1673   -0.7302
   -0.6259   -0.4120   -0.6622
...    40 A-T ...
  -72.3588  -65.6200   12.4146
    0.0952    0.9087   -0.4065
    0.7626   -0.3290   -0.5569
   -0.6398   -0.2570   -0.7243
...    41 C-G ...
  -74.8256  -65.9763   10.3353
    0.4997    0.6504   -0.5721
    0.6074   -0.7340   -0.3039
   -0.6176   -0.1956   -0.7618
...    42 G-C ...
  -76.5364  -66.5174    7.5675
    0.8350    0.2123   -0.5076
    0.2276   -0.9732   -0.0328
   -0.5009   -0.0881   -0.8610
...    43 A-T ...
  -77.9837  -66.6060    4.6634
    0.8468   -0.3602   -0.3914
   -0.2966   -0.9306    0.2146
   -0.4415   -0.0657   -0.8949
...    44 C-G ...
  -78.9833  -66.3021    1.5363
    0.5960   -0.7755   -0.2083
   -0.6958   -0.6283    0.3480
   -0.4007   -0.0625   -0.9141
...    45 T-A ...
  -79.8840  -66.4436   -1.6293
    0.1741   -0.9843    0.0275
   -0.9195   -0.1525    0.3622
   -0.3524   -0.0883   -0.9317
...    46 T-A ...
  -80.6620  -66.6804   -4.7831
   -0.3883   -0.9038    0.1800
   -0.8577    0.4259    0.2880
   -0.3369   -0.0426   -0.9406
...    47 A-T ...
  -81.9789  -66.4858   -7.8421
   -0.8403   -0.4624    0.2831
   -0.4407    0.8866    0.1401
   -0.3158   -0.0071   -0.9488
...    48 C-G ...
  -82.8980  -67.0961  -10.9621
   -0.9430    0.0514    0.3289
    0.0504    0.9987   -0.0115
   -0.3290    0.0057   -0.9443
...    49 T-A ...
  -84.1781  -67.3364  -13.9850
   -0.7678    0.5433    0.3395
    0.5204    0.8380   -0.1640
   -0.3736    0.0508   -0.9262
...    50 G-C ...
  -85.5420  -66.9889  -16.9848
   -0.3246    0.8859    0.3315
    0.8446    0.4292   -0.3200
   -0.4258    0.1761   -0.8875
...    51 T-A ...
  -87.4797  -66.4486  -19.5521
    0.1578    0.9691    0.1894
    0.8955   -0.0596   -0.4410
   -0.4161    0.2392   -0.8773
...    52 A-T ...
  -89.2441  -65.1355  -22.0748
    0.6408    0.7551    0.1384
    0.6951   -0.4942   -0.5221
   -0.3259    0.4308   -0.8416
...    53 G-C ...
  -90.3896  -63.3585  -24.5782
    0.9256    0.3751   -0.0508
    0.2868   -0.7827   -0.5523
   -0.2470    0.4967   -0.8321
...    54 G-C ...
  -90.8945  -61.1977  -27.1194
    0.9625   -0.1255   -0.2404
   -0.2340   -0.8325   -0.5023
   -0.1371    0.5397   -0.8306
...    55 T-A ...
  -90.9702  -58.9604  -29.5300
    0.7205   -0.5394   -0.4359
   -0.6863   -0.6449   -0.3364
   -0.0996    0.5415   -0.8348
...    56 C-G ...
  -91.0553  -57.2177  -32.2837
    0.2041   -0.8175   -0.5385
   -0.9765   -0.2086   -0.0535
   -0.0686    0.5368   -0.8409
...    57 A-T ...
  -91.4346  -55.5019  -35.0672
   -0.3655   -0.8283   -0.4247
   -0.9288    0.2943    0.2253
   -0.0616    0.4768   -0.8768
...    58 T-A ...
  -91.0444  -54.2780  -38.1131
   -0.7803   -0.5620   -0.2746
   -0.6234    0.6635    0.4136
   -0.0502    0.4939   -0.8681
...    59 G-C ...
  -91.4061  -52.5456  -40.8910
   -0.9871   -0.1451    0.0682
   -0.0928    0.8640    0.4949
   -0.1308    0.4821   -0.8663
...    60 T-A ...
  -91.9445  -51.5098  -43.9772
   -0.8961    0.2922    0.3340
    0.4165    0.8138    0.4054
   -0.1533    0.5023   -0.8510
...    61 T-A ...
  -92.6170  -50.0938  -46.8070
   -0.5242    0.6751    0.5191
    0.8374    0.5194    0.1701
   -0.1548    0.5239   -0.8376
...    62 A-T ...
  -93.5886  -48.3065  -49.4293
   -0.0050    0.7488    0.6628
    0.9829    0.1259   -0.1347
   -0.1843    0.6508   -0.7366
...    63 T-A ...
  -94.8160  -46.1377  -51.5367
    0.4723    0.6946    0.5426
    0.8643   -0.2441   -0.4398
   -0.1731    0.6767   -0.7156
...    64 A-T ...
  -95.5709  -43.4854  -53.4136
    0.8541    0.3552    0.3799
    0.5178   -0.5125   -0.6850
   -0.0486    0.7818   -0.6216
...    65 A-T ...
  -95.7235  -40.7569  -55.1369
    0.9996    0.0028   -0.0281
   -0.0207   -0.6052   -0.7958
   -0.0193    0.7961   -0.6049
...    66 C-G ...
  -95.5145  -37.8065  -56.5765
    0.8573   -0.3251   -0.3993
   -0.5143   -0.5034   -0.6943
    0.0247    0.8006   -0.5987
...    67 G-C ...
  -95.4182  -35.4206  -58.8568
    0.4452   -0.6179   -0.6481
   -0.8867   -0.2034   -0.4153
    0.1248    0.7595   -0.6384
...    68 G-C ...
  -94.5787  -32.9767  -61.0132
   -0.0936   -0.6784   -0.7287
   -0.9836    0.1765   -0.0380
    0.1544    0.7132   -0.6838
...    69 A-T ...
  -93.9356  -30.6901  -63.2575
   -0.6427   -0.4617   -0.6114
   -0.7513    0.5363    0.3847
    0.1502    0.7066   -0.6915
...    70 T-A ...
  -93.0394  -28.8422  -65.8420
   -0.9286   -0.1246   -0.3496
   -0.3347    0.6883    0.6436
    0.1604    0.7147   -0.6808
...    71 A-T ...
  -92.5441  -26.3981  -68.0165
   -0.9598    0.2596    0.1068
    0.2524    0.6316    0.7331
    0.1228    0.7306   -0.6717
...    72 T-A ...
  -92.4956  -24.4111  -70.6305
   -0.7148    0.5277    0.4589
    0.6886    0.4168    0.5934
    0.1218    0.7402   -0.6613
...    73 C-G ...
  -92.2404  -22.0030  -72.7966
   -0.2139    0.6244    0.7513
    0.9708    0.0502    0.2347
    0.1088    0.7795   -0.6169
...    74 T-A ...
  -92.2613  -19.3064  -74.6673
    0.2798    0.4916    0.8247
    0.9528   -0.2476   -0.1757
    0.1178    0.8349   -0.5377
...    75 C-G ...
  -91.9354  -16.4837  -76.2189
    0.7504    0.2132    0.6257
    0.6426   -0.4573   -0.6148
    0.1550    0.8634   -0.4802
...    76 G-C ...
  -91.0475  -13.6990  -77.7590
    0.9419   -0.1837    0.2812
    0.1757   -0.4441   -0.8786
    0.2863    0.8769   -0.3860
...    77 A-T ...
  -89.9746  -10.8220  -78.8329
    0.8638   -0.4408   -0.2439
   -0.3732   -0.2346   -0.8976
    0.3385    0.8664   -0.3671
...    78 G-C ...
  -88.5895   -7.9728  -79.7416
    0.5393   -0.5452   -0.6418
   -0.7443    0.0480   -0.6661
    0.3940    0.8369   -0.3799
...    79 C-G ...
  -86.8731   -5.3913  -80.8673
    0.0491   -0.4605   -0.8863
   -0.9061    0.3527   -0.2335
    0.4201    0.8146   -0.3999
...    80 T-A ...
  -85.1850   -2.9323  -82.2801
   -0.4346   -0.2409   -0.8678
   -0.7940    0.5573    0.2429
    0.4251    0.7946   -0.4335
...    81 C-G ...
  -83.7355   -0.4188  -83.7911
   -0.8171    0.1169   -0.5645
   -0.3979    0.5942    0.6990
    0.4172    0.7958   -0.4390
...    82 G-C ...
  -82.4744    2.4374  -84.8905
   -0.9379    0.3428   -0.0536
    0.1076    0.4344    0.8943
    0.3298    0.8330   -0.4443
...    83 G-C ...
  -81.5113    5.1263  -86.6680
   -0.7704    0.4435    0.4580
    0.5802    0.1900    0.7920
    0.2642    0.8759   -0.4037
...    84 G-C ...
  -80.9590    8.0608  -88.2190
   -0.3871    0.3850    0.8378
    0.8949   -0.0617    0.4419
    0.2218    0.9208   -0.3207
...    85 A-T ...
  -80.3743   11.0724  -89.2612
    0.1595    0.2245    0.9613
    0.9602   -0.2617   -0.0982
    0.2295    0.9387   -0.2573
...    86 T-A ...
  -80.2348   14.2898  -89.8061
    0.5935    0.0402    0.8038
    0.7668   -0.3318   -0.5495
    0.2446    0.9425   -0.2278
...    87 C-G ...
  -79.4149   17.3806  -90.3113
    0.9006   -0.2122    0.3794
    0.3183   -0.2724   -0.9080
    0.2960    0.9385   -0.1778
...    88 C-G ...
  -78.2187   20.5215  -90.4108
    0.9006   -0.4175   -0.1207
   -0.1697   -0.0820   -0.9821
    0.4002    0.9049   -0.1447
...    89 G-C ...
  -76.7046   23.3463  -91.2257
    0.6225   -0.4973   -0.6043
   -0.5855    0.2163   -0.7813
    0.5193    0.8402   -0.1565
...    90 C-G ...
  -74.5990   25.8541  -91.5832
    0.1998   -0.3349   -0.9208
   -0.8082    0.4749   -0.3481
    0.5539    0.8138   -0.1758
...    91 T-A ...
  -72.4656   28.2819  -92.2430
   -0.2593   -0.0710   -0.9632
   -0.7790    0.6049    0.1651
    0.5710    0.7931   -0.2121
...    92 T-A ...
  -70.3430   30.6294  -93.0062
   -0.6289    0.3127   -0.7119
   -0.5046    0.5324    0.6796
    0.5915    0.7866   -0.1770
...    93 T-A ...
  -68.2664   32.9991  -93.8183
   -0.7857    0.5804   -0.2138
   -0.0773    0.2508    0.9649
    0.6137    0.7747   -0.1522
...    94 A-T ...
  -66.2473   35.5918  -94.2357
   -0.7180    0.5822    0.3815
    0.3778   -0.1344    0.9161
    0.5846    0.8019   -0.1235
...    95 A-T ...
  -64.5385   38.2758  -94.8324
   -0.4064    0.3988    0.8221
    0.6997   -0.4427    0.5607
    0.5876    0.8031   -0.0992
...    96 C-G ...
  -63.1602   41.2052  -95.2898
   -0.0386    0.0788    0.9961
    0.8102   -0.5810    0.0773
    0.5849    0.8101   -0.0414
...    97 A-T ...
  -61.2872   43.9654  -95.2477
    0.2918   -0.3641    0.8844
    0.7362   -0.5048   -0.4507
    0.6106    0.7827    0.1208
...    98 C-G ...
  -59.7238   46.6798  -94.3453
    0.5774   -0.6146    0.5375
    0.5130   -0.2391   -0.8245
    0.6352    0.7518    0.1772
...    99 T-A ...
  -57.6872   49.0280  -93.3029
    0.6969   -0.7160    0.0409
    0.1960    0.1354   -0.9712
    0.6899    0.6848    0.2347
...   100 T-A ...
  -55.4485   51.1046  -92.2365
    0.6828   -0.5346   -0.4980
   -0.1981    0.5207   -0.8305
    0.7033    0.6657    0.2496
...   101 T-A ...
  -53.0575   53.0270  -91.1818
    0.4712   -0.1467   -0.8697
   -0.5309    0.7403   -0.4125
    0.7044    0.6561    0.2710
...   102 A-T ...
  -50.8746   55.3878  -90.3328
    0.0752    0.3320   -0.9403
   -0.6977    0.6912    0.1883
    0.7124    0.6419    0.2836
...   103 T-A ...
  -48.0786   57.0352  -89.6867
   -0.2655    0.6492   -0.7128
   -0.6463    0.4288    0.6312
    0.7154    0.6283    0.3057
...   104 G-C ...
  -45.9053   59.2501  -88.5845
   -0.6276    0.7328   -0.2631
   -0.3886   -0.0020    0.9214
    0.6746    0.6805    0.2860
...   105 C-G ...
  -43.5983   61.5374  -88.0262
   -0.7668    0.5906    0.2514
   -0.0068   -0.3991    0.9169
    0.6419    0.7014    0.3100
...   106 T-A ...
  -41.6671   64.0810  -87.2254
   -0.7139    0.2616    0.6496
    0.3713   -0.6451    0.6678
    0.5937    0.7179    0.3634
...   107 T-A ...
  -39.9192   66.5847  -86.1735
   -0.4278   -0.1541    0.8906
    0.6911   -0.6908    0.2125
    0.5826    0.7064    0.4020
...   108 C-G ...
  -38.1739   68.9231  -84.7764
   -0.0238   -0.5648    0.8249
    0.8194   -0.4837   -0.3075
    0.5727    0.6687    0.4743
...   109 C-G ...
  -36.6249   71.1611  -82.8033
    0.3139   -0.8131    0.4902
    0.7417   -0.1123   -0.6612
    0.5927    0.5712    0.5678
...   110 G-C ...
  -34.3966   72.7118  -80.9222
    0.5543   -0.8322   -0.0136
    0.5252    0.3624   -0.7700
    0.6457    0.4197    0.6379
...   111 G-C ...
  -32.1981   73.5595  -78.5166
    0.6844   -0.5612   -0.4656
    0.2128    0.7644   -0.6086
    0.6974    0.3175    0.6425
...   112 C-G ...
  -29.7878   74.0888  -76.3312
    0.6716   -0.0786   -0.7367
   -0.1511    0.9589   -0.2400
    0.7254    0.2725    0.6321
...   113 T-A ...
  -27.2079   74.6250  -74.3422
    0.4823    0.4210   -0.7682
   -0.4465    0.8726    0.1979
    0.7537    0.2475    0.6088
...   114 C-G ...
  -24.6326   75.3686  -72.4526
    0.1396    0.8539   -0.5014
   -0.6402    0.4641    0.6122
    0.7554    0.2355    0.6114
...   115 G-C ...
  -22.4784   76.2394  -70.0904
   -0.2852    0.9513   -0.1173
   -0.6174   -0.0887    0.7816
    0.7332    0.2953    0.6126
...   116 T-A ...
  -19.7623   77.3959  -68.5656
   -0.5738    0.7675    0.2858
   -0.4020   -0.5680    0.7181
    0.7135    0.2972    0.6345
...   117 A-T ...
  -17.4318   78.4874  -66.4858
   -0.7639    0.3031    0.5698
   -0.0302   -0.8987    0.4376
    0.6447    0.3170    0.6956
...   118 T-A ...
  -15.5094   80.1332  -64.4185
   -0.7048   -0.1795    0.6864
    0.3372   -0.9359    0.1015
    0.6242    0.3029    0.7201
...   119 A-T ...
  -13.9941   81.5663  -61.7883
   -0.5878   -0.6562    0.4732
    0.6510   -0.7309   -0.2049
    0.4804    0.1876    0.8568
...   120 A-T ...
  -12.7335   82.2011  -58.8997
   -0.1913   -0.9534    0.2333
    0.8737   -0.2737   -0.4022
    0.4473    0.1269    0.8854
...   121 T-A ...
  -11.9370   82.5583  -55.7652
    0.2296   -0.9730   -0.0246
    0.8686    0.2163   -0.4458
    0.4390    0.0810    0.8948
...   122 G-C ...
  -10.3638   82.4246  -52.8472
    0.5947   -0.7127   -0.3720
    0.6486    0.6987   -0.3018
    0.4750   -0.0618    0.8778
...   123 T-A ...
   -9.0992   81.6156  -49.9228
    0.8292   -0.2625   -0.4934
    0.2774    0.9597   -0.0444
    0.4852   -0.1001    0.8687
...   124 G-C ...
   -7.2665   81.4724  -47.1869
    0.8147    0.3281   -0.4781
   -0.2095    0.9354    0.2848
    0.5406   -0.1319    0.8308
...   125 T-A ...
   -5.2426   80.5116  -44.7171
    0.5957    0.7620   -0.2539
   -0.5966    0.6314    0.4953
    0.5378   -0.1435    0.8308
...   126 C-G ...
   -3.3779   79.9863  -42.0669
    0.1406    0.9857    0.0927
   -0.8376    0.0685    0.5420
    0.5279   -0.1538    0.8353
...   127 G-C ...
   -2.0620   79.2975  -39.1068
   -0.3826    0.8722    0.3048
   -0.7928   -0.4793    0.3766
    0.4745   -0.0975    0.8748
...   128 A-T ...
   -0.3852   78.9422  -36.3403
   -0.7841    0.4525    0.4247
   -0.4509   -0.8856    0.1112
    0.4265   -0.1044    0.8985
...   129 C-G ...
    1.0768   79.2035  -33.4319
   -0.9278   -0.0396    0.3710
   -0.0071   -0.9923   -0.1236
    0.3730   -0.1173    0.9204
...   130 C-G ...
    2.1607   79.2230  -30.2426
   -0.8520   -0.5088    0.1235
    0.4594   -0.8397   -0.2897
    0.2511   -0.1901    0.9491
...   131 A-T ...
    2.6878   78.5902  -27.0027
   -0.5366   -0.8161   -0.2147
    0.8368   -0.4818   -0.2601
    0.1088   -0.3192    0.9414
...   132 A-T ...
    2.7008   77.5021  -23.9770
   -0.0218   -0.9247   -0.3800
    0.9972    0.0070   -0.0740
    0.0711   -0.3806    0.9220
...   133 A-T ...
    2.6307   76.0843  -21.0806
    0.5128   -0.7639   -0.3918
    0.8567    0.4849    0.1758
    0.0557   -0.4258    0.9031
...   134 T-A ...
    2.3074   74.2308  -18.3902
    0.8657   -0.4293   -0.2574
    0.4984    0.7868    0.3641
    0.0462   -0.4435    0.8951
...   135 G-C ...
    1.4353   72.0970  -15.6049
    0.9809    0.0621    0.1843
   -0.1263    0.9241    0.3607
   -0.1479   -0.3771    0.9143
...   136 T-A ...
    0.5278   69.2393  -13.4688
    0.7351    0.4963    0.4618
   -0.6117    0.7792    0.1365
   -0.2921   -0.3828    0.8764
...   137 G-C ...
   -0.1660   67.4106  -10.8094
    0.1800    0.8794    0.4408
   -0.9276    0.3008   -0.2214
   -0.3274   -0.3691    0.8698
...   138 A-T ...
   -0.1323   66.2180   -7.8216
   -0.3749    0.8570    0.3536
   -0.8857   -0.2184   -0.4098
   -0.2739   -0.4668    0.8409
...   139 G-C ...
   -1.0070   65.6075   -4.9424
   -0.8336    0.5218    0.1811
   -0.5170   -0.6220   -0.5881
   -0.1942   -0.5839    0.7883
...   140 C-G ...
   -0.6976   63.9004   -2.2527
   -0.9992    0.0157   -0.0376
    0.0023   -0.8993   -0.4374
   -0.0406   -0.4371    0.8985
...   141 G-C ...
   -3.4384   60.2385    1.0284
   -0.4425    0.2285   -0.8672
    0.1683   -0.9287   -0.3306
   -0.8808   -0.2922    0.3725
...   142 C-G ...
   -6.3290   59.0834    1.6294
   -0.2970   -0.3280   -0.8968
    0.5656   -0.8171    0.1115
   -0.7693   -0.4741    0.4282
...   143 T-A ...
   -8.6770   58.7243    3.6025
   -0.0347   -0.7817   -0.6227
    0.6533   -0.4893    0.5778
   -0.7563   -0.3868    0.5276
...   144 C-G ...
  -11.6546   58.0114    4.7194
    0.2451   -0.9542   -0.1716
    0.6322    0.0231    0.7745
   -0.7350   -0.2983    0.6089
...   145 A-T ...
  -14.1761   56.5669    6.1807
    0.5795   -0.7268    0.3687
    0.3139    0.6165    0.7220
   -0.7521   -0.3027    0.5855
...   146 C-G ...
  -16.4652   53.8949    7.5154
    0.5336   -0.3331    0.7774
   -0.0346    0.9098    0.4136
   -0.8450   -0.2476    0.4739
...   147 A-T ...
  -19.0174   52.0374    8.9261
    0.2452    0.2907    0.9249
   -0.3073    0.9281   -0.2103
   -0.9195   -0.2327    0.3169
