  147 base-pairs
...     1 A-T ...
    0.0000    0.0000    0.0000
    1.0000    0.0000    0.0000
    0.0000    1.0000    0.0000
    0.0000    0.0000    1.0000
...     2 G-C ...
   -0.1404   -1.2353    3.2259
    0.7530    0.6366    0.1668
   -0.6385    0.7681   -0.0490
   -0.1593   -0.0696    0.9848
...     3 T-A ...
   -0.0377   -3.2918    6.3749
    0.2722    0.9302    0.2464
   -0.9238    0.3243   -0.2034
   -0.2691   -0.1722    0.9476
...     4 G-C ...
   -0.3520   -4.1638    9.4928
   -0.3756    0.9250    0.0576
   -0.8780   -0.3352   -0.3416
   -0.2967   -0.1788    0.9381
...     5 A-T ...
   -0.4480   -4.1448   12.7498
   -0.8116    0.5839   -0.0166
   -0.5522   -0.7762   -0.3042
   -0.1905   -0.2377    0.9525
...     6 G-C ...
   -1.5926   -4.1701   15.6201
   -0.9976    0.0246   -0.0651
   -0.0043   -0.9555   -0.2950
   -0.0694   -0.2940    0.9533
...     7 C-G ...
   -1.1050   -4.4793   18.7363
   -0.8442   -0.5302   -0.0787
    0.5343   -0.8442   -0.0430
   -0.0437   -0.0784    0.9960
...     8 G-C ...
   -2.4044   -7.7255   23.1483
   -0.2753   -0.3294   -0.9032
    0.6650   -0.7437    0.0686
   -0.6943   -0.5817    0.4238
...     9 C-G ...
   -4.4706   -9.9691   24.1142
    0.1145   -0.7026   -0.7023
    0.8512   -0.2951    0.4341
   -0.5123   -0.6475    0.5642
...    10 T-A ...
   -6.7420  -10.8705   25.9717
    0.4841   -0.8363   -0.2573
    0.6594    0.1554    0.7356
   -0.5752   -0.5257    0.6267
...    11 C-G ...
   -9.1682  -12.6167   27.1662
    0.7073   -0.6683    0.2306
    0.3450    0.6110    0.7125
   -0.6170   -0.4243    0.6627
...    12 A-T ...
  -10.9253  -14.6583   29.0713
    0.7515   -0.1377    0.6452
   -0.2027    0.8824    0.4245
   -0.6278   -0.4498    0.6352
...    13 C-G ...
  -11.8495  -17.4796   31.2472
    0.4294    0.2824    0.8578
   -0.5708    0.8209    0.0155
   -0.6998   -0.4963    0.5137
...    14 A-T ...
  -13.5915  -19.7756   33.4284
   -0.1503    0.6106    0.7775
   -0.6874    0.5007   -0.5261
   -0.7106   -0.6135    0.3445
...    15 A-T ...
  -15.7707  -21.8961   34.5175
   -0.4896    0.7997    0.3476
   -0.4614    0.1006   -0.8815
   -0.7398   -0.5920    0.3198
...    16 T-A ...
  -17.9343  -23.8138   36.2730
   -0.6806    0.7156   -0.1573
   -0.1184   -0.3193   -0.9402
   -0.7231   -0.6213    0.3020
...    17 T-A ...
  -20.3140  -25.6659   37.6108
   -0.6345    0.3907   -0.6669
    0.3076   -0.6639   -0.6816
   -0.7091   -0.6377    0.3010
...    18 T-A ...
  -22.7097  -27.5523   38.5549
   -0.3094    0.0415   -0.9500
    0.5822   -0.7816   -0.2238
   -0.7519   -0.6224    0.2176
...    19 A-T ...
  -25.2658  -29.4616   38.8759
    0.1402   -0.1741   -0.9747
    0.6216   -0.7508    0.2235
   -0.7707   -0.6372    0.0030
...    20 T-A ...
  -28.1691  -30.9827   38.5325
    0.4421   -0.5045   -0.7416
    0.4605   -0.5819    0.6704
   -0.7697   -0.6379   -0.0249
...    21 T-A ...
  -30.7839  -32.9207   38.1247
    0.6294   -0.7339   -0.2555
    0.1206   -0.2326    0.9651
   -0.7677   -0.6382   -0.0579
...    22 C-G ...
  -33.2106  -35.0856   37.8041
    0.6045   -0.7215    0.3378
   -0.2788    0.2056    0.9381
   -0.7463   -0.6612   -0.0769
...    23 G-C ...
  -35.6298  -37.3407   38.2707
    0.4250   -0.4201    0.8018
   -0.6146    0.5164    0.5963
   -0.6645   -0.7462   -0.0388
...    24 C-G ...
  -37.5149  -39.9930   38.0117
    0.0767   -0.0536    0.9956
   -0.7457    0.6598    0.0929
   -0.6619   -0.7495    0.0107
...    25 A-T ...
  -40.0256  -42.1052   37.8082
   -0.3385    0.3518    0.8727
   -0.6453    0.5882   -0.4874
   -0.6848   -0.7282    0.0279
...    26 A-T ...
  -42.1474  -44.5978   38.0734
   -0.6502    0.6077    0.4560
   -0.3366    0.3077   -0.8900
   -0.6812   -0.7321    0.0045
...    27 A-T ...
  -44.2451  -47.0615   38.4309
   -0.7346    0.6662   -0.1289
    0.1131   -0.0671   -0.9913
   -0.6691   -0.7428   -0.0260
...    28 G-C ...
  -46.7267  -49.3013   38.7734
   -0.5150    0.5965   -0.6156
    0.4612   -0.4125   -0.7856
   -0.7225   -0.6885   -0.0626
...    29 G-C ...
  -49.5837  -51.2508   38.6576
   -0.0951    0.3781   -0.9209
    0.6537   -0.6739   -0.3442
   -0.7507   -0.6348   -0.1830
...    30 C-G ...
  -52.3687  -52.7926   37.9157
    0.3265    0.0325   -0.9446
    0.5832   -0.7934    0.1743
   -0.7438   -0.6078   -0.2780
...    31 C-G ...
  -54.9877  -54.4794   36.7739
    0.6630   -0.3273   -0.6733
    0.2851   -0.7212    0.6313
   -0.6922   -0.6105   -0.3849
...    32 G-C ...
  -56.7306  -56.5897   35.4641
    0.7924   -0.5622   -0.2368
   -0.1253   -0.5298    0.8388
   -0.5970   -0.6350   -0.4903
...    33 G-C ...
  -58.0668  -58.9757   33.4589
    0.6264   -0.7326    0.2665
   -0.5752   -0.2036    0.7923
   -0.5262   -0.6496   -0.5488
...    34 C-G ...
  -59.3568  -61.2700   31.5237
    0.2203   -0.7164    0.6620
   -0.8437    0.2007    0.4980
   -0.4896   -0.6682   -0.5602
...    35 C-G ...
  -60.7348  -63.8200   29.7568
   -0.2972   -0.4884    0.8205
   -0.8357    0.5487    0.0239
   -0.4618   -0.6786   -0.5712
...    36 C-G ...
  -62.1038  -66.2934   27.9412
   -0.6914   -0.0987    0.7157
   -0.5461    0.7201   -0.4282
   -0.4731   -0.6869   -0.5517
...    37 G-C ...
  -63.8061  -67.8040   25.3194
   -0.8457    0.3615    0.3927
   -0.0476    0.6817   -0.7301
   -0.5316   -0.6361   -0.5593
...    38 A-T ...
  -65.2414  -69.9111   23.5106
   -0.7120    0.6976   -0.0798
    0.4684    0.3873   -0.7941
   -0.5231   -0.6028   -0.6025
...    39 C-G ...
  -67.3271  -71.6869   21.8831
   -0.3429    0.8409   -0.4187
    0.7638   -0.0099   -0.6454
   -0.5469   -0.5411   -0.6388
...    40 A-T ...
  -69.3222  -73.2884   19.7859
    0.1886    0.7840   -0.5914
    0.8167   -0.4597   -0.3489
   -0.5454   -0.4172   -0.7270
...    41 C-G ...
  -71.3027  -74.0344   17.3398
    0.6122    0.4991   -0.6132
    0.6106   -0.7912   -0.0344
   -0.5024   -0.3534   -0.7892
...    42 G-C ...
  -72.5763  -75.4430   14.6060
    0.8985    0.0177   -0.4386
    0.1351   -0.9618    0.2379
   -0.4177   -0.2730   -0.8666
...    43 A-T ...
  -73.8457  -76.2270   11.8103
    0.8149   -0.5378   -0.2164
   -0.4131   -0.8006    0.4341
   -0.4067   -0.2644   -0.8745
...    44 C-G ...
  -74.7284  -76.5874    8.6373
    0.5006   -0.8626    0.0737
   -0.7882   -0.4189    0.4509
   -0.3580   -0.2838   -0.8895
...    45 T-A ...
  -75.1978  -77.5758    5.1511
   -0.0141   -0.9568    0.2906
   -0.9399    0.1118    0.3227
   -0.3412   -0.2686   -0.9008
...    46 T-A ...
  -75.7337  -78.3907    2.0038
   -0.4934   -0.7916    0.3605
   -0.8067    0.5714    0.1509
   -0.3254   -0.2163   -0.9205
...    47 A-T ...
  -76.9575  -78.8056   -1.0886
   -0.8890   -0.2769    0.3648
   -0.3289    0.9403   -0.0878
   -0.3187   -0.1980   -0.9269
...    48 C-G ...
  -77.9099  -80.0907   -4.0091
   -0.9261    0.2559    0.2774
    0.1866    0.9494   -0.2528
   -0.3281   -0.1823   -0.9269
...    49 T-A ...
  -79.3012  -81.0013   -6.9270
   -0.6640    0.7252    0.1821
    0.6393    0.6769   -0.3648
   -0.3878   -0.1258   -0.9131
...    50 G-C ...
  -80.8108  -81.1110   -9.9502
   -0.1548    0.9825    0.1040
    0.8948    0.1840   -0.4069
   -0.4189    0.0301   -0.9076
...    51 T-A ...
  -82.6476  -80.9142  -12.5559
    0.3061    0.9520   -0.0072
    0.8656   -0.2815   -0.4142
   -0.3964    0.1205   -0.9101
...    52 A-T ...
  -84.4820  -79.3880  -15.0596
    0.7487    0.6594    0.0677
    0.6189   -0.6589   -0.4276
   -0.2373    0.3620   -0.9014
...    53 G-C ...
  -85.5040  -77.8597  -17.7021
    0.9713    0.2356   -0.0316
    0.1966   -0.8709   -0.4505
   -0.1336    0.4314   -0.8922
...    54 G-C ...
  -85.7647  -75.4030  -20.4432
    0.9433   -0.2774   -0.1821
   -0.3294   -0.8486   -0.4139
   -0.0397    0.4504   -0.8919
...    55 T-A ...
  -85.4078  -73.6149  -23.1641
    0.6523   -0.6688   -0.3567
   -0.7579   -0.5811   -0.2965
   -0.0090    0.4638   -0.8859
...    56 A-T ...
  -84.8180  -71.9254  -26.0577
    0.1179   -0.8942   -0.4318
   -0.9923   -0.0895   -0.0856
    0.0379    0.4386   -0.8979
...    57 T-A ...
  -83.9097  -70.4933  -28.9088
   -0.3868   -0.8064   -0.4473
   -0.9210    0.3620    0.1440
    0.0458    0.4676   -0.8827
...    58 C-G ...
  -83.5426  -69.1584  -31.9730
   -0.8620   -0.4207   -0.2826
   -0.5048    0.7630    0.4037
    0.0458    0.4907   -0.8701
...    59 T-A ...
  -83.4395  -67.8312  -35.0284
   -1.0000    0.0010    0.0086
    0.0051    0.8699    0.4933
   -0.0070    0.4933   -0.8698
...    60 C-G ...
  -83.5143  -66.1873  -37.9204
   -0.8242    0.4669    0.3205
    0.5651    0.7160    0.4099
   -0.0381    0.5189   -0.8540
...    61 G-C ...
  -83.4715  -64.0830  -40.4052
   -0.4483    0.6295    0.6346
    0.8835    0.4198    0.2077
   -0.1356    0.6538   -0.7444
...    62 A-T ...
  -83.7609  -61.9923  -42.8728
    0.1100    0.6921    0.7134
    0.9887   -0.0023   -0.1502
   -0.1023    0.7218   -0.6845
...    63 G-C ...
  -84.3985  -59.3517  -44.7682
    0.5893    0.5376    0.6031
    0.8048   -0.3256   -0.4962
   -0.0704    0.7778   -0.6246
...    64 C-G ...
  -84.8683  -56.4294  -46.4036
    0.9397    0.2172    0.2640
    0.3412   -0.5476   -0.7640
   -0.0214    0.8081   -0.5887
...    65 T-A ...
  -84.9839  -53.5404  -47.9902
    0.9840   -0.1333   -0.1180
   -0.1726   -0.5534   -0.8148
    0.0433    0.8222   -0.5676
...    66 C-G ...
  -84.5441  -51.0180  -49.9782
    0.7216   -0.4507   -0.5255
   -0.6815   -0.3284   -0.6540
    0.1222    0.8300   -0.5441
...    67 G-C ...
  -84.6111  -48.6230  -52.3491
    0.2331   -0.6035   -0.7626
   -0.9549    0.0065   -0.2969
    0.1841    0.7974   -0.5747
...    68 G-C ...
  -83.7580  -46.0213  -54.2524
   -0.3167   -0.5464   -0.7753
   -0.9337    0.3235    0.1535
    0.1669    0.7725   -0.6127
...    69 G-C ...
  -83.0211  -43.6157  -56.4515
   -0.7747   -0.3609   -0.5192
   -0.6218    0.5841    0.5217
    0.1150    0.7270   -0.6769
...    70 A-T ...
  -82.4807  -41.3789  -58.8449
   -0.9926    0.0441   -0.1134
   -0.0528    0.6837    0.7279
    0.1096    0.7285   -0.6762
...    71 T-A ...
  -82.2853  -39.4137  -61.4946
   -0.8841    0.3711    0.2840
    0.4577    0.5653    0.6862
    0.0941    0.7367   -0.6696
...    72 C-G ...
  -82.2037  -37.0452  -63.7846
   -0.4622    0.6074    0.6461
    0.8825    0.2434    0.4024
    0.0871    0.7562   -0.6485
...    73 C-G ...
  -82.0565  -34.6661  -66.0437
    0.0257    0.5375    0.8428
    0.9949   -0.0957    0.0307
    0.0972    0.8378   -0.5373
...    74 G-C ...
  -81.2835  -31.8948  -67.6225
    0.5063    0.2678    0.8197
    0.8489   -0.3219   -0.4191
    0.1516    0.9081   -0.3904
...    75 C-G ...
  -81.0876  -28.5714  -68.5386
    0.8897    0.0130    0.4563
    0.4219   -0.4051   -0.8111
    0.1743    0.9142   -0.3659
...    76 T-A ...
  -80.2777  -25.2895  -69.2092
    0.9698   -0.2387   -0.0510
   -0.1227   -0.2961   -0.9472
    0.2110    0.9249   -0.3164
...    77 T-A ...
  -79.4061  -22.2212  -69.8422
    0.7361   -0.3499   -0.5795
   -0.6457   -0.1058   -0.7563
    0.2033    0.9308   -0.3038
...    78 T-A ...
  -78.5165  -19.2064  -70.6139
    0.2591   -0.3475   -0.9012
   -0.9438    0.1072   -0.3127
    0.2053    0.9315   -0.3002
...    79 A-T ...
  -78.2684  -16.0822  -71.5947
   -0.3159   -0.2103   -0.9252
   -0.9250    0.2854    0.2510
    0.2112    0.9351   -0.2847
...    80 A-T ...
  -77.4350  -13.1809  -72.5868
   -0.7617   -0.0345   -0.6470
   -0.6163    0.3466    0.7071
    0.1999    0.9374   -0.2853
...    81 C-G ...
  -76.5639  -10.3412  -74.1151
   -0.9714    0.1399   -0.1920
   -0.1398    0.3170    0.9381
    0.1921    0.9381   -0.2884
...    82 A-T ...
  -76.0674   -7.2588  -75.1828
   -0.9037    0.2100    0.3733
    0.4130    0.1964    0.8893
    0.1134    0.9578   -0.2642
...    83 C-G ...
  -76.2493   -4.1696  -76.5018
   -0.5803    0.2510    0.7748
    0.8087    0.0649    0.5847
    0.0965    0.9658   -0.2406
...    84 T-A ...
  -76.6710   -0.6971  -77.3937
   -0.0649    0.1982    0.9780
    0.9930   -0.0845    0.0830
    0.0991    0.9765   -0.1914
...    85 T-A ...
  -76.7646    2.5084  -77.8750
    0.4950    0.1121    0.8616
    0.8622   -0.1863   -0.4711
    0.1077    0.9761   -0.1888
...    86 T-A ...
  -76.5791    5.6962  -78.2965
    0.8783   -0.0436    0.4760
    0.4577   -0.2103   -0.8639
    0.1378    0.9767   -0.1648
...    87 A-T ...
  -75.9152    8.8595  -78.7930
    0.9643   -0.2647   -0.0062
   -0.0429   -0.1331   -0.9902
    0.2612    0.9551   -0.1397
...    88 T-A ...
  -74.8963   11.9259  -78.4829
    0.8264   -0.3433   -0.4464
   -0.4670    0.0250   -0.8839
    0.3146    0.9389   -0.1397
...    89 G-C ...
  -73.5168   14.9328  -78.8838
    0.3477   -0.3510   -0.8694
   -0.8531    0.2664   -0.4487
    0.3891    0.8977   -0.2068
...    90 C-G ...
  -71.8405   17.6264  -79.7487
   -0.1810   -0.1883   -0.9653
   -0.9026    0.4216    0.0870
    0.3906    0.8870   -0.2462
...    91 T-A ...
  -70.2189   20.3677  -81.0902
   -0.6511    0.0750   -0.7553
   -0.6290    0.5035    0.5923
    0.4247    0.8607   -0.2806
...    92 T-A ...
  -68.7561   23.0029  -82.1920
   -0.8971    0.3252   -0.2989
   -0.1647    0.3816    0.9095
    0.4099    0.8652   -0.2888
...    93 C-G ...
  -67.5272   25.8401  -83.4108
   -0.8416    0.4661    0.2729
    0.3714    0.1325    0.9190
    0.3922    0.8747   -0.2846
...    94 C-G ...
  -66.4948   28.9154  -84.8041
   -0.5322    0.4069    0.7425
    0.7637   -0.1480    0.6284
    0.3656    0.9014   -0.2320
...    95 T-A ...
  -65.7855   32.0060  -85.5021
   -0.1262    0.2146    0.9685
    0.9252   -0.3267    0.1929
    0.3578    0.9205   -0.1573
...    96 C-G ...
  -64.8060   35.0887  -85.8310
    0.3562   -0.0478    0.9332
    0.8538   -0.3891   -0.3458
    0.3796    0.9200   -0.0978
...    97 A-T ...
  -64.0404   38.4417  -85.8631
    0.6747   -0.3599    0.6444
    0.5996   -0.2419   -0.7629
    0.4305    0.9011    0.0526
...    98 T-A ...
  -62.8086   41.3413  -85.2048
    0.8457   -0.4924    0.2060
    0.2213   -0.0277   -0.9748
    0.4857    0.8699    0.0856
...    99 G-C ...
  -60.9169   44.1496  -84.5549
    0.7634   -0.5315   -0.3670
   -0.2498    0.2810   -0.9266
    0.5956    0.7991    0.0818
...   100 T-A ...
  -58.6413   46.4374  -83.7401
    0.5196   -0.3375   -0.7849
   -0.5845    0.5297   -0.6147
    0.6232    0.7781    0.0780
...   101 T-A ...
  -56.4792   48.7427  -83.4364
    0.1323   -0.0067   -0.9912
   -0.7505    0.6526   -0.1046
    0.6475    0.7577    0.0813
...   102 A-T ...
  -54.5151   51.4514  -83.1832
   -0.3343    0.3651   -0.8689
   -0.6837    0.5407    0.4902
    0.6488    0.7579    0.0689
...   103 T-A ...
  -52.0332   53.5141  -83.4308
   -0.5982    0.6080   -0.5220
   -0.4433    0.2916    0.8476
    0.6676    0.7385    0.0951
...   104 A-T ...
  -49.8381   56.0038  -82.9044
   -0.7467    0.6613    0.0711
   -0.0104   -0.1185    0.9929
    0.6650    0.7407    0.0954
...   105 A-T ...
  -47.7530   58.4029  -82.7553
   -0.6445    0.4905    0.5865
    0.3665   -0.4750    0.8000
    0.6711    0.7306    0.1264
...   106 C-G ...
  -45.9050   61.2688  -82.7961
   -0.3770    0.1518    0.9137
    0.6350   -0.6758    0.3743
    0.6742    0.7213    0.1584
...   107 G-C ...
  -43.5998   63.3094  -81.8252
   -0.1686   -0.3475    0.9224
    0.7448   -0.6579   -0.1117
    0.6457    0.6682    0.3697
...   108 G-C ...
  -41.7539   65.3924  -80.1014
    0.1318   -0.7098    0.6920
    0.7687   -0.3676   -0.5235
    0.6259    0.6009    0.4971
...   109 A-T ...
  -39.8838   67.2324  -78.2459
    0.4870   -0.8307    0.2697
    0.5984    0.0924   -0.7959
    0.6362    0.5490    0.5421
...   110 G-C ...
  -38.1073   68.8516  -76.0800
    0.6543   -0.7332   -0.1851
    0.3273    0.4952   -0.8047
    0.6817    0.4660    0.5640
...   111 G-C ...
  -35.6665   69.9121  -73.9121
    0.6760   -0.3824   -0.6300
   -0.0407    0.8342   -0.5500
    0.7358    0.3974    0.5483
...   112 C-G ...
  -32.9062   70.5816  -72.1184
    0.5322    0.1091   -0.8396
   -0.3671    0.9233   -0.1127
    0.7629    0.3682    0.5314
...   113 T-A ...
  -30.2896   71.5562  -70.4125
    0.2729    0.5687   -0.7759
   -0.5663    0.7470    0.3483
    0.7777    0.3444    0.5259
...   114 C-G ...
  -27.8230   72.8988  -68.7411
   -0.1036    0.8928   -0.4383
   -0.6026    0.2943    0.7418
    0.7913    0.3409    0.5075
...   115 G-C ...
  -25.5271   74.0204  -66.6903
   -0.4556    0.8894    0.0367
   -0.4559   -0.2686    0.8486
    0.7646    0.3699    0.5278
...   116 T-A ...
  -23.0470   75.6907  -65.3452
   -0.6561    0.6091    0.4456
   -0.1653   -0.6921    0.7026
    0.7364    0.3873    0.5548
...   117 A-T ...
  -20.6639   77.6014  -63.7528
   -0.7155    0.0989    0.6916
    0.2178   -0.9090    0.3553
    0.6638    0.4048    0.6289
...   118 T-A ...
  -18.8743   79.5146  -61.8994
   -0.5391   -0.3484    0.7668
    0.5184   -0.8548   -0.0239
    0.6638    0.3846    0.6415
...   119 A-T ...
  -16.9470   80.7076  -59.6147
   -0.3697   -0.7607    0.5336
    0.7329   -0.5917   -0.3357
    0.5711    0.2670    0.7763
...   120 A-T ...
  -15.4110   81.5314  -56.9040
    0.0163   -0.9813    0.1918
    0.8358   -0.0919   -0.5413
    0.5488    0.1691    0.8186
...   121 T-A ...
  -14.1844   81.9342  -53.8641
    0.4072   -0.9050   -0.1232
    0.7350    0.4048   -0.5440
    0.5422    0.1309    0.8300
...   122 G-C ...
  -12.4226   81.8944  -50.9366
    0.6759   -0.5496   -0.4911
    0.4340    0.8353   -0.3375
    0.5957    0.0150    0.8031
...   123 T-A ...
  -10.5056   81.3088  -48.3975
    0.7997   -0.0937   -0.5931
    0.0940    0.9951   -0.0305
    0.5930   -0.0313    0.8046
...   124 G-C ...
   -8.4194   81.0693  -45.8853
    0.6979    0.4803   -0.5313
   -0.3371    0.8748    0.3480
    0.6319   -0.0638    0.7724
...   125 T-A ...
   -6.1518   80.3894  -43.6529
    0.4273    0.8577   -0.2858
   -0.6389    0.5102    0.5758
    0.6397   -0.0634    0.7660
...   126 C-G ...
   -4.0706   80.1923  -41.2907
   -0.0063    0.9933    0.1156
   -0.7672   -0.0790    0.6365
    0.6414   -0.0847    0.7625
...   127 G-C ...
   -2.4996   79.7655  -38.5197
   -0.4401    0.8317    0.3386
   -0.6903   -0.5545    0.4648
    0.5743   -0.0292    0.8182
...   128 A-T ...
   -0.5617   79.4855  -36.0927
   -0.7628    0.3769    0.5254
   -0.3532   -0.9235    0.1496
    0.5416   -0.0715    0.8376
...   129 C-G ...
    1.2212   79.9707  -33.3737
   -0.8676   -0.1408    0.4769
    0.0781   -0.9858   -0.1489
    0.4911   -0.0920    0.8662
...   130 C-G ...
    2.2114   80.1680  -30.1023
   -0.8011   -0.5647    0.1983
    0.4867   -0.8075   -0.3333
    0.3484   -0.1705    0.9217
...   131 A-T ...
    2.6256   79.0083  -26.9873
   -0.5938   -0.7678   -0.2406
    0.7930   -0.5078   -0.3367
    0.1364   -0.3908    0.9103
...   132 A-T ...
    2.7821   77.6518  -24.0329
   -0.0916   -0.8937   -0.4393
    0.9918   -0.0421   -0.1211
    0.0897   -0.4467    0.8902
...   133 A-T ...
    2.6437   76.1243  -21.1139
    0.5029   -0.7664   -0.3997
    0.8618    0.4802    0.1634
    0.0667   -0.4267    0.9019
...   134 T-A ...
    2.3076   74.2307  -18.3904
    0.8657   -0.4293   -0.2574
    0.4984    0.7868    0.3641
    0.0462   -0.4435    0.8951
...   135 G-C ...
    1.4355   72.0970  -15.6051
    0.9809    0.0621    0.1843
   -0.1263    0.9241    0.3607
   -0.1479   -0.3771    0.9143
...   136 T-A ...
    0.5280   69.2392  -13.4690
    0.7351    0.4963    0.4618
   -0.6117    0.7792    0.1365
   -0.2921   -0.3828    0.8764
...   137 G-C ...
   -0.1658   67.4105  -10.8096
    0.1800    0.8794    0.4408
   -0.9276    0.3008   -0.2214
   -0.3274   -0.3691    0.8698
...   138 A-T ...
   -0.1321   66.2179   -7.8217
   -0.3749    0.8570    0.3536
   -0.8857   -0.2184   -0.4098
   -0.2739   -0.4668    0.8409
...   139 G-C ...
   -1.0068   65.6074   -4.9425
   -0.8336    0.5218    0.1811
   -0.5170   -0.6220   -0.5881
   -0.1942   -0.5839    0.7883
...   140 C-G ...
   -0.6974   63.9003   -2.2529
   -0.9992    0.0157   -0.0376
    0.0023   -0.8993   -0.4374
   -0.0406   -0.4371    0.8985
...   141 G-C ...
   -3.4382   60.2385    1.0283
   -0.4425    0.2285   -0.8672
    0.1683   -0.9287   -0.3306
   -0.8808   -0.2922    0.3725
...   142 C-G ...
   -6.3288   59.0834    1.6293
   -0.2970   -0.3280   -0.8968
    0.5656   -0.8171    0.1115
   -0.7693   -0.4741    0.4282
...   143 T-A ...
   -8.6768   58.7242    3.6023
   -0.0347   -0.7817   -0.6227
    0.6533   -0.4893    0.5778
   -0.7563   -0.3868    0.5276
...   144 C-G ...
  -11.6544   58.0113    4.7192
    0.2451   -0.9542   -0.1716
    0.6322    0.0231    0.7745
   -0.7350   -0.2983    0.6089
...   145 A-T ...
  -14.1760   56.5668    6.1806
    0.5795   -0.7268    0.3687
    0.3139    0.6165    0.7220
   -0.7521   -0.3027    0.5855
...   146 C-G ...
  -16.4650   53.8949    7.5152
    0.5336   -0.3331    0.7774
   -0.0346    0.9098    0.4136
   -0.8450   -0.2476    0.4739
...   147 A-T ...
  -19.0172   52.0374    8.9260
    0.2452    0.2907    0.9249
   -0.3073    0.9281   -0.2103
   -0.9195   -0.2327    0.3169
