  147 base-pairs
...     1 A-T ...
    0.0000    0.0000    0.0000
    1.0000    0.0000    0.0000
    0.0000    1.0000    0.0000
    0.0000    0.0000    1.0000
...     2 G-C ...
   -0.1404   -1.2353    3.2259
    0.7530    0.6366    0.1668
   -0.6385    0.7681   -0.0490
   -0.1593   -0.0696    0.9848
...     3 T-A ...
   -0.0377   -3.2918    6.3749
    0.2722    0.9302    0.2464
   -0.9238    0.3243   -0.2034
   -0.2691   -0.1722    0.9476
...     4 G-C ...
   -0.3520   -4.1638    9.4928
   -0.3756    0.9250    0.0576
   -0.8780   -0.3352   -0.3416
   -0.2967   -0.1788    0.9381
...     5 A-T ...
   -0.4480   -4.1448   12.7498
   -0.8116    0.5839   -0.0166
   -0.5522   -0.7762   -0.3042
   -0.1905   -0.2377    0.9525
...     6 G-C ...
   -1.5926   -4.1701   15.6201
   -0.9976    0.0246   -0.0651
   -0.0043   -0.9555   -0.2950
   -0.0694   -0.2940    0.9533
...     7 C-G ...
   -1.1050   -4.4793   18.7363
   -0.8442   -0.5302   -0.0787
    0.5343   -0.8442   -0.0430
   -0.0437   -0.0784    0.9960
...     8 G-C ...
   -2.4044   -7.7255   23.1483
   -0.2753   -0.3294   -0.9032
    0.6650   -0.7437    0.0686
   -0.6943   -0.5817    0.4238
...     9 C-G ...
   -4.4706   -9.9691   24.1142
    0.1145   -0.7026   -0.7023
    0.8512   -0.2951    0.4341
   -0.5123   -0.6475    0.5642
...    10 T-A ...
   -6.7420  -10.8705   25.9717
    0.4841   -0.8363   -0.2573
    0.6594    0.1554    0.7356
   -0.5752   -0.5257    0.6267
...    11 C-G ...
   -9.1682  -12.6167   27.1662
    0.7073   -0.6683    0.2306
    0.3450    0.6110    0.7125
   -0.6170   -0.4243    0.6627
...    12 A-T ...
  -10.9253  -14.6583   29.0713
    0.7515   -0.1377    0.6452
   -0.2027    0.8824    0.4245
   -0.6278   -0.4498    0.6352
...    13 C-G ...
  -11.8495  -17.4796   31.2472
    0.4294    0.2824    0.8578
   -0.5708    0.8209    0.0155
   -0.6998   -0.4963    0.5137
...    14 A-T ...
  -13.5915  -19.7756   33.4284
   -0.1503    0.6106    0.7775
   -0.6874    0.5007   -0.5261
   -0.7106   -0.6135    0.3445
...    15 A-T ...
  -15.7680  -21.8951   34.5290
   -0.4934    0.7975    0.3472
   -0.4622    0.0977   -0.8814
   -0.7368   -0.5954    0.3204
...    16 T-A ...
  -17.9219  -23.8256   36.2870
   -0.6860    0.7103   -0.1576
   -0.1166   -0.3211   -0.9398
   -0.7182   -0.6264    0.3031
...    17 T-A ...
  -20.2822  -25.6967   37.6300
   -0.6400    0.3824   -0.6665
    0.3139   -0.6616   -0.6810
   -0.7014   -0.6450    0.3033
...    18 T-A ...
  -22.6551  -27.6071   38.5968
   -0.3150    0.0306   -0.9486
    0.5936   -0.7735   -0.2221
   -0.7405   -0.6331    0.2254
...    19 A-T ...
  -25.1730  -29.5645   38.9541
    0.1369   -0.1812   -0.9739
    0.6385   -0.7355    0.2266
   -0.7573   -0.6529    0.0150
...    20 T-A ...
  -28.0440  -31.1517   38.6464
    0.4485   -0.5013   -0.7400
    0.4789   -0.5642    0.6725
   -0.7546   -0.6561   -0.0130
...    21 T-A ...
  -30.6144  -33.1569   38.2799
    0.6492   -0.7160   -0.2567
    0.1369   -0.2219    0.9654
   -0.7482   -0.6619   -0.0461
...    22 C-G ...
  -32.9714  -35.4014   37.9997
    0.6335   -0.6974    0.3351
   -0.2751    0.2018    0.9400
   -0.7232   -0.6877   -0.0640
...    23 G-C ...
  -35.2854  -37.7650   38.5165
    0.4519   -0.3961    0.7993
   -0.6292    0.4937    0.6004
   -0.6324   -0.7742   -0.0262
...    24 C-G ...
  -37.0528  -40.5010   38.3041
    0.0903   -0.0435    0.9950
   -0.7735    0.6263    0.0976
   -0.6274   -0.7784    0.0229
...    25 A-T ...
  -39.4777  -42.7244   38.1768
   -0.3475    0.3406    0.8736
   -0.6796    0.5505   -0.4850
   -0.6461   -0.7622    0.0402
...    26 A-T ...
  -41.4647  -45.3229   38.4910
   -0.6800    0.5736    0.4566
   -0.3599    0.2814   -0.8895
   -0.6388   -0.7693    0.0151
...    27 A-T ...
  -43.4118  -47.9052   38.8794
   -0.7757    0.6175   -0.1305
    0.1126   -0.0680   -0.9913
   -0.6210   -0.7836   -0.0168
...    28 G-C ...
  -45.7398  -50.3029   39.2449
   -0.5565    0.5528   -0.6202
    0.4865   -0.3883   -0.7826
   -0.6735   -0.7373   -0.0528
...    29 G-C ...
  -48.4321  -52.4724   39.1664
   -0.1242    0.3565   -0.9260
    0.7018   -0.6282   -0.3360
   -0.7015   -0.6916   -0.1722
...    30 C-G ...
  -51.0925  -54.2465   38.4891
    0.3229    0.0431   -0.9455
    0.6448   -0.7412    0.1864
   -0.6928   -0.6699   -0.2671
...    31 C-G ...
  -53.5730  -56.1612   37.4007
    0.6886   -0.2807   -0.6686
    0.3461   -0.6829    0.6433
   -0.6371   -0.6744   -0.3731
...    32 G-C ...
  -55.1379  -58.4316   36.1344
    0.8416   -0.4904   -0.2263
   -0.0766   -0.5231    0.8488
   -0.5347   -0.6970   -0.4778
...    33 G-C ...
  -56.2394  -60.9661   34.1799
    0.6952   -0.6612    0.2820
   -0.5541   -0.2430    0.7962
   -0.4579   -0.7098   -0.5353
...    34 C-G ...
  -57.2636  -63.4330   32.2960
    0.2911   -0.6749    0.6780
   -0.8620    0.1224    0.4919
   -0.4150   -0.7277   -0.5461
...    35 C-G ...
  -58.3492  -66.1685   30.5983
   -0.2470   -0.4988    0.8308
   -0.8913    0.4533    0.0072
   -0.3802   -0.7387   -0.5565
...    36 C-G ...
  -59.4386  -68.8264   28.8599
   -0.6831   -0.1592    0.7128
   -0.6212    0.6398   -0.4524
   -0.3840   -0.7519   -0.5359
...    37 G-C ...
  -60.9482  -70.5859   26.2606
   -0.8894    0.2683    0.3700
   -0.1171    0.6487   -0.7520
   -0.4418   -0.7122   -0.5456
...    38 A-T ...
  -62.0918  -72.9059   24.5020
   -0.7901    0.6022   -0.1142
    0.4327    0.4160   -0.7998
   -0.4341   -0.6814   -0.5893
...    39 C-G ...
  -63.9115  -74.9870   22.9066
   -0.4360    0.7760   -0.4558
    0.7731    0.0636   -0.6311
   -0.4607   -0.6275   -0.6276
...    40 A-T ...
  -65.6283  -76.9157   20.8415
    0.1026    0.7771   -0.6210
    0.8779   -0.3643   -0.3108
   -0.4678   -0.5133   -0.7195
...    41 C-G ...
  -67.4287  -78.0175   18.3923
    0.5597    0.5492   -0.6206
    0.7091   -0.7050    0.0157
   -0.4289   -0.4488   -0.7840
...    42 G-C ...
  -68.4294  -79.7119   15.7070
    0.9024    0.1213   -0.4136
    0.2564   -0.9224    0.2887
   -0.3465   -0.3666   -0.8635
...    43 A-T ...
  -69.4886  -80.7892   12.9248
    0.8890   -0.4274   -0.1645
   -0.3133   -0.8296    0.4621
   -0.3340   -0.3592   -0.8714
...    44 C-G ...
  -70.1979  -81.4070    9.7519
    0.6150   -0.7767    0.1364
   -0.7379   -0.5059    0.4467
   -0.2779   -0.3754   -0.8842
...    45 T-A ...
  -70.3802  -82.6309    6.3182
    0.1118   -0.9315    0.3460
   -0.9596   -0.0108    0.2811
   -0.2582   -0.3635   -0.8951
...    46 T-A ...
  -70.6499  -83.6873    3.2100
   -0.3856   -0.8358    0.3909
   -0.8893    0.4495    0.0840
   -0.2459   -0.3152   -0.9166
...    47 A-T ...
  -71.6595  -84.4515    0.1039
   -0.8569   -0.3863    0.3412
   -0.4585    0.8737   -0.1623
   -0.2354   -0.2956   -0.9259
...    48 C-G ...
  -72.2625  -86.0357   -2.7709
   -0.9686    0.1284    0.2130
    0.0590    0.9505   -0.3051
   -0.2417   -0.2829   -0.9282
...    49 T-A ...
  -73.3263  -87.3152   -5.6905
   -0.7740    0.6257    0.0970
    0.5539    0.7434   -0.3749
   -0.3067   -0.2365   -0.9220
...    50 G-C ...
  -74.5770  -87.8341   -8.7798
   -0.3057    0.9519    0.0214
    0.8844    0.2922   -0.3639
   -0.3526   -0.0923   -0.9312
...    51 T-A ...
  -76.2296  -88.0919  -11.5021
    0.1609    0.9851   -0.0606
    0.9262   -0.1719   -0.3357
   -0.3411   -0.0021   -0.9400
...    52 A-T ...
  -78.0916  -87.0327  -14.2241
    0.6330    0.7710    0.0694
    0.7436   -0.5807   -0.3314
   -0.2153    0.2614   -0.9409
...    53 G-C ...
  -79.1223  -85.8703  -17.0430
    0.9234    0.3832    0.0241
    0.3650   -0.8568   -0.3643
   -0.1190    0.3451   -0.9310
...    54 G-C ...
  -79.5139  -83.6720  -19.9790
    0.9876   -0.1346   -0.0812
   -0.1553   -0.9162   -0.3695
   -0.0247    0.3775   -0.9257
...    55 T-A ...
  -79.1727  -82.0405  -22.7920
    0.7795   -0.5781   -0.2412
   -0.6264   -0.7145   -0.3118
    0.0079    0.3941   -0.9190
...    56 A-T ...
  -78.5254  -80.4818  -25.7515
    0.3019   -0.8925   -0.3350
   -0.9510   -0.2574   -0.1713
    0.0667    0.3703   -0.9265
...    57 T-A ...
  -77.5427  -79.1390  -28.6204
   -0.2029   -0.8918   -0.4043
   -0.9766    0.2141    0.0179
    0.0706    0.3985   -0.9144
...    58 C-G ...
  -77.0436  -78.0075  -31.7471
   -0.7468   -0.5799   -0.3256
   -0.6617    0.6974    0.2753
    0.0675    0.4210   -0.9045
...    59 T-A ...
  -76.7913  -76.9301  -34.8887
   -0.9817   -0.1652   -0.0951
   -0.1897    0.8950    0.4037
    0.0184    0.4143   -0.9099
...    60 C-G ...
  -76.6110  -75.5663  -37.8832
   -0.9131    0.3658    0.1803
    0.4078    0.8142    0.4132
    0.0044    0.4508   -0.8926
...    61 T-A ...
  -76.9549  -74.1860  -40.8788
   -0.5871    0.6848    0.4316
    0.8083    0.5250    0.2665
   -0.0441    0.5053   -0.8618
...    62 C-G ...
  -77.3518  -72.4350  -43.5841
   -0.0675    0.8228    0.5643
    0.9962    0.0869   -0.0075
   -0.0552    0.5617   -0.8255
...    63 A-T ...
  -78.1839  -70.4825  -46.2841
    0.4411    0.6718    0.5951
    0.8947   -0.2777   -0.3497
   -0.0697    0.6867   -0.7236
...    64 T-A ...
  -78.7139  -68.0108  -48.2797
    0.8134    0.4147    0.4080
    0.5812   -0.5473   -0.6022
   -0.0265    0.7269   -0.6862
...    65 G-C ...
  -78.7053  -65.1992  -50.2804
    0.9948   -0.0371    0.0944
    0.0472   -0.6541   -0.7550
    0.0898    0.7555   -0.6490
...    66 T-A ...
  -78.2325  -62.2956  -51.8485
    0.8810   -0.3787   -0.2835
   -0.4576   -0.5303   -0.7138
    0.1200    0.7585   -0.6405
...    67 T-A ...
  -77.6629  -59.8021  -53.7300
    0.5058   -0.6050   -0.6149
   -0.8502   -0.2288   -0.4741
    0.1462    0.7626   -0.6301
...    68 A-T ...
  -77.3588  -57.3063  -55.9338
   -0.0739   -0.6471   -0.7588
   -0.9856    0.1633   -0.0433
    0.1519    0.7447   -0.6498
...    69 T-A ...
  -76.1899  -55.1536  -58.0451
   -0.5351   -0.4660   -0.7046
   -0.8290    0.4501    0.3319
    0.1625    0.7617   -0.6272
...    70 A-T ...
  -75.8037  -52.4755  -60.0148
   -0.9170   -0.1393   -0.3737
   -0.3707    0.6435    0.6697
    0.1471    0.7526   -0.6418
...    71 A-T ...
  -75.3205  -50.1984  -62.1769
   -0.9760    0.2128    0.0473
    0.1694    0.6035    0.7792
    0.1372    0.7685   -0.6250
...    72 C-G ...
  -75.1942  -48.0222  -64.8042
   -0.7452    0.4823    0.4605
    0.6537    0.3918    0.6475
    0.1318    0.7835   -0.6072
...    73 G-C ...
  -74.7405  -45.1959  -66.3146
   -0.3337    0.4585    0.8236
    0.9414    0.1159    0.3169
    0.0499    0.8811   -0.4703
...    74 G-C ...
  -74.9176  -42.1261  -67.4490
    0.1707    0.3467    0.9223
    0.9852   -0.0767   -0.1536
    0.0175    0.9348   -0.3546
...    75 A-T ...
  -75.0231  -39.0284  -68.3650
    0.6802    0.2064    0.7034
    0.7324   -0.2304   -0.6407
    0.0299    0.9510   -0.3079
...    76 G-C ...
  -75.0579  -35.7976  -69.0402
    0.9479   -0.0097    0.3184
    0.3036   -0.2746   -0.9124
    0.0963    0.9615   -0.2573
...    77 A-T ...
  -74.5897  -32.5943  -69.6990
    0.9514   -0.1865   -0.2450
   -0.2792   -0.1874   -0.9418
    0.1297    0.9644   -0.2303
...    78 G-C ...
  -73.8676  -29.4107  -70.2057
    0.6799   -0.2965   -0.6706
   -0.7119   -0.0480   -0.7006
    0.1756    0.9538   -0.2437
...    79 C-G ...
  -72.7937  -26.2517  -70.8607
    0.1516   -0.3064   -0.9398
   -0.9681    0.1461   -0.2038
    0.1997    0.9406   -0.2744
...    80 T-A ...
  -71.8435  -23.2352  -71.7594
   -0.3628   -0.2139   -0.9070
   -0.9089    0.2962    0.2937
    0.2059    0.9309   -0.3018
...    81 C-G ...
  -71.3391  -20.1933  -72.8612
   -0.8153   -0.0388   -0.5777
   -0.5446    0.3900    0.7425
    0.1965    0.9200   -0.3391
...    82 G-C ...
  -71.1524  -16.9106  -73.4032
   -0.9912    0.1113   -0.0718
   -0.0257    0.3700    0.9287
    0.1300    0.9223   -0.3639
...    83 G-C ...
  -70.7592  -13.9154  -74.7683
   -0.8655    0.2239    0.4481
    0.4940    0.2333    0.8376
    0.0830    0.9463   -0.3125
...    84 G-C ...
  -70.7855  -10.7899  -75.9624
   -0.4910    0.2042    0.8469
    0.8711    0.1057    0.4795
    0.0084    0.9732   -0.2298
...    85 A-T ...
  -71.0098   -7.6074  -76.7665
    0.0910    0.1901    0.9775
    0.9958   -0.0223   -0.0883
    0.0050    0.9815   -0.1914
...    86 T-A ...
  -71.5841   -4.3797  -77.1178
    0.5761    0.1201    0.8085
    0.8171   -0.1074   -0.5663
    0.0188    0.9869   -0.1600
...    87 C-G ...
  -71.5835   -1.1066  -77.3662
    0.9358   -0.0048    0.3524
    0.3481   -0.1433   -0.9264
    0.0549    0.9897   -0.1325
...    88 C-G ...
  -71.4523    2.1598  -77.5725
    0.9708   -0.1982   -0.1354
   -0.1586   -0.1063   -0.9816
    0.1801    0.9744   -0.1346
...    89 G-C ...
  -70.7901    5.2454  -78.4558
    0.7151   -0.3616   -0.5982
   -0.6218    0.0618   -0.7807
    0.3193    0.9303   -0.1807
...    90 C-G ...
  -69.1875    8.2826  -78.8507
    0.2344   -0.2798   -0.9310
   -0.9094    0.2753   -0.3117
    0.3435    0.9197   -0.1900
...    91 T-A ...
  -67.5159   11.1461  -79.8249
   -0.3076   -0.0838   -0.9478
   -0.8663    0.4366    0.2426
    0.3935    0.8957   -0.2069
...    92 T-A ...
  -65.9160   13.8459  -80.6905
   -0.7279    0.2209   -0.6491
   -0.5394    0.4000    0.7410
    0.4234    0.8895   -0.1720
...    93 T-A ...
  -64.3711   16.5894  -81.5150
   -0.8928    0.4314   -0.1296
   -0.0477    0.1955    0.9795
    0.4479    0.8807   -0.1540
...    94 A-T ...
  -62.7694   19.4492  -81.6366
   -0.7634    0.4681    0.4451
    0.4560   -0.0976    0.8846
    0.4575    0.8783   -0.1390
...    95 A-T ...
  -61.4616   22.2772  -82.1816
   -0.4325    0.3134    0.8454
    0.7787   -0.3428    0.5255
    0.4544    0.8856   -0.0958
...    96 C-G ...
  -60.5975   25.4548  -82.6340
   -0.0091    0.0616    0.9981
    0.8884   -0.4576    0.0363
    0.4590    0.8870   -0.0506
...    97 A-T ...
  -59.2416   28.4730  -82.6033
    0.3937   -0.3041    0.8675
    0.7745   -0.3986   -0.4912
    0.4952    0.8652    0.0786
...    98 C-G ...
  -57.9587   31.4277  -81.7450
    0.7001   -0.5038    0.5059
    0.4882   -0.1792   -0.8541
    0.5210    0.8450    0.1205
...    99 T-A ...
  -56.1270   34.2855  -80.5640
    0.8158   -0.5766   -0.0458
    0.0467    0.1445   -0.9884
    0.5765    0.8042    0.1448
...   100 T-A ...
  -54.1613   36.7272  -79.7000
    0.7079   -0.3842   -0.5927
   -0.4136    0.4548   -0.7887
    0.5726    0.8035    0.1631
...   101 T-A ...
  -52.1438   39.1468  -78.9578
    0.3679   -0.0596   -0.9279
   -0.7321    0.5967   -0.3286
    0.5733    0.8003    0.1759
...   102 A-T ...
  -50.4257   41.9851  -78.4442
   -0.1316    0.2919   -0.9474
   -0.8050    0.5262    0.2739
    0.5785    0.7987    0.1658
...   103 T-A ...
  -48.0176   44.2102  -78.2993
   -0.4957    0.4906   -0.7166
   -0.6502    0.3373    0.6808
    0.5757    0.8034    0.1518
...   104 G-C ...
  -46.1118   46.9188  -78.1090
   -0.8362    0.5204   -0.1731
   -0.2018    0.0015    0.9794
    0.5100    0.8539    0.1037
...   105 C-G ...
  -44.7437   49.8776  -78.1097
   -0.8399    0.3983    0.3687
    0.2617   -0.2979    0.9180
    0.4755    0.8675    0.1460
...   106 T-A ...
  -43.4088   53.0178  -77.9390
   -0.5814    0.1324    0.8028
    0.6814   -0.4599    0.5693
    0.4446    0.8780    0.1772
...   107 T-A ...
  -42.1773   55.9167  -77.4282
   -0.1579   -0.1934    0.9683
    0.8875   -0.4578    0.0533
    0.4330    0.8678    0.2439
...   108 C-G ...
  -41.0089   58.7796  -76.4104
    0.2876   -0.4979    0.8182
    0.8444   -0.2712   -0.4619
    0.4519    0.8238    0.3424
...   109 C-G ...
  -39.7515   61.5760  -75.2593
    0.5852   -0.6879    0.4294
    0.6000    0.0111   -0.8000
    0.5455    0.7258    0.4192
...   110 G-C ...
  -37.8275   63.5658  -74.0288
    0.7154   -0.6957   -0.0642
    0.2893    0.3786   -0.8792
    0.6360    0.6104    0.4721
...   111 G-C ...
  -35.3010   64.9668  -72.3256
    0.7144   -0.4326   -0.5500
   -0.0756    0.7337   -0.6753
    0.6956    0.5240    0.4914
...   112 C-G ...
  -32.6138   66.0668  -70.6318
    0.5458    0.0117   -0.8378
   -0.4160    0.8718   -0.2588
    0.7274    0.4898    0.4807
...   113 T-A ...
  -30.1014   67.4474  -69.0570
    0.2593    0.4638   -0.8471
   -0.6127    0.7570    0.2270
    0.7466    0.4602    0.4804
...   114 C-G ...
  -27.7705   69.1826  -67.5694
   -0.1402    0.8174   -0.5587
   -0.6283    0.3627    0.6882
    0.7652    0.4476    0.4628
...   115 G-C ...
  -25.5622   70.6795  -65.6710
   -0.4945    0.8654   -0.0811
   -0.4530   -0.1769    0.8738
    0.7418    0.4688    0.4795
...   116 T-A ...
  -23.1574   72.6202  -64.5365
   -0.6845    0.6307    0.3656
   -0.1415   -0.6068    0.7821
    0.7152    0.4836    0.5046
...   117 A-T ...
  -20.8455   74.7696  -63.1717
   -0.7174    0.1500    0.6803
    0.2534   -0.8535    0.4554
    0.6490    0.4991    0.5743
...   118 T-A ...
  -19.1207   76.9449  -61.5553
   -0.5225   -0.2816    0.8048
    0.5500   -0.8326    0.0658
    0.6515    0.4770    0.5899
...   119 A-T ...
  -17.2220   78.4461  -59.4321
   -0.3398   -0.7134    0.6128
    0.7514   -0.5978   -0.2793
    0.5657    0.3656    0.7392
...   120 A-T ...
  -15.6877   79.5854  -56.8368
    0.0456   -0.9580    0.2831
    0.8357   -0.1187   -0.5361
    0.5472    0.2610    0.7952
...   121 T-A ...
  -14.4483   80.2994  -53.8656
    0.4294   -0.9020   -0.0452
    0.7217    0.3727   -0.5833
    0.5430    0.2179    0.8110
...   122 G-C ...
  -12.6488   80.5447  -50.9647
    0.6819   -0.5746   -0.4526
    0.4148    0.8135   -0.4076
    0.6024    0.0902    0.7931
...   123 T-A ...
  -10.6798   80.1775  -48.4251
    0.7958   -0.1246   -0.5927
    0.0767    0.9915   -0.1054
    0.6007    0.0384    0.7985
...   124 G-C ...
   -8.5599   80.1593  -45.9280
    0.6861    0.4553   -0.5675
   -0.3495    0.8904    0.2917
    0.6381   -0.0018    0.7700
...   125 T-A ...
   -6.2627   79.6611  -43.6717
    0.4118    0.8451   -0.3409
   -0.6436    0.5345    0.5478
    0.6452   -0.0062    0.7640
...   126 C-G ...
   -4.1641   79.6388  -41.3137
   -0.0215    0.9980    0.0587
   -0.7622   -0.0544    0.6451
    0.6470   -0.0309    0.7618
...   127 G-C ...
   -2.5918   79.3465  -38.5216
   -0.4486    0.8376    0.3117
   -0.6790   -0.5462    0.4905
    0.5811    0.0084    0.8138
...   128 A-T ...
   -0.6236   79.1641  -36.1082
   -0.7638    0.3840    0.5188
   -0.3401   -0.9226    0.1822
    0.5486   -0.0373    0.8353
...   129 C-G ...
    1.1682   79.7477  -33.4144
   -0.8621   -0.1380    0.4876
    0.0896   -0.9885   -0.1215
    0.4988   -0.0611    0.8646
...   130 C-G ...
    2.1874   80.0432  -30.1618
   -0.7930   -0.5691    0.2173
    0.4938   -0.8094   -0.3178
    0.3567   -0.1447    0.9229
...   131 A-T ...
    2.5980   78.9501  -27.0134
   -0.5923   -0.7729   -0.2278
    0.7935   -0.5105   -0.3312
    0.1397   -0.3769    0.9157
...   132 A-T ...
    2.7728   77.6291  -24.0465
   -0.0916   -0.8971   -0.4322
    0.9917   -0.0428   -0.1215
    0.0905   -0.4397    0.8936
...   133 A-T ...
    2.6394   76.1176  -21.1170
    0.5027   -0.7679   -0.3969
    0.8619    0.4808    0.1614
    0.0669   -0.4232    0.9036
...   134 T-A ...
    2.3076   74.2308  -18.3903
    0.8657   -0.4293   -0.2574
    0.4984    0.7868    0.3641
    0.0462   -0.4435    0.8951
...   135 G-C ...
    1.4354   72.0971  -15.6051
    0.9809    0.0621    0.1843
   -0.1263    0.9241    0.3607
   -0.1479   -0.3771    0.9143
...   136 T-A ...
    0.5279   69.2393  -13.4689
    0.7351    0.4963    0.4618
   -0.6117    0.7792    0.1365
   -0.2921   -0.3828    0.8764
...   137 G-C ...
   -0.1659   67.4106  -10.8095
    0.1800    0.8794    0.4408
   -0.9276    0.3008   -0.2214
   -0.3274   -0.3691    0.8698
...   138 A-T ...
   -0.1321   66.2180   -7.8217
   -0.3749    0.8570    0.3536
   -0.8857   -0.2184   -0.4098
   -0.2739   -0.4668    0.8409
...   139 G-C ...
   -1.0069   65.6075   -4.9425
   -0.8336    0.5218    0.1811
   -0.5170   -0.6220   -0.5881
   -0.1942   -0.5839    0.7883
...   140 C-G ...
   -0.6974   63.9004   -2.2529
   -0.9992    0.0157   -0.0376
    0.0023   -0.8993   -0.4374
   -0.0406   -0.4371    0.8985
...   141 G-C ...
   -3.4382   60.2386    1.0283
   -0.4425    0.2285   -0.8672
    0.1683   -0.9287   -0.3306
   -0.8808   -0.2922    0.3725
...   142 C-G ...
   -6.3288   59.0834    1.6293
   -0.2970   -0.3280   -0.8968
    0.5656   -0.8171    0.1115
   -0.7693   -0.4741    0.4282
...   143 T-A ...
   -8.6768   58.7243    3.6023
   -0.0347   -0.7817   -0.6227
    0.6533   -0.4893    0.5778
   -0.7563   -0.3868    0.5276
...   144 C-G ...
  -11.6544   58.0114    4.7192
    0.2451   -0.9542   -0.1716
    0.6322    0.0231    0.7745
   -0.7350   -0.2983    0.6089
...   145 A-T ...
  -14.1760   56.5669    6.1806
    0.5795   -0.7268    0.3687
    0.3139    0.6165    0.7220
   -0.7521   -0.3027    0.5855
...   146 C-G ...
  -16.4651   53.8950    7.5152
    0.5336   -0.3331    0.7774
   -0.0346    0.9098    0.4136
   -0.8450   -0.2476    0.4739
...   147 A-T ...
  -19.0172   52.0375    8.9260
    0.2452    0.2907    0.9249
   -0.3073    0.9281   -0.2103
   -0.9195   -0.2327    0.3169
