  147 base-pairs
...     1 A-T ...
    0.0000    0.0000    0.0000
    1.0000    0.0000    0.0000
    0.0000    1.0000    0.0000
    0.0000    0.0000    1.0000
...     2 G-C ...
   -0.1404   -1.2353    3.2259
    0.7530    0.6366    0.1668
   -0.6385    0.7681   -0.0490
   -0.1593   -0.0696    0.9848
...     3 T-A ...
   -0.0377   -3.2918    6.3749
    0.2722    0.9302    0.2464
   -0.9238    0.3243   -0.2034
   -0.2691   -0.1722    0.9476
...     4 G-C ...
   -0.3520   -4.1638    9.4928
   -0.3756    0.9250    0.0576
   -0.8780   -0.3352   -0.3416
   -0.2967   -0.1788    0.9381
...     5 A-T ...
   -0.4480   -4.1448   12.7498
   -0.8116    0.5839   -0.0166
   -0.5522   -0.7762   -0.3042
   -0.1905   -0.2377    0.9525
...     6 G-C ...
   -1.5926   -4.1701   15.6201
   -0.9976    0.0246   -0.0651
   -0.0043   -0.9555   -0.2950
   -0.0694   -0.2940    0.9533
...     7 C-G ...
   -1.1050   -4.4793   18.7363
   -0.8442   -0.5302   -0.0787
    0.5343   -0.8442   -0.0430
   -0.0437   -0.0784    0.9960
...     8 G-C ...
   -2.4044   -7.7255   23.1483
   -0.2753   -0.3294   -0.9032
    0.6650   -0.7437    0.0686
   -0.6943   -0.5817    0.4238
...     9 C-G ...
   -4.4706   -9.9691   24.1142
    0.1145   -0.7026   -0.7023
    0.8512   -0.2951    0.4341
   -0.5123   -0.6475    0.5642
...    10 T-A ...
   -6.7420  -10.8705   25.9717
    0.4841   -0.8363   -0.2573
    0.6594    0.1554    0.7356
   -0.5752   -0.5257    0.6267
...    11 C-G ...
   -9.1682  -12.6167   27.1662
    0.7073   -0.6683    0.2306
    0.3450    0.6110    0.7125
   -0.6170   -0.4243    0.6627
...    12 A-T ...
  -10.9253  -14.6583   29.0713
    0.7515   -0.1377    0.6452
   -0.2027    0.8824    0.4245
   -0.6278   -0.4498    0.6352
...    13 C-G ...
  -11.8495  -17.4796   31.2472
    0.4294    0.2824    0.8578
   -0.5708    0.8209    0.0155
   -0.6998   -0.4963    0.5137
...    14 A-T ...
  -13.5915  -19.7756   33.4284
   -0.1503    0.6106    0.7775
   -0.6874    0.5007   -0.5261
   -0.7106   -0.6135    0.3445
...    15 A-T ...
  -15.6892  -21.8616   34.7587
   -0.5071    0.7800    0.3667
   -0.4763    0.1010   -0.8735
   -0.7183   -0.6176    0.3203
...    16 T-A ...
  -17.7858  -23.7561   36.4178
   -0.6609    0.7428   -0.1073
   -0.1626   -0.2813   -0.9458
   -0.7326   -0.6076    0.3067
...    17 T-A ...
  -20.1682  -25.5589   37.6305
   -0.6090    0.5105   -0.6071
    0.2181   -0.6281   -0.7470
   -0.7626   -0.5873    0.2712
...    18 T-A ...
  -22.7540  -27.2140   38.5933
   -0.3523    0.1439   -0.9248
    0.4996   -0.8066   -0.3159
   -0.7914   -0.5733    0.2123
...    19 A-T ...
  -25.8547  -28.4664   38.9539
    0.1055   -0.1098   -0.9883
    0.5541   -0.8188    0.1501
   -0.8257   -0.5635   -0.0255
...    20 T-A ...
  -28.8278  -29.7348   38.5374
    0.3864   -0.4670   -0.7953
    0.4190   -0.6793    0.6025
   -0.8217   -0.5661   -0.0668
...    21 T-A ...
  -31.5515  -31.3921   38.0167
    0.5662   -0.7477   -0.3469
    0.1230   -0.3395    0.9325
   -0.8150   -0.5707   -0.1002
...    22 C-G ...
  -34.0584  -33.3879   37.4750
    0.5546   -0.7969    0.2394
   -0.2500    0.1149    0.9614
   -0.7937   -0.5931   -0.1355
...    23 G-C ...
  -36.6632  -35.4127   37.4548
    0.3805   -0.5687    0.7292
   -0.5555    0.4899    0.6719
   -0.7394   -0.6607   -0.1295
...    24 C-G ...
  -38.8191  -37.8528   36.8977
    0.0363   -0.2092    0.9772
   -0.6810    0.7104    0.1774
   -0.7314   -0.6719   -0.1167
...    25 A-T ...
  -41.3824  -39.8659   36.4849
   -0.3085    0.2606    0.9148
   -0.5893    0.7026   -0.3989
   -0.7467   -0.6622   -0.0631
...    26 A-T ...
  -43.6296  -42.2127   36.4551
   -0.5996    0.5914    0.5392
   -0.2988    0.4596   -0.8364
   -0.7424   -0.6626   -0.0989
...    27 A-T ...
  -45.9962  -44.4225   36.4081
   -0.6576    0.7534   -0.0030
    0.0942    0.0782   -0.9925
   -0.7475   -0.6529   -0.1224
...    28 G-C ...
  -48.5831  -46.4264   36.2966
   -0.4474    0.7579   -0.4747
    0.4171   -0.2927   -0.8604
   -0.7911   -0.5830   -0.1852
...    29 G-C ...
  -51.4969  -48.0476   35.8940
   -0.0681    0.5824   -0.8100
    0.5711   -0.6430   -0.5104
   -0.8181   -0.4973   -0.2888
...    30 C-G ...
  -54.4135  -49.1634   34.9701
    0.3041    0.2164   -0.9277
    0.5047   -0.8626   -0.0358
   -0.8080   -0.4573   -0.3715
...    31 C-G ...
  -57.1576  -50.2215   33.3443
    0.6122   -0.1920   -0.7670
    0.2390   -0.8797    0.4110
   -0.7537   -0.4349   -0.4927
...    32 G-C ...
  -59.3059  -51.9443   31.5145
    0.7372   -0.5657   -0.3695
   -0.1836   -0.6940    0.6962
   -0.6503   -0.4454   -0.6155
...    33 G-C ...
  -61.0583  -53.4144   29.0332
    0.5751   -0.8130    0.0908
   -0.5825   -0.3290    0.7433
   -0.5744   -0.4804   -0.6628
...    34 C-G ...
  -62.5562  -55.0740   26.5937
    0.1812   -0.8549    0.4861
   -0.8189    0.1425    0.5560
   -0.5446   -0.4988   -0.6742
...    35 C-G ...
  -64.1150  -56.9839   24.3005
   -0.2684   -0.6254    0.7327
   -0.8008    0.5676    0.1911
   -0.5354   -0.5355   -0.6532
...    36 C-G ...
  -65.7260  -59.0076   22.1454
   -0.6320   -0.1987    0.7491
   -0.5315    0.8146   -0.2323
   -0.5640   -0.5449   -0.6204
...    37 G-C ...
  -67.6916  -60.3784   19.8558
   -0.7686    0.3247    0.5512
   -0.0838    0.8031   -0.5899
   -0.6342   -0.4996   -0.5901
...    38 A-T ...
  -69.6783  -62.1176   17.9540
   -0.6522    0.7439    0.1460
    0.3830    0.4896   -0.7833
   -0.6542   -0.4549   -0.6042
...    39 C-G ...
  -72.1400  -63.6921   16.4886
   -0.3389    0.9124   -0.2295
    0.6616    0.0577   -0.7476
   -0.6689   -0.4052   -0.6232
...    40 A-T ...
  -74.4548  -64.8945   14.4184
    0.1647    0.8645   -0.4749
    0.7218   -0.4338   -0.5393
   -0.6723   -0.2539   -0.6954
...    41 C-G ...
  -76.9844  -65.1911   12.4017
    0.5436    0.5585   -0.6266
    0.5351   -0.8057   -0.2540
   -0.6467   -0.1972   -0.7368
...    42 G-C ...
  -78.7876  -65.7940    9.7010
    0.8394    0.0942   -0.5353
    0.1371   -0.9897    0.0409
   -0.5260   -0.1077   -0.8437
...    43 A-T ...
  -80.3066  -65.9761    6.8343
    0.7988   -0.4698   -0.3758
   -0.3781   -0.8779    0.2938
   -0.4679   -0.0926   -0.8789
...    44 C-G ...
  -81.3567  -65.8225    3.7091
    0.5112   -0.8452   -0.1562
   -0.7446   -0.5263    0.4106
   -0.4292   -0.0936   -0.8984
...    45 T-A ...
  -82.3606  -66.1217    0.5829
    0.0731   -0.9920    0.1032
   -0.9197   -0.0270    0.3918
   -0.3858   -0.1235   -0.9143
...    46 T-A ...
  -83.2527  -66.5188   -2.5252
   -0.4767   -0.8399    0.2595
   -0.7991    0.5370    0.2704
   -0.3664   -0.0784   -0.9271
...    47 A-T ...
  -84.6425  -66.3947   -5.5624
   -0.8792   -0.3400    0.3338
   -0.3337    0.9395    0.0779
   -0.3401   -0.0429   -0.9394
...    48 C-G ...
  -85.7113  -67.1301   -8.6083
   -0.9212    0.1864    0.3414
    0.1650    0.9821   -0.0910
   -0.3522   -0.0275   -0.9355
...    49 T-A ...
  -87.0961  -67.4449  -11.5804
   -0.6881    0.6556    0.3109
    0.6109    0.7547   -0.2394
   -0.3916    0.0251   -0.9198
...    50 G-C ...
  -88.5016  -67.1641  -14.5721
   -0.2053    0.9412    0.2684
    0.8801    0.2975   -0.3700
   -0.4281    0.1602   -0.8894
...    51 T-A ...
  -90.4384  -66.5812  -17.1314
    0.2813    0.9533    0.1105
    0.8673   -0.2032   -0.4544
   -0.4107    0.2236   -0.8839
...    52 A-T ...
  -92.1032  -65.2488  -19.7136
    0.7351    0.6748    0.0650
    0.6098   -0.6163   -0.4983
   -0.2962    0.4060   -0.8646
...    53 G-C ...
  -93.0966  -63.5294  -22.3228
    0.9640    0.2457   -0.1021
    0.1643   -0.8517   -0.4976
   -0.2092    0.4629   -0.8614
...    54 G-C ...
  -93.4015  -61.5174  -25.0143
    0.9282   -0.2702   -0.2557
   -0.3597   -0.8274   -0.4313
   -0.0950    0.4923   -0.8652
...    55 T-A ...
  -93.2698  -59.4682  -27.5872
    0.6242   -0.6620   -0.4148
   -0.7791   -0.5670   -0.2675
   -0.0581    0.4901   -0.8697
...    56 A-T ...
  -93.5163  -57.9193  -30.5068
    0.0592   -0.8734   -0.4834
   -0.9978   -0.0665   -0.0020
   -0.0305    0.4824   -0.8754
...    57 T-A ...
  -92.9076  -56.4377  -33.3999
   -0.4468   -0.7790   -0.4399
   -0.8944    0.3773    0.2403
   -0.0212    0.5008   -0.8653
...    58 C-G ...
  -92.8929  -54.8929  -36.2837
   -0.8805   -0.4225   -0.2149
   -0.4732    0.7563    0.4518
   -0.0284    0.4995   -0.8658
...    59 T-A ...
  -93.0116  -53.5492  -39.2938
   -0.9966   -0.0024    0.0826
    0.0395    0.8643    0.5014
   -0.0726    0.5029   -0.8613
...    60 C-G ...
  -93.2846  -52.0017  -42.1511
   -0.7945    0.4684    0.3864
    0.5994    0.7069    0.3755
   -0.0973    0.5299   -0.8424
...    61 G-C ...
  -93.3997  -50.0199  -44.7920
   -0.3451    0.6834    0.6434
    0.9266    0.3572    0.1176
   -0.1494    0.6367   -0.7565
...    62 A-T ...
  -94.0139  -47.9494  -47.2020
    0.2352    0.7196    0.6534
    0.9620   -0.0766   -0.2619
   -0.1384    0.6902   -0.7103
...    63 G-C ...
  -94.7333  -45.5043  -49.2624
    0.6861    0.5176    0.5112
    0.7228   -0.4051   -0.5599
   -0.0827    0.7536   -0.6520
...    64 C-G ...
  -95.1231  -42.7284  -50.9485
    0.9642    0.1804    0.1941
    0.2640   -0.5898   -0.7632
   -0.0232    0.7872   -0.6163
...    65 T-A ...
  -95.0223  -39.8937  -52.6006
    0.9674   -0.1951   -0.1616
   -0.2454   -0.5627   -0.7894
    0.0631    0.8033   -0.5923
...    66 C-G ...
  -94.5600  -37.2632  -54.4538
    0.6590   -0.5042   -0.5581
   -0.7438   -0.3268   -0.5831
    0.1117    0.7994   -0.5904
...    67 T-A ...
  -93.7695  -34.6486  -56.2936
    0.1880   -0.6345   -0.7498
   -0.9693    0.0031   -0.2457
    0.1582    0.7730   -0.6144
...    68 C-G ...
  -93.1052  -32.2151  -58.3671
   -0.4028   -0.5259   -0.7491
   -0.8998    0.3777    0.2186
    0.1679    0.7621   -0.6253
...    69 A-T ...
  -92.7275  -29.6260  -60.3691
   -0.8441   -0.2796   -0.4575
   -0.5224    0.6209    0.5845
    0.1206    0.7323   -0.6702
...    70 T-A ...
  -92.1214  -27.7241  -62.9956
   -0.9907    0.0727   -0.1148
   -0.0367    0.6705    0.7410
    0.1308    0.7384   -0.6616
...    71 G-C ...
  -91.8325  -25.1674  -65.0653
   -0.8616    0.3464    0.3711
    0.5060    0.5268    0.6830
    0.0411    0.7762   -0.6292
...    72 T-A ...
  -92.1753  -22.8963  -67.4202
   -0.4960    0.5293    0.6883
    0.8679    0.2773    0.4122
    0.0273    0.8018   -0.5969
...    73 T-A ...
  -92.3715  -20.3381  -69.3848
    0.0478    0.5679    0.8217
    0.9983   -0.0542   -0.0206
    0.0328    0.8213   -0.5695
...    74 A-T ...
  -92.6558  -17.3911  -70.9104
    0.5257    0.3160    0.7898
    0.8456   -0.2949   -0.4449
    0.0924    0.9018   -0.4223
...    75 T-A ...
  -92.8032  -14.2479  -71.7869
    0.8642    0.1072    0.4917
    0.4901   -0.4012   -0.7738
    0.1143    0.9097   -0.3993
...    76 A-T ...
  -92.2718  -11.0735  -72.6128
    0.9649   -0.2473    0.0884
   -0.0038   -0.3500   -0.9368
    0.2626    0.9035   -0.3386
...    77 A-T ...
  -91.2734   -8.0972  -73.3984
    0.8050   -0.4093   -0.4294
   -0.5211   -0.1418   -0.8417
    0.2836    0.9013   -0.3274
...    78 C-G ...
  -89.8350   -5.1939  -74.0218
    0.4279   -0.4463   -0.7860
   -0.8470    0.1056   -0.5210
    0.3155    0.8886   -0.3329
...    79 G-C ...
  -89.0672   -2.3020  -75.4293
   -0.1239   -0.3908   -0.9121
   -0.9267    0.3743   -0.0344
    0.3548    0.8410   -0.4085
...    80 G-C ...
  -87.6180    0.3093  -76.9751
   -0.6144   -0.1832   -0.7674
   -0.7133    0.5446    0.4411
    0.3372    0.8184   -0.4653
...    81 A-T ...
  -86.4235    2.9085  -78.5542
   -0.9172    0.1518   -0.3685
   -0.2323    0.5477    0.8038
    0.3238    0.8228   -0.4671
...    82 G-C ...
  -85.4013    5.4574  -80.3755
   -0.9240    0.3651    0.1136
    0.2614    0.3865    0.8845
    0.2790    0.8469   -0.4526
...    83 G-C ...
  -84.6626    8.2096  -82.1645
   -0.6755    0.4355    0.5950
    0.7034    0.1388    0.6971
    0.2210    0.8894   -0.4001
...    84 G-C ...
  -84.2890   11.2057  -83.6507
   -0.2400    0.3502    0.9054
    0.9514   -0.1003    0.2910
    0.1928    0.9313   -0.3091
...    85 A-T ...
  -83.7990   14.2531  -84.6330
    0.3136    0.1734    0.9336
    0.9259   -0.2739   -0.2601
    0.2106    0.9460   -0.2465
...    86 T-A ...
  -83.6652   17.4900  -85.0448
    0.7122   -0.0106    0.7019
    0.6632   -0.3177   -0.6777
    0.2301    0.9481   -0.2192
...    87 C-G ...
  -82.8555   20.5859  -85.5274
    0.9428   -0.2467    0.2241
    0.1670   -0.2322   -0.9582
    0.2884    0.9409   -0.1777
...    88 C-G ...
  -81.6095   23.7042  -85.6670
    0.8607   -0.4263   -0.2784
   -0.3208   -0.0296   -0.9467
    0.3953    0.9041   -0.1623
...    89 G-C ...
  -80.1708   26.5377  -86.5773
    0.5106   -0.4759   -0.7161
   -0.6928    0.2655   -0.6704
    0.5092    0.8385   -0.1941
...    90 C-G ...
  -78.0863   29.0254  -87.1367
    0.0493   -0.2902   -0.9557
   -0.8404    0.5051   -0.1967
    0.5398    0.8128   -0.2190
...    91 T-A ...
  -76.0222   31.4491  -87.9992
   -0.4035   -0.0167   -0.9148
   -0.7309    0.6074    0.3112
    0.5505    0.7942   -0.2573
...    92 T-A ...
  -73.9840   33.7989  -88.9607
   -0.7213    0.3592   -0.5923
   -0.3846    0.5035    0.7737
    0.5761    0.7858   -0.2250
...    93 T-A ...
  -71.9986   36.1754  -89.9592
   -0.7958    0.6022   -0.0644
    0.0729    0.2008    0.9769
    0.6012    0.7727   -0.2036
...    94 A-T ...
  -70.0195   38.7587  -90.5691
   -0.6452    0.5685    0.5105
    0.5044   -0.1850    0.8434
    0.5739    0.8016   -0.1674
...    95 A-T ...
  -68.3720   41.4538  -91.2730
   -0.2789    0.3585    0.8909
    0.7658   -0.4767    0.4316
    0.5794    0.8027   -0.1416
...    96 C-G ...
  -67.0313   44.3902  -91.7755
    0.1028    0.0264    0.9943
    0.8046   -0.5899   -0.0675
    0.5848    0.8070   -0.0819
...    97 A-T ...
  -65.1396   47.1375  -91.8491
    0.4048   -0.4130    0.8158
    0.6606   -0.4848   -0.5732
    0.6323    0.7710    0.0765
...    98 C-G ...
  -63.4311   49.7871  -91.0277
    0.6360   -0.6466    0.4212
    0.3937   -0.1976   -0.8977
    0.6637    0.7368    0.1289
...    99 T-A ...
  -61.2404   52.0591  -90.1462
    0.6863   -0.7216   -0.0908
    0.0670    0.1870   -0.9801
    0.7242    0.6666    0.1768
...   100 T-A ...
  -58.8520   54.0591  -89.2749
    0.6049   -0.5095   -0.6120
   -0.2991    0.5669   -0.7675
    0.7380    0.6473    0.1905
...   101 T-A ...
  -56.3193   55.9064  -88.4365
    0.3533   -0.0983   -0.9303
   -0.5718    0.7644   -0.2979
    0.7404    0.6372    0.2139
...   102 A-T ...
  -54.0342   58.2204  -87.7366
   -0.0405    0.3901   -0.9199
   -0.6621    0.6790    0.3171
    0.7483    0.6219    0.2308
...   103 T-A ...
  -51.1633   59.8203  -87.3455
   -0.3461    0.6934   -0.6320
   -0.5590    0.3887    0.7325
    0.7535    0.6068    0.2530
...   104 G-C ...
  -48.8446   61.9524  -86.3897
   -0.6494    0.7477   -0.1387
   -0.2741   -0.0600    0.9598
    0.7094    0.6613    0.2440
...   105 C-G ...
  -46.4661   64.1939  -85.9757
   -0.7281    0.5726    0.3768
    0.0991   -0.4560    0.8844
    0.6783    0.6813    0.2753
...   106 T-A ...
  -44.4413   66.6843  -85.2527
   -0.6340    0.2185    0.7419
    0.4420   -0.6848    0.5794
    0.6346    0.6952    0.3376
...   107 T-A ...
  -42.5768   69.1190  -84.2465
   -0.3292   -0.2120    0.9201
    0.7076   -0.7006    0.0917
    0.6252    0.6813    0.3807
...   108 C-G ...
  -40.6880   71.3647  -82.8920
    0.0605   -0.6167    0.7848
    0.7813   -0.4600   -0.4218
    0.6212    0.6388    0.4540
...   109 C-G ...
  -38.9366   73.4638  -80.9390
    0.3598   -0.8418    0.4023
    0.6711   -0.0660   -0.7384
    0.6482    0.5357    0.5412
...   110 G-C ...
  -36.5216   74.8818  -79.1905
    0.5502   -0.8262   -0.1216
    0.4489    0.4153   -0.7912
    0.7042    0.3807    0.5994
...   111 G-C ...
  -34.0977   75.5766  -76.9580
    0.6390   -0.5239   -0.5632
    0.1544    0.8047   -0.5733
    0.7536    0.2793    0.5951
...   112 C-G ...
  -31.4952   75.9833  -74.9738
    0.6029   -0.0231   -0.7975
   -0.1747    0.9715   -0.1602
    0.7785    0.2359    0.5816
...   113 T-A ...
  -28.7508   76.4095  -73.1870
    0.4126    0.4768   -0.7762
   -0.4317    0.8527    0.2943
    0.8022    0.2136    0.5576
...   114 C-G ...
  -26.0299   77.0416  -71.4671
    0.0929    0.8874   -0.4515
   -0.5899    0.4144    0.6930
    0.8021    0.2020    0.5620
...   115 G-C ...
  -23.6948   77.7530  -69.2287
   -0.3007    0.9532   -0.0313
   -0.5548   -0.1481    0.8187
    0.7758    0.2636    0.5734
...   116 T-A ...
  -20.8818   78.8394  -67.8417
   -0.5580    0.7398    0.3761
   -0.3432   -0.6183    0.7070
    0.7556    0.2654    0.5989
...   117 A-T ...
  -18.4192   79.8858  -65.8956
   -0.7328    0.2612    0.6283
    0.0050   -0.9213    0.3888
    0.6804    0.2881    0.6738
...   118 T-A ...
  -16.4043   81.4436  -63.8539
   -0.6650   -0.2249    0.7122
    0.3521   -0.9354    0.0335
    0.6586    0.2730    0.7012
...   119 A-T ...
  -14.8040   82.7867  -61.2196
   -0.5641   -0.6838    0.4628
    0.6455   -0.7147   -0.2692
    0.5149    0.1468    0.8446
...   120 A-T ...
  -13.4337   83.2795  -58.3541
   -0.1778   -0.9651    0.1921
    0.8585   -0.2475   -0.4491
    0.4810    0.0850    0.8726
...   121 T-A ...
  -12.5197   83.4846  -55.2373
    0.2334   -0.9690   -0.0807
    0.8501    0.2437   -0.4668
    0.4720    0.0403    0.8807
...   122 G-C ...
  -10.8337   83.2249  -52.3954
    0.5871   -0.6894   -0.4243
    0.6329    0.7177   -0.2904
    0.5047   -0.0980    0.8577
...   123 T-A ...
   -9.4692   82.2965  -49.5486
    0.8159   -0.2325   -0.5293
    0.2681    0.9633   -0.0099
    0.5122   -0.1339    0.8483
...   124 G-C ...
   -7.5670   82.0574  -46.8711
    0.7990    0.3561   -0.4845
   -0.2104    0.9204    0.3295
    0.5633   -0.1613    0.8104
...   125 T-A ...
   -5.4774   81.0110  -44.4915
    0.5828    0.7773   -0.2370
   -0.5900    0.6053    0.5343
    0.5587   -0.1715    0.8114
...   126 C-G ...
   -3.5534   80.3874  -41.9076
    0.1343    0.9829    0.1256
   -0.8262    0.0411    0.5618
    0.5471   -0.1792    0.8177
...   127 G-C ...
   -2.1625   79.5995  -39.0098
   -0.3836    0.8598    0.3370
   -0.7828   -0.4963    0.3753
    0.4899   -0.1198    0.8635
...   128 A-T ...
   -0.4432   79.1815  -36.2836
   -0.7807    0.4376    0.4461
   -0.4448   -0.8906    0.0952
    0.4390   -0.1241    0.8899
...   129 C-G ...
    1.0481   79.3847  -33.3911
   -0.9237   -0.0506    0.3797
   -0.0052   -0.9895   -0.1445
    0.3830   -0.1355    0.9138
...   130 C-G ...
    2.1394   79.3431  -30.2075
   -0.8502   -0.5123    0.1212
    0.4585   -0.8338   -0.3075
    0.2586   -0.2059    0.9438
...   131 A-T ...
    2.6739   78.6555  -26.9814
   -0.5379   -0.8130   -0.2229
    0.8353   -0.4783   -0.2711
    0.1138   -0.3319    0.9364
...   132 A-T ...
    2.6954   77.5307  -23.9677
   -0.0233   -0.9212   -0.3883
    0.9969    0.0079   -0.0785
    0.0754   -0.3889    0.9182
...   133 A-T ...
    2.6291   76.0911  -21.0797
    0.5122   -0.7624   -0.3955
    0.8569    0.4848    0.1754
    0.0580   -0.4287    0.9016
...   134 T-A ...
    2.3075   74.2308  -18.3903
    0.8657   -0.4293   -0.2574
    0.4984    0.7868    0.3641
    0.0462   -0.4435    0.8951
...   135 G-C ...
    1.4353   72.0971  -15.6050
    0.9809    0.0621    0.1843
   -0.1263    0.9241    0.3607
   -0.1479   -0.3771    0.9143
...   136 T-A ...
    0.5278   69.2393  -13.4689
    0.7351    0.4963    0.4618
   -0.6117    0.7792    0.1365
   -0.2921   -0.3828    0.8764
...   137 G-C ...
   -0.1660   67.4106  -10.8095
    0.1800    0.8794    0.4408
   -0.9276    0.3008   -0.2214
   -0.3274   -0.3691    0.8698
...   138 A-T ...
   -0.1322   66.2180   -7.8216
   -0.3749    0.8570    0.3536
   -0.8857   -0.2184   -0.4098
   -0.2739   -0.4668    0.8409
...   139 G-C ...
   -1.0070   65.6075   -4.9425
   -0.8336    0.5218    0.1811
   -0.5170   -0.6220   -0.5881
   -0.1942   -0.5839    0.7883
...   140 C-G ...
   -0.6975   63.9004   -2.2528
   -0.9992    0.0157   -0.0376
    0.0023   -0.8993   -0.4374
   -0.0406   -0.4371    0.8985
...   141 G-C ...
   -3.4383   60.2385    1.0283
   -0.4425    0.2285   -0.8672
    0.1683   -0.9287   -0.3306
   -0.8808   -0.2922    0.3725
...   142 C-G ...
   -6.3289   59.0834    1.6293
   -0.2970   -0.3280   -0.8968
    0.5656   -0.8171    0.1115
   -0.7693   -0.4741    0.4282
...   143 T-A ...
   -8.6769   58.7243    3.6024
   -0.0347   -0.7817   -0.6227
    0.6533   -0.4893    0.5778
   -0.7563   -0.3868    0.5276
...   144 C-G ...
  -11.6545   58.0114    4.7193
    0.2451   -0.9542   -0.1716
    0.6322    0.0231    0.7745
   -0.7350   -0.2983    0.6089
...   145 A-T ...
  -14.1761   56.5669    6.1806
    0.5795   -0.7268    0.3687
    0.3139    0.6165    0.7220
   -0.7521   -0.3027    0.5855
...   146 C-G ...
  -16.4652   53.8949    7.5153
    0.5336   -0.3331    0.7774
   -0.0346    0.9098    0.4136
   -0.8450   -0.2476    0.4739
...   147 A-T ...
  -19.0173   52.0374    8.9260
    0.2452    0.2907    0.9249
   -0.3073    0.9281   -0.2103
   -0.9195   -0.2327    0.3169
