  147 base-pairs
...     1 A-T ...
    0.0000    0.0000    0.0000
    1.0000    0.0000    0.0000
    0.0000    1.0000    0.0000
    0.0000    0.0000    1.0000
...     2 G-C ...
   -0.1404   -1.2353    3.2259
    0.7530    0.6366    0.1668
   -0.6385    0.7681   -0.0490
   -0.1593   -0.0696    0.9848
...     3 T-A ...
   -0.0377   -3.2918    6.3749
    0.2722    0.9302    0.2464
   -0.9238    0.3243   -0.2034
   -0.2691   -0.1722    0.9476
...     4 G-C ...
   -0.3520   -4.1638    9.4928
   -0.3756    0.9250    0.0576
   -0.8780   -0.3352   -0.3416
   -0.2967   -0.1788    0.9381
...     5 A-T ...
   -0.4480   -4.1448   12.7498
   -0.8116    0.5839   -0.0166
   -0.5522   -0.7762   -0.3042
   -0.1905   -0.2377    0.9525
...     6 G-C ...
   -1.5926   -4.1701   15.6201
   -0.9976    0.0246   -0.0651
   -0.0043   -0.9555   -0.2950
   -0.0694   -0.2940    0.9533
...     7 C-G ...
   -1.1050   -4.4793   18.7363
   -0.8442   -0.5302   -0.0787
    0.5343   -0.8442   -0.0430
   -0.0437   -0.0784    0.9960
...     8 G-C ...
   -2.4044   -7.7255   23.1483
   -0.2753   -0.3294   -0.9032
    0.6650   -0.7437    0.0686
   -0.6943   -0.5817    0.4238
...     9 C-G ...
   -4.4706   -9.9691   24.1142
    0.1145   -0.7026   -0.7023
    0.8512   -0.2951    0.4341
   -0.5123   -0.6475    0.5642
...    10 T-A ...
   -6.7420  -10.8705   25.9717
    0.4841   -0.8363   -0.2573
    0.6594    0.1554    0.7356
   -0.5752   -0.5257    0.6267
...    11 C-G ...
   -9.1682  -12.6167   27.1662
    0.7073   -0.6683    0.2306
    0.3450    0.6110    0.7125
   -0.6170   -0.4243    0.6627
...    12 A-T ...
  -10.9253  -14.6583   29.0713
    0.7515   -0.1377    0.6452
   -0.2027    0.8824    0.4245
   -0.6278   -0.4498    0.6352
...    13 C-G ...
  -11.8495  -17.4796   31.2472
    0.4294    0.2824    0.8578
   -0.5708    0.8209    0.0155
   -0.6998   -0.4963    0.5137
...    14 A-T ...
  -13.5915  -19.7756   33.4284
   -0.1503    0.6106    0.7775
   -0.6874    0.5007   -0.5261
   -0.7106   -0.6135    0.3445
...    15 A-T ...
  -15.6876  -21.8623   34.7600
   -0.5069    0.7796    0.3677
   -0.4767    0.1018   -0.8731
   -0.7182   -0.6179    0.3201
...    16 T-A ...
  -17.7831  -23.7583   36.4185
   -0.6610    0.7429   -0.1055
   -0.1634   -0.2798   -0.9461
   -0.7324   -0.6081    0.3063
...    17 T-A ...
  -20.1639  -25.5623   37.6318
   -0.6097    0.5121   -0.6049
    0.2170   -0.6262   -0.7489
   -0.7623   -0.5879    0.2707
...    18 T-A ...
  -22.7488  -27.2180   38.5943
   -0.3537    0.1477   -0.9236
    0.4987   -0.8056   -0.3198
   -0.7913   -0.5738    0.2113
...    19 A-T ...
  -25.8590  -28.4541   38.9533
    0.1042   -0.1012   -0.9894
    0.5538   -0.8204    0.1422
   -0.8261   -0.5627   -0.0295
...    20 T-A ...
  -28.8327  -29.7162   38.5284
    0.3853   -0.4592   -0.8005
    0.4196   -0.6854    0.5951
   -0.8219   -0.5651   -0.0714
...    21 T-A ...
  -31.5567  -31.3670   37.9927
    0.5662   -0.7432   -0.3564
    0.1247   -0.3502    0.9284
   -0.8148   -0.5701   -0.1056
...    22 C-G ...
  -34.0604  -33.3588   37.4297
    0.5565   -0.7990    0.2280
   -0.2482    0.1020    0.9633
   -0.7929   -0.5927   -0.1415
...    23 G-C ...
  -36.6566  -35.3907   37.3869
    0.3842   -0.5778    0.7201
   -0.5551    0.4787    0.6802
   -0.7377   -0.6611   -0.1368
...    24 C-G ...
  -38.8048  -37.8295   36.8025
    0.0403   -0.2236    0.9739
   -0.6830    0.7052    0.1901
   -0.7293   -0.6728   -0.1243
...    25 A-T ...
  -41.3597  -39.8467   36.3690
   -0.3060    0.2449    0.9200
   -0.5939    0.7062   -0.3855
   -0.7441   -0.6643   -0.0707
...    26 A-T ...
  -43.5952  -42.2040   36.3116
   -0.6003    0.5794    0.5513
   -0.3044    0.4719   -0.8274
   -0.7396   -0.6645   -0.1070
...    27 A-T ...
  -45.9502  -44.4254   36.2387
   -0.6618    0.7496    0.0128
    0.0896    0.0959   -0.9913
   -0.7443   -0.6550   -0.1306
...    28 G-C ...
  -48.5252  -46.4415   36.1035
   -0.4543    0.7637   -0.4587
    0.4150   -0.2742   -0.8675
   -0.7883   -0.5845   -0.1923
...    29 G-C ...
  -51.4299  -48.0740   35.6865
   -0.0760    0.5976   -0.7982
    0.5730   -0.6289   -0.5254
   -0.8160   -0.4973   -0.2947
...    30 C-G ...
  -54.3422  -49.1914   34.7558
    0.2980    0.2378   -0.9245
    0.5110   -0.8577   -0.0559
   -0.8063   -0.4558   -0.3771
...    31 C-G ...
  -57.0876  -50.2328   33.1218
    0.6102   -0.1698   -0.7738
    0.2487   -0.8863    0.3906
   -0.7522   -0.4308   -0.4986
...    32 G-C ...
  -59.2268  -51.9294   31.2611
    0.7416   -0.5490   -0.3856
   -0.1730   -0.7118    0.6808
   -0.6482   -0.4382   -0.6228
...    33 G-C ...
  -60.9699  -53.3588   28.7498
    0.5857   -0.8076    0.0689
   -0.5750   -0.3540    0.7376
   -0.5713   -0.4717   -0.6717
...    34 C-G ...
  -62.4548  -54.9787   26.2778
    0.1953   -0.8638    0.4644
   -0.8181    0.1176    0.5629
   -0.5408   -0.4899   -0.6838
...    35 C-G ...
  -63.9943  -56.8560   23.9460
   -0.2552   -0.6472    0.7183
   -0.8084    0.5505    0.2087
   -0.5305   -0.5274   -0.6636
...    36 C-G ...
  -65.5842  -58.8520   21.7511
   -0.6247   -0.2276    0.7469
   -0.5459    0.8113   -0.2093
   -0.5584   -0.5385   -0.6311
...    37 G-C ...
  -67.5397  -60.1962   19.4397
   -0.7712    0.2972    0.5629
   -0.1010    0.8160   -0.5691
   -0.6285   -0.4958   -0.5993
...    38 A-T ...
  -69.5048  -61.9224   17.5050
   -0.6650    0.7277    0.1680
    0.3698    0.5162   -0.7725
   -0.6489   -0.4516   -0.6124
...    39 C-G ...
  -71.9446  -63.5039   16.0115
   -0.3577    0.9112   -0.2044
    0.6563    0.0896   -0.7491
   -0.6643   -0.4022   -0.6301
...    40 A-T ...
  -74.2454  -64.6984   13.9234
    0.1445    0.8796   -0.4532
    0.7276   -0.4049   -0.5539
   -0.6707   -0.2497   -0.6985
...    41 C-G ...
  -76.7782  -64.9945   11.9115
    0.5281    0.5862   -0.6144
    0.5509   -0.7871   -0.2775
   -0.6463   -0.1919   -0.7386
...    42 G-C ...
  -78.5842  -65.5645    9.2078
    0.8344    0.1277   -0.5361
    0.1602   -0.9870    0.0142
   -0.5273   -0.0978   -0.8440
...    43 A-T ...
  -80.1125  -65.7050    6.3453
    0.8087   -0.4396   -0.3909
   -0.3549   -0.8945    0.2718
   -0.4692   -0.0810   -0.8794
...    44 C-G ...
  -81.1780  -65.4949    3.2302
    0.5328   -0.8269   -0.1800
   -0.7289   -0.5565    0.3989
   -0.4300   -0.0813   -0.8992
...    45 T-A ...
  -82.1825  -65.7377    0.1007
    0.1018   -0.9918    0.0772
   -0.9171   -0.0635    0.3935
   -0.3854   -0.1108   -0.9161
...    46 T-A ...
  -83.0730  -66.0813   -3.0135
   -0.4498   -0.8604    0.2398
   -0.8141    0.5054    0.2862
   -0.3674   -0.0664   -0.9277
...    47 A-T ...
  -84.4711  -65.9400   -6.0423
   -0.8649   -0.3782    0.3300
   -0.3656    0.9252    0.1021
   -0.3439   -0.0324   -0.9384
...    48 C-G ...
  -85.5319  -66.6403   -9.0984
   -0.9253    0.1450    0.3503
    0.1291    0.9893   -0.0685
   -0.3565   -0.0182   -0.9341
...    49 T-A ...
  -86.9222  -66.9362  -12.0687
   -0.7104    0.6221    0.3292
    0.5810    0.7823   -0.2248
   -0.3974    0.0316   -0.9171
...    50 G-C ...
  -88.3512  -66.6384  -15.0455
   -0.2399    0.9265    0.2899
    0.8661    0.3392   -0.3671
   -0.4385    0.1630   -0.8838
...    51 T-A ...
  -90.3218  -66.0760  -17.5841
    0.2440    0.9611    0.1296
    0.8724   -0.1592   -0.4621
   -0.4235    0.2258   -0.8773
...    52 A-T ...
  -92.0495  -64.7603  -20.1316
    0.7072    0.7030    0.0751
    0.6320   -0.5810   -0.5128
   -0.3169    0.4101   -0.8552
...    53 G-C ...
  -93.1267  -63.0335  -22.7014
    0.9522    0.2882   -0.1010
    0.1981   -0.8346   -0.5141
   -0.2325    0.4695   -0.8518
...    54 G-C ...
  -93.5344  -60.9852  -25.3511
    0.9383   -0.2248   -0.2629
   -0.3246   -0.8347   -0.4449
   -0.1195    0.5028   -0.8561
...    55 T-A ...
  -93.5022  -58.8878  -27.8863
    0.6524   -0.6262   -0.4268
   -0.7534   -0.5971   -0.2755
   -0.0823    0.5013   -0.8614
...    56 A-T ...
  -93.7919  -57.2996  -30.7772
    0.1038   -0.8643   -0.4922
   -0.9932   -0.1160   -0.0058
   -0.0521    0.4895   -0.8704
...    57 T-A ...
  -93.2498  -55.7612  -33.6520
   -0.4051   -0.7968   -0.4484
   -0.9132    0.3291    0.2403
   -0.0439    0.5068   -0.8609
...    58 C-G ...
  -93.3061  -54.1977  -36.5232
   -0.8561   -0.4668   -0.2216
   -0.5142    0.7270    0.4551
   -0.0513    0.5036   -0.8624
...    59 T-A ...
  -93.4840  -52.8445  -39.5245
   -0.9953   -0.0569    0.0778
   -0.0097    0.8623    0.5063
   -0.0959    0.5032   -0.8588
...    60 C-G ...
  -93.8332  -51.2993  -42.3735
   -0.8212    0.4221    0.3841
    0.5575    0.7373    0.3816
   -0.1221    0.5275   -0.8407
...    61 G-C ...
  -94.0447  -49.3129  -45.0025
   -0.3863    0.6617    0.6426
    0.9045    0.4082    0.1235
   -0.1806    0.6289   -0.7562
...    62 A-T ...
  -94.7611  -47.2769  -47.4138
    0.1903    0.7315    0.6547
    0.9664   -0.0222   -0.2561
   -0.1728    0.6815   -0.7112
...    63 G-C ...
  -95.6059  -44.8778  -49.4805
    0.6520    0.5568    0.5147
    0.7484   -0.3640   -0.5544
   -0.1213    0.7467   -0.6540
...    64 T-A ...
  -96.2788  -42.1195  -51.0947
    0.9411    0.2637    0.2115
    0.3297   -0.5771   -0.7472
   -0.0750    0.7730   -0.6300
...    65 C-G ...
  -96.3337  -39.4846  -52.9812
    0.9682   -0.1414   -0.2065
   -0.2498   -0.5981   -0.7615
   -0.0158    0.7889   -0.6144
...    66 A-T ...
  -96.2021  -36.8983  -55.0418
    0.6825   -0.5202   -0.5134
   -0.7239   -0.3846   -0.5727
    0.1005    0.7626   -0.6391
...    67 T-A ...
  -95.2597  -34.2667  -56.7830
    0.2386   -0.6374   -0.7327
   -0.9652   -0.0723   -0.2515
    0.1073    0.7672   -0.6324
...    68 G-C ...
  -95.0660  -31.8640  -59.0294
   -0.3411   -0.6258   -0.7014
   -0.9333    0.3148    0.1730
    0.1125    0.7136   -0.6914
...    69 T-A ...
  -94.1855  -29.8282  -61.4926
   -0.7684   -0.3875   -0.5093
   -0.6314    0.5889    0.5046
    0.1044    0.7093   -0.6971
...    70 T-A ...
  -93.6518  -27.7408  -63.9260
   -0.9870    0.0210   -0.1592
   -0.1001    0.6945    0.7125
    0.1255    0.7192   -0.6834
...    71 A-T ...
  -93.2798  -25.3130  -66.1392
   -0.8778    0.3691    0.3054
    0.4722    0.5594    0.6813
    0.0806    0.7422   -0.6653
...    72 T-A ...
  -93.4990  -23.2203  -68.6579
   -0.5366    0.5853    0.6079
    0.8400    0.3018    0.4509
    0.0804    0.7526   -0.6536
...    73 A-T ...
  -93.6278  -20.6480  -70.7464
   -0.0386    0.5418    0.8396
    0.9978   -0.0240    0.0613
    0.0534    0.8402   -0.5397
...    74 A-T ...
  -93.7235  -17.8510  -72.3547
    0.4977    0.4103    0.7642
    0.8647   -0.3035   -0.4002
    0.0677    0.8600   -0.5058
...    75 C-G ...
  -93.9101  -14.8045  -73.5209
    0.8538    0.1592    0.4956
    0.5098   -0.4485   -0.7341
    0.1054    0.8795   -0.4641
...    76 G-C ...
  -93.1985  -11.9872  -75.0875
    0.9686   -0.2245    0.1069
    0.0056   -0.4099   -0.9121
    0.2486    0.8840   -0.3958
...    77 G-C ...
  -91.9887   -8.9762  -75.9941
    0.8066   -0.4836   -0.3400
   -0.4756   -0.1895   -0.8590
    0.3510    0.8545   -0.3828
...    78 A-T ...
  -90.6595   -6.2370  -77.1625
    0.3838   -0.5287   -0.7570
   -0.8390    0.1427   -0.5250
    0.3857    0.8367   -0.3888
...    79 C-G ...
  -88.7978   -3.7282  -78.2621
   -0.0989   -0.3938   -0.9139
   -0.9104    0.4066   -0.0767
    0.4018    0.8244   -0.3987
...    80 T-A ...
  -87.2024   -1.2425  -79.7309
   -0.5625   -0.1588   -0.8114
   -0.7242    0.5681    0.3908
    0.3989    0.8075   -0.4346
...    81 C-G ...
  -85.8582    1.3157  -81.2596
   -0.8814    0.1869   -0.4337
   -0.2691    0.5560    0.7864
    0.3881    0.8099   -0.4398
...    82 G-C ...
  -84.6413    4.1923  -82.3470
   -0.9214    0.3749    0.1020
    0.2483    0.3665    0.8967
    0.2988    0.8515   -0.4308
...    83 G-C ...
  -83.8410    6.9691  -84.0693
   -0.6828    0.4318    0.5893
    0.6906    0.1181    0.7136
    0.2385    0.8942   -0.3789
...    84 G-C ...
  -83.4149    9.9912  -85.4869
   -0.2554    0.3356    0.9067
    0.9444   -0.1144    0.3083
    0.2072    0.9350   -0.2878
...    85 A-T ...
  -82.8810   13.0534  -86.3980
    0.2959    0.1538    0.9427
    0.9289   -0.2765   -0.2465
    0.2227    0.9486   -0.2247
...    86 T-A ...
  -82.7158   16.2968  -86.7477
    0.6980   -0.0282    0.7155
    0.6743   -0.3103   -0.6701
    0.2409    0.9502   -0.1976
...    87 C-G ...
  -81.8767   19.3959  -87.1578
    0.9369   -0.2561    0.2379
    0.1843   -0.2163   -0.9588
    0.2970    0.9421   -0.1554
...    88 C-G ...
  -80.6150   22.5105  -87.2195
    0.8640   -0.4253   -0.2695
   -0.3030   -0.0117   -0.9529
    0.4021    0.9050   -0.1390
...    89 G-C ...
  -79.1564   25.3568  -88.0525
    0.5224   -0.4651   -0.7147
   -0.6798    0.2787   -0.6784
    0.5147    0.8402   -0.1706
...    90 C-G ...
  -77.0592   27.8506  -88.5277
    0.0662   -0.2745   -0.9593
   -0.8359    0.5097   -0.2035
    0.5448    0.8154   -0.1957
...    91 T-A ...
  -74.9778   30.2851  -89.3122
   -0.3868   -0.0021   -0.9222
   -0.7362    0.6029    0.3074
    0.5553    0.7978   -0.2347
...    92 T-A ...
  -72.9243   32.6495  -90.2003
   -0.7109    0.3670   -0.5999
   -0.3990    0.4920    0.7738
    0.5791    0.7895   -0.2033
...    93 T-A ...
  -70.9273   35.0435  -91.1289
   -0.7963    0.6007   -0.0707
    0.0545    0.1878    0.9807
    0.6024    0.7771   -0.1823
...    94 A-T ...
  -68.9567   37.6449  -91.6816
   -0.6591    0.5578    0.5044
    0.4888   -0.1920    0.8510
    0.5715    0.8075   -0.1461
...    95 A-T ...
  -67.3168   40.3608  -92.3196
   -0.2996    0.3459    0.8892
    0.7607   -0.4760    0.4414
    0.5759    0.8086   -0.1205
...    96 C-G ...
  -65.9904   43.3141  -92.7598
    0.0825    0.0161    0.9965
    0.8107   -0.5826   -0.0577
    0.5796    0.8126   -0.0611
...    97 A-T ...
  -64.1218   46.0771  -92.7650
    0.3924   -0.4178    0.8195
    0.6762   -0.4730   -0.5649
    0.6236    0.7757    0.0969
...    98 C-G ...
  -62.4545   48.7347  -91.8838
    0.6339   -0.6445    0.4275
    0.4131   -0.1851   -0.8917
    0.6538    0.7418    0.1489
...    99 T-A ...
  -60.3055   51.0210  -90.9387
    0.6955   -0.7136   -0.0837
    0.0840    0.1964   -0.9769
    0.7136    0.6724    0.1966
...   100 T-A ...
  -57.9570   53.0392  -90.0028
    0.6222   -0.4978   -0.6042
   -0.2904    0.5700   -0.7686
    0.7270    0.6537    0.2101
...   101 T-A ...
  -55.4624   54.9076  -89.1004
    0.3722   -0.0876   -0.9240
   -0.5744    0.7602   -0.3035
    0.7290    0.6437    0.2326
...   102 A-T ...
  -53.2098   57.2331  -88.3448
   -0.0277    0.3928   -0.9192
   -0.6753    0.6706    0.3069
    0.7370    0.6293    0.2466
...   103 T-A ...
  -50.3655   58.8636  -87.8969
   -0.3423    0.6909   -0.6368
   -0.5766    0.3807    0.7229
    0.7418    0.6147    0.2681
...   104 G-C ...
  -48.0893   61.0228  -86.9007
   -0.6556    0.7400   -0.1502
   -0.2910   -0.0641    0.9546
    0.6968    0.6695    0.2573
...   105 C-G ...
  -45.7495   63.2955  -86.4434
   -0.7417    0.5637    0.3634
    0.0886   -0.4547    0.8862
    0.6648    0.6895    0.2873
...   106 T-A ...
  -43.7702   65.8119  -85.6856
   -0.6498    0.2113    0.7302
    0.4399   -0.6788    0.5879
    0.6199    0.7033    0.3481
...   107 T-A ...
  -41.9548   68.2722  -84.6509
   -0.3423   -0.2145    0.9148
    0.7145   -0.6917    0.1052
    0.6102    0.6896    0.3900
...   108 C-G ...
  -40.1174   70.5446  -83.2697
    0.0551   -0.6140    0.7874
    0.7939   -0.4513   -0.4075
    0.6056    0.6475    0.4626
...   109 C-G ...
  -38.4254   72.6736  -81.2963
    0.3636   -0.8360    0.4109
    0.6837   -0.0601   -0.7273
    0.6327    0.5454    0.5498
...   110 G-C ...
  -36.0586   74.1321  -79.5169
    0.5619   -0.8199   -0.1097
    0.4558    0.4176   -0.7860
    0.6902    0.3917    0.6084
...   111 G-C ...
  -33.6804   74.8691  -77.2503
    0.6534   -0.5189   -0.5512
    0.1533    0.8037   -0.5750
    0.7414    0.2912    0.6046
...   112 C-G ...
  -31.1140   75.3165  -75.2299
    0.6144   -0.0205   -0.7887
   -0.1837    0.9685   -0.1682
    0.7673    0.2482    0.5913
...   113 T-A ...
  -28.4002   75.7846  -73.4086
    0.4177    0.4764   -0.7736
   -0.4451    0.8496    0.2829
    0.7921    0.2262    0.5670
...   114 C-G ...
  -25.7096   76.4600  -71.6594
    0.0891    0.8851   -0.4568
   -0.6033    0.4129    0.6823
    0.7925    0.2148    0.5708
...   115 G-C ...
  -23.4108   77.2184  -69.4003
   -0.3103    0.9497   -0.0426
   -0.5630   -0.1474    0.8132
    0.7660    0.2763    0.5804
...   116 T-A ...
  -20.6262   78.3465  -67.9892
   -0.5698    0.7371    0.3635
   -0.3451   -0.6160    0.7082
    0.7459    0.2781    0.6053
...   117 A-T ...
  -18.1967   79.4327  -66.0239
   -0.7417    0.2592    0.6187
    0.0098   -0.9181    0.3963
    0.6707    0.3000    0.6784
...   118 T-A ...
  -16.2169   81.0269  -63.9751
   -0.6697   -0.2253    0.7076
    0.3605   -0.9317    0.0445
    0.6492    0.2849    0.7052
...   119 A-T ...
  -14.6526   82.4077  -61.3389
   -0.5618   -0.6851    0.4637
    0.6543   -0.7110   -0.2576
    0.5061    0.1587    0.8477
...   120 A-T ...
  -13.3116   82.9386  -58.4664
   -0.1710   -0.9650    0.1989
    0.8643   -0.2438   -0.4399
    0.4730    0.0967    0.8757
...   121 T-A ...
  -12.4251   83.1787  -55.3444
    0.2420   -0.9677   -0.0706
    0.8518    0.2468   -0.4620
    0.4646    0.0516    0.8840
...   122 G-C ...
  -10.7622   82.9554  -52.4860
    0.5949   -0.6887   -0.4144
    0.6299    0.7197   -0.2919
    0.4993   -0.0874    0.8620
...   123 T-A ...
   -9.4114   82.0601  -49.6237
    0.8207   -0.2316   -0.5223
    0.2620    0.9649   -0.0161
    0.5077   -0.1237    0.8526
...   124 G-C ...
   -7.5218   81.8527  -46.9348
    0.7996    0.3566   -0.4832
   -0.2173    0.9219    0.3209
    0.5599   -0.1516    0.8146
...   125 T-A ...
   -5.4378   80.8383  -44.5374
    0.5799    0.7784   -0.2405
   -0.5957    0.6065    0.5266
    0.5558   -0.1621    0.8154
...   126 C-G ...
   -3.5209   80.2481  -41.9408
    0.1291    0.9845    0.1187
   -0.8288    0.0414    0.5580
    0.5445   -0.1704    0.8213
...   127 G-C ...
   -2.1394   79.4904  -39.0314
   -0.3885    0.8604    0.3299
   -0.7819   -0.4972    0.3760
    0.4876   -0.1119    0.8659
...   128 A-T ...
   -0.4255   79.0973  -36.2977
   -0.7837    0.4370    0.4413
   -0.4413   -0.8918    0.0994
    0.4370   -0.1169    0.8918
...   129 C-G ...
    1.0582   79.3231  -33.4026
   -0.9244   -0.0521    0.3778
   -0.0010   -0.9903   -0.1391
    0.3814   -0.1290    0.9154
...   130 C-G ...
    2.1478   79.3055  -30.2176
   -0.8488   -0.5144    0.1220
    0.4618   -0.8337   -0.3028
    0.2575   -0.2007    0.9452
...   131 A-T ...
    2.6782   78.6382  -26.9864
   -0.5357   -0.8150   -0.2207
    0.8368   -0.4775   -0.2679
    0.1129   -0.3282    0.9378
...   132 A-T ...
    2.6974   77.5236  -23.9696
   -0.0216   -0.9222   -0.3861
    0.9970    0.0089   -0.0771
    0.0745   -0.3866    0.9192
...   133 A-T ...
    2.6295   76.0893  -21.0798
    0.5128   -0.7625   -0.3945
    0.8566    0.4852    0.1756
    0.0575   -0.4280    0.9020
...   134 T-A ...
    2.3075   74.2307  -18.3903
    0.8657   -0.4293   -0.2574
    0.4984    0.7868    0.3641
    0.0462   -0.4435    0.8951
...   135 G-C ...
    1.4353   72.0970  -15.6051
    0.9809    0.0621    0.1843
   -0.1263    0.9241    0.3607
   -0.1479   -0.3771    0.9143
...   136 T-A ...
    0.5278   69.2393  -13.4690
    0.7351    0.4963    0.4618
   -0.6117    0.7792    0.1365
   -0.2921   -0.3828    0.8764
...   137 G-C ...
   -0.1660   67.4105  -10.8096
    0.1800    0.8794    0.4408
   -0.9276    0.3008   -0.2214
   -0.3274   -0.3691    0.8698
...   138 A-T ...
   -0.1322   66.2180   -7.8217
   -0.3749    0.8570    0.3536
   -0.8857   -0.2184   -0.4098
   -0.2739   -0.4668    0.8409
...   139 G-C ...
   -1.0070   65.6075   -4.9425
   -0.8336    0.5218    0.1811
   -0.5170   -0.6220   -0.5881
   -0.1942   -0.5839    0.7883
...   140 C-G ...
   -0.6975   63.9003   -2.2529
   -0.9992    0.0157   -0.0376
    0.0023   -0.8993   -0.4374
   -0.0406   -0.4371    0.8985
...   141 G-C ...
   -3.4383   60.2385    1.0283
   -0.4425    0.2285   -0.8672
    0.1683   -0.9287   -0.3306
   -0.8808   -0.2922    0.3725
...   142 C-G ...
   -6.3289   59.0834    1.6293
   -0.2970   -0.3280   -0.8968
    0.5656   -0.8171    0.1115
   -0.7693   -0.4741    0.4282
...   143 T-A ...
   -8.6769   58.7243    3.6023
   -0.0347   -0.7817   -0.6227
    0.6533   -0.4893    0.5778
   -0.7563   -0.3868    0.5276
...   144 C-G ...
  -11.6545   58.0114    4.7192
    0.2451   -0.9542   -0.1716
    0.6322    0.0231    0.7745
   -0.7350   -0.2983    0.6089
...   145 A-T ...
  -14.1761   56.5668    6.1806
    0.5795   -0.7268    0.3687
    0.3139    0.6165    0.7220
   -0.7521   -0.3027    0.5855
...   146 C-G ...
  -16.4652   53.8949    7.5152
    0.5336   -0.3331    0.7774
   -0.0346    0.9098    0.4136
   -0.8450   -0.2476    0.4739
...   147 A-T ...
  -19.0173   52.0374    8.9260
    0.2452    0.2907    0.9249
   -0.3073    0.9281   -0.2103
   -0.9195   -0.2327    0.3169
