  147 base-pairs
...     1 A-T ...
    0.0000    0.0000    0.0000
    1.0000    0.0000    0.0000
    0.0000    1.0000    0.0000
    0.0000    0.0000    1.0000
...     2 G-C ...
   -0.1404   -1.2353    3.2259
    0.7530    0.6366    0.1668
   -0.6385    0.7681   -0.0490
   -0.1593   -0.0696    0.9848
...     3 T-A ...
   -0.0377   -3.2918    6.3749
    0.2722    0.9302    0.2464
   -0.9238    0.3243   -0.2034
   -0.2691   -0.1722    0.9476
...     4 G-C ...
   -0.3520   -4.1638    9.4928
   -0.3756    0.9250    0.0576
   -0.8780   -0.3352   -0.3416
   -0.2967   -0.1788    0.9381
...     5 A-T ...
   -0.4480   -4.1448   12.7498
   -0.8116    0.5839   -0.0166
   -0.5522   -0.7762   -0.3042
   -0.1905   -0.2377    0.9525
...     6 G-C ...
   -1.5926   -4.1701   15.6201
   -0.9976    0.0246   -0.0651
   -0.0043   -0.9555   -0.2950
   -0.0694   -0.2940    0.9533
...     7 C-G ...
   -1.1050   -4.4793   18.7363
   -0.8442   -0.5302   -0.0787
    0.5343   -0.8442   -0.0430
   -0.0437   -0.0784    0.9960
...     8 G-C ...
   -2.4044   -7.7255   23.1483
   -0.2753   -0.3294   -0.9032
    0.6650   -0.7437    0.0686
   -0.6943   -0.5817    0.4238
...     9 C-G ...
   -4.4706   -9.9691   24.1142
    0.1145   -0.7026   -0.7023
    0.8512   -0.2951    0.4341
   -0.5123   -0.6475    0.5642
...    10 T-A ...
   -6.7420  -10.8705   25.9717
    0.4841   -0.8363   -0.2573
    0.6594    0.1554    0.7356
   -0.5752   -0.5257    0.6267
...    11 C-G ...
   -9.1682  -12.6167   27.1662
    0.7073   -0.6683    0.2306
    0.3450    0.6110    0.7125
   -0.6170   -0.4243    0.6627
...    12 A-T ...
  -10.9253  -14.6583   29.0713
    0.7515   -0.1377    0.6452
   -0.2027    0.8824    0.4245
   -0.6278   -0.4498    0.6352
...    13 C-G ...
  -11.8495  -17.4796   31.2472
    0.4294    0.2824    0.8578
   -0.5708    0.8209    0.0155
   -0.6998   -0.4963    0.5137
...    14 A-T ...
  -13.5915  -19.7756   33.4284
   -0.1503    0.6106    0.7775
   -0.6874    0.5007   -0.5261
   -0.7106   -0.6135    0.3445
...    15 A-T ...
  -15.7588  -21.8996   34.5410
   -0.4965    0.7947    0.3493
   -0.4638    0.0973   -0.8806
   -0.7338   -0.5992    0.3202
...    16 T-A ...
  -17.9006  -23.8469   36.2996
   -0.6911    0.7062   -0.1537
   -0.1167   -0.3189   -0.9406
   -0.7133   -0.6321    0.3028
...    17 T-A ...
  -20.2404  -25.7398   37.6457
   -0.6463    0.3784   -0.6626
    0.3178   -0.6559   -0.6847
   -0.6937   -0.6531    0.3036
...    18 T-A ...
  -22.5877  -27.6739   38.6288
   -0.3221    0.0297   -0.9462
    0.6022   -0.7648   -0.2290
   -0.7305   -0.6436    0.2285
...    19 A-T ...
  -25.0765  -29.6521   38.9922
    0.1304   -0.1621   -0.9781
    0.6529   -0.7284    0.2078
   -0.7462   -0.6657    0.0109
...    20 T-A ...
  -27.9195  -31.2816   38.6787
    0.4511   -0.4755   -0.7553
    0.4972   -0.5689    0.6551
   -0.7412   -0.6710   -0.0202
...    21 T-A ...
  -30.4518  -33.3329   38.2903
    0.6668   -0.6881   -0.2863
    0.1574   -0.2455    0.9565
   -0.7284   -0.6829   -0.0554
...    22 C-G ...
  -32.7330  -35.6446   37.9702
    0.6639   -0.6843    0.3015
   -0.2652    0.1616    0.9506
   -0.6992   -0.7111   -0.0742
...    23 G-C ...
  -34.9152  -38.1445   38.4616
    0.4819   -0.4035    0.7778
   -0.6402    0.4439    0.6270
   -0.5982   -0.8001   -0.0444
...    24 C-G ...
  -36.5568  -40.9505   38.1887
    0.1087   -0.0750    0.9912
   -0.7999    0.5855    0.1320
   -0.5902   -0.8072    0.0036
...    25 A-T ...
  -38.8778  -43.2824   38.0462
   -0.3506    0.2879    0.8912
   -0.7154    0.5318   -0.4533
   -0.6044   -0.7964    0.0196
...    26 A-T ...
  -40.7124  -45.9994   38.2958
   -0.7053    0.5136    0.4886
   -0.3886    0.2964   -0.8724
   -0.5929   -0.8052   -0.0095
...    27 A-T ...
  -42.4928  -48.7117   38.5969
   -0.8154    0.5708   -0.0959
    0.1043   -0.0181   -0.9944
   -0.5694   -0.8209   -0.0448
...    28 G-C ...
  -44.6497  -51.2738   38.8744
   -0.6008    0.5387   -0.5906
    0.5027   -0.3199   -0.8031
   -0.6215   -0.7794   -0.0786
...    29 G-C ...
  -47.1665  -53.6371   38.7330
   -0.1608    0.3872   -0.9078
    0.7424   -0.5587   -0.3698
   -0.6504   -0.7334   -0.1976
...    30 C-G ...
  -49.6965  -55.5802   38.0277
    0.3077    0.1132   -0.9447
    0.7038   -0.6953    0.1459
   -0.6403   -0.7098   -0.2936
...    31 C-G ...
  -52.0306  -57.6311   36.8777
    0.7025   -0.1867   -0.6868
    0.4109   -0.6815    0.6056
   -0.5811   -0.7076   -0.4021
...    32 G-C ...
  -53.4014  -59.9517   35.4935
    0.8813   -0.3965   -0.2572
   -0.0180   -0.5721    0.8200
   -0.4723   -0.7180   -0.5113
...    33 G-C ...
  -54.2582  -62.4696   33.4035
    0.7606   -0.6027    0.2412
   -0.5188   -0.3410    0.7839
   -0.3902   -0.7214   -0.5721
...    34 C-G ...
  -55.0149  -64.9333   31.3919
    0.3672   -0.6778    0.6370
   -0.8654    0.0022    0.5011
   -0.3411   -0.7352   -0.5858
...    35 C-G ...
  -55.8063  -67.6765   29.5474
   -0.1835   -0.5709    0.8002
   -0.9362    0.3497    0.0348
   -0.2996   -0.7428   -0.5987
...    36 C-G ...
  -56.6085  -70.3359   27.6671
   -0.6553   -0.2795    0.7017
   -0.6945    0.5882   -0.4143
   -0.2969   -0.7589   -0.5796
...    37 G-C ...
  -57.9299  -72.0982   24.9621
   -0.9140    0.1371    0.3819
   -0.1971    0.6728   -0.7131
   -0.3547   -0.7270   -0.5879
...    38 A-T ...
  -58.7848  -74.4313   23.0653
   -0.8582    0.5067   -0.0818
    0.3763    0.5127   -0.7717
   -0.3491   -0.6931   -0.6307
...    39 C-G ...
  -60.3372  -76.6260   21.3405
   -0.5306    0.7410   -0.4115
    0.7580    0.1975   -0.6217
   -0.3794   -0.6417   -0.6665
...    40 A-T ...
  -61.7917  -78.6353   19.1630
    0.0009    0.8197   -0.5728
    0.9175   -0.2286   -0.3256
   -0.3978   -0.5253   -0.7522
...    41 C-G ...
  -63.4327  -79.8100   16.6414
    0.4819    0.6556   -0.5813
    0.7964   -0.6044   -0.0215
   -0.3654   -0.4526   -0.8134
...    42 G-C ...
  -64.1959  -81.4573   13.8528
    0.8777    0.2710   -0.3952
    0.3817   -0.8940    0.2346
   -0.2897   -0.3567   -0.8881
...    43 A-T ...
  -65.0876  -82.4953   11.0018
    0.9414   -0.2855   -0.1795
   -0.1932   -0.8928    0.4069
   -0.2764   -0.3484   -0.8957
...    44 C-G ...
  -65.6867  -83.0005    7.7887
    0.7218   -0.6851    0.0980
   -0.6577   -0.6350    0.4053
   -0.2154   -0.3570   -0.9089
...    45 T-A ...
  -65.6615  -84.0300    4.2882
    0.2493   -0.9232    0.2924
   -0.9486   -0.1720    0.2656
   -0.1949   -0.3436   -0.9187
...    46 T-A ...
  -65.7341  -84.9220    1.1158
   -0.2502   -0.9077    0.3368
   -0.9500    0.2973    0.0957
   -0.1870   -0.2960   -0.9367
...    47 A-T ...
  -66.5623  -85.6795   -2.0362
   -0.7809   -0.5417    0.3110
   -0.5977    0.7926   -0.1202
   -0.1814   -0.2797   -0.9428
...    48 C-G ...
  -66.8878  -87.1866   -4.9980
   -0.9770   -0.0485    0.2077
   -0.1018    0.9619   -0.2539
   -0.1874   -0.2692   -0.9447
...    49 T-A ...
  -67.7036  -88.4791   -7.9885
   -0.8705    0.4774    0.1195
    0.4187    0.8461   -0.3298
   -0.2586   -0.2371   -0.9364
...    50 G-C ...
  -68.8166  -89.0399  -11.1156
   -0.4677    0.8817    0.0616
    0.8223    0.4596   -0.3355
   -0.3241   -0.1063   -0.9400
...    51 T-A ...
  -70.3768  -89.4476  -13.8723
   -0.0160    0.9998   -0.0127
    0.9448    0.0109   -0.3275
   -0.3273   -0.0173   -0.9448
...    52 A-T ...
  -72.3669  -88.6169  -16.5737
    0.4826    0.8686    0.1121
    0.8395   -0.4222   -0.3422
   -0.2499    0.2593   -0.9329
...    53 G-C ...
  -73.5650  -87.5320  -19.3547
    0.8359    0.5459    0.0564
    0.5218   -0.7586   -0.3903
   -0.1703    0.3557   -0.9190
...    54 G-C ...
  -74.3383  -85.3149  -22.2053
    0.9961    0.0595   -0.0651
    0.0280   -0.9134   -0.4060
   -0.0837    0.4026   -0.9115
...    55 T-A ...
  -74.2736  -83.5401  -24.9476
    0.8807   -0.4069   -0.2424
   -0.4706   -0.8096   -0.3508
   -0.0535    0.4231   -0.9045
...    56 A-T ...
  -73.8630  -81.7601  -27.8298
    0.4814   -0.8035   -0.3503
   -0.8764   -0.4350   -0.2065
    0.0135    0.4064   -0.9136
...    57 T-A ...
  -73.0978  -80.1605  -30.6309
   -0.0061   -0.9025   -0.4306
   -0.9999    0.0109   -0.0087
    0.0126    0.4305   -0.9025
...    58 C-G ...
  -72.7481  -78.8687  -33.7171
   -0.6006   -0.7135   -0.3609
   -0.7996    0.5385    0.2659
    0.0046    0.4483   -0.8939
...    59 T-A ...
  -72.6267  -77.6860  -36.8210
   -0.9211   -0.3668   -0.1305
   -0.3870    0.8254    0.4110
   -0.0430    0.4291   -0.9023
...    60 C-G ...
  -72.8455  -76.2705  -39.8063
   -0.9780    0.1379    0.1563
    0.1918    0.8891    0.4156
   -0.0817    0.4364   -0.8960
...    61 G-C ...
  -73.1338  -74.4008  -42.4387
   -0.7498    0.4453    0.4894
    0.6216    0.7274    0.2906
   -0.2266    0.5221   -0.8222
...    62 A-T ...
  -73.6853  -72.6858  -45.1312
   -0.2782    0.7164    0.6398
    0.9329    0.3601    0.0024
   -0.2286    0.5976   -0.7685
...    63 G-C ...
  -75.1292  -70.5778  -47.3318
    0.2554    0.7226    0.6423
    0.9419   -0.0360   -0.3340
   -0.2182    0.6903   -0.6898
...    64 T-A ...
  -76.3346  -68.0256  -49.0228
    0.7075    0.5562    0.4361
    0.6834   -0.3811   -0.6226
   -0.1801    0.7385   -0.6498
...    65 C-G ...
  -76.7510  -65.4735  -50.8631
    0.9720    0.2203    0.0817
    0.1981   -0.5815   -0.7891
   -0.1263    0.7832   -0.6088
...    66 A-T ...
  -77.1992  -62.3486  -52.2652
    0.9520   -0.1821   -0.2459
   -0.3056   -0.5259   -0.7938
    0.0152    0.8308   -0.5563
...    67 T-A ...
  -76.8372  -59.4638  -53.6893
    0.6889   -0.4389   -0.5769
   -0.7232   -0.3628   -0.5877
    0.0486    0.8221   -0.5673
...    68 G-C ...
  -76.3268  -56.6418  -55.5277
    0.1617   -0.6132   -0.7732
   -0.9845   -0.0463   -0.1692
    0.0679    0.7886   -0.6112
...    69 T-A ...
  -75.4460  -54.1032  -57.5186
   -0.3677   -0.5511   -0.7491
   -0.9279    0.2715    0.2557
    0.0625    0.7890   -0.6111
...    70 T-A ...
  -75.0897  -51.7019  -59.5691
   -0.8064   -0.3245   -0.4944
   -0.5882    0.5265    0.6138
    0.0611    0.7858   -0.6154
...    71 A-T ...
  -75.0680  -48.9834  -61.4647
   -0.9987   -0.0332   -0.0395
   -0.0515    0.6127    0.7886
   -0.0020    0.7896   -0.6136
...    72 T-A ...
  -75.2154  -46.9297  -63.9440
   -0.9017    0.2688    0.3386
    0.4322    0.5440    0.7192
    0.0091    0.7949   -0.6067
...    73 A-T ...
  -75.2714  -44.2333  -65.8130
   -0.5451    0.4253    0.7225
    0.8352    0.3507    0.4237
   -0.0732    0.8344   -0.5463
...    74 A-T ...
  -75.7286  -41.6251  -67.5132
   -0.0380    0.4956    0.8677
    0.9960    0.0894   -0.0075
   -0.0813    0.8640   -0.4970
...    75 C-G ...
  -76.7590  -38.6753  -68.8734
    0.4847    0.4402    0.7558
    0.8720   -0.1756   -0.4570
   -0.0685    0.8805   -0.4690
...    76 G-C ...
  -76.4368  -35.7522  -70.2432
    0.8578    0.1335    0.4964
    0.5115   -0.3166   -0.7988
    0.0505    0.9391   -0.3399
...    77 G-C ...
  -75.8520  -32.5906  -70.9159
    0.9870   -0.1460    0.0671
    0.0247   -0.2752   -0.9611
    0.1588    0.9502   -0.2680
...    78 A-T ...
  -75.0630  -29.5204  -71.5706
    0.8190   -0.3274   -0.4713
   -0.5284   -0.1100   -0.8419
    0.2238    0.9385   -0.2631
...    79 C-G ...
  -73.8234  -26.4690  -71.9128
    0.4228   -0.3736   -0.8256
   -0.8681    0.0944   -0.4873
    0.2599    0.9228   -0.2844
...    80 T-A ...
  -72.3667  -23.5316  -72.7028
   -0.1140   -0.3390   -0.9339
   -0.9531    0.3026    0.0065
    0.2803    0.8908   -0.3576
...    81 C-G ...
  -71.5885  -20.6194  -73.9970
   -0.6405   -0.1292   -0.7570
   -0.7145    0.4618    0.5257
    0.2817    0.8775   -0.3880
...    82 G-C ...
  -71.2523  -17.3851  -74.8224
   -0.9399    0.0835   -0.3311
   -0.2548    0.4739    0.8429
    0.2273    0.8766   -0.4242
...    83 G-C ...
  -70.4753  -14.5489  -76.3580
   -0.9465    0.2593    0.1920
    0.2739    0.3314    0.9028
    0.1704    0.9072   -0.3847
...    84 G-C ...
  -70.1504  -11.5731  -77.8534
   -0.6809    0.2890    0.6729
    0.7281    0.1677    0.6647
    0.0792    0.9425   -0.3246
...    85 A-T ...
  -70.1210   -8.4951  -79.0221
   -0.1472    0.2941    0.9444
    0.9868   -0.0212    0.1604
    0.0672    0.9555   -0.2871
...    86 T-A ...
  -70.5395   -5.3282  -79.8361
    0.3649    0.2098    0.9071
    0.9282   -0.1586   -0.3367
    0.0733    0.9648   -0.2526
...    87 C-G ...
  -70.4223   -2.0961  -80.4118
    0.8234    0.0394    0.5661
    0.5582   -0.2353   -0.7956
    0.1019    0.9711   -0.2158
...    88 C-G ...
  -70.1762    1.1346  -80.9041
    0.9717   -0.2034    0.1205
    0.0777   -0.2064   -0.9754
    0.2233    0.9571   -0.1847
...    89 G-C ...
  -69.2718    4.1256  -81.9070
    0.8293   -0.4135   -0.3758
   -0.4209   -0.0199   -0.9069
    0.3675    0.9103   -0.1906
...    90 C-G ...
  -67.5719    7.1221  -82.2099
    0.4400   -0.3674   -0.8194
   -0.8074    0.2376   -0.5401
    0.3931    0.8992   -0.1921
...    91 T-A ...
  -65.6755    9.8946  -83.0347
   -0.0826   -0.1755   -0.9810
   -0.8915    0.4530   -0.0060
    0.4454    0.8741   -0.1939
...    92 T-A ...
  -63.8775   12.5136  -83.7540
   -0.5566    0.1570   -0.8158
   -0.6866    0.4659    0.5581
    0.4677    0.8708   -0.1515
...    93 T-A ...
  -62.1338   15.1768  -84.4473
   -0.8316    0.4173   -0.3664
   -0.2634    0.2844    0.9218
    0.4889    0.8631   -0.1266
...    94 A-T ...
  -60.4794   18.0181  -84.4088
   -0.8293    0.5122    0.2236
    0.2481   -0.0211    0.9685
    0.5008    0.8586   -0.1096
...    95 A-T ...
  -59.0052   20.7805  -84.8893
   -0.5923    0.3934    0.7032
    0.6382   -0.3036    0.7075
    0.4918    0.8678   -0.0713
...    96 C-G ...
  -57.9565   23.8976  -85.4101
   -0.2128    0.1512    0.9653
    0.8464   -0.4651    0.2594
    0.4882    0.8723   -0.0290
...    97 A-T ...
  -56.5242   26.8861  -85.3502
    0.2033   -0.2307    0.9515
    0.8431   -0.4529   -0.2900
    0.4979    0.8612    0.1024
...    98 C-G ...
  -55.3373   29.8861  -84.5019
    0.5713   -0.4671    0.6748
    0.6394   -0.2621   -0.7228
    0.5145    0.8445    0.1489
...    99 T-A ...
  -53.6786   32.8128  -83.2402
    0.7896   -0.5924    0.1601
    0.2391    0.0567   -0.9693
    0.5651    0.8037    0.1864
...   100 T-A ...
  -51.8297   35.2880  -82.2230
    0.7932   -0.4471   -0.4135
   -0.2417    0.3920   -0.8876
    0.5590    0.8040    0.2029
...   101 T-A ...
  -49.9065   37.7313  -81.3198
    0.5308   -0.1479   -0.8345
   -0.6369    0.5800   -0.5079
    0.5591    0.8011    0.2137
...   102 A-T ...
  -48.2179   40.5790  -80.7236
    0.0511    0.2163   -0.9750
   -0.8224    0.5630    0.0818
    0.5666    0.7976    0.2067
...   103 T-A ...
  -45.7991   42.7552  -80.3059
   -0.3436    0.4413   -0.8290
   -0.7481    0.4050    0.5257
    0.5677    0.8008    0.1910
...   104 G-C ...
  -43.8639   45.4293  -79.9814
   -0.7737    0.5227   -0.3580
   -0.3708    0.0847    0.9249
    0.5138    0.8483    0.1283
...   105 C-G ...
  -42.3996   48.3499  -79.9564
   -0.8748    0.4471    0.1866
    0.0895   -0.2293    0.9692
    0.4762    0.8646    0.1606
...   106 T-A ...
  -40.9992   51.4668  -79.7868
   -0.7007    0.2119    0.6812
    0.5596   -0.4292    0.7090
    0.4426    0.8780    0.1822
...   107 T-A ...
  -39.7572   54.3674  -79.2967
   -0.3184   -0.1080    0.9418
    0.8486   -0.4754    0.2323
    0.4226    0.8731    0.2430
...   108 C-G ...
  -38.6431   57.2810  -78.3357
    0.1411   -0.4347    0.8895
    0.8935   -0.3310   -0.3035
    0.4264    0.8376    0.3416
...   109 C-G ...
  -37.4605   60.1374  -77.2450
    0.4885   -0.6653    0.5646
    0.7108   -0.0719   -0.6997
    0.5061    0.7431    0.4378
...   110 G-C ...
  -35.6639   62.1903  -75.9144
    0.6891   -0.7185    0.0940
    0.4250    0.2957   -0.8555
    0.5869    0.6295    0.5092
...   111 G-C ...
  -33.3609   63.6763  -73.9898
    0.7642   -0.4979   -0.4100
    0.0458    0.6760   -0.7355
    0.6433    0.5433    0.5394
...   112 C-G ...
  -30.8852   64.8371  -72.0351
    0.6513   -0.0739   -0.7552
   -0.3435    0.8588   -0.3802
    0.6767    0.5070    0.5339
...   113 T-A ...
  -28.5456   66.2699  -70.2505
    0.3817    0.3836   -0.8409
   -0.6054    0.7913    0.0862
    0.6984    0.4761    0.5343
...   114 C-G ...
  -26.3627   68.0762  -68.6343
   -0.0381    0.7732   -0.6331
   -0.6889    0.4386    0.5771
    0.7238    0.4581    0.5160
...   115 G-C ...
  -24.3297   69.6606  -66.6107
   -0.4434    0.8735   -0.2008
   -0.5532   -0.0905    0.8281
    0.7052    0.4783    0.5234
...   116 T-A ...
  -21.9702   71.6012  -65.3613
   -0.6899    0.6818    0.2433
   -0.2497   -0.5395    0.8041
    0.6795    0.4940    0.5424
...   117 A-T ...
  -19.7082   73.7248  -63.8943
   -0.7682    0.2265    0.5988
    0.1709   -0.8289    0.5327
    0.6170    0.5115    0.5981
...   118 T-A ...
  -18.0275   75.9369  -62.2662
   -0.6009   -0.2052    0.7725
    0.5040   -0.8475    0.1669
    0.6204    0.4896    0.6127
...   119 A-T ...
  -16.2010   77.4956  -60.0962
   -0.4003   -0.6626    0.6330
    0.7472   -0.6359   -0.1930
    0.5304    0.3958    0.7497
...   120 A-T ...
  -14.7818   78.7592  -57.4896
   -0.0007   -0.9395    0.3426
    0.8611   -0.1748   -0.4775
    0.5085    0.2947    0.8091
...   121 T-A ...
  -13.6811   79.6209  -54.5042
    0.4035   -0.9144    0.0317
    0.7634    0.3174   -0.5626
    0.5044    0.2512    0.8261
...   122 G-C ...
  -12.0109   79.9969  -51.5288
    0.6848   -0.6174   -0.3871
    0.4589    0.7780   -0.4291
    0.5661    0.1162    0.8161
...   123 T-A ...
  -10.1684   79.7101  -48.8873
    0.8170   -0.1767   -0.5489
    0.1104    0.9822   -0.1519
    0.5660    0.0635    0.8219
...   124 G-C ...
   -8.1474   79.7691  -46.3028
    0.7203    0.4091   -0.5602
   -0.3360    0.9123    0.2343
    0.6069    0.0194    0.7946
...   125 T-A ...
   -5.9535   79.3283  -43.9367
    0.4460    0.8180   -0.3633
   -0.6487    0.5751    0.4985
    0.6166    0.0133    0.7871
...   126 C-G ...
   -3.9365   79.3788  -41.5083
    0.0023    0.9999    0.0153
   -0.7842   -0.0077    0.6205
    0.6206   -0.0134    0.7840
...   127 G-C ...
   -2.4762   79.1515  -38.6403
   -0.4365    0.8554    0.2789
   -0.7022   -0.5177    0.4887
    0.5624    0.0175    0.8267
...   128 A-T ...
   -0.5659   78.9936  -36.1728
   -0.7661    0.4106    0.4944
   -0.3616   -0.9114    0.1967
    0.5314   -0.0281    0.8467
...   129 C-G ...
    1.1887   79.5995  -33.4549
   -0.8724   -0.1137    0.4753
    0.0743   -0.9921   -0.1009
    0.4830   -0.0527    0.8740
...   130 C-G ...
    2.1899   79.9230  -30.2035
   -0.8026   -0.5561    0.2159
    0.4877   -0.8201   -0.2993
    0.3435   -0.1349    0.9294
...   131 A-T ...
    2.6108   78.8708  -27.0479
   -0.5939   -0.7735   -0.2213
    0.7935   -0.5178   -0.3198
    0.1328   -0.3655    0.9213
...   132 A-T ...
    2.7809   77.5913  -24.0637
   -0.0917   -0.9006   -0.4249
    0.9922   -0.0462   -0.1162
    0.0850   -0.4322    0.8978
...   133 A-T ...
    2.6357   76.1001  -21.1233
    0.5026   -0.7707   -0.3917
    0.8622    0.4800    0.1618
    0.0633   -0.4190    0.9058
...   134 T-A ...
    2.3078   74.2307  -18.3904
    0.8657   -0.4293   -0.2574
    0.4984    0.7868    0.3641
    0.0462   -0.4435    0.8951
...   135 G-C ...
    1.4356   72.0970  -15.6051
    0.9809    0.0621    0.1843
   -0.1263    0.9241    0.3607
   -0.1479   -0.3771    0.9143
...   136 T-A ...
    0.5281   69.2393  -13.4690
    0.7351    0.4963    0.4618
   -0.6117    0.7792    0.1365
   -0.2921   -0.3828    0.8764
...   137 G-C ...
   -0.1657   67.4105  -10.8096
    0.1800    0.8794    0.4408
   -0.9276    0.3008   -0.2214
   -0.3274   -0.3691    0.8698
...   138 A-T ...
   -0.1319   66.2180   -7.8218
   -0.3749    0.8570    0.3536
   -0.8857   -0.2184   -0.4098
   -0.2739   -0.4668    0.8409
...   139 G-C ...
   -1.0067   65.6074   -4.9426
   -0.8336    0.5218    0.1811
   -0.5170   -0.6220   -0.5881
   -0.1942   -0.5839    0.7883
...   140 C-G ...
   -0.6973   63.9003   -2.2529
   -0.9992    0.0157   -0.0376
    0.0023   -0.8993   -0.4374
   -0.0406   -0.4371    0.8985
...   141 G-C ...
   -3.4381   60.2385    1.0282
   -0.4425    0.2285   -0.8672
    0.1683   -0.9287   -0.3306
   -0.8808   -0.2922    0.3725
...   142 C-G ...
   -6.3287   59.0834    1.6292
   -0.2970   -0.3280   -0.8968
    0.5656   -0.8171    0.1115
   -0.7693   -0.4741    0.4282
...   143 T-A ...
   -8.6766   58.7243    3.6023
   -0.0347   -0.7817   -0.6227
    0.6533   -0.4893    0.5778
   -0.7563   -0.3868    0.5276
...   144 C-G ...
  -11.6543   58.0114    4.7192
    0.2451   -0.9542   -0.1716
    0.6322    0.0231    0.7745
   -0.7350   -0.2983    0.6089
...   145 A-T ...
  -14.1758   56.5669    6.1805
    0.5795   -0.7268    0.3687
    0.3139    0.6165    0.7220
   -0.7521   -0.3027    0.5855
...   146 C-G ...
  -16.4649   53.8949    7.5152
    0.5336   -0.3331    0.7774
   -0.0346    0.9098    0.4136
   -0.8450   -0.2476    0.4739
...   147 A-T ...
  -19.0171   52.0374    8.9259
    0.2452    0.2907    0.9249
   -0.3073    0.9281   -0.2103
   -0.9195   -0.2327    0.3169
