  147 base-pairs
...     1 A-T ...
    0.0000    0.0000    0.0000
    1.0000    0.0000    0.0000
    0.0000    1.0000    0.0000
    0.0000    0.0000    1.0000
...     2 G-C ...
   -0.1404   -1.2353    3.2259
    0.7530    0.6366    0.1668
   -0.6385    0.7681   -0.0490
   -0.1593   -0.0696    0.9848
...     3 T-A ...
   -0.0377   -3.2918    6.3749
    0.2722    0.9302    0.2464
   -0.9238    0.3243   -0.2034
   -0.2691   -0.1722    0.9476
...     4 G-C ...
   -0.3520   -4.1638    9.4928
   -0.3756    0.9250    0.0576
   -0.8780   -0.3352   -0.3416
   -0.2967   -0.1788    0.9381
...     5 A-T ...
   -0.4480   -4.1448   12.7498
   -0.8116    0.5839   -0.0166
   -0.5522   -0.7762   -0.3042
   -0.1905   -0.2377    0.9525
...     6 G-C ...
   -1.5926   -4.1701   15.6201
   -0.9976    0.0246   -0.0651
   -0.0043   -0.9555   -0.2950
   -0.0694   -0.2940    0.9533
...     7 C-G ...
   -1.1050   -4.4793   18.7363
   -0.8442   -0.5302   -0.0787
    0.5343   -0.8442   -0.0430
   -0.0437   -0.0784    0.9960
...     8 G-C ...
   -2.4044   -7.7255   23.1483
   -0.2753   -0.3294   -0.9032
    0.6650   -0.7437    0.0686
   -0.6943   -0.5817    0.4238
...     9 C-G ...
   -4.4706   -9.9691   24.1142
    0.1145   -0.7026   -0.7023
    0.8512   -0.2951    0.4341
   -0.5123   -0.6475    0.5642
...    10 T-A ...
   -6.7420  -10.8705   25.9717
    0.4841   -0.8363   -0.2573
    0.6594    0.1554    0.7356
   -0.5752   -0.5257    0.6267
...    11 C-G ...
   -9.1682  -12.6167   27.1662
    0.7073   -0.6683    0.2306
    0.3450    0.6110    0.7125
   -0.6170   -0.4243    0.6627
...    12 A-T ...
  -10.9253  -14.6583   29.0713
    0.7515   -0.1377    0.6452
   -0.2027    0.8824    0.4245
   -0.6278   -0.4498    0.6352
...    13 C-G ...
  -11.8495  -17.4796   31.2472
    0.4294    0.2824    0.8578
   -0.5708    0.8209    0.0155
   -0.6998   -0.4963    0.5137
...    14 A-T ...
  -13.5915  -19.7756   33.4284
   -0.1503    0.6106    0.7775
   -0.6874    0.5007   -0.5261
   -0.7106   -0.6135    0.3445
...    15 A-T ...
  -15.7679  -21.8941   34.5316
   -0.4930    0.7976    0.3474
   -0.4630    0.0976   -0.8810
   -0.7366   -0.5952    0.3212
...    16 T-A ...
  -17.9204  -23.8235   36.2929
   -0.6861    0.7104   -0.1569
   -0.1178   -0.3213   -0.9396
   -0.7180   -0.6262    0.3041
...    17 T-A ...
  -20.2791  -25.6933   37.6404
   -0.6409    0.3824   -0.6656
    0.3127   -0.6618   -0.6813
   -0.7010   -0.6448    0.3046
...    18 T-A ...
  -22.6505  -27.6018   38.6147
   -0.3171    0.0301   -0.9479
    0.5932   -0.7736   -0.2230
   -0.7400   -0.6330    0.2275
...    19 A-T ...
  -25.1662  -29.5596   38.9811
    0.1341   -0.1817   -0.9742
    0.6393   -0.7353    0.2251
   -0.7572   -0.6529    0.0175
...    20 T-A ...
  -28.0385  -31.1470   38.6844
    0.4461   -0.5016   -0.7412
    0.4812   -0.5639    0.6712
   -0.7546   -0.6561   -0.0102
...    21 T-A ...
  -30.6105  -33.1520   38.3278
    0.6484   -0.7159   -0.2588
    0.1405   -0.2216    0.9650
   -0.7482   -0.6621   -0.0431
...    22 C-G ...
  -32.9682  -35.3965   38.0571
    0.6350   -0.6972    0.3326
   -0.2713    0.2018    0.9411
   -0.7233   -0.6879   -0.0610
...    23 G-C ...
  -35.2786  -37.7611   38.5850
    0.4552   -0.3960    0.7975
   -0.6268    0.4935    0.6029
   -0.6323   -0.7743   -0.0236
...    24 C-G ...
  -37.0458  -40.4974   38.3809
    0.0945   -0.0436    0.9946
   -0.7732    0.6261    0.1008
   -0.6271   -0.7785    0.0255
...    25 A-T ...
  -39.4678  -42.7233   38.2663
   -0.3433    0.3403    0.8754
   -0.6820    0.5506   -0.4814
   -0.6458   -0.7623    0.0431
...    26 A-T ...
  -41.4522  -45.3226   38.5905
   -0.6777    0.5733    0.4606
   -0.3646    0.2821   -0.8874
   -0.6386   -0.7693    0.0179
...    27 A-T ...
  -43.3971  -47.9052   38.9884
   -0.7763    0.6177   -0.1256
    0.1071   -0.0671   -0.9920
   -0.6212   -0.7835   -0.0141
...    28 G-C ...
  -45.7236  -50.3024   39.3662
   -0.5598    0.5540   -0.6162
    0.4817   -0.3875   -0.7860
   -0.6742   -0.7369   -0.0499
...    29 G-C ...
  -48.4188  -52.4692   39.3020
   -0.1293    0.3588   -0.9244
    0.6993   -0.6279   -0.3416
   -0.7030   -0.6906   -0.1697
...    30 C-G ...
  -51.0853  -54.2383   38.6368
    0.3173    0.0457   -0.9472
    0.6453   -0.7423    0.1804
   -0.6949   -0.6685   -0.2650
...    31 C-G ...
  -53.5726  -56.1471   37.5556
    0.6845   -0.2789   -0.6735
    0.3492   -0.6856    0.6388
   -0.6399   -0.6724   -0.3719
...    32 G-C ...
  -55.1437  -58.4127   36.2880
    0.8397   -0.4904   -0.2333
   -0.0724   -0.5268    0.8469
   -0.5382   -0.6942   -0.4779
...    33 G-C ...
  -56.2556  -60.9393   34.3278
    0.6956   -0.6639    0.2745
   -0.5501   -0.2465    0.7979
   -0.4620   -0.7061   -0.5367
...    34 C-G ...
  -57.2931  -63.3966   32.4388
    0.2933   -0.6798    0.6722
   -0.8592    0.1208    0.4971
   -0.4191   -0.7234   -0.5486
...    35 C-G ...
  -58.3946  -66.1185   30.7296
   -0.2445   -0.5045    0.8281
   -0.8902    0.4553    0.0146
   -0.3844   -0.7336   -0.5605
...    36 C-G ...
  -59.4957  -68.7608   28.9735
   -0.6803   -0.1635    0.7145
   -0.6215    0.6455   -0.4440
   -0.3886   -0.7460   -0.5407
...    37 G-C ...
  -61.0188  -70.4921   26.3633
   -0.8867    0.2677    0.3768
   -0.1184    0.6565   -0.7450
   -0.4468   -0.7052   -0.5504
...    38 A-T ...
  -62.1742  -72.7912   24.5863
   -0.7885    0.6062   -0.1037
    0.4303    0.4233   -0.7973
   -0.4394   -0.6733   -0.5946
...    39 C-G ...
  -64.0079  -74.8471   22.9764
   -0.4353    0.7831   -0.4441
    0.7701    0.0684   -0.6343
   -0.4663   -0.6181   -0.6329
...    40 A-T ...
  -65.7453  -76.7435   20.8992
    0.1021    0.7858   -0.6100
    0.8746   -0.3630   -0.3214
   -0.4740   -0.5007   -0.7243
...    41 C-G ...
  -67.5630  -77.7993   18.4450
    0.5584    0.5571   -0.6146
    0.7064   -0.7078    0.0002
   -0.4349   -0.4343   -0.7888
...    42 G-C ...
  -68.5824  -79.4407   15.7333
    0.9006    0.1253   -0.4162
    0.2539   -0.9288    0.2700
   -0.3527   -0.3488   -0.8683
...    43 A-T ...
  -69.6564  -80.4603   12.9343
    0.8860   -0.4282   -0.1778
   -0.3148   -0.8372    0.4472
   -0.3403   -0.3403   -0.8766
...    44 C-G ...
  -70.3839  -81.0135    9.7529
    0.6116   -0.7825    0.1166
   -0.7381   -0.5113    0.4403
   -0.2849   -0.3554   -0.8902
...    45 T-A ...
  -70.5884  -82.1615    6.2923
    0.1086   -0.9401    0.3232
   -0.9579   -0.0121    0.2867
   -0.2656   -0.3408   -0.9019
...    46 T-A ...
  -70.8757  -83.1382    3.1569
   -0.3888   -0.8434    0.3709
   -0.8858    0.4528    0.1011
   -0.2532   -0.2893   -0.9232
...    47 A-T ...
  -71.9101  -83.8014    0.0338
   -0.8589   -0.3890    0.3332
   -0.4518    0.8818   -0.1352
   -0.2412   -0.2667   -0.9331
...    48 C-G ...
  -72.5310  -85.2934   -2.8852
   -0.9666    0.1301    0.2208
    0.0659    0.9588   -0.2763
   -0.2477   -0.2526   -0.9353
...    49 T-A ...
  -73.6168  -86.4708   -5.8391
   -0.7681    0.6290    0.1200
    0.5591    0.7501   -0.3533
   -0.3123   -0.2042   -0.9278
...    50 G-C ...
  -74.8935  -86.8791   -8.9369
   -0.2973    0.9531    0.0567
    0.8850    0.2973   -0.3583
   -0.3584   -0.0563   -0.9319
...    51 T-A ...
  -76.5638  -87.0284  -11.6559
    0.1682    0.9855   -0.0234
    0.9230   -0.1658   -0.3473
   -0.3462    0.0368   -0.9374
...    52 A-T ...
  -78.4641  -85.8195  -14.3056
    0.6373    0.7635    0.1045
    0.7397   -0.5681   -0.3608
   -0.2161    0.3073   -0.9268
...    53 G-C ...
  -79.4971  -84.5115  -17.0583
    0.9254    0.3767    0.0406
    0.3595   -0.8392   -0.4080
   -0.1196    0.3922   -0.9121
...    54 G-C ...
  -79.8815  -82.1623  -19.8777
    0.9865   -0.1355   -0.0917
   -0.1615   -0.8948   -0.4161
   -0.0257    0.4253   -0.9047
...    55 T-A ...
  -79.5375  -80.3851  -22.6032
    0.7752   -0.5684   -0.2756
   -0.6316   -0.6932   -0.3471
    0.0062    0.4432   -0.8964
...    56 A-T ...
  -78.9044  -78.6722  -25.4761
    0.2941   -0.8732   -0.3886
   -0.9537   -0.2415   -0.1792
    0.0626    0.4233   -0.9038
...    57 T-A ...
  -77.9315  -77.1651  -28.2680
   -0.2117   -0.8641   -0.4567
   -0.9751    0.2184    0.0388
    0.0662    0.4535   -0.8888
...    58 C-G ...
  -77.4479  -75.8441  -31.3196
   -0.7528   -0.5536   -0.3561
   -0.6552    0.6821    0.3247
    0.0631    0.4778   -0.8762
...    59 T-A ...
  -77.2123  -74.5668  -34.3887
   -0.9833   -0.1535   -0.0975
   -0.1813    0.8675    0.4632
    0.0135    0.4731   -0.8809
...    60 C-G ...
  -77.2064  -72.9984  -37.3239
   -0.9160    0.3392    0.2143
    0.4007    0.7994    0.4476
   -0.0195    0.4958   -0.8682
...    61 G-C ...
  -77.1857  -70.9527  -39.8483
   -0.6096    0.5619    0.5591
    0.7798    0.5516    0.2959
   -0.1421    0.6164   -0.7745
...    62 A-T ...
  -77.4610  -68.9730  -42.3971
   -0.0835    0.7069    0.7024
    0.9889    0.1458   -0.0292
   -0.1231    0.6921   -0.7112
...    63 G-C ...
  -78.2508  -66.4729  -44.4178
    0.4210    0.6245    0.6578
    0.9009   -0.2034   -0.3834
   -0.1056    0.7540   -0.6483
...    64 C-G ...
  -78.9423  -63.6678  -46.1665
    0.8541    0.3579    0.3774
    0.5161   -0.4935   -0.7000
   -0.0643    0.7927   -0.6062
...    65 T-A ...
  -79.2810  -60.8299  -47.8112
    0.9997    0.0151    0.0187
    0.0240   -0.5765   -0.8168
   -0.0016    0.8170   -0.5767
...    66 C-G ...
  -78.9264  -58.2841  -49.7764
    0.8477   -0.3400   -0.4071
   -0.5249   -0.4276   -0.7359
    0.0761    0.8376   -0.5410
...    67 G-C ...
  -78.9727  -55.9361  -52.1807
    0.4291   -0.5650   -0.7047
   -0.8908   -0.1357   -0.4336
    0.1494    0.8139   -0.5615
...    68 G-C ...
  -78.2182  -53.2516  -54.0061
   -0.1116   -0.5894   -0.8001
   -0.9831    0.1830    0.0023
    0.1451    0.7868   -0.5998
...    69 G-C ...
  -77.5068  -50.7734  -56.1302
   -0.6241   -0.4722   -0.6225
   -0.7732    0.4878    0.4052
    0.1124    0.7342   -0.6695
...    70 A-T ...
  -76.9246  -48.4881  -58.4663
   -0.9582   -0.1014   -0.2676
   -0.2646    0.6701    0.6935
    0.1089    0.7353   -0.6689
...    71 T-A ...
  -76.5945  -46.5202  -61.1010
   -0.9620    0.2389    0.1320
    0.2567    0.6271    0.7355
    0.0929    0.7414   -0.6646
...    72 C-G ...
  -76.2603  -44.1824  -63.3485
   -0.6227    0.5183    0.5862
    0.7795    0.3452    0.5228
    0.0686    0.7824   -0.6190
...    73 A-T ...
  -76.3719  -41.6791  -65.6419
   -0.1461    0.5160    0.8441
    0.9892    0.0818    0.1213
   -0.0065    0.8527   -0.5224
...    74 T-A ...
  -76.8785  -38.8843  -67.1638
    0.3372    0.4379    0.8334
    0.9414   -0.1593   -0.2972
    0.0026    0.8848   -0.4660
...    75 G-C ...
  -77.0505  -35.6406  -68.3807
    0.7854    0.1661    0.5963
    0.6128   -0.3447   -0.7111
    0.0874    0.9239   -0.3725
...    76 T-A ...
  -77.0114  -32.3685  -68.9479
    0.9821   -0.0588    0.1791
    0.1459   -0.3644   -0.9198
    0.1193    0.9294   -0.3492
...    77 T-A ...
  -76.5259  -29.3724  -69.8133
    0.9118   -0.2707   -0.3087
   -0.3769   -0.2533   -0.8910
    0.1630    0.9287   -0.3330
...    78 A-T ...
  -75.9423  -26.3694  -71.0738
    0.5494   -0.4277   -0.7178
   -0.8057   -0.0435   -0.5908
    0.2214    0.9029   -0.3684
...    79 T-A ...
  -74.5867  -23.5576  -71.9010
    0.1005   -0.3750   -0.9216
   -0.9697    0.1706   -0.1751
    0.2229    0.9112   -0.3465
...    80 A-T ...
  -74.0462  -20.4715  -73.0568
   -0.4722   -0.2311   -0.8507
   -0.8500    0.3752    0.3698
    0.2337    0.8977   -0.3736
...    81 A-T ...
  -73.1618  -17.6955  -74.3394
   -0.8539    0.0056   -0.5204
   -0.4685    0.4273    0.7733
    0.2267    0.9041   -0.3622
...    82 C-G ...
  -72.2258  -14.9743  -76.2137
   -0.9727    0.2299   -0.0334
    0.0498    0.3467    0.9366
    0.2269    0.9094   -0.3487
...    83 G-C ...
  -71.7393  -11.8629  -76.9743
   -0.8280    0.2378    0.5079
    0.5525    0.1913    0.8113
    0.0957    0.9523   -0.2897
...    84 G-C ...
  -71.8595   -8.7117  -77.8691
   -0.4505    0.1974    0.8707
    0.8926    0.0829    0.4431
    0.0152    0.9768   -0.2136
...    85 A-T ...
  -72.0623   -5.5142  -78.6062
    0.1346    0.1698    0.9762
    0.9908   -0.0367   -0.1302
    0.0137    0.9848   -0.1732
...    86 T-A ...
  -72.5963   -2.2720  -78.8716
    0.6103    0.0944    0.7865
    0.7916   -0.1093   -0.6012
    0.0292    0.9895   -0.1415
...    87 C-G ...
  -72.5477    1.0028  -79.0542
    0.9486   -0.0283    0.3154
    0.3094   -0.1294   -0.9421
    0.0674    0.9912   -0.1140
...    88 C-G ...
  -72.3614    4.2694  -79.1925
    0.9613   -0.2115   -0.1764
   -0.1972   -0.0817   -0.9769
    0.1922    0.9740   -0.1203
...    89 G-C ...
  -71.6759    7.3603  -80.0316
    0.6863   -0.3601   -0.6319
   -0.6485    0.0904   -0.7559
    0.3293    0.9285   -0.1715
...    90 C-G ...
  -70.0311   10.3758  -80.4199
    0.1958   -0.2620   -0.9450
   -0.9147    0.2986   -0.2723
    0.3536    0.9177   -0.1812
...    91 T-A ...
  -68.3415   13.2297  -81.3905
   -0.3419   -0.0550   -0.9381
   -0.8489    0.4464    0.2832
    0.4032    0.8932   -0.1993
...    92 T-A ...
  -66.7190   15.9191  -82.2460
   -0.7450    0.2509   -0.6180
   -0.5060    0.3911    0.7688
    0.4346    0.8855   -0.1644
...    93 T-A ...
  -65.1461   18.6513  -83.0554
   -0.8877    0.4518   -0.0885
   -0.0112    0.1709    0.9852
    0.4603    0.8756   -0.1467
...    94 A-T ...
  -63.4910   21.4798  -83.1645
   -0.7400    0.4696    0.4815
    0.4819   -0.1292    0.8667
    0.4692    0.8734   -0.1307
...    95 A-T ...
  -62.1496   24.2963  -83.6752
   -0.4022    0.2971    0.8660
    0.7877   -0.3699    0.4927
    0.4667    0.8803   -0.0852
...    96 C-G ...
  -61.2471   27.4692  -84.0659
    0.0188    0.0334    0.9993
    0.8811   -0.4729   -0.0008
    0.4725    0.8805   -0.0383
...    97 A-T ...
  -59.8433   30.4633  -83.9833
    0.4090   -0.3360    0.8484
    0.7557   -0.3965   -0.5213
    0.5116    0.8543    0.0918
...    98 C-G ...
  -58.4884   33.3671  -83.0681
    0.7026   -0.5304    0.4744
    0.4657   -0.1614   -0.8701
    0.5380    0.8323    0.1336
...    99 T-A ...
  -56.5812   36.1557  -81.8413
    0.8048   -0.5880   -0.0810
    0.0280    0.1739   -0.9844
    0.5929    0.7900    0.1564
...   100 T-A ...
  -54.5576   38.5378  -80.9448
    0.6892   -0.3764   -0.6191
   -0.4223    0.4856   -0.7654
    0.5887    0.7890    0.1757
...   101 T-A ...
  -52.4856   40.8992  -80.1650
    0.3490   -0.0348   -0.9365
   -0.7292    0.6176   -0.2947
    0.5886    0.7857    0.1902
...   102 A-T ...
  -50.7158   43.6937  -79.5901
   -0.1444    0.3256   -0.9344
   -0.7922    0.5279    0.3063
    0.5930    0.7844    0.1817
...   103 T-A ...
  -48.2733   45.8796  -79.4149
   -0.5009    0.5216   -0.6907
   -0.6335    0.3228    0.7032
    0.5898    0.7898    0.1687
...   104 G-C ...
  -46.3256   48.5534  -79.1664
   -0.8315    0.5374   -0.1407
   -0.1851   -0.0292    0.9823
    0.5238    0.8428    0.1238
...   105 C-G ...
  -44.9201   51.4907  -79.0906
   -0.8287    0.3961    0.3954
    0.2718   -0.3327    0.9030
    0.4892    0.8558    0.1681
...   106 T-A ...
  -43.5402   54.6042  -78.8346
   -0.5683    0.1116    0.8152
    0.6832   -0.4881    0.5431
    0.4585    0.8656    0.2012
...   107 T-A ...
  -42.2650   57.4671  -78.2398
   -0.1484   -0.2258    0.9628
    0.8823   -0.4700    0.0257
    0.4467    0.8533    0.2690
...   108 C-G ...
  -41.0506   60.2743  -77.1318
    0.2896   -0.5305    0.7967
    0.8362   -0.2647   -0.4802
    0.4656    0.8053    0.3669
...   109 C-G ...
  -39.7469   63.0068  -75.8852
    0.5809   -0.7094    0.3991
    0.5930    0.0329   -0.8046
    0.5577    0.7040    0.4398
...   110 G-C ...
  -37.7878   64.9223  -74.5982
    0.7071   -0.7008   -0.0945
    0.2871    0.4067   -0.8673
    0.6462    0.5861    0.4887
...   111 G-C ...
  -35.2311   66.2294  -72.8625
    0.7064   -0.4200   -0.5697
   -0.0718    0.7582   -0.6480
    0.7042    0.4987    0.5054
...   112 C-G ...
  -32.5247   67.2405  -71.1438
    0.5414    0.0357   -0.8400
   -0.4082    0.8846   -0.2255
    0.7350    0.4649    0.4935
...   113 T-A ...
  -29.9910   68.5367  -69.5324
    0.2604    0.4905   -0.8316
   -0.6041    0.7547    0.2559
    0.7531    0.4358    0.4928
...   114 C-G ...
  -27.6330   70.1882  -67.9915
   -0.1342    0.8371   -0.5303
   -0.6233    0.3447    0.7019
    0.7703    0.4248    0.4756
...   115 G-C ...
  -25.4072   71.5987  -66.0477
   -0.4876    0.8715   -0.0522
   -0.4537   -0.2018    0.8680
    0.7459    0.4469    0.4938
...   116 T-A ...
  -22.9894   73.4789  -64.8515
   -0.6796    0.6242    0.3854
   -0.1463   -0.6301    0.7626
    0.7189    0.4619    0.5195
...   117 A-T ...
  -20.6657   75.5744  -63.4218
   -0.7181    0.1347    0.6828
    0.2463   -0.8685    0.4303
    0.6510    0.4771    0.5904
...   118 T-A ...
  -18.9325   77.6883  -61.7372
   -0.5271   -0.3011    0.7946
    0.5440   -0.8380    0.0433
    0.6528    0.4551    0.6055
...   119 A-T ...
  -17.0358   79.1134  -59.5630
   -0.3484   -0.7275    0.5911
    0.7483   -0.5956   -0.2920
    0.5645    0.3406    0.7519
...   120 A-T ...
  -15.5103   80.1693  -56.9280
    0.0377   -0.9653    0.2585
    0.8377   -0.1105   -0.5348
    0.5448    0.2367    0.8045
...   121 T-A ...
  -14.2849   80.7985  -53.9307
    0.4240   -0.9033   -0.0651
    0.7271    0.3825   -0.5701
    0.5399    0.1944    0.8190
...   122 G-C ...
  -12.5074   80.9619  -51.0116
    0.6817   -0.5680   -0.4612
    0.4217    0.8201   -0.3867
    0.5979    0.0691    0.7986
...   123 T-A ...
  -10.5614   80.5312  -48.4641
    0.7988   -0.1163   -0.5903
    0.0825    0.9930   -0.0841
    0.5960    0.0185    0.8028
...   124 G-C ...
   -8.4596   80.4466  -45.9535
    0.6916    0.4621   -0.5551
   -0.3463    0.8866    0.3066
    0.6338   -0.0198    0.7732
...   125 T-A ...
   -6.1799   79.8929  -43.6942
    0.4180    0.8487   -0.3240
   -0.6435    0.5284    0.5538
    0.6412   -0.0230    0.7670
...   126 C-G ...
   -4.0939   79.8186  -41.3272
   -0.0164    0.9971    0.0749
   -0.7656   -0.0607    0.6404
    0.6431   -0.0469    0.7644
...   127 G-C ...
   -2.5336   79.4833  -38.5342
   -0.4461    0.8363    0.3187
   -0.6841   -0.5482    0.4811
    0.5770   -0.0034    0.8167
...   128 A-T ...
   -0.5809   79.2695  -36.1112
   -0.7644    0.3824    0.5191
   -0.3453   -0.9227    0.1714
    0.5445   -0.0482    0.8373
...   129 C-G ...
    1.2013   79.8207  -33.4042
   -0.8649   -0.1384    0.4825
    0.0855   -0.9878   -0.1300
    0.4946   -0.0711    0.8662
...   130 C-G ...
    2.2058   80.0834  -30.1436
   -0.7962   -0.5674    0.2099
    0.4917   -0.8091   -0.3219
    0.3525   -0.1531    0.9232
...   131 A-T ...
    2.6136   78.9680  -27.0058
   -0.5926   -0.7713   -0.2325
    0.7937   -0.5097   -0.3321
    0.1376   -0.3813    0.9142
...   132 A-T ...
    2.7788   77.6357  -24.0423
   -0.0913   -0.8961   -0.4343
    0.9918   -0.0426   -0.1205
    0.0895   -0.4418    0.8926
...   133 A-T ...
    2.6415   76.1193  -21.1161
    0.5030   -0.7675   -0.3975
    0.8618    0.4806    0.1624
    0.0664   -0.4242    0.9031
...   134 T-A ...
    2.3074   74.2308  -18.3903
    0.8657   -0.4293   -0.2574
    0.4984    0.7868    0.3641
    0.0462   -0.4435    0.8951
...   135 G-C ...
    1.4353   72.0971  -15.6050
    0.9809    0.0621    0.1843
   -0.1263    0.9241    0.3607
   -0.1479   -0.3771    0.9143
...   136 T-A ...
    0.5278   69.2394  -13.4689
    0.7351    0.4963    0.4618
   -0.6117    0.7792    0.1365
   -0.2921   -0.3828    0.8764
...   137 G-C ...
   -0.1660   67.4106  -10.8095
    0.1800    0.8794    0.4408
   -0.9276    0.3008   -0.2214
   -0.3274   -0.3691    0.8698
...   138 A-T ...
   -0.1322   66.2181   -7.8216
   -0.3749    0.8570    0.3536
   -0.8857   -0.2184   -0.4098
   -0.2739   -0.4668    0.8409
...   139 G-C ...
   -1.0070   65.6075   -4.9425
   -0.8336    0.5218    0.1811
   -0.5170   -0.6220   -0.5881
   -0.1942   -0.5839    0.7883
...   140 C-G ...
   -0.6976   63.9004   -2.2528
   -0.9992    0.0157   -0.0376
    0.0023   -0.8993   -0.4374
   -0.0406   -0.4371    0.8985
...   141 G-C ...
   -3.4384   60.2386    1.0283
   -0.4425    0.2285   -0.8672
    0.1683   -0.9287   -0.3306
   -0.8808   -0.2922    0.3725
...   142 C-G ...
   -6.3290   59.0835    1.6293
   -0.2970   -0.3280   -0.8968
    0.5656   -0.8171    0.1115
   -0.7693   -0.4741    0.4282
...   143 T-A ...
   -8.6770   58.7244    3.6024
   -0.0347   -0.7817   -0.6227
    0.6533   -0.4893    0.5778
   -0.7563   -0.3868    0.5276
...   144 C-G ...
  -11.6546   58.0115    4.7193
    0.2451   -0.9542   -0.1716
    0.6322    0.0231    0.7745
   -0.7350   -0.2983    0.6089
...   145 A-T ...
  -14.1761   56.5669    6.1806
    0.5795   -0.7268    0.3687
    0.3139    0.6165    0.7220
   -0.7521   -0.3027    0.5855
...   146 C-G ...
  -16.4652   53.8950    7.5153
    0.5336   -0.3331    0.7774
   -0.0346    0.9098    0.4136
   -0.8450   -0.2476    0.4739
...   147 A-T ...
  -19.0174   52.0375    8.9260
    0.2452    0.2907    0.9249
   -0.3073    0.9281   -0.2103
   -0.9195   -0.2327    0.3169
