  147 base-pairs
...     1 A-T ...
    0.0000    0.0000    0.0000
    1.0000    0.0000    0.0000
    0.0000    1.0000    0.0000
    0.0000    0.0000    1.0000
...     2 G-C ...
   -0.1404   -1.2353    3.2259
    0.7530    0.6366    0.1668
   -0.6385    0.7681   -0.0490
   -0.1593   -0.0696    0.9848
...     3 T-A ...
   -0.0377   -3.2918    6.3749
    0.2722    0.9302    0.2464
   -0.9238    0.3243   -0.2034
   -0.2691   -0.1722    0.9476
...     4 G-C ...
   -0.3520   -4.1638    9.4928
   -0.3756    0.9250    0.0576
   -0.8780   -0.3352   -0.3416
   -0.2967   -0.1788    0.9381
...     5 A-T ...
   -0.4480   -4.1448   12.7498
   -0.8116    0.5839   -0.0166
   -0.5522   -0.7762   -0.3042
   -0.1905   -0.2377    0.9525
...     6 G-C ...
   -1.5926   -4.1701   15.6201
   -0.9976    0.0246   -0.0651
   -0.0043   -0.9555   -0.2950
   -0.0694   -0.2940    0.9533
...     7 C-G ...
   -1.1050   -4.4793   18.7363
   -0.8442   -0.5302   -0.0787
    0.5343   -0.8442   -0.0430
   -0.0437   -0.0784    0.9960
...     8 G-C ...
   -2.4044   -7.7255   23.1483
   -0.2753   -0.3294   -0.9032
    0.6650   -0.7437    0.0686
   -0.6943   -0.5817    0.4238
...     9 C-G ...
   -4.4706   -9.9691   24.1142
    0.1145   -0.7026   -0.7023
    0.8512   -0.2951    0.4341
   -0.5123   -0.6475    0.5642
...    10 T-A ...
   -6.7420  -10.8705   25.9717
    0.4841   -0.8363   -0.2573
    0.6594    0.1554    0.7356
   -0.5752   -0.5257    0.6267
...    11 C-G ...
   -9.1682  -12.6167   27.1662
    0.7073   -0.6683    0.2306
    0.3450    0.6110    0.7125
   -0.6170   -0.4243    0.6627
...    12 A-T ...
  -10.9253  -14.6583   29.0713
    0.7515   -0.1377    0.6452
   -0.2027    0.8824    0.4245
   -0.6278   -0.4498    0.6352
...    13 C-G ...
  -11.8495  -17.4796   31.2472
    0.4294    0.2824    0.8578
   -0.5708    0.8209    0.0155
   -0.6998   -0.4963    0.5137
...    14 A-T ...
  -13.5915  -19.7756   33.4284
   -0.1503    0.6106    0.7775
   -0.6874    0.5007   -0.5261
   -0.7106   -0.6135    0.3445
...    15 A-T ...
  -15.7618  -21.8951   34.5452
   -0.4963    0.7953    0.3481
   -0.4643    0.0957   -0.8805
   -0.7335   -0.5986    0.3218
...    16 T-A ...
  -17.9027  -23.8388   36.3099
   -0.6913    0.7057   -0.1553
   -0.1172   -0.3215   -0.9396
   -0.7130   -0.6313    0.3049
...    17 T-A ...
  -20.2409  -25.7282   37.6635
   -0.6469    0.3760   -0.6635
    0.3174   -0.6583   -0.6826
   -0.6934   -0.6521    0.3065
...    18 T-A ...
  -22.5873  -27.6599   38.6601
   -0.3235    0.0236   -0.9459
    0.6028   -0.7654   -0.2252
   -0.7294   -0.6431    0.2334
...    19 A-T ...
  -25.0653  -29.6555   39.0520
    0.1294   -0.1778   -0.9755
    0.6543   -0.7239    0.2187
   -0.7451   -0.6666    0.0227
...    20 T-A ...
  -27.9072  -31.2959   38.7747
    0.4504   -0.4893   -0.7469
    0.4986   -0.5561    0.6650
   -0.7406   -0.6719   -0.0065
...    21 T-A ...
  -30.4379  -33.3561   38.4324
    0.6657   -0.6949   -0.2718
    0.1575   -0.2252    0.9615
   -0.7294   -0.6829   -0.0405
...    22 C-G ...
  -32.7251  -35.6703   38.1677
    0.6621   -0.6789    0.3174
   -0.2653    0.1837    0.9465
   -0.7009   -0.7109   -0.0585
...    23 G-C ...
  -34.9203  -38.1476   38.7147
    0.4803   -0.3866    0.7873
   -0.6387    0.4610    0.6160
   -0.6011   -0.7987   -0.0255
...    24 C-G ...
  -36.5728  -40.9537   38.5086
    0.1079   -0.0516    0.9928
   -0.7976    0.5917    0.1174
   -0.5935   -0.8045    0.0228
...    25 A-T ...
  -38.9045  -43.2796   38.4205
   -0.3500    0.3120    0.8833
   -0.7123    0.5237   -0.4673
   -0.6084   -0.7927    0.0390
...    26 A-T ...
  -40.7548  -45.9793   38.7362
   -0.7028    0.5303    0.4742
   -0.3859    0.2758   -0.8804
   -0.5976   -0.8017    0.0108
...    27 A-T ...
  -42.5535  -48.6716   39.1058
   -0.8112    0.5739   -0.1121
    0.1052   -0.0453   -0.9934
   -0.5752   -0.8176   -0.0236
...    28 G-C ...
  -44.7305  -51.2103   39.4520
   -0.5954    0.5276   -0.6059
    0.5013   -0.3455   -0.7933
   -0.6279   -0.7761   -0.0588
...    29 G-C ...
  -47.2699  -53.5554   39.3712
   -0.1552    0.3637   -0.9185
    0.7379   -0.5755   -0.3525
   -0.6568   -0.7325   -0.1791
...    30 C-G ...
  -49.8159  -55.4943   38.7100
    0.3116    0.0832   -0.9466
    0.6958   -0.6983    0.1677
   -0.6471   -0.7109   -0.2755
...    31 C-G ...
  -52.1634  -57.5558   37.6069
    0.7026   -0.2153   -0.6782
    0.3997   -0.6692    0.6265
   -0.5887   -0.7112   -0.3841
...    32 G-C ...
  -53.5573  -59.9072   36.2891
    0.8760   -0.4178   -0.2410
   -0.0311   -0.5476    0.8362
   -0.4813   -0.7250   -0.4927
...    33 G-C ...
  -54.4479  -62.4768   34.2755
    0.7479   -0.6095    0.2630
   -0.5293   -0.3086    0.7903
   -0.4005   -0.7303   -0.5534
...    34 C-G ...
  -55.2460  -64.9876   32.3380
    0.3486   -0.6671    0.6584
   -0.8685    0.0343    0.4945
   -0.3525   -0.7442   -0.5674
...    35 C-G ...
  -56.0936  -67.7650   30.5696
   -0.2040   -0.5452    0.8131
   -0.9279    0.3725    0.0169
   -0.3121   -0.7510   -0.5819
...    36 C-G ...
  -56.9409  -70.4559   28.7472
   -0.6694   -0.2444    0.7016
   -0.6745    0.5958   -0.4360
   -0.3114   -0.7651   -0.5636
...    37 G-C ...
  -58.2772  -72.2448   26.0614
   -0.9136    0.1724    0.3683
   -0.1697    0.6614   -0.7306
   -0.3695   -0.7300   -0.5750
...    38 A-T ...
  -59.1736  -74.5973   24.2072
   -0.8416    0.5303   -0.1028
    0.4000    0.4840   -0.7783
   -0.3630   -0.6961   -0.6194
...    39 C-G ...
  -60.7697  -76.7806   22.5113
   -0.5021    0.7489   -0.4325
    0.7706    0.1605   -0.6167
   -0.3924   -0.6430   -0.6577
...    40 A-T ...
  -62.2675  -78.7884   20.3576
    0.0347    0.8092   -0.5865
    0.9125   -0.2649   -0.3116
   -0.4075   -0.5244   -0.7476
...    41 C-G ...
  -63.9191  -79.9482   17.8391
    0.5117    0.6293   -0.5849
    0.7745   -0.6325   -0.0029
   -0.3718   -0.4515   -0.8111
...    42 G-C ...
  -64.7038  -81.6015   15.0561
    0.8923    0.2320   -0.3873
    0.3434   -0.9057    0.2485
   -0.2931   -0.3548   -0.8878
...    43 A-T ...
  -65.5916  -82.6332   12.1978
    0.9307   -0.3261   -0.1655
   -0.2353   -0.8804    0.4117
   -0.2800   -0.3442   -0.8962
...    44 C-G ...
  -66.1728  -83.1479    8.9812
    0.6892   -0.7161    0.1107
   -0.6901   -0.6021    0.4015
   -0.2209   -0.3531   -0.9091
...    45 T-A ...
  -66.1521  -84.1923    5.4810
    0.2015   -0.9338    0.2958
   -0.9586   -0.1260    0.2552
   -0.2010   -0.3349   -0.9205
...    46 T-A ...
  -66.2287  -85.0755    2.3019
   -0.3032   -0.8946    0.3284
   -0.9334    0.3482    0.0868
   -0.1920   -0.2802   -0.9405
...    47 A-T ...
  -67.0919  -85.7142   -0.8804
   -0.8223   -0.4927    0.2846
   -0.5404    0.8329   -0.1195
   -0.1782   -0.2521   -0.9512
...    48 C-G ...
  -67.4391  -87.1403   -3.8795
   -0.9825    0.0154    0.1857
   -0.0294    0.9713   -0.2361
   -0.1840   -0.2374   -0.9538
...    49 T-A ...
  -68.2778  -88.2978   -6.9207
   -0.8364    0.5365    0.1121
    0.4866    0.8209   -0.2989
   -0.2524   -0.1955   -0.9477
...    50 G-C ...
  -69.3754  -88.7031  -10.0849
   -0.4028    0.9116    0.0825
    0.8604    0.4079   -0.3056
   -0.3123   -0.0521   -0.9486
...    51 T-A ...
  -70.9080  -88.9117  -12.8794
    0.0574    0.9980    0.0277
    0.9492   -0.0460   -0.3114
   -0.3094    0.0441   -0.9499
...    52 A-T ...
  -72.8630  -87.7639  -15.5375
    0.5388    0.8233    0.1784
    0.8164   -0.4580   -0.3516
   -0.2078    0.3351   -0.9190
...    53 G-C ...
  -73.9181  -86.4166  -18.2608
    0.8716    0.4773    0.1117
    0.4748   -0.7657   -0.4339
   -0.1216    0.4312   -0.8940
...    54 G-C ...
  -74.4411  -83.9516  -20.9590
    0.9989   -0.0139   -0.0439
   -0.0331   -0.8796   -0.4746
   -0.0320    0.4755   -0.8791
...    55 T-A ...
  -74.1711  -81.9762  -23.5537
    0.8507   -0.4550   -0.2633
   -0.5257   -0.7386   -0.4221
   -0.0024    0.4975   -0.8675
...    56 A-T ...
  -73.5982  -80.0179  -26.2783
    0.4174   -0.8048   -0.4220
   -0.9070   -0.3400   -0.2486
    0.0565    0.4865   -0.8718
...    57 T-A ...
  -72.6722  -78.2210  -28.9125
   -0.0805   -0.8502   -0.5202
   -0.9952    0.0976   -0.0055
    0.0554    0.5173   -0.8540
...    58 C-G ...
  -72.1947  -76.6476  -31.8406
   -0.6588   -0.6140   -0.4347
   -0.7507    0.5740    0.3271
    0.0487    0.5418   -0.8391
...    59 T-A ...
  -71.9543  -75.1385  -34.8023
   -0.9498   -0.2648   -0.1666
   -0.3129    0.8040    0.5057
    0.0000    0.5324   -0.8465
...    60 C-G ...
  -71.9825  -73.3819  -37.6311
   -0.9618    0.2066    0.1796
    0.2712    0.8079    0.5231
   -0.0370    0.5519   -0.8331
...    61 G-C ...
  -72.0955  -71.1737  -40.0091
   -0.7069    0.4343    0.5583
    0.6835    0.6226    0.3810
   -0.1821    0.6510   -0.7369
...    62 A-T ...
  -72.4998  -69.0568  -42.4238
   -0.2151    0.6316    0.7449
    0.9603    0.2756    0.0437
   -0.1777    0.7247   -0.6658
...    63 G-C ...
  -73.5206  -66.5260  -44.2975
    0.2958    0.6187    0.7278
    0.9393   -0.0500   -0.3393
   -0.1736    0.7840   -0.5960
...    64 C-G ...
  -74.4947  -63.7009  -45.8673
    0.7751    0.4361    0.4572
    0.6159   -0.3600   -0.7007
   -0.1410    0.8248   -0.5476
...    65 T-A ...
  -74.8393  -60.5203  -47.1641
    0.9886    0.1495    0.0155
    0.0870   -0.4856   -0.8698
   -0.1225    0.8613   -0.4931
...    66 T-A ...
  -75.1273  -57.6280  -48.5027
    0.8820   -0.1758   -0.4373
   -0.4662   -0.4620   -0.7545
   -0.0693    0.8693   -0.4894
...    67 C-G ...
  -75.3173  -54.9485  -50.3586
    0.4684   -0.4235   -0.7754
   -0.8832   -0.2487   -0.3977
   -0.0244    0.8711   -0.4905
...    68 A-T ...
  -75.0214  -51.8898  -51.7863
   -0.0467   -0.5704   -0.8201
   -0.9979    0.0643    0.0120
    0.0459    0.8189   -0.5722
...    69 T-A ...
  -74.3912  -49.3858  -53.7483
   -0.5228   -0.4867   -0.6998
   -0.8516    0.3353    0.4030
    0.0385    0.8067   -0.5898
...    70 G-C ...
  -74.0977  -46.7883  -55.9515
   -0.9110   -0.2622   -0.3183
   -0.4118    0.5392    0.7346
   -0.0210    0.8003   -0.5992
...    71 T-A ...
  -74.0412  -44.5588  -58.4255
   -0.9936    0.0385    0.1063
    0.1086    0.5860    0.8030
   -0.0314    0.8094   -0.5864
...    72 T-A ...
  -74.3230  -42.1083  -60.3935
   -0.7896    0.3033    0.5334
    0.6101    0.4810    0.6297
   -0.0656    0.8226   -0.5648
...    73 A-T ...
  -74.6084  -39.3054  -62.0501
   -0.3622    0.3997    0.8421
    0.9246    0.2686    0.2702
   -0.1182    0.8764   -0.4668
...    74 T-A ...
  -75.7057  -36.6711  -63.5314
    0.1208    0.4725    0.8730
    0.9861    0.0441   -0.1603
   -0.1143    0.8802   -0.4605
...    75 A-T ...
  -76.0563  -33.7023  -64.8256
    0.6022    0.3102    0.7356
    0.7950   -0.1486   -0.5881
   -0.0731    0.9390   -0.3361
...    76 A-T ...
  -76.3894  -30.6890  -65.6536
    0.9263    0.1345    0.3519
    0.3758   -0.2647   -0.8881
   -0.0262    0.9549   -0.2958
...    77 C-G ...
  -76.4699  -27.2722  -65.8374
    0.9869   -0.0432   -0.1554
   -0.1612   -0.2853   -0.9448
   -0.0036    0.9575   -0.2885
...    78 G-C ...
  -76.1753  -24.3111  -67.1508
    0.7468   -0.3083   -0.5892
   -0.6502   -0.1525   -0.7443
    0.1396    0.9390   -0.3143
...    79 G-C ...
  -75.2621  -21.3877  -68.3342
    0.3017   -0.4282   -0.8518
   -0.9270    0.0773   -0.3671
    0.2230    0.9004   -0.3736
...    80 A-T ...
  -74.2942  -18.5955  -69.6542
   -0.2876   -0.3460   -0.8931
   -0.9288    0.3282    0.1719
    0.2336    0.8789   -0.4158
...    81 C-G ...
  -73.0312  -16.0802  -71.4163
   -0.7143   -0.1414   -0.6854
   -0.6542    0.4829    0.5821
    0.2486    0.8642   -0.4374
...    82 G-C ...
  -72.6026  -13.1543  -72.7616
   -0.9769    0.0576   -0.2059
   -0.1511    0.4955    0.8554
    0.1513    0.8667   -0.4753
...    83 G-C ...
  -72.0695  -10.3534  -74.4559
   -0.9181    0.2509    0.3068
    0.3827    0.3600    0.8509
    0.1031    0.8986   -0.4265
...    84 G-C ...
  -71.9677   -7.4214  -76.0616
   -0.5942    0.2971    0.7474
    0.8040    0.1929    0.5625
    0.0230    0.9352   -0.3535
...    85 A-T ...
  -72.1283   -4.3751  -77.2937
   -0.0326    0.3126    0.9493
    0.9993   -0.0063    0.0364
    0.0174    0.9498   -0.3122
...    86 T-A ...
  -72.6894   -1.2325  -78.1099
    0.4704    0.2312    0.8516
    0.8819   -0.1551   -0.4451
    0.0292    0.9605   -0.2768
...    87 C-G ...
  -72.6781    1.9826  -78.7498
    0.8838    0.0547    0.4646
    0.4631   -0.2428   -0.8524
    0.0662    0.9685   -0.2399
...    88 C-G ...
  -72.5243    5.2062  -79.3081
    0.9805   -0.1964    0.0112
   -0.0329   -0.2195   -0.9751
    0.1940    0.9556   -0.2217
...    89 G-C ...
  -71.7455    8.1850  -80.4405
    0.7843   -0.4172   -0.4591
   -0.5175   -0.0318   -0.8551
    0.3422    0.9082   -0.2409
...    90 C-G ...
  -70.0766   11.1674  -80.9743
    0.3494   -0.3762   -0.8582
   -0.8605    0.2335   -0.4527
    0.3707    0.8966   -0.2422
...    91 T-A ...
  -68.2674   13.9178  -82.0481
   -0.1855   -0.1810   -0.9658
   -0.8851    0.4577    0.0842
    0.4268    0.8705   -0.2451
...    92 T-A ...
  -66.5351   16.5223  -82.9610
   -0.6361    0.1608   -0.7546
   -0.6218    0.4723    0.6248
    0.4569    0.8666   -0.2005
...    93 T-A ...
  -64.8311   19.1610  -83.8370
   -0.8582    0.4303   -0.2800
   -0.1652    0.2848    0.9442
    0.4861    0.8566   -0.1733
...    94 A-T ...
  -63.1132   21.9609  -83.9333
   -0.7910    0.5292    0.3069
    0.3421   -0.0334    0.9391
    0.5072    0.8478   -0.1547
...    95 A-T ...
  -61.6236   24.6888  -84.5404
   -0.5124    0.4008    0.7595
    0.6955   -0.3250    0.6408
    0.5036    0.8566   -0.1122
...    96 C-G ...
  -60.5529   27.7812  -85.1377
   -0.1197    0.1446    0.9822
    0.8547   -0.4884    0.1760
    0.5052    0.8606   -0.0651
...    97 A-T ...
  -59.0511   30.7338  -85.1775
    0.2777   -0.2505    0.9274
    0.8033   -0.4689   -0.3672
    0.5268    0.8470    0.0710
...    98 C-G ...
  -57.7118   33.6790  -84.3845
    0.6122   -0.4936    0.6178
    0.5705   -0.2653   -0.7773
    0.5476    0.8282    0.1192
...    99 T-A ...
  -55.8711   36.5313  -83.2162
    0.7820   -0.6175    0.0845
    0.1621    0.0707   -0.9842
    0.6018    0.7834    0.1554
...   100 T-A ...
  -53.8726   38.9297  -82.3026
    0.7443   -0.4595   -0.4846
   -0.2993    0.4192   -0.8572
    0.5970    0.7830    0.1745
...   101 T-A ...
  -51.8094   41.2915  -81.4944
    0.4609   -0.1398   -0.8764
   -0.6575    0.6095   -0.4430
    0.5961    0.7803    0.1890
...   102 A-T ...
  -50.0017   44.0817  -80.9471
   -0.0167    0.2498   -0.9682
   -0.7986    0.5793    0.1632
    0.6017    0.7759    0.1898
...   103 T-A ...
  -47.4985   46.1837  -80.6353
   -0.3914    0.4812   -0.7844
   -0.6962    0.4025    0.5943
    0.6017    0.7788    0.1775
...   104 G-C ...
  -45.4728   48.7936  -80.3548
   -0.7832    0.5553   -0.2799
   -0.2998    0.0571    0.9523
    0.5448    0.8297    0.1217
...   105 C-G ...
  -43.9336   51.6703  -80.3252
   -0.8474    0.4596    0.2659
    0.1511   -0.2712    0.9506
    0.5090    0.8457    0.1604
...   106 T-A ...
  -42.4254   54.7316  -80.1385
   -0.6481    0.1978    0.7354
    0.5937   -0.4736    0.6506
    0.4769    0.8583    0.1895
...   107 T-A ...
  -41.0766   57.5742  -79.6058
   -0.2617   -0.1450    0.9542
    0.8489   -0.5049    0.1561
    0.4591    0.8509    0.2553
...   108 C-G ...
  -39.8354   60.4047  -78.5762
    0.1789   -0.4822    0.8576
    0.8660   -0.3365   -0.3699
    0.4670    0.8089    0.3573
...   109 C-G ...
  -38.5202   63.1650  -77.3998
    0.5001   -0.7047    0.5033
    0.6705   -0.0527   -0.7400
    0.5480    0.7075    0.4462
...   110 G-C ...
  -36.5933   65.0799  -76.0510
    0.6739   -0.7385    0.0216
    0.3901    0.3309   -0.8593
    0.6274    0.5875    0.5111
...   111 G-C ...
  -34.1498   66.3896  -74.1640
    0.7318   -0.4923   -0.4713
    0.0299    0.7141   -0.6994
    0.6809    0.4977    0.5373
...   112 C-G ...
  -31.5575   67.3810  -72.2657
    0.6157   -0.0470   -0.7865
   -0.3373    0.8864   -0.3171
    0.7121    0.4606    0.5299
...   113 T-A ...
  -29.1120   68.6578  -70.5062
    0.3574    0.4223   -0.8330
   -0.5815    0.7986    0.1554
    0.7309    0.4288    0.5310
...   114 C-G ...
  -26.8183   70.3017  -68.8636
   -0.0436    0.8093   -0.5857
   -0.6581    0.4179    0.6263
    0.7517    0.4127    0.5144
...   115 G-C ...
  -24.6811   71.7123  -66.8194
   -0.4319    0.8916   -0.1357
   -0.5289   -0.1286    0.8389
    0.7305    0.4341    0.5272
...   116 T-A ...
  -22.2491   73.5292  -65.5347
   -0.6693    0.6787    0.3022
   -0.2367   -0.5804    0.7792
    0.7042    0.4500    0.5491
...   117 A-T ...
  -19.9112   75.5382  -64.0202
   -0.7505    0.2051    0.6282
    0.1688   -0.8596    0.4823
    0.6389    0.4680    0.6105
...   118 T-A ...
  -18.1633   77.6299  -62.3125
   -0.5887   -0.2376    0.7726
    0.4931   -0.8630    0.1103
    0.6405    0.4459    0.6252
...   119 A-T ...
  -16.2844   79.0343  -60.0923
   -0.4058   -0.6875    0.6022
    0.7324   -0.6387   -0.2357
    0.5467    0.3454    0.7627
...   120 A-T ...
  -14.8169   80.1278  -57.4373
   -0.0148   -0.9556    0.2943
    0.8527   -0.1657   -0.4953
    0.5221    0.2436    0.8173
...   121 T-A ...
  -13.6765   80.8140  -54.4195
    0.3875   -0.9217   -0.0176
    0.7638    0.3317   -0.5537
    0.5162    0.2012    0.8325
...   122 G-C ...
  -11.9887   81.0134  -51.4412
    0.6730   -0.6090   -0.4196
    0.4680    0.7900   -0.3961
    0.5727    0.0702    0.8167
...   123 T-A ...
  -10.1445   80.5834  -48.8174
    0.8119   -0.1636   -0.5604
    0.1235    0.9863   -0.1091
    0.5706    0.0194    0.8210
...   124 G-C ...
   -8.1215   80.4953  -46.2353
    0.7238    0.4223   -0.5456
   -0.3227    0.9062    0.2733
    0.6099   -0.0217    0.7922
...   125 T-A ...
   -5.9310   79.9236  -43.8953
    0.4557    0.8258   -0.3323
   -0.6396    0.5634    0.5229
    0.6190   -0.0258    0.7849
...   126 C-G ...
   -3.9097   79.8455  -41.4712
    0.0151    0.9985    0.0527
   -0.7831   -0.0210    0.6215
    0.6217   -0.0506    0.7816
...   127 G-C ...
   -2.4419   79.5089  -38.6179
   -0.4273    0.8526    0.3009
   -0.7086   -0.5225    0.4743
    0.5616   -0.0106    0.8274
...   128 A-T ...
   -0.5407   79.2713  -36.1510
   -0.7623    0.4071    0.5032
   -0.3719   -0.9118    0.1743
    0.5298   -0.0543    0.8464
...   129 C-G ...
    1.2157   79.7982  -33.4191
   -0.8746   -0.1145    0.4712
    0.0639   -0.9905   -0.1221
    0.4807   -0.0767    0.8735
...   130 C-G ...
    2.2053   80.0427  -30.1556
   -0.8085   -0.5520    0.2041
    0.4803   -0.8193   -0.3133
    0.3402   -0.1552    0.9275
...   131 A-T ...
    2.6282   78.9284  -27.0245
   -0.5963   -0.7689   -0.2305
    0.7919   -0.5164   -0.3259
    0.1316   -0.3769    0.9169
...   132 A-T ...
    2.7859   77.6145  -24.0520
   -0.0927   -0.8977   -0.4308
    0.9920   -0.0463   -0.1171
    0.0852   -0.4382    0.8948
...   133 A-T ...
    2.6389   76.1086  -21.1204
    0.5021   -0.7695   -0.3946
    0.8625    0.4792    0.1629
    0.0637   -0.4221    0.9043
...   134 T-A ...
    2.3075   74.2308  -18.3902
    0.8657   -0.4293   -0.2574
    0.4984    0.7868    0.3641
    0.0462   -0.4435    0.8951
...   135 G-C ...
    1.4353   72.0970  -15.6050
    0.9809    0.0621    0.1843
   -0.1263    0.9241    0.3607
   -0.1479   -0.3771    0.9143
...   136 T-A ...
    0.5278   69.2393  -13.4688
    0.7351    0.4963    0.4618
   -0.6117    0.7792    0.1365
   -0.2921   -0.3828    0.8764
...   137 G-C ...
   -0.1660   67.4106  -10.8095
    0.1800    0.8794    0.4408
   -0.9276    0.3008   -0.2214
   -0.3274   -0.3691    0.8698
...   138 A-T ...
   -0.1322   66.2180   -7.8216
   -0.3749    0.8570    0.3536
   -0.8857   -0.2184   -0.4098
   -0.2739   -0.4668    0.8409
...   139 G-C ...
   -1.0070   65.6075   -4.9424
   -0.8336    0.5218    0.1811
   -0.5170   -0.6220   -0.5881
   -0.1942   -0.5839    0.7883
...   140 C-G ...
   -0.6975   63.9003   -2.2528
   -0.9992    0.0157   -0.0376
    0.0023   -0.8993   -0.4374
   -0.0406   -0.4371    0.8985
...   141 G-C ...
   -3.4383   60.2385    1.0284
   -0.4425    0.2285   -0.8672
    0.1683   -0.9287   -0.3306
   -0.8808   -0.2922    0.3725
...   142 C-G ...
   -6.3289   59.0834    1.6293
   -0.2970   -0.3280   -0.8968
    0.5656   -0.8171    0.1115
   -0.7693   -0.4741    0.4282
...   143 T-A ...
   -8.6769   58.7243    3.6024
   -0.0347   -0.7817   -0.6227
    0.6533   -0.4893    0.5778
   -0.7563   -0.3868    0.5276
...   144 C-G ...
  -11.6545   58.0114    4.7193
    0.2451   -0.9542   -0.1716
    0.6322    0.0231    0.7745
   -0.7350   -0.2983    0.6089
...   145 A-T ...
  -14.1761   56.5669    6.1807
    0.5795   -0.7268    0.3687
    0.3139    0.6165    0.7220
   -0.7521   -0.3027    0.5855
...   146 C-G ...
  -16.4652   53.8949    7.5153
    0.5336   -0.3331    0.7774
   -0.0346    0.9098    0.4136
   -0.8450   -0.2476    0.4739
...   147 A-T ...
  -19.0173   52.0374    8.9260
    0.2452    0.2907    0.9249
   -0.3073    0.9281   -0.2103
   -0.9195   -0.2327    0.3169
