  147 base-pairs
...     1 A-T ...
    0.0000    0.0000    0.0000
    1.0000    0.0000    0.0000
    0.0000    1.0000    0.0000
    0.0000    0.0000    1.0000
...     2 G-C ...
   -0.1404   -1.2353    3.2259
    0.7530    0.6366    0.1668
   -0.6385    0.7681   -0.0490
   -0.1593   -0.0696    0.9848
...     3 T-A ...
   -0.0377   -3.2918    6.3749
    0.2722    0.9302    0.2464
   -0.9238    0.3243   -0.2034
   -0.2691   -0.1722    0.9476
...     4 G-C ...
   -0.3520   -4.1638    9.4928
   -0.3756    0.9250    0.0576
   -0.8780   -0.3352   -0.3416
   -0.2967   -0.1788    0.9381
...     5 A-T ...
   -0.4480   -4.1448   12.7498
   -0.8116    0.5839   -0.0166
   -0.5522   -0.7762   -0.3042
   -0.1905   -0.2377    0.9525
...     6 G-C ...
   -1.5926   -4.1701   15.6201
   -0.9976    0.0246   -0.0651
   -0.0043   -0.9555   -0.2950
   -0.0694   -0.2940    0.9533
...     7 C-G ...
   -1.1050   -4.4793   18.7363
   -0.8442   -0.5302   -0.0787
    0.5343   -0.8442   -0.0430
   -0.0437   -0.0784    0.9960
...     8 G-C ...
   -2.4044   -7.7255   23.1483
   -0.2753   -0.3294   -0.9032
    0.6650   -0.7437    0.0686
   -0.6943   -0.5817    0.4238
...     9 C-G ...
   -4.4706   -9.9691   24.1142
    0.1145   -0.7026   -0.7023
    0.8512   -0.2951    0.4341
   -0.5123   -0.6475    0.5642
...    10 T-A ...
   -6.7420  -10.8705   25.9717
    0.4841   -0.8363   -0.2573
    0.6594    0.1554    0.7356
   -0.5752   -0.5257    0.6267
...    11 C-G ...
   -9.1682  -12.6167   27.1662
    0.7073   -0.6683    0.2306
    0.3450    0.6110    0.7125
   -0.6170   -0.4243    0.6627
...    12 A-T ...
  -10.9253  -14.6583   29.0713
    0.7515   -0.1377    0.6452
   -0.2027    0.8824    0.4245
   -0.6278   -0.4498    0.6352
...    13 C-G ...
  -11.8495  -17.4796   31.2472
    0.4294    0.2824    0.8578
   -0.5708    0.8209    0.0155
   -0.6998   -0.4963    0.5137
...    14 A-T ...
  -13.5915  -19.7756   33.4284
   -0.1503    0.6106    0.7775
   -0.6874    0.5007   -0.5261
   -0.7106   -0.6135    0.3445
...    15 A-T ...
  -15.6863  -21.8630   34.7613
   -0.5073    0.7792    0.3682
   -0.4770    0.1020   -0.8730
   -0.7177   -0.6185    0.3199
...    16 T-A ...
  -17.7797  -23.7618   36.4200
   -0.6619    0.7422   -0.1047
   -0.1635   -0.2792   -0.9462
   -0.7315   -0.6092    0.3062
...    17 T-A ...
  -20.1567  -25.5701   37.6352
   -0.6114    0.5115   -0.6039
    0.2176   -0.6250   -0.7497
   -0.7609   -0.5897    0.2708
...    18 T-A ...
  -22.7368  -27.2321   38.6003
   -0.3554    0.1479   -0.9229
    0.5004   -0.8039   -0.3215
   -0.7895   -0.5761    0.2117
...    19 A-T ...
  -25.8458  -28.4719   38.9638
    0.1029   -0.0980   -0.9898
    0.5565   -0.8191    0.1390
   -0.8244   -0.5652   -0.0298
...    20 T-A ...
  -28.8157  -29.7421   38.5400
    0.3856   -0.4549   -0.8027
    0.4230   -0.6860    0.5920
   -0.8200   -0.5678   -0.0721
...    21 T-A ...
  -31.5335  -31.4013   38.0025
    0.5692   -0.7388   -0.3608
    0.1281   -0.3538    0.9265
   -0.8122   -0.5736   -0.1068
...    22 C-G ...
  -34.0266  -33.4031   37.4340
    0.5618   -0.7968    0.2225
   -0.2467    0.0954    0.9644
   -0.7896   -0.5967   -0.1430
...    23 G-C ...
  -36.6055  -35.4552   37.3849
    0.3906   -0.5792    0.7155
   -0.5569    0.4702    0.6846
   -0.7330   -0.6659   -0.1389
...    24 C-G ...
  -38.7338  -37.9088   36.7938
    0.0451   -0.2295    0.9723
   -0.6885    0.6981    0.1967
   -0.7239   -0.6782   -0.1265
...    25 A-T ...
  -41.2709  -39.9464   36.3573
   -0.3054    0.2356    0.9226
   -0.6018    0.7031   -0.3787
   -0.7379   -0.6709   -0.0730
...    26 A-T ...
  -43.4828  -42.3261   36.2912
   -0.6047    0.5691    0.5572
   -0.3116    0.4748   -0.8231
   -0.7329   -0.6714   -0.1098
...    27 A-T ...
  -45.8135  -44.5731   36.2095
   -0.6704    0.7417    0.0200
    0.0860    0.1045   -0.9908
   -0.7370   -0.6625   -0.1338
...    28 G-C ...
  -48.3640  -46.6192   36.0653
   -0.4649    0.7615   -0.4516
    0.4163   -0.2622   -0.8706
   -0.7814   -0.5927   -0.1951
...    29 G-C ...
  -51.2471  -48.2882   35.6444
   -0.0856    0.6031   -0.7931
    0.5803   -0.6169   -0.5318
   -0.8099   -0.5057   -0.2971
...    30 C-G ...
  -54.1456  -49.4384   34.7131
    0.2928    0.2500   -0.9229
    0.5230   -0.8499   -0.0643
   -0.8004   -0.4639   -0.3796
...    31 C-G ...
  -56.8808  -50.5026   33.0774
    0.6115   -0.1530   -0.7763
    0.2630   -0.8860    0.3818
   -0.7462   -0.4377   -0.5016
...    32 G-C ...
  -58.9953  -52.2111   31.2013
    0.7506   -0.5322   -0.3917
   -0.1600   -0.7215    0.6736
   -0.6411   -0.4429   -0.6267
...    33 G-C ...
  -60.7113  -53.6446   28.6740
    0.6007   -0.7972    0.0601
   -0.5678   -0.3725    0.7340
   -0.5628   -0.4751   -0.6764
...    34 C-G ...
  -62.1634  -55.2674   26.1857
    0.2125   -0.8648    0.4550
   -0.8201    0.0953    0.5642
   -0.5313   -0.4930   -0.6890
...    35 C-G ...
  -63.6639  -57.1533   23.8360
   -0.2418   -0.6602    0.7111
   -0.8196    0.5312    0.2145
   -0.5194   -0.5310   -0.6696
...    36 C-G ...
  -65.2123  -59.1600   21.6217
   -0.6201   -0.2493    0.7439
   -0.5631    0.8016   -0.2008
   -0.5462   -0.5434   -0.6374
...    37 G-C ...
  -67.1372  -60.5189   19.2945
   -0.7786    0.2735    0.5648
   -0.1185    0.8198   -0.5603
   -0.6163   -0.5032   -0.6058
...    38 A-T ...
  -69.0583  -62.2688   17.3369
   -0.6821    0.7102    0.1744
    0.3594    0.5332   -0.7659
   -0.6369   -0.4597   -0.6189
...    39 C-G ...
  -71.4567  -63.8906   15.8193
   -0.3789    0.9046   -0.1954
    0.6559    0.1135   -0.7462
   -0.6529   -0.4109   -0.6363
...    40 A-T ...
  -73.7211  -65.1189   13.7120
    0.1242    0.8879   -0.4430
    0.7390   -0.3807   -0.5558
   -0.6622   -0.2583   -0.7034
...    41 C-G ...
  -76.2386  -65.4552   11.6884
    0.5153    0.6063   -0.6057
    0.5715   -0.7698   -0.2843
   -0.6387   -0.1996   -0.7432
...    42 G-C ...
  -78.0217  -66.0384    8.9737
    0.8332    0.1560   -0.5305
    0.1862   -0.9825    0.0035
   -0.5206   -0.1017   -0.8477
...    43 A-T ...
  -79.5309  -66.1849    6.1025
    0.8226   -0.4125   -0.3913
   -0.3317   -0.9071    0.2591
   -0.4618   -0.0833   -0.8830
...    44 C-G ...
  -80.5826  -65.9671    2.9846
    0.5572   -0.8092   -0.1862
   -0.7152   -0.5817    0.3875
   -0.4219   -0.0827   -0.9029
...    45 T-A ...
  -81.5574  -66.2011   -0.1540
    0.1305   -0.9892    0.0664
   -0.9175   -0.0952    0.3861
   -0.3756   -0.1113   -0.9201
...    46 T-A ...
  -82.4143  -66.5351   -3.2785
   -0.4251   -0.8763    0.2265
   -0.8311    0.4770    0.2858
   -0.3585   -0.0668   -0.9311
...    47 A-T ...
  -83.7921  -66.4045   -6.3159
   -0.8551   -0.4089    0.3188
   -0.3953    0.9120    0.1096
   -0.3356   -0.0323   -0.9415
...    48 C-G ...
  -84.8064  -67.1028   -9.3883
   -0.9323    0.1114    0.3440
    0.0980    0.9936   -0.0563
   -0.3481   -0.0188   -0.9373
...    49 T-A ...
  -86.1613  -67.4093  -12.3735
   -0.7331    0.5950    0.3294
    0.5572    0.8032   -0.2108
   -0.3900    0.0290   -0.9204
...    50 G-C ...
  -87.5696  -67.1249  -15.3603
   -0.2731    0.9149    0.2973
    0.8580    0.3714   -0.3548
   -0.4351    0.1582   -0.8864
...    51 T-A ...
  -89.5326  -66.6009  -17.9130
    0.2104    0.9672    0.1422
    0.8819   -0.1250   -0.4546
   -0.4219    0.2211   -0.8793
...    52 A-T ...
  -91.2805  -65.3151  -20.4620
    0.6818    0.7259    0.0909
    0.6573   -0.5532   -0.5118
   -0.3212    0.4087   -0.8542
...    53 G-C ...
  -92.3872  -63.5969  -23.0240
    0.9427    0.3224   -0.0860
    0.2334   -0.8213   -0.5206
   -0.2384    0.4707   -0.8495
...    54 G-C ...
  -92.8345  -61.5324  -25.6543
    0.9491   -0.1884   -0.2525
   -0.2888   -0.8407   -0.4581
   -0.1260    0.5077   -0.8523
...    55 T-A ...
  -92.8428  -59.4077  -28.1655
    0.6807   -0.5977   -0.4236
   -0.7273   -0.6209   -0.2925
   -0.0882    0.5072   -0.8573
...    56 A-T ...
  -93.1300  -57.7977  -31.0426
    0.1453   -0.8557   -0.4966
   -0.9878   -0.1538   -0.0240
   -0.0558    0.4941   -0.8676
...    57 T-A ...
  -92.5974  -56.2175  -33.8958
   -0.3658   -0.8085   -0.4609
   -0.9295    0.2916    0.2260
   -0.0483    0.5111   -0.8582
...    58 C-G ...
  -92.6638  -54.6391  -36.7577
   -0.8328   -0.4986   -0.2404
   -0.5508    0.7030    0.4499
   -0.0554    0.5071   -0.8601
...    59 T-A ...
  -92.8388  -53.2750  -39.7535
   -0.9936   -0.0970    0.0583
   -0.0538    0.8579    0.5109
   -0.0995    0.5045   -0.8577
...    60 C-G ...
  -93.1961  -51.7275  -42.5998
   -0.8449    0.3865    0.3699
    0.5198    0.7568    0.3964
   -0.1267    0.5272   -0.8402
...    61 G-C ...
  -93.4335  -49.7353  -45.2208
   -0.4257    0.6423    0.6374
    0.8846    0.4436    0.1438
   -0.1904    0.6251   -0.7570
...    62 A-T ...
  -94.1820  -47.7188  -47.6384
    0.1468    0.7355    0.6614
    0.9716    0.0181   -0.2358
   -0.1854    0.6773   -0.7120
...    63 T-A ...
  -95.3729  -45.3992  -49.6022
    0.6003    0.6308    0.4916
    0.7814   -0.3316   -0.5285
   -0.1704    0.7015   -0.6920
...    64 C-G ...
  -95.8834  -42.9539  -51.6585
    0.9409    0.2965    0.1635
    0.3171   -0.6028   -0.7322
   -0.1185    0.7408   -0.6612
...    65 A-T ...
  -96.0795  -40.3835  -53.7500
    0.9745   -0.1596   -0.1577
   -0.2233   -0.6218   -0.7506
    0.0218    0.7667   -0.6416
...    66 T-A ...
  -95.6686  -37.5290  -55.3170
    0.7423   -0.4485   -0.4978
   -0.6690   -0.4550   -0.5877
    0.0370    0.7693   -0.6378
...    67 G-C ...
  -95.4594  -35.1714  -57.6166
    0.2529   -0.6897   -0.6785
   -0.9620   -0.1043   -0.2525
    0.1034    0.7165   -0.6899
...    68 T-A ...
  -94.4857  -32.8959  -59.8129
   -0.2693   -0.6568   -0.7043
   -0.9568    0.2658    0.1179
    0.1098    0.7056   -0.7000
...    69 T-A ...
  -93.7959  -30.7239  -62.1324
   -0.7522   -0.3761   -0.5410
   -0.6463    0.5808    0.4949
    0.1281    0.7220   -0.6800
...    70 A-T ...
  -93.4472  -28.2089  -64.2617
   -0.9895    0.0182   -0.1431
   -0.0917    0.6862    0.7216
    0.1113    0.7272   -0.6773
...    71 T-A ...
  -93.2015  -26.3160  -66.9428
   -0.9066    0.3533    0.2306
    0.4058    0.5807    0.7057
    0.1154    0.7334   -0.6699
...    72 A-T ...
  -93.0223  -23.8945  -69.1843
   -0.5558    0.5320    0.6388
    0.8296    0.3063    0.4668
    0.0527    0.7894   -0.6116
...    73 A-T ...
  -93.1506  -21.3570  -71.1810
   -0.0242    0.5882    0.8084
    0.9982   -0.0301    0.0518
    0.0548    0.8082   -0.5864
...    74 C-G ...
  -93.5828  -18.5992  -72.8787
    0.4670    0.4505    0.7609
    0.8814   -0.3061   -0.3597
    0.0709    0.8387   -0.5400
...    75 G-C ...
  -93.0268  -15.8128  -74.5574
    0.8339    0.0912    0.5444
    0.5218   -0.4517   -0.7236
    0.1799    0.8875   -0.4243
...    76 G-C ...
  -92.3123  -12.6416  -75.4443
    0.9586   -0.2459    0.1435
    0.0376   -0.3904   -0.9199
    0.2822    0.8872   -0.3651
...    77 A-T ...
  -91.2388   -9.7469  -76.4691
    0.8011   -0.4603   -0.3826
   -0.4974   -0.1563   -0.8533
    0.3330    0.8739   -0.3542
...    78 G-C ...
  -89.8432   -6.9025  -77.3735
    0.4242   -0.5219   -0.7401
   -0.8209    0.1235   -0.5575
    0.3824    0.8440   -0.3760
...    79 C-G ...
  -88.1681   -4.3179  -78.5487
   -0.0879   -0.4013   -0.9117
   -0.9111    0.4023   -0.0892
    0.4026    0.8228   -0.4010
...    80 T-A ...
  -86.5675   -1.8367  -80.0197
   -0.5534   -0.1672   -0.8160
   -0.7305    0.5681    0.3790
    0.4002    0.8058   -0.4365
...    81 C-G ...
  -85.2171    0.7158  -81.5526
   -0.8776    0.1801   -0.4442
   -0.2795    0.5606    0.7795
    0.3894    0.8083   -0.4416
...    82 G-C ...
  -83.9996    3.5895  -82.6472
   -0.9240    0.3717    0.0897
    0.2374    0.3737    0.8966
    0.2997    0.8498   -0.4336
...    83 G-C ...
  -83.1927    6.3576  -84.3800
   -0.6908    0.4328    0.5792
    0.6825    0.1259    0.7200
    0.2387    0.8926   -0.3824
...    84 G-C ...
  -82.7653    9.3722  -85.8129
   -0.2665    0.3404    0.9017
    0.9415   -0.1081    0.3191
    0.2061    0.9340   -0.2917
...    85 A-T ...
  -82.2355   12.4309  -86.7375
    0.2850    0.1612    0.9449
    0.9327   -0.2737   -0.2347
    0.2208    0.9482   -0.2284
...    86 T-A ...
  -82.0813   15.6727  -87.1058
    0.6903   -0.0205    0.7232
    0.6830   -0.3114   -0.6607
    0.2387    0.9501   -0.2009
...    87 C-G ...
  -81.2516   18.7730  -87.5256
    0.9354   -0.2503    0.2497
    0.1958   -0.2213   -0.9553
    0.2943    0.9425   -0.1580
...    88 C-G ...
  -80.0035   21.8931  -87.5923
    0.8689   -0.4228   -0.2574
   -0.2924   -0.0190   -0.9561
    0.3994    0.9060   -0.1401
...    89 G-C ...
  -78.5493   24.7412  -88.4263
    0.5325   -0.4668   -0.7060
   -0.6736    0.2714   -0.6875
    0.5126    0.8417   -0.1699
...    90 C-G ...
  -76.4592   27.2426  -88.8928
    0.0781   -0.2798   -0.9569
   -0.8361    0.5044   -0.2158
    0.5430    0.8169   -0.1945
...    91 T-A ...
  -74.3811   29.6828  -89.6682
   -0.3765   -0.0094   -0.9264
   -0.7425    0.6010    0.2957
    0.5540    0.7992   -0.2332
...    92 T-A ...
  -72.3293   32.0521  -90.5470
   -0.7060    0.3600   -0.6099
   -0.4100    0.4944    0.7664
    0.5775    0.7912   -0.2014
...    93 T-A ...
  -70.3338   34.4507  -91.4671
   -0.7984    0.5963   -0.0831
    0.0427    0.1937    0.9801
    0.6006    0.7790   -0.1801
...    94 A-T ...
  -68.3703   37.0587  -92.0125
   -0.6675    0.5574    0.4938
    0.4802   -0.1846    0.8575
    0.5691    0.8095   -0.1444
...    95 A-T ...
  -66.7370   39.7793  -92.6478
   -0.3113    0.3495    0.8837
    0.7580   -0.4696    0.4527
    0.5732    0.8108   -0.1187
...    96 C-G ...
  -65.4206   42.7368  -93.0900
    0.0712    0.0223    0.9972
    0.8142   -0.5788   -0.0452
    0.5762    0.8151   -0.0594
...    97 A-T ...
  -63.5663   45.5094  -93.0900
    0.3852   -0.4110    0.8263
    0.6849   -0.4728   -0.5544
    0.6186    0.7794    0.0994
...    98 C-G ...
  -61.9224   48.1806  -92.2056
    0.6322   -0.6388    0.4384
    0.4240   -0.1883   -0.8859
    0.6484    0.7460    0.1519
...    99 T-A ...
  -59.7958   50.4833  -91.2498
    0.6999   -0.7106   -0.0716
    0.0941    0.1911   -0.9771
    0.7080    0.6771    0.2006
...   100 T-A ...
  -57.4680   52.5187  -90.2996
    0.6314   -0.4984   -0.5942
   -0.2845    0.5639   -0.7753
    0.7214    0.6585    0.2143
...   101 T-A ...
  -54.9928   54.4046  -89.3806
    0.3829   -0.0915   -0.9192
   -0.5746    0.7556   -0.3146
    0.7234    0.6486    0.2368
...   102 A-T ...
  -52.7592   56.7448  -88.6146
   -0.0194    0.3867   -0.9220
   -0.6817    0.6695    0.2951
    0.7314    0.6343    0.2506
...   103 T-A ...
  -49.9277   58.3914  -88.1460
   -0.3384    0.6851   -0.6451
   -0.5863    0.3827    0.7140
    0.7360    0.6198    0.2722
...   104 G-C ...
  -47.6731   60.5679  -87.1386
   -0.6572    0.7361   -0.1622
   -0.3011   -0.0591    0.9518
    0.6910    0.6743    0.2604
...   105 C-G ...
  -45.3488   62.8545  -86.6707
   -0.7480    0.5629    0.3516
    0.0810   -0.4484    0.8901
    0.6587    0.6943    0.2899
...   106 T-A ...
  -43.3887   65.3846  -85.9083
   -0.6583    0.2134    0.7219
    0.4365   -0.6730    0.5971
    0.6132    0.7082    0.3499
...   107 T-A ...
  -41.5946   67.8596  -84.8713
   -0.3509   -0.2097    0.9126
    0.7161   -0.6880    0.1172
    0.6034    0.6947    0.3916
...   108 C-G ...
  -39.7806   70.1493  -83.4873
    0.0496   -0.6084    0.7921
    0.7997   -0.4509   -0.3964
    0.5983    0.6531    0.4642
...   109 C-G ...
  -38.1175   72.2996  -81.5123
    0.3627   -0.8318    0.4202
    0.6911   -0.0625   -0.7201
    0.6252    0.5515    0.5522
...   110 G-C ...
  -35.7747   73.7802  -79.7195
    0.5657   -0.8187   -0.0985
    0.4620    0.4137   -0.7845
    0.6830    0.3983    0.6122
...   111 G-C ...
  -33.4216   74.5412  -77.4348
    0.6601   -0.5208   -0.5413
    0.1562    0.8001   -0.5792
    0.7347    0.2978    0.6095
...   112 C-G ...
  -30.8758   75.0104  -75.3938
    0.6217   -0.0243   -0.7829
   -0.1849    0.9667   -0.1769
    0.7611    0.2547    0.5965
...   113 T-A ...
  -28.1802   75.4992  -73.5515
    0.4233    0.4719   -0.7733
   -0.4498    0.8504    0.2727
    0.7864    0.2324    0.5723
...   114 C-G ...
  -25.5067   76.1952  -71.7845
    0.0908    0.8819   -0.4625
   -0.6102    0.4163    0.6740
    0.7870    0.2210    0.5760
...   115 G-C ...
  -23.2296   76.9777  -69.5116
   -0.3120    0.9487   -0.0519
   -0.5693   -0.1429    0.8096
    0.7607    0.2821    0.5846
...   116 T-A ...
  -20.4589   78.1222  -68.0860
   -0.5741    0.7384    0.3538
   -0.3494   -0.6117    0.7098
    0.7405    0.2839    0.6092
...   117 A-T ...
  -18.0468   79.2221  -66.1071
   -0.7462    0.2616    0.6122
    0.0088   -0.9156    0.4021
    0.6657    0.3054    0.6809
...   118 T-A ...
  -16.0828   80.8326  -64.0554
   -0.6737   -0.2222    0.7048
    0.3619   -0.9308    0.0524
    0.6444    0.2904    0.7074
...   119 A-T ...
  -14.5353   82.2311  -61.4189
   -0.5631   -0.6834    0.4647
    0.6571   -0.7113   -0.2498
    0.5012    0.1647    0.8495
...   120 A-T ...
  -13.2107   82.7818  -58.5425
   -0.1704   -0.9641    0.2036
    0.8671   -0.2449   -0.4339
    0.4682    0.1026    0.8777
...   121 T-A ...
  -12.3410   83.0416  -55.4176
    0.2438   -0.9677   -0.0639
    0.8538    0.2454   -0.4590
    0.4599    0.0574    0.8861
...   122 G-C ...
  -10.6939   82.8356  -52.5484
    0.5975   -0.6904   -0.4079
    0.6306    0.7188   -0.2929
    0.4954   -0.0822    0.8648
...   123 T-A ...
   -9.3554   81.9568  -49.6758
    0.8231   -0.2337   -0.5176
    0.2614    0.9650   -0.0200
    0.5041   -0.1188    0.8554
...   124 G-C ...
   -7.4756   81.7635  -46.9790
    0.8012    0.3546   -0.4821
   -0.2189    0.9234    0.3154
    0.5570   -0.1471    0.8174
...   125 T-A ...
   -5.3995   80.7626  -44.5693
    0.5804    0.7775   -0.2423
   -0.5977    0.6088    0.5216
    0.5530   -0.1579    0.8181
...   126 C-G ...
   -3.4903   80.1870  -41.9637
    0.1284    0.9851    0.1147
   -0.8305    0.0436    0.5553
    0.5420   -0.1665    0.8237
...   127 G-C ...
   -2.1187   79.4433  -39.0460
   -0.3896    0.8615    0.3257
   -0.7827   -0.4961    0.3759
    0.4854   -0.1085    0.8675
...   128 A-T ...
   -0.4109   79.0604  -36.3067
   -0.7848    0.4381    0.4383
   -0.4412   -0.8917    0.1013
    0.4352   -0.1139    0.8931
...   129 C-G ...
    1.0673   79.2956  -33.4089
   -0.9250   -0.0515    0.3764
   -0.0003   -0.9907   -0.1363
    0.3799   -0.1262    0.9164
...   130 C-G ...
    2.1543   79.2876  -30.2227
   -0.8487   -0.5146    0.1221
    0.4626   -0.8342   -0.3002
    0.2563   -0.1983    0.9460
...   131 A-T ...
    2.6821   78.6290  -26.9892
   -0.5351   -0.8157   -0.2198
    0.8373   -0.4776   -0.2661
    0.1121   -0.3264    0.9386
...   132 A-T ...
    2.6992   77.5196  -23.9707
   -0.0211   -0.9227   -0.3850
    0.9970    0.0091   -0.0763
    0.0738   -0.3854    0.9198
...   133 A-T ...
    2.6301   76.0883  -21.0798
    0.5130   -0.7627   -0.3939
    0.8565    0.4853    0.1758
    0.0571   -0.4275    0.9022
...   134 T-A ...
    2.3076   74.2307  -18.3903
    0.8657   -0.4293   -0.2574
    0.4984    0.7868    0.3641
    0.0462   -0.4435    0.8951
...   135 G-C ...
    1.4354   72.0970  -15.6050
    0.9809    0.0621    0.1843
   -0.1263    0.9241    0.3607
   -0.1479   -0.3771    0.9143
...   136 T-A ...
    0.5279   69.2393  -13.4689
    0.7351    0.4963    0.4618
   -0.6117    0.7792    0.1365
   -0.2921   -0.3828    0.8764
...   137 G-C ...
   -0.1659   67.4106  -10.8095
    0.1800    0.8794    0.4408
   -0.9276    0.3008   -0.2214
   -0.3274   -0.3691    0.8698
...   138 A-T ...
   -0.1321   66.2180   -7.8216
   -0.3749    0.8570    0.3536
   -0.8857   -0.2184   -0.4098
   -0.2739   -0.4668    0.8409
...   139 G-C ...
   -1.0069   65.6075   -4.9424
   -0.8336    0.5218    0.1811
   -0.5170   -0.6220   -0.5881
   -0.1942   -0.5839    0.7883
...   140 C-G ...
   -0.6975   63.9003   -2.2528
   -0.9992    0.0157   -0.0376
    0.0023   -0.8993   -0.4374
   -0.0406   -0.4371    0.8985
...   141 G-C ...
   -3.4383   60.2385    1.0284
   -0.4425    0.2285   -0.8672
    0.1683   -0.9287   -0.3306
   -0.8808   -0.2922    0.3725
...   142 C-G ...
   -6.3289   59.0834    1.6293
   -0.2970   -0.3280   -0.8968
    0.5656   -0.8171    0.1115
   -0.7693   -0.4741    0.4282
...   143 T-A ...
   -8.6768   58.7243    3.6024
   -0.0347   -0.7817   -0.6227
    0.6533   -0.4893    0.5778
   -0.7563   -0.3868    0.5276
...   144 C-G ...
  -11.6545   58.0114    4.7193
    0.2451   -0.9542   -0.1716
    0.6322    0.0231    0.7745
   -0.7350   -0.2983    0.6089
...   145 A-T ...
  -14.1760   56.5669    6.1807
    0.5795   -0.7268    0.3687
    0.3139    0.6165    0.7220
   -0.7521   -0.3027    0.5855
...   146 C-G ...
  -16.4651   53.8949    7.5153
    0.5336   -0.3331    0.7774
   -0.0346    0.9098    0.4136
   -0.8450   -0.2476    0.4739
...   147 A-T ...
  -19.0172   52.0374    8.9260
    0.2452    0.2907    0.9249
   -0.3073    0.9281   -0.2103
   -0.9195   -0.2327    0.3169
