  147 base-pairs
...     1 A-T ...
    0.0000    0.0000    0.0000
    1.0000    0.0000    0.0000
    0.0000    1.0000    0.0000
    0.0000    0.0000    1.0000
...     2 G-C ...
   -0.1404   -1.2353    3.2259
    0.7530    0.6366    0.1668
   -0.6385    0.7681   -0.0490
   -0.1593   -0.0696    0.9848
...     3 T-A ...
   -0.0377   -3.2918    6.3749
    0.2722    0.9302    0.2464
   -0.9238    0.3243   -0.2034
   -0.2691   -0.1722    0.9476
...     4 G-C ...
   -0.3520   -4.1638    9.4928
   -0.3756    0.9250    0.0576
   -0.8780   -0.3352   -0.3416
   -0.2967   -0.1788    0.9381
...     5 A-T ...
   -0.4480   -4.1448   12.7498
   -0.8116    0.5839   -0.0166
   -0.5522   -0.7762   -0.3042
   -0.1905   -0.2377    0.9525
...     6 G-C ...
   -1.5926   -4.1701   15.6201
   -0.9976    0.0246   -0.0651
   -0.0043   -0.9555   -0.2950
   -0.0694   -0.2940    0.9533
...     7 C-G ...
   -1.1050   -4.4793   18.7363
   -0.8442   -0.5302   -0.0787
    0.5343   -0.8442   -0.0430
   -0.0437   -0.0784    0.9960
...     8 G-C ...
   -2.4044   -7.7255   23.1483
   -0.2753   -0.3294   -0.9032
    0.6650   -0.7437    0.0686
   -0.6943   -0.5817    0.4238
...     9 C-G ...
   -4.4706   -9.9691   24.1142
    0.1145   -0.7026   -0.7023
    0.8512   -0.2951    0.4341
   -0.5123   -0.6475    0.5642
...    10 T-A ...
   -6.7420  -10.8705   25.9717
    0.4841   -0.8363   -0.2573
    0.6594    0.1554    0.7356
   -0.5752   -0.5257    0.6267
...    11 C-G ...
   -9.1682  -12.6167   27.1662
    0.7073   -0.6683    0.2306
    0.3450    0.6110    0.7125
   -0.6170   -0.4243    0.6627
...    12 A-T ...
  -10.9253  -14.6583   29.0713
    0.7515   -0.1377    0.6452
   -0.2027    0.8824    0.4245
   -0.6278   -0.4498    0.6352
...    13 C-G ...
  -11.8495  -17.4796   31.2472
    0.4294    0.2824    0.8578
   -0.5708    0.8209    0.0155
   -0.6998   -0.4963    0.5137
...    14 A-T ...
  -13.5915  -19.7756   33.4284
   -0.1503    0.6106    0.7775
   -0.6874    0.5007   -0.5261
   -0.7106   -0.6135    0.3445
...    15 A-T ...
  -15.7635  -21.8949   34.5420
   -0.4959    0.7958    0.3475
   -0.4637    0.0957   -0.8808
   -0.7342   -0.5980    0.3216
...    16 T-A ...
  -17.9071  -23.8358   36.3055
   -0.6903    0.7064   -0.1566
   -0.1166   -0.3221   -0.9395
   -0.7141   -0.6303    0.3047
...    17 T-A ...
  -20.2500  -25.7214   37.6569
   -0.6451    0.3766   -0.6648
    0.3172   -0.6595   -0.6815
   -0.6951   -0.6505    0.3060
...    18 T-A ...
  -22.6019  -27.6498   38.6473
   -0.3208    0.0236   -0.9468
    0.6013   -0.7673   -0.2229
   -0.7318   -0.6409    0.2320
...    19 A-T ...
  -25.0837  -29.6450   39.0357
    0.1324   -0.1831   -0.9741
    0.6509   -0.7251    0.2247
   -0.7475   -0.6638    0.0232
...    20 T-A ...
  -27.9310  -31.2771   38.7566
    0.4511   -0.4960   -0.7419
    0.4934   -0.5541    0.6704
   -0.7436   -0.6685   -0.0053
...    21 T-A ...
  -30.4691  -33.3281   38.4175
    0.6620   -0.7020   -0.2624
    0.1506   -0.2183    0.9642
   -0.7342   -0.6779   -0.0388
...    22 C-G ...
  -32.7739  -35.6270   38.1610
    0.6538   -0.6819    0.3281
   -0.2700    0.1948    0.9430
   -0.7069   -0.7050   -0.0567
...    23 G-C ...
  -35.0035  -38.0700   38.7125
    0.4707   -0.3842    0.7942
   -0.6374    0.4743    0.6072
   -0.6100   -0.7921   -0.0216
...    24 C-G ...
  -36.6886  -40.8585   38.5201
    0.1008   -0.0427    0.9940
   -0.7911    0.6024    0.1061
   -0.6033   -0.7970    0.0270
...    25 A-T ...
  -39.0472  -43.1567   38.4288
   -0.3516    0.3265    0.8774
   -0.7016    0.5286   -0.4779
   -0.6198   -0.7836    0.0433
...    26 A-T ...
  -40.9394  -45.8251   38.7569
   -0.6973    0.5469    0.4633
   -0.3758    0.2714   -0.8861
   -0.6103   -0.7920    0.0162
...    27 A-T ...
  -42.7853  -48.4821   39.1459
   -0.8000    0.5870   -0.1240
    0.1102   -0.0594   -0.9921
   -0.5898   -0.8074   -0.0172
...    28 G-C ...
  -45.0116  -50.9753   39.5113
   -0.5814    0.5318   -0.6158
    0.4989   -0.3649   -0.7861
   -0.6427   -0.7642   -0.0532
...    29 G-C ...
  -47.6026  -53.2652   39.4407
   -0.1421    0.3552   -0.9239
    0.7273   -0.5957   -0.3409
   -0.6714   -0.7204   -0.1737
...    30 C-G ...
  -50.1851  -55.1546   38.7765
    0.3188    0.0630   -0.9457
    0.6781   -0.7123    0.1812
   -0.6622   -0.6991   -0.2698
...    31 C-G ...
  -52.5721  -57.1764   37.6818
    0.7005   -0.2435   -0.6708
    0.3783   -0.6704    0.6384
   -0.6051   -0.7009   -0.3775
...    32 G-C ...
  -54.0198  -59.5143   36.3932
    0.8646   -0.4471   -0.2294
   -0.0520   -0.5336    0.8441
   -0.4998   -0.7179   -0.4846
...    33 G-C ...
  -54.9823  -62.0881   34.4155
    0.7265   -0.6290    0.2768
   -0.5432   -0.2788    0.7920
   -0.4210   -0.7257   -0.5442
...    34 C-G ...
  -55.8636  -64.5969   32.5118
    0.3220   -0.6679    0.6710
   -0.8692    0.0724    0.4891
   -0.3753   -0.7407   -0.5573
...    35 C-G ...
  -56.8039  -67.3675   30.7806
   -0.2275   -0.5236    0.8210
   -0.9134    0.4070    0.0065
   -0.3375   -0.7484   -0.5709
...    36 C-G ...
  -57.7398  -70.0544   28.9921
   -0.6808   -0.2061    0.7029
   -0.6489    0.6149   -0.4482
   -0.3399   -0.7612   -0.5524
...    37 G-C ...
  -59.1304  -71.8354   26.3326
   -0.9062    0.2161    0.3634
   -0.1408    0.6562   -0.7413
   -0.3986   -0.7230   -0.5642
...    38 A-T ...
  -60.1225  -74.1780   24.5138
   -0.8181    0.5639   -0.1127
    0.4211    0.4541   -0.7851
   -0.3916   -0.6898   -0.6090
...    39 C-G ...
  -61.8084  -76.3157   22.8497
   -0.4685    0.7634   -0.4447
    0.7772    0.1168   -0.6183
   -0.4201   -0.6353   -0.6480
...    40 A-T ...
  -63.3960  -78.2852   20.7216
    0.0714    0.7978   -0.5987
    0.8992   -0.3112   -0.3074
   -0.4316   -0.5164   -0.7396
...    41 C-G ...
  -65.1018  -79.4055   18.2196
    0.5403    0.5951   -0.5949
    0.7436   -0.6686    0.0066
   -0.3938   -0.4459   -0.8038
...    42 G-C ...
  -65.9676  -81.0590   15.4598
    0.9018    0.1804   -0.3928
    0.2976   -0.9181    0.2616
   -0.3135   -0.3528   -0.8816
...    43 A-T ...
  -66.9137  -82.0877   12.6170
    0.9116   -0.3772   -0.1632
   -0.2799   -0.8606    0.4255
   -0.3010   -0.3422   -0.8901
...    44 C-G ...
  -67.5329  -82.6246    9.4097
    0.6494   -0.7513    0.1181
   -0.7201   -0.5576    0.4130
   -0.2444   -0.3532   -0.9031
...    45 T-A ...
  -67.5897  -83.7140    5.9222
    0.1499   -0.9399    0.3068
   -0.9627   -0.0680    0.2620
   -0.2254   -0.3346   -0.9150
...    46 T-A ...
  -67.7413  -84.6318    2.7560
   -0.3546   -0.8708    0.3406
   -0.9100    0.4052    0.0885
   -0.2151   -0.2786   -0.9360
...    47 A-T ...
  -68.6681  -85.2449   -0.4161
   -0.8498   -0.4369    0.2947
   -0.4876    0.8641   -0.1249
   -0.2001   -0.2499   -0.9474
...    48 C-G ...
  -69.1209  -86.6733   -3.3976
   -0.9779    0.0801    0.1932
    0.0308    0.9689   -0.2456
   -0.2068   -0.2342   -0.9499
...    49 T-A ...
  -70.0589  -87.7989   -6.4222
   -0.7986    0.5909    0.1143
    0.5363    0.7848   -0.3106
   -0.2732   -0.1868   -0.9436
...    50 G-C ...
  -71.2225  -88.1591   -9.5727
   -0.3405    0.9368    0.0810
    0.8816    0.3480   -0.3189
   -0.3270   -0.0372   -0.9443
...    51 T-A ...
  -72.8012  -88.2825  -12.3467
    0.1248    0.9920    0.0209
    0.9396   -0.1114   -0.3237
   -0.3187    0.0600   -0.9459
...    52 A-T ...
  -74.7053  -87.0174  -14.9880
    0.5972    0.7848    0.1656
    0.7771   -0.5150   -0.3619
   -0.1987    0.3448   -0.9174
...    53 G-C ...
  -75.7042  -85.6113  -17.7036
    0.9054    0.4141    0.0938
    0.4109   -0.7989   -0.4391
   -0.1069    0.4362   -0.8935
...    54 G-C ...
  -76.0920  -83.1284  -20.4054
    0.9940   -0.0880   -0.0646
   -0.1081   -0.8755   -0.4709
   -0.0152    0.4751   -0.8798
...    55 T-A ...
  -75.7332  -81.1805  -23.0135
    0.8077   -0.5177   -0.2823
   -0.5895   -0.6971   -0.4081
    0.0144    0.4960   -0.8682
...    56 A-T ...
  -75.1016  -79.2756  -25.7588
    0.3417   -0.8328   -0.4356
   -0.9373   -0.2682   -0.2226
    0.0685    0.4843   -0.8722
...    57 T-A ...
  -74.1176  -77.5423  -28.4158
   -0.1636   -0.8375   -0.5213
   -0.9841    0.1757    0.0265
    0.0694    0.5174   -0.8529
...    58 C-G ...
  -73.6122  -75.9873  -31.3482
   -0.7199   -0.5552   -0.4166
   -0.6910    0.6293    0.3556
    0.0647    0.5439   -0.8367
...    59 T-A ...
  -73.3524  -74.4729  -34.3093
   -0.9734   -0.1849   -0.1356
   -0.2288    0.8214    0.5225
    0.0148    0.5396   -0.8418
...    60 C-G ...
  -73.3209  -72.6933  -37.1318
   -0.9345    0.2828    0.2161
    0.3553    0.7758    0.5215
   -0.0202    0.5641   -0.8254
...    61 G-C ...
  -73.3400  -70.4477  -39.4840
   -0.6469    0.4800    0.5926
    0.7463    0.5583    0.3624
   -0.1569    0.6767   -0.7194
...    62 A-T ...
  -73.6698  -68.2597  -41.8489
   -0.1330    0.6320    0.7635
    0.9806    0.1960    0.0086
   -0.1442    0.7498   -0.6458
...    63 G-C ...
  -74.5572  -65.6140  -43.6336
    0.3754    0.5759    0.7262
    0.9172   -0.1181   -0.3805
   -0.1334    0.8089   -0.5726
...    64 C-G ...
  -75.3601  -62.6804  -45.0996
    0.8270    0.3611    0.4309
    0.5538   -0.3915   -0.7348
   -0.0966    0.8463   -0.5238
...    65 T-A ...
  -75.8175  -59.7134  -46.4567
    0.9970    0.0673    0.0389
    0.0668   -0.4848   -0.8721
   -0.0398    0.8720   -0.4878
...    66 C-G ...
  -75.8251  -56.7563  -47.9570
    0.8609   -0.2352   -0.4511
   -0.5086   -0.4218   -0.7507
   -0.0137    0.8757   -0.4827
...    67 T-A ...
  -75.5213  -53.8070  -49.3988
    0.4851   -0.4628   -0.7420
   -0.8738   -0.2221   -0.4327
    0.0355    0.8582   -0.5121
...    68 C-G ...
  -75.1941  -51.0719  -51.1684
   -0.0538   -0.5149   -0.8555
   -0.9973    0.0704    0.0204
    0.0497    0.8543   -0.5173
...    69 A-T ...
  -74.7448  -48.1591  -52.8015
   -0.5687   -0.4787   -0.6690
   -0.8215    0.3721    0.4321
    0.0421    0.7953   -0.6048
...    70 T-A ...
  -74.3056  -45.8677  -55.0537
   -0.8953   -0.2595   -0.3620
   -0.4449    0.5585    0.7001
    0.0205    0.7879   -0.6155
...    71 G-C ...
  -74.2500  -43.3495  -57.3903
   -0.9902    0.0383    0.1346
    0.1309    0.5944    0.7934
   -0.0496    0.8033   -0.5936
...    72 T-A ...
  -74.6728  -41.1120  -59.8123
   -0.7883    0.3153    0.5283
    0.6125    0.4841    0.6249
   -0.0587    0.8162   -0.5748
...    73 T-A ...
  -75.1168  -38.5750  -61.6190
   -0.3564    0.4704    0.8073
    0.9305    0.2568    0.2612
   -0.0845    0.8443   -0.5292
...    74 A-T ...
  -75.4052  -35.6993  -63.1231
    0.1613    0.4116    0.8970
    0.9837    0.0063   -0.1798
   -0.0797    0.9113   -0.4039
...    75 T-A ...
  -76.3286  -32.7701  -64.0751
    0.6099    0.3566    0.7077
    0.7888   -0.1870   -0.5856
   -0.0765    0.9153   -0.3954
...    76 A-T ...
  -76.4477  -29.7116  -65.2036
    0.9247    0.0984    0.3678
    0.3803   -0.2877   -0.8790
    0.0193    0.9527   -0.3034
...    77 A-T ...
  -76.3769  -26.6428  -65.9085
    0.9860   -0.1106   -0.1249
   -0.1510   -0.2735   -0.9499
    0.0709    0.9555   -0.2864
...    78 C-G ...
  -75.7321  -23.2809  -66.1690
    0.7590   -0.2465   -0.6026
   -0.6456   -0.1649   -0.7456
    0.0845    0.9550   -0.2843
...    79 G-C ...
  -75.4296  -20.3362  -67.5254
    0.2767   -0.3933   -0.8768
   -0.9448    0.0555   -0.3230
    0.1757    0.9177   -0.3562
...    80 G-C ...
  -74.5963  -17.5128  -68.9790
   -0.2556   -0.3873   -0.8858
   -0.9459    0.2895    0.1464
    0.1997    0.8753   -0.4403
...    81 A-T ...
  -73.8428  -14.7529  -70.5433
   -0.7483   -0.1554   -0.6450
   -0.6314    0.4652    0.6205
    0.2036    0.8715   -0.4461
...    82 G-C ...
  -73.0234  -12.0882  -72.2095
   -0.9724    0.0551   -0.2267
   -0.1735    0.4787    0.8607
    0.1559    0.8763   -0.4559
...    83 G-C ...
  -72.4703   -9.3545  -74.1513
   -0.9245    0.2348    0.3003
    0.3712    0.3755    0.8492
    0.0866    0.8966   -0.4343
...    84 G-C ...
  -72.4098   -6.4366  -75.7838
   -0.6031    0.2928    0.7420
    0.7977    0.2129    0.5642
    0.0072    0.9321   -0.3620
...    85 A-T ...
  -72.6189   -3.4050  -77.0487
   -0.0419    0.3213    0.9461
    0.9991    0.0111    0.0405
    0.0025    0.9469   -0.3215
...    86 T-A ...
  -73.2287   -0.2806  -77.8987
    0.4630    0.2471    0.8512
    0.8862   -0.1450   -0.4400
    0.0146    0.9581   -0.2861
...    87 C-G ...
  -73.2651    2.9266  -78.5713
    0.8807    0.0724    0.4681
    0.4707   -0.2438   -0.8479
    0.0527    0.9671   -0.2488
...    88 C-G ...
  -73.1621    6.1458  -79.1641
    0.9829   -0.1835    0.0182
   -0.0249   -0.2298   -0.9729
    0.1827    0.9558   -0.2304
...    89 G-C ...
  -72.4098    9.1232  -80.3219
    0.7916   -0.4136   -0.4497
   -0.5116   -0.0464   -0.8579
    0.3340    0.9093   -0.2484
...    90 C-G ...
  -70.7629   12.1137  -80.8797
    0.3588   -0.3816   -0.8519
   -0.8596    0.2206   -0.4608
    0.3637    0.8976   -0.2489
...    91 T-A ...
  -68.9686   14.8667  -81.9784
   -0.1772   -0.1919   -0.9653
   -0.8893    0.4515    0.0735
    0.4217    0.8714   -0.2506
...    92 T-A ...
  -67.2487   17.4763  -82.9032
   -0.6318    0.1501   -0.7605
   -0.6291    0.4739    0.6162
    0.4529    0.8677   -0.2049
...    93 T-A ...
  -65.5496   20.1155  -83.7918
   -0.8578    0.4249   -0.2894
   -0.1731    0.2913    0.9408
    0.4840    0.8571   -0.1763
...    94 A-T ...
  -63.8299   22.9156  -83.8771
   -0.7915    0.5335    0.2982
    0.3360   -0.0277    0.9415
    0.5105    0.8454   -0.1573
...    95 A-T ...
  -62.3241   25.6341  -84.4940
   -0.5142    0.4086    0.7540
    0.6905   -0.3242    0.6466
    0.5086    0.8532   -0.1155
...    96 C-G ...
  -61.2299   28.7162  -85.1071
   -0.1231    0.1516    0.9808
    0.8509   -0.4925    0.1829
    0.5107    0.8570   -0.0684
...    97 A-T ...
  -59.7062   31.6575  -85.1618
    0.2725   -0.2468    0.9300
    0.8014   -0.4767   -0.3613
    0.5325    0.8437    0.0679
...    98 C-G ...
  -58.3470   34.5956  -84.3800
    0.6061   -0.4947    0.6228
    0.5713   -0.2741   -0.7736
    0.5534    0.8247    0.1165
...    99 T-A ...
  -56.4863   37.4381  -83.2240
    0.7759   -0.6244    0.0900
    0.1659    0.0645   -0.9840
    0.6086    0.7785    0.1536
...   100 T-A ...
  -54.4668   39.8211  -82.3165
    0.7410   -0.4694   -0.4802
   -0.2924    0.4182   -0.8600
    0.6045    0.7777    0.1727
...   101 T-A ...
  -52.3806   42.1649  -81.5153
    0.4616   -0.1489   -0.8745
   -0.6496    0.6145   -0.4476
    0.6041    0.7747    0.1869
...   102 A-T ...
  -50.5412   44.9375  -80.9742
   -0.0119    0.2474   -0.9688
   -0.7924    0.5886    0.1600
    0.6099    0.7696    0.1891
...   103 T-A ...
  -48.0138   47.0109  -80.6598
   -0.3843    0.4841   -0.7861
   -0.6926    0.4118    0.5922
    0.6104    0.7720    0.1770
...   104 G-C ...
  -45.9583   49.5970  -80.3799
   -0.7760    0.5640   -0.2823
   -0.3008    0.0624    0.9516
    0.5544    0.8234    0.1213
...   105 C-G ...
  -44.3811   52.4539  -80.3508
   -0.8419    0.4706    0.2642
    0.1465   -0.2719    0.9511
    0.5194    0.8394    0.1600
...   106 T-A ...
  -42.8300   55.4941  -80.1668
   -0.6463    0.2065    0.7346
    0.5868   -0.4809    0.6515
    0.4878    0.8521    0.1896
...   107 T-A ...
  -41.4438   58.3186  -79.6339
   -0.2645   -0.1413    0.9540
    0.8421   -0.5160    0.1570
    0.4701    0.8448    0.2554
...   108 C-G ...
  -40.1649   61.1324  -78.6044
    0.1719   -0.4848    0.8576
    0.8616   -0.3481   -0.3694
    0.4776    0.8024    0.3579
...   109 C-G ...
  -38.8121   63.8741  -77.4271
    0.4902   -0.7119    0.5029
    0.6700   -0.0614   -0.7398
    0.5575    0.6996    0.4469
...   110 G-C ...
  -36.8565   65.7588  -76.0748
    0.6635   -0.7479    0.0208
    0.3949    0.3266   -0.8587
    0.6354    0.5780    0.5120
...   111 G-C ...
  -34.3941   67.0306  -74.1858
    0.7249   -0.5018   -0.4720
    0.0402    0.7148   -0.6982
    0.6877    0.4871    0.5383
...   112 C-G ...
  -31.7865   67.9808  -72.2865
    0.6151   -0.0541   -0.7866
   -0.3248    0.8917   -0.3153
    0.7185    0.4494    0.5309
...   113 T-A ...
  -29.3232   69.2194  -70.5239
    0.3633    0.4194   -0.8319
   -0.5701    0.8063    0.1575
    0.7369    0.4171    0.5320
...   114 C-G ...
  -27.0061   70.8254  -68.8754
   -0.0324    0.8118   -0.5831
   -0.6522    0.4249    0.6278
    0.7574    0.4006    0.5157
...   115 G-C ...
  -24.8489   72.1978  -66.8255
   -0.4197    0.8980   -0.1321
   -0.5305   -0.1246    0.8385
    0.7365    0.4220    0.5287
...   116 T-A ...
  -22.3907   73.9762  -65.5347
   -0.6600    0.6864    0.3054
   -0.2443   -0.5805    0.7767
    0.7104    0.4381    0.5508
...   117 A-T ...
  -20.0246   75.9442  -64.0106
   -0.7474    0.2120    0.6297
    0.1577   -0.8641    0.4780
    0.6454    0.4565    0.6124
...   118 T-A ...
  -18.2477   78.0041  -62.2935
   -0.5912   -0.2340    0.7719
    0.4820   -0.8698    0.1055
    0.6467    0.4344    0.6270
...   119 A-T ...
  -16.3449   79.3690  -60.0681
   -0.4127   -0.6859    0.5993
    0.7244   -0.6461   -0.2406
    0.5522    0.3349    0.7635
...   120 A-T ...
  -14.8590   80.4304  -57.4102
   -0.0250   -0.9570    0.2891
    0.8498   -0.1726   -0.4980
    0.5265    0.2332    0.8176
...   121 T-A ...
  -13.7046   81.0865  -54.3907
    0.3776   -0.9257   -0.0234
    0.7662    0.3265   -0.5535
    0.5200    0.1911    0.8325
...   122 G-C ...
  -12.0081   81.2536  -51.4154
    0.6664   -0.6132   -0.4241
    0.4749    0.7876   -0.3926
    0.5748    0.0603    0.8161
...   123 T-A ...
  -10.1641   80.7923  -48.7955
    0.8096   -0.1677   -0.5626
    0.1321    0.9858   -0.1039
    0.5720    0.0098    0.8202
...   124 G-C ...
   -8.1394   80.6722  -46.2147
    0.7266    0.4194   -0.5442
   -0.3149    0.9072    0.2788
    0.6107   -0.0312    0.7913
...   125 T-A ...
   -5.9512   80.0695  -43.8802
    0.4618    0.8240   -0.3282
   -0.6347    0.5655    0.5268
    0.6197   -0.0349    0.7841
...   126 C-G ...
   -3.9282   79.9610  -41.4579
    0.0225    0.9981    0.0581
   -0.7828   -0.0186    0.6221
    0.6219   -0.0595    0.7808
...   127 G-C ...
   -2.4594   79.5990  -38.6065
   -0.4217    0.8540    0.3048
   -0.7117   -0.5200    0.4723
    0.5618   -0.0178    0.8271
...   128 A-T ...
   -0.5590   79.3395  -36.1405
   -0.7596    0.4095    0.5052
   -0.3772   -0.9103    0.1706
    0.5298   -0.0610    0.8459
...   129 C-G ...
    1.2027   79.8453  -33.4083
   -0.8751   -0.1114    0.4710
    0.0583   -0.9903   -0.1260
    0.4805   -0.0828    0.8731
...   130 C-G ...
    2.1956   80.0697  -30.1443
   -0.8110   -0.5490    0.2025
    0.4763   -0.8204   -0.3164
    0.3398   -0.1601    0.9268
...   131 A-T ...
    2.6259   78.9397  -27.0202
   -0.5979   -0.7674   -0.2316
    0.7907   -0.5171   -0.3277
    0.1317   -0.3790    0.9160
...   132 A-T ...
    2.7842   77.6190  -24.0502
   -0.0937   -0.8971   -0.4317
    0.9919   -0.0469   -0.1179
    0.0855   -0.4393    0.8943
...   133 A-T ...
    2.6384   76.1105  -21.1200
    0.5016   -0.7695   -0.3954
    0.8628    0.4787    0.1628
    0.0640   -0.4227    0.9040
...   134 T-A ...
    2.3076   74.2308  -18.3903
    0.8657   -0.4293   -0.2574
    0.4984    0.7868    0.3641
    0.0462   -0.4435    0.8951
...   135 G-C ...
    1.4354   72.0970  -15.6050
    0.9809    0.0621    0.1843
   -0.1263    0.9241    0.3607
   -0.1479   -0.3771    0.9143
...   136 T-A ...
    0.5280   69.2393  -13.4689
    0.7351    0.4963    0.4618
   -0.6117    0.7792    0.1365
   -0.2921   -0.3828    0.8764
...   137 G-C ...
   -0.1658   67.4106  -10.8095
    0.1800    0.8794    0.4408
   -0.9276    0.3008   -0.2214
   -0.3274   -0.3691    0.8698
...   138 A-T ...
   -0.1321   66.2180   -7.8216
   -0.3749    0.8570    0.3536
   -0.8857   -0.2184   -0.4098
   -0.2739   -0.4668    0.8409
...   139 G-C ...
   -1.0069   65.6075   -4.9425
   -0.8336    0.5218    0.1811
   -0.5170   -0.6220   -0.5881
   -0.1942   -0.5839    0.7883
...   140 C-G ...
   -0.6974   63.9004   -2.2528
   -0.9992    0.0157   -0.0376
    0.0023   -0.8993   -0.4374
   -0.0406   -0.4371    0.8985
...   141 G-C ...
   -3.4382   60.2385    1.0283
   -0.4425    0.2285   -0.8672
    0.1683   -0.9287   -0.3306
   -0.8808   -0.2922    0.3725
...   142 C-G ...
   -6.3288   59.0834    1.6293
   -0.2970   -0.3280   -0.8968
    0.5656   -0.8171    0.1115
   -0.7693   -0.4741    0.4282
...   143 T-A ...
   -8.6768   58.7243    3.6024
   -0.0347   -0.7817   -0.6227
    0.6533   -0.4893    0.5778
   -0.7563   -0.3868    0.5276
...   144 C-G ...
  -11.6544   58.0114    4.7193
    0.2451   -0.9542   -0.1716
    0.6322    0.0231    0.7745
   -0.7350   -0.2983    0.6089
...   145 A-T ...
  -14.1760   56.5669    6.1806
    0.5795   -0.7268    0.3687
    0.3139    0.6165    0.7220
   -0.7521   -0.3027    0.5855
...   146 C-G ...
  -16.4651   53.8949    7.5153
    0.5336   -0.3331    0.7774
   -0.0346    0.9098    0.4136
   -0.8450   -0.2476    0.4739
...   147 A-T ...
  -19.0172   52.0374    8.9260
    0.2452    0.2907    0.9249
   -0.3073    0.9281   -0.2103
   -0.9195   -0.2327    0.3169
