  147 base-pairs
...     1 A-T ...
    0.0000    0.0000    0.0000
    1.0000    0.0000    0.0000
    0.0000    1.0000    0.0000
    0.0000    0.0000    1.0000
...     2 G-C ...
   -0.1404   -1.2353    3.2259
    0.7530    0.6366    0.1668
   -0.6385    0.7681   -0.0490
   -0.1593   -0.0696    0.9848
...     3 T-A ...
   -0.0377   -3.2918    6.3749
    0.2722    0.9302    0.2464
   -0.9238    0.3243   -0.2034
   -0.2691   -0.1722    0.9476
...     4 G-C ...
   -0.3520   -4.1638    9.4928
   -0.3756    0.9250    0.0576
   -0.8780   -0.3352   -0.3416
   -0.2967   -0.1788    0.9381
...     5 A-T ...
   -0.4480   -4.1448   12.7498
   -0.8116    0.5839   -0.0166
   -0.5522   -0.7762   -0.3042
   -0.1905   -0.2377    0.9525
...     6 G-C ...
   -1.5926   -4.1701   15.6201
   -0.9976    0.0246   -0.0651
   -0.0043   -0.9555   -0.2950
   -0.0694   -0.2940    0.9533
...     7 C-G ...
   -1.1050   -4.4793   18.7363
   -0.8442   -0.5302   -0.0787
    0.5343   -0.8442   -0.0430
   -0.0437   -0.0784    0.9960
...     8 G-C ...
   -2.4044   -7.7255   23.1483
   -0.2753   -0.3294   -0.9032
    0.6650   -0.7437    0.0686
   -0.6943   -0.5817    0.4238
...     9 C-G ...
   -4.4706   -9.9691   24.1142
    0.1145   -0.7026   -0.7023
    0.8512   -0.2951    0.4341
   -0.5123   -0.6475    0.5642
...    10 T-A ...
   -6.7420  -10.8705   25.9717
    0.4841   -0.8363   -0.2573
    0.6594    0.1554    0.7356
   -0.5752   -0.5257    0.6267
...    11 C-G ...
   -9.1682  -12.6167   27.1662
    0.7073   -0.6683    0.2306
    0.3450    0.6110    0.7125
   -0.6170   -0.4243    0.6627
...    12 A-T ...
  -10.9253  -14.6583   29.0713
    0.7515   -0.1377    0.6452
   -0.2027    0.8824    0.4245
   -0.6278   -0.4498    0.6352
...    13 C-G ...
  -11.8495  -17.4796   31.2472
    0.4294    0.2824    0.8578
   -0.5708    0.8209    0.0155
   -0.6998   -0.4963    0.5137
...    14 A-T ...
  -13.5915  -19.7756   33.4284
   -0.1503    0.6106    0.7775
   -0.6874    0.5007   -0.5261
   -0.7106   -0.6135    0.3445
...    15 A-T ...
  -15.7664  -21.8944   34.5351
   -0.4942    0.7969    0.3473
   -0.4630    0.0968   -0.8811
   -0.7358   -0.5963    0.3211
...    16 T-A ...
  -17.9160  -23.8284   36.2964
   -0.6876    0.7089   -0.1571
   -0.1169   -0.3216   -0.9396
   -0.7166   -0.6277    0.3040
...    17 T-A ...
  -20.2695  -25.7044   37.6440
   -0.6421    0.3802   -0.6657
    0.3148   -0.6610   -0.6812
   -0.6990   -0.6470    0.3047
...    18 T-A ...
  -22.6341  -27.6210   38.6220
   -0.3176    0.0278   -0.9478
    0.5963   -0.7713   -0.2225
   -0.7372   -0.6359    0.2284
...    19 A-T ...
  -25.1379  -29.5929   38.9939
    0.1347   -0.1822   -0.9740
    0.6432   -0.7316    0.2258
   -0.7538   -0.6569    0.0187
...    20 T-A ...
  -28.0007  -31.1965   38.6999
    0.4490   -0.4996   -0.7408
    0.4846   -0.5603    0.6717
   -0.7507   -0.6606   -0.0094
...    21 T-A ...
  -30.5597  -33.2185   38.3461
    0.6537   -0.7111   -0.2588
    0.1424   -0.2203    0.9650
   -0.7432   -0.6677   -0.0427
...    22 C-G ...
  -32.8980  -35.4830   38.0772
    0.6409   -0.6918    0.3325
   -0.2728    0.1997    0.9411
   -0.7175   -0.6939   -0.0607
...    23 G-C ...
  -35.1806  -37.8761   38.6105
    0.4588   -0.3919    0.7975
   -0.6320    0.4869    0.6029
   -0.6246   -0.7806   -0.0242
...    24 C-G ...
  -36.9188  -40.6312   38.4072
    0.0942   -0.0431    0.9946
   -0.7798    0.6179    0.1007
   -0.6189   -0.7851    0.0246
...    25 A-T ...
  -39.3208  -42.8812   38.2930
   -0.3492    0.3355    0.8749
   -0.6873    0.5429   -0.4825
   -0.6369   -0.7698    0.0411
...    26 A-T ...
  -41.2743  -45.5053   38.6116
   -0.6864    0.5641    0.4589
   -0.3653    0.2783   -0.8883
   -0.6288   -0.7774    0.0150
...    27 A-T ...
  -43.1863  -48.1147   38.9986
   -0.7843    0.6070   -0.1283
    0.1123   -0.0645   -0.9916
   -0.6102   -0.7921   -0.0176
...    28 G-C ...
  -45.4796  -50.5463   39.3627
   -0.5648    0.5462   -0.6186
    0.4912   -0.3797   -0.7839
   -0.6631   -0.7466   -0.0539
...    29 G-C ...
  -48.1390  -52.7569   39.2848
   -0.1295    0.3576   -0.9249
    0.7108   -0.6169   -0.3380
   -0.6914   -0.7011   -0.1743
...    30 C-G ...
  -50.7741  -54.5679   38.6068
    0.3226    0.0516   -0.9451
    0.6559   -0.7321    0.1839
   -0.6825   -0.6792   -0.2701
...    31 C-G ...
  -53.2205  -56.5167   37.5069
    0.6937   -0.2669   -0.6690
    0.3557   -0.6807    0.6404
   -0.6263   -0.6822   -0.3773
...    32 G-C ...
  -54.7421  -58.8087   36.2228
    0.8495   -0.4762   -0.2272
   -0.0707   -0.5294    0.8454
   -0.5228   -0.7021   -0.4834
...    33 G-C ...
  -55.7929  -61.3523   34.2504
    0.7042   -0.6528    0.2792
   -0.5529   -0.2575    0.7924
   -0.4454   -0.7124   -0.5423
...    34 C-G ...
  -56.7682  -63.8279   32.3504
    0.2981   -0.6766    0.6733
   -0.8660    0.1050    0.4889
   -0.4015   -0.7288   -0.5546
...    35 C-G ...
  -57.8087  -66.5651   30.6258
   -0.2454   -0.5116    0.8235
   -0.8979    0.4403    0.0059
   -0.3656   -0.7379   -0.5673
...    36 C-G ...
  -58.8450  -69.2208   28.8475
   -0.6864   -0.1775    0.7052
   -0.6264    0.6369   -0.4494
   -0.3694   -0.7503   -0.5483
...    37 G-C ...
  -60.3063  -70.9625   26.2033
   -0.8962    0.2518    0.3653
   -0.1185    0.6577   -0.7439
   -0.4276   -0.7099   -0.5596
...    38 A-T ...
  -61.3960  -73.2731   24.3994
   -0.7965    0.5940   -0.1125
    0.4350    0.4339   -0.7890
   -0.4198   -0.6774   -0.6040
...    39 C-G ...
  -63.1707  -75.3511   22.7527
   -0.4408    0.7785   -0.4468
    0.7784    0.0837   -0.6222
   -0.4469   -0.6221   -0.6429
...    40 A-T ...
  -64.8447  -77.2658   20.6398
    0.0994    0.7908   -0.6039
    0.8850   -0.3477   -0.3096
   -0.4548   -0.5037   -0.7345
...    41 C-G ...
  -66.6059  -78.3345   18.1517
    0.5599    0.5695   -0.6018
    0.7170   -0.6971    0.0075
   -0.4153   -0.4357   -0.7986
...    42 G-C ...
  -67.5531  -79.9721   15.4102
    0.9057    0.1414   -0.3996
    0.2627   -0.9271    0.2674
   -0.3327   -0.3472   -0.8768
...    43 A-T ...
  -68.5604  -80.9853   12.5831
    0.8949   -0.4144   -0.1656
   -0.3109   -0.8452    0.4348
   -0.3201   -0.3376   -0.8852
...    44 C-G ...
  -69.2238  -81.5235    9.3849
    0.6199   -0.7753    0.1208
   -0.7388   -0.5248    0.4227
   -0.2643   -0.3513   -0.8982
...    45 T-A ...
  -69.3505  -82.6417    5.9095
    0.1146   -0.9419    0.3158
   -0.9627   -0.0270    0.2691
   -0.2450   -0.3349   -0.9099
...    46 T-A ...
  -69.5665  -83.5877    2.7575
   -0.3862   -0.8519    0.3537
   -0.8925    0.4420    0.0898
   -0.2329   -0.2810   -0.9310
...    47 A-T ...
  -70.5409  -84.2085   -0.3973
   -0.8631   -0.3999    0.3083
   -0.4553    0.8804   -0.1328
   -0.2183   -0.2550   -0.9420
...    48 C-G ...
  -71.0807  -85.6609   -3.3525
   -0.9722    0.1202    0.2008
    0.0654    0.9633   -0.2603
   -0.2247   -0.2400   -0.9444
...    49 T-A ...
  -72.0911  -86.7958   -6.3502
   -0.7745    0.6226    0.1123
    0.5625    0.7589   -0.3280
   -0.2894   -0.1909   -0.9380
...    50 G-C ...
  -73.2960  -87.1601   -9.4836
   -0.3038    0.9504    0.0672
    0.8912    0.3084   -0.3328
   -0.3370   -0.0412   -0.9406
...    51 T-A ...
  -74.9040  -87.2694  -12.2418
    0.1633    0.9866   -0.0000
    0.9315   -0.1542   -0.3296
   -0.3251    0.0538   -0.9441
...    52 A-T ...
  -76.7644  -86.0010  -14.9019
    0.6301    0.7640    0.1390
    0.7516   -0.5549   -0.3567
   -0.1954    0.3292   -0.9238
...    53 G-C ...
  -77.7375  -84.6282  -17.6446
    0.9223    0.3796    0.0730
    0.3735   -0.8265   -0.4213
   -0.0996    0.4158   -0.9040
...    54 G-C ...
  -78.0604  -82.2070  -20.4098
    0.9889   -0.1297   -0.0721
   -0.1483   -0.8834   -0.4445
   -0.0060    0.4503   -0.8929
...    55 T-A ...
  -77.6566  -80.3515  -23.0760
    0.7833   -0.5580   -0.2742
   -0.6212   -0.6846   -0.3815
    0.0251    0.4691   -0.8828
...    56 A-T ...
  -76.9723  -78.5551  -25.8833
    0.3043   -0.8597   -0.4104
   -0.9492   -0.2373   -0.2066
    0.0802    0.4524   -0.8882
...    57 T-A ...
  -75.9445  -76.9536  -28.6038
   -0.2012   -0.8480   -0.4904
   -0.9760    0.2160    0.0269
    0.0831    0.4840   -0.8711
...    58 C-G ...
  -75.4024  -75.5250  -31.5951
   -0.7451   -0.5405   -0.3908
   -0.6622    0.6695    0.3365
    0.0798    0.5095   -0.8567
...    59 T-A ...
  -75.1075  -74.1343  -34.6116
   -0.9812   -0.1496   -0.1223
   -0.1909    0.8494    0.4920
    0.0303    0.5060   -0.8620
...    60 C-G ...
  -75.0537  -72.5681  -37.4736
   -0.9331    0.3084    0.1852
    0.3595    0.7852    0.5042
    0.0101    0.5371   -0.8435
...    61 A-T ...
  -75.0059  -70.9409  -40.4260
   -0.6045    0.6002    0.5238
    0.7913    0.5282    0.3080
   -0.0919    0.6007   -0.7942
...    62 T-A ...
  -75.7939  -69.1215  -42.9643
   -0.1529    0.7363    0.6592
    0.9818    0.1890    0.0166
   -0.1123    0.6497   -0.7518
...    63 G-C ...
  -76.5188  -66.6622  -45.3203
    0.4106    0.6222    0.6666
    0.9086   -0.2177   -0.3565
   -0.0766    0.7520   -0.6547
...    64 T-A ...
  -77.2918  -63.9131  -46.9990
    0.8059    0.4017    0.4349
    0.5897   -0.4788   -0.6504
   -0.0530    0.7806   -0.6228
...    65 T-A ...
  -77.4303  -61.2852  -48.7233
    0.9953    0.0613    0.0748
    0.0966   -0.5892   -0.8022
   -0.0051    0.8057   -0.5924
...    66 A-T ...
  -77.2643  -58.6626  -50.7163
    0.8917   -0.3298   -0.3099
   -0.4440   -0.5041   -0.7408
    0.0881    0.7982   -0.5959
...    67 T-A ...
  -76.5346  -55.8288  -52.0851
    0.5708   -0.5141   -0.6403
   -0.8169   -0.2763   -0.5064
    0.0834    0.8120   -0.5776
...    68 A-T ...
  -76.4125  -53.1444  -54.0730
    0.0025   -0.5925   -0.8056
   -0.9937    0.0891   -0.0686
    0.1124    0.8006   -0.5885
...    69 A-T ...
  -75.8555  -50.6172  -55.9350
   -0.5331   -0.4445   -0.7199
   -0.8395    0.3838    0.3847
    0.1053    0.8094   -0.5777
...    70 C-G ...
  -74.9786  -48.2472  -58.2701
   -0.8968   -0.1667   -0.4098
   -0.4298    0.5484    0.7173
    0.1051    0.8194   -0.5635
...    71 G-C ...
  -75.0129  -45.4455  -59.9019
   -0.9932    0.0394    0.1097
    0.1127    0.5642    0.8179
   -0.0297    0.8247   -0.5648
...    72 G-C ...
  -75.4739  -42.8492  -61.8469
   -0.7964    0.2296    0.5595
    0.5906    0.4947    0.6376
   -0.1304    0.8382   -0.5295
...    73 A-T ...
  -76.1026  -40.1994  -63.6939
   -0.3138    0.4373    0.8428
    0.9381    0.2798    0.2041
   -0.1465    0.8547   -0.4980
...    74 T-A ...
  -77.2176  -37.5083  -65.2372
    0.2018    0.4885    0.8489
    0.9686    0.0290   -0.2469
   -0.1452    0.8721   -0.4674
...    75 C-G ...
  -77.6467  -34.5226  -66.5743
    0.7176    0.3657    0.5927
    0.6866   -0.2293   -0.6899
   -0.1164    0.9020   -0.4157
...    76 G-C ...
  -77.5679  -31.5975  -67.9790
    0.9557    0.0316    0.2927
    0.2878   -0.3085   -0.9066
    0.0616    0.9507   -0.3039
...    77 A-T ...
  -77.3285  -28.4308  -68.8965
    0.9530   -0.1966   -0.2306
   -0.2772   -0.2583   -0.9254
    0.1224    0.9458   -0.3007
...    78 G-C ...
  -76.6140  -25.2864  -69.6265
    0.6831   -0.3411   -0.6458
   -0.7096   -0.1006   -0.6974
    0.1729    0.9346   -0.3107
...    79 C-G ...
  -75.5425  -22.1809  -70.5084
    0.1552   -0.3702   -0.9159
   -0.9675    0.1302   -0.2166
    0.1994    0.9198   -0.3380
...    80 T-A ...
  -74.6001  -19.2303  -71.6037
   -0.3601   -0.2703   -0.8929
   -0.9091    0.3164    0.2708
    0.2094    0.9093   -0.3597
...    81 C-G ...
  -74.0872  -16.2577  -72.8788
   -0.8144   -0.0677   -0.5763
   -0.5437    0.4361    0.7171
    0.2028    0.8974   -0.3919
...    82 G-C ...
  -73.8640  -12.9945  -73.5760
   -0.9899    0.1178   -0.0794
   -0.0228    0.4201    0.9072
    0.1402    0.8998   -0.4132
...    83 G-C ...
  -73.4092  -10.0793  -75.0850
   -0.8629    0.2577    0.4347
    0.4961    0.2678    0.8260
    0.0964    0.9284   -0.3589
...    84 G-C ...
  -73.3718   -7.0203  -76.4378
   -0.4897    0.2514    0.8349
    0.8716    0.1143    0.4768
    0.0244    0.9611   -0.2750
...    85 A-T ...
  -73.5391   -3.8763  -77.3854
    0.0904    0.2306    0.9689
    0.9957   -0.0428   -0.0827
    0.0224    0.9721   -0.2334
...    86 T-A ...
  -74.0562   -0.6581  -77.8730
    0.5743    0.1427    0.8061
    0.8178   -0.1450   -0.5569
    0.0374    0.9791   -0.2000
...    87 C-G ...
  -73.9886    2.5984  -78.2498
    0.9329   -0.0107    0.3599
    0.3518   -0.1850   -0.9176
    0.0764    0.9827   -0.1688
...    88 C-G ...
  -73.7759    5.8509  -78.5672
    0.9673   -0.2238   -0.1196
   -0.1528   -0.1375   -0.9786
    0.2026    0.9649   -0.1672
...    89 G-C ...
  -73.0302    8.8878  -79.5482
    0.7117   -0.3982   -0.5788
   -0.6129    0.0506   -0.7885
    0.3433    0.9159   -0.2081
...    90 C-G ...
  -71.3408   11.8652  -80.0351
    0.2361   -0.3147   -0.9194
   -0.8988    0.2888   -0.3297
    0.3693    0.9042   -0.2147
...    91 T-A ...
  -69.5819   14.6504  -81.0897
   -0.3000   -0.1017   -0.9485
   -0.8558    0.4679    0.2206
    0.4214    0.8779   -0.2274
...    92 T-A ...
  -67.8913   17.2789  -82.0058
   -0.7134    0.2279   -0.6626
   -0.5342    0.4351    0.7248
    0.4535    0.8710   -0.1887
...    93 T-A ...
  -66.2388   19.9471  -82.8790
   -0.8750    0.4605   -0.1492
   -0.0512    0.2184    0.9745
    0.4814    0.8604   -0.1675
...    94 A-T ...
  -64.5112   22.7340  -83.0198
   -0.7475    0.5080    0.4280
    0.4429   -0.0991    0.8911
    0.4951    0.8556   -0.1509
...    95 A-T ...
  -63.0786   25.4936  -83.6003
   -0.4272    0.3464    0.8352
    0.7581   -0.3662    0.5397
    0.4928    0.8637   -0.1061
...    96 C-G ...
  -62.0726   28.6220  -84.0960
   -0.0175    0.0775    0.9968
    0.8671   -0.4952    0.0537
    0.4978    0.8653   -0.0585
...    97 A-T ...
  -60.5848   31.5790  -84.0889
    0.3686   -0.3099    0.8764
    0.7624   -0.4387   -0.4757
    0.5319    0.8435    0.0746
...    98 C-G ...
  -59.1765   34.4772  -83.2426
    0.6699   -0.5290    0.5209
    0.4913   -0.2102   -0.8453
    0.5566    0.8222    0.1190
...    99 T-A ...
  -57.2328   37.2605  -82.0670
    0.7887   -0.6141   -0.0301
    0.0666    0.1340   -0.9887
    0.6112    0.7778    0.1466
...   100 T-A ...
  -55.1672   39.6164  -81.1946
    0.6974   -0.4201   -0.5807
   -0.3815    0.4683   -0.7970
    0.6067    0.7773    0.1663
...   101 T-A ...
  -53.0493   41.9441  -80.4321
    0.3782   -0.0794   -0.9223
   -0.6999    0.6276   -0.3410
    0.6059    0.7745    0.1818
...   102 A-T ...
  -51.2168   44.7116  -79.8872
   -0.1057    0.3028   -0.9472
   -0.7849    0.5594    0.2665
    0.6106    0.7716    0.1786
...   103 T-A ...
  -48.7145   46.8281  -79.6908
   -0.4636    0.5175   -0.7192
   -0.6442    0.3604    0.6746
    0.6083    0.7761    0.1663
...   104 G-C ...
  -46.6942   49.4473  -79.4493
   -0.8099    0.5584   -0.1796
   -0.2151    0.0021    0.9766
    0.5457    0.8296    0.1184
...   105 C-G ...
  -45.1963   52.3406  -79.4021
   -0.8268    0.4314    0.3609
    0.2350   -0.3181    0.9185
    0.5110    0.8442    0.1616
...   106 T-A ...
  -43.7194   55.4129  -79.1817
   -0.5872    0.1487    0.7957
    0.6517   -0.4962    0.5736
    0.4801    0.8554    0.1945
...   107 T-A ...
  -42.3697   58.2471  -78.6139
   -0.1820   -0.1988    0.9630
    0.8657   -0.4968    0.0610
    0.4663    0.8448    0.2625
...   108 C-G ...
  -41.0943   61.0396  -77.5343
    0.2514   -0.5218    0.8152
    0.8397   -0.3014   -0.4518
    0.4814    0.7981    0.3624
...   109 C-G ...
  -39.7344   63.7551  -76.3098
    0.5475   -0.7189    0.4283
    0.6140   -0.0026   -0.7893
    0.5685    0.6952    0.4400
...   110 G-C ...
  -37.7440   65.6331  -75.0097
    0.6865   -0.7243   -0.0634
    0.3212    0.3804   -0.8672
    0.6523    0.5750    0.4938
...   111 G-C ...
  -35.1904   66.8951  -73.2359
    0.7061   -0.4527   -0.5445
   -0.0322    0.7476   -0.6633
    0.7074    0.4859    0.5134
...   112 C-G ...
  -32.4939   67.8530  -71.4708
    0.5616    0.0039   -0.8274
   -0.3748    0.8927   -0.2502
    0.7376    0.4507    0.5028
...   113 T-A ...
  -29.9599   69.1005  -69.8204
    0.2940    0.4684   -0.8331
   -0.5858    0.7771    0.2301
    0.7552    0.4204    0.5029
...   114 C-G ...
  -27.5890   70.7054  -68.2478
   -0.0969    0.8331   -0.5446
   -0.6273    0.3737    0.6833
    0.7728    0.4078    0.4864
...   115 G-C ...
  -25.3623   72.0735  -66.2729
   -0.4595    0.8852   -0.0727
   -0.4770   -0.1769    0.8609
    0.7492    0.4303    0.5036
...   116 T-A ...
  -22.9093   73.8965  -65.0511
   -0.6677    0.6486    0.3653
   -0.1799   -0.6168    0.7663
    0.7223    0.4460    0.5285
...   117 A-T ...
  -20.5486   75.9274  -63.5926
   -0.7250    0.1623    0.6694
    0.2130   -0.8714    0.4420
    0.6550    0.4630    0.5972
...   118 T-A ...
  -18.7801   78.0042  -61.8949
   -0.5480   -0.2792    0.7885
    0.5187   -0.8529    0.0585
    0.6562    0.4411    0.6122
...   119 A-T ...
  -16.8645   79.3868  -59.7040
   -0.3725   -0.7144    0.5923
    0.7362   -0.6161   -0.2801
    0.5650    0.3317    0.7555
...   120 A-T ...
  -15.3374   80.4232  -57.0613
    0.0121   -0.9642    0.2648
    0.8399   -0.1339   -0.5260
    0.5426    0.2288    0.8082
...   121 T-A ...
  -14.1233   81.0410  -54.0567
    0.4037   -0.9132   -0.0561
    0.7408    0.3623   -0.5656
    0.5368    0.1868    0.8228
...   122 G-C ...
  -12.3643   81.1852  -51.1233
    0.6732   -0.5846   -0.4528
    0.4423    0.8091   -0.3869
    0.5926    0.0602    0.8033
...   123 T-A ...
  -10.4491   80.7261  -48.5557
    0.8010   -0.1344   -0.5834
    0.1027    0.9909   -0.0873
    0.5898    0.0100    0.8075
...   124 G-C ...
   -8.3695   80.6120  -46.0243
    0.7042    0.4476   -0.5511
   -0.3324    0.8937    0.3013
    0.6274   -0.0290    0.7781
...   125 T-A ...
   -6.1184   80.0247  -43.7453
    0.4350    0.8405   -0.3231
   -0.6382    0.5409    0.5478
    0.6352   -0.0321    0.7717
...   126 C-G ...
   -4.0504   79.9219  -41.3624
   -0.0003    0.9973    0.0728
   -0.7709   -0.0466    0.6352
    0.6369   -0.0560    0.7689
...   127 G-C ...
   -2.5175   79.5641  -38.5521
   -0.4357    0.8426    0.3165
   -0.6945   -0.5384    0.4773
    0.5726   -0.0118    0.8198
...   128 A-T ...
   -0.5813   79.3243  -36.1162
   -0.7617    0.3921    0.5159
   -0.3581   -0.9182    0.1693
    0.5401   -0.0558    0.8398
...   129 C-G ...
    1.1973   79.8504  -33.4009
   -0.8684   -0.1285    0.4788
    0.0742   -0.9886   -0.1307
    0.4902   -0.0780    0.8681
...   130 C-G ...
    2.1996   80.0911  -30.1388
   -0.8022   -0.5601    0.2067
    0.4849   -0.8132   -0.3217
    0.3483   -0.1578    0.9240
...   131 A-T ...
    2.6172   78.9639  -27.0085
   -0.5950   -0.7693   -0.2328
    0.7921   -0.5124   -0.3316
    0.1358   -0.3817    0.9143
...   132 A-T ...
    2.7802   77.6320  -24.0441
   -0.0925   -0.8961   -0.4340
    0.9918   -0.0443   -0.1201
    0.0884   -0.4415    0.8929
...   133 A-T ...
    2.6405   76.1169  -21.1174
    0.5022   -0.7681   -0.3972
    0.8622    0.4798    0.1625
    0.0658   -0.4240    0.9033
...   134 T-A ...
    2.3076   74.2307  -18.3903
    0.8657   -0.4293   -0.2574
    0.4984    0.7868    0.3641
    0.0462   -0.4435    0.8951
...   135 G-C ...
    1.4354   72.0969  -15.6050
    0.9809    0.0621    0.1843
   -0.1263    0.9241    0.3607
   -0.1479   -0.3771    0.9143
...   136 T-A ...
    0.5279   69.2392  -13.4689
    0.7351    0.4963    0.4618
   -0.6117    0.7792    0.1365
   -0.2921   -0.3828    0.8764
...   137 G-C ...
   -0.1659   67.4105  -10.8095
    0.1800    0.8794    0.4408
   -0.9276    0.3008   -0.2214
   -0.3274   -0.3691    0.8698
...   138 A-T ...
   -0.1321   66.2179   -7.8217
   -0.3749    0.8570    0.3536
   -0.8857   -0.2184   -0.4098
   -0.2739   -0.4668    0.8409
...   139 G-C ...
   -1.0069   65.6074   -4.9425
   -0.8336    0.5218    0.1811
   -0.5170   -0.6220   -0.5881
   -0.1942   -0.5839    0.7883
...   140 C-G ...
   -0.6974   63.9003   -2.2529
   -0.9992    0.0157   -0.0376
    0.0023   -0.8993   -0.4374
   -0.0406   -0.4371    0.8985
...   141 G-C ...
   -3.4382   60.2385    1.0283
   -0.4425    0.2285   -0.8672
    0.1683   -0.9287   -0.3306
   -0.8808   -0.2922    0.3725
...   142 C-G ...
   -6.3288   59.0833    1.6293
   -0.2970   -0.3280   -0.8968
    0.5656   -0.8171    0.1115
   -0.7693   -0.4741    0.4282
...   143 T-A ...
   -8.6768   58.7242    3.6023
   -0.0347   -0.7817   -0.6227
    0.6533   -0.4893    0.5778
   -0.7563   -0.3868    0.5276
...   144 C-G ...
  -11.6545   58.0113    4.7192
    0.2451   -0.9542   -0.1716
    0.6322    0.0231    0.7745
   -0.7350   -0.2983    0.6089
...   145 A-T ...
  -14.1760   56.5668    6.1806
    0.5795   -0.7268    0.3687
    0.3139    0.6165    0.7220
   -0.7521   -0.3027    0.5855
...   146 C-G ...
  -16.4651   53.8949    7.5152
    0.5336   -0.3331    0.7774
   -0.0346    0.9098    0.4136
   -0.8450   -0.2476    0.4739
...   147 A-T ...
  -19.0172   52.0374    8.9260
    0.2452    0.2907    0.9249
   -0.3073    0.9281   -0.2103
   -0.9195   -0.2327    0.3169
