  147 base-pairs
...     1 A-T ...
    0.0000    0.0000    0.0000
    1.0000    0.0000    0.0000
    0.0000    1.0000    0.0000
    0.0000    0.0000    1.0000
...     2 G-C ...
   -0.1404   -1.2353    3.2259
    0.7530    0.6366    0.1668
   -0.6385    0.7681   -0.0490
   -0.1593   -0.0696    0.9848
...     3 T-A ...
   -0.0377   -3.2918    6.3749
    0.2722    0.9302    0.2464
   -0.9238    0.3243   -0.2034
   -0.2691   -0.1722    0.9476
...     4 G-C ...
   -0.3520   -4.1638    9.4928
   -0.3756    0.9250    0.0576
   -0.8780   -0.3352   -0.3416
   -0.2967   -0.1788    0.9381
...     5 A-T ...
   -0.4480   -4.1448   12.7498
   -0.8116    0.5839   -0.0166
   -0.5522   -0.7762   -0.3042
   -0.1905   -0.2377    0.9525
...     6 G-C ...
   -1.5926   -4.1701   15.6201
   -0.9976    0.0246   -0.0651
   -0.0043   -0.9555   -0.2950
   -0.0694   -0.2940    0.9533
...     7 C-G ...
   -1.1050   -4.4793   18.7363
   -0.8442   -0.5302   -0.0787
    0.5343   -0.8442   -0.0430
   -0.0437   -0.0784    0.9960
...     8 G-C ...
   -2.4044   -7.7255   23.1483
   -0.2753   -0.3294   -0.9032
    0.6650   -0.7437    0.0686
   -0.6943   -0.5817    0.4238
...     9 C-G ...
   -4.4706   -9.9691   24.1142
    0.1145   -0.7026   -0.7023
    0.8512   -0.2951    0.4341
   -0.5123   -0.6475    0.5642
...    10 T-A ...
   -6.7420  -10.8705   25.9717
    0.4841   -0.8363   -0.2573
    0.6594    0.1554    0.7356
   -0.5752   -0.5257    0.6267
...    11 C-G ...
   -9.1682  -12.6167   27.1662
    0.7073   -0.6683    0.2306
    0.3450    0.6110    0.7125
   -0.6170   -0.4243    0.6627
...    12 A-T ...
  -10.9253  -14.6583   29.0713
    0.7515   -0.1377    0.6452
   -0.2027    0.8824    0.4245
   -0.6278   -0.4498    0.6352
...    13 C-G ...
  -11.8495  -17.4796   31.2472
    0.4294    0.2824    0.8578
   -0.5708    0.8209    0.0155
   -0.6998   -0.4963    0.5137
...    14 A-T ...
  -13.5915  -19.7756   33.4284
   -0.1503    0.6106    0.7775
   -0.6874    0.5007   -0.5261
   -0.7106   -0.6135    0.3445
...    15 A-T ...
  -15.6843  -21.8655   34.7607
   -0.5077    0.7785    0.3690
   -0.4765    0.1031   -0.8731
   -0.7178   -0.6191    0.3186
...    16 T-A ...
  -17.7780  -23.7675   36.4146
   -0.6617    0.7426   -0.1034
   -0.1628   -0.2770   -0.9470
   -0.7318   -0.6098    0.3042
...    17 T-A ...
  -20.1560  -25.5780   37.6226
   -0.6099    0.5147   -0.6025
    0.2176   -0.6223   -0.7519
   -0.7620   -0.5897    0.2676
...    18 T-A ...
  -22.7397  -27.2394   38.5748
   -0.3530    0.1549   -0.9227
    0.4989   -0.8031   -0.3257
   -0.7915   -0.5753    0.2062
...    19 A-T ...
  -25.8697  -28.4455   38.9165
    0.1072   -0.0835   -0.9907
    0.5526   -0.8234    0.1292
   -0.8265   -0.5614   -0.0421
...    20 T-A ...
  -28.8407  -29.6966   38.4571
    0.3882   -0.4428   -0.8082
    0.4173   -0.6975    0.5825
   -0.8217   -0.5634   -0.0860
...    21 T-A ...
  -31.5600  -31.3362   37.8735
    0.5689   -0.7338   -0.3713
    0.1216   -0.3715    0.9204
   -0.8133   -0.5688   -0.1221
...    22 C-G ...
  -34.0515  -33.3221   37.2494
    0.5579   -0.8029    0.2097
   -0.2524    0.0766    0.9646
   -0.7906   -0.5911   -0.1599
...    23 G-C ...
  -36.6327  -35.3665   37.1428
    0.3833   -0.5961    0.7055
   -0.5604    0.4571    0.6907
   -0.7342   -0.6601   -0.1589
...    24 C-G ...
  -38.7665  -37.7970   36.4812
    0.0365   -0.2519    0.9671
   -0.6874    0.6961    0.2073
   -0.7254   -0.6723   -0.1477
...    25 A-T ...
  -41.3079  -39.8099   35.9725
   -0.3127    0.2145    0.9253
   -0.5955    0.7147   -0.3669
   -0.7400   -0.6657   -0.0958
...    26 A-T ...
  -43.5273  -42.1790   35.8271
   -0.6076    0.5575    0.5658
   -0.3018    0.4969   -0.8137
   -0.7347   -0.6651   -0.1336
...    27 A-T ...
  -45.8659  -44.4127   35.6657
   -0.6670    0.7443    0.0335
    0.0957    0.1302   -0.9869
   -0.7389   -0.6551   -0.1581
...    28 G-C ...
  -48.4240  -46.4395   35.4427
   -0.4565    0.7766   -0.4342
    0.4230   -0.2399   -0.8738
   -0.7827   -0.5825   -0.2190
...    29 G-C ...
  -51.3127  -48.0758   34.9479
   -0.0745    0.6272   -0.7753
    0.5815   -0.6042   -0.5447
   -0.8101   -0.4914   -0.3198
...    30 C-G ...
  -54.2082  -49.1737   33.9526
    0.3033    0.2773   -0.9117
    0.5182   -0.8509   -0.0864
   -0.7997   -0.4462   -0.4017
...    31 C-G ...
  -56.9316  -50.1615   32.2509
    0.6182   -0.1311   -0.7751
    0.2535   -0.9001    0.3544
   -0.7441   -0.4155   -0.5232
...    32 G-C ...
  -59.0321  -51.7881   30.2899
    0.7510   -0.5232   -0.4028
   -0.1718   -0.7438    0.6459
   -0.6375   -0.4159   -0.6485
...    33 G-C ...
  -60.7266  -53.1181   27.6915
    0.5947   -0.8031    0.0370
   -0.5780   -0.3951    0.7141
   -0.5589   -0.4460   -0.6991
...    34 C-G ...
  -62.1641  -54.6372   25.1303
    0.2018   -0.8827    0.4244
   -0.8253    0.0802    0.5590
   -0.5275   -0.4631   -0.7123
...    35 C-G ...
  -63.6519  -56.4188   22.6927
   -0.2536   -0.6850    0.6830
   -0.8179    0.5288    0.2267
   -0.5165   -0.5011   -0.6944
...    36 C-G ...
  -65.1890  -58.3236   20.3831
   -0.6289   -0.2733    0.7279
   -0.5552    0.8132   -0.1744
   -0.5443   -0.5138   -0.6631
...    37 G-C ...
  -67.0980  -59.5727   17.9837
   -0.7812    0.2569    0.5689
   -0.1073    0.8426   -0.5278
   -0.6149   -0.4734   -0.6307
...    38 A-T ...
  -69.0146  -61.2254   15.9410
   -0.6777    0.7080    0.1984
    0.3695    0.5613   -0.7406
   -0.6357   -0.4286   -0.6420
...    39 C-G ...
  -71.4137  -62.7610   14.3405
   -0.3703    0.9151   -0.1598
    0.6621    0.1394   -0.7364
   -0.6515   -0.3785   -0.6575
...    40 A-T ...
  -73.6748  -63.8760   12.1689
    0.1339    0.9052   -0.4035
    0.7394   -0.3623   -0.5674
   -0.6598   -0.2224   -0.7178
...    41 C-G ...
  -76.1811  -64.1007   10.1168
    0.5233    0.6282   -0.5758
    0.5673   -0.7610   -0.3147
   -0.6359   -0.1620   -0.7546
...    42 G-C ...
  -77.9500  -64.5464    7.3680
    0.8369    0.1730   -0.5194
    0.1788   -0.9831   -0.0393
   -0.5174   -0.0599   -0.8536
...    43 A-T ...
  -79.4472  -64.5512    4.4867
    0.8211   -0.4007   -0.4064
   -0.3393   -0.9153    0.2170
   -0.4590   -0.0403   -0.8875
...    44 C-G ...
  -80.4857  -64.1853    1.3776
    0.5522   -0.8039   -0.2208
   -0.7205   -0.5934    0.3588
   -0.4195   -0.0391   -0.9069
...    45 T-A ...
  -81.4520  -64.2681   -1.7711
    0.1242   -0.9920    0.0220
   -0.9190   -0.1067    0.3796
   -0.3742   -0.0674   -0.9249
...    46 T-A ...
  -82.3037  -64.4545   -4.9090
   -0.4299   -0.8834    0.1866
   -0.8291    0.4681    0.3058
   -0.3575   -0.0233   -0.9336
...    47 A-T ...
  -83.6677  -64.1963   -7.9410
   -0.8548   -0.4216    0.3028
   -0.3941    0.9068    0.1499
   -0.3378    0.0088   -0.9412
...    48 C-G ...
  -84.6890  -64.7598  -11.0366
   -0.9311    0.0963    0.3517
    0.0978    0.9951   -0.0136
   -0.3513    0.0217   -0.9360
...    49 T-A ...
  -86.0555  -64.9375  -14.0256
   -0.7322    0.5793    0.3582
    0.5554    0.8122   -0.1785
   -0.3944    0.0682   -0.9164
...    50 G-C ...
  -87.4803  -64.5220  -16.9884
   -0.2731    0.9008    0.3377
    0.8552    0.3881   -0.3435
   -0.4405    0.1950   -0.8763
...    51 T-A ...
  -89.4593  -63.8921  -19.5046
    0.2088    0.9610    0.1815
    0.8792   -0.1032   -0.4651
   -0.4282    0.2567   -0.8665
...    52 A-T ...
  -91.2167  -62.5119  -21.9934
    0.6803    0.7243    0.1123
    0.6542   -0.5309   -0.5386
   -0.3305    0.4399   -0.8350
...    53 G-C ...
  -92.3546  -60.7014  -24.4780
    0.9404    0.3296   -0.0840
    0.2311   -0.8003   -0.5532
   -0.2495    0.5009   -0.8288
...    54 G-C ...
  -92.8459  -58.5438  -27.0251
    0.9468   -0.1740   -0.2706
   -0.2902   -0.8252   -0.4847
   -0.1390    0.5374   -0.8318
...    55 T-A ...
  -92.8988  -56.3282  -29.4575
    0.6786   -0.5779   -0.4534
   -0.7274   -0.6147   -0.3051
   -0.1024    0.5368   -0.8374
...    56 A-T ...
  -93.2236  -54.6135  -32.2684
    0.1462   -0.8375   -0.5265
   -0.9867   -0.1614   -0.0172
   -0.0706    0.5221   -0.8500
...    57 T-A ...
  -92.7404  -52.9359  -35.0734
   -0.3640   -0.7970   -0.4820
   -0.9292    0.2752    0.2467
   -0.0639    0.5377   -0.8407
...    58 C-G ...
  -92.8582  -51.2687  -37.8813
   -0.8302   -0.5010   -0.2445
   -0.5527    0.6825    0.4783
   -0.0728    0.5322   -0.8435
...    59 T-A ...
  -93.0905  -49.8197  -40.8317
   -0.9912   -0.1126    0.0695
   -0.0580    0.8420    0.5364
   -0.1189    0.5277   -0.8411
...    60 C-G ...
  -93.5180  -48.1967  -43.6242
   -0.8449    0.3626    0.3934
    0.5141    0.7536    0.4097
   -0.1479    0.5484   -0.8231
...    61 G-C ...
  -93.8383  -46.1313  -46.1781
   -0.4259    0.6181    0.6608
    0.8791    0.4555    0.1405
   -0.2141    0.6407   -0.7373
...    62 A-T ...
  -94.6661  -44.0641  -48.5275
    0.1454    0.7223    0.6761
    0.9667    0.0417   -0.2525
   -0.2106    0.6903   -0.6922
...    63 G-C ...
  -95.6462  -41.6622  -50.5310
    0.6164    0.5813    0.5311
    0.7700   -0.3039   -0.5611
   -0.1648    0.7548   -0.6349
...    64 C-G ...
  -96.3484  -38.9171  -52.1661
    0.9344    0.2890    0.2084
    0.3386   -0.5379   -0.7720
   -0.1110    0.7919   -0.6004
...    65 T-A ...
  -96.5733  -36.0573  -53.7620
    0.9854   -0.0738   -0.1536
   -0.1679   -0.5745   -0.8011
   -0.0291    0.8152   -0.5785
...    66 C-G ...
  -96.4277  -33.3562  -55.5619
    0.7223   -0.4120   -0.5554
   -0.6913   -0.4079   -0.5964
    0.0191    0.8148   -0.5795
...    67 G-C ...
  -96.4784  -30.8987  -57.7660
    0.2372   -0.6402   -0.7307
   -0.9667   -0.0812   -0.2426
    0.0960    0.7639   -0.6381
...    68 G-C ...
  -95.7756  -28.4701  -59.9848
   -0.3103   -0.6351   -0.7073
   -0.9448    0.2885    0.1555
    0.1053    0.7165   -0.6896
...    69 G-C ...
  -95.1811  -26.2743  -62.4593
   -0.7661   -0.4322   -0.4757
   -0.6390    0.5921    0.4911
    0.0694    0.6801   -0.7298
...    70 A-T ...
  -94.8672  -24.1302  -64.8981
   -0.9950   -0.0308   -0.0951
   -0.0874    0.7290    0.6789
    0.0484    0.6838   -0.7281
...    71 T-A ...
  -94.8267  -22.4152  -67.7081
   -0.9090    0.3332    0.2506
    0.4134    0.6430    0.6447
    0.0537    0.6896   -0.7222
...    72 C-G ...
  -94.7623  -20.2176  -70.1098
   -0.5191    0.6055    0.6032
    0.8541    0.3397    0.3939
    0.0336    0.7197   -0.6935
...    73 C-G ...
  -95.0785  -17.8153  -72.4485
   -0.0136    0.6099    0.7924
    0.9996   -0.0116    0.0261
    0.0251    0.7924   -0.6095
...    74 G-C ...
  -94.7310  -15.1181  -74.3178
    0.4964    0.3854    0.7778
    0.8647   -0.2989   -0.4038
    0.0769    0.8730   -0.4816
...    75 T-A ...
  -94.8864  -12.0425  -75.4161
    0.8525    0.1397    0.5037
    0.5094   -0.4382   -0.7406
    0.1173    0.8879   -0.4447
...    76 C-G ...
  -94.3828   -9.0877  -76.6484
    0.9837   -0.1769    0.0321
   -0.0448   -0.4140   -0.9092
    0.1741    0.8929   -0.4151
...    77 A-T ...
  -93.6187   -6.1580  -77.9945
    0.7835   -0.4702   -0.4061
   -0.5449   -0.2060   -0.8128
    0.2985    0.8582   -0.4176
...    78 T-A ...
  -92.1449   -3.3446  -78.8449
    0.4156   -0.5113   -0.7523
   -0.8560    0.0598   -0.5136
    0.3075    0.8573   -0.4128
...    79 G-C ...
  -91.2142   -0.6149  -80.4453
   -0.1483   -0.4618   -0.8745
   -0.9316    0.3620   -0.0332
    0.3319    0.8097   -0.4839
...    80 T-A ...
  -89.5933    1.7193  -82.1451
   -0.6041   -0.2245   -0.7647
   -0.7262    0.5502    0.4122
    0.3282    0.8043   -0.4954
...    81 T-A ...
  -88.2999    4.1254  -83.9076
   -0.8971    0.1406   -0.4189
   -0.2712    0.5732    0.7732
    0.3488    0.8072   -0.4761
...    82 A-T ...
  -87.1807    6.8663  -85.3888
   -0.9028    0.4143    0.1151
    0.2887    0.3857    0.8763
    0.3187    0.8243   -0.4679
...    83 T-A ...
  -86.5144    9.3431  -87.4453
   -0.6472    0.5447    0.5333
    0.6915    0.1250    0.7115
    0.3209    0.8292   -0.4576
...    84 A-T ...
  -85.7560   12.1848  -88.9684
   -0.2248    0.4221    0.8782
    0.9329   -0.1669    0.3190
    0.2812    0.8910   -0.3563
...    85 A-T ...
  -85.1312   15.1589  -90.0624
    0.2999    0.2337    0.9249
    0.9086   -0.3654   -0.2023
    0.2907    0.9011   -0.3219
...    86 C-G ...
  -84.6829   18.3249  -90.7325
    0.6911   -0.0285    0.7222
    0.6478   -0.4185   -0.6365
    0.3204    0.9078   -0.2708
...    87 G-C ...
  -83.2967   21.1956  -91.5931
    0.8671   -0.3784    0.3239
    0.2200   -0.2926   -0.9306
    0.4469    0.8782   -0.1705
...    88 G-C ...
  -81.5552   24.0769  -91.6551
    0.8079   -0.5606   -0.1818
   -0.2275   -0.0121   -0.9737
    0.5436    0.8280   -0.1373
...    89 A-T ...
  -79.6234   26.6781  -91.9929
    0.5181   -0.4971   -0.6961
   -0.6265    0.3335   -0.7045
    0.5823    0.8010   -0.1386
...    90 C-G ...
  -77.2221   28.9464  -92.1603
    0.1208   -0.2726   -0.9545
   -0.7885    0.5578   -0.2591
    0.6031    0.7839   -0.1476
...    91 T-A ...
  -74.9566   31.2656  -92.7643
   -0.3182    0.0244   -0.9477
   -0.7226    0.6409    0.2592
    0.6137    0.7672   -0.1863
...    92 T-A ...
  -72.7219   33.5211  -93.4780
   -0.6458    0.4069   -0.6460
   -0.4271    0.5088    0.7474
    0.6329    0.7586   -0.1548
...    93 T-A ...
  -70.5456   35.8142  -94.2395
   -0.7586    0.6400   -0.1225
   -0.0061    0.1810    0.9835
    0.6516    0.7468   -0.1334
...    94 A-T ...
  -68.4275   38.3247  -94.6457
   -0.6688    0.5847    0.4591
    0.4171   -0.2161    0.8828
    0.6154    0.7819   -0.0994
...    95 A-T ...
  -66.6312   40.9697  -95.1439
   -0.3480    0.3555    0.8675
    0.7061   -0.5093    0.4920
    0.6167    0.7838   -0.0738
...    96 C-G ...
  -65.1554   43.8682  -95.4669
    0.0121    0.0099    0.9999
    0.7882   -0.6155   -0.0034
    0.6154    0.7881   -0.0153
...    97 A-T ...
  -63.1765   46.5485  -95.3235
    0.3186   -0.4345    0.8424
    0.6944   -0.4980   -0.5195
    0.6452    0.7505    0.1430
...    98 C-G ...
  -61.4705   49.1405  -94.3181
    0.5794   -0.6685    0.4663
    0.4648   -0.1990   -0.8628
    0.6695    0.7166    0.1954
...    99 T-A ...
  -59.3073   51.3481  -93.2242
    0.6742   -0.7374   -0.0405
    0.1547    0.1946   -0.9686
    0.7222    0.6468    0.2453
...   100 T-A ...
  -56.9593   53.2860  -92.1284
    0.6435   -0.5171   -0.5644
   -0.2212    0.5803   -0.7838
    0.7328    0.6292    0.2590
...   101 T-A ...
  -54.4710   55.0736  -91.0597
    0.4276   -0.0986   -0.8986
   -0.5295    0.7784   -0.3374
    0.7327    0.6200    0.2807
...   102 A-T ...
  -52.1936   57.3201  -90.1569
    0.0414    0.3907   -0.9196
   -0.6719    0.6920    0.2638
    0.7395    0.6070    0.2912
...   103 T-A ...
  -49.3356   58.8653  -89.5372
   -0.2819    0.6980   -0.6583
   -0.6080    0.4008    0.6853
    0.7422    0.5935    0.3114
...   104 G-C ...
  -47.0613   60.9664  -88.4156
   -0.6241    0.7572   -0.1926
   -0.3495   -0.0501    0.9356
    0.6988    0.6513    0.2959
...   105 C-G ...
  -44.6959   63.1828  -87.8310
   -0.7460    0.5863    0.3158
    0.0237   -0.4506    0.8924
    0.6655    0.6732    0.3223
...   106 T-A ...
  -42.6982   65.6528  -86.9717
   -0.6846    0.2340    0.6903
    0.3875   -0.6854    0.6165
    0.6174    0.6896    0.3786
...   107 T-A ...
  -40.8803   68.0752  -85.8522
   -0.3971   -0.1975    0.8963
    0.6895   -0.7088    0.1492
    0.6058    0.6772    0.4176
...   108 C-G ...
  -39.0612   70.3145  -84.3902
   -0.0010   -0.6074    0.7944
    0.8026   -0.4743   -0.3617
    0.5965    0.6372    0.4880
...   109 C-G ...
  -37.4190   72.4264  -82.3552
    0.3235   -0.8395    0.4365
    0.7175   -0.0831   -0.6916
    0.6169    0.5369    0.5755
...   110 G-C ...
  -35.1117   73.8657  -80.4828
    0.5493   -0.8324   -0.0738
    0.5010    0.3987   -0.7681
    0.6688    0.3849    0.6360
...   111 G-C ...
  -32.8336   74.5959  -78.1144
    0.6674   -0.5384   -0.5145
    0.1948    0.7930   -0.5772
    0.7188    0.2850    0.6342
...   112 C-G ...
  -30.3573   75.0238  -75.9815
    0.6479   -0.0428   -0.7605
   -0.1578    0.9692   -0.1890
    0.7452    0.2424    0.6212
...   113 T-A ...
  -27.7174   75.4699  -74.0503
    0.4586    0.4571   -0.7621
   -0.4408    0.8616    0.2515
    0.7716    0.2206    0.5966
...   114 C-G ...
  -25.0899   76.1281  -72.2029
    0.1233    0.8757   -0.4668
   -0.6227    0.4345    0.6507
    0.7727    0.2105    0.5989
...   115 G-C ...
  -22.8662   76.8976  -69.8726
   -0.2917    0.9539   -0.0705
   -0.5955   -0.1234    0.7938
    0.7485    0.2736    0.6040
...   116 T-A ...
  -20.1176   78.0077  -68.3781
   -0.5697    0.7528    0.3298
   -0.3808   -0.5974    0.7057
    0.7283    0.2765    0.6270
...   117 A-T ...
  -17.7425   79.0741  -66.3362
   -0.7556    0.2805    0.5919
   -0.0175   -0.9120    0.4098
    0.6548    0.2993    0.6941
...   118 T-A ...
  -15.7966   80.6681  -64.2522
   -0.6929   -0.2043    0.6915
    0.3441   -0.9365    0.0681
    0.6337    0.2851    0.7191
...   119 A-T ...
  -14.2619   82.0447  -61.6009
   -0.5790   -0.6719    0.4619
    0.6515   -0.7219   -0.2334
    0.4902    0.1657    0.8557
...   120 A-T ...
  -12.9711   82.6077  -58.7105
   -0.1839   -0.9602    0.2103
    0.8700   -0.2586   -0.4197
    0.4574    0.1058    0.8829
...   121 T-A ...
  -12.1394   82.8898  -55.5764
    0.2347   -0.9707   -0.0515
    0.8621    0.2323   -0.4503
    0.4491    0.0613    0.8914
...   122 G-C ...
  -10.5286   82.7025  -52.6847
    0.5958   -0.6997   -0.3942
    0.6406    0.7101   -0.2923
    0.4845   -0.0784    0.8713
...   123 T-A ...
   -9.2306   81.8402  -49.7894
    0.8265   -0.2457   -0.5065
    0.2700    0.9625   -0.0262
    0.4939   -0.1150    0.8619
...   124 G-C ...
   -7.3777   81.6568  -47.0715
    0.8084    0.3435   -0.4780
   -0.2141    0.9280    0.3048
    0.5483   -0.1441    0.8238
...   125 T-A ...
   -5.3285   80.6642  -44.6365
    0.5883    0.7708   -0.2445
   -0.5973    0.6181    0.5112
    0.5451   -0.1547    0.8240
...   126 C-G ...
   -3.4419   80.1032  -42.0110
    0.1346    0.9851    0.1072
   -0.8341    0.0542    0.5489
    0.5349   -0.1633    0.8290
...   127 G-C ...
   -2.0948   79.3816  -39.0753
   -0.3860    0.8662    0.3174
   -0.7877   -0.4885    0.3753
    0.4802   -0.1051    0.8709
...   128 A-T ...
   -0.4024   79.0091  -36.3231
   -0.7844    0.4447    0.4325
   -0.4461   -0.8888    0.1048
    0.4310   -0.1107    0.8955
...   129 C-G ...
    1.0686   79.2538  -33.4199
   -0.9264   -0.0459    0.3738
   -0.0038   -0.9913   -0.1312
    0.3766   -0.1230    0.9182
...   130 C-G ...
    2.1545   79.2574  -30.2319
   -0.8504   -0.5117    0.1224
    0.4608   -0.8367   -0.2959
    0.2538   -0.1952    0.9473
...   131 A-T ...
    2.6832   78.6103  -26.9958
   -0.5360   -0.8157   -0.2177
    0.8369   -0.4796   -0.2636
    0.1106   -0.3235    0.9397
...   132 A-T ...
    2.6991   77.5108  -23.9739
   -0.0215   -0.9236   -0.3829
    0.9971    0.0080   -0.0754
    0.0727   -0.3834    0.9207
...   133 A-T ...
    2.6301   76.0861  -21.0803
    0.5128   -0.7632   -0.3930
    0.8566    0.4851    0.1757
    0.0565   -0.4268    0.9026
...   134 T-A ...
    2.3076   74.2307  -18.3903
    0.8657   -0.4293   -0.2574
    0.4984    0.7868    0.3641
    0.0462   -0.4435    0.8951
...   135 G-C ...
    1.4354   72.0969  -15.6051
    0.9809    0.0621    0.1843
   -0.1263    0.9241    0.3607
   -0.1479   -0.3771    0.9143
...   136 T-A ...
    0.5279   69.2392  -13.4689
    0.7351    0.4963    0.4618
   -0.6117    0.7792    0.1365
   -0.2921   -0.3828    0.8764
...   137 G-C ...
   -0.1659   67.4105  -10.8096
    0.1800    0.8794    0.4408
   -0.9276    0.3008   -0.2214
   -0.3274   -0.3691    0.8698
...   138 A-T ...
   -0.1321   66.2179   -7.8217
   -0.3749    0.8570    0.3536
   -0.8857   -0.2184   -0.4098
   -0.2739   -0.4668    0.8409
...   139 G-C ...
   -1.0069   65.6074   -4.9425
   -0.8336    0.5218    0.1811
   -0.5170   -0.6220   -0.5881
   -0.1942   -0.5839    0.7883
...   140 C-G ...
   -0.6975   63.9003   -2.2529
   -0.9992    0.0157   -0.0376
    0.0023   -0.8993   -0.4374
   -0.0406   -0.4371    0.8985
...   141 G-C ...
   -3.4383   60.2385    1.0283
   -0.4425    0.2285   -0.8672
    0.1683   -0.9287   -0.3306
   -0.8808   -0.2922    0.3725
...   142 C-G ...
   -6.3289   59.0833    1.6293
   -0.2970   -0.3280   -0.8968
    0.5656   -0.8171    0.1115
   -0.7693   -0.4741    0.4282
...   143 T-A ...
   -8.6768   58.7242    3.6023
   -0.0347   -0.7817   -0.6227
    0.6533   -0.4893    0.5778
   -0.7563   -0.3868    0.5276
...   144 C-G ...
  -11.6545   58.0113    4.7192
    0.2451   -0.9542   -0.1716
    0.6322    0.0231    0.7745
   -0.7350   -0.2983    0.6089
...   145 A-T ...
  -14.1760   56.5668    6.1806
    0.5795   -0.7268    0.3687
    0.3139    0.6165    0.7220
   -0.7521   -0.3027    0.5855
...   146 C-G ...
  -16.4651   53.8949    7.5152
    0.5336   -0.3331    0.7774
   -0.0346    0.9098    0.4136
   -0.8450   -0.2476    0.4739
...   147 A-T ...
  -19.0172   52.0374    8.9260
    0.2452    0.2907    0.9249
   -0.3073    0.9281   -0.2103
   -0.9195   -0.2327    0.3169
