  147 base-pairs
...     1 A-T ...
    0.0000    0.0000    0.0000
    1.0000    0.0000    0.0000
    0.0000    1.0000    0.0000
    0.0000    0.0000    1.0000
...     2 G-C ...
   -0.1404   -1.2353    3.2259
    0.7530    0.6366    0.1668
   -0.6385    0.7681   -0.0490
   -0.1593   -0.0696    0.9848
...     3 T-A ...
   -0.0377   -3.2918    6.3749
    0.2722    0.9302    0.2464
   -0.9238    0.3243   -0.2034
   -0.2691   -0.1722    0.9476
...     4 G-C ...
   -0.3520   -4.1638    9.4928
   -0.3756    0.9250    0.0576
   -0.8780   -0.3352   -0.3416
   -0.2967   -0.1788    0.9381
...     5 A-T ...
   -0.4480   -4.1448   12.7498
   -0.8116    0.5839   -0.0166
   -0.5522   -0.7762   -0.3042
   -0.1905   -0.2377    0.9525
...     6 G-C ...
   -1.5926   -4.1701   15.6201
   -0.9976    0.0246   -0.0651
   -0.0043   -0.9555   -0.2950
   -0.0694   -0.2940    0.9533
...     7 C-G ...
   -1.1050   -4.4793   18.7363
   -0.8442   -0.5302   -0.0787
    0.5343   -0.8442   -0.0430
   -0.0437   -0.0784    0.9960
...     8 G-C ...
   -2.4044   -7.7255   23.1483
   -0.2753   -0.3294   -0.9032
    0.6650   -0.7437    0.0686
   -0.6943   -0.5817    0.4238
...     9 C-G ...
   -4.4706   -9.9691   24.1142
    0.1145   -0.7026   -0.7023
    0.8512   -0.2951    0.4341
   -0.5123   -0.6475    0.5642
...    10 T-A ...
   -6.7420  -10.8705   25.9717
    0.4841   -0.8363   -0.2573
    0.6594    0.1554    0.7356
   -0.5752   -0.5257    0.6267
...    11 C-G ...
   -9.1682  -12.6167   27.1662
    0.7073   -0.6683    0.2306
    0.3450    0.6110    0.7125
   -0.6170   -0.4243    0.6627
...    12 A-T ...
  -10.9253  -14.6583   29.0713
    0.7515   -0.1377    0.6452
   -0.2027    0.8824    0.4245
   -0.6278   -0.4498    0.6352
...    13 C-G ...
  -11.8495  -17.4796   31.2472
    0.4294    0.2824    0.8578
   -0.5708    0.8209    0.0155
   -0.6998   -0.4963    0.5137
...    14 A-T ...
  -13.5915  -19.7756   33.4284
   -0.1503    0.6106    0.7775
   -0.6874    0.5007   -0.5261
   -0.7106   -0.6135    0.3445
...    15 A-T ...
  -15.7669  -21.8962   34.5290
   -0.4940    0.7972    0.3471
   -0.4618    0.0977   -0.8816
   -0.7367   -0.5958    0.3199
...    16 T-A ...
  -17.9206  -23.8291   36.2850
   -0.6864    0.7099   -0.1580
   -0.1155   -0.3209   -0.9400
   -0.7180   -0.6269    0.3023
...    17 T-A ...
  -20.2809  -25.7029   37.6249
   -0.6394    0.3822   -0.6671
    0.3152   -0.6611   -0.6809
   -0.7013   -0.6456    0.3022
...    18 T-A ...
  -22.6525  -27.6174   38.5865
   -0.3130    0.0313   -0.9492
    0.5944   -0.7730   -0.2215
   -0.7407   -0.6336    0.2233
...    19 A-T ...
  -25.1675  -29.5784   38.9360
    0.1398   -0.1796   -0.9738
    0.6381   -0.7356    0.2273
   -0.7571   -0.6531    0.0118
...    20 T-A ...
  -28.0361  -31.1664   38.6162
    0.4514   -0.4997   -0.7393
    0.4768   -0.5653    0.6731
   -0.7543   -0.6564   -0.0169
...    21 T-A ...
  -30.6030  -33.1731   38.2365
    0.6504   -0.7155   -0.2551
    0.1327   -0.2236    0.9656
   -0.7479   -0.6618   -0.0505
...    22 C-G ...
  -32.9569  -35.4192   37.9422
    0.6315   -0.6982    0.3372
   -0.2798    0.2003    0.9389
   -0.7231   -0.6873   -0.0689
...    23 G-C ...
  -35.2702  -37.7864   38.4463
    0.4466   -0.3984    0.8011
   -0.6326    0.4926    0.5977
   -0.6327   -0.7737   -0.0320
...    24 C-G ...
  -37.0380  -40.5212   38.2170
    0.0837   -0.0461    0.9954
   -0.7736    0.6266    0.0941
   -0.6281   -0.7780    0.0168
...    25 A-T ...
  -39.4663  -42.7405   38.0603
   -0.3545    0.3384    0.8716
   -0.6748    0.5527   -0.4891
   -0.6473   -0.7615    0.0324
...    26 A-T ...
  -41.4581  -45.3385   38.3469
   -0.6835    0.5731    0.4521
   -0.3512    0.2848   -0.8919
   -0.6399   -0.7684    0.0067
...    27 A-T ...
  -43.4128  -47.9196   38.7068
   -0.7731    0.6195   -0.1361
    0.1222   -0.0650   -0.9904
   -0.6224   -0.7823   -0.0255
...    28 G-C ...
  -45.7494  -50.3136   39.0417
   -0.5485    0.5567   -0.6239
    0.4934   -0.3869   -0.7790
   -0.6750   -0.7351   -0.0625
...    29 G-C ...
  -48.4499  -52.4726   38.9261
   -0.1125    0.3612   -0.9257
    0.7030   -0.6294   -0.3311
   -0.7022   -0.6880   -0.1831
...    30 C-G ...
  -51.1097  -54.2304   38.2044
    0.3341    0.0462   -0.9414
    0.6389   -0.7454    0.1902
   -0.6929   -0.6651   -0.2785
...    31 C-G ...
  -53.5807  -56.1283   37.0692
    0.6952   -0.2816   -0.6614
    0.3335   -0.6888    0.6437
   -0.6368   -0.6681   -0.3849
...    32 G-C ...
  -55.1371  -58.3870   35.7666
    0.8404   -0.4962   -0.2181
   -0.0926   -0.5278    0.8443
   -0.5341   -0.6894   -0.4894
...    33 G-C ...
  -56.2319  -60.9034   33.7811
    0.6843   -0.6704    0.2868
   -0.5677   -0.2430    0.7865
   -0.4576   -0.7011   -0.5469
...    34 C-G ...
  -57.2586  -63.3472   31.8674
    0.2729   -0.6837    0.6768
   -0.8677    0.1288    0.4800
   -0.4154   -0.7183   -0.5581
...    35 C-G ...
  -58.3568  -66.0526   30.1295
   -0.2672   -0.5029    0.8220
   -0.8849    0.4657   -0.0028
   -0.3814   -0.7282   -0.5695
...    36 C-G ...
  -59.4502  -68.6790   28.3409
   -0.6972   -0.1554    0.6999
   -0.6033    0.6545   -0.4557
   -0.3872   -0.7399   -0.5500
...    37 G-C ...
  -60.9380  -70.3843   25.6906
   -0.8905    0.2802    0.3584
   -0.0928    0.6595   -0.7460
   -0.4454   -0.6976   -0.5613
...    38 A-T ...
  -62.0896  -72.6632   23.8841
   -0.7767    0.6185   -0.1194
    0.4537    0.4178   -0.7872
   -0.4369   -0.6656   -0.6050
...    39 C-G ...
  -63.9194  -74.6867   22.2309
   -0.4127    0.7908   -0.4520
    0.7845    0.0565   -0.6176
   -0.4628   -0.6095   -0.6437
...    40 A-T ...
  -65.6423  -76.5490   20.1083
    0.1293    0.7842   -0.6069
    0.8746   -0.3786   -0.3029
   -0.4673   -0.4916   -0.7348
...    41 C-G ...
  -67.4260  -77.5701   17.6130
    0.5821    0.5461   -0.6024
    0.6924   -0.7214    0.0151
   -0.4263   -0.4259   -0.7980
...    42 G-C ...
  -68.4183  -79.1903   14.8775
    0.9114    0.1053   -0.3977
    0.2279   -0.9340    0.2752
   -0.3425   -0.3415   -0.8753
...    43 A-T ...
  -69.4566  -80.1881   12.0556
    0.8792   -0.4488   -0.1598
   -0.3432   -0.8294    0.4409
   -0.3304   -0.3328   -0.8832
...    44 C-G ...
  -70.1334  -80.7296    8.8600
    0.5896   -0.7974    0.1286
   -0.7590   -0.4926    0.4258
   -0.2762   -0.3486   -0.8956
...    45 T-A ...
  -70.3021  -81.8714    5.3950
    0.0776   -0.9424    0.3254
   -0.9632    0.0134    0.2684
   -0.2572   -0.3343   -0.9067
...    46 T-A ...
  -70.5624  -82.8432    2.2571
   -0.4202   -0.8313    0.3638
   -0.8740    0.4786    0.0843
   -0.2442   -0.2825   -0.9277
...    47 A-T ...
  -71.5591  -83.4740   -0.8867
   -0.8766   -0.3619    0.3172
   -0.4217    0.8952   -0.1439
   -0.2319   -0.2600   -0.9374
...    48 C-G ...
  -72.1691  -84.9476   -3.8160
   -0.9657    0.1610    0.2038
    0.1012    0.9559   -0.2757
   -0.2392   -0.2456   -0.9394
...    49 T-A ...
  -73.2406  -86.0907   -6.7891
   -0.7489    0.6540    0.1065
    0.5893    0.7309   -0.3443
   -0.3031   -0.1951   -0.9328
...    50 G-C ...
  -74.4798  -86.4593   -9.9090
   -0.2654    0.9628    0.0514
    0.8999    0.2665   -0.3451
   -0.3460   -0.0453   -0.9372
...    51 T-A ...
  -76.1123  -86.5518  -12.6537
    0.2037    0.9788   -0.0230
    0.9212   -0.1996   -0.3338
   -0.3313    0.0468   -0.9423
...    52 A-T ...
  -77.9009  -85.3036  -15.3487
    0.6659    0.7387    0.1047
    0.7201   -0.5997   -0.3490
   -0.1950    0.3078   -0.9313
...    53 G-C ...
  -78.8486  -83.9811  -18.1261
    0.9400    0.3384    0.0444
    0.3274   -0.8570   -0.3979
   -0.0966    0.3886   -0.9163
...    54 G-C ...
  -79.1111  -81.6497  -20.9716
    0.9801   -0.1792   -0.0850
   -0.1983   -0.8907   -0.4091
   -0.0024    0.4178   -0.9085
...    55 T-A ...
  -78.6796  -79.9136  -23.7128
    0.7500   -0.6048   -0.2677
   -0.6608   -0.6675   -0.3433
    0.0289    0.4343   -0.9003
...    56 A-T ...
  -77.9738  -78.2579  -26.6015
    0.2536   -0.8890   -0.3814
   -0.9638   -0.1985   -0.1780
    0.0825    0.4127   -0.9071
...    57 T-A ...
  -76.9329  -76.8213  -29.4054
   -0.2531   -0.8565   -0.4499
   -0.9635    0.2650    0.0375
    0.0871    0.4430   -0.8923
...    58 C-G ...
  -76.3923  -75.5471  -32.4688
   -0.7798   -0.5188   -0.3503
   -0.6202    0.7161    0.3202
    0.0847    0.4670   -0.8802
...    59 T-A ...
  -76.1045  -74.3068  -35.5498
   -0.9901   -0.1046   -0.0934
   -0.1360    0.8793    0.4563
    0.0344    0.4645   -0.8849
...    60 C-G ...
  -76.0293  -72.7631  -38.4988
   -0.8964    0.3878    0.2148
    0.4433    0.7816    0.4388
    0.0023    0.4886   -0.8725
...    61 G-C ...
  -75.9146  -70.7378  -41.0431
   -0.5751    0.5984    0.5578
    0.8100    0.5122    0.2856
   -0.1148    0.6160   -0.7793
...    62 A-T ...
  -76.1072  -68.7644  -43.6084
   -0.0388    0.7177    0.6953
    0.9950    0.0919   -0.0392
   -0.0920    0.6903   -0.7176
...    63 G-C ...
  -76.7741  -66.2477  -45.6542
    0.4618    0.6075    0.6463
    0.8841   -0.2569   -0.3902
   -0.0710    0.7516   -0.6558
...    64 C-G ...
  -77.3279  -63.4270  -47.4306
    0.8773    0.3143    0.3627
    0.4791   -0.5293   -0.7002
   -0.0280    0.7881   -0.6150
...    65 T-A ...
  -77.5269  -60.5972  -49.1123
    0.9992   -0.0404    0.0037
   -0.0207   -0.5860   -0.8100
    0.0349    0.8093   -0.5864
...    66 C-G ...
  -77.0705  -58.0970  -51.1188
    0.8196   -0.3913   -0.4185
   -0.5618   -0.4056   -0.7210
    0.1124    0.8261   -0.5523
...    67 G-C ...
  -77.0467  -55.7745  -53.5587
    0.3813   -0.5949   -0.7076
   -0.9063   -0.0894   -0.4131
    0.1825    0.7988   -0.5732
...    68 G-C ...
  -76.1878  -53.1498  -55.4288
   -0.1644   -0.5892   -0.7911
   -0.9708    0.2387    0.0240
    0.1747    0.7719   -0.6112
...    69 G-C ...
  -75.3914  -50.7331  -57.5941
   -0.6660   -0.4408   -0.6018
   -0.7333    0.5349    0.4197
    0.1369    0.7208   -0.6794
...    70 A-T ...
  -74.7406  -48.5035  -59.9681
   -0.9693   -0.0479   -0.2410
   -0.2066    0.6899    0.6938
    0.1330    0.7223   -0.6786
...    71 T-A ...
  -74.3702  -46.5792  -62.6294
   -0.9425    0.2956    0.1563
    0.3132    0.6169    0.7220
    0.1170    0.7294   -0.6740
...    72 C-G ...
  -74.1904  -44.2573  -64.9599
   -0.5940    0.5754    0.5622
    0.7974    0.3285    0.5062
    0.1066    0.7490   -0.6539
...    73 C-G ...
  -73.9410  -41.9244  -67.2579
   -0.1333    0.5514    0.8235
    0.9864   -0.0067    0.1641
    0.0960    0.8342   -0.5430
...    74 G-C ...
  -73.2040  -39.1202  -68.7944
    0.3653    0.3231    0.8730
    0.9225   -0.2515   -0.2929
    0.1249    0.9123   -0.3900
...    75 C-G ...
  -73.1708  -35.8055  -69.7585
    0.8146    0.0977    0.5717
    0.5620   -0.3771   -0.7362
    0.1436    0.9210   -0.3621
...    76 T-A ...
  -72.5549  -32.4741  -70.3912
    0.9844   -0.1527    0.0872
    0.0347   -0.3176   -0.9476
    0.1724    0.9359   -0.3073
...    77 T-A ...
  -71.8696  -29.3492  -70.9730
    0.8364   -0.2907   -0.4647
   -0.5234   -0.1715   -0.8347
    0.1630    0.9413   -0.2956
...    78 T-A ...
  -71.1408  -26.2776  -71.6853
    0.4107   -0.3334   -0.8486
   -0.8969    0.0199   -0.4418
    0.1642    0.9426   -0.2908
...    79 A-T ...
  -71.0302  -23.1560  -72.6903
   -0.1639   -0.2447   -0.9557
   -0.9722    0.2044    0.1144
    0.1674    0.9478   -0.2714
...    80 A-T ...
  -70.3186  -20.1991  -73.6111
   -0.6572   -0.1060   -0.7462
   -0.7374    0.2955    0.6074
    0.1561    0.9495   -0.2723
...    81 C-G ...
  -69.4888  -17.3042  -75.0549
   -0.9429    0.0518   -0.3290
   -0.2981    0.3093    0.9030
    0.1485    0.9496   -0.2762
...    82 A-T ...
  -69.1115  -14.1994  -76.0993
   -0.9626    0.1303    0.2376
    0.2630    0.2376    0.9351
    0.0654    0.9626   -0.2630
...    83 C-G ...
  -69.3719  -11.1475  -77.4869
   -0.7054    0.2016    0.6795
    0.7074    0.1402    0.6928
    0.0444    0.9694   -0.2416
...    84 T-A ...
  -69.9666   -7.7318  -78.4879
   -0.2230    0.1954    0.9550
    0.9740    0.0058    0.2263
    0.0387    0.9807   -0.1916
...    85 T-A ...
  -70.2745   -4.5502  -79.0293
    0.3523    0.1586    0.9223
    0.9347   -0.1092   -0.3383
    0.0471    0.9813   -0.1867
...    86 T-A ...
  -70.3116   -1.3607  -79.4674
    0.7994    0.0364    0.5997
    0.5963   -0.1701   -0.7845
    0.0735    0.9848   -0.1576
...    87 A-T ...
  -69.8630    1.8474  -79.9019
    0.9739   -0.1777    0.1410
    0.1172   -0.1378   -0.9835
    0.1942    0.9744   -0.1134
...    88 T-A ...
  -69.1755    4.9934  -79.4873
    0.9110   -0.2684   -0.3132
   -0.3298   -0.0178   -0.9439
    0.2478    0.9631   -0.1047
...    89 G-C ...
  -68.0225    8.1109  -79.7206
    0.5038   -0.3191   -0.8027
   -0.7963    0.1885   -0.5747
    0.3347    0.9288   -0.1591
...    90 C-G ...
  -66.4814   10.9437  -80.3627
   -0.0164   -0.2043   -0.9788
   -0.9394    0.3385   -0.0549
    0.3426    0.9185   -0.1975
...    91 T-A ...
  -64.9266   13.8194  -81.4778
   -0.5339    0.0149   -0.8454
   -0.7540    0.4442    0.4840
    0.3827    0.8958   -0.2259
...    92 T-A ...
  -63.5573   16.5767  -82.3820
   -0.8675    0.2410   -0.4352
   -0.3345    0.3650    0.8688
    0.3682    0.8993   -0.2360
...    93 C-G ...
  -62.4228   19.5128  -83.4416
   -0.9132    0.3845    0.1353
    0.2130    0.1672    0.9626
    0.3475    0.9079   -0.2345
...    94 C-G ...
  -61.2693   22.4334  -84.4093
   -0.7201    0.3074    0.6220
    0.6390   -0.0555    0.7672
    0.2704    0.9500   -0.1565
...    95 G-C ...
  -60.3159   25.2851  -84.6946
   -0.3553    0.1261    0.9262
    0.9071   -0.1926    0.3742
    0.2256    0.9731   -0.0459
...    96 G-C ...
  -59.9923   28.6096  -84.4981
    0.1606   -0.0829    0.9835
    0.9628   -0.2064   -0.1746
    0.2175    0.9749    0.0466
...    97 C-G ...
  -59.7807   31.9024  -83.9020
    0.6296   -0.2316    0.7416
    0.7367   -0.1253   -0.6646
    0.2468    0.9647    0.0917
...    98 T-A ...
  -59.2377   35.0965  -83.2417
    0.8869   -0.3407    0.3121
    0.3413    0.0278   -0.9396
    0.3114    0.9398    0.1409
...    99 C-G ...
  -57.9305   37.9836  -82.5228
    0.9133   -0.3295   -0.2394
   -0.1615    0.2466   -0.9556
    0.3739    0.9114    0.1720
...   100 A-T ...
  -56.4237   40.8055  -81.2477
    0.6669   -0.2694   -0.6948
   -0.5337    0.4781   -0.6976
    0.5201    0.8360    0.1751
...   101 T-A ...
  -54.3769   43.1895  -80.4764
    0.3116   -0.0352   -0.9496
   -0.7786    0.5634   -0.2764
    0.5447    0.8254    0.1481
...   102 G-C ...
  -52.2677   45.8086  -80.0727
   -0.2096    0.2516   -0.9449
   -0.8091    0.4980    0.3121
    0.5491    0.8299    0.0991
...   103 T-A ...
  -49.9828   48.2617  -80.0733
   -0.5959    0.4812   -0.6429
   -0.5847    0.2888    0.7581
    0.5505    0.8277    0.1092
...   104 T-A ...
  -48.1564   50.8755  -79.9359
   -0.8088    0.5743   -0.1264
   -0.1689   -0.0211    0.9854
    0.5633    0.8183    0.1141
...   105 A-T ...
  -46.3226   53.5975  -79.3478
   -0.7867    0.4289    0.4439
    0.3027   -0.3587    0.8830
    0.5380    0.8291    0.1523
...   106 T-A ...
  -44.9684   56.5268  -79.3959
   -0.5431    0.2078    0.8136
    0.6309   -0.5384    0.5587
    0.5541    0.8166    0.1613
...   107 A-T ...
  -43.2383   59.2228  -78.7259
   -0.2213   -0.1997    0.9545
    0.8306   -0.5515    0.0772
    0.5111    0.8099    0.2879
...   108 A-T ...
  -41.8288   61.8312  -77.7255
    0.1776   -0.5161    0.8379
    0.8349   -0.3717   -0.4059
    0.5209    0.7717    0.3649
...   109 C-G ...
  -40.6805   64.4593  -75.9424
    0.5476   -0.6780    0.4904
    0.6327   -0.0480   -0.7729
    0.5476    0.7335    0.4027
...   110 G-C ...
  -38.3999   66.4363  -74.7497
    0.6569   -0.7532   -0.0341
    0.3423    0.3382   -0.8766
    0.6718    0.5642    0.4800
...   111 G-C ...
  -35.7648   67.6094  -73.1630
    0.6546   -0.5450   -0.5238
    0.0405    0.7172   -0.6956
    0.7549    0.4342    0.4916
...   112 A-T ...
  -33.2402   68.7789  -71.3867
    0.5565   -0.0274   -0.8304
   -0.3244    0.9130   -0.2475
    0.7649    0.4071    0.4992
...   113 T-A ...
  -30.4504   69.5328  -69.7705
    0.3130    0.4432   -0.8400
   -0.5550    0.8031    0.2169
    0.7707    0.3983    0.4973
...   114 C-G ...
  -27.7962   70.8679  -68.2380
   -0.0763    0.8329   -0.5481
   -0.6253    0.3882    0.6770
    0.7766    0.3944    0.4912
...   115 G-C ...
  -25.5591   72.2049  -66.2515
   -0.4426    0.8932   -0.0795
   -0.4860   -0.1645    0.8583
    0.7536    0.4185    0.5069
...   116 T-A ...
  -23.0803   73.9923  -65.0243
   -0.6583    0.6619    0.3584
   -0.1957   -0.6103    0.7676
    0.7268    0.4352    0.5313
...   117 A-T ...
  -20.6935   75.9867  -63.5583
   -0.7255    0.1774    0.6650
    0.1958   -0.8731    0.4465
    0.6598    0.4541    0.5987
...   118 T-A ...
  -18.8965   78.0410  -61.8603
   -0.5558   -0.2671    0.7873
    0.5044   -0.8611    0.0640
    0.6608    0.4327    0.6133
...   119 A-T ...
  -16.9583   79.4013  -59.6700
   -0.3816   -0.7073    0.5951
    0.7281   -0.6266   -0.2779
    0.5694    0.3272    0.7541
...   120 A-T ...
  -15.4157   80.4319  -57.0332
    0.0013   -0.9632    0.2690
    0.8377   -0.1459   -0.5263
    0.5462    0.2260    0.8066
...   121 T-A ...
  -14.1900   81.0502  -54.0331
    0.3940   -0.9176   -0.0527
    0.7438    0.3520   -0.5682
    0.5400    0.1847    0.8212
...   122 G-C ...
  -12.4207   81.1962  -51.1058
    0.6674   -0.5922   -0.4515
    0.4486    0.8037   -0.3909
    0.5944    0.0584    0.8021
...   123 T-A ...
  -10.5047   80.7337  -48.5385
    0.7989   -0.1426   -0.5843
    0.1100    0.9897   -0.0913
    0.5913    0.0087    0.8064
...   124 G-C ...
   -8.4209   80.6182  -46.0091
    0.7061    0.4413   -0.5538
   -0.3261    0.8969    0.2989
    0.6285   -0.0305    0.7772
...   125 T-A ...
   -6.1682   80.0270  -43.7329
    0.4394    0.8369   -0.3264
   -0.6341    0.5463    0.5473
    0.6363   -0.0335    0.7707
...   126 C-G ...
   -4.0960   79.9203  -41.3529
    0.0052    0.9975    0.0701
   -0.7701   -0.0407    0.6366
    0.6379   -0.0573    0.7680
...   127 G-C ...
   -2.5587   79.5628  -38.5432
   -0.4315    0.8451    0.3155
   -0.6961   -0.5344    0.4795
    0.5739   -0.0127    0.8189
...   128 A-T ...
   -0.6188   79.3198  -36.1095
   -0.7593    0.3959    0.5165
   -0.3613   -0.9165    0.1715
    0.5413   -0.0564    0.8390
...   129 C-G ...
    1.1685   79.8441  -33.3993
   -0.8681   -0.1248    0.4805
    0.0706   -0.9891   -0.1294
    0.4914   -0.0784    0.8674
...   130 C-G ...
    2.1799   80.0849  -30.1403
   -0.8033   -0.5578    0.2087
    0.4823   -0.8149   -0.3216
    0.3494   -0.1577    0.9236
...   131 A-T ...
    2.6070   78.9588  -27.0107
   -0.5963   -0.7688   -0.2311
    0.7910   -0.5137   -0.3322
    0.1366   -0.3809    0.9145
...   132 A-T ...
    2.7756   77.6297  -24.0456
   -0.0936   -0.8963   -0.4334
    0.9916   -0.0450   -0.1210
    0.0890   -0.4411    0.8930
...   133 A-T ...
    2.6387   76.1162  -21.1179
    0.5017   -0.7685   -0.3973
    0.8625    0.4794    0.1618
    0.0661   -0.4238    0.9033
...   134 T-A ...
    2.3077   74.2307  -18.3903
    0.8657   -0.4293   -0.2574
    0.4984    0.7868    0.3641
    0.0462   -0.4435    0.8951
...   135 G-C ...
    1.4356   72.0970  -15.6050
    0.9809    0.0621    0.1843
   -0.1263    0.9241    0.3607
   -0.1479   -0.3771    0.9143
...   136 T-A ...
    0.5281   69.2393  -13.4689
    0.7351    0.4963    0.4618
   -0.6117    0.7792    0.1365
   -0.2921   -0.3828    0.8764
...   137 G-C ...
   -0.1657   67.4105  -10.8095
    0.1800    0.8794    0.4408
   -0.9276    0.3008   -0.2214
   -0.3274   -0.3691    0.8698
...   138 A-T ...
   -0.1320   66.2180   -7.8217
   -0.3749    0.8570    0.3536
   -0.8857   -0.2184   -0.4098
   -0.2739   -0.4668    0.8409
...   139 G-C ...
   -1.0067   65.6075   -4.9425
   -0.8336    0.5218    0.1811
   -0.5170   -0.6220   -0.5881
   -0.1942   -0.5839    0.7883
...   140 C-G ...
   -0.6973   63.9003   -2.2528
   -0.9992    0.0157   -0.0376
    0.0023   -0.8993   -0.4374
   -0.0406   -0.4371    0.8985
...   141 G-C ...
   -3.4381   60.2385    1.0283
   -0.4425    0.2285   -0.8672
    0.1683   -0.9287   -0.3306
   -0.8808   -0.2922    0.3725
...   142 C-G ...
   -6.3287   59.0834    1.6293
   -0.2970   -0.3280   -0.8968
    0.5656   -0.8171    0.1115
   -0.7693   -0.4741    0.4282
...   143 T-A ...
   -8.6767   58.7243    3.6024
   -0.0347   -0.7817   -0.6227
    0.6533   -0.4893    0.5778
   -0.7563   -0.3868    0.5276
...   144 C-G ...
  -11.6543   58.0114    4.7193
    0.2451   -0.9542   -0.1716
    0.6322    0.0231    0.7745
   -0.7350   -0.2983    0.6089
...   145 A-T ...
  -14.1759   56.5669    6.1806
    0.5795   -0.7268    0.3687
    0.3139    0.6165    0.7220
   -0.7521   -0.3027    0.5855
...   146 C-G ...
  -16.4650   53.8949    7.5153
    0.5336   -0.3331    0.7774
   -0.0346    0.9098    0.4136
   -0.8450   -0.2476    0.4739
...   147 A-T ...
  -19.0171   52.0374    8.9260
    0.2452    0.2907    0.9249
   -0.3073    0.9281   -0.2103
   -0.9195   -0.2327    0.3169
