  147 base-pairs
...     1 A-T ...
    0.0000    0.0000    0.0000
    1.0000    0.0000    0.0000
    0.0000    1.0000    0.0000
    0.0000    0.0000    1.0000
...     2 G-C ...
   -0.1404   -1.2353    3.2259
    0.7530    0.6366    0.1668
   -0.6385    0.7681   -0.0490
   -0.1593   -0.0696    0.9848
...     3 T-A ...
   -0.0377   -3.2918    6.3749
    0.2722    0.9302    0.2464
   -0.9238    0.3243   -0.2034
   -0.2691   -0.1722    0.9476
...     4 G-C ...
   -0.3520   -4.1638    9.4928
   -0.3756    0.9250    0.0576
   -0.8780   -0.3352   -0.3416
   -0.2967   -0.1788    0.9381
...     5 A-T ...
   -0.4480   -4.1448   12.7498
   -0.8116    0.5839   -0.0166
   -0.5522   -0.7762   -0.3042
   -0.1905   -0.2377    0.9525
...     6 G-C ...
   -1.5926   -4.1701   15.6201
   -0.9976    0.0246   -0.0651
   -0.0043   -0.9555   -0.2950
   -0.0694   -0.2940    0.9533
...     7 C-G ...
   -1.1050   -4.4793   18.7363
   -0.8442   -0.5302   -0.0787
    0.5343   -0.8442   -0.0430
   -0.0437   -0.0784    0.9960
...     8 G-C ...
   -2.4044   -7.7255   23.1483
   -0.2753   -0.3294   -0.9032
    0.6650   -0.7437    0.0686
   -0.6943   -0.5817    0.4238
...     9 C-G ...
   -4.4706   -9.9691   24.1142
    0.1145   -0.7026   -0.7023
    0.8512   -0.2951    0.4341
   -0.5123   -0.6475    0.5642
...    10 T-A ...
   -6.7420  -10.8705   25.9717
    0.4841   -0.8363   -0.2573
    0.6594    0.1554    0.7356
   -0.5752   -0.5257    0.6267
...    11 C-G ...
   -9.1682  -12.6167   27.1662
    0.7073   -0.6683    0.2306
    0.3450    0.6110    0.7125
   -0.6170   -0.4243    0.6627
...    12 A-T ...
  -10.9253  -14.6583   29.0713
    0.7515   -0.1377    0.6452
   -0.2027    0.8824    0.4245
   -0.6278   -0.4498    0.6352
...    13 C-G ...
  -11.8495  -17.4796   31.2472
    0.4294    0.2824    0.8578
   -0.5708    0.8209    0.0155
   -0.6998   -0.4963    0.5137
...    14 A-T ...
  -13.5915  -19.7756   33.4284
   -0.1503    0.6106    0.7775
   -0.6874    0.5007   -0.5261
   -0.7106   -0.6135    0.3445
...    15 A-T ...
  -15.7681  -21.8947   34.5318
   -0.4957    0.7967    0.3458
   -0.4616    0.0956   -0.8819
   -0.7357   -0.5968    0.3203
...    16 T-A ...
  -17.9194  -23.8309   36.2890
   -0.6883    0.7075   -0.1601
   -0.1138   -0.3233   -0.9394
   -0.7164   -0.6284    0.3031
...    17 T-A ...
  -20.2736  -25.7101   37.6306
   -0.6405    0.3775   -0.6688
    0.3185   -0.6618   -0.6786
   -0.6988   -0.6477    0.3037
...    18 T-A ...
  -22.6385  -27.6336   38.6011
   -0.3134    0.0231   -0.9493
    0.5994   -0.7705   -0.2167
   -0.7365   -0.6370    0.2276
...    19 A-T ...
  -25.1325  -29.6271   38.9752
    0.1410   -0.1950   -0.9706
    0.6442   -0.7264    0.2395
   -0.7518   -0.6590    0.0232
...    20 T-A ...
  -27.9878  -31.2468   38.6855
    0.4554   -0.5100   -0.7297
    0.4817   -0.5482    0.6837
   -0.7487   -0.6629   -0.0040
...    21 T-A ...
  -30.5367  -33.2832   38.3487
    0.6565   -0.7150   -0.2402
    0.1346   -0.2023    0.9700
   -0.7422   -0.6692   -0.0366
...    22 C-G ...
  -32.8723  -35.5555   38.1055
    0.6377   -0.6849    0.3526
   -0.2820    0.2184    0.9342
   -0.7168   -0.6952   -0.0538
...    23 G-C ...
  -35.1681  -37.9324   38.6587
    0.4511   -0.3747    0.8100
   -0.6372    0.5002    0.5863
   -0.6249   -0.7806   -0.0131
...    24 C-G ...
  -36.9081  -40.6907   38.4951
    0.0846   -0.0211    0.9962
   -0.7800    0.6207    0.0794
   -0.6200   -0.7838    0.0361
...    25 A-T ...
  -39.3166  -42.9393   38.4017
   -0.3581    0.3571    0.8627
   -0.6812    0.5320   -0.5030
   -0.6386   -0.7677    0.0527
...    26 A-T ...
  -41.2811  -45.5499   38.7586
   -0.6902    0.5774    0.4362
   -0.3544    0.2558   -0.8994
   -0.6309   -0.7754    0.0281
...    27 A-T ...
  -43.2053  -48.1438   39.1893
   -0.7808    0.6055   -0.1542
    0.1238   -0.0921   -0.9880
   -0.6125   -0.7905   -0.0031
...    28 G-C ...
  -45.5103  -50.5599   39.5908
   -0.5553    0.5296   -0.6412
    0.4999   -0.4036   -0.7663
   -0.6646   -0.7461   -0.0406
...    29 G-C ...
  -48.1726  -52.7678   39.5389
   -0.1163    0.3274   -0.9377
    0.7131   -0.6297   -0.3083
   -0.6914   -0.7045   -0.1603
...    30 C-G ...
  -50.8002  -54.5988   38.8809
    0.3354    0.0163   -0.9419
    0.6500   -0.7277    0.2189
   -0.6819   -0.6857   -0.2546
...    31 C-G ...
  -53.2411  -56.5817   37.8231
    0.7007   -0.2967   -0.6489
    0.3430   -0.6574    0.6709
   -0.6256   -0.6927   -0.3589
...    32 G-C ...
  -54.7700  -58.9175   36.6215
    0.8484   -0.4919   -0.1957
   -0.0859   -0.4926    0.8660
   -0.5224   -0.7179   -0.4602
...    33 G-C ...
  -55.8329  -61.5306   34.7501
    0.6942   -0.6458    0.3176
   -0.5652   -0.2159    0.7962
   -0.4457   -0.7323   -0.5149
...    34 C-G ...
  -56.8194  -64.0736   32.9466
    0.2825   -0.6466    0.7086
   -0.8705    0.1376    0.4726
   -0.4031   -0.7503   -0.5240
...    35 C-G ...
  -57.8702  -66.8801   31.3421
   -0.2600   -0.4659    0.8458
   -0.8924    0.4506   -0.0261
   -0.3689   -0.7615   -0.5329
...    36 C-G ...
  -58.9232  -69.6127   29.6923
   -0.6960   -0.1307    0.7060
   -0.6131    0.6198   -0.4897
   -0.3736   -0.7738   -0.5115
...    37 G-C ...
  -60.3821  -71.4796   27.1356
   -0.8963    0.2835    0.3411
   -0.1019    0.6168   -0.7805
   -0.4316   -0.7343   -0.5240
...    38 A-T ...
  -61.4953  -73.8725   25.4530
   -0.7867    0.5974   -0.1556
    0.4493    0.3812   -0.8080
   -0.4234   -0.7055   -0.5683
...    39 C-G ...
  -63.2836  -76.0206   23.9118
   -0.4242    0.7564   -0.4979
    0.7861    0.0346   -0.6172
   -0.4496   -0.6532   -0.6092
...    40 A-T ...
  -64.9603  -78.0363   21.8914
    0.1199    0.7478   -0.6530
    0.8826   -0.3815   -0.2748
   -0.4547   -0.5434   -0.7057
...    41 C-G ...
  -66.7134  -79.2432   19.4554
    0.5771    0.5165   -0.6325
    0.7036   -0.7077    0.0640
   -0.4146   -0.4820   -0.7719
...    42 G-C ...
  -67.6656  -81.0562   16.8275
    0.9124    0.0932   -0.3984
    0.2401   -0.9103    0.3371
   -0.3313   -0.4032   -0.8530
...    43 A-T ...
  -68.6728  -82.2539   14.0724
    0.8869   -0.4450   -0.1244
   -0.3340   -0.8035    0.4928
   -0.3192   -0.3955   -0.8612
...    44 C-G ...
  -69.3204  -83.0179   10.9171
    0.5999   -0.7782    0.1857
   -0.7552   -0.4741    0.4527
   -0.2643   -0.4118   -0.8721
...    45 T-A ...
  -69.4502  -84.3938    7.5379
    0.0873   -0.9166    0.3902
   -0.9656    0.0184    0.2593
   -0.2448   -0.3995   -0.8835
...    46 T-A ...
  -69.6782  -85.5869    4.4767
   -0.4138   -0.8089    0.4176
   -0.8803    0.4725    0.0432
   -0.2323   -0.3497   -0.9076
...    47 A-T ...
  -70.6470  -86.4415    1.3733
   -0.8776   -0.3470    0.3307
   -0.4271    0.8792   -0.2110
   -0.2176   -0.3264   -0.9198
...    48 C-G ...
  -71.2100  -88.1222   -1.4545
   -0.9696    0.1667    0.1791
    0.0979    0.9352   -0.3403
   -0.2242   -0.3124   -0.9231
...    49 T-A ...
  -72.2318  -89.4763   -4.3578
   -0.7545    0.6544    0.0497
    0.5899    0.7094   -0.3858
   -0.2877   -0.2618   -0.9212
...    50 G-C ...
  -73.4176  -90.0739   -7.4632
   -0.2712    0.9623   -0.0206
    0.9040    0.2473   -0.3487
   -0.3304   -0.1131   -0.9370
...    51 T-A ...
  -75.0046  -90.3722  -10.2211
    0.2002    0.9757   -0.0887
    0.9275   -0.2179   -0.3038
   -0.3158   -0.0214   -0.9486
...    52 A-T ...
  -76.7504  -89.3295  -13.0305
    0.6621    0.7466    0.0644
    0.7277   -0.6200   -0.2935
   -0.1792    0.2412   -0.9538
...    53 G-C ...
  -77.6531  -88.2183  -15.9140
    0.9388    0.3422    0.0384
    0.3351   -0.8820   -0.3313
   -0.0795    0.3239   -0.9428
...    54 G-C ...
  -77.8560  -86.0995  -18.9210
    0.9812   -0.1855   -0.0533
   -0.1923   -0.9166   -0.3506
    0.0162    0.3542   -0.9350
...    55 T-A ...
  -77.3650  -84.5572  -21.7655
    0.7532   -0.6231   -0.2107
   -0.6560   -0.6881   -0.3101
    0.0483    0.3718   -0.9271
...    56 A-T ...
  -76.6004  -83.1093  -24.7479
    0.2565   -0.9133   -0.3165
   -0.9611   -0.2063   -0.1834
    0.1022    0.3512   -0.9307
...    57 T-A ...
  -75.4969  -81.8651  -27.6200
   -0.2502   -0.8824   -0.3985
   -0.9623    0.2721    0.0015
    0.1071    0.3839   -0.9172
...    58 C-G ...
  -74.8899  -80.7921  -30.7463
   -0.7771   -0.5343   -0.3326
   -0.6205    0.7391    0.2623
    0.1056    0.4102   -0.9058
...    59 T-A ...
  -74.5322  -79.7496  -33.8961
   -0.9891   -0.1012   -0.1073
   -0.1361    0.9069    0.3988
    0.0569    0.4090   -0.9107
...    60 C-G ...
  -74.3654  -78.3957  -36.9404
   -0.8956    0.4102    0.1720
    0.4440    0.8005    0.4025
    0.0274    0.4369   -0.8991
...    61 G-C ...
  -74.1624  -76.5255  -39.5969
   -0.5784    0.6360    0.5109
    0.8110    0.5159    0.2760
   -0.0880    0.5739   -0.8142
...    62 A-T ...
  -74.2539  -74.7004  -42.2720
   -0.0440    0.7530    0.6565
    0.9970    0.0746   -0.0186
   -0.0630    0.6538   -0.7541
...    63 G-C ...
  -74.8315  -72.2789  -44.4562
    0.4558    0.6303    0.6284
    0.8891   -0.2896   -0.3544
   -0.0414    0.7203   -0.6925
...    64 C-G ...
  -75.2923  -69.5360  -46.3722
    0.8729    0.3161    0.3717
    0.4879   -0.5690   -0.6619
    0.0023    0.7591   -0.6509
...    65 T-A ...
  -75.3964  -66.7833  -48.1837
    0.9977   -0.0585    0.0332
   -0.0103   -0.6204   -0.7842
    0.0665    0.7821   -0.6196
...    66 C-G ...
  -74.8227  -64.4006  -50.2935
    0.8224   -0.4239   -0.3793
   -0.5500   -0.4220   -0.7208
    0.1455    0.8014   -0.5802
...    67 G-C ...
  -74.6896  -62.1794  -52.8397
    0.3859   -0.6275   -0.6763
   -0.8968   -0.0830   -0.4346
    0.2166    0.7742   -0.5947
...    68 G-C ...
  -73.7146  -59.6407  -54.7770
   -0.1584   -0.6094   -0.7769
   -0.9647    0.2633   -0.0099
    0.2106    0.7479   -0.6296
...    69 G-C ...
  -72.8035  -57.3094  -56.9890
   -0.6617   -0.4400   -0.6071
   -0.7293    0.5658    0.3848
    0.1742    0.6973   -0.6953
...    70 A-T ...
  -72.0230  -55.1626  -59.4056
   -0.9636   -0.0259   -0.2659
   -0.2042    0.7130    0.6707
    0.1723    0.7007   -0.6924
...    71 T-A ...
  -71.5231  -53.3163  -62.1011
   -0.9368    0.3273    0.1238
    0.3127    0.6245    0.7157
    0.1569    0.7092   -0.6873
...    72 C-G ...
  -71.2058  -51.0578  -64.4775
   -0.5909    0.6050    0.5337
    0.7932    0.3153    0.5209
    0.1469    0.7311   -0.6662
...    73 C-G ...
  -70.8026  -48.8007  -66.8309
   -0.1394    0.5684    0.8109
    0.9806   -0.0347    0.1930
    0.1378    0.8220   -0.5525
...    74 G-C ...
  -69.9366  -46.0384  -68.3817
    0.3473    0.3207    0.8812
    0.9231   -0.2825   -0.2610
    0.1652    0.9041   -0.3941
...    75 C-G ...
  -69.7695  -42.7334  -69.3633
    0.7984    0.0778    0.5970
    0.5737   -0.3994   -0.7151
    0.1828    0.9135   -0.3636
...    76 T-A ...
  -69.0149  -39.4249  -69.9843
    0.9763   -0.1808    0.1193
    0.0559   -0.3220   -0.9451
    0.2093    0.9293   -0.3042
...    77 T-A ...
  -68.2214  -36.3222  -70.5529
    0.8418   -0.3143   -0.4389
   -0.5020   -0.1568   -0.8505
    0.1985    0.9363   -0.2898
...    78 T-A ...
  -67.3805  -33.2687  -71.2295
    0.4267   -0.3389   -0.8385
   -0.8828    0.0454   -0.4676
    0.1965    0.9397   -0.2798
...    79 A-T ...
  -67.2204  -30.1366  -72.1925
   -0.1429   -0.2153   -0.9660
   -0.9700    0.2246    0.0934
    0.1968    0.9504   -0.2409
...    80 A-T ...
  -66.4154  -27.1667  -73.0046
   -0.6397   -0.0628   -0.7661
   -0.7457    0.2925    0.5987
    0.1865    0.9542   -0.2340
...    81 C-G ...
  -65.4779  -24.2386  -74.3151
   -0.9327    0.0885   -0.3497
   -0.3133    0.2817    0.9069
    0.1788    0.9554   -0.2350
...    82 A-T ...
  -64.9837  -21.1098  -75.2230
   -0.9650    0.1444    0.2190
    0.2443    0.1907    0.9508
    0.0955    0.9710   -0.2193
...    83 C-G ...
  -65.1322  -17.9981  -76.4796
   -0.7188    0.1876    0.6694
    0.6913    0.0911    0.7168
    0.0735    0.9780   -0.1952
...    84 T-A ...
  -65.6122  -14.5289  -77.3207
   -0.2446    0.1485    0.9582
    0.9675   -0.0283    0.2513
    0.0644    0.9885   -0.1367
...    85 T-A ...
  -65.8381  -11.3171  -77.6848
    0.3281    0.0943    0.9399
    0.9418   -0.1098   -0.3178
    0.0732    0.9895   -0.1248
...    86 T-A ...
  -65.7796   -8.1109  -77.9210
    0.7801   -0.0245    0.6252
    0.6174   -0.1323   -0.7755
    0.1018    0.9909   -0.0881
...    87 A-T ...
  -65.2341   -4.8955  -78.1163
    0.9643   -0.2123    0.1585
    0.1469   -0.0694   -0.9867
    0.2205    0.9747   -0.0357
...    88 T-A ...
  -64.5026   -1.8025  -77.4448
    0.9149   -0.2658   -0.3038
   -0.2982    0.0622   -0.9525
    0.2721    0.9620   -0.0223
...    89 G-C ...
  -63.2775    1.2932  -77.4000
    0.5236   -0.2669   -0.8091
   -0.7727    0.2513   -0.5829
    0.3590    0.9304   -0.0747
...    90 C-G ...
  -61.6651    4.1456  -77.7549
    0.0114   -0.1194   -0.9928
   -0.9302    0.3631   -0.0544
    0.3670    0.9241   -0.1069
...    91 T-A ...
  -60.2237    7.0696  -78.1598
   -0.4687    0.0745   -0.8802
   -0.7992    0.3889    0.4584
    0.3765    0.9183   -0.1227
...    92 C-G ...
  -58.9785   10.0449  -78.7316
   -0.8241    0.2660   -0.5001
   -0.4285    0.2845    0.8576
    0.3704    0.9210   -0.1205
...    93 A-T ...
  -57.5504   13.0492  -79.2170
   -0.9583    0.2831    0.0385
    0.0792    0.1340    0.9878
    0.2745    0.9497   -0.1509
...    94 T-A ...
  -56.8925   16.0778  -80.1539
   -0.8131    0.2761    0.5125
    0.5291   -0.0169    0.8484
    0.2429    0.9610   -0.1324
...    95 G-C ...
  -56.3878   19.4591  -80.7476
   -0.4161    0.1200    0.9014
    0.8846   -0.1762    0.4318
    0.2106    0.9770   -0.0329
...    96 T-A ...
  -56.4005   22.7663  -80.9612
    0.0655   -0.0196    0.9977
    0.9741   -0.2154   -0.0682
    0.2162    0.9763    0.0050
...    97 T-A ...
  -55.8947   25.8480  -80.7271
    0.5283   -0.2033    0.8244
    0.8127   -0.1601   -0.5603
    0.2459    0.9659    0.0806
...    98 A-T ...
  -54.9274   28.9100  -80.2611
    0.8064   -0.4046    0.4312
    0.4678   -0.0095   -0.8838
    0.3617    0.9144    0.1816
...    99 T-A ...
  -53.9957   31.6991  -78.9646
    0.9299   -0.3653   -0.0423
    0.0329    0.1971   -0.9798
    0.3662    0.9098    0.1953
...   100 A-T ...
  -52.6608   34.6456  -78.4259
    0.7750   -0.2899   -0.5616
   -0.4285    0.4122   -0.8041
    0.4645    0.8638    0.1952
...   101 A-T ...
  -51.0328   37.2543  -77.6639
    0.4211   -0.0401   -0.9061
   -0.7653    0.5206   -0.3786
    0.4869    0.8529    0.1885
...   102 C-G ...
  -48.7100   39.7161  -76.9661
   -0.0435    0.2588   -0.9650
   -0.8706    0.4639    0.1636
    0.4900    0.8473    0.2051
...   103 G-C ...
  -47.3994   42.6558  -76.4752
   -0.5582    0.4191   -0.7161
   -0.6758    0.2712    0.6854
    0.4814    0.8665    0.1318
...   104 G-C ...
  -45.8134   45.5322  -76.3352
   -0.8581    0.4320   -0.2775
   -0.2902    0.0378    0.9562
    0.4236    0.9011    0.0929
...   105 A-T ...
  -44.3359   48.5095  -76.2982
   -0.8695    0.3667    0.3309
    0.2597   -0.2306    0.9378
    0.4202    0.9013    0.1053
...   106 T-A ...
  -43.3121   51.6605  -76.5722
   -0.6375    0.1986    0.7444
    0.6440   -0.3931    0.6564
    0.4230    0.8978    0.1227
...   107 T-A ...
  -42.1584   54.7223  -76.3397
   -0.2185   -0.0801    0.9725
    0.8767   -0.4538    0.1596
    0.4285    0.8875    0.1694
...   108 C-G ...
  -41.0073   57.6778  -75.5930
    0.2333   -0.4068    0.8832
    0.8649   -0.3284   -0.3797
    0.4445    0.8525    0.2752
...   109 C-G ...
  -39.7692   60.5805  -74.7086
    0.5478   -0.6458    0.5318
    0.6416   -0.0837   -0.7625
    0.5369    0.7589    0.3685
...   110 G-C ...
  -37.8605   62.6603  -73.5887
    0.7010   -0.7118    0.0448
    0.3417    0.2799   -0.8972
    0.6260    0.6442    0.4394
...   111 G-C ...
  -35.3853   64.1808  -71.9168
    0.7277   -0.5019   -0.4675
   -0.0239    0.6626   -0.7486
    0.6854    0.5559    0.4703
...   112 C-G ...
  -32.7368   65.3766  -70.2220
    0.5830   -0.0833   -0.8082
   -0.3791    0.8519   -0.3614
    0.7185    0.5171    0.4651
...   113 T-A ...
  -30.2603   66.8477  -68.6705
    0.3083    0.3764   -0.8737
   -0.5987    0.7905    0.1293
    0.7393    0.4832    0.4690
...   114 C-G ...
  -27.9569   68.6700  -67.2450
   -0.0929    0.7702   -0.6310
   -0.6418    0.4382    0.6293
    0.7612    0.4635    0.4536
...   115 G-C ...
  -25.7710   70.2521  -65.3885
   -0.4612    0.8718   -0.1652
   -0.4873   -0.0933    0.8682
    0.7415    0.4810    0.4679
...   116 T-A ...
  -23.3251   72.2006  -64.3226
   -0.6726    0.6778    0.2969
   -0.1859   -0.5431    0.8188
    0.7163    0.4955    0.4913
...   117 A-T ...
  -20.9643   74.3285  -63.0223
   -0.7252    0.2193    0.6527
    0.2124   -0.8305    0.5150
    0.6549    0.5121    0.5557
...   118 T-A ...
  -19.1879   76.5398  -61.5037
   -0.5464   -0.2135    0.8099
    0.5185   -0.8456    0.1269
    0.6577    0.4892    0.5727
...   119 A-T ...
  -17.2449   78.0855  -59.4421
   -0.3657   -0.6676    0.6485
    0.7351   -0.6345   -0.2388
    0.5709    0.3894    0.7228
...   120 A-T ...
  -15.6847   79.3156  -56.9027
    0.0139   -0.9435    0.3310
    0.8354   -0.1710   -0.5223
    0.5494    0.2838    0.7859
...   121 T-A ...
  -14.4344   80.1329  -53.9651
    0.4015   -0.9158    0.0003
    0.7363    0.3226   -0.5947
    0.5446    0.2390    0.8039
...   122 G-C ...
  -12.6264   80.4573  -51.0707
    0.6657   -0.6130   -0.4255
    0.4411    0.7832   -0.4382
    0.6019    0.1040    0.7918
...   123 T-A ...
  -10.6692   80.1237  -48.5138
    0.7938   -0.1691   -0.5842
    0.1056    0.9843   -0.1414
    0.5990    0.0506    0.7992
...   124 G-C ...
   -8.5556   80.1384  -46.0036
    0.7002    0.4193   -0.5779
   -0.3275    0.9078    0.2619
    0.6344    0.0059    0.7730
...   125 T-A ...
   -6.2814   79.6508  -43.7193
    0.4340    0.8248   -0.3624
   -0.6325    0.5654    0.5294
    0.6415   -0.0005    0.7671
...   126 C-G ...
   -4.1929   79.6422  -41.3481
    0.0016    0.9994    0.0334
   -0.7660   -0.0202    0.6425
    0.6428   -0.0266    0.7656
...   127 G-C ...
   -2.6520   79.3574  -38.5268
   -0.4320    0.8506    0.2997
   -0.6910   -0.5257    0.4961
    0.5795    0.0072    0.8149
...   128 A-T ...
   -0.6892   79.1620  -36.1055
   -0.7572    0.4035    0.5136
   -0.3573   -0.9142    0.1914
    0.5467   -0.0386    0.8364
...   129 C-G ...
    1.1117   79.7353  -33.4144
   -0.8646   -0.1197    0.4880
    0.0731   -0.9908   -0.1135
    0.4971   -0.0624    0.8654
...   130 C-G ...
    2.1494   80.0255  -30.1697
   -0.8000   -0.5578    0.2208
    0.4834   -0.8173   -0.3136
    0.3554   -0.1441    0.9235
...   131 A-T ...
    2.5829   78.9305  -27.0241
   -0.5968   -0.7708   -0.2229
    0.7902   -0.5163   -0.3301
    0.1394   -0.3732    0.9172
...   132 A-T ...
    2.7660   77.6191  -24.0531
   -0.0946   -0.8982   -0.4294
    0.9914   -0.0460   -0.1222
    0.0900   -0.4373    0.8948
...   133 A-T ...
    2.6345   76.1140  -21.1195
    0.5009   -0.7695   -0.3961
    0.8629    0.4793    0.1602
    0.0666   -0.4220    0.9041
...   134 T-A ...
    2.3076   74.2308  -18.3903
    0.8657   -0.4293   -0.2574
    0.4984    0.7868    0.3641
    0.0462   -0.4435    0.8951
...   135 G-C ...
    1.4354   72.0970  -15.6051
    0.9809    0.0621    0.1843
   -0.1263    0.9241    0.3607
   -0.1479   -0.3771    0.9143
...   136 T-A ...
    0.5280   69.2393  -13.4689
    0.7351    0.4963    0.4618
   -0.6117    0.7792    0.1365
   -0.2921   -0.3828    0.8764
...   137 G-C ...
   -0.1659   67.4106  -10.8096
    0.1800    0.8794    0.4408
   -0.9276    0.3008   -0.2214
   -0.3274   -0.3691    0.8698
...   138 A-T ...
   -0.1321   66.2180   -7.8217
   -0.3749    0.8570    0.3536
   -0.8857   -0.2184   -0.4098
   -0.2739   -0.4668    0.8409
...   139 G-C ...
   -1.0069   65.6075   -4.9425
   -0.8336    0.5218    0.1811
   -0.5170   -0.6220   -0.5881
   -0.1942   -0.5839    0.7883
...   140 C-G ...
   -0.6974   63.9004   -2.2529
   -0.9992    0.0157   -0.0376
    0.0023   -0.8993   -0.4374
   -0.0406   -0.4371    0.8985
...   141 G-C ...
   -3.4382   60.2386    1.0283
   -0.4425    0.2285   -0.8672
    0.1683   -0.9287   -0.3306
   -0.8808   -0.2922    0.3725
...   142 C-G ...
   -6.3288   59.0834    1.6293
   -0.2970   -0.3280   -0.8968
    0.5656   -0.8171    0.1115
   -0.7693   -0.4741    0.4282
...   143 T-A ...
   -8.6768   58.7243    3.6023
   -0.0347   -0.7817   -0.6227
    0.6533   -0.4893    0.5778
   -0.7563   -0.3868    0.5276
...   144 C-G ...
  -11.6544   58.0114    4.7192
    0.2451   -0.9542   -0.1716
    0.6322    0.0231    0.7745
   -0.7350   -0.2983    0.6089
...   145 A-T ...
  -14.1760   56.5669    6.1806
    0.5795   -0.7268    0.3687
    0.3139    0.6165    0.7220
   -0.7521   -0.3027    0.5855
...   146 C-G ...
  -16.4651   53.8950    7.5152
    0.5336   -0.3331    0.7774
   -0.0346    0.9098    0.4136
   -0.8450   -0.2476    0.4739
...   147 A-T ...
  -19.0172   52.0375    8.9260
    0.2452    0.2907    0.9249
   -0.3073    0.9281   -0.2103
   -0.9195   -0.2327    0.3169
