  147 base-pairs
...     1 A-T ...
    0.0000    0.0000    0.0000
    1.0000    0.0000    0.0000
    0.0000    1.0000    0.0000
    0.0000    0.0000    1.0000
...     2 G-C ...
   -0.1404   -1.2353    3.2259
    0.7530    0.6366    0.1668
   -0.6385    0.7681   -0.0490
   -0.1593   -0.0696    0.9848
...     3 T-A ...
   -0.0377   -3.2918    6.3749
    0.2722    0.9302    0.2464
   -0.9238    0.3243   -0.2034
   -0.2691   -0.1722    0.9476
...     4 G-C ...
   -0.3520   -4.1638    9.4928
   -0.3756    0.9250    0.0576
   -0.8780   -0.3352   -0.3416
   -0.2967   -0.1788    0.9381
...     5 A-T ...
   -0.4480   -4.1448   12.7498
   -0.8116    0.5839   -0.0166
   -0.5522   -0.7762   -0.3042
   -0.1905   -0.2377    0.9525
...     6 G-C ...
   -1.5926   -4.1701   15.6201
   -0.9976    0.0246   -0.0651
   -0.0043   -0.9555   -0.2950
   -0.0694   -0.2940    0.9533
...     7 C-G ...
   -1.1050   -4.4793   18.7363
   -0.8442   -0.5302   -0.0787
    0.5343   -0.8442   -0.0430
   -0.0437   -0.0784    0.9960
...     8 G-C ...
   -2.4044   -7.7255   23.1483
   -0.2753   -0.3294   -0.9032
    0.6650   -0.7437    0.0686
   -0.6943   -0.5817    0.4238
...     9 C-G ...
   -4.4706   -9.9691   24.1142
    0.1145   -0.7026   -0.7023
    0.8512   -0.2951    0.4341
   -0.5123   -0.6475    0.5642
...    10 T-A ...
   -6.7420  -10.8705   25.9717
    0.4841   -0.8363   -0.2573
    0.6594    0.1554    0.7356
   -0.5752   -0.5257    0.6267
...    11 C-G ...
   -9.1682  -12.6167   27.1662
    0.7073   -0.6683    0.2306
    0.3450    0.6110    0.7125
   -0.6170   -0.4243    0.6627
...    12 A-T ...
  -10.9253  -14.6583   29.0713
    0.7515   -0.1377    0.6452
   -0.2027    0.8824    0.4245
   -0.6278   -0.4498    0.6352
...    13 C-G ...
  -11.8495  -17.4796   31.2472
    0.4294    0.2824    0.8578
   -0.5708    0.8209    0.0155
   -0.6998   -0.4963    0.5137
...    14 A-T ...
  -13.5915  -19.7756   33.4284
   -0.1503    0.6106    0.7775
   -0.6874    0.5007   -0.5261
   -0.7106   -0.6135    0.3445
...    15 A-T ...
  -15.6843  -21.8698   34.7591
   -0.5126    0.7764    0.3666
   -0.4750    0.0992   -0.8744
   -0.7153   -0.6224    0.3179
...    16 T-A ...
  -17.7707  -23.7868   36.4127
   -0.6689    0.7354   -0.1082
   -0.1567   -0.2818   -0.9466
   -0.7266   -0.6162    0.3038
...    17 T-A ...
  -20.1299  -25.6260   37.6226
   -0.6169    0.4991   -0.6086
    0.2311   -0.6243   -0.7462
   -0.7523   -0.6010    0.2698
...    18 T-A ...
  -22.6832  -27.3332   38.5862
   -0.3542    0.1338   -0.9255
    0.5182   -0.7958   -0.3134
   -0.7785   -0.5906    0.2126
...    19 A-T ...
  -25.7484  -28.6665   38.9534
    0.1095   -0.1101   -0.9879
    0.5757   -0.8032    0.1533
   -0.8103   -0.5855   -0.0246
...    20 T-A ...
  -28.6828  -30.0183   38.5365
    0.4014   -0.4571   -0.7937
    0.4376   -0.6656    0.6046
   -0.8046   -0.5900   -0.0671
...    21 T-A ...
  -31.3484  -31.7636   38.0151
    0.5932   -0.7270   -0.3457
    0.1324   -0.3355    0.9327
   -0.7941   -0.5990   -0.1027
...    22 C-G ...
  -33.7743  -33.8511   37.4646
    0.5862   -0.7740    0.2393
   -0.2566    0.1027    0.9610
   -0.7685   -0.6247   -0.1385
...    23 G-C ...
  -36.2726  -36.0067   37.4295
    0.4061   -0.5518    0.7284
   -0.5799    0.4604    0.6721
   -0.7062   -0.6954   -0.1330
...    24 C-G ...
  -38.2955  -38.5581   36.8727
    0.0447   -0.2101    0.9767
   -0.7178    0.6732    0.1777
   -0.6948   -0.7090   -0.1207
...    25 A-T ...
  -40.7484  -40.7039   36.4560
   -0.3269    0.2400    0.9141
   -0.6264    0.6692   -0.3997
   -0.7077   -0.7032   -0.0684
...    26 A-T ...
  -42.8540  -43.1809   36.4081
   -0.6392    0.5520    0.5355
   -0.3192    0.4431   -0.8377
   -0.6997   -0.7064   -0.1070
...    27 A-T ...
  -45.0744  -45.5405   36.3357
   -0.7068    0.7073   -0.0105
    0.1009    0.0861   -0.9912
   -0.7002   -0.7016   -0.1322
...    28 G-C ...
  -47.5127  -47.7239   36.1869
   -0.4938    0.7235   -0.4823
    0.4496   -0.2623   -0.8538
   -0.7443   -0.6385   -0.1958
...    29 G-C ...
  -50.2810  -49.5754   35.7493
   -0.0985    0.5736   -0.8132
    0.6272   -0.5987   -0.4983
   -0.7726   -0.5591   -0.3008
...    30 C-G ...
  -53.0863  -50.9254   34.7919
    0.3032    0.2368   -0.9230
    0.5723   -0.8197   -0.0223
   -0.7619   -0.5215   -0.3841
...    31 C-G ...
  -55.7139  -52.2071   33.1350
    0.6418   -0.1428   -0.7535
    0.3034   -0.8550    0.4205
   -0.7043   -0.4985   -0.5054
...    32 G-C ...
  -57.6738  -54.1041   31.2670
    0.7937   -0.4982   -0.3491
   -0.1364   -0.7050    0.6960
   -0.5928   -0.5048   -0.6275
...    33 G-C ...
  -59.2135  -55.7387   28.7474
    0.6474   -0.7541    0.1106
   -0.5673   -0.3799    0.7306
   -0.5089   -0.5357   -0.6738
...    34 C-G ...
  -60.4679  -57.5525   26.2826
    0.2514   -0.8304    0.4971
   -0.8438    0.0635    0.5329
   -0.4741   -0.5535   -0.6848
...    35 C-G ...
  -61.7591  -59.6373   23.9748
   -0.2249   -0.6452    0.7302
   -0.8600    0.4837    0.1624
   -0.4580   -0.5914   -0.6637
...    36 C-G ...
  -63.0953  -61.8398   21.8067
   -0.6324   -0.2586    0.7302
   -0.6060    0.7523   -0.2584
   -0.4825   -0.6059   -0.6325
...    37 G-C ...
  -64.8353  -63.4244   19.4717
   -0.8203    0.2446    0.5171
   -0.1472    0.7833   -0.6040
   -0.5527   -0.5715   -0.6065
...    38 A-T ...
  -66.5415  -65.3933   17.5167
   -0.7360    0.6687    0.1057
    0.3606    0.5194   -0.7747
   -0.5729   -0.5321   -0.6234
...    39 C-G ...
  -68.7450  -67.2557   15.9710
   -0.4278    0.8649   -0.2626
    0.6853    0.1209   -0.7182
   -0.5894   -0.4872   -0.6444
...    40 A-T ...
  -70.7894  -68.7572   13.8153
    0.0894    0.8685   -0.4876
    0.7927   -0.3584   -0.4931
   -0.6030   -0.3424   -0.7205
...    41 C-G ...
  -73.1615  -69.3863   11.6863
    0.5082    0.6048   -0.6131
    0.6364   -0.7434   -0.2057
   -0.5802   -0.2856   -0.7627
...    42 G-C ...
  -74.7481  -70.2578    8.9233
    0.8516    0.1814   -0.4917
    0.2499   -0.9652    0.0766
   -0.4607   -0.1881   -0.8674
...    43 A-T ...
  -76.0669  -70.6854    5.9869
    0.8706   -0.3778   -0.3152
   -0.2873   -0.9104    0.2977
   -0.3994   -0.1687   -0.9011
...    44 C-G ...
  -76.9305  -70.7331    2.8053
    0.6191   -0.7791   -0.0986
   -0.6995   -0.6042    0.3816
   -0.3568   -0.1673   -0.9191
...    45 T-A ...
  -77.6823  -71.2329   -0.3646
    0.1882   -0.9719    0.1411
   -0.9333   -0.1323    0.3338
   -0.3058   -0.1945   -0.9320
...    46 T-A ...
  -78.3080  -71.8247   -3.5061
   -0.3846   -0.8862    0.2582
   -0.8765    0.4384    0.1990
   -0.2895   -0.1497   -0.9454
...    47 A-T ...
  -79.4959  -71.9580   -6.6295
   -0.8526   -0.4384    0.2846
   -0.4518    0.8919    0.0203
   -0.2627   -0.1113   -0.9584
...    48 C-G ...
  -80.2388  -72.9085   -9.7161
   -0.9604    0.0792    0.2671
    0.0495    0.9920   -0.1162
   -0.2742   -0.0983   -0.9566
...    49 T-A ...
  -81.3396  -73.4812  -12.7691
   -0.7857    0.5737    0.2315
    0.5311    0.8174   -0.2231
   -0.3172   -0.0524   -0.9469
...    50 G-C ...
  -82.5042  -73.4710  -15.8731
   -0.3394    0.9171    0.2091
    0.8654    0.3916   -0.3126
   -0.3686    0.0749   -0.9266
...    51 T-A ...
  -84.2744  -73.2279  -18.6049
    0.1537    0.9842    0.0882
    0.9211   -0.1104   -0.3733
   -0.3577    0.1386   -0.9235
...    52 A-T ...
  -85.8565  -72.2172  -21.3766
    0.6400    0.7628    0.0922
    0.7208   -0.5545   -0.4159
   -0.2661    0.3327   -0.9047
...    53 G-C ...
  -86.8143  -70.7376  -24.1397
    0.9326    0.3594   -0.0318
    0.3101   -0.8435   -0.4385
   -0.1844    0.3991   -0.8982
...    54 G-C ...
  -87.1143  -68.8852  -26.9427
    0.9740   -0.1625   -0.1581
   -0.2151   -0.8825   -0.4182
   -0.0715    0.4413   -0.8945
...    55 T-A ...
  -86.9818  -66.9450  -29.5942
    0.7369   -0.5955   -0.3199
   -0.6752   -0.6707   -0.3070
   -0.0317    0.4423   -0.8963
...    56 A-T ...
  -87.0784  -65.5600  -32.6003
    0.2176   -0.8812   -0.4197
   -0.9760   -0.1949   -0.0968
    0.0035    0.4307   -0.9025
...    57 T-A ...
  -86.3511  -64.1595  -35.5052
   -0.2972   -0.8515   -0.4320
   -0.9547    0.2701    0.1246
    0.0105    0.4495   -0.8932
...    58 C-G ...
  -86.2178  -62.7841  -38.4700
   -0.7931   -0.5429   -0.2763
   -0.6091    0.7114    0.3505
    0.0062    0.4463   -0.8949
...    59 T-A ...
  -86.1638  -61.6263  -41.5587
   -0.9919   -0.1248   -0.0228
   -0.1218    0.8876    0.4442
   -0.0352    0.4434   -0.8956
...    60 C-G ...
  -86.2945  -60.2803  -44.5274
   -0.8835    0.3855    0.2660
    0.4643    0.7957    0.3890
   -0.0617    0.4672   -0.8820
...    61 G-C ...
  -86.3184  -58.4759  -47.2943
   -0.4949    0.6712    0.5519
    0.8590    0.4739    0.1940
   -0.1313    0.5701   -0.8110
...    62 A-T ...
  -86.8714  -56.6432  -49.9038
    0.0719    0.7792    0.6226
    0.9889    0.0254   -0.1461
   -0.1296    0.6262   -0.7688
...    63 G-C ...
  -87.6080  -54.4286  -52.2033
    0.5561    0.6252    0.5476
    0.8266   -0.3475   -0.4427
   -0.0865    0.6988   -0.7100
...    64 C-G ...
  -88.1013  -51.8276  -54.1215
    0.9065    0.3051    0.2917
    0.4208   -0.5983   -0.6819
   -0.0335    0.7409   -0.6707
...    65 T-A ...
  -88.1069  -49.1048  -55.9520
    0.9956   -0.0890   -0.0294
   -0.0794   -0.6341   -0.7692
    0.0498    0.7681   -0.6384
...    66 C-G ...
  -87.6962  -46.5570  -57.9251
    0.7771   -0.4570   -0.4328
   -0.6212   -0.4466   -0.6439
    0.1010    0.7693   -0.6309
...    67 G-C ...
  -87.4266  -44.2847  -60.3099
    0.3106   -0.6910   -0.6527
   -0.9317   -0.0854   -0.3530
    0.1882    0.7178   -0.6704
...    68 G-C ...
  -86.4141  -42.0278  -62.5916
   -0.2380   -0.6725   -0.7008
   -0.9492    0.3140    0.0211
    0.2059    0.6702   -0.7130
...    69 G-C ...
  -85.4750  -39.9893  -65.0963
   -0.7153   -0.4406   -0.5424
   -0.6759    0.6335    0.3766
    0.1777    0.6360   -0.7510
...    70 A-T ...
  -84.7879  -37.9838  -67.5819
   -0.9764   -0.0068   -0.2160
   -0.1441    0.7654    0.6272
    0.1611    0.6435   -0.7483
...    71 T-A ...
  -84.3382  -36.4152  -70.4442
   -0.9193    0.3748    0.1198
    0.3555    0.6605    0.6613
    0.1687    0.6506   -0.7405
...    72 C-G ...
  -83.8710  -34.3490  -72.9205
   -0.5642    0.6507    0.5082
    0.8121    0.3262    0.4838
    0.1491    0.6856   -0.7125
...    73 C-G ...
  -83.7841  -32.0604  -75.3916
   -0.0870    0.6410    0.7626
    0.9868   -0.0494    0.1541
    0.1365    0.7660   -0.6282
...    74 G-C ...
  -83.0964  -29.4486  -77.2928
    0.4076    0.3888    0.8263
    0.8954   -0.3476   -0.2782
    0.1790    0.8533   -0.4898
...    75 C-G ...
  -82.8182  -26.4256  -78.5080
    0.7958    0.0892    0.5989
    0.5624   -0.4752   -0.6766
    0.2243    0.8753   -0.4284
...    76 T-A ...
  -82.0708  -23.3792  -79.4689
    0.9475   -0.2309    0.2213
    0.1097   -0.4152   -0.9031
    0.3004    0.8799   -0.3681
...    77 T-A ...
  -81.0357  -20.4392  -80.3373
    0.8517   -0.4297   -0.2999
   -0.4157   -0.2057   -0.8859
    0.3190    0.8792   -0.3538
...    78 T-A ...
  -79.7976  -17.5669  -81.1938
    0.4872   -0.4636   -0.7401
   -0.8105    0.0756   -0.5809
    0.3253    0.8828   -0.3389
...    79 A-T ...
  -78.8119  -14.6437  -82.3972
   -0.0733   -0.3491   -0.9342
   -0.9368    0.3454   -0.0555
    0.3420    0.8711   -0.3524
...    80 A-T ...
  -77.3973  -11.9711  -83.5927
   -0.5713   -0.0722   -0.8175
   -0.7411    0.4734    0.4761
    0.3526    0.8779   -0.3240
...    81 C-G ...
  -75.9313   -9.4111  -85.0931
   -0.8727    0.1641   -0.4598
   -0.3509    0.4440    0.8244
    0.3395    0.8809   -0.3299
...    82 A-T ...
  -74.8689   -6.4411  -86.0581
   -0.9508    0.2947    0.0956
    0.1850    0.2924    0.9382
    0.2486    0.9097   -0.3326
...    83 C-G ...
  -74.3885   -3.6087  -87.6559
   -0.7408    0.3675    0.5623
    0.6337    0.1044    0.7665
    0.2230    0.9242   -0.3102
...    84 T-A ...
  -74.0499   -0.5345  -88.7645
   -0.3499    0.2933    0.8897
    0.9179   -0.0823    0.3881
    0.1871    0.9525   -0.2404
...    85 T-A ...
  -73.7399    2.5831  -89.5440
    0.1861    0.1652    0.9685
    0.9635   -0.2239   -0.1469
    0.1926    0.9605   -0.2009
...    86 T-A ...
  -73.3647    5.7509  -90.0263
    0.6608   -0.0220    0.7502
    0.7192   -0.2674   -0.6413
    0.2147    0.9633   -0.1609
...    87 A-T ...
  -72.6892    9.0080  -89.9689
    0.8835   -0.3106    0.3507
    0.3119   -0.1686   -0.9350
    0.3496    0.9355   -0.0521
...    88 T-A ...
  -71.6038   12.0486  -89.4280
    0.9174   -0.3707   -0.1448
   -0.1492    0.0170   -0.9887
    0.3690    0.9286   -0.0397
...    89 G-C ...
  -70.1374   14.9968  -89.7172
    0.6492   -0.3952   -0.6498
   -0.5984    0.2619   -0.7572
    0.4695    0.8804   -0.0664
...    90 T-A ...
  -68.1207   17.6077  -89.5906
    0.2507   -0.2234   -0.9419
   -0.8359    0.4407   -0.3270
    0.4882    0.8694   -0.0762
...    91 C-G ...
  -66.3893   20.3544  -89.9398
   -0.2774    0.0631   -0.9587
   -0.8206    0.5034    0.2706
    0.4997    0.8617   -0.0879
...    92 A-T ...
  -64.9177   23.2911  -90.1670
   -0.7180    0.2762   -0.6389
   -0.5186    0.4000    0.7557
    0.4643    0.8739   -0.1440
...    93 T-A ...
  -63.1859   25.8883  -91.2430
   -0.8745    0.4496   -0.1816
   -0.0995    0.2002    0.9747
    0.4746    0.8705   -0.1304
...    94 G-C ...
  -61.7541   28.8479  -91.5531
   -0.8341    0.3945    0.3856
    0.3889   -0.0753    0.9182
    0.3913    0.9158   -0.0906
...    95 T-A ...
  -60.8866   31.9304  -92.3106
   -0.5470    0.2635    0.7946
    0.7481   -0.2720    0.6053
    0.3755    0.9255   -0.0483
...    96 T-A ...
  -59.9311   35.0059  -92.5504
   -0.0766    0.0391    0.9963
    0.9230   -0.3751    0.0857
    0.3770    0.9262   -0.0073
...    97 A-T ...
  -59.1844   38.2415  -92.1791
    0.3026   -0.3261    0.8956
    0.8614   -0.3086   -0.4034
    0.4079    0.8935    0.1876
...    98 T-A ...
  -58.3856   41.2183  -91.1150
    0.6623   -0.4668    0.5860
    0.6171   -0.1037   -0.7800
    0.4249    0.8783    0.2194
...    99 A-T ...
  -56.9623   43.9352  -89.8381
    0.8029   -0.5912    0.0758
    0.2342    0.1960   -0.9522
    0.5481    0.7823    0.2959
...   100 A-T ...
  -55.1379   46.2919  -88.5810
    0.7945   -0.4000   -0.4570
   -0.2250    0.5050   -0.8333
    0.5641    0.7648    0.3112
...   101 C-G ...
  -52.9735   48.3417  -87.1591
    0.5628   -0.1056   -0.8198
   -0.5772    0.6598   -0.4812
    0.5917    0.7440    0.3104
...   102 G-C ...
  -51.1878   51.0403  -86.4685
    0.1171    0.2205   -0.9683
   -0.7563    0.6517    0.0570
    0.6437    0.7257    0.2431
...   103 G-C ...
  -48.7847   53.3156  -85.8617
   -0.3334    0.4980   -0.8005
   -0.6896    0.4502    0.5673
    0.6429    0.7411    0.1933
...   104 A-T ...
  -46.5768   55.6598  -85.2834
   -0.6745    0.6616   -0.3276
   -0.3785    0.0710    0.9229
    0.6338    0.7465    0.2025
...   105 C-G ...
  -44.4258   58.1761  -85.2200
   -0.7847    0.5925    0.1822
    0.0084   -0.2837    0.9589
    0.6198    0.7540    0.2176
...   106 T-A ...
  -42.5618   60.8525  -84.7440
   -0.7168    0.3174    0.6209
    0.3935   -0.5509    0.7359
    0.5756    0.7718    0.2700
...   107 T-A ...
  -40.8690   63.5054  -84.0142
   -0.4153   -0.0598    0.9077
    0.7108   -0.6441    0.2827
    0.5677    0.7626    0.3100
...   108 C-G ...
  -39.1604   66.0326  -82.9324
   -0.0017   -0.4681    0.8837
    0.8270   -0.4975   -0.2619
    0.5622    0.7304    0.3879
...   109 C-G ...
  -37.6403   68.5171  -81.2537
    0.3353   -0.7485    0.5721
    0.7358   -0.1712   -0.6552
    0.5884    0.6407    0.4933
...   110 G-C ...
  -35.4188   70.2959  -79.5711
    0.5653   -0.8222    0.0667
    0.5104    0.2851   -0.8113
    0.6481    0.4926    0.5808
...   111 G-C ...
  -33.1885   71.3965  -77.2989
    0.6834   -0.6002   -0.4156
    0.1971    0.6999   -0.6865
    0.7029    0.3872    0.5966
...   112 C-G ...
  -30.7402   72.1502  -75.2218
    0.6617   -0.1471   -0.7352
   -0.1614    0.9296   -0.3312
    0.7322    0.3378    0.5914
...   113 T-A ...
  -28.1314   72.8908  -73.3354
    0.4684    0.3488   -0.8117
   -0.4483    0.8855    0.1219
    0.7613    0.3068    0.5712
...   114 C-G ...
  -25.5262   73.8216  -71.5675
    0.1286    0.8066   -0.5770
   -0.6327    0.5147    0.5785
    0.7636    0.2906    0.5766
...   115 G-C ...
  -23.3469   74.8990  -69.3100
   -0.2880    0.9390   -0.1881
   -0.6045   -0.0259    0.7962
    0.7427    0.3430    0.5751
...   116 T-A ...
  -20.5991   76.1652  -67.9216
   -0.5685    0.7876    0.2378
   -0.3894   -0.5122    0.7655
    0.7247    0.3426    0.5978
...   117 A-T ...
  -18.2230   77.3458  -65.9408
   -0.7471    0.3408    0.5706
   -0.0194   -0.8694    0.4938
    0.6644    0.3578    0.6562
...   118 T-A ...
  -16.2380   79.1075  -64.0338
   -0.6852   -0.1356    0.7156
    0.3384   -0.9293    0.1480
    0.6450    0.3436    0.6826
...   119 A-T ...
  -14.6412   80.6862  -61.5365
   -0.5769   -0.6266    0.5240
    0.6434   -0.7438   -0.1812
    0.5033    0.2326    0.8322
...   120 A-T ...
  -13.2985   81.4627  -58.7224
   -0.1899   -0.9393    0.2858
    0.8624   -0.2988   -0.4087
    0.4693    0.1689    0.8667
...   121 T-A ...
  -12.4231   81.9651  -55.6320
    0.2230   -0.9747    0.0160
    0.8590    0.1887   -0.4759
    0.4609    0.1198    0.8793
...   122 G-C ...
  -10.7786   81.9383  -52.7461
    0.5805   -0.7329   -0.3549
    0.6466    0.6798   -0.3463
    0.4950   -0.0285    0.8684
...   123 T-A ...
   -9.4466   81.2353  -49.8239
    0.8159   -0.2884   -0.5012
    0.2831    0.9550   -0.0886
    0.5041   -0.0696    0.8608
...   124 G-C ...
   -7.5472   81.1920  -47.1273
    0.8071    0.3061   -0.5048
   -0.1983    0.9460    0.2565
    0.5561   -0.1069    0.8242
...   125 T-A ...
   -5.4793   80.2989  -44.6617
    0.5951    0.7506   -0.2872
   -0.5846    0.6495    0.4862
    0.5515   -0.1214    0.8253
...   126 C-G ...
   -3.5737   79.8349  -42.0238
    0.1463    0.9870    0.0662
   -0.8291    0.0858    0.5525
    0.5397   -0.1357    0.8309
...   127 G-C ...
   -2.2284   79.1843  -39.0624
   -0.3754    0.8790    0.2939
   -0.7899   -0.4693    0.3947
    0.4849   -0.0840    0.8705
...   128 A-T ...
   -0.5144   78.8544  -36.3127
   -0.7779    0.4608    0.4272
   -0.4522   -0.8826    0.1284
    0.4362   -0.0933    0.8950
...   129 C-G ...
    0.9839   79.1451  -33.4258
   -0.9242   -0.0333    0.3806
   -0.0103   -0.9936   -0.1120
    0.3819   -0.1075    0.9179
...   130 C-G ...
    2.1070   79.1928  -30.2505
   -0.8518   -0.5062    0.1347
    0.4557   -0.8429   -0.2861
    0.2584   -0.1823    0.9487
...   131 A-T ...
    2.6552   78.5801  -27.0072
   -0.5392   -0.8164   -0.2069
    0.8345   -0.4848   -0.2619
    0.1135   -0.3139    0.9426
...   132 A-T ...
    2.6860   77.5007  -23.9794
   -0.0247   -0.9257   -0.3775
    0.9970    0.0050   -0.0776
    0.0737   -0.3783    0.9228
...   133 A-T ...
    2.6274   76.0853  -21.0816
    0.5113   -0.7646   -0.3924
    0.8575    0.4842    0.1739
    0.0570   -0.4254    0.9032
...   134 T-A ...
    2.3075   74.2308  -18.3901
    0.8657   -0.4293   -0.2574
    0.4984    0.7868    0.3641
    0.0462   -0.4435    0.8951
...   135 G-C ...
    1.4354   72.0971  -15.6049
    0.9809    0.0621    0.1843
   -0.1263    0.9241    0.3607
   -0.1479   -0.3771    0.9143
...   136 T-A ...
    0.5279   69.2394  -13.4688
    0.7351    0.4963    0.4618
   -0.6117    0.7792    0.1365
   -0.2921   -0.3828    0.8764
...   137 G-C ...
   -0.1659   67.4106  -10.8094
    0.1800    0.8794    0.4408
   -0.9276    0.3008   -0.2214
   -0.3274   -0.3691    0.8698
...   138 A-T ...
   -0.1322   66.2180   -7.8215
   -0.3749    0.8570    0.3536
   -0.8857   -0.2184   -0.4098
   -0.2739   -0.4668    0.8409
...   139 G-C ...
   -1.0069   65.6075   -4.9424
   -0.8336    0.5218    0.1811
   -0.5170   -0.6220   -0.5881
   -0.1942   -0.5839    0.7883
...   140 C-G ...
   -0.6975   63.9004   -2.2527
   -0.9992    0.0157   -0.0376
    0.0023   -0.8993   -0.4374
   -0.0406   -0.4371    0.8985
...   141 G-C ...
   -3.4383   60.2386    1.0285
   -0.4425    0.2285   -0.8672
    0.1683   -0.9287   -0.3306
   -0.8808   -0.2922    0.3725
...   142 C-G ...
   -6.3289   59.0834    1.6294
   -0.2970   -0.3280   -0.8968
    0.5656   -0.8171    0.1115
   -0.7693   -0.4741    0.4282
...   143 T-A ...
   -8.6769   58.7243    3.6025
   -0.0347   -0.7817   -0.6227
    0.6533   -0.4893    0.5778
   -0.7563   -0.3868    0.5276
...   144 C-G ...
  -11.6545   58.0114    4.7194
    0.2451   -0.9542   -0.1716
    0.6322    0.0231    0.7745
   -0.7350   -0.2983    0.6089
...   145 A-T ...
  -14.1761   56.5669    6.1808
    0.5795   -0.7268    0.3687
    0.3139    0.6165    0.7220
   -0.7521   -0.3027    0.5855
...   146 C-G ...
  -16.4652   53.8950    7.5154
    0.5336   -0.3331    0.7774
   -0.0346    0.9098    0.4136
   -0.8450   -0.2476    0.4739
...   147 A-T ...
  -19.0173   52.0375    8.9261
    0.2452    0.2907    0.9249
   -0.3073    0.9281   -0.2103
   -0.9195   -0.2327    0.3169
