  147 base-pairs
...     1 A-T ...
    0.0000    0.0000    0.0000
    1.0000    0.0000    0.0000
    0.0000    1.0000    0.0000
    0.0000    0.0000    1.0000
...     2 G-C ...
   -0.1404   -1.2353    3.2259
    0.7530    0.6366    0.1668
   -0.6385    0.7681   -0.0490
   -0.1593   -0.0696    0.9848
...     3 T-A ...
   -0.0377   -3.2918    6.3749
    0.2722    0.9302    0.2464
   -0.9238    0.3243   -0.2034
   -0.2691   -0.1722    0.9476
...     4 G-C ...
   -0.3520   -4.1638    9.4928
   -0.3756    0.9250    0.0576
   -0.8780   -0.3352   -0.3416
   -0.2967   -0.1788    0.9381
...     5 A-T ...
   -0.4480   -4.1448   12.7498
   -0.8116    0.5839   -0.0166
   -0.5522   -0.7762   -0.3042
   -0.1905   -0.2377    0.9525
...     6 G-C ...
   -1.5926   -4.1701   15.6201
   -0.9976    0.0246   -0.0651
   -0.0043   -0.9555   -0.2950
   -0.0694   -0.2940    0.9533
...     7 C-G ...
   -1.1050   -4.4793   18.7363
   -0.8442   -0.5302   -0.0787
    0.5343   -0.8442   -0.0430
   -0.0437   -0.0784    0.9960
...     8 G-C ...
   -2.4044   -7.7255   23.1483
   -0.2753   -0.3294   -0.9032
    0.6650   -0.7437    0.0686
   -0.6943   -0.5817    0.4238
...     9 C-G ...
   -4.4706   -9.9691   24.1142
    0.1145   -0.7026   -0.7023
    0.8512   -0.2951    0.4341
   -0.5123   -0.6475    0.5642
...    10 T-A ...
   -6.7420  -10.8705   25.9717
    0.4841   -0.8363   -0.2573
    0.6594    0.1554    0.7356
   -0.5752   -0.5257    0.6267
...    11 C-G ...
   -9.1682  -12.6167   27.1662
    0.7073   -0.6683    0.2306
    0.3450    0.6110    0.7125
   -0.6170   -0.4243    0.6627
...    12 A-T ...
  -10.9253  -14.6583   29.0713
    0.7515   -0.1377    0.6452
   -0.2027    0.8824    0.4245
   -0.6278   -0.4498    0.6352
...    13 C-G ...
  -11.8495  -17.4796   31.2472
    0.4294    0.2824    0.8578
   -0.5708    0.8209    0.0155
   -0.6998   -0.4963    0.5137
...    14 A-T ...
  -13.5915  -19.7756   33.4284
   -0.1503    0.6106    0.7775
   -0.6874    0.5007   -0.5261
   -0.7106   -0.6135    0.3445
...    15 A-T ...
  -15.6950  -21.8540   34.7555
   -0.5013    0.7838    0.3666
   -0.4770    0.1031   -0.8728
   -0.7219   -0.6124    0.3222
...    16 T-A ...
  -17.8044  -23.7237   36.4172
   -0.6516    0.7510   -0.1069
   -0.1679   -0.2803   -0.9451
   -0.7398   -0.5978    0.3088
...    17 T-A ...
  -20.2151  -25.4852   37.6262
   -0.5982    0.5239   -0.6064
    0.2044   -0.6319   -0.7476
   -0.7749   -0.5711    0.2709
...    18 T-A ...
  -22.8401  -27.0791   38.5782
   -0.3468    0.1566   -0.9248
    0.4781   -0.8188   -0.3179
   -0.8069   -0.5524    0.2091
...    19 A-T ...
  -25.9841  -28.2311   38.9151
    0.1047   -0.1075   -0.9887
    0.5271   -0.8370    0.1469
   -0.8434   -0.5365   -0.0310
...    20 T-A ...
  -28.9984  -29.3973   38.4830
    0.3717   -0.4769   -0.7965
    0.3934   -0.6962    0.6005
   -0.8409   -0.5365   -0.0711
...    21 T-A ...
  -31.7851  -30.9460   37.9466
    0.5344   -0.7707   -0.3471
    0.1072   -0.3455    0.9323
   -0.8384   -0.5354   -0.1020
...    22 C-G ...
  -34.3824  -32.8268   37.3987
    0.5142   -0.8232    0.2409
   -0.2460    0.1276    0.9608
   -0.8216   -0.5533   -0.1369
...    23 G-C ...
  -37.1068  -34.6863   37.3769
    0.3449   -0.5885    0.7313
   -0.5275    0.5230    0.6696
   -0.7764   -0.6166   -0.1300
...    24 C-G ...
  -39.4134  -36.9813   36.8022
    0.0213   -0.2088    0.9777
   -0.6348    0.7527    0.1746
   -0.7724   -0.6244   -0.1165
...    25 A-T ...
  -42.0994  -38.8246   36.3757
   -0.2893    0.2834    0.9143
   -0.5399    0.7405   -0.4003
   -0.7905   -0.6094   -0.0612
...    26 A-T ...
  -44.5078  -41.0018   36.3528
   -0.5510    0.6355    0.5409
   -0.2685    0.4787   -0.8359
   -0.7901   -0.6058   -0.0932
...    27 A-T ...
  -47.0383  -43.0169   36.3226
   -0.5937    0.8047    0.0026
    0.0904    0.0699   -0.9935
   -0.7996   -0.5896   -0.1142
...    28 G-C ...
  -49.7873  -44.7886   36.2417
   -0.3856    0.7950   -0.4684
    0.3791   -0.3263   -0.8659
   -0.8412   -0.5114   -0.1756
...    29 G-C ...
  -52.8493  -46.1148   35.8652
   -0.0266    0.5893   -0.8075
    0.5011   -0.6911   -0.5208
   -0.8650   -0.4185   -0.2769
...    30 C-G ...
  -55.8702  -46.9380   34.9691
    0.3070    0.1901   -0.9325
    0.4184   -0.9070   -0.0472
   -0.8548   -0.3757   -0.3580
...    31 C-G ...
  -58.7246  -47.7182   33.3737
    0.5734   -0.2501   -0.7801
    0.1566   -0.9012    0.4040
   -0.8041   -0.3539   -0.4776
...    32 G-C ...
  -61.0778  -49.2126   31.5950
    0.6614   -0.6415   -0.3887
   -0.2410   -0.6725    0.6998
   -0.7103   -0.3692   -0.5994
...    33 G-C ...
  -63.0623  -50.4613   29.1675
    0.4803   -0.8740    0.0737
   -0.5950   -0.2629    0.7595
   -0.6444   -0.4087   -0.6463
...    34 C-G ...
  -64.8267  -51.9100   26.7700
    0.0937   -0.8725    0.4795
   -0.7783    0.2362    0.5818
   -0.6208   -0.4278   -0.6569
...    35 C-G ...
  -66.6754  -53.5852   24.5095
   -0.3165   -0.5920    0.7412
   -0.7181    0.6601    0.2205
   -0.6198   -0.4625   -0.6340
...    36 C-G ...
  -68.5886  -55.3745   22.3952
   -0.6207   -0.1237    0.7742
   -0.4345    0.8763   -0.2083
   -0.6527   -0.4657   -0.5976
...    37 G-C ...
  -70.8012  -56.4797   20.1903
   -0.6929    0.4147    0.5898
   -0.0085    0.8132   -0.5819
   -0.7210   -0.4082   -0.5599
...    38 A-T ...
  -73.0922  -57.9207   18.3905
   -0.5407    0.8204    0.1862
    0.4008    0.4458   -0.8004
   -0.7396   -0.3581   -0.5699
...    39 C-G ...
  -75.8167  -59.1332   17.0606
   -0.2280    0.9524   -0.2022
    0.6194   -0.0184   -0.7848
   -0.7512   -0.3042   -0.5858
...    40 A-T ...
  -78.3976  -59.9668   15.1276
    0.2494    0.8434   -0.4759
    0.6226   -0.5161   -0.5883
   -0.7418   -0.1495   -0.6538
...    41 C-G ...
  -81.0660  -59.8805   13.2721
    0.5723    0.4921   -0.6560
    0.4040   -0.8653   -0.2967
   -0.7137   -0.0952   -0.6940
...    42 G-C ...
  -83.0992  -60.1880   10.6874
    0.8040   -0.0117   -0.5945
    0.0015   -0.9998    0.0218
   -0.5947   -0.0184   -0.8038
...    43 A-T ...
  -84.8393  -60.1007    7.9412
    0.6936   -0.5694   -0.4413
   -0.4744   -0.8220    0.3151
   -0.5421   -0.0092   -0.8402
...    44 C-G ...
  -86.1032  -59.7368    4.9098
    0.3711   -0.9056   -0.2052
   -0.7768   -0.4239    0.4658
   -0.5088   -0.0134   -0.8608
...    45 T-A ...
  -87.3959  -59.8194    1.8769
   -0.0620   -0.9943    0.0871
   -0.8775    0.0959    0.4698
   -0.4755   -0.0473   -0.8784
...    46 T-A ...
  -88.5998  -60.0126   -1.1439
   -0.5677   -0.7691    0.2937
   -0.6869    0.6391    0.3460
   -0.4538   -0.0053   -0.8911
...    47 A-T ...
  -90.2135  -59.6599   -4.0434
   -0.8802   -0.2249    0.4179
   -0.1931    0.9741    0.1176
   -0.4336    0.0228   -0.9008
...    48 C-G ...
  -91.6701  -60.1808   -6.9653
   -0.8477    0.3007    0.4370
    0.2862    0.9529   -0.1004
   -0.4466    0.0399   -0.8938
...    49 T-A ...
  -93.3895  -60.2424   -9.7722
   -0.5567    0.7338    0.3893
    0.6775    0.6723   -0.2983
   -0.4807    0.0977   -0.8715
...    50 G-C ...
  -95.0724  -59.6997  -12.5807
   -0.0470    0.9532    0.2986
    0.8654    0.1881   -0.4644
   -0.4989    0.2366   -0.8337
...    51 T-A ...
  -97.1880  -58.8007  -14.8958
    0.4162    0.9052    0.0857
    0.7754   -0.3041   -0.5534
   -0.4749    0.2968   -0.8285
...    52 A-T ...
  -98.9303  -57.2169  -17.2721
    0.8206    0.5710   -0.0247
    0.4573   -0.6820   -0.5708
   -0.3428    0.4570   -0.8207
...    53 G-C ...
 -100.0050  -55.3355  -19.7369
    0.9672    0.1189   -0.2245
   -0.0142   -0.8570   -0.5152
   -0.2536    0.5015   -0.8272
...    54 G-C ...
 -100.3975  -53.2580  -22.3674
    0.8426   -0.3848   -0.3768
   -0.5194   -0.7656   -0.3796
   -0.1424    0.5155   -0.8450
...    55 T-A ...
 -100.3457  -51.1932  -24.9358
    0.4697   -0.7303   -0.4961
   -0.8759   -0.4555   -0.1588
   -0.1100    0.5091   -0.8536
...    56 A-T ...
 -100.8075  -49.5647  -27.7876
   -0.1260   -0.8631   -0.4891
   -0.9881    0.0652    0.1395
   -0.0885    0.5008   -0.8610
...    57 T-A ...
 -100.4224  -48.1142  -30.7334
   -0.6038   -0.7046   -0.3728
   -0.7934    0.4858    0.3667
   -0.0773    0.5172   -0.8524
...    58 C-G ...
 -100.6136  -46.5209  -33.5837
   -0.9497   -0.3014   -0.0845
   -0.3004    0.8016    0.5170
   -0.0881    0.5164   -0.8518
...    59 T-A ...
 -100.9976  -45.1135  -36.5413
   -0.9655    0.1219    0.2302
    0.2233    0.8424    0.4905
   -0.1341    0.5249   -0.8405
...    60 C-G ...
 -101.5008  -43.4856  -39.3202
   -0.6623    0.5556    0.5027
    0.7329    0.6197    0.2807
   -0.1555    0.5543   -0.8176
...    61 G-C ...
 -101.7823  -41.4425  -41.9023
   -0.1553    0.7080    0.6889
    0.9704    0.2400   -0.0278
   -0.1850    0.6642   -0.7243
...    62 A-T ...
 -102.5058  -39.2606  -44.1827
    0.4206    0.6744    0.6068
    0.8925   -0.1872   -0.4104
   -0.1632    0.7142   -0.6807
...    63 G-C ...
 -103.2413  -36.7109  -46.1105
    0.8165    0.4237    0.3922
    0.5695   -0.4793   -0.6678
   -0.0949    0.7686   -0.6326
...    64 C-G ...
 -103.5622  -33.8817  -47.7270
    0.9976    0.0619    0.0323
    0.0633   -0.6051   -0.7937
   -0.0295    0.7938   -0.6075
...    65 T-A ...
 -103.4034  -31.0529  -49.3895
    0.8968   -0.3047   -0.3208
   -0.4387   -0.5184   -0.7341
    0.0574    0.7990   -0.5985
...    66 C-G ...
 -102.9632  -28.4616  -51.3057
    0.4907   -0.5690   -0.6599
   -0.8654   -0.2297   -0.4454
    0.1019    0.7896   -0.6050
...    67 G-C ...
 -102.8678  -26.0467  -53.5638
   -0.0633   -0.6688   -0.7408
   -0.9863    0.1550   -0.0556
    0.1520    0.7271   -0.6695
...    68 G-C ...
 -102.0575  -23.8120  -55.9447
   -0.5830   -0.5282   -0.6173
   -0.8003    0.5043    0.3244
    0.1400    0.6832   -0.7167
...    69 G-C ...
 -101.4387  -21.7570  -58.5334
   -0.9253   -0.2212   -0.3081
   -0.3685    0.7172    0.5915
    0.0901    0.6608   -0.7451
...    70 A-T ...
 -101.0806  -19.6860  -61.0321
   -0.9709    0.2165    0.1020
    0.2281    0.7084    0.6680
    0.0724    0.6718   -0.7372
...    71 T-A ...
 -101.1687  -17.9490  -63.8275
   -0.7317    0.5380    0.4186
    0.6770    0.5016    0.5385
    0.0797    0.6774   -0.7313
...    72 C-G ...
 -101.0296  -15.7621  -66.2379
   -0.2242    0.6928    0.6854
    0.9717    0.1055    0.2112
    0.0741    0.7134   -0.6968
...    73 C-G ...
 -101.1986  -13.2751  -68.5059
    0.2942    0.5622    0.7729
    0.9503   -0.2581   -0.1741
    0.1016    0.7857   -0.6102
...    74 G-C ...
 -100.5691  -10.6574  -70.4224
    0.7191    0.2149    0.6608
    0.6663   -0.4832   -0.5679
    0.1973    0.8487   -0.4907
...    75 C-G ...
 -100.0373   -7.6339  -71.5588
    0.9438   -0.1272    0.3051
    0.2042   -0.5017   -0.8406
    0.2600    0.8557   -0.4475
...    76 T-A ...
  -99.0045   -4.7005  -72.6116
    0.8966   -0.4272   -0.1166
   -0.2759   -0.3330   -0.9016
    0.3464    0.8406   -0.4165
...    77 T-A ...
  -97.7103   -1.9291  -73.6722
    0.5986   -0.5465   -0.5857
   -0.7135   -0.0313   -0.6999
    0.3642    0.8369   -0.4087
...    78 T-A ...
  -96.2488    0.7419  -74.7911
    0.1112   -0.4642   -0.8787
   -0.9210    0.2840   -0.2666
    0.3733    0.8390   -0.3959
...    79 A-T ...
  -95.1419    3.5573  -76.1433
   -0.4474   -0.2271   -0.8650
   -0.8096    0.5139    0.2838
    0.3800    0.8273   -0.4138
...    80 A-T ...
  -93.6844    6.0448  -77.6457
   -0.8115    0.1196   -0.5719
   -0.4275    0.5457    0.7207
    0.3983    0.8294   -0.3917
...    81 C-G ...
  -92.3097    8.4444  -79.4621
   -0.9228    0.3655   -0.1220
    0.0417    0.4095    0.9114
    0.3830    0.8359   -0.3931
...    82 A-T ...
  -91.0561   11.2657  -80.6309
   -0.7841    0.4459    0.4317
    0.5425    0.1546    0.8257
    0.3014    0.8817   -0.3631
...    83 C-G ...
  -90.5808   14.1231  -82.1865
   -0.4198    0.4299    0.7993
    0.8611   -0.0896    0.5004
    0.2868    0.8984   -0.3326
...    84 T-A ...
  -90.0275   17.1923  -83.2255
    0.0363    0.2539    0.9665
    0.9590   -0.2810    0.0378
    0.2812    0.9255   -0.2537
...    85 T-A ...
  -89.3843   20.2742  -83.9446
    0.5322    0.0278    0.8462
    0.7917   -0.3704   -0.4858
    0.2999    0.9285   -0.2191
...    86 T-A ...
  -88.5763   23.3639  -84.4102
    0.8591   -0.2134    0.4652
    0.3891   -0.3182   -0.8645
    0.3325    0.9237   -0.1903
...    87 A-T ...
  -87.2993   26.4308  -84.5157
    0.8733   -0.4871   -0.0055
   -0.0729   -0.1195   -0.9902
    0.4817    0.8651   -0.1398
...    88 T-A ...
  -85.5347   29.1804  -84.2908
    0.7198   -0.4986   -0.4831
   -0.4803    0.1447   -0.8651
    0.5012    0.8547   -0.1353
...    89 G-C ...
  -83.7475   31.8724  -84.9886
    0.2912   -0.4228   -0.8581
   -0.7660    0.4344   -0.4739
    0.5731    0.7953   -0.1974
...    90 C-G ...
  -81.4947   34.1793  -85.6678
   -0.1774   -0.1520   -0.9723
   -0.7863    0.6160    0.0472
    0.5918    0.7729   -0.2288
...    91 T-A ...
  -79.3344   36.4728  -86.6470
   -0.5726    0.1601   -0.8041
   -0.5697    0.6276    0.5306
    0.5896    0.7619   -0.2682
...    92 T-A ...
  -77.2358   38.7186  -87.7185
   -0.7711    0.5125   -0.3778
   -0.1584    0.4203    0.8934
    0.6167    0.7488   -0.2430
...    93 C-G ...
  -75.2367   41.1394  -88.6368
   -0.7336    0.6466    0.2090
    0.3078    0.0420    0.9505
    0.6058    0.7617   -0.2298
...    94 C-G ...
  -73.3996   43.7557  -89.7127
   -0.5200    0.5029    0.6904
    0.6393   -0.3069    0.7050
    0.5664    0.8080   -0.1619
...    95 G-C ...
  -71.3299   46.3116  -90.0330
   -0.1901    0.1469    0.9707
    0.8156   -0.5267    0.2395
    0.5465    0.8372   -0.0197
...    96 G-C ...
  -69.8735   49.3458  -89.9723
    0.1826   -0.2402    0.9534
    0.8078   -0.5161   -0.2848
    0.5604    0.8222    0.0998
...    97 C-G ...
  -68.3984   52.1791  -89.2908
    0.5258   -0.5346    0.6616
    0.6103   -0.3046   -0.7312
    0.5925    0.7883    0.1661
...    98 T-A ...
  -66.5554   54.6953  -88.2938
    0.6986   -0.6864    0.2021
    0.3031    0.0280   -0.9525
    0.6482    0.7267    0.2276
...    99 C-G ...
  -64.3252   56.8647  -87.3967
    0.7140   -0.5924   -0.3731
   -0.1086    0.4328   -0.8949
    0.6916    0.6795    0.2447
...   100 A-T ...
  -61.9104   59.0094  -86.6920
    0.4718   -0.3338   -0.8161
   -0.4262    0.7239   -0.5425
    0.7719    0.6037    0.1992
...   101 T-A ...
  -59.0498   60.3891  -85.8134
    0.2087    0.0746   -0.9751
   -0.5963    0.8000   -0.0664
    0.7752    0.5953    0.2114
...   102 G-C ...
  -56.6286   62.5567  -85.2836
   -0.2052    0.4725   -0.8571
   -0.5869    0.6414    0.4941
    0.7832    0.6045    0.1457
...   103 T-A ...
  -53.7502   64.2197  -85.2445
   -0.4784    0.7315   -0.4858
   -0.4031    0.3086    0.8616
    0.7802    0.6079    0.1472
...   104 T-A ...
  -51.0917   66.0882  -85.0707
   -0.5978    0.7974    0.0826
   -0.0848   -0.1654    0.9826
    0.7972    0.5803    0.1665
...   105 A-T ...
  -48.4762   68.0273  -84.4849
   -0.5876    0.5327    0.6091
    0.2552   -0.5923    0.7642
    0.7678    0.6045    0.2121
...   106 T-A ...
  -46.2907   70.4515  -84.1777
   -0.4049    0.1647    0.8994
    0.5002   -0.7835    0.3687
    0.7654    0.5991    0.2349
...   107 A-T ...
  -44.1467   72.8247  -83.2274
   -0.2463   -0.3511    0.9034
    0.6533   -0.7486   -0.1128
    0.7159    0.5624    0.4138
...   108 A-T ...
  -42.0566   74.7449  -81.7082
    0.0910   -0.7267    0.6809
    0.6948   -0.4435   -0.5662
    0.7135    0.5246    0.4645
...   109 C-G ...
  -40.1992   76.4970  -79.6951
    0.3706   -0.8838    0.2855
    0.5822   -0.0185   -0.8128
    0.7237    0.4675    0.5077
...   110 G-C ...
  -37.5517   77.6906  -78.1251
    0.5049   -0.8254   -0.2525
    0.3732    0.4726   -0.7984
    0.7783    0.3089    0.5466
...   111 G-C ...
  -34.8759   78.1348  -76.1308
    0.5568   -0.4864   -0.6733
    0.1168    0.8484   -0.5163
    0.8224    0.2089    0.5292
...   112 A-T ...
  -32.1108   78.6045  -74.4487
    0.5144    0.0867   -0.8532
   -0.1948    0.9807   -0.0177
    0.8351    0.1753    0.5214
...   113 T-A ...
  -29.1979   78.4919  -72.8803
    0.3726    0.5713   -0.7313
   -0.4246    0.8057    0.4131
    0.8252    0.1566    0.5427
...   114 C-G ...
  -26.4114   78.9460  -71.2164
    0.0635    0.9342   -0.3510
   -0.5627    0.3240    0.7605
    0.8242    0.1492    0.5462
...   115 G-C ...
  -23.9801   79.4355  -69.0296
   -0.3153    0.9455    0.0808
   -0.5189   -0.2430    0.8196
    0.7946    0.2165    0.5672
...   116 T-A ...
  -21.1377   80.4299  -67.6504
   -0.5552    0.6880    0.4674
   -0.3066   -0.6917    0.6539
    0.7732    0.2197    0.5949
...   117 A-T ...
  -18.6329   81.4223  -65.7284
   -0.7251    0.1943    0.6607
    0.0287   -0.9500    0.3109
    0.6880    0.2444    0.6833
...   118 T-A ...
  -16.6115   82.8480  -63.6018
   -0.6493   -0.2931    0.7018
    0.3687   -0.9284   -0.0466
    0.6652    0.2285    0.7108
...   119 A-T ...
  -15.0174   84.0311  -60.8854
   -0.5491   -0.7248    0.4162
    0.6526   -0.6829   -0.3283
    0.5222    0.0913    0.8479
...   120 A-T ...
  -13.6297   84.3389  -58.0016
   -0.1610   -0.9789    0.1258
    0.8571   -0.2018   -0.4740
    0.4894    0.0315    0.8715
...   121 T-A ...
  -12.6868   84.3479  -54.8841
    0.2487   -0.9574   -0.1470
    0.8411    0.2887   -0.4575
    0.4804   -0.0099    0.8770
...   122 G-C ...
  -10.9659   83.9504  -52.0861
    0.5964   -0.6509   -0.4697
    0.6170    0.7461   -0.2504
    0.5134   -0.1404    0.8466
...   123 T-A ...
   -9.5666   82.8846  -49.3041
    0.8165   -0.1863   -0.5464
    0.2501    0.9672    0.0440
    0.5203   -0.1726    0.8364
...   124 G-C ...
   -7.6535   82.5284  -46.6526
    0.7895    0.3950   -0.4696
   -0.2246    0.8982    0.3780
    0.5711   -0.1930    0.7979
...   125 T-A ...
   -5.5345   81.4006  -44.3421
    0.5683    0.7974   -0.2031
   -0.5965    0.5693    0.5657
    0.5668   -0.2003    0.7992
...   126 C-G ...
   -3.5858   80.6886  -41.8056
    0.1199    0.9790    0.1648
   -0.8230    0.0051    0.5680
    0.5552   -0.2037    0.8064
...   127 G-C ...
   -2.1497   79.8249  -38.9593
   -0.3936    0.8436    0.3652
   -0.7740   -0.5185    0.3634
    0.4959   -0.1397    0.8570
...   128 A-T ...
   -0.4170   79.3627  -36.2548
   -0.7841    0.4178    0.4590
   -0.4346   -0.8975    0.0746
    0.4431   -0.1409    0.8853
...   129 C-G ...
    1.0748   79.5194  -33.3643
   -0.9226   -0.0661    0.3801
    0.0028   -0.9863   -0.1647
    0.3857   -0.1509    0.9102
...   130 C-G ...
    2.1521   79.4313  -30.1785
   -0.8471   -0.5191    0.1135
    0.4632   -0.8260   -0.3211
    0.2605   -0.2194    0.9402
...   131 A-T ...
    2.6803   78.7036  -26.9631
   -0.5354   -0.8120   -0.2325
    0.8367   -0.4724   -0.2770
    0.1151   -0.3428    0.9323
...   132 A-T ...
    2.6988   77.5509  -23.9590
   -0.0213   -0.9184   -0.3951
    0.9968    0.0110   -0.0794
    0.0773   -0.3955    0.9152
...   133 A-T ...
    2.6291   76.0953  -21.0780
    0.5131   -0.7607   -0.3976
    0.8563    0.4855    0.1762
    0.0590   -0.4309    0.9005
...   134 T-A ...
    2.3076   74.2308  -18.3902
    0.8657   -0.4293   -0.2574
    0.4984    0.7868    0.3641
    0.0462   -0.4435    0.8951
...   135 G-C ...
    1.4354   72.0971  -15.6049
    0.9809    0.0621    0.1843
   -0.1263    0.9241    0.3607
   -0.1479   -0.3771    0.9143
...   136 T-A ...
    0.5279   69.2394  -13.4688
    0.7351    0.4963    0.4618
   -0.6117    0.7792    0.1365
   -0.2921   -0.3828    0.8764
...   137 G-C ...
   -0.1659   67.4107  -10.8094
    0.1800    0.8794    0.4408
   -0.9276    0.3008   -0.2214
   -0.3274   -0.3691    0.8698
...   138 A-T ...
   -0.1321   66.2181   -7.8216
   -0.3749    0.8570    0.3536
   -0.8857   -0.2184   -0.4098
   -0.2739   -0.4668    0.8409
...   139 G-C ...
   -1.0069   65.6076   -4.9424
   -0.8336    0.5218    0.1811
   -0.5170   -0.6220   -0.5881
   -0.1942   -0.5839    0.7883
...   140 C-G ...
   -0.6975   63.9005   -2.2528
   -0.9992    0.0157   -0.0376
    0.0023   -0.8993   -0.4374
   -0.0406   -0.4371    0.8985
...   141 G-C ...
   -3.4383   60.2386    1.0284
   -0.4425    0.2285   -0.8672
    0.1683   -0.9287   -0.3306
   -0.8808   -0.2922    0.3725
...   142 C-G ...
   -6.3289   59.0835    1.6294
   -0.2970   -0.3280   -0.8968
    0.5656   -0.8171    0.1115
   -0.7693   -0.4741    0.4282
...   143 T-A ...
   -8.6768   58.7244    3.6024
   -0.0347   -0.7817   -0.6227
    0.6533   -0.4893    0.5778
   -0.7563   -0.3868    0.5276
...   144 C-G ...
  -11.6545   58.0115    4.7193
    0.2451   -0.9542   -0.1716
    0.6322    0.0231    0.7745
   -0.7350   -0.2983    0.6089
...   145 A-T ...
  -14.1760   56.5670    6.1807
    0.5795   -0.7268    0.3687
    0.3139    0.6165    0.7220
   -0.7521   -0.3027    0.5855
...   146 C-G ...
  -16.4651   53.8950    7.5153
    0.5336   -0.3331    0.7774
   -0.0346    0.9098    0.4136
   -0.8450   -0.2476    0.4739
...   147 A-T ...
  -19.0172   52.0375    8.9261
    0.2452    0.2907    0.9249
   -0.3073    0.9281   -0.2103
   -0.9195   -0.2327    0.3169
