  147 base-pairs
...     1 A-T ...
    0.0000    0.0000    0.0000
    1.0000    0.0000    0.0000
    0.0000    1.0000    0.0000
    0.0000    0.0000    1.0000
...     2 G-C ...
   -0.1404   -1.2353    3.2259
    0.7530    0.6366    0.1668
   -0.6385    0.7681   -0.0490
   -0.1593   -0.0696    0.9848
...     3 T-A ...
   -0.0377   -3.2918    6.3749
    0.2722    0.9302    0.2464
   -0.9238    0.3243   -0.2034
   -0.2691   -0.1722    0.9476
...     4 G-C ...
   -0.3520   -4.1638    9.4928
   -0.3756    0.9250    0.0576
   -0.8780   -0.3352   -0.3416
   -0.2967   -0.1788    0.9381
...     5 A-T ...
   -0.4480   -4.1448   12.7498
   -0.8116    0.5839   -0.0166
   -0.5522   -0.7762   -0.3042
   -0.1905   -0.2377    0.9525
...     6 G-C ...
   -1.5926   -4.1701   15.6201
   -0.9976    0.0246   -0.0651
   -0.0043   -0.9555   -0.2950
   -0.0694   -0.2940    0.9533
...     7 C-G ...
   -1.1050   -4.4793   18.7363
   -0.8442   -0.5302   -0.0787
    0.5343   -0.8442   -0.0430
   -0.0437   -0.0784    0.9960
...     8 G-C ...
   -2.4044   -7.7255   23.1483
   -0.2753   -0.3294   -0.9032
    0.6650   -0.7437    0.0686
   -0.6943   -0.5817    0.4238
...     9 C-G ...
   -4.4706   -9.9691   24.1142
    0.1145   -0.7026   -0.7023
    0.8512   -0.2951    0.4341
   -0.5123   -0.6475    0.5642
...    10 T-A ...
   -6.7420  -10.8705   25.9717
    0.4841   -0.8363   -0.2573
    0.6594    0.1554    0.7356
   -0.5752   -0.5257    0.6267
...    11 C-G ...
   -9.1682  -12.6167   27.1662
    0.7073   -0.6683    0.2306
    0.3450    0.6110    0.7125
   -0.6170   -0.4243    0.6627
...    12 A-T ...
  -10.9253  -14.6583   29.0713
    0.7515   -0.1377    0.6452
   -0.2027    0.8824    0.4245
   -0.6278   -0.4498    0.6352
...    13 C-G ...
  -11.8495  -17.4796   31.2472
    0.4294    0.2824    0.8578
   -0.5708    0.8209    0.0155
   -0.6998   -0.4963    0.5137
...    14 A-T ...
  -13.5915  -19.7756   33.4284
   -0.1503    0.6106    0.7775
   -0.6874    0.5007   -0.5261
   -0.7106   -0.6135    0.3445
...    15 A-T ...
  -15.7534  -21.9008   34.5505
   -0.4958    0.7941    0.3517
   -0.4664    0.0982   -0.8791
   -0.7326   -0.5999    0.3217
...    16 T-A ...
  -17.8876  -23.8515   36.3164
   -0.6923    0.7061   -0.1488
   -0.1208   -0.3167   -0.9408
   -0.7114   -0.6334    0.3045
...    17 T-A ...
  -20.2171  -25.7486   37.6737
   -0.6512    0.3794   -0.6573
    0.3146   -0.6532   -0.6887
   -0.6906   -0.6553    0.3061
...    18 T-A ...
  -22.5529  -27.6834   38.6777
   -0.3311    0.0329   -0.9430
    0.6019   -0.7623   -0.2379
   -0.7267   -0.6464    0.2326
...    19 A-T ...
  -25.0368  -29.6517   39.0525
    0.1187   -0.1446   -0.9823
    0.6578   -0.7296    0.1869
   -0.7438   -0.6684    0.0085
...    20 T-A ...
  -27.8780  -31.2825   38.7472
    0.4425   -0.4572   -0.7715
    0.5091   -0.5801    0.6358
   -0.7383   -0.6741   -0.0239
...    21 T-A ...
  -30.4087  -33.3363   38.3489
    0.6684   -0.6734   -0.3158
    0.1767   -0.2687    0.9469
   -0.7225   -0.6887   -0.0606
...    22 C-G ...
  -32.6676  -35.6621   38.0025
    0.6787   -0.6838    0.2679
   -0.2474    0.1306    0.9601
   -0.6915   -0.7178   -0.0806
...    23 G-C ...
  -34.7870  -38.2217   38.4739
    0.5039   -0.4196    0.7550
   -0.6344    0.4133    0.6532
   -0.5861   -0.8081   -0.0579
...    24 C-G ...
  -36.3843  -41.0454   38.1521
    0.1305   -0.1050    0.9859
   -0.8068    0.5667    0.1671
   -0.5762   -0.8172   -0.0108
...    25 A-T ...
  -38.6566  -43.4187   37.9996
   -0.3350    0.2495    0.9086
   -0.7361    0.5327   -0.4177
   -0.5882   -0.8087    0.0052
...    26 A-T ...
  -40.4250  -46.1843   38.2023
   -0.7041    0.4787    0.5245
   -0.4160    0.3205   -0.8510
   -0.5755   -0.8174   -0.0266
...    27 A-T ...
  -42.1343  -48.9476   38.4437
   -0.8310    0.5537   -0.0533
    0.0801    0.0243   -0.9965
   -0.5505   -0.8324   -0.0645
...    28 G-C ...
  -44.2197  -51.5713   38.6702
   -0.6292    0.5470   -0.5522
    0.4895   -0.2730   -0.8282
   -0.6037   -0.7914   -0.0960
...    29 G-C ...
  -46.6767  -53.9939   38.5000
   -0.1954    0.4246   -0.8840
    0.7466   -0.5201   -0.4148
   -0.6359   -0.7411   -0.2154
...    30 C-G ...
  -49.1771  -55.9685   37.7848
    0.2779    0.1705   -0.9454
    0.7276   -0.6799    0.0912
   -0.6272   -0.7132   -0.3130
...    31 C-G ...
  -51.4827  -58.0210   36.5918
    0.6888   -0.1246   -0.7142
    0.4497   -0.6993    0.5557
   -0.5686   -0.7039   -0.4256
...    32 G-C ...
  -52.8029  -60.2973   35.0990
    0.8876   -0.3464   -0.3037
    0.0261   -0.6205    0.7838
   -0.4599   -0.7036   -0.5417
...    33 G-C ...
  -53.5993  -62.7166   32.8717
    0.7903   -0.5852    0.1816
   -0.4828   -0.4123    0.7726
   -0.3772   -0.6982   -0.6084
...    34 C-G ...
  -54.2905  -65.0860   30.7281
    0.4131   -0.7030    0.5790
   -0.8505   -0.0705    0.5212
   -0.3255   -0.7077   -0.6270
...    35 C-G ...
  -55.0115  -67.7309   28.7188
   -0.1373   -0.6359    0.7595
   -0.9497    0.3023    0.0814
   -0.2813   -0.7101   -0.6454
...    36 C-G ...
  -55.7389  -70.2786   26.6649
   -0.6226   -0.3642    0.6926
   -0.7321    0.5836   -0.3513
   -0.2762   -0.7258   -0.6300
...    37 G-C ...
  -57.0467  -71.8831   23.8551
   -0.9090    0.0604    0.4123
   -0.2480    0.7167   -0.6518
   -0.3349   -0.6947   -0.6365
...    38 A-T ...
  -57.8231  -74.0949   21.7925
   -0.8840    0.4671   -0.0189
    0.3295    0.5938   -0.7341
   -0.3316   -0.6552   -0.6788
...    39 C-G ...
  -59.3102  -76.2132   19.9231
   -0.5788    0.7448   -0.3321
    0.7292    0.2905   -0.6195
   -0.3649   -0.6008   -0.7112
...    40 A-T ...
  -60.7252  -78.1047   17.6256
   -0.0609    0.8687   -0.4916
    0.9178   -0.1449   -0.3697
   -0.3924   -0.4737   -0.7885
...    41 C-G ...
  -62.3754  -79.1188   15.0503
    0.4259    0.7375   -0.5242
    0.8282   -0.5510   -0.1023
   -0.3643   -0.3905   -0.8454
...    42 G-C ...
  -63.1259  -80.5099   12.1229
    0.8473    0.3665   -0.3844
    0.4420   -0.8878    0.1277
   -0.2945   -0.2782   -0.9143
...    43 A-T ...
  -64.0294  -81.2883    9.1956
    0.9515   -0.2022   -0.2317
   -0.1247   -0.9424    0.3102
   -0.2811   -0.2663   -0.9220
...    44 C-G ...
  -64.6872  -81.4738    5.9597
    0.7673   -0.6413    0.0038
   -0.6026   -0.7189    0.3464
   -0.2194   -0.2681   -0.9381
...    45 T-A ...
  -64.6875  -82.0995    2.3607
    0.3203   -0.9310    0.1750
   -0.9258   -0.2685    0.2661
   -0.2007   -0.2472   -0.9479
...    46 T-A ...
  -64.7746  -82.5979   -0.9054
   -0.1729   -0.9583    0.2275
   -0.9653    0.2108    0.1543
   -0.1958   -0.1929   -0.9615
...    47 A-T ...
  -65.6375  -83.0192   -4.1073
   -0.7273   -0.6361    0.2577
   -0.6592    0.7520   -0.0042
   -0.1911   -0.1729   -0.9662
...    48 C-G ...
  -65.9379  -84.1571   -7.2313
   -0.9630   -0.1530    0.2219
   -0.1836    0.9751   -0.1242
   -0.1974   -0.1603   -0.9671
...    49 T-A ...
  -66.8838  -85.3913  -10.4890
   -0.9051    0.3951    0.1570
    0.3648    0.9114   -0.1905
   -0.2184   -0.1151   -0.9690
...    50 T-A ...
  -67.7059  -85.8988  -13.5295
   -0.5536    0.8275    0.0937
    0.7944    0.5585   -0.2386
   -0.2497   -0.0577   -0.9666
...    51 C-G ...
  -68.3848  -85.8163  -16.6667
   -0.0059    0.9984    0.0562
    0.9628    0.0209   -0.2695
   -0.2703    0.0525   -0.9614
...    52 A-T ...
  -70.0522  -85.4345  -19.6794
    0.4990    0.8642    0.0640
    0.8203   -0.4473   -0.3564
   -0.2794    0.2303   -0.9322
...    53 T-A ...
  -71.1836  -84.2752  -22.4514
    0.8426    0.5373   -0.0373
    0.4883   -0.7912   -0.3683
   -0.2273    0.2921   -0.9290
...    54 G-C ...
  -71.7805  -82.7807  -25.4955
    0.9935   -0.0124   -0.1131
   -0.0509   -0.9377   -0.3438
   -0.1017    0.3473   -0.9322
...    55 T-A ...
  -71.8512  -80.9970  -28.3119
    0.8352   -0.4892   -0.2511
   -0.5456   -0.7941   -0.2676
   -0.0685    0.3606   -0.9302
...    56 T-A ...
  -71.8704  -79.6810  -31.2112
    0.4168   -0.8307   -0.3691
   -0.9078   -0.4010   -0.1226
   -0.0461    0.3862   -0.9213
...    57 A-T ...
  -72.2581  -78.4223  -34.3053
   -0.1939   -0.9068   -0.3744
   -0.9799    0.1607    0.1183
   -0.0471    0.3898   -0.9197
...    58 T-A ...
  -71.7363  -77.3963  -37.3277
   -0.6423   -0.7027   -0.3060
   -0.7657    0.5713    0.2955
   -0.0328    0.4241   -0.9050
...    59 A-T ...
  -71.9675  -75.7633  -40.2442
   -0.9655   -0.2518   -0.0656
   -0.2557    0.8711    0.4193
   -0.0484    0.4216   -0.9055
...    60 A-T ...
  -72.1198  -74.5628  -43.1758
   -0.9551    0.2333    0.1828
    0.2902    0.8612    0.4172
   -0.0601    0.4516   -0.8902
...    61 C-G ...
  -72.7302  -73.6174  -46.3800
   -0.6640    0.6306    0.4018
    0.7444    0.6079    0.2761
   -0.0702    0.4825   -0.8731
...    62 G-C ...
  -72.8646  -71.5655  -48.8712
   -0.2014    0.7199    0.6642
    0.9695    0.2433    0.0302
   -0.1398    0.6500   -0.7469
...    63 G-C ...
  -73.5907  -69.0461  -50.8359
    0.3176    0.6551    0.6855
    0.9341   -0.0921   -0.3448
   -0.1628    0.7499   -0.6412
...    64 A-T ...
  -74.2174  -66.4264  -52.6064
    0.7797    0.4652    0.4192
    0.6079   -0.4017   -0.6849
   -0.1502    0.7889   -0.5959
...    65 G-C ...
  -74.6917  -63.3910  -53.9787
    0.9905    0.1159    0.0739
    0.1255   -0.5447   -0.8292
   -0.0558    0.8306   -0.5541
...    66 T-A ...
  -74.6710  -60.3238  -55.1989
    0.9180   -0.2030   -0.3408
   -0.3961   -0.5131   -0.7614
   -0.0203    0.8340   -0.5515
...    67 A-T ...
  -74.5822  -57.6238  -56.9901
    0.5458   -0.4943   -0.6766
   -0.8368   -0.2807   -0.4700
    0.0424    0.8227   -0.5669
...    68 G-C ...
  -74.0786  -54.9083  -58.6417
    0.0879   -0.6108   -0.7869
   -0.9941   -0.0033   -0.1085
    0.0637    0.7917   -0.6075
...    69 G-C ...
  -72.9020  -52.2699  -60.9036
   -0.4285   -0.5668   -0.7036
   -0.9021    0.3130    0.2972
    0.0518    0.7621   -0.6454
...    70 T-A ...
  -72.4528  -50.0546  -63.2658
   -0.8227   -0.3357   -0.4588
   -0.5666    0.5508    0.6129
    0.0469    0.7642   -0.6433
...    71 A-T ...
  -72.2089  -47.8681  -65.8799
   -0.9996   -0.0269   -0.0033
   -0.0201    0.6548    0.7555
   -0.0182    0.7553   -0.6551
...    72 T-A ...
  -72.4283  -45.9060  -68.5083
   -0.8888    0.2817    0.3616
    0.4579    0.5811    0.6728
   -0.0206    0.7635   -0.6455
...    73 C-G ...
  -72.8606  -43.4365  -70.7939
   -0.4477    0.5478    0.7067
    0.8937    0.2989    0.3346
   -0.0280    0.7814   -0.6234
...    74 T-A ...
  -73.3271  -40.7981  -72.7115
    0.0515    0.5514    0.8326
    0.9979    0.0041   -0.0645
   -0.0389    0.8342   -0.5501
...    75 C-G ...
  -73.4402  -37.9050  -74.2301
    0.5792    0.4072    0.7062
    0.8143   -0.2471   -0.5253
   -0.0394    0.8793   -0.4746
...    76 G-C ...
  -73.1066  -35.0314  -75.7067
    0.8757    0.0606    0.4790
    0.4695   -0.3383   -0.8156
    0.1126    0.9391   -0.3247
...    77 A-T ...
  -72.7016  -31.8804  -76.6559
    0.9823   -0.1857   -0.0260
   -0.0809   -0.2943   -0.9523
    0.1692    0.9375   -0.3041
...    78 G-C ...
  -71.8991  -28.7447  -77.3389
    0.8038   -0.3469   -0.4833
   -0.5529   -0.1358   -0.8221
    0.2195    0.9280   -0.3010
...    79 C-G ...
  -70.7179  -25.6420  -78.0930
    0.3407   -0.3923   -0.8544
   -0.9063    0.1047   -0.4095
    0.2501    0.9138   -0.3199
...    80 T-A ...
  -69.6259  -22.6990  -79.0627
   -0.1710   -0.2985   -0.9390
   -0.9493    0.3052    0.0758
    0.2640    0.9043   -0.3356
...    81 C-G ...
  -68.9047  -19.7366  -80.2707
   -0.6835   -0.0945   -0.7238
   -0.6811    0.4392    0.5859
    0.2625    0.8934   -0.3645
...    82 G-C ...
  -68.5922  -16.4762  -80.9665
   -0.9566    0.0980   -0.2745
   -0.2070    0.4345    0.8766
    0.2052    0.8953   -0.3954
...    83 G-C ...
  -67.8875  -13.5747  -82.4006
   -0.9352    0.2476    0.2532
    0.3206    0.2884    0.9022
    0.1504    0.9249   -0.3491
...    84 G-C ...
  -67.6361  -10.5332  -83.7703
   -0.6472    0.2528    0.7192
    0.7598    0.1370    0.6356
    0.0622    0.9578   -0.2808
...    85 A-T ...
  -67.6674   -7.4040  -84.7776
   -0.1042    0.2434    0.9643
    0.9932   -0.0244    0.1135
    0.0511    0.9696   -0.2392
...    86 T-A ...
  -68.1340   -4.2017  -85.4006
    0.4039    0.1627    0.9002
    0.9129   -0.1350   -0.3852
    0.0588    0.9774   -0.2030
...    87 C-G ...
  -68.0505   -0.9467  -85.8004
    0.8456    0.0119    0.5337
    0.5262   -0.1873   -0.8295
    0.0901    0.9822   -0.1646
...    88 C-G ...
  -67.8299    2.3075  -86.1071
    0.9763   -0.2041    0.0719
    0.0414   -0.1497   -0.9879
    0.2124    0.9674   -0.1377
...    89 G-C ...
  -66.9726    5.3525  -86.9647
    0.8173   -0.3864   -0.4274
   -0.4519    0.0303   -0.8915
    0.3575    0.9218   -0.1499
...    90 C-G ...
  -65.2903    8.3679  -87.1525
    0.4136   -0.3164   -0.8537
   -0.8257    0.2648   -0.4982
    0.3837    0.9109   -0.1518
...    91 T-A ...
  -63.4289   11.1902  -87.8768
   -0.1126   -0.1170   -0.9867
   -0.8926    0.4481    0.0487
    0.4365    0.8863   -0.1549
...    92 T-A ...
  -61.6584   13.8538  -88.4903
   -0.5808    0.2037   -0.7881
   -0.6714    0.4276    0.6053
    0.4603    0.8807   -0.1116
...    93 T-A ...
  -59.9395   16.5591  -89.0696
   -0.8427    0.4351   -0.3171
   -0.2387    0.2260    0.9444
    0.4826    0.8715   -0.0866
...    94 A-T ...
  -58.2919   19.3967  -88.9142
   -0.8268    0.4910    0.2744
    0.2718   -0.0784    0.9592
    0.4924    0.8677   -0.0686
...    95 A-T ...
  -56.8509   22.1929  -89.2559
   -0.5822    0.3428    0.7373
    0.6548   -0.3398    0.6751
    0.4820    0.8758   -0.0267
...    96 C-G ...
  -55.8501   25.3453  -89.6010
   -0.2000    0.0879    0.9758
    0.8552   -0.4704    0.2177
    0.4782    0.8780    0.0189
...    97 A-T ...
  -54.4608   28.3427  -89.3680
    0.2145   -0.2885    0.9331
    0.8457   -0.4230   -0.3252
    0.4886    0.8590    0.1533
...    98 C-G ...
  -53.3009   31.2928  -88.3347
    0.5810   -0.5026    0.6401
    0.6378   -0.2073   -0.7417
    0.5056    0.8393    0.2001
...    99 T-A ...
  -51.6689   34.1491  -86.8880
    0.7975   -0.5913    0.1198
    0.2349    0.1215   -0.9644
    0.5557    0.7973    0.2358
...   100 T-A ...
  -49.8499   36.5768  -85.7153
    0.7981   -0.4093   -0.4421
   -0.2487    0.4446   -0.8605
    0.5488    0.7968    0.2531
...   101 T-A ...
  -47.9582   38.9789  -84.6512
    0.5329   -0.0862   -0.8418
   -0.6452    0.6023   -0.4701
    0.5475    0.7936    0.2654
...   102 A-T ...
  -46.3099   41.8013  -83.8689
    0.0509    0.2771   -0.9595
   -0.8306    0.5452    0.1134
    0.5545    0.7912    0.2579
...   103 T-A ...
  -43.9235   43.9811  -83.3059
   -0.3463    0.4867   -0.8020
   -0.7562    0.3611    0.5457
    0.5552    0.7954    0.2430
...   104 G-C ...
  -42.0286   46.6574  -82.8074
   -0.7795    0.5326   -0.3297
   -0.3765    0.0224    0.9262
    0.5006    0.8461    0.1831
...   105 C-G ...
  -40.6146   49.5910  -82.5967
   -0.8831    0.4213    0.2064
    0.0862   -0.2867    0.9541
    0.4612    0.8604    0.2169
...   106 T-A ...
  -39.2687   52.7120  -82.2267
   -0.7104    0.1591    0.6856
    0.5598   -0.4625    0.6875
    0.4265    0.8722    0.2395
...   107 T-A ...
  -38.0808   55.5962  -81.5490
   -0.3272   -0.1702    0.9295
    0.8537   -0.4749    0.2136
    0.4051    0.8634    0.3007
...   108 C-G ...
  -37.0324   58.4598  -80.3943
    0.1350   -0.4853    0.8638
    0.9033   -0.2980   -0.3086
    0.4072    0.8220    0.3982
...   109 C-G ...
  -35.9193   61.2593  -79.1043
    0.4901   -0.6898    0.5330
    0.7237   -0.0189   -0.6899
    0.4859    0.7238    0.4900
...   110 G-C ...
  -34.1860   63.2505  -77.6166
    0.6991   -0.7120    0.0662
    0.4364    0.3515   -0.8282
    0.5664    0.6079    0.5564
...   111 G-C ...
  -31.9456   64.6501  -75.5556
    0.7807   -0.4618   -0.4210
    0.0500    0.7177   -0.6945
    0.6229    0.5212    0.5834
...   112 C-G ...
  -29.5371   65.7350  -73.4775
    0.6688   -0.0220   -0.7431
   -0.3488    0.8734   -0.3398
    0.6565    0.4865    0.5765
...   113 T-A ...
  -27.2623   67.0925  -71.5574
    0.3951    0.4333   -0.8100
   -0.6196    0.7767    0.1133
    0.6783    0.4571    0.5753
...   114 C-G ...
  -25.1428   68.8354  -69.7970
   -0.0345    0.8031   -0.5948
   -0.7096    0.3994    0.5805
    0.7038    0.4421    0.5561
...   115 G-C ...
  -23.1861   70.3477  -67.6483
   -0.4514    0.8756   -0.1719
   -0.5730   -0.1367    0.8081
    0.6840    0.4633    0.5634
...   116 T-A ...
  -20.8977   72.2517  -66.2423
   -0.7058    0.6615    0.2537
   -0.2633   -0.5773    0.7729
    0.6577    0.4787    0.5816
...   117 A-T ...
  -18.7118   74.3493  -64.6293
   -0.7881    0.1922    0.5848
    0.1671   -0.8476    0.5037
    0.5924    0.4947    0.6359
...   118 T-A ...
  -17.1122   76.5146  -62.8666
   -0.6204   -0.2419    0.7460
    0.5097   -0.8473    0.1492
    0.5960    0.4729    0.6490
...   119 A-T ...
  -15.3781   78.0123  -60.5843
   -0.4125   -0.6889    0.5961
    0.7598   -0.6211   -0.1920
    0.5025    0.3738    0.7796
...   120 A-T ...
  -14.0608   79.1972  -57.8893
   -0.0006   -0.9500    0.3121
    0.8769   -0.1506   -0.4565
    0.4806    0.2734    0.8332
...   121 T-A ...
  -13.0645   79.9746  -54.8432
    0.4120   -0.9111    0.0162
    0.7764    0.3417   -0.5295
    0.4769    0.2307    0.8481
...   122 G-C ...
  -11.4998   80.2716  -51.8012
    0.7008   -0.6016   -0.3832
    0.4647    0.7927   -0.3946
    0.5412    0.0984    0.8351
...   123 T-A ...
   -9.7389   79.9330  -49.1136
    0.8329   -0.1586   -0.5303
    0.1082    0.9862   -0.1251
    0.5428    0.0468    0.8385
...   124 G-C ...
   -7.7880   79.9336  -46.4779
    0.7320    0.4223   -0.5346
   -0.3448    0.9064    0.2440
    0.5876    0.0058    0.8091
...   125 T-A ...
   -5.6533   79.4523  -44.0696
    0.4518    0.8252   -0.3392
   -0.6610    0.5649    0.4939
    0.5991    0.0011    0.8007
...   126 C-G ...
   -3.6889   79.4724  -41.6019
    0.0005    0.9995    0.0308
   -0.7966   -0.0182    0.6043
    0.6046   -0.0248    0.7962
...   127 G-C ...
   -2.2819   79.2194  -38.7136
   -0.4413    0.8526    0.2798
   -0.7102   -0.5225    0.4718
    0.5485    0.0095    0.8361
...   128 A-T ...
   -0.4176   79.0464  -36.2130
   -0.7736    0.4065    0.4861
   -0.3644   -0.9130    0.1835
    0.5184   -0.0351    0.8544
...   129 C-G ...
    1.2945   79.6321  -33.4626
   -0.8791   -0.1168    0.4621
    0.0754   -0.9914   -0.1072
    0.4706   -0.0594    0.8803
...   130 C-G ...
    2.2511   79.9328  -30.1951
   -0.8054   -0.5569    0.2029
    0.4909   -0.8186   -0.2983
    0.3322   -0.1406    0.9327
...   131 A-T ...
    2.6524   78.8725  -27.0463
   -0.5912   -0.7736   -0.2280
    0.7965   -0.5156   -0.3157
    0.1267   -0.3683    0.9210
...   132 A-T ...
    2.7995   77.5904  -24.0611
   -0.0887   -0.9002   -0.4263
    0.9928   -0.0451   -0.1114
    0.0811   -0.4331    0.8977
...   133 A-T ...
    2.6408   76.0972  -21.1228
    0.5043   -0.7702   -0.3904
    0.8614    0.4806    0.1644
    0.0610   -0.4192    0.9058
...   134 T-A ...
    2.3076   74.2307  -18.3902
    0.8657   -0.4293   -0.2574
    0.4984    0.7868    0.3641
    0.0462   -0.4435    0.8951
...   135 G-C ...
    1.4354   72.0969  -15.6049
    0.9809    0.0621    0.1843
   -0.1263    0.9241    0.3607
   -0.1479   -0.3771    0.9143
...   136 T-A ...
    0.5279   69.2392  -13.4688
    0.7351    0.4963    0.4618
   -0.6117    0.7792    0.1365
   -0.2921   -0.3828    0.8764
...   137 G-C ...
   -0.1659   67.4105  -10.8094
    0.1800    0.8794    0.4408
   -0.9276    0.3008   -0.2214
   -0.3274   -0.3691    0.8698
...   138 A-T ...
   -0.1321   66.2179   -7.8216
   -0.3749    0.8570    0.3536
   -0.8857   -0.2184   -0.4098
   -0.2739   -0.4668    0.8409
...   139 G-C ...
   -1.0069   65.6074   -4.9424
   -0.8336    0.5218    0.1811
   -0.5170   -0.6220   -0.5881
   -0.1942   -0.5839    0.7883
...   140 C-G ...
   -0.6974   63.9003   -2.2528
   -0.9992    0.0157   -0.0376
    0.0023   -0.8993   -0.4374
   -0.0406   -0.4371    0.8985
...   141 G-C ...
   -3.4382   60.2384    1.0284
   -0.4425    0.2285   -0.8672
    0.1683   -0.9287   -0.3306
   -0.8808   -0.2922    0.3725
...   142 C-G ...
   -6.3288   59.0833    1.6294
   -0.2970   -0.3280   -0.8968
    0.5656   -0.8171    0.1115
   -0.7693   -0.4741    0.4282
...   143 T-A ...
   -8.6768   58.7242    3.6025
   -0.0347   -0.7817   -0.6227
    0.6533   -0.4893    0.5778
   -0.7563   -0.3868    0.5276
...   144 C-G ...
  -11.6544   58.0113    4.7194
    0.2451   -0.9542   -0.1716
    0.6322    0.0231    0.7745
   -0.7350   -0.2983    0.6089
...   145 A-T ...
  -14.1760   56.5668    6.1807
    0.5795   -0.7268    0.3687
    0.3139    0.6165    0.7220
   -0.7521   -0.3027    0.5855
...   146 C-G ...
  -16.4651   53.8948    7.5153
    0.5336   -0.3331    0.7774
   -0.0346    0.9098    0.4136
   -0.8450   -0.2476    0.4739
...   147 A-T ...
  -19.0172   52.0373    8.9261
    0.2452    0.2907    0.9249
   -0.3073    0.9281   -0.2103
   -0.9195   -0.2327    0.3169
