  147 base-pairs
...     1 A-T ...
    0.0000    0.0000    0.0000
    1.0000    0.0000    0.0000
    0.0000    1.0000    0.0000
    0.0000    0.0000    1.0000
...     2 G-C ...
   -0.1404   -1.2353    3.2259
    0.7530    0.6366    0.1668
   -0.6385    0.7681   -0.0490
   -0.1593   -0.0696    0.9848
...     3 T-A ...
   -0.0377   -3.2918    6.3749
    0.2722    0.9302    0.2464
   -0.9238    0.3243   -0.2034
   -0.2691   -0.1722    0.9476
...     4 G-C ...
   -0.3520   -4.1638    9.4928
   -0.3756    0.9250    0.0576
   -0.8780   -0.3352   -0.3416
   -0.2967   -0.1788    0.9381
...     5 A-T ...
   -0.4480   -4.1448   12.7498
   -0.8116    0.5839   -0.0166
   -0.5522   -0.7762   -0.3042
   -0.1905   -0.2377    0.9525
...     6 G-C ...
   -1.5926   -4.1701   15.6201
   -0.9976    0.0246   -0.0651
   -0.0043   -0.9555   -0.2950
   -0.0694   -0.2940    0.9533
...     7 C-G ...
   -1.1050   -4.4793   18.7363
   -0.8442   -0.5302   -0.0787
    0.5343   -0.8442   -0.0430
   -0.0437   -0.0784    0.9960
...     8 G-C ...
   -2.4044   -7.7255   23.1483
   -0.2753   -0.3294   -0.9032
    0.6650   -0.7437    0.0686
   -0.6943   -0.5817    0.4238
...     9 C-G ...
   -4.4706   -9.9691   24.1142
    0.1145   -0.7026   -0.7023
    0.8512   -0.2951    0.4341
   -0.5123   -0.6475    0.5642
...    10 T-A ...
   -6.7420  -10.8705   25.9717
    0.4841   -0.8363   -0.2573
    0.6594    0.1554    0.7356
   -0.5752   -0.5257    0.6267
...    11 C-G ...
   -9.1682  -12.6167   27.1662
    0.7073   -0.6683    0.2306
    0.3450    0.6110    0.7125
   -0.6170   -0.4243    0.6627
...    12 A-T ...
  -10.9253  -14.6583   29.0713
    0.7515   -0.1377    0.6452
   -0.2027    0.8824    0.4245
   -0.6278   -0.4498    0.6352
...    13 C-G ...
  -11.8495  -17.4796   31.2472
    0.4294    0.2824    0.8578
   -0.5708    0.8209    0.0155
   -0.6998   -0.4963    0.5137
...    14 A-T ...
  -13.5915  -19.7756   33.4284
   -0.1503    0.6106    0.7775
   -0.6874    0.5007   -0.5261
   -0.7106   -0.6135    0.3445
...    15 A-T ...
  -15.7020  -21.8464   34.7503
   -0.4960    0.7875    0.3658
   -0.4771    0.1047   -0.8726
   -0.7255   -0.6073    0.3238
...    16 T-A ...
  -17.8253  -23.6912   36.4132
   -0.6425    0.7587   -0.1078
   -0.1721   -0.2800   -0.9444
   -0.7467   -0.5882    0.3105
...    17 T-A ...
  -20.2646  -25.4117   37.6155
   -0.5867    0.5358   -0.6072
    0.1922   -0.6363   -0.7471
   -0.7867   -0.5550    0.2703
...    18 T-A ...
  -22.9278  -26.9454   38.5536
   -0.3397    0.1668   -0.9256
    0.4579   -0.8303   -0.3176
   -0.8216   -0.5317    0.2057
...    19 A-T ...
  -26.1093  -28.0043   38.8631
    0.1058   -0.1091   -0.9884
    0.5006   -0.8530    0.1478
   -0.8592   -0.5104   -0.0356
...    20 T-A ...
  -29.1591  -29.0740   38.4147
    0.3587   -0.4894   -0.7949
    0.3674   -0.7088    0.6021
   -0.8581   -0.5080   -0.0744
...    21 T-A ...
  -32.0017  -30.5191   37.8656
    0.5036   -0.7931   -0.3425
    0.0903   -0.3460    0.9339
   -0.8592   -0.5012   -0.1027
...    22 C-G ...
  -34.6817  -32.2870   37.3166
    0.4737   -0.8451    0.2479
   -0.2431    0.1451    0.9591
   -0.8465   -0.5146   -0.1368
...    23 G-C ...
  -37.5139  -33.9795   37.2965
    0.3086   -0.6007    0.7375
   -0.4996    0.5575    0.6630
   -0.8094   -0.5731   -0.1281
...    24 C-G ...
  -39.9555  -36.1298   36.7135
    0.0056   -0.2006    0.9797
   -0.5882    0.7916    0.1655
   -0.8087   -0.5772   -0.1136
...    25 A-T ...
  -42.7506  -37.8043   36.2813
   -0.2707    0.3107    0.9111
   -0.4896    0.7705   -0.4082
   -0.8288   -0.5566   -0.0565
...    26 A-T ...
  -45.3022  -39.8077   36.2759
   -0.5025    0.6784    0.5360
   -0.2370    0.4881   -0.8400
   -0.8314   -0.5491   -0.0845
...    27 A-T ...
  -47.9750  -41.6254   36.2720
   -0.5295    0.8483   -0.0009
    0.0880    0.0539   -0.9947
   -0.8437   -0.5268   -0.1032
...    28 G-C ...
  -50.8592  -43.1652   36.2284
   -0.3236    0.8203   -0.4716
    0.3424   -0.3631   -0.8666
   -0.8821   -0.4419   -0.1633
...    29 G-C ...
  -54.0335  -44.2062   35.8807
    0.0141    0.5835   -0.8120
    0.4325   -0.7357   -0.5212
   -0.9015   -0.3439   -0.2628
...    30 C-G ...
  -57.1255  -44.7598   35.0142
    0.3085    0.1546   -0.9386
    0.3343   -0.9414   -0.0452
   -0.8905   -0.2998   -0.3421
...    31 C-G ...
  -60.0590  -45.2921   33.4559
    0.5327   -0.3101   -0.7875
    0.0781   -0.9085    0.4105
   -0.8427   -0.2802   -0.4597
...    32 G-C ...
  -62.5842  -46.5760   31.7482
    0.5842   -0.7089   -0.3952
   -0.2912   -0.6376    0.7132
   -0.7575   -0.3016   -0.5789
...    33 G-C ...
  -64.7613  -47.6263   29.3925
    0.3876   -0.9189    0.0733
   -0.5986   -0.1904    0.7781
   -0.7010   -0.3455   -0.6239
...    34 C-G ...
  -66.7452  -48.8871   27.0595
    0.0132   -0.8722    0.4890
   -0.7305    0.3256    0.6004
   -0.6828   -0.3651   -0.6328
...    35 C-G ...
  -68.8320  -50.3544   24.8633
   -0.3545   -0.5453    0.7596
   -0.6327    0.7380    0.2345
   -0.6885   -0.3975   -0.6066
...    36 C-G ...
  -70.9971  -51.9358   22.8286
   -0.6002   -0.0453    0.7986
   -0.3409    0.9177   -0.2041
   -0.7236   -0.3947   -0.5662
...    37 G-C ...
  -73.4096  -52.8113   20.7329
   -0.6135    0.4963    0.6142
    0.0581    0.8041   -0.5917
   -0.7875   -0.3273   -0.5222
...    38 A-T ...
  -75.9378  -53.9834   19.0641
   -0.4322    0.8789    0.2019
    0.4095    0.3908   -0.8244
   -0.8034   -0.2737   -0.5288
...    39 C-G ...
  -78.8503  -54.8718   17.8884
   -0.1255    0.9714   -0.2018
    0.5712   -0.0955   -0.8152
   -0.8112   -0.2176   -0.5428
...    40 A-T ...
  -81.6128  -55.3934   16.1023
    0.3198    0.8053   -0.4992
    0.5237   -0.5893   -0.6151
   -0.7896   -0.0647   -0.6102
...    41 C-G ...
  -84.3557  -54.9993   14.3943
    0.5867    0.4163   -0.6945
    0.2808   -0.9091   -0.3078
   -0.7595   -0.0144   -0.6503
...    42 G-C ...
  -86.5628  -55.0883   11.9374
    0.7564   -0.1134   -0.6442
   -0.1171   -0.9924    0.0372
   -0.6435    0.0473   -0.7639
...    43 A-T ...
  -88.4664  -54.8083    9.3125
    0.5869   -0.6536   -0.4779
   -0.5478   -0.7552    0.3601
   -0.5962    0.0504   -0.8012
...    44 C-G ...
  -89.8927  -54.3120    6.3706
    0.2415   -0.9461   -0.2158
   -0.7871   -0.3210    0.5267
   -0.5675    0.0427   -0.8222
...    45 T-A ...
  -91.4087  -54.2528    3.4416
   -0.1770   -0.9782    0.1085
   -0.8210    0.2076    0.5319
   -0.5428    0.0050   -0.8398
...    46 T-A ...
  -92.8580  -54.3173    0.5259
   -0.6320   -0.6910    0.3507
   -0.5747    0.7216    0.3860
   -0.5198    0.0424   -0.8532
...    47 A-T ...
  -94.6435  -53.8267   -2.2458
   -0.8603   -0.1170    0.4962
   -0.0688    0.9910    0.1145
   -0.5052    0.0644   -0.8606
...    48 C-G ...
  -96.4052  -54.2034   -5.0151
   -0.7650    0.4006    0.5042
    0.3828    0.9125   -0.1443
   -0.5179    0.0826   -0.8515
...    49 T-A ...
  -98.3735  -54.0919   -7.6514
   -0.4315    0.7965    0.4235
    0.7185    0.5873   -0.3727
   -0.5456    0.1435   -0.8257
...    50 G-C ...
 -100.2444  -53.3794  -10.2994
    0.0894    0.9556    0.2809
    0.8325    0.0831   -0.5477
   -0.5467    0.2828   -0.7881
...    51 T-A ...
 -102.4608  -52.2687  -12.4242
    0.5214    0.8530    0.0243
    0.6785   -0.3972   -0.6180
   -0.5175    0.3387   -0.7858
...    52 A-T ...
 -104.2326  -50.5524  -14.6790
    0.8717    0.4732   -0.1275
    0.3153   -0.7405   -0.5935
   -0.3753    0.4772   -0.7947
...    53 G-C ...
 -105.3570  -48.6111  -17.0775
    0.9439    0.0037   -0.3303
   -0.1655   -0.8602   -0.4823
   -0.2859    0.5099   -0.8113
...    54 G-C ...
 -105.8253  -46.5592  -19.7156
    0.7471   -0.4859   -0.4536
   -0.6401   -0.7101   -0.2934
   -0.1795    0.5096   -0.8415
...    55 T-A ...
 -105.8439  -44.5671  -22.3429
    0.3267   -0.7896   -0.5194
   -0.9330   -0.3572   -0.0438
   -0.1509    0.4989   -0.8534
...    56 A-T ...
 -106.4554  -42.9597  -25.1791
   -0.2751   -0.8552   -0.4393
   -0.9522    0.1791    0.2477
   -0.1331    0.4864   -0.8635
...    57 T-A ...
 -106.2639  -41.6358  -28.2010
   -0.7157   -0.6423   -0.2743
   -0.6879    0.5805    0.4357
   -0.1206    0.5005   -0.8573
...    58 C-G ...
 -106.6212  -40.1066  -31.0697
   -0.9797   -0.1968    0.0373
   -0.1498    0.8435    0.5158
   -0.1330    0.4997   -0.8559
...    59 T-A ...
 -107.2082  -38.7472  -34.0166
   -0.9125    0.2337    0.3357
    0.3684    0.8263    0.4261
   -0.1778    0.5125   -0.8401
...    60 C-G ...
 -107.8749  -37.1510  -36.7798
   -0.5344    0.6395    0.5527
    0.8227    0.5437    0.1663
   -0.1941    0.5435   -0.8166
...    61 G-C ...
 -108.2561  -35.1614  -39.3922
    0.0056    0.7425    0.6698
    0.9794    0.1312   -0.1537
   -0.2020    0.6568   -0.7265
...    62 A-T ...
 -109.0247  -32.9876  -41.6687
    0.5612    0.6444    0.5194
    0.8099   -0.2980   -0.5053
   -0.1708    0.7042   -0.6891
...    63 G-C ...
 -109.7275  -30.4418  -43.6170
    0.8993    0.3450    0.2688
    0.4274   -0.5627   -0.7076
   -0.0929    0.7512   -0.6535
...    64 C-G ...
 -109.9609  -27.6560  -45.3246
    0.9945   -0.0474   -0.0932
   -0.1020   -0.6375   -0.7637
   -0.0233    0.7690   -0.6388
...    65 T-A ...
 -109.7255  -24.9261  -47.1377
    0.8113   -0.4141   -0.4127
   -0.5812   -0.4945   -0.6463
    0.0636    0.7642   -0.6418
...    66 C-G ...
 -109.2715  -22.4737  -49.2258
    0.3391   -0.6457   -0.6842
   -0.9348   -0.1497   -0.3220
    0.1054    0.7488   -0.6543
...    67 G-C ...
 -109.2165  -20.1763  -51.6068
   -0.2285   -0.6877   -0.6891
   -0.9634    0.2615    0.0586
    0.1399    0.6773   -0.7223
...    68 G-C ...
 -108.4960  -18.1519  -54.1948
   -0.7106   -0.4853   -0.5094
   -0.6937    0.6044    0.3919
    0.1176    0.6318   -0.7661
...    69 G-C ...
 -108.0144  -16.2967  -56.9577
   -0.9757   -0.1283   -0.1778
   -0.2100    0.7798    0.5898
    0.0630    0.6127   -0.7878
...    70 A-T ...
 -107.7705  -14.3919  -59.6001
   -0.9203    0.3311    0.2083
    0.3882    0.7070    0.5911
    0.0485    0.6249   -0.7792
...    71 T-A ...
 -108.0328  -12.7850  -62.4634
   -0.6077    0.6384    0.4724
    0.7920    0.4437    0.4193
    0.0581    0.6289   -0.7753
...    72 C-G ...
 -107.9683  -10.7445  -65.0044
   -0.0545    0.7464    0.6633
    0.9966   -0.0004    0.0825
    0.0618    0.6655   -0.7438
...    73 C-G ...
 -108.1545   -8.3718  -67.3937
    0.4540    0.5599    0.6931
    0.8843   -0.3787   -0.2732
    0.1095    0.7369   -0.6670
...    74 G-C ...
 -107.4957   -5.9520  -69.5480
    0.8187    0.1582    0.5520
    0.5268   -0.5895   -0.6124
    0.2285    0.7921   -0.5659
...    75 C-G ...
 -106.7787   -3.0781  -70.9415
    0.9540   -0.2276    0.1954
    0.0338   -0.5658   -0.8238
    0.2980    0.7925   -0.5321
...    76 T-A ...
 -105.5576   -0.3546  -72.3076
    0.8171   -0.5426   -0.1950
   -0.4271   -0.3423   -0.8369
    0.3873    0.7671   -0.5114
...    77 T-A ...
 -104.0909    2.1677  -73.7073
    0.4484   -0.6499   -0.6137
   -0.7955    0.0230   -0.6055
    0.4076    0.7597   -0.5067
...    78 T-A ...
 -102.4731    4.5608  -75.1811
   -0.0594   -0.5227   -0.8504
   -0.9056    0.3866   -0.1744
    0.4200    0.7598   -0.4963
...    79 A-T ...
 -101.2217    7.1328  -76.8565
   -0.5788   -0.2115   -0.7876
   -0.6958    0.6318    0.3417
    0.4253    0.7458   -0.5128
...    80 A-T ...
  -99.6646    9.3179  -78.6937
   -0.8552    0.1990   -0.4786
   -0.2589    0.6358    0.7271
    0.4489    0.7458   -0.4922
...    81 C-G ...
  -98.2342   11.4122  -80.8238
   -0.8746    0.4835   -0.0369
    0.2100    0.4464    0.8698
    0.4370    0.7530   -0.4919
...    82 T-A ...
  -97.0565   13.8552  -82.7004
   -0.6719    0.6012    0.4326
    0.6222    0.1414    0.7700
    0.4017    0.7865   -0.4691
...    83 C-G ...
  -95.8673   16.4392  -84.2883
   -0.2218    0.5395    0.8123
    0.8905   -0.2273    0.3942
    0.3973    0.8107   -0.4300
...    84 A-T ...
  -94.5766   19.1851  -85.6317
    0.2269    0.2240    0.9478
    0.8825   -0.4590   -0.1027
    0.4120    0.8597   -0.3018
...    85 T-A ...
  -93.7874   22.2793  -86.3242
    0.6096   -0.0518    0.7910
    0.6659   -0.5078   -0.5465
    0.4299    0.8599   -0.2751
...    86 G-C ...
  -92.1685   25.1200  -86.9390
    0.7913   -0.4364    0.4282
    0.2723   -0.3756   -0.8859
    0.5475    0.8176   -0.1784
...    87 T-A ...
  -90.3939   27.8609  -86.8597
    0.7923   -0.6077   -0.0551
   -0.1415   -0.0952   -0.9854
    0.5935    0.7885   -0.1614
...    88 T-A ...
  -88.3527   30.3576  -87.0774
    0.5791   -0.5780   -0.5750
   -0.5342    0.2639   -0.8031
    0.6159    0.7722   -0.1559
...    89 A-T ...
  -86.1811   32.7777  -87.6510
    0.1479   -0.3901   -0.9088
   -0.7357    0.5708   -0.3647
    0.6610    0.7225   -0.2026
...    90 T-A ...
  -83.5196   34.6397  -88.2049
   -0.2273   -0.0495   -0.9726
   -0.7079    0.6942    0.1302
    0.6687    0.7181   -0.1928
...    91 A-T ...
  -81.4518   37.1755  -88.7649
   -0.5949    0.3735   -0.7117
   -0.4350    0.5950    0.6759
    0.6759    0.7117   -0.1915
...    92 A-T ...
  -79.1662   39.3090  -89.6633
   -0.7144    0.6640   -0.2208
   -0.0415    0.2748    0.9606
    0.6985    0.6954   -0.1688
...    93 C-G ...
  -77.0231   41.5488  -90.8165
   -0.6510    0.6985    0.2973
    0.3199   -0.1027    0.9419
    0.6884    0.7082   -0.1566
...    94 G-C ...
  -74.6115   43.7946  -91.0144
   -0.4674    0.4454    0.7637
    0.6095   -0.4634    0.6433
    0.6404    0.7661   -0.0549
...    95 G-C ...
  -72.7802   46.6037  -91.3159
   -0.1620    0.0617    0.9849
    0.7646   -0.6230    0.1648
    0.6238    0.7797    0.0537
...    96 A-T ...
  -70.8757   49.2075  -91.1001
    0.2379   -0.3475    0.9070
    0.7314   -0.5504   -0.4027
    0.6391    0.7592    0.1232
...    97 A-T ...
  -68.9768   51.7253  -90.4367
    0.5547   -0.6242    0.5502
    0.5056   -0.2723   -0.8186
    0.6608    0.7323    0.1645
...    98 C-G ...
  -67.0460   54.0716  -89.2544
    0.6922   -0.7184    0.0695
    0.1890    0.0874   -0.9781
    0.6965    0.6902    0.1962
...    99 T-A ...
  -64.6679   56.0730  -88.2277
    0.6380   -0.6356   -0.4347
   -0.1361    0.4626   -0.8761
    0.7579    0.6181    0.2086
...   100 T-A ...
  -62.1195   57.8425  -87.3068
    0.4606   -0.2848   -0.8407
   -0.4445    0.7458   -0.4961
    0.7683    0.6022    0.2169
...   101 T-A ...
  -59.4507   59.4962  -86.4871
    0.1575    0.1837   -0.9703
   -0.6160    0.7862    0.0488
    0.7718    0.5900    0.2370
...   102 A-T ...
  -57.0231   61.5935  -85.6668
   -0.2252    0.6093   -0.7603
   -0.5864    0.5385    0.6052
    0.7781    0.5821    0.2360
...   103 T-A ...
  -54.1461   63.2018  -85.4405
   -0.4704    0.8069   -0.3573
   -0.4049    0.1624    0.8998
    0.7841    0.5679    0.2503
...   104 G-C ...
  -51.6994   65.1938  -84.5078
   -0.6799    0.7146    0.1645
   -0.0851   -0.2997    0.9502
    0.7284    0.6320    0.2646
...   105 C-G ...
  -49.3602   67.4452  -84.0134
   -0.6624    0.4203    0.6201
    0.2731   -0.6354    0.7223
    0.6976    0.6479    0.3061
...   106 T-A ...
  -47.3322   69.8590  -83.0974
   -0.5014    0.0039    0.8652
    0.5606   -0.7602    0.3283
    0.6590    0.6497    0.3790
...   107 T-A ...
  -45.4228   72.1555  -81.8792
   -0.1620   -0.4280    0.8891
    0.7393   -0.6494   -0.1780
    0.6536    0.6285    0.4216
...   108 C-G ...
  -43.4363   74.1874  -80.3504
    0.2127   -0.7610    0.6129
    0.7212   -0.3009   -0.6239
    0.6592    0.5747    0.4849
...   109 C-G ...
  -41.4848   75.9490  -78.2645
    0.4575   -0.8753    0.1565
    0.5488    0.1394   -0.8242
    0.6997    0.4630    0.5442
...   110 G-C ...
  -38.8974   77.1763  -76.6403
    0.5692   -0.7360   -0.3664
    0.3000    0.6009   -0.7409
    0.7655    0.3118    0.5629
...   111 G-C ...
  -36.2179   77.6381  -74.6621
    0.5787   -0.3466   -0.7382
    0.0203    0.9110   -0.4118
    0.8153    0.2234    0.5343
...   112 C-G ...
  -33.3937   77.8954  -72.9871
    0.4823    0.1825   -0.8568
   -0.2562    0.9647    0.0613
    0.8377    0.1899    0.5120
...   113 T-A ...
  -30.4581   78.2246  -71.5197
    0.2695    0.6458   -0.7143
   -0.4414    0.7421    0.5044
    0.8559    0.1793    0.4851
...   114 C-G ...
  -27.5784   78.7624  -70.0556
   -0.0287    0.9574   -0.2873
   -0.5182    0.2315    0.8233
    0.8548    0.1726    0.4895
...   115 G-C ...
  -25.0114   79.2753  -68.0453
   -0.3715    0.9134    0.1664
   -0.4357   -0.3298    0.8375
    0.8199    0.2386    0.5205
...   116 T-A ...
  -22.1476   80.3877  -66.8186
   -0.5639    0.6182    0.5475
   -0.2098   -0.7485    0.6291
    0.7987    0.2399    0.5518
...   117 A-T ...
  -19.5914   81.5288  -65.0476
   -0.6981    0.1140    0.7068
    0.1086   -0.9589    0.2620
    0.7077    0.2597    0.6571
...   118 T-A ...
  -17.5562   82.9925  -62.9652
   -0.5918   -0.3656    0.7184
    0.4245   -0.8990   -0.1078
    0.6853    0.2411    0.6872
...   119 A-T ...
  -15.9526   84.2061  -60.2565
   -0.4937   -0.7698    0.4045
    0.6742   -0.6326   -0.3811
    0.5493    0.0845    0.8313
...   120 A-T ...
  -14.4804   84.4707  -57.4120
   -0.1082   -0.9900    0.0908
    0.8482   -0.1396   -0.5110
    0.5185    0.0217    0.8548
...   121 T-A ...
  -13.4305   84.4069  -54.3303
    0.2884   -0.9379   -0.1928
    0.8100    0.3463   -0.4732
    0.5106   -0.0197    0.8596
...   122 G-C ...
  -11.5979   83.9890  -51.6135
    0.6101   -0.6053   -0.5112
    0.5740    0.7825   -0.2415
    0.5461   -0.1461    0.8249
...   123 T-A ...
  -10.0671   82.8959  -48.9128
    0.8073   -0.1314   -0.5753
    0.2088    0.9754    0.0702
    0.5520   -0.1768    0.8149
...   124 G-C ...
   -8.0706   82.5414  -46.3301
    0.7597    0.4423   -0.4767
   -0.2515    0.8759    0.4118
    0.5997   -0.1929    0.7766
...   125 T-A ...
   -5.8505   81.4329  -44.1081
    0.5314    0.8248   -0.1932
   -0.6041    0.5288    0.5962
    0.5939   -0.2001    0.7793
...   126 C-G ...
   -3.8165   80.7200  -41.6434
    0.0876    0.9784    0.1870
   -0.8094   -0.0395    0.5860
    0.5807   -0.2027    0.7885
...   127 G-C ...
   -2.2789   79.8363  -38.8646
   -0.4143    0.8233    0.3880
   -0.7500   -0.5503    0.3670
    0.5157   -0.1390    0.8454
...   128 A-T ...
   -0.4852   79.3862  -36.2051
   -0.7889    0.3894    0.4754
   -0.4082   -0.9103    0.0682
    0.4594   -0.1403    0.8771
...   129 C-G ...
    1.0355   79.5506  -33.3383
   -0.9167   -0.0914    0.3891
    0.0239   -0.9843   -0.1749
    0.3990   -0.1511    0.9044
...   130 C-G ...
    2.1313   79.4694  -30.1610
   -0.8372   -0.5345    0.1156
    0.4750   -0.8155   -0.3307
    0.2710   -0.2219    0.9366
...   131 A-T ...
    2.6628   78.7403  -26.9472
   -0.5286   -0.8155   -0.2355
    0.8401   -0.4629   -0.2829
    0.1217   -0.3474    0.9298
...   132 A-T ...
    2.6920   77.5705  -23.9506
   -0.0175   -0.9166   -0.3995
    0.9965    0.0167   -0.0821
    0.0819   -0.3996    0.9130
...   133 A-T ...
    2.6265   76.1003  -21.0765
    0.5143   -0.7587   -0.3999
    0.8554    0.4872    0.1758
    0.0614   -0.4325    0.8995
...   134 T-A ...
    2.3075   74.2308  -18.3904
    0.8657   -0.4293   -0.2574
    0.4984    0.7868    0.3641
    0.0462   -0.4435    0.8951
...   135 G-C ...
    1.4354   72.0971  -15.6051
    0.9809    0.0621    0.1843
   -0.1263    0.9241    0.3607
   -0.1479   -0.3771    0.9143
...   136 T-A ...
    0.5279   69.2394  -13.4690
    0.7351    0.4963    0.4618
   -0.6117    0.7792    0.1365
   -0.2921   -0.3828    0.8764
...   137 G-C ...
   -0.1659   67.4106  -10.8096
    0.1800    0.8794    0.4408
   -0.9276    0.3008   -0.2214
   -0.3274   -0.3691    0.8698
...   138 A-T ...
   -0.1321   66.2181   -7.8217
   -0.3749    0.8570    0.3536
   -0.8857   -0.2184   -0.4098
   -0.2739   -0.4668    0.8409
...   139 G-C ...
   -1.0069   65.6076   -4.9425
   -0.8336    0.5218    0.1811
   -0.5170   -0.6220   -0.5881
   -0.1942   -0.5839    0.7883
...   140 C-G ...
   -0.6975   63.9004   -2.2529
   -0.9992    0.0157   -0.0376
    0.0023   -0.8993   -0.4374
   -0.0406   -0.4371    0.8985
...   141 G-C ...
   -3.4382   60.2386    1.0283
   -0.4425    0.2285   -0.8672
    0.1683   -0.9287   -0.3306
   -0.8808   -0.2922    0.3725
...   142 C-G ...
   -6.3288   59.0835    1.6293
   -0.2970   -0.3280   -0.8968
    0.5656   -0.8171    0.1115
   -0.7693   -0.4741    0.4282
...   143 T-A ...
   -8.6768   58.7244    3.6023
   -0.0347   -0.7817   -0.6227
    0.6533   -0.4893    0.5778
   -0.7563   -0.3868    0.5276
...   144 C-G ...
  -11.6544   58.0115    4.7192
    0.2451   -0.9542   -0.1716
    0.6322    0.0231    0.7745
   -0.7350   -0.2983    0.6089
...   145 A-T ...
  -14.1760   56.5669    6.1806
    0.5795   -0.7268    0.3687
    0.3139    0.6165    0.7220
   -0.7521   -0.3027    0.5855
...   146 C-G ...
  -16.4651   53.8950    7.5152
    0.5336   -0.3331    0.7774
   -0.0346    0.9098    0.4136
   -0.8450   -0.2476    0.4739
...   147 A-T ...
  -19.0172   52.0375    8.9260
    0.2452    0.2907    0.9249
   -0.3073    0.9281   -0.2103
   -0.9195   -0.2327    0.3169
