  147 base-pairs
...     1 A-T ...
    0.0000    0.0000    0.0000
    1.0000    0.0000    0.0000
    0.0000    1.0000    0.0000
    0.0000    0.0000    1.0000
...     2 G-C ...
   -0.1404   -1.2353    3.2259
    0.7530    0.6366    0.1668
   -0.6385    0.7681   -0.0490
   -0.1593   -0.0696    0.9848
...     3 T-A ...
   -0.0377   -3.2918    6.3749
    0.2722    0.9302    0.2464
   -0.9238    0.3243   -0.2034
   -0.2691   -0.1722    0.9476
...     4 G-C ...
   -0.3520   -4.1638    9.4928
   -0.3756    0.9250    0.0576
   -0.8780   -0.3352   -0.3416
   -0.2967   -0.1788    0.9381
...     5 A-T ...
   -0.4480   -4.1448   12.7498
   -0.8116    0.5839   -0.0166
   -0.5522   -0.7762   -0.3042
   -0.1905   -0.2377    0.9525
...     6 G-C ...
   -1.5926   -4.1701   15.6201
   -0.9976    0.0246   -0.0651
   -0.0043   -0.9555   -0.2950
   -0.0694   -0.2940    0.9533
...     7 C-G ...
   -1.1050   -4.4793   18.7363
   -0.8442   -0.5302   -0.0787
    0.5343   -0.8442   -0.0430
   -0.0437   -0.0784    0.9960
...     8 G-C ...
   -2.4044   -7.7255   23.1483
   -0.2753   -0.3294   -0.9032
    0.6650   -0.7437    0.0686
   -0.6943   -0.5817    0.4238
...     9 C-G ...
   -4.4706   -9.9691   24.1142
    0.1145   -0.7026   -0.7023
    0.8512   -0.2951    0.4341
   -0.5123   -0.6475    0.5642
...    10 T-A ...
   -6.7420  -10.8705   25.9717
    0.4841   -0.8363   -0.2573
    0.6594    0.1554    0.7356
   -0.5752   -0.5257    0.6267
...    11 C-G ...
   -9.1682  -12.6167   27.1662
    0.7073   -0.6683    0.2306
    0.3450    0.6110    0.7125
   -0.6170   -0.4243    0.6627
...    12 A-T ...
  -10.9253  -14.6583   29.0713
    0.7515   -0.1377    0.6452
   -0.2027    0.8824    0.4245
   -0.6278   -0.4498    0.6352
...    13 C-G ...
  -11.8495  -17.4796   31.2472
    0.4294    0.2824    0.8578
   -0.5708    0.8209    0.0155
   -0.6998   -0.4963    0.5137
...    14 A-T ...
  -13.5915  -19.7756   33.4284
   -0.1503    0.6106    0.7775
   -0.6874    0.5007   -0.5261
   -0.7106   -0.6135    0.3445
...    15 A-T ...
  -15.7701  -21.8967   34.5170
   -0.4896    0.7996    0.3477
   -0.4613    0.1009   -0.8815
   -0.7399   -0.5920    0.3195
...    16 T-A ...
  -17.9339  -23.8149   36.2716
   -0.6804    0.7158   -0.1571
   -0.1183   -0.3188   -0.9404
   -0.7232   -0.6213    0.3016
...    17 T-A ...
  -20.3143  -25.6674   37.6081
   -0.6342    0.3913   -0.6668
    0.3077   -0.6635   -0.6820
   -0.7093   -0.6377    0.3004
...    18 T-A ...
  -22.7103  -27.5540   38.5493
   -0.3088    0.0429   -0.9501
    0.5819   -0.7817   -0.2245
   -0.7523   -0.6222    0.2164
...    19 A-T ...
  -25.2686  -29.4593   38.8641
    0.1409   -0.1710   -0.9751
    0.6208   -0.7520    0.2215
   -0.7712   -0.6366    0.0002
...    20 T-A ...
  -28.1724  -30.9768   38.5125
    0.4425   -0.5020   -0.7431
    0.4594   -0.5847    0.6686
   -0.7701   -0.6373   -0.0281
...    21 T-A ...
  -30.7880  -32.9116   38.0942
    0.6292   -0.7332   -0.2579
    0.1194   -0.2367    0.9642
   -0.7680   -0.6375   -0.0614
...    22 C-G ...
  -33.2148  -35.0744   37.7613
    0.6037   -0.7233    0.3353
   -0.2797    0.2017    0.9386
   -0.7466   -0.6604   -0.0806
...    23 G-C ...
  -35.6337  -37.3317   38.2165
    0.4235   -0.4242    0.8004
   -0.6153    0.5138    0.5979
   -0.6649   -0.7457   -0.0434
...    24 C-G ...
  -37.5198  -39.9817   37.9423
    0.0750   -0.0585    0.9955
   -0.7454    0.6598    0.0949
   -0.6623   -0.7492    0.0059
...    25 A-T ...
  -40.0318  -42.0905   37.7222
   -0.3402    0.3474    0.8738
   -0.6439    0.5911   -0.4857
   -0.6853   -0.7279    0.0226
...    26 A-T ...
  -42.1551  -44.5837   37.9692
   -0.6509    0.6055    0.4579
   -0.3343    0.3128   -0.8890
   -0.6816   -0.7318   -0.0012
...    27 A-T ...
  -44.2549  -47.0483   38.3078
   -0.7339    0.6673   -0.1269
    0.1155   -0.0615   -0.9914
   -0.6694   -0.7422   -0.0319
...    28 G-C ...
  -46.7387  -49.2883   38.6313
   -0.5131    0.6005   -0.6133
    0.4629   -0.4082   -0.7869
   -0.7229   -0.6876   -0.0685
...    29 G-C ...
  -49.5978  -51.2337   38.4966
   -0.0923    0.3842   -0.9186
    0.6540   -0.6722   -0.3469
   -0.7508   -0.6329   -0.1892
...    30 C-G ...
  -52.3827  -52.7664   37.7359
    0.3292    0.0387   -0.9435
    0.5819   -0.7952    0.1704
   -0.7437   -0.6051   -0.2843
...    31 C-G ...
  -54.9990  -54.4418   36.5726
    0.6647   -0.3230   -0.6737
    0.2824   -0.7262    0.6268
   -0.6917   -0.6069   -0.3915
...    32 G-C ...
  -56.7378  -56.5406   35.2393
    0.7925   -0.5613   -0.2386
   -0.1287   -0.5363    0.8342
   -0.5962   -0.6303   -0.4972
...    33 G-C ...
  -58.0684  -58.9098   33.2099
    0.6245   -0.7356    0.2625
   -0.5781   -0.2094    0.7886
   -0.5251   -0.6442   -0.5561
...    34 C-G ...
  -59.3545  -61.1867   31.2514
    0.2170   -0.7224    0.6566
   -0.8452    0.1975    0.4967
   -0.4885   -0.6627   -0.5677
...    35 C-G ...
  -60.7302  -63.7182   29.4567
   -0.3012   -0.4953    0.8148
   -0.8349    0.5498    0.0256
   -0.4607   -0.6726   -0.5791
...    36 C-G ...
  -62.0950  -66.1723   27.6117
   -0.6944   -0.1042    0.7120
   -0.5430    0.7251   -0.4236
   -0.4721   -0.6808   -0.5600
...    37 G-C ...
  -63.7887  -67.6541   24.9671
   -0.8465    0.3595    0.3927
   -0.0432    0.6888   -0.7236
   -0.5306   -0.6295   -0.5676
...    38 A-T ...
  -65.2197  -69.7407   23.1317
   -0.7102    0.6999   -0.0757
    0.4725    0.3942   -0.7883
   -0.5219   -0.5956   -0.6106
...    39 C-G ...
  -67.3023  -71.4948   21.4777
   -0.3393    0.8459   -0.4115
    0.7664   -0.0051   -0.6424
   -0.5455   -0.5333   -0.6465
...    40 A-T ...
  -69.2927  -73.0693   19.3560
    0.1928    0.7899   -0.5822
    0.8170   -0.4578   -0.3506
   -0.5435   -0.4081   -0.7336
...    41 C-G ...
  -71.2648  -73.7836   16.8939
    0.6158    0.5043   -0.6053
    0.6089   -0.7922   -0.0406
   -0.5000   -0.3436   -0.7949
...    42 G-C ...
  -72.5300  -75.1578   14.1388
    0.9003    0.0204   -0.4349
    0.1318   -0.9648    0.2276
   -0.4150   -0.2622   -0.8713
...    43 A-T ...
  -73.7898  -75.9068   11.3291
    0.8143   -0.5374   -0.2193
   -0.4168   -0.8044    0.4233
   -0.4039   -0.2533   -0.8790
...    44 C-G ...
  -74.6609  -76.2287    8.1486
    0.4980   -0.8647    0.0656
   -0.7910   -0.4220    0.4430
   -0.3554   -0.2725   -0.8941
...    45 T-A ...
  -75.1193  -77.1749    4.6489
   -0.0177   -0.9601    0.2792
   -0.9408    0.1105    0.3205
   -0.3386   -0.2570   -0.9052
...    46 T-A ...
  -75.6453  -77.9506    1.4900
   -0.4968   -0.7945    0.3492
   -0.8056    0.5718    0.1548
   -0.3227   -0.2044   -0.9242
...    47 A-T ...
  -76.8581  -78.3255   -1.6116
   -0.8908   -0.2790    0.3587
   -0.3263    0.9421   -0.0776
   -0.3162   -0.1862   -0.9302
...    48 C-G ...
  -77.8036  -79.5729   -4.5501
   -0.9262    0.2548    0.2778
    0.1896    0.9519   -0.2408
   -0.3258   -0.1704   -0.9300
...    49 T-A ...
  -79.1883  -80.4451   -7.4826
   -0.6628    0.7246    0.1889
    0.6419    0.6797   -0.3549
   -0.3856   -0.1140   -0.9156
...    50 G-C ...
  -80.6901  -80.5142  -10.5110
   -0.1527    0.9815    0.1154
    0.8962    0.1868   -0.4024
   -0.4165    0.0419   -0.9081
...    51 T-A ...
  -82.5197  -80.2809  -13.1186
    0.3084    0.9513    0.0048
    0.8658   -0.2786   -0.4156
   -0.3940    0.1323   -0.9095
...    52 A-T ...
  -84.3416  -78.7233  -15.6100
    0.7503    0.6567    0.0761
    0.6179   -0.6557   -0.4339
   -0.2351    0.3726   -0.8977
...    53 G-C ...
  -85.3547  -77.1621  -18.2368
    0.9719    0.2336   -0.0280
    0.1950   -0.8664   -0.4598
   -0.1316    0.4414   -0.8876
...    54 G-C ...
  -85.6072  -74.6743  -20.9510
    0.9429   -0.2775   -0.1843
   -0.3309   -0.8434   -0.4233
   -0.0380    0.4601   -0.8870
...    55 T-A ...
  -85.2450  -72.8575  -23.6523
    0.6511   -0.6663   -0.3635
   -0.7590   -0.5763   -0.3032
   -0.0075    0.4733   -0.8809
...    56 A-T ...
  -84.6504  -71.1375  -26.5271
    0.1163   -0.8899   -0.4411
   -0.9924   -0.0866   -0.0868
    0.0391    0.4479   -0.8932
...    57 T-A ...
  -83.7387  -69.6777  -29.3628
   -0.3882   -0.8011   -0.4556
   -0.9204    0.3621    0.1474
    0.0469    0.4765   -0.8779
...    58 C-G ...
  -83.3687  -68.3124  -32.4137
   -0.8627   -0.4165   -0.2867
   -0.5035    0.7599    0.4112
    0.0466    0.4991   -0.8653
...    59 T-A ...
  -83.2634  -66.9554  -35.4553
   -1.0000    0.0023    0.0088
    0.0064    0.8651    0.5016
   -0.0065    0.5016   -0.8651
...    60 C-G ...
  -83.3390  -65.2824  -38.3295
   -0.8235    0.4649    0.3252
    0.5661    0.7117    0.4160
   -0.0380    0.5267   -0.8492
...    61 G-C ...
  -83.2961  -63.1547  -40.7947
   -0.4471    0.6246    0.6403
    0.8841    0.4173    0.2103
   -0.1358    0.6601   -0.7388
...    62 A-T ...
  -83.5885  -61.0412  -43.2436
    0.1117    0.6865    0.7185
    0.9884   -0.0018   -0.1519
   -0.1030    0.7271   -0.6788
...    63 G-C ...
  -84.2265  -58.3866  -45.1191
    0.5909    0.5330    0.6056
    0.8036   -0.3226   -0.5001
   -0.0712    0.7822   -0.6190
...    64 C-G ...
  -84.6979  -55.4529  -46.7346
    0.9405    0.2150    0.2631
    0.3390   -0.5427   -0.7685
   -0.0225    0.8120   -0.5833
...    65 T-A ...
  -84.8156  -52.5538  -48.3030
    0.9837   -0.1327   -0.1217
   -0.1751   -0.5482   -0.8178
    0.0418    0.8257   -0.5625
...    66 C-G ...
  -84.3841  -50.0155  -50.2743
    0.7198   -0.4476   -0.5306
   -0.6837   -0.3250   -0.6534
    0.1201    0.8331   -0.5399
...    67 G-C ...
  -84.4594  -47.6068  -52.6289
    0.2307   -0.5995   -0.7664
   -0.9559    0.0073   -0.2934
    0.1815    0.8003   -0.5714
...    68 G-C ...
  -83.6160  -44.9947  -54.5217
   -0.3192   -0.5433   -0.7765
   -0.9334    0.3218    0.1586
    0.1637    0.7754   -0.6098
...    69 G-C ...
  -82.8897  -42.5790  -56.7136
   -0.7763   -0.3598   -0.5176
   -0.6204    0.5812    0.5266
    0.1114    0.7299   -0.6744
...    70 A-T ...
  -82.3632  -40.3321  -59.0999
   -0.9931    0.0428   -0.1091
   -0.0509    0.6809    0.7306
    0.1055    0.7311   -0.6740
...    71 T-A ...
  -82.1829  -38.3572  -61.7433
   -0.8835    0.3685    0.2891
    0.4597    0.5638    0.6862
    0.0899    0.7392   -0.6675
...    72 C-G ...
  -82.1167  -35.9804  -64.0259
   -0.4603    0.6046    0.6500
    0.8839    0.2439    0.3991
    0.0827    0.7583   -0.6467
...    73 C-G ...
  -81.9873  -33.5907  -66.2745
    0.0289    0.5359    0.8438
    0.9953   -0.0936    0.0254
    0.0926    0.8391   -0.5361
...    74 G-C ...
  -81.2282  -30.8157  -67.8533
    0.5107    0.2682    0.8168
    0.8470   -0.3197   -0.4246
    0.1473    0.9088   -0.3904
...    75 C-G ...
  -81.0454  -27.4915  -68.7694
    0.8926    0.0146    0.4506
    0.4176   -0.4038   -0.8140
    0.1701    0.9147   -0.3665
...    76 T-A ...
  -80.2503  -24.2074  -69.4458
    0.9699   -0.2367   -0.0574
   -0.1284   -0.2965   -0.9464
    0.2070    0.9252   -0.3180
...    77 T-A ...
  -79.3893  -21.1376  -70.0854
    0.7329   -0.3488   -0.5841
   -0.6505   -0.1077   -0.7519
    0.1994    0.9310   -0.3058
...    78 T-A ...
  -78.5122  -18.1219  -70.8671
    0.2537   -0.3486   -0.9023
   -0.9460    0.1051   -0.3066
    0.2017    0.9314   -0.3031
...    79 A-T ...
  -78.2680  -15.0004  -71.8593
   -0.3219   -0.2157   -0.9219
   -0.9238    0.2849    0.2559
    0.2074    0.9340   -0.2909
...    80 A-T ...
  -77.4475  -12.1038  -72.8734
   -0.7662   -0.0404   -0.6414
   -0.6121    0.3498    0.7092
    0.1957    0.9360   -0.2927
...    81 C-G ...
  -76.5937   -9.2728  -74.4270
   -0.9730    0.1363   -0.1861
   -0.1339    0.3232    0.9368
    0.1879    0.9365   -0.2962
...    82 A-T ...
  -76.1146   -6.1955  -75.5195
   -0.9013    0.2107    0.3784
    0.4191    0.2041    0.8847
    0.1092    0.9560   -0.2723
...    83 C-G ...
  -76.3140   -3.1163  -76.8607
   -0.5747    0.2560    0.7773
    0.8131    0.0714    0.5777
    0.0924    0.9640   -0.2491
...    84 T-A ...
  -76.7518    0.3482  -77.7799
   -0.0572    0.2073    0.9766
    0.9938   -0.0817    0.0756
    0.0954    0.9749   -0.2014
...    85 T-A ...
  -76.8563    3.5489  -78.2926
    0.5025    0.1223    0.8559
    0.8584   -0.1893   -0.4769
    0.1036    0.9743   -0.2001
...    86 T-A ...
  -76.6852    6.7335  -78.7501
    0.8831   -0.0354    0.4678
    0.4499   -0.2190   -0.8658
    0.1331    0.9751   -0.1775
...    87 A-T ...
  -76.0382    9.8937  -79.2926
    0.9652   -0.2612   -0.0136
   -0.0533   -0.1456   -0.9879
    0.2560    0.9543   -0.1545
...    88 T-A ...
  -75.0253   12.9666  -79.0335
    0.8226   -0.3462   -0.4511
   -0.4770    0.0117   -0.8788
    0.3095    0.9381   -0.1555
...    89 G-C ...
  -73.6616   15.9733  -79.4895
    0.3391   -0.3614   -0.8686
   -0.8590    0.2574   -0.4425
    0.3835    0.8962   -0.2232
...    90 C-G ...
  -72.0046   18.6585  -80.4114
   -0.1912   -0.2030   -0.9603
   -0.9032    0.4195    0.0912
    0.3843    0.8848   -0.2636
...    91 T-A ...
  -70.4092   21.3851  -81.8134
   -0.6601    0.0610   -0.7487
   -0.6241    0.5102    0.5918
    0.4181    0.8579   -0.2987
...    92 T-A ...
  -68.9705   24.0082  -82.9742
   -0.9020    0.3168   -0.2933
   -0.1553    0.3959    0.9051
    0.4028    0.8619   -0.3079
...    93 C-G ...
  -67.7705   26.8307  -84.2548
   -0.8398    0.4679    0.2753
    0.3823    0.1496    0.9118
    0.3854    0.8710   -0.3045
...    94 C-G ...
  -66.5431   29.6367  -85.4472
   -0.5753    0.3772    0.7258
    0.7496   -0.1118    0.6524
    0.3272    0.9194   -0.2184
...    95 G-C ...
  -65.1877   32.5429  -85.9858
   -0.1532    0.1168    0.9813
    0.9415   -0.2842    0.1809
    0.3000    0.9516   -0.0664
...    96 T-A ...
  -64.8095   35.8115  -86.3289
    0.3156   -0.0709    0.9462
    0.8863   -0.3341   -0.3207
    0.3389    0.9399   -0.0426
...    97 C-G ...
  -63.7041   38.7748  -86.2627
    0.7054   -0.3131    0.6360
    0.5991   -0.2162   -0.7709
    0.3789    0.9248    0.0350
...    98 A-T ...
  -62.7890   42.0155  -85.4855
    0.8495   -0.5000    0.1684
    0.2235    0.0518   -0.9733
    0.4780    0.8645    0.1558
...    99 T-A ...
  -61.2034   44.6384  -84.4944
    0.8244   -0.4675   -0.3191
   -0.1925    0.2987   -0.9347
    0.5323    0.8320    0.1563
...   100 G-C ...
  -59.0877   47.2356  -83.7939
    0.5264   -0.3055   -0.7935
   -0.5907    0.5399   -0.5997
    0.6116    0.7843    0.1038
...   101 T-A ...
  -56.5982   49.3811  -83.2140
    0.1451    0.0039   -0.9894
   -0.7657    0.6338   -0.1098
    0.6267    0.7735    0.0949
...   102 T-A ...
  -54.4211   51.6953  -82.9756
   -0.2771    0.3555   -0.8927
   -0.7106    0.5495    0.4394
    0.6467    0.7561    0.1003
...   103 A-T ...
  -52.4392   54.3651  -82.4852
   -0.6422    0.6066   -0.4687
   -0.4208    0.2320    0.8770
    0.6407    0.7604    0.1063
...   104 T-A ...
  -50.2197   56.6949  -82.8241
   -0.7458    0.6660    0.0144
   -0.0709   -0.1008    0.9924
    0.6623    0.7391    0.1225
...   105 A-T ...
  -48.0224   59.1426  -82.2824
   -0.6848    0.4629    0.5628
    0.3610   -0.4554    0.8138
    0.6330    0.7605    0.1448
...   106 A-T ...
  -46.1278   61.6494  -81.9189
   -0.4228    0.1313    0.8967
    0.6494   -0.6462    0.4008
    0.6321    0.7517    0.1879
...   107 C-G ...
  -44.6099   64.6338  -81.3715
   -0.0562   -0.2534    0.9657
    0.7671   -0.6301   -0.1207
    0.6391    0.7340    0.2298
...   108 G-C ...
  -42.2556   66.5727  -80.3089
    0.1569   -0.6791    0.7171
    0.7245   -0.4143   -0.5508
    0.6712    0.6059    0.4270
...   109 G-C ...
  -40.1124   68.1154  -78.3676
    0.3986   -0.8698    0.2908
    0.6076    0.0130   -0.7942
    0.6870    0.4932    0.5336
...   110 A-T ...
  -37.9084   69.4092  -76.4187
    0.6344   -0.7431   -0.2129
    0.3283    0.5084   -0.7961
    0.6998    0.4352    0.5665
...   111 G-C ...
  -35.5607   70.4394  -74.3249
    0.6749   -0.4191   -0.6073
    0.0067    0.8265   -0.5629
    0.7378    0.3759    0.5606
...   112 C-G ...
  -32.8900   71.2031  -72.3646
    0.5379    0.1119   -0.8355
   -0.3517    0.9306   -0.1018
    0.7661    0.3486    0.5399
...   113 T-A ...
  -30.2662   72.1128  -70.6332
    0.2853    0.5744   -0.7673
   -0.5565    0.7511    0.3553
    0.7804    0.3256    0.5339
...   114 C-G ...
  -27.7850   73.3930  -68.9330
   -0.0883    0.8995   -0.4280
   -0.6020    0.2941    0.7424
    0.7936    0.3232    0.5155
...   115 G-C ...
  -25.4839   74.4588  -66.8573
   -0.4437    0.8951    0.0442
   -0.4639   -0.2716    0.8432
    0.7668    0.3536    0.5358
...   116 T-A ...
  -22.9897   76.0819  -65.4825
   -0.6504    0.6130    0.4486
   -0.1782   -0.6972    0.6944
    0.7384    0.3717    0.5626
...   117 A-T ...
  -20.5926   77.9478  -63.8576
   -0.7182    0.1012    0.6885
    0.2043   -0.9151    0.3476
    0.6652    0.3903    0.6365
...   118 T-A ...
  -18.7902   79.8211  -61.9756
   -0.5476   -0.3490    0.7604
    0.5082   -0.8608   -0.0291
    0.6647    0.3705    0.6487
...   119 A-T ...
  -16.8589   80.9700  -59.6698
   -0.3796   -0.7616    0.5253
    0.7282   -0.5962   -0.3381
    0.5707    0.2542    0.7808
...   120 A-T ...
  -15.3262   81.7567  -56.9459
    0.0068   -0.9829    0.1842
    0.8368   -0.0953   -0.5392
    0.5475    0.1578    0.8218
...   121 T-A ...
  -14.1073   82.1261  -53.8979
    0.4001   -0.9074   -0.1285
    0.7402    0.4026   -0.5385
    0.5404    0.1204    0.8327
...   122 G-C ...
  -12.3569   82.0552  -50.9645
    0.6738   -0.5511   -0.4922
    0.4410    0.8344   -0.3306
    0.5929    0.0057    0.8053
...   123 T-A ...
  -10.4551   81.4431  -48.4197
    0.8011   -0.0952   -0.5909
    0.1003    0.9947   -0.0243
    0.5900   -0.0398    0.8064
...   124 G-C ...
   -8.3796   81.1770  -45.9006
    0.7023    0.4790   -0.5267
   -0.3330    0.8749    0.3517
    0.6292   -0.0716    0.7739
...   125 T-A ...
   -6.1231   80.4736  -43.6654
    0.4328    0.8567   -0.2805
   -0.6376    0.5109    0.5765
    0.6373   -0.0706    0.7674
...   126 C-G ...
   -4.0491   80.2551  -41.2989
   -0.0013    0.9928    0.1201
   -0.7692   -0.0777    0.6342
    0.6390   -0.0916    0.7638
...   127 G-C ...
   -2.4854   79.8128  -38.5256
   -0.4371    0.8326    0.3400
   -0.6939   -0.5527    0.4616
    0.5723   -0.0342    0.8194
...   128 A-T ...
   -0.5551   79.5194  -36.0937
   -0.7623    0.3786    0.5249
   -0.3573   -0.9224    0.1464
    0.5397   -0.0760    0.8384
...   129 C-G ...
    1.2255   79.9914  -33.3706
   -0.8690   -0.1386    0.4750
    0.0746   -0.9857   -0.1512
    0.4892   -0.0959    0.8669
...   130 C-G ...
    2.2119   80.1766  -30.0973
   -0.8032   -0.5626    0.1959
    0.4846   -0.8083   -0.3343
    0.3464   -0.1735    0.9219
...   131 A-T ...
    2.6287   79.0102  -26.9865
   -0.5945   -0.7670   -0.2417
    0.7926   -0.5082   -0.3369
    0.1356   -0.3918    0.9100
...   132 A-T ...
    2.7830   77.6519  -24.0325
   -0.0918   -0.8935   -0.4396
    0.9918   -0.0425   -0.1208
    0.0893   -0.4471    0.8900
...   133 A-T ...
    2.6436   76.1240  -21.1140
    0.5028   -0.7664   -0.3998
    0.8619    0.4800    0.1637
    0.0665   -0.4268    0.9019
...   134 T-A ...
    2.3074   74.2308  -18.3903
    0.8657   -0.4293   -0.2574
    0.4984    0.7868    0.3641
    0.0462   -0.4435    0.8951
...   135 G-C ...
    1.4352   72.0971  -15.6051
    0.9809    0.0621    0.1843
   -0.1263    0.9241    0.3607
   -0.1479   -0.3771    0.9143
...   136 T-A ...
    0.5277   69.2393  -13.4689
    0.7351    0.4963    0.4618
   -0.6117    0.7792    0.1365
   -0.2921   -0.3828    0.8764
...   137 G-C ...
   -0.1661   67.4106  -10.8096
    0.1800    0.8794    0.4408
   -0.9276    0.3008   -0.2214
   -0.3274   -0.3691    0.8698
...   138 A-T ...
   -0.1323   66.2180   -7.8217
   -0.3749    0.8570    0.3536
   -0.8857   -0.2184   -0.4098
   -0.2739   -0.4668    0.8409
...   139 G-C ...
   -1.0071   65.6075   -4.9425
   -0.8336    0.5218    0.1811
   -0.5170   -0.6220   -0.5881
   -0.1942   -0.5839    0.7883
...   140 C-G ...
   -0.6976   63.9004   -2.2529
   -0.9992    0.0157   -0.0376
    0.0023   -0.8993   -0.4374
   -0.0406   -0.4371    0.8985
...   141 G-C ...
   -3.4384   60.2386    1.0283
   -0.4425    0.2285   -0.8672
    0.1683   -0.9287   -0.3306
   -0.8808   -0.2922    0.3725
...   142 C-G ...
   -6.3290   59.0834    1.6293
   -0.2970   -0.3280   -0.8968
    0.5656   -0.8171    0.1115
   -0.7693   -0.4741    0.4282
...   143 T-A ...
   -8.6770   58.7243    3.6023
   -0.0347   -0.7817   -0.6227
    0.6533   -0.4893    0.5778
   -0.7563   -0.3868    0.5276
...   144 C-G ...
  -11.6547   58.0114    4.7192
    0.2451   -0.9542   -0.1716
    0.6322    0.0231    0.7745
   -0.7350   -0.2983    0.6089
...   145 A-T ...
  -14.1762   56.5669    6.1806
    0.5795   -0.7268    0.3687
    0.3139    0.6165    0.7220
   -0.7521   -0.3027    0.5855
...   146 C-G ...
  -16.4653   53.8950    7.5152
    0.5336   -0.3331    0.7774
   -0.0346    0.9098    0.4136
   -0.8450   -0.2476    0.4739
...   147 A-T ...
  -19.0174   52.0375    8.9260
    0.2452    0.2907    0.9249
   -0.3073    0.9281   -0.2103
   -0.9195   -0.2327    0.3169
