  147 base-pairs
...     1 A-T ...
    0.0000    0.0000    0.0000
    1.0000    0.0000    0.0000
    0.0000    1.0000    0.0000
    0.0000    0.0000    1.0000
...     2 G-C ...
   -0.1404   -1.2353    3.2259
    0.7530    0.6366    0.1668
   -0.6385    0.7681   -0.0490
   -0.1593   -0.0696    0.9848
...     3 T-A ...
   -0.0377   -3.2918    6.3749
    0.2722    0.9302    0.2464
   -0.9238    0.3243   -0.2034
   -0.2691   -0.1722    0.9476
...     4 G-C ...
   -0.3520   -4.1638    9.4928
   -0.3756    0.9250    0.0576
   -0.8780   -0.3352   -0.3416
   -0.2967   -0.1788    0.9381
...     5 A-T ...
   -0.4480   -4.1448   12.7498
   -0.8116    0.5839   -0.0166
   -0.5522   -0.7762   -0.3042
   -0.1905   -0.2377    0.9525
...     6 G-C ...
   -1.5926   -4.1701   15.6201
   -0.9976    0.0246   -0.0651
   -0.0043   -0.9555   -0.2950
   -0.0694   -0.2940    0.9533
...     7 C-G ...
   -1.1050   -4.4793   18.7363
   -0.8442   -0.5302   -0.0787
    0.5343   -0.8442   -0.0430
   -0.0437   -0.0784    0.9960
...     8 G-C ...
   -2.4044   -7.7255   23.1483
   -0.2753   -0.3294   -0.9032
    0.6650   -0.7437    0.0686
   -0.6943   -0.5817    0.4238
...     9 C-G ...
   -4.4706   -9.9691   24.1142
    0.1145   -0.7026   -0.7023
    0.8512   -0.2951    0.4341
   -0.5123   -0.6475    0.5642
...    10 T-A ...
   -6.7420  -10.8705   25.9717
    0.4841   -0.8363   -0.2573
    0.6594    0.1554    0.7356
   -0.5752   -0.5257    0.6267
...    11 C-G ...
   -9.1682  -12.6167   27.1662
    0.7073   -0.6683    0.2306
    0.3450    0.6110    0.7125
   -0.6170   -0.4243    0.6627
...    12 A-T ...
  -10.9253  -14.6583   29.0713
    0.7515   -0.1377    0.6452
   -0.2027    0.8824    0.4245
   -0.6278   -0.4498    0.6352
...    13 C-G ...
  -11.8495  -17.4796   31.2472
    0.4294    0.2824    0.8578
   -0.5708    0.8209    0.0155
   -0.6998   -0.4963    0.5137
...    14 A-T ...
  -13.5915  -19.7756   33.4284
   -0.1503    0.6106    0.7775
   -0.6874    0.5007   -0.5261
   -0.7106   -0.6135    0.3445
...    15 A-T ...
  -15.6896  -21.8619   34.7571
   -0.5068    0.7801    0.3668
   -0.4760    0.1015   -0.8736
   -0.7187   -0.6173    0.3200
...    16 T-A ...
  -17.7881  -23.7550   36.4142
   -0.6600    0.7436   -0.1072
   -0.1626   -0.2806   -0.9459
   -0.7334   -0.6069    0.3061
...    17 T-A ...
  -20.1742  -25.5546   37.6230
   -0.6074    0.5125   -0.6070
    0.2172   -0.6278   -0.7474
   -0.7641   -0.5858    0.2700
...    18 T-A ...
  -22.7654  -27.2039   38.5794
   -0.3507    0.1467   -0.9249
    0.4975   -0.8076   -0.3167
   -0.7934   -0.5712    0.2103
...    19 A-T ...
  -25.8756  -28.4395   38.9292
    0.1069   -0.1065   -0.9885
    0.5507   -0.8215    0.1481
   -0.8278   -0.5602   -0.0291
...    20 T-A ...
  -28.8528  -29.6944   38.5013
    0.3860   -0.4655   -0.7964
    0.4150   -0.6834    0.6006
   -0.8238   -0.5624   -0.0706
...    21 T-A ...
  -31.5828  -31.3375   37.9674
    0.5633   -0.7490   -0.3488
    0.1197   -0.3437    0.9314
   -0.8175   -0.5665   -0.1039
...    22 C-G ...
  -34.0987  -33.3188   37.4120
    0.5500   -0.8007    0.2373
   -0.2512    0.1124    0.9614
   -0.7965   -0.5884   -0.1393
...    23 G-C ...
  -36.7159  -35.3265   37.3771
    0.3759   -0.5738    0.7276
   -0.5537    0.4905    0.6729
   -0.7430   -0.6558   -0.1334
...    24 C-G ...
  -38.8867  -37.7494   36.8037
    0.0335   -0.2134    0.9764
   -0.6767    0.7141    0.1793
   -0.7355   -0.6668   -0.1204
...    25 A-T ...
  -41.4622  -39.7438   36.3768
   -0.3076    0.2591    0.9156
   -0.5841    0.7082   -0.3966
   -0.7511   -0.6568   -0.0665
...    26 A-T ...
  -43.7259  -42.0741   36.3351
   -0.5955    0.5936    0.5414
   -0.2951    0.4651   -0.8346
   -0.7472   -0.6568   -0.1018
...    27 A-T ...
  -46.1093  -44.2650   36.2784
   -0.6517    0.7585    0.0002
    0.0946    0.0815   -0.9922
   -0.7526   -0.6466   -0.1249
...    28 G-C ...
  -48.7127  -46.2462   36.1591
   -0.4416    0.7635   -0.4712
    0.4141   -0.2925   -0.8620
   -0.7959   -0.5758   -0.1870
...    29 G-C ...
  -51.6415  -47.8380   35.7497
   -0.0643    0.5862   -0.8076
    0.5650   -0.6457   -0.5137
   -0.8226   -0.4893   -0.2896
...    30 C-G ...
  -54.5685  -48.9247   34.8233
    0.3042    0.2173   -0.9275
    0.4972   -0.8667   -0.0400
   -0.8126   -0.4490   -0.3717
...    31 C-G ...
  -57.3252  -49.9523   33.1978
    0.6086   -0.1947   -0.7693
    0.2323   -0.8832    0.4073
   -0.7587   -0.4266   -0.4923
...    32 G-C ...
  -59.4956  -51.6485   31.3700
    0.7309   -0.5711   -0.3737
   -0.1874   -0.6944    0.6948
   -0.6562   -0.4378   -0.6146
...    33 G-C ...
  -61.2732  -53.0918   28.8907
    0.5684   -0.8182    0.0863
   -0.5822   -0.3259    0.7449
   -0.5813   -0.4737   -0.6616
...    34 C-G ...
  -62.7972  -54.7284   26.4524
    0.1765   -0.8575    0.4832
   -0.8149    0.1481    0.5604
   -0.5521   -0.4926   -0.6726
...    35 C-G ...
  -64.3821  -56.6173   24.1602
   -0.2689   -0.6246    0.7332
   -0.7951    0.5736    0.1971
   -0.5437   -0.5300   -0.6508
...    36 C-G ...
  -66.0216  -58.6244   22.0118
   -0.6280   -0.1951    0.7534
   -0.5270    0.8190   -0.2272
   -0.5727   -0.5397   -0.6171
...    37 G-C ...
  -68.0177  -59.9786   19.7394
   -0.7615    0.3296    0.5581
   -0.0833    0.8042   -0.5885
   -0.6428   -0.4947   -0.5849
...    38 A-T ...
  -70.0363  -61.7005   17.8559
   -0.6458    0.7481    0.1524
    0.3789    0.4873   -0.7867
   -0.6629   -0.4503   -0.5982
...    39 C-G ...
  -72.5236  -63.2568   16.4137
   -0.3355    0.9145   -0.2264
    0.6545    0.0534   -0.7542
   -0.6775   -0.4012   -0.6165
...    40 A-T ...
  -74.8639  -64.4442   14.3650
    0.1647    0.8628   -0.4780
    0.7135   -0.4388   -0.5462
   -0.6810   -0.2511   -0.6879
...    41 C-G ...
  -77.4173  -64.7296   12.3746
    0.5395    0.5540   -0.6340
    0.5279   -0.8092   -0.2579
   -0.6560   -0.1955   -0.7290
...    42 G-C ...
  -79.2570  -65.3346    9.6995
    0.8332    0.0879   -0.5460
    0.1327   -0.9902    0.0431
   -0.5369   -0.1084   -0.8367
...    43 A-T ...
  -80.8170  -65.5202    6.8551
    0.7917   -0.4751   -0.3839
   -0.3781   -0.8748    0.3028
   -0.4797   -0.0946   -0.8723
...    44 C-G ...
  -81.9089  -65.3762    3.7442
    0.5058   -0.8480   -0.1585
   -0.7411   -0.5212    0.4233
   -0.4416   -0.0966   -0.8920
...    45 T-A ...
  -82.9563  -65.6877    0.6340
    0.0718   -0.9915    0.1084
   -0.9142   -0.0220    0.4048
   -0.3989   -0.1282   -0.9080
...    46 T-A ...
  -83.8950  -66.1037   -2.4572
   -0.4738   -0.8373    0.2731
   -0.7943    0.5401    0.2780
   -0.3803   -0.0852   -0.9209
...    47 A-T ...
  -85.3260  -66.0203   -5.4737
   -0.8721   -0.3388    0.3531
   -0.3347    0.9394    0.0747
   -0.3570   -0.0530   -0.9326
...    48 C-G ...
  -86.4499  -66.7902   -8.4905
   -0.9153    0.1871    0.3566
    0.1600    0.9816   -0.1044
   -0.3695   -0.0386   -0.9284
...    49 T-A ...
  -87.8910  -67.1423  -11.4313
   -0.6848    0.6566    0.3162
    0.6031    0.7542   -0.2598
   -0.4090    0.0127   -0.9124
...    50 G-C ...
  -89.3519  -66.9001  -14.3988
   -0.2044    0.9439    0.2592
    0.8715    0.2961   -0.3909
   -0.4457    0.1460   -0.8832
...    51 T-A ...
  -91.3408  -66.3627  -16.9302
    0.2787    0.9561    0.0904
    0.8594   -0.2062   -0.4679
   -0.4287    0.2081   -0.8791
...    52 A-T ...
  -93.0533  -65.0916  -19.5090
    0.7329    0.6794    0.0353
    0.6019   -0.6234   -0.4990
   -0.3170    0.3870   -0.8659
...    53 G-C ...
  -94.1149  -63.4326  -22.1308
    0.9601    0.2484   -0.1289
    0.1580   -0.8614   -0.4827
   -0.2309    0.4430   -0.8663
...    54 G-C ...
  -94.5010  -61.4835  -24.8573
    0.9239   -0.2708   -0.2702
   -0.3641   -0.8393   -0.4038
   -0.1174    0.4715   -0.8740
...    55 T-A ...
  -94.4414  -59.4944  -27.4788
    0.6194   -0.6680   -0.4124
   -0.7809   -0.5783   -0.2363
   -0.0807    0.4684   -0.8798
...    56 A-T ...
  -94.7442  -58.0186  -30.4291
    0.0582   -0.8866   -0.4589
   -0.9970   -0.0755    0.0195
   -0.0519    0.4564   -0.8883
...    57 T-A ...
  -94.2062  -56.6190  -33.3751
   -0.4471   -0.7964   -0.4073
   -0.8935    0.3758    0.2460
   -0.0428    0.4739   -0.8796
...    58 C-G ...
  -94.2656  -55.1684  -36.3058
   -0.8796   -0.4385   -0.1843
   -0.4730    0.7654    0.4364
   -0.0502    0.4710   -0.8807
...    59 T-A ...
  -94.4578  -53.9269  -39.3554
   -0.9948   -0.0105    0.1016
    0.0388    0.8811    0.4714
   -0.0944    0.4728   -0.8761
...    60 C-G ...
  -94.8069  -52.4804  -42.2569
   -0.7927    0.4729    0.3847
    0.5979    0.7262    0.3393
   -0.1189    0.4990   -0.8584
...    61 G-C ...
  -94.9931  -50.5922  -44.9611
   -0.3410    0.7033    0.6238
    0.9245    0.3711    0.0870
   -0.1703    0.6064   -0.7767
...    62 A-T ...
  -95.6748  -48.6224  -47.4377
    0.2391    0.7470    0.6203
    0.9579   -0.0769   -0.2766
   -0.1589    0.6604   -0.7340
...    63 G-C ...
  -96.4594  -46.2700  -49.5814
    0.6896    0.5450    0.4769
    0.7169   -0.4202   -0.5563
   -0.1028    0.7255   -0.6805
...    64 C-G ...
  -96.9145  -43.5731  -51.3758
    0.9656    0.1980    0.1687
    0.2566   -0.6187   -0.7425
   -0.0426    0.7602   -0.6482
...    65 T-A ...
  -96.8752  -40.8109  -53.1484
    0.9665   -0.1924   -0.1701
   -0.2530   -0.5989   -0.7598
    0.0443    0.7773   -0.6275
...    66 C-G ...
  -96.4753  -38.2595  -55.1214
    0.6551   -0.5224   -0.5459
   -0.7498   -0.3599   -0.5553
    0.0936    0.7731   -0.6274
...    67 G-C ...
  -96.3146  -35.9506  -57.4816
    0.1392   -0.6996   -0.7008
   -0.9763    0.0213   -0.2152
    0.1654    0.7142   -0.6801
...    68 G-C ...
  -95.4103  -33.7364  -59.8479
   -0.4058   -0.6239   -0.6678
   -0.8980    0.4081    0.1645
    0.1699    0.6665   -0.7259
...    69 G-C ...
  -94.6358  -31.7299  -62.4329
   -0.8283   -0.3509   -0.4368
   -0.5447    0.6871    0.4809
    0.1314    0.6362   -0.7602
...    70 A-T ...
  -94.1187  -29.7337  -64.9656
   -0.9930    0.0958   -0.0686
    0.0282    0.7581    0.6515
    0.1144    0.6451   -0.7555
...    71 T-A ...
  -93.9392  -28.1377  -67.8415
   -0.8491    0.4594    0.2606
    0.5138    0.6040    0.6093
    0.1225    0.6513   -0.7489
...    72 C-G ...
  -93.6425  -26.0568  -70.3311
   -0.4150    0.6881    0.5952
    0.9032    0.2328    0.3605
    0.1095    0.6872   -0.7181
...    73 C-G ...
  -93.6998  -23.7162  -72.7547
    0.0916    0.6257    0.7746
    0.9890   -0.1480    0.0026
    0.1163    0.7659   -0.6324
...    74 G-C ...
  -93.0493  -21.1308  -74.7051
    0.5636    0.3266    0.7587
    0.8048   -0.4238   -0.4154
    0.1859    0.8448   -0.5018
...    75 C-G ...
  -92.6637  -18.1174  -75.9177
    0.8824   -0.0020    0.4706
    0.4042   -0.5090   -0.7600
    0.2410    0.8608   -0.4483
...    76 T-A ...
  -91.7807  -15.1312  -76.9520
    0.9433   -0.3246    0.0697
   -0.0704   -0.4009   -0.9134
    0.3244    0.8567   -0.4010
...    77 T-A ...
  -90.6135  -12.2795  -77.9401
    0.7501   -0.4998   -0.4331
   -0.5649   -0.1436   -0.8126
    0.3439    0.8542   -0.3900
...    78 T-A ...
  -89.2536   -9.5140  -78.9497
    0.3203   -0.4882   -0.8118
   -0.8794    0.1653   -0.4464
    0.3522    0.8569   -0.3764
...    79 A-T ...
  -88.1949   -6.6644  -80.2635
   -0.2504   -0.3174   -0.9147
   -0.8967    0.4322    0.0955
    0.3650    0.8441   -0.3928
...    80 A-T ...
  -86.7362   -4.1054  -81.6402
   -0.6957    0.0010   -0.7183
   -0.6095    0.5282    0.5911
    0.3800    0.8491   -0.3669
...    81 C-G ...
  -85.2867   -1.6563  -83.3295
   -0.9141    0.2552   -0.3152
   -0.1744    0.4545    0.8735
    0.3662    0.8534   -0.3709
...    82 A-T ...
  -84.1133    1.2256  -84.4254
   -0.8920    0.3787    0.2469
    0.3560    0.2517    0.9000
    0.2787    0.8906   -0.3593
...    83 C-G ...
  -83.6236    4.0396  -86.0538
   -0.6056    0.4207    0.6755
    0.7527    0.0273    0.6578
    0.2583    0.9068   -0.3332
...    84 T-A ...
  -83.1737    7.0953  -87.1758
   -0.1769    0.3031    0.9364
    0.9554   -0.1757    0.2373
    0.2365    0.9366   -0.2585
...    85 T-A ...
  -82.6961   10.1887  -87.9679
    0.3505    0.1244    0.9283
    0.9029   -0.3082   -0.2996
    0.2489    0.9431   -0.2204
...    86 T-A ...
  -82.1031   13.3189  -88.4771
    0.7653   -0.1007    0.6357
    0.5809   -0.3174   -0.7496
    0.2772    0.9429   -0.1844
...    87 A-T ...
  -81.1220   16.4976  -88.5027
    0.8941   -0.3992    0.2030
    0.1433   -0.1744   -0.9742
    0.4243    0.9001   -0.0987
...    88 T-A ...
  -79.6819   19.4114  -88.1148
    0.8436   -0.4505   -0.2923
   -0.3008    0.0545   -0.9521
    0.4448    0.8911   -0.0896
...    89 G-C ...
  -78.0082   22.2182  -88.6115
    0.4979   -0.4375   -0.7488
   -0.6827    0.3348   -0.6495
    0.5349    0.8346   -0.1320
...    90 C-G ...
  -75.8558   24.6843  -88.9804
    0.0438   -0.2192   -0.9747
   -0.8256    0.5415   -0.1589
    0.5626    0.8116   -0.1573
...    91 T-A ...
  -73.7267   27.1113  -89.6558
   -0.4007    0.0629   -0.9141
   -0.7168    0.5999    0.3555
    0.5707    0.7976   -0.1953
...    92 T-A ...
  -71.6301   29.4778  -90.4310
   -0.7110    0.4188   -0.5649
   -0.3765    0.4518    0.8088
    0.5939    0.7877   -0.1635
...    93 C-G ...
  -69.6751   32.0164  -91.0876
   -0.8086    0.5883    0.0052
    0.0946    0.1212    0.9881
    0.5807    0.7995   -0.1537
...    94 A-T ...
  -67.7406   34.6673  -91.4662
   -0.6824    0.4741    0.5564
    0.5226   -0.2158    0.8248
    0.5111    0.8536   -0.1005
...    95 T-A ...
  -66.5736   37.6391  -92.2123
   -0.3520    0.2926    0.8891
    0.7840   -0.4267    0.4509
    0.5114    0.8557   -0.0792
...    96 G-C ...
  -64.9882   40.5637  -92.2249
    0.0265   -0.1045    0.9942
    0.8606   -0.5036   -0.0759
    0.5086    0.8576    0.0765
...    97 T-A ...
  -63.8758   43.5806  -91.6875
    0.4104   -0.3939    0.8224
    0.7417   -0.3806   -0.5524
    0.5306    0.8367    0.1360
...    98 T-A ...
  -62.3157   46.3114  -90.9859
    0.7131   -0.5785    0.3961
    0.4215   -0.0978   -0.9015
    0.5602    0.8098    0.1741
...    99 A-T ...
  -60.3449   48.7574  -89.9112
    0.7302   -0.6682   -0.1426
    0.0457    0.2560   -0.9656
    0.6817    0.6985    0.2175
...   100 T-A ...
  -58.0500   50.6830  -88.5797
    0.6527   -0.4653   -0.5979
   -0.3037    0.5623   -0.7691
    0.6941    0.6836    0.2257
...   101 A-T ...
  -55.7080   52.9333  -87.9493
    0.3427   -0.0822   -0.9358
   -0.5938    0.7530   -0.2836
    0.7280    0.6529    0.2093
...   102 A-T ...
  -53.1128   54.7713  -87.2601
   -0.0192    0.3785   -0.9254
   -0.6842    0.6700    0.2882
    0.7291    0.6387    0.2461
...   103 C-G ...
  -50.3254   56.5328  -86.8240
   -0.3653    0.6675   -0.6488
   -0.5763    0.3852    0.7208
    0.7310    0.6372    0.2440
...   104 G-C ...
  -48.1516   58.7251  -85.6461
   -0.6753    0.7175   -0.1707
   -0.2878   -0.0432    0.9567
    0.6791    0.6952    0.2357
...   105 G-C ...
  -45.8244   61.1117  -85.1729
   -0.7779    0.5325    0.3337
    0.0998   -0.4196    0.9022
    0.6204    0.7351    0.2732
...   106 A-T ...
  -43.7935   63.5276  -84.4137
   -0.6223    0.1677    0.7646
    0.5069   -0.6580    0.5569
    0.5965    0.7341    0.3245
...   107 T-A ...
  -42.3421   66.3320  -83.5737
   -0.3217   -0.1930    0.9270
    0.7405   -0.6614    0.1193
    0.5901    0.7248    0.3557
...   108 C-G ...
  -40.5663   68.7190  -82.3097
    0.0877   -0.5831    0.8077
    0.8032   -0.4382   -0.4035
    0.5892    0.6841    0.4299
...   109 C-G ...
  -38.9224   70.9783  -80.4440
    0.3967   -0.8088    0.4340
    0.6746   -0.0638   -0.7354
    0.6225    0.5846    0.5203
...   110 G-C ...
  -36.5792   72.5710  -78.7504
    0.5844   -0.8064   -0.0905
    0.4314    0.4033   -0.8070
    0.6873    0.4326    0.5836
...   111 G-C ...
  -34.1860   73.4461  -76.5497
    0.6590   -0.5194   -0.5440
    0.1222    0.7876   -0.6039
    0.7421    0.3315    0.5825
...   112 C-G ...
  -31.5974   74.0250  -74.5925
    0.6025   -0.0308   -0.7975
   -0.2115    0.9574   -0.1968
    0.7696    0.2872    0.5703
...   113 T-A ...
  -28.8667   74.6203  -72.8346
    0.3936    0.4615   -0.7951
   -0.4615    0.8472    0.2632
    0.7950    0.2633    0.5464
...   114 C-G ...
  -26.1638   75.4175  -71.1555
    0.0610    0.8726   -0.4846
   -0.6021    0.4194    0.6794
    0.7961    0.2503    0.5510
...   115 G-C ...
  -23.8501   76.2948  -68.9549
   -0.3315    0.9413   -0.0634
   -0.5464   -0.1368    0.8262
    0.7691    0.3086    0.5597
...   116 T-A ...
  -21.0649   77.5176  -67.6212
   -0.5789    0.7346    0.3538
   -0.3204   -0.6040    0.7297
    0.7498    0.3091    0.5851
...   117 A-T ...
  -18.6214   78.6903  -65.7239
   -0.7349    0.2594    0.6265
    0.0352   -0.9081    0.4173
    0.6772    0.3287    0.6583
...   118 T-A ...
  -16.6341   80.3686  -63.7512
   -0.6521   -0.2215    0.7250
    0.3790   -0.9235    0.0587
    0.6566    0.3131    0.6862
...   119 A-T ...
  -15.0548   81.8473  -61.1747
   -0.5437   -0.6838    0.4867
    0.6617   -0.7059   -0.2527
    0.5163    0.1846    0.8363
...   120 A-T ...
  -13.6785   82.4559  -58.3357
   -0.1546   -0.9632    0.2199
    0.8614   -0.2404   -0.4474
    0.4838    0.1203    0.8669
...   121 T-A ...
  -12.7521   82.7661  -55.2333
    0.2532   -0.9658   -0.0565
    0.8423    0.2488   -0.4782
    0.4759    0.0734    0.8764
...   122 G-C ...
  -11.0477   82.6051  -52.3943
    0.5966   -0.6892   -0.4112
    0.6181    0.7214   -0.3123
    0.5118   -0.0678    0.8564
...   123 T-A ...
   -9.6469   81.7686  -49.5390
    0.8161   -0.2315   -0.5295
    0.2520    0.9671   -0.0344
    0.5201   -0.1054    0.8476
...   124 G-C ...
   -7.7170   81.6236  -46.8748
    0.7903    0.3576   -0.4975
   -0.2224    0.9241    0.3109
    0.5709   -0.1351    0.8098
...   125 T-A ...
   -5.5948   80.6601  -44.4874
    0.5701    0.7806   -0.2562
   -0.5956    0.6074    0.5257
    0.5660   -0.1471    0.8112
...   126 C-G ...
   -3.6452   80.1145  -41.9038
    0.1216    0.9867    0.1075
   -0.8237    0.0399    0.5656
    0.5538   -0.1574    0.8176
...   127 G-C ...
   -2.2335   79.3841  -39.0012
   -0.3926    0.8599    0.3264
   -0.7750   -0.5003    0.3861
    0.4953   -0.1014    0.8628
...   128 A-T ...
   -0.4921   79.0181  -36.2810
   -0.7837    0.4345    0.4439
   -0.4344   -0.8942    0.1083
    0.4439   -0.1079    0.8895
...   129 C-G ...
    1.0106   79.2711  -33.3997
   -0.9219   -0.0556    0.3835
    0.0044   -0.9911   -0.1331
    0.3875   -0.1210    0.9139
...   130 C-G ...
    2.1218   79.2809  -30.2224
   -0.8458   -0.5179    0.1282
    0.4644   -0.8330   -0.3008
    0.2625   -0.1949    0.9450
...   131 A-T ...
    2.6610   78.6331  -26.9873
   -0.5343   -0.8171   -0.2167
    0.8373   -0.4763   -0.2685
    0.1161   -0.3249    0.9386
...   132 A-T ...
    2.6897   77.5240  -23.9696
   -0.0213   -0.9227   -0.3848
    0.9969    0.0098   -0.0787
    0.0764   -0.3853    0.9196
...   133 A-T ...
    2.6276   76.0902  -21.0798
    0.5127   -0.7625   -0.3948
    0.8566    0.4855    0.1747
    0.0584   -0.4277    0.9020
...   134 T-A ...
    2.3076   74.2307  -18.3903
    0.8657   -0.4293   -0.2574
    0.4984    0.7868    0.3641
    0.0462   -0.4435    0.8951
...   135 G-C ...
    1.4355   72.0970  -15.6050
    0.9809    0.0621    0.1843
   -0.1263    0.9241    0.3607
   -0.1479   -0.3771    0.9143
...   136 T-A ...
    0.5280   69.2393  -13.4689
    0.7351    0.4963    0.4618
   -0.6117    0.7792    0.1365
   -0.2921   -0.3828    0.8764
...   137 G-C ...
   -0.1658   67.4105  -10.8095
    0.1800    0.8794    0.4408
   -0.9276    0.3008   -0.2214
   -0.3274   -0.3691    0.8698
...   138 A-T ...
   -0.1321   66.2179   -7.8216
   -0.3749    0.8570    0.3536
   -0.8857   -0.2184   -0.4098
   -0.2739   -0.4668    0.8409
...   139 G-C ...
   -1.0068   65.6074   -4.9425
   -0.8336    0.5218    0.1811
   -0.5170   -0.6220   -0.5881
   -0.1942   -0.5839    0.7883
...   140 C-G ...
   -0.6974   63.9003   -2.2528
   -0.9992    0.0157   -0.0376
    0.0023   -0.8993   -0.4374
   -0.0406   -0.4371    0.8985
...   141 G-C ...
   -3.4382   60.2385    1.0284
   -0.4425    0.2285   -0.8672
    0.1683   -0.9287   -0.3306
   -0.8808   -0.2922    0.3725
...   142 C-G ...
   -6.3288   59.0833    1.6293
   -0.2970   -0.3280   -0.8968
    0.5656   -0.8171    0.1115
   -0.7693   -0.4741    0.4282
...   143 T-A ...
   -8.6768   58.7242    3.6024
   -0.0347   -0.7817   -0.6227
    0.6533   -0.4893    0.5778
   -0.7563   -0.3868    0.5276
...   144 C-G ...
  -11.6544   58.0113    4.7193
    0.2451   -0.9542   -0.1716
    0.6322    0.0231    0.7745
   -0.7350   -0.2983    0.6089
...   145 A-T ...
  -14.1759   56.5668    6.1807
    0.5795   -0.7268    0.3687
    0.3139    0.6165    0.7220
   -0.7521   -0.3027    0.5855
...   146 C-G ...
  -16.4650   53.8949    7.5153
    0.5336   -0.3331    0.7774
   -0.0346    0.9098    0.4136
   -0.8450   -0.2476    0.4739
...   147 A-T ...
  -19.0172   52.0374    8.9260
    0.2452    0.2907    0.9249
   -0.3073    0.9281   -0.2103
   -0.9195   -0.2327    0.3169
