  147 base-pairs
...     1 A-T ...
    0.0000    0.0000    0.0000
    1.0000    0.0000    0.0000
    0.0000    1.0000    0.0000
    0.0000    0.0000    1.0000
...     2 G-C ...
   -0.1404   -1.2353    3.2259
    0.7530    0.6366    0.1668
   -0.6385    0.7681   -0.0490
   -0.1593   -0.0696    0.9848
...     3 T-A ...
   -0.0377   -3.2918    6.3749
    0.2722    0.9302    0.2464
   -0.9238    0.3243   -0.2034
   -0.2691   -0.1722    0.9476
...     4 G-C ...
   -0.3520   -4.1638    9.4928
   -0.3756    0.9250    0.0576
   -0.8780   -0.3352   -0.3416
   -0.2967   -0.1788    0.9381
...     5 A-T ...
   -0.4480   -4.1448   12.7498
   -0.8116    0.5839   -0.0166
   -0.5522   -0.7762   -0.3042
   -0.1905   -0.2377    0.9525
...     6 G-C ...
   -1.5926   -4.1701   15.6201
   -0.9976    0.0246   -0.0651
   -0.0043   -0.9555   -0.2950
   -0.0694   -0.2940    0.9533
...     7 C-G ...
   -1.1050   -4.4793   18.7363
   -0.8442   -0.5302   -0.0787
    0.5343   -0.8442   -0.0430
   -0.0437   -0.0784    0.9960
...     8 G-C ...
   -2.4044   -7.7255   23.1483
   -0.2753   -0.3294   -0.9032
    0.6650   -0.7437    0.0686
   -0.6943   -0.5817    0.4238
...     9 C-G ...
   -4.4706   -9.9691   24.1142
    0.1145   -0.7026   -0.7023
    0.8512   -0.2951    0.4341
   -0.5123   -0.6475    0.5642
...    10 T-A ...
   -6.7420  -10.8705   25.9717
    0.4841   -0.8363   -0.2573
    0.6594    0.1554    0.7356
   -0.5752   -0.5257    0.6267
...    11 C-G ...
   -9.1682  -12.6167   27.1662
    0.7073   -0.6683    0.2306
    0.3450    0.6110    0.7125
   -0.6170   -0.4243    0.6627
...    12 A-T ...
  -10.9253  -14.6583   29.0713
    0.7515   -0.1377    0.6452
   -0.2027    0.8824    0.4245
   -0.6278   -0.4498    0.6352
...    13 C-G ...
  -11.8495  -17.4796   31.2472
    0.4294    0.2824    0.8578
   -0.5708    0.8209    0.0155
   -0.6998   -0.4963    0.5137
...    14 A-T ...
  -13.5915  -19.7756   33.4284
   -0.1503    0.6106    0.7775
   -0.6874    0.5007   -0.5261
   -0.7106   -0.6135    0.3445
...    15 A-T ...
  -15.6873  -21.8626   34.7610
   -0.5077    0.7793    0.3674
   -0.4768    0.1010   -0.8732
   -0.7176   -0.6185    0.3203
...    16 T-A ...
  -17.7804  -23.7614   36.4212
   -0.6625    0.7415   -0.1061
   -0.1628   -0.2808   -0.9459
   -0.7311   -0.6094    0.3068
...    17 T-A ...
  -20.1561  -25.5713   37.6382
   -0.6120    0.5086   -0.6056
    0.2192   -0.6267   -0.7478
   -0.7599   -0.5904    0.2720
...    18 T-A ...
  -22.7330  -27.2370   38.6076
   -0.3554    0.1428   -0.9237
    0.5027   -0.8039   -0.3177
   -0.7880   -0.5773    0.2139
...    19 A-T ...
  -25.8272  -28.5029   38.9794
    0.1028   -0.1074   -0.9889
    0.5595   -0.8157    0.1468
   -0.8224   -0.5684   -0.0238
...    20 T-A ...
  -28.7934  -29.7884   38.5710
    0.3867   -0.4625   -0.7979
    0.4256   -0.6780    0.5993
   -0.8181   -0.5714   -0.0654
...    21 T-A ...
  -31.5062  -31.4636   38.0557
    0.5713   -0.7415   -0.3518
    0.1294   -0.3419    0.9308
   -0.8105   -0.5772   -0.0994
...    22 C-G ...
  -33.9956  -33.4793   37.5154
    0.5639   -0.7922    0.2332
   -0.2469    0.1077    0.9630
   -0.7880   -0.6007   -0.1349
...    23 G-C ...
  -36.5718  -35.5384   37.4957
    0.3917   -0.5678    0.7240
   -0.5582    0.4789    0.6775
   -0.7314   -0.6696   -0.1294
...    24 C-G ...
  -38.6945  -38.0065   36.9408
    0.0449   -0.2145    0.9757
   -0.6901    0.6995    0.1856
   -0.7223   -0.6817   -0.1166
...    25 A-T ...
  -41.2283  -40.0567   36.5352
   -0.3069    0.2498    0.9184
   -0.6028    0.6957   -0.3907
   -0.7365   -0.6735   -0.0629
...    26 A-T ...
  -43.4363  -42.4410   36.5049
   -0.6066    0.5772    0.5467
   -0.3113    0.4602   -0.8314
   -0.7315   -0.6745   -0.0995
...    27 A-T ...
  -45.7630  -44.6937   36.4572
   -0.6718    0.7407    0.0057
    0.0877    0.0871   -0.9923
   -0.7355   -0.6661   -0.1234
...    28 G-C ...
  -48.3099  -46.7481   36.3444
   -0.4651    0.7521   -0.4669
    0.4188   -0.2777   -0.8646
   -0.7799   -0.5977   -0.1858
...    29 G-C ...
  -51.1885  -48.4323   35.9477
   -0.0844    0.5871   -0.8051
    0.5827   -0.6264   -0.5179
   -0.8083   -0.5128   -0.2892
...    30 C-G ...
  -54.0834  -49.6073   35.0323
    0.2952    0.2311   -0.9271
    0.5243   -0.8504   -0.0451
   -0.7988   -0.4727   -0.3722
...    31 C-G ...
  -56.8117  -50.7133   33.4128
    0.6140   -0.1697   -0.7709
    0.2623   -0.8773    0.4020
   -0.7445   -0.4490   -0.4941
...    32 G-C ...
  -58.9214  -52.4683   31.5714
    0.7514   -0.5415   -0.3770
   -0.1626   -0.7057    0.6895
   -0.6395   -0.4568   -0.6184
...    33 G-C ...
  -60.6329  -53.9616   29.0759
    0.5990   -0.7967    0.0810
   -0.5710   -0.3540    0.7407
   -0.5614   -0.4899   -0.6669
...    34 C-G ...
  -62.0808  -55.6418   26.6221
    0.2084   -0.8542    0.4763
   -0.8220    0.1110    0.5586
   -0.5300   -0.5079   -0.6791
...    35 C-G ...
  -63.5805  -57.5802   24.3139
   -0.2474   -0.6420    0.7257
   -0.8186    0.5392    0.1979
   -0.5184   -0.5451   -0.6589
...    36 C-G ...
  -65.1282  -59.6339   22.1413
   -0.6250   -0.2284    0.7465
   -0.5585    0.7989   -0.2232
   -0.5454   -0.5564   -0.6269
...    37 G-C ...
  -67.0465  -61.0415   19.8355
   -0.7803    0.2914    0.5534
   -0.1107    0.8064   -0.5808
   -0.6155   -0.5145   -0.5970
...    38 A-T ...
  -68.9655  -62.8290   17.9087
   -0.6787    0.7184    0.1525
    0.3674    0.5120   -0.7765
   -0.6359   -0.4709   -0.6114
...    39 C-G ...
  -71.3641  -64.4746   16.4164
   -0.3712    0.9021   -0.2203
    0.6616    0.0905   -0.7444
   -0.6516   -0.4220   -0.6303
...    40 A-T ...
  -73.6245  -65.7403   14.3248
    0.1344    0.8757   -0.4638
    0.7397   -0.4001   -0.5410
   -0.6593   -0.2704   -0.7015
...    41 C-G ...
  -76.1312  -66.1078   12.2934
    0.5250    0.5867   -0.6166
    0.5667   -0.7815   -0.2611
   -0.6350   -0.2123   -0.7427
...    42 G-C ...
  -77.8980  -66.7422    9.5775
    0.8386    0.1346   -0.5278
    0.1761   -0.9840    0.0288
   -0.5155   -0.1171   -0.8489
...    43 A-T ...
  -79.3857  -66.9451    6.6974
    0.8206   -0.4313   -0.3750
   -0.3441   -0.8967    0.2784
   -0.4564   -0.0994   -0.8842
...    44 C-G ...
  -80.4120  -66.7916    3.5660
    0.5480   -0.8205   -0.1627
   -0.7255   -0.5630    0.3959
   -0.4164   -0.0989   -0.9038
...    45 T-A ...
  -81.3690  -67.0896    0.4262
    0.1152   -0.9892    0.0904
   -0.9217   -0.0726    0.3811
   -0.3704   -0.1272   -0.9201
...    46 T-A ...
  -82.2078  -67.4821   -2.6973
   -0.4418   -0.8638    0.2421
   -0.8251    0.4972    0.2683
   -0.3522   -0.0812   -0.9324
...    47 A-T ...
  -83.5671  -67.3744   -5.7484
   -0.8674   -0.3836    0.3170
   -0.3762    0.9225    0.0869
   -0.3257   -0.0438   -0.9444
...    48 C-G ...
  -84.5619  -68.1106   -8.8195
   -0.9333    0.1398    0.3308
    0.1219    0.9898   -0.0743
   -0.3378   -0.0290   -0.9408
...    49 T-A ...
  -85.8883  -68.4422  -11.8159
   -0.7218    0.6190    0.3097
    0.5794    0.7851   -0.2188
   -0.3786    0.0215   -0.9253
...    50 G-C ...
  -87.2575  -68.1818  -14.8250
   -0.2527    0.9265    0.2789
    0.8712    0.3433   -0.3509
   -0.4208    0.1543   -0.8939
...    51 T-A ...
  -89.1771  -67.6495  -17.4075
    0.2347    0.9634    0.1298
    0.8833   -0.1555   -0.4423
   -0.4059    0.2185   -0.8874
...    52 A-T ...
  -90.8676  -66.3479  -19.9903
    0.7005    0.7077    0.0918
    0.6481   -0.5771   -0.4969
   -0.2987    0.4077   -0.8629
...    53 G-C ...
  -91.8906  -64.6278  -22.5858
    0.9528    0.2939   -0.0768
    0.2159   -0.8330   -0.5094
   -0.2136    0.4688   -0.8571
...    54 G-C ...
  -92.2338  -62.5776  -25.2432
    0.9459   -0.2194   -0.2389
   -0.3087   -0.8353   -0.4549
   -0.0998    0.5041   -0.8579
...    55 T-A ...
  -92.1441  -60.4749  -27.7726
    0.6662   -0.6220   -0.4114
   -0.7432   -0.5995   -0.2969
   -0.0620    0.5036   -0.8617
...    56 A-T ...
  -92.3802  -58.8820  -30.6671
    0.1174   -0.8606   -0.4956
   -0.9926   -0.1179   -0.0305
   -0.0322    0.4955   -0.8680
...    57 T-A ...
  -91.7715  -57.3206  -33.5176
   -0.3932   -0.7934   -0.4647
   -0.9192    0.3260    0.2210
   -0.0239    0.5140   -0.8574
...    58 C-G ...
  -91.7585  -55.7295  -36.3753
   -0.8505   -0.4643   -0.2470
   -0.5250    0.7225    0.4498
   -0.0304    0.5123   -0.8583
...    59 T-A ...
  -91.8616  -54.3427  -39.3657
   -0.9970   -0.0564    0.0526
   -0.0212    0.8564    0.5159
   -0.0742    0.5133   -0.8550
...    60 C-G ...
  -92.1322  -52.7633  -42.2051
   -0.8297    0.4188    0.3691
    0.5492    0.7311    0.4048
   -0.1003    0.5386   -0.8366
...    61 G-C ...
  -92.2705  -50.7464  -44.8163
   -0.4011    0.6526    0.6428
    0.9020    0.4039    0.1527
   -0.1599    0.6410   -0.7506
...    62 A-T ...
  -92.9197  -48.6714  -47.2120
    0.1749    0.7194    0.6722
    0.9726   -0.0202   -0.2314
   -0.1529    0.6943   -0.7033
...    63 G-C ...
  -93.7044  -46.2325  -49.2540
    0.6396    0.5446    0.5425
    0.7619   -0.3553   -0.5415
   -0.1022    0.7597   -0.6422
...    64 C-G ...
  -94.1891  -43.4526  -50.9060
    0.9457    0.2289    0.2307
    0.3218   -0.5607   -0.7629
   -0.0453    0.7958   -0.6039
...    65 T-A ...
  -94.1861  -40.5870  -52.5052
    0.9818   -0.1391   -0.1293
   -0.1857   -0.5610   -0.8067
    0.0397    0.8160   -0.5766
...    66 C-G ...
  -93.8014  -37.9029  -54.2963
    0.7061   -0.4575   -0.5405
   -0.7025   -0.3566   -0.6159
    0.0890    0.8146   -0.5732
...    67 G-C ...
  -93.6291  -35.4447  -56.4978
    0.2083   -0.6458   -0.7346
   -0.9639   -0.0082   -0.2661
    0.1658    0.7635   -0.6242
...    68 G-C ...
  -92.7104  -33.0394  -58.6639
   -0.3403   -0.5962   -0.7272
   -0.9240    0.3555    0.1410
    0.1745    0.7199   -0.6718
...    69 T-A ...
  -91.6311  -30.9962  -61.0465
   -0.7646   -0.3381   -0.5487
   -0.6224    0.6083    0.4926
    0.1672    0.7181   -0.6755
...    70 C-G ...
  -91.0514  -28.7379  -63.3374
   -0.9861    0.0598   -0.1549
   -0.0717    0.6878    0.7223
    0.1498    0.7234   -0.6740
...    71 A-T ...
  -90.5590  -26.2411  -65.4396
   -0.8750    0.3544    0.3299
    0.4802    0.5487    0.6843
    0.0615    0.7572   -0.6503
...    72 T-A ...
  -90.8440  -24.0962  -67.9065
   -0.5303    0.5663    0.6309
    0.8456    0.2996    0.4418
    0.0612    0.7678   -0.6378
...    73 G-C ...
  -90.7534  -21.3912  -69.8289
   -0.0163    0.5234    0.8520
    0.9989   -0.0295    0.0373
    0.0446    0.8516   -0.5223
...    74 T-A ...
  -91.2118  -18.5134  -71.3082
    0.4740    0.3896    0.7897
    0.8779   -0.2784   -0.3896
    0.0680    0.8779   -0.4740
...    75 T-A ...
  -91.1731  -15.5644  -72.6162
    0.8650    0.1423    0.4811
    0.4917   -0.4312   -0.7565
    0.0997    0.8910   -0.4430
...    76 A-T ...
  -90.6864  -12.4170  -73.5722
    0.9671   -0.2337    0.1003
    0.0002   -0.3935   -0.9193
    0.2543    0.8891   -0.3805
...    77 T-A ...
  -89.6796   -9.3501  -74.1401
    0.8415   -0.4081   -0.3540
   -0.4660   -0.2168   -0.8578
    0.2733    0.8868   -0.3726
...    78 A-T ...
  -88.6003   -6.4810  -75.3760
    0.4257   -0.5152   -0.7439
   -0.8399    0.0808   -0.5366
    0.3366    0.8533   -0.3983
...    79 A-T ...
  -87.1843   -3.8071  -76.5586
   -0.1032   -0.3646   -0.9254
   -0.9334    0.3569   -0.0365
    0.3436    0.8600   -0.3772
...    80 C-G ...
  -85.5190   -1.3042  -77.9568
   -0.5654   -0.1405   -0.8127
   -0.7487    0.5009    0.4343
    0.3461    0.8540   -0.3884
...    81 G-C ...
  -84.6973    1.7142  -79.0256
   -0.9066    0.0834   -0.4137
   -0.3182    0.5089    0.7999
    0.2773    0.8568   -0.4348
...    82 G-C ...
  -83.7803    4.4339  -80.7771
   -0.9567    0.2738    0.0984
    0.2044    0.3917    0.8971
    0.2070    0.8784   -0.4307
...    83 A-T ...
  -83.1203    7.2374  -82.2897
   -0.6827    0.4112    0.6040
    0.7063    0.1595    0.6897
    0.1873    0.8975   -0.3993
...    84 G-C ...
  -82.8512   10.1903  -83.7013
   -0.2586    0.3601    0.8964
    0.9503   -0.0717    0.3029
    0.1733    0.9302   -0.3236
...    85 A-T ...
  -82.4239   13.2299  -84.7347
    0.2986    0.1972    0.9338
    0.9351   -0.2560   -0.2450
    0.1908    0.9463   -0.2608
...    86 T-A ...
  -82.3617   16.4610  -85.2013
    0.7038    0.0182    0.7102
    0.6785   -0.3135   -0.6644
    0.2105    0.9494   -0.2330
...    87 C-G ...
  -81.6182   19.5659  -85.7274
    0.9452   -0.2213    0.2399
    0.1844   -0.2444   -0.9520
    0.2693    0.9441   -0.1903
...    88 C-G ...
  -80.4389   22.7081  -85.9028
    0.8734   -0.4119   -0.2599
   -0.3075   -0.0526   -0.9501
    0.3777    0.9097   -0.1726
...    89 G-C ...
  -79.0440   25.5542  -86.8418
    0.5302   -0.4772   -0.7009
   -0.6887    0.2398   -0.6843
    0.4946    0.8455   -0.2015
...    90 C-G ...
  -77.0014   28.0730  -87.4169
    0.0686   -0.3050   -0.9499
   -0.8473    0.4847   -0.2169
    0.5266    0.8197   -0.2252
...    91 T-A ...
  -74.9729   30.5224  -88.2912
   -0.3899   -0.0396   -0.9200
   -0.7468    0.5982    0.2907
    0.5388    0.8004   -0.2628
...    92 T-A ...
  -72.9647   32.8944  -89.2624
   -0.7190    0.3364   -0.6082
   -0.4050    0.5085    0.7599
    0.5649    0.7926   -0.2294
...    93 T-A ...
  -71.0068   35.2901  -90.2703
   -0.8049    0.5872   -0.0853
    0.0551    0.2170    0.9746
    0.5908    0.7798   -0.2070
...    94 A-T ...
  -69.0565   37.8951  -90.8825
   -0.6603    0.5665    0.4931
    0.4954   -0.1650    0.8529
    0.5645    0.8074   -0.1717
...    95 A-T ...
  -67.4376   40.6027  -91.6049
   -0.2960    0.3677    0.8816
    0.7664   -0.4594    0.4489
    0.5701    0.8085   -0.1459
...    96 C-G ...
  -66.1303   43.5494  -92.1331
    0.0888    0.0424    0.9951
    0.8133   -0.5798   -0.0479
    0.5750    0.8137   -0.0859
...    97 A-T ...
  -64.2752   46.3215  -92.2214
    0.3984   -0.3960    0.8273
    0.6748   -0.4844   -0.5568
    0.6212    0.7801    0.0742
...    98 C-G ...
  -62.6124   49.0035  -91.4141
    0.6376   -0.6326    0.4395
    0.4090   -0.2054   -0.8891
    0.6528    0.7467    0.1278
...    99 T-A ...
  -60.4621   51.3136  -90.5330
    0.6957   -0.7148   -0.0705
    0.0793    0.1740   -0.9815
    0.7139    0.6773    0.1778
...   100 T-A ...
  -58.1088   53.3519  -89.6561
    0.6191   -0.5116   -0.5958
   -0.2937    0.5528   -0.7799
    0.7283    0.6578    0.1920
...   101 T-A ...
  -55.6078   55.2372  -88.8077
    0.3679   -0.1078   -0.9236
   -0.5750    0.7542   -0.3171
    0.7308    0.6477    0.2155
...   102 A-T ...
  -53.3570   57.5848  -88.1072
   -0.0306    0.3773   -0.9256
   -0.6732    0.6767    0.2981
    0.7388    0.6322    0.2333
...   103 T-A ...
  -50.5070   59.2170  -87.6951
   -0.3430    0.6818   -0.6462
   -0.5733    0.3930    0.7189
    0.7441    0.6171    0.2561
...   104 G-C ...
  -48.2235   61.3819  -86.7294
   -0.6535    0.7404   -0.1574
   -0.2876   -0.0505    0.9564
    0.7002    0.6703    0.2459
...   105 C-G ...
  -45.8688   63.6474  -86.3076
   -0.7379    0.5713    0.3594
    0.0899   -0.4445    0.8912
    0.6689    0.6900    0.2766
...   106 T-A ...
  -43.8733   66.1617  -85.5851
   -0.6460    0.2225    0.7302
    0.4387   -0.6747    0.5936
    0.6247    0.7038    0.3382
...   107 T-A ...
  -42.0405   68.6216  -84.5818
   -0.3405   -0.2036    0.9179
    0.7111   -0.6944    0.1098
    0.6151    0.6901    0.3813
...   108 C-G ...
  -40.1860   70.8964  -83.2287
    0.0536   -0.6073    0.7927
    0.7901   -0.4596   -0.4055
    0.6106    0.6480    0.4552
...   109 C-G ...
  -38.4764   73.0302  -81.2761
    0.3590   -0.8351    0.4169
    0.6817   -0.0704   -0.7282
    0.6375    0.5456    0.5440
...   110 G-C ...
  -36.0953   74.4809  -79.5081
    0.5556   -0.8248   -0.1047
    0.4578    0.4087   -0.7896
    0.6941    0.3908    0.6046
...   111 G-C ...
  -33.7053   75.2091  -77.2496
    0.6486   -0.5275   -0.5487
    0.1590    0.7989   -0.5801
    0.7443    0.2890    0.6021
...   112 C-G ...
  -31.1309   75.6463  -75.2358
    0.6135   -0.0297   -0.7891
   -0.1759    0.9690   -0.1732
    0.7699    0.2451    0.5893
...   113 T-A ...
  -28.4119   76.1006  -73.4176
    0.4212    0.4696   -0.7759
   -0.4379    0.8545    0.2794
    0.7942    0.2221    0.5656
...   114 C-G ...
  -25.7148   76.7601  -71.6707
    0.0963    0.8828   -0.4597
   -0.5998    0.4201    0.6810
    0.7943    0.2101    0.5700
...   115 G-C ...
  -23.4113   77.5023  -69.4095
   -0.3022    0.9522   -0.0445
   -0.5644   -0.1412    0.8133
    0.7682    0.2709    0.5801
...   116 T-A ...
  -20.6168   78.6075  -67.9989
   -0.5636    0.7423    0.3624
   -0.3504   -0.6122    0.7088
    0.7480    0.2725    0.6051
...   117 A-T ...
  -18.1787   79.6667  -66.0297
   -0.7392    0.2652    0.6191
    0.0024   -0.9182    0.3962
    0.6735    0.2943    0.6780
...   118 T-A ...
  -16.1851   81.2433  -63.9810
   -0.6712   -0.2202    0.7078
    0.3529   -0.9346    0.0440
    0.6518    0.2793    0.7050
...   119 A-T ...
  -14.6083   82.6065  -61.3434
   -0.5670   -0.6812    0.4631
    0.6487   -0.7158   -0.2585
    0.5076    0.1539    0.8478
...   120 A-T ...
  -13.2623   83.1221  -58.4705
   -0.1783   -0.9639    0.1975
    0.8624   -0.2498   -0.4403
    0.4738    0.0918    0.8758
...   121 T-A ...
  -12.3738   83.3498  -55.3480
    0.2348   -0.9694   -0.0722
    0.8537    0.2411   -0.4617
    0.4649    0.0468    0.8841
...   122 G-C ...
  -10.7128   83.1077  -52.4893
    0.5901   -0.6922   -0.4155
    0.6351    0.7158   -0.2904
    0.4985   -0.0925    0.8620
...   123 T-A ...
   -9.3691   82.1969  -49.6278
    0.8194   -0.2360   -0.5224
    0.2685    0.9632   -0.0140
    0.5065   -0.1288    0.8526
...   124 G-C ...
   -7.4832   81.9708  -46.9373
    0.8021    0.3526   -0.4819
   -0.2117    0.9225    0.3227
    0.5584   -0.1569    0.8146
...   125 T-A ...
   -5.4081   80.9369  -44.5399
    0.5847    0.7755   -0.2382
   -0.5925    0.6088    0.5276
    0.5541   -0.1673    0.8154
...   126 C-G ...
   -3.4978   80.3281  -41.9423
    0.1345    0.9835    0.1212
   -0.8290    0.0447    0.5574
    0.5428   -0.1754    0.8213
...   127 G-C ...
   -2.1240   79.5549  -39.0322
   -0.3843    0.8615    0.3317
   -0.7848   -0.4941    0.3741
    0.4863   -0.1166    0.8660
...   128 A-T ...
   -0.4157   79.1462  -36.2970
   -0.7820    0.4395    0.4419
   -0.4455   -0.8900    0.0968
    0.4358   -0.1212    0.8919
...   129 C-G ...
    1.0661   79.3578  -33.3995
   -0.9248   -0.0493    0.3771
   -0.0050   -0.9899   -0.1416
    0.3803   -0.1328    0.9153
...   130 C-G ...
    2.1514   79.3246  -30.2134
   -0.8505   -0.5120    0.1205
    0.4592   -0.8345   -0.3045
    0.2565   -0.2036    0.9449
...   131 A-T ...
    2.6813   78.6450  -26.9848
   -0.5373   -0.8136   -0.2221
    0.8359   -0.4786   -0.2687
    0.1123   -0.3300    0.9373
...   132 A-T ...
    2.6989   77.5258  -23.9691
   -0.0226   -0.9218   -0.3870
    0.9970    0.0080   -0.0772
    0.0743   -0.3875    0.9189
...   133 A-T ...
    2.6302   76.0898  -21.0797
    0.5125   -0.7626   -0.3947
    0.8568    0.4848    0.1757
    0.0574   -0.4282    0.9019
...   134 T-A ...
    2.3076   74.2307  -18.3902
    0.8657   -0.4293   -0.2574
    0.4984    0.7868    0.3641
    0.0462   -0.4435    0.8951
...   135 G-C ...
    1.4355   72.0970  -15.6050
    0.9809    0.0621    0.1843
   -0.1263    0.9241    0.3607
   -0.1479   -0.3771    0.9143
...   136 T-A ...
    0.5280   69.2393  -13.4688
    0.7351    0.4963    0.4618
   -0.6117    0.7792    0.1365
   -0.2921   -0.3828    0.8764
...   137 G-C ...
   -0.1658   67.4106  -10.8095
    0.1800    0.8794    0.4408
   -0.9276    0.3008   -0.2214
   -0.3274   -0.3691    0.8698
...   138 A-T ...
   -0.1321   66.2180   -7.8216
   -0.3749    0.8570    0.3536
   -0.8857   -0.2184   -0.4098
   -0.2739   -0.4668    0.8409
...   139 G-C ...
   -1.0068   65.6075   -4.9424
   -0.8336    0.5218    0.1811
   -0.5170   -0.6220   -0.5881
   -0.1942   -0.5839    0.7883
...   140 C-G ...
   -0.6974   63.9003   -2.2528
   -0.9992    0.0157   -0.0376
    0.0023   -0.8993   -0.4374
   -0.0406   -0.4371    0.8985
...   141 G-C ...
   -3.4382   60.2385    1.0284
   -0.4425    0.2285   -0.8672
    0.1683   -0.9287   -0.3306
   -0.8808   -0.2922    0.3725
...   142 C-G ...
   -6.3288   59.0834    1.6294
   -0.2970   -0.3280   -0.8968
    0.5656   -0.8171    0.1115
   -0.7693   -0.4741    0.4282
...   143 T-A ...
   -8.6768   58.7243    3.6024
   -0.0347   -0.7817   -0.6227
    0.6533   -0.4893    0.5778
   -0.7563   -0.3868    0.5276
...   144 C-G ...
  -11.6544   58.0114    4.7193
    0.2451   -0.9542   -0.1716
    0.6322    0.0231    0.7745
   -0.7350   -0.2983    0.6089
...   145 A-T ...
  -14.1760   56.5669    6.1807
    0.5795   -0.7268    0.3687
    0.3139    0.6165    0.7220
   -0.7521   -0.3027    0.5855
...   146 C-G ...
  -16.4651   53.8949    7.5153
    0.5336   -0.3331    0.7774
   -0.0346    0.9098    0.4136
   -0.8450   -0.2476    0.4739
...   147 A-T ...
  -19.0172   52.0374    8.9261
    0.2452    0.2907    0.9249
   -0.3073    0.9281   -0.2103
   -0.9195   -0.2327    0.3169
