  147 base-pairs
...     1 A-T ...
    0.0000    0.0000    0.0000
    1.0000    0.0000    0.0000
    0.0000    1.0000    0.0000
    0.0000    0.0000    1.0000
...     2 G-C ...
   -0.1404   -1.2353    3.2259
    0.7530    0.6366    0.1668
   -0.6385    0.7681   -0.0490
   -0.1593   -0.0696    0.9848
...     3 T-A ...
   -0.0377   -3.2918    6.3749
    0.2722    0.9302    0.2464
   -0.9238    0.3243   -0.2034
   -0.2691   -0.1722    0.9476
...     4 G-C ...
   -0.3520   -4.1638    9.4928
   -0.3756    0.9250    0.0576
   -0.8780   -0.3352   -0.3416
   -0.2967   -0.1788    0.9381
...     5 A-T ...
   -0.4480   -4.1448   12.7498
   -0.8116    0.5839   -0.0166
   -0.5522   -0.7762   -0.3042
   -0.1905   -0.2377    0.9525
...     6 G-C ...
   -1.5926   -4.1701   15.6201
   -0.9976    0.0246   -0.0651
   -0.0043   -0.9555   -0.2950
   -0.0694   -0.2940    0.9533
...     7 C-G ...
   -1.1050   -4.4793   18.7363
   -0.8442   -0.5302   -0.0787
    0.5343   -0.8442   -0.0430
   -0.0437   -0.0784    0.9960
...     8 G-C ...
   -2.4044   -7.7255   23.1483
   -0.2753   -0.3294   -0.9032
    0.6650   -0.7437    0.0686
   -0.6943   -0.5817    0.4238
...     9 C-G ...
   -4.4706   -9.9691   24.1142
    0.1145   -0.7026   -0.7023
    0.8512   -0.2951    0.4341
   -0.5123   -0.6475    0.5642
...    10 T-A ...
   -6.7420  -10.8705   25.9717
    0.4841   -0.8363   -0.2573
    0.6594    0.1554    0.7356
   -0.5752   -0.5257    0.6267
...    11 C-G ...
   -9.1682  -12.6167   27.1662
    0.7073   -0.6683    0.2306
    0.3450    0.6110    0.7125
   -0.6170   -0.4243    0.6627
...    12 A-T ...
  -10.9253  -14.6583   29.0713
    0.7515   -0.1377    0.6452
   -0.2027    0.8824    0.4245
   -0.6278   -0.4498    0.6352
...    13 C-G ...
  -11.8495  -17.4796   31.2472
    0.4294    0.2824    0.8578
   -0.5708    0.8209    0.0155
   -0.6998   -0.4963    0.5137
...    14 A-T ...
  -13.5915  -19.7756   33.4284
   -0.1503    0.6106    0.7775
   -0.6874    0.5007   -0.5261
   -0.7106   -0.6135    0.3445
...    15 A-T ...
  -15.6912  -21.8583   34.7573
   -0.5040    0.7817    0.3672
   -0.4767    0.1028   -0.8730
   -0.7203   -0.6151    0.3208
...    16 T-A ...
  -17.7947  -23.7407   36.4161
   -0.6558    0.7475   -0.1061
   -0.1656   -0.2795   -0.9458
   -0.7366   -0.6027    0.3070
...    17 T-A ...
  -20.1925  -25.5220   37.6246
   -0.6028    0.5196   -0.6055
    0.2102   -0.6286   -0.7487
   -0.7697   -0.5787    0.2697
...    18 T-A ...
  -22.8009  -27.1437   38.5770
   -0.3489    0.1547   -0.9243
    0.4871   -0.8127   -0.3198
   -0.8006   -0.5618    0.2082
...    19 A-T ...
  -25.9368  -28.3227   38.9165
    0.1064   -0.1003   -0.9893
    0.5379   -0.8310    0.1420
   -0.8363   -0.5472   -0.0345
...    20 T-A ...
  -28.9332  -29.5264   38.4754
    0.3792   -0.4653   -0.7998
    0.4031   -0.6950    0.5954
   -0.8329   -0.5482   -0.0760
...    21 T-A ...
  -31.6920  -31.1157   37.9239
    0.5491   -0.7570   -0.3542
    0.1124   -0.3531    0.9288
   -0.8281   -0.5498   -0.1089
...    22 C-G ...
  -34.2465  -33.0430   37.3507
    0.5320   -0.8145    0.2316
   -0.2499    0.1104    0.9620
   -0.8091   -0.5696   -0.1448
...    23 G-C ...
  -36.9151  -34.9795   37.3011
    0.3594   -0.5892    0.7236
   -0.5422    0.4993    0.6758
   -0.7595   -0.6352   -0.1400
...    24 C-G ...
  -39.1527  -37.3338   36.6986
    0.0255   -0.2224    0.9746
   -0.6568    0.7312    0.1841
   -0.7536   -0.6448   -0.1274
...    25 A-T ...
  -41.7826  -39.2478   36.2434
   -0.3013    0.2599    0.9174
   -0.5617    0.7292   -0.3910
   -0.7706   -0.6331   -0.0737
...    26 A-T ...
  -44.1170  -41.5050   36.1766
   -0.5760    0.6073    0.5473
   -0.2797    0.4827   -0.8299
   -0.7681   -0.6311   -0.1082
...    27 A-T ...
  -46.5726  -43.6117   36.0978
   -0.6240    0.7813    0.0100
    0.0959    0.0893   -0.9914
   -0.7755   -0.6177   -0.1307
...    28 G-C ...
  -49.2476  -45.4907   35.9626
   -0.4130    0.7862   -0.4597
    0.4005   -0.2966   -0.8670
   -0.8180   -0.5422   -0.1924
...    29 G-C ...
  -52.2426  -46.9484   35.5388
   -0.0428    0.6010   -0.7981
    0.5364   -0.6602   -0.5258
   -0.8429   -0.4506   -0.2941
...    30 C-G ...
  -55.2140  -47.8905   34.6001
    0.3099    0.2201   -0.9249
    0.4595   -0.8863   -0.0569
   -0.8323   -0.4074   -0.3758
...    31 C-G ...
  -58.0128  -48.7673   32.9587
    0.5961   -0.2075   -0.7756
    0.1940   -0.9002    0.3899
   -0.7791   -0.3829   -0.4963
...    32 G-C ...
  -60.2599  -50.3324   31.1076
    0.7007   -0.5980   -0.3890
   -0.2173   -0.6983    0.6820
   -0.6795   -0.3933   -0.6193
...    33 G-C ...
  -62.1202  -51.6374   28.6121
    0.5267   -0.8475    0.0657
   -0.5939   -0.3116    0.7418
   -0.6082   -0.4297   -0.6674
...    34 C-G ...
  -63.7455  -53.1381   26.1507
    0.1340   -0.8760    0.4634
   -0.8025    0.1784    0.5693
   -0.5814   -0.4482   -0.6791
...    35 C-G ...
  -65.4441  -54.8789   23.8232
   -0.2975   -0.6258    0.7210
   -0.7611    0.6114    0.2166
   -0.5764   -0.4844   -0.6582
...    36 C-G ...
  -67.2013  -56.7355   21.6334
   -0.6315   -0.1780    0.7546
   -0.4819    0.8526   -0.2021
   -0.6074   -0.4913   -0.6242
...    37 G-C ...
  -69.2837  -57.9187   19.3443
   -0.7348    0.3581    0.5761
   -0.0426    0.8233   -0.5660
   -0.6770   -0.4404   -0.5897
...    38 A-T ...
  -71.4200  -59.4657   17.4426
   -0.5980    0.7803    0.1831
    0.3970    0.4868   -0.7781
   -0.6963   -0.3926   -0.6008
...    39 C-G ...
  -74.0145  -60.8244   15.9965
   -0.2827    0.9396   -0.1930
    0.6456    0.0375   -0.7628
   -0.7095   -0.3402   -0.6172
...    40 A-T ...
  -76.4620  -61.7926   13.9571
    0.2099    0.8671   -0.4517
    0.6762   -0.4624   -0.5735
   -0.7062   -0.1851   -0.6834
...    41 C-G ...
  -79.0592  -61.8473   12.0049
    0.5621    0.5422   -0.6245
    0.4721   -0.8304   -0.2959
   -0.6791   -0.1285   -0.7228
...    42 G-C ...
  -80.9708  -62.2338    9.3406
    0.8267    0.0558   -0.5599
    0.0701   -0.9975    0.0041
   -0.5583   -0.0426   -0.8285
...    43 A-T ...
  -82.5925  -62.2098    6.5238
    0.7512   -0.5097   -0.4195
   -0.4279   -0.8599    0.2785
   -0.5026   -0.0297   -0.8640
...    44 C-G ...
  -83.7393  -61.8734    3.4456
    0.4453   -0.8720   -0.2032
   -0.7643   -0.4884    0.4211
   -0.4664   -0.0322   -0.8840
...    45 T-A ...
  -84.8758  -61.9877    0.3529
    0.0080   -0.9977    0.0672
   -0.9038    0.0215    0.4274
   -0.4279   -0.0642   -0.9016
...    46 T-A ...
  -85.9123  -62.2093   -2.7273
   -0.5221   -0.8149    0.2517
   -0.7492    0.5793    0.3212
   -0.4075   -0.0209   -0.9130
...    47 A-T ...
  -87.4036  -61.9092   -5.6984
   -0.8823   -0.2969    0.3654
   -0.2703    0.9549    0.1231
   -0.3854    0.0099   -0.9227
...    48 C-G ...
  -88.6581  -62.4741   -8.7063
   -0.8904    0.2293    0.3933
    0.2203    0.9730   -0.0686
   -0.3984    0.0255   -0.9169
...    49 T-A ...
  -90.2072  -62.6037  -11.6086
   -0.6308    0.6835    0.3673
    0.6420    0.7256   -0.2478
   -0.4359    0.0795   -0.8965
...    50 G-C ...
  -91.7519  -62.1323  -14.5059
   -0.1349    0.9416    0.3086
    0.8751    0.2593   -0.4086
   -0.4647    0.2149   -0.8590
...    51 T-A ...
  -93.7858  -61.3493  -16.9337
    0.3419    0.9316    0.1236
    0.8279   -0.2363   -0.5087
   -0.4447    0.2762   -0.8521
...    52 A-T ...
  -95.4995  -59.8495  -19.3853
    0.7753    0.6305    0.0373
    0.5427   -0.6347   -0.5502
   -0.3232    0.4468   -0.8342
...    53 G-C ...
  -96.5503  -58.0029  -21.8844
    0.9681    0.1952   -0.1570
    0.0848   -0.8452   -0.5277
   -0.2357    0.4976   -0.8348
...    54 G-C ...
  -96.9200  -55.9042  -24.5011
    0.8934   -0.3129   -0.3224
   -0.4321   -0.7949   -0.4259
   -0.1230    0.5198   -0.8454
...    55 T-A ...
  -96.8462  -53.7934  -27.0283
    0.5584   -0.6830   -0.4708
   -0.8249   -0.5176   -0.2274
   -0.0884    0.5153   -0.8524
...    56 A-T ...
  -97.1959  -52.1526  -29.8857
   -0.0190   -0.8634   -0.5042
   -0.9978   -0.0155    0.0641
   -0.0631    0.5043   -0.8612
...    57 T-A ...
  -96.7057  -50.6355  -32.7813
   -0.5146   -0.7456   -0.4234
   -0.8558    0.4158    0.3079
   -0.0535    0.5207   -0.8520
...    58 C-G ...
  -96.8075  -49.0291  -35.6279
   -0.9128   -0.3756   -0.1607
   -0.4036    0.7682    0.4969
   -0.0631    0.5184   -0.8528
...    59 T-A ...
  -97.0703  -47.6212  -38.5979
   -0.9874    0.0413    0.1529
    0.1148    0.8517    0.5114
   -0.1091    0.5225   -0.8456
...    60 C-G ...
  -97.4804  -46.0066  -41.3997
   -0.7432    0.4954    0.4497
    0.6557    0.6731    0.3421
   -0.1333    0.5491   -0.8251
...    61 G-C ...
  -97.7067  -43.9656  -43.9872
   -0.2673    0.6870    0.6758
    0.9472    0.3162    0.0531
   -0.1772    0.6543   -0.7352
...    62 A-T ...
  -98.4104  -41.8299  -46.3164
    0.3137    0.7003    0.6412
    0.9356   -0.1126   -0.3347
   -0.1622    0.7049   -0.6905
...    63 G-C ...
  -99.1820  -39.3306  -48.2938
    0.7441    0.4838    0.4607
    0.6603   -0.4275   -0.6175
   -0.1018    0.7636   -0.6376
...    64 C-G ...
  -99.5906  -36.5250  -49.9290
    0.9830    0.1403    0.1185
    0.1792   -0.5925   -0.7854
   -0.0400    0.7933   -0.6076
...    65 T-A ...
  -99.5118  -33.6811  -51.5691
    0.9429   -0.2308   -0.2400
   -0.3297   -0.5469   -0.7695
    0.0463    0.8047   -0.5918
...    66 C-G ...
  -99.1086  -31.0527  -53.4397
    0.5918   -0.5253   -0.6114
   -0.8007   -0.2954   -0.5213
    0.0932    0.7980   -0.5954
...    67 G-C ...
  -98.9894  -28.6307  -55.6862
    0.0588   -0.6702   -0.7399
   -0.9861    0.0763   -0.1475
    0.1553    0.7382   -0.6564
...    68 G-C ...
  -98.1355  -26.3408  -57.9981
   -0.4785   -0.5729   -0.6655
   -0.8648    0.4388    0.2441
    0.1522    0.6923   -0.7054
...    69 G-C ...
  -97.4411  -24.2493  -60.5374
   -0.8711   -0.2951   -0.3926
   -0.4791    0.6862    0.5473
    0.1079    0.6648   -0.7392
...    70 A-T ...
  -97.0145  -22.1622  -63.0113
   -0.9904    0.1383    0.0064
    0.1058    0.7261    0.6794
    0.0893    0.6735   -0.7337
...    71 T-A ...
  -96.9695  -20.4463  -65.8213
   -0.8089    0.4795    0.3402
    0.5799    0.5558    0.5956
    0.0965    0.6791   -0.7277
...    72 C-G ...
  -96.7702  -18.2643  -68.2318
   -0.3435    0.6763    0.6516
    0.9353    0.1832    0.3029
    0.0855    0.7135   -0.6954
...    73 C-G ...
  -96.9086  -15.8118  -70.5382
    0.1725    0.5889    0.7896
    0.9800   -0.1834   -0.0773
    0.0993    0.7871   -0.6087
...    74 G-C ...
  -96.2988  -13.1721  -72.4282
    0.6318    0.2766    0.7242
    0.7543   -0.4345   -0.4922
    0.1785    0.8572   -0.4831
...    75 C-G ...
  -95.8952  -10.1281  -73.5607
    0.9158   -0.0498    0.3986
    0.3246   -0.4927   -0.8074
    0.2365    0.8688   -0.4350
...    76 T-A ...
  -94.9910   -7.1344  -74.5585
    0.9338   -0.3572   -0.0184
   -0.1575   -0.3644   -0.9178
    0.3212    0.8600   -0.3965
...    77 T-A ...
  -93.8110   -4.2851  -75.5404
    0.6949   -0.5069   -0.5101
   -0.6337   -0.0964   -0.7675
    0.3399    0.8566   -0.3883
...    78 T-A ...
  -92.4475   -1.5280  -76.5672
    0.2361   -0.4697   -0.8507
   -0.9070    0.2076   -0.3663
    0.3487    0.8580   -0.3771
...    79 A-T ...
  -91.3865    1.3206  -77.8780
   -0.3344   -0.2851   -0.8983
   -0.8717    0.4559    0.1797
    0.3583    0.8431   -0.4010
...    80 A-T ...
  -89.9704    3.8713  -79.3105
   -0.7526    0.0375   -0.6574
   -0.5423    0.5312    0.6510
    0.3736    0.8464   -0.3794
...    81 C-G ...
  -88.5964    6.3156  -81.0655
   -0.9294    0.2868   -0.2321
   -0.0874    0.4399    0.8938
    0.3585    0.8510   -0.3838
...    82 A-T ...
  -87.4451    9.1900  -82.2055
   -0.8570    0.3972    0.3284
    0.4377    0.2245    0.8706
    0.2721    0.8899   -0.3662
...    83 C-G ...
  -87.0199   12.0233  -83.8218
   -0.5335    0.4243    0.7317
    0.8067   -0.0045    0.5909
    0.2540    0.9055   -0.3399
...    84 T-A ...
  -86.5837   15.0870  -84.9313
   -0.0856    0.2929    0.9523
    0.9672   -0.2048    0.1499
    0.2390    0.9339   -0.2658
...    85 T-A ...
  -86.0949   18.1797  -85.7263
    0.4364    0.1036    0.8938
    0.8632   -0.3284   -0.3834
    0.2538    0.9388   -0.2327
...    86 T-A ...
  -85.4694   21.3010  -86.2605
    0.8184   -0.1263    0.5606
    0.4999   -0.3247   -0.8029
    0.2834    0.9373   -0.2026
...    87 A-T ...
  -84.4169   24.4532  -86.3787
    0.9003   -0.4205    0.1120
    0.0429   -0.1703   -0.9845
    0.4331    0.8911   -0.1353
...    88 T-A ...
  -82.8802   27.3321  -86.1207
    0.8001   -0.4673   -0.3761
   -0.3920    0.0673   -0.9175
    0.4540    0.8815   -0.1294
...    89 G-C ...
  -81.1988   30.1056  -86.7635
    0.4107   -0.4467   -0.7948
   -0.7359    0.3523   -0.5782
    0.5383    0.8224   -0.1840
...    90 C-G ...
  -79.0363   32.5202  -87.3409
   -0.0591   -0.2199   -0.9737
   -0.8246    0.5605   -0.0765
    0.5626    0.7984   -0.2144
...    91 T-A ...
  -76.9312   34.8951  -88.2348
   -0.4896    0.0696   -0.8691
   -0.6631    0.6175    0.4230
    0.5661    0.7835   -0.2562
...    92 T-A ...
  -74.8756   37.2113  -89.2348
   -0.7559    0.4314   -0.4925
   -0.2817    0.4647    0.8394
    0.5910    0.7733   -0.2298
...    93 C-G ...
  -72.9536   39.7066  -90.1141
   -0.7907    0.6066    0.0829
    0.1993    0.1270    0.9717
    0.5789    0.7848   -0.2213
...    94 C-G ...
  -71.1832   42.3716  -91.1775
   -0.6200    0.5138    0.5929
    0.5776   -0.2125    0.7882
    0.5309    0.8312   -0.1650
...    95 T-A ...
  -69.7691   45.2741  -91.8174
   -0.2916    0.2754    0.9161
    0.8089   -0.4402    0.3898
    0.5106    0.8546   -0.0944
...    96 C-G ...
  -68.2393   48.1239  -92.0760
    0.1718   -0.0737    0.9824
    0.8362   -0.5163   -0.1850
    0.5208    0.8532   -0.0271
...    97 A-T ...
  -66.5560   50.9949  -91.9666
    0.4927   -0.4602    0.7385
    0.6504   -0.3690   -0.6639
    0.5781    0.8075    0.1175
...    98 T-A ...
  -65.0361   53.7103  -90.9905
    0.7228   -0.6094    0.3258
    0.3428   -0.0932   -0.9348
    0.6000    0.7874    0.1416
...    99 G-C ...
  -62.7807   56.0777  -90.4241
    0.7052   -0.6690   -0.2346
   -0.0511    0.2821   -0.9580
    0.7071    0.6876    0.1648
...   100 T-A ...
  -60.3138   57.9543  -89.3562
    0.5606   -0.4626   -0.6868
   -0.3764    0.5965   -0.7089
    0.7376    0.6559    0.1603
...   101 T-A ...
  -57.7602   59.8237  -88.6445
    0.2731   -0.0468   -0.9609
   -0.6118    0.7624   -0.2110
    0.7424    0.6454    0.1795
...   102 A-T ...
  -55.4429   62.1271  -88.0605
   -0.1313    0.4164   -0.8996
   -0.6457    0.6526    0.3964
    0.7522    0.6330    0.1832
...   103 T-A ...
  -52.5884   63.7870  -87.8809
   -0.4177    0.7005   -0.5786
   -0.4995    0.3549    0.7903
    0.7590    0.6191    0.2016
...   104 A-T ...
  -50.1453   65.8496  -86.9966
   -0.6317    0.7752   -0.0056
   -0.1723   -0.1333    0.9760
    0.7558    0.6175    0.2177
...   105 A-T ...
  -47.7026   67.9460  -86.5828
   -0.6177    0.5777    0.5336
    0.1858   -0.5521    0.8128
    0.7642    0.6012    0.2337
...   106 C-G ...
  -45.4782   70.3243  -86.1864
   -0.4778    0.1980    0.8558
    0.4626   -0.7715    0.4368
    0.7468    0.6046    0.2770
...   107 G-C ...
  -42.9213   72.1215  -85.1199
   -0.2972   -0.3274    0.8969
    0.6464   -0.7603   -0.0634
    0.7027    0.5610    0.4376
...   108 G-C ...
  -40.9494   74.2019  -83.3623
   -0.0255   -0.7337    0.6790
    0.7288   -0.4785   -0.4897
    0.6842    0.4824    0.5469
...   109 A-T ...
  -38.8432   75.6854  -81.4131
    0.3246   -0.9109    0.2546
    0.6455    0.0166   -0.7636
    0.6914    0.4122    0.5934
...   110 G-C ...
  -36.7631   76.8104  -79.1427
    0.5374   -0.8182   -0.2046
    0.4357    0.4770   -0.7633
    0.7221    0.3211    0.6128
...   111 G-C ...
  -34.2898   77.3089  -76.9147
    0.6223   -0.4793   -0.6189
    0.1484    0.8485   -0.5079
    0.7686    0.2243    0.5992
...   112 C-G ...
  -31.6509   77.5454  -74.9530
    0.5860    0.0390   -0.8094
   -0.1726    0.9819   -0.0776
    0.7917    0.1852    0.5821
...   113 T-A ...
  -28.8705   77.8204  -73.1948
    0.3990    0.5346   -0.7450
   -0.4228    0.8282    0.3679
    0.8137    0.1682    0.5564
...   114 C-G ...
  -26.1185   78.3093  -71.4823
    0.0858    0.9181   -0.3870
   -0.5759    0.3626    0.7327
    0.8130    0.1600    0.5598
...   115 G-C ...
  -23.7346   78.8579  -69.2544
   -0.3025    0.9524    0.0374
   -0.5406   -0.2038    0.8163
    0.7850    0.2267    0.5765
...   116 T-A ...
  -20.9067   79.8634  -67.8485
   -0.5542    0.7127    0.4301
   -0.3307   -0.6627    0.6719
    0.7639    0.2302    0.6029
...   117 A-T ...
  -18.4253   80.8574  -65.8978
   -0.7314    0.2250    0.6438
    0.0104   -0.9402    0.3404
    0.6819    0.2556    0.6853
...   118 T-A ...
  -16.4115   82.3188  -63.7865
   -0.6621   -0.2630    0.7017
    0.3561   -0.9343   -0.0141
    0.6594    0.2405    0.7123
...   119 A-T ...
  -14.8208   83.5473  -61.0904
   -0.5609   -0.7067    0.4313
    0.6479   -0.6990   -0.3028
    0.5155    0.1095    0.8499
...   120 A-T ...
  -13.4525   83.9199  -58.2048
   -0.1724   -0.9734    0.1506
    0.8589   -0.2234   -0.4609
    0.4823    0.0499    0.8746
...   121 T-A ...
  -12.5348   84.0019  -55.0813
    0.2397   -0.9634   -0.1202
    0.8477    0.2680   -0.4578
    0.4732    0.0078    0.8809
...   122 G-C ...
  -10.8404   83.6560  -52.2579
    0.5927   -0.6683   -0.4495
    0.6266    0.7333   -0.2639
    0.5060   -0.1253    0.8534
...   123 T-A ...
   -9.4701   82.6412  -49.4430
    0.8180   -0.2070   -0.5367
    0.2598    0.9654    0.0235
    0.5133   -0.1586    0.8434
...   124 G-C ...
   -7.5732   82.3277  -46.7724
    0.7960    0.3775   -0.4732
   -0.2180    0.9080    0.3577
    0.5647   -0.1815    0.8051
...   125 T-A ...
   -5.4761   81.2290  -44.4269
    0.5766    0.7881   -0.2154
   -0.5944    0.5855    0.5512
    0.5605   -0.1897    0.8061
...   126 C-G ...
   -3.5462   80.5512  -41.8647
    0.1272    0.9807    0.1487
   -0.8259    0.0217    0.5634
    0.5493   -0.1945    0.8127
...   127 G-C ...
   -2.1367   79.7211  -38.9923
   -0.3889    0.8512    0.3523
   -0.7792   -0.5080    0.3671
    0.4915   -0.1318    0.8609
...   128 A-T ...
   -0.4161   79.2779  -36.2742
   -0.7829    0.4273    0.4521
   -0.4401   -0.8941    0.0830
    0.4397   -0.1340    0.8881
...   129 C-G ...
    1.0712   79.4543  -33.3799
   -0.9237   -0.0586    0.3787
   -0.0013   -0.9878   -0.1558
    0.3832   -0.1444    0.9123
...   130 C-G ...
    2.1511   79.3871  -30.1933
   -0.8489   -0.5156    0.1161
    0.4610   -0.8298   -0.3146
    0.2586   -0.2135    0.9421
...   131 A-T ...
    2.6804   78.6783  -26.9726
   -0.5365   -0.8124   -0.2284
    0.8362   -0.4753   -0.2738
    0.1138   -0.3379    0.9343
...   132 A-T ...
    2.6986   77.5396  -23.9636
   -0.0221   -0.9198   -0.3919
    0.9969    0.0095   -0.0786
    0.0760   -0.3924    0.9167
...   133 A-T ...
    2.6294   76.0925  -21.0789
    0.5128   -0.7615   -0.3964
    0.8565    0.4852    0.1760
    0.0583   -0.4298    0.9010
...   134 T-A ...
    2.3075   74.2307  -18.3903
    0.8657   -0.4293   -0.2574
    0.4984    0.7868    0.3641
    0.0462   -0.4435    0.8951
...   135 G-C ...
    1.4354   72.0969  -15.6050
    0.9809    0.0621    0.1843
   -0.1263    0.9241    0.3607
   -0.1479   -0.3771    0.9143
...   136 T-A ...
    0.5279   69.2392  -13.4689
    0.7351    0.4963    0.4618
   -0.6117    0.7792    0.1365
   -0.2921   -0.3828    0.8764
...   137 G-C ...
   -0.1659   67.4105  -10.8095
    0.1800    0.8794    0.4408
   -0.9276    0.3008   -0.2214
   -0.3274   -0.3691    0.8698
...   138 A-T ...
   -0.1322   66.2179   -7.8217
   -0.3749    0.8570    0.3536
   -0.8857   -0.2184   -0.4098
   -0.2739   -0.4668    0.8409
...   139 G-C ...
   -1.0069   65.6074   -4.9425
   -0.8336    0.5218    0.1811
   -0.5170   -0.6220   -0.5881
   -0.1942   -0.5839    0.7883
...   140 C-G ...
   -0.6975   63.9002   -2.2528
   -0.9992    0.0157   -0.0376
    0.0023   -0.8993   -0.4374
   -0.0406   -0.4371    0.8985
...   141 G-C ...
   -3.4383   60.2384    1.0283
   -0.4425    0.2285   -0.8672
    0.1683   -0.9287   -0.3306
   -0.8808   -0.2922    0.3725
...   142 C-G ...
   -6.3289   59.0833    1.6293
   -0.2970   -0.3280   -0.8968
    0.5656   -0.8171    0.1115
   -0.7693   -0.4741    0.4282
...   143 T-A ...
   -8.6769   58.7242    3.6024
   -0.0347   -0.7817   -0.6227
    0.6533   -0.4893    0.5778
   -0.7563   -0.3868    0.5276
...   144 C-G ...
  -11.6545   58.0113    4.7193
    0.2451   -0.9542   -0.1716
    0.6322    0.0231    0.7745
   -0.7350   -0.2983    0.6089
...   145 A-T ...
  -14.1760   56.5667    6.1806
    0.5795   -0.7268    0.3687
    0.3139    0.6165    0.7220
   -0.7521   -0.3027    0.5855
...   146 C-G ...
  -16.4651   53.8948    7.5152
    0.5336   -0.3331    0.7774
   -0.0346    0.9098    0.4136
   -0.8450   -0.2476    0.4739
...   147 A-T ...
  -19.0173   52.0373    8.9260
    0.2452    0.2907    0.9249
   -0.3073    0.9281   -0.2103
   -0.9195   -0.2327    0.3169
