  147 base-pairs
...     1 A-T ...
    0.0000    0.0000    0.0000
    1.0000    0.0000    0.0000
    0.0000    1.0000    0.0000
    0.0000    0.0000    1.0000
...     2 G-C ...
   -0.1404   -1.2353    3.2259
    0.7530    0.6366    0.1668
   -0.6385    0.7681   -0.0490
   -0.1593   -0.0696    0.9848
...     3 T-A ...
   -0.0377   -3.2918    6.3749
    0.2722    0.9302    0.2464
   -0.9238    0.3243   -0.2034
   -0.2691   -0.1722    0.9476
...     4 G-C ...
   -0.3520   -4.1638    9.4928
   -0.3756    0.9250    0.0576
   -0.8780   -0.3352   -0.3416
   -0.2967   -0.1788    0.9381
...     5 A-T ...
   -0.4480   -4.1448   12.7498
   -0.8116    0.5839   -0.0166
   -0.5522   -0.7762   -0.3042
   -0.1905   -0.2377    0.9525
...     6 G-C ...
   -1.5926   -4.1701   15.6201
   -0.9976    0.0246   -0.0651
   -0.0043   -0.9555   -0.2950
   -0.0694   -0.2940    0.9533
...     7 C-G ...
   -1.1050   -4.4793   18.7363
   -0.8442   -0.5302   -0.0787
    0.5343   -0.8442   -0.0430
   -0.0437   -0.0784    0.9960
...     8 G-C ...
   -2.4044   -7.7255   23.1483
   -0.2753   -0.3294   -0.9032
    0.6650   -0.7437    0.0686
   -0.6943   -0.5817    0.4238
...     9 C-G ...
   -4.4706   -9.9691   24.1142
    0.1145   -0.7026   -0.7023
    0.8512   -0.2951    0.4341
   -0.5123   -0.6475    0.5642
...    10 T-A ...
   -6.7420  -10.8705   25.9717
    0.4841   -0.8363   -0.2573
    0.6594    0.1554    0.7356
   -0.5752   -0.5257    0.6267
...    11 C-G ...
   -9.1682  -12.6167   27.1662
    0.7073   -0.6683    0.2306
    0.3450    0.6110    0.7125
   -0.6170   -0.4243    0.6627
...    12 A-T ...
  -10.9253  -14.6583   29.0713
    0.7515   -0.1377    0.6452
   -0.2027    0.8824    0.4245
   -0.6278   -0.4498    0.6352
...    13 C-G ...
  -11.8495  -17.4796   31.2472
    0.4294    0.2824    0.8578
   -0.5708    0.8209    0.0155
   -0.6998   -0.4963    0.5137
...    14 A-T ...
  -13.5915  -19.7756   33.4284
   -0.1503    0.6106    0.7775
   -0.6874    0.5007   -0.5261
   -0.7106   -0.6135    0.3445
...    15 A-T ...
  -15.6812  -21.8673   34.7645
   -0.5088    0.7774    0.3698
   -0.4773    0.1028   -0.8727
   -0.7165   -0.6206    0.3187
...    16 T-A ...
  -17.7684  -23.7773   36.4207
   -0.6647    0.7401   -0.1020
   -0.1629   -0.2768   -0.9470
   -0.7292   -0.6129    0.3045
...    17 T-A ...
  -20.1343  -25.6006   37.6364
   -0.6150    0.5108   -0.6008
    0.2200   -0.6205   -0.7527
   -0.7572   -0.5951    0.2692
...    18 T-A ...
  -22.7020  -27.2817   38.6008
   -0.3581    0.1515   -0.9213
    0.5049   -0.7987   -0.3275
   -0.7854   -0.5824    0.2095
...    19 A-T ...
  -25.8153  -28.5208   38.9635
    0.1029   -0.0828   -0.9912
    0.5623   -0.8172    0.1266
   -0.8205   -0.5704   -0.0375
...    20 T-A ...
  -28.7740  -29.8052   38.5218
    0.3889   -0.4379   -0.8106
    0.4289   -0.6926    0.5799
   -0.8153   -0.5732   -0.0816
...    21 T-A ...
  -31.4742  -31.4795   37.9537
    0.5775   -0.7247   -0.3760
    0.1324   -0.3714    0.9190
   -0.8056   -0.5805   -0.1185
...    22 C-G ...
  -33.9361  -33.5021   37.3403
    0.5731   -0.7938    0.2036
   -0.2474    0.0693    0.9664
   -0.7813   -0.6042   -0.1566
...    23 G-C ...
  -36.4713  -35.6023   37.2431
    0.4009   -0.5909    0.7001
   -0.5647    0.4425    0.6967
   -0.7214   -0.6746   -0.1563
...    24 C-G ...
  -38.5523  -38.0800   36.5941
    0.0497   -0.2555    0.9655
   -0.7015    0.6792    0.2158
   -0.7110   -0.6880   -0.1454
...    25 A-T ...
  -41.0467  -40.1536   36.1023
   -0.3105    0.2019    0.9289
   -0.6159    0.7016   -0.3584
   -0.7241   -0.6834   -0.0935
...    26 A-T ...
  -43.2049  -42.5801   35.9629
   -0.6182    0.5377    0.5733
   -0.3205    0.4935   -0.8085
   -0.7177   -0.6836   -0.1327
...    27 A-T ...
  -45.4815  -44.8787   35.8057
   -0.6880    0.7245    0.0421
    0.0861    0.1391   -0.9865
   -0.7206   -0.6751   -0.1581
...    28 G-C ...
  -47.9779  -46.9816   35.5853
   -0.4822    0.7652   -0.4265
    0.4254   -0.2210   -0.8776
   -0.7658   -0.6046   -0.2189
...    29 G-C ...
  -50.8127  -48.7127   35.1005
   -0.0980    0.6303   -0.7701
    0.5982   -0.5811   -0.5518
   -0.7954   -0.5147   -0.3201
...    30 C-G ...
  -53.6750  -49.8996   34.1155
    0.2904    0.2950   -0.9103
    0.5460   -0.8323   -0.0955
   -0.7858   -0.4693   -0.4028
...    31 C-G ...
  -56.3718  -50.9629   32.4196
    0.6203   -0.1015   -0.7778
    0.2860   -0.8940    0.3448
   -0.7304   -0.4364   -0.5255
...    32 G-C ...
  -58.4141  -52.6408   30.4423
    0.7698   -0.4899   -0.4092
   -0.1429   -0.7571    0.6374
   -0.6221   -0.4322   -0.6528
...    33 G-C ...
  -60.0492  -54.0077   27.8256
    0.6258   -0.7795    0.0272
   -0.5622   -0.4266    0.7085
   -0.5407   -0.4586   -0.7052
...    34 C-G ...
  -61.4180  -55.5562   25.2454
    0.2367   -0.8795    0.4128
   -0.8286    0.0391    0.5585
   -0.5073   -0.4743   -0.7195
...    35 C-G ...
  -62.8267  -57.3724   22.7862
   -0.2272   -0.7048    0.6721
   -0.8397    0.4913    0.2313
   -0.4932   -0.5118   -0.7034
...    36 C-G ...
  -64.2774  -59.3086   20.4466
   -0.6204   -0.3106    0.7202
   -0.5880    0.7919   -0.1650
   -0.5190   -0.5258   -0.6739
...    37 G-C ...
  -66.1162  -60.5956   18.0137
   -0.7954    0.2142    0.5669
   -0.1390    0.8461   -0.5146
   -0.5899   -0.4882   -0.6432
...    38 A-T ...
  -67.9398  -62.2967   15.9255
   -0.7090    0.6749    0.2045
    0.3515    0.5896   -0.7272
   -0.6113   -0.4437   -0.6553
...    39 C-G ...
  -70.2540  -63.9064   14.2748
   -0.4078    0.9012   -0.1465
    0.6623    0.1815   -0.7269
   -0.6285   -0.3934   -0.6709
...    40 A-T ...
  -72.4472  -65.0802   12.0643
    0.0988    0.9186   -0.3826
    0.7603   -0.3178   -0.5666
   -0.6420   -0.2349   -0.7298
...    41 C-G ...
  -74.9176  -65.3686    9.9814
    0.5020    0.6637   -0.5545
    0.6036   -0.7280   -0.3251
   -0.6194   -0.1715   -0.7661
...    42 G-C ...
  -76.6308  -65.8161    7.1993
    0.8356    0.2235   -0.5019
    0.2229   -0.9729   -0.0622
   -0.5022   -0.0598   -0.8627
...    43 A-T ...
  -78.0769  -65.8085    4.2935
    0.8447   -0.3519   -0.4032
   -0.3010   -0.9354    0.1857
   -0.4425   -0.0356   -0.8961
...    44 C-G ...
  -79.0762  -65.4019    1.1776
    0.5920   -0.7713   -0.2337
   -0.6987   -0.6357    0.3283
   -0.4018   -0.0310   -0.9152
...    45 T-A ...
  -79.9798  -65.4359   -1.9902
    0.1688   -0.9856   -0.0058
   -0.9200   -0.1596    0.3580
   -0.3538   -0.0551   -0.9337
...    46 T-A ...
  -80.7597  -65.5598   -5.1506
   -0.3938   -0.9071    0.1484
   -0.8548    0.4208    0.3037
   -0.3379   -0.0073   -0.9411
...    47 A-T ...
  -82.0785  -65.2401   -8.1986
   -0.8438   -0.4663    0.2657
   -0.4341    0.8841    0.1730
   -0.3156    0.0307   -0.9484
...    48 C-G ...
  -83.0003  -65.7245  -11.3394
   -0.9426    0.0458    0.3308
    0.0579    0.9980    0.0267
   -0.3289    0.0443   -0.9433
...    49 T-A ...
  -84.2811  -65.8384  -14.3687
   -0.7638    0.5348    0.3614
    0.5264    0.8401   -0.1307
   -0.3735    0.0904   -0.9232
...    50 G-C ...
  -85.6501  -65.3649  -17.3494
   -0.3184    0.8730    0.3695
    0.8470    0.4370   -0.3025
   -0.4256    0.2167   -0.8786
...    51 T-A ...
  -87.5863  -64.7013  -19.8860
    0.1640    0.9587    0.2322
    0.8946   -0.0454   -0.4445
   -0.4156    0.2806   -0.8652
...    52 A-T ...
  -89.3590  -63.2533  -22.3315
    0.6447    0.7437    0.1765
    0.6929   -0.4711   -0.5459
   -0.3229    0.4743   -0.8190
...    53 T-A ...
  -90.6920  -61.2509  -24.5331
    0.9082    0.4116   -0.0761
    0.2964   -0.7607   -0.5775
   -0.2956    0.5019   -0.8128
...    54 C-G ...
  -91.4288  -59.4170  -27.0970
    0.9348   -0.1039   -0.3395
   -0.2657   -0.8391   -0.4747
   -0.2355    0.5339   -0.8121
...    55 A-T ...
  -92.0030  -57.6557  -29.8359
    0.6697   -0.5866   -0.4554
   -0.7328   -0.6215   -0.2769
   -0.1206    0.5192   -0.8461
...    56 T-A ...
  -91.7650  -55.6421  -32.4359
    0.2204   -0.8104   -0.5429
   -0.9686   -0.2473   -0.0242
   -0.1146    0.5312   -0.8395
...    57 G-C ...
  -92.3190  -54.0613  -35.2672
   -0.3451   -0.8437   -0.4112
   -0.9321    0.2569    0.2551
   -0.1096    0.4713   -0.8751
...    58 T-A ...
  -92.1540  -52.7922  -38.3302
   -0.7692   -0.6001   -0.2194
   -0.6282    0.6474    0.4315
   -0.1169    0.4698   -0.8750
...    59 T-A ...
  -92.3244  -51.4959  -41.3063
   -0.9911   -0.1284    0.0356
   -0.0938    0.8624    0.4975
   -0.0946    0.4897   -0.8667
...    60 A-T ...
  -92.6799  -49.8402  -44.1413
   -0.8680    0.3415    0.3606
    0.4746    0.7843    0.3996
   -0.1463    0.5179   -0.8428
...    61 T-A ...
  -93.6275  -48.6144  -47.0285
   -0.5255    0.6694    0.5251
    0.8376    0.5152    0.1815
   -0.1491    0.5352   -0.8315
...    62 A-T ...
  -94.5980  -46.7932  -49.6293
   -0.0093    0.7364    0.6765
    0.9837    0.1282   -0.1259
   -0.1794    0.6643   -0.7256
...    63 A-T ...
  -95.4270  -44.5570  -51.7987
    0.5215    0.6593    0.5416
    0.8373   -0.2735   -0.4733
   -0.1639    0.7004   -0.6947
...    64 C-G ...
  -96.3233  -41.9648  -53.5673
    0.8728    0.3998    0.2799
    0.4717   -0.5436   -0.6943
   -0.1254    0.7380   -0.6630
...    65 G-C ...
  -96.3377  -39.5507  -55.8148
    0.9986   -0.0464   -0.0270
   -0.0499   -0.6170   -0.7854
    0.0198    0.7856   -0.6184
...    66 G-C ...
  -95.8331  -36.7082  -57.5575
    0.8257   -0.4243   -0.3719
   -0.5504   -0.4610   -0.6961
    0.1239    0.7794   -0.6142
...    67 A-T ...
  -95.2302  -34.1546  -59.4984
    0.3635   -0.6274   -0.6886
   -0.9184   -0.1174   -0.3779
    0.1563    0.7698   -0.6189
...    68 G-C ...
  -94.3503  -31.6563  -61.4668
   -0.1580   -0.6276   -0.7624
   -0.9728    0.2312    0.0112
    0.1692    0.7434   -0.6470
...    69 G-C ...
  -93.5066  -29.3429  -63.7566
   -0.6564   -0.4526   -0.6036
   -0.7404    0.5403    0.4000
    0.1451    0.7094   -0.6897
...    70 T-A ...
  -92.6872  -27.4202  -66.3315
   -0.9430   -0.1252   -0.3084
   -0.3061    0.6897    0.6562
    0.1305    0.7132   -0.6887
...    71 A-T ...
  -92.2820  -24.9764  -68.5248
   -0.9538    0.2621    0.1470
    0.2848    0.6320    0.7207
    0.0960    0.7293   -0.6774
...    72 T-A ...
  -92.3384  -22.9934  -71.1418
   -0.6935    0.5303    0.4878
    0.7140    0.4156    0.5634
    0.0961    0.7390   -0.6668
...    73 C-G ...
  -92.1650  -20.5911  -73.3218
   -0.1811    0.6254    0.7590
    0.9797    0.0474    0.1947
    0.0858    0.7789   -0.6213
...    74 T-A ...
  -92.2541  -17.8959  -75.1911
    0.3138    0.4904    0.8130
    0.9443   -0.2504   -0.2134
    0.0990    0.8347   -0.5417
...    75 C-G ...
  -91.9808  -15.0744  -76.7522
    0.7744    0.2098    0.5969
    0.6171   -0.4586   -0.6394
    0.1396    0.8635   -0.4847
...    76 G-C ...
  -91.1396  -12.2883  -78.3140
    0.9507   -0.1883    0.2466
    0.1420   -0.4426   -0.8854
    0.2758    0.8767   -0.3940
...    77 A-T ...
  -90.0892   -9.4148  -79.4171
    0.8527   -0.4441   -0.2750
   -0.4053   -0.2302   -0.8848
    0.3296    0.8659   -0.3762
...    78 G-C ...
  -88.7210   -6.5703  -80.3638
    0.5145   -0.5456   -0.6615
   -0.7661    0.0541   -0.6405
    0.3853    0.8363   -0.3901
...    79 C-G ...
  -87.0288   -3.9955  -81.5404
    0.0172   -0.4570   -0.8893
   -0.9114    0.3587   -0.2019
    0.4112    0.8140   -0.4103
...    80 T-A ...
  -85.3734   -1.5399  -82.9972
   -0.4638   -0.2338   -0.8545
   -0.7824    0.5606    0.2712
    0.4157    0.7944   -0.4430
...    81 C-G ...
  -83.9560    0.9729  -84.5400
   -0.8338    0.1257   -0.5376
   -0.3716    0.5924    0.7148
    0.4084    0.7958   -0.4472
...    82 G-C ...
  -82.7054    3.8270  -85.6553
   -0.9366    0.3497   -0.0223
    0.1381    0.4268    0.8937
    0.3221    0.8340   -0.4481
...    83 G-C ...
  -81.7709    6.5200  -87.4413
   -0.7531    0.4452    0.4844
    0.6049    0.1790    0.7759
    0.2587    0.8774   -0.4041
...    84 G-C ...
  -81.2400    9.4613  -88.9859
   -0.3600    0.3799    0.8521
    0.9067   -0.0724    0.4154
    0.2195    0.9222   -0.3184
...    85 A-T ...
  -80.6623   12.4770  -90.0161
    0.1873    0.2132    0.9589
    0.9551   -0.2676   -0.1271
    0.2295    0.9396   -0.2538
...    86 T-A ...
  -80.5126   15.6980  -90.5294
    0.6146    0.0266    0.7884
    0.7495   -0.3313   -0.5731
    0.2459    0.9432   -0.2235
...    87 C-G ...
  -79.6799   18.7868  -91.0170
    0.9079   -0.2239    0.3543
    0.2936   -0.2637   -0.9188
    0.2992    0.9382   -0.1737
...    88 C-G ...
  -78.4554   21.9167  -91.1040
    0.8939   -0.4234   -0.1474
   -0.1935   -0.0678   -0.9788
    0.4044    0.9034   -0.1425
...    89 G-C ...
  -76.9303   24.7353  -91.9175
    0.6044   -0.4941   -0.6250
   -0.6008    0.2325   -0.7648
    0.5232    0.8378   -0.1563
...    90 C-G ...
  -74.8098   27.2287  -92.2884
    0.1767   -0.3229   -0.9298
   -0.8112    0.4872   -0.3233
    0.5574    0.8114   -0.1758
...    91 T-A ...
  -72.6683   29.6470  -92.9571
   -0.2800   -0.0534   -0.9585
   -0.7697    0.6092    0.1910
    0.5737    0.7912   -0.2117
...    92 T-A ...
  -70.5379   31.9861  -93.7261
   -0.6400    0.3306   -0.6936
   -0.4856    0.5255    0.6986
    0.5954    0.7839   -0.1758
...    93 T-A ...
  -68.4533   34.3485  -94.5392
   -0.7839    0.5917   -0.1882
   -0.0560    0.2345    0.9705
    0.6184    0.7713   -0.1507
...    94 A-T ...
  -66.4165   36.9272  -94.9532
   -0.7056    0.5816    0.4049
    0.3932   -0.1540    0.9065
    0.5896    0.7987   -0.1200
...    95 A-T ...
  -64.6946   39.6060  -95.5319
   -0.3889    0.3870    0.8361
    0.7055   -0.4586    0.5404
    0.5926    0.8000   -0.0947
...    96 C-G ...
  -63.3003   42.5308  -95.9581
   -0.0220    0.0603    0.9979
    0.8065   -0.5888    0.0534
    0.5908    0.8060   -0.0357
...    97 A-T ...
  -61.4083   45.2779  -95.8894
    0.3012   -0.3836    0.8730
    0.7256   -0.5017   -0.4708
    0.6186    0.7753    0.1272
...    98 C-G ...
  -59.8103   47.9599  -94.9545
    0.5793   -0.6297    0.5176
    0.5001   -0.2269   -0.8357
    0.6437    0.7429    0.1835
...    99 T-A ...
  -57.7408   50.2687  -93.8907
    0.6913   -0.7224    0.0179
    0.1853    0.1533   -0.9706
    0.6984    0.6743    0.2398
...   100 T-A ...
  -55.4719   52.3043  -92.8085
    0.6727   -0.5296   -0.5167
   -0.2035    0.5391   -0.8173
    0.7114    0.6549    0.2549
...   101 T-A ...
  -53.0537   54.1851  -91.7402
    0.4608   -0.1318   -0.8777
   -0.5297    0.7526   -0.3911
    0.7121    0.6451    0.2770
...   102 A-T ...
  -50.8490   56.5149  -90.8614
    0.0686    0.3529   -0.9332
   -0.6912    0.6913    0.2106
    0.7194    0.6305    0.2913
...   103 T-A ...
  -48.0355   58.1280  -90.2034
   -0.2674    0.6672   -0.6952
   -0.6377    0.4184    0.6468
    0.7224    0.6163    0.3135
...   104 G-C ...
  -45.8365   60.3001  -89.0691
   -0.6250    0.7425   -0.2411
   -0.3812   -0.0207    0.9243
    0.6813    0.6695    0.2960
...   105 C-G ...
  -43.5095   62.5574  -88.4773
   -0.7614    0.5892    0.2704
   -0.0027   -0.4199    0.9076
    0.6483    0.6903    0.3213
...   106 T-A ...
  -41.5588   65.0703  -87.6322
   -0.7085    0.2507    0.6597
    0.3716   -0.6621    0.6507
    0.6000    0.7062    0.3759
...   107 T-A ...
  -39.7920   67.5393  -86.5326
   -0.4245   -0.1721    0.8889
    0.6884   -0.6991    0.1934
    0.5881    0.6940    0.4153
...   108 C-G ...
  -38.0303   69.8347  -85.0875
   -0.0238   -0.5832    0.8120
    0.8158   -0.4807   -0.3214
    0.5778    0.6548    0.4872
...   109 C-G ...
  -36.4643   72.0159  -83.0653
    0.3113   -0.8254    0.4709
    0.7394   -0.1008   -0.6656
    0.5969    0.5554    0.5790
...   110 G-C ...
  -34.2237   73.5095  -81.1539
    0.5507   -0.8340   -0.0333
    0.5254    0.3774   -0.7626
    0.6486    0.4025    0.6460
...   111 G-C ...
  -32.0182   74.2929  -78.7322
    0.6817   -0.5533   -0.4787
    0.2151    0.7769   -0.5917
    0.6993    0.3004    0.6486
...   112 C-G ...
  -29.6050   74.7657  -76.5369
    0.6709   -0.0648   -0.7387
   -0.1478    0.9645   -0.2188
    0.7267    0.2559    0.6375
...   113 T-A ...
  -27.0234   75.2486  -74.5365
    0.4836    0.4359   -0.7590
   -0.4436    0.8696    0.2168
    0.7545    0.2319    0.6140
...   114 C-G ...
  -24.4473   75.9409  -72.6291
    0.1423    0.8638   -0.4833
   -0.6391    0.4530    0.6216
    0.7559    0.2204    0.6165
...   115 G-C ...
  -22.2918   76.7529  -70.2479
   -0.2827    0.9541   -0.0987
   -0.6186   -0.1027    0.7790
    0.7331    0.2813    0.6192
...   116 T-A ...
  -19.5762   77.8723  -68.6973
   -0.5726    0.7632    0.2994
   -0.4046   -0.5807    0.7064
    0.7130    0.2834    0.6413
...   117 A-T ...
  -17.2490   78.9292  -66.5969
   -0.7657    0.2950    0.5716
   -0.0338   -0.9058    0.4223
    0.6423    0.3040    0.7035
...   118 T-A ...
  -15.3335   80.5365  -64.4939
   -0.7083   -0.1892    0.6801
    0.3349   -0.9382    0.0877
    0.6214    0.2899    0.7279
...   119 A-T ...
  -13.8311   81.9244  -61.8325
   -0.5915   -0.6621    0.4601
    0.6505   -0.7291   -0.2129
    0.4765    0.1733    0.8619
...   120 A-T ...
  -12.5852   82.5132  -58.9275
   -0.1941   -0.9564    0.2184
    0.8752   -0.2694   -0.4019
    0.4432    0.1132    0.8892
...   121 T-A ...
  -11.8036   82.8241  -55.7836
    0.2284   -0.9729   -0.0369
    0.8711    0.2212   -0.4385
    0.4348    0.0680    0.8980
...   122 G-C ...
  -10.2461   82.6504  -52.8601
    0.5958   -0.7085   -0.3782
    0.6508    0.7019   -0.2896
    0.4706   -0.0736    0.8793
...   123 T-A ...
   -8.9983   81.8041  -49.9385
    0.8314   -0.2573   -0.4924
    0.2785    0.9599   -0.0313
    0.4808   -0.1111    0.8698
...   124 G-C ...
   -7.1820   81.6234  -47.1945
    0.8172    0.3323   -0.4708
   -0.2098    0.9325    0.2941
    0.5368   -0.1416    0.8318
...   125 T-A ...
   -5.1717   80.6334  -44.7264
    0.5976    0.7638   -0.2439
   -0.5979    0.6272    0.4991
    0.5342   -0.1525    0.8315
...   126 C-G ...
   -3.3189   80.0802  -42.0746
    0.1415    0.9847    0.1016
   -0.8395    0.0649    0.5394
    0.5246   -0.1616    0.8359
...   127 G-C ...
   -2.0126   79.3704  -39.1161
   -0.3824    0.8707    0.3094
   -0.7946   -0.4808    0.3708
    0.4716   -0.1040    0.8756
...   128 A-T ...
   -0.3471   78.9985  -36.3458
   -0.7847    0.4512    0.4250
   -0.4524   -0.8856    0.1048
    0.4237   -0.1100    0.8991
...   129 C-G ...
    1.1053   79.2430  -33.4309
   -0.9288   -0.0401    0.3684
   -0.0082   -0.9917   -0.1285
    0.3704   -0.1224    0.9208
...   130 C-G ...
    2.1766   79.2449  -30.2375
   -0.8528   -0.5083    0.1197
    0.4591   -0.8390   -0.2921
    0.2489   -0.1941    0.9489
...   131 A-T ...
    2.6979   78.5986  -27.0003
   -0.5367   -0.8152   -0.2177
    0.8369   -0.4815   -0.2604
    0.1074   -0.3219    0.9406
...   132 A-T ...
    2.7056   77.5046  -23.9761
   -0.0215   -0.9242   -0.3814
    0.9973    0.0070   -0.0733
    0.0704   -0.3819    0.9215
...   133 A-T ...
    2.6320   76.0845  -21.0805
    0.5130   -0.7637   -0.3919
    0.8566    0.4849    0.1764
    0.0553   -0.4262    0.9030
...   134 T-A ...
    2.3076   74.2307  -18.3904
    0.8657   -0.4293   -0.2574
    0.4984    0.7868    0.3641
    0.0462   -0.4435    0.8951
...   135 G-C ...
    1.4355   72.0970  -15.6051
    0.9809    0.0621    0.1843
   -0.1263    0.9241    0.3607
   -0.1479   -0.3771    0.9143
...   136 T-A ...
    0.5280   69.2393  -13.4690
    0.7351    0.4963    0.4618
   -0.6117    0.7792    0.1365
   -0.2921   -0.3828    0.8764
...   137 G-C ...
   -0.1658   67.4105  -10.8096
    0.1800    0.8794    0.4408
   -0.9276    0.3008   -0.2214
   -0.3274   -0.3691    0.8698
...   138 A-T ...
   -0.1320   66.2180   -7.8218
   -0.3749    0.8570    0.3536
   -0.8857   -0.2184   -0.4098
   -0.2739   -0.4668    0.8409
...   139 G-C ...
   -1.0068   65.6075   -4.9426
   -0.8336    0.5218    0.1811
   -0.5170   -0.6220   -0.5881
   -0.1942   -0.5839    0.7883
...   140 C-G ...
   -0.6974   63.9003   -2.2529
   -0.9992    0.0157   -0.0376
    0.0023   -0.8993   -0.4374
   -0.0406   -0.4371    0.8985
...   141 G-C ...
   -3.4382   60.2385    1.0282
   -0.4425    0.2285   -0.8672
    0.1683   -0.9287   -0.3306
   -0.8808   -0.2922    0.3725
...   142 C-G ...
   -6.3288   59.0834    1.6292
   -0.2970   -0.3280   -0.8968
    0.5656   -0.8171    0.1115
   -0.7693   -0.4741    0.4282
...   143 T-A ...
   -8.6767   58.7243    3.6023
   -0.0347   -0.7817   -0.6227
    0.6533   -0.4893    0.5778
   -0.7563   -0.3868    0.5276
...   144 C-G ...
  -11.6544   58.0114    4.7192
    0.2451   -0.9542   -0.1716
    0.6322    0.0231    0.7745
   -0.7350   -0.2983    0.6089
...   145 A-T ...
  -14.1759   56.5669    6.1805
    0.5795   -0.7268    0.3687
    0.3139    0.6165    0.7220
   -0.7521   -0.3027    0.5855
...   146 C-G ...
  -16.4650   53.8949    7.5152
    0.5336   -0.3331    0.7774
   -0.0346    0.9098    0.4136
   -0.8450   -0.2476    0.4739
...   147 A-T ...
  -19.0171   52.0374    8.9259
    0.2452    0.2907    0.9249
   -0.3073    0.9281   -0.2103
   -0.9195   -0.2327    0.3169
