  147 base-pairs
...     1 A-T ...
    0.0000    0.0000    0.0000
    1.0000    0.0000    0.0000
    0.0000    1.0000    0.0000
    0.0000    0.0000    1.0000
...     2 G-C ...
   -0.1404   -1.2353    3.2259
    0.7530    0.6366    0.1668
   -0.6385    0.7681   -0.0490
   -0.1593   -0.0696    0.9848
...     3 T-A ...
   -0.0377   -3.2918    6.3749
    0.2722    0.9302    0.2464
   -0.9238    0.3243   -0.2034
   -0.2691   -0.1722    0.9476
...     4 G-C ...
   -0.3520   -4.1638    9.4928
   -0.3756    0.9250    0.0576
   -0.8780   -0.3352   -0.3416
   -0.2967   -0.1788    0.9381
...     5 A-T ...
   -0.4480   -4.1448   12.7498
   -0.8116    0.5839   -0.0166
   -0.5522   -0.7762   -0.3042
   -0.1905   -0.2377    0.9525
...     6 G-C ...
   -1.5926   -4.1701   15.6201
   -0.9976    0.0246   -0.0651
   -0.0043   -0.9555   -0.2950
   -0.0694   -0.2940    0.9533
...     7 C-G ...
   -1.1050   -4.4793   18.7363
   -0.8442   -0.5302   -0.0787
    0.5343   -0.8442   -0.0430
   -0.0437   -0.0784    0.9960
...     8 G-C ...
   -2.4044   -7.7255   23.1483
   -0.2753   -0.3294   -0.9032
    0.6650   -0.7437    0.0686
   -0.6943   -0.5817    0.4238
...     9 C-G ...
   -4.4706   -9.9691   24.1142
    0.1145   -0.7026   -0.7023
    0.8512   -0.2951    0.4341
   -0.5123   -0.6475    0.5642
...    10 T-A ...
   -6.7420  -10.8705   25.9717
    0.4841   -0.8363   -0.2573
    0.6594    0.1554    0.7356
   -0.5752   -0.5257    0.6267
...    11 C-G ...
   -9.1682  -12.6167   27.1662
    0.7073   -0.6683    0.2306
    0.3450    0.6110    0.7125
   -0.6170   -0.4243    0.6627
...    12 A-T ...
  -10.9253  -14.6583   29.0713
    0.7515   -0.1377    0.6452
   -0.2027    0.8824    0.4245
   -0.6278   -0.4498    0.6352
...    13 C-G ...
  -11.8495  -17.4796   31.2472
    0.4294    0.2824    0.8578
   -0.5708    0.8209    0.0155
   -0.6998   -0.4963    0.5137
...    14 A-T ...
  -13.5915  -19.7756   33.4284
   -0.1503    0.6106    0.7775
   -0.6874    0.5007   -0.5261
   -0.7106   -0.6135    0.3445
...    15 A-T ...
  -15.7603  -21.9020   34.5305
   -0.4943    0.7960    0.3494
   -0.4625    0.0995   -0.8810
   -0.7361   -0.5970    0.3189
...    16 T-A ...
  -17.9101  -23.8421   36.2841
   -0.6872    0.7099   -0.1541
   -0.1167   -0.3173   -0.9411
   -0.7170   -0.6288    0.3009
...    17 T-A ...
  -20.2654  -25.7236   37.6216
   -0.6415    0.3846   -0.6638
    0.3147   -0.6571   -0.6849
   -0.6996   -0.6483    0.3005
...    18 T-A ...
  -22.6302  -27.6436   38.5803
   -0.3158    0.0387   -0.9480
    0.5946   -0.7706   -0.2295
   -0.7394   -0.6361    0.2203
...    19 A-T ...
  -25.1479  -29.5882   38.9072
    0.1362   -0.1554   -0.9784
    0.6400   -0.7401    0.2066
   -0.7562   -0.6543   -0.0013
...    20 T-A ...
  -28.0137  -31.1694   38.5545
    0.4496   -0.4766   -0.7554
    0.4814   -0.5831    0.6544
   -0.7524   -0.6579   -0.0327
...    21 T-A ...
  -30.5771  -33.1722   38.1228
    0.6540   -0.7013   -0.2834
    0.1409   -0.2552    0.9566
   -0.7432   -0.6656   -0.0681
...    22 C-G ...
  -32.9095  -35.4274   37.7604
    0.6413   -0.7036    0.3060
   -0.2734    0.1630    0.9480
   -0.7169   -0.6916   -0.0878
...    23 G-C ...
  -35.1756  -37.8529   38.2034
    0.4579   -0.4237    0.7816
   -0.6342    0.4604    0.6211
   -0.6230   -0.7801   -0.0579
...    24 C-G ...
  -36.9070  -40.6001   37.8836
    0.0923   -0.0847    0.9921
   -0.7814    0.6114    0.1249
   -0.6172   -0.7868   -0.0098
...    25 A-T ...
  -39.2999  -42.8477   37.6633
   -0.3518    0.2952    0.8883
   -0.6877    0.5623   -0.4593
   -0.6351   -0.7724    0.0052
...    26 A-T ...
  -41.2427  -45.4913   37.8580
   -0.6892    0.5398    0.4834
   -0.3644    0.3185   -0.8751
   -0.6263   -0.7792   -0.0228
...    27 A-T ...
  -43.1450  -48.1226   38.1178
   -0.7863    0.6096   -0.1004
    0.1144   -0.0161   -0.9933
   -0.6071   -0.7926   -0.0570
...    28 G-C ...
  -45.4288  -50.5753   38.3577
   -0.5661    0.5744   -0.5913
    0.4934   -0.3386   -0.8012
   -0.6604   -0.7453   -0.0918
...    29 G-C ...
  -48.0824  -52.7834   38.1653
   -0.1303    0.4059   -0.9046
    0.7130   -0.5956   -0.3699
   -0.6889   -0.6932   -0.2118
...    30 C-G ...
  -50.7136  -54.5568   37.3865
    0.3221    0.1057   -0.9408
    0.6588   -0.7387    0.1425
   -0.6799   -0.6657   -0.3076
...    31 C-G ...
  -53.1528  -56.4428   36.1728
    0.6947   -0.2239   -0.6836
    0.3595   -0.7151    0.5995
   -0.6230   -0.6622   -0.4163
...    32 G-C ...
  -54.6532  -58.6551   34.7430
    0.8524   -0.4556   -0.2567
   -0.0660   -0.5807    0.8114
   -0.5187   -0.6747   -0.5250
...    33 G-C ...
  -55.6768  -61.0784   32.6083
    0.7099   -0.6634    0.2364
   -0.5494   -0.3117    0.7752
   -0.4406   -0.6802   -0.5858
...    34 C-G ...
  -56.6299  -63.4341   30.5525
    0.3064   -0.7157    0.6276
   -0.8655    0.0650    0.4967
   -0.3963   -0.6954   -0.5995
...    35 C-G ...
  -57.6434  -66.0593   28.6493
   -0.2365   -0.5666    0.7893
   -0.9023    0.4294    0.0378
   -0.3603   -0.7032   -0.6129
...    36 C-G ...
  -58.6547  -68.5995   26.7009
   -0.6798   -0.2319    0.6958
   -0.6365    0.6579   -0.4026
   -0.3644   -0.7165   -0.5948
...    37 G-C ...
  -60.1095  -70.1822   23.9612
   -0.8960    0.2154    0.3883
   -0.1328    0.7044   -0.6972
   -0.4237   -0.6763   -0.6026
...    38 A-T ...
  -61.1848  -72.3787   22.0154
   -0.8051    0.5895   -0.0652
    0.4219    0.4920   -0.7615
   -0.4169   -0.6406   -0.6449
...    39 C-G ...
  -62.9506  -74.3612   20.2472
   -0.4561    0.8007   -0.3883
    0.7706    0.1370   -0.6225
   -0.4452   -0.5831   -0.6795
...    40 A-T ...
  -64.6225  -76.1455   18.0263
    0.0801    0.8322   -0.5487
    0.8862   -0.3114   -0.3431
   -0.4564   -0.4587   -0.7624
...    41 C-G ...
  -66.3993  -77.0633   15.4887
    0.5420    0.6193   -0.5681
    0.7283   -0.6835   -0.0502
   -0.4193   -0.3865   -0.8214
...    42 G-C ...
  -67.3589  -78.5201   12.6543
    0.8965    0.1860   -0.4021
    0.2839   -0.9380    0.1990
   -0.3401   -0.2926   -0.8937
...    43 A-T ...
  -68.3955  -79.3557    9.7824
    0.9001   -0.3833   -0.2072
   -0.2867   -0.8791    0.3808
   -0.3281   -0.2833   -0.9011
...    44 C-G ...
  -69.0982  -79.6858    6.5643
    0.6386   -0.7673    0.0578
   -0.7196   -0.5690    0.3980
   -0.2725   -0.2958   -0.9156
...    45 T-A ...
  -69.2606  -80.5718    3.0247
    0.1436   -0.9575    0.2503
   -0.9563   -0.0692    0.2840
   -0.2546   -0.2801   -0.9256
...    46 T-A ...
  -69.5117  -81.3139   -0.1782
   -0.3536   -0.8839    0.3060
   -0.9029    0.4080    0.1352
   -0.2443   -0.2285   -0.9424
...    47 A-T ...
  -70.5031  -81.8141   -3.3357
   -0.8347   -0.4536    0.3123
   -0.4959    0.8657   -0.0678
   -0.2397   -0.2114   -0.9475
...    48 C-G ...
  -71.0850  -83.1243   -6.3456
   -0.9686    0.0649    0.2401
    0.0138    0.9779   -0.2086
   -0.2483   -0.1987   -0.9481
...    49 T-A ...
  -72.1496  -84.1562   -9.3583
   -0.7979    0.5774    0.1733
    0.5129    0.8013   -0.3079
   -0.3166   -0.1568   -0.9355
...    50 G-C ...
  -73.4522  -84.4176  -12.4592
   -0.3471    0.9295    0.1248
    0.8611    0.3686   -0.3503
   -0.3716   -0.0141   -0.9283
...    51 T-A ...
  -75.1601  -84.4739  -15.1569
    0.1137    0.9928    0.0378
    0.9239   -0.0917   -0.3716
   -0.3655    0.0772   -0.9276
...    52 A-T ...
  -77.1334  -83.2389  -17.7134
    0.5976    0.7910    0.1310
    0.7600   -0.5068   -0.4069
   -0.2554    0.3427   -0.9040
...    53 G-C ...
  -78.2974  -81.8411  -20.3671
    0.9034    0.4272    0.0367
    0.3950   -0.7960   -0.4587
   -0.1668    0.4289   -0.8879
...    54 G-C ...
  -78.9021  -79.3779  -23.0516
    0.9898   -0.0703   -0.1241
   -0.1197   -0.8825   -0.4547
   -0.0776    0.4650   -0.8819
...    55 T-A ...
  -78.7518  -77.4595  -25.6983
    0.8000   -0.5055   -0.3233
   -0.5980   -0.7153   -0.3616
   -0.0485    0.4826   -0.8745
...    56 A-T ...
  -78.3083  -75.5767  -28.5030
    0.3378   -0.8354   -0.4336
   -0.9412   -0.2958   -0.1634
    0.0082    0.4633   -0.8862
...    57 T-A ...
  -77.5207  -73.9026  -31.2556
   -0.1666   -0.8588   -0.4844
   -0.9860    0.1499    0.0735
    0.0095    0.4898   -0.8718
...    58 C-G ...
  -77.2156  -72.4440  -34.2706
   -0.7229   -0.5930   -0.3546
   -0.6909    0.6231    0.3665
    0.0036    0.5099   -0.8602
...    59 T-A ...
  -77.1616  -71.0545  -37.2938
   -0.9721   -0.2228   -0.0740
   -0.2297    0.8372    0.4963
   -0.0486    0.4994   -0.8650
...    60 C-G ...
  -77.3889  -69.4024  -40.1630
   -0.9321    0.2603    0.2520
    0.3517    0.8173    0.4565
   -0.0871    0.5141   -0.8533
...    61 G-C ...
  -77.6265  -67.3006  -42.6292
   -0.6335    0.4987    0.5915
    0.7418    0.6087    0.2813
   -0.2198    0.6170   -0.7556
...    62 A-T ...
  -78.1806  -65.2950  -45.1189
   -0.1159    0.6883    0.7161
    0.9710    0.2303   -0.0641
   -0.2090    0.6879   -0.6950
...    63 G-C ...
  -79.2506  -62.8550  -47.0814
    0.3912    0.6545    0.6470
    0.8990   -0.1216   -0.4207
   -0.1966    0.7463   -0.6359
...    64 C-G ...
  -80.2490  -60.1115  -48.7855
    0.8346    0.4306    0.3435
    0.5272   -0.4439   -0.7246
   -0.1595    0.7858   -0.5975
...    65 T-A ...
  -80.9003  -57.3139  -50.4055
    0.9939    0.1067   -0.0263
    0.0398   -0.5726   -0.8189
   -0.1025    0.8129   -0.5734
...    66 C-G ...
  -80.8985  -54.7292  -52.3643
    0.8559   -0.2609   -0.4466
   -0.5163   -0.4817   -0.7081
   -0.0303    0.8366   -0.5469
...    67 G-C ...
  -81.2829  -52.4103  -54.7467
    0.4497   -0.5293   -0.7194
   -0.8922   -0.2294   -0.3890
    0.0409    0.8168   -0.5754
...    68 G-C ...
  -80.8976  -49.6883  -56.6238
   -0.0878   -0.6123   -0.7857
   -0.9956    0.0807    0.0484
    0.0338    0.7865   -0.6167
...    69 G-C ...
  -80.5424  -47.1908  -58.8157
   -0.5985   -0.5496   -0.5828
   -0.8011    0.4116    0.4346
    0.0010    0.7270   -0.6866
...    70 A-T ...
  -80.3321  -44.9159  -61.2152
   -0.9522   -0.2152   -0.2166
   -0.3053    0.6546    0.6916
   -0.0070    0.7247   -0.6890
...    71 T-A ...
  -80.3563  -42.9992  -63.9064
   -0.9757    0.1311    0.1756
    0.2176    0.6732    0.7067
   -0.0256    0.7277   -0.6854
...    72 C-G ...
  -80.6400  -40.7215  -66.2675
   -0.6737    0.4726    0.5682
    0.7379    0.4727    0.4817
   -0.0410    0.7438   -0.6672
...    73 C-G ...
  -80.8880  -38.4092  -68.5826
   -0.2117    0.5401    0.8145
    0.9750    0.1739    0.1381
   -0.0671    0.8234   -0.5634
...    74 G-C ...
  -80.6968  -35.5682  -70.2033
    0.3213    0.4130    0.8522
    0.9456   -0.0911   -0.3124
   -0.0514    0.9062   -0.4198
...    75 C-G ...
  -81.2841  -32.3375  -71.2706
    0.7967    0.2641    0.5437
    0.6034   -0.2959   -0.7405
   -0.0346    0.9180   -0.3951
...    76 T-A ...
  -81.5667  -29.1865  -72.2123
    0.9913    0.0262    0.1286
    0.1293   -0.3625   -0.9230
    0.0224    0.9316   -0.3628
...    77 C-G ...
  -81.1762  -26.1034  -73.1985
    0.9079   -0.2078   -0.3642
   -0.4126   -0.2881   -0.8642
    0.0747    0.9348   -0.3472
...    78 A-T ...
  -80.6155  -22.7895  -73.8400
    0.5665   -0.4234   -0.7070
   -0.7958   -0.0583   -0.6027
    0.2139    0.9041   -0.3700
...    79 T-A ...
  -79.4457  -19.9409  -74.8456
    0.1071   -0.4277   -0.8976
   -0.9675    0.1634   -0.1933
    0.2293    0.8891   -0.3962
...    80 G-C ...
  -78.3875  -17.0381  -76.2860
   -0.4699   -0.3131   -0.8253
   -0.8581    0.3813    0.3439
    0.2070    0.8698   -0.4479
...    81 T-A ...
  -77.2314  -14.4745  -78.0933
   -0.8455   -0.0746   -0.5287
   -0.4946    0.4825    0.7229
    0.2012    0.8727   -0.4448
...    82 T-A ...
  -76.5929  -11.8121  -79.7028
   -0.9809    0.1860   -0.0568
    0.0337    0.4502    0.8923
    0.1915    0.8733   -0.4479
...    83 A-T ...
  -76.0249   -8.8166  -80.9992
   -0.8153    0.3403    0.4685
    0.5622    0.2713    0.7812
    0.1387    0.9003   -0.4125
...    84 T-A ...
  -76.1288   -6.1105  -82.7524
   -0.4455    0.4320    0.7842
    0.8825    0.0644    0.4659
    0.1507    0.8996   -0.4100
...    85 A-T ...
  -75.6652   -3.0900  -83.9520
    0.0580    0.3015    0.9517
    0.9902   -0.1390   -0.0163
    0.1274    0.9433   -0.3065
...    86 A-T ...
  -75.4564   -0.0676  -84.7988
    0.5470    0.1300    0.8270
    0.8229   -0.2652   -0.5025
    0.1540    0.9554   -0.2521
...    87 C-G ...
  -75.3955    3.3309  -84.9983
    0.8879   -0.0609    0.4559
    0.4216   -0.2883   -0.8597
    0.1839    0.9556   -0.2303
...    88 G-C ...
  -74.2828    6.2486  -85.8891
    0.9330   -0.3598   -0.0045
   -0.0649   -0.1560   -0.9856
    0.3539    0.9199   -0.1689
...    89 G-C ...
  -72.5695    9.0203  -86.2981
    0.7302   -0.4875   -0.4786
   -0.4922    0.1104   -0.8634
    0.4738    0.8661   -0.1593
...    90 A-T ...
  -70.8249   11.8094  -86.6065
    0.3060   -0.3400   -0.8892
   -0.8149    0.3894   -0.4293
    0.4922    0.8560   -0.1579
...    91 T-A ...
  -68.5483   14.2286  -86.9713
   -0.1299   -0.0924   -0.9872
   -0.8595    0.5069    0.0657
    0.4943    0.8571   -0.1453
...    92 T-A ...
  -66.5690   16.7878  -87.5059
   -0.5782    0.2715   -0.7694
   -0.6283    0.4534    0.6322
    0.5204    0.8490   -0.0916
...    93 T-A ...
  -64.6816   19.3880  -88.0291
   -0.8169    0.5007   -0.2862
   -0.2050    0.2117    0.9556
    0.5391    0.8393   -0.0703
...    94 A-T ...
  -62.8579   22.1154  -87.8468
   -0.7899    0.5316    0.3057
    0.2851   -0.1229    0.9506
    0.5429    0.8381   -0.0544
...    95 A-T ...
  -61.2590   24.8300  -88.1443
   -0.5449    0.3554    0.7595
    0.6477   -0.3968    0.6504
    0.5325    0.8463   -0.0139
...    96 C-G ...
  -60.0798   27.9280  -88.4292
   -0.1711    0.0732    0.9825
    0.8310   -0.5250    0.1838
    0.5293    0.8479    0.0290
...    97 A-T ...
  -58.5064   30.8308  -88.1579
    0.2235   -0.3237    0.9194
    0.8105   -0.4622   -0.3597
    0.5414    0.8256    0.1590
...    98 C-G ...
  -57.1531   33.6900  -87.0955
    0.5705   -0.5496    0.6103
    0.6027   -0.2246   -0.7657
    0.5579    0.8047    0.2031
...    99 T-A ...
  -55.3238   36.4206  -85.6377
    0.7679   -0.6354    0.0817
    0.2111    0.1306   -0.9687
    0.6048    0.7611    0.2344
...   100 T-A ...
  -53.3424   38.7234  -84.4757
    0.7612   -0.4400   -0.4764
   -0.2523    0.4759   -0.8426
    0.5974    0.7616    0.2512
...   101 T-A ...
  -51.2954   41.0033  -83.4279
    0.5000   -0.0948   -0.8608
   -0.6282    0.6445   -0.4359
    0.5961    0.7587    0.2627
...   102 A-T ...
  -49.4785   43.7203  -82.6500
    0.0329    0.2925   -0.9557
   -0.7975    0.5840    0.1514
    0.6024    0.7572    0.2525
...   103 T-A ...
  -46.9696   45.7692  -82.1391
   -0.3488    0.5175   -0.7814
   -0.7183    0.3879    0.5776
    0.6020    0.7627    0.2364
...   104 G-C ...
  -44.9277   48.3410  -81.6648
   -0.7632    0.5756   -0.2938
   -0.3430    0.0244    0.9390
    0.5476    0.8174    0.1788
...   105 C-G ...
  -43.3667   51.1999  -81.4604
   -0.8542    0.4593    0.2437
    0.1052   -0.3064    0.9461
    0.5092    0.8338    0.2134
...   106 T-A ...
  -41.8668   54.2515  -81.0901
   -0.6774    0.1813    0.7129
    0.5615   -0.4988    0.6603
    0.4753    0.8476    0.2361
...   107 T-A ...
  -40.5230   57.0679  -80.4155
   -0.3009   -0.1694    0.9385
    0.8383   -0.5162    0.1756
    0.4547    0.8395    0.2973
...   108 C-G ...
  -39.3018   59.8654  -79.2624
    0.1467   -0.5027    0.8519
    0.8768   -0.3326   -0.3472
    0.4579    0.7979    0.3919
...   109 C-G ...
  -38.0141   62.5920  -77.9793
    0.4817   -0.7162    0.5049
    0.6947   -0.0391   -0.7182
    0.5342    0.6968    0.4787
...   110 G-C ...
  -36.1395   64.4975  -76.5467
    0.6734   -0.7387    0.0297
    0.4159    0.3453   -0.8413
    0.6112    0.5788    0.5398
...   111 G-C ...
  -33.7674   65.7942  -74.5664
    0.7458   -0.4840   -0.4579
    0.0474    0.7241   -0.6881
    0.6645    0.4914    0.5630
...   112 C-G ...
  -31.2402   66.7719  -72.5786
    0.6366   -0.0356   -0.7703
   -0.3320    0.8890   -0.3155
    0.6960    0.4566    0.5541
...   113 T-A ...
  -28.8409   68.0343  -70.7444
    0.3757    0.4302   -0.8209
   -0.5885    0.7950    0.1473
    0.7160    0.4277    0.5518
...   114 C-G ...
  -26.5886   69.6784  -69.0491
   -0.0333    0.8111   -0.5839
   -0.6732    0.4137    0.6130
    0.7387    0.4135    0.5322
...   115 G-C ...
  -24.5018   71.1047  -66.9624
   -0.4325    0.8899   -0.1447
   -0.5448   -0.1301    0.8284
    0.7184    0.4372    0.5411
...   116 T-A ...
  -22.1046   72.9353  -65.6355
   -0.6775    0.6768    0.2880
   -0.2490   -0.5794    0.7760
    0.6921    0.4540    0.5611
...   117 A-T ...
  -19.8052   74.9627  -64.0868
   -0.7617    0.2049    0.6147
    0.1638   -0.8569    0.4887
    0.6269    0.4729    0.6192
...   118 T-A ...
  -18.0903   77.0703  -62.3621
   -0.5995   -0.2358    0.7648
    0.4946   -0.8605    0.1224
    0.6293    0.4517    0.6325
...   119 A-T ...
  -16.2401   78.5010  -60.1276
   -0.4063   -0.6865    0.6031
    0.7391   -0.6350   -0.2249
    0.5373    0.3543    0.7653
...   120 A-T ...
  -14.8038   79.6306  -57.4697
   -0.0087   -0.9531    0.3025
    0.8576   -0.1627   -0.4880
    0.5143    0.2551    0.8188
...   121 T-A ...
  -13.6894   80.3573  -54.4513
    0.3958   -0.9183   -0.0066
    0.7642    0.3334   -0.5522
    0.5093    0.2135    0.8337
...   122 G-C ...
  -12.0160   80.6073  -51.4679
    0.6806   -0.6069   -0.4105
    0.4626    0.7904   -0.4016
    0.5681    0.0834    0.8187
...   123 T-A ...
  -10.1785   80.2238  -48.8344
    0.8153   -0.1620   -0.5559
    0.1150    0.9862   -0.1188
    0.5675    0.0329    0.8227
...   124 G-C ...
   -8.1579   80.1857  -46.2500
    0.7214    0.4225   -0.5488
   -0.3309    0.9063    0.2628
    0.6084   -0.0080    0.7936
...   125 T-A ...
   -5.9633   79.6634  -43.9031
    0.4493    0.8259   -0.3407
   -0.6450    0.5637    0.5159
    0.6181   -0.0121    0.7860
...   126 C-G ...
   -3.9424   79.6344  -41.4784
    0.0071    0.9991    0.0419
   -0.7832   -0.0205    0.6214
    0.6217   -0.0372    0.7824
...   127 G-C ...
   -2.4684   79.3444  -38.6252
   -0.4332    0.8522    0.2934
   -0.7044   -0.5232    0.4797
    0.5623    0.0012    0.8269
...   128 A-T ...
   -0.5620   79.1431  -36.1587
   -0.7646    0.4062    0.5004
   -0.3653   -0.9128    0.1828
    0.5310   -0.0430    0.8463
...   129 C-G ...
    1.1962   79.7063  -33.4344
   -0.8732   -0.1164    0.4733
    0.0704   -0.9910   -0.1139
    0.4822   -0.0662    0.8735
...   130 C-G ...
    2.1911   79.9870  -30.1758
   -0.8050   -0.5552    0.2092
    0.4847   -0.8187   -0.3078
    0.3422   -0.1464    0.9282
...   131 A-T ...
    2.6159   78.9029  -27.0341
   -0.5947   -0.7713   -0.2266
    0.7929   -0.5163   -0.3237
    0.1326   -0.3722    0.9186
...   132 A-T ...
    2.7814   77.6048  -24.0566
   -0.0921   -0.8989   -0.4284
    0.9921   -0.0458   -0.1170
    0.0856   -0.4358    0.8960
...   133 A-T ...
    2.6367   76.1051  -21.1213
    0.5024   -0.7699   -0.3935
    0.8623    0.4798    0.1623
    0.0638   -0.4209    0.9049
...   134 T-A ...
    2.3075   74.2308  -18.3903
    0.8657   -0.4293   -0.2574
    0.4984    0.7868    0.3641
    0.0462   -0.4435    0.8951
...   135 G-C ...
    1.4353   72.0971  -15.6050
    0.9809    0.0621    0.1843
   -0.1263    0.9241    0.3607
   -0.1479   -0.3771    0.9143
...   136 T-A ...
    0.5278   69.2394  -13.4689
    0.7351    0.4963    0.4618
   -0.6117    0.7792    0.1365
   -0.2921   -0.3828    0.8764
...   137 G-C ...
   -0.1660   67.4106  -10.8095
    0.1800    0.8794    0.4408
   -0.9276    0.3008   -0.2214
   -0.3274   -0.3691    0.8698
...   138 A-T ...
   -0.1322   66.2180   -7.8217
   -0.3749    0.8570    0.3536
   -0.8857   -0.2184   -0.4098
   -0.2739   -0.4668    0.8409
...   139 G-C ...
   -1.0070   65.6075   -4.9425
   -0.8336    0.5218    0.1811
   -0.5170   -0.6220   -0.5881
   -0.1942   -0.5839    0.7883
...   140 C-G ...
   -0.6976   63.9004   -2.2528
   -0.9992    0.0157   -0.0376
    0.0023   -0.8993   -0.4374
   -0.0406   -0.4371    0.8985
...   141 G-C ...
   -3.4384   60.2386    1.0283
   -0.4425    0.2285   -0.8672
    0.1683   -0.9287   -0.3306
   -0.8808   -0.2922    0.3725
...   142 C-G ...
   -6.3290   59.0835    1.6293
   -0.2970   -0.3280   -0.8968
    0.5656   -0.8171    0.1115
   -0.7693   -0.4741    0.4282
...   143 T-A ...
   -8.6769   58.7244    3.6024
   -0.0347   -0.7817   -0.6227
    0.6533   -0.4893    0.5778
   -0.7563   -0.3868    0.5276
...   144 C-G ...
  -11.6546   58.0115    4.7193
    0.2451   -0.9542   -0.1716
    0.6322    0.0231    0.7745
   -0.7350   -0.2983    0.6089
...   145 A-T ...
  -14.1761   56.5669    6.1806
    0.5795   -0.7268    0.3687
    0.3139    0.6165    0.7220
   -0.7521   -0.3027    0.5855
...   146 C-G ...
  -16.4652   53.8950    7.5152
    0.5336   -0.3331    0.7774
   -0.0346    0.9098    0.4136
   -0.8450   -0.2476    0.4739
...   147 A-T ...
  -19.0174   52.0375    8.9260
    0.2452    0.2907    0.9249
   -0.3073    0.9281   -0.2103
   -0.9195   -0.2327    0.3169
