  147 base-pairs
...     1 A-T ...
    0.0000    0.0000    0.0000
    1.0000    0.0000    0.0000
    0.0000    1.0000    0.0000
    0.0000    0.0000    1.0000
...     2 G-C ...
   -0.1404   -1.2353    3.2259
    0.7530    0.6366    0.1668
   -0.6385    0.7681   -0.0490
   -0.1593   -0.0696    0.9848
...     3 T-A ...
   -0.0377   -3.2918    6.3749
    0.2722    0.9302    0.2464
   -0.9238    0.3243   -0.2034
   -0.2691   -0.1722    0.9476
...     4 G-C ...
   -0.3520   -4.1638    9.4928
   -0.3756    0.9250    0.0576
   -0.8780   -0.3352   -0.3416
   -0.2967   -0.1788    0.9381
...     5 A-T ...
   -0.4480   -4.1448   12.7498
   -0.8116    0.5839   -0.0166
   -0.5522   -0.7762   -0.3042
   -0.1905   -0.2377    0.9525
...     6 G-C ...
   -1.5926   -4.1701   15.6201
   -0.9976    0.0246   -0.0651
   -0.0043   -0.9555   -0.2950
   -0.0694   -0.2940    0.9533
...     7 C-G ...
   -1.1050   -4.4793   18.7363
   -0.8442   -0.5302   -0.0787
    0.5343   -0.8442   -0.0430
   -0.0437   -0.0784    0.9960
...     8 G-C ...
   -2.4044   -7.7255   23.1483
   -0.2753   -0.3294   -0.9032
    0.6650   -0.7437    0.0686
   -0.6943   -0.5817    0.4238
...     9 C-G ...
   -4.4706   -9.9691   24.1142
    0.1145   -0.7026   -0.7023
    0.8512   -0.2951    0.4341
   -0.5123   -0.6475    0.5642
...    10 T-A ...
   -6.7420  -10.8705   25.9717
    0.4841   -0.8363   -0.2573
    0.6594    0.1554    0.7356
   -0.5752   -0.5257    0.6267
...    11 C-G ...
   -9.1682  -12.6167   27.1662
    0.7073   -0.6683    0.2306
    0.3450    0.6110    0.7125
   -0.6170   -0.4243    0.6627
...    12 A-T ...
  -10.9253  -14.6583   29.0713
    0.7515   -0.1377    0.6452
   -0.2027    0.8824    0.4245
   -0.6278   -0.4498    0.6352
...    13 C-G ...
  -11.8495  -17.4796   31.2472
    0.4294    0.2824    0.8578
   -0.5708    0.8209    0.0155
   -0.6998   -0.4963    0.5137
...    14 A-T ...
  -13.5915  -19.7756   33.4284
   -0.1503    0.6106    0.7775
   -0.6874    0.5007   -0.5261
   -0.7106   -0.6135    0.3445
...    15 A-T ...
  -15.6845  -21.8652   34.7620
   -0.5085    0.7783    0.3684
   -0.4767    0.1018   -0.8731
   -0.7170   -0.6196    0.3193
...    16 T-A ...
  -17.7752  -23.7699   36.4193
   -0.6636    0.7407   -0.1045
   -0.1623   -0.2789   -0.9465
   -0.7302   -0.6112    0.3053
...    17 T-A ...
  -20.1467  -25.5868   37.6336
   -0.6130    0.5097   -0.6037
    0.2202   -0.6236   -0.7501
   -0.7588   -0.5927    0.2700
...    18 T-A ...
  -22.7199  -27.2603   38.5976
   -0.3557    0.1473   -0.9229
    0.5040   -0.8014   -0.3221
   -0.7871   -0.5797    0.2108
...    19 A-T ...
  -25.8251  -28.5114   38.9599
    0.1044   -0.0949   -0.9900
    0.5604   -0.8167    0.1374
   -0.8216   -0.5691   -0.0321
...    20 T-A ...
  -28.7871  -29.7955   38.5294
    0.3891   -0.4501   -0.8037
    0.4260   -0.6857    0.5902
   -0.8168   -0.5721   -0.0751
...    21 T-A ...
  -31.4930  -31.4698   37.9823
    0.5748   -0.7334   -0.3630
    0.1289   -0.3569    0.9252
   -0.8081   -0.5786   -0.1107
...    22 C-G ...
  -33.9682  -33.4887   37.4000
    0.5676   -0.7935    0.2196
   -0.2493    0.0886    0.9644
   -0.7847   -0.6021   -0.1476
...    23 G-C ...
  -36.5257  -35.5671   37.3362
    0.3938   -0.5798    0.7132
   -0.5630    0.4612    0.6858
   -0.7266   -0.6716   -0.1448
...    24 C-G ...
  -38.6288  -38.0385   36.7281
    0.0441   -0.2351    0.9710
   -0.6957    0.6903    0.1987
   -0.7170   -0.6843   -0.1332
...    25 A-T ...
  -41.1451  -40.0966   36.2707
   -0.3118    0.2263    0.9228
   -0.6072    0.6996   -0.3768
   -0.7308   -0.6778   -0.0807
...    26 A-T ...
  -43.3310  -42.5000   36.1778
   -0.6139    0.5585    0.5578
   -0.3121    0.4773   -0.8215
   -0.7250   -0.6784   -0.1187
...    27 A-T ...
  -45.6353  -44.7734   36.0665
   -0.6790    0.7338    0.0211
    0.0912    0.1128   -0.9894
   -0.7284   -0.6699   -0.1435
...    28 G-C ...
  -48.1595  -46.8494   35.8899
   -0.4706    0.7595   -0.4490
    0.4256   -0.2504   -0.8696
   -0.7729   -0.6003   -0.2054
...    29 G-C ...
  -51.0170  -48.5533   35.4371
   -0.0866    0.6088   -0.7886
    0.5919   -0.6052   -0.5323
   -0.8013   -0.5129   -0.3080
...    30 C-G ...
  -53.8935  -49.7302   34.4741
    0.2976    0.2622   -0.9180
    0.5340   -0.8428   -0.0676
   -0.7913   -0.4701   -0.3909
...    31 C-G ...
  -56.5999  -50.8118   32.8035
    0.6207   -0.1374   -0.7719
    0.2706   -0.8865    0.3754
   -0.7359   -0.4419   -0.5131
...    32 G-C ...
  -58.6700  -52.5273   30.8843
    0.7615   -0.5180   -0.3896
   -0.1578   -0.7311    0.6637
   -0.6287   -0.4440   -0.6385
...    33 G-C ...
  -60.3340  -53.9574   28.3201
    0.6102   -0.7901    0.0576
   -0.5714   -0.3886    0.7228
   -0.5488   -0.4740   -0.6886
...    34 C-G ...
  -61.7340  -55.5720   25.7962
    0.2179   -0.8678    0.4467
   -0.8282    0.0778    0.5551
   -0.5164   -0.4908   -0.7017
...    35 C-G ...
  -63.1815  -57.4489   23.4057
   -0.2431   -0.6726    0.6990
   -0.8290    0.5183    0.2104
   -0.5037   -0.5283   -0.6835
...    36 C-G ...
  -64.6750  -59.4433   21.1423
   -0.6278   -0.2670    0.7312
   -0.5697    0.7977   -0.1978
   -0.5304   -0.5408   -0.6529
...    37 G-C ...
  -66.5449  -60.7888   18.7626
   -0.7904    0.2563    0.5564
   -0.1189    0.8268   -0.5498
   -0.6009   -0.5008   -0.6230
...    38 A-T ...
  -68.4110  -62.5314   16.7459
   -0.6926    0.7000    0.1742
    0.3660    0.5491   -0.7514
   -0.6216   -0.4567   -0.6365
...    39 C-G ...
  -70.7643  -64.1554   15.1631
   -0.3852    0.9037   -0.1870
    0.6670    0.1327   -0.7331
   -0.6377   -0.4071   -0.6539
...    40 A-T ...
  -72.9821  -65.3723   12.9994
    0.1226    0.8970   -0.4248
    0.7523   -0.3632   -0.5497
   -0.6474   -0.2521   -0.7193
...    41 C-G ...
  -75.4598  -65.6959   10.9274
    0.5197    0.6228   -0.5848
    0.5841   -0.7586   -0.2887
   -0.6234   -0.1915   -0.7580
...    42 G-C ...
  -77.1853  -66.2379    8.1672
    0.8413    0.1747   -0.5116
    0.1955   -0.9806   -0.0134
   -0.5040   -0.0888   -0.8591
...    43 A-T ...
  -78.6355  -66.3378    5.2636
    0.8336   -0.3966   -0.3844
   -0.3281   -0.9154    0.2331
   -0.4444   -0.0682   -0.8932
...    44 C-G ...
  -79.6285  -66.0616    2.1305
    0.5677   -0.8001   -0.1935
   -0.7173   -0.5962    0.3607
   -0.4039   -0.0660   -0.9124
...    45 T-A ...
  -80.5408  -66.2331   -1.0314
    0.1371   -0.9895    0.0459
   -0.9240   -0.1110    0.3659
   -0.3570   -0.0926   -0.9295
...    46 T-A ...
  -81.3330  -66.4979   -4.1802
   -0.4235   -0.8844    0.1963
   -0.8398    0.4646    0.2810
   -0.3397   -0.0458   -0.9394
...    47 A-T ...
  -82.6540  -66.2867   -7.2402
   -0.8601   -0.4204    0.2891
   -0.4013    0.9073    0.1253
   -0.3150   -0.0082   -0.9491
...    48 C-G ...
  -83.5967  -66.9040  -10.3526
   -0.9400    0.0990    0.3265
    0.0955    0.9951   -0.0268
   -0.3276    0.0060   -0.9448
...    49 T-A ...
  -84.8835  -67.1308  -13.3747
   -0.7420    0.5833    0.3304
    0.5590    0.8104   -0.1754
   -0.3701    0.0545   -0.9274
...    50 G-C ...
  -86.2308  -66.7660  -16.3817
   -0.2824    0.9045    0.3195
    0.8641    0.3845   -0.3248
   -0.4167    0.1844   -0.8902
...    51 T-A ...
  -88.1400  -66.1669  -18.9564
    0.2043    0.9626    0.1778
    0.8917   -0.1081   -0.4395
   -0.4039    0.2483   -0.8805
...    52 A-T ...
  -89.8448  -64.7932  -21.4911
    0.6771    0.7238    0.1328
    0.6705   -0.5325   -0.5166
   -0.3032    0.4388   -0.8459
...    53 G-C ...
  -90.8968  -62.9829  -24.0122
    0.9434    0.3274   -0.0524
    0.2475   -0.8005   -0.5458
   -0.2207    0.5019   -0.8363
...    54 G-C ...
  -91.2826  -60.8189  -26.5720
    0.9549   -0.1766   -0.2386
   -0.2764   -0.8226   -0.4970
   -0.1085    0.5406   -0.8343
...    55 T-A ...
  -91.2402  -58.5962  -28.9980
    0.6910   -0.5791   -0.4327
   -0.7194   -0.6096   -0.3329
   -0.0710    0.5413   -0.8378
...    56 T-A ...
  -91.1625  -56.6528  -31.6007
    0.1765   -0.8047   -0.5668
   -0.9821   -0.1829   -0.0461
   -0.0666    0.5648   -0.8226
...    57 C-G ...
  -91.2264  -54.8840  -34.3464
   -0.4177   -0.7673   -0.4867
   -0.9068    0.3181    0.2767
   -0.0575    0.5569   -0.8286
...    58 A-T ...
  -91.5849  -52.9568  -36.9902
   -0.8449   -0.4976   -0.1960
   -0.5243    0.6981    0.4877
   -0.1059    0.5149   -0.8507
...    59 T-A ...
  -91.7050  -51.8388  -40.0904
   -0.9946   -0.0825    0.0623
   -0.0369    0.8465    0.5311
   -0.0966    0.5260   -0.8450
...    60 G-C ...
  -92.1621  -49.9807  -42.7801
   -0.8431    0.3261    0.4277
    0.5034    0.7583    0.4142
   -0.1893    0.5645   -0.8035
...    61 T-A ...
  -93.2438  -48.5324  -45.5192
   -0.4736    0.6314    0.6141
    0.8566    0.4923    0.1546
   -0.2047    0.5992   -0.7740
...    62 T-A ...
  -94.1810  -46.6650  -47.9796
    0.0653    0.7715    0.6329
    0.9774    0.0782   -0.1962
   -0.2008    0.6315   -0.7489
...    63 A-T ...
  -95.2612  -44.2858  -50.0516
    0.5637    0.5818    0.5863
    0.8148   -0.2756   -0.5100
   -0.1351    0.7652   -0.6294
...    64 T-A ...
  -96.1033  -41.5284  -51.5848
    0.8890    0.3544    0.2899
    0.4438   -0.5110   -0.7362
   -0.1128    0.7831   -0.6115
...    65 A-T ...
  -96.2837  -38.6260  -53.1902
    0.9970   -0.0686   -0.0347
   -0.0679   -0.5737   -0.8162
    0.0361    0.8162   -0.5767
...    66 A-T ...
  -95.9904  -35.8246  -54.7879
    0.8006   -0.3745   -0.4678
   -0.5968   -0.4290   -0.6780
    0.0532    0.8220   -0.5670
...    67 C-G ...
  -95.2517  -32.9794  -56.2955
    0.3923   -0.5554   -0.7333
   -0.9161   -0.1641   -0.3658
    0.0828    0.8153   -0.5731
...    68 G-C ...
  -95.2922  -30.4316  -58.3958
   -0.1703   -0.6201   -0.7658
   -0.9788    0.1961    0.0589
    0.1136    0.7597   -0.6403
...    69 G-C ...
  -94.6318  -28.0633  -60.6884
   -0.6653   -0.4691   -0.5807
   -0.7413    0.5071    0.4397
    0.0882    0.7230   -0.6852
...    70 A-T ...
  -94.2379  -25.7672  -62.9732
   -0.9710   -0.1086   -0.2131
   -0.2290    0.6796    0.6970
    0.0691    0.7255   -0.6847
...    71 A-T ...
  -94.0272  -23.6349  -65.4108
   -0.9358    0.2907    0.1997
    0.3425    0.6141    0.7110
    0.0840    0.7337   -0.6743
...    72 T-A ...
  -94.1583  -21.6208  -68.0005
   -0.6498    0.5455    0.5293
    0.7554    0.3867    0.5289
    0.0839    0.7435   -0.6634
...    73 C-G ...
  -94.0295  -19.1972  -70.1593
   -0.1214    0.6216    0.7739
    0.9897    0.0161    0.1423
    0.0760    0.7832   -0.6171
...    74 T-A ...
  -94.1395  -16.4790  -71.9943
    0.3715    0.4719    0.7995
    0.9237   -0.2750   -0.2669
    0.0940    0.8377   -0.5381
...    75 C-G ...
  -93.8692  -13.6480  -73.5398
    0.8118    0.1816    0.5550
    0.5676   -0.4687   -0.6769
    0.1372    0.8645   -0.4835
...    76 G-C ...
  -93.0382  -10.8720  -75.1248
    0.9576   -0.2161    0.1904
    0.0796   -0.4369   -0.8960
    0.2768    0.8732   -0.4012
...    77 A-T ...
  -91.9785   -8.0144  -76.2611
    0.8235   -0.4629   -0.3279
   -0.4615   -0.2104   -0.8618
    0.3300    0.8611   -0.3869
...    78 G-C ...
  -90.5963   -5.1950  -77.2607
    0.4611   -0.5512   -0.6955
   -0.8005    0.0798   -0.5940
    0.3829    0.8306   -0.4044
...    79 C-G ...
  -88.9136   -2.6482  -78.5093
   -0.0463   -0.4480   -0.8929
   -0.9126    0.3825   -0.1446
    0.4063    0.8081   -0.4265
...    80 T-A ...
  -87.2889   -0.2177  -80.0402
   -0.5189   -0.2143   -0.8275
   -0.7515    0.5758    0.3221
    0.4075    0.7890   -0.4598
...    81 C-G ...
  -85.9070    2.2772  -81.6424
   -0.8611    0.1494   -0.4860
   -0.3150    0.5935    0.7406
    0.3991    0.7908   -0.4640
...    82 G-C ...
  -84.6633    5.1123  -82.8112
   -0.9287    0.3691    0.0365
    0.2001    0.4155    0.8873
    0.3124    0.8313   -0.4597
...    83 G-C ...
  -83.7860    7.8026  -84.6304
   -0.7139    0.4553    0.5321
    0.6535    0.1602    0.7398
    0.2516    0.8758   -0.4119
...    84 G-C ...
  -83.2950   10.7485  -86.1804
   -0.3013    0.3787    0.8751
    0.9284   -0.0929    0.3599
    0.2176    0.9208   -0.3236
...    85 A-T ...
  -82.7242   13.7631  -87.2180
    0.2481    0.2011    0.9476
    0.9407   -0.2836   -0.1861
    0.2313    0.9376   -0.2595
...    86 T-A ...
  -82.5471   16.9855  -87.7145
    0.6610    0.0086    0.7503
    0.7078   -0.3393   -0.6196
    0.2492    0.9407   -0.2304
...    87 C-G ...
  -81.6894   20.0636  -88.2271
    0.9235   -0.2425    0.2972
    0.2331   -0.2604   -0.9369
    0.3046    0.9345   -0.1840
...    88 C-G ...
  -80.4185   23.1726  -88.3654
    0.8761   -0.4365   -0.2047
   -0.2534   -0.0556   -0.9658
    0.4102    0.8980   -0.1593
...    89 G-C ...
  -78.9024   25.9746  -89.2497
    0.5573   -0.4972   -0.6650
   -0.6425    0.2491   -0.7247
    0.5259    0.8311   -0.1806
...    90 C-G ...
  -76.7706   28.4402  -89.7274
    0.1148   -0.3161   -0.9417
   -0.8218    0.5024   -0.2688
    0.5581    0.8048   -0.2021
...    91 T-A ...
  -74.6380   30.8339  -90.5045
   -0.3385   -0.0394   -0.9401
   -0.7475    0.6181    0.2433
    0.5715    0.7851   -0.2387
...    92 T-A ...
  -72.5242   33.1505  -91.3799
   -0.6761    0.3467   -0.6502
   -0.4346    0.5249    0.7318
    0.5950    0.7774   -0.2042
...    93 T-A ...
  -70.4597   35.4927  -92.2958
   -0.7856    0.6039   -0.1346
    0.0061    0.2251    0.9743
    0.6187    0.7646   -0.1806
...    94 A-T ...
  -68.4222   38.0502  -92.8193
   -0.6738    0.5850    0.4514
    0.4444   -0.1673    0.8801
    0.5903    0.7936   -0.1472
...    95 A-T ...
  -66.7085   40.7166  -93.4731
   -0.3353    0.3821    0.8611
    0.7311   -0.4710    0.4937
    0.5942    0.7951   -0.1214
...    96 C-G ...
  -65.3125   43.6316  -93.9525
    0.0364    0.0500    0.9981
    0.8024   -0.5968    0.0006
    0.5957    0.8008   -0.0618
...    97 A-T ...
  -63.3950   46.3621  -93.9644
    0.3468   -0.3957    0.8504
    0.6928   -0.5031   -0.5167
    0.6323    0.7683    0.0997
...    98 C-G ...
  -61.7216   49.0196  -93.0946
    0.6018   -0.6404    0.4772
    0.4498   -0.2219   -0.8651
    0.6599    0.7352    0.1545
...    99 T-A ...
  -59.5741   51.2984  -92.1256
    0.6848   -0.7281   -0.0290
    0.1317    0.1629   -0.9778
    0.7167    0.6658    0.2075
...   100 T-A ...
  -57.2307   53.3033  -91.1496
    0.6386   -0.5282   -0.5597
   -0.2446    0.5503   -0.7984
    0.7297    0.6467    0.2222
...   101 T-A ...
  -54.7420   55.1538  -90.1948
    0.4107   -0.1234   -0.9034
   -0.5452    0.7609   -0.3518
    0.7308    0.6370    0.2452
...   102 A-T ...
  -52.4840   57.4663  -89.4066
    0.0203    0.3671   -0.9300
   -0.6746    0.6916    0.2582
    0.7379    0.6221    0.2617
...   103 T-A ...
  -49.6292   59.0545  -88.8764
   -0.3003    0.6796   -0.6693
   -0.5997    0.4112    0.6865
    0.7418    0.6075    0.2841
...   104 G-C ...
  -47.3579   61.1952  -87.8285
   -0.6329    0.7490   -0.1962
   -0.3323   -0.0339    0.9426
    0.6993    0.6617    0.2704
...   105 C-G ...
  -44.9899   63.4305  -87.3248
   -0.7437    0.5877    0.3186
    0.0420   -0.4346    0.8996
    0.6672    0.6825    0.2985
...   106 T-A ...
  -42.9876   65.9219  -86.5417
   -0.6736    0.2421    0.6983
    0.4011   -0.6739    0.6205
    0.6208    0.6980    0.3568
...   107 T-A ...
  -41.1596   68.3660  -85.4897
   -0.3820   -0.1860    0.9053
    0.6944   -0.7041    0.1484
    0.6098    0.6853    0.3981
...   108 C-G ...
  -39.3249   70.6304  -84.0897
    0.0121   -0.5971    0.8021
    0.7984   -0.4771   -0.3672
    0.6019    0.6449    0.4710
...   109 C-G ...
  -37.6599   72.7679  -82.1013
    0.3300   -0.8342    0.4418
    0.7083   -0.0905   -0.7001
    0.6240    0.5440    0.5610
...   110 G-C ...
  -35.3285   74.2172  -80.2658
    0.5473   -0.8338   -0.0723
    0.4924    0.3907   -0.7778
    0.6768    0.3901    0.6244
...   111 G-C ...
  -33.0162   74.9526  -77.9302
    0.6604   -0.5444   -0.5173
    0.1906    0.7878   -0.5857
    0.7263    0.2882    0.6240
...   112 C-G ...
  -30.5113   75.3865  -75.8304
    0.6400   -0.0501   -0.7668
   -0.1565    0.9684   -0.1939
    0.7523    0.2441    0.6119
...   113 T-A ...
  -27.8505   75.8342  -73.9268
    0.4530    0.4515   -0.7687
   -0.4353    0.8645    0.2512
    0.7780    0.2208    0.5882
...   114 C-G ...
  -25.2034   76.4895  -72.1043
    0.1228    0.8737   -0.4707
   -0.6155    0.4391    0.6545
    0.7785    0.2094    0.5917
...   115 G-C ...
  -22.9612   77.2486  -69.7869
   -0.2880    0.9551   -0.0692
   -0.5902   -0.1201    0.7983
    0.7541    0.2708    0.5983
...   116 T-A ...
  -20.1953   78.3436  -68.3117
   -0.5639    0.7553    0.3339
   -0.3786   -0.5958    0.7083
    0.7340    0.2730    0.6219
...   117 A-T ...
  -17.8006   79.3879  -66.2817
   -0.7500    0.2830    0.5978
   -0.0189   -0.9126    0.4084
    0.6611    0.2950    0.6898
...   118 T-A ...
  -15.8335   80.9677  -64.2079
   -0.6893   -0.2025    0.6956
    0.3401   -0.9382    0.0639
    0.6397    0.2806    0.7156
...   119 A-T ...
  -14.2805   82.3315  -61.5599
   -0.5808   -0.6700    0.4624
    0.6464   -0.7248   -0.2384
    0.4949    0.1604    0.8540
...   120 A-T ...
  -12.9746   82.8749  -58.6730
   -0.1890   -0.9598    0.2074
    0.8669   -0.2623   -0.4239
    0.4612    0.0997    0.8817
...   121 T-A ...
  -12.1303   83.1378  -55.5408
    0.2285   -0.9719   -0.0562
    0.8620    0.2288   -0.4522
    0.4524    0.0549    0.8901
...   122 G-C ...
  -10.5124   82.9235  -52.6541
    0.5904   -0.7016   -0.3990
    0.6441    0.7075   -0.2909
    0.4864   -0.0852    0.8696
...   123 T-A ...
   -9.2119   82.0388  -49.7654
    0.8239   -0.2481   -0.5095
    0.2756    0.9610   -0.0224
    0.4952   -0.1220    0.8602
...   124 G-C ...
   -7.3561   81.8305  -47.0512
    0.8095    0.3414   -0.4776
   -0.2085    0.9277    0.3097
    0.5488   -0.1511    0.8222
...   125 T-A ...
   -5.3106   80.8124  -44.6225
    0.5921    0.7689   -0.2414
   -0.5934    0.6186    0.5150
    0.5453   -0.1617    0.8225
...   126 C-G ...
   -3.4261   80.2251  -42.0007
    0.1396    0.9838    0.1121
   -0.8334    0.0556    0.5498
    0.5347   -0.1702    0.8277
...   127 G-C ...
   -2.0822   79.4786  -39.0687
   -0.3819    0.8664    0.3218
   -0.7899   -0.4867    0.3732
    0.4799   -0.1117    0.8702
...   128 A-T ...
   -0.3925   79.0841  -36.3180
   -0.7824    0.4460    0.4346
   -0.4499   -0.8874    0.1007
    0.4306   -0.1168    0.8950
...   129 C-G ...
    1.0781   79.3085  -33.4132
   -0.9265   -0.0440    0.3736
   -0.0077   -0.9907   -0.1357
    0.3761   -0.1286    0.9176
...   130 C-G ...
    2.1589   79.2896  -30.2242
   -0.8520   -0.5095    0.1205
    0.4582   -0.8370   -0.2991
    0.2533   -0.1996    0.9466
...   131 A-T ...
    2.6866   78.6239  -26.9921
   -0.5377   -0.8140   -0.2199
    0.8359   -0.4805   -0.2653
    0.1103   -0.3265    0.9387
...   132 A-T ...
    2.7009   77.5160  -23.9725
   -0.0226   -0.9229   -0.3845
    0.9971    0.0071   -0.0758
    0.0727   -0.3851    0.9200
...   133 A-T ...
    2.6308   76.0873  -21.0802
    0.5125   -0.7632   -0.3935
    0.8568    0.4847    0.1759
    0.0565   -0.4273    0.9023
...   134 T-A ...
    2.3076   74.2307  -18.3903
    0.8657   -0.4293   -0.2574
    0.4984    0.7868    0.3641
    0.0462   -0.4435    0.8951
...   135 G-C ...
    1.4355   72.0969  -15.6050
    0.9809    0.0621    0.1843
   -0.1263    0.9241    0.3607
   -0.1479   -0.3771    0.9143
...   136 T-A ...
    0.5280   69.2392  -13.4689
    0.7351    0.4963    0.4618
   -0.6117    0.7792    0.1365
   -0.2921   -0.3828    0.8764
...   137 G-C ...
   -0.1658   67.4105  -10.8095
    0.1800    0.8794    0.4408
   -0.9276    0.3008   -0.2214
   -0.3274   -0.3691    0.8698
...   138 A-T ...
   -0.1320   66.2179   -7.8216
   -0.3749    0.8570    0.3536
   -0.8857   -0.2184   -0.4098
   -0.2739   -0.4668    0.8409
...   139 G-C ...
   -1.0068   65.6074   -4.9425
   -0.8336    0.5218    0.1811
   -0.5170   -0.6220   -0.5881
   -0.1942   -0.5839    0.7883
...   140 C-G ...
   -0.6974   63.9003   -2.2528
   -0.9992    0.0157   -0.0376
    0.0023   -0.8993   -0.4374
   -0.0406   -0.4371    0.8985
...   141 G-C ...
   -3.4382   60.2385    1.0284
   -0.4425    0.2285   -0.8672
    0.1683   -0.9287   -0.3306
   -0.8808   -0.2922    0.3725
...   142 C-G ...
   -6.3288   59.0833    1.6293
   -0.2970   -0.3280   -0.8968
    0.5656   -0.8171    0.1115
   -0.7693   -0.4741    0.4282
...   143 T-A ...
   -8.6768   58.7242    3.6024
   -0.0347   -0.7817   -0.6227
    0.6533   -0.4893    0.5778
   -0.7563   -0.3868    0.5276
...   144 C-G ...
  -11.6544   58.0113    4.7193
    0.2451   -0.9542   -0.1716
    0.6322    0.0231    0.7745
   -0.7350   -0.2983    0.6089
...   145 A-T ...
  -14.1759   56.5668    6.1807
    0.5795   -0.7268    0.3687
    0.3139    0.6165    0.7220
   -0.7521   -0.3027    0.5855
...   146 C-G ...
  -16.4650   53.8949    7.5153
    0.5336   -0.3331    0.7774
   -0.0346    0.9098    0.4136
   -0.8450   -0.2476    0.4739
...   147 A-T ...
  -19.0172   52.0374    8.9260
    0.2452    0.2907    0.9249
   -0.3073    0.9281   -0.2103
   -0.9195   -0.2327    0.3169
