  147 base-pairs
...     1 A-T ...
    0.0000    0.0000    0.0000
    1.0000    0.0000    0.0000
    0.0000    1.0000    0.0000
    0.0000    0.0000    1.0000
...     2 G-C ...
   -0.1404   -1.2353    3.2259
    0.7530    0.6366    0.1668
   -0.6385    0.7681   -0.0490
   -0.1593   -0.0696    0.9848
...     3 T-A ...
   -0.0377   -3.2918    6.3749
    0.2722    0.9302    0.2464
   -0.9238    0.3243   -0.2034
   -0.2691   -0.1722    0.9476
...     4 G-C ...
   -0.3520   -4.1638    9.4928
   -0.3756    0.9250    0.0576
   -0.8780   -0.3352   -0.3416
   -0.2967   -0.1788    0.9381
...     5 A-T ...
   -0.4480   -4.1448   12.7498
   -0.8116    0.5839   -0.0166
   -0.5522   -0.7762   -0.3042
   -0.1905   -0.2377    0.9525
...     6 G-C ...
   -1.5926   -4.1701   15.6201
   -0.9976    0.0246   -0.0651
   -0.0043   -0.9555   -0.2950
   -0.0694   -0.2940    0.9533
...     7 C-G ...
   -1.1050   -4.4793   18.7363
   -0.8442   -0.5302   -0.0787
    0.5343   -0.8442   -0.0430
   -0.0437   -0.0784    0.9960
...     8 G-C ...
   -2.4044   -7.7255   23.1483
   -0.2753   -0.3294   -0.9032
    0.6650   -0.7437    0.0686
   -0.6943   -0.5817    0.4238
...     9 C-G ...
   -4.4706   -9.9691   24.1142
    0.1145   -0.7026   -0.7023
    0.8512   -0.2951    0.4341
   -0.5123   -0.6475    0.5642
...    10 T-A ...
   -6.7420  -10.8705   25.9717
    0.4841   -0.8363   -0.2573
    0.6594    0.1554    0.7356
   -0.5752   -0.5257    0.6267
...    11 C-G ...
   -9.1682  -12.6167   27.1662
    0.7073   -0.6683    0.2306
    0.3450    0.6110    0.7125
   -0.6170   -0.4243    0.6627
...    12 A-T ...
  -10.9253  -14.6583   29.0713
    0.7515   -0.1377    0.6452
   -0.2027    0.8824    0.4245
   -0.6278   -0.4498    0.6352
...    13 C-G ...
  -11.8495  -17.4796   31.2472
    0.4294    0.2824    0.8578
   -0.5708    0.8209    0.0155
   -0.6998   -0.4963    0.5137
...    14 A-T ...
  -13.5915  -19.7756   33.4284
   -0.1503    0.6106    0.7775
   -0.6874    0.5007   -0.5261
   -0.7106   -0.6135    0.3445
...    15 A-T ...
  -15.7695  -21.8927   34.5321
   -0.4937    0.7977    0.3463
   -0.4625    0.0963   -0.8814
   -0.7364   -0.5953    0.3214
...    16 T-A ...
  -17.9222  -23.8220   36.2938
   -0.6865    0.7095   -0.1590
   -0.1165   -0.3231   -0.9392
   -0.7177   -0.6262    0.3044
...    17 T-A ...
  -20.2805  -25.6922   37.6414
   -0.6404    0.3801   -0.6674
    0.3143   -0.6631   -0.6793
   -0.7008   -0.6448    0.3052
...    18 T-A ...
  -22.6514  -27.6035   38.6171
   -0.3155    0.0256   -0.9486
    0.5949   -0.7735   -0.2188
   -0.7393   -0.6333    0.2288
...    19 A-T ...
  -25.1573  -29.5794   38.9952
    0.1369   -0.1936   -0.9715
    0.6401   -0.7312    0.2359
   -0.7560   -0.6542    0.0238
...    20 T-A ...
  -28.0257  -31.1779   38.7133
    0.4489   -0.5117   -0.7325
    0.4800   -0.5533    0.6807
   -0.7537   -0.6572   -0.0027
...    21 T-A ...
  -30.5927  -33.1925   38.3809
    0.6490   -0.7206   -0.2440
    0.1364   -0.2054    0.9691
   -0.7484   -0.6623   -0.0350
...    22 C-G ...
  -32.9522  -35.4403   38.1418
    0.6321   -0.6920    0.3487
   -0.2761    0.2193    0.9358
   -0.7241   -0.6877   -0.0524
...    23 G-C ...
  -35.2752  -37.7863   38.6980
    0.4499   -0.3819    0.8073
   -0.6286    0.5067    0.5900
   -0.6344   -0.7729   -0.0121
...    24 C-G ...
  -37.0502  -40.5216   38.5356
    0.0889   -0.0244    0.9957
   -0.7717    0.6304    0.0843
   -0.6297   -0.7759    0.0372
...    25 A-T ...
  -39.4808  -42.7418   38.4455
   -0.3474    0.3598    0.8660
   -0.6766    0.5433   -0.4971
   -0.6493   -0.7586    0.0547
...    26 A-T ...
  -41.4801  -45.3244   38.8082
   -0.6776    0.5867    0.4433
   -0.3572    0.2643   -0.8958
   -0.6428   -0.7654    0.0305
...    27 A-T ...
  -43.4430  -47.8868   39.2485
   -0.7713    0.6197   -0.1449
    0.1133   -0.0904   -0.9894
   -0.6263   -0.7796   -0.0005
...    28 G-C ...
  -45.7885  -50.2602   39.6657
   -0.5512    0.5435   -0.6330
    0.4844   -0.4092   -0.7732
   -0.6793   -0.7329   -0.0377
...    29 G-C ...
  -48.5010  -52.4077   39.6303
   -0.1192    0.3366   -0.9341
    0.6965   -0.6421   -0.3203
   -0.7076   -0.6887   -0.1579
...    30 C-G ...
  -51.1751  -54.1725   38.9810
    0.3253    0.0173   -0.9454
    0.6362   -0.7437    0.2054
   -0.6995   -0.6683   -0.2529
...    31 C-G ...
  -53.6693  -56.0893   37.9275
    0.6866   -0.3061   -0.6594
    0.3350   -0.6717    0.6607
   -0.6452   -0.6746   -0.3586
...    32 G-C ...
  -55.2594  -58.3778   36.7166
    0.8339   -0.5101   -0.2109
   -0.0882   -0.5004    0.8613
   -0.5448   -0.6996   -0.4623
...    33 G-C ...
  -56.4022  -60.9452   34.8263
    0.6809   -0.6675    0.3012
   -0.5617   -0.2121    0.7997
   -0.4700   -0.7137   -0.5193
...    34 C-G ...
  -57.4775  -63.4372   33.0037
    0.2730   -0.6642    0.6959
   -0.8612    0.1537    0.4846
   -0.4288   -0.7315   -0.5301
...    35 C-G ...
  -58.6249  -66.1865   31.3689
   -0.2637   -0.4724    0.8410
   -0.8796    0.4757   -0.0086
   -0.3960   -0.7420   -0.5410
...    36 C-G ...
  -59.7676  -68.8595   29.6808
   -0.6910   -0.1234    0.7122
   -0.6004    0.6466   -0.4705
   -0.4024   -0.7528   -0.5210
...    37 G-C ...
  -61.3039  -70.6354   27.1087
   -0.8825    0.3036    0.3593
   -0.0933    0.6357   -0.7663
   -0.4610   -0.7097   -0.5327
...    38 A-T ...
  -62.5068  -72.9579   25.3924
   -0.7698    0.6247   -0.1307
    0.4496    0.3854   -0.8058
   -0.4530   -0.6791   -0.5776
...    39 C-G ...
  -64.3822  -75.0106   23.8293
   -0.4073    0.7814   -0.4727
    0.7775    0.0251   -0.6283
   -0.4791   -0.6235   -0.6178
...    40 A-T ...
  -66.1586  -76.9176   21.7902
    0.1330    0.7625   -0.6332
    0.8652   -0.4010   -0.3011
   -0.4835   -0.5077   -0.7130
...    41 C-G ...
  -67.9883  -77.9918   19.3514
    0.5829    0.5177   -0.6263
    0.6815   -0.7312    0.0297
   -0.4425   -0.4441   -0.7790
...    42 G-C ...
  -69.0382  -79.6811   16.6786
    0.9081    0.0775   -0.4116
    0.2157   -0.9289    0.3010
   -0.3590   -0.3621   -0.8602
...    43 A-T ...
  -70.1252  -80.7470   13.8989
    0.8691   -0.4691   -0.1567
   -0.3523   -0.8095    0.4696
   -0.3471   -0.3529   -0.8689
...    44 C-G ...
  -70.8506  -81.3754   10.7295
    0.5760   -0.8045    0.1447
   -0.7628   -0.4653    0.4491
   -0.2940   -0.3691   -0.8817
...    45 T-A ...
  -71.0836  -82.6117    7.2992
    0.0627   -0.9347    0.3499
   -0.9593    0.0403    0.2795
   -0.2754   -0.3531   -0.8941
...    46 T-A ...
  -71.4015  -83.6602    4.1899
   -0.4345   -0.8124    0.3889
   -0.8618    0.5005    0.0826
   -0.2618   -0.2993   -0.9176
...    47 A-T ...
  -72.4577  -84.3271    1.0684
   -0.8835   -0.3312    0.3313
   -0.3986    0.9030   -0.1601
   -0.2462   -0.2735   -0.9298
...    48 C-G ...
  -73.1258  -85.8436   -1.8259
   -0.9592    0.1918    0.2075
    0.1254    0.9470   -0.2956
   -0.2532   -0.2576   -0.9325
...    49 T-A ...
  -74.2520  -87.0095   -4.7707
   -0.7290    0.6773    0.0994
    0.6077    0.7071   -0.3615
   -0.3152   -0.2031   -0.9270
...    50 G-C ...
  -75.5352  -87.3992   -7.8739
   -0.2365    0.9708    0.0398
    0.9044    0.2349   -0.3562
   -0.3551   -0.0483   -0.9336
...    51 T-A ...
  -77.1945  -87.4864  -10.6028
    0.2320    0.9721   -0.0351
    0.9123   -0.2300   -0.3389
   -0.3375    0.0466   -0.9402
...    52 A-T ...
  -79.0008  -86.1782  -13.2789
    0.6865    0.7199    0.1025
    0.7020   -0.6193   -0.3516
   -0.1896    0.3133   -0.9305
...    53 G-C ...
  -79.9240  -84.8281  -16.0508
    0.9496    0.3107    0.0426
    0.3009   -0.8648   -0.4020
   -0.0881    0.3945   -0.9147
...    54 G-C ...
  -80.1186  -82.4824  -18.8882
    0.9737   -0.2094   -0.0897
   -0.2276   -0.8815   -0.4136
    0.0075    0.4232   -0.9060
...    55 T-A ...
  -79.6379  -80.7409  -21.6205
    0.7290   -0.6263   -0.2764
   -0.6834   -0.6428   -0.3460
    0.0390    0.4411   -0.8966
...    56 A-T ...
  -78.9086  -79.0857  -24.4986
    0.2200   -0.8910   -0.3971
   -0.9714   -0.1627   -0.1731
    0.0897    0.4238   -0.9013
...    57 T-A ...
  -77.8379  -77.6357  -27.2876
   -0.2876   -0.8374   -0.4647
   -0.9530    0.2985    0.0520
    0.0952    0.4578   -0.8839
...    58 C-G ...
  -77.2776  -76.3143  -30.3238
   -0.8014   -0.4808   -0.3558
   -0.5906    0.7302    0.3436
    0.0947    0.4855   -0.8691
...    59 T-A ...
  -76.9695  -75.0057  -33.3794
   -0.9941   -0.0643   -0.0872
   -0.0986    0.8708    0.4816
    0.0449    0.4874   -0.8720
...    60 C-G ...
  -76.8368  -73.3964  -36.3030
   -0.8789    0.4150    0.2351
    0.4767    0.7485    0.4610
    0.0154    0.5173   -0.8557
...    61 G-C ...
  -76.6671  -71.2923  -38.7819
   -0.5482    0.5942    0.5886
    0.8305    0.4700    0.2991
   -0.0989    0.6527   -0.7511
...    62 A-T ...
  -76.8092  -69.2078  -41.2586
   -0.0090    0.6838    0.7296
    0.9974    0.0586   -0.0427
   -0.0720    0.7273   -0.6825
...    63 G-C ...
  -77.4100  -66.5626  -43.1616
    0.4863    0.5547    0.6751
    0.8724   -0.2652   -0.4106
   -0.0487    0.7887   -0.6129
...    64 C-G ...
  -77.8739  -63.6254  -44.7627
    0.8894    0.2626    0.3741
    0.4570   -0.5035   -0.7332
   -0.0042    0.8231   -0.5679
...    65 T-A ...
  -77.9842  -60.6986  -46.2729
    0.9972   -0.0743   -0.0076
   -0.0462   -0.5332   -0.8448
    0.0587    0.8427   -0.5351
...    66 C-G ...
  -77.4428  -58.1172  -48.1428
    0.8019   -0.3899   -0.4527
   -0.5814   -0.3349   -0.7415
    0.1374    0.8578   -0.4953
...    67 G-C ...
  -77.3866  -55.6292  -50.4437
    0.3510   -0.5527   -0.7559
   -0.9136   -0.0252   -0.4058
    0.2052    0.8330   -0.5138
...    68 G-C ...
  -76.4586  -52.8926  -52.1170
   -0.1966   -0.5172   -0.8330
   -0.9609    0.2705    0.0589
    0.1948    0.8120   -0.5502
...    69 G-C ...
  -75.2880  -50.4187  -54.2092
   -0.6723   -0.3497   -0.6525
   -0.7206    0.5113    0.4684
    0.1698    0.7851   -0.5957
...    70 T-A ...
  -74.4864  -48.4011  -56.7070
   -0.9540   -0.0623   -0.2934
   -0.2670    0.6218    0.7363
    0.1366    0.7807   -0.6098
...    71 C-G ...
  -74.1782  -45.9450  -58.7232
   -0.9500    0.2491    0.1884
    0.3006    0.5654    0.7681
    0.0848    0.7863   -0.6120
...    72 A-T ...
  -73.8770  -43.4472  -60.9692
   -0.6590    0.4104    0.6303
    0.7519    0.3826    0.5370
   -0.0207    0.8278   -0.5607
...    73 T-A ...
  -74.4304  -40.8913  -62.8584
   -0.2222    0.4930    0.8412
    0.9741    0.1493    0.1698
   -0.0419    0.8571   -0.5134
...    74 G-C ...
  -74.9303  -37.8180  -64.4065
    0.3417    0.3790    0.8600
    0.9397   -0.1264   -0.3177
   -0.0117    0.9167   -0.3994
...    75 T-A ...
  -75.5382  -34.6736  -65.2601
    0.7595    0.2297    0.6086
    0.6504   -0.2833   -0.7047
    0.0105    0.9311   -0.3646
...    76 T-A ...
  -75.4986  -31.6550  -66.1386
    0.9827    0.0007    0.1852
    0.1748   -0.3332   -0.9265
    0.0611    0.9429   -0.3276
...    77 A-T ...
  -75.0972  -28.5889  -67.2507
    0.9185   -0.2684   -0.2904
   -0.3580   -0.2529   -0.8988
    0.1678    0.9295   -0.3284
...    78 T-A ...
  -74.1678  -25.5268  -67.6641
    0.6368   -0.3428   -0.6906
   -0.7529   -0.0838   -0.6527
    0.1658    0.9357   -0.3115
...    79 A-T ...
  -73.7320  -22.4322  -68.8080
    0.1022   -0.3616   -0.9267
   -0.9734    0.1559   -0.1681
    0.2052    0.9192   -0.3360
...    80 A-T ...
  -72.8758  -19.5541  -69.8663
   -0.4368   -0.2186   -0.8726
   -0.8767    0.3206    0.3586
    0.2014    0.9216   -0.3317
...    81 C-G ...
  -71.6351  -16.7324  -71.4058
   -0.8340   -0.0053   -0.5517
   -0.5126    0.3771    0.7713
    0.2040    0.9261   -0.3172
...    82 G-C ...
  -71.3567  -13.6182  -72.2753
   -0.9960    0.0884   -0.0104
    0.0202    0.3381    0.9409
    0.0866    0.9369   -0.3386
...    83 G-C ...
  -71.3874  -10.6001  -73.5600
   -0.8558    0.1544    0.4938
    0.5172    0.2739    0.8108
   -0.0101    0.9493   -0.3143
...    84 A-T ...
  -71.5886   -7.5460  -74.7592
   -0.4348    0.2227    0.8725
    0.8998    0.1460    0.4112
   -0.0358    0.9639   -0.2638
...    85 A-T ...
  -72.0413   -4.4036  -75.5894
    0.1203    0.2410    0.9630
    0.9922    0.0031   -0.1247
   -0.0331    0.9705   -0.2388
...    86 T-A ...
  -72.8442   -1.2390  -76.0698
    0.5787    0.1845    0.7944
    0.8153   -0.1058   -0.5693
   -0.0210    0.9771   -0.2117
...    87 C-G ...
  -72.9636    2.0092  -76.4876
    0.9377    0.0443    0.3447
    0.3469   -0.1770   -0.9210
    0.0202    0.9832   -0.1813
...    88 C-G ...
  -72.9443    5.2632  -76.8523
    0.9756   -0.1758   -0.1316
   -0.1600   -0.1589   -0.9742
    0.1503    0.9715   -0.1832
...    89 G-C ...
  -72.3603    8.3199  -77.8852
    0.7225   -0.3730   -0.5822
   -0.6246    0.0090   -0.7809
    0.2965    0.9278   -0.2265
...    90 C-G ...
  -70.8121   11.3608  -78.4450
    0.2393   -0.3179   -0.9174
   -0.9150    0.2422   -0.3226
    0.3248    0.9167   -0.2329
...    91 T-A ...
  -69.1910   14.2016  -79.5790
   -0.3061   -0.1292   -0.9432
   -0.8727    0.4340    0.2238
    0.3805    0.8916   -0.2456
...    92 T-A ...
  -67.6235   16.8859  -80.5536
   -0.7297    0.1888   -0.6572
   -0.5432    0.4236    0.7249
    0.4153    0.8859   -0.2065
...    93 T-A ...
  -66.0840   19.6024  -81.4884
   -0.8931    0.4258   -0.1450
   -0.0484    0.2296    0.9721
    0.4472    0.8752   -0.1844
...    94 A-T ...
  -64.4427   22.4386  -81.6624
   -0.7558    0.4935    0.4304
    0.4565   -0.0743    0.8866
    0.4695    0.8666   -0.1691
...    95 A-T ...
  -63.0863   25.2261  -82.3014
   -0.4238    0.3484    0.8361
    0.7740   -0.3402    0.5340
    0.4705    0.8734   -0.1255
...    96 C-G ...
  -62.1567   28.3688  -82.8575
   -0.0049    0.0912    0.9958
    0.8787   -0.4749    0.0478
    0.4773    0.8753   -0.0779
...    97 A-T ...
  -60.7334   31.3561  -82.9193
    0.3876   -0.2899    0.8750
    0.7644   -0.4294   -0.4809
    0.5152    0.8553    0.0552
...    98 C-G ...
  -59.3714   34.2912  -82.1330
    0.6876   -0.5085    0.5183
    0.4833   -0.2122   -0.8493
    0.5419    0.8345    0.0999
...    99 T-A ...
  -57.4626   37.1240  -81.0274
    0.7984   -0.6012   -0.0339
    0.0499    0.1222   -0.9912
    0.6001    0.7897    0.1276
...   100 T-A ...
  -55.4216   39.5226  -80.2173
    0.6950   -0.4174   -0.5854
   -0.4001    0.4520   -0.7973
    0.5974    0.7883    0.1471
...   101 T-A ...
  -53.3263   41.8903  -79.5210
    0.3653   -0.0870   -0.9268
   -0.7135    0.6133   -0.3388
    0.5979    0.7850    0.1620
...   102 A-T ...
  -51.5192   44.6881  -79.0415
   -0.1242    0.2903   -0.9488
   -0.7876    0.5527    0.2722
    0.6035    0.7812    0.1600
...   103 T-A ...
  -49.0377   46.8355  -78.9050
   -0.4807    0.5043   -0.7174
   -0.6377    0.3605    0.6807
    0.6019    0.7847    0.1483
...   104 G-C ...
  -47.0440   49.4789  -78.7229
   -0.8187    0.5476   -0.1727
   -0.1998    0.0102    0.9798
    0.5383    0.8367    0.1010
...   105 C-G ...
  -45.5716   52.3868  -78.7278
   -0.8250    0.4270    0.3701
    0.2529   -0.3066    0.9176
    0.5053    0.8507    0.1449
...   106 T-A ...
  -44.1127   55.4707  -78.5653
   -0.5757    0.1507    0.8037
    0.6651   -0.4855    0.5674
    0.4757    0.8612    0.1792
...   107 T-A ...
  -42.7764   58.3201  -78.0449
   -0.1651   -0.1920    0.9674
    0.8705   -0.4895    0.0514
    0.4637    0.8506    0.2479
...   108 C-G ...
  -41.5054   61.1304  -77.0100
    0.2671   -0.5141    0.8151
    0.8348   -0.2991   -0.4623
    0.4815    0.8039    0.3493
...   109 C-G ...
  -40.1455   63.8654  -75.8300
    0.5577   -0.7132    0.4247
    0.6020   -0.0048   -0.7985
    0.5714    0.7010    0.4267
...   110 G-C ...
  -38.1412   65.7561  -74.5690
    0.6883   -0.7221   -0.0694
    0.3069    0.3766   -0.8740
    0.6573    0.5803    0.4809
...   111 G-C ...
  -35.5627   67.0324  -72.8412
    0.6996   -0.4535   -0.5522
   -0.0438    0.7442   -0.6665
    0.7132    0.4905    0.5008
...   112 C-G ...
  -32.8394   68.0031  -71.1234
    0.5499    0.0015   -0.8352
   -0.3803    0.8908   -0.2488
    0.7437    0.4544    0.4904
...   113 T-A ...
  -30.2853   69.2630  -69.5142
    0.2818    0.4662   -0.8386
   -0.5839    0.7769    0.2357
    0.7614    0.4232    0.4912
...   114 C-G ...
  -27.8964   70.8764  -67.9774
   -0.1054    0.8319   -0.5448
   -0.6186    0.3742    0.6909
    0.7786    0.4098    0.4751
...   115 G-C ...
  -25.6443   72.2467  -66.0338
   -0.4612    0.8847   -0.0673
   -0.4657   -0.1768    0.8671
    0.7553    0.4313    0.4935
...   116 T-A ...
  -23.1755   74.0714  -64.8445
   -0.6634    0.6482    0.3738
   -0.1696   -0.6169    0.7686
    0.7287    0.4465    0.5192
...   117 A-T ...
  -20.7956   76.1010  -63.4158
   -0.7167    0.1614    0.6785
    0.2190   -0.8716    0.4386
    0.6622    0.4629    0.5893
...   118 T-A ...
  -19.0073   78.1768  -61.7386
   -0.5383   -0.2803    0.7948
    0.5197   -0.8528    0.0512
    0.6634    0.4407    0.6048
...   119 A-T ...
  -17.0673   79.5538  -59.5683
   -0.3671   -0.7151    0.5949
    0.7328   -0.6162   -0.2885
    0.5729    0.3300    0.7502
...   120 A-T ...
  -15.5122   80.5818  -56.9390
    0.0132   -0.9649    0.2622
    0.8347   -0.1337   -0.5342
    0.5505    0.2259    0.8037
...   121 T-A ...
  -14.2690   81.1885  -53.9443
    0.4018   -0.9136   -0.0624
    0.7363    0.3628   -0.5712
    0.5445    0.1836    0.8184
...   122 G-C ...
  -12.4836   81.3192  -51.0270
    0.6685   -0.5841   -0.4603
    0.4403    0.8097   -0.3880
    0.5994    0.0567    0.7985
...   123 T-A ...
  -10.5469   80.8468  -48.4769
    0.7963   -0.1335   -0.5900
    0.1035    0.9910   -0.0845
    0.5960    0.0062    0.8029
...   124 G-C ...
   -8.4498   80.7190  -45.9603
    0.7010    0.4490   -0.5540
   -0.3292    0.8929    0.3072
    0.6326   -0.0330    0.7738
...   125 T-A ...
   -6.1846   80.1179  -43.6980
    0.4340    0.8413   -0.3221
   -0.6342    0.5393    0.5540
    0.6399   -0.0362    0.7676
...   126 C-G ...
   -4.1031   79.9989  -41.3268
    0.0012    0.9970    0.0771
   -0.7675   -0.0485    0.6392
    0.6410   -0.0599    0.7652
...   127 G-C ...
   -2.5553   79.6251  -38.5262
   -0.4337    0.8419    0.3212
   -0.6931   -0.5394    0.4782
    0.5758   -0.0152    0.8174
...   128 A-T ...
   -0.6093   79.3736  -36.0996
   -0.7594    0.3912    0.5199
   -0.3584   -0.9184    0.1674
    0.5429   -0.0592    0.8377
...   129 C-G ...
    1.1792   79.8887  -33.3895
   -0.8671   -0.1291    0.4811
    0.0728   -0.9883   -0.1340
    0.4928   -0.0812    0.8663
...   130 C-G ...
    2.1894   80.1183  -30.1288
   -0.8022   -0.5599    0.2073
    0.4833   -0.8129   -0.3251
    0.3505   -0.1607    0.9227
...   131 A-T ...
    2.6113   78.9789  -27.0024
   -0.5959   -0.7684   -0.2334
    0.7913   -0.5122   -0.3339
    0.1371   -0.3837    0.9132
...   132 A-T ...
    2.7768   77.6390  -24.0414
   -0.0933   -0.8955   -0.4351
    0.9916   -0.0443   -0.1214
    0.0894   -0.4428    0.8921
...   133 A-T ...
    2.6401   76.1204  -21.1164
    0.5018   -0.7679   -0.3982
    0.8624    0.4795    0.1621
    0.0665   -0.4248    0.9029
...   134 T-A ...
    2.3076   74.2308  -18.3903
    0.8657   -0.4293   -0.2574
    0.4984    0.7868    0.3641
    0.0462   -0.4435    0.8951
...   135 G-C ...
    1.4354   72.0970  -15.6050
    0.9809    0.0621    0.1843
   -0.1263    0.9241    0.3607
   -0.1479   -0.3771    0.9143
...   136 T-A ...
    0.5279   69.2393  -13.4689
    0.7351    0.4963    0.4618
   -0.6117    0.7792    0.1365
   -0.2921   -0.3828    0.8764
...   137 G-C ...
   -0.1659   67.4106  -10.8095
    0.1800    0.8794    0.4408
   -0.9276    0.3008   -0.2214
   -0.3274   -0.3691    0.8698
...   138 A-T ...
   -0.1321   66.2180   -7.8216
   -0.3749    0.8570    0.3536
   -0.8857   -0.2184   -0.4098
   -0.2739   -0.4668    0.8409
...   139 G-C ...
   -1.0069   65.6075   -4.9425
   -0.8336    0.5218    0.1811
   -0.5170   -0.6220   -0.5881
   -0.1942   -0.5839    0.7883
...   140 C-G ...
   -0.6974   63.9004   -2.2528
   -0.9992    0.0157   -0.0376
    0.0023   -0.8993   -0.4374
   -0.0406   -0.4371    0.8985
...   141 G-C ...
   -3.4382   60.2385    1.0283
   -0.4425    0.2285   -0.8672
    0.1683   -0.9287   -0.3306
   -0.8808   -0.2922    0.3725
...   142 C-G ...
   -6.3288   59.0834    1.6293
   -0.2970   -0.3280   -0.8968
    0.5656   -0.8171    0.1115
   -0.7693   -0.4741    0.4282
...   143 T-A ...
   -8.6768   58.7243    3.6024
   -0.0347   -0.7817   -0.6227
    0.6533   -0.4893    0.5778
   -0.7563   -0.3868    0.5276
...   144 C-G ...
  -11.6544   58.0114    4.7193
    0.2451   -0.9542   -0.1716
    0.6322    0.0231    0.7745
   -0.7350   -0.2983    0.6089
...   145 A-T ...
  -14.1760   56.5669    6.1807
    0.5795   -0.7268    0.3687
    0.3139    0.6165    0.7220
   -0.7521   -0.3027    0.5855
...   146 C-G ...
  -16.4651   53.8949    7.5153
    0.5336   -0.3331    0.7774
   -0.0346    0.9098    0.4136
   -0.8450   -0.2476    0.4739
...   147 A-T ...
  -19.0172   52.0374    8.9260
    0.2452    0.2907    0.9249
   -0.3073    0.9281   -0.2103
   -0.9195   -0.2327    0.3169
