  147 base-pairs
...     1 A-T ...
    0.0000    0.0000    0.0000
    1.0000    0.0000    0.0000
    0.0000    1.0000    0.0000
    0.0000    0.0000    1.0000
...     2 G-C ...
   -0.1404   -1.2353    3.2259
    0.7530    0.6366    0.1668
   -0.6385    0.7681   -0.0490
   -0.1593   -0.0696    0.9848
...     3 T-A ...
   -0.0377   -3.2918    6.3749
    0.2722    0.9302    0.2464
   -0.9238    0.3243   -0.2034
   -0.2691   -0.1722    0.9476
...     4 G-C ...
   -0.3520   -4.1638    9.4928
   -0.3756    0.9250    0.0576
   -0.8780   -0.3352   -0.3416
   -0.2967   -0.1788    0.9381
...     5 A-T ...
   -0.4480   -4.1448   12.7498
   -0.8116    0.5839   -0.0166
   -0.5522   -0.7762   -0.3042
   -0.1905   -0.2377    0.9525
...     6 G-C ...
   -1.5926   -4.1701   15.6201
   -0.9976    0.0246   -0.0651
   -0.0043   -0.9555   -0.2950
   -0.0694   -0.2940    0.9533
...     7 C-G ...
   -1.1050   -4.4793   18.7363
   -0.8442   -0.5302   -0.0787
    0.5343   -0.8442   -0.0430
   -0.0437   -0.0784    0.9960
...     8 G-C ...
   -2.4044   -7.7255   23.1483
   -0.2753   -0.3294   -0.9032
    0.6650   -0.7437    0.0686
   -0.6943   -0.5817    0.4238
...     9 C-G ...
   -4.4706   -9.9691   24.1142
    0.1145   -0.7026   -0.7023
    0.8512   -0.2951    0.4341
   -0.5123   -0.6475    0.5642
...    10 T-A ...
   -6.7420  -10.8705   25.9717
    0.4841   -0.8363   -0.2573
    0.6594    0.1554    0.7356
   -0.5752   -0.5257    0.6267
...    11 C-G ...
   -9.1682  -12.6167   27.1662
    0.7073   -0.6683    0.2306
    0.3450    0.6110    0.7125
   -0.6170   -0.4243    0.6627
...    12 A-T ...
  -10.9253  -14.6583   29.0713
    0.7515   -0.1377    0.6452
   -0.2027    0.8824    0.4245
   -0.6278   -0.4498    0.6352
...    13 C-G ...
  -11.8495  -17.4796   31.2472
    0.4294    0.2824    0.8578
   -0.5708    0.8209    0.0155
   -0.6998   -0.4963    0.5137
...    14 A-T ...
  -13.5915  -19.7756   33.4284
   -0.1503    0.6106    0.7775
   -0.6874    0.5007   -0.5261
   -0.7106   -0.6135    0.3445
...    15 A-T ...
  -15.6907  -21.8590   34.7575
   -0.5044    0.7814    0.3673
   -0.4766    0.1027   -0.8731
   -0.7200   -0.6155    0.3206
...    16 T-A ...
  -17.7933  -23.7434   36.4159
   -0.6565    0.7468   -0.1060
   -0.1651   -0.2794   -0.9459
   -0.7360   -0.6034    0.3068
...    17 T-A ...
  -20.1889  -25.5280   37.6244
   -0.6037    0.5187   -0.6055
    0.2113   -0.6282   -0.7488
   -0.7687   -0.5799    0.2697
...    18 T-A ...
  -22.7944  -27.1544   38.5772
   -0.3494    0.1539   -0.9242
    0.4887   -0.8117   -0.3199
   -0.7995   -0.5634    0.2084
...    19 A-T ...
  -25.9277  -28.3400   38.9180
    0.1064   -0.0999   -0.9893
    0.5399   -0.8297    0.1418
   -0.8350   -0.5492   -0.0343
...    20 T-A ...
  -28.9210  -29.5512   38.4774
    0.3803   -0.4641   -0.8000
    0.4051   -0.6941    0.5951
   -0.8315   -0.5504   -0.0760
...    21 T-A ...
  -31.6751  -31.1484   37.9261
    0.5516   -0.7549   -0.3548
    0.1137   -0.3533    0.9286
   -0.8263   -0.5525   -0.1090
...    22 C-G ...
  -34.2226  -33.0840   37.3520
    0.5352   -0.8126    0.2308
   -0.2500    0.1087    0.9621
   -0.8069   -0.5727   -0.1450
...    23 G-C ...
  -36.8816  -35.0336   37.3010
    0.3626   -0.5882    0.7229
   -0.5442    0.4961    0.6766
   -0.7566   -0.6387   -0.1402
...    24 C-G ...
  -39.1070  -37.3991   36.6985
    0.0272   -0.2233    0.9744
   -0.6605    0.7276    0.1852
   -0.7503   -0.6486   -0.1277
...    25 A-T ...
  -41.7268  -39.3269   36.2438
   -0.3023    0.2572    0.9179
   -0.5660    0.7264   -0.3900
   -0.7670   -0.6374   -0.0740
...    26 A-T ...
  -44.0480  -41.5980   36.1759
   -0.5796    0.6031    0.5480
   -0.2828    0.4818   -0.8294
   -0.7643   -0.6357   -0.1087
...    27 A-T ...
  -46.4900  -43.7207   36.0957
   -0.6294    0.7770    0.0106
    0.0955    0.0909   -0.9913
   -0.7712   -0.6229   -0.1314
...    28 G-C ...
  -49.1516  -45.6188   35.9581
   -0.4186    0.7835   -0.4593
    0.4029   -0.2930   -0.8671
   -0.8139   -0.5480   -0.1930
...    29 G-C ...
  -52.1345  -47.1008   35.5330
   -0.0471    0.6010   -0.7978
    0.5418   -0.6556   -0.5259
   -0.8392   -0.4570   -0.2947
...    30 C-G ...
  -55.0980  -48.0672   34.5939
    0.3086    0.2231   -0.9247
    0.4669   -0.8825   -0.0571
   -0.8287   -0.4141   -0.3765
...    31 C-G ...
  -57.8896  -48.9662   32.9523
    0.5984   -0.2019   -0.7753
    0.2017   -0.8986    0.3896
   -0.7754   -0.3895   -0.4970
...    32 G-C ...
  -60.1217  -50.5491   31.0985
    0.7068   -0.5910   -0.3886
   -0.2112   -0.7007    0.6815
   -0.6751   -0.3996   -0.6201
...    33 G-C ...
  -61.9655  -51.8708   28.5996
    0.5353   -0.8421    0.0659
   -0.5915   -0.3181    0.7410
   -0.6030   -0.4356   -0.6683
...    34 C-G ...
  -63.5706  -53.3881   26.1356
    0.1429   -0.8746    0.4632
   -0.8051    0.1695    0.5684
   -0.5756   -0.4542   -0.6800
...    35 C-G ...
  -65.2464  -55.1486   23.8066
   -0.2914   -0.6293    0.7204
   -0.7683    0.6027    0.2157
   -0.5699   -0.4907   -0.6591
...    36 C-G ...
  -66.9799  -57.0259   21.6156
   -0.6308   -0.1855    0.7535
   -0.4915    0.8469   -0.2029
   -0.6005   -0.4983   -0.6254
...    37 G-C ...
  -69.0451  -58.2329   19.3234
   -0.7404    0.3492    0.5743
   -0.0513    0.8226   -0.5663
   -0.6702   -0.4488   -0.5911
...    38 A-T ...
  -71.1575  -59.8070   17.4169
   -0.6082    0.7729    0.1810
    0.3930    0.4913   -0.7773
   -0.6897   -0.4016   -0.6025
...    39 C-G ...
  -73.7306  -61.1997   15.9638
   -0.2941    0.9357   -0.1947
    0.6473    0.0451   -0.7609
   -0.7032   -0.3498   -0.6190
...    40 A-T ...
  -76.1575  -62.2030   13.9170
    0.2000    0.8692   -0.4521
    0.6842   -0.4542   -0.5706
   -0.7014   -0.1952   -0.6856
...    41 C-G ...
  -78.7470  -62.2951   11.9562
    0.5571    0.5488   -0.6233
    0.4842   -0.8244   -0.2931
   -0.6747   -0.1386   -0.7250
...    42 G-C ...
  -80.6450  -62.7116    9.2868
    0.8281    0.0664   -0.5566
    0.0839   -0.9965    0.0060
   -0.5543   -0.0517   -0.8307
...    43 A-T ...
  -82.2551  -62.7150    6.4638
    0.7603   -0.4996   -0.4152
   -0.4168   -0.8654    0.2781
   -0.4982   -0.0384   -0.8662
...    44 C-G ...
  -83.3918  -62.4006    3.3801
    0.4590   -0.8658   -0.1993
   -0.7591   -0.4987    0.4183
   -0.4616   -0.0406   -0.8862
...    45 T-A ...
  -84.5103  -62.5379    0.2820
    0.0227   -0.9973    0.0694
   -0.9063    0.0088    0.4226
   -0.4221   -0.0725   -0.9036
...    46 T-A ...
  -85.5269  -62.7826   -2.8029
   -0.5109   -0.8222    0.2509
   -0.7597    0.5684    0.3157
   -0.4022   -0.0293   -0.9151
...    47 A-T ...
  -87.0066  -62.5128   -5.7827
   -0.8797   -0.3096    0.3609
   -0.2857    0.9509    0.1191
   -0.3801    0.0017   -0.9250
...    48 C-G ...
  -88.2345  -63.1047   -8.7968
   -0.8963    0.2165    0.3871
    0.2056    0.9761   -0.0699
   -0.3930    0.0170   -0.9194
...    49 T-A ...
  -89.7628  -63.2662  -11.7087
   -0.6438    0.6747    0.3610
    0.6323    0.7348   -0.2456
   -0.4310    0.0701   -0.8996
...    50 G-C ...
  -91.2930  -62.8280  -14.6185
   -0.1518    0.9404    0.3044
    0.8739    0.2716   -0.4032
   -0.4618    0.2048   -0.8630
...    51 T-A ...
  -93.3214  -62.0858  -17.0639
    0.3263    0.9373    0.1227
    0.8352   -0.2251   -0.5017
   -0.4426    0.2662   -0.8563
...    52 A-T ...
  -95.0410  -60.6221  -19.5331
    0.7649    0.6428    0.0411
    0.5569   -0.6280   -0.5436
   -0.3237    0.4387   -0.8383
...    53 G-C ...
  -96.1009  -58.8014  -22.0470
    0.9662    0.2100   -0.1497
    0.1026   -0.8456   -0.5238
   -0.2366    0.4907   -0.8386
...    54 G-C ...
  -96.4820  -56.7180  -24.6739
    0.9011   -0.2997   -0.3133
   -0.4155   -0.8034   -0.4266
   -0.1238    0.5145   -0.8485
...    55 T-A ...
  -96.4189  -54.6166  -27.2084
    0.5738   -0.6758   -0.4627
   -0.8142   -0.5318   -0.2329
   -0.0887    0.5104   -0.8554
...    56 A-T ...
  -96.7611  -52.9939  -30.0764
    0.0009   -0.8662   -0.4997
   -0.9980   -0.0321    0.0537
   -0.0625    0.4987   -0.8645
...    57 T-A ...
  -96.2658  -51.4843  -32.9749
   -0.4973   -0.7566   -0.4247
   -0.8660    0.4028    0.2964
   -0.0532    0.5151   -0.8555
...    58 C-G ...
  -96.3646  -49.8968  -35.8320
   -0.9044   -0.3919   -0.1686
   -0.4221    0.7640    0.4879
   -0.0624    0.5125   -0.8564
...    59 T-A ...
  -96.6177  -48.5108  -38.8130
   -0.9896    0.0255    0.1414
    0.0946    0.8564    0.5076
   -0.1081    0.5157   -0.8499
...    60 C-G ...
  -97.0221  -46.9199  -41.6293
   -0.7566    0.4856    0.4379
    0.6403    0.6860    0.3456
   -0.1325    0.5419   -0.8300
...    61 G-C ...
  -97.2491  -44.8993  -44.2324
   -0.2868    0.6867    0.6680
    0.9412    0.3321    0.0627
   -0.1787    0.6467   -0.7415
...    62 A-T ...
  -97.9584  -42.7913  -46.5849
    0.2941    0.7094    0.6405
    0.9415   -0.0994   -0.3221
   -0.1648    0.6977   -0.6971
...    63 G-C ...
  -98.7451  -40.3180  -48.5884
    0.7300    0.4988    0.4672
    0.6752   -0.4207   -0.6059
   -0.1057    0.7578   -0.6439
...    64 C-G ...
  -99.1781  -37.5306  -50.2474
    0.9789    0.1569    0.1308
    0.1994   -0.5946   -0.7789
   -0.0445    0.7885   -0.6134
...    65 T-A ...
  -99.1221  -34.6968  -51.9051
    0.9498   -0.2172   -0.2251
   -0.3100   -0.5573   -0.7703
    0.0419    0.8014   -0.5967
...    66 C-G ...
  -98.7330  -32.0755  -53.7878
    0.6090   -0.5200   -0.5989
   -0.7881   -0.3117   -0.5308
    0.0894    0.7953   -0.5996
...    67 G-C ...
  -98.6159  -29.6690  -56.0506
    0.0806   -0.6745   -0.7338
   -0.9848    0.0598   -0.1631
    0.1539    0.7358   -0.6595
...    68 G-C ...
  -97.7610  -27.3849  -58.3678
   -0.4590   -0.5852   -0.6685
   -0.8752    0.4271    0.2270
    0.1527    0.6893   -0.7082
...    69 G-C ...
  -97.0589  -25.3033  -60.9130
   -0.8600   -0.3114   -0.4042
   -0.4983    0.6830    0.5341
    0.1098    0.6607   -0.7425
...    70 A-T ...
  -96.6237  -23.2290  -63.3963
   -0.9923    0.1235   -0.0110
    0.0837    0.7328    0.6753
    0.0914    0.6691   -0.7375
...    71 T-A ...
  -96.5572  -21.5345  -66.2191
   -0.8215    0.4701    0.3228
    0.5617    0.5690    0.6007
    0.0987    0.6747   -0.7314
...    72 C-G ...
  -96.3486  -19.3693  -68.6441
   -0.3642    0.6764    0.6402
    0.9272    0.1992    0.3171
    0.0870    0.7091   -0.6997
...    73 C-G ...
  -96.4823  -16.9387  -70.9739
    0.1503    0.5975    0.7876
    0.9837   -0.1699   -0.0588
    0.0987    0.7836   -0.6133
...    74 G-C ...
  -95.8778  -14.3067  -72.8757
    0.6148    0.2912    0.7330
    0.7690   -0.4278   -0.4750
    0.1752    0.8557   -0.4869
...    75 C-G ...
  -95.4966  -11.2668  -74.0257
    0.9089   -0.0339    0.4156
    0.3461   -0.4946   -0.7972
    0.2326    0.8685   -0.4378
...    76 T-A ...
  -94.6148   -8.2693  -75.0309
    0.9387   -0.3446    0.0021
   -0.1352   -0.3739   -0.9175
    0.3170    0.8610   -0.3976
...    77 T-A ...
  -93.4541   -5.4129  -76.0144
    0.7112   -0.5019   -0.4922
   -0.6175   -0.1112   -0.7787
    0.3361    0.8577   -0.3890
...    78 T-A ...
  -92.1066   -2.6472  -77.0387
    0.2588   -0.4740   -0.8416
   -0.9022    0.1926   -0.3859
    0.3450    0.8592   -0.3778
...    79 A-T ...
  -91.0541    0.2018  -78.3544
   -0.3125   -0.2977   -0.9021
   -0.8809    0.4462    0.1579
    0.3555    0.8440   -0.4017
...    80 A-T ...
  -89.6415    2.7570  -79.7824
   -0.7394    0.0219   -0.6729
   -0.5621    0.5301    0.6349
    0.3706    0.8476   -0.3797
...    81 C-G ...
  -88.2625    5.2025  -81.5321
   -0.9280    0.2730   -0.2538
   -0.1112    0.4470    0.8876
    0.3557    0.8519   -0.3844
...    82 A-T ...
  -87.1229    8.0803  -82.6743
   -0.8683    0.3897    0.3069
    0.4168    0.2378    0.8773
    0.2689    0.8897   -0.3689
...    83 C-G ...
  -86.6978   10.9036  -84.3081
   -0.5538    0.4246    0.7163
    0.7942    0.0107    0.6076
    0.2503    0.9053   -0.3431
...    84 T-A ...
  -86.2743   13.9616  -85.4374
   -0.1092    0.3007    0.9474
    0.9662   -0.1920    0.1723
    0.2337    0.9342   -0.2696
...    85 T-A ...
  -85.8047   17.0522  -86.2513
    0.4157    0.1169    0.9019
    0.8750   -0.3218   -0.3616
    0.2480    0.9396   -0.2361
...    86 T-A ...
  -85.2034   20.1754  -86.8013
    0.8072   -0.1118    0.5796
    0.5211   -0.3263   -0.7887
    0.2773    0.9386   -0.2052
...    87 A-T ...
  -84.1842   23.3391  -86.9193
    0.9017   -0.4101    0.1370
    0.0678   -0.1789   -0.9815
    0.4271    0.8943   -0.1335
...    88 T-A ...
  -82.6831   26.2355  -86.6527
    0.8134   -0.4627   -0.3526
   -0.3708    0.0547   -0.9271
    0.4483    0.8848   -0.1271
...    89 G-C ...
  -81.0120   29.0185  -87.2811
    0.4339   -0.4503   -0.7803
   -0.7250    0.3396   -0.5992
    0.5348    0.8258   -0.1792
...    90 C-G ...
  -78.8588   31.4474  -87.8309
   -0.0334   -0.2299   -0.9726
   -0.8277    0.5519   -0.1020
    0.5602    0.8016   -0.2087
...    91 T-A ...
  -76.7542   33.8328  -88.6973
   -0.4688    0.0565   -0.8815
   -0.6789    0.6154    0.4005
    0.5651    0.7862   -0.2502
...    92 T-A ...
  -74.6950   36.1575  -89.6700
   -0.7473    0.4197   -0.5152
   -0.3064    0.4704    0.8276
    0.5897    0.7763   -0.2229
...    93 C-G ...
  -72.7734   38.6609  -90.5267
   -0.7976    0.6004    0.0572
    0.1740    0.1383    0.9750
    0.5775    0.7876   -0.2148
...    94 C-G ...
  -70.9991   41.3301  -91.5725
   -0.6389    0.5143    0.5721
    0.5595   -0.1998    0.8044
    0.5280    0.8340   -0.1601
...    95 G-C ...
  -69.0701   43.9962  -91.8501
   -0.3226    0.2127    0.9223
    0.8097   -0.4426    0.3853
    0.4902    0.8711   -0.0295
...    96 T-A ...
  -68.0520   47.1060  -91.9674
    0.0896   -0.0828    0.9925
    0.8623   -0.4923   -0.1190
    0.4984    0.8665    0.0273
...    97 C-G ...
  -66.5299   49.9496  -91.7076
    0.5115   -0.4039    0.7584
    0.6792   -0.3506   -0.6448
    0.5263    0.8450    0.0949
...    98 A-T ...
  -64.7391   52.6987  -91.1513
    0.7010   -0.6490    0.2957
    0.3514   -0.0465   -0.9351
    0.6206    0.7594    0.1954
...    99 T-A ...
  -62.8488   55.0159  -89.8345
    0.7676   -0.6102   -0.1963
   -0.0190    0.2846   -0.9585
    0.6407    0.7394    0.2068
...   100 G-C ...
  -60.4929   57.2789  -89.3168
    0.5626   -0.4392   -0.7004
   -0.3876    0.6082   -0.6927
    0.7303    0.6612    0.1719
...   101 T-A ...
  -57.7760   58.9472  -88.4795
    0.2774   -0.0846   -0.9570
   -0.6019    0.7611   -0.2417
    0.7489    0.6430    0.1602
...   102 T-A ...
  -55.1224   60.7399  -87.9139
   -0.0771    0.3774   -0.9228
   -0.6526    0.6807    0.3329
    0.7538    0.6279    0.1938
...   103 A-T ...
  -52.8023   62.9686  -87.0612
   -0.4325    0.7256   -0.5352
   -0.4838    0.3142    0.8168
    0.7609    0.6122    0.2152
...   104 T-A ...
  -50.0862   64.8495  -87.0005
   -0.6032    0.7957   -0.0552
   -0.2155   -0.0960    0.9718
    0.7679    0.5980    0.2294
...   105 A-T ...
  -47.5737   66.8461  -86.2042
   -0.6611    0.5714    0.4863
    0.1510   -0.5336    0.8321
    0.7350    0.6235    0.2665
...   106 A-T ...
  -45.3182   69.0604  -85.5137
   -0.4905    0.1773    0.8532
    0.4732   -0.7679    0.4317
    0.7317    0.6155    0.2928
...   107 C-G ...
  -43.3673   71.5235  -84.6358
   -0.2384   -0.2619    0.9352
    0.6544   -0.7548   -0.0445
    0.7175    0.6014    0.3514
...   108 G-C ...
  -40.9059   73.2877  -83.3233
   -0.0035   -0.7105    0.7036
    0.7083   -0.4985   -0.4998
    0.7059    0.4966    0.5050
...   109 G-C ...
  -38.8728   74.8506  -81.1486
    0.2609   -0.9215    0.2878
    0.6506   -0.0524   -0.7576
    0.7132    0.3849    0.5858
...   110 A-T ...
  -36.5968   75.8927  -79.0893
    0.5337   -0.8171   -0.2180
    0.4276    0.4831   -0.7640
    0.7296    0.3145    0.6072
...   111 G-C ...
  -34.2723   76.5728  -76.8659
    0.6292   -0.4850   -0.6074
    0.1412    0.8398   -0.5242
    0.7643    0.2440    0.5969
...   112 C-G ...
  -31.6401   76.8725  -74.9038
    0.5879    0.0289   -0.8084
   -0.1818    0.9785   -0.0972
    0.7883    0.2041    0.5805
...   113 T-A ...
  -28.8667   77.2072  -73.1449
    0.3960    0.5240   -0.7541
   -0.4311    0.8312    0.3512
    0.8108    0.1860    0.5550
...   114 C-G ...
  -26.1223   77.7542  -71.4372
    0.0790    0.9116   -0.4035
   -0.5806    0.3711    0.7247
    0.8104    0.1770    0.5586
...   115 G-C ...
  -23.7494   78.3631  -69.2129
   -0.3097    0.9506    0.0208
   -0.5404   -0.1940    0.8187
    0.7823    0.2423    0.5738
...   116 T-A ...
  -20.9299   79.4121  -67.8192
   -0.5598    0.7156    0.4179
   -0.3269   -0.6541    0.6821
    0.7614    0.2452    0.6001
...   117 A-T ...
  -18.4561   80.4435  -65.8787
   -0.7322    0.2293    0.6413
    0.0169   -0.9352    0.3536
    0.6808    0.2697    0.6810
...   118 T-A ...
  -16.4493   81.9471  -63.7902
   -0.6597   -0.2576    0.7061
    0.3621   -0.9322   -0.0018
    0.6586    0.2545    0.7082
...   119 A-T ...
  -14.8636   83.2238  -61.1130
   -0.5566   -0.7042    0.4408
    0.6515   -0.6992   -0.2943
    0.5154    0.1234    0.8480
...   120 A-T ...
  -13.4948   83.6397  -58.2340
   -0.1677   -0.9723    0.1626
    0.8597   -0.2249   -0.4585
    0.4824    0.0629    0.8737
...   121 T-A ...
  -12.5759   83.7627  -55.1129
    0.2436   -0.9637   -0.1092
    0.8464    0.2662   -0.4613
    0.4736    0.0199    0.8805
...   122 G-C ...
  -10.8797   83.4512  -52.2859
    0.5944   -0.6712   -0.4429
    0.6241    0.7324   -0.2723
    0.5071   -0.1146    0.8542
...   123 T-A ...
   -9.5030   82.4693  -49.4631
    0.8180   -0.2101   -0.5355
    0.2570    0.9663    0.0134
    0.5146   -0.1486    0.8444
...   124 G-C ...
   -7.6000   82.1878  -46.7929
    0.7945    0.3752   -0.4775
   -0.2200    0.9107    0.3496
    0.5660   -0.1727    0.8061
...   125 T-A ...
   -5.4973   81.1153  -44.4395
    0.5745    0.7877   -0.2226
   -0.5954    0.5887    0.5467
    0.5617   -0.1816    0.8072
...   126 C-G ...
   -3.5632   80.4632  -41.8731
    0.1251    0.9820    0.1414
   -0.8255    0.0240    0.5638
    0.5503   -0.1873    0.8137
...   127 G-C ...
   -2.1524   79.6526  -38.9953
   -0.3904    0.8525    0.3476
   -0.7780   -0.5074    0.3705
    0.4922   -0.1258    0.8613
...   128 A-T ...
   -0.4278   79.2252  -36.2766
   -0.7835    0.4279    0.4505
   -0.4382   -0.8946    0.0876
    0.4405   -0.1288    0.8885
...   129 C-G ...
    1.0617   79.4172  -33.3844
   -0.9233   -0.0587    0.3795
    0.0005   -0.9884   -0.1516
    0.3840   -0.1398    0.9127
...   130 C-G ...
    2.1470   79.3657  -30.1992
   -0.8480   -0.5166    0.1183
    0.4622   -0.8301   -0.3119
    0.2593   -0.2099    0.9427
...   131 A-T ...
    2.6774   78.6695  -26.9754
   -0.5358   -0.8135   -0.2263
    0.8366   -0.4752   -0.2726
    0.1142   -0.3354    0.9351
...   132 A-T ...
    2.6972   77.5366  -23.9647
   -0.0217   -0.9203   -0.3905
    0.9969    0.0098   -0.0785
    0.0760   -0.3910    0.9172
...   133 A-T ...
    2.6292   76.0921  -21.0790
    0.5129   -0.7616   -0.3961
    0.8565    0.4853    0.1758
    0.0583   -0.4294    0.9012
...   134 T-A ...
    2.3075   74.2308  -18.3903
    0.8657   -0.4293   -0.2574
    0.4984    0.7868    0.3641
    0.0462   -0.4435    0.8951
...   135 G-C ...
    1.4354   72.0971  -15.6050
    0.9809    0.0621    0.1843
   -0.1263    0.9241    0.3607
   -0.1479   -0.3771    0.9143
...   136 T-A ...
    0.5279   69.2394  -13.4689
    0.7351    0.4963    0.4618
   -0.6117    0.7792    0.1365
   -0.2921   -0.3828    0.8764
...   137 G-C ...
   -0.1659   67.4106  -10.8095
    0.1800    0.8794    0.4408
   -0.9276    0.3008   -0.2214
   -0.3274   -0.3691    0.8698
...   138 A-T ...
   -0.1322   66.2181   -7.8216
   -0.3749    0.8570    0.3536
   -0.8857   -0.2184   -0.4098
   -0.2739   -0.4668    0.8409
...   139 G-C ...
   -1.0069   65.6076   -4.9425
   -0.8336    0.5218    0.1811
   -0.5170   -0.6220   -0.5881
   -0.1942   -0.5839    0.7883
...   140 C-G ...
   -0.6975   63.9004   -2.2528
   -0.9992    0.0157   -0.0376
    0.0023   -0.8993   -0.4374
   -0.0406   -0.4371    0.8985
...   141 G-C ...
   -3.4383   60.2386    1.0283
   -0.4425    0.2285   -0.8672
    0.1683   -0.9287   -0.3306
   -0.8808   -0.2922    0.3725
...   142 C-G ...
   -6.3289   59.0835    1.6293
   -0.2970   -0.3280   -0.8968
    0.5656   -0.8171    0.1115
   -0.7693   -0.4741    0.4282
...   143 T-A ...
   -8.6769   58.7244    3.6024
   -0.0347   -0.7817   -0.6227
    0.6533   -0.4893    0.5778
   -0.7563   -0.3868    0.5276
...   144 C-G ...
  -11.6545   58.0115    4.7193
    0.2451   -0.9542   -0.1716
    0.6322    0.0231    0.7745
   -0.7350   -0.2983    0.6089
...   145 A-T ...
  -14.1761   56.5669    6.1807
    0.5795   -0.7268    0.3687
    0.3139    0.6165    0.7220
   -0.7521   -0.3027    0.5855
...   146 C-G ...
  -16.4651   53.8950    7.5153
    0.5336   -0.3331    0.7774
   -0.0346    0.9098    0.4136
   -0.8450   -0.2476    0.4739
...   147 A-T ...
  -19.0173   52.0375    8.9260
    0.2452    0.2907    0.9249
   -0.3073    0.9281   -0.2103
   -0.9195   -0.2327    0.3169
