  147 base-pairs
...     1 A-T ...
    0.0000    0.0000    0.0000
    1.0000    0.0000    0.0000
    0.0000    1.0000    0.0000
    0.0000    0.0000    1.0000
...     2 G-C ...
   -0.1404   -1.2353    3.2259
    0.7530    0.6366    0.1668
   -0.6385    0.7681   -0.0490
   -0.1593   -0.0696    0.9848
...     3 T-A ...
   -0.0377   -3.2918    6.3749
    0.2722    0.9302    0.2464
   -0.9238    0.3243   -0.2034
   -0.2691   -0.1722    0.9476
...     4 G-C ...
   -0.3520   -4.1638    9.4928
   -0.3756    0.9250    0.0576
   -0.8780   -0.3352   -0.3416
   -0.2967   -0.1788    0.9381
...     5 A-T ...
   -0.4480   -4.1448   12.7498
   -0.8116    0.5839   -0.0166
   -0.5522   -0.7762   -0.3042
   -0.1905   -0.2377    0.9525
...     6 G-C ...
   -1.5926   -4.1701   15.6201
   -0.9976    0.0246   -0.0651
   -0.0043   -0.9555   -0.2950
   -0.0694   -0.2940    0.9533
...     7 C-G ...
   -1.1050   -4.4793   18.7363
   -0.8442   -0.5302   -0.0787
    0.5343   -0.8442   -0.0430
   -0.0437   -0.0784    0.9960
...     8 G-C ...
   -2.4044   -7.7255   23.1483
   -0.2753   -0.3294   -0.9032
    0.6650   -0.7437    0.0686
   -0.6943   -0.5817    0.4238
...     9 C-G ...
   -4.4706   -9.9691   24.1142
    0.1145   -0.7026   -0.7023
    0.8512   -0.2951    0.4341
   -0.5123   -0.6475    0.5642
...    10 T-A ...
   -6.7420  -10.8705   25.9717
    0.4841   -0.8363   -0.2573
    0.6594    0.1554    0.7356
   -0.5752   -0.5257    0.6267
...    11 C-G ...
   -9.1682  -12.6167   27.1662
    0.7073   -0.6683    0.2306
    0.3450    0.6110    0.7125
   -0.6170   -0.4243    0.6627
...    12 A-T ...
  -10.9253  -14.6583   29.0713
    0.7515   -0.1377    0.6452
   -0.2027    0.8824    0.4245
   -0.6278   -0.4498    0.6352
...    13 C-G ...
  -11.8495  -17.4796   31.2472
    0.4294    0.2824    0.8578
   -0.5708    0.8209    0.0155
   -0.6998   -0.4963    0.5137
...    14 A-T ...
  -13.5915  -19.7756   33.4284
   -0.1503    0.6106    0.7775
   -0.6874    0.5007   -0.5261
   -0.7106   -0.6135    0.3445
...    15 A-T ...
  -15.7644  -21.8993   34.5275
   -0.4947    0.7965    0.3476
   -0.4611    0.0985   -0.8819
   -0.7366   -0.5966    0.3186
...    16 T-A ...
  -17.9182  -23.8365   36.2790
   -0.6867    0.7097   -0.1575
   -0.1144   -0.3194   -0.9407
   -0.7179   -0.6280    0.3005
...    17 T-A ...
  -20.2785  -25.7150   37.6123
   -0.6388    0.3832   -0.6671
    0.3167   -0.6593   -0.6819
   -0.7011   -0.6469    0.2998
...    18 T-A ...
  -22.6487  -27.6349   38.5632
   -0.3107    0.0351   -0.9498
    0.5951   -0.7720   -0.2232
   -0.7412   -0.6346    0.2190
...    19 A-T ...
  -25.1668  -29.5892   38.8912
    0.1429   -0.1690   -0.9752
    0.6375   -0.7380    0.2213
   -0.7571   -0.6533    0.0023
...    20 T-A ...
  -28.0326  -31.1731   38.5413
    0.4547   -0.4899   -0.7438
    0.4747   -0.5734    0.6678
   -0.7536   -0.6567   -0.0281
...    21 T-A ...
  -30.5953  -33.1781   38.1242
    0.6529   -0.7105   -0.2626
    0.1293   -0.2370    0.9629
   -0.7463   -0.6626   -0.0629
...    22 C-G ...
  -32.9396  -35.4273   37.7862
    0.6319   -0.7016    0.3293
   -0.2842    0.1856    0.9406
   -0.7211   -0.6880   -0.0821
...    23 G-C ...
  -35.2388  -37.8171   38.2498
    0.4436   -0.4101    0.7969
   -0.6377    0.4803    0.6022
   -0.6297   -0.7753   -0.0484
...    24 C-G ...
  -36.9945  -40.5548   37.9672
    0.0780   -0.0626    0.9950
   -0.7766    0.6220    0.1000
   -0.6251   -0.7806   -0.0001
...    25 A-T ...
  -39.4172  -42.7767   37.7535
   -0.3632    0.3210    0.8747
   -0.6733    0.5584   -0.4846
   -0.6440   -0.7649    0.0133
...    26 A-T ...
  -41.3971  -45.3905   37.9751
   -0.6908    0.5607    0.4565
   -0.3445    0.2998   -0.8896
   -0.6357   -0.7718   -0.0139
...    27 A-T ...
  -43.3399  -47.9896   38.2650
   -0.7756    0.6173   -0.1320
    0.1328   -0.0448   -0.9901
   -0.6171   -0.7854   -0.0472
...    28 G-C ...
  -45.6642  -50.4041   38.5272
   -0.5454    0.5656   -0.6186
    0.5042   -0.3682   -0.7812
   -0.6696   -0.7379   -0.0844
...    29 G-C ...
  -48.3495  -52.5771   38.3388
   -0.1043    0.3802   -0.9190
    0.7109   -0.6177   -0.3363
   -0.6955   -0.6884   -0.2059
...    30 C-G ...
  -50.9909  -54.3330   37.5483
    0.3449    0.0696   -0.9360
    0.6417   -0.7453    0.1811
   -0.6850   -0.6631   -0.3017
...    31 C-G ...
  -53.4317  -56.2195   36.3354
    0.7055   -0.2610   -0.6589
    0.3302   -0.7016    0.6314
   -0.6271   -0.6630   -0.4088
...    32 G-C ...
  -54.9486  -58.4568   34.9518
    0.8470   -0.4844   -0.2189
   -0.0999   -0.5496    0.8295
   -0.5221   -0.6807   -0.5139
...    33 G-C ...
  -55.9908  -60.9320   32.8863
    0.6856   -0.6724    0.2788
   -0.5767   -0.2680    0.7717
   -0.4442   -0.6899   -0.5716
...    34 C-G ...
  -56.9670  -63.3357   30.8959
    0.2686   -0.6996    0.6622
   -0.8757    0.1089    0.4703
   -0.4011   -0.7062   -0.5834
...    35 C-G ...
  -58.0179  -66.0005   29.0681
   -0.2760   -0.5279    0.8032
   -0.8886    0.4586   -0.0040
   -0.3662   -0.7148   -0.5957
...    36 C-G ...
  -59.0598  -68.5830   27.1862
   -0.7073   -0.1809    0.6834
   -0.6011    0.6626   -0.4468
   -0.3720   -0.7268   -0.5773
...    37 G-C ...
  -60.4893  -70.2183   24.4558
   -0.8989    0.2628    0.3505
   -0.0850    0.6803   -0.7280
   -0.4298   -0.6842   -0.5892
...    38 A-T ...
  -61.5879  -72.4519   22.5624
   -0.7794    0.6159   -0.1151
    0.4643    0.4443   -0.7662
   -0.4207   -0.6506   -0.6323
...    39 C-G ...
  -63.3710  -74.4377   20.8161
   -0.4109    0.8009   -0.4356
    0.7950    0.0809   -0.6012
   -0.4462   -0.5933   -0.6700
...    40 A-T ...
  -65.0394  -76.2473   18.6067
    0.1339    0.8033   -0.5804
    0.8830   -0.3626   -0.2981
   -0.4499   -0.4725   -0.7579
...    41 C-G ...
  -66.7681  -77.2036   16.0483
    0.5886    0.5688   -0.5744
    0.6978   -0.7162    0.0058
   -0.4081   -0.4043   -0.8185
...    42 G-C ...
  -67.6951  -78.7442   13.2447
    0.9178    0.1246   -0.3770
    0.2304   -0.9404    0.2502
   -0.3233   -0.3165   -0.8918
...    43 A-T ...
  -68.6714  -79.6608   10.3732
    0.8857   -0.4368   -0.1571
   -0.3445   -0.8454    0.4081
   -0.3111   -0.3074   -0.8993
...    44 C-G ...
  -69.2836  -80.1057    7.1497
    0.5938   -0.7964    0.1148
   -0.7627   -0.5116    0.3956
   -0.2563   -0.3225   -0.9112
...    45 T-A ...
  -69.3774  -81.1387    3.6477
    0.0794   -0.9515    0.2973
   -0.9682   -0.0026    0.2502
   -0.2373   -0.3077   -0.9214
...    46 T-A ...
  -69.5698  -82.0129    0.4763
   -0.4198   -0.8456    0.3297
   -0.8795    0.4687    0.0824
   -0.2242   -0.2554   -0.9405
...    47 A-T ...
  -70.5000  -82.5531   -2.7043
   -0.8790   -0.3789    0.2896
   -0.4270    0.8957   -0.1243
   -0.2123   -0.2329   -0.9490
...    48 C-G ...
  -71.0421  -83.9404   -5.6883
   -0.9706    0.1465    0.1908
    0.0976    0.9647   -0.2445
   -0.2199   -0.2187   -0.9507
...    49 T-A ...
  -72.0485  -85.0014   -8.7139
   -0.7567    0.6441    0.1125
    0.5887    0.7460   -0.3113
   -0.2844   -0.1693   -0.9436
...    50 G-C ...
  -73.2246  -85.2843  -11.8663
   -0.2750    0.9585    0.0747
    0.9036    0.2842   -0.3206
   -0.3285   -0.0206   -0.9443
...    51 T-A ...
  -74.8058  -85.3075  -14.6423
    0.1955    0.9807    0.0084
    0.9288   -0.1824   -0.3226
   -0.3149    0.0709   -0.9465
...    52 A-T ...
  -76.5435  -84.0080  -17.3394
    0.6583    0.7407    0.1339
    0.7303   -0.5854   -0.3520
   -0.1824    0.3295   -0.9264
...    53 G-C ...
  -77.4542  -82.6225  -20.0987
    0.9364    0.3444    0.0672
    0.3403   -0.8447   -0.4132
   -0.0855    0.4098   -0.9082
...    54 G-C ...
  -77.6933  -80.2242  -22.8912
    0.9828   -0.1693   -0.0741
   -0.1846   -0.8824   -0.4327
    0.0079    0.4390   -0.8985
...    55 T-A ...
  -77.2369  -78.4214  -25.5847
    0.7591   -0.5923   -0.2699
   -0.6498   -0.6649   -0.3683
    0.0387    0.4550   -0.8897
...    56 A-T ...
  -76.4999  -76.6932  -28.4241
    0.2673   -0.8784   -0.3961
   -0.9591   -0.2030   -0.1971
    0.0927    0.4326   -0.8968
...    57 T-A ...
  -75.4300  -75.1902  -31.1811
   -0.2382   -0.8496   -0.4706
   -0.9664    0.2555    0.0278
    0.0967    0.4614   -0.8819
...    58 C-G ...
  -74.8546  -73.8515  -34.2118
   -0.7695   -0.5193   -0.3717
   -0.6317    0.7043    0.3238
    0.0936    0.4840   -0.8701
...    59 T-A ...
  -74.5325  -72.5520  -37.2635
   -0.9876   -0.1124   -0.1100
   -0.1513    0.8698    0.4696
    0.0429    0.4804   -0.8760
...    60 C-G ...
  -74.4364  -70.9522  -40.1784
   -0.9032    0.3754    0.2081
    0.4291    0.7790    0.4572
    0.0096    0.5023   -0.8647
...    61 G-C ...
  -74.3056  -68.8843  -42.6882
   -0.5884    0.5858    0.5574
    0.8011    0.5160    0.3034
   -0.1099    0.6250   -0.7728
...    62 A-T ...
  -74.4844  -66.8764  -45.2297
   -0.0542    0.7097    0.7024
    0.9945    0.1013   -0.0256
   -0.0894    0.6972   -0.7113
...    63 G-C ...
  -75.1445  -64.3468  -47.2612
    0.4485    0.6059    0.6570
    0.8911   -0.2456   -0.3817
   -0.0699    0.7567   -0.6501
...    64 C-G ...
  -75.7018  -61.5171  -49.0245
    0.8703    0.3192    0.3750
    0.4917   -0.5198   -0.6986
   -0.0281    0.7924   -0.6093
...    65 T-A ...
  -75.9057  -58.6771  -50.6899
    0.9994   -0.0313    0.0144
   -0.0065   -0.5811   -0.8138
    0.0338    0.8132   -0.5809
...    66 C-G ...
  -75.4580  -56.1519  -52.6712
    0.8276   -0.3815   -0.4116
   -0.5504   -0.4082   -0.7283
    0.1099    0.8294   -0.5478
...    67 G-C ...
  -75.4273  -53.8188  -55.0938
    0.3950   -0.5894   -0.7047
   -0.9008   -0.0979   -0.4230
    0.1803    0.8019   -0.5697
...    68 G-C ...
  -74.5765  -51.1824  -56.9498
   -0.1497   -0.5904   -0.7931
   -0.9735    0.2283    0.0138
    0.1729    0.7741   -0.6089
...    69 G-C ...
  -73.7819  -48.7587  -59.1088
   -0.6547   -0.4484   -0.6085
   -0.7435    0.5271    0.4115
    0.1362    0.7218   -0.6785
...    70 A-T ...
  -73.1334  -46.5253  -61.4781
   -0.9662   -0.0596   -0.2510
   -0.2218    0.6888    0.6902
    0.1318    0.7225   -0.6787
...    71 T-A ...
  -72.7583  -44.6025  -64.1400
   -0.9474    0.2850    0.1458
    0.2986    0.6223    0.7236
    0.1155    0.7290   -0.6747
...    72 C-G ...
  -72.5834  -42.2845  -66.4766
   -0.6059    0.5710    0.5540
    0.7886    0.3392    0.5128
    0.1049    0.7476   -0.6558
...    73 C-G ...
  -72.3447  -39.9507  -68.7744
   -0.1467    0.5551    0.8187
    0.9849    0.0053    0.1728
    0.0916    0.8317   -0.5475
...    74 G-C ...
  -71.6230  -37.1518  -70.3265
    0.3557    0.3351    0.8724
    0.9271   -0.2446   -0.2840
    0.1182    0.9099   -0.3977
...    75 C-G ...
  -71.6178  -33.8477  -71.3280
    0.8097    0.1118    0.5761
    0.5706   -0.3793   -0.7283
    0.1371    0.9185   -0.3709
...    76 T-A ...
  -71.0393  -30.5185  -71.9992
    0.9852   -0.1426    0.0956
    0.0439   -0.3290   -0.9433
    0.1659    0.9335   -0.3179
...    77 T-A ...
  -70.3777  -27.3956  -72.6164
    0.8421   -0.2900   -0.4548
   -0.5160   -0.1875   -0.8358
    0.1571    0.9385   -0.3076
...    78 T-A ...
  -69.6714  -24.3301  -73.3723
    0.4195   -0.3444   -0.8399
   -0.8936    0.0062   -0.4488
    0.1597    0.9388   -0.3051
...    79 A-T ...
  -69.5516  -21.2275  -74.4377
   -0.1547   -0.2696   -0.9505
   -0.9743    0.2012    0.1015
    0.1639    0.9417   -0.2938
...    80 A-T ...
  -68.8497  -18.2935  -75.4309
   -0.6504   -0.1313   -0.7482
   -0.7441    0.3079    0.5928
    0.1526    0.9423   -0.2979
...    81 C-G ...
  -68.0252  -15.4373  -76.9519
   -0.9404    0.0366   -0.3380
   -0.3073    0.3340    0.8911
    0.1455    0.9419   -0.3029
...    82 A-T ...
  -67.6622  -12.3605  -78.0853
   -0.9649    0.1328    0.2264
    0.2548    0.2678    0.9292
    0.0628    0.9543   -0.2922
...    83 C-G ...
  -67.9269   -9.3534  -79.5708
   -0.7108    0.2204    0.6680
    0.7021    0.1655    0.6925
    0.0421    0.9613   -0.2724
...    84 T-A ...
  -68.5307   -5.9741  -80.6923
   -0.2297    0.2284    0.9461
    0.9726    0.0169    0.2321
    0.0370    0.9734   -0.2260
...    85 T-A ...
  -68.8441   -2.8147  -81.3525
    0.3470    0.1948    0.9174
    0.9368   -0.1190   -0.3291
    0.0451    0.9736   -0.2238
...    86 T-A ...
  -68.8937    0.3570  -81.9152
    0.7969    0.0639    0.6007
    0.6000   -0.1994   -0.7748
    0.0703    0.9778   -0.1972
...    87 A-T ...
  -68.4583    3.5471  -82.4828
    0.9743   -0.1675    0.1507
    0.1203   -0.1791   -0.9765
    0.1906    0.9695   -0.1543
...    88 T-A ...
  -67.7781    6.7087  -82.2039
    0.9126   -0.2789   -0.2990
   -0.3275   -0.0605   -0.9429
    0.2449    0.9584   -0.1466
...    89 G-C ...
  -66.6338    9.8176  -82.5727
    0.5066   -0.3533   -0.7865
   -0.7955    0.1602   -0.5844
    0.3325    0.9217   -0.1999
...    90 C-G ...
  -65.0962   12.6174  -83.3420
   -0.0134   -0.2507   -0.9680
   -0.9400    0.3331   -0.0733
    0.3408    0.9089   -0.2401
...    91 T-A ...
  -63.5452   15.4384  -84.5965
   -0.5319   -0.0275   -0.8464
   -0.7558    0.4661    0.4598
    0.3818    0.8843   -0.2687
...    92 T-A ...
  -62.1797   18.1492  -85.6365
   -0.8671    0.2170   -0.4484
   -0.3364    0.4087    0.8484
    0.3674    0.8865   -0.2814
...    93 C-G ...
  -61.0520   21.0304  -86.8462
   -0.9130    0.3917    0.1138
    0.2122    0.2179    0.9526
    0.3483    0.8939   -0.2821
...    94 C-G ...
  -59.9147   23.9028  -87.9652
   -0.7189    0.3438    0.6041
    0.6395   -0.0136    0.7687
    0.2725    0.9389   -0.2101
...    95 G-C ...
  -58.9504   26.7303  -88.4098
   -0.3523    0.1825    0.9179
    0.9073   -0.1740    0.3828
    0.2296    0.9677   -0.1043
...    96 G-C ...
  -58.7420   30.2105  -88.6611
    0.0971   -0.0639    0.9932
    0.9661   -0.2339   -0.1095
    0.2393    0.9702    0.0390
...    97 T-A ...
  -58.6468   33.4491  -88.0699
    0.5610   -0.2285    0.7956
    0.7848   -0.1590   -0.5990
    0.2634    0.9605    0.0901
...    98 C-G ...
  -57.7215   36.4300  -87.5664
    0.8664   -0.3535    0.3528
    0.3850    0.0228   -0.9226
    0.3181    0.9352    0.1559
...    99 A-T ...
  -56.8338   39.5071  -86.2676
    0.8959   -0.4132   -0.1632
   -0.0405    0.2898   -0.9562
    0.4424    0.8633    0.2429
...   100 T-A ...
  -55.2321   42.0362  -85.0642
    0.7474   -0.2676   -0.6081
   -0.4510    0.4678   -0.7601
    0.4879    0.8423    0.2290
...   101 G-C ...
  -53.2659   44.6853  -84.2267
    0.3319   -0.0236   -0.9430
   -0.7747    0.5636   -0.2868
    0.5383    0.8257    0.1688
...   102 T-A ...
  -50.9473   47.0238  -83.6478
   -0.1146    0.2687   -0.9564
   -0.8312    0.5012    0.2405
    0.5440    0.8225    0.1659
...   103 T-A ...
  -49.0447   49.5534  -83.2536
   -0.5338    0.5123   -0.6728
   -0.6327    0.2859    0.7197
    0.5610    0.8098    0.1715
...   104 A-T ...
  -47.3176   52.3186  -82.4848
   -0.8104    0.5689   -0.1403
   -0.2202   -0.0737    0.9727
    0.5430    0.8191    0.1850
...   105 T-A ...
  -45.5817   55.0425  -82.5905
   -0.8062    0.4792    0.3470
    0.1843   -0.3539    0.9169
    0.5622    0.8032    0.1970
...   106 A-T ...
  -43.7768   57.7071  -81.8444
   -0.6287    0.1475    0.7635
    0.5919   -0.5461    0.5929
    0.5044    0.8247    0.2560
...   107 A-T ...
  -42.3545   60.4056  -81.0729
   -0.2722   -0.2000    0.9412
    0.8246   -0.5526    0.1210
    0.4959    0.8091    0.3154
...   108 C-G ...
  -41.4063   63.4165  -79.8525
    0.1615   -0.4968    0.8527
    0.8469   -0.3738   -0.3782
    0.5066    0.7832    0.3604
...   109 G-C ...
  -39.3492   65.5105  -78.4926
    0.4170   -0.7767    0.4721
    0.7009   -0.0558   -0.7110
    0.5786    0.6274    0.5211
...   110 G-C ...
  -37.2804   66.9446  -76.3845
    0.6290   -0.7773   -0.0113
    0.4588    0.3830   -0.8018
    0.6276    0.4991    0.5975
...   111 A-T ...
  -35.1138   68.1810  -74.3184
    0.7353   -0.4607   -0.4971
    0.0645    0.7777   -0.6253
    0.6747    0.4277    0.6015
...   112 C-G ...
  -32.8495   68.9271  -72.0230
    0.6376   -0.0123   -0.7703
   -0.2989    0.9176   -0.2621
    0.7100    0.3974    0.5814
...   113 T-A ...
  -30.1801   69.6343  -70.0837
    0.3381    0.4475   -0.8279
   -0.5548    0.8054    0.2087
    0.7602    0.3888    0.5205
...   114 C-G ...
  -27.7770   71.1404  -68.4594
   -0.0447    0.8318   -0.5533
   -0.6268    0.4080    0.6639
    0.7779    0.3765    0.5031
...   115 G-C ...
  -25.5414   72.4338  -66.4399
   -0.4188    0.9035   -0.0915
   -0.5041   -0.1475    0.8510
    0.7553    0.4025    0.5172
...   116 T-A ...
  -23.0385   74.1705  -65.1845
   -0.6477    0.6796    0.3445
   -0.2226   -0.6012    0.7674
    0.7286    0.4204    0.5407
...   117 A-T ...
  -20.6288   76.1137  -63.6879
   -0.7307    0.1977    0.6535
    0.1688   -0.8751    0.4535
    0.6615    0.4416    0.6061
...   118 T-A ...
  -18.8078   78.1352  -61.9729
   -0.5722   -0.2507    0.7808
    0.4840   -0.8719    0.0748
    0.6620    0.4207    0.6202
...   119 A-T ...
  -16.8589   79.4630  -59.7655
   -0.3992   -0.6975    0.5950
    0.7187   -0.6410   -0.2693
    0.5693    0.3202    0.7572
...   120 A-T ...
  -15.3173   80.4813  -57.1225
   -0.0165   -0.9616    0.2738
    0.8387   -0.1624   -0.5198
    0.5444    0.2211    0.8092
...   121 T-A ...
  -14.1006   81.0964  -54.1172
    0.3801   -0.9238   -0.0455
    0.7526    0.3376   -0.5653
    0.5376    0.1806    0.8236
...   122 G-C ...
  -12.3435   81.2387  -51.1814
    0.6621   -0.6033   -0.4446
    0.4616    0.7957   -0.3923
    0.5904    0.0545    0.8052
...   123 T-A ...
  -10.4493   80.7670  -48.5987
    0.8002   -0.1550   -0.5793
    0.1222    0.9879   -0.0954
    0.5871    0.0055    0.8095
...   124 G-C ...
   -8.3798   80.6434  -46.0557
    0.7135    0.4312   -0.5522
   -0.3179    0.9016    0.2934
    0.6244   -0.0338    0.7804
...   125 T-A ...
   -6.1439   80.0414  -43.7667
    0.4491    0.8311   -0.3279
   -0.6310    0.5549    0.5421
    0.6325   -0.0366    0.7737
...   126 C-G ...
   -4.0823   79.9267  -41.3772
    0.0144    0.9977    0.0663
   -0.7731   -0.0309    0.6336
    0.6342   -0.0604    0.7708
...   127 G-C ...
   -2.5596   79.5671  -38.5570
   -0.4256    0.8493    0.3122
   -0.7017   -0.5276    0.4788
    0.5714   -0.0153    0.8205
...   128 A-T ...
   -0.6287   79.3169  -36.1153
   -0.7576    0.4024    0.5139
   -0.3682   -0.9136    0.1726
    0.5389   -0.0585    0.8403
...   129 C-G ...
    1.1579   79.8348  -33.4025
   -0.8698   -0.1184    0.4789
    0.0646   -0.9897   -0.1275
    0.4891   -0.0800    0.8685
...   130 C-G ...
    2.1701   80.0717  -30.1439
   -0.8064   -0.5536    0.2082
    0.4787   -0.8176   -0.3200
    0.3474   -0.1583    0.9243
...   131 A-T ...
    2.6047   78.9472  -27.0158
   -0.5977   -0.7680   -0.2300
    0.7902   -0.5157   -0.3313
    0.1358   -0.3797    0.9151
...   132 A-T ...
    2.7745   77.6236  -24.0484
   -0.0943   -0.8967   -0.4324
    0.9916   -0.0461   -0.1208
    0.0884   -0.4402    0.8935
...   133 A-T ...
    2.6371   76.1132  -21.1191
    0.5012   -0.7690   -0.3967
    0.8628    0.4790    0.1616
    0.0657   -0.4233    0.9036
...   134 T-A ...
    2.3075   74.2308  -18.3902
    0.8657   -0.4293   -0.2574
    0.4984    0.7868    0.3641
    0.0462   -0.4435    0.8951
...   135 G-C ...
    1.4354   72.0971  -15.6049
    0.9809    0.0621    0.1843
   -0.1263    0.9241    0.3607
   -0.1479   -0.3771    0.9143
...   136 T-A ...
    0.5279   69.2393  -13.4688
    0.7351    0.4963    0.4618
   -0.6117    0.7792    0.1365
   -0.2921   -0.3828    0.8764
...   137 G-C ...
   -0.1659   67.4106  -10.8094
    0.1800    0.8794    0.4408
   -0.9276    0.3008   -0.2214
   -0.3274   -0.3691    0.8698
...   138 A-T ...
   -0.1321   66.2180   -7.8215
   -0.3749    0.8570    0.3536
   -0.8857   -0.2184   -0.4098
   -0.2739   -0.4668    0.8409
...   139 G-C ...
   -1.0069   65.6075   -4.9423
   -0.8336    0.5218    0.1811
   -0.5170   -0.6220   -0.5881
   -0.1942   -0.5839    0.7883
...   140 C-G ...
   -0.6975   63.9004   -2.2527
   -0.9992    0.0157   -0.0376
    0.0023   -0.8993   -0.4374
   -0.0406   -0.4371    0.8985
...   141 G-C ...
   -3.4383   60.2386    1.0285
   -0.4425    0.2285   -0.8672
    0.1683   -0.9287   -0.3306
   -0.8808   -0.2922    0.3725
...   142 C-G ...
   -6.3289   59.0834    1.6294
   -0.2970   -0.3280   -0.8968
    0.5656   -0.8171    0.1115
   -0.7693   -0.4741    0.4282
...   143 T-A ...
   -8.6768   58.7243    3.6025
   -0.0347   -0.7817   -0.6227
    0.6533   -0.4893    0.5778
   -0.7563   -0.3868    0.5276
...   144 C-G ...
  -11.6545   58.0114    4.7194
    0.2451   -0.9542   -0.1716
    0.6322    0.0231    0.7745
   -0.7350   -0.2983    0.6089
...   145 A-T ...
  -14.1760   56.5669    6.1808
    0.5795   -0.7268    0.3687
    0.3139    0.6165    0.7220
   -0.7521   -0.3027    0.5855
...   146 C-G ...
  -16.4651   53.8950    7.5154
    0.5336   -0.3331    0.7774
   -0.0346    0.9098    0.4136
   -0.8450   -0.2476    0.4739
...   147 A-T ...
  -19.0172   52.0375    8.9261
    0.2452    0.2907    0.9249
   -0.3073    0.9281   -0.2103
   -0.9195   -0.2327    0.3169
