  147 base-pairs
...     1 A-T ...
    0.0000    0.0000    0.0000
    1.0000    0.0000    0.0000
    0.0000    1.0000    0.0000
    0.0000    0.0000    1.0000
...     2 G-C ...
   -0.1404   -1.2353    3.2259
    0.7530    0.6366    0.1668
   -0.6385    0.7681   -0.0490
   -0.1593   -0.0696    0.9848
...     3 T-A ...
   -0.0377   -3.2918    6.3749
    0.2722    0.9302    0.2464
   -0.9238    0.3243   -0.2034
   -0.2691   -0.1722    0.9476
...     4 G-C ...
   -0.3520   -4.1638    9.4928
   -0.3756    0.9250    0.0576
   -0.8780   -0.3352   -0.3416
   -0.2967   -0.1788    0.9381
...     5 A-T ...
   -0.4480   -4.1448   12.7498
   -0.8116    0.5839   -0.0166
   -0.5522   -0.7762   -0.3042
   -0.1905   -0.2377    0.9525
...     6 G-C ...
   -1.5926   -4.1701   15.6201
   -0.9976    0.0246   -0.0651
   -0.0043   -0.9555   -0.2950
   -0.0694   -0.2940    0.9533
...     7 C-G ...
   -1.1050   -4.4793   18.7363
   -0.8442   -0.5302   -0.0787
    0.5343   -0.8442   -0.0430
   -0.0437   -0.0784    0.9960
...     8 G-C ...
   -2.4044   -7.7255   23.1483
   -0.2753   -0.3294   -0.9032
    0.6650   -0.7437    0.0686
   -0.6943   -0.5817    0.4238
...     9 C-G ...
   -4.4706   -9.9691   24.1142
    0.1145   -0.7026   -0.7023
    0.8512   -0.2951    0.4341
   -0.5123   -0.6475    0.5642
...    10 T-A ...
   -6.7420  -10.8705   25.9717
    0.4841   -0.8363   -0.2573
    0.6594    0.1554    0.7356
   -0.5752   -0.5257    0.6267
...    11 C-G ...
   -9.1682  -12.6167   27.1662
    0.7073   -0.6683    0.2306
    0.3450    0.6110    0.7125
   -0.6170   -0.4243    0.6627
...    12 A-T ...
  -10.9253  -14.6583   29.0713
    0.7515   -0.1377    0.6452
   -0.2027    0.8824    0.4245
   -0.6278   -0.4498    0.6352
...    13 C-G ...
  -11.8495  -17.4796   31.2472
    0.4294    0.2824    0.8578
   -0.5708    0.8209    0.0155
   -0.6998   -0.4963    0.5137
...    14 A-T ...
  -13.5915  -19.7756   33.4284
   -0.1503    0.6106    0.7775
   -0.6874    0.5007   -0.5261
   -0.7106   -0.6135    0.3445
...    15 A-T ...
  -15.6944  -21.8557   34.7567
   -0.5039    0.7825    0.3657
   -0.4767    0.1011   -0.8732
   -0.7203   -0.6144    0.3221
...    16 T-A ...
  -17.7986  -23.7342   36.4201
   -0.6560    0.7469   -0.1086
   -0.1654   -0.2827   -0.9449
   -0.7364   -0.6019    0.3090
...    17 T-A ...
  -20.1965  -25.5133   37.6343
   -0.6037    0.5150   -0.6085
    0.2114   -0.6325   -0.7451
   -0.7686   -0.5785    0.2730
...    18 T-A ...
  -22.8018  -27.1360   38.5983
   -0.3500    0.1450   -0.9254
    0.4895   -0.8140   -0.3127
   -0.7986   -0.5625    0.2140
...    19 A-T ...
  -25.9114  -28.3605   38.9593
    0.1034   -0.1203   -0.9873
    0.5423   -0.8253    0.1573
   -0.8338   -0.5517   -0.0201
...    20 T-A ...
  -28.9058  -29.5880   38.5573
    0.3779   -0.4823   -0.7903
    0.4085   -0.6792    0.6098
   -0.8309   -0.5533   -0.0597
...    21 T-A ...
  -31.6622  -31.2015   38.0596
    0.5499   -0.7644   -0.3366
    0.1174   -0.3283    0.9373
   -0.8269   -0.5550   -0.0908
...    22 C-G ...
  -34.2193  -33.1470   37.5536
    0.5350   -0.8062    0.2525
   -0.2459    0.1374    0.9595
   -0.8083   -0.5754   -0.1248
...    23 G-C ...
  -36.8903  -35.0865   37.5724
    0.3643   -0.5657    0.7398
   -0.5397    0.5191    0.6627
   -0.7590   -0.6407   -0.1162
...    24 C-G ...
  -39.1260  -37.4642   37.0558
    0.0311   -0.1905    0.9812
   -0.6572    0.7357    0.1636
   -0.7530   -0.6500   -0.1023
...    25 A-T ...
  -41.7566  -39.3993   36.6822
   -0.2964    0.2909    0.9097
   -0.5653    0.7143   -0.4126
   -0.7698   -0.6366   -0.0473
...    26 A-T ...
  -44.0896  -41.6590   36.7083
   -0.5736    0.6259    0.5284
   -0.2855    0.4519   -0.8451
   -0.7677   -0.6357   -0.0805
...    27 A-T ...
  -46.5434  -43.7702   36.7209
   -0.6254    0.7801   -0.0160
    0.0900    0.0518   -0.9946
   -0.7751   -0.6235   -0.1026
...    28 G-C ...
  -49.2173  -45.6594   36.6736
   -0.4173    0.7661   -0.4888
    0.3962   -0.3307   -0.8566
   -0.8178   -0.5511   -0.1655
...    29 G-C ...
  -52.2111  -47.1431   36.3254
   -0.0488    0.5658   -0.8231
    0.5350   -0.6811   -0.4999
   -0.8434   -0.4648   -0.2694
...    30 C-G ...
  -55.1876  -48.1371   35.4483
    0.3039    0.1782   -0.9359
    0.4613   -0.8870   -0.0191
   -0.8336   -0.4259   -0.3517
...    31 C-G ...
  -57.9962  -49.1017   33.8734
    0.5915   -0.2440   -0.7685
    0.1980   -0.8800    0.4318
   -0.7816   -0.4076   -0.4722
...    32 G-C ...
  -60.2608  -50.7632   32.1258
    0.6983   -0.6169   -0.3630
   -0.2120   -0.6626    0.7183
   -0.6837   -0.4247   -0.5935
...    33 G-C ...
  -62.1458  -52.1959   29.7213
    0.5269   -0.8432    0.1065
   -0.5885   -0.2715    0.7616
   -0.6133   -0.4639   -0.6393
...    34 C-G ...
  -63.7910  -53.8248   27.3551
    0.1365   -0.8499    0.5089
   -0.7982    0.2099    0.5646
   -0.5867   -0.4833   -0.6498
...    35 C-G ...
  -65.5117  -55.6889   25.1414
   -0.2936   -0.5846    0.7563
   -0.7587    0.6238    0.1876
   -0.5815   -0.5187   -0.6267
...    36 C-G ...
  -67.2908  -57.6624   23.0733
   -0.6274   -0.1339    0.7671
   -0.4814    0.8410   -0.2470
   -0.6120   -0.5242   -0.5921
...    37 G-C ...
  -69.3931  -58.9707   20.8688
   -0.7310    0.3926    0.5581
   -0.0435    0.7894   -0.6124
   -0.6810   -0.4719   -0.5600
...    38 A-T ...
  -71.5442  -60.6202   19.0698
   -0.5950    0.7916    0.1391
    0.3951    0.4388   -0.8071
   -0.6999   -0.4252   -0.5739
...    39 C-G ...
  -74.1493  -62.0573   17.7169
   -0.2801    0.9273   -0.2483
    0.6430   -0.0109   -0.7658
   -0.7128   -0.3741   -0.5932
...    40 A-T ...
  -76.6062  -63.1431   15.7462
    0.2123    0.8366   -0.5049
    0.6727   -0.4999   -0.5454
   -0.7087   -0.2239   -0.6690
...    41 C-G ...
  -79.2110  -63.3106   13.8095
    0.5636    0.4990   -0.6583
    0.4672   -0.8498   -0.2442
   -0.6813   -0.1699   -0.7120
...    42 G-C ...
  -81.1330  -63.8583   11.1780
    0.8260    0.0147   -0.5634
    0.0638   -0.9957    0.0675
   -0.5600   -0.0917   -0.8234
...    43 A-T ...
  -82.7590  -64.0070    8.3666
    0.7467   -0.5414   -0.3865
   -0.4341   -0.8369    0.3334
   -0.5040   -0.0812   -0.8599
...    44 C-G ...
  -83.9072  -63.8611    5.2735
    0.4371   -0.8874   -0.1467
   -0.7684   -0.4532    0.4518
   -0.4675   -0.0847   -0.8799
...    45 T-A ...
  -85.0497  -64.1675    2.1949
   -0.0033   -0.9913    0.1314
   -0.9035    0.0593    0.4245
   -0.4286   -0.1173   -0.8959
...    46 T-A ...
  -86.0896  -64.5754   -0.8659
   -0.5338   -0.7898    0.3020
   -0.7414    0.6089    0.2821
   -0.4067   -0.0733   -0.9106
...    47 A-T ...
  -87.5832  -64.4152   -3.8534
   -0.8909   -0.2550    0.3760
   -0.2507    0.9661    0.0612
   -0.3788   -0.0397   -0.9246
...    48 C-G ...
  -88.8298  -65.1400   -6.8331
   -0.8879    0.2736    0.3699
    0.2434    0.9616   -0.1269
   -0.3904   -0.0227   -0.9204
...    49 T-A ...
  -90.3566  -65.4144   -9.7396
   -0.6165    0.7205    0.3175
    0.6625    0.6926   -0.2853
   -0.4255    0.0345   -0.9043
...    50 G-C ...
  -91.8628  -65.0918  -12.6797
   -0.1124    0.9619    0.2491
    0.8859    0.2105   -0.4133
   -0.4500    0.1742   -0.8759
...    51 T-A ...
  -93.8499  -64.4060  -15.1741
    0.3671    0.9274    0.0719
    0.8262   -0.2896   -0.4832
   -0.4273    0.2368   -0.8726
...    52 A-T ...
  -95.5024  -62.9963  -17.7243
    0.7936    0.6082    0.0154
    0.5310   -0.6800   -0.5056
   -0.2970    0.4094   -0.8627
...    53 G-C ...
  -96.4561  -61.2600  -20.3385
    0.9764    0.1555   -0.1499
    0.0655   -0.8747   -0.4802
   -0.2058    0.4591   -0.8642
...    54 G-C ...
  -96.7025  -59.2967  -23.0718
    0.8874   -0.3595   -0.2888
   -0.4522   -0.8010   -0.3923
   -0.0903    0.4787   -0.8733
...    55 T-A ...
  -96.5082  -57.3271  -25.7041
    0.5411   -0.7258   -0.4248
   -0.8392   -0.4987   -0.2168
   -0.0544    0.4738   -0.8789
...    56 A-T ...
  -96.7840  -55.8268  -28.6497
   -0.0489   -0.8831   -0.4666
   -0.9984    0.0295    0.0489
   -0.0294    0.4683   -0.8831
...    57 T-A ...
  -96.1873  -54.4581  -31.6012
   -0.5417   -0.7388   -0.4009
   -0.8404    0.4659    0.2769
   -0.0178    0.4869   -0.8733
...    58 C-G ...
  -96.1732  -52.9631  -34.5127
   -0.9275   -0.3370   -0.1618
   -0.3730    0.8056    0.4603
   -0.0248    0.4873   -0.8729
...    59 T-A ...
  -96.3192  -51.6545  -37.5383
   -0.9862    0.0979    0.1335
    0.1510    0.8627    0.4826
   -0.0679    0.4961   -0.8656
...    60 C-G ...
  -96.5860  -50.1251  -40.4069
   -0.7223    0.5505    0.4185
    0.6859    0.6479    0.3315
   -0.0887    0.5265   -0.8456
...    61 A-T ...
  -96.8862  -48.3020  -43.1575
   -0.2304    0.7353    0.6374
    0.9637    0.2632    0.0447
   -0.1349    0.6246   -0.7692
...    62 T-A ...
  -97.9879  -46.3092  -45.4991
    0.2664    0.7501    0.6052
    0.9555   -0.1231   -0.2681
   -0.1266    0.6497   -0.7496
...    63 G-C ...
  -98.3330  -43.8750  -47.7455
    0.7350    0.4674    0.4912
    0.6772   -0.4687   -0.5672
   -0.0349    0.7495   -0.6610
...    64 T-A ...
  -98.6601  -41.0664  -49.3768
    0.9737    0.1322    0.1856
    0.2273   -0.6233   -0.7482
    0.0168    0.7707   -0.6370
...    65 T-A ...
  -98.5506  -38.3804  -51.1695
    0.9423   -0.2440   -0.2291
   -0.3312   -0.5801   -0.7442
    0.0486    0.7771   -0.6274
...    66 A-T ...
  -98.0938  -35.7835  -53.1658
    0.6081   -0.5853   -0.5363
   -0.7809   -0.3197   -0.5366
    0.1426    0.7451   -0.6515
...    67 T-A ...
  -96.9878  -33.2646  -54.9764
    0.1452   -0.6618   -0.7355
   -0.9778    0.0174   -0.2087
    0.1509    0.7495   -0.6446
...    68 A-T ...
  -96.6542  -30.7592  -57.1238
   -0.4528   -0.5299   -0.7171
   -0.8770    0.4099    0.2509
    0.1610    0.7424   -0.6503
...    69 A-T ...
  -95.8726  -28.5323  -59.3617
   -0.8593   -0.1881   -0.4757
   -0.4779    0.6266    0.6156
    0.1823    0.7563   -0.6283
...    70 C-G ...
  -95.1711  -26.4773  -61.8579
   -0.9858    0.1428   -0.0884
    0.0223    0.6331    0.7738
    0.1665    0.7608   -0.6273
...    71 G-C ...
  -94.5596  -23.7389  -63.6036
   -0.8355    0.3691    0.4071
    0.5445    0.4566    0.7036
    0.0738    0.8095   -0.5824
...    72 G-C ...
  -94.6350  -21.1309  -65.7236
   -0.4415    0.4677    0.7657
    0.8969    0.2051    0.3918
    0.0262    0.8598   -0.5100
...    73 A-T ...
  -94.6841  -18.3465  -67.3798
    0.1282    0.4476    0.8850
    0.9912   -0.0869   -0.0997
    0.0323    0.8900   -0.4549
...    74 T-A ...
  -95.2007  -15.3480  -68.5710
    0.5873    0.3233    0.7420
    0.8080   -0.2873   -0.5144
    0.0469    0.9016   -0.4300
...    75 C-G ...
  -95.0313  -12.3377  -69.7493
    0.9309    0.0512    0.3617
    0.3515   -0.3952   -0.8487
    0.0995    0.9172   -0.3859
...    76 G-C ...
  -94.3596   -9.4183  -71.1313
    0.9537   -0.2904   -0.0779
   -0.1698   -0.3061   -0.9367
    0.2482    0.9066   -0.3413
...    77 A-T ...
  -93.3743   -6.4793  -72.1140
    0.6829   -0.4500   -0.5754
   -0.6669   -0.0627   -0.7425
    0.2981    0.8908   -0.3429
...    78 G-C ...
  -92.0517   -3.6137  -73.0528
    0.2403   -0.4674   -0.8508
   -0.9094    0.1981   -0.3657
    0.3394    0.8616   -0.3774
...    79 C-G ...
  -90.5259   -0.9904  -74.3345
   -0.2882   -0.3174   -0.9035
   -0.8904    0.4360    0.1309
    0.3524    0.8421   -0.4082
...    80 T-A ...
  -89.1408    1.5569  -75.9042
   -0.7123   -0.0808   -0.6972
   -0.6135    0.5542    0.5626
    0.3409    0.8285   -0.4443
...    81 C-G ...
  -88.0134    4.1885  -77.4789
   -0.9399    0.2402   -0.2426
   -0.0943    0.5003    0.8607
    0.3281    0.8319   -0.4476
...    82 G-C ...
  -86.9243    7.1061  -78.5824
   -0.8724    0.3848    0.3014
    0.4249    0.2924    0.8567
    0.2415    0.8755   -0.4186
...    83 G-C ...
  -86.3776    9.9873  -80.2316
   -0.5468    0.3985    0.7364
    0.8149    0.0515    0.5773
    0.1921    0.9157   -0.3529
...    84 G-C ...
  -86.1373   13.0997  -81.4887
   -0.0733    0.2703    0.9600
    0.9812   -0.1527    0.1180
    0.1785    0.9506   -0.2541
...    85 A-T ...
  -85.6929   16.2120  -82.2617
    0.4677    0.0773    0.8805
    0.8597   -0.2713   -0.4328
    0.2054    0.9594   -0.1933
...    86 T-A ...
  -85.5026   19.4691  -82.4033
    0.8153   -0.0930    0.5716
    0.5322   -0.2686   -0.8028
    0.2282    0.9587   -0.1695
...    87 C-G ...
  -84.6629   22.5758  -82.7345
    0.9569   -0.2870    0.0445
    0.0024   -0.1453   -0.9894
    0.2904    0.9468   -0.1384
...    88 C-G ...
  -83.3449   25.6649  -82.8009
    0.7900   -0.4152   -0.4511
   -0.4687    0.0652   -0.8809
    0.3952    0.9074   -0.1431
...    89 G-C ...
  -81.9852   28.5438  -83.6783
    0.3750   -0.4151   -0.8289
   -0.7818    0.3389   -0.5234
    0.4982    0.8443   -0.1974
...    90 C-G ...
  -79.9433   31.0405  -84.3371
   -0.1109   -0.2000   -0.9735
   -0.8454    0.5340   -0.0134
    0.5225    0.8215   -0.2283
...    91 T-A ...
  -77.9722   33.5026  -85.2975
   -0.5416    0.0741   -0.8373
   -0.6563    0.5852    0.4763
    0.5253    0.8075   -0.2684
...    92 T-A ...
  -76.0459   35.9043  -86.3545
   -0.7950    0.4201   -0.4377
   -0.2474    0.4342    0.8662
    0.5539    0.7969   -0.2412
...    93 T-A ...
  -74.1833   38.3418  -87.4356
   -0.7832    0.6115    0.1129
    0.2258    0.1105    0.9679
    0.5794    0.7835   -0.2246
...    94 A-T ...
  -72.3049   40.9672  -88.1560
   -0.5594    0.5182    0.6470
    0.6196   -0.2571    0.7416
    0.5507    0.8157   -0.1772
...    95 A-T ...
  -70.7581   43.7228  -88.8473
   -0.1485    0.2757    0.9497
    0.8164   -0.5078    0.2751
    0.5581    0.8162   -0.1497
...    96 C-G ...
  -69.4899   46.7002  -89.2687
    0.2391   -0.0613    0.9691
    0.7853   -0.5748   -0.2301
    0.5711    0.8160   -0.0893
...    97 A-T ...
  -67.6262   49.4655  -89.3440
    0.5089   -0.4800    0.7145
    0.5770   -0.4258   -0.6970
    0.6388    0.7670    0.0603
...    98 C-G ...
  -65.8186   52.0467  -88.5223
    0.6847   -0.6749    0.2753
    0.2722   -0.1136   -0.9555
    0.6761    0.7291    0.1059
...    99 T-A ...
  -63.5300   54.2529  -87.7339
    0.6688   -0.7030   -0.2417
   -0.0597    0.2732   -0.9601
    0.7410    0.6566    0.1407
...   100 T-A ...
  -61.0506   56.1955  -86.9951
    0.5237   -0.4453   -0.7263
   -0.3953    0.6282   -0.6702
    0.7547    0.6380    0.1530
...   101 T-A ...
  -58.4359   57.9938  -86.3142
    0.2357   -0.0099   -0.9718
   -0.6075    0.7790   -0.1553
    0.7586    0.6269    0.1776
...   102 A-T ...
  -56.0956   60.2709  -85.6901
   -0.1531    0.4699   -0.8693
   -0.6228    0.6371    0.4541
    0.7673    0.6110    0.1951
...   103 T-A ...
  -53.2082   61.8768  -85.5015
   -0.4232    0.7405   -0.5221
   -0.4703    0.3130    0.8251
    0.7744    0.5947    0.2158
...   104 G-C ...
  -50.8011   63.9540  -84.6546
   -0.6682    0.7440    0.0014
   -0.1617   -0.1471    0.9758
    0.7262    0.6518    0.2185
...   105 C-G ...
  -48.4144   66.1953  -84.3245
   -0.6884    0.5235    0.5021
    0.2019   -0.5266    0.8258
    0.6967    0.6698    0.2568
...   106 T-A ...
  -46.3580   68.6604  -83.6192
   -0.5547    0.1421    0.8198
    0.5102   -0.7203    0.4700
    0.6573    0.6790    0.3271
...   107 T-A ...
  -44.4362   71.0446  -82.6062
   -0.2323   -0.2949    0.9269
    0.7234   -0.6894   -0.0380
    0.6502    0.6616    0.3735
...   108 C-G ...
  -42.4617   73.2083  -81.2492
    0.1446   -0.6776    0.7211
    0.7442   -0.4058   -0.5306
    0.6521    0.6134    0.4456
...   109 C-G ...
  -40.5654   75.1678  -79.2896
    0.4087   -0.8631    0.2965
    0.6013    0.0103   -0.7989
    0.6865    0.5049    0.5232
...   110 G-C ...
  -38.0201   76.4830  -77.6548
    0.5523   -0.7994   -0.2366
    0.3704    0.4895   -0.7894
    0.7469    0.3484    0.5664
...   111 G-C ...
  -35.4235   77.0543  -75.5886
    0.5996   -0.4596   -0.6552
    0.0898    0.8522   -0.5155
    0.7953    0.2502    0.5522
...   112 C-G ...
  -32.6747   77.3755  -73.7950
    0.5364    0.0577   -0.8420
   -0.2075    0.9761   -0.0653
    0.8181    0.2097    0.5355
...   113 T-A ...
  -29.8065   77.7336  -72.1983
    0.3406    0.5484   -0.7637
   -0.4263    0.8141    0.3944
    0.8380    0.1913    0.5111
...   114 C-G ...
  -26.9789   78.2950  -70.6344
    0.0385    0.9222   -0.3847
   -0.5461    0.3418    0.7648
    0.8368    0.1807    0.5168
...   115 G-C ...
  -24.5011   78.8800  -68.5212
   -0.3260    0.9434    0.0616
   -0.4934   -0.2254    0.8401
    0.8064    0.2435    0.5389
...   116 T-A ...
  -21.6327   79.9450  -67.2468
   -0.5513    0.6936    0.4636
   -0.2804   -0.6774    0.6801
    0.7858    0.2450    0.5679
...   117 A-T ...
  -19.0867   80.9992  -65.4146
   -0.7091    0.2015    0.6757
    0.0485   -0.9421    0.3318
    0.7034    0.2681    0.6583
...   118 T-A ...
  -17.0267   82.4938  -63.3760
   -0.6275   -0.2844    0.7249
    0.3779   -0.9251   -0.0358
    0.6808    0.2515    0.6880
...   119 A-T ...
  -15.3929   83.7649  -60.7184
   -0.5359   -0.7198    0.4412
    0.6504   -0.6852   -0.3278
    0.5383    0.1113    0.8354
...   120 A-T ...
  -13.9509   84.1296  -57.8696
   -0.1546   -0.9772    0.1453
    0.8494   -0.2066   -0.4857
    0.5047    0.0483    0.8620
...   121 T-A ...
  -12.9537   84.1905  -54.7712
    0.2487   -0.9589   -0.1364
    0.8323    0.2836   -0.4763
    0.4955    0.0049    0.8686
...   122 G-C ...
  -11.1853   83.8264  -51.9965
    0.5897   -0.6564   -0.4705
    0.6117    0.7434   -0.2704
    0.5273   -0.1284    0.8399
...   123 T-A ...
   -9.7392   82.7963  -49.2239
    0.8084   -0.1920   -0.5564
    0.2494    0.9680    0.0284
    0.5331   -0.1618    0.8304
...   124 G-C ...
   -7.7876   82.4781  -46.5955
    0.7830    0.3915   -0.4833
   -0.2212    0.9015    0.3719
    0.5813   -0.1843    0.7925
...   125 T-A ...
   -5.6408   81.3714  -44.2966
    0.5649    0.7964   -0.2158
   -0.5912    0.5731    0.5676
    0.5757   -0.1931    0.7946
...   126 C-G ...
   -3.6674   80.6750  -41.7725
    0.1200    0.9801    0.1579
   -0.8178    0.0075    0.5755
    0.5629   -0.1982    0.8024
...   127 G-C ...
   -2.2115   79.8130  -38.9334
   -0.3918    0.8445    0.3651
   -0.7710   -0.5179    0.3706
    0.5021   -0.1362    0.8540
...   128 A-T ...
   -0.4592   79.3545  -36.2406
   -0.7817    0.4183    0.4626
   -0.4334   -0.8977    0.0794
    0.4485   -0.1384    0.8830
...   129 C-G ...
    1.0477   79.5174  -33.3596
   -0.9207   -0.0661    0.3847
    0.0028   -0.9867   -0.1628
    0.3903   -0.1488    0.9086
...   130 C-G ...
    2.1377   79.4335  -30.1787
   -0.8465   -0.5193    0.1174
    0.4624   -0.8263   -0.3217
    0.2641   -0.2180    0.9395
...   131 A-T ...
    2.6708   78.7076  -26.9625
   -0.5361   -0.8121   -0.2306
    0.8360   -0.4727   -0.2786
    0.1172   -0.3421    0.9323
...   132 A-T ...
    2.6952   77.5537  -23.9590
   -0.0223   -0.9184   -0.3951
    0.9967    0.0106   -0.0809
    0.0785   -0.3956    0.9151
...   133 A-T ...
    2.6287   76.0962  -21.0784
    0.5126   -0.7607   -0.3981
    0.8565    0.4853    0.1756
    0.0596   -0.4310    0.9004
...   134 T-A ...
    2.3076   74.2308  -18.3902
    0.8657   -0.4293   -0.2574
    0.4984    0.7868    0.3641
    0.0462   -0.4435    0.8951
...   135 G-C ...
    1.4354   72.0971  -15.6050
    0.9809    0.0621    0.1843
   -0.1263    0.9241    0.3607
   -0.1479   -0.3771    0.9143
...   136 T-A ...
    0.5279   69.2393  -13.4688
    0.7351    0.4963    0.4618
   -0.6117    0.7792    0.1365
   -0.2921   -0.3828    0.8764
...   137 G-C ...
   -0.1659   67.4106  -10.8095
    0.1800    0.8794    0.4408
   -0.9276    0.3008   -0.2214
   -0.3274   -0.3691    0.8698
...   138 A-T ...
   -0.1321   66.2180   -7.8216
   -0.3749    0.8570    0.3536
   -0.8857   -0.2184   -0.4098
   -0.2739   -0.4668    0.8409
...   139 G-C ...
   -1.0069   65.6075   -4.9424
   -0.8336    0.5218    0.1811
   -0.5170   -0.6220   -0.5881
   -0.1942   -0.5839    0.7883
...   140 C-G ...
   -0.6974   63.9004   -2.2528
   -0.9992    0.0157   -0.0376
    0.0023   -0.8993   -0.4374
   -0.0406   -0.4371    0.8985
...   141 G-C ...
   -3.4382   60.2386    1.0284
   -0.4425    0.2285   -0.8672
    0.1683   -0.9287   -0.3306
   -0.8808   -0.2922    0.3725
...   142 C-G ...
   -6.3288   59.0834    1.6294
   -0.2970   -0.3280   -0.8968
    0.5656   -0.8171    0.1115
   -0.7693   -0.4741    0.4282
...   143 T-A ...
   -8.6768   58.7243    3.6024
   -0.0347   -0.7817   -0.6227
    0.6533   -0.4893    0.5778
   -0.7563   -0.3868    0.5276
...   144 C-G ...
  -11.6544   58.0114    4.7193
    0.2451   -0.9542   -0.1716
    0.6322    0.0231    0.7745
   -0.7350   -0.2983    0.6089
...   145 A-T ...
  -14.1760   56.5669    6.1807
    0.5795   -0.7268    0.3687
    0.3139    0.6165    0.7220
   -0.7521   -0.3027    0.5855
...   146 C-G ...
  -16.4651   53.8950    7.5153
    0.5336   -0.3331    0.7774
   -0.0346    0.9098    0.4136
   -0.8450   -0.2476    0.4739
...   147 A-T ...
  -19.0172   52.0375    8.9261
    0.2452    0.2907    0.9249
   -0.3073    0.9281   -0.2103
   -0.9195   -0.2327    0.3169
