  147 base-pairs
...     1 A-T ...
    0.0000    0.0000    0.0000
    1.0000    0.0000    0.0000
    0.0000    1.0000    0.0000
    0.0000    0.0000    1.0000
...     2 G-C ...
   -0.1404   -1.2353    3.2259
    0.7530    0.6366    0.1668
   -0.6385    0.7681   -0.0490
   -0.1593   -0.0696    0.9848
...     3 T-A ...
   -0.0377   -3.2918    6.3749
    0.2722    0.9302    0.2464
   -0.9238    0.3243   -0.2034
   -0.2691   -0.1722    0.9476
...     4 G-C ...
   -0.3520   -4.1638    9.4928
   -0.3756    0.9250    0.0576
   -0.8780   -0.3352   -0.3416
   -0.2967   -0.1788    0.9381
...     5 A-T ...
   -0.4480   -4.1448   12.7498
   -0.8116    0.5839   -0.0166
   -0.5522   -0.7762   -0.3042
   -0.1905   -0.2377    0.9525
...     6 G-C ...
   -1.5926   -4.1701   15.6201
   -0.9976    0.0246   -0.0651
   -0.0043   -0.9555   -0.2950
   -0.0694   -0.2940    0.9533
...     7 C-G ...
   -1.1050   -4.4793   18.7363
   -0.8442   -0.5302   -0.0787
    0.5343   -0.8442   -0.0430
   -0.0437   -0.0784    0.9960
...     8 G-C ...
   -2.4044   -7.7255   23.1483
   -0.2753   -0.3294   -0.9032
    0.6650   -0.7437    0.0686
   -0.6943   -0.5817    0.4238
...     9 C-G ...
   -4.4706   -9.9691   24.1142
    0.1145   -0.7026   -0.7023
    0.8512   -0.2951    0.4341
   -0.5123   -0.6475    0.5642
...    10 T-A ...
   -6.7420  -10.8705   25.9717
    0.4841   -0.8363   -0.2573
    0.6594    0.1554    0.7356
   -0.5752   -0.5257    0.6267
...    11 C-G ...
   -9.1682  -12.6167   27.1662
    0.7073   -0.6683    0.2306
    0.3450    0.6110    0.7125
   -0.6170   -0.4243    0.6627
...    12 A-T ...
  -10.9253  -14.6583   29.0713
    0.7515   -0.1377    0.6452
   -0.2027    0.8824    0.4245
   -0.6278   -0.4498    0.6352
...    13 C-G ...
  -11.8495  -17.4796   31.2472
    0.4294    0.2824    0.8578
   -0.5708    0.8209    0.0155
   -0.6998   -0.4963    0.5137
...    14 A-T ...
  -13.5915  -19.7756   33.4284
   -0.1503    0.6106    0.7775
   -0.6874    0.5007   -0.5261
   -0.7106   -0.6135    0.3445
...    15 A-T ...
  -15.6928  -21.8562   34.7565
   -0.5025    0.7827    0.3672
   -0.4769    0.1033   -0.8728
   -0.7211   -0.6138    0.3214
...    16 T-A ...
  -17.7995  -23.7322   36.4163
   -0.6535    0.7495   -0.1059
   -0.1670   -0.2793   -0.9456
   -0.7382   -0.6003    0.3077
...    17 T-A ...
  -20.2040  -25.5032   37.6246
   -0.6005    0.5227   -0.6052
    0.2068   -0.6296   -0.7489
   -0.7725   -0.5748    0.2700
...    18 T-A ...
  -22.8216  -27.1101   38.5757
   -0.3481    0.1573   -0.9241
    0.4819   -0.8155   -0.3204
   -0.8041   -0.5569    0.2081
...    19 A-T ...
  -25.9669  -28.2660   38.9120
    0.1054   -0.1003   -0.9894
    0.5318   -0.8350    0.1413
   -0.8403   -0.5410   -0.0346
...    20 T-A ...
  -28.9731  -29.4466   38.4708
    0.3751   -0.4680   -0.8002
    0.3978   -0.6984    0.5950
   -0.8373   -0.5415   -0.0758
...    21 T-A ...
  -31.7469  -31.0111   37.9198
    0.5415   -0.7623   -0.3544
    0.1098   -0.3538    0.9288
   -0.8335   -0.5419   -0.1079
...    22 C-G ...
  -34.3229  -32.9117   37.3497
    0.5233   -0.8201    0.2318
   -0.2476    0.1139    0.9621
   -0.8154   -0.5608   -0.1435
...    23 G-C ...
  -37.0180  -34.8109   37.3043
    0.3530   -0.5928    0.7239
   -0.5348    0.5070    0.6760
   -0.7677   -0.6257   -0.1381
...    24 C-G ...
  -39.2885  -37.1338   36.7041
    0.0244   -0.2214    0.9749
   -0.6464    0.7404    0.1843
   -0.7626   -0.6347   -0.1251
...    25 A-T ...
  -41.9451  -39.0122   36.2547
   -0.2948    0.2655    0.9179
   -0.5521    0.7367   -0.3904
   -0.7799   -0.6219   -0.0706
...    26 A-T ...
  -44.3137  -41.2329   36.1987
   -0.5641    0.6170    0.5488
   -0.2756    0.4858   -0.8295
   -0.7784   -0.6191   -0.1039
...    27 A-T ...
  -46.8037  -43.2982   36.1338
   -0.6106    0.7918    0.0123
    0.0921    0.0865   -0.9920
   -0.7865   -0.6046   -0.1258
...    28 G-C ...
  -49.5125  -45.1287   36.0162
   -0.4018    0.7930   -0.4580
    0.3898   -0.3045   -0.8691
   -0.8286   -0.5277   -0.1868
...    29 G-C ...
  -52.5386  -46.5264   35.6106
   -0.0372    0.6010   -0.7984
    0.5203   -0.6705   -0.5289
   -0.8532   -0.4351   -0.2877
...    30 C-G ...
  -55.5337  -47.4119   34.6912
    0.3069    0.2132   -0.9275
    0.4420   -0.8950   -0.0595
   -0.8429   -0.3917   -0.3690
...    31 C-G ...
  -58.3613  -48.2359   33.0710
    0.5852   -0.2202   -0.7804
    0.1794   -0.9034    0.3895
   -0.7908   -0.3680   -0.4891
...    32 G-C ...
  -60.6574  -49.7586   31.2451
    0.6844   -0.6131   -0.3947
   -0.2251   -0.6926    0.6853
   -0.6935   -0.3802   -0.6120
...    33 G-C ...
  -62.5738  -51.0250   28.7726
    0.5092   -0.8584    0.0618
   -0.5924   -0.2975    0.7487
   -0.6243   -0.4179   -0.6600
...    34 C-G ...
  -64.2598  -52.4912   26.3315
    0.1204   -0.8777    0.4638
   -0.7919    0.1968    0.5781
   -0.5987   -0.4369   -0.6714
...    35 C-G ...
  -66.0223  -54.1953   24.0251
   -0.3018   -0.6178    0.7261
   -0.7449    0.6282    0.2248
   -0.5950   -0.4731   -0.6497
...    36 C-G ...
  -67.8459  -56.0172   21.8611
   -0.6247   -0.1628    0.7637
   -0.4660    0.8625   -0.1974
   -0.6265   -0.4792   -0.6147
...    37 G-C ...
  -69.9871  -57.1613   19.6073
   -0.7179    0.3750    0.5865
   -0.0335    0.8229   -0.5672
   -0.6953   -0.4268   -0.5782
...    38 A-T ...
  -72.1880  -58.6635   17.7447
   -0.5779    0.7934    0.1911
    0.3945    0.4766   -0.7856
   -0.7144   -0.3786   -0.5885
...    39 C-G ...
  -74.8359  -59.9669   16.3454
   -0.2657    0.9451   -0.1903
    0.6331    0.0222   -0.7737
   -0.7270   -0.3260   -0.6043
...    40 A-T ...
  -77.3394  -60.8835   14.3510
    0.2202    0.8615   -0.4574
    0.6559   -0.4779   -0.5843
   -0.7220   -0.1714   -0.6703
...    41 C-G ...
  -79.9725  -60.8862   12.4454
    0.5619    0.5287   -0.6362
    0.4489   -0.8409   -0.3023
   -0.6948   -0.1157   -0.7098
...    42 G-C ...
  -81.9422  -61.2404    9.8194
    0.8166    0.0367   -0.5761
    0.0491   -0.9988    0.0059
   -0.5751   -0.0331   -0.8174
...    43 A-T ...
  -83.6208  -61.1895    7.0365
    0.7317   -0.5266   -0.4327
   -0.4401   -0.8498    0.2901
   -0.5205   -0.0219   -0.8536
...    44 C-G ...
  -84.8241  -60.8380    3.9817
    0.4228   -0.8818   -0.2092
   -0.7654   -0.4710    0.4385
   -0.4852   -0.0253   -0.8741
...    45 T-A ...
  -86.0276  -60.9380    0.9142
   -0.0108   -0.9974    0.0709
   -0.8939    0.0414    0.4464
   -0.4481   -0.0586   -0.8920
...    46 T-A ...
  -87.1348  -61.1498   -2.1416
   -0.5323   -0.8035    0.2666
   -0.7306    0.5951    0.3348
   -0.4277   -0.0166   -0.9038
...    47 A-T ...
  -88.6838  -60.8425   -5.0807
   -0.8783   -0.2797    0.3877
   -0.2508    0.9600    0.1246
   -0.4070    0.0122   -0.9133
...    48 C-G ...
  -90.0208  -61.4004   -8.0536
   -0.8766    0.2463    0.4134
    0.2349    0.9688   -0.0791
   -0.4200    0.0278   -0.9071
...    49 T-A ...
  -91.6435  -61.5185  -10.9157
   -0.6103    0.6957    0.3788
    0.6475    0.7136   -0.2675
   -0.4564    0.0820   -0.8860
...    50 G-C ...
  -93.2523  -61.0363  -13.7758
   -0.1122    0.9454    0.3060
    0.8687    0.2428   -0.4317
   -0.4824    0.2174   -0.8486
...    51 T-A ...
  -95.3340  -60.2354  -16.1578
    0.3594    0.9268    0.1087
    0.8111   -0.2526   -0.5275
   -0.4614    0.2778   -0.8426
...    52 A-T ...
  -97.0838  -58.7288  -18.5787
    0.7855    0.6187    0.0119
    0.5184   -0.6474   -0.5587
   -0.3380    0.4451   -0.8293
...    53 G-C ...
  -98.1731  -56.8871  -21.0652
    0.9665    0.1791   -0.1840
    0.0583   -0.8508   -0.5223
   -0.2501    0.4940   -0.8327
...    54 G-C ...
  -98.5852  -54.8059  -23.6891
    0.8799   -0.3290   -0.3428
   -0.4547   -0.7923   -0.4069
   -0.1377    0.5139   -0.8467
...    55 T-A ...
  -98.5487  -52.7194  -26.2367
    0.5361   -0.6955   -0.4785
   -0.8378   -0.5078   -0.2007
   -0.1034    0.5084   -0.8549
...    56 A-T ...
  -98.9436  -51.1015  -29.1005
   -0.0429   -0.8687   -0.4935
   -0.9960   -0.0015    0.0892
   -0.0782    0.4953   -0.8652
...    57 T-A ...
  -98.5073  -49.6251  -32.0249
   -0.5344   -0.7439   -0.4013
   -0.8424    0.4305    0.3240
   -0.0683    0.5112   -0.8567
...    58 C-G ...
  -98.6620  -48.0538  -34.8881
   -0.9210   -0.3660   -0.1332
   -0.3816    0.7794    0.4968
   -0.0780    0.5084   -0.8576
...    59 T-A ...
  -98.9830  -46.6814  -37.8687
   -0.9827    0.0556    0.1766
    0.1377    0.8568    0.4970
   -0.1237    0.5127   -0.8496
...    60 C-G ...
  -99.4450  -45.0989  -40.6808
   -0.7259    0.5107    0.4608
    0.6720    0.6695    0.3166
   -0.1468    0.5394   -0.8291
...    61 G-C ...
  -99.7099  -43.0908  -43.2899
   -0.2423    0.7000    0.6718
    0.9520    0.3051    0.0255
   -0.1870    0.6457   -0.7403
...    62 A-T ...
 -100.4446  -40.9820  -45.6344
    0.3376    0.7059    0.6226
    0.9258   -0.1295   -0.3552
   -0.1702    0.6963   -0.6973
...    63 G-C ...
 -101.2340  -38.5045  -47.6323
    0.7608    0.4815    0.4352
    0.6401   -0.4455   -0.6260
   -0.1076    0.7547   -0.6471
...    64 C-G ...
 -101.6498  -35.7216  -49.3035
    0.9872    0.1296    0.0932
    0.1534   -0.6074   -0.7794
   -0.0444    0.7837   -0.6195
...    65 T-A ...
 -101.5750  -32.9064  -50.9919
    0.9342   -0.2470   -0.2573
   -0.3541   -0.5555   -0.7524
    0.0429    0.7940   -0.6064
...    66 C-G ...
 -101.1818  -30.3158  -52.9155
    0.5714   -0.5436   -0.6148
   -0.8157   -0.2939   -0.4983
    0.0902    0.7862   -0.6113
...    67 G-C ...
 -101.0784  -27.9373  -55.2084
    0.0343   -0.6844   -0.7283
   -0.9880    0.0869   -0.1281
    0.1509    0.7239   -0.6732
...    68 G-C ...
 -100.2438  -25.7062  -57.5835
   -0.4997   -0.5789   -0.6443
   -0.8536    0.4552    0.2531
    0.1468    0.6765   -0.7216
...    69 G-C ...
  -99.5768  -23.6768  -60.1796
   -0.8828   -0.2904   -0.3692
   -0.4585    0.7036    0.5428
    0.1022    0.6485   -0.7543
...    70 A-T ...
  -99.1728  -21.6459  -62.7039
   -0.9879    0.1532    0.0228
    0.1297    0.7380    0.6623
    0.0846    0.6572   -0.7489
...    71 T-A ...
  -99.1578  -19.9880  -65.5496
   -0.7948    0.4989    0.3454
    0.5997    0.5588    0.5728
    0.0927    0.6624   -0.7434
...    72 C-G ...
  -98.9709  -17.8604  -68.0099
   -0.3202    0.6954    0.6434
    0.9436    0.1742    0.2814
    0.0836    0.6972   -0.7120
...    73 C-G ...
  -99.1132  -15.4580  -70.3690
    0.1967    0.6026    0.7734
    0.9752   -0.2017   -0.0909
    0.1012    0.7721   -0.6274
...    74 G-C ...
  -98.4966  -12.8734  -72.3311
    0.6490    0.2809    0.7070
    0.7379   -0.4587   -0.4951
    0.1852    0.8430   -0.5049
...    75 C-G ...
  -98.0615   -9.8636  -73.5388
    0.9212   -0.0580    0.3847
    0.3021   -0.5165   -0.8012
    0.2452    0.8543   -0.4582
...    76 T-A ...
  -97.1192   -6.9108  -74.6176
    0.9264   -0.3757   -0.0243
   -0.1787   -0.3819   -0.9068
    0.3314    0.8444   -0.4209
...    77 T-A ...
  -95.8989   -4.1099  -75.6833
    0.6770   -0.5330   -0.5075
   -0.6466   -0.1013   -0.7561
    0.3516    0.8400   -0.4132
...    78 T-A ...
  -94.4936   -1.4081  -76.7956
    0.2144   -0.4953   -0.8419
   -0.9074    0.2181   -0.3594
    0.3616    0.8409   -0.4027
...    79 A-T ...
  -93.3882    1.3813  -78.1929
   -0.3521   -0.3002   -0.8865
   -0.8591    0.4795    0.1788
    0.3714    0.8246   -0.4268
...    80 A-T ...
  -91.9341    3.8620  -79.7083
   -0.7597    0.0384   -0.6492
   -0.5219    0.5596    0.6438
    0.3880    0.8279   -0.4051
...    81 C-G ...
  -90.5267    6.2299  -81.5415
   -0.9251    0.3032   -0.2286
   -0.0661    0.4641    0.8833
    0.3739    0.8323   -0.4092
...    82 A-T ...
  -89.3189    9.0462  -82.7624
   -0.8426    0.4273    0.3278
    0.4536    0.2347    0.8597
    0.2905    0.8731   -0.3916
...    83 C-G ...
  -88.8386   11.8267  -84.4546
   -0.5136    0.4567    0.7264
    0.8131   -0.0114    0.5820
    0.2741    0.8895   -0.3655
...    84 T-A ...
  -88.3321   14.8481  -85.6473
   -0.0671    0.3191    0.9453
    0.9627   -0.2280    0.1453
    0.2619    0.9199   -0.2919
...    85 T-A ...
  -87.7655   17.9042  -86.5264
    0.4480    0.1132    0.8868
    0.8497   -0.3626   -0.3829
    0.2782    0.9251   -0.2586
...    86 C-G ...
  -86.8927   20.9568  -87.1630
    0.8221   -0.1687    0.5438
    0.4671   -0.3463   -0.8136
    0.3256    0.9228   -0.2060
...    87 A-T ...
  -85.6775   24.0092  -87.6635
    0.8897   -0.4516    0.0670
   -0.0058   -0.1579   -0.9874
    0.4565    0.8781   -0.1431
...    88 T-A ...
  -84.0356   26.8317  -87.4370
    0.7670   -0.4883   -0.4163
   -0.4286    0.0929   -0.8987
    0.4775    0.8677   -0.1380
...    89 G-C ...
  -82.2917   29.5553  -88.1192
    0.3617   -0.4487   -0.8172
   -0.7473    0.3846   -0.5419
    0.5575    0.8067   -0.1962
...    90 T-A ...
  -79.9565   31.8389  -88.5821
   -0.0743   -0.2082   -0.9753
   -0.8178    0.5724   -0.0599
    0.5707    0.7931   -0.2127
...    91 T-A ...
  -77.8219   34.1867  -89.2888
   -0.4980    0.1700   -0.8503
   -0.6387    0.5914    0.4923
    0.5866    0.7883   -0.1859
...    92 A-T ...
  -75.9890   36.9201  -89.7275
   -0.7752    0.4901   -0.3987
   -0.2262    0.3740    0.8994
    0.5899    0.7874   -0.1790
...    93 T-A ...
  -74.0637   39.2924  -90.9741
   -0.7794    0.6190    0.0968
    0.1802    0.0734    0.9809
    0.6001    0.7819   -0.1688
...    94 A-T ...
  -72.1487   41.9276  -91.5366
   -0.5896    0.5012    0.6334
    0.5789   -0.2846    0.7641
    0.5633    0.8172   -0.1224
...    95 A-T ...
  -70.5612   44.6973  -92.0615
   -0.1959    0.2489    0.9485
    0.7993   -0.5199    0.3015
    0.5682    0.8172   -0.0970
...    96 C-G ...
  -69.2635   47.6830  -92.3299
    0.1903   -0.0877    0.9778
    0.7944   -0.5714   -0.2059
    0.5768    0.8160   -0.0391
...    97 G-C ...
  -67.1496   50.2176  -92.3271
    0.4633   -0.5043    0.7287
    0.6078   -0.4177   -0.6754
    0.6450    0.7558    0.1130
...    98 G-C ...
  -65.0855   52.7002  -91.3825
    0.6243   -0.7328    0.2705
    0.3246   -0.0716   -0.9432
    0.7105    0.6766    0.1932
...    99 A-T ...
  -62.7053   54.7517  -90.5749
    0.6583   -0.6850   -0.3121
   -0.0499    0.3740   -0.9261
    0.7511    0.6252    0.2121
...   100 T-A ...
  -60.1395   56.3631  -89.3172
    0.5453   -0.4194   -0.7258
   -0.3521    0.6712   -0.6523
    0.7607    0.6112    0.2184
...   101 T-A ...
  -57.5222   58.0648  -88.4306
    0.2773    0.0332   -0.9602
   -0.5847    0.7989   -0.1412
    0.7624    0.6005    0.2409
...   102 A-T ...
  -55.1488   60.2359  -87.6100
   -0.1092    0.5062   -0.8555
   -0.6294    0.6309    0.4537
    0.7693    0.5880    0.2497
...   103 T-A ...
  -52.2482   61.7808  -87.2461
   -0.3903    0.7658   -0.5111
   -0.4982    0.2912    0.8167
    0.7743    0.5733    0.2678
...   104 G-C ...
  -49.8457   63.7980  -86.2506
   -0.6589    0.7522   -0.0020
   -0.2030   -0.1752    0.9634
    0.7243    0.6352    0.2682
...   105 C-G ...
  -47.4606   66.0082  -85.7576
   -0.7029    0.5165    0.4890
    0.1631   -0.5521    0.8177
    0.6923    0.6545    0.3038
...   106 T-A ...
  -45.4160   68.4349  -84.9020
   -0.5858    0.1256    0.8006
    0.4852   -0.7369    0.4706
    0.6491    0.6642    0.3708
...   107 T-A ...
  -43.5200   70.7797  -83.7541
   -0.2693   -0.3152    0.9100
    0.7195   -0.6940   -0.0274
    0.6402    0.6473    0.4136
...   108 C-G ...
  -41.5846   72.8980  -82.2714
    0.1151   -0.6941    0.7106
    0.7608   -0.3984   -0.5123
    0.6387    0.5996    0.4822
...   109 C-G ...
  -39.7497   74.8108  -80.2089
    0.3958   -0.8703    0.2930
    0.6285    0.0241   -0.7774
    0.6696    0.4919    0.5566
...   110 G-C ...
  -37.2627   76.1044  -78.4729
    0.5596   -0.7955   -0.2324
    0.3957    0.5029   -0.7685
    0.7282    0.3381    0.5962
...   111 G-C ...
  -34.7432   76.6565  -76.3116
    0.6203   -0.4489   -0.6432
    0.1043    0.8600   -0.4996
    0.7774    0.2428    0.5803
...   112 C-G ...
  -32.0580   76.9580  -74.4245
    0.5612    0.0697   -0.8248
   -0.2078    0.9764   -0.0589
    0.8012    0.2045    0.5624
...   113 T-A ...
  -29.2400   77.3041  -72.7419
    0.3605    0.5570   -0.7482
   -0.4397    0.8089    0.3903
    0.8226    0.1882    0.5366
...   114 C-G ...
  -26.4598   77.8616  -71.0983
    0.0456    0.9250   -0.3771
   -0.5676    0.3346    0.7522
    0.8220    0.1797    0.5404
...   115 G-C ...
  -24.0373   78.4565  -68.9276
   -0.3316    0.9417    0.0566
   -0.5131   -0.2304    0.8268
    0.7917    0.2452    0.5596
...   116 T-A ...
  -21.2085   79.5348  -67.5807
   -0.5656    0.6902    0.4513
   -0.2935   -0.6799    0.6720
    0.7706    0.2476    0.5872
...   117 A-T ...
  -18.7139   80.6073  -65.6891
   -0.7254    0.1981    0.6592
    0.0452   -0.9419    0.3328
    0.6869    0.2712    0.6743
...   118 T-A ...
  -16.7061   82.1136  -63.6054
   -0.6416   -0.2870    0.7113
    0.3830   -0.9234   -0.0270
    0.6646    0.2551    0.7023
...   119 A-T ...
  -15.1243   83.3904  -60.9219
   -0.5383   -0.7227    0.4335
    0.6608   -0.6812   -0.3151
    0.5230    0.1168    0.8443
...   120 A-T ...
  -13.7333   83.7775  -58.0500
   -0.1491   -0.9779    0.1463
    0.8585   -0.2015   -0.4716
    0.4907    0.0553    0.8696
...   121 T-A ...
  -12.7846   83.8606  -54.9367
    0.2585   -0.9574   -0.1286
    0.8370    0.2885   -0.4649
    0.4822    0.0125    0.8759
...   122 G-C ...
  -11.0559   83.5291  -52.1341
    0.6011   -0.6541   -0.4592
    0.6096    0.7468   -0.2658
    0.5168   -0.1202    0.8476
...   123 T-A ...
   -9.6394   82.5258  -49.3387
    0.8166   -0.1891   -0.5454
    0.2422    0.9699    0.0262
    0.5240   -0.1535    0.8378
...   124 G-C ...
   -7.7134   82.2337  -46.6887
    0.7853    0.3935   -0.4780
   -0.2306    0.9024    0.3639
    0.5745   -0.1756    0.7994
...   125 T-A ...
   -5.5797   81.1591  -44.3652
    0.5620    0.7983   -0.2164
   -0.5995    0.5734    0.5584
    0.5698   -0.1841    0.8009
...   126 C-G ...
   -3.6202   80.4986  -41.8221
    0.1134    0.9819    0.1516
   -0.8221    0.0071    0.5694
    0.5580   -0.1892    0.8080
...   127 G-C ...
   -2.1780   79.6745  -38.9668
   -0.3983    0.8450    0.3567
   -0.7703   -0.5193    0.3701
    0.4980   -0.1274    0.8578
...   128 A-T ...
   -0.4360   79.2469  -36.2620
   -0.7859    0.4175    0.4561
   -0.4292   -0.8993    0.0836
    0.4451   -0.1301    0.8860
...   129 C-G ...
    1.0596   79.4372  -33.3757
   -0.9218   -0.0679    0.3817
    0.0080   -0.9877   -0.1564
    0.3876   -0.1411    0.9110
...   130 C-G ...
    2.1465   79.3838  -30.1920
   -0.8448   -0.5220    0.1178
    0.4665   -0.8262   -0.3157
    0.2621   -0.2117    0.9415
...   131 A-T ...
    2.6754   78.6841  -26.9694
   -0.5333   -0.8146   -0.2282
    0.8380   -0.4717   -0.2745
    0.1160   -0.3376    0.9341
...   132 A-T ...
    2.6968   77.5438  -23.9615
   -0.0201   -0.9196   -0.3924
    0.9968    0.0119   -0.0790
    0.0774   -0.3927    0.9164
...   133 A-T ...
    2.6288   76.0938  -21.0785
    0.5134   -0.7609   -0.3968
    0.8561    0.4859    0.1759
    0.0590   -0.4300    0.9009
...   134 T-A ...
    2.3075   74.2308  -18.3903
    0.8657   -0.4293   -0.2574
    0.4984    0.7868    0.3641
    0.0462   -0.4435    0.8951
...   135 G-C ...
    1.4353   72.0970  -15.6051
    0.9809    0.0621    0.1843
   -0.1263    0.9241    0.3607
   -0.1479   -0.3771    0.9143
...   136 T-A ...
    0.5278   69.2393  -13.4689
    0.7351    0.4963    0.4618
   -0.6117    0.7792    0.1365
   -0.2921   -0.3828    0.8764
...   137 G-C ...
   -0.1660   67.4106  -10.8096
    0.1800    0.8794    0.4408
   -0.9276    0.3008   -0.2214
   -0.3274   -0.3691    0.8698
...   138 A-T ...
   -0.1322   66.2180   -7.8217
   -0.3749    0.8570    0.3536
   -0.8857   -0.2184   -0.4098
   -0.2739   -0.4668    0.8409
...   139 G-C ...
   -1.0070   65.6075   -4.9425
   -0.8336    0.5218    0.1811
   -0.5170   -0.6220   -0.5881
   -0.1942   -0.5839    0.7883
...   140 C-G ...
   -0.6975   63.9004   -2.2529
   -0.9992    0.0157   -0.0376
    0.0023   -0.8993   -0.4374
   -0.0406   -0.4371    0.8985
...   141 G-C ...
   -3.4383   60.2386    1.0283
   -0.4425    0.2285   -0.8672
    0.1683   -0.9287   -0.3306
   -0.8808   -0.2922    0.3725
...   142 C-G ...
   -6.3289   59.0834    1.6293
   -0.2970   -0.3280   -0.8968
    0.5656   -0.8171    0.1115
   -0.7693   -0.4741    0.4282
...   143 T-A ...
   -8.6769   58.7243    3.6023
   -0.0347   -0.7817   -0.6227
    0.6533   -0.4893    0.5778
   -0.7563   -0.3868    0.5276
...   144 C-G ...
  -11.6545   58.0114    4.7192
    0.2451   -0.9542   -0.1716
    0.6322    0.0231    0.7745
   -0.7350   -0.2983    0.6089
...   145 A-T ...
  -14.1761   56.5669    6.1806
    0.5795   -0.7268    0.3687
    0.3139    0.6165    0.7220
   -0.7521   -0.3027    0.5855
...   146 C-G ...
  -16.4652   53.8950    7.5152
    0.5336   -0.3331    0.7774
   -0.0346    0.9098    0.4136
   -0.8450   -0.2476    0.4739
...   147 A-T ...
  -19.0173   52.0375    8.9260
    0.2452    0.2907    0.9249
   -0.3073    0.9281   -0.2103
   -0.9195   -0.2327    0.3169
