  147 base-pairs
...     1 A-T ...
    0.0000    0.0000    0.0000
    1.0000    0.0000    0.0000
    0.0000    1.0000    0.0000
    0.0000    0.0000    1.0000
...     2 G-C ...
   -0.1404   -1.2353    3.2259
    0.7530    0.6366    0.1668
   -0.6385    0.7681   -0.0490
   -0.1593   -0.0696    0.9848
...     3 T-A ...
   -0.0377   -3.2918    6.3749
    0.2722    0.9302    0.2464
   -0.9238    0.3243   -0.2034
   -0.2691   -0.1722    0.9476
...     4 G-C ...
   -0.3520   -4.1638    9.4928
   -0.3756    0.9250    0.0576
   -0.8780   -0.3352   -0.3416
   -0.2967   -0.1788    0.9381
...     5 A-T ...
   -0.4480   -4.1448   12.7498
   -0.8116    0.5839   -0.0166
   -0.5522   -0.7762   -0.3042
   -0.1905   -0.2377    0.9525
...     6 G-C ...
   -1.5926   -4.1701   15.6201
   -0.9976    0.0246   -0.0651
   -0.0043   -0.9555   -0.2950
   -0.0694   -0.2940    0.9533
...     7 C-G ...
   -1.1050   -4.4793   18.7363
   -0.8442   -0.5302   -0.0787
    0.5343   -0.8442   -0.0430
   -0.0437   -0.0784    0.9960
...     8 G-C ...
   -2.4044   -7.7255   23.1483
   -0.2753   -0.3294   -0.9032
    0.6650   -0.7437    0.0686
   -0.6943   -0.5817    0.4238
...     9 C-G ...
   -4.4706   -9.9691   24.1142
    0.1145   -0.7026   -0.7023
    0.8512   -0.2951    0.4341
   -0.5123   -0.6475    0.5642
...    10 T-A ...
   -6.7420  -10.8705   25.9717
    0.4841   -0.8363   -0.2573
    0.6594    0.1554    0.7356
   -0.5752   -0.5257    0.6267
...    11 C-G ...
   -9.1682  -12.6167   27.1662
    0.7073   -0.6683    0.2306
    0.3450    0.6110    0.7125
   -0.6170   -0.4243    0.6627
...    12 A-T ...
  -10.9253  -14.6583   29.0713
    0.7515   -0.1377    0.6452
   -0.2027    0.8824    0.4245
   -0.6278   -0.4498    0.6352
...    13 C-G ...
  -11.8495  -17.4796   31.2472
    0.4294    0.2824    0.8578
   -0.5708    0.8209    0.0155
   -0.6998   -0.4963    0.5137
...    14 A-T ...
  -13.5915  -19.7756   33.4284
   -0.1503    0.6106    0.7775
   -0.6874    0.5007   -0.5261
   -0.7106   -0.6135    0.3445
...    15 A-T ...
  -15.6913  -21.8583   34.7572
   -0.5040    0.7818    0.3672
   -0.4767    0.1028   -0.8731
   -0.7203   -0.6150    0.3208
...    16 T-A ...
  -17.7948  -23.7406   36.4160
   -0.6557    0.7475   -0.1061
   -0.1656   -0.2795   -0.9458
   -0.7366   -0.6026    0.3071
...    17 T-A ...
  -20.1927  -25.5218   37.6246
   -0.6028    0.5195   -0.6056
    0.2102   -0.6287   -0.7487
   -0.7697   -0.5786    0.2698
...    18 T-A ...
  -22.8012  -27.1433   38.5771
   -0.3490    0.1545   -0.9243
    0.4870   -0.8128   -0.3197
   -0.8006   -0.5617    0.2084
...    19 A-T ...
  -25.9364  -28.3232   38.9168
    0.1062   -0.1008   -0.9892
    0.5379   -0.8309    0.1424
   -0.8363   -0.5472   -0.0340
...    20 T-A ...
  -28.9330  -29.5272   38.4769
    0.3790   -0.4658   -0.7996
    0.4031   -0.6946    0.5958
   -0.8330   -0.5482   -0.0755
...    21 T-A ...
  -31.6921  -31.1167   37.9269
    0.5489   -0.7573   -0.3538
    0.1125   -0.3525    0.9290
   -0.8283   -0.5498   -0.1083
...    22 C-G ...
  -34.2473  -33.0437   37.3558
    0.5319   -0.8144    0.2322
   -0.2496    0.1112    0.9619
   -0.8092   -0.5696   -0.1441
...    23 G-C ...
  -36.9166  -34.9794   37.3083
    0.3596   -0.5886    0.7240
   -0.5418    0.5001    0.6756
   -0.7597   -0.6352   -0.1391
...    24 C-G ...
  -39.1550  -37.3336   36.7085
    0.0259   -0.2215    0.9748
   -0.6565    0.7316    0.1837
   -0.7539   -0.6447   -0.1264
...    25 A-T ...
  -41.7855  -39.2478   36.2565
   -0.3006    0.2609    0.9174
   -0.5617    0.7289   -0.3913
   -0.7708   -0.6329   -0.0726
...    26 A-T ...
  -44.1208  -41.5041   36.1937
   -0.5753    0.6081    0.5471
   -0.2802    0.4819   -0.8302
   -0.7685   -0.6309   -0.1069
...    27 A-T ...
  -46.5773  -43.6098   36.1193
   -0.6237    0.7816    0.0097
    0.0951    0.0882   -0.9916
   -0.7759   -0.6175   -0.1293
...    28 G-C ...
  -49.2534  -45.4877   35.9887
   -0.4131    0.7858   -0.4603
    0.3995   -0.2978   -0.8670
   -0.8184   -0.5420   -0.1909
...    29 G-C ...
  -52.2496  -46.9443   35.5694
   -0.0434    0.5999   -0.7989
    0.5355   -0.6611   -0.5255
   -0.8434   -0.4506   -0.2925
...    30 C-G ...
  -55.2226  -47.8864   34.6353
    0.3089    0.2185   -0.9257
    0.4590   -0.8867   -0.0562
   -0.8330   -0.4075   -0.3742
...    31 C-G ...
  -58.0239  -48.7645   32.9988
    0.5949   -0.2091   -0.7761
    0.1940   -0.8997    0.3911
   -0.7800   -0.3833   -0.4946
...    32 G-C ...
  -60.2751  -50.3316   31.1542
    0.6997   -0.5992   -0.3891
   -0.2167   -0.6969    0.6836
   -0.6808   -0.3940   -0.6175
...    33 G-C ...
  -62.1410  -51.6393   28.6644
    0.5262   -0.8478    0.0663
   -0.5928   -0.3098    0.7434
   -0.6097   -0.4305   -0.6655
...    34 C-G ...
  -63.7719  -53.1431   26.2086
    0.1343   -0.8751    0.4649
   -0.8013    0.1801    0.5705
   -0.5830   -0.4491   -0.6771
...    35 C-G ...
  -65.4758  -54.8870   23.8874
   -0.2964   -0.6241    0.7229
   -0.7603    0.6123    0.2170
   -0.5781   -0.4853   -0.6560
...    36 C-G ...
  -67.2386  -56.7472   21.7051
   -0.6299   -0.1761    0.7564
   -0.4818    0.8525   -0.2028
   -0.6092   -0.4922   -0.6218
...    37 G-C ...
  -69.3274  -57.9345   19.4239
   -0.7331    0.3597    0.5772
   -0.0435    0.8221   -0.5677
   -0.6787   -0.4413   -0.5870
...    38 A-T ...
  -71.4698  -59.4840   17.5314
   -0.5970    0.7811    0.1830
    0.3952    0.4848   -0.7802
   -0.6981   -0.3935   -0.5981
...    39 C-G ...
  -74.0691  -60.8444   16.0952
   -0.2827    0.9393   -0.1944
    0.6435    0.0354   -0.7646
   -0.7114   -0.3412   -0.6144
...    40 A-T ...
  -76.5226  -61.8157   14.0646
    0.2091    0.8659   -0.4544
    0.6743   -0.4642   -0.5743
   -0.7082   -0.1863   -0.6810
...    41 C-G ...
  -79.1256  -61.8737   12.1200
    0.5606    0.5403   -0.6276
    0.4708   -0.8314   -0.2953
   -0.6813   -0.1299   -0.7204
...    42 G-C ...
  -81.0456  -62.2667    9.4626
    0.8249    0.0538   -0.5627
    0.0695   -0.9976    0.0065
   -0.5610   -0.0445   -0.8266
...    43 A-T ...
  -82.6769  -62.2493    6.6513
    0.7495   -0.5113   -0.4206
   -0.4274   -0.8588    0.2823
   -0.5056   -0.0318   -0.8622
...    44 C-G ...
  -83.8341  -61.9206    3.5761
    0.4440   -0.8729   -0.2024
   -0.7632   -0.4867    0.4251
   -0.4695   -0.0343   -0.8823
...    45 T-A ...
  -84.9817  -62.0427    0.4877
    0.0077   -0.9975    0.0700
   -0.9022    0.0233    0.4306
   -0.4312   -0.0664   -0.8998
...    46 T-A ...
  -86.0297  -62.2725   -2.5879
   -0.5216   -0.8139    0.2560
   -0.7477    0.5806    0.3223
   -0.4109   -0.0233   -0.9114
...    47 A-T ...
  -87.5315  -61.9820   -5.5544
   -0.8808   -0.2956    0.3698
   -0.2696    0.9553    0.1214
   -0.3892    0.0072   -0.9211
...    48 C-G ...
  -88.7987  -62.5557   -8.5553
   -0.8887    0.2306    0.3963
    0.2201    0.9728   -0.0724
   -0.4022    0.0229   -0.9153
...    49 T-A ...
  -90.3602  -62.6940  -11.4505
   -0.6291    0.6847    0.3680
    0.6410    0.7248   -0.2527
   -0.4397    0.0769   -0.8948
...    50 G-C ...
  -91.9177  -62.2312  -14.3425
   -0.1335    0.9425    0.3063
    0.8733    0.2580   -0.4132
   -0.4685    0.2123   -0.8576
...    51 T-A ...
  -93.9624  -61.4556  -16.7637
    0.3425    0.9319    0.1192
    0.8256   -0.2380   -0.5116
   -0.4484    0.2736   -0.8509
...    52 A-T ...
  -95.6863  -59.9641  -19.2129
    0.7755    0.6306    0.0316
    0.5400   -0.6366   -0.5506
   -0.3271    0.4440   -0.8342
...    53 G-C ...
  -96.7491  -58.1260  -21.7133
    0.9674    0.1945   -0.1624
    0.0822   -0.8469   -0.5253
   -0.2397    0.4948   -0.8353
...    54 G-C ...
  -97.1318  -56.0364  -24.3353
    0.8917   -0.3141   -0.3258
   -0.4343   -0.7963   -0.4211
   -0.1272    0.5170   -0.8465
...    55 T-A ...
  -97.0707  -53.9342  -26.8700
    0.5559   -0.6847   -0.4714
   -0.8260   -0.5183   -0.2215
   -0.0927    0.5125   -0.8537
...    56 A-T ...
  -97.4361  -52.3030  -29.7311
   -0.0218   -0.8650   -0.5014
   -0.9975   -0.0151    0.0694
   -0.0676    0.5016   -0.8625
...    57 T-A ...
  -96.9610  -50.7952  -32.6341
   -0.5169   -0.7469   -0.4183
   -0.8541    0.4169    0.3111
   -0.0580    0.5181   -0.8534
...    58 C-G ...
  -97.0776  -49.1977  -35.4852
   -0.9137   -0.3759   -0.1547
   -0.4008    0.7699    0.4966
   -0.0676    0.5157   -0.8541
...    59 T-A ...
  -97.3563  -47.7992  -38.4581
   -0.9865    0.0419    0.1582
    0.1177    0.8532    0.5081
   -0.1137    0.5199   -0.8466
...    60 C-G ...
  -97.7815  -46.1933  -41.2627
   -0.7407    0.4968    0.4523
    0.6576    0.6741    0.3364
   -0.1378    0.5466   -0.8260
...    61 G-C ...
  -98.0226  -44.1602  -43.8551
   -0.2635    0.6889    0.6753
    0.9475    0.3164    0.0470
   -0.1813    0.6522   -0.7361
...    62 A-T ...
  -98.7394  -42.0311  -46.1864
    0.3172    0.7021    0.6375
    0.9337   -0.1135   -0.3396
   -0.1661    0.7029   -0.6916
...    63 G-C ...
  -99.5223  -39.5375  -48.1666
    0.7466    0.4852    0.4552
    0.6569   -0.4291   -0.6200
   -0.1055    0.7619   -0.6391
...    64 C-G ...
  -99.9402  -36.7363  -49.8070
    0.9836    0.1407    0.1125
    0.1748   -0.5945   -0.7848
   -0.0436    0.7916   -0.6094
...    65 T-A ...
  -99.8712  -33.8969  -51.4552
    0.9416   -0.2313   -0.2448
   -0.3341   -0.5490   -0.7662
    0.0428    0.8032   -0.5942
...    66 C-G ...
  -99.4791  -31.2732  -53.3349
    0.5883   -0.5267   -0.6136
   -0.8037   -0.2968   -0.5158
    0.0896    0.7966   -0.5978
...    67 G-C ...
  -99.3743  -28.8566  -55.5881
    0.0544   -0.6718   -0.7387
   -0.9870    0.0758   -0.1417
    0.1512    0.7368   -0.6590
...    68 G-C ...
  -98.5349  -26.5713  -57.9099
   -0.4824   -0.5743   -0.6614
   -0.8634    0.4392    0.2484
    0.1478    0.6909   -0.7077
...    69 G-C ...
  -97.8561  -24.4844  -60.4572
   -0.8734   -0.2960   -0.3867
   -0.4759    0.6872    0.5489
    0.1032    0.6635   -0.7411
...    70 A-T ...
  -97.4447  -22.4017  -62.9374
   -0.9903    0.1381    0.0123
    0.1098    0.7273    0.6775
    0.0847    0.6723   -0.7354
...    71 T-A ...
  -97.4175  -20.6906  -65.7505
   -0.8070    0.4798    0.3444
    0.5834    0.5570    0.5911
    0.0918    0.6779   -0.7294
...    72 C-G ...
  -97.2338  -18.5126  -68.1658
   -0.3397    0.6771    0.6528
    0.9370    0.1840    0.2968
    0.0808    0.7125   -0.6970
...    73 C-G ...
  -97.3879  -16.0635  -70.4749
    0.1770    0.5899    0.7878
    0.9796   -0.1830   -0.0831
    0.0951    0.7864   -0.6103
...    74 G-C ...
  -96.7913  -13.4251  -72.3709
    0.6360    0.2776    0.7200
    0.7516   -0.4345   -0.4964
    0.1750    0.8568   -0.4850
...    75 C-G ...
  -96.3961  -10.3818  -73.5082
    0.9183   -0.0488    0.3930
    0.3200   -0.4931   -0.8090
    0.2333    0.8686   -0.4372
...    76 T-A ...
  -95.5000   -7.3883  -74.5139
    0.9340   -0.3565   -0.0240
   -0.1629   -0.3650   -0.9166
    0.3181    0.8600   -0.3990
...    77 T-A ...
  -94.3284   -4.5385  -75.5045
    0.6921   -0.5065   -0.5143
   -0.6385   -0.0973   -0.7634
    0.3366    0.8568   -0.3907
...    78 T-A ...
  -92.9738   -1.7802  -76.5404
    0.2311   -0.4695   -0.8522
   -0.9096    0.2067   -0.3605
    0.3454    0.8584   -0.3793
...    79 A-T ...
  -91.9273    1.0713  -77.8570
   -0.3400   -0.2845   -0.8963
   -0.8709    0.4549    0.1860
    0.3548    0.8439   -0.4025
...    80 A-T ...
  -90.5231    3.6252  -79.2959
   -0.7569    0.0376   -0.6524
   -0.5385    0.5297    0.6553
    0.3703    0.8473   -0.3807
...    81 C-G ...
  -89.1630    6.0733  -81.0563
   -0.9313    0.2861   -0.2255
   -0.0820    0.4385    0.8950
    0.3550    0.8520   -0.3849
...    82 A-T ...
  -88.0222    8.9504  -82.2004
   -0.8554    0.3954    0.3347
    0.4431    0.2236    0.8682
    0.2684    0.8909   -0.3665
...    83 C-G ...
  -87.6116   11.7868  -83.8144
   -0.5295    0.4219    0.7359
    0.8105   -0.0044    0.5857
    0.2503    0.9066   -0.3397
...    84 T-A ...
  -87.1878   14.8534  -84.9205
   -0.0801    0.2905    0.9535
    0.9685   -0.2034    0.1434
    0.2356    0.9350   -0.2651
...    85 T-A ...
  -86.7095   17.9487  -85.7108
    0.4416    0.1021    0.8914
    0.8615   -0.3257   -0.3895
    0.2505    0.9400   -0.2317
...    86 T-A ...
  -86.0932   21.0726  -86.2401
    0.8220   -0.1262    0.5553
    0.4957   -0.3214   -0.8068
    0.2803    0.9385   -0.2016
...    87 A-T ...
  -85.0472   24.2268  -86.3571
    0.9021   -0.4186    0.1050
    0.0371   -0.1671   -0.9852
    0.4300    0.8927   -0.1352
...    88 T-A ...
  -83.5162   27.1089  -86.0995
    0.7989   -0.4638   -0.3828
   -0.3981    0.0693   -0.9147
    0.4508    0.8832   -0.1293
...    89 G-C ...
  -81.8483   29.8898  -86.7449
    0.4069   -0.4422   -0.7993
   -0.7407    0.3523   -0.5720
    0.5346    0.8248   -0.1842
...    90 C-G ...
  -79.6977   32.3144  -87.3262
   -0.0647   -0.2158   -0.9743
   -0.8269    0.5581   -0.0687
    0.5586    0.8012   -0.2146
...    91 T-A ...
  -77.6064   34.7007  -88.2230
   -0.4955    0.0720   -0.8656
   -0.6626    0.6131    0.4302
    0.5617    0.7867   -0.2561
...    92 T-A ...
  -75.5653   37.0291  -89.2245
   -0.7606    0.4310   -0.4855
   -0.2780    0.4595    0.8435
    0.5867    0.7766   -0.2297
...    93 T-A ...
  -73.5905   39.3964  -90.2599
   -0.7717    0.6329    0.0617
    0.1820    0.1267    0.9751
    0.6094    0.7638   -0.2130
...    94 C-G ...
  -71.6504   41.8960  -91.0667
   -0.5525    0.5640    0.6137
    0.5818   -0.2662    0.7685
    0.5968    0.7817   -0.1811
...    95 A-T ...
  -69.6783   44.5073  -91.6011
   -0.2311    0.2300    0.9453
    0.7943   -0.5164    0.3199
    0.5618    0.8249   -0.0633
...    96 T-A ...
  -68.4446   47.5260  -91.8072
    0.1617   -0.0746    0.9840
    0.8067   -0.5643   -0.1753
    0.5684    0.8222   -0.0311
...    97 G-C ...
  -66.5369   50.2466  -91.5573
    0.4569   -0.4849    0.7457
    0.6268   -0.4192   -0.6568
    0.6311    0.7675    0.1124
...    98 T-A ...
  -64.7893   52.8272  -90.6059
    0.6658   -0.6748    0.3183
    0.3339   -0.1120   -0.9359
    0.6672    0.7294    0.1507
...    99 T-A ...
  -62.6565   55.1132  -89.8049
    0.7185   -0.6532   -0.2389
   -0.0589    0.2851   -0.9567
    0.6931    0.7014    0.1664
...   100 A-T ...
  -60.1757   57.2046  -89.1820
    0.5066   -0.4589   -0.7299
   -0.3949    0.6290   -0.6696
    0.7664    0.6275    0.1374
...   101 T-A ...
  -57.3481   58.7015  -88.4033
    0.2520   -0.0829   -0.9642
   -0.5843    0.7812   -0.2199
    0.7714    0.6188    0.1484
...   102 A-T ...
  -54.9514   60.9533  -87.9064
   -0.1301    0.4093   -0.9031
   -0.6110    0.6842    0.3981
    0.7808    0.6036    0.1610
...   103 A-T ...
  -52.2204   62.6981  -87.5839
   -0.4164    0.7483   -0.5165
   -0.4453    0.3275    0.8334
    0.7927    0.5769    0.1968
...   104 C-G ...
  -49.4598   64.5373  -87.5306
   -0.5928    0.8050   -0.0230
   -0.1781   -0.1032    0.9786
    0.7854    0.5842    0.2046
...   105 G-C ...
  -46.8841   66.3190  -86.4769
   -0.6809    0.5558    0.4769
    0.1533   -0.5286    0.8349
    0.7161    0.6416    0.2748
...   106 G-C ...
  -44.6158   68.7144  -85.8051
   -0.5791    0.1373    0.8036
    0.4763   -0.7430    0.4702
    0.6617    0.6550    0.3648
...   107 A-T ...
  -42.5552   70.9270  -84.6592
   -0.2706   -0.3422    0.8998
    0.7148   -0.6975   -0.0503
    0.6448    0.6296    0.4333
...   108 C-G ...
  -41.0046   73.2722  -83.0235
    0.0689   -0.6797    0.7302
    0.7657   -0.4332   -0.4754
    0.6395    0.5919    0.4906
...   109 C-G ...
  -39.1830   75.1803  -80.9435
    0.3593   -0.8744    0.3262
    0.6549   -0.0127   -0.7556
    0.6648    0.4851    0.5680
...   110 G-C ...
  -36.7179   76.4445  -79.1520
    0.5430   -0.8165   -0.1960
    0.4352    0.4733   -0.7659
    0.7182    0.3306    0.6123
...   111 G-C ...
  -34.2541   76.9746  -76.9208
    0.6268   -0.4809   -0.6131
    0.1452    0.8451   -0.5145
    0.7656    0.2335    0.5995
...   112 C-G ...
  -31.6213   77.2404  -74.9548
    0.5879    0.0354   -0.8081
   -0.1775    0.9804   -0.0861
    0.7892    0.1940    0.5827
...   113 T-A ...
  -28.8467   77.5434  -73.1923
    0.3982    0.5305   -0.7483
   -0.4276    0.8291    0.3602
    0.8115    0.1765    0.5570
...   114 C-G ...
  -26.1005   78.0599  -71.4784
    0.0826    0.9154   -0.3940
   -0.5792    0.3658    0.7285
    0.8110    0.1680    0.5604
...   115 G-C ...
  -23.7245   78.6369  -69.2493
   -0.3064    0.9514    0.0299
   -0.5413   -0.2000    0.8167
    0.7830    0.2340    0.5763
...   116 T-A ...
  -20.9024   79.6631  -67.8454
   -0.5576    0.7135    0.4242
   -0.3293   -0.6592    0.6760
    0.7620    0.2372    0.6026
...   117 A-T ...
  -18.4269   80.6741  -65.8962
   -0.7324    0.2263    0.6422
    0.0135   -0.9381    0.3460
    0.6807    0.2621    0.6840
...   118 T-A ...
  -16.4185   82.1548  -63.7930
   -0.6614   -0.2611    0.7031
    0.3593   -0.9332   -0.0086
    0.6584    0.2469    0.7111
...   119 A-T ...
  -14.8321   83.4045  -61.1040
   -0.5588   -0.7060    0.4350
    0.6501   -0.6987   -0.2988
    0.5149    0.1158    0.8494
...   120 A-T ...
  -13.4654   83.7964  -58.2204
   -0.1699   -0.9731    0.1556
    0.8596   -0.2235   -0.4594
    0.4818    0.0557    0.8745
...   121 T-A ...
  -12.5489   83.8963  -55.0974
    0.2419   -0.9634   -0.1154
    0.8472    0.2677   -0.4588
    0.4729    0.0132    0.8810
...   122 G-C ...
  -10.8552   83.5656  -52.2715
    0.5940   -0.6692   -0.4465
    0.6253    0.7332   -0.2672
    0.5062   -0.1205    0.8540
...   123 T-A ...
   -9.4828   82.5653  -49.4529
    0.8183   -0.2080   -0.5359
    0.2582    0.9659    0.0193
    0.5136   -0.1542    0.8441
...   124 G-C ...
   -7.5837   82.2656  -46.7820
    0.7954    0.3768   -0.4748
   -0.2192    0.9091    0.3542
    0.5651   -0.1776    0.8057
...   125 T-A ...
   -5.4844   81.1787  -44.4327
    0.5755    0.7881   -0.2184
   -0.5951    0.5867    0.5492
    0.5609   -0.1861    0.8067
...   126 C-G ...
   -3.5529   80.5125  -41.8685
    0.1260    0.9813    0.1456
   -0.8258    0.0224    0.5634
    0.5496   -0.1913    0.8132
...   127 G-C ...
   -2.1430   79.6912  -38.9936
   -0.3898    0.8517    0.3503
   -0.7786   -0.5079    0.3685
    0.4917   -0.1291    0.8611
...   128 A-T ...
   -0.4208   79.2551  -36.2751
   -0.7833    0.4274    0.4514
   -0.4391   -0.8944    0.0849
    0.4400   -0.1317    0.8883
...   129 C-G ...
    1.0673   79.4384  -33.3817
   -0.9236   -0.0588    0.3789
   -0.0003   -0.9881   -0.1540
    0.3835   -0.1424    0.9125
...   130 C-G ...
    2.1494   79.3781  -30.1957
   -0.8485   -0.5162    0.1170
    0.4616   -0.8299   -0.3134
    0.2589   -0.2119    0.9424
...   131 A-T ...
    2.6792   78.6747  -26.9737
   -0.5361   -0.8129   -0.2275
    0.8364   -0.4752   -0.2732
    0.1140   -0.3368    0.9347
...   132 A-T ...
    2.6981   77.5384  -23.9640
   -0.0219   -0.9200   -0.3913
    0.9969    0.0097   -0.0785
    0.0760   -0.3918    0.9169
...   133 A-T ...
    2.6294   76.0924  -21.0789
    0.5128   -0.7616   -0.3963
    0.8565    0.4852    0.1759
    0.0583   -0.4296    0.9011
...   134 T-A ...
    2.3076   74.2307  -18.3903
    0.8657   -0.4293   -0.2574
    0.4984    0.7868    0.3641
    0.0462   -0.4435    0.8951
...   135 G-C ...
    1.4355   72.0970  -15.6050
    0.9809    0.0621    0.1843
   -0.1263    0.9241    0.3607
   -0.1479   -0.3771    0.9143
...   136 T-A ...
    0.5280   69.2393  -13.4689
    0.7351    0.4963    0.4618
   -0.6117    0.7792    0.1365
   -0.2921   -0.3828    0.8764
...   137 G-C ...
   -0.1658   67.4105  -10.8095
    0.1800    0.8794    0.4408
   -0.9276    0.3008   -0.2214
   -0.3274   -0.3691    0.8698
...   138 A-T ...
   -0.1321   66.2179   -7.8217
   -0.3749    0.8570    0.3536
   -0.8857   -0.2184   -0.4098
   -0.2739   -0.4668    0.8409
...   139 G-C ...
   -1.0068   65.6074   -4.9425
   -0.8336    0.5218    0.1811
   -0.5170   -0.6220   -0.5881
   -0.1942   -0.5839    0.7883
...   140 C-G ...
   -0.6974   63.9003   -2.2529
   -0.9992    0.0157   -0.0376
    0.0023   -0.8993   -0.4374
   -0.0406   -0.4371    0.8985
...   141 G-C ...
   -3.4382   60.2385    1.0283
   -0.4425    0.2285   -0.8672
    0.1683   -0.9287   -0.3306
   -0.8808   -0.2922    0.3725
...   142 C-G ...
   -6.3288   59.0833    1.6293
   -0.2970   -0.3280   -0.8968
    0.5656   -0.8171    0.1115
   -0.7693   -0.4741    0.4282
...   143 T-A ...
   -8.6768   58.7242    3.6023
   -0.0347   -0.7817   -0.6227
    0.6533   -0.4893    0.5778
   -0.7563   -0.3868    0.5276
...   144 C-G ...
  -11.6544   58.0113    4.7192
    0.2451   -0.9542   -0.1716
    0.6322    0.0231    0.7745
   -0.7350   -0.2983    0.6089
...   145 A-T ...
  -14.1760   56.5668    6.1806
    0.5795   -0.7268    0.3687
    0.3139    0.6165    0.7220
   -0.7521   -0.3027    0.5855
...   146 C-G ...
  -16.4650   53.8949    7.5152
    0.5336   -0.3331    0.7774
   -0.0346    0.9098    0.4136
   -0.8450   -0.2476    0.4739
...   147 A-T ...
  -19.0172   52.0374    8.9260
    0.2452    0.2907    0.9249
   -0.3073    0.9281   -0.2103
   -0.9195   -0.2327    0.3169
