  147 base-pairs
...     1 A-T ...
    0.0000    0.0000    0.0000
    1.0000    0.0000    0.0000
    0.0000    1.0000    0.0000
    0.0000    0.0000    1.0000
...     2 G-C ...
   -0.1404   -1.2353    3.2259
    0.7530    0.6366    0.1668
   -0.6385    0.7681   -0.0490
   -0.1593   -0.0696    0.9848
...     3 T-A ...
   -0.0377   -3.2918    6.3749
    0.2722    0.9302    0.2464
   -0.9238    0.3243   -0.2034
   -0.2691   -0.1722    0.9476
...     4 G-C ...
   -0.3520   -4.1638    9.4928
   -0.3756    0.9250    0.0576
   -0.8780   -0.3352   -0.3416
   -0.2967   -0.1788    0.9381
...     5 A-T ...
   -0.4480   -4.1448   12.7498
   -0.8116    0.5839   -0.0166
   -0.5522   -0.7762   -0.3042
   -0.1905   -0.2377    0.9525
...     6 G-C ...
   -1.5926   -4.1701   15.6201
   -0.9976    0.0246   -0.0651
   -0.0043   -0.9555   -0.2950
   -0.0694   -0.2940    0.9533
...     7 C-G ...
   -1.1050   -4.4793   18.7363
   -0.8442   -0.5302   -0.0787
    0.5343   -0.8442   -0.0430
   -0.0437   -0.0784    0.9960
...     8 G-C ...
   -2.4044   -7.7255   23.1483
   -0.2753   -0.3294   -0.9032
    0.6650   -0.7437    0.0686
   -0.6943   -0.5817    0.4238
...     9 C-G ...
   -4.4706   -9.9691   24.1142
    0.1145   -0.7026   -0.7023
    0.8512   -0.2951    0.4341
   -0.5123   -0.6475    0.5642
...    10 T-A ...
   -6.7420  -10.8705   25.9717
    0.4841   -0.8363   -0.2573
    0.6594    0.1554    0.7356
   -0.5752   -0.5257    0.6267
...    11 C-G ...
   -9.1682  -12.6167   27.1662
    0.7073   -0.6683    0.2306
    0.3450    0.6110    0.7125
   -0.6170   -0.4243    0.6627
...    12 A-T ...
  -10.9253  -14.6583   29.0713
    0.7515   -0.1377    0.6452
   -0.2027    0.8824    0.4245
   -0.6278   -0.4498    0.6352
...    13 C-G ...
  -11.8495  -17.4796   31.2472
    0.4294    0.2824    0.8578
   -0.5708    0.8209    0.0155
   -0.6998   -0.4963    0.5137
...    14 A-T ...
  -13.5915  -19.7756   33.4284
   -0.1503    0.6106    0.7775
   -0.6874    0.5007   -0.5261
   -0.7106   -0.6135    0.3445
...    15 A-T ...
  -15.7708  -21.8933   34.5269
   -0.4928    0.7983    0.3463
   -0.4621    0.0972   -0.8815
   -0.7374   -0.5944    0.3209
...    16 T-A ...
  -17.9271  -23.8191   36.2864
   -0.6850    0.7110   -0.1590
   -0.1167   -0.3225   -0.9394
   -0.7191   -0.6249    0.3038
...    17 T-A ...
  -20.2913  -25.6845   37.6309
   -0.6387    0.3824   -0.6677
    0.3129   -0.6636   -0.6795
   -0.7029   -0.6429    0.3042
...    18 T-A ...
  -22.6696  -27.5892   38.5984
   -0.3139    0.0284   -0.9490
    0.5921   -0.7755   -0.2191
   -0.7422   -0.6307    0.2266
...    19 A-T ...
  -25.1889  -29.5503   38.9647
    0.1377   -0.1918   -0.9717
    0.6360   -0.7350    0.2352
   -0.7593   -0.6504    0.0208
...    20 T-A ...
  -28.0658  -31.1328   38.6727
    0.4473   -0.5125   -0.7330
    0.4757   -0.5577    0.6802
   -0.7574   -0.6529   -0.0056
...    21 T-A ...
  -30.6444  -33.1309   38.3301
    0.6445   -0.7246   -0.2441
    0.1331   -0.2081    0.9690
   -0.7529   -0.6570   -0.0377
...    22 C-G ...
  -33.0211  -35.3599   38.0814
    0.6261   -0.6974    0.3487
   -0.2762    0.2198    0.9356
   -0.7292   -0.6821   -0.0550
...    23 G-C ...
  -35.3707  -37.6802   38.6234
    0.4455   -0.3868    0.8074
   -0.6247    0.5117    0.5898
   -0.6413   -0.7672   -0.0137
...    24 C-G ...
  -37.1716  -40.3980   38.4523
    0.0877   -0.0262    0.9958
   -0.7658    0.6375    0.0842
   -0.6371   -0.7700    0.0358
...    25 A-T ...
  -39.6210  -42.5953   38.3540
   -0.3434    0.3628    0.8663
   -0.6710    0.5506   -0.4966
   -0.6572   -0.7518    0.0543
...    26 A-T ...
  -41.6484  -45.1556   38.7143
   -0.6705    0.5942    0.4443
   -0.3552    0.2686   -0.8953
   -0.6513   -0.7582    0.0309
...    27 A-T ...
  -43.6402  -47.6943   39.1573
   -0.7641    0.6290   -0.1434
    0.1104   -0.0915   -0.9897
   -0.6356   -0.7720    0.0005
...    28 G-C ...
  -46.0142  -50.0379   39.5785
   -0.5461    0.5504   -0.6316
    0.4775   -0.4150   -0.7745
   -0.6884   -0.7245   -0.0362
...    29 G-C ...
  -48.7548  -52.1486   39.5473
   -0.1180    0.3378   -0.9338
    0.6873   -0.6510   -0.3223
   -0.7167   -0.6798   -0.1553
...    30 C-G ...
  -51.4529  -53.8791   38.9049
    0.3218    0.0124   -0.9467
    0.6274   -0.7516    0.2034
   -0.7091   -0.6595   -0.2496
...    31 C-G ...
  -53.9807  -55.7624   37.8662
    0.6794   -0.3158   -0.6624
    0.3298   -0.6750    0.6601
   -0.6555   -0.6668   -0.3544
...    32 G-C ...
  -55.6118  -58.0271   36.6704
    0.8262   -0.5208   -0.2148
   -0.0891   -0.4973    0.8630
   -0.5563   -0.6939   -0.4573
...    33 G-C ...
  -56.8027  -60.5801   34.7922
    0.6750   -0.6746    0.2988
   -0.5586   -0.2025    0.8044
   -0.4821   -0.7098   -0.5135
...    34 C-G ...
  -57.9238  -63.0587   32.9806
    0.2710   -0.6643    0.6966
   -0.8552    0.1659    0.4910
   -0.4417   -0.7288   -0.5232
...    35 C-G ...
  -59.1126  -65.8010   31.3656
   -0.2601   -0.4645    0.8465
   -0.8744    0.4853   -0.0024
   -0.4097   -0.7408   -0.5323
...    36 C-G ...
  -60.3043  -68.4693   29.7091
   -0.6840   -0.1116    0.7209
   -0.5993    0.6493   -0.4682
   -0.4158   -0.7523   -0.5110
...    37 G-C ...
  -61.8911  -70.2518   27.1780
   -0.8751    0.3143    0.3680
   -0.0975    0.6302   -0.7703
   -0.4740   -0.7099   -0.5209
...    38 A-T ...
  -63.1424  -72.5758   25.4985
   -0.7662    0.6300   -0.1264
    0.4421    0.3740   -0.8153
   -0.4664   -0.6805   -0.5651
...    39 C-G ...
  -65.0585  -74.6271   23.9809
   -0.4076    0.7796   -0.4754
    0.7691    0.0124   -0.6390
   -0.4922   -0.6261   -0.6047
...    40 A-T ...
  -66.8768  -76.5404   21.9859
    0.1298    0.7533   -0.6448
    0.8582   -0.4110   -0.3075
   -0.4967   -0.5134   -0.6998
...    41 C-G ...
  -68.7491  -77.6351   19.5863
    0.5770    0.5048   -0.6421
    0.6771   -0.7352    0.0305
   -0.4567   -0.4524   -0.7660
...    42 G-C ...
  -69.8533  -79.3605   16.9609
    0.9021    0.0658   -0.4265
    0.2158   -0.9247    0.3136
   -0.3737   -0.3749   -0.8484
...    43 A-T ...
  -70.9945  -80.4684   14.2215
    0.8649   -0.4753   -0.1614
   -0.3479   -0.7993    0.4899
   -0.3619   -0.3676   -0.8567
...    44 C-G ...
  -71.7729  -81.1485   11.0765
    0.5763   -0.8030    0.1517
   -0.7568   -0.4544    0.4699
   -0.3084   -0.3856   -0.8696
...    45 T-A ...
  -72.0647  -82.4557    7.6800
    0.0673   -0.9265    0.3702
   -0.9548    0.0478    0.2933
   -0.2895   -0.3733   -0.8814
...    46 T-A ...
  -72.4372  -83.5794    4.6063
   -0.4265   -0.8024    0.4174
   -0.8613    0.5011    0.0834
   -0.2761   -0.3239   -0.9049
...    47 A-T ...
  -73.5377  -84.3544    1.5307
   -0.8740   -0.3264    0.3600
   -0.4080    0.8953   -0.1787
   -0.2640   -0.3030   -0.9157
...    48 C-G ...
  -74.2662  -85.9658   -1.2981
   -0.9561    0.1916    0.2216
    0.1119    0.9379   -0.3282
   -0.2708   -0.2890   -0.9182
...    49 T-A ...
  -75.4456  -87.2406   -4.1759
   -0.7328    0.6742    0.0923
    0.5933    0.6994   -0.3984
   -0.3332   -0.2372   -0.9125
...    50 G-C ...
  -76.7813  -87.7487   -7.2357
   -0.2452    0.9694    0.0073
    0.8950    0.2293   -0.3827
   -0.3727   -0.0873   -0.9238
...    51 T-A ...
  -78.4916  -87.9545   -9.9269
    0.2218    0.9718   -0.0803
    0.9077   -0.2359   -0.3469
   -0.3561    0.0040   -0.9344
...    52 A-T ...
  -80.3377  -86.8104  -12.6333
    0.6821    0.7295    0.0499
    0.6995   -0.6311   -0.3353
   -0.2131    0.2636   -0.9408
...    53 G-C ...
  -81.3366  -85.6182  -15.4516
    0.9470    0.3212    0.0048
    0.3012   -0.8826   -0.3610
   -0.1117    0.3433   -0.9325
...    54 G-C ...
  -81.6246  -83.4326  -18.4063
    0.9742   -0.2034   -0.0978
   -0.2251   -0.9061   -0.3583
   -0.0158    0.3711   -0.9285
...    55 T-A ...
  -81.2234  -81.8479  -21.2409
    0.7318   -0.6330   -0.2526
   -0.6813   -0.6702   -0.2942
    0.0169    0.3874   -0.9217
...    56 A-T ...
  -80.5498  -80.3583  -24.2254
    0.2274   -0.9121   -0.3410
   -0.9712   -0.1870   -0.1475
    0.0708    0.3647   -0.9284
...    57 T-A ...
  -79.5414  -79.0865  -27.1198
   -0.2800   -0.8722   -0.4010
   -0.9569    0.2870    0.0439
    0.0768    0.3960   -0.9150
...    58 C-G ...
  -79.0410  -77.9778  -30.2524
   -0.7975   -0.5183   -0.3088
   -0.5985    0.7441    0.2969
    0.0759    0.4216   -0.9036
...    59 T-A ...
  -78.7923  -76.8968  -33.3977
   -0.9938   -0.0869   -0.0695
   -0.1080    0.9031    0.4157
    0.0266    0.4206   -0.9069
...    60 C-G ...
  -78.7360  -75.5021  -36.4234
   -0.8832    0.4183    0.2122
    0.4690    0.7905    0.3939
   -0.0029    0.4474   -0.8943
...    61 G-C ...
  -78.6193  -73.6047  -39.0622
   -0.5514    0.6367    0.5390
    0.8265    0.5046    0.2495
   -0.1131    0.5831   -0.8045
...    62 A-T ...
  -78.7982  -71.7515  -41.7131
   -0.0113    0.7473    0.6644
    0.9963    0.0653   -0.0564
   -0.0855    0.6613   -0.7452
...    63 G-C ...
  -79.4369  -69.3057  -43.8517
    0.4850    0.6213    0.6154
    0.8724   -0.2947   -0.3900
   -0.0609    0.7261   -0.6849
...    64 C-G ...
  -79.9461  -66.5458  -45.7301
    0.8889    0.3058    0.3411
    0.4578   -0.5684   -0.6836
   -0.0151    0.7638   -0.6453
...    65 T-A ...
  -80.0965  -63.7770  -47.5146
    0.9977   -0.0670   -0.0028
   -0.0435   -0.6156   -0.7869
    0.0510    0.7852   -0.6171
...    66 C-G ...
  -79.5796  -61.3795  -49.6226
    0.8057   -0.4288   -0.4085
   -0.5774   -0.4149   -0.7032
    0.1320    0.8025   -0.5819
...    67 G-C ...
  -79.5020  -59.1502  -52.1520
    0.3598   -0.6293   -0.6889
   -0.9107   -0.0762   -0.4061
    0.2031    0.7734   -0.6005
...    68 G-C ...
  -78.5694  -56.6204  -54.1168
   -0.1855   -0.6087   -0.7714
   -0.9628    0.2696    0.0188
    0.1965    0.7462   -0.6360
...    69 G-C ...
  -77.7084  -54.3009  -56.3610
   -0.6817   -0.4369   -0.5868
   -0.7143    0.5711    0.4046
    0.1583    0.6950   -0.7014
...    70 A-T ...
  -76.9867  -52.1659  -58.8035
   -0.9709   -0.0210   -0.2387
   -0.1811    0.7163    0.6739
    0.1568    0.6975   -0.6992
...    71 T-A ...
  -76.5524  -50.3312  -61.5186
   -0.9311    0.3333    0.1481
    0.3359    0.6252    0.7045
    0.1422    0.7057   -0.6941
...    72 C-G ...
  -76.2878  -48.0841  -63.9125
   -0.5725    0.6115    0.5461
    0.8089    0.3125    0.4981
    0.1339    0.7269   -0.6736
...    73 C-G ...
  -75.9380  -45.8386  -66.2849
   -0.1145    0.5748    0.8103
    0.9851   -0.0400    0.1675
    0.1286    0.8173   -0.5616
...    74 G-C ...
  -75.0939  -43.0970  -67.8783
    0.3718    0.3257    0.8693
    0.9142   -0.2913   -0.2818
    0.1615    0.8995   -0.4061
...    75 C-G ...
  -74.9323  -39.8046  -68.9009
    0.8134    0.0771    0.5765
    0.5528   -0.4111   -0.7249
    0.1811    0.9083   -0.3770
...    76 T-A ...
  -74.1785  -36.5106  -69.5794
    0.9770   -0.1888    0.0991
    0.0310   -0.3338   -0.9421
    0.2109    0.9235   -0.3203
...    77 T-A ...
  -73.3665  -33.4244  -70.2024
    0.8288   -0.3301   -0.4517
   -0.5215   -0.1632   -0.8375
    0.2028    0.9297   -0.3074
...    78 T-A ...
  -72.5073  -30.3950  -70.9472
    0.4062   -0.3599   -0.8399
   -0.8908    0.0491   -0.4518
    0.2038    0.9317   -0.3007
...    79 A-T ...
  -72.2925  -27.2910  -71.9828
   -0.1623   -0.2395   -0.9572
   -0.9648    0.2420    0.1030
    0.2069    0.9403   -0.2704
...    80 A-T ...
  -71.4554  -24.3613  -72.8931
   -0.6522   -0.0767   -0.7542
   -0.7319    0.3226    0.6001
    0.1973    0.9434   -0.2665
...    81 C-G ...
  -70.4941  -21.4941  -74.3125
   -0.9360    0.0927   -0.3397
   -0.2958    0.3164    0.9013
    0.1911    0.9441   -0.2688
...    82 A-T ...
  -69.9661  -18.4061  -75.3307
   -0.9591    0.1698    0.2263
    0.2605    0.2184    0.9404
    0.1102    0.9610   -0.2537
...    83 C-G ...
  -70.0735  -15.3363  -76.6962
   -0.7061    0.2254    0.6712
    0.7023    0.1023    0.7045
    0.0902    0.9689   -0.2306
...    84 T-A ...
  -70.5013  -11.8887  -77.6605
   -0.2304    0.1913    0.9541
    0.9694   -0.0403    0.2422
    0.0847    0.9807   -0.1762
...    85 T-A ...
  -70.6620   -8.6902  -78.1517
    0.3402    0.1249    0.9320
    0.9355   -0.1449   -0.3221
    0.0949    0.9815   -0.1661
...    86 T-A ...
  -70.5342   -5.4989  -78.5224
    0.7854   -0.0175    0.6188
    0.6063   -0.1797   -0.7747
    0.1248    0.9836   -0.1305
...    87 A-T ...
  -69.9138   -2.3134  -78.8408
    0.9575   -0.2352    0.1668
    0.1428   -0.1160   -0.9829
    0.2506    0.9650   -0.0775
...    88 T-A ...
  -69.0817    0.7776  -78.3032
    0.9052   -0.3096   -0.2910
   -0.2966    0.0301   -0.9545
    0.3043    0.9504   -0.0646
...    89 G-C ...
  -67.7490    3.8294  -78.3939
    0.5139   -0.3213   -0.7954
   -0.7635    0.2516   -0.5948
    0.3912    0.9130   -0.1160
...    90 C-G ...
  -66.0325    6.5976  -78.8795
    0.0078   -0.1672   -0.9859
   -0.9161    0.3940   -0.0740
    0.4009    0.9038   -0.1501
...    91 T-A ...
  -64.2785    9.4174  -79.8330
   -0.4999    0.0804   -0.8623
   -0.7444    0.4691    0.4753
    0.4427    0.8795   -0.1747
...    92 T-A ...
  -62.7124   12.1216  -80.5659
   -0.8334    0.3136   -0.4550
   -0.3460    0.3461    0.8721
    0.4310    0.8842   -0.1799
...    93 C-G ...
  -61.3442   15.1080  -80.9257
   -0.8909    0.4353    0.1295
    0.1934    0.1056    0.9754
    0.4110    0.8941   -0.1783
...    94 A-T ...
  -59.8931   18.0397  -81.7307
   -0.6992    0.3239    0.6373
    0.6407   -0.1114    0.7596
    0.3171    0.9395   -0.1297
...    95 T-A ...
  -59.3185   21.1539  -82.3623
   -0.3280    0.1818    0.9270
    0.8970   -0.2480    0.3660
    0.2964    0.9516   -0.0817
...    96 G-C ...
  -58.6637   24.5757  -82.4846
    0.1643   -0.1051    0.9808
    0.9339   -0.3034   -0.1889
    0.3175    0.9470    0.0483
...    97 T-A ...
  -58.2613   27.8164  -81.9629
    0.5821   -0.2842    0.7618
    0.7393   -0.2049   -0.6414
    0.3384    0.9366    0.0908
...    98 T-A ...
  -57.2350   30.7186  -81.3963
    0.8452   -0.4203    0.3301
    0.3600   -0.0088   -0.9329
    0.3951    0.9073    0.1438
...    99 A-T ...
  -55.7188   33.5608  -80.9133
    0.8500   -0.4884   -0.1976
   -0.0875    0.2389   -0.9671
    0.5195    0.8393    0.1603
...   100 T-A ...
  -53.8875   35.9276  -79.7285
    0.7093   -0.3079   -0.6341
   -0.4740    0.4575   -0.7523
    0.5218    0.8342    0.1785
...   101 A-T ...
  -52.2105   38.7561  -79.2934
    0.3103   -0.0370   -0.9499
   -0.7589    0.5921   -0.2709
    0.5725    0.8050    0.1557
...   102 A-T ...
  -50.2118   41.1845  -78.7796
   -0.1432    0.2988   -0.9435
   -0.8056    0.5186    0.2866
    0.5749    0.8011    0.1665
...   103 C-G ...
  -47.6933   43.5559  -78.6098
   -0.5369    0.5502   -0.6395
   -0.6104    0.2699    0.7447
    0.5823    0.7902    0.1909
...   104 G-C ...
  -46.1123   46.2928  -77.8706
   -0.8332    0.5364   -0.1341
   -0.2034   -0.0717    0.9765
    0.5142    0.8409    0.1688
...   105 G-C ...
  -44.5299   49.1592  -77.5619
   -0.8639    0.3534    0.3588
    0.2471   -0.3234    0.9135
    0.4388    0.8778    0.1920
...   106 A-T ...
  -43.1773   52.1425  -77.1438
   -0.5820    0.0757    0.8097
    0.6929   -0.4749    0.5425
    0.4256    0.8768    0.2239
...   107 T-A ...
  -42.3408   55.2792  -76.5784
   -0.1756   -0.2051    0.9629
    0.8905   -0.4502    0.0665
    0.4198    0.8691    0.2617
...   108 C-G ...
  -41.1681   58.1467  -75.5637
    0.3232   -0.4768    0.8175
    0.8406   -0.2521   -0.4794
    0.4347    0.8421    0.3193
...   109 C-G ...
  -39.9716   61.0001  -74.4911
    0.6146   -0.6654    0.4238
    0.5796    0.0165   -0.8147
    0.5351    0.7463    0.3958
...   110 G-C ...
  -38.0679   63.0490  -73.3275
    0.7310   -0.6784   -0.0729
    0.2589    0.3746   -0.8903
    0.6313    0.6320    0.4495
...   111 G-C ...
  -35.5308   64.5227  -71.7026
    0.7116   -0.4225   -0.5613
   -0.1076    0.7240   -0.6814
    0.6943    0.5453    0.4697
...   112 C-G ...
  -32.8244   65.6968  -70.0882
    0.5269    0.0145   -0.8498
   -0.4403    0.8599   -0.2583
    0.7270    0.5102    0.4595
...   113 T-A ...
  -30.3091   67.1455  -68.5828
    0.2319    0.4614   -0.8563
   -0.6229    0.7466    0.2336
    0.7471    0.4793    0.4606
...   114 C-G ...
  -27.9854   68.9410  -67.1579
   -0.1676    0.8105   -0.5612
   -0.6209    0.3554    0.6987
    0.7658    0.4655    0.4437
...   115 G-C ...
  -25.7660   70.4861  -65.3143
   -0.5114    0.8560   -0.0754
   -0.4323   -0.1804    0.8835
    0.7427    0.4844    0.4623
...   116 T-A ...
  -23.3721   72.4715  -64.2345
   -0.6880    0.6205    0.3764
   -0.1156   -0.6057    0.7873
    0.7165    0.4981    0.4885
...   117 A-T ...
  -21.0677   74.6626  -62.9244
   -0.7068    0.1406    0.6933
    0.2759   -0.8476    0.4532
    0.6514    0.5116    0.5603
...   118 T-A ...
  -19.3492   76.8698  -61.3474
   -0.5034   -0.2873    0.8149
    0.5641   -0.8237    0.0581
    0.6545    0.4889    0.5767
...   119 A-T ...
  -17.4433   78.4028  -59.2599
   -0.3231   -0.7161    0.6187
    0.7548   -0.5893   -0.2880
    0.5709    0.3740    0.7309
...   120 A-T ...
  -15.8887   79.5607  -56.6857
    0.0587   -0.9573    0.2829
    0.8306   -0.1103   -0.5458
    0.5538    0.2671    0.7887
...   121 T-A ...
  -14.6219   80.2861  -53.7299
    0.4372   -0.8980   -0.0501
    0.7116    0.3795   -0.5913
    0.5500    0.2228    0.8049
...   122 G-C ...
  -12.7938   80.5400  -50.8484
    0.6815   -0.5690   -0.4602
    0.4043    0.8169   -0.4113
    0.6100    0.0943    0.7868
...   123 T-A ...
  -10.7937   80.1813  -48.3317
    0.7908   -0.1185   -0.6005
    0.0690    0.9921   -0.1049
    0.6081    0.0416    0.7927
...   124 G-C ...
   -8.6509   80.1706  -45.8550
    0.6784    0.4606   -0.5724
   -0.3526    0.8876    0.2963
    0.6446    0.0008    0.7645
...   125 T-A ...
   -6.3320   79.6793  -43.6177
    0.4042    0.8483   -0.3422
   -0.6425    0.5296    0.5539
    0.6511   -0.0041    0.7590
...   126 C-G ...
   -4.2164   79.6598  -41.2746
   -0.0267    0.9978    0.0611
   -0.7573   -0.0601    0.6503
    0.6525   -0.0289    0.7572
...   127 G-C ...
   -2.6245   79.3649  -38.4948
   -0.4510    0.8348    0.3157
   -0.6738   -0.5504    0.4929
    0.5853    0.0096    0.8108
...   128 A-T ...
   -0.6422   79.1838  -36.0938
   -0.7630    0.3799    0.5229
   -0.3355   -0.9243    0.1819
    0.5524   -0.0366    0.8327
...   129 C-G ...
    1.1577   79.7687  -33.4067
   -0.8596   -0.1421    0.4908
    0.0927   -0.9880   -0.1236
    0.5024   -0.0607    0.8625
...   130 C-G ...
    2.1838   80.0640  -30.1559
   -0.7907   -0.5717    0.2190
    0.4951   -0.8076   -0.3204
    0.3600   -0.1449    0.9216
...   131 A-T ...
    2.5930   78.9647  -27.0074
   -0.5920   -0.7730   -0.2282
    0.7934   -0.5093   -0.3332
    0.1413   -0.3783    0.9148
...   132 A-T ...
    2.7701   77.6366  -24.0436
   -0.0917   -0.8966   -0.4332
    0.9916   -0.0422   -0.1226
    0.0917   -0.4408    0.8929
...   133 A-T ...
    2.6397   76.1216  -21.1157
    0.5027   -0.7675   -0.3979
    0.8618    0.4809    0.1611
    0.0677   -0.4239    0.9032
...   134 T-A ...
    2.3076   74.2309  -18.3903
    0.8657   -0.4293   -0.2574
    0.4984    0.7868    0.3641
    0.0462   -0.4435    0.8951
...   135 G-C ...
    1.4355   72.0971  -15.6050
    0.9809    0.0621    0.1843
   -0.1263    0.9241    0.3607
   -0.1479   -0.3771    0.9143
...   136 T-A ...
    0.5280   69.2394  -13.4689
    0.7351    0.4963    0.4618
   -0.6117    0.7792    0.1365
   -0.2921   -0.3828    0.8764
...   137 G-C ...
   -0.1658   67.4107  -10.8095
    0.1800    0.8794    0.4408
   -0.9276    0.3008   -0.2214
   -0.3274   -0.3691    0.8698
...   138 A-T ...
   -0.1321   66.2181   -7.8216
   -0.3749    0.8570    0.3536
   -0.8857   -0.2184   -0.4098
   -0.2739   -0.4668    0.8409
...   139 G-C ...
   -1.0068   65.6076   -4.9425
   -0.8336    0.5218    0.1811
   -0.5170   -0.6220   -0.5881
   -0.1942   -0.5839    0.7883
...   140 C-G ...
   -0.6974   63.9005   -2.2528
   -0.9992    0.0157   -0.0376
    0.0023   -0.8993   -0.4374
   -0.0406   -0.4371    0.8985
...   141 G-C ...
   -3.4382   60.2387    1.0284
   -0.4425    0.2285   -0.8672
    0.1683   -0.9287   -0.3306
   -0.8808   -0.2922    0.3725
...   142 C-G ...
   -6.3288   59.0835    1.6293
   -0.2970   -0.3280   -0.8968
    0.5656   -0.8171    0.1115
   -0.7693   -0.4741    0.4282
...   143 T-A ...
   -8.6768   58.7244    3.6024
   -0.0347   -0.7817   -0.6227
    0.6533   -0.4893    0.5778
   -0.7563   -0.3868    0.5276
...   144 C-G ...
  -11.6544   58.0115    4.7193
    0.2451   -0.9542   -0.1716
    0.6322    0.0231    0.7745
   -0.7350   -0.2983    0.6089
...   145 A-T ...
  -14.1760   56.5670    6.1807
    0.5795   -0.7268    0.3687
    0.3139    0.6165    0.7220
   -0.7521   -0.3027    0.5855
...   146 C-G ...
  -16.4651   53.8951    7.5153
    0.5336   -0.3331    0.7774
   -0.0346    0.9098    0.4136
   -0.8450   -0.2476    0.4739
...   147 A-T ...
  -19.0172   52.0376    8.9260
    0.2452    0.2907    0.9249
   -0.3073    0.9281   -0.2103
   -0.9195   -0.2327    0.3169
