  147 base-pairs
...     1 A-T ...
    0.0000    0.0000    0.0000
    1.0000    0.0000    0.0000
    0.0000    1.0000    0.0000
    0.0000    0.0000    1.0000
...     2 G-C ...
   -0.1404   -1.2353    3.2259
    0.7530    0.6366    0.1668
   -0.6385    0.7681   -0.0490
   -0.1593   -0.0696    0.9848
...     3 T-A ...
   -0.0377   -3.2918    6.3749
    0.2722    0.9302    0.2464
   -0.9238    0.3243   -0.2034
   -0.2691   -0.1722    0.9476
...     4 G-C ...
   -0.3520   -4.1638    9.4928
   -0.3756    0.9250    0.0576
   -0.8780   -0.3352   -0.3416
   -0.2967   -0.1788    0.9381
...     5 A-T ...
   -0.4480   -4.1448   12.7498
   -0.8116    0.5839   -0.0166
   -0.5522   -0.7762   -0.3042
   -0.1905   -0.2377    0.9525
...     6 G-C ...
   -1.5926   -4.1701   15.6201
   -0.9976    0.0246   -0.0651
   -0.0043   -0.9555   -0.2950
   -0.0694   -0.2940    0.9533
...     7 C-G ...
   -1.1050   -4.4793   18.7363
   -0.8442   -0.5302   -0.0787
    0.5343   -0.8442   -0.0430
   -0.0437   -0.0784    0.9960
...     8 G-C ...
   -2.4044   -7.7255   23.1483
   -0.2753   -0.3294   -0.9032
    0.6650   -0.7437    0.0686
   -0.6943   -0.5817    0.4238
...     9 C-G ...
   -4.4706   -9.9691   24.1142
    0.1145   -0.7026   -0.7023
    0.8512   -0.2951    0.4341
   -0.5123   -0.6475    0.5642
...    10 T-A ...
   -6.7420  -10.8705   25.9717
    0.4841   -0.8363   -0.2573
    0.6594    0.1554    0.7356
   -0.5752   -0.5257    0.6267
...    11 C-G ...
   -9.1682  -12.6167   27.1662
    0.7073   -0.6683    0.2306
    0.3450    0.6110    0.7125
   -0.6170   -0.4243    0.6627
...    12 A-T ...
  -10.9253  -14.6583   29.0713
    0.7515   -0.1377    0.6452
   -0.2027    0.8824    0.4245
   -0.6278   -0.4498    0.6352
...    13 C-G ...
  -11.8495  -17.4796   31.2472
    0.4294    0.2824    0.8578
   -0.5708    0.8209    0.0155
   -0.6998   -0.4963    0.5137
...    14 A-T ...
  -13.5915  -19.7756   33.4284
   -0.1503    0.6106    0.7775
   -0.6874    0.5007   -0.5261
   -0.7106   -0.6135    0.3445
...    15 A-T ...
  -15.7650  -21.8935   34.5419
   -0.4959    0.7960    0.3470
   -0.4636    0.0952   -0.8809
   -0.7343   -0.5978    0.3218
...    16 T-A ...
  -17.9093  -23.8330   36.3061
   -0.6902    0.7063   -0.1574
   -0.1163   -0.3229   -0.9393
   -0.7142   -0.6300    0.3050
...    17 T-A ...
  -20.2529  -25.7173   37.6581
   -0.6448    0.3760   -0.6655
    0.3174   -0.6603   -0.6806
   -0.6953   -0.6501    0.3064
...    18 T-A ...
  -22.6058  -27.6447   38.6500
   -0.3205    0.0218   -0.9470
    0.6016   -0.7676   -0.2212
   -0.7317   -0.6406    0.2329
...    19 A-T ...
  -25.0869  -29.6435   39.0443
    0.1330   -0.1882   -0.9731
    0.6510   -0.7237    0.2289
   -0.7474   -0.6639    0.0263
...    20 T-A ...
  -27.9339  -31.2783   38.7736
    0.4516   -0.5005   -0.7386
    0.4930   -0.5499    0.6742
   -0.7436   -0.6686   -0.0016
...    21 T-A ...
  -30.4716  -33.3315   38.4467
    0.6619   -0.7043   -0.2568
    0.1496   -0.2116    0.9658
   -0.7345   -0.6777   -0.0347
...    22 C-G ...
  -32.7789  -35.6303   38.2059
    0.6528   -0.6799    0.3341
   -0.2710    0.2022    0.9411
   -0.7074   -0.7048   -0.0523
...    23 G-C ...
  -35.0149  -38.0643   38.7716
    0.4695   -0.3781    0.7979
   -0.6375    0.4801    0.6026
   -0.6109   -0.7915   -0.0157
...    24 C-G ...
  -36.7034  -40.8524   38.5998
    0.0996   -0.0344    0.9944
   -0.7905    0.6043    0.1001
   -0.6044   -0.7960    0.0330
...    25 A-T ...
  -39.0667  -43.1476   38.5254
   -0.3524    0.3348    0.8739
   -0.7003    0.5251   -0.4835
   -0.6208   -0.7824    0.0494
...    26 A-T ...
  -40.9639  -45.8098   38.8749
   -0.6973    0.5522    0.4570
   -0.3741    0.2635   -0.8892
   -0.6114   -0.7910    0.0228
...    27 A-T ...
  -42.8146  -48.4603   39.2861
   -0.7990    0.5869   -0.1311
    0.1118   -0.0693   -0.9913
   -0.5909   -0.8067   -0.0102
...    28 G-C ...
  -45.0454  -50.9471   39.6723
   -0.5795    0.5262   -0.6223
    0.4999   -0.3735   -0.7814
   -0.6436   -0.7639   -0.0466
...    29 G-C ...
  -47.6384  -53.2355   39.6200
   -0.1397    0.3450   -0.9281
    0.7273   -0.6003   -0.3327
   -0.6719   -0.7215   -0.1671
...    30 C-G ...
  -50.2212  -55.1311   38.9724
    0.3211    0.0513   -0.9457
    0.6768   -0.7109    0.1912
   -0.6624   -0.7014   -0.2630
...    31 C-G ...
  -52.6086  -57.1643   37.8983
    0.7018   -0.2528   -0.6660
    0.3758   -0.6629    0.6476
   -0.6052   -0.7048   -0.3702
...    32 G-C ...
  -54.0597  -59.5172   36.6393
    0.8644   -0.4515   -0.2212
   -0.0549   -0.5222    0.8510
   -0.4997   -0.7235   -0.4762
...    33 G-C ...
  -55.0250  -62.1153   34.6962
    0.7247   -0.6262    0.2875
   -0.5457   -0.2667    0.7944
   -0.4208   -0.7326   -0.5350
...    34 C-G ...
  -55.9068  -64.6490   32.8257
    0.3189   -0.6587    0.6815
   -0.8704    0.0810    0.4856
   -0.3751   -0.7480   -0.5475
...    35 C-G ...
  -56.8481  -67.4439   31.1341
   -0.2309   -0.5109    0.8281
   -0.9127    0.4087   -0.0023
   -0.3372   -0.7563   -0.5606
...    36 C-G ...
  -57.7856  -70.1564   29.3851
   -0.6836   -0.1939    0.7036
   -0.6462    0.6090   -0.4600
   -0.3393   -0.7691   -0.5417
...    37 G-C ...
  -59.1723  -71.9756   26.7477
   -0.9074    0.2234    0.3561
   -0.1365    0.6445   -0.7523
   -0.3975   -0.7313   -0.5543
...    38 A-T ...
  -60.1625  -74.3456   24.9627
   -0.8166    0.5634   -0.1257
    0.4255    0.4403   -0.7906
   -0.3901   -0.6991   -0.5993
...    39 C-G ...
  -61.8447  -76.5085   23.3266
   -0.4649    0.7566   -0.4598
    0.7804    0.1049   -0.6164
   -0.4181   -0.6454   -0.6392
...    40 A-T ...
  -63.4244  -78.5124   21.2237
    0.0764    0.7867   -0.6125
    0.9003   -0.3185   -0.2967
   -0.4285   -0.5288   -0.7326
...    41 C-G ...
  -65.1186  -79.6757   18.7330
    0.5452    0.5829   -0.6025
    0.7420   -0.6700    0.0233
   -0.3901   -0.4597   -0.7978
...    42 G-C ...
  -65.9725  -81.3802   16.0003
    0.9047    0.1707   -0.3903
    0.2936   -0.9137    0.2809
   -0.3087   -0.3688   -0.8768
...    43 A-T ...
  -66.9038  -82.4610   13.1717
    0.9117   -0.3825   -0.1499
   -0.2850   -0.8515    0.4401
   -0.2960   -0.3585   -0.8854
...    44 C-G ...
  -67.5045  -83.0577    9.9717
    0.6464   -0.7505    0.1373
   -0.7246   -0.5475    0.4186
   -0.2390   -0.3701   -0.8977
...    45 T-A ...
  -67.5411  -84.2153    6.5066
    0.1446   -0.9340    0.3268
   -0.9649   -0.0599    0.2559
   -0.2194   -0.3523   -0.9098
...    46 T-A ...
  -67.6740  -85.1972    3.3596
   -0.3606   -0.8623    0.3554
   -0.9091    0.4102    0.0728
   -0.2085   -0.2969   -0.9319
...    47 A-T ...
  -68.5836  -85.8643    0.1910
   -0.8554   -0.4262    0.2942
   -0.4812    0.8642   -0.1469
   -0.1917   -0.2672   -0.9444
...    48 C-G ...
  -69.0152  -87.3489   -2.7673
   -0.9795    0.0897    0.1805
    0.0396    0.9637   -0.2641
   -0.1977   -0.2516   -0.9474
...    49 T-A ...
  -69.9273  -88.5262   -5.7810
   -0.7958    0.5983    0.0932
    0.5452    0.7750   -0.3194
   -0.2634   -0.2034   -0.9430
...    50 G-C ...
  -71.0533  -88.9405   -8.9381
   -0.3347    0.9405    0.0581
    0.8881    0.3354   -0.3144
   -0.3152   -0.0537   -0.9475
...    51 T-A ...
  -72.5975  -89.1083  -11.7297
    0.1322    0.9912    0.0027
    0.9428   -0.1249   -0.3090
   -0.3060    0.0434   -0.9511
...    52 A-T ...
  -74.4592  -87.8804  -14.4209
    0.6012    0.7832    0.1589
    0.7779   -0.5279   -0.3409
   -0.1831    0.3285   -0.9266
...    53 G-C ...
  -75.4095  -86.5226  -17.1785
    0.9075    0.4081    0.0994
    0.4103   -0.8107   -0.4176
   -0.0898    0.4198   -0.9032
...    54 G-C ...
  -75.7337  -84.0909  -19.9332
    0.9940   -0.0985   -0.0475
   -0.1093   -0.8833   -0.4558
    0.0029    0.4583   -0.8888
...    55 T-A ...
  -75.3150  -82.1969  -22.5711
    0.8068   -0.5308   -0.2594
   -0.5898   -0.6990   -0.4043
    0.0333    0.4792   -0.8771
...    56 A-T ...
  -74.6186  -80.3521  -25.3418
    0.3401   -0.8445   -0.4138
   -0.9363   -0.2628   -0.2331
    0.0881    0.4667   -0.8800
...    57 T-A ...
  -73.5720  -78.6799  -28.0140
   -0.1641   -0.8455   -0.5081
   -0.9824    0.1868    0.0065
    0.0894    0.5002   -0.8613
...    58 C-G ...
  -73.0007  -77.1859  -30.9658
   -0.7192   -0.5546   -0.4185
   -0.6895    0.6437    0.3319
    0.0852    0.5273   -0.8454
...    59 T-A ...
  -72.6727  -75.7302  -33.9503
   -0.9731   -0.1752   -0.1492
   -0.2273    0.8337    0.5033
    0.0362    0.5237   -0.8511
...    60 C-G ...
  -72.5659  -74.0017  -36.8036
   -0.9341    0.2996    0.1942
    0.3570    0.7800    0.5139
    0.0025    0.5494   -0.8356
...    61 G-C ...
  -72.5047  -71.7981  -39.1945
   -0.6500    0.5010    0.5714
    0.7484    0.5527    0.3666
   -0.1322    0.6660   -0.7342
...    62 A-T ...
  -72.7454  -69.6503  -41.6048
   -0.1368    0.6474    0.7497
    0.9835    0.1792    0.0247
   -0.1184    0.7407   -0.6613
...    63 G-C ...
  -73.5506  -67.0205  -43.4507
    0.3713    0.5814    0.7239
    0.9223   -0.1410   -0.3599
   -0.1071    0.8013   -0.5886
...    64 C-G ...
  -74.2716  -64.0989  -44.9805
    0.8246    0.3529    0.4421
    0.5614   -0.4139   -0.7166
   -0.0699    0.8391   -0.5395
...    65 T-A ...
  -74.6465  -61.1456  -46.3926
    0.9970    0.0483    0.0597
    0.0759   -0.5002   -0.8626
   -0.0118    0.8646   -0.5024
...    66 C-G ...
  -74.3054  -58.4403  -48.1280
    0.8733   -0.2703   -0.4053
   -0.4832   -0.3743   -0.7915
    0.0622    0.8870   -0.4575
...    67 G-C ...
  -74.2866  -55.7247  -49.9816
    0.4513   -0.4695   -0.7589
   -0.8840   -0.1191   -0.4520
    0.1218    0.8749   -0.4688
...    68 T-A ...
  -73.2973  -52.8196  -51.2526
   -0.0519   -0.4832   -0.8740
   -0.9935    0.1135   -0.0038
    0.1010    0.8681   -0.4859
...    69 C-G ...
  -72.8814  -50.1530  -52.9777
   -0.5950   -0.3675   -0.7148
   -0.7974    0.3809    0.4680
    0.1002    0.8485   -0.5197
...    70 A-T ...
  -72.3236  -47.3031  -54.6714
   -0.9315   -0.1938   -0.3078
   -0.3631    0.5461    0.7549
    0.0218    0.8150   -0.5791
...    71 T-A ...
  -72.2553  -44.9877  -56.9317
   -0.9917    0.0615    0.1132
    0.1279    0.5737    0.8090
   -0.0152    0.8167   -0.5768
...    72 G-C ...
  -72.5498  -42.3124  -59.1026
   -0.7537    0.2831    0.5931
    0.6518    0.4376    0.6194
   -0.0842    0.8535   -0.5143
...    73 T-A ...
  -73.4227  -39.7777  -61.0531
   -0.3287    0.4339    0.8389
    0.9399    0.2369    0.2458
   -0.0921    0.8693   -0.4857
...    74 T-A ...
  -73.9534  -37.0093  -62.4320
    0.1997    0.4324    0.8793
    0.9754   -0.0027   -0.2202
   -0.0928    0.9017   -0.4223
...    75 A-T ...
  -74.1665  -33.9674  -63.5767
    0.6609    0.2417    0.7105
    0.7502   -0.1880   -0.6339
   -0.0197    0.9520   -0.3056
...    76 T-A ...
  -74.6521  -30.8068  -63.9344
    0.9382    0.1201    0.3246
    0.3455   -0.2716   -0.8982
   -0.0197    0.9549   -0.2964
...    77 A-T ...
  -74.5551  -27.6681  -64.8821
    0.9792   -0.1289   -0.1569
   -0.1845   -0.2420   -0.9526
    0.0849    0.9617   -0.2607
...    78 A-T ...
  -74.1735  -24.5877  -65.4901
    0.7335   -0.2628   -0.6269
   -0.6697   -0.1213   -0.7327
    0.1165    0.9572   -0.2650
...    79 C-G ...
  -73.0915  -21.3546  -65.9746
    0.2685   -0.2834   -0.9206
   -0.9560    0.0391   -0.2909
    0.1184    0.9582   -0.2604
...    80 G-C ...
  -72.9505  -18.3265  -67.1572
   -0.3103   -0.3042   -0.9007
   -0.9410    0.2329    0.2455
    0.1351    0.9237   -0.3585
...    81 G-C ...
  -72.4470  -15.4501  -68.6559
   -0.7531   -0.2211   -0.6196
   -0.6511    0.3861    0.6535
    0.0947    0.8956   -0.4347
...    82 A-T ...
  -72.0984  -12.6087  -70.2173
   -0.9901    0.0240   -0.1380
   -0.1133    0.4413    0.8901
    0.0823    0.8970   -0.4343
...    83 G-C ...
  -71.8656   -9.8535  -71.9116
   -0.9203    0.1838    0.3453
    0.3902    0.3689    0.8436
    0.0277    0.9111   -0.4112
...    84 G-C ...
  -72.1476   -6.8163  -73.6700
   -0.5675    0.2914    0.7701
    0.8232    0.2191    0.5238
   -0.0161    0.9312   -0.3642
...    85 A-T ...
  -72.4369   -3.7900  -74.9301
    0.0023    0.3234    0.9462
    0.9998    0.0174   -0.0084
   -0.0191    0.9461   -0.3233
...    86 T-A ...
  -73.1077   -0.6719  -75.7568
    0.5022    0.2522    0.8271
    0.8647   -0.1405   -0.4822
   -0.0054    0.9574   -0.2887
...    87 C-G ...
  -73.1976    2.5328  -76.4341
    0.9017    0.0793    0.4250
    0.4309   -0.2429   -0.8691
    0.0343    0.9668   -0.2532
...    88 C-G ...
  -73.1450    5.7509  -77.0379
    0.9838   -0.1769   -0.0284
   -0.0698   -0.2323   -0.9701
    0.1650    0.9564   -0.2409
...    89 G-C ...
  -72.4691    8.7298  -78.2366
    0.7723   -0.4094   -0.4858
   -0.5513   -0.0520   -0.8327
    0.3156    0.9109   -0.2659
...    90 C-G ...
  -70.8708   11.7296  -78.8786
    0.3209   -0.3812   -0.8670
   -0.8819    0.2136   -0.4203
    0.3454    0.8995   -0.2676
...    91 T-A ...
  -69.1490   14.4912  -80.0675
   -0.2208   -0.1953   -0.9556
   -0.8879    0.4456    0.1141
    0.4035    0.8737   -0.2718
...    92 T-A ...
  -67.4919   17.1097  -81.0770
   -0.6674    0.1440   -0.7306
   -0.6031    0.4709    0.6438
    0.4367    0.8704   -0.2274
...    93 T-A ...
  -65.8541   19.7581  -82.0490
   -0.8732    0.4182   -0.2504
   -0.1317    0.2922    0.9473
    0.4693    0.8601   -0.2001
...    94 A-T ...
  -64.1614   22.5691  -82.2248
   -0.7816    0.5277    0.3327
    0.3785   -0.0228    0.9253
    0.4959    0.8491   -0.1819
...    95 A-T ...
  -62.7080   25.2978  -82.9144
   -0.4840    0.4057    0.7753
    0.7213   -0.3167    0.6160
    0.4954    0.8574   -0.1394
...    96 C-G ...
  -61.6710   28.3876  -83.5811
   -0.0821    0.1523    0.9849
    0.8625   -0.4844    0.1468
    0.4994    0.8615   -0.0916
...    97 A-T ...
  -60.1806   31.3432  -83.7057
    0.3132   -0.2429    0.9181
    0.7900   -0.4699   -0.3938
    0.5270    0.8487    0.0447
...    98 C-G ...
  -58.8175   34.2943  -82.9847
    0.6356   -0.4883    0.5980
    0.5416   -0.2699   -0.7961
    0.5501    0.8299    0.0929
...    99 T-A ...
  -56.9372   37.1546  -81.9074
    0.7847   -0.6171    0.0591
    0.1255    0.0648   -0.9900
    0.6071    0.7842    0.1283
...   100 T-A ...
  -54.9051   39.5571  -81.0833
    0.7256   -0.4629   -0.5091
   -0.3304    0.4146   -0.8479
    0.6035    0.7835    0.1479
...   101 T-A ...
  -52.8105   41.9204  -80.3654
    0.4284   -0.1448   -0.8919
   -0.6728    0.6079   -0.4218
    0.6032    0.7807    0.1630
...   102 A-T ...
  -50.9802   44.7124  -79.8964
   -0.0518    0.2477   -0.9675
   -0.7915    0.5805    0.1910
    0.6089    0.7757    0.1660
...   103 T-A ...
  -48.4638   46.8124  -79.6792
   -0.4189    0.4807   -0.7704
   -0.6737    0.4043    0.6186
    0.6088    0.7781    0.1545
...   104 G-C ...
  -46.4255   49.4190  -79.4747
   -0.7919    0.5563   -0.2519
   -0.2651    0.0585    0.9624
    0.5502    0.8289    0.1012
...   105 C-G ...
  -44.8798   52.2915  -79.5019
   -0.8365    0.4613    0.2958
    0.1845   -0.2713    0.9446
    0.5161    0.8447    0.1419
...   106 T-A ...
  -43.3522   55.3454  -79.3728
   -0.6217    0.1984    0.7577
    0.6149   -0.4757    0.6290
    0.4852    0.8569    0.1737
...   107 T-A ...
  -41.9778   58.1830  -78.8840
   -0.2297   -0.1463    0.9622
    0.8525   -0.5072    0.1264
    0.4695    0.8493    0.2412
...   108 C-G ...
  -40.6963   61.0063  -77.8903
    0.2048   -0.4855    0.8499
    0.8526   -0.3380   -0.3985
    0.4807    0.8063    0.3447
...   109 C-G ...
  -39.3353   63.7575  -76.7466
    0.5132   -0.7084    0.4846
    0.6467   -0.0522   -0.7610
    0.5643    0.7039    0.4313
...   110 G-C ...
  -37.3554   65.6529  -75.4473
    0.6714   -0.7411   -0.0024
    0.3651    0.3336   -0.8691
    0.6449    0.5826    0.4946
...   111 G-C ...
  -34.8461   66.9384  -73.6290
    0.7156   -0.4925   -0.4953
    0.0125    0.7180   -0.6960
    0.6984    0.4919    0.5199
...   112 C-G ...
  -32.1923   67.9067  -71.8039
    0.5927   -0.0446   -0.8042
   -0.3424    0.8898   -0.3018
    0.7290    0.4542    0.5121
...   113 T-A ...
  -29.6931   69.1638  -70.1071
    0.3362    0.4272   -0.8393
   -0.5736    0.7998    0.1773
    0.7470    0.4218    0.5139
...   114 C-G ...
  -27.3473   70.7812  -68.5099
   -0.0559    0.8146   -0.5774
   -0.6401    0.4146    0.6469
    0.7663    0.4058    0.4982
...   115 G-C ...
  -25.1523   72.1613  -66.5066
   -0.4323    0.8942   -0.1165
   -0.5087   -0.1352    0.8503
    0.7445    0.4269    0.5133
...   116 T-A ...
  -22.6834   73.9587  -65.2651
   -0.6601    0.6774    0.3247
   -0.2198   -0.5876    0.7787
    0.7183    0.4427    0.5368
...   117 A-T ...
  -20.3050   75.9491  -63.7870
   -0.7364    0.2004    0.6462
    0.1772   -0.8647    0.4701
    0.6529    0.4607    0.6012
...   118 T-A ...
  -18.5177   78.0200  -62.0966
   -0.5734   -0.2442    0.7820
    0.4934   -0.8650    0.0916
    0.6541    0.4384    0.6165
...   119 A-T ...
  -16.5970   79.3961  -59.8986
   -0.3983   -0.6921    0.6020
    0.7260   -0.6390   -0.2542
    0.5606    0.3357    0.7570
...   120 A-T ...
  -15.0826   80.4549  -57.2565
   -0.0141   -0.9586    0.2844
    0.8443   -0.1638   -0.5102
    0.5356    0.2330    0.8117
...   121 T-A ...
  -13.8945   81.1038  -54.2486
    0.3837   -0.9229   -0.0329
    0.7568    0.3347   -0.5615
    0.5292    0.1906    0.8268
...   122 G-C ...
  -12.1652   81.2654  -51.2942
    0.6657   -0.6066   -0.4346
    0.4649    0.7927   -0.3943
    0.5837    0.0605    0.8097
...   123 T-A ...
  -10.2891   80.8038  -48.6969
    0.8047   -0.1598   -0.5718
    0.1244    0.9871   -0.1006
    0.5805    0.0098    0.8142
...   124 G-C ...
   -8.2397   80.6845  -46.1369
    0.7188    0.4267   -0.5488
   -0.3182    0.9039    0.2860
    0.6181   -0.0310    0.7855
...   125 T-A ...
   -6.0266   80.0835  -43.8245
    0.4539    0.8284   -0.3282
   -0.6337    0.5591    0.5347
    0.6264   -0.0347    0.7787
...   126 C-G ...
   -3.9843   79.9727  -41.4184
    0.0169    0.9979    0.0624
   -0.7779   -0.0261    0.6279
    0.6282   -0.0591    0.7758
...   127 G-C ...
   -2.4918   79.6071  -38.5813
   -0.4246    0.8509    0.3094
   -0.7063   -0.5251    0.4748
    0.5664   -0.0169    0.8239
...   128 A-T ...
   -0.5764   79.3496  -36.1280
   -0.7592    0.4047    0.5098
   -0.3721   -0.9124    0.1703
    0.5341   -0.0604    0.8433
...   129 C-G ...
    1.1943   79.8581  -33.4030
   -0.8726   -0.1161    0.4745
    0.0621   -0.9898   -0.1280
    0.4845   -0.0823    0.8709
...   130 C-G ...
    2.1937   80.0842  -30.1404
   -0.8085   -0.5519    0.2044
    0.4780   -0.8184   -0.3189
    0.3433   -0.1602    0.9255
...   131 A-T ...
    2.6213   78.9511  -27.0154
   -0.5975   -0.7676   -0.2319
    0.7907   -0.5159   -0.3296
    0.1334   -0.3803    0.9152
...   132 A-T ...
    2.7819   77.6246  -24.0480
   -0.0938   -0.8967   -0.4327
    0.9918   -0.0463   -0.1190
    0.0867   -0.4403    0.8937
...   133 A-T ...
    2.6389   76.1133  -21.1192
    0.5015   -0.7691   -0.3962
    0.8627    0.4789    0.1625
    0.0647   -0.4233    0.9037
...   134 T-A ...
    2.3076   74.2307  -18.3904
    0.8657   -0.4293   -0.2574
    0.4984    0.7868    0.3641
    0.0462   -0.4435    0.8951
...   135 G-C ...
    1.4354   72.0970  -15.6051
    0.9809    0.0621    0.1843
   -0.1263    0.9241    0.3607
   -0.1479   -0.3771    0.9143
...   136 T-A ...
    0.5279   69.2393  -13.4690
    0.7351    0.4963    0.4618
   -0.6117    0.7792    0.1365
   -0.2921   -0.3828    0.8764
...   137 G-C ...
   -0.1659   67.4105  -10.8096
    0.1800    0.8794    0.4408
   -0.9276    0.3008   -0.2214
   -0.3274   -0.3691    0.8698
...   138 A-T ...
   -0.1321   66.2180   -7.8217
   -0.3749    0.8570    0.3536
   -0.8857   -0.2184   -0.4098
   -0.2739   -0.4668    0.8409
...   139 G-C ...
   -1.0069   65.6075   -4.9426
   -0.8336    0.5218    0.1811
   -0.5170   -0.6220   -0.5881
   -0.1942   -0.5839    0.7883
...   140 C-G ...
   -0.6974   63.9003   -2.2529
   -0.9992    0.0157   -0.0376
    0.0023   -0.8993   -0.4374
   -0.0406   -0.4371    0.8985
...   141 G-C ...
   -3.4382   60.2385    1.0282
   -0.4425    0.2285   -0.8672
    0.1683   -0.9287   -0.3306
   -0.8808   -0.2922    0.3725
...   142 C-G ...
   -6.3288   59.0834    1.6292
   -0.2970   -0.3280   -0.8968
    0.5656   -0.8171    0.1115
   -0.7693   -0.4741    0.4282
...   143 T-A ...
   -8.6768   58.7243    3.6023
   -0.0347   -0.7817   -0.6227
    0.6533   -0.4893    0.5778
   -0.7563   -0.3868    0.5276
...   144 C-G ...
  -11.6544   58.0114    4.7192
    0.2451   -0.9542   -0.1716
    0.6322    0.0231    0.7745
   -0.7350   -0.2983    0.6089
...   145 A-T ...
  -14.1760   56.5669    6.1806
    0.5795   -0.7268    0.3687
    0.3139    0.6165    0.7220
   -0.7521   -0.3027    0.5855
...   146 C-G ...
  -16.4651   53.8949    7.5152
    0.5336   -0.3331    0.7774
   -0.0346    0.9098    0.4136
   -0.8450   -0.2476    0.4739
...   147 A-T ...
  -19.0172   52.0374    8.9259
    0.2452    0.2907    0.9249
   -0.3073    0.9281   -0.2103
   -0.9195   -0.2327    0.3169
