  147 base-pairs
...     1 A-T ...
    0.0000    0.0000    0.0000
    1.0000    0.0000    0.0000
    0.0000    1.0000    0.0000
    0.0000    0.0000    1.0000
...     2 G-C ...
   -0.1404   -1.2353    3.2259
    0.7530    0.6366    0.1668
   -0.6385    0.7681   -0.0490
   -0.1593   -0.0696    0.9848
...     3 T-A ...
   -0.0377   -3.2918    6.3749
    0.2722    0.9302    0.2464
   -0.9238    0.3243   -0.2034
   -0.2691   -0.1722    0.9476
...     4 G-C ...
   -0.3520   -4.1638    9.4928
   -0.3756    0.9250    0.0576
   -0.8780   -0.3352   -0.3416
   -0.2967   -0.1788    0.9381
...     5 A-T ...
   -0.4480   -4.1448   12.7498
   -0.8116    0.5839   -0.0166
   -0.5522   -0.7762   -0.3042
   -0.1905   -0.2377    0.9525
...     6 G-C ...
   -1.5926   -4.1701   15.6201
   -0.9976    0.0246   -0.0651
   -0.0043   -0.9555   -0.2950
   -0.0694   -0.2940    0.9533
...     7 C-G ...
   -1.1050   -4.4793   18.7363
   -0.8442   -0.5302   -0.0787
    0.5343   -0.8442   -0.0430
   -0.0437   -0.0784    0.9960
...     8 G-C ...
   -2.4044   -7.7255   23.1483
   -0.2753   -0.3294   -0.9032
    0.6650   -0.7437    0.0686
   -0.6943   -0.5817    0.4238
...     9 C-G ...
   -4.4706   -9.9691   24.1142
    0.1145   -0.7026   -0.7023
    0.8512   -0.2951    0.4341
   -0.5123   -0.6475    0.5642
...    10 T-A ...
   -6.7420  -10.8705   25.9717
    0.4841   -0.8363   -0.2573
    0.6594    0.1554    0.7356
   -0.5752   -0.5257    0.6267
...    11 C-G ...
   -9.1682  -12.6167   27.1662
    0.7073   -0.6683    0.2306
    0.3450    0.6110    0.7125
   -0.6170   -0.4243    0.6627
...    12 A-T ...
  -10.9253  -14.6583   29.0713
    0.7515   -0.1377    0.6452
   -0.2027    0.8824    0.4245
   -0.6278   -0.4498    0.6352
...    13 C-G ...
  -11.8495  -17.4796   31.2472
    0.4294    0.2824    0.8578
   -0.5708    0.8209    0.0155
   -0.6998   -0.4963    0.5137
...    14 A-T ...
  -13.5915  -19.7756   33.4284
   -0.1503    0.6106    0.7775
   -0.6874    0.5007   -0.5261
   -0.7106   -0.6135    0.3445
...    15 A-T ...
  -15.7779  -21.8971   34.4942
   -0.4819    0.8040    0.3484
   -0.4606    0.1058   -0.8813
   -0.7454   -0.5852    0.3193
...    16 T-A ...
  -17.9595  -23.7882   36.2469
   -0.6702    0.7256   -0.1562
   -0.1230   -0.3161   -0.9407
   -0.7319   -0.6112    0.3011
...    17 T-A ...
  -20.3741  -25.6019   37.5793
   -0.6253    0.4056   -0.6667
    0.2945   -0.6684   -0.6830
   -0.7226   -0.6234    0.2985
...    18 T-A ...
  -22.8130  -27.4377   38.4896
   -0.3023    0.0591   -0.9514
    0.5606   -0.7962   -0.2276
   -0.7709   -0.6022    0.2076
...    19 A-T ...
  -25.4404  -29.2535   38.7594
    0.1414   -0.1661   -0.9759
    0.5920   -0.7760    0.2179
   -0.7935   -0.6085   -0.0114
...    20 T-A ...
  -28.4009  -30.6566   38.3765
    0.4255   -0.5140   -0.7448
    0.4311   -0.6085    0.6662
   -0.7957   -0.6046   -0.0374
...    21 T-A ...
  -31.0960  -32.4714   37.9245
    0.5911   -0.7650   -0.2556
    0.0995   -0.2453    0.9643
   -0.8004   -0.5954   -0.0689
...    22 C-G ...
  -33.6451  -34.4872   37.5640
    0.5558   -0.7589    0.3392
   -0.2754    0.2170    0.9365
   -0.7844   -0.6139   -0.0884
...    23 G-C ...
  -36.2409  -36.5288   37.9677
    0.3872   -0.4532    0.8029
   -0.5793    0.5579    0.5942
   -0.7173   -0.6952   -0.0466
...    24 C-G ...
  -38.3227  -39.0247   37.6666
    0.0666   -0.0627    0.9958
   -0.6930    0.7151    0.0914
   -0.7178   -0.6962    0.0042
...    25 A-T ...
  -40.9654  -40.9449   37.4004
   -0.3049    0.3761    0.8749
   -0.5921    0.6447   -0.4835
   -0.7459   -0.6655    0.0262
...    26 A-T ...
  -43.3005  -43.2356   37.6488
   -0.5852    0.6650    0.4641
   -0.3130    0.3427   -0.8858
   -0.7481   -0.6636    0.0076
...    27 A-T ...
  -45.6281  -45.4745   38.0267
   -0.6617    0.7409   -0.1147
    0.0908   -0.0727   -0.9932
   -0.7442   -0.6676   -0.0191
...    28 G-C ...
  -48.3344  -47.4251   38.4085
   -0.4553    0.6573   -0.6006
    0.3967   -0.4541   -0.7978
   -0.7971   -0.6014   -0.0539
...    29 G-C ...
  -51.4218  -48.9905   38.3248
   -0.0695    0.3996   -0.9140
    0.5595   -0.7430   -0.3674
   -0.8259   -0.5369   -0.1720
...    30 C-G ...
  -54.3881  -50.1496   37.5874
    0.3034    0.0057   -0.9528
    0.4813   -0.8640    0.1480
   -0.8224   -0.5035   -0.2649
...    31 C-G ...
  -57.2373  -51.4565   36.4838
    0.5935   -0.4021   -0.6972
    0.2039   -0.7629    0.6135
   -0.7786   -0.5063   -0.3708
...    32 G-C ...
  -59.2881  -53.2856   35.2110
    0.6964   -0.6641   -0.2720
   -0.1704   -0.5212    0.8363
   -0.6971   -0.5361   -0.4761
...    33 G-C ...
  -61.0301  -55.4144   33.2205
    0.5212   -0.8211    0.2327
   -0.5688   -0.1309    0.8120
   -0.6363   -0.5555   -0.5353
...    34 C-G ...
  -62.7469  -57.4159   31.2990
    0.1370   -0.7535    0.6430
   -0.7811    0.3171    0.5379
   -0.6092   -0.5760   -0.5451
...    35 C-G ...
  -64.5706  -59.6729   29.5475
   -0.3276   -0.4513    0.8300
   -0.7367    0.6721    0.0747
   -0.5915   -0.5870   -0.5527
...    36 C-G ...
  -66.3898  -61.8589   27.7658
   -0.6550   -0.0036    0.7556
   -0.4471    0.8080   -0.3838
   -0.6091   -0.5892   -0.5308
...    37 G-C ...
  -68.4490  -63.0472   25.2709
   -0.7463    0.4825    0.4585
    0.0142    0.7003   -0.7137
   -0.6654   -0.5261   -0.5295
...    38 A-T ...
  -70.3368  -64.8375   23.5423
   -0.5918    0.8060   -0.0134
    0.4669    0.3292   -0.8208
   -0.6571   -0.4920   -0.5711
...    39 C-G ...
  -72.8034  -66.1888   22.0523
   -0.2297    0.8987   -0.3737
    0.7001   -0.1142   -0.7049
   -0.6761   -0.4235   -0.6029
...    40 A-T ...
  -75.2053  -67.3478   20.0944
    0.2685    0.7639   -0.5869
    0.6972   -0.5745   -0.4288
   -0.6647   -0.2940   -0.6868
...    41 C-G ...
  -77.4802  -67.6591   17.8100
    0.6323    0.4140   -0.6548
    0.4640   -0.8792   -0.1079
   -0.6204   -0.2356   -0.7480
...    42 G-C ...
  -79.2062  -68.7207   15.1743
    0.8438   -0.1155   -0.5240
   -0.0093   -0.9796    0.2009
   -0.5365   -0.1647   -0.8277
...    43 A-T ...
  -80.8499  -69.1671   12.5029
    0.6867   -0.6576   -0.3098
   -0.5004   -0.7368    0.4548
   -0.5273   -0.1573   -0.8350
...    44 C-G ...
  -82.0813  -69.2507    9.4258
    0.3498   -0.9368   -0.0003
   -0.8000   -0.2988    0.5203
   -0.4876   -0.1818   -0.8540
...    45 T-A ...
  -83.0580  -69.9957    5.9837
   -0.1477   -0.9529    0.2650
   -0.8684    0.2532    0.4264
   -0.4734   -0.1671   -0.8648
...    46 T-A ...
  -84.0519  -70.5689    2.8972
   -0.5794   -0.7140    0.3931
   -0.6770    0.6901    0.2557
   -0.4539   -0.1180   -0.8832
...    47 A-T ...
  -85.6445  -70.6994   -0.0347
   -0.8687   -0.1545    0.4706
   -0.1865    0.9822   -0.0219
   -0.4588   -0.1068   -0.8821
...    48 C-G ...
  -87.1465  -71.6950   -2.8268
   -0.8315    0.3791    0.4061
    0.2964    0.9210   -0.2528
   -0.4699   -0.0898   -0.8782
...    49 T-A ...
  -89.0320  -72.2685   -5.5419
   -0.5163    0.8058    0.2901
    0.6793    0.5916   -0.4341
   -0.5215   -0.0270   -0.8528
...    50 G-C ...
  -90.9560  -72.0157   -8.3148
    0.0100    0.9886    0.1505
    0.8466    0.0717   -0.5273
   -0.5321    0.1326   -0.8363
...    51 T-A ...
  -93.0889  -71.4320  -10.6187
    0.4397    0.8977   -0.0281
    0.7468   -0.3828   -0.5438
   -0.4989    0.2182   -0.8387
...    52 A-T ...
  -95.0048  -69.5763  -12.7991
    0.8388    0.5431   -0.0369
    0.4442   -0.7221   -0.5303
   -0.3147    0.4284   -0.8470
...    53 G-C ...
  -96.1770  -67.8064  -15.2197
    0.9784    0.0990   -0.1812
   -0.0029   -0.8709   -0.4914
   -0.2065    0.4813   -0.8519
...    54 G-C ...
  -96.5133  -65.2219  -17.8359
    0.8541   -0.3960   -0.3371
   -0.5070   -0.7785   -0.3701
   -0.1158    0.4870   -0.8657
...    55 T-A ...
  -96.3537  -63.3890  -20.5467
    0.4867   -0.7359   -0.4707
   -0.8694   -0.4610   -0.1781
   -0.0859    0.4959   -0.8641
...    56 A-T ...
  -96.0146  -61.6743  -23.4651
   -0.0790   -0.8839   -0.4609
   -0.9957    0.0477    0.0794
   -0.0482    0.4652   -0.8839
...    57 T-A ...
  -95.3982  -60.2673  -26.4036
   -0.5612   -0.7303   -0.3894
   -0.8269    0.4745    0.3018
   -0.0356    0.4914   -0.8702
...    58 C-G ...
  -95.3614  -58.8775  -29.4666
   -0.9455   -0.2939   -0.1400
   -0.3239    0.8067    0.4943
   -0.0323    0.5127   -0.8580
...    59 T-A ...
  -95.5931  -57.4632  -32.4734
   -0.9756    0.1286    0.1778
    0.2020    0.8433    0.4980
   -0.0859    0.5218   -0.8488
...    60 C-G ...
  -95.9476  -55.7178  -35.2797
   -0.6918    0.5541    0.4630
    0.7131    0.6253    0.3170
   -0.1139    0.5495   -0.8277
...    61 G-C ...
  -96.0724  -53.5484  -37.7040
   -0.2520    0.6564    0.7111
    0.9513    0.3027    0.0577
   -0.1774    0.6910   -0.7008
...    62 A-T ...
  -96.5343  -51.3451  -40.0495
    0.3146    0.6498    0.6920
    0.9404   -0.1141   -0.3204
   -0.1293    0.7515   -0.6469
...    63 G-C ...
  -97.1660  -48.5888  -41.7755
    0.7450    0.4451    0.4968
    0.6619   -0.4012   -0.6332
   -0.0825    0.8006   -0.5935
...    64 C-G ...
  -97.5571  -45.5811  -43.2733
    0.9905    0.0978    0.0971
    0.1354   -0.5590   -0.8181
   -0.0257    0.8234   -0.5669
...    65 T-A ...
  -97.6051  -42.6498  -44.7840
    0.9256   -0.2421   -0.2911
   -0.3763   -0.5040   -0.7774
    0.0414    0.8291   -0.5576
...    66 C-G ...
  -97.2302  -40.1298  -46.7894
    0.5604   -0.5141   -0.6493
   -0.8192   -0.2286   -0.5260
    0.1220    0.8267   -0.5492
...    67 G-C ...
  -97.4323  -37.6704  -49.0852
    0.0238   -0.6031   -0.7973
   -0.9847    0.1234   -0.1228
    0.1725    0.7880   -0.5910
...    68 G-C ...
  -96.6337  -35.1274  -51.0857
   -0.5087   -0.4846   -0.7116
   -0.8486    0.4220    0.3192
    0.1456    0.7662   -0.6258
...    69 G-C ...
  -96.0220  -32.7609  -53.3640
   -0.8899   -0.2567   -0.3770
   -0.4494    0.6353    0.6281
    0.0783    0.7284   -0.6807
...    70 A-T ...
  -95.6565  -30.5331  -55.7977
   -0.9854    0.1581    0.0639
    0.1541    0.6647    0.7310
    0.0731    0.7302   -0.6794
...    71 T-A ...
  -95.7035  -28.5289  -58.4251
   -0.7725    0.4597    0.4381
    0.6322    0.4914    0.5991
    0.0601    0.7397   -0.6702
...    72 C-G ...
  -95.7514  -26.1225  -60.6765
   -0.2699    0.6375    0.7216
    0.9610    0.1320    0.2428
    0.0595    0.7591   -0.6483
...    73 C-G ...
  -95.7297  -23.7161  -62.9123
    0.2326    0.5081    0.8293
    0.9676   -0.2073   -0.1444
    0.0986    0.8360   -0.5398
...    74 G-C ...
  -94.9297  -21.0080  -64.5826
    0.6667    0.1867    0.7216
    0.7217   -0.4035   -0.5624
    0.1861    0.8958   -0.4037
...    75 C-G ...
  -94.5184  -17.7043  -65.4971
    0.9500   -0.0998    0.2960
    0.2276   -0.4279   -0.8747
    0.2139    0.8983   -0.3838
...    76 T-A ...
  -93.4658  -14.5175  -66.2739
    0.9126   -0.3458   -0.2183
   -0.3153   -0.2551   -0.9141
    0.2604    0.9030   -0.3418
...    77 T-A ...
  -92.3623  -11.5533  -67.0269
    0.5815   -0.4167   -0.6987
   -0.7719   -0.0115   -0.6356
    0.2568    0.9090   -0.3284
...    78 T-A ...
  -91.2691   -8.6430  -67.9234
    0.0612   -0.3520   -0.9340
   -0.9636    0.2231   -0.1473
    0.2602    0.9090   -0.3255
...    79 A-T ...
  -90.8346   -5.5434  -68.9160
   -0.4883   -0.1457   -0.8604
   -0.8296    0.3835    0.4059
    0.2709    0.9120   -0.3082
...    80 A-T ...
  -89.8397   -2.7305  -70.0114
   -0.8569    0.0748   -0.5100
   -0.4441    0.3951    0.8041
    0.2617    0.9156   -0.3053
...    81 C-G ...
  -88.9005    0.0334  -71.6375
   -0.9652    0.2601   -0.0250
    0.0569    0.3025    0.9514
    0.2551    0.9170   -0.3068
...    82 A-T ...
  -88.2128    3.0631  -72.7451
   -0.7970    0.3058    0.5209
    0.5744    0.1170    0.8102
    0.1868    0.9449   -0.2689
...    83 C-G ...
  -88.2216    6.1906  -73.9863
   -0.4105    0.2949    0.8629
    0.8946   -0.0530    0.4437
    0.1766    0.9541   -0.2421
...    84 T-A ...
  -88.3417    9.7151  -74.7542
    0.1186    0.1718    0.9780
    0.9745   -0.2091   -0.0814
    0.1905    0.9627   -0.1922
...    85 T-A ...
  -88.1036   12.9214  -75.1681
    0.6346    0.0179    0.7726
    0.7459   -0.2758   -0.6063
    0.2022    0.9611   -0.1884
...    86 T-A ...
  -87.5670   16.0688  -75.5665
    0.9271   -0.1757    0.3311
    0.2875   -0.2336   -0.9289
    0.2405    0.9563   -0.1661
...    87 A-T ...
  -86.5597   19.1273  -76.0898
    0.9062   -0.3939   -0.1538
   -0.2031   -0.0865   -0.9753
    0.3709    0.9151   -0.1584
...    88 T-A ...
  -85.0916   22.0119  -75.8673
    0.6967   -0.4364   -0.5694
   -0.5792    0.1261   -0.8054
    0.4232    0.8909   -0.1649
...    89 G-C ...
  -83.3637   24.8100  -76.4040
    0.1671   -0.3596   -0.9180
   -0.8604    0.4015   -0.3138
    0.4814    0.8423   -0.2423
...    90 C-G ...
  -81.4525   27.2825  -77.4438
   -0.3401   -0.1167   -0.9331
   -0.8095    0.5413    0.2274
    0.4786    0.8327   -0.2785
...    91 T-A ...
  -79.6551   29.8228  -78.9542
   -0.7303    0.2052   -0.6516
   -0.4573    0.5617    0.6895
    0.5075    0.8015   -0.3163
...    92 T-A ...
  -77.9703   32.2636  -80.1844
   -0.8674    0.4716   -0.1587
    0.0219    0.3547    0.9347
    0.4971    0.8073   -0.3180
...    93 C-G ...
  -76.4772   34.9384  -81.4825
   -0.7111    0.5754    0.4040
    0.5081    0.0234    0.8610
    0.4860    0.8176   -0.3089
...    94 C-G ...
  -74.9180   37.5639  -82.7035
   -0.4172    0.4088    0.8116
    0.7897   -0.2788    0.5464
    0.4497    0.8690   -0.2065
...    95 G-C ...
  -73.3791   40.1108  -83.2203
   -0.0448    0.1143    0.9924
    0.8921   -0.4426    0.0913
    0.4497    0.8894   -0.0821
...    96 G-C ...
  -72.1649   43.2183  -83.0538
    0.3903   -0.2231    0.8933
    0.7901   -0.4170   -0.4493
    0.4727    0.8811    0.0135
...    97 C-G ...
  -70.9432   46.2786  -82.4394
    0.7179   -0.4590    0.5234
    0.4718   -0.2320   -0.8506
    0.5118    0.8576    0.0500
...    98 T-A ...
  -69.4194   49.1511  -81.8370
    0.8080   -0.5880    0.0363
    0.0778    0.0454   -0.9959
    0.5840    0.8076    0.0825
...    99 C-G ...
  -67.2198   51.5050  -81.6940
    0.6837   -0.5233   -0.5086
   -0.3128    0.4195   -0.8522
    0.6593    0.7417    0.1231
...   100 G-C ...
  -65.1277   54.0561  -81.7527
    0.3561   -0.2544   -0.8992
   -0.5884    0.6865   -0.4272
    0.7259    0.6812    0.0947
...   101 T-A ...
  -62.5082   55.8961  -81.5991
   -0.0015    0.1049   -0.9945
   -0.6631    0.7443    0.0795
    0.7485    0.6595    0.0685
...   102 A-T ...
  -59.6579   57.7326  -81.6822
   -0.3864    0.4896   -0.7817
   -0.5240    0.5810    0.6228
    0.7591    0.6502    0.0320
...   103 T-A ...
  -56.8282   59.4729  -82.0439
   -0.5588    0.7507   -0.3524
   -0.2708    0.2365    0.9332
    0.7839    0.6168    0.0711
...   104 T-A ...
  -54.1960   61.4244  -82.1387
   -0.5993    0.7672    0.2286
    0.0726   -0.2323    0.9699
    0.7973    0.5978    0.0835
...   105 C-G ...
  -51.4879   63.2628  -81.6842
   -0.4873    0.4743    0.7332
    0.3891   -0.6338    0.6685
    0.7817    0.6111    0.1243
...   106 A-T ...
  -48.9172   65.4586  -81.5213
   -0.3164    0.0001    0.9486
    0.6043   -0.7709    0.2016
    0.7313    0.6370    0.2438
...   107 T-A ...
  -46.9347   67.8273  -80.6333
   -0.0526   -0.4057    0.9125
    0.6884   -0.6767   -0.2611
    0.7234    0.6144    0.3149
...   108 G-C ...
  -44.6716   70.0105  -79.0979
    0.1925   -0.7925    0.5787
    0.6334   -0.3501   -0.6901
    0.7495    0.4994    0.4346
...   109 T-A ...
  -42.6802   71.6464  -77.0449
    0.4271   -0.8913    0.1524
    0.4855    0.0838   -0.8702
    0.7628    0.4457    0.4685
...   110 T-A ...
  -40.3212   72.8347  -75.3674
    0.5580   -0.7606   -0.3319
    0.2455    0.5333   -0.8095
    0.7927    0.3702    0.4843
...   111 A-T ...
  -37.5851   73.9604  -73.9545
    0.5240   -0.4061   -0.7487
   -0.0374    0.8672   -0.4965
    0.8509    0.2881    0.4392
...   112 T-A ...
  -34.8142   74.1592  -72.3197
    0.4675    0.0664   -0.8815
   -0.2680    0.9609   -0.0697
    0.8424    0.2688    0.4670
...   113 A-T ...
  -32.0929   75.2856  -70.6890
    0.2433    0.6258   -0.7411
   -0.4694    0.7445    0.4747
    0.8488    0.2324    0.4749
...   114 A-T ...
  -29.2882   75.8808  -69.2528
   -0.0196    0.9407   -0.3387
   -0.5505    0.2726    0.7890
    0.8346    0.2020    0.5125
...   115 C-G ...
  -26.0646   76.4666  -68.1367
   -0.2890    0.9461    0.1460
   -0.4801   -0.2752    0.8329
    0.8282    0.1706    0.5338
...   116 G-C ...
  -23.6382   77.0600  -66.0899
   -0.6103    0.6285    0.4822
   -0.2726   -0.7382    0.6171
    0.7438    0.2451    0.6218
...   117 G-C ...
  -21.2673   78.1759  -64.1140
   -0.7425    0.1569    0.6512
    0.0674   -0.9498    0.3057
    0.6664    0.2708    0.6946
...   118 A-T ...
  -19.1943   79.2766  -61.8810
   -0.6687   -0.3824    0.6376
    0.4428   -0.8937   -0.0717
    0.5973    0.2344    0.7670
...   119 A-T ...
  -17.5643   80.1122  -59.2040
   -0.3698   -0.8216    0.4339
    0.7441   -0.5416   -0.3912
    0.5564    0.1781    0.8116
...   120 A-T ...
  -16.0854   80.8215  -56.3415
    0.1286   -0.9817    0.1402
    0.8202    0.0258   -0.5715
    0.5575    0.1884    0.8085
...   121 T-A ...
  -14.8094   81.2112  -53.3212
    0.4935   -0.8511   -0.1793
    0.6701    0.5035   -0.5454
    0.5545    0.1491    0.8187
...   122 G-C ...
  -12.9736   81.1972  -50.4487
    0.7089   -0.4626   -0.5324
    0.3418    0.8856   -0.3144
    0.6170    0.0409    0.7859
...   123 T-A ...
  -10.9318   80.6977  -47.9986
    0.7864   -0.0021   -0.6177
    0.0059    1.0000    0.0041
    0.6176   -0.0069    0.7864
...   124 G-C ...
   -8.7553   80.5455  -45.5743
    0.6410    0.5501   -0.5353
   -0.3953    0.8344    0.3841
    0.6580   -0.0346    0.7523
...   125 T-A ...
   -6.3713   79.9821  -43.4304
    0.3530    0.8948   -0.2732
   -0.6590    0.4451    0.6063
    0.6642   -0.0340    0.7468
...   126 C-G ...
   -4.2180   79.8785  -41.1344
   -0.0747    0.9874    0.1397
   -0.7418   -0.1487    0.6539
    0.6664   -0.0548    0.7435
...   127 G-C ...
   -2.5319   79.5275  -38.4444
   -0.4841    0.7997    0.3552
   -0.6451   -0.6004    0.4726
    0.5912   -0.0004    0.8066
...   128 A-T ...
   -0.5324   79.3403  -36.0692
   -0.7739    0.3304    0.5403
   -0.2984   -0.9427    0.1491
    0.5586   -0.0459    0.8281
...   129 C-G ...
    1.2594   79.9111  -33.3767
   -0.8522   -0.1864    0.4889
    0.1263   -0.9800   -0.1535
    0.5078   -0.0691    0.8587
...   130 C-G ...
    2.2482   80.1771  -30.1054
   -0.7758   -0.5963    0.2062
    0.5152   -0.7874   -0.3384
    0.3641   -0.1563    0.9181
...   131 A-T ...
    2.6184   79.0474  -26.9660
   -0.5828   -0.7753   -0.2434
    0.7998   -0.4943   -0.3405
    0.1437   -0.3931    0.9082
...   132 A-T ...
    2.7794   77.6768  -24.0200
   -0.0857   -0.8924   -0.4430
    0.9918   -0.0342   -0.1229
    0.0945   -0.4499    0.8880
...   133 A-T ...
    2.6498   76.1377  -21.1070
    0.5062   -0.7629   -0.4021
    0.8596    0.4840    0.1639
    0.0696   -0.4286    0.9008
...   134 T-A ...
    2.3076   74.2307  -18.3902
    0.8657   -0.4293   -0.2574
    0.4984    0.7868    0.3641
    0.0462   -0.4435    0.8951
...   135 G-C ...
    1.4354   72.0970  -15.6049
    0.9809    0.0621    0.1843
   -0.1263    0.9241    0.3607
   -0.1479   -0.3771    0.9143
...   136 T-A ...
    0.5279   69.2393  -13.4688
    0.7351    0.4963    0.4618
   -0.6117    0.7792    0.1365
   -0.2921   -0.3828    0.8764
...   137 G-C ...
   -0.1659   67.4106  -10.8094
    0.1800    0.8794    0.4408
   -0.9276    0.3008   -0.2214
   -0.3274   -0.3691    0.8698
...   138 A-T ...
   -0.1321   66.2180   -7.8216
   -0.3749    0.8570    0.3536
   -0.8857   -0.2184   -0.4098
   -0.2739   -0.4668    0.8409
...   139 G-C ...
   -1.0069   65.6075   -4.9424
   -0.8336    0.5218    0.1811
   -0.5170   -0.6220   -0.5881
   -0.1942   -0.5839    0.7883
...   140 C-G ...
   -0.6974   63.9003   -2.2527
   -0.9992    0.0157   -0.0376
    0.0023   -0.8993   -0.4374
   -0.0406   -0.4371    0.8985
...   141 G-C ...
   -3.4383   60.2385    1.0284
   -0.4425    0.2285   -0.8672
    0.1683   -0.9287   -0.3306
   -0.8808   -0.2922    0.3725
...   142 C-G ...
   -6.3288   59.0834    1.6294
   -0.2970   -0.3280   -0.8968
    0.5656   -0.8171    0.1115
   -0.7693   -0.4741    0.4282
...   143 T-A ...
   -8.6768   58.7243    3.6025
   -0.0347   -0.7817   -0.6227
    0.6533   -0.4893    0.5778
   -0.7563   -0.3868    0.5276
...   144 C-G ...
  -11.6545   58.0114    4.7194
    0.2451   -0.9542   -0.1716
    0.6322    0.0231    0.7745
   -0.7350   -0.2983    0.6089
...   145 A-T ...
  -14.1760   56.5669    6.1807
    0.5795   -0.7268    0.3687
    0.3139    0.6165    0.7220
   -0.7521   -0.3027    0.5855
...   146 C-G ...
  -16.4651   53.8949    7.5153
    0.5336   -0.3331    0.7774
   -0.0346    0.9098    0.4136
   -0.8450   -0.2476    0.4739
...   147 A-T ...
  -19.0172   52.0374    8.9261
    0.2452    0.2907    0.9249
   -0.3073    0.9281   -0.2103
   -0.9195   -0.2327    0.3169
