  147 base-pairs
...     1 A-T ...
    0.0000    0.0000    0.0000
    1.0000    0.0000    0.0000
    0.0000    1.0000    0.0000
    0.0000    0.0000    1.0000
...     2 G-C ...
   -0.1404   -1.2353    3.2259
    0.7530    0.6366    0.1668
   -0.6385    0.7681   -0.0490
   -0.1593   -0.0696    0.9848
...     3 T-A ...
   -0.0377   -3.2918    6.3749
    0.2722    0.9302    0.2464
   -0.9238    0.3243   -0.2034
   -0.2691   -0.1722    0.9476
...     4 G-C ...
   -0.3520   -4.1638    9.4928
   -0.3756    0.9250    0.0576
   -0.8780   -0.3352   -0.3416
   -0.2967   -0.1788    0.9381
...     5 A-T ...
   -0.4480   -4.1448   12.7498
   -0.8116    0.5839   -0.0166
   -0.5522   -0.7762   -0.3042
   -0.1905   -0.2377    0.9525
...     6 G-C ...
   -1.5926   -4.1701   15.6201
   -0.9976    0.0246   -0.0651
   -0.0043   -0.9555   -0.2950
   -0.0694   -0.2940    0.9533
...     7 C-G ...
   -1.1050   -4.4793   18.7363
   -0.8442   -0.5302   -0.0787
    0.5343   -0.8442   -0.0430
   -0.0437   -0.0784    0.9960
...     8 G-C ...
   -2.4044   -7.7255   23.1483
   -0.2753   -0.3294   -0.9032
    0.6650   -0.7437    0.0686
   -0.6943   -0.5817    0.4238
...     9 C-G ...
   -4.4706   -9.9691   24.1142
    0.1145   -0.7026   -0.7023
    0.8512   -0.2951    0.4341
   -0.5123   -0.6475    0.5642
...    10 T-A ...
   -6.7420  -10.8705   25.9717
    0.4841   -0.8363   -0.2573
    0.6594    0.1554    0.7356
   -0.5752   -0.5257    0.6267
...    11 C-G ...
   -9.1682  -12.6167   27.1662
    0.7073   -0.6683    0.2306
    0.3450    0.6110    0.7125
   -0.6170   -0.4243    0.6627
...    12 A-T ...
  -10.9253  -14.6583   29.0713
    0.7515   -0.1377    0.6452
   -0.2027    0.8824    0.4245
   -0.6278   -0.4498    0.6352
...    13 C-G ...
  -11.8495  -17.4796   31.2472
    0.4294    0.2824    0.8578
   -0.5708    0.8209    0.0155
   -0.6998   -0.4963    0.5137
...    14 A-T ...
  -13.5915  -19.7756   33.4284
   -0.1503    0.6106    0.7775
   -0.6874    0.5007   -0.5261
   -0.7106   -0.6135    0.3445
...    15 A-T ...
  -15.6913  -21.8589   34.7573
   -0.5052    0.7812    0.3668
   -0.4765    0.1018   -0.8732
   -0.7195   -0.6159    0.3208
...    16 T-A ...
  -17.7926  -23.7449   36.4168
   -0.6579    0.7455   -0.1069
   -0.1644   -0.2807   -0.9456
   -0.7350   -0.6045    0.3072
...    17 T-A ...
  -20.1848  -25.5339   37.6277
   -0.6056    0.5151   -0.6065
    0.2135   -0.6291   -0.7474
   -0.7666   -0.5822    0.2710
...    18 T-A ...
  -22.7840  -27.1688   38.5864
   -0.3508    0.1486   -0.9246
    0.4925   -0.8104   -0.3171
   -0.7964   -0.5667    0.2112
...    19 A-T ...
  -25.9020  -28.3846   38.9384
    0.1048   -0.1077   -0.9886
    0.5455   -0.8250    0.1477
   -0.8315   -0.5548   -0.0277
...    20 T-A ...
  -28.8890  -29.6193   38.5158
    0.3814   -0.4690   -0.7966
    0.4112   -0.6858    0.6006
   -0.8279   -0.5566   -0.0687
...    21 T-A ...
  -31.6336  -31.2409   37.9883
    0.5563   -0.7543   -0.3488
    0.1188   -0.3432    0.9317
   -0.8225   -0.5597   -0.1013
...    22 C-G ...
  -34.1698  -33.1993   37.4420
    0.5429   -0.8055    0.2377
   -0.2479    0.1167    0.9617
   -0.8024   -0.5810   -0.1364
...    23 G-C ...
  -36.8109  -35.1750   37.4176
    0.3715   -0.5762    0.7280
   -0.5465    0.4982    0.6732
   -0.7505   -0.6480   -0.1298
...    24 C-G ...
  -39.0115  -37.5726   36.8535
    0.0341   -0.2113    0.9768
   -0.6678    0.7224    0.1795
   -0.7436   -0.6585   -0.1165
...    25 A-T ...
  -41.6116  -39.5375   36.4391
   -0.3008    0.2652    0.9161
   -0.5769    0.7143   -0.3962
   -0.7594   -0.6477   -0.0619
...    26 A-T ...
  -43.9050  -41.8378   36.4132
   -0.5850    0.6028    0.5426
   -0.2931    0.4667   -0.8344
   -0.7562   -0.6472   -0.0963
...    27 A-T ...
  -46.3185  -43.9952   36.3747
   -0.6409    0.7676    0.0020
    0.0900    0.0778   -0.9929
   -0.7623   -0.6362   -0.1190
...    28 G-C ...
  -48.9516  -45.9374   36.2762
   -0.4334    0.7688   -0.4702
    0.4043   -0.3005   -0.8639
   -0.8054   -0.5645   -0.1806
...    29 G-C ...
  -51.9086  -47.4819   35.8883
   -0.0610    0.5854   -0.8084
    0.5515   -0.6553   -0.5161
   -0.8319   -0.4773   -0.2829
...    30 C-G ...
  -54.8584  -48.5244   34.9831
    0.3008    0.2106   -0.9302
    0.4833   -0.8744   -0.0417
   -0.8221   -0.4371   -0.3648
...    31 C-G ...
  -57.6430  -49.5115   33.3798
    0.5994   -0.2061   -0.7735
    0.2214   -0.8859    0.4076
   -0.7692   -0.4155   -0.4854
...    32 G-C ...
  -59.8559  -51.1765   31.5753
    0.7183   -0.5839   -0.3783
   -0.1928   -0.6896    0.6981
   -0.6685   -0.4285   -0.6079
...    33 G-C ...
  -61.6811  -52.5940   29.1163
    0.5556   -0.8273    0.0834
   -0.5808   -0.3143    0.7510
   -0.5950   -0.4656   -0.6551
...    34 C-G ...
  -63.2557  -54.2088   26.6961
    0.1667   -0.8591    0.4839
   -0.8069    0.1631    0.5677
   -0.5666   -0.4851   -0.6660
...    35 C-G ...
  -64.8939  -56.0745   24.4232
   -0.2718   -0.6180    0.7377
   -0.7834    0.5873    0.2034
   -0.5590   -0.5226   -0.6438
...    36 C-G ...
  -66.5882  -58.0591   22.2974
   -0.6230   -0.1825    0.7606
   -0.5157    0.8270   -0.2239
   -0.5881   -0.5318   -0.6093
...    37 G-C ...
  -68.6325  -59.3866   20.0530
   -0.7495    0.3437    0.5658
   -0.0769    0.8037   -0.5900
   -0.6575   -0.4857   -0.5760
...    38 A-T ...
  -70.7024  -61.0792   18.1997
   -0.6316    0.7590    0.1578
    0.3773    0.4788   -0.7928
   -0.6773   -0.4412   -0.5888
...    39 C-G ...
  -73.2331  -62.5975   16.7929
   -0.3234    0.9191   -0.2251
    0.6459    0.0406   -0.7623
   -0.6915   -0.3919   -0.6068
...    40 A-T ...
  -75.6182  -63.7515   14.7777
    0.1723    0.8585   -0.4829
    0.6994   -0.4519   -0.5537
   -0.6936   -0.2423   -0.6783
...    41 C-G ...
  -78.2015  -64.0019   12.8207
    0.5399    0.5433   -0.6429
    0.5116   -0.8184   -0.2619
   -0.6684   -0.1875   -0.7198
...    42 G-C ...
  -80.0868  -64.5874   10.1737
    0.8271    0.0729   -0.5573
    0.1180   -0.9920    0.0453
   -0.5496   -0.1032   -0.8291
...    43 A-T ...
  -81.6891  -64.7589    7.3523
    0.7792   -0.4887   -0.3925
   -0.3872   -0.8677    0.3116
   -0.4928   -0.0908   -0.8654
...    44 C-G ...
  -82.8217  -64.6100    4.2567
    0.4910   -0.8560   -0.1616
   -0.7429   -0.5083    0.4356
   -0.4550   -0.0938   -0.8855
...    45 T-A ...
  -83.9159  -64.9185    1.1629
    0.0592   -0.9919    0.1122
   -0.9087   -0.0071    0.4173
   -0.4131   -0.1267   -0.9018
...    46 T-A ...
  -84.9035  -65.3360   -1.9124
   -0.4811   -0.8293    0.2842
   -0.7830    0.5523    0.2861
   -0.3943   -0.0849   -0.9151
...    47 A-T ...
  -86.3749  -65.2548   -4.9083
   -0.8707   -0.3261    0.3682
   -0.3222    0.9438    0.0739
   -0.3716   -0.0543   -0.9268
...    48 C-G ...
  -87.5543  -66.0296   -7.9021
   -0.9076    0.2001    0.3691
    0.1698    0.9790   -0.1132
   -0.3840   -0.0401   -0.9225
...    49 T-A ...
  -89.0449  -66.3834  -10.8177
   -0.6725    0.6665    0.3217
    0.6076    0.7454   -0.2742
   -0.4226    0.0111   -0.9063
...    50 G-C ...
  -90.5460  -66.1436  -13.7646
   -0.1900    0.9482    0.2545
    0.8688    0.2832   -0.4061
   -0.4572    0.1440   -0.8777
...    51 T-A ...
  -92.5667  -65.6044  -16.2711
    0.2903    0.9537    0.0779
    0.8500   -0.2197   -0.4787
   -0.4395    0.2052   -0.8745
...    52 A-T ...
  -94.3021  -64.3414  -18.8378
    0.7405    0.6718    0.0168
    0.5875   -0.6350   -0.5016
   -0.3263    0.3813   -0.8649
...    53 G-C ...
  -95.3878  -62.6993  -21.4605
    0.9604    0.2370   -0.1463
    0.1419   -0.8684   -0.4752
   -0.2396    0.4356   -0.8676
...    54 G-C ...
  -95.8008  -60.7767  -24.2016
    0.9172   -0.2831   -0.2805
   -0.3781   -0.8405   -0.3881
   -0.1259    0.4620   -0.8779
...    55 T-A ...
  -95.7617  -58.8204  -26.8471
    0.6073   -0.6791   -0.4124
   -0.7895   -0.5739   -0.2176
   -0.0889    0.4577   -0.8846
...    56 A-T ...
  -96.0764  -57.3791  -29.8116
    0.0464   -0.8944   -0.4448
   -0.9972   -0.0678    0.0324
   -0.0591    0.4420   -0.8951
...    57 T-A ...
  -95.5636  -56.0336  -32.7861
   -0.4571   -0.8003   -0.3880
   -0.8880    0.3862    0.2495
   -0.0499    0.4586   -0.8872
...    58 C-G ...
  -95.6496  -54.6381  -35.7419
   -0.8844   -0.4362   -0.1663
   -0.4633    0.7765    0.4271
   -0.0571    0.4548   -0.8888
...    59 T-A ...
  -95.8689  -53.4543  -38.8119
   -0.9937   -0.0021    0.1123
    0.0493    0.8900    0.4534
   -0.1009    0.4560   -0.8842
...    60 C-G ...
  -96.2434  -52.0633  -41.7373
   -0.7856    0.4861    0.3827
    0.6060    0.7291    0.3180
   -0.1245    0.4817   -0.8674
...    61 T-A ...
  -97.0180  -50.5817  -44.5678
   -0.3700    0.7435    0.5570
    0.9159    0.3923    0.0847
   -0.1555    0.5415   -0.8262
...    62 C-G ...
  -97.6668  -48.7765  -47.1825
    0.2116    0.7980    0.5643
    0.9661   -0.0833   -0.2444
   -0.1481    0.5968   -0.7886
...    63 A-T ...
  -98.1881  -46.6224  -49.6636
    0.6988    0.5402    0.4689
    0.7114   -0.4561   -0.5347
   -0.0749    0.7072   -0.7030
...    64 T-A ...
  -98.7405  -43.9406  -51.4440
    0.9565    0.2323    0.1763
    0.2876   -0.6507   -0.7028
   -0.0486    0.7229   -0.6892
...    65 G-C ...
  -98.5432  -41.4769  -53.6600
    0.9617   -0.2413   -0.1302
   -0.2582   -0.6373   -0.7261
    0.0923    0.7319   -0.6751
...    66 T-A ...
  -97.8683  -38.7764  -55.4059
    0.7005   -0.5517   -0.4527
   -0.7013   -0.4149   -0.5797
    0.1320    0.7235   -0.6776
...    67 T-A ...
  -97.1483  -36.3347  -57.4176
    0.2014   -0.6792   -0.7058
   -0.9694   -0.0350   -0.2429
    0.1402    0.7331   -0.6655
...    68 A-T ...
  -96.8155  -33.9077  -59.6476
   -0.3974   -0.5837   -0.7081
   -0.9054    0.3748    0.1992
    0.1491    0.7203   -0.6774
...    69 T-A ...
  -95.7751  -31.9300  -62.0769
   -0.7916   -0.3102   -0.5264
   -0.5900    0.6118    0.5269
    0.1586    0.7277   -0.6673
...    70 A-T ...
  -95.3175  -29.4081  -64.1750
   -0.9901    0.0847   -0.1119
   -0.0256    0.6747    0.7376
    0.1380    0.7332   -0.6659
...    71 A-T ...
  -94.9566  -27.2285  -66.5498
   -0.8407    0.4442    0.3096
    0.5205    0.5054    0.6883
    0.1492    0.7398   -0.6561
...    72 C-G ...
  -94.9697  -25.0330  -68.9922
   -0.4743    0.6066    0.6380
    0.8704    0.2145    0.4432
    0.1320    0.7655   -0.6297
...    73 G-C ...
  -94.3127  -22.4044  -70.8795
    0.0278    0.5058    0.8622
    0.9920   -0.1203    0.0385
    0.1233    0.8542   -0.5051
...    74 G-C ...
  -94.2918  -19.3573  -72.3103
    0.5100    0.2723    0.8159
    0.8451   -0.3353   -0.4163
    0.1602    0.9019   -0.4011
...    75 A-T ...
  -93.8143  -16.3549  -73.4312
    0.8806   -0.0177    0.4735
    0.4258   -0.4087   -0.8072
    0.2078    0.9125   -0.3524
...    76 G-C ...
  -93.1102  -13.2354  -74.1834
    0.9559   -0.2908    0.0422
   -0.0551   -0.3184   -0.9464
    0.2886    0.9023   -0.3203
...    77 A-T ...
  -92.0164  -10.3048  -75.0771
    0.7471   -0.4558   -0.4838
   -0.5733   -0.0734   -0.8161
    0.3364    0.8871   -0.3161
...    78 G-C ...
  -90.5967   -7.4451  -75.8869
    0.3400   -0.4770   -0.8104
   -0.8602    0.1905   -0.4730
    0.3800    0.8580   -0.3456
...    79 C-G ...
  -88.9373   -4.8282  -77.0061
   -0.1794   -0.3300   -0.9268
   -0.9010    0.4334    0.0201
    0.3951    0.8386   -0.3751
...    80 T-A ...
  -87.3877   -2.2927  -78.4347
   -0.6263   -0.0942   -0.7739
   -0.6770    0.5578    0.4801
    0.3865    0.8246   -0.4131
...    81 C-G ...
  -86.0992    0.3255  -79.9034
   -0.9072    0.2296   -0.3526
   -0.1958    0.5114    0.8367
    0.3724    0.8281   -0.4190
...    82 G-C ...
  -84.9172    3.2389  -80.9223
   -0.9041    0.3807    0.1940
    0.3223    0.3094    0.8947
    0.2806    0.8714   -0.4024
...    83 G-C ...
  -84.2203    6.1047  -82.5410
   -0.6299    0.4041    0.6633
    0.7442    0.0697    0.6643
    0.2222    0.9121   -0.3446
...    84 G-C ...
  -83.8745    9.2034  -83.8083
   -0.1822    0.2858    0.9408
    0.9636   -0.1386    0.2287
    0.1957    0.9482   -0.2501
...    85 A-T ...
  -83.3798   12.3100  -84.5820
    0.3681    0.0997    0.9244
    0.9047   -0.2677   -0.3314
    0.2144    0.9583   -0.1887
...    86 T-A ...
  -83.2134   15.5681  -84.7678
    0.7504   -0.0700    0.6573
    0.6185   -0.2765   -0.7355
    0.2332    0.9585   -0.1642
...    87 C-G ...
  -82.3860   18.6827  -85.0766
    0.9508   -0.2706    0.1507
    0.1083   -0.1655   -0.9802
    0.2902    0.9484   -0.1281
...    88 C-G ...
  -81.1217   21.7961  -85.0756
    0.8385   -0.4110   -0.3576
   -0.3762    0.0380   -0.9258
    0.3941    0.9108   -0.1228
...    89 G-C ...
  -79.7340   24.6863  -85.8710
    0.4640   -0.4271   -0.7760
   -0.7303    0.3114   -0.6081
    0.5013    0.8489   -0.1675
...    90 C-G ...
  -77.6799   27.2076  -86.3782
   -0.0091   -0.2262   -0.9740
   -0.8491    0.5162   -0.1120
    0.5282    0.8260   -0.1968
...    91 T-A ...
  -75.6678   29.6848  -87.2034
   -0.4572    0.0402   -0.8884
   -0.7110    0.5835    0.3923
    0.5342    0.8111   -0.2383
...    92 T-A ...
  -73.6966   32.1005  -88.1356
   -0.7567    0.3888   -0.5257
   -0.3398    0.4530    0.8242
    0.5586    0.8023   -0.2107
...    93 T-A ...
  -71.7913   34.5510  -89.1057
   -0.8034    0.5951    0.0173
    0.1284    0.1448    0.9811
    0.5814    0.7905   -0.1928
...    94 A-T ...
  -69.9099   37.2019  -89.7199
   -0.6286    0.5247    0.5741
    0.5519   -0.2191    0.8046
    0.5480    0.8226   -0.1518
...    95 A-T ...
  -68.3631   39.9717  -90.3572
   -0.2409    0.3032    0.9220
    0.7975   -0.4796    0.3661
    0.5531    0.8235   -0.1263
...    96 C-G ...
  -67.1202   42.9652  -90.7651
    0.1521   -0.0227    0.9881
    0.8141   -0.5640   -0.1383
    0.5604    0.8255   -0.0674
...    97 A-T ...
  -65.3072   45.7637  -90.7845
    0.4555   -0.4418    0.7729
    0.6436   -0.4364   -0.6288
    0.6151    0.7838    0.0855
...    98 C-G ...
  -63.6315   48.4194  -89.9136
    0.6736   -0.6471    0.3572
    0.3541   -0.1417   -0.9244
    0.6488    0.7491    0.1336
...    99 T-A ...
  -61.4673   50.7136  -89.0271
    0.7019   -0.6945   -0.1582
    0.0134    0.2350   -0.9719
    0.7121    0.6801    0.1743
...   100 T-A ...
  -59.1017   52.7471  -88.1708
    0.5901   -0.4605   -0.6631
   -0.3531    0.5914   -0.7250
    0.7260    0.6620    0.1864
...   101 T-A ...
  -56.5910   54.6371  -87.3635
    0.3117   -0.0450   -0.9491
   -0.6092    0.7571   -0.2359
    0.7292    0.6517    0.2086
...   102 A-T ...
  -54.3384   56.9800  -86.6739
   -0.0965    0.4228   -0.9011
   -0.6679    0.6437    0.3736
    0.7380    0.6379    0.2203
...   103 T-A ...
  -51.5077   58.6625  -86.3563
   -0.3981    0.7029   -0.5895
   -0.5365    0.3428    0.7711
    0.7441    0.6233    0.2406
...   104 G-C ...
  -49.2170   60.8441  -85.4480
   -0.6810    0.7273   -0.0850
   -0.2283   -0.1006    0.9684
    0.6958    0.6789    0.2345
...   105 C-G ...
  -46.9092   63.1612  -85.0684
   -0.7313    0.5332    0.4254
    0.1543   -0.4782    0.8646
    0.6644    0.6979    0.2674
...   106 T-A ...
  -44.9515   65.7067  -84.3585
   -0.6099    0.1729    0.7734
    0.4912   -0.6833    0.5402
    0.6219    0.7093    0.3318
...   107 T-A ...
  -43.1418   68.1851  -83.3595
   -0.2834   -0.2493    0.9260
    0.7365   -0.6750    0.0437
    0.6141    0.6944    0.3749
...   108 C-G ...
  -41.2888   70.4654  -82.0162
    0.1145   -0.6340    0.7648
    0.7809   -0.4185   -0.4638
    0.6141    0.6503    0.4471
...   109 C-G ...
  -39.5447   72.5811  -80.0759
    0.4065   -0.8370    0.3664
    0.6442   -0.0218   -0.7645
    0.6479    0.5468    0.5303
...   110 G-C ...
  -37.1208   74.0496  -78.3870
    0.5762   -0.8011   -0.1621
    0.4028    0.4509   -0.7965
    0.7111    0.3937    0.5825
...   111 G-C ...
  -34.6459   74.7891  -76.2287
    0.6374   -0.4859   -0.5979
    0.1026    0.8227   -0.5592
    0.7636    0.2951    0.5743
...   112 C-G ...
  -31.9919   75.2549  -74.3300
    0.5744    0.0174   -0.8184
   -0.2171    0.9672   -0.1318
    0.7893    0.2534    0.5593
...   113 T-A ...
  -29.2039   75.7499  -72.6329
    0.3671    0.5078   -0.7793
   -0.4530    0.8294    0.3270
    0.8124    0.2330    0.5345
...   114 C-G ...
  -26.4512   76.4502  -70.9941
    0.0443    0.8986   -0.4364
   -0.5812    0.3785    0.7204
    0.8126    0.2218    0.5390
...   115 G-C ...
  -24.0695   77.2059  -68.8247
   -0.3370    0.9415   -0.0046
   -0.5222   -0.1828    0.8330
    0.7834    0.2831    0.5533
...   116 T-A ...
  -21.2573   78.3756  -67.5092
   -0.5731    0.7124    0.4050
   -0.2980   -0.6415    0.7068
    0.7634    0.2844    0.5800
...   117 A-T ...
  -18.7787   79.5181  -65.6389
   -0.7268    0.2280    0.6479
    0.0477   -0.9243    0.3787
    0.6852    0.3061    0.6609
...   118 T-A ...
  -16.7755   81.1289  -63.6290
   -0.6408   -0.2549    0.7242
    0.3858   -0.9224    0.0167
    0.6638    0.2901    0.6894
...   119 A-T ...
  -15.1898   82.5301  -61.0105
   -0.5361   -0.7042    0.4655
    0.6625   -0.6927   -0.2851
    0.5233    0.1555    0.8379
...   120 A-T ...
  -13.7944   83.0417  -58.1613
   -0.1480   -0.9712    0.1868
    0.8586   -0.2199   -0.4630
    0.4908    0.0919    0.8664
...   121 T-A ...
  -12.8440   83.2498  -55.0563
    0.2582   -0.9618   -0.0912
    0.8369    0.2698   -0.4763
    0.4827    0.0467    0.8745
...   122 G-C ...
  -11.1150   83.0131  -52.2409
    0.5988   -0.6716   -0.4363
    0.6108    0.7353   -0.2935
    0.5180   -0.0908    0.8506
...   123 T-A ...
   -9.6929   82.1026  -49.4179
    0.8148   -0.2097   -0.5405
    0.2447    0.9696   -0.0072
    0.5255   -0.1264    0.8413
...   124 G-C ...
   -7.7551   81.8956  -46.7663
    0.7854    0.3766   -0.4912
   -0.2276    0.9137    0.3367
    0.5756   -0.1526    0.8033
...   125 T-A ...
   -5.6179   80.8847  -44.4143
    0.5636    0.7906   -0.2392
   -0.5974    0.5901    0.5431
    0.5705   -0.1632    0.8049
...   126 C-G ...
   -3.6556   80.2881  -41.8543
    0.1158    0.9850    0.1281
   -0.8216    0.0224    0.5697
    0.5583   -0.1712    0.8118
...   127 G-C ...
   -2.2213   79.5134  -38.9778
   -0.3964    0.8521    0.3417
   -0.7710   -0.5110    0.3801
    0.4985   -0.1128    0.8595
...   128 A-T ...
   -0.4736   79.1207  -36.2686
   -0.7848    0.4251    0.4510
   -0.4301   -0.8975    0.0973
    0.4461   -0.1176    0.8872
...   129 C-G ...
    1.0291   79.3468  -33.3873
   -0.9213   -0.0628    0.3838
    0.0074   -0.9895   -0.1441
    0.3889   -0.1299    0.9121
...   130 C-G ...
    2.1314   79.3293  -30.2080
   -0.8446   -0.5208    0.1241
    0.4661   -0.8293   -0.3082
    0.2634   -0.2025    0.9432
...   131 A-T ...
    2.6661   78.6585  -26.9782
   -0.5334   -0.8162   -0.2219
    0.8378   -0.4737   -0.2717
    0.1167   -0.3308    0.9365
...   132 A-T ...
    2.6925   77.5342  -23.9654
   -0.0206   -0.9212   -0.3885
    0.9968    0.0111   -0.0791
    0.0772   -0.3889    0.9181
...   133 A-T ...
    2.6280   76.0922  -21.0791
    0.5130   -0.7616   -0.3959
    0.8564    0.4858    0.1752
    0.0589   -0.4289    0.9014
...   134 T-A ...
    2.3075   74.2308  -18.3902
    0.8657   -0.4293   -0.2574
    0.4984    0.7868    0.3641
    0.0462   -0.4435    0.8951
...   135 G-C ...
    1.4353   72.0971  -15.6049
    0.9809    0.0621    0.1843
   -0.1263    0.9241    0.3607
   -0.1479   -0.3771    0.9143
...   136 T-A ...
    0.5278   69.2394  -13.4688
    0.7351    0.4963    0.4618
   -0.6117    0.7792    0.1365
   -0.2921   -0.3828    0.8764
...   137 G-C ...
   -0.1660   67.4106  -10.8094
    0.1800    0.8794    0.4408
   -0.9276    0.3008   -0.2214
   -0.3274   -0.3691    0.8698
...   138 A-T ...
   -0.1322   66.2180   -7.8216
   -0.3749    0.8570    0.3536
   -0.8857   -0.2184   -0.4098
   -0.2739   -0.4668    0.8409
...   139 G-C ...
   -1.0070   65.6075   -4.9424
   -0.8336    0.5218    0.1811
   -0.5170   -0.6220   -0.5881
   -0.1942   -0.5839    0.7883
...   140 C-G ...
   -0.6975   63.9004   -2.2528
   -0.9992    0.0157   -0.0376
    0.0023   -0.8993   -0.4374
   -0.0406   -0.4371    0.8985
...   141 G-C ...
   -3.4383   60.2386    1.0284
   -0.4425    0.2285   -0.8672
    0.1683   -0.9287   -0.3306
   -0.8808   -0.2922    0.3725
...   142 C-G ...
   -6.3289   59.0835    1.6294
   -0.2970   -0.3280   -0.8968
    0.5656   -0.8171    0.1115
   -0.7693   -0.4741    0.4282
...   143 T-A ...
   -8.6769   58.7243    3.6024
   -0.0347   -0.7817   -0.6227
    0.6533   -0.4893    0.5778
   -0.7563   -0.3868    0.5276
...   144 C-G ...
  -11.6545   58.0114    4.7193
    0.2451   -0.9542   -0.1716
    0.6322    0.0231    0.7745
   -0.7350   -0.2983    0.6089
...   145 A-T ...
  -14.1761   56.5669    6.1807
    0.5795   -0.7268    0.3687
    0.3139    0.6165    0.7220
   -0.7521   -0.3027    0.5855
...   146 C-G ...
  -16.4652   53.8950    7.5153
    0.5336   -0.3331    0.7774
   -0.0346    0.9098    0.4136
   -0.8450   -0.2476    0.4739
...   147 A-T ...
  -19.0173   52.0375    8.9261
    0.2452    0.2907    0.9249
   -0.3073    0.9281   -0.2103
   -0.9195   -0.2327    0.3169
