  147 base-pairs
...     1 A-T ...
    0.0000    0.0000    0.0000
    1.0000    0.0000    0.0000
    0.0000    1.0000    0.0000
    0.0000    0.0000    1.0000
...     2 G-C ...
   -0.1404   -1.2353    3.2259
    0.7530    0.6366    0.1668
   -0.6385    0.7681   -0.0490
   -0.1593   -0.0696    0.9848
...     3 T-A ...
   -0.0377   -3.2918    6.3749
    0.2722    0.9302    0.2464
   -0.9238    0.3243   -0.2034
   -0.2691   -0.1722    0.9476
...     4 G-C ...
   -0.3520   -4.1638    9.4928
   -0.3756    0.9250    0.0576
   -0.8780   -0.3352   -0.3416
   -0.2967   -0.1788    0.9381
...     5 A-T ...
   -0.4480   -4.1448   12.7498
   -0.8116    0.5839   -0.0166
   -0.5522   -0.7762   -0.3042
   -0.1905   -0.2377    0.9525
...     6 G-C ...
   -1.5926   -4.1701   15.6201
   -0.9976    0.0246   -0.0651
   -0.0043   -0.9555   -0.2950
   -0.0694   -0.2940    0.9533
...     7 C-G ...
   -1.1050   -4.4793   18.7363
   -0.8442   -0.5302   -0.0787
    0.5343   -0.8442   -0.0430
   -0.0437   -0.0784    0.9960
...     8 G-C ...
   -2.4044   -7.7255   23.1483
   -0.2753   -0.3294   -0.9032
    0.6650   -0.7437    0.0686
   -0.6943   -0.5817    0.4238
...     9 C-G ...
   -4.4706   -9.9691   24.1142
    0.1145   -0.7026   -0.7023
    0.8512   -0.2951    0.4341
   -0.5123   -0.6475    0.5642
...    10 T-A ...
   -6.7420  -10.8705   25.9717
    0.4841   -0.8363   -0.2573
    0.6594    0.1554    0.7356
   -0.5752   -0.5257    0.6267
...    11 C-G ...
   -9.1682  -12.6167   27.1662
    0.7073   -0.6683    0.2306
    0.3450    0.6110    0.7125
   -0.6170   -0.4243    0.6627
...    12 A-T ...
  -10.9253  -14.6583   29.0713
    0.7515   -0.1377    0.6452
   -0.2027    0.8824    0.4245
   -0.6278   -0.4498    0.6352
...    13 C-G ...
  -11.8495  -17.4796   31.2472
    0.4294    0.2824    0.8578
   -0.5708    0.8209    0.0155
   -0.6998   -0.4963    0.5137
...    14 A-T ...
  -13.5915  -19.7756   33.4284
   -0.1503    0.6106    0.7775
   -0.6874    0.5007   -0.5261
   -0.7106   -0.6135    0.3445
...    15 A-T ...
  -15.6983  -21.8503   34.7525
   -0.4982    0.7858    0.3666
   -0.4770    0.1047   -0.8726
   -0.7241   -0.6096    0.3227
...    16 T-A ...
  -17.8161  -23.7064   36.4132
   -0.6461    0.7558   -0.1067
   -0.1704   -0.2790   -0.9450
   -0.7440   -0.5924    0.3090
...    17 T-A ...
  -20.2440  -25.4443   37.6159
   -0.5909    0.5326   -0.6060
    0.1969   -0.6332   -0.7485
   -0.7823   -0.5616    0.2693
...    18 T-A ...
  -22.8932  -27.0020   38.5552
   -0.3420    0.1660   -0.9249
    0.4653   -0.8252   -0.3201
   -0.8164   -0.5399    0.2050
...    19 A-T ...
  -26.0692  -28.0816   38.8680
    0.1069   -0.1014   -0.9891
    0.5097   -0.8485    0.1421
   -0.8537   -0.5194   -0.0390
...    20 T-A ...
  -29.1052  -29.1821   38.4118
    0.3649   -0.4784   -0.7988
    0.3758   -0.7093    0.5964
   -0.8518   -0.5178   -0.0791
...    21 T-A ...
  -31.9257  -30.6609   37.8483
    0.5163   -0.7814   -0.3504
    0.0947   -0.3546    0.9302
   -0.8512   -0.5134   -0.1090
...    22 C-G ...
  -34.5712  -32.4688   37.2754
    0.4891   -0.8392    0.2379
   -0.2466    0.1285    0.9605
   -0.8366   -0.5285   -0.1441
...    23 G-C ...
  -37.3596  -34.2295   37.2305
    0.3210   -0.6041    0.7294
   -0.5128    0.5366    0.6701
   -0.7962   -0.5892   -0.1376
...    24 C-G ...
  -39.7469  -36.4314   36.6203
    0.0088   -0.2152    0.9765
   -0.6077    0.7744    0.1761
   -0.7941   -0.5950   -0.1239
...    25 A-T ...
  -42.4982  -38.1672   36.1605
   -0.2817    0.2889    0.9150
   -0.5086    0.7636   -0.3977
   -0.8136   -0.5774   -0.0682
...    26 A-T ...
  -44.9929  -40.2423   36.1138
   -0.5248    0.6547    0.5441
   -0.2464    0.4950   -0.8332
   -0.8148   -0.5713   -0.0984
...    27 A-T ...
  -47.6092  -42.1414   36.0650
   -0.5561    0.8311    0.0090
    0.0933    0.0732   -0.9929
   -0.8259   -0.5513   -0.1183
...    28 G-C ...
  -50.4399  -43.7754   35.9730
   -0.3471    0.8170   -0.4605
    0.3615   -0.3366   -0.8695
   -0.8654   -0.4682   -0.1785
...    29 G-C ...
  -53.5700  -44.9279   35.5851
    0.0013    0.5980   -0.8015
    0.4634   -0.7106   -0.5295
   -0.8862   -0.3707   -0.2780
...    30 C-G ...
  -56.6313  -45.5776   34.6827
    0.3129    0.1835   -0.9319
    0.3693   -0.9275   -0.0587
   -0.8751   -0.3258   -0.3580
...    31 C-G ...
  -59.5268  -46.1846   33.0836
    0.5544   -0.2730   -0.7862
    0.1085   -0.9129    0.3935
   -0.8252   -0.3035   -0.4765
...    32 G-C ...
  -61.9713  -47.5270   31.3071
    0.6197   -0.6748   -0.4008
   -0.2747   -0.6648    0.6947
   -0.7352   -0.3204   -0.5973
...    33 G-C ...
  -64.0538  -48.6222   28.8872
    0.4271   -0.9022    0.0598
   -0.6026   -0.2347    0.7627
   -0.6741   -0.3618   -0.6439
...    34 C-G ...
  -65.9326  -49.9241   26.4919
    0.0446   -0.8819    0.4693
   -0.7557    0.2775    0.5933
   -0.6534   -0.3811   -0.6541
...    35 C-G ...
  -67.9069  -51.4428   24.2279
   -0.3434   -0.5793    0.7392
   -0.6718    0.7016    0.2377
   -0.6563   -0.4150   -0.6301
...    36 C-G ...
  -69.9541  -53.0779   22.1153
   -0.6150   -0.0932    0.7830
   -0.3805    0.9048   -0.1911
   -0.6907   -0.4155   -0.5919
...    37 G-C ...
  -72.2699  -54.0136   19.9390
   -0.6529    0.4509    0.6086
    0.0331    0.8197   -0.5718
   -0.7567   -0.3531   -0.5501
...    38 A-T ...
  -74.6889  -55.2730   18.1735
   -0.4815    0.8512    0.2088
    0.4117    0.4300   -0.8035
   -0.7738   -0.3009   -0.5575
...    39 C-G ...
  -77.5175  -56.2802   16.8931
   -0.1693    0.9682   -0.1839
    0.5984   -0.0473   -0.7998
   -0.7831   -0.2455   -0.5714
...    40 A-T ...
  -80.1951  -56.9042   15.0141
    0.2925    0.8323   -0.4708
    0.5719   -0.5469   -0.6114
   -0.7664   -0.0904   -0.6360
...    41 C-G ...
  -82.8995  -56.6110   13.2298
    0.5857    0.4632   -0.6651
    0.3377   -0.8855   -0.3193
   -0.7368   -0.0376   -0.6750
...    42 G-C ...
  -85.0188  -56.7478   10.7004
    0.7832   -0.0564   -0.6192
   -0.0645   -0.9979    0.0094
   -0.6184    0.0326   -0.7852
...    43 A-T ...
  -86.8374  -56.5025    8.0143
    0.6393   -0.6080   -0.4708
   -0.5180   -0.7930    0.3207
   -0.5683    0.0388   -0.8219
...    44 C-G ...
  -88.1757  -56.0093    5.0327
    0.3025   -0.9253   -0.2287
   -0.7872   -0.3778    0.4873
   -0.5373    0.0327   -0.8427
...    45 T-A ...
  -89.5756  -55.9589    2.0471
   -0.1247   -0.9891    0.0777
   -0.8520    0.1469    0.5026
   -0.5085   -0.0035   -0.8610
...    46 T-A ...
  -90.8993  -56.0294   -0.9277
   -0.6049   -0.7348    0.3070
   -0.6306    0.6774    0.3788
   -0.4862    0.0355   -0.8731
...    47 A-T ...
  -92.5941  -55.5591   -3.7597
   -0.8731   -0.1777    0.4540
   -0.1296    0.9823    0.1354
   -0.4700    0.0594   -0.8807
...    48 C-G ...
  -94.2069  -55.9580   -6.6160
   -0.8083    0.3440    0.4778
    0.3366    0.9359   -0.1043
   -0.4831    0.0765   -0.8722
...    49 T-A ...
  -96.0553  -55.8855   -9.3387
   -0.4951    0.7597    0.4215
    0.7004    0.6361   -0.3238
   -0.5141    0.1349   -0.8470
...    50 G-C ...
  -97.8345  -55.2102  -12.0571
    0.0213    0.9513    0.3077
    0.8514    0.1440   -0.5043
   -0.5240    0.2727   -0.8069
...    51 T-A ...
 -100.0062  -54.1696  -14.2610
    0.4698    0.8800    0.0707
    0.7292   -0.3417   -0.5929
   -0.4976    0.3300   -0.8022
...    52 A-T ...
 -101.7663  -52.4872  -16.5514
    0.8481    0.5254   -0.0689
    0.3877   -0.7039   -0.5952
   -0.3612    0.4781   -0.8006
...    53 G-C ...
 -102.8738  -50.5425  -18.9533
    0.9581    0.0673   -0.2783
   -0.0891   -0.8537   -0.5130
   -0.2721    0.5163   -0.8120
...    54 G-C ...
 -103.3155  -48.4411  -21.5568
    0.7981   -0.4285   -0.4236
   -0.5800   -0.7369   -0.3473
   -0.1633    0.5229   -0.8366
...    55 T-A ...
 -103.3064  -46.3781  -24.1274
    0.4016   -0.7538   -0.5201
   -0.9061   -0.4094   -0.1063
   -0.1328    0.5139   -0.8475
...    56 A-T ...
 -103.8344  -44.7292  -26.9544
   -0.1954   -0.8582   -0.4746
   -0.9742    0.1141    0.1947
   -0.1129    0.5004   -0.8584
...    57 T-A ...
 -103.5499  -43.3155  -29.9276
   -0.6568   -0.6774   -0.3313
   -0.7472    0.5254    0.4069
   -0.1015    0.5148   -0.8513
...    58 C-G ...
 -103.8339  -41.7370  -32.7770
   -0.9658   -0.2579   -0.0265
   -0.2330    0.8188    0.5247
   -0.1137    0.5129   -0.8509
...    59 T-A ...
 -104.3287  -40.3404  -35.7226
   -0.9440    0.1676    0.2844
    0.2889    0.8362    0.4662
   -0.1597    0.5222   -0.8377
...    60 C-G ...
 -104.9290  -38.7176  -38.4849
   -0.6065    0.5903    0.5326
    0.7746    0.5896    0.2287
   -0.1791    0.5513   -0.8149
...    61 G-C ...
 -105.2750  -36.6891  -41.0707
   -0.0829    0.7242    0.6846
    0.9764    0.1964   -0.0896
   -0.1993    0.6610   -0.7234
...    62 A-T ...
 -106.0416  -34.5119  -43.3437
    0.4854    0.6655    0.5670
    0.8569   -0.2334   -0.4596
   -0.1735    0.7090   -0.6835
...    63 G-C ...
 -106.7862  -31.9675  -45.2773
    0.8565    0.3950    0.3323
    0.5062   -0.5166   -0.6906
   -0.1011    0.7597   -0.6424
...    64 C-G ...
 -107.0946  -29.1617  -46.9382
    0.9994    0.0189   -0.0304
   -0.0120   -0.6239   -0.7814
   -0.0337    0.7813   -0.6233
...    65 T-A ...
 -106.9245  -26.3790  -48.6759
    0.8614   -0.3507   -0.3674
   -0.5051   -0.5156   -0.6921
    0.0533    0.7818   -0.6213
...    66 C-G ...
 -106.5019  -23.8530  -50.6801
    0.4246   -0.6062   -0.6725
   -0.9002   -0.2032   -0.3852
    0.0969    0.7689   -0.6319
...    67 G-C ...
 -106.4424  -21.5032  -53.0068
   -0.1362   -0.6866   -0.7142
   -0.9807    0.1953   -0.0008
    0.1400    0.7003   -0.7000
...    68 G-C ...
 -105.6906  -19.3829  -55.5076
   -0.6407   -0.5221   -0.5630
   -0.7578    0.5479    0.3543
    0.1234    0.6536   -0.7467
...    69 G-C ...
 -105.1584  -17.4481  -58.2052
   -0.9505   -0.1921   -0.2442
   -0.3025    0.7520    0.5856
    0.0712    0.6305   -0.7729
...    70 A-T ...
 -104.8790  -15.4826  -60.7979
   -0.9533    0.2617    0.1510
    0.2972    0.7216    0.6253
    0.0547    0.6409   -0.7657
...    71 T-A ...
 -105.0669  -13.8467  -63.6503
   -0.6817    0.5852    0.4391
    0.7289    0.4911    0.4770
    0.0635    0.6452   -0.7613
...    72 C-G ...
 -104.9845  -11.7602  -66.1524
   -0.1519    0.7292    0.6672
    0.9864    0.0694    0.1487
    0.0621    0.6807   -0.7299
...    73 C-G ...
 -105.1829   -9.3649  -68.5166
    0.3657    0.5803    0.7277
    0.9255   -0.3095   -0.2183
    0.0986    0.7533   -0.6502
...    74 G-C ...
 -104.5618   -6.8740  -70.5977
    0.7675    0.2098    0.6057
    0.6072   -0.5407   -0.5822
    0.2053    0.8147   -0.5424
...    75 C-G ...
 -103.9721   -3.9369  -71.9173
    0.9537   -0.1591    0.2551
    0.1286   -0.5509   -0.8246
    0.2718    0.8193   -0.5050
...    76 T-A ...
 -102.8723   -1.1129  -73.1785
    0.8664   -0.4777   -0.1454
   -0.3455   -0.3634   -0.8652
    0.3605    0.7998   -0.4799
...    77 T-A ...
 -101.5131    1.5283  -74.4622
    0.5349   -0.6080   -0.5866
   -0.7542   -0.0307   -0.6559
    0.3809    0.7933   -0.4750
...    78 T-A ...
  -99.9897    4.0501  -75.8155
    0.0359   -0.5192   -0.8539
   -0.9191    0.3183   -0.2321
    0.3923    0.7932   -0.4658
...    79 A-T ...
  -98.8050    6.7013  -77.4076
   -0.5073   -0.2577   -0.8223
   -0.7646    0.5748    0.2915
    0.3976    0.7766   -0.4886
...    80 A-T ...
  -97.3120    9.0004  -79.1549
   -0.8356    0.1268   -0.5345
   -0.3564    0.6153    0.7031
    0.4180    0.7780   -0.4690
...    81 C-G ...
  -95.9222   11.1939  -81.2082
   -0.9071    0.4094   -0.0981
    0.1158    0.4669    0.8767
    0.4047    0.7839   -0.4709
...    82 A-T ...
  -94.5837   13.8536  -82.6296
   -0.7304    0.5228    0.4395
    0.5974    0.1772    0.7821
    0.3310    0.8338   -0.4417
...    83 C-G ...
  -94.0301   16.5632  -84.4141
   -0.3454    0.5120    0.7865
    0.8818   -0.1098    0.4587
    0.3212    0.8520   -0.4135
...    84 T-A ...
  -93.3482   19.5071  -85.7116
    0.1092    0.3208    0.9408
    0.9396   -0.3421    0.0076
    0.3243    0.8832   -0.3387
...    85 C-G ...
  -92.3974   22.4512  -86.6839
    0.5895    0.0188    0.8076
    0.7249   -0.4536   -0.5185
    0.3565    0.8910   -0.2810
...    86 A-T ...
  -91.1648   25.4523  -87.4172
    0.8187   -0.3493    0.4557
    0.3335   -0.3567   -0.8727
    0.4674    0.8665   -0.1756
...    87 T-A ...
  -89.7247   28.3829  -87.2976
    0.8648   -0.5019   -0.0154
   -0.0953   -0.1338   -0.9864
    0.4930    0.8545   -0.1636
...    88 G-C ...
  -87.8180   31.0247  -87.8978
    0.6147   -0.5983   -0.5140
   -0.5104    0.1951   -0.8375
    0.6014    0.7772   -0.1854
...    89 T-A ...
  -85.4338   33.2779  -88.0876
    0.2590   -0.4430   -0.8583
   -0.7357    0.4853   -0.4725
    0.6258    0.7538   -0.2003
...    90 T-A ...
  -83.1406   35.5112  -88.6237
   -0.1775   -0.0873   -0.9802
   -0.7508    0.6560    0.0775
    0.6363    0.7497   -0.1820
...    91 A-T ...
  -81.1792   38.1271  -89.1798
   -0.5822    0.3128   -0.7505
   -0.5002    0.5900    0.6338
    0.6410    0.7444   -0.1871
...    92 T-A ...
  -78.8644   40.1791  -90.3370
   -0.7427    0.5766   -0.3405
   -0.1502    0.3520    0.9239
    0.6525    0.7373   -0.1748
...    93 A-T ...
  -76.7181   42.6560  -90.7981
   -0.7125    0.6538    0.2546
    0.2965   -0.0482    0.9538
    0.6359    0.7551   -0.1595
...    94 A-T ...
  -74.8210   45.1712  -91.5648
   -0.4362    0.5189    0.7352
    0.6264   -0.4114    0.6621
    0.6460    0.7493   -0.1456
...    95 C-G ...
  -73.2066   47.9393  -92.2571
   -0.0985    0.2097    0.9728
    0.7583   -0.6172    0.2099
    0.6444    0.7583   -0.0982
...    96 G-C ...
  -70.9027   50.2963  -92.4391
    0.1940   -0.2634    0.9450
    0.7116   -0.6253   -0.3203
    0.6753    0.7346    0.0661
...    97 G-C ...
  -68.8956   52.9142  -91.7784
    0.4373   -0.6309    0.6408
    0.5415   -0.3842   -0.7478
    0.7180    0.6740    0.1736
...    98 A-T ...
  -66.5737   55.0316  -91.0063
    0.6121   -0.7832    0.1087
    0.2339    0.0480   -0.9711
    0.7554    0.6199    0.2126
...    99 T-A ...
  -64.1953   56.8152  -89.6455
    0.6326   -0.6759   -0.3781
   -0.0768    0.4311   -0.8990
    0.7707    0.5977    0.2208
...   100 T-A ...
  -61.6265   58.5270  -88.6718
    0.4881   -0.3343   -0.8063
   -0.3922    0.7412   -0.5447
    0.7797    0.5821    0.2307
...   101 T-A ...
  -58.9387   60.1155  -87.7864
    0.2091    0.1409   -0.9677
   -0.5877    0.8091   -0.0092
    0.7816    0.5706    0.2520
...   102 A-T ...
  -56.4838   62.1646  -86.9158
   -0.1669    0.5909   -0.7893
   -0.5932    0.5792    0.5591
    0.7875    0.5615    0.2539
...   103 T-A ...
  -53.5622   63.6756  -86.6036
   -0.4232    0.8110   -0.4040
   -0.4394    0.2062    0.8743
    0.7924    0.5475    0.2690
...   104 G-C ...
  -51.0896   65.6070  -85.6102
   -0.6594    0.7434    0.1120
   -0.1384   -0.2666    0.9538
    0.7389    0.6135    0.2787
...   105 C-G ...
  -48.6923   67.7883  -85.0746
   -0.6728    0.4624    0.5775
    0.2176   -0.6224    0.7519
    0.7071    0.6316    0.3181
...   106 T-A ...
  -46.6172   70.1544  -84.1358
   -0.5371    0.0472    0.8422
    0.5181   -0.7695    0.3735
    0.6656    0.6369    0.3889
...   107 T-A ...
  -44.6774   72.4161  -82.8996
   -0.2135   -0.3962    0.8930
    0.7222   -0.6796   -0.1288
    0.6579    0.6174    0.4312
...   108 C-G ...
  -42.6817   74.4216  -81.3451
    0.1614   -0.7500    0.6414
    0.7345   -0.3428   -0.5857
    0.6592    0.5657    0.4955
...   109 C-G ...
  -40.7524   76.1760  -79.2308
    0.4211   -0.8852    0.1977
    0.5847    0.0983   -0.8053
    0.6934    0.4547    0.5590
...   110 G-C ...
  -38.1898   77.3673  -77.5381
    0.5581   -0.7635   -0.3249
    0.3472    0.5705   -0.7443
    0.7536    0.3026    0.5835
...   111 G-C ...
  -35.5737   77.8020  -75.4697
    0.5940   -0.3840   -0.7069
    0.0643    0.8986   -0.4341
    0.8019    0.2124    0.5584
...   112 C-G ...
  -32.8065   78.0168  -73.6951
    0.5181    0.1450   -0.8429
   -0.2280    0.9733    0.0274
    0.8244    0.1780    0.5374
...   113 T-A ...
  -29.9166   78.2964  -72.1287
    0.3138    0.6189   -0.7201
   -0.4357    0.7677    0.4699
    0.8436    0.1664    0.5105
...   114 C-G ...
  -27.0744   78.7889  -70.5769
    0.0096    0.9503   -0.3113
   -0.5386    0.2672    0.7991
    0.8425    0.1600    0.5144
...   115 G-C ...
  -24.5625   79.2837  -68.4905
   -0.3495    0.9274    0.1329
   -0.4717   -0.2968    0.8303
    0.8095    0.2275    0.5412
...   116 T-A ...
  -21.7075   80.3446  -67.1963
   -0.5623    0.6464    0.5157
   -0.2504   -0.7275    0.6388
    0.7881    0.2300    0.5710
...   117 A-T ...
  -19.1726   81.4262  -65.3607
   -0.7115    0.1462    0.6873
    0.0758   -0.9564    0.2819
    0.6986    0.2527    0.6694
...   118 T-A ...
  -17.1469   82.8732  -63.2552
   -0.6172   -0.3370    0.7110
    0.4027   -0.9116   -0.0825
    0.6759    0.2354    0.6984
...   119 A-T ...
  -15.5517   84.0739  -60.5407
   -0.5167   -0.7523    0.4087
    0.6669   -0.6530   -0.3589
    0.5369    0.0872    0.8391
...   120 A-T ...
  -14.1188   84.3571  -57.6772
   -0.1288   -0.9861    0.1052
    0.8532   -0.1643   -0.4950
    0.5054    0.0260    0.8625
...   121 T-A ...
  -13.1171   84.3246  -54.5785
    0.2738   -0.9460   -0.1734
    0.8233    0.3237   -0.4662
    0.4972   -0.0151    0.8675
...   122 G-C ...
  -11.3328   83.9194  -51.8256
    0.6064   -0.6237   -0.4933
    0.5910    0.7685   -0.2451
    0.5320   -0.1429    0.8346
...   123 T-A ...
   -9.8578   82.8407  -49.0885
    0.8123   -0.1532   -0.5627
    0.2242    0.9728    0.0589
    0.5384   -0.1740    0.8246
...   124 G-C ...
   -7.8977   82.4903  -46.4748
    0.7720    0.4237   -0.4737
   -0.2423    0.8853    0.3969
    0.5876   -0.1917    0.7862
...   125 T-A ...
   -5.7189   81.3789  -44.2138
    0.5457    0.8143   -0.1978
   -0.6025    0.5453    0.5828
    0.5824   -0.1988    0.7882
...   126 C-G ...
   -3.7204   80.6720  -41.7173
    0.0994    0.9792    0.1768
   -0.8156   -0.0216    0.5782
    0.5701   -0.2017    0.7965
...   127 G-C ...
   -2.2245   79.8027  -38.9086
   -0.4071    0.8317    0.3775
   -0.7595   -0.5379    0.3659
    0.5074   -0.1377    0.8506
...   128 A-T ...
   -0.4560   79.3535  -36.2292
   -0.7877    0.4007    0.4679
   -0.4180   -0.9056    0.0719
    0.4526   -0.1390    0.8808
...   129 C-G ...
    1.0519   79.5204  -33.3523
   -0.9192   -0.0816    0.3852
    0.0164   -0.9854   -0.1695
    0.3934   -0.1495    0.9071
...   130 C-G ...
    2.1405   79.4430  -30.1712
   -0.8409   -0.5288    0.1151
    0.4710   -0.8198   -0.3257
    0.2666   -0.2197    0.9384
...   131 A-T ...
    2.6701   78.7203  -26.9552
   -0.5309   -0.8146   -0.2337
    0.8391   -0.4666   -0.2798
    0.1189   -0.3446    0.9312
...   132 A-T ...
    2.6948   77.5603  -23.9546
   -0.0187   -0.9175   -0.3972
    0.9966    0.0146   -0.0808
    0.0799   -0.3974    0.9142
...   133 A-T ...
    2.6276   76.0976  -21.0772
    0.5139   -0.7595   -0.3988
    0.8557    0.4866    0.1760
    0.0604   -0.4317    0.9000
...   134 T-A ...
    2.3075   74.2308  -18.3902
    0.8657   -0.4293   -0.2574
    0.4984    0.7868    0.3641
    0.0462   -0.4435    0.8951
...   135 G-C ...
    1.4354   72.0970  -15.6050
    0.9809    0.0621    0.1843
   -0.1263    0.9241    0.3607
   -0.1479   -0.3771    0.9143
...   136 T-A ...
    0.5279   69.2393  -13.4689
    0.7351    0.4963    0.4618
   -0.6117    0.7792    0.1365
   -0.2921   -0.3828    0.8764
...   137 G-C ...
   -0.1659   67.4106  -10.8095
    0.1800    0.8794    0.4408
   -0.9276    0.3008   -0.2214
   -0.3274   -0.3691    0.8698
...   138 A-T ...
   -0.1322   66.2180   -7.8216
   -0.3749    0.8570    0.3536
   -0.8857   -0.2184   -0.4098
   -0.2739   -0.4668    0.8409
...   139 G-C ...
   -1.0069   65.6075   -4.9424
   -0.8336    0.5218    0.1811
   -0.5170   -0.6220   -0.5881
   -0.1942   -0.5839    0.7883
...   140 C-G ...
   -0.6975   63.9004   -2.2528
   -0.9992    0.0157   -0.0376
    0.0023   -0.8993   -0.4374
   -0.0406   -0.4371    0.8985
...   141 G-C ...
   -3.4383   60.2385    1.0284
   -0.4425    0.2285   -0.8672
    0.1683   -0.9287   -0.3306
   -0.8808   -0.2922    0.3725
...   142 C-G ...
   -6.3289   59.0834    1.6293
   -0.2970   -0.3280   -0.8968
    0.5656   -0.8171    0.1115
   -0.7693   -0.4741    0.4282
...   143 T-A ...
   -8.6769   58.7243    3.6024
   -0.0347   -0.7817   -0.6227
    0.6533   -0.4893    0.5778
   -0.7563   -0.3868    0.5276
...   144 C-G ...
  -11.6545   58.0114    4.7193
    0.2451   -0.9542   -0.1716
    0.6322    0.0231    0.7745
   -0.7350   -0.2983    0.6089
...   145 A-T ...
  -14.1761   56.5669    6.1807
    0.5795   -0.7268    0.3687
    0.3139    0.6165    0.7220
   -0.7521   -0.3027    0.5855
...   146 C-G ...
  -16.4652   53.8949    7.5153
    0.5336   -0.3331    0.7774
   -0.0346    0.9098    0.4136
   -0.8450   -0.2476    0.4739
...   147 A-T ...
  -19.0173   52.0374    8.9260
    0.2452    0.2907    0.9249
   -0.3073    0.9281   -0.2103
   -0.9195   -0.2327    0.3169
