  147 base-pairs
...     1 A-T ...
    0.0000    0.0000    0.0000
    1.0000    0.0000    0.0000
    0.0000    1.0000    0.0000
    0.0000    0.0000    1.0000
...     2 G-C ...
   -0.1404   -1.2353    3.2259
    0.7530    0.6366    0.1668
   -0.6385    0.7681   -0.0490
   -0.1593   -0.0696    0.9848
...     3 T-A ...
   -0.0377   -3.2918    6.3749
    0.2722    0.9302    0.2464
   -0.9238    0.3243   -0.2034
   -0.2691   -0.1722    0.9476
...     4 G-C ...
   -0.3520   -4.1638    9.4928
   -0.3756    0.9250    0.0576
   -0.8780   -0.3352   -0.3416
   -0.2967   -0.1788    0.9381
...     5 A-T ...
   -0.4480   -4.1448   12.7498
   -0.8116    0.5839   -0.0166
   -0.5522   -0.7762   -0.3042
   -0.1905   -0.2377    0.9525
...     6 G-C ...
   -1.5926   -4.1701   15.6201
   -0.9976    0.0246   -0.0651
   -0.0043   -0.9555   -0.2950
   -0.0694   -0.2940    0.9533
...     7 C-G ...
   -1.1050   -4.4793   18.7363
   -0.8442   -0.5302   -0.0787
    0.5343   -0.8442   -0.0430
   -0.0437   -0.0784    0.9960
...     8 G-C ...
   -2.4044   -7.7255   23.1483
   -0.2753   -0.3294   -0.9032
    0.6650   -0.7437    0.0686
   -0.6943   -0.5817    0.4238
...     9 C-G ...
   -4.4706   -9.9691   24.1142
    0.1145   -0.7026   -0.7023
    0.8512   -0.2951    0.4341
   -0.5123   -0.6475    0.5642
...    10 T-A ...
   -6.7420  -10.8705   25.9717
    0.4841   -0.8363   -0.2573
    0.6594    0.1554    0.7356
   -0.5752   -0.5257    0.6267
...    11 C-G ...
   -9.1682  -12.6167   27.1662
    0.7073   -0.6683    0.2306
    0.3450    0.6110    0.7125
   -0.6170   -0.4243    0.6627
...    12 A-T ...
  -10.9253  -14.6583   29.0713
    0.7515   -0.1377    0.6452
   -0.2027    0.8824    0.4245
   -0.6278   -0.4498    0.6352
...    13 C-G ...
  -11.8495  -17.4796   31.2472
    0.4294    0.2824    0.8578
   -0.5708    0.8209    0.0155
   -0.6998   -0.4963    0.5137
...    14 A-T ...
  -13.5915  -19.7756   33.4284
   -0.1503    0.6106    0.7775
   -0.6874    0.5007   -0.5261
   -0.7106   -0.6135    0.3445
...    15 A-T ...
  -15.6927  -21.8577   34.7563
   -0.5044    0.7819    0.3664
   -0.4765    0.1018   -0.8732
   -0.7201   -0.6151    0.3212
...    16 T-A ...
  -17.7961  -23.7398   36.4166
   -0.6565    0.7466   -0.1075
   -0.1649   -0.2811   -0.9454
   -0.7361   -0.6029    0.3077
...    17 T-A ...
  -20.1927  -25.5226   37.6270
   -0.6039    0.5164   -0.6072
    0.2119   -0.6304   -0.7468
   -0.7684   -0.5796    0.2712
...    18 T-A ...
  -22.7976  -27.1487   38.5847
   -0.3497    0.1488   -0.9250
    0.4898   -0.8126   -0.3159
   -0.7986   -0.5635    0.2113
...    19 A-T ...
  -25.9172  -28.3581   38.9347
    0.1049   -0.1111   -0.9883
    0.5419   -0.8269    0.1504
   -0.8339   -0.5513   -0.0265
...    20 T-A ...
  -28.9101  -29.5811   38.5146
    0.3794   -0.4738   -0.7947
    0.4076   -0.6855    0.6033
   -0.8306   -0.5528   -0.0670
...    21 T-A ...
  -31.6639  -31.1901   37.9924
    0.5515   -0.7595   -0.3449
    0.1162   -0.3395    0.9334
   -0.8260   -0.5549   -0.0989
...    22 C-G ...
  -34.2149  -33.1338   37.4554
    0.5363   -0.8084    0.2425
   -0.2476    0.1240    0.9609
   -0.8069   -0.5754   -0.1336
...    23 G-C ...
  -36.8771  -35.0823   37.4415
    0.3652   -0.5752    0.7320
   -0.5421    0.5078    0.6695
   -0.7568   -0.6414   -0.1263
...    24 C-G ...
  -39.1034  -37.4595   36.8876
    0.0309   -0.2051    0.9783
   -0.6601    0.7307    0.1741
   -0.7506   -0.6511   -0.1128
...    25 A-T ...
  -41.7249  -39.3985   36.4815
   -0.2982    0.2752    0.9140
   -0.5681    0.7183   -0.4017
   -0.7671   -0.6390   -0.0578
...    26 A-T ...
  -44.0471  -41.6695   36.4702
   -0.5769    0.6144    0.5382
   -0.2872    0.4643   -0.8378
   -0.7647   -0.6379   -0.0914
...    27 A-T ...
  -46.4901  -43.7929   36.4472
   -0.6296    0.7769   -0.0032
    0.0902    0.0691   -0.9935
   -0.7717   -0.6258   -0.1136
...    28 G-C ...
  -49.1529  -45.6950   36.3658
   -0.4218    0.7721   -0.4755
    0.3984   -0.3133   -0.8621
   -0.8145   -0.5530   -0.1754
...    29 G-C ...
  -52.1371  -47.1900   35.9906
   -0.0525    0.5802   -0.8128
    0.5394   -0.6685   -0.5121
   -0.8404   -0.4653   -0.2779
...    30 C-G ...
  -55.1061  -48.1869   35.0952
    0.3025    0.1978   -0.9324
    0.4675   -0.8833   -0.0357
   -0.8306   -0.4251   -0.3596
...    31 C-G ...
  -57.9094  -49.1383   33.5024
    0.5931   -0.2242   -0.7732
    0.2052   -0.8866    0.4145
   -0.7785   -0.4046   -0.4799
...    32 G-C ...
  -60.1604  -50.7789   31.7210
    0.7041   -0.6027   -0.3755
   -0.2052   -0.6789    0.7050
   -0.6798   -0.4193   -0.6017
...    33 G-C ...
  -62.0301  -52.1782   29.2849
    0.5364   -0.8393    0.0890
   -0.5848   -0.2936    0.7562
   -0.6085   -0.4576   -0.6483
...    34 C-G ...
  -63.6566  -53.7755   26.8862
    0.1477   -0.8584    0.4913
   -0.8000    0.1884    0.5696
   -0.5815   -0.4772   -0.6589
...    35 C-G ...
  -65.3531  -55.6163   24.6353
   -0.2840   -0.6039    0.7447
   -0.7668    0.6093    0.2017
   -0.5756   -0.5138   -0.6361
...    36 C-G ...
  -67.1079  -57.5733   22.5324
   -0.6232   -0.1588    0.7658
   -0.4945    0.8386   -0.2286
   -0.6059   -0.5211   -0.6011
...    37 G-C ...
  -69.1993  -58.8674   20.3111
   -0.7353    0.3695    0.5681
   -0.0584    0.8006   -0.5963
   -0.6752   -0.4717   -0.5671
...    38 A-T ...
  -71.3309  -60.5149   18.4880
   -0.6079    0.7784    0.1567
    0.3845    0.4613   -0.7996
   -0.6947   -0.4259   -0.5797
...    39 C-G ...
  -73.9167  -61.9687   17.1156
   -0.2978    0.9267   -0.2293
    0.6400    0.0156   -0.7682
   -0.7083   -0.3755   -0.5977
...    40 A-T ...
  -76.3575  -63.0615   15.1316
    0.1940    0.8496   -0.4904
    0.6798   -0.4768   -0.5572
   -0.7073   -0.2253   -0.6701
...    41 C-G ...
  -78.9670  -63.2440   13.2014
    0.5502    0.5219   -0.6519
    0.4829   -0.8357   -0.2614
   -0.6812   -0.1710   -0.7118
...    42 G-C ...
  -80.8937  -63.7866   10.5741
    0.8226    0.0422   -0.5671
    0.0857   -0.9950    0.0504
   -0.5622   -0.0900   -0.8221
...    43 A-T ...
  -82.5340  -63.9223    7.7713
    0.7570   -0.5175   -0.3991
   -0.4128   -0.8521    0.3218
   -0.5066   -0.0789   -0.8586
...    44 C-G ...
  -83.7019  -63.7526    4.6882
    0.4581   -0.8738   -0.1630
   -0.7545   -0.4792    0.4484
   -0.4700   -0.0824   -0.8788
...    45 T-A ...
  -84.8511  -64.0382    1.6113
    0.0242   -0.9929    0.1166
   -0.9023    0.0285    0.4301
   -0.4304   -0.1156   -0.8952
...    46 T-A ...
  -85.8980  -64.4315   -1.4480
   -0.5082   -0.8092    0.2948
   -0.7571    0.5829    0.2949
   -0.4105   -0.0733   -0.9089
...    47 A-T ...
  -87.4097  -64.3016   -4.4231
   -0.8773   -0.2903    0.3823
   -0.2836    0.9560    0.0750
   -0.3872   -0.0427   -0.9210
...    48 C-G ...
  -88.6634  -65.0383   -7.3959
   -0.8930    0.2372    0.3824
    0.2069    0.9711   -0.1192
   -0.3996   -0.0273   -0.9163
...    49 T-A ...
  -90.2132  -65.3398  -10.2866
   -0.6396    0.6937    0.3311
    0.6326    0.7198   -0.2860
   -0.4367    0.0265   -0.8992
...    50 G-C ...
  -91.7591  -65.0451  -13.2068
   -0.1468    0.9552    0.2571
    0.8724    0.2476   -0.4215
   -0.4663    0.1624   -0.8696
...    51 T-A ...
  -93.8002  -64.4227  -15.6763
    0.3307    0.9409    0.0728
    0.8315   -0.2540   -0.4941
   -0.4464    0.2239   -0.8664
...    52 A-T ...
  -95.5291  -63.0826  -18.2091
    0.7682    0.6402    0.0044
    0.5512   -0.6578   -0.5133
   -0.3258    0.3968   -0.8582
...    53 G-C ...
  -96.5932  -61.3896  -20.8090
    0.9667    0.1964   -0.1643
    0.0956   -0.8720   -0.4800
   -0.2375    0.4483   -0.8617
...    54 G-C ...
  -96.9735  -59.4439  -23.5389
    0.8980   -0.3214   -0.3004
   -0.4222   -0.8216   -0.3832
   -0.1237    0.4709   -0.8735
...    55 T-A ...
  -96.9049  -57.4782  -26.1788
    0.5675   -0.7029   -0.4288
   -0.8187   -0.5373   -0.2028
   -0.0878    0.4661   -0.8803
...    56 A-T ...
  -97.2514  -56.0076  -29.1280
   -0.0082   -0.8905   -0.4549
   -0.9981   -0.0205    0.0581
   -0.0610    0.4545   -0.8886
...    57 T-A ...
  -96.7522  -54.6525  -32.1018
   -0.5057   -0.7722   -0.3847
   -0.8612    0.4256    0.2779
   -0.0509    0.4718   -0.8802
...    58 C-G ...
  -96.8456  -53.2113  -35.0366
   -0.9091   -0.3896   -0.1472
   -0.4124    0.7922    0.4499
   -0.0586    0.4697   -0.8809
...    59 T-A ...
  -97.0899  -51.9718  -38.0835
   -0.9890    0.0454    0.1408
    0.1064    0.8792    0.4644
   -0.1027    0.4742   -0.8744
...    60 C-G ...
  -97.4735  -50.5178  -40.9772
   -0.7491    0.5177    0.4133
    0.6505    0.6928    0.3113
   -0.1252    0.5020   -0.8557
...    61 G-C ...
  -97.6652  -48.6308  -43.6824
   -0.2758    0.7230    0.6334
    0.9465    0.3192    0.0478
   -0.1676    0.6127   -0.7723
...    62 A-T ...
  -98.3365  -46.6322  -46.1389
    0.3055    0.7340    0.6065
    0.9401   -0.1311   -0.3148
   -0.1516    0.6663   -0.7301
...    63 G-C ...
  -99.0758  -44.2445  -48.2602
    0.7380    0.5065    0.4459
    0.6688   -0.4611   -0.5832
   -0.0898    0.7286   -0.6790
...    64 C-G ...
  -99.4526  -41.5298  -50.0465
    0.9813    0.1437    0.1280
    0.1906   -0.6337   -0.7497
   -0.0266    0.7601   -0.6492
...    65 T-A ...
  -99.3327  -38.7775  -51.8315
    0.9461   -0.2470   -0.2094
   -0.3179   -0.5850   -0.7462
    0.0619    0.7725   -0.6320
...    66 C-G ...
  -98.8727  -36.2562  -53.8304
    0.6008   -0.5595   -0.5710
   -0.7917   -0.3174   -0.5220
    0.1108    0.7657   -0.6336
...    67 G-C ...
  -98.6839  -33.9631  -56.2049
    0.0691   -0.7067   -0.7041
   -0.9818    0.0770   -0.1735
    0.1768    0.7033   -0.6886
...    68 G-C ...
  -97.7591  -31.8041  -58.6138
   -0.4694   -0.5994   -0.6484
   -0.8651    0.4591    0.2019
    0.1767    0.6557   -0.7341
...    69 G-C ...
  -96.9834  -29.8431  -61.2331
   -0.8654   -0.3017   -0.4001
   -0.4825    0.7172    0.5027
    0.1353    0.6281   -0.7663
...    70 A-T ...
  -96.4602  -27.8773  -63.7888
   -0.9877    0.1541   -0.0258
    0.1008    0.7544    0.6487
    0.1194    0.6381   -0.7606
...    71 T-A ...
  -96.3117  -26.2908  -66.6719
   -0.8084    0.5085    0.2965
    0.5745    0.5717    0.5858
    0.1283    0.6439   -0.7543
...    72 C-G ...
  -95.9992  -24.2280  -69.1751
   -0.3471    0.7106    0.6120
    0.9302    0.1780    0.3209
    0.1191    0.6807   -0.7228
...    73 C-G ...
  -96.0221  -21.8848  -71.5977
    0.1622    0.6174    0.7698
    0.9775   -0.2070   -0.0400
    0.1346    0.7590   -0.6371
...    74 G-C ...
  -95.3044  -19.3375  -73.5754
    0.6142    0.2898    0.7340
    0.7593   -0.4704   -0.4496
    0.2150    0.8335   -0.5090
...    75 C-G ...
  -94.7901  -16.3489  -74.8015
    0.8998   -0.0570    0.4325
    0.3398   -0.5300   -0.7769
    0.2736    0.8461   -0.4575
...    76 T-A ...
  -93.7724  -13.4183  -75.8701
    0.9238   -0.3819    0.0291
   -0.1335   -0.3923   -0.9101
    0.3590    0.8368   -0.4133
...    77 T-A ...
  -92.4755  -10.6399  -76.9040
    0.6988   -0.5431   -0.4655
   -0.6067   -0.1051   -0.7880
    0.3790    0.8331   -0.4029
...    78 T-A ...
  -90.9918   -7.9589  -77.9661
    0.2546   -0.5030   -0.8259
   -0.8857    0.2216   -0.4079
    0.3882    0.8354   -0.3891
...    79 T-A ...
  -89.4110   -5.3636  -79.1151
   -0.2686   -0.2748   -0.9232
   -0.8773    0.4656    0.1166
    0.3978    0.8413   -0.3661
...    80 C-G ...
  -88.0382   -2.7069  -80.4259
   -0.7271    0.0311   -0.6859
   -0.5626    0.5456    0.6211
    0.3935    0.8375   -0.3792
...    81 A-T ...
  -86.8465    0.1500  -81.5540
   -0.9447    0.2605   -0.1992
   -0.0634    0.4510    0.8903
    0.3218    0.8536   -0.4096
...    82 T-A ...
  -85.9341    2.6465  -83.4986
   -0.8528    0.4507    0.2637
    0.4064    0.2558    0.8771
    0.3278    0.8552   -0.4014
...    83 G-C ...
  -84.9753    5.5823  -84.6830
   -0.5400    0.4129    0.7335
    0.8001   -0.0186    0.5995
    0.2612    0.9106   -0.3203
...    84 T-A ...
  -84.7291    8.6167  -85.9081
   -0.0866    0.3036    0.9489
    0.9613   -0.2245    0.1596
    0.2615    0.9260   -0.2724
...    85 T-A ...
  -84.1619   11.6889  -86.7220
    0.4285    0.0985    0.8982
    0.8599   -0.3498   -0.3718
    0.2776    0.9316   -0.2346
...    86 A-T ...
  -83.4683   14.9441  -86.9325
    0.7339   -0.2531    0.6304
    0.5561   -0.3092   -0.7715
    0.3902    0.9167   -0.0862
...    87 T-A ...
  -82.4392   18.0221  -86.5559
    0.8995   -0.3963    0.1841
    0.1403   -0.1372   -0.9806
    0.4138    0.9078   -0.0678
...    88 A-T ...
  -80.8208   20.9077  -86.4413
    0.7823   -0.5206   -0.3419
   -0.3190    0.1366   -0.9379
    0.5350    0.8428   -0.0592
...    89 A-T ...
  -78.8837   23.5037  -86.3804
    0.4814   -0.3613   -0.7986
   -0.6849    0.4135   -0.5999
    0.5470    0.8358   -0.0484
...    90 C-G ...
  -76.5710   25.8668  -86.3479
    0.0626   -0.1161   -0.9913
   -0.8219    0.5574   -0.1171
    0.5661    0.8221   -0.0605
...    91 G-C ...
  -75.0586   28.7864  -86.6853
   -0.4343    0.1448   -0.8891
   -0.7021    0.5640    0.4348
    0.5644    0.8130   -0.1433
...    92 G-C ...
  -73.0318   31.3589  -87.4479
   -0.7707    0.3733   -0.5164
   -0.3595    0.4144    0.8361
    0.5261    0.8300   -0.1852
...    93 A-T ...
  -71.2507   34.0022  -88.1520
   -0.8478    0.5272    0.0575
    0.1395    0.1171    0.9833
    0.5117    0.8416   -0.1728
...    94 A-T ...
  -69.7127   36.7322  -88.9957
   -0.6292    0.5083    0.5879
    0.5721   -0.2091    0.7931
    0.5261    0.8354   -0.1592
...    95 A-T ...
  -68.2406   39.5378  -89.6542
   -0.2296    0.2951    0.9275
    0.8147   -0.4631    0.3490
    0.5325    0.8357   -0.1341
...    96 C-G ...
  -67.0701   42.5579  -90.0771
    0.1714   -0.0223    0.9849
    0.8231   -0.5461   -0.1556
    0.5413    0.8374   -0.0753
...    97 A-T ...
  -65.3181   45.3948  -90.1230
    0.4786   -0.4347    0.7629
    0.6406   -0.4214   -0.6420
    0.6005    0.7959    0.0768
...    98 C-G ...
  -63.6805   48.0799  -89.2742
    0.6923   -0.6349    0.3430
    0.3401   -0.1321   -0.9311
    0.6364    0.7612    0.1245
...    99 T-A ...
  -61.5448   50.4109  -88.4183
    0.7116   -0.6811   -0.1725
   -0.0078    0.2379   -0.9713
    0.7025    0.6925    0.1640
...   100 T-A ...
  -59.2007   52.4832  -87.5979
    0.5864   -0.4487   -0.6744
   -0.3757    0.5870   -0.7172
    0.7177    0.6739    0.1756
...   101 T-A ...
  -56.7079   54.4126  -86.8296
    0.2961   -0.0377   -0.9544
   -0.6255    0.7475   -0.2236
    0.7219    0.6632    0.1977
...   102 A-T ...
  -54.4812   56.7893  -86.1741
   -0.1182    0.4234   -0.8982
   -0.6716    0.6322    0.3864
    0.7314    0.6489    0.2096
...   103 T-A ...
  -51.6714   58.5147  -85.8989
   -0.4185    0.6983   -0.5807
   -0.5288    0.3324    0.7809
    0.7384    0.6339    0.2302
...   104 G-C ...
  -49.3989   60.7263  -85.0202
   -0.6927    0.7177   -0.0713
   -0.2109   -0.1070    0.9716
    0.6897    0.6881    0.2255
...   105 C-G ...
  -47.1163   63.0728  -84.6697
   -0.7316    0.5214    0.4391
    0.1749   -0.4790    0.8602
    0.6589    0.7061    0.2593
...   106 T-A ...
  -45.1816   65.6417  -83.9824
   -0.5999    0.1620    0.7835
    0.5087   -0.6787    0.5297
    0.6176    0.7163    0.3247
...   107 T-A ...
  -43.3889   68.1397  -83.0024
   -0.2661   -0.2565    0.9292
    0.7457   -0.6656    0.0299
    0.6108    0.7009    0.3684
...   108 C-G ...
  -41.5452   70.4381  -81.6787
    0.1334   -0.6356    0.7604
    0.7791   -0.4070   -0.4768
    0.6125    0.6560    0.4410
...   109 C-G ...
  -39.7998   72.5659  -79.7537
    0.4210   -0.8338    0.3571
    0.6337   -0.0112   -0.7735
    0.6489    0.5520    0.5237
...   110 G-C ...
  -37.3690   74.0501  -78.0896
    0.5823   -0.7943   -0.1734
    0.3875    0.4587   -0.7997
    0.7147    0.3984    0.5749
...   111 G-C ...
  -34.8713   74.8004  -75.9611
    0.6343   -0.4769   -0.6084
    0.0875    0.8263   -0.5564
    0.7681    0.2997    0.5659
...   112 C-G ...
  -32.1963   75.2812  -74.0959
    0.5639    0.0267   -0.8254
   -0.2276    0.9658   -0.1242
    0.7939    0.2579    0.5507
...   113 T-A ...
  -29.3916   75.7922  -72.4313
    0.3532    0.5151   -0.7810
   -0.4563    0.8236    0.3368
    0.8167    0.2374    0.5259
...   114 C-G ...
  -26.6252   76.5070  -70.8217
    0.0316    0.9014   -0.4319
   -0.5759    0.3696    0.7292
    0.8169    0.2257    0.5307
...   115 G-C ...
  -24.2254   77.2670  -68.6743
   -0.3446    0.9387    0.0046
   -0.5115   -0.1919    0.8376
    0.7871    0.2862    0.5463
...   116 T-A ...
  -21.4079   78.4501  -67.3827
   -0.5743    0.7055    0.4152
   -0.2855   -0.6480    0.7061
    0.7672    0.2870    0.5736
...   117 A-T ...
  -18.9184   79.6047  -65.5347
   -0.7226    0.2192    0.6556
    0.0580   -0.9258    0.3735
    0.6889    0.3079    0.6563
...   118 T-A ...
  -16.9098   81.2198  -63.5345
   -0.6328   -0.2631    0.7283
    0.3926   -0.9197    0.0088
    0.6675    0.2914    0.6852
...   119 A-T ...
  -15.3189   82.6249  -60.9197
   -0.5292   -0.7095    0.4653
    0.6645   -0.6876   -0.2927
    0.5276    0.1542    0.8354
...   120 A-T ...
  -13.9096   83.1286  -58.0764
   -0.1422   -0.9729    0.1826
    0.8570   -0.2133   -0.4690
    0.4952    0.0898    0.8641
...   121 T-A ...
  -12.9430   83.3247  -54.9758
    0.2620   -0.9601   -0.0976
    0.8330    0.2761   -0.4795
    0.4873    0.0444    0.8721
...   122 G-C ...
  -11.1982   83.0789  -52.1713
    0.5994   -0.6669   -0.4427
    0.6063    0.7394   -0.2928
    0.5226   -0.0929    0.8475
...   123 T-A ...
   -9.7584   82.1598  -49.3598
    0.8131   -0.2038   -0.5453
    0.2409    0.9705   -0.0036
    0.5299   -0.1285    0.8382
...   124 G-C ...
   -7.8085   81.9469  -46.7182
    0.7820    0.3819   -0.4927
   -0.2296    0.9113    0.3419
    0.5795   -0.1543    0.8002
...   125 T-A ...
   -5.6589   80.9317  -44.3790
    0.5600    0.7937   -0.2377
   -0.5973    0.5856    0.5480
    0.5741   -0.1649    0.8020
...   126 C-G ...
   -3.6858   80.3282  -41.8292
    0.1130    0.9848    0.1319
   -0.8197    0.0174    0.5726
    0.5616   -0.1729    0.8092
...   127 G-C ...
   -2.2390   79.5437  -38.9621
   -0.3979    0.8498    0.3457
   -0.7685   -0.5145    0.3803
    0.5011   -0.1144    0.8578
...   128 A-T ...
   -0.4835   79.1462  -36.2594
   -0.7848    0.4219    0.4539
   -0.4279   -0.8988    0.0956
    0.4482   -0.1192    0.8859
...   129 C-G ...
    1.0237   79.3675  -33.3812
   -0.9205   -0.0654    0.3852
    0.0090   -0.9892   -0.1465
    0.3906   -0.1314    0.9111
...   130 C-G ...
    2.1279   79.3444  -30.2032
   -0.8438   -0.5221    0.1240
    0.4668   -0.8281   -0.3104
    0.2647   -0.2040    0.9425
...   131 A-T ...
    2.6637   78.6679  -26.9750
   -0.5331   -0.8162   -0.2228
    0.8378   -0.4727   -0.2731
    0.1175   -0.3323    0.9358
...   132 A-T ...
    2.6916   77.5387  -23.9638
   -0.0205   -0.9208   -0.3895
    0.9968    0.0116   -0.0797
    0.0779   -0.3899    0.9176
...   133 A-T ...
    2.6277   76.0933  -21.0789
    0.5131   -0.7614   -0.3964
    0.8563    0.4859    0.1751
    0.0592   -0.4293    0.9012
...   134 T-A ...
    2.3076   74.2308  -18.3903
    0.8657   -0.4293   -0.2574
    0.4984    0.7868    0.3641
    0.0462   -0.4435    0.8951
...   135 G-C ...
    1.4354   72.0970  -15.6050
    0.9809    0.0621    0.1843
   -0.1263    0.9241    0.3607
   -0.1479   -0.3771    0.9143
...   136 T-A ...
    0.5280   69.2393  -13.4689
    0.7351    0.4963    0.4618
   -0.6117    0.7792    0.1365
   -0.2921   -0.3828    0.8764
...   137 G-C ...
   -0.1659   67.4106  -10.8095
    0.1800    0.8794    0.4408
   -0.9276    0.3008   -0.2214
   -0.3274   -0.3691    0.8698
...   138 A-T ...
   -0.1321   66.2180   -7.8216
   -0.3749    0.8570    0.3536
   -0.8857   -0.2184   -0.4098
   -0.2739   -0.4668    0.8409
...   139 G-C ...
   -1.0069   65.6075   -4.9425
   -0.8336    0.5218    0.1811
   -0.5170   -0.6220   -0.5881
   -0.1942   -0.5839    0.7883
...   140 C-G ...
   -0.6974   63.9004   -2.2528
   -0.9992    0.0157   -0.0376
    0.0023   -0.8993   -0.4374
   -0.0406   -0.4371    0.8985
...   141 G-C ...
   -3.4382   60.2386    1.0284
   -0.4425    0.2285   -0.8672
    0.1683   -0.9287   -0.3306
   -0.8808   -0.2922    0.3725
...   142 C-G ...
   -6.3288   59.0834    1.6293
   -0.2970   -0.3280   -0.8968
    0.5656   -0.8171    0.1115
   -0.7693   -0.4741    0.4282
...   143 T-A ...
   -8.6768   58.7243    3.6024
   -0.0347   -0.7817   -0.6227
    0.6533   -0.4893    0.5778
   -0.7563   -0.3868    0.5276
...   144 C-G ...
  -11.6544   58.0114    4.7193
    0.2451   -0.9542   -0.1716
    0.6322    0.0231    0.7745
   -0.7350   -0.2983    0.6089
...   145 A-T ...
  -14.1760   56.5669    6.1807
    0.5795   -0.7268    0.3687
    0.3139    0.6165    0.7220
   -0.7521   -0.3027    0.5855
...   146 C-G ...
  -16.4651   53.8950    7.5153
    0.5336   -0.3331    0.7774
   -0.0346    0.9098    0.4136
   -0.8450   -0.2476    0.4739
...   147 A-T ...
  -19.0172   52.0375    8.9260
    0.2452    0.2907    0.9249
   -0.3073    0.9281   -0.2103
   -0.9195   -0.2327    0.3169
