  147 base-pairs
...     1 A-T ...
    0.0000    0.0000    0.0000
    1.0000    0.0000    0.0000
    0.0000    1.0000    0.0000
    0.0000    0.0000    1.0000
...     2 G-C ...
   -0.1404   -1.2353    3.2259
    0.7530    0.6366    0.1668
   -0.6385    0.7681   -0.0490
   -0.1593   -0.0696    0.9848
...     3 T-A ...
   -0.0377   -3.2918    6.3749
    0.2722    0.9302    0.2464
   -0.9238    0.3243   -0.2034
   -0.2691   -0.1722    0.9476
...     4 G-C ...
   -0.3520   -4.1638    9.4928
   -0.3756    0.9250    0.0576
   -0.8780   -0.3352   -0.3416
   -0.2967   -0.1788    0.9381
...     5 A-T ...
   -0.4480   -4.1448   12.7498
   -0.8116    0.5839   -0.0166
   -0.5522   -0.7762   -0.3042
   -0.1905   -0.2377    0.9525
...     6 G-C ...
   -1.5926   -4.1701   15.6201
   -0.9976    0.0246   -0.0651
   -0.0043   -0.9555   -0.2950
   -0.0694   -0.2940    0.9533
...     7 C-G ...
   -1.1050   -4.4793   18.7363
   -0.8442   -0.5302   -0.0787
    0.5343   -0.8442   -0.0430
   -0.0437   -0.0784    0.9960
...     8 G-C ...
   -2.4044   -7.7255   23.1483
   -0.2753   -0.3294   -0.9032
    0.6650   -0.7437    0.0686
   -0.6943   -0.5817    0.4238
...     9 C-G ...
   -4.4706   -9.9691   24.1142
    0.1145   -0.7026   -0.7023
    0.8512   -0.2951    0.4341
   -0.5123   -0.6475    0.5642
...    10 T-A ...
   -6.7420  -10.8705   25.9717
    0.4841   -0.8363   -0.2573
    0.6594    0.1554    0.7356
   -0.5752   -0.5257    0.6267
...    11 C-G ...
   -9.1682  -12.6167   27.1662
    0.7073   -0.6683    0.2306
    0.3450    0.6110    0.7125
   -0.6170   -0.4243    0.6627
...    12 A-T ...
  -10.9253  -14.6583   29.0713
    0.7515   -0.1377    0.6452
   -0.2027    0.8824    0.4245
   -0.6278   -0.4498    0.6352
...    13 C-G ...
  -11.8495  -17.4796   31.2472
    0.4294    0.2824    0.8578
   -0.5708    0.8209    0.0155
   -0.6998   -0.4963    0.5137
...    14 A-T ...
  -13.5915  -19.7756   33.4284
   -0.1503    0.6106    0.7775
   -0.6874    0.5007   -0.5261
   -0.7106   -0.6135    0.3445
...    15 A-T ...
  -15.7754  -21.8892   34.5258
   -0.4916    0.7994    0.3453
   -0.4623    0.0965   -0.8815
   -0.7380   -0.5929    0.3221
...    16 T-A ...
  -17.9343  -23.8075   36.2892
   -0.6837    0.7119   -0.1605
   -0.1175   -0.3245   -0.9386
   -0.7202   -0.6228    0.3055
...    17 T-A ...
  -20.3026  -25.6641   37.6387
   -0.6378    0.3821   -0.6687
    0.3110   -0.6665   -0.6775
   -0.7046   -0.6401    0.3063
...    18 T-A ...
  -22.6875  -27.5594   38.6123
   -0.3142    0.0247   -0.9490
    0.5900   -0.7781   -0.2156
   -0.7438   -0.6276    0.2299
...    19 A-T ...
  -25.2098  -29.5229   38.9977
    0.1365   -0.2062   -0.9689
    0.6338   -0.7336    0.2454
   -0.7614   -0.6476    0.0305
...    20 T-A ...
  -28.0943  -31.1007   38.7348
    0.4441   -0.5272   -0.7245
    0.4738   -0.5481    0.6893
   -0.7604   -0.6494    0.0064
...    21 T-A ...
  -30.6833  -33.0909   38.4318
    0.6387   -0.7344   -0.2295
    0.1317   -0.1895    0.9730
   -0.7581   -0.6517   -0.0243
...    22 C-G ...
  -33.0830  -35.3019   38.2319
    0.6194   -0.6956    0.3641
   -0.2745    0.2425    0.9305
   -0.7355   -0.6763   -0.0407
...    23 G-C ...
  -35.4704  -37.5713   38.8146
    0.4418   -0.3728    0.8160
   -0.6179    0.5330    0.5780
   -0.6504   -0.7596    0.0051
...    24 C-G ...
  -37.3060  -40.2696   38.7059
    0.0888   -0.0031    0.9960
   -0.7575    0.6491    0.0695
   -0.6467   -0.7607    0.0553
...    25 A-T ...
  -39.7806  -42.4397   38.6623
   -0.3353    0.3901    0.8576
   -0.6645    0.5473   -0.5088
   -0.6678   -0.7405    0.0757
...    26 A-T ...
  -41.8471  -44.9566   39.0940
   -0.6587    0.6170    0.4305
   -0.3548    0.2498   -0.9009
   -0.6635   -0.7462    0.0544
...    27 A-T ...
  -43.8804  -47.4465   39.6167
   -0.7533    0.6387   -0.1572
    0.1032   -0.1214   -0.9872
   -0.6496   -0.7599    0.0256
...    28 G-C ...
  -46.2960  -49.7320   40.1183
   -0.5392    0.5425   -0.6442
    0.4648   -0.4462   -0.7648
   -0.7023   -0.7118   -0.0116
...    29 G-C ...
  -49.0799  -51.7861   40.1614
   -0.1174    0.3114   -0.9430
    0.6719   -0.6744   -0.3064
   -0.7313   -0.6695   -0.1301
...    30 C-G ...
  -51.8150  -53.4820   39.5836
    0.3153   -0.0251   -0.9487
    0.6125   -0.7581    0.2236
   -0.7248   -0.6516   -0.2236
...    31 C-G ...
  -54.3927  -55.3445   38.6261
    0.6667   -0.3538   -0.6559
    0.3192   -0.6597    0.6804
   -0.6735   -0.6630   -0.3269
...    32 G-C ...
  -56.0930  -57.6110   37.5308
    0.8110   -0.5490   -0.2021
   -0.0942   -0.4635    0.8811
   -0.5774   -0.6955   -0.4276
...    33 G-C ...
  -57.3746  -60.1961   35.7601
    0.6595   -0.6809    0.3186
   -0.5563   -0.1570    0.8160
   -0.5056   -0.7154   -0.4823
...    34 C-G ...
  -58.5877  -62.7032   34.0508
    0.2591   -0.6444    0.7195
   -0.8454    0.2090    0.4916
   -0.4671   -0.7356   -0.4906
...    35 C-G ...
  -59.8711  -65.4700   32.5549
   -0.2641   -0.4224    0.8671
   -0.8597    0.5106   -0.0131
   -0.4372   -0.7489   -0.4980
...    36 C-G ...
  -61.1597  -68.1663   31.0200
   -0.6785   -0.0612    0.7320
   -0.5849    0.6479   -0.4880
   -0.4444   -0.7593   -0.4754
...    37 G-C ...
  -62.8282  -70.0047   28.5883
   -0.8601    0.3564    0.3649
   -0.0880    0.6009   -0.7945
   -0.5024   -0.7155   -0.4855
...    38 A-T ...
  -64.1764  -72.3550   27.0225
   -0.7478    0.6482   -0.1436
    0.4427    0.3255   -0.8355
   -0.4949   -0.6883   -0.5304
...    39 C-G ...
  -66.1764  -74.4061   25.6168
   -0.3890    0.7717   -0.5032
    0.7604   -0.0394   -0.6483
   -0.5201   -0.6348   -0.5715
...    40 A-T ...
  -68.0836  -76.3415   23.7260
    0.1455    0.7202   -0.6783
    0.8400   -0.4522   -0.2999
   -0.5227   -0.5262   -0.6707
...    41 C-G ...
  -70.0251  -77.4774   21.3999
    0.5846    0.4563   -0.6709
    0.6525   -0.7559    0.0544
   -0.4823   -0.4695   -0.7396
...    42 G-C ...
  -71.2251  -79.2784   18.8685
    0.8975    0.0147   -0.4407
    0.1878   -0.9170    0.3519
   -0.3989   -0.3986   -0.8258
...    43 A-T ...
  -72.4452  -80.4657   16.1965
    0.8448   -0.5132   -0.1512
   -0.3691   -0.7636    0.5298
   -0.3873   -0.3918   -0.8345
...    44 C-G ...
  -73.2952  -81.2585   13.0965
    0.5485   -0.8166    0.1799
   -0.7660   -0.4044    0.4997
   -0.3353   -0.4119   -0.8473
...    45 T-A ...
  -73.6876  -82.7023    9.7661
    0.0377   -0.9111    0.4104
   -0.9479    0.0975    0.3034
   -0.3165   -0.4004   -0.8600
...    46 T-A ...
  -74.1526  -83.9461    6.7525
   -0.4521   -0.7654    0.4580
   -0.8393    0.5388    0.0721
   -0.3019   -0.3518   -0.8860
...    47 A-T ...
  -75.3349  -84.8014    3.7259
   -0.8826   -0.2728    0.3828
   -0.3717    0.9036   -0.2131
   -0.2877   -0.3304   -0.8989
...    48 C-G ...
  -76.1665  -86.4994    0.9772
   -0.9442    0.2424    0.2229
    0.1483    0.9173   -0.3695
   -0.2941   -0.3158   -0.9021
...    49 T-A ...
  -77.4357  -87.8395   -1.8329
   -0.7012    0.7094    0.0707
    0.6189    0.6550   -0.4335
   -0.3539   -0.2602   -0.8984
...    50 G-C ...
  -78.8339  -88.4166   -4.8545
   -0.2014    0.9790   -0.0301
    0.8997    0.1728   -0.4009
   -0.3873   -0.1078   -0.9156
...    51 T-A ...
  -80.5849  -88.6558   -7.5173
    0.2647    0.9567   -0.1213
    0.8919   -0.2907   -0.3463
   -0.3666   -0.0165   -0.9302
...    52 A-T ...
  -82.4198  -87.5236  -10.2444
    0.7151    0.6988    0.0180
    0.6667   -0.6741   -0.3180
   -0.2101    0.2394   -0.9479
...    53 G-C ...
  -83.3935  -86.3913  -13.0964
    0.9611    0.2759   -0.0136
    0.2559   -0.9078   -0.3324
   -0.1041    0.3160   -0.9430
...    54 G-C ...
  -83.6011  -84.3023  -16.1243
    0.9621   -0.2543   -0.0982
   -0.2726   -0.9053   -0.3258
   -0.0061    0.3402   -0.9403
...    55 T-A ...
  -83.1472  -82.8338  -19.0136
    0.6969   -0.6767   -0.2374
   -0.7166   -0.6443   -0.2669
    0.0277    0.3561   -0.9340
...    56 A-T ...
  -82.4368  -81.4795  -22.0511
    0.1764   -0.9323   -0.3157
   -0.9811   -0.1405   -0.1332
    0.0798    0.3332   -0.9395
...    57 T-A ...
  -81.3933  -80.3445  -24.9907
   -0.3304   -0.8665   -0.3743
   -0.9397    0.3389    0.0450
    0.0878    0.3666   -0.9262
...    58 C-G ...
  -80.8690  -79.3457  -28.1548
   -0.8277   -0.4814   -0.2883
   -0.5540    0.7828    0.2834
    0.0893    0.3943   -0.9146
...    59 T-A ...
  -80.5958  -78.3572  -31.3313
   -0.9977   -0.0324   -0.0588
   -0.0530    0.9172    0.3949
    0.0411    0.3971   -0.9168
...    60 C-G ...
  -80.4785  -77.0449  -34.3983
   -0.8555    0.4733    0.2100
    0.5176    0.7697    0.3737
    0.0153    0.4284   -0.9035
...    61 G-C ...
  -80.2729  -75.2123  -37.0785
   -0.5085    0.6769    0.5322
    0.8568    0.4590    0.2349
   -0.0852    0.5755   -0.8134
...    62 A-T ...
  -80.3578  -73.4003  -39.7604
    0.0375    0.7555    0.6541
    0.9980    0.0049   -0.0629
   -0.0507    0.6551   -0.7538
...    63 G-C ...
  -80.8672  -70.9441  -41.9232
    0.5250    0.5972    0.6065
    0.8509   -0.3506   -0.3913
   -0.0210    0.7214   -0.6922
...    64 C-G ...
  -81.2205  -68.1749  -43.8212
    0.9073    0.2544    0.3347
    0.4194   -0.6009   -0.6805
    0.0280    0.7578   -0.6519
...    65 T-A ...
  -81.2133  -65.4164  -45.6264
    0.9917   -0.1285   -0.0061
   -0.0847   -0.6167   -0.7826
    0.0968    0.7767   -0.6224
...    66 C-G ...
  -80.5489  -63.0839  -47.7609
    0.7756   -0.4800   -0.4100
   -0.6048   -0.3792   -0.7003
    0.1807    0.7911   -0.5844
...    67 G-C ...
  -80.3494  -60.8710  -50.3131
    0.3151   -0.6503   -0.6913
   -0.9154   -0.0160   -0.4022
    0.2505    0.7595   -0.6004
...    68 G-C ...
  -79.2607  -58.4026  -52.2802
   -0.2291   -0.5916   -0.7730
   -0.9426    0.3331    0.0244
    0.2430    0.7342   -0.6340
...    69 G-C ...
  -78.2600  -56.1315  -54.5147
   -0.7125   -0.3856   -0.5862
   -0.6719    0.6156    0.4118
    0.2020    0.6873   -0.6977
...    70 A-T ...
  -77.3998  -54.0314  -56.9471
   -0.9709    0.0494   -0.2342
   -0.1276    0.7210    0.6811
    0.2025    0.6912   -0.6938
...    71 T-A ...
  -76.8475  -52.2054  -59.6468
   -0.9045    0.3969    0.1559
    0.3822    0.5926    0.7091
    0.1891    0.7009   -0.6877
...    72 C-G ...
  -76.4300  -49.9584  -62.0179
   -0.5256    0.6440    0.5559
    0.8309    0.2482    0.4981
    0.1828    0.7237   -0.6655
...    73 C-G ...
  -75.9159  -47.7282  -64.3769
   -0.0714    0.5682    0.8198
    0.9799   -0.1135    0.1639
    0.1862    0.8150   -0.5487
...    74 G-C ...
  -74.8811  -45.0228  -65.9231
    0.3933    0.2801    0.8757
    0.8912   -0.3502   -0.2883
    0.2259    0.8938   -0.3874
...    75 C-G ...
  -74.4825  -41.7280  -66.8689
    0.8160    0.0059    0.5780
    0.5232   -0.4330   -0.7340
    0.2459    0.9014   -0.3564
...    76 T-A ...
  -73.4816  -38.4814  -67.4632
    0.9610   -0.2600    0.0943
    0.0091   -0.3112   -0.9503
    0.2765    0.9141   -0.2966
...    77 T-A ...
  -72.4519  -35.4449  -68.0074
    0.8040   -0.3751   -0.4613
   -0.5306   -0.1024   -0.8414
    0.2684    0.9213   -0.2814
...    78 T-A ...
  -71.3132  -32.4391  -68.5934
    0.3725   -0.3356   -0.8652
   -0.8920    0.1278   -0.4336
    0.2561    0.9333   -0.2517
...    79 T-A ...
  -70.2942  -29.4261  -69.2305
   -0.2034   -0.1764   -0.9631
   -0.9465    0.2873    0.1473
    0.2507    0.9415   -0.2254
...    80 C-G ...
  -69.7395  -26.2741  -69.9806
   -0.7091    0.0022   -0.7051
   -0.6588    0.3545    0.6636
    0.2514    0.9350   -0.2499
...    81 A-T ...
  -68.6598  -23.2282  -70.9185
   -0.9686    0.0923   -0.2310
   -0.1865    0.3453    0.9198
    0.1647    0.9340   -0.3172
...    82 T-A ...
  -68.2316  -20.3883  -72.4090
   -0.9453    0.2127    0.2475
    0.2992    0.2621    0.9175
    0.1302    0.9413   -0.3114
...    83 G-C ...
  -68.0731  -17.1876  -73.6966
   -0.6376    0.2319    0.7346
    0.7664    0.0937    0.6355
    0.0785    0.9682   -0.2375
...    84 T-A ...
  -68.4663  -14.0656  -74.7468
   -0.1773    0.2178    0.9598
    0.9811   -0.0384    0.1899
    0.0782    0.9752   -0.2069
...    85 T-A ...
  -68.4423  -10.9652  -75.2370
    0.3382    0.1026    0.9355
    0.9368   -0.1311   -0.3243
    0.0894    0.9861   -0.1404
...    86 A-T ...
  -68.0401   -7.7471  -75.4625
    0.7296   -0.1201    0.6733
    0.6592   -0.1390   -0.7390
    0.1823    0.9830   -0.0223
...    87 T-A ...
  -67.8215   -4.5969  -74.8709
    0.9536   -0.1769    0.2437
    0.2371   -0.0581   -0.9698
    0.1857    0.9825   -0.0134
...    88 A-T ...
  -67.0414   -1.4263  -74.9144
    0.9166   -0.2887   -0.2766
   -0.2602    0.0945   -0.9609
    0.3035    0.9528    0.0115
...    89 A-T ...
  -65.9513    1.5258  -74.6756
    0.6362   -0.2297   -0.7365
   -0.6923    0.2514   -0.6764
    0.3405    0.9402    0.0009
...    90 C-G ...
  -64.1132    4.4163  -74.3554
    0.1765   -0.0604   -0.9825
   -0.9215    0.3406   -0.1865
    0.3459    0.9383    0.0044
...    91 G-C ...
  -63.2451    7.5351  -74.6885
   -0.3879    0.0522   -0.9202
   -0.8486    0.3694    0.3786
    0.3597    0.9278   -0.0990
...    92 G-C ...
  -62.0622   10.5153  -75.3876
   -0.7904    0.1565   -0.5923
   -0.5246    0.3263    0.7863
    0.3163    0.9322   -0.1758
...    93 A-T ...
  -60.8656   13.5129  -76.1651
   -0.9533    0.2984   -0.0457
    0.0068    0.1724    0.9850
    0.3018    0.9387   -0.1663
...    94 A-T ...
  -60.0217   16.5566  -76.9033
   -0.7712    0.3602    0.5248
    0.5503   -0.0372    0.8342
    0.3200    0.9321   -0.1696
...    95 A-T ...
  -59.2374   19.6243  -77.7716
   -0.3494    0.2731    0.8963
    0.8754   -0.2459    0.4162
    0.3340    0.9300   -0.1532
...    96 C-G ...
  -58.8029   22.8699  -78.3312
    0.1135    0.0711    0.9910
    0.9309   -0.3560   -0.0811
    0.3471    0.9318   -0.1067
...    97 A-T ...
  -57.8053   26.0167  -78.4772
    0.5287   -0.2520    0.8105
    0.7458   -0.3179   -0.5854
    0.4052    0.9140    0.0199
...    98 C-G ...
  -56.7467   29.0925  -77.7737
    0.8049   -0.4237    0.4155
    0.3974   -0.1350   -0.9076
    0.4407    0.8957    0.0597
...    99 T-A ...
  -55.0825   32.1252  -76.8163
    0.8572   -0.4943   -0.1447
   -0.0855    0.1405   -0.9864
    0.5079    0.8579    0.0782
...   100 T-A ...
  -53.2710   34.7482  -76.1836
    0.6663   -0.3215   -0.6728
   -0.5444    0.4068   -0.7336
    0.5096    0.8551    0.0960
...   101 T-A ...
  -51.4124   37.3471  -75.6836
    0.2616   -0.0351   -0.9645
   -0.8170    0.5240   -0.2407
    0.5139    0.8510    0.1084
...   102 A-T ...
  -49.9025   40.3286  -75.3759
   -0.2640    0.2706   -0.9258
   -0.8122    0.4554    0.3647
    0.5203    0.8482    0.0995
...   103 T-A ...
  -47.6918   42.7567  -75.4990
   -0.6135    0.4410   -0.6551
   -0.5962    0.2853    0.7504
    0.5178    0.8510    0.0879
...   104 G-C ...
  -46.0159   45.6177  -75.5176
   -0.8915    0.4466   -0.0767
   -0.0901   -0.0089    0.9959
    0.4440    0.8947    0.0482
...   105 C-G ...
  -44.9058   48.6776  -75.6606
   -0.8240    0.3294    0.4610
    0.3854   -0.2705    0.8822
    0.4153    0.9046    0.0959
...   106 T-A ...
  -43.8031   51.9068  -75.6405
   -0.5005    0.0869    0.8614
    0.7732   -0.4027    0.4899
    0.3894    0.9112    0.1343
...   107 T-A ...
  -42.7537   54.8928  -75.2493
   -0.0406   -0.2051    0.9779
    0.9211   -0.3870   -0.0430
    0.3873    0.8990    0.2046
...   108 C-G ...
  -41.7147   57.8301  -74.3328
    0.4016   -0.4787    0.7808
    0.8129   -0.2064   -0.5446
    0.4219    0.8534    0.3063
...   109 C-G ...
  -40.5649   60.7093  -73.2821
    0.6690   -0.6479    0.3643
    0.5192    0.0566   -0.8528
    0.5319    0.7596    0.3743
...   110 G-C ...
  -38.6606   62.7969  -72.1992
    0.7497   -0.6473   -0.1377
    0.1835    0.4031   -0.8966
    0.6359    0.6469    0.4209
...   111 G-C ...
  -36.0665   64.3212  -70.7128
    0.6887   -0.3827   -0.6159
   -0.1780    0.7342   -0.6552
    0.7029    0.5609    0.4375
...   112 C-G ...
  -33.3018   65.5583  -69.2499
    0.4714    0.0528   -0.8804
   -0.4859    0.8486   -0.2093
    0.7360    0.5264    0.4256
...   113 T-A ...
  -30.7516   67.0642  -67.8682
    0.1639    0.4893   -0.8566
   -0.6334    0.7179    0.2889
    0.7563    0.4952    0.4276
...   114 C-G ...
  -28.4065   68.9011  -66.5335
   -0.2278    0.8169   -0.5300
   -0.5922    0.3158    0.7413
    0.7729    0.4827    0.4119
...   115 G-C ...
  -26.1406   70.4738  -64.7757
   -0.5442    0.8385   -0.0267
   -0.3784   -0.2169    0.8999
    0.7488    0.4998    0.4353
...   116 T-A ...
  -23.7662   72.5133  -63.7683
   -0.6891    0.5866    0.4255
   -0.0545   -0.6275    0.7767
    0.7227    0.5120    0.4643
...   117 A-T ...
  -21.4806   74.7677  -62.5272
   -0.6797    0.1002    0.7266
    0.3253   -0.8467    0.4210
    0.6575    0.5225    0.5429
...   118 T-A ...
  -19.7760   76.9994  -60.9779
   -0.4591   -0.3216    0.8281
    0.5936   -0.8046    0.0166
    0.6610    0.4992    0.5603
...   119 A-T ...
  -17.8629   78.5534  -58.9271
   -0.2862   -0.7370    0.6123
    0.7612   -0.5630   -0.3218
    0.5819    0.3740    0.7222
...   120 A-T ...
  -16.2695   79.6934  -56.3707
    0.0891   -0.9613    0.2608
    0.8184   -0.0786   -0.5693
    0.5678    0.2641    0.7797
...   121 T-A ...
  -14.9480   80.3865  -53.4314
    0.4562   -0.8863   -0.0794
    0.6879    0.4079   -0.6004
    0.5645    0.2192    0.7958
...   122 G-C ...
  -13.0659   80.6142  -50.5876
    0.6832   -0.5453   -0.4857
    0.3776    0.8331   -0.4043
    0.6251    0.0928    0.7750
...   123 T-A ...
  -11.0060   80.2493  -48.1208
    0.7808   -0.0919   -0.6181
    0.0473    0.9950   -0.0881
    0.6230    0.0395    0.7812
...   124 G-C ...
   -8.8191   80.2316  -45.6875
    0.6594    0.4828   -0.5763
   -0.3634    0.8757    0.3179
    0.6582   -0.0002    0.7529
...   125 T-A ...
   -6.4526   79.7407  -43.4988
    0.3838    0.8606   -0.3346
   -0.6423    0.5092    0.5729
    0.6635   -0.0050    0.7482
...   126 C-G ...
   -4.3013   79.7125  -41.1892
   -0.0425    0.9961    0.0770
   -0.7464   -0.0828    0.6604
    0.6642   -0.0294    0.7470
...   127 G-C ...
   -2.6613   79.4060  -38.4442
   -0.4598    0.8251    0.3282
   -0.6606   -0.5648    0.4946
    0.5935    0.0106    0.8048
...   128 A-T ...
   -0.6524   79.2283  -36.0688
   -0.7632    0.3657    0.5327
   -0.3220   -0.9300    0.1771
    0.5602   -0.0363    0.8276
...   129 C-G ...
    1.1598   79.8158  -33.3928
   -0.8542   -0.1553    0.4962
    0.1032   -0.9860   -0.1310
    0.5096   -0.0607    0.8583
...   130 C-G ...
    2.1915   80.1091  -30.1418
   -0.7846   -0.5796    0.2203
    0.5003   -0.8016   -0.3272
    0.3662   -0.1465    0.9189
...   131 A-T ...
    2.5901   78.9976  -26.9927
   -0.5903   -0.7735   -0.2308
    0.7942   -0.5054   -0.3374
    0.1443   -0.3824    0.9126
...   132 A-T ...
    2.7682   77.6527  -24.0360
   -0.0910   -0.8953   -0.4361
    0.9914   -0.0401   -0.1245
    0.0939   -0.4437    0.8913
...   133 A-T ...
    2.6421   76.1292  -21.1127
    0.5031   -0.7662   -0.3999
    0.8615    0.4816    0.1611
    0.0691   -0.4255    0.9023
...   134 T-A ...
    2.3076   74.2307  -18.3902
    0.8657   -0.4293   -0.2574
    0.4984    0.7868    0.3641
    0.0462   -0.4435    0.8951
...   135 G-C ...
    1.4354   72.0969  -15.6050
    0.9809    0.0621    0.1843
   -0.1263    0.9241    0.3607
   -0.1479   -0.3771    0.9143
...   136 T-A ...
    0.5280   69.2392  -13.4688
    0.7351    0.4963    0.4618
   -0.6117    0.7792    0.1365
   -0.2921   -0.3828    0.8764
...   137 G-C ...
   -0.1658   67.4105  -10.8095
    0.1800    0.8794    0.4408
   -0.9276    0.3008   -0.2214
   -0.3274   -0.3691    0.8698
...   138 A-T ...
   -0.1321   66.2179   -7.8216
   -0.3749    0.8570    0.3536
   -0.8857   -0.2184   -0.4098
   -0.2739   -0.4668    0.8409
...   139 G-C ...
   -1.0069   65.6074   -4.9424
   -0.8336    0.5218    0.1811
   -0.5170   -0.6220   -0.5881
   -0.1942   -0.5839    0.7883
...   140 C-G ...
   -0.6974   63.9003   -2.2528
   -0.9992    0.0157   -0.0376
    0.0023   -0.8993   -0.4374
   -0.0406   -0.4371    0.8985
...   141 G-C ...
   -3.4382   60.2384    1.0284
   -0.4425    0.2285   -0.8672
    0.1683   -0.9287   -0.3306
   -0.8808   -0.2922    0.3725
...   142 C-G ...
   -6.3288   59.0833    1.6294
   -0.2970   -0.3280   -0.8968
    0.5656   -0.8171    0.1115
   -0.7693   -0.4741    0.4282
...   143 T-A ...
   -8.6768   58.7242    3.6024
   -0.0347   -0.7817   -0.6227
    0.6533   -0.4893    0.5778
   -0.7563   -0.3868    0.5276
...   144 C-G ...
  -11.6544   58.0113    4.7193
    0.2451   -0.9542   -0.1716
    0.6322    0.0231    0.7745
   -0.7350   -0.2983    0.6089
...   145 A-T ...
  -14.1760   56.5668    6.1807
    0.5795   -0.7268    0.3687
    0.3139    0.6165    0.7220
   -0.7521   -0.3027    0.5855
...   146 C-G ...
  -16.4651   53.8948    7.5153
    0.5336   -0.3331    0.7774
   -0.0346    0.9098    0.4136
   -0.8450   -0.2476    0.4739
...   147 A-T ...
  -19.0172   52.0373    8.9260
    0.2452    0.2907    0.9249
   -0.3073    0.9281   -0.2103
   -0.9195   -0.2327    0.3169
