  147 base-pairs
...     1 A-T ...
    0.0000    0.0000    0.0000
    1.0000    0.0000    0.0000
    0.0000    1.0000    0.0000
    0.0000    0.0000    1.0000
...     2 G-C ...
   -0.1404   -1.2353    3.2259
    0.7530    0.6366    0.1668
   -0.6385    0.7681   -0.0490
   -0.1593   -0.0696    0.9848
...     3 T-A ...
   -0.0377   -3.2918    6.3749
    0.2722    0.9302    0.2464
   -0.9238    0.3243   -0.2034
   -0.2691   -0.1722    0.9476
...     4 G-C ...
   -0.3520   -4.1638    9.4928
   -0.3756    0.9250    0.0576
   -0.8780   -0.3352   -0.3416
   -0.2967   -0.1788    0.9381
...     5 A-T ...
   -0.4480   -4.1448   12.7498
   -0.8116    0.5839   -0.0166
   -0.5522   -0.7762   -0.3042
   -0.1905   -0.2377    0.9525
...     6 G-C ...
   -1.5926   -4.1701   15.6201
   -0.9976    0.0246   -0.0651
   -0.0043   -0.9555   -0.2950
   -0.0694   -0.2940    0.9533
...     7 C-G ...
   -1.1050   -4.4793   18.7363
   -0.8442   -0.5302   -0.0787
    0.5343   -0.8442   -0.0430
   -0.0437   -0.0784    0.9960
...     8 G-C ...
   -2.4044   -7.7255   23.1483
   -0.2753   -0.3294   -0.9032
    0.6650   -0.7437    0.0686
   -0.6943   -0.5817    0.4238
...     9 C-G ...
   -4.4706   -9.9691   24.1142
    0.1145   -0.7026   -0.7023
    0.8512   -0.2951    0.4341
   -0.5123   -0.6475    0.5642
...    10 T-A ...
   -6.7420  -10.8705   25.9717
    0.4841   -0.8363   -0.2573
    0.6594    0.1554    0.7356
   -0.5752   -0.5257    0.6267
...    11 C-G ...
   -9.1682  -12.6167   27.1662
    0.7073   -0.6683    0.2306
    0.3450    0.6110    0.7125
   -0.6170   -0.4243    0.6627
...    12 A-T ...
  -10.9253  -14.6583   29.0713
    0.7515   -0.1377    0.6452
   -0.2027    0.8824    0.4245
   -0.6278   -0.4498    0.6352
...    13 C-G ...
  -11.8495  -17.4796   31.2472
    0.4294    0.2824    0.8578
   -0.5708    0.8209    0.0155
   -0.6998   -0.4963    0.5137
...    14 A-T ...
  -13.5915  -19.7756   33.4284
   -0.1503    0.6106    0.7775
   -0.6874    0.5007   -0.5261
   -0.7106   -0.6135    0.3445
...    15 A-T ...
  -15.6963  -21.8539   34.7533
   -0.5013    0.7841    0.3659
   -0.4765    0.1028   -0.8731
   -0.7222   -0.6121    0.3221
...    16 T-A ...
  -17.8077  -23.7220   36.4139
   -0.6511    0.7513   -0.1081
   -0.1673   -0.2809   -0.9450
   -0.7404   -0.5972    0.3086
...    17 T-A ...
  -20.2215  -25.4811   37.6195
   -0.5967    0.5239   -0.6079
    0.2048   -0.6330   -0.7466
   -0.7759   -0.5699    0.2704
...    18 T-A ...
  -22.8503  -27.0714   38.5672
   -0.3448    0.1556   -0.9257
    0.4775   -0.8200   -0.3157
   -0.8082   -0.5509    0.2084
...    19 A-T ...
  -25.9937  -28.2249   38.8976
    0.1065   -0.1114   -0.9881
    0.5253   -0.8374    0.1510
   -0.8442   -0.5351   -0.0307
...    20 T-A ...
  -29.0096  -29.3877   38.4632
    0.3723   -0.4812   -0.7936
    0.3906   -0.6944    0.6043
   -0.8419   -0.5350   -0.0705
...    21 T-A ...
  -31.7994  -30.9324   37.9281
    0.5327   -0.7742   -0.3417
    0.1041   -0.3408    0.9344
   -0.8399   -0.5333   -0.1009
...    22 C-G ...
  -34.4036  -32.8071   37.3853
    0.5101   -0.8237    0.2474
   -0.2478    0.1347    0.9594
   -0.8236   -0.5507   -0.1355
...    23 G-C ...
  -37.1400  -34.6511   37.3680
    0.3397   -0.5850    0.7364
   -0.5264    0.5306    0.6643
   -0.7794   -0.6134   -0.1277
...    24 C-G ...
  -39.4594  -36.9361   36.8006
    0.0173   -0.2013    0.9794
   -0.6307    0.7579    0.1669
   -0.7758   -0.6206   -0.1138
...    25 A-T ...
  -42.1569  -38.7655   36.3786
   -0.2899    0.2930    0.9111
   -0.5337    0.7407   -0.4080
   -0.7944   -0.6046   -0.0583
...    26 A-T ...
  -44.5812  -40.9247   36.3664
   -0.5475    0.6444    0.5338
   -0.2629    0.4731   -0.8408
   -0.7944   -0.6007   -0.0896
...    27 A-T ...
  -47.1277  -42.9195   36.3471
   -0.5871    0.8095   -0.0063
    0.0930    0.0597   -0.9939
   -0.8042   -0.5841   -0.1104
...    28 G-C ...
  -49.8923  -44.6680   36.2765
   -0.3777    0.7935   -0.4772
    0.3778   -0.3385   -0.8618
   -0.8453   -0.5058   -0.1720
...    29 G-C ...
  -52.9664  -45.9681   35.9043
   -0.0199    0.5805   -0.8140
    0.4954   -0.7015   -0.5123
   -0.8685   -0.4135   -0.2735
...    30 C-G ...
  -55.9942  -46.7730   35.0105
    0.3097    0.1758   -0.9344
    0.4094   -0.9116   -0.0358
   -0.8582   -0.3715   -0.3544
...    31 C-G ...
  -58.8543  -47.5467   33.4209
    0.5709   -0.2665   -0.7765
    0.1467   -0.8975    0.4159
   -0.8078   -0.3514   -0.4733
...    32 G-C ...
  -61.2270  -49.0408   31.6658
    0.6533   -0.6550   -0.3798
   -0.2486   -0.6594    0.7095
   -0.7151   -0.3691   -0.5936
...    33 G-C ...
  -63.2340  -50.2978   29.2608
    0.4690   -0.8790    0.0864
   -0.5973   -0.2435    0.7642
   -0.6506   -0.4100   -0.6392
...    34 C-G ...
  -65.0233  -51.7566   26.8871
    0.0827   -0.8661    0.4930
   -0.7739    0.2559    0.5794
   -0.6279   -0.4294   -0.6491
...    35 C-G ...
  -66.9001  -53.4384   24.6544
   -0.3228   -0.5753    0.7515
   -0.7081    0.6737    0.2116
   -0.6280   -0.4638   -0.6248
...    36 C-G ...
  -68.8442  -55.2339   22.5734
   -0.6197   -0.1017    0.7782
   -0.4223    0.8790   -0.2215
   -0.6615   -0.4659   -0.5877
...    37 G-C ...
  -71.0831  -56.3454   20.3969
   -0.6839    0.4352    0.5855
    0.0009    0.8031   -0.5958
   -0.7295   -0.4069   -0.5497
...    38 A-T ...
  -73.4064  -57.7806   18.6337
   -0.5271    0.8317    0.1742
    0.4034    0.4254   -0.8101
   -0.7479   -0.3568   -0.5598
...    39 C-G ...
  -76.1571  -58.9741   17.3398
   -0.2143    0.9520   -0.2184
    0.6147   -0.0424   -0.7877
   -0.7591   -0.3030   -0.5761
...    40 A-T ...
  -78.7603  -59.8018   15.4339
    0.2598    0.8299   -0.4937
    0.6106   -0.5372   -0.5818
   -0.7481   -0.1504   -0.6463
...    41 C-G ...
  -81.4401  -59.7094   13.5927
    0.5756    0.4693   -0.6696
    0.3878   -0.8776   -0.2817
   -0.7199   -0.0976   -0.6872
...    42 G-C ...
  -83.4978  -60.0411   11.0289
    0.7986   -0.0383   -0.6006
   -0.0153   -0.9989    0.0434
   -0.6016   -0.0255   -0.7984
...    43 A-T ...
  -85.2627  -59.9835    8.2967
    0.6792   -0.5913   -0.4348
   -0.4859   -0.8062    0.3375
   -0.5501   -0.0179   -0.8349
...    44 C-G ...
  -86.5506  -59.6635    5.2696
    0.3524   -0.9167   -0.1884
   -0.7797   -0.3989    0.4827
   -0.5177   -0.0232   -0.8553
...    45 T-A ...
  -87.8777  -59.7898    2.2523
   -0.0799   -0.9907    0.1105
   -0.8704    0.1234    0.4766
   -0.4858   -0.0581   -0.8722
...    46 T-A ...
  -89.1196  -60.0285   -0.7497
   -0.5789   -0.7509    0.3178
   -0.6706    0.6602    0.3384
   -0.4639   -0.0172   -0.8857
...    47 A-T ...
  -90.7606  -59.7153   -3.6388
   -0.8790   -0.1980    0.4338
   -0.1731    0.9802    0.0965
   -0.4443    0.0098   -0.8958
...    48 C-G ...
  -92.2647  -60.2779   -6.5290
   -0.8360    0.3276    0.4402
    0.3031    0.9444   -0.1271
   -0.4574    0.0271   -0.8889
...    49 T-A ...
  -94.0228  -60.3734   -9.3116
   -0.5369    0.7540    0.3784
    0.6864    0.6512   -0.3237
   -0.4905    0.0859   -0.8672
...    50 G-C ...
  -95.7332  -59.8654  -12.1107
   -0.0237    0.9612    0.2750
    0.8623    0.1588   -0.4808
   -0.5058    0.2257   -0.8326
...    51 T-A ...
  -97.8640  -58.9822  -14.4194
    0.4357    0.8983    0.0564
    0.7609   -0.3342   -0.5563
   -0.4809    0.2853   -0.8291
...    52 A-T ...
  -99.6042  -57.4324  -16.8182
    0.8319    0.5523   -0.0541
    0.4332   -0.7072   -0.5587
   -0.3468    0.4413   -0.8276
...    53 G-C ...
 -100.6821  -55.5990  -19.3185
    0.9654    0.0912   -0.2443
   -0.0418   -0.8706   -0.4902
   -0.2574    0.4835   -0.8367
...    54 G-C ...
 -101.0802  -53.5910  -22.0015
    0.8267   -0.4143   -0.3806
   -0.5431   -0.7642   -0.3479
   -0.1467    0.4944   -0.8568
...    55 T-A ...
 -101.0317  -51.6017  -24.6296
    0.4435   -0.7547   -0.4835
   -0.8889   -0.4396   -0.1293
   -0.1150    0.4871   -0.8658
...    56 A-T ...
 -101.5231  -50.0446  -27.5177
   -0.1569   -0.8727   -0.4624
   -0.9831    0.0934    0.1573
   -0.0941    0.4793   -0.8726
...    57 T-A ...
 -101.1649  -48.6850  -30.5101
   -0.6285   -0.6991   -0.3409
   -0.7734    0.5153    0.3692
   -0.0824    0.4957   -0.8646
...    58 C-G ...
 -101.3772  -47.1644  -33.3991
   -0.9586   -0.2791   -0.0566
   -0.2691    0.8227    0.5008
   -0.0932    0.4953   -0.8637
...    59 T-A ...
 -101.7896  -45.8272  -36.3862
   -0.9568    0.1534    0.2469
    0.2554    0.8491    0.4624
   -0.1387    0.5055   -0.8516
...    60 C-G ...
 -102.3105  -44.2617  -39.1983
   -0.6364    0.5865    0.5011
    0.7549    0.6072    0.2480
   -0.1588    0.5361   -0.8291
...    61 G-C ...
 -102.5956  -42.2825  -41.8307
   -0.1210    0.7301    0.6725
    0.9756    0.2125   -0.0552
   -0.1832    0.6494   -0.7380
...    62 A-T ...
 -103.3106  -40.1434  -44.1545
    0.4523    0.6783    0.5790
    0.8776   -0.2228   -0.4245
   -0.1589    0.7001   -0.6961
...    63 G-C ...
 -104.0196  -37.6265  -46.1355
    0.8367    0.4105    0.3625
    0.5406   -0.5127   -0.6670
   -0.0880    0.7541   -0.6509
...    64 C-G ...
 -104.2989  -34.8325  -47.8203
    0.9994    0.0340    0.0082
    0.0278   -0.6272   -0.7784
   -0.0213    0.7781   -0.6277
...    65 T-A ...
 -104.0997  -32.0541  -49.5621
    0.8798   -0.3390   -0.3332
   -0.4707   -0.5239   -0.7099
    0.0660    0.7814   -0.6205
...    66 C-G ...
 -103.6309  -29.5275  -51.5572
    0.4577   -0.5997   -0.6565
   -0.8823   -0.2148   -0.4188
    0.1101    0.7709   -0.6274
...    67 G-C ...
 -103.5231  -27.1742  -53.8809
   -0.1018   -0.6838   -0.7225
   -0.9823    0.1839   -0.0356
    0.1573    0.7061   -0.6905
...    68 G-C ...
 -102.7080  -25.0213  -56.3349
   -0.6145   -0.5232   -0.5904
   -0.7758    0.5367    0.3319
    0.1432    0.6620   -0.7357
...    69 G-C ...
 -102.0912  -23.0433  -58.9841
   -0.9394   -0.1975   -0.2802
   -0.3301    0.7415    0.5841
    0.0924    0.6412   -0.7618
...    70 A-T ...
 -101.7278  -21.0386  -61.5366
   -0.9603    0.2511    0.1212
    0.2683    0.7142    0.6465
    0.0758    0.6534   -0.7532
...    71 T-A ...
 -101.8293  -19.3582  -64.3662
   -0.7023    0.5711    0.4250
    0.7070    0.4893    0.5106
    0.0837    0.6591   -0.7474
...    72 C-G ...
 -101.6765  -17.2287  -66.8274
   -0.1829    0.7135    0.6763
    0.9798    0.0760    0.1848
    0.0805    0.6965   -0.7131
...    73 C-G ...
 -101.8195  -14.7844  -69.1442
    0.3330    0.5660    0.7542
    0.9361   -0.2945   -0.1923
    0.1133    0.7700   -0.6279
...    74 G-C ...
 -101.1496  -12.2241  -71.1254
    0.7424    0.2006    0.6392
    0.6345   -0.5165   -0.5750
    0.2148    0.8324   -0.5108
...    75 C-G ...
 -100.5386   -9.2410  -72.3271
    0.9459   -0.1560    0.2844
    0.1653   -0.5225   -0.8364
    0.2791    0.8382   -0.4685
...    76 T-A ...
  -99.4277   -6.3647  -73.4555
    0.8774   -0.4615   -0.1314
   -0.3101   -0.3365   -0.8892
    0.3661    0.8209   -0.4383
...    77 T-A ...
  -98.0605   -3.6593  -74.5925
    0.5632   -0.5763   -0.5922
   -0.7317   -0.0149   -0.6815
    0.3839    0.8171   -0.4300
...    78 T-A ...
  -96.5312   -1.0588  -75.7861
    0.0715   -0.4783   -0.8753
   -0.9166    0.3146   -0.2468
    0.3934    0.8199   -0.4159
...    79 A-T ...
  -95.3783    1.7137  -77.1941
   -0.4787   -0.2134   -0.8516
   -0.7812    0.5462    0.3023
    0.4007    0.8100   -0.4282
...    80 A-T ...
  -93.8633    4.1366  -78.7461
   -0.8209    0.1509   -0.5508
   -0.3861    0.5639    0.7300
    0.4208    0.8119   -0.4047
...    81 C-G ...
  -92.4403    6.4768  -80.6045
   -0.9100    0.4027   -0.0983
    0.0823    0.4081    0.9092
    0.4062    0.8193   -0.4046
...    82 A-T ...
  -91.0991    9.2424  -81.8107
   -0.7536    0.4772    0.4520
    0.5698    0.1313    0.8113
    0.3278    0.8689   -0.3709
...    83 C-G ...
  -90.5463   12.0781  -83.3784
   -0.3811    0.4448    0.8105
    0.8693   -0.1260    0.4779
    0.3147    0.8867   -0.3386
...    84 T-A ...
  -89.8947   15.1243  -84.4268
    0.0707    0.2479    0.9662
    0.9473   -0.3200    0.0128
    0.3124    0.9144   -0.2574
...    85 T-A ...
  -89.1405   18.1794  -85.1479
    0.5524   -0.0001    0.8336
    0.7642   -0.3992   -0.5065
    0.3328    0.9168   -0.2205
...    86 T-A ...
  -88.2131   21.2347  -85.6121
    0.8594   -0.2534    0.4442
    0.3562   -0.3266   -0.8755
    0.3669    0.9106   -0.1905
...    87 A-T ...
  -86.8062   24.2436  -85.7234
    0.8516   -0.5234   -0.0299
   -0.0996   -0.1056   -0.9894
    0.5147    0.8455   -0.1420
...    88 T-A ...
  -84.9220   26.9143  -85.5099
    0.6875   -0.5222   -0.5047
   -0.4928    0.1751   -0.8524
    0.5334    0.8347   -0.1369
...    89 G-C ...
  -83.0484   29.5417  -86.2252
    0.2545   -0.4201   -0.8711
   -0.7577    0.4731   -0.4495
    0.6009    0.7744   -0.1979
...    90 C-G ...
  -80.7194   31.7702  -86.9200
   -0.2047   -0.1258   -0.9707
   -0.7590    0.6466    0.0762
    0.6181    0.7524   -0.2278
...    91 T-A ...
  -78.4880   33.9959  -87.9022
   -0.5822    0.2016   -0.7877
   -0.5319    0.6383    0.5565
    0.6150    0.7429   -0.2644
...    92 T-A ...
  -76.3177   36.1769  -88.9673
   -0.7561    0.5538   -0.3487
   -0.1222    0.4040    0.9066
    0.6429    0.7281   -0.2378
...    93 C-G ...
  -74.2280   38.5292  -89.8655
   -0.7014    0.6707    0.2411
    0.3276    0.0030    0.9448
    0.6330    0.7417   -0.2218
...    94 C-G ...
  -72.2957   41.0888  -90.9150
   -0.4867    0.5029    0.7143
    0.6380   -0.3539    0.6839
    0.5967    0.7886   -0.1486
...    95 G-C ...
  -70.1313   43.5706  -91.2020
   -0.1706    0.1222    0.9777
    0.7967   -0.5667    0.2099
    0.5798    0.8148   -0.0007
...    96 G-C ...
  -68.5560   46.5413  -91.0559
    0.1837   -0.2809    0.9420
    0.7833   -0.5372   -0.3129
    0.5939    0.7953    0.1214
...    97 C-G ...
  -66.9627   49.2848  -90.2837
    0.5107   -0.5790    0.6356
    0.5908   -0.3007   -0.7486
    0.6246    0.7579    0.1885
...    98 T-A ...
  -65.0123   51.6859  -89.2112
    0.6731   -0.7201    0.1682
    0.2963    0.0543   -0.9536
    0.6776    0.6917    0.2499
...    99 T-A ...
  -62.8425   53.8016  -88.0946
    0.7099   -0.5948   -0.3772
   -0.0955    0.4492   -0.8883
    0.6978    0.6667    0.2621
...   100 C-G ...
  -60.3967   55.7582  -87.2343
    0.5116   -0.2592   -0.8192
   -0.4496    0.7317   -0.5123
    0.7322    0.6304    0.2578
...   101 A-T ...
  -57.9887   57.9011  -86.5500
    0.1280    0.1388   -0.9820
   -0.6176    0.7859    0.0306
    0.7760    0.6026    0.1864
...   102 T-A ...
  -55.0334   59.3210  -86.1233
   -0.1780    0.5262   -0.8316
   -0.5997    0.6120    0.5156
    0.7802    0.5904    0.2066
...   103 G-C ...
  -52.6446   61.4613  -85.3908
   -0.5277    0.7413   -0.4148
   -0.3904    0.2221    0.8935
    0.7544    0.6334    0.1722
...   104 T-A ...
  -50.0344   63.5132  -85.4265
   -0.6633    0.7426    0.0928
   -0.0798   -0.1935    0.9779
    0.7441    0.6412    0.1876
...   105 T-A ...
  -47.6267   65.6677  -85.1202
   -0.5964    0.5153    0.6155
    0.2808   -0.5844    0.7614
    0.7519    0.6269    0.2038
...   106 A-T ...
  -45.3529   67.9964  -84.4924
   -0.4612    0.0513    0.8858
    0.5541   -0.7631    0.3326
    0.6930    0.6442    0.3235
...   107 T-A ...
  -43.5946   70.5534  -83.4824
   -0.1653   -0.3445    0.9241
    0.7057   -0.6958   -0.1332
    0.6889    0.6302    0.3582
...   108 A-T ...
  -41.8423   72.8500  -81.7752
    0.0318   -0.7561    0.6537
    0.7337   -0.4265   -0.5290
    0.6788    0.4964    0.5412
...   109 A-T ...
  -39.8527   74.3972  -79.7729
    0.3742   -0.8945    0.2446
    0.6250    0.0485   -0.7791
    0.6850    0.4444    0.5772
...   110 C-G ...
  -37.9657   75.5370  -77.3657
    0.5966   -0.7773   -0.1997
    0.3867    0.4965   -0.7772
    0.7032    0.3864    0.5968
...   111 G-C ...
  -35.3300   76.6693  -75.7263
    0.6286   -0.4368   -0.6435
    0.0840    0.8607   -0.5021
    0.7732    0.2616    0.5778
...   112 G-C ...
  -32.5336   77.0628  -73.8937
    0.5328    0.0644   -0.8438
   -0.2096    0.9761   -0.0578
    0.8199    0.2076    0.5336
...   113 A-T ...
  -29.7709   77.5999  -72.2141
    0.3181    0.6197   -0.7175
   -0.4667    0.7611    0.4505
    0.8252    0.1916    0.5313
...   114 C-G ...
  -26.7248   77.8926  -70.8875
    0.0397    0.9241   -0.3801
   -0.5639    0.3348    0.7549
    0.8249    0.1844    0.5344
...   115 G-C ...
  -24.2902   78.5017  -68.7342
   -0.3342    0.9408    0.0568
   -0.5067   -0.2302    0.8308
    0.7947    0.2489    0.5536
...   116 T-A ...
  -21.4537   79.5898  -67.4094
   -0.5644    0.6894    0.4541
   -0.2869   -0.6796    0.6752
    0.7741    0.2508    0.5813
...   117 A-T ...
  -18.9463   80.6652  -65.5367
   -0.7205    0.1968    0.6650
    0.0502   -0.9416    0.3330
    0.6917    0.2733    0.6685
...   118 T-A ...
  -16.9246   82.1771  -63.4707
   -0.6351   -0.2882    0.7166
    0.3849   -0.9225   -0.0298
    0.6696    0.2569    0.6968
...   119 A-T ...
  -15.3234   83.4580  -60.8010
   -0.5337   -0.7237    0.4375
    0.6596   -0.6800   -0.3202
    0.5292    0.1177    0.8403
...   120 A-T ...
  -13.9107   83.8457  -57.9401
   -0.1467   -0.9782    0.1469
    0.8553   -0.2000   -0.4780
    0.4969    0.0555    0.8660
...   121 T-A ...
  -12.9392   83.9271  -54.8341
    0.2587   -0.9570   -0.1313
    0.8333    0.2898   -0.4707
    0.4886    0.0123    0.8724
...   122 G-C ...
  -11.1887   83.5924  -52.0453
    0.5985   -0.6530   -0.4642
    0.6071    0.7477   -0.2691
    0.5228   -0.1207    0.8439
...   123 T-A ...
   -9.7507   82.5857  -49.2619
    0.8130   -0.1877   -0.5511
    0.2415    0.9701    0.0260
    0.5297   -0.1542    0.8340
...   124 G-C ...
   -7.8061   82.2913  -46.6257
    0.7820    0.3950   -0.4821
   -0.2292    0.9016    0.3670
    0.5796   -0.1765    0.7956
...   125 T-A ...
   -5.6572   81.2135  -44.3166
    0.5601    0.7993   -0.2179
   -0.5968    0.5717    0.5630
    0.5746   -0.1853    0.7972
...   126 C-G ...
   -3.6831   80.5470  -41.7858
    0.1134    0.9817    0.1532
   -0.8191    0.0051    0.5736
    0.5623   -0.1906    0.8046
...   127 G-C ...
   -2.2250   79.7132  -38.9410
   -0.3973    0.8440    0.3604
   -0.7684   -0.5206    0.3722
    0.5018   -0.1290    0.8553
...   128 A-T ...
   -0.4707   79.2788  -36.2455
   -0.7844    0.4162    0.4599
   -0.4286   -0.8997    0.0833
    0.4484   -0.1318    0.8840
...   129 C-G ...
    1.0358   79.4633  -33.3654
   -0.9206   -0.0688    0.3845
    0.0077   -0.9874   -0.1584
    0.3905   -0.1428    0.9095
...   130 C-G ...
    2.1312   79.4030  -30.1853
   -0.8445   -0.5222    0.1190
    0.4657   -0.8257   -0.3183
    0.2645   -0.2134    0.9405
...   131 A-T ...
    2.6663   78.6954  -26.9654
   -0.5339   -0.8141   -0.2285
    0.8373   -0.4715   -0.2768
    0.1176   -0.3391    0.9334
...   132 A-T ...
    2.6925   77.5496  -23.9597
   -0.0209   -0.9191   -0.3935
    0.9967    0.0118   -0.0804
    0.0786   -0.3939    0.9158
...   133 A-T ...
    2.6274   76.0956  -21.0782
    0.5131   -0.7607   -0.3976
    0.8563    0.4858    0.1755
    0.0597   -0.4305    0.9006
...   134 T-A ...
    2.3075   74.2307  -18.3903
    0.8657   -0.4293   -0.2574
    0.4984    0.7868    0.3641
    0.0462   -0.4435    0.8951
...   135 G-C ...
    1.4354   72.0970  -15.6050
    0.9809    0.0621    0.1843
   -0.1263    0.9241    0.3607
   -0.1479   -0.3771    0.9143
...   136 T-A ...
    0.5279   69.2393  -13.4689
    0.7351    0.4963    0.4618
   -0.6117    0.7792    0.1365
   -0.2921   -0.3828    0.8764
...   137 G-C ...
   -0.1659   67.4106  -10.8095
    0.1800    0.8794    0.4408
   -0.9276    0.3008   -0.2214
   -0.3274   -0.3691    0.8698
...   138 A-T ...
   -0.1321   66.2180   -7.8217
   -0.3749    0.8570    0.3536
   -0.8857   -0.2184   -0.4098
   -0.2739   -0.4668    0.8409
...   139 G-C ...
   -1.0069   65.6075   -4.9425
   -0.8336    0.5218    0.1811
   -0.5170   -0.6220   -0.5881
   -0.1942   -0.5839    0.7883
...   140 C-G ...
   -0.6975   63.9003   -2.2529
   -0.9992    0.0157   -0.0376
    0.0023   -0.8993   -0.4374
   -0.0406   -0.4371    0.8985
...   141 G-C ...
   -3.4383   60.2385    1.0283
   -0.4425    0.2285   -0.8672
    0.1683   -0.9287   -0.3306
   -0.8808   -0.2922    0.3725
...   142 C-G ...
   -6.3289   59.0834    1.6293
   -0.2970   -0.3280   -0.8968
    0.5656   -0.8171    0.1115
   -0.7693   -0.4741    0.4282
...   143 T-A ...
   -8.6768   58.7243    3.6024
   -0.0347   -0.7817   -0.6227
    0.6533   -0.4893    0.5778
   -0.7563   -0.3868    0.5276
...   144 C-G ...
  -11.6545   58.0114    4.7193
    0.2451   -0.9542   -0.1716
    0.6322    0.0231    0.7745
   -0.7350   -0.2983    0.6089
...   145 A-T ...
  -14.1760   56.5668    6.1806
    0.5795   -0.7268    0.3687
    0.3139    0.6165    0.7220
   -0.7521   -0.3027    0.5855
...   146 C-G ...
  -16.4651   53.8949    7.5152
    0.5336   -0.3331    0.7774
   -0.0346    0.9098    0.4136
   -0.8450   -0.2476    0.4739
...   147 A-T ...
  -19.0172   52.0374    8.9260
    0.2452    0.2907    0.9249
   -0.3073    0.9281   -0.2103
   -0.9195   -0.2327    0.3169
