  147 base-pairs
...     1 A-T ...
    0.0000    0.0000    0.0000
    1.0000    0.0000    0.0000
    0.0000    1.0000    0.0000
    0.0000    0.0000    1.0000
...     2 G-C ...
   -0.1404   -1.2353    3.2259
    0.7530    0.6366    0.1668
   -0.6385    0.7681   -0.0490
   -0.1593   -0.0696    0.9848
...     3 T-A ...
   -0.0377   -3.2918    6.3749
    0.2722    0.9302    0.2464
   -0.9238    0.3243   -0.2034
   -0.2691   -0.1722    0.9476
...     4 G-C ...
   -0.3520   -4.1638    9.4928
   -0.3756    0.9250    0.0576
   -0.8780   -0.3352   -0.3416
   -0.2967   -0.1788    0.9381
...     5 A-T ...
   -0.4480   -4.1448   12.7498
   -0.8116    0.5839   -0.0166
   -0.5522   -0.7762   -0.3042
   -0.1905   -0.2377    0.9525
...     6 G-C ...
   -1.5926   -4.1701   15.6201
   -0.9976    0.0246   -0.0651
   -0.0043   -0.9555   -0.2950
   -0.0694   -0.2940    0.9533
...     7 C-G ...
   -1.1050   -4.4793   18.7363
   -0.8442   -0.5302   -0.0787
    0.5343   -0.8442   -0.0430
   -0.0437   -0.0784    0.9960
...     8 G-C ...
   -2.4044   -7.7255   23.1483
   -0.2753   -0.3294   -0.9032
    0.6650   -0.7437    0.0686
   -0.6943   -0.5817    0.4238
...     9 C-G ...
   -4.4706   -9.9691   24.1142
    0.1145   -0.7026   -0.7023
    0.8512   -0.2951    0.4341
   -0.5123   -0.6475    0.5642
...    10 T-A ...
   -6.7420  -10.8705   25.9717
    0.4841   -0.8363   -0.2573
    0.6594    0.1554    0.7356
   -0.5752   -0.5257    0.6267
...    11 C-G ...
   -9.1682  -12.6167   27.1662
    0.7073   -0.6683    0.2306
    0.3450    0.6110    0.7125
   -0.6170   -0.4243    0.6627
...    12 A-T ...
  -10.9253  -14.6583   29.0713
    0.7515   -0.1377    0.6452
   -0.2027    0.8824    0.4245
   -0.6278   -0.4498    0.6352
...    13 C-G ...
  -11.8495  -17.4796   31.2472
    0.4294    0.2824    0.8578
   -0.5708    0.8209    0.0155
   -0.6998   -0.4963    0.5137
...    14 A-T ...
  -13.5915  -19.7756   33.4284
   -0.1503    0.6106    0.7775
   -0.6874    0.5007   -0.5261
   -0.7106   -0.6135    0.3445
...    15 A-T ...
  -15.7716  -21.8976   34.5130
   -0.4900    0.7996    0.3471
   -0.4606    0.1006   -0.8819
   -0.7401   -0.5920    0.3190
...    16 T-A ...
  -17.9373  -23.8158   36.2649
   -0.6804    0.7155   -0.1584
   -0.1170   -0.3195   -0.9403
   -0.7234   -0.6213    0.3011
...    17 T-A ...
  -20.3195  -25.6684   37.5979
   -0.6332    0.3905   -0.6682
    0.3089   -0.6641   -0.6809
   -0.7096   -0.6376    0.2999
...    18 T-A ...
  -22.7182  -27.5560   38.5341
   -0.3070    0.0409   -0.9508
    0.5827   -0.7818   -0.2218
   -0.7525   -0.6221    0.2162
...    19 A-T ...
  -25.2755  -29.4689   38.8495
    0.1430   -0.1780   -0.9736
    0.6208   -0.7500    0.2283
   -0.7708   -0.6370    0.0033
...    20 T-A ...
  -28.1784  -30.9917   38.5025
    0.4441   -0.5084   -0.7378
    0.4581   -0.5788    0.6746
   -0.7700   -0.6376   -0.0242
...    21 T-A ...
  -30.7928  -32.9306   38.0963
    0.6292   -0.7363   -0.2490
    0.1169   -0.2271    0.9668
   -0.7684   -0.6374   -0.0568
...    22 C-G ...
  -33.2234  -35.0931   37.7805
    0.6018   -0.7204    0.3447
   -0.2819    0.2122    0.9357
   -0.7472   -0.6603   -0.0754
...    23 G-C ...
  -35.6554  -37.3343   38.2470
    0.4215   -0.4151    0.8062
   -0.6150    0.5224    0.5906
   -0.6664   -0.7448   -0.0351
...    24 C-G ...
  -37.5479  -39.9831   37.9988
    0.0737   -0.0460    0.9962
   -0.7440    0.6626    0.0856
   -0.6641   -0.7475    0.0146
...    25 A-T ...
  -40.0647  -42.0901   37.8026
   -0.3394    0.3607    0.8688
   -0.6422    0.5860   -0.4941
   -0.6873   -0.7256    0.0328
...    26 A-T ...
  -42.1973  -44.5714   38.0834
   -0.6487    0.6146    0.4488
   -0.3337    0.3003   -0.8936
   -0.6840   -0.7294    0.0103
...    27 A-T ...
  -44.3059  -47.0227   38.4612
   -0.7316    0.6679   -0.1370
    0.1143   -0.0780   -0.9904
   -0.6721   -0.7402   -0.0193
...    28 G-C ...
  -46.7978  -49.2488   38.8220
   -0.5118    0.5915   -0.6230
    0.4607   -0.4231   -0.7802
   -0.7251   -0.6864   -0.0560
...    29 G-C ...
  -49.6610  -51.1893   38.7216
   -0.0930    0.3661   -0.9259
    0.6515   -0.6809   -0.3346
   -0.7530   -0.6343   -0.1752
...    30 C-G ...
  -52.4495  -52.7338   37.9965
    0.3269    0.0169   -0.9449
    0.5799   -0.7931    0.1864
   -0.7462   -0.6089   -0.2691
...    31 C-G ...
  -55.0798  -54.4280   36.8851
    0.6611   -0.3413   -0.6682
    0.2825   -0.7118    0.6431
   -0.6951   -0.6139   -0.3741
...    32 G-C ...
  -56.8415  -56.5506   35.6207
    0.7895   -0.5701   -0.2275
   -0.1261   -0.5134    0.8488
   -0.6007   -0.6414   -0.4772
...    33 G-C ...
  -58.2010  -58.9625   33.6650
    0.6239   -0.7296    0.2800
   -0.5738   -0.1844    0.7979
   -0.5306   -0.6585   -0.5338
...    34 C-G ...
  -59.5107  -61.2843   31.7766
    0.2198   -0.7024    0.6769
   -0.8408    0.2155    0.4966
   -0.4947   -0.6783   -0.5432
...    35 C-G ...
  -60.9036  -63.8689   30.0723
   -0.2941   -0.4670    0.8339
   -0.8334    0.5524    0.0155
   -0.4679   -0.6905   -0.5517
...    36 C-G ...
  -62.2960  -66.3807   28.3307
   -0.6870   -0.0778    0.7225
   -0.5466    0.7104   -0.4433
   -0.4788   -0.6995   -0.5306
...    37 G-C ...
  -64.0249  -67.9578   25.7700
   -0.8419    0.3742    0.3887
   -0.0516    0.6613   -0.7483
   -0.5371   -0.6501   -0.5375
...    38 A-T ...
  -65.4856  -70.1095   24.0333
   -0.7112    0.6965   -0.0947
    0.4630    0.3628   -0.8087
   -0.5290   -0.6190   -0.5805
...    39 C-G ...
  -67.5895  -71.9302   22.4766
   -0.3449    0.8281   -0.4419
    0.7586   -0.0313   -0.6508
   -0.5527   -0.5597   -0.6175
...    40 A-T ...
  -69.6022  -73.5941   20.4438
    0.1852    0.7629   -0.6194
    0.8134   -0.4727   -0.3391
   -0.5515   -0.4410   -0.7081
...    41 C-G ...
  -71.6053  -74.4248   18.0403
    0.6077    0.4755   -0.6361
    0.6092   -0.7930   -0.0108
   -0.5095   -0.3810   -0.7715
...    42 G-C ...
  -72.9092  -75.9366   15.3772
    0.8945   -0.0006   -0.4471
    0.1365   -0.9519    0.2743
   -0.4258   -0.3064   -0.8514
...    43 A-T ...
  -74.2111  -76.8286   12.6301
    0.8126   -0.5466   -0.2021
   -0.4091   -0.7821    0.4701
   -0.4150   -0.2993   -0.8592
...    44 C-G ...
  -75.1253  -77.3158    9.4838
    0.5014   -0.8589    0.1048
   -0.7839   -0.3996    0.4752
   -0.3662   -0.3204   -0.8736
...    45 T-A ...
  -75.6311  -78.4516    6.0500
   -0.0107   -0.9429    0.3328
   -0.9369    0.1258    0.3261
   -0.3494   -0.3083   -0.8848
...    46 T-A ...
  -76.2033  -79.4098    2.9526
   -0.4885   -0.7744    0.4020
   -0.8061    0.5769    0.1318
   -0.3340   -0.2597   -0.9061
...    47 A-T ...
  -77.4586  -79.9832   -0.1005
   -0.8839   -0.2611    0.3879
   -0.3328    0.9340   -0.1297
   -0.3285   -0.2438   -0.9125
...    48 C-G ...
  -78.4476  -81.4144   -2.9416
   -0.9238    0.2668    0.2744
    0.1807    0.9361   -0.3019
   -0.3374   -0.2293   -0.9130
...    49 T-A ...
  -79.8683  -82.4767   -5.7942
   -0.6646    0.7316    0.1521
    0.6329    0.6593   -0.4058
   -0.3971   -0.1735   -0.9012
...    50 G-C ...
  -81.4044  -82.7497   -8.7922
   -0.1573    0.9861    0.0525
    0.8902    0.1647   -0.4247
   -0.4275   -0.0200   -0.9038
...    51 T-A ...
  -83.2663  -82.7007  -11.3880
    0.3030    0.9509   -0.0632
    0.8625   -0.3018   -0.4061
   -0.4052    0.0685   -0.9116
...    52 A-T ...
  -85.1183  -81.3430  -13.9662
    0.7479    0.6635    0.0196
    0.6158   -0.6824   -0.3938
   -0.2479    0.3066   -0.9190
...    53 G-C ...
  -86.1765  -79.9882  -16.6887
    0.9705    0.2345   -0.0558
    0.1938   -0.8968   -0.3978
   -0.1433    0.3753   -0.9158
...    54 G-C ...
  -86.4710  -77.7115  -19.5745
    0.9421   -0.2873   -0.1729
   -0.3318   -0.8733   -0.3568
   -0.0484    0.3935   -0.9180
...    55 T-A ...
  -86.1422  -76.0997  -22.4046
    0.6504   -0.6896   -0.3186
   -0.7594   -0.5995   -0.2527
   -0.0167    0.4063   -0.9136
...    56 A-T ...
  -85.5724  -74.6015  -25.4067
    0.1164   -0.9206   -0.3728
   -0.9927   -0.0959   -0.0731
    0.0316    0.3786   -0.9250
...    57 T-A ...
  -84.6847  -73.3619  -28.3522
   -0.3885   -0.8348   -0.3901
   -0.9206    0.3700    0.1250
    0.0400    0.4076   -0.9123
...    58 C-G ...
  -84.3379  -72.2353  -31.5017
   -0.8632   -0.4392   -0.2489
   -0.5032    0.7882    0.3542
    0.0406    0.4310   -0.9014
...    59 T-A ...
  -84.2537  -71.1189  -34.6417
   -0.9999    0.0021    0.0131
    0.0076    0.9012    0.4334
   -0.0109    0.4335   -0.9011
...    60 C-G ...
  -84.3391  -69.6748  -37.6393
   -0.8221    0.4893    0.2910
    0.5679    0.7408    0.3587
   -0.0401    0.4602   -0.8869
...    61 G-C ...
  -84.2938  -67.7488  -40.2629
   -0.4447    0.6739    0.5900
    0.8857    0.4290    0.1776
   -0.1335    0.6015   -0.7876
...    62 A-T ...
  -84.5653  -65.8411  -42.8736
    0.1137    0.7386    0.6645
    0.9887   -0.0186   -0.1486
   -0.0974    0.6739   -0.7324
...    63 G-C ...
  -85.1857  -63.3344  -44.9471
    0.5920    0.5732    0.5665
    0.8034   -0.3643   -0.4709
   -0.0636    0.7339   -0.6762
...    64 C-G ...
  -85.6343  -60.5284  -46.7773
    0.9405    0.2274    0.2525
    0.3395   -0.6008   -0.7237
   -0.0129    0.7664   -0.6422
...    65 T-A ...
  -85.7236  -57.7502  -48.5524
    0.9834   -0.1502   -0.1022
   -0.1732   -0.6057   -0.7766
    0.0547    0.7814   -0.6216
...    66 C-G ...
  -85.2376  -55.3825  -50.7076
    0.7210   -0.4926   -0.4874
   -0.6794   -0.3636   -0.6374
    0.1367    0.7906   -0.5968
...    67 G-C ...
  -85.2475  -53.1556  -53.2405
    0.2327   -0.6552   -0.7187
   -0.9515   -0.0007   -0.3075
    0.2010    0.7555   -0.6236
...    68 G-C ...
  -84.3317  -50.7037  -55.3084
   -0.3158   -0.5909   -0.7424
   -0.9303    0.3468    0.1197
    0.1867    0.7284   -0.6592
...    69 G-C ...
  -83.5331  -48.4621  -57.6536
   -0.7741   -0.3805   -0.5060
   -0.6181    0.6270    0.4741
    0.1369    0.6798   -0.7205
...    70 A-T ...
  -82.9160  -46.3937  -60.1798
   -0.9897    0.0564   -0.1315
   -0.0491    0.7293    0.6824
    0.1344    0.6818   -0.7191
...    71 T-A ...
  -82.6392  -44.6036  -62.9447
   -0.8799    0.4069    0.2455
    0.4597    0.5977    0.6569
    0.1205    0.6908   -0.7129
...    72 C-G ...
  -82.4656  -42.3883  -65.3788
   -0.4580    0.6571    0.5987
    0.8814    0.2480    0.4021
    0.1157    0.7119   -0.6927
...    73 C-G ...
  -82.2116  -40.1757  -67.7942
    0.0236    0.5861    0.8099
    0.9914   -0.1181    0.0566
    0.1288    0.8016   -0.5839
...    74 G-C ...
  -81.3380  -37.5219  -69.5161
    0.4946    0.3009    0.8154
    0.8493   -0.3666   -0.3799
    0.1846    0.8804   -0.4369
...    75 C-G ...
  -81.0363  -34.2625  -70.6121
    0.8785    0.0153    0.4774
    0.4299   -0.4608   -0.7764
    0.2082    0.8874   -0.4114
...    76 T-A ...
  -80.1148  -31.0463  -71.4382
    0.9635   -0.2675   -0.0116
   -0.1068   -0.3443   -0.9328
    0.2456    0.8999   -0.3603
...    77 T-A ...
  -79.1363  -28.0438  -72.2127
    0.7403   -0.4020   -0.5388
   -0.6281   -0.1281   -0.7675
    0.2396    0.9066   -0.3473
...    78 T-A ...
  -78.1315  -25.1041  -73.1181
    0.2730   -0.4021   -0.8739
   -0.9311    0.1181   -0.3452
    0.2421    0.9079   -0.3421
...    79 A-T ...
  -77.7862  -22.0413  -74.2461
   -0.2952   -0.2391   -0.9251
   -0.9223    0.3242    0.2105
    0.2496    0.9153   -0.3162
...    80 A-T ...
  -76.8285  -19.2077  -75.3267
   -0.7428   -0.0325   -0.6688
   -0.6247    0.3931    0.6747
    0.2410    0.9189   -0.3123
...    81 C-G ...
  -75.8137  -16.4541  -76.9259
   -0.9593    0.1679   -0.2271
   -0.1561    0.3547    0.9219
    0.2353    0.9198   -0.3140
...    82 A-T ...
  -75.1604  -13.4363  -78.0803
   -0.9059    0.2569    0.3366
    0.3922    0.2092    0.8958
    0.1597    0.9435   -0.2903
...    83 C-G ...
  -75.1731  -10.3894  -79.5043
   -0.5952    0.2977    0.7464
    0.7906    0.0507    0.6103
    0.1439    0.9533   -0.2656
...    84 T-A ...
  -75.4174   -6.9332  -80.5044
   -0.0915    0.2266    0.9697
    0.9849   -0.1229    0.1217
    0.1468    0.9662   -0.2119
...    85 T-A ...
  -75.3591   -3.7412  -81.0610
    0.4647    0.1092    0.8787
    0.8712   -0.2337   -0.4317
    0.1582    0.9662   -0.2037
...    86 T-A ...
  -75.0009   -0.5806  -81.5359
    0.8529   -0.0783    0.5161
    0.4851   -0.2464   -0.8390
    0.1928    0.9660   -0.1722
...    87 A-T ...
  -74.1497    2.5299  -82.0256
    0.9467   -0.3182    0.0507
    0.0045   -0.1443   -0.9895
    0.3222    0.9370   -0.1351
...    88 T-A ...
  -72.9882    5.5404  -81.6840
    0.8292   -0.3955   -0.3950
   -0.4134    0.0418   -0.9096
    0.3763    0.9175   -0.1288
...    89 G-C ...
  -71.4139    8.4562  -82.0278
    0.3763   -0.3795   -0.8452
   -0.8086    0.3108   -0.4995
    0.4523    0.8714   -0.1899
...    90 C-G ...
  -69.5350   11.0491  -82.8045
   -0.1350   -0.1818   -0.9740
   -0.8790    0.4757    0.0330
    0.4573    0.8606   -0.2240
...    91 T-A ...
  -67.6756   13.6809  -84.0578
   -0.5982    0.1148   -0.7930
   -0.6304    0.5435    0.5542
    0.4947    0.8315   -0.2528
...    92 T-A ...
  -65.9778   16.2159  -85.0574
   -0.8528    0.3858   -0.3520
   -0.1959    0.3886    0.9003
    0.4841    0.8368   -0.2558
...    93 C-G ...
  -64.4725   18.9638  -86.1727
   -0.8233    0.5214    0.2243
    0.3198    0.0996    0.9422
    0.4690    0.8475   -0.2487
...    94 C-G ...
  -62.9114   21.6710  -87.1953
   -0.6062    0.3948    0.6903
    0.6828   -0.1866    0.7064
    0.4077    0.8996   -0.1565
...    95 G-C ...
  -61.5222   24.3344  -87.5171
   -0.2557    0.1405    0.9565
    0.8893   -0.3538    0.2897
    0.3792    0.9247   -0.0345
...    96 G-C ...
  -60.6382   27.5439  -87.2563
    0.2174   -0.1576    0.9633
    0.8986   -0.3531   -0.2606
    0.3812    0.9222    0.0648
...    97 C-G ...
  -59.8356   30.7204  -86.5484
    0.6335   -0.3718    0.6785
    0.6545   -0.2101   -0.7263
    0.4126    0.9042    0.1103
...    98 T-A ...
  -58.7236   33.7401  -85.7928
    0.8338   -0.5037    0.2257
    0.2751    0.0248   -0.9611
    0.4785    0.8635    0.1592
...    99 C-G ...
  -56.8239   36.3046  -85.3268
    0.8189   -0.4649   -0.3365
   -0.1707    0.3624   -0.9163
    0.5479    0.8078    0.2174
...   100 G-C ...
  -55.0179   39.0536  -85.0814
    0.5545   -0.2392   -0.7971
   -0.5527    0.6102   -0.5677
    0.6221    0.7553    0.2061
...   101 T-A ...
  -52.3823   41.0534  -84.1791
    0.1867    0.1276   -0.9741
   -0.7495    0.6595   -0.0573
    0.6351    0.7408    0.2188
...   102 T-A ...
  -50.1471   43.2829  -83.5219
   -0.2621    0.4869   -0.8332
   -0.7290    0.4658    0.5016
    0.6323    0.7389    0.2329
...   103 C-G ...
  -48.2596   45.8455  -82.6390
   -0.6334    0.6640   -0.3973
   -0.4409    0.1122    0.8905
    0.6359    0.7392    0.2217
...   104 A-T ...
  -45.9628   48.2083  -81.9971
   -0.8281    0.5504    0.1063
   -0.0275   -0.2293    0.9730
    0.5599    0.8028    0.2050
...   105 T-A ...
  -44.3161   50.9836  -81.7781
   -0.7618    0.3448    0.5484
    0.3692   -0.4645    0.8049
    0.5323    0.8157    0.2266
...   106 G-C ...
  -42.7661   54.0282  -81.1334
   -0.5002   -0.0489    0.8645
    0.7119   -0.5916    0.3785
    0.4929    0.8047    0.3308
...   107 T-A ...
  -41.7824   57.0251  -80.1509
   -0.1155   -0.3653    0.9237
    0.8629   -0.4975   -0.0888
    0.4920    0.7868    0.3727
...   108 T-A ...
  -40.4398   59.4765  -78.7684
    0.2756   -0.6363    0.7206
    0.8170   -0.2399   -0.5243
    0.5065    0.7332    0.4537
...   109 A-T ...
  -38.7339   61.6191  -77.0789
    0.5147   -0.8002    0.3078
    0.6239    0.1034   -0.7746
    0.5880    0.5907    0.5525
...   110 T-A ...
  -37.2731   63.2309  -74.7267
    0.7425   -0.6626   -0.0985
    0.3191    0.4792   -0.8177
    0.5890    0.5757    0.5672
...   111 A-T ...
  -35.1982   65.0294  -72.9658
    0.7390   -0.3842   -0.5535
   -0.0537    0.7853   -0.6168
    0.6716    0.4855    0.5597
...   112 A-T ...
  -33.0068   66.3375  -71.0927
    0.5898    0.0840   -0.8032
   -0.4196    0.8816   -0.2159
    0.6900    0.4644    0.5552
...   113 C-G ...
  -30.2104   67.2408  -69.2558
    0.2938    0.5530   -0.7797
   -0.6670    0.7029    0.2473
    0.6847    0.4474    0.5753
...   114 G-C ...
  -28.1206   69.0018  -67.4898
   -0.1720    0.8326   -0.5264
   -0.6906    0.2791    0.6672
    0.7025    0.4783    0.5270
...   115 G-C ...
  -25.6911   70.6305  -65.9828
   -0.5449    0.8246   -0.1519
   -0.5026   -0.1763    0.8464
    0.6712    0.5375    0.5105
...   116 A-T ...
  -23.3052   72.3812  -64.4922
   -0.7456    0.5768    0.3337
   -0.1331   -0.6196    0.7736
    0.6530    0.5324    0.5387
...   117 A-T ...
  -21.1974   74.3355  -62.9094
   -0.7042    0.1328    0.6974
    0.2817   -0.8495    0.4462
    0.6517    0.5106    0.5608
...   118 T-A ...
  -19.4590   76.5920  -61.2381
   -0.4892   -0.3106    0.8150
    0.5838   -0.8109    0.0414
    0.6480    0.4960    0.5780
...   119 A-T ...
  -17.5772   78.1457  -59.1467
   -0.3033   -0.7305    0.6118
    0.7655   -0.5692   -0.3001
    0.5675    0.3774    0.7318
...   120 A-T ...
  -16.0343   79.3091  -56.5683
    0.0816   -0.9587    0.2726
    0.8291   -0.0865   -0.5524
    0.5531    0.2711    0.7877
...   121 T-A ...
  -14.7662   80.0349  -53.6128
    0.4561   -0.8878   -0.0613
    0.6994    0.4001   -0.5923
    0.5503    0.2273    0.8034
...   122 G-C ...
  -12.9282   80.3020  -50.7408
    0.6902   -0.5514   -0.4685
    0.3848    0.8281   -0.4077
    0.6128    0.1011    0.7837
...   123 T-A ...
  -10.9060   79.9685  -48.2406
    0.7892   -0.0995   -0.6060
    0.0491    0.9939   -0.0992
    0.6121    0.0486    0.7893
...   124 G-C ...
   -8.7459   79.9849  -45.7825
    0.6662    0.4752   -0.5748
   -0.3665    0.8799    0.3026
    0.6495    0.0091    0.7603
...   125 T-A ...
   -6.4015   79.5275  -43.5647
    0.3874    0.8562   -0.3417
   -0.6478    0.5166    0.5599
    0.6559    0.0044    0.7548
...   126 C-G ...
   -4.2706   79.5371  -41.2369
   -0.0427    0.9970    0.0641
   -0.7520   -0.0743    0.6550
    0.6578   -0.0202    0.7529
...   127 G-C ...
   -2.6502   79.2688  -38.4762
   -0.4613    0.8284    0.3177
   -0.6633   -0.5598    0.4967
    0.5893    0.0184    0.8077
...   128 A-T ...
   -0.6526   79.1161  -36.0879
   -0.7656    0.3703    0.5260
   -0.3225   -0.9285    0.1843
    0.5567   -0.0285    0.8302
...   129 C-G ...
    1.1521   79.7286  -33.4105
   -0.8558   -0.1517    0.4945
    0.1042   -0.9870   -0.1224
    0.5067   -0.0532    0.8605
...   130 C-G ...
    2.1813   80.0486  -30.1623
   -0.7845   -0.5788    0.2225
    0.5019   -0.8034   -0.3203
    0.3642   -0.1396    0.9208
...   131 A-T ...
    2.5845   78.9647  -27.0060
   -0.5894   -0.7752   -0.2273
    0.7950   -0.5066   -0.3337
    0.1435   -0.3774    0.9149
...   132 A-T ...
    2.7667   77.6386  -24.0424
   -0.0905   -0.8967   -0.4333
    0.9915   -0.0405   -0.1233
    0.0931   -0.4408    0.8928
...   133 A-T ...
    2.6397   76.1232  -21.1146
    0.5033   -0.7669   -0.3982
    0.8614    0.4818    0.1609
    0.0685   -0.4239    0.9031
...   134 T-A ...
    2.3076   74.2307  -18.3903
    0.8657   -0.4293   -0.2574
    0.4984    0.7868    0.3641
    0.0462   -0.4435    0.8951
...   135 G-C ...
    1.4355   72.0970  -15.6050
    0.9809    0.0621    0.1843
   -0.1263    0.9241    0.3607
   -0.1479   -0.3771    0.9143
...   136 T-A ...
    0.5280   69.2393  -13.4689
    0.7351    0.4963    0.4618
   -0.6117    0.7792    0.1365
   -0.2921   -0.3828    0.8764
...   137 G-C ...
   -0.1658   67.4105  -10.8095
    0.1800    0.8794    0.4408
   -0.9276    0.3008   -0.2214
   -0.3274   -0.3691    0.8698
...   138 A-T ...
   -0.1321   66.2180   -7.8217
   -0.3749    0.8570    0.3536
   -0.8857   -0.2184   -0.4098
   -0.2739   -0.4668    0.8409
...   139 G-C ...
   -1.0068   65.6074   -4.9425
   -0.8336    0.5218    0.1811
   -0.5170   -0.6220   -0.5881
   -0.1942   -0.5839    0.7883
...   140 C-G ...
   -0.6974   63.9003   -2.2528
   -0.9992    0.0157   -0.0376
    0.0023   -0.8993   -0.4374
   -0.0406   -0.4371    0.8985
...   141 G-C ...
   -3.4382   60.2385    1.0283
   -0.4425    0.2285   -0.8672
    0.1683   -0.9287   -0.3306
   -0.8808   -0.2922    0.3725
...   142 C-G ...
   -6.3288   59.0834    1.6293
   -0.2970   -0.3280   -0.8968
    0.5656   -0.8171    0.1115
   -0.7693   -0.4741    0.4282
...   143 T-A ...
   -8.6768   58.7242    3.6024
   -0.0347   -0.7817   -0.6227
    0.6533   -0.4893    0.5778
   -0.7563   -0.3868    0.5276
...   144 C-G ...
  -11.6544   58.0113    4.7193
    0.2451   -0.9542   -0.1716
    0.6322    0.0231    0.7745
   -0.7350   -0.2983    0.6089
...   145 A-T ...
  -14.1760   56.5668    6.1806
    0.5795   -0.7268    0.3687
    0.3139    0.6165    0.7220
   -0.7521   -0.3027    0.5855
...   146 C-G ...
  -16.4650   53.8949    7.5152
    0.5336   -0.3331    0.7774
   -0.0346    0.9098    0.4136
   -0.8450   -0.2476    0.4739
...   147 A-T ...
  -19.0172   52.0374    8.9260
    0.2452    0.2907    0.9249
   -0.3073    0.9281   -0.2103
   -0.9195   -0.2327    0.3169
