  147 base-pairs
...     1 A-T ...
    0.0000    0.0000    0.0000
    1.0000    0.0000    0.0000
    0.0000    1.0000    0.0000
    0.0000    0.0000    1.0000
...     2 G-C ...
   -0.1404   -1.2353    3.2259
    0.7530    0.6366    0.1668
   -0.6385    0.7681   -0.0490
   -0.1593   -0.0696    0.9848
...     3 T-A ...
   -0.0377   -3.2918    6.3749
    0.2722    0.9302    0.2464
   -0.9238    0.3243   -0.2034
   -0.2691   -0.1722    0.9476
...     4 G-C ...
   -0.3520   -4.1638    9.4928
   -0.3756    0.9250    0.0576
   -0.8780   -0.3352   -0.3416
   -0.2967   -0.1788    0.9381
...     5 A-T ...
   -0.4480   -4.1448   12.7498
   -0.8116    0.5839   -0.0166
   -0.5522   -0.7762   -0.3042
   -0.1905   -0.2377    0.9525
...     6 G-C ...
   -1.5926   -4.1701   15.6201
   -0.9976    0.0246   -0.0651
   -0.0043   -0.9555   -0.2950
   -0.0694   -0.2940    0.9533
...     7 C-G ...
   -1.1050   -4.4793   18.7363
   -0.8442   -0.5302   -0.0787
    0.5343   -0.8442   -0.0430
   -0.0437   -0.0784    0.9960
...     8 G-C ...
   -2.4044   -7.7255   23.1483
   -0.2753   -0.3294   -0.9032
    0.6650   -0.7437    0.0686
   -0.6943   -0.5817    0.4238
...     9 C-G ...
   -4.4706   -9.9691   24.1142
    0.1145   -0.7026   -0.7023
    0.8512   -0.2951    0.4341
   -0.5123   -0.6475    0.5642
...    10 T-A ...
   -6.7420  -10.8705   25.9717
    0.4841   -0.8363   -0.2573
    0.6594    0.1554    0.7356
   -0.5752   -0.5257    0.6267
...    11 C-G ...
   -9.1682  -12.6167   27.1662
    0.7073   -0.6683    0.2306
    0.3450    0.6110    0.7125
   -0.6170   -0.4243    0.6627
...    12 A-T ...
  -10.9253  -14.6583   29.0713
    0.7515   -0.1377    0.6452
   -0.2027    0.8824    0.4245
   -0.6278   -0.4498    0.6352
...    13 C-G ...
  -11.8495  -17.4796   31.2472
    0.4294    0.2824    0.8578
   -0.5708    0.8209    0.0155
   -0.6998   -0.4963    0.5137
...    14 A-T ...
  -13.5915  -19.7756   33.4284
   -0.1503    0.6106    0.7775
   -0.6874    0.5007   -0.5261
   -0.7106   -0.6135    0.3445
...    15 A-T ...
  -15.6917  -21.8593   34.7572
   -0.5058    0.7811    0.3661
   -0.4763    0.1011   -0.8735
   -0.7193   -0.6162    0.3209
...    16 T-A ...
  -17.7922  -23.7466   36.4173
   -0.6586    0.7447   -0.1082
   -0.1635   -0.2819   -0.9454
   -0.7345   -0.6050    0.3074
...    17 T-A ...
  -20.1825  -25.5386   37.6289
   -0.6060    0.5128   -0.6081
    0.2153   -0.6301   -0.7460
   -0.7657   -0.5831    0.2715
...    18 T-A ...
  -22.7785  -27.1783   38.5894
   -0.3503    0.1448   -0.9254
    0.4948   -0.8102   -0.3141
   -0.7953   -0.5680    0.2121
...    19 A-T ...
  -25.8851  -28.4154   38.9455
    0.1058   -0.1141   -0.9878
    0.5479   -0.8223    0.1537
   -0.8298   -0.5575   -0.0245
...    20 T-A ...
  -28.8683  -29.6626   38.5304
    0.3834   -0.4739   -0.7927
    0.4126   -0.6800    0.6061
   -0.8263   -0.5595   -0.0652
...    21 T-A ...
  -31.6075  -31.2975   38.0147
    0.5586   -0.7558   -0.3416
    0.1185   -0.3350    0.9348
   -0.8209   -0.5626   -0.0976
...    22 C-G ...
  -34.1388  -33.2681   37.4838
    0.5440   -0.8021    0.2461
   -0.2499    0.1251    0.9601
   -0.8010   -0.5839   -0.1324
...    23 G-C ...
  -36.7778  -35.2498   37.4760
    0.3702   -0.5684    0.7347
   -0.5490    0.5041    0.6666
   -0.7493   -0.6502   -0.1255
...    24 C-G ...
  -38.9747  -37.6568   36.9306
    0.0308   -0.2011    0.9791
   -0.6691    0.7235    0.1696
   -0.7425   -0.6603   -0.1123
...    25 A-T ...
  -41.5731  -39.6277   36.5267
   -0.3052    0.2750    0.9117
   -0.5754    0.7096   -0.4067
   -0.7588   -0.6487   -0.0584
...    26 A-T ...
  -43.8659  -41.9293   36.5142
   -0.5879    0.6088    0.5327
   -0.2888    0.4572   -0.8412
   -0.7556   -0.6484   -0.0930
...    27 A-T ...
  -46.2789  -44.0876   36.4859
   -0.6406    0.7678   -0.0107
    0.0957    0.0661   -0.9932
   -0.7619   -0.6373   -0.1158
...    28 G-C ...
  -48.9122  -46.0312   36.3948
   -0.4295    0.7635   -0.4822
    0.4094   -0.3113   -0.8576
   -0.8049   -0.5658   -0.1789
...    29 G-C ...
  -51.8680  -47.5786   36.0065
   -0.0544    0.5755   -0.8160
    0.5539   -0.6626   -0.5041
   -0.8308   -0.4794   -0.2828
...    30 C-G ...
  -54.8138  -48.6268   35.0931
    0.3081    0.1980   -0.9305
    0.4815   -0.8760   -0.0270
   -0.8205   -0.4397   -0.3653
...    31 C-G ...
  -57.5859  -49.6311   33.4796
    0.6046   -0.2184   -0.7660
    0.2149   -0.8813    0.4209
   -0.7670   -0.4191   -0.4859
...    32 G-C ...
  -59.7891  -51.3174   31.6792
    0.7179   -0.5931   -0.3646
   -0.2027   -0.6791    0.7056
   -0.6660   -0.4326   -0.6077
...    33 G-C ...
  -61.6028  -52.7620   29.2269
    0.5482   -0.8304    0.0994
   -0.5898   -0.2997    0.7499
   -0.5929   -0.4697   -0.6541
...    34 C-G ...
  -63.1711  -54.3990   26.8151
    0.1538   -0.8542    0.4967
   -0.8107    0.1783    0.5577
   -0.5649   -0.4885   -0.6650
...    35 C-G ...
  -64.8095  -56.2772   24.5512
   -0.2867   -0.6054    0.7425
   -0.7787    0.5987    0.1875
   -0.5581   -0.5244   -0.6431
...    36 C-G ...
  -66.5039  -58.2667   22.4279
   -0.6340   -0.1650    0.7555
   -0.5022    0.8307   -0.2400
   -0.5881   -0.5316   -0.6095
...    37 G-C ...
  -68.5343  -59.5956   20.1691
   -0.7509    0.3613    0.5528
   -0.0576    0.7980   -0.5999
   -0.6579   -0.4823   -0.5785
...    38 A-T ...
  -70.6046  -61.2788   18.3073
   -0.6209    0.7709    0.1421
    0.3947    0.4640   -0.7930
   -0.6773   -0.4363   -0.5924
...    39 C-G ...
  -73.1413  -62.7713   16.8860
   -0.3042    0.9224   -0.2380
    0.6558    0.0216   -0.7546
   -0.6909   -0.3856   -0.6115
...    40 A-T ...
  -75.5272  -63.9004   14.8543
    0.1950    0.8511   -0.4874
    0.6973   -0.4697   -0.5413
   -0.6897   -0.2343   -0.6851
...    41 C-G ...
  -78.0902  -64.1155   12.8681
    0.5592    0.5274   -0.6396
    0.4979   -0.8306   -0.2495
   -0.6628   -0.1789   -0.7271
...    42 G-C ...
  -79.9465  -64.6764   10.1932
    0.8355    0.0508   -0.5471
    0.0945   -0.9942    0.0520
   -0.5412   -0.0952   -0.8355
...    43 A-T ...
  -81.5119  -64.8279    7.3483
    0.7714   -0.5100   -0.3806
   -0.4128   -0.8562    0.3106
   -0.4842   -0.0825   -0.8710
...    44 C-G ...
  -82.6020  -64.6659    4.2356
    0.4692   -0.8698   -0.1526
   -0.7617   -0.4861    0.4284
   -0.4468   -0.0848   -0.8906
...    45 T-A ...
  -83.6702  -64.9562    1.1291
    0.0277   -0.9930    0.1147
   -0.9134    0.0215    0.4065
   -0.4061   -0.1161   -0.9064
...    46 T-A ...
  -84.6322  -65.3462   -1.9593
   -0.5124   -0.8127    0.2776
   -0.7675    0.5783    0.2765
   -0.3852   -0.0714   -0.9201
...    47 A-T ...
  -86.0669  -65.1873   -4.9750
   -0.8889   -0.2921    0.3528
   -0.2856    0.9557    0.0718
   -0.3581   -0.0369   -0.9329
...    48 C-G ...
  -87.2246  -65.9037   -7.9924
   -0.9045    0.2361    0.3552
    0.2120    0.9715   -0.1059
   -0.3701   -0.0205   -0.9288
...    49 T-A ...
  -88.6787  -66.1817  -10.9352
   -0.6482    0.6929    0.3157
    0.6434    0.7202   -0.2597
   -0.4073    0.0348   -0.9126
...    50 G-C ...
  -90.1300  -65.8621  -13.9024
   -0.1519    0.9531    0.2617
    0.8865    0.2485   -0.3904
   -0.4372    0.1727   -0.8827
...    51 T-A ...
  -92.0862  -65.2060  -16.4291
    0.3319    0.9386    0.0943
    0.8462   -0.2521   -0.4694
   -0.4168    0.2356   -0.8779
...    52 A-T ...
  -93.7312  -63.8161  -18.9939
    0.7706    0.6360    0.0418
    0.5659   -0.6525   -0.5040
   -0.2933    0.4121   -0.8627
...    53 G-C ...
  -94.6909  -62.0740  -21.6017
    0.9730    0.1931   -0.1263
    0.1077   -0.8642   -0.4916
   -0.2040    0.4647   -0.8616
...    54 G-C ...
  -94.9507  -60.0778  -24.3100
    0.9060   -0.3222   -0.2744
   -0.4137   -0.8109   -0.4138
   -0.0892    0.4884   -0.8680
...    55 T-A ...
  -94.7725  -58.0623  -26.9083
    0.5768   -0.6988   -0.4231
   -0.8151   -0.5261   -0.2425
   -0.0531    0.4847   -0.8730
...    56 A-T ...
  -95.0301  -56.5281  -29.8371
   -0.0042   -0.8779   -0.4788
   -0.9996   -0.0095    0.0262
   -0.0275    0.4787   -0.8775
...    57 T-A ...
  -94.4201  -55.0981  -32.7564
   -0.5032   -0.7540   -0.4223
   -0.8640    0.4293    0.2631
   -0.0171    0.4972   -0.8674
...    58 C-G ...
  -94.3984  -53.5666  -35.6483
   -0.9095   -0.3713   -0.1871
   -0.4150    0.7843    0.4611
   -0.0245    0.4970   -0.8674
...    59 T-A ...
  -94.5275  -52.2279  -38.6609
   -0.9921    0.0566    0.1120
    0.1052    0.8621    0.4957
   -0.0685    0.5035   -0.8612
...    60 C-G ...
  -94.7930  -50.6753  -41.5167
   -0.7534    0.5156    0.4081
    0.6512    0.6712    0.3541
   -0.0913    0.5326   -0.8414
...    61 G-C ...
  -94.8737  -48.6971  -44.1630
   -0.2839    0.7037    0.6513
    0.9493    0.3018    0.0878
   -0.1347    0.6433   -0.7537
...    62 A-T ...
  -95.4385  -46.5961  -46.5590
    0.2980    0.7049    0.6437
    0.9471   -0.1340   -0.2917
   -0.1194    0.6966   -0.7075
...    63 G-C ...
  -96.0756  -44.1135  -48.6025
    0.7319    0.4757    0.4879
    0.6789   -0.4478   -0.5818
   -0.0583    0.7571   -0.6507
...    64 C-G ...
  -96.3511  -41.3182  -50.2802
    0.9792    0.1220    0.1623
    0.2030   -0.6043   -0.7704
    0.0041    0.7873   -0.6165
...    65 T-A ...
  -96.1349  -38.4937  -51.9399
    0.9478   -0.2531   -0.1938
   -0.3054   -0.5460   -0.7802
    0.0917    0.7987   -0.5948
...    66 T-A ...
  -95.6470  -35.7598  -53.6088
    0.6278   -0.5102   -0.5879
   -0.7713   -0.3058   -0.5582
    0.1050    0.8039   -0.5855
...    67 C-G ...
  -95.0883  -33.2020  -55.5490
    0.0764   -0.6084   -0.7899
   -0.9882    0.0592   -0.1412
    0.1327    0.7914   -0.5967
...    68 A-T ...
  -94.8054  -30.6103  -57.5643
   -0.4899   -0.5290   -0.6930
   -0.8624    0.4106    0.2962
    0.1279    0.7427   -0.6573
...    69 T-A ...
  -93.8765  -28.5738  -59.9923
   -0.8513   -0.2428   -0.4651
   -0.5059    0.6148    0.6050
    0.1391    0.7504   -0.6462
...    70 G-C ...
  -93.6181  -25.9998  -62.0353
   -0.9974    0.0714   -0.0023
    0.0449    0.6526    0.7564
    0.0555    0.7544   -0.6541
...    71 T-A ...
  -93.6461  -23.9225  -64.6017
   -0.8412    0.3668    0.3973
    0.5395    0.5205    0.6618
    0.0360    0.7711   -0.6357
...    72 T-A ...
  -93.7425  -21.5591  -66.8123
   -0.4133    0.5777    0.7039
    0.9098    0.2285    0.3466
    0.0394    0.7836   -0.6200
...    73 A-T ...
  -94.0146  -18.8654  -68.7301
    0.1040    0.4903    0.8653
    0.9941   -0.0784   -0.0751
    0.0311    0.8680   -0.4956
...    74 T-A ...
  -94.5411  -15.9328  -70.0711
    0.5678    0.3649    0.7378
    0.8219   -0.3007   -0.4838
    0.0453    0.8811   -0.4707
...    75 A-T ...
  -94.5106  -12.7585  -71.0840
    0.8804    0.0125    0.4741
    0.4396   -0.3968   -0.8058
    0.1781    0.9178   -0.3548
...    76 A-T ...
  -93.9125   -9.6923  -71.9067
    0.9730   -0.2298   -0.0217
   -0.0972   -0.3227   -0.9415
    0.2094    0.9182   -0.3363
...    77 C-G ...
  -92.9326   -6.5932  -72.3914
    0.7876   -0.3929   -0.4747
   -0.5614   -0.1399   -0.8156
    0.2540    0.9089   -0.3307
...    78 G-C ...
  -92.1137   -3.7485  -73.8592
    0.3383   -0.4954   -0.8001
   -0.8747    0.1481   -0.4615
    0.3471    0.8559   -0.3833
...    79 G-C ...
  -90.5647   -1.0851  -75.2101
   -0.1931   -0.3975   -0.8970
   -0.9083    0.4183    0.0102
    0.3712    0.8167   -0.4418
...    80 A-T ...
  -89.2344    1.5062  -76.6941
   -0.6839   -0.0928   -0.7237
   -0.6297    0.5760    0.5212
    0.3685    0.8121   -0.4524
...    81 C-G ...
  -87.8007    3.7902  -78.6237
   -0.9127    0.2049   -0.3536
   -0.1943    0.5435    0.8166
    0.3595    0.8140   -0.4562
...    82 G-C ...
  -86.6442    6.6727  -79.7585
   -0.9046    0.3833    0.1866
    0.3280    0.3462    0.8790
    0.2723    0.8563   -0.4388
...    83 G-C ...
  -85.9546    9.4716  -81.4937
   -0.6251    0.4281    0.6527
    0.7496    0.0962    0.6548
    0.2176    0.8986   -0.3810
...    84 G-C ...
  -85.6079   12.5138  -82.8900
   -0.1742    0.3207    0.9310
    0.9652   -0.1317    0.2259
    0.1951    0.9380   -0.2866
...    85 A-T ...
  -85.1106   15.5856  -83.7872
    0.3751    0.1313    0.9176
    0.9014   -0.2828   -0.3280
    0.2164    0.9502   -0.2244
...    86 T-A ...
  -84.9301   18.8325  -84.0881
    0.7540   -0.0515    0.6549
    0.6125   -0.3050   -0.7292
    0.2372    0.9510   -0.1984
...    87 C-G ...
  -84.0829   21.9275  -84.5058
    0.9494   -0.2730    0.1554
    0.1024   -0.1988   -0.9747
    0.2970    0.9412   -0.1607
...    88 C-G ...
  -82.7820   25.0240  -84.6098
    0.8330   -0.4309   -0.3471
   -0.3791    0.0123   -0.9253
    0.4030    0.9023   -0.1531
...    89 G-C ...
  -81.3495   27.8645  -85.5041
    0.4563   -0.4565   -0.7638
   -0.7275    0.3028   -0.6157
    0.5123    0.8366   -0.1940
...    90 C-G ...
  -79.2581   30.3379  -86.0974
   -0.0147   -0.2539   -0.9671
   -0.8413    0.5258   -0.1252
    0.5403    0.8118   -0.2213
...    91 T-A ...
  -77.2072   32.7597  -86.9947
   -0.4584    0.0247   -0.8884
   -0.6999    0.6060    0.3780
    0.5477    0.7951   -0.2605
...    92 T-A ...
  -75.1906   35.1133  -87.9907
   -0.7495    0.3917   -0.5336
   -0.3290    0.4791    0.8138
    0.5744    0.7855   -0.2302
...    93 T-A ...
  -73.2314   37.4982  -89.0190
   -0.7891    0.6143    0.0057
    0.1339    0.1629    0.9775
    0.5995    0.7721   -0.2108
...    94 A-T ...
  -71.2675   40.0814  -89.6700
   -0.6097    0.5543    0.5666
    0.5492   -0.2199    0.8062
    0.5715    0.8028   -0.1704
...    95 A-T ...
  -69.6378   42.7885  -90.3666
   -0.2266    0.3271    0.9174
    0.7843   -0.4973    0.3710
    0.5775    0.8036   -0.1439
...    96 C-G ...
  -68.3037   45.7323  -90.8341
    0.1563   -0.0110    0.9876
    0.7952   -0.5917   -0.1324
    0.5858    0.8061   -0.0838
...    97 A-T ...
  -66.4013   48.4719  -90.9048
    0.4439   -0.4449    0.7778
    0.6263   -0.4668   -0.6244
    0.6409    0.7643    0.0715
...    98 C-G ...
  -64.6342   51.0803  -90.0769
    0.6525   -0.6647    0.3640
    0.3457   -0.1664   -0.9235
    0.6744    0.7284    0.1212
...    99 T-A ...
  -62.3870   53.3079  -89.2268
    0.6766   -0.7205   -0.1518
    0.0184    0.2226   -0.9747
    0.7361    0.6567    0.1639
...   100 T-A ...
  -59.9469   55.2655  -88.4029
    0.5712   -0.4883   -0.6598
   -0.3344    0.5957   -0.7303
    0.7496    0.6378    0.1770
...   101 T-A ...
  -57.3671   57.0731  -87.6221
    0.3071   -0.0643   -0.9495
   -0.5828    0.7761   -0.2410
    0.7524    0.6274    0.2009
...   102 A-T ...
  -55.0441   59.3557  -86.9471
   -0.0829    0.4244   -0.9016
   -0.6442    0.6675    0.3735
    0.7604    0.6118    0.2181
...   103 T-A ...
  -52.1534   60.9363  -86.6334
   -0.3735    0.7167   -0.5889
   -0.5229    0.3617    0.7719
    0.7662    0.5962    0.2397
...   104 G-C ...
  -49.7842   63.0286  -85.7156
   -0.6540    0.7520   -0.0821
   -0.2304   -0.0946    0.9685
    0.7205    0.6523    0.2352
...   105 C-G ...
  -47.3872   65.2536  -85.3316
   -0.7105    0.5581    0.4285
    0.1376   -0.4870    0.8625
    0.6901    0.6718    0.2692
...   106 T-A ...
  -45.3341   67.7200  -84.6115
   -0.6023    0.1912    0.7750
    0.4662   -0.7038    0.5360
    0.6480    0.6842    0.3348
...   107 T-A ...
  -43.4323   70.1216  -83.5981
   -0.2921   -0.2448    0.9245
    0.7114   -0.7017    0.0390
    0.6392    0.6691    0.3791
...   108 C-G ...
  -41.4963   72.3213  -82.2378
    0.0912   -0.6434    0.7601
    0.7652   -0.4431   -0.4670
    0.6373    0.6242    0.4519
...   109 C-G ...
  -39.6749   74.3513  -80.2771
    0.3760   -0.8540    0.3595
    0.6436   -0.0384   -0.7644
    0.6666    0.5188    0.5352
...   110 G-C ...
  -37.1985   75.7120  -78.5712
    0.5481   -0.8191   -0.1691
    0.4195    0.4442   -0.7917
    0.7236    0.3630    0.5871
...   111 G-C ...
  -34.7001   76.3412  -76.4026
    0.6217   -0.5011   -0.6020
    0.1317    0.8245   -0.5503
    0.7721    0.2628    0.5786
...   112 C-G ...
  -32.0349   76.6969  -74.4929
    0.5766    0.0074   -0.8170
   -0.1844    0.9753   -0.1213
    0.7960    0.2206    0.5637
...   113 T-A ...
  -29.2367   77.0793  -72.7812
    0.3856    0.5051   -0.7721
   -0.4268    0.8396    0.3361
    0.8180    0.1999    0.5393
...   114 C-G ...
  -26.4686   77.6673  -71.1225
    0.0741    0.9024   -0.4245
   -0.5713    0.3873    0.7236
    0.8174    0.1889    0.5442
...   115 G-C ...
  -24.0714   78.3142  -68.9324
   -0.3079    0.9514    0.0071
   -0.5308   -0.1779    0.8286
    0.7896    0.2514    0.5598
...   116 T-A ...
  -21.2303   79.3784  -67.5904
   -0.5531    0.7236    0.4128
   -0.3200   -0.6420    0.6967
    0.7692    0.2533    0.5867
...   117 A-T ...
  -18.7280   80.4149  -65.6900
   -0.7225    0.2394    0.6486
    0.0196   -0.9307    0.3653
    0.6911    0.2767    0.6677
...   118 T-A ...
  -16.6883   81.9379  -63.6487
   -0.6505   -0.2473    0.7181
    0.3597   -0.9331    0.0045
    0.6689    0.2612    0.6959
...   119 A-T ...
  -15.0668   83.2422  -61.0051
   -0.5543   -0.6974    0.4543
    0.6454   -0.7048   -0.2944
    0.5255    0.1300    0.8408
...   120 A-T ...
  -13.6633   83.6764  -58.1464
   -0.1707   -0.9701    0.1726
    0.8539   -0.2330   -0.4654
    0.4917    0.0680    0.8681
...   121 T-A ...
  -12.7119   83.8178  -55.0366
    0.2374   -0.9658   -0.1043
    0.8431    0.2582   -0.4717
    0.4825    0.0240    0.8756
...   122 G-C ...
  -10.9892   83.5100  -52.2236
    0.5865   -0.6772   -0.4443
    0.6256    0.7272   -0.2826
    0.5144   -0.1122    0.8502
...   123 T-A ...
   -9.5907   82.5350  -49.4080
    0.8122   -0.2173   -0.5415
    0.2622    0.9650    0.0060
    0.5212   -0.1469    0.8407
...   124 G-C ...
   -7.6669   82.2587  -46.7515
    0.7928    0.3695   -0.4846
   -0.2131    0.9131    0.3476
    0.5710   -0.1723    0.8027
...   125 T-A ...
   -5.5537   81.1822  -44.4066
    0.5766    0.7845   -0.2284
   -0.5893    0.5929    0.5488
    0.5659   -0.1819    0.8041
...   126 C-G ...
   -3.6089   80.5238  -41.8483
    0.1299    0.9817    0.1393
   -0.8225    0.0282    0.5681
    0.5538   -0.1884    0.8111
...   127 G-C ...
   -2.1903   79.7015  -38.9753
   -0.3857    0.8540    0.3492
   -0.7784   -0.5044    0.3737
    0.4952   -0.1277    0.8593
...   128 A-T ...
   -0.4565   79.2632  -36.2637
   -0.7804    0.4304    0.4536
   -0.4411   -0.8931    0.0886
    0.4432   -0.1309    0.8868
...   129 C-G ...
    1.0431   79.4466  -33.3766
   -0.9224   -0.0562    0.3822
   -0.0030   -0.9883   -0.1525
    0.3863   -0.1418    0.9114
...   130 C-G ...
    2.1353   79.3846  -30.1945
   -0.8490   -0.5146    0.1198
    0.4593   -0.8310   -0.3139
    0.2611   -0.2115    0.9419
...   131 A-T ...
    2.6707   78.6787  -26.9732
   -0.5377   -0.8123   -0.2261
    0.8352   -0.4764   -0.2747
    0.1154   -0.3366    0.9346
...   132 A-T ...
    2.6944   77.5408  -23.9640
   -0.0233   -0.9200   -0.3913
    0.9968    0.0087   -0.0799
    0.0769   -0.3919    0.9168
...   133 A-T ...
    2.6287   76.0934  -21.0792
    0.5123   -0.7617   -0.3967
    0.8568    0.4849    0.1754
    0.0588   -0.4297    0.9010
...   134 T-A ...
    2.3076   74.2307  -18.3902
    0.8657   -0.4293   -0.2574
    0.4984    0.7868    0.3641
    0.0462   -0.4435    0.8951
...   135 G-C ...
    1.4354   72.0970  -15.6049
    0.9809    0.0621    0.1843
   -0.1263    0.9241    0.3607
   -0.1479   -0.3771    0.9143
...   136 T-A ...
    0.5280   69.2393  -13.4688
    0.7351    0.4963    0.4618
   -0.6117    0.7792    0.1365
   -0.2921   -0.3828    0.8764
...   137 G-C ...
   -0.1659   67.4105  -10.8094
    0.1800    0.8794    0.4408
   -0.9276    0.3008   -0.2214
   -0.3274   -0.3691    0.8698
...   138 A-T ...
   -0.1321   66.2180   -7.8216
   -0.3749    0.8570    0.3536
   -0.8857   -0.2184   -0.4098
   -0.2739   -0.4668    0.8409
...   139 G-C ...
   -1.0069   65.6074   -4.9424
   -0.8336    0.5218    0.1811
   -0.5170   -0.6220   -0.5881
   -0.1942   -0.5839    0.7883
...   140 C-G ...
   -0.6974   63.9003   -2.2527
   -0.9992    0.0157   -0.0376
    0.0023   -0.8993   -0.4374
   -0.0406   -0.4371    0.8985
...   141 G-C ...
   -3.4382   60.2385    1.0284
   -0.4425    0.2285   -0.8672
    0.1683   -0.9287   -0.3306
   -0.8808   -0.2922    0.3725
...   142 C-G ...
   -6.3288   59.0834    1.6294
   -0.2970   -0.3280   -0.8968
    0.5656   -0.8171    0.1115
   -0.7693   -0.4741    0.4282
...   143 T-A ...
   -8.6768   58.7242    3.6025
   -0.0347   -0.7817   -0.6227
    0.6533   -0.4893    0.5778
   -0.7563   -0.3868    0.5276
...   144 C-G ...
  -11.6544   58.0113    4.7194
    0.2451   -0.9542   -0.1716
    0.6322    0.0231    0.7745
   -0.7350   -0.2983    0.6089
...   145 A-T ...
  -14.1760   56.5668    6.1807
    0.5795   -0.7268    0.3687
    0.3139    0.6165    0.7220
   -0.7521   -0.3027    0.5855
...   146 C-G ...
  -16.4651   53.8949    7.5153
    0.5336   -0.3331    0.7774
   -0.0346    0.9098    0.4136
   -0.8450   -0.2476    0.4739
...   147 A-T ...
  -19.0172   52.0374    8.9261
    0.2452    0.2907    0.9249
   -0.3073    0.9281   -0.2103
   -0.9195   -0.2327    0.3169
