  147 base-pairs
...     1 A-T ...
    0.0000    0.0000    0.0000
    1.0000    0.0000    0.0000
    0.0000    1.0000    0.0000
    0.0000    0.0000    1.0000
...     2 G-C ...
   -0.1404   -1.2353    3.2259
    0.7530    0.6366    0.1668
   -0.6385    0.7681   -0.0490
   -0.1593   -0.0696    0.9848
...     3 T-A ...
   -0.0377   -3.2918    6.3749
    0.2722    0.9302    0.2464
   -0.9238    0.3243   -0.2034
   -0.2691   -0.1722    0.9476
...     4 G-C ...
   -0.3520   -4.1638    9.4928
   -0.3756    0.9250    0.0576
   -0.8780   -0.3352   -0.3416
   -0.2967   -0.1788    0.9381
...     5 A-T ...
   -0.4480   -4.1448   12.7498
   -0.8116    0.5839   -0.0166
   -0.5522   -0.7762   -0.3042
   -0.1905   -0.2377    0.9525
...     6 G-C ...
   -1.5926   -4.1701   15.6201
   -0.9976    0.0246   -0.0651
   -0.0043   -0.9555   -0.2950
   -0.0694   -0.2940    0.9533
...     7 C-G ...
   -1.1050   -4.4793   18.7363
   -0.8442   -0.5302   -0.0787
    0.5343   -0.8442   -0.0430
   -0.0437   -0.0784    0.9960
...     8 G-C ...
   -2.4044   -7.7255   23.1483
   -0.2753   -0.3294   -0.9032
    0.6650   -0.7437    0.0686
   -0.6943   -0.5817    0.4238
...     9 C-G ...
   -4.4706   -9.9691   24.1142
    0.1145   -0.7026   -0.7023
    0.8512   -0.2951    0.4341
   -0.5123   -0.6475    0.5642
...    10 T-A ...
   -6.7420  -10.8705   25.9717
    0.4841   -0.8363   -0.2573
    0.6594    0.1554    0.7356
   -0.5752   -0.5257    0.6267
...    11 C-G ...
   -9.1682  -12.6167   27.1662
    0.7073   -0.6683    0.2306
    0.3450    0.6110    0.7125
   -0.6170   -0.4243    0.6627
...    12 A-T ...
  -10.9253  -14.6583   29.0713
    0.7515   -0.1377    0.6452
   -0.2027    0.8824    0.4245
   -0.6278   -0.4498    0.6352
...    13 C-G ...
  -11.8495  -17.4796   31.2472
    0.4294    0.2824    0.8578
   -0.5708    0.8209    0.0155
   -0.6998   -0.4963    0.5137
...    14 A-T ...
  -13.5915  -19.7756   33.4284
   -0.1503    0.6106    0.7775
   -0.6874    0.5007   -0.5261
   -0.7106   -0.6135    0.3445
...    15 A-T ...
  -15.6890  -21.8613   34.7585
   -0.5063    0.7802    0.3673
   -0.4765    0.1019   -0.8733
   -0.7188   -0.6171    0.3201
...    16 T-A ...
  -17.7872  -23.7536   36.4165
   -0.6596    0.7441   -0.1062
   -0.1635   -0.2800   -0.9460
   -0.7336   -0.6066    0.3063
...    17 T-A ...
  -20.1733  -25.5516   37.6272
   -0.6075    0.5138   -0.6058
    0.2158   -0.6272   -0.7484
   -0.7645   -0.5853    0.2702
...    18 T-A ...
  -22.7651  -27.1983   38.5852
   -0.3516    0.1489   -0.9242
    0.4959   -0.8077   -0.3188
   -0.7940   -0.5705    0.2102
...    19 A-T ...
  -25.8812  -28.4218   38.9366
    0.1057   -0.1025   -0.9891
    0.5494   -0.8230    0.1440
   -0.8288   -0.5587   -0.0307
...    20 T-A ...
  -28.8607  -29.6694   38.5063
    0.3845   -0.4623   -0.7990
    0.4145   -0.6870    0.5969
   -0.8248   -0.5607   -0.0725
...    21 T-A ...
  -31.5938  -31.3048   37.9666
    0.5619   -0.7478   -0.3535
    0.1203   -0.3490    0.9294
   -0.8184   -0.5647   -0.1062
...    22 C-G ...
  -34.1117  -33.2800   37.4025
    0.5493   -0.8029    0.2317
   -0.2499    0.1068    0.9624
   -0.7974   -0.5865   -0.1420
...    23 G-C ...
  -36.7298  -35.2847   37.3594
    0.3760   -0.5792    0.7232
   -0.5524    0.4865    0.6769
   -0.7440   -0.6540   -0.1370
...    24 C-G ...
  -38.9038  -37.7009   36.7729
    0.0345   -0.2205    0.9748
   -0.6757    0.7135    0.1853
   -0.7363   -0.6651   -0.1244
...    25 A-T ...
  -41.4812  -39.6890   36.3345
   -0.3063    0.2522    0.9179
   -0.5838    0.7119   -0.3904
   -0.7519   -0.6555   -0.0708
...    26 A-T ...
  -43.7466  -42.0171   36.2775
   -0.5943    0.5896    0.5470
   -0.2956    0.4724   -0.8303
   -0.7480   -0.6552   -0.1065
...    27 A-T ...
  -46.1318  -44.2054   36.2056
   -0.6509    0.7592    0.0079
    0.0934    0.0904   -0.9915
   -0.7534   -0.6446   -0.1298
...    28 G-C ...
  -48.7370  -46.1822   36.0721
   -0.4413    0.7687   -0.4630
    0.4126   -0.2844   -0.8654
   -0.7969   -0.5730   -0.1917
...    29 G-C ...
  -51.6684  -47.7657   35.6525
   -0.0645    0.5952   -0.8010
    0.5635   -0.6407   -0.5215
   -0.8236   -0.4850   -0.2941
...    30 C-G ...
  -54.5975  -48.8365   34.7178
    0.3036    0.2281   -0.9251
    0.4961   -0.8668   -0.0509
   -0.8135   -0.4435   -0.3763
...    31 C-G ...
  -57.3564  -49.8385   33.0811
    0.6078   -0.1852   -0.7721
    0.2317   -0.8887    0.3956
   -0.7595   -0.4194   -0.4973
...    32 G-C ...
  -59.5260  -51.5070   31.2286
    0.7304   -0.5662   -0.3819
   -0.1878   -0.7041    0.6848
   -0.6567   -0.4285   -0.6206
...    33 G-C ...
  -61.3014  -52.9143   28.7273
    0.5680   -0.8197    0.0740
   -0.5825   -0.3368    0.7398
   -0.5815   -0.4633   -0.6687
...    34 C-G ...
  -62.8252  -54.5141   26.2648
    0.1759   -0.8650    0.4699
   -0.8150    0.1398    0.5624
   -0.5521   -0.4818   -0.6804
...    35 C-G ...
  -64.4100  -56.3661   23.9428
   -0.2697   -0.6363    0.7228
   -0.7949    0.5708    0.2058
   -0.5435   -0.5190   -0.6597
...    36 C-G ...
  -66.0483  -58.3357   21.7595
   -0.6288   -0.2074    0.7494
   -0.5263    0.8230   -0.2138
   -0.5725   -0.5288   -0.6266
...    37 G-C ...
  -68.0402  -59.6481   19.4601
   -0.7619    0.3202    0.5631
   -0.0820    0.8146   -0.5742
   -0.6425   -0.4837   -0.5943
...    38 A-T ...
  -70.0558  -61.3350   17.5432
   -0.6454    0.7457    0.1656
    0.3801    0.5015   -0.7772
   -0.6626   -0.4386   -0.6071
...    39 C-G ...
  -72.5420  -62.8614   16.0697
   -0.3345    0.9189   -0.2090
    0.6553    0.0675   -0.7523
   -0.6772   -0.3886   -0.6248
...    40 A-T ...
  -74.8839  -64.0055   13.9985
    0.1658    0.8724   -0.4598
    0.7137   -0.4279   -0.5545
   -0.6805   -0.2362   -0.6936
...    41 C-G ...
  -77.4344  -64.2460   12.0002
    0.5406    0.5673   -0.6213
    0.5277   -0.8037   -0.2748
   -0.6552   -0.1793   -0.7338
...    42 G-C ...
  -79.2691  -64.7867    9.3090
    0.8341    0.1001   -0.5425
    0.1324   -0.9910    0.0207
   -0.5355   -0.0891   -0.8398
...    43 A-T ...
  -80.8221  -64.9053    6.4577
    0.7925   -0.4660   -0.3934
   -0.3787   -0.8817    0.2815
   -0.4781   -0.0741   -0.8752
...    44 C-G ...
  -81.9072  -64.6878    3.3488
    0.5063   -0.8438   -0.1777
   -0.7418   -0.5313    0.4092
   -0.4398   -0.0754   -0.8949
...    45 T-A ...
  -82.9472  -64.9239    0.2299
    0.0721   -0.9938    0.0843
   -0.9150   -0.0323    0.4022
   -0.3970   -0.1061   -0.9117
...    46 T-A ...
  -83.8778  -65.2635   -2.8731
   -0.4738   -0.8441    0.2510
   -0.7952    0.5326    0.2897
   -0.3782   -0.0623   -0.9236
...    47 A-T ...
  -85.3006  -65.1043   -5.8898
   -0.8725   -0.3485    0.3424
   -0.3357    0.9369    0.0979
   -0.3549   -0.0295   -0.9344
...    48 C-G ...
  -86.4161  -65.7969   -8.9276
   -0.9163    0.1767    0.3593
    0.1590    0.9841   -0.0786
   -0.3675   -0.0149   -0.9299
...    49 T-A ...
  -87.8502  -66.0739  -11.8791
   -0.6865    0.6469    0.3321
    0.6024    0.7617   -0.2386
   -0.4073    0.0362   -0.9126
...    50 G-C ...
  -89.3072  -65.7551  -14.8409
   -0.2068    0.9361    0.2845
    0.8716    0.3084   -0.3810
   -0.4444    0.1692   -0.8797
...    51 T-A ...
  -91.2922  -65.1516  -17.3593
    0.2762    0.9539    0.1175
    0.8607   -0.1911   -0.4719
   -0.4277    0.2314   -0.8738
...    52 A-T ...
  -93.0060  -63.8084  -19.9009
    0.7308    0.6803    0.0569
    0.6050   -0.6068   -0.5155
   -0.3161    0.4111   -0.8550
...    53 G-C ...
  -94.0658  -62.0756  -22.4749
    0.9595    0.2554   -0.1191
    0.1623   -0.8463   -0.5074
   -0.2304    0.4675   -0.8534
...    54 G-C ...
  -94.4508  -60.0463  -25.1428
    0.9257   -0.2590   -0.2757
   -0.3597   -0.8283   -0.4295
   -0.1171    0.4968   -0.8599
...    55 T-A ...
  -94.3930  -57.9791  -27.7035
    0.6233   -0.6527   -0.4306
   -0.7778   -0.5743   -0.2554
   -0.0806    0.4941   -0.8657
...    56 A-T ...
  -94.6905  -56.4149  -30.6077
    0.0641   -0.8723   -0.4848
   -0.9966   -0.0812    0.0143
   -0.0518    0.4822   -0.8745
...    57 T-A ...
  -94.1516  -54.9254  -33.5089
   -0.4415   -0.7865   -0.4318
   -0.8962    0.3634    0.2543
   -0.0431    0.4993   -0.8653
...    58 C-G ...
  -94.2103  -53.3889  -36.3950
   -0.8764   -0.4384   -0.1995
   -0.4789    0.7493    0.4573
   -0.0510    0.4963   -0.8666
...    59 T-A ...
  -94.4022  -52.0602  -39.4067
   -0.9949   -0.0205    0.0987
    0.0314    0.8672    0.4970
   -0.0957    0.4976   -0.8621
...    60 C-G ...
  -94.7563  -50.5319  -42.2646
   -0.7972    0.4552    0.3965
    0.5914    0.7206    0.3618
   -0.1210    0.5229   -0.8437
...    61 G-C ...
  -94.9547  -48.5651  -44.9104
   -0.3482    0.6819    0.6432
    0.9211    0.3765    0.0995
   -0.1743    0.6271   -0.7592
...    62 A-T ...
  -95.6503  -46.5290  -47.3286
    0.2312    0.7311    0.6419
    0.9590   -0.0601   -0.2770
   -0.1639    0.6797   -0.7150
...    63 G-C ...
  -96.4539  -44.1229  -49.4045
    0.6836    0.5380    0.4932
    0.7217   -0.3972   -0.5669
   -0.1091    0.7435   -0.6598
...    64 C-G ...
  -96.9330  -41.3809  -51.1231
    0.9633    0.2032    0.1754
    0.2637   -0.5950   -0.7592
   -0.0499    0.7776   -0.6267
...    65 T-A ...
  -96.9210  -38.5694  -52.8175
    0.9686   -0.1770   -0.1744
   -0.2458   -0.5805   -0.7763
    0.0362    0.7948   -0.6058
...    66 C-G ...
  -96.5502  -35.9591  -54.7176
    0.6614   -0.4998   -0.5593
   -0.7452   -0.3533   -0.5655
    0.0850    0.7908   -0.6061
...    67 A-T ...
  -96.2539  -33.4347  -56.8235
    0.1412   -0.6757   -0.7235
   -0.9792    0.0124   -0.2026
    0.1458    0.7371   -0.6599
...    68 T-A ...
  -95.0823  -31.1709  -58.9202
   -0.3606   -0.5694   -0.7387
   -0.9202    0.3468    0.1818
    0.1526    0.7453   -0.6490
...    69 G-C ...
  -94.8358  -28.7044  -61.0900
   -0.8187   -0.3346   -0.4667
   -0.5646    0.6170    0.5481
    0.1045    0.7122   -0.6941
...    70 T-A ...
  -94.2910  -26.8070  -63.7493
   -0.9935    0.0113   -0.1131
   -0.0733    0.6964    0.7139
    0.0868    0.7175   -0.6911
...    71 T-A ...
  -94.0265  -24.7041  -66.2064
   -0.8690    0.3970    0.2953
    0.4847    0.5636    0.6689
    0.0991    0.7244   -0.6822
...    72 A-T ...
  -93.8993  -22.3010  -68.4727
   -0.4789    0.5617    0.6746
    0.8767    0.2673    0.3999
    0.0443    0.7830   -0.6205
...    73 T-A ...
  -94.4269  -19.8473  -70.5745
    0.0043    0.6017    0.7987
    0.9989   -0.0403    0.0250
    0.0473    0.7977   -0.6012
...    74 A-T ...
  -94.6652  -16.9766  -72.2429
    0.4891    0.3585    0.7952
    0.8665   -0.3038   -0.3960
    0.0996    0.8827   -0.4592
...    75 A-T ...
  -94.4938  -13.9955  -73.4679
    0.8713    0.1051    0.4793
    0.4738   -0.4346   -0.7659
    0.1278    0.8945   -0.4285
...    76 C-G ...
  -94.1560  -10.8290  -74.2298
    0.9842   -0.1668    0.0591
   -0.0140   -0.4065   -0.9135
    0.1764    0.8983   -0.4025
...    77 G-C ...
  -93.3116   -8.0448  -75.7927
    0.8004   -0.4652   -0.3781
   -0.5104   -0.1978   -0.8369
    0.3145    0.8628   -0.3958
...    78 G-C ...
  -91.7901   -5.2663  -76.9336
    0.3925   -0.5653   -0.7255
   -0.8338    0.1143   -0.5401
    0.3883    0.8169   -0.4265
...    79 A-T ...
  -90.3638   -2.6747  -78.3195
   -0.1618   -0.4107   -0.8973
   -0.9006    0.4331   -0.0359
    0.4033    0.8023   -0.4400
...    80 T-A ...
  -88.4666   -0.4479  -79.8524
   -0.5811   -0.1266   -0.8039
   -0.7016    0.5786    0.4160
    0.4125    0.8057   -0.4251
...    81 C-G ...
  -87.0828    2.1056  -81.3520
   -0.8841    0.2180   -0.4132
   -0.2404    0.5461    0.8025
    0.4006    0.8089   -0.4304
...    82 G-C ...
  -85.8159    4.9719  -82.4077
   -0.9102    0.3942    0.1268
    0.2734    0.3421    0.8990
    0.3110    0.8530   -0.4192
...    83 G-C ...
  -84.9876    7.7650  -84.0899
   -0.6620    0.4348    0.6105
    0.7060    0.0883    0.7027
    0.2516    0.8962   -0.3654
...    84 G-C ...
  -84.5254   10.8070  -85.4527
   -0.2315    0.3225    0.9178
    0.9472   -0.1404    0.2882
    0.2218    0.9361   -0.2730
...    85 A-T ...
  -83.9445   13.8761  -86.3104
    0.3164    0.1288    0.9398
    0.9183   -0.2902   -0.2694
    0.2381    0.9482   -0.2101
...    86 T-A ...
  -83.7199   17.1223  -86.5997
    0.7106   -0.0562    0.7014
    0.6553   -0.3102   -0.6887
    0.2563    0.9490   -0.1836
...    87 C-G ...
  -82.8269   20.2122  -86.9655
    0.9362   -0.2785    0.2145
    0.1617   -0.2008   -0.9662
    0.3121    0.9392   -0.1429
...    88 C-G ...
  -81.5087   23.3038  -86.9933
    0.8506   -0.4354   -0.2948
   -0.3217    0.0125   -0.9468
    0.4159    0.9002   -0.1294
...    89 G-C ...
  -80.0204   26.1417  -87.8007
    0.5000   -0.4596   -0.7340
   -0.6883    0.3035   -0.6589
    0.5256    0.8347   -0.1646
...    90 C-G ...
  -77.8926   28.6107  -88.2680
    0.0424   -0.2565   -0.9656
   -0.8313    0.5270   -0.1765
    0.5542    0.8102   -0.1909
...    91 T-A ...
  -75.7884   31.0268  -89.0477
   -0.4051    0.0217   -0.9140
   -0.7204    0.6080    0.3338
    0.5630    0.7936   -0.2307
...    92 T-A ...
  -73.7175   33.3768  -89.9325
   -0.7173    0.3884   -0.5784
   -0.3761    0.4830    0.7907
    0.5865    0.7847   -0.2004
...    93 T-A ...
  -71.7061   35.7599  -90.8570
   -0.7894    0.6124   -0.0437
    0.0767    0.1690    0.9826
    0.6091    0.7723   -0.1803
...    94 A-T ...
  -69.7202   38.3480  -91.4134
   -0.6438    0.5554    0.5263
    0.5024   -0.2120    0.8382
    0.5771    0.8041   -0.1425
...    95 A-T ...
  -68.0654   41.0588  -92.0338
   -0.2802    0.3329    0.9004
    0.7638   -0.4908    0.4191
    0.5814    0.8052   -0.1168
...    96 C-G ...
  -66.7197   44.0072  -92.4463
    0.1005   -0.0021    0.9949
    0.8041   -0.5887   -0.0824
    0.5859    0.8083   -0.0575
...    97 A-T ...
  -64.8269   46.7533  -92.4367
    0.4033   -0.4351    0.8050
    0.6619   -0.4687   -0.5849
    0.6318    0.7688    0.0989
...    98 C-G ...
  -63.1218   49.3824  -91.5406
    0.6363   -0.6566    0.4051
    0.3956   -0.1731   -0.9020
    0.6623    0.7341    0.1496
...    99 T-A ...
  -60.9387   51.6365  -90.5965
    0.6887   -0.7169   -0.1081
    0.0680    0.2123   -0.9748
    0.7218    0.6640    0.1949
...   100 T-A ...
  -58.5602   53.6232  -89.6682
    0.6082   -0.4913   -0.6235
   -0.3003    0.5846   -0.7537
    0.7348    0.6456    0.2080
...   101 T-A ...
  -56.0385   55.4612  -88.7782
    0.3555   -0.0741   -0.9317
   -0.5751    0.7685   -0.2805
    0.7368    0.6356    0.2306
...   102 A-T ...
  -53.7590   57.7600  -88.0235
   -0.0415    0.4077   -0.9122
   -0.6662    0.6691    0.3294
    0.7446    0.6213    0.2439
...   103 T-A ...
  -50.8991   59.3688  -87.5995
   -0.3497    0.7025   -0.6199
   -0.5621    0.3720    0.7387
    0.7495    0.6067    0.2648
...   104 G-C ...
  -48.5939   61.5019  -86.6135
   -0.6549    0.7448   -0.1281
   -0.2752   -0.0772    0.9583
    0.7038    0.6628    0.2555
...   105 C-G ...
  -46.2383   63.7590  -86.1631
   -0.7336    0.5610    0.3836
    0.1013   -0.4678    0.8780
    0.6720    0.6829    0.2864
...   106 T-A ...
  -44.2388   66.2580  -85.4023
   -0.6375    0.2029    0.7433
    0.4470   -0.6884    0.5713
    0.6275    0.6964    0.3482
...   107 T-A ...
  -42.4004   68.6982  -84.3614
   -0.3290   -0.2264    0.9168
    0.7140   -0.6950    0.0846
    0.6181    0.6824    0.3903
...   108 C-G ...
  -40.5368   70.9458  -82.9753
    0.0653   -0.6250    0.7779
    0.7865   -0.4475   -0.4255
    0.6141    0.6396    0.4624
...   109 C-G ...
  -38.8099   73.0422  -80.9976
    0.3680   -0.8422    0.3941
    0.6728   -0.0514   -0.7380
    0.6418    0.5367    0.5478
...   110 G-C ...
  -36.4136   74.4728  -79.2354
    0.5595   -0.8188   -0.1286
    0.4450    0.4277   -0.7868
    0.6993    0.3829    0.6036
...   111 G-C ...
  -34.0032   75.1798  -76.9938
    0.6454   -0.5118   -0.5670
    0.1456    0.8112   -0.5664
    0.7498    0.2830    0.5981
...   112 C-G ...
  -31.4095   75.6019  -75.0028
    0.6036   -0.0101   -0.7972
   -0.1859    0.9706   -0.1531
    0.7753    0.2406    0.5840
...   113 T-A ...
  -28.6716   76.0477  -73.2123
    0.4074    0.4865   -0.7729
   -0.4417    0.8457    0.2996
    0.7993    0.2193    0.5594
...   114 C-G ...
  -25.9592   76.7013  -71.4889
    0.0826    0.8908   -0.4469
   -0.5948    0.4039    0.6950
    0.7996    0.2084    0.5632
...   115 G-C ...
  -23.6315   77.4322  -69.2509
   -0.3119    0.9497   -0.0278
   -0.5530   -0.1577    0.8181
    0.7726    0.2705    0.5743
...   116 T-A ...
  -20.8324   78.5483  -67.8608
   -0.5666    0.7321    0.3782
   -0.3360   -0.6243    0.7052
    0.7524    0.2725    0.5997
...   117 A-T ...
  -18.3830   79.6285  -65.9168
   -0.7366    0.2521    0.6276
    0.0149   -0.9216    0.3878
    0.6762    0.2950    0.6751
...   118 T-A ...
  -16.3885   81.2078  -63.8713
   -0.6634   -0.2328    0.7111
    0.3625   -0.9314    0.0333
    0.6546    0.2799    0.7023
...   119 A-T ...
  -14.8093   82.5724  -61.2346
   -0.5578   -0.6896    0.4618
    0.6533   -0.7080   -0.2682
    0.5119    0.1521    0.8455
...   120 A-T ...
  -13.4496   83.0812  -58.3669
   -0.1685   -0.9668    0.1922
    0.8616   -0.2392   -0.4477
    0.4788    0.0902    0.8733
...   121 T-A ...
  -12.5427   83.2980  -55.2488
    0.2429   -0.9668   -0.0797
    0.8484    0.2516   -0.4657
    0.4703    0.0455    0.8813
...   122 G-C ...
  -10.8594   83.0578  -52.4045
    0.5938   -0.6846   -0.4228
    0.6268    0.7231   -0.2904
    0.5045   -0.0926    0.8584
...   123 T-A ...
   -9.4904   82.1455  -49.5558
    0.8184   -0.2262   -0.5283
    0.2599    0.9656   -0.0109
    0.5125   -0.1284    0.8490
...   124 G-C ...
   -7.5878   81.9258  -46.8777
    0.7965    0.3615   -0.4847
   -0.2178    0.9193    0.3278
    0.5641   -0.1555    0.8109
...   125 T-A ...
   -5.4907   80.9008  -44.4962
    0.5772    0.7811   -0.2383
   -0.5947    0.6020    0.5329
    0.5597   -0.1659    0.8119
...   126 C-G ...
   -3.5620   80.2977  -41.9116
    0.1275    0.9841    0.1235
   -0.8266    0.0366    0.5616
    0.5482   -0.1737    0.8181
...   127 G-C ...
   -2.1655   79.5271  -39.0134
   -0.3889    0.8582    0.3349
   -0.7797   -0.5003    0.3765
    0.4907   -0.1147    0.8638
...   128 A-T ...
   -0.4426   79.1267  -36.2872
   -0.7832    0.4343    0.4450
   -0.4398   -0.8928    0.0975
    0.4396   -0.1193    0.8902
...   129 C-G ...
    1.0477   79.3458  -33.3959
   -0.9235   -0.0542    0.3797
   -0.0003   -0.9899   -0.1419
    0.3835   -0.1312    0.9142
...   130 C-G ...
    2.1408   79.3214  -30.2125
   -0.8483   -0.5153    0.1222
    0.4618   -0.8327   -0.3055
    0.2591   -0.2027    0.9443
...   131 A-T ...
    2.6737   78.6476  -26.9831
   -0.5358   -0.8147   -0.2217
    0.8366   -0.4768   -0.2697
    0.1140   -0.3300    0.9371
...   132 A-T ...
    2.6954   77.5280  -23.9681
   -0.0219   -0.9217   -0.3873
    0.9969    0.0091   -0.0780
    0.0754   -0.3878    0.9186
...   133 A-T ...
    2.6289   76.0905  -21.0796
    0.5127   -0.7623   -0.3951
    0.8566    0.4852    0.1754
    0.0580   -0.4284    0.9017
...   134 T-A ...
    2.3075   74.2308  -18.3903
    0.8657   -0.4293   -0.2574
    0.4984    0.7868    0.3641
    0.0462   -0.4435    0.8951
...   135 G-C ...
    1.4353   72.0971  -15.6050
    0.9809    0.0621    0.1843
   -0.1263    0.9241    0.3607
   -0.1479   -0.3771    0.9143
...   136 T-A ...
    0.5279   69.2394  -13.4689
    0.7351    0.4963    0.4618
   -0.6117    0.7792    0.1365
   -0.2921   -0.3828    0.8764
...   137 G-C ...
   -0.1660   67.4106  -10.8095
    0.1800    0.8794    0.4408
   -0.9276    0.3008   -0.2214
   -0.3274   -0.3691    0.8698
...   138 A-T ...
   -0.1322   66.2180   -7.8217
   -0.3749    0.8570    0.3536
   -0.8857   -0.2184   -0.4098
   -0.2739   -0.4668    0.8409
...   139 G-C ...
   -1.0070   65.6075   -4.9425
   -0.8336    0.5218    0.1811
   -0.5170   -0.6220   -0.5881
   -0.1942   -0.5839    0.7883
...   140 C-G ...
   -0.6975   63.9004   -2.2529
   -0.9992    0.0157   -0.0376
    0.0023   -0.8993   -0.4374
   -0.0406   -0.4371    0.8985
...   141 G-C ...
   -3.4383   60.2386    1.0283
   -0.4425    0.2285   -0.8672
    0.1683   -0.9287   -0.3306
   -0.8808   -0.2922    0.3725
...   142 C-G ...
   -6.3289   59.0835    1.6293
   -0.2970   -0.3280   -0.8968
    0.5656   -0.8171    0.1115
   -0.7693   -0.4741    0.4282
...   143 T-A ...
   -8.6769   58.7243    3.6024
   -0.0347   -0.7817   -0.6227
    0.6533   -0.4893    0.5778
   -0.7563   -0.3868    0.5276
...   144 C-G ...
  -11.6545   58.0114    4.7193
    0.2451   -0.9542   -0.1716
    0.6322    0.0231    0.7745
   -0.7350   -0.2983    0.6089
...   145 A-T ...
  -14.1761   56.5669    6.1806
    0.5795   -0.7268    0.3687
    0.3139    0.6165    0.7220
   -0.7521   -0.3027    0.5855
...   146 C-G ...
  -16.4652   53.8950    7.5152
    0.5336   -0.3331    0.7774
   -0.0346    0.9098    0.4136
   -0.8450   -0.2476    0.4739
...   147 A-T ...
  -19.0173   52.0375    8.9260
    0.2452    0.2907    0.9249
   -0.3073    0.9281   -0.2103
   -0.9195   -0.2327    0.3169
