  147 base-pairs
...     1 A-T ...
    0.0000    0.0000    0.0000
    1.0000    0.0000    0.0000
    0.0000    1.0000    0.0000
    0.0000    0.0000    1.0000
...     2 G-C ...
   -0.1404   -1.2353    3.2259
    0.7530    0.6366    0.1668
   -0.6385    0.7681   -0.0490
   -0.1593   -0.0696    0.9848
...     3 T-A ...
   -0.0377   -3.2918    6.3749
    0.2722    0.9302    0.2464
   -0.9238    0.3243   -0.2034
   -0.2691   -0.1722    0.9476
...     4 G-C ...
   -0.3520   -4.1638    9.4928
   -0.3756    0.9250    0.0576
   -0.8780   -0.3352   -0.3416
   -0.2967   -0.1788    0.9381
...     5 A-T ...
   -0.4480   -4.1448   12.7498
   -0.8116    0.5839   -0.0166
   -0.5522   -0.7762   -0.3042
   -0.1905   -0.2377    0.9525
...     6 G-C ...
   -1.5926   -4.1701   15.6201
   -0.9976    0.0246   -0.0651
   -0.0043   -0.9555   -0.2950
   -0.0694   -0.2940    0.9533
...     7 C-G ...
   -1.1050   -4.4793   18.7363
   -0.8442   -0.5302   -0.0787
    0.5343   -0.8442   -0.0430
   -0.0437   -0.0784    0.9960
...     8 G-C ...
   -2.4044   -7.7255   23.1483
   -0.2753   -0.3294   -0.9032
    0.6650   -0.7437    0.0686
   -0.6943   -0.5817    0.4238
...     9 C-G ...
   -4.4706   -9.9691   24.1142
    0.1145   -0.7026   -0.7023
    0.8512   -0.2951    0.4341
   -0.5123   -0.6475    0.5642
...    10 T-A ...
   -6.7420  -10.8705   25.9717
    0.4841   -0.8363   -0.2573
    0.6594    0.1554    0.7356
   -0.5752   -0.5257    0.6267
...    11 C-G ...
   -9.1682  -12.6167   27.1662
    0.7073   -0.6683    0.2306
    0.3450    0.6110    0.7125
   -0.6170   -0.4243    0.6627
...    12 A-T ...
  -10.9253  -14.6583   29.0713
    0.7515   -0.1377    0.6452
   -0.2027    0.8824    0.4245
   -0.6278   -0.4498    0.6352
...    13 C-G ...
  -11.8495  -17.4796   31.2472
    0.4294    0.2824    0.8578
   -0.5708    0.8209    0.0155
   -0.6998   -0.4963    0.5137
...    14 A-T ...
  -13.5915  -19.7756   33.4284
   -0.1503    0.6106    0.7775
   -0.6874    0.5007   -0.5261
   -0.7106   -0.6135    0.3445
...    15 A-T ...
  -15.7674  -21.8973   34.5273
   -0.4953    0.7967    0.3462
   -0.4610    0.0967   -0.8821
   -0.7363   -0.5965    0.3194
...    16 T-A ...
  -17.9209  -23.8333   36.2809
   -0.6874    0.7085   -0.1597
   -0.1136   -0.3220   -0.9399
   -0.7174   -0.6279    0.3018
...    17 T-A ...
  -20.2794  -25.7112   37.6175
   -0.6391    0.3798   -0.6688
    0.3180   -0.6613   -0.6794
   -0.7003   -0.6469    0.3019
...    18 T-A ...
  -22.6490  -27.6324   38.5769
   -0.3113    0.0274   -0.9499
    0.5974   -0.7717   -0.2180
   -0.7390   -0.6354    0.2239
...    19 A-T ...
  -25.1532  -29.6128   38.9318
    0.1427   -0.1883   -0.9717
    0.6406   -0.7308    0.2357
   -0.7545   -0.6561    0.0163
...    20 T-A ...
  -28.0142  -31.2178   38.6203
    0.4553   -0.5059   -0.7327
    0.4774   -0.5559    0.6805
   -0.7515   -0.6596   -0.0115
...    21 T-A ...
  -30.5710  -33.2402   38.2575
    0.6537   -0.7162   -0.2444
    0.1306   -0.2113    0.9687
   -0.7454   -0.6651   -0.0445
...    22 C-G ...
  -32.9170  -35.4986   37.9857
    0.6328   -0.6915    0.3485
   -0.2837    0.2116    0.9353
   -0.7205   -0.6907   -0.0623
...    23 G-C ...
  -35.2288  -37.8647   38.5087
    0.4459   -0.3851    0.8080
   -0.6360    0.4989    0.5888
   -0.6298   -0.7764   -0.0225
...    24 C-G ...
  -36.9869  -40.6093   38.3118
    0.0812   -0.0310    0.9962
   -0.7761    0.6252    0.0827
   -0.6254   -0.7799    0.0267
...    25 A-T ...
  -39.4084  -42.8404   38.1824
   -0.3580    0.3514    0.8651
   -0.6755    0.5422   -0.4998
   -0.6447   -0.7632    0.0432
...    26 A-T ...
  -41.3938  -45.4391   38.5054
   -0.6865    0.5787    0.4402
   -0.3499    0.2678   -0.8977
   -0.6374   -0.7703    0.0186
...    27 A-T ...
  -43.3413  -48.0200   38.9053
   -0.7748    0.6142   -0.1496
    0.1251   -0.0830   -0.9887
   -0.6197   -0.7847   -0.0125
...    28 G-C ...
  -45.6702  -50.4170   39.2770
   -0.5489    0.5420   -0.6364
    0.4973   -0.4003   -0.7698
   -0.6719   -0.7389   -0.0498
...    29 G-C ...
  -48.3578  -52.5929   39.1946
   -0.1115    0.3394   -0.9340
    0.7067   -0.6337   -0.3146
   -0.6987   -0.6951   -0.1692
...    30 C-G ...
  -51.0045  -54.3845   38.5062
    0.3364    0.0237   -0.9414
    0.6414   -0.7377    0.2106
   -0.6895   -0.6747   -0.2634
...    31 C-G ...
  -53.4677  -56.3246   37.4198
    0.6975   -0.2971   -0.6521
    0.3347   -0.6696    0.6631
   -0.6336   -0.6807   -0.3676
...    32 G-C ...
  -55.0227  -58.6253   36.1873
    0.8422   -0.4999   -0.2019
   -0.0921   -0.5023    0.8598
   -0.5312   -0.7055   -0.4691
...    33 G-C ...
  -56.1180  -61.2003   34.2808
    0.6860   -0.6587    0.3091
   -0.5677   -0.2187    0.7937
   -0.4552   -0.7199   -0.5239
...    34 C-G ...
  -57.1412  -63.7032   32.4428
    0.2746   -0.6592    0.7000
   -0.8681    0.1431    0.4753
   -0.4135   -0.7382   -0.5329
...    35 C-G ...
  -58.2296  -66.4724   30.8006
   -0.2645   -0.4728    0.8406
   -0.8862    0.4629   -0.0185
   -0.3804   -0.7498   -0.5414
...    36 C-G ...
  -59.3216  -69.1682   29.1172
   -0.6955   -0.1299    0.7067
   -0.6060    0.6344   -0.4798
   -0.3859   -0.7620   -0.5200
...    37 G-C ...
  -60.8125  -70.9849   26.5470
   -0.8907    0.2915    0.3487
   -0.0968    0.6280   -0.7722
   -0.4441   -0.7215   -0.5312
...    38 A-T ...
  -61.9680  -73.3398   24.8401
   -0.7790    0.6102   -0.1440
    0.4505    0.3851   -0.8054
   -0.4360   -0.6923   -0.5750
...    39 C-G ...
  -63.7953  -75.4416   23.2814
   -0.4163    0.7685   -0.4859
    0.7831    0.0315   -0.6212
   -0.4621   -0.6391   -0.6149
...    40 A-T ...
  -65.5133  -77.4051   21.2446
    0.1263    0.7543   -0.6443
    0.8754   -0.3903   -0.2853
   -0.4667   -0.5280   -0.7096
...    41 C-G ...
  -67.2994  -78.5560   18.8042
    0.5798    0.5162   -0.6303
    0.6940   -0.7182    0.0503
   -0.4267   -0.4666   -0.7747
...    42 G-C ...
  -68.2968  -80.3223   16.1623
    0.9104    0.0852   -0.4048
    0.2301   -0.9175    0.3244
   -0.3438   -0.3885   -0.8549
...    43 A-T ...
  -69.3449  -81.4732   13.4029
    0.8796   -0.4556   -0.1371
   -0.3409   -0.8044    0.4865
   -0.3319   -0.3812   -0.8629
...    44 C-G ...
  -70.0295  -82.1917   10.2446
    0.5909   -0.7883    0.1715
   -0.7575   -0.4689    0.4543
   -0.2777   -0.3983   -0.8742
...    45 T-A ...
  -70.2092  -83.5280    6.8522
    0.0789   -0.9218    0.3796
   -0.9627    0.0283    0.2690
   -0.2587   -0.3867   -0.8852
...    46 T-A ...
  -70.4840  -84.6862    3.7823
   -0.4193   -0.8078    0.4142
   -0.8738    0.4828    0.0570
   -0.2460   -0.3380   -0.9084
...    47 A-T ...
  -71.4900  -85.5134    0.6869
   -0.8759   -0.3414    0.3410
   -0.4219    0.8848   -0.1980
   -0.2341   -0.3173   -0.9190
...    48 C-G ...
  -72.1124  -87.1677   -2.1431
   -0.9652    0.1740    0.1953
    0.1011    0.9367   -0.3352
   -0.2412   -0.3038   -0.9217
...    49 T-A ...
  -73.1912  -88.4957   -5.0371
   -0.7481    0.6602    0.0662
    0.5893    0.7070   -0.3910
   -0.3049   -0.2535   -0.9180
...    50 G-C ...
  -74.4329  -89.0640   -8.1256
   -0.2638    0.9645   -0.0110
    0.9000    0.2420   -0.3626
   -0.3470   -0.1056   -0.9319
...    51 T-A ...
  -76.0683  -89.3342  -10.8580
    0.2064    0.9745   -0.0883
    0.9204   -0.2240   -0.3206
   -0.3322   -0.0151   -0.9431
...    52 A-T ...
  -77.8399  -88.2834  -13.6390
    0.6698    0.7408    0.0509
    0.7163   -0.6265   -0.3073
   -0.1958    0.2423   -0.9502
...    53 G-C ...
  -78.7887  -87.1662  -16.5056
    0.9422    0.3345    0.0186
    0.3210   -0.8853   -0.3364
   -0.0960    0.3229   -0.9415
...    54 G-C ...
  -79.0396  -85.0505  -19.5116
    0.9785   -0.1930   -0.0732
   -0.2064   -0.9160   -0.3441
   -0.0007    0.3518   -0.9361
...    55 T-A ...
  -78.5997  -83.5201  -22.3704
    0.7442   -0.6292   -0.2244
   -0.6672   -0.6844   -0.2939
    0.0313    0.3684   -0.9291
...    56 A-T ...
  -77.8859  -82.0869  -25.3734
    0.2439   -0.9165   -0.3171
   -0.9660   -0.2009   -0.1625
    0.0852    0.3459   -0.9344
...    57 T-A ...
  -76.8354  -80.8669  -28.2747
   -0.2635   -0.8834   -0.3875
   -0.9604    0.2779    0.0195
    0.0904    0.3774   -0.9216
...    58 C-G ...
  -76.2872  -79.8195  -31.4216
   -0.7867   -0.5325   -0.3122
   -0.6108    0.7445    0.2694
    0.0890    0.4027   -0.9110
...    59 T-A ...
  -75.9911  -78.8047  -34.5856
   -0.9916   -0.0971   -0.0856
   -0.1232    0.9109    0.3938
    0.0397    0.4010   -0.9152
...    60 C-G ...
  -75.8897  -77.4760  -37.6410
   -0.8900    0.4158    0.1871
    0.4559    0.8026    0.3847
    0.0098    0.4277   -0.9039
...    61 G-C ...
  -75.7379  -75.6347  -40.3204
   -0.5646    0.6447    0.5154
    0.8189    0.5155    0.2522
   -0.1031    0.5644   -0.8190
...    62 A-T ...
  -75.8827  -73.8412  -43.0156
   -0.0264    0.7620    0.6470
    0.9967    0.0699   -0.0417
   -0.0770    0.6438   -0.7613
...    63 G-C ...
  -76.4968  -71.4505  -45.2231
    0.4723    0.6376    0.6086
    0.8798   -0.2989   -0.3696
   -0.0538    0.7100   -0.7022
...    64 C-G ...
  -76.9894  -68.7365  -47.1728
    0.8823    0.3179    0.3470
    0.4705   -0.5816   -0.6636
   -0.0092    0.7488   -0.6628
...    65 T-A ...
  -77.1237  -66.0126  -49.0261
    0.9980   -0.0623    0.0120
   -0.0303   -0.6333   -0.7733
    0.0558    0.7714   -0.6339
...    66 C-G ...
  -76.5913  -63.6639  -51.1856
    0.8122   -0.4341   -0.3897
   -0.5674   -0.4326   -0.7007
    0.1355    0.7902   -0.5976
...    67 G-C ...
  -76.5018  -61.4896  -53.7694
    0.3690   -0.6418   -0.6722
   -0.9062   -0.0879   -0.4136
    0.2063    0.7618   -0.6140
...    68 G-C ...
  -75.5598  -58.9948  -55.7773
   -0.1768   -0.6243   -0.7609
   -0.9638    0.2666    0.0051
    0.1997    0.7343   -0.6488
...    69 G-C ...
  -74.6876  -56.7154  -58.0583
   -0.6757   -0.4501   -0.5839
   -0.7192    0.5764    0.3879
    0.1619    0.6820   -0.7132
...    70 A-T ...
  -73.9518  -54.6238  -60.5357
   -0.9690   -0.0281   -0.2454
   -0.1881    0.7280    0.6593
    0.1602    0.6850   -0.7107
...    71 T-A ...
  -73.5022  -52.8380  -63.2806
   -0.9330    0.3334    0.1357
    0.3294    0.6388    0.6954
    0.1452    0.6934   -0.7057
...    72 C-G ...
  -73.2266  -50.6335  -65.7130
   -0.5777    0.6193    0.5318
    0.8048    0.3236    0.4975
    0.1360    0.7154   -0.6853
...    73 C-G ...
  -72.8649  -48.4304  -68.1237
   -0.1207    0.5877    0.8000
    0.9842   -0.0344    0.1738
    0.1297    0.8084   -0.5742
...    74 G-C ...
  -72.0194  -45.7109  -69.7578
    0.3666    0.3403    0.8659
    0.9164   -0.2930   -0.2728
    0.1609    0.8935   -0.4193
...    75 C-G ...
  -71.8603  -42.4329  -70.8270
    0.8107    0.0885    0.5787
    0.5572   -0.4199   -0.7163
    0.1797    0.9032   -0.3897
...    76 T-A ...
  -71.1077  -39.1455  -71.5482
    0.9775   -0.1833    0.1046
    0.0354   -0.3464   -0.9374
    0.2081    0.9200   -0.3321
...    77 T-A ...
  -70.3083  -36.0637  -72.2120
    0.8313   -0.3311   -0.4465
   -0.5192   -0.1759   -0.8363
    0.1984    0.9270   -0.3182
...    78 T-A ...
  -69.4629  -33.0362  -72.9882
    0.4087   -0.3649   -0.8365
   -0.8910    0.0389   -0.4522
    0.1975    0.9302   -0.3093
...    79 A-T ...
  -69.2915  -29.9355  -74.0456
   -0.1620   -0.2431   -0.9564
   -0.9664    0.2349    0.1040
    0.1994    0.9411   -0.2730
...    80 A-T ...
  -68.4795  -26.9989  -74.9633
   -0.6537   -0.0813   -0.7524
   -0.7326    0.3169    0.6023
    0.1895    0.9450   -0.2667
...    81 C-G ...
  -67.5439  -24.1211  -76.3821
   -0.9380    0.0856   -0.3360
   -0.2950    0.3126    0.9029
    0.1823    0.9460   -0.2679
...    82 A-T ...
  -67.0413  -21.0269  -77.3973
   -0.9597    0.1602    0.2309
    0.2625    0.2182    0.9399
    0.1002    0.9627   -0.2514
...    83 C-G ...
  -67.1831  -17.9550  -78.7509
   -0.7053    0.2157    0.6753
    0.7045    0.1069    0.7017
    0.0792    0.9706   -0.2273
...    84 T-A ...
  -67.6458  -14.5093  -79.6952
   -0.2268    0.1819    0.9568
    0.9713   -0.0304    0.2361
    0.0720    0.9829   -0.1698
...    85 T-A ...
  -67.8460  -11.3089  -80.1602
    0.3446    0.1210    0.9309
    0.9352   -0.1303   -0.3293
    0.0815    0.9841   -0.1581
...    86 T-A ...
  -67.7571   -8.1133  -80.5022
    0.7897   -0.0135    0.6133
    0.6033   -0.1642   -0.7805
    0.1113    0.9863   -0.1215
...    87 A-T ...
  -67.1781   -4.9144  -80.8066
    0.9635   -0.2203    0.1523
    0.1323   -0.1027   -0.9859
    0.2328    0.9700   -0.0698
...    88 T-A ...
  -66.3966   -1.8127  -80.2441
    0.9070   -0.2884   -0.3070
   -0.3101    0.0362   -0.9500
    0.2851    0.9568   -0.0566
...    89 G-C ...
  -65.1271    1.2648  -80.3144
    0.5089   -0.3003   -0.8068
   -0.7767    0.2439   -0.5807
    0.3711    0.9222   -0.1091
...    90 C-G ...
  -63.4778    4.0800  -80.7824
   -0.0034   -0.1512   -0.9885
   -0.9253    0.3753   -0.0542
    0.3792    0.9145   -0.1412
...    91 T-A ...
  -61.7995    6.9558  -81.6998
   -0.5153    0.0835   -0.8530
   -0.7477    0.4427    0.4950
    0.4189    0.8928   -0.1657
...    92 T-A ...
  -60.3100    9.7106  -82.4040
   -0.8479    0.3012   -0.4362
   -0.3408    0.3204    0.8838
    0.4060    0.8981   -0.1690
...    93 C-G ...
  -59.0302   12.6599  -83.2397
   -0.9025    0.4062    0.1428
    0.1958    0.0918    0.9763
    0.3835    0.9091   -0.1624
...    94 C-G ...
  -57.7034   15.5762  -83.9779
   -0.7275    0.2803    0.6262
    0.6155   -0.1366    0.7762
    0.3031    0.9502   -0.0732
...    95 G-C ...
  -56.6580   18.4114  -84.0218
   -0.3812    0.0549    0.9228
    0.8892   -0.2513    0.3823
    0.2530    0.9663    0.0470
...    96 G-C ...
  -56.2545   21.6858  -83.5150
    0.1230   -0.1796    0.9760
    0.9631   -0.2157   -0.1610
    0.2395    0.9598    0.1465
...    97 C-G ...
  -55.9839   24.8920  -82.5737
    0.5961   -0.3194    0.7367
    0.7582   -0.0779   -0.6473
    0.2641    0.9444    0.1957
...    98 T-A ...
  -55.4000   27.9849  -81.5752
    0.8675   -0.3916    0.3067
    0.3780    0.1183   -0.9182
    0.3233    0.9125    0.2507
...    99 C-G ...
  -54.2776   30.9360  -80.5644
    0.9182   -0.2920   -0.2675
   -0.1641    0.3343   -0.9281
    0.3604    0.8961    0.2590
...   100 T-A ...
  -52.8339   33.6808  -79.5128
    0.6863   -0.1455   -0.7126
   -0.5872    0.4673   -0.6609
    0.4292    0.8721    0.2352
...   101 C-G ...
  -51.1384   36.4158  -78.9230
    0.2621    0.1131   -0.9584
   -0.8443    0.5078   -0.1709
    0.4674    0.8540    0.2286
...   102 A-T ...
  -49.2160   39.0575  -78.0726
   -0.2487    0.2832   -0.9263
   -0.8202    0.4471    0.3569
    0.5152    0.8485    0.1211
...   103 T-A ...
  -47.1998   41.6059  -78.0154
   -0.6220    0.4550   -0.6373
   -0.5942    0.2558    0.7625
    0.5100    0.8530    0.1113
...   104 G-C ...
  -45.3468   44.4676  -77.9134
   -0.8684    0.4861   -0.0973
   -0.1497   -0.0700    0.9863
    0.4726    0.8711    0.1335
...   105 T-A ...
  -43.8145   47.4275  -78.1178
   -0.8254    0.3763    0.4209
    0.3045   -0.3312    0.8931
    0.4755    0.8653    0.1588
...   106 T-A ...
  -42.4987   50.2655  -77.7108
   -0.5679    0.1043    0.8165
    0.6864   -0.4876    0.5396
    0.4544    0.8668    0.2053
...   107 A-T ...
  -41.1067   53.0707  -76.8362
   -0.2292   -0.2762    0.9334
    0.8772   -0.4742    0.0751
    0.4218    0.8360    0.3510
...   108 T-A ...
  -40.4583   55.9617  -75.6083
    0.2030   -0.4866    0.8497
    0.8800   -0.2899   -0.3763
    0.4295    0.8241    0.3693
...   109 A-T ...
  -39.0577   58.4733  -74.1583
    0.4992   -0.7074    0.5004
    0.7164    0.0122   -0.6975
    0.4873    0.7067    0.5129
...   110 A-T ...
  -37.6382   60.5617  -72.3208
    0.7475   -0.6632    0.0378
    0.3914    0.3937   -0.8318
    0.5367    0.6366    0.5538
...   111 C-G ...
  -35.8828   62.1102  -69.8366
    0.8281   -0.3768   -0.4151
   -0.0416    0.6971   -0.7157
    0.5590    0.6100    0.5617
...   112 G-C ...
  -33.7538   64.1476  -68.4299
    0.6169    0.0053   -0.7871
   -0.4208    0.8473   -0.3240
    0.6652    0.5311    0.5249
...   113 G-C ...
  -31.2263   65.7743  -67.0992
    0.2628    0.3962   -0.8798
   -0.6304    0.7608    0.1543
    0.7305    0.5141    0.4496
...   114 A-T ...
  -28.7035   67.4356  -65.8325
   -0.1308    0.7775   -0.6151
   -0.6542    0.3985    0.6428
    0.7449    0.4865    0.4566
...   115 G-C ...
  -25.9642   69.1684  -64.8716
   -0.5036    0.8397   -0.2032
   -0.4830   -0.0786    0.8721
    0.7163    0.5373    0.4452
...   116 T-A ...
  -23.2987   71.0366  -63.9904
   -0.6899    0.6692    0.2762
   -0.1713   -0.5216    0.8359
    0.7034    0.5293    0.4744
...   117 A-T ...
  -20.9878   73.2569  -62.7596
   -0.7284    0.2213    0.6484
    0.2340   -0.8092    0.5390
    0.6439    0.5443    0.5377
...   118 T-A ...
  -19.2588   75.5547  -61.3150
   -0.5384   -0.2022    0.8181
    0.5387   -0.8291    0.1496
    0.6480    0.5212    0.5553
...   119 A-T ...
  -17.3443   77.2066  -59.3097
   -0.3485   -0.6568    0.6687
    0.7482   -0.6246   -0.2236
    0.5646    0.4224    0.7091
...   120 A-T ...
  -15.8003   78.5405  -56.8131
    0.0342   -0.9339    0.3558
    0.8372   -0.1677   -0.5206
    0.5459    0.3156    0.7761
...   121 T-A ...
  -14.5551   79.4594  -53.9052
    0.4189   -0.9078    0.0220
    0.7282    0.3214   -0.6054
    0.5425    0.2696    0.7956
...   122 G-C ...
  -12.7383   79.8850  -51.0278
    0.6738   -0.6119   -0.4142
    0.4265    0.7798   -0.4582
    0.6034    0.1321    0.7864
...   123 T-A ...
  -10.7592   79.6361  -48.4797
    0.7937   -0.1701   -0.5841
    0.0902    0.9824   -0.1635
    0.6016    0.0771    0.7951
...   124 G-C ...
   -8.6310   79.7373  -45.9848
    0.6918    0.4172   -0.5893
   -0.3393    0.9083    0.2448
    0.6374    0.0306    0.7699
...   125 T-A ...
   -6.3385   79.3276  -43.7017
    0.4215    0.8235   -0.3799
   -0.6381    0.5669    0.5210
    0.6444    0.0228    0.7644
...   126 C-G ...
   -4.2404   79.3926  -41.3396
   -0.0113    0.9998    0.0153
   -0.7632   -0.0185    0.6459
    0.6461   -0.0044    0.7632
...   127 G-C ...
   -2.6886   79.1670  -38.5199
   -0.4402    0.8495    0.2908
   -0.6829   -0.5270    0.5058
    0.5829    0.0240    0.8122
...   128 A-T ...
   -0.7107   79.0181  -36.1079
   -0.7594    0.4016    0.5119
   -0.3470   -0.9155    0.2034
    0.5504   -0.0232    0.8346
...   129 C-G ...
    1.0936   79.6377  -33.4293
   -0.8615   -0.1231    0.4926
    0.0825   -0.9912   -0.1034
    0.5010   -0.0484    0.8641
...   130 C-G ...
    2.1410   79.9729  -30.1927
   -0.7946   -0.5625    0.2285
    0.4892   -0.8160   -0.3078
    0.3596   -0.1328    0.9236
...   131 A-T ...
    2.5705   78.9091  -27.0326
   -0.5949   -0.7736   -0.2182
    0.7913   -0.5159   -0.3281
    0.1412   -0.3679    0.9191
...   132 A-T ...
    2.7616   77.6117  -24.0573
   -0.0939   -0.8994   -0.4269
    0.9914   -0.0454   -0.1224
    0.0907   -0.4348    0.8960
...   133 A-T ...
    2.6329   76.1121  -21.1201
    0.5013   -0.7698   -0.3952
    0.8627    0.4800    0.1594
    0.0669   -0.4208    0.9047
...   134 T-A ...
    2.3075   74.2307  -18.3903
    0.8657   -0.4293   -0.2574
    0.4984    0.7868    0.3641
    0.0462   -0.4435    0.8951
...   135 G-C ...
    1.4353   72.0970  -15.6050
    0.9809    0.0621    0.1843
   -0.1263    0.9241    0.3607
   -0.1479   -0.3771    0.9143
...   136 T-A ...
    0.5278   69.2393  -13.4689
    0.7351    0.4963    0.4618
   -0.6117    0.7792    0.1365
   -0.2921   -0.3828    0.8764
...   137 G-C ...
   -0.1660   67.4105  -10.8095
    0.1800    0.8794    0.4408
   -0.9276    0.3008   -0.2214
   -0.3274   -0.3691    0.8698
...   138 A-T ...
   -0.1322   66.2180   -7.8217
   -0.3749    0.8570    0.3536
   -0.8857   -0.2184   -0.4098
   -0.2739   -0.4668    0.8409
...   139 G-C ...
   -1.0070   65.6075   -4.9425
   -0.8336    0.5218    0.1811
   -0.5170   -0.6220   -0.5881
   -0.1942   -0.5839    0.7883
...   140 C-G ...
   -0.6976   63.9003   -2.2528
   -0.9992    0.0157   -0.0376
    0.0023   -0.8993   -0.4374
   -0.0406   -0.4371    0.8985
...   141 G-C ...
   -3.4384   60.2385    1.0283
   -0.4425    0.2285   -0.8672
    0.1683   -0.9287   -0.3306
   -0.8808   -0.2922    0.3725
...   142 C-G ...
   -6.3290   59.0834    1.6293
   -0.2970   -0.3280   -0.8968
    0.5656   -0.8171    0.1115
   -0.7693   -0.4741    0.4282
...   143 T-A ...
   -8.6769   58.7243    3.6024
   -0.0347   -0.7817   -0.6227
    0.6533   -0.4893    0.5778
   -0.7563   -0.3868    0.5276
...   144 C-G ...
  -11.6546   58.0114    4.7193
    0.2451   -0.9542   -0.1716
    0.6322    0.0231    0.7745
   -0.7350   -0.2983    0.6089
...   145 A-T ...
  -14.1761   56.5668    6.1806
    0.5795   -0.7268    0.3687
    0.3139    0.6165    0.7220
   -0.7521   -0.3027    0.5855
...   146 C-G ...
  -16.4652   53.8949    7.5152
    0.5336   -0.3331    0.7774
   -0.0346    0.9098    0.4136
   -0.8450   -0.2476    0.4739
...   147 A-T ...
  -19.0173   52.0374    8.9260
    0.2452    0.2907    0.9249
   -0.3073    0.9281   -0.2103
   -0.9195   -0.2327    0.3169
