  147 base-pairs
...     1 A-T ...
    0.0000    0.0000    0.0000
    1.0000    0.0000    0.0000
    0.0000    1.0000    0.0000
    0.0000    0.0000    1.0000
...     2 G-C ...
   -0.1404   -1.2353    3.2259
    0.7530    0.6366    0.1668
   -0.6385    0.7681   -0.0490
   -0.1593   -0.0696    0.9848
...     3 T-A ...
   -0.0377   -3.2918    6.3749
    0.2722    0.9302    0.2464
   -0.9238    0.3243   -0.2034
   -0.2691   -0.1722    0.9476
...     4 G-C ...
   -0.3520   -4.1638    9.4928
   -0.3756    0.9250    0.0576
   -0.8780   -0.3352   -0.3416
   -0.2967   -0.1788    0.9381
...     5 A-T ...
   -0.4480   -4.1448   12.7498
   -0.8116    0.5839   -0.0166
   -0.5522   -0.7762   -0.3042
   -0.1905   -0.2377    0.9525
...     6 G-C ...
   -1.5926   -4.1701   15.6201
   -0.9976    0.0246   -0.0651
   -0.0043   -0.9555   -0.2950
   -0.0694   -0.2940    0.9533
...     7 C-G ...
   -1.1050   -4.4793   18.7363
   -0.8442   -0.5302   -0.0787
    0.5343   -0.8442   -0.0430
   -0.0437   -0.0784    0.9960
...     8 G-C ...
   -2.4044   -7.7255   23.1483
   -0.2753   -0.3294   -0.9032
    0.6650   -0.7437    0.0686
   -0.6943   -0.5817    0.4238
...     9 C-G ...
   -4.4706   -9.9691   24.1142
    0.1145   -0.7026   -0.7023
    0.8512   -0.2951    0.4341
   -0.5123   -0.6475    0.5642
...    10 T-A ...
   -6.7420  -10.8705   25.9717
    0.4841   -0.8363   -0.2573
    0.6594    0.1554    0.7356
   -0.5752   -0.5257    0.6267
...    11 C-G ...
   -9.1682  -12.6167   27.1662
    0.7073   -0.6683    0.2306
    0.3450    0.6110    0.7125
   -0.6170   -0.4243    0.6627
...    12 A-T ...
  -10.9253  -14.6583   29.0713
    0.7515   -0.1377    0.6452
   -0.2027    0.8824    0.4245
   -0.6278   -0.4498    0.6352
...    13 C-G ...
  -11.8495  -17.4796   31.2472
    0.4294    0.2824    0.8578
   -0.5708    0.8209    0.0155
   -0.6998   -0.4963    0.5137
...    14 A-T ...
  -13.5915  -19.7756   33.4284
   -0.1503    0.6106    0.7775
   -0.6874    0.5007   -0.5261
   -0.7106   -0.6135    0.3445
...    15 A-T ...
  -15.7827  -21.8942   34.4909
   -0.4834    0.8042    0.3459
   -0.4589    0.1037   -0.8824
   -0.7455   -0.5853    0.3190
...    16 T-A ...
  -17.9676  -23.7842   36.2406
   -0.6707    0.7241   -0.1609
   -0.1196   -0.3195   -0.9400
   -0.7321   -0.6112    0.3009
...    17 T-A ...
  -20.3846  -25.5981   37.5682
   -0.6232    0.4016   -0.6711
    0.2985   -0.6710   -0.6787
   -0.7229   -0.6232    0.2983
...    18 T-A ...
  -22.8262  -27.4389   38.4729
   -0.2975    0.0508   -0.9534
    0.5640   -0.7964   -0.2184
   -0.7703   -0.6027    0.2082
...    19 A-T ...
  -25.4445  -29.2839   38.7547
    0.1477   -0.1892   -0.9708
    0.5930   -0.7686    0.2400
   -0.7916   -0.6111   -0.0014
...    20 T-A ...
  -28.3991  -30.7087   38.3900
    0.4315   -0.5338   -0.7272
    0.4280   -0.5885    0.6859
   -0.7941   -0.6072   -0.0255
...    21 T-A ...
  -31.0857  -32.5428   37.9760
    0.5923   -0.7735   -0.2256
    0.0911   -0.2139    0.9726
   -0.8005   -0.5966   -0.0562
...    22 C-G ...
  -33.6388  -34.5658   37.6662
    0.5503   -0.7478    0.3714
   -0.2842    0.2505    0.9255
   -0.7851   -0.6149   -0.0747
...    23 G-C ...
  -36.2576  -36.5723   38.1065
    0.3783   -0.4239    0.8229
   -0.5821    0.5823    0.5676
   -0.7198   -0.6937   -0.0264
...    24 C-G ...
  -38.3494  -39.0700   37.8770
    0.0575   -0.0243    0.9981
   -0.6904    0.7211    0.0573
   -0.7211   -0.6924    0.0247
...    25 A-T ...
  -41.0067  -40.9837   37.6557
   -0.3117    0.4142    0.8552
   -0.5837    0.6267   -0.5163
   -0.7498   -0.6601    0.0464
...    26 A-T ...
  -43.3615  -43.2453   37.9720
   -0.5855    0.6888    0.4274
   -0.3015    0.3044   -0.9036
   -0.7525   -0.6580    0.0295
...    27 A-T ...
  -45.7099  -45.4497   38.4224
   -0.6549    0.7393   -0.1567
    0.1008   -0.1200   -0.9876
   -0.7490   -0.6626    0.0041
...    28 G-C ...
  -48.4356  -47.3636   38.8637
   -0.4436    0.6298   -0.6376
    0.4025   -0.4956   -0.7696
   -0.8007   -0.5981   -0.0336
...    29 G-C ...
  -51.5309  -48.9160   38.8159
   -0.0563    0.3494   -0.9353
    0.5581   -0.7658   -0.3196
   -0.8279   -0.5400   -0.1518
...    30 C-G ...
  -54.4942  -50.1039   38.1043
    0.3137   -0.0532   -0.9480
    0.4720   -0.8576    0.2044
   -0.8239   -0.5116   -0.2439
...    31 C-G ...
  -57.3450  -51.4590   37.0544
    0.5959   -0.4512   -0.6643
    0.1897   -0.7248    0.6624
   -0.7804   -0.5207   -0.3463
...    32 G-C ...
  -59.4181  -53.3464   35.8965
    0.6900   -0.6896   -0.2197
   -0.1845   -0.4611    0.8679
   -0.6999   -0.5584   -0.4454
...    33 G-C ...
  -61.1906  -55.5734   34.0485
    0.5073   -0.8096    0.2954
   -0.5764   -0.0639    0.8146
   -0.6406   -0.5836   -0.4991
...    34 C-G ...
  -62.9334  -57.6727   32.2568
    0.1205   -0.7052    0.6987
   -0.7791    0.3690    0.5069
   -0.6152   -0.6054   -0.5049
...    35 C-G ...
  -64.7855  -60.0270   30.6684
   -0.3387   -0.3793    0.8611
   -0.7251    0.6884    0.0180
   -0.5996   -0.6183   -0.5082
...    36 C-G ...
  -66.6411  -62.3160   29.0578
   -0.6581    0.0703    0.7496
   -0.4304    0.7818   -0.4512
   -0.6177   -0.6196   -0.4842
...    37 G-C ...
  -68.7168  -63.6691   26.6611
   -0.7390    0.5333    0.4117
    0.0304    0.6369   -0.7704
   -0.6730   -0.5568   -0.4868
...    38 A-T ...
  -70.6424  -65.5612   25.0827
   -0.5759    0.8128   -0.0874
    0.4762    0.2466   -0.8440
   -0.6645   -0.5277   -0.5291
...    39 C-G ...
  -73.1307  -66.9946   23.7060
   -0.2102    0.8652   -0.4553
    0.7001   -0.1919   -0.6878
   -0.6824   -0.4633   -0.5654
...    40 A-T ...
  -75.5450  -68.2845   21.8388
    0.2871    0.6964   -0.6578
    0.6860   -0.6288   -0.3662
   -0.6686   -0.3461   -0.6582
...    41 C-G ...
  -77.8238  -68.7775   19.5833
    0.6432    0.3299   -0.6910
    0.4432   -0.8963   -0.0154
   -0.6244   -0.2964   -0.7227
...    42 G-C ...
  -79.5770  -70.0718   17.0707
    0.8404   -0.1930   -0.5065
   -0.0348   -0.9517    0.3049
   -0.5409   -0.2386   -0.8065
...    43 A-T ...
  -81.2400  -70.7598   14.4617
    0.6681   -0.7060   -0.2348
   -0.5199   -0.6687    0.5315
   -0.5323   -0.2331   -0.8139
...    44 C-G ...
  -82.4821  -71.1473   11.4126
    0.3223   -0.9409    0.1043
   -0.8077   -0.2158    0.5487
   -0.4938   -0.2611   -0.8295
...    45 T-A ...
  -83.4950  -72.2391    8.0784
   -0.1765   -0.9108    0.3733
   -0.8593    0.3275    0.3928
   -0.4800   -0.2514   -0.8405
...    46 T-A ...
  -84.5347  -73.1352    5.0915
   -0.6024   -0.6413    0.4752
   -0.6519    0.7388    0.1706
   -0.4605   -0.2070   -0.8632
...    47 A-T ...
  -86.1522  -73.5481    2.1941
   -0.8737   -0.0616    0.4825
   -0.1477    0.9787   -0.1425
   -0.4634   -0.1957   -0.8642
...    48 C-G ...
  -87.7022  -74.8186   -0.4589
   -0.8148    0.4601    0.3527
    0.3335    0.8697   -0.3639
   -0.4742   -0.1789   -0.8621
...    49 T-A ...
  -89.6146  -75.6430   -3.0930
   -0.4809    0.8572    0.1843
    0.7037    0.5027   -0.5021
   -0.5230   -0.1118   -0.8450
...    50 G-C ...
  -91.5234  -75.6644   -5.8883
    0.0546    0.9983    0.0214
    0.8483   -0.0351   -0.5284
   -0.5267    0.0470   -0.8487
...    51 T-A ...
  -93.6300  -75.2880   -8.2611
    0.4819    0.8639   -0.1463
    0.7259   -0.4872   -0.4855
   -0.4907    0.1277   -0.8619
...    52 A-T ...
  -95.4379  -73.7071  -10.7109
    0.8652    0.4874   -0.1179
    0.4003   -0.8129   -0.4231
   -0.3020    0.3189   -0.8984
...    53 G-C ...
  -96.5498  -72.2615  -13.3668
    0.9800    0.0160   -0.1983
   -0.0575   -0.9316   -0.3589
   -0.1905    0.3632   -0.9121
...    54 G-C ...
  -96.7758  -70.0903  -16.3364
    0.8240   -0.4930   -0.2792
   -0.5580   -0.7918   -0.2484
   -0.0986    0.3605   -0.9275
...    55 T-A ...
  -96.5483  -68.6907  -19.2886
    0.4332   -0.8270   -0.3584
   -0.8988   -0.4262   -0.1028
   -0.0677    0.3666   -0.9279
...    56 A-T ...
  -96.1577  -67.4575  -22.4347
   -0.1438   -0.9356   -0.3225
   -0.9891    0.1253    0.0775
   -0.0321    0.3301   -0.9434
...    57 T-A ...
  -95.5014  -66.5520  -25.5550
   -0.6164   -0.7393   -0.2710
   -0.7872    0.5712    0.2324
   -0.0170    0.3565   -0.9341
...    58 C-G ...
  -95.4272  -65.6394  -28.7935
   -0.9665   -0.2414   -0.0867
   -0.2563    0.8936    0.3685
   -0.0115    0.3784   -0.9256
...    59 T-A ...
  -95.6186  -64.6805  -31.9812
   -0.9596    0.2295    0.1630
    0.2745    0.8909    0.3618
   -0.0622    0.3920   -0.9179
...    60 C-G ...
  -95.8819  -63.3578  -35.0240
   -0.6355    0.6742    0.3761
    0.7675    0.6048    0.2126
   -0.0841    0.4238   -0.9018
...    61 G-C ...
  -95.8567  -61.5860  -37.7604
   -0.1791    0.7801    0.5995
    0.9754    0.2204    0.0046
   -0.1286    0.5856   -0.8004
...    62 A-T ...
  -96.1490  -59.7581  -40.4324
    0.3872    0.7181    0.5782
    0.9193   -0.2525   -0.3019
   -0.0708    0.6484   -0.7580
...    63 G-C ...
  -96.5471  -57.2672  -42.5805
    0.7944    0.4422    0.4164
    0.6072   -0.5602   -0.5635
   -0.0159    0.7005   -0.7135
...    64 C-G ...
  -96.6766  -54.5113  -44.5380
    0.9970    0.0116    0.0768
    0.0634   -0.6927   -0.7184
    0.0449    0.7211   -0.6914
...    65 T-A ...
  -96.4641  -51.8674  -46.5001
    0.8899   -0.3811   -0.2507
   -0.4411   -0.5790   -0.6857
    0.1162    0.7208   -0.6833
...    66 C-G ...
  -95.8687  -49.7663  -48.8947
    0.4900   -0.6677   -0.5604
   -0.8484   -0.2177   -0.4825
    0.2002    0.7119   -0.6732
...    67 G-C ...
  -95.8562  -47.6962  -51.5706
   -0.0592   -0.7178   -0.6937
   -0.9667    0.2146   -0.1396
    0.2491    0.6624   -0.7066
...    68 G-C ...
  -94.8102  -45.6096  -53.9567
   -0.5758   -0.5238   -0.6277
   -0.7866    0.5644    0.2506
    0.2230    0.6381   -0.7370
...    69 G-C ...
  -93.9774  -43.7129  -56.5787
   -0.9219   -0.1986   -0.3326
   -0.3555    0.7747    0.5229
    0.1539    0.6003   -0.7848
...    70 A-T ...
  -93.3805  -41.9461  -59.3332
   -0.9552    0.2935    0.0381
    0.2528    0.7420    0.6209
    0.1540    0.6027   -0.7830
...    71 T-A ...
  -93.2141  -40.3732  -62.2363
   -0.6960    0.6203    0.3618
    0.7033    0.4872    0.5176
    0.1448    0.6147   -0.7753
...    72 C-G ...
  -92.9800  -38.3544  -64.8357
   -0.1655    0.7711    0.6148
    0.9747    0.0328    0.2212
    0.1504    0.6359   -0.7570
...    73 C-G ...
  -92.6593  -36.3672  -67.4351
    0.3174    0.5878    0.7442
    0.9255   -0.3630   -0.1080
    0.2067    0.7230   -0.6592
...    74 G-C ...
  -91.5104  -34.0801  -69.4939
    0.6985    0.1912    0.6896
    0.6459   -0.5834   -0.4924
    0.3082    0.7893   -0.5310
...    75 C-G ...
  -90.6411  -31.0438  -70.8873
    0.9293   -0.1950    0.3136
    0.1481   -0.5811   -0.8002
    0.3383    0.7901   -0.5112
...    76 T-A ...
  -89.1365  -28.1987  -72.1201
    0.8465   -0.5083   -0.1585
   -0.3641   -0.3354   -0.8689
    0.3884    0.7932   -0.4690
...    77 T-A ...
  -87.6077  -25.5816  -73.2982
    0.4996   -0.5988   -0.6260
   -0.7741    0.0159   -0.6329
    0.3889    0.8008   -0.4556
...    78 T-A ...
  -86.0906  -23.0392  -74.6047
   -0.0090   -0.4871   -0.8733
   -0.9191    0.3480   -0.1847
    0.3939    0.8010   -0.4508
...    79 A-T ...
  -85.2395  -20.1937  -76.0132
   -0.5164   -0.1714   -0.8390
   -0.7505    0.5625    0.3469
    0.4125    0.8088   -0.4191
...    80 A-T ...
  -83.8049  -17.7369  -77.4454
   -0.8378    0.1609   -0.5218
   -0.3590    0.5578    0.7483
    0.4115    0.8142   -0.4096
...    81 C-G ...
  -82.2720  -15.4227  -79.5578
   -0.8969    0.4396   -0.0477
    0.1385    0.3817    0.9139
    0.4199    0.8131   -0.4032
...    82 T-A ...
  -81.1170  -12.8393  -81.3787
   -0.7299    0.4999    0.4662
    0.5854    0.1051    0.8039
    0.3529    0.8597   -0.3694
...    83 C-G ...
  -80.1721   -9.9759  -82.6241
   -0.3259    0.4466    0.8333
    0.8786   -0.1823    0.4413
    0.3490    0.8759   -0.3330
...    84 A-T ...
  -79.3970   -6.9362  -83.9432
    0.1200    0.1798    0.9764
    0.9415   -0.3325   -0.0545
    0.3149    0.9258   -0.2092
...    85 T-A ...
  -78.8057   -3.7984  -84.3781
    0.5282   -0.0552    0.8473
    0.7783   -0.3674   -0.5091
    0.3394    0.9284   -0.1511
...    86 G-C ...
  -77.7141   -0.5038  -84.4529
    0.8121   -0.3630    0.4569
    0.3830   -0.2592   -0.8866
    0.4402    0.8950   -0.0714
...    87 T-A ...
  -76.3771    2.4888  -83.9566
    0.8778   -0.4777   -0.0351
   -0.0570   -0.0315   -0.9979
    0.4756    0.8780   -0.0549
...    88 T-A ...
  -74.7386    5.1779  -83.9182
    0.7041   -0.4642   -0.5374
   -0.4811    0.2448   -0.8418
    0.5223    0.8512   -0.0509
...    89 A-T ...
  -73.0128    7.9611  -84.2995
    0.2962   -0.3282   -0.8970
   -0.7657    0.4797   -0.4284
    0.5709    0.8137   -0.1092
...    90 T-A ...
  -70.6215   10.1192  -84.4642
   -0.0927   -0.0394   -0.9949
   -0.8101    0.5839    0.0524
    0.5789    0.8109   -0.0860
...    91 A-T ...
  -68.8640   12.9495  -84.7116
   -0.5448    0.2879   -0.7876
   -0.5985    0.5244    0.6057
    0.5874    0.8013   -0.1134
...    92 A-T ...
  -66.9050   15.4140  -85.2152
   -0.7758    0.5318   -0.3397
   -0.2222    0.2736    0.9358
    0.5906    0.8015   -0.0941
...    93 C-G ...
  -64.9004   18.0032  -86.2832
   -0.7727    0.6007    0.2051
    0.2104   -0.0625    0.9756
    0.5989    0.7970   -0.0781
...    94 G-C ...
  -63.0881   20.6782  -86.1119
   -0.6313    0.3568    0.6886
    0.5861   -0.3618    0.7249
    0.5078    0.8613    0.0193
...    95 G-C ...
  -61.7735   23.6813  -85.9865
   -0.3115    0.0372    0.9495
    0.8345   -0.4673    0.2920
    0.4545    0.8833    0.1145
...    96 A-T ...
  -60.5251   26.6737  -85.6010
    0.1406   -0.2891    0.9469
    0.8764   -0.4086   -0.2548
    0.4605    0.8657    0.1959
...    97 A-T ...
  -59.2309   29.5353  -84.8327
    0.5801   -0.4961    0.6460
    0.6645   -0.1704   -0.7276
    0.4710    0.8514    0.2308
...    98 C-G ...
  -58.1385   32.4251  -83.3235
    0.8260   -0.5369    0.1716
    0.2752    0.1185   -0.9540
    0.4919    0.8353    0.2457
...    99 T-A ...
  -56.2157   35.0401  -81.7673
    0.8153   -0.4407   -0.3755
   -0.1940    0.4031   -0.8944
    0.5455    0.8021    0.2432
...   100 T-A ...
  -54.2507   37.3800  -80.6702
    0.5750   -0.1324   -0.8073
   -0.6103    0.5878   -0.5311
    0.5449    0.7981    0.2572
...   101 T-A ...
  -52.2678   39.7484  -79.7277
    0.1520    0.2147   -0.9648
   -0.8218    0.5698   -0.0026
    0.5491    0.7932    0.2631
...   102 A-T ...
  -50.6271   42.5211  -78.9097
   -0.3472    0.4651   -0.8143
   -0.7624    0.3656    0.5339
    0.5460    0.8062    0.2277
...   103 T-A ...
  -48.4017   44.9247  -78.7479
   -0.6660    0.5651   -0.4869
   -0.5175    0.1202    0.8472
    0.5373    0.8162    0.2124
...   104 G-C ...
  -46.6930   47.7431  -78.3453
   -0.8889    0.4469    0.1006
    0.0034   -0.2131    0.9770
    0.4580    0.8688    0.1880
...   105 C-G ...
  -45.5911   50.7810  -77.9738
   -0.7776    0.2209    0.5887
    0.4610   -0.4365    0.7726
    0.4276    0.8722    0.2376
...   106 T-A ...
  -44.5204   53.9652  -77.3824
   -0.4235   -0.0872    0.9017
    0.8129   -0.4759    0.3357
    0.3998    0.8752    0.2724
...   107 T-A ...
  -43.4502   56.8445  -76.5241
    0.0444   -0.3846    0.9220
    0.9151   -0.3547   -0.1921
    0.4009    0.8522    0.3362
...   108 C-G ...
  -42.3538   59.5819  -75.1620
    0.4711   -0.5998    0.6467
    0.7656   -0.0861   -0.6376
    0.4381    0.7955    0.4186
...   109 C-G ...
  -41.1475   62.2486  -73.7007
    0.7068   -0.6807    0.1924
    0.4468    0.2188   -0.8675
    0.5484    0.6991    0.4588
...   110 G-C ...
  -39.2238   64.1942  -72.4324
    0.7509   -0.5886   -0.2995
    0.1025    0.5519   -0.8276
    0.6524    0.5908    0.4748
...   111 G-C ...
  -36.5655   65.5502  -70.8969
    0.6488   -0.2510   -0.7183
   -0.2486    0.8223   -0.5118
    0.7192    0.5106    0.4712
...   112 C-G ...
  -33.7462   66.6514  -69.4377
    0.4024    0.2076   -0.8916
   -0.5256    0.8498   -0.0394
    0.7495    0.4845    0.4510
...   113 T-A ...
  -31.1359   68.0222  -68.0279
    0.0853    0.6142   -0.7845
   -0.6351    0.6402    0.4321
    0.7677    0.4614    0.4447
...   114 C-G ...
  -28.7404   69.7377  -66.6285
   -0.2931    0.8677   -0.4015
   -0.5530    0.1887    0.8115
    0.7799    0.4599    0.4246
...   115 G-C ...
  -26.4311   71.1927  -64.8296
   -0.5799    0.8078    0.1052
   -0.3133   -0.3404    0.8866
    0.7520    0.4812    0.4505
...   116 T-A ...
  -24.1058   73.2043  -63.7154
   -0.6888    0.5013    0.5237
    0.0169   -0.7110    0.7029
    0.7247    0.4931    0.4813
...   117 A-T ...
  -21.8850   75.4731  -62.3665
   -0.6507   -0.0074    0.7593
    0.3828   -0.8668    0.3196
    0.6558    0.4986    0.5668
...   118 T-A ...
  -20.2248   77.6284  -60.6793
   -0.4097   -0.4201    0.8097
    0.6301   -0.7722   -0.0818
    0.6596    0.4767    0.5811
...   119 A-T ...
  -18.3305   79.0907  -58.5578
   -0.2375   -0.7989    0.5526
    0.7736   -0.4996   -0.3898
    0.5875    0.3349    0.7366
...   120 A-T ...
  -16.7254   80.0844  -55.9501
    0.1388   -0.9734    0.1820
    0.8039    0.0034   -0.5948
    0.5784    0.2289    0.7830
...   121 T-A ...
  -15.3628   80.6169  -52.9929
    0.4928   -0.8561   -0.1557
    0.6521    0.4818   -0.5853
    0.5761    0.1869    0.7957
...   122 G-C ...
  -13.4361   80.7306  -50.1826
    0.6956   -0.4807   -0.5339
    0.3295    0.8739   -0.3575
    0.6384    0.0728    0.7663
...   123 T-A ...
  -11.3149   80.3206  -47.7810
    0.7699   -0.0211   -0.6378
    0.0021    0.9995   -0.0306
    0.6381    0.0222    0.7696
...   124 G-C ...
   -9.0761   80.2608  -45.4074
    0.6261    0.5373   -0.5651
   -0.3905    0.8433    0.3692
    0.6749   -0.0105    0.7378
...   125 T-A ...
   -6.6388   79.7656  -43.3014
    0.3431    0.8891   -0.3029
   -0.6483    0.4575    0.6086
    0.6797   -0.0124    0.7334
...   126 C-G ...
   -4.4385   79.7191  -41.0440
   -0.0772    0.9899    0.1188
   -0.7285   -0.1373    0.6712
    0.6807   -0.0347    0.7317
...   127 G-C ...
   -2.7072   79.4096  -38.3733
   -0.4819    0.8024    0.3520
   -0.6345   -0.5966    0.4914
    0.6043    0.0134    0.7966
...   128 A-T ...
   -0.6627   79.2526  -36.0339
   -0.7671    0.3337    0.5478
   -0.2923   -0.9421    0.1646
    0.5711   -0.0338    0.8202
...   129 C-G ...
    1.1653   79.8574  -33.3748
   -0.8446   -0.1847    0.5026
    0.1283   -0.9811   -0.1451
    0.5199   -0.0581    0.8523
...   130 C-G ...
    2.1961   80.1586  -30.1203
   -0.7711   -0.5973    0.2203
    0.5141   -0.7883   -0.3379
    0.3755   -0.1473    0.9150
...   131 A-T ...
    2.5799   79.0428  -26.9690
   -0.5847   -0.7762   -0.2360
    0.7973   -0.4962   -0.3436
    0.1496   -0.3891    0.9090
...   132 A-T ...
    2.7625   77.6770  -24.0229
   -0.0882   -0.8931   -0.4411
    0.9913   -0.0351   -0.1272
    0.0981   -0.4485    0.8884
...   133 A-T ...
    2.6452   76.1405  -21.1072
    0.5048   -0.7634   -0.4030
    0.8603    0.4836    0.1613
    0.0718   -0.4282    0.9008
...   134 T-A ...
    2.3075   74.2308  -18.3903
    0.8657   -0.4293   -0.2574
    0.4984    0.7868    0.3641
    0.0462   -0.4435    0.8951
...   135 G-C ...
    1.4354   72.0971  -15.6050
    0.9809    0.0621    0.1843
   -0.1263    0.9241    0.3607
   -0.1479   -0.3771    0.9143
...   136 T-A ...
    0.5279   69.2394  -13.4689
    0.7351    0.4963    0.4618
   -0.6117    0.7792    0.1365
   -0.2921   -0.3828    0.8764
...   137 G-C ...
   -0.1659   67.4106  -10.8095
    0.1800    0.8794    0.4408
   -0.9276    0.3008   -0.2214
   -0.3274   -0.3691    0.8698
...   138 A-T ...
   -0.1321   66.2180   -7.8216
   -0.3749    0.8570    0.3536
   -0.8857   -0.2184   -0.4098
   -0.2739   -0.4668    0.8409
...   139 G-C ...
   -1.0069   65.6075   -4.9425
   -0.8336    0.5218    0.1811
   -0.5170   -0.6220   -0.5881
   -0.1942   -0.5839    0.7883
...   140 C-G ...
   -0.6975   63.9004   -2.2528
   -0.9992    0.0157   -0.0376
    0.0023   -0.8993   -0.4374
   -0.0406   -0.4371    0.8985
...   141 G-C ...
   -3.4383   60.2386    1.0284
   -0.4425    0.2285   -0.8672
    0.1683   -0.9287   -0.3306
   -0.8808   -0.2922    0.3725
...   142 C-G ...
   -6.3289   59.0834    1.6293
   -0.2970   -0.3280   -0.8968
    0.5656   -0.8171    0.1115
   -0.7693   -0.4741    0.4282
...   143 T-A ...
   -8.6768   58.7243    3.6024
   -0.0347   -0.7817   -0.6227
    0.6533   -0.4893    0.5778
   -0.7563   -0.3868    0.5276
...   144 C-G ...
  -11.6545   58.0114    4.7193
    0.2451   -0.9542   -0.1716
    0.6322    0.0231    0.7745
   -0.7350   -0.2983    0.6089
...   145 A-T ...
  -14.1760   56.5669    6.1807
    0.5795   -0.7268    0.3687
    0.3139    0.6165    0.7220
   -0.7521   -0.3027    0.5855
...   146 C-G ...
  -16.4651   53.8950    7.5153
    0.5336   -0.3331    0.7774
   -0.0346    0.9098    0.4136
   -0.8450   -0.2476    0.4739
...   147 A-T ...
  -19.0172   52.0375    8.9260
    0.2452    0.2907    0.9249
   -0.3073    0.9281   -0.2103
   -0.9195   -0.2327    0.3169
