  147 base-pairs
...     1 A-T ...
    0.0000    0.0000    0.0000
    1.0000    0.0000    0.0000
    0.0000    1.0000    0.0000
    0.0000    0.0000    1.0000
...     2 G-C ...
   -0.1404   -1.2353    3.2259
    0.7530    0.6366    0.1668
   -0.6385    0.7681   -0.0490
   -0.1593   -0.0696    0.9848
...     3 T-A ...
   -0.0377   -3.2918    6.3749
    0.2722    0.9302    0.2464
   -0.9238    0.3243   -0.2034
   -0.2691   -0.1722    0.9476
...     4 G-C ...
   -0.3520   -4.1638    9.4928
   -0.3756    0.9250    0.0576
   -0.8780   -0.3352   -0.3416
   -0.2967   -0.1788    0.9381
...     5 A-T ...
   -0.4480   -4.1448   12.7498
   -0.8116    0.5839   -0.0166
   -0.5522   -0.7762   -0.3042
   -0.1905   -0.2377    0.9525
...     6 G-C ...
   -1.5926   -4.1701   15.6201
   -0.9976    0.0246   -0.0651
   -0.0043   -0.9555   -0.2950
   -0.0694   -0.2940    0.9533
...     7 C-G ...
   -1.1050   -4.4793   18.7363
   -0.8442   -0.5302   -0.0787
    0.5343   -0.8442   -0.0430
   -0.0437   -0.0784    0.9960
...     8 G-C ...
   -2.4044   -7.7255   23.1483
   -0.2753   -0.3294   -0.9032
    0.6650   -0.7437    0.0686
   -0.6943   -0.5817    0.4238
...     9 C-G ...
   -4.4706   -9.9691   24.1142
    0.1145   -0.7026   -0.7023
    0.8512   -0.2951    0.4341
   -0.5123   -0.6475    0.5642
...    10 T-A ...
   -6.7420  -10.8705   25.9717
    0.4841   -0.8363   -0.2573
    0.6594    0.1554    0.7356
   -0.5752   -0.5257    0.6267
...    11 C-G ...
   -9.1682  -12.6167   27.1662
    0.7073   -0.6683    0.2306
    0.3450    0.6110    0.7125
   -0.6170   -0.4243    0.6627
...    12 A-T ...
  -10.9253  -14.6583   29.0713
    0.7515   -0.1377    0.6452
   -0.2027    0.8824    0.4245
   -0.6278   -0.4498    0.6352
...    13 C-G ...
  -11.8495  -17.4796   31.2472
    0.4294    0.2824    0.8578
   -0.5708    0.8209    0.0155
   -0.6998   -0.4963    0.5137
...    14 A-T ...
  -13.5915  -19.7756   33.4284
   -0.1503    0.6106    0.7775
   -0.6874    0.5007   -0.5261
   -0.7106   -0.6135    0.3445
...    15 A-T ...
  -15.6829  -21.8665   34.7625
   -0.5085    0.7779    0.3691
   -0.4768    0.1025   -0.8730
   -0.7170   -0.6199    0.3188
...    16 T-A ...
  -17.7728  -23.7732   36.4182
   -0.6637    0.7409   -0.1033
   -0.1625   -0.2775   -0.9469
   -0.7302   -0.6116    0.3046
...    17 T-A ...
  -20.1435  -25.5917   37.6309
   -0.6129    0.5114   -0.6023
    0.2197   -0.6219   -0.7516
   -0.7590   -0.5930    0.2689
...    18 T-A ...
  -22.7171  -27.2658   38.5913
   -0.3557    0.1510   -0.9223
    0.5032   -0.8007   -0.3252
   -0.7876   -0.5798    0.2088
...    19 A-T ...
  -25.8317  -28.5012   38.9473
    0.1049   -0.0869   -0.9907
    0.5592   -0.8186    0.1310
   -0.8224   -0.5677   -0.0373
...    20 T-A ...
  -28.7944  -29.7771   38.5033
    0.3892   -0.4431   -0.8076
    0.4247   -0.6916    0.5842
   -0.8174   -0.5703   -0.0810
...    21 T-A ...
  -31.5011  -31.4428   37.9369
    0.5745   -0.7300   -0.3702
    0.1280   -0.3667    0.9215
   -0.8084   -0.5768   -0.1173
...    22 C-G ...
  -33.9747  -33.4550   37.3297
    0.5671   -0.7962    0.2109
   -0.2499    0.0776    0.9652
   -0.7849   -0.6000   -0.1549
...    23 G-C ...
  -36.5299  -35.5331   37.2400
    0.3932   -0.5888    0.7062
   -0.5633    0.4527    0.6911
   -0.7267   -0.6696   -0.1537
...    24 C-G ...
  -38.6329  -37.9957   36.5996
    0.0435   -0.2479    0.9678
   -0.6957    0.6877    0.2074
   -0.7170   -0.6824   -0.1426
...    25 A-T ...
  -41.1476  -40.0473   36.1121
   -0.3122    0.2135    0.9257
   -0.6069    0.7049   -0.3673
   -0.7309   -0.6765   -0.0905
...    26 A-T ...
  -43.3326  -42.4498   35.9843
   -0.6141    0.5503    0.5657
   -0.3117    0.4894   -0.8145
   -0.7250   -0.6765   -0.1290
...    27 A-T ...
  -45.6365  -44.7214   35.8388
   -0.6788    0.7336    0.0324
    0.0913    0.1281   -0.9876
   -0.7286   -0.6674   -0.1539
...    28 G-C ...
  -48.1604  -46.7931   35.6300
   -0.4703    0.7671   -0.4363
    0.4253   -0.2361   -0.8737
   -0.7732   -0.5965   -0.2152
...    29 G-C ...
  -51.0190  -48.4864   35.1503
   -0.0865    0.6229   -0.7775
    0.5914   -0.5960   -0.5432
   -0.8017   -0.5068   -0.3168
...    30 C-G ...
  -53.8959  -49.6417   34.1666
    0.2974    0.2793   -0.9130
    0.5335   -0.8417   -0.0837
   -0.7918   -0.4621   -0.3994
...    31 C-G ...
  -56.6024  -50.6865   32.4737
    0.6203   -0.1221   -0.7748
    0.2703   -0.8940    0.3574
   -0.7363   -0.4312   -0.5215
...    32 G-C ...
  -58.6704  -52.3600   30.5172
    0.7612   -0.5098   -0.4008
   -0.1578   -0.7451    0.6480
   -0.6290   -0.4301   -0.6476
...    33 G-C ...
  -60.3324  -53.7339   27.9210
    0.6102   -0.7913    0.0398
   -0.5711   -0.4045    0.7142
   -0.5491   -0.4586   -0.6988
...    34 C-G ...
  -61.7333  -55.2917   25.3624
    0.2182   -0.8777    0.4267
   -0.8279    0.0651    0.5571
   -0.5167   -0.4748   -0.7124
...    35 C-G ...
  -63.1806  -57.1123   22.9287
   -0.2424   -0.6887    0.6833
   -0.8289    0.5131    0.2231
   -0.5042   -0.5123   -0.6952
...    36 C-G ...
  -64.6732  -59.0521   20.6181
   -0.6267   -0.2847    0.7254
   -0.5702    0.8020   -0.1779
   -0.5312   -0.5251   -0.6650
...    37 G-C ...
  -66.5433  -60.3394   18.2080
   -0.7893    0.2422    0.5642
   -0.1202    0.8402   -0.5288
   -0.6021   -0.4852   -0.6341
...    38 A-T ...
  -68.4121  -62.0314   16.1524
   -0.6923    0.6950    0.1940
    0.3638    0.5684   -0.7380
   -0.6232   -0.4403   -0.6463
...    39 C-G ...
  -70.7688  -63.6136   14.5351
   -0.3862    0.9081   -0.1616
    0.6646    0.1524   -0.7315
   -0.6397   -0.3899   -0.6624
...    40 A-T ...
  -72.9958  -64.7710   12.3491
    0.1204    0.9085   -0.4000
    0.7504   -0.3472   -0.5625
   -0.6500   -0.2324   -0.7236
...    41 C-G ...
  -75.4805  -65.0365   10.2782
    0.5167    0.6398   -0.5689
    0.5836   -0.7494   -0.3127
   -0.6264   -0.1705   -0.7606
...    42 G-C ...
  -77.2146  -65.4977    7.5098
    0.8387    0.1908   -0.5101
    0.1966   -0.9795   -0.0431
   -0.5079   -0.0641   -0.8591
...    43 A-T ...
  -78.6773  -65.5122    4.6111
    0.8323   -0.3836   -0.4002
   -0.3255   -0.9225    0.2072
   -0.4487   -0.0422   -0.8927
...    44 C-G ...
  -79.6861  -65.1439    1.4924
    0.5682   -0.7928   -0.2206
   -0.7142   -0.6083    0.3462
   -0.4087   -0.0391   -0.9118
...    45 T-A ...
  -80.6146  -65.2199   -1.6683
    0.1398   -0.9901    0.0147
   -0.9216   -0.1246    0.3677
   -0.3622   -0.0649   -0.9298
...    46 T-A ...
  -81.4237  -65.3891   -4.8193
   -0.4196   -0.8914    0.1714
   -0.8394    0.4529    0.3004
   -0.3454   -0.0179   -0.9383
...    47 A-T ...
  -82.7586  -65.0964   -7.8641
   -0.8553   -0.4340    0.2830
   -0.4054    0.9007    0.1563
   -0.3227    0.0189   -0.9463
...    48 C-G ...
  -83.7229  -65.6236  -10.9852
   -0.9377    0.0827    0.3376
    0.0890    0.9960    0.0031
   -0.3360    0.0330   -0.9413
...    49 T-A ...
  -85.0355  -65.7663  -14.0003
   -0.7430    0.5671    0.3555
    0.5514    0.8197   -0.1552
   -0.3795    0.0807   -0.9217
...    50 G-C ...
  -86.4184  -65.3175  -16.9793
   -0.2864    0.8914    0.3513
    0.8575    0.4020   -0.3210
   -0.4274    0.2093   -0.8795
...    51 T-A ...
  -88.3591  -64.6517  -19.5129
    0.1978    0.9582    0.2068
    0.8878   -0.0857   -0.4521
   -0.4155    0.2730   -0.8677
...    52 A-T ...
  -90.1027  -63.2114  -21.9826
    0.6716    0.7258    0.1487
    0.6697   -0.5088   -0.5409
   -0.3169    0.4629   -0.8278
...    53 G-C ...
  -91.2015  -61.3309  -24.4313
    0.9393    0.3391   -0.0527
    0.2492   -0.7797   -0.5744
   -0.2359    0.5264   -0.8169
...    54 T-A ...
  -91.8637  -59.0682  -26.6992
    0.9495   -0.1140   -0.2925
   -0.2526   -0.8307   -0.4961
   -0.1864    0.5449   -0.8175
...    55 C-G ...
  -92.1894  -57.2192  -29.3516
    0.6494   -0.5769   -0.4954
   -0.7480   -0.6019   -0.2795
   -0.1369    0.5521   -0.8224
...    56 A-T ...
  -92.6288  -55.5125  -32.1375
    0.1457   -0.8510   -0.5046
   -0.9864   -0.1644   -0.0077
   -0.0764    0.4988   -0.8633
...    57 T-A ...
  -92.1627  -53.9074  -34.9893
   -0.3653   -0.8090   -0.4604
   -0.9283    0.2801    0.2445
   -0.0688    0.5167   -0.8534
...    58 G-C ...
  -92.6416  -52.2016  -37.7617
   -0.8129   -0.5500   -0.1914
   -0.5709    0.6877    0.4485
   -0.1151    0.4739   -0.8730
...    59 T-A ...
  -92.7929  -51.1438  -40.8980
   -0.9879   -0.1350    0.0760
   -0.0803    0.8658    0.4939
   -0.1325    0.4819   -0.8662
...    60 T-A ...
  -93.2294  -49.8530  -43.8410
   -0.8698    0.3631    0.3340
    0.4778    0.7885    0.3873
   -0.1228    0.4964   -0.8593
...    61 A-T ...
  -93.8885  -48.2600  -46.6601
   -0.4686    0.6598    0.5874
    0.8632    0.4835    0.1456
   -0.1879    0.5752   -0.7961
...    62 T-A ...
  -95.1471  -46.5847  -49.1673
    0.0102    0.7931    0.6090
    0.9825    0.1055   -0.1538
   -0.1862    0.5999   -0.7781
...    63 A-T ...
  -96.2062  -44.3110  -51.3655
    0.5162    0.6176    0.5934
    0.8468   -0.2642   -0.4617
   -0.1283    0.7408   -0.6594
...    64 A-T ...
  -96.7488  -41.7419  -53.2391
    0.8919    0.3503    0.2860
    0.4413   -0.5368   -0.7191
   -0.0984    0.7676   -0.6334
...    65 C-G ...
  -97.0989  -38.8459  -54.7286
    0.9971    0.0041   -0.0757
   -0.0571   -0.6168   -0.7850
   -0.0499    0.7871   -0.6148
...    66 G-C ...
  -96.9858  -36.4407  -56.9859
    0.8171   -0.4118   -0.4034
   -0.5696   -0.4697   -0.6745
    0.0883    0.7809   -0.6184
...    67 G-C ...
  -96.1916  -33.8062  -58.9305
    0.3939   -0.6501   -0.6498
   -0.9049   -0.1502   -0.3983
    0.1613    0.7449   -0.6474
...    68 A-T ...
  -95.4967  -31.4021  -61.0323
   -0.1974   -0.6272   -0.7534
   -0.9648    0.2604    0.0360
    0.1736    0.7341   -0.6565
...    69 G-C ...
  -94.6227  -29.1371  -63.2672
   -0.6667   -0.4329   -0.6067
   -0.7292    0.5474    0.4107
    0.1543    0.7162   -0.6806
...    70 T-A ...
  -93.7830  -27.1947  -65.8198
   -0.9464   -0.1053   -0.3053
   -0.2914    0.6859    0.6668
    0.1392    0.7201   -0.6798
...    71 A-T ...
  -93.3526  -24.7349  -67.9897
   -0.9491    0.2736    0.1559
    0.2977    0.6186    0.7271
    0.1025    0.7366   -0.6686
...    72 T-A ...
  -93.3965  -22.7177  -70.5805
   -0.6833    0.5334    0.4987
    0.7230    0.3985    0.5644
    0.1023    0.7461   -0.6579
...    73 C-G ...
  -93.2051  -20.2889  -72.7294
   -0.1679    0.6182    0.7679
    0.9815    0.0320    0.1889
    0.0922    0.7854   -0.6121
...    74 T-A ...
  -93.2710  -17.5696  -74.5651
    0.3258    0.4765    0.8166
    0.9395   -0.2601   -0.2231
    0.1061    0.8398   -0.5324
...    75 C-G ...
  -92.9722  -14.7329  -76.0949
    0.7816    0.1932    0.5931
    0.6062   -0.4590   -0.6494
    0.1468    0.8672   -0.4759
...    76 G-C ...
  -92.1096  -11.9415  -77.6359
    0.9505   -0.2023    0.2360
    0.1288   -0.4346   -0.8914
    0.2829    0.8776   -0.3870
...    77 A-T ...
  -91.0373   -9.0680  -78.7183
    0.8448   -0.4509   -0.2879
   -0.4163   -0.2160   -0.8832
    0.3360    0.8660   -0.3702
...    78 G-C ...
  -89.6467   -6.2290  -79.6489
    0.5017   -0.5444   -0.6723
   -0.7718    0.0693   -0.6321
    0.3907    0.8360   -0.3854
...    79 C-G ...
  -87.9389   -3.6598  -80.8148
    0.0031   -0.4482   -0.8940
   -0.9095    0.3704   -0.1888
    0.4157    0.8136   -0.4064
...    80 T-A ...
  -86.2730   -1.2076  -82.2651
   -0.4753   -0.2208   -0.8517
   -0.7736    0.5660    0.2849
    0.4191    0.7943   -0.4398
...    81 C-G ...
  -84.8472    1.3050  -83.7998
   -0.8383    0.1387   -0.5273
   -0.3580    0.5895    0.7241
    0.4113    0.7958   -0.4445
...    82 G-C ...
  -83.5838    4.1565  -84.9072
   -0.9336    0.3583   -0.0088
    0.1520    0.4180    0.8956
    0.3246    0.8348   -0.4447
...    83 G-C ...
  -82.6491    6.8569  -86.6822
   -0.7436    0.4477    0.4966
    0.6153    0.1677    0.7702
    0.2615    0.8783   -0.4001
...    84 G-C ...
  -82.1134    9.8069  -88.2090
   -0.3468    0.3763    0.8592
    0.9110   -0.0830    0.4040
    0.2233    0.9228   -0.3140
...    85 A-T ...
  -81.5238   12.8262  -89.2230
    0.2008    0.2047    0.9580
    0.9513   -0.2743   -0.1408
    0.2339    0.9396   -0.2498
...    86 T-A ...
  -81.3552   16.0499  -89.7160
    0.6248    0.0164    0.7806
    0.7396   -0.3331   -0.5849
    0.2504    0.9428   -0.2202
...    87 C-G ...
  -80.5054   19.1359  -90.1947
    0.9108   -0.2330    0.3407
    0.2793   -0.2598   -0.9244
    0.3039    0.9371   -0.1716
...    88 C-G ...
  -79.2608   22.2579  -90.2798
    0.8888   -0.4286   -0.1623
   -0.2074   -0.0602   -0.9764
    0.4088    0.9015   -0.1424
...    89 G-C ...
  -77.7307   25.0726  -91.0977
    0.5922   -0.4941   -0.6365
   -0.6102    0.2411   -0.7547
    0.5264    0.8353   -0.1587
...    90 C-G ...
  -75.6003   27.5553  -91.4833
    0.1612   -0.3185   -0.9341
   -0.8127    0.4941   -0.3087
    0.5599    0.8090   -0.1792
...    91 T-A ...
  -73.4541   29.9643  -92.1698
   -0.2944   -0.0463   -0.9546
   -0.7631    0.6126    0.2056
    0.5753    0.7890   -0.2157
...    92 T-A ...
  -71.3222   32.2955  -92.9578
   -0.6484    0.3378   -0.6823
   -0.4722    0.5245    0.7084
    0.5972    0.7815   -0.1806
...    93 T-A ...
  -69.2377   34.6511  -93.7902
   -0.7836    0.5966   -0.1735
   -0.0402    0.2301    0.9723
    0.6200    0.7689   -0.1563
...    94 A-T ...
  -67.1965   37.2224  -94.2268
   -0.6970    0.5827    0.4179
    0.4059   -0.1598    0.8998
    0.5911    0.7968   -0.1251
...    95 A-T ...
  -65.4723   39.8969  -94.8193
   -0.3748    0.3848    0.8435
    0.7115   -0.4638    0.5278
    0.5943    0.7980   -0.1000
...    96 C-G ...
  -64.0727   42.8182  -95.2541
   -0.0067    0.0561    0.9984
    0.8049   -0.5921    0.0387
    0.5934    0.8039   -0.0412
...    97 A-T ...
  -62.1684   45.5569  -95.2034
    0.3132   -0.3883    0.8667
    0.7164   -0.5025   -0.4840
    0.6234    0.7725    0.1208
...    98 C-G ...
  -60.5462   48.2298  -94.2831
    0.5851   -0.6338    0.5059
    0.4862   -0.2252   -0.8443
    0.6491    0.7400    0.1764
...    99 T-A ...
  -58.4523   50.5277  -93.2435
    0.6892   -0.7246    0.0041
    0.1705    0.1566   -0.9728
    0.7043    0.6711    0.2314
...   100 T-A ...
  -56.1604   52.5523  -92.1895
    0.6629   -0.5294   -0.5295
   -0.2148    0.5429   -0.8119
    0.7173    0.6519    0.2461
...   101 T-A ...
  -53.7202   54.4224  -91.1523
    0.4464   -0.1295   -0.8854
   -0.5338    0.7556   -0.3796
    0.7182    0.6421    0.2682
...   102 A-T ...
  -51.4959   56.7434  -90.2999
    0.0546    0.3565   -0.9327
   -0.6860    0.6922    0.2244
    0.7256    0.6276    0.2823
...   103 T-A ...
  -48.6684   58.3473  -89.6808
   -0.2769    0.6706   -0.6883
   -0.6263    0.4173    0.6585
    0.7288    0.6134    0.3044
...   104 G-C ...
  -46.4456   60.5100  -88.5749
   -0.6271    0.7447   -0.2284
   -0.3666   -0.0234    0.9301
    0.6873    0.6670    0.2877
...   105 C-G ...
  -44.1048   62.7605  -88.0121
   -0.7559    0.5897    0.2845
    0.0108   -0.4233    0.9059
    0.6546    0.6878    0.3136
...   106 T-A ...
  -42.1361   65.2667  -87.1892
   -0.6977    0.2495    0.6716
    0.3806   -0.6652    0.6425
    0.6070    0.7038    0.3691
...   107 T-A ...
  -40.3483   67.7286  -86.1081
   -0.4111   -0.1748    0.8947
    0.6901   -0.7009    0.1802
    0.5956    0.6915    0.4088
...   108 C-G ...
  -38.5611   70.0158  -84.6815
   -0.0122   -0.5863    0.8100
    0.8102   -0.4806   -0.3356
    0.5861    0.6521    0.4808
...   109 C-G ...
  -36.9608   72.1865  -82.6751
    0.3174   -0.8276    0.4630
    0.7292   -0.0991   -0.6771
    0.6063    0.5525    0.5720
...   110 G-C ...
  -34.6887   73.6698  -80.7928
    0.5495   -0.8343   -0.0447
    0.5143    0.3800   -0.7688
    0.6584    0.3995    0.6379
...   111 G-C ...
  -32.4462   74.4426  -78.4021
    0.6743   -0.5517   -0.4908
    0.2068    0.7792   -0.5917
    0.7089    0.2975    0.6395
...   112 C-G ...
  -30.0006   74.9064  -76.2407
    0.6602   -0.0618   -0.7486
   -0.1507    0.9654   -0.2126
    0.7358    0.2532    0.6280
...   113 T-A ...
  -27.3903   75.3813  -74.2756
    0.4729    0.4393   -0.7638
   -0.4406    0.8686    0.2267
    0.7630    0.2293    0.6043
...   114 C-G ...
  -24.7880   76.0653  -72.4005
    0.1355    0.8660   -0.4813
   -0.6306    0.4500    0.6323
    0.7642    0.2179    0.6071
...   115 G-C ...
  -22.6002   76.8654  -70.0449
   -0.2845    0.9544   -0.0907
   -0.6082   -0.1065    0.7866
    0.7410    0.2789    0.6108
...   116 T-A ...
  -19.8651   77.9793  -68.5253
   -0.5692    0.7615    0.3101
   -0.3951   -0.5841    0.7090
    0.7210    0.2811    0.6334
...   117 A-T ...
  -17.5115   79.0348  -66.4534
   -0.7595    0.2924    0.5811
   -0.0283   -0.9073    0.4195
    0.6499    0.3022    0.6974
...   118 T-A ...
  -15.5744   80.6365  -64.3665
   -0.7008   -0.1922    0.6870
    0.3366   -0.9381    0.0809
    0.6289    0.2880    0.7221
...   119 A-T ...
  -14.0485   82.0202  -61.7154
   -0.5870   -0.6639    0.4633
    0.6487   -0.7281   -0.2215
    0.4844    0.1705    0.8581
...   120 A-T ...
  -12.7761   82.5989  -58.8201
   -0.1919   -0.9572    0.2168
    0.8716   -0.2677   -0.4106
    0.4511    0.1102    0.8857
...   121 T-A ...
  -11.9668   82.8991  -55.6822
    0.2284   -0.9726   -0.0423
    0.8672    0.2230   -0.4453
    0.4426    0.0651    0.8944
...   122 G-C ...
  -10.3820   82.7168  -52.7742
    0.5933   -0.7067   -0.3853
    0.6479    0.7034   -0.2924
    0.4777   -0.0761    0.8752
...   123 T-A ...
   -9.1101   81.8619  -49.8650
    0.8280   -0.2548   -0.4995
    0.2773    0.9603   -0.0303
    0.4874   -0.1134    0.8658
...   124 G-C ...
   -7.2745   81.6770  -47.1344
    0.8137    0.3350   -0.4750
   -0.2091    0.9312    0.2985
    0.5424   -0.1436    0.8278
...   125 T-A ...
   -5.2472   80.6812  -44.6819
    0.5951    0.7654   -0.2449
   -0.5957    0.6247    0.5048
    0.5394   -0.1545    0.8278
...   126 C-G ...
   -3.3789   80.1197  -42.0425
    0.1407    0.9846    0.1040
   -0.8366    0.0620    0.5442
    0.5294   -0.1636    0.8325
...   127 G-C ...
   -2.0550   79.3995  -39.0944
   -0.3821    0.8693    0.3135
   -0.7923   -0.4827    0.3731
    0.4756   -0.1058    0.8732
...   128 A-T ...
   -0.3770   79.0218  -36.3330
   -0.7836    0.4495    0.4289
   -0.4512   -0.8863    0.1045
    0.4271   -0.1116    0.8973
...   129 C-G ...
    1.0855   79.2616  -33.4237
   -0.9276   -0.0414    0.3712
   -0.0079   -0.9914   -0.1304
    0.3734   -0.1239    0.9194
...   130 C-G ...
    2.1641   79.2587  -30.2331
   -0.8523   -0.5088    0.1210
    0.4587   -0.8384   -0.2945
    0.2512   -0.1955    0.9480
...   131 A-T ...
    2.6900   78.6073  -26.9975
   -0.5372   -0.8148   -0.2179
    0.8364   -0.4812   -0.2624
    0.1090   -0.3233    0.9400
...   132 A-T ...
    2.7020   77.5088  -23.9749
   -0.0221   -0.9237   -0.3824
    0.9972    0.0070   -0.0746
    0.0716   -0.3829    0.9210
...   133 A-T ...
    2.6309   76.0857  -21.0804
    0.5127   -0.7636   -0.3926
    0.8567    0.4848    0.1760
    0.0559   -0.4266    0.9027
...   134 T-A ...
    2.3075   74.2307  -18.3904
    0.8657   -0.4293   -0.2574
    0.4984    0.7868    0.3641
    0.0462   -0.4435    0.8951
...   135 G-C ...
    1.4353   72.0970  -15.6051
    0.9809    0.0621    0.1843
   -0.1263    0.9241    0.3607
   -0.1479   -0.3771    0.9143
...   136 T-A ...
    0.5279   69.2393  -13.4690
    0.7351    0.4963    0.4618
   -0.6117    0.7792    0.1365
   -0.2921   -0.3828    0.8764
...   137 G-C ...
   -0.1659   67.4105  -10.8096
    0.1800    0.8794    0.4408
   -0.9276    0.3008   -0.2214
   -0.3274   -0.3691    0.8698
...   138 A-T ...
   -0.1322   66.2179   -7.8217
   -0.3749    0.8570    0.3536
   -0.8857   -0.2184   -0.4098
   -0.2739   -0.4668    0.8409
...   139 G-C ...
   -1.0069   65.6074   -4.9426
   -0.8336    0.5218    0.1811
   -0.5170   -0.6220   -0.5881
   -0.1942   -0.5839    0.7883
...   140 C-G ...
   -0.6975   63.9003   -2.2529
   -0.9992    0.0157   -0.0376
    0.0023   -0.8993   -0.4374
   -0.0406   -0.4371    0.8985
...   141 G-C ...
   -3.4383   60.2385    1.0282
   -0.4425    0.2285   -0.8672
    0.1683   -0.9287   -0.3306
   -0.8808   -0.2922    0.3725
...   142 C-G ...
   -6.3289   59.0833    1.6292
   -0.2970   -0.3280   -0.8968
    0.5656   -0.8171    0.1115
   -0.7693   -0.4741    0.4282
...   143 T-A ...
   -8.6769   58.7242    3.6023
   -0.0347   -0.7817   -0.6227
    0.6533   -0.4893    0.5778
   -0.7563   -0.3868    0.5276
...   144 C-G ...
  -11.6545   58.0113    4.7192
    0.2451   -0.9542   -0.1716
    0.6322    0.0231    0.7745
   -0.7350   -0.2983    0.6089
...   145 A-T ...
  -14.1761   56.5668    6.1805
    0.5795   -0.7268    0.3687
    0.3139    0.6165    0.7220
   -0.7521   -0.3027    0.5855
...   146 C-G ...
  -16.4651   53.8949    7.5152
    0.5336   -0.3331    0.7774
   -0.0346    0.9098    0.4136
   -0.8450   -0.2476    0.4739
...   147 A-T ...
  -19.0173   52.0374    8.9259
    0.2452    0.2907    0.9249
   -0.3073    0.9281   -0.2103
   -0.9195   -0.2327    0.3169
