  147 base-pairs
...     1 A-T ...
    0.0000    0.0000    0.0000
    1.0000    0.0000    0.0000
    0.0000    1.0000    0.0000
    0.0000    0.0000    1.0000
...     2 G-C ...
   -0.1404   -1.2353    3.2259
    0.7530    0.6366    0.1668
   -0.6385    0.7681   -0.0490
   -0.1593   -0.0696    0.9848
...     3 T-A ...
   -0.0377   -3.2918    6.3749
    0.2722    0.9302    0.2464
   -0.9238    0.3243   -0.2034
   -0.2691   -0.1722    0.9476
...     4 G-C ...
   -0.3520   -4.1638    9.4928
   -0.3756    0.9250    0.0576
   -0.8780   -0.3352   -0.3416
   -0.2967   -0.1788    0.9381
...     5 A-T ...
   -0.4480   -4.1448   12.7498
   -0.8116    0.5839   -0.0166
   -0.5522   -0.7762   -0.3042
   -0.1905   -0.2377    0.9525
...     6 G-C ...
   -1.5926   -4.1701   15.6201
   -0.9976    0.0246   -0.0651
   -0.0043   -0.9555   -0.2950
   -0.0694   -0.2940    0.9533
...     7 C-G ...
   -1.1050   -4.4793   18.7363
   -0.8442   -0.5302   -0.0787
    0.5343   -0.8442   -0.0430
   -0.0437   -0.0784    0.9960
...     8 G-C ...
   -2.4044   -7.7255   23.1483
   -0.2753   -0.3294   -0.9032
    0.6650   -0.7437    0.0686
   -0.6943   -0.5817    0.4238
...     9 C-G ...
   -4.4706   -9.9691   24.1142
    0.1145   -0.7026   -0.7023
    0.8512   -0.2951    0.4341
   -0.5123   -0.6475    0.5642
...    10 T-A ...
   -6.7420  -10.8705   25.9717
    0.4841   -0.8363   -0.2573
    0.6594    0.1554    0.7356
   -0.5752   -0.5257    0.6267
...    11 C-G ...
   -9.1682  -12.6167   27.1662
    0.7073   -0.6683    0.2306
    0.3450    0.6110    0.7125
   -0.6170   -0.4243    0.6627
...    12 A-T ...
  -10.9253  -14.6583   29.0713
    0.7515   -0.1377    0.6452
   -0.2027    0.8824    0.4245
   -0.6278   -0.4498    0.6352
...    13 C-G ...
  -11.8495  -17.4796   31.2472
    0.4294    0.2824    0.8578
   -0.5708    0.8209    0.0155
   -0.6998   -0.4963    0.5137
...    14 A-T ...
  -13.5915  -19.7756   33.4284
   -0.1503    0.6106    0.7775
   -0.6874    0.5007   -0.5261
   -0.7106   -0.6135    0.3445
...    15 A-T ...
  -15.7628  -21.8969   34.5380
   -0.4952    0.7960    0.3482
   -0.4634    0.0970   -0.8808
   -0.7348   -0.5975    0.3209
...    16 T-A ...
  -17.9085  -23.8369   36.2987
   -0.6892    0.7077   -0.1556
   -0.1169   -0.3205   -0.9400
   -0.7151   -0.6297    0.3037
...    17 T-A ...
  -20.2555  -25.7204   37.6465
   -0.6441    0.3793   -0.6642
    0.3160   -0.6588   -0.6827
   -0.6966   -0.6497    0.3045
...    18 T-A ...
  -22.6120  -27.6448   38.6281
   -0.3199    0.0283   -0.9470
    0.5989   -0.7684   -0.2253
   -0.7341   -0.6393    0.2289
...    19 A-T ...
  -25.1070  -29.6220   38.9984
    0.1325   -0.1743   -0.9757
    0.6477   -0.7300    0.2183
   -0.7503   -0.6609    0.0162
...    20 T-A ...
  -27.9610  -31.2379   38.6989
    0.4496   -0.4899   -0.7469
    0.4905   -0.5634    0.6648
   -0.7465   -0.6653   -0.0131
...    21 T-A ...
  -30.5084  -33.2735   38.3335
    0.6593   -0.7016   -0.2704
    0.1493   -0.2303    0.9616
   -0.7369   -0.6743   -0.0470
...    22 C-G ...
  -32.8224  -35.5589   38.0464
    0.6510   -0.6886    0.3195
   -0.2691    0.1843    0.9453
   -0.7098   -0.7014   -0.0654
...    23 G-C ...
  -35.0626  -37.9973   38.5659
    0.4691   -0.3964    0.7892
   -0.6352    0.4694    0.6133
   -0.6136   -0.7890   -0.0316
...    24 C-G ...
  -36.7606  -40.7745   38.3368
    0.1009   -0.0559    0.9933
   -0.7883    0.6046    0.1141
   -0.6070   -0.7945    0.0169
...    25 A-T ...
  -39.1275  -43.0604   38.2145
   -0.3489    0.3164    0.8822
   -0.6996    0.5384   -0.4698
   -0.6236   -0.7811    0.0335
...    26 A-T ...
  -41.0317  -45.7237   38.5088
   -0.6937    0.5438    0.4722
   -0.3761    0.2857   -0.8815
   -0.6143   -0.7891    0.0064
...    27 A-T ...
  -42.8900  -48.3760   38.8654
   -0.7973    0.5928   -0.1137
    0.1075   -0.0458   -0.9931
   -0.5939   -0.8041   -0.0272
...    28 G-C ...
  -45.1282  -50.8615   39.2002
   -0.5805    0.5437   -0.6061
    0.4946   -0.3558   -0.7929
   -0.6468   -0.7601   -0.0623
...    29 G-C ...
  -47.7323  -53.1341   39.1030
   -0.1438    0.3700   -0.9178
    0.7230   -0.5940   -0.3527
   -0.6757   -0.7143   -0.1821
...    30 C-G ...
  -50.3278  -54.9977   38.4190
    0.3149    0.0765   -0.9460
    0.6755   -0.7183    0.1668
   -0.6667   -0.6915   -0.2779
...    31 C-G ...
  -52.7330  -56.9871   37.3041
    0.6962   -0.2352   -0.6783
    0.3789   -0.6821    0.6254
   -0.6098   -0.6924   -0.3858
...    32 G-C ...
  -54.1979  -59.2919   35.9829
    0.8619   -0.4455   -0.2420
   -0.0484   -0.5474    0.8355
   -0.5047   -0.7084   -0.4934
...    33 G-C ...
  -55.1781  -61.8267   33.9648
    0.7272   -0.6347    0.2615
   -0.5384   -0.2910    0.7909
   -0.4258   -0.7159   -0.5533
...    34 C-G ...
  -56.0754  -64.2981   32.0216
    0.3266   -0.6790    0.6575
   -0.8654    0.0650    0.4969
   -0.3801   -0.7313   -0.5664
...    35 C-G ...
  -57.0259  -67.0381   30.2498
   -0.2198   -0.5364    0.8149
   -0.9135    0.4064    0.0211
   -0.3424   -0.7397   -0.5793
...    36 C-G ...
  -57.9778  -69.6953   28.4306
   -0.6732   -0.2179    0.7066
   -0.6545    0.6204   -0.4322
   -0.3442   -0.7534   -0.5603
...    37 G-C ...
  -59.3946  -71.4422   25.7668
   -0.9027    0.2080    0.3766
   -0.1511    0.6663   -0.7303
   -0.4028   -0.7161   -0.5700
...    38 A-T ...
  -60.4033  -73.7605   23.9273
   -0.8214    0.5624   -0.0954
    0.4103    0.4664   -0.7837
   -0.3962   -0.6828   -0.6138
...    39 C-G ...
  -62.1034  -75.8812   22.2545
   -0.4772    0.7670   -0.4289
    0.7692    0.1285   -0.6260
   -0.4250   -0.6286   -0.6513
...    40 A-T ...
  -63.7077  -77.8282   20.1207
    0.0597    0.8052   -0.5900
    0.8971   -0.3024   -0.3220
   -0.4377   -0.5101   -0.7404
...    41 C-G ...
  -65.4389  -78.9293   17.6262
    0.5286    0.6051   -0.5953
    0.7480   -0.6636   -0.0104
   -0.4013   -0.4398   -0.8034
...    42 G-C ...
  -66.3327  -80.5617   14.8652
    0.8948    0.1918   -0.4032
    0.3091   -0.9178    0.2494
   -0.3222   -0.3477   -0.8805
...    43 A-T ...
  -67.3137  -81.5739   12.0304
    0.9131   -0.3665   -0.1786
   -0.2652   -0.8667    0.4225
   -0.3096   -0.3384   -0.8886
...    44 C-G ...
  -67.9716  -82.0879    8.8280
    0.6598   -0.7442    0.1041
   -0.7078   -0.5689    0.4187
   -0.2524   -0.3500   -0.9021
...    45 T-A ...
  -68.0634  -83.1589    5.3377
    0.1670   -0.9389    0.3008
   -0.9580   -0.0823    0.2748
   -0.2332   -0.3341   -0.9132
...    46 T-A ...
  -68.2469  -84.0698    2.1734
   -0.3344   -0.8771    0.3449
   -0.9156    0.3890    0.1016
   -0.2233   -0.2818   -0.9331
...    47 A-T ...
  -69.1928  -84.7272   -0.9765
   -0.8327   -0.4562    0.3138
   -0.5111    0.8513   -0.1185
   -0.2131   -0.2591   -0.9420
...    48 C-G ...
  -69.6777  -86.1847   -3.9390
   -0.9755    0.0562    0.2127
    0.0008    0.9678   -0.2519
   -0.2199   -0.2455   -0.9441
...    49 T-A ...
  -70.6461  -87.3631   -6.9324
   -0.8121    0.5696    0.1264
    0.5076    0.7966   -0.3283
   -0.2877   -0.2025   -0.9361
...    50 G-C ...
  -71.8543  -87.7828  -10.0544
   -0.3658    0.9276    0.0759
    0.8650    0.3689   -0.3401
   -0.3435   -0.0588   -0.9373
...    51 T-A ...
  -73.4800  -87.9848  -12.7963
    0.0963    0.9954    0.0024
    0.9363   -0.0897   -0.3396
   -0.3378    0.0350   -0.9406
...    52 A-T ...
  -75.4344  -86.8525  -15.4387
    0.5780    0.8055    0.1308
    0.7835   -0.5031   -0.3647
   -0.2280    0.3133   -0.9219
...    53 G-C ...
  -76.5302  -85.5539  -18.1705
    0.8940    0.4437    0.0614
    0.4260   -0.7997   -0.4230
   -0.1386    0.4043   -0.9040
...    54 G-C ...
  -77.0607  -83.1689  -20.9372
    0.9950   -0.0576   -0.0819
   -0.0879   -0.8942   -0.4390
   -0.0480    0.4440   -0.8948
...    55 T-A ...
  -76.8217  -81.3053  -23.6160
    0.8200   -0.5002   -0.2784
   -0.5721   -0.7313   -0.3714
   -0.0178    0.4638   -0.8858
...    56 A-T ...
  -76.2848  -79.4779  -26.4385
    0.3665   -0.8381   -0.4040
   -0.9295   -0.3111   -0.1979
    0.0402    0.4481   -0.8931
...    57 T-A ...
  -75.3987  -77.8348  -29.1823
   -0.1363   -0.8675   -0.4785
   -0.9898    0.1392    0.0296
    0.0409    0.4776   -0.8776
...    58 C-G ...
  -74.9816  -76.4113  -32.1975
   -0.7009   -0.6043   -0.3788
   -0.7124    0.6195    0.3297
    0.0354    0.5010   -0.8647
...    59 T-A ...
  -74.8085  -75.0506  -35.2332
   -0.9660   -0.2317   -0.1149
   -0.2582    0.8392    0.4787
   -0.0145    0.4921   -0.8704
...    60 C-G ...
  -74.8990  -73.4254  -38.1340
   -0.9440    0.2558    0.2083
    0.3259    0.8206    0.4694
   -0.0509    0.5110   -0.8580
...    61 G-C ...
  -75.0269  -71.3337  -40.6158
   -0.6630    0.4942    0.5623
    0.7249    0.6113    0.3175
   -0.1868    0.6181   -0.7636
...    62 A-T ...
  -75.4536  -69.3303  -43.1255
   -0.1541    0.6818    0.7151
    0.9721    0.2341   -0.0136
   -0.1767    0.6931   -0.6989
...    63 G-C ...
  -76.4426  -66.8707  -45.1071
    0.3554    0.6467    0.6749
    0.9197   -0.1132   -0.3759
   -0.1667    0.7543   -0.6350
...    64 C-G ...
  -77.3648  -64.1045  -46.8112
    0.8139    0.4268    0.3942
    0.5662   -0.4304   -0.7030
   -0.1304    0.7953   -0.5920
...    65 T-A ...
  -77.9416  -61.2789  -48.4083
    0.9937    0.1079    0.0298
    0.0852   -0.5561   -0.8268
   -0.0726    0.8241   -0.5618
...    66 C-G ...
  -77.8134  -58.6713  -50.3213
    0.8796   -0.2509   -0.4043
   -0.4758   -0.4624   -0.7482
    0.0007    0.8504   -0.5261
...    67 G-C ...
  -78.0663  -56.2946  -52.6791
    0.4876   -0.5092   -0.7092
   -0.8699   -0.2140   -0.4444
    0.0745    0.8336   -0.5474
...    68 G-C ...
  -77.5653  -53.5178  -54.4505
   -0.0464   -0.5851   -0.8096
   -0.9964    0.0849   -0.0043
    0.0712    0.8065   -0.5869
...    69 G-C ...
  -77.0831  -50.9459  -56.5272
   -0.5682   -0.5236   -0.6348
   -0.8218    0.4012    0.4046
    0.0428    0.7516   -0.6583
...    70 A-T ...
  -76.7206  -48.5813  -58.8245
   -0.9403   -0.1970   -0.2774
   -0.3382    0.6296    0.6994
    0.0368    0.7515   -0.6587
...    71 T-A ...
  -76.5780  -46.5565  -61.4320
   -0.9829    0.1341    0.1265
    0.1834    0.6412    0.7452
    0.0188    0.7556   -0.6548
...    72 C-G ...
  -76.7047  -44.1799  -63.7048
   -0.7008    0.4542    0.5500
    0.7133    0.4433    0.5428
    0.0027    0.7728   -0.6347
...    73 C-G ...
  -76.7785  -41.7789  -65.9416
   -0.2540    0.5009    0.8274
    0.9668    0.1555    0.2027
   -0.0272    0.8514   -0.5237
...    74 G-C ...
  -76.4740  -38.8560  -67.3933
    0.2716    0.3597    0.8926
    0.9622   -0.0832   -0.2593
   -0.0190    0.9293   -0.3687
...    75 C-G ...
  -76.9715  -35.5606  -68.2925
    0.7634    0.2227    0.6064
    0.6459   -0.2570   -0.7188
   -0.0043    0.9404   -0.3400
...    76 T-A ...
  -76.9145  -32.1591  -68.8375
    0.9919    0.0192    0.1258
    0.1261   -0.2840   -0.9505
    0.0174    0.9586   -0.2841
...    77 T-A ...
  -76.7708  -29.0301  -69.4855
    0.8998   -0.1844   -0.3955
   -0.4300   -0.2210   -0.8753
    0.0740    0.9577   -0.2782
...    78 C-G ...
  -76.4785  -26.0168  -70.6884
    0.5009   -0.3066   -0.8094
   -0.8565   -0.0410   -0.5146
    0.1246    0.9510   -0.2831
...    79 A-T ...
  -75.6562  -22.7980  -71.3783
   -0.0184   -0.3766   -0.9262
   -0.9790    0.1950   -0.0599
    0.2032    0.9056   -0.3723
...    80 T-A ...
  -74.5308  -20.0566  -72.6938
   -0.4933   -0.2586   -0.8305
   -0.8472    0.3593    0.3914
    0.1972    0.8967   -0.3963
...    81 G-C ...
  -73.7050  -17.1385  -74.2626
   -0.8945   -0.0631   -0.4426
   -0.4236    0.4360    0.7940
    0.1429    0.8977   -0.4167
...    82 T-A ...
  -73.1054  -14.4882  -76.1996
   -0.9864    0.1617    0.0293
    0.0920    0.3957    0.9138
    0.1362    0.9040   -0.4052
...    83 T-A ...
  -72.8390  -11.6844  -77.6415
   -0.7940    0.3181    0.5181
    0.5975    0.2515    0.7614
    0.1119    0.9141   -0.3898
...    84 A-T ...
  -72.5135   -8.6045  -78.7363
   -0.3782    0.3041    0.8744
    0.9231    0.0521    0.3811
    0.0704    0.9512   -0.3004
...    85 T-A ...
  -73.0157   -5.5998  -79.7781
    0.1069    0.2869    0.9520
    0.9912   -0.1054   -0.0796
    0.0775    0.9521   -0.2957
...    86 A-T ...
  -72.7423   -2.4391  -80.5423
    0.5717    0.0682    0.8176
    0.8117   -0.1916   -0.5517
    0.1190    0.9791   -0.1649
...    87 A-T ...
  -72.4800    0.6763  -80.8405
    0.8958   -0.1023    0.4325
    0.4109   -0.1799   -0.8938
    0.1693    0.9784   -0.1191
...    88 C-G ...
  -71.9451    4.0196  -80.4163
    0.9737   -0.2088   -0.0917
   -0.1123   -0.0892   -0.9897
    0.1984    0.9739   -0.1103
...    89 G-C ...
  -70.9692    7.0307  -81.1679
    0.7355   -0.3590   -0.5746
   -0.5802    0.1040   -0.8078
    0.3497    0.9275   -0.1318
...    90 G-C ...
  -69.3570    9.8205  -81.8007
    0.3054   -0.3454   -0.8874
   -0.8449    0.3316   -0.4198
    0.4392    0.8779   -0.1905
...    91 A-T ...
  -67.6418   12.6088  -82.3375
   -0.2437   -0.0809   -0.9665
   -0.8584    0.4819    0.1761
    0.4515    0.8725   -0.1869
...    92 T-A ...
  -65.5614   15.0726  -83.2518
   -0.6288    0.1876   -0.7546
   -0.6265    0.4525    0.6346
    0.4605    0.8718   -0.1670
...    93 T-A ...
  -63.8601   17.7005  -84.0785
   -0.8617    0.4227   -0.2806
   -0.1811    0.2604    0.9484
    0.4739    0.8681   -0.1478
...    94 A-T ...
  -62.1988   20.5348  -84.1041
   -0.8047    0.5075    0.3081
    0.3313   -0.0467    0.9424
    0.4926    0.8604   -0.1306
...    95 A-T ...
  -60.7561   23.3029  -84.6387
   -0.5288    0.3757    0.7610
    0.6944   -0.3241    0.6425
    0.4881    0.8682   -0.0895
...    96 C-G ...
  -59.7400   26.4275  -85.1640
   -0.1326    0.1243    0.9834
    0.8624   -0.4746    0.1762
    0.4886    0.8714   -0.0442
...    97 A-T ...
  -58.2962   29.4084  -85.1383
    0.2747   -0.2600    0.9257
    0.8156   -0.4468   -0.3676
    0.5092    0.8560    0.0893
...    98 C-G ...
  -57.0267   32.3712  -84.2912
    0.6171   -0.4904    0.6153
    0.5818   -0.2422   -0.7765
    0.5298    0.8371    0.1358
...    99 T-A ...
  -55.2545   35.2440  -83.0657
    0.7942   -0.6021    0.0827
    0.1681    0.0868   -0.9819
    0.5840    0.7937    0.1702
...   100 T-A ...
  -53.3142   37.6714  -82.1059
    0.7573   -0.4384   -0.4841
   -0.3014    0.4229   -0.8546
    0.5794    0.7931    0.1881
...   101 T-A ...
  -51.3069   40.0665  -81.2597
    0.4695   -0.1223   -0.8744
   -0.6662    0.6009   -0.4417
    0.5795    0.7899    0.2007
...   102 A-T ...
  -49.5534   42.8799  -80.6825
   -0.0142    0.2525   -0.9675
   -0.8102    0.5642    0.1591
    0.5860    0.7861    0.1965
...   103 T-A ...
  -47.0916   45.0254  -80.3494
   -0.3948    0.4752   -0.7863
   -0.7075    0.3888    0.5902
    0.5862    0.7893    0.1827
...   104 G-C ...
  -45.1157   47.6722  -80.0533
   -0.7913    0.5411   -0.2847
   -0.3072    0.0506    0.9503
    0.5286    0.8394    0.1262
...   105 C-G ...
  -43.6293   50.5777  -80.0124
   -0.8571    0.4442    0.2608
    0.1503   -0.2685    0.9515
    0.4927    0.8548    0.1634
...   106 T-A ...
  -42.1848   53.6698  -79.8155
   -0.6553    0.1871    0.7319
    0.5989   -0.4617    0.6543
    0.4603    0.8671    0.1905
...   107 T-A ...
  -40.8900   56.5381  -79.2829
   -0.2628   -0.1472    0.9536
    0.8571   -0.4894    0.1607
    0.4430    0.8595    0.2548
...   108 C-G ...
  -39.7021   59.3955  -78.2597
    0.1856   -0.4754    0.8600
    0.8727   -0.3224   -0.3666
    0.4515    0.8186    0.3551
...   109 C-G ...
  -38.4393   62.1870  -77.0983
    0.5117   -0.6934    0.5074
    0.6726   -0.0442   -0.7387
    0.5347    0.7192    0.4437
...   110 G-C ...
  -36.5524   64.1494  -75.7613
    0.6868   -0.7264    0.0263
    0.3849    0.3327   -0.8609
    0.6166    0.6013    0.5081
...   111 G-C ...
  -34.1365   65.5164  -73.8819
    0.7401   -0.4825   -0.4683
    0.0174    0.7100   -0.7040
    0.6722    0.5129    0.5339
...   112 C-G ...
  -31.5615   66.5651  -71.9916
    0.6161   -0.0419   -0.7865
   -0.3527    0.8782   -0.3231
    0.7043    0.4765    0.5263
...   113 T-A ...
  -29.1349   67.8950  -70.2452
    0.3493    0.4216   -0.8368
   -0.5947    0.7899    0.1497
    0.7241    0.4454    0.5266
...   114 C-G ...
  -26.8667   69.5943  -68.6265
   -0.0577    0.8031   -0.5930
   -0.6634    0.4131    0.6240
    0.7461    0.4294    0.5089
...   115 G-C ...
  -24.7476   71.0612  -66.6038
   -0.4459    0.8836   -0.1431
   -0.5244   -0.1284    0.8417
    0.7253    0.4504    0.5206
...   116 T-A ...
  -22.3398   72.9281  -65.3451
   -0.6784    0.6717    0.2977
   -0.2254   -0.5759    0.7858
    0.6992    0.4660    0.5421
...   117 A-T ...
  -20.0260   74.9868  -63.8608
   -0.7508    0.2008    0.6292
    0.1831   -0.8521    0.4903
    0.6346    0.4833    0.6031
...   118 T-A ...
  -18.2997   77.1210  -62.1834
   -0.5820   -0.2378    0.7777
    0.5056   -0.8548    0.1170
    0.6369    0.4613    0.6177
...   119 A-T ...
  -16.4302   78.5770  -59.9883
   -0.3937   -0.6866    0.6112
    0.7399   -0.6312   -0.2325
    0.5455    0.3607    0.7565
...   120 A-T ...
  -14.9649   79.7185  -57.3524
   -0.0010   -0.9527    0.3039
    0.8526   -0.1596   -0.4977
    0.5226    0.2586    0.8124
...   121 T-A ...
  -13.8187   80.4506  -54.3482
    0.3989   -0.9169   -0.0104
    0.7570    0.3357   -0.5606
    0.5175    0.2158    0.8280
...   122 G-C ...
  -12.1166   80.6992  -51.3818
    0.6778   -0.6052   -0.4174
    0.4569    0.7916   -0.4057
    0.5760    0.0843    0.8131
...   123 T-A ...
  -10.2514   80.3129  -48.7672
    0.8107   -0.1599   -0.5632
    0.1123    0.9866   -0.1185
    0.5746    0.0329    0.8178
...   124 G-C ...
   -8.2117   80.2705  -46.1983
    0.7167    0.4250   -0.5529
   -0.3306    0.9052    0.2673
    0.6140   -0.0088    0.7892
...   125 T-A ...
   -6.0016   79.7418  -43.8658
    0.4460    0.8275   -0.3411
   -0.6426    0.5614    0.5215
    0.6230   -0.0134    0.7821
...   126 C-G ...
   -3.9676   79.7034  -41.4515
    0.0058    0.9990    0.0449
   -0.7799   -0.0236    0.6255
    0.6259   -0.0386    0.7790
...   127 G-C ...
   -2.4824   79.3996  -38.6052
   -0.4331    0.8508    0.2976
   -0.7021   -0.5255    0.4806
    0.5653   -0.0008    0.8249
...   128 A-T ...
   -0.5668   79.1897  -36.1474
   -0.7634    0.4041    0.5040
   -0.3641   -0.9136    0.1810
    0.5336   -0.0453    0.8446
...   129 C-G ...
    1.1964   79.7445  -33.4258
   -0.8719   -0.1183    0.4751
    0.0706   -0.9906   -0.1170
    0.4845   -0.0685    0.8721
...   130 C-G ...
    2.1951   80.0159  -30.1672
   -0.8045   -0.5559    0.2093
    0.4843   -0.8178   -0.3109
    0.3440   -0.1488    0.9271
...   131 A-T ...
    2.6171   78.9194  -27.0278
   -0.5951   -0.7707   -0.2278
    0.7925   -0.5157   -0.3256
    0.1334   -0.3743    0.9177
...   132 A-T ...
    2.7816   77.6121  -24.0536
   -0.0924   -0.8983   -0.4297
    0.9920   -0.0457   -0.1178
    0.0862   -0.4371    0.8953
...   133 A-T ...
    2.6379   76.1084  -21.1203
    0.5023   -0.7695   -0.3944
    0.8623    0.4796    0.1623
    0.0643   -0.4216    0.9045
...   134 T-A ...
    2.3076   74.2307  -18.3903
    0.8657   -0.4293   -0.2574
    0.4984    0.7868    0.3641
    0.0462   -0.4435    0.8951
...   135 G-C ...
    1.4354   72.0969  -15.6050
    0.9809    0.0621    0.1843
   -0.1263    0.9241    0.3607
   -0.1479   -0.3771    0.9143
...   136 T-A ...
    0.5279   69.2392  -13.4689
    0.7351    0.4963    0.4618
   -0.6117    0.7792    0.1365
   -0.2921   -0.3828    0.8764
...   137 G-C ...
   -0.1659   67.4105  -10.8095
    0.1800    0.8794    0.4408
   -0.9276    0.3008   -0.2214
   -0.3274   -0.3691    0.8698
...   138 A-T ...
   -0.1321   66.2179   -7.8217
   -0.3749    0.8570    0.3536
   -0.8857   -0.2184   -0.4098
   -0.2739   -0.4668    0.8409
...   139 G-C ...
   -1.0069   65.6074   -4.9425
   -0.8336    0.5218    0.1811
   -0.5170   -0.6220   -0.5881
   -0.1942   -0.5839    0.7883
...   140 C-G ...
   -0.6974   63.9003   -2.2529
   -0.9992    0.0157   -0.0376
    0.0023   -0.8993   -0.4374
   -0.0406   -0.4371    0.8985
...   141 G-C ...
   -3.4382   60.2384    1.0283
   -0.4425    0.2285   -0.8672
    0.1683   -0.9287   -0.3306
   -0.8808   -0.2922    0.3725
...   142 C-G ...
   -6.3288   59.0833    1.6293
   -0.2970   -0.3280   -0.8968
    0.5656   -0.8171    0.1115
   -0.7693   -0.4741    0.4282
...   143 T-A ...
   -8.6768   58.7242    3.6023
   -0.0347   -0.7817   -0.6227
    0.6533   -0.4893    0.5778
   -0.7563   -0.3868    0.5276
...   144 C-G ...
  -11.6544   58.0113    4.7192
    0.2451   -0.9542   -0.1716
    0.6322    0.0231    0.7745
   -0.7350   -0.2983    0.6089
...   145 A-T ...
  -14.1760   56.5668    6.1806
    0.5795   -0.7268    0.3687
    0.3139    0.6165    0.7220
   -0.7521   -0.3027    0.5855
...   146 C-G ...
  -16.4651   53.8948    7.5152
    0.5336   -0.3331    0.7774
   -0.0346    0.9098    0.4136
   -0.8450   -0.2476    0.4739
...   147 A-T ...
  -19.0172   52.0373    8.9260
    0.2452    0.2907    0.9249
   -0.3073    0.9281   -0.2103
   -0.9195   -0.2327    0.3169
