  147 base-pairs
...     1 A-T ...
    0.0000    0.0000    0.0000
    1.0000    0.0000    0.0000
    0.0000    1.0000    0.0000
    0.0000    0.0000    1.0000
...     2 G-C ...
   -0.1404   -1.2353    3.2259
    0.7530    0.6366    0.1668
   -0.6385    0.7681   -0.0490
   -0.1593   -0.0696    0.9848
...     3 T-A ...
   -0.0377   -3.2918    6.3749
    0.2722    0.9302    0.2464
   -0.9238    0.3243   -0.2034
   -0.2691   -0.1722    0.9476
...     4 G-C ...
   -0.3520   -4.1638    9.4928
   -0.3756    0.9250    0.0576
   -0.8780   -0.3352   -0.3416
   -0.2967   -0.1788    0.9381
...     5 A-T ...
   -0.4480   -4.1448   12.7498
   -0.8116    0.5839   -0.0166
   -0.5522   -0.7762   -0.3042
   -0.1905   -0.2377    0.9525
...     6 G-C ...
   -1.5926   -4.1701   15.6201
   -0.9976    0.0246   -0.0651
   -0.0043   -0.9555   -0.2950
   -0.0694   -0.2940    0.9533
...     7 C-G ...
   -1.1050   -4.4793   18.7363
   -0.8442   -0.5302   -0.0787
    0.5343   -0.8442   -0.0430
   -0.0437   -0.0784    0.9960
...     8 G-C ...
   -2.4044   -7.7255   23.1483
   -0.2753   -0.3294   -0.9032
    0.6650   -0.7437    0.0686
   -0.6943   -0.5817    0.4238
...     9 C-G ...
   -4.4706   -9.9691   24.1142
    0.1145   -0.7026   -0.7023
    0.8512   -0.2951    0.4341
   -0.5123   -0.6475    0.5642
...    10 T-A ...
   -6.7420  -10.8705   25.9717
    0.4841   -0.8363   -0.2573
    0.6594    0.1554    0.7356
   -0.5752   -0.5257    0.6267
...    11 C-G ...
   -9.1682  -12.6167   27.1662
    0.7073   -0.6683    0.2306
    0.3450    0.6110    0.7125
   -0.6170   -0.4243    0.6627
...    12 A-T ...
  -10.9253  -14.6583   29.0713
    0.7515   -0.1377    0.6452
   -0.2027    0.8824    0.4245
   -0.6278   -0.4498    0.6352
...    13 C-G ...
  -11.8495  -17.4796   31.2472
    0.4294    0.2824    0.8578
   -0.5708    0.8209    0.0155
   -0.6998   -0.4963    0.5137
...    14 A-T ...
  -13.5915  -19.7756   33.4284
   -0.1503    0.6106    0.7775
   -0.6874    0.5007   -0.5261
   -0.7106   -0.6135    0.3445
...    15 A-T ...
  -15.6828  -21.8714   34.7601
   -0.5138    0.7755    0.3668
   -0.4750    0.0989   -0.8744
   -0.7144   -0.6235    0.3176
...    16 T-A ...
  -17.7659  -23.7939   36.4135
   -0.6710    0.7336   -0.1079
   -0.1559   -0.2818   -0.9467
   -0.7249   -0.6184    0.3035
...    17 T-A ...
  -20.1181  -25.6422   37.6251
   -0.6196    0.4961   -0.6083
    0.2338   -0.6231   -0.7464
   -0.7493   -0.6047    0.2701
...    18 T-A ...
  -22.6616  -27.3628   38.5924
   -0.3560    0.1312   -0.9252
    0.5228   -0.7927   -0.3135
   -0.7746   -0.5953    0.2136
...    19 A-T ...
  -25.7163  -28.7175   38.9669
    0.1088   -0.1100   -0.9880
    0.5818   -0.7988    0.1531
   -0.8060   -0.5915   -0.0229
...    20 T-A ...
  -28.6404  -30.0920   38.5556
    0.4038   -0.4541   -0.7942
    0.4440   -0.6618    0.6041
   -0.7999   -0.5966   -0.0656
...    21 T-A ...
  -31.2907  -31.8610   38.0393
    0.5999   -0.7209   -0.3471
    0.1372   -0.3346    0.9323
   -0.7882   -0.6069   -0.1018
...    22 C-G ...
  -33.6944  -33.9730   37.4913
    0.5958   -0.7673    0.2372
   -0.2559    0.0987    0.9617
   -0.7613   -0.6336   -0.1376
...    23 G-C ...
  -36.1604  -36.1652   37.4573
    0.4159   -0.5470    0.7265
   -0.5847    0.4511    0.6743
   -0.6966   -0.7052   -0.1322
...    24 C-G ...
  -38.1440  -38.7477   36.9059
    0.0507   -0.2109    0.9762
   -0.7277    0.6616    0.1807
   -0.6840   -0.7196   -0.1199
...    25 A-T ...
  -40.5629  -40.9329   36.4968
   -0.3284    0.2329    0.9154
   -0.6388    0.6591   -0.3969
   -0.6958   -0.7151   -0.0677
...    26 A-T ...
  -42.6245  -43.4474   36.4510
   -0.6482    0.5391    0.5377
   -0.3290    0.4386   -0.8363
   -0.6867   -0.7190   -0.1070
...    27 A-T ...
  -44.7991  -45.8502   36.3796
   -0.7211    0.6928   -0.0087
    0.0981    0.0897   -0.9911
   -0.6859   -0.7156   -0.1326
...    28 G-C ...
  -47.1906  -48.0855   36.2296
   -0.5099    0.7131   -0.4812
    0.4548   -0.2514   -0.8544
   -0.7302   -0.6545   -0.1961
...    29 G-C ...
  -49.9134  -50.0040   35.7942
   -0.1119    0.5717   -0.8128
    0.6410   -0.5835   -0.4987
   -0.7594   -0.5768   -0.3012
...    30 C-G ...
  -52.6857  -51.4225   34.8401
    0.2976    0.2448   -0.9228
    0.5923   -0.8054   -0.0227
   -0.7488   -0.5398   -0.3847
...    31 C-G ...
  -55.2833  -52.7675   33.1864
    0.6460   -0.1253   -0.7530
    0.3254   -0.8471    0.4201
   -0.6905   -0.5164   -0.5064
...    32 G-C ...
  -57.1920  -54.7108   31.3140
    0.8082   -0.4749   -0.3483
   -0.1172   -0.7093    0.6951
   -0.5771   -0.5209   -0.6289
...    33 G-C ...
  -58.6753  -56.3865   28.7878
    0.6698   -0.7341    0.1113
   -0.5571   -0.3978    0.7290
   -0.4909   -0.5503   -0.6754
...    34 C-G ...
  -59.8630  -58.2377   26.3191
    0.2765   -0.8225    0.4971
   -0.8468    0.0361    0.5307
   -0.4544   -0.5676   -0.6865
...    35 C-G ...
  -61.0777  -60.3667   24.0103
   -0.2058   -0.6528    0.7290
   -0.8762    0.4547    0.1598
   -0.4358   -0.6059   -0.6656
...    36 C-G ...
  -62.3341  -62.6151   21.8418
   -0.6263   -0.2805    0.7274
   -0.6304    0.7311   -0.2609
   -0.4586   -0.6219   -0.6348
...    37 G-C ...
  -64.0106  -64.2568   19.5000
   -0.8316    0.2151    0.5120
   -0.1714    0.7775   -0.6051
   -0.5282   -0.5910   -0.6097
...    38 A-T ...
  -65.6315  -66.2876   17.5345
   -0.7608    0.6413    0.0996
    0.3471    0.5317   -0.7725
   -0.5484   -0.5531   -0.6271
...    39 C-G ...
  -67.7526  -68.2325   15.9727
   -0.4576    0.8480   -0.2674
    0.6863    0.1456   -0.7126
   -0.5654   -0.5096   -0.6486
...    40 A-T ...
  -69.7156  -69.8166   13.8013
    0.0609    0.8703   -0.4887
    0.8105   -0.3289   -0.4847
   -0.5826   -0.3666   -0.7254
...    41 C-G ...
  -72.0406  -70.5418   11.6517
    0.4907    0.6227   -0.6095
    0.6668   -0.7186   -0.1974
   -0.5609   -0.3095   -0.7678
...    42 G-C ...
  -73.5670  -71.4816    8.8777
    0.8494    0.2144   -0.4822
    0.2875   -0.9542    0.0821
   -0.4425   -0.2084   -0.8722
...    43 A-T ...
  -74.8312  -71.9687    5.9278
    0.8896   -0.3421   -0.3028
   -0.2532   -0.9209    0.2964
   -0.3802   -0.1870   -0.9058
...    44 C-G ...
  -75.6475  -72.0594    2.7363
    0.6530   -0.7523   -0.0875
   -0.6786   -0.6324    0.3735
   -0.3363   -0.1845   -0.9235
...    45 T-A ...
  -76.3289  -72.5994   -0.4422
    0.2281   -0.9624    0.1473
   -0.9317   -0.1718    0.3200
   -0.2827   -0.2102   -0.9359
...    46 T-A ...
  -76.8785  -73.2286   -3.5904
   -0.3493   -0.9015    0.2555
   -0.8981    0.3999    0.1833
   -0.2674   -0.1654   -0.9493
...    47 A-T ...
  -78.0099  -73.4236   -6.7316
   -0.8373   -0.4747    0.2712
   -0.4909    0.8711    0.0090
   -0.2405   -0.1256   -0.9625
...    48 C-G ...
  -78.6551  -74.4157   -9.8281
   -0.9678    0.0374    0.2489
    0.0077    0.9929   -0.1191
   -0.2516   -0.1133   -0.9612
...    49 T-A ...
  -79.6701  -75.0465  -12.8995
   -0.8148    0.5390    0.2133
    0.4987    0.8394   -0.2161
   -0.2955   -0.0697   -0.9528
...    50 G-C ...
  -80.7653  -75.0996  -16.0273
   -0.3842    0.9020    0.1972
    0.8537    0.4284   -0.2961
   -0.3515    0.0546   -0.9346
...    51 T-A ...
  -82.4843  -74.9488  -18.7986
    0.1077    0.9904    0.0863
    0.9332   -0.0708   -0.3523
   -0.3429    0.1184   -0.9319
...    52 A-T ...
  -84.0515  -74.0218  -21.6082
    0.6024    0.7914    0.1038
    0.7549   -0.5226   -0.3963
   -0.2594    0.3170   -0.9123
...    53 G-C ...
  -85.0084  -72.5970  -24.3991
    0.9157    0.4016   -0.0102
    0.3593   -0.8300   -0.4267
   -0.1798    0.3871   -0.9043
...    54 G-C ...
  -85.3216  -70.7682  -27.2155
    0.9843   -0.1178   -0.1313
   -0.1629   -0.8930   -0.4195
   -0.0678    0.4343   -0.8982
...    55 T-A ...
  -85.2055  -68.8345  -29.8705
    0.7725   -0.5617   -0.2961
   -0.6344   -0.7026   -0.3223
   -0.0270    0.4368   -0.8991
...    56 A-T ...
  -85.2623  -67.4645  -32.8830
    0.2729   -0.8724   -0.4056
   -0.9620   -0.2424   -0.1259
    0.0115    0.4245   -0.9054
...    57 T-A ...
  -84.5101  -66.0503  -35.7744
   -0.2416   -0.8679   -0.4341
   -0.9702    0.2242    0.0916
    0.0178    0.4433   -0.8962
...    58 C-G ...
  -84.3471  -64.6942  -38.7463
   -0.7562   -0.5827   -0.2976
   -0.6541    0.6835    0.3239
    0.0147    0.4396   -0.8981
...    59 T-A ...
  -84.2440  -63.5582  -41.8416
   -0.9834   -0.1727   -0.0556
   -0.1796    0.8839    0.4319
   -0.0254    0.4347   -0.9002
...    60 C-G ...
  -84.3348  -62.2422  -44.8253
   -0.9098    0.3448    0.2311
    0.4118    0.8199    0.3978
   -0.0524    0.4571   -0.8879
...    61 G-C ...
  -84.3387  -60.4626  -47.6075
   -0.5459    0.6514    0.5270
    0.8281    0.5153    0.2209
   -0.1277    0.5569   -0.8207
...    62 A-T ...
  -84.8776  -58.6814  -50.2548
    0.0119    0.7866    0.6173
    0.9915    0.0706   -0.1090
   -0.1294    0.6134   -0.7791
...    63 G-C ...
  -85.6279  -56.5227  -52.6016
    0.5046    0.6548    0.5627
    0.8586   -0.3119   -0.4069
   -0.0910    0.6884   -0.7196
...    64 C-G ...
  -86.1672  -53.9644  -54.5624
    0.8789    0.3494    0.3248
    0.4753   -0.5833   -0.6587
   -0.0407    0.7333   -0.6787
...    65 T-A ...
  -86.2236  -51.2593  -56.4165
    0.9990   -0.0428    0.0129
   -0.0177   -0.6431   -0.7656
    0.0411    0.7646   -0.6432
...    66 C-G ...
  -85.8453  -48.7117  -58.3944
    0.8154   -0.4241   -0.3941
   -0.5714   -0.4801   -0.6656
    0.0930    0.7679   -0.6337
...    67 G-C ...
  -85.5678  -46.4511  -60.7881
    0.3709   -0.6818   -0.6306
   -0.9099   -0.1310   -0.3936
    0.1858    0.7197   -0.6689
...    68 G-C ...
  -84.5511  -44.1748  -63.0485
   -0.1746   -0.6890   -0.7035
   -0.9623    0.2708   -0.0264
    0.2087    0.6723   -0.7102
...    69 G-C ...
  -83.5876  -42.1224  -65.5324
   -0.6682   -0.4775   -0.5705
   -0.7206    0.6060    0.3369
    0.1848    0.6362   -0.7490
...    70 A-T ...
  -82.8719  -40.1126  -68.0064
   -0.9635   -0.0523   -0.2625
   -0.2079    0.7641    0.6106
    0.1687    0.6429   -0.7471
...    71 T-A ...
  -82.3517  -38.5529  -70.8623
   -0.9395    0.3352    0.0706
    0.2936    0.6818    0.6701
    0.1764    0.6503   -0.7389
...    72 C-G ...
  -81.8513  -36.4931  -73.3374
   -0.6162    0.6305    0.4720
    0.7722    0.3659    0.5194
    0.1548    0.6845   -0.7124
...    73 C-G ...
  -81.7368  -34.2297  -75.8303
   -0.1526    0.6441    0.7496
    0.9790   -0.0055    0.2040
    0.1355    0.7649   -0.6297
...    74 G-C ...
  -81.0643  -31.6126  -77.7282
    0.3476    0.4137    0.8414
    0.9224   -0.3121   -0.2276
    0.1684    0.8552   -0.4901
...    75 C-G ...
  -80.8506  -28.5936  -78.9638
    0.7587    0.1283    0.6387
    0.6166   -0.4578   -0.6405
    0.2102    0.8797   -0.4265
...    76 T-A ...
  -80.1794  -25.5285  -79.9189
    0.9428   -0.1892    0.2746
    0.1754   -0.4192   -0.8908
    0.2836    0.8880   -0.3620
...    77 T-A ...
  -79.2180  -22.5579  -80.7655
    0.8835   -0.3978   -0.2471
   -0.3573   -0.2316   -0.9048
    0.3027    0.8878   -0.3468
...    78 T-A ...
  -78.0486  -19.6479  -81.5887
    0.5461   -0.4519   -0.7054
   -0.7787    0.0367   -0.6263
    0.3089    0.8913   -0.3319
...    79 A-T ...
  -77.1008  -16.7056  -82.7725
   -0.0053   -0.3641   -0.9314
   -0.9447    0.3073   -0.1148
    0.3280    0.8792   -0.3456
...    80 A-T ...
  -75.7220  -13.9963  -83.9262
   -0.5191   -0.1057   -0.8481
   -0.7855    0.4503    0.4246
    0.3370    0.8866   -0.3167
...    81 C-G ...
  -74.2691  -11.4014  -85.3788
   -0.8495    0.1238   -0.5128
   -0.4158    0.4412    0.7953
    0.3247    0.8888   -0.3234
...    82 A-T ...
  -73.2646   -8.4062  -86.3247
   -0.9651    0.2596    0.0344
    0.1176    0.3122    0.9427
    0.2340    0.9139   -0.3318
...    83 C-G ...
  -72.7945   -5.5797  -87.9362
   -0.7863    0.3472    0.5111
    0.5821    0.1389    0.8012
    0.2072    0.9274   -0.3113
...    84 T-A ...
  -72.5019   -2.5111  -89.0722
   -0.4136    0.2929    0.8621
    0.8950   -0.0427    0.4440
    0.1668    0.9552   -0.2444
...    85 T-A ...
  -72.2581    0.6042  -89.8837
    0.1204    0.1861    0.9751
    0.9780   -0.1905   -0.0844
    0.1700    0.9639   -0.2049
...    86 T-A ...
  -71.9674    3.7761  -90.3952
    0.6134    0.0128    0.7896
    0.7665   -0.2504   -0.5914
    0.1902    0.9680   -0.1635
...    87 A-T ...
  -71.4176    7.0579  -90.3383
    0.8687   -0.2753    0.4119
    0.3773   -0.1711   -0.9101
    0.3210    0.9460   -0.0447
...    88 T-A ...
  -70.4701   10.1401  -89.7780
    0.9364   -0.3419   -0.0787
   -0.0845   -0.0022   -0.9964
    0.3405    0.9397   -0.0309
...    89 G-C ...
  -69.0791   13.1293  -90.0139
    0.7030   -0.3841   -0.5985
   -0.5545    0.2309   -0.7995
    0.4453    0.8940   -0.0507
...    90 C-G ...
  -67.2141   15.8432  -90.0146
    0.2888   -0.2320   -0.9288
   -0.8278    0.4270   -0.3640
    0.4811    0.8740   -0.0688
...    91 T-A ...
  -65.2954   18.5077  -90.3187
   -0.1880   -0.0098   -0.9821
   -0.8456    0.5102    0.1568
    0.4995    0.8600   -0.1042
...    92 C-G ...
  -63.5779   21.2534  -90.7728
   -0.6435    0.2808   -0.7121
   -0.5816    0.4256    0.6933
    0.4977    0.8602   -0.1106
...    93 A-T ...
  -62.0380   24.1589  -90.9755
   -0.8928    0.4039   -0.1992
   -0.1236    0.2054    0.9708
    0.4331    0.8914   -0.1334
...    94 T-A ...
  -60.7166   26.9663  -92.0801
   -0.8376    0.4533    0.3048
    0.3265   -0.0319    0.9447
    0.4379    0.8908   -0.1213
...    95 G-C ...
  -59.4051   29.9961  -92.3520
   -0.5886    0.2505    0.7686
    0.7216   -0.2658    0.6393
    0.3644    0.9309   -0.0243
...    96 T-A ...
  -58.7942   33.2005  -92.6374
   -0.1773    0.0329    0.9836
    0.9164   -0.3590    0.1772
    0.3590    0.9327    0.0335
...    97 T-A ...
  -57.9012   36.2927  -92.4533
    0.3165   -0.2123    0.9245
    0.8731   -0.3159   -0.3714
    0.3709    0.9247    0.0854
...    98 A-T ...
  -56.9892   39.3756  -91.5406
    0.6142   -0.5152    0.5978
    0.6366   -0.1241   -0.7611
    0.4663    0.8480    0.2518
...    99 T-A ...
  -55.7961   42.0494  -90.0961
    0.8307   -0.5360    0.1501
    0.2711    0.1541   -0.9501
    0.4861    0.8300    0.2734
...   100 A-T ...
  -53.9958   44.5721  -88.9437
    0.7896   -0.4616   -0.4043
   -0.1754    0.4616   -0.8696
    0.5880    0.7575    0.2835
...   101 A-T ...
  -51.9331   46.7973  -87.7967
    0.5699   -0.1210   -0.8128
   -0.5712    0.6528   -0.4977
    0.5908    0.7478    0.3029
...   102 C-G ...
  -49.5231   48.7919  -86.6900
    0.1979    0.2235   -0.9544
   -0.7695    0.6386   -0.0100
    0.6072    0.7364    0.2984
...   103 G-C ...
  -47.8729   51.4988  -85.7471
   -0.2927    0.4919   -0.8200
   -0.7346    0.4332    0.5221
    0.6121    0.7552    0.2345
...   104 G-C ...
  -45.6356   53.9531  -85.2029
   -0.6703    0.6046   -0.4304
   -0.4663    0.1080    0.8780
    0.5773    0.7892    0.2095
...   105 A-T ...
  -43.6497   56.4736  -84.6093
   -0.8300    0.5391    0.1427
   -0.0117   -0.2726    0.9621
    0.5576    0.7969    0.2325
...   106 T-A ...
  -41.9977   59.3118  -84.4605
   -0.7343    0.3292    0.5937
    0.3884   -0.5135    0.7651
    0.5568    0.7924    0.2492
...   107 T-A ...
  -40.3629   62.0216  -83.8090
   -0.4308   -0.0303    0.9019
    0.7159   -0.6201    0.3211
    0.5495    0.7840    0.2888
...   108 C-G ...
  -38.7119   64.6193  -82.8055
   -0.0101   -0.4326    0.9015
    0.8389   -0.4943   -0.2279
    0.5442    0.7540    0.3679
...   109 C-G ...
  -37.2591   67.1954  -81.2065
    0.3357   -0.7207    0.6065
    0.7490   -0.1861   -0.6359
    0.5712    0.6677    0.4774
...   110 G-C ...
  -35.0923   69.0703  -79.5559
    0.5733   -0.8123    0.1072
    0.5203    0.2598   -0.8135
    0.6330    0.5222    0.5716
...   111 G-C ...
  -32.9096   70.2778  -77.2915
    0.6955   -0.6084   -0.3821
    0.2012    0.6755   -0.7094
    0.6897    0.4165    0.5923
...   112 C-G ...
  -30.4982   71.1282  -75.2090
    0.6739   -0.1683   -0.7193
   -0.1641    0.9153   -0.3679
    0.7203    0.3660    0.5892
...   113 T-A ...
  -27.9228   71.9591  -73.3142
    0.4774    0.3229   -0.8172
   -0.4564    0.8859    0.0834
    0.7509    0.3332    0.5703
...   114 C-G ...
  -25.3473   72.9750  -71.5487
    0.1314    0.7868   -0.6031
   -0.6439    0.5303    0.5515
    0.7538    0.3158    0.5763
...   115 G-C ...
  -23.2077   74.1484  -69.2997
   -0.2902    0.9308   -0.2223
   -0.6142   -0.0031    0.7891
    0.7338    0.3655    0.5726
...   116 T-A ...
  -20.4809   75.4719  -67.9184
   -0.5744    0.7920    0.2067
   -0.3960   -0.4899    0.7767
    0.7164    0.3643    0.5951
...   117 A-T ...
  -18.1300   76.6998  -65.9349
   -0.7516    0.3535    0.5568
   -0.0201   -0.8561    0.5165
    0.6593    0.3770    0.6506
...   118 T-A ...
  -16.1602   78.5164  -64.0628
   -0.6886   -0.1191    0.7152
    0.3402   -0.9242    0.1735
    0.6404    0.3628    0.6770
...   119 A-T ...
  -14.5745   80.1580  -61.5996
   -0.5772   -0.6154    0.5367
    0.6462   -0.7461   -0.1605
    0.4992    0.2542    0.8284
...   120 A-T ...
  -13.2436   81.0037  -58.8004
   -0.1891   -0.9329    0.3064
    0.8647   -0.3061   -0.3982
    0.4653    0.1897    0.8646
...   121 T-A ...
  -12.3815   81.5761  -55.7194
    0.2242   -0.9738    0.0380
    0.8607    0.1795   -0.4765
    0.4571    0.1395    0.8784
...   122 G-C ...
  -10.7504   81.6072  -52.8243
    0.5815   -0.7399   -0.3382
    0.6477    0.6727   -0.3577
    0.4922   -0.0110    0.8704
...   123 T-A ...
   -9.4262   80.9600  -49.8867
    0.8171   -0.2982   -0.4934
    0.2838    0.9530   -0.1060
    0.5018   -0.0535    0.8633
...   124 G-C ...
   -7.5293   80.9652  -47.1868
    0.8085    0.2968   -0.5082
   -0.1983    0.9504    0.2396
    0.5541   -0.0929    0.8272
...   125 T-A ...
   -5.4663   80.1131  -44.7016
    0.5962    0.7455   -0.2979
   -0.5853    0.6576    0.4744
    0.5495   -0.1085    0.8284
...   126 C-G ...
   -3.5655   79.6908  -42.0520
    0.1468    0.9878    0.0526
   -0.8302    0.0941    0.5494
    0.5378   -0.1243    0.8339
...   127 G-C ...
   -2.2317   79.0753  -39.0765
   -0.3755    0.8824    0.2835
   -0.7908   -0.4646    0.3985
    0.4833   -0.0746    0.8722
...   128 A-T ...
   -0.5201   78.7694  -36.3209
   -0.7784    0.4647    0.4221
   -0.4525   -0.8814    0.1359
    0.4352   -0.0853    0.8963
...   129 C-G ...
    0.9769   79.0834  -33.4347
   -0.9244   -0.0307    0.3801
   -0.0099   -0.9945   -0.1043
    0.3812   -0.1002    0.9190
...   130 C-G ...
    2.1050   79.1545  -30.2610
   -0.8517   -0.5058    0.1374
    0.4562   -0.8445   -0.2806
    0.2580   -0.1763    0.9499
...   131 A-T ...
    2.6539   78.5615  -27.0133
   -0.5387   -0.8176   -0.2034
    0.8348   -0.4856   -0.2592
    0.1132   -0.3094    0.9442
...   132 A-T ...
    2.6854   77.4933  -23.9821
   -0.0244   -0.9268   -0.3749
    0.9970    0.0048   -0.0769
    0.0731   -0.3756    0.9239
...   133 A-T ...
    2.6274   76.0838  -21.0821
    0.5114   -0.7650   -0.3915
    0.8575    0.4842    0.1738
    0.0566   -0.4245    0.9036
...   134 T-A ...
    2.3075   74.2308  -18.3902
    0.8657   -0.4293   -0.2574
    0.4984    0.7868    0.3641
    0.0462   -0.4435    0.8951
...   135 G-C ...
    1.4354   72.0970  -15.6050
    0.9809    0.0621    0.1843
   -0.1263    0.9241    0.3607
   -0.1479   -0.3771    0.9143
...   136 T-A ...
    0.5279   69.2393  -13.4689
    0.7351    0.4963    0.4618
   -0.6117    0.7792    0.1365
   -0.2921   -0.3828    0.8764
...   137 G-C ...
   -0.1659   67.4106  -10.8095
    0.1800    0.8794    0.4408
   -0.9276    0.3008   -0.2214
   -0.3274   -0.3691    0.8698
...   138 A-T ...
   -0.1322   66.2180   -7.8216
   -0.3749    0.8570    0.3536
   -0.8857   -0.2184   -0.4098
   -0.2739   -0.4668    0.8409
...   139 G-C ...
   -1.0069   65.6075   -4.9424
   -0.8336    0.5218    0.1811
   -0.5170   -0.6220   -0.5881
   -0.1942   -0.5839    0.7883
...   140 C-G ...
   -0.6975   63.9004   -2.2528
   -0.9992    0.0157   -0.0376
    0.0023   -0.8993   -0.4374
   -0.0406   -0.4371    0.8985
...   141 G-C ...
   -3.4383   60.2385    1.0284
   -0.4425    0.2285   -0.8672
    0.1683   -0.9287   -0.3306
   -0.8808   -0.2922    0.3725
...   142 C-G ...
   -6.3289   59.0834    1.6294
   -0.2970   -0.3280   -0.8968
    0.5656   -0.8171    0.1115
   -0.7693   -0.4741    0.4282
...   143 T-A ...
   -8.6769   58.7243    3.6024
   -0.0347   -0.7817   -0.6227
    0.6533   -0.4893    0.5778
   -0.7563   -0.3868    0.5276
...   144 C-G ...
  -11.6545   58.0114    4.7193
    0.2451   -0.9542   -0.1716
    0.6322    0.0231    0.7745
   -0.7350   -0.2983    0.6089
...   145 A-T ...
  -14.1760   56.5669    6.1807
    0.5795   -0.7268    0.3687
    0.3139    0.6165    0.7220
   -0.7521   -0.3027    0.5855
...   146 C-G ...
  -16.4651   53.8949    7.5153
    0.5336   -0.3331    0.7774
   -0.0346    0.9098    0.4136
   -0.8450   -0.2476    0.4739
...   147 A-T ...
  -19.0173   52.0374    8.9261
    0.2452    0.2907    0.9249
   -0.3073    0.9281   -0.2103
   -0.9195   -0.2327    0.3169
