  147 base-pairs
...     1 A-T ...
    0.0000    0.0000    0.0000
    1.0000    0.0000    0.0000
    0.0000    1.0000    0.0000
    0.0000    0.0000    1.0000
...     2 G-C ...
   -0.1404   -1.2353    3.2259
    0.7530    0.6366    0.1668
   -0.6385    0.7681   -0.0490
   -0.1593   -0.0696    0.9848
...     3 T-A ...
   -0.0377   -3.2918    6.3749
    0.2722    0.9302    0.2464
   -0.9238    0.3243   -0.2034
   -0.2691   -0.1722    0.9476
...     4 G-C ...
   -0.3520   -4.1638    9.4928
   -0.3756    0.9250    0.0576
   -0.8780   -0.3352   -0.3416
   -0.2967   -0.1788    0.9381
...     5 A-T ...
   -0.4480   -4.1448   12.7498
   -0.8116    0.5839   -0.0166
   -0.5522   -0.7762   -0.3042
   -0.1905   -0.2377    0.9525
...     6 G-C ...
   -1.5926   -4.1701   15.6201
   -0.9976    0.0246   -0.0651
   -0.0043   -0.9555   -0.2950
   -0.0694   -0.2940    0.9533
...     7 C-G ...
   -1.1050   -4.4793   18.7363
   -0.8442   -0.5302   -0.0787
    0.5343   -0.8442   -0.0430
   -0.0437   -0.0784    0.9960
...     8 G-C ...
   -2.4044   -7.7255   23.1483
   -0.2753   -0.3294   -0.9032
    0.6650   -0.7437    0.0686
   -0.6943   -0.5817    0.4238
...     9 C-G ...
   -4.4706   -9.9691   24.1142
    0.1145   -0.7026   -0.7023
    0.8512   -0.2951    0.4341
   -0.5123   -0.6475    0.5642
...    10 T-A ...
   -6.7420  -10.8705   25.9717
    0.4841   -0.8363   -0.2573
    0.6594    0.1554    0.7356
   -0.5752   -0.5257    0.6267
...    11 C-G ...
   -9.1682  -12.6167   27.1662
    0.7073   -0.6683    0.2306
    0.3450    0.6110    0.7125
   -0.6170   -0.4243    0.6627
...    12 A-T ...
  -10.9253  -14.6583   29.0713
    0.7515   -0.1377    0.6452
   -0.2027    0.8824    0.4245
   -0.6278   -0.4498    0.6352
...    13 C-G ...
  -11.8495  -17.4796   31.2472
    0.4294    0.2824    0.8578
   -0.5708    0.8209    0.0155
   -0.6998   -0.4963    0.5137
...    14 A-T ...
  -13.5915  -19.7756   33.4284
   -0.1503    0.6106    0.7775
   -0.6874    0.5007   -0.5261
   -0.7106   -0.6135    0.3445
...    15 A-T ...
  -15.6836  -21.8661   34.7610
   -0.5080    0.7782    0.3692
   -0.4765    0.1032   -0.8731
   -0.7176   -0.6195    0.3184
...    16 T-A ...
  -17.7764  -23.7700   36.4144
   -0.6623    0.7422   -0.1031
   -0.1626   -0.2766   -0.9471
   -0.7314   -0.6105    0.3039
...    17 T-A ...
  -20.1526  -25.5831   37.6222
   -0.6105    0.5145   -0.6021
    0.2182   -0.6216   -0.7524
   -0.7614   -0.5907    0.2672
...    18 T-A ...
  -22.7343  -27.2479   38.5740
   -0.3534    0.1553   -0.9225
    0.4998   -0.8022   -0.3266
   -0.7907   -0.5765    0.2058
...    19 A-T ...
  -25.8651  -28.4540   38.9152
    0.1074   -0.0811   -0.9909
    0.5538   -0.8229    0.1273
   -0.8257   -0.5624   -0.0435
...    20 T-A ...
  -28.8340  -29.7082   38.4525
    0.3890   -0.4399   -0.8094
    0.4184   -0.6984    0.5807
   -0.8208   -0.5645   -0.0876
...    21 T-A ...
  -31.5499  -31.3511   37.8637
    0.5706   -0.7313   -0.3737
    0.1223   -0.3743    0.9192
   -0.8120   -0.5702   -0.1241
...    22 C-G ...
  -34.0354  -33.3411   37.2319
    0.5602   -0.8021    0.2068
   -0.2527    0.0723    0.9648
   -0.7889   -0.5927   -0.1622
...    23 G-C ...
  -36.6083  -35.3948   37.1169
    0.3853   -0.5977    0.7030
   -0.5620    0.4522    0.6925
   -0.7319   -0.6620   -0.1617
...    24 C-G ...
  -38.7324  -37.8309   36.4460
    0.0374   -0.2560    0.9660
   -0.6901    0.6925    0.2102
   -0.7227   -0.6745   -0.1508
...    25 A-T ...
  -41.2656  -39.8514   35.9287
   -0.3139    0.2089    0.9262
   -0.5984    0.7139   -0.3638
   -0.7372   -0.6684   -0.0991
...    26 A-T ...
  -43.4741  -42.2301   35.7715
   -0.6105    0.5518    0.5681
   -0.3037    0.4994   -0.8114
   -0.7315   -0.6679   -0.1373
...    27 A-T ...
  -45.8014  -44.4748   35.5979
   -0.6709    0.7406    0.0366
    0.0959    0.1356   -0.9861
   -0.7353   -0.6581   -0.1620
...    28 G-C ...
  -48.3481  -46.5143   35.3623
   -0.4603    0.7763   -0.4306
    0.4252   -0.2330   -0.8746
   -0.7793   -0.5857   -0.2229
...    29 G-C ...
  -51.2262  -48.1657   34.8568
   -0.0772    0.6310   -0.7719
    0.5857   -0.5978   -0.5473
   -0.8068   -0.4944   -0.3235
...    30 C-G ...
  -54.1137  -49.2756   33.8529
    0.3028    0.2844   -0.9096
    0.5236   -0.8471   -0.0906
   -0.7963   -0.4489   -0.4054
...    31 C-G ...
  -56.8290  -50.2694   32.1422
    0.6203   -0.1221   -0.7748
    0.2590   -0.9005    0.3492
   -0.7404   -0.4173   -0.5270
...    32 G-C ...
  -58.9143  -51.8962   30.1660
    0.7557   -0.5149   -0.4047
   -0.1675   -0.7493    0.6407
   -0.6331   -0.4164   -0.6525
...    33 G-C ...
  -60.5911  -53.2216   27.5537
    0.6010   -0.7986    0.0328
   -0.5764   -0.4046    0.7100
   -0.5537   -0.4457   -0.7034
...    34 C-G ...
  -62.0089  -54.7355   24.9788
    0.2083   -0.8839    0.4188
   -0.8273    0.0692    0.5575
   -0.5218   -0.4626   -0.7168
...    35 C-G ...
  -63.4745  -56.5141   22.5258
   -0.2493   -0.6920    0.6775
   -0.8232    0.5199    0.2282
   -0.5101   -0.5008   -0.6993
...    36 C-G ...
  -64.9885  -58.4167   20.1994
   -0.6285   -0.2842    0.7240
   -0.5622    0.8093   -0.1703
   -0.5376   -0.5140   -0.6684
...    37 G-C ...
  -66.8787  -59.6650   17.7851
   -0.7856    0.2454    0.5680
   -0.1135    0.8453   -0.5221
   -0.6083   -0.4746   -0.6362
...    38 A-T ...
  -68.7718  -61.3215   15.7235
   -0.6854    0.6999    0.2009
    0.3668    0.5702   -0.7351
   -0.6291   -0.4301   -0.6475
...    39 C-G ...
  -71.1494  -62.8689   14.1025
   -0.3788    0.9125   -0.1547
    0.6635    0.1513   -0.7327
   -0.6452   -0.3802   -0.6627
...    40 A-T ...
  -73.3897  -63.9916   11.9139
    0.1263    0.9094   -0.3964
    0.7454   -0.3506   -0.5669
   -0.6545   -0.2239   -0.7222
...    41 C-G ...
  -75.8846  -64.2270    9.8495
    0.5192    0.6378   -0.5689
    0.5766   -0.7527   -0.3178
   -0.6309   -0.1631   -0.7585
...    42 G-C ...
  -77.6373  -64.6705    7.0905
    0.8374    0.1859   -0.5140
    0.1897   -0.9808   -0.0458
   -0.5126   -0.0592   -0.8566
...    43 A-T ...
  -79.1200  -64.6698    4.2021
    0.8277   -0.3883   -0.4051
   -0.3300   -0.9207    0.2084
   -0.4539   -0.0388   -0.8902
...    44 C-G ...
  -80.1457  -64.2922    1.0907
    0.5628   -0.7957   -0.2238
   -0.7154   -0.6045    0.3504
   -0.4141   -0.0371   -0.9095
...    45 T-A ...
  -81.0927  -64.3625   -2.0640
    0.1362   -0.9906    0.0154
   -0.9198   -0.1207    0.3734
   -0.3680   -0.0651   -0.9275
...    46 T-A ...
  -81.9236  -64.5362   -5.2080
   -0.4198   -0.8900    0.1777
   -0.8367    0.4554    0.3043
   -0.3518   -0.0209   -0.9359
...    47 A-T ...
  -83.2719  -64.2749   -8.2463
   -0.8509   -0.4349    0.2947
   -0.4069    0.9004    0.1540
   -0.3323    0.0111   -0.9431
...    48 C-G ...
  -84.2672  -64.8295  -11.3519
   -0.9344    0.0814    0.3467
    0.0846    0.9964   -0.0060
   -0.3459    0.0237   -0.9380
...    49 T-A ...
  -85.6128  -65.0043  -14.3503
   -0.7422    0.5669    0.3575
    0.5454    0.8209   -0.1694
   -0.3895    0.0693   -0.9184
...    50 G-C ...
  -87.0228  -64.5872  -17.3194
   -0.2877    0.8947    0.3418
    0.8520    0.4021   -0.3353
   -0.4374    0.1948   -0.8779
...    51 T-A ...
  -88.9935  -63.9678  -19.8448
    0.1942    0.9626    0.1891
    0.8837   -0.0880   -0.4597
   -0.4259    0.2564   -0.8677
...    52 A-T ...
  -90.7531  -62.5964  -22.3366
    0.6691    0.7332    0.1216
    0.6654   -0.5182   -0.5374
   -0.3310    0.4404   -0.8346
...    53 G-C ...
  -91.8994  -60.7865  -24.8174
    0.9361    0.3436   -0.0751
    0.2466   -0.7935   -0.5564
   -0.2508    0.5023   -0.8275
...    54 G-C ...
  -92.4043  -58.6199  -27.3541
    0.9513   -0.1584   -0.2644
   -0.2743   -0.8264   -0.4918
   -0.1406    0.5403   -0.8296
...    55 T-A ...
  -92.4714  -56.3909  -29.7734
    0.6907   -0.5650   -0.4513
   -0.7156   -0.6237   -0.3144
   -0.1039    0.5401   -0.8352
...    56 A-T ...
  -92.7912  -54.6634  -32.5764
    0.1644   -0.8327   -0.5288
   -0.9838   -0.1770   -0.0271
   -0.0711    0.5247   -0.8483
...    57 T-A ...
  -92.3088  -52.9661  -35.3692
   -0.3464   -0.8008   -0.4886
   -0.9358    0.2591    0.2389
   -0.0647    0.5401   -0.8391
...    58 C-G ...
  -92.4270  -51.2907  -38.1718
   -0.8194   -0.5137   -0.2544
   -0.5685    0.6714    0.4754
   -0.0734    0.5342   -0.8422
...    59 T-A ...
  -92.6543  -49.8353  -41.1190
   -0.9898   -0.1294    0.0592
   -0.0775    0.8390    0.5386
   -0.1194    0.5285   -0.8405
...    60 C-G ...
  -93.0823  -48.2103  -43.9101
   -0.8549    0.3469    0.3859
    0.4971    0.7608    0.4172
   -0.1489    0.5484   -0.8228
...    61 G-C ...
  -93.4115  -46.1418  -46.4598
   -0.4431    0.6090    0.6579
    0.8697    0.4700    0.1507
   -0.2174    0.6389   -0.7379
...    62 A-T ...
  -94.2503  -44.0831  -48.8127
    0.1259    0.7231    0.6791
    0.9684    0.0589   -0.2423
   -0.2152    0.6882   -0.6929
...    63 G-C ...
  -95.2506  -41.6942  -50.8216
    0.6006    0.5909    0.5386
    0.7810   -0.2894   -0.5534
   -0.1711    0.7530   -0.6353
...    64 C-G ...
  -95.9833  -38.9593  -52.4602
    0.9269    0.3049    0.2189
    0.3562   -0.5307   -0.7691
   -0.1183    0.7908   -0.6005
...    65 T-A ...
  -96.2407  -36.1013  -54.0543
    0.9882   -0.0563   -0.1427
   -0.1489   -0.5763   -0.8035
   -0.0370    0.8153   -0.5779
...    66 C-G ...
  -96.1233  -33.3958  -55.8491
    0.7359   -0.3987   -0.5473
   -0.6770   -0.4196   -0.6046
    0.0114    0.8155   -0.5787
...    67 G-C ...
  -96.1906  -30.9374  -58.0509
    0.2574   -0.6358   -0.7277
   -0.9621   -0.0985   -0.2542
    0.0899    0.7655   -0.6371
...    68 G-C ...
  -95.5030  -28.4976  -60.2621
   -0.2899   -0.6412   -0.7105
   -0.9517    0.2713    0.1435
    0.1007    0.7178   -0.6889
...    69 G-C ...
  -94.9174  -26.2953  -62.7328
   -0.7519   -0.4470   -0.4846
   -0.6560    0.5808    0.4820
    0.0660    0.6803   -0.7300
...    70 A-T ...
  -94.6137  -24.1503  -65.1717
   -0.9929   -0.0498   -0.1077
   -0.1099    0.7285    0.6762
    0.0448    0.6832   -0.7288
...    71 T-A ...
  -94.5692  -22.4405  -67.9847
   -0.9183    0.3164    0.2380
    0.3928    0.6521    0.6485
    0.0500    0.6890   -0.7231
...    72 C-G ...
  -94.5163  -20.2470  -70.3902
   -0.5383    0.5972    0.5947
    0.8422    0.3569    0.4040
    0.0290    0.7183   -0.6951
...    73 C-G ...
  -94.8469  -17.8568  -72.7390
   -0.0356    0.6121    0.7900
    0.9992    0.0075    0.0392
    0.0180    0.7907   -0.6119
...    74 T-A ...
  -95.1313  -15.1148  -74.5209
    0.4563    0.4632    0.7598
    0.8889   -0.2765   -0.3653
    0.0409    0.8420   -0.5379
...    75 C-G ...
  -95.0187  -12.2707  -76.0666
    0.8677    0.1775    0.4644
    0.4897   -0.4664   -0.7367
    0.0858    0.8666   -0.4916
...    76 A-T ...
  -94.5829   -9.3253  -77.5398
    0.9751   -0.2092    0.0739
   -0.0266   -0.4408   -0.8972
    0.2203    0.8729   -0.4354
...    77 T-A ...
  -93.6681   -6.2719  -78.3053
    0.8363   -0.4091   -0.3651
   -0.4938   -0.2723   -0.8259
    0.2385    0.8709   -0.4297
...    78 G-C ...
  -92.7192   -3.5472  -79.9165
    0.4087   -0.5751   -0.7087
   -0.8543    0.0321   -0.5188
    0.3211    0.8174   -0.4782
...    79 T-A ...
  -91.0761   -1.0247  -81.2748
   -0.0840   -0.4946   -0.8650
   -0.9393    0.3291   -0.0970
    0.3327    0.8044   -0.4923
...    80 T-A ...
  -89.6730    1.4407  -82.8613
   -0.5822   -0.2063   -0.7864
   -0.7353    0.5464    0.4010
    0.3470    0.8117   -0.4698
...    81 A-T ...
  -88.6373    4.2442  -84.2984
   -0.9050    0.1426   -0.4009
   -0.2593    0.5622    0.7853
    0.3373    0.8146   -0.4718
...    82 T-A ...
  -87.5331    6.5203  -86.4101
   -0.9133    0.4057    0.0367
    0.2181    0.4107    0.8853
    0.3441    0.8165   -0.4635
...    83 A-T ...
  -86.5109    9.2532  -87.9630
   -0.6682    0.4990    0.5519
    0.6848    0.1226    0.7183
    0.2908    0.8579   -0.4236
...    84 A-T ...
  -85.8454   12.0486  -89.4493
   -0.1977    0.4664    0.8622
    0.9353   -0.1734    0.3083
    0.2933    0.8674   -0.4020
...    85 C-G ...
  -85.5132   15.0491  -90.7101
    0.2747    0.2723    0.9222
    0.9129   -0.3750   -0.1612
    0.3019    0.8861   -0.3516
...    86 G-C ...
  -84.2437   17.9214  -91.7300
    0.6500   -0.1046    0.7527
    0.6543   -0.4267   -0.6243
    0.3865    0.8983   -0.2089
...    87 G-C ...
  -82.9879   21.0426  -91.8818
    0.8436   -0.4064    0.3509
    0.2537   -0.2742   -0.9276
    0.4732    0.8716   -0.1282
...    88 A-T ...
  -81.3448   23.8362  -92.1064
    0.8159   -0.5337   -0.2222
   -0.2455    0.0281   -0.9690
    0.5234    0.8452   -0.1081
...    89 G-C ...
  -79.4058   26.4959  -92.1435
    0.5504   -0.4978   -0.6703
   -0.6012    0.3207   -0.7319
    0.5793    0.8058   -0.1228
...    90 C-G ...
  -77.1297   28.8608  -92.4214
    0.1289   -0.2780   -0.9519
   -0.7835    0.5599   -0.2696
    0.6079    0.7805   -0.1456
...    91 T-A ...
  -74.8487   31.1677  -93.0143
   -0.3089    0.0211   -0.9508
   -0.7223    0.6452    0.2490
    0.6187    0.7638   -0.1840
...    92 T-A ...
  -72.5980   33.4107  -93.7169
   -0.6379    0.4064   -0.6541
   -0.4322    0.5141    0.7409
    0.6374    0.7553   -0.1523
...    93 T-A ...
  -70.4055   35.6917  -94.4681
   -0.7549    0.6423   -0.1327
   -0.0147    0.1857    0.9825
    0.6557    0.7436   -0.1307
...    94 A-T ...
  -68.2746   38.1926  -94.8662
   -0.6711    0.5893    0.4500
    0.4079   -0.2133    0.8877
    0.6191    0.7793   -0.0972
...    95 A-T ...
  -66.4645   40.8291  -95.3596
   -0.3549    0.3608    0.8625
    0.6997   -0.5093    0.5010
    0.6200    0.7813   -0.0717
...    96 C-G ...
  -64.9761   43.7214  -95.6820
    0.0029    0.0146    0.9999
    0.7861   -0.6181    0.0068
    0.6181    0.7860   -0.0133
...    97 A-T ...
  -62.9893   46.3956  -95.5325
    0.3096   -0.4315    0.8473
    0.6974   -0.5026   -0.5108
    0.6463    0.7491    0.1453
...    98 C-G ...
  -61.2842   48.9873  -94.5240
    0.5732   -0.6680    0.4745
    0.4718   -0.2044   -0.8577
    0.6699    0.7155    0.1980
...    99 T-A ...
  -59.1243   51.1941  -93.4215
    0.6725   -0.7395   -0.0312
    0.1636    0.1896   -0.9681
    0.7218    0.6459    0.2485
...   100 T-A ...
  -56.7806   53.1310  -92.3143
    0.6470   -0.5214   -0.5564
   -0.2129    0.5772   -0.7884
    0.7322    0.6285    0.2624
...   101 T-A ...
  -54.2971   54.9174  -91.2326
    0.4350   -0.1038   -0.8944
   -0.5246    0.7781   -0.3454
    0.7318    0.6195    0.2840
...   102 A-T ...
  -52.0219   57.1628  -90.3207
    0.0500    0.3863   -0.9210
   -0.6724    0.6949    0.2550
    0.7385    0.6066    0.2945
...   103 T-A ...
  -49.1656   58.7041  -89.6846
   -0.2749    0.6955   -0.6639
   -0.6127    0.4054    0.6784
    0.7410    0.5932    0.3147
...   104 G-C ...
  -46.8958   60.8057  -88.5542
   -0.6208    0.7577   -0.2012
   -0.3571   -0.0449    0.9330
    0.6979    0.6511    0.2984
...   105 C-G ...
  -44.5305   63.0202  -87.9612
   -0.7471    0.5894    0.3072
    0.0157   -0.4464    0.8947
    0.6645    0.6733    0.3243
...   106 T-A ...
  -42.5341   65.4900  -87.0978
   -0.6893    0.2387    0.6840
    0.3813   -0.6833    0.6227
    0.6160    0.6900    0.3800
...   107 T-A ...
  -40.7193   67.9139  -85.9761
   -0.4040   -0.1924    0.8943
    0.6868   -0.7096    0.1576
    0.6042    0.6779    0.4188
...   108 C-G ...
  -38.9057   70.1566  -84.5119
   -0.0077   -0.6036    0.7973
    0.8041   -0.4777   -0.3538
    0.5944    0.6384    0.4891
...   109 C-G ...
  -37.2730   72.2756  -82.4764
    0.3189   -0.8380    0.4427
    0.7219   -0.0878   -0.6864
    0.6141    0.5385    0.5770
...   110 G-C ...
  -34.9757   73.7209  -80.5961
    0.5482   -0.8337   -0.0662
    0.5066    0.3940   -0.7669
    0.6655    0.3868    0.6384
...   111 G-C ...
  -32.7118   74.4598  -78.2168
    0.6696   -0.5421   -0.5077
    0.1998    0.7898   -0.5799
    0.7154    0.2869    0.6372
...   112 C-G ...
  -30.2481   74.8941  -76.0706
    0.6524   -0.0478   -0.7564
   -0.1549    0.9685   -0.1948
    0.7419    0.2442    0.6245
...   113 T-A ...
  -27.6190   75.3454  -74.1261
    0.4637    0.4525   -0.7617
   -0.4407    0.8636    0.2447
    0.7686    0.2223    0.5999
...   114 C-G ...
  -25.0008   76.0089  -72.2674
    0.1274    0.8731   -0.4705
   -0.6255    0.4389    0.6450
    0.7697    0.2121    0.6021
...   115 G-C ...
  -22.7884   76.7878  -69.9292
   -0.2897    0.9540   -0.0768
   -0.5998   -0.1184    0.7914
    0.7459    0.2753    0.6065
...   116 T-A ...
  -20.0456   77.9009  -68.4260
   -0.5700    0.7553    0.3234
   -0.3853   -0.5933    0.7067
    0.7257    0.2782    0.6293
...   117 A-T ...
  -17.6785   78.9696  -66.3758
   -0.7575    0.2843    0.5878
   -0.0207   -0.9103    0.4135
    0.6526    0.3010    0.6954
...   118 T-A ...
  -15.7377   80.5690  -64.2908
   -0.6957   -0.2003    0.6898
    0.3422   -0.9368    0.0732
    0.6316    0.2870    0.7203
...   119 A-T ...
  -14.2075   81.9516  -61.6405
   -0.5811   -0.6694    0.4629
    0.6513   -0.7236   -0.2287
    0.4880    0.1686    0.8564
...   120 A-T ...
  -12.9236   82.5249  -58.7489
   -0.1855   -0.9592    0.2136
    0.8708   -0.2611   -0.4165
    0.4552    0.1088    0.8837
...   121 T-A ...
  -12.0994   82.8185  -55.6140
    0.2338   -0.9711   -0.0472
    0.8635    0.2297   -0.4490
    0.4469    0.0642    0.8923
...   122 G-C ...
  -10.4959   82.6407  -52.7174
    0.5959   -0.7018   -0.3903
    0.6420    0.7084   -0.2935
    0.4824   -0.0757    0.8726
...   123 T-A ...
   -9.2050   81.7875  -49.8164
    0.8273   -0.2483   -0.5039
    0.2711    0.9621   -0.0291
    0.4921   -0.1125    0.8633
...   124 G-C ...
   -7.3569   81.6117  -47.0944
    0.8096    0.3411   -0.4777
   -0.2137    0.9293    0.3013
    0.5467   -0.1419    0.8252
...   125 T-A ...
   -5.3125   80.6254  -44.6529
    0.5895    0.7694   -0.2460
   -0.5975    0.6203    0.5082
    0.5436   -0.1526    0.8253
...   126 C-G ...
   -3.4301   80.0717  -42.0226
    0.1353    0.9853    0.1046
   -0.8349    0.0566    0.5475
    0.5335   -0.1614    0.8302
...   127 G-C ...
   -2.0885   79.3577  -39.0823
   -0.3857    0.8672    0.3149
   -0.7885   -0.4871    0.3756
    0.4791   -0.1034    0.8716
...   128 A-T ...
   -0.3990   78.9900  -36.3272
   -0.7845    0.4460    0.4309
   -0.4467   -0.8884    0.1062
    0.4301   -0.1092    0.8961
...   129 C-G ...
    1.0701   79.2392  -33.4230
   -0.9266   -0.0449    0.3732
   -0.0041   -0.9916   -0.1295
    0.3759   -0.1216    0.9186
...   130 C-G ...
    2.1557   79.2477  -30.2346
   -0.8506   -0.5113    0.1227
    0.4608   -0.8372   -0.2945
    0.2533   -0.1940    0.9477
...   131 A-T ...
    2.6841   78.6050  -26.9974
   -0.5360   -0.8159   -0.2170
    0.8370   -0.4800   -0.2628
    0.1103   -0.3225    0.9401
...   132 A-T ...
    2.6994   77.5084  -23.9745
   -0.0215   -0.9238   -0.3822
    0.9971    0.0079   -0.0751
    0.0724   -0.3827    0.9210
...   133 A-T ...
    2.6303   76.0856  -21.0803
    0.5129   -0.7634   -0.3927
    0.8566    0.4851    0.1757
    0.0564   -0.4266    0.9027
...   134 T-A ...
    2.3076   74.2307  -18.3902
    0.8657   -0.4293   -0.2574
    0.4984    0.7868    0.3641
    0.0462   -0.4435    0.8951
...   135 G-C ...
    1.4354   72.0970  -15.6049
    0.9809    0.0621    0.1843
   -0.1263    0.9241    0.3607
   -0.1479   -0.3771    0.9143
...   136 T-A ...
    0.5279   69.2393  -13.4688
    0.7351    0.4963    0.4618
   -0.6117    0.7792    0.1365
   -0.2921   -0.3828    0.8764
...   137 G-C ...
   -0.1659   67.4105  -10.8094
    0.1800    0.8794    0.4408
   -0.9276    0.3008   -0.2214
   -0.3274   -0.3691    0.8698
...   138 A-T ...
   -0.1321   66.2180   -7.8216
   -0.3749    0.8570    0.3536
   -0.8857   -0.2184   -0.4098
   -0.2739   -0.4668    0.8409
...   139 G-C ...
   -1.0069   65.6074   -4.9424
   -0.8336    0.5218    0.1811
   -0.5170   -0.6220   -0.5881
   -0.1942   -0.5839    0.7883
...   140 C-G ...
   -0.6975   63.9003   -2.2528
   -0.9992    0.0157   -0.0376
    0.0023   -0.8993   -0.4374
   -0.0406   -0.4371    0.8985
...   141 G-C ...
   -3.4383   60.2385    1.0284
   -0.4425    0.2285   -0.8672
    0.1683   -0.9287   -0.3306
   -0.8808   -0.2922    0.3725
...   142 C-G ...
   -6.3289   59.0834    1.6294
   -0.2970   -0.3280   -0.8968
    0.5656   -0.8171    0.1115
   -0.7693   -0.4741    0.4282
...   143 T-A ...
   -8.6769   58.7242    3.6024
   -0.0347   -0.7817   -0.6227
    0.6533   -0.4893    0.5778
   -0.7563   -0.3868    0.5276
...   144 C-G ...
  -11.6545   58.0113    4.7193
    0.2451   -0.9542   -0.1716
    0.6322    0.0231    0.7745
   -0.7350   -0.2983    0.6089
...   145 A-T ...
  -14.1760   56.5668    6.1807
    0.5795   -0.7268    0.3687
    0.3139    0.6165    0.7220
   -0.7521   -0.3027    0.5855
...   146 C-G ...
  -16.4651   53.8949    7.5153
    0.5336   -0.3331    0.7774
   -0.0346    0.9098    0.4136
   -0.8450   -0.2476    0.4739
...   147 A-T ...
  -19.0173   52.0374    8.9261
    0.2452    0.2907    0.9249
   -0.3073    0.9281   -0.2103
   -0.9195   -0.2327    0.3169
