  147 base-pairs
...     1 A-T ...
    0.0000    0.0000    0.0000
    1.0000    0.0000    0.0000
    0.0000    1.0000    0.0000
    0.0000    0.0000    1.0000
...     2 G-C ...
   -0.1404   -1.2353    3.2259
    0.7530    0.6366    0.1668
   -0.6385    0.7681   -0.0490
   -0.1593   -0.0696    0.9848
...     3 T-A ...
   -0.0377   -3.2918    6.3749
    0.2722    0.9302    0.2464
   -0.9238    0.3243   -0.2034
   -0.2691   -0.1722    0.9476
...     4 G-C ...
   -0.3520   -4.1638    9.4928
   -0.3756    0.9250    0.0576
   -0.8780   -0.3352   -0.3416
   -0.2967   -0.1788    0.9381
...     5 A-T ...
   -0.4480   -4.1448   12.7498
   -0.8116    0.5839   -0.0166
   -0.5522   -0.7762   -0.3042
   -0.1905   -0.2377    0.9525
...     6 G-C ...
   -1.5926   -4.1701   15.6201
   -0.9976    0.0246   -0.0651
   -0.0043   -0.9555   -0.2950
   -0.0694   -0.2940    0.9533
...     7 C-G ...
   -1.1050   -4.4793   18.7363
   -0.8442   -0.5302   -0.0787
    0.5343   -0.8442   -0.0430
   -0.0437   -0.0784    0.9960
...     8 G-C ...
   -2.4044   -7.7255   23.1483
   -0.2753   -0.3294   -0.9032
    0.6650   -0.7437    0.0686
   -0.6943   -0.5817    0.4238
...     9 C-G ...
   -4.4706   -9.9691   24.1142
    0.1145   -0.7026   -0.7023
    0.8512   -0.2951    0.4341
   -0.5123   -0.6475    0.5642
...    10 T-A ...
   -6.7420  -10.8705   25.9717
    0.4841   -0.8363   -0.2573
    0.6594    0.1554    0.7356
   -0.5752   -0.5257    0.6267
...    11 C-G ...
   -9.1682  -12.6167   27.1662
    0.7073   -0.6683    0.2306
    0.3450    0.6110    0.7125
   -0.6170   -0.4243    0.6627
...    12 A-T ...
  -10.9253  -14.6583   29.0713
    0.7515   -0.1377    0.6452
   -0.2027    0.8824    0.4245
   -0.6278   -0.4498    0.6352
...    13 C-G ...
  -11.8495  -17.4796   31.2472
    0.4294    0.2824    0.8578
   -0.5708    0.8209    0.0155
   -0.6998   -0.4963    0.5137
...    14 A-T ...
  -13.5915  -19.7756   33.4284
   -0.1503    0.6106    0.7775
   -0.6874    0.5007   -0.5261
   -0.7106   -0.6135    0.3445
...    15 A-T ...
  -15.7773  -21.8944   34.5037
   -0.4849    0.8027    0.3472
   -0.4610    0.1028   -0.8814
   -0.7432   -0.5874    0.3202
...    16 T-A ...
  -17.9523  -23.7934   36.2597
   -0.6742    0.7214   -0.1580
   -0.1211   -0.3191   -0.9400
   -0.7285   -0.6146    0.3025
...    17 T-A ...
  -20.3533  -25.6198   37.5973
   -0.6289    0.3983   -0.6677
    0.2997   -0.6683   -0.6808
   -0.7174   -0.6283    0.3009
...    18 T-A ...
  -22.7764  -27.4739   38.5263
   -0.3055    0.0481   -0.9510
    0.5696   -0.7911   -0.2230
   -0.7631   -0.6098    0.2143
...    19 A-T ...
  -25.3712  -29.3390   38.8318
    0.1403   -0.1807   -0.9735
    0.6044   -0.7632    0.2288
   -0.7843   -0.6204    0.0021
...    20 T-A ...
  -28.3100  -30.7963   38.4864
    0.4313   -0.5206   -0.7368
    0.4435   -0.5889    0.6757
   -0.7857   -0.6182   -0.0231
...    21 T-A ...
  -30.9748  -32.6654   38.0826
    0.6049   -0.7580   -0.2440
    0.1082   -0.2254    0.9683
   -0.7889   -0.6121   -0.0543
...    22 C-G ...
  -33.4835  -34.7399   37.7751
    0.5736   -0.7401    0.3510
   -0.2759    0.2289    0.9335
   -0.7713   -0.6323   -0.0729
...    23 G-C ...
  -36.0254  -36.8444   38.2355
    0.4021   -0.4271    0.8099
   -0.5907    0.5548    0.5859
   -0.6996   -0.7140   -0.0292
...    24 C-G ...
  -38.0418  -39.4008   37.9988
    0.0722   -0.0408    0.9966
   -0.7114    0.6982    0.0801
   -0.6991   -0.7147    0.0214
...    25 A-T ...
  -40.6408  -41.3941   37.7998
   -0.3139    0.3859    0.8675
   -0.6122    0.6161   -0.4956
   -0.7257   -0.6866    0.0428
...    26 A-T ...
  -42.9065  -43.7478   38.1085
   -0.6058    0.6564    0.4495
   -0.3243    0.3122   -0.8930
   -0.7265   -0.6868    0.0237
...    27 A-T ...
  -45.1594  -46.0549   38.5370
   -0.6870    0.7144   -0.1327
    0.0945   -0.0932   -0.9911
   -0.7205   -0.6935   -0.0035
...    28 G-C ...
  -47.7939  -48.0956   38.9608
   -0.4781    0.6238   -0.6183
    0.4156   -0.4595   -0.7850
   -0.7738   -0.6322   -0.0396
...    29 G-C ...
  -50.8093  -49.7954   38.9152
   -0.0820    0.3696   -0.9256
    0.5902   -0.7303   -0.3440
   -0.8031   -0.5745   -0.1582
...    30 C-G ...
  -53.7221  -51.1063   38.2197
    0.3073   -0.0115   -0.9516
    0.5164   -0.8379    0.1769
   -0.7993   -0.5458   -0.2515
...    31 C-G ...
  -56.5073  -52.5740   37.1576
    0.6138   -0.3986   -0.6814
    0.2337   -0.7327    0.6392
   -0.7541   -0.5516   -0.3566
...    32 G-C ...
  -58.4746  -54.5362   35.9441
    0.7271   -0.6412   -0.2453
   -0.1520   -0.4988    0.8533
   -0.6694   -0.5832   -0.4602
...    33 G-C ...
  -60.1096  -56.8099   34.0279
    0.5568   -0.7871    0.2653
   -0.5676   -0.1274    0.8134
   -0.6064   -0.6035   -0.5177
...    34 C-G ...
  -61.7125  -58.9676   32.1757
    0.1670   -0.7216    0.6719
   -0.7995    0.2997    0.5206
   -0.5770   -0.6241   -0.5268
...    35 C-G ...
  -63.4141  -61.3805   30.5070
   -0.3136   -0.4343    0.8444
   -0.7689    0.6379    0.0425
   -0.5571   -0.6359   -0.5340
...    36 C-G ...
  -65.1129  -63.7237   28.8042
   -0.6631   -0.0050    0.7485
   -0.4814    0.7686   -0.4214
   -0.5731   -0.6398   -0.5121
...    37 G-C ...
  -67.0865  -65.1073   26.3323
   -0.7759    0.4637    0.4278
   -0.0098    0.6691   -0.7431
   -0.6308   -0.5808   -0.5146
...    38 A-T ...
  -68.8590  -67.0632   24.6588
   -0.6305    0.7741   -0.0573
    0.4629    0.3157   -0.8283
   -0.6230   -0.5488   -0.5574
...    39 C-G ...
  -71.2301  -68.6063   23.1973
   -0.2675    0.8681   -0.4181
    0.7166   -0.1109   -0.6886
   -0.6441   -0.4838   -0.5924
...    40 A-T ...
  -73.5325  -69.9814   21.2577
    0.2414    0.7468   -0.6197
    0.7324   -0.5591   -0.3886
   -0.6367   -0.3600   -0.6819
...    41 C-G ...
  -75.7466  -70.5208   18.9562
    0.6241    0.4117   -0.6641
    0.5081   -0.8595   -0.0554
   -0.5936   -0.3029   -0.7456
...    42 G-C ...
  -77.3675  -71.8026   16.3495
    0.8591   -0.1007   -0.5017
    0.0336   -0.9672    0.2516
   -0.5107   -0.2330   -0.8276
...    43 A-T ...
  -78.9311  -72.4669   13.6744
    0.7236   -0.6387   -0.2617
   -0.4745   -0.7357    0.4834
   -0.5012   -0.2256   -0.8354
...    44 C-G ...
  -80.0915  -72.7708   10.5842
    0.3931   -0.9178    0.0566
   -0.7965   -0.3091    0.5197
   -0.4594   -0.2494   -0.8525
...    45 T-A ...
  -80.9571  -73.7412    7.1691
   -0.1102   -0.9431    0.3136
   -0.8888    0.2347    0.3937
   -0.4449   -0.2353   -0.8641
...    46 T-A ...
  -81.8554  -74.5256    4.1004
   -0.5572   -0.7168    0.4192
   -0.7123    0.6721    0.2024
   -0.4268   -0.1858   -0.8851
...    47 A-T ...
  -83.3749  -74.8639    1.1406
   -0.8762   -0.1623    0.4538
   -0.2222    0.9716   -0.0816
   -0.4276   -0.1724   -0.8874
...    48 C-G ...
  -84.7518  -76.0681   -1.6360
   -0.8569    0.3691    0.3598
    0.2708    0.9163   -0.2950
   -0.4385   -0.1554   -0.8852
...    49 T-A ...
  -86.5284  -76.8544   -4.3733
   -0.5528    0.8014    0.2286
    0.6725    0.5910   -0.4454
   -0.4921   -0.0925   -0.8656
...    50 G-C ...
  -88.3638  -76.8255   -7.2170
   -0.0275    0.9951    0.0950
    0.8610    0.0719   -0.5035
   -0.5078    0.0679   -0.8588
...    51 T-A ...
  -90.4360  -76.4448   -9.6173
    0.4120    0.9089   -0.0644
    0.7764   -0.3871   -0.4973
   -0.4770    0.1549   -0.8652
...    52 A-T ...
  -92.3321  -74.7735  -11.9617
    0.8232    0.5664   -0.0387
    0.4836   -0.7354   -0.4746
   -0.2973    0.3720   -0.8794
...    53 G-C ...
  -93.4698  -73.1801  -14.5178
    0.9812    0.1174   -0.1530
    0.0381   -0.8959   -0.4427
   -0.1890    0.4286   -0.8835
...    54 G-C ...
  -93.7762  -70.7596  -17.2856
    0.8749   -0.3911   -0.2856
   -0.4745   -0.8102   -0.3442
   -0.0967    0.4366   -0.8944
...    55 T-A ...
  -93.5611  -69.0714  -20.0858
    0.5198   -0.7476   -0.4133
   -0.8517   -0.4912   -0.1827
   -0.0664    0.4470   -0.8921
...    56 A-T ...
  -93.1644  -67.5083  -23.0795
   -0.0447   -0.9079   -0.4167
   -0.9986    0.0293    0.0433
   -0.0271    0.4181   -0.9080
...    57 T-A ...
  -92.4741  -66.2384  -26.0646
   -0.5339   -0.7600   -0.3706
   -0.8454    0.4721    0.2498
   -0.0149    0.4466   -0.8946
...    58 C-G ...
  -92.3578  -64.9994  -29.1889
   -0.9351   -0.3177   -0.1569
   -0.3541    0.8237    0.4429
   -0.0115    0.4697   -0.8828
...    59 T-A ...
  -92.5091  -63.7357  -32.2697
   -0.9829    0.1210    0.1385
    0.1723    0.8695    0.4629
   -0.0644    0.4788   -0.8755
...    60 C-G ...
  -92.7815  -62.1372  -35.1766
   -0.7141    0.5657    0.4123
    0.6940    0.6491    0.3114
   -0.0914    0.5086   -0.8562
...    61 G-C ...
  -92.8415  -60.0837  -37.7054
   -0.2830    0.6845    0.6719
    0.9457    0.3159    0.0765
   -0.1599    0.6571   -0.7367
...    62 A-T ...
  -93.2365  -57.9947  -40.1638
    0.2846    0.6822    0.6735
    0.9520   -0.1186   -0.2821
   -0.1126    0.7215   -0.6832
...    63 G-C ...
  -93.8278  -55.3188  -42.0267
    0.7239    0.4716    0.5035
    0.6866   -0.4214   -0.5925
   -0.0672    0.7746   -0.6289
...    64 C-G ...
  -94.1845  -52.3771  -43.6577
    0.9858    0.1096    0.1274
    0.1676   -0.5905   -0.7894
   -0.0113    0.7996   -0.6005
...    65 T-A ...
  -94.1959  -49.5117  -45.2891
    0.9363   -0.2469   -0.2499
   -0.3468   -0.5364   -0.7694
    0.0559    0.8070   -0.5879
...    66 C-G ...
  -93.7659  -47.0779  -47.3862
    0.5836   -0.5345   -0.6113
   -0.8004   -0.2517   -0.5440
    0.1369    0.8068   -0.5747
...    67 G-C ...
  -93.9166  -44.7012  -49.7848
    0.0502   -0.6294   -0.7755
   -0.9806    0.1161   -0.1577
    0.1893    0.7684   -0.6114
...    68 G-C ...
  -93.0606  -42.2195  -51.8426
   -0.4866   -0.5078   -0.7109
   -0.8581    0.4303    0.2801
    0.1636    0.7464   -0.6451
...    69 G-C ...
  -92.3820  -39.9194  -54.1692
   -0.8785   -0.2686   -0.3951
   -0.4675    0.6534    0.5953
    0.0982    0.7077   -0.6996
...    70 A-T ...
  -91.9419  -37.7630  -56.6572
   -0.9866    0.1603    0.0310
    0.1338    0.6853    0.7158
    0.0935    0.7104   -0.6976
...    71 T-A ...
  -91.9097  -35.8342  -59.3404
   -0.7838    0.4723    0.4032
    0.6158    0.5074    0.6028
    0.0802    0.7208   -0.6885
...    72 C-G ...
  -91.8886  -33.4910  -61.6574
   -0.2889    0.6564    0.6969
    0.9541    0.1377    0.2658
    0.0786    0.7417   -0.6661
...    73 C-G ...
  -91.7956  -31.1489  -63.9589
    0.2107    0.5277    0.8229
    0.9707   -0.2124   -0.1124
    0.1155    0.8225   -0.5570
...    74 G-C ...
  -90.9428  -28.4788  -65.6688
    0.6471    0.2012    0.7354
    0.7359   -0.4172   -0.5333
    0.1995    0.8863   -0.4180
...    75 C-G ...
  -90.4911  -25.1953  -66.6365
    0.9414   -0.0952    0.3236
    0.2502   -0.4461   -0.8593
    0.2261    0.8899   -0.3961
...    76 T-A ...
  -89.3979  -22.0272  -67.4464
    0.9174   -0.3506   -0.1882
   -0.2917   -0.2709   -0.9174
    0.2706    0.8965   -0.3508
...    77 T-A ...
  -88.2728  -19.0760  -68.2231
    0.5982   -0.4272   -0.6780
   -0.7561   -0.0206   -0.6542
    0.2655    0.9039   -0.3353
...    78 T-A ...
  -87.1522  -16.1762  -69.1291
    0.0831   -0.3616   -0.9286
   -0.9600    0.2211   -0.1721
    0.2675    0.9057   -0.3288
...    79 A-T ...
  -86.7188  -13.0753  -70.1224
   -0.4688   -0.1460   -0.8711
   -0.8381    0.3850    0.3865
    0.2789    0.9113   -0.3028
...    80 A-T ...
  -85.6947  -10.2608  -71.1934
   -0.8455    0.0783   -0.5283
   -0.4605    0.3941    0.7954
    0.2704    0.9157   -0.2971
...    81 C-G ...
  -84.7113   -7.4917  -72.7868
   -0.9640    0.2624   -0.0438
    0.0378    0.2981    0.9538
    0.2633    0.9178   -0.2973
...    82 A-T ...
  -83.9891   -4.4583  -73.8642
   -0.8069    0.3036    0.5067
    0.5581    0.1110    0.8223
    0.1934    0.9463   -0.2590
...    83 C-G ...
  -83.9690   -1.3232  -75.0797
   -0.4273    0.2885    0.8569
    0.8856   -0.0571    0.4609
    0.1819    0.9558   -0.2311
...    84 T-A ...
  -84.0654    2.2050  -75.8175
    0.1004    0.1599    0.9820
    0.9759   -0.2080   -0.0659
    0.1937    0.9650   -0.1770
...    85 T-A ...
  -83.8176    5.4162  -76.1856
    0.6205    0.0074    0.7842
    0.7570   -0.2670   -0.5964
    0.2049    0.9637   -0.1713
...    86 T-A ...
  -83.2729    8.5689  -76.5292
    0.9214   -0.1797    0.3446
    0.3039   -0.2195   -0.9271
    0.2423    0.9589   -0.1476
...    87 A-T ...
  -82.2635   11.6412  -77.0010
    0.9102   -0.3854   -0.1516
   -0.1924   -0.0695   -0.9789
    0.3667    0.9201   -0.1374
...    88 T-A ...
  -80.8180   14.5331  -76.7080
    0.7055   -0.4190   -0.5716
   -0.5726    0.1383   -0.8081
    0.4176    0.8974   -0.1424
...    89 G-C ...
  -79.1108   17.3555  -77.1693
    0.1785   -0.3380   -0.9241
   -0.8610    0.4009   -0.3129
    0.4763    0.8515   -0.2194
...    90 C-G ...
  -77.2140   19.8727  -78.1316
   -0.3310   -0.0969   -0.9386
   -0.8165    0.5280    0.2334
    0.4730    0.8437   -0.2539
...    91 T-A ...
  -75.4217   22.4693  -79.5446
   -0.7277    0.2139   -0.6517
   -0.4694    0.5375    0.7005
    0.5002    0.8157   -0.2908
...    92 T-A ...
  -73.7569   24.9633  -80.6917
   -0.8725    0.4643   -0.1524
    0.0099    0.3287    0.9444
    0.4886    0.8224   -0.2914
...    93 C-G ...
  -72.2889   27.6917  -81.9000
   -0.7241    0.5506    0.4154
    0.5009    0.0058    0.8655
    0.4741    0.8348   -0.2799
...    94 C-G ...
  -70.7561   30.3729  -83.0300
   -0.4319    0.3735    0.8209
    0.7901   -0.2822    0.5441
    0.4349    0.8836   -0.1733
...    95 G-C ...
  -69.2649   32.9712  -83.4365
   -0.0560    0.0773    0.9954
    0.9007   -0.4263    0.0837
    0.4308    0.9013   -0.0457
...    96 G-C ...
  -68.1171   36.0923  -83.1352
    0.3874   -0.2472    0.8881
    0.8042   -0.3805   -0.4567
    0.4508    0.8911    0.0514
...    97 C-G ...
  -66.9685   39.1499  -82.3812
    0.7255   -0.4603    0.5117
    0.4852   -0.1851   -0.8546
    0.4881    0.8682    0.0891
...    98 T-A ...
  -65.5217   42.0321  -81.6597
    0.8260   -0.5633    0.0182
    0.0836    0.0906   -0.9924
    0.5574    0.8212    0.1219
...    99 C-G ...
  -63.4028   44.4520  -81.4118
    0.7050   -0.4739   -0.5277
   -0.3234    0.4473   -0.8339
    0.6312    0.7585    0.1621
...   100 G-C ...
  -61.4137   47.0824  -81.3297
    0.3706   -0.1937   -0.9084
   -0.6144    0.6823   -0.3961
    0.6966    0.7049    0.1338
...   101 T-A ...
  -58.8621   49.0180  -81.0646
   -0.0027    0.1576   -0.9875
   -0.6958    0.7090    0.1151
    0.7182    0.6874    0.1077
...   102 A-T ...
  -56.1013   50.9883  -81.0193
   -0.4066    0.5143   -0.7551
   -0.5531    0.5192    0.6515
    0.7271    0.6826    0.0733
...   103 T-A ...
  -53.3714   52.8435  -81.3542
   -0.5999    0.7258   -0.3366
   -0.2937    0.1915    0.9365
    0.7442    0.6607    0.0983
...   104 C-G ...
  -50.8521   54.9402  -81.1202
   -0.6828    0.6675    0.2970
    0.1129   -0.3052    0.9456
    0.7218    0.6792    0.1330
...   105 A-T ...
  -48.3504   57.1814  -80.8837
   -0.6003    0.3305    0.7283
    0.4670   -0.5945    0.6546
    0.6493    0.7330    0.2025
...   106 T-A ...
  -46.6153   59.8550  -80.3913
   -0.3455   -0.0304    0.9379
    0.6965   -0.6782    0.2346
    0.6289    0.7343    0.2555
...   107 G-C ...
  -44.7654   62.6081  -79.2871
   -0.0150   -0.4863    0.8737
    0.7753   -0.5574   -0.2970
    0.6314    0.6729    0.3854
...   108 T-A ...
  -43.3012   65.0474  -77.6209
    0.3227   -0.7304    0.6020
    0.6956   -0.2484   -0.6742
    0.6419    0.6363    0.4279
...   109 T-A ...
  -41.3736   66.9099  -76.0250
    0.5632   -0.8121    0.1525
    0.4693    0.1625   -0.8679
    0.6801    0.5604    0.4727
...   110 A-T ...
  -38.9925   68.5013  -74.5052
    0.6105   -0.7068   -0.3574
    0.1754    0.5608   -0.8092
    0.7723    0.4313    0.4663
...   111 T-A ...
  -36.6092   69.3093  -72.5056
    0.6277   -0.3507   -0.6949
   -0.1193    0.8389   -0.5311
    0.7692    0.4163    0.4848
...   112 A-T ...
  -34.0589   70.8295  -71.0210
    0.4355    0.1602   -0.8858
   -0.4046    0.9139   -0.0336
    0.8041    0.3730    0.4628
...   113 A-T ...
  -31.3943   71.8195  -69.5677
    0.1644    0.6406   -0.7501
   -0.5780    0.6788    0.4530
    0.7993    0.3591    0.4819
...   114 C-G ...
  -28.2237   72.6280  -68.4035
   -0.1427    0.9164   -0.3739
   -0.5881    0.2253    0.7768
    0.7961    0.3307    0.5068
...   115 G-C ...
  -25.8645   73.9028  -66.5815
   -0.5100    0.8563    0.0812
   -0.4090   -0.3245    0.8529
    0.7567    0.4018    0.5158
...   116 G-C ...
  -23.3357   75.3950  -65.0925
   -0.7086    0.5429    0.4508
   -0.1000   -0.7097    0.6974
    0.6985    0.4491    0.5572
...   117 A-T ...
  -21.0423   77.0580  -63.4112
   -0.6694    0.0259    0.7424
    0.3115   -0.8975    0.3122
    0.6744    0.4403    0.5927
...   118 T-A ...
  -19.2870   79.0590  -61.5009
   -0.4810   -0.4114    0.7742
    0.5808   -0.8110   -0.0701
    0.6567    0.4159    0.6290
...   119 A-T ...
  -17.3994   80.3340  -59.2442
   -0.3067   -0.7971    0.5201
    0.7607   -0.5337   -0.3694
    0.5720    0.2823    0.7701
...   120 A-T ...
  -15.8593   81.1773  -56.5442
    0.0803   -0.9831    0.1647
    0.8272   -0.0265   -0.5613
    0.5561    0.1813    0.8111
...   121 T-A ...
  -14.5962   81.5763  -53.5197
    0.4562   -0.8763   -0.1547
    0.6984    0.4603   -0.5481
    0.5515    0.1420    0.8220
...   122 G-C ...
  -12.7840   81.5514  -50.6282
    0.6940   -0.5020   -0.5161
    0.3822    0.8643   -0.3268
    0.6102    0.0295    0.7917
...   123 T-A ...
  -10.7875   81.0112  -48.1453
    0.7917   -0.0430   -0.6093
    0.0450    0.9989   -0.0119
    0.6092   -0.0180    0.7928
...   124 G-C ...
   -8.6432   80.8174  -45.6877
    0.6658    0.5197   -0.5354
   -0.3689    0.8530    0.3692
    0.6486   -0.0483    0.7596
...   125 T-A ...
   -6.3045   80.1983  -43.5099
    0.3859    0.8791   -0.2796
   -0.6493    0.4741    0.5946
    0.6553   -0.0480    0.7538
...   126 C-G ...
   -4.1773   80.0488  -41.1888
   -0.0440    0.9906    0.1296
   -0.7525   -0.1181    0.6479
    0.6571   -0.0690    0.7506
...   127 G-C ...
   -2.5363   79.6575  -38.4660
   -0.4640    0.8141    0.3492
   -0.6650   -0.5806    0.4698
    0.5852   -0.0142    0.8108
...   128 A-T ...
   -0.5592   79.4244  -36.0717
   -0.7684    0.3509    0.5352
   -0.3231   -0.9346    0.1489
    0.5524   -0.0585    0.8315
...   129 C-G ...
    1.2334   79.9532  -33.3698
   -0.8588   -0.1663    0.4846
    0.1043   -0.9828   -0.1525
    0.5016   -0.0804    0.8614
...   130 C-G ...
    2.2270   80.1847  -30.0995
   -0.7872   -0.5823    0.2030
    0.5020   -0.7964   -0.3374
    0.3581   -0.1637    0.9192
...   131 A-T ...
    2.6190   79.0367  -26.9727
   -0.5881   -0.7717   -0.2423
    0.7964   -0.5002   -0.3398
    0.1410   -0.3928    0.9088
...   132 A-T ...
    2.7791   77.6689  -24.0244
   -0.0886   -0.8927   -0.4418
    0.9917   -0.0378   -0.1226
    0.0928   -0.4490    0.8887
...   133 A-T ...
    2.6467   76.1334  -21.1095
    0.5046   -0.7643   -0.4015
    0.8606    0.4823    0.1635
    0.0686   -0.4280    0.9012
...   134 T-A ...
    2.3075   74.2307  -18.3903
    0.8657   -0.4293   -0.2574
    0.4984    0.7868    0.3641
    0.0462   -0.4435    0.8951
...   135 G-C ...
    1.4354   72.0970  -15.6050
    0.9809    0.0621    0.1843
   -0.1263    0.9241    0.3607
   -0.1479   -0.3771    0.9143
...   136 T-A ...
    0.5279   69.2392  -13.4689
    0.7351    0.4963    0.4618
   -0.6117    0.7792    0.1365
   -0.2921   -0.3828    0.8764
...   137 G-C ...
   -0.1659   67.4105  -10.8095
    0.1800    0.8794    0.4408
   -0.9276    0.3008   -0.2214
   -0.3274   -0.3691    0.8698
...   138 A-T ...
   -0.1321   66.2179   -7.8217
   -0.3749    0.8570    0.3536
   -0.8857   -0.2184   -0.4098
   -0.2739   -0.4668    0.8409
...   139 G-C ...
   -1.0069   65.6074   -4.9425
   -0.8336    0.5218    0.1811
   -0.5170   -0.6220   -0.5881
   -0.1942   -0.5839    0.7883
...   140 C-G ...
   -0.6975   63.9003   -2.2528
   -0.9992    0.0157   -0.0376
    0.0023   -0.8993   -0.4374
   -0.0406   -0.4371    0.8985
...   141 G-C ...
   -3.4383   60.2385    1.0283
   -0.4425    0.2285   -0.8672
    0.1683   -0.9287   -0.3306
   -0.8808   -0.2922    0.3725
...   142 C-G ...
   -6.3289   59.0833    1.6293
   -0.2970   -0.3280   -0.8968
    0.5656   -0.8171    0.1115
   -0.7693   -0.4741    0.4282
...   143 T-A ...
   -8.6769   58.7242    3.6024
   -0.0347   -0.7817   -0.6227
    0.6533   -0.4893    0.5778
   -0.7563   -0.3868    0.5276
...   144 C-G ...
  -11.6545   58.0113    4.7193
    0.2451   -0.9542   -0.1716
    0.6322    0.0231    0.7745
   -0.7350   -0.2983    0.6089
...   145 A-T ...
  -14.1760   56.5668    6.1806
    0.5795   -0.7268    0.3687
    0.3139    0.6165    0.7220
   -0.7521   -0.3027    0.5855
...   146 C-G ...
  -16.4651   53.8949    7.5153
    0.5336   -0.3331    0.7774
   -0.0346    0.9098    0.4136
   -0.8450   -0.2476    0.4739
...   147 A-T ...
  -19.0173   52.0374    8.9260
    0.2452    0.2907    0.9249
   -0.3073    0.9281   -0.2103
   -0.9195   -0.2327    0.3169
