  147 base-pairs
...     1 A-T ...
    0.0000    0.0000    0.0000
    1.0000    0.0000    0.0000
    0.0000    1.0000    0.0000
    0.0000    0.0000    1.0000
...     2 G-C ...
   -0.1404   -1.2353    3.2259
    0.7530    0.6366    0.1668
   -0.6385    0.7681   -0.0490
   -0.1593   -0.0696    0.9848
...     3 T-A ...
   -0.0377   -3.2918    6.3749
    0.2722    0.9302    0.2464
   -0.9238    0.3243   -0.2034
   -0.2691   -0.1722    0.9476
...     4 G-C ...
   -0.3520   -4.1638    9.4928
   -0.3756    0.9250    0.0576
   -0.8780   -0.3352   -0.3416
   -0.2967   -0.1788    0.9381
...     5 A-T ...
   -0.4480   -4.1448   12.7498
   -0.8116    0.5839   -0.0166
   -0.5522   -0.7762   -0.3042
   -0.1905   -0.2377    0.9525
...     6 G-C ...
   -1.5926   -4.1701   15.6201
   -0.9976    0.0246   -0.0651
   -0.0043   -0.9555   -0.2950
   -0.0694   -0.2940    0.9533
...     7 C-G ...
   -1.1050   -4.4793   18.7363
   -0.8442   -0.5302   -0.0787
    0.5343   -0.8442   -0.0430
   -0.0437   -0.0784    0.9960
...     8 G-C ...
   -2.4044   -7.7255   23.1483
   -0.2753   -0.3294   -0.9032
    0.6650   -0.7437    0.0686
   -0.6943   -0.5817    0.4238
...     9 C-G ...
   -4.4706   -9.9691   24.1142
    0.1145   -0.7026   -0.7023
    0.8512   -0.2951    0.4341
   -0.5123   -0.6475    0.5642
...    10 T-A ...
   -6.7420  -10.8705   25.9717
    0.4841   -0.8363   -0.2573
    0.6594    0.1554    0.7356
   -0.5752   -0.5257    0.6267
...    11 C-G ...
   -9.1682  -12.6167   27.1662
    0.7073   -0.6683    0.2306
    0.3450    0.6110    0.7125
   -0.6170   -0.4243    0.6627
...    12 A-T ...
  -10.9253  -14.6583   29.0713
    0.7515   -0.1377    0.6452
   -0.2027    0.8824    0.4245
   -0.6278   -0.4498    0.6352
...    13 C-G ...
  -11.8495  -17.4796   31.2472
    0.4294    0.2824    0.8578
   -0.5708    0.8209    0.0155
   -0.6998   -0.4963    0.5137
...    14 A-T ...
  -13.5915  -19.7756   33.4284
   -0.1503    0.6106    0.7775
   -0.6874    0.5007   -0.5261
   -0.7106   -0.6135    0.3445
...    15 A-T ...
  -15.7615  -21.9028   34.5248
   -0.4929    0.7968    0.3496
   -0.4619    0.1008   -0.8812
   -0.7374   -0.5958    0.3184
...    16 T-A ...
  -17.9157  -23.8382   36.2761
   -0.6851    0.7120   -0.1540
   -0.1171   -0.3164   -0.9414
   -0.7190   -0.6269    0.3001
...    17 T-A ...
  -20.2792  -25.7128   37.6101
   -0.6392    0.3880   -0.6640
    0.3126   -0.6578   -0.6853
   -0.7027   -0.6456    0.2991
...    18 T-A ...
  -22.6536  -27.6237   38.5575
   -0.3132    0.0434   -0.9487
    0.5903   -0.7737   -0.2303
   -0.7439   -0.6321    0.2167
...    19 A-T ...
  -25.1887  -29.5468   38.8669
    0.1380   -0.1514   -0.9788
    0.6335   -0.7462    0.2047
   -0.7614   -0.6483   -0.0071
...    20 T-A ...
  -28.0668  -31.1020   38.4966
    0.4478   -0.4767   -0.7565
    0.4741   -0.5908    0.6529
   -0.7581   -0.6510   -0.0386
...    21 T-A ...
  -30.6470  -33.0786   38.0449
    0.6472   -0.7074   -0.2840
    0.1343   -0.2609    0.9560
   -0.7504   -0.6568   -0.0739
...    22 C-G ...
  -33.0052  -35.3041   37.6624
    0.6309   -0.7130    0.3058
   -0.2755    0.1625    0.9475
   -0.7253   -0.6820   -0.0939
...    23 G-C ...
  -35.3112  -37.6919   38.0816
    0.4480   -0.4339    0.7817
   -0.6298    0.4674    0.6204
   -0.6345   -0.7703   -0.0638
...    24 C-G ...
  -37.0848  -40.4094   37.7397
    0.0869   -0.0902    0.9921
   -0.7721    0.6233    0.1243
   -0.6296   -0.7768   -0.0155
...    25 A-T ...
  -39.5101  -42.6164   37.4890
   -0.3497    0.2976    0.8884
   -0.6759    0.5765   -0.4592
   -0.6488   -0.7610   -0.0005
...    26 A-T ...
  -41.5014  -45.2244   37.6623
   -0.6799    0.5510    0.4840
   -0.3558    0.3293   -0.8746
   -0.6412   -0.7668   -0.0278
...    27 A-T ...
  -43.4567  -47.8171   37.9069
   -0.7730    0.6266   -0.0989
    0.1156   -0.0141   -0.9932
   -0.6237   -0.7792   -0.0615
...    28 G-C ...
  -45.7944  -50.2190   38.1340
   -0.5523    0.5901   -0.5888
    0.4863   -0.3456   -0.8025
   -0.6771   -0.7296   -0.0961
...    29 G-C ...
  -48.5046  -52.3567   37.9258
   -0.1202    0.4143   -0.9022
    0.6985   -0.6105   -0.3734
   -0.7055   -0.6750   -0.2160
...    30 C-G ...
  -51.1788  -54.0549   37.1264
    0.3244    0.1034   -0.9402
    0.6396   -0.7563    0.1375
   -0.6969   -0.6460   -0.3115
...    31 C-G ...
  -53.6667  -55.8672   35.8972
    0.6880   -0.2381   -0.6855
    0.3404   -0.7284    0.5946
   -0.6410   -0.6424   -0.4201
...    32 G-C ...
  -55.2270  -58.0276   34.4542
    0.8387   -0.4779   -0.2611
   -0.0813   -0.5840    0.8077
   -0.5385   -0.6562   -0.5287
...    33 G-C ...
  -56.3250  -60.4054   32.3036
    0.6904   -0.6858    0.2304
   -0.5569   -0.3005    0.7743
   -0.4618   -0.6629   -0.5894
...    34 C-G ...
  -57.3596  -62.7112   30.2320
    0.2860   -0.7289    0.6220
   -0.8617    0.0883    0.4997
   -0.4192   -0.6789   -0.6028
...    35 C-G ...
  -58.4603  -65.2862   28.3107
   -0.2511   -0.5640    0.7867
   -0.8880    0.4576    0.0446
   -0.3851   -0.6874   -0.6158
...    36 C-G ...
  -59.5580  -67.7773   26.3467
   -0.6832   -0.2145    0.6981
   -0.6169    0.6811   -0.3944
   -0.3909   -0.7001   -0.5976
...    37 G-C ...
  -61.0754  -69.2960   23.6091
   -0.8856    0.2421    0.3964
   -0.1144    0.7135   -0.6913
   -0.4501   -0.6575   -0.6042
...    38 A-T ...
  -62.2385  -71.4407   21.6566
   -0.7855    0.6165   -0.0545
    0.4321    0.4833   -0.7614
   -0.4430   -0.6216   -0.6460
...    39 C-G ...
  -64.0850  -73.3475   19.8890
   -0.4322    0.8185   -0.3785
    0.7694    0.1157   -0.6282
   -0.4704   -0.5627   -0.6798
...    40 A-T ...
  -65.8386  -75.0532   17.6690
    0.1031    0.8333   -0.5431
    0.8717   -0.3386   -0.3541
   -0.4790   -0.4369   -0.7613
...    41 C-G ...
  -67.6710  -75.8892   15.1414
    0.5570    0.6047   -0.5694
    0.7039   -0.7075   -0.0628
   -0.4408   -0.3658   -0.8197
...    42 G-C ...
  -68.7108  -77.2888   12.3074
    0.8977    0.1577   -0.4115
    0.2534   -0.9487    0.1892
   -0.3606   -0.2741   -0.8916
...    43 A-T ...
  -69.8112  -78.0669    9.4431
    0.8836   -0.4129   -0.2209
   -0.3125   -0.8712    0.3785
   -0.3488   -0.2654   -0.8988
...    44 C-G ...
  -70.5651  -78.3499    6.2317
    0.6120   -0.7896    0.0443
   -0.7340   -0.5462    0.4037
   -0.2945   -0.2796   -0.9138
...    45 T-A ...
  -70.8057  -79.2043    2.6890
    0.1133   -0.9636    0.2423
   -0.9542   -0.0376    0.2969
   -0.2770   -0.2648   -0.9237
...    46 T-A ...
  -71.1293  -79.9166   -0.5131
   -0.3798   -0.8729    0.3063
   -0.8861    0.4383    0.1505
   -0.2657   -0.2142   -0.9400
...    47 A-T ...
  -72.1791  -80.3734   -3.6560
   -0.8433   -0.4278    0.3253
   -0.4688    0.8816   -0.0558
   -0.2629   -0.1995   -0.9440
...    48 C-G ...
  -72.8573  -81.6516   -6.6581
   -0.9614    0.0949    0.2582
    0.0413    0.9778   -0.2057
   -0.2720   -0.1871   -0.9439
...    49 T-A ...
  -74.0102  -82.6398   -9.6523
   -0.7759    0.6016    0.1901
    0.5319    0.7858   -0.3157
   -0.3393   -0.1438   -0.9296
...    50 G-C ...
  -75.3818  -82.8497  -12.7274
   -0.3152    0.9396    0.1334
    0.8650    0.3423   -0.3668
   -0.3903   -0.0002   -0.9207
...    51 T-A ...
  -77.1442  -82.8442  -15.3904
    0.1456    0.9887    0.0361
    0.9127   -0.1202   -0.3904
   -0.3817    0.0898   -0.9199
...    52 A-T ...
  -79.1149  -81.5580  -17.9143
    0.6255    0.7718    0.1142
    0.7339   -0.5323   -0.4220
   -0.2649    0.3477   -0.8994
...    53 G-C ...
  -80.2926  -80.1321  -20.5475
    0.9171    0.3984    0.0132
    0.3586   -0.8102   -0.4637
   -0.1740    0.4300   -0.8859
...    54 G-C ...
  -80.8856  -77.6632  -23.2299
    0.9838   -0.1020   -0.1474
   -0.1582   -0.8807   -0.4465
   -0.0843    0.4625   -0.8826
...    55 T-A ...
  -80.7429  -75.7653  -25.8912
    0.7758   -0.5321   -0.3391
   -0.6286   -0.6984   -0.3421
   -0.0548    0.4786   -0.8763
...    56 A-T ...
  -80.3096  -73.9133  -28.7190
    0.3013   -0.8487   -0.4346
   -0.9535   -0.2677   -0.1383
    0.0011    0.4561   -0.8899
...    57 T-A ...
  -79.5390  -72.2875  -31.5040
   -0.2043   -0.8576   -0.4720
   -0.9789    0.1807    0.0954
    0.0035    0.4815   -0.8764
...    58 C-G ...
  -79.2633  -70.8672  -34.5412
   -0.7489   -0.5743   -0.3306
   -0.6627    0.6477    0.3760
   -0.0018    0.5007   -0.8656
...    59 T-A ...
  -79.2425  -69.5124  -37.5793
   -0.9798   -0.1940   -0.0479
   -0.1922    0.8493    0.4916
   -0.0547    0.4909   -0.8695
...    60 C-G ...
  -79.4984  -67.8838  -40.4563
   -0.9174    0.2915    0.2710
    0.3870    0.8122    0.4364
   -0.0929    0.5052   -0.8580
...    61 G-C ...
  -79.7342  -65.8077  -42.9445
   -0.6032    0.5275    0.5982
    0.7668    0.5898    0.2532
   -0.2192    0.6115   -0.7603
...    62 A-T ...
  -80.2901  -63.8242  -45.4532
   -0.0764    0.7043    0.7057
    0.9757    0.1984   -0.0925
   -0.2052    0.6816   -0.7024
...    63 G-C ...
  -81.3297  -61.3900  -47.4386
    0.4278    0.6544    0.6234
    0.8838   -0.1585   -0.4402
   -0.1893    0.7393   -0.6462
...    64 C-G ...
  -82.2855  -58.6525  -49.1782
    0.8563    0.4107    0.3131
    0.4942   -0.4757   -0.7276
   -0.1499    0.7778   -0.6103
...    65 T-A ...
  -82.8909  -55.8701  -50.8434
    0.9958    0.0740   -0.0531
    0.0009   -0.5915   -0.8063
   -0.0910    0.8029   -0.5892
...    66 C-G ...
  -82.8626  -53.3247  -52.8559
    0.8358   -0.2988   -0.4606
   -0.5487   -0.4817   -0.6833
   -0.0177    0.8238   -0.5666
...    67 G-C ...
  -83.2257  -51.0517  -55.2794
    0.4156   -0.5616   -0.7155
   -0.9080   -0.2106   -0.3621
    0.0527    0.8001   -0.5975
...    68 G-C ...
  -82.7991  -48.3950  -57.2378
   -0.1255   -0.6299   -0.7664
   -0.9911    0.1141    0.0686
    0.0443    0.7682   -0.6387
...    69 G-C ...
  -82.4160  -45.9744  -59.5103
   -0.6291   -0.5457   -0.5536
   -0.7773    0.4495    0.4402
    0.0086    0.7072   -0.7069
...    70 A-T ...
  -82.1892  -43.7769  -61.9789
   -0.9634   -0.1896   -0.1895
   -0.2681    0.6839    0.6785
    0.0009    0.7045   -0.7097
...    71 T-A ...
  -82.2127  -41.9384  -64.7244
   -0.9667    0.1689    0.1925
    0.2555    0.6858    0.6814
   -0.0169    0.7079   -0.7061
...    72 C-G ...
  -82.4747  -39.7225  -67.1484
   -0.6442    0.5130    0.5673
    0.7642    0.4610    0.4510
   -0.0301    0.7241   -0.6890
...    73 C-G ...
  -83.1082  -37.3091  -69.6465
   -0.1327    0.6205    0.7729
    0.9902    0.1167    0.0764
   -0.0428    0.7755   -0.6299
...    74 T-A ...
  -83.6507  -34.6250  -71.3820
    0.3608    0.5332    0.7652
    0.9323   -0.1831   -0.3120
   -0.0263    0.8259   -0.5632
...    75 C-G ...
  -83.7644  -31.7440  -72.8884
    0.7986    0.3057    0.5185
    0.6019   -0.4132   -0.6834
    0.0053    0.8578   -0.5140
...    76 A-T ...
  -84.0897  -28.5032  -74.0343
    0.9831   -0.0468    0.1769
    0.1412   -0.4209   -0.8961
    0.1164    0.9059   -0.4072
...    77 T-A ...
  -83.5964  -25.4210  -74.8651
    0.9251   -0.2858   -0.2499
   -0.3403   -0.3323   -0.8796
    0.1683    0.8988   -0.4047
...    78 G-C ...
  -82.6843  -22.3346  -76.0345
    0.5638   -0.4969   -0.6597
   -0.7907   -0.0939   -0.6049
    0.2386    0.8627   -0.4458
...    79 T-A ...
  -81.2877  -19.5318  -77.1996
    0.0780   -0.4832   -0.8721
   -0.9657    0.1805   -0.1864
    0.2475    0.8567   -0.4525
...    80 T-A ...
  -80.2850  -16.8921  -78.6635
   -0.4495   -0.3099   -0.8378
   -0.8541    0.4237    0.3015
    0.2616    0.8511   -0.4551
...    81 A-T ...
  -79.6423  -13.9432  -80.0934
   -0.8631   -0.0427   -0.5032
   -0.4487    0.5218    0.7255
    0.2316    0.8520   -0.4696
...    82 T-A ...
  -78.7361  -11.6262  -82.1552
   -0.9678    0.2307   -0.1011
    0.0192    0.4679    0.8835
    0.2512    0.8531   -0.4573
...    83 A-T ...
  -77.9377   -8.7146  -83.5337
   -0.8105    0.3993    0.4285
    0.5523    0.2774    0.7861
    0.1950    0.8739   -0.4454
...    84 A-T ...
  -77.4927   -5.9659  -85.0342
   -0.4113    0.4528    0.7911
    0.8916    0.0197    0.4524
    0.1893    0.8914   -0.4118
...    85 C-G ...
  -77.6282   -2.9023  -86.5210
    0.1057    0.3689    0.9235
    0.9744   -0.2237   -0.0222
    0.1984    0.9022   -0.3831
...    86 G-C ...
  -76.5484    0.0192  -87.4078
    0.5286    0.0312    0.8483
    0.8036   -0.3403   -0.4882
    0.2735    0.9398   -0.2050
...    87 G-C ...
  -75.4987    3.1265  -87.4944
    0.8196   -0.2544    0.5134
    0.4570   -0.2503   -0.8535
    0.3456    0.9342   -0.0889
...    88 A-T ...
  -74.2797    6.1181  -87.4967
    0.9231   -0.3825   -0.0397
   -0.0580   -0.0365   -0.9976
    0.3801    0.9232   -0.0559
...    89 G-C ...
  -72.7928    9.0689  -87.3589
    0.7516   -0.3961   -0.5275
   -0.4978    0.1840   -0.8475
    0.4328    0.8996   -0.0589
...    90 C-G ...
  -70.9198   11.9047  -87.2986
    0.3216   -0.2558   -0.9116
   -0.8251    0.3966   -0.4024
    0.4645    0.8816   -0.0835
...    91 T-A ...
  -68.8410   14.6075  -87.8356
   -0.1904    0.0012   -0.9817
   -0.8394    0.5184    0.1634
    0.5092    0.8551   -0.0977
...    92 T-A ...
  -66.8725   17.1526  -88.3224
   -0.6128    0.3314   -0.7174
   -0.5858    0.4187    0.6939
    0.5303    0.8455   -0.0624
...    93 T-A ...
  -64.9784   19.7579  -88.7707
   -0.8239    0.5264   -0.2100
   -0.1519    0.1519    0.9767
    0.5460    0.8366   -0.0452
...    94 A-T ...
  -63.1329   22.4649  -88.5527
   -0.7724    0.5117    0.3762
    0.3312   -0.1809    0.9261
    0.5419    0.8399   -0.0297
...    95 A-T ...
  -61.5493   25.1932  -88.7643
   -0.5095    0.3071    0.8038
    0.6775   -0.4326    0.5948
    0.5304    0.8476    0.0123
...    96 C-G ...
  -60.3953   28.3077  -88.9184
   -0.1273    0.0148    0.9918
    0.8398   -0.5305    0.1157
    0.5278    0.8476    0.0551
...    97 A-T ...
  -58.8256   31.1992  -88.5469
    0.2642   -0.3740    0.8890
    0.7960   -0.4359   -0.4199
    0.5445    0.8186    0.1825
...    98 C-G ...
  -57.4439   34.0078  -87.3865
    0.5986   -0.5786    0.5540
    0.5705   -0.1775   -0.8019
    0.5623    0.7960    0.2238
...    99 T-A ...
  -55.5710   36.6686  -85.8508
    0.7755   -0.6312    0.0166
    0.1701    0.1835   -0.9682
    0.6081    0.7536    0.2497
...   100 T-A ...
  -53.5642   38.9270  -84.6473
    0.7453   -0.4063   -0.5286
   -0.2903    0.5160   -0.8059
    0.6002    0.7541    0.2666
...   101 T-A ...
  -51.4987   41.1716  -83.5619
    0.4666   -0.0450   -0.8833
   -0.6511    0.6585   -0.3775
    0.5986    0.7512    0.2780
...   102 A-T ...
  -49.6778   43.8613  -82.7255
   -0.0057    0.3342   -0.9425
   -0.7967    0.5681    0.2062
    0.6044    0.7520    0.2630
...   103 T-A ...
  -47.1731   45.9162  -82.2252
   -0.3825    0.5455   -0.7457
   -0.7005    0.3550    0.6191
    0.6025    0.7592    0.2463
...   104 G-C ...
  -45.1412   48.4912  -81.7199
   -0.7795    0.5777   -0.2421
   -0.3088   -0.0181    0.9509
    0.5450    0.8160    0.1926
...   105 C-G ...
  -43.6125   51.3602  -81.4583
   -0.8508    0.4376    0.2910
    0.1418   -0.3420    0.9289
    0.5061    0.8316    0.2289
...   106 T-A ...
  -42.1476   54.4186  -81.0175
   -0.6552    0.1444    0.7416
    0.5900   -0.5153    0.6216
    0.4719    0.8448    0.2524
...   107 T-A ...
  -40.8208   57.2275  -80.2821
   -0.2675   -0.2087    0.9407
    0.8506   -0.5097    0.1288
    0.4526    0.8346    0.3139
...   108 C-G ...
  -39.6043   59.9977  -79.0631
    0.1808   -0.5304    0.8282
    0.8701   -0.3063   -0.3861
    0.4585    0.7905    0.4062
...   109 C-G ...
  -38.3182   62.6943  -77.7181
    0.5080   -0.7251    0.4649
    0.6730   -0.0028   -0.7396
    0.5376    0.6886    0.4866
...   110 G-C ...
  -36.4348   64.5818  -76.2789
    0.6861   -0.7274   -0.0145
    0.3852    0.3800   -0.8409
    0.6172    0.5714    0.5409
...   111 G-C ...
  -34.0280   65.8538  -74.3238
    0.7407   -0.4553   -0.4941
    0.0152    0.7466   -0.6651
    0.6717    0.4851    0.5599
...   112 C-G ...
  -31.4663   66.8157  -72.3740
    0.6156   -0.0001   -0.7881
   -0.3562    0.8920   -0.2783
    0.7030    0.4520    0.5491
...   113 T-A ...
  -29.0389   68.0642  -70.5681
    0.3460    0.4609   -0.8172
   -0.5985    0.7792    0.1860
    0.7225    0.4248    0.5455
...   114 C-G ...
  -26.7671   69.6942  -68.8856
   -0.0628    0.8256   -0.5607
   -0.6652    0.3842    0.6402
    0.7440    0.4132    0.5251
...   115 G-C ...
  -24.6564   71.1060  -66.8142
   -0.4526    0.8845   -0.1129
   -0.5230   -0.1608    0.8371
    0.7222    0.4379    0.5353
...   116 T-A ...
  -22.2687   72.9498  -65.4977
   -0.6838    0.6568    0.3179
   -0.2208   -0.6015    0.7677
    0.6955    0.4547    0.5563
...   117 A-T ...
  -19.9798   75.0006  -63.9597
   -0.7542    0.1775    0.6322
    0.1894   -0.8630    0.4684
    0.6287    0.4730    0.6172
...   118 T-A ...
  -18.2771   77.1083  -62.2266
   -0.5819   -0.2615    0.7701
    0.5129   -0.8528    0.0980
    0.6312    0.4520    0.6303
...   119 A-T ...
  -16.4294   78.5382  -59.9950
   -0.3880   -0.7031    0.5959
    0.7465   -0.6190   -0.2443
    0.5406    0.3500    0.7650
...   120 A-T ...
  -14.9840   79.6471  -57.3340
    0.0098   -0.9577    0.2876
    0.8545   -0.1413   -0.4998
    0.5193    0.2507    0.8170
...   121 T-A ...
  -13.8513   80.3469  -54.3156
    0.4101   -0.9117   -0.0242
    0.7530    0.3534   -0.5551
    0.5147    0.2094    0.8314
...   122 G-C ...
  -12.1569   80.5794  -51.3456
    0.6859   -0.5911   -0.4243
    0.4467    0.8024   -0.3958
    0.5744    0.0819    0.8144
...   123 T-A ...
  -10.2917   80.1934  -48.7331
    0.8127   -0.1438   -0.5646
    0.0997    0.9891   -0.1083
    0.5741    0.0317    0.8182
...   124 G-C ...
   -8.2498   80.1546  -46.1685
    0.7110    0.4377   -0.5503
   -0.3408    0.8991    0.2747
    0.6150   -0.0077    0.7885
...   125 T-A ...
   -6.0285   79.6384  -43.8455
    0.4360    0.8347   -0.3365
   -0.6481    0.5507    0.5261
    0.6244   -0.0113    0.7811
...   126 C-G ...
   -3.9895   79.6116  -41.4370
   -0.0049    0.9987    0.0502
   -0.7783   -0.0353    0.6269
    0.6278   -0.0360    0.7775
...   127 G-C ...
   -2.4866   79.3239  -38.6030
   -0.4408    0.8463    0.2990
   -0.6962   -0.5326    0.4813
    0.5666    0.0040    0.8240
...   128 A-T ...
   -0.5657   79.1330  -36.1490
   -0.7662    0.3972    0.5051
   -0.3556   -0.9168    0.1815
    0.5352   -0.0405    0.8438
...   129 C-G ...
    1.1982   79.7064  -33.4315
   -0.8703   -0.1252    0.4764
    0.0787   -0.9901   -0.1164
    0.4862   -0.0638    0.8715
...   130 C-G ...
    2.1950   79.9954  -30.1731
   -0.8006   -0.5609    0.2106
    0.4894   -0.8150   -0.3102
    0.3457   -0.1453    0.9270
...   131 A-T ...
    2.6131   78.9137  -27.0285
   -0.5930   -0.7724   -0.2275
    0.7939   -0.5138   -0.3253
    0.1344   -0.3735    0.9179
...   132 A-T ...
    2.7801   77.6108  -24.0534
   -0.0912   -0.8984   -0.4296
    0.9920   -0.0444   -0.1178
    0.0868   -0.4369    0.8953
...   133 A-T ...
    2.6380   76.1080  -21.1198
    0.5029   -0.7691   -0.3943
    0.8619    0.4804    0.1623
    0.0646   -0.4215    0.9045
...   134 T-A ...
    2.3075   74.2307  -18.3901
    0.8657   -0.4293   -0.2574
    0.4984    0.7868    0.3641
    0.0462   -0.4435    0.8951
...   135 G-C ...
    1.4354   72.0970  -15.6049
    0.9809    0.0621    0.1843
   -0.1263    0.9241    0.3607
   -0.1479   -0.3771    0.9143
...   136 T-A ...
    0.5279   69.2393  -13.4687
    0.7351    0.4963    0.4618
   -0.6117    0.7792    0.1365
   -0.2921   -0.3828    0.8764
...   137 G-C ...
   -0.1659   67.4105  -10.8094
    0.1800    0.8794    0.4408
   -0.9276    0.3008   -0.2214
   -0.3274   -0.3691    0.8698
...   138 A-T ...
   -0.1321   66.2180   -7.8215
   -0.3749    0.8570    0.3536
   -0.8857   -0.2184   -0.4098
   -0.2739   -0.4668    0.8409
...   139 G-C ...
   -1.0069   65.6074   -4.9423
   -0.8336    0.5218    0.1811
   -0.5170   -0.6220   -0.5881
   -0.1942   -0.5839    0.7883
...   140 C-G ...
   -0.6975   63.9003   -2.2527
   -0.9992    0.0157   -0.0376
    0.0023   -0.8993   -0.4374
   -0.0406   -0.4371    0.8985
...   141 G-C ...
   -3.4383   60.2385    1.0285
   -0.4425    0.2285   -0.8672
    0.1683   -0.9287   -0.3306
   -0.8808   -0.2922    0.3725
...   142 C-G ...
   -6.3289   59.0834    1.6294
   -0.2970   -0.3280   -0.8968
    0.5656   -0.8171    0.1115
   -0.7693   -0.4741    0.4282
...   143 T-A ...
   -8.6769   58.7242    3.6025
   -0.0347   -0.7817   -0.6227
    0.6533   -0.4893    0.5778
   -0.7563   -0.3868    0.5276
...   144 C-G ...
  -11.6545   58.0113    4.7194
    0.2451   -0.9542   -0.1716
    0.6322    0.0231    0.7745
   -0.7350   -0.2983    0.6089
...   145 A-T ...
  -14.1760   56.5668    6.1808
    0.5795   -0.7268    0.3687
    0.3139    0.6165    0.7220
   -0.7521   -0.3027    0.5855
...   146 C-G ...
  -16.4651   53.8949    7.5154
    0.5336   -0.3331    0.7774
   -0.0346    0.9098    0.4136
   -0.8450   -0.2476    0.4739
...   147 A-T ...
  -19.0173   52.0374    8.9261
    0.2452    0.2907    0.9249
   -0.3073    0.9281   -0.2103
   -0.9195   -0.2327    0.3169
