  147 base-pairs
...     1 A-T ...
    0.0000    0.0000    0.0000
    1.0000    0.0000    0.0000
    0.0000    1.0000    0.0000
    0.0000    0.0000    1.0000
...     2 G-C ...
   -0.1404   -1.2353    3.2259
    0.7530    0.6366    0.1668
   -0.6385    0.7681   -0.0490
   -0.1593   -0.0696    0.9848
...     3 T-A ...
   -0.0377   -3.2918    6.3749
    0.2722    0.9302    0.2464
   -0.9238    0.3243   -0.2034
   -0.2691   -0.1722    0.9476
...     4 G-C ...
   -0.3520   -4.1638    9.4928
   -0.3756    0.9250    0.0576
   -0.8780   -0.3352   -0.3416
   -0.2967   -0.1788    0.9381
...     5 A-T ...
   -0.4480   -4.1448   12.7498
   -0.8116    0.5839   -0.0166
   -0.5522   -0.7762   -0.3042
   -0.1905   -0.2377    0.9525
...     6 G-C ...
   -1.5926   -4.1701   15.6201
   -0.9976    0.0246   -0.0651
   -0.0043   -0.9555   -0.2950
   -0.0694   -0.2940    0.9533
...     7 C-G ...
   -1.1050   -4.4793   18.7363
   -0.8442   -0.5302   -0.0787
    0.5343   -0.8442   -0.0430
   -0.0437   -0.0784    0.9960
...     8 G-C ...
   -2.4044   -7.7255   23.1483
   -0.2753   -0.3294   -0.9032
    0.6650   -0.7437    0.0686
   -0.6943   -0.5817    0.4238
...     9 C-G ...
   -4.4706   -9.9691   24.1142
    0.1145   -0.7026   -0.7023
    0.8512   -0.2951    0.4341
   -0.5123   -0.6475    0.5642
...    10 T-A ...
   -6.7420  -10.8705   25.9717
    0.4841   -0.8363   -0.2573
    0.6594    0.1554    0.7356
   -0.5752   -0.5257    0.6267
...    11 C-G ...
   -9.1682  -12.6167   27.1662
    0.7073   -0.6683    0.2306
    0.3450    0.6110    0.7125
   -0.6170   -0.4243    0.6627
...    12 A-T ...
  -10.9253  -14.6583   29.0713
    0.7515   -0.1377    0.6452
   -0.2027    0.8824    0.4245
   -0.6278   -0.4498    0.6352
...    13 C-G ...
  -11.8495  -17.4796   31.2472
    0.4294    0.2824    0.8578
   -0.5708    0.8209    0.0155
   -0.6998   -0.4963    0.5137
...    14 A-T ...
  -13.5915  -19.7756   33.4284
   -0.1503    0.6106    0.7775
   -0.6874    0.5007   -0.5261
   -0.7106   -0.6135    0.3445
...    15 A-T ...
  -15.6977  -21.8520   34.7531
   -0.5005    0.7847    0.3658
   -0.4768    0.1028   -0.8730
   -0.7226   -0.6113    0.3227
...    16 T-A ...
  -17.8108  -23.7159   36.4154
   -0.6500    0.7522   -0.1082
   -0.1682   -0.2813   -0.9448
   -0.7411   -0.5959    0.3094
...    17 T-A ...
  -20.2279  -25.4690   37.6227
   -0.5959    0.5247   -0.6079
    0.2029   -0.6341   -0.7462
   -0.7770   -0.5680    0.2714
...    18 T-A ...
  -22.8603  -27.0519   38.5730
   -0.3452    0.1554   -0.9256
    0.4753   -0.8215   -0.3151
   -0.8093   -0.5487    0.2097
...    19 A-T ...
  -26.0046  -28.2006   38.9075
    0.1047   -0.1144   -0.9879
    0.5233   -0.8384    0.1526
   -0.8457   -0.5330   -0.0279
...    20 T-A ...
  -29.0251  -29.3562   38.4817
    0.3694   -0.4850   -0.7927
    0.3897   -0.6935    0.6059
   -0.8436   -0.5327   -0.0672
...    21 T-A ...
  -31.8219  -30.8930   37.9576
    0.5291   -0.7776   -0.3398
    0.1049   -0.3374    0.9355
   -0.8421   -0.5306   -0.0969
...    22 C-G ...
  -34.4366  -32.7578   37.4288
    0.5073   -0.8247    0.2498
   -0.2449    0.1400    0.9594
   -0.8262   -0.5479   -0.1309
...    23 G-C ...
  -37.1837  -34.5862   37.4260
    0.3393   -0.5829    0.7383
   -0.5218    0.5364    0.6633
   -0.7827   -0.6104   -0.1222
...    24 C-G ...
  -39.5158  -36.8622   36.8762
    0.0199   -0.1963    0.9803
   -0.6264    0.7618    0.1652
   -0.7792   -0.6174   -0.1078
...    25 A-T ...
  -42.2238  -38.6813   36.4746
   -0.2844    0.2994    0.9108
   -0.5319    0.7411   -0.4097
   -0.7977   -0.6009   -0.0515
...    26 A-T ...
  -44.6597  -40.8270   36.4861
   -0.5414    0.6503    0.5329
   -0.2647    0.4697   -0.8422
   -0.7980   -0.5970   -0.0821
...    27 A-T ...
  -47.2176  -42.8072   36.4919
   -0.5827    0.8127   -0.0079
    0.0878    0.0533   -0.9947
   -0.8079   -0.5803   -0.1025
...    28 G-C ...
  -49.9928  -44.5400   36.4478
   -0.3763    0.7925   -0.4800
    0.3709   -0.3459   -0.8619
   -0.8490   -0.5023   -0.1637
...    29 G-C ...
  -53.0772  -45.8243   36.1017
   -0.0221    0.5750   -0.8178
    0.4883   -0.7076   -0.5107
   -0.8724   -0.4107   -0.2651
...    30 C-G ...
  -56.1154  -46.6201   35.2332
    0.3043    0.1674   -0.9378
    0.4044   -0.9140   -0.0320
   -0.8625   -0.3695   -0.3458
...    31 C-G ...
  -58.9922  -47.3904   33.6715
    0.5639   -0.2754   -0.7786
    0.1452   -0.8950    0.4218
   -0.8130   -0.3509   -0.4647
...    32 G-C ...
  -61.3883  -48.8849   31.9493
    0.6472   -0.6613   -0.3794
   -0.2461   -0.6522    0.7170
   -0.7215   -0.3706   -0.5848
...    33 G-C ...
  -63.4232  -50.1498   29.5725
    0.4658   -0.8803    0.0902
   -0.5919   -0.2341    0.7713
   -0.6578   -0.4126   -0.6301
...    34 C-G ...
  -65.2389  -51.6199   27.2266
    0.0834   -0.8619    0.5001
   -0.7677    0.2644    0.5837
   -0.6354   -0.4326   -0.6397
...    35 C-G ...
  -67.1420  -53.3145   25.0267
   -0.3180   -0.5671    0.7598
   -0.7036    0.6783    0.2117
   -0.6354   -0.4673   -0.6147
...    36 C-G ...
  -69.1130  -55.1235   22.9836
   -0.6127   -0.0921    0.7849
   -0.4216    0.8781   -0.2261
   -0.6685   -0.4695   -0.5768
...    37 G-C ...
  -71.3790  -56.2492   20.8431
   -0.6772    0.4430    0.5876
   -0.0029    0.7969   -0.6041
   -0.7358   -0.4108   -0.5384
...    38 A-T ...
  -73.7244  -57.6963   19.1187
   -0.5237    0.8347    0.1702
    0.3964    0.4156   -0.8186
   -0.7540   -0.3612   -0.5486
...    39 C-G ...
  -76.4911  -58.8978   17.8646
   -0.2147    0.9499   -0.2272
    0.6070   -0.0525   -0.7930
   -0.7652   -0.3082   -0.5653
...    40 A-T ...
  -79.1128  -59.7445   15.9931
    0.2560    0.8234   -0.5064
    0.6043   -0.5452   -0.5810
   -0.7545   -0.1573   -0.6372
...    41 C-G ...
  -81.8111  -59.6724   14.1771
    0.5696    0.4601   -0.6811
    0.3842   -0.8816   -0.2742
   -0.7266   -0.1056   -0.6789
...    42 G-C ...
  -83.8973  -60.0370   11.6412
    0.7929   -0.0467   -0.6076
   -0.0151   -0.9983    0.0570
   -0.6092   -0.0360   -0.7922
...    43 A-T ...
  -85.6898  -60.0158    8.9270
    0.6753   -0.5972   -0.4328
   -0.4825   -0.8015    0.3532
   -0.5578   -0.0297   -0.8294
...    44 C-G ...
  -87.0061  -59.7382    5.9088
    0.3514   -0.9191   -0.1784
   -0.7749   -0.3925    0.4954
   -0.5253   -0.0358   -0.8501
...    45 T-A ...
  -88.3598  -59.9096    2.9062
   -0.0775   -0.9890    0.1258
   -0.8664    0.1292    0.4823
   -0.4933   -0.0717   -0.8669
...    46 T-A ...
  -89.6282  -60.1960   -0.0802
   -0.5746   -0.7471    0.3343
   -0.6690    0.6640    0.3340
   -0.4715   -0.0317   -0.8813
...    47 A-T ...
  -91.2969  -59.9319   -2.9584
   -0.8749   -0.1930    0.4442
   -0.1747    0.9812    0.0824
   -0.4518   -0.0055   -0.8921
...    48 C-G ...
  -92.8250  -60.5445   -5.8263
   -0.8334    0.3327    0.4414
    0.2997    0.9430   -0.1449
   -0.4644    0.0115   -0.8856
...    49 T-A ...
  -94.6050  -60.6901   -8.5933
   -0.5362    0.7590    0.3693
    0.6823    0.6474   -0.3397
   -0.4969    0.0698   -0.8650
...    50 G-C ...
  -96.3346  -60.2358  -11.3893
   -0.0246    0.9659    0.2576
    0.8587    0.1524   -0.4893
   -0.5119    0.2092   -0.8332
...    51 T-A ...
  -98.4837  -59.4020  -13.7004
    0.4334    0.9004    0.0368
    0.7584   -0.3423   -0.5547
   -0.4868    0.2683   -0.8313
...    52 A-T ...
 -100.2463  -57.9034  -16.1160
    0.8298    0.5538   -0.0692
    0.4324   -0.7164   -0.5475
   -0.3527    0.4244   -0.8339
...    53 G-C ...
 -101.3444  -56.1222  -18.6445
    0.9640    0.0897   -0.2504
   -0.0410   -0.8801   -0.4730
   -0.2628    0.4662   -0.8447
...    54 G-C ...
 -101.7633  -54.1676  -21.3630
    0.8269   -0.4189   -0.3751
   -0.5415   -0.7730   -0.3305
   -0.1515    0.4764   -0.8661
...    55 T-A ...
 -101.7305  -52.2329  -24.0300
    0.4453   -0.7628   -0.4688
   -0.8874   -0.4456   -0.1178
   -0.1191    0.4685   -0.8754
...    56 A-T ...
 -102.2234  -50.7419  -26.9511
   -0.1523   -0.8842   -0.4417
   -0.9835    0.0917    0.1557
   -0.0972    0.4581   -0.8836
...    57 T-A ...
 -101.8739  -49.4523  -29.9750
   -0.6246   -0.7106   -0.3239
   -0.7763    0.5197    0.3569
   -0.0852    0.4743   -0.8762
...    58 C-G ...
 -102.0975  -48.0061  -32.9007
   -0.9571   -0.2855   -0.0504
   -0.2739    0.8333    0.4802
   -0.0951    0.4734   -0.8757
...    59 T-A ...
 -102.5147  -46.7458  -35.9205
   -0.9580    0.1550    0.2413
    0.2506    0.8617    0.4412
   -0.1395    0.4831   -0.8644
...    60 C-G ...
 -103.0372  -45.2551  -38.7733
   -0.6400    0.5968    0.4840
    0.7518    0.6164    0.2341
   -0.1586    0.5137   -0.8432
...    61 G-C ...
 -103.3167  -43.3500  -41.4599
   -0.1257    0.7478    0.6519
    0.9752    0.2137   -0.0571
   -0.1821    0.6286   -0.7561
...    62 A-T ...
 -104.0285  -41.2811  -43.8473
    0.4479    0.6953    0.5621
    0.8802   -0.2324   -0.4139
   -0.1572    0.6801   -0.7160
...    63 G-C ...
 -104.7338  -38.8231  -45.9015
    0.8337    0.4222    0.3559
    0.5456   -0.5302   -0.6490
   -0.0853    0.7352   -0.6724
...    64 C-G ...
 -105.0110  -36.0795  -47.6656
    0.9993    0.0358    0.0147
    0.0344   -0.6492   -0.7598
   -0.0176    0.7598   -0.6500
...    65 T-A ...
 -104.8016  -33.3526  -49.4838
    0.8831   -0.3479   -0.3150
   -0.4638   -0.5450   -0.6985
    0.0713    0.7629   -0.6426
...    66 C-G ...
 -104.3128  -30.8882  -51.5486
    0.4648   -0.6192   -0.6329
   -0.8776   -0.2277   -0.4218
    0.1170    0.7515   -0.6493
...    67 G-C ...
 -104.1721  -28.6135  -53.9470
   -0.0933   -0.7062   -0.7018
   -0.9815    0.1835   -0.0542
    0.1670    0.6838   -0.7103
...    68 G-C ...
 -103.3232  -26.5473  -56.4628
   -0.6073   -0.5409   -0.5819
   -0.7792    0.5485    0.3033
    0.1551    0.6376   -0.7546
...    69 G-C ...
 -102.6685  -24.6604  -59.1685
   -0.9357   -0.2036   -0.2880
   -0.3363    0.7614    0.5543
    0.1064    0.6155   -0.7809
...    70 A-T ...
 -102.2579  -22.7423  -61.7807
   -0.9608    0.2597    0.0969
    0.2616    0.7340    0.6267
    0.0916    0.6275   -0.7732
...    71 T-A ...
 -102.3025  -21.1571  -64.6677
   -0.7055    0.5897    0.3932
    0.7015    0.5019    0.5059
    0.1010    0.6327   -0.7678
...    72 C-G ...
 -102.0893  -19.1169  -67.2002
   -0.1889    0.7380    0.6478
    0.9770    0.0747    0.1998
    0.0991    0.6707   -0.7351
...    73 C-G ...
 -102.1696  -16.7601  -69.6097
    0.3239    0.5890    0.7404
    0.9367   -0.3096   -0.1635
    0.1329    0.7465   -0.6520
...    74 G-C ...
 -101.4412  -14.2809  -71.6710
    0.7308    0.2150    0.6479
    0.6407   -0.5435   -0.5423
    0.2355    0.8114   -0.5350
...    75 C-G ...
 -100.7725  -11.3497  -72.9627
    0.9370   -0.1571    0.3121
    0.1779   -0.5542   -0.8132
    0.3007    0.8174   -0.4913
...    76 T-A ...
  -99.5971   -8.5307  -74.1640
    0.8736   -0.4779   -0.0920
   -0.2924   -0.3644   -0.8841
    0.3890    0.7993   -0.4581
...    77 T-A ...
  -98.1598   -5.8910  -75.3640
    0.5694   -0.6070   -0.5543
   -0.7132   -0.0294   -0.7004
    0.4088    0.7942   -0.4497
...    78 T-A ...
  -96.5545   -3.3644  -76.6134
    0.0875   -0.5133   -0.8537
   -0.9036    0.3199   -0.2850
    0.4194    0.7963   -0.4358
...    79 A-T ...
  -95.3139   -0.6705  -78.0963
   -0.4578   -0.2378   -0.8567
   -0.7790    0.5717    0.2576
    0.4285    0.7853   -0.4469
...    80 T-A ...
  -93.4688    1.4345  -79.8491
   -0.7768    0.0916   -0.6230
   -0.4501    0.6111    0.6511
    0.4404    0.7862   -0.4335
...    81 C-G ...
  -92.0333    3.9362  -81.3848
   -0.9019    0.4119   -0.1298
    0.0752    0.4458    0.8920
    0.4253    0.7947   -0.4330
...    82 A-T ...
  -90.6228    6.6248  -82.6784
   -0.7509    0.5106    0.4188
    0.5598    0.1556    0.8139
    0.3504    0.8456   -0.4027
...    83 T-A ...
  -90.0075    9.3386  -84.4224
   -0.3861    0.5116    0.7676
    0.8521   -0.1209    0.5092
    0.3533    0.8507   -0.3892
...    84 G-C ...
  -88.9148   12.2832  -85.4971
    0.0677    0.2487    0.9662
    0.9326   -0.3599    0.0273
    0.3545    0.8992   -0.2563
...    85 T-A ...
  -88.3235   15.4412  -86.1039
    0.4959   -0.0139    0.8683
    0.7801   -0.4321   -0.4525
    0.3815    0.9017   -0.2034
...    86 T-A ...
  -87.2497   18.4539  -86.5217
    0.8164   -0.2832    0.5032
    0.4018   -0.3473   -0.8473
    0.4147    0.8940   -0.1698
...    87 A-T ...
  -85.7194   21.4062  -86.5242
    0.8276   -0.5602    0.0362
   -0.0311   -0.1102   -0.9934
    0.5605    0.8210   -0.1086
...    88 T-A ...
  -83.7400   23.9928  -86.1871
    0.6989   -0.5569   -0.4487
   -0.4196    0.1887   -0.8879
    0.5792    0.8088   -0.1018
...    89 A-T ...
  -81.6723   26.5426  -86.5540
    0.3124   -0.4142   -0.8549
   -0.7071    0.4996   -0.5005
    0.6344    0.7608   -0.1368
...    90 A-T ...
  -79.3505   28.7839  -86.9230
   -0.1167   -0.0500   -0.9919
   -0.7572    0.6507    0.0563
    0.6426    0.7577   -0.1138
...    91 C-G ...
  -76.8235   30.8420  -87.5467
   -0.4887    0.2831   -0.8253
   -0.5861    0.5942    0.5509
    0.6463    0.7528   -0.1244
...    92 G-C ...
  -74.9555   33.5643  -87.6986
   -0.7754    0.5028   -0.3820
   -0.2174    0.3554    0.9091
    0.5928    0.7880   -0.1662
...    93 G-C ...
  -72.9872   36.1470  -88.5805
   -0.8136    0.5581    0.1631
    0.2214    0.0379    0.9745
    0.5376    0.8289   -0.1544
...    94 A-T ...
  -71.2414   38.8194  -89.2143
   -0.5676    0.4494    0.6898
    0.6338   -0.2963    0.7145
    0.5255    0.8428   -0.1167
...    95 A-T ...
  -69.7876   41.6680  -89.7022
   -0.1479    0.1983    0.9689
    0.8337   -0.5020    0.2300
    0.5321    0.8418   -0.0911
...    96 C-G ...
  -68.6151   44.7087  -89.9070
    0.2501   -0.1245    0.9602
    0.8007   -0.5310   -0.2774
    0.5444    0.8382   -0.0332
...    97 A-T ...
  -66.8420   47.5280  -89.8011
    0.5326   -0.5113    0.6745
    0.5833   -0.3557   -0.7302
    0.6132    0.7824    0.1088
...    98 C-G ...
  -65.1155   50.1105  -88.8193
    0.7113   -0.6668    0.2225
    0.2653   -0.0385   -0.9634
    0.6510    0.7442    0.1495
...    99 T-A ...
  -62.9024   52.3436  -87.9054
    0.6919   -0.6598   -0.2931
   -0.0808    0.3326   -0.9396
    0.7175    0.6738    0.1768
...   100 T-A ...
  -60.4916   54.3289  -87.0617
    0.5322   -0.3784   -0.7573
   -0.4263    0.6531   -0.6259
    0.7315    0.6559    0.1863
...   101 T-A ...
  -57.9410   56.1816  -86.2943
    0.2248    0.0563   -0.9728
   -0.6385    0.7626   -0.1034
    0.7361    0.6444    0.2074
...   102 A-T ...
  -55.6548   58.4793  -85.5870
   -0.1828    0.5020   -0.8454
   -0.6414    0.5908    0.4895
    0.7451    0.6317    0.2140
...   103 T-A ...
  -52.8343   60.1912  -85.3630
   -0.4597    0.7436   -0.4856
   -0.4718    0.2587    0.8429
    0.7524    0.6165    0.2319
...   104 G-C ...
  -50.5043   62.3395  -84.4805
   -0.6994    0.7138    0.0362
   -0.1435   -0.1899    0.9713
    0.7001    0.6741    0.2353
...   105 C-G ...
  -48.2214   64.6754  -84.0947
   -0.7047    0.4750    0.5270
    0.2345   -0.5452    0.8049
    0.6697    0.6907    0.2728
...   106 T-A ...
  -46.2704   67.2069  -83.3307
   -0.5510    0.0911    0.8295
    0.5468   -0.7114    0.4414
    0.6304    0.6968    0.3422
...   107 T-A ...
  -44.4470   69.6463  -82.2663
   -0.2077   -0.3321    0.9201
    0.7526   -0.6551   -0.0666
    0.6249    0.6786    0.3860
...   108 C-G ...
  -42.5550   71.8583  -80.8702
    0.1836   -0.6900    0.7001
    0.7547   -0.3574   -0.5502
    0.6299    0.6294    0.4551
...   109 C-G ...
  -40.7254   73.8539  -78.8850
    0.4504   -0.8513    0.2691
    0.5897    0.0574   -0.8056
    0.6704    0.5215    0.5279
...   110 G-C ...
  -38.2240   75.2492  -77.2547
    0.5837   -0.7684   -0.2625
    0.3374    0.5235   -0.7824
    0.7386    0.3681    0.5648
...   111 G-C ...
  -35.6313   75.8935  -75.2090
    0.6097   -0.4189   -0.6729
    0.0452    0.8659   -0.4981
    0.7914    0.2733    0.5469
...   112 C-G ...
  -32.8761   76.2979  -73.4472
    0.5211    0.0970   -0.8479
   -0.2502    0.9672   -0.0432
    0.8160    0.2347    0.5283
...   113 T-A ...
  -30.0024   76.7498  -71.8887
    0.3058    0.5750   -0.7588
   -0.4544    0.7885    0.4144
    0.8367    0.2181    0.5024
...   114 C-G ...
  -27.1775   77.4069  -70.3619
   -0.0057    0.9284   -0.3714
   -0.5482    0.3077    0.7777
    0.8363    0.2081    0.5072
...   115 G-C ...
  -24.6926   78.0719  -68.2864
   -0.3637    0.9283    0.0779
   -0.4708   -0.2553    0.8445
    0.8038    0.2705    0.5298
...   116 T-A ...
  -21.8518   79.2411  -67.0442
   -0.5721    0.6660    0.4788
   -0.2425   -0.6949    0.6769
    0.7835    0.2711    0.5591
...   117 A-T ...
  -19.3248   80.4046  -65.2517
   -0.7089    0.1696    0.6846
    0.0890   -0.9414    0.3253
    0.6997    0.2915    0.6523
...   118 T-A ...
  -17.3016   81.9681  -63.2283
   -0.6085   -0.3118    0.7298
    0.4126   -0.9098   -0.0447
    0.6779    0.2739    0.6822
...   119 A-T ...
  -15.7023   83.3063  -60.5793
   -0.5079   -0.7392    0.4422
    0.6708   -0.6615   -0.3352
    0.5404    0.1264    0.8319
...   120 A-T ...
  -14.2548   83.7114  -57.7394
   -0.1223   -0.9821    0.1432
    0.8522   -0.1779   -0.4921
    0.5088    0.0618    0.8587
...   121 T-A ...
  -13.2395   83.7962  -54.6485
    0.2769   -0.9505   -0.1409
    0.8200    0.3102   -0.4811
    0.5010    0.0177    0.8653
...   122 G-C ...
  -11.4438   83.4765  -51.8884
    0.6047   -0.6385   -0.4761
    0.5885    0.7610   -0.2730
    0.5366   -0.1151    0.8359
...   123 T-A ...
   -9.9498   82.4829  -49.1301
    0.8093   -0.1696   -0.5624
    0.2238    0.9742    0.0282
    0.5432   -0.1487    0.8264
...   124 G-C ...
   -7.9693   82.2122  -46.5208
    0.7695    0.4112   -0.4887
   -0.2408    0.8955    0.3742
    0.5915   -0.1703    0.7881
...   125 T-A ...
   -5.7786   81.1587  -44.2394
    0.5446    0.8095   -0.2196
   -0.6003    0.5590    0.5719
    0.5857   -0.1796    0.7904
...   126 C-G ...
   -3.7702   80.5079  -41.7324
    0.0997    0.9826    0.1567
   -0.8137   -0.0101    0.5811
    0.5726   -0.1855    0.7986
...   127 G-C ...
   -2.2743   79.6768  -38.9088
   -0.4062    0.8373    0.3660
   -0.7585   -0.5323    0.3759
    0.5096   -0.1250    0.8513
...   128 A-T ...
   -0.4953   79.2562  -36.2297
   -0.7866    0.4060    0.4652
   -0.4174   -0.9048    0.0837
    0.4549   -0.1283    0.8813
...   129 C-G ...
    1.0219   79.4530  -33.3593
   -0.9182   -0.0784    0.3883
    0.0168   -0.9870   -0.1596
    0.3958   -0.1400    0.9076
...   130 C-G ...
    2.1255   79.4044  -30.1829
   -0.8402   -0.5286    0.1210
    0.4710   -0.8220   -0.3202
    0.2687   -0.2121    0.9396
...   131 A-T ...
    2.6606   78.7038  -26.9613
   -0.5308   -0.8161   -0.2284
    0.8389   -0.4678   -0.2781
    0.1201   -0.3393    0.9330
...   132 A-T ...
    2.6907   77.5549  -23.9572
   -0.0191   -0.9188   -0.3943
    0.9966    0.0142   -0.0812
    0.0802   -0.3945    0.9154
...   133 A-T ...
    2.6269   76.0969  -21.0777
    0.5136   -0.7600   -0.3982
    0.8559    0.4865    0.1753
    0.0605   -0.4309    0.9004
...   134 T-A ...
    2.3076   74.2306  -18.3903
    0.8657   -0.4293   -0.2574
    0.4984    0.7868    0.3641
    0.0462   -0.4435    0.8951
...   135 G-C ...
    1.4355   72.0969  -15.6050
    0.9809    0.0621    0.1843
   -0.1263    0.9241    0.3607
   -0.1479   -0.3771    0.9143
...   136 T-A ...
    0.5280   69.2392  -13.4689
    0.7351    0.4963    0.4618
   -0.6117    0.7792    0.1365
   -0.2921   -0.3828    0.8764
...   137 G-C ...
   -0.1658   67.4104  -10.8095
    0.1800    0.8794    0.4408
   -0.9276    0.3008   -0.2214
   -0.3274   -0.3691    0.8698
...   138 A-T ...
   -0.1320   66.2179   -7.8217
   -0.3749    0.8570    0.3536
   -0.8857   -0.2184   -0.4098
   -0.2739   -0.4668    0.8409
...   139 G-C ...
   -1.0068   65.6073   -4.9425
   -0.8336    0.5218    0.1811
   -0.5170   -0.6220   -0.5881
   -0.1942   -0.5839    0.7883
...   140 C-G ...
   -0.6974   63.9002   -2.2529
   -0.9992    0.0157   -0.0376
    0.0023   -0.8993   -0.4374
   -0.0406   -0.4371    0.8985
...   141 G-C ...
   -3.4382   60.2384    1.0283
   -0.4425    0.2285   -0.8672
    0.1683   -0.9287   -0.3306
   -0.8808   -0.2922    0.3725
...   142 C-G ...
   -6.3288   59.0833    1.6293
   -0.2970   -0.3280   -0.8968
    0.5656   -0.8171    0.1115
   -0.7693   -0.4741    0.4282
...   143 T-A ...
   -8.6767   58.7242    3.6023
   -0.0347   -0.7817   -0.6227
    0.6533   -0.4893    0.5778
   -0.7563   -0.3868    0.5276
...   144 C-G ...
  -11.6544   58.0113    4.7192
    0.2451   -0.9542   -0.1716
    0.6322    0.0231    0.7745
   -0.7350   -0.2983    0.6089
...   145 A-T ...
  -14.1759   56.5667    6.1806
    0.5795   -0.7268    0.3687
    0.3139    0.6165    0.7220
   -0.7521   -0.3027    0.5855
...   146 C-G ...
  -16.4650   53.8948    7.5152
    0.5336   -0.3331    0.7774
   -0.0346    0.9098    0.4136
   -0.8450   -0.2476    0.4739
...   147 A-T ...
  -19.0172   52.0373    8.9260
    0.2452    0.2907    0.9249
   -0.3073    0.9281   -0.2103
   -0.9195   -0.2327    0.3169
