  147 base-pairs
...     1 A-T ...
    0.0000    0.0000    0.0000
    1.0000    0.0000    0.0000
    0.0000    1.0000    0.0000
    0.0000    0.0000    1.0000
...     2 G-C ...
   -0.1404   -1.2353    3.2259
    0.7530    0.6366    0.1668
   -0.6385    0.7681   -0.0490
   -0.1593   -0.0696    0.9848
...     3 T-A ...
   -0.0377   -3.2918    6.3749
    0.2722    0.9302    0.2464
   -0.9238    0.3243   -0.2034
   -0.2691   -0.1722    0.9476
...     4 G-C ...
   -0.3520   -4.1638    9.4928
   -0.3756    0.9250    0.0576
   -0.8780   -0.3352   -0.3416
   -0.2967   -0.1788    0.9381
...     5 A-T ...
   -0.4480   -4.1448   12.7498
   -0.8116    0.5839   -0.0166
   -0.5522   -0.7762   -0.3042
   -0.1905   -0.2377    0.9525
...     6 G-C ...
   -1.5926   -4.1701   15.6201
   -0.9976    0.0246   -0.0651
   -0.0043   -0.9555   -0.2950
   -0.0694   -0.2940    0.9533
...     7 C-G ...
   -1.1050   -4.4793   18.7363
   -0.8442   -0.5302   -0.0787
    0.5343   -0.8442   -0.0430
   -0.0437   -0.0784    0.9960
...     8 G-C ...
   -2.4044   -7.7255   23.1483
   -0.2753   -0.3294   -0.9032
    0.6650   -0.7437    0.0686
   -0.6943   -0.5817    0.4238
...     9 C-G ...
   -4.4706   -9.9691   24.1142
    0.1145   -0.7026   -0.7023
    0.8512   -0.2951    0.4341
   -0.5123   -0.6475    0.5642
...    10 T-A ...
   -6.7420  -10.8705   25.9717
    0.4841   -0.8363   -0.2573
    0.6594    0.1554    0.7356
   -0.5752   -0.5257    0.6267
...    11 C-G ...
   -9.1682  -12.6167   27.1662
    0.7073   -0.6683    0.2306
    0.3450    0.6110    0.7125
   -0.6170   -0.4243    0.6627
...    12 A-T ...
  -10.9253  -14.6583   29.0713
    0.7515   -0.1377    0.6452
   -0.2027    0.8824    0.4245
   -0.6278   -0.4498    0.6352
...    13 C-G ...
  -11.8495  -17.4796   31.2472
    0.4294    0.2824    0.8578
   -0.5708    0.8209    0.0155
   -0.6998   -0.4963    0.5137
...    14 A-T ...
  -13.5915  -19.7756   33.4284
   -0.1503    0.6106    0.7775
   -0.6874    0.5007   -0.5261
   -0.7106   -0.6135    0.3445
...    15 A-T ...
  -15.7769  -21.8987   34.4937
   -0.4847    0.8028    0.3473
   -0.4589    0.1046   -0.8823
   -0.7446   -0.5870    0.3178
...    16 T-A ...
  -17.9580  -23.7978   36.2400
   -0.6724    0.7230   -0.1587
   -0.1189   -0.3171   -0.9409
   -0.7306   -0.6138    0.2992
...    17 T-A ...
  -20.3692  -25.6224   37.5632
   -0.6247    0.4020   -0.6695
    0.3006   -0.6675   -0.6812
   -0.7207   -0.6268    0.2961
...    18 T-A ...
  -22.8021  -27.4745   38.4631
   -0.2978    0.0554   -0.9530
    0.5666   -0.7932   -0.2231
   -0.7683   -0.6064    0.2048
...    19 A-T ...
  -25.4154  -29.3158   38.7246
    0.1490   -0.1708   -0.9740
    0.5961   -0.7703    0.2263
   -0.7889   -0.6143   -0.0130
...    20 T-A ...
  -28.3605  -30.7454   38.3269
    0.4358   -0.5151   -0.7381
    0.4307   -0.6007    0.6735
   -0.7903   -0.6114   -0.0399
...    21 T-A ...
  -31.0340  -32.5884   37.8659
    0.6004   -0.7613   -0.2448
    0.0927   -0.2377    0.9669
   -0.7943   -0.6032   -0.0721
...    22 C-G ...
  -33.5588  -34.6344   37.4980
    0.5594   -0.7509    0.3509
   -0.2872    0.2215    0.9319
   -0.7775   -0.6221   -0.0918
...    23 G-C ...
  -36.1330  -36.7086   37.8937
    0.3828   -0.4427    0.8109
   -0.5925    0.5558    0.5832
   -0.7088   -0.7037   -0.0495
...    24 C-G ...
  -38.1824  -39.2323   37.5888
    0.0549   -0.0541    0.9970
   -0.7025    0.7075    0.0771
   -0.7096   -0.7046    0.0009
...    25 A-T ...
  -40.8103  -41.1780   37.3008
   -0.3245    0.3800    0.8662
   -0.5924    0.6322   -0.4993
   -0.7374   -0.6752    0.0200
...    26 A-T ...
  -43.1194  -43.4977   37.5286
   -0.6034    0.6611    0.4459
   -0.3009    0.3290   -0.8951
   -0.7385   -0.6743    0.0004
...    27 A-T ...
  -45.4211  -45.7691   37.8799
   -0.6708    0.7289   -0.1372
    0.1129   -0.0825   -0.9902
   -0.7330   -0.6797   -0.0269
...    28 G-C ...
  -48.1028  -47.7624   38.2228
   -0.4527    0.6414   -0.6194
    0.4224   -0.4575   -0.7825
   -0.7853   -0.6158   -0.0639
...    29 G-C ...
  -51.1554  -49.3911   38.0874
   -0.0546    0.3839   -0.9217
    0.5814   -0.7383   -0.3419
   -0.8118   -0.5546   -0.1829
...    30 C-G ...
  -54.0806  -50.6219   37.2995
    0.3270   -0.0056   -0.9450
    0.4929   -0.8522    0.1756
   -0.8063   -0.5232   -0.2760
...    31 C-G ...
  -56.8739  -52.0070   36.1494
    0.6183   -0.4045   -0.6739
    0.2014   -0.7473    0.6333
   -0.7597   -0.5272   -0.3806
...    32 G-C ...
  -58.8613  -53.9018   34.8632
    0.7149   -0.6571   -0.2390
   -0.1838   -0.5064    0.8425
   -0.6746   -0.5584   -0.4828
...    33 G-C ...
  -60.5177  -56.1015   32.8778
    0.5287   -0.8062    0.2657
   -0.5883   -0.1224    0.7993
   -0.6119   -0.5789   -0.5390
...    34 C-G ...
  -62.1470  -58.1786   30.9574
    0.1315   -0.7351    0.6651
   -0.8011    0.3164    0.5081
   -0.5839   -0.5997   -0.5473
...    35 C-G ...
  -63.8845  -60.5114   29.2149
   -0.3439   -0.4353    0.8320
   -0.7496    0.6609    0.0359
   -0.5655   -0.6113   -0.5536
...    36 C-G ...
  -65.6185  -62.7756   27.4413
   -0.6777    0.0068    0.7353
   -0.4481    0.7890   -0.4203
   -0.5830   -0.6143   -0.5317
...    37 G-C ...
  -67.5848  -64.0631   24.9114
   -0.7685    0.4837    0.4189
    0.0267    0.6783   -0.7343
   -0.6393   -0.5531   -0.5342
...    38 A-T ...
  -69.3907  -65.9362   23.1790
   -0.6033    0.7953   -0.0595
    0.4889    0.3099   -0.8154
   -0.6300   -0.5210   -0.5758
...    39 C-G ...
  -71.7846  -67.3783   21.6536
   -0.2302    0.8813   -0.4126
    0.7253   -0.1273   -0.6765
   -0.6488   -0.4550   -0.6099
...    40 A-T ...
  -74.0950  -68.6479   19.6499
    0.2783    0.7438   -0.6077
    0.7196   -0.5805   -0.3810
   -0.6362   -0.3313   -0.6968
...    41 C-G ...
  -76.2858  -69.0883   17.3018
    0.6494    0.3948   -0.6499
    0.4784   -0.8765   -0.0543
   -0.5911   -0.2756   -0.7580
...    42 G-C ...
  -77.9085  -70.2910   14.6594
    0.8625   -0.1287   -0.4894
   -0.0054   -0.9694    0.2454
   -0.5060   -0.2091   -0.8368
...    43 A-T ...
  -79.4582  -70.8801   11.9583
    0.7036   -0.6632   -0.2551
   -0.5081   -0.7205    0.4720
   -0.4968   -0.2025   -0.8439
...    44 C-G ...
  -80.5859  -71.1226    8.8503
    0.3582   -0.9319    0.0571
   -0.8146   -0.2821    0.5068
   -0.4562   -0.2281   -0.8602
...    45 T-A ...
  -81.4433  -72.0427    5.4210
   -0.1491   -0.9392    0.3094
   -0.8846    0.2665    0.3828
   -0.4419   -0.2166   -0.8705
...    46 T-A ...
  -82.3404  -72.7865    2.3454
   -0.5882   -0.6956    0.4124
   -0.6892    0.6980    0.1943
   -0.4230   -0.1699   -0.8900
...    47 A-T ...
  -83.8386  -73.0795   -0.6284
   -0.8848   -0.1309    0.4473
   -0.1876    0.9786   -0.0847
   -0.4266   -0.1588   -0.8904
...    48 C-G ...
  -85.2409  -74.2399   -3.4104
   -0.8459    0.3997    0.3532
    0.3044    0.9055   -0.2956
   -0.4380   -0.1426   -0.8876
...    49 T-A ...
  -87.0278  -74.9745   -6.1556
   -0.5260    0.8209    0.2224
    0.6948    0.5656   -0.4443
   -0.4905   -0.0792   -0.8679
...    50 G-C ...
  -88.8401  -74.8955   -9.0116
    0.0064    0.9962    0.0871
    0.8652    0.0381   -0.5000
   -0.5014    0.0786   -0.8617
...    51 T-A ...
  -90.8851  -74.4579  -11.4265
    0.4441    0.8929   -0.0740
    0.7634   -0.4203   -0.4904
   -0.4690    0.1613   -0.8684
...    52 A-T ...
  -92.6868  -72.8048  -13.8303
    0.8434    0.5343   -0.0575
    0.4525   -0.7639   -0.4601
   -0.2898    0.3620   -0.8860
...    53 G-C ...
  -93.7819  -71.2379  -16.4229
    0.9834    0.0766   -0.1643
    0.0007   -0.9081   -0.4189
   -0.1813    0.4118   -0.8931
...    54 G-C ...
  -94.0305  -68.8849  -19.2527
    0.8568   -0.4314   -0.2825
   -0.5077   -0.8014   -0.3162
   -0.0900    0.4143   -0.9057
...    55 T-A ...
  -93.7903  -67.2872  -22.1016
    0.4874   -0.7787   -0.3951
   -0.8711   -0.4647   -0.1588
   -0.0600    0.4216   -0.9048
...    56 A-T ...
  -93.3661  -65.8336  -25.1496
   -0.0816   -0.9200   -0.3833
   -0.9964    0.0667    0.0521
   -0.0224    0.3862   -0.9221
...    57 T-A ...
  -92.6697  -64.7016  -28.1853
   -0.5644   -0.7547   -0.3345
   -0.8254    0.5111    0.2398
   -0.0100    0.4114   -0.9114
...    58 C-G ...
  -92.5525  -63.5924  -31.3617
   -0.9476   -0.2910   -0.1316
   -0.3193    0.8538    0.4112
   -0.0073    0.4317   -0.9020
...    59 T-A ...
  -92.7059  -62.4578  -34.4900
   -0.9760    0.1619    0.1457
    0.2092    0.8827    0.4208
   -0.0605    0.4412   -0.8954
...    60 C-G ...
  -92.9737  -60.9674  -37.4474
   -0.6869    0.6105    0.3942
    0.7214    0.6384    0.2684
   -0.0878    0.4687   -0.8790
...    61 G-C ...
  -92.9931  -59.0402  -40.0759
   -0.2446    0.7329    0.6348
    0.9583    0.2825    0.0432
   -0.1476    0.6189   -0.7715
...    62 A-T ...
  -93.3476  -57.0828  -42.6496
    0.3253    0.7110    0.6235
    0.9405   -0.1747   -0.2915
   -0.0983    0.6812   -0.7255
...    63 G-C ...
  -93.8656  -54.5190  -44.6819
    0.7536    0.4740    0.4554
    0.6554   -0.4888   -0.5758
   -0.0503    0.7324   -0.6790
...    64 C-G ...
  -94.1476  -51.6865  -46.5130
    0.9922    0.0765    0.0984
    0.1244   -0.6510   -0.7488
    0.0068    0.7552   -0.6555
...    65 T-A ...
  -94.0838  -48.9437  -48.3471
    0.9190   -0.3046   -0.2502
   -0.3870   -0.5760   -0.7200
    0.0752    0.7585   -0.6473
...    66 C-G ...
  -93.6072  -46.6745  -50.6180
    0.5464   -0.6044   -0.5798
   -0.8230   -0.2588   -0.5057
    0.1556    0.7535   -0.6388
...    67 G-C ...
  -93.6979  -44.4938  -53.1862
    0.0067   -0.6920   -0.7219
   -0.9785    0.1441   -0.1473
    0.2059    0.7074   -0.6761
...    68 G-C ...
  -92.7889  -42.2368  -55.4666
   -0.5235   -0.5445   -0.6554
   -0.8329    0.4892    0.2588
    0.1796    0.6813   -0.7096
...    69 G-C ...
  -92.0772  -40.1852  -58.0076
   -0.8980   -0.2627   -0.3529
   -0.4253    0.7233    0.5440
    0.1123    0.6387   -0.7612
...    70 A-T ...
  -91.6055  -38.2791  -60.6873
   -0.9775    0.2079    0.0350
    0.1805    0.7398    0.6482
    0.1089    0.6399   -0.7607
...    71 T-A ...
  -91.5496  -36.6019  -63.5353
   -0.7518    0.5441    0.3725
    0.6522    0.5301    0.5418
    0.0973    0.6503   -0.7534
...    72 C-G ...
  -91.4756  -34.4840  -66.0654
   -0.2393    0.7337    0.6359
    0.9659    0.1130    0.2331
    0.0992    0.6700   -0.7357
...    73 C-G ...
  -91.3230  -32.3726  -68.5786
    0.2584    0.5945    0.7614
    0.9555   -0.2732   -0.1109
    0.1421    0.7562   -0.6387
...    74 G-C ...
  -90.3810  -29.9428  -70.5745
    0.6779    0.2405    0.6947
    0.6972   -0.5100   -0.5038
    0.2331    0.8259   -0.5134
...    75 C-G ...
  -89.8017  -26.8116  -71.9093
    0.9440   -0.1135    0.3097
    0.2003   -0.5490   -0.8115
    0.2621    0.8281   -0.4955
...    76 T-A ...
  -88.5915  -23.8124  -73.0931
    0.8900   -0.4237   -0.1684
   -0.3339   -0.3541   -0.8736
    0.3105    0.8337   -0.4567
...    77 T-A ...
  -87.3200  -21.0450  -74.2307
    0.5520   -0.5405   -0.6350
   -0.7743   -0.0496   -0.6308
    0.3094    0.8399   -0.4459
...    78 T-A ...
  -86.0636  -18.3552  -75.5143
    0.0338   -0.4797   -0.8768
   -0.9487    0.2606   -0.1792
    0.3145    0.8378   -0.4463
...    79 A-T ...
  -85.4427  -15.4570  -76.9370
   -0.5041   -0.2334   -0.8315
   -0.7997    0.4897    0.3473
    0.3261    0.8401   -0.4335
...    80 A-T ...
  -84.2773  -12.8974  -78.4213
   -0.8553    0.0610   -0.5145
   -0.4076    0.5337    0.7410
    0.3198    0.8435   -0.4316
...    81 C-G ...
  -83.1695  -10.4563  -80.4216
   -0.9441    0.3243   -0.0588
    0.0911    0.4282    0.8991
    0.3168    0.8435   -0.4338
...    82 A-T ...
  -82.2747   -7.6656  -81.9397
   -0.7617    0.4391    0.4764
    0.5951    0.1834    0.7825
    0.2562    0.8795   -0.4010
...    83 C-G ...
  -82.0556   -4.7527  -83.6169
   -0.3692    0.4473    0.8146
    0.8952   -0.0641    0.4409
    0.2495    0.8921   -0.3768
...    84 T-A ...
  -81.8281   -1.6646  -84.9413
    0.1141    0.2579    0.9594
    0.9622   -0.2691   -0.0421
    0.2473    0.9280   -0.2789
...    85 C-G ...
  -81.1643    1.4526  -85.5992
    0.5877    0.0257    0.8087
    0.7614   -0.3556   -0.5421
    0.2737    0.9343   -0.2285
...    86 A-T ...
  -80.6949    4.8413  -85.9472
    0.8452   -0.2750    0.4583
    0.3999   -0.2437   -0.8836
    0.3546    0.9301   -0.0960
...    87 T-A ...
  -79.5877    7.8615  -85.7437
    0.9112   -0.4120   -0.0068
   -0.0390   -0.0698   -0.9968
    0.4102    0.9085   -0.0797
...    88 G-C ...
  -77.8968   10.8580  -85.7198
    0.6923   -0.4795   -0.5393
   -0.5146    0.1959   -0.8347
    0.5059    0.8554   -0.1111
...    89 T-A ...
  -75.7647   13.4135  -85.6264
    0.3284   -0.3333   -0.8838
   -0.7843    0.4252   -0.4518
    0.5264    0.8415   -0.1218
...    90 T-A ...
  -73.8913   15.9451  -86.0088
   -0.1371   -0.0641   -0.9885
   -0.8259    0.5584    0.0783
    0.5469    0.8271   -0.1295
...    91 A-T ...
  -72.2857   18.8401  -86.4403
   -0.5970    0.2381   -0.7661
   -0.5996    0.5020    0.6233
    0.5330    0.8314   -0.1570
...    92 T-A ...
  -70.2752   21.1439  -87.4884
   -0.7960    0.4736   -0.3769
   -0.2434    0.3197    0.9157
    0.5542    0.8207   -0.1393
...    93 A-T ...
  -68.4592   23.9296  -87.7911
   -0.8091    0.5482    0.2117
    0.2557    0.0040    0.9668
    0.5292    0.8363   -0.1434
...    94 A-T ...
  -66.8743   26.6136  -88.3959
   -0.5628    0.4532    0.6913
    0.6317   -0.3036    0.7133
    0.5331    0.8381   -0.1154
...    95 C-G ...
  -65.6845   29.7244  -89.1499
   -0.1655    0.2083    0.9640
    0.8243   -0.5073    0.2512
    0.5414    0.8362   -0.0878
...    96 G-C ...
  -63.6626   32.2409  -88.9986
    0.1464   -0.2362    0.9606
    0.8110   -0.5273   -0.2533
    0.5664    0.8162    0.1144
...    97 G-C ...
  -61.9132   34.8508  -88.0694
    0.4523   -0.5647    0.6903
    0.6677   -0.2988   -0.6818
    0.5913    0.7693    0.2419
...    98 A-T ...
  -60.0957   37.3700  -87.0488
    0.7190   -0.6725    0.1756
    0.3114    0.0859   -0.9464
    0.6213    0.7351    0.2712
...    99 T-A ...
  -58.1454   39.4967  -85.4505
    0.7639   -0.5699   -0.3029
   -0.0605    0.4040   -0.9128
    0.6425    0.7156    0.2741
...   100 T-A ...
  -55.9805   41.6041  -84.1648
    0.6156   -0.2007   -0.7621
   -0.4890    0.6610   -0.5691
    0.6180    0.7230    0.3088
...   101 T-A ...
  -53.8015   43.7065  -83.0320
    0.2523    0.2008   -0.9466
   -0.7440    0.6658   -0.0571
    0.6187    0.7187    0.3173
...   102 A-T ...
  -51.9203   46.2622  -82.0314
   -0.2260    0.5116   -0.8289
   -0.7532    0.4478    0.4818
    0.6177    0.7333    0.2842
...   103 T-A ...
  -49.4563   48.3889  -81.6583
   -0.5573    0.6436   -0.5246
   -0.5640    0.1702    0.8080
    0.6093    0.7462    0.2681
...   104 G-C ...
  -47.4727   50.9883  -81.0723
   -0.8377    0.5446    0.0419
   -0.0962   -0.2225    0.9702
    0.5377    0.8087    0.2387
...   105 C-G ...
  -46.0751   53.8802  -80.5611
   -0.7916    0.3002    0.5322
    0.3487   -0.4934    0.7969
    0.5018    0.8164    0.2858
...   106 T-A ...
  -44.7241   56.9263  -79.8165
   -0.4975   -0.0491    0.8661
    0.7292   -0.5644    0.3869
    0.4698    0.8241    0.3166
...   107 T-A ...
  -43.4250   59.6662  -78.8247
   -0.0649   -0.3956    0.9161
    0.8848   -0.4474   -0.1305
    0.4615    0.8021    0.3791
...   108 C-G ...
  -42.1504   62.2644  -77.3373
    0.3625   -0.6488    0.6691
    0.7963   -0.1574   -0.5841
    0.4843    0.7445    0.4595
...   109 C-G ...
  -40.7841   64.7764  -75.7467
    0.6247   -0.7461    0.2305
    0.5248    0.1824   -0.8315
    0.5783    0.6404    0.5055
...   110 G-C ...
  -38.7863   66.5402  -74.3297
    0.7144   -0.6511   -0.2565
    0.2070    0.5467   -0.8113
    0.6684    0.5265    0.5254
...   111 G-C ...
  -36.1418   67.6626  -72.5962
    0.6712   -0.3002   -0.6778
   -0.1442    0.8439   -0.5167
    0.7271    0.4446    0.5232
...   112 C-G ...
  -33.3535   68.5188  -70.9311
    0.4746    0.1798   -0.8617
   -0.4513    0.8902   -0.0628
    0.7557    0.4187    0.5036
...   113 T-A ...
  -30.7362   69.6656  -69.3401
    0.1817    0.6094   -0.7717
   -0.6088    0.6860    0.3984
    0.7723    0.3974    0.4957
...   114 C-G ...
  -28.3035   71.1806  -67.7782
   -0.2011    0.8892   -0.4110
   -0.5852    0.2274    0.7783
    0.7855    0.3970    0.4746
...   115 G-C ...
  -26.0056   72.4594  -65.8300
   -0.5246    0.8478    0.0769
   -0.3883   -0.3187    0.8647
    0.7576    0.4238    0.4964
...   116 T-A ...
  -23.6095   74.3013  -64.5747
   -0.6800    0.5479    0.4872
   -0.0736   -0.7122    0.6981
    0.7295    0.4389    0.5246
...   117 A-T ...
  -21.3154   76.3974  -63.0816
   -0.6887    0.0355    0.7242
    0.3048   -0.8921    0.3336
    0.6579    0.4505    0.6036
...   118 T-A ...
  -19.5993   78.4304  -61.2938
   -0.4767   -0.3943    0.7857
    0.5807   -0.8122   -0.0553
    0.6599    0.4299    0.6162
...   119 A-T ...
  -17.6929   79.7585  -59.0798
   -0.3001   -0.7866    0.5396
    0.7591   -0.5395   -0.3642
    0.5777    0.3003    0.7590
...   120 A-T ...
  -16.1299   80.6666  -56.4134
    0.0848   -0.9792    0.1843
    0.8223   -0.0357   -0.5679
    0.5627    0.1997    0.8022
...   121 T-A ...
  -14.8392   81.1333  -53.4110
    0.4576   -0.8779   -0.1413
    0.6918    0.4513   -0.5636
    0.5585    0.1602    0.8139
...   122 G-C ...
  -12.9936   81.1774  -50.5408
    0.6910   -0.5090   -0.5133
    0.3758    0.8595   -0.3464
    0.6175    0.0465    0.7852
...   123 T-A ...
  -10.9680   80.6902  -48.0704
    0.7862   -0.0504   -0.6159
    0.0407    0.9987   -0.0298
    0.6166   -0.0016    0.7873
...   124 G-C ...
   -8.7983   80.5540  -45.6306
    0.6587    0.5143   -0.5491
   -0.3699    0.8569    0.3589
    0.6552   -0.0333    0.7547
...   125 T-A ...
   -6.4351   79.9831  -43.4646
    0.3793    0.8768   -0.2955
   -0.6469    0.4796    0.5929
    0.6616   -0.0338    0.7491
...   126 C-G ...
   -4.2880   79.8774  -41.1581
   -0.0480    0.9920    0.1164
   -0.7469   -0.1131    0.6553
    0.6632   -0.0554    0.7463
...   127 G-C ...
   -2.6242   79.5255  -38.4428
   -0.4655    0.8153    0.3444
   -0.6588   -0.5791    0.4803
    0.5911   -0.0033    0.8066
...   128 A-T ...
   -0.6261   79.3219  -36.0627
   -0.7665    0.3522    0.5371
   -0.3177   -0.9347    0.1596
    0.5582   -0.0483    0.8283
...   129 C-G ...
    1.1830   79.8822  -33.3782
   -0.8549   -0.1663    0.4914
    0.1079   -0.9835   -0.1450
    0.5074   -0.0709    0.8588
...   130 C-G ...
    2.1968   80.1462  -30.1169
   -0.7838   -0.5840    0.2115
    0.5034   -0.7967   -0.3345
    0.3638   -0.1557    0.9184
...   131 A-T ...
    2.5961   79.0200  -26.9796
   -0.5882   -0.7732   -0.2372
    0.7958   -0.5011   -0.3400
    0.1440   -0.3887    0.9100
...   132 A-T ...
    2.7695   77.6629  -24.0283
   -0.0894   -0.8937   -0.4398
    0.9915   -0.0380   -0.1244
    0.0945   -0.4472    0.8895
...   133 A-T ...
    2.6437   76.1322  -21.1102
    0.5041   -0.7648   -0.4013
    0.8608    0.4823    0.1621
    0.0696   -0.4272    0.9015
...   134 T-A ...
    2.3076   74.2307  -18.3902
    0.8657   -0.4293   -0.2574
    0.4984    0.7868    0.3641
    0.0462   -0.4435    0.8951
...   135 G-C ...
    1.4354   72.0970  -15.6049
    0.9809    0.0621    0.1843
   -0.1263    0.9241    0.3607
   -0.1479   -0.3771    0.9143
...   136 T-A ...
    0.5279   69.2392  -13.4688
    0.7351    0.4963    0.4618
   -0.6117    0.7792    0.1365
   -0.2921   -0.3828    0.8764
...   137 G-C ...
   -0.1659   67.4105  -10.8094
    0.1800    0.8794    0.4408
   -0.9276    0.3008   -0.2214
   -0.3274   -0.3691    0.8698
...   138 A-T ...
   -0.1321   66.2179   -7.8215
   -0.3749    0.8570    0.3536
   -0.8857   -0.2184   -0.4098
   -0.2739   -0.4668    0.8409
...   139 G-C ...
   -1.0069   65.6074   -4.9424
   -0.8336    0.5218    0.1811
   -0.5170   -0.6220   -0.5881
   -0.1942   -0.5839    0.7883
...   140 C-G ...
   -0.6975   63.9003   -2.2527
   -0.9992    0.0157   -0.0376
    0.0023   -0.8993   -0.4374
   -0.0406   -0.4371    0.8985
...   141 G-C ...
   -3.4383   60.2385    1.0284
   -0.4425    0.2285   -0.8672
    0.1683   -0.9287   -0.3306
   -0.8808   -0.2922    0.3725
...   142 C-G ...
   -6.3289   59.0833    1.6294
   -0.2970   -0.3280   -0.8968
    0.5656   -0.8171    0.1115
   -0.7693   -0.4741    0.4282
...   143 T-A ...
   -8.6768   58.7242    3.6025
   -0.0347   -0.7817   -0.6227
    0.6533   -0.4893    0.5778
   -0.7563   -0.3868    0.5276
...   144 C-G ...
  -11.6545   58.0113    4.7194
    0.2451   -0.9542   -0.1716
    0.6322    0.0231    0.7745
   -0.7350   -0.2983    0.6089
...   145 A-T ...
  -14.1760   56.5668    6.1807
    0.5795   -0.7268    0.3687
    0.3139    0.6165    0.7220
   -0.7521   -0.3027    0.5855
...   146 C-G ...
  -16.4651   53.8949    7.5154
    0.5336   -0.3331    0.7774
   -0.0346    0.9098    0.4136
   -0.8450   -0.2476    0.4739
...   147 A-T ...
  -19.0172   52.0374    8.9261
    0.2452    0.2907    0.9249
   -0.3073    0.9281   -0.2103
   -0.9195   -0.2327    0.3169
