  147 base-pairs
...     1 A-T ...
    0.0000    0.0000    0.0000
    1.0000    0.0000    0.0000
    0.0000    1.0000    0.0000
    0.0000    0.0000    1.0000
...     2 G-C ...
   -0.1404   -1.2353    3.2259
    0.7530    0.6366    0.1668
   -0.6385    0.7681   -0.0490
   -0.1593   -0.0696    0.9848
...     3 T-A ...
   -0.0377   -3.2918    6.3749
    0.2722    0.9302    0.2464
   -0.9238    0.3243   -0.2034
   -0.2691   -0.1722    0.9476
...     4 G-C ...
   -0.3520   -4.1638    9.4928
   -0.3756    0.9250    0.0576
   -0.8780   -0.3352   -0.3416
   -0.2967   -0.1788    0.9381
...     5 A-T ...
   -0.4480   -4.1448   12.7498
   -0.8116    0.5839   -0.0166
   -0.5522   -0.7762   -0.3042
   -0.1905   -0.2377    0.9525
...     6 G-C ...
   -1.5926   -4.1701   15.6201
   -0.9976    0.0246   -0.0651
   -0.0043   -0.9555   -0.2950
   -0.0694   -0.2940    0.9533
...     7 C-G ...
   -1.1050   -4.4793   18.7363
   -0.8442   -0.5302   -0.0787
    0.5343   -0.8442   -0.0430
   -0.0437   -0.0784    0.9960
...     8 G-C ...
   -2.4044   -7.7255   23.1483
   -0.2753   -0.3294   -0.9032
    0.6650   -0.7437    0.0686
   -0.6943   -0.5817    0.4238
...     9 C-G ...
   -4.4706   -9.9691   24.1142
    0.1145   -0.7026   -0.7023
    0.8512   -0.2951    0.4341
   -0.5123   -0.6475    0.5642
...    10 T-A ...
   -6.7420  -10.8705   25.9717
    0.4841   -0.8363   -0.2573
    0.6594    0.1554    0.7356
   -0.5752   -0.5257    0.6267
...    11 C-G ...
   -9.1682  -12.6167   27.1662
    0.7073   -0.6683    0.2306
    0.3450    0.6110    0.7125
   -0.6170   -0.4243    0.6627
...    12 A-T ...
  -10.9253  -14.6583   29.0713
    0.7515   -0.1377    0.6452
   -0.2027    0.8824    0.4245
   -0.6278   -0.4498    0.6352
...    13 C-G ...
  -11.8495  -17.4796   31.2472
    0.4294    0.2824    0.8578
   -0.5708    0.8209    0.0155
   -0.6998   -0.4963    0.5137
...    14 A-T ...
  -13.5915  -19.7756   33.4284
   -0.1503    0.6106    0.7775
   -0.6874    0.5007   -0.5261
   -0.7106   -0.6135    0.3445
...    15 A-T ...
  -15.7643  -21.9002   34.5243
   -0.4924    0.7974    0.3488
   -0.4619    0.1002   -0.8812
   -0.7377   -0.5951    0.3190
...    16 T-A ...
  -17.9200  -23.8318   36.2776
   -0.6845    0.7123   -0.1552
   -0.1173   -0.3177   -0.9409
   -0.7195   -0.6259    0.3010
...    17 T-A ...
  -20.2856  -25.7019   37.6140
   -0.6385    0.3874   -0.6649
    0.3120   -0.6595   -0.6839
   -0.7035   -0.6442    0.3002
...    18 T-A ...
  -22.6634  -27.6087   38.5645
   -0.3130    0.0407   -0.9489
    0.5896   -0.7750   -0.2277
   -0.7446   -0.6307    0.2185
...    19 A-T ...
  -25.1990  -29.5357   38.8847
    0.1381   -0.1606   -0.9773
    0.6325   -0.7451    0.2118
   -0.7622   -0.6474   -0.0013
...    20 T-A ...
  -28.0801  -31.0913   38.5304
    0.4470   -0.4859   -0.7511
    0.4728   -0.5845    0.6594
   -0.7594   -0.6498   -0.0316
...    21 T-A ...
  -30.6644  -33.0671   38.1018
    0.6447   -0.7135   -0.2744
    0.1326   -0.2492    0.9593
   -0.7529   -0.6549   -0.0661
...    22 C-G ...
  -33.0337  -35.2867   37.7485
    0.6271   -0.7117    0.3164
   -0.2760    0.1768    0.9448
   -0.7284   -0.6798   -0.0855
...    23 G-C ...
  -35.3601  -37.6490   38.1942
    0.4450   -0.4248    0.7883
   -0.6273    0.4804    0.6130
   -0.6391   -0.7673   -0.0527
...    24 C-G ...
  -37.1509  -40.3601   37.8900
    0.0858   -0.0757    0.9934
   -0.7681    0.6300    0.1143
   -0.6345   -0.7729   -0.0041
...    25 A-T ...
  -39.5906  -42.5553   37.6704
   -0.3476    0.3145    0.8833
   -0.6717    0.5738   -0.4686
   -0.6542   -0.7562    0.0118
...    26 A-T ...
  -41.6026  -45.1440   37.8851
   -0.6753    0.5646    0.4746
   -0.3534    0.3170   -0.8801
   -0.6473   -0.7621   -0.0146
...    27 A-T ...
  -43.5798  -47.7153   38.1749
   -0.7675    0.6316   -0.1096
    0.1149   -0.0327   -0.9928
   -0.6306   -0.7746   -0.0474
...    28 G-C ...
  -45.9396  -50.0918   38.4467
   -0.5472    0.5845   -0.5991
    0.4826   -0.3645   -0.7964
   -0.6839   -0.7249   -0.0827
...    29 G-C ...
  -48.6710  -52.2068   38.2778
   -0.1167    0.3980   -0.9099
    0.6922   -0.6244   -0.3619
   -0.7122   -0.6722   -0.2026
...    30 C-G ...
  -51.3613  -53.8954   37.5105
    0.3249    0.0809   -0.9423
    0.6318   -0.7600    0.1526
   -0.7038   -0.6449   -0.2980
...    31 C-G ...
  -53.8694  -55.7083   36.3212
    0.6846   -0.2605   -0.6807
    0.3326   -0.7194    0.6098
   -0.6486   -0.6439   -0.4059
...    32 G-C ...
  -55.4600  -57.8837   34.9318
    0.8324   -0.4941   -0.2509
   -0.0878   -0.5645    0.8207
   -0.5472   -0.6612   -0.5133
...    33 G-C ...
  -56.5961  -60.2951   32.8401
    0.6814   -0.6893    0.2459
   -0.5599   -0.2747    0.7817
   -0.4713   -0.6703   -0.5732
...    34 C-G ...
  -57.6690  -62.6328   30.8244
    0.2765   -0.7177    0.6391
   -0.8597    0.1126    0.4983
   -0.4295   -0.6872   -0.5859
...    35 C-G ...
  -58.8111  -65.2376   28.9685
   -0.2583   -0.5406    0.8007
   -0.8811    0.4718    0.0343
   -0.3962   -0.6966   -0.5982
...    36 C-G ...
  -59.9501  -67.7606   27.0687
   -0.6855   -0.1861    0.7039
   -0.6067    0.6804   -0.4109
   -0.4025   -0.7088   -0.5794
...    37 G-C ...
  -61.4947  -69.3249   24.3723
   -0.8811    0.2662    0.3908
   -0.1039    0.6974   -0.7092
   -0.4613   -0.6655   -0.5868
...    38 A-T ...
  -62.6963  -71.5001   22.4765
   -0.7754    0.6275   -0.0699
    0.4390    0.4562   -0.7740
   -0.4538   -0.6309   -0.6293
...    39 C-G ...
  -64.5758  -73.4222   20.7608
   -0.4189    0.8154   -0.3996
    0.7705    0.0863   -0.6316
   -0.4805   -0.5725   -0.6644
...    40 A-T ...
  -66.3605  -75.1568   18.5865
    0.1171    0.8164   -0.5655
    0.8655   -0.3631   -0.3451
   -0.4871   -0.4490   -0.7491
...    41 C-G ...
  -68.2095  -76.0302   16.0831
    0.5674    0.5787   -0.5858
    0.6910   -0.7215   -0.0435
   -0.4479   -0.3801   -0.8093
...    42 G-C ...
  -69.2770  -77.4893   13.2890
    0.9002    0.1292   -0.4158
    0.2355   -0.9477    0.2154
   -0.3662   -0.2918   -0.8836
...    43 A-T ...
  -70.3939  -78.3260   10.4470
    0.8752   -0.4361   -0.2094
   -0.3293   -0.8541    0.4026
   -0.3544   -0.2834   -0.8911
...    44 C-G ...
  -71.1566  -78.6843    7.2451
    0.5959   -0.8003    0.0663
   -0.7447   -0.5198    0.4186
   -0.3006   -0.2988   -0.9057
...    45 T-A ...
  -71.4178  -79.6311    3.7276
    0.0930   -0.9586    0.2690
   -0.9547   -0.0091    0.2974
   -0.2826   -0.2845   -0.9161
...    46 T-A ...
  -71.7603  -80.4256    0.5474
   -0.3997   -0.8552    0.3299
   -0.8759    0.4625    0.1378
   -0.2704   -0.2339   -0.9339
...    47 A-T ...
  -72.8286  -80.9319   -2.5850
   -0.8553   -0.3969    0.3332
   -0.4452    0.8918   -0.0805
   -0.2652   -0.2172   -0.9394
...    48 C-G ...
  -73.5318  -82.2696   -5.5560
   -0.9594    0.1274    0.2516
    0.0684    0.9706   -0.2307
   -0.2736   -0.2041   -0.9399
...    49 T-A ...
  -74.7018  -83.2998   -8.5304
   -0.7594    0.6277    0.1711
    0.5550    0.7623   -0.3329
   -0.3394   -0.1579   -0.9273
...    50 G-C ...
  -76.0680  -83.5499  -11.6060
   -0.2886    0.9513    0.1087
    0.8760    0.3082   -0.3709
   -0.3863   -0.0118   -0.9223
...    51 T-A ...
  -77.8187  -83.5607  -14.2773
    0.1744    0.9846    0.0131
    0.9105   -0.1562   -0.3828
   -0.3748    0.0787   -0.9237
...    52 A-T ...
  -79.7488  -82.2692  -16.8370
    0.6474    0.7552    0.1022
    0.7203   -0.5626   -0.4059
   -0.2490    0.3364   -0.9082
...    53 G-C ...
  -80.8695  -80.8675  -19.5082
    0.9289    0.3701    0.0118
    0.3364   -0.8301   -0.4448
   -0.1548    0.4171   -0.8956
...    54 G-C ...
  -81.3640  -78.4390  -22.2449
    0.9809   -0.1367   -0.1381
   -0.1838   -0.8837   -0.4305
   -0.0632    0.4476   -0.8920
...    55 T-A ...
  -81.1401  -76.5985  -24.9408
    0.7599   -0.5639   -0.3232
   -0.6492   -0.6836   -0.3337
   -0.0328    0.4634   -0.8855
...    56 A-T ...
  -80.6301  -74.8182  -27.8002
    0.2746   -0.8660   -0.4178
   -0.9613   -0.2371   -0.1402
    0.0224    0.4402   -0.8976
...    57 T-A ...
  -79.7857  -73.2668  -30.6069
   -0.2321   -0.8573   -0.4595
   -0.9724    0.2170    0.0862
    0.0259    0.4668   -0.8840
...    58 C-G ...
  -79.4422  -71.9045  -33.6628
   -0.7676   -0.5512   -0.3270
   -0.6405    0.6772    0.3622
    0.0218    0.4874   -0.8729
...    59 T-A ...
  -79.3540  -70.5957  -36.7219
   -0.9862   -0.1570   -0.0519
   -0.1625    0.8629    0.4786
   -0.0304    0.4804   -0.8765
...    60 C-G ...
  -79.5198  -68.9992  -39.6274
   -0.9067    0.3317    0.2607
    0.4166    0.8012    0.4295
   -0.0664    0.4980   -0.8646
...    61 G-C ...
  -79.6491  -66.9452  -42.1427
   -0.5849    0.5587    0.5880
    0.7892    0.5595    0.2533
   -0.1875    0.6122   -0.7682
...    62 A-T ...
  -80.0932  -64.9692  -44.6775
   -0.0517    0.7130    0.6992
    0.9842    0.1551   -0.0853
   -0.1693    0.6838   -0.7098
...    63 G-C ...
  -81.0106  -62.5060  -46.6881
    0.4508    0.6389    0.6233
    0.8798   -0.2004   -0.4310
   -0.1505    0.7427   -0.6525
...    64 C-G ...
  -81.8295  -59.7393  -48.4494
    0.8708    0.3737    0.3196
    0.4795   -0.5014   -0.7202
   -0.1089    0.7804   -0.6157
...    65 T-A ...
  -82.2949  -56.9404  -50.1320
    0.9987    0.0276   -0.0429
   -0.0181   -0.5944   -0.8040
   -0.0477    0.8037   -0.5931
...    66 C-G ...
  -82.1194  -54.4156  -52.1589
    0.8257   -0.3393   -0.4508
   -0.5635   -0.4561   -0.6888
    0.0281    0.8227   -0.5678
...    67 G-C ...
  -82.3495  -52.1344  -54.5997
    0.3948   -0.5812   -0.7116
   -0.9135   -0.1652   -0.3719
    0.0986    0.7968   -0.5961
...    68 G-C ...
  -81.7678  -49.5018  -56.5539
   -0.1494   -0.6211   -0.7693
   -0.9846    0.1646    0.0584
    0.0904    0.7662   -0.6362
...    69 G-C ...
  -81.2401  -47.0987  -58.8154
   -0.6511   -0.5099   -0.5622
   -0.7571    0.4884    0.4339
    0.0534    0.7081   -0.7041
...    70 A-T ...
  -80.8673  -44.9056  -61.2736
   -0.9703   -0.1354   -0.2007
   -0.2374    0.6943    0.6794
    0.0474    0.7069   -0.7057
...    71 T-A ...
  -80.7232  -43.1435  -64.0962
   -0.9622    0.2217    0.1579
    0.2677    0.6653    0.6969
    0.0494    0.7129   -0.6996
...    72 T-A ...
  -80.6992  -41.0143  -66.5889
   -0.6628    0.5359    0.5229
    0.7474    0.4306    0.5060
    0.0460    0.7262   -0.6859
...    73 C-G ...
  -80.4280  -38.5017  -68.6338
   -0.1378    0.6322    0.7624
    0.9903    0.0724    0.1189
    0.0200    0.7714   -0.6361
...    74 A-T ...
  -80.9208  -35.8896  -70.7830
    0.3736    0.4772    0.7955
    0.9276   -0.1932   -0.3198
    0.0011    0.8573   -0.5148
...    75 T-A ...
  -81.2649  -32.9641  -72.0947
    0.7660    0.2758    0.5807
    0.6417   -0.3820   -0.6650
    0.0384    0.8821   -0.4696
...    76 G-C ...
  -81.0881  -29.7285  -73.2990
    0.9806   -0.0806    0.1788
    0.1255   -0.4431   -0.8877
    0.1508    0.8929   -0.4243
...    77 T-A ...
  -80.4773  -26.5378  -74.0250
    0.9073   -0.3157   -0.2779
   -0.3791   -0.3278   -0.8654
    0.1821    0.8904   -0.4171
...    78 T-A ...
  -79.7131  -23.6894  -75.1760
    0.5713   -0.4587   -0.6806
   -0.7919   -0.0902   -0.6039
    0.2156    0.8840   -0.4148
...    79 A-T ...
  -79.1235  -20.7998  -76.7085
    0.0246   -0.4759   -0.8791
   -0.9723    0.1932   -0.1319
    0.2326    0.8580   -0.4580
...    80 T-A ...
  -77.6930  -18.3024  -78.1763
   -0.4402   -0.3031   -0.8452
   -0.8645    0.3973    0.3078
    0.2425    0.8662   -0.4369
...    81 A-T ...
  -77.0568  -15.3184  -79.5355
   -0.8593   -0.0453   -0.5095
   -0.4569    0.5154    0.7249
    0.2298    0.8557   -0.4636
...    82 A-T ...
  -76.2917  -12.6938  -81.1596
   -0.9724    0.2295   -0.0412
    0.0676    0.4463    0.8923
    0.2231    0.8649   -0.4495
...    83 C-G ...
  -75.8007  -10.0772  -83.3170
   -0.7936    0.4218    0.4386
    0.5661    0.2473    0.7864
    0.2232    0.8723   -0.4350
...    84 G-C ...
  -75.0933   -7.0615  -84.2627
   -0.4204    0.3393    0.8415
    0.8968    0.0141    0.4423
    0.1382    0.9406   -0.3102
...    85 G-C ...
  -75.0030   -3.8626  -84.9766
    0.0656    0.1934    0.9789
    0.9925   -0.1140   -0.0440
    0.1031    0.9745   -0.1995
...    86 A-T ...
  -74.8281   -0.6613  -85.3448
    0.6013    0.0284    0.7985
    0.7898   -0.1726   -0.5886
    0.1211    0.9846   -0.1262
...    87 C-G ...
  -74.9550    2.6252  -85.1325
    0.9128   -0.1143    0.3920
    0.3747   -0.1469   -0.9154
    0.1622    0.9825   -0.0913
...    88 C-G ...
  -74.2517    6.0185  -84.7926
    0.9509   -0.2947   -0.0942
   -0.1054   -0.0224   -0.9942
    0.2909    0.9553   -0.0524
...    89 G-C ...
  -73.2231    9.0662  -85.4096
    0.7105   -0.3930   -0.5838
   -0.5629    0.1804   -0.8066
    0.4223    0.9017   -0.0931
...    90 C-G ...
  -71.3135   11.9463  -85.4802
    0.2618   -0.2383   -0.9353
   -0.8573    0.3877   -0.3387
    0.4433    0.8905   -0.1028
...    91 T-A ...
  -69.3195   14.6888  -86.1262
   -0.2571    0.0109   -0.9663
   -0.8342    0.5024    0.2277
    0.4879    0.8646   -0.1201
...    92 T-A ...
  -67.4273   17.2708  -86.7103
   -0.6650    0.3308   -0.6695
   -0.5438    0.3999    0.7378
    0.5118    0.8548   -0.0860
...    93 T-A ...
  -65.6058   19.9101  -87.2504
   -0.8438    0.5162   -0.1469
   -0.0883    0.1365    0.9867
    0.5294    0.8455   -0.0696
...    94 A-T ...
  -63.7888   22.6396  -87.1239
   -0.7534    0.4949    0.4330
    0.3938   -0.1878    0.8998
    0.5267    0.8484   -0.0534
...    95 A-T ...
  -62.2612   25.3926  -87.4013
   -0.4617    0.2888    0.8387
    0.7203   -0.4297    0.5445
    0.5176    0.8555   -0.0096
...    96 C-G ...
  -61.1671   28.5253  -87.5861
   -0.0659   -0.0003    0.9978
    0.8530   -0.5189    0.0562
    0.5178    0.8548    0.0345
...    97 A-T ...
  -59.6237   31.4359  -87.2716
    0.3217   -0.3821    0.8663
    0.7759   -0.4181   -0.4725
    0.5427    0.8241    0.1620
...    98 C-G ...
  -58.2157   34.2474  -86.1544
    0.6376   -0.5774    0.5099
    0.5254   -0.1581   -0.8360
    0.5634    0.8010    0.2026
...    99 T-A ...
  -56.2924   36.9114  -84.6888
    0.7835   -0.6203   -0.0366
    0.1123    0.1992   -0.9735
    0.6111    0.7586    0.2258
...   100 T-A ...
  -54.2509   39.1802  -83.5668
    0.7198   -0.3884   -0.5754
   -0.3420    0.5229   -0.7808
    0.6042    0.7587    0.2436
...   101 T-A ...
  -52.1566   41.4359  -82.5636
    0.4178   -0.0257   -0.9082
   -0.6797    0.6544   -0.3312
    0.6029    0.7557    0.2559
...   102 A-T ...
  -50.3281   44.1377  -81.7880
   -0.0608    0.3475   -0.9357
   -0.7919    0.5538    0.2572
    0.6076    0.7567    0.2415
...   103 T-A ...
  -47.8272   46.2213  -81.3923
   -0.4286    0.5510   -0.7160
   -0.6714    0.3361    0.6605
    0.6046    0.7638    0.2258
...   104 G-C ...
  -45.8053   48.8166  -80.9554
   -0.7987    0.5703   -0.1920
   -0.2581   -0.0364    0.9654
    0.5436    0.8206    0.1762
...   105 C-G ...
  -44.3056   51.7015  -80.7304
   -0.8406    0.4210    0.3409
    0.1938   -0.3538    0.9150
    0.5058    0.8352    0.2158
...   106 T-A ...
  -42.8574   54.7703  -80.3201
   -0.6195    0.1235    0.7752
    0.6268   -0.5166    0.5833
    0.4725    0.8473    0.2426
...   107 T-A ...
  -41.5333   57.5848  -79.6052
   -0.2195   -0.2279    0.9486
    0.8626   -0.4996    0.0796
    0.4558    0.8357    0.3063
...   108 C-G ...
  -40.3000   60.3483  -78.3956
    0.2243   -0.5422    0.8097
    0.8557   -0.2879   -0.4299
    0.4662    0.7893    0.3994
...   109 C-G ...
  -38.9907   63.0358  -77.0573
    0.5365   -0.7264    0.4295
    0.6403    0.0188   -0.7679
    0.5498    0.6870    0.4752
...   110 G-C ...
  -37.0677   64.9137  -75.6621
    0.6936   -0.7182   -0.0561
    0.3454    0.3999   -0.8490
    0.6322    0.5694    0.5254
...   111 G-C ...
  -34.5923   66.1734  -73.7837
    0.7258   -0.4369   -0.5314
   -0.0199    0.7589   -0.6510
    0.6876    0.4830    0.5421
...   112 C-G ...
  -31.9657   67.1302  -71.9191
    0.5847    0.0219   -0.8110
   -0.3768    0.8926   -0.2475
    0.7185    0.4503    0.5302
...   113 T-A ...
  -29.4865   68.3748  -70.1837
    0.3106    0.4805   -0.8202
   -0.6001    0.7683    0.2228
    0.7372    0.4230    0.5270
...   114 C-G ...
  -27.1708   69.9930  -68.5486
   -0.0920    0.8353   -0.5420
   -0.6473    0.3634    0.6700
    0.7566    0.4125    0.5073
...   115 G-C ...
  -25.0074   71.3865  -66.5212
   -0.4670    0.8805   -0.0813
   -0.4940   -0.1835    0.8499
    0.7334    0.4370    0.5206
...   116 T-A ...
  -22.6041   73.2344  -65.2448
   -0.6819    0.6418    0.3508
   -0.1898   -0.6184    0.7626
    0.7064    0.4534    0.5435
...   117 A-T ...
  -20.2981   75.2955  -63.7421
   -0.7394    0.1565    0.6548
    0.2130   -0.8682    0.4481
    0.6387    0.4708    0.6086
...   118 T-A ...
  -18.5805   77.3956  -62.0188
   -0.5593   -0.2818    0.7796
    0.5259   -0.8476    0.0709
    0.6408    0.4497    0.6223
...   119 A-T ...
  -16.7104   78.8126  -59.8050
   -0.3712   -0.7161    0.5911
    0.7473   -0.6082   -0.2675
    0.5511    0.3425    0.7609
...   120 A-T ...
  -15.2305   79.8887  -57.1505
    0.0222   -0.9621    0.2719
    0.8473   -0.1262   -0.5158
    0.5306    0.2419    0.8124
...   121 T-A ...
  -14.0574   80.5489  -54.1384
    0.4167   -0.9080   -0.0448
    0.7416    0.3680   -0.5610
    0.5258    0.2005    0.8266
...   122 G-C ...
  -12.3263   80.7455  -51.1904
    0.6846   -0.5795   -0.4421
    0.4350    0.8115   -0.3901
    0.5848    0.0748    0.8077
...   123 T-A ...
  -10.4254   80.3367  -48.6067
    0.8067   -0.1299   -0.5765
    0.0912    0.9912   -0.0958
    0.5839    0.0247    0.8115
...   124 G-C ...
   -8.3561   80.2757  -46.0666
    0.7019    0.4499   -0.5522
   -0.3440    0.8930    0.2903
    0.6237   -0.0138    0.7816
...   125 T-A ...
   -6.1069   79.7424  -43.7737
    0.4272    0.8417   -0.3302
   -0.6464    0.5396    0.5394
    0.6322   -0.0170    0.7746
...   126 C-G ...
   -4.0458   79.6941  -41.3846
   -0.0108    0.9980    0.0622
   -0.7724   -0.0478    0.6333
    0.6350   -0.0412    0.7714
...   127 G-C ...
   -2.5138   79.3865  -38.5709
   -0.4437    0.8415    0.3081
   -0.6902   -0.5402    0.4814
    0.5716    0.0010    0.8205
...   128 A-T ...
   -0.5776   79.1870  -36.1314
   -0.7655    0.3900    0.5117
   -0.3502   -0.9198    0.1772
    0.5397   -0.0436    0.8407
...   129 C-G ...
    1.1959   79.7523  -33.4197
   -0.8676   -0.1316    0.4795
    0.0824   -0.9891   -0.1224
    0.4903   -0.0666    0.8690
...   130 C-G ...
    2.1969   80.0315  -30.1606
   -0.7983   -0.5642    0.2107
    0.4908   -0.8122   -0.3155
    0.3491   -0.1484    0.9253
...   131 A-T ...
    2.6113   78.9367  -27.0186
   -0.5927   -0.7720   -0.2295
    0.7939   -0.5118   -0.3284
    0.1361   -0.3768    0.9162
...   132 A-T ...
    2.7787   77.6215  -24.0486
   -0.0912   -0.8974   -0.4317
    0.9919   -0.0435   -0.1192
    0.0882   -0.4390    0.8941
...   133 A-T ...
    2.6394   76.1128  -21.1182
    0.5030   -0.7684   -0.3958
    0.8618    0.4805    0.1623
    0.0655   -0.4227    0.9039
...   134 T-A ...
    2.3076   74.2306  -18.3902
    0.8657   -0.4293   -0.2574
    0.4984    0.7868    0.3641
    0.0462   -0.4435    0.8951
...   135 G-C ...
    1.4354   72.0969  -15.6049
    0.9809    0.0621    0.1843
   -0.1263    0.9241    0.3607
   -0.1479   -0.3771    0.9143
...   136 T-A ...
    0.5279   69.2392  -13.4688
    0.7351    0.4963    0.4618
   -0.6117    0.7792    0.1365
   -0.2921   -0.3828    0.8764
...   137 G-C ...
   -0.1659   67.4105  -10.8094
    0.1800    0.8794    0.4408
   -0.9276    0.3008   -0.2214
   -0.3274   -0.3691    0.8698
...   138 A-T ...
   -0.1321   66.2179   -7.8216
   -0.3749    0.8570    0.3536
   -0.8857   -0.2184   -0.4098
   -0.2739   -0.4668    0.8409
...   139 G-C ...
   -1.0069   65.6074   -4.9424
   -0.8336    0.5218    0.1811
   -0.5170   -0.6220   -0.5881
   -0.1942   -0.5839    0.7883
...   140 C-G ...
   -0.6974   63.9002   -2.2528
   -0.9992    0.0157   -0.0376
    0.0023   -0.8993   -0.4374
   -0.0406   -0.4371    0.8985
...   141 G-C ...
   -3.4382   60.2384    1.0284
   -0.4425    0.2285   -0.8672
    0.1683   -0.9287   -0.3306
   -0.8808   -0.2922    0.3725
...   142 C-G ...
   -6.3288   59.0833    1.6294
   -0.2970   -0.3280   -0.8968
    0.5656   -0.8171    0.1115
   -0.7693   -0.4741    0.4282
...   143 T-A ...
   -8.6768   58.7242    3.6024
   -0.0347   -0.7817   -0.6227
    0.6533   -0.4893    0.5778
   -0.7563   -0.3868    0.5276
...   144 C-G ...
  -11.6544   58.0113    4.7193
    0.2451   -0.9542   -0.1716
    0.6322    0.0231    0.7745
   -0.7350   -0.2983    0.6089
...   145 A-T ...
  -14.1760   56.5667    6.1807
    0.5795   -0.7268    0.3687
    0.3139    0.6165    0.7220
   -0.7521   -0.3027    0.5855
...   146 C-G ...
  -16.4651   53.8948    7.5153
    0.5336   -0.3331    0.7774
   -0.0346    0.9098    0.4136
   -0.8450   -0.2476    0.4739
...   147 A-T ...
  -19.0172   52.0373    8.9261
    0.2452    0.2907    0.9249
   -0.3073    0.9281   -0.2103
   -0.9195   -0.2327    0.3169
