  147 base-pairs
...     1 A-T ...
    0.0000    0.0000    0.0000
    1.0000    0.0000    0.0000
    0.0000    1.0000    0.0000
    0.0000    0.0000    1.0000
...     2 G-C ...
   -0.1404   -1.2353    3.2259
    0.7530    0.6366    0.1668
   -0.6385    0.7681   -0.0490
   -0.1593   -0.0696    0.9848
...     3 T-A ...
   -0.0377   -3.2918    6.3749
    0.2722    0.9302    0.2464
   -0.9238    0.3243   -0.2034
   -0.2691   -0.1722    0.9476
...     4 G-C ...
   -0.3520   -4.1638    9.4928
   -0.3756    0.9250    0.0576
   -0.8780   -0.3352   -0.3416
   -0.2967   -0.1788    0.9381
...     5 A-T ...
   -0.4480   -4.1448   12.7498
   -0.8116    0.5839   -0.0166
   -0.5522   -0.7762   -0.3042
   -0.1905   -0.2377    0.9525
...     6 G-C ...
   -1.5926   -4.1701   15.6201
   -0.9976    0.0246   -0.0651
   -0.0043   -0.9555   -0.2950
   -0.0694   -0.2940    0.9533
...     7 C-G ...
   -1.1050   -4.4793   18.7363
   -0.8442   -0.5302   -0.0787
    0.5343   -0.8442   -0.0430
   -0.0437   -0.0784    0.9960
...     8 G-C ...
   -2.4044   -7.7255   23.1483
   -0.2753   -0.3294   -0.9032
    0.6650   -0.7437    0.0686
   -0.6943   -0.5817    0.4238
...     9 C-G ...
   -4.4706   -9.9691   24.1142
    0.1145   -0.7026   -0.7023
    0.8512   -0.2951    0.4341
   -0.5123   -0.6475    0.5642
...    10 T-A ...
   -6.7420  -10.8705   25.9717
    0.4841   -0.8363   -0.2573
    0.6594    0.1554    0.7356
   -0.5752   -0.5257    0.6267
...    11 C-G ...
   -9.1682  -12.6167   27.1662
    0.7073   -0.6683    0.2306
    0.3450    0.6110    0.7125
   -0.6170   -0.4243    0.6627
...    12 A-T ...
  -10.9253  -14.6583   29.0713
    0.7515   -0.1377    0.6452
   -0.2027    0.8824    0.4245
   -0.6278   -0.4498    0.6352
...    13 C-G ...
  -11.8495  -17.4796   31.2472
    0.4294    0.2824    0.8578
   -0.5708    0.8209    0.0155
   -0.6998   -0.4963    0.5137
...    14 A-T ...
  -13.5915  -19.7756   33.4284
   -0.1503    0.6106    0.7775
   -0.6874    0.5007   -0.5261
   -0.7106   -0.6135    0.3445
...    15 A-T ...
  -15.6873  -21.8652   34.7583
   -0.5095    0.7785    0.3666
   -0.4756    0.1003   -0.8739
   -0.7171   -0.6196    0.3192
...    16 T-A ...
  -17.7801  -23.7692   36.4144
   -0.6642    0.7397   -0.1078
   -0.1599   -0.2814   -0.9462
   -0.7302   -0.6112    0.3052
...    17 T-A ...
  -20.1535  -25.5872   37.6247
   -0.6120    0.5059   -0.6079
    0.2237   -0.6265   -0.7466
   -0.7585   -0.5930    0.2702
...    18 T-A ...
  -22.7266  -27.2637   38.5860
   -0.3526    0.1400   -0.9252
    0.5073   -0.8022   -0.3147
   -0.7863   -0.5804    0.2119
...    19 A-T ...
  -25.8141  -28.5483   38.9464
    0.1078   -0.1096   -0.9881
    0.5628   -0.8126    0.1515
   -0.8196   -0.5724   -0.0259
...    20 T-A ...
  -28.7715  -29.8504   38.5268
    0.3931   -0.4627   -0.7946
    0.4261   -0.6741    0.6034
   -0.8148   -0.5758   -0.0678
...    21 T-A ...
  -31.4715  -31.5434   38.0029
    0.5775   -0.7393   -0.3463
    0.1261   -0.3383    0.9326
   -0.8066   -0.5822   -0.1021
...    22 C-G ...
  -33.9457  -33.5765   37.4545
    0.5673   -0.7879    0.2395
   -0.2536    0.1096    0.9611
   -0.7835   -0.6060   -0.1376
...    23 G-C ...
  -36.5083  -35.6548   37.4248
    0.3903   -0.5623    0.7290
   -0.5661    0.4779    0.6717
   -0.7260   -0.6749   -0.1318
...    24 C-G ...
  -38.6107  -38.1405   36.8648
    0.0389   -0.2099    0.9769
   -0.6963    0.6955    0.1772
   -0.7167   -0.6871   -0.1191
...    25 A-T ...
  -41.1301  -40.2076   36.4472
   -0.3169    0.2522    0.9143
   -0.6042    0.6894   -0.3996
   -0.7311   -0.6791   -0.0661
...    26 A-T ...
  -43.3209  -42.6080   36.4073
   -0.6164    0.5756    0.5373
   -0.3064    0.4532   -0.8371
   -0.7253   -0.6807   -0.1030
...    27 A-T ...
  -45.6295  -44.8796   36.3474
   -0.6780    0.7351   -0.0066
    0.0979    0.0814   -0.9919
   -0.7285   -0.6731   -0.1271
...    28 G-C ...
  -48.1577  -46.9575   36.2179
   -0.4662    0.7442   -0.4782
    0.4314   -0.2807   -0.8574
   -0.7724   -0.6060   -0.1902
...    29 G-C ...
  -51.0141  -48.6738   35.7979
   -0.0800    0.5788   -0.8115
    0.5948   -0.6256   -0.5048
   -0.7999   -0.5231   -0.2942
...    30 C-G ...
  -53.8869  -49.8868   34.8580
    0.3046    0.2242   -0.9257
    0.5328   -0.8457   -0.0296
   -0.7896   -0.4842   -0.3771
...    31 C-G ...
  -56.5848  -51.0383   33.2182
    0.6253   -0.1728   -0.7610
    0.2654   -0.8700    0.4156
   -0.7339   -0.4618   -0.4981
...    32 G-C ...
  -58.6578  -52.8352   31.3730
    0.7613   -0.5390   -0.3604
   -0.1647   -0.6983    0.6966
   -0.6271   -0.4710   -0.6204
...    33 G-C ...
  -60.3248  -54.3770   28.8761
    0.6056   -0.7895    0.0999
   -0.5771   -0.3492    0.7383
   -0.5480   -0.5047   -0.6671
...    34 C-G ...
  -61.7240  -56.1053   26.4268
    0.2105   -0.8450    0.4916
   -0.8302    0.1110    0.5463
   -0.5162   -0.5231   -0.6782
...    35 C-G ...
  -63.1742  -58.0935   24.1287
   -0.2505   -0.6330    0.7325
   -0.8265    0.5339    0.1787
   -0.5042   -0.5606   -0.6569
...    36 C-G ...
  -64.6742  -60.1983   21.9712
   -0.6327   -0.2222    0.7418
   -0.5634    0.7893   -0.2441
   -0.5313   -0.5724   -0.6246
...    37 G-C ...
  -66.5512  -61.6652   19.6662
   -0.7910    0.2932    0.5370
   -0.1109    0.7944   -0.5972
   -0.6017   -0.5319   -0.5959
...    38 A-T ...
  -68.4265  -63.5077   17.7462
   -0.6883    0.7140    0.1283
    0.3735    0.5004   -0.7811
   -0.6218   -0.4898   -0.6111
...    39 C-G ...
  -70.7862  -65.2095   16.2513
   -0.3772    0.8931   -0.2451
    0.6719    0.0818   -0.7361
   -0.6374   -0.4424   -0.6309
...    40 A-T ...
  -72.9931  -66.5470   14.1477
    0.1325    0.8656   -0.4828
    0.7524   -0.4050   -0.5196
   -0.6453   -0.2944   -0.7050
...    41 C-G ...
  -75.4644  -66.9924   12.0856
    0.5287    0.5761   -0.6233
    0.5786   -0.7819   -0.2319
   -0.6210   -0.2381   -0.7468
...    42 G-C ...
  -77.1850  -67.7231    9.3625
    0.8453    0.1284   -0.5186
    0.1853   -0.9809    0.0592
   -0.5011   -0.1461   -0.8530
...    43 A-T ...
  -78.6293  -68.0239    6.4683
    0.8303   -0.4338   -0.3498
   -0.3397   -0.8916    0.2993
   -0.4417   -0.1297   -0.8877
...    44 C-G ...
  -79.6097  -67.9724    3.3188
    0.5581   -0.8196   -0.1294
   -0.7263   -0.5579    0.4016
   -0.4014   -0.1301   -0.9066
...    45 T-A ...
  -80.5160  -68.3754    0.1751
    0.1229   -0.9847    0.1232
   -0.9268   -0.0694    0.3691
   -0.3549   -0.1596   -0.9212
...    46 T-A ...
  -81.3049  -68.8759   -2.9455
   -0.4374   -0.8597    0.2638
   -0.8337    0.4976    0.2393
   -0.3370   -0.1152   -0.9344
...    47 A-T ...
  -82.6195  -68.8859   -6.0189
   -0.8685   -0.3809    0.3172
   -0.3860    0.9212    0.0495
   -0.3110   -0.0794   -0.9471
...    48 C-G ...
  -83.5619  -69.7385   -9.0774
   -0.9395    0.1427    0.3116
    0.1143    0.9876   -0.1075
   -0.3230   -0.0654   -0.9441
...    49 T-A ...
  -84.8395  -70.1888  -12.0808
   -0.7316    0.6237    0.2754
    0.5764    0.7815   -0.2388
   -0.3641   -0.0159   -0.9312
...    50 G-C ...
  -86.1559  -70.0491  -15.1213
   -0.2637    0.9348    0.2378
    0.8744    0.3358   -0.3503
   -0.4073    0.1156   -0.9060
...    51 T-A ...
  -88.0374  -69.6360  -17.7558
    0.2263    0.9695    0.0936
    0.8913   -0.1674   -0.4213
   -0.3928    0.1788   -0.9021
...    52 A-T ...
  -89.6803  -68.4694  -20.4290
    0.6958    0.7150    0.0683
    0.6577   -0.5960   -0.4606
   -0.2886    0.3654   -0.8850
...    53 G-C ...
  -90.6762  -66.8804  -23.1181
    0.9525    0.2944   -0.0780
    0.2262   -0.8554   -0.4659
   -0.2039    0.4261   -0.8814
...    54 G-C ...
  -90.9980  -64.9660  -25.8771
    0.9498   -0.2269   -0.2152
   -0.2995   -0.8581   -0.4171
   -0.0900    0.4606   -0.8830
...    55 T-A ...
  -90.8812  -62.9918  -28.5066
    0.6737   -0.6394   -0.3706
   -0.7372   -0.6166   -0.2764
   -0.0518    0.4594   -0.8867
...    56 A-T ...
  -91.0750  -61.5490  -31.4821
    0.1276   -0.8852   -0.4474
   -0.9916   -0.1232   -0.0389
   -0.0207    0.4486   -0.8935
...    57 T-A ...
  -90.4288  -60.1407  -34.4026
   -0.3838   -0.8188   -0.4270
   -0.9233    0.3341    0.1894
   -0.0124    0.4669   -0.8842
...    58 C-G ...
  -90.3799  -58.7097  -37.3438
   -0.8456   -0.4797   -0.2340
   -0.5334    0.7445    0.4014
   -0.0184    0.4643   -0.8855
...    59 T-A ...
  -90.4409  -57.4904  -40.4082
   -0.9977   -0.0552    0.0404
   -0.0301    0.8838    0.4669
   -0.0615    0.4646   -0.8834
...    60 C-G ...
  -90.6703  -56.0724  -43.3364
   -0.8352    0.4387    0.3316
    0.5430    0.7532    0.3712
   -0.0869    0.4901   -0.8673
...    61 G-C ...
  -90.7611  -54.2066  -46.0612
   -0.4098    0.6898    0.5968
    0.9003    0.4110    0.1432
   -0.1465    0.5960   -0.7895
...    62 A-T ...
  -91.3653  -52.2777  -48.5889
    0.1668    0.7581    0.6305
    0.9761   -0.0366   -0.2142
   -0.1393    0.6511   -0.7461
...    63 G-C ...
  -92.1079  -49.9656  -50.7895
    0.6335    0.5745    0.5183
    0.7686   -0.3906   -0.5066
   -0.0886    0.7193   -0.6890
...    64 C-G ...
  -92.5570  -47.2927  -52.6195
    0.9432    0.2385    0.2311
    0.3306   -0.6084   -0.7215
   -0.0315    0.7570   -0.6527
...    65 T-A ...
  -92.5134  -44.5331  -54.3953
    0.9828   -0.1524   -0.1045
   -0.1767   -0.6095   -0.7729
    0.0540    0.7780   -0.6259
...    66 C-G ...
  -92.0835  -41.9700  -56.3461
    0.7112   -0.4954   -0.4988
   -0.6952   -0.3905   -0.6035
    0.1042    0.7760   -0.6221
...    67 G-C ...
  -91.8528  -39.6598  -58.6992
    0.2147   -0.6932   -0.6880
   -0.9594   -0.0179   -0.2814
    0.1828    0.7205   -0.6689
...    68 G-C ...
  -90.8768  -37.4114  -61.0046
   -0.3340   -0.6389   -0.6930
   -0.9226    0.3721    0.1017
    0.1929    0.6733   -0.7138
...    69 G-C ...
  -90.0053  -35.3718  -63.5325
   -0.7819   -0.3822   -0.4925
   -0.6029    0.6646    0.4414
    0.1586    0.6421   -0.7501
...    70 A-T ...
  -89.3901  -33.3517  -66.0245
   -0.9889    0.0579   -0.1372
   -0.0461    0.7572    0.6515
    0.1416    0.6506   -0.7461
...    71 T-A ...
  -89.0719  -31.7436  -68.8818
   -0.8820    0.4263    0.2009
    0.4470    0.6216    0.6433
    0.1493    0.6572   -0.7388
...    72 C-G ...
  -88.6795  -29.6477  -71.3456
   -0.4811    0.6703    0.5650
    0.8665    0.2656    0.4226
    0.1332    0.6929   -0.7086
...    73 C-G ...
  -88.6544  -27.3052  -73.7673
    0.0137    0.6261    0.7796
    0.9912   -0.1109    0.0717
    0.1313    0.7718   -0.6221
...    74 G-C ...
  -87.9666  -24.6896  -75.6640
    0.4962    0.3443    0.7970
    0.8474   -0.3918   -0.3583
    0.1889    0.8532   -0.4862
...    75 C-G ...
  -87.6087  -21.6584  -76.8393
    0.8464    0.0288    0.5318
    0.4756   -0.4901   -0.7305
    0.2396    0.8712   -0.4285
...    76 T-A ...
  -86.7659  -18.6367  -77.8015
    0.9475   -0.2896    0.1356
    0.0094   -0.3987   -0.9170
    0.3197    0.8702   -0.3750
...    77 T-A ...
  -85.6384  -15.7387  -78.6971
    0.7970   -0.4692   -0.3802
   -0.5002   -0.1602   -0.8509
    0.3384    0.8684   -0.3624
...    78 T-A ...
  -84.3146  -12.9189  -79.5994
    0.3950   -0.4712   -0.7886
   -0.8513    0.1350   -0.5070
    0.3454    0.8716   -0.3478
...    79 A-T ...
  -83.2760  -10.0222  -80.8242
   -0.1733   -0.3200   -0.9315
   -0.9169    0.3978    0.0339
    0.3596    0.8599   -0.3623
...    80 A-T ...
  -81.8207   -7.4005  -82.0817
   -0.6430   -0.0195   -0.7656
   -0.6691    0.5006    0.5492
    0.3726    0.8654   -0.3350
...    81 C-G ...
  -80.3482   -4.8863  -83.6508
   -0.8986    0.2233   -0.3776
   -0.2525    0.4408    0.8614
    0.3588    0.8694   -0.3398
...    82 A-T ...
  -79.2093   -1.9539  -84.6451
   -0.9209    0.3428    0.1854
    0.2819    0.2576    0.9242
    0.2691    0.9034   -0.3339
...    83 C-G ...
  -78.7138    0.8893  -86.2191
   -0.6674    0.3918    0.6334
    0.7029    0.0505    0.7094
    0.2460    0.9187   -0.3090
...    84 T-A ...
  -78.3044    3.9692  -87.2882
   -0.2539    0.2881    0.9233
    0.9425   -0.1410    0.3031
    0.2175    0.9472   -0.2357
...    85 T-A ...
  -77.8926    7.0854  -88.0255
    0.2793    0.1298    0.9514
    0.9331   -0.2706   -0.2371
    0.2266    0.9539   -0.1967
...    86 T-A ...
  -77.3883   10.2406  -88.4722
    0.7224   -0.0763    0.6873
    0.6439   -0.2880   -0.7088
    0.2520    0.9546   -0.1589
...    87 A-T ...
  -76.5321   13.4544  -88.4141
    0.8935   -0.3646    0.2620
    0.2170   -0.1601   -0.9630
    0.3931    0.9173   -0.0640
...    88 T-A ...
  -75.2419   16.4208  -87.9105
    0.8795   -0.4132   -0.2361
   -0.2368    0.0504   -0.9703
    0.4128    0.9092   -0.0535
...    89 C-G ...
  -73.6758   19.2653  -88.0195
    0.5800   -0.3430   -0.7389
   -0.6748    0.3058   -0.6716
    0.4563    0.8882   -0.0541
...    90 A-T ...
  -72.1850   22.1879  -88.3573
    0.0803   -0.1904   -0.9784
   -0.8582    0.4861   -0.1651
    0.5071    0.8529   -0.1243
...    91 T-A ...
  -69.9429   24.5713  -88.7999
   -0.3471    0.0914   -0.9333
   -0.7845    0.5170    0.3424
    0.5139    0.8511   -0.1077
...    92 G-C ...
  -68.4845   27.4995  -89.1780
   -0.7571    0.3045   -0.5780
   -0.4528    0.3931    0.8003
    0.4709    0.8676   -0.1597
...    93 T-A ...
  -66.8080   30.1429  -90.2716
   -0.8897    0.4474   -0.0908
   -0.0118    0.1762    0.9843
    0.4563    0.8768   -0.1515
...    94 T-A ...
  -65.3643   32.9375  -91.0713
   -0.7477    0.4739    0.4651
    0.4709   -0.1154    0.8746
    0.4681    0.8730   -0.1369
...    95 A-T ...
  -64.0593   35.9359  -91.5880
   -0.4375    0.2368    0.8674
    0.7982   -0.3418    0.4960
    0.4140    0.9094   -0.0395
...    96 T-A ...
  -63.3434   39.1150  -91.8519
   -0.0115    0.0152    0.9998
    0.9092   -0.4160    0.0168
    0.4162    0.9092   -0.0091
...    97 A-T ...
  -62.4332   42.3049  -91.4528
    0.3443   -0.3623    0.8661
    0.8196   -0.3339   -0.4655
    0.4579    0.8702    0.1819
...    98 A-T ...
  -61.1184   45.1166  -90.5842
    0.7034   -0.5265    0.4775
    0.5221   -0.0731   -0.8497
    0.4823    0.8470    0.2235
...    99 C-G ...
  -59.7238   47.7304  -89.2040
    0.8439   -0.5363   -0.0146
    0.1242    0.2217   -0.9672
    0.5220    0.8144    0.2537
...   100 G-C ...
  -57.7076   50.2925  -88.6714
    0.7153   -0.4312   -0.5499
   -0.2898    0.5331   -0.7949
    0.6359    0.7279    0.2563
...   101 G-C ...
  -55.2148   52.3581  -87.7528
    0.4143   -0.1376   -0.8997
   -0.5827    0.7192   -0.3784
    0.6991    0.6810    0.2178
...   102 A-T ...
  -52.8037   54.4654  -87.0760
    0.0001    0.3002   -0.9539
   -0.7022    0.6791    0.2136
    0.7119    0.6698    0.2109
...   103 T-A ...
  -50.0148   56.2057  -86.6834
   -0.3317    0.6180   -0.7127
   -0.6125    0.4335    0.6610
    0.7175    0.6558    0.2347
...   104 G-C ...
  -47.8320   58.5057  -85.7975
   -0.6624    0.7099   -0.2393
   -0.3235    0.0172    0.9461
    0.6758    0.7041    0.2183
...   105 C-G ...
  -45.5414   60.8549  -85.4643
   -0.7613    0.5808    0.2883
    0.0661   -0.3728    0.9255
    0.6450    0.7237    0.2454
...   106 T-A ...
  -43.6151   63.4584  -84.8687
   -0.6732    0.2642    0.6907
    0.4306   -0.6192    0.6566
    0.6012    0.7394    0.3031
...   107 T-A ...
  -41.8528   66.0218  -84.0028
   -0.3635   -0.1401    0.9210
    0.7186   -0.6713    0.1815
    0.5928    0.7279    0.3447
...   108 C-G ...
  -40.0667   68.4276  -82.7858
    0.0419   -0.5456    0.8370
    0.8071   -0.4753   -0.3503
    0.5890    0.6902    0.4204
...   109 C-G ...
  -38.4379   70.7369  -80.9671
    0.3598   -0.7968    0.4855
    0.6997   -0.1139   -0.7053
    0.6173    0.5935    0.5165
...   110 G-C ...
  -36.1191   72.3524  -79.2565
    0.5660   -0.8238   -0.0330
    0.4703    0.3555   -0.8078
    0.6771    0.4416    0.5886
...   111 G-C ...
  -33.7809   73.2644  -77.0104
    0.6632   -0.5594   -0.4972
    0.1639    0.7568   -0.6328
    0.7303    0.3382    0.5936
...   112 C-G ...
  -31.2435   73.8599  -74.9902
    0.6277   -0.0806   -0.7743
   -0.1789    0.9531   -0.2442
    0.7576    0.2918    0.5838
...   113 T-A ...
  -28.5566   74.4599  -73.1656
    0.4311    0.4178   -0.7998
   -0.4466    0.8690    0.2132
    0.7840    0.2653    0.5612
...   114 C-G ...
  -25.8864   75.2589  -71.4334
    0.0996    0.8508   -0.5160
   -0.6112    0.4615    0.6430
    0.7852    0.2514    0.5660
...   115 G-C ...
  -23.6198   76.1668  -69.1921
   -0.3034    0.9468   -0.1071
   -0.5736   -0.0917    0.8140
    0.7609    0.3084    0.5709
...   116 T-A ...
  -20.8386   77.3623  -67.8194
   -0.5678    0.7617    0.3123
   -0.3567   -0.5696    0.7405
    0.7419    0.3090    0.5951
...   117 A-T ...
  -18.4136   78.4952  -65.8735
   -0.7390    0.2963    0.6050
    0.0024   -0.8969    0.4422
    0.6736    0.3283    0.6621
...   118 T-A ...
  -16.4156   80.1720  -63.9080
   -0.6699   -0.1852    0.7190
    0.3530   -0.9314    0.0891
    0.6531    0.3135    0.6893
...   119 A-T ...
  -14.8192   81.6526  -61.3476
   -0.5642   -0.6596    0.4966
    0.6484   -0.7264   -0.2280
    0.5111    0.1933    0.8375
...   120 A-T ...
  -13.4564   82.2970  -58.5096
   -0.1772   -0.9544    0.2401
    0.8606   -0.2687   -0.4327
    0.4775    0.1299    0.8690
...   121 T-A ...
  -12.5531   82.6568  -55.4057
    0.2337   -0.9718   -0.0331
    0.8517    0.2210   -0.4751
    0.4690    0.0828    0.8793
...   122 G-C ...
  -10.8774   82.5214  -52.5453
    0.5863   -0.7090   -0.3920
    0.6350    0.7026   -0.3211
    0.5030   -0.0607    0.8621
...   123 T-A ...
   -9.5155   81.7123  -49.6632
    0.8156   -0.2568   -0.5185
    0.2707    0.9614   -0.0504
    0.5114   -0.0992    0.8536
...   124 G-C ...
   -7.6056   81.5813  -46.9808
    0.8001    0.3350   -0.4976
   -0.2080    0.9330    0.2937
    0.5626   -0.1315    0.8162
...   125 T-A ...
   -5.5156   80.6206  -44.5625
    0.5848    0.7670   -0.2641
   -0.5888    0.6253    0.5121
    0.5579   -0.1440    0.8173
...   126 C-G ...
   -3.5917   80.0844  -41.9555
    0.1364    0.9860    0.0954
   -0.8266    0.0602    0.5596
    0.5460   -0.1552    0.8233
...   127 G-C ...
   -2.2137   79.3686  -39.0292
   -0.3821    0.8684    0.3161
   -0.7838   -0.4858    0.3869
    0.4895   -0.0999    0.8663
...   128 A-T ...
   -0.4898   79.0009  -36.2950
   -0.7801    0.4469    0.4379
   -0.4454   -0.8882    0.1130
    0.4394   -0.1069    0.8919
...   129 C-G ...
    1.0086   79.2541  -33.4081
   -0.9233   -0.0444    0.3814
   -0.0051   -0.9918   -0.1277
    0.3840   -0.1199    0.9155
...   130 C-G ...
    2.1195   79.2636  -30.2298
   -0.8498   -0.5111    0.1290
    0.4587   -0.8376   -0.2968
    0.2598   -0.1931    0.9462
...   131 A-T ...
    2.6617   78.6180  -26.9940
   -0.5376   -0.8155   -0.2144
    0.8354   -0.4807   -0.2667
    0.1144   -0.3225    0.9396
...   132 A-T ...
    2.6896   77.5163  -23.9732
   -0.0235   -0.9235   -0.3828
    0.9969    0.0071   -0.0783
    0.0750   -0.3835    0.9205
...   133 A-T ...
    2.6280   76.0884  -21.0806
    0.5119   -0.7633   -0.3940
    0.8571    0.4847    0.1746
    0.0577   -0.4271    0.9024
...   134 T-A ...
    2.3076   74.2307  -18.3903
    0.8657   -0.4293   -0.2574
    0.4984    0.7868    0.3641
    0.0462   -0.4435    0.8951
...   135 G-C ...
    1.4355   72.0970  -15.6050
    0.9809    0.0621    0.1843
   -0.1263    0.9241    0.3607
   -0.1479   -0.3771    0.9143
...   136 T-A ...
    0.5280   69.2393  -13.4689
    0.7351    0.4963    0.4618
   -0.6117    0.7792    0.1365
   -0.2921   -0.3828    0.8764
...   137 G-C ...
   -0.1658   67.4105  -10.8095
    0.1800    0.8794    0.4408
   -0.9276    0.3008   -0.2214
   -0.3274   -0.3691    0.8698
...   138 A-T ...
   -0.1321   66.2180   -7.8216
   -0.3749    0.8570    0.3536
   -0.8857   -0.2184   -0.4098
   -0.2739   -0.4668    0.8409
...   139 G-C ...
   -1.0068   65.6075   -4.9425
   -0.8336    0.5218    0.1811
   -0.5170   -0.6220   -0.5881
   -0.1942   -0.5839    0.7883
...   140 C-G ...
   -0.6974   63.9003   -2.2528
   -0.9992    0.0157   -0.0376
    0.0023   -0.8993   -0.4374
   -0.0406   -0.4371    0.8985
...   141 G-C ...
   -3.4382   60.2385    1.0284
   -0.4425    0.2285   -0.8672
    0.1683   -0.9287   -0.3306
   -0.8808   -0.2922    0.3725
...   142 C-G ...
   -6.3288   59.0834    1.6293
   -0.2970   -0.3280   -0.8968
    0.5656   -0.8171    0.1115
   -0.7693   -0.4741    0.4282
...   143 T-A ...
   -8.6768   58.7243    3.6024
   -0.0347   -0.7817   -0.6227
    0.6533   -0.4893    0.5778
   -0.7563   -0.3868    0.5276
...   144 C-G ...
  -11.6544   58.0114    4.7193
    0.2451   -0.9542   -0.1716
    0.6322    0.0231    0.7745
   -0.7350   -0.2983    0.6089
...   145 A-T ...
  -14.1759   56.5668    6.1807
    0.5795   -0.7268    0.3687
    0.3139    0.6165    0.7220
   -0.7521   -0.3027    0.5855
...   146 C-G ...
  -16.4650   53.8949    7.5153
    0.5336   -0.3331    0.7774
   -0.0346    0.9098    0.4136
   -0.8450   -0.2476    0.4739
...   147 A-T ...
  -19.0172   52.0374    8.9260
    0.2452    0.2907    0.9249
   -0.3073    0.9281   -0.2103
   -0.9195   -0.2327    0.3169
