  147 base-pairs
...     1 A-T ...
    0.0000    0.0000    0.0000
    1.0000    0.0000    0.0000
    0.0000    1.0000    0.0000
    0.0000    0.0000    1.0000
...     2 G-C ...
   -0.1404   -1.2353    3.2259
    0.7530    0.6366    0.1668
   -0.6385    0.7681   -0.0490
   -0.1593   -0.0696    0.9848
...     3 T-A ...
   -0.0377   -3.2918    6.3749
    0.2722    0.9302    0.2464
   -0.9238    0.3243   -0.2034
   -0.2691   -0.1722    0.9476
...     4 G-C ...
   -0.3520   -4.1638    9.4928
   -0.3756    0.9250    0.0576
   -0.8780   -0.3352   -0.3416
   -0.2967   -0.1788    0.9381
...     5 A-T ...
   -0.4480   -4.1448   12.7498
   -0.8116    0.5839   -0.0166
   -0.5522   -0.7762   -0.3042
   -0.1905   -0.2377    0.9525
...     6 G-C ...
   -1.5926   -4.1701   15.6201
   -0.9976    0.0246   -0.0651
   -0.0043   -0.9555   -0.2950
   -0.0694   -0.2940    0.9533
...     7 C-G ...
   -1.1050   -4.4793   18.7363
   -0.8442   -0.5302   -0.0787
    0.5343   -0.8442   -0.0430
   -0.0437   -0.0784    0.9960
...     8 G-C ...
   -2.4044   -7.7255   23.1483
   -0.2753   -0.3294   -0.9032
    0.6650   -0.7437    0.0686
   -0.6943   -0.5817    0.4238
...     9 C-G ...
   -4.4706   -9.9691   24.1142
    0.1145   -0.7026   -0.7023
    0.8512   -0.2951    0.4341
   -0.5123   -0.6475    0.5642
...    10 T-A ...
   -6.7420  -10.8705   25.9717
    0.4841   -0.8363   -0.2573
    0.6594    0.1554    0.7356
   -0.5752   -0.5257    0.6267
...    11 C-G ...
   -9.1682  -12.6167   27.1662
    0.7073   -0.6683    0.2306
    0.3450    0.6110    0.7125
   -0.6170   -0.4243    0.6627
...    12 A-T ...
  -10.9253  -14.6583   29.0713
    0.7515   -0.1377    0.6452
   -0.2027    0.8824    0.4245
   -0.6278   -0.4498    0.6352
...    13 C-G ...
  -11.8495  -17.4796   31.2472
    0.4294    0.2824    0.8578
   -0.5708    0.8209    0.0155
   -0.6998   -0.4963    0.5137
...    14 A-T ...
  -13.5915  -19.7756   33.4284
   -0.1503    0.6106    0.7775
   -0.6874    0.5007   -0.5261
   -0.7106   -0.6135    0.3445
...    15 A-T ...
  -15.7771  -21.8964   34.4990
   -0.4850    0.8026    0.3473
   -0.4599    0.1037   -0.8819
   -0.7438   -0.5874    0.3189
...    16 T-A ...
  -17.9551  -23.7961   36.2498
   -0.6735    0.7220   -0.1582
   -0.1199   -0.3179   -0.9405
   -0.7294   -0.6145    0.3007
...    17 T-A ...
  -20.3606  -25.6225   37.5798
   -0.6270    0.4000   -0.6685
    0.3004   -0.6676   -0.6812
   -0.7188   -0.6280    0.2984
...    18 T-A ...
  -22.7879  -27.4766   38.4943
   -0.3018    0.0518   -0.9520
    0.5686   -0.7917   -0.2234
   -0.7653   -0.6087    0.2095
...    19 A-T ...
  -25.3928  -29.3285   38.7770
    0.1446   -0.1743   -0.9740
    0.6010   -0.7665    0.2264
   -0.7860   -0.6181   -0.0061
...    20 T-A ...
  -28.3335  -30.7740   38.4036
    0.4340   -0.5161   -0.7384
    0.4379   -0.5954    0.6736
   -0.7873   -0.6157   -0.0324
...    21 T-A ...
  -31.0006  -32.6327   37.9683
    0.6042   -0.7578   -0.2463
    0.1013   -0.2335    0.9671
   -0.7904   -0.6092   -0.0643
...    22 C-G ...
  -33.5128  -34.6979   37.6267
    0.5687   -0.7449    0.3489
   -0.2816    0.2222    0.9335
   -0.7729   -0.6291   -0.0834
...    23 G-C ...
  -36.0631  -36.7984   38.0524
    0.3943   -0.4357    0.8091
   -0.5933    0.5517    0.5862
   -0.7018   -0.7112   -0.0410
...    24 C-G ...
  -38.0871  -39.3454   37.7768
    0.0641   -0.0499    0.9967
   -0.7095    0.7000    0.0807
   -0.7018   -0.7124    0.0095
...    25 A-T ...
  -40.6960  -41.3224   37.5319
   -0.3211    0.3791    0.8679
   -0.6051    0.6228   -0.4959
   -0.7285   -0.6844    0.0294
...    26 A-T ...
  -42.9730  -43.6708   37.7945
   -0.6085    0.6542    0.4491
   -0.3137    0.3215   -0.8934
   -0.7289   -0.6845    0.0096
...    27 A-T ...
  -45.2380  -45.9746   38.1756
   -0.6834    0.7177   -0.1338
    0.1054   -0.0843   -0.9908
   -0.7224   -0.6912   -0.0180
...    28 G-C ...
  -47.8838  -48.0105   38.5491
   -0.4690    0.6309   -0.6180
    0.4234   -0.4534   -0.7843
   -0.7751   -0.6295   -0.0544
...    29 G-C ...
  -50.9042  -49.6996   38.4509
   -0.0698    0.3786   -0.9229
    0.5922   -0.7288   -0.3437
   -0.8028   -0.5705   -0.1733
...    30 C-G ...
  -53.8131  -50.9934   37.7065
    0.3190   -0.0033   -0.9477
    0.5118   -0.8411    0.1752
   -0.7977   -0.5409   -0.2666
...    31 C-G ...
  -56.5891  -52.4412   36.5940
    0.6214   -0.3936   -0.6775
    0.2236   -0.7396    0.6348
   -0.7509   -0.5460   -0.3715
...    32 G-C ...
  -58.5462  -54.3839   35.3343
    0.7289   -0.6403   -0.2421
   -0.1642   -0.5069    0.8462
   -0.6646   -0.5771   -0.4746
...    33 G-C ...
  -60.1608  -56.6338   33.3739
    0.5520   -0.7906    0.2649
   -0.5785   -0.1343    0.8046
   -0.6006   -0.5974   -0.5315
...    34 C-G ...
  -61.7418  -58.7703   31.4786
    0.1571   -0.7281    0.6672
   -0.8059    0.2959    0.5127
   -0.5708   -0.6183   -0.5403
...    35 C-G ...
  -63.4241  -61.1645   29.7642
   -0.3255   -0.4418    0.8360
   -0.7689    0.6383    0.0379
   -0.5503   -0.6304   -0.5475
...    36 C-G ...
  -65.1042  -63.4884   28.0180
   -0.6737   -0.0111    0.7389
   -0.4751    0.7723   -0.4216
   -0.5660   -0.6351   -0.5256
...    37 G-C ...
  -67.0467  -64.8457   25.5025
   -0.7824    0.4603    0.4194
    0.0015    0.6748   -0.7380
   -0.6227   -0.5768   -0.5287
...    38 A-T ...
  -68.7948  -66.7879   23.7872
   -0.6299    0.7742   -0.0617
    0.4756    0.3217   -0.8187
   -0.6140   -0.5450   -0.5708
...    39 C-G ...
  -71.1434  -68.3210   22.2778
   -0.2616    0.8705   -0.4170
    0.7276   -0.1061   -0.6778
   -0.6342   -0.4807   -0.6056
...    40 A-T ...
  -73.4120  -69.6867   20.2917
    0.2505    0.7497   -0.6125
    0.7393   -0.5566   -0.3789
   -0.6250   -0.3579   -0.6937
...    41 C-G ...
  -75.5880  -70.2202   17.9517
    0.6342    0.4149   -0.6524
    0.5103   -0.8586   -0.0500
   -0.5809   -0.3012   -0.7562
...    42 G-C ...
  -77.1664  -71.4986   15.3178
    0.8676   -0.0975   -0.4876
    0.0319   -0.9676    0.2504
   -0.4962   -0.2328   -0.8364
...    43 A-T ...
  -78.6869  -72.1613   12.6183
    0.7300   -0.6360   -0.2503
   -0.4800   -0.7378    0.4746
   -0.4865   -0.2263   -0.8438
...    44 C-G ...
  -79.7960  -72.4613    9.5097
    0.3959   -0.9161    0.0633
   -0.8040   -0.3125    0.5059
   -0.4436   -0.2512   -0.8603
...    45 T-A ...
  -80.6013  -73.4365    6.0833
   -0.1110   -0.9429    0.3140
   -0.8967    0.2312    0.3775
   -0.4285   -0.2396   -0.8712
...    46 T-A ...
  -81.4467  -74.2341    3.0050
   -0.5597   -0.7185    0.4129
   -0.7200    0.6683    0.1870
   -0.4103   -0.1926   -0.8914
...    47 A-T ...
  -82.9159  -74.5964    0.0227
   -0.8828   -0.1657    0.4396
   -0.2274    0.9695   -0.0912
   -0.4111   -0.1805   -0.8935
...    48 C-G ...
  -84.2431  -75.8276   -2.7682
   -0.8659    0.3654    0.3416
    0.2695    0.9161   -0.2968
   -0.4214   -0.1649   -0.8917
...    49 T-A ...
  -85.9656  -76.6481   -5.5306
   -0.5628    0.7990    0.2117
    0.6761    0.5923   -0.4383
   -0.4756   -0.1035   -0.8736
...    50 G-C ...
  -87.7381  -76.6601   -8.4107
   -0.0373    0.9959    0.0819
    0.8703    0.0726   -0.4872
   -0.4912    0.0531   -0.8694
...    51 T-A ...
  -89.7641  -76.3242  -10.8576
    0.4061    0.9111   -0.0705
    0.7890   -0.3885   -0.4761
   -0.4611    0.1377   -0.8766
...    52 A-T ...
  -91.6150  -74.7294  -13.2788
    0.8195    0.5719   -0.0373
    0.4971   -0.7417   -0.4504
   -0.2853    0.3505   -0.8921
...    53 G-C ...
  -92.7242  -73.2063  -15.8906
    0.9828    0.1222   -0.1387
    0.0533   -0.9059   -0.4202
   -0.1770    0.4056   -0.8968
...    54 G-C ...
  -93.0064  -70.8559  -18.7203
    0.8837   -0.3899   -0.2590
   -0.4605   -0.8233   -0.3317
   -0.0839    0.4124   -0.9071
...    55 T-A ...
  -92.7562  -69.2413  -21.5575
    0.5353   -0.7536   -0.3815
   -0.8430   -0.5049   -0.1855
   -0.0528    0.4209   -0.9056
...    56 A-T ...
  -92.3000  -67.7627  -24.5890
   -0.0247   -0.9219   -0.3865
   -0.9996    0.0184    0.0200
   -0.0113    0.3869   -0.9221
...    57 T-A ...
  -91.5586  -66.5891  -27.5991
   -0.5155   -0.7804   -0.3540
   -0.8569    0.4696    0.2127
    0.0002    0.4130   -0.9108
...    58 C-G ...
  -91.3874  -65.4673  -30.7670
   -0.9270   -0.3367   -0.1650
   -0.3750    0.8356    0.4015
    0.0027    0.4341   -0.9009
...    59 T-A ...
  -91.4841  -64.3313  -33.8971
   -0.9874    0.1131    0.1107
    0.1502    0.8903    0.4299
   -0.0500    0.4411   -0.8960
...    60 C-G ...
  -91.7138  -62.8466  -36.8611
   -0.7303    0.5744    0.3698
    0.6787    0.6716    0.2973
   -0.0776    0.4681   -0.8803
...    61 G-C ...
  -91.7251  -60.9145  -39.4820
   -0.3056    0.7168    0.6268
    0.9408    0.3288    0.0828
   -0.1467    0.6149   -0.7748
...    62 A-T ...
  -92.0639  -58.9707  -42.0636
    0.2631    0.7219    0.6400
    0.9595   -0.1267   -0.2516
   -0.1006    0.6803   -0.7260
...    63 G-C ...
  -92.6217  -56.4183  -44.0987
    0.7083    0.5070    0.4912
    0.7036   -0.4518   -0.5484
   -0.0562    0.7341   -0.6767
...    64 C-G ...
  -92.9615  -53.5892  -45.9214
    0.9816    0.1243    0.1451
    0.1910   -0.6382   -0.7458
   -0.0001    0.7598   -0.6502
...    65 T-A ...
  -92.9478  -50.8281  -47.7284
    0.9440   -0.2575   -0.2063
   -0.3226   -0.5887   -0.7412
    0.0694    0.7662   -0.6388
...    66 C-G ...
  -92.4626  -48.5261  -49.9602
    0.6047   -0.5728   -0.5534
   -0.7819   -0.2946   -0.5494
    0.1516    0.7649   -0.6260
...    67 G-C ...
  -92.5145  -46.3376  -52.5174
    0.0796   -0.6859   -0.7233
   -0.9750    0.0974   -0.1996
    0.2073    0.7211   -0.6610
...    68 G-C ...
  -91.5903  -44.0282  -54.7369
   -0.4586   -0.5651   -0.6858
   -0.8690    0.4464    0.2133
    0.1856    0.6938   -0.6958
...    69 G-C ...
  -90.8376  -41.9290  -57.2260
   -0.8625   -0.3038   -0.4047
   -0.4906    0.6982    0.5214
    0.1242    0.6482   -0.7513
...    70 A-T ...
  -90.3052  -39.9858  -59.8668
   -0.9869    0.1601   -0.0215
    0.1063    0.7435    0.6602
    0.1217    0.6493   -0.7508
...    71 T-A ...
  -90.1640  -38.2900  -62.7010
   -0.7980    0.5048    0.3292
    0.5926    0.5577    0.5813
    0.1098    0.6589   -0.7441
...    72 C-G ...
  -90.0425  -36.1562  -65.2143
   -0.3125    0.7173    0.6228
    0.9435    0.1582    0.2913
    0.1104    0.6786   -0.7262
...    73 C-G ...
  -89.8407  -34.0296  -67.7108
    0.1816    0.6011    0.7782
    0.9727   -0.2259   -0.0526
    0.1442    0.7666   -0.6258
...    74 G-C ...
  -88.8968  -31.5433  -69.6320
    0.6193    0.2680    0.7380
    0.7523   -0.4716   -0.4601
    0.2247    0.8401   -0.4937
...    75 C-G ...
  -88.3884  -28.3777  -70.9119
    0.9263   -0.0697    0.3703
    0.2793   -0.5325   -0.7990
    0.2528    0.8436   -0.4738
...    76 T-A ...
  -87.2511  -25.3152  -71.9986
    0.9189   -0.3787   -0.1103
   -0.2573   -0.3637   -0.8953
    0.2989    0.8511   -0.4317
...    77 T-A ...
  -86.0422  -22.4819  -73.0359
    0.6194   -0.5091   -0.5977
   -0.7265   -0.0832   -0.6821
    0.2975    0.8567   -0.4214
...    78 T-A ...
  -84.8337  -19.7279  -74.2225
    0.1173   -0.4729   -0.8732
   -0.9457    0.2153   -0.2436
    0.3032    0.8544   -0.4220
...    79 A-T ...
  -84.2497  -16.8010  -75.5950
   -0.4322   -0.2547   -0.8651
   -0.8454    0.4485    0.2903
    0.3140    0.8567   -0.4092
...    80 A-T ...
  -83.1087  -14.1827  -76.9908
   -0.8183    0.0197   -0.5744
   -0.4857    0.5105    0.7095
    0.3073    0.8596   -0.4082
...    81 C-G ...
  -81.9840  -11.6858  -78.9086
   -0.9525    0.2764   -0.1277
    0.0039    0.4303    0.9027
    0.3045    0.8593   -0.4109
...    82 A-T ...
  -81.1752   -8.8451  -80.6160
   -0.8053    0.4142    0.4242
    0.5417    0.2232    0.8104
    0.2409    0.8824   -0.4041
...    83 T-A ...
  -80.8834   -6.1020  -82.3244
   -0.4344    0.4647    0.7716
    0.8678   -0.0135    0.4967
    0.2413    0.8854   -0.3974
...    84 C-G ...
  -80.1778   -3.2381  -83.7057
    0.1507    0.3066    0.9398
    0.9525   -0.2996   -0.0550
    0.2647    0.9035   -0.3372
...    85 A-T ...
  -79.8144   -0.0043  -84.7658
    0.5687   -0.0037    0.8225
    0.7702   -0.3487   -0.5341
    0.2888    0.9372   -0.1954
...    86 T-A ...
  -79.1372    3.1389  -84.9676
    0.8441   -0.2263    0.4861
    0.4172   -0.2924   -0.8605
    0.3369    0.9291   -0.1524
...    87 G-C ...
  -77.8340    6.3424  -85.0579
    0.8865   -0.4612   -0.0375
   -0.0918   -0.0960   -0.9911
    0.4535    0.8821   -0.1275
...    88 T-A ...
  -76.1081    9.1677  -84.7919
    0.7092   -0.4755   -0.5205
   -0.5105    0.1629   -0.8443
    0.4863    0.8645   -0.1272
...    89 T-A ...
  -74.3726   11.7942  -85.0729
    0.3297   -0.3430   -0.8796
   -0.7884    0.4125   -0.4564
    0.5194    0.8439   -0.1344
...    90 A-T ...
  -72.8062   14.6582  -85.6795
   -0.1870   -0.1006   -0.9772
   -0.8288    0.5502    0.1020
    0.5274    0.8290   -0.1863
...    91 T-A ...
  -70.5822   16.8585  -86.4809
   -0.5462    0.1994   -0.8136
   -0.6374    0.5313    0.5581
    0.5435    0.8234   -0.1631
...    92 A-T ...
  -68.8794   19.7135  -86.8734
   -0.8190    0.4586   -0.3448
   -0.2005    0.3343    0.9209
    0.5376    0.8234   -0.1818
...    93 A-T ...
  -67.1722   22.2953  -87.6262
   -0.7991    0.5669    0.2003
    0.2554    0.0185    0.9667
    0.5442    0.8236   -0.1596
...    94 C-G ...
  -65.6913   25.1475  -88.8284
   -0.5506    0.4859    0.6788
    0.6265   -0.2968    0.7207
    0.5516    0.8221   -0.1410
...    95 G-C ...
  -63.8276   27.7882  -88.7950
   -0.2532    0.1187    0.9601
    0.8233   -0.4947    0.2783
    0.5080    0.8609    0.0275
...    96 G-C ...
  -62.4636   30.7372  -88.3636
    0.1247   -0.2417    0.9623
    0.8612   -0.4553   -0.2259
    0.4927    0.8569    0.1514
...    97 A-T ...
  -61.0008   33.4977  -87.5721
    0.5425   -0.5187    0.6608
    0.6642   -0.2168   -0.7154
    0.5143    0.8270    0.2270
...    98 C-G ...
  -59.7875   36.2321  -86.2080
    0.7618   -0.6173    0.1964
    0.3199    0.0950   -0.9427
    0.5632    0.7810    0.2698
...    99 T-A ...
  -57.6792   38.6410  -84.5536
    0.7836   -0.5135   -0.3497
   -0.1215    0.4253   -0.8969
    0.6093    0.7453    0.2708
...   100 T-A ...
  -55.5498   40.7825  -83.3576
    0.5913   -0.1765   -0.7869
   -0.5337    0.6460   -0.5458
    0.6047    0.7427    0.2878
...   101 T-A ...
  -53.3990   42.9509  -82.2991
    0.2085    0.2134   -0.9545
   -0.7678    0.6402   -0.0246
    0.6058    0.7380    0.2973
...   102 A-T ...
  -51.5679   45.5637  -81.3565
   -0.2738    0.5077   -0.8168
   -0.7491    0.4201    0.5122
    0.6032    0.7522    0.2653
...   103 T-A ...
  -49.1625   47.7701  -81.0621
   -0.5969    0.6276   -0.4998
   -0.5392    0.1474    0.8292
    0.5940    0.7644    0.2505
...   104 G-C ...
  -47.2445   50.4296  -80.5323
   -0.8528    0.5167    0.0758
   -0.0534   -0.2306    0.9716
    0.5195    0.8245    0.2243
...   105 C-G ...
  -45.9257   53.3616  -80.0530
   -0.7816    0.2714    0.5616
    0.3922   -0.4864    0.7808
    0.4850    0.8305    0.2737
...   106 T-A ...
  -44.6442   56.4429  -79.3395
   -0.4663   -0.0704    0.8818
    0.7591   -0.5436    0.3581
    0.4541    0.8364    0.3070
...   107 T-A ...
  -43.3984   59.2150  -78.3715
   -0.0234   -0.4041    0.9144
    0.8934   -0.4189   -0.1623
    0.4486    0.8132    0.3708
...   108 C-G ...
  -42.1593   61.8365  -76.9019
    0.4005   -0.6435    0.6523
    0.7830   -0.1295   -0.6084
    0.4760    0.7544    0.4520
...   109 C-G ...
  -40.8219   64.3724  -75.3263
    0.6513   -0.7303    0.2063
    0.4959    0.2038   -0.8441
    0.5744    0.6520    0.4949
...   110 G-C ...
  -38.8320   66.1701  -73.9455
    0.7242   -0.6296   -0.2812
    0.1710    0.5590   -0.8113
    0.6681    0.5395    0.5125
...   111 G-C ...
  -36.1676   67.3391  -72.2723
    0.6614   -0.2768   -0.6971
   -0.1783    0.8447   -0.5046
    0.7285    0.4581    0.5093
...   112 C-G ...
  -33.3597   68.2489  -70.6693
    0.4491    0.1993   -0.8710
   -0.4742    0.8793   -0.0433
    0.7572    0.4325    0.4894
...   113 T-A ...
  -30.7351   69.4440  -69.1288
    0.1498    0.6211   -0.7693
   -0.6157    0.6674    0.4189
    0.7736    0.4109    0.4823
...   114 C-G ...
  -28.3034   70.9973  -67.6037
   -0.2305    0.8882   -0.3974
   -0.5740    0.2057    0.7926
    0.7858    0.4108    0.4624
...   115 G-C ...
  -25.9957   72.3061  -65.6894
   -0.5423    0.8347    0.0956
   -0.3644   -0.3362    0.8684
    0.7571    0.4361    0.4865
...   116 T-A ...
  -23.6205   74.1864  -64.4581
   -0.6832    0.5277    0.5047
   -0.0451   -0.7203    0.6922
    0.7288    0.4502    0.5159
...   117 A-T ...
  -21.3502   76.3260  -62.9873
   -0.6783    0.0139    0.7346
    0.3293   -0.8880    0.3209
    0.6568    0.4596    0.5978
...   118 T-A ...
  -19.6551   78.3799  -61.2071
   -0.4575   -0.4109    0.7886
    0.5969   -0.7992   -0.0702
    0.6591    0.4386    0.6109
...   119 A-T ...
  -17.7610   79.7299  -59.0024
   -0.2830   -0.7957    0.5355
    0.7649   -0.5241   -0.3745
    0.5786    0.3036    0.7570
...   120 A-T ...
  -16.1946   80.6384  -56.3392
    0.1006   -0.9793    0.1756
    0.8189   -0.0187   -0.5736
    0.5650    0.2015    0.8001
...   121 T-A ...
  -14.8934   81.0989  -53.3405
    0.4691   -0.8702   -0.1511
    0.6820    0.4656   -0.5641
    0.5612    0.1615    0.8118
...   122 G-C ...
  -13.0368   81.1394  -50.4791
    0.6947   -0.4965   -0.5205
    0.3631    0.8667   -0.3421
    0.6209    0.0487    0.7823
...   123 T-A ...
  -10.9939   80.6588  -48.0225
    0.7839   -0.0372   -0.6198
    0.0290    0.9993   -0.0233
    0.6202    0.0003    0.7845
...   124 G-C ...
   -8.8136   80.5280  -45.5944
    0.6510    0.5245   -0.5487
   -0.3774    0.8508    0.3656
    0.6586   -0.0310    0.7519
...   125 T-A ...
   -6.4367   79.9663  -43.4406
    0.3696    0.8822   -0.2919
   -0.6494    0.4699    0.5979
    0.6646   -0.0315    0.7465
...   126 C-G ...
   -4.2815   79.8664  -41.1424
   -0.0569    0.9909    0.1216
   -0.7436   -0.1234    0.6571
    0.6662   -0.0530    0.7439
...   127 G-C ...
   -2.6063   79.5175  -38.4369
   -0.4713    0.8105    0.3478
   -0.6532   -0.5857    0.4799
    0.5926   -0.0010    0.8055
...   128 A-T ...
   -0.6027   79.3218  -36.0625
   -0.7682    0.3454    0.5391
   -0.3108   -0.9373    0.1577
    0.5597   -0.0464    0.8274
...   129 C-G ...
    1.2038   79.8884  -33.3783
   -0.8533   -0.1727    0.4920
    0.1141   -0.9825   -0.1470
    0.5088   -0.0693    0.8581
...   130 C-G ...
    2.2131   80.1561  -30.1150
   -0.7807   -0.5881    0.2111
    0.5071   -0.7938   -0.3358
    0.3651   -0.1551    0.9180
...   131 A-T ...
    2.6019   79.0293  -26.9754
   -0.5867   -0.7739   -0.2386
    0.7969   -0.4991   -0.3404
    0.1443   -0.3899    0.9095
...   132 A-T ...
    2.7723   77.6676  -24.0260
   -0.0885   -0.8933   -0.4407
    0.9916   -0.0369   -0.1243
    0.0948   -0.4480    0.8890
...   133 A-T ...
    2.6458   76.1342  -21.1094
    0.5046   -0.7642   -0.4016
    0.8605    0.4828    0.1625
    0.0697   -0.4276    0.9013
...   134 T-A ...
    2.3076   74.2308  -18.3903
    0.8657   -0.4293   -0.2574
    0.4984    0.7868    0.3641
    0.0462   -0.4435    0.8951
...   135 G-C ...
    1.4355   72.0971  -15.6050
    0.9809    0.0621    0.1843
   -0.1263    0.9241    0.3607
   -0.1479   -0.3771    0.9143
...   136 T-A ...
    0.5280   69.2394  -13.4689
    0.7351    0.4963    0.4618
   -0.6117    0.7792    0.1365
   -0.2921   -0.3828    0.8764
...   137 G-C ...
   -0.1658   67.4106  -10.8095
    0.1800    0.8794    0.4408
   -0.9276    0.3008   -0.2214
   -0.3274   -0.3691    0.8698
...   138 A-T ...
   -0.1320   66.2181   -7.8216
   -0.3749    0.8570    0.3536
   -0.8857   -0.2184   -0.4098
   -0.2739   -0.4668    0.8409
...   139 G-C ...
   -1.0068   65.6075   -4.9424
   -0.8336    0.5218    0.1811
   -0.5170   -0.6220   -0.5881
   -0.1942   -0.5839    0.7883
...   140 C-G ...
   -0.6974   63.9004   -2.2528
   -0.9992    0.0157   -0.0376
    0.0023   -0.8993   -0.4374
   -0.0406   -0.4371    0.8985
...   141 G-C ...
   -3.4382   60.2386    1.0284
   -0.4425    0.2285   -0.8672
    0.1683   -0.9287   -0.3306
   -0.8808   -0.2922    0.3725
...   142 C-G ...
   -6.3288   59.0835    1.6294
   -0.2970   -0.3280   -0.8968
    0.5656   -0.8171    0.1115
   -0.7693   -0.4741    0.4282
...   143 T-A ...
   -8.6767   58.7244    3.6024
   -0.0347   -0.7817   -0.6227
    0.6533   -0.4893    0.5778
   -0.7563   -0.3868    0.5276
...   144 C-G ...
  -11.6544   58.0115    4.7193
    0.2451   -0.9542   -0.1716
    0.6322    0.0231    0.7745
   -0.7350   -0.2983    0.6089
...   145 A-T ...
  -14.1759   56.5669    6.1807
    0.5795   -0.7268    0.3687
    0.3139    0.6165    0.7220
   -0.7521   -0.3027    0.5855
...   146 C-G ...
  -16.4650   53.8950    7.5153
    0.5336   -0.3331    0.7774
   -0.0346    0.9098    0.4136
   -0.8450   -0.2476    0.4739
...   147 A-T ...
  -19.0171   52.0375    8.9261
    0.2452    0.2907    0.9249
   -0.3073    0.9281   -0.2103
   -0.9195   -0.2327    0.3169
