  147 base-pairs
...     1 A-T ...
    0.0000    0.0000    0.0000
    1.0000    0.0000    0.0000
    0.0000    1.0000    0.0000
    0.0000    0.0000    1.0000
...     2 G-C ...
   -0.1404   -1.2353    3.2259
    0.7530    0.6366    0.1668
   -0.6385    0.7681   -0.0490
   -0.1593   -0.0696    0.9848
...     3 T-A ...
   -0.0377   -3.2918    6.3749
    0.2722    0.9302    0.2464
   -0.9238    0.3243   -0.2034
   -0.2691   -0.1722    0.9476
...     4 G-C ...
   -0.3520   -4.1638    9.4928
   -0.3756    0.9250    0.0576
   -0.8780   -0.3352   -0.3416
   -0.2967   -0.1788    0.9381
...     5 A-T ...
   -0.4480   -4.1448   12.7498
   -0.8116    0.5839   -0.0166
   -0.5522   -0.7762   -0.3042
   -0.1905   -0.2377    0.9525
...     6 G-C ...
   -1.5926   -4.1701   15.6201
   -0.9976    0.0246   -0.0651
   -0.0043   -0.9555   -0.2950
   -0.0694   -0.2940    0.9533
...     7 C-G ...
   -1.1050   -4.4793   18.7363
   -0.8442   -0.5302   -0.0787
    0.5343   -0.8442   -0.0430
   -0.0437   -0.0784    0.9960
...     8 G-C ...
   -2.4044   -7.7255   23.1483
   -0.2753   -0.3294   -0.9032
    0.6650   -0.7437    0.0686
   -0.6943   -0.5817    0.4238
...     9 C-G ...
   -4.4706   -9.9691   24.1142
    0.1145   -0.7026   -0.7023
    0.8512   -0.2951    0.4341
   -0.5123   -0.6475    0.5642
...    10 T-A ...
   -6.7420  -10.8705   25.9717
    0.4841   -0.8363   -0.2573
    0.6594    0.1554    0.7356
   -0.5752   -0.5257    0.6267
...    11 C-G ...
   -9.1682  -12.6167   27.1662
    0.7073   -0.6683    0.2306
    0.3450    0.6110    0.7125
   -0.6170   -0.4243    0.6627
...    12 A-T ...
  -10.9253  -14.6583   29.0713
    0.7515   -0.1377    0.6452
   -0.2027    0.8824    0.4245
   -0.6278   -0.4498    0.6352
...    13 C-G ...
  -11.8495  -17.4796   31.2472
    0.4294    0.2824    0.8578
   -0.5708    0.8209    0.0155
   -0.6998   -0.4963    0.5137
...    14 A-T ...
  -13.5915  -19.7756   33.4284
   -0.1503    0.6106    0.7775
   -0.6874    0.5007   -0.5261
   -0.7106   -0.6135    0.3445
...    15 A-T ...
  -15.6876  -21.8616   34.7602
   -0.5062    0.7800    0.3681
   -0.4769    0.1024   -0.8730
   -0.7186   -0.6174    0.3201
...    16 T-A ...
  -17.7842  -23.7553   36.4188
   -0.6599    0.7440   -0.1048
   -0.1643   -0.2790   -0.9461
   -0.7332   -0.6071    0.3063
...    17 T-A ...
  -20.1680  -25.5549   37.6317
   -0.6086    0.5146   -0.6040
    0.2150   -0.6258   -0.7498
   -0.7638   -0.5861    0.2703
...    18 T-A ...
  -22.7575  -27.2037   38.5921
   -0.3534    0.1510   -0.9232
    0.4958   -0.8066   -0.3217
   -0.7933   -0.5714    0.2102
...    19 A-T ...
  -25.8779  -28.4194   38.9469
    0.1040   -0.0968   -0.9898
    0.5501   -0.8235    0.1384
   -0.8286   -0.5589   -0.0324
...    20 T-A ...
  -28.8569  -29.6658   38.5148
    0.3834   -0.4567   -0.8028
    0.4163   -0.6905    0.5916
   -0.8244   -0.5610   -0.0746
...    21 T-A ...
  -31.5887  -31.3002   37.9686
    0.5626   -0.7440   -0.3605
    0.1228   -0.3560    0.9264
   -0.8176   -0.5654   -0.1089
...    22 C-G ...
  -34.1018  -33.2762   37.3932
    0.5521   -0.8033    0.2233
   -0.2478    0.0976    0.9639
   -0.7961   -0.5875   -0.1452
...    23 G-C ...
  -36.7100  -35.2912   37.3386
    0.3804   -0.5848    0.7165
   -0.5523    0.4777    0.6832
   -0.7418   -0.6556   -0.1412
...    24 C-G ...
  -38.8743  -37.7111   36.7367
    0.0386   -0.2304    0.9723
   -0.6784    0.7084    0.1948
   -0.7337   -0.6671   -0.1290
...    25 A-T ...
  -41.4420  -39.7074   36.2876
   -0.3043    0.2404    0.9217
   -0.5889    0.7131   -0.3804
   -0.7487   -0.6586   -0.0755
...    26 A-T ...
  -43.6940  -42.0482   36.2133
   -0.5958    0.5796    0.5560
   -0.3012    0.4805   -0.8237
   -0.7445   -0.6582   -0.1117
...    27 A-T ...
  -46.0658  -44.2505   36.1248
   -0.6557    0.7548    0.0195
    0.0894    0.1033   -0.9906
   -0.7497   -0.6478   -0.1353
...    28 G-C ...
  -48.6575  -46.2428   35.9760
   -0.4483    0.7717   -0.4512
    0.4115   -0.2699   -0.8705
   -0.7935   -0.5759   -0.1966
...    29 G-C ...
  -51.5783  -47.8427   35.5482
   -0.0717    0.6062   -0.7921
    0.5665   -0.6289   -0.5325
   -0.8209   -0.4869   -0.2983
...    30 C-G ...
  -54.5018  -48.9218   34.6098
    0.2987    0.2448   -0.9224
    0.5029   -0.8619   -0.0658
   -0.8111   -0.4442   -0.3805
...    31 C-G ...
  -57.2586  -49.9176   32.9668
    0.6072   -0.1668   -0.7768
    0.2409   -0.8930    0.3801
   -0.7571   -0.4179   -0.5021
...    32 G-C ...
  -59.4153  -51.5715   31.0889
    0.7354   -0.5516   -0.3936
   -0.1788   -0.7182    0.6725
   -0.6536   -0.4242   -0.6268
...    33 G-C ...
  -61.1765  -52.9524   28.5631
    0.5776   -0.8143    0.0576
   -0.5771   -0.3574    0.7344
   -0.5774   -0.4574   -0.6763
...    34 C-G ...
  -62.6836  -54.5250   26.0742
    0.1874   -0.8717    0.4528
   -0.8157    0.1187    0.5662
   -0.5473   -0.4755   -0.6888
...    35 C-G ...
  -64.2473  -56.3539   23.7205
   -0.2602   -0.6540    0.7103
   -0.8020    0.5560    0.2181
   -0.5376   -0.5130   -0.6692
...    36 C-G ...
  -65.8622  -58.3021   21.5014
   -0.6249   -0.2313    0.7456
   -0.5378    0.8198   -0.1965
   -0.5658   -0.5238   -0.6367
...    37 G-C ...
  -67.8368  -59.5928   19.1768
   -0.7660    0.2973    0.5699
   -0.0941    0.8252   -0.5570
   -0.6359   -0.4803   -0.6041
...    38 A-T ...
  -69.8268  -61.2692   17.2249
   -0.6564    0.7322    0.1816
    0.3723    0.5238   -0.7662
   -0.6562   -0.4353   -0.6164
...    39 C-G ...
  -72.2895  -62.8005   15.7185
   -0.3488    0.9180   -0.1887
    0.6540    0.0942   -0.7506
   -0.6713   -0.3852   -0.6333
...    40 A-T ...
  -74.6148  -63.9350   13.6244
    0.1518    0.8854   -0.4394
    0.7205   -0.4034   -0.5640
   -0.6766   -0.2310   -0.6991
...    41 C-G ...
  -77.1599  -64.1694   11.6204
    0.5312    0.5910   -0.6071
    0.5411   -0.7880   -0.2936
   -0.6519   -0.1725   -0.7384
...    42 G-C ...
  -78.9841  -64.6718    8.9163
    0.8329    0.1284   -0.5383
    0.1499   -0.9887   -0.0039
   -0.5327   -0.0775   -0.8427
...    43 A-T ...
  -80.5286  -64.7450    6.0601
    0.8019   -0.4408   -0.4032
   -0.3626   -0.8955    0.2579
   -0.4748   -0.0606   -0.8780
...    44 C-G ...
  -81.6094  -64.4681    2.9555
    0.5234   -0.8288   -0.1980
   -0.7322   -0.5562    0.3931
   -0.4359   -0.0608   -0.8979
...    45 T-A ...
  -82.6340  -64.6432   -0.1717
    0.0925   -0.9940    0.0585
   -0.9153   -0.0618    0.3980
   -0.3920   -0.0904   -0.9155
...    46 T-A ...
  -83.5461  -64.9206   -3.2862
   -0.4563   -0.8604    0.2269
   -0.8075    0.5075    0.3007
   -0.3738   -0.0460   -0.9264
...    47 A-T ...
  -84.9594  -64.7152   -6.3029
   -0.8655   -0.3773    0.3296
   -0.3574    0.9260    0.1216
   -0.3511   -0.0126   -0.9363
...    48 C-G ...
  -86.0481  -65.3512   -9.3624
   -0.9215    0.1455    0.3602
    0.1361    0.9894   -0.0515
   -0.3638    0.0016   -0.9315
...    49 T-A ...
  -87.4642  -65.5822  -12.3257
   -0.7032    0.6208    0.3464
    0.5847    0.7823   -0.2150
   -0.4045    0.0513   -0.9131
...    50 G-C ...
  -88.9169  -65.2186  -15.2833
   -0.2314    0.9224    0.3093
    0.8652    0.3404   -0.3681
   -0.4448    0.1824   -0.8769
...    51 T-A ...
  -90.9051  -64.5953  -17.7935
    0.2511    0.9569    0.1456
    0.8675   -0.1558   -0.4725
   -0.4295    0.2449   -0.8692
...    52 A-T ...
  -92.6466  -63.2206  -20.2999
    0.7118    0.6975    0.0819
    0.6241   -0.5748   -0.5292
   -0.3221    0.4278   -0.8445
...    53 G-C ...
  -93.7371  -61.4398  -22.8269
    0.9528    0.2852   -0.1043
    0.1890   -0.8259   -0.5313
   -0.2377    0.4865   -0.8408
...    54 G-C ...
  -94.1595  -59.3398  -25.4336
    0.9347   -0.2243   -0.2757
   -0.3328   -0.8248   -0.4572
   -0.1249    0.5191   -0.8456
...    55 T-A ...
  -94.1417  -57.1953  -27.9295
    0.6456   -0.6211   -0.4443
   -0.7586   -0.5887   -0.2794
   -0.0880    0.5174   -0.8512
...    56 A-T ...
  -94.4468  -55.5513  -30.7866
    0.0964   -0.8558   -0.5082
   -0.9937   -0.1125    0.0010
   -0.0580    0.5049   -0.8612
...    57 T-A ...
  -93.9249  -53.9644  -33.6384
   -0.4115   -0.7877   -0.4584
   -0.9101    0.3275    0.2540
   -0.0499    0.5217   -0.8517
...    58 C-G ...
  -94.0019  -52.3518  -36.4812
   -0.8592   -0.4611   -0.2217
   -0.5084    0.7203    0.4719
   -0.0579    0.5182   -0.8533
...    59 T-A ...
  -94.2038  -50.9487  -39.4574
   -0.9947   -0.0567    0.0859
   -0.0037    0.8538    0.5206
   -0.1029    0.5175   -0.8495
...    60 C-G ...
  -94.5786  -49.3563  -42.2763
   -0.8171    0.4165    0.3985
    0.5617    0.7305    0.3884
   -0.1294    0.5413   -0.8308
...    61 G-C ...
  -94.8154  -47.3257  -44.8685
   -0.3800    0.6516    0.6566
    0.9058    0.4060    0.1213
   -0.1875    0.6408   -0.7445
...    62 A-T ...
  -95.5550  -45.2512  -47.2398
    0.1966    0.7214    0.6640
    0.9639   -0.0182   -0.2657
   -0.1796    0.6923   -0.6989
...    63 G-C ...
  -96.4203  -42.8211  -49.2614
    0.6568    0.5494    0.5164
    0.7431   -0.3553   -0.5670
   -0.1280    0.7562   -0.6417
...    64 C-G ...
  -96.9784  -40.0547  -50.9147
    0.9526    0.2341    0.1943
    0.2959   -0.5646   -0.7705
   -0.0706    0.7915   -0.6071
...    65 T-A ...
  -97.0491  -37.2011  -52.5347
    0.9770   -0.1357   -0.1643
   -0.2126   -0.5691   -0.7943
    0.0143    0.8110   -0.5849
...    66 C-G ...
  -96.7523  -34.5299  -54.3607
    0.6884   -0.4598   -0.5610
   -0.7226   -0.3672   -0.5857
    0.0633    0.8085   -0.5850
...    67 G-C ...
  -96.6743  -32.0921  -56.5882
    0.1863   -0.6557   -0.7317
   -0.9728   -0.0188   -0.2309
    0.1377    0.7548   -0.6414
...    68 G-C ...
  -95.8475  -29.7184  -58.8239
   -0.3608   -0.6124   -0.7035
   -0.9214    0.3508    0.1671
    0.1445    0.7085   -0.6908
...    69 G-C ...
  -95.1405  -27.5573  -61.3000
   -0.8000   -0.3765   -0.4672
   -0.5904    0.6329    0.5009
    0.1071    0.6766   -0.7286
...    70 A-T ...
  -94.7021  -25.4257  -63.7328
   -0.9957    0.0408   -0.0828
   -0.0270    0.7291    0.6839
    0.0882    0.6832   -0.7249
...    71 T-A ...
  -94.5720  -23.6987  -66.5336
   -0.8793    0.3964    0.2639
    0.4666    0.6066    0.6436
    0.0950    0.6891   -0.7184
...    72 C-G ...
  -94.3682  -21.4965  -68.9244
   -0.4661    0.6362    0.6148
    0.8812    0.2722    0.3865
    0.0785    0.7219   -0.6875
...    73 A-T ...
  -94.1471  -19.0279  -71.1300
    0.0609    0.5786    0.8133
    0.9961   -0.0875   -0.0123
    0.0640    0.8109   -0.5817
...    74 T-A ...
  -94.5764  -16.2514  -72.7972
    0.5304    0.4387    0.7254
    0.8441   -0.3522   -0.4042
    0.0782    0.8267   -0.5571
...    75 G-C ...
  -94.1421  -13.3474  -74.3633
    0.8711    0.0633    0.4870
    0.4511   -0.4954   -0.7423
    0.1943    0.8663   -0.4601
...    76 T-A ...
  -93.5798  -10.2520  -75.2550
    0.9689   -0.2343    0.0796
   -0.0339   -0.4444   -0.8952
    0.2452    0.8647   -0.4385
...    77 T-A ...
  -92.6734   -7.3552  -76.3721
    0.7924   -0.4516   -0.4101
   -0.5476   -0.2305   -0.8044
    0.2687    0.8619   -0.4299
...    78 A-T ...
  -91.6021   -4.5761  -77.8032
    0.3414   -0.5611   -0.7541
   -0.8801    0.0906   -0.4660
    0.3298    0.8228   -0.4629
...    79 T-A ...
  -89.8741   -2.0846  -79.0936
   -0.1345   -0.4352   -0.8903
   -0.9319    0.3610   -0.0357
    0.3370    0.8248   -0.4541
...    80 A-T ...
  -88.9319    0.7348  -80.5661
   -0.6544   -0.1441   -0.7423
   -0.6751    0.5534    0.4878
    0.3405    0.8204   -0.4594
...    81 A-T ...
  -87.6625    3.1974  -82.2672
   -0.9099    0.2097   -0.3578
   -0.2023    0.5285    0.8244
    0.3620    0.8226   -0.4385
...    82 C-G ...
  -86.5615    5.6045  -84.2451
   -0.8951    0.4303    0.1165
    0.2832    0.3470    0.8941
    0.3443    0.8333   -0.4324
...    83 G-C ...
  -85.2990    8.4539  -85.3399
   -0.6469    0.4416    0.6217
    0.7140    0.0645    0.6971
    0.2677    0.8949   -0.3571
...    84 G-C ...
  -84.7886   11.5029  -86.6686
   -0.2173    0.3154    0.9237
    0.9465   -0.1633    0.2784
    0.2387    0.9348   -0.2631
...    85 A-T ...
  -84.1539   14.5710  -87.4882
    0.3259    0.1099    0.9390
    0.9103   -0.3045   -0.2803
    0.2551    0.9462   -0.1993
...    86 T-A ...
  -83.8684   17.8156  -87.7349
    0.7143   -0.0796    0.6953
    0.6443   -0.3132   -0.6977
    0.2733    0.9463   -0.1724
...    87 C-G ...
  -82.9169   20.8921  -88.0618
    0.9322   -0.2988    0.2040
    0.1514   -0.1899   -0.9701
    0.3286    0.9352   -0.1318
...    88 C-G ...
  -81.5402   23.9581  -88.0546
    0.8408   -0.4460   -0.3069
   -0.3276    0.0323   -0.9443
    0.4311    0.8945   -0.1189
...    89 G-C ...
  -80.0101   26.7817  -88.8305
    0.4876   -0.4562   -0.7444
   -0.6873    0.3252   -0.6495
    0.5384    0.8283   -0.1550
...    90 C-G ...
  -77.8465   29.2244  -89.2712
    0.0323   -0.2416   -0.9698
   -0.8238    0.5430   -0.1627
    0.5659    0.8042   -0.1814
...    91 T-A ...
  -75.7094   31.6198  -90.0240
   -0.4100    0.0430   -0.9111
   -0.7091    0.6133    0.3480
    0.5737    0.7887   -0.2209
...    92 T-A ...
  -73.6080   33.9525  -90.8814
   -0.7146    0.4083   -0.5679
   -0.3647    0.4753    0.8007
    0.5969    0.7793   -0.1907
...    93 T-A ...
  -71.5680   36.3217  -91.7771
   -0.7812    0.6235   -0.0296
    0.0838    0.1518    0.9848
    0.6186    0.7669   -0.1709
...    94 A-T ...
  -69.5589   38.8952  -92.3130
   -0.6368    0.5532    0.5370
    0.5026   -0.2303    0.8333
    0.5847    0.8006   -0.1314
...    95 A-T ...
  -67.8807   41.5998  -92.8930
   -0.2756    0.3207    0.9062
    0.7602   -0.5042    0.4096
    0.5883    0.8018   -0.1048
...    96 C-G ...
  -66.5114   44.5427  -93.2586
    0.1015   -0.0191    0.9947
    0.7992   -0.5939   -0.0929
    0.5925    0.8043   -0.0450
...    97 A-T ...
  -64.5989   47.2743  -93.2024
    0.4001   -0.4512    0.7977
    0.6582   -0.4642   -0.5927
    0.6377    0.7622    0.1113
...    98 C-G ...
  -62.8739   49.8754  -92.2631
    0.6314   -0.6676    0.3944
    0.3945   -0.1613   -0.9046
    0.6676    0.7268    0.1615
...    99 T-A ...
  -60.6757   52.0986  -91.2816
    0.6841   -0.7196   -0.1193
    0.0699    0.2275   -0.9713
    0.7261    0.6561    0.2059
...   100 T-A ...
  -58.2860   54.0552  -90.3182
    0.6061   -0.4846   -0.6308
   -0.2963    0.5985   -0.7444
    0.7382    0.6380    0.2192
...   101 T-A ...
  -55.7554   55.8644  -89.3942
    0.3565   -0.0607   -0.9323
   -0.5708    0.7758   -0.2688
    0.7396    0.6280    0.2420
...   102 A-T ...
  -53.4664   58.1386  -88.5970
   -0.0378    0.4224   -0.9056
   -0.6638    0.6668    0.3387
    0.7470    0.6140    0.2551
...   103 T-A ...
  -50.6007   59.7275  -88.1419
   -0.3453    0.7135   -0.6096
   -0.5622    0.3629    0.7432
    0.7515    0.5994    0.2758
...   104 G-C ...
  -48.2879   61.8357  -87.1210
   -0.6520    0.7488   -0.1191
   -0.2782   -0.0902    0.9563
    0.7053    0.6566    0.2672
...   105 C-G ...
  -45.9278   64.0787  -86.6321
   -0.7332    0.5577    0.3890
    0.0970   -0.4805    0.8716
    0.6730    0.6768    0.2983
...   106 T-A ...
  -43.9257   66.5617  -85.8294
   -0.6400    0.1942    0.7434
    0.4430   -0.6972    0.5636
    0.6278    0.6901    0.3602
...   107 T-A ...
  -42.0871   68.9836  -84.7472
   -0.3337   -0.2379    0.9122
    0.7121   -0.6977    0.0785
    0.6177    0.6758    0.4022
...   108 C-G ...
  -40.2269   71.2080  -83.3205
    0.0603   -0.6352    0.7700
    0.7879   -0.4434   -0.4274
    0.6129    0.6324    0.4737
...   109 C-G ...
  -38.5068   73.2745  -81.3056
    0.3648   -0.8476    0.3853
    0.6766   -0.0430   -0.7351
    0.6396    0.5288    0.5579
...   110 G-C ...
  -36.1187   74.6804  -79.5139
    0.5596   -0.8176   -0.1355
    0.4496    0.4369   -0.7791
    0.6962    0.3750    0.6121
...   111 G-C ...
  -33.7220   75.3611  -77.2497
    0.6485   -0.5053   -0.5693
    0.1490    0.8177   -0.5561
    0.7465    0.2758    0.6055
...   112 C-G ...
  -31.1414   75.7607  -75.2377
    0.6082   -0.0012   -0.7938
   -0.1851    0.9722   -0.1432
    0.7719    0.2340    0.5911
...   113 T-A ...
  -28.4147   76.1866  -73.4262
    0.4118    0.4947   -0.7653
   -0.4436    0.8424    0.3059
    0.7960    0.2135    0.5664
...   114 C-G ...
  -25.7134   76.8219  -71.6796
    0.0849    0.8952   -0.4376
   -0.5991    0.3968    0.6955
    0.7962    0.2031    0.5699
...   115 G-C ...
  -23.3988   77.5327  -69.4226
   -0.3124    0.9497   -0.0214
   -0.5578   -0.1652    0.8134
    0.7690    0.2660    0.5813
...   116 T-A ...
  -20.6101   78.6396  -68.0064
   -0.5695    0.7286    0.3806
   -0.3398   -0.6303    0.6981
    0.7484    0.2683    0.6065
...   117 A-T ...
  -18.1753   79.7132  -66.0408
   -0.7414    0.2473    0.6239
    0.0130   -0.9242    0.3818
    0.6710    0.2911    0.6820
...   118 T-A ...
  -16.1976   81.2810  -63.9704
   -0.6683   -0.2378    0.7048
    0.3631   -0.9313    0.0300
    0.6492    0.2760    0.7088
...   119 A-T ...
  -14.6396   82.6309  -61.3138
   -0.5603   -0.6928    0.4540
    0.6559   -0.7058   -0.2677
    0.5059    0.1478    0.8498
...   120 A-T ...
  -13.3008   83.1263  -58.4336
   -0.1686   -0.9679    0.1862
    0.8648   -0.2359   -0.4432
    0.4730    0.0863    0.8768
...   121 T-A ...
  -12.4148   83.3295  -55.3083
    0.2447   -0.9661   -0.0826
    0.8511    0.2548   -0.4590
    0.4645    0.0420    0.8846
...   122 G-C ...
  -10.7510   83.0802  -52.4539
    0.5973   -0.6821   -0.4219
    0.6276    0.7250   -0.2836
    0.4993   -0.0955    0.8611
...   123 T-A ...
   -9.3995   82.1591  -49.5999
    0.8217   -0.2234   -0.5242
    0.2589    0.9659   -0.0058
    0.5077   -0.1310    0.8515
...   124 G-C ...
   -7.5129   81.9298  -46.9118
    0.7987    0.3636   -0.4795
   -0.2202    0.9182    0.3294
    0.5600   -0.1575    0.8134
...   125 T-A ...
   -5.4276   80.9001  -44.5231
    0.5777    0.7821   -0.2337
   -0.5976    0.6003    0.5315
    0.5560   -0.1674    0.8142
...   126 C-G ...
   -3.5100   80.2941  -41.9318
    0.1264    0.9840    0.1258
   -0.8290    0.0352    0.5582
    0.5448   -0.1748    0.8201
...   127 G-C ...
   -2.1243   79.5240  -39.0291
   -0.3905    0.8577    0.3344
   -0.7808   -0.5011    0.3733
    0.4877   -0.1153    0.8654
...   128 A-T ...
   -0.4113   79.1240  -36.2970
   -0.7847    0.4337    0.4428
   -0.4397   -0.8931    0.0955
    0.4369   -0.1198    0.8915
...   129 C-G ...
    1.0696   79.3424  -33.4004
   -0.9245   -0.0547    0.3772
    0.0005   -0.9898   -0.1424
    0.3811   -0.1315    0.9151
...   130 C-G ...
    2.1542   79.3175  -30.2139
   -0.8483   -0.5156    0.1202
    0.4628   -0.8324   -0.3047
    0.2572   -0.2028    0.9448
...   131 A-T ...
    2.6818   78.6445  -26.9840
   -0.5351   -0.8149   -0.2225
    0.8372   -0.4765   -0.2684
    0.1127   -0.3299    0.9373
...   132 A-T ...
    2.6991   77.5261  -23.9684
   -0.0211   -0.9218   -0.3871
    0.9970    0.0095   -0.0769
    0.0746   -0.3876    0.9188
...   133 A-T ...
    2.6299   76.0898  -21.0795
    0.5130   -0.7623   -0.3947
    0.8564    0.4854    0.1759
    0.0575   -0.4282    0.9018
...   134 T-A ...
    2.3075   74.2309  -18.3903
    0.8657   -0.4293   -0.2574
    0.4984    0.7868    0.3641
    0.0462   -0.4435    0.8951
...   135 G-C ...
    1.4353   72.0971  -15.6051
    0.9809    0.0621    0.1843
   -0.1263    0.9241    0.3607
   -0.1479   -0.3771    0.9143
...   136 T-A ...
    0.5278   69.2394  -13.4689
    0.7351    0.4963    0.4618
   -0.6117    0.7792    0.1365
   -0.2921   -0.3828    0.8764
...   137 G-C ...
   -0.1660   67.4107  -10.8095
    0.1800    0.8794    0.4408
   -0.9276    0.3008   -0.2214
   -0.3274   -0.3691    0.8698
...   138 A-T ...
   -0.1322   66.2181   -7.8217
   -0.3749    0.8570    0.3536
   -0.8857   -0.2184   -0.4098
   -0.2739   -0.4668    0.8409
...   139 G-C ...
   -1.0070   65.6076   -4.9425
   -0.8336    0.5218    0.1811
   -0.5170   -0.6220   -0.5881
   -0.1942   -0.5839    0.7883
...   140 C-G ...
   -0.6975   63.9005   -2.2529
   -0.9992    0.0157   -0.0376
    0.0023   -0.8993   -0.4374
   -0.0406   -0.4371    0.8985
...   141 G-C ...
   -3.4383   60.2387    1.0283
   -0.4425    0.2285   -0.8672
    0.1683   -0.9287   -0.3306
   -0.8808   -0.2922    0.3725
...   142 C-G ...
   -6.3289   59.0835    1.6293
   -0.2970   -0.3280   -0.8968
    0.5656   -0.8171    0.1115
   -0.7693   -0.4741    0.4282
...   143 T-A ...
   -8.6769   58.7244    3.6023
   -0.0347   -0.7817   -0.6227
    0.6533   -0.4893    0.5778
   -0.7563   -0.3868    0.5276
...   144 C-G ...
  -11.6545   58.0115    4.7192
    0.2451   -0.9542   -0.1716
    0.6322    0.0231    0.7745
   -0.7350   -0.2983    0.6089
...   145 A-T ...
  -14.1761   56.5670    6.1806
    0.5795   -0.7268    0.3687
    0.3139    0.6165    0.7220
   -0.7521   -0.3027    0.5855
...   146 C-G ...
  -16.4652   53.8951    7.5152
    0.5336   -0.3331    0.7774
   -0.0346    0.9098    0.4136
   -0.8450   -0.2476    0.4739
...   147 A-T ...
  -19.0173   52.0376    8.9260
    0.2452    0.2907    0.9249
   -0.3073    0.9281   -0.2103
   -0.9195   -0.2327    0.3169
