  147 base-pairs
...     1 A-T ...
    0.0000    0.0000    0.0000
    1.0000    0.0000    0.0000
    0.0000    1.0000    0.0000
    0.0000    0.0000    1.0000
...     2 G-C ...
   -0.1404   -1.2353    3.2259
    0.7530    0.6366    0.1668
   -0.6385    0.7681   -0.0490
   -0.1593   -0.0696    0.9848
...     3 T-A ...
   -0.0377   -3.2918    6.3749
    0.2722    0.9302    0.2464
   -0.9238    0.3243   -0.2034
   -0.2691   -0.1722    0.9476
...     4 G-C ...
   -0.3520   -4.1638    9.4928
   -0.3756    0.9250    0.0576
   -0.8780   -0.3352   -0.3416
   -0.2967   -0.1788    0.9381
...     5 A-T ...
   -0.4480   -4.1448   12.7498
   -0.8116    0.5839   -0.0166
   -0.5522   -0.7762   -0.3042
   -0.1905   -0.2377    0.9525
...     6 G-C ...
   -1.5926   -4.1701   15.6201
   -0.9976    0.0246   -0.0651
   -0.0043   -0.9555   -0.2950
   -0.0694   -0.2940    0.9533
...     7 C-G ...
   -1.1050   -4.4793   18.7363
   -0.8442   -0.5302   -0.0787
    0.5343   -0.8442   -0.0430
   -0.0437   -0.0784    0.9960
...     8 G-C ...
   -2.4044   -7.7255   23.1483
   -0.2753   -0.3294   -0.9032
    0.6650   -0.7437    0.0686
   -0.6943   -0.5817    0.4238
...     9 C-G ...
   -4.4706   -9.9691   24.1142
    0.1145   -0.7026   -0.7023
    0.8512   -0.2951    0.4341
   -0.5123   -0.6475    0.5642
...    10 T-A ...
   -6.7420  -10.8705   25.9717
    0.4841   -0.8363   -0.2573
    0.6594    0.1554    0.7356
   -0.5752   -0.5257    0.6267
...    11 C-G ...
   -9.1682  -12.6167   27.1662
    0.7073   -0.6683    0.2306
    0.3450    0.6110    0.7125
   -0.6170   -0.4243    0.6627
...    12 A-T ...
  -10.9253  -14.6583   29.0713
    0.7515   -0.1377    0.6452
   -0.2027    0.8824    0.4245
   -0.6278   -0.4498    0.6352
...    13 C-G ...
  -11.8495  -17.4796   31.2472
    0.4294    0.2824    0.8578
   -0.5708    0.8209    0.0155
   -0.6998   -0.4963    0.5137
...    14 A-T ...
  -13.5915  -19.7756   33.4284
   -0.1503    0.6106    0.7775
   -0.6874    0.5007   -0.5261
   -0.7106   -0.6135    0.3445
...    15 A-T ...
  -15.7654  -21.8983   34.5304
   -0.4969    0.7957    0.3463
   -0.4609    0.0961   -0.8822
   -0.7353   -0.5980    0.3190
...    16 T-A ...
  -17.9159  -23.8405   36.2825
   -0.6893    0.7067   -0.1597
   -0.1123   -0.3220   -0.9401
   -0.7157   -0.6300    0.3013
...    17 T-A ...
  -20.2683  -25.7268   37.6174
   -0.6404    0.3775   -0.6689
    0.3209   -0.6597   -0.6795
   -0.6978   -0.6498    0.3014
...    18 T-A ...
  -22.6298  -27.6585   38.5785
   -0.3116    0.0255   -0.9499
    0.6015   -0.7686   -0.2179
   -0.7356   -0.6392    0.2242
...    19 A-T ...
  -25.1224  -29.6519   38.9347
    0.1437   -0.1861   -0.9720
    0.6455   -0.7268    0.2346
   -0.7501   -0.6611    0.0157
...    20 T-A ...
  -27.9711  -31.2763   38.6197
    0.4594   -0.5007   -0.7337
    0.4817   -0.5535    0.6794
   -0.7463   -0.6655   -0.0131
...    21 T-A ...
  -30.5107  -33.3195   38.2522
    0.6612   -0.7084   -0.2471
    0.1332   -0.2133    0.9679
   -0.7383   -0.6728   -0.0467
...    22 C-G ...
  -32.8293  -35.6044   37.9730
    0.6414   -0.6851    0.3453
   -0.2856    0.2045    0.9363
   -0.7121   -0.6991   -0.0645
...    23 G-C ...
  -35.1008  -38.0136   38.4935
    0.4516   -0.3823    0.8062
   -0.6433    0.4865    0.5911
   -0.6182   -0.7856   -0.0263
...    24 C-G ...
  -36.8159  -40.7848   38.2869
    0.0813   -0.0346    0.9961
   -0.7858    0.6125    0.0854
   -0.6131   -0.7897    0.0226
...    25 A-T ...
  -39.2081  -43.0504   38.1524
   -0.3663    0.3403    0.8660
   -0.6840    0.5325   -0.4985
   -0.6309   -0.7750    0.0377
...    26 A-T ...
  -41.1459  -45.6879   38.4591
   -0.6996    0.5624    0.4407
   -0.3518    0.2658   -0.8976
   -0.6219   -0.7830    0.0119
...    27 A-T ...
  -43.0406  -48.3123   38.8344
   -0.7876    0.5976   -0.1503
    0.1321   -0.0745   -0.9884
   -0.6019   -0.7983   -0.0202
...    28 G-C ...
  -45.3151  -50.7659   39.1774
   -0.5579    0.5318   -0.6371
    0.5115   -0.3842   -0.7686
   -0.6535   -0.7547   -0.0577
...    29 G-C ...
  -47.9414  -53.0137   39.0694
   -0.1136    0.3408   -0.9332
    0.7251   -0.6137   -0.3124
   -0.6792   -0.7122   -0.1774
...    30 C-G ...
  -50.5360  -54.8741   38.3640
    0.3430    0.0375   -0.9386
    0.6599   -0.7207    0.2124
   -0.6685   -0.6922   -0.2719
...    31 C-G ...
  -52.9351  -56.8774   37.2525
    0.7113   -0.2732   -0.6476
    0.3487   -0.6628    0.6626
   -0.6103   -0.6972   -0.3762
...    32 G-C ...
  -54.4106  -59.2164   35.9931
    0.8594   -0.4720   -0.1964
   -0.0842   -0.5095    0.8563
   -0.5043   -0.7194   -0.4776
...    33 G-C ...
  -55.4021  -61.8150   34.0642
    0.7045   -0.6371    0.3127
   -0.5679   -0.2417    0.7868
   -0.4257   -0.7319   -0.5321
...    34 C-G ...
  -56.3129  -64.3477   32.2063
    0.2897   -0.6531    0.6997
   -0.8777    0.1102    0.4664
   -0.3817   -0.7492   -0.5413
...    35 C-G ...
  -57.2842  -67.1486   30.5423
   -0.2576   -0.4869    0.8346
   -0.9022    0.4303   -0.0274
   -0.3458   -0.7601   -0.5502
...    36 C-G ...
  -58.2594  -69.8745   28.8355
   -0.7002   -0.1598    0.6958
   -0.6227    0.6133   -0.4858
   -0.3491   -0.7735   -0.5290
...    37 G-C ...
  -59.6495  -71.7279   26.2265
   -0.9072    0.2550    0.3345
   -0.1081    0.6273   -0.7712
   -0.4065   -0.7358   -0.5416
...    38 A-T ...
  -60.6817  -74.1188   24.4902
   -0.7998    0.5796   -0.1559
    0.4493    0.4060   -0.7958
   -0.3980   -0.7065   -0.5852
...    39 C-G ...
  -62.3950  -76.2870   22.8908
   -0.4376    0.7529   -0.4915
    0.7928    0.0652   -0.6060
   -0.4242   -0.6549   -0.6255
...    40 A-T ...
  -63.9882  -78.3151   20.8168
    0.1085    0.7603   -0.6404
    0.8963   -0.3534   -0.2677
   -0.4299   -0.5450   -0.7199
...    41 C-G ...
  -65.6736  -79.5336   18.3390
    0.5714    0.5413   -0.6168
    0.7220   -0.6889    0.0642
   -0.3902   -0.4821   -0.7845
...    42 G-C ...
  -66.5385  -81.3375   15.6750
    0.9151    0.1251   -0.3833
    0.2618   -0.9073    0.3290
   -0.3066   -0.4014   -0.8631
...    43 A-T ...
  -67.4715  -82.5274   12.8915
    0.9017   -0.4165   -0.1162
   -0.3169   -0.8194    0.4777
   -0.2941   -0.3939   -0.8708
...    44 C-G ...
  -68.0487  -83.2669    9.7176
    0.6210   -0.7613    0.1864
   -0.7469   -0.5028    0.4351
   -0.2375   -0.4094   -0.8809
...    45 T-A ...
  -68.0827  -84.6080    6.3234
    0.1104   -0.9172    0.3828
   -0.9699   -0.0152    0.2432
   -0.2173   -0.3981   -0.8913
...    46 T-A ...
  -68.2226  -85.7781    3.2489
   -0.3929   -0.8260    0.4042
   -0.8964    0.4421    0.0321
   -0.2052   -0.3497   -0.9141
...    47 A-T ...
  -69.1088  -86.6444    0.1254
   -0.8700   -0.3800    0.3142
   -0.4545    0.8652   -0.2121
   -0.1912   -0.3273   -0.9254
...    48 C-G ...
  -69.5708  -88.3262   -2.7218
   -0.9778    0.1309    0.1634
    0.0702    0.9402   -0.3332
   -0.1973   -0.3144   -0.9286
...    49 T-A ...
  -70.4940  -89.7004   -5.6487
   -0.7784    0.6265    0.0397
    0.5703    0.7323   -0.3722
   -0.2622   -0.2671   -0.9273
...    50 G-C ...
  -71.5938  -90.3243   -8.7778
   -0.3057    0.9518   -0.0239
    0.9010    0.2811   -0.3305
   -0.3079   -0.1225   -0.9435
...    51 T-A ...
  -73.1144  -90.6720  -11.5674
    0.1662    0.9824   -0.0847
    0.9406   -0.1838   -0.2854
   -0.2959   -0.0322   -0.9547
...    52 A-T ...
  -74.8278  -89.7069  -14.4168
    0.6336    0.7701    0.0737
    0.7549   -0.5946   -0.2768
   -0.1693    0.2310   -0.9581
...    53 G-C ...
  -75.7145  -88.6434  -17.3234
    0.9247    0.3766    0.0551
    0.3737   -0.8709   -0.3191
   -0.0722    0.3157   -0.9461
...    54 G-C ...
  -75.9378  -86.5495  -20.3465
    0.9884   -0.1486   -0.0312
   -0.1501   -0.9255   -0.3478
    0.0228    0.3484   -0.9371
...    55 T-A ...
  -75.4449  -85.0108  -23.1906
    0.7810   -0.5955   -0.1882
   -0.6221   -0.7152   -0.3186
    0.0552    0.3659   -0.9290
...    56 A-T ...
  -74.6555  -83.5579  -26.1669
    0.3001   -0.9060   -0.2983
   -0.9473   -0.2463   -0.2050
    0.1123    0.3441   -0.9322
...    57 T-A ...
  -73.5284  -82.3076  -29.0258
   -0.2040   -0.8973   -0.3915
   -0.9721    0.2331   -0.0278
    0.1162    0.3749   -0.9197
...    58 C-G ...
  -72.8808  -81.2576  -32.1531
   -0.7455   -0.5708   -0.3440
   -0.6567    0.7172    0.2332
    0.1136    0.3997   -0.9096
...    59 T-A ...
  -72.4789  -80.2536  -35.3083
   -0.9808   -0.1435   -0.1322
   -0.1838    0.9072    0.3784
    0.0656    0.3954   -0.9161
...    60 C-G ...
  -72.2907  -78.9408  -38.3649
   -0.9159    0.3765    0.1390
    0.3998    0.8256    0.3981
    0.0351    0.4202   -0.9067
...    61 G-C ...
  -72.0811  -77.1174  -41.0507
   -0.6176    0.6249    0.4776
    0.7819    0.5532    0.2874
   -0.0846    0.5509   -0.8302
...    62 A-T ...
  -72.1526  -75.3626  -43.7723
   -0.0924    0.7670    0.6349
    0.9937    0.1118    0.0095
   -0.0637    0.6318   -0.7725
...    63 G-C ...
  -72.7468  -73.0251  -46.0399
    0.4122    0.6640    0.6239
    0.9100   -0.2659   -0.3183
   -0.0454    0.6989   -0.7138
...    64 C-G ...
  -73.2474  -70.3588  -48.0512
    0.8483    0.3586    0.3896
    0.5295   -0.5692   -0.6289
   -0.0038    0.7398   -0.6728
...    65 T-A ...
  -73.3927  -67.6622  -49.9446
    0.9974   -0.0210    0.0687
    0.0391   -0.6436   -0.7643
    0.0603    0.7650   -0.6412
...    66 C-G ...
  -72.8307  -65.3174  -52.1003
    0.8504   -0.4056   -0.3351
   -0.5075   -0.4647   -0.7256
    0.1386    0.7871   -0.6010
...    67 G-C ...
  -72.6625  -63.1773  -54.7009
    0.4344   -0.6360   -0.6378
   -0.8752   -0.1307   -0.4658
    0.2129    0.7605   -0.6134
...    68 G-C ...
  -71.6932  -60.6810  -56.6928
   -0.1044   -0.6425   -0.7591
   -0.9719    0.2278   -0.0592
    0.2110    0.7316   -0.6483
...    69 G-C ...
  -70.7689  -58.4083  -58.9601
   -0.6196   -0.4858   -0.6165
   -0.7639    0.5537    0.3314
    0.1804    0.6763   -0.7142
...    70 A-T ...
  -69.9577  -56.3304  -61.4252
   -0.9496   -0.0697   -0.3057
   -0.2572    0.7309    0.6322
    0.1794    0.6789   -0.7119
...    71 T-A ...
  -69.3996  -54.5736  -64.1694
   -0.9515    0.2997    0.0694
    0.2599    0.6624    0.7026
    0.1646    0.6866   -0.7081
...    72 C-G ...
  -69.0481  -52.4017  -66.6223
   -0.6329    0.6067    0.4810
    0.7586    0.3617    0.5419
    0.1548    0.7079   -0.6892
...    73 C-G ...
  -68.6079  -50.2296  -69.0482
   -0.1936    0.5973    0.7783
    0.9713    0.0047    0.2380
    0.1385    0.8020   -0.5811
...    74 G-C ...
  -67.7513  -47.5138  -70.6802
    0.2965    0.3697    0.8806
    0.9420   -0.2652   -0.2058
    0.1575    0.8905   -0.4269
...    75 C-G ...
  -67.6362  -44.2553  -71.8120
    0.7668    0.1282    0.6290
    0.6177   -0.4143   -0.6685
    0.1749    0.9011   -0.3969
...    76 T-A ...
  -66.9536  -40.9601  -72.5582
    0.9735   -0.1479    0.1743
    0.1101   -0.3646   -0.9246
    0.2003    0.9193   -0.3387
...    77 T-A ...
  -66.2084  -37.8689  -73.2375
    0.8700   -0.3139   -0.3802
   -0.4544   -0.2113   -0.8654
    0.1913    0.9257   -0.3265
...    78 T-A ...
  -65.4046  -34.8366  -74.0324
    0.4772   -0.3726   -0.7959
   -0.8576    0.0002   -0.5143
    0.1918    0.9280   -0.3195
...    79 A-T ...
  -65.2298  -31.7633  -75.1637
   -0.0859   -0.2761   -0.9573
   -0.9775    0.2089    0.0275
    0.1924    0.9382   -0.2878
...    80 A-T ...
  -64.4332  -28.8342  -76.1147
   -0.5948   -0.1239   -0.7943
   -0.7828    0.3139    0.5372
    0.1828    0.9413   -0.2838
...    81 C-G ...
  -63.4740  -25.9775  -77.5590
   -0.9127    0.0482   -0.4058
   -0.3683    0.3328    0.8681
    0.1769    0.9418   -0.2860
...    82 A-T ...
  -62.9797  -22.9045  -78.6386
   -0.9777    0.1420    0.1550
    0.1874    0.2555    0.9485
    0.0950    0.9563   -0.2764
...    83 C-G ...
  -63.0939  -19.8829  -80.1067
   -0.7579    0.2198    0.6142
    0.6482    0.1480    0.7469
    0.0732    0.9643   -0.2546
...    84 T-A ...
  -63.5675  -16.4830  -81.2056
   -0.3015    0.2098    0.9301
    0.9514    0.0014    0.3081
    0.0633    0.9777   -0.2001
...    85 T-A ...
  -63.8016  -13.3072  -81.8032
    0.2712    0.1626    0.9487
    0.9598   -0.1201   -0.2538
    0.0726    0.9794   -0.1886
...    86 T-A ...
  -63.7541  -10.1250  -82.2588
    0.7413    0.0269    0.6706
    0.6636   -0.1786   -0.7264
    0.1002    0.9836   -0.1502
...    87 A-T ...
  -63.2183   -6.9292  -82.6305
    0.9517   -0.1959    0.2364
    0.2124   -0.1362   -0.9676
    0.2218    0.9711   -0.0881
...    88 T-A ...
  -62.5318   -3.7967  -82.1265
    0.9329   -0.2835   -0.2220
   -0.2330   -0.0050   -0.9725
    0.2746    0.9590   -0.0708
...    89 G-C ...
  -61.3040   -0.7016  -82.2140
    0.5767   -0.3220   -0.7508
   -0.7305    0.2082   -0.6504
    0.3657    0.9236   -0.1151
...    90 C-G ...
  -59.6586    2.1177  -82.6603
    0.0791   -0.1902   -0.9786
   -0.9226    0.3579   -0.1442
    0.3776    0.9142   -0.1472
...    91 T-A ...
  -57.9466    4.9786  -83.5665
   -0.4444    0.0416   -0.8949
   -0.7906    0.4516    0.4136
    0.4213    0.8913   -0.1678
...    92 T-A ...
  -56.4337    7.7227  -84.2627
   -0.8123    0.2718   -0.5161
   -0.4152    0.3520    0.8389
    0.4096    0.8957   -0.1730
...    93 C-G ...
  -55.1192   10.6527  -85.1164
   -0.9140    0.4024    0.0514
    0.1147    0.1348    0.9842
    0.3892    0.9055   -0.1693
...    94 C-G ...
  -53.7660   13.5527  -85.8683
   -0.7773    0.3012    0.5523
    0.5513   -0.0969    0.8287
    0.3031    0.9486   -0.0908
...    95 G-C ...
  -52.7293   16.3886  -85.9558
   -0.4545    0.0946    0.8857
    0.8562   -0.2279    0.4637
    0.2457    0.9691    0.0226
...    96 G-C ...
  -52.3752   19.6871  -85.5759
    0.0447   -0.1333    0.9901
    0.9731   -0.2186   -0.0734
    0.2262    0.9667    0.1200
...    97 C-G ...
  -52.1842   22.9370  -84.7760
    0.5349   -0.2822    0.7964
    0.8075   -0.1064   -0.5801
    0.2485    0.9534    0.1709
...    98 T-A ...
  -51.6827   26.0769  -83.8793
    0.8384   -0.3763    0.3944
    0.4513    0.0735   -0.8893
    0.3057    0.9236    0.2314
...    99 C-G ...
  -50.3144   28.8952  -83.1069
    0.9291   -0.3330   -0.1612
   -0.0414    0.3394   -0.9397
    0.3676    0.8798    0.3015
...   100 G-C ...
  -49.0339   31.8860  -82.5740
    0.7290   -0.1451   -0.6689
   -0.5186    0.5208   -0.6781
    0.4467    0.8413    0.3045
...   101 T-A ...
  -47.1802   34.2723  -81.2190
    0.3654    0.1156   -0.9236
   -0.8172    0.5148   -0.2589
    0.4456    0.8495    0.2826
...   102 C-G ...
  -45.5338   36.9388  -80.5559
   -0.1561    0.3562   -0.9213
   -0.8669    0.3976    0.3006
    0.4734    0.8456    0.2467
...   103 A-T ...
  -43.6935   39.6272  -79.7319
   -0.6231    0.4368   -0.6488
   -0.6350    0.2018    0.7457
    0.4567    0.8766    0.1516
...   104 T-A ...
  -42.0297   42.4136  -79.7185
   -0.8605    0.4636   -0.2113
   -0.2558   -0.0346    0.9661
    0.4406    0.8853    0.1484
...   105 G-C ...
  -40.5511   45.5143  -79.5313
   -0.8854    0.3070    0.3490
    0.2528   -0.3120    0.9158
    0.3901    0.8991    0.1986
...   106 T-A ...
  -39.5934   48.6945  -79.4372
   -0.6500    0.0888    0.7548
    0.6537   -0.4412    0.6148
    0.3876    0.8930    0.2287
...   107 T-A ...
  -38.6234   51.5783  -78.6825
   -0.2582   -0.2160    0.9416
    0.8931   -0.4251    0.1474
    0.3685    0.8790    0.3027
...   108 A-T ...
  -37.5075   54.3375  -77.4365
    0.1150   -0.5415    0.8328
    0.9189   -0.2604   -0.2963
    0.3773    0.7993    0.4677
...   109 T-A ...
  -36.9784   56.9074  -75.6005
    0.5257   -0.6172    0.5854
    0.7597    0.0309   -0.6496
    0.3828    0.7862    0.4851
...   110 A-T ...
  -35.6109   59.2667  -73.8761
    0.7500   -0.6489    0.1279
    0.4560    0.3672   -0.8107
    0.4791    0.6664    0.5713
...   111 A-T ...
  -34.1310   61.1742  -71.8720
    0.8484   -0.4068   -0.3388
    0.0286    0.6743   -0.7379
    0.5286    0.6164    0.5836
...   112 C-G ...
  -32.1060   62.5681  -69.4678
    0.7358    0.0089   -0.6771
   -0.4123    0.7992   -0.4374
    0.5373    0.6010    0.5917
...   113 G-C ...
  -30.2504   64.7481  -67.9013
    0.3449    0.4196   -0.8396
   -0.7084    0.7032    0.0604
    0.6158    0.5740    0.5398
...   114 G-C ...
  -28.0117   66.6489  -66.4292
   -0.1065    0.6799   -0.7255
   -0.7609    0.4140    0.4997
    0.6401    0.6052    0.4733
...   115 A-T ...
  -25.6355   68.5167  -65.0026
   -0.5212    0.8072   -0.2770
   -0.5559   -0.0748    0.8279
    0.6475    0.5855    0.4877
...   116 T-A ...
  -23.2753   70.6683  -64.0847
   -0.7101    0.6808    0.1796
   -0.2424   -0.4758    0.8455
    0.6611    0.5568    0.5029
...   117 A-T ...
  -21.0326   72.8273  -62.6477
   -0.7314    0.2480    0.6352
    0.2208   -0.7952    0.5647
    0.6452    0.5533    0.5269
...   118 T-A ...
  -19.2890   75.1486  -61.2547
   -0.5463   -0.1734    0.8194
    0.5290   -0.8300    0.1770
    0.6494    0.5302    0.5452
...   119 A-T ...
  -17.3626   76.8351  -59.2842
   -0.3559   -0.6360    0.6848
    0.7437   -0.6365   -0.2046
    0.5660    0.4364    0.6994
...   120 A-T ...
  -15.8107   78.2212  -56.8203
    0.0253   -0.9252    0.3787
    0.8371   -0.1875   -0.5139
    0.5465    0.3301    0.7697
...   121 T-A ...
  -14.5620   79.1994  -53.9341
    0.4113   -0.9104    0.0442
    0.7322    0.3010   -0.6110
    0.5429    0.2837    0.7904
...   122 G-C ...
  -12.7404   79.6781  -51.0658
    0.6694   -0.6259   -0.4003
    0.4334    0.7666   -0.4738
    0.6034    0.1437    0.7844
...   123 T-A ...
  -10.7634   79.4637  -48.5119
    0.7931   -0.1873   -0.5796
    0.0977    0.9783   -0.1825
    0.6013    0.0881    0.7942
...   124 G-C ...
   -8.6359   79.6005  -46.0156
    0.6953    0.4027   -0.5952
   -0.3339    0.9145    0.2286
    0.6364    0.0398    0.7703
...   125 T-A ...
   -6.3487   79.2162  -43.7219
    0.4268    0.8149   -0.3921
   -0.6355    0.5788    0.5110
    0.6434    0.0311    0.7649
...   126 C-G ...
   -4.2532   79.3066  -41.3569
   -0.0059    1.0000    0.0007
   -0.7642   -0.0050    0.6450
    0.6450    0.0033    0.7642
...   127 G-C ...
   -2.7119   79.1031  -38.5260
   -0.4363    0.8541    0.2831
   -0.6856   -0.5193    0.5102
    0.5828    0.0285    0.8121
...   128 A-T ...
   -0.7339   78.9642  -36.1118
   -0.7578    0.4086    0.5087
   -0.3507   -0.9125    0.2105
    0.5502   -0.0189    0.8348
...   129 C-G ...
    1.0730   79.5948  -33.4369
   -0.8618   -0.1169    0.4936
    0.0790   -0.9922   -0.0969
    0.5010   -0.0445    0.8643
...   130 C-G ...
    2.1280   79.9430  -30.2051
   -0.7958   -0.5595    0.2318
    0.4871   -0.8188   -0.3039
    0.3598   -0.1289    0.9241
...   131 A-T ...
    2.5635   78.8908  -27.0409
   -0.5960   -0.7737   -0.2149
    0.7905   -0.5182   -0.3266
    0.1413   -0.3645    0.9204
...   132 A-T ...
    2.7591   77.6032  -24.0619
   -0.0947   -0.9003   -0.4249
    0.9914   -0.0465   -0.1225
    0.0905   -0.4328    0.8969
...   133 A-T ...
    2.6310   76.1088  -21.1217
    0.5008   -0.7705   -0.3943
    0.8630    0.4796    0.1588
    0.0667   -0.4198    0.9052
...   134 T-A ...
    2.3075   74.2307  -18.3903
    0.8657   -0.4293   -0.2574
    0.4984    0.7868    0.3641
    0.0462   -0.4435    0.8951
...   135 G-C ...
    1.4354   72.0970  -15.6050
    0.9809    0.0621    0.1843
   -0.1263    0.9241    0.3607
   -0.1479   -0.3771    0.9143
...   136 T-A ...
    0.5279   69.2392  -13.4689
    0.7351    0.4963    0.4618
   -0.6117    0.7792    0.1365
   -0.2921   -0.3828    0.8764
...   137 G-C ...
   -0.1659   67.4105  -10.8095
    0.1800    0.8794    0.4408
   -0.9276    0.3008   -0.2214
   -0.3274   -0.3691    0.8698
...   138 A-T ...
   -0.1321   66.2179   -7.8217
   -0.3749    0.8570    0.3536
   -0.8857   -0.2184   -0.4098
   -0.2739   -0.4668    0.8409
...   139 G-C ...
   -1.0069   65.6074   -4.9425
   -0.8336    0.5218    0.1811
   -0.5170   -0.6220   -0.5881
   -0.1942   -0.5839    0.7883
...   140 C-G ...
   -0.6975   63.9003   -2.2528
   -0.9992    0.0157   -0.0376
    0.0023   -0.8993   -0.4374
   -0.0406   -0.4371    0.8985
...   141 G-C ...
   -3.4383   60.2385    1.0283
   -0.4425    0.2285   -0.8672
    0.1683   -0.9287   -0.3306
   -0.8808   -0.2922    0.3725
...   142 C-G ...
   -6.3289   59.0833    1.6293
   -0.2970   -0.3280   -0.8968
    0.5656   -0.8171    0.1115
   -0.7693   -0.4741    0.4282
...   143 T-A ...
   -8.6769   58.7242    3.6024
   -0.0347   -0.7817   -0.6227
    0.6533   -0.4893    0.5778
   -0.7563   -0.3868    0.5276
...   144 C-G ...
  -11.6545   58.0113    4.7193
    0.2451   -0.9542   -0.1716
    0.6322    0.0231    0.7745
   -0.7350   -0.2983    0.6089
...   145 A-T ...
  -14.1760   56.5668    6.1806
    0.5795   -0.7268    0.3687
    0.3139    0.6165    0.7220
   -0.7521   -0.3027    0.5855
...   146 C-G ...
  -16.4651   53.8949    7.5153
    0.5336   -0.3331    0.7774
   -0.0346    0.9098    0.4136
   -0.8450   -0.2476    0.4739
...   147 A-T ...
  -19.0173   52.0374    8.9260
    0.2452    0.2907    0.9249
   -0.3073    0.9281   -0.2103
   -0.9195   -0.2327    0.3169
