  147 base-pairs
...     1 A-T ...
    0.0000    0.0000    0.0000
    1.0000    0.0000    0.0000
    0.0000    1.0000    0.0000
    0.0000    0.0000    1.0000
...     2 G-C ...
   -0.1404   -1.2353    3.2259
    0.7530    0.6366    0.1668
   -0.6385    0.7681   -0.0490
   -0.1593   -0.0696    0.9848
...     3 T-A ...
   -0.0377   -3.2918    6.3749
    0.2722    0.9302    0.2464
   -0.9238    0.3243   -0.2034
   -0.2691   -0.1722    0.9476
...     4 G-C ...
   -0.3520   -4.1638    9.4928
   -0.3756    0.9250    0.0576
   -0.8780   -0.3352   -0.3416
   -0.2967   -0.1788    0.9381
...     5 A-T ...
   -0.4480   -4.1448   12.7498
   -0.8116    0.5839   -0.0166
   -0.5522   -0.7762   -0.3042
   -0.1905   -0.2377    0.9525
...     6 G-C ...
   -1.5926   -4.1701   15.6201
   -0.9976    0.0246   -0.0651
   -0.0043   -0.9555   -0.2950
   -0.0694   -0.2940    0.9533
...     7 C-G ...
   -1.1050   -4.4793   18.7363
   -0.8442   -0.5302   -0.0787
    0.5343   -0.8442   -0.0430
   -0.0437   -0.0784    0.9960
...     8 G-C ...
   -2.4044   -7.7255   23.1483
   -0.2753   -0.3294   -0.9032
    0.6650   -0.7437    0.0686
   -0.6943   -0.5817    0.4238
...     9 C-G ...
   -4.4706   -9.9691   24.1142
    0.1145   -0.7026   -0.7023
    0.8512   -0.2951    0.4341
   -0.5123   -0.6475    0.5642
...    10 T-A ...
   -6.7420  -10.8705   25.9717
    0.4841   -0.8363   -0.2573
    0.6594    0.1554    0.7356
   -0.5752   -0.5257    0.6267
...    11 C-G ...
   -9.1682  -12.6167   27.1662
    0.7073   -0.6683    0.2306
    0.3450    0.6110    0.7125
   -0.6170   -0.4243    0.6627
...    12 A-T ...
  -10.9253  -14.6583   29.0713
    0.7515   -0.1377    0.6452
   -0.2027    0.8824    0.4245
   -0.6278   -0.4498    0.6352
...    13 C-G ...
  -11.8495  -17.4796   31.2472
    0.4294    0.2824    0.8578
   -0.5708    0.8209    0.0155
   -0.6998   -0.4963    0.5137
...    14 A-T ...
  -13.5915  -19.7756   33.4284
   -0.1503    0.6106    0.7775
   -0.6874    0.5007   -0.5261
   -0.7106   -0.6135    0.3445
...    15 A-T ...
  -15.7800  -21.8898   34.5113
   -0.4879    0.8018    0.3451
   -0.4610    0.0991   -0.8819
   -0.7413   -0.5893    0.3213
...    16 T-A ...
  -17.9503  -23.7941   36.2705
   -0.6780    0.7171   -0.1613
   -0.1186   -0.3233   -0.9388
   -0.7254   -0.6174    0.3042
...    17 T-A ...
  -20.3398  -25.6304   37.6130
   -0.6316    0.3898   -0.6701
    0.3053   -0.6695   -0.6772
   -0.7126   -0.6323    0.3039
...    18 T-A ...
  -22.7502  -27.5007   38.5612
   -0.3077    0.0338   -0.9509
    0.5788   -0.7865   -0.2153
   -0.7552   -0.6166    0.2224
...    19 A-T ...
  -25.3126  -29.4191   38.9123
    0.1404   -0.2050   -0.9686
    0.6167   -0.7473    0.2475
   -0.7746   -0.6321    0.0215
...    20 T-A ...
  -28.2294  -30.9345   38.6197
    0.4377   -0.5357   -0.7221
    0.4550   -0.5608    0.6917
   -0.7755   -0.6313   -0.0017
...    21 T-A ...
  -30.8631  -32.8598   38.2875
    0.6180   -0.7543   -0.2218
    0.1152   -0.1922    0.9746
   -0.7777   -0.6278   -0.0319
...    22 C-G ...
  -33.3354  -34.9893   38.0624
    0.5894   -0.7163    0.3736
   -0.2777    0.2546    0.9263
   -0.7586   -0.6497   -0.0488
...    23 G-C ...
  -35.8341  -37.1351   38.6031
    0.4154   -0.3883    0.8226
   -0.6010    0.5616    0.5687
   -0.6828   -0.7306   -0.0001
...    24 C-G ...
  -37.7896  -39.7473   38.4706
    0.0771   -0.0027    0.9970
   -0.7278    0.6833    0.0581
   -0.6814   -0.7302    0.0507
...    25 A-T ...
  -40.3506  -41.8060   38.3762
   -0.3223    0.4110    0.8528
   -0.6303    0.5789   -0.5172
   -0.7063   -0.7042    0.0725
...    26 A-T ...
  -42.5525  -44.2054   38.7898
   -0.6248    0.6561    0.4231
   -0.3342    0.2650   -0.9045
   -0.7056   -0.7066    0.0538
...    27 A-T ...
  -44.7339  -46.5631   39.3155
   -0.7103    0.6847   -0.1633
    0.0985   -0.1330   -0.9862
   -0.6970   -0.7166    0.0270
...    28 G-C ...
  -47.2974  -48.6777   39.8251
   -0.4992    0.5762   -0.6471
    0.4343   -0.4799   -0.7623
   -0.7498   -0.6616   -0.0107
...    29 G-C ...
  -50.2343  -50.5092   39.8599
   -0.0938    0.3170   -0.9438
    0.6201   -0.7230   -0.3045
   -0.7789   -0.6138   -0.1288
...    30 C-G ...
  -53.0868  -51.9879   39.2517
    0.3113   -0.0521   -0.9489
    0.5508   -0.8038    0.2249
   -0.7744   -0.5927   -0.2215
...    31 C-G ...
  -55.8062  -53.6391   38.2882
    0.6333   -0.4108   -0.6559
    0.2637   -0.6822    0.6819
   -0.7276   -0.6049   -0.3237
...    32 G-C ...
  -57.6951  -55.7572   37.2083
    0.7573   -0.6208   -0.2029
   -0.1322   -0.4500    0.8832
   -0.6396   -0.6420   -0.4229
...    33 G-C ...
  -59.2250  -58.2175   35.4502
    0.5932   -0.7394    0.3183
   -0.5642   -0.0999    0.8195
   -0.5742   -0.6658   -0.4765
...    34 C-G ...
  -60.7065  -60.5790   33.7484
    0.1993   -0.6637    0.7209
   -0.8163    0.2946    0.4969
   -0.5422   -0.6875   -0.4831
...    35 C-G ...
  -62.2750  -63.1968   32.2625
   -0.2959   -0.3881    0.8728
   -0.8017    0.5977   -0.0060
   -0.5194   -0.7015   -0.4880
...    36 C-G ...
  -63.8486  -65.7478   30.7457
   -0.6691    0.0155    0.7430
   -0.5187    0.7062   -0.4819
   -0.5322   -0.7078   -0.4645
...    37 G-C ...
  -65.7336  -67.4164   28.3704
   -0.8066    0.4510    0.3820
   -0.0377    0.6058   -0.7947
   -0.5899   -0.6554   -0.4717
...    38 A-T ...
  -67.3762  -69.5996   26.8457
   -0.6727    0.7287   -0.1283
    0.4564    0.2723   -0.8471
   -0.5823   -0.6284   -0.5158
...    39 C-G ...
  -69.6323  -71.4036   25.4966
   -0.3104    0.8115   -0.4952
    0.7333   -0.1271   -0.6679
   -0.6049   -0.5704   -0.5556
...    40 A-T ...
  -71.8092  -73.0903   23.6558
    0.2095    0.6992   -0.6836
    0.7714   -0.5478   -0.3238
   -0.6008   -0.4595   -0.6541
...    41 C-G ...
  -73.9432  -73.9819   21.3870
    0.6131    0.3833   -0.6908
    0.5584   -0.8288    0.0356
   -0.5589   -0.4075   -0.7222
...    42 G-C ...
  -75.4351  -75.6154   18.8997
    0.8754   -0.0970   -0.4736
    0.0849   -0.9336    0.3480
   -0.4759   -0.3449   -0.8091
...    43 A-T ...
  -76.8955  -76.6378   16.2793
    0.7667   -0.6158   -0.1816
   -0.4419   -0.7113    0.5467
   -0.4658   -0.3389   -0.8174
...    44 C-G ...
  -77.9606  -77.3197   13.2174
    0.4456   -0.8809    0.1598
   -0.7904   -0.3033    0.5322
   -0.4203   -0.3634   -0.8314
...    45 T-A ...
  -78.6778  -78.6897    9.9093
   -0.0635   -0.9095    0.4108
   -0.9125    0.2195    0.3451
   -0.4040   -0.3530   -0.8439
...    46 T-A ...
  -79.4447  -79.8527    6.9283
   -0.5279   -0.6997    0.4813
   -0.7559    0.6455    0.1092
   -0.3871   -0.3062   -0.8697
...    47 A-T ...
  -80.8649  -80.5664    3.9752
   -0.8864   -0.1580    0.4352
   -0.2650    0.9439   -0.1971
   -0.3796   -0.2900   -0.8785
...    48 C-G ...
  -82.0662  -82.1389    1.2958
   -0.8894    0.3614    0.2798
    0.2412    0.8912   -0.3842
   -0.3882   -0.2743   -0.8798
...    49 T-A ...
  -83.6726  -83.3054   -1.4156
   -0.5986    0.7932    0.1113
    0.6675    0.5708   -0.4782
   -0.4428   -0.2119   -0.8712
...    50 G-C ...
  -85.3465  -83.6908   -4.3299
   -0.0753    0.9969   -0.0223
    0.8836    0.0564   -0.4647
   -0.4621   -0.0547   -0.8852
...    51 T-A ...
  -87.2982  -83.6917   -6.8604
    0.3770    0.9142   -0.1484
    0.8188   -0.4039   -0.4080
   -0.4329    0.0323   -0.9008
...    52 A-T ...
  -89.1363  -82.3750   -9.4764
    0.8008    0.5965   -0.0540
    0.5418   -0.7599   -0.3591
   -0.2552    0.2583   -0.9317
...    53 G-C ...
  -90.1806  -81.1440  -12.2630
    0.9844    0.1429   -0.1026
    0.1011   -0.9368   -0.3350
   -0.1440    0.3194   -0.9366
...    54 G-C ...
  -90.3783  -79.0745  -15.3043
    0.9055   -0.3844   -0.1798
   -0.4218   -0.8621   -0.2809
   -0.0470    0.3302   -0.9428
...    55 T-A ...
  -90.0108  -77.7034  -18.2552
    0.5722   -0.7679   -0.2878
   -0.8200   -0.5417   -0.1848
   -0.0140    0.3417   -0.9397
...    56 A-T ...
  -89.4377  -76.4787  -21.3744
    0.0137   -0.9497   -0.3129
   -0.9994   -0.0035   -0.0333
    0.0305    0.3131   -0.9492
...    57 T-A ...
  -88.5531  -75.5214  -24.4256
   -0.4835   -0.8141   -0.3216
   -0.8743    0.4672    0.1317
    0.0430    0.3449   -0.9377
...    58 C-G ...
  -88.2253  -74.6257  -27.6486
   -0.9120   -0.3624   -0.1920
   -0.4073    0.8550    0.3212
    0.0478    0.3711   -0.9274
...    59 T-A ...
  -88.1576  -73.7076  -30.8572
   -0.9931    0.1078    0.0459
    0.1171    0.9186    0.3775
   -0.0015    0.3803   -0.9249
...    60 C-G ...
  -88.1957  -72.4465  -33.9467
   -0.7540    0.5902    0.2882
    0.6564    0.6930    0.2981
   -0.0238    0.4139   -0.9100
...    61 G-C ...
  -88.0422  -70.6793  -36.6789
   -0.3472    0.7460    0.5683
    0.9328    0.3369    0.1277
   -0.0962    0.5744   -0.8129
...    62 A-T ...
  -88.1942  -68.8861  -39.3770
    0.2168    0.7498    0.6252
    0.9751   -0.1352   -0.1760
   -0.0474    0.6477   -0.7604
...    63 G-C ...
  -88.6075  -66.4112  -41.5410
    0.6705    0.5246    0.5247
    0.7419   -0.4710   -0.4772
   -0.0032    0.7092   -0.7050
...    64 C-G ...
  -88.7982  -63.6424  -43.4674
    0.9676    0.1283    0.2176
    0.2470   -0.6620   -0.7077
    0.0532    0.7385   -0.6722
...    65 T-A ...
  -88.6317  -60.9395  -45.3481
    0.9560   -0.2665   -0.1229
   -0.2656   -0.6076   -0.7485
    0.1248    0.7482   -0.6517
...    66 C-G ...
  -87.9381  -58.7434  -47.6184
    0.6429   -0.5885   -0.4902
   -0.7363   -0.2983   -0.6074
    0.2112    0.7514   -0.6251
...    67 G-C ...
  -87.7844  -56.6020  -50.2441
    0.1288   -0.6945   -0.7079
   -0.9537    0.1089   -0.2804
    0.2718    0.7112   -0.6483
...    68 G-C ...
  -86.6411  -54.3238  -52.4024
   -0.4101   -0.5601   -0.7198
   -0.8756    0.4626    0.1390
    0.2551    0.6873   -0.6801
...    69 G-C ...
  -85.6470  -52.2345  -54.8113
   -0.8317   -0.2859   -0.4759
   -0.5182    0.7076    0.4804
    0.1994    0.6462   -0.7367
...    70 A-T ...
  -84.8427  -50.2957  -57.3938
   -0.9774    0.1844   -0.1035
    0.0678    0.7371    0.6724
    0.2003    0.6502   -0.7329
...    71 T-A ...
  -84.4167  -48.5866  -60.1910
   -0.8104    0.5222    0.2655
    0.5545    0.5377    0.6351
    0.1889    0.6619   -0.7254
...    72 C-G ...
  -84.0204  -46.4382  -62.6577
   -0.3485    0.7162    0.6046
    0.9181    0.1311    0.3739
    0.1885    0.6854   -0.7033
...    73 C-G ...
  -83.5309  -44.3186  -65.1227
    0.1240    0.5783    0.8063
    0.9675   -0.2510    0.0313
    0.2205    0.7763   -0.5906
...    74 G-C ...
  -82.3530  -41.7992  -66.8720
    0.5487    0.2269    0.8046
    0.7832   -0.4763   -0.3997
    0.2926    0.8495   -0.4390
...    75 C-G ...
  -81.6326  -38.6022  -67.9549
    0.8824   -0.1074    0.4581
    0.3472   -0.5086   -0.7879
    0.3176    0.8543   -0.4115
...    76 T-A ...
  -80.2792  -35.5358  -68.7733
    0.9180   -0.3950   -0.0351
   -0.1712   -0.3150   -0.9335
    0.3577    0.8630   -0.3568
...    77 T-A ...
  -78.9201  -32.6818  -69.5406
    0.6677   -0.4890   -0.5613
   -0.6555   -0.0290   -0.7546
    0.3527    0.8718   -0.3399
...    78 T-A ...
  -77.5395  -29.8862  -70.4166
    0.1981   -0.4134   -0.8887
   -0.9141    0.2494   -0.3198
    0.3538    0.8757   -0.3285
...    79 A-T ...
  -76.5879  -26.8982  -71.5877
   -0.3701   -0.2139   -0.9040
   -0.8599    0.4472    0.2462
    0.3516    0.8685   -0.3494
...    80 T-A ...
  -74.8438  -24.4619  -72.9916
   -0.7337    0.0497   -0.6776
   -0.5740    0.4884    0.6573
    0.3636    0.8712   -0.3298
...    81 C-G ...
  -73.5555  -21.6682  -74.1388
   -0.9449    0.3009   -0.1287
   -0.0171    0.3472    0.9376
    0.3268    0.8882   -0.3230
...    82 A-T ...
  -72.3628  -18.7956  -75.4290
   -0.8457    0.3400    0.4112
    0.4865    0.1746    0.8561
    0.2193    0.9241   -0.3131
...    83 T-A ...
  -72.0607  -15.8578  -76.7410
   -0.5224    0.3390    0.7824
    0.8308   -0.0042    0.5565
    0.1919    0.9408   -0.2795
...    84 G-C ...
  -71.7923  -12.5231  -77.6697
   -0.0125    0.1730    0.9848
    0.9811   -0.1880    0.0455
    0.1930    0.9668   -0.1674
...    85 T-A ...
  -71.8535   -9.2302  -78.0233
    0.4618    0.0201    0.8868
    0.8621   -0.2453   -0.4434
    0.2086    0.9692   -0.1306
...    86 T-A ...
  -71.2806   -6.1515  -78.1672
    0.8160   -0.1752    0.5509
    0.5181   -0.2012   -0.8313
    0.2565    0.9638   -0.0733
...    87 A-T ...
  -70.2235   -3.0759  -78.3090
    0.9200   -0.3840    0.0782
    0.0613   -0.0560   -0.9965
    0.3871    0.9216   -0.0280
...    88 T-A ...
  -68.9039   -0.2183  -77.6490
    0.8395   -0.3622   -0.4051
   -0.3786    0.1449   -0.9142
    0.3898    0.9208   -0.0155
...    89 A-T ...
  -67.5859    2.7921  -77.8499
    0.4820   -0.2949   -0.8251
   -0.7423    0.3629   -0.5633
    0.4655    0.8839   -0.0440
...    90 A-T ...
  -65.9183    5.4902  -77.9111
    0.0091   -0.0649   -0.9978
   -0.8799    0.4735   -0.0388
    0.4750    0.8784   -0.0528
...    91 C-G ...
  -63.6559    8.0713  -78.2852
   -0.4525    0.2101   -0.8667
   -0.7516    0.4332    0.4974
    0.4800    0.8765   -0.0382
...    92 G-C ...
  -62.4581   11.0882  -78.4510
   -0.8312    0.3375   -0.4417
   -0.3624    0.2735    0.8910
    0.4215    0.9007   -0.1050
...    93 G-C ...
  -61.2202   14.0640  -79.0825
   -0.9325    0.3532    0.0762
    0.1135    0.0862    0.9898
    0.3430    0.9316   -0.1204
...    94 A-T ...
  -60.1074   17.1075  -79.7245
   -0.7270    0.3083    0.6135
    0.6051   -0.1346    0.7847
    0.3245    0.9417   -0.0887
...    95 A-T ...
  -59.2514   20.1971  -80.1438
   -0.2727    0.1632    0.9482
    0.9072   -0.2846    0.3099
    0.3204    0.9447   -0.0704
...    96 C-G ...
  -58.8731   23.4875  -80.3544
    0.1936   -0.0420    0.9802
    0.9220   -0.3336   -0.1964
    0.3352    0.9418   -0.0259
...    97 A-T ...
  -57.9066   26.6394  -80.2184
    0.5919   -0.3347    0.7332
    0.6987   -0.2405   -0.6738
    0.4019    0.9111    0.0915
...    98 C-G ...
  -56.8204   29.6376  -79.2606
    0.8368   -0.4558    0.3035
    0.3269   -0.0289   -0.9446
    0.4393    0.8896    0.1248
...    99 T-A ...
  -55.1036   32.5692  -78.0924
    0.8491   -0.4607   -0.2584
   -0.1594    0.2430   -0.9568
    0.5036    0.8536    0.1329
...   100 T-A ...
  -53.2780   35.1397  -77.3102
    0.6197   -0.2374   -0.7481
   -0.6004    0.4706   -0.6466
    0.5055    0.8498    0.1491
...   101 T-A ...
  -51.4179   37.7046  -76.6732
    0.1934    0.0673   -0.9788
   -0.8378    0.5305   -0.1290
    0.5106    0.8450    0.1590
...   102 A-T ...
  -49.9153   40.6522  -76.1928
   -0.3265    0.3430   -0.8808
   -0.7933    0.4071    0.4526
    0.5139    0.8465    0.1392
...   103 T-A ...
  -47.7546   43.1251  -76.2530
   -0.6600    0.4803   -0.5776
   -0.5525    0.2107    0.8065
    0.5091    0.8514    0.1263
...   104 G-C ...
  -46.1285   46.0144  -76.1419
   -0.9017    0.4321    0.0139
   -0.0282   -0.0909    0.9955
    0.4314    0.8972    0.0941
...   105 C-G ...
  -45.0901   49.0997  -76.1055
   -0.8010    0.2728    0.5328
    0.4423   -0.3300    0.8339
    0.4033    0.9037    0.1437
...   106 T-A ...
  -44.0639   52.3450  -75.8863
   -0.4514    0.0090    0.8923
    0.8083   -0.4195    0.4131
    0.3781    0.9077    0.1821
...   107 T-A ...
  -43.0569   55.3189  -75.3290
    0.0193   -0.2784    0.9603
    0.9250   -0.3595   -0.1228
    0.3794    0.8906    0.2506
...   108 C-G ...
  -42.0337   58.2042  -74.2494
    0.4543   -0.5229    0.7212
    0.7863   -0.1452   -0.6005
    0.4188    0.8399    0.3452
...   109 C-G ...
  -40.8949   61.0273  -73.0490
    0.7025   -0.6531    0.2826
    0.4721    0.1306   -0.8718
    0.5325    0.7459    0.4001
...   110 G-C ...
  -38.9952   63.0876  -71.9203
    0.7580   -0.6146   -0.2183
    0.1274    0.4678   -0.8746
    0.6397    0.6352    0.4329
...   111 G-C ...
  -36.3689   64.5803  -70.4571
    0.6674   -0.3204   -0.6722
   -0.2295    0.7703   -0.5950
    0.7084    0.5514    0.4406
...   112 C-G ...
  -33.5737   65.8014  -69.0417
    0.4274    0.1230   -0.8956
   -0.5181    0.8452   -0.1312
    0.7409    0.5201    0.4250
...   113 T-A ...
  -30.9989   67.2877  -67.6863
    0.1111    0.5447   -0.8312
   -0.6394    0.6795    0.3598
    0.7608    0.4915    0.4238
...   114 C-G ...
  -28.6376   69.1044  -66.3553
   -0.2738    0.8374   -0.4731
   -0.5691    0.2555    0.7816
    0.7754    0.4833    0.4065
...   115 G-C ...
  -26.3477   70.6531  -64.6098
   -0.5702    0.8207    0.0376
   -0.3359   -0.2746    0.9010
    0.7497    0.5011    0.4322
...   116 T-A ...
  -24.0058   72.7092  -63.5864
   -0.6904    0.5431    0.4778
   -0.0064   -0.6651    0.7467
    0.7234    0.5125    0.4627
...   117 A-T ...
  -21.7582   74.9985  -62.3296
   -0.6598    0.0464    0.7500
    0.3647   -0.8529    0.3736
    0.6570    0.5200    0.5459
...   118 T-A ...
  -20.0814   77.2174  -60.7394
   -0.4252   -0.3696    0.8262
    0.6184   -0.7852   -0.0330
    0.6609    0.4969    0.5624
...   119 A-T ...
  -18.1778   78.7520  -58.6751
   -0.2544   -0.7670    0.5890
    0.7689   -0.5298   -0.3578
    0.5865    0.3619    0.7246
...   120 A-T ...
  -16.5703   79.8388  -56.1057
    0.1194   -0.9670    0.2251
    0.8090   -0.0367   -0.5867
    0.5756    0.2522    0.7779
...   121 T-A ...
  -15.2171   80.4677  -53.1654
    0.4775   -0.8708   -0.1168
    0.6660    0.4454   -0.5984
    0.5731    0.2080    0.7927
...   122 G-C ...
  -13.3010   80.6504  -50.3465
    0.6890   -0.5131   -0.5118
    0.3496    0.8539   -0.3854
    0.6348    0.0866    0.7678
...   123 T-A ...
  -11.1976   80.2719  -47.9210
    0.7734   -0.0563   -0.6314
    0.0221    0.9978   -0.0620
    0.6336    0.0340    0.7730
...   124 G-C ...
   -8.9762   80.2412  -45.5251
    0.6400    0.5107   -0.5741
   -0.3780    0.8597    0.3435
    0.6690   -0.0029    0.7433
...   125 T-A ...
   -6.5665   79.7534  -43.3835
    0.3609    0.8756   -0.3211
   -0.6449    0.4830    0.5923
    0.6737   -0.0067    0.7389
...   126 C-G ...
   -4.3847   79.7198  -41.1050
   -0.0616    0.9934    0.0970
   -0.7358   -0.1109    0.6680
    0.6744   -0.0302    0.7378
...   127 G-C ...
   -2.6937   79.4115  -38.3998
   -0.4715    0.8133    0.3409
   -0.6458   -0.5818    0.4944
    0.6004    0.0130    0.7996
...   128 A-T ...
   -0.6616   79.2453  -36.0472
   -0.7649    0.3488    0.5416
   -0.3057   -0.9366    0.1715
    0.5670   -0.0344    0.8230
...   129 C-G ...
    1.1608   79.8427  -33.3819
   -0.8486   -0.1711    0.5007
    0.1167   -0.9835   -0.1383
    0.5161   -0.0589    0.8545
...   130 C-G ...
    2.1947   80.1407  -30.1300
   -0.7771   -0.5892    0.2212
    0.5076   -0.7946   -0.3332
    0.3721   -0.1467    0.9165
...   131 A-T ...
    2.5843   79.0249  -26.9792
   -0.5875   -0.7749   -0.2334
    0.7957   -0.5005   -0.3411
    0.1475   -0.3861    0.9106
...   132 A-T ...
    2.7650   77.6671  -24.0288
   -0.0897   -0.8941   -0.4389
    0.9913   -0.0375   -0.1262
    0.0964   -0.4463    0.8897
...   133 A-T ...
    2.6440   76.1360  -21.1097
    0.5039   -0.7647   -0.4017
    0.8609    0.4826    0.1611
    0.0707   -0.4270    0.9015
...   134 T-A ...
    2.3076   74.2306  -18.3904
    0.8657   -0.4293   -0.2574
    0.4984    0.7868    0.3641
    0.0462   -0.4435    0.8951
...   135 G-C ...
    1.4355   72.0969  -15.6051
    0.9809    0.0621    0.1843
   -0.1263    0.9241    0.3607
   -0.1479   -0.3771    0.9143
...   136 T-A ...
    0.5280   69.2392  -13.4690
    0.7351    0.4963    0.4618
   -0.6117    0.7792    0.1365
   -0.2921   -0.3828    0.8764
...   137 G-C ...
   -0.1658   67.4105  -10.8096
    0.1800    0.8794    0.4408
   -0.9276    0.3008   -0.2214
   -0.3274   -0.3691    0.8698
...   138 A-T ...
   -0.1320   66.2179   -7.8217
   -0.3749    0.8570    0.3536
   -0.8857   -0.2184   -0.4098
   -0.2739   -0.4668    0.8409
...   139 G-C ...
   -1.0068   65.6074   -4.9425
   -0.8336    0.5218    0.1811
   -0.5170   -0.6220   -0.5881
   -0.1942   -0.5839    0.7883
...   140 C-G ...
   -0.6974   63.9003   -2.2529
   -0.9992    0.0157   -0.0376
    0.0023   -0.8993   -0.4374
   -0.0406   -0.4371    0.8985
...   141 G-C ...
   -3.4382   60.2384    1.0283
   -0.4425    0.2285   -0.8672
    0.1683   -0.9287   -0.3306
   -0.8808   -0.2922    0.3725
...   142 C-G ...
   -6.3288   59.0833    1.6292
   -0.2970   -0.3280   -0.8968
    0.5656   -0.8171    0.1115
   -0.7693   -0.4741    0.4282
...   143 T-A ...
   -8.6768   58.7242    3.6023
   -0.0347   -0.7817   -0.6227
    0.6533   -0.4893    0.5778
   -0.7563   -0.3868    0.5276
...   144 C-G ...
  -11.6544   58.0113    4.7192
    0.2451   -0.9542   -0.1716
    0.6322    0.0231    0.7745
   -0.7350   -0.2983    0.6089
...   145 A-T ...
  -14.1759   56.5668    6.1806
    0.5795   -0.7268    0.3687
    0.3139    0.6165    0.7220
   -0.7521   -0.3027    0.5855
...   146 C-G ...
  -16.4650   53.8948    7.5152
    0.5336   -0.3331    0.7774
   -0.0346    0.9098    0.4136
   -0.8450   -0.2476    0.4739
...   147 A-T ...
  -19.0172   52.0373    8.9260
    0.2452    0.2907    0.9249
   -0.3073    0.9281   -0.2103
   -0.9195   -0.2327    0.3169
