  147 base-pairs
...     1 A-T ...
    0.0000    0.0000    0.0000
    1.0000    0.0000    0.0000
    0.0000    1.0000    0.0000
    0.0000    0.0000    1.0000
...     2 G-C ...
   -0.1404   -1.2353    3.2259
    0.7530    0.6366    0.1668
   -0.6385    0.7681   -0.0490
   -0.1593   -0.0696    0.9848
...     3 T-A ...
   -0.0377   -3.2918    6.3749
    0.2722    0.9302    0.2464
   -0.9238    0.3243   -0.2034
   -0.2691   -0.1722    0.9476
...     4 G-C ...
   -0.3520   -4.1638    9.4928
   -0.3756    0.9250    0.0576
   -0.8780   -0.3352   -0.3416
   -0.2967   -0.1788    0.9381
...     5 A-T ...
   -0.4480   -4.1448   12.7498
   -0.8116    0.5839   -0.0166
   -0.5522   -0.7762   -0.3042
   -0.1905   -0.2377    0.9525
...     6 G-C ...
   -1.5926   -4.1701   15.6201
   -0.9976    0.0246   -0.0651
   -0.0043   -0.9555   -0.2950
   -0.0694   -0.2940    0.9533
...     7 C-G ...
   -1.1050   -4.4793   18.7363
   -0.8442   -0.5302   -0.0787
    0.5343   -0.8442   -0.0430
   -0.0437   -0.0784    0.9960
...     8 G-C ...
   -2.4044   -7.7255   23.1483
   -0.2753   -0.3294   -0.9032
    0.6650   -0.7437    0.0686
   -0.6943   -0.5817    0.4238
...     9 C-G ...
   -4.4706   -9.9691   24.1142
    0.1145   -0.7026   -0.7023
    0.8512   -0.2951    0.4341
   -0.5123   -0.6475    0.5642
...    10 T-A ...
   -6.7420  -10.8705   25.9717
    0.4841   -0.8363   -0.2573
    0.6594    0.1554    0.7356
   -0.5752   -0.5257    0.6267
...    11 C-G ...
   -9.1682  -12.6167   27.1662
    0.7073   -0.6683    0.2306
    0.3450    0.6110    0.7125
   -0.6170   -0.4243    0.6627
...    12 A-T ...
  -10.9253  -14.6583   29.0713
    0.7515   -0.1377    0.6452
   -0.2027    0.8824    0.4245
   -0.6278   -0.4498    0.6352
...    13 C-G ...
  -11.8495  -17.4796   31.2472
    0.4294    0.2824    0.8578
   -0.5708    0.8209    0.0155
   -0.6998   -0.4963    0.5137
...    14 A-T ...
  -13.5915  -19.7756   33.4284
   -0.1503    0.6106    0.7775
   -0.6874    0.5007   -0.5261
   -0.7106   -0.6135    0.3445
...    15 A-T ...
  -15.6934  -21.8583   34.7540
   -0.5042    0.7822    0.3661
   -0.4759    0.1021   -0.8736
   -0.7207   -0.6146    0.3207
...    16 T-A ...
  -17.7995  -23.7384   36.4114
   -0.6552    0.7477   -0.1082
   -0.1643   -0.2808   -0.9456
   -0.7374   -0.6017    0.3069
...    17 T-A ...
  -20.2017  -25.5167   37.6153
   -0.6008    0.5189   -0.6082
    0.2112   -0.6307   -0.7467
   -0.7710   -0.5771    0.2693
...    18 T-A ...
  -22.8149  -27.1341   38.5622
   -0.3458    0.1520   -0.9259
    0.4868   -0.8146   -0.3155
   -0.8021   -0.5598    0.2077
...    19 A-T ...
  -25.9456  -28.3226   38.8938
    0.1091   -0.1085   -0.9881
    0.5359   -0.8308    0.1504
   -0.8372   -0.5460   -0.0325
...    20 T-A ...
  -28.9437  -29.5252   38.4533
    0.3805   -0.4738   -0.7942
    0.3995   -0.6903    0.6033
   -0.8340   -0.5468   -0.0733
...    21 T-A ...
  -31.7062  -31.1128   37.9096
    0.5471   -0.7633   -0.3437
    0.1079   -0.3428    0.9332
   -0.8301   -0.5476   -0.1052
...    22 C-G ...
  -34.2708  -33.0345   37.3516
    0.5263   -0.8144    0.2443
   -0.2528    0.1245    0.9595
   -0.8119   -0.5667   -0.1404
...    23 G-C ...
  -36.9580  -34.9491   37.3169
    0.3517   -0.5813    0.7338
   -0.5409    0.5135    0.6661
   -0.7640   -0.6312   -0.1338
...    24 C-G ...
  -39.2150  -37.2921   36.7352
    0.0193   -0.2073    0.9781
   -0.6509    0.7400    0.1696
   -0.7589   -0.6399   -0.1207
...    25 A-T ...
  -41.8626  -39.1884   36.2951
   -0.3026    0.2784    0.9116
   -0.5524    0.7282   -0.4057
   -0.7767   -0.6263   -0.0665
...    26 A-T ...
  -44.2222  -41.4194   36.2547
   -0.5709    0.6236    0.5340
   -0.2711    0.4708   -0.8396
   -0.7750   -0.6241   -0.0998
...    27 A-T ...
  -46.7033  -43.4963   36.2025
   -0.6139    0.7893   -0.0069
    0.1002    0.0693   -0.9925
   -0.7830   -0.6100   -0.1217
...    28 G-C ...
  -49.4039  -45.3416   36.0928
   -0.4007    0.7823   -0.4769
    0.3989   -0.3197   -0.8595
   -0.8248   -0.5346   -0.1839
...    29 G-C ...
  -52.4194  -46.7617   35.6834
   -0.0320    0.5838   -0.8113
    0.5277   -0.6795   -0.5098
   -0.8488   -0.4444   -0.2863
...    30 C-G ...
  -55.4034  -47.6801   34.7540
    0.3148    0.1931   -0.9293
    0.4454   -0.8946   -0.0350
   -0.8381   -0.4029   -0.3677
...    31 C-G ...
  -58.2121  -48.5562   33.1272
    0.5927   -0.2380   -0.7695
    0.1777   -0.8931    0.4132
   -0.7856   -0.3816   -0.4871
...    32 G-C ...
  -60.4922  -50.1332   31.3230
    0.6880   -0.6228   -0.3726
   -0.2307   -0.6744    0.7014
   -0.6881   -0.3966   -0.6077
...    33 G-C ...
  -62.3916  -51.4667   28.8719
    0.5078   -0.8568    0.0897
   -0.5989   -0.2763    0.7516
   -0.6192   -0.4354   -0.6535
...    34 C-G ...
  -64.0608  -52.9977   26.4572
    0.1148   -0.8645    0.4894
   -0.7963    0.2145    0.5656
   -0.5939   -0.4546   -0.6638
...    35 C-G ...
  -65.8093  -54.7619   24.1840
   -0.3097   -0.5955    0.7412
   -0.7448    0.6365    0.2002
   -0.5910   -0.4901   -0.6407
...    36 C-G ...
  -67.6210  -56.6406   22.0572
   -0.6316   -0.1376    0.7630
   -0.4610    0.8579   -0.2269
   -0.6233   -0.4950   -0.6053
...    37 G-C ...
  -69.7496  -57.8464   19.8205
   -0.7207    0.3962    0.5689
   -0.0250    0.8052   -0.5924
   -0.6928   -0.4412   -0.5704
...    38 A-T ...
  -71.9449  -59.3940   17.9872
   -0.5748    0.8022    0.1614
    0.4034    0.4494   -0.7971
   -0.7119   -0.3931   -0.5819
...    39 C-G ...
  -74.5898  -60.7277   16.6091
   -0.2580    0.9401   -0.2229
    0.6392   -0.0069   -0.7690
   -0.7245   -0.3409   -0.5991
...    40 A-T ...
  -77.0812  -61.6939   14.6214
    0.2301    0.8438   -0.4848
    0.6566   -0.5023   -0.5626
   -0.7183   -0.1889   -0.6696
...    41 C-G ...
  -79.7016  -61.7436   12.6965
    0.5708    0.5013   -0.6503
    0.4438   -0.8547   -0.2693
   -0.6908   -0.1349   -0.7103
...    42 G-C ...
  -81.6558  -62.1800   10.0683
    0.8200    0.0074   -0.5723
    0.0387   -0.9983    0.0427
   -0.5711   -0.0572   -0.8189
...    43 A-T ...
  -83.3211  -62.2161    7.2751
    0.7270   -0.5511   -0.4095
   -0.4516   -0.8331    0.3195
   -0.5172   -0.0474   -0.8546
...    44 C-G ...
  -84.5092  -61.9647    4.2025
    0.4113   -0.8947   -0.1743
   -0.7733   -0.4437    0.4529
   -0.4825   -0.0515   -0.8744
...    45 T-A ...
  -85.7073  -62.1641    1.1360
   -0.0266   -0.9937    0.1084
   -0.8943    0.0722    0.4416
   -0.4466   -0.0852   -0.8906
...    46 T-A ...
  -86.8120  -62.4728   -1.9130
   -0.5468   -0.7836    0.2951
   -0.7210    0.6198    0.3099
   -0.4258   -0.0433   -0.9038
...    47 A-T ...
  -88.3511  -62.2434   -4.8671
   -0.8846   -0.2474    0.3952
   -0.2319    0.9688    0.0873
   -0.4045   -0.0145   -0.9144
...    48 C-G ...
  -89.6916  -62.8875   -7.8217
   -0.8720    0.2801    0.4013
    0.2553    0.9600   -0.1153
   -0.4176    0.0019   -0.9086
...    49 T-A ...
  -91.3112  -63.0804  -10.6829
   -0.5951    0.7231    0.3507
    0.6635    0.6883   -0.2933
   -0.4535    0.0582   -0.8894
...    50 G-C ...
  -92.9065  -62.6714  -13.5640
   -0.0899    0.9588    0.2694
    0.8743    0.2056   -0.4397
   -0.4769    0.1960   -0.8568
...    51 T-A ...
  -94.9687  -61.9127  -15.9772
    0.3822    0.9212    0.0733
    0.8044   -0.2926   -0.5171
   -0.4548    0.2566   -0.8528
...    52 A-T ...
  -96.6739  -60.4649  -18.4637
    0.8018    0.5974   -0.0144
    0.4993   -0.6829   -0.5332
   -0.3284    0.4204   -0.8458
...    53 G-C ...
  -97.7212  -58.6971  -21.0226
    0.9703    0.1442   -0.1943
    0.0319   -0.8723   -0.4879
   -0.2399    0.4672   -0.8510
...    54 G-C ...
  -98.0859  -56.7167  -23.7306
    0.8676   -0.3684   -0.3340
   -0.4806   -0.7938   -0.3727
   -0.1278    0.4839   -0.8657
...    55 T-A ...
  -98.0041  -54.7345  -26.3616
    0.5104   -0.7300   -0.4546
   -0.8547   -0.4887   -0.1751
   -0.0944    0.4779   -0.8733
...    56 A-T ...
  -98.4057  -53.2163  -29.2827
   -0.0804   -0.8825   -0.4635
   -0.9942    0.0377    0.1007
   -0.0714    0.4689   -0.8804
...    57 T-A ...
  -97.9546  -51.8534  -32.2609
   -0.5671   -0.7357   -0.3703
   -0.8214    0.4721    0.3201
   -0.0607    0.4857   -0.8720
...    58 C-G ...
  -98.0873  -50.3648  -35.1711
   -0.9364   -0.3335   -0.1095
   -0.3439    0.8087    0.4771
   -0.0706    0.4844   -0.8720
...    59 T-A ...
  -98.3978  -49.0702  -38.1892
   -0.9768    0.1006    0.1889
    0.1797    0.8649    0.4686
   -0.1163    0.4917   -0.8629
...    60 C-G ...
  -98.8365  -47.5538  -41.0423
   -0.6967    0.5533    0.4567
    0.7039    0.6500    0.2864
   -0.1383    0.5210   -0.8423
...    61 G-C ...
  -99.0655  -45.6125  -43.7080
   -0.2012    0.7273    0.6561
    0.9641    0.2654    0.0015
   -0.1731    0.6329   -0.7547
...    62 A-T ...
  -99.7523  -43.5357  -46.0958
    0.3785    0.7066    0.5978
    0.9127   -0.1778   -0.3678
   -0.1536    0.6849   -0.7123
...    63 G-C ...
 -100.4725  -41.0776  -48.1445
    0.7892    0.4585    0.4085
    0.6077   -0.4879   -0.6265
   -0.0880    0.7428   -0.6638
...    64 C-G ...
 -100.7974  -38.3176  -49.8754
    0.9936    0.0883    0.0700
    0.1102   -0.6314   -0.7676
   -0.0236    0.7704   -0.6371
...    65 T-A ...
 -100.6369  -35.5479  -51.6341
    0.9161   -0.2938   -0.2727
   -0.3958   -0.5551   -0.7316
    0.0636    0.7782   -0.6248
...    66 C-G ...
 -100.1754  -33.0189  -53.6267
    0.5305   -0.5804   -0.6178
   -0.8406   -0.2662   -0.4717
    0.1093    0.7696   -0.6292
...    67 G-C ...
 -100.0366  -30.6885  -55.9709
   -0.0177   -0.6961   -0.7177
   -0.9862    0.1304   -0.1021
    0.1647    0.7060   -0.6888
...    68 G-C ...
  -99.1745  -28.5252  -58.3997
   -0.5455   -0.5623   -0.6215
   -0.8234    0.4980    0.2721
    0.1565    0.6601   -0.7346
...    69 G-C ...
  -98.4886  -26.5503  -61.0342
   -0.9069   -0.2510   -0.3386
   -0.4070    0.7298    0.5493
    0.1092    0.6359   -0.7640
...    70 A-T ...
  -98.0616  -24.5609  -63.5889
   -0.9781    0.2011    0.0530
    0.1865    0.7356    0.6513
    0.0919    0.6469   -0.7570
...    71 T-A ...
  -98.0594  -22.9246  -66.4466
   -0.7580    0.5387    0.3677
    0.6446    0.5327    0.5485
    0.0996    0.6528   -0.7510
...    72 C-G ...
  -97.8507  -20.8228  -68.9275
   -0.2647    0.7121    0.6502
    0.9599    0.1299    0.2485
    0.0925    0.6899   -0.7179
...    73 C-G ...
  -97.9601  -18.4225  -71.2911
    0.2518    0.5933    0.7646
    0.9608   -0.2479   -0.1240
    0.1160    0.7658   -0.6325
...    74 G-C ...
  -97.2884  -15.8623  -73.2712
    0.6862    0.2486    0.6836
    0.6975   -0.4915   -0.5214
    0.2064    0.8346   -0.5107
...    75 C-G ...
  -96.7502  -12.8706  -74.4859
    0.9311   -0.1023    0.3502
    0.2481   -0.5263   -0.8133
    0.2675    0.8441   -0.4647
...    76 T-A ...
  -95.7112   -9.9592  -75.5918
    0.9064   -0.4176   -0.0627
   -0.2312   -0.3666   -0.9012
    0.3534    0.8314   -0.4288
...    77 T-A ...
  -94.4067   -7.2065  -76.6878
    0.6308   -0.5568   -0.5404
   -0.6813   -0.0641   -0.7292
    0.3713    0.8282   -0.4198
...    78 T-A ...
  -92.9303   -4.5531  -77.8293
    0.1557   -0.4901   -0.8576
   -0.9118    0.2627   -0.3157
    0.3801    0.8311   -0.4060
...    79 A-T ...
  -91.8098   -1.7598  -79.2192
   -0.4066   -0.2566   -0.8768
   -0.8269    0.5115    0.2338
    0.3885    0.8201   -0.4202
...    80 A-T ...
  -90.3138    0.7030  -80.7257
   -0.7869    0.0952   -0.6097
   -0.4642    0.5597    0.6865
    0.4066    0.8232   -0.3962
...    81 C-G ...
  -88.8837    3.0700  -82.5438
   -0.9200    0.3523   -0.1715
   -0.0022    0.4332    0.9013
    0.3918    0.8296   -0.3978
...    82 A-T ...
  -87.6027    5.8729  -83.7280
   -0.8062    0.4486    0.3858
    0.5044    0.1804    0.8444
    0.3092    0.8754   -0.3717
...    83 C-G ...
  -87.0835    8.6948  -85.3330
   -0.4582    0.4449    0.7695
    0.8391   -0.0691    0.5396
    0.2933    0.8929   -0.3416
...    84 T-A ...
  -86.5110   11.7431  -86.4213
   -0.0087    0.2764    0.9610
    0.9587   -0.2708    0.0866
    0.2842    0.9221   -0.2626
...    85 T-A ...
  -85.8606   14.8130  -87.1814
    0.4933    0.0510    0.8684
    0.8158   -0.3734   -0.4416
    0.3018    0.9263   -0.2258
...    86 T-A ...
  -85.0557   17.8982  -87.6770
    0.8386   -0.1963    0.5082
    0.4306   -0.3325   -0.8390
    0.3337    0.9224   -0.1943
...    87 A-T ...
  -83.7956   20.9720  -87.7870
    0.8762   -0.4800    0.0442
   -0.0264   -0.1394   -0.9899
    0.4813    0.8661   -0.1348
...    88 T-A ...
  -82.0628   23.7397  -87.5358
    0.7449   -0.5016   -0.4399
   -0.4412    0.1244   -0.8888
    0.5005    0.8561   -0.1287
...    89 G-C ...
  -80.2685   26.4338  -88.2066
    0.3335   -0.4346   -0.8366
   -0.7468    0.4199   -0.5157
    0.5754    0.7968   -0.1846
...    90 C-G ...
  -78.0053   28.7503  -88.8222
   -0.1315   -0.1683   -0.9769
   -0.7924    0.6100    0.0015
    0.5957    0.7743   -0.2136
...    91 T-A ...
  -75.8199   31.0486  -89.7355
   -0.5361    0.1444   -0.8317
   -0.5983    0.6300    0.4951
    0.5955    0.7630   -0.2513
...    92 T-A ...
  -73.6895   33.2968  -90.7385
   -0.7564    0.5019   -0.4195
   -0.2026    0.4299    0.8798
    0.6219    0.7505   -0.2235
...    93 C-G ...
  -71.6627   35.7194  -91.5912
   -0.7473    0.6431    0.1672
    0.2627    0.0548    0.9633
    0.6103    0.7638   -0.2099
...    94 C-G ...
  -69.7918   38.3346  -92.6119
   -0.5561    0.5052    0.6599
    0.6073   -0.2949    0.7377
    0.5673    0.8110   -0.1429
...    95 G-C ...
  -67.7302   40.9059  -92.8603
   -0.2388    0.1530    0.9589
    0.8072   -0.5177    0.2836
    0.5399    0.8417    0.0001
...    96 G-C ...
  -66.3053   43.9532  -92.7491
    0.1367   -0.2321    0.9630
    0.8256   -0.5106   -0.2403
    0.5475    0.8279    0.1218
...    97 C-G ...
  -64.8916   46.8026  -92.0092
    0.4964   -0.5257    0.6908
    0.6495   -0.3030   -0.6974
    0.5760    0.7948    0.1910
...    98 T-A ...
  -63.1243   49.3407  -90.9336
    0.6940   -0.6784    0.2411
    0.3513    0.0268   -0.9359
    0.6285    0.7342    0.2570
...    99 C-G ...
  -60.9611   51.5337  -89.9334
    0.7388   -0.5857   -0.3334
   -0.0667    0.4287   -0.9010
    0.6706    0.6879    0.2777
...   100 T-A ...
  -58.5602   53.4546  -88.7819
    0.5670   -0.3309   -0.7544
   -0.3904    0.6985   -0.5998
    0.7254    0.6345    0.2668
...   101 C-G ...
  -56.0362   55.3631  -88.0004
    0.2346    0.1184   -0.9649
   -0.6214    0.7815   -0.0552
    0.7475    0.6125    0.2569
...   102 A-T ...
  -53.6984   57.5383  -87.2035
   -0.1937    0.4976   -0.8455
   -0.6222    0.6040    0.4980
    0.7585    0.6226    0.1926
...   103 T-A ...
  -50.8478   59.2121  -87.0506
   -0.4598    0.7478   -0.4789
   -0.4493    0.2693    0.8518
    0.7660    0.6068    0.2122
...   104 G-C ...
  -48.4641   61.3253  -86.2125
   -0.6886    0.7232    0.0529
   -0.1230   -0.1883    0.9744
    0.7147    0.6644    0.2186
...   105 T-A ...
  -46.1886   63.7202  -86.0677
   -0.6790    0.5100    0.5280
    0.2273   -0.5378    0.8118
    0.6980    0.6713    0.2493
...   106 T-A ...
  -44.0464   66.0657  -85.4545
   -0.4668    0.1201    0.8762
    0.5476   -0.7388    0.3929
    0.6945    0.6632    0.2791
...   107 A-T ...
  -42.1930   68.6229  -84.3768
   -0.2661   -0.3784    0.8866
    0.7238   -0.6858   -0.0755
    0.6366    0.6216    0.4564
...   108 T-A ...
  -40.6953   70.9590  -82.6737
    0.0823   -0.6862    0.7227
    0.7679   -0.4186   -0.4849
    0.6352    0.5949    0.4925
...   109 A-T ...
  -39.0191   72.7809  -80.4205
    0.2965   -0.9101    0.2895
    0.6791   -0.0122   -0.7339
    0.6715    0.4142    0.6145
...   110 A-T ...
  -36.9997   73.9334  -78.1857
    0.5874   -0.7911   -0.1710
    0.4374    0.4880   -0.7553
    0.6809    0.3689    0.6327
...   111 C-G ...
  -34.9375   74.5887  -75.7135
    0.7046   -0.4546   -0.5448
    0.1133    0.8300   -0.5461
    0.7005    0.3231    0.6363
...   112 G-C ...
  -32.4048   75.8341  -73.9865
    0.5980    0.0409   -0.8004
   -0.2245    0.9673   -0.1183
    0.7694    0.2504    0.5876
...   113 G-C ...
  -29.5928   76.3803  -72.2195
    0.3534    0.5375   -0.7656
   -0.4767    0.8077    0.3470
    0.8049    0.2424    0.5416
...   114 A-T ...
  -26.8850   77.0554  -70.4985
    0.0165    0.9091   -0.4163
   -0.5963    0.3431    0.7257
    0.8026    0.2363    0.5478
...   115 G-C ...
  -24.0616   77.7981  -68.9527
   -0.3172    0.9484   -0.0018
   -0.5353   -0.1775    0.8258
    0.7828    0.2629    0.5640
...   116 T-A ...
  -21.2410   78.9011  -67.5981
   -0.5628    0.7213    0.4037
   -0.3187   -0.6400    0.6992
    0.7627    0.2649    0.5901
...   117 A-T ...
  -18.7601   79.9747  -65.6900
   -0.7279    0.2374    0.6433
    0.0262   -0.9278    0.3720
    0.6852    0.2876    0.6691
...   118 T-A ...
  -16.7423   81.5315  -63.6511
   -0.6513   -0.2480    0.7172
    0.3679   -0.9298    0.0127
    0.6637    0.2722    0.6967
...   119 A-T ...
  -15.1363   82.8682  -61.0154
   -0.5486   -0.6992    0.4584
    0.6527   -0.7008   -0.2878
    0.5225    0.1413    0.8409
...   120 A-T ...
  -13.7417   83.3396  -58.1581
   -0.1618   -0.9703    0.1799
    0.8567   -0.2286   -0.4623
    0.4897    0.0793    0.8683
...   121 T-A ...
  -12.7959   83.5152  -55.0488
    0.2462   -0.9644   -0.0966
    0.8413    0.2621   -0.4727
    0.4812    0.0351    0.8759
...   122 G-C ...
  -11.0730   83.2457  -52.2323
    0.5923   -0.6757   -0.4389
    0.6196    0.7302   -0.2878
    0.5150   -0.1015    0.8512
...   123 T-A ...
   -9.6664   82.3035  -49.4112
    0.8138   -0.2151   -0.5399
    0.2547    0.9670   -0.0012
    0.5224   -0.1366    0.8417
...   124 G-C ...
   -7.7361   82.0618  -46.7559
    0.7898    0.3716   -0.4880
   -0.2194    0.9141    0.3411
    0.5728   -0.1624    0.8035
...   125 T-A ...
   -5.6110   81.0193  -44.4069
    0.5710    0.7867   -0.2345
   -0.5928    0.5927    0.5452
    0.5680   -0.1723    0.8048
...   126 C-G ...
   -3.6567   80.3941  -41.8475
    0.1238    0.9834    0.1327
   -0.8219    0.0267    0.5690
    0.5560   -0.1795    0.8116
...   127 G-C ...
   -2.2281   79.5996  -38.9725
   -0.3902    0.8537    0.3447
   -0.7749   -0.5067    0.3778
    0.4972   -0.1197    0.8593
...   128 A-T ...
   -0.4851   79.1858  -36.2628
   -0.7821    0.4286    0.4524
   -0.4361   -0.8950    0.0940
    0.4452   -0.1238    0.8869
...   129 C-G ...
    1.0201   79.3922  -33.3803
   -0.9216   -0.0588    0.3837
    0.0016   -0.9891   -0.1475
    0.3882   -0.1354    0.9116
...   130 C-G ...
    2.1226   79.3549  -30.2011
   -0.8470   -0.5173    0.1228
    0.4621   -0.8305   -0.3110
    0.2628   -0.2066    0.9425
...   131 A-T ...
    2.6623   78.6678  -26.9759
   -0.5359   -0.8142   -0.2234
    0.8362   -0.4753   -0.2736
    0.1166   -0.3334    0.9356
...   132 A-T ...
    2.6902   77.5376  -23.9648
   -0.0223   -0.9206   -0.3898
    0.9967    0.0097   -0.0800
    0.0774   -0.3903    0.9174
...   133 A-T ...
    2.6273   76.0930  -21.0792
    0.5125   -0.7617   -0.3964
    0.8567    0.4853    0.1750
    0.0590   -0.4293    0.9012
...   134 T-A ...
    2.3076   74.2307  -18.3903
    0.8657   -0.4293   -0.2574
    0.4984    0.7868    0.3641
    0.0462   -0.4435    0.8951
...   135 G-C ...
    1.4354   72.0970  -15.6051
    0.9809    0.0621    0.1843
   -0.1263    0.9241    0.3607
   -0.1479   -0.3771    0.9143
...   136 T-A ...
    0.5280   69.2393  -13.4689
    0.7351    0.4963    0.4618
   -0.6117    0.7792    0.1365
   -0.2921   -0.3828    0.8764
...   137 G-C ...
   -0.1658   67.4106  -10.8095
    0.1800    0.8794    0.4408
   -0.9276    0.3008   -0.2214
   -0.3274   -0.3691    0.8698
...   138 A-T ...
   -0.1321   66.2180   -7.8217
   -0.3749    0.8570    0.3536
   -0.8857   -0.2184   -0.4098
   -0.2739   -0.4668    0.8409
...   139 G-C ...
   -1.0068   65.6075   -4.9425
   -0.8336    0.5218    0.1811
   -0.5170   -0.6220   -0.5881
   -0.1942   -0.5839    0.7883
...   140 C-G ...
   -0.6974   63.9003   -2.2529
   -0.9992    0.0157   -0.0376
    0.0023   -0.8993   -0.4374
   -0.0406   -0.4371    0.8985
...   141 G-C ...
   -3.4382   60.2385    1.0283
   -0.4425    0.2285   -0.8672
    0.1683   -0.9287   -0.3306
   -0.8808   -0.2922    0.3725
...   142 C-G ...
   -6.3288   59.0834    1.6293
   -0.2970   -0.3280   -0.8968
    0.5656   -0.8171    0.1115
   -0.7693   -0.4741    0.4282
...   143 T-A ...
   -8.6768   58.7243    3.6023
   -0.0347   -0.7817   -0.6227
    0.6533   -0.4893    0.5778
   -0.7563   -0.3868    0.5276
...   144 C-G ...
  -11.6544   58.0114    4.7192
    0.2451   -0.9542   -0.1716
    0.6322    0.0231    0.7745
   -0.7350   -0.2983    0.6089
...   145 A-T ...
  -14.1759   56.5669    6.1806
    0.5795   -0.7268    0.3687
    0.3139    0.6165    0.7220
   -0.7521   -0.3027    0.5855
...   146 C-G ...
  -16.4650   53.8949    7.5152
    0.5336   -0.3331    0.7774
   -0.0346    0.9098    0.4136
   -0.8450   -0.2476    0.4739
...   147 A-T ...
  -19.0172   52.0374    8.9260
    0.2452    0.2907    0.9249
   -0.3073    0.9281   -0.2103
   -0.9195   -0.2327    0.3169
