  147 base-pairs
...     1 A-T ...
    0.0000    0.0000    0.0000
    1.0000    0.0000    0.0000
    0.0000    1.0000    0.0000
    0.0000    0.0000    1.0000
...     2 G-C ...
   -0.1404   -1.2353    3.2259
    0.7530    0.6366    0.1668
   -0.6385    0.7681   -0.0490
   -0.1593   -0.0696    0.9848
...     3 T-A ...
   -0.0377   -3.2918    6.3749
    0.2722    0.9302    0.2464
   -0.9238    0.3243   -0.2034
   -0.2691   -0.1722    0.9476
...     4 G-C ...
   -0.3520   -4.1638    9.4928
   -0.3756    0.9250    0.0576
   -0.8780   -0.3352   -0.3416
   -0.2967   -0.1788    0.9381
...     5 A-T ...
   -0.4480   -4.1448   12.7498
   -0.8116    0.5839   -0.0166
   -0.5522   -0.7762   -0.3042
   -0.1905   -0.2377    0.9525
...     6 G-C ...
   -1.5926   -4.1701   15.6201
   -0.9976    0.0246   -0.0651
   -0.0043   -0.9555   -0.2950
   -0.0694   -0.2940    0.9533
...     7 C-G ...
   -1.1050   -4.4793   18.7363
   -0.8442   -0.5302   -0.0787
    0.5343   -0.8442   -0.0430
   -0.0437   -0.0784    0.9960
...     8 G-C ...
   -2.4044   -7.7255   23.1483
   -0.2753   -0.3294   -0.9032
    0.6650   -0.7437    0.0686
   -0.6943   -0.5817    0.4238
...     9 C-G ...
   -4.4706   -9.9691   24.1142
    0.1145   -0.7026   -0.7023
    0.8512   -0.2951    0.4341
   -0.5123   -0.6475    0.5642
...    10 T-A ...
   -6.7420  -10.8705   25.9717
    0.4841   -0.8363   -0.2573
    0.6594    0.1554    0.7356
   -0.5752   -0.5257    0.6267
...    11 C-G ...
   -9.1682  -12.6167   27.1662
    0.7073   -0.6683    0.2306
    0.3450    0.6110    0.7125
   -0.6170   -0.4243    0.6627
...    12 A-T ...
  -10.9253  -14.6583   29.0713
    0.7515   -0.1377    0.6452
   -0.2027    0.8824    0.4245
   -0.6278   -0.4498    0.6352
...    13 C-G ...
  -11.8495  -17.4796   31.2472
    0.4294    0.2824    0.8578
   -0.5708    0.8209    0.0155
   -0.6998   -0.4963    0.5137
...    14 A-T ...
  -13.5915  -19.7756   33.4284
   -0.1503    0.6106    0.7775
   -0.6874    0.5007   -0.5261
   -0.7106   -0.6135    0.3445
...    15 A-T ...
  -15.7492  -21.9037   34.5537
   -0.4973    0.7927    0.3525
   -0.4667    0.0980   -0.8790
   -0.7314   -0.6016    0.3212
...    16 T-A ...
  -17.8786  -23.8625   36.3179
   -0.6945    0.7042   -0.1474
   -0.1203   -0.3157   -0.9412
   -0.7093   -0.6360    0.3039
...    17 T-A ...
  -20.1996  -25.7699   37.6741
   -0.6536    0.3775   -0.6560
    0.3169   -0.6506   -0.6901
   -0.6873   -0.6589    0.3056
...    18 T-A ...
  -22.5247  -27.7161   38.6814
   -0.3334    0.0323   -0.9422
    0.6060   -0.7583   -0.2404
   -0.7223   -0.6511    0.2332
...    19 A-T ...
  -24.9952  -29.6956   39.0551
    0.1167   -0.1372   -0.9837
    0.6638   -0.7259    0.1800
   -0.7387   -0.6740    0.0064
...    20 T-A ...
  -27.8229  -31.3461   38.7440
    0.4440   -0.4465   -0.7768
    0.5165   -0.5809    0.6291
   -0.7322   -0.6806   -0.0273
...    21 T-A ...
  -30.3359  -33.4203   38.3347
    0.6756   -0.6609   -0.3268
    0.1850   -0.2771    0.9429
   -0.7137   -0.6975   -0.0650
...    22 C-G ...
  -32.5616  -35.7734   37.9694
    0.6911   -0.6764    0.2548
   -0.2431    0.1145    0.9632
   -0.6807   -0.7276   -0.0853
...    23 G-C ...
  -34.6247  -38.3852   38.4228
    0.5166   -0.4200    0.7461
   -0.6380    0.3923    0.6626
   -0.5710   -0.8183   -0.0653
...    24 C-G ...
  -36.1675  -41.2351   38.0748
    0.1390   -0.1160    0.9835
   -0.8169    0.5480    0.1800
   -0.5599   -0.8284   -0.0186
...    25 A-T ...
  -38.3897  -43.6547   37.9161
   -0.3337    0.2290    0.9144
   -0.7509    0.5219   -0.4047
   -0.5699   -0.8217   -0.0023
...    26 A-T ...
  -40.0913  -46.4639   38.0945
   -0.7117    0.4535    0.5364
   -0.4297    0.3231   -0.8432
   -0.5557   -0.8306   -0.0351
...    27 A-T ...
  -41.7276  -49.2736   38.3050
   -0.8459    0.5319   -0.0395
    0.0728    0.0418   -0.9965
   -0.5284   -0.8458   -0.0741
...    28 G-C ...
  -43.7366  -51.9572   38.4994
   -0.6483    0.5367   -0.5401
    0.4919   -0.2462   -0.8351
   -0.5811   -0.8071   -0.1044
...    29 G-C ...
  -46.1126  -54.4542   38.3068
   -0.2144    0.4311   -0.8765
    0.7598   -0.4903   -0.4270
   -0.6138   -0.7575   -0.2225
...    30 C-G ...
  -48.5518  -56.5010   37.5876
    0.2656    0.1936   -0.9444
    0.7505   -0.6564    0.0765
   -0.6051   -0.7291   -0.3197
...    31 C-G ...
  -50.7986  -58.6122   36.3867
    0.6876   -0.0889   -0.7206
    0.4789   -0.6905    0.5421
   -0.5458   -0.7178   -0.4323
...    32 G-C ...
  -52.0480  -60.9062   34.8664
    0.8983   -0.3061   -0.3152
    0.0568   -0.6305    0.7741
   -0.4358   -0.7132   -0.5490
...    33 G-C ...
  -52.7605  -63.3170   32.6037
    0.8159   -0.5535    0.1671
   -0.4587   -0.4438    0.7698
   -0.3519   -0.7048   -0.6160
...    34 C-G ...
  -53.3562  -65.6803   30.4252
    0.4494   -0.6914    0.5656
   -0.8420   -0.1164    0.5267
   -0.2983   -0.7130   -0.6345
...    35 C-G ...
  -53.9607  -68.3286   28.3819
   -0.0991   -0.6510    0.7526
   -0.9625    0.2546    0.0935
   -0.2525   -0.7151   -0.6518
...    36 C-G ...
  -54.5824  -70.8846   26.3084
   -0.5964   -0.4034    0.6939
   -0.7645    0.5489   -0.3380
   -0.2445   -0.7321   -0.6357
...    37 G-C ...
  -55.8351  -72.5307   23.5027
   -0.9069    0.0074    0.4213
   -0.2927    0.7084   -0.6423
   -0.3032   -0.7058   -0.6402
...    38 A-T ...
  -56.5149  -74.7619   21.4275
   -0.9085    0.4179   -0.0066
    0.2892    0.6172   -0.7317
   -0.3018   -0.6666   -0.6816
...    39 C-G ...
  -57.9011  -76.9468   19.5544
   -0.6230    0.7133   -0.3212
    0.7059    0.3357   -0.6237
   -0.3370   -0.6153   -0.7126
...    40 A-T ...
  -59.2222  -78.8991   17.2557
   -0.1153    0.8660   -0.4865
    0.9216   -0.0895   -0.3777
   -0.3707   -0.4919   -0.7878
...    41 C-G ...
  -60.8325  -79.9978   14.6879
    0.3765    0.7632   -0.5251
    0.8587   -0.5002   -0.1113
   -0.3477   -0.4090   -0.8437
...    42 G-C ...
  -61.5245  -81.4299   11.7682
    0.8195    0.4190   -0.3909
    0.4978   -0.8584    0.1236
   -0.2837   -0.2959   -0.9121
...    43 A-T ...
  -62.4065  -82.2658    8.8531
    0.9608   -0.1405   -0.2390
   -0.0611   -0.9481    0.3119
   -0.2704   -0.2851   -0.9196
...    44 C-G ...
  -63.0737  -82.4940    5.6230
    0.8085   -0.5885   -0.0005
   -0.5507   -0.7568    0.3521
   -0.2076   -0.2844   -0.9359
...    45 T-A ...
  -63.0560  -83.1340    2.0289
    0.3852   -0.9055    0.1778
   -0.9032   -0.3305    0.2737
   -0.1891   -0.2661   -0.9452
...    46 T-A ...
  -63.1276  -83.6621   -1.2307
   -0.0998   -0.9662    0.2377
   -0.9774    0.1399    0.1582
   -0.1861   -0.2165   -0.9584
...    47 A-T ...
  -63.9343  -84.2187   -4.4163
   -0.6668   -0.6912    0.2788
   -0.7215    0.6924   -0.0091
   -0.1868   -0.2072   -0.9603
...    48 C-G ...
  -64.1750  -85.4447   -7.5115
   -0.9432   -0.2319    0.2379
   -0.2699    0.9524   -0.1415
   -0.1938   -0.1977   -0.9609
...    49 T-A ...
  -64.9241  -86.5530  -10.5873
   -0.9296    0.3062    0.2052
    0.2525    0.9346   -0.2505
   -0.2685   -0.1810   -0.9461
...    50 G-C ...
  -66.1002  -86.9737  -13.7084
   -0.6072    0.7747    0.1766
    0.7115    0.6290   -0.3132
   -0.3537   -0.0645   -0.9331
...    51 T-A ...
  -67.7193  -87.3684  -16.4298
   -0.1920    0.9761    0.1013
    0.9080    0.2159   -0.3590
   -0.3723    0.0231   -0.9278
...    52 A-T ...
  -70.0078  -86.6321  -18.9190
    0.3212    0.9262    0.1973
    0.8820   -0.2167   -0.4185
   -0.3448    0.3084   -0.8865
...    53 G-C ...
  -71.4304  -85.2341  -21.6420
    0.7352    0.6739    0.0732
    0.6114   -0.6127   -0.5007
   -0.2926    0.4129   -0.8625
...    54 T-A ...
  -72.4779  -83.2078  -24.0107
    0.9597    0.2498   -0.1290
    0.1567   -0.8563   -0.4921
   -0.2334    0.4520   -0.8609
...    55 C-G ...
  -72.8817  -81.5447  -26.6951
    0.9063   -0.2681   -0.3268
   -0.3888   -0.8322   -0.3953
   -0.1660    0.4853   -0.8584
...    56 A-T ...
  -73.0523  -79.3020  -29.2969
    0.6095   -0.6880   -0.3939
   -0.7925   -0.5410   -0.2814
   -0.0195    0.4837   -0.8750
...    57 T-A ...
  -72.6263  -77.5727  -32.0092
    0.1524   -0.8712   -0.4666
   -0.9883   -0.1381   -0.0648
   -0.0080    0.4710   -0.8821
...    58 G-C ...
  -72.3366  -76.0146  -35.0099
   -0.4330   -0.8123   -0.3907
   -0.9008    0.3739    0.2210
   -0.0335    0.4476   -0.8936
...    59 T-A ...
  -71.9174  -74.8598  -38.1181
   -0.8352   -0.5029   -0.2226
   -0.5483    0.7301    0.4078
   -0.0425    0.4626   -0.8855
...    60 T-A ...
  -72.0397  -73.5805  -41.0136
   -0.9977   -0.0496    0.0458
   -0.0223    0.8826    0.4697
   -0.0637    0.4676   -0.8817
...    61 A-T ...
  -72.3635  -71.8565  -43.7843
   -0.8538    0.3640    0.3722
    0.4986    0.7776    0.3832
   -0.1499    0.5128   -0.8453
...    62 T-A ...
  -73.3503  -70.7126  -46.6188
   -0.5141    0.6849    0.5163
    0.8453    0.5065    0.1698
   -0.1452    0.5237   -0.8394
...    63 A-T ...
  -73.9268  -68.8342  -49.2015
   -0.0169    0.7569    0.6533
    0.9811    0.1386   -0.1353
   -0.1929    0.6386   -0.7450
...    64 A-T ...
  -74.7358  -66.7443  -51.3906
    0.4915    0.6744    0.5510
    0.8530   -0.2452   -0.4607
   -0.1756    0.6964   -0.6958
...    65 C-G ...
  -75.7962  -64.0053  -53.1286
    0.8661    0.4279    0.2583
    0.4758   -0.5475   -0.6884
   -0.1531    0.7191   -0.6778
...    66 G-C ...
  -75.7471  -61.7194  -55.4378
    0.9992   -0.0240   -0.0304
   -0.0388   -0.6302   -0.7755
   -0.0006    0.7761   -0.6306
...    67 G-C ...
  -75.1829  -59.1156  -57.3633
    0.8403   -0.4122   -0.3522
   -0.5289   -0.4802   -0.6998
    0.1194    0.7743   -0.6215
...    68 A-T ...
  -74.5160  -56.6093  -59.3232
    0.3959   -0.6115   -0.6851
   -0.9067   -0.1422   -0.3970
    0.1453    0.7784   -0.6108
...    69 G-C ...
  -73.4356  -54.1928  -61.4071
   -0.1486   -0.6486   -0.7465
   -0.9760    0.2176    0.0053
    0.1590    0.7294   -0.6654
...    70 T-A ...
  -72.2851  -52.0169  -63.6749
   -0.6346   -0.4513   -0.6274
   -0.7595    0.5145    0.3981
    0.1432    0.7291   -0.6692
...    71 A-T ...
  -71.5657  -49.9316  -66.2774
   -0.9568   -0.1292   -0.2607
   -0.2760    0.6865    0.6727
    0.0921    0.7155   -0.6925
...    72 T-A ...
  -71.2369  -48.1348  -69.0121
   -0.9720    0.2140    0.0973
    0.2167    0.6556    0.7233
    0.0910    0.7242   -0.6836
...    73 C-G ...
  -71.2319  -45.8326  -71.5030
   -0.6565    0.5414    0.5252
    0.7501    0.3952    0.5303
    0.0795    0.7421   -0.6656
...    74 T-A ...
  -71.3664  -43.3403  -73.6620
   -0.2051    0.5977    0.7751
    0.9776    0.0865    0.1919
    0.0476    0.7971   -0.6020
...    75 C-G ...
  -71.2767  -40.5556  -75.3867
    0.3502    0.4924    0.7968
    0.9363   -0.2091   -0.2823
    0.0276    0.8449   -0.5342
...    76 G-C ...
  -70.7453  -37.7475  -76.9494
    0.7197    0.1535    0.6772
    0.6808   -0.3476   -0.6448
    0.1364    0.9250   -0.3546
...    77 A-T ...
  -70.2900  -34.6319  -77.9985
    0.9657   -0.1150    0.2326
    0.1790   -0.3537   -0.9181
    0.1878    0.9283   -0.3210
...    78 G-C ...
  -69.5050  -31.4898  -78.6903
    0.9164   -0.3185   -0.2426
   -0.3207   -0.2210   -0.9210
    0.2397    0.9218   -0.3047
...    79 C-G ...
  -68.3277  -28.3625  -79.3532
    0.5629   -0.4175   -0.7133
   -0.7791    0.0201   -0.6266
    0.2759    0.9085   -0.3140
...    80 T-A ...
  -67.1792  -25.4110  -80.2351
    0.0812   -0.3626   -0.9284
   -0.9517    0.2485   -0.1803
    0.2961    0.8982   -0.3250
...    81 C-G ...
  -66.3331  -22.4794  -81.4399
   -0.4810   -0.1754   -0.8590
   -0.8218    0.4315    0.3721
    0.3054    0.8849   -0.3517
...    82 G-C ...
  -66.0165  -19.2239  -82.2457
   -0.8653    0.0328   -0.5002
   -0.4277    0.4720    0.7709
    0.2614    0.8810   -0.3944
...    83 G-C ...
  -65.0887  -16.3681  -83.6587
   -0.9762    0.2168    0.0103
    0.0884    0.3537    0.9312
    0.1982    0.9099   -0.3644
...    84 G-C ...
  -64.6133  -13.3968  -85.1210
   -0.8044    0.2648    0.5319
    0.5861    0.2068    0.7834
    0.0975    0.9419   -0.3215
...    85 A-T ...
  -64.4982  -10.3307  -86.3187
   -0.3293    0.2962    0.8966
    0.9409    0.0234    0.3379
    0.0791    0.9549   -0.2864
...    86 T-A ...
  -64.8903   -7.1920  -87.2461
    0.1844    0.2332    0.9548
    0.9797   -0.1215   -0.1595
    0.0788    0.9648   -0.2508
...    87 C-G ...
  -64.7991   -3.9628  -87.8414
    0.7040    0.0783    0.7059
    0.7030   -0.2179   -0.6770
    0.1008    0.9728   -0.2085
...    88 C-G ...
  -64.5950   -0.7275  -88.3275
    0.9405   -0.1628    0.2982
    0.2622   -0.2105   -0.9418
    0.2161    0.9639   -0.1553
...    89 G-C ...
  -63.6351    2.2915  -89.1901
    0.8987   -0.3836   -0.2127
   -0.2474   -0.0430   -0.9680
    0.3622    0.9225   -0.1335
...    90 C-G ...
  -62.0175    5.3487  -89.2204
    0.5950   -0.3561   -0.7205
   -0.7035    0.2028   -0.6812
    0.3886    0.9122   -0.1299
...    91 T-A ...
  -60.1026    8.1860  -89.7255
    0.1034   -0.1851   -0.9773
   -0.8910    0.4194   -0.1737
    0.4420    0.8888   -0.1215
...    92 T-A ...
  -58.2979   10.8668  -90.1397
   -0.4047    0.1319   -0.9049
   -0.7919    0.4442    0.4189
    0.4572    0.8861   -0.0753
...    93 T-A ...
  -56.5477   13.5867  -90.5378
   -0.7651    0.3865   -0.5150
   -0.4348    0.2800    0.8559
    0.4750    0.8788   -0.0462
...    94 A-T ...
  -55.0207   16.4828  -90.2019
   -0.8691    0.4900    0.0677
    0.0719   -0.0102    0.9974
    0.4894    0.8717   -0.0264
...    95 A-T ...
  -53.5554   19.2845  -90.4348
   -0.7154    0.3818    0.5851
    0.5112   -0.2849    0.8109
    0.4763    0.8792    0.0086
...    96 C-G ...
  -52.5003   22.4258  -90.7862
   -0.3795    0.1508    0.9128
    0.7990   -0.4441    0.4055
    0.4666    0.8832    0.0481
...    97 A-T ...
  -51.1599   25.4455  -90.5049
    0.0444   -0.2207    0.9743
    0.8892   -0.4358   -0.1392
    0.4554    0.8726    0.1769
...    98 C-G ...
  -50.1953   28.4761  -89.4936
    0.4595   -0.4504    0.7655
    0.7567   -0.2527   -0.6030
    0.4650    0.8563    0.2247
...    99 T-A ...
  -48.8288   31.4457  -88.0043
    0.7630   -0.5753    0.2945
    0.3956    0.0553   -0.9168
    0.5111    0.8160    0.2698
...   100 T-A ...
  -47.2190   33.9629  -86.7194
    0.8579   -0.4357   -0.2723
   -0.0983    0.3810   -0.9193
    0.5043    0.8155    0.2841
...   101 T-A ...
  -45.5116   36.4493  -85.5441
    0.6619   -0.1475   -0.7349
   -0.5534    0.5652   -0.6118
    0.5056    0.8117    0.2925
...   102 A-T ...
  -43.9760   39.3237  -84.7160
    0.2056    0.2043   -0.9571
   -0.8311    0.5528   -0.0606
    0.5167    0.8079    0.2835
...   103 T-A ...
  -41.6808   41.5321  -83.9383
   -0.2109    0.4253   -0.8801
   -0.8266    0.4030    0.3928
    0.5217    0.8104    0.2666
...   104 G-C ...
  -39.8497   44.2345  -83.3513
   -0.7116    0.5082   -0.4851
   -0.5144    0.0933    0.8525
    0.4785    0.8562    0.1950
...   105 C-G ...
  -38.4279   47.1739  -83.1362
   -0.8964    0.4413    0.0404
   -0.0614   -0.2140    0.9749
    0.4389    0.8715    0.2189
...   106 T-A ...
  -37.1044   50.3133  -82.7972
   -0.7978    0.2174    0.5623
    0.4472   -0.4121    0.7938
    0.4043    0.8848    0.2316
...   107 T-A ...
  -35.9676   53.2341  -82.1773
   -0.4545   -0.0921    0.8860
    0.8063   -0.4653    0.3652
    0.3787    0.8803    0.2857
...   108 C-G ...
  -35.0125   56.1792  -81.1254
    0.0141   -0.4144    0.9100
    0.9287   -0.3317   -0.1655
    0.3704    0.8475    0.3801
...   109 C-G ...
  -34.0032   59.0725  -79.9535
    0.4059   -0.6501    0.6423
    0.8019   -0.0838   -0.5915
    0.4384    0.7552    0.4874
...   110 G-C ...
  -32.4215   61.1792  -78.4435
    0.6698   -0.7139    0.2042
    0.5376    0.2765   -0.7966
    0.5123    0.6433    0.5690
...   111 G-C ...
  -30.4131   62.7301  -76.2634
    0.8107   -0.5072   -0.2926
    0.1438    0.6568   -0.7402
    0.5676    0.5580    0.6054
...   112 C-G ...
  -28.2185   63.9442  -74.0268
    0.7435   -0.0935   -0.6621
   -0.2891    0.8479   -0.4444
    0.6030    0.5218    0.6034
...   113 T-A ...
  -26.1222   65.4167  -71.9886
    0.4854    0.3581   -0.7976
   -0.6077    0.7940   -0.0133
    0.6285    0.4912    0.6031
...   114 C-G ...
  -24.1519   67.2848  -70.1890
    0.0443    0.7528   -0.6568
   -0.7487    0.4603    0.4771
    0.6614    0.4706    0.5840
...   115 G-C ...
  -22.3575   68.9358  -67.9983
   -0.4078    0.8701   -0.2769
   -0.6435   -0.0587    0.7632
    0.6477    0.4894    0.5839
...   116 T-A ...
  -20.1296   70.8921  -66.5473
   -0.7028    0.6964    0.1451
   -0.3427   -0.5101    0.7889
    0.6234    0.5047    0.5972
...   117 A-T ...
  -18.0063   73.0165  -64.8993
   -0.8192    0.2548    0.5139
    0.1042   -0.8148    0.5703
    0.5640    0.5207    0.6409
...   118 T-A ...
  -16.4492   75.2529  -63.1753
   -0.6733   -0.1735    0.7187
    0.4718   -0.8493    0.2370
    0.5693    0.4987    0.6536
...   119 A-T ...
  -14.7693   76.8458  -60.8962
   -0.4524   -0.6409    0.6201
    0.7536   -0.6466   -0.1185
    0.4769    0.4137    0.7755
...   120 A-T ...
  -13.5299   78.1805  -58.2316
   -0.0326   -0.9287    0.3695
    0.8907   -0.1947   -0.4108
    0.4534    0.3157    0.8335
...   121 T-A ...
  -12.6246   79.1255  -55.2064
    0.3924   -0.9158    0.0853
    0.8020    0.2952   -0.5192
    0.4503    0.2722    0.8504
...   122 G-C ...
  -11.1404   79.5792  -52.1339
    0.6996   -0.6349   -0.3279
    0.4933    0.7611   -0.4212
    0.5169    0.1329    0.8456
...   123 T-A ...
   -9.4587   79.3467  -49.3863
    0.8439   -0.2010   -0.4974
    0.1312    0.9764   -0.1718
    0.5202    0.0797    0.8503
...   124 G-C ...
   -7.5680   79.4515  -46.7035
    0.7527    0.3836   -0.5351
   -0.3340    0.9228    0.1919
    0.5674    0.0343    0.8227
...   125 T-A ...
   -5.4987   79.0540  -44.2245
    0.4735    0.8016   -0.3651
   -0.6621    0.5973    0.4526
    0.5808    0.0274    0.8136
...   126 C-G ...
   -3.5846   79.1644  -41.7185
    0.0165    0.9998   -0.0111
   -0.8088    0.0199    0.5878
    0.5879   -0.0007    0.8090
...   127 G-C ...
   -2.2499   78.9912  -38.7826
   -0.4327    0.8658    0.2514
   -0.7236   -0.4999    0.4760
    0.5378    0.0241    0.8427
...   128 A-T ...
   -0.4169   78.8574  -36.2517
   -0.7738    0.4269    0.4680
   -0.3773   -0.9041    0.2008
    0.5088   -0.0212    0.8606
...   129 C-G ...
    1.2770   79.4806  -33.4949
   -0.8843   -0.0986    0.4564
    0.0660   -0.9940   -0.0868
    0.4622   -0.0466    0.8855
...   130 C-G ...
    2.2332   79.8219  -30.2348
   -0.8103   -0.5482    0.2068
    0.4870   -0.8265   -0.2824
    0.3258   -0.1281    0.9367
...   131 A-T ...
    2.6475   78.8045  -27.0750
   -0.5925   -0.7750   -0.2200
    0.7961   -0.5214   -0.3072
    0.1234   -0.3571    0.9259
...   132 A-T ...
    2.7993   77.5596  -24.0759
   -0.0893   -0.9033   -0.4196
    0.9930   -0.0477   -0.1085
    0.0780   -0.4263    0.9012
...   133 A-T ...
    2.6356   76.0843  -21.1278
    0.5039   -0.7725   -0.3864
    0.8617    0.4801    0.1639
    0.0589   -0.4156    0.9077
...   134 T-A ...
    2.3075   74.2308  -18.3904
    0.8657   -0.4293   -0.2574
    0.4984    0.7868    0.3641
    0.0462   -0.4435    0.8951
...   135 G-C ...
    1.4353   72.0970  -15.6051
    0.9809    0.0621    0.1843
   -0.1263    0.9241    0.3607
   -0.1479   -0.3771    0.9143
...   136 T-A ...
    0.5279   69.2393  -13.4690
    0.7351    0.4963    0.4618
   -0.6117    0.7792    0.1365
   -0.2921   -0.3828    0.8764
...   137 G-C ...
   -0.1659   67.4106  -10.8096
    0.1800    0.8794    0.4408
   -0.9276    0.3008   -0.2214
   -0.3274   -0.3691    0.8698
...   138 A-T ...
   -0.1322   66.2180   -7.8218
   -0.3749    0.8570    0.3536
   -0.8857   -0.2184   -0.4098
   -0.2739   -0.4668    0.8409
...   139 G-C ...
   -1.0069   65.6075   -4.9426
   -0.8336    0.5218    0.1811
   -0.5170   -0.6220   -0.5881
   -0.1942   -0.5839    0.7883
...   140 C-G ...
   -0.6975   63.9004   -2.2529
   -0.9992    0.0157   -0.0376
    0.0023   -0.8993   -0.4374
   -0.0406   -0.4371    0.8985
...   141 G-C ...
   -3.4383   60.2385    1.0282
   -0.4425    0.2285   -0.8672
    0.1683   -0.9287   -0.3306
   -0.8808   -0.2922    0.3725
...   142 C-G ...
   -6.3289   59.0834    1.6292
   -0.2970   -0.3280   -0.8968
    0.5656   -0.8171    0.1115
   -0.7693   -0.4741    0.4282
...   143 T-A ...
   -8.6769   58.7243    3.6023
   -0.0347   -0.7817   -0.6227
    0.6533   -0.4893    0.5778
   -0.7563   -0.3868    0.5276
...   144 C-G ...
  -11.6545   58.0114    4.7192
    0.2451   -0.9542   -0.1716
    0.6322    0.0231    0.7745
   -0.7350   -0.2983    0.6089
...   145 A-T ...
  -14.1760   56.5669    6.1805
    0.5795   -0.7268    0.3687
    0.3139    0.6165    0.7220
   -0.7521   -0.3027    0.5855
...   146 C-G ...
  -16.4651   53.8949    7.5152
    0.5336   -0.3331    0.7774
   -0.0346    0.9098    0.4136
   -0.8450   -0.2476    0.4739
...   147 A-T ...
  -19.0173   52.0374    8.9259
    0.2452    0.2907    0.9249
   -0.3073    0.9281   -0.2103
   -0.9195   -0.2327    0.3169
