  147 base-pairs
...     1 T-A ...
    0.0000    0.0000    0.0000
    1.0000    0.0000    0.0000
    0.0000    1.0000    0.0000
    0.0000    0.0000    1.0000
...     2 G-C ...
   -0.5555   -1.1003    3.3981
    0.7749    0.6051    0.1828
   -0.5991    0.7953   -0.0929
   -0.2016   -0.0375    0.9787
...     3 T-A ...
   -0.6619   -3.0237    6.5348
    0.3046    0.9250    0.2271
   -0.8994    0.3578   -0.2510
   -0.3134   -0.1278    0.9410
...     4 G-C ...
   -1.1607   -3.8418    9.6940
   -0.3351    0.9421    0.0133
   -0.8752   -0.3061   -0.3746
   -0.3489   -0.1372    0.9271
...     5 A-T ...
   -1.3881   -3.6770   12.8999
   -0.7835    0.6162   -0.0801
   -0.5677   -0.7622   -0.3109
   -0.2527   -0.1981    0.9470
...     6 G-C ...
   -2.6236   -3.5448   15.7072
   -0.9923    0.0611   -0.1075
   -0.0294   -0.9610   -0.2748
   -0.1201   -0.2695    0.9555
...     7 C-G ...
   -2.3138   -3.7570   18.8866
   -0.8620   -0.4995   -0.0864
    0.5008   -0.8655    0.0073
   -0.0785   -0.0370    0.9962
...     8 G-C ...
   -3.9561   -6.8109   23.3205
   -0.2581   -0.3560   -0.8981
    0.6294   -0.7673    0.1233
   -0.7330   -0.5335    0.4221
...     9 C-G ...
   -6.1177   -8.9414   24.2385
    0.1143   -0.7320   -0.6716
    0.8123   -0.3203    0.4874
   -0.5720   -0.6013    0.5580
...    10 T-A ...
   -8.5041   -9.6771   26.0540
    0.4660   -0.8587   -0.2131
    0.6274    0.1508    0.7640
   -0.6239   -0.4897    0.6090
...    11 C-G ...
  -11.0625  -11.3174   27.2336
    0.6660   -0.6911    0.2808
    0.3382    0.6152    0.7121
   -0.6649   -0.3794    0.6435
...    12 A-T ...
  -13.0013  -13.1789   29.0658
    0.7188   -0.1490    0.6790
   -0.1787    0.9043    0.3876
   -0.6718   -0.4000    0.6235
...    13 C-G ...
  -14.1788  -15.9359   31.3399
    0.4052    0.2865    0.8682
   -0.5270    0.8492   -0.0343
   -0.7470   -0.4437    0.4951
...    14 A-T ...
  -15.9532  -18.1566   33.3080
   -0.1503    0.6873    0.7107
   -0.6106    0.5008   -0.6135
   -0.7776   -0.5261    0.3444
...    15 A-T ...
  -18.2969  -19.9738   34.6380
   -0.4840    0.8397    0.2465
   -0.4059    0.0342   -0.9133
   -0.7753   -0.5420    0.3243
...    16 T-A ...
  -20.6097  -21.6040   36.3172
   -0.6200    0.7458   -0.2436
   -0.1026   -0.3849   -0.9173
   -0.7778   -0.5437    0.3151
...    17 T-A ...
  -23.1341  -23.2158   37.5471
   -0.5589    0.4151   -0.7179
    0.2666   -0.7298   -0.6296
   -0.7852   -0.5432    0.2972
...    18 T-A ...
  -25.7849  -24.7512   38.5818
   -0.2952   -0.0406   -0.9546
    0.5315   -0.8372   -0.1287
   -0.7940   -0.5454    0.2687
...    19 A-T ...
  -28.5893  -26.4272   39.1813
    0.1440   -0.4103   -0.9005
    0.5768   -0.7046    0.4133
   -0.8041   -0.5789    0.1352
...    20 T-A ...
  -31.5095  -27.9138   39.1332
    0.4267   -0.6919   -0.5824
    0.4236   -0.4161    0.8047
   -0.7991   -0.5900    0.1156
...    21 T-A ...
  -34.1601  -29.7742   39.2022
    0.6015   -0.7978   -0.0419
    0.1071    0.0285    0.9938
   -0.7917   -0.6023    0.1026
...    22 C-G ...
  -36.6365  -31.8921   39.4040
    0.5807   -0.6156    0.5328
   -0.2776    0.4655    0.8404
   -0.7653   -0.6359    0.0994
...    23 G-C ...
  -39.1793  -33.9227   40.0876
    0.4084   -0.1947    0.8918
   -0.5845    0.6946    0.4193
   -0.7011   -0.6925    0.1699
...    24 C-G ...
  -41.1609  -36.5157   40.6318
    0.0552    0.2363    0.9701
   -0.7234    0.6791   -0.1242
   -0.6882   -0.6949    0.2085
...    25 A-T ...
  -43.5676  -38.6946   41.3006
   -0.3025    0.6335    0.7122
   -0.6486    0.4107   -0.6408
   -0.6985   -0.6557    0.2866
...    26 A-T ...
  -45.6657  -40.8821   42.4640
   -0.6226    0.7479    0.2303
   -0.3608   -0.0132   -0.9326
   -0.6944   -0.6637    0.2780
...    27 A-T ...
  -47.8707  -42.9549   43.6325
   -0.7201    0.6089   -0.3325
    0.0561   -0.4266   -0.9027
   -0.6916   -0.6687    0.2731
...    28 G-C ...
  -50.2773  -44.9261   44.7283
   -0.5399    0.3461   -0.7673
    0.4170   -0.6818   -0.6010
   -0.7312   -0.6445    0.2238
...    29 G-C ...
  -52.9819  -46.7898   45.4634
   -0.1683   -0.0099   -0.9857
    0.6243   -0.7749   -0.0988
   -0.7628   -0.6320    0.1366
...    30 C-G ...
  -55.7705  -48.5330   45.7181
    0.2318   -0.3878   -0.8921
    0.6074   -0.6587    0.4441
   -0.7598   -0.6448    0.0829
...    31 C-G ...
  -58.4537  -50.5785   45.5776
    0.5861   -0.6146   -0.5279
    0.3744   -0.3723    0.8492
   -0.7185   -0.6954    0.0119
...    32 G-C ...
  -60.6283  -53.0837   45.8029
    0.7778   -0.6284    0.0157
   -0.0279   -0.0095    0.9996
   -0.6279   -0.7779   -0.0249
...    33 G-C ...
  -62.5151  -55.8516   45.3569
    0.6987   -0.4663    0.5425
   -0.4519    0.3002    0.8400
   -0.5546   -0.8321   -0.0009
...    34 C-G ...
  -63.9924  -58.7936   45.0990
    0.3755   -0.1915    0.9068
   -0.7647    0.4888    0.4199
   -0.5236   -0.8511    0.0371
...    35 C-G ...
  -65.4053  -61.8463   45.3007
   -0.0436    0.1708    0.9843
   -0.8618    0.4920   -0.1235
   -0.5054   -0.8537    0.1257
...    36 C-G ...
  -66.8471  -64.8055   45.9970
   -0.4533    0.4763    0.7534
   -0.7211    0.3010   -0.6241
   -0.5240   -0.8262    0.2070
...    37 G-C ...
  -68.9163  -67.3667   46.4980
   -0.7176    0.6449    0.2630
   -0.3767   -0.0418   -0.9254
   -0.5858   -0.7631    0.2729
...    38 A-T ...
  -70.8467  -69.8076   47.5039
   -0.7869    0.5207   -0.3311
    0.1036   -0.4175   -0.9028
   -0.6083   -0.7447    0.2746
...    39 C-G ...
  -73.0750  -71.8535   48.8524
   -0.6077    0.2457   -0.7553
    0.4890   -0.6336   -0.5995
   -0.6258   -0.7336    0.2649
...    40 A-T ...
  -75.0884  -74.3865   49.5715
   -0.1722   -0.0897   -0.9810
    0.7298   -0.6805   -0.0658
   -0.6616   -0.7272    0.1827
...    41 C-G ...
  -77.7171  -76.3642   49.9682
    0.2449   -0.4092   -0.8790
    0.7114   -0.5402    0.4496
   -0.6588   -0.7354    0.1588
...    42 G-C ...
  -79.6418  -78.9984   50.6165
    0.6663   -0.5471   -0.5066
    0.4537   -0.2418    0.8577
   -0.5918   -0.8014    0.0871
...    43 A-T ...
  -81.6056  -81.5993   50.7734
    0.8332   -0.5483    0.0722
   -0.0108    0.1144    0.9934
   -0.5529   -0.8284    0.0894
...    44 C-G ...
  -83.2074  -84.4584   50.4646
    0.7357   -0.3762    0.5633
   -0.4384    0.3694    0.8194
   -0.5163   -0.8497    0.1068
...    45 T-A ...
  -84.5805  -87.4476   50.6691
    0.4505   -0.0651    0.8904
   -0.7652    0.4856    0.4227
   -0.4599   -0.8717    0.1690
...    46 T-A ...
  -85.8170  -90.3914   51.1809
   -0.0345    0.2360    0.9711
   -0.8920    0.4311   -0.1364
   -0.4508   -0.8709    0.1957
...    47 A-T ...
  -87.2895  -93.2418   52.0167
   -0.4847    0.5152    0.7068
   -0.7400    0.1894   -0.6454
   -0.4664   -0.8359    0.2895
...    48 C-G ...
  -88.4613  -95.9338   53.5250
   -0.7830    0.5619    0.2670
   -0.3981   -0.1228   -0.9091
   -0.4780   -0.8181    0.3199
...    49 T-A ...
  -90.1004  -98.4345   54.9284
   -0.8541    0.4510   -0.2591
    0.0484   -0.4271   -0.9029
   -0.5179   -0.7837    0.3430
...    50 G-C ...
  -91.9303 -101.0678   55.7606
   -0.6388    0.1761   -0.7489
    0.5099   -0.6321   -0.5835
   -0.5762   -0.7546    0.3140
...    51 T-A ...
  -94.2508 -103.1211   56.9847
   -0.2746   -0.1726   -0.9460
    0.7693   -0.6296   -0.1084
   -0.5769   -0.7575    0.3056
...    52 A-T ...
  -95.9622 -105.7803   58.0657
    0.2492   -0.5190   -0.8176
    0.7868   -0.3838    0.4835
   -0.5647   -0.7638    0.3127
...    53 G-C ...
  -98.0250 -108.2489   58.8405
    0.6558   -0.5919   -0.4685
    0.5523   -0.0470    0.8324
   -0.5147   -0.8046    0.2961
...    54 G-C ...
  -99.8798 -110.9940   59.5037
    0.8977   -0.4404    0.0103
    0.1240    0.2752    0.9534
   -0.4227   -0.8546    0.3017
...    55 T-A ...
 -101.1260 -114.0042   59.9072
    0.8609   -0.1899    0.4719
   -0.3459    0.4618    0.8168
   -0.3731   -0.8664    0.3319
...    56 A-T ...
 -101.9267 -117.0865   60.8921
    0.6145    0.2301    0.7547
   -0.7534    0.4551    0.4747
   -0.2342   -0.8602    0.4530
...    57 T-A ...
 -102.0492 -120.0773   62.1898
    0.1756    0.4531    0.8740
   -0.9610    0.2716    0.0523
   -0.2137   -0.8491    0.4831
...    58 C-G ...
 -102.6157 -122.7351   63.9677
   -0.3907    0.5708    0.7222
   -0.8994   -0.0697   -0.4315
   -0.1960   -0.8181    0.5407
...    59 T-A ...
 -103.0549 -125.2203   66.0827
   -0.7869    0.4975    0.3650
   -0.5813   -0.3992   -0.7091
   -0.2071   -0.7702    0.6033
...    60 C-G ...
 -103.8528 -127.5795   68.2065
   -0.9771    0.1752   -0.1204
   -0.0200   -0.6399   -0.7682
   -0.2116   -0.7483    0.6288
...    61 G-C ...
 -104.6520 -130.3297   69.9115
   -0.8068   -0.1799   -0.5628
    0.5237   -0.6586   -0.5403
   -0.2734   -0.7307    0.6256
...    62 A-T ...
 -105.6107 -132.6369   72.0510
   -0.3417   -0.5392   -0.7697
    0.9024   -0.4171   -0.1085
   -0.2626   -0.7317    0.6291
...    63 G-C ...
 -106.7758 -134.9770   74.0904
    0.1929   -0.6479   -0.7369
    0.9533   -0.0543    0.2972
   -0.2326   -0.7598    0.6072
...    64 C-G ...
 -107.9186 -137.4696   75.9484
    0.6862   -0.5353   -0.4924
    0.7046    0.3212    0.6328
   -0.1806   -0.7812    0.5976
...    65 T-A ...
 -108.5753 -140.2301   77.6319
    0.9613   -0.2270   -0.1562
    0.2595    0.5555    0.7899
   -0.0926   -0.7999    0.5930
...    66 C-G ...
 -108.8306 -142.8929   79.4724
    0.9453    0.1924    0.2634
   -0.3260    0.5850    0.7426
   -0.0112   -0.7879    0.6158
...    67 G-C ...
 -108.7315 -145.3119   81.7431
    0.6262    0.6096    0.4861
   -0.7659    0.3643    0.5298
    0.1460   -0.7040    0.6950
...    68 G-C ...
 -107.6669 -147.4861   84.0727
    0.1196    0.7927    0.5977
   -0.9669   -0.0436    0.2513
    0.2252   -0.6080    0.7613
...    69 G-C ...
 -106.5135 -149.0493   86.8253
   -0.4269    0.7077    0.5629
   -0.8679   -0.4954   -0.0354
    0.2539   -0.5037    0.8257
...    70 T-A ...
 -105.2736 -150.1778   89.6652
   -0.8182    0.3599    0.4483
   -0.5145   -0.8065   -0.2913
    0.2567   -0.4690    0.8451
...    71 C-G ...
 -104.5650 -151.5340   92.5675
   -0.9616   -0.1880    0.2001
    0.0741   -0.8793   -0.4704
    0.2644   -0.4375    0.8595
...    72 A-T ...
 -103.6350 -153.2329   95.2402
   -0.7435   -0.6554   -0.1327
    0.6265   -0.6134   -0.4809
    0.2337   -0.4407    0.8667
...    73 T-A ...
 -103.3978 -154.3215   98.3744
   -0.3060   -0.8945   -0.3260
    0.9148   -0.1815   -0.3607
    0.2634   -0.4086    0.8738
...    74 G-C ...
 -102.2740 -155.6742  101.1738
    0.2510   -0.8087   -0.5319
    0.9201    0.3701   -0.1285
    0.3008   -0.4571    0.8370
...    75 T-A ...
 -101.7895 -157.4970  103.8972
    0.6756   -0.4857   -0.5547
    0.6512    0.7459    0.1399
    0.3457   -0.4557    0.8202
...    76 T-A ...
 -100.7690 -159.1529  106.4736
    0.9036    0.0256   -0.4276
    0.1673    0.8978    0.4074
    0.3944   -0.4396    0.8070
...    77 A-T ...
  -99.1392 -161.0043  108.7405
    0.7544    0.5544   -0.3515
   -0.2785    0.7552    0.5934
    0.5944   -0.3497    0.7241
...    78 T-A ...
  -96.8845 -162.4439  110.5746
    0.4916    0.8684   -0.0650
   -0.5975    0.3906    0.7003
    0.6336   -0.3055    0.7108
...    79 A-T ...
  -94.2401 -163.1264  112.5091
   -0.0122    0.9908    0.1345
   -0.7069   -0.1037    0.6997
    0.7073   -0.0865    0.7016
...    80 A-T ...
  -91.7831 -163.1601  114.6034
   -0.4201    0.7726    0.4760
   -0.5539   -0.6338    0.5399
    0.7188   -0.0369    0.6942
...    81 C-G ...
  -89.2169 -162.6316  116.6326
   -0.6575    0.3364    0.6742
   -0.2271   -0.9417    0.2484
    0.7184    0.0102    0.6955
...    82 G-C ...
  -87.0985 -162.9094  119.1953
   -0.7001   -0.2539    0.6674
    0.2369   -0.9643   -0.1183
    0.6736    0.0753    0.7352
...    83 G-C ...
  -85.0212 -162.4278  121.8176
   -0.4692   -0.7456    0.4732
    0.5986   -0.6625   -0.4503
    0.6493    0.0720    0.7571
...    84 A-T ...
  -82.9233 -162.0161  124.3256
   -0.0081   -0.9925    0.1218
    0.7453   -0.0872   -0.6610
    0.6667    0.0854    0.7404
...    85 A-T ...
  -80.9814 -161.7045  126.9238
    0.4482   -0.8569   -0.2547
    0.5857    0.4967   -0.6406
    0.6754    0.1380    0.7244
...    86 T-A ...
  -79.1021 -161.7041  129.6248
    0.6767   -0.4907   -0.5489
    0.2646    0.8578   -0.4406
    0.6870    0.1529    0.7103
...    87 C-G ...
  -76.8863 -161.2519  131.9788
    0.6508    0.0803   -0.7550
   -0.1849    0.9812   -0.0550
    0.7364    0.1754    0.6534
...    88 C-G ...
  -74.2308 -160.9801  134.0225
    0.3464    0.5486   -0.7610
   -0.4867    0.7986    0.3541
    0.8019    0.2477    0.5436
...    89 G-C ...
  -71.5822 -159.7728  135.6500
   -0.1171    0.8264   -0.5507
   -0.5423    0.4114    0.7326
    0.8320    0.3844    0.4000
...    90 C-G ...
  -68.6984 -158.3637  136.3592
   -0.4479    0.8878   -0.1063
   -0.3541   -0.0669    0.9328
    0.8210    0.4554    0.3443
...    91 T-A ...
  -66.0376 -156.5543  137.0941
   -0.6210    0.6905    0.3708
   -0.0122   -0.4815    0.8764
    0.7837    0.5397    0.3074
...    92 T-A ...
  -63.5588 -154.5769  137.8158
   -0.4938    0.3079    0.8132
    0.3619   -0.7777    0.5141
    0.7907    0.5482    0.2726
...    93 T-A ...
  -61.1458 -152.4932  138.5146
   -0.1457   -0.1661    0.9753
    0.5823   -0.8114   -0.0512
    0.7998    0.5605    0.2149
...    94 A-T ...
  -58.1149 -150.9710  138.8119
    0.3441   -0.6030    0.7197
    0.5081   -0.5250   -0.6828
    0.7896    0.6006    0.1257
...    95 A-T ...
  -55.7140 -148.8512  139.4284
    0.6101   -0.7676    0.1964
    0.1885   -0.1000   -0.9770
    0.7696    0.6331    0.0837
...    96 C-G ...
  -53.2287 -146.8326  140.2769
    0.5998   -0.7220   -0.3449
   -0.1722    0.3045   -0.9368
    0.7814    0.6213    0.0584
...    97 A-T ...
  -50.7014 -144.6658  140.2843
    0.3011   -0.5012   -0.8113
   -0.4791    0.6561   -0.5831
    0.8245    0.5642   -0.0426
...    98 C-G ...
  -47.7135 -143.3459  140.2793
   -0.0360   -0.1330   -0.9905
   -0.5631    0.8215   -0.0898
    0.8256    0.5545   -0.1045
...    99 T-A ...
  -44.8735 -141.8148  139.6500
   -0.4033    0.2418   -0.8825
   -0.4431    0.7923    0.4195
    0.8007    0.5602   -0.2124
...   100 T-A ...
  -42.2705 -140.1526  138.7198
   -0.6201    0.6067   -0.4974
   -0.1327    0.5437    0.8287
    0.7732    0.5799   -0.2567
...   101 T-A ...
  -39.8434 -138.3401  137.5887
   -0.6108    0.7902    0.0501
    0.2515    0.1335    0.9586
    0.7508    0.5981   -0.2803
...   102 A-T ...
  -37.4976 -136.1866  136.6203
   -0.4010    0.6858    0.6074
    0.5922   -0.3118    0.7430
    0.6989    0.6576   -0.2811
...   103 T-A ...
  -35.7268 -133.7314  135.2926
   -0.0365    0.4437    0.8954
    0.7197   -0.6099    0.3316
    0.6933    0.6566   -0.2971
...   104 G-C ...
  -33.2662 -131.6704  134.4789
    0.3452   -0.0247    0.9382
    0.6306   -0.7343   -0.2513
    0.6951    0.6784   -0.2379
...   105 C-G ...
  -31.1805 -129.1515  133.8850
    0.6181   -0.4380    0.6528
    0.3400   -0.5997   -0.7243
    0.7087    0.6697   -0.2218
...   106 T-A ...
  -28.8485 -126.8368  133.4540
    0.6755   -0.7143    0.1829
   -0.0358   -0.2796   -0.9595
    0.7365    0.6416   -0.2144
...   107 T-A ...
  -26.4470 -124.6944  133.0226
    0.5400   -0.7437   -0.3941
   -0.4256    0.1626   -0.8902
    0.7261    0.6484   -0.2287
...   108 C-G ...
  -24.0200 -122.6215  132.3207
    0.1574   -0.5434   -0.8246
   -0.6631    0.5606   -0.4960
    0.7318    0.6249   -0.2721
...   109 C-G ...
  -21.3392 -120.8246  131.3702
   -0.2969   -0.2326   -0.9261
   -0.6355    0.7721    0.0098
    0.7128    0.5914   -0.3771
...   110 G-C ...
  -19.2443 -118.6633  129.9396
   -0.6917    0.1312   -0.7101
   -0.3481    0.8011    0.4870
    0.6327    0.5840   -0.5085
...   111 G-C ...
  -17.2900 -116.9464  127.7845
   -0.8324    0.4719   -0.2907
    0.0950    0.6383    0.7639
    0.5460    0.6082   -0.5761
...   112 C-G ...
  -15.8137 -115.0952  125.4785
   -0.6789    0.7080    0.1944
    0.5431    0.3061    0.7819
    0.4941    0.6364   -0.5923
...   113 T-A ...
  -14.5617 -112.9361  123.3018
   -0.3243    0.7271    0.6051
    0.8357   -0.0795    0.5434
    0.4432    0.6819   -0.5819
...   114 C-G ...
  -13.2624 -110.5873  121.4209
    0.2161    0.5301    0.8200
    0.8764   -0.4755    0.0765
    0.4304    0.7021   -0.5673
...   115 G-C ...
  -11.4847 -108.4282  119.5994
    0.6290    0.1132    0.7691
    0.6220   -0.6667   -0.4106
    0.4663    0.7367   -0.4898
...   116 T-A ...
  -10.2440 -105.6022  118.3680
    0.8523   -0.2642    0.4514
    0.2030   -0.6284   -0.7510
    0.4821    0.7316   -0.4819
...   117 A-T ...
   -8.6657 -103.3042  116.5234
    0.7914   -0.6057   -0.0828
   -0.3534   -0.3428   -0.8704
    0.4988    0.7181   -0.4853
...   118 T-A ...
   -6.6889 -100.8745  115.5122
    0.5046   -0.6979   -0.5082
   -0.7061    0.0051   -0.7081
    0.4968    0.7162   -0.4901
...   119 A-T ...
   -5.0964  -98.5445  113.7485
   -0.0340   -0.6101   -0.7916
   -0.8619    0.4188   -0.2858
    0.5059    0.6726   -0.5401
...   120 A-T ...
   -3.2577  -96.5556  111.9692
   -0.5179   -0.2793   -0.8086
   -0.6945    0.6891    0.2068
    0.4994    0.6687   -0.5508
...   121 T-A ...
   -1.3133  -94.9177  109.8885
   -0.8021    0.0931   -0.5898
   -0.3420    0.7381    0.5816
    0.4895    0.6682   -0.5603
...   122 G-C ...
    0.0516  -92.5847  107.9384
   -0.9072    0.4082   -0.1022
    0.1747    0.5863    0.7910
    0.3828    0.6998   -0.6032
...   123 T-A ...
    0.9639  -90.5773  105.4742
   -0.7006    0.6260    0.3424
    0.6210    0.2987    0.7247
    0.3514    0.7203   -0.5980
...   124 G-C ...
    2.0506  -88.0071  103.6582
   -0.2690    0.6066    0.7481
    0.9176   -0.0747    0.3905
    0.2927    0.7915   -0.5365
...   125 T-A ...
    2.3808  -85.2711  101.8235
    0.2357    0.4556    0.8584
    0.9270   -0.3707   -0.0578
    0.2919    0.8093   -0.5097
...   126 C-G ...
    3.2679  -82.5350  100.2617
    0.7222    0.1284    0.6796
    0.6206   -0.5542   -0.5547
    0.3054    0.8224   -0.4800
...   127 G-C ...
    4.5793  -80.0230   98.4930
    0.9089   -0.2843    0.3053
    0.1300   -0.5024   -0.8548
    0.3964    0.8166   -0.4197
...   128 A-T ...
    5.9185  -77.3191   97.2213
    0.8016   -0.5474   -0.2405
   -0.4220   -0.2328   -0.8762
    0.4236    0.8038   -0.4176
...   129 C-G ...
    7.7298  -74.6931   96.3298
    0.4553   -0.6068   -0.6516
   -0.7727    0.0944   -0.6278
    0.4424    0.7893   -0.4259
...   130 C-G ...
    9.5323  -72.2321   94.8971
   -0.0682   -0.5173   -0.8531
   -0.8860    0.4245   -0.1866
    0.4587    0.7431   -0.4873
...   131 A-T ...
   10.8792  -69.7176   93.1938
   -0.5970   -0.2512   -0.7618
   -0.6807    0.6611    0.3154
    0.4244    0.7069   -0.5658
...   132 A-T ...
   12.3752  -67.6390   91.1951
   -0.8756    0.1695   -0.4524
   -0.2268    0.6825    0.6948
    0.4266    0.7109   -0.5592
...   133 A-T ...
   13.7227  -65.5071   89.1513
   -0.8530    0.5215    0.0197
    0.3031    0.4644    0.8322
    0.4249    0.7158   -0.5542
...   134 T-A ...
   14.7283  -63.4123   86.8244
   -0.5924    0.6746    0.4405
    0.6886    0.1400    0.7115
    0.4183    0.7248   -0.5474
...   135 G-C ...
   15.7211  -61.4788   83.9376
    0.0342    0.7399    0.6718
    0.8637   -0.3601    0.3526
    0.5028    0.5682   -0.6514
...   136 T-A ...
   15.7739  -59.5465   80.8035
    0.5516    0.4996    0.6680
    0.6739   -0.7388   -0.0038
    0.4916    0.4523   -0.7442
...   137 G-C ...
   16.8280  -57.7076   78.2737
    0.8528   -0.0847    0.5152
    0.1508   -0.9047   -0.3984
    0.4999    0.4175   -0.7588
...   138 A-T ...
   18.4176  -55.5142   76.5361
    0.8547   -0.5007    0.1370
   -0.3189   -0.7148   -0.6224
    0.4096    0.4883   -0.7706
...   139 G-C ...
   20.4152  -54.2946   74.5495
    0.5847   -0.7389   -0.3350
   -0.7594   -0.3532   -0.5465
    0.2854    0.5739   -0.7676
...   140 C-G ...
   21.4163  -51.8108   72.7949
    0.1305   -0.7142   -0.6876
   -0.8897    0.2217   -0.3991
    0.4375    0.6639   -0.6065
...   141 G-C ...
   22.1406  -50.1331   67.4724
   -0.4682   -0.8748    0.1248
   -0.8495    0.4067   -0.3362
    0.2434   -0.2634   -0.9335
...   142 C-G ...
   22.3377  -51.2253   64.5018
   -0.8529   -0.5117   -0.1032
   -0.4974    0.8566   -0.1372
    0.1587   -0.0657   -0.9851
...   143 T-A ...
   24.0059  -51.6202   61.9331
   -0.9563    0.0399   -0.2897
    0.0522    0.9980   -0.0348
    0.2877   -0.0484   -0.9565
...   144 C-G ...
   24.8857  -52.7207   58.9947
   -0.7530    0.5560   -0.3520
    0.5213    0.8304    0.1966
    0.4016   -0.0355   -0.9151
...   145 A-T ...
   25.5173  -52.9610   55.8126
   -0.2441    0.9563   -0.1609
    0.8907    0.2867    0.3528
    0.3835   -0.0571   -0.9218
...   146 C-G ...
   25.2677  -52.4925   52.0869
    0.3203    0.9428   -0.0928
    0.8825   -0.2613    0.3910
    0.3444   -0.2071   -0.9157
...   147 A-T ...
   25.6133  -52.5733   48.6478
    0.8597    0.5097    0.0339
    0.4498   -0.7866    0.4230
    0.2423   -0.3484   -0.9055
