  147 base-pairs
...     1 T-A ...
    0.0000    0.0000    0.0000
    1.0000    0.0000    0.0000
    0.0000    1.0000    0.0000
    0.0000    0.0000    1.0000
...     2 G-C ...
   -0.5555   -1.1003    3.3981
    0.7749    0.6051    0.1828
   -0.5991    0.7953   -0.0929
   -0.2016   -0.0375    0.9787
...     3 T-A ...
   -0.6619   -3.0237    6.5348
    0.3046    0.9250    0.2271
   -0.8994    0.3578   -0.2510
   -0.3134   -0.1278    0.9410
...     4 G-C ...
   -1.1607   -3.8418    9.6940
   -0.3351    0.9421    0.0133
   -0.8752   -0.3061   -0.3746
   -0.3489   -0.1372    0.9271
...     5 A-T ...
   -1.3881   -3.6770   12.8999
   -0.7835    0.6162   -0.0801
   -0.5677   -0.7622   -0.3109
   -0.2527   -0.1981    0.9470
...     6 G-C ...
   -2.6236   -3.5448   15.7072
   -0.9923    0.0611   -0.1075
   -0.0294   -0.9610   -0.2748
   -0.1201   -0.2695    0.9555
...     7 C-G ...
   -2.3138   -3.7570   18.8866
   -0.8620   -0.4995   -0.0864
    0.5008   -0.8655    0.0073
   -0.0785   -0.0370    0.9962
...     8 G-C ...
   -3.9561   -6.8109   23.3205
   -0.2581   -0.3560   -0.8981
    0.6294   -0.7673    0.1233
   -0.7330   -0.5335    0.4221
...     9 C-G ...
   -6.1177   -8.9414   24.2385
    0.1143   -0.7320   -0.6716
    0.8123   -0.3203    0.4874
   -0.5720   -0.6013    0.5580
...    10 T-A ...
   -8.5041   -9.6771   26.0540
    0.4660   -0.8587   -0.2131
    0.6274    0.1508    0.7640
   -0.6239   -0.4897    0.6090
...    11 C-G ...
  -11.0625  -11.3174   27.2336
    0.6660   -0.6911    0.2808
    0.3382    0.6152    0.7121
   -0.6649   -0.3794    0.6435
...    12 A-T ...
  -13.0013  -13.1789   29.0658
    0.7188   -0.1490    0.6790
   -0.1787    0.9043    0.3876
   -0.6718   -0.4000    0.6235
...    13 C-G ...
  -14.1788  -15.9359   31.3399
    0.4052    0.2865    0.8682
   -0.5270    0.8492   -0.0343
   -0.7470   -0.4437    0.4951
...    14 A-T ...
  -15.9532  -18.1566   33.3080
   -0.1503    0.6873    0.7107
   -0.6106    0.5008   -0.6135
   -0.7776   -0.5261    0.3444
...    15 A-T ...
  -18.3676  -20.0045   34.4208
   -0.4688    0.8537    0.2265
   -0.3878    0.0315   -0.9212
   -0.7936   -0.5197    0.3163
...    16 T-A ...
  -20.7663  -21.6491   36.1624
   -0.6332    0.7164   -0.2930
   -0.0553   -0.4195   -0.9061
   -0.7720   -0.5575    0.3052
...    17 T-A ...
  -23.3116  -23.2778   37.4726
   -0.5641    0.3186   -0.7618
    0.3432   -0.7487   -0.5672
   -0.7510   -0.5814    0.3130
...    18 T-A ...
  -25.8473  -25.0171   38.4523
   -0.2348   -0.1121   -0.9656
    0.5906   -0.8054   -0.0501
   -0.7720   -0.5821    0.2553
...    19 A-T ...
  -28.3557  -27.0641   39.0332
    0.2142   -0.4432   -0.8705
    0.6008   -0.6429    0.4752
   -0.7702   -0.6247    0.1285
...    20 T-A ...
  -31.2200  -28.7190   38.9360
    0.4983   -0.7016   -0.5094
    0.4041   -0.3320    0.8524
   -0.7671   -0.6306    0.1181
...    21 T-A ...
  -33.7863  -30.7515   38.9931
    0.6427   -0.7639    0.0593
    0.0357    0.1072    0.9936
   -0.7653   -0.6364    0.0962
...    22 C-G ...
  -36.2189  -32.9384   39.2546
    0.5661   -0.5417    0.6213
   -0.3613    0.5144    0.7777
   -0.7409   -0.6648    0.0955
...    23 G-C ...
  -38.7685  -34.9349   40.1789
    0.3629   -0.0777    0.9286
   -0.6559    0.6866    0.3138
   -0.6619   -0.7229    0.1982
...    24 C-G ...
  -40.6446  -37.5573   40.7685
    0.0018    0.3321    0.9432
   -0.7484    0.6260   -0.2190
   -0.6632   -0.7055    0.2497
...    25 A-T ...
  -43.1810  -39.6432   41.2568
   -0.3997    0.6673    0.6285
   -0.6092    0.3189   -0.7260
   -0.6849   -0.6731    0.2791
...    26 A-T ...
  -45.3523  -41.8476   42.3556
   -0.6795    0.7260    0.1055
   -0.2712   -0.1150   -0.9556
   -0.6817   -0.6780    0.2751
...    27 A-T ...
  -47.4767  -43.9881   43.5917
   -0.7244    0.5121   -0.4615
    0.1862   -0.4992   -0.8463
   -0.6637   -0.6990    0.2662
...    28 G-C ...
  -49.9520  -45.9766   44.7234
   -0.4748    0.2095   -0.8548
    0.5298   -0.7075   -0.4677
   -0.7028   -0.6749    0.2249
...    29 G-C ...
  -52.6612  -48.0032   45.3827
   -0.0352   -0.1638   -0.9859
    0.6955   -0.7125    0.0935
   -0.7177   -0.6823    0.1390
...    30 C-G ...
  -55.2850  -49.9656   45.5130
    0.3925   -0.4810   -0.7840
    0.5879   -0.5243    0.6160
   -0.7073   -0.7027    0.0769
...    31 C-G ...
  -57.8482  -52.1311   45.5513
    0.7065   -0.6281   -0.3260
    0.2656   -0.1916    0.9448
   -0.6559   -0.7542    0.0314
...    32 G-C ...
  -59.6579  -54.5776   45.8315
    0.8137   -0.5501    0.1879
   -0.1483    0.1160    0.9821
   -0.5620   -0.8270    0.0128
...    33 G-C ...
  -61.0628  -57.6359   45.7484
    0.6364   -0.3412    0.6918
   -0.5903    0.3618    0.7215
   -0.4965   -0.8676    0.0289
...    34 C-G ...
  -62.3090  -60.6665   45.7007
    0.2333   -0.0444    0.9714
   -0.8520    0.4721    0.2262
   -0.4687   -0.8804    0.0723
...    35 C-G ...
  -63.5302  -63.7930   46.2746
   -0.2510    0.2716    0.9291
   -0.8549    0.3880   -0.3444
   -0.4540   -0.8807    0.1349
...    36 C-G ...
  -64.9187  -66.7479   47.0099
   -0.6598    0.4794    0.5787
   -0.5971    0.1332   -0.7911
   -0.4563   -0.8674    0.1984
...    37 G-C ...
  -66.7135  -69.6568   46.7758
   -0.8500    0.5262    0.0264
   -0.1294   -0.1599   -0.9786
   -0.5107   -0.8352    0.2040
...    38 A-T ...
  -68.2531  -72.3291   47.4725
   -0.7642    0.3361   -0.5505
    0.3997   -0.4231   -0.8132
   -0.5062   -0.8415    0.1890
...    39 C-G ...
  -70.3080  -74.6910   48.2304
   -0.4282    0.1024   -0.8979
    0.7318   -0.5436   -0.4110
   -0.5302   -0.8330    0.1578
...    40 A-T ...
  -72.1858  -77.4259   48.6007
    0.1072   -0.1638   -0.9807
    0.8410   -0.5112    0.1773
   -0.5303   -0.8437    0.0829
...    41 C-G ...
  -74.2276  -80.0161   48.3964
    0.5423   -0.3609   -0.7587
    0.6675   -0.3634    0.6499
   -0.5103   -0.8589    0.0438
...    42 G-C ...
  -75.6053  -82.9906   48.8997
    0.8655   -0.4328   -0.2522
    0.2313   -0.1012    0.9676
   -0.4443   -0.8958    0.0125
...    43 A-T ...
  -77.1242  -85.7583   48.8999
    0.8463   -0.3979    0.3542
   -0.3033    0.1865    0.9344
   -0.4379   -0.8982    0.0372
...    44 C-G ...
  -78.2185  -88.8260   48.3910
    0.5925   -0.1817    0.7848
   -0.7093    0.3442    0.6152
   -0.3819   -0.9211    0.0751
...    45 T-A ...
  -78.9214  -92.3459   48.5756
    0.1169    0.1046    0.9876
   -0.9258    0.3713    0.0703
   -0.3594   -0.9226    0.1403
...    46 T-A ...
  -79.7742  -95.4112   49.0390
   -0.3480    0.2990    0.8885
   -0.8681    0.2552   -0.4259
   -0.3540   -0.9195    0.1707
...    47 A-T ...
  -81.0381  -98.3841   49.7524
   -0.7483    0.4673    0.4709
   -0.5311    0.0033   -0.8473
   -0.3975   -0.8841    0.2457
...    48 C-G ...
  -82.2367 -101.1169   51.2619
   -0.9097    0.4119   -0.0518
   -0.0666   -0.2679   -0.9611
   -0.4098   -0.8709    0.2712
...    49 T-A ...
  -83.7896 -103.7743   52.6299
   -0.7809    0.2649   -0.5658
    0.3995   -0.4846   -0.7782
   -0.4803   -0.8337    0.2726
...    50 G-C ...
  -85.4591 -106.5846   53.3071
   -0.3742   -0.0003   -0.9274
    0.7711   -0.5556   -0.3110
   -0.5151   -0.8315    0.2081
...    51 T-A ...
  -87.5612 -108.9454   53.8864
    0.0816   -0.2726   -0.9587
    0.8544   -0.4761    0.2081
   -0.5131   -0.8361    0.1941
...    52 A-T ...
  -89.0143 -111.8398   54.6049
    0.5955   -0.4771   -0.6463
    0.6395   -0.2054    0.7408
   -0.4862   -0.8545    0.1828
...    53 G-C ...
  -90.7954 -114.5214   55.0649
    0.8773   -0.4294   -0.2142
    0.2696    0.0717    0.9603
   -0.3970   -0.9003    0.1787
...    54 G-C ...
  -92.1389 -117.8826   54.8660
    0.9240   -0.2308    0.3050
   -0.2368    0.2810    0.9300
   -0.3004   -0.9315    0.2050
...    55 T-A ...
  -92.7686 -121.0279   55.2097
    0.6944   -0.0063    0.7195
   -0.6718    0.3527    0.6514
   -0.2579   -0.9357    0.2407
...    56 A-T ...
  -92.8998 -124.4127   55.9355
    0.2489    0.3220    0.9134
   -0.9534    0.2478    0.1724
   -0.1708   -0.9137    0.3687
...    57 T-A ...
  -92.7398 -127.4371   57.1481
   -0.2474    0.4369    0.8648
   -0.9563    0.0336   -0.2906
   -0.1560   -0.8989    0.4094
...    58 C-G ...
  -93.0985 -130.3971   58.8387
   -0.7776    0.3947    0.4894
   -0.6076   -0.2712   -0.7466
   -0.1620   -0.8779    0.4507
...    59 T-A ...
  -93.6900 -133.0902   60.6522
   -0.9730    0.2309   -0.0033
   -0.1098   -0.4751   -0.8730
   -0.2032   -0.8491    0.4876
...    60 C-G ...
  -94.6071 -135.9496   61.9345
   -0.8488   -0.1075   -0.5177
    0.4797   -0.5683   -0.6685
   -0.2224   -0.8158    0.5339
...    61 G-C ...
  -94.9067 -138.9295   63.2641
   -0.4419   -0.3879   -0.8089
    0.8651   -0.4227   -0.2700
   -0.2372   -0.8191    0.5223
...    62 A-T ...
  -95.3046 -141.5793   65.1454
    0.1685   -0.5474   -0.8197
    0.9675   -0.0672    0.2438
   -0.1885   -0.8342    0.5183
...    63 G-C ...
  -96.0067 -144.3672   66.7368
    0.6622   -0.4737   -0.5806
    0.7370    0.2721    0.6187
   -0.1351   -0.8376    0.5293
...    64 C-G ...
  -96.7462 -147.3684   68.1750
    0.9711   -0.1816   -0.1548
    0.2275    0.5093    0.8300
   -0.0719   -0.8412    0.5359
...    65 T-A ...
  -96.9895 -150.3722   69.6212
    0.9562    0.1947    0.2186
   -0.2904    0.5358    0.7929
    0.0373   -0.8216    0.5688
...    66 C-G ...
  -96.6271 -153.0695   71.5070
    0.6368    0.5318    0.5583
   -0.7595    0.3080    0.5729
    0.1328   -0.7889    0.6001
...    67 G-C ...
  -96.2898 -155.1782   73.9351
    0.1315    0.7090    0.6929
   -0.9661   -0.0650    0.2498
    0.2221   -0.7022    0.6764
...    68 G-C ...
  -95.2107 -157.1869   76.3755
   -0.4239    0.6190    0.6611
   -0.8736   -0.4721   -0.1182
    0.2390   -0.6277    0.7409
...    69 G-C ...
  -94.3990 -158.7947   79.2303
   -0.8496    0.3171    0.4216
   -0.4850   -0.7838   -0.3878
    0.2075   -0.5339    0.8197
...    70 A-T ...
  -93.6103 -160.2815   82.1158
   -0.9628   -0.2370    0.1300
    0.1317   -0.8312   -0.5402
    0.2361   -0.5030    0.8314
...    71 T-A ...
  -93.0870 -161.4589   85.1766
   -0.7456   -0.6475   -0.1576
    0.6189   -0.5852   -0.5239
    0.2470   -0.4882    0.8370
...    72 C-G ...
  -92.4964 -162.9894   88.1301
   -0.1952   -0.8933   -0.4048
    0.9382   -0.0498   -0.3426
    0.2859   -0.4466    0.8478
...    73 C-G ...
  -91.6645 -164.3390   91.0238
    0.2976   -0.7446   -0.5975
    0.8937    0.4374   -0.0999
    0.3357   -0.5042    0.7957
...    74 G-C ...
  -90.1120 -165.7042   93.5628
    0.6903   -0.3250   -0.6464
    0.5782    0.7849    0.2229
    0.4349   -0.5276    0.7297
...    75 C-G ...
  -88.9790 -167.8666   96.0148
    0.8737    0.1986   -0.4441
    0.0677    0.8543    0.5153
    0.4817   -0.4803    0.7330
...    76 T-A ...
  -87.3168 -169.8448   98.2558
    0.7181    0.6772   -0.1605
   -0.4228    0.6077    0.6723
    0.5528   -0.4149    0.7227
...    77 T-A ...
  -85.2152 -171.1935  100.2987
    0.3292    0.9270    0.1797
   -0.7418    0.1361    0.6566
    0.5842   -0.3494    0.7325
...    78 T-A ...
  -83.2455 -172.1207  102.6327
   -0.1842    0.8873    0.4228
   -0.7788   -0.3942    0.4880
    0.5996   -0.2393    0.7636
...    79 A-T ...
  -81.4508 -172.5692  105.4282
   -0.6652    0.5380    0.5177
   -0.4921   -0.8374    0.2379
    0.5615   -0.0965    0.8218
...    80 A-T ...
  -79.6330 -172.5628  108.0421
   -0.8251   -0.0255    0.5645
   -0.0063   -0.9985   -0.0543
    0.5650   -0.0483    0.8237
...    81 C-G ...
  -77.9463 -172.0718  110.9360
   -0.6599   -0.5717    0.4875
    0.4646   -0.8204   -0.3332
    0.5905    0.0066    0.8070
...    82 A-T ...
  -76.0396 -172.1209  113.6619
   -0.2409   -0.9509    0.1945
    0.7606   -0.3094   -0.5707
    0.6028    0.0105    0.7978
...    83 C-G ...
  -74.6182 -172.0178  116.7795
    0.2048   -0.9708   -0.1245
    0.7564    0.2377   -0.6093
    0.6212    0.0306    0.7831
...    84 T-A ...
  -72.8539 -172.3335  119.9354
    0.5833   -0.6796   -0.4447
    0.4848    0.7307   -0.4807
    0.6517    0.0648    0.7557
...    85 T-A ...
  -70.8504 -172.4675  122.4764
    0.7496   -0.1504   -0.6445
    0.0477    0.9836   -0.1740
    0.6601    0.0997    0.7445
...    86 T-A ...
  -68.6644 -172.2360  124.8308
    0.5929    0.4031   -0.6972
   -0.3718    0.9049    0.2070
    0.7143    0.1365    0.6864
...    87 A-T ...
  -66.2236 -171.5622  126.7954
    0.1789    0.7247   -0.6654
   -0.5850    0.6221    0.5203
    0.7911    0.2962    0.5352
...    88 T-A ...
  -63.3169 -170.8501  127.8703
   -0.1857    0.8932   -0.4095
   -0.5769    0.2382    0.7813
    0.7954    0.3813    0.4711
...    89 G-C ...
  -60.6022 -169.3345  129.1252
   -0.5816    0.8091    0.0845
   -0.3104   -0.3167    0.8963
    0.7520    0.4950    0.4353
...    90 C-G ...
  -58.3382 -167.2035  130.2452
   -0.6936    0.4824    0.5350
    0.0885   -0.6800    0.7279
    0.7149    0.5522    0.4289
...    91 T-A ...
  -56.4969 -164.6295  131.8284
   -0.5005    0.0304    0.8652
    0.5406   -0.7697    0.3397
    0.6763    0.6377    0.3688
...    92 T-A ...
  -54.5472 -162.3414  133.0002
   -0.0885   -0.4010    0.9118
    0.7423   -0.6370   -0.2081
    0.6642    0.6584    0.3540
...    93 C-G ...
  -52.5033 -159.9824  134.3249
    0.4184   -0.6651    0.6185
    0.6366   -0.2710   -0.7220
    0.6478    0.6959    0.3100
...    94 C-G ...
  -50.5066 -157.5768  135.3626
    0.6365   -0.7614    0.1232
    0.3107    0.1069   -0.9445
    0.7059    0.6395    0.3046
...    95 G-C ...
  -48.4766 -155.3441  135.9280
    0.6380   -0.6606   -0.3958
   -0.0859    0.4497   -0.8890
    0.7653    0.6012    0.2302
...    96 G-C ...
  -45.7906 -153.5614  136.7628
    0.4091   -0.3612   -0.8379
   -0.4401    0.7263   -0.5280
    0.7993    0.5848    0.1382
...    97 C-G ...
  -42.8272 -152.1157  137.2620
    0.0544    0.0419   -0.9976
   -0.6027    0.7979    0.0006
    0.7961    0.6013    0.0687
...    98 T-A ...
  -39.9571 -150.4426  137.2864
   -0.3469    0.3514   -0.8696
   -0.5395    0.6836    0.4915
    0.7672    0.6397   -0.0476
...    99 C-G ...
  -37.6919 -148.1814  136.7452
   -0.6490    0.6007   -0.4668
   -0.2068    0.4511    0.8682
    0.7321    0.6600   -0.1685
...   100 G-C ...
  -35.5539 -145.6542  136.4908
   -0.7247    0.6806    0.1072
    0.2435    0.1074    0.9639
    0.6446    0.7247   -0.2436
...   101 T-A ...
  -33.8600 -143.1049  134.9963
   -0.4944    0.6270    0.6021
    0.6132   -0.2394    0.7528
    0.6161    0.7414   -0.2662
...   102 T-A ...
  -32.0760 -140.6041  133.9866
   -0.0506    0.3853    0.9214
    0.7918   -0.5468    0.2722
    0.6087    0.7433   -0.2774
...   103 C-G ...
  -29.8868 -138.2525  133.1756
    0.4311    0.0074    0.9023
    0.6890   -0.6483   -0.3239
    0.5826    0.7613   -0.2846
...   104 A-T ...
  -28.1349 -135.6147  132.0287
    0.6860   -0.4006    0.6074
    0.3728   -0.5234   -0.7662
    0.6249    0.7520   -0.2097
...   105 T-A ...
  -26.2313 -132.9875  131.7984
    0.7702   -0.6183    0.1563
   -0.0144   -0.2620   -0.9650
    0.6376    0.7410   -0.2107
...   106 G-C ...
  -23.9885 -130.4338  131.2679
    0.5794   -0.7074   -0.4048
   -0.4708    0.1149   -0.8747
    0.6653    0.6974   -0.2665
...   107 T-A ...
  -21.4288 -128.3517  130.8769
    0.2435   -0.5663   -0.7874
   -0.7118    0.4472   -0.5417
    0.6589    0.6923   -0.2942
...   108 T-A ...
  -19.2116 -126.3739  129.8645
   -0.2090   -0.3030   -0.9298
   -0.7326    0.6783   -0.0564
    0.6477    0.6694   -0.3638
...   109 A-T ...
  -17.2728 -124.1911  128.4245
   -0.6391   -0.0246   -0.7687
   -0.5159    0.7550    0.4048
    0.5705    0.6552   -0.4952
...   110 T-A ...
  -15.2747 -122.6837  126.3994
   -0.8160    0.3332   -0.4723
   -0.1397    0.6792    0.7205
    0.5609    0.6540   -0.5077
...   111 A-T ...
  -13.6337 -120.4687  124.6202
   -0.8278    0.5605    0.0256
    0.3304    0.4500    0.8297
    0.4535    0.6952   -0.5577
...   112 A-T ...
  -12.3939 -118.3157  122.6633
   -0.5420    0.6891    0.4811
    0.7299    0.1023    0.6758
    0.4165    0.7174   -0.5584
...   113 C-G ...
  -11.7191 -115.7998  120.4028
   -0.0693    0.6383    0.7667
    0.9097   -0.2750    0.3111
    0.4094    0.7190   -0.5616
...   114 G-C ...
  -10.1341 -113.3998  118.8718
    0.4136    0.3134    0.8548
    0.8156   -0.5448   -0.1948
    0.4046    0.7778   -0.4810
...   115 G-C ...
   -8.8613 -110.6635  117.5601
    0.7371   -0.0756    0.6715
    0.5032   -0.6019   -0.6201
    0.4511    0.7950   -0.4056
...   116 A-T ...
   -7.5119 -107.8750  116.3533
    0.8821   -0.4225    0.2082
   -0.0081   -0.4557   -0.8901
    0.4710    0.7835   -0.4054
...   117 A-T ...
   -5.9100 -105.2287  115.2839
    0.7251   -0.6034   -0.3318
   -0.5122   -0.1505   -0.8456
    0.4603    0.7831   -0.4182
...   118 T-A ...
   -3.9221 -102.7210  114.4181
    0.3710   -0.5853   -0.7210
   -0.8121    0.1722   -0.5576
    0.4505    0.7923   -0.4114
...   119 A-T ...
   -2.5858 -100.1083  112.8868
   -0.1725   -0.4566   -0.8728
   -0.8715    0.4837   -0.0808
    0.4590    0.7467   -0.4813
...   120 A-T ...
   -0.8912  -97.9444  111.1847
   -0.6428   -0.1524   -0.7507
   -0.6308    0.6613    0.4059
    0.4346    0.7345   -0.5212
...   121 T-A ...
    0.7918  -96.0194  109.0571
   -0.8780    0.1942   -0.4376
   -0.2177    0.6520    0.7262
    0.4263    0.7329   -0.5302
...   122 G-C ...
    2.0568  -93.6379  106.8965
   -0.8899    0.4456    0.0978
    0.3176    0.4512    0.8340
    0.3275    0.7732   -0.5430
...   123 T-A ...
    2.7189  -91.2651  104.7716
   -0.6355    0.5900    0.4981
    0.7102    0.1934    0.6770
    0.3031    0.7839   -0.5419
...   124 G-C ...
    3.4749  -88.5836  102.9647
   -0.1633    0.5307    0.8317
    0.9534   -0.1317    0.2713
    0.2535    0.8373   -0.4845
...   125 T-A ...
    3.7500  -85.8339  101.3173
    0.3304    0.3539    0.8750
    0.9088   -0.3695   -0.1938
    0.2547    0.8592   -0.4437
...   126 C-G ...
    4.5359  -83.0643  100.0404
    0.7945    0.0811    0.6019
    0.5580   -0.4888   -0.6706
    0.2398    0.8686   -0.4336
...   127 G-C ...
    5.6751  -80.5242   98.3292
    0.9228   -0.2928    0.2505
    0.1078   -0.4279   -0.8974
    0.3699    0.8551   -0.3633
...   128 A-T ...
    6.7557  -77.7806   97.2182
    0.8142   -0.4902   -0.3112
   -0.4500   -0.1940   -0.8717
    0.3670    0.8497   -0.3785
...   129 C-G ...
    8.4296  -75.0057   96.5980
    0.4457   -0.5542   -0.7030
   -0.8043    0.0968   -0.5862
    0.3930    0.8267   -0.4026
...   130 C-G ...
   10.3371  -72.5671   95.1574
   -0.0686   -0.5111   -0.8568
   -0.9029    0.3970   -0.1645
    0.4242    0.7623   -0.4888
...   131 A-T ...
   11.1410  -69.8517   93.4141
   -0.5912   -0.2850   -0.7545
   -0.7132    0.6215    0.3241
    0.3765    0.7297   -0.5707
...   132 A-T ...
   12.4298  -67.6426   91.3534
   -0.8881    0.1111   -0.4460
   -0.2609    0.6770    0.6882
    0.3784    0.7275   -0.5723
...   133 A-T ...
   13.7109  -65.5421   89.1773
   -0.8576    0.5140    0.0171
    0.2970    0.4678    0.8324
    0.4199    0.7190   -0.5539
...   134 T-A ...
   14.7283  -63.4123   86.8245
   -0.5924    0.6746    0.4405
    0.6886    0.1400    0.7115
    0.4183    0.7248   -0.5474
...   135 G-C ...
   15.7211  -61.4788   83.9378
    0.0342    0.7399    0.6718
    0.8637   -0.3601    0.3526
    0.5028    0.5682   -0.6514
...   136 T-A ...
   15.7739  -59.5464   80.8037
    0.5516    0.4996    0.6680
    0.6739   -0.7388   -0.0038
    0.4916    0.4523   -0.7442
...   137 G-C ...
   16.8280  -57.7076   78.2738
    0.8528   -0.0847    0.5152
    0.1508   -0.9047   -0.3984
    0.4999    0.4175   -0.7588
...   138 A-T ...
   18.4176  -55.5141   76.5363
    0.8547   -0.5007    0.1370
   -0.3189   -0.7148   -0.6224
    0.4096    0.4883   -0.7706
...   139 G-C ...
   20.4152  -54.2945   74.5497
    0.5847   -0.7389   -0.3350
   -0.7594   -0.3532   -0.5465
    0.2854    0.5739   -0.7676
...   140 C-G ...
   21.4163  -51.8107   72.7950
    0.1305   -0.7142   -0.6876
   -0.8897    0.2217   -0.3991
    0.4375    0.6639   -0.6065
...   141 G-C ...
   22.1406  -50.1330   67.4725
   -0.4682   -0.8748    0.1248
   -0.8495    0.4067   -0.3362
    0.2434   -0.2634   -0.9335
...   142 C-G ...
   22.3377  -51.2252   64.5019
   -0.8529   -0.5117   -0.1032
   -0.4974    0.8566   -0.1372
    0.1587   -0.0657   -0.9851
...   143 T-A ...
   24.0060  -51.6201   61.9333
   -0.9563    0.0399   -0.2897
    0.0522    0.9980   -0.0348
    0.2877   -0.0484   -0.9565
...   144 C-G ...
   24.8857  -52.7207   58.9948
   -0.7530    0.5560   -0.3520
    0.5213    0.8304    0.1966
    0.4016   -0.0355   -0.9151
...   145 A-T ...
   25.5174  -52.9610   55.8128
   -0.2441    0.9563   -0.1609
    0.8907    0.2867    0.3528
    0.3835   -0.0571   -0.9218
...   146 C-G ...
   25.2677  -52.4925   52.0871
    0.3203    0.9428   -0.0928
    0.8825   -0.2613    0.3910
    0.3444   -0.2071   -0.9157
...   147 A-T ...
   25.6133  -52.5732   48.6479
    0.8597    0.5097    0.0339
    0.4498   -0.7866    0.4230
    0.2423   -0.3484   -0.9055
