  147 base-pairs
...     1 T-A ...
    0.0000    0.0000    0.0000
    1.0000    0.0000    0.0000
    0.0000    1.0000    0.0000
    0.0000    0.0000    1.0000
...     2 G-C ...
   -0.5555   -1.1003    3.3981
    0.7749    0.6051    0.1828
   -0.5991    0.7953   -0.0929
   -0.2016   -0.0375    0.9787
...     3 T-A ...
   -0.6619   -3.0237    6.5348
    0.3046    0.9250    0.2271
   -0.8994    0.3578   -0.2510
   -0.3134   -0.1278    0.9410
...     4 G-C ...
   -1.1607   -3.8418    9.6940
   -0.3351    0.9421    0.0133
   -0.8752   -0.3061   -0.3746
   -0.3489   -0.1372    0.9271
...     5 A-T ...
   -1.3881   -3.6770   12.8999
   -0.7835    0.6162   -0.0801
   -0.5677   -0.7622   -0.3109
   -0.2527   -0.1981    0.9470
...     6 G-C ...
   -2.6236   -3.5448   15.7072
   -0.9923    0.0611   -0.1075
   -0.0294   -0.9610   -0.2748
   -0.1201   -0.2695    0.9555
...     7 C-G ...
   -2.3138   -3.7570   18.8866
   -0.8620   -0.4995   -0.0864
    0.5008   -0.8655    0.0073
   -0.0785   -0.0370    0.9962
...     8 G-C ...
   -3.9561   -6.8109   23.3205
   -0.2581   -0.3560   -0.8981
    0.6294   -0.7673    0.1233
   -0.7330   -0.5335    0.4221
...     9 C-G ...
   -6.1177   -8.9414   24.2385
    0.1143   -0.7320   -0.6716
    0.8123   -0.3203    0.4874
   -0.5720   -0.6013    0.5580
...    10 T-A ...
   -8.5041   -9.6771   26.0540
    0.4660   -0.8587   -0.2131
    0.6274    0.1508    0.7640
   -0.6239   -0.4897    0.6090
...    11 C-G ...
  -11.0625  -11.3174   27.2336
    0.6660   -0.6911    0.2808
    0.3382    0.6152    0.7121
   -0.6649   -0.3794    0.6435
...    12 A-T ...
  -13.0013  -13.1789   29.0658
    0.7188   -0.1490    0.6790
   -0.1787    0.9043    0.3876
   -0.6718   -0.4000    0.6235
...    13 C-G ...
  -14.1788  -15.9359   31.3399
    0.4052    0.2865    0.8682
   -0.5270    0.8492   -0.0343
   -0.7470   -0.4437    0.4951
...    14 A-T ...
  -15.9532  -18.1566   33.3080
   -0.1503    0.6873    0.7107
   -0.6106    0.5008   -0.6135
   -0.7776   -0.5261    0.3444
...    15 A-T ...
  -18.3692  -19.9993   34.4214
   -0.4586    0.8579    0.2316
   -0.3947    0.0369   -0.9181
   -0.7962   -0.5124    0.3217
...    16 T-A ...
  -20.7680  -21.6128   36.1842
   -0.6263    0.7265   -0.2827
   -0.0718   -0.4149   -0.9070
   -0.7763   -0.5478    0.3120
...    17 T-A ...
  -23.3223  -23.1995   37.5267
   -0.5696    0.3331   -0.7514
    0.3207   -0.7517   -0.5763
   -0.7568   -0.5692    0.3214
...    18 T-A ...
  -25.8777  -24.8745   38.5432
   -0.2573   -0.0980   -0.9614
    0.5716   -0.8176   -0.0696
   -0.7791   -0.5675    0.2663
...    19 A-T ...
  -28.4307  -26.8385   39.1390
    0.1783   -0.4258   -0.8870
    0.5967   -0.6700    0.4416
   -0.7824   -0.6080    0.1346
...    20 T-A ...
  -31.3469  -28.4057   39.0905
    0.4591   -0.7013   -0.5454
    0.4222   -0.3679    0.8285
   -0.7817   -0.6106    0.1272
...    21 T-A ...
  -33.9822  -30.3521   39.1722
    0.6201   -0.7845    0.0075
    0.0806    0.0733    0.9940
   -0.7804   -0.6158    0.1087
...    22 C-G ...
  -36.4781  -32.4579   39.4520
    0.5782   -0.5817    0.5721
   -0.3052    0.4961    0.8128
   -0.7567   -0.6446    0.1093
...    23 G-C ...
  -39.0684  -34.3778   40.4018
    0.4105   -0.1237    0.9034
   -0.6102    0.6990    0.3729
   -0.6776   -0.7044    0.2115
...    24 C-G ...
  -41.0105  -36.9413   41.0010
    0.0713    0.2975    0.9520
   -0.7333    0.6627   -0.1522
   -0.6762   -0.6873    0.2654
...    25 A-T ...
  -43.5350  -38.9666   41.6238
   -0.3111    0.6616    0.6822
   -0.6463    0.3790   -0.6623
   -0.6968   -0.6470    0.3097
...    26 A-T ...
  -45.7252  -41.0881   42.8305
   -0.6196    0.7605    0.1944
   -0.3613   -0.0565   -0.9307
   -0.6968   -0.6469    0.3098
...    27 A-T ...
  -47.8609  -43.1287   44.1936
   -0.7261    0.5815   -0.3669
    0.0681   -0.4702   -0.8799
   -0.6842   -0.6639    0.3019
...    28 G-C ...
  -50.3518  -44.9787   45.4903
   -0.5412    0.2882   -0.7900
    0.4222   -0.7193   -0.5517
   -0.7273   -0.6321    0.2676
...    29 G-C ...
  -53.1380  -46.8085   46.3363
   -0.1557   -0.1028   -0.9824
    0.6390   -0.7689   -0.0208
   -0.7533   -0.6310    0.1855
...    30 C-G ...
  -55.8862  -48.5538   46.6589
    0.2562   -0.4605   -0.8499
    0.6066   -0.6080    0.5123
   -0.7526   -0.6468    0.1235
...    31 C-G ...
  -58.6295  -50.4739   46.8964
    0.6029   -0.6605   -0.4475
    0.3618   -0.2736    0.8912
   -0.7111   -0.6992    0.0740
...    32 G-C ...
  -60.6004  -52.7538   47.2527
    0.7777   -0.6272    0.0413
   -0.0054    0.0590    0.9982
   -0.6286   -0.7766    0.0425
...    33 G-C ...
  -62.2644  -55.6782   47.1597
    0.6921   -0.4425    0.5703
   -0.4482    0.3559    0.8200
   -0.5658   -0.8231    0.0480
...    34 C-G ...
  -63.7797  -58.5756   47.0803
    0.3702   -0.1373    0.9187
   -0.7595    0.5247    0.3845
   -0.5348   -0.8402    0.0899
...    35 C-G ...
  -65.1628  -61.6353   47.6190
   -0.0668    0.2233    0.9725
   -0.8554    0.4890   -0.1710
   -0.5137   -0.8432    0.1584
...    36 C-G ...
  -66.6845  -64.4923   48.3977
   -0.4905    0.4931    0.7185
   -0.7086    0.2544   -0.6582
   -0.5073   -0.8320    0.2247
...    37 G-C ...
  -68.7486  -67.1582   48.4139
   -0.7579    0.6111    0.2285
   -0.3333   -0.0616   -0.9408
   -0.5609   -0.7891    0.2503
...    38 A-T ...
  -70.4420  -69.6863   49.2397
   -0.8085    0.4669   -0.3584
    0.1746   -0.3913   -0.9036
   -0.5621   -0.7931    0.2348
...    39 C-G ...
  -72.5942  -71.8510   50.2565
   -0.5839    0.2342   -0.7773
    0.5549   -0.5837   -0.5927
   -0.5925   -0.7775    0.2109
...    40 A-T ...
  -74.7126  -74.3436   50.8345
   -0.1265   -0.0726   -0.9893
    0.7792   -0.6245   -0.0538
   -0.6139   -0.7777    0.1356
...    41 C-G ...
  -77.0999  -76.6269   50.8922
    0.3041   -0.3423   -0.8890
    0.7341   -0.5105    0.4477
   -0.6071   -0.7888    0.0961
...    42 G-C ...
  -78.7518  -79.4287   51.4681
    0.7088   -0.5100   -0.4875
    0.4296   -0.2361    0.8716
   -0.5596   -0.8272    0.0518
...    43 A-T ...
  -80.6332  -81.9464   51.6312
    0.8349   -0.5413    0.0995
   -0.0409    0.1193    0.9920
   -0.5488   -0.8323    0.0775
...    44 C-G ...
  -82.2523  -84.7807   51.1753
    0.7300   -0.3475    0.5886
   -0.4740    0.3630    0.8022
   -0.4924   -0.8646    0.1002
...    45 T-A ...
  -83.4145  -88.1798   51.2707
    0.3813   -0.0318    0.9239
   -0.8019    0.4858    0.3477
   -0.4599   -0.8735    0.1598
...    46 T-A ...
  -84.5795  -91.1462   51.6953
   -0.0325    0.2346    0.9715
   -0.8951    0.4257   -0.1327
   -0.4447   -0.8739    0.1962
...    47 A-T ...
  -85.8555  -94.0115   52.6774
   -0.4263    0.5418    0.7244
   -0.7717    0.2000   -0.6037
   -0.4720   -0.8163    0.3329
...    48 C-G ...
  -87.0134  -96.6137   54.3871
   -0.7521    0.5892    0.2954
   -0.4531   -0.1367   -0.8809
   -0.4786   -0.7963    0.3698
...    49 T-A ...
  -88.5108  -99.0274   56.1682
   -0.8435    0.4883   -0.2237
   -0.0353   -0.4660   -0.8841
   -0.5359   -0.7378    0.4103
...    50 G-C ...
  -90.4729 -101.4479   57.3613
   -0.6726    0.1935   -0.7142
    0.4355   -0.6768   -0.5935
   -0.5982   -0.7103    0.3709
...    51 T-A ...
  -92.7470 -103.3100   58.6411
   -0.3529   -0.1702   -0.9201
    0.7141   -0.6844   -0.1473
   -0.6046   -0.7090    0.3630
...    52 A-T ...
  -94.4152 -105.8834   59.8923
    0.1520   -0.5565   -0.8168
    0.7915   -0.4265    0.4378
   -0.5920   -0.7130    0.3756
...    53 G-C ...
  -96.5403 -108.0575   61.0219
    0.5640   -0.6336   -0.5295
    0.6295   -0.0852    0.7723
   -0.5345   -0.7689    0.3508
...    54 G-C ...
  -98.7945 -110.8750   61.4666
    0.8547   -0.5121   -0.0851
    0.2477    0.2581    0.9338
   -0.4562   -0.8192    0.3474
...    55 T-A ...
 -100.1556 -113.7107   62.1844
    0.8869   -0.2712    0.3741
   -0.2111    0.4824    0.8501
   -0.4110   -0.8329    0.3706
...    56 A-T ...
 -101.0022 -116.9699   63.0358
    0.6917    0.1601    0.7042
   -0.6676    0.5138    0.5388
   -0.2756   -0.8428    0.4623
...    57 T-A ...
 -101.2903 -119.9645   64.2781
    0.2995    0.4305    0.8514
   -0.9235    0.3549    0.1455
   -0.2395   -0.8299    0.5039
...    58 C-G ...
 -101.7768 -122.7650   66.2020
   -0.3088    0.5971    0.7404
   -0.9252   -0.0081   -0.3793
   -0.2205   -0.8021    0.5549
...    59 T-A ...
 -102.3350 -125.2029   68.3126
   -0.7280    0.5570    0.3997
   -0.6432   -0.3533   -0.6793
   -0.2372   -0.7516    0.6155
...    60 C-G ...
 -103.5889 -127.5435   70.1632
   -0.9653    0.2513   -0.0709
   -0.1225   -0.6755   -0.7272
   -0.2306   -0.6932    0.6828
...    61 G-C ...
 -104.3805 -130.1876   71.9006
   -0.8758   -0.1360   -0.4632
    0.4031   -0.7340   -0.5465
   -0.2657   -0.6653    0.6977
...    62 A-T ...
 -105.0012 -132.4863   74.1746
   -0.4608   -0.5494   -0.6970
    0.8529   -0.4914   -0.1765
   -0.2456   -0.6758    0.6950
...    63 G-C ...
 -105.9137 -134.6838   76.4319
    0.0631   -0.7232   -0.6877
    0.9773   -0.0948    0.1893
   -0.2021   -0.6841    0.7008
...    64 C-G ...
 -107.0228 -137.0094   78.6786
    0.6225   -0.6140   -0.4853
    0.7669    0.3548    0.5348
   -0.1562   -0.7051    0.6917
...    65 T-A ...
 -107.7582 -139.5186   80.7518
    0.9327   -0.2865   -0.2192
    0.3557    0.6290    0.6912
   -0.0602   -0.7226    0.6886
...    66 C-G ...
 -107.8986 -142.0704   82.9283
    0.9778    0.1675    0.1258
   -0.2069    0.6778    0.7055
    0.0329   -0.7159    0.6975
...    67 G-C ...
 -107.4929 -143.9892   85.4251
    0.7279    0.5834    0.3604
   -0.6643    0.4695    0.5816
    0.1701   -0.6627    0.7293
...    68 G-C ...
 -106.5108 -146.0906   87.7848
    0.2509    0.8066    0.5352
   -0.9394    0.0694    0.3358
    0.2337   -0.5870    0.7751
...    69 G-C ...
 -105.2982 -147.6226   90.5358
   -0.3134    0.7798    0.5420
   -0.9076   -0.4139    0.0707
    0.2795   -0.4697    0.8374
...    70 A-T ...
 -104.1460 -148.9484   93.3372
   -0.7860    0.3855    0.4832
   -0.5379   -0.8118   -0.2273
    0.3047   -0.4386    0.8455
...    71 T-A ...
 -102.9795 -149.7942   96.3211
   -0.9486   -0.0951    0.3020
   -0.0472   -0.9006   -0.4321
    0.3131   -0.4241    0.8498
...    72 C-G ...
 -102.0404 -150.9632   99.3401
   -0.7666   -0.6419    0.0160
    0.5351   -0.6525   -0.5365
    0.3548   -0.4027    0.8437
...    73 C-G ...
 -101.0253 -152.2307  102.2104
   -0.3938   -0.8629   -0.3169
    0.8569   -0.2198   -0.4662
    0.3326   -0.4551    0.8260
...    74 G-C ...
  -99.4717 -153.7435  104.6423
    0.1195   -0.8001   -0.5878
    0.9234    0.3071   -0.2303
    0.3648   -0.5152    0.7755
...    75 C-G ...
  -98.6744 -155.5641  107.4781
    0.6067   -0.4662   -0.6439
    0.6737    0.7315    0.1050
    0.4221   -0.4975    0.7579
...    76 T-A ...
  -97.5358 -157.5499  110.0136
    0.8362    0.0529   -0.5458
    0.2231    0.8764    0.4268
    0.5010   -0.4787    0.7210
...    77 T-A ...
  -95.8019 -159.3657  112.0339
    0.7863    0.5519   -0.2777
   -0.2699    0.7112    0.6491
    0.5557   -0.4355    0.7082
...    78 T-A ...
  -93.8697 -160.6636  114.2093
    0.4492    0.8932    0.0208
   -0.6257    0.2979    0.7209
    0.6377   -0.3369    0.6927
...    79 A-T ...
  -91.3966 -161.2617  116.4460
   -0.1087    0.9648    0.2395
   -0.7027   -0.2450    0.6680
    0.7032   -0.0956    0.7046
...    80 A-T ...
  -89.0273 -161.2916  118.5174
   -0.5044    0.6856    0.5249
   -0.4884   -0.7278    0.4814
    0.7121   -0.0135    0.7020
...    81 C-G ...
  -86.4928 -160.6404  120.6181
   -0.6657    0.1939    0.7206
   -0.1164   -0.9808    0.1565
    0.7371    0.0203    0.6755
...    82 A-T ...
  -84.1835 -160.5036  123.0248
   -0.6170   -0.4202    0.6654
    0.3133   -0.9068   -0.2822
    0.7219    0.0344    0.6911
...    83 C-G ...
  -82.1221 -159.8120  125.6752
   -0.3465   -0.8348    0.4278
    0.5866   -0.5487   -0.5957
    0.7320    0.0446    0.6798
...    84 T-A ...
  -80.0466 -159.4598  128.6681
    0.0566   -0.9971    0.0517
    0.6525   -0.0022   -0.7578
    0.7556    0.0767    0.6505
...    85 T-A ...
  -77.8493 -159.2798  131.0584
    0.4490   -0.8131   -0.3704
    0.4737    0.5682   -0.6729
    0.7576    0.1267    0.6403
...    86 T-A ...
  -75.4799 -158.9854  133.2595
    0.6141   -0.3578   -0.7035
    0.1253    0.9242   -0.3608
    0.7793    0.1334    0.6123
...    87 A-T ...
  -72.8156 -158.4054  135.0328
    0.4530    0.1351   -0.8812
   -0.2060    0.9776    0.0440
    0.8674    0.1616    0.4706
...    88 T-A ...
  -69.8252 -158.4879  136.1381
    0.2246    0.5481   -0.8057
   -0.3797    0.8107    0.4456
    0.8974    0.2058    0.3902
...    89 G-C ...
  -66.6811 -157.7968  137.0830
   -0.1529    0.8935   -0.4222
   -0.3943    0.3366    0.8552
    0.9062    0.2972    0.3008
...    90 C-G ...
  -63.7316 -156.4556  137.5002
   -0.4093    0.9094    0.0739
   -0.2218   -0.1778    0.9587
    0.8850    0.3760    0.2745
...    91 T-A ...
  -60.9379 -154.3945  138.0734
   -0.4609    0.6546    0.5992
    0.1357   -0.6153    0.7765
    0.8770    0.4392    0.1948
...    92 T-A ...
  -58.2507 -152.6958  138.5601
   -0.3131    0.1899    0.9305
    0.4070   -0.8584    0.3121
    0.8581    0.4765    0.1915
...    93 C-G ...
  -55.5254 -150.8486  139.2848
    0.0276   -0.3371    0.9411
    0.5238   -0.7970   -0.3009
    0.8514    0.5012    0.1546
...    94 C-G ...
  -52.8088 -149.0944  139.9231
    0.2476   -0.7348    0.6315
    0.4381   -0.4964   -0.7494
    0.8642    0.4622    0.1990
...    95 G-C ...
  -50.1082 -147.6758  140.1144
    0.3781   -0.9139    0.1479
    0.2299   -0.0621   -0.9712
    0.8968    0.4012    0.1866
...    96 G-C ...
  -47.0696 -146.5304  140.9428
    0.3794   -0.8199   -0.4287
   -0.0360    0.4499   -0.8923
    0.9245    0.3540    0.1412
...    97 C-G ...
  -43.9350 -145.7441  141.7797
    0.2466   -0.4686   -0.8483
   -0.2562    0.8127   -0.5233
    0.9346    0.3464    0.0804
...    98 T-A ...
  -40.6179 -144.9792  142.1219
   -0.0029    0.0314   -0.9995
   -0.3424    0.9391    0.0305
    0.9396    0.3423    0.0080
...    99 T-A ...
  -37.5734 -144.0647  141.9697
   -0.2765    0.4955   -0.8234
   -0.2577    0.7872    0.5603
    0.9258    0.3671   -0.0900
...   100 C-G ...
  -34.8562 -142.4634  141.4979
   -0.4654    0.8050   -0.3678
   -0.0059    0.4127    0.9108
    0.8851    0.4261   -0.1873
...   101 A-T ...
  -32.0317 -141.1654  139.9011
   -0.5193    0.8407    0.1535
    0.3378    0.0369    0.9405
    0.7850    0.5403   -0.3032
...   102 T-A ...
  -29.8023 -139.2675  138.5019
   -0.3210    0.7284    0.6053
    0.5672   -0.3639    0.7388
    0.7584    0.5805   -0.2963
...   103 G-C ...
  -27.4890 -137.0471  137.3849
    0.0341    0.3543    0.9345
    0.6730   -0.6995    0.2406
    0.7389    0.6207   -0.2623
...   104 T-A ...
  -25.4703 -134.5044  136.4445
    0.4031   -0.0663    0.9128
    0.5483   -0.7811   -0.2989
    0.7327    0.6209   -0.2785
...   105 T-A ...
  -23.2743 -132.3212  135.5867
    0.6697   -0.4722    0.5731
    0.2221   -0.6090   -0.7614
    0.7086    0.6373   -0.3030
...   106 A-T ...
  -20.9295 -130.3064  134.1873
    0.6687   -0.7433   -0.0163
   -0.2579   -0.2113   -0.9428
    0.6974    0.6347   -0.3330
...   107 T-A ...
  -18.4522 -128.2603  133.7597
    0.4606   -0.7440   -0.4840
   -0.5697    0.1704   -0.8040
    0.6807    0.6460   -0.3454
...   108 A-T ...
  -16.3472 -126.0810  132.3893
    0.0044   -0.5678   -0.8231
   -0.7226    0.5672   -0.3951
    0.6912    0.5966   -0.4078
...   109 A-T ...
  -14.0643 -124.3790  131.0346
   -0.4189   -0.2190   -0.8812
   -0.6138    0.7834    0.0971
    0.6691    0.5816   -0.4626
...   110 C-G ...
  -11.5740 -123.0829  129.1374
   -0.7086    0.2025   -0.6760
   -0.2950    0.7852    0.5444
    0.6410    0.5852   -0.4967
...   111 G-C ...
   -9.9384 -120.7973  127.4914
   -0.8547    0.4765   -0.2057
    0.1516    0.6083    0.7791
    0.4964    0.6347   -0.5922
...   112 G-C ...
   -8.9320 -118.4993  125.3538
   -0.7073    0.6448    0.2898
    0.6011    0.3328    0.7266
    0.3720    0.6881   -0.6230
...   113 A-T ...
   -8.0529 -116.1297  123.3125
   -0.2523    0.6798    0.6886
    0.9123   -0.0702    0.4036
    0.3227    0.7300   -0.6024
...   114 C-G ...
   -7.6938 -113.4774  121.3395
    0.2432    0.5456    0.8020
    0.9254   -0.3783   -0.0233
    0.2907    0.7479   -0.5968
...   115 G-C ...
   -6.7198 -110.8375  119.4956
    0.6819    0.1667    0.7122
    0.6491   -0.5869   -0.4840
    0.3373    0.7923   -0.5084
...   116 T-A ...
   -5.6792 -107.9303  118.3387
    0.9107   -0.1932    0.3652
    0.1931   -0.5823   -0.7897
    0.3652    0.7897   -0.4930
...   117 A-T ...
   -4.3536 -105.0461  117.0929
    0.8338   -0.5359   -0.1325
   -0.3636   -0.3527   -0.8622
    0.4153    0.7671   -0.4889
...   118 T-A ...
   -2.6579 -102.4571  116.1083
    0.5460   -0.6316   -0.5503
   -0.7356   -0.0471   -0.6758
    0.4009    0.7738   -0.4903
...   119 A-T ...
   -1.5424  -99.8665  114.2904
   -0.0091   -0.5738   -0.8189
   -0.9104    0.3435   -0.2306
    0.4136    0.7435   -0.5255
...   120 A-T ...
    0.0497  -97.6696  112.5219
   -0.5312   -0.3140   -0.7869
   -0.7483    0.6094    0.2620
    0.3973    0.7280   -0.5587
...   121 T-A ...
    1.7059  -95.7529  110.3598
   -0.8429    0.0383   -0.5367
   -0.3680    0.6866    0.6270
    0.3925    0.7260   -0.5647
...   122 G-C ...
    2.9264  -93.3975  108.1372
   -0.9353    0.3531   -0.0226
    0.1900    0.5552    0.8097
    0.2985    0.7531   -0.5863
...   123 T-A ...
    3.5671  -91.1535  105.8487
   -0.7260    0.5651    0.3920
    0.6295    0.3164    0.7097
    0.2770    0.7620   -0.5854
...   124 G-C ...
    4.2775  -88.5594  103.8646
   -0.2644    0.5808    0.7699
    0.9385   -0.0289    0.3441
    0.2221    0.8135   -0.5375
...   125 T-A ...
    4.4687  -85.9321  102.0182
    0.2448    0.4457    0.8610
    0.9442   -0.3116   -0.1072
    0.2205    0.8392   -0.4971
...   126 C-G ...
    5.1391  -83.2111  100.5564
    0.7492    0.1844    0.6361
    0.6294   -0.4973   -0.5971
    0.2063    0.8477   -0.4887
...   127 G-C ...
    6.2252  -80.7245   98.6785
    0.9262   -0.2172    0.3082
    0.1730   -0.4813   -0.8593
    0.3349    0.8492   -0.4082
...   128 A-T ...
    7.2074  -77.9944   97.4179
    0.8518   -0.4607   -0.2496
   -0.4041   -0.2744   -0.8726
    0.3335    0.8441   -0.4199
...   129 C-G ...
    8.7407  -75.1610   96.6908
    0.4974   -0.5696   -0.6543
   -0.7880    0.0187   -0.6154
    0.3628    0.8217   -0.4395
...   130 C-G ...
   10.5237  -72.6811   95.1619
   -0.0239   -0.5536   -0.8325
   -0.9157    0.3462   -0.2040
    0.4011    0.7574   -0.5152
...   131 A-T ...
   11.1722  -69.8961   93.3997
   -0.5733   -0.3087   -0.7590
   -0.7323    0.6084    0.3058
    0.3674    0.7311   -0.5749
...   132 A-T ...
   12.4340  -67.6661   91.3382
   -0.8855    0.0977   -0.4542
   -0.2756    0.6766    0.6828
    0.3740    0.7298   -0.5722
...   133 A-T ...
   13.7094  -65.5546   89.1708
   -0.8619    0.5070    0.0106
    0.2882    0.4726    0.8328
    0.4173    0.7208   -0.5534
...   134 T-A ...
   14.7284  -63.4124   86.8244
   -0.5924    0.6746    0.4405
    0.6886    0.1400    0.7115
    0.4183    0.7248   -0.5474
...   135 G-C ...
   15.7213  -61.4790   83.9377
    0.0342    0.7399    0.6718
    0.8637   -0.3601    0.3526
    0.5028    0.5682   -0.6514
...   136 T-A ...
   15.7741  -59.5466   80.8035
    0.5516    0.4996    0.6680
    0.6739   -0.7388   -0.0038
    0.4916    0.4523   -0.7442
...   137 G-C ...
   16.8282  -57.7077   78.2737
    0.8528   -0.0847    0.5152
    0.1508   -0.9047   -0.3984
    0.4999    0.4175   -0.7588
...   138 A-T ...
   18.4177  -55.5143   76.5362
    0.8547   -0.5007    0.1370
   -0.3189   -0.7148   -0.6224
    0.4096    0.4883   -0.7706
...   139 G-C ...
   20.4154  -54.2947   74.5496
    0.5847   -0.7389   -0.3350
   -0.7594   -0.3532   -0.5465
    0.2854    0.5739   -0.7676
...   140 C-G ...
   21.4165  -51.8109   72.7949
    0.1305   -0.7142   -0.6876
   -0.8897    0.2217   -0.3991
    0.4375    0.6639   -0.6065
...   141 G-C ...
   22.1408  -50.1332   67.4724
   -0.4682   -0.8748    0.1248
   -0.8495    0.4067   -0.3362
    0.2434   -0.2634   -0.9335
...   142 C-G ...
   22.3379  -51.2254   64.5018
   -0.8529   -0.5117   -0.1032
   -0.4974    0.8566   -0.1372
    0.1587   -0.0657   -0.9851
...   143 T-A ...
   24.0061  -51.6203   61.9332
   -0.9563    0.0399   -0.2897
    0.0522    0.9980   -0.0348
    0.2877   -0.0484   -0.9565
...   144 C-G ...
   24.8858  -52.7209   58.9947
   -0.7530    0.5560   -0.3520
    0.5213    0.8304    0.1966
    0.4016   -0.0355   -0.9151
...   145 A-T ...
   25.5175  -52.9612   55.8126
   -0.2441    0.9563   -0.1609
    0.8907    0.2867    0.3528
    0.3835   -0.0571   -0.9218
...   146 C-G ...
   25.2679  -52.4926   52.0870
    0.3203    0.9428   -0.0928
    0.8825   -0.2613    0.3910
    0.3444   -0.2071   -0.9157
...   147 A-T ...
   25.6134  -52.5734   48.6478
    0.8597    0.5097    0.0339
    0.4498   -0.7866    0.4230
    0.2423   -0.3484   -0.9055
