  147 base-pairs
...     1 T-A ...
    0.0000    0.0000    0.0000
    1.0000    0.0000    0.0000
    0.0000    1.0000    0.0000
    0.0000    0.0000    1.0000
...     2 G-C ...
   -0.5555   -1.1003    3.3981
    0.7749    0.6051    0.1828
   -0.5991    0.7953   -0.0929
   -0.2016   -0.0375    0.9787
...     3 T-A ...
   -0.6619   -3.0237    6.5348
    0.3046    0.9250    0.2271
   -0.8994    0.3578   -0.2510
   -0.3134   -0.1278    0.9410
...     4 G-C ...
   -1.1607   -3.8418    9.6940
   -0.3351    0.9421    0.0133
   -0.8752   -0.3061   -0.3746
   -0.3489   -0.1372    0.9271
...     5 A-T ...
   -1.3881   -3.6770   12.8999
   -0.7835    0.6162   -0.0801
   -0.5677   -0.7622   -0.3109
   -0.2527   -0.1981    0.9470
...     6 G-C ...
   -2.6236   -3.5448   15.7072
   -0.9923    0.0611   -0.1075
   -0.0294   -0.9610   -0.2748
   -0.1201   -0.2695    0.9555
...     7 C-G ...
   -2.3138   -3.7570   18.8866
   -0.8620   -0.4995   -0.0864
    0.5008   -0.8655    0.0073
   -0.0785   -0.0370    0.9962
...     8 G-C ...
   -3.9561   -6.8109   23.3205
   -0.2581   -0.3560   -0.8981
    0.6294   -0.7673    0.1233
   -0.7330   -0.5335    0.4221
...     9 C-G ...
   -6.1177   -8.9414   24.2385
    0.1143   -0.7320   -0.6716
    0.8123   -0.3203    0.4874
   -0.5720   -0.6013    0.5580
...    10 T-A ...
   -8.5041   -9.6771   26.0540
    0.4660   -0.8587   -0.2131
    0.6274    0.1508    0.7640
   -0.6239   -0.4897    0.6090
...    11 C-G ...
  -11.0625  -11.3174   27.2336
    0.6660   -0.6911    0.2808
    0.3382    0.6152    0.7121
   -0.6649   -0.3794    0.6435
...    12 A-T ...
  -13.0013  -13.1789   29.0658
    0.7188   -0.1490    0.6790
   -0.1787    0.9043    0.3876
   -0.6718   -0.4000    0.6235
...    13 C-G ...
  -14.1788  -15.9359   31.3399
    0.4052    0.2865    0.8682
   -0.5270    0.8492   -0.0343
   -0.7470   -0.4437    0.4951
...    14 A-T ...
  -15.9532  -18.1566   33.3080
   -0.1503    0.6873    0.7107
   -0.6106    0.5008   -0.6135
   -0.7776   -0.5261    0.3444
...    15 A-T ...
  -18.3654  -20.0034   34.4249
   -0.4658    0.8547    0.2294
   -0.3910    0.0338   -0.9198
   -0.7938   -0.5181    0.3184
...    16 T-A ...
  -20.7610  -21.6410   36.1751
   -0.6321    0.7196   -0.2875
   -0.0618   -0.4166   -0.9070
   -0.7724   -0.5556    0.3078
...    17 T-A ...
  -23.3044  -23.2599   37.4991
   -0.5683    0.3239   -0.7564
    0.3357   -0.7480   -0.5725
   -0.7512   -0.5793    0.3164
...    18 T-A ...
  -25.8409  -24.9807   38.4975
   -0.2455   -0.1053   -0.9636
    0.5859   -0.8081   -0.0610
   -0.7723   -0.5796    0.2601
...    19 A-T ...
  -28.3593  -26.9979   39.0784
    0.1996   -0.4275   -0.8817
    0.6040   -0.6548    0.4542
   -0.7716   -0.6232    0.1275
...    20 T-A ...
  -31.2342  -28.6324   38.9910
    0.4859   -0.6925   -0.5332
    0.4166   -0.3528    0.8378
   -0.7683   -0.6293    0.1171
...    21 T-A ...
  -33.8138  -30.6504   39.0422
    0.6422   -0.7662    0.0247
    0.0583    0.0809    0.9950
   -0.7643   -0.6375    0.0966
...    22 C-G ...
  -36.2431  -32.8374   39.2932
    0.5825   -0.5596    0.5896
   -0.3394    0.4916    0.8019
   -0.7386   -0.6672    0.0964
...    23 G-C ...
  -38.7646  -34.8615   40.2289
    0.3906   -0.1046    0.9146
   -0.6462    0.6764    0.3533
   -0.6556   -0.7290    0.1966
...    24 C-G ...
  -40.6196  -37.4987   40.7988
    0.0317    0.3036    0.9523
   -0.7550    0.6316   -0.1763
   -0.6550   -0.7134    0.2492
...    25 A-T ...
  -43.1167  -39.6046   41.3356
   -0.3725    0.6473    0.6650
   -0.6370    0.3428   -0.6905
   -0.6749   -0.6808    0.2847
...    26 A-T ...
  -45.2432  -41.8377   42.4600
   -0.6718    0.7233    0.1599
   -0.3131   -0.0816   -0.9462
   -0.6713   -0.6857    0.2813
...    27 A-T ...
  -47.3148  -44.0108   43.7227
   -0.7434    0.5297   -0.4084
    0.1446   -0.4689   -0.8713
   -0.6531   -0.7068    0.2719
...    28 G-C ...
  -49.7382  -46.0302   44.8993
   -0.5160    0.2425   -0.8216
    0.5028   -0.6907   -0.5197
   -0.6935   -0.6812    0.2345
...    29 G-C ...
  -52.4154  -48.0699   45.6216
   -0.0885   -0.1235   -0.9884
    0.6965   -0.7171    0.0272
   -0.7121   -0.6860    0.1495
...    30 C-G ...
  -55.0373  -50.0220   45.8225
    0.3457   -0.4466   -0.8252
    0.6205   -0.5510    0.5581
   -0.7039   -0.7050    0.0866
...    31 C-G ...
  -57.6093  -52.1722   45.9171
    0.6847   -0.6112   -0.3970
    0.3232   -0.2337    0.9170
   -0.6533   -0.7562    0.0375
...    32 G-C ...
  -59.3953  -54.6243   46.1793
    0.8252   -0.5547    0.1061
   -0.0823    0.0679    0.9943
   -0.5588   -0.8293    0.0104
...    33 G-C ...
  -60.7808  -57.6865   46.0301
    0.6852   -0.3711    0.6268
   -0.5389    0.3207    0.7789
   -0.4901   -0.8715    0.0198
...    34 C-G ...
  -62.0003  -60.7226   45.9127
    0.3069   -0.0926    0.9472
   -0.8345    0.4524    0.3146
   -0.4577   -0.8870    0.0615
...    35 C-G ...
  -63.1399  -63.8907   46.4100
   -0.1747    0.2210    0.9595
   -0.8822    0.3976   -0.2522
   -0.4372   -0.8906    0.1256
...    36 C-G ...
  -64.4413  -66.8853   47.1034
   -0.6074    0.4420    0.6600
   -0.6656    0.1703   -0.7266
   -0.4336   -0.8807    0.1908
...    37 G-C ...
  -66.2274  -69.7796   46.9071
   -0.8440    0.5187    0.1361
   -0.2222   -0.1073   -0.9691
   -0.4881   -0.8482    0.2058
...    38 A-T ...
  -67.6871  -72.4920   47.5998
   -0.8146    0.3621   -0.4531
    0.3180   -0.3744   -0.8710
   -0.4850   -0.8536    0.1899
...    39 C-G ...
  -69.6574  -74.9020   48.4239
   -0.5169    0.1517   -0.8425
    0.6862   -0.5149   -0.5138
   -0.5117   -0.8437    0.1621
...    40 A-T ...
  -71.4883  -77.6517   48.8279
    0.0020   -0.1022   -0.9948
    0.8542   -0.5170    0.0548
   -0.5199   -0.8498    0.0863
...    41 C-G ...
  -73.5443  -80.2309   48.6787
    0.4541   -0.3093   -0.8355
    0.7346   -0.4007    0.5476
   -0.5041   -0.8624    0.0452
...    42 G-C ...
  -74.8632  -83.2320   49.1392
    0.8293   -0.4106   -0.3792
    0.3426   -0.1625    0.9253
   -0.4415   -0.8972    0.0059
...    43 A-T ...
  -76.3782  -85.9955   49.1379
    0.8822   -0.4150    0.2226
   -0.1877    0.1235    0.9744
   -0.4319   -0.9014    0.0310
...    44 C-G ...
  -77.5211  -89.0315   48.5603
    0.6859   -0.2292    0.6907
   -0.6257    0.2987    0.7206
   -0.3715   -0.9264    0.0614
...    45 T-A ...
  -78.1909  -92.5610   48.6049
    0.2465    0.0389    0.9684
   -0.9069    0.3616    0.2163
   -0.3418   -0.9315    0.1244
...    46 T-A ...
  -78.9655  -95.6605   48.9669
   -0.2158    0.2379    0.9470
   -0.9187    0.2792   -0.2795
   -0.3309   -0.9303    0.1583
...    47 A-T ...
  -80.0419  -98.6783   49.7377
   -0.6456    0.4503    0.6168
   -0.6666    0.0618   -0.7429
   -0.3726   -0.8907    0.2603
...    48 C-G ...
  -81.0289 -101.4703   51.2737
   -0.8921    0.4328    0.1299
   -0.2398   -0.2098   -0.9479
   -0.3830   -0.8767    0.2909
...    49 T-A ...
  -82.3834 -104.1595   52.7673
   -0.8598    0.3166   -0.4006
    0.2359   -0.4494   -0.8616
   -0.4528   -0.8353    0.3117
...    50 G-C ...
  -84.0060 -106.9537   53.5911
   -0.5372    0.0632   -0.8411
    0.6784   -0.5601   -0.4754
   -0.5011   -0.8260    0.2580
...    51 T-A ...
  -86.0577 -109.2761   54.4276
   -0.1098   -0.2215   -0.9690
    0.8574   -0.5143    0.0204
   -0.5029   -0.8285    0.2464
...    52 A-T ...
  -87.4295 -112.1608   55.3048
    0.4390   -0.4731   -0.7639
    0.7572   -0.2628    0.5979
   -0.4836   -0.8409    0.2429
...    53 G-C ...
  -89.2128 -114.7872   55.9872
    0.7948   -0.4612   -0.3944
    0.4537    0.0201    0.8909
   -0.4030   -0.8870    0.2252
...    54 G-C ...
  -90.7669 -118.0660   55.9410
    0.9507   -0.2912    0.1065
   -0.0298    0.2561    0.9662
   -0.3086   -0.9217    0.2349
...    55 T-A ...
  -91.5078 -121.1808   56.3217
    0.8236   -0.0722    0.5625
   -0.5030    0.3652    0.7834
   -0.2619   -0.9281    0.2645
...    56 A-T ...
  -91.6817 -124.5871   56.9583
    0.4556    0.2774    0.8459
   -0.8778    0.2980    0.3750
   -0.1481   -0.9134    0.3793
...    57 T-A ...
  -91.4660 -127.6450   58.0628
   -0.0231    0.4283    0.9033
   -0.9920    0.1026   -0.0741
   -0.1244   -0.8978    0.4225
...    58 C-G ...
  -91.6422 -130.6159   59.7674
   -0.6184    0.4377    0.6527
   -0.7764   -0.2115   -0.5937
   -0.1219   -0.8739    0.4706
...    59 T-A ...
  -92.0060 -133.2894   61.6433
   -0.9262    0.3082    0.2173
   -0.3429   -0.4483   -0.8255
   -0.1570   -0.8390    0.5209
...    60 C-G ...
  -92.8968 -136.0652   63.0818
   -0.9512   -0.0199   -0.3079
    0.2569   -0.6039   -0.7545
   -0.1710   -0.7968    0.5796
...    61 G-C ...
  -93.2010 -139.0057   64.4748
   -0.6558   -0.3331   -0.6775
    0.7286   -0.5143   -0.4523
   -0.1978   -0.7903    0.5799
...    62 A-T ...
  -93.4913 -141.6162   66.4396
   -0.0869   -0.5672   -0.8189
    0.9829   -0.1827    0.0223
   -0.1623   -0.8030    0.5734
...    63 G-C ...
  -94.1254 -144.2766   68.2530
    0.4513   -0.5629   -0.6924
    0.8851    0.1836    0.4276
   -0.1136   -0.8058    0.5811
...    64 C-G ...
  -94.8754 -147.1312   69.9664
    0.8820   -0.3117   -0.3534
    0.4679    0.4901    0.7354
   -0.0560   -0.8140    0.5781
...    65 T-A ...
  -95.1573 -150.0384   71.5854
    0.9981    0.0622   -0.0009
   -0.0360    0.5908    0.8060
    0.0506   -0.8045    0.5919
...    66 C-G ...
  -94.7990 -152.7627   73.4693
    0.8098    0.4482    0.3786
   -0.5686    0.4408    0.6946
    0.1444   -0.7777    0.6118
...    67 G-C ...
  -94.2388 -154.8289   75.8495
    0.3818    0.7100    0.5917
   -0.8888    0.1066    0.4456
    0.2533   -0.6961    0.6718
...    68 G-C ...
  -93.0024 -156.8805   78.1558
   -0.1712    0.7192    0.6734
   -0.9429   -0.3178    0.0997
    0.2857   -0.6179    0.7325
...    69 G-C ...
  -91.8599 -158.4396   80.9224
   -0.6781    0.4938    0.5444
   -0.6796   -0.7033   -0.2085
    0.2800   -0.5114    0.8125
...    70 A-T ...
  -90.7835 -159.8583   83.7287
   -0.9439   -0.0319    0.3287
   -0.1318   -0.8762   -0.4635
    0.3028   -0.4809    0.8228
...    71 T-A ...
  -89.8905 -160.8923   86.7515
   -0.8697   -0.4911    0.0496
    0.3835   -0.7354   -0.5587
    0.3109   -0.4669    0.8279
...    72 C-G ...
  -89.0503 -162.2995   89.7013
   -0.4383   -0.8596   -0.2626
    0.8279   -0.2724   -0.4903
    0.3499   -0.4323    0.8310
...    73 C-G ...
  -88.0135 -163.6575   92.5198
    0.0336   -0.8405   -0.5408
    0.9302    0.2241   -0.2905
    0.3654   -0.4933    0.7894
...    74 G-C ...
  -86.3407 -165.0786   94.9388
    0.4996   -0.5273   -0.6873
    0.7490    0.6615    0.0369
    0.4352   -0.5332    0.7255
...    75 C-G ...
  -85.2644 -167.1710   97.4769
    0.8156   -0.0390   -0.5773
    0.3138    0.8680    0.3847
    0.4861   -0.4950    0.7202
...    76 T-A ...
  -83.7235 -169.2159   99.7409
    0.8065    0.4855   -0.3374
   -0.1892    0.7525    0.6308
    0.5601   -0.4449    0.6988
...    77 T-A ...
  -81.6599 -170.7668  101.6732
    0.5324    0.8465    0.0106
   -0.5978    0.3670    0.7127
    0.5994   -0.3858    0.7014
...    78 T-A ...
  -79.6168 -171.8396  103.8746
    0.0597    0.9500    0.3066
   -0.7671   -0.1529    0.6230
    0.6387   -0.2724    0.7196
...    79 A-T ...
  -77.4665 -172.2332  106.4354
   -0.4844    0.7450    0.4586
   -0.6169   -0.6626    0.4247
    0.6203   -0.0772    0.7805
...    80 A-T ...
  -75.4293 -172.1609  108.8564
   -0.7591    0.2602    0.5968
   -0.2145   -0.9654    0.1481
    0.6147   -0.0156    0.7886
...    81 C-G ...
  -73.4486 -171.4912  111.4988
   -0.7286   -0.3028    0.6144
    0.2513   -0.9526   -0.1715
    0.6372    0.0295    0.7701
...    82 A-T ...
  -71.4460 -171.4391  114.1628
   -0.4382   -0.8106    0.3883
    0.6394   -0.5848   -0.4992
    0.6318    0.0295    0.7746
...    83 C-G ...
  -69.8794 -171.0642  117.1878
   -0.0251   -0.9966    0.0781
    0.7641   -0.0695   -0.6414
    0.6447    0.0436    0.7632
...    84 T-A ...
  -68.1333 -171.1289  120.3863
    0.4090   -0.8693   -0.2776
    0.6228    0.4883   -0.6114
    0.6670    0.0772    0.7410
...    85 T-A ...
  -66.1689 -171.1411  122.9704
    0.7023   -0.4336   -0.5646
    0.2542    0.8935   -0.3702
    0.6650    0.1165    0.7377
...    86 T-A ...
  -64.0231 -170.9102  125.3817
    0.6875    0.1297   -0.7145
   -0.1868    0.9824   -0.0014
    0.7017    0.1344    0.6997
...    87 A-T ...
  -61.6227 -170.2685  127.4527
    0.3631    0.5586   -0.7457
   -0.4928    0.7944    0.3551
    0.7908    0.2386    0.5637
...    88 T-A ...
  -58.7177 -169.8679  128.6997
    0.0216    0.8320   -0.5544
   -0.5877    0.4592    0.6662
    0.8088    0.3114    0.4989
...    89 G-C ...
  -55.8892 -168.6581  130.0345
   -0.4260    0.8989   -0.1028
   -0.4436   -0.1085    0.8896
    0.7885    0.4246    0.4450
...    90 C-G ...
  -53.4189 -166.7698  131.0896
   -0.6481    0.6705    0.3611
   -0.1161   -0.5556    0.8233
    0.7526    0.4917    0.4379
...    91 T-A ...
  -51.3046 -164.3307  132.5042
   -0.5910    0.2481    0.7675
    0.3452   -0.7822    0.5187
    0.7291    0.5715    0.3766
...    92 T-A ...
  -49.1561 -162.2287  133.6595
   -0.2903   -0.2373    0.9270
    0.6417   -0.7669    0.0046
    0.7099    0.5962    0.3749
...    93 C-G ...
  -46.9677 -160.0597  135.0442
    0.1861   -0.6205    0.7618
    0.6895   -0.4698   -0.5512
    0.7000    0.6278    0.3404
...    94 C-G ...
  -44.7681 -157.9229  136.2442
    0.4713   -0.8163    0.3340
    0.4874   -0.0745   -0.8700
    0.7351    0.5728    0.3627
...    95 G-C ...
  -42.5053 -155.9859  136.9562
    0.5946   -0.7833   -0.1816
    0.1570    0.3346   -0.9292
    0.7886    0.5240    0.3219
...    96 G-C ...
  -39.7720 -154.4745  138.1474
    0.5175   -0.5072   -0.6892
   -0.2136    0.7033   -0.6780
    0.8286    0.4981    0.2556
...    97 C-G ...
  -36.8183 -153.3102  139.1749
    0.2698   -0.0806   -0.9595
   -0.4741    0.8562   -0.2052
    0.8381    0.5103    0.1928
...    98 T-A ...
  -33.8421 -151.9376  139.7116
   -0.0930    0.2979   -0.9501
   -0.5415    0.7856    0.2993
    0.8355    0.5423    0.0883
...    99 C-G ...
  -31.1864 -150.0994  139.4995
   -0.4540    0.6187   -0.6412
   -0.3648    0.5275    0.7672
    0.8129    0.5822   -0.0138
...   100 A-T ...
  -28.2807 -148.4103  138.5813
   -0.6854    0.7069   -0.1747
    0.0005    0.2404    0.9707
    0.7282    0.6652   -0.1652
...   101 T-A ...
  -26.1357 -146.2225  137.5491
   -0.6422    0.6948    0.3239
    0.3498   -0.1104    0.9303
    0.6821    0.7107   -0.1721
...   102 G-C ...
  -24.1324 -143.5753  136.7605
   -0.3774    0.4527    0.8078
    0.6860   -0.4493    0.5723
    0.6220    0.7702   -0.1411
...   103 T-A ...
  -22.5888 -140.6677  136.0312
    0.0483    0.1515    0.9873
    0.7895   -0.6113    0.0552
    0.6119    0.7768   -0.1491
...   104 T-A ...
  -20.8389 -138.0241  135.5131
    0.5076   -0.1846    0.8416
    0.6318   -0.5844   -0.5092
    0.5858    0.7902   -0.1800
...   105 A-T ...
  -18.7567 -135.4986  134.5806
    0.8040   -0.4882    0.3394
    0.1642   -0.3663   -0.9159
    0.5715    0.7921   -0.2144
...   106 T-A ...
  -16.9653 -132.7936  134.5600
    0.7927   -0.5879   -0.1614
   -0.2659   -0.0950   -0.9593
    0.5487    0.8033   -0.2316
...   107 A-T ...
  -15.2725 -130.1034  133.5128
    0.4637   -0.5749   -0.6741
   -0.6752    0.2634   -0.6890
    0.5737    0.7747   -0.2660
...   108 A-T ...
  -13.3157 -127.7615  132.6919
    0.0080   -0.3858   -0.9226
   -0.8233    0.5211   -0.2250
    0.5676    0.7613   -0.3135
...   109 C-G ...
  -10.8784 -125.7213  131.5317
   -0.4515   -0.0861   -0.8881
   -0.7038    0.6462    0.2951
    0.5485    0.7583   -0.3524
...   110 G-C ...
   -9.6231 -123.0495  130.1695
   -0.8366    0.1112   -0.5364
   -0.3514    0.6423    0.6812
    0.4202    0.7584   -0.4982
...   111 G-C ...
   -8.8279 -120.6005  128.1178
   -0.9430    0.3284   -0.0532
    0.1486    0.5588    0.8159
    0.2976    0.7615   -0.5758
...   112 A-T ...
   -7.9881 -118.2099  125.9872
   -0.6850    0.5775    0.4442
    0.6768    0.2789    0.6813
    0.2695    0.7673   -0.5819
...   113 T-A ...
   -7.6723 -115.7776  123.7705
   -0.2453    0.6258    0.7404
    0.9353   -0.0480    0.3505
    0.2549    0.7785   -0.5736
...   114 C-G ...
   -6.9117 -113.0753  121.9755
    0.3495    0.4592    0.8167
    0.9049   -0.3914   -0.1672
    0.2429    0.7975   -0.5523
...   115 G-C ...
   -5.7245 -110.6912  120.0180
    0.7919    0.1095    0.6007
    0.5438   -0.5739   -0.6123
    0.2777    0.8116   -0.5140
...   116 T-A ...
   -4.7817 -107.7774  118.8529
    0.9486   -0.2349    0.2120
    0.0530   -0.5426   -0.8383
    0.3119    0.8065   -0.5023
...   117 A-T ...
   -3.5221 -104.8531  117.6142
    0.7884   -0.5545   -0.2664
   -0.4873   -0.2988   -0.8205
    0.3754    0.7767   -0.5057
...   118 T-A ...
   -1.8678 -102.2880  116.5328
    0.4495   -0.6233   -0.6399
   -0.8154    0.0062   -0.5789
    0.3648    0.7819   -0.5054
...   119 A-T ...
   -0.8369  -99.7093  114.6922
   -0.1147   -0.5568   -0.8227
   -0.9180    0.3759   -0.1265
    0.3797    0.7407   -0.5543
...   120 A-T ...
    0.6410  -97.5449  112.7935
   -0.6163   -0.2827   -0.7350
   -0.6987    0.6268    0.3449
    0.3631    0.7261   -0.5839
...   121 T-A ...
    2.1507  -95.6512  110.5036
   -0.8880    0.0727   -0.4541
   -0.2859    0.6861    0.6690
    0.3602    0.7239   -0.5884
...   122 G-C ...
    3.2395  -93.3300  108.1880
   -0.9234    0.3791    0.0608
    0.2730    0.5367    0.7984
    0.2700    0.7538   -0.5991
...   123 T-A ...
    3.7688  -91.0802  105.8821
   -0.6792    0.5768    0.4538
    0.6898    0.2907    0.6631
    0.2506    0.7634   -0.5953
...   124 G-C ...
    4.3788  -88.4862  103.8802
   -0.2007    0.5737    0.7941
    0.9587   -0.0520    0.2798
    0.2018    0.8174   -0.5395
...   125 T-A ...
    4.4958  -85.8402  102.0582
    0.3051    0.4281    0.8507
    0.9301   -0.3259   -0.1696
    0.2046    0.8429   -0.4976
...   126 C-G ...
    5.1223  -83.1131  100.6019
    0.7866    0.1631    0.5955
    0.5868   -0.4974   -0.6389
    0.1920    0.8520   -0.4870
...   127 G-C ...
    6.1499  -80.6064   98.7443
    0.9331   -0.2371    0.2703
    0.1332   -0.4704   -0.8724
    0.3339    0.8500   -0.4074
...   128 A-T ...
    7.1361  -77.8793   97.4943
    0.8359   -0.4702   -0.2831
   -0.4360   -0.2556   -0.8629
    0.3334    0.8447   -0.4187
...   129 C-G ...
    8.6977  -75.0653   96.7588
    0.4708   -0.5685   -0.6747
   -0.8040    0.0384   -0.5934
    0.3632    0.8218   -0.4390
...   130 C-G ...
   10.5041  -72.6116   95.2115
   -0.0483   -0.5456   -0.8366
   -0.9150    0.3601   -0.1820
    0.4006    0.7567   -0.5167
...   131 A-T ...
   11.1829  -69.8601   93.4399
   -0.5857   -0.3041   -0.7513
   -0.7240    0.6131    0.3162
    0.3645    0.7291   -0.5792
...   132 A-T ...
   12.4423  -67.6482   91.3574
   -0.8887    0.1013   -0.4472
   -0.2674    0.6778    0.6849
    0.3725    0.7282   -0.5752
...   133 A-T ...
   13.7116  -65.5463   89.1777
   -0.8603    0.5096    0.0148
    0.2936    0.4714    0.8316
    0.4169    0.7197   -0.5552
...   134 T-A ...
   14.7283  -63.4122   86.8246
   -0.5924    0.6746    0.4405
    0.6886    0.1400    0.7115
    0.4183    0.7248   -0.5474
...   135 G-C ...
   15.7211  -61.4788   83.9378
    0.0342    0.7399    0.6718
    0.8637   -0.3601    0.3526
    0.5028    0.5682   -0.6514
...   136 T-A ...
   15.7739  -59.5464   80.8037
    0.5516    0.4996    0.6680
    0.6739   -0.7388   -0.0038
    0.4916    0.4523   -0.7442
...   137 G-C ...
   16.8280  -57.7075   78.2738
    0.8528   -0.0847    0.5152
    0.1508   -0.9047   -0.3984
    0.4999    0.4175   -0.7588
...   138 A-T ...
   18.4175  -55.5141   76.5363
    0.8547   -0.5007    0.1370
   -0.3189   -0.7148   -0.6224
    0.4096    0.4883   -0.7706
...   139 G-C ...
   20.4152  -54.2945   74.5497
    0.5847   -0.7389   -0.3350
   -0.7594   -0.3532   -0.5465
    0.2854    0.5739   -0.7676
...   140 C-G ...
   21.4163  -51.8107   72.7950
    0.1305   -0.7142   -0.6876
   -0.8897    0.2217   -0.3991
    0.4375    0.6639   -0.6065
...   141 G-C ...
   22.1406  -50.1330   67.4725
   -0.4682   -0.8748    0.1248
   -0.8495    0.4067   -0.3362
    0.2434   -0.2634   -0.9335
...   142 C-G ...
   22.3377  -51.2252   64.5020
   -0.8529   -0.5117   -0.1032
   -0.4974    0.8566   -0.1372
    0.1587   -0.0657   -0.9851
...   143 T-A ...
   24.0059  -51.6201   61.9333
   -0.9563    0.0399   -0.2897
    0.0522    0.9980   -0.0348
    0.2877   -0.0484   -0.9565
...   144 C-G ...
   24.8856  -52.7207   58.9948
   -0.7530    0.5560   -0.3520
    0.5213    0.8304    0.1966
    0.4016   -0.0355   -0.9151
...   145 A-T ...
   25.5173  -52.9610   55.8128
   -0.2442    0.9563   -0.1609
    0.8907    0.2867    0.3528
    0.3835   -0.0571   -0.9218
...   146 C-G ...
   25.2677  -52.4924   52.0871
    0.3203    0.9428   -0.0928
    0.8825   -0.2613    0.3910
    0.3444   -0.2071   -0.9157
...   147 A-T ...
   25.6133  -52.5732   48.6479
    0.8597    0.5097    0.0339
    0.4498   -0.7866    0.4230
    0.2423   -0.3484   -0.9055
