  147 base-pairs
...     1 T-A ...
    0.0000    0.0000    0.0000
    1.0000    0.0000    0.0000
    0.0000    1.0000    0.0000
    0.0000    0.0000    1.0000
...     2 G-C ...
   -0.5555   -1.1003    3.3981
    0.7749    0.6051    0.1828
   -0.5991    0.7953   -0.0929
   -0.2016   -0.0375    0.9787
...     3 T-A ...
   -0.6619   -3.0237    6.5348
    0.3046    0.9250    0.2271
   -0.8994    0.3578   -0.2510
   -0.3134   -0.1278    0.9410
...     4 G-C ...
   -1.1607   -3.8418    9.6940
   -0.3351    0.9421    0.0133
   -0.8752   -0.3061   -0.3746
   -0.3489   -0.1372    0.9271
...     5 A-T ...
   -1.3881   -3.6770   12.8999
   -0.7835    0.6162   -0.0801
   -0.5677   -0.7622   -0.3109
   -0.2527   -0.1981    0.9470
...     6 G-C ...
   -2.6236   -3.5448   15.7072
   -0.9923    0.0611   -0.1075
   -0.0294   -0.9610   -0.2748
   -0.1201   -0.2695    0.9555
...     7 C-G ...
   -2.3138   -3.7570   18.8866
   -0.8620   -0.4995   -0.0864
    0.5008   -0.8655    0.0073
   -0.0785   -0.0370    0.9962
...     8 G-C ...
   -3.9561   -6.8109   23.3205
   -0.2581   -0.3560   -0.8981
    0.6294   -0.7673    0.1233
   -0.7330   -0.5335    0.4221
...     9 C-G ...
   -6.1177   -8.9414   24.2385
    0.1143   -0.7320   -0.6716
    0.8123   -0.3203    0.4874
   -0.5720   -0.6013    0.5580
...    10 T-A ...
   -8.5041   -9.6771   26.0540
    0.4660   -0.8587   -0.2131
    0.6274    0.1508    0.7640
   -0.6239   -0.4897    0.6090
...    11 C-G ...
  -11.0625  -11.3174   27.2336
    0.6660   -0.6911    0.2808
    0.3382    0.6152    0.7121
   -0.6649   -0.3794    0.6435
...    12 A-T ...
  -13.0013  -13.1789   29.0658
    0.7188   -0.1490    0.6790
   -0.1787    0.9043    0.3876
   -0.6718   -0.4000    0.6235
...    13 C-G ...
  -14.1788  -15.9359   31.3399
    0.4052    0.2865    0.8682
   -0.5270    0.8492   -0.0343
   -0.7470   -0.4437    0.4951
...    14 A-T ...
  -15.9532  -18.1566   33.3080
   -0.1503    0.6873    0.7107
   -0.6106    0.5008   -0.6135
   -0.7776   -0.5261    0.3444
...    15 A-T ...
  -18.2976  -19.9784   34.6325
   -0.4857    0.8390    0.2454
   -0.4035    0.0339   -0.9144
   -0.7754   -0.5431    0.3220
...    16 T-A ...
  -20.6138  -21.6132   36.3024
   -0.6200    0.7451   -0.2458
   -0.0984   -0.3847   -0.9178
   -0.7784   -0.5448    0.3118
...    17 T-A ...
  -23.1425  -23.2306   37.5147
   -0.5544    0.4157   -0.7210
    0.2706   -0.7292   -0.6285
   -0.7870   -0.5436    0.2918
...    18 T-A ...
  -25.7998  -24.7702   38.5236
   -0.2867   -0.0384   -0.9573
    0.5320   -0.8374   -0.1258
   -0.7967   -0.5453    0.2604
...    19 A-T ...
  -28.6204  -26.4378   39.0800
    0.1549   -0.4053   -0.9010
    0.5709   -0.7076    0.4164
   -0.8063   -0.5789    0.1218
...    20 T-A ...
  -31.5403  -27.9222   38.9837
    0.4340   -0.6888   -0.5807
    0.4121   -0.4214    0.8079
   -0.8012   -0.5899    0.1010
...    21 T-A ...
  -34.1929  -29.7819   39.0032
    0.6008   -0.7986   -0.0373
    0.0919    0.0226    0.9955
   -0.7941   -0.6015    0.0870
...    22 C-G ...
  -36.6751  -31.9002   39.1537
    0.5696   -0.6201    0.5396
   -0.2912    0.4617    0.8379
   -0.7686   -0.6343    0.0824
...    23 G-C ...
  -39.2409  -33.9238   39.7813
    0.3883   -0.2012    0.8993
   -0.5907    0.6947    0.4105
   -0.7073   -0.6906    0.1509
...    24 C-G ...
  -41.2502  -36.5112   40.2624
    0.0330    0.2308    0.9724
   -0.7172    0.6831   -0.1378
   -0.6960   -0.6929    0.1881
...    25 A-T ...
  -43.6910  -38.6781   40.8469
   -0.3193    0.6310    0.7070
   -0.6288    0.4171   -0.6562
   -0.7089   -0.6541    0.2636
...    26 A-T ...
  -45.8312  -40.8640   41.9352
   -0.6260    0.7493    0.2160
   -0.3334   -0.0068   -0.9428
   -0.7050   -0.6622    0.2540
...    27 A-T ...
  -48.0793  -42.9344   43.0231
   -0.7068    0.6141   -0.3512
    0.0815   -0.4224   -0.9027
   -0.7027   -0.6667    0.2485
...    28 G-C ...
  -50.5302  -44.8990   44.0307
   -0.5133    0.3527   -0.7824
    0.4325   -0.6811   -0.5908
   -0.7413   -0.6416    0.1970
...    29 G-C ...
  -53.2697  -46.7507   44.6630
   -0.1355   -0.0042   -0.9908
    0.6227   -0.7782   -0.0818
   -0.7706   -0.6280    0.1081
...    30 C-G ...
  -56.0773  -48.4781   44.8101
    0.2597   -0.3854   -0.8855
    0.5876   -0.6646    0.4616
   -0.7663   -0.6402    0.0539
...    31 C-G ...
  -58.7661  -50.5085   44.5631
    0.6001   -0.6169   -0.5093
    0.3413   -0.3784    0.8604
   -0.7235   -0.6901   -0.0166
...    32 G-C ...
  -60.9661  -53.0014   44.6989
    0.7713   -0.6350    0.0424
   -0.0652   -0.0126    0.9978
   -0.6331   -0.7724   -0.0512
...    33 G-C ...
  -62.8618  -55.7510   44.1735
    0.6728   -0.4743    0.5678
   -0.4813    0.3022    0.8228
   -0.5619   -0.8269   -0.0250
...    34 C-G ...
  -64.3596  -58.6780   43.8473
    0.3368   -0.1974    0.9206
   -0.7761    0.4954    0.3902
   -0.5332   -0.8459    0.0137
...    35 C-G ...
  -65.8157  -61.7150   43.9793
   -0.0830    0.1692    0.9821
   -0.8507    0.5012   -0.1583
   -0.5190   -0.8486    0.1023
...    36 C-G ...
  -67.3204  -64.6597   44.6015
   -0.4808    0.4797    0.7340
   -0.6901    0.3094   -0.6542
   -0.5409   -0.8211    0.1823
...    37 G-C ...
  -69.4388  -67.2022   45.0007
   -0.7224    0.6516    0.2316
   -0.3351   -0.0369   -0.9415
   -0.6049   -0.7577    0.2450
...    38 A-T ...
  -71.4387  -69.6257   45.9122
   -0.7660    0.5282   -0.3664
    0.1410   -0.4180   -0.8974
   -0.6272   -0.7391    0.2457
...    39 C-G ...
  -73.7483  -71.6510   47.1536
   -0.5695    0.2509   -0.7828
    0.5107   -0.6382   -0.5761
   -0.6441   -0.7278    0.2354
...    40 A-T ...
  -75.8154  -74.1686   47.7749
   -0.1262   -0.0900   -0.9879
    0.7262   -0.6868   -0.0302
   -0.6758   -0.7212    0.1521
...    41 C-G ...
  -78.4785  -76.1240   48.0485
    0.2834   -0.4137   -0.8652
    0.6843   -0.5448    0.4847
   -0.6719   -0.7294    0.1287
...    42 G-C ...
  -80.4577  -78.7404   48.6118
    0.6857   -0.5546   -0.4714
    0.4093   -0.2418    0.8798
   -0.6020   -0.7962    0.0612
...    43 A-T ...
  -82.4510  -81.3242   48.6839
    0.8240   -0.5545    0.1160
   -0.0590    0.1196    0.9911
   -0.5635   -0.8235    0.0658
...    44 C-G ...
  -84.0621  -84.1709   48.3085
    0.7035   -0.3785    0.6016
   -0.4760    0.3776    0.7942
   -0.5278   -0.8451    0.0854
...    45 T-A ...
  -85.4703  -87.1480   48.4597
    0.4040   -0.0622    0.9126
   -0.7821    0.4939    0.3799
   -0.4744   -0.8673    0.1509
...    46 T-A ...
  -86.7558  -90.0782   48.9276
   -0.0830    0.2437    0.9663
   -0.8807    0.4357   -0.1855
   -0.4663   -0.8665    0.1785
...    47 A-T ...
  -88.3047  -92.9081   49.6976
   -0.5204    0.5227    0.6753
   -0.7025    0.1874   -0.6865
   -0.4854   -0.8317    0.2697
...    48 C-G ...
  -89.5717  -95.5837   51.1607
   -0.7948    0.5663    0.2184
   -0.3473   -0.1293   -0.9288
   -0.4977   -0.8140    0.2995
...    49 T-A ...
  -91.2975  -98.0691   52.4896
   -0.8375    0.4491   -0.3112
    0.0987   -0.4358   -0.8946
   -0.5374   -0.7800    0.3206
...    50 G-C ...
  -93.1702 -100.6997   53.2360
   -0.5954    0.1658   -0.7861
    0.5431   -0.6380   -0.5459
   -0.5920   -0.7520    0.2898
...    51 T-A ...
  -95.5556 -102.7451   54.3514
   -0.2196   -0.1862   -0.9577
    0.7759   -0.6283   -0.0557
   -0.5914   -0.7553    0.2824
...    52 A-T ...
  -97.3107 -105.4005   55.3795
    0.2982   -0.5321   -0.7925
    0.7591   -0.3711    0.5348
   -0.5786   -0.7611    0.2932
...    53 G-C ...
  -99.4048 -107.8667   56.0807
    0.6854   -0.5959   -0.4185
    0.5034   -0.0275    0.8636
   -0.5261   -0.8026    0.2811
...    54 G-C ...
 -101.2847 -110.6089   56.6910
    0.8991   -0.4320    0.0706
    0.0669    0.2950    0.9531
   -0.4326   -0.8523    0.2942
...    55 T-A ...
 -102.5277 -113.6208   57.0831
    0.8344   -0.1709    0.5240
   -0.3964    0.4746    0.7859
   -0.3830   -0.8635    0.3282
...    56 A-T ...
 -103.3438 -116.6957   58.0842
    0.5698    0.2557    0.7810
   -0.7838    0.4549    0.4229
   -0.2471   -0.8531    0.4596
...    57 T-A ...
 -103.4971 -119.6566   59.4435
    0.1219    0.4760    0.8710
   -0.9662    0.2579   -0.0057
   -0.2273   -0.8408    0.4913
...    58 C-G ...
 -104.1227 -122.2763   61.2593
   -0.4384    0.5806    0.6861
   -0.8737   -0.0961   -0.4769
   -0.2110   -0.8085    0.5494
...    59 T-A ...
 -104.6357 -124.7182   63.4102
   -0.8154    0.4890    0.3099
   -0.5340   -0.4286   -0.7288
   -0.2235   -0.7597    0.6106
...    60 C-G ...
 -105.5011 -127.0439   65.5488
   -0.9733    0.1466   -0.1764
    0.0369   -0.6588   -0.7514
   -0.2264   -0.7378    0.6359
...    61 G-C ...
 -106.3102 -129.7803   67.2767
   -0.7703   -0.2203   -0.5984
    0.5713   -0.6554   -0.4941
   -0.2833   -0.7225    0.6307
...    62 A-T ...
 -107.3001 -132.0587   69.4364
   -0.2828   -0.5722   -0.7698
    0.9206   -0.3874   -0.0503
   -0.2695   -0.7229    0.6363
...    63 G-C ...
 -108.4844 -134.3815   71.4870
    0.2543   -0.6605   -0.7064
    0.9383   -0.0084    0.3457
   -0.2343   -0.7507    0.6176
...    64 C-G ...
 -109.6308 -136.8558   73.3697
    0.7308   -0.5200   -0.4422
    0.6590    0.3685    0.6557
   -0.1780   -0.7706    0.6120
...    65 T-A ...
 -110.2569 -139.5903   75.1061
    0.9766   -0.1877   -0.1050
    0.1975    0.5891    0.7836
   -0.0852   -0.7860    0.6123
...    66 C-G ...
 -110.4782 -142.2056   77.0155
    0.9227    0.2453    0.2974
   -0.3855    0.5899    0.7095
   -0.0014   -0.7693    0.6388
...    67 G-C ...
 -110.3439 -144.5483   79.3656
    0.5743    0.6554    0.4906
   -0.8041    0.3391    0.4884
    0.1537   -0.6749    0.7217
...    68 G-C ...
 -109.2528 -146.5771   81.8117
    0.0538    0.8152    0.5767
   -0.9718   -0.0899    0.2178
    0.2294   -0.5722    0.7874
...    69 G-C ...
 -108.1230 -147.9753   84.6635
   -0.4869    0.6968    0.5267
   -0.8357   -0.5470   -0.0489
    0.2541   -0.4640    0.8486
...    70 A-T ...
 -107.3105 -149.2456   87.5801
   -0.8868    0.2501    0.3887
   -0.3801   -0.8730   -0.3054
    0.2629   -0.4186    0.8693
...    71 T-A ...
 -106.3325 -149.9382   90.6721
   -0.9466   -0.2455    0.2089
    0.1282   -0.8814   -0.4547
    0.2958   -0.4036    0.8658
...    72 C-G ...
 -105.4705 -151.1744   93.6011
   -0.6759   -0.7325   -0.0810
    0.6682   -0.5628   -0.4865
    0.3107   -0.3830    0.8699
...    73 C-G ...
 -104.6508 -152.3660   96.6547
   -0.2113   -0.9059   -0.3670
    0.9259   -0.0652   -0.3721
    0.3132   -0.4184    0.8526
...    74 G-C ...
 -103.1449 -153.5046   99.3984
    0.3088   -0.7493   -0.5859
    0.8714    0.4697   -0.1415
    0.3812   -0.4668    0.7980
...    75 C-G ...
 -102.2502 -155.2159  102.0749
    0.6989   -0.3544   -0.6213
    0.5605    0.8109    0.1679
    0.4443   -0.4656    0.7654
...    76 T-A ...
 -100.7946 -157.0339  104.3912
    0.8328    0.1468   -0.5337
    0.1328    0.8830    0.4501
    0.5374   -0.4457    0.7159
...    77 T-A ...
  -98.9782 -158.6088  106.5227
    0.7286    0.6294   -0.2701
   -0.3275    0.6666    0.6696
    0.6015   -0.3994    0.6918
...    78 T-A ...
  -96.8532 -159.9034  108.5504
    0.3911    0.9178    0.0684
   -0.6481    0.2219    0.7285
    0.6535   -0.3293    0.6816
...    79 C-G ...
  -94.5673 -160.6762  110.6956
   -0.0857    0.9085    0.4091
   -0.7182   -0.3410    0.6066
    0.6906   -0.2418    0.6817
...    80 A-T ...
  -92.2969 -161.1713  113.0724
   -0.5362    0.6033    0.5903
   -0.4979   -0.7908    0.3560
    0.6816   -0.1030    0.7244
...    81 T-A ...
  -89.8548 -160.8265  115.2615
   -0.7035    0.1240    0.6998
   -0.1480   -0.9886    0.0264
    0.6951   -0.0851    0.7138
...    82 G-C ...
  -87.7161 -161.3840  117.7119
   -0.6791   -0.4690    0.5647
    0.3171   -0.8813   -0.3505
    0.6620   -0.0590    0.7472
...    83 T-A ...
  -85.8167 -161.0842  120.4608
   -0.3983   -0.8632    0.3101
    0.6244   -0.5028   -0.5978
    0.6719   -0.0445    0.7393
...    84 T-A ...
  -83.8446 -160.9908  123.0633
    0.0794   -0.9958   -0.0464
    0.7159    0.0893   -0.6924
    0.6936    0.0217    0.7200
...    85 A-T ...
  -81.3203 -160.6241  125.2309
    0.5041   -0.7309   -0.4600
    0.4836    0.6802   -0.5509
    0.7155    0.0553    0.6964
...    86 T-A ...
  -79.2328 -160.9949  127.7336
    0.6637   -0.2965   -0.6867
    0.1542    0.9526   -0.2623
    0.7320    0.0682    0.6779
...    87 A-T ...
  -76.6484 -161.1197  129.8245
    0.4963    0.2214   -0.8394
   -0.1977    0.9704    0.1391
    0.8453    0.0969    0.5253
...    88 A-T ...
  -73.8069 -160.9341  131.3112
    0.2435    0.6967   -0.6748
   -0.4190    0.7030    0.5746
    0.8748    0.1428    0.4630
...    89 C-G ...
  -70.7001 -160.6889  132.2124
   -0.0657    0.9400   -0.3347
   -0.4549    0.2703    0.8486
    0.8881    0.2080    0.4098
...    90 G-C ...
  -67.9218 -159.4711  133.5825
   -0.4321    0.8960    0.1020
   -0.2601   -0.2321    0.9373
    0.8635    0.3785    0.3333
...    91 G-C ...
  -65.2154 -157.5924  134.3823
   -0.5741    0.6034    0.5534
    0.0776   -0.6328    0.7704
    0.8151    0.4853    0.3165
...    92 A-T ...
  -62.6750 -155.7725  135.4133
   -0.4194    0.1152    0.9005
    0.4334   -0.8462    0.3101
    0.7977    0.5203    0.3049
...    93 T-A ...
  -60.4554 -153.4619  136.2942
   -0.1069   -0.3140    0.9434
    0.5880   -0.7851   -0.1947
    0.8018    0.5339    0.2685
...    94 A-T ...
  -57.4258 -151.9601  136.6832
    0.3794   -0.6971    0.6083
    0.4829   -0.4116   -0.7729
    0.7892    0.5870    0.1805
...    95 A-T ...
  -55.0184 -149.9200  137.5022
    0.6218   -0.7810    0.0583
    0.1473    0.0435   -0.9881
    0.7692    0.6230    0.1421
...    96 C-G ...
  -52.5118 -148.0219  138.5218
    0.5855   -0.6623   -0.4675
   -0.2126    0.4310   -0.8769
    0.7823    0.6129    0.1116
...    97 A-T ...
  -49.9718 -145.8821  138.7371
    0.2629   -0.3904   -0.8823
   -0.5011    0.7262   -0.4707
    0.8245    0.5659   -0.0047
...    98 C-G ...
  -46.9844 -144.5793  138.7631
   -0.0815   -0.0082   -0.9966
   -0.5611    0.8269    0.0390
    0.8238    0.5624   -0.0720
...    99 T-A ...
  -44.1668 -142.9956  138.1876
   -0.4420    0.3453   -0.8279
   -0.4168    0.7382    0.5304
    0.7943    0.5795   -0.1823
...   100 T-A ...
  -41.5999 -141.2443  137.3280
   -0.6384    0.6604   -0.3953
   -0.0894    0.4465    0.8903
    0.7645    0.6038   -0.2260
...   101 T-A ...
  -39.2171 -139.3238  136.2844
   -0.6010    0.7819    0.1659
    0.2976    0.0263    0.9543
    0.7418    0.6229   -0.2485
...   102 A-T ...
  -36.8968 -137.0937  135.4453
   -0.3617    0.6208    0.6955
    0.6237   -0.3933    0.6755
    0.6929    0.6782   -0.2449
...   103 T-A ...
  -35.1604 -134.5279  134.2884
    0.0148    0.3494    0.9369
    0.7265   -0.6475    0.2300
    0.6870    0.6772   -0.2634
...   104 G-C ...
  -32.7146 -132.4280  133.5509
    0.3923   -0.1213    0.9118
    0.6051   -0.7125   -0.3552
    0.6928    0.6911   -0.2061
...   105 C-G ...
  -30.6281 -129.8868  133.0835
    0.6430   -0.5061    0.5749
    0.2923   -0.5316   -0.7950
    0.7079    0.6792   -0.1939
...   106 T-A ...
  -28.2838 -127.5735  132.7499
    0.6707   -0.7371    0.0823
   -0.0889   -0.1901   -0.9777
    0.7364    0.6484   -0.1931
...   107 T-A ...
  -25.8673 -125.4383  132.3890
    0.5048   -0.7155   -0.4829
   -0.4649    0.2461   -0.8505
    0.7274    0.6538   -0.2084
...   108 C-G ...
  -23.4350 -123.3604  131.7443
    0.1059   -0.4777   -0.8721
   -0.6737    0.6107   -0.4163
    0.7314    0.6316   -0.2572
...   109 C-G ...
  -20.7588 -121.5568  130.8009
   -0.3456   -0.1572   -0.9251
   -0.6174    0.7805    0.0980
    0.7067    0.6050   -0.3668
...   110 G-C ...
  -18.6925 -119.3514  129.4084
   -0.7221    0.1913   -0.6648
   -0.3074    0.7722    0.5561
    0.6197    0.6059   -0.4988
...   111 G-C ...
  -16.8220 -117.5355  127.2594
   -0.8358    0.5031   -0.2197
    0.1441    0.5871    0.7966
    0.5297    0.6342   -0.5632
...   112 C-G ...
  -15.4291 -115.5667  125.0019
   -0.6554    0.7058    0.2689
    0.5853    0.2496    0.7714
    0.4773    0.6630   -0.5767
...   113 T-A ...
  -14.2448 -113.3057  122.8941
   -0.2824    0.6963    0.6599
    0.8585   -0.1235    0.4977
    0.4280    0.7071   -0.5629
...   114 C-G ...
  -12.9951 -110.8768  121.0846
    0.2630    0.4810    0.8363
    0.8703   -0.4925    0.0096
    0.4165    0.7253   -0.5482
...   115 G-C ...
  -11.2688 -108.6612  119.2898
    0.6648    0.0636    0.7443
    0.5907   -0.6547   -0.4717
    0.4573    0.7532   -0.4728
...   116 T-A ...
  -10.0377 -105.7981  118.1422
    0.8662   -0.2993    0.4001
    0.1591   -0.5939   -0.7886
    0.4737    0.7468   -0.4668
...   117 A-T ...
   -8.4937 -103.4324  116.3666
    0.7762   -0.6152   -0.1379
   -0.3911   -0.2983   -0.8707
    0.4945    0.7298   -0.4721
...   118 T-A ...
   -6.5086 -100.9994  115.3877
    0.4735   -0.6852   -0.5535
   -0.7298    0.0466   -0.6821
    0.4932    0.7269   -0.4780
...   119 A-T ...
   -4.8932  -98.6548  113.6754
   -0.0689   -0.5870   -0.8067
   -0.8623    0.4418   -0.2477
    0.5018    0.6785   -0.5366
...   120 A-T ...
   -3.0724  -96.6559  111.8917
   -0.5457   -0.2515   -0.7993
   -0.6765    0.6951    0.2432
    0.4945    0.6735   -0.5495
...   121 T-A ...
   -1.1638  -95.0034  109.7918
   -0.8170    0.1177   -0.5645
   -0.3140    0.7303    0.6067
    0.4836    0.6729   -0.5597
...   122 G-C ...
    0.1737  -92.6602  107.8386
   -0.9045    0.4206   -0.0699
    0.2030    0.5690    0.7969
    0.3750    0.7066   -0.6001
...   123 T-A ...
    1.0442  -90.6205  105.3879
   -0.6850    0.6271    0.3709
    0.6423    0.2795    0.7137
    0.3439    0.7271   -0.5942
...   124 G-C ...
    2.1017  -88.0331  103.5844
   -0.2465    0.5964    0.7639
    0.9256   -0.0888    0.3680
    0.2873    0.7977   -0.5302
...   125 T-A ...
    2.4134  -85.2746  101.7826
    0.2571    0.4407    0.8600
    0.9227   -0.3766   -0.0829
    0.2874    0.8148   -0.5034
...   126 C-G ...
    3.2844  -82.5234  100.2431
    0.7356    0.1139    0.6678
    0.6063   -0.5503   -0.5740
    0.3021    0.8271   -0.4739
...   127 G-C ...
    4.5742  -79.9982   98.4864
    0.9115   -0.2939    0.2876
    0.1134   -0.4926   -0.8628
    0.3953    0.8191   -0.4157
...   128 A-T ...
    5.9094  -77.2893   97.2296
    0.7949   -0.5499   -0.2564
   -0.4345   -0.2210   -0.8731
    0.4235    0.8055   -0.4146
...   129 C-G ...
    7.7259  -74.6699   96.3418
    0.4449   -0.6038   -0.6614
   -0.7785    0.1042   -0.6189
    0.4426    0.7903   -0.4237
...   130 C-G ...
    9.5329  -72.2143   94.9106
   -0.0777   -0.5117   -0.8557
   -0.8852    0.4302   -0.1769
    0.4586    0.7437   -0.4864
...   131 A-T ...
   10.8870  -69.7079   93.2066
   -0.6022   -0.2466   -0.7593
   -0.6764    0.6628    0.3212
    0.4240    0.7070   -0.5660
...   132 A-T ...
   12.3805  -67.6339   91.2022
   -0.8768    0.1724   -0.4489
   -0.2226    0.6820    0.6967
    0.4262    0.7108   -0.5596
...   133 A-T ...
   13.7246  -65.5060   89.1526
   -0.8524    0.5224    0.0213
    0.3049    0.4636    0.8319
    0.4248    0.7156   -0.5545
...   134 T-A ...
   14.7283  -63.4123   86.8245
   -0.5924    0.6746    0.4405
    0.6886    0.1400    0.7115
    0.4183    0.7248   -0.5474
...   135 G-C ...
   15.7211  -61.4789   83.9378
    0.0342    0.7399    0.6718
    0.8637   -0.3601    0.3526
    0.5028    0.5682   -0.6514
...   136 T-A ...
   15.7739  -59.5465   80.8036
    0.5516    0.4996    0.6680
    0.6739   -0.7388   -0.0038
    0.4916    0.4523   -0.7442
...   137 G-C ...
   16.8280  -57.7076   78.2738
    0.8528   -0.0847    0.5152
    0.1508   -0.9047   -0.3984
    0.4999    0.4175   -0.7588
...   138 A-T ...
   18.4175  -55.5142   76.5363
    0.8547   -0.5007    0.1370
   -0.3189   -0.7148   -0.6224
    0.4096    0.4883   -0.7706
...   139 G-C ...
   20.4152  -54.2946   74.5497
    0.5847   -0.7389   -0.3350
   -0.7594   -0.3532   -0.5465
    0.2854    0.5739   -0.7676
...   140 C-G ...
   21.4163  -51.8108   72.7950
    0.1305   -0.7142   -0.6876
   -0.8897    0.2217   -0.3991
    0.4375    0.6639   -0.6065
...   141 G-C ...
   22.1406  -50.1331   67.4725
   -0.4682   -0.8748    0.1248
   -0.8495    0.4067   -0.3362
    0.2434   -0.2634   -0.9335
...   142 C-G ...
   22.3377  -51.2253   64.5019
   -0.8529   -0.5117   -0.1032
   -0.4974    0.8566   -0.1372
    0.1587   -0.0657   -0.9851
...   143 T-A ...
   24.0059  -51.6202   61.9333
   -0.9563    0.0399   -0.2897
    0.0522    0.9980   -0.0348
    0.2877   -0.0484   -0.9565
...   144 C-G ...
   24.8856  -52.7207   58.9948
   -0.7530    0.5560   -0.3520
    0.5213    0.8304    0.1966
    0.4016   -0.0355   -0.9151
...   145 A-T ...
   25.5173  -52.9610   55.8127
   -0.2441    0.9563   -0.1609
    0.8907    0.2867    0.3528
    0.3835   -0.0571   -0.9218
...   146 C-G ...
   25.2677  -52.4925   52.0871
    0.3203    0.9428   -0.0928
    0.8825   -0.2613    0.3910
    0.3444   -0.2071   -0.9157
...   147 A-T ...
   25.6133  -52.5733   48.6479
    0.8597    0.5097    0.0339
    0.4498   -0.7866    0.4230
    0.2423   -0.3484   -0.9055
