  147 base-pairs
...     1 T-A ...
    0.0000    0.0000    0.0000
    1.0000    0.0000    0.0000
    0.0000    1.0000    0.0000
    0.0000    0.0000    1.0000
...     2 G-C ...
   -0.5555   -1.1003    3.3981
    0.7749    0.6051    0.1828
   -0.5991    0.7953   -0.0929
   -0.2016   -0.0375    0.9787
...     3 T-A ...
   -0.6619   -3.0237    6.5348
    0.3046    0.9250    0.2271
   -0.8994    0.3578   -0.2510
   -0.3134   -0.1278    0.9410
...     4 G-C ...
   -1.1607   -3.8418    9.6940
   -0.3351    0.9421    0.0133
   -0.8752   -0.3061   -0.3746
   -0.3489   -0.1372    0.9271
...     5 A-T ...
   -1.3881   -3.6770   12.8999
   -0.7835    0.6162   -0.0801
   -0.5677   -0.7622   -0.3109
   -0.2527   -0.1981    0.9470
...     6 G-C ...
   -2.6236   -3.5448   15.7072
   -0.9923    0.0611   -0.1075
   -0.0294   -0.9610   -0.2748
   -0.1201   -0.2695    0.9555
...     7 C-G ...
   -2.3138   -3.7570   18.8866
   -0.8620   -0.4995   -0.0864
    0.5008   -0.8655    0.0073
   -0.0785   -0.0370    0.9962
...     8 G-C ...
   -3.9561   -6.8109   23.3205
   -0.2581   -0.3560   -0.8981
    0.6294   -0.7673    0.1233
   -0.7330   -0.5335    0.4221
...     9 C-G ...
   -6.1177   -8.9414   24.2385
    0.1143   -0.7320   -0.6716
    0.8123   -0.3203    0.4874
   -0.5720   -0.6013    0.5580
...    10 T-A ...
   -8.5041   -9.6771   26.0540
    0.4660   -0.8587   -0.2131
    0.6274    0.1508    0.7640
   -0.6239   -0.4897    0.6090
...    11 C-G ...
  -11.0625  -11.3174   27.2336
    0.6660   -0.6911    0.2808
    0.3382    0.6152    0.7121
   -0.6649   -0.3794    0.6435
...    12 A-T ...
  -13.0013  -13.1789   29.0658
    0.7188   -0.1490    0.6790
   -0.1787    0.9043    0.3876
   -0.6718   -0.4000    0.6235
...    13 C-G ...
  -14.1788  -15.9359   31.3399
    0.4052    0.2865    0.8682
   -0.5270    0.8492   -0.0343
   -0.7470   -0.4437    0.4951
...    14 A-T ...
  -15.9532  -18.1566   33.3080
   -0.1503    0.6873    0.7107
   -0.6106    0.5008   -0.6135
   -0.7776   -0.5261    0.3444
...    15 A-T ...
  -18.3687  -20.0053   34.4126
   -0.4605    0.8572    0.2306
   -0.3914    0.0371   -0.9195
   -0.7967   -0.5137    0.3184
...    16 T-A ...
  -20.7727  -21.6259   36.1627
   -0.6260    0.7256   -0.2856
   -0.0663   -0.4145   -0.9076
   -0.7770   -0.5493    0.3076
...    17 T-A ...
  -23.3333  -23.2208   37.4857
   -0.5646    0.3329   -0.7553
    0.3261   -0.7507   -0.5746
   -0.7582   -0.5707    0.3153
...    18 T-A ...
  -25.8925  -24.9100   38.4697
   -0.2461   -0.0956   -0.9645
    0.5729   -0.8170   -0.0652
   -0.7818   -0.5687    0.2558
...    19 A-T ...
  -28.4533  -26.8787   39.0237
    0.1920   -0.4230   -0.8855
    0.5904   -0.6710    0.4485
   -0.7840   -0.6089    0.1209
...    20 T-A ...
  -31.3660  -28.4497   38.9212
    0.4693   -0.6990   -0.5395
    0.4082   -0.3700    0.8345
   -0.7830   -0.6119    0.1117
...    21 T-A ...
  -33.9971  -30.4025   38.9508
    0.6195   -0.7847    0.0193
    0.0597    0.0716    0.9956
   -0.7827   -0.6157    0.0912
...    22 C-G ...
  -36.4977  -32.5118   39.1765
    0.5634   -0.5828    0.5856
   -0.3243    0.4960    0.8055
   -0.7599   -0.6437    0.0904
...    23 G-C ...
  -39.1095  -34.4314   40.0652
    0.3856   -0.1260    0.9140
   -0.6191    0.6992    0.3576
   -0.6841   -0.7037    0.1916
...    24 C-G ...
  -41.0725  -36.9950   40.6053
    0.0446    0.2958    0.9542
   -0.7278    0.6639   -0.1719
   -0.6844   -0.6868    0.2449
...    25 A-T ...
  -43.6335  -39.0139   41.1234
   -0.3357    0.6603    0.6718
   -0.6227    0.3796   -0.6842
   -0.7068   -0.6480    0.2838
...    26 A-T ...
  -45.8653  -41.1428   42.2406
   -0.6280    0.7591    0.1714
   -0.3254   -0.0561   -0.9439
   -0.7069   -0.6485    0.2823
...    27 A-T ...
  -48.0504  -43.1924   43.5123
   -0.7121    0.5800   -0.3957
    0.1047   -0.4695   -0.8767
   -0.6943   -0.6657    0.2736
...    28 G-C ...
  -50.5905  -45.0503   44.7034
   -0.5077    0.2871   -0.8123
    0.4471   -0.7181   -0.5333
   -0.7364   -0.6339    0.2362
...    29 G-C ...
  -53.4118  -46.8866   45.4247
   -0.1109   -0.1031   -0.9885
    0.6410   -0.7675    0.0081
   -0.7595   -0.6327    0.1512
...    30 C-G ...
  -56.1703  -48.6402   45.6120
    0.2971   -0.4605   -0.8365
    0.5826   -0.6067    0.5409
   -0.7565   -0.6480    0.0880
...    31 C-G ...
  -58.9134  -50.5739   45.7104
    0.6251   -0.6604   -0.4160
    0.3164   -0.2729    0.9085
   -0.7136   -0.6996    0.0384
...    32 G-C ...
  -60.8975  -52.8628   45.9724
    0.7742   -0.6273    0.0841
   -0.0594    0.0604    0.9964
   -0.6301   -0.7764    0.0095
...    33 G-C ...
  -62.5597  -55.7867   45.7996
    0.6582   -0.4422    0.6093
   -0.4934    0.3579    0.7928
   -0.5686   -0.8224    0.0174
...    34 C-G ...
  -64.0787  -58.6811   45.6448
    0.3143   -0.1358    0.9395
   -0.7804    0.5266    0.3372
   -0.5406   -0.8392    0.0595
...    35 C-G ...
  -65.5096  -61.7323   46.1074
   -0.1293    0.2246    0.9658
   -0.8420    0.4895   -0.2265
   -0.5237   -0.8426    0.1258
...    36 C-G ...
  -67.0879  -64.5902   46.7865
   -0.5387    0.4946    0.6821
   -0.6616    0.2530   -0.7059
   -0.5216   -0.8315    0.1910
...    37 G-C ...
  -69.1614  -67.2644   46.6352
   -0.7741    0.6097    0.1706
   -0.2627   -0.0643   -0.9627
   -0.5760   -0.7900    0.2099
...    38 A-T ...
  -70.9054  -69.7981   47.3385
   -0.7805    0.4634   -0.4196
    0.2434   -0.3930   -0.8867
   -0.5758   -0.7943    0.1940
...    39 C-G ...
  -73.1230  -71.9685   48.1923
   -0.5230    0.2295   -0.8209
    0.6012   -0.5834   -0.5461
   -0.6042   -0.7791    0.1671
...    40 A-T ...
  -75.2730  -74.4734   48.6110
   -0.0467   -0.0780   -0.9959
    0.7839   -0.6208    0.0118
   -0.6192   -0.7801    0.0901
...    41 C-G ...
  -77.6461  -76.7699   48.4894
    0.3782   -0.3450   -0.8590
    0.6974   -0.5040    0.5095
   -0.6087   -0.7918    0.0500
...    42 G-C ...
  -79.3255  -79.5829   48.9415
    0.7511   -0.5076   -0.4220
    0.3547   -0.2288    0.9066
   -0.5567   -0.8307    0.0082
...    43 A-T ...
  -81.1975  -82.1169   48.9548
    0.8265   -0.5349    0.1756
   -0.1288    0.1241    0.9839
   -0.5481   -0.8358    0.0337
...    44 C-G ...
  -82.7597  -84.9613   48.3745
    0.6764   -0.3384    0.6542
   -0.5472    0.3636    0.7539
   -0.4930   -0.8679    0.0608
...    45 T-A ...
  -83.9068  -88.3681   48.3818
    0.2931   -0.0225    0.9558
   -0.8355    0.4800    0.2675
   -0.4648   -0.8770    0.1219
...    46 T-A ...
  -85.0904  -91.3394   48.7159
   -0.1320    0.2401    0.9617
   -0.8815    0.4153   -0.2247
   -0.4534   -0.8774    0.1568
...    47 A-T ...
  -86.4975  -94.2003   49.5306
   -0.5226    0.5314    0.6667
   -0.6977    0.1827   -0.6926
   -0.4899   -0.8272    0.2753
...    48 C-G ...
  -87.8014  -96.8328   51.0961
   -0.7983    0.5681    0.2000
   -0.3374   -0.1468   -0.9298
   -0.4989   -0.8097    0.3089
...    49 T-A ...
  -89.4560  -99.2949   52.6684
   -0.8226    0.4633   -0.3296
    0.0921   -0.4634   -0.8814
   -0.5611   -0.7554    0.3385
...    50 G-C ...
  -91.4734 -101.7862   53.5962
   -0.5810    0.1734   -0.7952
    0.5325   -0.6580   -0.5325
   -0.6156   -0.7328    0.2900
...    51 T-A ...
  -93.8283 -103.7359   54.5702
   -0.2226   -0.1778   -0.9585
    0.7525   -0.6565   -0.0530
   -0.6199   -0.7331    0.2800
...    52 A-T ...
  -95.5847 -106.3647   55.5589
    0.2830   -0.5357   -0.7956
    0.7431   -0.4019    0.5350
   -0.6064   -0.7426    0.2844
...    53 G-C ...
  -97.7531 -108.6374   56.3788
    0.6596   -0.5971   -0.4566
    0.5222   -0.0728    0.8497
   -0.5406   -0.7989    0.2638
...    54 G-C ...
  -99.9051 -111.5653   56.4751
    0.8834   -0.4679    0.0264
    0.1031    0.2490    0.9630
   -0.4572   -0.8480    0.2682
...    55 T-A ...
 -101.2009 -114.4813   56.9486
    0.8399   -0.2342    0.4896
   -0.3526    0.4503    0.8203
   -0.4126   -0.8616    0.2956
...    56 A-T ...
 -101.9793 -117.7970   57.6250
    0.5754    0.1787    0.7981
   -0.7650    0.4627    0.4480
   -0.2892   -0.8683    0.4030
...    57 T-A ...
 -102.2689 -120.8388   58.7511
    0.1473    0.4223    0.8944
   -0.9545    0.2977    0.0166
   -0.2593   -0.8562    0.4469
...    58 C-G ...
 -102.8648 -123.7183   60.5208
   -0.4516    0.5539    0.6995
   -0.8570   -0.0513   -0.5127
   -0.2481   -0.8310    0.4979
...    59 T-A ...
 -103.5743 -126.2557   62.4742
   -0.8169    0.4934    0.2987
   -0.5081   -0.3707   -0.7774
   -0.2728   -0.7869    0.5536
...    60 C-G ...
 -104.9010 -128.7624   64.0497
   -0.9605    0.1808   -0.2116
    0.0441   -0.6518   -0.7571
   -0.2748   -0.7365    0.6181
...    61 G-C ...
 -105.6987 -131.5480   65.5579
   -0.7798   -0.1910   -0.5961
    0.5480   -0.6687   -0.5025
   -0.3026   -0.7185    0.6262
...    62 A-T ...
 -106.3809 -134.0002   67.6363
   -0.2947   -0.5515   -0.7804
    0.9151   -0.3980   -0.0643
   -0.2751   -0.7331    0.6219
...    63 G-C ...
 -107.3906 -136.4041   69.6286
    0.2395   -0.6701   -0.7026
    0.9437   -0.0094    0.3307
   -0.2283   -0.7422    0.6301
...    64 C-G ...
 -108.5709 -138.9599   71.5638
    0.7485   -0.5153   -0.4174
    0.6395    0.3945    0.6599
   -0.1754   -0.7608    0.6248
...    65 T-A ...
 -109.3299 -141.6708   73.3645
    0.9806   -0.1692   -0.0986
    0.1829    0.6125    0.7690
   -0.0697   -0.7721    0.6316
...    66 C-G ...
 -109.4354 -144.3596   75.3534
    0.9259    0.2637    0.2704
   -0.3767    0.5924    0.7122
    0.0276   -0.7613    0.6478
...    67 G-C ...
 -109.1050 -146.4035   77.7732
    0.5973    0.6297    0.4967
   -0.7863    0.3377    0.5174
    0.1580   -0.6996    0.6968
...    68 G-C ...
 -108.1438 -148.5619   80.1001
    0.0760    0.7776    0.6241
   -0.9741   -0.0759    0.2131
    0.2131   -0.6242    0.7517
...    69 G-C ...
 -107.0900 -150.1730   82.8735
   -0.4789    0.6769    0.5589
   -0.8441   -0.5299   -0.0815
    0.2410   -0.5108    0.8252
...    70 A-T ...
 -106.0846 -151.6178   85.6844
   -0.8823    0.2236    0.4142
   -0.3860   -0.8474   -0.3647
    0.2695   -0.4817    0.8339
...    71 T-A ...
 -105.1388 -152.6208   88.7012
   -0.9504   -0.2572    0.1749
    0.1338   -0.8457   -0.5167
    0.2808   -0.4677    0.8381
...    72 C-G ...
 -104.3446 -153.9717   91.6922
   -0.6550   -0.7437   -0.1341
    0.6807   -0.5036   -0.5319
    0.3281   -0.4397    0.8361
...    73 C-G ...
 -103.3888 -155.3538   94.5299
   -0.2226   -0.8667   -0.4464
    0.9199   -0.0351   -0.3906
    0.3228   -0.4976    0.8051
...    74 G-C ...
 -101.8410 -156.9074   96.9424
    0.2905   -0.6942   -0.6585
    0.8802    0.4638   -0.1006
    0.3753   -0.5504    0.7458
...    75 C-G ...
 -101.0188 -158.9242   99.6354
    0.7198   -0.2877   -0.6318
    0.5407    0.8031    0.2503
    0.4354   -0.5218    0.7336
...    76 T-A ...
  -99.7859 -161.0259  102.0308
    0.8526    0.2457   -0.4613
    0.0514    0.8389    0.5418
    0.5201   -0.4857    0.7026
...    77 T-A ...
  -97.9165 -162.7947  103.9685
    0.7017    0.6965   -0.1500
   -0.4195    0.5741    0.7032
    0.5758   -0.4305    0.6950
...    78 T-A ...
  -95.9294 -164.0266  106.1288
    0.2941    0.9431    0.1549
   -0.7039    0.1041    0.7026
    0.6465   -0.3157    0.6945
...    79 A-T ...
  -93.5537 -164.4974  108.4905
   -0.2741    0.8939    0.3548
   -0.6837   -0.4406    0.5817
    0.6763   -0.0832    0.7319
...    80 A-T ...
  -91.2096 -164.4035  110.7014
   -0.6262    0.4981    0.5998
   -0.3748   -0.8669    0.3286
    0.6836   -0.0190    0.7296
...    81 T-A ...
  -88.8454 -163.6614  112.9722
   -0.7057   -0.0131    0.7084
    0.0103   -0.9999   -0.0082
    0.7084    0.0015    0.7058
...    82 C-G ...
  -86.5692 -163.4354  115.4159
   -0.5260   -0.6393    0.5609
    0.4660   -0.7684   -0.4387
    0.7115    0.0306    0.7021
...    83 A-T ...
  -83.9251 -163.2059  117.4696
   -0.2099   -0.9608    0.1809
    0.6864   -0.2766   -0.6726
    0.6963   -0.0170    0.7176
...    84 T-A ...
  -82.0351 -163.2136  120.1397
    0.1679   -0.9696   -0.1783
    0.6871    0.2448   -0.6841
    0.7069   -0.0076    0.7073
...    85 G-C ...
  -79.7335 -163.2330  122.7229
    0.4943   -0.6463   -0.5813
    0.4096    0.7630   -0.5000
    0.7667    0.0091    0.6419
...    86 T-A ...
  -77.4243 -163.7685  125.0479
    0.6097   -0.1661   -0.7750
    0.0707    0.9853   -0.1555
    0.7894    0.0400    0.6125
...    87 T-A ...
  -74.8358 -163.7993  126.7721
    0.4531    0.3521   -0.8190
   -0.2572    0.9313    0.2580
    0.8535    0.0937    0.5126
...    88 A-T ...
  -71.9653 -163.2993  128.0783
    0.0728    0.6901   -0.7201
   -0.4011    0.6813    0.6124
    0.9131    0.2443    0.3264
...    89 T-A ...
  -68.8181 -162.8319  128.4447
   -0.1711    0.9215   -0.3487
   -0.3652    0.2694    0.8911
    0.9151    0.2798    0.2904
...    90 A-T ...
  -65.9319 -161.5917  129.2229
   -0.4769    0.8750    0.0832
   -0.1532   -0.1760    0.9724
    0.8655    0.4509    0.2180
...    91 A-T ...
  -63.2753 -159.9449  129.6487
   -0.5209    0.6209    0.5858
    0.1818   -0.5898    0.7868
    0.8341    0.5163    0.1943
...    92 C-G ...
  -60.7949 -157.5181  129.8802
   -0.3138    0.2112    0.9257
    0.4586   -0.8200    0.3425
    0.8314    0.5320    0.1605
...    93 G-C ...
  -58.0425 -155.8972  130.6248
    0.0591   -0.3242    0.9441
    0.6043   -0.7412   -0.2923
    0.7945    0.5878    0.1522
...    94 G-C ...
  -55.5559 -153.7721  131.1775
    0.3338   -0.6938    0.6381
    0.4832   -0.4553   -0.7478
    0.8094    0.5580    0.1833
...    95 A-T ...
  -53.0224 -151.8803  131.8875
    0.5347   -0.8418    0.0735
    0.1786    0.0275   -0.9835
    0.8259    0.5391    0.1651
...    96 C-G ...
  -50.3258 -150.3808  132.8394
    0.5193   -0.7277   -0.4481
   -0.1403    0.4446   -0.8846
    0.8430    0.5223    0.1288
...    97 A-T ...
  -47.5437 -148.6638  133.2749
    0.2630   -0.4088   -0.8739
   -0.4256    0.7638   -0.4854
    0.8659    0.4995    0.0269
...    98 C-G ...
  -44.3896 -147.6235  133.3015
   -0.0354    0.0013   -0.9994
   -0.5035    0.8638    0.0190
    0.8633    0.5038   -0.0300
...    99 T-A ...
  -41.1630 -146.2692  132.7273
   -0.4141    0.4126   -0.8113
   -0.3890    0.7256    0.5676
    0.8229    0.5506   -0.1400
...   100 T-A ...
  -38.4889 -144.6547  131.8758
   -0.5925    0.7242   -0.3528
   -0.0812    0.3821    0.9205
    0.8015    0.5741   -0.1676
...   101 T-A ...
  -36.0067 -142.7594  131.1104
   -0.5811    0.7844    0.2169
    0.2776   -0.0594    0.9588
    0.7650    0.6174   -0.1832
...   102 A-T ...
  -33.5430 -140.5608  130.5799
   -0.3551    0.5771    0.7354
    0.5945   -0.4677    0.6541
    0.7215    0.6694   -0.1770
...   103 T-A ...
  -31.7600 -138.0091  129.5497
   -0.0468    0.2797    0.9589
    0.7151   -0.6609    0.2277
    0.6974    0.6964   -0.1692
...   104 G-C ...
  -29.6175 -135.5094  129.1804
    0.3379   -0.2367    0.9109
    0.6242   -0.6680   -0.4051
    0.7044    0.7055   -0.0780
...   105 C-G ...
  -27.4059 -133.0323  129.2510
    0.6200   -0.5763    0.5324
    0.3220   -0.4318   -0.8425
    0.7155    0.6938   -0.0822
...   106 T-A ...
  -24.9886 -130.5947  129.4125
    0.6825   -0.7300   -0.0373
   -0.0768   -0.0208   -0.9968
    0.7269    0.6832   -0.0702
...   107 T-A ...
  -22.6298 -128.4242  129.3759
    0.5022   -0.6406   -0.5808
   -0.4535    0.3767   -0.8077
    0.7363    0.6691   -0.1013
...   108 C-G ...
  -20.0396 -126.3890  129.0981
    0.1031   -0.3612   -0.9268
   -0.6612    0.6712   -0.3351
    0.7431    0.6473   -0.1697
...   109 C-G ...
  -17.5272 -124.3067  128.7258
   -0.3575   -0.0710   -0.9312
   -0.6290    0.7553    0.1839
    0.6903    0.6515   -0.3147
...   110 G-C ...
  -15.6835 -122.1379  127.5984
   -0.7175    0.2100   -0.6642
   -0.3479    0.7180    0.6028
    0.6035    0.6636   -0.4421
...   111 G-C ...
  -14.0794 -119.9853  125.5938
   -0.8435    0.5003   -0.1956
    0.1220    0.5330    0.8373
    0.5231    0.6824   -0.5106
...   112 C-G ...
  -12.8889 -117.7721  123.3492
   -0.6650    0.6787    0.3116
    0.5762    0.2009    0.7922
    0.4750    0.7064   -0.5247
...   113 T-A ...
  -11.5942 -115.4617  121.3814
   -0.2883    0.6574    0.6962
    0.8559   -0.1490    0.4952
    0.4293    0.7386   -0.5197
...   114 C-G ...
  -10.1287 -112.9258  119.9297
    0.2495    0.4355    0.8649
    0.8887   -0.4577   -0.0260
    0.3845    0.7752   -0.5012
...   115 G-C ...
   -8.4891 -110.6308  118.2166
    0.7021    0.0600    0.7095
    0.5895   -0.6079   -0.5319
    0.3994    0.7918   -0.4622
...   116 T-A ...
   -7.2147 -107.7719  117.2073
    0.8954   -0.2905    0.3375
    0.1352   -0.5446   -0.8277
    0.4243    0.7867   -0.4484
...   117 A-T ...
   -5.6811 -104.9313  116.1206
    0.7876   -0.5895   -0.1795
   -0.4011   -0.2693   -0.8756
    0.4678    0.7616   -0.4485
...   118 T-A ...
   -3.8063 -102.4267  115.2653
    0.4905   -0.6363   -0.5954
   -0.7452    0.0479   -0.6651
    0.4518    0.7700   -0.4506
...   119 A-T ...
   -2.5160  -99.8402  113.5834
   -0.0560   -0.5328   -0.8444
   -0.8854    0.4173   -0.2046
    0.4614    0.7362   -0.4952
...   120 A-T ...
   -0.7925  -97.6852  111.8918
   -0.5581   -0.2454   -0.7926
   -0.7033    0.6468    0.2950
    0.4403    0.7221   -0.5336
...   121 T-A ...
    0.9623  -95.7966  109.7897
   -0.8438    0.1110   -0.5251
   -0.3183    0.6843    0.6561
    0.4321    0.7207   -0.5421
...   122 G-C ...
    2.2873  -93.4482  107.6170
   -0.9158    0.4016   -0.0007
    0.2265    0.5178    0.8250
    0.3317    0.7554   -0.5651
...   123 T-A ...
    2.9968  -91.1644  105.4005
   -0.6960    0.5855    0.4156
    0.6492    0.2660    0.7126
    0.3067    0.7658   -0.5653
...   124 G-C ...
    3.7819  -88.5440  103.4928
   -0.2366    0.5683    0.7881
    0.9386   -0.0759    0.3365
    0.2511    0.8193   -0.5154
...   125 T-A ...
    4.0598  -85.8749  101.7176
    0.2656    0.4125    0.8714
    0.9315   -0.3428   -0.1216
    0.2486    0.8440   -0.4753
...   126 C-G ...
    4.8207  -83.1416  100.3335
    0.7580    0.1416    0.6368
    0.6094   -0.5018   -0.6138
    0.2327    0.8533   -0.4667
...   127 G-C ...
    5.9660  -80.6502   98.5169
    0.9219   -0.2489    0.2968
    0.1550   -0.4652   -0.8715
    0.3550    0.8495   -0.3903
...   128 A-T ...
    7.0031  -77.9189   97.3132
    0.8387   -0.4761   -0.2645
   -0.4155   -0.2454   -0.8759
    0.3521    0.8445   -0.4036
...   129 C-G ...
    8.6005  -75.1108   96.6308
    0.4811   -0.5673   -0.6684
   -0.7905    0.0489   -0.6105
    0.3790    0.8220   -0.4249
...   130 C-G ...
   10.4362  -72.6461   95.1445
   -0.0379   -0.5390   -0.8415
   -0.9096    0.3672   -0.1943
    0.4137    0.7580   -0.5042
...   131 A-T ...
   11.1485  -69.8811   93.3954
   -0.5782   -0.2989   -0.7592
   -0.7252    0.6147    0.3103
    0.3739    0.7299   -0.5721
...   132 A-T ...
   12.4271  -67.6579   91.3400
   -0.8856    0.1036   -0.4527
   -0.2705    0.6773    0.6842
    0.3775    0.7284   -0.5718
...   133 A-T ...
   13.7088  -65.5510   89.1709
   -0.8600    0.5101    0.0121
    0.2910    0.4709    0.8328
    0.4191    0.7198   -0.5534
...   134 T-A ...
   14.7283  -63.4124   86.8244
   -0.5924    0.6746    0.4405
    0.6886    0.1400    0.7115
    0.4183    0.7248   -0.5474
...   135 G-C ...
   15.7212  -61.4789   83.9377
    0.0342    0.7399    0.6718
    0.8637   -0.3601    0.3526
    0.5028    0.5682   -0.6514
...   136 T-A ...
   15.7740  -59.5465   80.8036
    0.5516    0.4996    0.6680
    0.6739   -0.7388   -0.0038
    0.4916    0.4523   -0.7442
...   137 G-C ...
   16.8281  -57.7077   78.2737
    0.8528   -0.0847    0.5152
    0.1508   -0.9047   -0.3984
    0.4999    0.4175   -0.7588
...   138 A-T ...
   18.4176  -55.5142   76.5362
    0.8547   -0.5007    0.1370
   -0.3189   -0.7148   -0.6224
    0.4096    0.4883   -0.7706
...   139 G-C ...
   20.4153  -54.2946   74.5496
    0.5847   -0.7389   -0.3350
   -0.7594   -0.3532   -0.5465
    0.2854    0.5739   -0.7676
...   140 C-G ...
   21.4164  -51.8108   72.7949
    0.1305   -0.7142   -0.6876
   -0.8897    0.2217   -0.3991
    0.4375    0.6639   -0.6065
...   141 G-C ...
   22.1407  -50.1331   67.4724
   -0.4682   -0.8748    0.1248
   -0.8495    0.4067   -0.3362
    0.2434   -0.2634   -0.9335
...   142 C-G ...
   22.3378  -51.2253   64.5019
   -0.8529   -0.5117   -0.1032
   -0.4974    0.8566   -0.1372
    0.1587   -0.0657   -0.9851
...   143 T-A ...
   24.0060  -51.6202   61.9332
   -0.9563    0.0399   -0.2897
    0.0522    0.9980   -0.0348
    0.2877   -0.0484   -0.9565
...   144 C-G ...
   24.8857  -52.7208   58.9947
   -0.7530    0.5560   -0.3520
    0.5213    0.8304    0.1966
    0.4016   -0.0355   -0.9151
...   145 A-T ...
   25.5174  -52.9611   55.8127
   -0.2441    0.9563   -0.1609
    0.8907    0.2867    0.3528
    0.3835   -0.0571   -0.9218
...   146 C-G ...
   25.2677  -52.4926   52.0870
    0.3203    0.9428   -0.0928
    0.8825   -0.2613    0.3910
    0.3444   -0.2071   -0.9157
...   147 A-T ...
   25.6133  -52.5733   48.6478
    0.8597    0.5097    0.0339
    0.4498   -0.7866    0.4230
    0.2423   -0.3484   -0.9055
