  147 base-pairs
...     1 T-A ...
    0.0000    0.0000    0.0000
    1.0000    0.0000    0.0000
    0.0000    1.0000    0.0000
    0.0000    0.0000    1.0000
...     2 G-C ...
   -0.5555   -1.1003    3.3981
    0.7749    0.6051    0.1828
   -0.5991    0.7953   -0.0929
   -0.2016   -0.0375    0.9787
...     3 T-A ...
   -0.6619   -3.0237    6.5348
    0.3046    0.9250    0.2271
   -0.8994    0.3578   -0.2510
   -0.3134   -0.1278    0.9410
...     4 G-C ...
   -1.1607   -3.8418    9.6940
   -0.3351    0.9421    0.0133
   -0.8752   -0.3061   -0.3746
   -0.3489   -0.1372    0.9271
...     5 A-T ...
   -1.3881   -3.6770   12.8999
   -0.7835    0.6162   -0.0801
   -0.5677   -0.7622   -0.3109
   -0.2527   -0.1981    0.9470
...     6 G-C ...
   -2.6236   -3.5448   15.7072
   -0.9923    0.0611   -0.1075
   -0.0294   -0.9610   -0.2748
   -0.1201   -0.2695    0.9555
...     7 C-G ...
   -2.3138   -3.7570   18.8866
   -0.8620   -0.4995   -0.0864
    0.5008   -0.8655    0.0073
   -0.0785   -0.0370    0.9962
...     8 G-C ...
   -3.9561   -6.8109   23.3205
   -0.2581   -0.3560   -0.8981
    0.6294   -0.7673    0.1233
   -0.7330   -0.5335    0.4221
...     9 C-G ...
   -6.1177   -8.9414   24.2385
    0.1143   -0.7320   -0.6716
    0.8123   -0.3203    0.4874
   -0.5720   -0.6013    0.5580
...    10 T-A ...
   -8.5041   -9.6771   26.0540
    0.4660   -0.8587   -0.2131
    0.6274    0.1508    0.7640
   -0.6239   -0.4897    0.6090
...    11 C-G ...
  -11.0625  -11.3174   27.2336
    0.6660   -0.6911    0.2808
    0.3382    0.6152    0.7121
   -0.6649   -0.3794    0.6435
...    12 A-T ...
  -13.0013  -13.1789   29.0658
    0.7188   -0.1490    0.6790
   -0.1787    0.9043    0.3876
   -0.6718   -0.4000    0.6235
...    13 C-G ...
  -14.1788  -15.9359   31.3399
    0.4052    0.2865    0.8682
   -0.5270    0.8492   -0.0343
   -0.7470   -0.4437    0.4951
...    14 A-T ...
  -15.9532  -18.1566   33.3080
   -0.1503    0.6873    0.7107
   -0.6106    0.5008   -0.6135
   -0.7776   -0.5261    0.3444
...    15 A-T ...
  -18.3600  -20.0000   34.4487
   -0.4705    0.8522    0.2288
   -0.3934    0.0295   -0.9189
   -0.7899   -0.5223    0.3214
...    16 T-A ...
  -20.7395  -21.6546   36.2127
   -0.6397    0.7129   -0.2875
   -0.0610   -0.4199   -0.9055
   -0.7662   -0.5617    0.3121
...    17 T-A ...
  -23.2562  -23.2967   37.5563
   -0.5765    0.3130   -0.7548
    0.3424   -0.7462   -0.5709
   -0.7419   -0.5876    0.3230
...    18 T-A ...
  -25.7610  -25.0453   38.6012
   -0.2532   -0.1199   -0.9600
    0.5997   -0.7981   -0.0585
   -0.7592   -0.5905    0.2739
...    19 A-T ...
  -28.2077  -27.1322   39.2619
    0.1982   -0.4410   -0.8754
    0.6233   -0.6325    0.4598
   -0.7564   -0.6368    0.1495
...    20 T-A ...
  -31.0428  -28.8336   39.2470
    0.4957   -0.6921   -0.5247
    0.4349   -0.3251    0.8397
   -0.7517   -0.6445    0.1398
...    21 T-A ...
  -33.5685  -30.9143   39.3785
    0.6632   -0.7478    0.0313
    0.0694    0.1031    0.9922
   -0.7452   -0.6559    0.1203
...    22 C-G ...
  -35.9250  -33.1678   39.7154
    0.6069   -0.5297    0.5926
   -0.3427    0.4983    0.7964
   -0.7171   -0.6864    0.1209
...    23 G-C ...
  -38.3481  -35.2682   40.7556
    0.4063   -0.0726    0.9108
   -0.6644    0.6608    0.3491
   -0.6273   -0.7470    0.2202
...    24 C-G ...
  -40.0991  -37.9563   41.4142
    0.0333    0.3237    0.9456
   -0.7795    0.6006   -0.1782
   -0.6256   -0.7311    0.2723
...    25 A-T ...
  -42.5111  -40.1407   42.0392
   -0.3896    0.6460    0.6564
   -0.6578    0.3037   -0.6892
   -0.6446   -0.7003    0.3067
...    26 A-T ...
  -44.5318  -42.4353   43.2372
   -0.6992    0.6984    0.1527
   -0.3191   -0.1138   -0.9409
   -0.6398   -0.7066    0.3024
...    27 A-T ...
  -46.4966  -44.6703   44.5643
   -0.7689    0.4890   -0.4118
    0.1567   -0.4804   -0.8630
   -0.6198   -0.7281    0.2927
...    28 G-C ...
  -48.8161  -46.7716   45.8087
   -0.5323    0.2023   -0.8220
    0.5284   -0.6792   -0.5094
   -0.6614   -0.7055    0.2546
...    29 G-C ...
  -51.3886  -48.9180   46.6046
   -0.0888   -0.1487   -0.9849
    0.7278   -0.6847    0.0378
   -0.6800   -0.7135    0.1690
...    30 C-G ...
  -53.9144  -50.9856   46.8652
    0.3617   -0.4493   -0.8169
    0.6464   -0.5105    0.5670
   -0.6718   -0.7332    0.1058
...    31 C-G ...
  -56.3710  -53.2583   47.0166
    0.7098   -0.5901   -0.3846
    0.3333   -0.1995    0.9215
   -0.6205   -0.7823    0.0551
...    32 G-C ...
  -58.0314  -55.7986   47.3441
    0.8464   -0.5187    0.1204
   -0.0888    0.0855    0.9924
   -0.5251   -0.8506    0.0263
...    33 G-C ...
  -59.2860  -58.9254   47.2651
    0.6941   -0.3326    0.6384
   -0.5563    0.3151    0.7689
   -0.4569   -0.8889    0.0337
...    34 C-G ...
  -60.3920  -62.0088   47.2116
    0.2994   -0.0643    0.9520
   -0.8540    0.4270    0.2974
   -0.4256   -0.9020    0.0729
...    35 C-G ...
  -61.4308  -65.2076   47.7522
   -0.1979    0.2295    0.9530
   -0.8912    0.3628   -0.2724
   -0.4082   -0.9032    0.1328
...    36 C-G ...
  -62.6230  -68.2547   48.4625
   -0.6343    0.4315    0.6414
   -0.6552    0.1402   -0.7423
   -0.4103   -0.8911    0.1938
...    37 G-C ...
  -64.2946  -71.2180   48.2542
   -0.8607    0.4971    0.1101
   -0.1954   -0.1228   -0.9730
   -0.4702   -0.8590    0.2028
...    38 A-T ...
  -65.6853  -73.9685   48.9388
   -0.8112    0.3381   -0.4771
    0.3501   -0.3727   -0.8594
   -0.4684   -0.8642    0.1840
...    39 C-G ...
  -67.6070  -76.4228   49.7276
   -0.4956    0.1363   -0.8578
    0.7117   -0.5023   -0.4910
   -0.4978   -0.8539    0.1520
...    40 A-T ...
  -69.3926  -79.2149   50.0853
    0.0353   -0.1015   -0.9942
    0.8605   -0.5028    0.0819
   -0.5082   -0.8584    0.0695
...    41 C-G ...
  -71.3988  -81.8277   49.8629
    0.4878   -0.3009   -0.8195
    0.7203   -0.3915    0.5725
   -0.4931   -0.8696    0.0258
...    42 G-C ...
  -72.6820  -84.8610   50.2433
    0.8472   -0.4032   -0.3460
    0.3034   -0.1674    0.9381
   -0.4361   -0.8997   -0.0195
...    43 A-T ...
  -74.1615  -87.6494   50.1488
    0.8713   -0.4156    0.2610
   -0.2351    0.1133    0.9653
   -0.4307   -0.9025    0.0010
...    44 C-G ...
  -75.2579  -90.6959   49.5070
    0.6465   -0.2417    0.7236
   -0.6625    0.2926    0.6896
   -0.3784   -0.9252    0.0291
...    45 T-A ...
  -75.9445  -94.2325   49.4475
    0.1885    0.0148    0.9820
   -0.9141    0.3681    0.1700
   -0.3589   -0.9297    0.0829
...    46 T-A ...
  -76.7702  -97.3383   49.6789
   -0.2801    0.2133    0.9360
   -0.8915    0.3038   -0.3361
   -0.3561   -0.9285    0.1050
...    47 A-T ...
  -77.9530 -100.3696   50.2408
   -0.6871    0.4395    0.5786
   -0.6024    0.1006   -0.7918
   -0.4063   -0.8926    0.1956
...    48 C-G ...
  -79.0758 -103.2092   51.5628
   -0.8903    0.4497    0.0722
   -0.1629   -0.1664   -0.9725
   -0.4253   -0.8775    0.2214
...    49 T-A ...
  -80.6120 -105.9262   52.8095
   -0.8125    0.3584   -0.4597
    0.3002   -0.4186   -0.8571
   -0.4996   -0.8344    0.2326
...    50 G-C ...
  -82.4198 -108.6912   53.3649
   -0.4516    0.1324   -0.8823
    0.6968   -0.5654   -0.4415
   -0.5573   -0.8142    0.1631
...    51 T-A ...
  -84.6372 -110.9518   53.8760
   -0.0241   -0.1555   -0.9875
    0.8261   -0.5594    0.0679
   -0.5630   -0.8142    0.1420
...    52 A-T ...
  -86.9262 -113.4778   54.0887
    0.4843   -0.4083   -0.7738
    0.6826   -0.3769    0.6261
   -0.5473   -0.8314    0.0962
...    53 T-A ...
  -89.0881 -115.9480   53.8345
    0.7599   -0.5442   -0.3555
    0.3543   -0.1117    0.9284
   -0.5449   -0.8315    0.1079
...    54 C-G ...
  -90.9535 -118.6151   54.1121
    0.8518   -0.4474    0.2726
   -0.1694    0.2572    0.9514
   -0.4958   -0.8566    0.1433
...    55 A-T ...
  -92.6439 -121.5677   54.2862
    0.6921   -0.1279    0.7104
   -0.6163    0.4076    0.6738
   -0.3758   -0.9041    0.2033
...    56 T-A ...
  -93.4251 -124.6707   54.7713
    0.3294    0.1484    0.9325
   -0.8811    0.4032    0.2471
   -0.3393   -0.9030    0.2636
...    57 G-C ...
  -94.3377 -127.8102   55.9201
   -0.1870    0.4631    0.8663
   -0.9266    0.2096   -0.3121
   -0.3261   -0.8611    0.3900
...    58 T-A ...
  -94.8461 -130.6555   57.6021
   -0.6345    0.5237    0.5685
   -0.7024   -0.0837   -0.7069
   -0.3226   -0.8478    0.4209
...    59 T-A ...
  -95.7832 -133.2748   59.1520
   -0.9151    0.3935    0.0884
   -0.2507   -0.3832   -0.8890
   -0.3160   -0.8356    0.4493
...    60 A-T ...
  -96.8827 -136.2487   60.3881
   -0.8778    0.0566   -0.4756
    0.3700   -0.5504   -0.7484
   -0.3041   -0.8330    0.4622
...    61 T-A ...
  -98.2430 -138.5032   62.3088
   -0.5877   -0.2578   -0.7669
    0.7599   -0.5013   -0.4139
   -0.2778   -0.8260    0.4905
...    62 A-T ...
  -98.9098 -141.3922   64.0188
    0.0188   -0.5526   -0.8333
    0.9644   -0.2098    0.1609
   -0.2637   -0.8066    0.5290
...    63 A-T ...
  -99.9082 -143.9533   65.6686
    0.5513   -0.5842   -0.5957
    0.7992    0.1648    0.5780
   -0.2395   -0.7947    0.5577
...    64 C-G ...
 -101.1810 -146.8016   67.0587
    0.8991   -0.3886   -0.2018
    0.3825    0.4727    0.7939
   -0.2131   -0.7910    0.5736
...    65 G-C ...
 -101.4860 -149.2125   69.2046
    0.9908    0.0656    0.1183
   -0.1337    0.6064    0.7839
   -0.0203   -0.7925    0.6095
...    66 G-C ...
 -101.0596 -151.8409   71.1134
    0.7809    0.4677    0.4140
   -0.6136    0.4508    0.6483
    0.1166   -0.7603    0.6390
...    67 A-T ...
 -100.4915 -154.2489   73.1739
    0.2964    0.6893    0.6611
   -0.9404    0.0899    0.3279
    0.1666   -0.7189    0.6749
...    68 G-C ...
  -99.4979 -156.5124   75.2691
   -0.2150    0.7078    0.6729
   -0.9578   -0.2876   -0.0035
    0.1910   -0.6453    0.7397
...    69 G-C ...
  -98.1289 -158.2349   78.1745
   -0.7067    0.4971    0.5035
   -0.6863   -0.6546   -0.3170
    0.1720   -0.5696    0.8038
...    70 T-A ...
  -97.4764 -159.5667   81.1028
   -0.9581    0.0923    0.2713
   -0.2221   -0.8374   -0.4994
    0.1811   -0.5387    0.8228
...    71 A-T ...
  -97.0032 -160.9626   84.1467
   -0.9085   -0.4119   -0.0699
    0.3830   -0.7543   -0.5332
    0.1669   -0.5112    0.8431
...    72 T-A ...
  -96.8230 -162.0447   87.2872
   -0.5739   -0.7667   -0.2878
    0.7918   -0.4299   -0.4339
    0.2090   -0.4769    0.8538
...    73 C-G ...
  -96.4225 -163.6135   90.2219
    0.0361   -0.8818   -0.4703
    0.9690    0.1460   -0.1993
    0.2444   -0.4485    0.8597
...    74 T-A ...
  -95.8622 -165.3551   93.0433
    0.5226   -0.6543   -0.5467
    0.8045    0.5906    0.0623
    0.2821   -0.4724    0.8350
...    75 C-G ...
  -95.0568 -166.9952   95.9154
    0.8714   -0.1779   -0.4571
    0.3516    0.8763    0.3294
    0.3420   -0.4478    0.8262
...    76 G-C ...
  -93.6355 -168.0473   98.6760
    0.8179    0.3554   -0.4525
   -0.0973    0.8606    0.4999
    0.5671   -0.3649    0.7384
...    77 A-T ...
  -91.9311 -169.1783  101.1901
    0.5660    0.7980   -0.2070
   -0.5373    0.5476    0.6415
    0.6252   -0.2519    0.7387
...    78 G-C ...
  -89.4190 -169.8371  103.2611
    0.1512    0.9872    0.0513
   -0.7185    0.0741    0.6915
    0.6789   -0.1414    0.7205
...    79 C-G ...
  -86.7302 -169.9637  105.2942
   -0.3198    0.8681    0.3796
   -0.6500   -0.4925    0.5787
    0.6893   -0.0617    0.7218
...    80 T-A ...
  -84.2891 -169.8838  107.4795
   -0.6398    0.4916    0.5908
   -0.3488   -0.8707    0.3467
    0.6848    0.0158    0.7285
...    81 C-G ...
  -82.4883 -169.9420  110.1566
   -0.7309   -0.0987    0.6754
    0.1513   -0.9883    0.0193
    0.6656    0.1163    0.7372
...    82 G-C ...
  -80.0756 -170.6128  112.6475
   -0.5210   -0.6478    0.5558
    0.5764   -0.7473   -0.3306
    0.6295    0.1481    0.7627
...    83 G-C ...
  -78.0664 -169.9440  115.2649
   -0.1323   -0.9561    0.2617
    0.7537   -0.2684   -0.5999
    0.6437    0.1179    0.7561
...    84 G-C ...
  -76.0726 -169.4978  117.9022
    0.2434   -0.9560   -0.1635
    0.7067    0.2903   -0.6452
    0.6643    0.0415    0.7463
...    85 A-T ...
  -74.0594 -169.4077  120.5667
    0.6078   -0.5982   -0.5222
    0.4088    0.7996   -0.4400
    0.6807    0.0539    0.7305
...    86 T-A ...
  -71.9782 -169.8108  123.0914
    0.7075   -0.1079   -0.6984
    0.0345    0.9924   -0.1183
    0.7059    0.0596    0.7058
...    87 C-G ...
  -69.5679 -169.7862  125.3022
    0.5534    0.4723   -0.6861
   -0.3773    0.8765    0.2991
    0.7426    0.0933    0.6632
...    88 C-G ...
  -67.1799 -169.7184  127.5554
    0.1552    0.8165   -0.5561
   -0.6078    0.5227    0.5978
    0.7788    0.2452    0.5774
...    89 G-C ...
  -64.8433 -168.4600  129.5375
   -0.3299    0.9006   -0.2832
   -0.5487    0.0612    0.8338
    0.7682    0.4304    0.4739
...    90 C-G ...
  -62.0979 -166.6302  130.5846
   -0.6016    0.7663    0.2256
   -0.2307   -0.4370    0.8694
    0.7648    0.4710    0.4397
...    91 T-A ...
  -59.8276 -164.2854  131.8649
   -0.6249    0.3922    0.6750
    0.2171   -0.7432    0.6328
    0.7499    0.5420    0.3793
...    92 T-A ...
  -57.5430 -162.1769  132.8805
   -0.3285   -0.0792    0.9412
    0.5502   -0.8260    0.1225
    0.7677    0.5581    0.3149
...    93 T-A ...
  -55.2878 -159.9866  133.8109
    0.1070   -0.4945    0.8626
    0.6247   -0.6414   -0.4453
    0.7735    0.5865    0.2403
...    94 A-T ...
  -52.4319 -158.2925  133.7272
    0.5743   -0.6882    0.4434
    0.3856   -0.2504   -0.8880
    0.7222    0.6809    0.1216
...    95 A-T ...
  -50.2038 -156.0430  134.2240
    0.7036   -0.6998   -0.1233
   -0.0327    0.1415   -0.9894
    0.7098    0.7002    0.0767
...    96 C-G ...
  -47.7294 -153.9298  135.0204
    0.5637   -0.5411   -0.6240
   -0.4119    0.4707   -0.7802
    0.7159    0.6969    0.0425
...    97 A-T ...
  -45.2849 -151.7067  135.1367
    0.1588   -0.2765   -0.9478
   -0.6535    0.6901   -0.3109
    0.7401    0.6688   -0.0711
...    98 C-G ...
  -42.4456 -150.0350  134.6884
   -0.2316    0.0701   -0.9703
   -0.6386    0.7415    0.2060
    0.7339    0.6673   -0.1270
...    99 T-A ...
  -39.6488 -148.0614  133.6906
   -0.6183    0.3975   -0.6781
   -0.3893    0.5945    0.7035
    0.6828    0.6990   -0.2129
...   100 T-A ...
  -37.4362 -145.9518  132.5988
   -0.7397    0.6530   -0.1624
    0.0356    0.2790    0.9596
    0.6720    0.7041   -0.2296
...   101 T-A ...
  -35.3709 -143.6811  131.5966
   -0.6101    0.6844    0.3992
    0.4497   -0.1157    0.8856
    0.6523    0.7199   -0.2372
...   102 A-T ...
  -33.1797 -141.2259  130.9232
   -0.2471    0.4693    0.8477
    0.7387   -0.4750    0.4783
    0.6271    0.7444   -0.2293
...   103 T-A ...
  -31.7826 -138.4378  129.9092
    0.1169    0.1813    0.9765
    0.7815   -0.6235    0.0222
    0.6128    0.7605   -0.2146
...   104 G-C ...
  -29.8861 -135.7604  129.4332
    0.5118   -0.2992    0.8053
    0.5740   -0.5784   -0.5796
    0.6393    0.7589   -0.1243
...   105 C-G ...
  -27.8160 -133.1988  129.4271
    0.7233   -0.5891    0.3602
    0.1893   -0.3325   -0.9239
    0.6641    0.7365   -0.1289
...   106 T-A ...
  -25.4870 -130.6792  129.4422
    0.6872   -0.6937   -0.2158
   -0.2383    0.0653   -0.9690
    0.6863    0.7173   -0.1204
...   107 T-A ...
  -23.2058 -128.4449  129.2322
    0.4124   -0.5761   -0.7057
   -0.5790    0.4322   -0.6913
    0.7033    0.6937   -0.1553
...   108 C-G ...
  -20.7021 -126.3713  128.7055
   -0.0344   -0.2892   -0.9567
   -0.7057    0.6848   -0.1816
    0.7076    0.6689   -0.2276
...   109 C-G ...
  -18.2589 -124.2866  128.0405
   -0.4830   -0.0012   -0.8756
   -0.5915    0.7378    0.3252
    0.6457    0.6750   -0.3571
...   110 G-C ...
  -16.5708 -122.0613  126.8203
   -0.7930    0.2648   -0.5487
   -0.2543    0.6744    0.6931
    0.5536    0.6892   -0.4675
...   111 G-C ...
  -15.1903 -119.7884  124.7676
   -0.8473    0.5284   -0.0539
    0.2380    0.4684    0.8508
    0.4749    0.7081   -0.5227
...   112 C-G ...
  -14.1682 -117.4732  122.5488
   -0.6033    0.6689    0.4342
    0.6702    0.1301    0.7307
    0.4323    0.7319   -0.5268
...   113 T-A ...
  -13.0162 -115.0739  120.6035
   -0.1859    0.6159    0.7656
    0.8988   -0.2082    0.3857
    0.3969    0.7598   -0.5149
...   114 C-G ...
  -11.6275 -112.5070  119.1197
    0.3544    0.3671    0.8600
    0.8601   -0.4889   -0.1457
    0.3670    0.7913   -0.4890
...   115 G-C ...
  -10.0535 -110.1804  117.3865
    0.7646   -0.0184    0.6442
    0.5074   -0.5991   -0.6194
    0.3973    0.8005   -0.4488
...   116 T-A ...
   -8.7156 -107.3455  116.4447
    0.9030   -0.3544    0.2430
    0.0379   -0.4976   -0.8666
    0.4280    0.7917   -0.4359
...   117 A-T ...
   -7.0745 -104.5242  115.4485
    0.7367   -0.6225   -0.2640
   -0.4731   -0.1957   -0.8590
    0.4831    0.7577   -0.4388
...   118 T-A ...
   -5.0998 -102.1029  114.6039
    0.4137   -0.6313   -0.6559
   -0.7791    0.1272   -0.6138
    0.4709    0.7650   -0.4393
...   119 A-T ...
   -3.6880  -99.5621  112.9854
   -0.1284   -0.4987   -0.8572
   -0.8670    0.4761   -0.1471
    0.4815    0.7243   -0.4935
...   120 A-T ...
   -1.9050  -97.4684  111.2812
   -0.6047   -0.1839   -0.7749
   -0.6496    0.6769    0.3463
    0.4608    0.7128   -0.5288
...   121 T-A ...
   -0.1110  -95.6264  109.1682
   -0.8549    0.1785   -0.4870
   -0.2509    0.6793    0.6896
    0.4540    0.7118   -0.5360
...   122 G-C ...
    1.2811  -93.3134  107.0074
   -0.8902    0.4536    0.0423
    0.2825    0.4768    0.8324
    0.3574    0.7530   -0.5525
...   123 T-A ...
    2.0706  -91.0158  104.8415
   -0.6508    0.6095    0.4528
    0.6821    0.2073    0.7013
    0.3336    0.7652   -0.5506
...   124 G-C ...
    2.9480  -88.3892  103.0010
   -0.1902    0.5541    0.8104
    0.9404   -0.1343    0.3125
    0.2820    0.8215   -0.4955
...   125 T-A ...
    3.3261  -85.6847  101.3061
    0.3016    0.3711    0.8782
    0.9110   -0.3838   -0.1506
    0.2812    0.8455   -0.4539
...   126 C-G ...
    4.1993  -82.9511  100.0051
    0.7737    0.0861    0.6277
    0.5757   -0.5094   -0.6396
    0.2647    0.8562   -0.4437
...   127 G-C ...
    5.4384  -80.4638   98.2714
    0.9138   -0.2954    0.2788
    0.1269   -0.4444   -0.8868
    0.3859    0.8457   -0.3686
...   128 A-T ...
    6.5787  -77.7465   97.1416
    0.8171   -0.5007   -0.2858
   -0.4319   -0.2031   -0.8788
    0.3820    0.8415   -0.3822
...   129 C-G ...
    8.2888  -74.9902   96.5193
    0.4552   -0.5660   -0.6874
   -0.7922    0.0950   -0.6029
    0.4065    0.8189   -0.4051
...   130 C-G ...
   10.2254  -72.5672   95.0928
   -0.0590   -0.5182   -0.8533
   -0.8979    0.4011   -0.1815
    0.4363    0.7554   -0.4889
...   131 A-T ...
   11.0656  -69.8435   93.3704
   -0.5849   -0.2828   -0.7602
   -0.7127    0.6267    0.3151
    0.3873    0.7261   -0.5681
...   132 A-T ...
   12.3917  -67.6366   91.3341
   -0.8846    0.1145   -0.4520
   -0.2622    0.6794    0.6853
    0.3856    0.7248   -0.5710
...   133 A-T ...
   13.6946  -65.5409   89.1653
   -0.8563    0.5162    0.0132
    0.2951    0.4683    0.8328
    0.4238    0.7171   -0.5534
...   134 T-A ...
   14.7284  -63.4124   86.8245
   -0.5924    0.6746    0.4405
    0.6886    0.1400    0.7115
    0.4183    0.7248   -0.5474
...   135 G-C ...
   15.7212  -61.4789   83.9377
    0.0342    0.7399    0.6718
    0.8637   -0.3601    0.3526
    0.5028    0.5682   -0.6514
...   136 T-A ...
   15.7740  -59.5466   80.8036
    0.5516    0.4996    0.6680
    0.6739   -0.7388   -0.0038
    0.4916    0.4523   -0.7442
...   137 G-C ...
   16.8281  -57.7077   78.2737
    0.8528   -0.0847    0.5152
    0.1508   -0.9047   -0.3984
    0.4999    0.4175   -0.7588
...   138 A-T ...
   18.4177  -55.5143   76.5362
    0.8547   -0.5007    0.1370
   -0.3189   -0.7148   -0.6224
    0.4096    0.4883   -0.7706
...   139 G-C ...
   20.4153  -54.2947   74.5496
    0.5847   -0.7389   -0.3350
   -0.7594   -0.3532   -0.5465
    0.2854    0.5739   -0.7676
...   140 C-G ...
   21.4164  -51.8109   72.7949
    0.1305   -0.7142   -0.6876
   -0.8897    0.2217   -0.3991
    0.4375    0.6639   -0.6065
...   141 G-C ...
   22.1407  -50.1332   67.4724
   -0.4682   -0.8748    0.1248
   -0.8495    0.4067   -0.3362
    0.2434   -0.2634   -0.9335
...   142 C-G ...
   22.3378  -51.2253   64.5019
   -0.8529   -0.5117   -0.1032
   -0.4974    0.8566   -0.1372
    0.1587   -0.0657   -0.9851
...   143 T-A ...
   24.0060  -51.6203   61.9332
   -0.9563    0.0399   -0.2897
    0.0522    0.9980   -0.0348
    0.2877   -0.0484   -0.9565
...   144 C-G ...
   24.8858  -52.7208   58.9947
   -0.7530    0.5560   -0.3520
    0.5213    0.8304    0.1966
    0.4016   -0.0355   -0.9151
...   145 A-T ...
   25.5175  -52.9611   55.8127
   -0.2441    0.9563   -0.1609
    0.8907    0.2867    0.3528
    0.3835   -0.0571   -0.9218
...   146 C-G ...
   25.2678  -52.4926   52.0870
    0.3203    0.9428   -0.0928
    0.8825   -0.2613    0.3910
    0.3444   -0.2071   -0.9157
...   147 A-T ...
   25.6134  -52.5734   48.6478
    0.8597    0.5097    0.0339
    0.4498   -0.7866    0.4230
    0.2423   -0.3484   -0.9055
