  147 base-pairs
...     1 T-A ...
    0.0000    0.0000    0.0000
    1.0000    0.0000    0.0000
    0.0000    1.0000    0.0000
    0.0000    0.0000    1.0000
...     2 G-C ...
   -0.5555   -1.1003    3.3981
    0.7749    0.6051    0.1828
   -0.5991    0.7953   -0.0929
   -0.2016   -0.0375    0.9787
...     3 T-A ...
   -0.6619   -3.0237    6.5348
    0.3046    0.9250    0.2271
   -0.8994    0.3578   -0.2510
   -0.3134   -0.1278    0.9410
...     4 G-C ...
   -1.1607   -3.8418    9.6940
   -0.3351    0.9421    0.0133
   -0.8752   -0.3061   -0.3746
   -0.3489   -0.1372    0.9271
...     5 A-T ...
   -1.3881   -3.6770   12.8999
   -0.7835    0.6162   -0.0801
   -0.5677   -0.7622   -0.3109
   -0.2527   -0.1981    0.9470
...     6 G-C ...
   -2.6236   -3.5448   15.7072
   -0.9923    0.0611   -0.1075
   -0.0294   -0.9610   -0.2748
   -0.1201   -0.2695    0.9555
...     7 C-G ...
   -2.3138   -3.7570   18.8866
   -0.8620   -0.4995   -0.0864
    0.5008   -0.8655    0.0073
   -0.0785   -0.0370    0.9962
...     8 G-C ...
   -3.9561   -6.8109   23.3205
   -0.2581   -0.3560   -0.8981
    0.6294   -0.7673    0.1233
   -0.7330   -0.5335    0.4221
...     9 C-G ...
   -6.1177   -8.9414   24.2385
    0.1143   -0.7320   -0.6716
    0.8123   -0.3203    0.4874
   -0.5720   -0.6013    0.5580
...    10 T-A ...
   -8.5041   -9.6771   26.0540
    0.4660   -0.8587   -0.2131
    0.6274    0.1508    0.7640
   -0.6239   -0.4897    0.6090
...    11 C-G ...
  -11.0625  -11.3174   27.2336
    0.6660   -0.6911    0.2808
    0.3382    0.6152    0.7121
   -0.6649   -0.3794    0.6435
...    12 A-T ...
  -13.0013  -13.1789   29.0658
    0.7188   -0.1490    0.6790
   -0.1787    0.9043    0.3876
   -0.6718   -0.4000    0.6235
...    13 C-G ...
  -14.1788  -15.9359   31.3399
    0.4052    0.2865    0.8682
   -0.5270    0.8492   -0.0343
   -0.7470   -0.4437    0.4951
...    14 A-T ...
  -15.9532  -18.1566   33.3080
   -0.1503    0.6873    0.7107
   -0.6106    0.5008   -0.6135
   -0.7776   -0.5261    0.3444
...    15 A-T ...
  -18.3612  -20.0069   34.4316
   -0.4740    0.8508    0.2267
   -0.3871    0.0299   -0.9216
   -0.7909   -0.5246    0.3151
...    16 T-A ...
  -20.7517  -21.6719   36.1697
   -0.6390    0.7112   -0.2930
   -0.0507   -0.4189   -0.9066
   -0.7675   -0.5645    0.3037
...    17 T-A ...
  -23.2806  -23.3275   37.4757
   -0.5672    0.3126   -0.7619
    0.3527   -0.7438   -0.5677
   -0.7442   -0.5908    0.3117
...    18 T-A ...
  -25.7927  -25.1006   38.4592
   -0.2328   -0.1149   -0.9657
    0.6024   -0.7966   -0.0505
   -0.7635   -0.5935    0.2547
...    19 A-T ...
  -28.2658  -27.1819   39.0340
    0.2232   -0.4313   -0.8742
    0.6127   -0.6354    0.4699
   -0.7582   -0.6405    0.1224
...    20 T-A ...
  -31.0901  -28.8941   38.9130
    0.5159   -0.6830   -0.5171
    0.4105   -0.3327    0.8490
   -0.7519   -0.6502    0.1088
...    21 T-A ...
  -33.6019  -30.9934   38.9415
    0.6664   -0.7441    0.0468
    0.0332    0.0923    0.9952
   -0.7448   -0.6617    0.0862
...    22 C-G ...
  -35.9510  -33.2704   39.1729
    0.5862   -0.5319    0.6111
   -0.3776    0.4880    0.7869
   -0.7168   -0.6921    0.0852
...    23 G-C ...
  -38.3879  -35.4063   40.1074
    0.3667   -0.0805    0.9268
   -0.6856    0.6501    0.3277
   -0.6289   -0.7556    0.1832
...    24 C-G ...
  -40.1393  -38.1218   40.6581
   -0.0137    0.3119    0.9500
   -0.7773    0.5943   -0.2064
   -0.6289   -0.7413    0.2343
...    25 A-T ...
  -42.5976  -40.3210   41.1035
   -0.4408    0.6291    0.6402
   -0.6225    0.2996   -0.7230
   -0.6467   -0.7172    0.2595
...    26 A-T ...
  -44.6397  -42.6750   42.1447
   -0.7265    0.6775    0.1154
   -0.2550   -0.1098   -0.9607
   -0.6382   -0.7273    0.2525
...    27 A-T ...
  -46.6224  -44.9911   43.3041
   -0.7555    0.4681   -0.4584
    0.2315   -0.4638   -0.8552
   -0.6129   -0.7522    0.2421
...    28 G-C ...
  -48.9486  -47.1936   44.3563
   -0.4799    0.1903   -0.8564
    0.5897   -0.6528   -0.4755
   -0.6496   -0.7332    0.2011
...    29 G-C ...
  -51.4787  -49.4573   44.9527
   -0.0082   -0.1432   -0.9897
    0.7523   -0.6529    0.0883
   -0.6588   -0.7438    0.1131
...    30 C-G ...
  -53.9329  -51.6312   45.0258
    0.4451   -0.4243   -0.7886
    0.6246   -0.4839    0.6129
   -0.6417   -0.7654    0.0496
...    31 C-G ...
  -56.2763  -54.0240   44.9748
    0.7680   -0.5487   -0.3302
    0.2696   -0.1907    0.9439
   -0.5809   -0.8140    0.0015
...    32 G-C ...
  -57.8296  -56.6528   45.1519
    0.8632   -0.4690    0.1870
   -0.1740    0.0714    0.9822
   -0.4740   -0.8803   -0.0199
...    33 G-C ...
  -58.8902  -59.8399   44.9679
    0.6594   -0.2922    0.6927
   -0.6366    0.2731    0.7212
   -0.4000   -0.9165   -0.0059
...    34 C-G ...
  -59.7718  -62.9948   44.8389
    0.2210   -0.0501    0.9740
   -0.9038    0.3646    0.2238
   -0.3664   -0.9298    0.0353
...    35 C-G ...
  -60.6426  -66.2556   45.3064
   -0.3007    0.2047    0.9315
   -0.8888    0.2942   -0.3515
   -0.3460   -0.9336    0.0935
...    36 C-G ...
  -61.6838  -69.3816   45.9133
   -0.7287    0.3701    0.5762
   -0.5910    0.0854   -0.8022
   -0.3461   -0.9251    0.1565
...    37 G-C ...
  -63.0979  -72.4987   45.4854
   -0.9138    0.4060    0.0160
   -0.0789   -0.1388   -0.9872
   -0.3985   -0.9033    0.1589
...    38 A-T ...
  -64.2676  -75.3833   46.0400
   -0.7867    0.2492   -0.5648
    0.4783   -0.3325   -0.8128
   -0.3904   -0.9096    0.1424
...    39 C-G ...
  -65.9904  -78.0380   46.6463
   -0.4105    0.0762   -0.9087
    0.8137   -0.4191   -0.4028
   -0.4115   -0.9047    0.1100
...    40 A-T ...
  -67.4591  -81.0260   46.8682
    0.1616   -0.1082   -0.9809
    0.9004   -0.3907    0.1914
   -0.4040   -0.9141    0.0343
...    41 C-G ...
  -69.0861  -83.8718   46.4998
    0.6156   -0.2443   -0.7492
    0.6921   -0.2869    0.6623
   -0.3767   -0.9263   -0.0076
...    42 G-C ...
  -70.0091  -87.0429   46.8399
    0.9307   -0.2820   -0.2330
    0.2108   -0.1071    0.9716
   -0.2989   -0.9534   -0.0402
...    43 A-T ...
  -71.0655  -90.0140   46.6691
    0.8856   -0.2761    0.3734
   -0.3619    0.0935    0.9275
   -0.2910   -0.9566   -0.0171
...    44 C-G ...
  -71.6421  -93.1866   45.9894
    0.5854   -0.1204    0.8017
   -0.7773    0.1976    0.5973
   -0.2303   -0.9729    0.0221
...    45 T-A ...
  -71.7684  -96.7791   46.0015
    0.0602    0.0754    0.9953
   -0.9766    0.2109    0.0431
   -0.2066   -0.9746    0.0863
...    46 T-A ...
  -72.1128  -99.9653   46.2942
   -0.4299    0.1912    0.8824
   -0.8803    0.1285   -0.4568
   -0.2007   -0.9731    0.1131
...    47 A-T ...
  -72.9211 -103.1519   46.7403
   -0.8486    0.2923    0.4410
   -0.4721   -0.0422   -0.8805
   -0.2388   -0.9554    0.1738
...    48 C-G ...
  -73.6693 -106.1552   48.0255
   -0.9673    0.2351   -0.0950
    0.0438   -0.2141   -0.9758
   -0.2497   -0.9481    0.1968
...    49 T-A ...
  -74.7608 -109.1488   49.1271
   -0.7807    0.1457   -0.6077
    0.5355   -0.3452   -0.7708
   -0.3220   -0.9272    0.1915
...    50 G-C ...
  -75.8610 -112.2722   49.5281
   -0.3069   -0.0118   -0.9517
    0.8864   -0.3678   -0.2813
   -0.3467   -0.9298    0.1233
...    51 T-A ...
  -77.4688 -115.0393   49.8233
    0.1961   -0.1808   -0.9638
    0.9197   -0.3072    0.2447
   -0.3403   -0.9343    0.1060
...    52 A-T ...
  -78.3838 -118.2030   50.1814
    0.7201   -0.2789   -0.6353
    0.6269   -0.1309    0.7680
   -0.2974   -0.9513    0.0806
...    53 G-C ...
  -79.5655 -121.2292   50.3026
    0.9615   -0.2056   -0.1825
    0.1941    0.0377    0.9803
   -0.1946   -0.9779    0.0761
...    54 G-C ...
  -80.0966 -124.7687   49.7390
    0.9343   -0.0480    0.3532
   -0.3447    0.1300    0.9297
   -0.0906   -0.9904    0.1049
...    55 T-A ...
  -79.9933 -127.9923   49.7739
    0.6377    0.0792    0.7662
   -0.7688    0.1260    0.6269
   -0.0469   -0.9889    0.1413
...    56 A-T ...
  -79.3711 -131.3705   50.2041
    0.1176    0.2743    0.9544
   -0.9927    0.0052    0.1208
    0.0282   -0.9616    0.2729
...    57 T-A ...
  -78.5654 -134.3915   51.1469
   -0.3902    0.2729    0.8794
   -0.9199   -0.1558   -0.3599
    0.0388   -0.9493    0.3118
...    58 C-G ...
  -78.3009 -137.5180   52.5167
   -0.8746    0.1460    0.4624
   -0.4840   -0.3193   -0.8147
    0.0287   -0.9363    0.3499
...    59 T-A ...
  -78.3187 -140.4653   54.0118
   -0.9983   -0.0061   -0.0578
    0.0557   -0.3841   -0.9216
   -0.0166   -0.9233    0.3838
...    60 C-G ...
  -78.5490 -143.5894   54.9514
   -0.7672   -0.2457   -0.5925
    0.6401   -0.3508   -0.6835
   -0.0399   -0.9036    0.4264
...    61 G-C ...
  -78.1518 -146.6878   55.9381
   -0.2896   -0.3774   -0.8796
    0.9559   -0.1603   -0.2460
   -0.0482   -0.9121    0.4072
...    62 A-T ...
  -77.9380 -149.5583   57.4853
    0.3384   -0.3744   -0.8633
    0.9410    0.1433    0.3067
    0.0089   -0.9161    0.4008
...    63 G-C ...
  -77.9714 -152.6265   58.6601
    0.7846   -0.2080   -0.5840
    0.6166    0.3594    0.7005
    0.0642   -0.9097    0.4102
...    64 C-G ...
  -77.9615 -155.8868   59.6429
    0.9901    0.0918   -0.1063
    0.0572    0.4278    0.9021
    0.1282   -0.8992    0.4183
...    65 T-A ...
  -77.4649 -159.0263   60.6697
    0.8643    0.3964    0.3096
   -0.4474    0.3249    0.8332
    0.2297   -0.8587    0.4582
...    66 C-G ...
  -76.4682 -161.7600   62.2285
    0.4567    0.5878    0.6678
   -0.8313    0.0147    0.5556
    0.3168   -0.8088    0.4954
...    67 G-C ...
  -75.6775 -164.0537   64.3810
   -0.0823    0.6038    0.7928
   -0.9212   -0.3496    0.1707
    0.3802   -0.7164    0.5850
...    68 G-C ...
  -74.1682 -166.0678   66.5835
   -0.5919    0.3763    0.7128
   -0.7125   -0.6577   -0.2445
    0.3768   -0.6525    0.6574
...    69 G-C ...
  -73.0277 -167.8485   69.2115
   -0.9143    0.0139    0.4049
   -0.2476   -0.8101   -0.5314
    0.3206   -0.5861    0.7441
...    70 A-T ...
  -71.9362 -169.5223   71.8917
   -0.8669   -0.4978    0.0278
    0.3631   -0.6685   -0.6491
    0.3416   -0.5526    0.7602
...    71 T-A ...
  -71.1878 -171.0037   74.7677
   -0.5410   -0.7842   -0.3038
    0.7654   -0.3094   -0.5644
    0.3486   -0.5379    0.7676
...    72 C-G ...
  -70.2744 -172.7900   77.4811
    0.0580   -0.8324   -0.5512
    0.9251    0.2524   -0.2837
    0.3753   -0.4934    0.7847
...    73 C-G ...
  -69.1758 -174.3263   80.1857
    0.4948   -0.5289   -0.6895
    0.7476    0.6636    0.0274
    0.4430   -0.5290    0.7238
...    74 G-C ...
  -67.3543 -175.6701   82.5556
    0.7596   -0.0192   -0.6501
    0.3493    0.8552    0.3830
    0.5486   -0.5180    0.6563
...    75 C-G ...
  -65.7054 -177.8651   84.6581
    0.7971    0.4899   -0.3531
   -0.1628    0.7374    0.6556
    0.5815   -0.4651    0.6675
...    76 T-A ...
  -63.5824 -179.7051   86.6100
    0.5212    0.8534    0.0016
   -0.5713    0.3475    0.7435
    0.6340   -0.3885    0.6687
...    77 T-A ...
  -61.2238 -180.8424   88.4986
    0.0801    0.9282    0.3635
   -0.7579   -0.1801    0.6270
    0.6474   -0.3257    0.6890
...    78 T-A ...
  -59.0867 -181.6835   90.7202
   -0.4041    0.7129    0.5731
   -0.6574   -0.6620    0.3599
    0.6360   -0.2313    0.7362
...    79 A-T ...
  -57.2500 -182.2734   93.4522
   -0.7745    0.2403    0.5852
   -0.2690   -0.9623    0.0391
    0.5726   -0.1271    0.8100
...    80 A-T ...
  -55.4630 -182.3801   96.0864
   -0.7893   -0.3416    0.5102
    0.2366   -0.9360   -0.2606
    0.5665   -0.0849    0.8196
...    81 C-G ...
  -53.9169 -182.1246   99.0845
   -0.5002   -0.8019    0.3268
    0.6452   -0.5968   -0.4770
    0.5775   -0.0277    0.8159
...    82 A-T ...
  -52.0343 -182.3010  101.8181
   -0.0114   -0.9997   -0.0231
    0.8087    0.0044   -0.5882
    0.5881   -0.0253    0.8084
...    83 C-G ...
  -50.6548 -182.5649  104.9387
    0.4217   -0.8483   -0.3203
    0.6786    0.5295   -0.5090
    0.6014   -0.0027    0.7989
...    84 T-A ...
  -48.8423 -183.1644  108.0215
    0.7189   -0.4170   -0.5561
    0.3042    0.9081   -0.2878
    0.6250    0.0377    0.7797
...    85 T-A ...
  -46.8414 -183.4168  110.5555
    0.7602    0.1664   -0.6280
   -0.1749    0.9834    0.0488
    0.6257    0.0727    0.7767
...    86 T-A ...
  -44.7439 -183.2543  112.9948
    0.4858    0.6697   -0.5616
   -0.5633    0.7312    0.3847
    0.6684    0.1295    0.7325
...    87 A-T ...
  -42.5027 -182.5374  115.1819
    0.0131    0.8832   -0.4688
   -0.7078    0.3393    0.6196
    0.7063    0.3237    0.6296
...    88 T-A ...
  -39.8181 -181.4995  116.5463
   -0.3770    0.9051   -0.1968
   -0.6148   -0.0856    0.7841
    0.6928    0.4166    0.5887
...    89 G-C ...
  -37.5005 -179.7942  118.2641
   -0.7440    0.6224    0.2432
   -0.2333   -0.5829    0.7783
    0.6262    0.5223    0.5789
...    90 C-G ...
  -35.7459 -177.5780  119.9738
   -0.7814    0.1804    0.5974
    0.2333   -0.8034    0.5478
    0.5788    0.5674    0.5857
...    91 T-A ...
  -34.4771 -175.1508  122.2000
   -0.4975   -0.2898    0.8176
    0.6912   -0.7020    0.1717
    0.5242    0.6505    0.5495
...    92 T-A ...
  -33.0564 -172.8811  123.9968
   -0.0067   -0.6271    0.7789
    0.8610   -0.3998   -0.3144
    0.5086    0.6686    0.5426
...    93 C-G ...
  -31.5610 -170.5790  125.9777
    0.5406   -0.7053    0.4586
    0.6857    0.0536   -0.7259
    0.4874    0.7069    0.5126
...    94 C-G ...
  -30.1065 -168.1850  127.7082
    0.7774   -0.6283   -0.0310
    0.2928    0.4051   -0.8661
    0.5567    0.6642    0.4988
...    95 G-C ...
  -28.5531 -165.8453  128.9401
    0.7638   -0.3992   -0.5073
   -0.1627    0.6414   -0.7497
    0.6246    0.6552    0.4250
...    96 G-C ...
  -26.2755 -163.8738  130.3648
    0.4873   -0.0425   -0.8722
   -0.5678    0.7434   -0.3535
    0.6635    0.6674    0.3381
...    97 C-G ...
  -23.6655 -162.0795  131.4135
    0.0628    0.3158   -0.9468
   -0.7494    0.6414    0.1642
    0.6591    0.6992    0.2769
...    98 T-A ...
  -21.1909 -159.9652  132.0767
   -0.3920    0.5037   -0.7698
   -0.6735    0.4128    0.6131
    0.6267    0.7588    0.1774
...    99 C-G ...
  -19.3838 -157.2739  132.3280
   -0.7445    0.5768   -0.3361
   -0.3106    0.1463    0.9392
    0.5909    0.8037    0.0702
...   100 G-C ...
  -17.7649 -154.4397  132.9301
   -0.8469    0.4786    0.2319
    0.1944   -0.1272    0.9726
    0.4949    0.8688    0.0147
...   101 T-A ...
  -16.6710 -151.4101  132.6089
   -0.6505    0.3123    0.6923
    0.6161   -0.3161    0.7215
    0.4442    0.8958    0.0132
...   102 A-T ...
  -15.7806 -148.1231  132.4595
   -0.2108    0.0467    0.9764
    0.8979   -0.3857    0.2123
    0.3865    0.9214    0.0393
...   103 T-A ...
  -15.2381 -144.9146  132.5256
    0.2752   -0.1107    0.9550
    0.8863   -0.3557   -0.2967
    0.3725    0.9280    0.0002
...   104 A-T ...
  -14.2476 -141.6091  132.6350
    0.7837   -0.2651    0.5618
    0.5163   -0.2248   -0.8264
    0.3453    0.9377   -0.0393
...   105 T-A ...
  -13.4593 -138.4398  133.1616
    0.9470   -0.3134    0.0705
    0.0473   -0.0811   -0.9956
    0.3177    0.9462   -0.0620
...   106 C-G ...
  -12.5384 -135.2974  133.0362
    0.7625   -0.3468   -0.5462
   -0.5508    0.0951   -0.8292
    0.3396    0.9331   -0.1185
...   107 A-T ...
  -11.5514 -132.0947  132.7229
    0.3001   -0.3543   -0.8857
   -0.8678    0.2842   -0.4077
    0.3962    0.8909   -0.2222
...   108 T-A ...
   -9.8377 -129.4645  131.9724
   -0.1799   -0.2337   -0.9555
   -0.9012    0.4286    0.0648
    0.3944    0.8727   -0.2877
...   109 G-C ...
   -8.3524 -126.6208  130.6248
   -0.6961   -0.0806   -0.7134
   -0.6437    0.5102    0.5704
    0.3180    0.8563   -0.4070
...   110 T-A ...
   -7.0930 -124.2135  128.7092
   -0.9367    0.1532   -0.3148
   -0.2015    0.4992    0.8427
    0.2863    0.8528   -0.4367
...   111 T-A ...
   -6.3374 -121.6088  127.0907
   -0.9149    0.3558    0.1905
    0.3258    0.3725    0.8690
    0.2383    0.8571   -0.4567
...   112 A-T ...
   -5.6677 -118.6840  125.6475
   -0.5926    0.4469    0.6701
    0.7855    0.1363    0.6037
    0.1785    0.8841   -0.4318
...   113 T-A ...
   -5.7660 -115.9301  123.9351
   -0.1301    0.4749    0.8704
    0.9758   -0.0943    0.1973
    0.1758    0.8750   -0.4511
...   114 A-T ...
   -5.0403 -113.0339  122.3923
    0.4633    0.3192    0.8267
    0.8711   -0.3357   -0.3585
    0.1632    0.8862   -0.4336
...   115 A-T ...
   -4.7041 -110.1478  121.0784
    0.8631    0.0849    0.4978
    0.4760   -0.4661   -0.7458
    0.1687    0.8806   -0.4427
...   116 C-G ...
   -4.3441 -106.8558  120.1933
    0.9835   -0.1797    0.0210
   -0.0632   -0.4503   -0.8906
    0.1695    0.8746   -0.4542
...   117 G-C ...
   -3.5892 -104.2613  118.3845
    0.7649   -0.5077   -0.3964
   -0.5758   -0.2631   -0.7741
    0.2888    0.8204   -0.4936
...   118 G-C ...
   -2.2609 -101.7809  116.7071
    0.3330   -0.6540   -0.6793
   -0.8700    0.0648   -0.4888
    0.3637    0.7537   -0.5474
...   119 A-T ...
   -0.8289  -99.3895  114.9464
   -0.2277   -0.5491   -0.8042
   -0.9036    0.4270   -0.0357
    0.3629    0.7185   -0.5933
...   120 A-T ...
    0.5692  -97.2634  112.8832
   -0.6925   -0.2328   -0.6828
   -0.6275    0.6613    0.4110
    0.3559    0.7131   -0.6040
...   121 T-A ...
    2.0047  -95.4342  110.4932
   -0.9158    0.1311   -0.3798
   -0.1905    0.6905    0.6978
    0.3537    0.7113   -0.6074
...   122 G-C ...
    3.0401  -93.1719  108.1004
   -0.8954    0.4255    0.1313
    0.3571    0.5101    0.7825
    0.2660    0.7475   -0.6087
...   123 T-A ...
    3.5312  -90.9284  105.7904
   -0.6206    0.6012    0.5034
    0.7441    0.2492    0.6198
    0.2472    0.7592   -0.6021
...   124 G-C ...
    4.1124  -88.3414  103.7888
   -0.1341    0.5680    0.8120
    0.9698   -0.0934    0.2255
    0.2039    0.8177   -0.5383
...   125 T-A ...
    4.2300  -85.6765  102.0000
    0.3622    0.4028    0.8406
    0.9081   -0.3556   -0.2209
    0.2100    0.8434   -0.4946
...   126 C-G ...
    4.8831  -82.9515  100.5678
    0.8175    0.1273    0.5617
    0.5409   -0.5047   -0.6728
    0.1978    0.8538   -0.4815
...   127 G-C ...
    5.9139  -80.4419   98.7463
    0.9335   -0.2686    0.2376
    0.0931   -0.4585   -0.8838
    0.3464    0.8471   -0.4030
...   128 A-T ...
    6.9461  -77.7283   97.5174
    0.8150   -0.4881   -0.3124
   -0.4651   -0.2294   -0.8550
    0.3456    0.8421   -0.4140
...   129 C-G ...
    8.5703  -74.9498   96.7847
    0.4409   -0.5699   -0.6935
   -0.8158    0.0679   -0.5744
    0.3744    0.8189   -0.4350
...   130 C-G ...
   10.4258  -72.5335   95.2352
   -0.0747   -0.5347   -0.8417
   -0.9096    0.3824   -0.1622
    0.4086    0.7536   -0.5149
...   131 A-T ...
   11.1650  -69.8182   93.4645
   -0.5976   -0.2953   -0.7454
   -0.7128    0.6214    0.3253
    0.3672    0.7257   -0.5818
...   132 A-T ...
   12.4384  -67.6269   91.3708
   -0.8907    0.1081   -0.4415
   -0.2578    0.6799    0.6865
    0.3744    0.7253   -0.5777
...   133 A-T ...
   13.7099  -65.5374   89.1806
   -0.8576    0.5140    0.0182
    0.2992    0.4698    0.8305
    0.4183    0.7177   -0.5567
...   134 T-A ...
   14.7284  -63.4123   86.8244
   -0.5924    0.6746    0.4405
    0.6886    0.1400    0.7115
    0.4183    0.7248   -0.5474
...   135 G-C ...
   15.7212  -61.4788   83.9376
    0.0342    0.7399    0.6718
    0.8637   -0.3601    0.3526
    0.5028    0.5682   -0.6514
...   136 T-A ...
   15.7740  -59.5464   80.8035
    0.5516    0.4996    0.6680
    0.6739   -0.7388   -0.0038
    0.4916    0.4523   -0.7442
...   137 G-C ...
   16.8281  -57.7076   78.2737
    0.8528   -0.0847    0.5152
    0.1508   -0.9047   -0.3984
    0.4999    0.4175   -0.7588
...   138 A-T ...
   18.4177  -55.5141   76.5361
    0.8547   -0.5007    0.1370
   -0.3189   -0.7148   -0.6224
    0.4096    0.4883   -0.7706
...   139 G-C ...
   20.4153  -54.2945   74.5495
    0.5847   -0.7389   -0.3350
   -0.7594   -0.3532   -0.5465
    0.2854    0.5739   -0.7676
...   140 C-G ...
   21.4164  -51.8107   72.7949
    0.1305   -0.7142   -0.6876
   -0.8897    0.2217   -0.3991
    0.4375    0.6639   -0.6065
...   141 G-C ...
   22.1407  -50.1330   67.4723
   -0.4682   -0.8748    0.1248
   -0.8495    0.4067   -0.3362
    0.2434   -0.2634   -0.9335
...   142 C-G ...
   22.3378  -51.2252   64.5018
   -0.8529   -0.5117   -0.1032
   -0.4974    0.8566   -0.1372
    0.1587   -0.0657   -0.9851
...   143 T-A ...
   24.0060  -51.6201   61.9331
   -0.9563    0.0399   -0.2897
    0.0522    0.9980   -0.0348
    0.2877   -0.0484   -0.9565
...   144 C-G ...
   24.8858  -52.7207   58.9947
   -0.7530    0.5560   -0.3520
    0.5213    0.8304    0.1966
    0.4016   -0.0355   -0.9151
...   145 A-T ...
   25.5174  -52.9610   55.8126
   -0.2442    0.9563   -0.1609
    0.8907    0.2867    0.3528
    0.3835   -0.0571   -0.9218
...   146 C-G ...
   25.2678  -52.4925   52.0869
    0.3203    0.9428   -0.0928
    0.8825   -0.2613    0.3910
    0.3444   -0.2071   -0.9157
...   147 A-T ...
   25.6134  -52.5732   48.6478
    0.8597    0.5097    0.0339
    0.4498   -0.7866    0.4230
    0.2423   -0.3484   -0.9055
