  147 base-pairs
...     1 T-A ...
    0.0000    0.0000    0.0000
    1.0000    0.0000    0.0000
    0.0000    1.0000    0.0000
    0.0000    0.0000    1.0000
...     2 G-C ...
   -0.5555   -1.1003    3.3981
    0.7749    0.6051    0.1828
   -0.5991    0.7953   -0.0929
   -0.2016   -0.0375    0.9787
...     3 T-A ...
   -0.6619   -3.0237    6.5348
    0.3046    0.9250    0.2271
   -0.8994    0.3578   -0.2510
   -0.3134   -0.1278    0.9410
...     4 G-C ...
   -1.1607   -3.8418    9.6940
   -0.3351    0.9421    0.0133
   -0.8752   -0.3061   -0.3746
   -0.3489   -0.1372    0.9271
...     5 A-T ...
   -1.3881   -3.6770   12.8999
   -0.7835    0.6162   -0.0801
   -0.5677   -0.7622   -0.3109
   -0.2527   -0.1981    0.9470
...     6 G-C ...
   -2.6236   -3.5448   15.7072
   -0.9923    0.0611   -0.1075
   -0.0294   -0.9610   -0.2748
   -0.1201   -0.2695    0.9555
...     7 C-G ...
   -2.3138   -3.7570   18.8866
   -0.8620   -0.4995   -0.0864
    0.5008   -0.8655    0.0073
   -0.0785   -0.0370    0.9962
...     8 G-C ...
   -3.9561   -6.8109   23.3205
   -0.2581   -0.3560   -0.8981
    0.6294   -0.7673    0.1233
   -0.7330   -0.5335    0.4221
...     9 C-G ...
   -6.1177   -8.9414   24.2385
    0.1143   -0.7320   -0.6716
    0.8123   -0.3203    0.4874
   -0.5720   -0.6013    0.5580
...    10 T-A ...
   -8.5041   -9.6771   26.0540
    0.4660   -0.8587   -0.2131
    0.6274    0.1508    0.7640
   -0.6239   -0.4897    0.6090
...    11 C-G ...
  -11.0625  -11.3174   27.2336
    0.6660   -0.6911    0.2808
    0.3382    0.6152    0.7121
   -0.6649   -0.3794    0.6435
...    12 A-T ...
  -13.0013  -13.1789   29.0658
    0.7188   -0.1490    0.6790
   -0.1787    0.9043    0.3876
   -0.6718   -0.4000    0.6235
...    13 C-G ...
  -14.1788  -15.9359   31.3399
    0.4052    0.2865    0.8682
   -0.5270    0.8492   -0.0343
   -0.7470   -0.4437    0.4951
...    14 A-T ...
  -15.9532  -18.1566   33.3080
   -0.1503    0.6873    0.7107
   -0.6106    0.5008   -0.6135
   -0.7776   -0.5261    0.3444
...    15 A-T ...
  -18.3634  -19.9982   34.4401
   -0.4666    0.8540    0.2300
   -0.3942    0.0320   -0.9185
   -0.7918   -0.5192    0.3217
...    16 T-A ...
  -20.7490  -21.6387   36.2037
   -0.6357    0.7173   -0.2852
   -0.0651   -0.4180   -0.9061
   -0.7692   -0.5575    0.3124
...    17 T-A ...
  -23.2765  -23.2629   37.5484
   -0.5754    0.3195   -0.7528
    0.3351   -0.7476   -0.5734
   -0.7460   -0.5823    0.3231
...    18 T-A ...
  -25.7970  -24.9864   38.5878
   -0.2568   -0.1128   -0.9599
    0.5914   -0.8039   -0.0637
   -0.7644   -0.5840    0.2732
...    19 A-T ...
  -28.2822  -27.0267   39.2271
    0.1893   -0.4331   -0.8813
    0.6177   -0.6451    0.4497
   -0.7633   -0.6295    0.1454
...    20 T-A ...
  -31.1409  -28.6899   39.2046
    0.4836   -0.6918   -0.5363
    0.4355   -0.3413    0.8330
   -0.7592   -0.6364    0.1362
...    21 T-A ...
  -33.6978  -30.7342   39.3216
    0.6537   -0.7566    0.0150
    0.0793    0.0883    0.9929
   -0.7526   -0.6479    0.1177
...    22 C-G ...
  -36.0859  -32.9548   39.6417
    0.6068   -0.5463    0.5774
   -0.3269    0.4906    0.8077
   -0.7245   -0.6789    0.1191
...    23 G-C ...
  -38.5384  -35.0269   40.6629
    0.4182   -0.0908    0.9038
   -0.6496    0.6656    0.3674
   -0.6349   -0.7408    0.2194
...    24 C-G ...
  -40.3192  -37.6961   41.3066
    0.0529    0.3103    0.9492
   -0.7730    0.6145   -0.1578
   -0.6322   -0.7253    0.2724
...    25 A-T ...
  -42.7444  -39.8491   41.9595
   -0.3640    0.6436    0.6733
   -0.6674    0.3239   -0.6705
   -0.6496   -0.6934    0.3116
...    26 A-T ...
  -44.7788  -42.1187   43.1778
   -0.6825    0.7085    0.1794
   -0.3442   -0.0951   -0.9341
   -0.6447   -0.6993    0.3088
...    27 A-T ...
  -46.7487  -44.3320   44.5297
   -0.7711    0.5080   -0.3838
    0.1246   -0.4708   -0.8734
   -0.6244   -0.7213    0.2997
...    28 G-C ...
  -49.0698  -46.4076   45.8077
   -0.5533    0.2224   -0.8027
    0.5014   -0.6806   -0.5342
   -0.6652   -0.6981    0.2651
...    29 G-C ...
  -51.6481  -48.5209   46.6547
   -0.1241   -0.1340   -0.9832
    0.7177   -0.6964    0.0043
   -0.6852   -0.7051    0.1826
...    30 C-G ...
  -54.1980  -50.5449   46.9920
    0.3248   -0.4425   -0.8358
    0.6600   -0.5270    0.5355
   -0.6774   -0.7256    0.1209
...    31 C-G ...
  -56.6967  -52.7677   47.2195
    0.6865   -0.5919   -0.4225
    0.3705   -0.2152    0.9036
   -0.6257   -0.7768    0.0716
...    32 G-C ...
  -58.3859  -55.2732   47.5749
    0.8481   -0.5250    0.0715
   -0.0388    0.0732    0.9966
   -0.5285   -0.8479    0.0417
...    33 G-C ...
  -59.6619  -58.3841   47.5077
    0.7273   -0.3411    0.5955
   -0.5124    0.3073    0.8019
   -0.4565   -0.8884    0.0487
...    34 C-G ...
  -60.7614  -61.4670   47.4704
    0.3569   -0.0737    0.9312
   -0.8343    0.4233    0.3533
   -0.4202   -0.9030    0.0895
...    35 C-G ...
  -61.7432  -64.6749   48.0463
   -0.1326    0.2223    0.9659
   -0.9089    0.3614   -0.2079
   -0.3953   -0.9055    0.1541
...    36 C-G ...
  -62.8848  -67.7099   48.8309
   -0.5872    0.4238    0.6897
   -0.7104    0.1386   -0.6900
   -0.3880   -0.8951    0.2197
...    37 G-C ...
  -64.5583  -70.6675   48.7659
   -0.8540    0.4877    0.1811
   -0.2731   -0.1238   -0.9540
   -0.4429   -0.8642    0.2389
...    38 A-T ...
  -65.8692  -73.4264   49.5589
   -0.8527    0.3276   -0.4070
    0.2809   -0.3692   -0.8859
   -0.4405   -0.8697    0.2228
...    39 C-G ...
  -67.6919  -75.9028   50.5142
   -0.5711    0.1257   -0.8112
    0.6737   -0.4928   -0.5507
   -0.4690   -0.8610    0.1967
...    40 A-T ...
  -69.3859  -78.7139   51.0444
   -0.0544   -0.1086   -0.9926
    0.8748   -0.4845    0.0051
   -0.4815   -0.8680    0.1214
...    41 C-G ...
  -71.3486  -81.3677   51.0316
    0.4128   -0.2976   -0.8608
    0.7814   -0.3698    0.5026
   -0.4680   -0.8801    0.0799
...    42 G-C ...
  -72.5218  -84.4118   51.5839
    0.8181   -0.3823   -0.4296
    0.4062   -0.1446    0.9023
   -0.4071   -0.9126    0.0371
...    43 A-T ...
  -73.9296  -87.2279   51.6886
    0.9092   -0.3816    0.1667
   -0.1292    0.1221    0.9841
   -0.3959   -0.9162    0.0617
...    44 C-G ...
  -74.9879  -90.3092   51.1975
    0.7372   -0.2013    0.6450
   -0.5876    0.2802    0.7591
   -0.3335   -0.9386    0.0883
...    45 T-A ...
  -75.5227  -93.8612   51.2967
    0.3095    0.0511    0.9495
   -0.9020    0.3317    0.2762
   -0.3009   -0.9420    0.1488
...    46 T-A ...
  -76.1561  -96.9867   51.7129
   -0.1568    0.2340    0.9595
   -0.9447    0.2479   -0.2148
   -0.2882   -0.9401    0.1822
...    47 A-T ...
  -77.0338 -100.0366   52.5903
   -0.6053    0.4387    0.6642
   -0.7253    0.0396   -0.6873
   -0.3278   -0.8978    0.2942
...    48 C-G ...
  -77.8147 -102.8405   54.2107
   -0.8880    0.4142    0.1996
   -0.3113   -0.2222   -0.9240
   -0.3383   -0.8827    0.3263
...    49 T-A ...
  -78.9738 -105.5438   55.8318
   -0.8964    0.2967   -0.3294
    0.1721   -0.4518   -0.8753
   -0.4085   -0.8413    0.3540
...    50 G-C ...
  -80.4728 -108.3580   56.8103
   -0.6068    0.0491   -0.7934
    0.6446   -0.5536   -0.5273
   -0.4651   -0.8314    0.3042
...    51 T-A ...
  -82.4103 -110.7022   57.8305
   -0.1884   -0.2294   -0.9549
    0.8628   -0.5032   -0.0494
   -0.4692   -0.8332    0.2927
...    52 A-T ...
  -83.6436 -113.6021   58.8504
    0.3776   -0.4783   -0.7928
    0.8074   -0.2491    0.5349
   -0.4534   -0.8421    0.2921
...    53 G-C ...
  -85.3327 -116.2401   59.6969
    0.7612   -0.4628   -0.4542
    0.5271    0.0335    0.8492
   -0.3778   -0.8858    0.2695
...    54 G-C ...
  -86.8713 -119.5260   59.8190
    0.9567   -0.2894    0.0296
    0.0516    0.2690    0.9617
   -0.2863   -0.9186    0.2723
...    55 T-A ...
  -87.5762 -122.6372   60.3049
    0.8677   -0.0670    0.4926
   -0.4351    0.3772    0.8176
   -0.2406   -0.9237    0.2982
...    56 A-T ...
  -87.7109 -126.0336   60.9977
    0.5252    0.2853    0.8017
   -0.8423    0.3087    0.4419
   -0.1214   -0.9073    0.4025
...    57 T-A ...
  -87.4222 -129.0771   62.1253
    0.0556    0.4404    0.8961
   -0.9938    0.1108    0.0072
   -0.0961   -0.8909    0.4439
...    58 C-G ...
  -87.4762 -132.0219   63.8824
   -0.5562    0.4544    0.6958
   -0.8260   -0.2103   -0.5230
   -0.0913   -0.8656    0.4923
...    59 T-A ...
  -87.7650 -134.7725   65.8726
   -0.9161    0.2980    0.2682
   -0.3851   -0.4680   -0.7954
   -0.1115   -0.8320    0.5435
...    60 T-A ...
  -88.1441 -137.2669   67.8654
   -0.9730   -0.0102   -0.2304
    0.1940   -0.5767   -0.7936
   -0.1248   -0.8169    0.5632
...    61 C-G ...
  -88.5484 -140.1465   69.4959
   -0.6700   -0.3754   -0.6405
    0.7326   -0.4740   -0.4885
   -0.1202   -0.7965    0.5926
...    62 A-T ...
  -88.7199 -142.7491   71.6046
   -0.1422   -0.5132   -0.8464
    0.9791   -0.1986   -0.0440
   -0.1455   -0.8350    0.5307
...    63 T-A ...
  -89.6794 -145.4269   73.2017
    0.3659   -0.5296   -0.7653
    0.9213    0.0897    0.3785
   -0.1318   -0.8435    0.5207
...    64 G-C ...
  -90.3333 -148.4155   74.8540
    0.8336   -0.3126   -0.4555
    0.5510    0.4111    0.7262
   -0.0398   -0.8563    0.5149
...    65 T-A ...
  -90.6903 -151.5271   75.9723
    0.9986   -0.0305   -0.0430
    0.0526    0.5301    0.8463
   -0.0031   -0.8474    0.5310
...    66 T-A ...
  -90.5068 -154.2533   77.4823
    0.8791    0.3386    0.3356
   -0.4666    0.4675    0.7508
    0.0973   -0.8166    0.5690
...    67 A-T ...
  -89.9359 -156.7372   79.4567
    0.5181    0.6761    0.5239
   -0.8207    0.2205    0.5271
    0.2408   -0.7030    0.6691
...    68 T-A ...
  -88.4676 -158.9375   81.2777
    0.0464    0.7183    0.6942
   -0.9632   -0.1521    0.2217
    0.2648   -0.6789    0.6848
...    69 A-T ...
  -87.7067 -161.0101   83.6885
   -0.4924    0.6076    0.6232
   -0.8248   -0.5545   -0.1111
    0.2780   -0.5687    0.7741
...    70 A-T ...
  -86.6881 -162.5716   86.2510
   -0.8692    0.2134    0.4460
   -0.4063   -0.8224   -0.3984
    0.2817   -0.5274    0.8015
...    71 C-G ...
  -85.6789 -163.6634   89.3922
   -0.9385   -0.2931    0.1827
    0.1433   -0.8118   -0.5661
    0.3142   -0.5051    0.8038
...    72 G-C ...
  -84.7567 -165.5281   91.9213
   -0.6434   -0.7422   -0.1873
    0.7045   -0.4784   -0.5242
    0.2995   -0.4692    0.8307
...    73 G-C ...
  -83.9166 -166.9688   94.7814
   -0.1902   -0.8583   -0.4765
    0.9366   -0.0132   -0.3501
    0.2942   -0.5129    0.8064
...    74 A-T ...
  -83.1174 -168.6288   97.4410
    0.3831   -0.6885   -0.6158
    0.8647    0.5017   -0.0230
    0.3249   -0.5237    0.7875
...    75 C-G ...
  -82.5218 -170.7692   99.8949
    0.7645   -0.3249   -0.5567
    0.5474    0.7833    0.2946
    0.3403   -0.5300    0.7767
...    76 G-C ...
  -81.2638 -171.9538  102.7308
    0.8879    0.2307   -0.3981
    0.0099    0.8554    0.5179
    0.4600   -0.4638    0.7572
...    77 A-T ...
  -80.0113 -173.3208  105.3665
    0.6863    0.7077   -0.1676
   -0.4914    0.6212    0.6104
    0.5361   -0.3366    0.7741
...    78 G-C ...
  -77.7236 -174.2858  107.5758
    0.2758    0.9598    0.0517
   -0.7429    0.1787    0.6451
    0.6100   -0.2163    0.7623
...    79 C-G ...
  -75.1870 -174.6988  109.7472
   -0.2299    0.9119    0.3401
   -0.7411   -0.3905    0.5462
    0.6309   -0.1265    0.7655
...    80 T-A ...
  -72.8838 -174.8231  112.0781
   -0.6175    0.5846    0.5263
   -0.4692   -0.8107    0.3501
    0.6313   -0.0308    0.7749
...    81 C-G ...
  -71.3856 -174.9566  114.9267
   -0.7826    0.0122    0.6224
    0.0509   -0.9952    0.0834
    0.6204    0.0970    0.7782
...    82 G-C ...
  -69.2463 -175.7440  117.6800
   -0.6096   -0.5675    0.5535
    0.5366   -0.8093   -0.2389
    0.5835    0.1514    0.7979
...    83 G-C ...
  -67.4093 -175.0346  120.4357
   -0.2126   -0.9250    0.3151
    0.7777   -0.3554   -0.5186
    0.5916    0.1348    0.7949
...    84 G-C ...
  -65.5739 -174.4939  123.1685
    0.2067   -0.9756   -0.0745
    0.7672    0.2089   -0.6064
    0.6071    0.0682    0.7917
...    85 A-T ...
  -63.7775 -174.2572  125.9984
    0.6286   -0.6530   -0.4224
    0.4689    0.7515   -0.4641
    0.6205    0.0936    0.7786
...    86 T-A ...
  -61.9270 -174.4959  128.7190
    0.7606   -0.1755   -0.6250
    0.0688    0.9791   -0.1911
    0.6455    0.1024    0.7568
...    87 C-G ...
  -59.7217 -174.3247  131.1334
    0.6181    0.4112   -0.6700
   -0.3875    0.9009    0.1954
    0.6840    0.1388    0.7162
...    88 C-G ...
  -57.5920 -174.1039  133.6349
    0.2048    0.7666   -0.6085
   -0.6558    0.5690    0.4961
    0.7266    0.2975    0.6193
...    89 G-C ...
  -55.4250 -172.6414  135.6914
   -0.3114    0.8652   -0.3930
   -0.6183    0.1296    0.7752
    0.7216    0.4844    0.4947
...    90 C-G ...
  -52.8035 -170.6564  136.7766
   -0.6271    0.7724    0.1005
   -0.2980   -0.3571    0.8853
    0.7197    0.5252    0.4541
...    91 T-A ...
  -50.7051 -168.1175  138.0169
   -0.6851    0.4393    0.5811
    0.1784   -0.6722    0.7185
    0.7063    0.5959    0.3822
...    92 T-A ...
  -48.5514 -165.8569  139.0025
   -0.4002    0.0018    0.9164
    0.5591   -0.7919    0.2457
    0.7261    0.6107    0.3159
...    93 T-A ...
  -46.4408 -163.4975  139.8750
    0.0591   -0.4020    0.9137
    0.6746   -0.6586   -0.3334
    0.7358    0.6361    0.2323
...    94 A-T ...
  -43.6147 -161.7320  139.7246
    0.5877   -0.5986    0.5444
    0.4463   -0.3214   -0.8352
    0.6748    0.7338    0.0783
...    95 A-T ...
  -41.5646 -159.2751  140.0553
    0.7580   -0.6519   -0.0197
    0.0014    0.0318   -0.9995
    0.6522    0.7576    0.0250
...    96 C-G ...
  -39.3014 -156.8756  140.6896
    0.6306   -0.5517   -0.5459
   -0.4173    0.3520   -0.8378
    0.6544    0.7561   -0.0082
...    97 A-T ...
  -37.0861 -154.4193  140.6458
    0.2174   -0.3495   -0.9114
   -0.7017    0.5931   -0.3948
    0.6785    0.7253   -0.1163
...    98 C-G ...
  -34.3998 -152.5349  140.1111
   -0.2035   -0.0439   -0.9781
   -0.7121    0.6923    0.1170
    0.6720    0.7203   -0.1721
...    99 T-A ...
  -31.7857 -150.3874  139.0010
   -0.6350    0.2665   -0.7251
   -0.4669    0.6154    0.6351
    0.6154    0.7418   -0.2664
...   100 T-A ...
  -29.7768 -148.1661  137.7507
   -0.7998    0.5513   -0.2375
   -0.0201    0.3709    0.9284
    0.5999    0.7473   -0.2856
...   101 T-A ...
  -27.9502 -145.7750  136.5803
   -0.6932    0.6445    0.3226
    0.4367    0.0196    0.8994
    0.5734    0.7643   -0.2951
...   102 A-T ...
  -26.0565 -143.1417  135.6896
   -0.3186    0.5135    0.7968
    0.7774   -0.3394    0.5296
    0.5423    0.7881   -0.2911
...   103 T-A ...
  -24.9708 -140.3148  134.4235
    0.0749    0.2827    0.9563
    0.8484   -0.5220    0.0879
    0.5240    0.8048   -0.2789
...   104 G-C ...
  -23.3919 -137.4865  133.7160
    0.5275   -0.1612    0.8341
    0.6491   -0.5570   -0.5181
    0.5481    0.8148   -0.1892
...   105 C-G ...
  -21.6474 -134.6945  133.4691
    0.7833   -0.4618    0.4161
    0.2427   -0.3890   -0.8887
    0.5723    0.7971   -0.1926
...   106 T-A ...
  -19.6499 -131.9088  133.2564
    0.7693   -0.6207   -0.1513
   -0.2321   -0.0508   -0.9714
    0.5953    0.7824   -0.1831
...   107 T-A ...
  -17.6600 -129.4337  132.8481
    0.4882   -0.5796   -0.6525
   -0.6203    0.2955   -0.7266
    0.6139    0.7595   -0.2152
...   108 C-G ...
  -15.4296 -127.1081  132.1416
    0.0097   -0.3686   -0.9295
   -0.7838    0.5744   -0.2360
    0.6209    0.7309   -0.2833
...   109 C-G ...
  -13.2682 -124.7897  131.2945
   -0.4735   -0.1299   -0.8712
   -0.6797    0.6829    0.2676
    0.5602    0.7188   -0.4117
...   110 G-C ...
  -11.8705 -122.4587  129.8934
   -0.8168    0.1246   -0.5632
   -0.3367    0.6898    0.6409
    0.4684    0.7132   -0.5215
...   111 G-C ...
  -10.7636 -120.1907  127.6704
   -0.9038    0.4187   -0.0881
    0.1780    0.5553    0.8124
    0.3891    0.7186   -0.5764
...   112 C-G ...
  -10.0230 -117.9339  125.2822
   -0.6782    0.6236    0.3887
    0.6493    0.2608    0.7144
    0.3442    0.7370   -0.5818
...   113 T-A ...
   -9.1563 -115.5544  123.1635
   -0.2555    0.6438    0.7213
    0.9170   -0.0750    0.3918
    0.3063    0.7615   -0.5712
...   114 C-G ...
   -8.0828 -112.9563  121.4686
    0.3127    0.4649    0.8283
    0.9090   -0.3995   -0.1190
    0.2756    0.7901   -0.5475
...   115 G-C ...
   -6.7811 -110.5987  119.5505
    0.7639    0.1093    0.6360
    0.5674   -0.5831   -0.5814
    0.3073    0.8050   -0.5075
...   116 T-A ...
   -5.7625 -107.6952  118.4102
    0.9364   -0.2401    0.2560
    0.0861   -0.5501   -0.8307
    0.3403    0.7999   -0.4944
...   117 A-T ...
   -4.4312 -104.7939  117.1958
    0.7948   -0.5615   -0.2302
   -0.4554   -0.3011   -0.8378
    0.4011    0.7707   -0.4951
...   118 T-A ...
   -2.7160 -102.2451  116.1643
    0.4698   -0.6302   -0.6182
   -0.7920    0.0085   -0.6105
    0.3900    0.7764   -0.4951
...   119 A-T ...
   -1.5994  -99.6737  114.3538
   -0.0901   -0.5561   -0.8262
   -0.9101    0.3830   -0.1585
    0.4046    0.7376   -0.5406
...   120 A-T ...
   -0.0405  -97.5169  112.5108
   -0.5937   -0.2778   -0.7552
   -0.7049    0.6322    0.3216
    0.3881    0.7233   -0.5712
...   121 T-A ...
    1.5575  -95.6317  110.2753
   -0.8724    0.0799   -0.4823
   -0.3018    0.6880    0.6599
    0.3845    0.7213   -0.5761
...   122 G-C ...
    2.7369  -93.3095  108.0026
   -0.9218    0.3863    0.0342
    0.2537    0.5339    0.8066
    0.2933    0.7522   -0.5901
...   123 T-A ...
    3.3481  -91.0599  105.7168
   -0.6867    0.5818    0.4358
    0.6737    0.2841    0.6822
    0.2731    0.7621   -0.5871
...   124 G-C ...
    4.0390  -88.4653  103.7395
   -0.2150    0.5747    0.7896
    0.9509   -0.0611    0.3033
    0.2226    0.8161   -0.5334
...   125 T-A ...
    4.2265  -85.8169  101.9266
    0.2894    0.4244    0.8580
    0.9307   -0.3343   -0.1486
    0.2238    0.8415   -0.4917
...   126 C-G ...
    4.9137  -83.0924  100.4907
    0.7752    0.1552    0.6124
    0.5957   -0.5020   -0.6269
    0.2101    0.8508   -0.4816
...   127 G-C ...
    6.0027  -80.5982   98.6455
    0.9277   -0.2435    0.2830
    0.1422   -0.4704   -0.8709
    0.3452    0.8482   -0.4018
...   128 A-T ...
    7.0233  -77.8749   97.4109
    0.8363   -0.4751   -0.2736
   -0.4270   -0.2516   -0.8685
    0.3438    0.8432   -0.4133
...   129 C-G ...
    8.6113  -75.0691   96.6953
    0.4745   -0.5700   -0.6708
   -0.7976    0.0440   -0.6016
    0.3724    0.8205   -0.4337
...   130 C-G ...
   10.4409  -72.6173   95.1734
   -0.0443   -0.5436   -0.8382
   -0.9116    0.3651   -0.1886
    0.4086    0.7558   -0.5117
...   131 A-T ...
   11.1483  -69.8629   93.4143
   -0.5823   -0.3011   -0.7552
   -0.7236    0.6153    0.3127
    0.3705    0.7285   -0.5762
...   132 A-T ...
   12.4257  -67.6486   91.3471
   -0.8869    0.1034   -0.4503
   -0.2683    0.6782    0.6841
    0.3762    0.7275   -0.5738
...   133 A-T ...
   13.7054  -65.5467   89.1726
   -0.8597    0.5106    0.0131
    0.2925    0.4712    0.8321
    0.4187    0.7192   -0.5544
...   134 T-A ...
   14.7284  -63.4123   86.8245
   -0.5924    0.6746    0.4405
    0.6886    0.1400    0.7115
    0.4183    0.7248   -0.5474
...   135 G-C ...
   15.7212  -61.4788   83.9377
    0.0342    0.7399    0.6718
    0.8637   -0.3601    0.3526
    0.5028    0.5682   -0.6514
...   136 T-A ...
   15.7740  -59.5465   80.8036
    0.5516    0.4996    0.6680
    0.6739   -0.7388   -0.0038
    0.4916    0.4523   -0.7442
...   137 G-C ...
   16.8281  -57.7076   78.2738
    0.8528   -0.0848    0.5152
    0.1508   -0.9047   -0.3984
    0.4999    0.4175   -0.7588
...   138 A-T ...
   18.4176  -55.5142   76.5362
    0.8547   -0.5007    0.1370
   -0.3189   -0.7148   -0.6224
    0.4096    0.4883   -0.7706
...   139 G-C ...
   20.4153  -54.2945   74.5496
    0.5847   -0.7389   -0.3350
   -0.7594   -0.3532   -0.5465
    0.2854    0.5739   -0.7676
...   140 C-G ...
   21.4164  -51.8108   72.7950
    0.1305   -0.7142   -0.6876
   -0.8897    0.2217   -0.3991
    0.4375    0.6639   -0.6065
...   141 G-C ...
   22.1407  -50.1331   67.4725
   -0.4682   -0.8748    0.1248
   -0.8495    0.4067   -0.3362
    0.2434   -0.2634   -0.9335
...   142 C-G ...
   22.3378  -51.2252   64.5019
   -0.8529   -0.5117   -0.1032
   -0.4974    0.8566   -0.1372
    0.1587   -0.0657   -0.9851
...   143 T-A ...
   24.0060  -51.6202   61.9332
   -0.9563    0.0399   -0.2897
    0.0522    0.9980   -0.0348
    0.2877   -0.0484   -0.9565
...   144 C-G ...
   24.8858  -52.7207   58.9948
   -0.7530    0.5560   -0.3520
    0.5213    0.8304    0.1966
    0.4016   -0.0355   -0.9151
...   145 A-T ...
   25.5174  -52.9610   55.8127
   -0.2441    0.9563   -0.1609
    0.8907    0.2867    0.3528
    0.3835   -0.0571   -0.9218
...   146 C-G ...
   25.2678  -52.4925   52.0870
    0.3203    0.9428   -0.0928
    0.8825   -0.2613    0.3910
    0.3444   -0.2071   -0.9157
...   147 A-T ...
   25.6134  -52.5732   48.6479
    0.8597    0.5097    0.0339
    0.4498   -0.7866    0.4230
    0.2423   -0.3484   -0.9055
