  147 base-pairs
...     1 T-A ...
    0.0000    0.0000    0.0000
    1.0000    0.0000    0.0000
    0.0000    1.0000    0.0000
    0.0000    0.0000    1.0000
...     2 G-C ...
   -0.5555   -1.1003    3.3981
    0.7749    0.6051    0.1828
   -0.5991    0.7953   -0.0929
   -0.2016   -0.0375    0.9787
...     3 T-A ...
   -0.6619   -3.0237    6.5348
    0.3046    0.9250    0.2271
   -0.8994    0.3578   -0.2510
   -0.3134   -0.1278    0.9410
...     4 G-C ...
   -1.1607   -3.8418    9.6940
   -0.3351    0.9421    0.0133
   -0.8752   -0.3061   -0.3746
   -0.3489   -0.1372    0.9271
...     5 A-T ...
   -1.3881   -3.6770   12.8999
   -0.7835    0.6162   -0.0801
   -0.5677   -0.7622   -0.3109
   -0.2527   -0.1981    0.9470
...     6 G-C ...
   -2.6236   -3.5448   15.7072
   -0.9923    0.0611   -0.1075
   -0.0294   -0.9610   -0.2748
   -0.1201   -0.2695    0.9555
...     7 C-G ...
   -2.3138   -3.7570   18.8866
   -0.8620   -0.4995   -0.0864
    0.5008   -0.8655    0.0073
   -0.0785   -0.0370    0.9962
...     8 G-C ...
   -3.9561   -6.8109   23.3205
   -0.2581   -0.3560   -0.8981
    0.6294   -0.7673    0.1233
   -0.7330   -0.5335    0.4221
...     9 C-G ...
   -6.1177   -8.9414   24.2385
    0.1143   -0.7320   -0.6716
    0.8123   -0.3203    0.4874
   -0.5720   -0.6013    0.5580
...    10 T-A ...
   -8.5041   -9.6771   26.0540
    0.4660   -0.8587   -0.2131
    0.6274    0.1508    0.7640
   -0.6239   -0.4897    0.6090
...    11 C-G ...
  -11.0625  -11.3174   27.2336
    0.6660   -0.6911    0.2808
    0.3382    0.6152    0.7121
   -0.6649   -0.3794    0.6435
...    12 A-T ...
  -13.0013  -13.1789   29.0658
    0.7188   -0.1490    0.6790
   -0.1787    0.9043    0.3876
   -0.6718   -0.4000    0.6235
...    13 C-G ...
  -14.1788  -15.9359   31.3399
    0.4052    0.2865    0.8682
   -0.5270    0.8492   -0.0343
   -0.7470   -0.4437    0.4951
...    14 A-T ...
  -15.9532  -18.1566   33.3080
   -0.1503    0.6873    0.7107
   -0.6106    0.5008   -0.6135
   -0.7776   -0.5261    0.3444
...    15 A-T ...
  -18.3682  -20.0041   34.4153
   -0.4583    0.8580    0.2320
   -0.3935    0.0382   -0.9185
   -0.7970   -0.5123    0.3201
...    16 T-A ...
  -20.7702  -21.6188   36.1722
   -0.6250    0.7277   -0.2826
   -0.0707   -0.4133   -0.9078
   -0.7774   -0.5474    0.3097
...    17 T-A ...
  -23.3302  -23.2054   37.5058
   -0.5670    0.3358   -0.7521
    0.3208   -0.7510   -0.5771
   -0.7587   -0.5685    0.3181
...    18 T-A ...
  -25.8909  -24.8809   38.5043
   -0.2530   -0.0928   -0.9630
    0.5693   -0.8191   -0.0707
   -0.7822   -0.5661    0.2600
...    19 A-T ...
  -28.4563  -26.8341   39.0687
    0.1822   -0.4182   -0.8899
    0.5913   -0.6765    0.4390
   -0.7856   -0.6061    0.1240
...    20 T-A ...
  -31.3784  -28.3888   38.9847
    0.4598   -0.6976   -0.5495
    0.4150   -0.3782    0.8275
   -0.7851   -0.6085    0.1156
...    21 T-A ...
  -34.0222  -30.3257   39.0263
    0.6158   -0.7879    0.0043
    0.0731    0.0625    0.9954
   -0.7845   -0.6127    0.0961
...    22 C-G ...
  -36.5310  -32.4221   39.2624
    0.5694   -0.5913    0.5711
   -0.3095    0.4894    0.8153
   -0.7616   -0.6410    0.0957
...    23 G-C ...
  -39.1417  -34.3336   40.1669
    0.4002   -0.1371    0.9061
   -0.6089    0.6992    0.3747
   -0.6849   -0.7017    0.1964
...    24 C-G ...
  -41.1100  -36.8894   40.7143
    0.0635    0.2860    0.9561
   -0.7265    0.6701   -0.1522
   -0.6842   -0.6850    0.2503
...    25 A-T ...
  -43.6567  -38.9052   41.2740
   -0.3136    0.6559    0.6867
   -0.6349    0.3929   -0.6652
   -0.7061   -0.6446    0.2932
...    26 A-T ...
  -45.8797  -41.0242   42.4245
   -0.6147    0.7639    0.1966
   -0.3503   -0.0410   -0.9357
   -0.7068   -0.6440    0.2928
...    27 A-T ...
  -48.0529  -43.0602   43.7339
   -0.7150    0.5943   -0.3683
    0.0741   -0.4593   -0.8852
   -0.6952   -0.6602    0.2844
...    28 G-C ...
  -50.5822  -44.8968   44.9743
   -0.5271    0.3060   -0.7928
    0.4205   -0.7168   -0.5563
   -0.7385   -0.6265    0.2491
...    29 G-C ...
  -53.4087  -46.6970   45.7531
   -0.1434   -0.0855   -0.9860
    0.6286   -0.7774   -0.0240
   -0.7644   -0.6232    0.1653
...    30 C-G ...
  -56.1869  -48.4080   45.9984
    0.2616   -0.4506   -0.8535
    0.5898   -0.6254    0.5110
   -0.7640   -0.6370    0.1021
...    31 C-G ...
  -58.9617  -50.2915   46.1568
    0.5989   -0.6629   -0.4492
    0.3432   -0.2944    0.8920
   -0.7236   -0.6884    0.0512
...    32 G-C ...
  -60.9719  -52.5476   46.4430
    0.7655   -0.6420    0.0432
   -0.0212    0.0419    0.9989
   -0.6431   -0.7656    0.0185
...    33 G-C ...
  -62.6862  -55.4418   46.2704
    0.6731   -0.4661    0.5742
   -0.4558    0.3499    0.8184
   -0.5824   -0.8126    0.0231
...    34 C-G ...
  -64.2616  -58.3038   46.1104
    0.3501   -0.1617    0.9227
   -0.7557    0.5333    0.3802
   -0.5535   -0.8303    0.0645
...    35 C-G ...
  -65.7217  -61.3419   46.5616
   -0.0814    0.2062    0.9751
   -0.8410    0.5109   -0.1782
   -0.5349   -0.8346    0.1319
...    36 C-G ...
  -67.3190  -64.1830   47.2487
   -0.4938    0.4902    0.7183
   -0.6887    0.2839   -0.6672
   -0.5310   -0.8241    0.1974
...    37 G-C ...
  -69.4423  -66.8021   47.1635
   -0.7476    0.6248    0.2253
   -0.3143   -0.0340   -0.9487
   -0.5851   -0.7801    0.2217
...    38 A-T ...
  -71.2123  -69.3052   47.8991
   -0.7886    0.4946   -0.3653
    0.1845   -0.3763   -0.9079
   -0.5865   -0.7834    0.2055
...    39 C-G ...
  -73.4406  -71.4348   48.8200
   -0.5604    0.2663   -0.7843
    0.5528   -0.5849   -0.5936
   -0.6168   -0.7661    0.1806
...    40 A-T ...
  -75.6401  -73.8808   49.2933
   -0.1061   -0.0459   -0.9933
    0.7629   -0.6444   -0.0517
   -0.6377   -0.7633    0.1034
...    41 C-G ...
  -78.0902  -76.0973   49.2415
    0.3147   -0.3295   -0.8902
    0.7092   -0.5416    0.4513
   -0.6308   -0.7733    0.0632
...    42 G-C ...
  -79.8331  -78.8656   49.7056
    0.7050   -0.5186   -0.4837
    0.4015   -0.2703    0.8750
   -0.5846   -0.8111    0.0177
...    43 A-T ...
  -81.7895  -81.3318   49.7587
    0.8157   -0.5687    0.1054
   -0.0617    0.0956    0.9935
   -0.5751   -0.8170    0.0428
...    44 C-G ...
  -83.4813  -84.1044   49.1919
    0.7038   -0.3851    0.5970
   -0.4828    0.3572    0.7996
   -0.5211   -0.8510    0.0655
...    45 T-A ...
  -84.7505  -87.4687   49.1657
    0.3558   -0.0689    0.9320
   -0.7948    0.5023    0.3406
   -0.4916   -0.8620    0.1240
...    46 T-A ...
  -86.0203  -90.4079   49.4749
   -0.0517    0.2085    0.9767
   -0.8767    0.4588   -0.1444
   -0.4782   -0.8637    0.1590
...    47 A-T ...
  -87.4245  -93.2543   50.3314
   -0.4302    0.5344    0.7276
   -0.7465    0.2426   -0.6195
   -0.5076   -0.8097    0.2946
...    48 C-G ...
  -88.7154  -95.8669   51.9258
   -0.7412    0.6050    0.2910
   -0.4305   -0.0956   -0.8975
   -0.5151   -0.7905    0.3313
...    49 T-A ...
  -90.3455  -98.2810   53.5863
   -0.8199    0.5227   -0.2336
   -0.0233   -0.4380   -0.8987
   -0.5721   -0.7314    0.3713
...    50 G-C ...
  -92.4267 -100.6666   54.6457
   -0.6430    0.2387   -0.7277
    0.4306   -0.6731   -0.6013
   -0.6334   -0.6999    0.3301
...    51 T-A ...
  -94.8029 -102.4857   55.7962
   -0.3295   -0.1284   -0.9354
    0.6942   -0.7044   -0.1479
   -0.6399   -0.6981    0.3213
...    52 A-T ...
  -96.6107 -105.0297   56.9014
    0.1582   -0.5332   -0.8311
    0.7615   -0.4700    0.4464
   -0.6286   -0.7035    0.3316
...    53 G-C ...
  -98.8496 -107.1626   57.8814
    0.5573   -0.6354   -0.5344
    0.6009   -0.1355    0.7878
   -0.5730   -0.7602    0.3063
...    54 G-C ...
 -101.2225 -109.9083   58.1502
    0.8374   -0.5411   -0.0774
    0.2270    0.2154    0.9498
   -0.4972   -0.8129    0.3032
...    55 T-A ...
 -102.7124 -112.7141   58.7214
    0.8634   -0.3185    0.3913
   -0.2202    0.4600    0.8602
   -0.4540   -0.8288    0.3270
...    56 A-T ...
 -103.7131 -115.9649   59.4257
    0.6736    0.1074    0.7313
   -0.6648    0.5205    0.5359
   -0.3231   -0.8471    0.4219
...    57 T-A ...
 -104.1590 -118.9893   60.5449
    0.2874    0.3873    0.8760
   -0.9134    0.3861    0.1290
   -0.2883   -0.8372    0.4647
...    58 C-G ...
 -104.8187 -121.8359   62.3458
   -0.3099    0.5819    0.7519
   -0.9116    0.0428   -0.4088
   -0.2700   -0.8122    0.5172
...    59 T-A ...
 -105.5433 -124.3245   64.3441
   -0.7187    0.5711    0.3968
   -0.6334   -0.3023   -0.7123
   -0.2868   -0.7632    0.5790
...    60 C-G ...
 -106.9527 -126.6782   66.0619
   -0.9518    0.2924   -0.0921
   -0.1246   -0.6434   -0.7553
   -0.2802   -0.7075    0.6489
...    61 G-C ...
 -107.9079 -129.3513   67.6716
   -0.8646   -0.0843   -0.4953
    0.3920   -0.7297   -0.5603
   -0.3142   -0.6786    0.6639
...    62 A-T ...
 -108.6971 -131.7034   69.8375
   -0.4586   -0.5058   -0.7307
    0.8385   -0.5187   -0.1672
   -0.2944   -0.6893    0.6619
...    63 G-C ...
 -109.7715 -133.9425   71.9811
    0.0574   -0.7008   -0.7110
    0.9662   -0.1402    0.2162
   -0.2512   -0.6994    0.6691
...    64 C-G ...
 -111.0438 -136.2984   74.1079
    0.6137   -0.6210   -0.4876
    0.7624    0.3054    0.5706
   -0.2054   -0.7219    0.6609
...    65 T-A ...
 -111.9481 -138.8483   76.0648
    0.9274   -0.3151   -0.2017
    0.3579    0.5904    0.7234
   -0.1089   -0.7431    0.6603
...    66 C-G ...
 -112.2609 -141.4736   78.1395
    0.9793    0.1251    0.1589
   -0.2017    0.6615    0.7223
   -0.0147   -0.7394    0.6731
...    67 G-C ...
 -111.9988 -143.4932   80.5712
    0.7391    0.5428    0.3988
   -0.6619    0.4759    0.5791
    0.1245   -0.6920    0.7111
...    68 G-C ...
 -111.1639 -145.7049   82.8840
    0.2666    0.7791    0.5673
   -0.9447    0.0947    0.3139
    0.1908   -0.6196    0.7613
...    69 G-C ...
 -110.0821 -147.3647   85.6160
   -0.2983    0.7739    0.5587
   -0.9237   -0.3815    0.0353
    0.2405   -0.5055    0.8286
...    70 A-T ...
 -109.0525 -148.8170   88.4018
   -0.7832    0.3993    0.4765
   -0.5611   -0.7842   -0.2651
    0.2678   -0.4750    0.8382
...    71 T-A ...
 -107.9918 -149.7955   91.3852
   -0.9582   -0.0701    0.2775
   -0.0688   -0.8848   -0.4608
    0.2779   -0.4606    0.8430
...    72 C-G ...
 -107.1660 -151.0877   94.3897
   -0.7875   -0.6160   -0.0192
    0.5248   -0.6539   -0.5449
    0.3231   -0.4392    0.8383
...    73 C-G ...
 -106.2649 -152.4793   97.2426
   -0.4138   -0.8409   -0.3488
    0.8592   -0.2341   -0.4550
    0.3009   -0.4880    0.8193
...    74 G-C ...
 -104.8068 -154.1012   99.6608
    0.1079   -0.7880   -0.6062
    0.9361    0.2859   -0.2050
    0.3349   -0.5453    0.7685
...    75 C-G ...
 -104.1193 -156.0027  102.4739
    0.6048   -0.4668   -0.6452
    0.6912    0.7101    0.1341
    0.3956   -0.5271    0.7521
...    76 T-A ...
 -103.0942 -158.0691  104.9938
    0.8444    0.0444   -0.5339
    0.2386    0.8611    0.4489
    0.4797   -0.5064    0.7165
...    77 T-A ...
 -101.4272 -159.9684  106.9912
    0.8006    0.5395   -0.2608
   -0.2595    0.7045    0.6606
    0.5401   -0.4612    0.7039
...    78 T-A ...
  -99.5424 -161.3353  109.1609
    0.4653    0.8845    0.0348
   -0.6223    0.2990    0.7234
    0.6294   -0.3583    0.6895
...    79 A-T ...
  -97.0572 -161.9842  111.3819
   -0.0985    0.9649    0.2433
   -0.7051   -0.2402    0.6672
    0.7022   -0.1058    0.7040
...    80 A-T ...
  -94.6873 -162.0391  113.4507
   -0.4981    0.6883    0.5274
   -0.4926   -0.7252    0.4812
    0.7136   -0.0201    0.7002
...    81 C-G ...
  -91.9755 -161.2803  115.5257
   -0.6665    0.1853    0.7221
   -0.1205   -0.9827    0.1409
    0.7357    0.0069    0.6773
...    82 T-A ...
  -89.5611 -160.5330  117.7836
   -0.6489   -0.3831    0.6574
    0.3047   -0.9225   -0.2369
    0.6972    0.0466    0.7154
...    83 C-G ...
  -87.2953 -160.3432  120.1878
   -0.3355   -0.8258    0.4534
    0.6021   -0.5581   -0.5710
    0.7246    0.0814    0.6844
...    84 A-T ...
  -84.4911 -159.8544  122.0050
    0.0236   -0.9997    0.0002
    0.6649    0.0156   -0.7468
    0.7466    0.0178    0.6651
...    85 T-A ...
  -82.3949 -159.9177  124.5007
    0.3393   -0.8592   -0.3828
    0.5523    0.5114   -0.6584
    0.7615    0.0120    0.6481
...    86 G-C ...
  -79.8051 -160.0056  126.8435
    0.5096   -0.4184   -0.7518
    0.2192    0.9081   -0.3568
    0.8320    0.0170    0.5545
...    87 T-A ...
  -77.1505 -160.6293  128.7045
    0.5071    0.0879   -0.8574
   -0.0797    0.9953    0.0548
    0.8582    0.0405    0.5117
...    88 T-A ...
  -74.3430 -160.6011  130.0154
    0.2730    0.5618   -0.7809
   -0.3132    0.8194    0.4800
    0.9096    0.1136    0.3997
...    89 A-T ...
  -71.3440 -159.9728  130.9417
   -0.1175    0.8232   -0.5555
   -0.3526    0.4883    0.7983
    0.9284    0.2897    0.2328
...    90 T-A ...
  -68.2258 -159.2025  130.9233
   -0.3029    0.9473   -0.1047
   -0.2215    0.0369    0.9745
    0.9269    0.3183    0.1987
...    91 A-T ...
  -65.2800 -157.8998  131.5483
   -0.4682    0.7868    0.4021
    0.0502   -0.4307    0.9011
    0.8822    0.4421    0.1621
...    92 A-T ...
  -62.5624 -156.2728  131.8534
   -0.3625    0.4147    0.8346
    0.3397   -0.7751    0.5327
    0.8679    0.4766    0.1401
...    93 C-G ...
  -59.9695 -153.9428  132.1040
   -0.0733   -0.0593    0.9955
    0.4907   -0.8712   -0.0158
    0.8682    0.4874    0.0930
...    94 G-C ...
  -57.0434 -152.5246  132.4696
    0.2658   -0.5754    0.7735
    0.4514   -0.6346   -0.6273
    0.8518    0.5159    0.0911
...    95 G-C ...
  -54.3666 -150.5848  132.8246
    0.4181   -0.8496    0.3215
    0.2296   -0.2436   -0.9423
    0.8789    0.4678    0.0932
...    96 A-T ...
  -51.5640 -148.8198  133.2772
    0.4669   -0.8371   -0.2852
   -0.0916    0.2750   -0.9571
    0.8795    0.4730    0.0517
...    97 A-T ...
  -48.6787 -147.3741  133.5783
    0.3095   -0.5420   -0.7813
   -0.3561    0.6958   -0.6237
    0.8817    0.4713    0.0224
...    98 C-G ...
  -45.4177 -146.4311  134.0052
    0.0348   -0.1080   -0.9935
   -0.4786    0.8709   -0.1114
    0.8773    0.4794   -0.0214
...    99 T-A ...
  -42.1228 -145.2076  133.5367
   -0.3452    0.3316   -0.8780
   -0.4095    0.7885    0.4588
    0.8445    0.5179   -0.1364
...   100 T-A ...
  -39.3583 -143.7338  132.7216
   -0.5496    0.6922   -0.4678
   -0.1375    0.4773    0.8679
    0.8240    0.5413   -0.1672
...   101 T-A ...
  -36.7918 -141.9522  131.9619
   -0.5821    0.8077    0.0939
    0.2084    0.0366    0.9774
    0.7859    0.5885   -0.1896
...   102 A-T ...
  -34.2730 -139.8301  131.3945
   -0.4029    0.6483    0.6460
    0.5404   -0.4012    0.7396
    0.7387    0.6471   -0.1888
...   103 T-A ...
  -32.4013 -137.3952  130.2574
   -0.1161    0.3714    0.9212
    0.6919   -0.6352    0.3433
    0.7126    0.6772   -0.1832
...   104 G-C ...
  -30.2211 -134.9396  129.8109
    0.2676   -0.1475    0.9522
    0.6487   -0.7031   -0.2912
    0.7124    0.6956   -0.0925
...   105 C-G ...
  -28.0059 -132.4556  129.8057
    0.5781   -0.5213    0.6277
    0.3819   -0.5070   -0.7727
    0.7211    0.6864   -0.0940
...   106 T-A ...
  -25.5892 -130.0078  129.9249
    0.6845   -0.7248    0.0774
   -0.0037   -0.1097   -0.9940
    0.7290    0.6801   -0.0778
...   107 T-A ...
  -23.2375 -127.8264  129.8690
    0.5464   -0.6814   -0.4869
   -0.3963    0.3018   -0.8671
    0.7378    0.6668   -0.1051
...   108 C-G ...
  -20.6475 -125.7747  129.6108
    0.1718   -0.4287   -0.8870
   -0.6425    0.6337   -0.4308
    0.7467    0.6439   -0.1665
...   109 C-G ...
  -18.1447 -123.6728  129.2654
   -0.2917   -0.1434   -0.9457
   -0.6485    0.7564    0.0854
    0.7031    0.6382   -0.3136
...   110 G-C ...
  -16.2479 -121.5420  128.1354
   -0.6737    0.1531   -0.7230
   -0.3967    0.7504    0.5286
    0.6235    0.6430   -0.4448
...   111 G-C ...
  -14.5279 -119.4928  126.1235
   -0.8357    0.4718   -0.2813
    0.0588    0.5860    0.8082
    0.5461    0.6589   -0.5174
...   112 C-G ...
  -13.2246 -117.3970  123.8306
   -0.6934    0.6839    0.2271
    0.5210    0.2580    0.8137
    0.4979    0.6824   -0.5352
...   113 T-A ...
  -11.8409 -115.1746  121.8186
   -0.3417    0.6897    0.6384
    0.8253   -0.1047    0.5549
    0.4495    0.7165   -0.5334
...   114 C-G ...
  -10.3259 -112.6895  120.3284
    0.1896    0.4864    0.8529
    0.8965   -0.4400    0.0516
    0.4004    0.7549   -0.5195
...   115 G-C ...
   -8.6235 -110.4500  118.5983
    0.6593    0.1108    0.7437
    0.6301   -0.6211   -0.4661
    0.4103    0.7758   -0.4793
...   116 T-A ...
   -7.3483 -107.6057  117.5244
    0.8809   -0.2550    0.3987
    0.1897   -0.5815   -0.7911
    0.4336    0.7726   -0.4638
...   117 A-T ...
   -5.8176 -104.7942  116.3651
    0.8070   -0.5793   -0.1142
   -0.3526   -0.3176   -0.8802
    0.4737    0.7507   -0.4606
...   118 T-A ...
   -3.9552 -102.2836  115.4828
    0.5299   -0.6503   -0.5443
   -0.7146    0.0032   -0.6995
    0.4566    0.7597   -0.4631
...   119 A-T ...
   -2.6618  -99.7168  113.7486
   -0.0135   -0.5578   -0.8299
   -0.8851    0.3928   -0.2496
    0.4652    0.7312   -0.4990
...   120 A-T ...
   -0.9192  -97.5680  112.0659
   -0.5244   -0.2765   -0.8053
   -0.7256    0.6400    0.2527
    0.4456    0.7169   -0.5363
...   121 T-A ...
    0.8718  -95.6943  109.9805
   -0.8270    0.0827   -0.5561
   -0.3529    0.6936    0.6279
    0.4377    0.7156   -0.5444
...   122 G-C ...
    2.2310  -93.3583  107.8116
   -0.9213    0.3869   -0.0377
    0.1927    0.5388    0.8201
    0.3376    0.7483   -0.5710
...   123 T-A ...
    2.9757  -91.1077  105.5691
   -0.7153    0.5839    0.3839
    0.6250    0.2888    0.7253
    0.3126    0.7587   -0.5715
...   124 G-C ...
    3.7894  -88.5101  103.6339
   -0.2625    0.5802    0.7710
    0.9306   -0.0589    0.3612
    0.2550    0.8123   -0.5245
...   125 T-A ...
    4.0854  -85.8695  101.8198
    0.2412    0.4306    0.8697
    0.9374   -0.3352   -0.0939
    0.2511    0.8380   -0.4845
...   126 C-G ...
    4.8529  -83.1510  100.4048
    0.7428    0.1598    0.6501
    0.6270   -0.5065   -0.5919
    0.2347    0.8473   -0.4765
...   127 G-C ...
    6.0168  -80.6804   98.5581
    0.9196   -0.2359    0.3142
    0.1721   -0.4771   -0.8619
    0.3531    0.8466   -0.3981
...   128 A-T ...
    7.0504  -77.9562   97.3271
    0.8460   -0.4724   -0.2471
   -0.4021   -0.2610   -0.8776
    0.3501    0.8419   -0.4107
...   129 C-G ...
    8.6306  -75.1411   96.6277
    0.4930   -0.5718   -0.6558
   -0.7841    0.0347   -0.6197
    0.3771    0.8197   -0.4312
...   130 C-G ...
   10.4498  -72.6707   95.1313
   -0.0271   -0.5474   -0.8364
   -0.9105    0.3588   -0.2053
    0.4125    0.7560   -0.5082
...   131 A-T ...
   11.1405  -69.8900   93.3827
   -0.5732   -0.3026   -0.7615
   -0.7287    0.6132    0.3049
    0.3747    0.7297   -0.5719
...   132 A-T ...
   12.4210  -67.6623   91.3329
   -0.8843    0.1018   -0.4557
   -0.2738    0.6775    0.6826
    0.3782    0.7284   -0.5713
...   133 A-T ...
   13.7059  -65.5535   89.1674
   -0.8606    0.5091    0.0100
    0.2888    0.4718    0.8331
    0.4194    0.7198   -0.5531
...   134 T-A ...
   14.7283  -63.4123   86.8244
   -0.5924    0.6746    0.4405
    0.6886    0.1400    0.7115
    0.4183    0.7248   -0.5474
...   135 G-C ...
   15.7212  -61.4789   83.9377
    0.0342    0.7399    0.6718
    0.8637   -0.3601    0.3526
    0.5028    0.5682   -0.6514
...   136 T-A ...
   15.7739  -59.5465   80.8036
    0.5516    0.4996    0.6680
    0.6739   -0.7388   -0.0038
    0.4916    0.4523   -0.7442
...   137 G-C ...
   16.8280  -57.7076   78.2737
    0.8528   -0.0847    0.5152
    0.1508   -0.9047   -0.3984
    0.4999    0.4175   -0.7588
...   138 A-T ...
   18.4176  -55.5142   76.5362
    0.8547   -0.5007    0.1370
   -0.3189   -0.7148   -0.6224
    0.4096    0.4883   -0.7706
...   139 G-C ...
   20.4152  -54.2946   74.5496
    0.5847   -0.7389   -0.3350
   -0.7594   -0.3532   -0.5465
    0.2854    0.5739   -0.7676
...   140 C-G ...
   21.4164  -51.8108   72.7949
    0.1305   -0.7142   -0.6876
   -0.8897    0.2217   -0.3991
    0.4375    0.6639   -0.6065
...   141 G-C ...
   22.1407  -50.1331   67.4724
   -0.4682   -0.8748    0.1248
   -0.8495    0.4067   -0.3362
    0.2434   -0.2634   -0.9335
...   142 C-G ...
   22.3378  -51.2253   64.5018
   -0.8529   -0.5117   -0.1032
   -0.4974    0.8566   -0.1372
    0.1587   -0.0657   -0.9851
...   143 T-A ...
   24.0060  -51.6202   61.9332
   -0.9563    0.0399   -0.2897
    0.0522    0.9980   -0.0348
    0.2877   -0.0484   -0.9565
...   144 C-G ...
   24.8857  -52.7208   58.9947
   -0.7530    0.5560   -0.3520
    0.5213    0.8304    0.1966
    0.4016   -0.0355   -0.9151
...   145 A-T ...
   25.5174  -52.9611   55.8126
   -0.2442    0.9563   -0.1609
    0.8907    0.2867    0.3528
    0.3835   -0.0571   -0.9218
...   146 C-G ...
   25.2677  -52.4925   52.0870
    0.3203    0.9428   -0.0928
    0.8825   -0.2613    0.3910
    0.3444   -0.2071   -0.9157
...   147 A-T ...
   25.6133  -52.5733   48.6478
    0.8597    0.5097    0.0339
    0.4498   -0.7866    0.4230
    0.2423   -0.3484   -0.9055
