  147 base-pairs
...     1 T-A ...
    0.0000    0.0000    0.0000
    1.0000    0.0000    0.0000
    0.0000    1.0000    0.0000
    0.0000    0.0000    1.0000
...     2 G-C ...
   -0.5555   -1.1003    3.3981
    0.7749    0.6051    0.1828
   -0.5991    0.7953   -0.0929
   -0.2016   -0.0375    0.9787
...     3 T-A ...
   -0.6619   -3.0237    6.5348
    0.3046    0.9250    0.2271
   -0.8994    0.3578   -0.2510
   -0.3134   -0.1278    0.9410
...     4 G-C ...
   -1.1607   -3.8418    9.6940
   -0.3351    0.9421    0.0133
   -0.8752   -0.3061   -0.3746
   -0.3489   -0.1372    0.9271
...     5 A-T ...
   -1.3881   -3.6770   12.8999
   -0.7835    0.6162   -0.0801
   -0.5677   -0.7622   -0.3109
   -0.2527   -0.1981    0.9470
...     6 G-C ...
   -2.6236   -3.5448   15.7072
   -0.9923    0.0611   -0.1075
   -0.0294   -0.9610   -0.2748
   -0.1201   -0.2695    0.9555
...     7 C-G ...
   -2.3138   -3.7570   18.8866
   -0.8620   -0.4995   -0.0864
    0.5008   -0.8655    0.0073
   -0.0785   -0.0370    0.9962
...     8 G-C ...
   -3.9561   -6.8109   23.3205
   -0.2581   -0.3560   -0.8981
    0.6294   -0.7673    0.1233
   -0.7330   -0.5335    0.4221
...     9 C-G ...
   -6.1177   -8.9414   24.2385
    0.1143   -0.7320   -0.6716
    0.8123   -0.3203    0.4874
   -0.5720   -0.6013    0.5580
...    10 T-A ...
   -8.5041   -9.6771   26.0540
    0.4660   -0.8587   -0.2131
    0.6274    0.1508    0.7640
   -0.6239   -0.4897    0.6090
...    11 C-G ...
  -11.0625  -11.3174   27.2336
    0.6660   -0.6911    0.2808
    0.3382    0.6152    0.7121
   -0.6649   -0.3794    0.6435
...    12 A-T ...
  -13.0013  -13.1789   29.0658
    0.7188   -0.1490    0.6790
   -0.1787    0.9043    0.3876
   -0.6718   -0.4000    0.6235
...    13 C-G ...
  -14.1788  -15.9359   31.3399
    0.4052    0.2865    0.8682
   -0.5270    0.8492   -0.0343
   -0.7470   -0.4437    0.4951
...    14 A-T ...
  -15.9532  -18.1566   33.3080
   -0.1503    0.6873    0.7107
   -0.6106    0.5008   -0.6135
   -0.7776   -0.5261    0.3444
...    15 A-T ...
  -18.2998  -19.9817   34.6268
   -0.4883    0.8381    0.2432
   -0.4008    0.0322   -0.9156
   -0.7752   -0.5445    0.3202
...    16 T-A ...
  -20.6189  -21.6212   36.2895
   -0.6213    0.7426   -0.2501
   -0.0930   -0.3868   -0.9175
   -0.7781   -0.5467    0.3094
...    17 T-A ...
  -23.1489  -23.2477   37.4879
   -0.5512    0.4111   -0.7260
    0.2776   -0.7302   -0.6243
   -0.7868   -0.5457    0.2884
...    18 T-A ...
  -25.8062  -24.7988   38.4794
   -0.2781   -0.0438   -0.9596
    0.5366   -0.8356   -0.1174
   -0.7967   -0.5476    0.2559
...    19 A-T ...
  -28.6214  -26.4862   39.0178
    0.1670   -0.4111   -0.8962
    0.5695   -0.7017    0.4280
   -0.8048   -0.5819    0.1169
...    20 T-A ...
  -31.5326  -27.9869   38.8987
    0.4448   -0.6914   -0.5694
    0.4039   -0.4126    0.8165
   -0.7994   -0.5931    0.0957
...    21 T-A ...
  -34.1752  -29.8619   38.9025
    0.6051   -0.7959   -0.0204
    0.0771    0.0331    0.9965
   -0.7924   -0.6045    0.0814
...    22 C-G ...
  -36.6509  -31.9926   39.0399
    0.5628   -0.6112    0.5565
   -0.3076    0.4700    0.8273
   -0.7672   -0.6368    0.0765
...    23 G-C ...
  -39.2257  -34.0179   39.6500
    0.3695   -0.1881    0.9100
   -0.6022    0.6974    0.3887
   -0.7077   -0.6916    0.1444
...    24 C-G ...
  -41.2402  -36.6079   40.1190
    0.0080    0.2442    0.9697
   -0.7165    0.6778   -0.1648
   -0.6975   -0.6935    0.1804
...    25 A-T ...
  -43.6995  -38.7691   40.6594
   -0.3437    0.6393    0.6879
   -0.6115    0.4036   -0.6806
   -0.7127   -0.6546    0.2522
...    26 A-T ...
  -45.8605  -40.9537   41.7113
   -0.6383    0.7475    0.1837
   -0.3027   -0.0243   -0.9528
   -0.7078   -0.6638    0.2417
...    27 A-T ...
  -48.1276  -43.0275   42.7547
   -0.6999    0.6010   -0.3859
    0.1164   -0.4371   -0.8919
   -0.7047   -0.6691    0.2360
...    28 G-C ...
  -50.5962  -45.0010   43.7084
   -0.4879    0.3320   -0.8073
    0.4609   -0.6875   -0.5612
   -0.7413   -0.6459    0.1824
...    29 G-C ...
  -53.3368  -46.8754   44.2756
   -0.0973   -0.0266   -0.9949
    0.6341   -0.7721   -0.0414
   -0.7671   -0.6349    0.0920
...    30 C-G ...
  -56.1308  -48.6344   44.3528
    0.2993   -0.4018   -0.8655
    0.5766   -0.6465    0.4995
   -0.7603   -0.6485    0.0381
...    31 C-G ...
  -58.7849  -50.7055   44.0488
    0.6283   -0.6209   -0.4688
    0.3098   -0.3532    0.8828
   -0.7137   -0.6999   -0.0296
...    32 G-C ...
  -60.9614  -53.2261   44.1544
    0.7768   -0.6230    0.0923
   -0.1086    0.0118    0.9940
   -0.6203   -0.7822   -0.0585
...    33 G-C ...
  -62.7991  -56.0151   43.6235
    0.6522   -0.4493    0.6106
   -0.5225    0.3171    0.7914
   -0.5492   -0.8352   -0.0279
...    34 C-G ...
  -64.2420  -58.9737   43.3110
    0.2948   -0.1670    0.9409
   -0.8006    0.4943    0.3386
   -0.5216   -0.8531    0.0120
...    35 C-G ...
  -65.6688  -62.0238   43.4648
   -0.1358    0.1955    0.9713
   -0.8490    0.4824   -0.2158
   -0.5107   -0.8539    0.1005
...    36 C-G ...
  -67.1694  -64.9695   44.0960
   -0.5282    0.4917    0.6922
   -0.6588    0.2770   -0.6995
   -0.5357   -0.8255    0.1776
...    37 G-C ...
  -69.2690  -67.5411   44.4485
   -0.7482    0.6415    0.1692
   -0.2793   -0.0732   -0.9574
   -0.6018   -0.7636    0.2340
...    38 A-T ...
  -71.2673  -69.9858   45.3186
   -0.7552    0.4959   -0.4286
    0.2046   -0.4429   -0.8729
   -0.6227   -0.7470    0.2330
...    39 C-G ...
  -73.5993  -72.0333   46.4895
   -0.5266    0.2077   -0.8244
    0.5619   -0.6427   -0.5208
   -0.6380   -0.7374    0.2217
...    40 A-T ...
  -75.6254  -74.5956   47.0772
   -0.0605   -0.1304   -0.9896
    0.7464   -0.6642    0.0419
   -0.6627   -0.7361    0.1375
...    41 C-G ...
  -78.2435  -76.6235   47.2634
    0.3517   -0.4370   -0.8279
    0.6676   -0.5028    0.5491
   -0.6562   -0.7458    0.1149
...    42 G-C ...
  -80.1820  -79.2796   47.8095
    0.7338   -0.5476   -0.4021
    0.3577   -0.1918    0.9139
   -0.5776   -0.8145    0.0552
...    43 A-T ...
  -82.0871  -81.9308   47.8628
    0.8335   -0.5173    0.1940
   -0.1304    0.1570    0.9789
   -0.5369   -0.8413    0.0634
...    44 C-G ...
  -83.5669  -84.8494   47.5020
    0.6738   -0.3246    0.6638
   -0.5439    0.3902    0.7429
   -0.5002   -0.8616    0.0864
...    45 T-A ...
  -84.8700  -87.8731   47.6897
    0.3396   -0.0063    0.9405
   -0.8267    0.4749    0.3017
   -0.4486   -0.8800    0.1561
...    46 T-A ...
  -86.0690  -90.8336   48.1995
   -0.1653    0.2799    0.9457
   -0.8821    0.3869   -0.2687
   -0.4411   -0.8786    0.1830
...    47 A-T ...
  -87.5937  -93.6881   48.9431
   -0.6036    0.5181    0.6060
   -0.6492    0.1219   -0.7508
   -0.4629   -0.8466    0.2628
...    48 C-G ...
  -88.8454  -96.3766   50.4082
   -0.8418    0.5255    0.1238
   -0.2551   -0.1850   -0.9490
   -0.4758   -0.8305    0.2898
...    49 T-A ...
  -90.5412  -98.9155   51.6845
   -0.8316    0.3808   -0.4042
    0.2072   -0.4626   -0.8620
   -0.5153   -0.8006    0.3058
...    50 G-C ...
  -92.2908 -101.6462   52.3756
   -0.5293    0.0904   -0.8436
    0.6338   -0.6190   -0.4639
   -0.5641   -0.7802    0.2703
...    51 T-A ...
  -94.6258 -103.8145   53.3703
   -0.1141   -0.2417   -0.9636
    0.8204   -0.5699    0.0458
   -0.5603   -0.7853    0.2633
...    52 A-T ...
  -96.2849 -106.5463   54.3624
    0.4125   -0.5368   -0.7360
    0.7300   -0.2885    0.6195
   -0.5449   -0.7929    0.2729
...    53 G-C ...
  -98.2413 -109.1450   54.9807
    0.7684   -0.5512   -0.3252
    0.4180    0.0475    0.9072
   -0.4846   -0.8330    0.2669
...    54 G-C ...
  -99.9407 -112.0139   55.5360
    0.9216   -0.3474    0.1732
   -0.0509    0.3343    0.9411
   -0.3848   -0.8761    0.2904
...    55 T-A ...
 -100.9473 -115.1073   55.9458
    0.7917   -0.0738    0.6065
   -0.5112    0.4636    0.7237
   -0.3346   -0.8830    0.3292
...    56 A-T ...
 -101.5810 -118.2012   57.0179
    0.4633    0.3376    0.8194
   -0.8610    0.3905    0.3259
   -0.2099   -0.8565    0.4716
...    57 T-A ...
 -101.5869 -121.1137   58.4883
   -0.0127    0.5150    0.8571
   -0.9812    0.1589   -0.1100
   -0.1928   -0.8423    0.5033
...    58 C-G ...
 -102.1385 -123.7176   60.3578
   -0.5639    0.5510    0.6152
   -0.8058   -0.2038   -0.5561
   -0.1810   -0.8092    0.5589
...    59 T-A ...
 -102.6151 -126.1399   62.5466
   -0.8926    0.4000    0.2079
   -0.4045   -0.5073   -0.7609
   -0.1989   -0.7633    0.6146
...    60 C-G ...
 -103.4195 -128.5004   64.6803
   -0.9604    0.0200   -0.2778
    0.1939   -0.6681   -0.7184
   -0.2000   -0.7438    0.6378
...    61 T-A ...
 -104.3455 -130.7451   66.9502
   -0.7073   -0.3315   -0.6243
    0.6717   -0.5904   -0.4475
   -0.2203   -0.7359    0.6403
...    62 C-G ...
 -105.1753 -133.1045   69.0976
   -0.1694   -0.6243   -0.7626
    0.9639   -0.2664    0.0040
   -0.2056   -0.7343    0.6469
...    63 A-T ...
 -105.6002 -135.5142   71.3304
    0.4296   -0.6093   -0.6665
    0.8883    0.1525    0.4331
   -0.1623   -0.7781    0.6068
...    64 T-A ...
 -106.6236 -138.2217   72.8993
    0.8182   -0.4438   -0.3655
    0.5566    0.4521    0.6970
   -0.1441   -0.7738    0.6169
...    65 G-C ...
 -106.9377 -140.8556   74.9279
    0.9995   -0.0103   -0.0301
    0.0300    0.6213    0.7830
    0.0107   -0.7835    0.6213
...    66 T-A ...
 -106.6794 -143.7257   76.4489
    0.8764    0.3634    0.3161
   -0.4748    0.5419    0.6935
    0.0807   -0.7579    0.6474
...    67 T-A ...
 -106.1892 -146.2018   78.4387
    0.4746    0.6556    0.5873
   -0.8694    0.2448    0.4293
    0.1377   -0.7143    0.6862
...    68 A-T ...
 -105.1754 -148.3007   80.8203
   -0.0688    0.8127    0.5786
   -0.9759   -0.1753    0.1301
    0.2072   -0.5557    0.8052
...    69 T-A ...
 -103.8730 -149.7674   83.4378
   -0.5479    0.6292    0.5513
   -0.8074   -0.5703   -0.1514
    0.2191   -0.5280    0.8205
...    70 A-T ...
 -103.3603 -151.5777   86.1942
   -0.9245    0.1634    0.3443
   -0.3046   -0.8596   -0.4102
    0.2289   -0.4842    0.8445
...    71 A-T ...
 -102.5903 -152.8197   89.1116
   -0.9145   -0.3929    0.0962
    0.2867   -0.7973   -0.5312
    0.2854   -0.4582    0.8418
...    72 C-G ...
 -102.0072 -153.9149   92.2342
   -0.6188   -0.7644   -0.1811
    0.7273   -0.4705   -0.4996
    0.2967   -0.4409    0.8471
...    73 G-C ...
 -100.5358 -155.4229   94.8126
   -0.1085   -0.8753   -0.4712
    0.9435    0.0586   -0.3262
    0.3132   -0.4800    0.8195
...    74 G-C ...
  -99.7239 -156.9590   97.7118
    0.3963   -0.6705   -0.6272
    0.8399    0.5407   -0.0473
    0.3708   -0.5080    0.7775
...    75 A-T ...
  -98.6589 -158.5736  100.3328
    0.7824   -0.2136   -0.5850
    0.4492    0.8441    0.2926
    0.4313   -0.4917    0.7564
...    76 G-C ...
  -97.2292 -160.4392  102.6163
    0.8454    0.2925   -0.4470
   -0.0120    0.8470    0.5315
    0.5341   -0.4439    0.7195
...    77 A-T ...
  -95.4309 -161.9094  104.8517
    0.6387    0.7541   -0.1529
   -0.4707    0.5401    0.6976
    0.6087   -0.3736    0.6999
...    78 G-C ...
  -93.1185 -163.0671  106.8506
    0.2417    0.9629    0.1202
   -0.7003    0.0874    0.7085
    0.6717   -0.2554    0.6954
...    79 C-G ...
  -90.5267 -163.5029  108.7967
   -0.2112    0.8838    0.4174
   -0.6842   -0.4386    0.5827
    0.6981   -0.1625    0.6973
...    80 T-A ...
  -88.0656 -163.5627  110.9716
   -0.5770    0.5458    0.6076
   -0.4267   -0.8358    0.3456
    0.6964   -0.0599    0.7151
...    81 C-G ...
  -85.9282 -163.4849  113.4463
   -0.7190   -0.0404    0.6939
    0.0234   -0.9991   -0.0340
    0.6946   -0.0082    0.7193
...    82 G-C ...
  -83.7352 -163.9681  115.9072
   -0.5964   -0.6000    0.5333
    0.4687   -0.7996   -0.3754
    0.6517    0.0261    0.7581
...    83 G-C ...
  -81.7164 -163.7126  118.6028
   -0.2524   -0.9420    0.2210
    0.7241   -0.3354   -0.6026
    0.6418    0.0079    0.7668
...    84 G-C ...
  -79.7135 -163.5183  121.3159
    0.1611   -0.9709   -0.1771
    0.7274    0.2381   -0.6436
    0.6670   -0.0252    0.7446
...    85 A-T ...
  -77.6449 -163.4496  123.8532
    0.5379   -0.6494   -0.5376
    0.4688    0.7604   -0.4494
    0.7006   -0.0103    0.7135
...    86 T-A ...
  -75.5908 -164.0675  126.3334
    0.6851   -0.1862   -0.7042
    0.1257    0.9825   -0.1375
    0.7175    0.0057    0.6965
...    87 C-G ...
  -73.2511 -164.1198  128.5877
    0.5696    0.3992   -0.7185
   -0.2906    0.9155    0.2783
    0.7689    0.0503    0.6374
...    88 C-G ...
  -70.4346 -164.1820  130.4127
    0.2181    0.7947   -0.5664
   -0.5230    0.5852    0.6197
    0.8239    0.1611    0.5433
...    89 G-C ...
  -67.7446 -163.1884  132.0944
   -0.2436    0.9350   -0.2578
   -0.4925    0.1098    0.8633
    0.8355    0.3373    0.4338
...    90 C-G ...
  -64.9394 -161.7190  132.9650
   -0.5238    0.8266    0.2060
   -0.2409   -0.3757    0.8949
    0.8171    0.4191    0.3960
...    91 T-A ...
  -62.3544 -159.9335  133.9672
   -0.6194    0.4881    0.6149
    0.1234   -0.7130    0.6902
    0.7754    0.5034    0.3814
...    92 T-A ...
  -59.9400 -158.0005  134.9827
   -0.4052    0.0166    0.9141
    0.4687   -0.8547    0.2233
    0.7850    0.5189    0.3385
...    93 T-A ...
  -57.5850 -155.9707  135.9837
   -0.0060   -0.4429    0.8965
    0.6129   -0.7100   -0.3467
    0.7901    0.5474    0.2757
...    94 A-T ...
  -54.6329 -154.3252  136.3333
    0.4653   -0.7448    0.4782
    0.4359   -0.2774   -0.8562
    0.7703    0.6069    0.1956
...    95 A-T ...
  -52.2699 -152.2672  137.2235
    0.6594   -0.7460   -0.0925
    0.0618    0.1764   -0.9824
    0.7492    0.6421    0.1625
...    96 C-G ...
  -49.7765 -150.3849  138.2795
    0.5711   -0.5691   -0.5916
   -0.3026    0.5240   -0.7961
    0.7631    0.6337    0.1271
...    97 A-T ...
  -47.2913 -148.1912  138.5710
    0.2014   -0.2749   -0.9402
   -0.5632    0.7528   -0.3407
    0.8014    0.5981   -0.0032
...    98 C-G ...
  -44.3597 -146.7803  138.5028
   -0.1646    0.0979   -0.9815
   -0.5818    0.7939    0.1768
    0.7965    0.6001   -0.0737
...    99 T-A ...
  -41.6517 -145.0392  137.8735
   -0.5201    0.4130   -0.7476
   -0.3923    0.6620    0.6387
    0.7587    0.6254   -0.1823
...   100 T-A ...
  -39.2175 -143.1164  136.9940
   -0.6872    0.6739   -0.2714
   -0.0270    0.3496    0.9365
    0.7260    0.6508   -0.2221
...   101 T-A ...
  -36.9813 -141.0215  135.9583
   -0.6035    0.7418    0.2925
    0.3751   -0.0596    0.9251
    0.7036    0.6680   -0.2423
...   102 A-T ...
  -34.7738 -138.6645  135.1716
   -0.3108    0.5422    0.7807
    0.6854   -0.4412    0.5793
    0.6585    0.7151   -0.2345
...   103 T-A ...
  -33.1824 -135.9601  134.1226
    0.0902    0.2603    0.9613
    0.7528   -0.6498    0.1053
    0.6520    0.7142   -0.2545
...   104 G-C ...
  -30.8432 -133.7518  133.3719
    0.4692   -0.1955    0.8612
    0.5815   -0.6655   -0.4679
    0.6646    0.7204   -0.1986
...   105 C-G ...
  -28.8420 -131.1389  132.9571
    0.6933   -0.5432    0.4735
    0.2308   -0.4551   -0.8600
    0.6827    0.7055   -0.1901
...   106 T-A ...
  -26.5558 -128.7716  132.6398
    0.6806   -0.7319   -0.0332
   -0.1654   -0.1094   -0.9801
    0.7137    0.6726   -0.1955
...   107 T-A ...
  -24.1883 -126.5880  132.2665
    0.4685   -0.6707   -0.5750
   -0.5303    0.3070   -0.7902
    0.7066    0.6752   -0.2119
...   108 C-G ...
  -21.8174 -124.4557  131.5954
    0.0405   -0.4122   -0.9102
   -0.7043    0.6344   -0.3186
    0.7087    0.6540   -0.2646
...   109 C-G ...
  -19.2186 -122.5860  130.5724
   -0.4130   -0.0959   -0.9057
   -0.6091    0.7684    0.1963
    0.6771    0.6327   -0.3758
...   110 G-C ...
  -17.2696 -120.2930  129.1633
   -0.7685    0.2295   -0.5972
   -0.2658    0.7345    0.6244
    0.5820    0.6386   -0.5034
...   111 G-C ...
  -15.5671 -118.3447  126.9895
   -0.8490    0.5123   -0.1293
    0.2009    0.5394    0.8177
    0.4886    0.6683   -0.5609
...   112 C-G ...
  -14.3365 -116.2421  124.7600
   -0.6342    0.6873    0.3542
    0.6383    0.2069    0.7415
    0.4364    0.6963   -0.5699
...   113 T-A ...
  -13.2997 -113.8666  122.7027
   -0.2356    0.6587    0.7146
    0.8903   -0.1486    0.4305
    0.3898    0.7376   -0.5514
...   114 C-G ...
  -12.1734 -111.3464  120.9396
    0.3190    0.4370    0.8410
    0.8680   -0.4911   -0.0740
    0.3806    0.7536   -0.5359
...   115 G-C ...
  -10.5717 -109.0482  119.1409
    0.7107    0.0264    0.7030
    0.5575   -0.6308   -0.5398
    0.4292    0.7755   -0.4630
...   116 T-A ...
   -9.4075 -106.1359  118.0589
    0.8877   -0.3186    0.3325
    0.1091   -0.5559   -0.8241
    0.4474    0.7678   -0.4587
...   117 A-T ...
   -7.9438 -103.6823  116.3501
    0.7641   -0.6133   -0.2003
   -0.4351   -0.2605   -0.8619
    0.4764    0.7457   -0.4658
...   118 T-A ...
   -5.9891 -101.2272  115.3739
    0.4419   -0.6667   -0.6002
   -0.7601    0.0770   -0.6452
    0.4763    0.7414   -0.4727
...   119 A-T ...
   -4.3906  -98.8598  113.6867
   -0.1063   -0.5660   -0.8175
   -0.8683    0.4535   -0.2011
    0.4845    0.6885   -0.5396
...   120 A-T ...
   -2.6266  -96.8354  111.8767
   -0.5781   -0.2308   -0.7826
   -0.6620    0.6934    0.2845
    0.4770    0.6826   -0.5537
...   121 T-A ...
   -0.7901  -95.1507  109.7391
   -0.8370    0.1333   -0.5308
   -0.2868    0.7193    0.6328
    0.4661    0.6818   -0.5638
...   122 G-C ...
    0.4833  -92.7833  107.7771
   -0.9046    0.4252   -0.0301
    0.2334    0.5534    0.7995
    0.3566    0.7162   -0.5999
...   123 T-A ...
    1.2794  -90.7056  105.3339
   -0.6701    0.6227    0.4041
    0.6666    0.2653    0.6966
    0.3266    0.7361   -0.5928
...   124 G-C ...
    2.2806  -88.0961  103.5358
   -0.2219    0.5845    0.7804
    0.9360   -0.0967    0.3385
    0.2733    0.8056   -0.5257
...   125 T-A ...
    2.5454  -85.3140  101.7659
    0.2815    0.4272    0.8592
    0.9193   -0.3766   -0.1139
    0.2749    0.8220   -0.4988
...   126 C-G ...
    3.3751  -82.5435  100.2439
    0.7516    0.1035    0.6514
    0.5915   -0.5427   -0.5963
    0.2918    0.8335   -0.4691
...   127 G-C ...
    4.6214  -79.9957   98.4983
    0.9163   -0.2993    0.2661
    0.0955   -0.4818   -0.8710
    0.3889    0.8236   -0.4129
...   128 A-T ...
    5.9387  -77.2767   97.2537
    0.7894   -0.5491   -0.2746
   -0.4487   -0.2107   -0.8685
    0.4190    0.8088   -0.4127
...   129 C-G ...
    7.7491  -74.6579   96.3655
    0.4350   -0.5992   -0.6721
   -0.7861    0.1114   -0.6080
    0.4392    0.7928   -0.4226
...   130 C-G ...
    9.5518  -72.2042   94.9299
   -0.0872   -0.5063   -0.8579
   -0.8859    0.4333   -0.1656
    0.4556    0.7456   -0.4863
...   131 A-T ...
   10.9041  -69.7033   93.2221
   -0.6077   -0.2435   -0.7559
   -0.6732    0.6628    0.3277
    0.4212    0.7080   -0.5668
...   132 A-T ...
   12.3896  -67.6312   91.2101
   -0.8786    0.1738   -0.4448
   -0.2191    0.6809    0.6988
    0.4244    0.7114   -0.5602
...   133 A-T ...
   13.7271  -65.5055   89.1539
   -0.8521    0.5228    0.0232
    0.3066    0.4628    0.8317
    0.4241    0.7159   -0.5547
...   134 T-A ...
   14.7283  -63.4122   86.8245
   -0.5924    0.6746    0.4405
    0.6886    0.1400    0.7115
    0.4183    0.7248   -0.5474
...   135 G-C ...
   15.7211  -61.4788   83.9377
    0.0342    0.7399    0.6718
    0.8637   -0.3601    0.3526
    0.5028    0.5682   -0.6514
...   136 T-A ...
   15.7739  -59.5464   80.8036
    0.5516    0.4996    0.6680
    0.6739   -0.7388   -0.0038
    0.4916    0.4523   -0.7442
...   137 G-C ...
   16.8280  -57.7076   78.2738
    0.8528   -0.0847    0.5152
    0.1508   -0.9047   -0.3984
    0.4999    0.4175   -0.7588
...   138 A-T ...
   18.4175  -55.5141   76.5362
    0.8547   -0.5007    0.1370
   -0.3189   -0.7148   -0.6224
    0.4096    0.4883   -0.7706
...   139 G-C ...
   20.4152  -54.2945   74.5496
    0.5847   -0.7389   -0.3350
   -0.7594   -0.3532   -0.5465
    0.2854    0.5739   -0.7676
...   140 C-G ...
   21.4163  -51.8107   72.7950
    0.1305   -0.7142   -0.6876
   -0.8897    0.2217   -0.3991
    0.4375    0.6639   -0.6065
...   141 G-C ...
   22.1406  -50.1330   67.4725
   -0.4682   -0.8748    0.1248
   -0.8495    0.4067   -0.3362
    0.2434   -0.2634   -0.9335
...   142 C-G ...
   22.3377  -51.2252   64.5019
   -0.8529   -0.5117   -0.1032
   -0.4974    0.8566   -0.1372
    0.1587   -0.0657   -0.9851
...   143 T-A ...
   24.0059  -51.6201   61.9332
   -0.9563    0.0399   -0.2897
    0.0522    0.9980   -0.0348
    0.2877   -0.0484   -0.9565
...   144 C-G ...
   24.8856  -52.7206   58.9948
   -0.7530    0.5560   -0.3520
    0.5213    0.8304    0.1966
    0.4016   -0.0355   -0.9151
...   145 A-T ...
   25.5173  -52.9610   55.8127
   -0.2441    0.9563   -0.1609
    0.8907    0.2867    0.3528
    0.3835   -0.0571   -0.9218
...   146 C-G ...
   25.2677  -52.4924   52.0870
    0.3203    0.9428   -0.0928
    0.8825   -0.2613    0.3910
    0.3444   -0.2071   -0.9157
...   147 A-T ...
   25.6133  -52.5732   48.6479
    0.8597    0.5097    0.0339
    0.4498   -0.7866    0.4230
    0.2423   -0.3484   -0.9055
