  147 base-pairs
...     1 T-A ...
    0.0000    0.0000    0.0000
    1.0000    0.0000    0.0000
    0.0000    1.0000    0.0000
    0.0000    0.0000    1.0000
...     2 G-C ...
   -0.5555   -1.1003    3.3981
    0.7749    0.6051    0.1828
   -0.5991    0.7953   -0.0929
   -0.2016   -0.0375    0.9787
...     3 T-A ...
   -0.6619   -3.0237    6.5348
    0.3046    0.9250    0.2271
   -0.8994    0.3578   -0.2510
   -0.3134   -0.1278    0.9410
...     4 G-C ...
   -1.1607   -3.8418    9.6940
   -0.3351    0.9421    0.0133
   -0.8752   -0.3061   -0.3746
   -0.3489   -0.1372    0.9271
...     5 A-T ...
   -1.3881   -3.6770   12.8999
   -0.7835    0.6162   -0.0801
   -0.5677   -0.7622   -0.3109
   -0.2527   -0.1981    0.9470
...     6 G-C ...
   -2.6236   -3.5448   15.7072
   -0.9923    0.0611   -0.1075
   -0.0294   -0.9610   -0.2748
   -0.1201   -0.2695    0.9555
...     7 C-G ...
   -2.3138   -3.7570   18.8866
   -0.8620   -0.4995   -0.0864
    0.5008   -0.8655    0.0073
   -0.0785   -0.0370    0.9962
...     8 G-C ...
   -3.9561   -6.8109   23.3205
   -0.2581   -0.3560   -0.8981
    0.6294   -0.7673    0.1233
   -0.7330   -0.5335    0.4221
...     9 C-G ...
   -6.1177   -8.9414   24.2385
    0.1143   -0.7320   -0.6716
    0.8123   -0.3203    0.4874
   -0.5720   -0.6013    0.5580
...    10 T-A ...
   -8.5041   -9.6771   26.0540
    0.4660   -0.8587   -0.2131
    0.6274    0.1508    0.7640
   -0.6239   -0.4897    0.6090
...    11 C-G ...
  -11.0625  -11.3174   27.2336
    0.6660   -0.6911    0.2808
    0.3382    0.6152    0.7121
   -0.6649   -0.3794    0.6435
...    12 A-T ...
  -13.0013  -13.1789   29.0658
    0.7188   -0.1490    0.6790
   -0.1787    0.9043    0.3876
   -0.6718   -0.4000    0.6235
...    13 C-G ...
  -14.1788  -15.9359   31.3399
    0.4052    0.2865    0.8682
   -0.5270    0.8492   -0.0343
   -0.7470   -0.4437    0.4951
...    14 A-T ...
  -15.9532  -18.1566   33.3080
   -0.1503    0.6873    0.7107
   -0.6106    0.5008   -0.6135
   -0.7776   -0.5261    0.3444
...    15 A-T ...
  -18.2969  -19.9733   34.6366
   -0.4820    0.8404    0.2477
   -0.4061    0.0362   -0.9131
   -0.7764   -0.5407    0.3238
...    16 T-A ...
  -20.6131  -21.5980   36.3125
   -0.6168    0.7491   -0.2416
   -0.1046   -0.3822   -0.9181
   -0.7801   -0.5410    0.3141
...    17 T-A ...
  -23.1465  -23.1980   37.5352
   -0.5553    0.4230   -0.7160
    0.2611   -0.7288   -0.6330
   -0.7896   -0.5385    0.2943
...    18 T-A ...
  -25.8118  -24.7147   38.5556
   -0.2942   -0.0300   -0.9553
    0.5232   -0.8415   -0.1347
   -0.7998   -0.5394    0.2633
...    19 A-T ...
  -28.6522  -26.3421   39.1183
    0.1420   -0.3976   -0.9065
    0.5672   -0.7179    0.4037
   -0.8113   -0.5715    0.1236
...    20 T-A ...
  -31.5897  -27.7921   39.0351
    0.4198   -0.6871   -0.5931
    0.4160   -0.4351    0.7985
   -0.8067   -0.5819    0.1032
...    21 T-A ...
  -34.2652  -29.6180   39.0594
    0.5904   -0.8052   -0.0551
    0.1048    0.0088    0.9945
   -0.8002   -0.5929    0.0896
...    22 C-G ...
  -36.7710  -31.7043   39.2122
    0.5700   -0.6346    0.5219
   -0.2726    0.4532    0.8487
   -0.7751   -0.6260    0.0853
...    23 G-C ...
  -39.3488  -33.7027   39.8443
    0.4031   -0.2199    0.8883
   -0.5734    0.6958    0.4325
   -0.7132   -0.6837    0.1544
...    24 C-G ...
  -41.3783  -36.2694   40.3238
    0.0582    0.2145    0.9750
   -0.7105    0.6949   -0.1105
   -0.7013   -0.6863    0.1928
...    25 A-T ...
  -43.8221  -38.4201   40.9400
   -0.2893    0.6235    0.7263
   -0.6401    0.4382   -0.6311
   -0.7118   -0.6475    0.2723
...    26 A-T ...
  -45.9645  -40.5879   42.0556
   -0.6050    0.7563    0.2489
   -0.3624    0.0167   -0.9319
   -0.7090   -0.6540    0.2640
...    27 A-T ...
  -48.2162  -42.6329   43.1799
   -0.7051    0.6352   -0.3152
    0.0428   -0.4056   -0.9130
   -0.7079   -0.6572    0.2588
...    28 G-C ...
  -50.6713  -44.5627   44.2337
   -0.5327    0.3810   -0.7557
    0.3958   -0.6771   -0.6204
   -0.7480   -0.6296    0.2099
...    29 G-C ...
  -53.4308  -46.3603   44.9235
   -0.1728    0.0226   -0.9847
    0.6003   -0.7901   -0.1235
   -0.7809   -0.6125    0.1229
...    30 C-G ...
  -56.2691  -48.0243   45.1366
    0.2151   -0.3688   -0.9043
    0.5887   -0.6899    0.4214
   -0.7792   -0.6230    0.0687
...    31 C-G ...
  -59.0156  -49.9795   44.9450
    0.5627   -0.6172   -0.5500
    0.3670   -0.4096    0.8352
   -0.7407   -0.6718   -0.0040
...    32 G-C ...
  -61.2690  -52.4155   45.1084
    0.7560   -0.6546   -0.0096
   -0.0213   -0.0393    0.9990
   -0.6543   -0.7550   -0.0437
...    33 G-C ...
  -63.2567  -55.0987   44.5879
    0.6863   -0.5072    0.5213
   -0.4341    0.2894    0.8531
   -0.5836   -0.8118   -0.0215
...    34 C-G ...
  -64.8433  -57.9732   44.2483
    0.3771   -0.2333    0.8963
   -0.7423    0.5025    0.4432
   -0.5538   -0.8325    0.0163
...    35 C-G ...
  -66.3629  -60.9784   44.3596
   -0.0253    0.1410    0.9897
   -0.8439    0.5278   -0.0968
   -0.5360   -0.8376    0.1057
...    36 C-G ...
  -67.9028  -63.9040   44.9774
   -0.4231    0.4696    0.7749
   -0.7172    0.3491   -0.6031
   -0.5537   -0.8109    0.1891
...    37 G-C ...
  -70.0637  -66.3926   45.4356
   -0.6846    0.6660    0.2961
   -0.3937    0.0039   -0.9192
   -0.6134   -0.7459    0.2595
...    38 A-T ...
  -72.0827  -68.7745   46.4008
   -0.7686    0.5658   -0.2986
    0.0678   -0.3920   -0.9174
   -0.6361   -0.7254    0.2630
...    39 C-G ...
  -74.3778  -70.7576   47.7262
   -0.6105    0.2983   -0.7337
    0.4468   -0.6352   -0.6300
   -0.6540   -0.7124    0.2545
...    40 A-T ...
  -76.4978  -73.2116   48.4025
   -0.1976   -0.0484   -0.9791
    0.6943   -0.7120   -0.1049
   -0.6920   -0.7005    0.1742
...    41 C-G ...
  -79.2111  -75.0736   48.7926
    0.2039   -0.3909   -0.8976
    0.6940   -0.5890    0.4141
   -0.6905   -0.7073    0.1511
...    42 G-C ...
  -81.2469  -77.6284   49.4040
    0.6246   -0.5630   -0.5412
    0.4619   -0.2924    0.8373
   -0.6297   -0.7730    0.0774
...    43 A-T ...
  -83.3418  -80.1260   49.5307
    0.8050   -0.5924    0.0315
    0.0216    0.0823    0.9964
   -0.5929   -0.8014    0.0791
...    44 C-G ...
  -85.1006  -82.8852   49.1786
    0.7304   -0.4322    0.5290
   -0.3948    0.3649    0.8432
   -0.5574   -0.8247    0.0959
...    45 T-A ...
  -86.6245  -85.8020   49.3289
    0.4740   -0.1174    0.8726
   -0.7241    0.5118    0.4622
   -0.5009   -0.8510    0.1576
...    46 T-A ...
  -88.0016  -88.6893   49.7933
    0.0128    0.2078    0.9781
   -0.8711    0.4826   -0.0911
   -0.4909   -0.8509    0.1872
...    47 A-T ...
  -89.5618  -91.4899   50.6290
   -0.4188    0.5248    0.7411
   -0.7560    0.2505   -0.6047
   -0.5030   -0.8135    0.2919
...    48 C-G ...
  -90.8241  -94.1403   52.1295
   -0.7317    0.6026    0.3185
   -0.4490   -0.0746   -0.8904
   -0.5128   -0.7945    0.3252
...    49 T-A ...
  -92.5491  -96.5628   53.5607
   -0.8347    0.5115   -0.2042
   -0.0261   -0.4072   -0.9130
   -0.5501   -0.7567    0.3532
...    50 G-C ...
  -94.5102  -99.0858   54.4290
   -0.6645    0.2352   -0.7094
    0.4344   -0.6509   -0.6227
   -0.6081   -0.7218    0.3303
...    51 T-A ...
  -96.8964 -101.0080   55.7378
   -0.3372   -0.1332   -0.9319
    0.7175   -0.6773   -0.1628
   -0.6095   -0.7235    0.3240
...    52 A-T ...
  -98.7041 -103.5788   56.8775
    0.1653   -0.5237   -0.8357
    0.7850   -0.4431    0.4329
   -0.5971   -0.7276    0.3379
...    53 G-C ...
 -100.8861 -105.9080   57.7514
    0.5836   -0.6308   -0.5114
    0.5962   -0.0947    0.7972
   -0.5514   -0.7701    0.3208
...    54 G-C ...
 -102.8977 -108.5144   58.5129
    0.8631   -0.5029   -0.0476
    0.2020    0.2572    0.9450
   -0.4630   -0.8252    0.3235
...    55 T-A ...
 -104.3314 -111.4298   58.9799
    0.8735   -0.2545    0.4149
   -0.2589    0.4790    0.8388
   -0.4122   -0.8401    0.3525
...    56 A-T ...
 -105.2601 -114.4756   59.9769
    0.6845    0.1835    0.7055
   -0.6815    0.5048    0.5299
   -0.2589   -0.8435    0.4706
...    57 T-A ...
 -105.4922 -117.4518   61.2854
    0.2757    0.4382    0.8555
   -0.9322    0.3389    0.1269
   -0.2343   -0.8325    0.5020
...    58 C-G ...
 -106.0996 -120.0592   63.1161
   -0.2869    0.5994    0.7473
   -0.9348   -0.0044   -0.3553
   -0.2097   -0.8004    0.5616
...    59 T-A ...
 -106.5385 -122.4939   65.2836
   -0.7129    0.5581    0.4247
   -0.6684   -0.3575   -0.6522
   -0.2122   -0.7488    0.6279
...    60 C-G ...
 -107.3376 -124.7618   67.5000
   -0.9673    0.2508   -0.0377
   -0.1373   -0.6426   -0.7538
   -0.2133   -0.7240    0.6560
...    61 G-C ...
 -108.2171 -127.4191   69.3064
   -0.8659   -0.1215   -0.4853
    0.4190   -0.7061   -0.5709
   -0.2733   -0.6976    0.6623
...    62 A-T ...
 -109.1656 -129.6106   71.5692
   -0.4523   -0.5226   -0.7227
    0.8527   -0.4910   -0.1786
   -0.2614   -0.6970    0.6677
...    63 G-C ...
 -110.3214 -131.8083   73.7662
    0.0713   -0.6772   -0.7323
    0.9693   -0.1263    0.2111
   -0.2354   -0.7249    0.6474
...    64 C-G ...
 -111.4797 -134.1516   75.8015
    0.5920   -0.6023   -0.5355
    0.7841    0.2771    0.5553
   -0.1860   -0.7487    0.6363
...    65 T-A ...
 -112.1965 -136.8023   77.6300
    0.9205   -0.3114   -0.2359
    0.3775    0.5539    0.7421
   -0.1004   -0.7722    0.6274
...    66 C-G ...
 -112.5031 -139.3776   79.5825
    0.9789    0.1198    0.1655
   -0.2037    0.6337    0.7463
   -0.0155   -0.7642    0.6447
...    67 G-C ...
 -112.3898 -141.7293   81.9178
    0.7199    0.5715    0.3938
   -0.6761    0.4492    0.5841
    0.1569   -0.6867    0.7098
...    68 G-C ...
 -111.2695 -143.8959   84.2258
    0.2464    0.8047    0.5401
   -0.9360    0.0529    0.3481
    0.2515   -0.5913    0.7662
...    69 G-C ...
 -109.9572 -145.4151   86.9301
   -0.3037    0.7708    0.5600
   -0.9056   -0.4162    0.0818
    0.2962   -0.4823    0.8244
...    70 A-T ...
 -108.9550 -146.7307   89.7580
   -0.7783    0.3957    0.4875
   -0.5462   -0.8096   -0.2150
    0.3096   -0.4336    0.8463
...    71 T-A ...
 -107.6976 -147.4888   92.7251
   -0.9381   -0.0822    0.3364
   -0.0727   -0.9030   -0.4235
    0.3386   -0.4218    0.8411
...    72 C-G ...
 -106.6953 -148.7646   95.5854
   -0.7912   -0.6102    0.0399
    0.5001   -0.6831   -0.5322
    0.3520   -0.4012    0.8457
...    73 C-G ...
 -105.7294 -149.9972   98.5750
   -0.4026   -0.8694   -0.2864
    0.8492   -0.2379   -0.4714
    0.3417   -0.4330    0.8341
...    74 G-C ...
 -104.1116 -151.2897  101.1747
    0.1082   -0.8177   -0.5654
    0.9156    0.3035   -0.2638
    0.3873   -0.4891    0.7815
...    75 C-G ...
 -103.2053 -153.0040  103.8457
    0.5549   -0.5022   -0.6632
    0.7048    0.7073    0.0541
    0.4420   -0.4975    0.7465
...    76 T-A ...
 -101.8315 -154.9273  106.1279
    0.7841   -0.0328   -0.6198
    0.3284    0.8693    0.3694
    0.5266   -0.4932    0.6924
...    77 T-A ...
 -100.1056 -156.6865  108.1921
    0.7957    0.4715   -0.3803
   -0.1384    0.7527    0.6436
    0.5897   -0.4595    0.6642
...    78 T-A ...
  -98.0498 -158.2254  110.1179
    0.5501    0.8343   -0.0381
   -0.5250    0.3809    0.7611
    0.6494   -0.3987    0.6475
...    79 A-T ...
  -95.3162 -159.2287  111.7764
    0.0730    0.9799    0.1855
   -0.6671   -0.0903    0.7395
    0.7414   -0.1777    0.6471
...    80 A-T ...
  -92.7376 -159.5569  113.6886
   -0.3259    0.7773    0.5382
   -0.5675   -0.6161    0.5462
    0.7561   -0.1274    0.6419
...    81 C-G ...
  -90.0168 -159.3318  115.5582
   -0.5836    0.3561    0.7298
   -0.2885   -0.9310    0.2235
    0.7590   -0.0801    0.6461
...    82 A-T ...
  -87.6323 -159.7160  117.8060
   -0.6765   -0.2310    0.6993
    0.1341   -0.9723   -0.1914
    0.7241   -0.0357    0.6888
...    83 C-G ...
  -85.4643 -159.2617  120.3230
   -0.4929   -0.7067    0.5076
    0.4750   -0.7073   -0.5236
    0.7290   -0.0170    0.6843
...    84 T-A ...
  -83.2634 -159.1935  122.8078
   -0.1732   -0.9735    0.1492
    0.6596   -0.2272   -0.7165
    0.7314   -0.0256    0.6815
...    85 T-A ...
  -81.1022 -159.1544  125.2464
    0.2644   -0.9284   -0.2611
    0.6127    0.3708   -0.6980
    0.7448    0.0245    0.6668
...    86 T-A ...
  -78.8525 -159.1662  127.5828
    0.5586   -0.5595   -0.6123
    0.3333    0.8274   -0.4519
    0.7595    0.0484    0.6487
...    87 T-A ...
  -76.4347 -159.2111  129.7203
    0.6113   -0.0143   -0.7913
   -0.0427    0.9978   -0.0511
    0.7902    0.0651    0.6093
...    88 C-G ...
  -73.8049 -159.0638  131.6072
    0.4040    0.5408   -0.7377
   -0.3722    0.8339    0.4075
    0.8356    0.1100    0.5382
...    89 A-T ...
  -70.8708 -158.5934  133.1533
   -0.0055    0.8663   -0.4996
   -0.4758    0.4371    0.7632
    0.8795    0.2419    0.4097
...    90 T-A ...
  -67.7669 -157.8754  133.8247
   -0.2743    0.9582   -0.0811
   -0.3906   -0.0340    0.9199
    0.8787    0.2840    0.3836
...    91 G-C ...
  -65.0187 -156.5132  135.1336
   -0.5438    0.7407    0.3946
   -0.1069   -0.5275    0.8428
    0.8324    0.4162    0.3660
...    92 T-A ...
  -62.3984 -154.6322  135.8870
   -0.5319    0.3524    0.7700
    0.2192   -0.8211    0.5271
    0.8180    0.4491    0.3595
...    93 T-A ...
  -59.8506 -152.8481  136.8692
   -0.2616   -0.1593    0.9519
    0.4902   -0.8716   -0.0111
    0.8314    0.4637    0.3061
...    94 A-T ...
  -56.7304 -151.6716  137.5220
    0.1976   -0.6433    0.7397
    0.5172   -0.5726   -0.6361
    0.8328    0.5082    0.2195
...    95 T-A ...
  -54.3594 -149.6981  138.7455
    0.4598   -0.8298    0.3161
    0.3273   -0.1725   -0.9290
    0.8255    0.5307    0.1923
...    96 A-T ...
  -51.6124 -147.7887  138.9720
    0.5613   -0.7618   -0.3234
   -0.0550    0.3555   -0.9331
    0.8258    0.5415    0.1576
...    97 A-T ...
  -48.8936 -146.1703  139.6564
    0.4172   -0.4421   -0.7940
   -0.3779    0.7102   -0.5940
    0.8265    0.5478    0.1292
...    98 C-G ...
  -45.9321 -144.9107  140.2184
    0.1141   -0.0523   -0.9921
   -0.5376    0.8365   -0.1060
    0.8355    0.5454    0.0673
...    99 G-C ...
  -43.3037 -142.8611  140.2084
   -0.3351    0.2989   -0.8935
   -0.4853    0.7581    0.4356
    0.8076    0.5796   -0.1089
...   100 G-C ...
  -40.6104 -141.0651  139.2635
   -0.6351    0.5760   -0.5146
   -0.1968    0.5236    0.8289
    0.7470    0.6277   -0.2192
...   101 A-T ...
  -38.3213 -138.9352  138.3218
   -0.6719    0.7376    0.0670
    0.2353    0.1269    0.9636
    0.7023    0.6632   -0.2588
...   102 A-T ...
  -36.2359 -136.7151  137.2018
   -0.4221    0.6829    0.5962
    0.5884   -0.2939    0.7532
    0.6896    0.6688   -0.2778
...   103 T-A ...
  -34.4969 -134.2361  135.8746
   -0.0560    0.4506    0.8910
    0.7274   -0.5928    0.3455
    0.6839    0.6675   -0.2946
...   104 G-C ...
  -32.0662 -132.1364  135.0694
    0.3367   -0.0094    0.9416
    0.6474   -0.7238   -0.2387
    0.6837    0.6900   -0.2376
...   105 C-G ...
  -30.0256 -129.5807  134.4666
    0.6217   -0.4194    0.6616
    0.3579   -0.5992   -0.7161
    0.6967    0.6820   -0.2224
...   106 T-A ...
  -27.7402 -127.2200  134.0278
    0.6892   -0.6983    0.1936
   -0.0239   -0.2889   -0.9571
    0.7242    0.6549   -0.2158
...   107 T-A ...
  -25.3838 -125.0291  133.5894
    0.5580   -0.7353   -0.3848
   -0.4244    0.1457   -0.8937
    0.7131    0.6620   -0.2308
...   108 C-G ...
  -23.0016 -122.9062  132.8811
    0.1727   -0.5470   -0.8191
   -0.6731    0.5416   -0.5035
    0.7191    0.6383   -0.2747
...   109 C-G ...
  -20.3594 -121.0569  131.9246
   -0.2887   -0.2473   -0.9249
   -0.6523    0.7580    0.0009
    0.7008    0.6036   -0.3801
...   110 G-C ...
  -18.3094 -118.8623  130.4772
   -0.6928    0.1093   -0.7128
   -0.3668    0.7977    0.4787
    0.6209    0.5931   -0.5125
...   111 G-C ...
  -16.3936 -117.1215  128.3057
   -0.8420    0.4507   -0.2964
    0.0798    0.6476    0.7578
    0.5335    0.6145   -0.5812
...   112 C-G ...
  -14.9586 -115.2584  125.9819
   -0.6943    0.6950    0.1869
    0.5356    0.3255    0.7792
    0.4807    0.6411   -0.5982
...   113 T-A ...
  -13.7530 -113.0931  123.7836
   -0.3398    0.7260    0.5978
    0.8371   -0.0562    0.5442
    0.4287    0.6854   -0.5887
...   114 C-G ...
  -12.5043 -110.7354  121.8781
    0.2054    0.5428    0.8144
    0.8862   -0.4563    0.0807
    0.4154    0.7051   -0.5747
...   115 G-C ...
  -10.7740 -108.5593  120.0292
    0.6276    0.1340    0.7669
    0.6349   -0.6582   -0.4046
    0.4506    0.7408   -0.4982
...   116 T-A ...
   -9.5945 -105.7211  118.7639
    0.8583   -0.2424    0.4523
    0.2141   -0.6320   -0.7448
    0.4664    0.7361   -0.4906
...   117 A-T ...
   -8.0699 -103.4131  116.8845
    0.8029   -0.5908   -0.0795
   -0.3494   -0.3584   -0.8657
    0.4829    0.7229   -0.4942
...   118 T-A ...
   -6.1453 -100.9551  115.8417
    0.5164   -0.6930   -0.5031
   -0.7084   -0.0157   -0.7056
    0.4811    0.7208   -0.4990
...   119 A-T ...
   -4.6117  -98.6103  114.0440
   -0.0257   -0.6177   -0.7860
   -0.8708    0.3999   -0.2858
    0.4909    0.6772   -0.5482
...   120 A-T ...
   -2.8190  -96.6028  112.2383
   -0.5161   -0.2955   -0.8039
   -0.7061    0.6781    0.2041
    0.4848    0.6730   -0.5586
...   121 T-A ...
   -0.9140  -94.9472  110.1343
   -0.8062    0.0742   -0.5870
   -0.3524    0.7367    0.5772
    0.4753    0.6722   -0.5677
...   122 G-C ...
    0.4007  -92.6039  108.1614
   -0.9140    0.3928   -0.1013
    0.1687    0.5951    0.7858
    0.3690    0.7011   -0.6102
...   123 T-A ...
    1.2706  -90.6004  105.6767
   -0.7084    0.6180    0.3408
    0.6196    0.3134    0.7196
    0.3380    0.7210   -0.6049
...   124 G-C ...
    2.3131  -88.0296  103.8344
   -0.2741    0.6084    0.7448
    0.9202   -0.0591    0.3869
    0.2794    0.7915   -0.5436
...   125 T-A ...
    2.5977  -85.3036  101.9758
    0.2334    0.4649    0.8541
    0.9315   -0.3589   -0.0592
    0.2790    0.8094   -0.5168
...   126 C-G ...
    3.4415  -82.5690  100.3870
    0.7233    0.1420    0.6758
    0.6251   -0.5505   -0.5534
    0.2934    0.8227   -0.4869
...   127 G-C ...
    4.7144  -80.0520   98.5953
    0.9129   -0.2723    0.3042
    0.1327   -0.5067   -0.8519
    0.3861    0.8180   -0.4264
...   128 A-T ...
    6.0226  -77.3438   97.3007
    0.8063   -0.5409   -0.2393
   -0.4219   -0.2426   -0.8736
    0.4145    0.8053   -0.4238
...   129 C-G ...
    7.8064  -74.7068   96.3874
    0.4592   -0.6064   -0.6491
   -0.7750    0.0835   -0.6264
    0.4341    0.7907   -0.4316
...   130 C-G ...
    9.5828  -72.2427   94.9277
   -0.0659   -0.5220   -0.8504
   -0.8896    0.4168   -0.1868
    0.4519    0.7442   -0.4918
...   131 A-T ...
   10.9003  -69.7235   93.2078
   -0.5968   -0.2570   -0.7601
   -0.6842    0.6579    0.3147
    0.4192    0.7079   -0.5685
...   132 A-T ...
   12.3833  -67.6418   91.2009
   -0.8766    0.1656   -0.4519
   -0.2289    0.6825    0.6941
    0.4233    0.7119   -0.5604
...   133 A-T ...
   13.7242  -65.5080   89.1530
   -0.8537    0.5204    0.0197
    0.3026    0.4650    0.8320
    0.4238    0.7162   -0.5545
...   134 T-A ...
   14.7284  -63.4124   86.8245
   -0.5924    0.6746    0.4405
    0.6886    0.1400    0.7115
    0.4183    0.7248   -0.5474
...   135 G-C ...
   15.7213  -61.4789   83.9378
    0.0342    0.7399    0.6718
    0.8637   -0.3601    0.3526
    0.5028    0.5682   -0.6514
...   136 T-A ...
   15.7740  -59.5466   80.8037
    0.5516    0.4996    0.6680
    0.6739   -0.7388   -0.0038
    0.4916    0.4523   -0.7442
...   137 G-C ...
   16.8282  -57.7077   78.2738
    0.8528   -0.0847    0.5152
    0.1508   -0.9047   -0.3984
    0.4999    0.4175   -0.7588
...   138 A-T ...
   18.4177  -55.5143   76.5363
    0.8547   -0.5007    0.1370
   -0.3189   -0.7148   -0.6224
    0.4096    0.4883   -0.7706
...   139 G-C ...
   20.4154  -54.2946   74.5497
    0.5847   -0.7389   -0.3350
   -0.7594   -0.3532   -0.5465
    0.2854    0.5739   -0.7676
...   140 C-G ...
   21.4165  -51.8109   72.7950
    0.1305   -0.7142   -0.6876
   -0.8897    0.2217   -0.3991
    0.4375    0.6639   -0.6065
...   141 G-C ...
   22.1408  -50.1332   67.4725
   -0.4682   -0.8748    0.1248
   -0.8495    0.4067   -0.3362
    0.2434   -0.2634   -0.9335
...   142 C-G ...
   22.3379  -51.2253   64.5019
   -0.8529   -0.5117   -0.1032
   -0.4974    0.8566   -0.1372
    0.1587   -0.0657   -0.9851
...   143 T-A ...
   24.0061  -51.6203   61.9333
   -0.9563    0.0399   -0.2897
    0.0522    0.9980   -0.0348
    0.2877   -0.0484   -0.9565
...   144 C-G ...
   24.8858  -52.7208   58.9948
   -0.7530    0.5560   -0.3520
    0.5213    0.8304    0.1966
    0.4016   -0.0355   -0.9151
...   145 A-T ...
   25.5175  -52.9611   55.8128
   -0.2441    0.9563   -0.1609
    0.8907    0.2867    0.3528
    0.3835   -0.0571   -0.9218
...   146 C-G ...
   25.2679  -52.4926   52.0871
    0.3203    0.9428   -0.0928
    0.8825   -0.2613    0.3910
    0.3444   -0.2071   -0.9157
...   147 A-T ...
   25.6134  -52.5734   48.6479
    0.8597    0.5097    0.0339
    0.4498   -0.7866    0.4230
    0.2423   -0.3484   -0.9055
