  147 base-pairs
...     1 T-A ...
    0.0000    0.0000    0.0000
    1.0000    0.0000    0.0000
    0.0000    1.0000    0.0000
    0.0000    0.0000    1.0000
...     2 G-C ...
   -0.5555   -1.1003    3.3981
    0.7749    0.6051    0.1828
   -0.5991    0.7953   -0.0929
   -0.2016   -0.0375    0.9787
...     3 T-A ...
   -0.6619   -3.0237    6.5348
    0.3046    0.9250    0.2271
   -0.8994    0.3578   -0.2510
   -0.3134   -0.1278    0.9410
...     4 G-C ...
   -1.1607   -3.8418    9.6940
   -0.3351    0.9421    0.0133
   -0.8752   -0.3061   -0.3746
   -0.3489   -0.1372    0.9271
...     5 A-T ...
   -1.3881   -3.6770   12.8999
   -0.7835    0.6162   -0.0801
   -0.5677   -0.7622   -0.3109
   -0.2527   -0.1981    0.9470
...     6 G-C ...
   -2.6236   -3.5448   15.7072
   -0.9923    0.0611   -0.1075
   -0.0294   -0.9610   -0.2748
   -0.1201   -0.2695    0.9555
...     7 C-G ...
   -2.3138   -3.7570   18.8866
   -0.8620   -0.4995   -0.0864
    0.5008   -0.8655    0.0073
   -0.0785   -0.0370    0.9962
...     8 G-C ...
   -3.9561   -6.8109   23.3205
   -0.2581   -0.3560   -0.8981
    0.6294   -0.7673    0.1233
   -0.7330   -0.5335    0.4221
...     9 C-G ...
   -6.1177   -8.9414   24.2385
    0.1143   -0.7320   -0.6716
    0.8123   -0.3203    0.4874
   -0.5720   -0.6013    0.5580
...    10 T-A ...
   -8.5041   -9.6771   26.0540
    0.4660   -0.8587   -0.2131
    0.6274    0.1508    0.7640
   -0.6239   -0.4897    0.6090
...    11 C-G ...
  -11.0625  -11.3174   27.2336
    0.6660   -0.6911    0.2808
    0.3382    0.6152    0.7121
   -0.6649   -0.3794    0.6435
...    12 A-T ...
  -13.0013  -13.1789   29.0658
    0.7188   -0.1490    0.6790
   -0.1787    0.9043    0.3876
   -0.6718   -0.4000    0.6235
...    13 C-G ...
  -14.1788  -15.9359   31.3399
    0.4052    0.2865    0.8682
   -0.5270    0.8492   -0.0343
   -0.7470   -0.4437    0.4951
...    14 A-T ...
  -15.9532  -18.1566   33.3080
   -0.1503    0.6873    0.7107
   -0.6106    0.5008   -0.6135
   -0.7776   -0.5261    0.3444
...    15 A-T ...
  -18.3044  -19.9661   34.6301
   -0.4784    0.8431    0.2458
   -0.4056    0.0361   -0.9133
   -0.7789   -0.5366    0.3247
...    16 T-A ...
  -20.6326  -21.5694   36.3049
   -0.6102    0.7535   -0.2446
   -0.1066   -0.3840   -0.9171
   -0.7850   -0.5336    0.3147
...    17 T-A ...
  -23.1879  -23.1393   37.5174
   -0.5469    0.4282   -0.7195
    0.2538   -0.7341   -0.6298
   -0.7978   -0.5270    0.2928
...    18 T-A ...
  -25.8810  -24.6157   38.5230
   -0.2889   -0.0286   -0.9569
    0.5103   -0.8503   -0.1287
   -0.8100   -0.5255    0.2603
...    19 A-T ...
  -28.7490  -26.2039   39.0711
    0.1404   -0.4085   -0.9019
    0.5506   -0.7248    0.4140
   -0.8229   -0.5547    0.1232
...    20 T-A ...
  -31.7176  -27.5956   38.9821
    0.4090   -0.7030   -0.5818
    0.4008   -0.4344    0.8066
   -0.8198   -0.5631    0.1040
...    21 T-A ...
  -34.4400  -29.3559   39.0078
    0.5687   -0.8217   -0.0370
    0.0963    0.0219    0.9951
   -0.8169   -0.5695    0.0916
...    22 C-G ...
  -37.0150  -31.3626   39.1709
    0.5435   -0.6422    0.5406
   -0.2677    0.4777    0.8367
   -0.7956   -0.5995    0.0877
...    23 G-C ...
  -39.6863  -33.2406   39.8030
    0.3813   -0.2151    0.8990
   -0.5532    0.7261    0.4084
   -0.7407   -0.6531    0.1579
...    24 C-G ...
  -41.8290  -35.7146   40.2921
    0.0506    0.2348    0.9707
   -0.6799    0.7201   -0.1387
   -0.7316   -0.6529    0.1961
...    25 A-T ...
  -44.3777  -37.7450   40.9036
   -0.2753    0.6534    0.7052
   -0.6089    0.4491   -0.6539
   -0.7439   -0.6094    0.2742
...    26 A-T ...
  -46.6384  -39.7836   42.0265
   -0.5734    0.7899    0.2174
   -0.3444    0.0083   -0.9388
   -0.7433   -0.6132    0.2673
...    27 A-T ...
  -49.0093  -41.6855   43.1544
   -0.6661    0.6606   -0.3462
    0.0391   -0.4326   -0.9007
   -0.7448   -0.6135    0.2623
...    28 G-C ...
  -51.5857  -43.4528   44.2075
   -0.4971    0.3862   -0.7770
    0.3713   -0.7148   -0.5927
   -0.7843   -0.5831    0.2119
...    29 G-C ...
  -54.4610  -45.0726   44.8771
   -0.1518    0.0017   -0.9884
    0.5578   -0.8254   -0.0871
   -0.8160   -0.5646    0.1243
...    30 C-G ...
  -57.3950  -46.5709   45.0717
    0.2119   -0.4098   -0.8872
    0.5394   -0.7080    0.4559
   -0.8150   -0.5751    0.0710
...    31 C-G ...
  -60.2465  -48.3742   44.8816
    0.5362   -0.6684   -0.5155
    0.3240   -0.4009    0.8569
   -0.7794   -0.6265    0.0016
...    32 G-C ...
  -62.6532  -50.6602   45.0869
    0.7129   -0.7005    0.0332
   -0.0460    0.0006    0.9989
   -0.6998   -0.7137   -0.0318
...    33 G-C ...
  -64.8112  -53.2204   44.6237
    0.6389   -0.5290    0.5585
   -0.4338    0.3517    0.8295
   -0.6353   -0.7723   -0.0048
...    34 C-G ...
  -66.5858  -55.9925   44.3521
    0.3384   -0.2199    0.9150
   -0.7172    0.5692    0.4020
   -0.6092   -0.7923    0.0349
...    35 C-G ...
  -68.3176  -58.8763   44.5385
   -0.0410    0.1854    0.9818
   -0.8027    0.5790   -0.1429
   -0.5950   -0.7939    0.1251
...    36 C-G ...
  -70.0779  -61.6569   45.2311
   -0.4100    0.5317    0.7411
   -0.6748    0.3698   -0.6386
   -0.6136   -0.7619    0.2071
...    37 G-C ...
  -72.4247  -63.9664   45.7331
   -0.6443    0.7244    0.2453
   -0.3672   -0.0117   -0.9301
   -0.6708   -0.6893    0.2736
...    38 A-T ...
  -74.6371  -66.1530   46.7407
   -0.7186    0.6022   -0.3480
    0.0658   -0.4392   -0.8960
   -0.6923   -0.6667    0.2760
...    39 C-G ...
  -77.1060  -67.9061   48.0833
   -0.5671    0.3028   -0.7660
    0.4192   -0.6945   -0.5848
   -0.7090   -0.6527    0.2669
...    40 A-T ...
  -79.4130  -70.1733   48.8068
   -0.1720   -0.0850   -0.9814
    0.6461   -0.7618   -0.0473
   -0.7436   -0.6422    0.1859
...    41 C-G ...
  -82.2620  -71.8243   49.2026
    0.2029   -0.4505   -0.8694
    0.6391   -0.6117    0.4662
   -0.7419   -0.6502    0.1638
...    42 G-C ...
  -84.4919  -74.1972   49.8820
    0.6006   -0.6322   -0.4895
    0.4155   -0.2763    0.8666
   -0.6831   -0.7239    0.0968
...    43 A-T ...
  -86.7598  -76.5362   50.0731
    0.7615   -0.6418    0.0910
   -0.0033    0.1365    0.9906
   -0.6482   -0.7546    0.1018
...    44 C-G ...
  -88.6951  -79.1850   49.8095
    0.6826   -0.4483    0.5772
   -0.3955    0.4375    0.8076
   -0.6146   -0.7795    0.1213
...    45 T-A ...
  -90.4198  -81.9806   50.0675
    0.4365   -0.0969    0.8945
   -0.7032    0.5834    0.4064
   -0.5612   -0.8064    0.1865
...    46 T-A ...
  -92.0029  -84.7391   50.6444
   -0.0067    0.2636    0.9646
   -0.8341    0.5306   -0.1508
   -0.5516   -0.8056    0.2163
...    47 A-T ...
  -93.7986  -87.3690   51.5632
   -0.4155    0.5905    0.6919
   -0.7144    0.2589   -0.6500
   -0.5630   -0.7644    0.3143
...    48 C-G ...
  -95.2840  -89.8487   53.1551
   -0.7077    0.6603    0.2513
   -0.4153   -0.1009   -0.9041
   -0.5716   -0.7442    0.3456
...    49 T-A ...
  -97.2104  -92.0842   54.6394
   -0.7956    0.5419   -0.2708
   -0.0096   -0.4582   -0.8888
   -0.6057   -0.7045    0.3698
...    50 G-C ...
  -99.3382  -94.4519   55.5565
   -0.6201    0.2241   -0.7518
    0.4269   -0.7076   -0.5631
   -0.6582   -0.6701    0.3432
...    51 T-A ...
 -101.8758  -96.1750   56.8662
   -0.3022   -0.1740   -0.9372
    0.6897   -0.7186   -0.0890
   -0.6580   -0.6733    0.3371
...    52 A-T ...
 -103.8625  -98.5789   58.0736
    0.1780   -0.5794   -0.7954
    0.7434   -0.4504    0.4945
   -0.6447   -0.6793    0.3506
...    53 G-C ...
 -106.1873 -100.7541   58.9786
    0.5781   -0.6830   -0.4464
    0.5551   -0.0718    0.8287
   -0.5980   -0.7269    0.3376
...    54 G-C ...
 -108.3443 -103.2259   59.7920
    0.8436   -0.5366    0.0211
    0.1698    0.3038    0.9375
   -0.5095   -0.7872    0.3474
...    55 T-A ...
 -109.9093 -106.0526   60.3545
    0.8443   -0.2603    0.4684
   -0.2777    0.5350    0.7979
   -0.4583   -0.8038    0.3794
...    56 A-T ...
 -110.9891 -109.0003   61.4847
    0.6587    0.2027    0.7246
   -0.6870    0.5547    0.4694
   -0.3068   -0.8070    0.5046
...    57 T-A ...
 -111.3745 -111.8882   62.9463
    0.2508    0.4778    0.8419
   -0.9261    0.3718    0.0649
   -0.2820   -0.7959    0.5357
...    58 C-G ...
 -112.1440 -114.3649   64.8983
   -0.3049    0.6456    0.7002
   -0.9173   -0.0015   -0.3981
   -0.2559   -0.7637    0.5927
...    59 T-A ...
 -112.7492 -116.6697   67.1705
   -0.7206    0.5916    0.3615
   -0.6443   -0.3788   -0.6644
   -0.2562   -0.7117    0.6541
...    60 C-G ...
 -113.6916 -118.8138   69.4600
   -0.9612    0.2589   -0.0955
   -0.1103   -0.6775   -0.7273
   -0.2530   -0.6885    0.6797
...    61 G-C ...
 -114.6581 -121.3847   71.3492
   -0.8434   -0.1416   -0.5182
    0.4414   -0.7325   -0.5182
   -0.3062   -0.6658    0.6804
...    62 A-T ...
 -115.7005 -123.4650   73.6771
   -0.4198   -0.5548   -0.7183
    0.8598   -0.4966   -0.1190
   -0.2907   -0.6675    0.6855
...    63 G-C ...
 -116.9473 -125.5678   75.9180
    0.1056   -0.7057   -0.7006
    0.9599   -0.1116    0.2571
   -0.2597   -0.6997    0.6656
...    64 C-G ...
 -118.1881 -127.8262   77.9993
    0.6178   -0.6160   -0.4887
    0.7590    0.3049    0.5752
   -0.2053   -0.7263    0.6560
...    65 T-A ...
 -118.9540 -130.4143   79.8933
    0.9324   -0.3063   -0.1921
    0.3432    0.5828    0.7366
   -0.1136   -0.7527    0.6485
...    66 C-G ...
 -119.2823 -132.9282   81.9162
    0.9709    0.1415    0.1932
   -0.2382    0.6515    0.7203
   -0.0240   -0.7453    0.6663
...    67 G-C ...
 -119.1651 -135.2026   84.3297
    0.6960    0.5962    0.4003
   -0.7018    0.4468    0.5548
    0.1519   -0.6670    0.7294
...    68 G-C ...
 -118.0452 -137.2664   86.7325
    0.2113    0.8200    0.5320
   -0.9455    0.0335    0.3239
    0.2478   -0.5714    0.7824
...    69 G-C ...
 -116.7677 -138.6900   89.5090
   -0.3403    0.7662    0.5450
   -0.8934   -0.4443    0.0667
    0.2933   -0.4642    0.8357
...    70 A-T ...
 -115.7809 -139.9509   92.3752
   -0.8014    0.3669    0.4723
   -0.5110   -0.8304   -0.2220
    0.3108   -0.4192    0.8530
...    71 T-A ...
 -114.5384 -140.6560   95.3686
   -0.9379   -0.1236    0.3240
   -0.0279   -0.9044   -0.4257
    0.3456   -0.4084    0.8448
...    72 C-G ...
 -113.4873 -141.8894   98.2360
   -0.7608   -0.6484    0.0292
    0.5371   -0.6541   -0.5326
    0.3645   -0.3895    0.8459
...    73 C-G ...
 -112.4518 -143.0638  101.2295
   -0.3571   -0.8851   -0.2986
    0.8611   -0.1880   -0.4725
    0.3620   -0.4258    0.8292
...    74 G-C ...
 -110.7695 -144.2792  103.8320
    0.1457   -0.7992   -0.5831
    0.8964    0.3561   -0.2640
    0.4187   -0.4842    0.7683
...    75 C-G ...
 -109.7622 -145.9983  106.4600
    0.5703   -0.4564   -0.6830
    0.6682    0.7414    0.0625
    0.4779   -0.4920    0.7277
...    76 T-A ...
 -108.2536 -147.9065  108.6638
    0.7705    0.0263   -0.6370
    0.2918    0.8738    0.3890
    0.5668   -0.4856    0.6656
...    77 T-A ...
 -106.3795 -149.6239  110.6269
    0.7574    0.5254   -0.3877
   -0.1575    0.7232    0.6724
    0.6337   -0.4482    0.6305
...    78 T-A ...
 -104.1777 -151.1038  112.4327
    0.5031    0.8638   -0.0259
   -0.5169    0.3248    0.7920
    0.6926   -0.3851    0.6100
...    79 A-T ...
 -101.3680 -152.0096  114.0028
    0.0311    0.9710    0.2370
   -0.6333   -0.1643    0.7563
    0.7733   -0.1736    0.6099
...    80 A-T ...
  -98.6952 -152.3123  115.7933
   -0.3376    0.7239    0.6017
   -0.5136   -0.6773    0.5267
    0.7888   -0.1312    0.6005
...    81 C-G ...
  -95.8951 -152.0807  117.5621
   -0.5612    0.2738    0.7811
   -0.2339   -0.9577    0.1677
    0.7939   -0.0886    0.6015
...    82 A-T ...
  -93.3682 -152.5556  119.6278
   -0.6193   -0.3214    0.7163
    0.1665   -0.9454   -0.2802
    0.7673   -0.0543    0.6390
...    83 C-G ...
  -91.0511 -152.1976  122.0301
   -0.4236   -0.7716    0.4745
    0.4690   -0.6350   -0.6138
    0.7749   -0.0375    0.6309
...    84 T-A ...
  -88.6743 -152.2263  124.3497
   -0.1202   -0.9902    0.0709
    0.6118   -0.1301   -0.7803
    0.7819   -0.0504    0.6214
...    85 T-A ...
  -86.3256 -152.3052  126.6027
    0.2731   -0.8882   -0.3695
    0.5407    0.4594   -0.7047
    0.7956   -0.0074    0.6057
...    86 T-A ...
  -83.8800 -152.4468  128.7217
    0.5136   -0.4790   -0.7119
    0.2709    0.8778   -0.3951
    0.8141    0.0101    0.5806
...    87 A-T ...
  -81.1065 -152.7507  130.5256
    0.4230    0.0472   -0.9049
   -0.0255    0.9989    0.0402
    0.9058    0.0061    0.4237
...    88 T-A ...
  -78.1040 -153.3303  131.6165
    0.3064    0.5226   -0.7956
   -0.2216    0.8520    0.4743
    0.9258    0.0310    0.3769
...    89 G-C ...
  -74.8855 -152.9979  132.4802
   -0.0254    0.8723   -0.4883
   -0.2975    0.4597    0.8367
    0.9544    0.1665    0.2478
...    90 T-A ...
  -71.6805 -152.4392  132.5912
   -0.2322    0.9725   -0.0177
   -0.2102   -0.0324    0.9771
    0.9497    0.2306    0.2120
...    91 C-G ...
  -68.6676 -151.3501  133.1597
   -0.3484    0.7708    0.5333
    0.0141   -0.5646    0.8252
    0.9372    0.2951    0.1859
...    92 A-T ...
  -65.6367 -150.2632  133.9441
   -0.3439    0.3007    0.8896
    0.2706   -0.8754    0.4005
    0.8992    0.3785    0.2197
...    93 T-A ...
  -62.9682 -148.3669  134.4899
   -0.1264   -0.1749    0.9764
    0.4119   -0.9047   -0.1087
    0.9024    0.3885    0.1864
...    94 G-C ...
  -59.8710 -147.3737  135.0553
    0.1099   -0.6811    0.7239
    0.4203   -0.6281   -0.6549
    0.9007    0.3762    0.2173
...    95 T-A ...
  -57.1530 -145.8146  136.2296
    0.3148   -0.9090    0.2730
    0.2837   -0.1844   -0.9410
    0.9057    0.3737    0.1999
...    96 T-A ...
  -54.3117 -144.5224  137.1436
    0.4385   -0.8441   -0.3086
    0.0250    0.3547   -0.9346
    0.8984    0.4021    0.1767
...    97 A-T ...
  -51.3264 -143.1492  137.6163
    0.2959   -0.5203   -0.8011
   -0.2423    0.7703   -0.5898
    0.9240    0.3686    0.1019
...    98 T-A ...
  -48.1564 -142.5580  138.1289
    0.1056   -0.0867   -0.9906
   -0.3617    0.9246   -0.1195
    0.9263    0.3709    0.0663
...    99 A-T ...
  -44.9510 -141.6674  137.9502
   -0.2742    0.3224   -0.9060
   -0.3257    0.8553    0.4029
    0.9049    0.4055   -0.1295
...   100 A-T ...
  -42.0389 -140.4787  137.2509
   -0.4583    0.7110   -0.5333
   -0.1020    0.5540    0.8262
    0.8829    0.4331   -0.1814
...   101 C-G ...
  -39.2943 -139.2138  135.9729
   -0.4918    0.8701   -0.0322
    0.1753    0.1351    0.9752
    0.8529    0.4740   -0.2190
...   102 G-C ...
  -36.6205 -137.2764  135.5121
   -0.4090    0.7454    0.5264
    0.4873   -0.3093    0.8166
    0.7716    0.5905   -0.2367
...   103 G-C ...
  -34.3808 -134.8902  134.6294
   -0.1300    0.4238    0.8964
    0.6725   -0.6266    0.3938
    0.7286    0.6540   -0.2036
...   104 A-T ...
  -32.1014 -132.6131  133.9589
    0.2936   -0.0284    0.9555
    0.6294   -0.7465   -0.2156
    0.7194    0.6647   -0.2013
...   105 C-G ...
  -30.0911 -129.9716  133.5770
    0.5811   -0.4167    0.6991
    0.3826   -0.6183   -0.6865
    0.7183    0.6664   -0.1998
...   106 T-A ...
  -27.7517 -127.6484  133.2072
    0.6704   -0.7032    0.2368
    0.0168   -0.3046   -0.9523
    0.7418    0.6424   -0.1924
...   107 T-A ...
  -25.3563 -125.4824  132.8469
    0.5687   -0.7442   -0.3503
   -0.3838    0.1366   -0.9133
    0.7275    0.6538   -0.2079
...   108 C-G ...
  -22.9383 -123.3691  132.2217
    0.2041   -0.5564   -0.8055
   -0.6493    0.5388   -0.5367
    0.7326    0.6326   -0.2513
...   109 C-G ...
  -20.2591 -121.5214  131.3723
   -0.2522   -0.2552   -0.9334
   -0.6509    0.7585   -0.0315
    0.7160    0.5996   -0.3574
...   110 G-C ...
  -18.1503 -119.3307  130.0023
   -0.6659    0.1021   -0.7390
   -0.3865    0.8000    0.4589
    0.6381    0.5912   -0.4932
...   111 G-C ...
  -16.1635 -117.5952  127.8942
   -0.8332    0.4443   -0.3292
    0.0495    0.6529    0.7558
    0.5507    0.6135   -0.5660
...   112 C-G ...
  -14.6666 -115.7368  125.6075
   -0.7052    0.6910    0.1585
    0.5062    0.3342    0.7950
    0.4964    0.6409   -0.5855
...   113 T-A ...
  -13.4096 -113.5698  123.4400
   -0.3659    0.7260    0.5823
    0.8193   -0.0454    0.5715
    0.4413    0.6862   -0.5782
...   114 C-G ...
  -12.1267 -111.2016  121.5702
    0.1739    0.5489    0.8176
    0.8881   -0.4462    0.1106
    0.4255    0.7069   -0.5651
...   115 G-C ...
  -10.3646 -109.0055  119.7739
    0.6038    0.1451    0.7838
    0.6545   -0.6515   -0.3837
    0.4549    0.7447   -0.4883
...   116 T-A ...
   -9.1897 -106.1532  118.5280
    0.8493   -0.2290    0.4756
    0.2421   -0.6316   -0.7365
    0.4690    0.7407   -0.4810
...   117 A-T ...
   -7.6646 -103.8358  116.6527
    0.8141   -0.5771   -0.0642
   -0.3274   -0.3648   -0.8716
    0.4796    0.7307   -0.4860
...   118 T-A ...
   -5.7669 -101.3419  115.6431
    0.5369   -0.6836   -0.4943
   -0.6960   -0.0279   -0.7175
    0.4767    0.7293   -0.4908
...   119 A-T ...
   -4.2693  -98.9559  113.8653
   -0.0036   -0.6146   -0.7889
   -0.8739    0.3855   -0.2963
    0.4862    0.6883   -0.5384
...   120 A-T ...
   -2.4926  -96.9052  112.0932
   -0.5006   -0.3010   -0.8117
   -0.7206    0.6644    0.1981
    0.4797    0.6841   -0.5495
...   121 T-A ...
   -0.5942  -95.2055  110.0197
   -0.8005    0.0624   -0.5961
   -0.3723    0.7276    0.5761
    0.4698    0.6831   -0.5592
...   122 G-C ...
    0.6954  -92.8243  108.0738
   -0.9196    0.3775   -0.1092
    0.1502    0.5944    0.7900
    0.3631    0.7101   -0.6033
...   123 T-A ...
    1.5500  -90.7914  105.6069
   -0.7218    0.6046    0.3368
    0.6076    0.3205    0.7267
    0.3315    0.7292   -0.5987
...   124 G-C ...
    2.5650  -88.1921  103.7875
   -0.2893    0.6013    0.7449
    0.9181   -0.0461    0.3938
    0.2711    0.7977   -0.5386
...   125 T-A ...
    2.8198  -85.4523  101.9408
    0.2210    0.4655    0.8570
    0.9371   -0.3449   -0.0543
    0.2703    0.8151   -0.5124
...   126 C-G ...
    3.6310  -82.6999  100.3621
    0.7179    0.1503    0.6798
    0.6355   -0.5402   -0.5517
    0.2843    0.8280   -0.4833
...   127 G-C ...
    4.8695  -80.1591   98.5767
    0.9152   -0.2611    0.3071
    0.1423   -0.5036   -0.8521
    0.3771    0.8236   -0.4237
...   128 A-T ...
    6.1428  -77.4308   97.2885
    0.8134   -0.5310   -0.2374
   -0.4165   -0.2467   -0.8750
    0.4061    0.8107   -0.4218
...   129 C-G ...
    7.8941  -74.7700   96.3843
    0.4673   -0.6010   -0.6484
   -0.7744    0.0755   -0.6281
    0.4264    0.7957   -0.4302
...   130 C-G ...
    9.6426  -72.2859   94.9268
   -0.0595   -0.5223   -0.8507
   -0.8932    0.4083   -0.1883
    0.4456    0.7487   -0.4908
...   131 A-T ...
   10.9308  -69.7509   93.2054
   -0.5939   -0.2614   -0.7609
   -0.6897    0.6525    0.3141
    0.4143    0.7113   -0.5678
...   132 A-T ...
   12.3978  -67.6560   91.2000
   -0.8773    0.1607   -0.4523
   -0.2333    0.6807    0.6944
    0.4195    0.7147   -0.5597
...   133 A-T ...
   13.7279  -65.5129   89.1531
   -0.8551    0.5182    0.0196
    0.3010    0.4653    0.8324
    0.4222    0.7177   -0.5538
...   134 T-A ...
   14.7283  -63.4123   86.8245
   -0.5924    0.6746    0.4405
    0.6886    0.1400    0.7115
    0.4183    0.7248   -0.5474
...   135 G-C ...
   15.7211  -61.4788   83.9378
    0.0342    0.7399    0.6718
    0.8637   -0.3601    0.3526
    0.5028    0.5682   -0.6514
...   136 T-A ...
   15.7739  -59.5465   80.8037
    0.5516    0.4996    0.6680
    0.6739   -0.7388   -0.0038
    0.4916    0.4523   -0.7442
...   137 G-C ...
   16.8280  -57.7076   78.2738
    0.8528   -0.0847    0.5152
    0.1508   -0.9047   -0.3984
    0.4999    0.4175   -0.7588
...   138 A-T ...
   18.4176  -55.5142   76.5363
    0.8547   -0.5007    0.1370
   -0.3189   -0.7148   -0.6224
    0.4096    0.4883   -0.7706
...   139 G-C ...
   20.4152  -54.2945   74.5497
    0.5847   -0.7389   -0.3350
   -0.7594   -0.3532   -0.5465
    0.2854    0.5739   -0.7676
...   140 C-G ...
   21.4163  -51.8108   72.7950
    0.1305   -0.7142   -0.6876
   -0.8897    0.2217   -0.3991
    0.4375    0.6639   -0.6065
...   141 G-C ...
   22.1406  -50.1331   67.4725
   -0.4682   -0.8748    0.1248
   -0.8495    0.4067   -0.3362
    0.2434   -0.2634   -0.9335
...   142 C-G ...
   22.3377  -51.2252   64.5020
   -0.8529   -0.5117   -0.1032
   -0.4974    0.8566   -0.1372
    0.1587   -0.0657   -0.9851
...   143 T-A ...
   24.0059  -51.6202   61.9333
   -0.9563    0.0399   -0.2897
    0.0522    0.9980   -0.0348
    0.2877   -0.0484   -0.9565
...   144 C-G ...
   24.8857  -52.7207   58.9948
   -0.7530    0.5560   -0.3520
    0.5213    0.8304    0.1966
    0.4016   -0.0355   -0.9151
...   145 A-T ...
   25.5174  -52.9610   55.8128
   -0.2441    0.9563   -0.1609
    0.8907    0.2867    0.3528
    0.3835   -0.0571   -0.9218
...   146 C-G ...
   25.2677  -52.4925   52.0871
    0.3203    0.9428   -0.0928
    0.8825   -0.2613    0.3910
    0.3444   -0.2071   -0.9157
...   147 A-T ...
   25.6133  -52.5732   48.6479
    0.8597    0.5097    0.0339
    0.4498   -0.7866    0.4230
    0.2423   -0.3484   -0.9055
