  147 base-pairs
...     1 T-A ...
    0.0000    0.0000    0.0000
    1.0000    0.0000    0.0000
    0.0000    1.0000    0.0000
    0.0000    0.0000    1.0000
...     2 G-C ...
   -0.5555   -1.1003    3.3981
    0.7749    0.6051    0.1828
   -0.5991    0.7953   -0.0929
   -0.2016   -0.0375    0.9787
...     3 T-A ...
   -0.6619   -3.0237    6.5348
    0.3046    0.9250    0.2271
   -0.8994    0.3578   -0.2510
   -0.3134   -0.1278    0.9410
...     4 G-C ...
   -1.1607   -3.8418    9.6940
   -0.3351    0.9421    0.0133
   -0.8752   -0.3061   -0.3746
   -0.3489   -0.1372    0.9271
...     5 A-T ...
   -1.3881   -3.6770   12.8999
   -0.7835    0.6162   -0.0801
   -0.5677   -0.7622   -0.3109
   -0.2527   -0.1981    0.9470
...     6 G-C ...
   -2.6236   -3.5448   15.7072
   -0.9923    0.0611   -0.1075
   -0.0294   -0.9610   -0.2748
   -0.1201   -0.2695    0.9555
...     7 C-G ...
   -2.3138   -3.7570   18.8866
   -0.8620   -0.4995   -0.0864
    0.5008   -0.8655    0.0073
   -0.0785   -0.0370    0.9962
...     8 G-C ...
   -3.9561   -6.8109   23.3205
   -0.2581   -0.3560   -0.8981
    0.6294   -0.7673    0.1233
   -0.7330   -0.5335    0.4221
...     9 C-G ...
   -6.1177   -8.9414   24.2385
    0.1143   -0.7320   -0.6716
    0.8123   -0.3203    0.4874
   -0.5720   -0.6013    0.5580
...    10 T-A ...
   -8.5041   -9.6771   26.0540
    0.4660   -0.8587   -0.2131
    0.6274    0.1508    0.7640
   -0.6239   -0.4897    0.6090
...    11 C-G ...
  -11.0625  -11.3174   27.2336
    0.6660   -0.6911    0.2808
    0.3382    0.6152    0.7121
   -0.6649   -0.3794    0.6435
...    12 A-T ...
  -13.0013  -13.1789   29.0658
    0.7188   -0.1490    0.6790
   -0.1787    0.9043    0.3876
   -0.6718   -0.4000    0.6235
...    13 C-G ...
  -14.1788  -15.9359   31.3399
    0.4052    0.2865    0.8682
   -0.5270    0.8492   -0.0343
   -0.7470   -0.4437    0.4951
...    14 A-T ...
  -15.9532  -18.1566   33.3080
   -0.1503    0.6873    0.7107
   -0.6106    0.5008   -0.6135
   -0.7776   -0.5261    0.3444
...    15 A-T ...
  -18.3035  -19.9785   34.6239
   -0.4866    0.8394    0.2420
   -0.4005    0.0319   -0.9157
   -0.7764   -0.5425    0.3207
...    16 T-A ...
  -20.6282  -21.6081   36.2869
   -0.6182    0.7446   -0.2519
   -0.0939   -0.3881   -0.9168
   -0.7804   -0.5431    0.3098
...    17 T-A ...
  -23.1683  -23.2209   37.4813
   -0.5473    0.4129   -0.7280
    0.2743   -0.7332   -0.6222
   -0.7907   -0.5402    0.2880
...    18 T-A ...
  -25.8386  -24.7536   38.4675
   -0.2756   -0.0444   -0.9603
    0.5308   -0.8398   -0.1135
   -0.8014   -0.5410    0.2550
...    19 A-T ...
  -28.6626  -26.4290   39.0051
    0.1662   -0.4190   -0.8927
    0.5619   -0.7037    0.4349
   -0.8103   -0.5739    0.1185
...    20 T-A ...
  -31.5893  -27.9034   38.8885
    0.4396   -0.7010   -0.5616
    0.3967   -0.4094    0.8216
   -0.8058   -0.5839    0.0981
...    21 T-A ...
  -34.2555  -29.7477   38.8999
    0.5943   -0.8042   -0.0086
    0.0729    0.0433    0.9964
   -0.8009   -0.5928    0.0844
...    22 C-G ...
  -36.7671  -31.8395   39.0502
    0.5491   -0.6130    0.5682
   -0.3054    0.4857    0.8191
   -0.7780   -0.6232    0.0795
...    23 G-C ...
  -39.3925  -33.8016   39.6662
    0.3575   -0.1821    0.9160
   -0.5919    0.7145    0.3730
   -0.7224   -0.6755    0.1477
...    24 C-G ...
  -41.4680  -36.3434   40.1459
    0.0030    0.2587    0.9660
   -0.7001    0.6903   -0.1827
   -0.7140   -0.6757    0.1832
...    25 A-T ...
  -43.9832  -38.4423   40.6857
   -0.3371    0.6578    0.6735
   -0.5939    0.4065   -0.6943
   -0.7305   -0.6340    0.2537
...    26 A-T ...
  -46.2099  -40.5570   41.7427
   -0.6215    0.7662    0.1634
   -0.2917   -0.0327   -0.9560
   -0.7271   -0.6418    0.2438
...    27 A-T ...
  -48.5443  -42.5532   42.7879
   -0.6780    0.6134   -0.4051
    0.1155   -0.4553   -0.8828
   -0.7259   -0.6453    0.2379
...    28 G-C ...
  -51.0830  -44.4381   43.7403
   -0.4668    0.3320   -0.8197
    0.4480   -0.7104   -0.5428
   -0.7625   -0.6206    0.1829
...    29 G-C ...
  -53.8918  -46.2162   44.2929
   -0.0837   -0.0415   -0.9956
    0.6101   -0.7921   -0.0183
   -0.7879   -0.6090    0.0916
...    30 C-G ...
  -56.7427  -47.8858   44.3537
    0.2990   -0.4276   -0.8531
    0.5473   -0.6555    0.5204
   -0.7817   -0.6225    0.0380
...    31 C-G ...
  -59.4568  -49.8788   44.0447
    0.6137   -0.6516   -0.4458
    0.2826   -0.3459    0.8947
   -0.7372   -0.6751   -0.0282
...    32 G-C ...
  -61.7250  -52.3203   44.1702
    0.7504   -0.6499    0.1202
   -0.1264    0.0373    0.9913
   -0.6487   -0.7591   -0.0542
...    33 G-C ...
  -63.6677  -55.0433   43.6674
    0.6207   -0.4614    0.6339
   -0.5252    0.3556    0.7731
   -0.5822   -0.8128   -0.0216
...    34 C-G ...
  -65.2310  -57.9459   43.3864
    0.2665   -0.1578    0.9508
   -0.7863    0.5350    0.3092
   -0.5575   -0.8300    0.0185
...    35 C-G ...
  -66.7965  -60.9267   43.5679
   -0.1505    0.2233    0.9631
   -0.8216    0.5135   -0.2475
   -0.5498   -0.8285    0.1061
...    36 C-G ...
  -68.4422  -63.7906   44.2187
   -0.5234    0.5302    0.6671
   -0.6276    0.2897   -0.7227
   -0.5764   -0.7968    0.1811
...    37 G-C ...
  -70.6628  -66.2622   44.5681
   -0.7221    0.6786    0.1342
   -0.2562   -0.0821   -0.9631
   -0.6426   -0.7299    0.2331
...    38 A-T ...
  -72.7966  -68.5926   45.4321
   -0.7186    0.5207   -0.4610
    0.2081   -0.4716   -0.8569
   -0.6636   -0.7117    0.2305
...    39 C-G ...
  -75.2564  -70.5006   46.5774
   -0.4917    0.2137   -0.8441
    0.5453   -0.6802   -0.4898
   -0.6789   -0.7012    0.2179
...    40 A-T ...
  -77.4271  -72.9466   47.1560
   -0.0366   -0.1491   -0.9881
    0.7113   -0.6985    0.0791
   -0.7020   -0.6999    0.1316
...    41 C-G ...
  -80.1482  -74.8395   47.3008
    0.3556   -0.4719   -0.8068
    0.6241   -0.5226    0.5808
   -0.6957   -0.7101    0.1087
...    42 G-C ...
  -82.2322  -77.3891   47.8343
    0.7179   -0.5927   -0.3652
    0.3166   -0.1892    0.9295
   -0.6200   -0.7829    0.0518
...    43 A-T ...
  -84.2716  -79.9410   47.8764
    0.7979   -0.5551    0.2351
   -0.1566    0.1856    0.9701
   -0.5821   -0.8108    0.0612
...    44 C-G ...
  -85.8918  -82.7877   47.5218
    0.6302   -0.3444    0.6959
   -0.5497    0.4350    0.7131
   -0.5483   -0.8320    0.0848
...    45 T-A ...
  -87.3651  -85.7336   47.7222
    0.3008   -0.0034    0.9537
   -0.8113    0.5248    0.2577
   -0.5014   -0.8512    0.1551
...    46 T-A ...
  -88.7440  -88.6149   48.2388
   -0.1906    0.3083    0.9320
   -0.8476    0.4273   -0.3146
   -0.4953   -0.8499    0.1799
...    47 A-T ...
  -90.4712  -91.3648   48.9454
   -0.6059    0.5588    0.5662
   -0.6042    0.1396   -0.7845
   -0.5175   -0.8174    0.2531
...    48 C-G ...
  -91.9305  -93.9608   50.3891
   -0.8197    0.5684    0.0716
   -0.2154   -0.1899   -0.9579
   -0.5308   -0.8006    0.2781
...    49 T-A ...
  -93.8159  -96.3910   51.6146
   -0.7893    0.4137   -0.4538
    0.2290   -0.4874   -0.8426
   -0.5697   -0.7690    0.2900
...    50 G-C ...
  -95.7373  -99.0184   52.2575
   -0.4778    0.1025   -0.8725
    0.6261   -0.6569   -0.4201
   -0.6162   -0.7470    0.2497
...    51 T-A ...
  -98.2291 -101.0520   53.1510
   -0.0727   -0.2505   -0.9654
    0.7872   -0.6087    0.0987
   -0.6124   -0.7528    0.2415
...    52 A-T ...
 -100.0884 -103.6784   54.0694
    0.4269   -0.5634   -0.7073
    0.6789   -0.3170    0.6622
   -0.5973   -0.7629    0.2472
...    53 G-C ...
 -102.2017 -106.1746   54.5927
    0.7585   -0.5901   -0.2765
    0.3665    0.0355    0.9297
   -0.5389   -0.8065    0.2432
...    54 G-C ...
 -104.0613 -108.9586   55.0637
    0.8919   -0.3895    0.2299
   -0.0910    0.3434    0.9348
   -0.4431   -0.8546    0.2708
...    55 T-A ...
 -105.2394 -111.9986   55.4263
    0.7484   -0.1073    0.6546
   -0.5321    0.4921    0.6890
   -0.3961   -0.8639    0.3112
...    56 A-T ...
 -106.1214 -115.0342   56.4816
    0.4194    0.3168    0.8507
   -0.8622    0.4323    0.2641
   -0.2841   -0.8443    0.4544
...    57 T-A ...
 -106.3736 -117.9428   57.9432
   -0.0513    0.5153    0.8555
   -0.9618    0.2052   -0.1812
   -0.2689   -0.8321    0.4851
...    58 C-G ...
 -107.1860 -120.5223   59.7557
   -0.5834    0.5746    0.5740
   -0.7697   -0.1658   -0.6164
   -0.2591   -0.8015    0.5390
...    59 T-A ...
 -107.9393 -122.9303   61.8860
   -0.8882    0.4370    0.1418
   -0.3658   -0.4859   -0.7938
   -0.2780   -0.7569    0.5914
...    60 C-G ...
 -108.9988 -125.2701   63.9326
   -0.9342    0.0611   -0.3514
    0.2222   -0.6709   -0.7075
   -0.2790   -0.7391    0.6131
...    61 G-C ...
 -109.8371 -128.0356   65.6100
   -0.6276   -0.3022   -0.7175
    0.7075   -0.6061   -0.3635
   -0.3250   -0.7358    0.5941
...    62 A-T ...
 -110.9682 -130.3563   67.6553
   -0.0842   -0.6067   -0.7905
    0.9480   -0.2931    0.1240
   -0.3069   -0.7390    0.5998
...    63 G-C ...
 -112.2615 -132.7676   69.5329
    0.4426   -0.6327   -0.6354
    0.8583    0.0938    0.5045
   -0.2596   -0.7687    0.5846
...    64 C-G ...
 -113.4661 -135.3413   71.2362
    0.8492   -0.4345   -0.3001
    0.4908    0.4397    0.7522
   -0.1949   -0.7861    0.5866
...    65 T-A ...
 -114.0718 -138.1326   72.8852
    0.9956   -0.0693    0.0636
   -0.0091    0.6023    0.7982
   -0.0936   -0.7952    0.5990
...    66 C-G ...
 -114.2719 -140.7649   74.7696
    0.8227    0.3546    0.4443
   -0.5683    0.5278    0.6312
   -0.0106   -0.7718    0.6358
...    67 G-C ...
 -114.1945 -143.0787   77.1601
    0.3935    0.7134    0.5799
   -0.9107    0.2160    0.3522
    0.1260   -0.6666    0.7347
...    68 G-C ...
 -113.2491 -144.9770   79.7714
   -0.1569    0.7932    0.5884
   -0.9704   -0.2345    0.0573
    0.1834   -0.5620    0.8065
...    69 G-C ...
 -112.4149 -146.3086   82.7601
   -0.6647    0.5891    0.4595
   -0.7222   -0.6641   -0.1933
    0.1913   -0.4604    0.8669
...    70 A-T ...
 -111.8508 -147.5983   85.7388
   -0.9631    0.0795    0.2572
   -0.1786   -0.9036   -0.3893
    0.2014   -0.4209    0.8845
...    71 T-A ...
 -111.2143 -148.3081   88.9246
   -0.9072   -0.4166    0.0585
    0.3446   -0.8156   -0.4648
    0.2413   -0.4015    0.8835
...    72 C-G ...
 -110.5086 -149.5455   91.9038
   -0.5104   -0.8343   -0.2083
    0.8191   -0.3979   -0.4132
    0.2619   -0.3816    0.8865
...    73 C-G ...
 -109.8545 -150.7304   95.0074
    0.0118   -0.8975   -0.4409
    0.9586    0.1356   -0.2503
    0.2844   -0.4197    0.8620
...    74 G-C ...
 -108.5101 -151.7687   97.8839
    0.5068   -0.6238   -0.5950
    0.7730    0.6344   -0.0068
    0.3817   -0.4565    0.8037
...    75 C-G ...
 -107.5853 -153.5259  100.5164
    0.8087   -0.1577   -0.5667
    0.3732    0.8822    0.2871
    0.4547   -0.4437    0.7723
...    76 T-A ...
 -106.0104 -155.2511  102.8214
    0.8268    0.3546   -0.4367
   -0.0802    0.8427    0.5324
    0.5567   -0.4052    0.7252
...    77 T-A ...
 -104.0770 -156.6384  104.9756
    0.6037    0.7829   -0.1505
   -0.4994    0.5185    0.6941
    0.6214   -0.3439    0.7040
...    78 T-A ...
 -101.8692 -157.6880  107.0569
    0.1919    0.9635    0.1866
   -0.7231    0.0102    0.6907
    0.6636   -0.2675    0.6987
...    79 A-T ...
  -99.3387 -158.0577  109.1892
   -0.3244    0.8612    0.3913
   -0.6584   -0.5026    0.5602
    0.6791   -0.0759    0.7301
...    80 A-T ...
  -97.0149 -157.9831  111.4446
   -0.6370    0.4325    0.6381
   -0.3377   -0.9007    0.2734
    0.6930   -0.0413    0.7198
...    81 C-G ...
  -94.7051 -157.4057  113.7841
   -0.7170   -0.1010    0.6897
    0.0696   -0.9949   -0.0733
    0.6936   -0.0045    0.7204
...    82 A-T ...
  -92.3967 -157.7008  116.1240
   -0.5526   -0.6632    0.5048
    0.4973   -0.7484   -0.4389
    0.6688    0.0085    0.7434
...    83 C-G ...
  -90.5749 -157.3136  118.9235
   -0.1900   -0.9588    0.2112
    0.7093   -0.2828   -0.6457
    0.6788    0.0271    0.7338
...    84 T-A ...
  -88.5367 -157.2479  121.5492
    0.2030   -0.9629   -0.1779
    0.6847    0.2695   -0.6771
    0.6999    0.0157    0.7140
...    85 T-A ...
  -86.4665 -157.2398  124.0556
    0.5646   -0.6378   -0.5239
    0.4195    0.7684   -0.4833
    0.7108    0.0530    0.7014
...    86 T-A ...
  -84.2384 -157.2480  126.3976
    0.6739   -0.1046   -0.7314
    0.0157    0.9917   -0.1273
    0.7387    0.0743    0.6699
...    87 A-T ...
  -81.5438 -157.3890  128.3621
    0.4145    0.3880   -0.8232
   -0.3061    0.9113    0.2754
    0.8570    0.1378    0.4965
...    88 T-A ...
  -78.5263 -157.4057  129.5471
    0.1616    0.7697   -0.6177
   -0.4578    0.6129    0.6440
    0.8742    0.1788    0.4514
...    89 G-C ...
  -75.5416 -156.4315  130.7212
   -0.2588    0.9309   -0.2579
   -0.4155    0.1337    0.8997
    0.8720    0.3400    0.3521
...    90 C-G ...
  -72.6616 -154.9584  131.3153
   -0.4959    0.8361    0.2347
   -0.1625   -0.3549    0.9207
    0.8530    0.4184    0.3119
...    91 T-A ...
  -69.9739 -153.1846  132.0434
   -0.5520    0.5069    0.6620
    0.1803   -0.7026    0.6883
    0.8141    0.4994    0.2965
...    92 T-A ...
  -67.4435 -151.2683  132.7784
   -0.3088    0.0375    0.9504
    0.4767   -0.8586    0.1888
    0.8230    0.5113    0.2473
...    93 C-G ...
  -64.8413 -149.4599  133.6746
    0.0540   -0.4690    0.8816
    0.5766   -0.7062   -0.4110
    0.8152    0.5305    0.2323
...    94 C-G ...
  -62.2455 -147.5224  134.6322
    0.3342   -0.7977    0.5020
    0.4506   -0.3326   -0.8285
    0.8278    0.5030    0.2484
...    95 G-C ...
  -59.4015 -145.7961  134.8978
    0.4661   -0.8821   -0.0682
    0.1558    0.1578   -0.9751
    0.8709    0.4439    0.2110
...    96 G-C ...
  -56.5533 -144.2754  135.8493
    0.3980   -0.6980   -0.5953
   -0.1427    0.5939   -0.7918
    0.9062    0.4000    0.1368
...    97 C-G ...
  -53.5136 -143.2639  136.5728
    0.1953   -0.3078   -0.9312
   -0.3468    0.8665   -0.3591
    0.9174    0.3931    0.0625
...    98 T-A ...
  -50.3781 -142.3029  136.6071
   -0.1038    0.1229   -0.9870
   -0.3870    0.9091    0.1539
    0.9162    0.3979   -0.0468
...    99 C-G ...
  -47.4150 -141.0637  136.2284
   -0.3788    0.5732   -0.7266
   -0.2391    0.6978    0.6752
    0.8940    0.4295   -0.1273
...   100 G-C ...
  -44.6878 -139.2528  135.6719
   -0.5861    0.7749   -0.2368
    0.0634    0.3351    0.9400
    0.8078    0.5359   -0.2455
...   101 T-A ...
  -42.3199 -137.5020  134.2261
   -0.5082    0.8137    0.2820
    0.3764   -0.0846    0.9226
    0.7746    0.5750   -0.2633
...   102 C-G ...
  -39.9914 -135.3989  133.3244
   -0.2172    0.6045    0.7664
    0.6324   -0.5110    0.5822
    0.7436    0.6111   -0.2713
...   103 A-T ...
  -37.4798 -133.3869  132.5600
    0.1308    0.1736    0.9761
    0.6799   -0.7322    0.0391
    0.7215    0.6585   -0.2138
...   104 T-A ...
  -35.6077 -130.7173  131.9612
    0.4779   -0.2032    0.8546
    0.5170   -0.7214   -0.4607
    0.7101    0.6620   -0.2397
...   105 G-C ...
  -33.1264 -128.7417  131.0366
    0.6454   -0.6162    0.4514
    0.1558   -0.4724   -0.8675
    0.7478    0.6302   -0.2088
...   106 T-A ...
  -30.6971 -126.4791  130.9204
    0.6194   -0.7829   -0.0578
   -0.2113   -0.0953   -0.9728
    0.7561    0.6147   -0.2245
...   107 T-A ...
  -28.1838 -124.4854  130.4497
    0.3915   -0.7047   -0.5917
   -0.5360    0.3479   -0.7692
    0.7479    0.6183   -0.2415
...   108 A-T ...
  -25.6393 -122.5599  129.5632
   -0.0544   -0.4626   -0.8849
   -0.6548    0.6856   -0.3182
    0.7539    0.5621   -0.3402
...   109 T-A ...
  -22.8283 -121.3027  128.4691
   -0.3914   -0.0844   -0.9164
   -0.5429    0.8252    0.1559
    0.7430    0.5585   -0.3688
...   110 A-T ...
  -20.3971 -119.7185  126.8438
   -0.7278    0.2694   -0.6307
   -0.2265    0.7736    0.5918
    0.6473    0.5736   -0.5020
...   111 A-T ...
  -18.3953 -118.0228  124.9553
   -0.7529    0.6307   -0.1881
    0.2211    0.5115    0.8303
    0.6199    0.5836   -0.5246
...   112 C-G ...
  -16.7536 -116.2894  122.6796
   -0.5590    0.7808    0.2791
    0.5894    0.1375    0.7961
    0.5832    0.6095   -0.5370
...   113 G-C ...
  -14.7820 -114.0491  121.2157
   -0.2062    0.6629    0.7197
    0.8335   -0.2663    0.4840
    0.5125    0.6997   -0.4977
...   114 G-C ...
  -13.4200 -111.4283  119.5709
    0.2361    0.3694    0.8988
    0.8335   -0.5525    0.0081
    0.4995    0.7472   -0.4384
...   115 A-T ...
  -11.8968 -108.8920  118.1598
    0.6704   -0.0335    0.7412
    0.5427   -0.6592   -0.5206
    0.5060    0.7513   -0.4238
...   116 T-A ...
  -10.5381 -106.0243  117.2477
    0.8582   -0.3525    0.3732
    0.1283   -0.5566   -0.8208
    0.4971    0.7523   -0.4324
...   117 A-T ...
   -8.9323 -103.6249  115.5814
    0.7526   -0.6339   -0.1782
   -0.4102   -0.2397   -0.8799
    0.5150    0.7353   -0.4405
...   118 T-A ...
   -6.8750 -101.2149  114.7031
    0.4443   -0.6726   -0.5918
   -0.7345    0.1049   -0.6705
    0.5130    0.7326   -0.4474
...   119 A-T ...
   -5.1728  -98.8609  113.1005
   -0.0941   -0.5523   -0.8283
   -0.8495    0.4784   -0.2225
    0.5192    0.6827   -0.5142
...   120 A-T ...
   -3.3058  -96.8559  111.3764
   -0.5594   -0.2074   -0.8025
   -0.6536    0.7059    0.2731
    0.5098    0.6773   -0.5304
...   121 T-A ...
   -1.3710  -95.1904  109.3158
   -0.8183    0.1575   -0.5528
   -0.2890    0.7187    0.6325
    0.4969    0.6773   -0.5426
...   122 G-C ...
    0.0001  -92.8318  107.4070
   -0.8957    0.4418   -0.0496
    0.2221    0.5412    0.8110
    0.3852    0.7154   -0.5829
...   123 T-A ...
    0.8873  -90.7423  105.0094
   -0.6700    0.6295    0.3936
    0.6531    0.2477    0.7156
    0.3530    0.7365   -0.5770
...   124 G-C ...
    1.9635  -88.1234  103.2678
   -0.2313    0.5803    0.7808
    0.9266   -0.1131    0.3586
    0.2964    0.8065   -0.5115
...   125 T-A ...
    2.3045  -85.3256  101.5339
    0.2692    0.4158    0.8687
    0.9165   -0.3879   -0.0984
    0.2960    0.8226   -0.4855
...   126 C-G ...
    3.2008  -82.5500  100.0561
    0.7412    0.0892    0.6653
    0.5954   -0.5451   -0.5902
    0.3100    0.8336   -0.4572
...   127 G-C ...
    4.5016  -80.0066   98.3427
    0.9097   -0.3102    0.2760
    0.1023   -0.4768   -0.8731
    0.4024    0.8225   -0.4020
...   128 A-T ...
    5.8512  -77.2868   97.1317
    0.7876   -0.5538   -0.2701
   -0.4413   -0.2012   -0.8745
    0.4300    0.8080   -0.4029
...   129 C-G ...
    7.6862  -74.6726   96.2802
    0.4363   -0.5981   -0.6722
   -0.7799    0.1212   -0.6141
    0.4488    0.7922   -0.4136
...   130 C-G ...
    9.5114  -72.2134   94.8852
   -0.0845   -0.5012   -0.8612
   -0.8822    0.4394   -0.1692
    0.4632    0.7455   -0.4793
...   131 A-T ...
   10.8886  -69.7099   93.1996
   -0.6052   -0.2382   -0.7596
   -0.6718    0.6647    0.3268
    0.4271    0.7081   -0.5623
...   132 A-T ...
   12.3855  -67.6353   91.2010
   -0.8770    0.1767   -0.4469
   -0.2192    0.6805    0.6992
    0.4276    0.7112   -0.5580
...   133 A-T ...
   13.7273  -65.5072   89.1519
   -0.8519    0.5232    0.0227
    0.3061    0.4623    0.8322
    0.4250    0.7159   -0.5540
...   134 T-A ...
   14.7282  -63.4123   86.8246
   -0.5924    0.6746    0.4405
    0.6886    0.1400    0.7115
    0.4183    0.7248   -0.5474
...   135 G-C ...
   15.7211  -61.4789   83.9378
    0.0342    0.7399    0.6718
    0.8637   -0.3601    0.3526
    0.5028    0.5682   -0.6514
...   136 T-A ...
   15.7739  -59.5465   80.8037
    0.5516    0.4996    0.6680
    0.6739   -0.7388   -0.0038
    0.4916    0.4523   -0.7442
...   137 G-C ...
   16.8280  -57.7076   78.2738
    0.8528   -0.0847    0.5152
    0.1508   -0.9047   -0.3984
    0.4999    0.4175   -0.7588
...   138 A-T ...
   18.4175  -55.5142   76.5363
    0.8547   -0.5007    0.1370
   -0.3189   -0.7148   -0.6224
    0.4096    0.4883   -0.7706
...   139 G-C ...
   20.4152  -54.2946   74.5497
    0.5847   -0.7389   -0.3350
   -0.7594   -0.3532   -0.5465
    0.2854    0.5739   -0.7676
...   140 C-G ...
   21.4163  -51.8108   72.7950
    0.1305   -0.7142   -0.6876
   -0.8897    0.2217   -0.3991
    0.4375    0.6639   -0.6065
...   141 G-C ...
   22.1406  -50.1331   67.4725
   -0.4682   -0.8748    0.1248
   -0.8495    0.4067   -0.3362
    0.2434   -0.2634   -0.9335
...   142 C-G ...
   22.3377  -51.2252   64.5020
   -0.8529   -0.5117   -0.1032
   -0.4974    0.8566   -0.1372
    0.1587   -0.0657   -0.9851
...   143 T-A ...
   24.0059  -51.6202   61.9333
   -0.9563    0.0399   -0.2897
    0.0522    0.9980   -0.0348
    0.2877   -0.0484   -0.9565
...   144 C-G ...
   24.8856  -52.7207   58.9949
   -0.7530    0.5560   -0.3520
    0.5213    0.8304    0.1966
    0.4016   -0.0355   -0.9151
...   145 A-T ...
   25.5173  -52.9610   55.8128
   -0.2441    0.9563   -0.1609
    0.8907    0.2867    0.3528
    0.3835   -0.0571   -0.9218
...   146 C-G ...
   25.2677  -52.4925   52.0871
    0.3203    0.9428   -0.0928
    0.8825   -0.2613    0.3910
    0.3444   -0.2071   -0.9157
...   147 A-T ...
   25.6133  -52.5733   48.6480
    0.8597    0.5097    0.0339
    0.4498   -0.7866    0.4230
    0.2423   -0.3484   -0.9055
