  147 base-pairs
...     1 T-A ...
    0.0000    0.0000    0.0000
    1.0000    0.0000    0.0000
    0.0000    1.0000    0.0000
    0.0000    0.0000    1.0000
...     2 G-C ...
   -0.5555   -1.1003    3.3981
    0.7749    0.6051    0.1828
   -0.5991    0.7953   -0.0929
   -0.2016   -0.0375    0.9787
...     3 T-A ...
   -0.6619   -3.0237    6.5348
    0.3046    0.9250    0.2271
   -0.8994    0.3578   -0.2510
   -0.3134   -0.1278    0.9410
...     4 G-C ...
   -1.1607   -3.8418    9.6940
   -0.3351    0.9421    0.0133
   -0.8752   -0.3061   -0.3746
   -0.3489   -0.1372    0.9271
...     5 A-T ...
   -1.3881   -3.6770   12.8999
   -0.7835    0.6162   -0.0801
   -0.5677   -0.7622   -0.3109
   -0.2527   -0.1981    0.9470
...     6 G-C ...
   -2.6236   -3.5448   15.7072
   -0.9923    0.0611   -0.1075
   -0.0294   -0.9610   -0.2748
   -0.1201   -0.2695    0.9555
...     7 C-G ...
   -2.3138   -3.7570   18.8866
   -0.8620   -0.4995   -0.0864
    0.5008   -0.8655    0.0073
   -0.0785   -0.0370    0.9962
...     8 G-C ...
   -3.9561   -6.8109   23.3205
   -0.2581   -0.3560   -0.8981
    0.6294   -0.7673    0.1233
   -0.7330   -0.5335    0.4221
...     9 C-G ...
   -6.1177   -8.9414   24.2385
    0.1143   -0.7320   -0.6716
    0.8123   -0.3203    0.4874
   -0.5720   -0.6013    0.5580
...    10 T-A ...
   -8.5041   -9.6771   26.0540
    0.4660   -0.8587   -0.2131
    0.6274    0.1508    0.7640
   -0.6239   -0.4897    0.6090
...    11 C-G ...
  -11.0625  -11.3174   27.2336
    0.6660   -0.6911    0.2808
    0.3382    0.6152    0.7121
   -0.6649   -0.3794    0.6435
...    12 A-T ...
  -13.0013  -13.1789   29.0658
    0.7188   -0.1490    0.6790
   -0.1787    0.9043    0.3876
   -0.6718   -0.4000    0.6235
...    13 C-G ...
  -14.1788  -15.9359   31.3399
    0.4052    0.2865    0.8682
   -0.5270    0.8492   -0.0343
   -0.7470   -0.4437    0.4951
...    14 A-T ...
  -15.9532  -18.1566   33.3080
   -0.1503    0.6873    0.7107
   -0.6106    0.5008   -0.6135
   -0.7776   -0.5261    0.3444
...    15 A-T ...
  -18.3628  -19.9929   34.4507
   -0.4632    0.8553    0.2322
   -0.3988    0.0328   -0.9164
   -0.7914   -0.5171    0.3259
...    16 T-A ...
  -20.7421  -21.6234   36.2314
   -0.6352    0.7197   -0.2801
   -0.0733   -0.4172   -0.9058
   -0.7688   -0.5549    0.3178
...    17 T-A ...
  -23.2632  -23.2350   37.6014
   -0.5818    0.3223   -0.7468
    0.3262   -0.7486   -0.5772
   -0.7451   -0.5794    0.3304
...    18 T-A ...
  -25.7804  -24.9363   38.6805
   -0.2719   -0.1122   -0.9558
    0.5873   -0.8061   -0.0724
   -0.7623   -0.5811    0.2850
...    19 A-T ...
  -28.2606  -26.9614   39.3627
    0.1698   -0.4306   -0.8864
    0.6238   -0.6494    0.4350
   -0.7629   -0.6268    0.1583
...    20 T-A ...
  -31.1289  -28.6081   39.3984
    0.4672   -0.6920   -0.5504
    0.4529   -0.3474    0.8211
   -0.7594   -0.6328    0.1511
...    21 T-A ...
  -33.6982  -30.6356   39.5648
    0.6507   -0.7593   -0.0086
    0.1076    0.0810    0.9909
   -0.7517   -0.6457    0.1344
...    22 C-G ...
  -36.0872  -32.8445   39.9322
    0.6233   -0.5533    0.5526
   -0.2987    0.4846    0.8222
   -0.7227   -0.6775    0.1367
...    23 G-C ...
  -38.5154  -34.9140   41.0120
    0.4495   -0.0996    0.8877
   -0.6334    0.6652    0.3954
   -0.6298   -0.7400    0.2359
...    24 C-G ...
  -40.2817  -37.5785   41.6987
    0.0895    0.3021    0.9491
   -0.7754    0.6192   -0.1240
   -0.6251   -0.7248    0.2897
...    25 A-T ...
  -42.6600  -39.7349   42.4559
   -0.3265    0.6405    0.6951
   -0.6949    0.3358   -0.6359
   -0.6407   -0.6906    0.3354
...    26 A-T ...
  -44.6517  -41.9950   43.7572
   -0.6643    0.7141    0.2208
   -0.3920   -0.0813   -0.9164
   -0.6365   -0.6953    0.3339
...    27 A-T ...
  -46.5737  -44.1936   45.1945
   -0.7833    0.5228   -0.3362
    0.0709   -0.4621   -0.8840
   -0.6175   -0.7163    0.3249
...    28 G-C ...
  -48.8495  -46.2472   46.5777
   -0.5941    0.2418   -0.7672
    0.4593   -0.6811   -0.5703
   -0.6604   -0.6912    0.2936
...    29 G-C ...
  -51.4096  -48.3249   47.5468
   -0.1848   -0.1160   -0.9759
    0.7041   -0.7084   -0.0491
   -0.6856   -0.6963    0.2126
...    30 C-G ...
  -53.9692  -50.3058   48.0083
    0.2639   -0.4328   -0.8620
    0.6822   -0.5481    0.4840
   -0.6819   -0.7157    0.1506
...    31 C-G ...
  -56.4954  -52.4798   48.3571
    0.6464   -0.5953   -0.4773
    0.4246   -0.2391    0.8733
   -0.6339   -0.7671    0.0982
...    32 G-C ...
  -58.1984  -54.9586   48.7688
    0.8405   -0.5418    0.0020
    0.0311    0.0520    0.9982
   -0.5409   -0.8389    0.0606
...    33 G-C ...
  -59.5241  -58.0498   48.7167
    0.7606   -0.3688    0.5343
   -0.4483    0.2970    0.8431
   -0.4696   -0.8808    0.0605
...    34 C-G ...
  -60.6799  -61.1092   48.6835
    0.4231   -0.1048    0.9000
   -0.7969    0.4296    0.4246
   -0.4312   -0.8969    0.0982
...    35 C-G ...
  -61.6722  -64.3155   49.2445
   -0.0519    0.1991    0.9786
   -0.9139    0.3857   -0.1269
   -0.4027   -0.9009    0.1619
...    36 C-G ...
  -62.8052  -67.3476   50.0350
   -0.5168    0.4171    0.7476
   -0.7610    0.1762   -0.6244
   -0.3922   -0.8916    0.2263
...    37 G-C ...
  -64.5310  -70.2522   50.0573
   -0.8187    0.5067    0.2703
   -0.3598   -0.0857   -0.9291
   -0.4476   -0.8578    0.2525
...    38 A-T ...
  -65.8471  -72.9940   50.8827
   -0.8741    0.3679   -0.3171
    0.1873   -0.3472   -0.9189
   -0.4482   -0.8626    0.2346
...    39 C-G ...
  -67.6584  -75.4409   51.9231
   -0.6384    0.1749   -0.7496
    0.6015   -0.4944   -0.6276
   -0.4804   -0.8515    0.2104
...    40 A-T ...
  -69.4060  -78.1982   52.5172
   -0.1540   -0.0620   -0.9861
    0.8499   -0.5173   -0.1002
   -0.5039   -0.8536    0.1324
...    41 C-G ...
  -71.4724  -80.7678   52.5834
    0.3123   -0.2726   -0.9100
    0.8102   -0.4238    0.4050
   -0.4961   -0.8637    0.0885
...    42 G-C ...
  -72.7183  -83.7850   53.1040
    0.7510   -0.3945   -0.5295
    0.4880   -0.2085    0.8476
   -0.4448   -0.8949    0.0359
...    43 A-T ...
  -74.2360  -86.5405   53.2167
    0.9013   -0.4301    0.0516
   -0.0214    0.0749    0.9970
   -0.4326   -0.8997    0.0583
...    44 C-G ...
  -75.4770  -89.5487   52.6914
    0.7886   -0.2720    0.5515
   -0.4895    0.2652    0.8307
   -0.3722   -0.9250    0.0760
...    45 T-A ...
  -76.1763  -93.0782   52.6604
    0.4123   -0.0243    0.9107
   -0.8458    0.3614    0.3925
   -0.3387   -0.9321    0.1284
...    46 T-A ...
  -76.9232  -96.1981   52.9506
   -0.0334    0.1777    0.9835
   -0.9453    0.3138   -0.0888
   -0.3244   -0.9327    0.1575
...    47 A-T ...
  -77.8112  -99.2564   53.7739
   -0.4783    0.4369    0.7618
   -0.8036    0.1321   -0.5803
   -0.3541   -0.8898    0.2879
...    48 C-G ...
  -78.5714 -102.0968   55.3200
   -0.8165    0.4656    0.3413
   -0.4485   -0.1393   -0.8829
   -0.3635   -0.8739    0.3226
...    49 T-A ...
  -79.7077 -104.7982   56.9486
   -0.9035    0.3876   -0.1827
    0.0102   -0.4069   -0.9134
   -0.4284   -0.8272    0.3637
...    50 G-C ...
  -81.3249 -107.5255   57.9963
   -0.7024    0.1587   -0.6939
    0.5073   -0.5722   -0.6444
   -0.4993   -0.8046    0.3214
...    51 T-A ...
  -83.3249 -109.7422   59.1572
   -0.3435   -0.1377   -0.9290
    0.7892   -0.5785   -0.2061
   -0.5090   -0.8040    0.3074
...    52 A-T ...
  -84.7370 -112.5549   60.1488
    0.2041   -0.4471   -0.8709
    0.8416   -0.3742    0.3894
   -0.5000   -0.8124    0.2999
...    53 G-C ...
  -86.5864 -115.0660   61.0246
    0.6251   -0.5047   -0.5954
    0.6442   -0.0973    0.7587
   -0.4409   -0.8578    0.2643
...    54 G-C ...
  -88.5030 -118.1577   61.1433
    0.9041   -0.4037   -0.1399
    0.2273    0.1774    0.9575
   -0.3618   -0.8975    0.2521
...    55 T-A ...
  -89.5376 -121.1966   61.5272
    0.9124   -0.2192    0.3458
   -0.2548    0.3570    0.8987
   -0.3204   -0.9080    0.2699
...    56 A-T ...
  -90.0586 -124.5908   61.9977
    0.6705    0.1377    0.7290
   -0.7156    0.3791    0.5866
   -0.1956   -0.9150    0.3528
...    57 T-A ...
  -90.0652 -127.7373   62.8544
    0.2516    0.3430    0.9050
   -0.9533    0.2493    0.1705
   -0.1671   -0.9057    0.3897
...    58 C-G ...
  -90.3072 -130.7933   64.3849
   -0.3676    0.4636    0.8062
   -0.9169   -0.0358   -0.3975
   -0.1555   -0.8853    0.4383
...    59 T-A ...
  -90.6687 -133.5393   66.1352
   -0.7758    0.4370    0.4551
   -0.6042   -0.3068   -0.7354
   -0.1817   -0.8455    0.5021
...    60 C-G ...
  -91.7069 -136.2057   67.6510
   -0.9800    0.1908   -0.0574
   -0.0631   -0.5706   -0.8188
   -0.1890   -0.7987    0.5712
...    61 G-C ...
  -92.3666 -139.1064   68.9891
   -0.8566   -0.1021   -0.5057
    0.4514   -0.6230   -0.6388
   -0.2499   -0.7755    0.5798
...    62 A-T ...
  -92.9801 -141.7444   70.8651
   -0.4212   -0.4476   -0.7888
    0.8751   -0.4289   -0.2240
   -0.2381   -0.7847    0.5724
...    63 G-C ...
  -93.9036 -144.3037   72.7028
    0.1051   -0.5998   -0.7932
    0.9733   -0.1016    0.2058
   -0.2040   -0.7936    0.5732
...    64 C-G ...
  -95.0104 -147.0046   74.4812
    0.6539   -0.5148   -0.5544
    0.7386    0.2757    0.6152
   -0.1638   -0.8117    0.5606
...    65 T-A ...
  -95.7465 -149.8270   76.0897
    0.9462   -0.2394   -0.2176
    0.3133    0.5106    0.8007
   -0.0806   -0.8258    0.5581
...    66 C-G ...
  -95.9506 -152.6877   77.8273
    0.9670    0.1472    0.2079
   -0.2547    0.5533    0.7931
    0.0017   -0.8199    0.5725
...    67 G-C ...
  -95.7357 -154.9820   80.0317
    0.6974    0.5132    0.5002
   -0.7057    0.3703    0.6040
    0.1248   -0.7743    0.6204
...    68 G-C ...
  -94.5749 -157.5748   82.0526
    0.2267    0.7487    0.6229
   -0.9475    0.0214    0.3191
    0.2256   -0.6625    0.7143
...    69 T-A ...
  -93.0966 -159.4534   84.3012
   -0.3081    0.6827    0.6626
   -0.9186   -0.3945   -0.0206
    0.2474   -0.6151    0.7487
...    70 C-G ...
  -92.3131 -161.0297   86.9756
   -0.7701    0.3804    0.5120
   -0.5846   -0.7421   -0.3279
    0.2553   -0.5518    0.7939
...    71 A-T ...
  -91.2127 -162.4253   89.8688
   -0.9792   -0.0164    0.2021
   -0.0772   -0.8916   -0.4463
    0.1875   -0.4526    0.8718
...    72 T-A ...
  -90.7254 -163.4310   92.9442
   -0.8831   -0.4669   -0.0456
    0.4292   -0.7648   -0.4804
    0.1895   -0.4439    0.8758
...    73 G-C ...
  -90.1614 -164.7044   96.0101
   -0.4407   -0.8416   -0.3123
    0.8692   -0.3132   -0.3825
    0.2241   -0.4400    0.8696
...    74 T-A ...
  -89.9444 -166.0131   99.1215
    0.1128   -0.8873   -0.4472
    0.9586    0.2157   -0.1861
    0.2616   -0.4076    0.8749
...    75 T-A ...
  -89.2781 -167.3814  101.9244
    0.6281   -0.6075   -0.4863
    0.7204    0.6902    0.0683
    0.2942   -0.3932    0.8711
...    76 A-T ...
  -88.1184 -168.5544  104.7871
    0.8824   -0.0886   -0.4621
    0.2511    0.9192    0.3034
    0.3978   -0.3838    0.8333
...    77 T-A ...
  -86.8477 -170.3976  107.1019
    0.8773    0.3874   -0.2834
   -0.2201    0.8494    0.4797
    0.4266   -0.3584    0.8304
...    78 A-T ...
  -85.2216 -171.3955  109.7052
    0.5595    0.8078   -0.1852
   -0.5872    0.5441    0.5993
    0.5849   -0.2266    0.7788
...    79 A-T ...
  -83.1513 -172.0204  111.9420
    0.1118    0.9921    0.0570
   -0.7568    0.0478    0.6518
    0.6440   -0.1160    0.7562
...    80 C-G ...
  -80.4348 -171.9703  113.9642
   -0.3366    0.8713    0.3572
   -0.6765   -0.4876    0.5519
    0.6551   -0.0559    0.7535
...    81 G-C ...
  -78.7028 -171.9042  116.7513
   -0.7120    0.4560    0.5339
   -0.2970   -0.8846    0.3595
    0.6363    0.0974    0.7653
...    82 G-C ...
  -77.0870 -171.2263  119.5536
   -0.8093   -0.0867    0.5810
    0.1737   -0.9801    0.0957
    0.5611    0.1783    0.8083
...    83 A-T ...
  -75.4626 -170.6000  122.3495
   -0.5146   -0.6515    0.5574
    0.6438   -0.7230   -0.2506
    0.5663    0.2299    0.7915
...    84 G-C ...
  -73.8015 -169.5823  125.0956
   -0.0840   -0.9434    0.3210
    0.8196   -0.2486   -0.5162
    0.5668    0.2197    0.7940
...    85 A-T ...
  -72.1286 -168.7369  127.9143
    0.4570   -0.8875   -0.0597
    0.6835    0.3933   -0.6150
    0.5692    0.2403    0.7863
...    86 T-A ...
  -70.6002 -168.3142  130.8147
    0.7359   -0.5549   -0.3880
    0.3339    0.7960   -0.5050
    0.5890    0.2421    0.7710
...    87 C-G ...
  -68.6346 -167.7018  133.3968
    0.7633    0.0091   -0.6460
   -0.1755    0.9652   -0.1939
    0.6217    0.2614    0.7383
...    88 C-G ...
  -66.8223 -166.9425  136.0531
    0.4421    0.4455   -0.7785
   -0.5577    0.8163    0.1504
    0.7025    0.3676    0.6093
...    89 G-C ...
  -64.6466 -165.2354  137.9248
   -0.0619    0.7156   -0.6957
   -0.6656    0.4898    0.5630
    0.7437    0.4979    0.4460
...    90 C-G ...
  -61.8040 -163.5029  138.8655
   -0.4539    0.8501   -0.2670
   -0.4843    0.0161    0.8748
    0.7480    0.5263    0.4044
...    91 T-A ...
  -59.3689 -161.1105  139.6858
   -0.6579    0.7032    0.2696
   -0.0731   -0.4159    0.9065
    0.7496    0.5766    0.3250
...    92 T-A ...
  -56.9854 -158.9882  140.4098
   -0.5355    0.3538    0.7668
    0.3440   -0.7378    0.5807
    0.7713    0.5748    0.2734
...    93 T-A ...
  -54.6235 -156.8060  141.0488
   -0.1832   -0.0981    0.9782
    0.5834   -0.8117    0.0279
    0.7913    0.5758    0.2059
...    94 A-T ...
  -51.5284 -155.5479  141.1370
    0.3539   -0.4743    0.8061
    0.5264   -0.6114   -0.5908
    0.7731    0.6335    0.0333
...    95 A-T ...
  -49.1616 -153.3576  141.2765
    0.6277   -0.7094    0.3204
    0.1903   -0.2592   -0.9469
    0.7548    0.6554   -0.0277
...    96 C-G ...
  -46.6791 -151.1205  141.7476
    0.6286   -0.7392   -0.2418
   -0.1973    0.1491   -0.9689
    0.7522    0.6568   -0.0521
...    97 A-T ...
  -44.1735 -148.9602  141.5641
    0.3330   -0.5834   -0.7408
   -0.5328    0.5317   -0.6583
    0.7779    0.6139   -0.1338
...    98 C-G ...
  -41.2057 -147.4763  141.2287
   -0.0227   -0.2609   -0.9651
   -0.6300    0.7533   -0.1888
    0.7762    0.6038   -0.1815
...    99 T-A ...
  -38.1899 -145.8453  140.2712
   -0.4540    0.1380   -0.8802
   -0.5017    0.7768    0.3806
    0.7363    0.6144   -0.2834
...   100 T-A ...
  -35.7488 -144.1076  139.0292
   -0.6770    0.5347   -0.5057
   -0.1515    0.5713    0.8067
    0.7202    0.6227   -0.3058
...   101 T-A ...
  -33.5046 -142.1311  137.8179
   -0.6777    0.7344    0.0382
    0.2632    0.1938    0.9451
    0.6866    0.6505   -0.3247
...   102 A-T ...
  -31.2768 -139.8311  136.8150
   -0.4274    0.6795    0.5964
    0.6332   -0.2458    0.7339
    0.6453    0.6913   -0.3252
...   103 T-A ...
  -29.7737 -137.3661  135.2737
   -0.0932    0.4683    0.8786
    0.7780   -0.5165    0.3578
    0.6214    0.7169   -0.3162
...   104 G-C ...
  -27.9014 -134.7791  134.3753
    0.3435   -0.0043    0.9391
    0.6993   -0.6663   -0.2588
    0.6269    0.7456   -0.2259
...   105 C-G ...
  -25.9632 -132.1202  133.9488
    0.6624   -0.3879    0.6409
    0.3847   -0.5579   -0.7353
    0.6428    0.7336   -0.2203
...   106 T-A ...
  -23.7756 -129.4758  133.6434
    0.7534   -0.6478    0.1123
   -0.0470   -0.2235   -0.9736
    0.6558    0.7283   -0.1988
...   107 T-A ...
  -21.6304 -127.1316  133.2046
    0.5785   -0.6854   -0.4423
   -0.4637    0.1698   -0.8696
    0.6711    0.7081   -0.2196
...   108 C-G ...
  -19.2301 -124.9323  132.5654
    0.1665   -0.5052   -0.8468
   -0.7122    0.5323   -0.4576
    0.6819    0.6793   -0.2712
...   109 C-G ...
  -16.9110 -122.7283  131.8185
   -0.3170   -0.2545   -0.9136
   -0.6994    0.7134    0.0439
    0.6406    0.6529   -0.4042
...   110 G-C ...
  -15.2229 -120.5755  130.4232
   -0.7066    0.0455   -0.7061
   -0.4277    0.7675    0.4775
    0.5637    0.6394   -0.5229
...   111 G-C ...
  -13.6853 -118.5988  128.1919
   -0.8706    0.3988   -0.2883
    0.0481    0.6521    0.7566
    0.4897    0.6447   -0.5869
...   112 C-G ...
  -12.5336 -116.6380  125.7100
   -0.7241    0.6609    0.1971
    0.5279    0.3473    0.7750
    0.4438    0.6653   -0.6004
...   113 T-A ...
  -11.3131 -114.4998  123.5038
   -0.3608    0.7168    0.5967
    0.8429   -0.0232    0.5375
    0.3991    0.6969   -0.5959
...   114 C-G ...
   -9.9612 -112.0728  121.7598
    0.1850    0.5533    0.8121
    0.9158   -0.3969    0.0618
    0.3566    0.7323   -0.5802
...   115 G-C ...
   -8.3757 -109.8922  119.8392
    0.6648    0.1838    0.7240
    0.6465   -0.6270   -0.4345
    0.3741    0.7570   -0.5357
...   116 T-A ...
   -7.2171 -107.0699  118.5864
    0.8935   -0.1996    0.4022
    0.2004   -0.6242   -0.7551
    0.4017    0.7553   -0.5177
...   117 A-T ...
   -5.7657 -104.2870  117.2539
    0.8225   -0.5628   -0.0828
   -0.3471   -0.3813   -0.8568
    0.4506    0.7334   -0.5089
...   118 T-A ...
   -3.9681 -101.7875  116.2104
    0.5447   -0.6682   -0.5068
   -0.7164   -0.0566   -0.6954
    0.4360    0.7418   -0.5095
...   119 A-T ...
   -2.7271  -99.2879  114.3310
   -0.0042   -0.5979   -0.8016
   -0.8949    0.3600   -0.2638
    0.4463    0.7162   -0.5365
...   120 A-T ...
   -1.0271  -97.1825  112.5489
   -0.5192   -0.3197   -0.7926
   -0.7381    0.6352    0.2273
    0.4308    0.7031   -0.5658
...   121 T-A ...
    0.7387  -95.3616  110.3890
   -0.8277    0.0481   -0.5592
   -0.3652    0.7104    0.6016
    0.4262    0.7021   -0.5704
...   122 G-C ...
    2.0856  -93.0819  108.1554
   -0.9248    0.3768   -0.0527
    0.1849    0.5663    0.8032
    0.3324    0.7330   -0.5934
...   123 T-A ...
    2.8482  -90.9016  105.8447
   -0.7203    0.5901    0.3647
    0.6204    0.3128    0.7192
    0.3103    0.7443   -0.5914
...   124 G-C ...
    3.6761  -88.3552  103.8429
   -0.2680    0.5984    0.7551
    0.9293   -0.0462    0.3664
    0.2541    0.7999   -0.5437
...   125 T-A ...
    3.9766  -85.7590  101.9719
    0.2359    0.4511    0.8607
    0.9388   -0.3345   -0.0820
    0.2510    0.8274   -0.5024
...   126 C-G ...
    4.7478  -83.0691  100.5045
    0.7394    0.1757    0.6500
    0.6310   -0.5175   -0.5779
    0.2349    0.8374   -0.4935
...   127 G-C ...
    5.9344  -80.6291   98.6223
    0.9178   -0.2301    0.3237
    0.1776   -0.4914   -0.8527
    0.3552    0.8400   -0.4101
...   128 A-T ...
    6.9887  -77.9255   97.3556
    0.8475   -0.4757   -0.2355
   -0.3970   -0.2735   -0.8761
    0.3524    0.8360   -0.4206
...   129 C-G ...
    8.5778  -75.1195   96.6290
    0.4963   -0.5802   -0.6458
   -0.7807    0.0269   -0.6243
    0.3796    0.8140   -0.4396
...   130 C-G ...
   10.4036  -72.6632   95.1136
   -0.0238   -0.5559   -0.8309
   -0.9094    0.3572   -0.2129
    0.4152    0.7506   -0.5140
...   131 A-T ...
   11.1023  -69.8789   93.3692
   -0.5714   -0.3037   -0.7624
   -0.7284    0.6157    0.3006
    0.3781    0.7271   -0.5730
...   132 A-T ...
   12.4007  -67.6557   91.3259
   -0.8831    0.1029   -0.4578
   -0.2738    0.6793    0.6809
    0.3810    0.7266   -0.5717
...   133 A-T ...
   13.6955  -65.5515   89.1616
   -0.8600    0.5103    0.0082
    0.2883    0.4724    0.8329
    0.4211    0.7186   -0.5534
...   134 T-A ...
   14.7283  -63.4123   86.8245
   -0.5924    0.6746    0.4405
    0.6886    0.1400    0.7115
    0.4183    0.7248   -0.5474
...   135 G-C ...
   15.7211  -61.4789   83.9377
    0.0342    0.7399    0.6718
    0.8637   -0.3601    0.3526
    0.5028    0.5682   -0.6514
...   136 T-A ...
   15.7739  -59.5465   80.8036
    0.5516    0.4996    0.6680
    0.6739   -0.7388   -0.0038
    0.4916    0.4523   -0.7442
...   137 G-C ...
   16.8280  -57.7077   78.2737
    0.8528   -0.0847    0.5152
    0.1508   -0.9047   -0.3984
    0.4999    0.4175   -0.7588
...   138 A-T ...
   18.4176  -55.5142   76.5362
    0.8547   -0.5007    0.1370
   -0.3189   -0.7148   -0.6224
    0.4096    0.4883   -0.7706
...   139 G-C ...
   20.4152  -54.2946   74.5496
    0.5847   -0.7389   -0.3350
   -0.7594   -0.3532   -0.5465
    0.2854    0.5739   -0.7676
...   140 C-G ...
   21.4163  -51.8108   72.7949
    0.1305   -0.7142   -0.6876
   -0.8897    0.2217   -0.3991
    0.4375    0.6639   -0.6065
...   141 G-C ...
   22.1406  -50.1331   67.4724
   -0.4682   -0.8748    0.1248
   -0.8495    0.4067   -0.3362
    0.2434   -0.2634   -0.9335
...   142 C-G ...
   22.3377  -51.2253   64.5019
   -0.8529   -0.5117   -0.1032
   -0.4974    0.8566   -0.1372
    0.1587   -0.0657   -0.9851
...   143 T-A ...
   24.0059  -51.6202   61.9332
   -0.9563    0.0399   -0.2897
    0.0522    0.9980   -0.0348
    0.2877   -0.0484   -0.9565
...   144 C-G ...
   24.8857  -52.7208   58.9947
   -0.7530    0.5560   -0.3520
    0.5213    0.8304    0.1966
    0.4016   -0.0355   -0.9151
...   145 A-T ...
   25.5173  -52.9611   55.8127
   -0.2441    0.9563   -0.1609
    0.8907    0.2867    0.3528
    0.3835   -0.0571   -0.9218
...   146 C-G ...
   25.2677  -52.4926   52.0870
    0.3203    0.9428   -0.0928
    0.8825   -0.2613    0.3910
    0.3444   -0.2071   -0.9157
...   147 A-T ...
   25.6133  -52.5733   48.6478
    0.8597    0.5097    0.0339
    0.4498   -0.7866    0.4230
    0.2423   -0.3484   -0.9055
