  147 base-pairs
...     1 T-A ...
    0.0000    0.0000    0.0000
    1.0000    0.0000    0.0000
    0.0000    1.0000    0.0000
    0.0000    0.0000    1.0000
...     2 G-C ...
   -0.5555   -1.1003    3.3981
    0.7749    0.6051    0.1828
   -0.5991    0.7953   -0.0929
   -0.2016   -0.0375    0.9787
...     3 T-A ...
   -0.6619   -3.0237    6.5348
    0.3046    0.9250    0.2271
   -0.8994    0.3578   -0.2510
   -0.3134   -0.1278    0.9410
...     4 G-C ...
   -1.1607   -3.8418    9.6940
   -0.3351    0.9421    0.0133
   -0.8752   -0.3061   -0.3746
   -0.3489   -0.1372    0.9271
...     5 A-T ...
   -1.3881   -3.6770   12.8999
   -0.7835    0.6162   -0.0801
   -0.5677   -0.7622   -0.3109
   -0.2527   -0.1981    0.9470
...     6 G-C ...
   -2.6236   -3.5448   15.7072
   -0.9923    0.0611   -0.1075
   -0.0294   -0.9610   -0.2748
   -0.1201   -0.2695    0.9555
...     7 C-G ...
   -2.3138   -3.7570   18.8866
   -0.8620   -0.4995   -0.0864
    0.5008   -0.8655    0.0073
   -0.0785   -0.0370    0.9962
...     8 G-C ...
   -3.9561   -6.8109   23.3205
   -0.2581   -0.3560   -0.8981
    0.6294   -0.7673    0.1233
   -0.7330   -0.5335    0.4221
...     9 C-G ...
   -6.1177   -8.9414   24.2385
    0.1143   -0.7320   -0.6716
    0.8123   -0.3203    0.4874
   -0.5720   -0.6013    0.5580
...    10 T-A ...
   -8.5041   -9.6771   26.0540
    0.4660   -0.8587   -0.2131
    0.6274    0.1508    0.7640
   -0.6239   -0.4897    0.6090
...    11 C-G ...
  -11.0625  -11.3174   27.2336
    0.6660   -0.6911    0.2808
    0.3382    0.6152    0.7121
   -0.6649   -0.3794    0.6435
...    12 A-T ...
  -13.0013  -13.1789   29.0658
    0.7188   -0.1490    0.6790
   -0.1787    0.9043    0.3876
   -0.6718   -0.4000    0.6235
...    13 C-G ...
  -14.1788  -15.9359   31.3399
    0.4052    0.2865    0.8682
   -0.5270    0.8492   -0.0343
   -0.7470   -0.4437    0.4951
...    14 A-T ...
  -15.9532  -18.1566   33.3080
   -0.1503    0.6873    0.7107
   -0.6106    0.5008   -0.6135
   -0.7776   -0.5261    0.3444
...    15 A-T ...
  -18.3643  -19.9949   34.4473
   -0.4691    0.8532    0.2278
   -0.3937    0.0288   -0.9188
   -0.7905   -0.5207    0.3224
...    16 T-A ...
  -20.7465  -21.6410   36.2142
   -0.6382    0.7136   -0.2888
   -0.0621   -0.4217   -0.9046
   -0.7673   -0.5594    0.3135
...    17 T-A ...
  -23.2673  -23.2734   37.5617
   -0.5758    0.3127   -0.7555
    0.3401   -0.7487   -0.5691
   -0.7435   -0.5846    0.3247
...    18 T-A ...
  -25.7787  -25.0110   38.6117
   -0.2541   -0.1230   -0.9593
    0.5972   -0.8001   -0.0556
   -0.7608   -0.5871    0.2768
...    19 A-T ...
  -28.2333  -27.0914   39.2915
    0.1959   -0.4523   -0.8701
    0.6211   -0.6294    0.4670
   -0.7589   -0.6318    0.1576
...    20 T-A ...
  -31.0778  -28.7800   39.3030
    0.4915   -0.7023   -0.5150
    0.4338   -0.3154    0.8440
   -0.7551   -0.6383    0.1496
...    21 T-A ...
  -33.6162  -30.8421   39.4681
    0.6574   -0.7523    0.0441
    0.0698    0.1191    0.9904
   -0.7503   -0.6480    0.1307
...    22 C-G ...
  -35.9957  -33.0665   39.8426
    0.6016   -0.5243    0.6027
   -0.3393    0.5153    0.7870
   -0.7232   -0.6779    0.1321
...    23 G-C ...
  -38.4522  -35.1157   40.9046
    0.4052   -0.0592    0.9123
   -0.6572    0.6749    0.3357
   -0.6356   -0.7355    0.2345
...    24 C-G ...
  -40.2347  -37.7709   41.6115
    0.0368    0.3422    0.9389
   -0.7723    0.6060   -0.1906
   -0.6342   -0.7181    0.2866
...    25 A-T ...
  -42.6720  -39.9137   42.2798
   -0.3806    0.6651    0.6425
   -0.6541    0.2975   -0.6954
   -0.6536   -0.6850    0.3218
...    26 A-T ...
  -44.7254  -42.1520   43.5263
   -0.6888    0.7119    0.1372
   -0.3216   -0.1304   -0.9379
   -0.6498   -0.6901    0.3188
...    27 A-T ...
  -46.7232  -44.3249   44.9055
   -0.7615    0.4914   -0.4226
    0.1481   -0.5029   -0.8516
   -0.6310   -0.7111    0.3102
...    28 G-C ...
  -49.0756  -46.3583   46.2012
   -0.5299    0.1911   -0.8262
    0.5168   -0.6997   -0.4933
   -0.6724   -0.6884    0.2720
...    29 G-C ...
  -51.6823  -48.4424   47.0491
   -0.0926   -0.1727   -0.9806
    0.7164   -0.6956    0.0549
   -0.6915   -0.6974    0.1881
...    30 C-G ...
  -54.2408  -50.4624   47.3670
    0.3528   -0.4776   -0.8046
    0.6384   -0.5058    0.5802
   -0.6841   -0.7183    0.1264
...    31 C-G ...
  -56.7396  -52.6854   47.5883
    0.6986   -0.6136   -0.3682
    0.3313   -0.1787    0.9264
   -0.6342   -0.7692    0.0785
...    32 G-C ...
  -58.4535  -55.1783   47.9974
    0.8369   -0.5304    0.1352
   -0.0852    0.1177    0.9894
   -0.5407   -0.8395    0.0533
...    33 G-C ...
  -59.7755  -58.2767   48.0175
    0.6891   -0.3247    0.6478
   -0.5485    0.3506    0.7591
   -0.4737   -0.8784    0.0635
...    34 C-G ...
  -60.9452  -61.3367   48.0615
    0.3005   -0.0378    0.9530
   -0.8447    0.4535    0.2843
   -0.4430   -0.8904    0.1043
...    35 C-G ...
  -62.0444  -64.4936   48.7138
   -0.1898    0.2673    0.9447
   -0.8846    0.3709   -0.2827
   -0.4260   -0.8894    0.1660
...    36 C-G ...
  -63.2990  -67.4850   49.5385
   -0.6231    0.4677    0.6269
   -0.6551    0.1259   -0.7450
   -0.4274   -0.8749    0.2279
...    37 G-C ...
  -65.0327  -70.4161   49.4526
   -0.8500    0.5183    0.0942
   -0.2021   -0.1558   -0.9669
   -0.4864   -0.8409    0.2372
...    38 A-T ...
  -66.4808  -73.1077   50.2480
   -0.8065    0.3353   -0.4870
    0.3386   -0.4133   -0.8453
   -0.4847   -0.8466    0.2198
...    39 C-G ...
  -68.4490  -75.4891   51.1419
   -0.4968    0.1112   -0.8607
    0.6994   -0.5359   -0.4729
   -0.5139   -0.8369    0.1885
...    40 A-T ...
  -70.2866  -78.2296   51.6200
    0.0290   -0.1450   -0.9890
    0.8511   -0.5152    0.1005
   -0.5242   -0.8447    0.1084
...    41 C-G ...
  -72.3445  -80.8114   51.5212
    0.4782   -0.3466   -0.8070
    0.7152   -0.3795    0.5869
   -0.5096   -0.8578    0.0664
...    42 G-C ...
  -73.6866  -83.7960   52.0486
    0.8377   -0.4351   -0.3300
    0.3048   -0.1289    0.9436
   -0.4531   -0.8911    0.0246
...    43 A-T ...
  -75.2234  -86.5538   52.0935
    0.8648   -0.4190    0.2768
   -0.2278    0.1638    0.9598
   -0.4475   -0.8931    0.0462
...    44 C-G ...
  -76.3824  -89.6041   51.6023
    0.6460   -0.2179    0.7315
   -0.6532    0.3379    0.6776
   -0.3949   -0.9156    0.0760
...    45 T-A ...
  -77.1361  -93.1231   51.7227
    0.1945    0.0618    0.9790
   -0.9067    0.3922    0.1553
   -0.3744   -0.9178    0.1323
...    46 T-A ...
  -78.0202  -96.1929   52.1230
   -0.2704    0.2679    0.9247
   -0.8884    0.3007   -0.3469
   -0.3710   -0.9153    0.1567
...    47 A-T ...
  -79.2522  -99.1662   52.8593
   -0.6753    0.4825    0.5577
   -0.6063    0.0673   -0.7924
   -0.4199   -0.8733    0.2471
...    48 C-G ...
  -80.4187 -101.9057   54.3467
   -0.8822    0.4679    0.0525
   -0.1727   -0.2179   -0.9606
   -0.4380   -0.8565    0.2730
...    49 T-A ...
  -82.1767 -104.6210   55.9767
   -0.8188    0.2857   -0.4980
    0.3433   -0.4517   -0.8235
   -0.4602   -0.8452    0.2718
...    50 T-A ...
  -83.8256 -107.1863   56.9870
   -0.4767    0.0007   -0.8791
    0.7376   -0.5437   -0.4004
   -0.4783   -0.8393    0.2587
...    51 C-G ...
  -85.2165 -110.1050   57.7207
    0.0553   -0.3072   -0.9500
    0.8710   -0.4503    0.1963
   -0.4881   -0.8384    0.2427
...    52 A-T ...
  -86.9466 -112.8427   58.6624
    0.5681   -0.4140   -0.7113
    0.6869   -0.2375    0.6869
   -0.4533   -0.8788    0.1494
...    53 T-A ...
  -88.6161 -115.6349   58.6868
    0.8513   -0.4399   -0.2860
    0.3159   -0.0055    0.9488
   -0.4190   -0.8980    0.1343
...    54 G-C ...
  -89.9799 -118.8335   58.8724
    0.9197   -0.2668    0.2880
   -0.2232    0.2481    0.9427
   -0.3230   -0.9313    0.1686
...    55 T-A ...
  -90.7075 -122.0899   58.8453
    0.6856   -0.0722    0.7244
   -0.6632    0.3486    0.6623
   -0.3004   -0.9345    0.1911
...    56 T-A ...
  -91.4266 -125.1018   59.4218
    0.2512    0.1849    0.9501
   -0.9303    0.3170    0.1843
   -0.2671   -0.9302    0.2516
...    57 A-T ...
  -92.4391 -128.0759   60.4306
   -0.2652    0.4268    0.8646
   -0.9270    0.1336   -0.3504
   -0.2651   -0.8944    0.3602
...    58 T-A ...
  -92.6524 -130.9108   61.9765
   -0.6895    0.4352    0.5790
   -0.6787   -0.1090   -0.7263
   -0.2530   -0.8937    0.3705
...    59 A-T ...
  -93.6708 -133.9304   63.0276
   -0.9505    0.3089    0.0336
   -0.1562   -0.3817   -0.9110
   -0.2686   -0.8711    0.4111
...    60 A-T ...
  -94.5742 -136.6044   64.5333
   -0.8782    0.0279   -0.4774
    0.4031   -0.4940   -0.7704
   -0.2574   -0.8690    0.4226
...    61 C-G ...
  -95.9151 -139.1800   66.4272
   -0.5199   -0.2735   -0.8093
    0.8209   -0.4219   -0.3848
   -0.2362   -0.8644    0.4438
...    62 G-C ...
  -96.5038 -142.1472   67.6465
    0.0724   -0.4228   -0.9033
    0.9674   -0.1907    0.1668
   -0.2428   -0.8859    0.3952
...    63 G-C ...
  -97.5073 -145.0696   68.8131
    0.5819   -0.3868   -0.7154
    0.7884    0.0522    0.6130
   -0.1997   -0.9207    0.3353
...    64 A-T ...
  -98.3299 -148.0485   69.9155
    0.9348   -0.2524   -0.2499
    0.3197    0.2917    0.9015
   -0.1546   -0.9226    0.3534
...    65 G-C ...
  -98.5860 -151.3879   70.4148
    0.9776    0.0541    0.2036
   -0.2083    0.3902    0.8969
   -0.0309   -0.9191    0.3927
...    66 T-A ...
  -98.3143 -154.5575   71.1697
    0.7354    0.3188    0.5979
   -0.6770    0.3089    0.6680
    0.0283   -0.8961    0.4430
...    67 A-T ...
  -97.0852 -157.4421   72.5428
    0.3026    0.6531    0.6941
   -0.9358    0.0655    0.3463
    0.1807   -0.7544    0.6310
...    68 G-C ...
  -96.1198 -159.8821   74.4117
   -0.2082    0.6931    0.6901
   -0.9564   -0.2921    0.0049
    0.2050   -0.6590    0.7237
...    69 G-C ...
  -94.7098 -161.6533   77.2647
   -0.7031    0.4839    0.5211
   -0.6865   -0.6529   -0.3200
    0.1854   -0.5827    0.7913
...    70 T-A ...
  -94.0157 -163.0279   80.1626
   -0.9554    0.0823    0.2836
   -0.2230   -0.8306   -0.5103
    0.1936   -0.5508    0.8119
...    71 A-T ...
  -93.5057 -164.4690   83.1800
   -0.9067   -0.4164   -0.0670
    0.3823   -0.7441   -0.5479
    0.1783   -0.5224    0.8339
...    72 T-A ...
  -93.2869 -165.5925   86.3043
   -0.5707   -0.7671   -0.2932
    0.7911   -0.4178   -0.4467
    0.2202   -0.4868    0.8453
...    73 C-G ...
  -92.8455 -167.1958   89.2142
    0.0403   -0.8755   -0.4815
    0.9660    0.1573   -0.2051
    0.2554   -0.4568    0.8521
...    74 T-A ...
  -92.2474 -168.9654   92.0132
    0.5263   -0.6426   -0.5569
    0.7985    0.5986    0.0638
    0.2923   -0.4782    0.8281
...    75 C-G ...
  -91.4131 -170.6186   94.8742
    0.8722   -0.1621   -0.4614
    0.3408    0.8782    0.3356
    0.3508   -0.4499    0.8213
...    76 G-C ...
  -89.9776 -171.6620   97.6329
    0.8127    0.3714   -0.4491
   -0.1116    0.8555    0.5056
    0.5719   -0.3607    0.7367
...    77 A-T ...
  -88.2760 -172.7741  100.1541
    0.5523    0.8090   -0.2012
   -0.5491    0.5347    0.6423
    0.6272   -0.2442    0.7396
...    78 G-C ...
  -85.7607 -173.3933  102.2331
    0.1317    0.9897    0.0559
   -0.7229    0.0573    0.6886
    0.6783   -0.1311    0.7230
...    79 C-G ...
  -83.0784 -173.4741  104.2759
   -0.3391    0.8604    0.3805
   -0.6430   -0.5072    0.5739
    0.6867   -0.0500    0.7252
...    80 T-A ...
  -80.6511 -173.3469  106.4757
   -0.6542    0.4766    0.5872
   -0.3323   -0.8787    0.3428
    0.6794    0.0291    0.7332
...    81 C-G ...
  -78.8773 -173.3693  109.1709
   -0.7336   -0.1158    0.6696
    0.1742   -0.9845    0.0206
    0.6569    0.1317    0.7424
...    82 G-C ...
  -76.4739 -173.9869  111.6886
   -0.5092   -0.6605    0.5518
    0.5980   -0.7326   -0.3250
    0.6189    0.1645    0.7681
...    83 G-C ...
  -74.5108 -173.2653  114.3307
   -0.1086   -0.9591    0.2614
    0.7666   -0.2482   -0.5922
    0.6328    0.1361    0.7622
...    84 G-C ...
  -72.5546 -172.7624  116.9862
    0.2728   -0.9487   -0.1600
    0.7046    0.3102   -0.6382
    0.6550    0.0614    0.7531
...    85 A-T ...
  -70.5741 -172.6083  119.6756
    0.6322   -0.5792   -0.5146
    0.3885    0.8116   -0.4363
    0.6704    0.0759    0.7381
...    86 T-A ...
  -68.5110 -172.9414  122.2257
    0.7189   -0.0853   -0.6899
    0.0037    0.9929   -0.1189
    0.6951    0.0829    0.7141
...    87 C-G ...
  -66.1304 -172.8362  124.4682
    0.5459    0.4907   -0.6791
   -0.4104    0.8633    0.2939
    0.7305    0.1183    0.6726
...    88 C-G ...
  -63.7810 -172.6877  126.7590
    0.1336    0.8215   -0.5543
   -0.6336    0.5009    0.5897
    0.7621    0.2724    0.5874
...    89 G-C ...
  -61.5161 -171.3460  128.7730
   -0.3586    0.8882   -0.2874
   -0.5614    0.0407    0.8265
    0.7458    0.4577    0.4840
...    90 C-G ...
  -58.8538 -169.4170  129.8564
   -0.6322    0.7435    0.2179
   -0.2259   -0.4459    0.8661
    0.7411    0.4984    0.4498
...    91 T-A ...
  -56.6899 -166.9889  131.1690
   -0.6479    0.3678    0.6671
    0.2366   -0.7352    0.6352
    0.7241    0.5693    0.3893
...    92 T-A ...
  -54.4994 -164.7975  132.2171
   -0.3374   -0.0930    0.9368
    0.5797   -0.8046    0.1289
    0.7417    0.5866    0.3254
...    93 T-A ...
  -52.3419 -162.5233  133.1796
    0.1153   -0.4914    0.8633
    0.6546   -0.6161   -0.4381
    0.7471    0.6156    0.2506
...    94 A-T ...
  -49.5513 -160.7200  133.1284
    0.5969   -0.6650    0.4489
    0.4052   -0.2331   -0.8840
    0.6925    0.7096    0.1303
...    95 A-T ...
  -47.4240 -158.3789  133.6520
    0.7339   -0.6690   -0.1176
   -0.0288    0.1423   -0.9894
    0.6787    0.7295    0.0852
...    96 C-G ...
  -45.0509 -156.1607  134.4765
    0.5925   -0.5140   -0.6203
   -0.4246    0.4550   -0.7827
    0.6846    0.7271    0.0513
...    97 A-T ...
  -42.7100 -153.8292  134.6221
    0.1792   -0.2647   -0.9475
   -0.6807    0.6620   -0.3137
    0.7103    0.7012   -0.0616
...    98 C-G ...
  -39.9442 -152.0303  134.2073
   -0.2264    0.0649   -0.9719
   -0.6726    0.7112    0.2042
    0.7045    0.6999   -0.1173
...    99 T-A ...
  -37.2310 -149.9272  133.2453
   -0.6304    0.3733   -0.6806
   -0.4208    0.5725    0.7037
    0.6524    0.7300   -0.2038
...   100 T-A ...
  -35.1077 -147.7130  132.1830
   -0.7670    0.6203   -0.1641
    0.0163    0.2745    0.9615
    0.6414    0.7348   -0.2206
...   101 T-A ...
  -33.1396 -145.3445  131.2103
   -0.6427    0.6539    0.3991
    0.4485   -0.1012    0.8880
    0.6211    0.7497   -0.2283
...   102 A-T ...
  -31.0541 -142.7888  130.5664
   -0.2712    0.4526    0.8495
    0.7563   -0.4457    0.4789
    0.5954    0.7723   -0.2214
...   103 T-A ...
  -29.7742 -139.9353  129.5787
    0.1049    0.1795    0.9781
    0.8075   -0.5894    0.0216
    0.5804    0.7876   -0.2068
...   104 G-C ...
  -27.9925 -137.1757  129.1284
    0.5209   -0.2824    0.8056
    0.6006   -0.5493   -0.5809
    0.6066    0.7864   -0.1165
...   105 C-G ...
  -26.0352 -134.5265  129.1469
    0.7465   -0.5601    0.3592
    0.2068   -0.3177   -0.9254
    0.6324    0.7651   -0.1213
...   106 T-A ...
  -23.8190 -131.9068  129.1867
    0.7166   -0.6625   -0.2180
   -0.2378    0.0617   -0.9693
    0.6556    0.7465   -0.1133
...   107 T-A ...
  -21.6340 -129.5764  128.9987
    0.4382   -0.5536   -0.7081
   -0.5946    0.4123   -0.6903
    0.6741    0.7235   -0.1485
...   108 C-G ...
  -19.2181 -127.3959  128.4929
   -0.0201   -0.2837   -0.9587
   -0.7330    0.6563   -0.1788
    0.6799    0.6992   -0.2211
...   109 C-G ...
  -16.8632 -125.2069  127.8453
   -0.4806   -0.0144   -0.8768
   -0.6216    0.7108    0.3291
    0.6186    0.7032   -0.3506
...   110 G-C ...
  -15.2673 -122.9023  126.6433
   -0.8018    0.2376   -0.5483
   -0.2819    0.6587    0.6977
    0.5269    0.7139   -0.4612
...   111 G-C ...
  -13.9746 -120.5587  124.6114
   -0.8668    0.4960   -0.0515
    0.2186    0.4707    0.8548
    0.4482    0.7296   -0.5165
...   112 C-G ...
  -13.0393 -118.1871  122.4133
   -0.6285    0.6425    0.4384
    0.6640    0.1497    0.7326
    0.4051    0.7516   -0.5207
...   113 T-A ...
  -11.9733 -115.7294  120.4911
   -0.2084    0.6033    0.7698
    0.9056   -0.1781    0.3848
    0.3693    0.7774   -0.5093
...   114 C-G ...
  -10.6789 -113.1043  119.0183
    0.3418    0.3735    0.8624
    0.8763   -0.4582   -0.1489
    0.3395    0.8066   -0.4839
...   115 G-C ...
   -9.1866 -110.7152  117.2959
    0.7651    0.0027    0.6439
    0.5264   -0.5785   -0.6231
    0.3708    0.8156   -0.4441
...   116 T-A ...
   -7.9418 -107.8285  116.3753
    0.9139   -0.3273    0.2402
    0.0526   -0.4911   -0.8695
    0.4026    0.8072   -0.4316
...   117 A-T ...
   -6.3889 -104.9510  115.3946
    0.7547   -0.5992   -0.2673
   -0.4676   -0.2053   -0.8598
    0.4603    0.7739   -0.4351
...   118 T-A ...
   -4.4860 -102.4683  114.5617
    0.4311   -0.6162   -0.6592
   -0.7828    0.1079   -0.6128
    0.4487    0.7802   -0.4359
...   119 A-T ...
   -3.1493  -99.8815  112.9524
   -0.1152   -0.4985   -0.8592
   -0.8798    0.4528   -0.1447
    0.4612    0.7392   -0.4908
...   120 A-T ...
   -1.4254  -97.7327  111.2558
   -0.6003   -0.1967   -0.7752
   -0.6669    0.6582    0.3494
    0.4415    0.7267   -0.5263
...   121 T-A ...
    0.3185  -95.8367  109.1478
   -0.8596    0.1589   -0.4857
   -0.2674    0.6701    0.6925
    0.4355    0.7251   -0.5335
...   122 G-C ...
    1.6532  -93.4810  107.0001
   -0.8999    0.4339    0.0448
    0.2727    0.4794    0.8342
    0.3405    0.7628   -0.5497
...   123 T-A ...
    2.3945  -91.1582  104.8402
   -0.6621    0.5948    0.4559
    0.6787    0.2181    0.7013
    0.3176    0.7738   -0.5481
...   124 G-C ...
    3.2242  -88.5106  103.0052
   -0.1979    0.5485    0.8124
    0.9433   -0.1187    0.3099
    0.2664    0.8277   -0.4939
...   125 T-A ...
    3.5518  -85.7947  101.3162
    0.2978    0.3740    0.8783
    0.9168   -0.3686   -0.1538
    0.2662    0.8510   -0.4527
...   126 C-G ...
    4.3754  -83.0451  100.0130
    0.7740    0.0966    0.6258
    0.5814   -0.4997   -0.6421
    0.2507    0.8608   -0.4429
...   127 G-C ...
    5.5738  -80.5349   98.2796
    0.9174   -0.2852    0.2775
    0.1309   -0.4421   -0.8874
    0.3757    0.8504   -0.3683
...   128 A-T ...
    6.6804  -77.8035   97.1504
    0.8221   -0.4919   -0.2868
   -0.4305   -0.2073   -0.8784
    0.3726    0.8456   -0.3822
...   129 C-G ...
    8.3605  -75.0292   96.5299
    0.4602   -0.5614   -0.6878
   -0.7934    0.0875   -0.6024
    0.3984    0.8229   -0.4051
...   130 C-G ...
   10.2756  -72.5900   95.1003
   -0.0549   -0.5188   -0.8532
   -0.9012    0.3936   -0.1813
    0.4299    0.7589   -0.4891
...   131 A-T ...
   11.0909  -69.8587   93.3736
   -0.5836   -0.2858   -0.7601
   -0.7160    0.6226    0.3156
    0.3831    0.7284   -0.5680
...   132 A-T ...
   12.4030  -67.6447   91.3346
   -0.8852    0.1116   -0.4517
   -0.2645    0.6779    0.6859
    0.3828    0.7266   -0.5705
...   133 A-T ...
   13.6991  -65.5436   89.1674
   -0.8575    0.5143    0.0135
    0.2941    0.4685    0.8331
    0.4222    0.7183   -0.5530
...   134 T-A ...
   14.7284  -63.4124   86.8244
   -0.5924    0.6746    0.4405
    0.6886    0.1400    0.7115
    0.4183    0.7248   -0.5474
...   135 G-C ...
   15.7213  -61.4790   83.9376
    0.0342    0.7399    0.6718
    0.8637   -0.3601    0.3526
    0.5028    0.5682   -0.6514
...   136 T-A ...
   15.7741  -59.5466   80.8035
    0.5516    0.4996    0.6680
    0.6739   -0.7388   -0.0038
    0.4916    0.4523   -0.7442
...   137 G-C ...
   16.8282  -57.7077   78.2737
    0.8528   -0.0847    0.5152
    0.1508   -0.9047   -0.3984
    0.4999    0.4175   -0.7588
...   138 A-T ...
   18.4177  -55.5143   76.5361
    0.8547   -0.5007    0.1370
   -0.3189   -0.7148   -0.6224
    0.4096    0.4883   -0.7706
...   139 G-C ...
   20.4154  -54.2947   74.5495
    0.5847   -0.7389   -0.3350
   -0.7594   -0.3532   -0.5465
    0.2854    0.5739   -0.7676
...   140 C-G ...
   21.4165  -51.8109   72.7948
    0.1305   -0.7142   -0.6876
   -0.8897    0.2217   -0.3991
    0.4375    0.6639   -0.6065
...   141 G-C ...
   22.1408  -50.1332   67.4723
   -0.4682   -0.8748    0.1248
   -0.8495    0.4067   -0.3362
    0.2434   -0.2634   -0.9335
...   142 C-G ...
   22.3379  -51.2254   64.5018
   -0.8529   -0.5117   -0.1032
   -0.4974    0.8566   -0.1372
    0.1587   -0.0657   -0.9851
...   143 T-A ...
   24.0061  -51.6203   61.9331
   -0.9563    0.0399   -0.2897
    0.0522    0.9980   -0.0348
    0.2877   -0.0484   -0.9565
...   144 C-G ...
   24.8858  -52.7209   58.9946
   -0.7530    0.5560   -0.3520
    0.5213    0.8304    0.1966
    0.4016   -0.0355   -0.9151
...   145 A-T ...
   25.5175  -52.9612   55.8126
   -0.2441    0.9563   -0.1609
    0.8907    0.2867    0.3528
    0.3835   -0.0571   -0.9218
...   146 C-G ...
   25.2678  -52.4926   52.0869
    0.3203    0.9428   -0.0928
    0.8825   -0.2613    0.3910
    0.3444   -0.2071   -0.9157
...   147 A-T ...
   25.6134  -52.5734   48.6478
    0.8597    0.5097    0.0339
    0.4498   -0.7866    0.4230
    0.2423   -0.3484   -0.9055
