  147 base-pairs
...     1 T-A ...
    0.0000    0.0000    0.0000
    1.0000    0.0000    0.0000
    0.0000    1.0000    0.0000
    0.0000    0.0000    1.0000
...     2 G-C ...
   -0.5555   -1.1003    3.3981
    0.7749    0.6051    0.1828
   -0.5991    0.7953   -0.0929
   -0.2016   -0.0375    0.9787
...     3 T-A ...
   -0.6619   -3.0237    6.5348
    0.3046    0.9250    0.2271
   -0.8994    0.3578   -0.2510
   -0.3134   -0.1278    0.9410
...     4 G-C ...
   -1.1607   -3.8418    9.6940
   -0.3351    0.9421    0.0133
   -0.8752   -0.3061   -0.3746
   -0.3489   -0.1372    0.9271
...     5 A-T ...
   -1.3881   -3.6770   12.8999
   -0.7835    0.6162   -0.0801
   -0.5677   -0.7622   -0.3109
   -0.2527   -0.1981    0.9470
...     6 G-C ...
   -2.6236   -3.5448   15.7072
   -0.9923    0.0611   -0.1075
   -0.0294   -0.9610   -0.2748
   -0.1201   -0.2695    0.9555
...     7 C-G ...
   -2.3138   -3.7570   18.8866
   -0.8620   -0.4995   -0.0864
    0.5008   -0.8655    0.0073
   -0.0785   -0.0370    0.9962
...     8 G-C ...
   -3.9561   -6.8109   23.3205
   -0.2581   -0.3560   -0.8981
    0.6294   -0.7673    0.1233
   -0.7330   -0.5335    0.4221
...     9 C-G ...
   -6.1177   -8.9414   24.2385
    0.1143   -0.7320   -0.6716
    0.8123   -0.3203    0.4874
   -0.5720   -0.6013    0.5580
...    10 T-A ...
   -8.5041   -9.6771   26.0540
    0.4660   -0.8587   -0.2131
    0.6274    0.1508    0.7640
   -0.6239   -0.4897    0.6090
...    11 C-G ...
  -11.0625  -11.3174   27.2336
    0.6660   -0.6911    0.2808
    0.3382    0.6152    0.7121
   -0.6649   -0.3794    0.6435
...    12 A-T ...
  -13.0013  -13.1789   29.0658
    0.7188   -0.1490    0.6790
   -0.1787    0.9043    0.3876
   -0.6718   -0.4000    0.6235
...    13 C-G ...
  -14.1788  -15.9359   31.3399
    0.4052    0.2865    0.8682
   -0.5270    0.8492   -0.0343
   -0.7470   -0.4437    0.4951
...    14 A-T ...
  -15.9532  -18.1566   33.3080
   -0.1503    0.6873    0.7107
   -0.6106    0.5008   -0.6135
   -0.7776   -0.5261    0.3444
...    15 A-T ...
  -18.2931  -19.9833   34.6365
   -0.4887    0.8371    0.2460
   -0.4035    0.0332   -0.9144
   -0.7736   -0.5461    0.3216
...    16 T-A ...
  -20.6009  -21.6331   36.3080
   -0.6250    0.7412   -0.2450
   -0.0962   -0.3847   -0.9180
   -0.7747   -0.5502    0.3117
...    17 T-A ...
  -23.1132  -23.2728   37.5281
   -0.5603    0.4096   -0.7200
    0.2771   -0.7264   -0.6289
   -0.7806   -0.5519    0.2935
...    18 T-A ...
  -25.7486  -24.8429   38.5496
   -0.2894   -0.0432   -0.9562
    0.5425   -0.8305   -0.1266
   -0.7887   -0.5554    0.2637
...    19 A-T ...
  -28.5384  -26.5522   39.1267
    0.1572   -0.4038   -0.9012
    0.5834   -0.6983    0.4147
   -0.7968   -0.5910    0.1258
...    20 T-A ...
  -31.4329  -28.0832   39.0446
    0.4430   -0.6814   -0.5826
    0.4227   -0.4143    0.8060
   -0.7906   -0.6033    0.1045
...    21 T-A ...
  -34.0480  -29.9924   39.0780
    0.6168   -0.7860   -0.0418
    0.0966    0.0229    0.9951
   -0.7812   -0.6178    0.0900
...    22 C-G ...
  -36.4785  -32.1662   39.2391
    0.5873   -0.6082    0.5341
   -0.2964    0.4525    0.8411
   -0.7532   -0.6523    0.0855
...    23 G-C ...
  -38.9775  -34.2659   39.8833
    0.4007   -0.1941    0.8954
   -0.6059    0.6769    0.4179
   -0.6873   -0.7100    0.1537
...    24 C-G ...
  -40.9061  -36.9111   40.3794
    0.0346    0.2276    0.9731
   -0.7378    0.6627   -0.1287
   -0.6742   -0.7135    0.1908
...    25 A-T ...
  -43.2739  -39.1522   40.9807
   -0.3325    0.6175    0.7128
   -0.6470    0.4006   -0.6488
   -0.6862   -0.6769    0.2664
...    26 A-T ...
  -45.3323  -41.4124   42.0778
   -0.6489    0.7269    0.2250
   -0.3405   -0.0129   -0.9402
   -0.6805   -0.6867    0.2559
...    27 A-T ...
  -47.4972  -43.5666   43.1743
   -0.7312    0.5901   -0.3423
    0.0896   -0.4144   -0.9057
   -0.6763   -0.6929    0.2501
...    28 G-C ...
  -49.8625  -45.6290   44.1918
   -0.5323    0.3373   -0.7765
    0.4533   -0.6611   -0.5979
   -0.7150   -0.6702    0.1990
...    29 G-C ...
  -52.5164  -47.5936   44.8429
   -0.1428   -0.0039   -0.9897
    0.6523   -0.7524   -0.0912
   -0.7444   -0.6587    0.1100
...    30 C-G ...
  -55.2505  -49.4319   45.0050
    0.2683   -0.3689   -0.8899
    0.6177   -0.6430    0.4528
   -0.7392   -0.6712    0.0553
...    31 C-G ...
  -57.8539  -51.5695   44.7653
    0.6215   -0.5874   -0.5183
    0.3634   -0.3700    0.8550
   -0.6940   -0.7198   -0.0164
...    32 G-C ...
  -59.9404  -54.1580   44.8938
    0.7985   -0.6012    0.0313
   -0.0571   -0.0240    0.9981
   -0.5993   -0.7988   -0.0535
...    33 G-C ...
  -61.7081  -56.9895   44.3571
    0.6975   -0.4491    0.5584
   -0.4883    0.2725    0.8291
   -0.5245   -0.8509   -0.0293
...    34 C-G ...
  -63.0705  -59.9805   44.0164
    0.3520   -0.1912    0.9163
   -0.7950    0.4556    0.4005
   -0.4940   -0.8694    0.0084
...    35 C-G ...
  -64.3822  -63.0843   44.1303
   -0.0842    0.1545    0.9844
   -0.8740    0.4630   -0.1474
   -0.4786   -0.8728    0.0961
...    36 C-G ...
  -65.7424  -66.1046   44.7288
   -0.4980    0.4483    0.7423
   -0.7078    0.2844   -0.6466
   -0.5010   -0.8474    0.1757
...    37 G-C ...
  -67.7324  -68.7515   45.1059
   -0.7508    0.6141    0.2434
   -0.3381   -0.0407   -0.9402
   -0.5675   -0.7882    0.2382
...    38 A-T ...
  -69.6067  -71.2810   45.9954
   -0.7917    0.4966   -0.3558
    0.1559   -0.3989   -0.9037
   -0.5906   -0.7709    0.2384
...    39 C-G ...
  -71.8090  -73.4303   47.2204
   -0.5843    0.2350   -0.7767
    0.5371   -0.6055   -0.5873
   -0.6083   -0.7603    0.2276
...    40 A-T ...
  -73.7525  -76.0511   47.8144
   -0.1263   -0.0806   -0.9887
    0.7571   -0.6519   -0.0436
   -0.6410   -0.7540    0.1433
...    41 C-G ...
  -76.3195  -78.1315   48.0657
    0.2986   -0.3861   -0.8728
    0.7107   -0.5204    0.4734
   -0.6370   -0.7616    0.1190
...    42 G-C ...
  -78.1689  -80.8497   48.5859
    0.7084   -0.5148   -0.4828
    0.4227   -0.2384    0.8744
   -0.5652   -0.8235    0.0487
...    43 A-T ...
  -80.0391  -83.5252   48.6151
    0.8481   -0.5194    0.1045
   -0.0618    0.0989    0.9932
   -0.5262   -0.8488    0.0518
...    44 C-G ...
  -81.5207  -86.4363   48.1909
    0.7204   -0.3586    0.5937
   -0.4906    0.3416    0.8016
   -0.4903   -0.8687    0.0701
...    45 T-A ...
  -82.7973  -89.4756   48.2875
    0.4070   -0.0627    0.9113
   -0.8021    0.4527    0.3894
   -0.4369   -0.8895    0.1339
...    46 T-A ...
  -83.9557  -92.4681   48.6949
   -0.0935    0.2199    0.9710
   -0.8981    0.4023   -0.1776
   -0.4297   -0.8887    0.1599
...    47 A-T ...
  -85.3806  -95.3791   49.4010
   -0.5419    0.4864    0.6854
   -0.7090    0.1734   -0.6836
   -0.4513   -0.8564    0.2509
...    48 C-G ...
  -86.5362  -98.1367   50.8009
   -0.8168    0.5294    0.2291
   -0.3408   -0.1224   -0.9321
   -0.4655   -0.8395    0.2804
...    49 T-A ...
  -88.1617 -100.7178   52.0706
   -0.8533    0.4245   -0.3030
    0.1165   -0.4111   -0.9041
   -0.5083   -0.8067    0.3013
...    50 G-C ...
  -89.9404 -103.4298   52.7547
   -0.5991    0.1645   -0.7836
    0.5662   -0.6050   -0.5599
   -0.5662   -0.7791    0.2693
...    51 T-A ...
  -92.2556 -105.5821   53.8085
   -0.2106   -0.1685   -0.9629
    0.7966   -0.6006   -0.0691
   -0.5667   -0.7816    0.2607
...    52 A-T ...
  -93.9246 -108.3220   54.7534
    0.3177   -0.5004   -0.8054
    0.7686   -0.3615    0.5279
   -0.5553   -0.7867    0.2698
...    53 G-C ...
  -95.9422 -110.8724   55.3747
    0.7046   -0.5638   -0.4309
    0.4999   -0.0366    0.8653
   -0.5036   -0.8251    0.2560
...    54 G-C ...
  -97.7377 -113.6883   55.8971
    0.9099   -0.4096    0.0653
    0.0525    0.2700    0.9614
   -0.4114   -0.8714    0.2671
...    55 T-A ...
  -98.9043 -116.7447   56.1960
    0.8339   -0.1650    0.5267
   -0.4147    0.4423    0.7952
   -0.3642   -0.8815    0.3004
...    56 A-T ...
  -99.6769 -119.8564   57.1094
    0.5519    0.2431    0.7977
   -0.7997    0.4255    0.4236
   -0.2365   -0.8717    0.4292
...    57 T-A ...
  -99.7916 -122.8625   58.3733
    0.0978    0.4505    0.8874
   -0.9708    0.2393   -0.0146
   -0.2189   -0.8601    0.4608
...    58 C-G ...
 -100.3961 -125.5561   60.0851
   -0.4607    0.5513    0.6956
   -0.8631   -0.0955   -0.4959
   -0.2069   -0.8288    0.5198
...    59 T-A ...
 -100.9054 -128.0742   62.1459
   -0.8279    0.4681    0.3091
   -0.5140   -0.4125   -0.7521
   -0.2246   -0.7815    0.5821
...    60 C-G ...
 -101.7795 -130.4766   64.1910
   -0.9710    0.1431   -0.1917
    0.0586   -0.6344   -0.7707
   -0.2319   -0.7596    0.6076
...    61 G-C ...
 -102.6142 -133.2677   65.8162
   -0.7558   -0.2041   -0.6222
    0.5851   -0.6372   -0.5017
   -0.2941   -0.7432    0.6010
...    62 A-T ...
 -103.6524 -135.6213   67.8689
   -0.2633   -0.5474   -0.7943
    0.9221   -0.3848   -0.0404
   -0.2836   -0.7431    0.6061
...    63 G-C ...
 -104.8860 -138.0113   69.8110
    0.2719   -0.6386   -0.7199
    0.9289   -0.0211    0.3696
   -0.2513   -0.7692    0.5875
...    64 C-G ...
 -106.0791 -140.5486   71.5788
    0.7414   -0.5094   -0.4368
    0.6411    0.3454    0.6853
   -0.1982   -0.7881    0.5827
...    65 T-A ...
 -106.7672 -143.3336   73.2126
    0.9783   -0.1916   -0.0790
    0.1757    0.5645    0.8065
   -0.1099   -0.8029    0.5859
...    66 C-G ...
 -107.0762 -146.0046   75.0359
    0.9133    0.2277    0.3376
   -0.4060    0.5731    0.7119
   -0.0313   -0.7872    0.6159
...    67 A-T ...
 -106.9602 -148.6271   77.1126
    0.5579    0.6258    0.5451
   -0.8227    0.3302    0.4628
    0.1096   -0.7066    0.6990
...    68 T-A ...
 -105.9450 -150.9366   79.1651
    0.0830    0.7387    0.6689
   -0.9873   -0.0301    0.1558
    0.1352   -0.6733    0.7269
...    69 G-C ...
 -105.5797 -152.8605   81.8575
   -0.4859    0.6812    0.5476
   -0.8625   -0.4750   -0.1743
    0.1414   -0.5570    0.8184
...    70 T-A ...
 -104.7289 -154.1752   84.7556
   -0.8639    0.3505    0.3617
   -0.4836   -0.7780   -0.4010
    0.1409   -0.5213    0.8416
...    71 T-A ...
 -104.1472 -155.5518   87.6489
   -0.9768   -0.1838    0.1099
    0.0999   -0.8449   -0.5255
    0.1895   -0.5023    0.8437
...    72 A-T ...
 -103.1448 -157.6152   90.1539
   -0.6546   -0.7361   -0.1719
    0.7046   -0.5117   -0.4917
    0.2740   -0.4430    0.8536
...    73 T-A ...
 -102.8202 -158.7921   93.2461
   -0.1910   -0.9108   -0.3660
    0.9347   -0.0549   -0.3511
    0.2998   -0.4091    0.8618
...    74 A-T ...
 -101.4578 -159.9309   96.0867
    0.4331   -0.7566   -0.4899
    0.8382    0.5379   -0.0897
    0.3314   -0.3718    0.8671
...    75 A-T ...
 -100.5647 -161.2997   98.8844
    0.8229   -0.3211   -0.4688
    0.4421    0.8801    0.1731
    0.3570   -0.3497    0.8662
...    76 C-G ...
  -99.5139 -162.9802  101.4757
    0.9068    0.1921   -0.3752
   -0.0387    0.9243    0.3797
    0.4198   -0.3298    0.8456
...    77 G-C ...
  -98.0126 -163.8139  104.3246
    0.6527    0.6998   -0.2903
   -0.4934    0.6834    0.5380
    0.5749   -0.2080    0.7914
...    78 G-C ...
  -95.6308 -164.4382  106.6071
    0.2188    0.9720   -0.0861
   -0.7244    0.2209    0.6530
    0.6537   -0.0805    0.7524
...    79 A-T ...
  -93.3794 -164.4269  108.9480
   -0.2766    0.9297    0.2433
   -0.6844   -0.3683    0.6293
    0.6746    0.0076    0.7381
...    80 T-A ...
  -90.8178 -163.9349  110.9312
   -0.5879    0.6249    0.5136
   -0.4388   -0.7798    0.4465
    0.6796    0.0371    0.7327
...    81 C-G ...
  -88.7296 -163.5318  113.4180
   -0.7356    0.0545    0.6752
    0.0187   -0.9947    0.1008
    0.6771    0.0868    0.7308
...    82 G-C ...
  -86.5921 -163.6827  115.9718
   -0.6145   -0.5227    0.5909
    0.4724   -0.8437   -0.2550
    0.6318    0.1225    0.7654
...    83 G-C ...
  -84.6443 -163.0875  118.6669
   -0.2665   -0.9046    0.3327
    0.7377   -0.4136   -0.5336
    0.6203    0.1032    0.7775
...    84 G-C ...
  -82.7189 -162.5691  121.3936
    0.1569   -0.9864   -0.0485
    0.7485    0.1508   -0.6458
    0.6443    0.0650    0.7620
...    85 A-T ...
  -80.7214 -162.2051  123.9637
    0.5480   -0.7141   -0.4356
    0.4903    0.6961   -0.5244
    0.6777    0.0738    0.7316
...    86 T-A ...
  -78.7524 -162.5255  126.5677
    0.7061   -0.2745   -0.6528
    0.1395    0.9577   -0.2518
    0.6942    0.0868    0.7145
...    87 C-G ...
  -76.4839 -162.3159  128.8881
    0.5985    0.3084   -0.7394
   -0.2918    0.9435    0.1574
    0.7461    0.1216    0.6546
...    88 C-G ...
  -73.7357 -162.1687  130.8124
    0.2472    0.7241   -0.6439
   -0.5402    0.6546    0.5288
    0.8044    0.2172    0.5530
...    89 G-C ...
  -71.1091 -161.0115  132.4954
   -0.2224    0.9037   -0.3659
   -0.5257    0.2049    0.8257
    0.8211    0.3760    0.4295
...    90 C-G ...
  -68.3189 -159.4878  133.3304
   -0.5218    0.8475    0.0975
   -0.2822   -0.2793    0.9178
    0.8051    0.4514    0.3849
...    91 T-A ...
  -65.7515 -157.6344  134.2586
   -0.6381    0.5526    0.5362
    0.0850   -0.6416    0.7624
    0.7653    0.5320    0.3624
...    92 T-A ...
  -63.3546 -155.6365  135.1851
   -0.4442    0.1093    0.8892
    0.4472   -0.8330    0.3258
    0.7763    0.5424    0.3211
...    93 T-A ...
  -61.0158 -153.5470  136.0941
   -0.0532   -0.3558    0.9331
    0.6182   -0.7456   -0.2490
    0.7843    0.5635    0.2596
...    94 A-T ...
  -58.0650 -151.9027  136.4472
    0.4274   -0.7038    0.5674
    0.4735   -0.3604   -0.8037
    0.7701    0.6122    0.1792
...    95 A-T ...
  -55.7101 -149.8073  137.2686
    0.6492   -0.7605    0.0089
    0.1153    0.0869   -0.9895
    0.7518    0.6435    0.1441
...    96 C-G ...
  -53.2356 -147.8759  138.2871
    0.5903   -0.6264   -0.5091
   -0.2512    0.4568   -0.8533
    0.7671    0.6316    0.1123
...    97 A-T ...
  -50.7299 -145.6968  138.5152
    0.2459   -0.3542   -0.9023
   -0.5311    0.7295   -0.4311
    0.8109    0.5851   -0.0087
...    98 C-G ...
  -47.7704 -144.3329  138.4951
   -0.1101    0.0223   -0.9937
   -0.5762    0.8132    0.0821
    0.8098    0.5816   -0.0767
...    99 T-A ...
  -44.9988 -142.6802  137.8890
   -0.4710    0.3636   -0.8037
   -0.4139    0.7136    0.5653
    0.7790    0.5989   -0.1856
...   100 T-A ...
  -42.4801 -140.8656  137.0127
   -0.6570    0.6644   -0.3562
   -0.0708    0.4161    0.9066
    0.7505    0.6209   -0.2263
...   101 T-A ...
  -40.1429 -138.8896  135.9643
   -0.6019    0.7713    0.2071
    0.3227   -0.0023    0.9465
    0.7305    0.6365   -0.2475
...   102 A-T ...
  -37.8311 -136.6402  135.1563
   -0.3390    0.5990    0.7255
    0.6427   -0.4157    0.6435
    0.6870    0.6844   -0.2441
...   103 T-A ...
  -36.1206 -134.0445  134.0259
    0.0444    0.3202    0.9463
    0.7303   -0.6568    0.1879
    0.6817    0.6827   -0.2630
...   104 G-C ...
  -33.6877 -131.9370  133.2724
    0.4169   -0.1508    0.8964
    0.5899   -0.7053   -0.3931
    0.6915    0.6926   -0.2051
...   105 C-G ...
  -31.6002 -129.3977  132.8192
    0.6533   -0.5276    0.5430
    0.2664   -0.5111   -0.8172
    0.7087    0.6785   -0.1934
...   106 T-A ...
  -29.2403 -127.1028  132.4918
    0.6638   -0.7465    0.0464
   -0.1147   -0.1628   -0.9800
    0.7391    0.6451   -0.1937
...   107 T-A ...
  -26.8036 -124.9938  132.1270
    0.4831   -0.7109   -0.5111
   -0.4800    0.2732   -0.8336
    0.7323    0.6480   -0.2093
...   108 C-G ...
  -24.3498 -122.9482  131.4724
    0.0796   -0.4601   -0.8843
   -0.6717    0.6307   -0.3886
    0.7365    0.6249   -0.2589
...   109 C-G ...
  -21.6584 -121.1807  130.5025
   -0.3664   -0.1321   -0.9210
   -0.6008    0.7894    0.1258
    0.7105    0.5994   -0.3686
...   110 G-C ...
  -19.5798 -118.9928  129.1056
   -0.7301    0.2181   -0.6476
   -0.2814    0.7676    0.5758
    0.6227    0.6027   -0.4991
...   111 G-C ...
  -17.7086 -117.1791  126.9545
   -0.8285    0.5244   -0.1961
    0.1702    0.5696    0.8041
    0.5334    0.6329   -0.5612
...   112 C-G ...
  -16.3062 -115.2034  124.7096
   -0.6351    0.7151    0.2918
    0.6032    0.2232    0.7658
    0.4825    0.6624   -0.5731
...   113 T-A ...
  -15.1023 -112.9371  122.6200
   -0.2563    0.6915    0.6754
    0.8629   -0.1513    0.4822
    0.4356    0.7064   -0.5579
...   114 C-G ...
  -13.8225 -110.5123  120.8276
    0.2860    0.4613    0.8399
    0.8585   -0.5127   -0.0108
    0.4256    0.7241   -0.5427
...   115 G-C ...
  -12.0692 -108.3148  119.0398
    0.6754    0.0363    0.7366
    0.5688   -0.6614   -0.4889
    0.4694    0.7491   -0.4673
...   116 T-A ...
  -10.7810 -105.4678  117.9211
    0.8631   -0.3260    0.3858
    0.1358   -0.5860   -0.7989
    0.4864    0.7419   -0.4615
...   117 A-T ...
   -9.1885 -103.1132  116.1799
    0.7592   -0.6332   -0.1507
   -0.4044   -0.2774   -0.8715
    0.5100    0.7226   -0.4667
...   118 T-A ...
   -7.1460 -100.7229  115.2164
    0.4524   -0.6908   -0.5641
   -0.7323    0.0733   -0.6770
    0.5090    0.7193   -0.4728
...   119 A-T ...
   -5.4598  -98.4141  113.5274
   -0.0870   -0.5793   -0.8105
   -0.8516    0.4654   -0.2411
    0.5168    0.6692   -0.5338
...   120 A-T ...
   -3.5932  -96.4523  111.7503
   -0.5544   -0.2330   -0.7990
   -0.6582    0.7102    0.2496
    0.5093    0.6643   -0.5471
...   121 T-A ...
   -1.6497  -94.8359  109.6549
   -0.8155    0.1405   -0.5614
   -0.2945    0.7343    0.6116
    0.4982    0.6641   -0.5574
...   122 G-C ...
   -0.2597  -92.5210  107.7062
   -0.8951    0.4410   -0.0658
    0.2174    0.5604    0.7992
    0.3893    0.7011   -0.5975
...   123 T-A ...
    0.6530  -90.4921  105.2642
   -0.6710    0.6396    0.3750
    0.6492    0.2625    0.7139
    0.3582    0.7225   -0.5914
...   124 G-C ...
    1.7602  -87.9197  103.4713
   -0.2342    0.5975    0.7669
    0.9239   -0.1087    0.3668
    0.3025    0.7945   -0.5265
...   125 T-A ...
    2.1249  -85.1607  101.6836
    0.2654    0.4318    0.8621
    0.9155   -0.3933   -0.0848
    0.3024    0.8117   -0.4996
...   126 C-G ...
    3.0481  -82.4185  100.1611
    0.7373    0.0980    0.6685
    0.5968   -0.5582   -0.5765
    0.3166    0.8239   -0.4700
...   127 G-C ...
    4.3861  -79.9111   98.4187
    0.9067   -0.3096    0.2863
    0.1058   -0.4902   -0.8652
    0.4082    0.8148   -0.4117
...   128 A-T ...
    5.7641  -77.2172   97.1767
    0.7869   -0.5602   -0.2588
   -0.4374   -0.2105   -0.8743
    0.4352    0.8012   -0.4107
...   129 C-G ...
    7.6195  -74.6206   96.3009
    0.4371   -0.6066   -0.6640
   -0.7768    0.1175   -0.6187
    0.4533    0.7862   -0.4199
...   130 C-G ...
    9.4618  -72.1797   94.8892
   -0.0832   -0.5075   -0.8576
   -0.8802    0.4410   -0.1756
    0.4673    0.7403   -0.4834
...   131 A-T ...
   10.8546  -69.6870   93.1982
   -0.6041   -0.2395   -0.7601
   -0.6705    0.6682    0.3223
    0.4307    0.7043   -0.5642
...   132 A-T ...
   12.3667  -67.6232   91.1990
   -0.8756    0.1782   -0.4490
   -0.2184    0.6829    0.6971
    0.4308    0.7084   -0.5591
...   133 A-T ...
   13.7214  -65.5022   89.1516
   -0.8511    0.5246    0.0214
    0.3062    0.4629    0.8318
    0.4265    0.7145   -0.5546
...   134 T-A ...
   14.7282  -63.4122   86.8245
   -0.5924    0.6746    0.4405
    0.6886    0.1400    0.7115
    0.4183    0.7248   -0.5474
...   135 G-C ...
   15.7211  -61.4787   83.9378
    0.0342    0.7399    0.6718
    0.8637   -0.3601    0.3526
    0.5028    0.5682   -0.6514
...   136 T-A ...
   15.7739  -59.5463   80.8037
    0.5516    0.4996    0.6680
    0.6739   -0.7388   -0.0038
    0.4916    0.4523   -0.7442
...   137 G-C ...
   16.8280  -57.7075   78.2738
    0.8528   -0.0847    0.5152
    0.1508   -0.9047   -0.3984
    0.4999    0.4175   -0.7588
...   138 A-T ...
   18.4175  -55.5140   76.5363
    0.8547   -0.5007    0.1370
   -0.3189   -0.7148   -0.6224
    0.4096    0.4883   -0.7706
...   139 G-C ...
   20.4152  -54.2944   74.5497
    0.5847   -0.7389   -0.3350
   -0.7594   -0.3532   -0.5465
    0.2854    0.5739   -0.7676
...   140 C-G ...
   21.4163  -51.8106   72.7950
    0.1305   -0.7142   -0.6876
   -0.8897    0.2217   -0.3991
    0.4375    0.6639   -0.6065
...   141 G-C ...
   22.1406  -50.1329   67.4725
   -0.4682   -0.8748    0.1248
   -0.8495    0.4067   -0.3362
    0.2434   -0.2634   -0.9335
...   142 C-G ...
   22.3377  -51.2251   64.5020
   -0.8529   -0.5117   -0.1032
   -0.4974    0.8566   -0.1372
    0.1587   -0.0657   -0.9851
...   143 T-A ...
   24.0059  -51.6200   61.9333
   -0.9563    0.0399   -0.2897
    0.0522    0.9980   -0.0348
    0.2877   -0.0484   -0.9565
...   144 C-G ...
   24.8856  -52.7206   58.9948
   -0.7530    0.5560   -0.3520
    0.5213    0.8304    0.1966
    0.4016   -0.0355   -0.9151
...   145 A-T ...
   25.5173  -52.9608   55.8128
   -0.2442    0.9563   -0.1609
    0.8907    0.2867    0.3528
    0.3835   -0.0571   -0.9218
...   146 C-G ...
   25.2677  -52.4923   52.0871
    0.3203    0.9428   -0.0928
    0.8825   -0.2613    0.3910
    0.3444   -0.2071   -0.9157
...   147 A-T ...
   25.6133  -52.5731   48.6479
    0.8597    0.5097    0.0339
    0.4498   -0.7866    0.4230
    0.2423   -0.3484   -0.9055
