  147 base-pairs
...     1 T-A ...
    0.0000    0.0000    0.0000
    1.0000    0.0000    0.0000
    0.0000    1.0000    0.0000
    0.0000    0.0000    1.0000
...     2 G-C ...
   -0.5555   -1.1003    3.3981
    0.7749    0.6051    0.1828
   -0.5991    0.7953   -0.0929
   -0.2016   -0.0375    0.9787
...     3 T-A ...
   -0.6619   -3.0237    6.5348
    0.3046    0.9250    0.2271
   -0.8994    0.3578   -0.2510
   -0.3134   -0.1278    0.9410
...     4 G-C ...
   -1.1607   -3.8418    9.6940
   -0.3351    0.9421    0.0133
   -0.8752   -0.3061   -0.3746
   -0.3489   -0.1372    0.9271
...     5 A-T ...
   -1.3881   -3.6770   12.8999
   -0.7835    0.6162   -0.0801
   -0.5677   -0.7622   -0.3109
   -0.2527   -0.1981    0.9470
...     6 G-C ...
   -2.6236   -3.5448   15.7072
   -0.9923    0.0611   -0.1075
   -0.0294   -0.9610   -0.2748
   -0.1201   -0.2695    0.9555
...     7 C-G ...
   -2.3138   -3.7570   18.8866
   -0.8620   -0.4995   -0.0864
    0.5008   -0.8655    0.0073
   -0.0785   -0.0370    0.9962
...     8 G-C ...
   -3.9561   -6.8109   23.3205
   -0.2581   -0.3560   -0.8981
    0.6294   -0.7673    0.1233
   -0.7330   -0.5335    0.4221
...     9 C-G ...
   -6.1177   -8.9414   24.2385
    0.1143   -0.7320   -0.6716
    0.8123   -0.3203    0.4874
   -0.5720   -0.6013    0.5580
...    10 T-A ...
   -8.5041   -9.6771   26.0540
    0.4660   -0.8587   -0.2131
    0.6274    0.1508    0.7640
   -0.6239   -0.4897    0.6090
...    11 C-G ...
  -11.0625  -11.3174   27.2336
    0.6660   -0.6911    0.2808
    0.3382    0.6152    0.7121
   -0.6649   -0.3794    0.6435
...    12 A-T ...
  -13.0013  -13.1789   29.0658
    0.7188   -0.1490    0.6790
   -0.1787    0.9043    0.3876
   -0.6718   -0.4000    0.6235
...    13 C-G ...
  -14.1788  -15.9359   31.3399
    0.4052    0.2865    0.8682
   -0.5270    0.8492   -0.0343
   -0.7470   -0.4437    0.4951
...    14 A-T ...
  -15.9532  -18.1566   33.3080
   -0.1503    0.6873    0.7107
   -0.6106    0.5008   -0.6135
   -0.7776   -0.5261    0.3444
...    15 A-T ...
  -18.2948  -19.9821   34.6353
   -0.4886    0.8373    0.2452
   -0.4032    0.0325   -0.9145
   -0.7737   -0.5457    0.3217
...    16 T-A ...
  -20.6042  -21.6295   36.3069
   -0.6247    0.7410   -0.2464
   -0.0957   -0.3858   -0.9176
   -0.7750   -0.5496    0.3120
...    17 T-A ...
  -23.1185  -23.2670   37.5262
   -0.5594    0.4082   -0.7214
    0.2776   -0.7278   -0.6271
   -0.7810   -0.5511    0.2938
...    18 T-A ...
  -25.7555  -24.8350   38.5477
   -0.2881   -0.0460   -0.9565
    0.5425   -0.8309   -0.1234
   -0.7891   -0.5545    0.2644
...    19 A-T ...
  -28.5409  -26.5505   39.1308
    0.1583   -0.4096   -0.8984
    0.5828   -0.6958    0.4199
   -0.7971   -0.5900    0.1286
...    20 T-A ...
  -31.4365  -28.0812   39.0558
    0.4435   -0.6859   -0.5770
    0.4213   -0.4087    0.8096
   -0.7911   -0.6021    0.1077
...    21 T-A ...
  -34.0537  -29.9882   39.1008
    0.6159   -0.7871   -0.0339
    0.0946    0.0312    0.9950
   -0.7821   -0.6161    0.0936
...    22 C-G ...
  -36.4896  -32.1562   39.2764
    0.5848   -0.6041    0.5414
   -0.2979    0.4608    0.8360
   -0.7545   -0.6502    0.0895
...    23 G-C ...
  -38.9983  -34.2427   39.9338
    0.3970   -0.1858    0.8988
   -0.6059    0.6825    0.4087
   -0.6894   -0.7069    0.1584
...    24 C-G ...
  -40.9361  -36.8784   40.4493
    0.0309    0.2380    0.9708
   -0.7357    0.6629   -0.1391
   -0.6767   -0.7099    0.1955
...    25 A-T ...
  -43.3157  -39.1052   41.0625
   -0.3349    0.6263    0.7040
   -0.6427    0.3945   -0.6568
   -0.6891   -0.6724    0.2704
...    26 A-T ...
  -45.3863  -41.3478   42.1731
   -0.6487    0.7308    0.2124
   -0.3350   -0.0235   -0.9419
   -0.6834   -0.6822    0.2600
...    27 A-T ...
  -47.5629  -43.4844   43.2815
   -0.7279    0.5869   -0.3545
    0.0947   -0.4260   -0.8998
   -0.6791   -0.6885    0.2545
...    28 G-C ...
  -49.9396  -45.5300   44.3091
   -0.5263    0.3275   -0.7847
    0.4564   -0.6698   -0.5857
   -0.7174   -0.6664    0.2030
...    29 G-C ...
  -52.6012  -47.4829   44.9678
   -0.1355   -0.0180   -0.9906
    0.6520   -0.7545   -0.0755
   -0.7460   -0.6561    0.1139
...    30 C-G ...
  -55.3398  -49.3159   45.1372
    0.2748   -0.3827   -0.8821
    0.6133   -0.6368    0.4673
   -0.7405   -0.6694    0.0597
...    31 C-G ...
  -57.9448  -51.4541   44.9125
    0.6250   -0.5964   -0.5037
    0.3559   -0.3566    0.8638
   -0.6948   -0.7192   -0.0106
...    32 G-C ...
  -60.0380  -54.0376   45.0677
    0.7974   -0.6015    0.0485
   -0.0659   -0.0070    0.9978
   -0.5998   -0.7989   -0.0452
...    33 G-C ...
  -61.8068  -56.8748   44.5660
    0.6916   -0.4400    0.5728
   -0.4957    0.2876    0.8195
   -0.5253   -0.8507   -0.0192
...    34 C-G ...
  -63.1701  -59.8703   44.2655
    0.3426   -0.1750    0.9230
   -0.7984    0.4636    0.3842
   -0.4952   -0.8686    0.0190
...    35 C-G ...
  -64.4892  -62.9690   44.4244
   -0.0948    0.1727    0.9804
   -0.8720    0.4608   -0.1654
   -0.4803   -0.8706    0.1069
...    36 C-G ...
  -65.8617  -65.9752   45.0649
   -0.5066    0.4621    0.7279
   -0.7001    0.2722   -0.6601
   -0.5031   -0.8440    0.1857
...    37 G-C ...
  -67.8592  -68.6147   45.4674
   -0.7544    0.6178    0.2219
   -0.3261   -0.0593   -0.9435
   -0.5697   -0.7841    0.2462
...    38 A-T ...
  -69.7431  -71.1296   46.3816
   -0.7878    0.4877   -0.3762
    0.1687   -0.4165   -0.8933
   -0.5923   -0.7672    0.2459
...    39 C-G ...
  -71.9581  -73.2597   47.6204
   -0.5741    0.2173   -0.7895
    0.5467   -0.6160   -0.5671
   -0.6095   -0.7572    0.2348
...    40 A-T ...
  -73.9006  -75.8757   48.2428
   -0.1116   -0.1024   -0.9885
    0.7598   -0.6498   -0.0184
   -0.6405   -0.7531    0.1503
...    41 C-G ...
  -76.4643  -77.9600   48.5036
    0.3133   -0.4040   -0.8594
    0.7054   -0.5069    0.4954
   -0.6358   -0.7615    0.1262
...    42 G-C ...
  -78.3131  -80.6734   49.0586
    0.7184   -0.5219   -0.4600
    0.4101   -0.2165    0.8860
   -0.5619   -0.8251    0.0585
...    43 A-T ...
  -80.1705  -83.3576   49.1207
    0.8492   -0.5119    0.1299
   -0.0783    0.1211    0.9895
   -0.5223   -0.8504    0.0627
...    44 C-G ...
  -81.6294  -86.2858   48.7395
    0.7125   -0.3402    0.6137
   -0.5060    0.3568    0.7853
   -0.4861   -0.8700    0.0821
...    45 T-A ...
  -82.8893  -89.3304   48.8865
    0.3914   -0.0385    0.9194
   -0.8119    0.4558    0.3647
   -0.4331   -0.8893    0.1471
...    46 T-A ...
  -84.0349  -92.3207   49.3444
   -0.1133    0.2416    0.9637
   -0.8977    0.3909   -0.2035
   -0.4259   -0.8882    0.1726
...    47 A-T ...
  -85.4662  -95.2225   50.0801
   -0.5625    0.4951    0.6621
   -0.6950    0.1506   -0.7031
   -0.4478   -0.8557    0.2594
...    48 C-G ...
  -86.6255  -97.9629   51.5147
   -0.8283    0.5241    0.1982
   -0.3171   -0.1469   -0.9370
   -0.4619   -0.8389    0.2878
...    49 T-A ...
  -88.2501 -100.5380   52.8014
   -0.8513    0.4056   -0.3330
    0.1443   -0.4290   -0.8917
   -0.5045   -0.8071    0.3067
...    50 G-C ...
  -90.0029 -103.2633   53.5020
   -0.5816    0.1374   -0.8018
    0.5894   -0.6081   -0.5317
   -0.5607   -0.7819    0.2727
...    51 T-A ...
  -92.3102 -105.4294   54.5476
   -0.1829   -0.1935   -0.9639
    0.8079   -0.5883   -0.0352
   -0.5603   -0.7852    0.2639
...    52 A-T ...
  -93.9619 -108.1737   55.5113
    0.3478   -0.5110   -0.7860
    0.7607   -0.3363    0.5552
   -0.5481   -0.7910    0.2718
...    53 G-C ...
  -95.9482 -110.7482   56.1342
    0.7267   -0.5582   -0.4004
    0.4771   -0.0092    0.8788
   -0.4942   -0.8297    0.2596
...    54 G-C ...
  -97.6997 -113.5896   56.6666
    0.9162   -0.3887    0.0977
    0.0209    0.2897    0.9569
   -0.4002   -0.8746    0.2736
...    55 T-A ...
  -98.8074 -116.6636   56.9961
    0.8226   -0.1361    0.5520
   -0.4458    0.4481    0.7749
   -0.3528   -0.8836    0.3079
...    56 A-T ...
  -99.5401 -119.7701   57.9573
    0.5226    0.2708    0.8084
   -0.8214    0.4141    0.3922
   -0.2286   -0.8690    0.4388
...    57 T-A ...
  -99.6213 -122.7548   59.2749
    0.0603    0.4684    0.8814
   -0.9754    0.2150   -0.0476
   -0.2118   -0.8569    0.4699
...    58 C-G ...
 -100.2127 -125.4317   61.0202
   -0.4963    0.5501    0.6717
   -0.8446   -0.1267   -0.5202
   -0.2011   -0.8255    0.5274
...    59 T-A ...
 -100.7202 -127.9310   63.1072
   -0.8504    0.4482    0.2755
   -0.4778   -0.4388   -0.7610
   -0.2202   -0.7789    0.5873
...    60 C-G ...
 -101.5841 -130.3311   65.1624
   -0.9684    0.1091   -0.2244
    0.1033   -0.6431   -0.7588
   -0.2271   -0.7580    0.6115
...    61 G-C ...
 -102.3668 -133.1279   66.8055
   -0.7279   -0.2384   -0.6429
    0.6227   -0.6223   -0.4743
   -0.2870   -0.7456    0.6015
...    62 A-T ...
 -103.3812 -135.4896   68.8613
   -0.2178   -0.5658   -0.7953
    0.9363   -0.3511   -0.0067
   -0.2754   -0.7461    0.6062
...    63 G-C ...
 -104.5859 -137.9020   70.7938
    0.3186   -0.6346   -0.7041
    0.9170    0.0182    0.3985
   -0.2401   -0.7726    0.5877
...    64 C-G ...
 -105.7384 -140.4658   72.5495
    0.7740   -0.4832   -0.4092
    0.6056    0.3763    0.7011
   -0.1848   -0.7905    0.5839
...    65 T-A ...
 -106.3639 -143.2628   74.1867
    0.9873   -0.1513   -0.0485
    0.1280    0.5765    0.8070
   -0.0942   -0.8030    0.5886
...    66 C-G ...
 -106.6085 -145.9317   76.0217
    0.8925    0.2684    0.3625
   -0.4507    0.5587    0.6962
   -0.0157   -0.7847    0.6196
...    67 G-C ...
 -106.5598 -148.3282   78.3227
    0.5169    0.6597    0.5455
   -0.8467    0.2998    0.4396
    0.1265   -0.6891    0.7135
...    68 G-C ...
 -105.5840 -150.3999   80.7820
   -0.0146    0.7994    0.6007
   -0.9814   -0.1263    0.1443
    0.1912   -0.5874    0.7864
...    69 G-C ...
 -104.6194 -151.8611   83.6617
   -0.5468    0.6653    0.5082
   -0.8117   -0.5701   -0.1269
    0.2053   -0.4819    0.8518
...    70 A-T ...
 -103.9830 -153.2015   86.5899
   -0.9211    0.2120    0.3266
   -0.3284   -0.8737   -0.3589
    0.2092   -0.4379    0.8744
...    71 T-A ...
 -103.2246 -153.9637   89.7255
   -0.9521   -0.2782    0.1268
    0.1896   -0.8627   -0.4688
    0.2398   -0.4223    0.8742
...    72 C-G ...
 -102.5599 -155.2707   92.6745
   -0.6460   -0.7470   -0.1570
    0.7207   -0.5291   -0.4480
    0.2516   -0.4025    0.8802
...    73 C-G ...
 -101.9600 -156.5488   95.7444
   -0.1554   -0.8985   -0.4107
    0.9546   -0.0296   -0.2964
    0.2541   -0.4381    0.8623
...    74 G-C ...
 -100.6562 -157.7538   98.5628
    0.3773   -0.7216   -0.5805
    0.8673    0.4951   -0.0517
    0.3247   -0.4840    0.8126
...    75 C-G ...
  -99.9433 -159.5370  101.2491
    0.7594   -0.3163   -0.5686
    0.5219    0.8179    0.2421
    0.3885   -0.4806    0.7862
...    76 T-A ...
  -98.6485 -161.3994  103.6280
    0.8730    0.1853   -0.4512
    0.0681    0.8697    0.4888
    0.4830   -0.4574    0.7467
...    77 T-A ...
  -96.9927 -163.0078  105.8648
    0.7334    0.6557   -0.1792
   -0.4059    0.6339    0.6583
    0.5453   -0.4101    0.7311
...    78 C-G ...
  -95.0341 -164.2233  108.1202
    0.3319    0.9322    0.1445
   -0.7227    0.1528    0.6740
    0.6062   -0.3281    0.7244
...    79 A-T ...
  -92.8377 -165.0029  110.5116
   -0.1938    0.9128    0.3596
   -0.7364   -0.3775    0.5614
    0.6482   -0.1560    0.7453
...    80 T-A ...
  -90.3104 -165.0310  112.5904
   -0.5420    0.6111    0.5769
   -0.5277   -0.7817    0.3323
    0.6540   -0.1243    0.7462
...    81 G-C ...
  -88.4371 -165.4179  115.2942
   -0.7873    0.0682    0.6128
   -0.0839   -0.9965    0.0031
    0.6109   -0.0489    0.7902
...    82 T-A ...
  -86.5355 -164.9342  117.9934
   -0.7079   -0.4639    0.5326
    0.3518   -0.8855   -0.3036
    0.6124   -0.0275    0.7900
...    83 T-A ...
  -84.6701 -164.6516  120.6633
   -0.3235   -0.8914    0.3175
    0.6860   -0.4521   -0.5702
    0.6517    0.0333    0.7577
...    84 A-T ...
  -82.0088 -164.3949  122.7498
    0.2493   -0.9661   -0.0677
    0.6961    0.2274   -0.6810
    0.6733    0.1226    0.7291
...    85 T-A ...
  -80.2481 -164.2723  125.5421
    0.5737   -0.7167   -0.3965
    0.4569    0.6818   -0.5713
    0.6798    0.1466    0.7186
...    86 A-T ...
  -77.9555 -163.7937  127.8921
    0.6558   -0.2231   -0.7212
    0.0434    0.9649   -0.2591
    0.7537    0.1386    0.6425
...    87 A-T ...
  -75.4495 -163.5528  129.9006
    0.5256    0.3287   -0.7847
   -0.3241    0.9301    0.1725
    0.7866    0.1636    0.5954
...    88 C-G ...
  -72.6158 -163.4848  131.4748
    0.2280    0.7339   -0.6399
   -0.5296    0.6449    0.5510
    0.8170    0.2132    0.5357
...    89 G-C ...
  -69.9538 -162.3407  133.1072
   -0.2345    0.9075   -0.3484
   -0.5061    0.1920    0.8408
    0.8300    0.3735    0.4143
...    90 G-C ...
  -67.1559 -160.6344  133.9372
   -0.5547    0.8264    0.0965
   -0.2446   -0.2728    0.9305
    0.7953    0.4925    0.3534
...    91 A-T ...
  -64.6856 -158.7537  134.9887
   -0.6161    0.5005    0.6082
    0.1643   -0.6735    0.7207
    0.7704    0.5439    0.3327
...    92 T-A ...
  -62.4230 -156.4324  135.6508
   -0.4303    0.1021    0.8969
    0.4646   -0.8268    0.3170
    0.7739    0.5531    0.3083
...    93 T-A ...
  -60.0989 -154.3111  136.5226
   -0.0327   -0.3576    0.9333
    0.6244   -0.7365   -0.2603
    0.7804    0.5742    0.2473
...    94 A-T ...
  -57.1697 -152.6237  136.8354
    0.4449   -0.6990    0.5599
    0.4661   -0.3531   -0.8112
    0.7647    0.6219    0.1687
...    95 A-T ...
  -54.8298 -150.4998  137.6253
    0.6588   -0.7523   -0.0017
    0.0998    0.0897   -0.9910
    0.7457    0.6526    0.1342
...    96 C-G ...
  -52.3649 -148.5394  138.6114
    0.5906   -0.6183   -0.5185
   -0.2690    0.4550   -0.8489
    0.7608    0.6409    0.1024
...    97 A-T ...
  -49.8828 -146.3306  138.8073
    0.2376   -0.3496   -0.9063
   -0.5458    0.7237   -0.4223
    0.8035    0.5950   -0.0188
...    98 C-G ...
  -46.9403 -144.9305  138.7491
   -0.1239    0.0230   -0.9920
   -0.5848    0.8060    0.0917
    0.8016    0.5915   -0.0864
...    99 T-A ...
  -44.1971 -143.2431  138.1097
   -0.4859    0.3598   -0.7965
   -0.4147    0.7073    0.5725
    0.7694    0.6085   -0.1944
...   100 T-A ...
  -41.7109 -141.3974  137.2051
   -0.6691    0.6578   -0.3459
   -0.0638    0.4128    0.9086
    0.7405    0.6300   -0.2342
...   101 T-A ...
  -39.4093 -139.3927  136.1322
   -0.6076    0.7640    0.2170
    0.3348   -0.0014    0.9423
    0.7202    0.6452   -0.2549
...   102 A-T ...
  -37.1323 -137.1161  135.3017
   -0.3364    0.5932    0.7314
    0.6551   -0.4105    0.6343
    0.6765    0.6925   -0.2505
...   103 T-A ...
  -35.4640 -134.4988  134.1587
    0.0524    0.3178    0.9467
    0.7396   -0.6494    0.1770
    0.6711    0.6909   -0.2690
...   104 G-C ...
  -33.0645 -132.3608  133.3836
    0.4286   -0.1492    0.8911
    0.5929   -0.6978   -0.4019
    0.6818    0.7006   -0.2106
...   105 C-G ...
  -31.0096 -129.7980  132.9165
    0.6646   -0.5225    0.5341
    0.2628   -0.5057   -0.8217
    0.6995    0.6865   -0.1988
...   106 T-A ...
  -28.6772 -127.4779  132.5722
    0.6717   -0.7399    0.0370
   -0.1232   -0.1609   -0.9793
    0.7305    0.6532   -0.1992
...   107 T-A ...
  -26.2654 -125.3437  132.1894
    0.4848   -0.7045   -0.5183
   -0.4911    0.2710   -0.8279
    0.7237    0.6559   -0.2146
...   108 C-G ...
  -23.8379 -123.2729  131.5163
    0.0753   -0.4565   -0.8865
   -0.6816    0.6254   -0.3800
    0.7279    0.6328   -0.2640
...   109 C-G ...
  -21.1735 -121.4767  130.5251
   -0.3739   -0.1324   -0.9180
   -0.6069    0.7834    0.1342
    0.7013    0.6073   -0.3733
...   110 G-C ...
  -19.1292 -119.2638  129.1170
   -0.7379    0.2140   -0.6401
   -0.2830    0.7630    0.5812
    0.6128    0.6100   -0.5024
...   111 G-C ...
  -17.2927 -117.4254  126.9574
   -0.8347    0.5181   -0.1868
    0.1724    0.5679    0.8048
    0.5231    0.6395   -0.5634
...   112 C-G ...
  -15.9254 -115.4293  124.7085
   -0.6384    0.7088    0.3001
    0.6079    0.2252    0.7614
    0.4721    0.6686   -0.5746
...   113 T-A ...
  -14.7573 -113.1450  122.6181
   -0.2561    0.6867    0.6803
    0.8680   -0.1463    0.4745
    0.4254    0.7120   -0.5586
...   114 C-G ...
  -13.5113 -110.7038  120.8243
    0.2892    0.4602    0.8394
    0.8623   -0.5060   -0.0197
    0.4157    0.7295   -0.5431
...   115 G-C ...
  -11.7903 -108.4855  119.0310
    0.6805    0.0383    0.7317
    0.5700   -0.6552   -0.4958
    0.4604    0.7544   -0.4678
...   116 T-A ...
  -10.5311 -105.6250  117.9150
    0.8681   -0.3213    0.3784
    0.1344   -0.5818   -0.8021
    0.4779    0.7472   -0.4619
...   117 A-T ...
   -8.9643 -103.2505  116.1790
    0.7623   -0.6279   -0.1569
   -0.4074   -0.2772   -0.8702
    0.5029    0.7273   -0.4671
...   118 T-A ...
   -6.9419 -100.8445  115.2126
    0.4536   -0.6863   -0.5685
   -0.7362    0.0708   -0.6730
    0.5022    0.7238   -0.4731
...   119 A-T ...
   -5.2759  -98.5221  113.5227
   -0.0875   -0.5778   -0.8115
   -0.8555    0.4609   -0.2360
    0.5104    0.6736   -0.5346
...   120 A-T ...
   -3.4287  -96.5454  111.7418
   -0.5566   -0.2342   -0.7971
   -0.6611    0.7058    0.2543
    0.5030    0.6686   -0.5477
...   121 T-A ...
   -1.5033  -94.9129  109.6419
   -0.8187    0.1375   -0.5576
   -0.2959    0.7311    0.6147
    0.4922    0.6682   -0.5579
...   122 G-C ...
   -0.1339  -92.5847  107.6952
   -0.8975    0.4368   -0.0611
    0.2179    0.5594    0.7997
    0.3835    0.7044   -0.5972
...   123 T-A ...
    0.7600  -90.5451  105.2545
   -0.6725    0.6357    0.3791
    0.6507    0.2637    0.7121
    0.3527    0.7255   -0.5910
...   124 G-C ...
    1.8502  -87.9643  103.4639
   -0.2339    0.5948    0.7691
    0.9257   -0.1057    0.3632
    0.2974    0.7969   -0.5259
...   125 T-A ...
    2.1974  -85.2000  101.6807
    0.2666    0.4310    0.8621
    0.9167   -0.3895   -0.0888
    0.2976    0.8139   -0.4989
...   126 C-G ...
    3.1042  -82.4514  100.1601
    0.7389    0.0993    0.6664
    0.5971   -0.5548   -0.5794
    0.3122    0.8260   -0.4693
...   127 G-C ...
    4.4267  -79.9349   98.4196
    0.9083   -0.3073    0.2837
    0.1054   -0.4884   -0.8662
    0.4048    0.8167   -0.4113
...   128 A-T ...
    5.7938  -77.2351   97.1794
    0.7880   -0.5577   -0.2610
   -0.4384   -0.2105   -0.8738
    0.4323    0.8029   -0.4104
...   129 C-G ...
    7.6408  -74.6330   96.3045
    0.4376   -0.6049   -0.6652
   -0.7780    0.1162   -0.6175
    0.4508    0.7878   -0.4197
...   130 C-G ...
    9.4765  -72.1880   94.8916
   -0.0830   -0.5071   -0.8579
   -0.8812    0.4393   -0.1744
    0.4653    0.7415   -0.4834
...   131 A-T ...
   10.8629  -69.6925   93.1996
   -0.6042   -0.2403   -0.7597
   -0.6714    0.6670    0.3230
    0.4291    0.7053   -0.5643
...   132 A-T ...
   12.3706  -67.6261   91.1996
   -0.8760    0.1772   -0.4485
   -0.2190    0.6824    0.6974
    0.4297    0.7091   -0.5590
...   133 A-T ...
   13.7224  -65.5034   89.1516
   -0.8514    0.5241    0.0216
    0.3061    0.4629    0.8319
    0.4260    0.7148   -0.5545
...   134 T-A ...
   14.7283  -63.4124   86.8244
   -0.5924    0.6746    0.4405
    0.6886    0.1400    0.7115
    0.4183    0.7248   -0.5474
...   135 G-C ...
   15.7212  -61.4789   83.9377
    0.0342    0.7399    0.6718
    0.8637   -0.3601    0.3526
    0.5028    0.5682   -0.6514
...   136 T-A ...
   15.7740  -59.5466   80.8036
    0.5516    0.4996    0.6680
    0.6739   -0.7388   -0.0038
    0.4916    0.4523   -0.7442
...   137 G-C ...
   16.8281  -57.7077   78.2737
    0.8528   -0.0847    0.5152
    0.1508   -0.9047   -0.3984
    0.4999    0.4175   -0.7588
...   138 A-T ...
   18.4176  -55.5143   76.5362
    0.8547   -0.5007    0.1370
   -0.3189   -0.7148   -0.6224
    0.4096    0.4883   -0.7706
...   139 G-C ...
   20.4153  -54.2946   74.5496
    0.5847   -0.7389   -0.3350
   -0.7594   -0.3532   -0.5465
    0.2854    0.5739   -0.7676
...   140 C-G ...
   21.4164  -51.8108   72.7949
    0.1305   -0.7142   -0.6876
   -0.8897    0.2217   -0.3991
    0.4375    0.6639   -0.6065
...   141 G-C ...
   22.1407  -50.1331   67.4724
   -0.4682   -0.8748    0.1248
   -0.8495    0.4067   -0.3362
    0.2434   -0.2634   -0.9335
...   142 C-G ...
   22.3378  -51.2253   64.5019
   -0.8529   -0.5117   -0.1032
   -0.4974    0.8566   -0.1372
    0.1587   -0.0657   -0.9851
...   143 T-A ...
   24.0060  -51.6202   61.9332
   -0.9563    0.0399   -0.2897
    0.0522    0.9980   -0.0348
    0.2877   -0.0484   -0.9565
...   144 C-G ...
   24.8857  -52.7208   58.9947
   -0.7530    0.5560   -0.3520
    0.5213    0.8304    0.1966
    0.4016   -0.0355   -0.9151
...   145 A-T ...
   25.5174  -52.9611   55.8127
   -0.2441    0.9563   -0.1609
    0.8907    0.2867    0.3528
    0.3835   -0.0571   -0.9218
...   146 C-G ...
   25.2677  -52.4926   52.0870
    0.3203    0.9428   -0.0928
    0.8825   -0.2613    0.3910
    0.3444   -0.2071   -0.9157
...   147 A-T ...
   25.6133  -52.5733   48.6478
    0.8597    0.5097    0.0339
    0.4498   -0.7866    0.4230
    0.2423   -0.3484   -0.9055
