  147 base-pairs
...     1 T-A ...
    0.0000    0.0000    0.0000
    1.0000    0.0000    0.0000
    0.0000    1.0000    0.0000
    0.0000    0.0000    1.0000
...     2 G-C ...
   -0.5555   -1.1003    3.3981
    0.7749    0.6051    0.1828
   -0.5991    0.7953   -0.0929
   -0.2016   -0.0375    0.9787
...     3 T-A ...
   -0.6619   -3.0237    6.5348
    0.3046    0.9250    0.2271
   -0.8994    0.3578   -0.2510
   -0.3134   -0.1278    0.9410
...     4 G-C ...
   -1.1607   -3.8418    9.6940
   -0.3351    0.9421    0.0133
   -0.8752   -0.3061   -0.3746
   -0.3489   -0.1372    0.9271
...     5 A-T ...
   -1.3881   -3.6770   12.8999
   -0.7835    0.6162   -0.0801
   -0.5677   -0.7622   -0.3109
   -0.2527   -0.1981    0.9470
...     6 G-C ...
   -2.6236   -3.5448   15.7072
   -0.9923    0.0611   -0.1075
   -0.0294   -0.9610   -0.2748
   -0.1201   -0.2695    0.9555
...     7 C-G ...
   -2.3138   -3.7570   18.8866
   -0.8620   -0.4995   -0.0864
    0.5008   -0.8655    0.0073
   -0.0785   -0.0370    0.9962
...     8 G-C ...
   -3.9561   -6.8109   23.3205
   -0.2581   -0.3560   -0.8981
    0.6294   -0.7673    0.1233
   -0.7330   -0.5335    0.4221
...     9 C-G ...
   -6.1177   -8.9414   24.2385
    0.1143   -0.7320   -0.6716
    0.8123   -0.3203    0.4874
   -0.5720   -0.6013    0.5580
...    10 T-A ...
   -8.5041   -9.6771   26.0540
    0.4660   -0.8587   -0.2131
    0.6274    0.1508    0.7640
   -0.6239   -0.4897    0.6090
...    11 C-G ...
  -11.0625  -11.3174   27.2336
    0.6660   -0.6911    0.2808
    0.3382    0.6152    0.7121
   -0.6649   -0.3794    0.6435
...    12 A-T ...
  -13.0013  -13.1789   29.0658
    0.7188   -0.1490    0.6790
   -0.1787    0.9043    0.3876
   -0.6718   -0.4000    0.6235
...    13 C-G ...
  -14.1788  -15.9359   31.3399
    0.4052    0.2865    0.8682
   -0.5270    0.8492   -0.0343
   -0.7470   -0.4437    0.4951
...    14 A-T ...
  -15.9532  -18.1566   33.3080
   -0.1503    0.6873    0.7107
   -0.6106    0.5008   -0.6135
   -0.7776   -0.5261    0.3444
...    15 A-T ...
  -18.3007  -19.9688   34.6339
   -0.4796    0.8420    0.2470
   -0.4062    0.0364   -0.9130
   -0.7778   -0.5383    0.3246
...    16 T-A ...
  -20.6229  -21.5811   36.3105
   -0.6131    0.7519   -0.2426
   -0.1065   -0.3830   -0.9176
   -0.7828   -0.5367    0.3149
...    17 T-A ...
  -23.1679  -23.1634   37.5300
   -0.5513    0.4263   -0.7172
    0.2561   -0.7316   -0.6318
   -0.7940   -0.5320    0.2941
...    18 T-A ...
  -25.8480  -24.6567   38.5457
   -0.2927   -0.0287   -0.9558
    0.5156   -0.8465   -0.1325
   -0.8052   -0.5316    0.2626
...    19 A-T ...
  -28.7032  -26.2611   39.1047
    0.1392   -0.4031   -0.9045
    0.5586   -0.7222    0.4078
   -0.8177   -0.5620    0.1247
...    20 T-A ...
  -31.6587  -27.6776   39.0236
    0.4123   -0.6956   -0.5883
    0.4092   -0.4355    0.8018
   -0.8140   -0.5713    0.1051
...    21 T-A ...
  -34.3610  -29.4661   39.0533
    0.5781   -0.8146   -0.0473
    0.1026    0.0150    0.9946
   -0.8095   -0.5799    0.0923
...    22 C-G ...
  -36.9053  -31.5078   39.2164
    0.5569   -0.6397    0.5298
   -0.2674    0.4658    0.8435
   -0.7864   -0.6114    0.0883
...    23 G-C ...
  -39.5324  -33.4411   39.8540
    0.3945   -0.2186    0.8925
   -0.5608    0.7122    0.4223
   -0.7279   -0.6671    0.1583
...    24 C-G ...
  -41.6220  -35.9578   40.3444
    0.0581    0.2243    0.9728
   -0.6943    0.7093   -0.1221
   -0.7173   -0.6683    0.1969
...    25 A-T ...
  -44.1195  -38.0450   40.9687
   -0.2780    0.6391    0.7172
   -0.6262    0.4456   -0.6398
   -0.7284   -0.6269    0.2763
...    26 A-T ...
  -46.3222  -40.1430   42.0979
   -0.5862    0.7750    0.2361
   -0.3577    0.0139   -0.9337
   -0.7270   -0.6318    0.2690
...    27 A-T ...
  -48.6349  -42.1103   43.2354
   -0.6854    0.6506   -0.3271
    0.0353   -0.4189   -0.9073
   -0.7274   -0.6334    0.2641
...    28 G-C ...
  -51.1523  -43.9514   44.3018
   -0.5177    0.3861   -0.7635
    0.3783   -0.6972   -0.6090
   -0.7674   -0.6041    0.2149
...    29 G-C ...
  -53.9736  -45.6507   44.9960
   -0.1675    0.0135   -0.9858
    0.5759   -0.8102   -0.1090
   -0.8002   -0.5860    0.1280
...    30 C-G ...
  -56.8652  -47.2222   45.2157
    0.2072   -0.3896   -0.8974
    0.5641   -0.7018    0.4350
   -0.7992   -0.5964    0.0743
...    31 C-G ...
  -59.6734  -49.0913   45.0409
    0.5442   -0.6449   -0.5366
    0.3490   -0.4076    0.8438
   -0.7629   -0.6465    0.0033
...    32 G-C ...
  -62.0126  -51.4437   45.2396
    0.7323   -0.6810    0.0066
   -0.0276   -0.0201    0.9994
   -0.6805   -0.7320   -0.0335
...    33 G-C ...
  -64.1006  -54.0577   44.7601
    0.6644   -0.5218    0.5351
   -0.4275    0.3219    0.8447
   -0.6130   -0.7900   -0.0092
...    34 C-G ...
  -65.7957  -56.8752   44.4646
    0.3632   -0.2292    0.9031
   -0.7252    0.5390    0.4285
   -0.5850   -0.8105    0.0296
...    35 C-G ...
  -67.4326  -59.8156   44.6234
   -0.0253    0.1626    0.9864
   -0.8223    0.5577   -0.1130
   -0.5685   -0.8140    0.1196
...    36 C-G ...
  -69.0899  -62.6646   45.2912
   -0.4086    0.5024    0.7620
   -0.6997    0.3637   -0.6149
   -0.5861   -0.7844    0.2029
...    37 G-C ...
  -71.3519  -65.0543   45.7920
   -0.6591    0.6991    0.2772
   -0.3885   -0.0010   -0.9214
   -0.6439   -0.7150    0.2723
...    38 A-T ...
  -73.4726  -67.3291   46.7978
   -0.7437    0.5891   -0.3160
    0.0567   -0.4154   -0.9079
   -0.6661   -0.6931    0.2756
...    39 C-G ...
  -75.8546  -69.1861   48.1543
   -0.5942    0.3052   -0.7442
    0.4240   -0.6673   -0.6123
   -0.6835   -0.6794    0.2671
...    40 A-T ...
  -78.0770  -71.5354   48.8745
   -0.1943   -0.0643   -0.9788
    0.6656   -0.7417   -0.0834
   -0.7206   -0.6677    0.1870
...    41 C-G ...
  -80.8666  -73.2765   49.2944
    0.1926   -0.4213   -0.8863
    0.6675   -0.6058    0.4330
   -0.7193   -0.6750    0.1645
...    42 G-C ...
  -83.0090  -75.7294   49.9613
    0.6041   -0.6017   -0.5225
    0.4455   -0.2886    0.8475
   -0.6607   -0.7448    0.0937
...    43 A-T ...
  -85.2061  -78.1347   50.1424
    0.7803   -0.6232    0.0523
    0.0198    0.1083    0.9939
   -0.6251   -0.7745    0.0968
...    44 C-G ...
  -87.0752  -80.8278   49.8535
    0.7096   -0.4464    0.5451
   -0.3842    0.4034    0.8305
   -0.5906   -0.7987    0.1148
...    45 T-A ...
  -88.7175  -83.6750   50.0743
    0.4643   -0.1117    0.8786
   -0.7056    0.5529    0.4432
   -0.5353   -0.8257    0.1779
...    46 T-A ...
  -90.2123  -86.4900   50.6112
    0.0158    0.2349    0.9719
   -0.8508    0.5137   -0.1103
   -0.5252   -0.8252    0.2079
...    47 A-T ...
  -91.8939  -89.1982   51.5142
   -0.4031    0.5615    0.7227
   -0.7419    0.2619   -0.6173
   -0.5359   -0.7850    0.3110
...    48 C-G ...
  -93.2689  -91.7532   53.0813
   -0.7106    0.6386    0.2954
   -0.4455   -0.0833   -0.8914
   -0.5447   -0.7650    0.3437
...    49 T-A ...
  -95.0958  -94.0666   54.5678
   -0.8139    0.5354   -0.2257
   -0.0347   -0.4325   -0.9010
   -0.5799   -0.7255    0.3706
...    50 G-C ...
  -97.1529  -96.4918   55.4923
   -0.6508    0.2369   -0.7214
    0.4155   -0.6841   -0.5995
   -0.6355   -0.6899    0.3467
...    51 T-A ...
  -99.6149  -98.2898   56.8401
   -0.3350   -0.1499   -0.9302
    0.6949   -0.7061   -0.1365
   -0.6363   -0.6921    0.3407
...    52 A-T ...
 -101.5187 -100.7600   58.0457
    0.1536   -0.5544   -0.8180
    0.7667   -0.4554    0.4526
   -0.6234   -0.6966    0.3551
...    53 G-C ...
 -103.7835 -102.9872   58.9743
    0.5665   -0.6645   -0.4873
    0.5873   -0.0893    0.8045
   -0.5781   -0.7419    0.3397
...    54 G-C ...
 -105.8852 -105.5016   59.8002
    0.8474   -0.5303   -0.0259
    0.2036    0.2796    0.9383
   -0.4904   -0.8004    0.3449
...    55 T-A ...
 -107.4102 -108.3552   60.3445
    0.8630   -0.2675    0.4286
   -0.2497    0.5117    0.8221
   -0.4392   -0.8165    0.3748
...    56 A-T ...
 -108.4313 -111.3413   61.4280
    0.6858    0.1859    0.7036
   -0.6698    0.5394    0.5103
   -0.2847   -0.8212    0.4945
...    57 T-A ...
 -108.7523 -114.2681   62.8257
    0.2832    0.4565    0.8434
   -0.9233    0.3676    0.1111
   -0.2594   -0.8102    0.5256
...    58 C-G ...
 -109.4394 -116.7986   64.7358
   -0.2753    0.6285    0.7274
   -0.9327    0.0086   -0.3605
   -0.2329   -0.7778    0.5838
...    59 T-A ...
 -109.9527 -119.1557   66.9731
   -0.7019    0.5865    0.4041
   -0.6731   -0.3607   -0.6456
   -0.2328   -0.7252    0.6480
...    60 C-G ...
 -110.8149 -121.3415   69.2503
   -0.9617    0.2694   -0.0502
   -0.1466   -0.6607   -0.7362
   -0.2315   -0.7006    0.6749
...    61 G-C ...
 -111.7472 -123.9335   71.1248
   -0.8657   -0.1197   -0.4861
    0.4092   -0.7285   -0.5494
   -0.2883   -0.6745    0.6797
...    62 A-T ...
 -112.7367 -126.0446   73.4467
   -0.4576   -0.5346   -0.7104
    0.8456   -0.5087   -0.1619
   -0.2749   -0.6748    0.6849
...    63 G-C ...
 -113.9329 -128.1648   75.6978
    0.0642   -0.6965   -0.7147
    0.9667   -0.1343    0.2177
   -0.2476   -0.7049    0.6647
...    64 C-G ...
 -115.1328 -130.4354   77.7903
    0.5854   -0.6225   -0.5194
    0.7865    0.2806    0.5502
   -0.1967   -0.7306    0.6539
...    65 T-A ...
 -115.8857 -133.0315   79.6801
    0.9172   -0.3267   -0.2282
    0.3832    0.5663    0.7297
   -0.1091   -0.7567    0.6446
...    66 C-G ...
 -116.2149 -135.5583   81.6893
    0.9802    0.1139    0.1619
   -0.1967    0.6514    0.7328
   -0.0219   -0.7502    0.6609
...    67 G-C ...
 -116.1042 -137.8588   84.0760
    0.7254    0.5734    0.3807
   -0.6708    0.4652    0.5776
    0.1541   -0.6744    0.7221
...    68 G-C ...
 -114.9840 -139.9797   86.4268
    0.2535    0.8122    0.5254
   -0.9341    0.0642    0.3513
    0.2516   -0.5798    0.7750
...    69 G-C ...
 -113.6693 -141.4540   89.1564
   -0.2974    0.7800    0.5506
   -0.9066   -0.4115    0.0931
    0.2992   -0.4715    0.8295
...    70 A-T ...
 -112.6533 -142.7345   91.9986
   -0.7741    0.4025    0.4886
   -0.5490   -0.8112   -0.2015
    0.3153   -0.4242    0.8489
...    71 T-A ...
 -111.3709 -143.4613   94.9655
   -0.9349   -0.0793    0.3460
   -0.0763   -0.9071   -0.4140
    0.3466   -0.4134    0.8420
...    72 C-G ...
 -110.3291 -144.7076   97.8269
   -0.7892   -0.6118    0.0536
    0.4957   -0.6861   -0.5325
    0.3625   -0.3937    0.8447
...    73 C-G ...
 -109.3124 -145.9026  100.8163
   -0.4036   -0.8723   -0.2761
    0.8434   -0.2378   -0.4817
    0.3545   -0.4273    0.8317
...    74 G-C ...
 -107.6523 -147.1648  103.4063
    0.1010   -0.8187   -0.5652
    0.9098    0.3060   -0.2805
    0.4026   -0.4859    0.7758
...    75 C-G ...
 -106.6969 -148.8690  106.0651
    0.5431   -0.5010   -0.6738
    0.7035    0.7096    0.0395
    0.4584   -0.4955    0.7379
...    76 T-A ...
 -105.2701 -150.7875  108.3166
    0.7697   -0.0297   -0.6378
    0.3343    0.8698    0.3629
    0.5439   -0.4925    0.6794
...    77 T-A ...
 -103.4861 -152.5406  110.3342
    0.7837    0.4751   -0.4001
   -0.1239    0.7508    0.6489
    0.6087   -0.4589    0.6472
...    78 T-A ...
 -101.3712 -154.0741  112.1988
    0.5458    0.8364   -0.0506
   -0.5047    0.3763    0.7770
    0.6689   -0.3985    0.6275
...    79 A-T ...
  -98.5997 -155.0700  113.7915
    0.0762    0.9781    0.1937
   -0.6454   -0.0997    0.7573
    0.7600   -0.1827    0.6237
...    80 A-T ...
  -95.9623 -155.4145  115.6219
   -0.3097    0.7688    0.5595
   -0.5498   -0.6249    0.5543
    0.7757   -0.1359    0.6162
...    81 C-G ...
  -93.1803 -155.2161  117.4103
   -0.5590    0.3426    0.7551
   -0.2804   -0.9351    0.2167
    0.7803   -0.0906    0.6188
...    82 A-T ...
  -90.7160 -155.6559  119.5587
   -0.6493   -0.2468    0.7194
    0.1273   -0.9678   -0.2172
    0.7498   -0.0494    0.6598
...    83 C-G ...
  -88.4474 -155.2533  121.9963
   -0.4718   -0.7187    0.5107
    0.4536   -0.6946   -0.5584
    0.7560   -0.0318    0.6538
...    84 T-A ...
  -86.1429 -155.2394  124.3867
   -0.1679   -0.9769    0.1326
    0.6280   -0.2096   -0.7495
    0.7599   -0.0426    0.6486
...    85 T-A ...
  -83.8749 -155.2639  126.7248
    0.2480   -0.9221   -0.2971
    0.5825    0.3870   -0.7148
    0.7741    0.0042    0.6331
...    86 T-A ...
  -81.5176 -155.3480  128.9484
    0.5235   -0.5463   -0.6539
    0.3182    0.8373   -0.4447
    0.7904    0.0247    0.6121
...    87 A-T ...
  -78.8367 -155.5495  130.8942
    0.4730   -0.0248   -0.8807
   -0.0001    0.9996   -0.0282
    0.8811    0.0134    0.4728
...    88 T-A ...
  -75.9162 -156.1245  132.1961
    0.3658    0.4602   -0.8089
   -0.2260    0.8871    0.4025
    0.9028    0.0356    0.4285
...    89 C-G ...
  -72.9052 -155.9646  133.3504
    0.0926    0.8689   -0.4862
   -0.3599    0.4845    0.7973
    0.9284    0.1012    0.3576
...    90 A-T ...
  -69.7525 -155.3621  134.2861
   -0.2563    0.9655   -0.0451
   -0.2793   -0.0293    0.9598
    0.9254    0.2586    0.2772
...    91 T-A ...
  -66.6679 -154.2846  134.5056
   -0.3774    0.8207    0.4289
   -0.0928   -0.4944    0.8643
    0.9214    0.2864    0.2627
...    92 G-C ...
  -63.7661 -153.1567  135.6494
   -0.4312    0.3751    0.8206
    0.1982   -0.8479    0.4917
    0.8802    0.3746    0.2913
...    93 T-A ...
  -61.0953 -151.3187  136.4363
   -0.2594   -0.1221    0.9580
    0.4105   -0.9118   -0.0051
    0.8742    0.3919    0.2867
...    94 T-A ...
  -58.4149 -149.6856  137.3418
    0.0848   -0.6001    0.7954
    0.4726   -0.6786   -0.5623
    0.8772    0.4236    0.2261
...    95 A-T ...
  -55.2979 -148.3692  137.5015
    0.4264   -0.8659    0.2614
    0.2692   -0.1543   -0.9506
    0.8635    0.4757    0.1673
...    96 T-A ...
  -52.6246 -146.8416  138.6960
    0.5125   -0.8200   -0.2550
   -0.0021    0.2958   -0.9553
    0.8587    0.4901    0.1499
...    97 A-T ...
  -49.7781 -145.1696  139.0659
    0.3456   -0.5382   -0.7687
   -0.3084    0.7085   -0.6348
    0.8863    0.4564    0.0789
...    98 A-T ...
  -46.8211 -143.9067  139.3360
    0.0768   -0.0806   -0.9938
   -0.4520    0.8856   -0.1067
    0.8887    0.4574    0.0316
...    99 C-G ...
  -43.6988 -142.9810  139.2171
   -0.2231    0.3454   -0.9115
   -0.4158    0.8121    0.4095
    0.8817    0.4703   -0.0375
...   100 G-C ...
  -40.9735 -141.0935  138.8886
   -0.5522    0.6365   -0.5384
   -0.1778    0.5410    0.8220
    0.8145    0.5497   -0.1856
...   101 G-C ...
  -38.4956 -139.1358  137.6722
   -0.6459    0.7634   -0.0042
    0.1901    0.1662    0.9676
    0.7393    0.6242   -0.2525
...   102 A-T ...
  -36.2575 -136.9424  136.7113
   -0.4384    0.6980    0.5663
    0.5600   -0.2807    0.7795
    0.7030    0.6589   -0.2678
...   103 T-A ...
  -34.4607 -134.4997  135.3963
   -0.0851    0.4693    0.8789
    0.7122   -0.5883    0.3830
    0.6968    0.6585   -0.2841
...   104 G-C ...
  -31.9956 -132.4196  134.6419
    0.3045    0.0085    0.9525
    0.6534   -0.7295   -0.2024
    0.6931    0.6839   -0.2277
...   105 C-G ...
  -29.9267 -129.8784  134.0647
    0.5993   -0.4071    0.6892
    0.3808   -0.6124   -0.6928
    0.7042    0.6777   -0.2120
...   106 T-A ...
  -27.6286 -127.5219  133.6560
    0.6838   -0.6936    0.2267
    0.0061   -0.3052   -0.9523
    0.7297    0.6525   -0.2044
...   107 T-A ...
  -25.2663 -125.3283  133.2548
    0.5720   -0.7383   -0.3573
   -0.3986    0.1304   -0.9078
    0.7169    0.6617   -0.2197
...   108 C-G ...
  -22.8778 -123.1960  132.5874
    0.1987   -0.5565   -0.8068
   -0.6619    0.5309   -0.5292
    0.7228    0.6391   -0.2629
...   109 C-G ...
  -20.2257 -121.3319  131.6888
   -0.2620   -0.2600   -0.9294
   -0.6576    0.7530   -0.0253
    0.7064    0.6045   -0.3683
...   110 G-C ...
  -18.1533 -119.1311  130.2798
   -0.6752    0.0959   -0.7314
   -0.3860    0.7990    0.4611
    0.6286    0.5936   -0.5025
...   111 G-C ...
  -16.1997 -117.3907  128.1433
   -0.8389    0.4395   -0.3212
    0.0548    0.6552    0.7534
    0.5415    0.6144   -0.5737
...   112 C-G ...
  -14.7311 -115.5328  125.8365
   -0.7058    0.6891    0.1642
    0.5134    0.3380    0.7887
    0.4880    0.6410   -0.5924
...   113 T-A ...
  -13.4999 -113.3700  123.6495
   -0.3615    0.7269    0.5839
    0.8251   -0.0422    0.5634
    0.4341    0.6855   -0.5845
...   114 C-G ...
  -12.2372 -111.0089  121.7567
    0.1812    0.5514    0.8143
    0.8895   -0.4450    0.1034
    0.4194    0.7057   -0.5711
...   115 G-C ...
  -10.4932 -108.8206  119.9328
    0.6105    0.1473    0.7782
    0.6511   -0.6528   -0.3872
    0.4510    0.7431   -0.4944
...   116 T-A ...
   -9.3260 -105.9741  118.6699
    0.8528   -0.2283    0.4698
    0.2360   -0.6340   -0.7364
    0.4660    0.7388   -0.4868
...   117 A-T ...
   -7.8056 -103.6621  116.7866
    0.8124   -0.5794   -0.0657
   -0.3322   -0.3674   -0.8687
    0.4792    0.7275   -0.4910
...   118 T-A ...
   -5.9044 -101.1789  115.7585
    0.5329   -0.6873   -0.4936
   -0.6990   -0.0288   -0.7145
    0.4768    0.7258   -0.4958
...   119 A-T ...
   -4.3989  -98.8094  113.9660
   -0.0082   -0.6185   -0.7858
   -0.8735    0.3870   -0.2954
    0.4868    0.6839   -0.5434
...   120 A-T ...
   -2.6189  -96.7746  112.1783
   -0.5039   -0.3029   -0.8089
   -0.7177    0.6679    0.1970
    0.4807    0.6798   -0.5540
...   121 T-A ...
   -0.7183  -95.0916  110.0923
   -0.8016    0.0630   -0.5945
   -0.3681    0.7316    0.5738
    0.4711    0.6788   -0.5633
...   122 G-C ...
    0.5796  -92.7251  108.1346
   -0.9181    0.3810   -0.1089
    0.1543    0.5969    0.7873
    0.3650    0.7061   -0.6068
...   123 T-A ...
    1.4415  -90.7071  105.6577
   -0.7185    0.6092    0.3356
    0.6102    0.3206    0.7245
    0.3338    0.7253   -0.6021
...   124 G-C ...
    2.4683  -88.1212  103.8262
   -0.2857    0.6052    0.7431
    0.9183   -0.0489    0.3928
    0.2741    0.7946   -0.5418
...   125 T-A ...
    2.7342  -85.3901  101.9696
    0.2238    0.4673    0.8553
    0.9355   -0.3492   -0.0540
    0.2734    0.8122   -0.5153
...   126 C-G ...
    3.5576  -82.6468  100.3825
    0.7188    0.1492    0.6790
    0.6329   -0.5445   -0.5504
    0.2876    0.8254   -0.4858
...   127 G-C ...
    4.8102  -80.1169   98.5917
    0.9142   -0.2640    0.3076
    0.1402   -0.5061   -0.8510
    0.3803    0.8211   -0.4256
...   128 A-T ...
    6.0968  -77.3974   97.2978
    0.8114   -0.5345   -0.2365
   -0.4174   -0.2468   -0.8746
    0.4091    0.8084   -0.4233
...   129 C-G ...
    7.8599  -74.7454   96.3880
    0.4653   -0.6035   -0.6475
   -0.7742    0.0772   -0.6282
    0.4291    0.7936   -0.4313
...   130 C-G ...
    9.6187  -72.2694   94.9276
   -0.0610   -0.5230   -0.8501
   -0.8920    0.4108   -0.1887
    0.4479    0.7468   -0.4916
...   131 A-T ...
   10.9175  -69.7403   93.2058
   -0.5945   -0.2604   -0.7607
   -0.6880    0.6544    0.3137
    0.4162    0.7099   -0.5682
...   132 A-T ...
   12.3910  -67.6504   91.1999
   -0.8769    0.1622   -0.4525
   -0.2320    0.6815    0.6940
    0.4210    0.7136   -0.5600
...   133 A-T ...
   13.7259  -65.5109   89.1530
   -0.8546    0.5190    0.0194
    0.3015    0.4653    0.8322
    0.4229    0.7171   -0.5541
...   134 T-A ...
   14.7283  -63.4124   86.8245
   -0.5924    0.6746    0.4405
    0.6886    0.1400    0.7115
    0.4183    0.7248   -0.5474
...   135 G-C ...
   15.7211  -61.4789   83.9378
    0.0342    0.7399    0.6718
    0.8637   -0.3601    0.3526
    0.5028    0.5682   -0.6514
...   136 T-A ...
   15.7739  -59.5465   80.8036
    0.5516    0.4996    0.6680
    0.6739   -0.7388   -0.0038
    0.4916    0.4523   -0.7442
...   137 G-C ...
   16.8280  -57.7077   78.2738
    0.8528   -0.0847    0.5152
    0.1508   -0.9047   -0.3984
    0.4999    0.4175   -0.7588
...   138 A-T ...
   18.4176  -55.5143   76.5363
    0.8547   -0.5007    0.1370
   -0.3189   -0.7148   -0.6224
    0.4096    0.4883   -0.7706
...   139 G-C ...
   20.4152  -54.2946   74.5497
    0.5847   -0.7389   -0.3350
   -0.7594   -0.3532   -0.5465
    0.2854    0.5739   -0.7676
...   140 C-G ...
   21.4164  -51.8108   72.7950
    0.1305   -0.7142   -0.6876
   -0.8897    0.2217   -0.3991
    0.4375    0.6639   -0.6065
...   141 G-C ...
   22.1407  -50.1332   67.4725
   -0.4682   -0.8748    0.1248
   -0.8495    0.4067   -0.3362
    0.2434   -0.2634   -0.9335
...   142 C-G ...
   22.3378  -51.2253   64.5019
   -0.8529   -0.5117   -0.1032
   -0.4974    0.8566   -0.1372
    0.1587   -0.0657   -0.9851
...   143 T-A ...
   24.0060  -51.6203   61.9333
   -0.9563    0.0399   -0.2897
    0.0522    0.9980   -0.0348
    0.2877   -0.0484   -0.9565
...   144 C-G ...
   24.8857  -52.7208   58.9948
   -0.7530    0.5560   -0.3520
    0.5213    0.8304    0.1966
    0.4016   -0.0355   -0.9151
...   145 A-T ...
   25.5174  -52.9611   55.8127
   -0.2441    0.9563   -0.1609
    0.8907    0.2867    0.3528
    0.3835   -0.0571   -0.9218
...   146 C-G ...
   25.2678  -52.4926   52.0871
    0.3203    0.9428   -0.0928
    0.8825   -0.2613    0.3910
    0.3444   -0.2071   -0.9157
...   147 A-T ...
   25.6133  -52.5733   48.6479
    0.8597    0.5097    0.0339
    0.4498   -0.7866    0.4230
    0.2423   -0.3484   -0.9055
