  147 base-pairs
...     1 T-A ...
    0.0000    0.0000    0.0000
    1.0000    0.0000    0.0000
    0.0000    1.0000    0.0000
    0.0000    0.0000    1.0000
...     2 G-C ...
   -0.5555   -1.1003    3.3981
    0.7749    0.6051    0.1828
   -0.5991    0.7953   -0.0929
   -0.2016   -0.0375    0.9787
...     3 T-A ...
   -0.6619   -3.0237    6.5348
    0.3046    0.9250    0.2271
   -0.8994    0.3578   -0.2510
   -0.3134   -0.1278    0.9410
...     4 G-C ...
   -1.1607   -3.8418    9.6940
   -0.3351    0.9421    0.0133
   -0.8752   -0.3061   -0.3746
   -0.3489   -0.1372    0.9271
...     5 A-T ...
   -1.3881   -3.6770   12.8999
   -0.7835    0.6162   -0.0801
   -0.5677   -0.7622   -0.3109
   -0.2527   -0.1981    0.9470
...     6 G-C ...
   -2.6236   -3.5448   15.7072
   -0.9923    0.0611   -0.1075
   -0.0294   -0.9610   -0.2748
   -0.1201   -0.2695    0.9555
...     7 C-G ...
   -2.3138   -3.7570   18.8866
   -0.8620   -0.4995   -0.0864
    0.5008   -0.8655    0.0073
   -0.0785   -0.0370    0.9962
...     8 G-C ...
   -3.9561   -6.8109   23.3205
   -0.2581   -0.3560   -0.8981
    0.6294   -0.7673    0.1233
   -0.7330   -0.5335    0.4221
...     9 C-G ...
   -6.1177   -8.9414   24.2385
    0.1143   -0.7320   -0.6716
    0.8123   -0.3203    0.4874
   -0.5720   -0.6013    0.5580
...    10 T-A ...
   -8.5041   -9.6771   26.0540
    0.4660   -0.8587   -0.2131
    0.6274    0.1508    0.7640
   -0.6239   -0.4897    0.6090
...    11 C-G ...
  -11.0625  -11.3174   27.2336
    0.6660   -0.6911    0.2808
    0.3382    0.6152    0.7121
   -0.6649   -0.3794    0.6435
...    12 A-T ...
  -13.0013  -13.1789   29.0658
    0.7188   -0.1490    0.6790
   -0.1787    0.9043    0.3876
   -0.6718   -0.4000    0.6235
...    13 C-G ...
  -14.1788  -15.9359   31.3399
    0.4052    0.2865    0.8682
   -0.5270    0.8492   -0.0343
   -0.7470   -0.4437    0.4951
...    14 A-T ...
  -15.9532  -18.1566   33.3080
   -0.1503    0.6873    0.7107
   -0.6106    0.5008   -0.6135
   -0.7776   -0.5261    0.3444
...    15 A-T ...
  -18.2972  -19.9771   34.6345
   -0.4856    0.8389    0.2458
   -0.4042    0.0338   -0.9141
   -0.7752   -0.5432    0.3226
...    16 T-A ...
  -20.6117  -21.6118   36.3073
   -0.6207    0.7448   -0.2452
   -0.0994   -0.3848   -0.9176
   -0.7778   -0.5452    0.3129
...    17 T-A ...
  -23.1373  -23.2299   37.5259
   -0.5566    0.4145   -0.7200
    0.2703   -0.7291   -0.6287
   -0.7856   -0.5446    0.2938
...    18 T-A ...
  -25.7898  -24.7721   38.5446
   -0.2897   -0.0400   -0.9563
    0.5334   -0.8363   -0.1266
   -0.7947   -0.5467    0.2636
...    19 A-T ...
  -28.6020  -26.4470   39.1174
    0.1519   -0.4069   -0.9008
    0.5746   -0.7051    0.4154
   -0.8042   -0.5807    0.1267
...    20 T-A ...
  -31.5185  -27.9391   39.0387
    0.4331   -0.6889   -0.5813
    0.4173   -0.4184    0.8067
   -0.7989   -0.5920    0.1062
...    21 T-A ...
  -34.1648  -29.8065   39.0765
    0.6036   -0.7963   -0.0392
    0.0974    0.0248    0.9949
   -0.7913   -0.6044    0.0925
...    22 C-G ...
  -36.6374  -31.9330   39.2454
    0.5762   -0.6164    0.5367
   -0.2878    0.4616    0.8391
   -0.7650   -0.6379    0.0886
...    23 G-C ...
  -39.1848  -33.9717   39.8943
    0.3971   -0.1974    0.8963
   -0.5915    0.6917    0.4144
   -0.7018   -0.6947    0.1580
...    24 C-G ...
  -41.1706  -36.5710   40.4003
    0.0406    0.2326    0.9717
   -0.7231    0.6779   -0.1321
   -0.6895   -0.6973    0.1957
...    25 A-T ...
  -43.5885  -38.7538   41.0170
   -0.3165    0.6297    0.7094
   -0.6389    0.4113   -0.6501
   -0.7012   -0.6590    0.2722
...    26 A-T ...
  -45.6996  -40.9539   42.1334
   -0.6298    0.7445    0.2217
   -0.3437   -0.0110   -0.9390
   -0.6966   -0.6676    0.2628
...    27 A-T ...
  -47.9173  -43.0415   43.2513
   -0.7166    0.6067   -0.3441
    0.0753   -0.4231   -0.9029
   -0.6934   -0.6730    0.2575
...    28 G-C ...
  -50.3360  -45.0289   44.2916
   -0.5263    0.3457   -0.7769
    0.4326   -0.6777   -0.5946
   -0.7320   -0.6490    0.2071
...    29 G-C ...
  -53.0448  -46.9107   44.9651
   -0.1478   -0.0080   -0.9890
    0.6307   -0.7710   -0.0880
   -0.7618   -0.6367    0.1190
...    30 C-G ...
  -55.8290  -48.6706   45.1559
    0.2530   -0.3840   -0.8880
    0.6018   -0.6562    0.4552
   -0.7575   -0.6496    0.0651
...    31 C-G ...
  -58.4973  -50.7318   44.9521
    0.6015   -0.6096   -0.5164
    0.3582   -0.3720    0.8563
   -0.7141   -0.7000   -0.0054
...    32 G-C ...
  -60.6614  -53.2524   45.1210
    0.7816   -0.6229    0.0318
   -0.0502   -0.0119    0.9987
   -0.6217   -0.7822   -0.0406
...    33 G-C ...
  -62.5184  -56.0332   44.6265
    0.6896   -0.4621    0.5576
   -0.4733    0.2952    0.8300
   -0.5482   -0.8362   -0.0151
...    34 C-G ...
  -63.9672  -58.9863   44.3291
    0.3556   -0.1901    0.9151
   -0.7782    0.4821    0.4025
   -0.5177   -0.8553    0.0235
...    35 C-G ...
  -65.3626  -62.0492   44.4945
   -0.0690    0.1690    0.9832
   -0.8627    0.4848   -0.1439
   -0.5010   -0.8581    0.1124
...    36 C-G ...
  -66.7999  -65.0193   45.1524
   -0.4768    0.4712    0.7420
   -0.7079    0.2946   -0.6420
   -0.5211   -0.8314    0.1930
...    37 G-C ...
  -68.8608  -67.6003   45.5952
   -0.7316    0.6365    0.2441
   -0.3517   -0.0457   -0.9350
   -0.5839   -0.7700    0.2573
...    38 A-T ...
  -70.7899  -70.0651   46.5485
   -0.7844    0.5102   -0.3526
    0.1333   -0.4164   -0.8993
   -0.6057   -0.7525    0.2586
...    39 C-G ...
  -73.0285  -72.1408   47.8373
   -0.5902    0.2360   -0.7720
    0.5142   -0.6273   -0.5849
   -0.6224   -0.7421    0.2489
...    40 A-T ...
  -75.0198  -74.7060   48.5051
   -0.1434   -0.0952   -0.9851
    0.7420   -0.6690   -0.0434
   -0.6549   -0.7371    0.1666
...    41 C-G ...
  -77.6274  -76.7251   48.8361
    0.2762   -0.4082   -0.8701
    0.7073   -0.5266    0.4716
   -0.6507   -0.7457    0.1433
...    42 G-C ...
  -79.5302  -79.3864   49.4451
    0.6901   -0.5370   -0.4852
    0.4339   -0.2296    0.8712
   -0.5792   -0.8118    0.0745
...    43 A-T ...
  -81.4508  -82.0216   49.5614
    0.8414   -0.5314    0.0982
   -0.0407    0.1188    0.9921
   -0.5389   -0.8387    0.0784
...    44 C-G ...
  -82.9876  -84.9117   49.2223
    0.7274   -0.3578    0.5856
   -0.4686    0.3643    0.8048
   -0.5013   -0.8598    0.0974
...    45 T-A ...
  -84.3029  -87.9281   49.4059
    0.4270   -0.0497    0.9029
   -0.7873    0.4707    0.3982
   -0.4448   -0.8809    0.1619
...    46 T-A ...
  -85.4877  -90.8950   49.9047
   -0.0669    0.2416    0.9681
   -0.8977    0.4089   -0.1641
   -0.4355   -0.8800    0.1895
...    47 A-T ...
  -86.9294  -93.7698   50.7134
   -0.5195    0.5065    0.6882
   -0.7247    0.1655   -0.6689
   -0.4527   -0.8462    0.2811
...    48 C-G ...
  -88.0762  -96.4833   52.2063
   -0.8065    0.5409    0.2386
   -0.3661   -0.1402   -0.9199
   -0.4642   -0.8293    0.3111
...    49 T-A ...
  -89.6875  -99.0225   53.5762
   -0.8592    0.4219   -0.2894
    0.0901   -0.4321   -0.8973
   -0.5037   -0.7970    0.3333
...    50 G-C ...
  -91.4509 -101.7136   54.3674
   -0.6206    0.1463   -0.7703
    0.5497   -0.6194   -0.5605
   -0.5591   -0.7714    0.3040
...    51 T-A ...
  -93.7360 -103.8380   55.5429
   -0.2381   -0.1928   -0.9519
    0.7949   -0.6019   -0.0770
   -0.5581   -0.7750    0.2965
...    52 A-T ...
  -95.3767 -106.5487   56.6105
    0.2949   -0.5195   -0.8020
    0.7854   -0.3463    0.5131
   -0.5442   -0.7812    0.3059
...    53 G-C ...
  -97.3646 -109.0867   57.3582
    0.6939   -0.5702   -0.4396
    0.5276   -0.0128    0.8494
   -0.4900   -0.8214    0.2920
...    54 G-C ...
  -99.1283 -111.8954   58.0060
    0.9155   -0.4000    0.0432
    0.0833    0.2934    0.9524
   -0.3937   -0.8683    0.3019
...    55 T-A ...
 -100.2495 -114.9507   58.4178
    0.8548   -0.1430    0.4989
   -0.3902    0.4566    0.7996
   -0.3421   -0.8781    0.3345
...    56 A-T ...
 -100.9154 -118.0608   59.4222
    0.5841    0.2732    0.7643
   -0.7863    0.4240    0.4494
   -0.2012   -0.8635    0.4625
...    57 T-A ...
 -100.9166 -121.0308   60.7701
    0.1318    0.4764    0.8693
   -0.9747    0.2221    0.0260
   -0.1807   -0.8507    0.4936
...    58 T-A ...
 -101.2216 -123.7641   62.4630
   -0.4220    0.5427    0.7262
   -0.8908   -0.0995   -0.4433
   -0.1683   -0.8340    0.5255
...    59 C-G ...
 -101.8017 -126.3182   64.4039
   -0.8535    0.4078    0.3243
   -0.4929   -0.4304   -0.7562
   -0.1688   -0.8053    0.5684
...    60 A-T ...
 -102.5691 -129.0232   66.1489
   -0.9712    0.1368   -0.1952
    0.0677   -0.6270   -0.7761
   -0.2285   -0.7669    0.5997
...    61 T-A ...
 -103.5121 -131.0491   68.6007
   -0.8080   -0.2281   -0.5433
    0.5542   -0.6073   -0.5692
   -0.2001   -0.7610    0.6171
...    62 G-C ...
 -104.0322 -133.7466   70.4345
   -0.3305   -0.5043   -0.7978
    0.9179   -0.3685   -0.1474
   -0.2196   -0.7810    0.5846
...    63 T-A ...
 -105.3526 -136.1656   72.3234
    0.1982   -0.6148   -0.7634
    0.9600   -0.0352    0.2776
   -0.1975   -0.7879    0.5833
...    64 T-A ...
 -106.2655 -138.7098   74.1257
    0.7040   -0.5294   -0.4735
    0.6874    0.3401    0.6417
   -0.1787   -0.7772    0.6034
...    65 A-T ...
 -106.8604 -141.4439   75.9253
    0.9791   -0.1514   -0.1358
    0.1988    0.5707    0.7967
   -0.0431   -0.8071    0.5889
...    66 T-A ...
 -106.9139 -144.4081   77.2762
    0.9532    0.1828    0.2407
   -0.3022    0.5731    0.7617
    0.0013   -0.7988    0.6016
...    67 A-T ...
 -106.2727 -147.2312   78.9721
    0.6629    0.6152    0.4268
   -0.7209    0.3705    0.5856
    0.2022   -0.6958    0.6892
...    68 A-T ...
 -105.3273 -149.4072   81.1435
    0.1555    0.7622    0.6284
   -0.9563   -0.0432    0.2890
    0.2475   -0.6459    0.7222
...    69 C-G ...
 -103.8771 -151.2131   83.4548
   -0.3608    0.6673    0.6515
   -0.8923   -0.4502   -0.0331
    0.2712   -0.5933    0.7579
...    70 G-C ...
 -103.4589 -153.0413   86.2162
   -0.8129    0.3610    0.4570
   -0.5218   -0.8000   -0.2962
    0.2587   -0.4792    0.8387
...    71 G-C ...
 -102.7856 -154.2489   89.3015
   -0.9753   -0.1142    0.1892
    0.0188   -0.8959   -0.4438
    0.2202   -0.4293    0.8759
...    72 A-T ...
 -102.1165 -155.5348   92.2671
   -0.7635   -0.6393   -0.0916
    0.6013   -0.6518   -0.4622
    0.2358   -0.4079    0.8820
...    73 C-G ...
 -101.8244 -156.5933   95.4423
   -0.3240   -0.8946   -0.3078
    0.9120   -0.2088   -0.3530
    0.2515   -0.3951    0.8835
...    74 T-A ...
 -101.2728 -157.9575   98.4246
    0.2019   -0.8581   -0.4721
    0.9380    0.3081   -0.1588
    0.2817   -0.4108    0.8671
...    75 C-G ...
 -100.4662 -159.2528  101.3346
    0.6998   -0.4994   -0.5108
    0.6318    0.7663    0.1164
    0.3334   -0.4042    0.8518
...    76 G-C ...
  -99.2590 -160.2600  104.2789
    0.8566    0.0545   -0.5131
    0.1480    0.9266    0.3456
    0.4943   -0.3720    0.7857
...    77 A-T ...
  -97.6275 -161.5239  106.7629
    0.7401    0.5962   -0.3110
   -0.3526    0.7379    0.5756
    0.5727   -0.3163    0.7563
...    78 G-C ...
  -95.4468 -162.5988  108.9515
    0.3874    0.9182   -0.0823
   -0.6550    0.3370    0.6764
    0.6488   -0.2081    0.7320
...    79 C-G ...
  -92.8897 -163.0369  110.9429
   -0.0666    0.9726    0.2228
   -0.7254   -0.2005    0.6585
    0.6851   -0.1178    0.7188
...    80 T-A ...
  -90.4126 -163.0074  113.1008
   -0.4799    0.7397    0.4717
   -0.5361   -0.6728    0.5098
    0.6945   -0.0082    0.7194
...    81 C-G ...
  -88.2515 -162.7128  115.5365
   -0.7090    0.2119    0.6726
   -0.1195   -0.9761    0.1815
    0.6950    0.0483    0.7174
...    82 G-C ...
  -86.1550 -162.9319  118.1267
   -0.6727   -0.3820    0.6337
    0.3535   -0.9183   -0.1784
    0.6500    0.1040    0.7528
...    83 G-C ...
  -84.1500 -162.3801  120.7927
   -0.3766   -0.8293    0.4127
    0.6771   -0.5505   -0.4883
    0.6322    0.0955    0.7689
...    84 G-C ...
  -82.1634 -161.8717  123.4804
    0.0405   -0.9981    0.0466
    0.7606    0.0005   -0.6492
    0.6480    0.0617    0.7592
...    85 A-T ...
  -80.1358 -161.4867  126.0333
    0.4709   -0.8068   -0.3569
    0.5638    0.5864   -0.5816
    0.6785    0.0726    0.7310
...    86 T-A ...
  -78.2271 -161.7481  128.6966
    0.6820   -0.4045   -0.6094
    0.2362    0.9103   -0.3399
    0.6922    0.0879    0.7163
...    87 C-G ...
  -75.9901 -161.5173  131.0560
    0.6356    0.1810   -0.7505
   -0.2073    0.9764    0.0600
    0.7437    0.1175    0.6581
...    88 C-G ...
  -73.2956 -161.4240  133.0610
    0.3198    0.6359   -0.7024
   -0.4941    0.7445    0.4490
    0.8084    0.2035    0.5523
...    89 G-C ...
  -70.6243 -160.3388  134.7295
   -0.1443    0.8772   -0.4579
   -0.5297    0.3223    0.7845
    0.8358    0.3558    0.4182
...    90 C-G ...
  -67.7499 -158.9481  135.5031
   -0.4634    0.8861   -0.0032
   -0.3270   -0.1677    0.9300
    0.8236    0.4320    0.3675
...    91 T-A ...
  -65.0955 -157.1769  136.3413
   -0.6183    0.6406    0.4553
    0.0199   -0.5664    0.8239
    0.7857    0.5185    0.3375
...    92 T-A ...
  -62.6183 -155.2404  137.1751
   -0.4698    0.2206    0.8548
    0.3861   -0.8194    0.4237
    0.7939    0.5291    0.2998
...    93 T-A ...
  -60.2036 -153.1984  137.9873
   -0.1090   -0.2598    0.9595
    0.5867   -0.7960   -0.1489
    0.8025    0.5467    0.2391
...    94 A-T ...
  -57.1725 -151.6805  138.3015
    0.3770   -0.6628    0.6470
    0.4844   -0.4543   -0.7476
    0.7894    0.5953    0.1498
...    95 A-T ...
  -54.7654 -149.5995  139.0140
    0.6217   -0.7765    0.1024
    0.1499   -0.0103   -0.9886
    0.7687    0.6300    0.1100
...    96 C-G ...
  -52.2613 -147.6454  139.9375
    0.5879   -0.6851   -0.4300
   -0.2106    0.3836   -0.8992
    0.7810    0.6192    0.0812
...    97 A-T ...
  -49.7324 -145.4839  140.0408
    0.2675   -0.4329   -0.8608
   -0.5021    0.6999   -0.5080
    0.8224    0.5682   -0.0301
...    98 C-G ...
  -46.7489 -144.1660  140.0145
   -0.0773   -0.0563   -0.9954
   -0.5649    0.8252   -0.0028
    0.8215    0.5621   -0.0956
...    99 T-A ...
  -43.9359 -142.5943  139.3785
   -0.4397    0.3050   -0.8448
   -0.4230    0.7594    0.4943
    0.7923    0.5747   -0.2049
...   100 T-A ...
  -41.3727 -140.8695  138.4547
   -0.6396    0.6392   -0.4271
   -0.0960    0.4848    0.8693
    0.7627    0.5970   -0.2487
...   101 T-A ...
  -38.9935 -138.9833  137.3422
   -0.6059    0.7850    0.1291
    0.2925    0.0689    0.9538
    0.7398    0.6157   -0.2713
...   102 A-T ...
  -36.6845 -136.7741  136.4171
   -0.3707    0.6464    0.6669
    0.6222   -0.3602    0.6950
    0.6895    0.6726   -0.2686
...   103 T-A ...
  -34.9598 -134.2446  135.1681
    0.0054    0.3871    0.9220
    0.7299   -0.6318    0.2610
    0.6835    0.6716   -0.2860
...   104 G-C ...
  -32.5264 -132.1510  134.3672
    0.3861   -0.0822    0.9188
    0.6138   -0.7206   -0.3224
    0.6886    0.6884   -0.2278
...   105 C-G ...
  -30.4557 -129.6112  133.8219
    0.6427   -0.4781    0.5986
    0.3033   -0.5587   -0.7719
    0.7035    0.6777   -0.2141
...   106 T-A ...
  -28.1286 -127.2897  133.4198
    0.6767   -0.7274    0.1142
   -0.0794   -0.2264   -0.9708
    0.7320    0.6478   -0.2109
...   107 T-A ...
  -25.7291 -125.1449  133.0007
    0.5155   -0.7266   -0.4541
   -0.4608    0.2117   -0.8619
    0.7224    0.6536   -0.2257
...   108 C-G ...
  -23.3124 -123.0635  132.3023
    0.1174   -0.5046   -0.8553
   -0.6768    0.5897   -0.4408
    0.7268    0.6306   -0.2723
...   109 C-G ...
  -20.6502 -121.2576  131.3217
   -0.3368   -0.1887   -0.9225
   -0.6261    0.7767    0.0698
    0.7033    0.6010   -0.3797
...   110 G-C ...
  -18.5947 -119.0662  129.8873
   -0.7185    0.1657   -0.6755
   -0.3194    0.7841    0.5321
    0.6178    0.5981   -0.5104
...   111 G-C ...
  -16.7189 -117.2883  127.7113
   -0.8386    0.4894   -0.2393
    0.1320    0.6087    0.7823
    0.5285    0.6244   -0.5751
...   112 C-G ...
  -15.3218 -115.3657  125.4159
   -0.6638    0.7062    0.2461
    0.5766    0.2738    0.7698
    0.4763    0.6529   -0.5890
...   113 T-A ...
  -14.1385 -113.1448  123.2643
   -0.2938    0.7091    0.6410
    0.8554   -0.1042    0.5074
    0.4266    0.6974   -0.5759
...   114 C-G ...
  -12.8936 -110.7474  121.4095
    0.2518    0.5020    0.8274
    0.8743   -0.4845    0.0279
    0.4149    0.7164   -0.5609
...   115 G-C ...
  -11.1705 -108.5526  119.5835
    0.6578    0.0850    0.7484
    0.6003   -0.6593   -0.4527
    0.4549    0.7471   -0.4847
...   116 T-A ...
   -9.9524 -105.7030  118.3883
    0.8653   -0.2837    0.4133
    0.1707   -0.6084   -0.7751
    0.4714    0.7412   -0.4780
...   117 A-T ...
   -8.4133 -103.3616  116.5735
    0.7824   -0.6109   -0.1211
   -0.3824   -0.3178   -0.8676
    0.4916    0.7251   -0.4823
...   118 T-A ...
   -6.4420 -100.9290  115.5633
    0.4829   -0.6908   -0.5381
   -0.7256    0.0283   -0.6875
    0.4901    0.7225   -0.4876
...   119 A-T ...
   -4.8498  -98.5920  113.8157
   -0.0598   -0.5978   -0.7994
   -0.8646    0.4313   -0.2579
    0.4989    0.6757   -0.5427
...   120 A-T ...
   -3.0356  -96.5987  112.0177
   -0.5396   -0.2646   -0.7993
   -0.6831    0.6925    0.2320
    0.4921    0.6712   -0.5544
...   121 T-A ...
   -1.1276  -94.9537  109.9100
   -0.8149    0.1061   -0.5699
   -0.3223    0.7342    0.5976
    0.4818    0.6706   -0.5640
...   122 G-C ...
    0.2069  -92.6169  107.9461
   -0.9066    0.4147   -0.0782
    0.1958    0.5774    0.7926
    0.3739    0.7033   -0.6046
...   123 T-A ...
    1.0785  -90.5935  105.4813
   -0.6899    0.6266    0.3624
    0.6375    0.2889    0.7142
    0.3429    0.7238   -0.5988
...   124 G-C ...
    2.1345  -88.0154  103.6616
   -0.2524    0.6013    0.7581
    0.9244   -0.0817    0.3726
    0.2859    0.7948   -0.5352
...   125 T-A ...
    2.4415  -85.2685  101.8410
    0.2519    0.4481    0.8578
    0.9245   -0.3733   -0.0765
    0.2859    0.8123   -0.5083
...   126 C-G ...
    3.3086  -82.5245  100.2854
    0.7327    0.1213    0.6696
    0.6105   -0.5519   -0.5681
    0.3006    0.8251   -0.4784
...   127 G-C ...
    4.5979  -80.0044   98.5181
    0.9117   -0.2889    0.2922
    0.1179   -0.4972   -0.8596
    0.3936    0.8181   -0.4193
...   128 A-T ...
    5.9295  -77.2979   97.2495
    0.7974   -0.5485   -0.2515
   -0.4315   -0.2269   -0.8731
    0.4218    0.8048   -0.4176
...   129 C-G ...
    7.7402  -74.6758   96.3534
    0.4482   -0.6052   -0.6579
   -0.7776    0.0991   -0.6209
    0.4410    0.7899   -0.4262
...   130 C-G ...
    9.5413  -72.2194   94.9143
   -0.0750   -0.5146   -0.8541
   -0.8861    0.4272   -0.1796
    0.4574    0.7434   -0.4880
...   131 A-T ...
   10.8878  -69.7103   93.2065
   -0.6009   -0.2491   -0.7595
   -0.6781    0.6619    0.3194
    0.4231    0.7069   -0.5667
...   132 A-T ...
   12.3800  -67.6352   91.2016
   -0.8767    0.1709   -0.4497
   -0.2240    0.6823    0.6959
    0.4258    0.7108   -0.5598
...   133 A-T ...
   13.7242  -65.5063   89.1526
   -0.8526    0.5221    0.0208
    0.3044    0.4639    0.8319
    0.4247    0.7157   -0.5545
...   134 T-A ...
   14.7283  -63.4123   86.8246
   -0.5924    0.6746    0.4405
    0.6886    0.1400    0.7115
    0.4183    0.7248   -0.5474
...   135 G-C ...
   15.7212  -61.4789   83.9378
    0.0342    0.7399    0.6718
    0.8637   -0.3601    0.3526
    0.5028    0.5682   -0.6514
...   136 T-A ...
   15.7739  -59.5465   80.8037
    0.5516    0.4996    0.6680
    0.6739   -0.7388   -0.0038
    0.4916    0.4523   -0.7442
...   137 G-C ...
   16.8280  -57.7076   78.2738
    0.8528   -0.0847    0.5152
    0.1508   -0.9047   -0.3984
    0.4999    0.4175   -0.7588
...   138 A-T ...
   18.4176  -55.5142   76.5363
    0.8547   -0.5007    0.1370
   -0.3189   -0.7148   -0.6224
    0.4096    0.4883   -0.7706
...   139 G-C ...
   20.4152  -54.2946   74.5497
    0.5847   -0.7389   -0.3350
   -0.7594   -0.3532   -0.5465
    0.2854    0.5739   -0.7676
...   140 C-G ...
   21.4164  -51.8108   72.7950
    0.1305   -0.7142   -0.6876
   -0.8897    0.2217   -0.3991
    0.4375    0.6639   -0.6065
...   141 G-C ...
   22.1407  -50.1331   67.4725
   -0.4682   -0.8748    0.1248
   -0.8495    0.4067   -0.3362
    0.2434   -0.2634   -0.9335
...   142 C-G ...
   22.3378  -51.2253   64.5020
   -0.8529   -0.5117   -0.1032
   -0.4974    0.8566   -0.1372
    0.1587   -0.0657   -0.9851
...   143 T-A ...
   24.0060  -51.6202   61.9333
   -0.9563    0.0399   -0.2897
    0.0522    0.9980   -0.0348
    0.2877   -0.0484   -0.9565
...   144 C-G ...
   24.8857  -52.7207   58.9948
   -0.7530    0.5560   -0.3520
    0.5213    0.8304    0.1966
    0.4016   -0.0355   -0.9151
...   145 A-T ...
   25.5174  -52.9610   55.8128
   -0.2441    0.9563   -0.1609
    0.8907    0.2867    0.3528
    0.3835   -0.0571   -0.9218
...   146 C-G ...
   25.2677  -52.4925   52.0871
    0.3203    0.9428   -0.0928
    0.8825   -0.2613    0.3910
    0.3444   -0.2071   -0.9157
...   147 A-T ...
   25.6133  -52.5733   48.6480
    0.8597    0.5097    0.0339
    0.4498   -0.7866    0.4230
    0.2423   -0.3484   -0.9055
