  147 base-pairs
...     1 T-A ...
    0.0000    0.0000    0.0000
    1.0000    0.0000    0.0000
    0.0000    1.0000    0.0000
    0.0000    0.0000    1.0000
...     2 G-C ...
   -0.5555   -1.1003    3.3981
    0.7749    0.6051    0.1828
   -0.5991    0.7953   -0.0929
   -0.2016   -0.0375    0.9787
...     3 T-A ...
   -0.6619   -3.0237    6.5348
    0.3046    0.9250    0.2271
   -0.8994    0.3578   -0.2510
   -0.3134   -0.1278    0.9410
...     4 G-C ...
   -1.1607   -3.8418    9.6940
   -0.3351    0.9421    0.0133
   -0.8752   -0.3061   -0.3746
   -0.3489   -0.1372    0.9271
...     5 A-T ...
   -1.3881   -3.6770   12.8999
   -0.7835    0.6162   -0.0801
   -0.5677   -0.7622   -0.3109
   -0.2527   -0.1981    0.9470
...     6 G-C ...
   -2.6236   -3.5448   15.7072
   -0.9923    0.0611   -0.1075
   -0.0294   -0.9610   -0.2748
   -0.1201   -0.2695    0.9555
...     7 C-G ...
   -2.3138   -3.7570   18.8866
   -0.8620   -0.4995   -0.0864
    0.5008   -0.8655    0.0073
   -0.0785   -0.0370    0.9962
...     8 G-C ...
   -3.9561   -6.8109   23.3205
   -0.2581   -0.3560   -0.8981
    0.6294   -0.7673    0.1233
   -0.7330   -0.5335    0.4221
...     9 C-G ...
   -6.1177   -8.9414   24.2385
    0.1143   -0.7320   -0.6716
    0.8123   -0.3203    0.4874
   -0.5720   -0.6013    0.5580
...    10 T-A ...
   -8.5041   -9.6771   26.0540
    0.4660   -0.8587   -0.2131
    0.6274    0.1508    0.7640
   -0.6239   -0.4897    0.6090
...    11 C-G ...
  -11.0625  -11.3174   27.2336
    0.6660   -0.6911    0.2808
    0.3382    0.6152    0.7121
   -0.6649   -0.3794    0.6435
...    12 A-T ...
  -13.0013  -13.1789   29.0658
    0.7188   -0.1490    0.6790
   -0.1787    0.9043    0.3876
   -0.6718   -0.4000    0.6235
...    13 C-G ...
  -14.1788  -15.9359   31.3399
    0.4052    0.2865    0.8682
   -0.5270    0.8492   -0.0343
   -0.7470   -0.4437    0.4951
...    14 A-T ...
  -15.9532  -18.1566   33.3080
   -0.1503    0.6873    0.7107
   -0.6106    0.5008   -0.6135
   -0.7776   -0.5261    0.3444
...    15 A-T ...
  -18.3622  -20.0029   34.4362
   -0.4710    0.8522    0.2279
   -0.3903    0.0304   -0.9202
   -0.7911   -0.5224    0.3183
...    16 T-A ...
  -20.7498  -21.6577   36.1864
   -0.6379    0.7134   -0.2899
   -0.0569   -0.4191   -0.9062
   -0.7680   -0.5616    0.3079
...    17 T-A ...
  -23.2769  -23.3003   37.5107
   -0.5712    0.3146   -0.7581
    0.3454   -0.7457   -0.5697
   -0.7446   -0.5873    0.3173
...    18 T-A ...
  -25.7916  -25.0529   38.5217
   -0.2437   -0.1158   -0.9629
    0.5984   -0.7993   -0.0553
   -0.7633   -0.5897    0.2640
...    19 A-T ...
  -28.2647  -27.1230   39.1337
    0.2084   -0.4358   -0.8756
    0.6158   -0.6370    0.4636
   -0.7598   -0.6358    0.1356
...    20 T-A ...
  -31.1030  -28.8176   39.0653
    0.5021   -0.6892   -0.5224
    0.4222   -0.3318    0.8436
   -0.7547   -0.6441    0.1244
...    21 T-A ...
  -33.6333  -30.8946   39.1447
    0.6613   -0.7492    0.0370
    0.0536    0.0963    0.9939
   -0.7482   -0.6553    0.1038
...    22 C-G ...
  -35.9999  -33.1459   39.4285
    0.5955   -0.5345    0.5998
   -0.3557    0.4940    0.7934
   -0.7203   -0.6858    0.1041
...    23 G-C ...
  -38.4462  -35.2470   40.4108
    0.3895   -0.0790    0.9176
   -0.6699    0.6594    0.3412
   -0.6321   -0.7476    0.2039
...    24 C-G ...
  -40.2125  -37.9381   41.0187
    0.0157    0.3177    0.9481
   -0.7756    0.6023   -0.1890
   -0.6310   -0.7323    0.2559
...    25 A-T ...
  -42.6579  -40.1135   41.5702
   -0.4066    0.6409    0.6511
   -0.6427    0.3059   -0.7024
   -0.6493   -0.7041    0.2875
...    26 A-T ...
  -44.7017  -42.4201   42.7052
   -0.7068    0.6936    0.1390
   -0.2950   -0.1104   -0.9491
   -0.6429   -0.7118    0.2827
...    27 A-T ...
  -46.6856  -44.6776   43.9668
   -0.7625    0.4840   -0.4293
    0.1834   -0.4746   -0.8609
   -0.6204   -0.7352    0.2731
...    28 G-C ...
  -49.0177  -46.8100   45.1356
   -0.5128    0.1987   -0.8352
    0.5500   -0.6710   -0.4973
   -0.6593   -0.7143    0.2348
...    29 G-C ...
  -51.5788  -48.9958   45.8580
   -0.0600   -0.1483   -0.9871
    0.7365   -0.6741    0.0565
   -0.6738   -0.7236    0.1497
...    30 C-G ...
  -54.0844  -51.0973   46.0621
    0.3914   -0.4422   -0.8070
    0.6398   -0.4996    0.5840
   -0.6615   -0.7449    0.0874
...    31 C-G ...
  -56.5102  -53.4078   46.1532
    0.7314   -0.5753   -0.3661
    0.3137   -0.1929    0.9297
   -0.6055   -0.7949    0.0394
...    32 G-C ...
  -58.1401  -55.9728   46.4347
    0.8561   -0.4971    0.1418
   -0.1148    0.0846    0.9898
   -0.5040   -0.8636    0.0153
...    33 G-C ...
  -59.3190  -59.1220   46.3317
    0.6888   -0.3101    0.6552
   -0.5823    0.3016    0.7549
   -0.4317   -0.9016    0.0271
...    34 C-G ...
  -60.3225  -62.2403   46.2699
    0.2805   -0.0499    0.9585
   -0.8735    0.4008    0.2765
   -0.3980   -0.9148    0.0689
...    35 C-G ...
  -61.2677  -65.4659   46.8194
   -0.2262    0.2282    0.9470
   -0.8981    0.3275   -0.2934
   -0.3771   -0.9169    0.1308
...    36 C-G ...
  -62.3824  -68.5355   47.5404
   -0.6659    0.4098    0.6234
   -0.6449    0.1038   -0.7572
   -0.3749   -0.9063    0.1952
...    37 G-C ...
  -63.9483  -71.5720   47.3123
   -0.8874    0.4533    0.0838
   -0.1665   -0.1457   -0.9752
   -0.4298   -0.8794    0.2048
...    38 A-T ...
  -65.2202  -74.3798   48.0063
   -0.8171    0.2851   -0.5011
    0.3898   -0.3671   -0.8446
   -0.4247   -0.8854    0.1888
...    39 C-G ...
  -67.0268  -76.9258   48.7989
   -0.4828    0.0893   -0.8712
    0.7514   -0.4687   -0.4644
   -0.4498   -0.8788    0.1592
...    40 A-T ...
  -68.6393  -79.8161   49.1881
    0.0660   -0.1269   -0.9897
    0.8896   -0.4418    0.1160
   -0.4519   -0.8881    0.0837
...    41 C-G ...
  -70.4608  -82.5635   49.0077
    0.5270   -0.2903   -0.7988
    0.7320   -0.3225    0.6001
   -0.4318   -0.9009    0.0426
...    42 G-C ...
  -71.5441  -85.6599   49.4837
    0.8834   -0.3464   -0.3157
    0.2963   -0.1091    0.9488
   -0.3631   -0.9317    0.0062
...    43 A-T ...
  -72.8102  -88.5495   49.4726
    0.8978   -0.3312    0.2902
   -0.2611    0.1303    0.9565
   -0.3546   -0.9345    0.0305
...    44 C-G ...
  -73.6529  -91.6869   48.9184
    0.6541   -0.1514    0.7411
   -0.6969    0.2601    0.6683
   -0.2939   -0.9536    0.0646
...    45 T-A ...
  -74.0234  -95.2602   49.0200
    0.1711    0.0838    0.9817
   -0.9483    0.2842    0.1410
   -0.2672   -0.9551    0.1281
...    46 T-A ...
  -74.5591  -98.4061   49.4191
   -0.3110    0.2382    0.9201
   -0.9143    0.1894   -0.3581
   -0.2596   -0.9526    0.1589
...    47 A-T ...
  -75.4717 -101.5002   50.1308
   -0.7450    0.3895    0.5415
   -0.5934   -0.0164   -0.8047
   -0.3045   -0.9209    0.2434
...    48 C-G ...
  -76.3158 -104.3660   51.6254
   -0.9407    0.3378    0.0317
   -0.1202   -0.2444   -0.9622
   -0.3172   -0.9090    0.2705
...    49 T-A ...
  -77.5340 -107.1760   53.0197
   -0.8419    0.2180   -0.4937
    0.3718   -0.4287   -0.8234
   -0.3911   -0.8767    0.2799
...    50 G-C ...
  -78.9199 -110.1279   53.7258
   -0.4472   -0.0024   -0.8944
    0.7827   -0.4849   -0.3901
   -0.4328   -0.8746    0.2187
...    51 T-A ...
  -80.7836 -112.6587   54.3844
    0.0224   -0.2374   -0.9712
    0.9014   -0.4154    0.1223
   -0.4324   -0.8781    0.2047
...    52 A-T ...
  -81.9365 -115.6769   55.1293
    0.5725   -0.4166   -0.7062
    0.7109   -0.1768    0.6807
   -0.4084   -0.8917    0.1949
...    53 G-C ...
  -83.4727 -118.4943   55.6374
    0.8833   -0.3624   -0.2972
    0.3428    0.0670    0.9370
   -0.3197   -0.9296    0.1834
...    54 G-C ...
  -84.6028 -121.9343   55.4432
    0.9591   -0.1766    0.2211
   -0.1753    0.2424    0.9542
   -0.2221   -0.9540    0.2015
...    55 T-A ...
  -85.0006 -125.1220   55.7470
    0.7516    0.0210    0.6593
   -0.6350    0.2935    0.7146
   -0.1786   -0.9557    0.2339
...    56 A-T ...
  -84.8579 -128.5266   56.3769
    0.3065    0.3158    0.8979
   -0.9481    0.1849    0.2586
   -0.0843   -0.9306    0.3561
...    57 T-A ...
  -84.4169 -131.5599   57.4909
   -0.1953    0.4030    0.8941
   -0.9784   -0.0164   -0.2063
   -0.0684   -0.9151    0.3975
...    58 C-G ...
  -84.4547 -134.5692   59.1322
   -0.7511    0.3413    0.5651
   -0.6560   -0.2898   -0.6969
   -0.0740   -0.8942    0.4416
...    59 T-A ...
  -84.7331 -137.3223   60.9189
   -0.9793    0.1821    0.0884
   -0.1648   -0.4638   -0.8705
   -0.1175   -0.8670    0.4842
...    60 C-G ...
  -85.4146 -140.2377   62.2051
   -0.8874   -0.1339   -0.4412
    0.4391   -0.5374   -0.7200
   -0.1407   -0.8326    0.5357
...    61 G-C ...
  -85.4992 -143.2475   63.4919
   -0.5007   -0.3879   -0.7739
    0.8495   -0.3921   -0.3530
   -0.1665   -0.8341    0.5258
...    62 A-T ...
  -85.6870 -145.9534   65.3343
    0.1100   -0.5331   -0.8389
    0.9860   -0.0482    0.1599
   -0.1257   -0.8447    0.5203
...    63 G-C ...
  -86.1886 -148.7706   66.9470
    0.6200   -0.4567   -0.6379
    0.7808    0.2796    0.5587
   -0.0768   -0.8445    0.5300
...    64 C-G ...
  -86.7498 -151.7964   68.4205
    0.9585   -0.1664   -0.2317
    0.2847    0.5065    0.8139
   -0.0180   -0.8460    0.5328
...    65 T-A ...
  -86.8303 -154.8038   69.8703
    0.9682    0.2005    0.1499
   -0.2357    0.5286    0.8155
    0.0843   -0.8249    0.5590
...    66 C-G ...
  -86.3381 -157.5403   71.6910
    0.6714    0.5311    0.5169
   -0.7210    0.3064    0.6216
    0.1717   -0.7900    0.5886
...    67 G-C ...
  -85.8507 -159.6693   74.0584
    0.1782    0.7094    0.6819
   -0.9494   -0.0581    0.3086
    0.2586   -0.7024    0.6632
...    68 G-C ...
  -84.6552 -161.7018   76.4133
   -0.3782    0.6273    0.6808
   -0.8851   -0.4605   -0.0675
    0.2712   -0.6281    0.7293
...    69 G-C ...
  -83.6949 -163.3165   79.2158
   -0.8200    0.3367    0.4628
   -0.5201   -0.7759   -0.3571
    0.2389   -0.5335    0.8114
...    70 A-T ...
  -82.8068 -164.8048   82.0602
   -0.9625   -0.2069    0.1756
    0.0823   -0.8391   -0.5377
    0.2586   -0.5030    0.8247
...    71 T-A ...
  -82.1891 -165.9690   85.1053
   -0.7733   -0.6226   -0.1203
    0.5761   -0.6106   -0.5433
    0.2648   -0.4895    0.8308
...    72 C-G ...
  -81.5430 -167.5027   88.0417
   -0.2458   -0.8877   -0.3893
    0.9223   -0.0906   -0.3757
    0.2983   -0.4514    0.8410
...    73 C-G ...
  -80.6847 -168.9270   90.8885
    0.2491   -0.7648   -0.5942
    0.9092    0.3960   -0.1285
    0.3336   -0.5082    0.7940
...    74 G-C ...
  -79.1342 -170.3210   93.4103
    0.6673   -0.3660   -0.6486
    0.6147    0.7623    0.2023
    0.4204   -0.5337    0.7337
...    75 C-G ...
  -78.0549 -172.4877   95.8835
    0.8784    0.1517   -0.4531
    0.1100    0.8586    0.5006
    0.4650   -0.4896    0.7376
...    76 T-A ...
  -76.4782 -174.5031   98.1532
    0.7493    0.6398   -0.1709
   -0.3931    0.6374    0.6628
    0.5329   -0.4295    0.7291
...    77 T-A ...
  -74.4483 -175.9275  100.2180
    0.3751    0.9114    0.1690
   -0.7374    0.1829    0.6503
    0.5618   -0.3685    0.7407
...    78 T-A ...
  -72.5439 -176.9311  102.5760
   -0.1412    0.9019    0.4083
   -0.8028   -0.3456    0.4859
    0.5793   -0.2591    0.7728
...    79 A-T ...
  -70.7455 -177.3791  105.3784
   -0.6512    0.5895    0.4779
   -0.5419   -0.8021    0.2510
    0.5313   -0.0955    0.8418
...    80 A-T ...
  -69.0270 -177.3648  108.0448
   -0.8504    0.0472    0.5240
   -0.0625   -0.9980   -0.0115
    0.5224   -0.0425    0.8517
...    81 C-G ...
  -67.4657 -176.8259  110.9883
   -0.7233   -0.5044    0.4717
    0.4270   -0.8634   -0.2685
    0.5427    0.0072    0.8399
...    82 A-T ...
  -65.7593 -176.8812  113.8507
   -0.3246   -0.9209    0.2159
    0.7749   -0.3898   -0.4976
    0.5424    0.0058    0.8401
...    83 C-G ...
  -64.5680 -176.7516  117.0608
    0.1413   -0.9877   -0.0677
    0.8190    0.1550   -0.5525
    0.5562    0.0226    0.8308
...    84 T-A ...
  -63.1176 -177.0487  120.3853
    0.5732   -0.7380   -0.3561
    0.5792    0.6723   -0.4610
    0.5797    0.0580    0.8128
...    85 T-A ...
  -61.3656 -176.9754  123.0669
    0.7775   -0.2456   -0.5789
    0.1457    0.9659   -0.2142
    0.6117    0.0822    0.7868
...    86 C-G ...
  -59.4574 -176.4223  125.6886
    0.6532    0.3358   -0.6787
   -0.3363    0.9317    0.1374
    0.6785    0.1384    0.7215
...    87 A-T ...
  -57.0725 -176.1904  128.0958
    0.2638    0.7416   -0.6168
   -0.5947    0.6285    0.5013
    0.7594    0.2346    0.6069
...    88 T-A ...
  -54.3404 -175.4896  129.6257
   -0.1288    0.9218   -0.3657
   -0.6286    0.2093    0.7490
    0.7670    0.3264    0.5525
...    89 G-C ...
  -51.6403 -173.9333  131.1763
   -0.5823    0.8129    0.0128
   -0.3946   -0.2964    0.8697
    0.7108    0.5014    0.4934
...    90 T-A ...
  -49.2565 -171.8274  132.1837
   -0.7268    0.5293    0.4378
   -0.0069   -0.6429    0.7659
    0.6868    0.5536    0.4709
...    91 T-A ...
  -47.1543 -169.8361  133.5222
   -0.6021    0.1032    0.7917
    0.4239   -0.7990    0.4265
    0.6766    0.5924    0.4373
...    92 A-T ...
  -44.6964 -167.9696  135.0108
   -0.1511   -0.3953    0.9061
    0.7133   -0.6782   -0.1769
    0.6844    0.6195    0.3844
...    93 T-A ...
  -43.0421 -165.5390  136.4233
    0.2620   -0.6428    0.7198
    0.6879   -0.3988   -0.6065
    0.6769    0.6540    0.3377
...    94 A-T ...
  -40.6131 -163.1996  137.1460
    0.6954   -0.6977    0.1721
    0.3250    0.0917   -0.9413
    0.6409    0.7105    0.2905
...    95 A-T ...
  -38.6416 -160.8989  138.1884
    0.7670   -0.5201   -0.3759
   -0.1496    0.4247   -0.8929
    0.6240    0.7410    0.2480
...    96 C-G ...
  -36.3960 -158.7525  139.5399
    0.5492   -0.2346   -0.8021
   -0.5556    0.6144   -0.5602
    0.6242    0.7533    0.2071
...    97 G-C ...
  -34.5302 -156.1108  139.6798
    0.0563   -0.0730   -0.9957
   -0.7564    0.6478   -0.0903
    0.6516    0.7583   -0.0188
...    98 G-C ...
  -32.3462 -153.7836  138.9603
   -0.4225    0.1512   -0.8937
   -0.6405    0.6478    0.4124
    0.6413    0.7466   -0.1769
...    99 A-T ...
  -30.2049 -151.4549  138.1399
   -0.7525    0.4396   -0.4904
   -0.2723    0.4702    0.8395
    0.5996    0.7653   -0.2341
...   100 T-A ...
  -28.3342 -149.1957  136.6371
   -0.8113    0.5844   -0.0195
    0.1331    0.2170    0.9671
    0.5693    0.7819   -0.2538
...   101 T-A ...
  -26.7178 -146.6465  135.4511
   -0.6218    0.5838    0.5221
    0.5776   -0.1084    0.8091
    0.5289    0.8047   -0.2698
...   102 A-T ...
  -24.9273 -143.9142  134.6448
   -0.1714    0.3967    0.9018
    0.8450   -0.4114    0.3416
    0.5065    0.8206   -0.2647
...   103 T-A ...
  -23.9867 -140.9381  133.6180
    0.2364    0.1492    0.9601
    0.8367   -0.5337   -0.1231
    0.4941    0.8324   -0.2510
...   104 G-C ...
  -22.4647 -138.0497  133.0433
    0.6500   -0.2762    0.7080
    0.5411   -0.4859   -0.6864
    0.5336    0.8292   -0.1664
...   105 C-G ...
  -20.6931 -135.2852  132.9006
    0.8219   -0.5233    0.2250
    0.0885   -0.2730   -0.9579
    0.5627    0.8072   -0.1780
...   106 T-A ...
  -18.6671 -132.5268  132.7307
    0.7134   -0.6119   -0.3415
   -0.3780    0.0744   -0.9228
    0.5901    0.7874   -0.1782
...   107 T-A ...
  -16.6647 -130.0685  132.3149
    0.3611   -0.5119   -0.7795
   -0.7072    0.3945   -0.5867
    0.6079    0.7631   -0.2195
...   108 C-G ...
  -14.4603 -127.7631  131.5266
   -0.1389   -0.2701   -0.9528
   -0.7825    0.6196   -0.0615
    0.6069    0.7370   -0.2974
...   109 C-G ...
  -12.3269 -125.4637  130.5742
   -0.5936   -0.0272   -0.8043
   -0.6041    0.6753    0.4231
    0.5316    0.7371   -0.4173
...   110 G-C ...
  -11.0367 -123.0805  129.1852
   -0.8771    0.2047   -0.4346
   -0.2164    0.6393    0.7379
    0.4289    0.7412   -0.5164
...   111 G-C ...
  -10.1464 -120.6673  127.0107
   -0.8864    0.4582    0.0659
    0.3074    0.4761    0.8239
    0.3461    0.7506   -0.5629
...   112 C-G ...
   -9.5974 -118.2543  124.7261
   -0.5943    0.6139    0.5195
    0.7446    0.1761    0.6439
    0.3038    0.7695   -0.5618
...   113 T-A ...
   -8.8865 -115.7558  122.6940
   -0.1364    0.5946    0.7924
    0.9525   -0.1411    0.2698
    0.2722    0.7916   -0.5471
...   114 C-G ...
   -7.9082 -113.0847  121.0584
    0.4267    0.3876    0.8171
    0.8689   -0.4263   -0.2515
    0.2509    0.8173   -0.5187
...   115 G-C ...
   -6.7183 -110.6521  119.1680
    0.8312    0.0309    0.5551
    0.4731   -0.5638   -0.6771
    0.2920    0.8254   -0.4832
...   116 T-A ...
   -5.6814 -107.7437  118.1057
    0.9444   -0.2961    0.1426
   -0.0237   -0.4942   -0.8690
    0.3278    0.8174   -0.4738
...   117 A-T ...
   -4.3120 -104.8195  116.9825
    0.7422   -0.5807   -0.3346
   -0.5420   -0.2265   -0.8093
    0.3942    0.7820   -0.4828
...   118 T-A ...
   -2.5657 -102.3002  115.9561
    0.3856   -0.6120   -0.6905
   -0.8386    0.0797   -0.5389
    0.3848    0.7868   -0.4825
...   119 A-T ...
   -1.4409  -99.7210  114.1992
   -0.1719   -0.5203   -0.8365
   -0.9013    0.4259   -0.0797
    0.3977    0.7402   -0.5421
...   120 A-T ...
    0.0817  -97.5750  112.3178
   -0.6533   -0.2279   -0.7220
   -0.6552    0.6481    0.3883
    0.3794    0.7267   -0.5727
...   121 T-A ...
    1.6131  -95.6871  110.0383
   -0.8971    0.1282   -0.4228
   -0.2323    0.6772    0.6981
    0.3759    0.7245   -0.5778
...   122 G-C ...
    2.7348  -93.3646  107.7427
   -0.9044    0.4153    0.0975
    0.3171    0.5015    0.8050
    0.2854    0.7590   -0.5852
...   123 T-A ...
    3.2953  -91.0778  105.4886
   -0.6453    0.5896    0.4857
    0.7163    0.2460    0.6530
    0.2655    0.7693   -0.5811
...   124 G-C ...
    3.9457  -88.4579  103.5463
   -0.1649    0.5585    0.8130
    0.9617   -0.0920    0.2582
    0.2190    0.8244   -0.5219
...   125 T-A ...
    4.1144  -85.7711  101.7906
    0.3341    0.3957    0.8555
    0.9158   -0.3508   -0.1953
    0.2228    0.8487   -0.4796
...   126 C-G ...
    4.8031  -83.0300  100.3992
    0.8007    0.1239    0.5861
    0.5611   -0.4979   -0.6612
    0.2099    0.8583   -0.4682
...   127 G-C ...
    5.8736  -80.5117   98.6016
    0.9298   -0.2674    0.2531
    0.1106   -0.4528   -0.8847
    0.3512    0.8506   -0.3914
...   128 A-T ...
    6.9128  -77.7848   97.4047
    0.8212   -0.4842   -0.3021
   -0.4508   -0.2258   -0.8636
    0.3499    0.8453   -0.4037
...   129 C-G ...
    8.5393  -74.9981   96.7087
    0.4517   -0.5650   -0.6905
   -0.8080    0.0690   -0.5851
    0.3782    0.8222   -0.4254
...   130 C-G ...
   10.4024  -72.5647   95.1969
   -0.0644   -0.5305   -0.8452
   -0.9087    0.3813   -0.1700
    0.4124    0.7571   -0.5066
...   131 A-T ...
   11.1521  -69.8396   93.4364
   -0.5915   -0.2943   -0.7507
   -0.7161    0.6195    0.3215
    0.3704    0.7278   -0.5772
...   132 A-T ...
   12.4312  -67.6369   91.3593
   -0.8889    0.1075   -0.4452
   -0.2617    0.6786    0.6863
    0.3759    0.7266   -0.5751
...   133 A-T ...
   13.7079  -65.5408   89.1776
   -0.8582    0.5130    0.0165
    0.2967    0.4696    0.8315
    0.4188    0.7185   -0.5553
...   134 T-A ...
   14.7283  -63.4123   86.8245
   -0.5924    0.6746    0.4405
    0.6886    0.1400    0.7115
    0.4183    0.7248   -0.5474
...   135 G-C ...
   15.7211  -61.4788   83.9378
    0.0342    0.7399    0.6718
    0.8637   -0.3601    0.3526
    0.5028    0.5682   -0.6514
...   136 T-A ...
   15.7739  -59.5464   80.8036
    0.5516    0.4996    0.6680
    0.6739   -0.7388   -0.0038
    0.4916    0.4523   -0.7442
...   137 G-C ...
   16.8280  -57.7076   78.2738
    0.8528   -0.0847    0.5152
    0.1508   -0.9047   -0.3984
    0.4999    0.4175   -0.7588
...   138 A-T ...
   18.4176  -55.5142   76.5363
    0.8547   -0.5007    0.1370
   -0.3189   -0.7148   -0.6224
    0.4096    0.4883   -0.7706
...   139 G-C ...
   20.4152  -54.2945   74.5497
    0.5847   -0.7389   -0.3350
   -0.7594   -0.3532   -0.5465
    0.2854    0.5739   -0.7676
...   140 C-G ...
   21.4163  -51.8107   72.7950
    0.1305   -0.7142   -0.6876
   -0.8897    0.2217   -0.3991
    0.4375    0.6639   -0.6065
...   141 G-C ...
   22.1406  -50.1330   67.4725
   -0.4682   -0.8748    0.1248
   -0.8495    0.4067   -0.3362
    0.2434   -0.2634   -0.9335
...   142 C-G ...
   22.3377  -51.2252   64.5019
   -0.8529   -0.5117   -0.1032
   -0.4974    0.8566   -0.1372
    0.1587   -0.0657   -0.9851
...   143 T-A ...
   24.0059  -51.6201   61.9333
   -0.9563    0.0399   -0.2897
    0.0522    0.9980   -0.0348
    0.2877   -0.0484   -0.9565
...   144 C-G ...
   24.8857  -52.7207   58.9948
   -0.7530    0.5560   -0.3520
    0.5213    0.8304    0.1966
    0.4016   -0.0355   -0.9151
...   145 A-T ...
   25.5174  -52.9610   55.8127
   -0.2442    0.9563   -0.1609
    0.8907    0.2867    0.3528
    0.3835   -0.0571   -0.9218
...   146 C-G ...
   25.2677  -52.4925   52.0871
    0.3203    0.9428   -0.0928
    0.8825   -0.2613    0.3910
    0.3444   -0.2071   -0.9157
...   147 A-T ...
   25.6133  -52.5732   48.6479
    0.8597    0.5097    0.0339
    0.4498   -0.7866    0.4230
    0.2423   -0.3484   -0.9055
