  147 base-pairs
...     1 T-A ...
    0.0000    0.0000    0.0000
    1.0000    0.0000    0.0000
    0.0000    1.0000    0.0000
    0.0000    0.0000    1.0000
...     2 G-C ...
   -0.5555   -1.1003    3.3981
    0.7749    0.6051    0.1828
   -0.5991    0.7953   -0.0929
   -0.2016   -0.0375    0.9787
...     3 T-A ...
   -0.6619   -3.0237    6.5348
    0.3046    0.9250    0.2271
   -0.8994    0.3578   -0.2510
   -0.3134   -0.1278    0.9410
...     4 G-C ...
   -1.1607   -3.8418    9.6940
   -0.3351    0.9421    0.0133
   -0.8752   -0.3061   -0.3746
   -0.3489   -0.1372    0.9271
...     5 A-T ...
   -1.3881   -3.6770   12.8999
   -0.7835    0.6162   -0.0801
   -0.5677   -0.7622   -0.3109
   -0.2527   -0.1981    0.9470
...     6 G-C ...
   -2.6236   -3.5448   15.7072
   -0.9923    0.0611   -0.1075
   -0.0294   -0.9610   -0.2748
   -0.1201   -0.2695    0.9555
...     7 C-G ...
   -2.3138   -3.7570   18.8866
   -0.8620   -0.4995   -0.0864
    0.5008   -0.8655    0.0073
   -0.0785   -0.0370    0.9962
...     8 G-C ...
   -3.9561   -6.8109   23.3205
   -0.2581   -0.3560   -0.8981
    0.6294   -0.7673    0.1233
   -0.7330   -0.5335    0.4221
...     9 C-G ...
   -6.1177   -8.9414   24.2385
    0.1143   -0.7320   -0.6716
    0.8123   -0.3203    0.4874
   -0.5720   -0.6013    0.5580
...    10 T-A ...
   -8.5041   -9.6771   26.0540
    0.4660   -0.8587   -0.2131
    0.6274    0.1508    0.7640
   -0.6239   -0.4897    0.6090
...    11 C-G ...
  -11.0625  -11.3174   27.2336
    0.6660   -0.6911    0.2808
    0.3382    0.6152    0.7121
   -0.6649   -0.3794    0.6435
...    12 A-T ...
  -13.0013  -13.1789   29.0658
    0.7188   -0.1490    0.6790
   -0.1787    0.9043    0.3876
   -0.6718   -0.4000    0.6235
...    13 C-G ...
  -14.1788  -15.9359   31.3399
    0.4052    0.2865    0.8682
   -0.5270    0.8492   -0.0343
   -0.7470   -0.4437    0.4951
...    14 A-T ...
  -15.9532  -18.1566   33.3080
   -0.1503    0.6873    0.7107
   -0.6106    0.5008   -0.6135
   -0.7776   -0.5261    0.3444
...    15 A-T ...
  -18.2936  -19.9780   34.6390
   -0.4854    0.8385    0.2476
   -0.4056    0.0350   -0.9134
   -0.7745   -0.5438    0.3231
...    16 T-A ...
  -20.6032  -21.6171   36.3148
   -0.6219    0.7448   -0.2419
   -0.1014   -0.3828   -0.9182
   -0.7765   -0.5465    0.3136
...    17 T-A ...
  -23.1219  -23.2396   37.5420
   -0.5603    0.4159   -0.7163
    0.2689   -0.7266   -0.6323
   -0.7834   -0.5469    0.2953
...    18 T-A ...
  -25.7668  -24.7876   38.5710
   -0.2951   -0.0364   -0.9548
    0.5344   -0.8347   -0.1333
   -0.7921   -0.5496    0.2658
...    19 A-T ...
  -28.5777  -26.4590   39.1505
    0.1467   -0.3983   -0.9055
    0.5793   -0.7074    0.4050
   -0.8018   -0.5839    0.1270
...    20 T-A ...
  -31.4892  -27.9579   39.0778
    0.4308   -0.6811   -0.5920
    0.4249   -0.4256    0.7989
   -0.7962   -0.5957    0.1060
...    21 T-A ...
  -34.1269  -29.8355   39.1142
    0.6073   -0.7926   -0.0553
    0.1066    0.0123    0.9942
   -0.7873   -0.6097    0.0919
...    22 C-G ...
  -36.5819  -31.9787   39.2763
    0.5865   -0.6204    0.5207
   -0.2811    0.4470    0.8492
   -0.7596   -0.6444    0.0878
...    23 G-C ...
  -39.0962  -34.0527   39.9231
    0.4121   -0.2088    0.8869
   -0.5911    0.6795    0.4346
   -0.6934   -0.7033    0.1566
...    24 C-G ...
  -41.0460  -36.6780   40.4189
    0.0550    0.2158    0.9749
   -0.7315    0.6733   -0.1078
   -0.6797   -0.7072    0.1949
...    25 A-T ...
  -43.4222  -38.9001   41.0459
   -0.3079    0.6133    0.7273
   -0.6555    0.4173   -0.6294
   -0.6895   -0.6706    0.2736
...    26 A-T ...
  -45.4868  -41.1419   42.1657
   -0.6317    0.7338    0.2500
   -0.3636    0.0044   -0.9315
   -0.6847   -0.6793    0.2641
...    27 A-T ...
  -47.6580  -43.2729   43.2922
   -0.7299    0.6067   -0.3148
    0.0587   -0.4032   -0.9132
   -0.6810   -0.6851    0.2587
...    28 G-C ...
  -50.0297  -45.3059   44.3467
   -0.5482    0.3579   -0.7559
    0.4244   -0.6597   -0.6202
   -0.7206   -0.6608    0.2098
...    29 G-C ...
  -52.7005  -47.2290   45.0460
   -0.1729    0.0145   -0.9848
    0.6355   -0.7623   -0.1228
   -0.7525   -0.6471    0.1226
...    30 C-G ...
  -55.4595  -49.0201   45.2650
    0.2331   -0.3584   -0.9040
    0.6200   -0.6614    0.4221
   -0.7491   -0.6589    0.0680
...    31 C-G ...
  -58.1113  -51.1012   45.0752
    0.5930   -0.5885   -0.5495
    0.3857   -0.3914    0.8355
   -0.7068   -0.7074   -0.0051
...    32 G-C ...
  -60.2393  -53.6487   45.2289
    0.7890   -0.6143   -0.0095
   -0.0206   -0.0418    0.9989
   -0.6140   -0.7880   -0.0456
...    33 G-C ...
  -62.0731  -56.4379   44.7011
    0.7120   -0.4704    0.5214
   -0.4505    0.2636    0.8530
   -0.5386   -0.8422   -0.0242
...    34 C-G ...
  -63.4928  -59.3979   44.3569
    0.3877   -0.2143    0.8965
   -0.7702    0.4591    0.4428
   -0.5065   -0.8622    0.0130
...    35 C-G ...
  -64.8388  -62.4852   44.4671
   -0.0364    0.1363    0.9900
   -0.8727    0.4784   -0.0979
   -0.4870   -0.8675    0.1015
...    36 C-G ...
  -66.2104  -65.4961   45.0762
   -0.4537    0.4408    0.7745
   -0.7342    0.3076   -0.6052
   -0.5050   -0.8433    0.1841
...    37 G-C ...
  -68.2206  -68.1133   45.5109
   -0.7268    0.6206    0.2944
   -0.3878   -0.0170   -0.9216
   -0.5669   -0.7839    0.2531
...    38 A-T ...
  -70.0874  -70.6264   46.4540
   -0.8016    0.5161   -0.3019
    0.0993   -0.3830   -0.9184
   -0.5896   -0.7661    0.2557
...    39 C-G ...
  -72.2554  -72.7634   47.7566
   -0.6234    0.2603   -0.7373
    0.4925   -0.6017   -0.6288
   -0.6073   -0.7551    0.2468
...    40 A-T ...
  -74.2065  -75.3602   48.4101
   -0.1857   -0.0574   -0.9809
    0.7418   -0.6629   -0.1016
   -0.6444   -0.7465    0.1657
...    41 C-G ...
  -76.7886  -77.4039   48.7710
    0.2382   -0.3716   -0.8973
    0.7291   -0.5420    0.4180
   -0.6417   -0.7538    0.1418
...    42 G-C ...
  -78.6500  -80.0966   49.3503
    0.6678   -0.5143   -0.5381
    0.4735   -0.2644    0.8402
   -0.5744   -0.8159    0.0670
...    43 A-T ...
  -80.5599  -82.7392   49.4414
    0.8450   -0.5335    0.0361
    0.0058    0.0767    0.9970
   -0.5347   -0.8423    0.0679
...    44 C-G ...
  -82.1093  -85.6163   49.0531
    0.7543   -0.3821    0.5339
   -0.4289    0.3290    0.8413
   -0.4971   -0.8636    0.0843
...    45 T-A ...
  -83.4164  -88.6387   49.1679
    0.4715   -0.0894    0.8773
   -0.7650    0.4535    0.4573
   -0.4387   -0.8868    0.1454
...    46 T-A ...
  -84.5813  -91.6243   49.5938
   -0.0152    0.1991    0.9799
   -0.9033    0.4175   -0.0988
   -0.4288   -0.8866    0.1735
...    47 A-T ...
  -85.9548  -94.5381   50.3716
   -0.4712    0.4819    0.7387
   -0.7623    0.1988   -0.6159
   -0.4437   -0.8534    0.2737
...    48 C-G ...
  -87.0341  -97.2992   51.8184
   -0.7826    0.5394    0.3109
   -0.4250   -0.0981   -0.8998
   -0.4549   -0.8363    0.3060
...    49 T-A ...
  -88.5879  -99.8711   53.1860
   -0.8686    0.4462   -0.2153
    0.0244   -0.3955   -0.9181
   -0.4948   -0.8028    0.3327
...    50 G-C ...
  -90.3525 -102.5576   53.9835
   -0.6667    0.1912   -0.7204
    0.4981   -0.6047   -0.6215
   -0.5545   -0.7731    0.3079
...    51 T-A ...
  -92.6006 -104.6849   55.2160
   -0.3057   -0.1457   -0.9409
    0.7733   -0.6145   -0.1561
   -0.5555   -0.7753    0.3006
...    52 A-T ...
  -94.2250 -107.4074   56.2739
    0.2255   -0.4923   -0.8407
    0.8090   -0.3863    0.4431
   -0.5429   -0.7800    0.3111
...    53 G-C ...
  -96.2263 -109.9243   57.0532
    0.6446   -0.5703   -0.5091
    0.5841   -0.0622    0.8093
   -0.4932   -0.8191    0.2931
...    54 G-C ...
  -98.0268 -112.7066   57.7124
    0.9025   -0.4292   -0.0364
    0.1584    0.2520    0.9547
   -0.4006   -0.8673    0.2954
...    55 T-A ...
  -99.2224 -115.7408   58.0849
    0.8816   -0.1912    0.4316
   -0.3173    0.4369    0.8417
   -0.3495   -0.8790    0.3245
...    56 A-T ...
  -99.9270 -118.8695   59.0027
    0.6475    0.2213    0.7293
   -0.7350    0.4344    0.5207
   -0.2016   -0.8731    0.4439
...    57 T-A ...
  -99.9499 -121.8877   60.2365
    0.2141    0.4372    0.8735
   -0.9602    0.2583    0.1061
   -0.1793   -0.8615    0.4751
...    58 C-G ...
 -100.3931 -124.5852   61.9847
   -0.3578    0.5533    0.7522
   -0.9201   -0.0716   -0.3850
   -0.1592   -0.8299    0.5348
...    59 T-A ...
 -100.6929 -127.1089   64.0743
   -0.7698    0.4848    0.4151
   -0.6157   -0.3929   -0.6830
   -0.1680   -0.7814    0.6010
...    60 C-G ...
 -101.3625 -129.5018   66.2016
   -0.9833    0.1703   -0.0637
   -0.0588   -0.6292   -0.7751
   -0.1721   -0.7584    0.6287
...    61 G-C ...
 -102.0642 -132.2776   67.9056
   -0.8365   -0.1779   -0.5183
    0.4953   -0.6503   -0.5761
   -0.2346   -0.7386    0.6321
...    62 A-T ...
 -102.8953 -134.6120   70.0690
   -0.3829   -0.5344   -0.7535
    0.8964   -0.4122   -0.1631
   -0.2235   -0.7379    0.6369
...    63 G-C ...
 -103.9331 -136.9714   72.1541
    0.1523   -0.6434   -0.7502
    0.9689   -0.0525    0.2418
   -0.1950   -0.7637    0.6154
...    64 C-G ...
 -104.9569 -139.4747   74.0669
    0.6582   -0.5319   -0.5327
    0.7389    0.3213    0.5922
   -0.1438   -0.7834    0.6046
...    65 T-A ...
 -105.5088 -142.2402   75.7796
    0.9510   -0.2254   -0.2116
    0.3039    0.5559    0.7737
   -0.0568   -0.8001    0.5972
...    66 C-G ...
 -105.6618 -144.9026   77.6318
    0.9589    0.1939    0.2071
   -0.2825    0.5865    0.7591
    0.0257   -0.7864    0.6171
...    67 T-A ...
 -105.2200 -147.5925   79.4466
    0.6834    0.5504    0.4796
   -0.7180    0.3879    0.5780
    0.1321   -0.7394    0.6602
...    68 C-G ...
 -104.5564 -149.8591   81.6502
    0.1547    0.7317    0.6638
   -0.9697   -0.0161    0.2438
    0.1891   -0.6814    0.7070
...    69 A-T ...
 -103.8715 -151.8936   84.1948
   -0.4136    0.6910    0.5928
   -0.8852   -0.4575   -0.0843
    0.2130   -0.5596    0.8009
...    70 T-A ...
 -102.6623 -153.2265   86.9443
   -0.7997    0.3702    0.4727
   -0.5560   -0.7538   -0.3502
    0.2267   -0.5428    0.8086
...    71 G-C ...
 -102.2525 -155.1568   89.5999
   -0.9828   -0.1087    0.1492
    0.0174   -0.8593   -0.5111
    0.1838   -0.4997    0.8465
...    72 T-A ...
 -101.8279 -156.2839   92.7245
   -0.8232   -0.5531   -0.1279
    0.5333   -0.6764   -0.5080
    0.1945   -0.4864    0.8518
...    73 T-A ...
 -101.3708 -157.5798   95.6914
   -0.3441   -0.8765   -0.3367
    0.9061   -0.2160   -0.3637
    0.2461   -0.4302    0.8685
...    74 A-T ...
 -100.0620 -158.8075   98.5409
    0.3169   -0.8320   -0.4553
    0.9056    0.4081   -0.1154
    0.2819   -0.3758    0.8828
...    75 T-A ...
  -99.6785 -160.4070  101.3933
    0.7272   -0.5114   -0.4578
    0.6166    0.7798    0.1083
    0.3017   -0.3610    0.8824
...    76 A-T ...
  -98.6443 -161.8505  104.2055
    0.8834    0.0433   -0.4667
    0.1327    0.9319    0.3376
    0.4495   -0.3602    0.8175
...    77 A-T ...
  -97.0762 -163.1584  106.6881
    0.7776    0.5654   -0.2751
   -0.3605    0.7593    0.5417
    0.5152   -0.3220    0.7943
...    78 C-G ...
  -95.0059 -164.4759  108.7997
    0.4488    0.8929   -0.0360
   -0.6844    0.3694    0.6286
    0.5746   -0.2575    0.7769
...    79 G-C ...
  -93.0592 -164.8127  111.4787
   -0.0822    0.9833    0.1624
   -0.7569   -0.1676    0.6317
    0.6484   -0.0710    0.7580
...    80 G-C ...
  -90.6870 -164.3664  113.8483
   -0.5301    0.7495    0.3966
   -0.5423   -0.6592    0.5209
    0.6518    0.0611    0.7559
...    81 A-T ...
  -88.6201 -163.8694  116.3579
   -0.7532    0.2186    0.6204
   -0.0934   -0.9691    0.2282
    0.6512    0.1139    0.7503
...    82 G-C ...
  -86.5255 -163.1065  118.8287
   -0.6910   -0.3326    0.6418
    0.3450   -0.9319   -0.1115
    0.6352    0.1444    0.7587
...    83 G-C ...
  -84.5719 -162.4099  121.5000
   -0.3955   -0.7972    0.4561
    0.6808   -0.5878   -0.4370
    0.6165    0.1377    0.7753
...    84 G-C ...
  -82.6368 -161.7538  124.1943
    0.0287   -0.9935    0.1105
    0.7747   -0.0478   -0.6305
    0.6317    0.1037    0.7683
...    85 A-T ...
  -80.6607 -161.2263  126.7639
    0.4714   -0.8312   -0.2946
    0.5822    0.5442   -0.6040
    0.6624    0.1132    0.7406
...    86 T-A ...
  -78.8156 -161.3333  129.4831
    0.6927   -0.4462   -0.5666
    0.2514    0.8857   -0.3903
    0.6760    0.1279    0.7258
...    87 C-G ...
  -76.6328 -160.9678  131.8782
    0.6548    0.1313   -0.7443
   -0.2021    0.9793   -0.0051
    0.7282    0.1538    0.6678
...    88 C-G ...
  -73.9892 -160.7614  133.9426
    0.3410    0.5913   -0.7308
   -0.5009    0.7721    0.3910
    0.7955    0.2327    0.5595
...    89 G-C ...
  -71.3566 -159.5894  135.6178
   -0.1281    0.8497   -0.5115
   -0.5482    0.3691    0.7504
    0.8265    0.3765    0.4186
...    90 C-G ...
  -68.4950 -158.1674  136.3870
   -0.4591    0.8860   -0.0657
   -0.3520   -0.1135    0.9291
    0.8157    0.4497    0.3639
...    91 T-A ...
  -65.8549 -156.3593  137.1953
   -0.6274    0.6665    0.4026
   -0.0039   -0.5197    0.8543
    0.7786    0.5345    0.3287
...    92 T-A ...
  -63.3927 -154.3866  137.9880
   -0.4915    0.2680    0.8286
    0.3720   -0.7957    0.4780
    0.7875    0.5432    0.2914
...    93 T-A ...
  -60.9928 -152.3094  138.7533
   -0.1353   -0.2076    0.9688
    0.5881   -0.8038   -0.0901
    0.7974    0.5576    0.2308
...    94 A-T ...
  -57.9636 -150.7828  139.0662
    0.3586   -0.6282    0.6905
    0.5028   -0.4932   -0.7099
    0.7865    0.6017    0.1390
...    95 A-T ...
  -55.5710 -148.6688  139.7311
    0.6178   -0.7703    0.1581
    0.1753   -0.0611   -0.9826
    0.7665    0.6348    0.0973
...    96 C-G ...
  -53.0881 -146.6687  140.6182
    0.5983   -0.7055   -0.3799
   -0.1874    0.3378   -0.9224
    0.7791    0.6230    0.0699
...    97 A-T ...
  -50.5646 -144.4980  140.6725
    0.2896   -0.4731   -0.8320
   -0.4895    0.6738   -0.5535
    0.8225    0.5676   -0.0364
...    98 C-G ...
  -47.5811 -143.1753  140.6602
   -0.0519   -0.1024   -0.9934
   -0.5654    0.8229   -0.0553
    0.8232    0.5588   -0.1006
...    99 T-A ...
  -44.7539 -141.6256  140.0258
   -0.4184    0.2662   -0.8684
   -0.4361    0.7798    0.4492
    0.7967    0.5666   -0.2101
...   100 T-A ...
  -42.1690 -139.9370  139.0938
   -0.6289    0.6192   -0.4702
   -0.1183    0.5216    0.8450
    0.7685    0.5870   -0.2548
...   101 T-A ...
  -39.7626 -138.0956  137.9642
   -0.6092    0.7889    0.0809
    0.2685    0.1092    0.9571
    0.7462    0.6048   -0.2783
...   102 A-T ...
  -37.4278 -135.9243  137.0102
   -0.3867    0.6726    0.6310
    0.6051   -0.3313    0.7240
    0.6960    0.6617   -0.2788
...   103 T-A ...
  -35.6724 -133.4458  135.7032
   -0.0168    0.4235    0.9057
    0.7233   -0.6203    0.3035
    0.6904    0.6602   -0.2959
...   104 G-C ...
  -33.2178 -131.3836  134.8799
    0.3642   -0.0462    0.9302
    0.6212   -0.7321   -0.2796
    0.6939    0.6796   -0.2379
...   105 C-G ...
  -31.1330 -128.8644  134.2883
    0.6286   -0.4545    0.6311
    0.3213   -0.5873   -0.7429
    0.7083    0.6697   -0.2231
...   106 T-A ...
  -28.7962 -126.5572  133.8529
    0.6740   -0.7220    0.1562
   -0.0572   -0.2618   -0.9634
    0.7365    0.6404   -0.2177
...   107 T-A ...
  -26.3881 -124.4260  133.4098
    0.5260   -0.7414   -0.4167
   -0.4417    0.1806   -0.8788
    0.7268    0.6463   -0.2325
...   108 C-G ...
  -23.9575 -122.3652  132.6921
    0.1365   -0.5328   -0.8351
   -0.6675    0.5735   -0.4750
    0.7320    0.6223   -0.2774
...   109 C-G ...
  -21.2771 -120.5855  131.7103
   -0.3166   -0.2184   -0.9231
   -0.6279    0.7777    0.0314
    0.7110    0.5895   -0.3834
...   110 G-C ...
  -19.1909 -118.4332  130.2567
   -0.7038    0.1449   -0.6955
   -0.3310    0.7993    0.5015
    0.6286    0.5832   -0.5146
...   111 G-C ...
  -17.2650 -116.7170  128.0744
   -0.8332    0.4821   -0.2710
    0.1154    0.6308    0.7673
    0.5409    0.6080   -0.5812
...   112 C-G ...
  -15.8158 -114.8603  125.7559
   -0.6684    0.7128    0.2124
    0.5604    0.2949    0.7740
    0.4890    0.6364   -0.5966
...   113 T-A ...
  -14.5842 -112.6987  123.5703
   -0.3064    0.7260    0.6157
    0.8446   -0.0910    0.5276
    0.4391    0.6817   -0.5853
...   114 C-G ...
  -13.2973 -110.3515  121.6794
    0.2356    0.5230    0.8191
    0.8730   -0.4842    0.0581
    0.4270    0.7014   -0.5706
...   115 G-C ...
  -11.5326 -108.2026  119.8352
    0.6431    0.1031    0.7588
    0.6084   -0.6706   -0.4245
    0.4651    0.7346   -0.4940
...   116 T-A ...
  -10.2864 -105.3836  118.5955
    0.8570   -0.2745    0.4362
    0.1846   -0.6269   -0.7569
    0.4812    0.7292   -0.4866
...   117 A-T ...
   -8.7131 -103.0918  116.7424
    0.7839   -0.6135   -0.0955
   -0.3689   -0.3365   -0.8664
    0.4994    0.7144   -0.4901
...   118 T-A ...
   -6.7250 -100.6808  115.7107
    0.4907   -0.7018   -0.5164
   -0.7153    0.0140   -0.6987
    0.4976    0.7123   -0.4951
...   119 A-T ...
   -5.1214  -98.3708  113.9337
   -0.0494   -0.6102   -0.7907
   -0.8610    0.4272   -0.2760
    0.5062    0.6671   -0.5465
...   120 A-T ...
   -3.2829  -96.4037  112.1303
   -0.5296   -0.2754   -0.8023
   -0.6855    0.6960    0.2136
    0.4996    0.6631   -0.5574
...   121 T-A ...
   -1.3464  -94.7882  110.0249
   -0.8076    0.0994   -0.5813
   -0.3288    0.7423    0.5838
    0.4895    0.6627   -0.5668
...   122 G-C ...
    0.0184  -92.4762  108.0507
   -0.9049    0.4152   -0.0939
    0.1874    0.5866    0.7879
    0.3822    0.6953   -0.6086
...   123 T-A ...
    0.9230  -90.4835  105.5723
   -0.6927    0.6320    0.3475
    0.6300    0.2958    0.7180
    0.3510    0.7163   -0.6031
...   124 G-C ...
    2.0072  -87.9272  103.7363
   -0.2590    0.6098    0.7490
    0.9203   -0.0796    0.3830
    0.2932    0.7885   -0.5406
...   125 T-A ...
    2.3393  -85.1993  101.8918
    0.2446    0.4560    0.8557
    0.9244   -0.3761   -0.0638
    0.2927    0.8066   -0.5135
...   126 C-G ...
    3.2302  -82.4719  100.3191
    0.7272    0.1259    0.6748
    0.6142   -0.5585   -0.5576
    0.3067    0.8199   -0.4834
...   127 G-C ...
    4.5458  -79.9709   98.5403
    0.9091   -0.2881    0.3010
    0.1232   -0.5043   -0.8547
    0.3980    0.8141   -0.4229
...   128 A-T ...
    5.8929  -77.2763   97.2588
    0.7981   -0.5512   -0.2433
   -0.4268   -0.2322   -0.8740
    0.4253    0.8014   -0.4206
...   129 C-G ...
    7.7130  -74.6608   96.3551
    0.4505   -0.6093   -0.6525
   -0.7746    0.0966   -0.6250
    0.4438    0.7870   -0.4285
...   130 C-G ...
    9.5211  -72.2104   94.9117
   -0.0724   -0.5179   -0.8524
   -0.8851    0.4273   -0.1844
    0.4598    0.7410   -0.4894
...   131 A-T ...
   10.8731  -69.7036   93.2029
   -0.5993   -0.2501   -0.7604
   -0.6782    0.6633    0.3164
    0.4252    0.7054   -0.5672
...   132 A-T ...
   12.3722  -67.6319   91.1993
   -0.8758    0.1712   -0.4514
   -0.2244    0.6834    0.6947
    0.4274    0.7097   -0.5601
...   133 A-T ...
   13.7220  -65.5049   89.1522
   -0.8524    0.5225    0.0200
    0.3041    0.4643    0.8318
    0.4253    0.7151   -0.5547
...   134 T-A ...
   14.7283  -63.4124   86.8245
   -0.5924    0.6746    0.4405
    0.6886    0.1400    0.7115
    0.4183    0.7248   -0.5474
...   135 G-C ...
   15.7212  -61.4789   83.9378
    0.0342    0.7399    0.6718
    0.8637   -0.3601    0.3526
    0.5028    0.5682   -0.6514
...   136 T-A ...
   15.7740  -59.5466   80.8037
    0.5516    0.4996    0.6680
    0.6739   -0.7388   -0.0038
    0.4916    0.4523   -0.7442
...   137 G-C ...
   16.8281  -57.7077   78.2738
    0.8528   -0.0847    0.5152
    0.1508   -0.9047   -0.3984
    0.4999    0.4175   -0.7588
...   138 A-T ...
   18.4176  -55.5143   76.5363
    0.8547   -0.5007    0.1370
   -0.3189   -0.7148   -0.6224
    0.4096    0.4883   -0.7706
...   139 G-C ...
   20.4153  -54.2947   74.5497
    0.5847   -0.7389   -0.3350
   -0.7594   -0.3532   -0.5465
    0.2854    0.5739   -0.7676
...   140 C-G ...
   21.4164  -51.8109   72.7950
    0.1305   -0.7142   -0.6876
   -0.8897    0.2217   -0.3991
    0.4375    0.6639   -0.6065
...   141 G-C ...
   22.1407  -50.1332   67.4725
   -0.4682   -0.8748    0.1248
   -0.8495    0.4067   -0.3362
    0.2434   -0.2634   -0.9335
...   142 C-G ...
   22.3378  -51.2254   64.5019
   -0.8529   -0.5117   -0.1032
   -0.4974    0.8566   -0.1372
    0.1587   -0.0657   -0.9851
...   143 T-A ...
   24.0060  -51.6203   61.9333
   -0.9563    0.0399   -0.2897
    0.0522    0.9980   -0.0348
    0.2877   -0.0484   -0.9565
...   144 C-G ...
   24.8857  -52.7209   58.9948
   -0.7530    0.5560   -0.3520
    0.5213    0.8304    0.1966
    0.4016   -0.0355   -0.9151
...   145 A-T ...
   25.5174  -52.9612   55.8127
   -0.2441    0.9563   -0.1609
    0.8907    0.2867    0.3528
    0.3835   -0.0571   -0.9218
...   146 C-G ...
   25.2678  -52.4926   52.0871
    0.3203    0.9428   -0.0928
    0.8825   -0.2613    0.3910
    0.3444   -0.2071   -0.9157
...   147 A-T ...
   25.6134  -52.5734   48.6479
    0.8597    0.5097    0.0339
    0.4498   -0.7866    0.4230
    0.2423   -0.3484   -0.9055
