  147 base-pairs
...     1 T-A ...
    0.0000    0.0000    0.0000
    1.0000    0.0000    0.0000
    0.0000    1.0000    0.0000
    0.0000    0.0000    1.0000
...     2 G-C ...
   -0.5555   -1.1003    3.3981
    0.7749    0.6051    0.1828
   -0.5991    0.7953   -0.0929
   -0.2016   -0.0375    0.9787
...     3 T-A ...
   -0.6619   -3.0237    6.5348
    0.3046    0.9250    0.2271
   -0.8994    0.3578   -0.2510
   -0.3134   -0.1278    0.9410
...     4 G-C ...
   -1.1607   -3.8418    9.6940
   -0.3351    0.9421    0.0133
   -0.8752   -0.3061   -0.3746
   -0.3489   -0.1372    0.9271
...     5 A-T ...
   -1.3881   -3.6770   12.8999
   -0.7835    0.6162   -0.0801
   -0.5677   -0.7622   -0.3109
   -0.2527   -0.1981    0.9470
...     6 G-C ...
   -2.6236   -3.5448   15.7072
   -0.9923    0.0611   -0.1075
   -0.0294   -0.9610   -0.2748
   -0.1201   -0.2695    0.9555
...     7 C-G ...
   -2.3138   -3.7570   18.8866
   -0.8620   -0.4995   -0.0864
    0.5008   -0.8655    0.0073
   -0.0785   -0.0370    0.9962
...     8 G-C ...
   -3.9561   -6.8109   23.3205
   -0.2581   -0.3560   -0.8981
    0.6294   -0.7673    0.1233
   -0.7330   -0.5335    0.4221
...     9 C-G ...
   -6.1177   -8.9414   24.2385
    0.1143   -0.7320   -0.6716
    0.8123   -0.3203    0.4874
   -0.5720   -0.6013    0.5580
...    10 T-A ...
   -8.5041   -9.6771   26.0540
    0.4660   -0.8587   -0.2131
    0.6274    0.1508    0.7640
   -0.6239   -0.4897    0.6090
...    11 C-G ...
  -11.0625  -11.3174   27.2336
    0.6660   -0.6911    0.2808
    0.3382    0.6152    0.7121
   -0.6649   -0.3794    0.6435
...    12 A-T ...
  -13.0013  -13.1789   29.0658
    0.7188   -0.1490    0.6790
   -0.1787    0.9043    0.3876
   -0.6718   -0.4000    0.6235
...    13 C-G ...
  -14.1788  -15.9359   31.3399
    0.4052    0.2865    0.8682
   -0.5270    0.8492   -0.0343
   -0.7470   -0.4437    0.4951
...    14 A-T ...
  -15.9532  -18.1566   33.3080
   -0.1503    0.6873    0.7107
   -0.6106    0.5008   -0.6135
   -0.7776   -0.5261    0.3444
...    15 A-T ...
  -18.3011  -19.9822   34.6257
   -0.4895    0.8378    0.2417
   -0.3999    0.0307   -0.9161
   -0.7749   -0.5451    0.3200
...    16 T-A ...
  -20.6205  -21.6235   36.2883
   -0.6224    0.7408   -0.2526
   -0.0908   -0.3888   -0.9168
   -0.7774   -0.5477    0.3093
...    17 T-A ...
  -23.1486  -23.2552   37.4858
   -0.5511    0.4067   -0.7286
    0.2813   -0.7315   -0.6211
   -0.7856   -0.5472    0.2888
...    18 T-A ...
  -25.8019  -24.8142   38.4785
   -0.2756   -0.0501   -0.9600
    0.5404   -0.8340   -0.1116
   -0.7950   -0.5495    0.2569
...    19 A-T ...
  -28.6007  -26.5265   39.0300
    0.1713   -0.4200   -0.8912
    0.5717   -0.6944    0.4371
   -0.8024   -0.5843    0.1211
...    20 T-A ...
  -31.5051  -28.0425   38.9211
    0.4498   -0.6961   -0.5596
    0.4031   -0.4008    0.8227
   -0.7970   -0.5956    0.1003
...    21 T-A ...
  -34.1389  -29.9306   38.9426
    0.6087   -0.7934   -0.0070
    0.0727    0.0469    0.9963
   -0.7901   -0.6069    0.0862
...    22 C-G ...
  -36.6074  -32.0706   39.1013
    0.5620   -0.6005    0.5688
   -0.3144    0.4809    0.8184
   -0.7650   -0.6388    0.0815
...    23 G-C ...
  -39.1816  -34.0963   39.7311
    0.3628   -0.1721    0.9158
   -0.6082    0.7009    0.3726
   -0.7060   -0.6922    0.1496
...    24 C-G ...
  -41.1918  -36.6879   40.2263
   -0.0028    0.2602    0.9656
   -0.7178    0.6718   -0.1831
   -0.6963   -0.6935    0.1849
...    25 A-T ...
  -43.6539  -38.8469   40.7732
   -0.3559    0.6491    0.6723
   -0.6048    0.3884   -0.6952
   -0.7124   -0.6540    0.2543
...    26 A-T ...
  -45.8180  -41.0261   41.8329
   -0.6456    0.7465    0.1609
   -0.2886   -0.0434   -0.9565
   -0.7070   -0.6640    0.2435
...    27 A-T ...
  -48.0869  -43.0977   42.8789
   -0.6980    0.5883   -0.4082
    0.1337   -0.4531   -0.8814
   -0.7035   -0.6698    0.2376
...    28 G-C ...
  -50.5569  -45.0737   43.8307
   -0.4763    0.3117   -0.8222
    0.4760   -0.6948   -0.5392
   -0.7393   -0.6481    0.1826
...    29 G-C ...
  -53.2910  -46.9622   44.3905
   -0.0783   -0.0483   -0.9958
    0.6413   -0.7672   -0.0132
   -0.7633   -0.6396    0.0910
...    30 C-G ...
  -56.0729  -48.7440   44.4539
    0.3200   -0.4178   -0.8503
    0.5720   -0.6303    0.5249
   -0.7553   -0.6544    0.0373
...    31 C-G ...
  -58.7012  -50.8479   44.1455
    0.6436   -0.6256   -0.4410
    0.2936   -0.3303    0.8971
   -0.7068   -0.7068   -0.0289
...    32 G-C ...
  -60.8574  -53.3899   44.2644
    0.7794   -0.6139    0.1253
   -0.1325    0.0339    0.9906
   -0.6124   -0.7886   -0.0549
...    33 G-C ...
  -62.6587  -56.2082   43.7621
    0.6394   -0.4292    0.6379
   -0.5456    0.3313    0.7698
   -0.5418   -0.8402   -0.0224
...    34 C-G ...
  -64.0705  -59.1881   43.4861
    0.2690   -0.1423    0.9526
   -0.8139    0.4953    0.3038
   -0.5151   -0.8570    0.0174
...    35 C-G ...
  -65.4838  -62.2436   43.6759
   -0.1684    0.2168    0.9616
   -0.8458    0.4693   -0.2539
   -0.5063   -0.8560    0.1044
...    36 C-G ...
  -66.9844  -65.1870   44.3260
   -0.5568    0.5020    0.6618
   -0.6367    0.2537   -0.7281
   -0.5334   -0.8268    0.1784
...    37 G-C ...
  -69.0689  -67.7783   44.6572
   -0.7614    0.6359    0.1259
   -0.2418   -0.0984   -0.9653
   -0.6015   -0.7654    0.2287
...    38 A-T ...
  -71.0679  -70.2323   45.5062
   -0.7436    0.4756   -0.4698
    0.2450   -0.4599   -0.8535
   -0.6220   -0.7498    0.2255
...    39 C-G ...
  -73.4180  -72.2860   46.6325
   -0.4944    0.1811   -0.8502
    0.5916   -0.6465   -0.4817
   -0.6369   -0.7411    0.2124
...    40 A-T ...
  -75.4342  -74.8645   47.1988
   -0.0151   -0.1536   -0.9880
    0.7531   -0.6518    0.0898
   -0.6578   -0.7427    0.1255
...    41 C-G ...
  -78.0297  -76.9258   47.3191
    0.3955   -0.4496   -0.8009
    0.6491   -0.4801    0.5901
   -0.6498   -0.7532    0.1020
...    42 G-C ...
  -79.9521  -79.6046   47.8314
    0.7605   -0.5439   -0.3546
    0.3162   -0.1666    0.9339
   -0.5671   -0.8224    0.0453
...    43 A-T ...
  -81.8118  -82.2900   47.8519
    0.8306   -0.4992    0.2467
   -0.1822    0.1750    0.9676
   -0.5262   -0.8486    0.0544
...    44 C-G ...
  -83.2253  -85.2421   47.4796
    0.6427   -0.2996    0.7051
   -0.5886    0.3960    0.7048
   -0.4904   -0.8680    0.0781
...    45 T-A ...
  -84.4909  -88.2844   47.6644
    0.2857    0.0178    0.9582
   -0.8502    0.4660    0.2448
   -0.4422   -0.8846    0.1482
...    46 T-A ...
  -85.6688  -91.2574   48.1620
   -0.2280    0.2927    0.9286
   -0.8706    0.3657   -0.3290
   -0.4359   -0.8835    0.1714
...    47 A-T ...
  -87.2201  -94.1245   48.8183
   -0.6597    0.5084    0.5535
   -0.5954    0.0958   -0.7977
   -0.4585   -0.8558    0.2395
...    48 C-G ...
  -88.5062  -96.8343   50.2221
   -0.8633    0.5019    0.0535
   -0.1772   -0.2020   -0.9632
   -0.4726   -0.8410    0.2633
...    49 T-A ...
  -90.2199  -99.4145   51.3949
   -0.8086    0.3511   -0.4721
    0.2881   -0.4633   -0.8381
   -0.5129   -0.8137    0.2735
...    50 G-C ...
  -91.9319 -102.1948   51.9851
   -0.4624    0.0679   -0.8841
    0.6883   -0.6010   -0.4062
   -0.5589   -0.7964    0.2312
...    51 T-A ...
  -94.2687 -104.4311   52.8076
   -0.0267   -0.2494   -0.9680
    0.8322   -0.5421    0.1167
   -0.5539   -0.8025    0.2220
...    52 A-T ...
  -95.9349 -107.2055   53.6549
    0.4916   -0.5171   -0.7007
    0.6859   -0.2659    0.6774
   -0.5366   -0.8136    0.2240
...    53 G-C ...
  -97.8380 -109.8793   54.0963
    0.8137   -0.5191   -0.2616
    0.3373    0.0550    0.9398
   -0.4734   -0.8530    0.2198
...    54 G-C ...
  -99.4520 -112.8237   54.4844
    0.9160   -0.3136    0.2503
   -0.1459    0.3207    0.9359
   -0.3737   -0.8938    0.2480
...    55 T-A ...
 -100.3647 -115.9604   54.7785
    0.7365   -0.0510    0.6745
   -0.5923    0.4330    0.6795
   -0.3267   -0.9000    0.2886
...    56 A-T ...
 -101.0164 -119.0718   55.7763
    0.3621    0.3372    0.8690
   -0.9052    0.3496    0.2415
   -0.2224   -0.8741    0.4318
...    57 T-A ...
 -101.0554 -122.0191   57.1840
   -0.1256    0.4918    0.8616
   -0.9698    0.1223   -0.2112
   -0.2092   -0.8621    0.4616
...    58 C-G ...
 -101.6921 -124.6990   58.9227
   -0.6528    0.5070    0.5628
   -0.7297   -0.2216   -0.6468
   -0.2032   -0.8330    0.5146
...    59 T-A ...
 -102.2935 -127.2146   60.9780
   -0.9294    0.3499    0.1173
   -0.2909   -0.4990   -0.8163
   -0.2271   -0.7928    0.5656
...    60 C-G ...
 -103.1938 -129.6930   62.9370
   -0.9226   -0.0178   -0.3853
    0.3097   -0.6295   -0.7126
   -0.2298   -0.7768    0.5863
...    61 G-C ...
 -103.8164 -132.5650   64.5278
   -0.5696   -0.3402   -0.7482
    0.7748   -0.5262   -0.3505
   -0.2745   -0.7793    0.5633
...    62 A-T ...
 -104.7906 -135.0379   66.4718
    0.0029   -0.5881   -0.8088
    0.9666   -0.2055    0.1529
   -0.2561   -0.7823    0.5679
...    63 G-C ...
 -105.9118 -137.6177   68.2310
    0.5243   -0.5670   -0.6354
    0.8264    0.1590    0.5401
   -0.2052   -0.8083    0.5519
...    64 C-G ...
 -106.9196 -140.3518   69.8054
    0.8976   -0.3410   -0.2794
    0.4183    0.4588    0.7839
   -0.1391   -0.8205    0.5545
...    65 T-A ...
 -107.3085 -143.2437   71.3422
    0.9946    0.0244    0.1012
   -0.0970    0.5697    0.8161
   -0.0378   -0.8215    0.5690
...    66 C-G ...
 -107.3135 -145.9486   73.1330
    0.7668    0.4151    0.4896
   -0.6405    0.4463    0.6249
    0.0409   -0.7928    0.6081
...    67 G-C ...
 -107.1012 -148.3301   75.4492
    0.2984    0.7233    0.6227
   -0.9405    0.1117    0.3209
    0.1625   -0.6815    0.7136
...    68 G-C ...
 -106.0790 -150.2403   78.0241
   -0.2582    0.7468    0.6129
   -0.9438   -0.3305    0.0051
    0.2063   -0.5771    0.7902
...    69 G-C ...
 -105.2343 -151.6294   80.9840
   -0.7383    0.4981    0.4548
   -0.6437   -0.7218   -0.2543
    0.2016   -0.4805    0.8535
...    70 A-T ...
 -104.6551 -153.0053   83.9215
   -0.9757   -0.0290    0.2172
   -0.0709   -0.8960   -0.4383
    0.2073   -0.4431    0.8722
...    71 T-A ...
 -104.0769 -153.8106   87.0956
   -0.8622   -0.5066   -0.0023
    0.4434   -0.7525   -0.4869
    0.2449   -0.4208    0.8735
...    72 C-G ...
 -103.3648 -155.1234   90.0407
   -0.4154   -0.8679   -0.2725
    0.8708   -0.2928   -0.3949
    0.2629   -0.4013    0.8774
...    73 C-G ...
 -102.7211 -156.4048   93.1079
    0.1187   -0.8658   -0.4861
    0.9496    0.2420   -0.1991
    0.2900   -0.4380    0.8509
...    74 G-C ...
 -101.3964 -157.4817   95.9804
    0.5889   -0.5360   -0.6049
    0.7066    0.7047    0.0635
    0.3923   -0.4648    0.7938
...    75 C-G ...
 -100.4039 -159.3020   98.5441
    0.8423   -0.0450   -0.5371
    0.2735    0.8944    0.3539
    0.4644   -0.4450    0.7657
...    76 T-A ...
  -98.7598 -161.0099  100.8150
    0.8055    0.4584   -0.3756
   -0.1835    0.7956    0.5774
    0.5635   -0.3962    0.7249
...    77 T-A ...
  -96.7899 -162.3459  102.9702
    0.5310    0.8444   -0.0717
   -0.5762    0.4218    0.7001
    0.6214   -0.3304    0.7105
...    78 T-A ...
  -94.5803 -163.3262  105.0856
    0.0905    0.9614    0.2598
   -0.7499   -0.1059    0.6530
    0.6553   -0.2539    0.7114
...    79 A-T ...
  -92.1450 -163.6405  107.3312
   -0.4206    0.7927    0.4412
   -0.6304   -0.6051    0.4863
    0.6525   -0.0736    0.7542
...    80 A-T ...
  -89.9297 -163.5451  109.6941
   -0.6998    0.3168    0.6402
   -0.2619   -0.9477    0.1826
    0.6646   -0.0399    0.7462
...    81 C-G ...
  -87.7757 -162.9674  112.1786
   -0.7310   -0.2248    0.6442
    0.1652   -0.9744   -0.1526
    0.6620   -0.0051    0.7495
...    82 A-T ...
  -85.5380 -163.2586  114.5880
   -0.5086   -0.7519    0.4195
    0.5810   -0.6593   -0.4772
    0.6354    0.0011    0.7722
...    83 C-G ...
  -83.8716 -162.9659  117.4915
   -0.1104   -0.9869    0.1178
    0.7570   -0.1603   -0.6334
    0.6440    0.0192    0.7648
...    84 T-A ...
  -81.9533 -162.9673  120.2062
    0.2945   -0.9216   -0.2529
    0.6844    0.3881   -0.6172
    0.6670    0.0087    0.7450
...    85 T-A ...
  -79.9892 -163.0202  122.7949
    0.6374   -0.5369   -0.5527
    0.3699    0.8424   -0.3918
    0.6759    0.0453    0.7356
...    86 T-A ...
  -77.8583 -163.0674  125.2250
    0.7078    0.0206   -0.7061
   -0.0641    0.9973   -0.0352
    0.7035    0.0702    0.7072
...    87 A-T ...
  -75.2387 -163.1704  127.2906
    0.4125    0.4991   -0.7621
   -0.3931    0.8522    0.3453
    0.8218    0.1571    0.5477
...    88 T-A ...
  -72.2791 -163.0627  128.6131
    0.1210    0.8379   -0.5322
   -0.5334    0.5071    0.6770
    0.8372    0.2019    0.5083
...    89 G-C ...
  -69.4420 -161.9794  130.0296
   -0.3239    0.9296   -0.1758
   -0.4609    0.0072    0.8874
    0.8262    0.3684    0.4261
...    90 C-G ...
  -66.7148 -160.3629  130.9115
   -0.5708    0.7664    0.2946
   -0.1699   -0.4613    0.8708
    0.8033    0.4470    0.3935
...    91 T-A ...
  -64.2061 -158.4811  131.9468
   -0.6160    0.3904    0.6842
    0.2083   -0.7569    0.6195
    0.7597    0.5241    0.3849
...    92 T-A ...
  -61.8632 -156.4740  132.9952
   -0.3472   -0.0884    0.9336
    0.5348   -0.8364    0.1197
    0.7703    0.5409    0.3377
...    93 T-A ...
  -59.5750 -154.3817  134.0270
    0.0823   -0.5176    0.8516
    0.6302   -0.6350   -0.4468
    0.7720    0.5735    0.2740
...    94 C-G ...
  -57.1157 -152.4017  134.9737
    0.4519   -0.7865    0.4210
    0.4454   -0.2100   -0.8703
    0.7729    0.5808    0.2554
...    95 A-T ...
  -54.5208 -150.4021  135.4550
    0.5750   -0.7992   -0.1748
    0.0890    0.2736   -0.9577
    0.8133    0.5352    0.2285
...    96 T-A ...
  -51.8660 -148.9742  136.7726
    0.5378   -0.5575   -0.6325
   -0.2269    0.6268   -0.7454
    0.8120    0.5443    0.2106
...    97 G-C ...
  -49.1221 -147.1566  137.2591
    0.2096   -0.2062   -0.9558
   -0.4831    0.8280   -0.2846
    0.8501    0.5214    0.0740
...    98 T-A ...
  -46.0720 -146.0116  137.3860
   -0.1220    0.1993   -0.9723
   -0.5228    0.8198    0.2336
    0.8437    0.5368    0.0041
...    99 T-A ...
  -43.2795 -144.4236  137.1826
   -0.4401    0.5738   -0.6907
   -0.3599    0.5920    0.7211
    0.8226    0.5660   -0.0540
...   100 A-T ...
  -40.6719 -142.5027  136.3618
   -0.7021    0.6817   -0.2059
   -0.0308    0.2599    0.9652
    0.7114    0.6840   -0.1615
...   101 T-A ...
  -38.5442 -140.3289  135.1431
   -0.6392    0.7080    0.3004
    0.3347   -0.0957    0.9375
    0.6924    0.6997   -0.1758
...   102 A-T ...
  -36.3761 -137.8677  134.5912
   -0.3613    0.4896    0.7936
    0.6745   -0.4505    0.5849
    0.6439    0.7466   -0.1674
...   103 A-T ...
  -34.5627 -135.2483  133.9149
    0.1098    0.1735    0.9787
    0.7637   -0.6449    0.0287
    0.6361    0.7443   -0.2034
...   104 C-G ...
  -32.9467 -132.3723  133.3959
    0.4930   -0.1877    0.8495
    0.5995   -0.6343   -0.4881
    0.6305    0.7500   -0.2002
...   105 G-C ...
  -30.6585 -130.1632  132.4062
    0.6990   -0.5613    0.4430
    0.2225   -0.4180   -0.8808
    0.6796    0.7143   -0.1673
...   106 G-C ...
  -28.4339 -127.6591  132.0707
    0.6592   -0.7467   -0.0892
   -0.1955   -0.0556   -0.9791
    0.7261    0.6628   -0.1826
...   107 A-T ...
  -26.0845 -125.4540  131.5668
    0.3959   -0.6694   -0.6286
   -0.5504    0.3750   -0.7460
    0.7351    0.6413   -0.2199
...   108 C-G ...
  -23.3146 -123.7499  131.1381
    0.0272   -0.4153   -0.9093
   -0.6753    0.6631   -0.3230
    0.7370    0.6228   -0.2624
...   109 C-G ...
  -20.6326 -121.9908  130.1335
   -0.4120   -0.0801   -0.9077
   -0.5780    0.7930    0.1925
    0.7044    0.6039   -0.3730
...   110 G-C ...
  -18.5802 -119.7808  128.7424
   -0.7557    0.2590   -0.6016
   -0.2406    0.7445    0.6228
    0.6092    0.6154   -0.5003
...   111 G-C ...
  -16.7868 -117.9030  126.5822
   -0.8286    0.5435   -0.1342
    0.2159    0.5315    0.8191
    0.5165    0.6498   -0.5577
...   112 C-G ...
  -15.4666 -115.8491  124.3616
   -0.6117    0.7092    0.3505
    0.6403    0.1836    0.7458
    0.4646    0.6806   -0.5665
...   113 T-A ...
  -14.3354 -113.5100  122.3153
   -0.2185    0.6654    0.7138
    0.8816   -0.1790    0.4367
    0.4184    0.7247   -0.5475
...   114 C-G ...
  -13.1142 -111.0238  120.5701
    0.3261    0.4250    0.8444
    0.8524   -0.5184   -0.0682
    0.4088    0.7420   -0.5313
...   115 G-C ...
  -11.4240 -108.7700  118.7996
    0.7053    0.0032    0.7089
    0.5428   -0.6456   -0.5372
    0.4560    0.7636   -0.4571
...   116 T-A ...
  -10.1640 -105.8903  117.7376
    0.8753   -0.3452    0.3387
    0.0998   -0.5563   -0.8250
    0.4732    0.7559   -0.4524
...   117 A-T ...
   -8.6204 -103.4752  116.0447
    0.7488   -0.6325   -0.1982
   -0.4362   -0.2451   -0.8658
    0.4990    0.7348   -0.4594
...   118 T-A ...
   -6.5956 -101.0667  115.0933
    0.4285   -0.6748   -0.6008
   -0.7538    0.0996   -0.6495
    0.4981    0.7312   -0.4660
...   119 A-T ...
   -4.9295  -98.7289  113.4319
   -0.1149   -0.5585   -0.8215
   -0.8558    0.4755   -0.2036
    0.5044    0.6797   -0.5326
...   120 A-T ...
   -3.1060  -96.7365  111.6462
   -0.5785   -0.2130   -0.7874
   -0.6475    0.7070    0.2845
    0.4960    0.6744   -0.5469
...   121 T-A ...
   -1.2191  -95.0828  109.5302
   -0.8307    0.1544   -0.5349
   -0.2746    0.7222    0.6349
    0.4843    0.6743   -0.5575
...   122 G-C ...
    0.1153  -92.7368  107.5835
   -0.8961    0.4426   -0.0331
    0.2395    0.5449    0.8035
    0.3737    0.7121   -0.5943
...   123 T-A ...
    0.9615  -90.6629  105.1571
   -0.6613    0.6323    0.4035
    0.6672    0.2501    0.7016
    0.3427    0.7332   -0.5873
...   124 G-C ...
    2.0105  -88.0583  103.3798
   -0.2172    0.5838    0.7823
    0.9324   -0.1130    0.3432
    0.2887    0.8040   -0.5198
...   125 T-A ...
    2.3270  -85.2703  101.6297
    0.2829    0.4185    0.8630
    0.9144   -0.3893   -0.1109
    0.2895    0.8205   -0.4928
...   126 C-G ...
    3.2052  -82.5019  100.1318
    0.7497    0.0901    0.6556
    0.5872   -0.5474   -0.5963
    0.3052    0.8320   -0.4633
...   127 G-C ...
    4.4937  -79.9632   98.4061
    0.9118   -0.3112    0.2680
    0.0934   -0.4784   -0.8732
    0.3999    0.8212   -0.4072
...   128 A-T ...
    5.8429  -77.2506   97.1814
    0.7846   -0.5557   -0.2750
   -0.4481   -0.2017   -0.8709
    0.4285    0.8065   -0.4073
...   129 C-G ...
    7.6802  -74.6438   96.3126
    0.4312   -0.6000   -0.6739
   -0.7834    0.1216   -0.6095
    0.4477    0.7907   -0.4175
...   130 C-G ...
    9.5072  -72.1941   94.9021
   -0.0893   -0.5021   -0.8602
   -0.8822    0.4407   -0.1657
    0.4623    0.7441   -0.4823
...   131 A-T ...
   10.8856  -69.6977   93.2095
   -0.6080   -0.2380   -0.7575
   -0.6698    0.6660    0.3283
    0.4264    0.7069   -0.5643
...   132 A-T ...
   12.3833  -67.6289   91.2050
   -0.8776    0.1777   -0.4453
   -0.2170    0.6811    0.6993
    0.4275    0.7104   -0.5591
...   133 A-T ...
   13.7265  -65.5052   89.1524
   -0.8514    0.5239    0.0232
    0.3071    0.4622    0.8319
    0.4251    0.7154   -0.5545
...   134 T-A ...
   14.7283  -63.4124   86.8245
   -0.5924    0.6746    0.4405
    0.6886    0.1400    0.7115
    0.4183    0.7248   -0.5474
...   135 G-C ...
   15.7212  -61.4789   83.9377
    0.0342    0.7399    0.6718
    0.8637   -0.3601    0.3526
    0.5028    0.5682   -0.6514
...   136 T-A ...
   15.7740  -59.5466   80.8036
    0.5516    0.4996    0.6680
    0.6739   -0.7388   -0.0038
    0.4916    0.4523   -0.7442
...   137 G-C ...
   16.8281  -57.7077   78.2738
    0.8528   -0.0847    0.5152
    0.1508   -0.9047   -0.3984
    0.4999    0.4175   -0.7588
...   138 A-T ...
   18.4176  -55.5143   76.5362
    0.8547   -0.5007    0.1370
   -0.3189   -0.7148   -0.6224
    0.4096    0.4883   -0.7706
...   139 G-C ...
   20.4153  -54.2947   74.5496
    0.5847   -0.7389   -0.3350
   -0.7594   -0.3532   -0.5465
    0.2854    0.5739   -0.7676
...   140 C-G ...
   21.4164  -51.8109   72.7950
    0.1305   -0.7142   -0.6876
   -0.8897    0.2217   -0.3991
    0.4375    0.6639   -0.6065
...   141 G-C ...
   22.1407  -50.1332   67.4725
   -0.4682   -0.8748    0.1248
   -0.8495    0.4067   -0.3362
    0.2434   -0.2634   -0.9335
...   142 C-G ...
   22.3378  -51.2253   64.5019
   -0.8529   -0.5117   -0.1032
   -0.4974    0.8566   -0.1372
    0.1587   -0.0657   -0.9851
...   143 T-A ...
   24.0060  -51.6203   61.9332
   -0.9563    0.0399   -0.2897
    0.0522    0.9980   -0.0348
    0.2877   -0.0484   -0.9565
...   144 C-G ...
   24.8857  -52.7208   58.9948
   -0.7530    0.5560   -0.3520
    0.5213    0.8304    0.1966
    0.4016   -0.0355   -0.9151
...   145 A-T ...
   25.5174  -52.9611   55.8127
   -0.2441    0.9563   -0.1609
    0.8907    0.2867    0.3528
    0.3835   -0.0571   -0.9218
...   146 C-G ...
   25.2677  -52.4926   52.0871
    0.3203    0.9428   -0.0928
    0.8825   -0.2613    0.3910
    0.3444   -0.2071   -0.9157
...   147 A-T ...
   25.6133  -52.5734   48.6479
    0.8597    0.5097    0.0339
    0.4498   -0.7866    0.4230
    0.2423   -0.3484   -0.9055
