  147 base-pairs
...     1 T-A ...
    0.0000    0.0000    0.0000
    1.0000    0.0000    0.0000
    0.0000    1.0000    0.0000
    0.0000    0.0000    1.0000
...     2 G-C ...
   -0.5555   -1.1003    3.3981
    0.7749    0.6051    0.1828
   -0.5991    0.7953   -0.0929
   -0.2016   -0.0375    0.9787
...     3 T-A ...
   -0.6619   -3.0237    6.5348
    0.3046    0.9250    0.2271
   -0.8994    0.3578   -0.2510
   -0.3134   -0.1278    0.9410
...     4 G-C ...
   -1.1607   -3.8418    9.6940
   -0.3351    0.9421    0.0133
   -0.8752   -0.3061   -0.3746
   -0.3489   -0.1372    0.9271
...     5 A-T ...
   -1.3881   -3.6770   12.8999
   -0.7835    0.6162   -0.0801
   -0.5677   -0.7622   -0.3109
   -0.2527   -0.1981    0.9470
...     6 G-C ...
   -2.6236   -3.5448   15.7072
   -0.9923    0.0611   -0.1075
   -0.0294   -0.9610   -0.2748
   -0.1201   -0.2695    0.9555
...     7 C-G ...
   -2.3138   -3.7570   18.8866
   -0.8620   -0.4995   -0.0864
    0.5008   -0.8655    0.0073
   -0.0785   -0.0370    0.9962
...     8 G-C ...
   -3.9561   -6.8109   23.3205
   -0.2581   -0.3560   -0.8981
    0.6294   -0.7673    0.1233
   -0.7330   -0.5335    0.4221
...     9 C-G ...
   -6.1177   -8.9414   24.2385
    0.1143   -0.7320   -0.6716
    0.8123   -0.3203    0.4874
   -0.5720   -0.6013    0.5580
...    10 T-A ...
   -8.5041   -9.6771   26.0540
    0.4660   -0.8587   -0.2131
    0.6274    0.1508    0.7640
   -0.6239   -0.4897    0.6090
...    11 C-G ...
  -11.0625  -11.3174   27.2336
    0.6660   -0.6911    0.2808
    0.3382    0.6152    0.7121
   -0.6649   -0.3794    0.6435
...    12 A-T ...
  -13.0013  -13.1789   29.0658
    0.7188   -0.1490    0.6790
   -0.1787    0.9043    0.3876
   -0.6718   -0.4000    0.6235
...    13 C-G ...
  -14.1788  -15.9359   31.3399
    0.4052    0.2865    0.8682
   -0.5270    0.8492   -0.0343
   -0.7470   -0.4437    0.4951
...    14 A-T ...
  -15.9532  -18.1566   33.3080
   -0.1503    0.6873    0.7107
   -0.6106    0.5008   -0.6135
   -0.7776   -0.5261    0.3444
...    15 A-T ...
  -18.2975  -19.9802   34.6327
   -0.4881    0.8380    0.2441
   -0.4027    0.0320   -0.9148
   -0.7744   -0.5448    0.3218
...    16 T-A ...
  -20.6108  -21.6220   36.3036
   -0.6232    0.7416   -0.2482
   -0.0954   -0.3871   -0.9171
   -0.7762   -0.5479    0.3120
...    17 T-A ...
  -23.1312  -23.2528   37.5190
   -0.5569    0.4081   -0.7234
    0.2770   -0.7298   -0.6250
   -0.7830   -0.5484    0.2934
...    18 T-A ...
  -25.7752  -24.8122   38.5360
   -0.2856   -0.0479   -0.9571
    0.5403   -0.8329   -0.1195
   -0.7915   -0.5513    0.2638
...    19 A-T ...
  -28.5637  -26.5251   39.1186
    0.1595   -0.4159   -0.8953
    0.5789   -0.6952    0.4261
   -0.7996   -0.5863    0.1298
...    20 T-A ...
  -31.4661  -28.0451   39.0449
    0.4425   -0.6921   -0.5702
    0.4167   -0.4043    0.8141
   -0.7941   -0.5979    0.1095
...    21 T-A ...
  -34.0940  -29.9386   39.0962
    0.6114   -0.7909   -0.0240
    0.0904    0.0398    0.9951
   -0.7861   -0.6106    0.0959
...    22 C-G ...
  -36.5477  -32.0882   39.2820
    0.5775   -0.6025    0.5510
   -0.2993    0.4717    0.8294
   -0.7596   -0.6439    0.0921
...    23 G-C ...
  -39.0835  -34.1430   39.9461
    0.3889   -0.1786    0.9038
   -0.6029    0.6924    0.3963
   -0.6966   -0.6990    0.1615
...    24 C-G ...
  -41.0513  -36.7552   40.4748
    0.0251    0.2497    0.9680
   -0.7283    0.6678   -0.1534
   -0.6848   -0.7012    0.1986
...    25 A-T ...
  -43.4622  -38.9492   41.0909
   -0.3357    0.6386    0.6924
   -0.6325    0.3919   -0.6681
   -0.6980   -0.6623    0.2724
...    26 A-T ...
  -45.5672  -41.1560   42.2086
   -0.6436    0.7400    0.1956
   -0.3256   -0.0334   -0.9449
   -0.6927   -0.6718    0.2624
...    27 A-T ...
  -47.7778  -43.2548   43.3218
   -0.7180    0.5890   -0.3709
    0.1000   -0.4400   -0.8924
   -0.6889   -0.6778    0.2570
...    28 G-C ...
  -50.1893  -45.2600   44.3516
   -0.5138    0.3206   -0.7957
    0.4561   -0.6835   -0.5699
   -0.7266   -0.6558    0.2050
...    29 G-C ...
  -52.8811  -47.1744   45.0068
   -0.1238   -0.0330   -0.9918
    0.6447   -0.7624   -0.0551
   -0.7543   -0.6462    0.1156
...    30 C-G ...
  -55.6425  -48.9761   45.1728
    0.2816   -0.4010   -0.8717
    0.6005   -0.6350    0.4861
   -0.7484   -0.6603    0.0620
...    31 C-G ...
  -58.2690  -51.0902   44.9550
    0.6248   -0.6125   -0.4841
    0.3405   -0.3442    0.8750
   -0.7026   -0.7115   -0.0065
...    32 G-C ...
  -60.3970  -53.6460   45.1338
    0.7895   -0.6095    0.0716
   -0.0798    0.0137    0.9967
   -0.6085   -0.7927   -0.0378
...    33 G-C ...
  -62.1969  -56.4697   44.6665
    0.6777   -0.4361    0.5920
   -0.5041    0.3106    0.8058
   -0.5353   -0.8446   -0.0094
...    34 C-G ...
  -63.5940  -59.4544   44.4076
    0.3261   -0.1593    0.9318
   -0.7985    0.4812    0.3617
   -0.5061   -0.8620    0.0297
...    35 C-G ...
  -64.9574  -62.5309   44.6133
   -0.1088    0.1952    0.9747
   -0.8635    0.4672   -0.1900
   -0.4924   -0.8623    0.1178
...    36 C-G ...
  -66.3811  -65.5035   45.2973
   -0.5140    0.4839    0.7083
   -0.6854    0.2648   -0.6783
   -0.5158   -0.8341    0.1956
...    37 G-C ...
  -68.4193  -68.1109   45.7222
   -0.7521    0.6301    0.1934
   -0.3092   -0.0781   -0.9478
   -0.5820   -0.7726    0.2536
...    38 A-T ...
  -70.3470  -70.5859   46.6587
   -0.7760    0.4852   -0.4030
    0.1820   -0.4395   -0.8796
   -0.6039   -0.7559    0.2527
...    39 C-G ...
  -72.6063  -72.6669   47.9054
   -0.5565    0.2019   -0.8060
    0.5527   -0.6343   -0.5405
   -0.6204   -0.7463    0.2413
...    40 A-T ...
  -74.5804  -75.2538   48.5554
   -0.0920   -0.1276   -0.9875
    0.7553   -0.6552    0.0143
   -0.6489   -0.7446    0.1567
...    41 C-G ...
  -77.1648  -77.3133   48.8199
    0.3286   -0.4290   -0.8414
    0.6914   -0.4976    0.5238
   -0.6434   -0.7539    0.1331
...    42 G-C ...
  -79.0471  -79.9981   49.4119
    0.7252   -0.5379   -0.4298
    0.3897   -0.1938    0.9003
   -0.5676   -0.8204    0.0691
...    43 A-T ...
  -80.9205  -82.6704   49.5097
    0.8437   -0.5114    0.1629
   -0.0995    0.1492    0.9838
   -0.5274   -0.8463    0.0750
...    44 C-G ...
  -82.3849  -85.6016   49.1781
    0.6972   -0.3248    0.6391
   -0.5222    0.3806    0.7632
   -0.4911   -0.8658    0.0957
...    45 T-A ...
  -83.6597  -88.6367   49.3844
    0.3696   -0.0127    0.9291
   -0.8191    0.4676    0.3322
   -0.4387   -0.8838    0.1624
...    46 T-A ...
  -84.8244  -91.6100   49.9025
   -0.1366    0.2695    0.9533
   -0.8918    0.3856   -0.2368
   -0.4314   -0.8824    0.1877
...    47 A-T ...
  -86.2981  -94.4837   50.6711
   -0.5833    0.5110    0.6314
   -0.6742    0.1290   -0.7272
   -0.4530   -0.8499    0.2693
...    48 C-G ...
  -87.4945  -97.1893   52.1465
   -0.8364    0.5248    0.1583
   -0.2875   -0.1741   -0.9418
   -0.4667   -0.8332    0.2964
...    49 T-A ...
  -89.1470  -99.7396   53.4518
   -0.8431    0.3895   -0.3708
    0.1756   -0.4523   -0.8744
   -0.5082   -0.8024    0.3129
...    50 C-G ...
  -90.9513 -102.2672   54.5115
   -0.5752    0.0543   -0.8162
    0.6313   -0.6050   -0.4852
   -0.5202   -0.7944    0.3137
...    51 A-T ...
  -92.5169 -105.0375   55.4319
   -0.0752   -0.2511   -0.9650
    0.8388   -0.5392    0.0749
   -0.5392   -0.8039    0.2511
...    52 T-A ...
  -94.8330 -107.3206   56.0302
    0.3538   -0.4983   -0.7916
    0.7680   -0.3283    0.5499
   -0.5338   -0.8025    0.2665
...    53 G-C ...
  -96.4523 -110.0907   56.8966
    0.7733   -0.5091   -0.3779
    0.4408    0.0034    0.8976
   -0.4557   -0.8607    0.2271
...    54 T-A ...
  -98.0416 -112.9815   57.0207
    0.9110   -0.3937    0.1227
   -0.0124    0.2714    0.9624
   -0.4122   -0.8783    0.2424
...    55 T-A ...
  -99.2892 -115.9081   57.5846
    0.7718   -0.1408    0.6201
   -0.5107    0.4437    0.7364
   -0.3788   -0.8851    0.2705
...    56 A-T ...
 -100.1105 -119.0151   58.4679
    0.4490    0.2655    0.8532
   -0.8533    0.4107    0.3212
   -0.2651   -0.8722    0.4110
...    57 T-A ...
 -100.3027 -122.0096   59.7532
   -0.0197    0.4617    0.8868
   -0.9679    0.2133   -0.1326
   -0.2504   -0.8610    0.4427
...    58 A-T ...
 -101.0664 -124.7423   61.4710
   -0.5255    0.5917    0.6113
   -0.8100   -0.1283   -0.5721
   -0.2601   -0.7958    0.5468
...    59 A-T ...
 -101.7504 -127.1856   63.4914
   -0.8929    0.4099    0.1864
   -0.3780   -0.4573   -0.8050
   -0.2447   -0.7892    0.5632
...    60 C-G ...
 -102.5473 -129.3659   65.8790
   -0.9581    0.1138   -0.2628
    0.1370   -0.6235   -0.7697
   -0.2514   -0.7735    0.5818
...    61 G-C ...
 -103.3845 -132.2079   67.4174
   -0.6988   -0.2246   -0.6792
    0.6454   -0.6075   -0.4631
   -0.3086   -0.7619    0.5694
...    62 G-C ...
 -104.6776 -134.6339   69.3841
   -0.2164   -0.4880   -0.8456
    0.9224   -0.3861   -0.0132
   -0.3200   -0.7828    0.5336
...    63 A-T ...
 -105.8302 -137.1056   71.2142
    0.3719   -0.6117   -0.6982
    0.8809   -0.0046    0.4733
   -0.2927   -0.7911    0.5372
...    64 T-A ...
 -107.2866 -139.7552   72.5298
    0.7655   -0.5283   -0.3673
    0.5798    0.3188    0.7498
   -0.2790   -0.7869    0.5504
...    65 G-C ...
 -108.0648 -142.4332   74.3623
    0.9878   -0.1546    0.0165
    0.0735    0.5575    0.8269
   -0.1370   -0.8157    0.5620
...    66 T-A ...
 -108.3218 -145.4098   75.6831
    0.8984    0.2072    0.3873
   -0.4334    0.5613    0.7051
   -0.0713   -0.8013    0.5940
...    67 A-T ...
 -107.9141 -148.2042   77.4865
    0.5633    0.6290    0.5357
   -0.8194    0.3424    0.4597
    0.1057   -0.6979    0.7083
...    68 G-C ...
 -107.1568 -150.4207   79.7849
    0.0601    0.7873    0.6137
   -0.9856   -0.0504    0.1612
    0.1578   -0.6145    0.7729
...    69 G-C ...
 -106.2622 -152.0006   82.6237
   -0.4835    0.6998    0.5258
   -0.8567   -0.5017   -0.1200
    0.1799   -0.5085    0.8421
...    70 T-A ...
 -105.2909 -153.1367   85.5638
   -0.8610    0.3480    0.3708
   -0.4753   -0.8099   -0.3436
    0.1808   -0.4721    0.8628
...    71 A-T ...
 -104.7651 -155.0996   88.2584
   -0.9538   -0.2740    0.1232
    0.1821   -0.8534   -0.4884
    0.2389   -0.4434    0.8639
...    72 T-A ...
 -104.2468 -155.9721   91.4270
   -0.7125   -0.6936   -0.1063
    0.6452   -0.5881   -0.4877
    0.2757   -0.4160    0.8665
...    73 C-G ...
 -103.4209 -157.2630   94.3465
   -0.1827   -0.9137   -0.3629
    0.9376   -0.0508   -0.3440
    0.2959   -0.4031    0.8660
...    74 T-A ...
 -102.7140 -158.7045   97.2528
    0.3265   -0.7891   -0.5203
    0.8854    0.4480   -0.1238
    0.3308   -0.4202    0.8450
...    75 C-G ...
 -101.7465 -160.0653  100.0746
    0.7622   -0.3630   -0.5360
    0.5206    0.8359    0.1742
    0.3848   -0.4118    0.8260
...    76 G-C ...
 -100.3847 -161.1308  102.9214
    0.8384    0.2037   -0.5055
    0.0288    0.9097    0.4143
    0.5442   -0.3619    0.7568
...    77 A-T ...
  -98.5619 -162.3514  105.2888
    0.6552    0.7075   -0.2648
   -0.4362    0.6405    0.6321
    0.6168   -0.2987    0.7283
...    78 G-C ...
  -96.2327 -163.3142  107.3746
    0.2715    0.9624   -0.0083
   -0.6809    0.1982    0.7051
    0.6802   -0.1857    0.7091
...    79 C-G ...
  -93.6119 -163.5925  109.3147
   -0.1774    0.9352    0.3066
   -0.6844   -0.3411    0.6444
    0.7072   -0.0955    0.7006
...    80 T-A ...
  -91.1112 -163.4602  111.4434
   -0.5506    0.6340    0.5431
   -0.4445   -0.7733    0.4521
    0.7066    0.0075    0.7076
...    81 C-G ...
  -88.9275 -163.1490  113.8586
   -0.7101    0.0668    0.7009
   -0.0063   -0.9960    0.0886
    0.7040    0.0585    0.7077
...    82 G-C ...
  -86.7199 -163.3865  116.3454
   -0.6099   -0.5118    0.6051
    0.4403   -0.8537   -0.2782
    0.6589    0.0968    0.7460
...    83 G-C ...
  -84.6816 -162.8789  118.9912
   -0.2811   -0.9002    0.3325
    0.7100   -0.4282   -0.5591
    0.6457    0.0789    0.7595
...    84 G-C ...
  -82.6658 -162.4453  121.6671
    0.1297   -0.9897   -0.0609
    0.7338    0.1371   -0.6654
    0.6669    0.0416    0.7440
...    85 A-T ...
  -80.5893 -162.1558  124.1848
    0.5187   -0.7234   -0.4556
    0.4931    0.6885   -0.5319
    0.6984    0.0513    0.7138
...    86 T-A ...
  -78.5617 -162.5439  126.7361
    0.6831   -0.2852   -0.6723
    0.1551    0.9563   -0.2480
    0.7137    0.0651    0.6975
...    87 C-G ...
  -76.2358 -162.4031  129.0063
    0.5876    0.3016   -0.7509
   -0.2676    0.9482    0.1714
    0.7636    0.1002    0.6378
...    88 C-G ...
  -73.4468 -162.3324  130.8760
    0.2477    0.7240   -0.6438
   -0.5152    0.6612    0.5454
    0.8205    0.1966    0.5368
...    89 G-C ...
  -70.7637 -161.2473  132.5168
   -0.2129    0.9103   -0.3551
   -0.5052    0.2085    0.8374
    0.8363    0.3577    0.4154
...    90 C-G ...
  -67.9297 -159.7836  133.3058
   -0.5049    0.8558    0.1128
   -0.2697   -0.2806    0.9212
    0.8200    0.4346    0.3725
...    91 T-A ...
  -65.3158 -157.9796  134.1979
   -0.6196    0.5595    0.5504
    0.0878   -0.6475    0.7570
    0.7800    0.5174    0.3521
...    92 T-A ...
  -62.8741 -156.0257  135.0981
   -0.4289    0.1107    0.8966
    0.4397   -0.8414    0.3142
    0.7892    0.5289    0.3122
...    93 T-A ...
  -60.4926 -153.9766  135.9864
   -0.0455   -0.3605    0.9317
    0.6040   -0.7528   -0.2618
    0.7957    0.5508    0.2519
...    94 A-T ...
  -57.5169 -152.3746  136.3144
    0.4252   -0.7127    0.5580
    0.4585   -0.3619   -0.8117
    0.7804    0.6009    0.1728
...    95 A-T ...
  -55.1259 -150.3134  137.1200
    0.6403   -0.7681   -0.0035
    0.1039    0.0912   -0.9904
    0.7610    0.6338    0.1382
...    96 C-G ...
  -52.6170 -148.4144  138.1193
    0.5774   -0.6295   -0.5200
   -0.2567    0.4646   -0.8475
    0.7751    0.6228    0.1067
...    97 A-T ...
  -50.0916 -146.2575  138.3301
    0.2322   -0.3501   -0.9075
   -0.5295    0.7371   -0.4199
    0.8159    0.5780   -0.0141
...    98 C-G ...
  -47.1212 -144.9175  138.2874
   -0.1209    0.0304   -0.9922
   -0.5686    0.8172    0.0943
    0.8137    0.5756   -0.0815
...    99 T-A ...
  -44.3440 -143.2814  137.6644
   -0.4769    0.3728   -0.7960
   -0.4027    0.7123    0.5748
    0.7813    0.5947   -0.1895
...   100 T-A ...
  -41.8229 -141.4771  136.7755
   -0.6567    0.6707   -0.3447
   -0.0589    0.4101    0.9101
    0.7518    0.6180   -0.2298
...   101 T-A ...
  -39.4870 -139.5056  135.7180
   -0.5965    0.7723    0.2184
    0.3322   -0.0102    0.9432
    0.7307    0.6352   -0.2505
...   102 A-T ...
  -37.1870 -137.2509  134.8935
   -0.3335    0.5940    0.7321
    0.6474   -0.4201    0.6359
    0.6853    0.6860   -0.2445
...   103 T-A ...
  -35.4856 -134.6469  133.7704
    0.0507    0.3134    0.9483
    0.7319   -0.6577    0.1783
    0.6795    0.6850   -0.2627
...   104 G-C ...
  -33.0617 -132.5279  133.0205
    0.4226   -0.1568    0.8926
    0.5885   -0.7015   -0.4019
    0.6892    0.6952   -0.2042
...   105 C-G ...
  -30.9800 -129.9821  132.5763
    0.6577   -0.5304    0.5350
    0.2626   -0.5042   -0.8227
    0.7061    0.6815   -0.1924
...   106 T-A ...
  -28.6284 -127.6778  132.2534
    0.6662   -0.7449    0.0365
   -0.1200   -0.1554   -0.9805
    0.7360    0.6489   -0.1929
...   107 T-A ...
  -26.2013 -125.5565  131.8929
    0.4828   -0.7046   -0.5200
   -0.4861    0.2783   -0.8284
    0.7285    0.6527   -0.2081
...   108 C-G ...
  -23.7608 -123.4929  131.2430
    0.0763   -0.4519   -0.8888
   -0.6769    0.6310   -0.3789
    0.7321    0.6306   -0.2578
...   109 C-G ...
  -21.0846 -121.7014  130.2766
   -0.3713   -0.1256   -0.9200
   -0.6041    0.7851    0.1366
    0.7051    0.6065   -0.3674
...   110 G-C ...
  -19.0261 -119.4880  128.8907
   -0.7353    0.2197   -0.6411
   -0.2825    0.7605    0.5847
    0.6160    0.6110   -0.4971
...   111 G-C ...
  -17.1797 -117.6424  126.7465
   -0.8331    0.5208   -0.1862
    0.1714    0.5631    0.8084
    0.5259    0.6416   -0.5584
...   112 C-G ...
  -15.8058 -115.6359  124.5119
   -0.6383    0.7079    0.3023
    0.6062    0.2203    0.7642
    0.4744    0.6710   -0.5698
...   113 T-A ...
  -14.6322 -113.3404  122.4374
   -0.2574    0.6832    0.6834
    0.8668   -0.1493    0.4758
    0.4270    0.7148   -0.5538
...   114 C-G ...
  -13.3824 -110.8879  120.6619
    0.2872    0.4557    0.8425
    0.8624   -0.5058   -0.0205
    0.4168    0.7325   -0.5383
...   115 G-C ...
  -11.6584 -108.6580  118.8867
    0.6792    0.0349    0.7331
    0.5714   -0.6521   -0.4983
    0.4607    0.7573   -0.4629
...   116 T-A ...
  -10.4008 -105.7896  117.7877
    0.8679   -0.3223    0.3780
    0.1362   -0.5774   -0.8050
    0.4777    0.7502   -0.4572
...   117 A-T ...
   -8.8382 -103.4035  116.0631
    0.7636   -0.6255   -0.1601
   -0.4065   -0.2730   -0.8719
    0.5017    0.7309   -0.4627
...   118 T-A ...
   -6.8210 -100.9873  115.1114
    0.4553   -0.6821   -0.5722
   -0.7362    0.0731   -0.6728
    0.5008    0.7276   -0.4689
...   119 A-T ...
   -5.1615  -98.6503  113.4355
   -0.0861   -0.5736   -0.8146
   -0.8566    0.4602   -0.2336
    0.5088    0.6776   -0.5309
...   120 A-T ...
   -3.3199  -96.6594  111.6652
   -0.5561   -0.2316   -0.7982
   -0.6629    0.7029    0.2579
    0.5013    0.6726   -0.5444
...   121 T-A ...
   -1.3999  -95.0115  109.5729
   -0.8192    0.1378   -0.5567
   -0.2978    0.7274    0.6182
    0.4902    0.6722   -0.5548
...   122 G-C ...
   -0.0399  -92.6697  107.6359
   -0.8988    0.4344   -0.0587
    0.2165    0.5565    0.8021
    0.3811    0.7082   -0.5943
...   123 T-A ...
    0.8450  -90.6159  105.2041
   -0.6742    0.6320    0.3821
    0.6502    0.2627    0.7128
    0.3501    0.7291   -0.5881
...   124 G-C ...
    1.9245  -88.0233  103.4241
   -0.2352    0.5910    0.7716
    0.9262   -0.1043    0.3622
    0.2945    0.7999   -0.5229
...   125 T-A ...
    2.2615  -85.2505  101.6513
    0.2660    0.4286    0.8634
    0.9178   -0.3864   -0.0909
    0.2947    0.8167   -0.4962
...   126 C-G ...
    3.1576  -82.4935  100.1391
    0.7392    0.0993    0.6661
    0.5982   -0.5511   -0.5817
    0.3094    0.8285   -0.4668
...   127 G-C ...
    4.4679  -79.9669   98.4044
    0.9094   -0.3057    0.2821
    0.1059   -0.4857   -0.8677
    0.4023    0.8189   -0.4093
...   128 A-T ...
    5.8251  -77.2597   97.1702
    0.7891   -0.5552   -0.2628
   -0.4385   -0.2096   -0.8739
    0.4301    0.8049   -0.4088
...   129 C-G ...
    7.6639  -74.6510   96.3004
    0.4386   -0.6027   -0.6666
   -0.7786    0.1156   -0.6168
    0.4489    0.7895   -0.4185
...   130 C-G ...
    9.4929  -72.1999   94.8906
   -0.0824   -0.5061   -0.8585
   -0.8822    0.4378   -0.1734
    0.4636    0.7431   -0.4826
...   131 A-T ...
   10.8727  -69.7003   93.1994
   -0.6041   -0.2407   -0.7597
   -0.6724    0.6656    0.3237
    0.4278    0.7064   -0.5639
...   132 A-T ...
   12.3756  -67.6300   91.1997
   -0.8764    0.1763   -0.4482
   -0.2197    0.6818    0.6978
    0.4286    0.7100   -0.5588
...   133 A-T ...
   13.7238  -65.5047   89.1517
   -0.8517    0.5236    0.0218
    0.3059    0.4628    0.8320
    0.4255    0.7153   -0.5543
...   134 T-A ...
   14.7283  -63.4122   86.8245
   -0.5924    0.6746    0.4405
    0.6886    0.1400    0.7115
    0.4183    0.7248   -0.5474
...   135 G-C ...
   15.7211  -61.4787   83.9377
    0.0342    0.7399    0.6718
    0.8637   -0.3601    0.3526
    0.5028    0.5682   -0.6514
...   136 T-A ...
   15.7739  -59.5464   80.8036
    0.5516    0.4996    0.6680
    0.6739   -0.7388   -0.0038
    0.4916    0.4523   -0.7442
...   137 G-C ...
   16.8280  -57.7075   78.2737
    0.8528   -0.0847    0.5152
    0.1508   -0.9047   -0.3984
    0.4999    0.4175   -0.7588
...   138 A-T ...
   18.4175  -55.5141   76.5362
    0.8547   -0.5007    0.1370
   -0.3189   -0.7148   -0.6224
    0.4096    0.4883   -0.7706
...   139 G-C ...
   20.4152  -54.2945   74.5496
    0.5847   -0.7389   -0.3350
   -0.7594   -0.3532   -0.5465
    0.2854    0.5739   -0.7676
...   140 C-G ...
   21.4163  -51.8107   72.7949
    0.1305   -0.7142   -0.6876
   -0.8897    0.2217   -0.3991
    0.4375    0.6639   -0.6065
...   141 G-C ...
   22.1406  -50.1330   67.4724
   -0.4682   -0.8748    0.1248
   -0.8495    0.4067   -0.3362
    0.2434   -0.2634   -0.9335
...   142 C-G ...
   22.3377  -51.2252   64.5019
   -0.8529   -0.5117   -0.1032
   -0.4974    0.8566   -0.1372
    0.1587   -0.0657   -0.9851
...   143 T-A ...
   24.0059  -51.6201   61.9332
   -0.9563    0.0399   -0.2897
    0.0522    0.9980   -0.0348
    0.2877   -0.0484   -0.9565
...   144 C-G ...
   24.8856  -52.7206   58.9947
   -0.7530    0.5560   -0.3520
    0.5213    0.8304    0.1966
    0.4016   -0.0355   -0.9151
...   145 A-T ...
   25.5173  -52.9609   55.8127
   -0.2441    0.9563   -0.1609
    0.8907    0.2867    0.3528
    0.3835   -0.0571   -0.9218
...   146 C-G ...
   25.2677  -52.4924   52.0870
    0.3203    0.9428   -0.0928
    0.8825   -0.2613    0.3910
    0.3444   -0.2071   -0.9157
...   147 A-T ...
   25.6133  -52.5732   48.6478
    0.8597    0.5097    0.0339
    0.4498   -0.7866    0.4230
    0.2423   -0.3484   -0.9055
