  147 base-pairs
...     1 T-A ...
    0.0000    0.0000    0.0000
    1.0000    0.0000    0.0000
    0.0000    1.0000    0.0000
    0.0000    0.0000    1.0000
...     2 G-C ...
   -0.5555   -1.1003    3.3981
    0.7749    0.6051    0.1828
   -0.5991    0.7953   -0.0929
   -0.2016   -0.0375    0.9787
...     3 T-A ...
   -0.6619   -3.0237    6.5348
    0.3046    0.9250    0.2271
   -0.8994    0.3578   -0.2510
   -0.3134   -0.1278    0.9410
...     4 G-C ...
   -1.1607   -3.8418    9.6940
   -0.3351    0.9421    0.0133
   -0.8752   -0.3061   -0.3746
   -0.3489   -0.1372    0.9271
...     5 A-T ...
   -1.3881   -3.6770   12.8999
   -0.7835    0.6162   -0.0801
   -0.5677   -0.7622   -0.3109
   -0.2527   -0.1981    0.9470
...     6 G-C ...
   -2.6236   -3.5448   15.7072
   -0.9923    0.0611   -0.1075
   -0.0294   -0.9610   -0.2748
   -0.1201   -0.2695    0.9555
...     7 C-G ...
   -2.3138   -3.7570   18.8866
   -0.8620   -0.4995   -0.0864
    0.5008   -0.8655    0.0073
   -0.0785   -0.0370    0.9962
...     8 G-C ...
   -3.9561   -6.8109   23.3205
   -0.2581   -0.3560   -0.8981
    0.6294   -0.7673    0.1233
   -0.7330   -0.5335    0.4221
...     9 C-G ...
   -6.1177   -8.9414   24.2385
    0.1143   -0.7320   -0.6716
    0.8123   -0.3203    0.4874
   -0.5720   -0.6013    0.5580
...    10 T-A ...
   -8.5041   -9.6771   26.0540
    0.4660   -0.8587   -0.2131
    0.6274    0.1508    0.7640
   -0.6239   -0.4897    0.6090
...    11 C-G ...
  -11.0625  -11.3174   27.2336
    0.6660   -0.6911    0.2808
    0.3382    0.6152    0.7121
   -0.6649   -0.3794    0.6435
...    12 A-T ...
  -13.0013  -13.1789   29.0658
    0.7188   -0.1490    0.6790
   -0.1787    0.9043    0.3876
   -0.6718   -0.4000    0.6235
...    13 C-G ...
  -14.1788  -15.9359   31.3399
    0.4052    0.2865    0.8682
   -0.5270    0.8492   -0.0343
   -0.7470   -0.4437    0.4951
...    14 A-T ...
  -15.9532  -18.1566   33.3080
   -0.1503    0.6873    0.7107
   -0.6106    0.5008   -0.6135
   -0.7776   -0.5261    0.3444
...    15 A-T ...
  -18.3645  -19.9919   34.4487
   -0.4637    0.8552    0.2313
   -0.3979    0.0322   -0.9169
   -0.7916   -0.5172    0.3254
...    16 T-A ...
  -20.7457  -21.6223   36.2269
   -0.6351    0.7192   -0.2818
   -0.0717   -0.4181   -0.9055
   -0.7691   -0.5549    0.3172
...    17 T-A ...
  -23.2687  -23.2344   37.5929
   -0.5803    0.3211   -0.7484
    0.3278   -0.7492   -0.5756
   -0.7455   -0.5793    0.3295
...    18 T-A ...
  -25.7879  -24.9380   38.6661
   -0.2689   -0.1140   -0.9564
    0.5880   -0.8059   -0.0693
   -0.7628   -0.5810    0.2837
...    19 A-T ...
  -28.2700  -26.9660   39.3473
    0.1736   -0.4354   -0.8833
    0.6224   -0.6466    0.4411
   -0.7632   -0.6264    0.1588
...    20 T-A ...
  -31.1374  -28.6150   39.3806
    0.4702   -0.6952   -0.5437
    0.4492   -0.3418    0.8255
   -0.7597   -0.6323    0.1516
...    21 T-A ...
  -33.7056  -30.6430   39.5492
    0.6506   -0.7594    0.0013
    0.1015    0.0887    0.9909
   -0.7526   -0.6445    0.1348
...    22 C-G ...
  -36.0981  -32.8484   39.9211
    0.6190   -0.5488    0.5618
   -0.3045    0.4917    0.8158
   -0.7240   -0.6761    0.1372
...    23 G-C ...
  -38.5375  -34.9061   40.9995
    0.4426   -0.0919    0.8920
   -0.6361    0.6690    0.3845
   -0.6321   -0.7376    0.2376
...    24 C-G ...
  -40.3113  -37.5641   41.6957
    0.0819    0.3107    0.9470
   -0.7740    0.6184   -0.1360
   -0.6278   -0.7218    0.2912
...    25 A-T ...
  -42.7055  -39.7092   42.4468
   -0.3340    0.6470    0.6854
   -0.6885    0.3292   -0.6463
   -0.6438   -0.6877    0.3355
...    26 A-T ...
  -44.7113  -41.9575   43.7473
   -0.6676    0.7156    0.2058
   -0.3814   -0.0913   -0.9199
   -0.6394   -0.6925    0.3339
...    27 A-T ...
  -46.6480  -44.1449   45.1832
   -0.7801    0.5176   -0.3514
    0.0825   -0.4716   -0.8780
   -0.6201   -0.7139    0.3252
...    28 G-C ...
  -48.9376  -46.1891   46.5600
   -0.5847    0.2313   -0.7775
    0.4683   -0.6864   -0.5564
   -0.6624   -0.6895    0.2930
...    29 G-C ...
  -51.5041  -48.2646   47.5199
   -0.1711   -0.1290   -0.9768
    0.7069   -0.7066   -0.0305
   -0.6863   -0.6957    0.2121
...    30 C-G ...
  -54.0636  -50.2493   47.9737
    0.2777   -0.4435   -0.8522
    0.6771   -0.5389    0.5012
   -0.6815   -0.7161    0.1506
...    31 C-G ...
  -56.5860  -52.4293   48.3175
    0.6556   -0.5996   -0.4590
    0.4123   -0.2250    0.8828
   -0.6326   -0.7681    0.0997
...    32 G-C ...
  -58.2897  -54.9080   48.7431
    0.8426   -0.5380    0.0236
    0.0152    0.0674    0.9976
   -0.5383   -0.8402    0.0650
...    33 G-C ...
  -59.6066  -58.0023   48.7211
    0.7534   -0.3565    0.5525
   -0.4633    0.3086    0.8308
   -0.4667   -0.8819    0.0673
...    34 C-G ...
  -60.7492  -61.0675   48.7207
    0.4081   -0.0874    0.9088
   -0.8061    0.4327    0.4036
   -0.4285   -0.8973    0.1061
...    35 C-G ...
  -61.7384  -64.2675   49.3228
   -0.0708    0.2155    0.9739
   -0.9135    0.3781   -0.1501
   -0.4005   -0.9003    0.1701
...    36 C-G ...
  -62.8734  -67.2905   50.1484
   -0.5342    0.4268    0.7297
   -0.7499    0.1593   -0.6422
   -0.3903   -0.8902    0.2350
...    37 G-C ...
  -64.5872  -70.2089   50.1824
   -0.8287    0.5040    0.2434
   -0.3393   -0.1064   -0.9346
   -0.4452   -0.8571    0.2592
...    38 A-T ...
  -65.8987  -72.9471   51.0321
   -0.8705    0.3528   -0.3431
    0.2106   -0.3632   -0.9076
   -0.4449   -0.8623    0.2419
...    39 C-G ...
  -67.7088  -75.3923   52.0816
   -0.6232    0.1525   -0.7670
    0.6206   -0.5004   -0.6037
   -0.4759   -0.8523    0.2172
...    40 A-T ...
  -69.4369  -78.1601   52.6938
   -0.1298   -0.0863   -0.9878
    0.8585   -0.5083   -0.0684
   -0.4962   -0.8568    0.1401
...    41 C-G ...
  -71.4714  -80.7552   52.7726
    0.3381   -0.2894   -0.8955
    0.8055   -0.4031    0.4344
   -0.4867   -0.8682    0.0968
...    42 G-C ...
  -72.6899  -83.7764   53.3396
    0.7699   -0.3957   -0.5006
    0.4694   -0.1802    0.8644
   -0.4322   -0.9005    0.0470
...    43 A-T ...
  -74.1709  -86.5509   53.4841
    0.9062   -0.4141    0.0852
   -0.0481    0.0992    0.9939
   -0.4200   -0.9048    0.0700
...    44 C-G ...
  -75.3560  -89.5881   53.0029
    0.7783   -0.2441    0.5785
   -0.5155    0.2776    0.8107
   -0.3585   -0.9292    0.0902
...    45 T-A ...
  -75.9981  -93.1265   53.0475
    0.3875    0.0083    0.9218
   -0.8629    0.3552    0.3595
   -0.3245   -0.9347    0.1448
...    46 T-A ...
  -76.7006  -96.2478   53.4086
   -0.0653    0.2046    0.9767
   -0.9484    0.2916   -0.1245
   -0.3102   -0.9344    0.1750
...    47 A-T ...
  -77.5772  -99.2966   54.2810
   -0.5158    0.4439    0.7328
   -0.7854    0.0968   -0.6114
   -0.3423   -0.8908    0.2987
...    48 C-G ...
  -78.3275 -102.1149   55.8789
   -0.8406    0.4514    0.2993
   -0.4119   -0.1740   -0.8945
   -0.3517   -0.8752    0.3322
...    49 T-A ...
  -79.4556 -104.8066   57.5328
   -0.9065    0.3561   -0.2266
    0.0567   -0.4292   -0.9014
   -0.4183   -0.8300    0.3689
...    50 G-C ...
  -81.0243 -107.5582   58.5860
   -0.6797    0.1172   -0.7241
    0.5503   -0.5712   -0.6090
   -0.4849   -0.8124    0.3237
...    51 T-A ...
  -82.9948 -109.8122   59.7291
   -0.3014   -0.1747   -0.9373
    0.8162   -0.5555   -0.1590
   -0.4929   -0.8130    0.3100
...    52 A-T ...
  -84.3456 -112.6488   60.7466
    0.2555   -0.4619   -0.8493
    0.8385   -0.3315    0.4325
   -0.4814   -0.8226    0.3026
...    53 G-C ...
  -86.1334 -115.2029   61.6310
    0.6688   -0.4938   -0.5558
    0.6157   -0.0511    0.7863
   -0.4167   -0.8681    0.2699
...    54 G-C ...
  -87.9212 -118.3668   61.7632
    0.9258   -0.3668   -0.0916
    0.1789    0.2115    0.9609
   -0.3331   -0.9059    0.2614
...    55 T-A ...
  -88.8365 -121.4364   62.1856
    0.9061   -0.1678    0.3884
   -0.3082    0.3672    0.8776
   -0.2899   -0.9149    0.2810
...    56 A-T ...
  -89.2153 -124.8393   62.7283
    0.6323    0.1890    0.7513
   -0.7568    0.3580    0.5469
   -0.1656   -0.9144    0.3694
...    57 T-A ...
  -89.1051 -127.9595   63.6684
    0.1955    0.3781    0.9049
   -0.9710    0.2043    0.1244
   -0.1378   -0.9029    0.4071
...    58 C-G ...
  -89.2611 -130.9851   65.2698
   -0.4260    0.4632    0.7772
   -0.8956   -0.0943   -0.4347
   -0.1281   -0.8812    0.4550
...    59 T-A ...
  -89.5554 -133.7037   67.0791
   -0.8185    0.4029    0.4095
   -0.5527   -0.3577   -0.7527
   -0.1568   -0.8424    0.5155
...    60 C-G ...
  -90.5040 -136.3982   68.6102
   -0.9860    0.1285   -0.1060
    0.0098   -0.5908   -0.8068
   -0.1663   -0.7965    0.5813
...    61 G-C ...
  -91.0255 -139.3129   69.9812
   -0.8235   -0.1729   -0.5404
    0.5225   -0.6022   -0.6036
   -0.2210   -0.7794    0.5863
...    62 A-T ...
  -91.5053 -141.9498   71.8905
   -0.3509   -0.4918   -0.7969
    0.9138   -0.3656   -0.1767
   -0.2044   -0.7902    0.5777
...    63 G-C ...
  -92.3123 -144.5403   73.7386
    0.1865   -0.6021   -0.7764
    0.9681   -0.0219    0.2495
   -0.1672   -0.7982    0.5788
...    64 C-G ...
  -93.2883 -147.2891   75.5174
    0.7158   -0.4687   -0.5176
    0.6874    0.3424    0.6405
   -0.1230   -0.8143    0.5673
...    65 T-A ...
  -93.8704 -150.1421   77.1379
    0.9708   -0.1620   -0.1767
    0.2373    0.5441    0.8048
   -0.0342   -0.8232    0.5667
...    66 C-G ...
  -93.8867 -152.9826   78.9089
    0.9424    0.2313    0.2417
   -0.3307    0.5351    0.7774
    0.0505   -0.8126    0.5807
...    67 G-C ...
  -93.5406 -155.2284   81.1520
    0.6306    0.5752    0.5210
   -0.7571    0.3085    0.5758
    0.1705   -0.7576    0.6300
...    68 G-C ...
  -92.5946 -157.6266   83.2310
    0.1192    0.7219    0.6816
   -0.9695   -0.0635    0.2369
    0.2143   -0.6891    0.6923
...    69 G-C ...
  -90.9277 -159.1848   85.9441
   -0.4121    0.6698    0.6177
   -0.8733   -0.4837   -0.0580
    0.2599   -0.5634    0.7843
...    70 T-A ...
  -89.5861 -160.4293   88.6876
   -0.8163    0.3325    0.4724
   -0.5162   -0.7869   -0.3381
    0.2594   -0.5198    0.8139
...    71 C-G ...
  -89.0055 -161.7787   91.5746
   -0.9666   -0.1680    0.1935
    0.0493   -0.8631   -0.5027
    0.2515   -0.4763    0.8425
...    72 A-T ...
  -88.0456 -163.2103   94.4536
   -0.7981   -0.5799   -0.1635
    0.5790   -0.6631   -0.4743
    0.1667   -0.4732    0.8650
...    73 T-A ...
  -87.9054 -164.4825   97.4708
   -0.3926   -0.8407   -0.3729
    0.9027   -0.2748   -0.3311
    0.1759   -0.4666    0.8668
...    74 G-C ...
  -87.4908 -165.9507  100.5295
    0.2205   -0.8313   -0.5102
    0.9471    0.3075   -0.0916
    0.2330   -0.4630    0.8552
...    75 T-A ...
  -87.2839 -167.7280  103.3697
    0.6902   -0.5396   -0.4820
    0.6741    0.7217    0.1573
    0.2630   -0.4335    0.8619
...    76 T-A ...
  -86.4655 -169.2670  105.9932
    0.9213   -0.0330   -0.3874
    0.1895    0.9081    0.3735
    0.3394   -0.4175    0.8429
...    77 A-T ...
  -85.1265 -170.5010  108.6783
    0.8164    0.4918   -0.3027
   -0.2882    0.8012    0.5244
    0.5004   -0.3409    0.7959
...    78 T-A ...
  -83.1604 -172.0047  110.7234
    0.5494    0.8345   -0.0431
   -0.6465    0.4571    0.6108
    0.5294   -0.3077    0.7906
...    79 A-T ...
  -81.2989 -172.6955  113.2682
    0.0602    0.9926    0.1058
   -0.7869   -0.0180    0.6168
    0.6142   -0.1204    0.7799
...    80 A-T ...
  -79.1759 -172.8365  115.5676
   -0.4130    0.8392    0.3538
   -0.6603   -0.5435    0.5183
    0.6272   -0.0196    0.7786
...    81 C-G ...
  -76.7626 -172.1353  117.9106
   -0.7082    0.4106    0.5744
   -0.3087   -0.9117    0.2710
    0.6350    0.0146    0.7724
...    82 G-C ...
  -74.9844 -172.1850  120.6739
   -0.7557   -0.2166    0.6181
    0.2369   -0.9702   -0.0504
    0.6106    0.1083    0.7845
...    83 G-C ...
  -73.2234 -171.7393  123.4288
   -0.5457   -0.7043    0.4541
    0.6254   -0.7030   -0.3387
    0.5577    0.0992    0.8241
...    84 A-T ...
  -71.4322 -171.0965  126.2388
   -0.0236   -0.9809    0.1929
    0.8097   -0.1320   -0.5718
    0.5864    0.1427    0.7974
...    85 A-T ...
  -69.7163 -170.4913  128.9526
    0.4970   -0.8536   -0.1559
    0.6218    0.4757   -0.6221
    0.6052    0.2122    0.7672
...    86 T-A ...
  -68.1511 -170.2330  131.8994
    0.7459   -0.4947   -0.4460
    0.2708    0.8370   -0.4755
    0.6086    0.2339    0.7583
...    87 C-G ...
  -66.1081 -169.6482  134.4217
    0.7321    0.0789   -0.6767
   -0.2300    0.9636   -0.1364
    0.6412    0.2555    0.7235
...    88 C-G ...
  -64.2096 -168.9348  137.0279
    0.3850    0.5030   -0.7738
   -0.5870    0.7805    0.2152
    0.7122    0.3713    0.5957
...    89 G-C ...
  -62.0266 -167.2164  138.8774
   -0.1259    0.7427   -0.6576
   -0.6593    0.4327    0.6149
    0.7413    0.5110    0.4352
...    90 C-G ...
  -59.2229 -165.3924  139.7621
   -0.5021    0.8399   -0.2060
   -0.4418   -0.0444    0.8960
    0.7434    0.5409    0.3933
...    91 T-A ...
  -56.8600 -162.9245  140.5750
   -0.6720    0.6619    0.3321
   -0.0110   -0.4573    0.8892
    0.7405    0.5939    0.3146
...    92 T-A ...
  -54.5300 -160.7350  141.2743
   -0.5094    0.2985    0.8071
    0.4017   -0.7469    0.5298
    0.7610    0.5941    0.2605
...    93 T-A ...
  -52.2264 -158.4827  141.8847
   -0.1279   -0.1454    0.9811
    0.6145   -0.7881   -0.0367
    0.7785    0.5981    0.1901
...    94 A-T ...
  -49.1837 -157.1044  141.8607
    0.4126   -0.4918    0.7668
    0.5168   -0.5668   -0.6416
    0.7501    0.6610    0.0203
...    95 A-T ...
  -46.8940 -154.8345  141.9687
    0.6669   -0.6981    0.2606
    0.1510   -0.2159   -0.9647
    0.7297    0.6826   -0.0386
...    96 C-G ...
  -44.4689 -152.5326  142.4073
    0.6390   -0.7085   -0.2995
   -0.2497    0.1772   -0.9520
    0.7275    0.6831   -0.0637
...    97 A-T ...
  -42.0407 -150.2902  142.1860
    0.3136   -0.5481   -0.7754
   -0.5792    0.5367   -0.6136
    0.7525    0.6415   -0.1491
...    98 C-G ...
  -39.1371 -148.7094  141.7565
   -0.0618   -0.2307   -0.9711
   -0.6590    0.7401   -0.1339
    0.7496    0.6317   -0.1978
...    99 T-A ...
  -36.2156 -146.9649  140.7087
   -0.4985    0.1522   -0.8534
   -0.5036    0.7504    0.4280
    0.7056    0.6432   -0.2975
...   100 T-A ...
  -33.8809 -145.1244  139.4106
   -0.7131    0.5316   -0.4570
   -0.1280    0.5422    0.8305
    0.6892    0.6507   -0.3186
...   101 T-A ...
  -31.7430 -143.0585  138.1552
   -0.6916    0.7165    0.0914
    0.3017    0.1716    0.9378
    0.6562    0.6762   -0.3349
...   102 A-T ...
  -29.6111 -140.6807  137.1224
   -0.4128    0.6527    0.6353
    0.6709   -0.2538    0.6968
    0.6160    0.7138   -0.3331
...   103 T-A ...
  -28.2271 -138.1406  135.5885
   -0.0618    0.4414    0.8952
    0.8029   -0.5108    0.3072
    0.5929    0.7377   -0.3228
...   104 G-C ...
  -26.4458 -135.4929  134.6819
    0.3858   -0.0239    0.9223
    0.6989   -0.6450   -0.3091
    0.6022    0.7638   -0.2321
...   105 C-G ...
  -24.5777 -132.7890  134.2489
    0.6964   -0.3932    0.6004
    0.3614   -0.5307   -0.7667
    0.6200    0.7509   -0.2275
...   106 T-A ...
  -22.4550 -130.0971  133.9205
    0.7676   -0.6379    0.0629
   -0.0854   -0.1991   -0.9763
    0.6353    0.7440   -0.2073
...   107 T-A ...
  -20.3667 -127.7089  133.4522
    0.5688   -0.6657   -0.4830
   -0.5021    0.1841   -0.8450
    0.6514    0.7232   -0.2295
...   108 C-G ...
  -18.0242 -125.4661  132.7663
    0.1383   -0.4844   -0.8639
   -0.7368    0.5326   -0.4165
    0.6618    0.6941   -0.2832
...   109 C-G ...
  -15.7610 -123.2235  131.9686
   -0.3496   -0.2393   -0.9058
   -0.7054    0.7035    0.0864
    0.6166    0.6692   -0.4147
...   110 G-C ...
  -14.1568 -121.0272  130.5469
   -0.7333    0.0513   -0.6779
   -0.4174    0.7531    0.5086
    0.5366    0.6559   -0.5308
...   111 G-C ...
  -12.7297 -118.9921  128.2919
   -0.8844    0.3950   -0.2486
    0.0697    0.6385    0.7664
    0.4614    0.6605   -0.5923
...   112 C-G ...
  -11.6868 -116.9758  125.8060
   -0.7228    0.6499    0.2349
    0.5522    0.3388    0.7618
    0.4155    0.6803   -0.6037
...   113 T-A ...
  -10.5648 -114.7888  123.5958
   -0.3460    0.7034    0.6209
    0.8613   -0.0244    0.5075
    0.3721    0.7104   -0.5974
...   114 C-G ...
   -9.2974 -112.3243  121.8388
    0.2076    0.5417    0.8145
    0.9202   -0.3906    0.0252
    0.3319    0.7443   -0.5796
...   115 G-C ...
   -7.7926 -110.1038  119.8997
    0.6858    0.1773    0.7059
    0.6367   -0.6160   -0.4638
    0.3526    0.7675   -0.5354
...   116 T-A ...
   -6.6904 -107.2589  118.6545
    0.9062   -0.1996    0.3727
    0.1818   -0.6118   -0.7699
    0.3817    0.7654   -0.5181
...   117 A-T ...
   -5.2901 -104.4444  117.3299
    0.8227   -0.5574   -0.1117
   -0.3675   -0.3716   -0.8525
    0.4337    0.7424   -0.5106
...   118 T-A ...
   -3.5311 -101.9245  116.2752
    0.5350   -0.6593   -0.5284
   -0.7331   -0.0514   -0.6782
    0.4199    0.7502   -0.5108
...   119 A-T ...
   -2.3396  -99.4062  114.3971
   -0.0184   -0.5921   -0.8057
   -0.9019    0.3577   -0.2423
    0.4316    0.7221   -0.5406
...   120 A-T ...
   -0.6856  -97.2834  112.5934
   -0.5335   -0.3168   -0.7842
   -0.7362    0.6304    0.2462
    0.4164    0.7087   -0.5695
...   121 T-A ...
    1.0312  -95.4428  110.4100
   -0.8384    0.0480   -0.5430
   -0.3567    0.7050    0.6130
    0.4122    0.7076   -0.5740
...   122 G-C ...
    2.3277  -93.1498  108.1631
   -0.9270    0.3735   -0.0346
    0.1966    0.5623    0.8032
    0.3195    0.7378   -0.5947
...   123 T-A ...
    3.0458  -90.9552  105.8515
   -0.7165    0.5854    0.3793
    0.6307    0.3113    0.7109
    0.2981    0.7486   -0.5923
...   124 G-C ...
    3.8318  -88.3980  103.8486
   -0.2593    0.5936    0.7619
    0.9347   -0.0444    0.3527
    0.2431    0.8036   -0.5433
...   125 T-A ...
    4.0946  -85.7922  101.9850
    0.2458    0.4480    0.8596
    0.9389   -0.3305   -0.0962
    0.2410    0.8307   -0.5019
...   126 C-G ...
    4.8346  -83.0939  100.5179
    0.7468    0.1755    0.6415
    0.6256   -0.5127   -0.5880
    0.2257    0.8405   -0.4927
...   127 G-C ...
    5.9894  -80.6391   98.6391
    0.9208   -0.2294    0.3154
    0.1717   -0.4876   -0.8560
    0.3501    0.8424   -0.4096
...   128 A-T ...
    7.0275  -77.9293   97.3753
    0.8467   -0.4733   -0.2430
   -0.4026   -0.2713   -0.8743
    0.3478    0.8381   -0.4202
...   129 C-G ...
    8.6071  -75.1188   96.6483
    0.4935   -0.5775   -0.6504
   -0.7844    0.0275   -0.6196
    0.3757    0.8159   -0.4394
...   130 C-G ...
   10.4265  -72.6601   95.1282
   -0.0267   -0.5543   -0.8319
   -0.9109    0.3564   -0.2082
    0.4119    0.7522   -0.5144
...   131 A-T ...
   11.1185  -69.8793   93.3796
   -0.5733   -0.3042   -0.7608
   -0.7283    0.6145    0.3031
    0.3753    0.7279   -0.5739
...   132 A-T ...
   12.4088  -67.6564   91.3304
   -0.8840    0.1021   -0.4562
   -0.2733    0.6788    0.6816
    0.3793    0.7272   -0.5721
...   133 A-T ...
   13.6987  -65.5514   89.1643
   -0.8602    0.5099    0.0093
    0.2889    0.4723    0.8328
    0.4202    0.7190   -0.5536
...   134 T-A ...
   14.7283  -63.4124   86.8244
   -0.5924    0.6746    0.4405
    0.6886    0.1400    0.7115
    0.4183    0.7248   -0.5474
...   135 G-C ...
   15.7211  -61.4789   83.9376
    0.0342    0.7399    0.6718
    0.8637   -0.3601    0.3526
    0.5028    0.5682   -0.6514
...   136 T-A ...
   15.7739  -59.5466   80.8035
    0.5516    0.4996    0.6680
    0.6739   -0.7388   -0.0038
    0.4916    0.4523   -0.7442
...   137 G-C ...
   16.8280  -57.7077   78.2737
    0.8528   -0.0847    0.5152
    0.1508   -0.9047   -0.3984
    0.4999    0.4175   -0.7588
...   138 A-T ...
   18.4176  -55.5143   76.5361
    0.8547   -0.5007    0.1370
   -0.3189   -0.7148   -0.6224
    0.4096    0.4883   -0.7706
...   139 G-C ...
   20.4152  -54.2947   74.5495
    0.5847   -0.7389   -0.3350
   -0.7594   -0.3532   -0.5465
    0.2854    0.5739   -0.7676
...   140 C-G ...
   21.4163  -51.8109   72.7949
    0.1305   -0.7142   -0.6876
   -0.8897    0.2217   -0.3991
    0.4375    0.6639   -0.6065
...   141 G-C ...
   22.1406  -50.1332   67.4724
   -0.4682   -0.8748    0.1248
   -0.8495    0.4067   -0.3362
    0.2434   -0.2634   -0.9335
...   142 C-G ...
   22.3377  -51.2254   64.5018
   -0.8529   -0.5117   -0.1032
   -0.4974    0.8566   -0.1372
    0.1587   -0.0657   -0.9851
...   143 T-A ...
   24.0059  -51.6203   61.9331
   -0.9563    0.0399   -0.2897
    0.0522    0.9980   -0.0348
    0.2877   -0.0484   -0.9565
...   144 C-G ...
   24.8857  -52.7209   58.9947
   -0.7530    0.5560   -0.3520
    0.5213    0.8304    0.1966
    0.4016   -0.0355   -0.9151
...   145 A-T ...
   25.5173  -52.9612   55.8126
   -0.2441    0.9563   -0.1609
    0.8907    0.2867    0.3528
    0.3835   -0.0571   -0.9218
...   146 C-G ...
   25.2677  -52.4927   52.0869
    0.3203    0.9428   -0.0928
    0.8825   -0.2613    0.3910
    0.3444   -0.2071   -0.9157
...   147 A-T ...
   25.6133  -52.5734   48.6478
    0.8597    0.5097    0.0339
    0.4498   -0.7866    0.4230
    0.2423   -0.3484   -0.9055
