  147 base-pairs
...     1 T-A ...
    0.0000    0.0000    0.0000
    1.0000    0.0000    0.0000
    0.0000    1.0000    0.0000
    0.0000    0.0000    1.0000
...     2 G-C ...
   -0.5555   -1.1003    3.3981
    0.7749    0.6051    0.1828
   -0.5991    0.7953   -0.0929
   -0.2016   -0.0375    0.9787
...     3 T-A ...
   -0.6619   -3.0237    6.5348
    0.3046    0.9250    0.2271
   -0.8994    0.3578   -0.2510
   -0.3134   -0.1278    0.9410
...     4 G-C ...
   -1.1607   -3.8418    9.6940
   -0.3351    0.9421    0.0133
   -0.8752   -0.3061   -0.3746
   -0.3489   -0.1372    0.9271
...     5 A-T ...
   -1.3881   -3.6770   12.8999
   -0.7835    0.6162   -0.0801
   -0.5677   -0.7622   -0.3109
   -0.2527   -0.1981    0.9470
...     6 G-C ...
   -2.6236   -3.5448   15.7072
   -0.9923    0.0611   -0.1075
   -0.0294   -0.9610   -0.2748
   -0.1201   -0.2695    0.9555
...     7 C-G ...
   -2.3138   -3.7570   18.8866
   -0.8620   -0.4995   -0.0864
    0.5008   -0.8655    0.0073
   -0.0785   -0.0370    0.9962
...     8 G-C ...
   -3.9561   -6.8109   23.3205
   -0.2581   -0.3560   -0.8981
    0.6294   -0.7673    0.1233
   -0.7330   -0.5335    0.4221
...     9 C-G ...
   -6.1177   -8.9414   24.2385
    0.1143   -0.7320   -0.6716
    0.8123   -0.3203    0.4874
   -0.5720   -0.6013    0.5580
...    10 T-A ...
   -8.5041   -9.6771   26.0540
    0.4660   -0.8587   -0.2131
    0.6274    0.1508    0.7640
   -0.6239   -0.4897    0.6090
...    11 C-G ...
  -11.0625  -11.3174   27.2336
    0.6660   -0.6911    0.2808
    0.3382    0.6152    0.7121
   -0.6649   -0.3794    0.6435
...    12 A-T ...
  -13.0013  -13.1789   29.0658
    0.7188   -0.1490    0.6790
   -0.1787    0.9043    0.3876
   -0.6718   -0.4000    0.6235
...    13 C-G ...
  -14.1788  -15.9359   31.3399
    0.4052    0.2865    0.8682
   -0.5270    0.8492   -0.0343
   -0.7470   -0.4437    0.4951
...    14 A-T ...
  -15.9532  -18.1566   33.3080
   -0.1503    0.6873    0.7107
   -0.6106    0.5008   -0.6135
   -0.7776   -0.5261    0.3444
...    15 A-T ...
  -18.2937  -19.9838   34.6357
   -0.4894    0.8369    0.2453
   -0.4030    0.0324   -0.9146
   -0.7734   -0.5465    0.3214
...    16 T-A ...
  -20.6015  -21.6350   36.3067
   -0.6257    0.7402   -0.2463
   -0.0950   -0.3857   -0.9177
   -0.7743   -0.5508    0.3116
...    17 T-A ...
  -23.1127  -23.2778   37.5259
   -0.5602    0.4072   -0.7213
    0.2792   -0.7270   -0.6273
   -0.7799   -0.5528    0.2936
...    18 T-A ...
  -25.7458  -24.8524   38.5473
   -0.2880   -0.0464   -0.9565
    0.5446   -0.8295   -0.1237
   -0.7877   -0.5565    0.2642
...    19 A-T ...
  -28.5269  -26.5749   39.1296
    0.1596   -0.4082   -0.8988
    0.5847   -0.6945    0.4193
   -0.7954   -0.5925    0.1278
...    20 T-A ...
  -31.4173  -28.1144   39.0520
    0.4459   -0.6836   -0.5778
    0.4224   -0.4084    0.8092
   -0.7892   -0.6048    0.1067
...    21 T-A ...
  -34.0271  -30.0311   39.0936
    0.6190   -0.7846   -0.0352
    0.0942    0.0297    0.9951
   -0.7797   -0.6193    0.0923
...    22 C-G ...
  -36.4529  -32.2104   39.2648
    0.5873   -0.6027    0.5402
   -0.3000    0.4578    0.8369
   -0.7517   -0.6536    0.0881
...    23 G-C ...
  -38.9500  -34.3119   39.9185
    0.3977   -0.1860    0.8984
   -0.6093    0.6786    0.4102
   -0.6860   -0.7106    0.1566
...    24 C-G ...
  -40.8742  -36.9588   40.4285
    0.0294    0.2357    0.9714
   -0.7390    0.6595   -0.1376
   -0.6730   -0.7138    0.1936
...    25 A-T ...
  -43.2418  -39.2000   41.0355
   -0.3386    0.6226    0.7055
   -0.6445    0.3928   -0.6560
   -0.6855   -0.6769    0.2683
...    26 A-T ...
  -45.2998  -41.4579   42.1391
   -0.6531    0.7264    0.2141
   -0.3343   -0.0228   -0.9422
   -0.6795   -0.6869    0.2577
...    27 A-T ...
  -47.4637  -43.6112   43.2401
   -0.7313    0.5835   -0.3532
    0.0979   -0.4227   -0.9010
   -0.6750   -0.6934    0.2520
...    28 G-C ...
  -49.8276  -45.6753   44.2602
   -0.5278    0.3266   -0.7841
    0.4611   -0.6651   -0.5874
   -0.7133   -0.6716    0.2004
...    29 G-C ...
  -52.4762  -47.6480   44.9115
   -0.1345   -0.0156   -0.9908
    0.6569   -0.7500   -0.0773
   -0.7419   -0.6613    0.1111
...    30 C-G ...
  -55.2028  -49.4992   45.0722
    0.2781   -0.3779   -0.8831
    0.6170   -0.6343    0.4657
   -0.7362   -0.6744    0.0567
...    31 C-G ...
  -57.7926  -51.6543   44.8370
    0.6294   -0.5905   -0.5051
    0.3573   -0.3573    0.8629
   -0.6901   -0.7236   -0.0139
...    32 G-C ...
  -59.8676  -54.2533   44.9797
    0.8013   -0.5964    0.0472
   -0.0671   -0.0112    0.9977
   -0.5945   -0.8026   -0.0490
...    33 G-C ...
  -61.6158  -57.1012   44.4647
    0.6936   -0.4379    0.5720
   -0.4987    0.2811    0.8199
   -0.5198   -0.8540   -0.0234
...    34 C-G ...
  -62.9590  -60.1046   44.1505
    0.3423   -0.1767    0.9228
   -0.8020    0.4568    0.3849
   -0.4896   -0.8718    0.0147
...    35 C-G ...
  -64.2580  -63.2129   44.2938
   -0.0975    0.1678    0.9810
   -0.8746    0.4560   -0.1649
   -0.4750   -0.8740    0.1023
...    36 C-G ...
  -65.6117  -66.2315   44.9176
   -0.5108    0.4557    0.7290
   -0.7006    0.2708   -0.6602
   -0.4983   -0.8479    0.1810
...    37 G-C ...
  -67.5922  -68.8862   45.3036
   -0.7584    0.6123    0.2233
   -0.3239   -0.0568   -0.9444
   -0.5656   -0.7886    0.2414
...    38 A-T ...
  -69.4625  -71.4168   46.2019
   -0.7898    0.4851   -0.3754
    0.1728   -0.4112   -0.8950
   -0.5885   -0.7718    0.2409
...    39 C-G ...
  -71.6676  -73.5653   47.4257
   -0.5736    0.2182   -0.7896
    0.5512   -0.6102   -0.5691
   -0.6059   -0.7616    0.2297
...    40 A-T ...
  -73.5978  -76.1947   48.0298
   -0.1089   -0.0977   -0.9892
    0.7632   -0.6459   -0.0202
   -0.6370   -0.7572    0.1449
...    41 C-G ...
  -76.1514  -78.2933   48.2732
    0.3171   -0.3978   -0.8609
    0.7068   -0.5061    0.4943
   -0.6324   -0.7652    0.1207
...    42 G-C ...
  -77.9869  -81.0200   48.8078
    0.7217   -0.5163   -0.4611
    0.4088   -0.2196    0.8858
   -0.5585   -0.8278    0.0526
...    43 A-T ...
  -79.8326  -83.7129   48.8501
    0.8508   -0.5094    0.1294
   -0.0815    0.1154    0.9900
   -0.5192   -0.8528    0.0567
...    44 C-G ...
  -81.2794  -86.6453   48.4489
    0.7119   -0.3411    0.6139
   -0.5095    0.3507    0.7857
   -0.4833   -0.8721    0.0759
...    45 T-A ...
  -82.5297  -89.6951   48.5752
    0.3885   -0.0425    0.9205
   -0.8145    0.4513    0.3646
   -0.4309   -0.8914    0.1407
...    46 T-A ...
  -83.6679  -92.6916   49.0119
   -0.1172    0.2358    0.9647
   -0.8980    0.3896   -0.2043
   -0.4240   -0.8903    0.1661
...    47 A-T ...
  -85.0913  -95.6025   49.7270
   -0.5655    0.4904    0.6631
   -0.6932    0.1531   -0.7043
   -0.4469   -0.8580    0.2533
...    48 C-G ...
  -86.2489  -98.3530   51.1424
   -0.8297    0.5218    0.1985
   -0.3141   -0.1422   -0.9387
   -0.4615   -0.8412    0.2819
...    49 T-A ...
  -87.8734 -100.9373   52.4100
   -0.8506    0.4067   -0.3333
    0.1474   -0.4240   -0.8936
   -0.5048   -0.8092    0.3007
...    50 G-C ...
  -89.6280 -103.6670   53.0900
   -0.5790    0.1420   -0.8029
    0.5912   -0.6051   -0.5333
   -0.5615   -0.7834    0.2664
...    51 T-A ...
  -91.9388 -105.8388   54.1149
   -0.1798   -0.1879   -0.9656
    0.8078   -0.5884   -0.0359
   -0.5614   -0.7865    0.2576
...    52 A-T ...
  -93.5921 -108.5898   55.0577
    0.3501   -0.5075   -0.7873
    0.7584   -0.3397    0.5562
   -0.5497   -0.7919    0.2660
...    53 G-C ...
  -95.5833 -111.1657   55.6606
    0.7273   -0.5575   -0.4002
    0.4737   -0.0141    0.8806
   -0.4965   -0.8301    0.2539
...    54 G-C ...
  -97.3415 -114.0069   56.1737
    0.9149   -0.3912    0.0999
    0.0175    0.2855    0.9582
   -0.4034   -0.8749    0.2680
...    55 T-A ...
  -98.4591 -117.0803   56.4850
    0.8197   -0.1408    0.5553
   -0.4482    0.4461    0.7747
   -0.3568   -0.8839    0.3025
...    56 A-T ...
  -99.2100 -120.1875   57.4296
    0.5189    0.2652    0.8127
   -0.8221    0.4155    0.3893
   -0.2344   -0.8701    0.4336
...    57 T-A ...
  -99.3104 -123.1780   58.7329
    0.0569    0.4643    0.8838
   -0.9743    0.2192   -0.0524
   -0.2181   -0.8581    0.4648
...    58 C-G ...
  -99.9231 -125.8612   60.4608
   -0.4977    0.5497    0.6709
   -0.8420   -0.1206   -0.5258
   -0.2082   -0.8266    0.5228
...    59 T-A ...
 -100.4553 -128.3662   62.5342
   -0.8496    0.4520    0.2720
   -0.4756   -0.4332   -0.7656
   -0.2282   -0.7798    0.5830
...    60 C-G ...
 -101.3470 -130.7680   64.5746
   -0.9662    0.1163   -0.2301
    0.1039   -0.6412   -0.7603
   -0.2360   -0.7585    0.6074
...    61 G-C ...
 -102.1648 -133.5643   66.2021
   -0.7254   -0.2308   -0.6485
    0.6210   -0.6258   -0.4719
   -0.2969   -0.7450    0.5973
...    62 A-T ...
 -103.2142 -135.9250   68.2416
   -0.2169   -0.5619   -0.7982
    0.9334   -0.3589   -0.0009
   -0.2860   -0.7453    0.6023
...    63 G-C ...
 -104.4539 -138.3323   70.1590
    0.3183   -0.6361   -0.7029
    0.9140    0.0092    0.4055
   -0.2515   -0.7715    0.5844
...    64 T-A ...
 -105.7661 -140.9586   71.7153
    0.7524   -0.5147   -0.4111
    0.6234    0.3548    0.6968
   -0.2128   -0.7805    0.5878
...    65 C-G ...
 -106.5326 -143.5392   73.5681
    0.9857   -0.1666    0.0237
    0.0820    0.5985    0.7969
   -0.1469   -0.7836    0.6036
...    66 A-T ...
 -106.9232 -146.1891   75.5726
    0.8887    0.3074    0.3401
   -0.4583    0.5749    0.6778
    0.0128   -0.7583    0.6518
...    67 T-A ...
 -106.3860 -148.8924   77.2954
    0.5537    0.5865    0.5912
   -0.8311    0.3447    0.4365
    0.0522   -0.7330    0.6782
...    68 G-C ...
 -106.0178 -151.0628   79.8070
    0.0117    0.7880    0.6155
   -0.9927   -0.0645    0.1015
    0.1197   -0.6123    0.7816
...    69 T-A ...
 -105.0308 -152.7433   82.4300
   -0.5006    0.6734    0.5439
   -0.8560   -0.4789   -0.1949
    0.1292   -0.5631    0.8162
...    70 T-A ...
 -104.3974 -154.3267   85.1874
   -0.8934    0.2803    0.3511
   -0.4223   -0.7904   -0.4437
    0.1532   -0.5447    0.8245
...    71 A-T ...
 -103.9439 -156.4816   87.7299
   -0.9509   -0.3066    0.0423
    0.2333   -0.7997   -0.5532
    0.2034   -0.5161    0.8320
...    72 T-A ...
 -103.5799 -157.6341   90.8267
   -0.6882   -0.6943   -0.2106
    0.6854   -0.5271   -0.5023
    0.2377   -0.4900    0.8387
...    73 A-T ...
 -102.1883 -159.2683   93.4454
   -0.0628   -0.9078   -0.4147
    0.9549    0.0661   -0.2893
    0.2901   -0.4142    0.8627
...    74 A-T ...
 -101.5309 -160.6424   96.3221
    0.5010   -0.7189   -0.4818
    0.8084    0.5875   -0.0359
    0.3089   -0.3715    0.8756
...    75 C-G ...
 -100.9072 -162.2862   99.1047
    0.8304   -0.2989   -0.4702
    0.4295    0.8810    0.1985
    0.3549   -0.3668    0.8600
...    76 G-C ...
  -99.6617 -163.2099  102.0537
    0.8513    0.2738   -0.4477
   -0.0813    0.9116    0.4028
    0.5184   -0.3065    0.7983
...    77 G-C ...
  -97.6747 -164.4785  104.4406
    0.6043    0.7405   -0.2941
   -0.4924    0.6372    0.5929
    0.6264   -0.2135    0.7497
...    78 A-T ...
  -95.4786 -165.0553  106.7383
    0.1673    0.9858    0.0149
   -0.7200    0.1118    0.6849
    0.6735   -0.1253    0.7285
...    79 C-G ...
  -92.8202 -165.2079  108.6223
   -0.2574    0.9147    0.3116
   -0.6751   -0.4010    0.6192
    0.6913   -0.0509    0.7207
...    80 T-A ...
  -90.3970 -164.9191  110.8262
   -0.6107    0.5820    0.5369
   -0.3970   -0.8117    0.4284
    0.6852    0.0484    0.7268
...    81 C-G ...
  -88.2970 -164.4908  113.2993
   -0.7289    0.0011    0.6847
    0.0653   -0.9953    0.0710
    0.6815    0.0965    0.7254
...    82 G-C ...
  -86.1129 -164.6200  115.8125
   -0.5828   -0.5669    0.5822
    0.5049   -0.8140   -0.2872
    0.6367    0.1266    0.7606
...    83 G-C ...
  -84.1495 -164.0173  118.4936
   -0.2238   -0.9249    0.3073
    0.7460   -0.3655   -0.5567
    0.6272    0.1047    0.7718
...    84 G-C ...
  -82.2070 -163.5020  121.2079
    0.1943   -0.9774   -0.0827
    0.7316    0.2006   -0.6516
    0.6535    0.0661    0.7540
...    85 A-T ...
  -80.1838 -163.1452  123.7563
    0.5659   -0.6792   -0.4674
    0.4558    0.7301   -0.5091
    0.6871    0.0751    0.7227
...    86 T-A ...
  -78.1592 -163.4785  126.3137
    0.7030   -0.2287   -0.6735
    0.1019    0.9695   -0.2228
    0.7039    0.0880    0.7048
...    87 C-G ...
  -75.8523 -163.2674  128.5930
    0.5737    0.3511   -0.7400
   -0.3189    0.9279    0.1930
    0.7545    0.1252    0.6443
...    88 C-G ...
  -73.0677 -163.0904  130.4609
    0.2119    0.7514   -0.6249
   -0.5490    0.6206    0.5599
    0.8085    0.2244    0.5440
...    89 G-C ...
  -70.4430 -161.9027  132.1230
   -0.2556    0.9081   -0.3318
   -0.5134    0.1633    0.8425
    0.8192    0.3856    0.4245
...    90 C-G ...
  -67.6793 -160.3270  132.9506
   -0.5421    0.8293    0.1360
   -0.2544   -0.3162    0.9140
    0.8009    0.4608    0.3824
...    91 T-A ...
  -65.1403 -158.4369  133.8829
   -0.6395    0.5185    0.5676
    0.1181   -0.6633    0.7390
    0.7597    0.5396    0.3629
...    92 T-A ...
  -62.7716 -156.4089  134.8179
   -0.4257    0.0702    0.9022
    0.4742   -0.8318    0.2885
    0.7707    0.5506    0.3208
...    93 T-A ...
  -60.4609 -154.2934  135.7384
   -0.0233   -0.3861    0.9222
    0.6287   -0.7229   -0.2868
    0.7773    0.5731    0.2596
...    94 A-T ...
  -57.5461 -152.5910  136.0844
    0.4526   -0.7125    0.5362
    0.4634   -0.3258   -0.8241
    0.7618    0.6215    0.1828
...    95 A-T ...
  -55.2130 -150.4793  136.9226
    0.6619   -0.7491   -0.0274
    0.0939    0.1191   -0.9884
    0.7437    0.6517    0.1492
...    96 C-G ...
  -52.7506 -148.5411  137.9510
    0.5895   -0.6016   -0.5391
   -0.2750    0.4781   -0.8342
    0.7595    0.6400    0.1164
...    97 A-T ...
  -50.2660 -146.3402  138.1984
    0.2328   -0.3254   -0.9165
   -0.5488    0.7340   -0.4000
    0.8029    0.5961   -0.0077
...    98 C-G ...
  -47.3247 -144.9391  138.1581
   -0.1296    0.0479   -0.9904
   -0.5843    0.8033    0.1154
    0.8011    0.5937   -0.0761
...    99 T-A ...
  -44.5847 -143.2385  137.5431
   -0.4904    0.3792   -0.7847
   -0.4108    0.6935    0.5919
    0.7686    0.6126   -0.1843
...   100 T-A ...
  -42.1016 -141.3750  136.6667
   -0.6701    0.6667   -0.3263
   -0.0579    0.3913    0.9184
    0.7400    0.6343   -0.2236
...   101 T-A ...
  -39.8022 -139.3508  135.6257
   -0.6043    0.7603    0.2383
    0.3403   -0.0241    0.9400
    0.7204    0.6491   -0.2441
...   102 A-T ...
  -37.5163 -137.0682  134.8387
   -0.3281    0.5784    0.7469
    0.6574   -0.4280    0.6202
    0.6784    0.6945   -0.2399
...   103 T-A ...
  -35.8416 -134.4354  133.7405
    0.0612    0.2968    0.9530
    0.7370   -0.6573    0.1574
    0.6731    0.6928   -0.2590
...   104 G-C ...
  -33.4350 -132.2978  132.9906
    0.4341   -0.1705    0.8846
    0.5854   -0.6929   -0.4209
    0.6847    0.7005   -0.2010
...   105 C-G ...
  -31.3682 -129.7394  132.5593
    0.6647   -0.5378    0.5187
    0.2534   -0.4908   -0.8336
    0.7028    0.6855   -0.1899
...   106 T-A ...
  -29.0214 -127.4308  132.2452
    0.6663   -0.7455    0.0183
   -0.1309   -0.1410   -0.9813
    0.7341    0.6514   -0.1916
...   107 T-A ...
  -26.5949 -125.3101  131.8863
    0.4755   -0.6992   -0.5339
   -0.4939    0.2901   -0.8197
    0.7280    0.6535   -0.2073
...   108 C-G ...
  -24.1529 -123.2515  131.2340
    0.0659   -0.4423   -0.8944
   -0.6781    0.6378   -0.3653
    0.7320    0.6306   -0.2579
...   109 C-G ...
  -21.4763 -121.4675  130.2541
   -0.3804   -0.1147   -0.9177
   -0.5988    0.7867    0.1499
    0.7048    0.6065   -0.3680
...   110 G-C ...
  -19.4204 -119.2561  128.8632
   -0.7395    0.2299   -0.6327
   -0.2725    0.7573    0.5935
    0.6156    0.6113   -0.4974
...   111 G-C ...
  -17.5806 -117.4065  126.7158
   -0.8308    0.5283   -0.1752
    0.1822    0.5556    0.8113
    0.5259    0.6421   -0.5578
...   112 C-G ...
  -16.2073 -115.3940  124.4858
   -0.6302    0.7107    0.3126
    0.6141    0.2098    0.7609
    0.4752    0.6714   -0.5686
...   113 T-A ...
  -15.0292 -113.0957  122.4172
   -0.2461    0.6808    0.6899
    0.8691   -0.1601    0.4680
    0.4291    0.7148   -0.5523
...   114 C-G ...
  -13.7699 -110.6458  120.6453
    0.2978    0.4477    0.8432
    0.8574   -0.5137   -0.0300
    0.4197    0.7319   -0.5368
...   115 G-C ...
  -12.0373 -108.4260  118.8666
    0.6845    0.0239    0.7286
    0.5613   -0.6551   -0.5057
    0.4653    0.7551   -0.4619
...   116 T-A ...
  -10.7567 -105.5662  117.7750
    0.8668   -0.3333    0.3710
    0.1252   -0.5746   -0.8088
    0.4828    0.7475   -0.4563
...   117 A-T ...
   -9.1735 -103.1881  116.0613
    0.7557   -0.6337   -0.1654
   -0.4129   -0.2650   -0.8714
    0.5084    0.7268   -0.4619
...   118 T-A ...
   -7.1308 -100.7937  115.1104
    0.4453   -0.6856   -0.5760
   -0.7375    0.0839   -0.6701
    0.5077    0.7232   -0.4683
...   119 A-T ...
   -5.4380  -98.4788  113.4387
   -0.0948   -0.5719   -0.8148
   -0.8516    0.4704   -0.2312
    0.5155    0.6720   -0.5316
...   120 A-T ...
   -3.5760  -96.5100  111.6651
   -0.5604   -0.2249   -0.7971
   -0.6542    0.7104    0.2595
    0.5079    0.6669   -0.5452
...   121 T-A ...
   -1.6406  -94.8845  109.5695
   -0.8186    0.1472   -0.5552
   -0.2883    0.7307    0.6188
    0.4968    0.6666   -0.5557
...   122 G-C ...
   -0.2562  -92.5617  107.6276
   -0.8942    0.4439   -0.0575
    0.2236    0.5543    0.8017
    0.3878    0.7040   -0.5950
...   123 T-A ...
    0.6488  -90.5197  105.1940
   -0.6673    0.6389    0.3827
    0.6537    0.2563    0.7120
    0.3568    0.7254   -0.5887
...   124 G-C ...
    1.7525  -87.9397  103.4116
   -0.2290    0.5934    0.7717
    0.9254   -0.1131    0.3616
    0.3018    0.7969   -0.5232
...   125 T-A ...
    2.1153  -85.1717  101.6381
    0.2702    0.4263    0.8633
    0.9142   -0.3948   -0.0912
    0.3020    0.8139   -0.4964
...   126 C-G ...
    3.0370  -82.4233  100.1271
    0.7401    0.0929    0.6661
    0.5934   -0.5563   -0.5818
    0.3165    0.8258   -0.4668
...   127 G-C ...
    4.3720  -79.9100   98.3934
    0.9070   -0.3129    0.2820
    0.1021   -0.4863   -0.8678
    0.4086    0.8159   -0.4091
...   128 A-T ...
    5.7511  -77.2134   97.1606
    0.7851   -0.5607   -0.2631
   -0.4401   -0.2060   -0.8740
    0.4359    0.8020   -0.4085
...   129 C-G ...
    7.6098  -74.6182   96.2911
    0.4346   -0.6052   -0.6670
   -0.7778    0.1212   -0.6168
    0.4541    0.7868   -0.4180
...   130 C-G ...
    9.4562  -72.1772   94.8856
   -0.0853   -0.5051   -0.8588
   -0.8796    0.4430   -0.1732
    0.4679    0.7407   -0.4821
...   131 A-T ...
   10.8546  -69.6863   93.1978
   -0.6051   -0.2377   -0.7599
   -0.6693    0.6686    0.3239
    0.4311    0.7046   -0.5637
...   132 A-T ...
   12.3673  -67.6228   91.1991
   -0.8758    0.1792   -0.4483
   -0.2175    0.6826    0.6977
    0.4310    0.7085   -0.5588
...   133 A-T ...
   13.7217  -65.5022   89.1514
   -0.8509    0.5248    0.0218
    0.3066    0.4626    0.8319
    0.4265    0.7145   -0.5546
...   134 T-A ...
   14.7283  -63.4122   86.8245
   -0.5924    0.6746    0.4405
    0.6886    0.1400    0.7115
    0.4183    0.7248   -0.5474
...   135 G-C ...
   15.7211  -61.4788   83.9377
    0.0342    0.7399    0.6718
    0.8637   -0.3601    0.3526
    0.5028    0.5682   -0.6514
...   136 T-A ...
   15.7739  -59.5464   80.8036
    0.5516    0.4996    0.6680
    0.6739   -0.7388   -0.0038
    0.4916    0.4523   -0.7442
...   137 G-C ...
   16.8280  -57.7075   78.2738
    0.8528   -0.0847    0.5152
    0.1508   -0.9047   -0.3984
    0.4999    0.4175   -0.7588
...   138 A-T ...
   18.4175  -55.5141   76.5362
    0.8547   -0.5007    0.1370
   -0.3189   -0.7148   -0.6224
    0.4096    0.4883   -0.7706
...   139 G-C ...
   20.4152  -54.2945   74.5496
    0.5847   -0.7389   -0.3350
   -0.7594   -0.3532   -0.5465
    0.2854    0.5739   -0.7676
...   140 C-G ...
   21.4163  -51.8107   72.7950
    0.1305   -0.7142   -0.6876
   -0.8897    0.2217   -0.3991
    0.4375    0.6639   -0.6065
...   141 G-C ...
   22.1406  -50.1330   67.4725
   -0.4682   -0.8748    0.1248
   -0.8495    0.4067   -0.3362
    0.2434   -0.2634   -0.9335
...   142 C-G ...
   22.3377  -51.2252   64.5019
   -0.8529   -0.5117   -0.1032
   -0.4974    0.8566   -0.1372
    0.1587   -0.0657   -0.9851
...   143 T-A ...
   24.0059  -51.6201   61.9332
   -0.9563    0.0399   -0.2897
    0.0522    0.9980   -0.0348
    0.2877   -0.0484   -0.9565
...   144 C-G ...
   24.8856  -52.7207   58.9948
   -0.7530    0.5560   -0.3520
    0.5213    0.8304    0.1966
    0.4016   -0.0355   -0.9151
...   145 A-T ...
   25.5173  -52.9610   55.8127
   -0.2441    0.9563   -0.1609
    0.8907    0.2867    0.3528
    0.3835   -0.0571   -0.9218
...   146 C-G ...
   25.2677  -52.4924   52.0871
    0.3203    0.9428   -0.0928
    0.8825   -0.2613    0.3910
    0.3444   -0.2071   -0.9157
...   147 A-T ...
   25.6132  -52.5732   48.6479
    0.8597    0.5097    0.0339
    0.4498   -0.7866    0.4230
    0.2423   -0.3484   -0.9055
