  147 base-pairs
...     1 T-A ...
    0.0000    0.0000    0.0000
    1.0000    0.0000    0.0000
    0.0000    1.0000    0.0000
    0.0000    0.0000    1.0000
...     2 G-C ...
   -0.5555   -1.1003    3.3981
    0.7749    0.6051    0.1828
   -0.5991    0.7953   -0.0929
   -0.2016   -0.0375    0.9787
...     3 T-A ...
   -0.6619   -3.0237    6.5348
    0.3046    0.9250    0.2271
   -0.8994    0.3578   -0.2510
   -0.3134   -0.1278    0.9410
...     4 G-C ...
   -1.1607   -3.8418    9.6940
   -0.3351    0.9421    0.0133
   -0.8752   -0.3061   -0.3746
   -0.3489   -0.1372    0.9271
...     5 A-T ...
   -1.3881   -3.6770   12.8999
   -0.7835    0.6162   -0.0801
   -0.5677   -0.7622   -0.3109
   -0.2527   -0.1981    0.9470
...     6 G-C ...
   -2.6236   -3.5448   15.7072
   -0.9923    0.0611   -0.1075
   -0.0294   -0.9610   -0.2748
   -0.1201   -0.2695    0.9555
...     7 C-G ...
   -2.3138   -3.7570   18.8866
   -0.8620   -0.4995   -0.0864
    0.5008   -0.8655    0.0073
   -0.0785   -0.0370    0.9962
...     8 G-C ...
   -3.9561   -6.8109   23.3205
   -0.2581   -0.3560   -0.8981
    0.6294   -0.7673    0.1233
   -0.7330   -0.5335    0.4221
...     9 C-G ...
   -6.1177   -8.9414   24.2385
    0.1143   -0.7320   -0.6716
    0.8123   -0.3203    0.4874
   -0.5720   -0.6013    0.5580
...    10 T-A ...
   -8.5041   -9.6771   26.0540
    0.4660   -0.8587   -0.2131
    0.6274    0.1508    0.7640
   -0.6239   -0.4897    0.6090
...    11 C-G ...
  -11.0625  -11.3174   27.2336
    0.6660   -0.6911    0.2808
    0.3382    0.6152    0.7121
   -0.6649   -0.3794    0.6435
...    12 A-T ...
  -13.0013  -13.1789   29.0658
    0.7188   -0.1490    0.6790
   -0.1787    0.9043    0.3876
   -0.6718   -0.4000    0.6235
...    13 C-G ...
  -14.1788  -15.9359   31.3399
    0.4052    0.2865    0.8682
   -0.5270    0.8492   -0.0343
   -0.7470   -0.4437    0.4951
...    14 A-T ...
  -15.9532  -18.1566   33.3080
   -0.1503    0.6873    0.7107
   -0.6106    0.5008   -0.6135
   -0.7776   -0.5261    0.3444
...    15 A-T ...
  -18.3050  -19.9661   34.6295
   -0.4787    0.8430    0.2452
   -0.4053    0.0356   -0.9135
   -0.7788   -0.5367    0.3246
...    16 T-A ...
  -20.6335  -21.5697   36.3041
   -0.6105    0.7530   -0.2455
   -0.1058   -0.3848   -0.9169
   -0.7849   -0.5338    0.3146
...    17 T-A ...
  -23.1886  -23.1410   37.5159
   -0.5468    0.4266   -0.7205
    0.2550   -0.7347   -0.6286
   -0.7975   -0.5274    0.2929
...    18 T-A ...
  -25.8807  -24.6195   38.5216
   -0.2881   -0.0309   -0.9571
    0.5116   -0.8499   -0.1265
   -0.8095   -0.5261    0.2607
...    19 A-T ...
  -28.7433  -26.2165   39.0739
    0.1417   -0.4120   -0.9001
    0.5514   -0.7223    0.4174
   -0.8221   -0.5555    0.1248
...    20 T-A ...
  -31.7100  -27.6132   38.9887
    0.4106   -0.7050   -0.5782
    0.4007   -0.4301    0.8090
   -0.8191   -0.5638    0.1059
...    21 T-A ...
  -34.4299  -29.3775   39.0211
    0.5699   -0.8211   -0.0320
    0.0951    0.0272    0.9951
   -0.8162   -0.5701    0.0936
...    22 C-G ...
  -37.0032  -31.3865   39.1924
    0.5434   -0.6384    0.5451
   -0.2697    0.4822    0.8335
   -0.7949   -0.6000    0.0898
...    23 G-C ...
  -39.6746  -33.2638   39.8317
    0.3796   -0.2090    0.9012
   -0.5550    0.7279    0.4026
   -0.7402   -0.6530    0.1603
...    24 C-G ...
  -41.8157  -35.7377   40.3319
    0.0477    0.2413    0.9693
   -0.6805    0.7182   -0.1453
   -0.7312   -0.6527    0.1985
...    25 A-T ...
  -44.3655  -37.7661   40.9490
   -0.2788    0.6578    0.6997
   -0.6074    0.4435   -0.6590
   -0.7438   -0.6088    0.2759
...    26 A-T ...
  -46.6271  -39.8007   42.0779
   -0.5759    0.7903    0.2093
   -0.3408    0.0007   -0.9401
   -0.7431   -0.6127    0.2690
...    27 A-T ...
  -48.9985  -41.6996   43.2102
   -0.6663    0.6562   -0.3542
    0.0439   -0.4396   -0.8971
   -0.7444   -0.6133    0.2641
...    28 G-C ...
  -51.5754  -43.4656   44.2662
   -0.4947    0.3781   -0.7825
    0.3759   -0.7187   -0.5849
   -0.7836   -0.5835    0.2134
...    29 G-C ...
  -54.4486  -45.0894   44.9370
   -0.1470   -0.0078   -0.9891
    0.5608   -0.8244   -0.0769
   -0.8148   -0.5660    0.1256
...    30 C-G ...
  -57.3794  -46.5955   45.1323
    0.2177   -0.4176   -0.8822
    0.5394   -0.7018    0.4653
   -0.8134   -0.5771    0.0725
...    31 C-G ...
  -60.2243  -48.4103   44.9472
    0.5412   -0.6718   -0.5058
    0.3208   -0.3911    0.8627
   -0.7773   -0.6291    0.0039
...    32 G-C ...
  -62.6254  -50.7025   45.1643
    0.7151   -0.6976    0.0448
   -0.0516    0.0112    0.9986
   -0.6971   -0.7164   -0.0280
...    33 G-C ...
  -64.7725  -53.2749   44.7180
    0.6374   -0.5205    0.5682
   -0.4401    0.3594    0.8229
   -0.6325   -0.7745    0.0000
...    34 C-G ...
  -66.5357  -56.0569   44.4672
    0.3332   -0.2082    0.9196
   -0.7219    0.5710    0.3908
   -0.6065   -0.7941    0.0400
...    35 C-G ...
  -68.2595  -58.9439   44.6771
   -0.0487    0.1967    0.9792
   -0.8039    0.5741   -0.1553
   -0.5927   -0.7948    0.1302
...    36 C-G ...
  -70.0156  -61.7221   45.3906
   -0.4181    0.5387    0.7315
   -0.6715    0.3591   -0.6482
   -0.6118   -0.7622    0.2116
...    37 G-C ...
  -72.3574  -64.0362   45.9013
   -0.6501    0.7240    0.2308
   -0.3593   -0.0252   -0.9329
   -0.6695   -0.6894    0.2765
...    38 A-T ...
  -74.5672  -66.2227   46.9172
   -0.7189    0.5934   -0.3620
    0.0762   -0.4503   -0.8896
   -0.6909   -0.6672    0.2785
...    39 C-G ...
  -77.0379  -67.9738   48.2611
   -0.5619    0.2890   -0.7751
    0.4289   -0.6995   -0.5717
   -0.7073   -0.6536    0.2691
...    40 A-T ...
  -79.3358  -70.2480   48.9944
   -0.1620   -0.0998   -0.9817
    0.6517   -0.7578   -0.0305
   -0.7410   -0.6448    0.1878
...    41 C-G ...
  -82.1772  -71.9133   49.3872
    0.2147   -0.4614   -0.8608
    0.6388   -0.6004    0.4811
   -0.7388   -0.6532    0.1658
...    42 G-C ...
  -84.3979  -74.2924   50.0800
    0.6104   -0.6346   -0.4741
    0.4087   -0.2604    0.8747
   -0.6785   -0.7277    0.1004
...    43 A-T ...
  -86.6493  -76.6465   50.2830
    0.7655   -0.6342    0.1085
   -0.0150    0.1510    0.9884
   -0.6432   -0.7583    0.1061
...    44 C-G ...
  -88.5606  -79.3147   50.0382
    0.6798   -0.4338    0.5913
   -0.4081    0.4461    0.7965
   -0.6094   -0.7828    0.1262
...    45 T-A ...
  -90.2650  -82.1207   50.3201
    0.4268   -0.0795    0.9009
   -0.7130    0.5832    0.3892
   -0.5563   -0.8085    0.1922
...    46 T-A ...
  -91.8311  -84.8842   50.9209
   -0.0213    0.2781    0.9603
   -0.8370    0.5204   -0.1693
   -0.5468   -0.8074    0.2217
...    47 A-T ...
  -93.6241  -87.5132   51.8498
   -0.4327    0.5957    0.6767
   -0.7071    0.2413   -0.6646
   -0.5592   -0.7661    0.3168
...    48 C-G ...
  -95.1070  -89.9871   53.4553
   -0.7195    0.6552    0.2303
   -0.3994   -0.1191   -0.9090
   -0.5682   -0.7460    0.3474
...    49 T-A ...
  -97.0306  -92.2256   54.9408
   -0.7979    0.5273   -0.2919
    0.0112   -0.4713   -0.8819
   -0.6026   -0.7070    0.3701
...    50 G-C ...
  -99.1401  -94.6102   55.8577
   -0.6102    0.2041   -0.7655
    0.4463   -0.7098   -0.5450
   -0.6545   -0.6742    0.3420
...    51 T-A ...
 -101.6755  -96.3502   57.1507
   -0.2832   -0.1923   -0.9396
    0.7015   -0.7096   -0.0662
   -0.6540   -0.6779    0.3358
...    52 A-T ...
 -103.6500  -98.7639   58.3592
    0.2012   -0.5876   -0.7838
    0.7411   -0.4319    0.5141
   -0.6406   -0.6843    0.3485
...    53 G-C ...
 -105.9568 -100.9629   59.2532
    0.5972   -0.6795   -0.4262
    0.5407   -0.0515    0.8396
   -0.5925   -0.7319    0.3366
...    54 G-C ...
 -108.0869 -103.4597   60.0608
    0.8519   -0.5219    0.0441
    0.1470    0.3190    0.9363
   -0.5027   -0.7911    0.3485
...    55 T-A ...
 -109.6132 -106.3054   60.6323
    0.8395   -0.2393    0.4878
   -0.3023    0.5403    0.7853
   -0.4515   -0.8067    0.3813
...    56 A-T ...
 -110.6672 -109.2523   61.7867
    0.6394    0.2237    0.7356
   -0.7067    0.5479    0.4477
   -0.3029   -0.8061    0.5084
...    57 T-A ...
 -111.0318 -112.1288   63.2772
    0.2235    0.4925    0.8411
   -0.9339    0.3552    0.0401
   -0.2790   -0.7945    0.5394
...    58 C-G ...
 -111.7990 -114.5961   65.2438
   -0.3333    0.6473    0.6855
   -0.9079   -0.0242   -0.4186
   -0.2544   -0.7619    0.5957
...    59 T-A ...
 -112.4115 -116.8884   67.5283
   -0.7411    0.5799    0.3383
   -0.6205   -0.3992   -0.6750
   -0.2564   -0.7101    0.6557
...    60 C-G ...
 -113.3594 -119.0313   69.8182
   -0.9642    0.2361   -0.1206
   -0.0778   -0.6868   -0.7227
   -0.2535   -0.6875    0.6805
...    61 G-C ...
 -114.3046 -121.6084   71.7113
   -0.8272   -0.1664   -0.5368
    0.4711   -0.7259   -0.5010
   -0.3063   -0.6673    0.6789
...    62 A-T ...
 -115.3485 -123.6936   74.0344
   -0.3886   -0.5706   -0.7235
    0.8744   -0.4759   -0.0944
   -0.2904   -0.6693    0.6838
...    63 G-C ...
 -116.5953 -125.8106   76.2619
    0.1405   -0.7073   -0.6929
    0.9560   -0.0852    0.2808
   -0.2576   -0.7018    0.6641
...    64 C-G ...
 -117.8289 -128.0869   78.3278
    0.6452   -0.6023   -0.4700
    0.7368    0.3280    0.5912
   -0.2020   -0.7278    0.6554
...    65 T-A ...
 -118.5712 -130.6843   80.2182
    0.9446   -0.2818   -0.1684
    0.3097    0.5951    0.7416
   -0.1088   -0.7526    0.6494
...    66 C-G ...
 -118.8753 -133.1975   82.2455
    0.9618    0.1689    0.2156
   -0.2732    0.6471    0.7118
   -0.0193   -0.7434    0.6685
...    67 G-C ...
 -118.7466 -135.4572   84.6736
    0.6688    0.6163    0.4157
   -0.7275    0.4273    0.5369
    0.1532   -0.6615    0.7341
...    68 G-C ...
 -117.6259 -137.4819   87.1099
    0.1741    0.8255    0.5368
   -0.9537    0.0055    0.3009
    0.2454   -0.5643    0.7882
...    69 G-C ...
 -116.3777 -138.8704   89.9182
   -0.3767    0.7541    0.5380
   -0.8808   -0.4715    0.0441
    0.2869   -0.4573    0.8418
...    70 A-T ...
 -115.4207 -140.1121   92.8045
   -0.8237    0.3392    0.4544
   -0.4790   -0.8451   -0.2373
    0.3035   -0.4131    0.8586
...    71 T-A ...
 -114.2266 -140.7924   95.8244
   -0.9407   -0.1557    0.3014
    0.0114   -0.9025   -0.4306
    0.3390   -0.4017    0.8507
...    72 C-G ...
 -113.1961 -142.0067   98.7084
   -0.7392   -0.6734    0.0077
    0.5705   -0.6322   -0.5242
    0.3579   -0.3831    0.8515
...    73 C-G ...
 -112.1850 -143.1620  101.7186
   -0.3207   -0.8938   -0.3134
    0.8770   -0.1552   -0.4547
    0.3577   -0.4207    0.8337
...    74 G-C ...
 -110.5218 -144.3429  104.3508
    0.1841   -0.7877   -0.5879
    0.8894    0.3881   -0.2415
    0.4184   -0.4784    0.7721
...    75 C-G ...
 -109.5139 -146.0586  106.9806
    0.5986   -0.4294   -0.6763
    0.6420    0.7620    0.0844
    0.4791   -0.4847    0.7318
...    76 T-A ...
 -107.9868 -147.9435  109.1915
    0.7813    0.0598   -0.6213
    0.2554    0.8776    0.4057
    0.5695   -0.4757    0.6704
...    77 T-A ...
 -106.0935 -149.6238  111.1681
    0.7468    0.5554   -0.3658
   -0.1939    0.7079    0.6791
    0.6362   -0.4362    0.6363
...    78 T-A ...
 -103.8776 -151.0571  112.9949
    0.4750    0.8800   -0.0028
   -0.5421    0.2952    0.7868
    0.6932   -0.3722    0.6173
...    79 A-T ...
 -101.0852 -151.9005  114.6237
   -0.0038    0.9658    0.2593
   -0.6425   -0.2011    0.7394
    0.7663   -0.1638    0.6213
...    80 A-T ...
  -98.4372 -152.1652  116.4588
   -0.3704    0.6976    0.6134
   -0.5023   -0.7058    0.4994
    0.7813   -0.1231    0.6118
...    81 C-G ...
  -95.6754 -151.8989  118.2861
   -0.5825    0.2353    0.7780
   -0.2079   -0.9685    0.1372
    0.7858   -0.0818    0.6130
...    82 A-T ...
  -93.1668 -152.3662  120.3762
   -0.6203   -0.3609    0.6964
    0.1989   -0.9312   -0.3054
    0.7587   -0.0509    0.6494
...    83 C-G ...
  -90.8958 -152.0132  122.8229
   -0.4075   -0.7980    0.4440
    0.4964   -0.6017   -0.6257
    0.7665   -0.0346    0.6413
...    84 T-A ...
  -88.5512 -152.0461  125.1752
   -0.0930   -0.9950    0.0375
    0.6258   -0.0877   -0.7751
    0.7744   -0.0486    0.6308
...    85 T-A ...
  -86.2296 -152.1348  127.4546
    0.3010   -0.8680   -0.3950
    0.5373    0.4966   -0.6817
    0.7878   -0.0070    0.6158
...    86 T-A ...
  -83.8052 -152.2855  129.5961
    0.5329   -0.4418   -0.7217
    0.2537    0.8970   -0.3619
    0.8072    0.0098    0.5901
...    87 A-T ...
  -81.0418 -152.5993  131.4160
    0.4287    0.0869   -0.8992
   -0.0478    0.9961    0.0735
    0.9022    0.0115    0.4313
...    88 T-A ...
  -78.0355 -153.1505  132.5106
    0.3008    0.5559   -0.7750
   -0.2433    0.8304    0.5012
    0.9222    0.0378    0.3850
...    89 G-C ...
  -74.8316 -152.7760  133.4107
   -0.0397    0.8886   -0.4570
   -0.3122    0.4235    0.8504
    0.9492    0.1764    0.2606
...    90 C-G ...
  -71.6498 -152.0150  133.6487
   -0.2667    0.9630    0.0393
   -0.1936   -0.0935    0.9766
    0.9441    0.2529    0.2114
...    91 T-A ...
  -68.5902 -150.8354  133.9664
   -0.3896    0.7601    0.5201
    0.0372   -0.5512    0.8335
    0.9202    0.3441    0.1865
...    92 C-G ...
  -65.7050 -149.4279  134.6100
   -0.3005    0.2954    0.9069
    0.2980   -0.8741    0.3835
    0.9060    0.3855    0.1747
...    93 A-T ...
  -62.6636 -148.3261  135.2843
   -0.1071   -0.2764    0.9551
    0.4517   -0.8692   -0.2009
    0.8857    0.4099    0.2179
...    94 T-A ...
  -60.1179 -146.4095  136.2349
    0.1759   -0.6666    0.7244
    0.4332   -0.6084   -0.6650
    0.8840    0.4307    0.1818
...    95 G-C ...
  -57.0845 -145.1367  136.5607
    0.3485   -0.9162    0.1975
    0.2435   -0.1150   -0.9631
    0.9051    0.3838    0.1830
...    96 T-A ...
  -54.2247 -143.9211  137.7393
    0.4037   -0.8514   -0.3349
    0.0054    0.3683   -0.9297
    0.9149    0.3735    0.1533
...    97 T-A ...
  -51.2591 -142.8263  138.4386
    0.3188   -0.5078   -0.8003
   -0.2414    0.7731   -0.5866
    0.9166    0.3802    0.1239
...    98 A-T ...
  -48.1087 -141.8247  138.7152
   -0.0068   -0.0766   -0.9970
   -0.3565    0.9317   -0.0691
    0.9343    0.3550   -0.0337
...    99 T-A ...
  -44.9114 -141.2921  138.3978
   -0.2211    0.3711   -0.9019
   -0.3021    0.8532    0.4251
    0.9273    0.3664   -0.0765
...   100 A-T ...
  -41.8688 -140.2272  137.5244
   -0.5148    0.6732   -0.5309
   -0.0927    0.5719    0.8150
    0.8523    0.4688   -0.2320
...   101 A-T ...
  -39.2151 -138.7258  136.4569
   -0.5109    0.8595    0.0114
    0.2300    0.1239    0.9653
    0.8283    0.4958   -0.2610
...   102 C-G ...
  -36.8439 -136.9535  134.9863
   -0.3473    0.7859    0.5116
    0.4881   -0.3143    0.8142
    0.8007    0.5325   -0.2745
...   103 G-C ...
  -34.1249 -135.0955  134.4817
   -0.0829    0.4357    0.8963
    0.6561   -0.6531    0.3782
    0.7501    0.6194   -0.2317
...   104 G-C ...
  -31.8443 -132.6939  133.7912
    0.2487   -0.0201    0.9684
    0.6213   -0.7637   -0.1754
    0.7430    0.6453   -0.1775
...   105 A-T ...
  -29.4988 -130.4639  133.2118
    0.5675   -0.4684    0.6772
    0.3516   -0.6058   -0.7137
    0.7445    0.6431   -0.1791
...   106 T-A ...
  -27.2556 -128.0316  133.1967
    0.6810   -0.6996    0.2163
    0.0044   -0.2915   -0.9566
    0.7323    0.6523   -0.1954
...   107 T-A ...
  -24.8863 -125.8394  132.8273
    0.5696   -0.7347   -0.3686
   -0.3990    0.1449   -0.9054
    0.7186    0.6628   -0.2106
...   108 C-G ...
  -22.4949 -123.7006  132.1912
    0.1965   -0.5450   -0.8151
   -0.6615    0.5399   -0.5205
    0.7238    0.6414   -0.2544
...   109 C-G ...
  -19.8418 -121.8253  131.3212
   -0.2638   -0.2465   -0.9325
   -0.6568    0.7539   -0.0134
    0.7064    0.6090   -0.3608
...   110 G-C ...
  -17.7697 -119.6062  129.9423
   -0.6768    0.1057   -0.7285
   -0.3852    0.7925    0.4728
    0.6274    0.6007   -0.4956
...   111 G-C ...
  -15.8239 -117.8361  127.8244
   -0.8402    0.4427   -0.3133
    0.0559    0.6453    0.7619
    0.5394    0.6226   -0.5669
...   112 C-G ...
  -14.3675 -115.9452  125.5380
   -0.7068    0.6855    0.1749
    0.5149    0.3289    0.7917
    0.4852    0.6496   -0.5854
...   113 T-A ...
  -13.1497 -113.7506  123.3759
   -0.3619    0.7184    0.5941
    0.8268   -0.0470    0.5605
    0.4306    0.6940   -0.5770
...   114 C-G ...
  -11.9014 -111.3599  121.5113
    0.1817    0.5419    0.8206
    0.8914   -0.4432    0.0952
    0.4153    0.7141   -0.5635
...   115 G-C ...
  -10.1721 -109.1416  119.7114
    0.6124    0.1403    0.7780
    0.6524   -0.6454   -0.3972
    0.4464    0.7508   -0.4868
...   116 T-A ...
   -9.0224 -106.2745  118.4780
    0.8554   -0.2301    0.4641
    0.2362   -0.6242   -0.7447
    0.4611    0.7466   -0.4796
...   117 A-T ...
   -7.5220 -103.9323  116.6165
    0.8149   -0.5746   -0.0754
   -0.3338   -0.3590   -0.8716
    0.4738    0.7355   -0.4843
...   118 T-A ...
   -5.6381 -101.4274  115.6101
    0.5344   -0.6790   -0.5034
   -0.7016   -0.0243   -0.7122
    0.4713    0.7338   -0.4893
...   119 A-T ...
   -4.1501  -99.0309  113.8403
   -0.0079   -0.6107   -0.7918
   -0.8765    0.3854   -0.2885
    0.4814    0.6917   -0.5383
...   120 A-T ...
   -2.3881  -96.9698  112.0659
   -0.5052   -0.2983   -0.8098
   -0.7205    0.6623    0.2056
    0.4750    0.6873   -0.5495
...   121 T-A ...
   -0.5054  -95.2581  109.9878
   -0.8042    0.0636   -0.5910
   -0.3700    0.7246    0.5815
    0.4652    0.6862   -0.5591
...   122 G-C ...
    0.7687  -92.8673  108.0444
   -0.9207    0.3766   -0.1025
    0.1538    0.5915    0.7915
    0.3587    0.7130   -0.6025
...   123 T-A ...
    1.6077  -90.8239  105.5806
   -0.7208    0.6025    0.3429
    0.6110    0.3186    0.7247
    0.3274    0.7318   -0.5977
...   124 G-C ...
    2.6110  -88.2179  103.7654
   -0.2863    0.5984    0.7483
    0.9200   -0.0465    0.3891
    0.2677    0.7999   -0.5372
...   125 T-A ...
    2.8544  -85.4722  101.9263
    0.2244    0.4629    0.8575
    0.9372   -0.3437   -0.0597
    0.2671    0.8170   -0.5110
...   126 C-G ...
    3.6552  -82.7144  100.3522
    0.7204    0.1488    0.6774
    0.6338   -0.5379   -0.5558
    0.2816    0.8298   -0.4818
...   127 G-C ...
    4.8833  -80.1670   98.5705
    0.9163   -0.2613    0.3036
    0.1400   -0.5012   -0.8539
    0.3753    0.8249   -0.4226
...   128 A-T ...
    6.1513  -77.4351   97.2864
    0.8130   -0.5301   -0.2406
   -0.4185   -0.2448   -0.8746
    0.4047    0.8118   -0.4209
...   129 C-G ...
    7.8998  -74.7726   96.3843
    0.4662   -0.5996   -0.6504
   -0.7757    0.0764   -0.6265
    0.4254    0.7966   -0.4295
...   130 C-G ...
    9.6469  -72.2872   94.9278
   -0.0606   -0.5212   -0.8513
   -0.8936    0.4084   -0.1864
    0.4448    0.7494   -0.4904
...   131 A-T ...
   10.9345  -69.7522   93.2067
   -0.5946   -0.2610   -0.7605
   -0.6895    0.6521    0.3152
    0.4136    0.7118   -0.5677
...   132 A-T ...
   12.3996  -67.6565   91.2007
   -0.8776    0.1607   -0.4517
   -0.2331    0.6804    0.6948
    0.4190    0.7150   -0.5596
...   133 A-T ...
   13.7283  -65.5132   89.1531
   -0.8551    0.5181    0.0199
    0.3012    0.4651    0.8324
    0.4220    0.7178   -0.5538
...   134 T-A ...
   14.7283  -63.4123   86.8245
   -0.5924    0.6746    0.4405
    0.6886    0.1400    0.7115
    0.4183    0.7248   -0.5474
...   135 G-C ...
   15.7211  -61.4789   83.9377
    0.0342    0.7399    0.6718
    0.8637   -0.3601    0.3526
    0.5028    0.5682   -0.6514
...   136 T-A ...
   15.7739  -59.5465   80.8036
    0.5516    0.4996    0.6680
    0.6739   -0.7388   -0.0038
    0.4916    0.4523   -0.7442
...   137 G-C ...
   16.8280  -57.7076   78.2737
    0.8528   -0.0847    0.5152
    0.1508   -0.9047   -0.3984
    0.4999    0.4175   -0.7588
...   138 A-T ...
   18.4175  -55.5142   76.5362
    0.8547   -0.5007    0.1370
   -0.3189   -0.7148   -0.6224
    0.4096    0.4883   -0.7706
...   139 G-C ...
   20.4152  -54.2946   74.5496
    0.5847   -0.7389   -0.3350
   -0.7594   -0.3532   -0.5465
    0.2854    0.5739   -0.7676
...   140 C-G ...
   21.4163  -51.8108   72.7950
    0.1305   -0.7142   -0.6876
   -0.8897    0.2217   -0.3991
    0.4375    0.6639   -0.6065
...   141 G-C ...
   22.1406  -50.1331   67.4725
   -0.4682   -0.8748    0.1248
   -0.8495    0.4067   -0.3362
    0.2434   -0.2634   -0.9335
...   142 C-G ...
   22.3377  -51.2252   64.5019
   -0.8529   -0.5117   -0.1032
   -0.4974    0.8566   -0.1372
    0.1587   -0.0657   -0.9851
...   143 T-A ...
   24.0059  -51.6202   61.9332
   -0.9563    0.0399   -0.2897
    0.0522    0.9980   -0.0348
    0.2877   -0.0484   -0.9565
...   144 C-G ...
   24.8856  -52.7207   58.9948
   -0.7530    0.5560   -0.3520
    0.5213    0.8304    0.1966
    0.4016   -0.0355   -0.9151
...   145 A-T ...
   25.5173  -52.9610   55.8127
   -0.2441    0.9563   -0.1609
    0.8907    0.2867    0.3528
    0.3835   -0.0571   -0.9218
...   146 C-G ...
   25.2677  -52.4925   52.0870
    0.3203    0.9428   -0.0928
    0.8825   -0.2613    0.3910
    0.3444   -0.2071   -0.9157
...   147 A-T ...
   25.6133  -52.5733   48.6479
    0.8597    0.5097    0.0339
    0.4498   -0.7866    0.4230
    0.2423   -0.3484   -0.9055
