  147 base-pairs
...     1 T-A ...
    0.0000    0.0000    0.0000
    1.0000    0.0000    0.0000
    0.0000    1.0000    0.0000
    0.0000    0.0000    1.0000
...     2 G-C ...
   -0.5555   -1.1003    3.3981
    0.7749    0.6051    0.1828
   -0.5991    0.7953   -0.0929
   -0.2016   -0.0375    0.9787
...     3 T-A ...
   -0.6619   -3.0237    6.5348
    0.3046    0.9250    0.2271
   -0.8994    0.3578   -0.2510
   -0.3134   -0.1278    0.9410
...     4 G-C ...
   -1.1607   -3.8418    9.6940
   -0.3351    0.9421    0.0133
   -0.8752   -0.3061   -0.3746
   -0.3489   -0.1372    0.9271
...     5 A-T ...
   -1.3881   -3.6770   12.8999
   -0.7835    0.6162   -0.0801
   -0.5677   -0.7622   -0.3109
   -0.2527   -0.1981    0.9470
...     6 G-C ...
   -2.6236   -3.5448   15.7072
   -0.9923    0.0611   -0.1075
   -0.0294   -0.9610   -0.2748
   -0.1201   -0.2695    0.9555
...     7 C-G ...
   -2.3138   -3.7570   18.8866
   -0.8620   -0.4995   -0.0864
    0.5008   -0.8655    0.0073
   -0.0785   -0.0370    0.9962
...     8 G-C ...
   -3.9561   -6.8109   23.3205
   -0.2581   -0.3560   -0.8981
    0.6294   -0.7673    0.1233
   -0.7330   -0.5335    0.4221
...     9 C-G ...
   -6.1177   -8.9414   24.2385
    0.1143   -0.7320   -0.6716
    0.8123   -0.3203    0.4874
   -0.5720   -0.6013    0.5580
...    10 T-A ...
   -8.5041   -9.6771   26.0540
    0.4660   -0.8587   -0.2131
    0.6274    0.1508    0.7640
   -0.6239   -0.4897    0.6090
...    11 C-G ...
  -11.0625  -11.3174   27.2336
    0.6660   -0.6911    0.2808
    0.3382    0.6152    0.7121
   -0.6649   -0.3794    0.6435
...    12 A-T ...
  -13.0013  -13.1789   29.0658
    0.7188   -0.1490    0.6790
   -0.1787    0.9043    0.3876
   -0.6718   -0.4000    0.6235
...    13 C-G ...
  -14.1788  -15.9359   31.3399
    0.4052    0.2865    0.8682
   -0.5270    0.8492   -0.0343
   -0.7470   -0.4437    0.4951
...    14 A-T ...
  -15.9532  -18.1566   33.3080
   -0.1503    0.6873    0.7107
   -0.6106    0.5008   -0.6135
   -0.7776   -0.5261    0.3444
...    15 A-T ...
  -18.3675  -20.0019   34.4240
   -0.4687    0.8537    0.2269
   -0.3886    0.0315   -0.9209
   -0.7933   -0.5198    0.3170
...    16 T-A ...
  -20.7648  -21.6456   36.1678
   -0.6337    0.7163   -0.2920
   -0.0563   -0.4192   -0.9061
   -0.7715   -0.5578    0.3060
...    17 T-A ...
  -23.3074  -23.2739   37.4819
   -0.5656    0.3185   -0.7607
    0.3426   -0.7483   -0.5681
   -0.7501   -0.5819    0.3141
...    18 T-A ...
  -25.8405  -25.0117   38.4689
   -0.2374   -0.1120   -0.9649
    0.5913   -0.8048   -0.0521
   -0.7707   -0.5829    0.2573
...    19 A-T ...
  -28.3482  -27.0537   39.0531
    0.2117   -0.4396   -0.8729
    0.6037   -0.6436    0.4705
   -0.7686   -0.6265    0.1291
...    20 T-A ...
  -31.2091  -28.7123   38.9604
    0.4979   -0.6979   -0.5148
    0.4085   -0.3349    0.8491
   -0.7650   -0.6331    0.1184
...    21 T-A ...
  -33.7704  -30.7510   39.0187
    0.6467   -0.7611    0.0507
    0.0413    0.1013    0.9940
   -0.7617   -0.6407    0.0970
...    22 C-G ...
  -36.1890  -32.9513   39.2813
    0.5741   -0.5424    0.6133
   -0.3584    0.5070    0.7839
   -0.7362   -0.6698    0.0967
...    23 G-C ...
  -38.7131  -34.9749   40.2186
    0.3713   -0.0813    0.9250
   -0.6587    0.6790    0.3241
   -0.6544   -0.7296    0.1986
...    24 C-G ...
  -40.5611  -37.6155   40.8091
    0.0072    0.3253    0.9456
   -0.7557    0.6210   -0.2079
   -0.6548   -0.7131    0.2503
...    25 A-T ...
  -43.0770  -39.7213   41.3151
   -0.4007    0.6582    0.6373
   -0.6196    0.3178   -0.7177
   -0.6749   -0.6825    0.2805
...    26 A-T ...
  -45.2126  -41.9559   42.4226
   -0.6876    0.7165    0.1180
   -0.2792   -0.1108   -0.9538
   -0.6703   -0.6888    0.2762
...    27 A-T ...
  -47.2948  -44.1349   43.6630
   -0.7368    0.5048   -0.4499
    0.1850   -0.4894   -0.8522
   -0.6504   -0.7111    0.2672
...    28 G-C ...
  -49.7257  -46.1718   44.8028
   -0.4875    0.2081   -0.8479
    0.5365   -0.6949   -0.4789
   -0.6889   -0.6884    0.2272
...    29 G-C ...
  -52.3864  -48.2526   45.4816
   -0.0436   -0.1565   -0.9867
    0.7096   -0.7000    0.0796
   -0.7032   -0.6968    0.1416
...    30 C-G ...
  -54.9733  -50.2598   45.6396
    0.3925   -0.4658   -0.7931
    0.6065   -0.5171    0.6039
   -0.6914   -0.7181    0.0795
...    31 C-G ...
  -57.4906  -52.4750   45.6948
    0.7164   -0.6081   -0.3420
    0.2835   -0.1941    0.9391
   -0.6375   -0.7697    0.0333
...    32 G-C ...
  -59.2365  -54.9645   45.9688
    0.8310   -0.5299    0.1693
   -0.1356    0.1021    0.9855
   -0.5395   -0.8419    0.0130
...    33 G-C ...
  -60.5523  -58.0586   45.8751
    0.6582   -0.3296    0.6769
   -0.5879    0.3366    0.7355
   -0.4703   -0.8821    0.0278
...    34 C-G ...
  -61.6960  -61.1285   45.8229
    0.2529   -0.0476    0.9663
   -0.8621    0.4423    0.2474
   -0.4392   -0.8956    0.0708
...    35 C-G ...
  -62.8013  -64.2984   46.3901
   -0.2414    0.2525    0.9370
   -0.8745    0.3620   -0.3229
   -0.4208   -0.8973    0.1334
...    36 C-G ...
  -64.0762  -67.3014   47.1234
   -0.6644    0.4486    0.5978
   -0.6183    0.1194   -0.7768
   -0.4198   -0.8857    0.1980
...    37 G-C ...
  -65.7733  -70.2702   46.8921
   -0.8690    0.4923    0.0504
   -0.1445   -0.1550   -0.9773
   -0.4733   -0.8565    0.2059
...    38 A-T ...
  -67.1898  -73.0077   47.5924
   -0.7891    0.3107   -0.5300
    0.3981   -0.3985   -0.8263
   -0.4679   -0.8629    0.1908
...    39 C-G ...
  -69.1300  -75.4589   48.3712
   -0.4526    0.0933   -0.8868
    0.7440   -0.5087   -0.4332
   -0.4916   -0.8559    0.1608
...    40 A-T ...
  -70.8776  -78.2714   48.7614
    0.0906   -0.1499   -0.9845
    0.8663   -0.4757    0.1521
   -0.4912   -0.8667    0.0867
...    41 C-G ...
  -72.8072  -80.9446   48.5797
    0.5389   -0.3285   -0.7757
    0.6991   -0.3394    0.6294
   -0.4700   -0.8814    0.0468
...    42 G-C ...
  -74.0359  -83.9814   49.0881
    0.8781   -0.3882   -0.2798
    0.2620   -0.0994    0.9599
   -0.4004   -0.9162    0.0144
...    43 A-T ...
  -75.4203  -86.8164   49.0990
    0.8745   -0.3592    0.3261
   -0.2855    0.1625    0.9445
   -0.3922   -0.9190    0.0396
...    44 C-G ...
  -76.3758  -89.9269   48.5831
    0.6242   -0.1582    0.7651
   -0.7071    0.3020    0.6394
   -0.3322   -0.9401    0.0767
...    45 T-A ...
  -76.8902  -93.4775   48.7557
    0.1422    0.1029    0.9845
   -0.9413    0.3216    0.1024
   -0.3060   -0.9413    0.1426
...    46 T-A ...
  -77.5614  -96.5871   49.2172
   -0.3327    0.2739    0.9024
   -0.8945    0.2112   -0.3939
   -0.2985   -0.9383    0.1747
...    47 A-T ...
  -78.6327  -99.6267   49.9547
   -0.7545    0.4236    0.5012
   -0.5610   -0.0200   -0.8276
   -0.3406   -0.9056    0.2527
...    48 C-G ...
  -79.6291 -102.4286   51.4865
   -0.9321    0.3618   -0.0153
   -0.0874   -0.2656   -0.9601
   -0.3515   -0.8936    0.2792
...    49 T-A ...
  -80.9806 -105.1734   52.8927
   -0.8151    0.2244   -0.5341
    0.3958   -0.4576   -0.7962
   -0.4231   -0.8604    0.2842
...    50 G-C ...
  -82.4542 -108.0768   53.6111
   -0.4094   -0.0184   -0.9122
    0.7892   -0.5088   -0.3440
   -0.4578   -0.8607    0.2228
...    51 T-A ...
  -84.3912 -110.5571   54.2580
    0.0592   -0.2642   -0.9626
    0.8883   -0.4259    0.1715
   -0.4553   -0.8653    0.2095
...    52 A-T ...
  -85.6441 -113.5306   55.0163
    0.5956   -0.4384   -0.6731
    0.6808   -0.1692    0.7126
   -0.4263   -0.8827    0.1977
...    53 G-C ...
  -87.2413 -116.3133   55.5364
    0.8918   -0.3742   -0.2542
    0.3060    0.0851    0.9482
   -0.3332   -0.9234    0.1904
...    54 G-C ...
  -88.3835 -119.7477   55.3773
    0.9493   -0.1736    0.2621
   -0.2117    0.2633    0.9412
   -0.2324   -0.9490    0.2132
...    55 T-A ...
  -88.7959 -122.9246   55.7330
    0.7263    0.0365    0.6864
   -0.6616    0.3082    0.6836
   -0.1866   -0.9506    0.2479
...    56 A-T ...
  -88.6624 -126.3133   56.4477
    0.2731    0.3379    0.9007
   -0.9575    0.1859    0.2206
   -0.0928   -0.9226    0.3743
...    57 T-A ...
  -88.2460 -129.3183   57.6446
   -0.2299    0.4219    0.8770
   -0.9702   -0.0285   -0.2406
   -0.0766   -0.9062    0.4159
...    58 C-G ...
  -88.3236 -132.2901   59.3500
   -0.7742    0.3459    0.5300
   -0.6276   -0.3116   -0.7135
   -0.0817   -0.8850    0.4583
...    59 T-A ...
  -88.6402 -135.0079   61.1900
   -0.9844    0.1692    0.0490
   -0.1263   -0.4843   -0.8658
   -0.1227   -0.8584    0.4981
...    60 C-G ...
  -89.3075 -137.9131   62.5161
   -0.8673   -0.1623   -0.4706
    0.4771   -0.5407   -0.6929
   -0.1420   -0.8254    0.5463
...    61 G-C ...
  -89.3438 -140.8949   63.8639
   -0.4611   -0.4197   -0.7819
    0.8734   -0.3703   -0.3163
   -0.1568   -0.8287    0.5373
...    62 A-T ...
  -89.4647 -143.5492   65.7737
    0.1561   -0.5420   -0.8257
    0.9819   -0.0059    0.1896
   -0.1077   -0.8403    0.5313
...    63 G-C ...
  -89.9005 -146.3586   67.4161
    0.6566   -0.4377   -0.6142
    0.7523    0.3216    0.5750
   -0.0542   -0.8396    0.5404
...    64 C-G ...
  -90.3725 -149.3845   68.9110
    0.9703   -0.1243   -0.2077
    0.2419    0.5295    0.8131
    0.0090   -0.8392    0.5438
...    65 T-A ...
  -90.3456 -152.3804   70.3880
    0.9536    0.2527    0.1639
   -0.2774    0.5253    0.8044
    0.1172   -0.8125    0.5710
...    66 C-G ...
  -89.7176 -155.0354   72.2646
    0.6346    0.5733    0.5183
   -0.7435    0.2698    0.6119
    0.2110   -0.7736    0.5975
...    67 G-C ...
  -89.1145 -157.0937   74.6752
    0.1296    0.7237    0.6778
   -0.9457   -0.1153    0.3040
    0.2982   -0.6804    0.6695
...    68 G-C ...
  -87.7888 -159.0090   77.0669
   -0.4200    0.6041    0.6772
   -0.8520   -0.5195   -0.0650
    0.3126   -0.6043    0.7329
...    69 G-C ...
  -86.7306 -160.5335   79.8857
   -0.8409    0.2790    0.4637
   -0.4640   -0.8127   -0.3525
    0.2785   -0.5116    0.8129
...    70 A-T ...
  -85.7155 -161.9393   82.7369
   -0.9422   -0.2808    0.1830
    0.1435   -0.8313   -0.5369
    0.3029   -0.4796    0.8235
...    71 T-A ...
  -84.9780 -163.0453   85.7787
   -0.7219   -0.6829   -0.1120
    0.6180   -0.5633   -0.5485
    0.3115   -0.4651    0.8286
...    72 C-G ...
  -84.1704 -164.5084   88.7114
   -0.1763   -0.9056   -0.3857
    0.9214   -0.0140   -0.3883
    0.3462   -0.4239    0.8369
...    73 C-G ...
  -83.1407 -165.7977   91.5660
    0.3000   -0.7391   -0.6031
    0.8692    0.4722   -0.1464
    0.3930   -0.4803    0.7842
...    74 G-C ...
  -81.4167 -167.0683   94.0422
    0.6747   -0.3050   -0.6722
    0.5552    0.8098    0.1898
    0.4864   -0.5012    0.7157
...    75 C-G ...
  -80.0807 -169.1560   96.4546
    0.8466    0.2274   -0.4812
    0.0557    0.8613    0.5050
    0.5293   -0.4543    0.7166
...    76 T-A ...
  -78.2411 -171.0417   98.6351
    0.6868    0.7011   -0.1915
   -0.4181    0.5967    0.6849
    0.5945   -0.3904    0.7030
...    77 T-A ...
  -76.0185 -172.3077  100.6026
    0.3048    0.9378    0.1662
   -0.7222    0.1138    0.6823
    0.6209   -0.3280    0.7120
...    78 T-A ...
  -73.9312 -173.1714  102.8601
   -0.1960    0.8810    0.4306
   -0.7495   -0.4178    0.5136
    0.6324   -0.2221    0.7422
...    79 A-T ...
  -72.0045 -173.5586  105.5738
   -0.6646    0.5209    0.5357
   -0.4623   -0.8499    0.2530
    0.5870   -0.0795    0.8056
...    80 A-T ...
  -70.1175 -173.4988  108.1312
   -0.8124   -0.0410    0.5817
    0.0146   -0.9986   -0.0501
    0.5830   -0.0322    0.8118
...    81 C-G ...
  -68.3860 -172.9518  110.9807
   -0.6439   -0.5799    0.4991
    0.4723   -0.8144   -0.3371
    0.6020    0.0187    0.7983
...    82 A-T ...
  -66.4530 -172.9618  113.6885
   -0.2333   -0.9521    0.1974
    0.7597   -0.3052   -0.5742
    0.6070    0.0160    0.7945
...    83 C-G ...
  -65.0150 -172.8555  116.7929
    0.2087   -0.9699   -0.1253
    0.7550    0.2412   -0.6097
    0.6216    0.0327    0.7827
...    84 T-A ...
  -63.2536 -173.1728  119.9521
    0.5879   -0.6765   -0.4435
    0.4853    0.7336   -0.4757
    0.6472    0.0644    0.7596
...    85 T-A ...
  -61.2693 -173.3066  122.5114
    0.7596   -0.1423   -0.6346
    0.0452    0.9850   -0.1668
    0.6488    0.0980    0.7546
...    86 T-A ...
  -59.1246 -173.1056  124.9138
    0.6097    0.4160   -0.6746
   -0.3836    0.8997    0.2081
    0.6936    0.1319    0.7082
...    87 A-T ...
  -56.7675 -172.4306  127.0065
    0.1998    0.7531   -0.6268
   -0.6140    0.5948    0.5189
    0.7636    0.2812    0.5813
...    88 T-A ...
  -53.9152 -171.7259  128.2423
   -0.1741    0.9102   -0.3758
   -0.6166    0.1968    0.7623
    0.7678    0.3645    0.5270
...    89 G-C ...
  -51.2811 -170.2577  129.7039
   -0.5925    0.8000    0.0948
   -0.3517   -0.3627    0.8630
    0.7248    0.4779    0.4963
...    90 C-G ...
  -49.1027 -168.1758  131.0429
   -0.7267    0.4498    0.5192
    0.0529   -0.7170    0.6951
    0.6849    0.5326    0.4973
...    91 T-A ...
  -47.3402 -165.7034  132.8330
   -0.5556   -0.0224    0.8311
    0.5213   -0.7881    0.3272
    0.6477    0.6151    0.4496
...    92 T-A ...
  -45.4833 -163.4968  134.2714
   -0.1546   -0.4600    0.8744
    0.7589   -0.6219   -0.1930
    0.6326    0.6337    0.4453
...    93 C-G ...
  -43.5598 -161.2517  135.9118
    0.3628   -0.7111    0.6023
    0.6960   -0.2230   -0.6825
    0.6196    0.6668    0.4140
...    94 C-G ...
  -41.6445 -158.9738  137.3189
    0.6227   -0.7729    0.1217
    0.3956    0.1768   -0.9013
    0.6751    0.6094    0.4159
...    95 G-C ...
  -39.6358 -156.8482  138.2421
    0.6742   -0.6295   -0.3861
    0.0023    0.5246   -0.8514
    0.7385    0.5731    0.3551
...    96 G-C ...
  -36.9794 -155.1264  139.6597
    0.4705   -0.3501   -0.8100
   -0.3737    0.7525   -0.5423
    0.7994    0.5578    0.2232
...    97 T-A ...
  -33.9554 -154.0410  140.3482
    0.1569    0.0508   -0.9863
   -0.5682    0.8215   -0.0481
    0.8078    0.5680    0.1578
...    98 C-G ...
  -31.4126 -152.1965  140.6491
   -0.2460    0.4190   -0.8740
   -0.5412    0.6887    0.4825
    0.8041    0.5917    0.0574
...    99 A-T ...
  -28.3766 -150.5966  140.2746
   -0.5975    0.6100   -0.5204
   -0.2686    0.4593    0.8467
    0.7556    0.6457   -0.1106
...   100 T-A ...
  -26.0188 -148.5852  139.3913
   -0.7060    0.7067   -0.0465
    0.0673    0.1322    0.9889
    0.7050    0.6950   -0.1409
...   101 G-C ...
  -23.9107 -146.0000  138.5768
   -0.6189    0.5829    0.5265
    0.4872   -0.2409    0.8394
    0.6161    0.7760   -0.1349
...   102 T-A ...
  -22.3482 -143.1712  137.6689
   -0.2806    0.3674    0.8867
    0.7518   -0.4902    0.4410
    0.5967    0.7904   -0.1387
...   103 T-A ...
  -20.6521 -140.5108  137.1272
    0.1964    0.0612    0.9786
    0.7947   -0.5946   -0.1223
    0.5743    0.8017   -0.1654
...   104 A-T ...
  -18.5457 -137.9524  136.4017
    0.6535   -0.2984    0.6956
    0.4997   -0.5202   -0.6926
    0.5686    0.8002   -0.1909
...   105 T-A ...
  -17.0304 -135.0843  136.3438
    0.8315   -0.4905    0.2609
    0.1059   -0.3210   -0.9411
    0.5454    0.8102   -0.2150
...   106 A-T ...
  -15.2791 -132.4066  135.3184
    0.7206   -0.6069   -0.3353
   -0.4039    0.0257   -0.9144
    0.5636    0.7944   -0.2266
...   107 A-T ...
  -13.3930 -129.9349  134.7085
    0.3770   -0.5265   -0.7621
   -0.7354    0.3300   -0.5918
    0.5630    0.7836   -0.2628
...   108 C-G ...
  -10.9375 -127.6973  134.0480
   -0.0874   -0.3025   -0.9491
   -0.8279    0.5520   -0.0997
    0.5541    0.7770   -0.2987
...   109 G-C ...
   -9.5783 -125.0862  132.6817
   -0.5913   -0.1317   -0.7956
   -0.6508    0.6605    0.3743
    0.4763    0.7391   -0.4763
...   110 G-C ...
   -8.3898 -122.8716  130.5656
   -0.8914    0.1271   -0.4350
   -0.2346    0.6916    0.6831
    0.3877    0.7110   -0.5867
...   111 A-T ...
   -7.4212 -120.6514  128.4118
   -0.8911    0.4487    0.0684
    0.3269    0.5299    0.7825
    0.3149    0.7197   -0.6188
...   112 C-G ...
   -6.8105 -118.6246  125.8678
   -0.6098    0.6213    0.4921
    0.7472    0.2438    0.6183
    0.2641    0.7447   -0.6129
...   113 T-A ...
   -6.5782 -116.2070  123.5075
   -0.1462    0.5933    0.7916
    0.9666   -0.0845    0.2418
    0.2103    0.8005   -0.5612
...   114 C-G ...
   -5.8109 -113.5006  121.8099
    0.4284    0.4183    0.8009
    0.8831   -0.3813   -0.2733
    0.1911    0.8244   -0.5327
...   115 G-C ...
   -4.8105 -111.0273  119.8605
    0.8435    0.0795    0.5313
    0.4829   -0.5455   -0.6850
    0.2354    0.8343   -0.4985
...   116 T-A ...
   -3.9551 -108.0779  118.7488
    0.9617   -0.2468    0.1194
   -0.0221   -0.5038   -0.8635
    0.2733    0.8278   -0.4900
...   117 A-T ...
   -2.7587 -105.0987  117.5669
    0.7608   -0.5486   -0.3469
   -0.5501   -0.2613   -0.7932
    0.3445    0.7942   -0.5005
...   118 T-A ...
   -1.1589 -102.5117  116.4727
    0.3971   -0.6016   -0.6931
   -0.8539    0.0346   -0.5193
    0.3363    0.7981   -0.5000
...   119 A-T ...
   -0.2009  -99.9046  114.6588
   -0.1673   -0.5372   -0.8267
   -0.9211    0.3842   -0.0633
    0.3517    0.7509   -0.5590
...   120 A-T ...
    1.1833  -97.7159  112.7202
   -0.6582   -0.2631   -0.7054
   -0.6740    0.6234    0.3964
    0.3354    0.7363   -0.5877
...   121 T-A ...
    2.5856  -95.7900  110.3873
   -0.9101    0.0873   -0.4050
   -0.2454    0.6739    0.6969
    0.3338    0.7336   -0.5919
...   122 G-C ...
    3.5718  -93.4485  108.0534
   -0.9168    0.3835    0.1114
    0.3139    0.5197    0.7946
    0.2469    0.7634   -0.5969
...   123 T-A ...
    4.0173  -91.1649  105.7652
   -0.6556    0.5721    0.4928
    0.7195    0.2754    0.6375
    0.2291    0.7725   -0.5922
...   124 G-C ...
    4.5512  -88.5460  103.7827
   -0.1677    0.5605    0.8110
    0.9685   -0.0600    0.2417
    0.1842    0.8260   -0.5327
...   125 T-A ...
    4.6069  -85.8716  102.0004
    0.3366    0.4130    0.8463
    0.9224   -0.3256   -0.2079
    0.1897    0.8505   -0.4905
...   126 C-G ...
    5.1886  -83.1257  100.5670
    0.8062    0.1514    0.5720
    0.5641   -0.4885   -0.6657
    0.1787    0.8593   -0.4792
...   127 G-C ...
    6.1660  -80.5881   98.7396
    0.9375   -0.2454    0.2467
    0.1122   -0.4580   -0.8819
    0.3294    0.8544   -0.4018
...   128 A-T ...
    7.1387  -77.8508   97.5110
    0.8283   -0.4703   -0.3046
   -0.4530   -0.2422   -0.8580
    0.3297    0.8486   -0.4136
...   129 C-G ...
    8.7036  -75.0378   96.7851
    0.4575   -0.5625   -0.6887
   -0.8130    0.0493   -0.5802
    0.3603    0.8253   -0.4347
...   130 C-G ...
   10.5159  -72.5874   95.2368
   -0.0604   -0.5380   -0.8408
   -0.9155    0.3655   -0.1682
    0.3978    0.7596   -0.5146
...   131 A-T ...
   11.2045  -69.8521   93.4603
   -0.5917   -0.3020   -0.7474
   -0.7209    0.6132    0.3230
    0.3608    0.7300   -0.5805
...   132 A-T ...
   12.4546  -67.6447   91.3673
   -0.8906    0.1020   -0.4431
   -0.2642    0.6771    0.6868
    0.3701    0.7287   -0.5761
...   133 A-T ...
   13.7164  -65.5439   89.1829
   -0.8600    0.5100    0.0175
    0.2959    0.4706    0.8313
    0.4157    0.7200   -0.5556
...   134 T-A ...
   14.7283  -63.4123   86.8245
   -0.5924    0.6746    0.4405
    0.6886    0.1400    0.7115
    0.4183    0.7248   -0.5474
...   135 G-C ...
   15.7212  -61.4789   83.9377
    0.0342    0.7399    0.6718
    0.8637   -0.3601    0.3526
    0.5028    0.5682   -0.6514
...   136 T-A ...
   15.7739  -59.5465   80.8036
    0.5516    0.4996    0.6680
    0.6739   -0.7388   -0.0038
    0.4916    0.4523   -0.7442
...   137 G-C ...
   16.8280  -57.7076   78.2738
    0.8528   -0.0847    0.5152
    0.1508   -0.9047   -0.3984
    0.4999    0.4175   -0.7588
...   138 A-T ...
   18.4176  -55.5142   76.5363
    0.8547   -0.5007    0.1370
   -0.3189   -0.7148   -0.6224
    0.4096    0.4883   -0.7706
...   139 G-C ...
   20.4152  -54.2946   74.5497
    0.5847   -0.7389   -0.3350
   -0.7594   -0.3532   -0.5465
    0.2854    0.5739   -0.7676
...   140 C-G ...
   21.4164  -51.8108   72.7950
    0.1305   -0.7142   -0.6876
   -0.8897    0.2217   -0.3991
    0.4375    0.6639   -0.6065
...   141 G-C ...
   22.1407  -50.1331   67.4725
   -0.4682   -0.8748    0.1248
   -0.8495    0.4067   -0.3362
    0.2434   -0.2634   -0.9335
...   142 C-G ...
   22.3378  -51.2253   64.5019
   -0.8529   -0.5117   -0.1032
   -0.4974    0.8566   -0.1372
    0.1587   -0.0657   -0.9851
...   143 T-A ...
   24.0060  -51.6202   61.9333
   -0.9563    0.0399   -0.2897
    0.0522    0.9980   -0.0348
    0.2877   -0.0484   -0.9565
...   144 C-G ...
   24.8857  -52.7207   58.9948
   -0.7530    0.5560   -0.3520
    0.5213    0.8304    0.1966
    0.4016   -0.0355   -0.9151
...   145 A-T ...
   25.5174  -52.9610   55.8127
   -0.2441    0.9563   -0.1609
    0.8907    0.2867    0.3528
    0.3835   -0.0571   -0.9218
...   146 C-G ...
   25.2677  -52.4925   52.0871
    0.3203    0.9428   -0.0928
    0.8825   -0.2613    0.3910
    0.3444   -0.2071   -0.9157
...   147 A-T ...
   25.6133  -52.5733   48.6479
    0.8597    0.5097    0.0339
    0.4498   -0.7866    0.4230
    0.2423   -0.3484   -0.9055
