  147 base-pairs
...     1 T-A ...
    0.0000    0.0000    0.0000
    1.0000    0.0000    0.0000
    0.0000    1.0000    0.0000
    0.0000    0.0000    1.0000
...     2 G-C ...
   -0.5555   -1.1003    3.3981
    0.7749    0.6051    0.1828
   -0.5991    0.7953   -0.0929
   -0.2016   -0.0375    0.9787
...     3 T-A ...
   -0.6619   -3.0237    6.5348
    0.3046    0.9250    0.2271
   -0.8994    0.3578   -0.2510
   -0.3134   -0.1278    0.9410
...     4 G-C ...
   -1.1607   -3.8418    9.6940
   -0.3351    0.9421    0.0133
   -0.8752   -0.3061   -0.3746
   -0.3489   -0.1372    0.9271
...     5 A-T ...
   -1.3881   -3.6770   12.8999
   -0.7835    0.6162   -0.0801
   -0.5677   -0.7622   -0.3109
   -0.2527   -0.1981    0.9470
...     6 G-C ...
   -2.6236   -3.5448   15.7072
   -0.9923    0.0611   -0.1075
   -0.0294   -0.9610   -0.2748
   -0.1201   -0.2695    0.9555
...     7 C-G ...
   -2.3138   -3.7570   18.8866
   -0.8620   -0.4995   -0.0864
    0.5008   -0.8655    0.0073
   -0.0785   -0.0370    0.9962
...     8 G-C ...
   -3.9561   -6.8109   23.3205
   -0.2581   -0.3560   -0.8981
    0.6294   -0.7673    0.1233
   -0.7330   -0.5335    0.4221
...     9 C-G ...
   -6.1177   -8.9414   24.2385
    0.1143   -0.7320   -0.6716
    0.8123   -0.3203    0.4874
   -0.5720   -0.6013    0.5580
...    10 T-A ...
   -8.5041   -9.6771   26.0540
    0.4660   -0.8587   -0.2131
    0.6274    0.1508    0.7640
   -0.6239   -0.4897    0.6090
...    11 C-G ...
  -11.0625  -11.3174   27.2336
    0.6660   -0.6911    0.2808
    0.3382    0.6152    0.7121
   -0.6649   -0.3794    0.6435
...    12 A-T ...
  -13.0013  -13.1789   29.0658
    0.7188   -0.1490    0.6790
   -0.1787    0.9043    0.3876
   -0.6718   -0.4000    0.6235
...    13 C-G ...
  -14.1788  -15.9359   31.3399
    0.4052    0.2865    0.8682
   -0.5270    0.8492   -0.0343
   -0.7470   -0.4437    0.4951
...    14 A-T ...
  -15.9532  -18.1566   33.3080
   -0.1503    0.6873    0.7107
   -0.6106    0.5008   -0.6135
   -0.7776   -0.5261    0.3444
...    15 A-T ...
  -18.3606  -20.0002   34.4424
   -0.4655    0.8541    0.2318
   -0.3956    0.0334   -0.9178
   -0.7917   -0.5190    0.3224
...    16 T-A ...
  -20.7437  -21.6405   36.2093
   -0.6356    0.7186   -0.2821
   -0.0679   -0.4160   -0.9068
   -0.7690   -0.5573    0.3132
...    17 T-A ...
  -23.2688  -23.2634   37.5593
   -0.5777    0.3222   -0.7500
    0.3322   -0.7465   -0.5766
   -0.7456   -0.5822    0.3242
...    18 T-A ...
  -25.7872  -24.9820   38.6061
   -0.2617   -0.1085   -0.9590
    0.5897   -0.8046   -0.0699
   -0.7640   -0.5839    0.2745
...    19 A-T ...
  -28.2736  -27.0119   39.2401
    0.1828   -0.4222   -0.8879
    0.6196   -0.6517    0.4374
   -0.7633   -0.6301    0.1424
...    20 T-A ...
  -31.1348  -28.6690   39.2146
    0.4784   -0.6844   -0.5502
    0.4416   -0.3541    0.8244
   -0.7590   -0.6373    0.1329
...    21 T-A ...
  -33.6952  -30.7113   39.3190
    0.6541   -0.7564   -0.0051
    0.0900    0.0711    0.9934
   -0.7510   -0.6502    0.1145
...    22 C-G ...
  -36.0768  -32.9388   39.6217
    0.6149   -0.5564    0.5588
   -0.3167    0.4747    0.8212
   -0.7222   -0.6820    0.1157
...    23 G-C ...
  -38.5083  -35.0364   40.6379
    0.4310   -0.1077    0.8959
   -0.6455    0.6569    0.3895
   -0.6305   -0.7462    0.2137
...    24 C-G ...
  -40.2741  -37.7199   41.2550
    0.0665    0.2913    0.9543
   -0.7763    0.6160   -0.1339
   -0.6269   -0.7319    0.2671
...    25 A-T ...
  -42.6717  -39.8946   41.9131
   -0.3513    0.6289    0.6936
   -0.6801    0.3377   -0.6507
   -0.6435   -0.7003    0.3090
...    26 A-T ...
  -44.6787  -42.1911   43.1253
   -0.6783    0.7042    0.2095
   -0.3636   -0.0739   -0.9286
   -0.6385   -0.7061    0.3062
...    27 A-T ...
  -46.6189  -44.4323   44.4715
   -0.7790    0.5172   -0.3544
    0.1046   -0.4501   -0.8868
   -0.6182   -0.7279    0.2965
...    28 G-C ...
  -48.9113  -46.5344   45.7526
   -0.5719    0.2429   -0.7836
    0.4873   -0.6678   -0.5626
   -0.6599   -0.7036    0.2635
...    29 G-C ...
  -51.4720  -48.6618   46.6093
   -0.1494   -0.1073   -0.9829
    0.7159   -0.6974   -0.0327
   -0.6820   -0.7086    0.1810
...    30 C-G ...
  -54.0175  -50.6862   46.9572
    0.3011   -0.4189   -0.8567
    0.6729   -0.5432    0.5021
   -0.6757   -0.7276    0.1184
...    31 C-G ...
  -56.5175  -52.9056   47.1876
    0.6729   -0.5797   -0.4595
    0.3959   -0.2425    0.8857
   -0.6248   -0.7779    0.0663
...    32 G-C ...
  -58.1952  -55.4176   47.5072
    0.8489   -0.5277    0.0284
   -0.0077    0.0414    0.9991
   -0.5284   -0.8484    0.0310
...    33 G-C ...
  -59.4682  -58.5281   47.3730
    0.7458   -0.3612    0.5598
   -0.4857    0.2803    0.8280
   -0.4560   -0.8894    0.0336
...    34 C-G ...
  -60.5674  -61.6079   47.2651
    0.3889   -0.1061    0.9152
   -0.8209    0.4110    0.3964
   -0.4182   -0.9054    0.0727
...    35 C-G ...
  -61.5256  -64.8362   47.7577
   -0.0960    0.1885    0.9774
   -0.9153    0.3693   -0.1611
   -0.3913   -0.9100    0.1370
...    36 C-G ...
  -62.6368  -67.8958   48.4747
   -0.5573    0.3996    0.7278
   -0.7371    0.1653   -0.6552
   -0.3822   -0.9016    0.2024
...    37 G-C ...
  -64.3112  -70.8402   48.3857
   -0.8422    0.4846    0.2362
   -0.3151   -0.0870   -0.9451
   -0.4374   -0.8704    0.2260
...    38 A-T ...
  -65.6000  -73.6196   49.1317
   -0.8677    0.3477   -0.3553
    0.2383   -0.3363   -0.9111
   -0.4363   -0.8752    0.2089
...    39 C-G ...
  -67.3956  -76.1195   50.0731
   -0.6070    0.1616   -0.7781
    0.6434   -0.4747   -0.6005
   -0.4665   -0.8652    0.1842
...    40 A-T ...
  -69.0893  -78.9318   50.5708
   -0.1039   -0.0652   -0.9924
    0.8688   -0.4916   -0.0587
   -0.4840   -0.8684    0.1078
...    41 C-G ...
  -71.0785  -81.5642   50.5384
    0.3651   -0.2630   -0.8930
    0.8017   -0.3987    0.4452
   -0.4732   -0.8785    0.0652
...    42 G-C ...
  -72.2561  -84.6174   51.0105
    0.7891   -0.3707   -0.4897
    0.4517   -0.1899    0.8717
   -0.4162   -0.9091    0.0176
...    43 A-T ...
  -73.6906  -87.4193   51.0623
    0.9117   -0.3987    0.0988
   -0.0737    0.0778    0.9942
   -0.4041   -0.9138    0.0416
...    44 C-G ...
  -74.8079  -90.4658   50.4891
    0.7693   -0.2403    0.5920
   -0.5398    0.2512    0.8034
   -0.3418   -0.9376    0.0635
...    45 T-A ...
  -75.3819  -94.0142   50.4526
    0.3659    0.0001    0.9307
   -0.8783    0.3307    0.3452
   -0.3077   -0.9437    0.1211
...    46 T-A ...
  -76.0305  -97.1520   50.7484
   -0.0912    0.1881    0.9779
   -0.9517    0.2726   -0.1412
   -0.2932   -0.9436    0.1542
...    47 A-T ...
  -76.8540 -100.2310   51.5618
   -0.5397    0.4233    0.7277
   -0.7749    0.0879   -0.6259
   -0.3289   -0.9017    0.2806
...    48 C-G ...
  -77.5777 -103.0827   53.1126
   -0.8561    0.4294    0.2876
   -0.3903   -0.1725   -0.9044
   -0.3388   -0.8865    0.3153
...    49 T-A ...
  -78.6775 -105.8167   54.7157
   -0.9098    0.3381   -0.2407
    0.0837   -0.4186   -0.9043
   -0.4065   -0.8429    0.3526
...    50 G-C ...
  -80.1957 -108.6171   55.7058
   -0.6687    0.1054   -0.7360
    0.5759   -0.5526   -0.6025
   -0.4702   -0.8268    0.3088
...    51 T-A ...
  -82.1310 -110.9306   56.7912
   -0.2787   -0.1792   -0.9435
    0.8338   -0.5327   -0.1450
   -0.4766   -0.8271    0.2979
...    52 A-T ...
  -83.3782 -113.8241   57.8023
    0.2855   -0.4615   -0.8399
    0.8387   -0.3037    0.4520
   -0.4637   -0.8335    0.3004
...    53 G-C ...
  -85.1044 -116.4236   58.6826
    0.6942   -0.4794   -0.5369
    0.6013   -0.0237    0.7987
   -0.3956   -0.8773    0.2719
...    54 G-C ...
  -86.7979 -119.6361   58.8229
    0.9386   -0.3382   -0.0690
    0.1533    0.2293    0.9612
   -0.3092   -0.9127    0.2671
...    55 T-A ...
  -87.6256 -122.7241   59.2718
    0.9039   -0.1314    0.4071
   -0.3365    0.3692    0.8663
   -0.2641   -0.9200    0.2896
...    56 A-T ...
  -87.8903 -126.1341   59.8575
    0.6136    0.2262    0.7565
   -0.7776    0.3395    0.5293
   -0.1371   -0.9130    0.3842
...    57 T-A ...
  -87.6787 -129.2258   60.8625
    0.1687    0.4050    0.8986
   -0.9797    0.1688    0.1078
   -0.1081   -0.8986    0.4253
...    58 C-G ...
  -87.7400 -132.2197   62.5348
   -0.4543    0.4650    0.7598
   -0.8854   -0.1416   -0.4428
   -0.0984   -0.8739    0.4761
...    59 T-A ...
  -87.9495 -134.8981   64.4097
   -0.8400    0.3790    0.3884
   -0.5273   -0.4013   -0.7489
   -0.1280   -0.8339    0.5369
...    60 C-G ...
  -88.8238 -137.5882   65.9888
   -0.9894    0.0800   -0.1214
    0.0468   -0.6151   -0.7871
   -0.1377   -0.7844    0.6048
...    61 G-C ...
  -89.2163 -140.4844   67.4409
   -0.8068   -0.2384   -0.5406
    0.5612   -0.5952   -0.5751
   -0.1847   -0.7674    0.6140
...    62 A-T ...
  -89.5579 -143.0717   69.4469
   -0.3119   -0.5449   -0.7783
    0.9357   -0.3182   -0.1522
   -0.1647   -0.7758    0.6091
...    63 G-C ...
  -90.2157 -145.6198   71.4069
    0.2325   -0.6247   -0.7454
    0.9647    0.0506    0.2585
   -0.1238   -0.7792    0.6144
...    64 C-G ...
  -91.0397 -148.3322   73.3160
    0.7501   -0.4460   -0.4883
    0.6568    0.4169    0.6283
   -0.0766   -0.7920    0.6057
...    65 T-A ...
  -91.4550 -151.1361   75.0722
    0.9810   -0.1046   -0.1632
    0.1931    0.5987    0.7773
    0.0164   -0.7941    0.6076
...    66 C-G ...
  -91.3019 -153.8893   76.9794
    0.9226    0.3084    0.2316
   -0.3718    0.5514    0.7468
    0.1026   -0.7751    0.6234
...    67 G-C ...
  -90.7905 -155.9843   79.3232
    0.5867    0.6468    0.4873
   -0.7788    0.2859    0.5583
    0.2218   -0.7071    0.6715
...    68 G-C ...
  -89.6699 -158.1761   81.5381
    0.0651    0.7671    0.6382
   -0.9624   -0.1207    0.2433
    0.2636   -0.6300    0.7305
...    69 G-C ...
  -88.4563 -159.8328   84.2125
   -0.4853    0.6503    0.5845
   -0.8282   -0.5562   -0.0688
    0.2803   -0.5174    0.8085
...    70 A-T ...
  -87.3462 -161.2947   86.9634
   -0.8791    0.1982    0.4336
   -0.3734   -0.8516   -0.3679
    0.2963   -0.4853    0.8226
...    71 T-A ...
  -86.3282 -162.3054   89.9492
   -0.9436   -0.2750    0.1845
    0.1412   -0.8380   -0.5271
    0.2995   -0.4713    0.8296
...    72 C-G ...
  -85.4940 -163.6795   92.9084
   -0.6514   -0.7459   -0.1389
    0.6816   -0.4949   -0.5390
    0.3333   -0.4458    0.8308
...    73 C-G ...
  -84.5705 -165.1309   95.7213
   -0.2185   -0.8653   -0.4511
    0.9221   -0.0319   -0.3855
    0.3192   -0.5002    0.8049
...    74 G-C ...
  -83.0435 -166.7006   98.1381
    0.3022   -0.6939   -0.6535
    0.8818    0.4639   -0.0848
    0.3620   -0.5507    0.7521
...    75 C-G ...
  -82.2493 -168.7458  100.8164
    0.7351   -0.2890   -0.6133
    0.5370    0.8004    0.2664
    0.4139   -0.5252    0.7436
...    76 T-A ...
  -81.0660 -170.8645  103.2222
    0.8721    0.2397   -0.4266
    0.0386    0.8354    0.5483
    0.4878   -0.4946    0.7193
...    77 T-A ...
  -79.3090 -172.6760  105.2303
    0.7198    0.6862   -0.1055
   -0.4467    0.5740    0.6863
    0.5315   -0.4468    0.7196
...    78 T-A ...
  -77.4616 -173.9973  107.4703
    0.3053    0.9330    0.1906
   -0.7440    0.1088    0.6593
    0.5944   -0.3431    0.7273
...    79 A-T ...
  -75.2333 -174.6051  109.9420
   -0.2763    0.8974    0.3441
   -0.7351   -0.4280    0.5258
    0.6191   -0.1077    0.7779
...    80 A-T ...
  -73.1550 -174.6458  112.3043
   -0.6592    0.5324    0.5311
   -0.4345   -0.8461    0.3088
    0.6137   -0.0272    0.7890
...    81 C-G ...
  -71.0225 -174.0016  114.8100
   -0.7738    0.0028    0.6334
    0.0051   -0.9999    0.0107
    0.6334    0.0116    0.7737
...    82 A-T ...
  -69.0912 -173.9360  117.5322
   -0.6365   -0.5837    0.5042
    0.4726   -0.8117   -0.3432
    0.6096    0.0198    0.7925
...    83 C-G ...
  -67.5334 -173.4112  120.5360
   -0.2827   -0.9236    0.2589
    0.7345   -0.3820   -0.5608
    0.6169    0.0316    0.7864
...    84 T-A ...
  -65.9670 -173.2623  123.8389
    0.1871   -0.9800   -0.0678
    0.7478    0.1868   -0.6371
    0.6370    0.0685    0.7678
...    85 T-A ...
  -64.1812 -173.1788  126.5566
    0.6086   -0.6896   -0.3926
    0.4815    0.7142   -0.5080
    0.6307    0.1201    0.7666
...    86 T-A ...
  -62.2648 -172.8460  129.1710
    0.7715   -0.1414   -0.6203
    0.0196    0.9798   -0.1990
    0.6359    0.1414    0.7587
...    87 C-G ...
  -60.2327 -172.1107  131.6040
    0.5656    0.4162   -0.7120
   -0.4221    0.8878    0.1837
    0.7085    0.1966    0.6778
...    88 A-T ...
  -57.6037 -171.7572  133.7516
    0.1437    0.7739   -0.6168
   -0.5997    0.5639    0.5678
    0.7872    0.2882    0.5451
...    89 T-A ...
  -54.8065 -170.8486  135.0528
   -0.2372    0.9172   -0.3201
   -0.5714    0.1347    0.8095
    0.7856    0.3749    0.4922
...    90 G-C ...
  -52.1117 -169.1567  136.4115
   -0.6293    0.7678    0.1202
   -0.2757   -0.3651    0.8892
    0.7266    0.5265    0.4415
...    91 T-A ...
  -49.7306 -166.9610  137.2958
   -0.6928    0.4530    0.5610
    0.1271   -0.6891    0.7134
    0.7098    0.5656    0.4199
...    92 T-A ...
  -47.5293 -164.9368  138.4642
   -0.4717    0.0138    0.8817
    0.5205   -0.8027    0.2910
    0.7117    0.5962    0.3714
...    93 A-T ...
  -44.8568 -163.0766  139.6214
    0.0506   -0.4687    0.8819
    0.6882   -0.6236   -0.3709
    0.7238    0.6257    0.2910
...    94 T-A ...
  -43.0268 -160.6744  140.8664
    0.4260   -0.6839    0.5922
    0.5570   -0.3175   -0.7674
    0.7129    0.6568    0.2456
...    95 A-T ...
  -40.5524 -158.3162  141.2596
    0.7186   -0.6945   -0.0359
    0.1204    0.1752   -0.9771
    0.6850    0.6978    0.2095
...    96 A-T ...
  -38.3866 -156.1057  142.0443
    0.6593   -0.4893   -0.5709
   -0.3260    0.4982   -0.8034
    0.6775    0.7158    0.1690
...    97 C-G ...
  -35.8355 -154.1238  143.0150
    0.3533   -0.1775   -0.9185
   -0.6425    0.6676   -0.3762
    0.6800    0.7231    0.1218
...    98 G-C ...
  -33.8757 -151.5412  142.8951
   -0.1667    0.0108   -0.9859
   -0.7218    0.6799    0.1295
    0.6717    0.7333   -0.1056
...    99 G-C ...
  -31.8157 -149.2278  141.8084
   -0.6022    0.2471   -0.7591
   -0.4867    0.6400    0.5945
    0.6328    0.7275   -0.2652
...   100 A-T ...
  -29.7427 -146.9464  140.6757
   -0.8055    0.5300   -0.2649
   -0.0342    0.4048    0.9138
    0.5916    0.7451   -0.3080
...   101 T-A ...
  -28.0308 -144.7279  138.9882
   -0.7298    0.6462    0.2232
    0.3777    0.1090    0.9195
    0.5699    0.7553   -0.3237
...   102 A-T ...
  -26.3612 -142.0844  137.5772
   -0.3580    0.5716    0.7383
    0.7538   -0.2897    0.5898
    0.5510    0.7677   -0.3271
...   103 T-A ...
  -25.2356 -139.3556  136.1468
    0.0286    0.3558    0.9341
    0.8468   -0.5051    0.1665
    0.5311    0.7863   -0.3157
...   104 G-C ...
  -23.6442 -136.5728  135.2977
    0.4893   -0.0919    0.8673
    0.6762   -0.5880   -0.4438
    0.5507    0.8036   -0.2256
...   105 C-G ...
  -21.9109 -133.7839  134.9151
    0.7678   -0.4203    0.4836
    0.2859   -0.4507   -0.8457
    0.5734    0.7875   -0.2259
...   106 T-A ...
  -19.9216 -130.9995  134.5876
    0.7816   -0.6195   -0.0731
   -0.1883   -0.1227   -0.9744
    0.5947    0.7754   -0.2125
...   107 T-A ...
  -17.9412 -128.5307  134.0914
    0.5231   -0.6151   -0.5899
   -0.5919    0.2359   -0.7707
    0.6133    0.7523   -0.2407
...   108 C-G ...
  -15.7124 -126.2147  133.3251
    0.0535   -0.4254   -0.9034
   -0.7811    0.5458   -0.3032
    0.6221    0.7219   -0.3031
...   109 C-G ...
  -13.5548 -123.9107  132.4258
   -0.4361   -0.1891   -0.8798
   -0.6992    0.6866    0.1990
    0.5665    0.7020   -0.4317
...   110 G-C ...
  -12.1305 -121.6322  130.9571
   -0.7958    0.0799   -0.6003
   -0.3710    0.7192    0.5875
    0.4787    0.6902   -0.5427
...   111 G-C ...
  -10.9585 -119.4695  128.6655
   -0.9056    0.3989   -0.1442
    0.1390    0.6003    0.7876
    0.4008    0.6932   -0.5990
...   112 C-G ...
  -10.1577 -117.3288  126.1919
   -0.7007    0.6321    0.3309
    0.6186    0.3071    0.7232
    0.3555    0.7114   -0.6062
...   113 T-A ...
   -9.2462 -115.0420  123.9884
   -0.2905    0.6741    0.6791
    0.9032   -0.0412    0.4273
    0.3160    0.7375   -0.5968
...   114 C-G ...
   -8.1486 -112.5089  122.2105
    0.2770    0.5086    0.8152
    0.9184   -0.3897   -0.0689
    0.2827    0.7677   -0.5750
...   115 G-C ...
   -6.8131 -110.2192  120.2305
    0.7409    0.1504    0.6546
    0.5950   -0.5992   -0.5357
    0.3117    0.7863   -0.5334
...   116 T-A ...
   -5.8017 -107.3455  118.9984
    0.9313   -0.2137    0.2950
    0.1200   -0.5845   -0.8025
    0.3439    0.7827   -0.5187
...   117 A-T ...
   -4.4799 -104.4825  117.6891
    0.8094   -0.5574   -0.1847
   -0.4272   -0.3431   -0.8366
    0.4029    0.7560   -0.5158
...   118 T-A ...
   -2.7761 -101.9470  116.5976
    0.4953   -0.6466   -0.5802
   -0.7757   -0.0284   -0.6305
    0.3912    0.7623   -0.5156
...   119 A-T ...
   -1.6659  -99.4134  114.7148
   -0.0655   -0.5813   -0.8111
   -0.9118    0.3651   -0.1880
    0.4054    0.7272   -0.5539
...   120 A-T ...
   -0.0984  -97.2843  112.8449
   -0.5749   -0.3056   -0.7590
   -0.7193    0.6309    0.2908
    0.3900    0.7131   -0.5826
...   121 T-A ...
    1.5183  -95.4345  110.5922
   -0.8639    0.0570   -0.5004
   -0.3226    0.7004    0.6366
    0.3868    0.7114   -0.5867
...   122 G-C ...
    2.7169  -93.1454  108.2930
   -0.9260    0.3773    0.0096
    0.2343    0.5549    0.7983
    0.2959    0.7415   -0.6022
...   123 T-A ...
    3.3487  -90.9408  105.9665
   -0.6985    0.5848    0.4124
    0.6603    0.3046    0.6865
    0.2758    0.7518   -0.5989
...   124 G-C ...
    4.0546  -88.3797  103.9451
   -0.2304    0.5887    0.7748
    0.9469   -0.0477    0.3179
    0.2241    0.8069   -0.5465
...   125 T-A ...
    4.2505  -85.7660  102.0846
    0.2751    0.4426    0.8535
    0.9348   -0.3304   -0.1300
    0.2245    0.8336   -0.5046
...   126 C-G ...
    4.9399  -83.0625  100.6079
    0.7666    0.1716    0.6188
    0.6066   -0.5094   -0.6103
    0.2105    0.8433   -0.4946
...   127 G-C ...
    6.0397  -80.5938   98.7254
    0.9267   -0.2331    0.2949
    0.1527   -0.4832   -0.8621
    0.3434    0.8439   -0.4122
...   128 A-T ...
    7.0591  -77.8826   97.4568
    0.8412   -0.4739   -0.2605
   -0.4189   -0.2665   -0.8680
    0.3420    0.8393   -0.4227
...   129 C-G ...
    8.6352  -75.0758   96.7147
    0.4820   -0.5761   -0.6602
   -0.7939    0.0316   -0.6072
    0.3707    0.8168   -0.4421
...   130 C-G ...
   10.4512  -72.6262   95.1731
   -0.0377   -0.5525   -0.8327
   -0.9125    0.3587   -0.1966
    0.4073    0.7524   -0.5177
...   131 A-T ...
   11.1399  -69.8620   93.4111
   -0.5796   -0.3044   -0.7559
   -0.7256    0.6151    0.3087
    0.3710    0.7273   -0.5774
...   132 A-T ...
   12.4198  -67.6481   91.3443
   -0.8861    0.1023   -0.4520
   -0.2698    0.6791    0.6826
    0.3768    0.7269   -0.5742
...   133 A-T ...
   13.7021  -65.5474   89.1702
   -0.8599    0.5103    0.0116
    0.2914    0.4721    0.8320
    0.4191    0.7188   -0.5547
...   134 T-A ...
   14.7283  -63.4123   86.8245
   -0.5924    0.6746    0.4405
    0.6886    0.1400    0.7115
    0.4183    0.7248   -0.5474
...   135 G-C ...
   15.7212  -61.4789   83.9378
    0.0342    0.7399    0.6718
    0.8637   -0.3601    0.3526
    0.5028    0.5682   -0.6514
...   136 T-A ...
   15.7739  -59.5465   80.8037
    0.5516    0.4996    0.6680
    0.6739   -0.7388   -0.0038
    0.4916    0.4523   -0.7442
...   137 G-C ...
   16.8280  -57.7076   78.2738
    0.8528   -0.0847    0.5152
    0.1508   -0.9047   -0.3984
    0.4999    0.4175   -0.7588
...   138 A-T ...
   18.4176  -55.5142   76.5363
    0.8547   -0.5007    0.1370
   -0.3189   -0.7148   -0.6224
    0.4096    0.4883   -0.7706
...   139 G-C ...
   20.4152  -54.2946   74.5497
    0.5847   -0.7389   -0.3350
   -0.7594   -0.3532   -0.5465
    0.2854    0.5739   -0.7676
...   140 C-G ...
   21.4164  -51.8108   72.7950
    0.1305   -0.7142   -0.6876
   -0.8897    0.2217   -0.3991
    0.4375    0.6639   -0.6065
...   141 G-C ...
   22.1406  -50.1331   67.4725
   -0.4682   -0.8748    0.1248
   -0.8495    0.4067   -0.3362
    0.2434   -0.2634   -0.9335
...   142 C-G ...
   22.3377  -51.2252   64.5019
   -0.8529   -0.5117   -0.1032
   -0.4974    0.8566   -0.1372
    0.1587   -0.0657   -0.9851
...   143 T-A ...
   24.0060  -51.6202   61.9333
   -0.9563    0.0399   -0.2897
    0.0522    0.9980   -0.0348
    0.2877   -0.0484   -0.9565
...   144 C-G ...
   24.8857  -52.7207   58.9948
   -0.7530    0.5560   -0.3520
    0.5213    0.8304    0.1966
    0.4016   -0.0355   -0.9151
...   145 A-T ...
   25.5174  -52.9610   55.8128
   -0.2442    0.9563   -0.1609
    0.8907    0.2867    0.3528
    0.3835   -0.0571   -0.9218
...   146 C-G ...
   25.2677  -52.4925   52.0871
    0.3203    0.9428   -0.0928
    0.8825   -0.2613    0.3910
    0.3444   -0.2071   -0.9157
...   147 A-T ...
   25.6133  -52.5732   48.6479
    0.8597    0.5097    0.0339
    0.4498   -0.7866    0.4230
    0.2423   -0.3484   -0.9055
