  147 base-pairs
...     1 T-A ...
    0.0000    0.0000    0.0000
    1.0000    0.0000    0.0000
    0.0000    1.0000    0.0000
    0.0000    0.0000    1.0000
...     2 G-C ...
   -0.5555   -1.1003    3.3981
    0.7749    0.6051    0.1828
   -0.5991    0.7953   -0.0929
   -0.2016   -0.0375    0.9787
...     3 T-A ...
   -0.6619   -3.0237    6.5348
    0.3046    0.9250    0.2271
   -0.8994    0.3578   -0.2510
   -0.3134   -0.1278    0.9410
...     4 G-C ...
   -1.1607   -3.8418    9.6940
   -0.3351    0.9421    0.0133
   -0.8752   -0.3061   -0.3746
   -0.3489   -0.1372    0.9271
...     5 A-T ...
   -1.3881   -3.6770   12.8999
   -0.7835    0.6162   -0.0801
   -0.5677   -0.7622   -0.3109
   -0.2527   -0.1981    0.9470
...     6 G-C ...
   -2.6236   -3.5448   15.7072
   -0.9923    0.0611   -0.1075
   -0.0294   -0.9610   -0.2748
   -0.1201   -0.2695    0.9555
...     7 C-G ...
   -2.3138   -3.7570   18.8866
   -0.8620   -0.4995   -0.0864
    0.5008   -0.8655    0.0073
   -0.0785   -0.0370    0.9962
...     8 G-C ...
   -3.9561   -6.8109   23.3205
   -0.2581   -0.3560   -0.8981
    0.6294   -0.7673    0.1233
   -0.7330   -0.5335    0.4221
...     9 C-G ...
   -6.1177   -8.9414   24.2385
    0.1143   -0.7320   -0.6716
    0.8123   -0.3203    0.4874
   -0.5720   -0.6013    0.5580
...    10 T-A ...
   -8.5041   -9.6771   26.0540
    0.4660   -0.8587   -0.2131
    0.6274    0.1508    0.7640
   -0.6239   -0.4897    0.6090
...    11 C-G ...
  -11.0625  -11.3174   27.2336
    0.6660   -0.6911    0.2808
    0.3382    0.6152    0.7121
   -0.6649   -0.3794    0.6435
...    12 A-T ...
  -13.0013  -13.1789   29.0658
    0.7188   -0.1490    0.6790
   -0.1787    0.9043    0.3876
   -0.6718   -0.4000    0.6235
...    13 C-G ...
  -14.1788  -15.9359   31.3399
    0.4052    0.2865    0.8682
   -0.5270    0.8492   -0.0343
   -0.7470   -0.4437    0.4951
...    14 A-T ...
  -15.9532  -18.1566   33.3080
   -0.1503    0.6873    0.7107
   -0.6106    0.5008   -0.6135
   -0.7776   -0.5261    0.3444
...    15 A-T ...
  -18.3633  -19.9902   34.4599
   -0.4737    0.8511    0.2263
   -0.3938    0.0251   -0.9189
   -0.7877   -0.5244    0.3233
...    16 T-A ...
  -20.7375  -21.6491   36.2298
   -0.6438    0.7077   -0.2909
   -0.0586   -0.4246   -0.9035
   -0.7629   -0.5646    0.3149
...    17 T-A ...
  -23.2412  -23.3008   37.5826
   -0.5797    0.3032   -0.7563
    0.3483   -0.7470   -0.5664
   -0.7367   -0.5917    0.3274
...    18 T-A ...
  -25.7314  -25.0631   38.6542
   -0.2550   -0.1352   -0.9574
    0.6093   -0.7914   -0.0506
   -0.7508   -0.5962    0.2842
...    19 A-T ...
  -28.1428  -27.1864   39.3780
    0.2015   -0.4629   -0.8632
    0.6344   -0.6098    0.4750
   -0.7462   -0.6434    0.1708
...    20 T-A ...
  -30.9504  -28.9322   39.4276
    0.5055   -0.6999   -0.5045
    0.4429   -0.2913    0.8479
   -0.7405   -0.6521    0.1627
...    21 T-A ...
  -33.4386  -31.0484   39.6408
    0.6774   -0.7337    0.0537
    0.0704    0.1373    0.9880
   -0.7322   -0.6655    0.1446
...    22 C-G ...
  -35.7504  -33.3331   40.0700
    0.6195   -0.4957    0.6087
   -0.3510    0.5187    0.7796
   -0.7021   -0.6966    0.1474
...    23 G-C ...
  -38.1196  -35.4560   41.2029
    0.4115   -0.0290    0.9109
   -0.6794    0.6564    0.3278
   -0.6075   -0.7538    0.2505
...    24 C-G ...
  -39.7970  -38.1619   41.9750
    0.0279    0.3594    0.9328
   -0.7958    0.5726   -0.1969
   -0.6049   -0.7368    0.3020
...    25 A-T ...
  -42.1706  -40.3698   42.7029
   -0.4106    0.6584    0.6308
   -0.6676    0.2540   -0.6998
   -0.6210   -0.7085    0.3353
...    26 A-T ...
  -44.1173  -42.6774   43.9977
   -0.7255    0.6772    0.1230
   -0.3125   -0.1650   -0.9355
   -0.6132   -0.7171    0.3313
...    27 A-T ...
  -45.9958  -44.9362   45.4120
   -0.7881    0.4364   -0.4341
    0.1808   -0.5100   -0.8410
   -0.5884   -0.7412    0.3230
...    28 G-C ...
  -48.2208  -47.0916   46.7410
   -0.5376    0.1371   -0.8320
    0.5637   -0.6754   -0.4755
   -0.6271   -0.7246    0.2859
...    29 G-C ...
  -50.6676  -49.3390   47.6461
   -0.0748   -0.2044   -0.9760
    0.7635   -0.6413    0.0758
   -0.6415   -0.7395    0.2040
...    30 C-G ...
  -53.0775  -51.5238   48.0399
    0.3926   -0.4720   -0.7894
    0.6713   -0.4396    0.5967
   -0.6286   -0.7642    0.1443
...    31 C-G ...
  -55.3968  -53.9234   48.3284
    0.7472   -0.5663   -0.3479
    0.3393   -0.1250    0.9323
   -0.5715   -0.8146    0.0987
...    32 G-C ...
  -56.9119  -56.5358   48.8066
    0.8782   -0.4528    0.1542
   -0.1008    0.1398    0.9850
   -0.4676   -0.8806    0.0771
...    33 G-C ...
  -57.9641  -59.7291   48.9247
    0.7116   -0.2413    0.6598
   -0.5818    0.3240    0.7460
   -0.3938   -0.9148    0.0902
...    34 C-G ...
  -58.8355  -62.8853   49.0815
    0.2964    0.0210    0.9548
   -0.8852    0.3813    0.2664
   -0.3585   -0.9242    0.1317
...    35 C-G ...
  -59.6390  -66.1063   49.8517
   -0.2233    0.2771    0.9345
   -0.9147    0.2717   -0.2991
   -0.3368   -0.9216    0.1928
...    36 C-G ...
  -60.6099  -69.1740   50.7813
   -0.6758    0.4204    0.6055
   -0.6566    0.0299   -0.7536
   -0.3349   -0.9068    0.2559
...    37 G-C ...
  -62.0437  -72.2844   50.7595
   -0.9044    0.4215    0.0656
   -0.1690   -0.2127   -0.9624
   -0.3917   -0.8815    0.2636
...    38 A-T ...
  -63.1900  -75.0951   51.6410
   -0.8318    0.2205   -0.5094
    0.3980   -0.4029   -0.8242
   -0.3869   -0.8883    0.2474
...    39 C-G ...
  -64.8786  -77.6592   52.6106
   -0.4913    0.0161   -0.8708
    0.7666   -0.4665   -0.4411
   -0.4134   -0.8844    0.2169
...    40 A-T ...
  -66.3660  -80.5871   53.1914
    0.0670   -0.1850   -0.9805
    0.9066   -0.3990    0.1372
   -0.4166   -0.8981    0.1410
...    41 C-G ...
  -68.0787  -83.4098   53.1921
    0.5363   -0.3187   -0.7815
    0.7448   -0.2568    0.6158
   -0.3970   -0.9124    0.0997
...    42 G-C ...
  -69.0368  -86.5156   53.8563
    0.8957   -0.3335   -0.2941
    0.2978   -0.0412    0.9537
   -0.3301   -0.9419    0.0624
...    43 A-T ...
  -70.1921  -89.4500   54.0179
    0.9071   -0.2826    0.3120
   -0.2701    0.1776    0.9463
   -0.3228   -0.9427    0.0847
...    44 C-G ...
  -70.9196  -92.6463   53.6605
    0.6527   -0.0876    0.7525
   -0.7099    0.2761    0.6479
   -0.2646   -0.9571    0.1180
...    45 T-A ...
  -71.1802  -96.2217   53.9597
    0.1580    0.1421    0.9772
   -0.9576    0.2635    0.1165
   -0.2409   -0.9541    0.1777
...    46 T-A ...
  -71.6311  -99.3577   54.5228
   -0.3332    0.2756    0.9017
   -0.9127    0.1455   -0.3817
   -0.2364   -0.9502    0.2031
...    47 A-T ...
  -72.4751 -102.4441   55.3602
   -0.7682    0.3921    0.5060
   -0.5740   -0.0719   -0.8157
   -0.2835   -0.9171    0.2803
...    48 C-G ...
  -73.2552 -105.2657   56.9620
   -0.9497    0.3132   -0.0061
   -0.0899   -0.2909   -0.9525
   -0.3001   -0.9040    0.3044
...    49 T-A ...
  -74.4337 -108.0468   58.4467
   -0.8333    0.1745   -0.5245
    0.4046   -0.4540   -0.7938
   -0.3766   -0.8737    0.3078
...    50 G-C ...
  -75.7838 -110.9988   59.2475
   -0.4199   -0.0448   -0.9064
    0.8027   -0.4843   -0.3480
   -0.4235   -0.8737    0.2393
...    51 T-A ...
  -77.6207 -113.5364   59.9493
    0.0571   -0.2698   -0.9612
    0.9035   -0.3958    0.1647
   -0.4249   -0.8778    0.2212
...    52 A-T ...
  -78.7506 -116.5526   60.7489
    0.6026   -0.4291   -0.6728
    0.6883   -0.1472    0.7103
   -0.4038   -0.8912    0.2067
...    53 G-C ...
  -80.2574 -119.3822   61.2714
    0.8977   -0.3621   -0.2511
    0.3035    0.0950    0.9481
   -0.3195   -0.9273    0.1952
...    54 G-C ...
  -81.3414 -122.8403   61.1256
    0.9484   -0.1662    0.2701
   -0.2210    0.2646    0.9387
   -0.2275   -0.9499    0.2142
...    55 T-A ...
  -81.7433 -126.0302   61.4865
    0.7160    0.0348    0.6973
   -0.6714    0.3080    0.6741
   -0.1913   -0.9507    0.2439
...    56 A-T ...
  -81.6826 -129.4145   62.1913
    0.2501    0.3233    0.9126
   -0.9615    0.1933    0.1951
   -0.1134   -0.9263    0.3592
...    57 T-A ...
  -81.3351 -132.4445   63.3583
   -0.2540    0.4078    0.8771
   -0.9617   -0.0099   -0.2739
   -0.1030   -0.9130    0.3947
...    58 C-G ...
  -81.5101 -135.4486   64.9952
   -0.7870    0.3471    0.5100
   -0.6065   -0.2834   -0.7429
   -0.1133   -0.8940    0.4336
...    59 T-A ...
  -81.9436 -138.2068   66.7513
   -0.9809    0.1936    0.0165
   -0.1053   -0.4584   -0.8825
   -0.1633   -0.8674    0.4700
...    60 C-G ...
  -82.7418 -141.1123   68.0030
   -0.8537   -0.1135   -0.5082
    0.4829   -0.5378   -0.6911
   -0.1949   -0.8354    0.5139
...    61 G-C ...
  -83.0192 -144.1408   69.2387
   -0.4474   -0.3503   -0.8229
    0.8625   -0.4124   -0.2934
   -0.2365   -0.8410    0.4866
...    62 A-T ...
  -83.5003 -146.9028   70.9549
    0.1600   -0.5127   -0.8435
    0.9659   -0.0948    0.2408
   -0.2035   -0.8533    0.4801
...    63 G-C ...
  -84.2631 -149.7517   72.4141
    0.6536   -0.4633   -0.5985
    0.7394    0.2222    0.6355
   -0.1614   -0.8579    0.4878
...    64 C-G ...
  -85.0740 -152.8074   73.7080
    0.9670   -0.2070   -0.1483
    0.2300    0.4602    0.8575
   -0.1092   -0.8633    0.4926
...    65 T-A ...
  -85.4338 -155.8459   75.0356
    0.9562    0.1359    0.2592
   -0.2919    0.5061    0.8115
   -0.0209   -0.8517    0.5236
...    66 C-G ...
  -85.3214 -158.6809   76.7729
    0.6343    0.4617    0.6201
   -0.7712    0.3219    0.5492
    0.0539   -0.8266    0.5602
...    67 G-C ...
  -85.3374 -160.9762   79.0656
    0.1292    0.6559    0.7437
   -0.9834   -0.0114    0.1810
    0.1272   -0.7547    0.6436
...    68 G-C ...
  -84.6141 -163.2600   81.3843
   -0.4299    0.6090    0.6666
   -0.8941   -0.3898   -0.2204
    0.1256   -0.6908    0.7121
...    69 G-C ...
  -84.1481 -165.1500   84.1353
   -0.8544    0.3667    0.3682
   -0.5131   -0.7074   -0.4861
    0.0822   -0.6042    0.7926
...    70 A-T ...
  -83.7912 -166.9013   86.9451
   -0.9903   -0.1382    0.0164
    0.1024   -0.8031   -0.5869
    0.0943   -0.5795    0.8095
...    71 T-A ...
  -83.7343 -168.3257   89.9387
   -0.7895   -0.5428   -0.2864
    0.6062   -0.6171   -0.5017
    0.0956   -0.5697    0.8163
...    72 C-G ...
  -83.6761 -170.1307   92.7856
   -0.2511   -0.8278   -0.5018
    0.9602   -0.1473   -0.2375
    0.1227   -0.5414    0.8318
...    73 C-G ...
  -83.4181 -171.8854   95.5660
    0.2798   -0.7356   -0.6169
    0.9476    0.3149    0.0542
    0.1544   -0.5997    0.7852
...    74 G-C ...
  -82.6756 -173.4962   98.3244
    0.7579   -0.3642   -0.5413
    0.5989    0.7175    0.3557
    0.2588   -0.5937    0.7619
...    75 T-A ...
  -82.2728 -175.8457  100.6336
    0.9450    0.0636   -0.3209
    0.1283    0.8303    0.5423
    0.3009   -0.5536    0.7765
...    76 C-G ...
  -81.2496 -177.5282  103.1191
    0.8331    0.5503   -0.0563
   -0.3934    0.6609    0.6391
    0.3889   -0.5103    0.7670
...    77 A-T ...
  -79.6703 -179.5425  105.3995
    0.4445    0.8826    0.1530
   -0.7280    0.2564    0.6358
    0.5220   -0.3940    0.7565
...    78 T-A ...
  -77.5791 -180.6715  107.5617
   -0.0050    0.9311    0.3646
   -0.8365   -0.2037    0.5087
    0.5479   -0.3025    0.7799
...    79 G-C ...
  -75.5350 -181.2408  110.2851
   -0.5489    0.6934    0.4668
   -0.6491   -0.7054    0.2848
    0.5268   -0.1467    0.8373
...    80 T-A ...
  -73.5377 -181.0532  112.9635
   -0.8162    0.2290    0.5305
   -0.2468   -0.9683    0.0382
    0.5224   -0.0997    0.8468
...    81 T-A ...
  -71.8601 -181.0996  115.6923
   -0.7947   -0.3491    0.4965
    0.2683   -0.9358   -0.2286
    0.5444   -0.0485    0.8374
...    82 A-T ...
  -69.7679 -181.4623  118.4057
   -0.3821   -0.8764    0.2930
    0.7122   -0.4813   -0.5110
    0.5888    0.0134    0.8081
...    83 T-A ...
  -68.4211 -181.1611  121.3593
    0.0545   -0.9975    0.0456
    0.7965    0.0159   -0.6045
    0.6022    0.0692    0.7953
...    84 A-T ...
  -66.1654 -180.6394  123.8887
    0.5806   -0.7506   -0.3153
    0.5522    0.6477   -0.5249
    0.5983    0.1306    0.7906
...    85 A-T ...
  -64.3306 -180.2959  126.4756
    0.7818   -0.2768   -0.5587
    0.1157    0.9449   -0.3063
    0.6127    0.1748    0.7708
...    86 C-G ...
  -62.2636 -180.3635  129.1368
    0.6940    0.2557   -0.6731
   -0.3312    0.9434    0.0170
    0.6393    0.2111    0.7394
...    87 G-C ...
  -60.1623 -179.1104  131.2501
    0.2744    0.5997   -0.7517
   -0.6164    0.7097    0.3412
    0.7380    0.3697    0.5644
...    88 G-C ...
  -57.5532 -177.5250  132.4397
   -0.1843    0.8085   -0.5589
   -0.6091    0.3523    0.7105
    0.7714    0.4714    0.4276
...    89 A-T ...
  -55.0895 -175.6828  133.4598
   -0.5651    0.8189   -0.1005
   -0.3512   -0.1285    0.9275
    0.7466    0.5594    0.3602
...    90 C-G ...
  -52.5269 -173.6628  133.9049
   -0.7146    0.5961    0.3661
    0.0229   -0.5031    0.8639
    0.6991    0.6258    0.3459
...    91 T-A ...
  -50.3665 -170.8378  134.6370
   -0.5935    0.2110    0.7767
    0.4411   -0.7219    0.5332
    0.6732    0.6590    0.3354
...    92 T-A ...
  -48.4207 -168.3714  135.5475
   -0.1754   -0.2021    0.9635
    0.7096   -0.7044   -0.0186
    0.6824    0.6804    0.2670
...    93 T-A ...
  -46.5204 -165.8299  136.3736
    0.3155   -0.5153    0.7968
    0.6674   -0.4765   -0.5724
    0.6746    0.7123    0.1936
...    94 A-T ...
  -44.0872 -163.5895  136.1214
    0.7359   -0.6011    0.3115
    0.3047   -0.1167   -0.9453
    0.6046    0.7906    0.0973
...    95 A-T ...
  -42.2225 -161.0288  136.5525
    0.7849   -0.5628   -0.2591
   -0.1769    0.1973   -0.9643
    0.5938    0.8027    0.0553
...    96 C-G ...
  -40.0289 -158.6028  137.2449
    0.5597   -0.4060   -0.7224
   -0.5703    0.4438   -0.6913
    0.6012    0.7989    0.0168
...    97 A-T ...
  -37.9303 -156.0451  137.2470
    0.0829   -0.1993   -0.9764
   -0.7784    0.5988   -0.1884
    0.6223    0.7757   -0.1055
...    98 C-G ...
  -35.4362 -153.9455  136.5916
   -0.3529    0.0843   -0.9319
   -0.7070    0.6283    0.3246
    0.6128    0.7734   -0.1621
...    99 T-A ...
  -33.0674 -151.5445  135.4153
   -0.7398    0.3412   -0.5799
   -0.3810    0.4980    0.7790
    0.5546    0.7972   -0.2385
...   100 T-A ...
  -31.2826 -149.1005  134.2325
   -0.8288    0.5582   -0.0386
    0.1108    0.2315    0.9665
    0.5484    0.7968   -0.2537
...   101 T-A ...
  -29.6321 -146.5438  133.1380
   -0.6330    0.5866    0.5052
    0.5589   -0.1053    0.8225
    0.5357    0.8030   -0.2612
...   102 A-T ...
  -27.7928 -143.8308  132.3760
   -0.1899    0.3999    0.8967
    0.8347   -0.4151    0.3618
    0.5169    0.8172   -0.2550
...   103 T-A ...
  -26.8072 -140.8621  131.3849
    0.2138    0.1477    0.9656
    0.8352   -0.5403   -0.1022
    0.5066    0.8284   -0.2389
...   104 G-C ...
  -25.2465 -137.9851  130.8491
    0.6291   -0.2821    0.7243
    0.5543   -0.4904   -0.6725
    0.5450    0.8245   -0.1522
...   105 C-G ...
  -23.4375 -135.2468  130.7694
    0.8089   -0.5332    0.2477
    0.1126   -0.2730   -0.9554
    0.5771    0.8007   -0.1608
...   106 T-A ...
  -21.3548 -132.5251  130.6679
    0.7154   -0.6202   -0.3217
   -0.3485    0.0823   -0.9337
    0.6055    0.7801   -0.1572
...   107 T-A ...
  -19.3008 -130.0985  130.3241
    0.3776   -0.5140   -0.7702
   -0.6821    0.4081   -0.6068
    0.6262    0.7545   -0.1965
...   108 C-G ...
  -17.0332 -127.8250  129.6173
   -0.1121   -0.2604   -0.9590
   -0.7697    0.6331   -0.0820
    0.6285    0.7289   -0.2714
...   109 C-G ...
  -14.8302 -125.5581  128.7468
   -0.5665   -0.0080   -0.8241
   -0.6051    0.6828    0.4093
    0.5594    0.7305   -0.3916
...   110 G-C ...
  -13.4360 -123.1859  127.4435
   -0.8568    0.2289   -0.4621
   -0.2285    0.6348    0.7382
    0.4623    0.7380   -0.4916
...   111 G-C ...
  -12.4040 -120.7656  125.3440
   -0.8775    0.4777    0.0418
    0.2888    0.4568    0.8414
    0.3829    0.7504   -0.5388
...   112 C-G ...
  -11.7048 -118.3386  123.1194
   -0.5977    0.6201    0.5082
    0.7251    0.1475    0.6727
    0.3421    0.7705   -0.5378
...   113 T-A ...
  -10.8555 -115.8252  121.1615
   -0.1499    0.5845    0.7974
    0.9384   -0.1699    0.3010
    0.3114    0.7934   -0.5230
...   114 C-G ...
   -9.7461 -113.1547  119.6117
    0.4068    0.3622    0.8387
    0.8663   -0.4442   -0.2284
    0.2898    0.8194   -0.4945
...   115 G-C ...
   -8.4220 -110.7204  117.8145
    0.8113   -0.0015    0.5846
    0.4823   -0.5634   -0.6708
    0.3303    0.8262   -0.4564
...   116 T-A ...
   -7.2674 -107.8182  116.8556
    0.9306   -0.3243    0.1696
   -0.0059   -0.4767   -0.8790
    0.3659    0.8171   -0.4455
...   117 A-T ...
   -5.7780 -104.9131  115.8412
    0.7378   -0.5940   -0.3207
   -0.5191   -0.1956   -0.8320
    0.4315    0.7804   -0.4526
...   118 T-A ...
   -3.9289 -102.4225  114.9280
    0.3927   -0.6083   -0.6897
   -0.8171    0.1135   -0.5653
    0.4221    0.7856   -0.4524
...   119 A-T ...
   -2.6635  -99.8393  113.2725
   -0.1579   -0.4969   -0.8533
   -0.8864    0.4521   -0.0993
    0.4351    0.7407   -0.5119
...   120 A-T ...
   -1.0212  -97.6928  111.4947
   -0.6356   -0.1944   -0.7472
   -0.6499    0.6571    0.3819
    0.4167    0.7283   -0.5440
...   121 T-A ...
    0.6328  -95.7967  109.3117
   -0.8798    0.1611   -0.4472
   -0.2363    0.6681    0.7056
    0.4124    0.7264   -0.5497
...   122 G-C ...
    1.8845  -93.4505  107.1093
   -0.8963    0.4360    0.0808
    0.3059    0.4760    0.8245
    0.3211    0.7637   -0.5600
...   123 T-A ...
    2.5634  -91.1297  104.9269
   -0.6441    0.5950    0.4807
    0.7036    0.2142    0.6776
    0.3002    0.7746   -0.5566
...   124 G-C ...
    3.3355  -88.4836  103.0697
   -0.1719    0.5457    0.8201
    0.9523   -0.1212    0.2802
    0.2523    0.8292   -0.4989
...   125 T-A ...
    3.6154  -85.7637  101.3806
    0.3228    0.3703    0.8710
    0.9116   -0.3691   -0.1810
    0.2545    0.8524   -0.4568
...   126 C-G ...
    4.4053  -83.0118  100.0666
    0.7900    0.0934    0.6060
    0.5642   -0.4977   -0.6588
    0.2401    0.8623   -0.4459
...   127 G-C ...
    5.5698  -80.4913   98.3339
    0.9209   -0.2894    0.2614
    0.1151   -0.4387   -0.8912
    0.3725    0.8508   -0.3707
...   128 A-T ...
    6.6719  -77.7617   97.2009
    0.8164   -0.4934   -0.3001
   -0.4434   -0.2025   -0.8731
    0.3701    0.8459   -0.3841
...   129 C-G ...
    8.3568  -74.9930   96.5694
    0.4502   -0.5606   -0.6950
   -0.8001    0.0923   -0.5927
    0.3964    0.8229   -0.4070
...   130 C-G ...
   10.2763  -72.5640   95.1244
   -0.0642   -0.5169   -0.8537
   -0.9015    0.3969   -0.1726
    0.4280    0.7585   -0.4914
...   131 A-T ...
   11.0976  -69.8453   93.3916
   -0.5885   -0.2850   -0.7566
   -0.7132    0.6238    0.3198
    0.3808    0.7278   -0.5703
...   132 A-T ...
   12.4070  -67.6381   91.3428
   -0.8865    0.1125   -0.4488
   -0.2616    0.6783    0.6867
    0.3816    0.7262   -0.5719
...   133 A-T ...
   13.6997  -65.5405   89.1706
   -0.8570    0.5151    0.0151
    0.2961    0.4681    0.8326
    0.4217    0.7180   -0.5537
...   134 T-A ...
   14.7283  -63.4123   86.8245
   -0.5924    0.6746    0.4405
    0.6886    0.1400    0.7115
    0.4183    0.7248   -0.5474
...   135 G-C ...
   15.7211  -61.4788   83.9378
    0.0342    0.7399    0.6718
    0.8637   -0.3601    0.3526
    0.5028    0.5682   -0.6514
...   136 T-A ...
   15.7739  -59.5465   80.8037
    0.5516    0.4996    0.6680
    0.6739   -0.7388   -0.0038
    0.4916    0.4523   -0.7442
...   137 G-C ...
   16.8280  -57.7076   78.2738
    0.8528   -0.0847    0.5152
    0.1508   -0.9047   -0.3984
    0.4999    0.4175   -0.7588
...   138 A-T ...
   18.4176  -55.5142   76.5363
    0.8547   -0.5007    0.1370
   -0.3189   -0.7148   -0.6224
    0.4096    0.4883   -0.7706
...   139 G-C ...
   20.4152  -54.2945   74.5497
    0.5847   -0.7389   -0.3350
   -0.7594   -0.3532   -0.5465
    0.2854    0.5739   -0.7676
...   140 C-G ...
   21.4163  -51.8108   72.7950
    0.1305   -0.7142   -0.6876
   -0.8897    0.2217   -0.3991
    0.4375    0.6639   -0.6065
...   141 G-C ...
   22.1406  -50.1330   67.4725
   -0.4682   -0.8748    0.1248
   -0.8495    0.4067   -0.3362
    0.2434   -0.2634   -0.9335
...   142 C-G ...
   22.3377  -51.2252   64.5020
   -0.8529   -0.5117   -0.1032
   -0.4974    0.8566   -0.1372
    0.1587   -0.0657   -0.9851
...   143 T-A ...
   24.0059  -51.6201   61.9333
   -0.9563    0.0399   -0.2897
    0.0522    0.9980   -0.0348
    0.2877   -0.0484   -0.9565
...   144 C-G ...
   24.8857  -52.7207   58.9948
   -0.7530    0.5560   -0.3520
    0.5213    0.8304    0.1966
    0.4016   -0.0355   -0.9151
...   145 A-T ...
   25.5174  -52.9610   55.8128
   -0.2441    0.9563   -0.1609
    0.8907    0.2867    0.3528
    0.3835   -0.0571   -0.9218
...   146 C-G ...
   25.2677  -52.4925   52.0871
    0.3203    0.9428   -0.0928
    0.8825   -0.2613    0.3910
    0.3444   -0.2071   -0.9157
...   147 A-T ...
   25.6133  -52.5732   48.6479
    0.8597    0.5097    0.0339
    0.4498   -0.7866    0.4230
    0.2423   -0.3484   -0.9055
