  147 base-pairs
...     1 T-A ...
    0.0000    0.0000    0.0000
    1.0000    0.0000    0.0000
    0.0000    1.0000    0.0000
    0.0000    0.0000    1.0000
...     2 G-C ...
   -0.5555   -1.1003    3.3981
    0.7749    0.6051    0.1828
   -0.5991    0.7953   -0.0929
   -0.2016   -0.0375    0.9787
...     3 T-A ...
   -0.6619   -3.0237    6.5348
    0.3046    0.9250    0.2271
   -0.8994    0.3578   -0.2510
   -0.3134   -0.1278    0.9410
...     4 G-C ...
   -1.1607   -3.8418    9.6940
   -0.3351    0.9421    0.0133
   -0.8752   -0.3061   -0.3746
   -0.3489   -0.1372    0.9271
...     5 A-T ...
   -1.3881   -3.6770   12.8999
   -0.7835    0.6162   -0.0801
   -0.5677   -0.7622   -0.3109
   -0.2527   -0.1981    0.9470
...     6 G-C ...
   -2.6236   -3.5448   15.7072
   -0.9923    0.0611   -0.1075
   -0.0294   -0.9610   -0.2748
   -0.1201   -0.2695    0.9555
...     7 C-G ...
   -2.3138   -3.7570   18.8866
   -0.8620   -0.4995   -0.0864
    0.5008   -0.8655    0.0073
   -0.0785   -0.0370    0.9962
...     8 G-C ...
   -3.9561   -6.8109   23.3205
   -0.2581   -0.3560   -0.8981
    0.6294   -0.7673    0.1233
   -0.7330   -0.5335    0.4221
...     9 C-G ...
   -6.1177   -8.9414   24.2385
    0.1143   -0.7320   -0.6716
    0.8123   -0.3203    0.4874
   -0.5720   -0.6013    0.5580
...    10 T-A ...
   -8.5041   -9.6771   26.0540
    0.4660   -0.8587   -0.2131
    0.6274    0.1508    0.7640
   -0.6239   -0.4897    0.6090
...    11 C-G ...
  -11.0625  -11.3174   27.2336
    0.6660   -0.6911    0.2808
    0.3382    0.6152    0.7121
   -0.6649   -0.3794    0.6435
...    12 A-T ...
  -13.0013  -13.1789   29.0658
    0.7188   -0.1490    0.6790
   -0.1787    0.9043    0.3876
   -0.6718   -0.4000    0.6235
...    13 C-G ...
  -14.1788  -15.9359   31.3399
    0.4052    0.2865    0.8682
   -0.5270    0.8492   -0.0343
   -0.7470   -0.4437    0.4951
...    14 A-T ...
  -15.9532  -18.1566   33.3080
   -0.1503    0.6873    0.7107
   -0.6106    0.5008   -0.6135
   -0.7776   -0.5261    0.3444
...    15 A-T ...
  -18.3711  -19.9933   34.4251
   -0.4527    0.8604    0.2342
   -0.3992    0.0393   -0.9160
   -0.7973   -0.5082    0.3257
...    16 T-A ...
  -20.7684  -21.5876   36.2037
   -0.6227    0.7318   -0.2771
   -0.0818   -0.4131   -0.9070
   -0.7782   -0.5421    0.3171
...    17 T-A ...
  -23.3249  -23.1494   37.5696
   -0.5736    0.3401   -0.7452
    0.3074   -0.7539   -0.5807
   -0.7593   -0.5621    0.3279
...    18 T-A ...
  -25.8884  -24.7863   38.6171
   -0.2719   -0.0924   -0.9579
    0.5612   -0.8238   -0.0798
   -0.7818   -0.5593    0.2758
...    19 A-T ...
  -28.4609  -26.7064   39.2391
    0.1561   -0.4199   -0.8940
    0.5955   -0.6822    0.4244
   -0.7881   -0.5986    0.1436
...    20 T-A ...
  -31.4034  -28.2268   39.2381
    0.4354   -0.7030   -0.5624
    0.4344   -0.3831    0.8152
   -0.7885   -0.5992    0.1385
...    21 T-A ...
  -34.0742  -30.1249   39.3562
    0.6068   -0.7946   -0.0185
    0.1083    0.0596    0.9923
   -0.7874   -0.6041    0.1222
...    22 C-G ...
  -36.6021  -32.1838   39.6703
    0.5856   -0.5996    0.5455
   -0.2712    0.4892    0.8289
   -0.7639   -0.6333    0.1239
...    23 G-C ...
  -39.2089  -34.0564   40.6586
    0.4390   -0.1438    0.8869
   -0.5825    0.7061    0.4027
   -0.6841   -0.6934    0.2262
...    24 C-G ...
  -41.1810  -36.5843   41.2897
    0.1126    0.2829    0.9525
   -0.7238    0.6801   -0.1164
   -0.6808   -0.6763    0.2814
...    25 A-T ...
  -43.6881  -38.5781   42.0108
   -0.2586    0.6595    0.7058
   -0.6665    0.4071   -0.6245
   -0.6992   -0.6319    0.3343
...    26 A-T ...
  -45.8736  -40.6508   43.3026
   -0.5827    0.7767    0.2393
   -0.4123   -0.0287   -0.9106
   -0.7003   -0.6293    0.3370
...    27 A-T ...
  -47.9961  -42.6340   44.7601
   -0.7238    0.6143   -0.3142
   -0.0004   -0.4558   -0.8901
   -0.6900   -0.6441    0.3302
...    28 G-C ...
  -50.4732  -44.4075   46.1744
   -0.5763    0.3261   -0.7493
    0.3580   -0.7235   -0.5902
   -0.7346   -0.6084    0.3002
...    29 G-C ...
  -53.2767  -46.1317   47.1575
   -0.2236   -0.0723   -0.9720
    0.6024   -0.7943   -0.0795
   -0.7663   -0.6033    0.2211
...    30 C-G ...
  -56.0697  -47.7619   47.6234
    0.1766   -0.4479   -0.8765
    0.6124   -0.6471    0.4540
   -0.7706   -0.6170    0.1600
...    31 C-G ...
  -58.8835  -49.5518   48.0122
    0.5385   -0.6727   -0.5074
    0.4131   -0.3140    0.8548
   -0.7344   -0.6699    0.1088
...    32 G-C ...
  -60.9233  -51.7411   48.4468
    0.7488   -0.6617   -0.0378
    0.0751    0.0281    0.9968
   -0.6585   -0.7493    0.0708
...    33 G-C ...
  -62.7150  -54.5893   48.3916
    0.7147   -0.4911    0.4979
   -0.3632    0.3477    0.8644
   -0.5977   -0.7987    0.0701
...    34 C-G ...
  -64.3628  -57.4098   48.3398
    0.4410   -0.1859    0.8780
   -0.6977    0.5443    0.4657
   -0.5645   -0.8180    0.1104
...    35 C-G ...
  -65.8231  -60.4288   48.8910
    0.0355    0.1919    0.9808
   -0.8420    0.5344   -0.0741
   -0.5383   -0.8232    0.1806
...    36 C-G ...
  -67.3946  -63.2343   49.7194
   -0.3888    0.4891    0.7808
   -0.7561    0.3149   -0.5737
   -0.5265   -0.8134    0.2474
...    37 G-C ...
  -69.5534  -65.7822   49.9028
   -0.6906    0.6428    0.3315
   -0.4364   -0.0049   -0.8997
   -0.5767   -0.7660    0.2839
...    38 A-T ...
  -71.2924  -68.2388   50.8244
   -0.8126    0.5278   -0.2473
    0.0484   -0.3617   -0.9311
   -0.5808   -0.7685    0.2683
...    39 C-G ...
  -73.4487  -70.3125   52.0032
   -0.6524    0.3038   -0.6944
    0.4447   -0.5884   -0.6753
   -0.6137   -0.7493    0.2488
...    40 A-T ...
  -75.6474  -72.6801   52.7335
   -0.2475   -0.0127   -0.9688
    0.7219   -0.6694   -0.1757
   -0.6463   -0.7428    0.1748
...    41 C-G ...
  -78.1661  -74.8015   52.9784
    0.1674   -0.3126   -0.9350
    0.7449   -0.5811    0.3277
   -0.6458   -0.7514    0.1356
...    42 G-C ...
  -79.9325  -77.5095   53.6224
    0.6007   -0.5280   -0.6003
    0.5183   -0.3145    0.7953
   -0.6087   -0.7888    0.0847
...    43 A-T ...
  -81.9591  -79.8938   53.9098
    0.7974   -0.6021   -0.0405
    0.0983    0.0632    0.9931
   -0.5955   -0.7959    0.1096
...    44 C-G ...
  -83.8224  -82.5858   53.5328
    0.7728   -0.4334    0.4636
   -0.3322    0.3461    0.8774
   -0.5407   -0.8321    0.1235
...    45 T-A ...
  -85.2122  -85.9003   53.6140
    0.5025   -0.1204    0.8562
   -0.7022    0.5209    0.4854
   -0.5044   -0.8451    0.1772
...    46 T-A ...
  -86.5297  -88.8063   54.0265
    0.1325    0.1690    0.9767
   -0.8650    0.5008    0.0308
   -0.4839   -0.8489    0.2125
...    47 A-T ...
  -87.7705  -91.6609   55.0763
   -0.2308    0.5320    0.8147
   -0.8430    0.3088   -0.4405
   -0.4859   -0.7884    0.3772
...    48 C-G ...
  -88.8534  -94.2449   56.8417
   -0.6160    0.6408    0.4582
   -0.6198   -0.0352   -0.7840
   -0.4862   -0.7669    0.4189
...    49 T-A ...
  -90.2225  -96.6026   58.7804
   -0.8092    0.5867   -0.0324
   -0.2571   -0.4030   -0.8783
   -0.5284   -0.7024    0.4770
...    50 G-C ...
  -92.1938  -98.8569   60.2514
   -0.7693    0.3141   -0.5563
    0.2247   -0.6821   -0.6959
   -0.5980   -0.6604    0.4542
...    51 T-A ...
  -94.3842 -100.5229   61.8864
   -0.5462   -0.0649   -0.8351
    0.5769   -0.7520   -0.3188
   -0.6074   -0.6559    0.4482
...    52 A-T ...
  -96.0780 -102.9526   63.3460
   -0.0923   -0.5173   -0.8508
    0.7992   -0.5482    0.2466
   -0.5940   -0.6572    0.4640
...    53 G-C ...
  -98.2126 -104.9143   64.7873
    0.3468   -0.6670   -0.6594
    0.7572   -0.2158    0.6165
   -0.5535   -0.7131    0.4302
...    54 G-C ...
 -100.7230 -107.4245   65.5991
    0.7311   -0.6189   -0.2870
    0.4758    0.1612    0.8646
   -0.4889   -0.7687    0.4123
...    55 T-A ...
 -102.3096 -110.0831   66.5122
    0.8940   -0.4184    0.1606
    0.0523    0.4532    0.8899
   -0.4451   -0.7871    0.4271
...    56 A-T ...
 -103.4488 -113.2381   67.4178
    0.8449    0.0111    0.5348
   -0.4439    0.5724    0.6894
   -0.2984   -0.8199    0.4886
...    57 T-A ...
 -103.9258 -116.2269   68.6137
    0.5487    0.3254    0.7701
   -0.7967    0.4826    0.3638
   -0.2532   -0.8132    0.5240
...    58 C-G ...
 -104.4061 -119.0345   70.5258
   -0.0254    0.5919    0.8056
   -0.9752    0.1627   -0.1502
   -0.2200   -0.7894    0.5731
...    59 T-A ...
 -104.8644 -121.4732   72.6438
   -0.5026    0.6478    0.5725
   -0.8369   -0.1986   -0.5101
   -0.2167   -0.7355    0.6419
...    60 C-G ...
 -106.0545 -123.6300   74.7250
   -0.8871    0.4291    0.1701
   -0.4211   -0.6015   -0.6789
   -0.1890   -0.6739    0.7143
...    61 G-C ...
 -106.9327 -126.1226   76.6174
   -0.9692    0.0725   -0.2351
    0.0937   -0.7749   -0.6251
   -0.2276   -0.6279    0.7443
...    62 A-T ...
 -107.5378 -128.3159   79.0072
   -0.7254   -0.4056   -0.5561
    0.6534   -0.6599   -0.3709
   -0.2165   -0.6324    0.7437
...    63 G-C ...
 -108.3534 -130.3340   81.4579
   -0.2725   -0.6946   -0.6657
    0.9454   -0.3219   -0.0511
   -0.1789   -0.6433    0.7444
...    64 C-G ...
 -109.3807 -132.4260   83.9606
    0.3282   -0.7275   -0.6026
    0.9333    0.1514    0.3256
   -0.1456   -0.6692    0.7286
...    65 T-A ...
 -110.1443 -134.7471   86.2237
    0.7584   -0.4989   -0.4195
    0.6483    0.5108    0.5645
   -0.0673   -0.7001    0.7109
...    66 C-G ...
 -110.4178 -137.2320   88.4821
    0.9908   -0.0802   -0.1094
    0.1340    0.7031    0.6984
    0.0209   -0.7066    0.7073
...    67 G-C ...
 -109.9633 -139.2156   90.8984
    0.9129    0.3800    0.1487
   -0.3720    0.6252    0.6861
    0.1677   -0.6817    0.7122
...    68 G-C ...
 -109.0545 -141.4909   93.1031
    0.5646    0.7192    0.4049
   -0.7862    0.3192    0.5292
    0.2513   -0.6171    0.7456
...    69 G-C ...
 -107.6689 -143.2744   95.6055
    0.0345    0.8476    0.5296
   -0.9419   -0.1496    0.3007
    0.3341   -0.5092    0.7931
...    70 A-T ...
 -106.3052 -144.7825   98.1930
   -0.5222    0.6091    0.5969
   -0.7722   -0.6347   -0.0279
    0.3619   -0.4755    0.8018
...    71 T-A ...
 -104.7594 -145.8005  100.9363
   -0.8450    0.1953    0.4979
   -0.3864   -0.8665   -0.3159
    0.3697   -0.4594    0.8076
...    72 C-G ...
 -103.5410 -147.0524  103.8070
   -0.8928   -0.3826    0.2376
    0.1992   -0.8087   -0.5535
    0.4039   -0.4469    0.7982
...    73 C-G ...
 -102.3935 -148.4346  106.5738
   -0.6787   -0.7232   -0.1276
    0.6389   -0.4959   -0.5881
    0.3620   -0.4807    0.7987
...    74 G-C ...
 -100.8484 -150.1814  108.8404
   -0.2350   -0.8405   -0.4882
    0.9024   -0.0020   -0.4309
    0.3612   -0.5418    0.7589
...    75 C-G ...
 -100.0124 -151.9616  111.6895
    0.3060   -0.6761   -0.6702
    0.8586    0.5001   -0.1126
    0.4113   -0.5410    0.7336
...    76 T-A ...
  -98.9827 -153.9963  114.2286
    0.6918   -0.2501   -0.6773
    0.5425    0.7991    0.2590
    0.4765   -0.5467    0.6886
...    77 T-A ...
  -97.4893 -156.0825  116.1795
    0.8445    0.2558   -0.4705
    0.0738    0.8146    0.5753
    0.5304   -0.5206    0.6691
...    78 T-A ...
  -95.6518 -157.7308  118.1955
    0.6858    0.7067   -0.1740
   -0.3681    0.5430    0.7547
    0.6278   -0.4536    0.6325
...    79 A-T ...
  -93.0545 -158.8974  120.0461
    0.2149    0.9727    0.0878
   -0.6062    0.0624    0.7928
    0.7657   -0.2236    0.6031
...    80 A-T ...
  -90.4623 -159.3943  121.7313
   -0.1894    0.8751    0.4453
   -0.5778   -0.4660    0.6700
    0.7939   -0.1304    0.5939
...    81 C-G ...
  -87.5239 -159.2332  123.3070
   -0.4520    0.5048    0.7354
   -0.3617   -0.8574    0.3663
    0.8154   -0.1004    0.5701
...    82 A-T ...
  -84.9148 -159.3771  125.3803
   -0.6043   -0.0765    0.7931
   -0.0067   -0.9949   -0.1010
    0.7968   -0.0663    0.6006
...    83 C-G ...
  -82.3897 -158.9000  127.6372
   -0.5080   -0.5872    0.6302
    0.3136   -0.8075   -0.4996
    0.8023   -0.0562    0.5943
...    84 T-A ...
  -79.9176 -158.6287  130.3318
   -0.2210   -0.9345    0.2792
    0.5182   -0.3550   -0.7781
    0.8262   -0.0272    0.5627
...    85 T-A ...
  -77.4650 -158.6250  132.4731
    0.1617   -0.9678   -0.1928
    0.5233    0.2497   -0.8148
    0.8367    0.0308    0.5468
...    86 T-A ...
  -74.8831 -158.5704  134.4556
    0.4241   -0.6584   -0.6218
    0.3201    0.7513   -0.5771
    0.8471    0.0457    0.5294
...    87 A-T ...
  -71.9902 -158.2961  135.9605
    0.4057   -0.1739   -0.8973
    0.0388    0.9841   -0.1732
    0.9132    0.0355    0.4060
...    88 T-A ...
  -69.0204 -158.8764  136.9969
    0.2958    0.2897   -0.9103
   -0.1477    0.9553    0.2561
    0.9438    0.0587    0.3254
...    89 G-C ...
  -65.7512 -158.7879  137.7403
    0.0360    0.7913   -0.6104
   -0.2505    0.5984    0.7610
    0.9674    0.1255    0.2198
...    90 C-G ...
  -62.5700 -158.1283  137.8166
   -0.1866    0.9729   -0.1369
   -0.2065    0.0974    0.9736
    0.9605    0.2099    0.1827
...    91 T-A ...
  -59.3881 -157.3269  138.0120
   -0.3221    0.8698    0.3738
   -0.0168   -0.4001    0.9163
    0.9465    0.2889    0.1435
...    92 C-G ...
  -56.4998 -155.8685  138.6173
   -0.2984    0.4985    0.8139
    0.2400   -0.7862    0.5695
    0.9238    0.3652    0.1149
...    93 A-T ...
  -53.5260 -154.2211  138.7142
   -0.1953   -0.0167    0.9806
    0.4526   -0.8886    0.0750
    0.8701    0.4584    0.1811
...    94 T-A ...
  -50.9709 -152.2746  139.3671
    0.0673   -0.4620    0.8843
    0.4913   -0.7561   -0.4324
    0.8684    0.4636    0.1761
...    95 G-C ...
  -48.1520 -150.4936  139.9897
    0.3519   -0.8248    0.4427
    0.3168   -0.3400   -0.8854
    0.8808    0.4518    0.1416
...    96 T-A ...
  -45.4033 -148.8152  140.9963
    0.4819   -0.8695   -0.1083
    0.0405    0.1456   -0.9885
    0.8753    0.4720    0.1054
...    97 T-A ...
  -42.6045 -147.3883  141.4785
    0.3952   -0.6555   -0.6435
   -0.2560    0.5942   -0.7625
    0.8822    0.4661    0.0670
...    98 A-T ...
  -39.7568 -145.7121  141.4071
    0.0899   -0.2702   -0.9586
   -0.4384    0.8535   -0.2817
    0.8943    0.4456   -0.0417
...    99 T-A ...
  -36.6257 -144.9506  141.2291
   -0.1640    0.1751   -0.9708
   -0.4296    0.8732    0.2301
    0.8880    0.4548   -0.0679
...   100 A-T ...
  -33.8202 -143.3340  140.7762
   -0.4936    0.5291   -0.6902
   -0.2361    0.6823    0.6919
    0.8370    0.5045   -0.2118
...   101 A-T ...
  -31.2667 -141.7786  139.8021
   -0.6036    0.7718   -0.1999
    0.0969    0.3199    0.9425
    0.7914    0.5495   -0.2679
...   102 C-G ...
  -28.9570 -139.8848  138.1265
   -0.4729    0.8108    0.3449
    0.4267   -0.1317    0.8947
    0.7709    0.5703   -0.2837
...   103 G-C ...
  -26.4828 -137.8033  137.5919
   -0.1964    0.5488    0.8125
    0.6846   -0.5165    0.5143
    0.7020    0.6573   -0.2743
...   104 G-C ...
  -24.3711 -135.3522  136.9402
    0.1392    0.1411    0.9802
    0.7241   -0.6897   -0.0035
    0.6755    0.7103   -0.1982
...   105 A-T ...
  -22.3559 -132.7476  136.2578
    0.5676   -0.2896    0.7706
    0.4896   -0.6338   -0.5988
    0.6619    0.7172   -0.2179
...   106 T-A ...
  -20.4956 -129.9427  136.0868
    0.7579   -0.5533    0.3456
    0.1166   -0.4063   -0.9063
    0.6419    0.7272   -0.2434
...   107 T-A ...
  -18.4414 -127.4635  135.5521
    0.6963   -0.6732   -0.2489
   -0.3539   -0.0203   -0.9351
    0.6245    0.7391   -0.2524
...   108 C-G ...
  -16.2109 -125.0848  134.8510
    0.3260   -0.5922   -0.7369
   -0.6991    0.3737   -0.6096
    0.6364    0.7139   -0.2922
...   109 C-G ...
  -14.0906 -122.6981  134.0576
   -0.1737   -0.4085   -0.8961
   -0.7720    0.6214   -0.1337
    0.6115    0.6685   -0.4233
...   110 G-C ...
  -12.4945 -120.5017  132.5856
   -0.6205   -0.1284   -0.7736
   -0.5621    0.7607    0.3247
    0.5468    0.6363   -0.5442
...   111 G-C ...
  -10.9250 -118.6044  130.3147
   -0.8723    0.2512   -0.4195
   -0.1104    0.7347    0.6694
    0.4764    0.6302   -0.6131
...   112 C-G ...
   -9.7499 -116.7936  127.7318
   -0.8105    0.5838    0.0470
    0.3998    0.4929    0.7728
    0.4280    0.6451   -0.6330
...   113 T-A ...
   -8.5600 -114.7494  125.4137
   -0.4984    0.7249    0.4755
    0.7813    0.1379    0.6087
    0.3757    0.6749   -0.6351
...   114 C-G ...
   -7.3293 -112.3531  123.5334
    0.0427    0.6519    0.7571
    0.9451   -0.2721    0.1809
    0.3239    0.7078   -0.6278
...   115 G-C ...
   -5.8284 -110.1878  121.5198
    0.5733    0.3337    0.7483
    0.7496   -0.5823   -0.3146
    0.3307    0.7413   -0.5840
...   116 T-A ...
   -4.9060 -107.3461  120.0767
    0.8743   -0.0525    0.4825
    0.3298   -0.6651   -0.6700
    0.3561    0.7449   -0.5642
...   117 A-T ...
   -3.6828 -104.5620  118.5361
    0.8840   -0.4669    0.0228
   -0.2406   -0.4962   -0.8342
    0.4008    0.7319   -0.5510
...   118 T-A ...
   -2.1110 -101.9616  117.3551
    0.6467   -0.6428   -0.4107
   -0.6587   -0.1992   -0.7255
    0.3845    0.7397   -0.5522
...   119 A-T ...
   -1.0894  -99.4661  115.3010
    0.0980   -0.6441   -0.7587
   -0.9149    0.2416   -0.3234
    0.3916    0.7258   -0.5656
...   120 A-T ...
    0.4524  -97.2883  113.4579
   -0.4476   -0.4180   -0.7905
   -0.8095    0.5650    0.1597
    0.3799    0.7114   -0.5912
...   121 T-A ...
    2.1070  -95.4096  111.2564
   -0.8045   -0.0666   -0.5903
   -0.4589    0.7006    0.5464
    0.3771    0.7105   -0.5941
...   122 G-C ...
    3.3152  -93.0958  108.9769
   -0.9520    0.2887   -0.1015
    0.1047    0.6188    0.7786
    0.2876    0.7306   -0.6193
...   123 T-A ...
    3.9751  -90.9626  106.5775
   -0.7768    0.5448    0.3159
    0.5700    0.3950    0.7205
    0.2677    0.7397   -0.6174
...   124 G-C ...
    4.6837  -88.4462  104.4728
   -0.3293    0.6107    0.7201
    0.9207    0.0384    0.3885
    0.2096    0.7909   -0.5749
...   125 T-A ...
    4.8490  -85.9180  102.4927
    0.1855    0.5037    0.8437
    0.9609   -0.2726   -0.0486
    0.2056    0.8197   -0.5346
...   126 C-G ...
    5.4688  -83.2481  100.9053
    0.7138    0.2509    0.6539
    0.6737   -0.5011   -0.5431
    0.1914    0.8282   -0.5267
...   127 G-C ...
    6.5440  -80.8137   98.9195
    0.9234   -0.1673    0.3455
    0.2170   -0.5150   -0.8293
    0.3166    0.8407   -0.4392
...   128 A-T ...
    7.4785  -78.1059   97.5563
    0.8734   -0.4406   -0.2072
   -0.3708   -0.3261   -0.8696
    0.3156    0.8364   -0.4482
...   129 C-G ...
    8.9282  -75.2460   96.7527
    0.5305   -0.5788   -0.6193
   -0.7736   -0.0320   -0.6329
    0.3465    0.8148   -0.4647
...   130 C-G ...
   10.6353  -72.7504   95.1623
    0.0059   -0.5805   -0.8142
   -0.9214    0.3132   -0.2300
    0.3885    0.7516   -0.5330
...   131 A-T ...
   11.1848  -69.9229   93.3865
   -0.5612   -0.3233   -0.7619
   -0.7440    0.6005    0.2932
    0.3627    0.7314   -0.5776
...   132 A-T ...
   12.4332  -67.6803   91.3267
   -0.8834    0.0896   -0.4599
   -0.2849    0.6765    0.6791
    0.3719    0.7310   -0.5721
...   133 A-T ...
   13.7069  -65.5623   89.1653
   -0.8644    0.5028    0.0061
    0.2826    0.4756    0.8331
    0.4160    0.7218   -0.5531
...   134 T-A ...
   14.7283  -63.4123   86.8245
   -0.5924    0.6746    0.4405
    0.6886    0.1400    0.7115
    0.4183    0.7248   -0.5474
...   135 G-C ...
   15.7212  -61.4788   83.9378
    0.0342    0.7399    0.6718
    0.8637   -0.3601    0.3526
    0.5028    0.5682   -0.6514
...   136 T-A ...
   15.7740  -59.5465   80.8036
    0.5516    0.4996    0.6680
    0.6739   -0.7388   -0.0038
    0.4916    0.4523   -0.7442
...   137 G-C ...
   16.8281  -57.7076   78.2738
    0.8528   -0.0847    0.5152
    0.1508   -0.9047   -0.3984
    0.4999    0.4175   -0.7588
...   138 A-T ...
   18.4176  -55.5142   76.5363
    0.8547   -0.5007    0.1370
   -0.3189   -0.7148   -0.6224
    0.4096    0.4883   -0.7706
...   139 G-C ...
   20.4153  -54.2945   74.5497
    0.5847   -0.7389   -0.3350
   -0.7594   -0.3532   -0.5465
    0.2854    0.5739   -0.7676
...   140 C-G ...
   21.4164  -51.8108   72.7950
    0.1305   -0.7142   -0.6876
   -0.8897    0.2217   -0.3991
    0.4375    0.6639   -0.6065
...   141 G-C ...
   22.1407  -50.1331   67.4725
   -0.4682   -0.8748    0.1248
   -0.8495    0.4067   -0.3362
    0.2434   -0.2634   -0.9335
...   142 C-G ...
   22.3378  -51.2252   64.5019
   -0.8529   -0.5117   -0.1032
   -0.4974    0.8566   -0.1372
    0.1587   -0.0657   -0.9851
...   143 T-A ...
   24.0060  -51.6202   61.9333
   -0.9563    0.0399   -0.2897
    0.0522    0.9980   -0.0348
    0.2877   -0.0484   -0.9565
...   144 C-G ...
   24.8857  -52.7207   58.9948
   -0.7530    0.5560   -0.3520
    0.5213    0.8304    0.1966
    0.4016   -0.0355   -0.9151
...   145 A-T ...
   25.5174  -52.9610   55.8127
   -0.2441    0.9563   -0.1609
    0.8907    0.2867    0.3528
    0.3835   -0.0571   -0.9218
...   146 C-G ...
   25.2678  -52.4925   52.0871
    0.3203    0.9428   -0.0928
    0.8825   -0.2613    0.3910
    0.3444   -0.2071   -0.9157
...   147 A-T ...
   25.6134  -52.5732   48.6479
    0.8597    0.5097    0.0339
    0.4498   -0.7866    0.4230
    0.2423   -0.3484   -0.9055
