  147 base-pairs
...     1 T-A ...
    0.0000    0.0000    0.0000
    1.0000    0.0000    0.0000
    0.0000    1.0000    0.0000
    0.0000    0.0000    1.0000
...     2 G-C ...
   -0.5555   -1.1003    3.3981
    0.7749    0.6051    0.1828
   -0.5991    0.7953   -0.0929
   -0.2016   -0.0375    0.9787
...     3 T-A ...
   -0.6619   -3.0237    6.5348
    0.3046    0.9250    0.2271
   -0.8994    0.3578   -0.2510
   -0.3134   -0.1278    0.9410
...     4 G-C ...
   -1.1607   -3.8418    9.6940
   -0.3351    0.9421    0.0133
   -0.8752   -0.3061   -0.3746
   -0.3489   -0.1372    0.9271
...     5 A-T ...
   -1.3881   -3.6770   12.8999
   -0.7835    0.6162   -0.0801
   -0.5677   -0.7622   -0.3109
   -0.2527   -0.1981    0.9470
...     6 G-C ...
   -2.6236   -3.5448   15.7072
   -0.9923    0.0611   -0.1075
   -0.0294   -0.9610   -0.2748
   -0.1201   -0.2695    0.9555
...     7 C-G ...
   -2.3138   -3.7570   18.8866
   -0.8620   -0.4995   -0.0864
    0.5008   -0.8655    0.0073
   -0.0785   -0.0370    0.9962
...     8 G-C ...
   -3.9561   -6.8109   23.3205
   -0.2581   -0.3560   -0.8981
    0.6294   -0.7673    0.1233
   -0.7330   -0.5335    0.4221
...     9 C-G ...
   -6.1177   -8.9414   24.2385
    0.1143   -0.7320   -0.6716
    0.8123   -0.3203    0.4874
   -0.5720   -0.6013    0.5580
...    10 T-A ...
   -8.5041   -9.6771   26.0540
    0.4660   -0.8587   -0.2131
    0.6274    0.1508    0.7640
   -0.6239   -0.4897    0.6090
...    11 C-G ...
  -11.0625  -11.3174   27.2336
    0.6660   -0.6911    0.2808
    0.3382    0.6152    0.7121
   -0.6649   -0.3794    0.6435
...    12 A-T ...
  -13.0013  -13.1789   29.0658
    0.7188   -0.1490    0.6790
   -0.1787    0.9043    0.3876
   -0.6718   -0.4000    0.6235
...    13 C-G ...
  -14.1788  -15.9359   31.3399
    0.4052    0.2865    0.8682
   -0.5270    0.8492   -0.0343
   -0.7470   -0.4437    0.4951
...    14 A-T ...
  -15.9532  -18.1566   33.3080
   -0.1503    0.6873    0.7107
   -0.6106    0.5008   -0.6135
   -0.7776   -0.5261    0.3444
...    15 A-T ...
  -18.3040  -19.9719   34.6276
   -0.4824    0.8413    0.2439
   -0.4033    0.0339   -0.9144
   -0.7776   -0.5395    0.3229
...    16 T-A ...
  -20.6300  -21.5881   36.2976
   -0.6144    0.7490   -0.2482
   -0.1006   -0.3863   -0.9169
   -0.7826   -0.5383    0.3126
...    17 T-A ...
  -23.1771  -23.1794   37.5032
   -0.5477    0.4201   -0.7236
    0.2639   -0.7339   -0.6259
   -0.7939   -0.5338    0.2911
...    18 T-A ...
  -25.8578  -24.6844   38.5025
   -0.2832   -0.0374   -0.9583
    0.5210   -0.8450   -0.1210
   -0.8052   -0.5335    0.2588
...    19 A-T ...
  -28.7002  -26.3204   39.0520
    0.1522   -0.4154   -0.8968
    0.5574   -0.7132    0.4250
   -0.8161   -0.5646    0.1230
...    20 T-A ...
  -31.6477  -27.7555   38.9564
    0.4238   -0.7030   -0.5711
    0.4004   -0.4201    0.8144
   -0.8124   -0.5738    0.1035
...    21 T-A ...
  -34.3414  -29.5594   38.9831
    0.5821   -0.8128   -0.0221
    0.0864    0.0348    0.9956
   -0.8085   -0.5815    0.0905
...    22 C-G ...
  -36.8837  -31.6097   39.1485
    0.5480   -0.6261    0.5548
   -0.2853    0.4835    0.8275
   -0.7863   -0.6118    0.0863
...    23 G-C ...
  -39.5296  -33.5309   39.7817
    0.3718   -0.1961    0.9074
   -0.5724    0.7211    0.3904
   -0.7308   -0.6646    0.1558
...    24 C-G ...
  -41.6353  -36.0398   40.2771
    0.0290    0.2494    0.9680
   -0.6913    0.7044   -0.1608
   -0.7220   -0.6645    0.1928
...    25 A-T ...
  -44.1642  -38.1055   40.8653
   -0.3051    0.6575    0.6889
   -0.6040    0.4256   -0.6738
   -0.7362   -0.6217    0.2673
...    26 A-T ...
  -46.4041  -40.1810   41.9665
   -0.5981    0.7785    0.1903
   -0.3210   -0.0152   -0.9469
   -0.7343   -0.6274    0.2590
...    27 A-T ...
  -48.7533  -42.1291   43.0645
   -0.6745    0.6357   -0.3755
    0.0751   -0.4469   -0.8914
   -0.7345   -0.6295    0.2536
...    28 G-C ...
  -51.3077  -43.9549   44.0792
   -0.4854    0.3563   -0.7984
    0.4091   -0.7145   -0.5676
   -0.7727   -0.6021    0.2011
...    29 G-C ...
  -54.1481  -45.6555   44.7029
   -0.1211   -0.0234   -0.9924
    0.5855   -0.8090   -0.0524
   -0.8016   -0.5874    0.1117
...    30 C-G ...
  -57.0407  -47.2423   44.8433
    0.2534   -0.4219   -0.8705
    0.5466   -0.6800    0.4886
   -0.7981   -0.5997    0.0583
...    31 C-G ...
  -59.8248  -49.1448   44.6069
    0.5750   -0.6618   -0.4810
    0.3073   -0.3702    0.8767
   -0.7583   -0.6519   -0.0095
...    32 G-C ...
  -62.1612  -51.5113   44.7857
    0.7339   -0.6749    0.0764
   -0.0828    0.0227    0.9963
   -0.6741   -0.7376   -0.0392
...    33 G-C ...
  -64.2118  -54.1584   44.3150
    0.6337   -0.4928    0.5963
   -0.4779    0.3568    0.8027
   -0.6084   -0.7936   -0.0094
...    34 C-G ...
  -65.8794  -57.0004   44.0508
    0.3066   -0.1850    0.9337
   -0.7525    0.5535    0.3568
   -0.5828   -0.8120    0.0305
...    35 C-G ...
  -67.5246  -59.9354   44.2481
   -0.0927    0.2085    0.9736
   -0.8153    0.5455   -0.1945
   -0.5716   -0.8118    0.1194
...    36 C-G ...
  -69.2234  -62.7580   44.9335
   -0.4660    0.5342    0.7053
   -0.6556    0.3268   -0.6807
   -0.5942   -0.7796    0.1980
...    37 G-C ...
  -71.5068  -65.1498   45.3723
   -0.6854    0.7029    0.1905
   -0.3159   -0.0513   -0.9474
   -0.6561   -0.7095    0.2571
...    38 A-T ...
  -73.6781  -67.4076   46.3205
   -0.7230    0.5601   -0.4045
    0.1348   -0.4599   -0.8777
   -0.6776   -0.6891    0.2569
...    39 C-G ...
  -76.1410  -69.2356   47.5773
   -0.5344    0.2549   -0.8059
    0.4828   -0.6906   -0.5385
   -0.6938   -0.6769    0.2460
...    40 A-T ...
  -78.3800  -71.5928   48.2397
   -0.1081   -0.1216   -0.9867
    0.6821   -0.7311    0.0154
   -0.7232   -0.6714    0.1620
...    41 C-G ...
  -81.1691  -73.3662   48.5205
    0.2779   -0.4657   -0.8402
    0.6367   -0.5657    0.5241
   -0.7193   -0.6806    0.1393
...    42 G-C ...
  -83.3263  -75.8286   49.1370
    0.6610   -0.6155   -0.4292
    0.3710   -0.2291    0.8999
   -0.6522   -0.7541    0.0769
...    43 A-T ...
  -85.4825  -78.2776   49.2615
    0.7842   -0.5989    0.1625
   -0.0770    0.1658    0.9831
   -0.6157   -0.7835    0.0839
...    44 C-G ...
  -87.2631  -81.0311   48.9585
    0.6619   -0.3944    0.6375
   -0.4725    0.4407    0.7632
   -0.5820   -0.8064    0.1054
...    45 T-A ...
  -88.8626  -83.9050   49.1949
    0.3734   -0.0461    0.9265
   -0.7602    0.5572    0.3341
   -0.5316   -0.8291    0.1730
...    46 T-A ...
  -90.3435  -86.7264   49.7484
   -0.0965    0.2912    0.9518
   -0.8463    0.4794   -0.2325
   -0.5240   -0.8279    0.2001
...    47 A-T ...
  -92.1099  -89.4124   50.5715
   -0.5130    0.5799    0.6328
   -0.6657    0.1966   -0.7198
   -0.5418   -0.7906    0.2852
...    48 C-G ...
  -93.5845  -91.9462   52.0970
   -0.7692    0.6177    0.1635
   -0.3197   -0.1506   -0.9355
   -0.5532   -0.7719    0.3133
...    49 T-A ...
  -95.4978  -94.2750   53.4584
   -0.7997    0.4782   -0.3630
    0.1088   -0.4791   -0.8710
   -0.5904   -0.7361    0.3311
...    50 G-C ...
  -97.5335  -96.7722   54.2403
   -0.5554    0.1603   -0.8160
    0.5300   -0.6879   -0.4959
   -0.6408   -0.7079    0.2971
...    51 T-A ...
 -100.0636  -98.6454   55.3457
   -0.1910   -0.2178   -0.9571
    0.7450   -0.6671    0.0031
   -0.6391   -0.7125    0.2897
...    52 A-T ...
 -101.9995 -101.1575   56.4098
    0.3038   -0.5777   -0.7576
    0.7184   -0.3834    0.5804
   -0.6258   -0.7206    0.2986
...    53 G-C ...
 -104.2366 -103.4927   57.1210
    0.6737   -0.6421   -0.3659
    0.4664   -0.0146    0.8845
   -0.5732   -0.7665    0.2896
...    54 G-C ...
 -106.2628 -106.1230   57.7567
    0.8759   -0.4662    0.1246
    0.0412    0.3296    0.9432
   -0.4808   -0.8210    0.3079
...    55 T-A ...
 -107.6486 -109.0614   58.2102
    0.8046   -0.1836    0.5647
   -0.4077    0.5205    0.7502
   -0.4316   -0.8339    0.3440
...    56 A-T ...
 -108.6388 -112.0520   59.3018
    0.5454    0.2637    0.7956
   -0.7827    0.4999    0.3708
   -0.3000   -0.8249    0.4790
...    57 T-A ...
 -108.9661 -114.9517   60.7608
    0.1014    0.5033    0.8581
   -0.9545    0.2923   -0.0586
   -0.2803   -0.8132    0.5101
...    58 C-G ...
 -109.7722 -117.4760   62.6440
   -0.4490    0.6182    0.6451
   -0.8539   -0.0844   -0.5135
   -0.2630   -0.7815    0.5658
...    59 T-A ...
 -110.4686 -119.8261   64.8497
   -0.8142    0.5213    0.2556
   -0.5121   -0.4373   -0.7393
   -0.2736   -0.7328    0.6230
...    60 C-G ...
 -111.4936 -122.0623   67.0187
   -0.9603    0.1630   -0.2263
    0.0558   -0.6827   -0.7286
   -0.2732   -0.7123    0.6465
...    61 G-C ...
 -112.4219 -124.7325   68.7930
   -0.7461   -0.2244   -0.6269
    0.5814   -0.6785   -0.4490
   -0.3247   -0.6995    0.6367
...    62 A-T ...
 -113.5387 -126.9288   70.9770
   -0.2565   -0.5883   -0.7669
    0.9160   -0.4011    0.0013
   -0.3083   -0.7021    0.6418
...    63 G-C ...
 -114.8454 -129.1816   73.0320
    0.2771   -0.6793   -0.6795
    0.9222   -0.0104    0.3865
   -0.2696   -0.7338    0.6236
...    64 C-G ...
 -116.1071 -131.5961   74.9172
    0.7438   -0.5348   -0.4010
    0.6346    0.3765    0.6749
   -0.2100   -0.7564    0.6195
...    65 T-A ...
 -116.8271 -134.2902   76.6777
    0.9789   -0.1940   -0.0640
    0.1702    0.6013    0.7807
   -0.1130   -0.7751    0.6217
...    66 C-G ...
 -117.1212 -136.8703   78.6215
    0.9120    0.2479    0.3268
   -0.4094    0.6007    0.6867
   -0.0260   -0.7601    0.6493
...    67 G-C ...
 -117.0488 -139.1694   81.0198
    0.5564    0.6611    0.5033
   -0.8204    0.3413    0.4587
    0.1315   -0.6682    0.7323
...    68 G-C ...
 -116.0279 -141.1558   83.5322
    0.0309    0.8179    0.5746
   -0.9775   -0.0954    0.1883
    0.2088   -0.5674    0.7965
...    69 G-C ...
 -114.9869 -142.5301   86.4322
   -0.5093    0.6906    0.5135
   -0.8278   -0.5562   -0.0729
    0.2352   -0.4622    0.8550
...    70 A-T ...
 -114.2364 -143.8027   89.3704
   -0.9001    0.2328    0.3683
   -0.3579   -0.8771   -0.3203
    0.2485   -0.4201    0.8728
...    71 T-A ...
 -113.3158 -144.5022   92.4837
   -0.9453   -0.2672    0.1869
    0.1561   -0.8741   -0.4599
    0.2863   -0.4056    0.8681
...    72 C-G ...
 -112.4634 -145.7419   95.4185
   -0.6558   -0.7481   -0.1018
    0.6902   -0.5395   -0.4823
    0.3059   -0.3865    0.8701
...    73 C-G ...
 -111.6443 -146.9253   98.4790
   -0.1826   -0.9046   -0.3851
    0.9314   -0.0337   -0.3625
    0.3149   -0.4249    0.8487
...    74 G-C ...
 -110.1435 -148.0565  101.2335
    0.3308   -0.7266   -0.6023
    0.8584    0.4968   -0.1279
    0.3921   -0.4747    0.7880
...    75 C-G ...
 -109.2153 -149.8082  103.8692
    0.7064   -0.3185   -0.6321
    0.5385    0.8214    0.1879
    0.4593   -0.4731    0.7518
...    76 T-A ...
 -107.6990 -151.6485  106.1248
    0.8230    0.1861   -0.5367
    0.1128    0.8725    0.4754
    0.5567   -0.4518    0.6971
...    77 T-A ...
 -105.8082 -153.2259  108.1853
    0.7052    0.6589   -0.2617
   -0.3356    0.6353    0.6955
    0.6245   -0.4027    0.6692
...    78 T-A ...
 -103.6068 -154.5140  110.1337
    0.3649    0.9264    0.0924
   -0.6395    0.1772    0.7481
    0.6767   -0.3321    0.6571
...    79 A-T ...
 -100.9174 -155.1530  112.0015
   -0.1410    0.9348    0.3259
   -0.6739   -0.3318    0.6601
    0.7252   -0.1266    0.6768
...    80 T-A ...
  -98.1691 -155.1123  113.7852
   -0.4648    0.6493    0.6020
   -0.4949   -0.7543    0.4315
    0.7342   -0.0974    0.6719
...    81 C-G ...
  -95.8611 -155.1380  116.1051
   -0.6663    0.0896    0.7403
   -0.0950   -0.9949    0.0349
    0.7396   -0.0471    0.6713
...    82 A-T ...
  -93.4699 -155.5399  118.3423
   -0.6152   -0.5021    0.6078
    0.3373   -0.8645   -0.3727
    0.7126   -0.0243    0.7012
...    83 T-A ...
  -91.4570 -155.0581  120.9530
   -0.3173   -0.8761    0.3630
    0.5963   -0.4820   -0.6420
    0.7374    0.0127    0.6753
...    84 G-C ...
  -88.8079 -155.0847  122.9198
    0.0564   -0.9930   -0.1037
    0.6561    0.1151   -0.7458
    0.7526   -0.0260    0.6580
...    85 T-A ...
  -86.7167 -155.3419  125.4966
    0.3716   -0.7890   -0.4893
    0.5074    0.6140   -0.6046
    0.7774   -0.0236    0.6285
...    86 T-A ...
  -84.3134 -155.5768  127.6500
    0.5684   -0.3143   -0.7603
    0.1932    0.9493   -0.2480
    0.7997   -0.0059    0.6003
...    87 A-T ...
  -81.5401 -156.0066  129.4412
    0.4152    0.2098   -0.8852
   -0.1058    0.9776    0.1820
    0.9035    0.0180    0.4281
...    88 T-A ...
  -78.4986 -156.4949  130.4573
    0.2591    0.6517   -0.7129
   -0.2848    0.7568    0.5883
    0.9229    0.0506    0.3817
...    89 A-T ...
  -75.1672 -156.3584  130.9031
   -0.1388    0.8956   -0.4226
   -0.3042    0.3675    0.8789
    0.9425    0.2505    0.2214
...    90 A-T ...
  -72.1075 -155.4280  131.2934
   -0.3298    0.9377    0.1094
   -0.1411   -0.1636    0.9764
    0.9335    0.3065    0.1863
...    91 C-G ...
  -69.1194 -154.0341  131.2790
   -0.3868    0.7137    0.5840
    0.0894   -0.6013    0.7940
    0.9178    0.3593    0.1687
...    92 G-C ...
  -66.1973 -152.8080  132.3122
   -0.3313    0.2360    0.9135
    0.3731   -0.8565    0.3566
    0.8666    0.4590    0.1958
...    93 G-C ...
  -63.4997 -150.9241  133.1032
   -0.1015   -0.2850    0.9531
    0.5280   -0.8275   -0.1913
    0.8432    0.4838    0.2345
...    94 A-T ...
  -60.8028 -149.1857  133.8580
    0.2494   -0.7135    0.6548
    0.4764   -0.4983   -0.7244
    0.8431    0.4926    0.2157
...    95 A-T ...
  -58.2237 -147.4137  134.7829
    0.5217   -0.8440    0.1245
    0.2133   -0.0123   -0.9769
    0.8260    0.5362    0.1737
...    96 C-G ...
  -55.5828 -145.7631  135.9118
    0.5375   -0.7385   -0.4071
   -0.1078    0.4187   -0.9017
    0.8363    0.5286    0.1454
...    97 A-T ...
  -52.8660 -143.8697  136.2274
    0.2783   -0.4424   -0.8525
   -0.3937    0.7570   -0.5214
    0.8761    0.4808    0.0365
...    98 C-G ...
  -49.7732 -142.8577  136.4321
   -0.0169   -0.0302   -0.9994
   -0.4795    0.8774   -0.0184
    0.8774    0.4789   -0.0293
...    99 T-A ...
  -46.7875 -141.5583  136.0209
   -0.3533    0.3597   -0.8636
   -0.3811    0.7877    0.4840
    0.8544    0.5001   -0.1412
...   100 T-A ...
  -44.0270 -140.0610  135.3016
   -0.5530    0.6994   -0.4528
   -0.1077    0.4788    0.8713
    0.8262    0.5306   -0.1895
...   101 T-A ...
  -41.4362 -138.3665  134.3795
   -0.5483    0.8295    0.1060
    0.2370    0.0326    0.9710
    0.8020    0.5575   -0.2144
...   102 A-T ...
  -38.9451 -136.3042  133.6042
   -0.3726    0.6611    0.6512
    0.5491   -0.4086    0.7290
    0.7481    0.6292   -0.2108
...   103 T-A ...
  -36.9849 -133.8745  132.5195
   -0.0333    0.3744    0.9267
    0.6700   -0.6796    0.2987
    0.7416    0.6309   -0.2282
...   104 G-C ...
  -34.3795 -131.9237  131.9318
    0.3202   -0.1168    0.9401
    0.5909   -0.7510   -0.2945
    0.7405    0.6498   -0.1715
...   105 C-G ...
  -32.1302 -129.5031  131.5686
    0.5771   -0.5211    0.6288
    0.3206   -0.5636   -0.7613
    0.7511    0.6410   -0.1582
...   106 T-A ...
  -29.6652 -127.2998  131.3486
    0.6319   -0.7622    0.1406
   -0.0325   -0.2074   -0.9777
    0.7744    0.6133   -0.1558
...   107 T-A ...
  -27.1485 -125.2610  131.1143
    0.5082   -0.7410   -0.4389
   -0.4010    0.2475   -0.8820
    0.7622    0.6243   -0.1714
...   108 C-G ...
  -24.6160 -123.2613  130.6043
    0.1436   -0.4930   -0.8581
   -0.6271    0.6254   -0.4642
    0.7656    0.6048   -0.2193
...   109 C-G ...
  -21.8375 -121.5352  129.8276
   -0.2947   -0.1589   -0.9423
   -0.6001    0.7981    0.0531
    0.7436    0.5812   -0.3306
...   110 G-C ...
  -19.6289 -119.3955  128.5537
   -0.6789    0.2001   -0.7065
   -0.3210    0.7845    0.5306
    0.6604    0.5870   -0.4683
...   111 G-C ...
  -17.6047 -117.6394  126.4997
   -0.8130    0.5161   -0.2695
    0.1114    0.5921    0.7981
    0.5715    0.6189   -0.5389
...   112 C-G ...
  -16.0678 -115.7147  124.3010
   -0.6576    0.7182    0.2277
    0.5475    0.2479    0.7993
    0.5176    0.6502   -0.5562
...   113 T-A ...
  -14.7478 -113.4844  122.2427
   -0.3071    0.7050    0.6393
    0.8303   -0.1297    0.5420
    0.4650    0.6973   -0.5455
...   114 C-G ...
  -13.3833 -111.0744  120.4920
    0.2262    0.4847    0.8449
    0.8638   -0.5008    0.0560
    0.4503    0.7172   -0.5319
...   115 G-C ...
  -11.5475 -108.8783  118.7822
    0.6306    0.0639    0.7734
    0.6072   -0.6613   -0.4405
    0.4833    0.7474   -0.4558
...   116 T-A ...
  -10.2500 -106.0253  117.6721
    0.8468   -0.3014    0.4383
    0.1895   -0.5990   -0.7780
    0.4970    0.7419   -0.4501
...   117 A-T ...
   -8.6437 -103.6827  115.9104
    0.7806   -0.6147   -0.1129
   -0.3632   -0.2991   -0.8824
    0.5087    0.7298   -0.4568
...   118 T-A ...
   -6.6344 -101.2434  114.9932
    0.4910   -0.6839   -0.5396
   -0.7093    0.0458   -0.7034
    0.5057    0.7281   -0.4626
...   119 A-T ...
   -5.0021  -98.8756  113.3259
   -0.0460   -0.5825   -0.8115
   -0.8569    0.4406   -0.2677
    0.5135    0.6831   -0.5194
...   120 A-T ...
   -3.1472  -96.8566  111.6020
   -0.5253   -0.2489   -0.8137
   -0.6847    0.6914    0.2306
    0.5052    0.6783   -0.5336
...   121 T-A ...
   -1.1986  -95.1844  109.5573
   -0.8044    0.1172   -0.5824
   -0.3309    0.7257    0.6031
    0.4933    0.6779   -0.5450
...   122 G-C ...
    0.1654  -92.8209  107.6445
   -0.9051    0.4162   -0.0867
    0.1834    0.5661    0.8037
    0.3836    0.7115   -0.5887
...   123 T-A ...
    1.0669  -90.7603  105.2234
   -0.6956    0.6213    0.3607
    0.6268    0.2795    0.7273
    0.3511    0.7320   -0.5839
...   124 G-C ...
    2.1391  -88.1518  103.4568
   -0.2627    0.5916    0.7622
    0.9197   -0.0853    0.3832
    0.2917    0.8017   -0.5217
...   125 T-A ...
    2.4635  -85.3799  101.6739
    0.2418    0.4385    0.8656
    0.9258   -0.3714   -0.0705
    0.2905    0.8184   -0.4958
...   126 C-G ...
    3.3411  -82.6160  100.1565
    0.7266    0.1155    0.6773
    0.6163   -0.5453   -0.5682
    0.3037    0.8303   -0.4674
...   127 G-C ...
    4.6320  -80.0780   98.4154
    0.9103   -0.2898    0.2955
    0.1242   -0.4900   -0.8629
    0.3949    0.8222   -0.4101
...   128 A-T ...
    5.9571  -77.3555   97.1742
    0.7997   -0.5451   -0.2516
   -0.4268   -0.2215   -0.8768
    0.4223    0.8086   -0.4098
...   129 C-G ...
    7.7611  -74.7210   96.3061
    0.4519   -0.6003   -0.6598
   -0.7753    0.1016   -0.6234
    0.4413    0.7933   -0.4195
...   130 C-G ...
    9.5576  -72.2491   94.8916
   -0.0714   -0.5107   -0.8568
   -0.8864    0.4264   -0.1803
    0.4574    0.7466   -0.4831
...   131 A-T ...
   10.9009  -69.7299   93.1952
   -0.5989   -0.2480   -0.7615
   -0.6800    0.6598    0.3199
    0.4231    0.7094   -0.5638
...   132 A-T ...
   12.3883  -67.6456   91.1974
   -0.8765    0.1699   -0.4504
   -0.2261    0.6807    0.6968
    0.4250    0.7125   -0.5583
...   133 A-T ...
   13.7271  -65.5101   89.1517
   -0.8533    0.5210    0.0209
    0.3035    0.4636    0.8324
    0.4240    0.7166   -0.5537
...   134 T-A ...
   14.7283  -63.4124   86.8245
   -0.5924    0.6746    0.4405
    0.6886    0.1400    0.7115
    0.4183    0.7248   -0.5474
...   135 G-C ...
   15.7212  -61.4790   83.9377
    0.0342    0.7399    0.6718
    0.8637   -0.3601    0.3526
    0.5028    0.5682   -0.6514
...   136 T-A ...
   15.7740  -59.5466   80.8036
    0.5516    0.4996    0.6680
    0.6739   -0.7388   -0.0038
    0.4916    0.4523   -0.7442
...   137 G-C ...
   16.8281  -57.7077   78.2738
    0.8528   -0.0847    0.5152
    0.1508   -0.9047   -0.3984
    0.4999    0.4175   -0.7588
...   138 A-T ...
   18.4176  -55.5143   76.5362
    0.8547   -0.5007    0.1370
   -0.3189   -0.7148   -0.6224
    0.4096    0.4883   -0.7706
...   139 G-C ...
   20.4153  -54.2947   74.5496
    0.5847   -0.7389   -0.3350
   -0.7594   -0.3532   -0.5465
    0.2854    0.5739   -0.7676
...   140 C-G ...
   21.4164  -51.8109   72.7950
    0.1305   -0.7142   -0.6876
   -0.8897    0.2217   -0.3991
    0.4375    0.6639   -0.6065
...   141 G-C ...
   22.1407  -50.1332   67.4725
   -0.4682   -0.8748    0.1248
   -0.8495    0.4067   -0.3362
    0.2434   -0.2634   -0.9335
...   142 C-G ...
   22.3378  -51.2254   64.5019
   -0.8529   -0.5117   -0.1032
   -0.4974    0.8566   -0.1372
    0.1587   -0.0657   -0.9851
...   143 T-A ...
   24.0060  -51.6203   61.9332
   -0.9563    0.0399   -0.2897
    0.0522    0.9980   -0.0348
    0.2877   -0.0484   -0.9565
...   144 C-G ...
   24.8858  -52.7208   58.9948
   -0.7530    0.5560   -0.3520
    0.5213    0.8304    0.1966
    0.4016   -0.0355   -0.9151
...   145 A-T ...
   25.5174  -52.9611   55.8127
   -0.2441    0.9563   -0.1609
    0.8907    0.2867    0.3528
    0.3835   -0.0571   -0.9218
...   146 C-G ...
   25.2678  -52.4926   52.0870
    0.3203    0.9428   -0.0928
    0.8825   -0.2613    0.3910
    0.3444   -0.2071   -0.9157
...   147 A-T ...
   25.6134  -52.5734   48.6479
    0.8597    0.5097    0.0339
    0.4498   -0.7866    0.4230
    0.2423   -0.3484   -0.9055
