  147 base-pairs
...     1 T-A ...
    0.0000    0.0000    0.0000
    1.0000    0.0000    0.0000
    0.0000    1.0000    0.0000
    0.0000    0.0000    1.0000
...     2 G-C ...
   -0.5555   -1.1003    3.3981
    0.7749    0.6051    0.1828
   -0.5991    0.7953   -0.0929
   -0.2016   -0.0375    0.9787
...     3 T-A ...
   -0.6619   -3.0237    6.5348
    0.3046    0.9250    0.2271
   -0.8994    0.3578   -0.2510
   -0.3134   -0.1278    0.9410
...     4 G-C ...
   -1.1607   -3.8418    9.6940
   -0.3351    0.9421    0.0133
   -0.8752   -0.3061   -0.3746
   -0.3489   -0.1372    0.9271
...     5 A-T ...
   -1.3881   -3.6770   12.8999
   -0.7835    0.6162   -0.0801
   -0.5677   -0.7622   -0.3109
   -0.2527   -0.1981    0.9470
...     6 G-C ...
   -2.6236   -3.5448   15.7072
   -0.9923    0.0611   -0.1075
   -0.0294   -0.9610   -0.2748
   -0.1201   -0.2695    0.9555
...     7 C-G ...
   -2.3138   -3.7570   18.8866
   -0.8620   -0.4995   -0.0864
    0.5008   -0.8655    0.0073
   -0.0785   -0.0370    0.9962
...     8 G-C ...
   -3.9561   -6.8109   23.3205
   -0.2581   -0.3560   -0.8981
    0.6294   -0.7673    0.1233
   -0.7330   -0.5335    0.4221
...     9 C-G ...
   -6.1177   -8.9414   24.2385
    0.1143   -0.7320   -0.6716
    0.8123   -0.3203    0.4874
   -0.5720   -0.6013    0.5580
...    10 T-A ...
   -8.5041   -9.6771   26.0540
    0.4660   -0.8587   -0.2131
    0.6274    0.1508    0.7640
   -0.6239   -0.4897    0.6090
...    11 C-G ...
  -11.0625  -11.3174   27.2336
    0.6660   -0.6911    0.2808
    0.3382    0.6152    0.7121
   -0.6649   -0.3794    0.6435
...    12 A-T ...
  -13.0013  -13.1789   29.0658
    0.7188   -0.1490    0.6790
   -0.1787    0.9043    0.3876
   -0.6718   -0.4000    0.6235
...    13 C-G ...
  -14.1788  -15.9359   31.3399
    0.4052    0.2865    0.8682
   -0.5270    0.8492   -0.0343
   -0.7470   -0.4437    0.4951
...    14 A-T ...
  -15.9532  -18.1566   33.3080
   -0.1503    0.6873    0.7107
   -0.6106    0.5008   -0.6135
   -0.7776   -0.5261    0.3444
...    15 A-T ...
  -18.3639  -19.9941   34.4474
   -0.4669    0.8539    0.2298
   -0.3956    0.0308   -0.9179
   -0.7909   -0.5195    0.3234
...    16 T-A ...
  -20.7458  -21.6342   36.2178
   -0.6371    0.7162   -0.2850
   -0.0664   -0.4193   -0.9054
   -0.7679   -0.5579    0.3147
...    17 T-A ...
  -23.2670  -23.2591   37.5722
   -0.5782    0.3170   -0.7518
    0.3349   -0.7481   -0.5729
   -0.7440   -0.5830    0.3264
...    18 T-A ...
  -25.7812  -24.9826   38.6309
   -0.2612   -0.1176   -0.9581
    0.5937   -0.8022   -0.0634
   -0.7612   -0.5853    0.2793
...    19 A-T ...
  -28.2519  -27.0338   39.3019
    0.1856   -0.4395   -0.8789
    0.6230   -0.6390    0.4511
   -0.7599   -0.6313    0.1552
...    20 T-A ...
  -31.1041  -28.7082   39.3141
    0.4829   -0.6945   -0.5334
    0.4425   -0.3321    0.8330
   -0.7557   -0.6382    0.1469
...    21 T-A ...
  -33.6518  -30.7613   39.4685
    0.6576   -0.7532    0.0167
    0.0864    0.0974    0.9915
   -0.7484   -0.6506    0.1291
...    22 C-G ...
  -36.0259  -32.9905   39.8284
    0.6147   -0.5376    0.5772
   -0.3230    0.4960    0.8060
   -0.7196   -0.6819    0.1312
...    23 G-C ...
  -38.4549  -35.0705   40.8933
    0.4268   -0.0796    0.9008
   -0.6508    0.6646    0.3670
   -0.6279   -0.7429    0.2319
...    24 C-G ...
  -40.2105  -37.7452   41.5807
    0.0592    0.3195    0.9457
   -0.7787    0.6076   -0.1565
   -0.6246   -0.7272    0.2848
...    25 A-T ...
  -42.6135  -39.9075   42.2851
   -0.3626    0.6472    0.6706
   -0.6764    0.3122   -0.6670
   -0.6411   -0.6955    0.3246
...    26 A-T ...
  -44.6175  -42.1805   43.5479
   -0.6868    0.7044    0.1792
   -0.3525   -0.1071   -0.9297
   -0.6357   -0.7017    0.3218
...    27 A-T ...
  -46.5542  -44.3980   44.9410
   -0.7796    0.4970   -0.3811
    0.1204   -0.4781   -0.8700
   -0.6146   -0.7241    0.3129
...    28 G-C ...
  -48.8418  -46.4837   46.2633
   -0.5634    0.2089   -0.7994
    0.5029   -0.6809   -0.5324
   -0.6555   -0.7019    0.2786
...    29 G-C ...
  -51.3867  -48.6163   47.1615
   -0.1324   -0.1454   -0.9805
    0.7251   -0.6886    0.0042
   -0.6758   -0.7104    0.1966
...    30 C-G ...
  -53.9105  -50.6633   47.5513
    0.3216   -0.4475   -0.8345
    0.6712   -0.5139    0.5342
   -0.6679   -0.7319    0.1351
...    31 C-G ...
  -56.3791  -52.9126   47.8290
    0.6893   -0.5880   -0.4232
    0.3819   -0.2016    0.9020
   -0.6157   -0.7833    0.0856
...    32 G-C ...
  -58.0327  -55.4367   48.2281
    0.8551   -0.5139    0.0686
   -0.0302    0.0827    0.9961
   -0.5176   -0.8539    0.0552
...    33 G-C ...
  -59.2679  -58.5644   48.2067
    0.7370   -0.3262    0.5919
   -0.5089    0.3084    0.8037
   -0.4448   -0.8936    0.0613
...    34 C-G ...
  -60.3245  -61.6625   48.2146
    0.3659   -0.0607    0.9287
   -0.8367    0.4155    0.3568
   -0.4075   -0.9076    0.1012
...    35 C-G ...
  -61.2599  -64.8773   48.8313
   -0.1281    0.2283    0.9651
   -0.9154    0.3472   -0.2036
   -0.3816   -0.9096    0.1645
...    36 C-G ...
  -62.3522  -67.9228   49.6506
   -0.5881    0.4207    0.6907
   -0.7172    0.1234   -0.6858
   -0.3738   -0.8988    0.2292
...    37 G-C ...
  -63.9839  -70.9060   49.6152
   -0.8597    0.4769    0.1833
   -0.2774   -0.1343   -0.9513
   -0.4290   -0.8687    0.2477
...    38 A-T ...
  -65.2465  -73.6793   50.4350
   -0.8597    0.3129   -0.4037
    0.2808   -0.3707   -0.8853
   -0.4267   -0.8744    0.2308
...    39 C-G ...
  -67.0256  -76.1764   51.4171
   -0.5775    0.1131   -0.8085
    0.6775   -0.4863   -0.5519
   -0.4556   -0.8665    0.2042
...    40 A-T ...
  -68.6758  -79.0082   51.9749
   -0.0583   -0.1133   -0.9918
    0.8814   -0.4724    0.0021
   -0.4688   -0.8741    0.1274
...    41 C-G ...
  -70.6006  -81.6879   51.9824
    0.4127   -0.2942   -0.8620
    0.7890   -0.3574    0.4998
   -0.4552   -0.8864    0.0846
...    42 G-C ...
  -71.7262  -84.7496   52.5442
    0.8216   -0.3715   -0.4325
    0.4117   -0.1381    0.9008
   -0.3944   -0.9181    0.0394
...    43 A-T ...
  -73.0901  -87.5879   52.6544
    0.9147   -0.3693    0.1639
   -0.1278    0.1203    0.9845
   -0.3833   -0.9215    0.0629
...    44 C-G ...
  -74.1059  -90.6850   52.1688
    0.7412   -0.1923    0.6432
   -0.5895    0.2720    0.7606
   -0.3212   -0.9429    0.0882
...    45 T-A ...
  -74.5928  -94.2462   52.2621
    0.3100    0.0518    0.9493
   -0.9057    0.3199    0.2783
   -0.2892   -0.9460    0.1461
...    46 T-A ...
  -75.1840  -97.3842   52.6635
   -0.1604    0.2264    0.9607
   -0.9473    0.2383   -0.2143
   -0.2774   -0.9444    0.1763
...    47 A-T ...
  -76.0393 -100.4523   53.5056
   -0.6154    0.4234    0.6648
   -0.7218    0.0360   -0.6912
   -0.3166   -0.9052    0.2835
...    48 C-G ...
  -76.7849 -103.2869   55.0895
   -0.8952    0.3991    0.1983
   -0.3021   -0.2162   -0.9284
   -0.3277   -0.8910    0.3141
...    49 T-A ...
  -77.9174 -106.0272   56.6676
   -0.8981    0.2880   -0.3325
    0.1853   -0.4379   -0.8797
   -0.3990   -0.8517    0.3399
...    50 G-C ...
  -79.3892 -108.8736   57.6004
   -0.6006    0.0543   -0.7977
    0.6559   -0.5371   -0.5304
   -0.4572   -0.8418    0.2870
...    51 T-A ...
  -81.3052 -111.2560   58.5698
   -0.1777   -0.2128   -0.9608
    0.8688   -0.4924   -0.0516
   -0.4621   -0.8440    0.2724
...    52 A-T ...
  -82.5528 -114.1776   59.4905
    0.3891   -0.4495   -0.8041
    0.8060   -0.2566    0.5334
   -0.4462   -0.8556    0.2625
...    53 G-C ...
  -84.2219 -116.8580   60.2330
    0.7697   -0.4399   -0.4627
    0.5195    0.0103    0.8544
   -0.3711   -0.8980    0.2365
...    54 G-C ...
  -85.7262 -120.1642   60.2267
    0.9590   -0.2821    0.0287
    0.0402    0.2355    0.9711
   -0.2807   -0.9300    0.2371
...    55 T-A ...
  -86.4052 -123.3004   60.5932
    0.8628   -0.0791    0.4994
   -0.4467    0.3436    0.8261
   -0.2369   -0.9358    0.2611
...    56 A-T ...
  -86.5336 -126.7170   61.1595
    0.5119    0.2541    0.8206
   -0.8502    0.2867    0.4416
   -0.1231   -0.9237    0.3629
...    57 T-A ...
  -86.2447 -129.8468   62.1526
    0.0166    0.3825    0.9238
   -0.9932    0.1126   -0.0288
   -0.1151   -0.9170    0.3818
...    58 T-A ...
  -86.3205 -132.8236   63.5063
   -0.5391    0.3946    0.7441
   -0.8362   -0.1452   -0.5288
   -0.1006   -0.9073    0.4083
...    59 C-G ...
  -87.1075 -135.6657   64.8860
   -0.9179    0.2640    0.2963
   -0.3840   -0.4024   -0.8310
   -0.1001   -0.8766    0.4707
...    60 A-T ...
  -87.3215 -138.4369   66.8044
   -0.9705    0.0862   -0.2252
    0.1390   -0.5630   -0.8147
   -0.1970   -0.8220    0.5344
...    61 T-A ...
  -88.2000 -140.7912   68.8923
   -0.7692   -0.2046   -0.6053
    0.6056   -0.5359   -0.5883
   -0.2040   -0.8191    0.5361
...    62 G-C ...
  -89.0512 -143.4323   70.8386
   -0.2553   -0.4770   -0.8410
    0.9495   -0.2876   -0.1251
   -0.1822   -0.8305    0.5264
...    63 T-A ...
  -90.2513 -146.0534   72.5899
    0.2942   -0.5697   -0.7674
    0.9431    0.0427    0.3298
   -0.1552   -0.8207    0.5498
...    64 T-A ...
  -90.8959 -148.7102   74.2192
    0.7704   -0.4319   -0.4689
    0.6256    0.3708    0.6863
   -0.1226   -0.8221    0.5559
...    65 A-T ...
  -91.1384 -151.4059   76.1095
    0.9938   -0.0703   -0.0866
    0.1112    0.5570    0.8230
   -0.0096   -0.8275    0.5614
...    66 T-A ...
  -91.0472 -154.4040   77.2899
    0.9209    0.2364    0.3098
   -0.3894    0.5284    0.7544
    0.0147   -0.8154    0.5787
...    67 A-T ...
  -90.7717 -156.9561   79.2650
    0.5970    0.6100    0.5210
   -0.7838    0.3049    0.5410
    0.1712   -0.7314    0.6602
...    68 A-T ...
  -89.9500 -159.1768   81.2952
    0.0900    0.7510    0.6541
   -0.9689   -0.0860    0.2321
    0.2305   -0.6547    0.7199
...    69 C-G ...
  -88.4485 -160.9472   83.7674
   -0.4475    0.6156    0.6487
   -0.8608   -0.4932   -0.1257
    0.2426   -0.6146    0.7506
...    70 G-C ...
  -88.1483 -162.8304   86.4379
   -0.8697    0.2835    0.4041
   -0.4391   -0.8183   -0.3709
    0.2255   -0.5000    0.8362
...    71 G-C ...
  -87.9334 -164.2266   89.4203
   -0.9849   -0.1513    0.0838
    0.0970   -0.8843   -0.4567
    0.1432   -0.4416    0.8857
...    72 A-T ...
  -87.6919 -165.5260   92.3962
   -0.7413   -0.6356   -0.2156
    0.6605   -0.6338   -0.4026
    0.1192   -0.4409    0.8896
...    73 C-G ...
  -87.8784 -166.7573   95.5006
   -0.2718   -0.8768   -0.3966
    0.9548   -0.1940   -0.2254
    0.1207   -0.4399    0.8899
...    74 T-A ...
  -87.8221 -168.1742   98.5657
    0.2898   -0.8118   -0.5069
    0.9423    0.3348    0.0024
    0.1678   -0.4783    0.8620
...    75 C-G ...
  -87.4410 -169.7003  101.6263
    0.7808   -0.4442   -0.4393
    0.5796    0.7775    0.2440
    0.2332   -0.4452    0.8646
...    76 G-C ...
  -86.3180 -170.7204  104.5482
    0.8805    0.0904   -0.4654
    0.1166    0.9102    0.3974
    0.4595   -0.4042    0.7909
...    77 A-T ...
  -85.0643 -171.8267  107.3037
    0.7365    0.6134   -0.2852
   -0.4043    0.7372    0.5414
    0.5423   -0.2834    0.7909
...    78 G-C ...
  -82.7834 -172.7051  109.5527
    0.3601    0.9294   -0.0811
   -0.6965    0.3257    0.6394
    0.6206   -0.1738    0.7646
...    79 C-G ...
  -80.2069 -173.0845  111.6856
   -0.1365    0.9643    0.2270
   -0.7504   -0.2502    0.6118
    0.6467   -0.0869    0.7578
...    80 T-A ...
  -77.8333 -173.1227  113.9544
   -0.5471    0.6993    0.4601
   -0.5255   -0.7148    0.4615
    0.6516    0.0107    0.7585
...    81 C-G ...
  -76.2477 -173.0180  116.7586
   -0.7605    0.1610    0.6291
   -0.0334   -0.9772    0.2098
    0.6485    0.1385    0.7485
...    82 G-C ...
  -74.1352 -173.6142  119.5651
   -0.6441   -0.4355    0.6289
    0.4583   -0.8779   -0.1385
    0.6125    0.1991    0.7650
...    83 G-C ...
  -72.2057 -172.7294  122.2086
   -0.2853   -0.8553    0.4326
    0.7357   -0.4847   -0.4731
    0.6143    0.1833    0.7675
...    84 G-C ...
  -70.2941 -172.0286  124.8529
    0.1240   -0.9910    0.0498
    0.7746    0.0654   -0.6291
    0.6202    0.1166    0.7757
...    85 A-T ...
  -68.4536 -171.5876  127.6346
    0.5717   -0.7489   -0.3351
    0.5233    0.6474   -0.5542
    0.6320    0.1415    0.7620
...    86 T-A ...
  -66.6079 -171.6244  130.3710
    0.7421   -0.3100   -0.5942
    0.1429    0.9394   -0.3117
    0.6548    0.1464    0.7414
...    87 C-G ...
  -64.3865 -171.3246  132.7693
    0.6479    0.2813   -0.7079
   -0.3212    0.9435    0.0809
    0.6907    0.1749    0.7016
...    88 C-G ...
  -62.2572 -170.9502  135.2556
    0.2622    0.6737   -0.6909
   -0.6162    0.6679    0.4174
    0.7427    0.3163    0.5902
...    89 G-C ...
  -60.0106 -169.4174  137.1743
   -0.2464    0.8358   -0.4906
   -0.6149    0.2565    0.7458
    0.7491    0.4854    0.4507
...    90 C-G ...
  -57.2602 -167.5285  138.0951
   -0.5736    0.8191    0.0047
   -0.3334   -0.2387    0.9121
    0.7482    0.5216    0.4100
...    91 T-A ...
  -54.9923 -165.0402  139.1023
   -0.6642    0.5413    0.5156
    0.1196   -0.6039    0.7880
    0.7379    0.5851    0.3364
...    92 T-A ...
  -52.7145 -162.8346  139.9146
   -0.4208    0.1204    0.8991
    0.4999   -0.7963    0.3406
    0.7570    0.5928    0.2749
...    93 T-A ...
  -50.4710 -160.5496  140.6277
    0.0050   -0.3137    0.9495
    0.6399   -0.7287   -0.2441
    0.7684    0.6088    0.1971
...    94 A-T ...
  -47.5332 -158.9816  140.4555
    0.5252   -0.5827    0.6202
    0.4540   -0.4246   -0.7833
    0.7198    0.6930    0.0416
...    95 A-T ...
  -45.3351 -156.6400  140.6628
    0.7141   -0.6966    0.0687
    0.0412   -0.0562   -0.9976
    0.6988    0.7152   -0.0115
...    96 C-G ...
  -42.9444 -154.3348  141.1899
    0.6160   -0.6309   -0.4717
   -0.3622    0.3049   -0.8808
    0.6996    0.7134   -0.0407
...    97 A-T ...
  -40.5879 -152.0162  141.0439
    0.2324   -0.4291   -0.8729
   -0.6509    0.5983   -0.4674
    0.7228    0.6767   -0.1402
...    98 C-G ...
  -37.7753 -150.3204  140.5028
   -0.1665   -0.1041   -0.9805
   -0.6768    0.7352    0.0369
    0.7170    0.6698   -0.1929
...    99 T-A ...
  -35.0008 -148.3965  139.3683
   -0.5889    0.2479   -0.7692
   -0.4590    0.6808    0.5708
    0.6652    0.6892   -0.2871
...   100 T-A ...
  -32.8251 -146.3704  138.0680
   -0.7590    0.5729   -0.3093
   -0.0399    0.4333    0.9004
    0.6498    0.6957   -0.3060
...   101 T-A ...
  -30.8298 -144.1502  136.8399
   -0.6744    0.6951    0.2491
    0.3986    0.0588    0.9153
    0.6216    0.7165   -0.3167
...   102 A-T ...
  -28.7866 -141.6634  135.8799
   -0.3349    0.5741    0.7472
    0.7366   -0.3350    0.5875
    0.5876    0.7472   -0.3107
...   103 T-A ...
  -27.5301 -138.9638  134.5084
    0.0391    0.3365    0.9409
    0.8220   -0.5463    0.1612
    0.5682    0.7670   -0.2980
...   104 G-C ...
  -25.8089 -136.2402  133.7221
    0.4790   -0.1304    0.8681
    0.6518   -0.6096   -0.4512
    0.5880    0.7819   -0.2070
...   105 C-G ...
  -23.9469 -133.5271  133.4080
    0.7446   -0.4637    0.4801
    0.2715   -0.4467   -0.8525
    0.6098    0.7651   -0.2067
...   106 T-A ...
  -21.8258 -130.8339  133.1532
    0.7543   -0.6516   -0.0800
   -0.1855   -0.0946   -0.9781
    0.6298    0.7526   -0.1923
...   107 T-A ...
  -19.7349 -128.4447  132.7242
    0.5012   -0.6248   -0.5988
   -0.5748    0.2769   -0.7700
    0.6469    0.7301   -0.2203
...   108 C-G ...
  -17.4026 -126.2102  132.0265
    0.0435   -0.4081   -0.9119
   -0.7549    0.5845   -0.2976
    0.6544    0.7013   -0.2826
...   109 C-G ...
  -15.1422 -123.9775  131.2032
   -0.4357   -0.1527   -0.8871
   -0.6724    0.7104    0.2080
    0.5984    0.6871   -0.4122
...   110 G-C ...
  -13.6077 -121.7307  129.8024
   -0.7866    0.1236   -0.6050
   -0.3479    0.7207    0.5996
    0.5102    0.6821   -0.5239
...   111 G-C ...
  -12.3296 -119.5699  127.5700
   -0.8885    0.4360   -0.1430
    0.1545    0.5778    0.8014
    0.4321    0.6900   -0.5807
...   112 C-G ...
  -11.4267 -117.4101  125.1499
   -0.6799    0.6506    0.3384
    0.6227    0.2686    0.7349
    0.3872    0.7104   -0.5877
...   113 T-A ...
  -10.4144 -115.1136  123.0033
   -0.2729    0.6693    0.6911
    0.8970   -0.0827    0.4343
    0.3478    0.7384   -0.5778
...   114 C-G ...
   -9.2096 -112.5805  121.3028
    0.2858    0.4810    0.8288
    0.9056   -0.4185   -0.0694
    0.3135    0.7704   -0.5552
...   115 G-C ...
   -7.7802 -110.2910  119.3922
    0.7390    0.1125    0.6643
    0.5810   -0.6055   -0.5439
    0.3410    0.7879   -0.5128
...   116 T-A ...
   -6.6680 -107.4266  118.2319
    0.9216   -0.2483    0.2983
    0.1100   -0.5698   -0.8144
    0.3722    0.7834   -0.4978
...   117 A-T ...
   -5.2514 -104.5760  116.9999
    0.7949   -0.5760   -0.1908
   -0.4294   -0.3118   -0.8476
    0.4287    0.7557   -0.4952
...   118 T-A ...
   -3.4689 -102.0655  115.9806
    0.4825   -0.6468   -0.5907
   -0.7707    0.0070   -0.6372
    0.4163    0.7627   -0.4951
...   119 A-T ...
   -2.2704  -99.5231  114.1682
   -0.0733   -0.5625   -0.8236
   -0.9002    0.3927   -0.1881
    0.4292    0.7276   -0.5351
...   120 A-T ...
   -0.6326  -97.3974  112.3564
   -0.5760   -0.2764   -0.7694
   -0.7058    0.6429    0.2974
    0.4125    0.7143   -0.5654
...   121 T-A ...
    1.0467  -95.5441  110.1553
   -0.8583    0.0867   -0.5058
   -0.3111    0.6959    0.6472
    0.4081    0.7129   -0.5703
...   122 G-C ...
    2.3107  -93.2404  107.9054
   -0.9182    0.3960    0.0100
    0.2399    0.5359    0.8095
    0.3152    0.7457   -0.5871
...   123 T-A ...
    2.9948  -91.0069  105.6260
   -0.6905    0.5906    0.4176
    0.6610    0.2807    0.6959
    0.2938    0.7565   -0.5842
...   124 G-C ...
    3.7554  -88.4230  103.6586
   -0.2258    0.5798    0.7828
    0.9438   -0.0689    0.3232
    0.2413    0.8118   -0.5317
...   125 T-A ...
    4.0064  -85.7816  101.8442
    0.2766    0.4246    0.8621
    0.9303   -0.3433   -0.1294
    0.2410    0.8378   -0.4900
...   126 C-G ...
    4.7486  -83.0659  100.4180
    0.7653    0.1503    0.6259
    0.6027   -0.5089   -0.6147
    0.2261    0.8476   -0.4800
...   127 G-C ...
    5.8903  -80.5884   98.5786
    0.9229   -0.2481    0.2945
    0.1498   -0.4731   -0.8682
    0.3547    0.8454   -0.3994
...   128 A-T ...
    6.9407  -77.8719   97.3501
    0.8366   -0.4799   -0.2642
   -0.4193   -0.2506   -0.8726
    0.3525    0.8408   -0.4109
...   129 C-G ...
    8.5490  -75.0734   96.6457
    0.4777   -0.5729   -0.6660
   -0.7920    0.0472   -0.6087
    0.3801    0.8183   -0.4312
...   130 C-G ...
   10.3948  -72.6247   95.1407
   -0.0408   -0.5434   -0.8385
   -0.9089    0.3688   -0.1948
    0.4150    0.7541   -0.5090
...   131 A-T ...
   11.1211  -69.8651   93.3932
   -0.5796   -0.2988   -0.7581
   -0.7232    0.6174    0.3096
    0.3755    0.7277   -0.5740
...   132 A-T ...
   12.4130  -67.6492   91.3385
   -0.8854    0.1051   -0.4528
   -0.2689    0.6788    0.6834
    0.3792    0.7268   -0.5727
...   133 A-T ...
   13.7009  -65.5475   89.1680
   -0.8592    0.5115    0.0117
    0.2917    0.4711    0.8325
    0.4203    0.7187   -0.5540
...   134 T-A ...
   14.7284  -63.4124   86.8245
   -0.5924    0.6746    0.4405
    0.6886    0.1400    0.7115
    0.4183    0.7248   -0.5474
...   135 G-C ...
   15.7212  -61.4789   83.9377
    0.0342    0.7399    0.6718
    0.8637   -0.3601    0.3526
    0.5028    0.5682   -0.6514
...   136 T-A ...
   15.7740  -59.5465   80.8036
    0.5516    0.4996    0.6680
    0.6739   -0.7388   -0.0038
    0.4916    0.4523   -0.7442
...   137 G-C ...
   16.8281  -57.7077   78.2737
    0.8528   -0.0847    0.5152
    0.1508   -0.9047   -0.3984
    0.4999    0.4175   -0.7588
...   138 A-T ...
   18.4177  -55.5142   76.5362
    0.8547   -0.5007    0.1370
   -0.3189   -0.7148   -0.6224
    0.4096    0.4883   -0.7706
...   139 G-C ...
   20.4153  -54.2946   74.5496
    0.5847   -0.7389   -0.3350
   -0.7594   -0.3532   -0.5465
    0.2854    0.5739   -0.7676
...   140 C-G ...
   21.4165  -51.8108   72.7949
    0.1305   -0.7142   -0.6876
   -0.8897    0.2217   -0.3991
    0.4375    0.6639   -0.6065
...   141 G-C ...
   22.1408  -50.1331   67.4724
   -0.4682   -0.8748    0.1248
   -0.8495    0.4067   -0.3362
    0.2434   -0.2634   -0.9335
...   142 C-G ...
   22.3379  -51.2253   64.5019
   -0.8529   -0.5117   -0.1032
   -0.4974    0.8566   -0.1372
    0.1587   -0.0657   -0.9851
...   143 T-A ...
   24.0061  -51.6203   61.9332
   -0.9563    0.0399   -0.2897
    0.0522    0.9980   -0.0348
    0.2877   -0.0484   -0.9565
...   144 C-G ...
   24.8858  -52.7208   58.9947
   -0.7530    0.5560   -0.3520
    0.5213    0.8304    0.1966
    0.4016   -0.0355   -0.9151
...   145 A-T ...
   25.5175  -52.9611   55.8127
   -0.2441    0.9563   -0.1609
    0.8907    0.2867    0.3528
    0.3835   -0.0571   -0.9218
...   146 C-G ...
   25.2678  -52.4926   52.0870
    0.3203    0.9428   -0.0928
    0.8825   -0.2613    0.3910
    0.3444   -0.2071   -0.9157
...   147 A-T ...
   25.6134  -52.5734   48.6479
    0.8597    0.5097    0.0339
    0.4498   -0.7866    0.4230
    0.2423   -0.3484   -0.9055
