  147 base-pairs
...     1 T-A ...
    0.0000    0.0000    0.0000
    1.0000    0.0000    0.0000
    0.0000    1.0000    0.0000
    0.0000    0.0000    1.0000
...     2 G-C ...
   -0.5555   -1.1003    3.3981
    0.7749    0.6051    0.1828
   -0.5991    0.7953   -0.0929
   -0.2016   -0.0375    0.9787
...     3 T-A ...
   -0.6619   -3.0237    6.5348
    0.3046    0.9250    0.2271
   -0.8994    0.3578   -0.2510
   -0.3134   -0.1278    0.9410
...     4 G-C ...
   -1.1607   -3.8418    9.6940
   -0.3351    0.9421    0.0133
   -0.8752   -0.3061   -0.3746
   -0.3489   -0.1372    0.9271
...     5 A-T ...
   -1.3881   -3.6770   12.8999
   -0.7835    0.6162   -0.0801
   -0.5677   -0.7622   -0.3109
   -0.2527   -0.1981    0.9470
...     6 G-C ...
   -2.6236   -3.5448   15.7072
   -0.9923    0.0611   -0.1075
   -0.0294   -0.9610   -0.2748
   -0.1201   -0.2695    0.9555
...     7 C-G ...
   -2.3138   -3.7570   18.8866
   -0.8620   -0.4995   -0.0864
    0.5008   -0.8655    0.0073
   -0.0785   -0.0370    0.9962
...     8 G-C ...
   -3.9561   -6.8109   23.3205
   -0.2581   -0.3560   -0.8981
    0.6294   -0.7673    0.1233
   -0.7330   -0.5335    0.4221
...     9 C-G ...
   -6.1177   -8.9414   24.2385
    0.1143   -0.7320   -0.6716
    0.8123   -0.3203    0.4874
   -0.5720   -0.6013    0.5580
...    10 T-A ...
   -8.5041   -9.6771   26.0540
    0.4660   -0.8587   -0.2131
    0.6274    0.1508    0.7640
   -0.6239   -0.4897    0.6090
...    11 C-G ...
  -11.0625  -11.3174   27.2336
    0.6660   -0.6911    0.2808
    0.3382    0.6152    0.7121
   -0.6649   -0.3794    0.6435
...    12 A-T ...
  -13.0013  -13.1789   29.0658
    0.7188   -0.1490    0.6790
   -0.1787    0.9043    0.3876
   -0.6718   -0.4000    0.6235
...    13 C-G ...
  -14.1788  -15.9359   31.3399
    0.4052    0.2865    0.8682
   -0.5270    0.8492   -0.0343
   -0.7470   -0.4437    0.4951
...    14 A-T ...
  -15.9532  -18.1566   33.3080
   -0.1503    0.6873    0.7107
   -0.6106    0.5008   -0.6135
   -0.7776   -0.5261    0.3444
...    15 A-T ...
  -18.3591  -19.9971   34.4555
   -0.4700    0.8522    0.2297
   -0.3956    0.0293   -0.9180
   -0.7890   -0.5224    0.3233
...    16 T-A ...
  -20.7339  -21.6505   36.2268
   -0.6409    0.7127   -0.2851
   -0.0641   -0.4198   -0.9054
   -0.7649   -0.5620    0.3147
...    17 T-A ...
  -23.2434  -23.2920   37.5824
   -0.5807    0.3123   -0.7518
    0.3403   -0.7458   -0.5727
   -0.7396   -0.5884    0.3268
...    18 T-A ...
  -25.7417  -25.0363   38.6495
   -0.2610   -0.1217   -0.9576
    0.6010   -0.7968   -0.0625
   -0.7555   -0.5918    0.2811
...    19 A-T ...
  -28.1783  -27.1229   39.3349
    0.1897   -0.4396   -0.8779
    0.6305   -0.6309    0.4522
   -0.7526   -0.6393    0.1575
...    20 T-A ...
  -31.0077  -28.8325   39.3520
    0.4915   -0.6893   -0.5322
    0.4470   -0.3248    0.8335
   -0.7474   -0.6476    0.1484
...    21 T-A ...
  -33.5252  -30.9218   39.5127
    0.6687   -0.7433    0.0172
    0.0854    0.0999    0.9913
   -0.7386   -0.6615    0.1303
...    22 C-G ...
  -35.8593  -33.1915   39.8789
    0.6233   -0.5272    0.5776
   -0.3308    0.4916    0.8056
   -0.7086   -0.6931    0.1320
...    23 G-C ...
  -38.2383  -35.3232   40.9609
    0.4276   -0.0719    0.9011
   -0.6634    0.6522    0.3668
   -0.6141   -0.7546    0.2311
...    24 C-G ...
  -39.9425  -38.0314   41.6505
    0.0519    0.3201    0.9460
   -0.7902    0.5924   -0.1571
   -0.6107   -0.7393    0.2837
...    25 A-T ...
  -42.3059  -40.2424   42.3485
   -0.3784    0.6387    0.6699
   -0.6807    0.2985   -0.6690
   -0.6273   -0.7092    0.3218
...    26 A-T ...
  -44.2625  -42.5627   43.6014
   -0.7032    0.6886    0.1770
   -0.3458   -0.1138   -0.9314
   -0.6212   -0.7162    0.3181
...    27 A-T ...
  -46.1537  -44.8287   44.9805
   -0.7889    0.4792   -0.3848
    0.1363   -0.4740   -0.8699
   -0.5992   -0.7387    0.3086
...    28 G-C ...
  -48.3969  -46.9721   46.2876
   -0.5630    0.1966   -0.8027
    0.5222   -0.6682   -0.5299
   -0.6405   -0.7176    0.2735
...    29 G-C ...
  -50.8939  -49.1691   47.1677
   -0.1213   -0.1470   -0.9817
    0.7413   -0.6711    0.0089
   -0.6601   -0.7266    0.1904
...    30 C-G ...
  -53.3685  -51.2800   47.5296
    0.3394   -0.4387   -0.8321
    0.6782   -0.4989    0.5396
   -0.6518   -0.7475    0.1282
...    31 C-G ...
  -55.7765  -53.5950   47.7764
    0.7068   -0.5718   -0.4164
    0.3762   -0.1947    0.9059
   -0.5991   -0.7969    0.0775
...    32 G-C ...
  -57.3659  -56.1673   48.1552
    0.8645   -0.4963    0.0793
   -0.0456    0.0796    0.9958
   -0.5005   -0.8645    0.0462
...    33 G-C ...
  -58.5327  -59.3249   48.1131
    0.7338   -0.3140    0.6024
   -0.5272    0.2961    0.7965
   -0.4285   -0.9021    0.0517
...    34 C-G ...
  -59.5335  -62.4431   48.0986
    0.3505   -0.0576    0.9348
   -0.8503    0.3989    0.3433
   -0.3927   -0.9152    0.0908
...    35 C-G ...
  -60.4268  -65.6774   48.6831
   -0.1514    0.2214    0.9634
   -0.9167    0.3330   -0.2206
   -0.3697   -0.9166    0.1525
...    36 C-G ...
  -61.4761  -68.7552   49.4580
   -0.6096    0.4083    0.6795
   -0.7032    0.1173   -0.7013
   -0.3660   -0.9053    0.2156
...    37 G-C ...
  -63.0535  -71.7674   49.3603
   -0.8696    0.4653    0.1653
   -0.2522   -0.1307   -0.9588
   -0.4245   -0.8754    0.2310
...    38 A-T ...
  -64.2977  -74.5641   50.1287
   -0.8525    0.3069   -0.4231
    0.3073   -0.3605   -0.8807
   -0.4228   -0.8808    0.2130
...    39 C-G ...
  -66.0706  -77.0880   51.0428
   -0.5567    0.1153   -0.8227
    0.6963   -0.4753   -0.5378
   -0.4530   -0.8722    0.1843
...    40 A-T ...
  -67.7121  -79.9427   51.5242
   -0.0295   -0.1030   -0.9942
    0.8839   -0.4672    0.0222
   -0.4668   -0.8781    0.1048
...    41 C-G ...
  -69.6202  -82.6345   51.4448
    0.4398   -0.2832   -0.8523
    0.7752   -0.3594    0.5195
   -0.4534   -0.8892    0.0614
...    42 G-C ...
  -70.7456  -85.7122   51.9268
    0.8357   -0.3668   -0.4089
    0.3810   -0.1492    0.9125
   -0.3957   -0.9183    0.0151
...    43 A-T ...
  -72.1063  -88.5576   51.9528
    0.9074   -0.3738    0.1923
   -0.1633    0.1080    0.9806
   -0.3873   -0.9212    0.0370
...    44 C-G ...
  -73.1056  -91.6521   51.4000
    0.7144   -0.2058    0.6688
   -0.6171    0.2653    0.7408
   -0.3298   -0.9420    0.0625
...    45 T-A ...
  -73.6188  -95.2152   51.4152
    0.2709    0.0328    0.9620
   -0.9133    0.3244    0.2461
   -0.3040   -0.9454    0.1179
...    46 T-A ...
  -74.2581  -98.3553   51.7342
   -0.2026    0.2099    0.9565
   -0.9332    0.2547   -0.2536
   -0.2969   -0.9440    0.1443
...    47 A-T ...
  -75.1877 -101.4329   52.4654
   -0.6412    0.4192    0.6428
   -0.6865    0.0610   -0.7246
   -0.3430   -0.9058    0.2487
...    48 C-G ...
  -76.0383 -104.2911   53.9395
   -0.8966    0.4121    0.1621
   -0.2590   -0.1911   -0.9468
   -0.3592   -0.8909    0.2781
...    49 T-A ...
  -77.2988 -107.0434   55.3941
   -0.8736    0.3144   -0.3714
    0.2214   -0.4228   -0.8788
   -0.4333   -0.8500    0.2997
...    50 G-C ...
  -78.8969 -109.8718   56.1892
   -0.5547    0.0915   -0.8270
    0.6679   -0.5438   -0.5081
   -0.4962   -0.8342    0.2405
...    51 T-A ...
  -80.9317 -112.2166   56.9911
   -0.1305   -0.1819   -0.9746
    0.8542   -0.5196   -0.0174
   -0.5032   -0.8348    0.2232
...    52 A-T ...
  -82.3123 -115.1267   57.7603
    0.4195   -0.4448   -0.7913
    0.7627   -0.3001    0.5730
   -0.4923   -0.8438    0.2134
...    53 G-C ...
  -84.1142 -117.7664   58.3144
    0.7781   -0.4627   -0.4248
    0.4640   -0.0325    0.8853
   -0.4234   -0.8859    0.1894
...    54 G-C ...
  -85.7543 -121.0058   58.1240
    0.9402   -0.3298    0.0855
   -0.0148    0.2111    0.9773
   -0.3404   -0.9201    0.1936
...    55 T-A ...
  -86.6152 -124.1174   58.3622
    0.8188   -0.1379    0.5573
   -0.4866    0.3484    0.8011
   -0.3046   -0.9271    0.2182
...    56 A-T ...
  -87.0036 -127.5245   58.8283
    0.4569    0.1998    0.8668
   -0.8649    0.3274    0.3805
   -0.2078   -0.9235    0.3224
...    57 T-A ...
  -86.9893 -130.6554   59.7488
   -0.0153    0.3696    0.9291
   -0.9815    0.1719   -0.0845
   -0.1910   -0.9131    0.3601
...    58 C-G ...
  -87.3896 -133.7122   61.2449
   -0.6017    0.4348    0.6700
   -0.7750   -0.1148   -0.6215
   -0.1933   -0.8932    0.4060
...    59 T-A ...
  -87.9858 -136.4783   62.9165
   -0.9036    0.3668    0.2211
   -0.3572   -0.3606   -0.8616
   -0.2362   -0.8576    0.4569
...    60 C-G ...
  -89.1294 -139.2473   64.1739
   -0.9406    0.0960   -0.3257
    0.2163   -0.5700   -0.7927
   -0.2617   -0.8160    0.5154
...    61 G-C ...
  -89.8391 -142.2252   65.3401
   -0.6668   -0.1839   -0.7222
    0.6721   -0.5671   -0.4761
   -0.3220   -0.8029    0.5017
...    62 A-T ...
  -90.6650 -144.9369   67.0227
   -0.1326   -0.4786   -0.8680
    0.9432   -0.3302    0.0380
   -0.3048   -0.8136    0.4951
...    63 G-C ...
  -91.7909 -147.6160   68.5620
    0.3914   -0.5693   -0.7229
    0.8797    0.0009    0.4756
   -0.2701   -0.8221    0.5012
...    64 C-G ...
  -93.0565 -150.4608   69.9774
    0.8382   -0.4279   -0.3382
    0.4965    0.3420    0.7978
   -0.2257   -0.8367    0.4991
...    65 T-A ...
  -93.9039 -153.3821   71.3419
    0.9898   -0.1252    0.0683
    0.0071    0.5218    0.8530
   -0.1424   -0.8438    0.5174
...    66 C-G ...
  -94.1137 -156.1761   72.9621
    0.8442    0.2574    0.4702
   -0.5329    0.4989    0.6835
   -0.0587   -0.8275    0.5584
...    67 A-T ...
  -93.9482 -159.2360   74.5190
    0.4550    0.5979    0.6599
   -0.8861    0.2303    0.4023
    0.0886   -0.7678    0.6345
...    68 T-A ...
  -93.1592 -161.6380   76.5158
   -0.0348    0.6960    0.7172
   -0.9928   -0.1061    0.0548
    0.1143   -0.7102    0.6947
...    69 G-C ...
  -92.6021 -163.7730   79.1485
   -0.6055    0.5930    0.5308
   -0.7896   -0.5310   -0.3074
    0.0996   -0.6053    0.7898
...    70 T-A ...
  -91.9194 -165.2752   82.0729
   -0.9320    0.2266    0.2830
   -0.3467   -0.7851   -0.5132
    0.1059   -0.5764    0.8103
...    71 T-A ...
  -91.5364 -166.9105   84.8133
   -0.9586   -0.2845   -0.0122
    0.2424   -0.7926   -0.5595
    0.1495   -0.5393    0.8288
...    72 A-T ...
  -90.7324 -168.9540   87.4850
   -0.5433   -0.7815   -0.3067
    0.8098   -0.3913   -0.4372
    0.2217   -0.4859    0.8454
...    73 T-A ...
  -90.6351 -170.3213   90.4466
   -0.0557   -0.8952   -0.4421
    0.9669    0.0620   -0.2475
    0.2490   -0.4413    0.8621
...    74 A-T ...
  -89.5538 -171.6127   93.4175
    0.5739   -0.6637   -0.4798
    0.7747    0.6299    0.0552
    0.2656   -0.4034    0.8757
...    75 A-T ...
  -88.7959 -172.9908   96.1820
    0.8938   -0.2057   -0.3984
    0.3286    0.9050    0.2701
    0.3050   -0.3723    0.8765
...    76 C-G ...
  -87.8404 -174.8396   98.8216
    0.9127    0.3245   -0.2483
   -0.1989    0.8837    0.4237
    0.3569   -0.3373    0.8711
...    77 G-C ...
  -86.4584 -175.3222  101.7082
    0.5906    0.7699   -0.2418
   -0.5978    0.6187    0.5097
    0.5421   -0.1565    0.8256
...    78 G-C ...
  -84.2116 -175.2208  104.0994
    0.1203    0.9897   -0.0781
   -0.7577    0.1424    0.6369
    0.6414   -0.0174    0.7670
...    79 A-T ...
  -81.9367 -175.1278  106.4443
   -0.3705    0.8934    0.2541
   -0.6650   -0.4462    0.5990
    0.6485    0.0530    0.7594
...    80 T-A ...
  -79.5236 -174.4483  108.5827
   -0.6764    0.5378    0.5033
   -0.3645   -0.8381    0.4058
    0.6401    0.0910    0.7629
...    81 C-G ...
  -77.6684 -173.9464  111.3018
   -0.7653   -0.0714    0.6397
    0.1573   -0.9844    0.0783
    0.6242    0.1605    0.7646
...    82 G-C ...
  -75.3792 -174.4833  113.9595
   -0.5406   -0.6263    0.5618
    0.6030   -0.7541   -0.2604
    0.5867    0.1980    0.7852
...    83 G-C ...
  -73.5188 -173.6374  116.6431
   -0.1280   -0.9435    0.3056
    0.7886   -0.2837   -0.5456
    0.6015    0.1712    0.7803
...    84 G-C ...
  -71.6652 -172.9971  119.3425
    0.2729   -0.9569   -0.0990
    0.7320    0.2733   -0.6241
    0.6243    0.0978    0.7751
...    85 A-T ...
  -69.7949 -172.7051  122.1016
    0.6500   -0.6068   -0.4575
    0.4091    0.7867   -0.4623
    0.6404    0.1133    0.7596
...    86 T-A ...
  -67.8371 -172.9058  124.7468
    0.7455   -0.1223   -0.6552
    0.0117    0.9853   -0.1706
    0.6664    0.1195    0.7359
...    87 C-G ...
  -65.5471 -172.6822  127.0729
    0.5729    0.4538   -0.6825
   -0.4194    0.8778    0.2316
    0.7042    0.1535    0.6932
...    88 C-G ...
  -63.2900 -172.4109  129.4444
    0.1551    0.7908   -0.5921
   -0.6551    0.5309    0.5375
    0.7395    0.3045    0.6004
...    89 G-C ...
  -61.0994 -170.9542  131.4651
   -0.3484    0.8703   -0.3482
   -0.5914    0.0841    0.8020
    0.7272    0.4853    0.4854
...    90 C-G ...
  -58.4830 -168.9546  132.5356
   -0.6404    0.7524    0.1542
   -0.2562   -0.3985    0.8807
    0.7241    0.5245    0.4480
...    91 T-A ...
  -56.3743 -166.4446  133.7912
   -0.6711    0.4015    0.6233
    0.2161   -0.6983    0.6824
    0.7092    0.5927    0.3818
...    92 T-A ...
  -54.2234 -164.1900  134.7901
   -0.3675   -0.0428    0.9290
    0.5774   -0.7936    0.1918
    0.7290    0.6070    0.3164
...    93 T-A ...
  -52.1050 -161.8525  135.6916
    0.0907   -0.4421    0.8924
    0.6699   -0.6359   -0.3832
    0.7369    0.6326    0.2385
...    94 A-T ...
  -49.3141 -160.0421  135.6027
    0.5897   -0.6331    0.5013
    0.4303   -0.2790   -0.8585
    0.6834    0.7220    0.1079
...    95 A-T ...
  -47.2205 -157.6516  136.0454
    0.7431   -0.6663   -0.0622
   -0.0057    0.0866   -0.9962
    0.6692    0.7406    0.0605
...    96 C-G ...
  -44.8911 -155.3599  136.7982
    0.6125   -0.5398   -0.5774
   -0.4111    0.4064   -0.8160
    0.6752    0.7372    0.0270
...    97 A-T ...
  -42.5828 -152.9899  136.8653
    0.2035   -0.3120   -0.9280
   -0.6814    0.6355   -0.3631
    0.7030    0.7063   -0.0833
...    98 C-G ...
  -39.8303 -151.1787  136.4119
   -0.2060    0.0112   -0.9785
   -0.6854    0.7120    0.1524
    0.6984    0.7021   -0.1390
...    99 T-A ...
  -37.1238 -149.0906  135.3998
   -0.6209    0.3292   -0.7114
   -0.4421    0.6023    0.6647
    0.6473    0.7272   -0.2284
...   100 T-A ...
  -35.0074 -146.9041  134.2670
   -0.7712    0.6009   -0.2104
   -0.0061    0.3235    0.9462
    0.6366    0.7309   -0.2459
...   101 T-A ...
  -33.0496 -144.5608  133.2123
   -0.6580    0.6649    0.3534
    0.4326   -0.0502    0.9002
    0.6163    0.7452   -0.2546
...   102 A-T ...
  -30.9807 -142.0130  132.4740
   -0.2899    0.4914    0.8213
    0.7529   -0.4126    0.5127
    0.5908    0.7670   -0.2504
...   103 T-A ...
  -29.7143 -139.1986  131.3628
    0.0874    0.2292    0.9695
    0.8132   -0.5786    0.0634
    0.5754    0.7828   -0.2369
...   104 G-C ...
  -27.9540 -136.4453  130.8021
    0.5110   -0.2363    0.8264
    0.6153   -0.5708   -0.5437
    0.6002    0.7864   -0.1463
...   105 C-G ...
  -26.0257 -133.7745  130.7155
    0.7469   -0.5333    0.3971
    0.2241   -0.3604   -0.9055
    0.6260    0.7653   -0.1496
...   106 T-A ...
  -23.8369 -131.1304  130.6574
    0.7268   -0.6641   -0.1756
   -0.2244    0.0122   -0.9744
    0.6492    0.7476   -0.1402
...   107 T-A ...
  -21.6734 -128.7873  130.3867
    0.4542   -0.5815   -0.6750
   -0.5890    0.3724   -0.7172
    0.6684    0.7233   -0.1734
...   108 C-G ...
  -19.2734 -126.6033  129.8099
   -0.0038   -0.3269   -0.9451
   -0.7375    0.6392   -0.2181
    0.6754    0.6961   -0.2435
...   109 C-G ...
  -16.9343 -124.4194  129.0888
   -0.4684   -0.0577   -0.8816
   -0.6330    0.7181    0.2893
    0.6164    0.6935   -0.3729
...   110 G-C ...
  -15.3448 -122.1483  127.8107
   -0.7966    0.2066   -0.5682
   -0.2970    0.6849    0.6654
    0.5266    0.6988   -0.4842
...   111 G-C ...
  -14.0410 -119.8791  125.7013
   -0.8702    0.4857   -0.0829
    0.2033    0.5072    0.8375
    0.4489    0.7119   -0.5401
...   112 C-G ...
  -13.0930 -117.5920  123.4203
   -0.6392    0.6542    0.4044
    0.6533    0.1844    0.7343
    0.4058    0.7335   -0.5453
...   113 T-A ...
  -12.0200 -115.2026  121.4148
   -0.2227    0.6311    0.7431
    0.9021   -0.1557    0.4026
    0.3697    0.7600   -0.5346
...   114 C-G ...
  -10.7270 -112.6261  119.8536
    0.3286    0.4087    0.8514
    0.8813   -0.4569   -0.1208
    0.3396    0.7901   -0.5104
...   115 G-C ...
   -9.2282 -110.2921  118.0586
    0.7575    0.0320    0.6521
    0.5375   -0.5974   -0.5951
    0.3705    0.8013   -0.4697
...   116 T-A ...
   -7.9916 -107.4295  117.0492
    0.9132   -0.3122    0.2619
    0.0655   -0.5220   -0.8504
    0.4022    0.7938   -0.4562
...   117 A-T ...
   -6.4458 -104.5806  115.9774
    0.7611   -0.6030   -0.2388
   -0.4576   -0.2383   -0.8567
    0.4597    0.7613   -0.4573
...   118 T-A ...
   -4.5492 -102.1145  115.0762
    0.4410   -0.6353   -0.6340
   -0.7776    0.0822   -0.6233
    0.4481    0.7679   -0.4578
...   119 A-T ...
   -3.2185  -99.5647  113.3932
   -0.1065   -0.5223   -0.8461
   -0.8812    0.4437   -0.1629
    0.4605    0.7282   -0.5075
...   120 A-T ...
   -1.4926  -97.4511  111.6532
   -0.5937   -0.2189   -0.7743
   -0.6725    0.6633    0.3281
    0.4418    0.7156   -0.5411
...   121 T-A ...
    0.2584  -95.5982  109.5110
   -0.8567    0.1437   -0.4953
   -0.2750    0.6851    0.6745
    0.4363    0.7141   -0.5474
...   122 G-C ...
    1.6040  -93.2846  107.3215
   -0.9014    0.4321    0.0293
    0.2657    0.4984    0.8252
    0.3419    0.7516   -0.5641
...   123 T-A ...
    2.3591  -91.0082  105.1151
   -0.6662    0.6025    0.4395
    0.6739    0.2339    0.7008
    0.3195    0.7630   -0.5619
...   124 G-C ...
    3.1992  -88.3958  103.2300
   -0.2036    0.5635    0.8006
    0.9417   -0.1110    0.3177
    0.2679    0.8186   -0.5081
...   125 T-A ...
    3.5341  -85.7126  101.4923
    0.2922    0.3903    0.8731
    0.9182   -0.3698   -0.1419
    0.2675    0.8432   -0.4664
...   126 C-G ...
    4.3626  -82.9844  100.1469
    0.7705    0.1087    0.6281
    0.5857   -0.5097   -0.6302
    0.2517    0.8534   -0.4564
...   127 G-C ...
    5.5723  -80.5012   98.3751
    0.9168   -0.2794    0.2853
    0.1353   -0.4549   -0.8802
    0.3757    0.8456   -0.3793
...   128 A-T ...
    6.6848  -77.7845   97.2109
    0.8239   -0.4941   -0.2775
   -0.4271   -0.2196   -0.8771
    0.3725    0.8412   -0.3920
...   129 C-G ...
    8.3632  -75.0147   96.5602
    0.4632   -0.5689   -0.6796
   -0.7918    0.0788   -0.6056
    0.3981    0.8186   -0.4140
...   130 C-G ...
   10.2720  -72.5839   95.1071
   -0.0525   -0.5271   -0.8482
   -0.9014    0.3905   -0.1869
    0.4297    0.7547   -0.4957
...   131 A-T ...
   11.0777  -69.8489   93.3763
   -0.5828   -0.2882   -0.7598
   -0.7162    0.6239    0.3127
    0.3839    0.7264   -0.5700
...   132 A-T ...
   12.3952  -67.6395   91.3348
   -0.8847    0.1116   -0.4526
   -0.2645    0.6794    0.6845
    0.3839    0.7252   -0.5716
...   133 A-T ...
   13.6947  -65.5424   89.1656
   -0.8572    0.5148    0.0124
    0.2939    0.4693    0.8327
    0.4229    0.7175   -0.5536
...   134 T-A ...
   14.7282  -63.4123   86.8245
   -0.5924    0.6746    0.4405
    0.6886    0.1400    0.7115
    0.4183    0.7248   -0.5474
...   135 G-C ...
   15.7211  -61.4788   83.9377
    0.0342    0.7399    0.6718
    0.8637   -0.3601    0.3526
    0.5028    0.5682   -0.6514
...   136 T-A ...
   15.7739  -59.5464   80.8036
    0.5516    0.4996    0.6680
    0.6739   -0.7388   -0.0038
    0.4916    0.4523   -0.7442
...   137 G-C ...
   16.8280  -57.7076   78.2737
    0.8528   -0.0847    0.5152
    0.1508   -0.9047   -0.3984
    0.4999    0.4175   -0.7588
...   138 A-T ...
   18.4175  -55.5141   76.5362
    0.8547   -0.5007    0.1370
   -0.3189   -0.7148   -0.6224
    0.4096    0.4883   -0.7706
...   139 G-C ...
   20.4152  -54.2945   74.5496
    0.5847   -0.7389   -0.3350
   -0.7594   -0.3532   -0.5465
    0.2854    0.5739   -0.7676
...   140 C-G ...
   21.4163  -51.8107   72.7949
    0.1305   -0.7142   -0.6876
   -0.8897    0.2217   -0.3991
    0.4375    0.6639   -0.6065
...   141 G-C ...
   22.1406  -50.1330   67.4724
   -0.4682   -0.8748    0.1248
   -0.8495    0.4067   -0.3362
    0.2434   -0.2634   -0.9335
...   142 C-G ...
   22.3377  -51.2252   64.5019
   -0.8529   -0.5117   -0.1032
   -0.4974    0.8566   -0.1372
    0.1587   -0.0657   -0.9851
...   143 T-A ...
   24.0059  -51.6201   61.9332
   -0.9563    0.0399   -0.2897
    0.0522    0.9980   -0.0348
    0.2877   -0.0484   -0.9565
...   144 C-G ...
   24.8856  -52.7207   58.9947
   -0.7530    0.5560   -0.3520
    0.5213    0.8304    0.1966
    0.4016   -0.0355   -0.9151
...   145 A-T ...
   25.5173  -52.9610   55.8127
   -0.2442    0.9563   -0.1609
    0.8907    0.2867    0.3528
    0.3835   -0.0571   -0.9218
...   146 C-G ...
   25.2677  -52.4925   52.0870
    0.3203    0.9428   -0.0928
    0.8825   -0.2613    0.3910
    0.3444   -0.2071   -0.9157
...   147 A-T ...
   25.6132  -52.5732   48.6479
    0.8597    0.5097    0.0339
    0.4498   -0.7866    0.4230
    0.2423   -0.3484   -0.9055
