  147 base-pairs
...     1 T-A ...
    0.0000    0.0000    0.0000
    1.0000    0.0000    0.0000
    0.0000    1.0000    0.0000
    0.0000    0.0000    1.0000
...     2 G-C ...
   -0.5555   -1.1003    3.3981
    0.7749    0.6051    0.1828
   -0.5991    0.7953   -0.0929
   -0.2016   -0.0375    0.9787
...     3 T-A ...
   -0.6619   -3.0237    6.5348
    0.3046    0.9250    0.2271
   -0.8994    0.3578   -0.2510
   -0.3134   -0.1278    0.9410
...     4 G-C ...
   -1.1607   -3.8418    9.6940
   -0.3351    0.9421    0.0133
   -0.8752   -0.3061   -0.3746
   -0.3489   -0.1372    0.9271
...     5 A-T ...
   -1.3881   -3.6770   12.8999
   -0.7835    0.6162   -0.0801
   -0.5677   -0.7622   -0.3109
   -0.2527   -0.1981    0.9470
...     6 G-C ...
   -2.6236   -3.5448   15.7072
   -0.9923    0.0611   -0.1075
   -0.0294   -0.9610   -0.2748
   -0.1201   -0.2695    0.9555
...     7 C-G ...
   -2.3138   -3.7570   18.8866
   -0.8620   -0.4995   -0.0864
    0.5008   -0.8655    0.0073
   -0.0785   -0.0370    0.9962
...     8 G-C ...
   -3.9561   -6.8109   23.3205
   -0.2581   -0.3560   -0.8981
    0.6294   -0.7673    0.1233
   -0.7330   -0.5335    0.4221
...     9 C-G ...
   -6.1177   -8.9414   24.2385
    0.1143   -0.7320   -0.6716
    0.8123   -0.3203    0.4874
   -0.5720   -0.6013    0.5580
...    10 T-A ...
   -8.5041   -9.6771   26.0540
    0.4660   -0.8587   -0.2131
    0.6274    0.1508    0.7640
   -0.6239   -0.4897    0.6090
...    11 C-G ...
  -11.0625  -11.3174   27.2336
    0.6660   -0.6911    0.2808
    0.3382    0.6152    0.7121
   -0.6649   -0.3794    0.6435
...    12 A-T ...
  -13.0013  -13.1789   29.0658
    0.7188   -0.1490    0.6790
   -0.1787    0.9043    0.3876
   -0.6718   -0.4000    0.6235
...    13 C-G ...
  -14.1788  -15.9359   31.3399
    0.4052    0.2865    0.8682
   -0.5270    0.8492   -0.0343
   -0.7470   -0.4437    0.4951
...    14 A-T ...
  -15.9532  -18.1566   33.3080
   -0.1503    0.6873    0.7107
   -0.6106    0.5008   -0.6135
   -0.7776   -0.5261    0.3444
...    15 A-T ...
  -18.2981  -19.9829   34.6296
   -0.4891    0.8376    0.2432
   -0.4012    0.0315   -0.9154
   -0.7745   -0.5453    0.3207
...    16 T-A ...
  -20.6131  -21.6274   36.2958
   -0.6232    0.7410   -0.2501
   -0.0928   -0.3876   -0.9172
   -0.7765   -0.5484    0.3103
...    17 T-A ...
  -23.1356  -23.2616   37.5018
   -0.5542    0.4076   -0.7258
    0.2796   -0.7301   -0.6235
   -0.7840   -0.5485    0.2906
...    18 T-A ...
  -25.7828  -24.8239   38.5053
   -0.2804   -0.0481   -0.9587
    0.5408   -0.8331   -0.1163
   -0.7930   -0.5511    0.2596
...    19 A-T ...
  -28.5750  -26.5392   39.0689
    0.1660   -0.4162   -0.8940
    0.5754   -0.6953    0.4306
   -0.8008   -0.5859    0.1240
...    20 T-A ...
  -31.4771  -28.0590   38.9728
    0.4468   -0.6927   -0.5662
    0.4097   -0.4041    0.8178
   -0.7953   -0.5974    0.1033
...    21 T-A ...
  -34.1065  -29.9520   39.0031
    0.6104   -0.7919   -0.0170
    0.0809    0.0411    0.9959
   -0.7880   -0.6092    0.0892
...    22 C-G ...
  -36.5657  -32.0997   39.1687
    0.5694   -0.6029    0.5588
   -0.3076    0.4742    0.8250
   -0.7623   -0.6416    0.0846
...    23 G-C ...
  -39.1205  -34.1423   39.8082
    0.3748   -0.1781    0.9098
   -0.6059    0.6958    0.3858
   -0.7018   -0.6958    0.1528
...    24 C-G ...
  -41.1116  -36.7453   40.3094
    0.0101    0.2520    0.9677
   -0.7225    0.6708   -0.1672
   -0.6913   -0.6975    0.1888
...    25 A-T ...
  -43.5482  -38.9248   40.8809
   -0.3459    0.6421    0.6841
   -0.6175    0.3932   -0.6813
   -0.7065   -0.6580    0.2605
...    26 A-T ...
  -45.6869  -41.1187   41.9599
   -0.6433    0.7441    0.1802
   -0.3063   -0.0344   -0.9513
   -0.7016   -0.6672    0.2500
...    27 A-T ...
  -47.9327  -43.2025   43.0296
   -0.7058    0.5926   -0.3881
    0.1163   -0.4436   -0.8887
   -0.6988   -0.6724    0.2442
...    28 G-C ...
  -50.3811  -45.1881   44.0107
   -0.4929    0.3219   -0.8083
    0.4638   -0.6888   -0.5571
   -0.7361   -0.6496    0.1902
...    29 G-C ...
  -53.1047  -47.0788   44.6036
   -0.1000   -0.0354   -0.9944
    0.6392   -0.7681   -0.0370
   -0.7625   -0.6393    0.0994
...    30 C-G ...
  -55.8862  -48.8563   44.7021
    0.2996   -0.4070   -0.8629
    0.5818   -0.6388    0.5034
   -0.7561   -0.6528    0.0454
...    31 C-G ...
  -58.5229  -50.9514   44.4210
    0.6307   -0.6216   -0.4646
    0.3130   -0.3442    0.8852
   -0.7102   -0.7037   -0.0225
...    32 G-C ...
  -60.6825  -53.4867   44.5555
    0.7787   -0.6198    0.0974
   -0.1086    0.0197    0.9939
   -0.6179   -0.7845   -0.0519
...    33 G-C ...
  -62.5105  -56.2876   44.0522
    0.6521   -0.4432    0.6151
   -0.5242    0.3226    0.7881
   -0.5477   -0.8364   -0.0219
...    34 C-G ...
  -63.9504  -59.2519   43.7631
    0.2924   -0.1595    0.9429
   -0.8019    0.4963    0.3326
   -0.5210   -0.8534    0.0173
...    35 C-G ...
  -65.3770  -62.3032   43.9321
   -0.1395    0.2025    0.9693
   -0.8479    0.4812   -0.2226
   -0.5115   -0.8529    0.1046
...    36 C-G ...
  -66.8781  -65.2489   44.5713
   -0.5306    0.4973    0.6864
   -0.6548    0.2737   -0.7045
   -0.5382   -0.8233    0.1803
...    37 G-C ...
  -68.9773  -67.8208   44.9278
   -0.7462    0.6459    0.1613
   -0.2738   -0.0769   -0.9587
   -0.6068   -0.7596    0.2342
...    38 A-T ...
  -70.9900  -70.2526   45.7974
   -0.7490    0.4992   -0.4357
    0.2075   -0.4478   -0.8697
   -0.6293   -0.7418    0.2318
...    39 C-G ...
  -73.3414  -72.2782   46.9615
   -0.5186    0.2097   -0.8289
    0.5603   -0.6490   -0.5146
   -0.6459   -0.7313    0.2191
...    40 A-T ...
  -75.4010  -74.8178   47.5378
   -0.0534   -0.1307   -0.9900
    0.7388   -0.6722    0.0490
   -0.6718   -0.7288    0.1324
...    41 C-G ...
  -78.0427  -76.8163   47.7002
    0.3543   -0.4415   -0.8244
    0.6562   -0.5107    0.5555
   -0.6662   -0.7378    0.1087
...    42 G-C ...
  -80.0100  -79.4577   48.2199
    0.7297   -0.5590   -0.3936
    0.3437   -0.1978    0.9180
   -0.5911   -0.8052    0.0477
...    43 A-T ...
  -81.9554  -82.0825   48.2472
    0.8208   -0.5330    0.2056
   -0.1415    0.1590    0.9771
   -0.5534   -0.8311    0.0551
...    44 C-G ...
  -83.4860  -84.9765   47.8637
    0.6556   -0.3395    0.6745
   -0.5477    0.4011    0.7343
   -0.5198   -0.8508    0.0770
...    45 T-A ...
  -84.8610  -87.9725   48.0257
    0.3210   -0.0164    0.9469
   -0.8207    0.4942    0.2868
   -0.4727   -0.8692    0.1452
...    46 T-A ...
  -86.1419  -90.9062   48.4991
   -0.1791    0.2805    0.9430
   -0.8658    0.4103   -0.2865
   -0.4673   -0.8677    0.1694
...    47 A-T ...
  -87.7525  -93.7278   49.1911
   -0.6032    0.5320    0.5943
   -0.6275    0.1435   -0.7653
   -0.4925   -0.8345    0.2473
...    48 C-G ...
  -89.1111  -96.3880   50.6084
   -0.8282    0.5502    0.1063
   -0.2371   -0.1722   -0.9561
   -0.5078   -0.8171    0.2731
...    49 T-A ...
  -90.9141  -98.8802   51.8266
   -0.8073    0.4119   -0.4226
    0.2136   -0.4636   -0.8599
   -0.5501   -0.7845    0.2863
...    50 T-A ...
  -92.8043 -101.2513   53.0105
   -0.5574    0.0468   -0.8289
    0.6393   -0.6128   -0.4645
   -0.5297   -0.7888    0.3117
...    51 C-G ...
  -94.6655 -103.7684   54.0070
   -0.0687   -0.3155   -0.9464
    0.8447   -0.5232    0.1131
   -0.5308   -0.7917    0.3025
...    52 A-T ...
  -96.2613 -106.4838   55.0472
    0.4658   -0.4911   -0.7361
    0.7299   -0.2569    0.6334
   -0.5002   -0.8323    0.2388
...    53 T-A ...
  -98.2720 -109.0857   55.2722
    0.7713   -0.5502   -0.3200
    0.4033    0.0335    0.9145
   -0.4924   -0.8344    0.2477
...    54 G-C ...
  -99.7432 -111.9553   56.1153
    0.9230   -0.3298    0.1981
   -0.0875    0.3215    0.9429
   -0.3747   -0.8876    0.2679
...    55 T-A ...
 -100.7002 -115.0778   56.4554
    0.7717   -0.0682    0.6323
   -0.5441    0.4438    0.7120
   -0.3292   -0.8935    0.3054
...    56 T-A ...
 -101.5492 -118.0617   57.3428
    0.3635    0.2301    0.9027
   -0.8816    0.3980    0.2536
   -0.3010   -0.8881    0.3475
...    57 A-T ...
 -102.2365 -120.9967   58.7387
   -0.1214    0.5357    0.8357
   -0.9559    0.1636   -0.2438
   -0.2673   -0.8284    0.4922
...    58 T-A ...
 -102.4801 -123.6437   60.6520
   -0.5758    0.5599    0.5957
   -0.7742   -0.1394   -0.6174
   -0.2627   -0.8167    0.5137
...    59 A-T ...
 -103.5481 -126.3266   62.3128
   -0.9138    0.3941    0.0984
   -0.2952   -0.4778   -0.8274
   -0.2790   -0.7851    0.5529
...    60 A-T ...
 -104.4562 -128.6716   64.3803
   -0.9283    0.0196   -0.3712
    0.2795   -0.6216   -0.7318
   -0.2451   -0.7831    0.5716
...    61 C-G ...
 -105.6482 -130.8561   66.6143
   -0.6453   -0.3138   -0.6965
    0.7228   -0.5460   -0.4236
   -0.2474   -0.7768    0.5791
...    62 G-C ...
 -106.0793 -133.6417   68.3892
   -0.1098   -0.5198   -0.8472
    0.9606   -0.2743    0.0439
   -0.2552   -0.8090    0.5295
...    63 G-C ...
 -107.2264 -136.2959   70.1438
    0.4430   -0.5299   -0.7232
    0.8712    0.0639    0.4868
   -0.2117   -0.8457    0.4899
...    64 A-T ...
 -108.0639 -139.0140   71.7491
    0.8720   -0.3582   -0.3335
    0.4622    0.3786    0.8019
   -0.1610   -0.8534    0.4957
...    65 G-C ...
 -108.5891 -141.9740   73.0898
    0.9972   -0.0309    0.0675
   -0.0415    0.5216    0.8522
   -0.0616   -0.8526    0.5189
...    66 T-A ...
 -108.5326 -145.0186   74.2644
    0.8447    0.2966    0.4455
   -0.5352    0.4665    0.7042
    0.0010   -0.8333    0.5528
...    67 A-T ...
 -107.8667 -147.8277   75.9579
    0.4541    0.6612    0.5971
   -0.8770    0.2137    0.4303
    0.1569   -0.7191    0.6769
...    68 G-C ...
 -106.9505 -150.0694   78.1722
   -0.0659    0.7494    0.6589
   -0.9783   -0.1786    0.1052
    0.1965   -0.6376    0.7449
...    69 G-C ...
 -105.9992 -151.7136   80.9544
   -0.5885    0.6002    0.5417
   -0.7824   -0.5917   -0.1944
    0.2038   -0.5382    0.8178
...    70 T-A ...
 -105.0177 -152.9276   83.8629
   -0.9117    0.2160    0.3495
   -0.3580   -0.8348   -0.4182
    0.2014   -0.5064    0.8384
...    71 A-T ...
 -104.3540 -155.0045   86.4366
   -0.9171   -0.3939    0.0607
    0.3027   -0.7874   -0.5371
    0.2594   -0.4742    0.8413
...    72 T-A ...
 -103.8491 -156.0429   89.5553
   -0.6201   -0.7620   -0.1866
    0.7279   -0.4702   -0.4991
    0.2926   -0.4453    0.8462
...    73 C-G ...
 -102.9755 -157.4403   92.4076
   -0.0641   -0.8966   -0.4382
    0.9478    0.0827   -0.3079
    0.3123   -0.4351    0.8445
...    74 T-A ...
 -102.2044 -159.0270   95.2157
    0.4262   -0.7027   -0.5697
    0.8334    0.5499   -0.0547
    0.3517   -0.4515    0.8200
...    75 C-G ...
 -101.1655 -160.5176   97.9385
    0.8082   -0.2335   -0.5407
    0.4247    0.8671    0.2604
    0.4080   -0.4401    0.7999
...    76 G-C ...
  -99.7369 -161.7029  100.6977
    0.8211    0.3314   -0.4647
   -0.0698    0.8664    0.4945
    0.5665   -0.3736    0.7345
...    77 A-T ...
  -97.8212 -162.9447  102.9770
    0.5854    0.7893   -0.1854
   -0.5046    0.5336    0.6787
    0.6346   -0.3037    0.7106
...    78 G-C ...
  -95.4304 -163.8728  105.0080
    0.1786    0.9801    0.0871
   -0.7028    0.0652    0.7084
    0.6886   -0.1877    0.7005
...    79 C-G ...
  -92.8134 -164.0866  106.9629
   -0.2656    0.8804    0.3929
   -0.6536   -0.4640    0.5979
    0.7087   -0.0980    0.6987
...    80 T-A ...
  -90.3448 -163.9407  109.1285
   -0.6068    0.5244    0.5974
   -0.3744   -0.8515    0.3672
    0.7012   -0.0009    0.7130
...    81 C-G ...
  -88.1924 -163.6872  111.5791
   -0.7125   -0.0679    0.6984
    0.0808   -0.9966   -0.0144
    0.6970    0.0462    0.7156
...    82 G-C ...
  -85.9469 -163.9931  114.0185
   -0.5623   -0.6217    0.5452
    0.5076   -0.7800   -0.3659
    0.6528    0.0710    0.7542
...    83 G-C ...
  -83.9310 -163.5908  116.6967
   -0.2075   -0.9500    0.2335
    0.7364   -0.3088   -0.6019
    0.6439    0.0470    0.7637
...    84 G-C ...
  -81.9359 -163.2859  119.4035
    0.1999   -0.9652   -0.1686
    0.7148    0.2613   -0.6487
    0.6702    0.0092    0.7422
...    85 A-T ...
  -79.8590 -163.1277  121.9263
    0.5585   -0.6338   -0.5352
    0.4396    0.7732   -0.4570
    0.7034    0.0199    0.7105
...    86 T-A ...
  -77.7733 -163.6586  124.3987
    0.6874   -0.1680   -0.7065
    0.0924    0.9852   -0.1444
    0.7203    0.0340    0.6928
...    87 C-G ...
  -75.4124 -163.6252  126.6293
    0.5541    0.4127   -0.7229
   -0.3165    0.9077    0.2756
    0.7699    0.0761    0.6336
...    88 C-G ...
  -72.5810 -163.5921  128.4331
    0.1947    0.7995   -0.5682
   -0.5357    0.5720    0.6212
    0.8217    0.1834    0.5397
...    89 G-C ...
  -69.9169 -162.5305  130.1125
   -0.2648    0.9304   -0.2534
   -0.4916    0.0958    0.8655
    0.8295    0.3538    0.4321
...    90 C-G ...
  -67.1358 -161.0161  130.9881
   -0.5387    0.8151    0.2131
   -0.2306   -0.3859    0.8932
    0.8103    0.4320    0.3959
...    91 T-A ...
  -64.5751 -159.1978  131.9954
   -0.6245    0.4733    0.6213
    0.1368   -0.7169    0.6836
    0.7689    0.5120    0.3830
...    92 T-A ...
  -62.1827 -157.2408  133.0169
   -0.4021    0.0026    0.9156
    0.4807   -0.8505    0.2135
    0.7793    0.5260    0.3407
...    93 T-A ...
  -59.8481 -155.1956  134.0306
    0.0002   -0.4525    0.8918
    0.6199   -0.6997   -0.3551
    0.7846    0.5529    0.2804
...    94 A-T ...
  -56.9276 -153.5209  134.4284
    0.4638   -0.7495    0.4725
    0.4419   -0.2665   -0.8565
    0.7679    0.6060    0.2076
...    95 A-T ...
  -54.5689 -151.4776  135.3575
    0.6583   -0.7466   -0.0961
    0.0702    0.1881   -0.9796
    0.7495    0.6382    0.1762
...    96 C-G ...
  -52.0760 -149.6228  136.4573
    0.5736   -0.5648   -0.5934
   -0.2929    0.5351   -0.7924
    0.7650    0.6283    0.1415
...    97 A-T ...
  -49.5706 -147.4598  136.7996
    0.2086   -0.2655   -0.9413
   -0.5540    0.7611   -0.3375
    0.8060    0.5918    0.0117
...    98 C-G ...
  -46.6246 -146.0742  136.7777
   -0.1533    0.1114   -0.9819
   -0.5764    0.7970    0.1804
    0.8026    0.5937   -0.0580
...    99 T-A ...
  -43.8906 -144.3541  136.2017
   -0.5070    0.4287   -0.7478
   -0.3922    0.6578    0.6430
    0.7675    0.6193   -0.1654
...   100 T-A ...
  -41.4200 -142.4523  135.3770
   -0.6744    0.6873   -0.2697
   -0.0337    0.3363    0.9411
    0.7376    0.6438   -0.2037
...   101 T-A ...
  -39.1374 -140.3789  134.3988
   -0.5949    0.7472    0.2964
    0.3625   -0.0797    0.9286
    0.7174    0.6598   -0.2235
...   102 A-T ...
  -36.8647 -138.0614  133.6868
   -0.3082    0.5365    0.7856
    0.6699   -0.4640    0.5796
    0.6755    0.7049   -0.2164
...   103 T-A ...
  -35.2055 -135.3760  132.6976
    0.0847    0.2435    0.9662
    0.7377   -0.6671    0.1035
    0.6698    0.7040   -0.2361
...   104 G-C ...
  -32.8102 -133.2085  132.0087
    0.4537   -0.2191    0.8638
    0.5726   -0.6710   -0.4710
    0.6828    0.7083   -0.1790
...   105 C-G ...
  -30.7453 -130.6371  131.6639
    0.6741   -0.5663    0.4742
    0.2322   -0.4470   -0.8639
    0.7012    0.6924   -0.1698
...   106 T-A ...
  -28.3978 -128.3231  131.4174
    0.6633   -0.7475   -0.0346
   -0.1535   -0.0906   -0.9840
    0.7324    0.6580   -0.1748
...   107 T-A ...
  -25.9711 -126.1954  131.1122
    0.4604   -0.6739   -0.5778
   -0.5103    0.3316   -0.7935
    0.7264    0.6602   -0.1912
...   108 C-G ...
  -23.5350 -124.1182  130.5080
    0.0444   -0.4004   -0.9153
   -0.6828    0.6566   -0.3203
    0.7293    0.6392   -0.2442
...   109 C-G ...
  -20.8703 -122.3054  129.5531
   -0.4007   -0.0728   -0.9133
   -0.5922    0.7813    0.1975
    0.6992    0.6199   -0.3562
...   110 G-C ...
  -18.8385 -120.0476  128.2082
   -0.7524    0.2575   -0.6063
   -0.2570    0.7328    0.6301
    0.6065    0.6299   -0.4852
...   111 G-C ...
  -17.0472 -118.1174  126.0917
   -0.8332    0.5360   -0.1360
    0.2012    0.5230    0.8283
    0.5151    0.6627   -0.5436
...   112 C-G ...
  -15.7231 -116.0198  123.9128
   -0.6220    0.6989    0.3531
    0.6309    0.1802    0.7547
    0.4638    0.6922   -0.5530
...   113 T-A ...
  -14.5892 -113.6466  121.9065
   -0.2305    0.6551    0.7195
    0.8787   -0.1775    0.4431
    0.4180    0.7344   -0.5348
...   114 C-G ...
  -13.3675 -111.1340  120.1981
    0.3159    0.4175    0.8520
    0.8562   -0.5124   -0.0664
    0.4088    0.7504   -0.5193
...   115 G-C ...
  -11.6743 -108.8569  118.4591
    0.6995   -0.0008    0.7146
    0.5501   -0.6377   -0.5392
    0.4562    0.7703   -0.4456
...   116 T-A ...
  -10.4170 -105.9623  117.4362
    0.8739   -0.3452    0.3423
    0.1085   -0.5478   -0.8295
    0.4738    0.7621   -0.4412
...   117 A-T ...
   -8.8647 -103.5259  115.7829
    0.7520   -0.6291   -0.1969
   -0.4279   -0.2385   -0.8718
    0.5014    0.7398   -0.4485
...   118 T-A ...
   -6.8357 -101.1071  114.8693
    0.4350   -0.6693   -0.6024
   -0.7481    0.1037   -0.6554
    0.5011    0.7357   -0.4556
...   119 A-T ...
   -5.1471  -98.7610  113.2424
   -0.1070   -0.5542   -0.8255
   -0.8543    0.4760   -0.2089
    0.5087    0.6828   -0.5243
...   120 A-T ...
   -3.3091  -96.7589  111.4829
   -0.5715   -0.2095   -0.7934
   -0.6502    0.7054    0.2821
    0.5006    0.6771   -0.5394
...   121 T-A ...
   -1.4037  -95.0953  109.3914
   -0.8261    0.1567   -0.5413
   -0.2801    0.7193    0.6357
    0.4889    0.6768   -0.5503
...   122 G-C ...
   -0.0519  -92.7405  107.4673
   -0.8955    0.4434   -0.0385
    0.2333    0.5414    0.8078
    0.3790    0.7144   -0.5882
...   123 T-A ...
    0.8178  -90.6579  105.0561
   -0.6636    0.6316    0.4008
    0.6620    0.2464    0.7078
    0.3483    0.7351   -0.5817
...   124 G-C ...
    1.8911  -88.0498  103.2995
   -0.2212    0.5817    0.7827
    0.9298   -0.1163    0.3492
    0.2942    0.8050   -0.5151
...   125 T-A ...
    2.2275  -85.2572  101.5596
    0.2786    0.4152    0.8660
    0.9140   -0.3914   -0.1063
    0.2948    0.8212   -0.4886
...   126 C-G ...
    3.1235  -82.4877  100.0735
    0.7464    0.0863    0.6599
    0.5889   -0.5476   -0.5945
    0.3101    0.8323   -0.4595
...   127 G-C ...
    4.4289  -79.9506   98.3570
    0.9097   -0.3143    0.2712
    0.0957   -0.4768   -0.8738
    0.4040    0.8209   -0.4037
...   128 A-T ...
    5.7907  -77.2393   97.1427
    0.7840   -0.5574   -0.2733
   -0.4455   -0.1987   -0.8729
    0.4323    0.8061   -0.4041
...   129 C-G ...
    7.6392  -74.6365   96.2850
    0.4317   -0.5998   -0.6737
   -0.7811    0.1250   -0.6118
    0.4512    0.7903   -0.4146
...   130 C-G ...
    9.4786  -72.1882   94.8869
   -0.0884   -0.5006   -0.8612
   -0.8807    0.4432   -0.1673
    0.4654    0.7436   -0.4800
...   131 A-T ...
   10.8720  -69.6946   93.2013
   -0.6070   -0.2361   -0.7588
   -0.6691    0.6671    0.3276
    0.4289    0.7065   -0.5629
...   132 A-T ...
   12.3767  -67.6270   91.2016
   -0.8768    0.1790   -0.4463
   -0.2169    0.6812    0.6992
    0.4292    0.7099   -0.5584
...   133 A-T ...
   13.7245  -65.5040   89.1518
   -0.8512    0.5243    0.0228
    0.3070    0.4621    0.8320
    0.4257    0.7152   -0.5543
...   134 T-A ...
   14.7283  -63.4123   86.8245
   -0.5924    0.6746    0.4405
    0.6886    0.1400    0.7115
    0.4183    0.7248   -0.5474
...   135 G-C ...
   15.7212  -61.4788   83.9377
    0.0342    0.7399    0.6718
    0.8637   -0.3601    0.3526
    0.5028    0.5682   -0.6514
...   136 T-A ...
   15.7740  -59.5465   80.8036
    0.5516    0.4996    0.6680
    0.6739   -0.7388   -0.0038
    0.4916    0.4523   -0.7442
...   137 G-C ...
   16.8281  -57.7076   78.2738
    0.8528   -0.0847    0.5152
    0.1508   -0.9047   -0.3984
    0.4999    0.4175   -0.7588
...   138 A-T ...
   18.4176  -55.5142   76.5362
    0.8547   -0.5007    0.1370
   -0.3189   -0.7148   -0.6224
    0.4096    0.4883   -0.7706
...   139 G-C ...
   20.4153  -54.2945   74.5496
    0.5847   -0.7389   -0.3350
   -0.7594   -0.3532   -0.5465
    0.2854    0.5739   -0.7676
...   140 C-G ...
   21.4164  -51.8108   72.7950
    0.1305   -0.7142   -0.6876
   -0.8897    0.2217   -0.3991
    0.4375    0.6639   -0.6065
...   141 G-C ...
   22.1407  -50.1331   67.4725
   -0.4682   -0.8748    0.1248
   -0.8495    0.4067   -0.3362
    0.2434   -0.2634   -0.9335
...   142 C-G ...
   22.3378  -51.2252   64.5019
   -0.8529   -0.5117   -0.1032
   -0.4974    0.8566   -0.1372
    0.1587   -0.0657   -0.9851
...   143 T-A ...
   24.0060  -51.6202   61.9333
   -0.9563    0.0399   -0.2897
    0.0522    0.9980   -0.0348
    0.2877   -0.0484   -0.9565
...   144 C-G ...
   24.8857  -52.7207   58.9948
   -0.7530    0.5560   -0.3520
    0.5213    0.8304    0.1966
    0.4016   -0.0355   -0.9151
...   145 A-T ...
   25.5174  -52.9610   55.8127
   -0.2441    0.9563   -0.1609
    0.8907    0.2867    0.3528
    0.3835   -0.0571   -0.9218
...   146 C-G ...
   25.2678  -52.4925   52.0871
    0.3203    0.9428   -0.0928
    0.8825   -0.2613    0.3910
    0.3444   -0.2071   -0.9157
...   147 A-T ...
   25.6134  -52.5732   48.6479
    0.8597    0.5097    0.0339
    0.4498   -0.7866    0.4230
    0.2423   -0.3484   -0.9055
