  147 base-pairs
...     1 T-A ...
    0.0000    0.0000    0.0000
    1.0000    0.0000    0.0000
    0.0000    1.0000    0.0000
    0.0000    0.0000    1.0000
...     2 G-C ...
   -0.5555   -1.1003    3.3981
    0.7749    0.6051    0.1828
   -0.5991    0.7953   -0.0929
   -0.2016   -0.0375    0.9787
...     3 T-A ...
   -0.6619   -3.0237    6.5348
    0.3046    0.9250    0.2271
   -0.8994    0.3578   -0.2510
   -0.3134   -0.1278    0.9410
...     4 G-C ...
   -1.1607   -3.8418    9.6940
   -0.3351    0.9421    0.0133
   -0.8752   -0.3061   -0.3746
   -0.3489   -0.1372    0.9271
...     5 A-T ...
   -1.3881   -3.6770   12.8999
   -0.7835    0.6162   -0.0801
   -0.5677   -0.7622   -0.3109
   -0.2527   -0.1981    0.9470
...     6 G-C ...
   -2.6236   -3.5448   15.7072
   -0.9923    0.0611   -0.1075
   -0.0294   -0.9610   -0.2748
   -0.1201   -0.2695    0.9555
...     7 C-G ...
   -2.3138   -3.7570   18.8866
   -0.8620   -0.4995   -0.0864
    0.5008   -0.8655    0.0073
   -0.0785   -0.0370    0.9962
...     8 G-C ...
   -3.9561   -6.8109   23.3205
   -0.2581   -0.3560   -0.8981
    0.6294   -0.7673    0.1233
   -0.7330   -0.5335    0.4221
...     9 C-G ...
   -6.1177   -8.9414   24.2385
    0.1143   -0.7320   -0.6716
    0.8123   -0.3203    0.4874
   -0.5720   -0.6013    0.5580
...    10 T-A ...
   -8.5041   -9.6771   26.0540
    0.4660   -0.8587   -0.2131
    0.6274    0.1508    0.7640
   -0.6239   -0.4897    0.6090
...    11 C-G ...
  -11.0625  -11.3174   27.2336
    0.6660   -0.6911    0.2808
    0.3382    0.6152    0.7121
   -0.6649   -0.3794    0.6435
...    12 A-T ...
  -13.0013  -13.1789   29.0658
    0.7188   -0.1490    0.6790
   -0.1787    0.9043    0.3876
   -0.6718   -0.4000    0.6235
...    13 C-G ...
  -14.1788  -15.9359   31.3399
    0.4052    0.2865    0.8682
   -0.5270    0.8492   -0.0343
   -0.7470   -0.4437    0.4951
...    14 A-T ...
  -15.9532  -18.1566   33.3080
   -0.1503    0.6873    0.7107
   -0.6106    0.5008   -0.6135
   -0.7776   -0.5261    0.3444
...    15 A-T ...
  -18.3675  -19.9928   34.4348
   -0.4549    0.8591    0.2346
   -0.4003    0.0380   -0.9156
   -0.7955   -0.5104    0.3266
...    16 T-A ...
  -20.7576  -21.5961   36.2174
   -0.6263    0.7291   -0.2760
   -0.0816   -0.4134   -0.9069
   -0.7753   -0.5454    0.3184
...    17 T-A ...
  -23.3017  -23.1703   37.5902
   -0.5779    0.3362   -0.7436
    0.3105   -0.7520   -0.5814
   -0.7547   -0.5669    0.3302
...    18 T-A ...
  -25.8503  -24.8210   38.6559
   -0.2763   -0.0966   -0.9562
    0.5678   -0.8191   -0.0813
   -0.7754   -0.5655    0.2811
...    19 A-T ...
  -28.3959  -26.7653   39.3000
    0.1544   -0.4183   -0.8951
    0.6058   -0.6756    0.4202
   -0.7805   -0.6072    0.1491
...    20 T-A ...
  -31.3185  -28.3197   39.3182
    0.4403   -0.6966   -0.5665
    0.4453   -0.3785    0.8115
   -0.7797   -0.6095    0.1435
...    21 T-A ...
  -33.9623  -30.2541   39.4544
    0.6201   -0.7841   -0.0276
    0.1172    0.0577    0.9914
   -0.7758   -0.6180    0.1277
...    22 C-G ...
  -36.4460  -32.3611   39.7864
    0.6035   -0.5907    0.5356
   -0.2707    0.4800    0.8345
   -0.7500   -0.6486    0.1298
...    23 G-C ...
  -38.9878  -34.3066   40.8105
    0.4533   -0.1384    0.8805
   -0.5939    0.6897    0.4142
   -0.6646   -0.7107    0.2305
...    24 C-G ...
  -40.8876  -36.8843   41.4574
    0.1177    0.2799    0.9528
   -0.7419    0.6625   -0.1030
   -0.6601   -0.6948    0.2856
...    25 A-T ...
  -43.3351  -38.9400   42.2132
   -0.2677    0.6473    0.7137
   -0.6859    0.3922   -0.6130
   -0.6767   -0.6536    0.3390
...    26 A-T ...
  -45.4406  -41.0831   43.5243
   -0.6034    0.7564    0.2527
   -0.4229   -0.0349   -0.9055
   -0.6761   -0.6532    0.3409
...    27 A-T ...
  -47.4781  -43.1467   44.9927
   -0.7486    0.5913   -0.3000
    0.0038   -0.4486   -0.8937
   -0.6631   -0.6702    0.3335
...    28 G-C ...
  -49.8703  -45.0212   46.4221
   -0.5979    0.3100   -0.7392
    0.3767   -0.7054   -0.6005
   -0.7075   -0.6375    0.3049
...    29 G-C ...
  -52.5831  -46.8654   47.4351
   -0.2338   -0.0738   -0.9695
    0.6322   -0.7691   -0.0939
   -0.7387   -0.6349    0.2265
...    30 C-G ...
  -55.2994  -48.6074   47.9411
    0.1827   -0.4329   -0.8827
    0.6455   -0.6244    0.4399
   -0.7416   -0.6502    0.1654
...    31 C-G ...
  -58.0263  -50.5169   48.3582
    0.5601   -0.6435   -0.5217
    0.4394   -0.3031    0.8456
   -0.7023   -0.7029    0.1129
...    32 G-C ...
  -59.9567  -52.8018   48.7953
    0.7785   -0.6251   -0.0565
    0.0894    0.0213    0.9958
   -0.6213   -0.7802    0.0724
...    33 G-C ...
  -61.6043  -55.7340   48.7340
    0.7461   -0.4610    0.4804
   -0.3656    0.3193    0.8743
   -0.5564   -0.8280    0.0697
...    34 C-G ...
  -63.0968  -58.6395   48.6789
    0.4648   -0.1739    0.8682
   -0.7167    0.5018    0.4842
   -0.5199   -0.8473    0.1085
...    35 C-G ...
  -64.3846  -61.7387   49.2182
    0.0420    0.1803    0.9827
   -0.8705    0.4893   -0.0526
   -0.4904   -0.8533    0.1775
...    36 C-G ...
  -65.7880  -64.6346   50.0364
   -0.4015    0.4559    0.7943
   -0.7822    0.2804   -0.5563
   -0.4764   -0.8447    0.2440
...    37 G-C ...
  -67.8021  -67.3007   50.2153
   -0.7201    0.5976    0.3525
   -0.4509   -0.0171   -0.8924
   -0.5273   -0.8016    0.2818
...    38 A-T ...
  -69.3794  -69.8670   51.1270
   -0.8457    0.4837   -0.2257
    0.0531   -0.3446   -0.9372
   -0.5311   -0.8046    0.2658
...    39 C-G ...
  -71.3890  -72.0813   52.3099
   -0.6808    0.2755   -0.6787
    0.4665   -0.5513   -0.6917
   -0.5647   -0.7876    0.2468
...    40 A-T ...
  -73.4258  -74.5864   53.0411
   -0.2632   -0.0125   -0.9647
    0.7571   -0.6224   -0.1985
   -0.5979   -0.7826    0.1733
...    41 C-G ...
  -75.8074  -76.8572   53.2924
    0.1695   -0.2867   -0.9429
    0.7840   -0.5405    0.3052
   -0.5971   -0.7910    0.1332
...    42 G-C ...
  -77.3941  -79.6783   53.9179
    0.6210   -0.4796   -0.6199
    0.5506   -0.2959    0.7806
   -0.5578   -0.8261    0.0803
...    43 A-T ...
  -79.2636  -82.1881   54.1941
    0.8320   -0.5510   -0.0654
    0.1120    0.0514    0.9924
   -0.5434   -0.8329    0.1045
...    44 C-G ...
  -80.9614  -84.9840   53.7966
    0.8065   -0.3928    0.4418
   -0.3369    0.3087    0.8895
   -0.4858   -0.8663    0.1166
...    45 T-A ...
  -82.1388  -88.3804   53.8372
    0.5249   -0.1050    0.8447
   -0.7240    0.4668    0.5079
   -0.4476   -0.8781    0.1690
...    46 T-A ...
  -83.2618  -91.3729   54.2110
    0.1405    0.1577    0.9774
   -0.8937    0.4451    0.0567
   -0.4261   -0.8815    0.2034
...    47 A-T ...
  -84.2945  -94.3228   55.2230
   -0.2468    0.5003    0.8299
   -0.8691    0.2646   -0.4180
   -0.4287   -0.8244    0.3695
...    48 C-G ...
  -85.1777  -97.0060   56.9506
   -0.6449    0.5921    0.4833
   -0.6321   -0.0577   -0.7728
   -0.4296   -0.8038    0.4114
...    49 T-A ...
  -86.3575  -99.4835   58.8632
   -0.8441    0.5362   -0.0044
   -0.2496   -0.4001   -0.8818
   -0.4746   -0.7432    0.4715
...    50 G-C ...
  -88.1549 -101.8853   60.3221
   -0.7980    0.2781   -0.5347
    0.2516   -0.6524   -0.7149
   -0.5477   -0.7050    0.4507
...    51 T-A ...
  -90.2051 -103.7153   61.9619
   -0.5579   -0.0796   -0.8260
    0.6144   -0.7088   -0.3466
   -0.5579   -0.7009    0.4444
...    52 A-T ...
  -91.7254 -106.2704   63.3942
   -0.0786   -0.5019   -0.8614
    0.8347   -0.5055    0.2184
   -0.5450   -0.7018    0.4587
...    53 G-C ...
  -93.7120 -108.3886   64.8224
    0.3719   -0.6299   -0.6818
    0.7803   -0.1857    0.5972
   -0.5028   -0.7541    0.4225
...    54 G-C ...
  -96.0548 -111.0604   65.6162
    0.7596   -0.5689   -0.3152
    0.4825    0.1679    0.8597
   -0.4362   -0.8051    0.4020
...    55 T-A ...
  -97.4678 -113.8283   66.4911
    0.9189   -0.3708    0.1346
    0.0435    0.4344    0.8997
   -0.3920   -0.8209    0.4153
...    56 A-T ...
  -98.4119 -117.0614   67.3393
    0.8523    0.0449    0.5211
   -0.4623    0.5305    0.7105
   -0.2446   -0.8465    0.4729
...    57 T-A ...
  -98.7035 -120.1004   68.4684
    0.5435    0.3358    0.7693
   -0.8151    0.4300    0.3882
   -0.2004   -0.8381    0.5074
...    58 C-G ...
  -98.9989 -122.9753   70.3150
   -0.0427    0.5697    0.8207
   -0.9847    0.1147   -0.1309
   -0.1687   -0.8138    0.5561
...    59 T-A ...
  -99.2921 -125.4873   72.3755
   -0.5250    0.6071    0.5965
   -0.8343   -0.2286   -0.5017
   -0.1682   -0.7610    0.6265
...    60 C-G ...
 -100.3264 -127.7505   74.4254
   -0.9036    0.3816    0.1946
   -0.4032   -0.6045   -0.6870
   -0.1446   -0.6993    0.7001
...    61 G-C ...
 -101.0589 -130.3193   76.2754
   -0.9747    0.0375   -0.2203
    0.1167   -0.7555   -0.6447
   -0.1906   -0.6541    0.7320
...    62 A-T ...
 -101.5502 -132.5858   78.6239
   -0.7168   -0.4209   -0.5559
    0.6733   -0.6253   -0.3946
   -0.1815   -0.6571    0.7316
...    63 G-C ...
 -102.2575 -134.6874   81.0380
   -0.2554   -0.6892   -0.6781
    0.9558   -0.2858   -0.0696
   -0.1458   -0.6659    0.7317
...    64 C-G ...
 -103.1752 -136.8750   83.5010
    0.3469   -0.7022   -0.6217
    0.9310    0.1775    0.3189
   -0.1136   -0.6895    0.7153
...    65 T-A ...
 -103.8227 -139.2680   85.7211
    0.7711   -0.4650   -0.4350
    0.6356    0.5213    0.5695
   -0.0380   -0.7156    0.6975
...    66 C-G ...
 -103.9931 -141.7982   87.9373
    0.9923   -0.0458   -0.1154
    0.1147    0.6946    0.7102
    0.0476   -0.7180    0.6944
...    67 G-C ...
 -103.4757 -143.8018   90.3280
    0.9009    0.4060    0.1535
   -0.3899    0.6017    0.6971
    0.1906   -0.6878    0.7004
...    68 G-C ...
 -102.5060 -146.0877   92.4949
    0.5428    0.7295    0.4162
   -0.7956    0.2878    0.5332
    0.2692   -0.6205    0.7366
...    69 G-C ...
 -101.0770 -147.8779   94.9660
    0.0096    0.8409    0.5411
   -0.9381   -0.1798    0.2960
    0.3462   -0.5105    0.7871
...    70 A-T ...
  -99.6823 -149.3824   97.5367
   -0.5405    0.5887    0.6011
   -0.7553   -0.6542   -0.0385
    0.3706   -0.4748    0.7983
...    71 T-A ...
  -98.1237 -150.3884  100.2757
   -0.8525    0.1696    0.4944
   -0.3630   -0.8727   -0.3266
    0.3760   -0.4579    0.8055
...    72 C-G ...
  -96.8986 -151.6379  103.1405
   -0.8866   -0.4033    0.2263
    0.2216   -0.7999   -0.5577
    0.4059   -0.4443    0.7986
...    73 C-G ...
  -95.7571 -153.0190  105.9095
   -0.6627   -0.7357   -0.1400
    0.6553   -0.4792   -0.5839
    0.3625   -0.4787    0.7996
...    74 G-C ...
  -94.2097 -154.7537  108.1848
   -0.2126   -0.8418   -0.4961
    0.9083    0.0169   -0.4179
    0.3602   -0.5395    0.7611
...    75 C-G ...
  -93.3848 -156.5499  111.0263
    0.3290   -0.6674   -0.6681
    0.8519    0.5150   -0.0949
    0.4075   -0.5379    0.7380
...    76 T-A ...
  -92.3590 -158.5925  113.5608
    0.7105   -0.2366   -0.6628
    0.5247    0.8057    0.2748
    0.4690   -0.5430    0.6966
...    77 T-A ...
  -90.8851 -160.6672  115.5411
    0.8540    0.2690   -0.4453
    0.0468    0.8128    0.5807
    0.5181   -0.5168    0.6816
...    78 T-A ...
  -89.0906 -162.3149  117.6006
    0.6841    0.7146   -0.1462
   -0.3993    0.5347    0.7448
    0.6104   -0.4511    0.6511
...    79 A-T ...
  -86.5672 -163.4832  119.5424
    0.2052    0.9732    0.1035
   -0.6370    0.0525    0.7691
    0.7430   -0.2237    0.6307
...    80 A-T ...
  -84.0440 -163.9805  121.3262
   -0.2125    0.8722    0.4406
   -0.6032   -0.4719    0.6431
    0.7688   -0.1291    0.6263
...    81 C-G ...
  -81.1780 -163.8113  123.0222
   -0.4879    0.5027    0.7136
   -0.3751   -0.8589    0.3486
    0.7882   -0.0975    0.6077
...    82 A-T ...
  -78.6701 -163.9355  125.2159
   -0.6458   -0.0741    0.7599
    0.0011   -0.9954   -0.0961
    0.7635   -0.0612    0.6429
...    83 C-G ...
  -76.2810 -163.4480  127.6077
   -0.5424   -0.5840    0.6039
    0.3432   -0.8101   -0.4752
    0.7668   -0.0505    0.6399
...    84 T-A ...
  -73.9746 -163.1580  130.4417
   -0.2368   -0.9329    0.2714
    0.5661   -0.3596   -0.7418
    0.7896   -0.0220    0.6132
...    85 T-A ...
  -71.6616 -163.1343  132.7342
    0.1766   -0.9687   -0.1745
    0.5745    0.2454   -0.7809
    0.7993    0.0376    0.5998
...    86 T-A ...
  -69.2233 -163.0573  134.8926
    0.4709   -0.6608   -0.5845
    0.3544    0.7484   -0.5606
    0.8079    0.0569    0.5866
...    87 A-T ...
  -66.4445 -162.7279  136.6057
    0.4791   -0.1707   -0.8610
    0.0379    0.9840   -0.1740
    0.8769    0.0508    0.4779
...    88 T-A ...
  -63.5475 -163.2454  138.0590
    0.3949    0.3423   -0.8526
   -0.2156    0.9366    0.2762
    0.8931    0.0747    0.4436
...    89 T-A ...
  -60.5290 -163.2020  139.3207
    0.1510    0.7799   -0.6075
   -0.3812    0.6129    0.6921
    0.9121    0.1271    0.3899
...    90 C-G ...
  -57.7249 -162.2199  140.4509
   -0.1822    0.9691   -0.1664
   -0.3306    0.0990    0.9386
    0.9260    0.2260    0.3023
...    91 A-T ...
  -54.3676 -161.2175  140.4805
   -0.4379    0.8545    0.2794
   -0.0577   -0.3368    0.9398
    0.8972    0.3954    0.1967
...    92 T-A ...
  -51.5597 -159.5926  140.7043
   -0.4400    0.5622    0.7002
    0.1902   -0.7037    0.6845
    0.8776    0.4344    0.2027
...    93 G-C ...
  -48.7384 -157.8394  141.2853
   -0.2581    0.0244    0.9658
    0.4423   -0.8858    0.1406
    0.8589    0.4634    0.2179
...    94 T-A ...
  -46.1621 -155.7383  141.9810
    0.0556   -0.4518    0.8904
    0.5037   -0.7573   -0.4157
    0.8621    0.4716    0.1854
...    95 T-A ...
  -43.5172 -153.9961  142.6079
    0.3854   -0.7793    0.4940
    0.3650   -0.3630   -0.8573
    0.8475    0.5108    0.1446
...    96 A-T ...
  -40.6016 -152.2143  142.6365
    0.5469   -0.8223   -0.1574
   -0.0022    0.1866   -0.9824
    0.8372    0.5376    0.1002
...    97 T-A ...
  -37.8591 -150.7516  143.5728
    0.4748   -0.6169   -0.6277
   -0.2989    0.5579   -0.7743
    0.8278    0.5552    0.0805
...    98 A-T ...
  -35.1833 -148.7885  143.6075
    0.1392   -0.2518   -0.9577
   -0.5061    0.8132   -0.2874
    0.8512    0.5247   -0.0143
...    99 A-T ...
  -32.4159 -147.3115  143.4206
   -0.2169    0.1703   -0.9612
   -0.4936    0.8304    0.2585
    0.8422    0.5305   -0.0961
...   100 C-G ...
  -29.3998 -146.0759  142.5550
   -0.4930    0.5531   -0.6716
   -0.2908    0.6227    0.7264
    0.8200    0.5534   -0.1462
...   101 G-C ...
  -27.1221 -143.7844  142.0843
   -0.7022    0.6930   -0.1633
    0.0722    0.2976    0.9520
    0.7083    0.6567   -0.2590
...   102 G-C ...
  -25.3917 -141.1628  141.0535
   -0.6390    0.6667    0.3837
    0.4865   -0.0362    0.8730
    0.5959    0.7444   -0.3012
...   103 A-T ...
  -23.7154 -138.5150  140.1332
   -0.2304    0.5199    0.8226
    0.7980   -0.3828    0.4655
    0.5569    0.7636   -0.3267
...   104 G-C ...
  -22.0563 -135.8675  139.0094
    0.2222    0.2297    0.9476
    0.8055   -0.5908   -0.0456
    0.5494    0.7734   -0.3163
...   105 C-G ...
  -20.4794 -132.9473  138.0856
    0.6476   -0.1742    0.7418
    0.5218   -0.6081   -0.5983
    0.5553    0.7745   -0.3029
...   106 T-A ...
  -18.6361 -130.0904  137.4739
    0.8233   -0.5002    0.2681
    0.0698   -0.3796   -0.9225
    0.5632    0.7782   -0.2777
...   107 T-A ...
  -16.8073 -127.5428  136.7809
    0.7053   -0.6474   -0.2887
   -0.4086   -0.0386   -0.9119
    0.5792    0.7611   -0.2918
...   108 C-G ...
  -14.7074 -125.0989  135.9343
    0.3041   -0.5861   -0.7510
   -0.7453    0.3446   -0.5708
    0.5933    0.7333   -0.3320
...   109 C-G ...
  -12.7033 -122.6710  134.9853
   -0.2079   -0.4192   -0.8837
   -0.7974    0.5959   -0.0950
    0.5664    0.6850   -0.4582
...   110 G-C ...
  -11.2607 -120.4445  133.4076
   -0.6546   -0.1501   -0.7410
   -0.5664    0.7465    0.3492
    0.5007    0.6483   -0.5736
...   111 G-C ...
   -9.8596 -118.5201  131.0439
   -0.8972    0.2273   -0.3787
   -0.0968    0.7354    0.6707
    0.4309    0.6384   -0.6377
...   112 C-G ...
   -8.8381 -116.6983  128.4038
   -0.8211    0.5649    0.0817
    0.4230    0.5061    0.7517
    0.3833    0.6518   -0.6545
...   113 T-A ...
   -7.7930 -114.6405  126.0278
   -0.4922    0.7172    0.4933
    0.8039    0.1572    0.5736
    0.3338    0.6788   -0.6540
...   114 C-G ...
   -6.6889 -112.2441  124.0625
    0.0623    0.6568    0.7515
    0.9559   -0.2559    0.1444
    0.2871    0.7093   -0.6437
...   115 G-C ...
   -5.2995 -110.0730  121.9734
    0.5954    0.3451    0.7255
    0.7454   -0.5743   -0.3386
    0.2998    0.7424   -0.5992
...   116 T-A ...
   -4.4642 -107.2285  120.4891
    0.8907   -0.0398    0.4528
    0.3148   -0.6647   -0.6775
    0.3280    0.7460   -0.5795
...   117 A-T ...
   -3.3128 -104.4327  118.9084
    0.8884   -0.4591    0.0007
   -0.2593   -0.5030   -0.8245
    0.3789    0.7323   -0.5659
...   118 T-A ...
   -1.7919 -101.8290  117.6724
    0.6408   -0.6403   -0.4235
   -0.6757   -0.2085   -0.7071
    0.3644    0.7393   -0.5663
...   119 A-T ...
   -0.8251  -99.3476  115.5816
    0.0862   -0.6503   -0.7547
   -0.9233    0.2324   -0.3057
    0.3742    0.7232   -0.5804
...   120 A-T ...
    0.6667  -97.1794  113.6869
   -0.4604   -0.4269   -0.7783
   -0.8097    0.5613    0.1712
    0.3638    0.7090   -0.6041
...   121 T-A ...
    2.2731  -95.3110  111.4384
   -0.8147   -0.0750   -0.5750
   -0.4526    0.7021    0.5497
    0.3625    0.7081   -0.6059
...   122 G-C ...
    3.4377  -93.0143  109.1224
   -0.9543    0.2853   -0.0884
    0.1149    0.6237    0.7732
    0.2758    0.7277   -0.6280
...   123 T-A ...
    4.0677  -90.8969  106.6988
   -0.7734    0.5449    0.3239
    0.5793    0.4000    0.7102
    0.2575    0.7369   -0.6251
...   124 G-C ...
    4.7480  -88.3944  104.5686
   -0.3213    0.6136    0.7213
    0.9254    0.0418    0.3767
    0.2010    0.7885   -0.5813
...   125 T-A ...
    4.8859  -85.8770  102.5740
    0.1944    0.5076    0.8393
    0.9607   -0.2714   -0.0584
    0.1982    0.8177   -0.5405
...   126 C-G ...
    5.4840  -83.2140  100.9679
    0.7203    0.2545    0.6453
    0.6687   -0.5025   -0.5481
    0.1848    0.8263   -0.5321
...   127 G-C ...
    6.5424  -80.7830   98.9695
    0.9255   -0.1664    0.3403
    0.2119   -0.5173   -0.8292
    0.3141    0.8395   -0.4434
...   128 A-T ...
    7.4740  -78.0802   97.5950
    0.8723   -0.4414   -0.2106
   -0.3753   -0.3280   -0.8669
    0.3135    0.8352   -0.4518
...   129 C-G ...
    8.9238  -75.2239   96.7783
    0.5277   -0.5804   -0.6202
   -0.7763   -0.0330   -0.6295
    0.3449    0.8137   -0.4680
...   130 C-G ...
   10.6312  -72.7355   95.1747
    0.0031   -0.5823   -0.8130
   -0.9219    0.3132   -0.2278
    0.3873    0.7502   -0.5358
...   131 A-T ...
   11.1817  -69.9134   93.3946
   -0.5630   -0.3239   -0.7603
   -0.7430    0.6012    0.2940
    0.3619    0.7305   -0.5792
...   132 A-T ...
   12.4312  -67.6754   91.3299
   -0.8839    0.0898   -0.4590
   -0.2837    0.6771    0.6790
    0.3718    0.7304   -0.5730
...   133 A-T ...
   13.7048  -65.5602   89.1659
   -0.8641    0.5033    0.0065
    0.2833    0.4757    0.8327
    0.4160    0.7214   -0.5536
...   134 T-A ...
   14.7282  -63.4123   86.8245
   -0.5924    0.6746    0.4405
    0.6886    0.1400    0.7115
    0.4183    0.7248   -0.5474
...   135 G-C ...
   15.7210  -61.4788   83.9378
    0.0342    0.7399    0.6718
    0.8637   -0.3601    0.3526
    0.5028    0.5682   -0.6514
...   136 T-A ...
   15.7738  -59.5464   80.8037
    0.5516    0.4996    0.6680
    0.6739   -0.7388   -0.0038
    0.4916    0.4523   -0.7442
...   137 G-C ...
   16.8279  -57.7076   78.2738
    0.8528   -0.0847    0.5152
    0.1508   -0.9047   -0.3984
    0.4999    0.4175   -0.7588
...   138 A-T ...
   18.4175  -55.5141   76.5363
    0.8547   -0.5007    0.1370
   -0.3189   -0.7148   -0.6224
    0.4096    0.4883   -0.7706
...   139 G-C ...
   20.4151  -54.2945   74.5497
    0.5847   -0.7389   -0.3350
   -0.7594   -0.3532   -0.5465
    0.2854    0.5739   -0.7676
...   140 C-G ...
   21.4162  -51.8107   72.7950
    0.1305   -0.7142   -0.6876
   -0.8897    0.2217   -0.3991
    0.4375    0.6639   -0.6065
...   141 G-C ...
   22.1405  -50.1330   67.4725
   -0.4682   -0.8748    0.1248
   -0.8495    0.4067   -0.3362
    0.2434   -0.2634   -0.9335
...   142 C-G ...
   22.3376  -51.2252   64.5019
   -0.8529   -0.5117   -0.1032
   -0.4974    0.8566   -0.1372
    0.1587   -0.0657   -0.9851
...   143 T-A ...
   24.0058  -51.6201   61.9333
   -0.9563    0.0399   -0.2897
    0.0522    0.9980   -0.0348
    0.2877   -0.0484   -0.9565
...   144 C-G ...
   24.8856  -52.7207   58.9948
   -0.7530    0.5560   -0.3520
    0.5213    0.8304    0.1966
    0.4016   -0.0355   -0.9151
...   145 A-T ...
   25.5172  -52.9610   55.8128
   -0.2441    0.9563   -0.1609
    0.8907    0.2867    0.3528
    0.3835   -0.0571   -0.9218
...   146 C-G ...
   25.2676  -52.4925   52.0871
    0.3203    0.9428   -0.0928
    0.8825   -0.2613    0.3910
    0.3444   -0.2071   -0.9157
...   147 A-T ...
   25.6132  -52.5732   48.6479
    0.8597    0.5097    0.0339
    0.4498   -0.7866    0.4230
    0.2423   -0.3484   -0.9055
