  147 base-pairs
...     1 T-A ...
    0.0000    0.0000    0.0000
    1.0000    0.0000    0.0000
    0.0000    1.0000    0.0000
    0.0000    0.0000    1.0000
...     2 G-C ...
   -0.5555   -1.1003    3.3981
    0.7749    0.6051    0.1828
   -0.5991    0.7953   -0.0929
   -0.2016   -0.0375    0.9787
...     3 T-A ...
   -0.6619   -3.0237    6.5348
    0.3046    0.9250    0.2271
   -0.8994    0.3578   -0.2510
   -0.3134   -0.1278    0.9410
...     4 G-C ...
   -1.1607   -3.8418    9.6940
   -0.3351    0.9421    0.0133
   -0.8752   -0.3061   -0.3746
   -0.3489   -0.1372    0.9271
...     5 A-T ...
   -1.3881   -3.6770   12.8999
   -0.7835    0.6162   -0.0801
   -0.5677   -0.7622   -0.3109
   -0.2527   -0.1981    0.9470
...     6 G-C ...
   -2.6236   -3.5448   15.7072
   -0.9923    0.0611   -0.1075
   -0.0294   -0.9610   -0.2748
   -0.1201   -0.2695    0.9555
...     7 C-G ...
   -2.3138   -3.7570   18.8866
   -0.8620   -0.4995   -0.0864
    0.5008   -0.8655    0.0073
   -0.0785   -0.0370    0.9962
...     8 G-C ...
   -3.9561   -6.8109   23.3205
   -0.2581   -0.3560   -0.8981
    0.6294   -0.7673    0.1233
   -0.7330   -0.5335    0.4221
...     9 C-G ...
   -6.1177   -8.9414   24.2385
    0.1143   -0.7320   -0.6716
    0.8123   -0.3203    0.4874
   -0.5720   -0.6013    0.5580
...    10 T-A ...
   -8.5041   -9.6771   26.0540
    0.4660   -0.8587   -0.2131
    0.6274    0.1508    0.7640
   -0.6239   -0.4897    0.6090
...    11 C-G ...
  -11.0625  -11.3174   27.2336
    0.6660   -0.6911    0.2808
    0.3382    0.6152    0.7121
   -0.6649   -0.3794    0.6435
...    12 A-T ...
  -13.0013  -13.1789   29.0658
    0.7188   -0.1490    0.6790
   -0.1787    0.9043    0.3876
   -0.6718   -0.4000    0.6235
...    13 C-G ...
  -14.1788  -15.9359   31.3399
    0.4052    0.2865    0.8682
   -0.5270    0.8492   -0.0343
   -0.7470   -0.4437    0.4951
...    14 A-T ...
  -15.9532  -18.1566   33.3080
   -0.1503    0.6873    0.7107
   -0.6106    0.5008   -0.6135
   -0.7776   -0.5261    0.3444
...    15 A-T ...
  -18.3597  -19.9930   34.4594
   -0.4656    0.8540    0.2322
   -0.3994    0.0313   -0.9162
   -0.7897   -0.5193    0.3265
...    16 T-A ...
  -20.7325  -21.6328   36.2434
   -0.6386    0.7168   -0.2799
   -0.0723   -0.4180   -0.9056
   -0.7661   -0.5581    0.3188
...    17 T-A ...
  -23.2423  -23.2566   37.6183
   -0.5849    0.3179   -0.7462
    0.3299   -0.7471   -0.5770
   -0.7409   -0.5837    0.3321
...    18 T-A ...
  -25.7455  -24.9726   38.7119
   -0.2740   -0.1171   -0.9546
    0.5937   -0.8014   -0.0721
   -0.7566   -0.5865    0.2891
...    19 A-T ...
  -28.1967  -27.0253   39.4161
    0.1707   -0.4324   -0.8854
    0.6321   -0.6413    0.4350
   -0.7559   -0.6339    0.1638
...    20 T-A ...
  -31.0451  -28.7033   39.4693
    0.4731   -0.6884   -0.5498
    0.4601   -0.3392    0.8205
   -0.7513   -0.6411    0.1563
...    21 T-A ...
  -33.5877  -30.7624   39.6544
    0.6614   -0.7500   -0.0101
    0.1114    0.0850    0.9901
   -0.7417   -0.6560    0.1397
...    22 C-G ...
  -35.9382  -33.0082   40.0412
    0.6350   -0.5423    0.5502
   -0.3017    0.4816    0.8228
   -0.7112   -0.6885    0.1422
...    23 G-C ...
  -38.3129  -35.1267   41.1518
    0.4562   -0.0900    0.8853
   -0.6437    0.6536    0.3981
   -0.6145   -0.7515    0.2402
...    24 C-G ...
  -40.0226  -37.8235   41.8564
    0.0886    0.3048    0.9483
   -0.7881    0.6037   -0.1204
   -0.6092   -0.7367    0.2937
...    25 A-T ...
  -42.3565  -40.0238   42.6347
   -0.3375    0.6337    0.6960
   -0.7049    0.3199   -0.6331
   -0.6239   -0.7043    0.3387
...    26 A-T ...
  -44.2898  -42.3283   43.9481
   -0.6804    0.6981    0.2229
   -0.3931   -0.0911   -0.9150
   -0.6184   -0.7102    0.3364
...    27 A-T ...
  -46.1513  -44.5756   45.3914
   -0.7977    0.5022   -0.3339
    0.0803   -0.4604   -0.8841
   -0.5977   -0.7320    0.3269
...    28 G-C ...
  -48.3662  -46.6909   46.7815
   -0.6024    0.2250   -0.7658
    0.4763   -0.6686   -0.5711
   -0.6405   -0.7087    0.2956
...    29 G-C ...
  -50.8596  -48.8429   47.7628
   -0.1833   -0.1219   -0.9755
    0.7240   -0.6880   -0.0501
   -0.6650   -0.7155    0.2144
...    30 C-G ...
  -53.3586  -50.8968   48.2360
    0.2751   -0.4253   -0.8622
    0.6988   -0.5274    0.4832
   -0.6603   -0.7355    0.1521
...    31 C-G ...
  -55.8130  -53.1481   48.5894
    0.6636   -0.5757   -0.4777
    0.4323   -0.2261    0.8729
   -0.6106   -0.7858    0.0988
...    32 G-C ...
  -57.4336  -55.6840   49.0022
    0.8566   -0.5159    0.0020
    0.0293    0.0525    0.9982
   -0.5151   -0.8550    0.0601
...    33 G-C ...
  -58.6594  -58.8173   48.9506
    0.7710   -0.3460    0.5347
   -0.4580    0.2821    0.8430
   -0.4425   -0.8948    0.0590
...    34 C-G ...
  -59.7152  -61.9134   48.9190
    0.4243   -0.0932    0.9007
   -0.8108    0.4038    0.4237
   -0.4032   -0.9101    0.0957
...    35 C-G ...
  -60.6098  -65.1506   49.4745
   -0.0617    0.1944    0.9790
   -0.9251    0.3570   -0.1292
   -0.3746   -0.9136    0.1578
...    36 C-G ...
  -61.6463  -68.2239   50.2509
   -0.5334    0.3981    0.7463
   -0.7630    0.1544   -0.6277
   -0.3651   -0.9043    0.2214
...    37 G-C ...
  -63.2787  -71.1857   50.2455
   -0.8359    0.4796    0.2669
   -0.3509   -0.0930   -0.9318
   -0.4221   -0.8725    0.2460
...    38 A-T ...
  -64.5091  -73.9734   51.0498
   -0.8829    0.3420   -0.3217
    0.2045   -0.3367   -0.9191
   -0.4227   -0.8773    0.2273
...    39 C-G ...
  -66.2472  -76.4820   52.0649
   -0.6376    0.1593   -0.7537
    0.6213   -0.4722   -0.6253
   -0.4555   -0.8670    0.2021
...    40 A-T ...
  -67.9121  -79.2974   52.6300
   -0.1435   -0.0602   -0.9878
    0.8659   -0.4909   -0.0959
   -0.4791   -0.8691    0.1225
...    41 C-G ...
  -69.9000  -81.9280   52.6600
    0.3290   -0.2567   -0.9088
    0.8185   -0.4025    0.4100
   -0.4710   -0.8787    0.0777
...    42 G-C ...
  -71.0587  -84.9882   53.1405
    0.7679   -0.3688   -0.5238
    0.4839   -0.2018    0.8515
   -0.4197   -0.9073    0.0235
...    43 A-T ...
  -72.4945  -87.7905   53.2096
    0.9120   -0.4057    0.0597
   -0.0363    0.0651    0.9972
   -0.4085   -0.9117    0.0447
...    44 C-G ...
  -73.6422  -90.8300   52.6455
    0.7875   -0.2568    0.5603
   -0.5079    0.2445    0.8260
   -0.3491   -0.9350    0.0621
...    45 T-A ...
  -74.2496  -94.3782   52.5665
    0.3984   -0.0249    0.9169
   -0.8604    0.3363    0.3830
   -0.3179   -0.9414    0.1126
...    46 T-A ...
  -74.9243  -97.5209   52.8056
   -0.0560    0.1635    0.9850
   -0.9504    0.2936   -0.1028
   -0.3060   -0.9419    0.1389
...    47 A-T ...
  -75.7670 -100.6119   53.5586
   -0.5059    0.4132    0.7572
   -0.7929    0.1227   -0.5968
   -0.3395   -0.9023    0.2655
...    48 C-G ...
  -76.4896 -103.4979   55.0341
   -0.8347    0.4417    0.3289
   -0.4240   -0.1342   -0.8957
   -0.3515   -0.8871    0.2993
...    49 T-A ...
  -77.6059 -106.2531   56.5851
   -0.9068    0.3716   -0.1990
    0.0420   -0.3901   -0.9198
   -0.4195   -0.8425    0.3381
...    50 G-C ...
  -79.1982 -109.0304   57.5466
   -0.6864    0.1603   -0.7094
    0.5343   -0.5506   -0.6414
   -0.4934   -0.8192    0.2923
...    51 T-A ...
  -81.1887 -111.3026   58.6113
   -0.3157   -0.1227   -0.9409
    0.8036   -0.5618   -0.1964
   -0.5045   -0.8181    0.2760
...    52 A-T ...
  -82.5996 -114.1528   59.4892
    0.2352   -0.4214   -0.8759
    0.8350   -0.3737    0.4039
   -0.4975   -0.8263    0.2640
...    53 G-C ...
  -84.4402 -116.7117   60.2340
    0.6486   -0.4823   -0.5889
    0.6215   -0.1112    0.7755
   -0.4395   -0.8689    0.2276
...    54 G-C ...
  -86.3243 -119.8276   60.2066
    0.9116   -0.3930   -0.1205
    0.1941    0.1531    0.9690
   -0.3623   -0.9067    0.2158
...    55 T-A ...
  -87.3473 -122.8875   60.4725
    0.9008   -0.2244    0.3718
   -0.2884    0.3309    0.8985
   -0.3247   -0.9166    0.2333
...    56 A-T ...
  -87.8832 -126.2888   60.8365
    0.6398    0.1158    0.7597
   -0.7395    0.3616    0.5677
   -0.2090   -0.9251    0.3171
...    57 T-A ...
  -87.9234 -129.4625   61.5953
    0.2120    0.3134    0.9257
   -0.9597    0.2458    0.1365
   -0.1848   -0.9173    0.3528
...    58 C-G ...
  -88.2355 -132.5654   63.0111
   -0.4027    0.4376    0.8040
   -0.8981   -0.0190   -0.4395
   -0.1771   -0.8990    0.4006
...    59 T-A ...
  -88.6835 -135.3701   64.6487
   -0.7941    0.4256    0.4338
   -0.5710   -0.2780   -0.7725
   -0.2082   -0.8611    0.4638
...    60 C-G ...
  -89.7902 -138.0817   66.0336
   -0.9746    0.2021   -0.0961
   -0.0291   -0.5403   -0.8410
   -0.2219   -0.8169    0.5324
...    61 G-C ...
  -90.5546 -141.0189   67.2386
   -0.8314   -0.0657   -0.5518
    0.4723   -0.6068   -0.6393
   -0.2929   -0.7921    0.5355
...    62 A-T ...
  -91.3382 -143.7121   68.9745
   -0.3891   -0.4068   -0.8265
    0.8761   -0.4408   -0.1955
   -0.2848   -0.8001    0.5279
...    63 G-C ...
  -92.4233 -146.3193   70.6545
    0.1329   -0.5707   -0.8103
    0.9578   -0.1362    0.2531
   -0.2548   -0.8098    0.5285
...    64 C-G ...
  -93.6905 -149.0635   72.2538
    0.6701   -0.5118   -0.5376
    0.7097    0.2297    0.6660
   -0.2174   -0.8278    0.5172
...    65 T-A ...
  -94.5875 -151.9207   73.7087
    0.9500   -0.2624   -0.1694
    0.2790    0.4691    0.8379
   -0.1404   -0.8433    0.5188
...    66 C-G ...
  -95.2185 -154.7445   75.3203
    0.9482    0.1099    0.2981
   -0.3071    0.5582    0.7708
   -0.0817   -0.8224    0.5630
...    67 T-A ...
  -95.1403 -157.5199   77.0592
    0.6721    0.4630    0.5779
   -0.7404    0.4071    0.5349
    0.0123   -0.7873    0.6164
...    68 C-G ...
  -94.7010 -159.8054   79.3078
    0.1555    0.6847    0.7120
   -0.9831    0.0369    0.1792
    0.0964   -0.7279    0.6789
...    69 A-T ...
  -93.5153 -162.1072   81.6153
   -0.3660    0.7022    0.6107
   -0.9130   -0.3981   -0.0895
    0.1803   -0.5904    0.7868
...    70 T-A ...
  -92.5801 -163.6442   84.3110
   -0.7737    0.4418    0.4540
   -0.6117   -0.7073   -0.3543
    0.1646   -0.5519    0.8175
...    71 G-C ...
  -92.0416 -165.2455   87.2220
   -0.9904   -0.0445    0.1307
   -0.0300   -0.8547   -0.5183
    0.1348   -0.5173    0.8451
...    72 T-A ...
  -91.6923 -166.4601   90.3660
   -0.8403   -0.5215   -0.1478
    0.5172   -0.6899   -0.5065
    0.1622   -0.5021    0.8495
...    73 T-A ...
  -91.2728 -167.8940   93.2324
   -0.3725   -0.8581   -0.3533
    0.9062   -0.2544   -0.3377
    0.1999   -0.4459    0.8724
...    74 A-T ...
  -90.2198 -169.2902   96.1802
    0.3045   -0.8396   -0.4499
    0.9216    0.3791   -0.0838
    0.2409   -0.3891    0.8892
...    75 T-A ...
  -90.0147 -170.8939   98.9998
    0.7255   -0.5418   -0.4244
    0.6381    0.7605    0.1198
    0.2578   -0.3578    0.8975
...    76 A-T ...
  -89.0350 -171.9906  101.9699
    0.9227    0.0102   -0.3854
    0.1291    0.9338    0.3338
    0.3633   -0.3577    0.8603
...    77 A-T ...
  -87.7838 -173.2480  104.5467
    0.8172    0.5214   -0.2457
   -0.3598    0.7944    0.4894
    0.4503   -0.3115    0.8368
...    78 C-G ...
  -85.7752 -174.6053  106.8434
    0.4713    0.8816   -0.0234
   -0.7254    0.4026    0.5583
    0.5016   -0.2462    0.8293
...    79 G-C ...
  -84.2708 -174.7213  109.7300
   -0.0625    0.9960    0.0644
   -0.8114   -0.0883    0.5778
    0.5811   -0.0161    0.8137
...    80 G-C ...
  -82.4876 -173.7881  112.3680
   -0.5456    0.8018    0.2440
   -0.5934   -0.5752    0.5630
    0.5918    0.1624    0.7896
...    81 A-T ...
  -80.8408 -172.8090  115.0101
   -0.7858    0.3153    0.5321
   -0.1129   -0.9190    0.3778
    0.6081    0.2367    0.7577
...    82 G-C ...
  -78.8857 -171.6456  117.3583
   -0.7424   -0.2124    0.6354
    0.3334   -0.9397    0.0755
    0.5811    0.2679    0.7685
...    83 G-C ...
  -77.1336 -170.4834  120.0398
   -0.4294   -0.7108    0.5571
    0.7035   -0.6501   -0.2872
    0.5663    0.2686    0.7792
...    84 G-C ...
  -75.3936 -169.4964  122.7144
   -0.0058   -0.9674    0.2533
    0.8301   -0.1459   -0.5381
    0.5575    0.2072    0.8039
...    85 A-T ...
  -73.7750 -168.6893  125.5608
    0.5088   -0.8530   -0.1164
    0.6460    0.4676   -0.6033
    0.5690    0.2317    0.7890
...    86 T-A ...
  -72.2157 -168.3417  128.4523
    0.7573   -0.4898   -0.4319
    0.2782    0.8403   -0.4653
    0.5908    0.2322    0.7727
...    87 C-G ...
  -70.2257 -167.7695  131.0166
    0.7460    0.0826   -0.6608
   -0.2269    0.9644   -0.1356
    0.6261    0.2511    0.7382
...    88 C-G ...
  -68.3567 -167.0798  133.6452
    0.4040    0.5079   -0.7608
   -0.5882    0.7812    0.2092
    0.7006    0.3629    0.6143
...    89 G-C ...
  -66.2075 -165.3944  135.5579
   -0.1058    0.7512   -0.6515
   -0.6697    0.4305    0.6052
    0.7351    0.5003    0.4575
...    90 C-G ...
  -63.4104 -163.6033  136.5285
   -0.4903    0.8468   -0.2064
   -0.4618   -0.0516    0.8855
    0.7392    0.5294    0.4163
...    91 T-A ...
  -61.0393 -161.1758  137.4261
   -0.6720    0.6648    0.3264
   -0.0355   -0.4692    0.8824
    0.7397    0.5813    0.3389
...    92 T-A ...
  -58.6984 -159.0253  138.2037
   -0.5225    0.2942    0.8003
    0.3804   -0.7596    0.5276
    0.7631    0.5801    0.2849
...    93 T-A ...
  -56.3758 -156.8157  138.8933
   -0.1511   -0.1575    0.9759
    0.6037   -0.7964   -0.0350
    0.7827    0.5839    0.2154
...    94 A-T ...
  -53.3163 -155.4775  138.9636
    0.3828   -0.5126    0.7685
    0.5231   -0.5654   -0.6377
    0.7614    0.6462    0.0517
...    95 A-T ...
  -50.9839 -153.2633  139.1777
    0.6431   -0.7176    0.2674
    0.1745   -0.2026   -0.9636
    0.7457    0.6663   -0.0051
...    96 C-G ...
  -48.5192 -151.0322  139.7321
    0.6301   -0.7194   -0.2921
   -0.2161    0.1988   -0.9559
    0.7458    0.6655   -0.0302
...    97 A-T ...
  -46.0201 -148.8589  139.6237
    0.3224   -0.5450   -0.7739
   -0.5444    0.5621   -0.6227
    0.7744    0.6221   -0.1155
...    98 C-G ...
  -43.0605 -147.3573  139.3063
   -0.0378   -0.2141   -0.9761
   -0.6326    0.7613   -0.1425
    0.7736    0.6120   -0.1642
...    99 T-A ...
  -40.0537 -145.6884  138.3797
   -0.4658    0.1810   -0.8662
   -0.4938    0.7592    0.4241
    0.7344    0.6252   -0.2642
...   100 T-A ...
  -37.6188 -143.9042  137.1893
   -0.6798    0.5626   -0.4705
   -0.1372    0.5327    0.8351
    0.7205    0.6323   -0.2849
...   101 T-A ...
  -35.3680 -141.8976  136.0370
   -0.6680    0.7397    0.0814
    0.2763    0.1450    0.9501
    0.6909    0.6572   -0.3013
...   102 A-T ...
  -33.1045 -139.5901  135.1254
   -0.4059    0.6582    0.6340
    0.6379   -0.2928    0.7123
    0.6545    0.6936   -0.3010
...   103 T-A ...
  -31.5695 -137.0842  133.6825
   -0.0715    0.4285    0.9007
    0.7711   -0.5491    0.3224
    0.6327    0.7176   -0.2911
...   104 G-C ...
  -29.6518 -134.4998  132.8786
    0.3554   -0.0556    0.9331
    0.6808   -0.6686   -0.2992
    0.6405    0.7415   -0.1998
...   105 C-G ...
  -27.6581 -131.8734  132.5560
    0.6596   -0.4326    0.6146
    0.3627   -0.5330   -0.7644
    0.6583    0.7272   -0.1947
...   106 T-A ...
  -25.4121 -129.2720  132.3425
    0.7370   -0.6716    0.0757
   -0.0626   -0.1794   -0.9818
    0.6729    0.7189   -0.1743
...   107 T-A ...
  -23.2073 -126.9721  131.9820
    0.5545   -0.6824   -0.4763
   -0.4662    0.2194   -0.8571
    0.6894    0.6973   -0.1965
...   108 C-G ...
  -20.7476 -124.8266  131.4085
    0.1445   -0.4773   -0.8668
   -0.6989    0.5709   -0.4309
    0.7005    0.6680   -0.2510
...   109 C-G ...
  -18.3611 -122.6771  130.7208
   -0.3306   -0.2108   -0.9199
   -0.6763    0.7328    0.0752
    0.6582    0.6470   -0.3848
...   110 G-C ...
  -16.6140 -120.5387  129.3855
   -0.7086    0.0924   -0.6995
   -0.4003    0.7638    0.5064
    0.5811    0.6389   -0.5042
...   111 G-C ...
  -15.0286 -118.5400  127.2070
   -0.8585    0.4360   -0.2700
    0.0729    0.6249    0.7773
    0.5077    0.6476   -0.5683
...   112 C-G ...
  -13.8205 -116.5410  124.7836
   -0.7014    0.6774    0.2218
    0.5421    0.3049    0.7831
    0.4628    0.6695   -0.5810
...   113 T-A ...
  -12.5366 -114.3796  122.6394
   -0.3348    0.7096    0.6200
    0.8436   -0.0675    0.5328
    0.4199    0.7013   -0.5760
...   114 C-G ...
  -11.1069 -111.9505  120.9643
    0.2057    0.5223    0.8276
    0.9022   -0.4289    0.0464
    0.3792    0.7370   -0.5594
...   115 G-C ...
   -9.4548 -109.7704  119.1025
    0.6722    0.1407    0.7269
    0.6243   -0.6355   -0.4543
    0.3981    0.7591   -0.5150
...   116 T-A ...
   -8.2033 -106.9598  117.9240
    0.8871   -0.2400    0.3943
    0.1787   -0.6090   -0.7727
    0.4257    0.7559   -0.4974
...   117 A-T ...
   -6.6602 -104.1897  116.6707
    0.8036   -0.5869   -0.0988
   -0.3596   -0.3465   -0.8664
    0.4743    0.7318   -0.4895
...   118 T-A ...
   -4.7809 -101.7261  115.6930
    0.5231   -0.6720   -0.5241
   -0.7175   -0.0154   -0.6964
    0.4599    0.7404   -0.4903
...   119 A-T ...
   -3.4459  -99.2308  113.8824
   -0.0206   -0.5810   -0.8137
   -0.8824    0.3932   -0.2584
    0.4701    0.7127   -0.5207
...   120 A-T ...
   -1.6758  -97.1462  112.1457
   -0.5265   -0.2890   -0.7996
   -0.7191    0.6531    0.2374
    0.4536    0.6999   -0.5516
...   121 T-A ...
    0.1508  -95.3412  110.0250
   -0.8243    0.0821   -0.5601
   -0.3459    0.7102    0.6131
    0.4482    0.6992   -0.5571
...   122 G-C ...
    1.5668  -93.0680  107.8274
   -0.9145    0.4017   -0.0489
    0.1975    0.5485    0.8125
    0.3532    0.7333   -0.5809
...   123 T-A ...
    2.3884  -90.8730  105.5553
   -0.7069    0.6020    0.3715
    0.6255    0.2868    0.7256
    0.3302    0.7453   -0.5793
...   124 G-C ...
    3.2793  -88.3174  103.5979
   -0.2573    0.5933    0.7628
    0.9266   -0.0725    0.3689
    0.2741    0.8017   -0.5311
...   125 T-A ...
    3.6440  -85.7022  101.7657
    0.2423    0.4338    0.8678
    0.9317   -0.3535   -0.0834
    0.2706    0.8288   -0.4898
...   126 C-G ...
    4.4789  -83.0091  100.3433
    0.7403    0.1516    0.6550
    0.6226   -0.5221   -0.5829
    0.2536    0.8393   -0.4809
...   127 G-C ...
    5.7187  -80.5730   98.4978
    0.9133   -0.2493    0.3221
    0.1707   -0.4836   -0.8585
    0.3698    0.8390   -0.3991
...   128 A-T ...
    6.8173  -77.8723   97.2660
    0.8402   -0.4862   -0.2400
   -0.3999   -0.2568   -0.8798
    0.3661    0.8353   -0.4102
...   129 C-G ...
    8.4529  -75.0849   96.5700
    0.4886   -0.5801   -0.6517
   -0.7795    0.0453   -0.6247
    0.3919    0.8133   -0.4301
...   130 C-G ...
   10.3190  -72.6404   95.0862
   -0.0299   -0.5476   -0.8362
   -0.9046    0.3708   -0.2104
    0.4253    0.7501   -0.5065
...   131 A-T ...
   11.0685  -69.8683   93.3547
   -0.5727   -0.2972   -0.7640
   -0.7241    0.6204    0.3014
    0.3844    0.7258   -0.5705
...   132 A-T ...
   12.3863  -67.6493   91.3218
   -0.8823    0.1072   -0.4584
   -0.2713    0.6801    0.6811
    0.3847    0.7253   -0.5709
...   133 A-T ...
   13.6904  -65.5485   89.1589
   -0.8586    0.5126    0.0082
    0.2894    0.4714    0.8330
    0.4231    0.7176   -0.5531
...   134 T-A ...
   14.7283  -63.4122   86.8245
   -0.5924    0.6746    0.4405
    0.6886    0.1400    0.7115
    0.4183    0.7248   -0.5474
...   135 G-C ...
   15.7211  -61.4788   83.9378
    0.0342    0.7399    0.6718
    0.8637   -0.3601    0.3526
    0.5028    0.5682   -0.6514
...   136 T-A ...
   15.7739  -59.5464   80.8037
    0.5516    0.4996    0.6680
    0.6739   -0.7388   -0.0038
    0.4916    0.4523   -0.7442
...   137 G-C ...
   16.8280  -57.7075   78.2738
    0.8528   -0.0847    0.5152
    0.1508   -0.9047   -0.3984
    0.4999    0.4175   -0.7588
...   138 A-T ...
   18.4175  -55.5141   76.5363
    0.8547   -0.5007    0.1370
   -0.3189   -0.7148   -0.6224
    0.4096    0.4883   -0.7706
...   139 G-C ...
   20.4152  -54.2945   74.5497
    0.5847   -0.7389   -0.3350
   -0.7594   -0.3532   -0.5465
    0.2854    0.5739   -0.7676
...   140 C-G ...
   21.4163  -51.8107   72.7950
    0.1305   -0.7142   -0.6876
   -0.8897    0.2217   -0.3991
    0.4375    0.6639   -0.6065
...   141 G-C ...
   22.1406  -50.1330   67.4725
   -0.4682   -0.8748    0.1248
   -0.8495    0.4067   -0.3362
    0.2434   -0.2634   -0.9335
...   142 C-G ...
   22.3377  -51.2252   64.5019
   -0.8529   -0.5117   -0.1032
   -0.4974    0.8566   -0.1372
    0.1587   -0.0657   -0.9851
...   143 T-A ...
   24.0059  -51.6201   61.9333
   -0.9563    0.0399   -0.2897
    0.0522    0.9980   -0.0348
    0.2877   -0.0484   -0.9565
...   144 C-G ...
   24.8856  -52.7206   58.9948
   -0.7530    0.5560   -0.3520
    0.5213    0.8304    0.1966
    0.4016   -0.0355   -0.9151
...   145 A-T ...
   25.5173  -52.9610   55.8127
   -0.2441    0.9563   -0.1609
    0.8907    0.2867    0.3528
    0.3835   -0.0571   -0.9218
...   146 C-G ...
   25.2677  -52.4924   52.0871
    0.3203    0.9428   -0.0928
    0.8825   -0.2613    0.3910
    0.3444   -0.2071   -0.9157
...   147 A-T ...
   25.6132  -52.5732   48.6479
    0.8597    0.5097    0.0339
    0.4498   -0.7866    0.4230
    0.2423   -0.3484   -0.9055
