  147 base-pairs
...     1 T-A ...
    0.0000    0.0000    0.0000
    1.0000    0.0000    0.0000
    0.0000    1.0000    0.0000
    0.0000    0.0000    1.0000
...     2 G-C ...
   -0.5555   -1.1003    3.3981
    0.7749    0.6051    0.1828
   -0.5991    0.7953   -0.0929
   -0.2016   -0.0375    0.9787
...     3 T-A ...
   -0.6619   -3.0237    6.5348
    0.3046    0.9250    0.2271
   -0.8994    0.3578   -0.2510
   -0.3134   -0.1278    0.9410
...     4 G-C ...
   -1.1607   -3.8418    9.6940
   -0.3351    0.9421    0.0133
   -0.8752   -0.3061   -0.3746
   -0.3489   -0.1372    0.9271
...     5 A-T ...
   -1.3881   -3.6770   12.8999
   -0.7835    0.6162   -0.0801
   -0.5677   -0.7622   -0.3109
   -0.2527   -0.1981    0.9470
...     6 G-C ...
   -2.6236   -3.5448   15.7072
   -0.9923    0.0611   -0.1075
   -0.0294   -0.9610   -0.2748
   -0.1201   -0.2695    0.9555
...     7 C-G ...
   -2.3138   -3.7570   18.8866
   -0.8620   -0.4995   -0.0864
    0.5008   -0.8655    0.0073
   -0.0785   -0.0370    0.9962
...     8 G-C ...
   -3.9561   -6.8109   23.3205
   -0.2581   -0.3560   -0.8981
    0.6294   -0.7673    0.1233
   -0.7330   -0.5335    0.4221
...     9 C-G ...
   -6.1177   -8.9414   24.2385
    0.1143   -0.7320   -0.6716
    0.8123   -0.3203    0.4874
   -0.5720   -0.6013    0.5580
...    10 T-A ...
   -8.5041   -9.6771   26.0540
    0.4660   -0.8587   -0.2131
    0.6274    0.1508    0.7640
   -0.6239   -0.4897    0.6090
...    11 C-G ...
  -11.0625  -11.3174   27.2336
    0.6660   -0.6911    0.2808
    0.3382    0.6152    0.7121
   -0.6649   -0.3794    0.6435
...    12 A-T ...
  -13.0013  -13.1789   29.0658
    0.7188   -0.1490    0.6790
   -0.1787    0.9043    0.3876
   -0.6718   -0.4000    0.6235
...    13 C-G ...
  -14.1788  -15.9359   31.3399
    0.4052    0.2865    0.8682
   -0.5270    0.8492   -0.0343
   -0.7470   -0.4437    0.4951
...    14 A-T ...
  -15.9532  -18.1566   33.3080
   -0.1503    0.6873    0.7107
   -0.6106    0.5008   -0.6135
   -0.7776   -0.5261    0.3444
...    15 A-T ...
  -18.3720  -19.9964   34.4194
   -0.4563    0.8591    0.2317
   -0.3955    0.0374   -0.9177
   -0.7971   -0.5104    0.3227
...    16 T-A ...
  -20.7731  -21.6009   36.1857
   -0.6241    0.7285   -0.2823
   -0.0743   -0.4151   -0.9068
   -0.7778   -0.5450    0.3132
...    17 T-A ...
  -23.3322  -23.1760   37.5329
   -0.5691    0.3354   -0.7508
    0.3163   -0.7535   -0.5764
   -0.7590   -0.5655    0.3228
...    18 T-A ...
  -25.8952  -24.8359   38.5534
   -0.2596   -0.0970   -0.9608
    0.5670   -0.8207   -0.0703
   -0.7818   -0.5630    0.2680
...    19 A-T ...
  -28.4611  -26.7833   39.1562
    0.1731   -0.4293   -0.8864
    0.5931   -0.6731    0.4418
   -0.7863   -0.6022    0.1381
...    20 T-A ...
  -31.3910  -28.3279   39.1226
    0.4513   -0.7071   -0.5444
    0.4218   -0.3686    0.8284
   -0.7864   -0.6034    0.1319
...    21 T-A ...
  -34.0447  -30.2488   39.2195
    0.6118   -0.7910    0.0092
    0.0846    0.0769    0.9934
   -0.7865   -0.6070    0.1139
...    22 C-G ...
  -36.5660  -32.3222   39.5155
    0.5733   -0.5857    0.5730
   -0.2967    0.5035    0.8115
   -0.7637   -0.6352    0.1149
...    23 G-C ...
  -39.1868  -34.1950   40.4719
    0.4125   -0.1242    0.9025
   -0.5986    0.7098    0.3713
   -0.6867   -0.6933    0.2184
...    24 C-G ...
  -41.1643  -36.7260   41.0906
    0.0801    0.3021    0.9499
   -0.7239    0.6728   -0.1529
   -0.6853   -0.6754    0.2726
...    25 A-T ...
  -43.7082  -38.7137   41.7398
   -0.2942    0.6713    0.6803
   -0.6441    0.3865   -0.6601
   -0.7061   -0.6324    0.3187
...    26 A-T ...
  -45.9286  -40.7855   42.9755
   -0.6024    0.7741    0.1946
   -0.3703   -0.0551   -0.9273
   -0.7071   -0.6306    0.3198
...    27 A-T ...
  -48.0943  -42.7692   44.3727
   -0.7163    0.5954   -0.3640
    0.0491   -0.4773   -0.8774
   -0.6961   -0.6463    0.3126
...    28 G-C ...
  -50.6151  -44.5501   45.7065
   -0.5420    0.2966   -0.7863
    0.3991   -0.7325   -0.5514
   -0.7396   -0.6127    0.2787
...    29 G-C ...
  -53.4403  -46.3013   46.5886
   -0.1690   -0.1045   -0.9801
    0.6188   -0.7852   -0.0230
   -0.7671   -0.6104    0.1973
...    30 C-G ...
  -56.2287  -47.9739   46.9462
    0.2341   -0.4721   -0.8499
    0.5959   -0.6211    0.5092
   -0.7682   -0.6256    0.1359
...    31 C-G ...
  -59.0235  -49.8147   47.2272
    0.5788   -0.6798   -0.4503
    0.3647   -0.2780    0.8886
   -0.7293   -0.6786    0.0870
...    32 G-C ...
  -61.0555  -52.0312   47.6244
    0.7595   -0.6495    0.0359
    0.0092    0.0658    0.9978
   -0.6504   -0.7575    0.0559
...    33 G-C ...
  -62.8086  -54.9043   47.5715
    0.6859   -0.4592    0.5645
   -0.4263    0.3751    0.8232
   -0.5897   -0.8053    0.0615
...    34 C-G ...
  -64.4173  -57.7510   47.5279
    0.3787   -0.1423    0.9145
   -0.7372    0.5510    0.3910
   -0.5595   -0.8223    0.1038
...    35 C-G ...
  -65.8865  -60.7623   48.1058
   -0.0442    0.2329    0.9715
   -0.8415    0.5155   -0.1619
   -0.5385   -0.8246    0.1732
...    36 C-G ...
  -67.4867  -63.5611   48.9302
   -0.4611    0.5149    0.7227
   -0.7105    0.2736   -0.6483
   -0.5316   -0.8124    0.2397
...    37 G-C ...
  -69.6328  -66.1516   49.0143
   -0.7310    0.6397    0.2376
   -0.3529   -0.0564   -0.9340
   -0.5841   -0.7665    0.2670
...    38 A-T ...
  -71.4014  -68.6089   49.8922
   -0.7976    0.4937   -0.3465
    0.1426   -0.4039   -0.9036
   -0.5861   -0.7702    0.2517
...    39 C-G ...
  -73.6124  -70.6839   50.9673
   -0.5902    0.2506   -0.7674
    0.5208   -0.6082   -0.5991
   -0.6169   -0.7532    0.2285
...    40 A-T ...
  -75.8138  -73.0872   51.6054
   -0.1497   -0.0736   -0.9860
    0.7532   -0.6545   -0.0655
   -0.6405   -0.7525    0.1534
...    41 C-G ...
  -78.2870  -75.2754   51.7277
    0.2712   -0.3595   -0.8929
    0.7230   -0.5363    0.4355
   -0.6354   -0.7637    0.1145
...    42 G-C ...
  -80.0359  -78.0044   52.3575
    0.6766   -0.5411   -0.4994
    0.4391   -0.2479    0.8635
   -0.5911   -0.8035    0.0699
...    43 A-T ...
  -82.0139  -80.4414   52.5803
    0.8143   -0.5742    0.0844
   -0.0133    0.1270    0.9918
   -0.5802   -0.8088    0.0957
...    44 C-G ...
  -83.7555  -83.2110   52.1812
    0.7285   -0.3739    0.5739
   -0.4398    0.3870    0.8104
   -0.5252   -0.8428    0.1175
...    45 T-A ...
  -85.0535  -86.5590   52.3270
    0.4019   -0.0429    0.9147
   -0.7720    0.5213    0.3637
   -0.4924   -0.8523    0.1764
...    46 T-A ...
  -86.3298  -89.4722   52.7978
    0.0025    0.2408    0.9706
   -0.8792    0.4629   -0.1126
   -0.4764   -0.8530    0.2129
...    47 A-T ...
  -87.6842  -92.2782   53.8421
   -0.3781    0.5657    0.7328
   -0.7801    0.2315   -0.5812
   -0.4985   -0.7914    0.3538
...    48 C-G ...
  -88.9060  -94.8113   55.6068
   -0.7136    0.6262    0.3141
   -0.4869   -0.1210   -0.8650
   -0.5036   -0.7702    0.3913
...    49 T-A ...
  -90.4542  -97.1377   57.4571
   -0.8260    0.5270   -0.2001
   -0.0870   -0.4699   -0.8784
   -0.5569   -0.7082    0.4339
...    50 G-C ...
  -92.4936  -99.4477   58.7375
   -0.6858    0.2221   -0.6931
    0.3810   -0.7018   -0.6019
   -0.6201   -0.6769    0.3967
...    51 T-A ...
  -94.8132 -101.1838   60.1084
   -0.3923   -0.1580   -0.9062
    0.6731   -0.7207   -0.1657
   -0.6269   -0.6750    0.3891
...    52 A-T ...
  -96.5638 -103.6593   61.4384
    0.0944   -0.5697   -0.8164
    0.7833   -0.4637    0.4141
   -0.6144   -0.6786    0.4024
...    53 G-C ...
  -98.7585 -105.7115   62.6575
    0.5105   -0.6666   -0.5431
    0.6514   -0.1125    0.7504
   -0.5613   -0.7368    0.3768
...    54 G-C ...
 -101.1449 -108.4005   63.2069
    0.8222   -0.5583   -0.1111
    0.2954    0.2515    0.9217
   -0.4866   -0.7906    0.3717
...    55 T-A ...
 -102.6307 -111.1519   64.0022
    0.8840   -0.3165    0.3441
   -0.1528    0.5000    0.8524
   -0.4418   -0.8061    0.3936
...    56 A-T ...
 -103.6222 -114.3536   64.9145
    0.7256    0.1271    0.6763
   -0.6173    0.5545    0.5581
   -0.3041   -0.8224    0.4808
...    57 T-A ...
 -104.0278 -117.3169   66.1979
    0.3559    0.4200    0.8348
   -0.8959    0.4075    0.1770
   -0.2659   -0.8109    0.5213
...    58 C-G ...
 -104.5934 -120.0693   68.1689
   -0.2448    0.6200    0.7454
   -0.9385    0.0415   -0.3428
   -0.2435   -0.7835    0.5717
...    59 T-A ...
 -105.2044 -122.4521   70.3252
   -0.6777    0.6022    0.4220
   -0.6895   -0.3212   -0.6491
   -0.2554   -0.7309    0.6329
...    60 C-G ...
 -106.5200 -124.6927   72.2525
   -0.9506    0.3085   -0.0348
   -0.1926   -0.6740   -0.7132
   -0.2435   -0.6712    0.7001
...    61 G-C ...
 -107.4022 -127.2612   74.0557
   -0.9010   -0.0854   -0.4254
    0.3334   -0.7638   -0.5527
   -0.2777   -0.6398    0.7166
...    62 A-T ...
 -108.0800 -129.4890   76.3844
   -0.5235   -0.5266   -0.6698
    0.8117   -0.5474   -0.2040
   -0.2592   -0.6504    0.7140
...    63 G-C ...
 -109.0378 -131.5952   78.7088
   -0.0127   -0.7343   -0.6787
    0.9762   -0.1561    0.1507
   -0.2166   -0.6607    0.7188
...    64 C-G ...
 -110.1994 -133.8151   81.0346
    0.5604   -0.6598   -0.5006
    0.8100    0.3105    0.4975
   -0.1728   -0.6843    0.7084
...    65 T-A ...
 -111.0099 -136.2426   83.1755
    0.9018   -0.3510   -0.2521
    0.4249    0.6134    0.6657
   -0.0790   -0.7074    0.7023
...    66 C-G ...
 -111.2336 -138.7511   85.3974
    0.9912    0.1033    0.0829
   -0.1317    0.7009    0.7010
    0.0143   -0.7057    0.7084
...    67 G-C ...
 -110.8555 -140.6574   87.9048
    0.7801    0.5383    0.3188
   -0.6059    0.5233    0.5992
    0.1557   -0.6606    0.7344
...    68 G-C ...
 -109.9227 -142.7816   90.2614
    0.3279    0.7967    0.5077
   -0.9174    0.1402    0.3725
    0.2257   -0.5879    0.7768
...    69 G-C ...
 -108.7012 -144.3458   92.9899
   -0.2354    0.8098    0.5374
   -0.9302   -0.3480    0.1168
    0.2816   -0.4724    0.8352
...    70 A-T ...
 -107.5283 -145.6942   95.7696
   -0.7360    0.4501    0.5057
   -0.6026   -0.7760   -0.1864
    0.3085   -0.4419    0.8423
...    71 T-A ...
 -106.3001 -146.5590   98.7228
   -0.9394   -0.0206    0.3422
   -0.1289   -0.9037   -0.4083
    0.3177   -0.4276    0.8463
...    72 C-G ...
 -105.3226 -147.7287  101.7285
   -0.8092   -0.5842    0.0623
    0.4643   -0.7010   -0.5413
    0.3599   -0.4091    0.8385
...    73 C-G ...
 -104.2907 -149.0078  104.5879
   -0.4672   -0.8391   -0.2786
    0.8190   -0.2921   -0.4939
    0.3330   -0.4589    0.8237
...    74 G-C ...
 -102.7509 -150.5716  106.9945
    0.0379   -0.8207   -0.5702
    0.9327    0.2338   -0.2745
    0.3586   -0.5214    0.7743
...    75 C-G ...
 -101.9699 -152.3752  109.8458
    0.5450   -0.5246   -0.6540
    0.7279    0.6832    0.0586
    0.4161   -0.5080    0.7542
...    76 T-A ...
 -100.8759 -154.3735  112.3905
    0.8149   -0.0217   -0.5793
    0.3024    0.8684    0.3929
    0.4945   -0.4953    0.7142
...    77 T-A ...
  -99.1960 -156.2590  114.3920
    0.8118    0.4858   -0.3240
   -0.1915    0.7457    0.6382
    0.5517   -0.4560    0.6984
...    78 T-A ...
  -97.2750 -157.6359  116.5274
    0.5123    0.8585   -0.0238
   -0.5724    0.3620    0.7357
    0.6402   -0.3633    0.6769
...    79 A-T ...
  -94.7500 -158.3484  118.6732
   -0.0309    0.9771    0.2104
   -0.6895   -0.1733    0.7033
    0.7236   -0.1233    0.6791
...    80 A-T ...
  -92.3055 -158.4794  120.6485
   -0.4335    0.7372    0.5183
   -0.5176   -0.6745    0.5264
    0.7377   -0.0401    0.6740
...    81 C-G ...
  -89.6493 -157.9353  122.6230
   -0.6208    0.2664    0.7373
   -0.1782   -0.9638    0.1983
    0.7634   -0.0083    0.6458
...    82 A-T ...
  -87.2439 -157.8740  124.9367
   -0.6182   -0.3501    0.7037
    0.2378   -0.9367   -0.2571
    0.7491    0.0084    0.6623
...    83 C-G ...
  -85.0375 -157.2333  127.4812
   -0.3870   -0.7913    0.4734
    0.5232   -0.6112   -0.5938
    0.7593    0.0179    0.6505
...    84 T-A ...
  -82.8297 -156.9148  130.3837
   -0.0102   -0.9958    0.0915
    0.6210   -0.0780   -0.7799
    0.7838    0.0489    0.6191
...    85 T-A ...
  -80.5353 -156.7936  132.6852
    0.3784   -0.8565   -0.3511
    0.4850    0.5065   -0.7129
    0.7884    0.0995    0.6071
...    86 T-A ...
  -78.0719 -156.5758  134.7906
    0.5623   -0.4273   -0.7080
    0.1732    0.8980   -0.4044
    0.8086    0.1048    0.5790
...    87 A-T ...
  -75.3126 -156.1052  136.4466
    0.4283    0.0674   -0.9011
   -0.1391    0.9902    0.0079
    0.8929    0.1220    0.4335
...    88 T-A ...
  -72.2952 -156.3425  137.4514
    0.2306    0.4972   -0.8364
   -0.3091    0.8525    0.4216
    0.9227    0.1613    0.3502
...    89 G-C ...
  -69.0797 -155.8248  138.2580
   -0.1094    0.8830   -0.4564
   -0.3398    0.3983    0.8520
    0.9341    0.2483    0.2565
...    90 C-G ...
  -66.0382 -154.6649  138.5127
   -0.3468    0.9368    0.0457
   -0.1981   -0.1208    0.9727
    0.9168    0.3283    0.2274
...    91 T-A ...
  -63.1003 -152.7671  138.8974
   -0.3963    0.7093    0.5830
    0.1238   -0.5879    0.7994
    0.9097    0.3890    0.1452
...    92 T-A ...
  -60.2955 -151.2266  139.2165
   -0.2675    0.2512    0.9302
    0.3628   -0.8681    0.3388
    0.8926    0.4281    0.1411
...    93 C-G ...
  -57.4370 -149.5280  139.7683
    0.0392   -0.2950    0.9547
    0.4622   -0.8417   -0.2791
    0.8859    0.4522    0.1033
...    94 C-G ...
  -54.5964 -147.9242  140.2431
    0.2239   -0.7190    0.6579
    0.3806   -0.5570   -0.7382
    0.8973    0.4156    0.1489
...    95 G-C ...
  -51.8107 -146.6703  140.2804
    0.3272   -0.9276    0.1802
    0.1918   -0.1215   -0.9739
    0.9253    0.3532    0.1382
...    96 G-C ...
  -48.6819 -145.6764  140.9569
    0.3147   -0.8608   -0.4000
   -0.0401    0.4089   -0.9117
    0.9483    0.3030    0.0942
...    97 C-G ...
  -45.4803 -145.0402  141.6571
    0.1888   -0.5224   -0.8315
   -0.2259    0.8010   -0.5545
    0.9557    0.2925    0.0332
...    98 T-A ...
  -42.2226 -144.4145  141.8152
   -0.0472   -0.0843   -0.9953
   -0.2932    0.9537   -0.0668
    0.9549    0.2887   -0.0698
...    99 C-G ...
  -39.0181 -143.6231  141.5714
   -0.2722    0.4430   -0.8542
   -0.2210    0.8352    0.5036
    0.9365    0.3258   -0.1295
...   100 T-A ...
  -36.0312 -142.6018  140.7163
   -0.4424    0.7644   -0.4691
   -0.0180    0.5153    0.8568
    0.8967    0.3875   -0.2142
...   101 C-G ...
  -33.4322 -140.9311  139.6631
   -0.4445    0.8912    0.0904
    0.2957    0.0507    0.9539
    0.8456    0.4507   -0.2861
...   102 A-T ...
  -30.9732 -139.2382  137.8774
   -0.3304    0.7417    0.5837
    0.5857   -0.3239    0.7430
    0.7401    0.5874   -0.3274
...   103 T-A ...
  -28.9529 -137.0537  136.5514
   -0.0148    0.4703    0.8824
    0.6862   -0.6371    0.3511
    0.7273    0.6107   -0.3132
...   104 G-C ...
  -26.7073 -134.7597  135.4707
    0.3771   -0.0104    0.9261
    0.5696   -0.7859   -0.2408
    0.7303    0.6183   -0.2904
...   105 T-A ...
  -24.6175 -132.2136  134.7040
    0.6409   -0.4212    0.6418
    0.2635   -0.6645   -0.6993
    0.7210    0.6173   -0.3149
...   106 T-A ...
  -22.3858 -130.0845  133.8299
    0.6929   -0.7096    0.1277
   -0.1536   -0.3183   -0.9355
    0.7044    0.6286   -0.3296
...   107 A-T ...
  -20.1704 -128.0158  132.3567
    0.4446   -0.7763   -0.4469
   -0.5561    0.1519   -0.8171
    0.7022    0.6118   -0.3642
...   108 T-A ...
  -17.4997 -126.3212  131.6670
    0.1092   -0.6007   -0.7920
   -0.7156    0.5055   -0.4820
    0.6899    0.6194   -0.3746
...   109 A-T ...
  -15.3744 -124.2270  130.2444
   -0.3724   -0.2874   -0.8824
   -0.6418    0.7666    0.0212
    0.6704    0.5743   -0.4699
...   110 A-T ...
  -13.2337 -122.6082  128.5958
   -0.6985    0.1218   -0.7051
   -0.3385    0.8119    0.4756
    0.6304    0.5710   -0.5259
...   111 C-G ...
  -11.1685 -121.2597  126.2562
   -0.7955    0.5118   -0.3246
    0.0920    0.6314    0.7700
    0.5990    0.5826   -0.5493
...   112 G-C ...
   -9.5228 -118.9411  124.6555
   -0.7007    0.6806    0.2143
    0.5401    0.3097    0.7825
    0.4662    0.6640   -0.5846
...   113 G-C ...
   -8.5026 -116.4249  122.7854
   -0.3662    0.6695    0.6463
    0.8546   -0.0328    0.5182
    0.3682    0.7421   -0.5601
...   114 A-T ...
   -7.4801 -113.8626  121.0444
    0.1980    0.5222    0.8295
    0.9191   -0.3929    0.0280
    0.3406    0.7569   -0.5578
...   115 G-C ...
   -6.7162 -110.9542  119.5051
    0.6367    0.1736    0.7513
    0.6778   -0.5904   -0.4381
    0.3675    0.7882   -0.4936
...   116 T-A ...
   -5.8933 -107.9523  118.2537
    0.8943   -0.1768    0.4110
    0.2342   -0.5978   -0.7667
    0.3813    0.7819   -0.4932
...   117 A-T ...
   -4.5450 -105.0882  116.9913
    0.8440   -0.5291   -0.0877
   -0.3246   -0.3737   -0.8689
    0.4269    0.7619   -0.4872
...   118 T-A ...
   -2.8405 -102.4951  116.0219
    0.5734   -0.6354   -0.5173
   -0.7086   -0.0677   -0.7023
    0.4112    0.7692   -0.4891
...   119 A-T ...
   -1.7037  -99.9065  114.1981
    0.0228   -0.5813   -0.8134
   -0.9063    0.3314   -0.2623
    0.4221    0.7431   -0.5193
...   120 A-T ...
   -0.0831  -97.7026  112.4629
   -0.5044   -0.3260   -0.7996
   -0.7620    0.6035    0.2347
    0.4060    0.7277   -0.5528
...   121 T-A ...
    1.6117  -95.7815  110.3359
   -0.8278    0.0255   -0.5604
   -0.3925    0.6874    0.6111
    0.4008    0.7258   -0.5590
...   122 G-C ...
    2.8663  -93.4175  108.1385
   -0.9377    0.3440   -0.0483
    0.1645    0.5623    0.8104
    0.3059    0.7520   -0.5838
...   123 T-A ...
    3.5374  -91.1785  105.8524
   -0.7395    0.5610    0.3719
    0.6104    0.3260    0.7219
    0.2838    0.7609   -0.5835
...   124 G-C ...
    4.2739  -88.5859  103.8710
   -0.2839    0.5835    0.7609
    0.9316   -0.0201    0.3630
    0.2271    0.8119   -0.5379
...   125 T-A ...
    4.4843  -85.9659  102.0154
    0.2261    0.4523    0.8627
    0.9480   -0.3060   -0.0880
    0.2242    0.8377   -0.4979
...   126 C-G ...
    5.1646  -83.2475  100.5495
    0.7373    0.1925    0.6476
    0.6423   -0.4970   -0.5835
    0.2095    0.8461   -0.4901
...   127 G-C ...
    6.2655  -80.7665   98.6648
    0.9240   -0.2097    0.3197
    0.1856   -0.4850   -0.8546
    0.3343    0.8490   -0.4092
...   128 A-T ...
    7.2439  -78.0355   97.3984
    0.8568   -0.4569   -0.2390
   -0.3940   -0.2812   -0.8750
    0.3326    0.8439   -0.4210
...   129 C-G ...
    8.7648  -75.1947   96.6721
    0.5060   -0.5699   -0.6475
   -0.7830    0.0115   -0.6220
    0.3619    0.8217   -0.4404
...   130 C-G ...
   10.5373  -72.7057   95.1468
   -0.0159   -0.5565   -0.8307
   -0.9161    0.3410   -0.2109
    0.4006    0.7577   -0.5152
...   131 A-T ...
   11.1721  -69.9088   93.3876
   -0.5694   -0.3104   -0.7612
   -0.7352    0.6066    0.3026
    0.3678    0.7319   -0.5736
...   132 A-T ...
   12.4330  -67.6725   91.3323
   -0.8846    0.0963   -0.4563
   -0.2783    0.6761    0.6822
    0.3742    0.7305   -0.5713
...   133 A-T ...
   13.7093  -65.5574   89.1687
   -0.8625    0.5060    0.0094
    0.2865    0.4729    0.8332
    0.4172    0.7213   -0.5529
...   134 T-A ...
   14.7283  -63.4123   86.8244
   -0.5924    0.6746    0.4405
    0.6886    0.1400    0.7115
    0.4183    0.7248   -0.5474
...   135 G-C ...
   15.7211  -61.4788   83.9377
    0.0342    0.7399    0.6718
    0.8637   -0.3601    0.3526
    0.5028    0.5682   -0.6514
...   136 T-A ...
   15.7739  -59.5465   80.8035
    0.5516    0.4996    0.6680
    0.6739   -0.7388   -0.0038
    0.4916    0.4523   -0.7442
...   137 G-C ...
   16.8280  -57.7076   78.2737
    0.8528   -0.0847    0.5152
    0.1508   -0.9047   -0.3984
    0.4999    0.4175   -0.7588
...   138 A-T ...
   18.4175  -55.5142   76.5361
    0.8547   -0.5007    0.1370
   -0.3189   -0.7148   -0.6224
    0.4096    0.4883   -0.7706
...   139 G-C ...
   20.4152  -54.2945   74.5495
    0.5847   -0.7389   -0.3350
   -0.7594   -0.3532   -0.5465
    0.2854    0.5739   -0.7676
...   140 C-G ...
   21.4163  -51.8108   72.7949
    0.1305   -0.7142   -0.6876
   -0.8897    0.2217   -0.3991
    0.4375    0.6639   -0.6065
...   141 G-C ...
   22.1406  -50.1331   67.4724
   -0.4682   -0.8748    0.1248
   -0.8495    0.4067   -0.3362
    0.2434   -0.2634   -0.9335
...   142 C-G ...
   22.3377  -51.2252   64.5018
   -0.8529   -0.5117   -0.1032
   -0.4974    0.8566   -0.1372
    0.1587   -0.0657   -0.9851
...   143 T-A ...
   24.0059  -51.6202   61.9331
   -0.9563    0.0399   -0.2897
    0.0522    0.9980   -0.0348
    0.2877   -0.0484   -0.9565
...   144 C-G ...
   24.8857  -52.7207   58.9947
   -0.7530    0.5560   -0.3520
    0.5213    0.8304    0.1966
    0.4016   -0.0355   -0.9151
...   145 A-T ...
   25.5173  -52.9610   55.8126
   -0.2442    0.9563   -0.1609
    0.8907    0.2867    0.3528
    0.3835   -0.0571   -0.9218
...   146 C-G ...
   25.2677  -52.4925   52.0870
    0.3203    0.9428   -0.0928
    0.8825   -0.2613    0.3910
    0.3444   -0.2071   -0.9157
...   147 A-T ...
   25.6133  -52.5733   48.6478
    0.8597    0.5097    0.0339
    0.4498   -0.7866    0.4230
    0.2423   -0.3484   -0.9055
