  147 base-pairs
...     1 T-A ...
    0.0000    0.0000    0.0000
    1.0000    0.0000    0.0000
    0.0000    1.0000    0.0000
    0.0000    0.0000    1.0000
...     2 G-C ...
   -0.5555   -1.1003    3.3981
    0.7749    0.6051    0.1828
   -0.5991    0.7953   -0.0929
   -0.2016   -0.0375    0.9787
...     3 T-A ...
   -0.6619   -3.0237    6.5348
    0.3046    0.9250    0.2271
   -0.8994    0.3578   -0.2510
   -0.3134   -0.1278    0.9410
...     4 G-C ...
   -1.1607   -3.8418    9.6940
   -0.3351    0.9421    0.0133
   -0.8752   -0.3061   -0.3746
   -0.3489   -0.1372    0.9271
...     5 A-T ...
   -1.3881   -3.6770   12.8999
   -0.7835    0.6162   -0.0801
   -0.5677   -0.7622   -0.3109
   -0.2527   -0.1981    0.9470
...     6 G-C ...
   -2.6236   -3.5448   15.7072
   -0.9923    0.0611   -0.1075
   -0.0294   -0.9610   -0.2748
   -0.1201   -0.2695    0.9555
...     7 C-G ...
   -2.3138   -3.7570   18.8866
   -0.8620   -0.4995   -0.0864
    0.5008   -0.8655    0.0073
   -0.0785   -0.0370    0.9962
...     8 G-C ...
   -3.9561   -6.8109   23.3205
   -0.2581   -0.3560   -0.8981
    0.6294   -0.7673    0.1233
   -0.7330   -0.5335    0.4221
...     9 C-G ...
   -6.1177   -8.9414   24.2385
    0.1143   -0.7320   -0.6716
    0.8123   -0.3203    0.4874
   -0.5720   -0.6013    0.5580
...    10 T-A ...
   -8.5041   -9.6771   26.0540
    0.4660   -0.8587   -0.2131
    0.6274    0.1508    0.7640
   -0.6239   -0.4897    0.6090
...    11 C-G ...
  -11.0625  -11.3174   27.2336
    0.6660   -0.6911    0.2808
    0.3382    0.6152    0.7121
   -0.6649   -0.3794    0.6435
...    12 A-T ...
  -13.0013  -13.1789   29.0658
    0.7188   -0.1490    0.6790
   -0.1787    0.9043    0.3876
   -0.6718   -0.4000    0.6235
...    13 C-G ...
  -14.1788  -15.9359   31.3399
    0.4052    0.2865    0.8682
   -0.5270    0.8492   -0.0343
   -0.7470   -0.4437    0.4951
...    14 A-T ...
  -15.9532  -18.1566   33.3080
   -0.1503    0.6873    0.7107
   -0.6106    0.5008   -0.6135
   -0.7776   -0.5261    0.3444
...    15 A-T ...
  -18.3588  -20.0013   34.4492
   -0.4700    0.8523    0.2294
   -0.3939    0.0301   -0.9187
   -0.7899   -0.5222    0.3216
...    16 T-A ...
  -20.7375  -21.6559   36.2141
   -0.6395    0.7135   -0.2864
   -0.0620   -0.4191   -0.9058
   -0.7663   -0.5615    0.3122
...    17 T-A ...
  -23.2538  -23.2974   37.5591
   -0.5771    0.3142   -0.7538
    0.3413   -0.7458   -0.5721
   -0.7420   -0.5874    0.3232
...    18 T-A ...
  -25.7584  -25.0442   38.6053
   -0.2546   -0.1179   -0.9598
    0.5988   -0.7986   -0.0607
   -0.7594   -0.5902    0.2739
...    19 A-T ...
  -28.2060  -27.1275   39.2623
    0.1961   -0.4368   -0.8779
    0.6235   -0.6355    0.4555
   -0.7569   -0.6367    0.1477
...    20 T-A ...
  -31.0429  -28.8251   39.2439
    0.4937   -0.6896   -0.5298
    0.4365   -0.3304    0.8369
   -0.7522   -0.6444    0.1379
...    21 T-A ...
  -33.5712  -30.9038   39.3683
    0.6627   -0.7485    0.0244
    0.0726    0.0966    0.9927
   -0.7454   -0.6560    0.1183
...    22 C-G ...
  -35.9278  -33.1577   39.6960
    0.6087   -0.5343    0.5865
   -0.3393    0.4929    0.8012
   -0.7172   -0.6867    0.1187
...    23 G-C ...
  -38.3473  -35.2640   40.7308
    0.4098   -0.0797    0.9087
   -0.6625    0.6588    0.3566
   -0.6271   -0.7481    0.2171
...    24 C-G ...
  -40.0981  -37.9549   41.3763
    0.0375    0.3165    0.9478
   -0.7796    0.6027   -0.1704
   -0.6252   -0.7325    0.2694
...    25 A-T ...
  -42.5039  -40.1442   41.9974
   -0.3847    0.6415    0.6637
   -0.6610    0.3105   -0.6832
   -0.6443   -0.7015    0.3045
...    26 A-T ...
  -44.5213  -42.4449   43.1887
   -0.6964    0.6989    0.1630
   -0.3251   -0.1048   -0.9398
   -0.6398   -0.7075    0.3002
...    27 A-T ...
  -46.4835  -44.6850   44.5099
   -0.7700    0.4952   -0.4023
    0.1494   -0.4730   -0.8683
   -0.6203   -0.7287    0.2903
...    28 G-C ...
  -48.8015  -46.7885   45.7514
   -0.5372    0.2124   -0.8163
    0.5221   -0.6764   -0.5196
   -0.6624   -0.7053    0.2525
...    29 G-C ...
  -51.3788  -48.9298   46.5438
   -0.0968   -0.1378   -0.9857
    0.7249   -0.6884    0.0251
   -0.6820   -0.7121    0.1665
...    30 C-G ...
  -53.9122  -50.9877   46.7979
    0.3530   -0.4417   -0.8248
    0.6482   -0.5202    0.5560
   -0.6747   -0.7309    0.1027
...    31 C-G ...
  -56.3793  -53.2489   46.9402
    0.7035   -0.5892   -0.3973
    0.3397   -0.2123    0.9163
   -0.6242   -0.7796    0.0508
...    32 G-C ...
  -58.0472  -55.7851   47.2482
    0.8443   -0.5252    0.1066
   -0.0799    0.0733    0.9941
   -0.5299   -0.8478    0.0199
...    33 G-C ...
  -59.3175  -58.9056   47.1376
    0.6974   -0.3457    0.6278
   -0.5476    0.3080    0.7780
   -0.4623   -0.8864    0.0255
...    34 C-G ...
  -60.4439  -61.9804   47.0504
    0.3076   -0.0798    0.9482
   -0.8483    0.4284    0.3112
   -0.4310   -0.9001    0.0641
...    35 C-G ...
  -61.4979  -65.1803   47.5517
   -0.1870    0.2170    0.9581
   -0.8910    0.3733   -0.2584
   -0.4138   -0.9019    0.1236
...    36 C-G ...
  -62.7024  -68.2303   48.2264
   -0.6238    0.4270    0.6547
   -0.6616    0.1575   -0.7331
   -0.4161   -0.8905    0.1843
...    37 G-C ...
  -64.3962  -71.1743   47.9958
   -0.8541    0.5040    0.1280
   -0.2077   -0.1049   -0.9726
   -0.4768   -0.8573    0.1943
...    38 A-T ...
  -65.8054  -73.9212   48.6515
   -0.8130    0.3549   -0.4616
    0.3359   -0.3617   -0.8697
   -0.4756   -0.8621    0.1749
...    39 C-G ...
  -67.7445  -76.3667   49.4207
   -0.5043    0.1574   -0.8490
    0.6998   -0.5016   -0.5086
   -0.5060   -0.8506    0.1428
...    40 A-T ...
  -69.5612  -79.1411   49.7494
    0.0212   -0.0820   -0.9964
    0.8548   -0.5154    0.0606
   -0.5185   -0.8530    0.0592
...    41 C-G ...
  -71.6046  -81.7220   49.4997
    0.4726   -0.2905   -0.8320
    0.7225   -0.4129    0.5545
   -0.5046   -0.8632    0.0147
...    42 G-C ...
  -72.9234  -84.7451   49.8303
    0.8362   -0.4080   -0.3664
    0.3136   -0.1923    0.9299
   -0.4499   -0.8925   -0.0328
...    43 A-T ...
  -74.4442  -87.5094   49.6954
    0.8682   -0.4346    0.2395
   -0.2201    0.0954    0.9708
   -0.4447   -0.8956   -0.0128
...    44 C-G ...
  -75.5936  -90.5261   49.0035
    0.6524   -0.2688    0.7086
   -0.6478    0.2876    0.7054
   -0.3934   -0.9193    0.0135
...    45 T-A ...
  -76.3377  -94.0505   48.8714
    0.2030   -0.0128    0.9791
   -0.9047    0.3800    0.1926
   -0.3746   -0.9249    0.0656
...    46 T-A ...
  -77.2112  -97.1487   49.0364
   -0.2618    0.1941    0.9454
   -0.8905    0.3289   -0.3142
   -0.3720   -0.9242    0.0868
...    47 A-T ...
  -78.4269 -100.1738   49.5518
   -0.6651    0.4401    0.6032
   -0.6156    0.1340   -0.7766
   -0.4226   -0.8879    0.1818
...    48 C-G ...
  -79.5826 -103.0202   50.8227
   -0.8772    0.4691    0.1022
   -0.1869   -0.1375   -0.9727
   -0.4422   -0.8724    0.2083
...    49 T-A ...
  -81.1565 -105.7289   52.0360
   -0.8126    0.3909   -0.4323
    0.2706   -0.4039   -0.8739
   -0.5162   -0.8271    0.2224
...    50 G-C ...
  -83.0321 -108.4560   52.5627
   -0.4666    0.1696   -0.8681
    0.6700   -0.5729   -0.4721
   -0.5773   -0.8019    0.1537
...    51 T-A ...
  -85.3034 -110.6635   53.0628
   -0.0508   -0.1262   -0.9907
    0.8099   -0.5856    0.0331
   -0.5844   -0.8007    0.1319
...    52 A-T ...
  -86.9951 -113.4736   53.5147
    0.4592   -0.4342   -0.7750
    0.6775   -0.3930    0.6217
   -0.5745   -0.8105    0.1137
...    53 G-C ...
  -88.9578 -116.1652   53.5396
    0.7877   -0.5136   -0.3402
    0.3400   -0.0980    0.9353
   -0.5138   -0.8524    0.0974
...    54 T-A ...
  -90.5062 -119.0608   53.1616
    0.8804   -0.4346    0.1897
   -0.1203    0.1822    0.9759
   -0.4586   -0.8820    0.1081
...    55 C-G ...
  -91.8214 -121.9440   53.5183
    0.7032   -0.2014    0.6819
   -0.5907    0.3684    0.7179
   -0.3958   -0.9076    0.1401
...    56 A-T ...
  -92.9197 -125.1756   53.6810
    0.3410    0.1417    0.9293
   -0.8945    0.3528    0.2744
   -0.2890   -0.9249    0.2471
...    57 T-A ...
  -93.3615 -128.2648   54.5340
   -0.1182    0.3550    0.9274
   -0.9533    0.2210   -0.2061
   -0.2781   -0.9084    0.3123
...    58 G-C ...
  -94.1830 -131.3115   55.9090
   -0.6105    0.5130    0.6034
   -0.7280   -0.0635   -0.6827
   -0.3119   -0.8560    0.4122
...    59 T-A ...
  -94.8814 -133.9714   57.8288
   -0.8994    0.4107    0.1493
   -0.3042   -0.3430   -0.8887
   -0.3138   -0.8448    0.4334
...    60 T-A ...
  -95.8882 -136.5556   59.4231
   -0.9236    0.1324   -0.3597
    0.2396   -0.5331   -0.8114
   -0.2992   -0.8356    0.4607
...    61 A-T ...
  -96.7334 -139.5796   60.7748
   -0.5745   -0.2638   -0.7748
    0.7728   -0.4868   -0.4072
   -0.2698   -0.8327    0.4835
...    62 T-A ...
  -98.2096 -141.9343   62.4793
   -0.1228   -0.5010   -0.8567
    0.9601   -0.2784    0.0252
   -0.2511   -0.8194    0.5152
...    63 A-T ...
  -98.8703 -144.7022   64.3404
    0.4961   -0.5734   -0.6520
    0.8339    0.1056    0.5417
   -0.2417   -0.8124    0.5306
...    64 A-T ...
  -99.7513 -147.3276   65.9177
    0.8750   -0.4078   -0.2608
    0.4350    0.4262    0.7932
   -0.2123   -0.8075    0.5503
...    65 C-G ...
 -100.5934 -150.3693   67.1579
    0.9802   -0.0858    0.1786
   -0.0942    0.5908    0.8013
   -0.1743   -0.8022    0.5710
...    66 G-C ...
 -100.8833 -152.6803   69.4142
    0.8205    0.3906    0.4174
   -0.5714    0.5383    0.6195
    0.0173   -0.7468    0.6648
...    67 G-C ...
 -100.2401 -154.8865   71.7515
    0.4087    0.7082    0.5756
   -0.9015    0.2148    0.3758
    0.1426   -0.6725    0.7262
...    68 A-T ...
  -99.5915 -156.8468   74.2212
   -0.1780    0.7394    0.6493
   -0.9665   -0.2553    0.0257
    0.1847   -0.6230    0.7601
...    69 G-C ...
  -98.6062 -158.4356   77.0104
   -0.6748    0.5473    0.4951
   -0.7175   -0.6434   -0.2668
    0.1725   -0.5353    0.8269
...    70 T-A ...
  -97.8286 -159.5620   80.0279
   -0.9537    0.1365    0.2679
   -0.2517   -0.8497   -0.4632
    0.1644   -0.5092    0.8448
...    71 A-T ...
  -97.3988 -160.8446   83.1286
   -0.9223   -0.3828   -0.0534
    0.3564   -0.7889   -0.5006
    0.1495   -0.4807    0.8640
...    72 T-A ...
  -97.2554 -161.8004   86.3109
   -0.5998   -0.7578   -0.2568
    0.7768   -0.4745   -0.4139
    0.1918   -0.4478    0.8733
...    73 C-G ...
  -96.9098 -163.2604   89.3095
    0.0070   -0.9011   -0.4336
    0.9738    0.1047   -0.2019
    0.2273   -0.4208    0.8782
...    74 T-A ...
  -96.4142 -164.9038   92.2016
    0.5023   -0.6931   -0.5170
    0.8236    0.5657    0.0418
    0.2635   -0.4468    0.8550
...    75 C-G ...
  -95.6697 -166.4462   95.1426
    0.8677   -0.2244   -0.4435
    0.3781    0.8772    0.2959
    0.3227   -0.4244    0.8460
...    76 G-C ...
  -94.3030 -167.4233   97.9596
    0.8332    0.3112   -0.4570
   -0.0750    0.8825    0.4642
    0.5478   -0.3525    0.7587
...    77 A-T ...
  -92.6665 -168.5018  100.5414
    0.5928    0.7718   -0.2302
   -0.5279    0.5882    0.6127
    0.6082   -0.2417    0.7561
...    78 G-C ...
  -90.2071 -169.1561  102.6755
    0.1803    0.9835    0.0165
   -0.7254    0.1217    0.6775
    0.6643   -0.1341    0.7353
...    79 C-G ...
  -87.5519 -169.2886  104.7529
   -0.2989    0.8908    0.3422
   -0.6729   -0.4510    0.5863
    0.6766   -0.0550    0.7343
...    80 T-A ...
  -85.1420 -169.1994  106.9738
   -0.6342    0.5315    0.5615
   -0.3798   -0.8467    0.3726
    0.6735    0.0231    0.7389
...    81 C-G ...
  -83.3850 -169.2095  109.6814
   -0.7444   -0.0528    0.6657
    0.1222   -0.9908    0.0580
    0.6565    0.1245    0.7440
...    82 G-C ...
  -81.0384 -169.8558  112.2414
   -0.5487   -0.6121    0.5694
    0.5606   -0.7747   -0.2925
    0.6202    0.1587    0.7683
...    83 G-C ...
  -79.0610 -169.1490  114.8749
   -0.1631   -0.9420    0.2933
    0.7570   -0.3102   -0.5750
    0.6327    0.1282    0.7637
...    84 G-C ...
  -77.1053 -168.6657  117.5344
    0.2212   -0.9672   -0.1245
    0.7265    0.2486   -0.6406
    0.6505    0.0513    0.7577
...    85 A-T ...
  -75.1430 -168.5313  120.2370
    0.6032   -0.6310   -0.4878
    0.4376    0.7732   -0.4591
    0.6668    0.0634    0.7425
...    86 T-A ...
  -73.1246 -168.8935  122.8188
    0.7192   -0.1491   -0.6786
    0.0611    0.9865   -0.1520
    0.6921    0.0678    0.7186
...    87 C-G ...
  -70.7616 -168.8484  125.0828
    0.5794    0.4360   -0.6886
   -0.3633    0.8945    0.2607
    0.7296    0.0992    0.6767
...    88 C-G ...
  -68.4266 -168.7568  127.3911
    0.1862    0.7940   -0.5788
   -0.6094    0.5554    0.5658
    0.7707    0.2474    0.5872
...    89 G-C ...
  -66.1089 -167.4853  129.3892
   -0.3033    0.8979   -0.3190
   -0.5665    0.0993    0.8181
    0.7662    0.4289    0.4785
...    90 C-G ...
  -63.3481 -165.6851  130.4462
   -0.5901    0.7854    0.1872
   -0.2608   -0.4048    0.8764
    0.7641    0.4683    0.4437
...    91 T-A ...
  -61.0565 -163.3523  131.7098
   -0.6328    0.4252    0.6471
    0.1857   -0.7279    0.6600
    0.7517    0.5378    0.3817
...    92 T-A ...
  -58.7539 -161.2617  132.7217
   -0.3536   -0.0446    0.9343
    0.5298   -0.8327    0.1608
    0.7709    0.5519    0.3181
...    93 T-A ...
  -56.4773 -159.0921  133.6481
    0.0747   -0.4713    0.8788
    0.6228   -0.6662   -0.4102
    0.7788    0.5780    0.2437
...    94 A-T ...
  -53.5835 -157.4599  133.5921
    0.5495   -0.6859    0.4770
    0.4031   -0.2825   -0.8705
    0.7318    0.6706    0.1213
...    95 A-T ...
  -51.3259 -155.2374  134.0847
    0.6940   -0.7147   -0.0868
   -0.0057    0.1151   -0.9933
    0.7199    0.6899    0.0758
...    96 C-G ...
  -48.8349 -153.1433  134.8860
    0.5699   -0.5658   -0.5959
   -0.3848    0.4569   -0.8019
    0.7260    0.6863    0.0427
...    97 A-T ...
  -46.3602 -150.9532  135.0067
    0.1776   -0.3013   -0.9368
   -0.6353    0.6920   -0.3430
    0.7516    0.6561   -0.0685
...    98 C-G ...
  -43.4854 -149.3332  134.5920
   -0.2069    0.0511   -0.9770
   -0.6325    0.7549    0.1734
    0.7464    0.6539   -0.1239
...    99 T-A ...
  -40.6373 -147.4209  133.6216
   -0.5963    0.3906   -0.7013
   -0.3977    0.6152    0.6807
    0.6974    0.6848   -0.2115
...   100 T-A ...
  -38.3708 -145.3647  132.5387
   -0.7269    0.6587   -0.1942
    0.0165    0.2994    0.9540
    0.6865    0.6903   -0.2285
...   101 T-A ...
  -36.2530 -143.1410  131.5415
   -0.6111    0.6997    0.3701
    0.4272   -0.1021    0.8984
    0.6664    0.7071   -0.2365
...   102 A-T ...
  -34.0184 -140.7246  130.8711
   -0.2619    0.4892    0.8319
    0.7218   -0.4729    0.5053
    0.6406    0.7328   -0.2293
...   103 T-A ...
  -32.5675 -137.9731  129.8349
    0.0958    0.1995    0.9752
    0.7741   -0.6308    0.0530
    0.6258    0.7498   -0.2149
...   104 G-C ...
  -30.6319 -135.3251  129.3518
    0.4895   -0.2883    0.8230
    0.5813   -0.5955   -0.5544
    0.6499    0.7498   -0.1239
...   105 C-G ...
  -28.5355 -132.7829  129.3434
    0.7091   -0.5888    0.3879
    0.2073   -0.3518   -0.9128
    0.6740    0.7277   -0.1274
...   106 T-A ...
  -26.1812 -130.2856  129.3651
    0.6856   -0.7034   -0.1875
   -0.2157    0.0497   -0.9752
    0.6953    0.7091   -0.1176
...   107 T-A ...
  -23.8759 -128.0744  129.1674
    0.4234   -0.5914   -0.6863
   -0.5599    0.4247   -0.7114
    0.7122    0.6855   -0.1513
...   108 C-G ...
  -21.3446 -126.0263  128.6638
   -0.0156   -0.3038   -0.9526
   -0.6964    0.6869   -0.2076
    0.7175    0.6602   -0.2223
...   109 C-G ...
  -18.8731 -123.9663  128.0250
   -0.4643   -0.0111   -0.8856
   -0.5930    0.7466    0.3015
    0.6579    0.6652   -0.3532
...   110 G-C ...
  -17.1417 -121.7685  126.8126
   -0.7797    0.2620   -0.5687
   -0.2642    0.6857    0.6782
    0.5677    0.6791   -0.4655
...   111 G-C ...
  -15.7018 -119.5330  124.7613
   -0.8428    0.5325   -0.0781
    0.2235    0.4783    0.8493
    0.4896    0.6983   -0.5222
...   112 C-G ...
  -14.6221 -117.2524  122.5342
   -0.6078    0.6779    0.4136
    0.6563    0.1357    0.7422
    0.4470    0.7226   -0.5274
...   113 T-A ...
  -13.4182 -114.8836  120.5826
   -0.1972    0.6261    0.7544
    0.8901   -0.2082    0.4055
    0.4109    0.7514   -0.5162
...   114 C-G ...
  -11.9853 -112.3414  119.0996
    0.3403    0.3754    0.8621
    0.8603   -0.4944   -0.1243
    0.3796    0.7840   -0.4912
...   115 G-C ...
  -10.3682 -110.0409  117.3706
    0.7533   -0.0144    0.6575
    0.5156   -0.6077   -0.6040
    0.4083    0.7940   -0.4504
...   116 T-A ...
   -9.0027 -107.2194  116.4224
    0.8974   -0.3553    0.2615
    0.0502   -0.5067   -0.8606
    0.4383    0.7855   -0.4369
...   117 A-T ...
   -7.3382 -104.4156  115.4190
    0.7387   -0.6271   -0.2473
   -0.4610   -0.2024   -0.8640
    0.4917    0.7522   -0.4386
...   118 T-A ...
   -5.3443 -102.0065  114.5803
    0.4211   -0.6382   -0.6446
   -0.7701    0.1239   -0.6258
    0.4792    0.7599   -0.4393
...   119 A-T ...
   -3.9072  -99.4774  112.9603
   -0.1193   -0.5030   -0.8560
   -0.8638    0.4777   -0.1603
    0.4895    0.7203   -0.4915
...   120 A-T ...
   -2.0982  -97.3961  111.2677
   -0.5962   -0.1862   -0.7809
   -0.6517    0.6804    0.3353
    0.4689    0.7088   -0.5270
...   121 T-A ...
   -0.2762  -95.5682  109.1671
   -0.8490    0.1784   -0.4973
   -0.2567    0.6833    0.6835
    0.4617    0.7080   -0.5344
...   122 G-C ...
    1.1451  -93.2654  107.0126
   -0.8895    0.4558    0.0314
    0.2753    0.4798    0.8331
    0.3647    0.7497   -0.5523
...   123 T-A ...
    1.9598  -90.9780  104.8453
   -0.6535    0.6128    0.4443
    0.6760    0.2085    0.7068
    0.3404    0.7622   -0.5505
...   124 G-C ...
    2.8609  -88.3594  103.0037
   -0.1956    0.5576    0.8067
    0.9374   -0.1353    0.3209
    0.2881    0.8190   -0.4962
...   125 T-A ...
    3.2602  -85.6618  101.3028
    0.2956    0.3735    0.8793
    0.9113   -0.3865   -0.1422
    0.2867    0.8433   -0.4546
...   126 C-G ...
    4.1507  -82.9341  100.0004
    0.7693    0.0865    0.6330
    0.5792   -0.5128   -0.6338
    0.2698    0.8542   -0.4446
...   127 G-C ...
    5.4075  -80.4564   98.2631
    0.9121   -0.2957    0.2839
    0.1305   -0.4470   -0.8850
    0.3886    0.8442   -0.3691
...   128 A-T ...
    6.5567  -77.7432   97.1308
    0.8177   -0.5023   -0.2813
   -0.4285   -0.2047   -0.8800
    0.3844    0.8401   -0.3826
...   129 C-G ...
    8.2719  -74.9895   96.5082
    0.4571   -0.5678   -0.6846
   -0.7900    0.0945   -0.6058
    0.4087    0.8177   -0.4054
...   130 C-G ...
   10.2118  -72.5682   95.0842
   -0.0572   -0.5193   -0.8526
   -0.8971    0.4016   -0.1844
    0.4382    0.7543   -0.4888
...   131 A-T ...
   11.0557  -69.8426   93.3644
   -0.5837   -0.2826   -0.7612
   -0.7127    0.6274    0.3136
    0.3890    0.7256   -0.5676
...   132 A-T ...
   12.3867  -67.6359   91.3315
   -0.8841    0.1150   -0.4530
   -0.2625    0.6798    0.6848
    0.3866    0.7244   -0.5708
...   133 A-T ...
   13.6925  -65.5408   89.1636
   -0.8562    0.5165    0.0126
    0.2948    0.4684    0.8329
    0.4243    0.7168   -0.5533
...   134 T-A ...
   14.7283  -63.4123   86.8244
   -0.5924    0.6746    0.4405
    0.6886    0.1400    0.7115
    0.4183    0.7248   -0.5474
...   135 G-C ...
   15.7211  -61.4788   83.9377
    0.0342    0.7399    0.6718
    0.8637   -0.3601    0.3526
    0.5028    0.5682   -0.6514
...   136 T-A ...
   15.7739  -59.5465   80.8036
    0.5516    0.4996    0.6680
    0.6739   -0.7388   -0.0038
    0.4916    0.4523   -0.7442
...   137 G-C ...
   16.8280  -57.7076   78.2737
    0.8528   -0.0847    0.5152
    0.1508   -0.9047   -0.3984
    0.4999    0.4175   -0.7588
...   138 A-T ...
   18.4175  -55.5142   76.5362
    0.8547   -0.5007    0.1370
   -0.3189   -0.7148   -0.6224
    0.4096    0.4883   -0.7706
...   139 G-C ...
   20.4152  -54.2945   74.5496
    0.5847   -0.7389   -0.3350
   -0.7594   -0.3532   -0.5465
    0.2854    0.5739   -0.7676
...   140 C-G ...
   21.4163  -51.8108   72.7949
    0.1305   -0.7142   -0.6876
   -0.8897    0.2217   -0.3991
    0.4375    0.6639   -0.6065
...   141 G-C ...
   22.1406  -50.1331   67.4724
   -0.4682   -0.8748    0.1248
   -0.8495    0.4067   -0.3362
    0.2434   -0.2634   -0.9335
...   142 C-G ...
   22.3377  -51.2252   64.5018
   -0.8529   -0.5117   -0.1032
   -0.4974    0.8566   -0.1372
    0.1587   -0.0657   -0.9851
...   143 T-A ...
   24.0059  -51.6202   61.9332
   -0.9563    0.0399   -0.2897
    0.0522    0.9980   -0.0348
    0.2877   -0.0484   -0.9565
...   144 C-G ...
   24.8857  -52.7207   58.9947
   -0.7530    0.5560   -0.3520
    0.5213    0.8304    0.1966
    0.4016   -0.0355   -0.9151
...   145 A-T ...
   25.5173  -52.9610   55.8126
   -0.2441    0.9563   -0.1609
    0.8907    0.2867    0.3528
    0.3835   -0.0571   -0.9218
...   146 C-G ...
   25.2677  -52.4925   52.0870
    0.3203    0.9428   -0.0928
    0.8825   -0.2613    0.3910
    0.3444   -0.2071   -0.9157
...   147 A-T ...
   25.6133  -52.5733   48.6478
    0.8597    0.5097    0.0339
    0.4498   -0.7866    0.4230
    0.2423   -0.3484   -0.9055
