  147 base-pairs
...     1 T-A ...
    0.0000    0.0000    0.0000
    1.0000    0.0000    0.0000
    0.0000    1.0000    0.0000
    0.0000    0.0000    1.0000
...     2 G-C ...
   -0.5555   -1.1003    3.3981
    0.7749    0.6051    0.1828
   -0.5991    0.7953   -0.0929
   -0.2016   -0.0375    0.9787
...     3 T-A ...
   -0.6619   -3.0237    6.5348
    0.3046    0.9250    0.2271
   -0.8994    0.3578   -0.2510
   -0.3134   -0.1278    0.9410
...     4 G-C ...
   -1.1607   -3.8418    9.6940
   -0.3351    0.9421    0.0133
   -0.8752   -0.3061   -0.3746
   -0.3489   -0.1372    0.9271
...     5 A-T ...
   -1.3881   -3.6770   12.8999
   -0.7835    0.6162   -0.0801
   -0.5677   -0.7622   -0.3109
   -0.2527   -0.1981    0.9470
...     6 G-C ...
   -2.6236   -3.5448   15.7072
   -0.9923    0.0611   -0.1075
   -0.0294   -0.9610   -0.2748
   -0.1201   -0.2695    0.9555
...     7 C-G ...
   -2.3138   -3.7570   18.8866
   -0.8620   -0.4995   -0.0864
    0.5008   -0.8655    0.0073
   -0.0785   -0.0370    0.9962
...     8 G-C ...
   -3.9561   -6.8109   23.3205
   -0.2581   -0.3560   -0.8981
    0.6294   -0.7673    0.1233
   -0.7330   -0.5335    0.4221
...     9 C-G ...
   -6.1177   -8.9414   24.2385
    0.1143   -0.7320   -0.6716
    0.8123   -0.3203    0.4874
   -0.5720   -0.6013    0.5580
...    10 T-A ...
   -8.5041   -9.6771   26.0540
    0.4660   -0.8587   -0.2131
    0.6274    0.1508    0.7640
   -0.6239   -0.4897    0.6090
...    11 C-G ...
  -11.0625  -11.3174   27.2336
    0.6660   -0.6911    0.2808
    0.3382    0.6152    0.7121
   -0.6649   -0.3794    0.6435
...    12 A-T ...
  -13.0013  -13.1789   29.0658
    0.7188   -0.1490    0.6790
   -0.1787    0.9043    0.3876
   -0.6718   -0.4000    0.6235
...    13 C-G ...
  -14.1788  -15.9359   31.3399
    0.4052    0.2865    0.8682
   -0.5270    0.8492   -0.0343
   -0.7470   -0.4437    0.4951
...    14 A-T ...
  -15.9532  -18.1566   33.3080
   -0.1503    0.6873    0.7107
   -0.6106    0.5008   -0.6135
   -0.7776   -0.5261    0.3444
...    15 A-T ...
  -18.2991  -19.9863   34.6252
   -0.4913    0.8367    0.2419
   -0.3990    0.0306   -0.9165
   -0.7742   -0.5468    0.3187
...    16 T-A ...
  -20.6165  -21.6359   36.2840
   -0.6243    0.7392   -0.2526
   -0.0883   -0.3881   -0.9174
   -0.7762   -0.5504    0.3076
...    17 T-A ...
  -23.1398  -23.2788   37.4767
   -0.5515    0.4055   -0.7290
    0.2852   -0.7296   -0.6216
   -0.7839   -0.5507    0.2867
...    18 T-A ...
  -25.7874  -24.8515   38.4620
   -0.2732   -0.0493   -0.9607
    0.5443   -0.8314   -0.1121
   -0.7932   -0.5535    0.2539
...    19 A-T ...
  -28.5858  -26.5701   38.9972
    0.1768   -0.4138   -0.8930
    0.5737   -0.6939    0.4351
   -0.7997   -0.5893    0.1148
...    20 T-A ...
  -31.4797  -28.1020   38.8672
    0.4563   -0.6895   -0.5625
    0.4023   -0.4040    0.8215
   -0.7937   -0.6012    0.0930
...    21 T-A ...
  -34.0991  -30.0090   38.8644
    0.6148   -0.7886   -0.0108
    0.0681    0.0394    0.9969
   -0.7857   -0.6136    0.0780
...    22 C-G ...
  -36.5476  -32.1731   38.9952
    0.5647   -0.6006    0.5659
   -0.3221    0.4710    0.8212
   -0.7598   -0.6461    0.0725
...    23 G-C ...
  -39.1015  -34.2321   39.5987
    0.3598   -0.1774    0.9160
   -0.6170    0.6911    0.3763
   -0.6998   -0.7006    0.1392
...    24 C-G ...
  -41.0878  -36.8489   40.0603
   -0.0110    0.2503    0.9681
   -0.7239    0.6659   -0.1804
   -0.6898   -0.7028    0.1739
...    25 A-T ...
  -43.5311  -39.0386   40.5675
   -0.3682    0.6377    0.6766
   -0.6045    0.3887   -0.6953
   -0.7064   -0.6650    0.2424
...    26 A-T ...
  -45.6747  -41.2569   41.5881
   -0.6566    0.7362    0.1641
   -0.2807   -0.0365   -0.9591
   -0.7001   -0.6758    0.2306
...    27 A-T ...
  -47.9227  -43.3717   42.5932
   -0.7030    0.5829   -0.4073
    0.1472   -0.4411   -0.8853
   -0.6958   -0.6824    0.2243
...    28 G-C ...
  -50.3705  -45.3950   43.5016
   -0.4739    0.3143   -0.8226
    0.4908   -0.6813   -0.5430
   -0.7311   -0.6611    0.1686
...    29 G-C ...
  -53.0785  -47.3323   44.0177
   -0.0686   -0.0373   -0.9969
    0.6532   -0.7570   -0.0167
   -0.7541   -0.6524    0.0763
...    30 C-G ...
  -55.8326  -49.1568   44.0337
    0.3344   -0.4017   -0.8525
    0.5772   -0.6278    0.5222
   -0.7450   -0.6667    0.0219
...    31 C-G ...
  -58.4229  -51.2988   43.6712
    0.6580   -0.6089   -0.4430
    0.2905   -0.3375    0.8954
   -0.6947   -0.7179   -0.0452
...    32 G-C ...
  -60.5340  -53.8807   43.7304
    0.7887   -0.6020    0.1244
   -0.1428    0.0173    0.9896
   -0.5979   -0.7983   -0.0723
...    33 G-C ...
  -62.2757  -56.7256   43.1691
    0.6405   -0.4272    0.6382
   -0.5593    0.3099    0.7688
   -0.5262   -0.8494   -0.0405
...    34 C-G ...
  -63.6286  -59.7273   42.8356
    0.2615   -0.1518    0.9532
   -0.8260    0.4756    0.3024
   -0.4992   -0.8665   -0.0010
...    35 C-G ...
  -64.9867  -62.8113   42.9649
   -0.1831    0.1985    0.9628
   -0.8517    0.4571   -0.2562
   -0.4910   -0.8670    0.0854
...    36 C-G ...
  -66.4385  -65.7927   43.5508
   -0.5742    0.4805    0.6629
   -0.6331    0.2529   -0.7316
   -0.5192   -0.8398    0.1590
...    37 G-C ...
  -68.4742  -68.4309   43.8117
   -0.7757    0.6183    0.1265
   -0.2278   -0.0874   -0.9698
   -0.5886   -0.7810    0.2086
...    38 A-T ...
  -70.4314  -70.9403   44.5947
   -0.7474    0.4680   -0.4717
    0.2654   -0.4406   -0.8576
   -0.6091   -0.7661    0.2051
...    39 C-G ...
  -72.7516  -73.0613   45.6562
   -0.4871    0.1850   -0.8535
    0.6112   -0.6258   -0.4845
   -0.6238   -0.7577    0.1918
...    40 A-T ...
  -74.7192  -75.6914   46.1531
    0.0011   -0.1370   -0.9906
    0.7656   -0.6372    0.0890
   -0.6433   -0.7585    0.1042
...    41 C-G ...
  -77.2708  -77.8091   46.2029
    0.4157   -0.4272   -0.8029
    0.6514   -0.4762    0.5906
   -0.6347   -0.7686    0.0803
...    42 G-C ...
  -79.1412  -80.5377   46.6405
    0.7770   -0.5209   -0.3534
    0.3072   -0.1763    0.9352
   -0.5494   -0.8352    0.0230
...    43 A-T ...
  -80.9401  -83.2639   46.5878
    0.8381   -0.4852    0.2494
   -0.1991    0.1535    0.9679
   -0.5079   -0.8608    0.0321
...    44 C-G ...
  -82.2818  -86.2396   46.1432
    0.6395   -0.2980    0.7087
   -0.6069    0.3701    0.7033
   -0.4719   -0.8799    0.0558
...    45 T-A ...
  -83.4810  -89.3125   46.2554
    0.2719    0.0067    0.9623
   -0.8638    0.4424    0.2410
   -0.4241   -0.8968    0.1261
...    46 T-A ...
  -84.5978  -92.3201   46.6821
   -0.2478    0.2703    0.9303
   -0.8740    0.3520   -0.3350
   -0.4180   -0.8961    0.1490
...    47 A-T ...
  -86.0949  -95.2332   47.2591
   -0.6798    0.4823    0.5525
   -0.5854    0.0969   -0.8049
   -0.4418   -0.8706    0.2165
...    48 C-G ...
  -87.3374  -97.9989   48.5919
   -0.8757    0.4803    0.0493
   -0.1577   -0.1879   -0.9695
   -0.4564   -0.8567    0.2403
...    49 T-A ...
  -89.0064 -100.6411   49.6890
   -0.8095    0.3406   -0.4782
    0.3120   -0.4404   -0.8419
   -0.4973   -0.8307    0.2502
...    50 G-C ...
  -90.6583 -103.4733   50.1994
   -0.4503    0.0734   -0.8899
    0.7089   -0.5765   -0.4062
   -0.5428   -0.8138    0.2076
...    51 T-A ...
  -92.9524 -105.7805   50.9428
   -0.0056   -0.2318   -0.9728
    0.8433   -0.5239    0.1200
   -0.5374   -0.8196    0.1984
...    52 A-T ...
  -94.5629 -108.6102   51.7118
    0.5150   -0.4918   -0.7021
    0.6816   -0.2618    0.6833
   -0.5198   -0.8304    0.2004
...    53 G-C ...
  -96.4059 -111.3378   52.0730
    0.8303   -0.4941   -0.2580
    0.3211    0.0456    0.9459
   -0.4556   -0.8682    0.1966
...    54 G-C ...
  -97.9525 -114.3279   52.3806
    0.9195   -0.2956    0.2591
   -0.1683    0.2996    0.9391
   -0.3552   -0.9071    0.2257
...    55 T-A ...
  -98.7914 -117.4912   52.6025
    0.7270   -0.0453    0.6851
   -0.6134    0.4056    0.6777
   -0.3086   -0.9129    0.2670
...    56 A-T ...
  -99.3784 -120.6368   53.5322
    0.3405    0.3303    0.8803
   -0.9172    0.3226    0.2337
   -0.2068   -0.8870    0.4128
...    57 T-A ...
  -99.3645 -123.6093   54.8863
   -0.1508    0.4730    0.8681
   -0.9693    0.1019   -0.2239
   -0.1943   -0.8752    0.4431
...    58 C-G ...
  -99.9597 -126.3349   56.5676
   -0.6738    0.4804    0.5615
   -0.7142   -0.2282   -0.6617
   -0.1897   -0.8468    0.4969
...    59 T-A ...
 -100.5281 -128.9010   58.5691
   -0.9397    0.3243    0.1090
   -0.2659   -0.4918   -0.8292
   -0.2153   -0.8081    0.5483
...    60 C-G ...
 -101.3949 -131.4355   60.4710
   -0.9160   -0.0346   -0.3996
    0.3363   -0.6090   -0.7183
   -0.2185   -0.7924    0.5695
...    61 G-C ...
 -101.9668 -134.3506   62.0021
   -0.5493   -0.3423   -0.7623
    0.7933   -0.5002   -0.3471
   -0.2624   -0.7954    0.5463
...    62 A-T ...
 -102.9049 -136.8800   63.8909
    0.0305   -0.5747   -0.8178
    0.9693   -0.1827    0.1645
   -0.2439   -0.7977    0.5515
...    63 G-C ...
 -103.9840 -139.5163   65.5923
    0.5485   -0.5430   -0.6358
    0.8138    0.1721    0.5551
   -0.1920   -0.8219    0.5363
...    64 C-G ...
 -104.9434 -142.2997   67.1104
    0.9104   -0.3129   -0.2707
    0.3942    0.4577    0.7969
   -0.1255   -0.8322    0.5400
...    65 T-A ...
 -105.2784 -145.2240   68.5982
    0.9920    0.0493    0.1166
   -0.1243    0.5547    0.8227
   -0.0242   -0.8306    0.5564
...    66 C-G ...
 -105.2386 -147.9545   70.3491
    0.7482    0.4284    0.5067
   -0.6613    0.4200    0.6215
    0.0534   -0.8001    0.5975
...    67 G-C ...
 -104.9943 -150.3632   72.6340
    0.2698    0.7226    0.6364
   -0.9476    0.0821    0.3086
    0.1708   -0.6864    0.7069
...    68 G-C ...
 -103.9565 -152.2782   75.1990
   -0.2870    0.7317    0.6183
   -0.9344   -0.3559   -0.0126
    0.2109   -0.5814    0.7858
...    69 G-C ...
 -103.1169 -153.6791   78.1547
   -0.7579    0.4723    0.4501
   -0.6201   -0.7359   -0.2719
    0.2028   -0.4852    0.8506
...    70 A-T ...
 -102.5432 -155.0734   81.0848
   -0.9774   -0.0584    0.2030
   -0.0400   -0.8925   -0.4493
    0.2075   -0.4473    0.8700
...    71 T-A ...
 -101.9867 -155.8989   84.2579
   -0.8475   -0.5304   -0.0199
    0.4710   -0.7343   -0.4889
    0.2447   -0.4237    0.8721
...    72 C-G ...
 -101.2788 -157.2250   87.1985
   -0.3866   -0.8764   -0.2871
    0.8841   -0.2636   -0.3857
    0.2624   -0.4030    0.8768
...    73 C-G ...
 -100.6389 -158.5194   90.2611
    0.1506   -0.8571   -0.4926
    0.9448    0.2715   -0.1835
    0.2911   -0.4378    0.8507
...    74 G-C ...
  -99.3223 -159.5809   93.1433
    0.6130   -0.5127   -0.6012
    0.6842    0.7250    0.0794
    0.3951   -0.4600    0.7952
...    75 C-G ...
  -98.3125 -161.3921   95.7072
    0.8505   -0.0149   -0.5257
    0.2413    0.8993    0.3649
    0.4673   -0.4372    0.7685
...    76 T-A ...
  -96.6485 -163.0677   97.9874
    0.7959    0.4858   -0.3612
   -0.2157    0.7850    0.5807
    0.5657   -0.3843    0.7296
...    77 T-A ...
  -94.6675 -164.3578  100.1599
    0.5051    0.8610   -0.0593
   -0.5981    0.3988    0.6951
    0.6222   -0.3157    0.7164
...    78 T-A ...
  -92.4564 -165.2810  102.2984
    0.0565    0.9623    0.2659
   -0.7544   -0.1333    0.6427
    0.6540   -0.2369    0.7185
...    79 A-T ...
  -90.0346 -165.5217  104.5688
   -0.4519    0.7776    0.4372
   -0.6168   -0.6264    0.4765
    0.6444   -0.0543    0.7628
...    80 A-T ...
  -87.8566 -165.3595  106.9621
   -0.7186    0.2925    0.6309
   -0.2332   -0.9561    0.1778
    0.6552   -0.0194    0.7552
...    81 C-G ...
  -85.7578 -164.7145  109.4773
   -0.7320   -0.2499    0.6339
    0.1997   -0.9681   -0.1511
    0.6514    0.0160    0.7585
...    82 A-T ...
  -83.5456 -164.9357  111.9174
   -0.4881   -0.7692    0.4123
    0.6097   -0.6386   -0.4696
    0.6245    0.0222    0.7807
...    83 C-G ...
  -81.9290 -164.5877  114.8440
   -0.0773   -0.9902    0.1163
    0.7706   -0.1334   -0.6232
    0.6326    0.0415    0.7734
...    84 T-A ...
  -80.0477 -164.5210  117.5842
    0.3311   -0.9103   -0.2484
    0.6781    0.4125   -0.6082
    0.6561    0.0329    0.7539
...    85 T-A ...
  -78.1189 -164.5008  120.2002
    0.6646   -0.5130   -0.5432
    0.3437    0.8554   -0.3875
    0.6635    0.0708    0.7448
...    86 T-A ...
  -76.0223 -164.4660  122.6604
    0.7164    0.0469   -0.6961
   -0.1013    0.9942   -0.0373
    0.6903    0.0973    0.7170
...    87 A-T ...
  -73.4302 -164.4681  124.7632
    0.4034    0.5136   -0.7573
   -0.4303    0.8369    0.3383
    0.8075    0.1894    0.5586
...    88 T-A ...
  -70.4958 -164.2436  126.1253
    0.0956    0.8410   -0.5325
   -0.5619    0.4872    0.6686
    0.8217    0.2353    0.5191
...    89 G-C ...
  -67.7203 -163.0468  127.5738
   -0.3582    0.9155   -0.1834
   -0.4729   -0.0085    0.8811
    0.8050    0.4023    0.4360
...    90 C-G ...
  -65.0730 -161.3183  128.4851
   -0.6053    0.7437    0.2838
   -0.1631   -0.4648    0.8703
    0.7791    0.4805    0.4027
...    91 T-A ...
  -62.6581 -159.3314  129.5464
   -0.6411    0.3673    0.6739
    0.2306   -0.7453    0.6256
    0.7320    0.5565    0.3930
...    92 T-A ...
  -60.4158 -157.2247  130.6186
   -0.3564   -0.0990    0.9291
    0.5675   -0.8129    0.1311
    0.7422    0.5740    0.3459
...    93 C-G ...
  -58.0950 -155.2340  131.8426
    0.0679   -0.5508    0.8319
    0.6765   -0.5874   -0.4442
    0.7333    0.5929    0.3327
...    94 C-G ...
  -55.7986 -153.1258  133.1428
    0.4032   -0.8034    0.4381
    0.5263   -0.1881   -0.8292
    0.7486    0.5650    0.3470
...    95 T-A ...
  -53.4186 -151.2965  134.5568
    0.5974   -0.7983   -0.0765
    0.2194    0.2544   -0.9419
    0.7713    0.5460    0.3271
...    96 C-G ...
  -50.9528 -149.4696  135.7156
    0.5835   -0.5201   -0.6237
   -0.1930    0.6573   -0.7286
    0.7889    0.5455    0.2831
...    97 A-T ...
  -48.3684 -147.5458  136.5427
    0.2694   -0.1474   -0.9517
   -0.4798    0.8363   -0.2653
    0.8350    0.5281    0.1546
...    98 T-A ...
  -45.3451 -146.4111  136.9693
   -0.0357    0.2554   -0.9662
   -0.5500    0.8022    0.2324
    0.8344    0.5397    0.1118
...    99 G-C ...
  -42.6020 -144.4977  136.9454
   -0.4591    0.5410   -0.7047
   -0.4139    0.5716    0.7085
    0.7861    0.6169   -0.0385
...   100 T-A ...
  -40.0049 -142.6881  136.1593
   -0.6540    0.7142   -0.2495
   -0.1062    0.2399    0.9650
    0.7490    0.6576   -0.0810
...   101 T-A ...
  -37.6699 -140.5288  135.5800
   -0.6230    0.7120    0.3238
    0.2918   -0.1724    0.9408
    0.7257    0.6806   -0.1004
...   102 A-T ...
  -35.4043 -138.1174  135.2677
   -0.3809    0.4489    0.8083
    0.6310   -0.5128    0.5821
    0.6758    0.7318   -0.0880
...   103 T-A ...
  -33.7310 -135.3220  134.6981
    0.0024    0.1430    0.9897
    0.7423   -0.6634    0.0941
    0.6700    0.7345   -0.1077
...   104 A-T ...
  -31.2576 -133.1183  134.1597
    0.4930   -0.2683    0.8276
    0.5750   -0.6135   -0.5413
    0.6530    0.7428   -0.1481
...   105 A-T ...
  -29.3180 -130.5162  133.8750
    0.7585   -0.5406    0.3639
    0.1768   -0.3668   -0.9134
    0.6272    0.7572   -0.1826
...   106 C-G ...
  -27.2639 -127.9168  133.8616
    0.7290   -0.6661   -0.1578
   -0.2473   -0.0413   -0.9681
    0.6383    0.7447   -0.1948
...   107 G-C ...
  -25.3511 -125.3978  132.8198
    0.3948   -0.6686   -0.6301
   -0.6117    0.3205   -0.7233
    0.6855    0.6710   -0.2825
...   108 G-C ...
  -22.8241 -123.3567  131.9776
   -0.0594   -0.4708   -0.8802
   -0.7236    0.6277   -0.2870
    0.6877    0.6199   -0.3779
...   109 A-T ...
  -20.5383 -121.4476  130.6862
   -0.5027   -0.0751   -0.8612
   -0.5565    0.7905    0.2558
    0.6616    0.6078   -0.4392
...   110 G-C ...
  -18.3358 -119.7347  128.9449
   -0.7730    0.2754   -0.5716
   -0.2145    0.7344    0.6439
    0.5971    0.6203   -0.5086
...   111 G-C ...
  -16.6014 -117.8331  126.7567
   -0.8282    0.5517   -0.0984
    0.2460    0.5157    0.8207
    0.5035    0.6555   -0.5629
...   112 C-G ...
  -15.3343 -115.7529  124.5303
   -0.5947    0.7080    0.3809
    0.6648    0.1665    0.7283
    0.4522    0.6863   -0.5697
...   113 T-A ...
  -14.2475 -113.3927  122.4851
   -0.1912    0.6562    0.7300
    0.8928   -0.1926    0.4071
    0.4077    0.7296   -0.5490
...   114 C-G ...
  -13.0587 -110.8934  120.7374
    0.3542    0.4100    0.8405
    0.8455   -0.5244   -0.1005
    0.3995    0.7462   -0.5325
...   115 G-C ...
  -11.4036 -108.6329  118.9460
    0.7245   -0.0126    0.6891
    0.5218   -0.6432   -0.5603
    0.4503    0.7656   -0.4595
...   116 T-A ...
  -10.1467 -105.7527  117.8874
    0.8805   -0.3574    0.3113
    0.0731   -0.5467   -0.8341
    0.4683    0.7572   -0.4553
...   117 A-T ...
   -8.6146 -103.3290  116.2027
    0.7374   -0.6386   -0.2199
   -0.4570   -0.2321   -0.8587
    0.4973    0.7337   -0.4630
...   118 T-A ...
   -6.5826 -100.9360  115.2309
    0.4088   -0.6744   -0.6149
   -0.7655    0.1134   -0.6333
    0.4968    0.7296   -0.4699
...   119 A-T ...
   -4.9063  -98.6155  113.5591
   -0.1356   -0.5539   -0.8214
   -0.8541    0.4856   -0.1864
    0.5021    0.6763   -0.5390
...   120 A-T ...
   -3.0916  -96.6389  111.7476
   -0.5939   -0.2046   -0.7781
   -0.6352    0.7127    0.2975
    0.4937    0.6709   -0.5533
...   121 T-A ...
   -1.2229  -94.9993  109.6045
   -0.8377    0.1640   -0.5209
   -0.2570    0.7232    0.6410
    0.4819    0.6709   -0.5637
...   122 G-C ...
    0.1032  -92.6669  107.6378
   -0.8925    0.4506   -0.0187
    0.2564    0.5412    0.8009
    0.3710    0.7100   -0.5985
...   123 T-A ...
    0.9332  -90.5980  105.2026
   -0.6504    0.6370    0.4138
    0.6790    0.2434    0.6926
    0.3404    0.7314   -0.5909
...   124 G-C ...
    1.9743  -88.0010  103.4120
   -0.2034    0.5838    0.7860
    0.9358   -0.1202    0.3315
    0.2880    0.8029   -0.5219
...   125 T-A ...
    2.2889  -85.2143  101.6621
    0.2950    0.4151    0.8606
    0.9106   -0.3949   -0.1217
    0.2894    0.8196   -0.4945
...   126 C-G ...
    3.1678  -82.4495  100.1615
    0.7563    0.0844    0.6487
    0.5784   -0.5497   -0.6028
    0.3057    0.8311   -0.4646
...   127 G-C ...
    4.4568  -79.9160   98.4328
    0.9120   -0.3167    0.2605
    0.0842   -0.4772   -0.8748
    0.4014    0.8197   -0.4086
...   128 A-T ...
    5.8136  -77.2100   97.2051
    0.7799   -0.5594   -0.2807
   -0.4545   -0.1979   -0.8685
    0.4302    0.8049   -0.4086
...   129 C-G ...
    7.6604  -74.6133   96.3289
    0.4249   -0.6011   -0.6768
   -0.7858    0.1261   -0.6054
    0.4493    0.7891   -0.4188
...   130 C-G ...
    9.4947  -72.1730   94.9126
   -0.0947   -0.5009   -0.8603
   -0.8810    0.4445   -0.1618
    0.4635    0.7426   -0.4834
...   131 A-T ...
   10.8808  -69.6847   93.2173
   -0.6108   -0.2357   -0.7559
   -0.6667    0.6681    0.3304
    0.4271    0.7057   -0.5652
...   132 A-T ...
   12.3813  -67.6223   91.2086
   -0.8779    0.1799   -0.4438
   -0.2141    0.6815    0.6998
    0.4283    0.7094   -0.5598
...   133 A-T ...
   13.7262  -65.5031   89.1529
   -0.8508    0.5249    0.0238
    0.3083    0.4620    0.8316
    0.4255    0.7149   -0.5549
...   134 T-A ...
   14.7284  -63.4124   86.8244
   -0.5924    0.6746    0.4405
    0.6886    0.1400    0.7115
    0.4183    0.7248   -0.5474
...   135 G-C ...
   15.7212  -61.4789   83.9377
    0.0342    0.7399    0.6718
    0.8637   -0.3601    0.3526
    0.5028    0.5682   -0.6514
...   136 T-A ...
   15.7740  -59.5466   80.8036
    0.5516    0.4996    0.6680
    0.6739   -0.7388   -0.0038
    0.4916    0.4523   -0.7442
...   137 G-C ...
   16.8281  -57.7077   78.2737
    0.8528   -0.0847    0.5152
    0.1508   -0.9047   -0.3984
    0.4999    0.4175   -0.7588
...   138 A-T ...
   18.4177  -55.5143   76.5362
    0.8547   -0.5007    0.1370
   -0.3189   -0.7148   -0.6224
    0.4096    0.4883   -0.7706
...   139 G-C ...
   20.4153  -54.2947   74.5496
    0.5847   -0.7389   -0.3350
   -0.7594   -0.3532   -0.5465
    0.2854    0.5739   -0.7676
...   140 C-G ...
   21.4165  -51.8109   72.7949
    0.1305   -0.7142   -0.6876
   -0.8897    0.2217   -0.3991
    0.4375    0.6639   -0.6065
...   141 G-C ...
   22.1407  -50.1332   67.4724
   -0.4682   -0.8748    0.1248
   -0.8495    0.4067   -0.3362
    0.2434   -0.2634   -0.9335
...   142 C-G ...
   22.3378  -51.2254   64.5019
   -0.8529   -0.5117   -0.1032
   -0.4974    0.8566   -0.1372
    0.1587   -0.0657   -0.9851
...   143 T-A ...
   24.0061  -51.6203   61.9332
   -0.9563    0.0399   -0.2897
    0.0522    0.9980   -0.0348
    0.2877   -0.0484   -0.9565
...   144 C-G ...
   24.8858  -52.7208   58.9947
   -0.7530    0.5560   -0.3520
    0.5213    0.8304    0.1966
    0.4016   -0.0355   -0.9151
...   145 A-T ...
   25.5175  -52.9611   55.8127
   -0.2441    0.9563   -0.1609
    0.8907    0.2867    0.3528
    0.3835   -0.0571   -0.9218
...   146 C-G ...
   25.2678  -52.4926   52.0870
    0.3203    0.9428   -0.0928
    0.8825   -0.2613    0.3910
    0.3444   -0.2071   -0.9157
...   147 A-T ...
   25.6134  -52.5734   48.6478
    0.8597    0.5097    0.0339
    0.4498   -0.7866    0.4230
    0.2423   -0.3484   -0.9055
