  147 base-pairs
...     1 T-A ...
    0.0000    0.0000    0.0000
    1.0000    0.0000    0.0000
    0.0000    1.0000    0.0000
    0.0000    0.0000    1.0000
...     2 G-C ...
   -0.5555   -1.1003    3.3981
    0.7749    0.6051    0.1828
   -0.5991    0.7953   -0.0929
   -0.2016   -0.0375    0.9787
...     3 T-A ...
   -0.6619   -3.0237    6.5348
    0.3046    0.9250    0.2271
   -0.8994    0.3578   -0.2510
   -0.3134   -0.1278    0.9410
...     4 G-C ...
   -1.1607   -3.8418    9.6940
   -0.3351    0.9421    0.0133
   -0.8752   -0.3061   -0.3746
   -0.3489   -0.1372    0.9271
...     5 A-T ...
   -1.3881   -3.6770   12.8999
   -0.7835    0.6162   -0.0801
   -0.5677   -0.7622   -0.3109
   -0.2527   -0.1981    0.9470
...     6 G-C ...
   -2.6236   -3.5448   15.7072
   -0.9923    0.0611   -0.1075
   -0.0294   -0.9610   -0.2748
   -0.1201   -0.2695    0.9555
...     7 C-G ...
   -2.3138   -3.7570   18.8866
   -0.8620   -0.4995   -0.0864
    0.5008   -0.8655    0.0073
   -0.0785   -0.0370    0.9962
...     8 G-C ...
   -3.9561   -6.8109   23.3205
   -0.2581   -0.3560   -0.8981
    0.6294   -0.7673    0.1233
   -0.7330   -0.5335    0.4221
...     9 C-G ...
   -6.1177   -8.9414   24.2385
    0.1143   -0.7320   -0.6716
    0.8123   -0.3203    0.4874
   -0.5720   -0.6013    0.5580
...    10 T-A ...
   -8.5041   -9.6771   26.0540
    0.4660   -0.8587   -0.2131
    0.6274    0.1508    0.7640
   -0.6239   -0.4897    0.6090
...    11 C-G ...
  -11.0625  -11.3174   27.2336
    0.6660   -0.6911    0.2808
    0.3382    0.6152    0.7121
   -0.6649   -0.3794    0.6435
...    12 A-T ...
  -13.0013  -13.1789   29.0658
    0.7188   -0.1490    0.6790
   -0.1787    0.9043    0.3876
   -0.6718   -0.4000    0.6235
...    13 C-G ...
  -14.1788  -15.9359   31.3399
    0.4052    0.2865    0.8682
   -0.5270    0.8492   -0.0343
   -0.7470   -0.4437    0.4951
...    14 A-T ...
  -15.9532  -18.1566   33.3080
   -0.1503    0.6873    0.7107
   -0.6106    0.5008   -0.6135
   -0.7776   -0.5261    0.3444
...    15 A-T ...
  -18.2983  -19.9852   34.6271
   -0.4906    0.8370    0.2426
   -0.4000    0.0311   -0.9160
   -0.7742   -0.5464    0.3195
...    16 T-A ...
  -20.6140  -21.6336   36.2890
   -0.6242    0.7398   -0.2513
   -0.0902   -0.3877   -0.9174
   -0.7760   -0.5499    0.3087
...    17 T-A ...
  -23.1358  -23.2741   37.4877
   -0.5532    0.4062   -0.7273
    0.2831   -0.7294   -0.6227
   -0.7834   -0.5504    0.2886
...    18 T-A ...
  -25.7817  -24.8443   38.4816
   -0.2768   -0.0488   -0.9597
    0.5435   -0.8316   -0.1145
   -0.7924   -0.5533    0.2567
...    19 A-T ...
  -28.5761  -26.5631   39.0294
    0.1719   -0.4141   -0.8939
    0.5756   -0.6942    0.4322
   -0.7995   -0.5888    0.1190
...    20 T-A ...
  -31.4717  -28.0931   38.9151
    0.4526   -0.6898   -0.5651
    0.4068   -0.4042    0.8192
   -0.7935   -0.6006    0.0977
...    21 T-A ...
  -34.0925  -29.9978   38.9273
    0.6143   -0.7889   -0.0151
    0.0749    0.0392    0.9964
   -0.7855   -0.6132    0.0832
...    22 C-G ...
  -36.5414  -32.1590   39.0734
    0.5691   -0.6010    0.5611
   -0.3154    0.4706    0.8240
   -0.7594   -0.6459    0.0783
...    23 G-C ...
  -39.0878  -34.2193   39.6934
    0.3693   -0.1778    0.9121
   -0.6131    0.6910    0.3830
   -0.6984   -0.7007    0.1462
...    24 C-G ...
  -41.0662  -36.8364   40.1749
    0.0006    0.2499    0.9683
   -0.7259    0.6661   -0.1715
   -0.6878   -0.7028    0.1818
...    25 A-T ...
  -43.4973  -39.0299   40.7174
   -0.3578    0.6377    0.6821
   -0.6142    0.3895   -0.6863
   -0.7034   -0.6645    0.2524
...    26 A-T ...
  -45.6273  -41.2456   41.7701
   -0.6527    0.7372    0.1748
   -0.2959   -0.0356   -0.9546
   -0.6975   -0.6748    0.2414
...    27 A-T ...
  -47.8624  -43.3557   42.8117
   -0.7085    0.5847   -0.3952
    0.1314   -0.4409   -0.8879
   -0.6933   -0.6810    0.2356
...    28 G-C ...
  -50.2979  -45.3736   43.7614
   -0.4878    0.3158   -0.8138
    0.4794   -0.6822   -0.5521
   -0.7295   -0.6594    0.1814
...    29 G-C ...
  -53.0003  -47.3041   44.3243
   -0.0877   -0.0368   -0.9955
    0.6508   -0.7587   -0.0293
   -0.7542   -0.6504    0.0905
...    30 C-G ...
  -55.7571  -49.1223   44.3933
    0.3162   -0.4026   -0.8590
    0.5857   -0.6295    0.5106
   -0.7463   -0.6646    0.0367
...    31 C-G ...
  -58.3608  -51.2555   44.0840
    0.6467   -0.6110   -0.4566
    0.3083   -0.3383    0.8891
   -0.6977   -0.7157   -0.0304
...    32 G-C ...
  -60.4804  -53.8264   44.1905
    0.7894   -0.6045    0.1069
   -0.1203    0.0185    0.9926
   -0.6020   -0.7964   -0.0582
...    33 G-C ...
  -62.2461  -56.6635   43.6677
    0.6544   -0.4287    0.6229
   -0.5395    0.3125    0.7818
   -0.5299   -0.8477   -0.0268
...    34 C-G ...
  -63.6168  -59.6590   43.3677
    0.2856   -0.1515    0.9463
   -0.8162    0.4790    0.3230
   -0.5022   -0.8646    0.0132
...    35 C-G ...
  -64.9773  -62.7397   43.5335
   -0.1550    0.2012    0.9672
   -0.8566    0.4604   -0.2331
   -0.4922   -0.8646    0.1010
...    36 C-G ...
  -66.4200  -65.7144   44.1689
   -0.5511    0.4853    0.6788
   -0.6535    0.2547   -0.7128
   -0.5188   -0.8364    0.1768
...    37 G-C ...
  -68.4623  -68.3359   44.5075
   -0.7666    0.6245    0.1497
   -0.2601   -0.0888   -0.9615
   -0.5871   -0.7760    0.2305
...    38 A-T ...
  -70.4140  -70.8237   45.3642
   -0.7590    0.4727   -0.4476
    0.2322   -0.4457   -0.8645
   -0.6082   -0.7602    0.2285
...    39 C-G ...
  -72.7150  -72.9196   46.5117
   -0.5151    0.1864   -0.8366
    0.5881   -0.6332   -0.5032
   -0.6235   -0.7512    0.2165
...    40 A-T ...
  -74.6855  -75.5296   47.0849
   -0.0364   -0.1416   -0.9893
    0.7620   -0.6444    0.0642
   -0.6466   -0.7515    0.1314
...    41 C-G ...
  -77.2545  -77.6224   47.2377
    0.3807   -0.4360   -0.8155
    0.6681   -0.4800    0.5685
   -0.6393   -0.7613    0.1085
...    42 G-C ...
  -79.1346  -80.3255   47.7679
    0.7564   -0.5328   -0.3795
    0.3412   -0.1736    0.9238
   -0.5581   -0.8283    0.0505
...    43 A-T ...
  -80.9712  -83.0260   47.8059
    0.8411   -0.4943    0.2197
   -0.1582    0.1636    0.9738
   -0.5172   -0.8538    0.0594
...    44 C-G ...
  -82.3688  -85.9860   47.4406
    0.6642   -0.3011    0.6843
   -0.5723    0.3842    0.7245
   -0.4810   -0.8728    0.0828
...    45 T-A ...
  -83.6034  -89.0399   47.6281
    0.3136    0.0114    0.9495
   -0.8460    0.4574    0.2739
   -0.4312   -0.8892    0.1531
...    46 T-A ...
  -84.7446  -92.0245   48.1347
   -0.1999    0.2845    0.9376
   -0.8830    0.3624   -0.2982
   -0.4246   -0.8875    0.1788
...    47 A-T ...
  -86.2309  -94.9091   48.8480
   -0.6371    0.5065    0.5810
   -0.6267    0.0985   -0.7730
   -0.4487   -0.8566    0.2546
...    48 C-G ...
  -87.4586  -97.6207   50.2931
   -0.8594    0.5033    0.0903
   -0.2171   -0.1992   -0.9556
   -0.4630   -0.8408    0.2805
...    49 T-A ...
  -89.1281 -100.1970   51.5308
   -0.8266    0.3549   -0.4368
    0.2504   -0.4632   -0.8502
   -0.5041   -0.8121    0.2940
...    50 G-C ...
  -90.8267 -102.9707   52.1830
   -0.5000    0.0700   -0.8632
    0.6669   -0.6048   -0.4353
   -0.5525   -0.7933    0.2557
...    51 T-A ...
  -93.1379 -105.1946   53.1074
   -0.0711   -0.2512   -0.9653
    0.8331   -0.5471    0.0811
   -0.5485   -0.7985    0.2482
...    52 A-T ...
  -94.7591 -107.9657   54.0553
    0.4553   -0.5298   -0.7155
    0.7128   -0.2647    0.6495
   -0.5335   -0.8058    0.2571
...    53 G-C ...
  -96.6668 -110.6147   54.6147
    0.7954   -0.5321   -0.2901
    0.3795    0.0641    0.9230
   -0.4725   -0.8443    0.2529
...    54 G-C ...
  -98.3055 -113.5279   55.1215
    0.9223   -0.3217    0.2140
   -0.0993    0.3379    0.9359
   -0.3734   -0.8845    0.2797
...    55 T-A ...
  -99.2466 -116.6465   55.5094
    0.7661   -0.0498    0.6409
   -0.5543    0.4536    0.6978
   -0.3254   -0.8898    0.3199
...    56 A-T ...
  -99.8689 -119.7421   56.5799
    0.4128    0.3513    0.8404
   -0.8859    0.3691    0.2809
   -0.2115   -0.8605    0.4635
...    57 T-A ...
  -99.8754 -122.6522   58.0581
   -0.0701    0.5157    0.8539
   -0.9779    0.1334   -0.1609
   -0.1968   -0.8463    0.4949
...    58 C-G ...
 -100.4564 -125.2712   59.9000
   -0.6100    0.5362    0.5834
   -0.7695   -0.2251   -0.5977
   -0.1892   -0.8135    0.5499
...    59 T-A ...
 -100.9861 -127.7075   62.0629
   -0.9130    0.3759    0.1586
   -0.3489   -0.5175   -0.7813
   -0.2116   -0.7687    0.6036
...    60 C-G ...
 -101.8392 -130.0924   64.1510
   -0.9438   -0.0055   -0.3306
    0.2513   -0.6618   -0.7063
   -0.2149   -0.7496    0.6260
...    61 G-C ...
 -102.4623 -132.8906   65.8671
   -0.6217   -0.3515   -0.6999
    0.7376   -0.5634   -0.3722
   -0.2635   -0.7477    0.6096
...    62 T-A ...
 -103.8758 -135.0704   67.9884
   -0.1386   -0.5993   -0.7884
    0.9584   -0.2817    0.0456
   -0.2494   -0.7493    0.6134
...    63 C-G ...
 -104.8089 -137.4794   70.0329
    0.4594   -0.6385   -0.6175
    0.8606    0.1478    0.4874
   -0.2199   -0.7553    0.6174
...    64 A-T ...
 -105.4516 -139.9143   72.2072
    0.8825   -0.3576   -0.3054
    0.4556    0.4892    0.7437
   -0.1165   -0.7955    0.5946
...    65 T-A ...
 -105.9412 -142.8393   73.5868
    0.9959   -0.0424    0.0803
   -0.0380    0.6094    0.7919
   -0.0825   -0.7917    0.6053
...    66 G-C ...
 -105.9277 -145.4912   75.6316
    0.8258    0.4228    0.3733
   -0.5587    0.5223    0.6443
    0.0774   -0.7406    0.6675
...    67 T-A ...
 -105.1182 -148.0342   77.4809
    0.4267    0.6845    0.5912
   -0.8951    0.2260    0.3844
    0.1295   -0.6931    0.7091
...    68 T-A ...
 -104.4291 -150.1908   79.7693
   -0.1373    0.7356    0.6634
   -0.9782   -0.2060    0.0261
    0.1559   -0.6453    0.7479
...    69 A-T ...
 -103.8809 -152.0578   82.4558
   -0.6728    0.5579    0.4859
   -0.7258   -0.6249   -0.2876
    0.1432   -0.5461    0.8254
...    70 T-A ...
 -103.0484 -153.2668   85.4075
   -0.9454    0.1587    0.2846
   -0.2832   -0.8321   -0.4768
    0.1611   -0.5314    0.8317
...    71 A-T ...
 -102.4453 -155.4763   87.9049
   -0.8891   -0.4573   -0.0184
    0.3921   -0.7403   -0.5461
    0.2361   -0.4928    0.8375
...    72 A-T ...
 -101.8476 -156.8122   90.8297
   -0.4745   -0.8385   -0.2680
    0.8297   -0.3243   -0.4544
    0.2941   -0.4380    0.8495
...    73 C-G ...
 -101.4376 -158.1893   93.8535
    0.0352   -0.8870   -0.4604
    0.9496    0.1733   -0.2613
    0.3116   -0.4280    0.8484
...    74 G-C ...
 -100.0094 -159.2488   96.6733
    0.5202   -0.5975   -0.6102
    0.7530    0.6581   -0.0025
    0.4031   -0.4582    0.7922
...    75 G-C ...
  -98.9093 -160.9550   99.3662
    0.7879   -0.1114   -0.6056
    0.3530    0.8875    0.2961
    0.5045   -0.4471    0.7386
...    76 A-T ...
  -97.3210 -162.4731  101.7371
    0.8016    0.4399   -0.4049
   -0.1509    0.8041    0.5750
    0.5785   -0.3999    0.7109
...    77 A-T ...
  -95.2804 -163.8121  103.8221
    0.5474    0.8311   -0.0982
   -0.5419    0.4414    0.7152
    0.6377   -0.3383    0.6920
...    78 G-C ...
  -92.8733 -164.8045  105.7989
    0.1278    0.9754    0.1795
   -0.7137   -0.0353    0.6996
    0.6887   -0.2175    0.6917
...    79 C-G ...
  -90.2716 -165.0528  107.7683
   -0.3133    0.8267    0.4673
   -0.6345   -0.5483    0.5447
    0.7066   -0.1259    0.6964
...    80 T-A ...
  -87.8304 -164.9772  109.9673
   -0.6356    0.4376    0.6360
   -0.3328   -0.8987    0.2857
    0.6966   -0.0301    0.7168
...    81 C-G ...
  -85.7056 -164.8341  112.4518
   -0.7091   -0.1659    0.6853
    0.1313   -0.9860   -0.1028
    0.6928    0.0171    0.7210
...    82 G-C ...
  -83.4387 -165.2470  114.8522
   -0.5273   -0.6958    0.4876
    0.5455   -0.7172   -0.4336
    0.6515    0.0374    0.7578
...    83 G-C ...
  -81.4210 -164.9648  117.5437
   -0.1567   -0.9763    0.1496
    0.7462   -0.2162   -0.6296
    0.6470    0.0130    0.7624
...    84 G-C ...
  -79.4176 -164.7737  120.2543
    0.2460   -0.9355   -0.2534
    0.6927    0.3526   -0.6291
    0.6779   -0.0208    0.7348
...    85 A-T ...
  -77.3233 -164.7194  122.7637
    0.5797   -0.5579   -0.5939
    0.3947    0.8299   -0.3944
    0.7129   -0.0058    0.7013
...    86 T-A ...
  -75.1740 -165.3545  125.1512
    0.6807   -0.0759   -0.7286
    0.0444    0.9971   -0.0623
    0.7312    0.0101    0.6821
...    87 C-G ...
  -72.7718 -165.3957  127.3311
    0.5185    0.4941   -0.6979
   -0.3493    0.8674    0.3545
    0.7804    0.0600    0.6223
...    88 C-G ...
  -69.8944 -165.3760  129.0576
    0.1455    0.8485   -0.5088
   -0.5426    0.4985    0.6761
    0.8273    0.1777    0.5329
...    89 G-C ...
  -67.2276 -164.3114  130.7271
   -0.3105    0.9340   -0.1768
   -0.4681    0.0116    0.8836
    0.8273    0.3571    0.4336
...    90 C-G ...
  -64.4904 -162.7342  131.6288
   -0.5638    0.7745    0.2869
   -0.1852   -0.4571    0.8699
    0.8049    0.4373    0.4012
...    91 T-A ...
  -61.9726 -160.8813  132.6796
   -0.6203    0.4035    0.6726
    0.1887   -0.7556    0.6273
    0.7613    0.5160    0.3925
...    92 T-A ...
  -59.6221 -158.8962  133.7471
   -0.3661   -0.0743    0.9276
    0.5202   -0.8429    0.1377
    0.7716    0.5329    0.3473
...    93 T-A ...
  -57.3286 -156.8248  134.8042
    0.0541   -0.5085    0.8594
    0.6301   -0.6503   -0.4244
    0.7746    0.5644    0.2852
...    94 A-T ...
  -54.4576 -155.0619  135.1805
    0.5113   -0.7584    0.4042
    0.4133   -0.1955   -0.8894
    0.7535    0.6218    0.2135
...    95 A-T ...
  -52.1366 -152.9886  136.1345
    0.6788   -0.7144   -0.1697
    0.0201    0.2490   -0.9683
    0.7340    0.6539    0.1834
...    96 C-G ...
  -49.6645 -151.1139  137.2360
    0.5645   -0.5089   -0.6499
   -0.3456    0.5693   -0.7460
    0.7496    0.6457    0.1455
...    97 A-T ...
  -47.2071 -148.8992  137.5980
    0.1730   -0.2084   -0.9626
   -0.5914    0.7596   -0.2707
    0.7876    0.6161    0.0082
...    98 C-G ...
  -44.3095 -147.4241  137.5138
   -0.2020    0.1556   -0.9669
   -0.5903    0.7685    0.2470
    0.7815    0.6207   -0.0634
...    99 T-A ...
  -41.6574 -145.5964  136.8958
   -0.5536    0.4477   -0.7022
   -0.3798    0.6146    0.6914
    0.7411    0.6495   -0.1702
...   100 T-A ...
  -39.2839 -143.5850  136.0460
   -0.7052    0.6784   -0.2062
    0.0016    0.2922    0.9563
    0.7090    0.6741   -0.2071
...   101 T-A ...
  -37.1083 -141.4044  135.0551
   -0.5994    0.7165    0.3569
    0.4081   -0.1100    0.9063
    0.6886    0.6888   -0.2265
...   102 A-T ...
  -34.9247 -139.0033  134.3432
   -0.2806    0.4959    0.8218
    0.7079   -0.4712    0.5261
    0.6482    0.7294   -0.2188
...   103 T-A ...
  -33.3762 -136.2404  133.3846
    0.1278    0.2067    0.9700
    0.7561   -0.6533    0.0396
    0.6419    0.7284   -0.2398
...   104 G-C ...
  -31.0679 -133.9942  132.6588
    0.5007   -0.2417    0.8312
    0.5618   -0.6398   -0.5244
    0.6586    0.7295   -0.1846
...   105 C-G ...
  -29.0804 -131.3656  132.3058
    0.7074   -0.5690    0.4194
    0.1976   -0.4105   -0.8902
    0.6786    0.7126   -0.1780
...   106 T-A ...
  -26.7931 -128.9979  132.0301
    0.6740   -0.7329   -0.0924
   -0.1994   -0.0601   -0.9781
    0.7113    0.6777   -0.1867
...   107 T-A ...
  -24.4207 -126.8183  131.6808
    0.4429   -0.6476   -0.6200
   -0.5526    0.3474   -0.7576
    0.7060    0.6782   -0.2040
...   108 C-G ...
  -22.0474 -124.6885  131.0246
    0.0074   -0.3734   -0.9276
   -0.7065    0.6546   -0.2691
    0.7077    0.6573   -0.2590
...   109 C-G ...
  -19.4558 -122.8157  129.9898
   -0.4412   -0.0550   -0.8957
   -0.5931    0.7669    0.2451
    0.6735    0.6394   -0.3710
...   110 G-C ...
  -17.5240 -120.4993  128.6018
   -0.7823    0.2613   -0.5654
   -0.2373    0.7142    0.6585
    0.5759    0.6493   -0.4967
...   111 G-C ...
  -15.8594 -118.4983  126.4464
   -0.8449    0.5279   -0.0869
    0.2317    0.5075    0.8299
    0.4822    0.6810   -0.5510
...   112 C-G ...
  -14.6581 -116.3373  124.2581
   -0.6139    0.6836    0.3948
    0.6614    0.1724    0.7300
    0.4310    0.7092   -0.5579
...   113 T-A ...
  -13.6401 -113.9121  122.2517
   -0.2064    0.6384    0.7415
    0.8988   -0.1758    0.4015
    0.3867    0.7494   -0.5375
...   114 C-G ...
  -12.5205 -111.3567  120.5372
    0.3472    0.4053    0.8457
    0.8578   -0.5017   -0.1117
    0.3790    0.7643   -0.5218
...   115 G-C ...
  -10.9297 -109.0348  118.7641
    0.7275   -0.0061    0.6861
    0.5338   -0.6232   -0.5715
    0.4310    0.7820   -0.4502
...   116 T-A ...
   -9.7416 -106.1132  117.7409
    0.8893   -0.3425    0.3030
    0.0813   -0.5336   -0.8418
    0.4500    0.7733   -0.4466
...   117 A-T ...
   -8.2617 -103.6335  116.0927
    0.7489   -0.6221   -0.2282
   -0.4539   -0.2307   -0.8607
    0.4828    0.7482   -0.4552
...   118 T-A ...
   -6.2754 -101.1945  115.1445
    0.4199   -0.6605   -0.6224
   -0.7682    0.1065   -0.6313
    0.4832    0.7432   -0.4627
...   119 A-T ...
   -4.6291  -98.8370  113.4944
   -0.1271   -0.5506   -0.8251
   -0.8621    0.4727   -0.1827
    0.4906    0.6881   -0.5347
...   120 A-T ...
   -2.8487  -96.8202  111.6931
   -0.5913   -0.2093   -0.7789
   -0.6461    0.7009    0.3021
    0.4827    0.6819   -0.5496
...   121 T-A ...
   -1.0069  -95.1395  109.5580
   -0.8404    0.1545   -0.5195
   -0.2674    0.7155    0.6454
    0.4714    0.6813   -0.5600
...   122 G-C ...
    0.2838  -92.7744  107.6070
   -0.8982    0.4392   -0.0157
    0.2500    0.5400    0.8037
    0.3614    0.7180   -0.5949
...   123 T-A ...
    1.0888  -90.6824  105.1808
   -0.6573    0.6275    0.4174
    0.6767    0.2477    0.6933
    0.3316    0.7382   -0.5875
...   124 G-C ...
    2.1082  -88.0687  103.4027
   -0.2079    0.5788    0.7885
    0.9373   -0.1127    0.3298
    0.2798    0.8076   -0.5191
...   125 T-A ...
    2.3958  -85.2732  101.6601
    0.2928    0.4148    0.8615
    0.9138   -0.3867   -0.1244
    0.2816    0.8237   -0.4922
...   126 C-G ...
    3.2485  -82.4980  100.1626
    0.7567    0.0883    0.6477
    0.5815   -0.5436   -0.6053
    0.2986    0.8347   -0.4627
...   127 G-C ...
    4.5133  -79.9504   98.4356
    0.9144   -0.3115    0.2587
    0.0860   -0.4750   -0.8758
    0.3957    0.8231   -0.4075
...   128 A-T ...
    5.8526  -77.2350   97.2105
    0.7827   -0.5548   -0.2822
   -0.4542   -0.1991   -0.8684
    0.4255    0.8078   -0.4078
...   129 C-G ...
    7.6862  -74.6293   96.3359
    0.4273   -0.5985   -0.6777
   -0.7868    0.1230   -0.6048
    0.4453    0.7916   -0.4183
...   130 C-G ...
    9.5112  -72.1832   94.9169
   -0.0932   -0.5009   -0.8605
   -0.8827    0.4413   -0.1613
    0.4605    0.7446   -0.4832
...   131 A-T ...
   10.8893  -69.6916   93.2189
   -0.6103   -0.2375   -0.7558
   -0.6686    0.6661    0.3306
    0.4249    0.7071   -0.5653
...   132 A-T ...
   12.3842  -67.6251   91.2095
   -0.8783    0.1781   -0.4437
   -0.2155    0.6809    0.6999
    0.4267    0.7104   -0.5597
...   133 A-T ...
   13.7262  -65.5036   89.1535
   -0.8513    0.5242    0.0238
    0.3078    0.4621    0.8317
    0.4249    0.7154   -0.5547
...   134 T-A ...
   14.7283  -63.4123   86.8245
   -0.5924    0.6746    0.4405
    0.6886    0.1400    0.7115
    0.4183    0.7248   -0.5474
...   135 G-C ...
   15.7212  -61.4788   83.9378
    0.0342    0.7399    0.6718
    0.8637   -0.3601    0.3526
    0.5028    0.5682   -0.6514
...   136 T-A ...
   15.7739  -59.5465   80.8036
    0.5516    0.4996    0.6680
    0.6739   -0.7388   -0.0038
    0.4916    0.4523   -0.7442
...   137 G-C ...
   16.8281  -57.7076   78.2738
    0.8528   -0.0847    0.5152
    0.1508   -0.9047   -0.3984
    0.4999    0.4175   -0.7588
...   138 A-T ...
   18.4176  -55.5142   76.5363
    0.8547   -0.5007    0.1370
   -0.3189   -0.7148   -0.6224
    0.4096    0.4883   -0.7706
...   139 G-C ...
   20.4152  -54.2946   74.5497
    0.5847   -0.7389   -0.3350
   -0.7594   -0.3532   -0.5465
    0.2854    0.5739   -0.7676
...   140 C-G ...
   21.4164  -51.8108   72.7950
    0.1305   -0.7142   -0.6876
   -0.8897    0.2217   -0.3991
    0.4375    0.6639   -0.6065
...   141 G-C ...
   22.1407  -50.1331   67.4725
   -0.4682   -0.8748    0.1248
   -0.8495    0.4067   -0.3362
    0.2434   -0.2634   -0.9335
...   142 C-G ...
   22.3378  -51.2253   64.5019
   -0.8529   -0.5117   -0.1032
   -0.4974    0.8566   -0.1372
    0.1587   -0.0657   -0.9851
...   143 T-A ...
   24.0060  -51.6202   61.9333
   -0.9563    0.0399   -0.2897
    0.0522    0.9980   -0.0348
    0.2877   -0.0484   -0.9565
...   144 C-G ...
   24.8857  -52.7207   58.9948
   -0.7530    0.5560   -0.3520
    0.5213    0.8304    0.1966
    0.4016   -0.0355   -0.9151
...   145 A-T ...
   25.5174  -52.9610   55.8127
   -0.2441    0.9563   -0.1609
    0.8907    0.2867    0.3528
    0.3835   -0.0571   -0.9218
...   146 C-G ...
   25.2678  -52.4925   52.0871
    0.3203    0.9428   -0.0928
    0.8825   -0.2613    0.3910
    0.3444   -0.2071   -0.9157
...   147 A-T ...
   25.6133  -52.5733   48.6479
    0.8597    0.5097    0.0339
    0.4498   -0.7866    0.4230
    0.2423   -0.3484   -0.9055
