  147 base-pairs
...     1 T-A ...
    0.0000    0.0000    0.0000
    1.0000    0.0000    0.0000
    0.0000    1.0000    0.0000
    0.0000    0.0000    1.0000
...     2 G-C ...
   -0.5555   -1.1003    3.3981
    0.7749    0.6051    0.1828
   -0.5991    0.7953   -0.0929
   -0.2016   -0.0375    0.9787
...     3 T-A ...
   -0.6619   -3.0237    6.5348
    0.3046    0.9250    0.2271
   -0.8994    0.3578   -0.2510
   -0.3134   -0.1278    0.9410
...     4 G-C ...
   -1.1607   -3.8418    9.6940
   -0.3351    0.9421    0.0133
   -0.8752   -0.3061   -0.3746
   -0.3489   -0.1372    0.9271
...     5 A-T ...
   -1.3881   -3.6770   12.8999
   -0.7835    0.6162   -0.0801
   -0.5677   -0.7622   -0.3109
   -0.2527   -0.1981    0.9470
...     6 G-C ...
   -2.6236   -3.5448   15.7072
   -0.9923    0.0611   -0.1075
   -0.0294   -0.9610   -0.2748
   -0.1201   -0.2695    0.9555
...     7 C-G ...
   -2.3138   -3.7570   18.8866
   -0.8620   -0.4995   -0.0864
    0.5008   -0.8655    0.0073
   -0.0785   -0.0370    0.9962
...     8 G-C ...
   -3.9561   -6.8109   23.3205
   -0.2581   -0.3560   -0.8981
    0.6294   -0.7673    0.1233
   -0.7330   -0.5335    0.4221
...     9 C-G ...
   -6.1177   -8.9414   24.2385
    0.1143   -0.7320   -0.6716
    0.8123   -0.3203    0.4874
   -0.5720   -0.6013    0.5580
...    10 T-A ...
   -8.5041   -9.6771   26.0540
    0.4660   -0.8587   -0.2131
    0.6274    0.1508    0.7640
   -0.6239   -0.4897    0.6090
...    11 C-G ...
  -11.0625  -11.3174   27.2336
    0.6660   -0.6911    0.2808
    0.3382    0.6152    0.7121
   -0.6649   -0.3794    0.6435
...    12 A-T ...
  -13.0013  -13.1789   29.0658
    0.7188   -0.1490    0.6790
   -0.1787    0.9043    0.3876
   -0.6718   -0.4000    0.6235
...    13 C-G ...
  -14.1788  -15.9359   31.3399
    0.4052    0.2865    0.8682
   -0.5270    0.8492   -0.0343
   -0.7470   -0.4437    0.4951
...    14 A-T ...
  -15.9532  -18.1566   33.3080
   -0.1503    0.6873    0.7107
   -0.6106    0.5008   -0.6135
   -0.7776   -0.5261    0.3444
...    15 A-T ...
  -18.3635  -19.9983   34.4352
   -0.4564    0.8581    0.2353
   -0.3998    0.0385   -0.9158
   -0.7949   -0.5120    0.3255
...    16 T-A ...
  -20.7516  -21.6103   36.2142
   -0.6278    0.7281   -0.2752
   -0.0801   -0.4120   -0.9076
   -0.7743   -0.5478    0.3170
...    17 T-A ...
  -23.2922  -23.1944   37.5823
   -0.5784    0.3361   -0.7433
    0.3133   -0.7498   -0.5828
   -0.7532   -0.5699    0.3284
...    18 T-A ...
  -25.8351  -24.8570   38.6417
   -0.2748   -0.0943   -0.9569
    0.5706   -0.8170   -0.0833
   -0.7739   -0.5689    0.2783
...    19 A-T ...
  -28.3728  -26.8103   39.2691
    0.1576   -0.4093   -0.8987
    0.6078   -0.6770    0.4150
   -0.7783   -0.6117    0.1421
...    20 T-A ...
  -31.2870  -28.3781   39.2637
    0.4451   -0.6880   -0.5733
    0.4456   -0.3851    0.8082
   -0.7768   -0.6151    0.1351
...    21 T-A ...
  -33.9197  -30.3302   39.3712
    0.6255   -0.7793   -0.0368
    0.1154    0.0458    0.9923
   -0.7716   -0.6249    0.1186
...    22 C-G ...
  -36.3849  -32.4628   39.6705
    0.6074   -0.5934    0.5281
   -0.2753    0.4664    0.8407
   -0.7452   -0.6560    0.1200
...    23 G-C ...
  -38.9018  -34.4520   40.6724
    0.4530   -0.1476    0.8792
   -0.6011    0.6777    0.4234
   -0.6584   -0.7203    0.2183
...    24 C-G ...
  -40.7776  -37.0573   41.2778
    0.1130    0.2662    0.9573
   -0.7482    0.6568   -0.0943
   -0.6538   -0.7055    0.2734
...    25 A-T ...
  -43.2070  -39.1491   41.9938
   -0.2767    0.6325    0.7235
   -0.6883    0.3949   -0.6085
   -0.6706   -0.6663    0.3260
...    26 A-T ...
  -45.2911  -41.3392   43.2620
   -0.6130    0.7448    0.2637
   -0.4194   -0.0239   -0.9075
   -0.6696   -0.6668    0.3271
...    27 A-T ...
  -47.3084  -43.4536   44.6858
   -0.7547    0.5873   -0.2923
    0.0127   -0.4323   -0.9016
   -0.6559   -0.6842    0.3189
...    28 G-C ...
  -49.6816  -45.3842   46.0708
   -0.5989    0.3160   -0.7358
    0.3878   -0.6895   -0.6117
   -0.7006   -0.6518    0.2904
...    29 G-C ...
  -52.3740  -47.2816   47.0389
   -0.2289   -0.0579   -0.9717
    0.6423   -0.7591   -0.1060
   -0.7315   -0.6484    0.2109
...    30 C-G ...
  -55.0704  -49.0665   47.4969
    0.1919   -0.4127   -0.8904
    0.6515   -0.6250    0.4301
   -0.7340   -0.6627    0.1489
...    31 C-G ...
  -57.7728  -51.0199   47.8588
    0.5707   -0.6252   -0.5324
    0.4393   -0.3153    0.8412
   -0.6938   -0.7139    0.0948
...    32 G-C ...
  -59.6709  -53.3426   48.2335
    0.7866   -0.6139   -0.0662
    0.0842    0.0004    0.9964
   -0.6117   -0.7894    0.0520
...    33 G-C ...
  -61.2764  -56.2972   48.0964
    0.7493   -0.4626    0.4738
   -0.3741    0.2946    0.8793
   -0.5464   -0.8362    0.0476
...    34 C-G ...
  -62.7302  -59.2201   47.9669
    0.4623   -0.1886    0.8665
   -0.7255    0.4814    0.4919
   -0.5098   -0.8560    0.0857
...    35 C-G ...
  -63.9826  -62.3478   48.4231
    0.0341    0.1569    0.9870
   -0.8761    0.4799   -0.0460
   -0.4809   -0.8632    0.1538
...    36 C-G ...
  -65.3530  -65.2827   49.1586
   -0.4114    0.4314    0.8029
   -0.7821    0.2852   -0.5540
   -0.4680   -0.8559    0.2201
...    37 G-C ...
  -67.3355  -67.9770   49.2556
   -0.7288    0.5807    0.3628
   -0.4452    0.0007   -0.8954
   -0.5202   -0.8141    0.2581
...    38 A-T ...
  -68.8881  -70.5836   50.0910
   -0.8494    0.4804   -0.2186
    0.0625   -0.3197   -0.9454
   -0.5241   -0.8167    0.2415
...    39 C-G ...
  -70.8809  -72.8487   51.2026
   -0.6794    0.2863   -0.6756
    0.4763   -0.5282   -0.7029
   -0.5581   -0.7994    0.2225
...    40 A-T ...
  -72.8980  -75.3918   51.8534
   -0.2572    0.0113   -0.9663
    0.7640   -0.6099   -0.2105
   -0.5918   -0.7924    0.1483
...    41 C-G ...
  -75.2609  -77.6897   52.0263
    0.1776   -0.2594   -0.9493
    0.7869   -0.5419    0.2953
   -0.5910   -0.7994    0.1079
...    42 G-C ...
  -76.8270  -80.5412   52.5606
    0.6285   -0.4577   -0.6289
    0.5480   -0.3133    0.7756
   -0.5520   -0.8321    0.0539
...    43 A-T ...
  -78.6781  -83.0728   52.7538
    0.8363   -0.5431   -0.0751
    0.1053    0.0246    0.9941
   -0.5381   -0.8393    0.0778
...    44 C-G ...
  -80.3516  -85.8705   52.2680
    0.8061   -0.4001    0.4360
   -0.3445    0.2817    0.8955
   -0.4811   -0.8721    0.0893
...    45 T-A ...
  -81.5081  -89.2752   52.2039
    0.5200   -0.1264    0.8448
   -0.7295    0.4487    0.5162
   -0.4443   -0.8847    0.1411
...    46 T-A ...
  -82.6171  -92.2844   52.4822
    0.1336    0.1300    0.9825
   -0.8959    0.4396    0.0637
   -0.4236   -0.8888    0.1752
...    47 A-T ...
  -83.6338  -95.2704   53.4027
   -0.2513    0.4763    0.8426
   -0.8682    0.2740   -0.4138
   -0.4280   -0.8355    0.3447
...    48 C-G ...
  -84.5145  -98.0042   55.0471
   -0.6475    0.5777    0.4971
   -0.6293   -0.0373   -0.7763
   -0.4299   -0.8154    0.3876
...    49 T-A ...
  -85.6951 -100.5350   56.8869
   -0.8444    0.5357    0.0077
   -0.2468   -0.3761   -0.8931
   -0.4755   -0.7560    0.4498
...    50 G-C ...
  -87.4989 -102.9748   58.2760
   -0.7960    0.2934   -0.5294
    0.2527   -0.6336   -0.7312
   -0.5500   -0.7159    0.4302
...    51 T-A ...
  -89.5572 -104.8443   59.8594
   -0.5558   -0.0567   -0.8293
    0.6138   -0.7008   -0.3635
   -0.5606   -0.7111    0.4244
...    52 A-T ...
  -91.0760 -107.4404   61.2216
   -0.0778   -0.4821   -0.8727
    0.8330   -0.5124    0.2088
   -0.5478   -0.7107    0.4414
...    53 G-C ...
  -93.0726 -109.5885   62.5901
    0.3709   -0.6168   -0.6942
    0.7783   -0.2013    0.5947
   -0.5066   -0.7609    0.4054
...    54 G-C ...
  -95.4316 -112.2668   63.3210
    0.7572   -0.5665   -0.3252
    0.4818    0.1481    0.8637
   -0.4411   -0.8107    0.3850
...    55 T-A ...
  -96.8632 -115.0441   64.1397
    0.9163   -0.3791    0.1293
    0.0444    0.4169    0.9079
   -0.3980   -0.8261    0.3989
...    56 A-T ...
  -97.8343 -118.2857   64.9246
    0.8515    0.0292    0.5236
   -0.4600    0.5211    0.7189
   -0.2519   -0.8530    0.4571
...    57 T-A ...
  -98.1509 -121.3416   65.9995
    0.5450    0.3182    0.7757
   -0.8123    0.4297    0.3944
   -0.2078   -0.8451    0.4926
...    58 C-G ...
  -98.4708 -124.2457   67.7971
   -0.0387    0.5568    0.8297
   -0.9836    0.1250   -0.1297
   -0.1759   -0.8212    0.5429
...    59 T-A ...
  -98.7875 -126.7867   69.8151
   -0.5192    0.6035    0.6052
   -0.8364   -0.2133   -0.5049
   -0.1756   -0.7683    0.6155
...    60 C-G ...
  -99.8517 -129.0615   71.8338
   -0.8990    0.3895    0.2001
   -0.4108   -0.5919   -0.6934
   -0.1516   -0.7056    0.6922
...    61 G-C ...
 -100.6205 -131.6390   73.6591
   -0.9743    0.0525   -0.2189
    0.1057   -0.7518   -0.6509
   -0.1987   -0.6573    0.7269
...    62 A-T ...
 -101.1586 -133.9138   75.9950
   -0.7231   -0.4086   -0.5569
    0.6641   -0.6330   -0.3979
   -0.1899   -0.6576    0.7290
...    63 G-C ...
 -101.8898 -136.0152   78.4025
   -0.2658   -0.6846   -0.6787
    0.9516   -0.2988   -0.0713
   -0.1540   -0.6648    0.7309
...    64 C-G ...
 -102.8305 -138.1946   80.8670
    0.3369   -0.7072   -0.6215
    0.9335    0.1652    0.3182
   -0.1224   -0.6874    0.7159
...    65 T-A ...
 -103.5046 -140.5760   83.0922
    0.7645   -0.4772   -0.4333
    0.6428    0.5144    0.5676
   -0.0480   -0.7125    0.7001
...    66 C-G ...
 -103.7312 -143.0997   85.3228
    0.9916   -0.0601   -0.1145
    0.1237    0.6988    0.7046
    0.0377   -0.7128    0.7003
...    67 G-C ...
 -103.2529 -145.0944   87.7233
    0.9065    0.3953    0.1486
   -0.3814    0.6151    0.6901
    0.1814   -0.6822    0.7083
...    68 G-C ...
 -102.3261 -147.3677   89.9176
    0.5529    0.7280    0.4054
   -0.7915    0.3067    0.5286
    0.2605   -0.6132    0.7458
...    69 G-C ...
 -100.9214 -149.1429   92.4137
    0.0215    0.8499    0.5264
   -0.9405   -0.1613    0.2989
    0.3390   -0.5016    0.7959
...    70 A-T ...
  -99.5533 -150.6165   95.0123
   -0.5320    0.6091    0.5882
   -0.7648   -0.6437   -0.0251
    0.3633   -0.4632    0.8083
...    71 T-A ...
  -98.0120 -151.5838   97.7740
   -0.8503    0.1933    0.4895
   -0.3756   -0.8744   -0.3071
    0.3687   -0.4450    0.8161
...    72 C-G ...
  -96.8121 -152.7832  100.6713
   -0.8925   -0.3852    0.2348
    0.2110   -0.8165   -0.5374
    0.3987   -0.4301    0.8100
...    73 C-G ...
  -95.7200 -154.1212  103.4843
   -0.6707   -0.7320   -0.1198
    0.6508   -0.5033   -0.5685
    0.3558   -0.4593    0.8139
...    74 G-C ...
  -94.1921 -155.8008  105.8117
   -0.2171   -0.8562   -0.4688
    0.9094   -0.0028   -0.4160
    0.3548   -0.5166    0.7792
...    75 C-G ...
  -93.3819 -157.5029  108.7159
    0.3270   -0.6913   -0.6443
    0.8548    0.5071   -0.1104
    0.4030   -0.5146    0.7568
...    76 T-A ...
  -92.3780 -159.4509  111.3324
    0.7108   -0.2624   -0.6526
    0.5267    0.8135    0.2466
    0.4662   -0.5190    0.7164
...    77 T-A ...
  -90.9140 -161.4566  113.3887
    0.8548    0.2503   -0.4545
    0.0481    0.8340    0.5496
    0.5167   -0.4917    0.7009
...    78 T-A ...
  -89.1360 -163.2648  115.4024
    0.7193    0.6869   -0.1040
   -0.4280    0.5561    0.7125
    0.5472   -0.4680    0.6939
...    79 T-A ...
  -87.1424 -164.8109  117.4495
    0.3119    0.9205    0.2354
   -0.7296    0.0733    0.6800
    0.6086   -0.3838    0.6944
...    80 C-G ...
  -85.3035 -165.4362  119.9691
   -0.1900    0.8403    0.5077
   -0.7205   -0.4706    0.5093
    0.6669   -0.2691    0.6949
...    81 A-T ...
  -82.4152 -165.5771  121.9285
   -0.5878    0.5271    0.6138
   -0.4253   -0.8467    0.3198
    0.6882   -0.0730    0.7218
...    82 T-A ...
  -80.0929 -165.2761  124.1937
   -0.7278    0.0378    0.6848
   -0.0625   -0.9980   -0.0114
    0.6830   -0.0511    0.7287
...    83 G-C ...
  -77.8300 -165.1417  126.6421
   -0.6049   -0.5695    0.5565
    0.3886   -0.8212   -0.4179
    0.6950   -0.0365    0.7181
...    84 T-A ...
  -75.7471 -164.7782  129.2964
   -0.2608   -0.9286    0.2640
    0.6358   -0.3710   -0.6769
    0.7265   -0.0087    0.6871
...    85 T-A ...
  -73.5378 -164.6770  131.6334
    0.1819   -0.9726   -0.1446
    0.6459    0.2291   -0.7282
    0.7414    0.0391    0.6699
...    86 A-T ...
  -70.8635 -164.3289  133.6375
    0.5029   -0.6499   -0.5698
    0.3751    0.7580   -0.5335
    0.7787    0.0545    0.6250
...    87 T-A ...
  -68.5562 -164.7689  135.8496
    0.6069   -0.1939   -0.7708
    0.0559    0.9778   -0.2020
    0.7928    0.0795    0.6043
...    88 A-T ...
  -65.8471 -164.4381  137.6017
    0.3973    0.2985   -0.8678
   -0.2282    0.9481    0.2216
    0.8889    0.1100    0.4448
...    89 A-T ...
  -62.9616 -164.1896  138.7269
    0.1174    0.7148   -0.6894
   -0.3649    0.6767    0.6394
    0.9236    0.1765    0.3403
...    90 C-G ...
  -59.6425 -163.7623  139.0392
   -0.1559    0.9470   -0.2809
   -0.3438    0.2146    0.9142
    0.9260    0.2391    0.2921
...    91 G-C ...
  -56.9090 -162.3837  140.1826
   -0.4614    0.8686    0.1805
   -0.1070   -0.2565    0.9606
    0.8807    0.4239    0.2113
...    92 G-C ...
  -54.4834 -160.2575  140.9553
   -0.5406    0.5610    0.6269
    0.2398   -0.6115    0.7540
    0.8064    0.5579    0.1960
...    93 A-T ...
  -51.9209 -158.1251  141.4461
   -0.2788    0.0922    0.9559
    0.5367   -0.8105    0.2347
    0.7964    0.5785    0.1764
...    94 A-T ...
  -49.4336 -156.0979  141.9727
    0.1831   -0.3619    0.9140
    0.5832   -0.7085   -0.3974
    0.7914    0.6058    0.0814
...    95 A-T ...
  -47.1234 -153.7037  142.3429
    0.5579   -0.6626    0.4997
    0.3196   -0.3841   -0.8662
    0.7659    0.6430   -0.0026
...    96 C-G ...
  -44.6835 -151.4113  142.8571
    0.6479   -0.7595   -0.0575
   -0.0588    0.0254   -0.9979
    0.7594    0.6500   -0.0282
...    97 A-T ...
  -42.1827 -149.2379  142.7346
    0.4310   -0.6576   -0.6180
   -0.4430    0.4425   -0.7797
    0.7862    0.6098   -0.1006
...    98 C-G ...
  -39.2076 -147.7275  142.6387
    0.1065   -0.3659   -0.9245
   -0.6076    0.7121   -0.3518
    0.7871    0.5992   -0.1465
...    99 T-A ...
  -36.1259 -146.1164  141.9043
   -0.3433    0.0287   -0.9388
   -0.5578    0.7979    0.2283
    0.7556    0.6021   -0.2579
...   100 T-A ...
  -33.5910 -144.4389  140.7785
   -0.6233    0.4516   -0.6384
   -0.2610    0.6493    0.7143
    0.7371    0.6119   -0.2869
...   101 T-A ...
  -31.2859 -142.4934  139.6386
   -0.7028    0.7011   -0.1204
    0.1446    0.3064    0.9409
    0.6965    0.6438   -0.3167
...   102 A-T ...
  -29.0662 -140.1913  138.6276
   -0.5239    0.7124    0.4670
    0.5551   -0.1304    0.8215
    0.6461    0.6896   -0.3271
...   103 T-A ...
  -27.5174 -137.8181  136.9953
   -0.2149    0.5494    0.8075
    0.7573   -0.4283    0.4929
    0.6166    0.7175   -0.3240
...   104 G-C ...
  -25.6884 -135.2251  136.0270
    0.2361    0.1131    0.9651
    0.7567   -0.6445   -0.1096
    0.6096    0.7562   -0.2377
...   105 C-G ...
  -23.8541 -132.4959  135.5007
    0.6117   -0.2770    0.7410
    0.4909   -0.6016   -0.6302
    0.6203    0.7492   -0.2320
...   106 T-A ...
  -21.7946 -129.7507  135.1334
    0.7758   -0.5797    0.2489
    0.0655   -0.3185   -0.9457
    0.6275    0.7500   -0.2091
...   107 T-A ...
  -19.7668 -127.3065  134.6595
    0.6626   -0.6779   -0.3185
   -0.3873    0.0538   -0.9204
    0.6410    0.7332   -0.2269
...   108 C-G ...
  -17.4756 -124.9775  134.0277
    0.2782   -0.5596   -0.7807
   -0.7033    0.4349   -0.5623
    0.6542    0.7055   -0.2726
...   109 C-G ...
  -15.2797 -122.6429  133.2945
   -0.2177   -0.3516   -0.9105
   -0.7503    0.6569   -0.0743
    0.6242    0.6669   -0.4069
...   110 G-C ...
  -13.6433 -120.4546  131.8676
   -0.6481   -0.0649   -0.7588
   -0.5205    0.7652    0.3790
    0.5560    0.6406   -0.5296
...   111 G-C ...
  -12.0750 -118.5220  129.6224
   -0.8726    0.3054   -0.3812
   -0.0603    0.7071    0.7045
    0.4847    0.6377   -0.5986
...   112 C-G ...
  -10.8983 -116.6491  127.0836
   -0.7839    0.6136    0.0953
    0.4412    0.4422    0.7809
    0.4370    0.6542   -0.6173
...   113 T-A ...
   -9.6833 -114.5674  124.8157
   -0.4544    0.7251    0.5174
    0.8022    0.0805    0.5916
    0.3873    0.6839   -0.6183
...   114 C-G ...
   -8.3962 -112.1579  122.9935
    0.0898    0.6196    0.7797
    0.9366   -0.3189    0.1455
    0.3388    0.7172   -0.6090
...   115 G-C ...
   -6.8542 -109.9895  121.0181
    0.6047    0.2816    0.7450
    0.7158   -0.6023   -0.3533
    0.3492    0.7470   -0.5658
...   116 T-A ...
   -5.8389 -107.1532  119.6437
    0.8816   -0.1059    0.4599
    0.2863   -0.6547   -0.6995
    0.3752    0.7484   -0.5469
...   117 A-T ...
   -4.5286 -104.3694  118.1756
    0.8636   -0.5041   -0.0101
   -0.2774   -0.4582   -0.8444
    0.4210    0.7320   -0.5356
...   118 T-A ...
   -2.8681 -101.8054  117.0464
    0.6120   -0.6559   -0.4419
   -0.6791   -0.1495   -0.7187
    0.4053    0.7399   -0.5369
...   119 A-T ...
   -1.7597  -99.3111  115.0524
    0.0631   -0.6315   -0.7728
   -0.9080    0.2849   -0.3070
    0.4141    0.7211   -0.5555
...   120 A-T ...
   -0.1523  -97.1650  113.2299
   -0.4723   -0.3861   -0.7924
   -0.7850    0.5932    0.1789
    0.4010    0.7065   -0.5832
...   121 T-A ...
    1.5514  -95.3162  111.0419
   -0.8125   -0.0269   -0.5824
   -0.4266    0.7084    0.5624
    0.3974    0.7053   -0.5870
...   122 G-C ...
    2.8195  -93.0249  108.7718
   -0.9428    0.3214   -0.0884
    0.1323    0.6042    0.7857
    0.3060    0.7291   -0.6122
...   123 T-A ...
    3.5243  -90.8850  106.3956
   -0.7574    0.5641    0.3289
    0.5874    0.3685    0.7205
    0.2853    0.7389   -0.6105
...   124 G-C ...
    4.2837  -88.3674  104.3167
   -0.3083    0.6106    0.7295
    0.9237    0.0086    0.3831
    0.2277    0.7919   -0.5666
...   125 T-A ...
    4.5044  -85.8233  102.3630
    0.2028    0.4888    0.8485
    0.9533   -0.2966   -0.0570
    0.2238    0.8204   -0.5261
...   126 C-G ...
    5.1847  -83.1521  100.8083
    0.7225    0.2261    0.6533
    0.6590   -0.5107   -0.5521
    0.2088    0.8295   -0.5180
...   127 G-C ...
    6.3075  -80.7262   98.8476
    0.9213   -0.1893    0.3396
    0.2031   -0.5104   -0.8356
    0.3316    0.8388   -0.4318
...   128 A-T ...
    7.2899  -78.0251   97.5092
    0.8642   -0.4550   -0.2149
   -0.3800   -0.3103   -0.8714
    0.3298    0.8347   -0.4411
...   129 C-G ...
    8.7937  -75.1881   96.7230
    0.5183   -0.5821   -0.6265
   -0.7761   -0.0125   -0.6304
    0.3591    0.8130   -0.4583
...   130 C-G ...
   10.5446  -72.7112   95.1517
   -0.0049   -0.5742   -0.8187
   -0.9171    0.3290   -0.2253
    0.3987    0.7497   -0.5282
...   131 A-T ...
   11.1483  -69.9003   93.3837
   -0.5651   -0.3168   -0.7618
   -0.7380    0.6069    0.2950
    0.3689    0.7289   -0.5768
...   132 A-T ...
   12.4176  -67.6678   91.3277
   -0.8832    0.0947   -0.4593
   -0.2805    0.6783    0.6792
    0.3758    0.7287   -0.5725
...   133 A-T ...
   13.7006  -65.5572   89.1638
   -0.8625    0.5059    0.0066
    0.2848    0.4747    0.8328
    0.4182    0.7202   -0.5535
...   134 T-A ...
   14.7283  -63.4123   86.8246
   -0.5924    0.6746    0.4405
    0.6886    0.1400    0.7115
    0.4183    0.7248   -0.5474
...   135 G-C ...
   15.7212  -61.4788   83.9379
    0.0342    0.7399    0.6718
    0.8637   -0.3601    0.3526
    0.5028    0.5682   -0.6514
...   136 T-A ...
   15.7740  -59.5465   80.8037
    0.5516    0.4996    0.6680
    0.6739   -0.7388   -0.0038
    0.4916    0.4523   -0.7442
...   137 G-C ...
   16.8281  -57.7076   78.2739
    0.8528   -0.0847    0.5152
    0.1508   -0.9047   -0.3984
    0.4999    0.4175   -0.7588
...   138 A-T ...
   18.4176  -55.5142   76.5364
    0.8547   -0.5007    0.1370
   -0.3189   -0.7148   -0.6224
    0.4096    0.4883   -0.7706
...   139 G-C ...
   20.4153  -54.2945   74.5498
    0.5847   -0.7389   -0.3350
   -0.7594   -0.3532   -0.5465
    0.2854    0.5739   -0.7676
...   140 C-G ...
   21.4164  -51.8107   72.7951
    0.1305   -0.7142   -0.6876
   -0.8897    0.2217   -0.3991
    0.4375    0.6639   -0.6065
...   141 G-C ...
   22.1407  -50.1330   67.4726
   -0.4682   -0.8748    0.1248
   -0.8495    0.4067   -0.3362
    0.2434   -0.2634   -0.9335
...   142 C-G ...
   22.3378  -51.2252   64.5020
   -0.8529   -0.5117   -0.1032
   -0.4974    0.8566   -0.1372
    0.1587   -0.0657   -0.9851
...   143 T-A ...
   24.0060  -51.6201   61.9334
   -0.9563    0.0399   -0.2897
    0.0522    0.9980   -0.0348
    0.2877   -0.0484   -0.9565
...   144 C-G ...
   24.8857  -52.7207   58.9949
   -0.7530    0.5560   -0.3520
    0.5213    0.8304    0.1966
    0.4016   -0.0355   -0.9151
...   145 A-T ...
   25.5174  -52.9610   55.8128
   -0.2442    0.9563   -0.1609
    0.8907    0.2867    0.3528
    0.3835   -0.0571   -0.9218
...   146 C-G ...
   25.2678  -52.4925   52.0872
    0.3203    0.9428   -0.0928
    0.8825   -0.2613    0.3910
    0.3444   -0.2071   -0.9157
...   147 A-T ...
   25.6134  -52.5732   48.6480
    0.8597    0.5097    0.0339
    0.4498   -0.7866    0.4230
    0.2423   -0.3484   -0.9055
