  147 base-pairs
...     1 T-A ...
    0.0000    0.0000    0.0000
    1.0000    0.0000    0.0000
    0.0000    1.0000    0.0000
    0.0000    0.0000    1.0000
...     2 G-C ...
   -0.5555   -1.1003    3.3981
    0.7749    0.6051    0.1828
   -0.5991    0.7953   -0.0929
   -0.2016   -0.0375    0.9787
...     3 T-A ...
   -0.6619   -3.0237    6.5348
    0.3046    0.9250    0.2271
   -0.8994    0.3578   -0.2510
   -0.3134   -0.1278    0.9410
...     4 G-C ...
   -1.1607   -3.8418    9.6940
   -0.3351    0.9421    0.0133
   -0.8752   -0.3061   -0.3746
   -0.3489   -0.1372    0.9271
...     5 A-T ...
   -1.3881   -3.6770   12.8999
   -0.7835    0.6162   -0.0801
   -0.5677   -0.7622   -0.3109
   -0.2527   -0.1981    0.9470
...     6 G-C ...
   -2.6236   -3.5448   15.7072
   -0.9923    0.0611   -0.1075
   -0.0294   -0.9610   -0.2748
   -0.1201   -0.2695    0.9555
...     7 C-G ...
   -2.3138   -3.7570   18.8866
   -0.8620   -0.4995   -0.0864
    0.5008   -0.8655    0.0073
   -0.0785   -0.0370    0.9962
...     8 G-C ...
   -3.9561   -6.8109   23.3205
   -0.2581   -0.3560   -0.8981
    0.6294   -0.7673    0.1233
   -0.7330   -0.5335    0.4221
...     9 C-G ...
   -6.1177   -8.9414   24.2385
    0.1143   -0.7320   -0.6716
    0.8123   -0.3203    0.4874
   -0.5720   -0.6013    0.5580
...    10 T-A ...
   -8.5041   -9.6771   26.0540
    0.4660   -0.8587   -0.2131
    0.6274    0.1508    0.7640
   -0.6239   -0.4897    0.6090
...    11 C-G ...
  -11.0625  -11.3174   27.2336
    0.6660   -0.6911    0.2808
    0.3382    0.6152    0.7121
   -0.6649   -0.3794    0.6435
...    12 A-T ...
  -13.0013  -13.1789   29.0658
    0.7188   -0.1490    0.6790
   -0.1787    0.9043    0.3876
   -0.6718   -0.4000    0.6235
...    13 C-G ...
  -14.1788  -15.9359   31.3399
    0.4052    0.2865    0.8682
   -0.5270    0.8492   -0.0343
   -0.7470   -0.4437    0.4951
...    14 A-T ...
  -15.9532  -18.1566   33.3080
   -0.1503    0.6873    0.7107
   -0.6106    0.5008   -0.6135
   -0.7776   -0.5261    0.3444
...    15 A-T ...
  -18.2972  -19.9762   34.6359
   -0.4857    0.8389    0.2455
   -0.4046    0.0332   -0.9139
   -0.7749   -0.5432    0.3233
...    16 T-A ...
  -20.6102  -21.6112   36.3117
   -0.6215    0.7440   -0.2455
   -0.0996   -0.3858   -0.9172
   -0.7771   -0.5455    0.3139
...    17 T-A ...
  -23.1327  -23.2310   37.5360
   -0.5583    0.4120   -0.7201
    0.2710   -0.7298   -0.6277
   -0.7841   -0.5456    0.2958
...    18 T-A ...
  -25.7801  -24.7769   38.5640
   -0.2915   -0.0439   -0.9556
    0.5355   -0.8353   -0.1249
   -0.7927   -0.5481    0.2670
...    19 A-T ...
  -28.5775  -26.4687   39.1576
    0.1503   -0.4127   -0.8984
    0.5782   -0.7004    0.4185
   -0.8019   -0.5824    0.1333
...    20 T-A ...
  -31.4896  -27.9706   39.1001
    0.4334   -0.6919   -0.5775
    0.4213   -0.4109    0.8085
   -0.7966   -0.5937    0.1134
...    21 T-A ...
  -34.1296  -29.8463   39.1630
    0.6063   -0.7945   -0.0348
    0.1007    0.0333    0.9944
   -0.7888   -0.6064    0.1002
...    22 C-G ...
  -36.5947  -31.9791   39.3593
    0.5805   -0.6095    0.5399
   -0.2865    0.4678    0.8361
   -0.7622   -0.6400    0.0969
...    23 G-C ...
  -39.1312  -34.0232   40.0366
    0.4015   -0.1875    0.8964
   -0.5928    0.6929    0.4104
   -0.6981   -0.6962    0.1671
...    24 C-G ...
  -41.1024  -36.6269   40.5769
    0.0435    0.2419    0.9693
   -0.7268    0.6734   -0.1355
   -0.6855   -0.6986    0.2051
...    25 A-T ...
  -43.5070  -38.8152   41.2274
   -0.3166    0.6352    0.7045
   -0.6436    0.4018   -0.6514
   -0.6968   -0.6597    0.2816
...    26 A-T ...
  -45.6026  -41.0143   42.3748
   -0.6327    0.7434    0.2168
   -0.3474   -0.0224   -0.9374
   -0.6920   -0.6685    0.2724
...    27 A-T ...
  -47.8042  -43.1026   43.5236
   -0.7215    0.5989   -0.3476
    0.0742   -0.4322   -0.8987
   -0.6885   -0.6742    0.2674
...    28 G-C ...
  -50.2065  -45.0941   44.5956
   -0.5314    0.3338   -0.7786
    0.4345   -0.6816   -0.5888
   -0.7272   -0.6512    0.2171
...    29 G-C ...
  -52.8991  -46.9870   45.3028
   -0.1514   -0.0204   -0.9883
    0.6354   -0.7679   -0.0815
   -0.7572   -0.6403    0.1292
...    30 C-G ...
  -55.6708  -48.7633   45.5267
    0.2524   -0.3929   -0.8843
    0.6079   -0.6466    0.4608
   -0.7528   -0.6539    0.0756
...    31 C-G ...
  -58.3250  -50.8454   45.3601
    0.6039   -0.6118   -0.5109
    0.3636   -0.3589    0.8596
   -0.7093   -0.7049    0.0057
...    32 G-C ...
  -60.4710  -53.3792   45.5699
    0.7860   -0.6171    0.0373
   -0.0471    0.0004    0.9989
   -0.6165   -0.7869   -0.0287
...    33 G-C ...
  -62.3094  -56.1794   45.1188
    0.6942   -0.4501    0.5617
   -0.4732    0.3027    0.8273
   -0.5424   -0.8401   -0.0029
...    34 C-G ...
  -63.7378  -59.1468   44.8649
    0.3589   -0.1758    0.9167
   -0.7806    0.4819    0.3980
   -0.5117   -0.8584    0.0357
...    35 C-G ...
  -65.1120  -62.2170   45.0750
   -0.0686    0.1813    0.9810
   -0.8663    0.4768   -0.1487
   -0.4947   -0.8601    0.1243
...    36 C-G ...
  -66.5273  -65.1887   45.7742
   -0.4794    0.4773    0.7365
   -0.7107    0.2812   -0.6448
   -0.5149   -0.8325    0.2044
...    37 G-C ...
  -68.5680  -67.7801   46.2524
   -0.7361    0.6342    0.2364
   -0.3519   -0.0602   -0.9341
   -0.5782   -0.7708    0.2675
...    38 A-T ...
  -70.4776  -70.2475   47.2384
   -0.7882    0.5000   -0.3589
    0.1363   -0.4269   -0.8940
   -0.6002   -0.7535    0.2684
...    39 C-G ...
  -72.6997  -72.3233   48.5551
   -0.5917    0.2219   -0.7750
    0.5188   -0.6310   -0.5768
   -0.6170   -0.7434    0.2582
...    40 A-T ...
  -74.6727  -74.8946   49.2560
   -0.1420   -0.1085   -0.9839
    0.7467   -0.6642   -0.0345
   -0.6498   -0.7396    0.1754
...    41 C-G ...
  -77.2659  -76.9275   49.6110
    0.2801   -0.4169   -0.8647
    0.7104   -0.5158    0.4788
   -0.6456   -0.7484    0.1517
...    42 G-C ...
  -79.1490  -79.5968   50.2490
    0.6946   -0.5381   -0.4774
    0.4337   -0.2162    0.8747
   -0.5739   -0.8147    0.0832
...    43 A-T ...
  -81.0504  -82.2450   50.3933
    0.8445   -0.5248    0.1068
   -0.0442    0.1304    0.9905
   -0.5337   -0.8412    0.0870
...    44 C-G ...
  -82.5674  -85.1499   50.0852
    0.7275   -0.3464    0.5923
   -0.4736    0.3710    0.7988
   -0.4964   -0.8616    0.1058
...    45 T-A ...
  -83.8658  -88.1722   50.3012
    0.4231   -0.0368    0.9053
   -0.7918    0.4708    0.3892
   -0.4405   -0.8815    0.1700
...    46 T-A ...
  -85.0364  -91.1407   50.8275
   -0.0740    0.2516    0.9650
   -0.8990    0.4021   -0.1738
   -0.4317   -0.8803    0.1964
...    47 A-T ...
  -86.4731  -94.0144   51.6515
   -0.5285    0.5096    0.6789
   -0.7201    0.1544   -0.6765
   -0.4496   -0.8464    0.2854
...    48 C-G ...
  -87.6149  -96.7222   53.1596
   -0.8120    0.5380    0.2263
   -0.3569   -0.1509   -0.9219
   -0.4618   -0.8294    0.3146
...    49 T-A ...
  -89.2218  -99.2601   54.5377
   -0.8588    0.4143   -0.3014
    0.1014   -0.4393   -0.8926
   -0.5022   -0.7971    0.3353
...    50 G-C ...
  -90.9783 -101.9537   55.3381
   -0.6133    0.1373   -0.7778
    0.5587   -0.6207   -0.5501
   -0.5584   -0.7719    0.3040
...    51 T-A ...
  -93.2647 -104.0800   56.5047
   -0.2267   -0.2003   -0.9532
    0.7985   -0.5986   -0.0641
   -0.5577   -0.7756    0.2956
...    52 A-T ...
  -94.9100 -106.7897   57.5664
    0.3066   -0.5215   -0.7963
    0.7807   -0.3407    0.5238
   -0.5445   -0.7823    0.3027
...    53 G-C ...
  -96.8954 -109.3340   58.2997
    0.7017   -0.5691   -0.4287
    0.5167   -0.0078    0.8561
   -0.4906   -0.8222    0.2886
...    54 G-C ...
  -98.6513 -112.1504   58.9335
    0.9160   -0.3971    0.0572
    0.0690    0.2963    0.9526
   -0.3952   -0.8686    0.2988
...    55 T-A ...
  -99.7690 -115.2093   59.3384
    0.8474   -0.1398    0.5122
   -0.4035    0.4575    0.7924
   -0.3451   -0.8782    0.3312
...    56 A-T ...
 -100.4622 -118.3092   60.3501
    0.5675    0.2734    0.7767
   -0.7960    0.4235    0.4325
   -0.2107   -0.8637    0.4579
...    57 T-A ...
 -100.4915 -121.2813   61.6963
    0.1119    0.4753    0.8727
   -0.9751    0.2218    0.0042
   -0.1915   -0.8514    0.4883
...    58 C-G ...
 -101.0022 -123.9359   63.4989
   -0.4542    0.5590    0.6937
   -0.8732   -0.1252   -0.4709
   -0.1764   -0.8197    0.5450
...    59 T-A ...
 -101.4057 -126.4131   65.6335
   -0.8306    0.4558    0.3199
   -0.5231   -0.4418   -0.7288
   -0.1908   -0.7727    0.6053
...    60 C-G ...
 -102.1629 -128.7905   67.7558
   -0.9792    0.1129   -0.1687
    0.0558   -0.6495   -0.7583
   -0.1952   -0.7519    0.6297
...    61 G-C ...
 -102.8562 -131.5694   69.4643
   -0.7657   -0.2393   -0.5970
    0.5908   -0.6287   -0.5057
   -0.2543   -0.7399    0.6228
...    62 A-T ...
 -103.7539 -133.9091   71.5965
   -0.2676   -0.5697   -0.7770
    0.9327   -0.3554   -0.0607
   -0.2416   -0.7410    0.6265
...    63 G-C ...
 -104.8490 -136.3022   73.6140
    0.2722   -0.6398   -0.7188
    0.9398    0.0163    0.3414
   -0.2067   -0.7684    0.6057
...    64 C-G ...
 -105.9023 -138.8493   75.4510
    0.7449   -0.4883   -0.4545
    0.6498    0.3770    0.6600
   -0.1510   -0.7870    0.5982
...    65 T-A ...
 -106.4326 -141.6358   77.1356
    0.9816   -0.1554   -0.1112
    0.1817    0.5790    0.7948
   -0.0591   -0.8003    0.5966
...    66 C-G ...
 -106.5630 -144.2959   78.9917
    0.9154    0.2661    0.3020
   -0.4019    0.5626    0.7224
    0.0224   -0.7827    0.6220
...    67 G-C ...
 -106.3615 -146.6818   81.2929
    0.5548    0.6592    0.5077
   -0.8140    0.3038    0.4951
    0.1721   -0.6879    0.7051
...    68 G-C ...
 -105.2221 -148.7464   83.6875
    0.0294    0.8005    0.5987
   -0.9696   -0.1227    0.2117
    0.2429   -0.5867    0.7725
...    69 T-A ...
 -103.8459 -150.3094   86.2094
   -0.4783    0.6516    0.5888
   -0.8404   -0.5341   -0.0917
    0.2547   -0.5386    0.8031
...    70 C-G ...
 -103.0790 -151.8075   89.0082
   -0.8803    0.2293    0.4153
   -0.3950   -0.8391   -0.3739
    0.2628   -0.4932    0.8293
...    71 A-T ...
 -102.3859 -153.6159   91.6870
   -0.9565   -0.2765    0.0932
    0.1945   -0.8422   -0.5028
    0.2175   -0.4628    0.8594
...    72 T-A ...
 -101.9444 -154.5608   94.8464
   -0.7095   -0.6907   -0.1399
    0.6571   -0.5766   -0.4856
    0.2547   -0.4364    0.8629
...    73 G-C ...
 -100.8599 -156.1517   97.5273
   -0.2032   -0.8814   -0.4264
    0.9454   -0.0633   -0.3197
    0.2548   -0.4681    0.8462
...    74 T-A ...
 -100.6062 -157.7562  100.4460
    0.3165   -0.7790   -0.5413
    0.9048    0.4193   -0.0744
    0.2849   -0.4662    0.8376
...    75 T-A ...
  -99.9156 -159.3752  103.1700
    0.7665   -0.4041   -0.4992
    0.5616    0.7988    0.2156
    0.3116   -0.4456    0.8392
...    76 A-T ...
  -98.8294 -161.1439  105.7712
    0.8797    0.1517   -0.4507
    0.0783    0.8886    0.4519
    0.4691   -0.4328    0.7698
...    77 T-A ...
  -97.1771 -163.0315  107.8348
    0.7804    0.5857   -0.2191
   -0.3551    0.7034    0.6158
    0.5148   -0.4027    0.7568
...    78 A-T ...
  -94.8345 -164.4034  109.8204
    0.3662    0.9265   -0.0867
   -0.6441    0.3196    0.6950
    0.6716   -0.1987    0.7138
...    79 A-T ...
  -92.4554 -164.8891  111.9300
   -0.0829    0.9631    0.2561
   -0.7113   -0.2371    0.6616
    0.6980   -0.1273    0.7047
...    80 C-G ...
  -89.7837 -164.8320  113.8360
   -0.4620    0.7147    0.5251
   -0.5369   -0.6967    0.4758
    0.7059   -0.0621    0.7056
...    81 G-C ...
  -87.8400 -164.9797  116.5475
   -0.7330    0.2134    0.6459
   -0.1194   -0.9751    0.1867
    0.6697    0.0597    0.7402
...    82 G-C ...
  -85.8288 -164.3959  119.2067
   -0.6999   -0.3569    0.6187
    0.3358   -0.9289   -0.1560
    0.6304    0.0986    0.7700
...    83 A-T ...
  -83.8033 -163.9219  121.7708
   -0.3406   -0.8404    0.4216
    0.6880   -0.5284   -0.4975
    0.6408    0.1206    0.7581
...    84 G-C ...
  -81.8923 -163.3746  124.4369
    0.0724   -0.9942    0.0796
    0.7484    0.0014   -0.6633
    0.6593    0.1076    0.7441
...    85 A-T ...
  -79.8307 -162.8466  126.9359
    0.4886   -0.8040   -0.3388
    0.5357    0.5830   -0.6108
    0.6887    0.1170    0.7156
...    86 T-A ...
  -77.8688 -162.9640  129.5705
    0.6831   -0.4043   -0.6082
    0.2033    0.9051   -0.3734
    0.7015    0.1314    0.7005
...    87 C-G ...
  -75.5956 -162.5933  131.8771
    0.6178    0.1753   -0.7665
   -0.2345    0.9715    0.0332
    0.7505    0.1592    0.6413
...    88 C-G ...
  -72.8707 -162.3570  133.8290
    0.2911    0.6236   -0.7256
   -0.5079    0.7434    0.4351
    0.8107    0.2419    0.5331
...    89 G-C ...
  -70.2093 -161.1498  135.4293
   -0.1742    0.8607   -0.4784
   -0.5270    0.3289    0.7836
    0.8318    0.3886    0.3963
...    90 C-G ...
  -67.3602 -159.6681  136.1296
   -0.4862    0.8737   -0.0182
   -0.3099   -0.1529    0.9384
    0.8171    0.4619    0.3451
...    91 T-A ...
  -64.7387 -157.8127  136.8891
   -0.6279    0.6358    0.4489
    0.0447   -0.5464    0.8363
    0.7770    0.5452    0.3147
...    92 T-A ...
  -62.2976 -155.7998  137.6451
   -0.4642    0.2285    0.8558
    0.4110   -0.8003    0.4366
    0.7846    0.5544    0.2776
...    93 T-A ...
  -59.9213 -153.6863  138.3824
   -0.0922   -0.2416    0.9660
    0.6035   -0.7852   -0.1388
    0.7920    0.5701    0.2182
...    94 A-T ...
  -56.9312 -152.0865  138.6453
    0.3945   -0.6419    0.6576
    0.4888   -0.4594   -0.7417
    0.7781    0.6140    0.1325
...    95 A-T ...
  -54.5598 -149.9472  139.3003
    0.6366   -0.7627    0.1138
    0.1449   -0.0266   -0.9891
    0.7574    0.6462    0.0936
...    96 C-G ...
  -52.0862 -147.9323  140.1740
    0.5981   -0.6824   -0.4202
   -0.2217    0.3629   -0.9051
    0.7701    0.6345    0.0658
...    97 A-T ...
  -49.5927 -145.7278  140.2240
    0.2717   -0.4431   -0.8543
   -0.5161    0.6821   -0.5180
    0.8123    0.5817   -0.0434
...    98 C-G ...
  -46.6306 -144.3593  140.1637
   -0.0796   -0.0736   -0.9941
   -0.5788    0.8154   -0.0140
    0.8116    0.5743   -0.1075
...    99 T-A ...
  -43.8448 -142.7502  139.4957
   -0.4466    0.2858   -0.8479
   -0.4338    0.7596    0.4845
    0.7825    0.5842   -0.2153
...   100 T-A ...
  -41.3083 -141.0003  138.5427
   -0.6493    0.6246   -0.4340
   -0.1014    0.4944    0.8633
    0.7537    0.6046   -0.2577
...   101 T-A ...
  -38.9549 -139.0969  137.4032
   -0.6156    0.7788    0.1208
    0.2929    0.0838    0.9525
    0.7316    0.6217   -0.2797
...   102 A-T ...
  -36.6657 -136.8754  136.4571
   -0.3761    0.6497    0.6607
    0.6272   -0.3463    0.6976
    0.6820    0.6767   -0.2772
...   103 T-A ...
  -34.9687 -134.3422  135.1788
    0.0029    0.3966    0.9180
    0.7366   -0.6217    0.2663
    0.6763    0.6754   -0.2940
...   104 G-C ...
  -32.5573 -132.2312  134.3541
    0.3872   -0.0698    0.9194
    0.6204   -0.7179   -0.3158
    0.6820    0.6927   -0.2346
...   105 C-G ...
  -30.5104 -129.6774  133.7874
    0.6467   -0.4668    0.6031
    0.3086   -0.5630   -0.7667
    0.6975    0.6820   -0.2200
...   106 T-A ...
  -28.2021 -127.3403  133.3674
    0.6825   -0.7208    0.1212
   -0.0764   -0.2353   -0.9689
    0.7269    0.6520   -0.2157
...   107 T-A ...
  -25.8183 -125.1810  132.9327
    0.5218   -0.7264   -0.4474
   -0.4611    0.2011   -0.8642
    0.7177    0.6572   -0.2300
...   108 C-G ...
  -23.4144 -123.0891  132.2199
    0.1227   -0.5101   -0.8513
   -0.6802    0.5814   -0.4464
    0.7227    0.6338   -0.2756
...   109 C-G ...
  -20.7630 -121.2717  131.2298
   -0.3334   -0.1969   -0.9220
   -0.6313    0.7730    0.0632
    0.7002    0.6031   -0.3820
...   110 G-C ...
  -18.7179 -119.0736  129.7894
   -0.7174    0.1582   -0.6785
   -0.3253    0.7851    0.5271
    0.6160    0.5989   -0.5117
...   111 G-C ...
  -16.8410 -117.2954  127.6148
   -0.8401    0.4844   -0.2442
    0.1266    0.6127    0.7801
    0.5275    0.6245   -0.5760
...   112 C-G ...
  -15.4408 -115.3768  125.3172
   -0.6676    0.7045    0.2410
    0.5727    0.2790    0.7708
    0.4758    0.6526   -0.5897
...   113 T-A ...
  -14.2562 -113.1593  123.1627
   -0.2987    0.7102    0.6375
    0.8538   -0.0996    0.5110
    0.4264    0.6969   -0.5766
...   114 C-G ...
  -13.0108 -110.7649  121.3043
    0.2470    0.5051    0.8269
    0.8757   -0.4818    0.0327
    0.4149    0.7160   -0.5614
...   115 G-C ...
  -11.2861 -108.5694  119.4796
    0.6543    0.0886    0.7510
    0.6040   -0.6588   -0.4485
    0.4550    0.7471   -0.4846
...   116 T-A ...
  -10.0684 -105.7200  118.2848
    0.8640   -0.2809    0.4178
    0.1756   -0.6096   -0.7730
    0.4718    0.7413   -0.4774
...   117 A-T ...
   -8.5232 -103.3783  116.4753
    0.7840   -0.6098   -0.1160
   -0.3775   -0.3201   -0.8689
    0.4928    0.7250   -0.4812
...   118 T-A ...
   -6.5505 -100.9445  115.4704
    0.4866   -0.6910   -0.5345
   -0.7223    0.0260   -0.6911
    0.4914    0.7224   -0.4864
...   119 A-T ...
   -4.9542  -98.6066  113.7267
   -0.0552   -0.5985   -0.7992
   -0.8639    0.4300   -0.2623
    0.5006    0.6760   -0.5408
...   120 A-T ...
   -3.1333  -96.6117  111.9368
   -0.5356   -0.2652   -0.8018
   -0.6849    0.6918    0.2286
    0.4940    0.6716   -0.5522
...   121 T-A ...
   -1.2162  -94.9648  109.8387
   -0.8123    0.1056   -0.5737
   -0.3256    0.7339    0.5962
    0.4840    0.6710   -0.5617
...   122 G-C ...
    0.1278  -92.6250  107.8848
   -0.9062    0.4147   -0.0821
    0.1921    0.5770    0.7938
    0.3766    0.7036   -0.6026
...   123 T-A ...
    1.0116  -90.6002  105.4253
   -0.6914    0.6265    0.3597
    0.6344    0.2883    0.7172
    0.3457    0.7241   -0.5968
...   124 G-C ...
    2.0795  -88.0212  103.6138
   -0.2551    0.6010    0.7574
    0.9228   -0.0825    0.3763
    0.2886    0.7950   -0.5336
...   125 T-A ...
    2.3961  -85.2728  101.7972
    0.2490    0.4473    0.8590
    0.9245   -0.3740   -0.0733
    0.2885    0.8124   -0.5067
...   126 C-G ...
    3.2720  -82.5282  100.2471
    0.7306    0.1202    0.6722
    0.6120   -0.5520   -0.5664
    0.3029    0.8251   -0.4768
...   127 G-C ...
    4.5703  -80.0079   98.4859
    0.9106   -0.2899    0.2946
    0.1200   -0.4967   -0.8596
    0.3955    0.8181   -0.4175
...   128 A-T ...
    5.9078  -77.3012   97.2230
    0.7976   -0.5489   -0.2500
   -0.4295   -0.2258   -0.8744
    0.4235    0.8048   -0.4159
...   129 C-G ...
    7.7228  -74.6793   96.3339
    0.4491   -0.6050   -0.6575
   -0.7762    0.1003   -0.6225
    0.4426    0.7899   -0.4246
...   130 C-G ...
    9.5293  -72.2215   94.9029
   -0.0738   -0.5139   -0.8546
   -0.8855    0.4280   -0.1809
    0.4587    0.7434   -0.4867
...   131 A-T ...
   10.8821  -69.7119   93.2001
   -0.6001   -0.2484   -0.7604
   -0.6782    0.6621    0.3189
    0.4243    0.7070   -0.5658
...   132 A-T ...
   12.3774  -67.6360   91.1986
   -0.8763    0.1713   -0.4504
   -0.2244    0.6822    0.6959
    0.4264    0.7108   -0.5593
...   133 A-T ...
   13.7235  -65.5064   89.1519
   -0.8526    0.5221    0.0206
    0.3042    0.4639    0.8320
    0.4248    0.7157   -0.5543
...   134 T-A ...
   14.7282  -63.4123   86.8245
   -0.5924    0.6746    0.4405
    0.6886    0.1400    0.7115
    0.4183    0.7248   -0.5474
...   135 G-C ...
   15.7211  -61.4788   83.9377
    0.0342    0.7399    0.6718
    0.8637   -0.3601    0.3526
    0.5028    0.5682   -0.6514
...   136 T-A ...
   15.7739  -59.5465   80.8036
    0.5516    0.4996    0.6680
    0.6739   -0.7388   -0.0038
    0.4916    0.4523   -0.7442
...   137 G-C ...
   16.8280  -57.7076   78.2737
    0.8528   -0.0847    0.5152
    0.1508   -0.9047   -0.3984
    0.4999    0.4175   -0.7588
...   138 A-T ...
   18.4175  -55.5142   76.5362
    0.8547   -0.5007    0.1370
   -0.3189   -0.7148   -0.6224
    0.4096    0.4883   -0.7706
...   139 G-C ...
   20.4152  -54.2945   74.5496
    0.5847   -0.7389   -0.3350
   -0.7594   -0.3532   -0.5465
    0.2854    0.5739   -0.7676
...   140 C-G ...
   21.4163  -51.8108   72.7950
    0.1305   -0.7142   -0.6876
   -0.8897    0.2217   -0.3991
    0.4375    0.6639   -0.6065
...   141 G-C ...
   22.1406  -50.1331   67.4725
   -0.4682   -0.8748    0.1248
   -0.8495    0.4067   -0.3362
    0.2434   -0.2634   -0.9335
...   142 C-G ...
   22.3377  -51.2252   64.5019
   -0.8529   -0.5117   -0.1032
   -0.4974    0.8566   -0.1372
    0.1587   -0.0657   -0.9851
...   143 T-A ...
   24.0059  -51.6202   61.9332
   -0.9563    0.0399   -0.2897
    0.0522    0.9980   -0.0348
    0.2877   -0.0484   -0.9565
...   144 C-G ...
   24.8856  -52.7207   58.9948
   -0.7530    0.5560   -0.3520
    0.5213    0.8304    0.1966
    0.4016   -0.0355   -0.9151
...   145 A-T ...
   25.5173  -52.9610   55.8127
   -0.2442    0.9563   -0.1609
    0.8907    0.2867    0.3528
    0.3835   -0.0571   -0.9218
...   146 C-G ...
   25.2676  -52.4925   52.0870
    0.3203    0.9428   -0.0928
    0.8825   -0.2613    0.3910
    0.3444   -0.2071   -0.9157
...   147 A-T ...
   25.6132  -52.5732   48.6479
    0.8597    0.5097    0.0339
    0.4498   -0.7866    0.4230
    0.2423   -0.3484   -0.9055
