  147 base-pairs
...     1 T-A ...
    0.0000    0.0000    0.0000
    1.0000    0.0000    0.0000
    0.0000    1.0000    0.0000
    0.0000    0.0000    1.0000
...     2 G-C ...
   -0.5555   -1.1003    3.3981
    0.7749    0.6051    0.1828
   -0.5991    0.7953   -0.0929
   -0.2016   -0.0375    0.9787
...     3 T-A ...
   -0.6619   -3.0237    6.5348
    0.3046    0.9250    0.2271
   -0.8994    0.3578   -0.2510
   -0.3134   -0.1278    0.9410
...     4 G-C ...
   -1.1607   -3.8418    9.6940
   -0.3351    0.9421    0.0133
   -0.8752   -0.3061   -0.3746
   -0.3489   -0.1372    0.9271
...     5 A-T ...
   -1.3881   -3.6770   12.8999
   -0.7835    0.6162   -0.0801
   -0.5677   -0.7622   -0.3109
   -0.2527   -0.1981    0.9470
...     6 G-C ...
   -2.6236   -3.5448   15.7072
   -0.9923    0.0611   -0.1075
   -0.0294   -0.9610   -0.2748
   -0.1201   -0.2695    0.9555
...     7 C-G ...
   -2.3138   -3.7570   18.8866
   -0.8620   -0.4995   -0.0864
    0.5008   -0.8655    0.0073
   -0.0785   -0.0370    0.9962
...     8 G-C ...
   -3.9561   -6.8109   23.3205
   -0.2581   -0.3560   -0.8981
    0.6294   -0.7673    0.1233
   -0.7330   -0.5335    0.4221
...     9 C-G ...
   -6.1177   -8.9414   24.2385
    0.1143   -0.7320   -0.6716
    0.8123   -0.3203    0.4874
   -0.5720   -0.6013    0.5580
...    10 T-A ...
   -8.5041   -9.6771   26.0540
    0.4660   -0.8587   -0.2131
    0.6274    0.1508    0.7640
   -0.6239   -0.4897    0.6090
...    11 C-G ...
  -11.0625  -11.3174   27.2336
    0.6660   -0.6911    0.2808
    0.3382    0.6152    0.7121
   -0.6649   -0.3794    0.6435
...    12 A-T ...
  -13.0013  -13.1789   29.0658
    0.7188   -0.1490    0.6790
   -0.1787    0.9043    0.3876
   -0.6718   -0.4000    0.6235
...    13 C-G ...
  -14.1788  -15.9359   31.3399
    0.4052    0.2865    0.8682
   -0.5270    0.8492   -0.0343
   -0.7470   -0.4437    0.4951
...    14 A-T ...
  -15.9532  -18.1566   33.3080
   -0.1503    0.6873    0.7107
   -0.6106    0.5008   -0.6135
   -0.7776   -0.5261    0.3444
...    15 A-T ...
  -18.2983  -19.9923   34.6221
   -0.4945    0.8352    0.2405
   -0.3967    0.0293   -0.9175
   -0.7734   -0.5491    0.3169
...    16 T-A ...
  -20.6144  -21.6529   36.2749
   -0.6270    0.7360   -0.2553
   -0.0832   -0.3891   -0.9174
   -0.7746   -0.5539    0.3052
...    17 T-A ...
  -23.1326  -23.3121   37.4577
   -0.5506    0.4008   -0.7323
    0.2928   -0.7287   -0.6190
   -0.7817   -0.5553    0.2839
...    18 T-A ...
  -25.7729  -24.9049   38.4308
   -0.2668   -0.0534   -0.9623
    0.5510   -0.8277   -0.1068
   -0.7907   -0.5587    0.2502
...    19 A-T ...
  -28.5581  -26.6514   38.9525
    0.1876   -0.4153   -0.8901
    0.5757   -0.6878    0.4422
   -0.7958   -0.5954    0.1101
...    20 T-A ...
  -31.4368  -28.2095   38.8023
    0.4676   -0.6874   -0.5557
    0.3980   -0.3976    0.8267
   -0.7892   -0.6078    0.0877
...    21 T-A ...
  -34.0369  -30.1431   38.7832
    0.6222   -0.7828   -0.0009
    0.0569    0.0442    0.9974
   -0.7808   -0.6207    0.0721
...    22 C-G ...
  -36.4646  -32.3340   38.8982
    0.5630   -0.5926    0.5760
   -0.3370    0.4717    0.8148
   -0.7546   -0.6529    0.0659
...    23 G-C ...
  -39.0080  -34.4170   39.4827
    0.3467   -0.1694    0.9226
   -0.6297    0.6869    0.3628
   -0.6952   -0.7067    0.1314
...    24 C-G ...
  -40.9792  -37.0524   39.9251
   -0.0315    0.2553    0.9664
   -0.7271    0.6575   -0.1974
   -0.6858   -0.7089    0.1649
...    25 A-T ...
  -43.4163  -39.2614   40.3886
   -0.3902    0.6372    0.6646
   -0.5933    0.3780   -0.7108
   -0.7041   -0.6716    0.2305
...    26 A-T ...
  -45.5572  -41.5012   41.3706
   -0.6696    0.7288    0.1435
   -0.2568   -0.0458   -0.9654
   -0.6969   -0.6832    0.2178
...    27 A-T ...
  -47.8016  -43.6413   42.3310
   -0.6999    0.5706   -0.4295
    0.1759   -0.4451   -0.8780
   -0.6922   -0.6901    0.2112
...    28 G-C ...
  -50.2454  -45.6944   43.1882
   -0.4552    0.3013   -0.8379
    0.5150   -0.6786   -0.5238
   -0.7264   -0.6699    0.1537
...    29 G-C ...
  -52.9382  -47.6692   43.6436
   -0.0390   -0.0467   -0.9981
    0.6639   -0.7477    0.0091
   -0.7468   -0.6624    0.0601
...    30 C-G ...
  -55.6671  -49.5336   43.5931
    0.3657   -0.4048   -0.8381
    0.5697   -0.6147    0.5455
   -0.7360   -0.6769    0.0058
...    31 C-G ...
  -58.2122  -51.7202   43.1717
    0.6800   -0.6043   -0.4153
    0.2659   -0.3245    0.9077
   -0.6833   -0.7277   -0.0599
...    32 G-C ...
  -60.2889  -54.3352   43.1911
    0.7913   -0.5907    0.1582
   -0.1773    0.0261    0.9838
   -0.5852   -0.8065   -0.0841
...    33 G-C ...
  -61.9763  -57.2096   42.6055
    0.6214   -0.4124    0.6662
   -0.5909    0.3118    0.7441
   -0.5145   -0.8560   -0.0499
...    34 C-G ...
  -63.2840  -60.2327   42.2578
    0.2257   -0.1380    0.9644
   -0.8425    0.4695    0.2643
   -0.4892   -0.8721   -0.0103
...    35 C-G ...
  -64.6177  -63.3298   42.3685
   -0.2254    0.2074    0.9519
   -0.8452    0.4443   -0.2969
   -0.4845   -0.8715    0.0751
...    36 C-G ...
  -66.0632  -66.3220   42.9228
   -0.6085    0.4812    0.6311
   -0.6029    0.2368   -0.7619
   -0.5160   -0.8440    0.1460
...    37 G-C ...
  -68.0776  -68.9870   43.1179
   -0.7882    0.6099    0.0825
   -0.1809   -0.1016   -0.9782
   -0.5882   -0.7860    0.1904
...    38 A-T ...
  -70.0384  -71.5149   43.8369
   -0.7294    0.4522   -0.5133
    0.3122   -0.4475   -0.8380
   -0.6087   -0.7715    0.1852
...    39 C-G ...
  -72.3811  -73.6543   44.8120
   -0.4461    0.1674   -0.8792
    0.6426   -0.6238   -0.4449
   -0.6229   -0.7635    0.1707
...    40 A-T ...
  -74.3361  -76.3082   45.2444
    0.0541   -0.1507   -0.9871
    0.7682   -0.6253    0.1375
   -0.6380   -0.7657    0.0820
...    41 C-G ...
  -76.8606  -78.4604   45.1931
    0.4633   -0.4331   -0.7732
    0.6252   -0.4586    0.6315
   -0.6281   -0.7760    0.0584
...    42 G-C ...
  -78.7163  -81.2123   45.5721
    0.8016   -0.5161   -0.3017
    0.2572   -0.1579    0.9534
   -0.5396   -0.8419    0.0062
...    43 A-T ...
  -80.4761  -83.9649   45.4653
    0.8280   -0.4706    0.3049
   -0.2560    0.1665    0.9522
   -0.4989   -0.8665    0.0174
...    44 C-G ...
  -81.7578  -86.9655   44.9934
    0.5996   -0.2786    0.7503
   -0.6517    0.3741    0.6598
   -0.4645   -0.8845    0.0427
...    45 T-A ...
  -82.9313  -90.0514   45.0868
    0.2114    0.0258    0.9771
   -0.8820    0.4358    0.1793
   -0.4212   -0.8997    0.1149
...    46 T-A ...
  -84.0419  -93.0654   45.4932
   -0.3108    0.2820    0.9077
   -0.8544    0.3356   -0.3968
   -0.4165   -0.8988    0.1366
...    47 A-T ...
  -85.5588  -95.9867   45.9943
   -0.7252    0.4786    0.4950
   -0.5276    0.0756   -0.8461
   -0.4424   -0.8747    0.1977
...    48 C-G ...
  -86.8512  -98.7562   47.2767
   -0.8849    0.4653   -0.0225
   -0.0828   -0.2046   -0.9753
   -0.4584   -0.8612    0.2196
...    49 T-A ...
  -88.5527 -101.4151   48.2873
   -0.7771    0.3180   -0.5431
    0.3825   -0.4467   -0.8088
   -0.4998   -0.8363    0.2255
...    50 G-C ...
  -90.1847 -104.2748   48.7176
   -0.3816    0.0506   -0.9229
    0.7489   -0.5683   -0.3408
   -0.5418   -0.8212    0.1790
...    51 T-A ...
  -92.4866 -106.6170   49.3204
    0.0753   -0.2471   -0.9661
    0.8413   -0.5044    0.1946
   -0.5353   -0.8274    0.1699
...    52 A-T ...
  -94.0966 -109.4700   50.0114
    0.5797   -0.4917   -0.6497
    0.6295   -0.2360    0.7403
   -0.5173   -0.8382    0.1728
...    53 G-C ...
  -95.9071 -112.2329   50.2726
    0.8589   -0.4794   -0.1803
    0.2412    0.0681    0.9681
   -0.4518   -0.8749    0.1742
...    54 G-C ...
  -97.4087 -115.2535   50.5082
    0.9007   -0.2701    0.3404
   -0.2531    0.3107    0.9162
   -0.3532   -0.9113    0.2115
...    55 T-A ...
  -98.1949 -118.4328   50.7163
    0.6664   -0.0172    0.7454
   -0.6781    0.4017    0.6155
   -0.3100   -0.9156    0.2561
...    56 A-T ...
  -98.8188 -121.5679   51.6563
    0.2496    0.3499    0.9029
   -0.9421    0.3033    0.1429
   -0.2239   -0.8863    0.4054
...    57 T-A ...
  -98.8631 -124.5230   53.0507
   -0.2435    0.4795    0.8431
   -0.9460    0.0746   -0.3156
   -0.2142   -0.8744    0.4354
...    58 C-G ...
  -99.5515 -127.2457   54.7064
   -0.7373    0.4676    0.4876
   -0.6407   -0.2551   -0.7242
   -0.2142   -0.8463    0.4877
...    59 T-A ...
 -100.2444 -129.8091   56.6765
   -0.9550    0.2964    0.0124
   -0.1686   -0.5080   -0.8447
   -0.2440   -0.8088    0.5351
...    60 C-G ...
 -101.2141 -132.3547   58.5177
   -0.8703   -0.0693   -0.4876
    0.4255   -0.6043   -0.6737
   -0.2480   -0.7938    0.5554
...    61 G-C ...
 -101.8299 -135.2755   60.0283
   -0.4579   -0.3693   -0.8087
    0.8414   -0.4736   -0.2602
   -0.2869   -0.7996    0.5276
...    62 A-T ...
 -102.8576 -137.8206   61.8510
    0.1340   -0.5801   -0.8034
    0.9541   -0.1435    0.2628
   -0.2677   -0.8018    0.5343
...    63 G-C ...
 -104.0003 -140.4841   63.4695
    0.6311   -0.5250   -0.5710
    0.7461    0.2097    0.6319
   -0.2120   -0.8249    0.5240
...    64 C-G ...
 -104.9985 -143.2940   64.9153
    0.9453   -0.2757   -0.1742
    0.2924    0.4798    0.8272
   -0.1444   -0.8329    0.5342
...    65 T-A ...
 -105.3601 -146.2200   66.3957
    0.9719    0.0947    0.2154
   -0.2312    0.5536    0.8000
   -0.0435   -0.8274    0.5600
...    66 C-G ...
 -105.3733 -148.9337   68.1745
    0.6724    0.4658    0.5752
   -0.7396    0.3917    0.5474
    0.0296   -0.7935    0.6079
...    67 G-C ...
 -105.2476 -151.3110   70.5067
    0.1678    0.7369    0.6548
   -0.9769    0.0351    0.2109
    0.1325   -0.6751    0.7258
...    68 G-C ...
 -104.3878 -153.1606   73.1843
   -0.3864    0.7155    0.5821
   -0.9081   -0.4054   -0.1045
    0.1612   -0.5690    0.8064
...    69 G-C ...
 -103.7865 -154.5182   76.2190
   -0.8248    0.4271    0.3705
   -0.5467   -0.7697   -0.3297
    0.1443   -0.4745    0.8684
...    70 A-T ...
 -103.4268 -155.8883   79.1985
   -0.9872   -0.1194    0.1062
    0.0595   -0.8915   -0.4490
    0.1483   -0.4369    0.8872
...    71 T-A ...
 -103.1323 -156.6910   82.4151
   -0.8054   -0.5842   -0.1006
    0.5627   -0.7001   -0.4396
    0.1864   -0.4106    0.8926
...    72 C-G ...
 -102.6168 -157.9753   85.4173
   -0.2965   -0.8995   -0.3211
    0.9328   -0.2005   -0.2996
    0.2051   -0.3883    0.8984
...    73 C-G ...
 -102.1793 -159.2238   88.5376
    0.2564   -0.8413   -0.4759
    0.9358    0.3392   -0.0955
    0.2418   -0.4209    0.8743
...    74 G-C ...
 -101.0692 -160.1997   91.5397
    0.6999   -0.4618   -0.5448
    0.6188    0.7730    0.1398
    0.3566   -0.4350    0.8268
...    75 C-G ...
 -100.1617 -161.9513   94.1827
    0.8911    0.0532   -0.4507
    0.1403    0.9122    0.3850
    0.4316   -0.4063    0.8054
...    76 T-A ...
  -98.5753 -163.5131   96.5950
    0.7826    0.5490   -0.2935
   -0.3232    0.7612    0.5623
    0.5321   -0.3452    0.7731
...    77 T-A ...
  -96.6831 -164.6553   98.9224
    0.4375    0.8991   -0.0179
   -0.6813    0.3443    0.6460
    0.5869   -0.2704    0.7631
...    78 T-A ...
  -94.5811 -165.4107  101.2301
   -0.0435    0.9614    0.2716
   -0.7882   -0.2001    0.5820
    0.6139   -0.1888    0.7665
...    79 A-T ...
  -92.3585 -165.4946  103.7032
   -0.5466    0.7284    0.4131
   -0.5934   -0.6850    0.4226
    0.5908   -0.0142    0.8067
...    80 A-T ...
  -90.3718 -165.1946  106.2481
   -0.7810    0.2155    0.5862
   -0.1600   -0.9763    0.1457
    0.6037    0.0200    0.7970
...    81 C-G ...
  -88.5002 -164.4291  108.9124
   -0.7437   -0.3286    0.5822
    0.2943   -0.9429   -0.1562
    0.6003    0.0552    0.7979
...    82 A-T ...
  -86.4055 -164.5266  111.4629
   -0.4347   -0.8214    0.3693
    0.6911   -0.5672   -0.4481
    0.5775    0.0604    0.8142
...    83 C-G ...
  -84.9780 -164.0993  114.4792
    0.0124   -0.9957    0.0918
    0.8096   -0.0439   -0.5854
    0.5869    0.0816    0.8056
...    84 T-A ...
  -83.2424 -163.9182  117.3107
    0.4283   -0.8678   -0.2518
    0.6614    0.4910   -0.5670
    0.6157    0.0763    0.7843
...    85 C-G ...
  -81.3363 -163.6106  119.9721
    0.7108   -0.4180   -0.5657
    0.2594    0.9033   -0.3416
    0.6538    0.0960    0.7505
...    86 A-T ...
  -79.1539 -163.1566  122.4494
    0.6315    0.1290   -0.7646
   -0.1773    0.9840    0.0196
    0.7548    0.1231    0.6442
...    87 T-A ...
  -76.4921 -163.3291  124.3024
    0.4229    0.5817   -0.6948
   -0.4613    0.7981    0.3875
    0.7800    0.1567    0.6059
...    88 G-C ...
  -73.6982 -162.5706  125.9948
   -0.0334    0.8660   -0.4989
   -0.5773    0.3908    0.7170
    0.8159    0.3119    0.4869
...    89 T-A ...
  -70.7837 -161.5022  126.9318
   -0.3791    0.9188   -0.1098
   -0.4551   -0.0818    0.8867
    0.8057    0.3861    0.4492
...    90 T-A ...
  -68.1442 -160.0681  128.1091
   -0.5939    0.7102    0.3780
   -0.1411   -0.5545    0.8201
    0.7921    0.4337    0.4296
...    91 A-T ...
  -65.6479 -158.4748  129.6178
   -0.5966    0.2405    0.7657
    0.2764   -0.8341    0.4773
    0.7535    0.4964    0.4312
...    92 T-A ...
  -63.5058 -156.2315  130.7856
   -0.3495   -0.2010    0.9151
    0.5495   -0.8351    0.0265
    0.7589    0.5121    0.4023
...    93 A-T ...
  -60.5736 -154.8602  131.8069
    0.1689   -0.6398    0.7498
    0.6256   -0.5183   -0.5832
    0.7617    0.5675    0.3126
...    94 A-T ...
  -58.3231 -152.8262  133.0164
    0.5459   -0.7849    0.2932
    0.3866   -0.0745   -0.9192
    0.7433    0.6152    0.2627
...    95 C-G ...
  -56.0474 -150.8650  134.4292
    0.6574   -0.7172   -0.2311
    0.0294    0.3308   -0.9432
    0.7530    0.6133    0.2386
...    96 G-C ...
  -53.7078 -148.5291  134.8642
    0.4621   -0.5030   -0.7304
   -0.3622    0.6447   -0.6732
    0.8095    0.5756    0.1157
...    97 G-C ...
  -50.8519 -146.8454  135.3649
    0.1030   -0.1667   -0.9806
   -0.5544    0.8089   -0.1958
    0.8259    0.5638   -0.0091
...    98 A-T ...
  -48.1342 -145.1031  135.2378
   -0.2963    0.2595   -0.9192
   -0.5083    0.7719    0.3818
    0.8086    0.5803   -0.0968
...    99 T-A ...
  -45.3219 -143.6788  134.4381
   -0.5431    0.5710   -0.6157
   -0.2900    0.5606    0.7756
    0.7880    0.5997   -0.1389
...   100 T-A ...
  -42.8179 -141.7968  133.6752
   -0.6498    0.7544   -0.0930
    0.0716    0.1825    0.9806
    0.7567    0.6306   -0.1726
...   101 T-A ...
  -40.5025 -139.7157  132.7955
   -0.5156    0.7221    0.4612
    0.4365   -0.2419    0.8666
    0.7373    0.6482   -0.1905
...   102 A-T ...
  -38.1489 -137.4512  132.2123
   -0.1994    0.4300    0.8805
    0.6843   -0.5821    0.4392
    0.7014    0.6901   -0.1782
...   103 T-A ...
  -36.4004 -134.7474  131.4514
    0.1866    0.0953    0.9778
    0.6951   -0.7162   -0.0629
    0.6943    0.6914   -0.1999
...   104 G-C ...
  -33.9352 -132.6491  130.8293
    0.5099   -0.3643    0.7793
    0.4801   -0.6312   -0.6092
    0.7138    0.6848   -0.1470
...   105 C-G ...
  -31.7375 -130.1827  130.6254
    0.6688   -0.6653    0.3318
    0.1249   -0.3393   -0.9323
    0.7329    0.6650   -0.1438
...   106 T-A ...
  -29.2577 -128.0126  130.4619
    0.6012   -0.7771   -0.1862
   -0.2400    0.0467   -0.9696
    0.7622    0.6276   -0.1585
...   107 T-A ...
  -26.7106 -126.0291  130.2005
    0.3600   -0.6279   -0.6901
   -0.5452    0.4586   -0.7017
    0.7571    0.6288   -0.1772
...   108 C-G ...
  -24.1778 -124.0744  129.6227
   -0.0584   -0.2961   -0.9534
   -0.6533    0.7335   -0.1878
    0.7549    0.6119   -0.2362
...   109 C-G ...
  -21.4574 -122.3719  128.6296
   -0.4745    0.0508   -0.8788
   -0.5147    0.7939    0.3237
    0.7141    0.6060   -0.3505
...   110 G-C ...
  -19.3808 -120.1469  127.3209
   -0.7765    0.3627   -0.5153
   -0.1542    0.6835    0.7134
    0.6110    0.6334   -0.4748
...   111 G-C ...
  -17.6390 -118.1510  125.2247
   -0.8024    0.5964   -0.0213
    0.2989    0.4325    0.8506
    0.5165    0.6762   -0.5253
...   112 C-G ...
  -16.3503 -115.9530  123.1319
   -0.5464    0.7013    0.4578
    0.6959    0.0760    0.7141
    0.4660    0.7088   -0.5296
...   113 T-A ...
  -15.2211 -113.4929  121.2372
   -0.1359    0.6054    0.7842
    0.8953   -0.2639    0.3589
    0.4242    0.7509   -0.5062
...   114 C-G ...
  -13.9743 -110.9247  119.6396
    0.3998    0.3298    0.8552
    0.8162   -0.5527   -0.1684
    0.4171    0.7654   -0.4902
...   115 G-C ...
  -12.2766 -108.6263  117.9494
    0.7444   -0.0934    0.6611
    0.4733   -0.6246   -0.6212
    0.4709    0.7754   -0.4208
...   116 T-A ...
  -10.9237 -105.7395  117.0457
    0.8722   -0.4158    0.2575
    0.0228   -0.4914   -0.8707
    0.4885    0.7653   -0.4191
...   117 A-T ...
   -9.3232 -103.2752  115.5019
    0.7016   -0.6564   -0.2773
   -0.4874   -0.1582   -0.8587
    0.5198    0.7376   -0.4309
...   118 T-A ...
   -7.2054 -100.9250  114.6214
    0.3635   -0.6550   -0.6625
   -0.7733    0.1843   -0.6066
    0.5194    0.7328   -0.4395
...   119 A-T ...
   -5.4097  -98.6275  113.0544
   -0.1750   -0.5127   -0.8406
   -0.8352    0.5294   -0.1490
    0.5214    0.6760   -0.5208
...   120 A-T ...
   -3.5446  -96.6640  111.2841
   -0.6157   -0.1519   -0.7732
   -0.5999    0.7266    0.3350
    0.5109    0.6700   -0.5385
...   121 T-A ...
   -1.6517  -95.0279  109.1638
   -0.8399    0.2130   -0.4993
   -0.2176    0.7105    0.6692
    0.4973    0.6706   -0.5504
...   122 G-C ...
   -0.2826  -92.6964  107.2294
   -0.8774    0.4797    0.0104
    0.2874    0.5081    0.8120
    0.3842    0.7154   -0.5836
...   123 T-A ...
    0.5738  -90.5877  104.8425
   -0.6245    0.6441    0.4418
    0.6966    0.2033    0.6881
    0.3534    0.7374   -0.5756
...   124 G-C ...
    1.6531  -87.9735  103.1073
   -0.1770    0.5678    0.8039
    0.9365   -0.1541    0.3150
    0.3027    0.8086   -0.5044
...   125 T-A ...
    2.0189  -85.1543  101.4240
    0.3157    0.3858    0.8669
    0.8988   -0.4144   -0.1429
    0.3041    0.8243   -0.4776
...   126 C-G ...
    2.9459  -82.3761   99.9834
    0.7650    0.0517    0.6420
    0.5589   -0.5486   -0.6218
    0.3201    0.8345   -0.4485
...   127 G-C ...
    4.2686  -79.8396   98.2964
    0.9075   -0.3413    0.2450
    0.0657   -0.4605   -0.8852
    0.4149    0.8194   -0.3955
...   128 A-T ...
    5.6647  -77.1372   97.1137
    0.7665   -0.5693   -0.2972
   -0.4651   -0.1729   -0.8682
    0.4429    0.8037   -0.3973
...   129 C-G ...
    7.5536  -74.5645   96.2690
    0.4098   -0.5977   -0.6890
   -0.7871    0.1501   -0.5984
    0.4611    0.7875   -0.4090
...   130 C-G ...
    9.4277  -72.1368   94.8887
   -0.1065   -0.4888   -0.8659
   -0.8747    0.4601   -0.1522
    0.4728    0.7412   -0.4765
...   131 A-T ...
   10.8602  -69.6657   93.2126
   -0.6158   -0.2234   -0.7555
   -0.6577    0.6738    0.3368
    0.4338    0.7043   -0.5619
...   132 A-T ...
   12.3756  -67.6126   91.2086
   -0.8775    0.1879   -0.4412
   -0.2073    0.6810    0.7023
    0.4324    0.7078   -0.5587
...   133 A-T ...
   13.7259  -65.5003   89.1523
   -0.8493    0.5274    0.0253
    0.3107    0.4604    0.8316
    0.4269    0.7141   -0.5548
...   134 T-A ...
   14.7284  -63.4123   86.8245
   -0.5924    0.6746    0.4405
    0.6886    0.1400    0.7115
    0.4183    0.7248   -0.5474
...   135 G-C ...
   15.7213  -61.4789   83.9377
    0.0342    0.7399    0.6718
    0.8637   -0.3601    0.3526
    0.5028    0.5682   -0.6514
...   136 T-A ...
   15.7741  -59.5465   80.8036
    0.5516    0.4996    0.6680
    0.6739   -0.7388   -0.0038
    0.4916    0.4523   -0.7442
...   137 G-C ...
   16.8282  -57.7077   78.2737
    0.8528   -0.0847    0.5152
    0.1508   -0.9047   -0.3984
    0.4999    0.4175   -0.7588
...   138 A-T ...
   18.4177  -55.5142   76.5362
    0.8547   -0.5007    0.1370
   -0.3189   -0.7148   -0.6224
    0.4096    0.4883   -0.7706
...   139 G-C ...
   20.4154  -54.2946   74.5496
    0.5847   -0.7389   -0.3350
   -0.7594   -0.3532   -0.5465
    0.2854    0.5739   -0.7676
...   140 C-G ...
   21.4165  -51.8108   72.7949
    0.1305   -0.7142   -0.6876
   -0.8897    0.2217   -0.3991
    0.4375    0.6639   -0.6065
...   141 G-C ...
   22.1408  -50.1331   67.4724
   -0.4682   -0.8748    0.1248
   -0.8495    0.4067   -0.3362
    0.2434   -0.2634   -0.9335
...   142 C-G ...
   22.3379  -51.2253   64.5019
   -0.8529   -0.5117   -0.1032
   -0.4974    0.8566   -0.1372
    0.1587   -0.0657   -0.9851
...   143 T-A ...
   24.0061  -51.6202   61.9332
   -0.9563    0.0399   -0.2897
    0.0522    0.9980   -0.0348
    0.2877   -0.0484   -0.9565
...   144 C-G ...
   24.8858  -52.7208   58.9947
   -0.7530    0.5560   -0.3520
    0.5213    0.8304    0.1966
    0.4016   -0.0355   -0.9151
...   145 A-T ...
   25.5175  -52.9611   55.8127
   -0.2441    0.9563   -0.1609
    0.8907    0.2867    0.3528
    0.3835   -0.0571   -0.9218
...   146 C-G ...
   25.2679  -52.4926   52.0870
    0.3203    0.9428   -0.0928
    0.8825   -0.2613    0.3910
    0.3444   -0.2071   -0.9157
...   147 A-T ...
   25.6135  -52.5733   48.6478
    0.8597    0.5097    0.0339
    0.4498   -0.7866    0.4230
    0.2423   -0.3484   -0.9055
