  147 base-pairs
...     1 T-A ...
    0.0000    0.0000    0.0000
    1.0000    0.0000    0.0000
    0.0000    1.0000    0.0000
    0.0000    0.0000    1.0000
...     2 G-C ...
   -0.5555   -1.1003    3.3981
    0.7749    0.6051    0.1828
   -0.5991    0.7953   -0.0929
   -0.2016   -0.0375    0.9787
...     3 T-A ...
   -0.6619   -3.0237    6.5348
    0.3046    0.9250    0.2271
   -0.8994    0.3578   -0.2510
   -0.3134   -0.1278    0.9410
...     4 G-C ...
   -1.1607   -3.8418    9.6940
   -0.3351    0.9421    0.0133
   -0.8752   -0.3061   -0.3746
   -0.3489   -0.1372    0.9271
...     5 A-T ...
   -1.3881   -3.6770   12.8999
   -0.7835    0.6162   -0.0801
   -0.5677   -0.7622   -0.3109
   -0.2527   -0.1981    0.9470
...     6 G-C ...
   -2.6236   -3.5448   15.7072
   -0.9923    0.0611   -0.1075
   -0.0294   -0.9610   -0.2748
   -0.1201   -0.2695    0.9555
...     7 C-G ...
   -2.3138   -3.7570   18.8866
   -0.8620   -0.4995   -0.0864
    0.5008   -0.8655    0.0073
   -0.0785   -0.0370    0.9962
...     8 G-C ...
   -3.9561   -6.8109   23.3205
   -0.2581   -0.3560   -0.8981
    0.6294   -0.7673    0.1233
   -0.7330   -0.5335    0.4221
...     9 C-G ...
   -6.1177   -8.9414   24.2385
    0.1143   -0.7320   -0.6716
    0.8123   -0.3203    0.4874
   -0.5720   -0.6013    0.5580
...    10 T-A ...
   -8.5041   -9.6771   26.0540
    0.4660   -0.8587   -0.2131
    0.6274    0.1508    0.7640
   -0.6239   -0.4897    0.6090
...    11 C-G ...
  -11.0625  -11.3174   27.2336
    0.6660   -0.6911    0.2808
    0.3382    0.6152    0.7121
   -0.6649   -0.3794    0.6435
...    12 A-T ...
  -13.0013  -13.1789   29.0658
    0.7188   -0.1490    0.6790
   -0.1787    0.9043    0.3876
   -0.6718   -0.4000    0.6235
...    13 C-G ...
  -14.1788  -15.9359   31.3399
    0.4052    0.2865    0.8682
   -0.5270    0.8492   -0.0343
   -0.7470   -0.4437    0.4951
...    14 A-T ...
  -15.9532  -18.1566   33.3080
   -0.1503    0.6873    0.7107
   -0.6106    0.5008   -0.6135
   -0.7776   -0.5261    0.3444
...    15 A-T ...
  -18.2999  -19.9787   34.6287
   -0.4864    0.8390    0.2440
   -0.4021    0.0330   -0.9150
   -0.7757   -0.5432    0.3213
...    16 T-A ...
  -20.6195  -21.6123   36.2951
   -0.6196    0.7445   -0.2485
   -0.0961   -0.3861   -0.9174
   -0.7790   -0.5446    0.3108
...    17 T-A ...
  -23.1522  -23.2295   37.4993
   -0.5516    0.4141   -0.7240
    0.2730   -0.7306   -0.6258
   -0.7882   -0.5429    0.2900
...    18 T-A ...
  -25.8137  -24.7686   38.4979
   -0.2817   -0.0411   -0.9586
    0.5324   -0.8379   -0.1206
   -0.7982   -0.5443    0.2579
...    19 A-T ...
  -28.6354  -26.4407   39.0446
    0.1605   -0.4103   -0.8977
    0.5679   -0.7055    0.4240
   -0.8073   -0.5779    0.1197
...    20 T-A ...
  -31.5559  -27.9248   38.9376
    0.4377   -0.6929   -0.5731
    0.4059   -0.4164    0.8135
   -0.8023   -0.5887    0.0990
...    21 T-A ...
  -34.2108  -29.7824   38.9512
    0.5997   -0.7998   -0.0258
    0.0835    0.0305    0.9960
   -0.7958   -0.5995    0.0850
...    22 C-G ...
  -36.7005  -31.8951   39.0987
    0.5624   -0.6164    0.5511
   -0.2985    0.4701    0.8306
   -0.7711   -0.6317    0.0804
...    23 G-C ...
  -39.2851  -33.9015   39.7196
    0.3760   -0.1932    0.9062
   -0.5935    0.7009    0.3957
   -0.7116   -0.6866    0.1489
...    24 C-G ...
  -41.3139  -36.4766   40.1985
    0.0196    0.2414    0.9702
   -0.7125    0.6841   -0.1558
   -0.7014   -0.6883    0.1854
...    25 A-T ...
  -43.7799  -38.6227   40.7627
   -0.3294    0.6403    0.6940
   -0.6159    0.4114   -0.6719
   -0.7156   -0.6487    0.2588
...    26 A-T ...
  -45.9482  -40.7887   41.8361
   -0.6277    0.7536    0.1948
   -0.3157   -0.0177   -0.9487
   -0.7115   -0.6570    0.2490
...    27 A-T ...
  -48.2238  -42.8396   42.9044
   -0.6981    0.6109   -0.3734
    0.0983   -0.4348   -0.8952
   -0.7092   -0.6616    0.2434
...    28 G-C ...
  -50.7018  -44.7851   43.8871
   -0.4958    0.3422   -0.7982
    0.4433   -0.6906   -0.5714
   -0.7467   -0.6372    0.1907
...    29 G-C ...
  -53.4595  -46.6232   44.4863
   -0.1136   -0.0197   -0.9933
    0.6227   -0.7805   -0.0557
   -0.7742   -0.6249    0.1009
...    30 C-G ...
  -56.2751  -48.3438   44.5982
    0.2791   -0.4007   -0.8727
    0.5755   -0.6577    0.4861
   -0.7687   -0.6379    0.0470
...    31 C-G ...
  -58.9629  -50.3744   44.3256
    0.6108   -0.6270   -0.4836
    0.3197   -0.3634    0.8750
   -0.7244   -0.6891   -0.0215
...    32 G-C ...
  -61.1740  -52.8614   44.4549
    0.7686   -0.6355    0.0740
   -0.0904    0.0067    0.9959
   -0.6334   -0.7721   -0.0523
...    33 G-C ...
  -63.0654  -55.6162   43.9378
    0.6564   -0.4640    0.5949
   -0.5023    0.3196    0.8035
   -0.5630   -0.8262   -0.0232
...    34 C-G ...
  -64.5623  -58.5474   43.6314
    0.3107   -0.1788    0.9335
   -0.7855    0.5048    0.3581
   -0.5353   -0.8445    0.0163
...    35 C-G ...
  -66.0336  -61.5758   43.7885
   -0.1118    0.1902    0.9754
   -0.8448    0.4986   -0.1941
   -0.5232   -0.8457    0.1049
...    36 C-G ...
  -67.5675  -64.5018   44.4290
   -0.5034    0.4956    0.7078
   -0.6691    0.2948   -0.6822
   -0.5467   -0.8170    0.1832
...    37 G-C ...
  -69.7033  -67.0360   44.8131
   -0.7307    0.6550    0.1924
   -0.3035   -0.0592   -0.9510
   -0.6115   -0.7533    0.2421
...    38 A-T ...
  -71.7299  -69.4449   45.7119
   -0.7546    0.5161   -0.4052
    0.1733   -0.4389   -0.8817
   -0.6329   -0.7355    0.2417
...    39 C-G ...
  -74.0760  -71.4508   46.9219
   -0.5425    0.2280   -0.8085
    0.5336   -0.6498   -0.5413
   -0.6488   -0.7251    0.2308
...    40 A-T ...
  -76.1487  -73.9679   47.5352
   -0.0895   -0.1175   -0.9890
    0.7310   -0.6822    0.0149
   -0.6765   -0.7216    0.1469
...    41 C-G ...
  -78.8090  -75.9343   47.7671
    0.3185   -0.4353   -0.8420
    0.6694   -0.5257    0.5250
   -0.6712   -0.7309    0.1240
...    42 G-C ...
  -80.7948  -78.5487   48.3330
    0.7080   -0.5612   -0.4288
    0.3774   -0.2125    0.9013
   -0.5969   -0.7999    0.0613
...    43 A-T ...
  -82.7669  -81.1494   48.4060
    0.8243   -0.5418    0.1641
   -0.0989    0.1477    0.9841
   -0.5574   -0.8274    0.0682
...    44 C-G ...
  -84.3346  -84.0227   48.0517
    0.6830   -0.3519    0.6401
   -0.5116    0.3950    0.7630
   -0.5213   -0.8486    0.0898
...    45 T-A ...
  -85.7154  -87.0113   48.2378
    0.3666   -0.0290    0.9299
   -0.8034    0.4941    0.3322
   -0.4691   -0.8689    0.1578
...    46 T-A ...
  -86.9833  -89.9432   48.7436
   -0.1281    0.2714    0.9539
   -0.8779    0.4164   -0.2364
   -0.4613   -0.8677    0.1850
...    47 A-T ...
  -88.5525  -92.7653   49.5108
   -0.5643    0.5301    0.6330
   -0.6705    0.1531   -0.7260
   -0.4817   -0.8340    0.2690
...    48 C-G ...
  -89.8411  -95.4276   50.9869
   -0.8176    0.5529    0.1605
   -0.2954   -0.1635   -0.9413
   -0.4942   -0.8171    0.2970
...    49 T-A ...
  -91.5787  -97.9195   52.2949
   -0.8310    0.4169   -0.3683
    0.1579   -0.4581   -0.8748
   -0.5334   -0.7851    0.3148
...    50 G-C ...
  -93.4101 -100.5865   53.0184
   -0.5563    0.1238   -0.8217
    0.5908   -0.6365   -0.4958
   -0.5844   -0.7613    0.2810
...    51 T-A ...
  -95.7912 -102.6740   54.0701
   -0.1602   -0.2220   -0.9618
    0.7974   -0.6035    0.0065
   -0.5819   -0.7659    0.2737
...    52 A-T ...
  -97.5219 -105.3512   55.0853
    0.3606   -0.5427   -0.7586
    0.7402   -0.3284    0.5867
   -0.5675   -0.7731    0.2833
...    53 G-C ...
  -99.5642 -107.8726   55.7437
    0.7299   -0.5796   -0.3623
    0.4544    0.0154    0.8907
   -0.5107   -0.8147    0.2746
...    54 G-C ...
 -101.3688 -110.6706   56.3272
    0.9105   -0.3918    0.1325
    0.0009    0.3223    0.9466
   -0.4136   -0.8618    0.2938
...    55 T-A ...
 -102.5043 -113.7203   56.7355
    0.8100   -0.1202    0.5740
   -0.4602    0.4764    0.7492
   -0.3635   -0.8710    0.3306
...    56 A-T ...
 -103.2436 -116.7979   57.7858
    0.5112    0.3021    0.8046
   -0.8271    0.4274    0.3650
   -0.2336   -0.8521    0.4684
...    57 T-A ...
 -103.3374 -119.7282   59.2168
    0.0475    0.5023    0.8634
   -0.9754    0.2096   -0.0683
   -0.2152   -0.8389    0.5000
...    58 C-G ...
 -103.9446 -122.3291   61.0703
   -0.5085    0.5713    0.6442
   -0.8373   -0.1533   -0.5249
   -0.2011   -0.8063    0.5563
...    59 T-A ...
 -104.4598 -124.7509   63.2482
   -0.8595    0.4463    0.2492
   -0.4632   -0.4738   -0.7490
   -0.2163   -0.7592    0.6139
...    60 T-A ...
 -105.0517 -127.0151   65.5102
   -0.9782    0.0627   -0.1978
    0.1103   -0.6504   -0.7516
   -0.1757   -0.7570    0.6293
...    61 C-G ...
 -105.7716 -129.4163   67.6383
   -0.7252   -0.3442   -0.5963
    0.6665   -0.5682   -0.4826
   -0.1727   -0.7474    0.6415
...    62 A-T ...
 -106.0869 -132.0099   69.6597
   -0.1962   -0.5761   -0.7935
    0.9635   -0.2636   -0.0469
   -0.1821   -0.7737    0.6068
...    63 T-A ...
 -107.3471 -134.4267   71.5398
    0.3166   -0.6429   -0.6975
    0.9336    0.0809    0.3492
   -0.1681   -0.7617    0.6258
...    64 G-C ...
 -107.7588 -136.9885   73.6132
    0.7924   -0.4020   -0.4588
    0.6061    0.4333    0.6670
   -0.0693   -0.8066    0.5870
...    65 T-A ...
 -108.1840 -139.9235   75.0277
    0.9924   -0.0780   -0.0951
    0.1229    0.5893    0.7985
   -0.0062   -0.8041    0.5945
...    66 T-A ...
 -108.1155 -142.6334   76.7647
    0.8998    0.3088    0.3081
   -0.4323    0.5362    0.7250
    0.0587   -0.7856    0.6160
...    67 A-T ...
 -107.2344 -145.3200   78.5678
    0.5405    0.7012    0.4649
   -0.8060    0.2731    0.5251
    0.2413   -0.6585    0.7128
...    68 T-A ...
 -105.8119 -147.4186   80.6051
    0.0694    0.7740    0.6293
   -0.9610   -0.1174    0.2505
    0.2678   -0.6222    0.7357
...    69 A-T ...
 -104.7408 -149.1480   83.2237
   -0.4954    0.6568    0.5684
   -0.8244   -0.5617   -0.0695
    0.2736   -0.5031    0.8198
...    70 A-T ...
 -103.6794 -150.4885   85.9816
   -0.8696    0.2167    0.4437
   -0.3925   -0.8486   -0.3548
    0.2997   -0.4826    0.8230
...    71 C-G ...
 -102.6715 -151.4670   89.0140
   -0.9439   -0.2632    0.1996
    0.1287   -0.8495   -0.5116
    0.3042   -0.4572    0.8357
...    72 G-C ...
 -101.6194 -153.3947   91.5206
   -0.7082   -0.6900   -0.1496
    0.6539   -0.5611   -0.5075
    0.2662   -0.4572    0.8486
...    73 G-C ...
 -100.8998 -154.7959   94.5096
   -0.2396   -0.8691   -0.4328
    0.9329   -0.0825   -0.3506
    0.2689   -0.4878    0.8305
...    74 A-T ...
 -100.1012 -156.2443   97.3448
    0.3511   -0.7456   -0.5665
    0.8846    0.4624   -0.0604
    0.3070   -0.4799    0.8219
...    75 C-G ...
  -99.5502 -158.1709   99.9646
    0.7438   -0.3829   -0.5478
    0.5699    0.7916    0.2206
    0.3492   -0.4762    0.8070
...    76 G-C ...
  -98.3066 -159.4505  102.7794
    0.8552    0.1758   -0.4875
    0.0781    0.8863    0.4565
    0.5123   -0.4285    0.7442
...    77 A-T ...
  -96.6003 -160.8875  105.1108
    0.6988    0.6784   -0.2270
   -0.4057    0.6372    0.6553
    0.5892   -0.3658    0.7205
...    78 G-C ...
  -94.3592 -162.0721  107.1761
    0.3258    0.9449    0.0333
   -0.6772    0.2087    0.7056
    0.6597   -0.2524    0.7079
...    79 C-G ...
  -91.7821 -162.5742  109.1250
   -0.1291    0.9318    0.3393
   -0.7105   -0.3256    0.6239
    0.6918   -0.1605    0.7041
...    80 T-A ...
  -89.3079 -162.6530  111.2839
   -0.5231    0.6446    0.5575
   -0.4914   -0.7626    0.4206
    0.6963   -0.0539    0.7157
...    81 C-G ...
  -87.1545 -162.5307  113.7413
   -0.7158    0.0829    0.6933
   -0.0593   -0.9966    0.0580
    0.6958    0.0004    0.7183
...    82 G-C ...
  -85.0158 -162.9547  116.2653
   -0.6427   -0.4974    0.5827
    0.4032   -0.8663   -0.2948
    0.6515    0.0455    0.7573
...    83 G-C ...
  -83.0026 -162.6204  118.9586
   -0.3257   -0.8945    0.3064
    0.6988   -0.4460   -0.5593
    0.6369    0.0319    0.7703
...    84 G-C ...
  -81.0072 -162.3372  121.6709
    0.0908   -0.9925   -0.0814
    0.7487    0.1219   -0.6517
    0.6567   -0.0018    0.7541
...    85 A-T ...
  -78.9608 -162.1749  124.2277
    0.4993   -0.7324   -0.4629
    0.5257    0.6807   -0.5101
    0.6887    0.0113    0.7250
...    86 T-A ...
  -76.9893 -162.6843  126.8033
    0.6840   -0.2951   -0.6672
    0.1914    0.9551   -0.2262
    0.7040    0.0270    0.7097
...    87 C-G ...
  -74.7062 -162.6615  129.1227
    0.6088    0.2966   -0.7358
   -0.2408    0.9528    0.1849
    0.7559    0.0646    0.6515
...    88 C-G ...
  -71.9547 -162.7157  131.0475
    0.2782    0.7267   -0.6282
   -0.5050    0.6669    0.5479
    0.8171    0.1648    0.5525
...    89 G-C ...
  -69.2655 -161.7335  132.7430
   -0.1850    0.9194   -0.3472
   -0.5129    0.2110    0.8321
    0.8383    0.3320    0.4325
...    90 C-G ...
  -66.4126 -160.3417  133.5854
   -0.4875    0.8657    0.1137
   -0.2900   -0.2834    0.9141
    0.8236    0.4126    0.3892
...    91 T-A ...
  -63.7790 -158.5977  134.5335
   -0.6172    0.5670    0.5455
    0.0638   -0.6549    0.7530
    0.7842    0.4996    0.3681
...    92 T-A ...
  -61.3188 -156.6945  135.4891
   -0.4407    0.1117    0.8907
    0.4203   -0.8510    0.3148
    0.7931    0.5131    0.3281
...    93 T-A ...
  -58.9194 -154.6883  136.4283
   -0.0637   -0.3654    0.9287
    0.5961   -0.7603   -0.2583
    0.8004    0.5371    0.2662
...    94 A-T ...
  -55.9119 -153.1389  136.7808
    0.4157   -0.7191    0.5569
    0.4607   -0.3614   -0.8106
    0.7842    0.5935    0.1811
...    95 A-T ...
  -53.5139 -151.0941  137.6129
    0.6370   -0.7708   -0.0043
    0.1090    0.0955   -0.9894
    0.7631    0.6298    0.1449
...    96 C-G ...
  -51.0046 -149.2036  138.6320
    0.5780   -0.6283   -0.5207
   -0.2524    0.4691   -0.8463
    0.7760    0.6206    0.1126
...    97 A-T ...
  -48.4859 -147.0409  138.8613
    0.2348   -0.3457   -0.9085
   -0.5286    0.7390   -0.4178
    0.8158    0.5783   -0.0092
...    98 C-G ...
  -45.5189 -145.6973  138.8329
   -0.1191    0.0341   -0.9923
   -0.5700    0.8159    0.0965
    0.8129    0.5771   -0.0777
...    99 T-A ...
  -42.7464 -144.0520  138.2191
   -0.4774    0.3733   -0.7955
   -0.4057    0.7094    0.5763
    0.7794    0.5978   -0.1872
...   100 T-A ...
  -40.2362 -142.2320  137.3357
   -0.6610    0.6670   -0.3439
   -0.0613    0.4088    0.9106
    0.7479    0.6229   -0.2293
...   101 T-A ...
  -37.9179 -140.2400  136.2801
   -0.6033    0.7669    0.2190
    0.3328   -0.0075    0.9430
    0.7248    0.6417   -0.2507
...   102 A-T ...
  -35.6543 -137.9526  135.4443
   -0.3414    0.5898    0.7318
    0.6525   -0.4117    0.6362
    0.6765    0.6947   -0.2443
...   103 T-A ...
  -33.9876 -135.3259  134.3207
    0.0467    0.3145    0.9481
    0.7407   -0.6477    0.1784
    0.6702    0.6939   -0.2632
...   104 G-C ...
  -31.5933 -133.1747  133.5684
    0.4267   -0.1500    0.8919
    0.5978   -0.6932   -0.4026
    0.6786    0.7050   -0.2061
...   105 C-G ...
  -29.5505 -130.5978  133.1137
    0.6674   -0.5197    0.5333
    0.2676   -0.5009   -0.8231
    0.6949    0.6921   -0.1952
...   106 T-A ...
  -27.2390 -128.2540  132.7779
    0.6786   -0.7337    0.0341
   -0.1219   -0.1583   -0.9798
    0.7243    0.6607   -0.1968
...   107 T-A ...
  -24.8515 -126.0900  132.4041
    0.4923   -0.6964   -0.5222
   -0.4953    0.2693   -0.8260
    0.7158    0.6653   -0.2123
...   108 C-G ...
  -22.4544 -123.9798  131.7414
    0.0792   -0.4511   -0.8890
   -0.6906    0.6183   -0.3752
    0.7189    0.6436   -0.2626
...   109 C-G ...
  -19.8198 -122.1377  130.7586
   -0.3751   -0.1335   -0.9173
   -0.6178    0.7737    0.1400
    0.6911    0.6193   -0.3727
...   110 G-C ...
  -17.8144 -119.8870  129.3539
   -0.7442    0.2043   -0.6360
   -0.2929    0.7558    0.5856
    0.6003    0.6221   -0.5026
...   111 G-C ...
  -16.0264 -118.0081  127.1886
   -0.8448    0.5037   -0.1806
    0.1666    0.5682    0.8058
    0.5085    0.6507   -0.5640
...   112 C-G ...
  -14.7158 -115.9773  124.9375
   -0.6499    0.6957    0.3060
    0.6081    0.2345    0.7585
    0.4559    0.6790   -0.5754
...   113 T-A ...
  -13.6090 -113.6625  122.8467
   -0.2652    0.6797    0.6839
    0.8739   -0.1303    0.4684
    0.4074    0.7218   -0.5594
...   114 C-G ...
  -12.4269 -111.1889  121.0531
    0.2857    0.4640    0.8385
    0.8723   -0.4882   -0.0271
    0.3968    0.7392   -0.5442
...   115 G-C ...
  -10.7676 -108.9296  119.2529
    0.6854    0.0511    0.7264
    0.5796   -0.6421   -0.5017
    0.4408    0.7649   -0.4697
...   116 T-A ...
   -9.5816 -106.0391  118.1303
    0.8779   -0.3035    0.3705
    0.1399   -0.5773   -0.8044
    0.4580    0.7580   -0.4644
...   117 A-T ...
   -8.0876 -103.6276  116.3798
    0.7742   -0.6108   -0.1656
   -0.4097   -0.2842   -0.8668
    0.4824    0.7390   -0.4703
...   118 T-A ...
   -6.1294 -101.1751  115.3991
    0.4628   -0.6752   -0.5743
   -0.7442    0.0560   -0.6656
    0.4816    0.7355   -0.4766
...   119 A-T ...
   -4.5375  -98.8114  113.6950
   -0.0832   -0.5782   -0.8116
   -0.8676    0.4428   -0.2265
    0.4903    0.6853   -0.5385
...   120 A-T ...
   -2.7534  -96.7922  111.8979
   -0.5597   -0.2449   -0.7917
   -0.6734    0.6912    0.2622
    0.4830    0.6799   -0.5518
...   121 T-A ...
   -0.8865  -95.1162  109.7794
   -0.8270    0.1208   -0.5490
   -0.3050    0.7239    0.6188
    0.4722    0.6792   -0.5619
...   122 G-C ...
    0.4096  -92.7547  107.8225
   -0.9066    0.4188   -0.0514
    0.2147    0.5629    0.7982
    0.3632    0.7126   -0.6002
...   123 T-A ...
    1.2357  -90.6935  105.3744
   -0.6808    0.6223    0.3864
    0.6526    0.2757    0.7057
    0.3326    0.7326   -0.5938
...   124 G-C ...
    2.2563  -88.0916  103.5728
   -0.2372    0.5902    0.7717
    0.9310   -0.0888    0.3541
    0.2775    0.8024   -0.5283
...   125 T-A ...
    2.5346  -85.3209  101.7851
    0.2671    0.4356    0.8596
    0.9226   -0.3732   -0.0976
    0.2783    0.8191   -0.5016
...   126 C-G ...
    3.3753  -82.5579  100.2521
    0.7430    0.1118    0.6599
    0.6012   -0.5448   -0.5846
    0.2942    0.8311   -0.4720
...   127 G-C ...
    4.6343  -80.0173   98.4994
    0.9148   -0.2935    0.2774
    0.1064   -0.4875   -0.8666
    0.3896    0.8223   -0.4148
...   128 A-T ...
    5.9522  -77.2999   97.2469
    0.7939   -0.5473   -0.2648
   -0.4407   -0.2178   -0.8709
    0.4190    0.8081   -0.4141
...   129 C-G ...
    7.7580  -74.6758   96.3580
    0.4418   -0.6008   -0.6663
   -0.7825    0.1053   -0.6137
    0.4389    0.7924   -0.4236
...   130 C-G ...
    9.5560  -72.2176   94.9224
   -0.0811   -0.5097   -0.8566
   -0.8866    0.4296   -0.1717
    0.4555    0.7455   -0.4867
...   131 A-T ...
   10.9020  -69.7107   93.2149
   -0.6044   -0.2464   -0.7576
   -0.6761    0.6616    0.3242
    0.4214    0.7082   -0.5665
...   132 A-T ...
   12.3879  -67.6352   91.2064
   -0.8779    0.1719   -0.4469
   -0.2218    0.6812    0.6977
    0.4244    0.7116   -0.5599
...   133 A-T ...
   13.7266  -65.5067   89.1534
   -0.8526    0.5222    0.0222
    0.3054    0.4633    0.8319
    0.4241    0.7160   -0.5545
...   134 T-A ...
   14.7283  -63.4124   86.8246
   -0.5924    0.6746    0.4405
    0.6886    0.1400    0.7115
    0.4183    0.7248   -0.5474
...   135 G-C ...
   15.7212  -61.4789   83.9378
    0.0342    0.7399    0.6718
    0.8637   -0.3601    0.3526
    0.5028    0.5682   -0.6514
...   136 T-A ...
   15.7740  -59.5465   80.8037
    0.5516    0.4996    0.6680
    0.6739   -0.7388   -0.0038
    0.4916    0.4523   -0.7442
...   137 G-C ...
   16.8281  -57.7077   78.2739
    0.8528   -0.0847    0.5152
    0.1508   -0.9047   -0.3984
    0.4999    0.4175   -0.7588
...   138 A-T ...
   18.4176  -55.5142   76.5363
    0.8547   -0.5007    0.1370
   -0.3189   -0.7148   -0.6224
    0.4096    0.4883   -0.7706
...   139 G-C ...
   20.4153  -54.2946   74.5497
    0.5847   -0.7389   -0.3350
   -0.7594   -0.3532   -0.5465
    0.2854    0.5739   -0.7676
...   140 C-G ...
   21.4164  -51.8108   72.7951
    0.1305   -0.7142   -0.6876
   -0.8897    0.2217   -0.3991
    0.4375    0.6639   -0.6065
...   141 G-C ...
   22.1407  -50.1331   67.4726
   -0.4682   -0.8748    0.1248
   -0.8495    0.4067   -0.3362
    0.2434   -0.2634   -0.9335
...   142 C-G ...
   22.3378  -51.2253   64.5020
   -0.8529   -0.5117   -0.1032
   -0.4974    0.8566   -0.1372
    0.1587   -0.0657   -0.9851
...   143 T-A ...
   24.0060  -51.6202   61.9333
   -0.9563    0.0399   -0.2897
    0.0522    0.9980   -0.0348
    0.2877   -0.0484   -0.9565
...   144 C-G ...
   24.8857  -52.7208   58.9949
   -0.7530    0.5560   -0.3520
    0.5213    0.8304    0.1966
    0.4016   -0.0355   -0.9151
...   145 A-T ...
   25.5174  -52.9611   55.8128
   -0.2441    0.9563   -0.1609
    0.8907    0.2867    0.3528
    0.3835   -0.0571   -0.9218
...   146 C-G ...
   25.2677  -52.4926   52.0872
    0.3203    0.9428   -0.0928
    0.8825   -0.2613    0.3910
    0.3444   -0.2071   -0.9157
...   147 A-T ...
   25.6133  -52.5733   48.6480
    0.8597    0.5097    0.0339
    0.4498   -0.7866    0.4230
    0.2423   -0.3484   -0.9055
