  147 base-pairs
...     1 T-A ...
    0.0000    0.0000    0.0000
    1.0000    0.0000    0.0000
    0.0000    1.0000    0.0000
    0.0000    0.0000    1.0000
...     2 G-C ...
   -0.5555   -1.1003    3.3981
    0.7749    0.6051    0.1828
   -0.5991    0.7953   -0.0929
   -0.2016   -0.0375    0.9787
...     3 T-A ...
   -0.6619   -3.0237    6.5348
    0.3046    0.9250    0.2271
   -0.8994    0.3578   -0.2510
   -0.3134   -0.1278    0.9410
...     4 G-C ...
   -1.1607   -3.8418    9.6940
   -0.3351    0.9421    0.0133
   -0.8752   -0.3061   -0.3746
   -0.3489   -0.1372    0.9271
...     5 A-T ...
   -1.3881   -3.6770   12.8999
   -0.7835    0.6162   -0.0801
   -0.5677   -0.7622   -0.3109
   -0.2527   -0.1981    0.9470
...     6 G-C ...
   -2.6236   -3.5448   15.7072
   -0.9923    0.0611   -0.1075
   -0.0294   -0.9610   -0.2748
   -0.1201   -0.2695    0.9555
...     7 C-G ...
   -2.3138   -3.7570   18.8866
   -0.8620   -0.4995   -0.0864
    0.5008   -0.8655    0.0073
   -0.0785   -0.0370    0.9962
...     8 G-C ...
   -3.9561   -6.8109   23.3205
   -0.2581   -0.3560   -0.8981
    0.6294   -0.7673    0.1233
   -0.7330   -0.5335    0.4221
...     9 C-G ...
   -6.1177   -8.9414   24.2385
    0.1143   -0.7320   -0.6716
    0.8123   -0.3203    0.4874
   -0.5720   -0.6013    0.5580
...    10 T-A ...
   -8.5041   -9.6771   26.0540
    0.4660   -0.8587   -0.2131
    0.6274    0.1508    0.7640
   -0.6239   -0.4897    0.6090
...    11 C-G ...
  -11.0625  -11.3174   27.2336
    0.6660   -0.6911    0.2808
    0.3382    0.6152    0.7121
   -0.6649   -0.3794    0.6435
...    12 A-T ...
  -13.0013  -13.1789   29.0658
    0.7188   -0.1490    0.6790
   -0.1787    0.9043    0.3876
   -0.6718   -0.4000    0.6235
...    13 C-G ...
  -14.1788  -15.9359   31.3399
    0.4052    0.2865    0.8682
   -0.5270    0.8492   -0.0343
   -0.7470   -0.4437    0.4951
...    14 A-T ...
  -15.9532  -18.1566   33.3080
   -0.1503    0.6873    0.7107
   -0.6106    0.5008   -0.6135
   -0.7776   -0.5261    0.3444
...    15 A-T ...
  -18.2944  -19.9850   34.6338
   -0.4903    0.8366    0.2445
   -0.4021    0.0318   -0.9151
   -0.7733   -0.5469    0.3208
...    16 T-A ...
  -20.6032  -21.6380   36.3023
   -0.6261    0.7393   -0.2478
   -0.0931   -0.3864   -0.9176
   -0.7742   -0.5515    0.3107
...    17 T-A ...
  -23.1148  -23.2840   37.5167
   -0.5590    0.4057   -0.7231
    0.2816   -0.7274   -0.6258
   -0.7798   -0.5535    0.2924
...    18 T-A ...
  -25.7480  -24.8626   38.5320
   -0.2849   -0.0483   -0.9573
    0.5461   -0.8290   -0.1207
   -0.7878   -0.5572    0.2625
...    19 A-T ...
  -28.5270  -26.5921   39.1081
    0.1640   -0.4103   -0.8971
    0.5840   -0.6925    0.4234
   -0.7950   -0.5934    0.1261
...    20 T-A ...
  -31.4145  -28.1369   39.0224
    0.4496   -0.6846   -0.5737
    0.4193   -0.4053    0.8123
   -0.7887   -0.6058    0.1048
...    21 T-A ...
  -34.0212  -30.0584   39.0585
    0.6203   -0.7838   -0.0290
    0.0888    0.0334    0.9955
   -0.7793   -0.6201    0.0904
...    22 C-G ...
  -36.4454  -32.2414   39.2252
    0.5845   -0.5997    0.5465
   -0.3059    0.4609    0.8331
   -0.7515   -0.6541    0.0859
...    23 G-C ...
  -38.9470  -34.3421   39.8730
    0.3906   -0.1816    0.9025
   -0.6132    0.6798    0.4022
   -0.6866   -0.7105    0.1542
...    24 C-G ...
  -40.8752  -36.9888   40.3785
    0.0202    0.2403    0.9705
   -0.7383    0.6581   -0.1476
   -0.6741   -0.7136    0.1908
...    25 A-T ...
  -43.2511  -39.2268   40.9691
   -0.3473    0.6256    0.6985
   -0.6377    0.3885   -0.6651
   -0.6875   -0.6765    0.2640
...    26 A-T ...
  -45.3190  -41.4826   42.0594
   -0.6570    0.7263    0.2023
   -0.3228   -0.0285   -0.9460
   -0.6813   -0.6868    0.2531
...    27 A-T ...
  -47.4924  -43.6351   43.1441
   -0.7280    0.5797   -0.3660
    0.1104   -0.4277   -0.8971
   -0.6767   -0.6935    0.2474
...    28 G-C ...
  -49.8656  -45.6996   44.1444
   -0.5178    0.3202   -0.7933
    0.4708   -0.6676   -0.5768
   -0.7143   -0.6721    0.1949
...    29 G-C ...
  -52.5179  -47.6762   44.7711
   -0.1201   -0.0228   -0.9925
    0.6600   -0.7487   -0.0626
   -0.7416   -0.6625    0.1050
...    30 C-G ...
  -55.2426  -49.5341   44.9048
    0.2924   -0.3836   -0.8760
    0.6117   -0.6291    0.4796
   -0.7351   -0.6761    0.0507
...    31 C-G ...
  -57.8224  -51.6996   44.6468
    0.6389   -0.5927   -0.4904
    0.3445   -0.3495    0.8713
   -0.6878   -0.7256   -0.0191
...    32 G-C ...
  -59.8933  -54.3046   44.7777
    0.8018   -0.5939    0.0657
   -0.0839   -0.0031    0.9965
   -0.5916   -0.8045   -0.0523
...    33 G-C ...
  -61.6264  -57.1617   44.2594
    0.6843   -0.4311    0.5881
   -0.5139    0.2870    0.8084
   -0.5173   -0.8554   -0.0251
...    34 C-G ...
  -62.9576  -60.1720   43.9482
    0.3253   -0.1676    0.9307
   -0.8101    0.4583    0.3656
   -0.4878   -0.8729    0.0133
...    35 C-G ...
  -64.2549  -63.2810   44.0961
   -0.1176    0.1765    0.9773
   -0.8723    0.4520   -0.1866
   -0.4746   -0.8744    0.1008
...    36 C-G ...
  -65.6164  -66.2967   44.7193
   -0.5276    0.4608    0.7137
   -0.6872    0.2622   -0.6774
   -0.4993   -0.8479    0.1783
...    37 G-C ...
  -67.5980  -68.9561   45.0843
   -0.7658    0.6111    0.2002
   -0.3022   -0.0672   -0.9509
   -0.5676   -0.7887    0.2361
...    38 A-T ...
  -69.4777  -71.4878   45.9634
   -0.7831    0.4772   -0.3987
    0.1958   -0.4192   -0.8865
   -0.5902   -0.7723    0.2349
...    39 C-G ...
  -71.7009  -73.6362   47.1570
   -0.5555    0.2066   -0.8055
    0.5681   -0.6130   -0.5491
   -0.6072   -0.7626    0.2231
...    40 A-T ...
  -73.6292  -76.2727   47.7427
   -0.0835   -0.1095   -0.9905
    0.7674   -0.6412    0.0062
   -0.6357   -0.7595    0.1376
...    41 C-G ...
  -76.1756  -78.3850   47.9470
    0.3417   -0.4057   -0.8477
    0.6971   -0.4955    0.5181
   -0.6303   -0.7680    0.1135
...    42 G-C ...
  -78.0085  -81.1183   48.4673
    0.7373   -0.5164   -0.4356
    0.3868   -0.2059    0.8989
   -0.5539   -0.8312    0.0479
...    43 A-T ...
  -79.8354  -83.8250   48.4947
    0.8507   -0.5011    0.1587
   -0.1092    0.1269    0.9859
   -0.5142   -0.8560    0.0532
...    44 C-G ...
  -81.2495  -86.7733   48.0905
    0.6971   -0.3276    0.6378
   -0.5340    0.3564    0.7667
   -0.4785   -0.8750    0.0735
...    45 T-A ...
  -82.4800  -89.8317   48.2213
    0.3619   -0.0274    0.9318
   -0.8285    0.4487    0.3350
   -0.4273   -0.8933    0.1397
...    46 T-A ...
  -83.6063  -92.8323   48.6636
   -0.1486    0.2468    0.9576
   -0.8949    0.3786   -0.2364
   -0.4209   -0.8921    0.1646
...    47 A-T ...
  -85.0404  -95.7444   49.3587
   -0.5941    0.4906    0.6375
   -0.6701    0.1367   -0.7296
   -0.4450   -0.8606    0.2475
...    48 C-G ...
  -86.2145  -98.4948   50.7649
   -0.8431    0.5125    0.1629
   -0.2784   -0.1569   -0.9476
   -0.4601   -0.8442    0.2749
...    49 T-A ...
  -87.8494 -101.0890   52.0023
   -0.8437    0.3900   -0.3689
    0.1864   -0.4317   -0.8825
   -0.5034   -0.8134    0.2916
...    50 G-C ...
  -89.5829 -103.8412   52.6494
   -0.5508    0.1227   -0.8256
    0.6205   -0.6013   -0.5034
   -0.5581   -0.7896    0.2551
...    51 T-A ...
  -91.8949 -106.0404   53.6150
   -0.1397   -0.2027   -0.9692
    0.8186   -0.5743    0.0021
   -0.5571   -0.7931    0.2461
...    52 A-T ...
  -93.5378 -108.8081   54.5291
    0.3897   -0.5094   -0.7672
    0.7425   -0.3191    0.5890
   -0.5449   -0.7992    0.2539
...    53 G-C ...
  -95.5023 -111.4155   55.0855
    0.7534   -0.5469   -0.3651
    0.4390    0.0050    0.8985
   -0.4896   -0.8372    0.2439
...    54 G-C ...
  -97.2211 -114.2872   55.5621
    0.9182   -0.3704    0.1402
   -0.0264    0.2958    0.9549
   -0.3952   -0.8805    0.2618
...    55 T-A ...
  -98.2835 -117.3806   55.8640
    0.7997   -0.1166    0.5889
   -0.4885    0.4438    0.7513
   -0.3490   -0.8885    0.2980
...    56 A-T ...
  -99.0085 -120.4905   56.8192
    0.4780    0.2853    0.8307
   -0.8471    0.3996    0.3502
   -0.2321   -0.8712    0.4327
...    57 T-A ...
  -99.0939 -123.4703   58.1492
    0.0079    0.4737    0.8807
   -0.9761    0.1948   -0.0960
   -0.2170   -0.8589    0.4639
...    58 C-G ...
  -99.7166 -126.1519   59.8790
   -0.5407    0.5418    0.6435
   -0.8148   -0.1471   -0.5608
   -0.2091   -0.8275    0.5210
...    59 T-A ...
 -100.2746 -128.6555   61.9500
   -0.8734    0.4291    0.2303
   -0.4285   -0.4524   -0.7821
   -0.2314   -0.7818    0.5790
...    60 C-G ...
 -101.1834 -131.0710   63.9699
   -0.9581    0.0840   -0.2738
    0.1579   -0.6427   -0.7497
   -0.2390   -0.7615    0.6025
...    61 G-C ...
 -101.9724 -133.8847   65.5845
   -0.6873   -0.2598   -0.6783
    0.6627   -0.6065   -0.4392
   -0.2973   -0.7514    0.5890
...    62 A-T ...
 -103.0243 -136.2677   67.5977
   -0.1606   -0.5737   -0.8032
    0.9449   -0.3245    0.0428
   -0.2852   -0.7520    0.5942
...    63 T-A ...
 -104.6036 -138.5742   69.3775
    0.3380   -0.6733   -0.6576
    0.9004    0.0280    0.4342
   -0.2739   -0.7389    0.6157
...    64 C-G ...
 -105.6196 -140.9726   71.3788
    0.8107   -0.5001   -0.3045
    0.5393    0.4352    0.7209
   -0.2280   -0.7487    0.6225
...    65 A-T ...
 -106.3475 -143.4431   73.5026
    0.9962   -0.0709    0.0506
    0.0059    0.6347    0.7727
   -0.0869   -0.7695    0.6327
...    66 T-A ...
 -106.4147 -146.3106   75.0481
    0.8753    0.2841    0.3912
   -0.4814    0.5875    0.6504
   -0.0450   -0.7577    0.6511
...    67 G-C ...
 -106.2485 -148.7222   77.3635
    0.4853    0.6775    0.5527
   -0.8707    0.3166    0.3764
    0.0800   -0.6639    0.7435
...    68 T-A ...
 -105.3285 -150.8201   79.6726
   -0.0263    0.7874    0.6159
   -0.9936   -0.0884    0.0705
    0.1099   -0.6101    0.7847
...    69 T-A ...
 -104.7131 -152.6373   82.2702
   -0.5744    0.6220    0.5322
   -0.8091   -0.5301   -0.2538
    0.1243   -0.5764    0.8077
...    70 A-T ...
 -104.5067 -154.5720   84.9750
   -0.9450    0.1944    0.2630
   -0.3027   -0.8242   -0.4786
    0.1237   -0.5319    0.8377
...    71 T-A ...
 -104.0503 -155.6758   88.0663
   -0.9627   -0.2704    0.0099
    0.2226   -0.8123   -0.5390
    0.1538   -0.5167    0.8422
...    72 A-T ...
 -103.0711 -157.7542   90.5795
   -0.5616   -0.7872   -0.2547
    0.7922   -0.4227   -0.4402
    0.2389   -0.4490    0.8610
...    73 A-T ...
 -102.5703 -159.0706   93.5265
    0.0157   -0.9120   -0.4098
    0.9614    0.1264   -0.2445
    0.2748   -0.3902    0.8788
...    74 C-G ...
 -102.2171 -160.5461   96.4827
    0.5096   -0.7062   -0.4916
    0.8053    0.5926   -0.0165
    0.3030   -0.3875    0.8707
...    75 G-C ...
 -101.0347 -161.4411   99.4713
    0.8096   -0.2163   -0.5457
    0.3855    0.8969    0.2165
    0.4426   -0.3856    0.8096
...    76 G-C ...
  -99.6060 -163.0464  102.0572
    0.8239    0.3285   -0.4619
   -0.0928    0.8821    0.4618
    0.5592   -0.3376    0.7572
...    77 A-T ...
  -97.7070 -164.1698  104.4099
    0.5751    0.7922   -0.2044
   -0.5245    0.5487    0.6510
    0.6278   -0.2672    0.7311
...    78 G-C ...
  -95.3317 -164.9796  106.5087
    0.1604    0.9856    0.0544
   -0.7146    0.0780    0.6952
    0.6809   -0.1504    0.7167
...    79 C-G ...
  -92.7401 -165.0702  108.5081
   -0.2866    0.8888    0.3576
   -0.6537   -0.4543    0.6052
    0.7004   -0.0603    0.7112
...    80 T-A ...
  -90.3033 -164.8016  110.6994
   -0.6237    0.5336    0.5713
   -0.3636   -0.8449    0.3922
    0.6920    0.0369    0.7210
...    81 C-G ...
  -88.1847 -164.4226  113.1648
   -0.7189   -0.0574    0.6927
    0.0994   -0.9948    0.0207
    0.6879    0.0837    0.7209
...    82 G-C ...
  -85.9539 -164.6036  115.6305
   -0.5555   -0.6138    0.5610
    0.5255   -0.7819   -0.3352
    0.6444    0.1086    0.7569
...    83 G-C ...
  -83.9631 -164.0678  118.3045
   -0.1913   -0.9456    0.2633
    0.7468   -0.3143   -0.5862
    0.6370    0.0845    0.7662
...    84 G-C ...
  -81.9915 -163.6282  121.0101
    0.2191   -0.9662   -0.1357
    0.7139    0.2536   -0.6528
    0.6651    0.0461    0.7453
...    85 A-T ...
  -79.9329 -163.3466  123.5366
    0.5728   -0.6404   -0.5116
    0.4279    0.7660   -0.4797
    0.6991    0.0559    0.7128
...    86 T-A ...
  -77.8501 -163.7588  126.0328
    0.6935   -0.1784   -0.6980
    0.0755    0.9815   -0.1758
    0.7165    0.0692    0.6942
...    87 C-G ...
  -75.4972 -163.6107  128.2664
    0.5496    0.3989   -0.7341
   -0.3331    0.9104    0.2453
    0.7662    0.1097    0.6332
...    88 C-G ...
  -72.6697 -163.4665  130.0705
    0.1831    0.7843   -0.5927
   -0.5468    0.5823    0.6016
    0.8170    0.2139    0.5355
...    89 G-C ...
  -70.0270 -162.3040  131.7182
   -0.2789    0.9179   -0.2822
   -0.4946    0.1146    0.8615
    0.8232    0.3798    0.4220
...    90 C-G ...
  -67.2706 -160.7190  132.5509
   -0.5511    0.8130    0.1881
   -0.2258   -0.3623    0.9043
    0.8033    0.4559    0.3832
...    91 T-A ...
  -64.7362 -158.8339  133.5038
   -0.6314    0.4824    0.6071
    0.1468   -0.6944    0.7044
    0.7614    0.5339    0.3677
...    92 T-A ...
  -62.3702 -156.8142  134.4648
   -0.4015    0.0238    0.9155
    0.4923   -0.8373    0.2377
    0.7723    0.5462    0.3245
...    93 T-A ...
  -60.0614 -154.7095  135.4144
    0.0070   -0.4266    0.9044
    0.6287   -0.7014   -0.3357
    0.7776    0.5710    0.2633
...    94 A-T ...
  -57.1628 -152.9854  135.7600
    0.4728   -0.7303    0.4931
    0.4446   -0.2854   -0.8491
    0.7608    0.6207    0.1897
...    95 A-T ...
  -54.8263 -150.8907  136.6272
    0.6661   -0.7420   -0.0758
    0.0677    0.1613   -0.9846
    0.7427    0.6507    0.1577
...    96 C-G ...
  -52.3515 -148.9813  137.6724
    0.5788   -0.5753   -0.5780
   -0.2987    0.5100   -0.8067
    0.7588    0.6395    0.1234
...    97 A-T ...
  -49.8649 -146.7868  137.9497
    0.2105   -0.2892   -0.9338
   -0.5611    0.7465   -0.3577
    0.8005    0.5993   -0.0051
...    98 C-G ...
  -46.9303 -145.3759  137.8863
   -0.1548    0.0838   -0.9844
   -0.5833    0.7965    0.1595
    0.7974    0.5988   -0.0744
...    99 T-A ...
  -44.2106 -143.6480  137.2623
   -0.5107    0.4052   -0.7583
   -0.3970    0.6711    0.6261
    0.7626    0.6208   -0.1818
...   100 T-A ...
  -41.7530 -141.7503  136.3873
   -0.6789    0.6761   -0.2865
   -0.0355    0.3595    0.9325
    0.7334    0.6432   -0.2200
...   101 T-A ...
  -39.4818 -139.6890  135.3564
   -0.5984    0.7513    0.2784
    0.3633   -0.0552    0.9300
    0.7140    0.6577   -0.2399
...   102 A-T ...
  -37.2125 -137.3842  134.5906
   -0.3084    0.5543    0.7731
    0.6721   -0.4482    0.5895
    0.6732    0.7013   -0.2343
...   103 T-A ...
  -35.5615 -134.7193  133.5343
    0.0856    0.2666    0.9600
    0.7395   -0.6627    0.1181
    0.6677    0.6998   -0.2538
...   104 G-C ...
  -33.1716 -132.5631  132.7891
    0.4550   -0.1981    0.8682
    0.5733   -0.6809   -0.4558
    0.6814    0.7051   -0.1962
...   105 C-G ...
  -31.1114 -129.9971  132.3832
    0.6751   -0.5544    0.4867
    0.2321   -0.4666   -0.8535
    0.7003    0.6891   -0.1863
...   106 T-A ...
  -28.7652 -127.6880  132.0822
    0.6637   -0.7478   -0.0179
   -0.1538   -0.1130   -0.9816
    0.7320    0.6542   -0.1900
...   107 T-A ...
  -26.3385 -125.5681  131.7272
    0.4603   -0.6868   -0.5626
   -0.5104    0.3138   -0.8006
    0.7264    0.6557   -0.2061
...   108 C-G ...
  -23.9005 -123.5072  131.0743
    0.0443   -0.4202   -0.9063
   -0.6824    0.6499   -0.3347
    0.7297    0.6333   -0.2579
...   109 C-G ...
  -21.2344 -121.7175  130.0779
   -0.4002   -0.0914   -0.9118
   -0.5912    0.7860    0.1807
    0.7002    0.6114   -0.3686
...   110 G-C ...
  -19.1978 -119.4891  128.6897
   -0.7511    0.2472   -0.6121
   -0.2559    0.7457    0.6152
    0.6085    0.6188   -0.4968
...   111 G-C ...
  -17.3947 -117.6053  126.5409
   -0.8313    0.5359   -0.1474
    0.2016    0.5379    0.8185
    0.5179    0.6508   -0.5552
...   112 C-G ...
  -16.0563 -115.5550  124.3252
   -0.6201    0.7075    0.3391
    0.6302    0.1917    0.7524
    0.4673    0.6802   -0.5647
...   113 T-A ...
  -14.9077 -113.2238  122.2779
   -0.2292    0.6688    0.7072
    0.8771   -0.1732    0.4480
    0.4221    0.7230   -0.5469
...   114 C-G ...
  -13.6707 -110.7483  120.5269
    0.3158    0.4307    0.8454
    0.8541   -0.5172   -0.0555
    0.4134    0.7396   -0.5312
...   115 G-C ...
  -11.9620 -108.5078  118.7543
    0.6974    0.0078    0.7166
    0.5487   -0.6491   -0.5269
    0.4610    0.7607   -0.4570
...   116 T-A ...
  -10.6863 -105.6370  117.6891
    0.8711   -0.3438    0.3506
    0.1084   -0.5616   -0.8203
    0.4789    0.7526   -0.4520
...   117 A-T ...
   -9.1144 -103.2364  116.0011
    0.7494   -0.6358   -0.1849
   -0.4264   -0.2498   -0.8694
    0.5065    0.7303   -0.4583
...   118 T-A ...
   -7.0697 -100.8421  115.0569
    0.4334   -0.6803   -0.5910
   -0.7456    0.0976   -0.6592
    0.5061    0.7264   -0.4650
...   119 A-T ...
   -5.3701  -98.5246  113.3989
   -0.1075   -0.5635   -0.8191
   -0.8513    0.4777   -0.2169
    0.5135    0.6740   -0.5311
...   120 A-T ...
   -3.5161  -96.5522  111.6217
   -0.5703   -0.2151   -0.7927
   -0.6473    0.7118    0.2725
    0.5057    0.6686   -0.5452
...   121 T-A ...
   -1.5947  -94.9208  109.5184
   -0.8236    0.1557   -0.5453
   -0.2780    0.7273    0.6275
    0.4943    0.6684   -0.5558
...   122 G-C ...
   -0.2205  -92.5933  107.5765
   -0.8928    0.4481   -0.0455
    0.2339    0.5477    0.8033
    0.3849    0.7066   -0.5938
...   123 T-A ...
    0.6698  -90.5392  105.1484
   -0.6613    0.6389    0.3931
    0.6613    0.2491    0.7076
    0.3541    0.7279   -0.5872
...   124 G-C ...
    1.7639  -87.9527  103.3715
   -0.2207    0.5892    0.7772
    0.9281   -0.1183    0.3531
    0.3000    0.7993   -0.5207
...   125 T-A ...
    2.1206  -85.1761  101.6114
    0.2779    0.4204    0.8637
    0.9124   -0.3968   -0.1004
    0.3005    0.8160   -0.4938
...   126 C-G ...
    3.0374  -82.4219  100.1098
    0.7447    0.0873    0.6616
    0.5881   -0.5545   -0.5888
    0.3155    0.8276   -0.4643
...   127 G-C ...
    4.3656  -79.9030   98.3826
    0.9077   -0.3165    0.2755
    0.0962   -0.4822   -0.8708
    0.4085    0.8169   -0.4073
...   128 A-T ...
    5.7444  -77.2043   97.1569
    0.7826   -0.5615   -0.2689
   -0.4444   -0.2012   -0.8730
    0.4361    0.8026   -0.4070
...   129 C-G ...
    7.6055  -74.6114   96.2904
    0.4309   -0.6038   -0.6706
   -0.7797    0.1251   -0.6136
    0.4544    0.7873   -0.4168
...   130 C-G ...
    9.4546  -72.1720   94.8874
   -0.0886   -0.5027   -0.8599
   -0.8792    0.4452   -0.1696
    0.4681    0.7410   -0.4814
...   131 A-T ...
   10.8569  -69.6837   93.2007
   -0.6068   -0.2358   -0.7590
   -0.6678    0.6692    0.3260
    0.4311    0.7047   -0.5635
...   132 A-T ...
   12.3690  -67.6215   91.2008
   -0.8762    0.1803   -0.4471
   -0.2160    0.6823    0.6985
    0.4309    0.7085   -0.5588
...   133 A-T ...
   13.7224  -65.5020   89.1516
   -0.8507    0.5251    0.0224
    0.3072    0.4623    0.8318
    0.4265    0.7145   -0.5546
...   134 T-A ...
   14.7283  -63.4123   86.8244
   -0.5924    0.6746    0.4405
    0.6886    0.1400    0.7115
    0.4183    0.7248   -0.5474
...   135 G-C ...
   15.7212  -61.4788   83.9377
    0.0342    0.7399    0.6718
    0.8637   -0.3601    0.3526
    0.5028    0.5682   -0.6514
...   136 T-A ...
   15.7739  -59.5464   80.8035
    0.5516    0.4996    0.6680
    0.6739   -0.7388   -0.0038
    0.4916    0.4523   -0.7442
...   137 G-C ...
   16.8280  -57.7076   78.2737
    0.8528   -0.0847    0.5152
    0.1508   -0.9047   -0.3984
    0.4999    0.4175   -0.7588
...   138 A-T ...
   18.4176  -55.5141   76.5362
    0.8547   -0.5007    0.1370
   -0.3189   -0.7148   -0.6224
    0.4096    0.4883   -0.7706
...   139 G-C ...
   20.4152  -54.2945   74.5496
    0.5847   -0.7389   -0.3350
   -0.7594   -0.3532   -0.5465
    0.2854    0.5739   -0.7676
...   140 C-G ...
   21.4164  -51.8107   72.7949
    0.1305   -0.7142   -0.6876
   -0.8897    0.2217   -0.3991
    0.4375    0.6639   -0.6065
...   141 G-C ...
   22.1406  -50.1330   67.4724
   -0.4682   -0.8748    0.1248
   -0.8495    0.4067   -0.3362
    0.2434   -0.2634   -0.9335
...   142 C-G ...
   22.3377  -51.2252   64.5018
   -0.8529   -0.5117   -0.1032
   -0.4974    0.8566   -0.1372
    0.1587   -0.0657   -0.9851
...   143 T-A ...
   24.0060  -51.6201   61.9332
   -0.9563    0.0399   -0.2897
    0.0522    0.9980   -0.0348
    0.2877   -0.0484   -0.9565
...   144 C-G ...
   24.8857  -52.7207   58.9947
   -0.7530    0.5560   -0.3520
    0.5213    0.8304    0.1966
    0.4016   -0.0355   -0.9151
...   145 A-T ...
   25.5174  -52.9610   55.8126
   -0.2442    0.9563   -0.1609
    0.8907    0.2867    0.3528
    0.3835   -0.0571   -0.9218
...   146 C-G ...
   25.2677  -52.4925   52.0870
    0.3203    0.9428   -0.0928
    0.8825   -0.2613    0.3910
    0.3444   -0.2071   -0.9157
...   147 A-T ...
   25.6133  -52.5732   48.6478
    0.8597    0.5097    0.0339
    0.4498   -0.7866    0.4230
    0.2423   -0.3484   -0.9055
