  147 base-pairs
...     1 T-A ...
    0.0000    0.0000    0.0000
    1.0000    0.0000    0.0000
    0.0000    1.0000    0.0000
    0.0000    0.0000    1.0000
...     2 G-C ...
   -0.5555   -1.1003    3.3981
    0.7749    0.6051    0.1828
   -0.5991    0.7953   -0.0929
   -0.2016   -0.0375    0.9787
...     3 T-A ...
   -0.6619   -3.0237    6.5348
    0.3046    0.9250    0.2271
   -0.8994    0.3578   -0.2510
   -0.3134   -0.1278    0.9410
...     4 G-C ...
   -1.1607   -3.8418    9.6940
   -0.3351    0.9421    0.0133
   -0.8752   -0.3061   -0.3746
   -0.3489   -0.1372    0.9271
...     5 A-T ...
   -1.3881   -3.6770   12.8999
   -0.7835    0.6162   -0.0801
   -0.5677   -0.7622   -0.3109
   -0.2527   -0.1981    0.9470
...     6 G-C ...
   -2.6236   -3.5448   15.7072
   -0.9923    0.0611   -0.1075
   -0.0294   -0.9610   -0.2748
   -0.1201   -0.2695    0.9555
...     7 C-G ...
   -2.3138   -3.7570   18.8866
   -0.8620   -0.4995   -0.0864
    0.5008   -0.8655    0.0073
   -0.0785   -0.0370    0.9962
...     8 G-C ...
   -3.9561   -6.8109   23.3205
   -0.2581   -0.3560   -0.8981
    0.6294   -0.7673    0.1233
   -0.7330   -0.5335    0.4221
...     9 C-G ...
   -6.1177   -8.9414   24.2385
    0.1143   -0.7320   -0.6716
    0.8123   -0.3203    0.4874
   -0.5720   -0.6013    0.5580
...    10 T-A ...
   -8.5041   -9.6771   26.0540
    0.4660   -0.8587   -0.2131
    0.6274    0.1508    0.7640
   -0.6239   -0.4897    0.6090
...    11 C-G ...
  -11.0625  -11.3174   27.2336
    0.6660   -0.6911    0.2808
    0.3382    0.6152    0.7121
   -0.6649   -0.3794    0.6435
...    12 A-T ...
  -13.0013  -13.1789   29.0658
    0.7188   -0.1490    0.6790
   -0.1787    0.9043    0.3876
   -0.6718   -0.4000    0.6235
...    13 C-G ...
  -14.1788  -15.9359   31.3399
    0.4052    0.2865    0.8682
   -0.5270    0.8492   -0.0343
   -0.7470   -0.4437    0.4951
...    14 A-T ...
  -15.9532  -18.1566   33.3080
   -0.1503    0.6873    0.7107
   -0.6106    0.5008   -0.6135
   -0.7776   -0.5261    0.3444
...    15 A-T ...
  -18.2909  -19.9871   34.6371
   -0.4902    0.8361    0.2464
   -0.4030    0.0332   -0.9146
   -0.7729   -0.5476    0.3206
...    16 T-A ...
  -20.5959  -21.6449   36.3062
   -0.6268    0.7398   -0.2447
   -0.0945   -0.3839   -0.9185
   -0.7734   -0.5526    0.3105
...    17 T-A ...
  -23.1030  -23.2949   37.5240
   -0.5611    0.4086   -0.7198
    0.2802   -0.7245   -0.6297
   -0.7788   -0.5551    0.2920
...    18 T-A ...
  -25.7323  -24.8775   38.5413
   -0.2881   -0.0422   -0.9567
    0.5459   -0.8281   -0.1279
   -0.7868   -0.5590    0.2616
...    19 A-T ...
  -28.5200  -26.5937   39.1077
    0.1610   -0.3981   -0.9031
    0.5857   -0.6979    0.4121
   -0.7943   -0.5953    0.1208
...    20 T-A ...
  -31.4056  -28.1385   39.0097
    0.4480   -0.6753   -0.5859
    0.4229   -0.4173    0.8044
   -0.7877   -0.6081    0.0986
...    21 T-A ...
  -34.0081  -30.0642   39.0236
    0.6219   -0.7817   -0.0461
    0.0939    0.0159    0.9955
   -0.7774   -0.6234    0.0833
...    22 C-G ...
  -36.4206  -32.2589   39.1616
    0.5901   -0.6085    0.5306
   -0.3019    0.4432    0.8441
   -0.7487   -0.6583    0.0778
...    23 G-C ...
  -38.9013  -34.3868   39.7840
    0.3991   -0.1995    0.8950
   -0.6128    0.6681    0.4221
   -0.6821   -0.7169    0.1444
...    24 C-G ...
  -40.8100  -37.0527   40.2497
    0.0287    0.2180    0.9755
   -0.7428    0.6577   -0.1252
   -0.6689   -0.7210    0.1808
...    25 A-T ...
  -43.1609  -39.3203   40.8158
   -0.3416    0.6067    0.7177
   -0.6473    0.4018   -0.6478
   -0.6814   -0.6859    0.2555
...    26 A-T ...
  -45.2027  -41.6132   41.8770
   -0.6572    0.7179    0.2296
   -0.3349   -0.0053   -0.9422
   -0.6752   -0.6961    0.2439
...    27 A-T ...
  -47.3515  -43.8025   42.9357
   -0.7349    0.5869   -0.3397
    0.0992   -0.4025   -0.9100
   -0.6709   -0.7025    0.2375
...    28 G-C ...
  -49.7009  -45.9016   43.9133
   -0.5304    0.3422   -0.7756
    0.4637   -0.6488   -0.6034
   -0.7096   -0.6797    0.1855
...    29 G-C ...
  -52.3382  -47.9011   44.5221
   -0.1357    0.0087   -0.9907
    0.6604   -0.7447   -0.0970
   -0.7386   -0.6674    0.0953
...    30 C-G ...
  -55.0551  -49.7669   44.6362
    0.2786   -0.3529   -0.8932
    0.6205   -0.6437    0.4478
   -0.7330   -0.6790    0.0396
...    31 C-G ...
  -57.6324  -51.9281   44.3396
    0.6313   -0.5732   -0.5225
    0.3600   -0.3802    0.8520
   -0.6870   -0.7259   -0.0337
...    32 G-C ...
  -59.6894  -54.5431   44.4055
    0.8036   -0.5944    0.0284
   -0.0661   -0.0418    0.9969
   -0.5914   -0.8031   -0.0729
...    33 G-C ...
  -61.4213  -57.3842   43.8039
    0.6957   -0.4533    0.5573
   -0.4990    0.2531    0.8288
   -0.5167   -0.8547   -0.0501
...    34 C-G ...
  -62.7541  -60.3813   43.3963
    0.3434   -0.2057    0.9164
   -0.8032    0.4414    0.4001
   -0.4868   -0.8734   -0.0136
...    35 C-G ...
  -64.0419  -63.4980   43.4347
   -0.0974    0.1342    0.9862
   -0.8758    0.4590   -0.1490
   -0.4727   -0.8782    0.0728
...    36 C-G ...
  -65.3837  -66.5430   43.9501
   -0.5110    0.4290    0.7449
   -0.7014    0.2927   -0.6498
   -0.4968   -0.8545    0.1513
...    37 G-C ...
  -67.3534  -69.2164   44.2386
   -0.7582    0.6037    0.2462
   -0.3244   -0.0218   -0.9457
   -0.5656   -0.7969    0.2124
...    38 A-T ...
  -69.2201  -71.7793   45.0430
   -0.7893    0.5005   -0.3558
    0.1714   -0.3767   -0.9103
   -0.5896   -0.7795    0.2115
...    39 C-G ...
  -71.4261  -73.9682   46.1842
   -0.5737    0.2512   -0.7796
    0.5489   -0.5885   -0.5936
   -0.6079   -0.7684    0.1998
...    40 A-T ...
  -73.3709  -76.6087   46.6834
   -0.1105   -0.0548   -0.9924
    0.7601   -0.6480   -0.0488
   -0.6404   -0.7597    0.1132
...    41 C-G ...
  -75.9336  -78.7025   46.8365
    0.3138   -0.3612   -0.8781
    0.7046   -0.5313    0.4703
   -0.6364   -0.7663    0.0877
...    42 G-C ...
  -77.7789  -81.4433   47.2422
    0.7175   -0.4998   -0.4852
    0.4079   -0.2631    0.8743
   -0.5646   -0.8252    0.0151
...    43 A-T ...
  -79.6422  -84.1236   47.1590
    0.8463   -0.5223    0.1046
   -0.0800    0.0695    0.9944
   -0.5266   -0.8499    0.0171
...    44 C-G ...
  -81.1145  -87.0231   46.6216
    0.7085   -0.3773    0.5964
   -0.5057    0.3180    0.8020
   -0.4922   -0.8698    0.0345
...    45 T-A ...
  -82.3967  -90.0629   46.6011
    0.3879   -0.0920    0.9171
   -0.8091    0.4426    0.3867
   -0.4415   -0.8920    0.0972
...    46 T-A ...
  -83.5694  -93.0650   46.8872
   -0.1145    0.1886    0.9753
   -0.8928    0.4109   -0.1843
   -0.4356   -0.8919    0.1213
...    47 A-T ...
  -85.0202  -95.9936   47.4579
   -0.5567    0.4650    0.6883
   -0.6918    0.1993   -0.6941
   -0.4599   -0.8626    0.2107
...    48 C-G ...
  -86.2169  -98.7936   48.7325
   -0.8200    0.5253    0.2274
   -0.3184   -0.0885   -0.9438
   -0.4757   -0.8463    0.2398
...    49 T-A ...
  -87.8833 -101.4091   49.8710
   -0.8429    0.4407   -0.3086
    0.1366   -0.3795   -0.9151
   -0.5204   -0.8135    0.2596
...    50 G-C ...
  -89.7009 -104.1278   50.4169
   -0.5775    0.1995   -0.7917
    0.5752   -0.5887   -0.5679
   -0.5794   -0.7833    0.2252
...    51 T-A ...
  -92.0608 -106.2945   51.3261
   -0.1870   -0.1288   -0.9739
    0.7923   -0.6058   -0.0720
   -0.5807   -0.7851    0.2153
...    52 A-T ...
  -93.7872 -109.0491   52.1092
    0.3338   -0.4701   -0.8171
    0.7502   -0.3924    0.5322
   -0.5708   -0.7906    0.2217
...    53 G-C ...
  -95.8492 -111.5995   52.5660
    0.7092   -0.5547   -0.4352
    0.4751   -0.0801    0.8763
   -0.5209   -0.8282    0.2068
...    54 G-C ...
  -97.6897 -114.4138   52.9156
    0.9016   -0.4262    0.0736
    0.0282    0.2276    0.9733
   -0.4316   -0.8755    0.2172
...    55 T-A ...
  -98.9122 -117.4632   53.0473
    0.8145   -0.2022    0.5438
   -0.4318    0.4147    0.8010
   -0.3875   -0.8872    0.2504
...    56 C-G ...
 -100.0264 -120.4078   53.8541
    0.4533    0.1325    0.8815
   -0.8233    0.4414    0.3570
   -0.3417   -0.8875    0.3092
...    57 A-T ...
 -101.0828 -123.3374   55.0519
   -0.0137    0.4737    0.8806
   -0.9562    0.2515   -0.1501
   -0.2926   -0.8440    0.4494
...    58 T-A ...
 -101.3856 -126.1022   56.7741
   -0.4778    0.5541    0.6817
   -0.8300   -0.0305   -0.5570
   -0.2879   -0.8319    0.4745
...    59 G-C ...
 -102.6617 -128.6957   58.4113
   -0.8321    0.5153    0.2053
   -0.4389   -0.3854   -0.8116
   -0.3391   -0.7654    0.5469
...    60 T-A ...
 -103.6979 -130.8271   60.7301
   -0.9359    0.2460   -0.2523
    0.0511   -0.6137   -0.7879
   -0.3486   -0.7503    0.5618
...    61 T-A ...
 -104.8785 -133.0305   62.8237
   -0.7532   -0.1912   -0.6294
    0.5816   -0.6406   -0.5014
   -0.3073   -0.7437    0.5937
...    62 A-T ...
 -105.4439 -135.7503   64.7459
   -0.2269   -0.6027   -0.7650
    0.9370   -0.3494   -0.0026
   -0.2657   -0.7174    0.6440
...    63 T-A ...
 -106.9649 -137.9323   66.7206
    0.2762   -0.7099   -0.6479
    0.9271    0.0191    0.3742
   -0.2533   -0.7041    0.6634
...    64 A-T ...
 -107.7303 -140.2462   68.9899
    0.7794   -0.5249   -0.3419
    0.5941    0.4463    0.6692
   -0.1987   -0.7248    0.6597
...    65 A-T ...
 -108.4316 -142.7327   70.9345
    0.9845   -0.1643    0.0614
    0.0663    0.6725    0.7371
   -0.1624   -0.7216    0.6730
...    66 C-G ...
 -108.7871 -145.4750   72.6631
    0.8923    0.2495    0.3763
   -0.4412    0.6588    0.6093
   -0.0959   -0.7097    0.6979
...    67 G-C ...
 -109.0088 -147.6045   75.2125
    0.5329    0.6829    0.4996
   -0.8448    0.3964    0.3594
    0.0474   -0.6136    0.7882
...    68 G-C ...
 -108.2977 -149.4500   77.9309
    0.0058    0.8592    0.5116
   -0.9934   -0.0537    0.1014
    0.1146   -0.5088    0.8532
...    69 A-T ...
 -107.8228 -150.8603   80.8373
   -0.5732    0.6936    0.4363
   -0.8087   -0.5647   -0.1646
    0.1322   -0.4472    0.8846
...    70 T-A ...
 -106.9518 -151.7662   83.8818
   -0.9014    0.3105    0.3017
   -0.4067   -0.8462   -0.3442
    0.1484   -0.4330    0.8891
...    71 A-T ...
 -106.4814 -153.6310   86.6577
   -0.9419   -0.3274    0.0748
    0.2611   -0.8540   -0.4499
    0.2112   -0.4043    0.8899
...    72 T-A ...
 -106.1053 -154.3859   89.8753
   -0.6640   -0.7368   -0.1276
    0.7059   -0.5613   -0.4319
    0.2466   -0.3768    0.8928
...    73 C-G ...
 -105.3765 -155.5449   92.8726
   -0.1114   -0.9300   -0.3503
    0.9571   -0.0056   -0.2896
    0.2674   -0.3675    0.8907
...    74 T-A ...
 -104.7598 -156.8886   95.8422
    0.3940   -0.7795   -0.4869
    0.8666    0.4916   -0.0859
    0.3063   -0.3881    0.8692
...    75 C-G ...
 -103.8696 -158.1591   98.7257
    0.8040   -0.3322   -0.4931
    0.4705    0.8625    0.1862
    0.3635   -0.3817    0.8498
...    76 G-C ...
 -102.5736 -159.1435  101.6279
    0.8495    0.2369   -0.4714
   -0.0295    0.9134    0.4059
    0.5268   -0.3309    0.7830
...    77 A-T ...
 -100.7856 -160.2601  104.0714
    0.6346    0.7334   -0.2437
   -0.4881    0.6249    0.6094
    0.5992   -0.2678    0.7545
...    78 G-C ...
  -98.4999 -161.1157  106.2515
    0.2326    0.9726   -0.0019
   -0.7145    0.1722    0.6781
    0.6598   -0.1564    0.7349
...    79 C-G ...
  -95.9454 -161.2823  108.2940
   -0.2244    0.9273    0.2996
   -0.6931   -0.3679    0.6198
    0.6850   -0.0686    0.7253
...    80 T-A ...
  -93.5244 -161.0633  110.5085
   -0.5907    0.6109    0.5272
   -0.4304   -0.7912    0.4345
    0.6825    0.0298    0.7302
...    81 C-G ...
  -91.4201 -160.6933  112.9870
   -0.7321    0.0365    0.6803
    0.0258   -0.9964    0.0812
    0.6808    0.0770    0.7285
...    82 G-C ...
  -89.2538 -160.8844  115.5108
   -0.6087   -0.5375    0.5836
    0.4732   -0.8364   -0.2767
    0.6368    0.1078    0.7634
...    83 G-C ...
  -87.2842 -160.3385  118.1986
   -0.2639   -0.9121    0.3138
    0.7336   -0.4010   -0.5486
    0.6262    0.0854    0.7750
...    84 G-C ...
  -85.3413 -159.8853  120.9229
    0.1531   -0.9855   -0.0733
    0.7438    0.1637   -0.6480
    0.6506    0.0447    0.7581
...    85 A-T ...
  -83.3216 -159.5978  123.4819
    0.5389   -0.7070   -0.4579
    0.4906    0.7054   -0.5116
    0.6847    0.0511    0.7270
...    86 T-A ...
  -81.3308 -159.9990  126.0559
    0.6968   -0.2649   -0.6666
    0.1460    0.9622   -0.2298
    0.7023    0.0628    0.7092
...    87 C-G ...
  -79.0314 -159.8729  128.3488
    0.5939    0.3192   -0.7385
   -0.2786    0.9427    0.1834
    0.7548    0.0968    0.6488
...    88 C-G ...
  -76.2542 -159.8071  130.2356
    0.2500    0.7360   -0.6292
   -0.5246    0.6491    0.5509
    0.8138    0.1923    0.5483
...    89 G-C ...
  -73.5915 -158.7275  131.9095
   -0.2117    0.9160   -0.3408
   -0.5119    0.1931    0.8371
    0.8326    0.3516    0.4280
...    90 C-G ...
  -70.7651 -157.2747  132.7481
   -0.5049    0.8541    0.1251
   -0.2758   -0.2970    0.9142
    0.8180    0.4271    0.3854
...    91 T-A ...
  -68.1499 -155.4962  133.6869
   -0.6198    0.5518    0.5580
    0.0816   -0.6619    0.7451
    0.7805    0.5074    0.3653
...    92 T-A ...
  -65.6987 -153.5714  134.6267
   -0.4298    0.0970    0.8977
    0.4332   -0.8502    0.2993
    0.7922    0.5175    0.3234
...    93 T-A ...
  -63.3020 -151.5568  135.5522
   -0.0494   -0.3769    0.9249
    0.5975   -0.7532   -0.2750
    0.8003    0.5390    0.2624
...    94 A-T ...
  -60.3164 -149.9879  135.9158
    0.4138   -0.7280    0.5466
    0.4561   -0.3538   -0.8166
    0.7879    0.5872    0.1857
...    95 A-T ...
  -57.8965 -147.9798  136.7619
    0.6268   -0.7790   -0.0142
    0.1094    0.1061   -0.9883
    0.7714    0.6180    0.1517
...    96 C-G ...
  -55.3570 -146.1496  137.8005
    0.5667   -0.6328   -0.5276
   -0.2439    0.4828   -0.8411
    0.7870    0.6053    0.1193
...    97 A-T ...
  -52.7754 -144.0653  138.0579
    0.2273   -0.3441   -0.9110
   -0.5101    0.7548   -0.4124
    0.8295    0.5584   -0.0040
...    98 C-G ...
  -49.7725 -142.8017  138.0385
   -0.1166    0.0445   -0.9922
   -0.5481    0.8302    0.1017
    0.8283    0.5556   -0.0724
...    99 T-A ...
  -46.9505 -141.2354  137.4400
   -0.4639    0.3934   -0.7937
   -0.3853    0.7172    0.5807
    0.7977    0.5752   -0.1811
...   100 T-A ...
  -44.3759 -139.4954  136.5750
   -0.6359    0.6927   -0.3404
   -0.0505    0.4028    0.9139
    0.7701    0.5983   -0.2212
...   101 T-A ...
  -41.9771 -137.5866  135.5414
   -0.5730    0.7885    0.2236
    0.3282   -0.0292    0.9442
    0.7510    0.6144   -0.2420
...   102 A-T ...
  -39.5901 -135.4113  134.7542
   -0.3131    0.5995    0.7366
    0.6310   -0.4483    0.6331
    0.7098    0.6631   -0.2379
...   103 T-A ...
  -37.7937 -132.8624  133.6523
    0.0610    0.3041    0.9507
    0.7071   -0.6854    0.1739
    0.7044    0.6617   -0.2568
...   104 G-C ...
  -35.2906 -130.8345  132.9156
    0.4152   -0.1786    0.8920
    0.5622   -0.7205   -0.4060
    0.7152    0.6701   -0.1987
...   105 C-G ...
  -33.1147 -128.3678  132.4884
    0.6358   -0.5584    0.5329
    0.2444   -0.5092   -0.8252
    0.7321    0.6549   -0.1872
...   106 T-A ...
  -30.6733 -126.1583  132.1833
    0.6363   -0.7707    0.0344
   -0.1236   -0.1459   -0.9815
    0.7615    0.6203   -0.1881
...   107 T-A ...
  -28.1616 -124.1366  131.8376
    0.4553   -0.7220   -0.5210
   -0.4719    0.3005   -0.8289
    0.7550    0.6233   -0.2038
...   108 C-G ...
  -25.6353 -122.1771  131.2002
    0.0607   -0.4531   -0.8894
   -0.6491    0.6590   -0.3800
    0.7583    0.6004   -0.2540
...   109 C-G ...
  -22.8806 -120.5025  130.2438
   -0.3727   -0.1099   -0.9214
   -0.5717    0.8093    0.1348
    0.7309    0.5770   -0.3645
...   110 G-C ...
  -20.7260 -118.3824  128.8619
   -0.7232    0.2490   -0.6442
   -0.2534    0.7721    0.5828
    0.6425    0.5847   -0.4953
...   111 G-C ...
  -18.7964 -116.6208  126.7201
   -0.8106    0.5537   -0.1906
    0.1907    0.5573    0.8081
    0.5537    0.6187   -0.5573
...   112 C-G ...
  -17.3321 -114.6783  124.4877
   -0.6108    0.7336    0.2979
    0.6111    0.1976    0.7665
    0.5034    0.6503   -0.5690
...   113 T-A ...
  -16.0580 -112.4394  122.4124
   -0.2336    0.6946    0.6804
    0.8580   -0.1820    0.4804
    0.4575    0.6960   -0.5534
...   114 C-G ...
  -14.7039 -110.0440  120.6372
    0.3004    0.4466    0.8428
    0.8422   -0.5390   -0.0146
    0.4477    0.7142   -0.5380
...   115 G-C ...
  -12.8829 -107.8911  118.8663
    0.6762    0.0113    0.7366
    0.5487   -0.6750   -0.4933
    0.4917    0.7377   -0.4626
...   116 T-A ...
  -11.5101 -105.0775  117.7657
    0.8531   -0.3535    0.3838
    0.1187   -0.5848   -0.8025
    0.5081    0.7301   -0.4569
...   117 A-T ...
   -9.8497 -102.7610  116.0389
    0.7412   -0.6533   -0.1545
   -0.4119   -0.2608   -0.8731
    0.5301    0.7108   -0.4624
...   118 T-A ...
   -7.7408 -100.4231  115.0898
    0.4334   -0.6996   -0.5680
   -0.7299    0.0972   -0.6766
    0.5286    0.7078   -0.4685
...   119 A-T ...
   -5.9855  -98.1553  113.4183
   -0.1016   -0.5734   -0.8129
   -0.8389    0.4886   -0.2398
    0.5347    0.6576   -0.5307
...   120 A-T ...
   -4.0661  -96.2369  111.6510
   -0.5593   -0.2162   -0.8003
   -0.6403    0.7258    0.2514
    0.5265    0.6531   -0.5444
...   121 T-A ...
   -2.0812  -94.6636  109.5630
   -0.8114    0.1617   -0.5617
   -0.2772    0.7396    0.6133
    0.5146    0.6534   -0.5553
...   122 G-C ...
   -0.6356  -92.3834  107.6144
   -0.8854    0.4602   -0.0656
    0.2286    0.5540    0.8006
    0.4048    0.6938   -0.5956
...   123 T-A ...
    0.3210  -90.3708  105.1786
   -0.6587    0.6520    0.3755
    0.6534    0.2482    0.7152
    0.3730    0.7165   -0.5895
...   124 G-C ...
    1.4733  -87.8148  103.3918
   -0.2250    0.5997    0.7680
    0.9212   -0.1258    0.3681
    0.3173    0.7903   -0.5241
...   125 T-A ...
    1.8885  -85.0590  101.6128
    0.2707    0.4253    0.8636
    0.9091   -0.4081   -0.0840
    0.3168    0.8078   -0.4971
...   126 C-G ...
    2.8600  -82.3274  100.1031
    0.7373    0.0851    0.6701
    0.5894   -0.5658   -0.5766
    0.3301    0.8201   -0.4674
...   127 G-C ...
    4.2413  -79.8389   98.3703
    0.9021   -0.3225    0.2868
    0.1005   -0.4893   -0.8663
    0.4197    0.8103   -0.4090
...   128 A-T ...
    5.6550  -77.1591   97.1381
    0.7804   -0.5689   -0.2596
   -0.4391   -0.2029   -0.8753
    0.4453    0.7970   -0.4081
...   129 C-G ...
    7.5413  -74.5817   96.2707
    0.4311   -0.6095   -0.6653
   -0.7749    0.1276   -0.6190
    0.4622    0.7824   -0.4173
...   130 C-G ...
    9.4101  -72.1529   94.8737
   -0.0873   -0.5046   -0.8589
   -0.8760    0.4495   -0.1751
    0.4744    0.7371   -0.4813
...   131 A-T ...
   10.8310  -69.6707   93.1924
   -0.6054   -0.2340   -0.7608
   -0.6658    0.6727    0.3229
    0.4362    0.7020   -0.5630
...   132 A-T ...
   12.3572  -67.6154   91.1967
   -0.8746    0.1828   -0.4491
   -0.2151    0.6838    0.6972
    0.4345    0.7064   -0.5587
...   133 A-T ...
   13.7197  -65.4999   89.1507
   -0.8500    0.5263    0.0214
    0.3073    0.4625    0.8317
    0.4278    0.7135   -0.5548
...   134 T-A ...
   14.7283  -63.4123   86.8245
   -0.5924    0.6746    0.4405
    0.6886    0.1400    0.7115
    0.4183    0.7248   -0.5474
...   135 G-C ...
   15.7212  -61.4789   83.9378
    0.0342    0.7399    0.6718
    0.8637   -0.3601    0.3526
    0.5028    0.5682   -0.6514
...   136 T-A ...
   15.7740  -59.5465   80.8036
    0.5516    0.4996    0.6680
    0.6739   -0.7388   -0.0038
    0.4916    0.4523   -0.7442
...   137 G-C ...
   16.8281  -57.7076   78.2738
    0.8528   -0.0847    0.5152
    0.1508   -0.9047   -0.3984
    0.4999    0.4175   -0.7588
...   138 A-T ...
   18.4176  -55.5142   76.5363
    0.8547   -0.5007    0.1370
   -0.3189   -0.7148   -0.6224
    0.4096    0.4883   -0.7706
...   139 G-C ...
   20.4153  -54.2946   74.5497
    0.5847   -0.7389   -0.3350
   -0.7594   -0.3532   -0.5465
    0.2854    0.5739   -0.7676
...   140 C-G ...
   21.4164  -51.8108   72.7950
    0.1305   -0.7142   -0.6876
   -0.8897    0.2217   -0.3991
    0.4375    0.6639   -0.6065
...   141 G-C ...
   22.1407  -50.1331   67.4725
   -0.4682   -0.8748    0.1248
   -0.8495    0.4067   -0.3362
    0.2434   -0.2634   -0.9335
...   142 C-G ...
   22.3378  -51.2253   64.5019
   -0.8529   -0.5117   -0.1032
   -0.4974    0.8566   -0.1372
    0.1587   -0.0657   -0.9851
...   143 T-A ...
   24.0060  -51.6202   61.9333
   -0.9563    0.0399   -0.2897
    0.0522    0.9980   -0.0348
    0.2877   -0.0484   -0.9565
...   144 C-G ...
   24.8857  -52.7208   58.9948
   -0.7530    0.5560   -0.3520
    0.5213    0.8304    0.1966
    0.4016   -0.0355   -0.9151
...   145 A-T ...
   25.5174  -52.9611   55.8127
   -0.2441    0.9563   -0.1609
    0.8907    0.2867    0.3528
    0.3835   -0.0571   -0.9218
...   146 C-G ...
   25.2678  -52.4925   52.0871
    0.3203    0.9428   -0.0928
    0.8825   -0.2613    0.3910
    0.3444   -0.2071   -0.9157
...   147 A-T ...
   25.6134  -52.5733   48.6479
    0.8597    0.5097    0.0339
    0.4498   -0.7866    0.4230
    0.2423   -0.3484   -0.9055
