  147 base-pairs
...     1 T-A ...
    0.0000    0.0000    0.0000
    1.0000    0.0000    0.0000
    0.0000    1.0000    0.0000
    0.0000    0.0000    1.0000
...     2 G-C ...
   -0.5555   -1.1003    3.3981
    0.7749    0.6051    0.1828
   -0.5991    0.7953   -0.0929
   -0.2016   -0.0375    0.9787
...     3 T-A ...
   -0.6619   -3.0237    6.5348
    0.3046    0.9250    0.2271
   -0.8994    0.3578   -0.2510
   -0.3134   -0.1278    0.9410
...     4 G-C ...
   -1.1607   -3.8418    9.6940
   -0.3351    0.9421    0.0133
   -0.8752   -0.3061   -0.3746
   -0.3489   -0.1372    0.9271
...     5 A-T ...
   -1.3881   -3.6770   12.8999
   -0.7835    0.6162   -0.0801
   -0.5677   -0.7622   -0.3109
   -0.2527   -0.1981    0.9470
...     6 G-C ...
   -2.6236   -3.5448   15.7072
   -0.9923    0.0611   -0.1075
   -0.0294   -0.9610   -0.2748
   -0.1201   -0.2695    0.9555
...     7 C-G ...
   -2.3138   -3.7570   18.8866
   -0.8620   -0.4995   -0.0864
    0.5008   -0.8655    0.0073
   -0.0785   -0.0370    0.9962
...     8 G-C ...
   -3.9561   -6.8109   23.3205
   -0.2581   -0.3560   -0.8981
    0.6294   -0.7673    0.1233
   -0.7330   -0.5335    0.4221
...     9 C-G ...
   -6.1177   -8.9414   24.2385
    0.1143   -0.7320   -0.6716
    0.8123   -0.3203    0.4874
   -0.5720   -0.6013    0.5580
...    10 T-A ...
   -8.5041   -9.6771   26.0540
    0.4660   -0.8587   -0.2131
    0.6274    0.1508    0.7640
   -0.6239   -0.4897    0.6090
...    11 C-G ...
  -11.0625  -11.3174   27.2336
    0.6660   -0.6911    0.2808
    0.3382    0.6152    0.7121
   -0.6649   -0.3794    0.6435
...    12 A-T ...
  -13.0013  -13.1789   29.0658
    0.7188   -0.1490    0.6790
   -0.1787    0.9043    0.3876
   -0.6718   -0.4000    0.6235
...    13 C-G ...
  -14.1788  -15.9359   31.3399
    0.4052    0.2865    0.8682
   -0.5270    0.8492   -0.0343
   -0.7470   -0.4437    0.4951
...    14 A-T ...
  -15.9532  -18.1566   33.3080
   -0.1503    0.6873    0.7107
   -0.6106    0.5008   -0.6135
   -0.7776   -0.5261    0.3444
...    15 A-T ...
  -18.3655  -19.9902   34.4529
   -0.4689    0.8533    0.2279
   -0.3951    0.0280   -0.9182
   -0.7899   -0.5206    0.3240
...    16 T-A ...
  -20.7451  -21.6340   36.2258
   -0.6391    0.7131   -0.2880
   -0.0640   -0.4225   -0.9041
   -0.7664   -0.5594    0.3157
...    17 T-A ...
  -23.2610  -23.2648   37.5828
   -0.5785    0.3112   -0.7540
    0.3389   -0.7491   -0.5692
   -0.7419   -0.5848    0.3279
...    18 T-A ...
  -25.7684  -24.9987   38.6507
   -0.2592   -0.1265   -0.9575
    0.5986   -0.7991   -0.0565
   -0.7579   -0.5878    0.2828
...    19 A-T ...
  -28.2162  -27.0795   39.3563
    0.1907   -0.4559   -0.8694
    0.6262   -0.6255    0.4654
   -0.7559   -0.6332    0.1662
...    20 T-A ...
  -31.0563  -28.7750   39.3994
    0.4895   -0.7032   -0.5157
    0.4417   -0.3099    0.8419
   -0.7518   -0.6399    0.1589
...    21 T-A ...
  -33.5878  -30.8427   39.5968
    0.6616   -0.7488    0.0403
    0.0794    0.1235    0.9892
   -0.7457   -0.6512    0.1411
...    22 C-G ...
  -35.9523  -33.0759   40.0058
    0.6121   -0.5182    0.5973
   -0.3328    0.5163    0.7891
   -0.7173   -0.6818    0.1435
...    23 G-C ...
  -38.3805  -35.1396   41.1097
    0.4180   -0.0520    0.9070
   -0.6578    0.6712    0.3416
   -0.6265   -0.7394    0.2464
...    24 C-G ...
  -40.1301  -37.8048   41.8560
    0.0471    0.3466    0.9368
   -0.7801    0.5986   -0.1823
   -0.6239   -0.7222    0.2986
...    25 A-T ...
  -42.5403  -39.9589   42.5848
   -0.3770    0.6643    0.6454
   -0.6682    0.2875   -0.6862
   -0.6414   -0.6899    0.3355
...    26 A-T ...
  -44.5507  -42.2088   43.8803
   -0.6947    0.7045    0.1453
   -0.3355   -0.1387   -0.9318
   -0.6363   -0.6961    0.3327
...    27 A-T ...
  -46.4977  -44.3994   45.3043
   -0.7755    0.4786   -0.4117
    0.1405   -0.5049   -0.8517
   -0.6155   -0.7183    0.3243
...    28 G-C ...
  -48.7966  -46.4612   46.6503
   -0.5477    0.1780   -0.8175
    0.5189   -0.6942   -0.4988
   -0.6563   -0.6974    0.2879
...    29 G-C ...
  -51.3456  -48.5863   47.5650
   -0.1082   -0.1806   -0.9776
    0.7297   -0.6823    0.0453
   -0.6752   -0.7084    0.2055
...    30 C-G ...
  -53.8611  -50.6450   47.9623
    0.3460   -0.4756   -0.8088
    0.6602   -0.4891    0.5700
   -0.6667   -0.7312    0.1448
...    31 C-G ...
  -56.3127  -52.9109   48.2572
    0.7039   -0.6000   -0.3802
    0.3560   -0.1652    0.9198
   -0.6147   -0.7828    0.0973
...    32 G-C ...
  -57.9643  -55.4352   48.7169
    0.8533   -0.5079    0.1177
   -0.0640    0.1219    0.9905
   -0.5174   -0.8527    0.0715
...    33 G-C ...
  -59.2007  -58.5643   48.7879
    0.7146   -0.3010    0.6314
   -0.5382    0.3400    0.7712
   -0.4468   -0.8910    0.0810
...    34 C-G ...
  -60.2680  -61.6594   48.8875
    0.3276   -0.0226    0.9446
   -0.8500    0.4294    0.3050
   -0.4125   -0.9028    0.1215
...    35 C-G ...
  -61.2460  -64.8437   49.5975
   -0.1714    0.2669    0.9484
   -0.9043    0.3393   -0.2589
   -0.3909   -0.9020    0.1832
...    36 C-G ...
  -62.3808  -67.8625   50.4842
   -0.6206    0.4492    0.6427
   -0.6814    0.0966   -0.7255
   -0.3880   -0.8882    0.2461
...    37 G-C ...
  -64.0175  -70.8533   50.4673
   -0.8666    0.4851    0.1170
   -0.2254   -0.1714   -0.9591
   -0.4452   -0.8575    0.2579
...    38 A-T ...
  -65.3319  -73.5933   51.3258
   -0.8342    0.2982   -0.4638
    0.3288   -0.4061   -0.8526
   -0.4427   -0.8638    0.2407
...    39 C-G ...
  -67.1712  -76.0474   52.3011
   -0.5282    0.0825   -0.8451
    0.7063   -0.5097   -0.4912
   -0.4713   -0.8564    0.2110
...    40 A-T ...
  -68.8673  -78.8580   52.8670
    0.0032   -0.1528   -0.9883
    0.8765   -0.4753    0.0763
   -0.4814   -0.8665    0.1324
...    41 C-G ...
  -70.8055  -81.5296   52.8595
    0.4667   -0.3306   -0.8203
    0.7517   -0.3404    0.5649
   -0.4660   -0.8803    0.0897
...    42 G-C ...
  -71.9855  -84.5681   53.4603
    0.8466   -0.3944   -0.3573
    0.3447   -0.1052    0.9328
   -0.4055   -0.9129    0.0469
...    43 A-T ...
  -73.3764  -87.3981   53.5801
    0.8954   -0.3705    0.2468
   -0.2003    0.1597    0.9666
   -0.3975   -0.9150    0.0688
...    44 C-G ...
  -74.3903  -90.5063   53.1474
    0.6850   -0.1753    0.7071
   -0.6443    0.3074    0.7003
   -0.3402   -0.9353    0.0976
...    45 T-A ...
  -74.9383  -94.0589   53.3255
    0.2294    0.0824    0.9698
   -0.9210    0.3407    0.1889
   -0.3149   -0.9366    0.1541
...    46 T-A ...
  -75.6203  -97.1723   53.7830
   -0.2464    0.2604    0.9335
   -0.9187    0.2438   -0.3106
   -0.3085   -0.9342    0.1792
...    47 A-T ...
  -76.6475 -100.2056   54.5861
   -0.6820    0.4430    0.5819
   -0.6406    0.0219   -0.7675
   -0.3527   -0.8963    0.2689
...    48 C-G ...
  -77.5797 -103.0025   56.1398
   -0.9089    0.4080    0.0861
   -0.1963   -0.2366   -0.9516
   -0.3679   -0.8818    0.2951
...    49 T-A ...
  -78.8574 -105.7094   57.7004
   -0.8422    0.2823   -0.4594
    0.3064   -0.4505   -0.8385
   -0.4437   -0.8470    0.2929
...    50 C-G ...
  -80.5299 -108.4050   58.5383
   -0.5257   -0.0026   -0.8507
    0.7144   -0.5443   -0.4397
   -0.4619   -0.8389    0.2880
...    51 A-T ...
  -82.0573 -111.1871   59.6573
   -0.0064   -0.2195   -0.9756
    0.8676   -0.4863    0.1037
   -0.4972   -0.8458    0.1935
...    52 T-A ...
  -84.0687 -113.7228   60.0447
    0.4402   -0.4066   -0.8005
    0.7552   -0.3145    0.5751
   -0.4856   -0.8578    0.1686
...    53 G-C ...
  -85.8643 -116.6693   60.3790
    0.8325   -0.4401   -0.3366
    0.3702   -0.0102    0.9289
   -0.4123   -0.8979    0.1544
...    54 T-A ...
  -87.3161 -119.6786   60.2170
    0.9131   -0.3610    0.1896
   -0.1107    0.2281    0.9673
   -0.3925   -0.9042    0.1683
...    55 T-A ...
  -88.4035 -122.6144   60.5918
    0.7388   -0.1239    0.6624
   -0.5818    0.3787    0.7198
   -0.3400   -0.9172    0.2077
...    56 A-T ...
  -89.4692 -125.5947   61.4847
    0.3557    0.2129    0.9100
   -0.8939    0.3619    0.2647
   -0.2730   -0.9076    0.3190
...    57 T-A ...
  -89.6169 -128.6695   62.4684
   -0.1284    0.3739    0.9185
   -0.9564    0.1984   -0.2145
   -0.2625   -0.9060    0.3321
...    58 A-T ...
  -90.6875 -131.5968   63.6008
   -0.6201    0.4863    0.6156
   -0.7372   -0.0927   -0.6693
   -0.2684   -0.8688    0.4160
...    59 A-T ...
  -91.4436 -134.2744   65.1376
   -0.9204    0.3659    0.1381
   -0.2793   -0.3676   -0.8870
   -0.2738   -0.8550    0.4405
...    60 C-G ...
  -92.4038 -136.7899   67.3028
   -0.9282    0.0867   -0.3618
    0.2694   -0.5139   -0.8144
   -0.2565   -0.8535    0.4537
...    61 G-C ...
  -93.3364 -139.6965   68.4813
   -0.5781   -0.2116   -0.7881
    0.7573   -0.4989   -0.4215
   -0.3040   -0.8404    0.4487
...    62 G-C ...
  -94.5716 -142.4098   69.8929
   -0.0734   -0.3829   -0.9209
    0.9428   -0.3277    0.0611
   -0.3252   -0.8637    0.3850
...    63 A-T ...
  -95.9358 -145.1947   71.1687
    0.5054   -0.5044   -0.7001
    0.8041   -0.0188    0.5942
   -0.3129   -0.8632    0.3961
...    64 T-A ...
  -97.3795 -147.9912   71.9861
    0.8408   -0.4415   -0.3132
    0.4485    0.2442    0.8598
   -0.3031   -0.8634    0.4033
...    65 G-C ...
  -98.3755 -151.1420   73.1577
    0.9779   -0.1162    0.1740
   -0.1016    0.4632    0.8804
   -0.1828   -0.8786    0.4411
...    66 T-A ...
  -98.7316 -154.1855   74.0961
    0.8291    0.1984    0.5228
   -0.5497    0.4600    0.6973
   -0.1021   -0.8655    0.4904
...    67 A-T ...
  -97.9156 -157.1984   75.5476
    0.4751    0.6223    0.6221
   -0.8749    0.2588    0.4093
    0.0938   -0.7387    0.6674
...    68 G-C ...
  -97.2758 -159.6802   77.5070
   -0.0235    0.7626    0.6465
   -0.9896   -0.1095    0.0932
    0.1419   -0.6376    0.7572
...    69 G-C ...
  -96.0034 -161.4830   80.3965
   -0.5656    0.6392    0.5211
   -0.8127   -0.5393   -0.2206
    0.1400   -0.5483    0.8245
...    70 T-A ...
  -95.3457 -162.7341   83.3557
   -0.9030    0.2746    0.3303
   -0.4013   -0.8137   -0.4206
    0.1533   -0.5124    0.8450
...    71 A-T ...
  -94.8891 -164.0042   86.4587
   -0.9674   -0.2522    0.0206
    0.2091   -0.8426   -0.4963
    0.1426   -0.4758    0.8679
...    72 T-A ...
  -94.6456 -164.8803   89.6613
   -0.7093   -0.6789   -0.1894
    0.6785   -0.5849   -0.4445
    0.1910   -0.4438    0.8755
...    73 C-G ...
  -94.2766 -166.2779   92.6844
   -0.1334   -0.9092   -0.3944
    0.9637   -0.0261   -0.2658
    0.2314   -0.4155    0.8797
...    74 T-A ...
  -93.7962 -167.8625   95.6220
    0.3857   -0.7691   -0.5096
    0.8849    0.4648   -0.0316
    0.2611   -0.4388    0.8598
...    75 C-G ...
  -93.0740 -169.3169   98.6302
    0.8147   -0.3398   -0.4699
    0.4833    0.8457    0.2263
    0.3205   -0.4114    0.8532
...    76 G-C ...
  -91.6947 -170.2300  101.4698
    0.8414    0.1991   -0.5024
    0.0272    0.9129    0.4073
    0.5397   -0.3564    0.7627
...    77 A-T ...
  -90.1309 -171.2551  104.1065
    0.6507    0.6971   -0.3010
   -0.4548    0.6753    0.5807
    0.6081   -0.2410    0.7564
...    78 G-C ...
  -87.6697 -171.9527  106.2245
    0.2602    0.9634   -0.0640
   -0.6937    0.2327    0.6817
    0.6716   -0.1330    0.7288
...    79 C-G ...
  -84.9726 -172.1437  108.2378
   -0.2186    0.9367    0.2736
   -0.6910   -0.3465    0.6343
    0.6890   -0.0504    0.7230
...    80 T-A ...
  -82.5010 -172.0517  110.3954
   -0.5824    0.6242    0.5208
   -0.4335   -0.7804    0.4505
    0.6877    0.0366    0.7251
...    81 C-G ...
  -80.7307 -171.9398  113.0900
   -0.7357    0.0614    0.6745
    0.0566   -0.9868    0.1516
    0.6749    0.1497    0.7225
...    82 G-C ...
  -78.4154 -172.4983  115.7112
   -0.5773   -0.5189    0.6305
    0.5102   -0.8321   -0.2176
    0.6375    0.1960    0.7451
...    83 G-C ...
  -76.3926 -171.6489  118.2802
   -0.2094   -0.8979    0.3873
    0.7360   -0.4054   -0.5421
    0.6437    0.1716    0.7458
...    84 G-C ...
  -74.3919 -171.0071  120.8729
    0.1774   -0.9838   -0.0258
    0.7344    0.1497   -0.6620
    0.6551    0.0985    0.7491
...    85 A-T ...
  -72.4204 -170.6725  123.5643
    0.5813   -0.6981   -0.4181
    0.4647    0.7066   -0.5337
    0.6680    0.1159    0.7351
...    86 T-A ...
  -70.4203 -170.8288  126.1835
    0.7171   -0.2387   -0.6549
    0.0917    0.9637   -0.2508
    0.6910    0.1198    0.7129
...    87 C-G ...
  -68.0701 -170.6192  128.4611
    0.5964    0.3515   -0.7216
   -0.3434    0.9243    0.1665
    0.7255    0.1485    0.6720
...    88 C-G ...
  -65.7779 -170.3495  130.8043
    0.2074    0.7292   -0.6521
   -0.6051    0.6194    0.5002
    0.7687    0.2908    0.5697
...    89 G-C ...
  -63.4606 -168.9197  132.7045
   -0.2864    0.8662   -0.4094
   -0.5757    0.1860    0.7963
    0.7659    0.4637    0.4454
...    90 C-G ...
  -60.6873 -167.0643  133.6235
   -0.5830    0.8062    0.1008
   -0.2789   -0.3152    0.9071
    0.7631    0.5008    0.4086
...    91 T-A ...
  -58.3861 -164.6439  134.6950
   -0.6402    0.4897    0.5920
    0.1675   -0.6630    0.7296
    0.7497    0.5662    0.3424
...    92 T-A ...
  -56.0865 -162.4819  135.5541
   -0.3732    0.0445    0.9267
    0.5215   -0.8160    0.2493
    0.7673    0.5763    0.2813
...    93 T-A ...
  -53.8168 -160.2471  136.3299
    0.0527   -0.3888    0.9198
    0.6292   -0.7023   -0.3329
    0.7754    0.5963    0.2077
...    94 A-T ...
  -50.9083 -158.6383  136.1883
    0.5416   -0.6372    0.5483
    0.4213   -0.3587   -0.8330
    0.7274    0.6822    0.0742
...    95 A-T ...
  -48.6731 -156.3567  136.5216
    0.7028   -0.7113   -0.0121
    0.0108    0.0276   -0.9996
    0.7113    0.7023    0.0271
...    96 C-G ...
  -46.2209 -154.1588  137.1744
    0.5886   -0.6033   -0.5381
   -0.3781    0.3829   -0.8429
    0.7146    0.6996   -0.0027
...    97 A-T ...
  -43.7976 -151.9066  137.1510
    0.1995   -0.3667   -0.9087
   -0.6443    0.6496   -0.4037
    0.7383    0.6660   -0.1067
...    98 C-G ...
  -40.9494 -150.2530  136.6680
   -0.1916   -0.0247   -0.9812
   -0.6531    0.7495    0.1087
    0.7327    0.6616   -0.1597
...    99 T-A ...
  -38.1340 -148.3390  135.6111
   -0.5946    0.3244   -0.7357
   -0.4249    0.6501    0.6300
    0.6826    0.6871   -0.2487
...   100 T-A ...
  -35.9086 -146.2976  134.4218
   -0.7423    0.6218   -0.2499
   -0.0080    0.3646    0.9311
    0.6700    0.6932   -0.2657
...   101 T-A ...
  -33.8450 -144.0749  133.3157
   -0.6403    0.7013    0.3132
    0.4154   -0.0268    0.9092
    0.6461    0.7123   -0.2742
...   102 A-T ...
  -31.6982 -141.6212  132.5145
   -0.2971    0.5311    0.7935
    0.7295   -0.4099    0.5475
    0.6161    0.7415   -0.2657
...   103 T-A ...
  -30.3387 -138.8852  131.3283
    0.0680    0.2641    0.9621
    0.7977   -0.5935    0.1065
    0.5992    0.7602   -0.2511
...   104 G-C ...
  -28.5027 -136.1928  130.7133
    0.4841   -0.2158    0.8480
    0.6162   -0.6040   -0.5054
    0.6212    0.7672   -0.1594
...   105 C-G ...
  -26.5147 -133.5621  130.5775
    0.7262   -0.5326    0.4347
    0.2398   -0.3965   -0.8862
    0.6444    0.7478   -0.1602
...   106 T-A ...
  -24.2642 -130.9679  130.4891
    0.7198   -0.6808   -0.1354
   -0.1992   -0.0158   -0.9798
    0.6650    0.7323   -0.1470
...   107 T-A ...
  -22.0577 -128.6649  130.2031
    0.4631   -0.6067   -0.6460
   -0.5660    0.3585   -0.7424
    0.6821    0.7095   -0.1774
...   108 C-G ...
  -19.6167 -126.5181  129.6318
    0.0158   -0.3495   -0.9368
   -0.7250    0.6412   -0.2515
    0.6886    0.6832   -0.2432
...   109 C-G ...
  -17.2421 -124.3641  128.9332
   -0.4481   -0.0734   -0.8910
   -0.6331    0.7297    0.2583
    0.6312    0.6798   -0.3735
...   110 G-C ...
  -15.5963 -122.1273  127.6606
   -0.7819    0.2006   -0.5903
   -0.3074    0.6997    0.6449
    0.5424    0.6857   -0.4854
...   111 G-C ...
  -14.2218 -119.9068  125.5494
   -0.8655    0.4884   -0.1108
    0.1872    0.5206    0.8330
    0.4645    0.7003   -0.5420
...   112 C-G ...
  -13.2157 -117.6604  123.2537
   -0.6449    0.6632    0.3797
    0.6379    0.1935    0.7454
    0.4209    0.7229   -0.5479
...   113 T-A ...
  -12.0944 -115.3025  121.2363
   -0.2372    0.6418    0.7293
    0.8927   -0.1521    0.4242
    0.3832    0.7516   -0.5369
...   114 C-G ...
  -10.7632 -112.7437  119.6820
    0.3105    0.4193    0.8531
    0.8837   -0.4579   -0.0966
    0.3501    0.7839   -0.5127
...   115 G-C ...
   -9.2270 -110.4258  117.8982
    0.7442    0.0405    0.6667
    0.5506   -0.6022   -0.5781
    0.3780    0.7973   -0.4705
...   116 T-A ...
   -7.9778 -107.5665  116.8862
    0.9089   -0.3070    0.2822
    0.0831   -0.5299   -0.8440
    0.4086    0.7906   -0.4561
...   117 A-T ...
   -6.4272 -104.7231  115.8113
    0.7678   -0.6012   -0.2215
   -0.4423   -0.2471   -0.8622
    0.4636    0.7599   -0.4556
...   118 T-A ...
   -4.5302 -102.2507  114.9227
    0.4541   -0.6371   -0.6228
   -0.7683    0.0740   -0.6358
    0.4511    0.7672   -0.4559
...   119 A-T ...
   -3.1984  -99.6921  113.2452
   -0.0931   -0.5238   -0.8468
   -0.8814    0.4389   -0.1745
    0.4630    0.7301   -0.5025
...   120 A-T ...
   -1.4628  -97.5678  111.5273
   -0.5833   -0.2223   -0.7812
   -0.6799    0.6598    0.3200
    0.4443    0.7178   -0.5360
...   121 T-A ...
    0.3010  -95.7032  109.4069
   -0.8519    0.1391   -0.5048
   -0.2863    0.6835    0.6715
    0.4384    0.7166   -0.5424
...   122 G-C ...
    1.6559  -93.3744  107.2383
   -0.9040    0.4271    0.0208
    0.2550    0.4993    0.8281
    0.3432    0.7539   -0.5603
...   123 T-A ...
    2.4150  -91.0890  105.0428
   -0.6733    0.5985    0.4341
    0.6664    0.2369    0.7070
    0.3203    0.7653   -0.5583
...   124 G-C ...
    3.2571  -88.4672  103.1701
   -0.2126    0.5617    0.7995
    0.9398   -0.1066    0.3248
    0.2677    0.8204   -0.5052
...   125 T-A ...
    3.5917  -85.7785  101.4402
    0.2842    0.3909    0.8755
    0.9209   -0.3652   -0.1359
    0.2666    0.8449   -0.4638
...   126 C-G ...
    4.4163  -83.0440  100.1027
    0.7660    0.1117    0.6331
    0.5920   -0.5064   -0.6270
    0.2506    0.8550   -0.4540
...   127 G-C ...
    5.6225  -80.5520   98.3386
    0.9168   -0.2755    0.2891
    0.1411   -0.4537   -0.8799
    0.3736    0.8475   -0.3770
...   128 A-T ...
    6.7254  -77.8282   97.1807
    0.8271   -0.4905   -0.2747
   -0.4229   -0.2209   -0.8788
    0.3704    0.8430   -0.3901
...   129 C-G ...
    8.3918  -75.0489   96.5396
    0.4677   -0.5666   -0.6784
   -0.7901    0.0760   -0.6082
    0.3962    0.8205   -0.4122
...   130 C-G ...
   10.2921  -72.6072   95.0950
   -0.0484   -0.5267   -0.8487
   -0.9024    0.3874   -0.1889
    0.4282    0.7567   -0.4940
...   131 A-T ...
   11.0875  -69.8631   93.3685
   -0.5808   -0.2889   -0.7610
   -0.7182    0.6219    0.3121
    0.3831    0.7279   -0.5687
...   132 A-T ...
   12.4002  -67.6471   91.3313
   -0.8845    0.1103   -0.4533
   -0.2663    0.6784    0.6847
    0.3831    0.7264   -0.5706
...   133 A-T ...
   13.6977  -65.5456   89.1653
   -0.8578    0.5138    0.0122
    0.2929    0.4692    0.8331
    0.4223    0.7182   -0.5530
...   134 T-A ...
   14.7284  -63.4123   86.8245
   -0.5924    0.6746    0.4405
    0.6886    0.1400    0.7115
    0.4183    0.7248   -0.5474
...   135 G-C ...
   15.7212  -61.4789   83.9378
    0.0342    0.7399    0.6718
    0.8637   -0.3601    0.3526
    0.5028    0.5682   -0.6514
...   136 T-A ...
   15.7740  -59.5465   80.8036
    0.5516    0.4996    0.6680
    0.6739   -0.7388   -0.0038
    0.4916    0.4523   -0.7442
...   137 G-C ...
   16.8281  -57.7076   78.2738
    0.8528   -0.0847    0.5152
    0.1508   -0.9047   -0.3984
    0.4999    0.4175   -0.7588
...   138 A-T ...
   18.4177  -55.5142   76.5363
    0.8547   -0.5007    0.1370
   -0.3189   -0.7148   -0.6224
    0.4096    0.4883   -0.7706
...   139 G-C ...
   20.4153  -54.2946   74.5497
    0.5847   -0.7389   -0.3350
   -0.7594   -0.3532   -0.5465
    0.2854    0.5739   -0.7676
...   140 C-G ...
   21.4164  -51.8108   72.7950
    0.1305   -0.7142   -0.6876
   -0.8897    0.2217   -0.3991
    0.4375    0.6639   -0.6065
...   141 G-C ...
   22.1407  -50.1331   67.4725
   -0.4682   -0.8748    0.1248
   -0.8495    0.4067   -0.3362
    0.2434   -0.2634   -0.9335
...   142 C-G ...
   22.3378  -51.2253   64.5019
   -0.8529   -0.5117   -0.1032
   -0.4974    0.8566   -0.1372
    0.1587   -0.0657   -0.9851
...   143 T-A ...
   24.0060  -51.6202   61.9333
   -0.9563    0.0399   -0.2897
    0.0522    0.9980   -0.0348
    0.2877   -0.0484   -0.9565
...   144 C-G ...
   24.8858  -52.7207   58.9948
   -0.7530    0.5560   -0.3520
    0.5213    0.8304    0.1966
    0.4016   -0.0355   -0.9151
...   145 A-T ...
   25.5174  -52.9610   55.8127
   -0.2441    0.9563   -0.1609
    0.8907    0.2867    0.3528
    0.3835   -0.0571   -0.9218
...   146 C-G ...
   25.2678  -52.4925   52.0871
    0.3203    0.9428   -0.0928
    0.8825   -0.2613    0.3910
    0.3444   -0.2071   -0.9157
...   147 A-T ...
   25.6134  -52.5733   48.6479
    0.8597    0.5097    0.0339
    0.4498   -0.7866    0.4230
    0.2423   -0.3484   -0.9055
