  147 base-pairs
...     1 T-A ...
    0.0000    0.0000    0.0000
    1.0000    0.0000    0.0000
    0.0000    1.0000    0.0000
    0.0000    0.0000    1.0000
...     2 G-C ...
   -0.5555   -1.1003    3.3981
    0.7749    0.6051    0.1828
   -0.5991    0.7953   -0.0929
   -0.2016   -0.0375    0.9787
...     3 T-A ...
   -0.6619   -3.0237    6.5348
    0.3046    0.9250    0.2271
   -0.8994    0.3578   -0.2510
   -0.3134   -0.1278    0.9410
...     4 G-C ...
   -1.1607   -3.8418    9.6940
   -0.3351    0.9421    0.0133
   -0.8752   -0.3061   -0.3746
   -0.3489   -0.1372    0.9271
...     5 A-T ...
   -1.3881   -3.6770   12.8999
   -0.7835    0.6162   -0.0801
   -0.5677   -0.7622   -0.3109
   -0.2527   -0.1981    0.9470
...     6 G-C ...
   -2.6236   -3.5448   15.7072
   -0.9923    0.0611   -0.1075
   -0.0294   -0.9610   -0.2748
   -0.1201   -0.2695    0.9555
...     7 C-G ...
   -2.3138   -3.7570   18.8866
   -0.8620   -0.4995   -0.0864
    0.5008   -0.8655    0.0073
   -0.0785   -0.0370    0.9962
...     8 G-C ...
   -3.9561   -6.8109   23.3205
   -0.2581   -0.3560   -0.8981
    0.6294   -0.7673    0.1233
   -0.7330   -0.5335    0.4221
...     9 C-G ...
   -6.1177   -8.9414   24.2385
    0.1143   -0.7320   -0.6716
    0.8123   -0.3203    0.4874
   -0.5720   -0.6013    0.5580
...    10 T-A ...
   -8.5041   -9.6771   26.0540
    0.4660   -0.8587   -0.2131
    0.6274    0.1508    0.7640
   -0.6239   -0.4897    0.6090
...    11 C-G ...
  -11.0625  -11.3174   27.2336
    0.6660   -0.6911    0.2808
    0.3382    0.6152    0.7121
   -0.6649   -0.3794    0.6435
...    12 A-T ...
  -13.0013  -13.1789   29.0658
    0.7188   -0.1490    0.6790
   -0.1787    0.9043    0.3876
   -0.6718   -0.4000    0.6235
...    13 C-G ...
  -14.1788  -15.9359   31.3399
    0.4052    0.2865    0.8682
   -0.5270    0.8492   -0.0343
   -0.7470   -0.4437    0.4951
...    14 A-T ...
  -15.9532  -18.1566   33.3080
   -0.1503    0.6873    0.7107
   -0.6106    0.5008   -0.6135
   -0.7776   -0.5261    0.3444
...    15 A-T ...
  -18.3648  -19.9899   34.4556
   -0.4713    0.8522    0.2270
   -0.3943    0.0265   -0.9186
   -0.7889   -0.5225    0.3235
...    16 T-A ...
  -20.7422  -21.6409   36.2263
   -0.6414    0.7104   -0.2896
   -0.0611   -0.4236   -0.9038
   -0.7648   -0.5620    0.3151
...    17 T-A ...
  -23.2525  -23.2819   37.5804
   -0.5789    0.3071   -0.7553
    0.3438   -0.7481   -0.5676
   -0.7394   -0.5883    0.3275
...    18 T-A ...
  -25.7520  -25.0298   38.6490
   -0.2568   -0.1310   -0.9575
    0.6040   -0.7952   -0.0532
   -0.7545   -0.5920    0.2834
...    19 A-T ...
  -28.1834  -27.1306   39.3624
    0.1964   -0.4597   -0.8661
    0.6303   -0.6174    0.4707
   -0.7511   -0.6383    0.1685
...    20 T-A ...
  -31.0072  -28.8517   39.4079
    0.4978   -0.7017   -0.5096
    0.4421   -0.3002    0.8452
   -0.7461   -0.6461    0.1608
...    21 T-A ...
  -33.5169  -30.9438   39.6131
    0.6698   -0.7410    0.0475
    0.0747    0.1308    0.9886
   -0.7388   -0.6586    0.1429
...    22 C-G ...
  -35.8548  -33.2034   40.0325
    0.6161   -0.5064    0.6033
   -0.3422    0.5178    0.7841
   -0.7094   -0.6895    0.1457
...    23 G-C ...
  -38.2533  -35.2976   41.1507
    0.4150   -0.0396    0.9090
   -0.6691    0.6637    0.3344
   -0.6165   -0.7470    0.2489
...    24 C-G ...
  -39.9649  -37.9841   41.9117
    0.0374    0.3538    0.9346
   -0.7885    0.5849   -0.1899
   -0.6138   -0.7299    0.3008
...    25 A-T ...
  -42.3569  -40.1647   42.6430
   -0.3946    0.6617    0.6376
   -0.6685    0.2694   -0.6932
   -0.6304   -0.6998    0.3361
...    26 A-T ...
  -44.3331  -42.4444   43.9407
   -0.7113    0.6900    0.1335
   -0.3240   -0.1534   -0.9335
   -0.6237   -0.7073    0.3327
...    27 A-T ...
  -46.2423  -44.6713   45.3621
   -0.7832    0.4555   -0.4233
    0.1615   -0.5084   -0.8459
   -0.6005   -0.7308    0.3245
...    28 G-C ...
  -48.4997  -46.7843   46.7015
   -0.5437    0.1548   -0.8249
    0.5431   -0.6844   -0.4864
   -0.6399   -0.7125    0.2880
...    29 G-C ...
  -50.9903  -48.9779   47.6159
   -0.0915   -0.1949   -0.9765
    0.7491   -0.6596    0.0615
   -0.6561   -0.7259    0.2064
...    30 C-G ...
  -53.4469  -51.1067   48.0201
    0.3705   -0.4746   -0.7984
    0.6684   -0.4607    0.5840
   -0.6450   -0.7500    0.1465
...    31 C-G ...
  -55.8260  -53.4469   48.3205
    0.7279   -0.5814   -0.3636
    0.3498   -0.1413    0.9261
   -0.5898   -0.8013    0.1006
...    32 G-C ...
  -57.4011  -56.0196   48.7965
    0.8689   -0.4760    0.1357
   -0.0811    0.1336    0.9877
   -0.4882   -0.8693    0.0775
...    33 G-C ...
  -58.5306  -59.1863   48.9009
    0.7168   -0.2650    0.6450
   -0.5602    0.3318    0.7590
   -0.4152   -0.9053    0.0894
...    34 C-G ...
  -59.4798  -62.3193   49.0408
    0.3152    0.0049    0.9490
   -0.8698    0.4015    0.2868
   -0.3796   -0.9158    0.1308
...    35 C-G ...
  -60.3467  -65.5261   49.7967
   -0.1958    0.2752    0.9412
   -0.9133    0.2984   -0.2772
   -0.3572   -0.9139    0.1930
...    36 C-G ...
  -61.3786  -68.5710   50.7233
   -0.6494    0.4336    0.6247
   -0.6732    0.0543   -0.7375
   -0.3537   -0.8995    0.2566
...    37 G-C ...
  -62.8955  -71.6337   50.7250
   -0.8898    0.4468    0.0926
   -0.2001   -0.1997   -0.9592
   -0.4101   -0.8720    0.2671
...    38 A-T ...
  -64.1008  -74.4155   51.6151
   -0.8384    0.2490   -0.4848
    0.3635   -0.4073   -0.8379
   -0.4061   -0.8787    0.2509
...    39 C-G ...
  -65.8395  -76.9358   52.6107
   -0.5149    0.0382   -0.8564
    0.7397   -0.4851   -0.4664
   -0.4332   -0.8736    0.2215
...    40 A-T ...
  -67.3997  -79.8186   53.2109
    0.0320   -0.1774   -0.9836
    0.8978   -0.4274    0.1062
   -0.4392   -0.8865    0.1456
...    41 C-G ...
  -69.1972  -82.5873   53.2384
    0.5014   -0.3271   -0.8010
    0.7557   -0.2853    0.5895
   -0.4214   -0.9009    0.1041
...    42 G-C ...
  -70.2304  -85.6661   53.9060
    0.8747   -0.3574   -0.3273
    0.3285   -0.0595    0.9426
   -0.3564   -0.9321    0.0654
...    43 A-T ...
  -71.4709  -88.5626   54.0819
    0.9085   -0.3127    0.2772
   -0.2311    0.1766    0.9568
   -0.3481   -0.9333    0.0882
...    44 C-G ...
  -72.3059  -91.7314   53.7208
    0.6770   -0.1142    0.7271
   -0.6770    0.2911    0.6760
   -0.2888   -0.9499    0.1198
...    45 T-A ...
  -72.6601  -95.2993   54.0027
    0.2001    0.1283    0.9713
   -0.9439    0.2912    0.1560
   -0.2628   -0.9480    0.1794
...    46 T-A ...
  -73.1783  -98.4260   54.5581
   -0.2858    0.2781    0.9171
   -0.9233    0.1762   -0.3412
   -0.2565   -0.9443    0.2064
...    47 A-T ...
  -74.0603 -101.4871   55.4336
   -0.7275    0.4166    0.5452
   -0.6161   -0.0470   -0.7863
   -0.3019   -0.9079    0.2909
...    48 C-G ...
  -74.8623 -104.2846   57.0641
   -0.9366    0.3476    0.0435
   -0.1489   -0.2828   -0.9476
   -0.3171   -0.8940    0.3166
...    49 T-A ...
  -76.0613 -107.0238   58.6054
   -0.8528    0.2078   -0.4791
    0.3446   -0.4655   -0.8152
   -0.3924   -0.8603    0.3254
...    50 G-C ...
  -77.4774 -109.9242   59.4710
   -0.4701   -0.0257   -0.8822
    0.7637   -0.5129   -0.3920
   -0.4424   -0.8580    0.2608
...    51 T-A ...
  -79.3676 -112.3924   60.2688
   -0.0069   -0.2687   -0.9632
    0.8956   -0.4301    0.1135
   -0.4448   -0.8619    0.2436
...    52 A-T ...
  -80.5645 -115.3619   61.1307
    0.5459   -0.4508   -0.7063
    0.7219   -0.1748    0.6695
   -0.4253   -0.8754    0.2300
...    53 G-C ...
  -82.1484 -118.1303   61.7387
    0.8662   -0.3965   -0.3040
    0.3632    0.0819    0.9281
   -0.3431   -0.9144    0.2149
...    54 G-C ...
  -83.3790 -121.5421   61.6577
    0.9561   -0.2039    0.2106
   -0.1512    0.2723    0.9503
   -0.2511   -0.9404    0.2295
...    55 T-A ...
  -83.8838 -124.7120   62.0492
    0.7601    0.0064    0.6498
   -0.6141    0.3342    0.7150
   -0.2126   -0.9425    0.2579
...    56 A-T ...
  -83.8991 -128.0989   62.7539
    0.3240    0.3153    0.8920
   -0.9378    0.2313    0.2589
   -0.1247   -0.9204    0.3706
...    57 T-A ...
  -83.5912 -131.1356   63.9114
   -0.1751    0.4210    0.8900
   -0.9783    0.0276   -0.2056
   -0.1111   -0.9066    0.4071
...    58 C-G ...
  -83.7675 -134.1222   65.5802
   -0.7334    0.3819    0.5624
   -0.6695   -0.2621   -0.6951
   -0.1181   -0.8863    0.4479
...    59 T-A ...
  -84.1829 -136.8481   67.3846
   -0.9681    0.2353    0.0865
   -0.1891   -0.4587   -0.8682
   -0.1646   -0.8569    0.4886
...    60 C-G ...
  -85.0192 -139.7055   68.7108
   -0.8935   -0.0791   -0.4420
    0.4057   -0.5641   -0.7192
   -0.1925   -0.8219    0.5361
...    61 G-C ...
  -85.3377 -142.7043   69.9971
   -0.5245   -0.3380   -0.7815
    0.8181   -0.4542   -0.3527
   -0.2357   -0.8243    0.5147
...    62 A-T ...
  -85.8086 -145.4224   71.7828
    0.0708   -0.5291   -0.8456
    0.9764   -0.1368    0.1673
   -0.2043   -0.8374    0.5070
...    63 G-C ...
  -86.5841 -148.2126   73.3413
    0.5827   -0.5015   -0.6395
    0.7964    0.1953    0.5724
   -0.1622   -0.8428    0.5132
...    64 C-G ...
  -87.4325 -151.2066   74.7485
    0.9417   -0.2547   -0.2199
    0.3181    0.4607    0.8286
   -0.1098   -0.8502    0.5148
...    65 T-A ...
  -87.8270 -154.2067   76.1510
    0.9793    0.0936    0.1792
   -0.2014    0.5321    0.8224
   -0.0184   -0.8415    0.5399
...    66 C-G ...
  -87.7060 -157.0232   77.9204
    0.7048    0.4406    0.5560
   -0.7068    0.3693    0.6034
    0.0605   -0.8182    0.5717
...    67 G-C ...
  -87.6219 -159.2723   80.2434
    0.2245    0.6637    0.7136
   -0.9638    0.0429    0.2633
    0.1441   -0.7468    0.6492
...    68 G-C ...
  -86.8148 -161.5364   82.5493
   -0.3388    0.6458    0.6842
   -0.9285   -0.3468   -0.1325
    0.1517   -0.6802    0.7171
...    69 G-C ...
  -86.2063 -163.3796   85.3046
   -0.7986    0.4214    0.4297
   -0.5899   -0.6899   -0.4196
    0.1196   -0.5886    0.7995
...    70 A-T ...
  -85.7000 -165.0770   88.1208
   -0.9910   -0.0817    0.1058
    0.0070   -0.8222   -0.5691
    0.1335   -0.5633    0.8154
...    71 T-A ...
  -85.4582 -166.4247   91.1404
   -0.8402   -0.5039   -0.2003
    0.5250   -0.6636   -0.5329
    0.1356   -0.5529    0.8221
...    72 C-G ...
  -85.2506 -168.1547   94.0255
   -0.3399   -0.8249   -0.4517
    0.9258   -0.2091   -0.3148
    0.1652   -0.5252    0.8348
...    73 C-G ...
  -84.8506 -169.8510   96.8245
    0.1825   -0.7681   -0.6137
    0.9650    0.2596   -0.0379
    0.1884   -0.5853    0.7886
...    74 G-C ...
  -83.7418 -171.5789   99.3763
    0.6613   -0.4354   -0.6108
    0.7004    0.6498    0.2952
    0.2683   -0.6231    0.7347
...    75 C-G ...
  -83.2063 -174.0013  101.7900
    0.9302    0.0341   -0.3655
    0.1903    0.8067    0.5595
    0.3140   -0.5900    0.7439
...    76 T-A ...
  -82.1414 -176.2577  104.0033
    0.8608    0.4936   -0.1244
   -0.2993    0.6884    0.6607
    0.4117   -0.5315    0.7402
...    77 C-G ...
  -80.4650 -177.8130  106.2743
    0.5102    0.8436    0.1673
   -0.7019    0.2960    0.6479
    0.4970   -0.4479    0.7432
...    78 A-T ...
  -78.0908 -179.3528  108.2956
    0.0147    0.9390    0.3435
   -0.7940   -0.1978    0.5748
    0.6077   -0.2812    0.7427
...    79 T-A ...
  -75.7938 -179.9087  110.4816
   -0.4136    0.7490    0.5175
   -0.6841   -0.6308    0.3662
    0.6007   -0.2026    0.7734
...    80 G-C ...
  -73.7570 -180.1610  113.1987
   -0.7849    0.2706    0.5574
   -0.2816   -0.9571    0.0681
    0.5519   -0.1035    0.8275
...    81 T-A ...
  -71.9157 -179.8328  116.0028
   -0.8089   -0.2833    0.5151
    0.1972   -0.9562   -0.2162
    0.5538   -0.0733    0.8294
...    82 T-A ...
  -70.1777 -179.8010  118.7232
   -0.5082   -0.7816    0.3617
    0.6335   -0.6238   -0.4578
    0.5835   -0.0036    0.8121
...    83 A-T ...
  -67.8181 -179.7845  121.2556
    0.0948   -0.9947    0.0405
    0.7812    0.0491   -0.6223
    0.6170    0.0906    0.7817
...    84 T-A ...
  -66.3644 -179.6205  124.1655
    0.4950   -0.8341   -0.2436
    0.6097    0.5331   -0.5865
    0.6191    0.1418    0.7724
...    85 A-T ...
  -64.2035 -178.8730  126.6518
    0.7473   -0.3454   -0.5677
    0.1676    0.9246   -0.3420
    0.6430    0.1604    0.7489
...    86 A-T ...
  -62.1403 -178.5020  129.0129
    0.6844    0.1836   -0.7056
   -0.2697    0.9629   -0.0111
    0.6774    0.1979    0.7085
...    87 C-G ...
  -59.5682 -178.4303  131.1487
    0.3920    0.6428   -0.6581
   -0.5919    0.7239    0.3544
    0.7042    0.2506    0.6643
...    88 G-C ...
  -57.4603 -176.9541  133.1177
   -0.1207    0.8129   -0.5697
   -0.6713    0.3559    0.6501
    0.7312    0.4609    0.5028
...    89 G-C ...
  -55.2378 -174.7399  134.1425
   -0.5492    0.8022   -0.2343
   -0.4419   -0.0408    0.8961
    0.7093    0.5957    0.3769
...    90 A-T ...
  -52.9044 -172.6412  135.1095
   -0.7297    0.6089    0.3111
   -0.0157   -0.4698    0.8826
    0.6836    0.6391    0.3524
...    91 T-A ...
  -50.8814 -170.0484  135.6644
   -0.6390    0.2988    0.7088
    0.3602   -0.6980    0.6189
    0.6797    0.6508    0.3384
...    92 T-A ...
  -48.8820 -167.5931  136.4854
   -0.2583   -0.1216    0.9584
    0.6673   -0.7398    0.0859
    0.6985    0.6618    0.2722
...    93 T-A ...
  -46.9080 -165.0986  137.2860
    0.2271   -0.4711    0.8524
    0.6807   -0.5491   -0.4848
    0.6965    0.6903    0.1959
...    94 A-T ...
  -44.3335 -163.0130  137.0362
    0.6881   -0.6022    0.4049
    0.3627   -0.1979   -0.9107
    0.6285    0.7734    0.0823
...    95 A-T ...
  -42.4074 -160.4805  137.4102
    0.7820   -0.6004   -0.1675
   -0.1092    0.1327   -0.9851
    0.6137    0.7886    0.0382
...    96 C-G ...
  -40.1937 -158.0558  138.0700
    0.5923   -0.4651   -0.6579
   -0.5151    0.4092   -0.7531
    0.6195    0.7850    0.0028
...    97 A-T ...
  -38.0536 -155.5323  138.0423
    0.1370   -0.2589   -0.9561
   -0.7538    0.5989   -0.2702
    0.6426    0.7578   -0.1131
...    98 C-G ...
  -35.4841 -153.5130  137.4235
   -0.2956    0.0351   -0.9547
   -0.7140    0.6558    0.2452
    0.6346    0.7541   -0.1688
...    99 T-A ...
  -33.0178 -151.2092  136.2634
   -0.7012    0.3150   -0.6396
   -0.4179    0.5452    0.7267
    0.5776    0.7769   -0.2506
...   100 T-A ...
  -31.1451 -148.8487  135.0505
   -0.8206    0.5595   -0.1166
    0.0584    0.2849    0.9568
    0.5686    0.7783   -0.2664
...   101 T-A ...
  -29.4220 -146.3561  133.9251
   -0.6590    0.6125    0.4365
    0.5116   -0.0603    0.8571
    0.5513    0.7881   -0.2737
...   102 A-T ...
  -27.5540 -143.6757  133.1218
   -0.2416    0.4446    0.8626
    0.8139   -0.3912    0.4296
    0.5284    0.8058   -0.2673
...   103 T-A ...
  -26.5254 -140.7573  132.0313
    0.1587    0.1977    0.9673
    0.8421   -0.5385   -0.0281
    0.5154    0.8191   -0.2519
...   104 G-C ...
  -24.9513 -137.8990  131.4387
    0.5895   -0.2405    0.7712
    0.5933   -0.5190   -0.6153
    0.5482    0.8202   -0.1633
...   105 C-G ...
  -23.1606 -135.1428  131.3112
    0.7993   -0.5116    0.3153
    0.1653   -0.3173   -0.9338
    0.5778    0.7985   -0.1690
...   106 T-A ...
  -21.1000 -132.4022  131.1848
    0.7376   -0.6248   -0.2561
   -0.3012    0.0351   -0.9529
    0.6044    0.7800   -0.1623
...   107 T-A ...
  -19.0608 -129.9621  130.8338
    0.4225   -0.5406   -0.7275
   -0.6566    0.3707   -0.6568
    0.6248    0.7552   -0.1984
...   108 C-G ...
  -16.7952 -127.6744  130.1461
   -0.0625   -0.2992   -0.9521
   -0.7746    0.6162   -0.1428
    0.6294    0.7286   -0.2703
...   109 C-G ...
  -14.5942 -125.3935  129.3044
   -0.5284   -0.0491   -0.8476
   -0.6345    0.6862    0.3558
    0.5641    0.7258   -0.3937
...   110 G-C ...
  -13.1822 -123.0358  127.9828
   -0.8401    0.1957   -0.5059
   -0.2715    0.6557    0.7045
    0.4696    0.7292   -0.4977
...   111 G-C ...
  -12.1012 -120.6674  125.8514
   -0.8875    0.4607   -0.0106
    0.2446    0.4905    0.8364
    0.3906    0.7397   -0.5480
...   112 C-G ...
  -11.3653 -118.2961  123.5784
   -0.6295    0.6237    0.4633
    0.6945    0.1843    0.6955
    0.3484    0.7596   -0.5492
...   113 T-A ...
  -10.4899 -115.8252  121.5758
   -0.1921    0.6055    0.7723
    0.9294   -0.1404    0.3413
    0.3151    0.7834   -0.5358
...   114 C-G ...
   -9.3748 -113.1769  119.9913
    0.3688    0.3961    0.8409
    0.8832   -0.4314   -0.1841
    0.2899    0.8106   -0.5089
...   115 G-C ...
   -8.0400 -110.7657  118.1688
    0.7914    0.0339    0.6103
    0.5165   -0.5711   -0.6381
    0.3269    0.8202   -0.4695
...   116 T-A ...
   -6.9202 -107.8583  117.1661
    0.9318   -0.2983    0.2068
    0.0315   -0.5011   -0.8648
    0.3616    0.8124   -0.4575
...   117 A-T ...
   -5.4745 -104.9506  116.1018
    0.7596   -0.5844   -0.2856
   -0.4922   -0.2293   -0.8398
    0.4252    0.7784   -0.4618
...   118 T-A ...
   -3.6612 -102.4371  115.1699
    0.4234   -0.6157   -0.6646
   -0.8052    0.0805   -0.5875
    0.4152    0.7839   -0.4617
...   119 A-T ...
   -2.4319  -99.8500  113.4799
   -0.1300   -0.5145   -0.8476
   -0.8939    0.4308   -0.1244
    0.4291    0.7414   -0.5159
...   120 A-T ...
   -0.8033  -97.6937  111.7000
   -0.6173   -0.2196   -0.7554
   -0.6706    0.6489    0.3594
    0.4113    0.7285   -0.5479
...   121 T-A ...
    0.8478  -95.7941  109.5176
   -0.8749    0.1364   -0.4647
   -0.2621    0.6735    0.6912
    0.4072    0.7265   -0.5535
...   122 G-C ...
    2.0909  -93.4470  107.3093
   -0.9053    0.4204    0.0610
    0.2843    0.4929    0.8223
    0.3156    0.7618   -0.5657
...   123 T-A ...
    2.7602  -91.1416  105.1041
   -0.6605    0.5902    0.4640
    0.6905    0.2349    0.6841
    0.2948    0.7723   -0.5627
...   124 G-C ...
    3.5183  -88.5055  103.2205
   -0.1895    0.5536    0.8110
    0.9507   -0.1032    0.2926
    0.2457    0.8264   -0.5067
...   125 T-A ...
    3.7784  -85.8028  101.5001
    0.3086    0.3857    0.8695
    0.9185   -0.3584   -0.1670
    0.2472    0.8502   -0.4649
...   126 C-G ...
    4.5432  -83.0557  100.1568
    0.7830    0.1114    0.6120
    0.5768   -0.4984   -0.6473
    0.2329    0.8598   -0.4544
...   127 G-C ...
    5.6915  -80.5401   98.3961
    0.9224   -0.2757    0.2706
    0.1260   -0.4474   -0.8854
    0.3651    0.8508   -0.3780
...   128 A-T ...
    6.7707  -77.8095   97.2386
    0.8234   -0.4875   -0.2904
   -0.4362   -0.2165   -0.8734
    0.3629    0.8458   -0.3910
...   129 C-G ...
    8.4269  -75.0273   96.5895
    0.4593   -0.5627   -0.6873
   -0.7981    0.0782   -0.5974
    0.3899    0.8229   -0.4132
...   130 C-G ...
   10.3209  -72.5877   95.1291
   -0.0565   -0.5241   -0.8498
   -0.9044    0.3874   -0.1788
    0.4229    0.7584   -0.4959
...   131 A-T ...
   11.1103  -69.8553   93.3919
   -0.5856   -0.2895   -0.7572
   -0.7169    0.6209    0.3170
    0.3784    0.7284   -0.5711
...   132 A-T ...
   12.4115  -67.6435   91.3414
   -0.8863    0.1097   -0.4499
   -0.2643    0.6780    0.6860
    0.3803    0.7269   -0.5719
...   133 A-T ...
   13.7012  -65.5431   89.1703
   -0.8579    0.5136    0.0142
    0.2946    0.4690    0.8326
    0.4209    0.7185   -0.5536
...   134 T-A ...
   14.7283  -63.4122   86.8245
   -0.5924    0.6746    0.4405
    0.6886    0.1400    0.7115
    0.4183    0.7248   -0.5474
...   135 G-C ...
   15.7211  -61.4787   83.9378
    0.0342    0.7399    0.6718
    0.8637   -0.3601    0.3526
    0.5028    0.5682   -0.6514
...   136 T-A ...
   15.7739  -59.5464   80.8036
    0.5516    0.4996    0.6680
    0.6739   -0.7388   -0.0038
    0.4916    0.4523   -0.7442
...   137 G-C ...
   16.8280  -57.7075   78.2738
    0.8528   -0.0847    0.5152
    0.1508   -0.9047   -0.3984
    0.4999    0.4175   -0.7588
...   138 A-T ...
   18.4176  -55.5141   76.5363
    0.8547   -0.5007    0.1370
   -0.3189   -0.7148   -0.6224
    0.4096    0.4883   -0.7706
...   139 G-C ...
   20.4152  -54.2944   74.5497
    0.5847   -0.7389   -0.3350
   -0.7594   -0.3532   -0.5465
    0.2854    0.5739   -0.7676
...   140 C-G ...
   21.4163  -51.8107   72.7950
    0.1305   -0.7142   -0.6876
   -0.8897    0.2217   -0.3991
    0.4375    0.6639   -0.6065
...   141 G-C ...
   22.1406  -50.1330   67.4725
   -0.4682   -0.8748    0.1248
   -0.8495    0.4067   -0.3362
    0.2434   -0.2634   -0.9335
...   142 C-G ...
   22.3377  -51.2251   64.5019
   -0.8529   -0.5117   -0.1032
   -0.4974    0.8566   -0.1372
    0.1587   -0.0657   -0.9851
...   143 T-A ...
   24.0059  -51.6201   61.9333
   -0.9563    0.0399   -0.2897
    0.0522    0.9980   -0.0348
    0.2877   -0.0484   -0.9565
...   144 C-G ...
   24.8857  -52.7206   58.9948
   -0.7530    0.5560   -0.3520
    0.5213    0.8304    0.1966
    0.4016   -0.0355   -0.9151
...   145 A-T ...
   25.5174  -52.9609   55.8127
   -0.2441    0.9563   -0.1609
    0.8907    0.2867    0.3528
    0.3835   -0.0571   -0.9218
...   146 C-G ...
   25.2677  -52.4924   52.0871
    0.3203    0.9428   -0.0928
    0.8825   -0.2613    0.3910
    0.3444   -0.2071   -0.9157
...   147 A-T ...
   25.6133  -52.5732   48.6479
    0.8597    0.5097    0.0339
    0.4498   -0.7866    0.4230
    0.2423   -0.3484   -0.9055
