  147 base-pairs
...     1 T-A ...
    0.0000    0.0000    0.0000
    1.0000    0.0000    0.0000
    0.0000    1.0000    0.0000
    0.0000    0.0000    1.0000
...     2 G-C ...
   -0.5555   -1.1003    3.3981
    0.7749    0.6051    0.1828
   -0.5991    0.7953   -0.0929
   -0.2016   -0.0375    0.9787
...     3 T-A ...
   -0.6619   -3.0237    6.5348
    0.3046    0.9250    0.2271
   -0.8994    0.3578   -0.2510
   -0.3134   -0.1278    0.9410
...     4 G-C ...
   -1.1607   -3.8418    9.6940
   -0.3351    0.9421    0.0133
   -0.8752   -0.3061   -0.3746
   -0.3489   -0.1372    0.9271
...     5 A-T ...
   -1.3881   -3.6770   12.8999
   -0.7835    0.6162   -0.0801
   -0.5677   -0.7622   -0.3109
   -0.2527   -0.1981    0.9470
...     6 G-C ...
   -2.6236   -3.5448   15.7072
   -0.9923    0.0611   -0.1075
   -0.0294   -0.9610   -0.2748
   -0.1201   -0.2695    0.9555
...     7 C-G ...
   -2.3138   -3.7570   18.8866
   -0.8620   -0.4995   -0.0864
    0.5008   -0.8655    0.0073
   -0.0785   -0.0370    0.9962
...     8 G-C ...
   -3.9561   -6.8109   23.3205
   -0.2581   -0.3560   -0.8981
    0.6294   -0.7673    0.1233
   -0.7330   -0.5335    0.4221
...     9 C-G ...
   -6.1177   -8.9414   24.2385
    0.1143   -0.7320   -0.6716
    0.8123   -0.3203    0.4874
   -0.5720   -0.6013    0.5580
...    10 T-A ...
   -8.5041   -9.6771   26.0540
    0.4660   -0.8587   -0.2131
    0.6274    0.1508    0.7640
   -0.6239   -0.4897    0.6090
...    11 C-G ...
  -11.0625  -11.3174   27.2336
    0.6660   -0.6911    0.2808
    0.3382    0.6152    0.7121
   -0.6649   -0.3794    0.6435
...    12 A-T ...
  -13.0013  -13.1789   29.0658
    0.7188   -0.1490    0.6790
   -0.1787    0.9043    0.3876
   -0.6718   -0.4000    0.6235
...    13 C-G ...
  -14.1788  -15.9359   31.3399
    0.4052    0.2865    0.8682
   -0.5270    0.8492   -0.0343
   -0.7470   -0.4437    0.4951
...    14 A-T ...
  -15.9532  -18.1566   33.3080
   -0.1503    0.6873    0.7107
   -0.6106    0.5008   -0.6135
   -0.7776   -0.5261    0.3444
...    15 A-T ...
  -18.3570  -20.0118   34.4358
   -0.4784    0.8487    0.2255
   -0.3854    0.0278   -0.9223
   -0.7890   -0.5281    0.3138
...    16 T-A ...
  -20.7423  -21.6933   36.1692
   -0.6429    0.7067   -0.2954
   -0.0454   -0.4201   -0.9063
   -0.7646   -0.5693    0.3022
...    17 T-A ...
  -23.2610  -23.3695   37.4685
   -0.5674    0.3064   -0.7643
    0.3612   -0.7415   -0.5654
   -0.7400   -0.5969    0.3101
...    18 T-A ...
  -25.7578  -25.1709   38.4485
   -0.2274   -0.1206   -0.9663
    0.6111   -0.7902   -0.0452
   -0.7582   -0.6008    0.2534
...    19 A-T ...
  -28.1951  -27.2976   39.0314
    0.2339   -0.4361   -0.8690
    0.6177   -0.6236    0.4792
   -0.7508   -0.6488    0.1236
...    20 T-A ...
  -30.9923  -29.0516   38.9055
    0.5294   -0.6805   -0.5066
    0.4086   -0.3188    0.8552
   -0.7435   -0.6597    0.1092
...    21 T-A ...
  -33.4696  -31.1906   38.9372
    0.6768   -0.7336    0.0610
    0.0220    0.1030    0.9944
   -0.7358   -0.6717    0.0859
...    22 C-G ...
  -35.7818  -33.5060   39.1745
    0.5868   -0.5160    0.6240
   -0.3945    0.4909    0.7768
   -0.7072   -0.7020    0.0845
...    23 G-C ...
  -38.1859  -35.6802   40.1155
    0.3554   -0.0645    0.9325
   -0.7011    0.6414    0.3116
   -0.6182   -0.7645    0.1827
...    24 C-G ...
  -39.8976  -38.4221   40.6731
   -0.0332    0.3216    0.9463
   -0.7847    0.5780   -0.2240
   -0.6190   -0.7500    0.2332
...    25 A-T ...
  -42.3315  -40.6621   41.0909
   -0.4658    0.6271    0.6243
   -0.6141    0.2790   -0.7383
   -0.6372   -0.7273    0.2552
...    26 A-T ...
  -44.3449  -43.0501   42.1135
   -0.7430    0.6630    0.0912
   -0.2315   -0.1267   -0.9646
   -0.6280   -0.7378    0.2476
...    27 A-T ...
  -46.3021  -45.3994   43.2525
   -0.7544    0.4454   -0.4822
    0.2620   -0.4693   -0.8433
   -0.6019   -0.7625    0.2373
...    28 G-C ...
  -48.6021  -47.6448   44.2767
   -0.4618    0.1677   -0.8710
    0.6164   -0.6455   -0.4511
   -0.6379   -0.7451    0.1947
...    29 G-C ...
  -51.0922  -49.9635   44.8383
    0.0228   -0.1586   -0.9871
    0.7640   -0.6340    0.1195
   -0.6448   -0.7569    0.1067
...    30 C-G ...
  -53.4925  -52.1998   44.8702
    0.4778   -0.4279   -0.7672
    0.6158   -0.4598    0.6399
   -0.6265   -0.7782    0.0438
...    31 C-G ...
  -55.7711  -54.6540   44.7884
    0.7891   -0.5392   -0.2944
    0.2414   -0.1686    0.9557
   -0.5649   -0.8252   -0.0029
...    32 G-C ...
  -57.2746  -57.3186   44.9722
    0.8634   -0.4502    0.2279
   -0.2117    0.0868    0.9735
   -0.4580   -0.8887   -0.0203
...    33 G-C ...
  -58.2829  -60.5279   44.8148
    0.6354   -0.2685    0.7240
   -0.6687    0.2775    0.6898
   -0.3861   -0.9224   -0.0032
...    34 C-G ...
  -59.1239  -63.6977   44.7111
    0.1797   -0.0274    0.9833
   -0.9172    0.3568    0.1775
   -0.3557   -0.9338    0.0389
...    35 C-G ...
  -59.9798  -66.9609   45.2030
   -0.3452    0.2200    0.9124
   -0.8748    0.2767   -0.3978
   -0.3399   -0.9354    0.0970
...    36 C-G ...
  -61.0086  -70.0955   45.8209
   -0.7597    0.3746    0.5316
   -0.5512    0.0630   -0.8320
   -0.3451   -0.9250    0.1586
...    37 G-C ...
  -62.3650  -73.2420   45.3788
   -0.9165    0.3980   -0.0404
   -0.0257   -0.1593   -0.9869
   -0.3992   -0.9034    0.1563
...    38 A-T ...
  -63.5422  -76.1272   45.9306
   -0.7567    0.2308   -0.6117
    0.5239   -0.3455   -0.7785
   -0.3910   -0.9096    0.1405
...    39 C-G ...
  -65.2748  -78.7828   46.4982
   -0.3593    0.0538   -0.9317
    0.8374   -0.4220   -0.3473
   -0.4119   -0.9050    0.1066
...    40 A-T ...
  -66.7340  -81.7848   46.6932
    0.2202   -0.1304   -0.9667
    0.8889   -0.3813    0.2539
   -0.4017   -0.9152    0.0320
...    41 C-G ...
  -68.3268  -84.6509   46.2957
    0.6616   -0.2610   -0.7030
    0.6500   -0.2679    0.7112
   -0.3740   -0.9274   -0.0076
...    42 G-C ...
  -69.2631  -87.8188   46.6551
    0.9434   -0.2890   -0.1627
    0.1450   -0.0819    0.9860
   -0.2983   -0.9538   -0.0353
...    43 A-T ...
  -70.3133  -90.7967   46.4908
    0.8562   -0.2687    0.4414
   -0.4253    0.1186    0.8972
   -0.2934   -0.9559   -0.0127
...    44 C-G ...
  -70.8584  -93.9878   45.8625
    0.5246   -0.1029    0.8451
   -0.8173    0.2168    0.5338
   -0.2382   -0.9708    0.0296
...    45 T-A ...
  -71.0183  -97.5797   45.9485
   -0.0153    0.1004    0.9948
   -0.9751    0.2188   -0.0371
   -0.2213   -0.9706    0.0946
...    46 T-A ...
  -71.4299 -100.7514   46.2943
   -0.4994    0.2172    0.8387
   -0.8380    0.1246   -0.5312
   -0.2199   -0.9681    0.1198
...    47 A-T ...
  -72.3161 -103.9231   46.7329
   -0.8811    0.3097    0.3574
   -0.3932   -0.0600   -0.9175
   -0.2627   -0.9489    0.1746
...    48 C-G ...
  -73.2006 -106.8882   48.0150
   -0.9519    0.2425   -0.1872
    0.1286   -0.2384   -0.9626
   -0.2780   -0.9404    0.1958
...    49 T-A ...
  -74.4250 -109.8466   49.0771
   -0.7194    0.1392   -0.6804
    0.5996   -0.3698   -0.7097
   -0.3505   -0.9186    0.1826
...    50 G-C ...
  -75.6075 -112.9497   49.4448
   -0.2153   -0.0299   -0.9761
    0.9027   -0.3874   -0.1873
   -0.3726   -0.9214    0.1105
...    51 T-A ...
  -77.2819 -115.6876   49.6419
    0.2865   -0.2086   -0.9351
    0.8852   -0.3156    0.3416
   -0.3664   -0.9257    0.0943
...    52 A-T ...
  -78.2502 -118.8423   50.0378
    0.7761   -0.3178   -0.5446
    0.5376   -0.1179    0.8349
   -0.3295   -0.9408    0.0793
...    53 G-C ...
  -79.5092 -121.8415   50.1370
    0.9694   -0.2368   -0.0654
    0.0838    0.0684    0.9941
   -0.2309   -0.9692    0.0861
...    54 G-C ...
  -80.0761 -125.3849   49.6460
    0.8840   -0.0609    0.4636
   -0.4480    0.1731    0.8771
   -0.1337   -0.9830    0.1257
...    55 T-A ...
  -80.0892 -128.6113   49.7960
    0.5416    0.0871    0.8361
   -0.8350    0.1711    0.5230
   -0.0975   -0.9814    0.1653
...    56 A-T ...
  -79.6729 -131.9913   50.4017
    0.0027    0.3002    0.9539
   -0.9991    0.0411   -0.0101
   -0.0422   -0.9530    0.3000
...    57 T-A ...
  -79.1102 -135.0066   51.5227
   -0.4944    0.3112    0.8116
   -0.8684   -0.1370   -0.4765
   -0.0371   -0.9404    0.3380
...    58 C-G ...
  -79.1486 -138.1021   52.9904
   -0.9241    0.1870    0.3332
   -0.3785   -0.3279   -0.8656
   -0.0526   -0.9260    0.3738
...    59 T-A ...
  -79.4847 -141.0064   54.5397
   -0.9799    0.0230   -0.1982
    0.1713   -0.4125   -0.8947
   -0.1023   -0.9107    0.4002
...    60 C-G ...
  -79.9511 -144.0970   55.5173
   -0.6822   -0.2398   -0.6907
    0.7193   -0.3897   -0.5752
   -0.1312   -0.8892    0.4383
...    61 G-C ...
  -79.8087 -147.1880   56.6241
   -0.1685   -0.3926   -0.9041
    0.9758   -0.1962   -0.0967
   -0.1394   -0.8985    0.4161
...    62 A-T ...
  -79.9381 -150.0327   58.2410
    0.4530   -0.4095   -0.7919
    0.8875    0.1225    0.4443
   -0.0849   -0.9040    0.4189
...    63 G-C ...
  -80.2584 -153.0645   59.4778
    0.8585   -0.2484   -0.4486
    0.5117    0.3600    0.7801
   -0.0323   -0.8993    0.4362
...    64 C-G ...
  -80.5162 -156.2978   60.5295
    0.9970    0.0579    0.0519
   -0.0725    0.4510    0.8896
    0.0281   -0.8907    0.4538
...    65 T-A ...
  -80.3080 -159.4195   61.7043
    0.8151    0.3774    0.4395
   -0.5664    0.3600    0.7414
    0.1216   -0.8532    0.5072
...    66 C-G ...
  -79.6958 -162.1499   63.4639
    0.3566    0.5886    0.7255
   -0.9125    0.0526    0.4058
    0.2007   -0.8067    0.5559
...    67 G-C ...
  -79.3964 -164.4367   65.7666
   -0.1998    0.6196    0.7591
   -0.9472   -0.3205    0.0123
    0.2509   -0.7165    0.6509
...    68 G-C ...
  -78.3623 -166.4662   68.2211
   -0.6979    0.4016    0.5930
   -0.6760   -0.6427   -0.3604
    0.2365   -0.6524    0.7200
...    69 G-C ...
  -77.7594 -168.2440   71.0250
   -0.9711    0.0399    0.2353
   -0.1690   -0.8111   -0.5600
    0.1685   -0.5836    0.7944
...    70 A-T ...
  -77.2038 -169.9105   73.8755
   -0.8682   -0.4806   -0.1236
    0.4590   -0.6828   -0.5684
    0.1888   -0.5502    0.8134
...    71 T-A ...
  -77.0131 -171.3763   76.8498
   -0.4925   -0.7781   -0.3898
    0.8481   -0.3287   -0.4155
    0.1952   -0.5353    0.8218
...    72 C-G ...
  -76.6353 -173.1497   79.7016
    0.1435   -0.8393   -0.5244
    0.9649    0.2364   -0.1142
    0.2198   -0.4897    0.8438
...    73 C-G ...
  -76.0656 -174.6696   82.5768
    0.6046   -0.5415   -0.5842
    0.7387    0.6555    0.1569
    0.2980   -0.5264    0.7963
...    74 G-C ...
  -74.7222 -176.0091   85.2550
    0.8651   -0.0313   -0.5006
    0.2818    0.8560    0.4334
    0.4149   -0.5160    0.7494
...    75 C-G ...
  -73.5139 -178.1992   87.6454
    0.8520    0.4814   -0.2059
   -0.2738    0.7448    0.6085
    0.4462   -0.4620    0.7664
...    76 T-A ...
  -71.8056 -180.0398   89.9734
    0.5164    0.8517    0.0891
   -0.6959    0.3568    0.6232
    0.4990   -0.3838    0.7770
...    77 T-A ...
  -69.8415 -181.1637   92.2777
    0.0143    0.9314    0.3636
   -0.8599   -0.1741    0.4798
    0.5102   -0.3196    0.7985
...    78 T-A ...
  -68.1538 -181.9853   94.8661
   -0.5024    0.7166    0.4838
   -0.7115   -0.6606    0.2395
    0.4913   -0.2239    0.8418
...    79 A-T ...
  -66.8739 -182.5986   97.8991
   -0.8665    0.2342    0.4408
   -0.2642   -0.9645   -0.0069
    0.4235   -0.1224    0.8976
...    80 A-T ...
  -65.5713 -182.6930  100.8115
   -0.8580   -0.3555    0.3708
    0.2918   -0.9314   -0.2178
    0.4228   -0.0786    0.9028
...    81 C-G ...
  -64.5453 -182.4316  104.0330
   -0.5278   -0.8144    0.2411
    0.7282   -0.5800   -0.3651
    0.4372   -0.0172    0.8992
...    82 A-T ...
  -63.3616 -182.4254  107.1691
    0.0549   -0.9983    0.0195
    0.9028    0.0412   -0.4280
    0.4265    0.0411    0.9036
...    83 T-A ...
  -62.5507 -182.4190  110.3197
    0.5160   -0.8384   -0.1756
    0.7437    0.5402   -0.3939
    0.4250    0.0727    0.9022
...    84 C-G ...
  -61.3228 -182.0175  113.3512
    0.8472   -0.3245   -0.4207
    0.2315    0.9381   -0.2575
    0.4782    0.1208    0.8699
...    85 A-T ...
  -60.0024 -181.1198  116.3428
    0.7588    0.2427   -0.6044
   -0.3094    0.9509   -0.0067
    0.5731    0.1921    0.7967
...    86 T-A ...
  -57.8711 -180.8393  118.7396
    0.4612    0.6495   -0.6045
   -0.6323    0.7186    0.2897
    0.6226    0.2486    0.7420
...    87 G-C ...
  -55.3919 -179.7737  121.0217
   -0.0863    0.8641   -0.4959
   -0.7569    0.2668    0.5966
    0.6478    0.4269    0.6310
...    88 T-A ...
  -52.8228 -178.2644  122.4288
   -0.4913    0.8506   -0.1874
   -0.5922   -0.1685    0.7880
    0.6387    0.4981    0.5865
...    89 T-A ...
  -50.8535 -176.4419  124.0382
   -0.7749    0.6023    0.1917
   -0.2245   -0.5457    0.8074
    0.5909    0.5826    0.5580
...    90 A-T ...
  -49.0895 -174.4025  125.9909
   -0.8038    0.1485    0.5760
    0.2883   -0.7498    0.5956
    0.5203    0.6448    0.5599
...    91 T-A ...
  -47.7858 -171.7730  127.3953
   -0.5339   -0.2176    0.8171
    0.6629   -0.7076    0.2447
    0.5249    0.6723    0.5220
...    92 A-T ...
  -45.7115 -169.5498  129.0274
    0.0852   -0.5569    0.8262
    0.8502   -0.3918   -0.3518
    0.5196    0.7324    0.4401
...    93 A-T ...
  -44.2195 -167.0399  130.4277
    0.5990   -0.6253    0.5002
    0.6193   -0.0342   -0.7844
    0.5076    0.7796    0.3668
...    94 C-G ...
  -42.9356 -164.3536  132.1929
    0.8565   -0.5162   -0.0019
    0.1675    0.2814   -0.9448
    0.4883    0.8089    0.3275
...    95 G-C ...
  -41.2556 -161.6618  132.8642
    0.7344   -0.3860   -0.5582
   -0.3536    0.4845   -0.8002
    0.5793    0.7850    0.2193
...    96 G-C ...
  -39.1626 -159.2526  133.6022
    0.3832   -0.1791   -0.9061
   -0.6722    0.6187   -0.4066
    0.6334    0.7649    0.1167
...    97 A-T ...
  -36.9655 -156.9033  133.7727
   -0.1216    0.1295   -0.9841
   -0.7552    0.6313    0.1764
    0.6441    0.7646    0.0210
...    98 C-G ...
  -34.3810 -154.9224  133.5250
   -0.5456    0.3535   -0.7598
   -0.5723    0.5052    0.6459
    0.6123    0.7873   -0.0734
...    99 T-A ...
  -32.1852 -152.2867  132.5237
   -0.8234    0.4948   -0.2778
   -0.1642    0.2608    0.9513
    0.5432    0.8289   -0.1335
...   100 T-A ...
  -30.5311 -149.6288  131.6518
   -0.7732    0.5569    0.3035
    0.3367   -0.0451    0.9405
    0.5374    0.8294   -0.1527
...   101 T-A ...
  -28.9798 -146.9012  130.8706
   -0.4554    0.4462    0.7704
    0.7137   -0.3343    0.6155
    0.5321    0.8302   -0.1662
...   102 A-T ...
  -27.1102 -144.1478  130.3869
    0.0485    0.1643    0.9852
    0.8525   -0.5208    0.0449
    0.5205    0.8377   -0.1653
...   103 T-A ...
  -26.0958 -141.0547  129.9205
    0.4327   -0.1027    0.8957
    0.7391   -0.5285   -0.4176
    0.5162    0.8427   -0.1528
...   104 G-C ...
  -24.4334 -138.1948  129.7102
    0.7434   -0.4738    0.4721
    0.3461   -0.3316   -0.8777
    0.5724    0.8158   -0.0826
...   105 C-G ...
  -22.4311 -135.6211  129.8406
    0.7870   -0.6132   -0.0681
   -0.1216   -0.0459   -0.9915
    0.6048    0.7886   -0.1106
...   106 T-A ...
  -20.1891 -133.0450  129.8640
    0.5658   -0.5692   -0.5966
   -0.5280    0.3056   -0.7923
    0.6333    0.7633   -0.1276
...   107 T-A ...
  -18.0249 -130.7195  129.5607
    0.1532   -0.3623   -0.9194
   -0.7481    0.5654   -0.3475
    0.6457    0.7410   -0.1844
...   108 C-G ...
  -15.7393 -128.5212  128.7814
   -0.3320   -0.0701   -0.9407
   -0.7022    0.6842    0.1968
    0.6299    0.7259   -0.2763
...   109 C-G ...
  -13.5354 -126.3053  127.8038
   -0.7177    0.1723   -0.6747
   -0.4410    0.6373    0.6319
    0.5389    0.7511   -0.3815
...   110 G-C ...
  -12.2384 -123.8678  126.5682
   -0.9050    0.3541   -0.2359
   -0.0189    0.5203    0.8538
    0.4250    0.7771   -0.4642
...   111 G-C ...
  -11.4651 -121.2142  124.6339
   -0.8053    0.5207    0.2833
    0.4861    0.3065    0.8184
    0.3393    0.7968   -0.5000
...   112 C-G ...
  -10.9864 -118.5421  122.6427
   -0.4344    0.5769    0.6918
    0.8485    0.0043    0.5292
    0.3023    0.8168   -0.4913
...   113 T-A ...
  -10.3083 -115.8534  120.8715
    0.0494    0.4806    0.8756
    0.9590   -0.2678    0.0929
    0.2791    0.8351   -0.4741
...   114 C-G ...
   -9.2858 -113.0831  119.4521
    0.5765    0.2240    0.7858
    0.7711   -0.4673   -0.4325
    0.2703    0.8553   -0.4421
...   115 G-C ...
   -8.0982 -110.5412  117.7242
    0.8935   -0.1256    0.4310
    0.3144   -0.5102   -0.8005
    0.3205    0.8508   -0.4164
...   116 T-A ...
   -6.8845 -107.6627  116.8583
    0.9157   -0.4014   -0.0204
   -0.1830   -0.3711   -0.9104
    0.3579    0.8374   -0.4132
...   117 A-T ...
   -5.3021 -104.7649  115.9553
    0.6323   -0.6067   -0.4817
   -0.6469   -0.0714   -0.7592
    0.4262    0.7917   -0.4376
...   118 T-A ...
   -3.4001 -102.3430  115.0138
    0.2458   -0.5632   -0.7889
   -0.8744    0.2225   -0.4313
    0.4184    0.7958   -0.4378
...   119 A-T ...
   -2.1239  -99.7765  113.4054
   -0.2911   -0.4352   -0.8520
   -0.8586    0.5116    0.0320
    0.4220    0.7408   -0.5226
...   120 A-T ...
   -0.5602  -97.6564  111.5348
   -0.7268   -0.1176   -0.6767
   -0.5590    0.6737    0.4834
    0.3991    0.7296   -0.5554
...   121 T-A ...
    0.9626  -95.7651  109.2548
   -0.9116    0.2308   -0.3403
   -0.1180    0.6461    0.7541
    0.3939    0.7276   -0.5617
...   122 G-C ...
    2.0906  -93.4302  106.9810
   -0.8609    0.4738    0.1852
    0.4085    0.4270    0.8067
    0.3032    0.7702   -0.5612
...   123 T-A ...
    2.6663  -91.0668  104.8275
   -0.5722    0.6023    0.5566
    0.7701    0.1610    0.6173
    0.2822    0.7819   -0.5559
...   124 G-C ...
    3.3482  -88.3955  102.9961
   -0.0886    0.5213    0.8487
    0.9664   -0.1613    0.2000
    0.2412    0.8380   -0.4895
...   125 T-A ...
    3.5796  -85.6339  101.3698
    0.3956    0.3312    0.8566
    0.8845   -0.3887   -0.2581
    0.2475    0.8598   -0.4467
...   126 C-G ...
    4.3537  -82.8691  100.0945
    0.8303    0.0529    0.5548
    0.5057   -0.4901   -0.7100
    0.2344    0.8700   -0.4337
...   127 G-C ...
    5.4692  -80.3248   98.4067
    0.9241   -0.3193    0.2101
    0.0627   -0.4155   -0.9074
    0.3770    0.8517   -0.3639
...   128 A-T ...
    6.5853  -77.5991   97.3030
    0.7915   -0.5044   -0.3451
   -0.4829   -0.1699   -0.8590
    0.3747    0.8466   -0.3781
...   129 C-G ...
    8.3145  -74.8623   96.6674
    0.4130   -0.5543   -0.7227
   -0.8180    0.1231   -0.5619
    0.4004    0.8232   -0.4025
...   130 C-G ...
   10.2664  -72.4687   95.2049
   -0.0971   -0.5012   -0.8598
   -0.8980    0.4167   -0.1415
    0.4292    0.7584   -0.4906
...   131 A-T ...
   11.1255  -69.7997   93.4512
   -0.6048   -0.2777   -0.7464
   -0.7016    0.6293    0.3344
    0.3769    0.7259   -0.5754
...   132 A-T ...
   12.4254  -67.6159   91.3715
   -0.8908    0.1173   -0.4390
   -0.2505    0.6794    0.6897
    0.3792    0.7244   -0.5758
...   133 A-T ...
   13.7069  -65.5302   89.1820
   -0.8549    0.5183    0.0211
    0.3033    0.4664    0.8310
    0.4209    0.7168   -0.5559
...   134 T-A ...
   14.7283  -63.4123   86.8245
   -0.5924    0.6746    0.4405
    0.6886    0.1400    0.7115
    0.4183    0.7248   -0.5474
...   135 G-C ...
   15.7211  -61.4788   83.9377
    0.0342    0.7399    0.6718
    0.8637   -0.3601    0.3526
    0.5028    0.5682   -0.6514
...   136 T-A ...
   15.7739  -59.5464   80.8036
    0.5516    0.4996    0.6680
    0.6739   -0.7388   -0.0038
    0.4916    0.4523   -0.7442
...   137 G-C ...
   16.8280  -57.7076   78.2738
    0.8528   -0.0847    0.5152
    0.1508   -0.9047   -0.3984
    0.4999    0.4175   -0.7588
...   138 A-T ...
   18.4175  -55.5141   76.5362
    0.8547   -0.5007    0.1370
   -0.3189   -0.7148   -0.6224
    0.4096    0.4883   -0.7706
...   139 G-C ...
   20.4152  -54.2945   74.5496
    0.5847   -0.7389   -0.3350
   -0.7594   -0.3532   -0.5465
    0.2854    0.5739   -0.7676
...   140 C-G ...
   21.4163  -51.8107   72.7950
    0.1305   -0.7142   -0.6876
   -0.8897    0.2217   -0.3991
    0.4375    0.6639   -0.6065
...   141 G-C ...
   22.1406  -50.1330   67.4725
   -0.4682   -0.8748    0.1248
   -0.8495    0.4067   -0.3362
    0.2434   -0.2634   -0.9335
...   142 C-G ...
   22.3377  -51.2252   64.5019
   -0.8529   -0.5117   -0.1032
   -0.4974    0.8566   -0.1372
    0.1587   -0.0657   -0.9851
...   143 T-A ...
   24.0059  -51.6201   61.9333
   -0.9563    0.0399   -0.2897
    0.0522    0.9980   -0.0348
    0.2877   -0.0484   -0.9565
...   144 C-G ...
   24.8856  -52.7207   58.9948
   -0.7530    0.5560   -0.3520
    0.5213    0.8304    0.1966
    0.4016   -0.0355   -0.9151
...   145 A-T ...
   25.5173  -52.9610   55.8127
   -0.2442    0.9563   -0.1609
    0.8907    0.2867    0.3528
    0.3835   -0.0571   -0.9218
...   146 C-G ...
   25.2677  -52.4925   52.0871
    0.3203    0.9428   -0.0928
    0.8825   -0.2613    0.3910
    0.3444   -0.2071   -0.9157
...   147 A-T ...
   25.6133  -52.5732   48.6479
    0.8597    0.5097    0.0339
    0.4498   -0.7866    0.4230
    0.2423   -0.3484   -0.9055
