  147 base-pairs
...     1 T-A ...
    0.0000    0.0000    0.0000
    1.0000    0.0000    0.0000
    0.0000    1.0000    0.0000
    0.0000    0.0000    1.0000
...     2 G-C ...
   -0.5555   -1.1003    3.3981
    0.7749    0.6051    0.1828
   -0.5991    0.7953   -0.0929
   -0.2016   -0.0375    0.9787
...     3 T-A ...
   -0.6619   -3.0237    6.5348
    0.3046    0.9250    0.2271
   -0.8994    0.3578   -0.2510
   -0.3134   -0.1278    0.9410
...     4 G-C ...
   -1.1607   -3.8418    9.6940
   -0.3351    0.9421    0.0133
   -0.8752   -0.3061   -0.3746
   -0.3489   -0.1372    0.9271
...     5 A-T ...
   -1.3881   -3.6770   12.8999
   -0.7835    0.6162   -0.0801
   -0.5677   -0.7622   -0.3109
   -0.2527   -0.1981    0.9470
...     6 G-C ...
   -2.6236   -3.5448   15.7072
   -0.9923    0.0611   -0.1075
   -0.0294   -0.9610   -0.2748
   -0.1201   -0.2695    0.9555
...     7 C-G ...
   -2.3138   -3.7570   18.8866
   -0.8620   -0.4995   -0.0864
    0.5008   -0.8655    0.0073
   -0.0785   -0.0370    0.9962
...     8 G-C ...
   -3.9561   -6.8109   23.3205
   -0.2581   -0.3560   -0.8981
    0.6294   -0.7673    0.1233
   -0.7330   -0.5335    0.4221
...     9 C-G ...
   -6.1177   -8.9414   24.2385
    0.1143   -0.7320   -0.6716
    0.8123   -0.3203    0.4874
   -0.5720   -0.6013    0.5580
...    10 T-A ...
   -8.5041   -9.6771   26.0540
    0.4660   -0.8587   -0.2131
    0.6274    0.1508    0.7640
   -0.6239   -0.4897    0.6090
...    11 C-G ...
  -11.0625  -11.3174   27.2336
    0.6660   -0.6911    0.2808
    0.3382    0.6152    0.7121
   -0.6649   -0.3794    0.6435
...    12 A-T ...
  -13.0013  -13.1789   29.0658
    0.7188   -0.1490    0.6790
   -0.1787    0.9043    0.3876
   -0.6718   -0.4000    0.6235
...    13 C-G ...
  -14.1788  -15.9359   31.3399
    0.4052    0.2865    0.8682
   -0.5270    0.8492   -0.0343
   -0.7470   -0.4437    0.4951
...    14 A-T ...
  -15.9532  -18.1566   33.3080
   -0.1503    0.6873    0.7107
   -0.6106    0.5008   -0.6135
   -0.7776   -0.5261    0.3444
...    15 A-T ...
  -18.2963  -19.9757   34.6365
   -0.4842    0.8394    0.2469
   -0.4053    0.0349   -0.9135
   -0.7754   -0.5424    0.3233
...    16 T-A ...
  -20.6103  -21.6076   36.3116
   -0.6196    0.7463   -0.2431
   -0.1018   -0.3835   -0.9179
   -0.7783   -0.5440    0.3136
...    17 T-A ...
  -23.1370  -23.2200   37.5344
   -0.5572    0.4177   -0.7177
    0.2666   -0.7285   -0.6310
   -0.7864   -0.5429    0.2945
...    18 T-A ...
  -25.7920  -24.7544   38.5573
   -0.2928   -0.0359   -0.9555
    0.5301   -0.8378   -0.1309
   -0.7958   -0.5448    0.2644
...    19 A-T ...
  -28.6132  -26.4124   39.1303
    0.1468   -0.4021   -0.9038
    0.5734   -0.7099    0.4090
   -0.8060   -0.5782    0.1263
...    20 T-A ...
  -31.5359  -27.8915   39.0536
    0.4277   -0.6868   -0.5877
    0.4190   -0.4255    0.8021
   -0.8009   -0.5893    0.1058
...    21 T-A ...
  -34.1905  -29.7469   39.0886
    0.5999   -0.7986   -0.0483
    0.1026    0.0169    0.9946
   -0.7934   -0.6016    0.0920
...    22 C-G ...
  -36.6706  -31.8634   39.2528
    0.5768   -0.6234    0.5279
   -0.2806    0.4558    0.8447
   -0.7672   -0.6353    0.0879
...    23 G-C ...
  -39.2206  -33.8962   39.8981
    0.4032   -0.2074    0.8913
   -0.5850    0.6905    0.4253
   -0.7037   -0.6929    0.1571
...    24 C-G ...
  -41.2127  -36.4905   40.3952
    0.0505    0.2229    0.9735
   -0.7209    0.6827   -0.1190
   -0.6912   -0.6958    0.1952
...    25 A-T ...
  -43.6297  -38.6712   41.0166
   -0.3050    0.6241    0.7193
   -0.6436    0.4217   -0.6387
   -0.7020   -0.6577    0.2731
...    26 A-T ...
  -45.7402  -40.8698   42.1355
   -0.6218    0.7462    0.2376
   -0.3552    0.0017   -0.9348
   -0.6980   -0.6657    0.2640
...    27 A-T ...
  -47.9582  -42.9531   43.2594
   -0.7162    0.6164   -0.3274
    0.0600   -0.4129   -0.9088
   -0.6953   -0.6705    0.2587
...    28 G-C ...
  -50.3780  -44.9317   44.3093
   -0.5341    0.3604   -0.7647
    0.4181   -0.6736   -0.6095
   -0.7348   -0.6453    0.2091
...    29 G-C ...
  -53.0952  -46.7949   44.9964
   -0.1626    0.0075   -0.9867
    0.6218   -0.7756   -0.1084
   -0.7661   -0.6311    0.1214
...    30 C-G ...
  -55.8922  -48.5300   45.2026
    0.2353   -0.3730   -0.8975
    0.6021   -0.6689    0.4359
   -0.7629   -0.6430    0.0672
...    31 C-G ...
  -58.5834  -50.5606   45.0067
    0.5865   -0.6073   -0.5359
    0.3681   -0.3895    0.8443
   -0.7214   -0.6925   -0.0049
...    32 G-C ...
  -60.7687  -53.0604   45.1698
    0.7752   -0.6317    0.0078
   -0.0333   -0.0285    0.9990
   -0.6309   -0.7747   -0.0431
...    33 G-C ...
  -62.6636  -55.8118   44.6580
    0.6942   -0.4796    0.5367
   -0.4549    0.2856    0.8435
   -0.5578   -0.8298   -0.0199
...    34 C-G ...
  -64.1513  -58.7415   44.3341
    0.3706   -0.2109    0.9045
   -0.7647    0.4834    0.4260
   -0.5271   -0.8496    0.0179
...    35 C-G ...
  -65.5766  -61.7921   44.4668
   -0.0470    0.1513    0.9874
   -0.8593    0.4979   -0.1172
   -0.5093   -0.8539    0.1066
...    36 C-G ...
  -67.0327  -64.7586   45.0967
   -0.4542    0.4630    0.7612
   -0.7175    0.3165   -0.6206
   -0.5282   -0.8280    0.1884
...    37 G-C ...
  -69.1149  -67.3196   45.5376
   -0.7157    0.6425    0.2737
   -0.3739   -0.0214   -0.9272
   -0.5899   -0.7660    0.2555
...    38 A-T ...
  -71.0591  -69.7715   46.4874
   -0.7838    0.5307   -0.3226
    0.1045   -0.3994   -0.9108
   -0.6122   -0.7476    0.2576
...    39 C-G ...
  -73.3009  -71.8343   47.7866
   -0.6047    0.2637   -0.7515
    0.4878   -0.6233   -0.6112
   -0.6296   -0.7362    0.2483
...    40 A-T ...
  -75.3270  -74.3723   48.4477
   -0.1706   -0.0689   -0.9829
    0.7270   -0.6821   -0.0784
   -0.6651   -0.7280    0.1664
...    41 C-G ...
  -77.9649  -76.3468   48.7976
    0.2445   -0.3921   -0.8868
    0.7084   -0.5523    0.4395
   -0.6621   -0.7357    0.1427
...    42 G-C ...
  -79.9028  -78.9838   49.3892
    0.6646   -0.5392   -0.5173
    0.4521   -0.2611    0.8529
   -0.5949   -0.8007    0.0702
...    43 A-T ...
  -81.8780  -81.5783   49.4909
    0.8312   -0.5526    0.0608
   -0.0104    0.0939    0.9955
   -0.5558   -0.8281    0.0723
...    44 C-G ...
  -83.4902  -84.4236   49.1227
    0.7349   -0.3901    0.5548
   -0.4366    0.3538    0.8272
   -0.5190   -0.8501    0.0897
...    45 T-A ...
  -84.8721  -87.4117   49.2652
    0.4521   -0.0845    0.8880
   -0.7629    0.4791    0.4340
   -0.4621   -0.8737    0.1521
...    46 T-A ...
  -86.1158  -90.3612   49.7202
   -0.0306    0.2168    0.9757
   -0.8912    0.4361   -0.1249
   -0.4526   -0.8734    0.1799
...    47 A-T ...
  -87.5862  -93.2246   50.5111
   -0.4785    0.5038    0.7192
   -0.7431    0.2041   -0.6373
   -0.4678   -0.8394    0.2767
...    48 C-G ...
  -88.7590  -95.9388   51.9769
   -0.7790    0.5597    0.2825
   -0.4047   -0.1047   -0.9085
   -0.4789   -0.8221    0.3080
...    49 T-A ...
  -90.3987  -98.4578   53.3457
   -0.8544    0.4584   -0.2446
    0.0402   -0.4111   -0.9107
   -0.5180   -0.7880    0.3328
...    50 G-C ...
  -92.2306 -101.1003   54.1411
   -0.6445    0.1904   -0.7406
    0.5033   -0.6235   -0.5983
   -0.5756   -0.7583    0.3060
...    51 T-A ...
  -94.5467 -103.1687   55.3501
   -0.2834   -0.1566   -0.9461
    0.7668   -0.6295   -0.1255
   -0.5759   -0.7611    0.2985
...    52 A-T ...
  -96.2489 -105.8434   56.4084
    0.2401   -0.5083   -0.8270
    0.7907   -0.3918    0.4704
   -0.5631   -0.7669    0.3079
...    53 G-C ...
  -98.3092 -108.3178   57.1711
    0.6498   -0.5867   -0.4833
    0.5612   -0.0586    0.8256
   -0.5127   -0.8077    0.2912
...    54 G-C ...
 -100.1664 -111.0652   57.8202
    0.8974   -0.4412   -0.0061
    0.1359    0.2633    0.9551
   -0.4198   -0.8579    0.2963
...    55 T-A ...
 -101.4105 -114.0778   58.2015
    0.8672   -0.1957    0.4580
   -0.3346    0.4521    0.8268
   -0.3688   -0.8702    0.3266
...    56 A-T ...
 -102.1799 -117.1824   59.1473
    0.6291    0.2240    0.7444
   -0.7445    0.4490    0.4941
   -0.2236   -0.8650    0.4492
...    57 T-A ...
 -102.2704 -120.1840   60.4189
    0.1934    0.4460    0.8739
   -0.9602    0.2692    0.0752
   -0.2017   -0.8536    0.4803
...    58 C-G ...
 -102.7923 -122.8540   62.1897
   -0.3751    0.5647    0.7351
   -0.9090   -0.0685   -0.4112
   -0.1819   -0.8224    0.5390
...    59 T-A ...
 -103.1767 -125.3531   64.2976
   -0.7790    0.4933    0.3870
   -0.5973   -0.3962   -0.6973
   -0.1907   -0.7744    0.6033
...    60 C-G ...
 -103.9214 -127.7241   66.4273
   -0.9804    0.1728   -0.0949
   -0.0375   -0.6359   -0.7708
   -0.1935   -0.7521    0.6299
...    61 A-T ...
 -104.5948 -130.3713   68.2859
   -0.8143   -0.1950   -0.5467
    0.5272   -0.6424   -0.5562
   -0.2428   -0.7411    0.6259
...    62 T-A ...
 -105.8654 -132.3630   70.6202
   -0.4385   -0.5211   -0.7322
    0.8722   -0.4433   -0.2068
   -0.2168   -0.7293    0.6489
...    63 G-C ...
 -106.3722 -134.8852   72.6955
    0.1493   -0.6318   -0.7606
    0.9688   -0.0605    0.2405
   -0.1980   -0.7727    0.6031
...    64 T-A ...
 -107.5689 -137.4705   74.4040
    0.6323   -0.5488   -0.5469
    0.7580    0.2921    0.5832
   -0.1603   -0.7833    0.6007
...    65 T-A ...
 -108.2397 -140.0943   76.1740
    0.9503   -0.2700   -0.1548
    0.2860    0.5618    0.7763
   -0.1226   -0.7820    0.6111
...    66 A-T ...
 -108.4112 -143.0000   77.8190
    0.9694    0.2082    0.1303
   -0.2317    0.5995    0.7661
    0.0814   -0.7728    0.6294
...    67 T-A ...
 -107.7798 -145.7862   79.3661
    0.7319    0.5125    0.4491
   -0.6692    0.4167    0.6152
    0.1282   -0.7508    0.6479
...    68 A-T ...
 -106.6530 -148.1660   81.4259
    0.2658    0.7990    0.5394
   -0.9282    0.0610    0.3670
    0.2603   -0.5982    0.7579
...    69 A-T ...
 -105.5288 -149.9319   83.8786
   -0.2954    0.7251    0.6221
   -0.9116   -0.4087    0.0435
    0.2858   -0.5543    0.7817
...    70 C-G ...
 -104.1050 -151.2373   86.5547
   -0.7274    0.4274    0.5368
   -0.6193   -0.7459   -0.2453
    0.2956   -0.5109    0.8072
...    71 G-C ...
 -103.6105 -153.1096   89.2742
   -0.9633   -0.0381    0.2656
   -0.0830   -0.8990   -0.4299
    0.2552   -0.4362    0.8629
...    72 G-C ...
 -102.9807 -154.3349   92.3592
   -0.8562   -0.5153   -0.0366
    0.4683   -0.7444   -0.4760
    0.2181   -0.4247    0.8787
...    73 A-T ...
 -102.2827 -155.5922   95.3268
   -0.4008   -0.8671   -0.2957
    0.8839   -0.2811   -0.3738
    0.2410   -0.4112    0.8791
...    74 T-A ...
 -102.1418 -156.8429   98.3998
    0.1167   -0.9003   -0.4193
    0.9579    0.2135   -0.1918
    0.2622   -0.3792    0.8874
...    75 C-G ...
 -101.3933 -158.0186  101.3791
    0.6468   -0.5896   -0.4838
    0.6962    0.7154    0.0588
    0.3115   -0.3749    0.8732
...    76 G-C ...
 -100.2357 -158.9098  104.3841
    0.8532   -0.0511   -0.5190
    0.2265    0.9327    0.2806
    0.4698   -0.3570    0.8074
...    77 A-T ...
  -98.7014 -160.1302  106.9540
    0.7838    0.5121   -0.3513
   -0.2893    0.8016    0.5232
    0.5496   -0.3084    0.7764
...    78 G-C ...
  -96.6068 -161.2214  109.2188
    0.4578    0.8772   -0.1448
   -0.6252    0.4334    0.6491
    0.6321   -0.2066    0.7468
...    79 C-G ...
  -94.0913 -161.7271  111.2468
    0.0084    0.9882    0.1532
   -0.7390   -0.0971    0.6667
    0.6737   -0.1188    0.7294
...    80 T-A ...
  -91.6237 -161.7331  113.4156
   -0.4245    0.8058    0.4129
   -0.5868   -0.5921    0.5523
    0.6895   -0.0079    0.7242
...    81 C-G ...
  -89.4604 -161.4223  115.8460
   -0.6958    0.3126    0.6467
   -0.1924   -0.9485    0.2516
    0.6920    0.0506    0.7201
...    82 G-C ...
  -87.4173 -161.5869  118.4865
   -0.7049   -0.2839    0.6500
    0.2889   -0.9519   -0.1025
    0.6478    0.1155    0.7530
...    83 G-C ...
  -85.4231 -160.9798  121.1504
   -0.4384   -0.7673    0.4680
    0.6442   -0.6314   -0.4317
    0.6267    0.1122    0.7711
...    84 G-C ...
  -83.4485 -160.4107  123.8362
   -0.0258   -0.9919    0.1244
    0.7695   -0.0991   -0.6309
    0.6381    0.0795    0.7658
...    85 A-T ...
  -81.4414 -159.9579  126.3986
    0.4274   -0.8588   -0.2823
    0.6095    0.5044   -0.6117
    0.6677    0.0894    0.7390
...    86 T-A ...
  -79.6048 -160.1183  129.1238
    0.6706   -0.4884   -0.5584
    0.2955    0.8663   -0.4028
    0.6805    0.1051    0.7252
...    87 C-G ...
  -77.4156 -159.8208  131.5259
    0.6629    0.0896   -0.7434
   -0.1561    0.9875   -0.0201
    0.7323    0.1293    0.6686
...    88 C-G ...
  -74.7823 -159.7067  133.6121
    0.3707    0.5648   -0.7373
   -0.4682    0.7993    0.3768
    0.8021    0.2055    0.5607
...    89 G-C ...
  -72.1151 -158.6337  135.3000
   -0.0889    0.8464   -0.5251
   -0.5381    0.4028    0.7404
    0.8382    0.3483    0.4196
...    90 C-G ...
  -69.2027 -157.3235  136.0730
   -0.4229    0.9023   -0.0834
   -0.3643   -0.0850    0.9274
    0.8297    0.4225    0.3647
...    91 T-A ...
  -66.5033 -155.6065  136.8801
   -0.6060    0.6959    0.3854
   -0.0320   -0.5054    0.8623
    0.7948    0.5102    0.3285
...    92 T-A ...
  -63.9813 -153.7133  137.6741
   -0.4919    0.2985    0.8179
    0.3379   -0.8004    0.4952
    0.8024    0.5199    0.2928
...    93 T-A ...
  -61.5219 -151.7090  138.4424
   -0.1555   -0.1874    0.9699
    0.5618   -0.8244   -0.0693
    0.8125    0.5341    0.2335
...    94 A-T ...
  -58.4471 -150.2797  138.7786
    0.3295   -0.6282    0.7049
    0.4965   -0.5197   -0.6953
    0.8031    0.5791    0.1406
...    95 A-T ...
  -56.0009 -148.2275  139.4463
    0.5934   -0.7850    0.1778
    0.1859   -0.0812   -0.9792
    0.7831    0.6141    0.0978
...    96 C-G ...
  -53.4735 -146.2813  140.3368
    0.5840   -0.7266   -0.3619
   -0.1666    0.3290   -0.9295
    0.7945    0.6031    0.0711
...    97 A-T ...
  -50.9030 -144.1673  140.3899
    0.2889   -0.4905   -0.8222
   -0.4662    0.6780   -0.5683
    0.8362    0.5475   -0.0328
...    98 C-G ...
  -47.8901 -142.9113  140.4031
   -0.0413   -0.1133   -0.9927
   -0.5461    0.8346   -0.0725
    0.8367    0.5391   -0.0963
...    99 T-A ...
  -45.0222 -141.4293  139.7910
   -0.4014    0.2648   -0.8768
   -0.4256    0.7937    0.4345
    0.8110    0.5476   -0.2059
...   100 T-A ...
  -42.3928 -139.8024  138.8759
   -0.6110    0.6254   -0.4854
   -0.1191    0.5336    0.8373
    0.7827    0.5694   -0.2516
...   101 T-A ...
  -39.9406 -138.0163  137.7586
   -0.5971    0.7996    0.0639
    0.2582    0.1161    0.9591
    0.7595    0.5892   -0.2757
...   102 A-T ...
  -37.5734 -135.8840  136.7974
   -0.3886    0.6839    0.6175
    0.5907   -0.3293    0.7366
    0.7071    0.6510   -0.2760
...   103 T-A ...
  -35.7738 -133.4381  135.4908
   -0.0263    0.4337    0.9007
    0.7125   -0.6238    0.3212
    0.7012    0.6502   -0.2926
...   104 G-C ...
  -33.2888 -131.4040  134.6881
    0.3500   -0.0395    0.9359
    0.6191   -0.7400   -0.2628
    0.7030    0.6714   -0.2345
...   105 C-G ...
  -31.1728 -128.9077  134.1058
    0.6162   -0.4527    0.6445
    0.3277   -0.5967   -0.7325
    0.7162    0.6625   -0.2193
...   106 T-A ...
  -28.8150 -126.6185  133.6815
    0.6677   -0.7244    0.1717
   -0.0457   -0.2700   -0.9618
    0.7431    0.6343   -0.2134
...   107 T-A ...
  -26.3910 -124.5009  133.2538
    0.5283   -0.7466   -0.4043
   -0.4297    0.1756   -0.8857
    0.7323    0.6417   -0.2281
...   108 C-G ...
  -23.9461 -122.4494  132.5539
    0.1451   -0.5386   -0.8299
   -0.6601    0.5722   -0.4868
    0.7371    0.6185   -0.2725
...   109 C-G ...
  -21.2515 -120.6767  131.5989
   -0.3064   -0.2232   -0.9254
   -0.6269    0.7789    0.0197
    0.7164    0.5861   -0.3785
...   110 G-C ...
  -19.1443 -118.5324  130.1631
   -0.6961    0.1416   -0.7039
   -0.3362    0.8019    0.4938
    0.6344    0.5804   -0.5106
...   111 G-C ...
  -17.1947 -116.8260  127.9953
   -0.8305    0.4804   -0.2819
    0.1071    0.6343    0.7656
    0.5466    0.6056   -0.5783
...   112 C-G ...
  -15.7254 -114.9783  125.6829
   -0.6714    0.7129    0.2025
    0.5522    0.2990    0.7783
    0.4943    0.6344   -0.5944
...   113 T-A ...
  -14.4770 -112.8224  123.5015
   -0.3138    0.7278    0.6098
    0.8396   -0.0872    0.5361
    0.4433    0.6803   -0.5837
...   114 C-G ...
  -13.1784 -110.4768  121.6165
    0.2265    0.5266    0.8194
    0.8737   -0.4816    0.0680
    0.4304    0.7005   -0.5692
...   115 G-C ...
  -11.4027 -108.3260  119.7848
    0.6362    0.1077    0.7640
    0.6143   -0.6698   -0.4171
    0.4668    0.7347   -0.4923
...   116 T-A ...
  -10.1568 -105.5053  118.5464
    0.8545   -0.2699    0.4438
    0.1929   -0.6284   -0.7536
    0.4823    0.7296   -0.4849
...   117 A-T ...
   -8.5832 -103.2140  116.6904
    0.7874   -0.6098   -0.0902
   -0.3626   -0.3399   -0.8678
    0.4985    0.7160   -0.4887
...   118 T-A ...
   -6.6026 -100.7935  115.6652
    0.4969   -0.6999   -0.5130
   -0.7119    0.0094   -0.7023
    0.4963    0.7142   -0.4936
...   119 A-T ...
   -5.0111  -98.4720  113.8909
   -0.0429   -0.6102   -0.7911
   -0.8622    0.4227   -0.2793
    0.5048    0.6700   -0.5443
...   120 A-T ...
   -3.1773  -96.4932  112.0959
   -0.5252   -0.2778   -0.8044
   -0.6900    0.6922    0.2114
    0.4981    0.6661   -0.5552
...   121 T-A ...
   -1.2427  -94.8657  109.9983
   -0.8062    0.0955   -0.5840
   -0.3348    0.7401    0.5832
    0.4879    0.6656   -0.5647
...   122 G-C ...
    0.1146  -92.5432  108.0307
   -0.9067    0.4106   -0.0963
    0.1820    0.5871    0.7888
    0.3804    0.6977   -0.6070
...   123 T-A ...
    1.0141  -90.5428  105.5566
   -0.6968    0.6282    0.3461
    0.6266    0.2985    0.7199
    0.3489    0.7185   -0.6017
...   124 G-C ...
    2.0891  -87.9783  103.7260
   -0.2636    0.6081    0.7488
    0.9198   -0.0754    0.3850
    0.2906    0.7903   -0.5395
...   125 T-A ...
    2.4114  -85.2467  101.8841
    0.2409    0.4566    0.8564
    0.9262   -0.3718   -0.0624
    0.2899    0.8083   -0.5125
...   126 C-G ...
    3.2917  -82.5139  100.3137
    0.7256    0.1288    0.6759
    0.6174   -0.5555   -0.5570
    0.3037    0.8215   -0.4826
...   127 G-C ...
    4.5964  -80.0055   98.5364
    0.9099   -0.2845    0.3019
    0.1262   -0.5036   -0.8547
    0.3952    0.8158   -0.4223
...   128 A-T ...
    5.9325  -77.3046   97.2563
    0.8004   -0.5481   -0.2426
   -0.4251   -0.2338   -0.8744
    0.4226    0.8031   -0.4201
...   129 C-G ...
    7.7421  -74.6814   96.3548
    0.4531   -0.6077   -0.6522
   -0.7745    0.0938   -0.6256
    0.4414    0.7886   -0.4282
...   130 C-G ...
    9.5411  -72.2245   94.9117
   -0.0704   -0.5182   -0.8524
   -0.8863    0.4246   -0.1849
    0.4577    0.7424   -0.4892
...   131 A-T ...
   10.8832  -69.7125   93.2022
   -0.5985   -0.2516   -0.7606
   -0.6800    0.6615    0.3162
    0.4236    0.7064   -0.5670
...   132 A-T ...
   12.3771  -67.6366   91.1990
   -0.8760    0.1696   -0.4515
   -0.2258    0.6829    0.6948
    0.4262    0.7106   -0.5599
...   133 A-T ...
   13.7234  -65.5066   89.1522
   -0.8528    0.5218    0.0200
    0.3036    0.4644    0.8319
    0.4248    0.7156   -0.5545
...   134 T-A ...
   14.7284  -63.4124   86.8245
   -0.5924    0.6746    0.4405
    0.6886    0.1400    0.7115
    0.4183    0.7248   -0.5474
...   135 G-C ...
   15.7213  -61.4790   83.9378
    0.0342    0.7399    0.6718
    0.8637   -0.3601    0.3526
    0.5028    0.5682   -0.6514
...   136 T-A ...
   15.7740  -59.5466   80.8037
    0.5516    0.4996    0.6680
    0.6739   -0.7388   -0.0038
    0.4916    0.4523   -0.7442
...   137 G-C ...
   16.8281  -57.7077   78.2738
    0.8528   -0.0847    0.5152
    0.1508   -0.9047   -0.3984
    0.4999    0.4175   -0.7588
...   138 A-T ...
   18.4177  -55.5143   76.5363
    0.8547   -0.5007    0.1370
   -0.3189   -0.7148   -0.6224
    0.4096    0.4883   -0.7706
...   139 G-C ...
   20.4153  -54.2947   74.5497
    0.5847   -0.7389   -0.3350
   -0.7594   -0.3532   -0.5465
    0.2854    0.5739   -0.7676
...   140 C-G ...
   21.4165  -51.8109   72.7950
    0.1305   -0.7142   -0.6876
   -0.8897    0.2217   -0.3991
    0.4375    0.6639   -0.6065
...   141 G-C ...
   22.1408  -50.1332   67.4725
   -0.4682   -0.8748    0.1248
   -0.8495    0.4067   -0.3362
    0.2434   -0.2634   -0.9335
...   142 C-G ...
   22.3379  -51.2253   64.5020
   -0.8529   -0.5117   -0.1032
   -0.4974    0.8566   -0.1372
    0.1587   -0.0657   -0.9851
...   143 T-A ...
   24.0061  -51.6203   61.9333
   -0.9563    0.0399   -0.2897
    0.0522    0.9980   -0.0348
    0.2877   -0.0484   -0.9565
...   144 C-G ...
   24.8858  -52.7208   58.9948
   -0.7530    0.5560   -0.3520
    0.5213    0.8304    0.1966
    0.4016   -0.0355   -0.9151
...   145 A-T ...
   25.5175  -52.9611   55.8128
   -0.2441    0.9563   -0.1609
    0.8907    0.2867    0.3528
    0.3835   -0.0571   -0.9218
...   146 C-G ...
   25.2679  -52.4926   52.0871
    0.3203    0.9428   -0.0928
    0.8825   -0.2613    0.3910
    0.3444   -0.2071   -0.9157
...   147 A-T ...
   25.6134  -52.5734   48.6480
    0.8597    0.5097    0.0339
    0.4498   -0.7866    0.4230
    0.2423   -0.3484   -0.9055
