  147 base-pairs
...     1 T-A ...
    0.0000    0.0000    0.0000
    1.0000    0.0000    0.0000
    0.0000    1.0000    0.0000
    0.0000    0.0000    1.0000
...     2 G-C ...
   -0.5555   -1.1003    3.3981
    0.7749    0.6051    0.1828
   -0.5991    0.7953   -0.0929
   -0.2016   -0.0375    0.9787
...     3 T-A ...
   -0.6619   -3.0237    6.5348
    0.3046    0.9250    0.2271
   -0.8994    0.3578   -0.2510
   -0.3134   -0.1278    0.9410
...     4 G-C ...
   -1.1607   -3.8418    9.6940
   -0.3351    0.9421    0.0133
   -0.8752   -0.3061   -0.3746
   -0.3489   -0.1372    0.9271
...     5 A-T ...
   -1.3881   -3.6770   12.8999
   -0.7835    0.6162   -0.0801
   -0.5677   -0.7622   -0.3109
   -0.2527   -0.1981    0.9470
...     6 G-C ...
   -2.6236   -3.5448   15.7072
   -0.9923    0.0611   -0.1075
   -0.0294   -0.9610   -0.2748
   -0.1201   -0.2695    0.9555
...     7 C-G ...
   -2.3138   -3.7570   18.8866
   -0.8620   -0.4995   -0.0864
    0.5008   -0.8655    0.0073
   -0.0785   -0.0370    0.9962
...     8 G-C ...
   -3.9561   -6.8109   23.3205
   -0.2581   -0.3560   -0.8981
    0.6294   -0.7673    0.1233
   -0.7330   -0.5335    0.4221
...     9 C-G ...
   -6.1177   -8.9414   24.2385
    0.1143   -0.7320   -0.6716
    0.8123   -0.3203    0.4874
   -0.5720   -0.6013    0.5580
...    10 T-A ...
   -8.5041   -9.6771   26.0540
    0.4660   -0.8587   -0.2131
    0.6274    0.1508    0.7640
   -0.6239   -0.4897    0.6090
...    11 C-G ...
  -11.0625  -11.3174   27.2336
    0.6660   -0.6911    0.2808
    0.3382    0.6152    0.7121
   -0.6649   -0.3794    0.6435
...    12 A-T ...
  -13.0013  -13.1789   29.0658
    0.7188   -0.1490    0.6790
   -0.1787    0.9043    0.3876
   -0.6718   -0.4000    0.6235
...    13 C-G ...
  -14.1788  -15.9359   31.3399
    0.4052    0.2865    0.8682
   -0.5270    0.8492   -0.0343
   -0.7470   -0.4437    0.4951
...    14 A-T ...
  -15.9532  -18.1566   33.3080
   -0.1503    0.6873    0.7107
   -0.6106    0.5008   -0.6135
   -0.7776   -0.5261    0.3444
...    15 A-T ...
  -18.2977  -19.9770   34.6334
   -0.4849    0.8393    0.2458
   -0.4041    0.0343   -0.9141
   -0.7756   -0.5426    0.3225
...    16 T-A ...
  -20.6139  -21.6091   36.3050
   -0.6193    0.7459   -0.2451
   -0.0998   -0.3844   -0.9178
   -0.7788   -0.5439    0.3125
...    17 T-A ...
  -23.1436  -23.2224   37.5202
   -0.5547    0.4169   -0.7200
    0.2686   -0.7293   -0.6292
   -0.7875   -0.5424    0.2926
...    18 T-A ...
  -25.8024  -24.7569   38.5326
   -0.2884   -0.0371   -0.9568
    0.5302   -0.8383   -0.1273
   -0.7973   -0.5440    0.2615
...    19 A-T ...
  -28.6259  -26.4174   39.0930
    0.1519   -0.4046   -0.9018
    0.5704   -0.7092    0.4143
   -0.8072   -0.5773    0.1230
...    20 T-A ...
  -31.5495  -27.8949   39.0024
    0.4309   -0.6892   -0.5826
    0.4132   -0.4232    0.8063
   -0.8022   -0.5882    0.1024
...    21 T-A ...
  -34.2068  -29.7477   39.0264
    0.5987   -0.8000   -0.0401
    0.0949    0.0211    0.9953
   -0.7953   -0.5997    0.0886
...    22 C-G ...
  -36.6941  -31.8591   39.1813
    0.5699   -0.6223    0.5366
   -0.2870    0.4611    0.8396
   -0.7699   -0.6326    0.0842
...    23 G-C ...
  -39.2622  -33.8765   39.8140
    0.3918   -0.2036    0.8972
   -0.5870    0.6955    0.4142
   -0.7084   -0.6890    0.1530
...    24 C-G ...
  -41.2752  -36.4591   40.2998
    0.0386    0.2290    0.9727
   -0.7160    0.6853   -0.1330
   -0.6970   -0.6913    0.1904
...    25 A-T ...
  -43.7165  -38.6216   40.8957
   -0.3130    0.6306    0.7102
   -0.6316    0.4203   -0.6515
   -0.7093   -0.6524    0.2667
...    26 A-T ...
  -45.8565  -40.8021   41.9942
   -0.6219    0.7511    0.2218
   -0.3398   -0.0036   -0.9405
   -0.7056   -0.6602    0.2575
...    27 A-T ...
  -48.1046  -42.8658   43.0939
   -0.7069    0.6176   -0.3447
    0.0734   -0.4206   -0.9043
   -0.7035   -0.6645    0.2520
...    28 G-C ...
  -50.5556  -44.8223   44.1155
   -0.5178    0.3569   -0.7775
    0.4251   -0.6814   -0.5958
   -0.7424   -0.6391    0.2011
...    29 G-C ...
  -53.2983  -46.6630   44.7641
   -0.1435   -0.0008   -0.9896
    0.6186   -0.7806   -0.0891
   -0.7725   -0.6250    0.1125
...    30 C-G ...
  -56.1117  -48.3784   44.9293
    0.2505   -0.3837   -0.8888
    0.5885   -0.6686    0.4545
   -0.7687   -0.6370    0.0583
...    31 C-G ...
  -58.8117  -50.3953   44.6987
    0.5928   -0.6178   -0.5167
    0.3472   -0.3829    0.8561
   -0.7267   -0.6869   -0.0125
...    32 G-C ...
  -61.0212  -52.8776   44.8456
    0.7689   -0.6385    0.0328
   -0.0559   -0.0160    0.9983
   -0.6369   -0.7694   -0.0480
...    33 G-C ...
  -62.9339  -55.6164   44.3272
    0.6763   -0.4794    0.5592
   -0.4718    0.3011    0.8287
   -0.5657   -0.8243   -0.0226
...    34 C-G ...
  -64.4473  -58.5350   44.0046
    0.3456   -0.2025    0.9163
   -0.7698    0.4972    0.4003
   -0.5367   -0.8436    0.0160
...    35 C-G ...
  -65.9137  -61.5665   44.1394
   -0.0713    0.1656    0.9836
   -0.8502    0.5057   -0.1467
   -0.5217   -0.8467    0.1047
...    36 C-G ...
  -67.4230  -64.5073   44.7674
   -0.4697    0.4789    0.7417
   -0.6963    0.3155   -0.6447
   -0.5427   -0.8192    0.1853
...    37 G-C ...
  -69.5478  -67.0401   45.1835
   -0.7159    0.6544    0.2434
   -0.3471   -0.0311   -0.9373
   -0.6058   -0.7555    0.2494
...    38 A-T ...
  -71.5489  -69.4560   46.1106
   -0.7677    0.5342   -0.3540
    0.1269   -0.4147   -0.9011
   -0.6282   -0.7366    0.2505
...    39 C-G ...
  -73.8534  -71.4731   47.3731
   -0.5785    0.2581   -0.7738
    0.4990   -0.6385   -0.5860
   -0.6453   -0.7251    0.2405
...    40 A-T ...
  -75.9280  -73.9797   48.0103
   -0.1405   -0.0840   -0.9865
    0.7213   -0.6912   -0.0438
   -0.6782   -0.7178    0.1577
...    41 C-G ...
  -78.5992  -75.9194   48.3105
    0.2683   -0.4108   -0.8714
    0.6876   -0.5519    0.4719
   -0.6747   -0.7258    0.1343
...    42 G-C ...
  -80.5864  -78.5254   48.8875
    0.6749   -0.5565   -0.4846
    0.4205   -0.2496    0.8723
   -0.6064   -0.7925    0.0655
...    43 A-T ...
  -82.5960  -81.0956   48.9739
    0.8218   -0.5608    0.1003
   -0.0432    0.1141    0.9925
   -0.5681   -0.8200    0.0695
...    44 C-G ...
  -84.2318  -83.9288   48.6065
    0.7100   -0.3871    0.5883
   -0.4610    0.3760    0.8038
   -0.5323   -0.8419    0.0885
...    45 T-A ...
  -85.6578  -86.8967   48.7614
    0.4182   -0.0708    0.9056
   -0.7723    0.4971    0.3955
   -0.4782   -0.8648    0.1532
...    46 T-A ...
  -86.9562  -89.8205   49.2321
   -0.0649    0.2383    0.9690
   -0.8804    0.4434   -0.1680
   -0.4697   -0.8641    0.1810
...    47 A-T ...
  -88.5050  -92.6454   50.0171
   -0.5027    0.5234    0.6880
   -0.7138    0.1976   -0.6719
   -0.4876   -0.8288    0.2743
...    48 C-G ...
  -89.7673  -95.3172   51.4892
   -0.7849    0.5725    0.2371
   -0.3666   -0.1207   -0.9225
   -0.4995   -0.8110    0.3046
...    49 T-A ...
  -91.4899  -97.7927   52.8386
   -0.8389    0.4595   -0.2917
    0.0763   -0.4315   -0.8989
   -0.5389   -0.7763    0.3269
...    50 G-C ...
  -93.3761 -100.4061   53.6084
   -0.6095    0.1773   -0.7727
    0.5247   -0.6404   -0.5608
   -0.5943   -0.7473    0.2973
...    51 T-A ...
  -95.7605 -102.4316   54.7599
   -0.2415   -0.1774   -0.9540
    0.7673   -0.6368   -0.0758
   -0.5940   -0.7504    0.2899
...    52 A-T ...
  -97.5240 -105.0731   55.8071
    0.2749   -0.5304   -0.8019
    0.7658   -0.3835    0.5162
   -0.5814   -0.7560    0.3008
...    53 G-C ...
  -99.6327 -107.5180   56.5372
    0.6687   -0.6017   -0.4369
    0.5215   -0.0394    0.8524
   -0.5301   -0.7978    0.2874
...    54 G-C ...
 -101.5338 -110.2397   57.1709
    0.8947   -0.4441    0.0483
    0.0915    0.2880    0.9533
   -0.4373   -0.8484    0.2983
...    55 T-A ...
 -102.8081 -113.2374   57.5715
    0.8433   -0.1856    0.5044
   -0.3725    0.4748    0.7974
   -0.3875   -0.8603    0.3313
...    56 A-T ...
 -103.6415 -116.3091   58.5683
    0.5911    0.2427    0.7692
   -0.7673    0.4632    0.4435
   -0.2486   -0.8524    0.4600
...    57 T-A ...
 -103.8055 -119.2758   59.9130
    0.1491    0.4688    0.8706
   -0.9622    0.2718    0.0184
   -0.2280   -0.8404    0.4916
...    58 C-G ...
 -104.4259 -121.8973   61.7266
   -0.4129    0.5833    0.6995
   -0.8862   -0.0799   -0.4565
   -0.2104   -0.8083    0.5499
...    59 T-A ...
 -104.9245 -124.3423   63.8760
   -0.7994    0.5008    0.3321
   -0.5586   -0.4157   -0.7178
   -0.2214   -0.7593    0.6120
...    60 C-G ...
 -105.7776 -126.6632   66.0232
   -0.9745    0.1650   -0.1518
    0.0067   -0.6554   -0.7552
   -0.2241   -0.7370    0.6376
...    61 G-C ...
 -106.5988 -129.3909   67.7572
   -0.7888   -0.2022   -0.5804
    0.5461   -0.6639   -0.5109
   -0.2821   -0.7200    0.6341
...    62 A-T ...
 -107.5832 -131.6605   69.9279
   -0.3131   -0.5624   -0.7653
    0.9109   -0.4059   -0.0744
   -0.2688   -0.7204    0.6394
...    63 G-C ...
 -108.7657 -133.9682   71.9959
    0.2230   -0.6625   -0.7151
    0.9460   -0.0301    0.3228
   -0.2354   -0.7484    0.6200
...    64 C-G ...
 -109.9176 -136.4268   73.8949
    0.7083   -0.5341   -0.4616
    0.6825    0.3510    0.6411
   -0.1803   -0.7691    0.6131
...    65 T-A ...
 -110.5626 -139.1543   75.6353
    0.9693   -0.2097   -0.1288
    0.2295    0.5813    0.7806
   -0.0888   -0.7862    0.6116
...    66 C-G ...
 -110.8012 -141.7715   77.5403
    0.9349    0.2223    0.2766
   -0.3548    0.5963    0.7201
   -0.0049   -0.7714    0.6364
...    67 G-C ...
 -110.6738 -144.1260   79.8775
    0.6015    0.6395    0.4788
   -0.7841    0.3577    0.5073
    0.1532   -0.6805    0.7166
...    68 G-C ...
 -109.5797 -146.1917   82.2908
    0.0878    0.8124    0.5765
   -0.9687   -0.0651    0.2394
    0.2320   -0.5795    0.7812
...    69 G-C ...
 -108.4209 -147.6261   85.1122
   -0.4561    0.7092    0.5376
   -0.8511   -0.5241   -0.0308
    0.2599   -0.4716    0.8426
...    70 A-T ...
 -107.5797 -148.9199   88.0086
   -0.8708    0.2753    0.4073
   -0.4113   -0.8618   -0.2968
    0.2693   -0.4260    0.8637
...    71 T-A ...
 -106.5579 -149.6400   91.0790
   -0.9490   -0.2172    0.2285
    0.0926   -0.8850   -0.4562
    0.3013   -0.4118    0.8600
...    72 C-G ...
 -105.6779 -150.9005   93.9910
   -0.6998   -0.7112   -0.0666
    0.6407   -0.5838   -0.4986
    0.3157   -0.3916    0.8643
...    73 C-G ...
 -104.8409 -152.1186   97.0285
   -0.2470   -0.8993   -0.3609
    0.9162   -0.0955   -0.3892
    0.3155   -0.4268    0.8475
...    74 G-C ...
 -103.3221 -153.3056   99.7427
    0.2739   -0.7604   -0.5888
    0.8838    0.4405   -0.1577
    0.3793   -0.4771    0.7927
...    75 C-G ...
 -102.4368 -155.0395  102.4078
    0.6766   -0.3793   -0.6312
    0.5898    0.7923    0.1561
    0.4409   -0.4779    0.7598
...    76 T-A ...
 -101.0060 -156.8982  104.7076
    0.8293    0.1168   -0.5464
    0.1691    0.8796    0.4446
    0.5326   -0.4611    0.7098
...    77 T-A ...
  -99.2145 -158.5285  106.8191
    0.7462    0.6030   -0.2823
   -0.2955    0.6799    0.6711
    0.5966   -0.4174    0.6855
...    78 T-A ...
  -97.1097 -159.8901  108.8241
    0.4238    0.9038    0.0597
   -0.6309    0.2473    0.7354
    0.6499   -0.3493    0.6749
...    79 A-T ...
  -94.4345 -160.6241  110.6906
   -0.0841    0.9596    0.2685
   -0.6997   -0.2487    0.6698
    0.7095   -0.1315    0.6923
...    80 A-T ...
  -91.9762 -160.7715  112.7813
   -0.4709    0.6674    0.5769
   -0.5086   -0.7397    0.4406
    0.7208   -0.0860    0.6877
...    81 C-G ...
  -89.4411 -160.3684  114.8833
   -0.6738    0.1929    0.7133
   -0.1638   -0.9803    0.1105
    0.7206   -0.0424    0.6921
...    82 A-T ...
  -87.1541 -160.6985  117.2391
   -0.6706   -0.4018    0.6236
    0.2859   -0.9157   -0.2825
    0.6845   -0.0111    0.7289
...    83 C-G ...
  -85.1982 -160.2325  119.9271
   -0.4059   -0.8237    0.3958
    0.5987   -0.5669   -0.5658
    0.6905    0.0073    0.7233
...    84 T-A ...
  -83.1388 -160.1420  122.5326
   -0.0339   -0.9990    0.0286
    0.7149   -0.0442   -0.6978
    0.6984   -0.0032    0.7157
...    85 T-A ...
  -81.0989 -160.0930  125.0709
    0.4037   -0.8440   -0.3531
    0.5788    0.5345   -0.6159
    0.7085    0.0442    0.7043
...    86 T-A ...
  -78.9458 -160.0838  127.4930
    0.6480   -0.3993   -0.6486
    0.2300    0.9144   -0.3331
    0.7261    0.0667    0.6843
...    87 C-G ...
  -76.5924 -159.9303  129.7379
    0.6014    0.1863   -0.7769
   -0.1897    0.9779    0.0876
    0.7761    0.0947    0.6235
...    88 A-T ...
  -73.8780 -159.5928  131.6659
    0.2620    0.6496   -0.7137
   -0.4477    0.7370    0.5064
    0.8550    0.1869    0.4839
...    89 T-A ...
  -70.8120 -159.2849  132.6876
   -0.0353    0.9135   -0.4054
   -0.5023    0.3345    0.7974
    0.8640    0.2318    0.4470
...    90 G-C ...
  -67.9836 -158.0580  133.9857
   -0.4284    0.9033    0.0223
   -0.3404   -0.1842    0.9221
    0.8370    0.3875    0.3864
...    91 T-A ...
  -65.2209 -156.4107  134.6575
   -0.5726    0.6659    0.4782
   -0.0393   -0.6049    0.7953
    0.8189    0.4366    0.3725
...    92 T-A ...
  -62.6136 -154.7224  135.6173
   -0.4683    0.2185    0.8561
    0.3106   -0.8664    0.3910
    0.8272    0.4490    0.3378
...    93 A-T ...
  -59.6268 -153.5978  136.7047
   -0.1042   -0.3488    0.9314
    0.5365   -0.8083   -0.2427
    0.8375    0.4744    0.2714
...    94 T-A ...
  -57.2971 -151.5245  137.8552
    0.2183   -0.6944    0.6857
    0.5046   -0.5211   -0.6883
    0.8353    0.4963    0.2366
...    95 A-T ...
  -54.3670 -149.8578  138.0670
    0.5320   -0.8405    0.1028
    0.2141    0.0160   -0.9767
    0.8192    0.5416    0.1884
...    96 A-T ...
  -51.7554 -148.1313  138.9297
    0.5666   -0.6782   -0.4679
   -0.1511    0.4727   -0.8682
    0.8100    0.5627    0.1653
...    97 C-G ...
  -48.9521 -146.7011  139.8548
    0.3682   -0.3675   -0.8540
   -0.4294    0.7475   -0.5068
    0.8246    0.5534    0.1174
...    98 G-C ...
  -46.3487 -144.6294  140.0276
   -0.0614   -0.0102   -0.9981
   -0.5524    0.8332    0.0255
    0.8313    0.5528   -0.0568
...    99 G-C ...
  -43.4245 -143.0765  139.4522
   -0.4465    0.3487   -0.8241
   -0.4106    0.7384    0.5349
    0.7950    0.5772   -0.1865
...   100 A-T ...
  -40.9149 -141.1953  138.5982
   -0.6557    0.6629   -0.3614
   -0.0561    0.4345    0.8989
    0.7529    0.6097   -0.2477
...   101 T-A ...
  -38.6281 -139.3782  137.1138
   -0.6132    0.7784    0.1346
    0.2898    0.0632    0.9550
    0.7349    0.6246   -0.2643
...   102 A-T ...
  -36.3342 -137.1422  136.2161
   -0.3766    0.6377    0.6719
    0.6241   -0.3613    0.6928
    0.6846    0.6803   -0.2619
...   103 T-A ...
  -34.6274 -134.5887  134.9904
    0.0016    0.3794    0.9252
    0.7344   -0.6284    0.2564
    0.6787    0.6791   -0.2797
...   104 G-C ...
  -32.2082 -132.4723  134.2078
    0.3864   -0.0868    0.9183
    0.6191   -0.7135   -0.3280
    0.6837    0.6952   -0.2219
...   105 C-G ...
  -30.1565 -129.9131  133.6818
    0.6460   -0.4782    0.5950
    0.3074   -0.5505   -0.7762
    0.6987    0.6843   -0.2087
...   106 T-A ...
  -27.8461 -127.5722  133.2976
    0.6817   -0.7235    0.1088
   -0.0779   -0.2196   -0.9725
    0.7275    0.6545   -0.2060
...   107 T-A ...
  -25.4615 -125.4081  132.8939
    0.5203   -0.7200   -0.4593
   -0.4623    0.2148   -0.8603
    0.7181    0.6599   -0.2210
...   108 C-G ...
  -23.0588 -123.3063  132.2099
    0.1204   -0.4981   -0.8587
   -0.6806    0.5883   -0.4367
    0.7227    0.6370   -0.2682
...   109 C-G ...
  -20.4082 -121.4783  131.2398
   -0.3360   -0.1850   -0.9235
   -0.6308    0.7723    0.0748
    0.6994    0.6077   -0.3762
...   110 G-C ...
  -18.3676 -119.2669  129.8153
   -0.7199    0.1652   -0.6741
   -0.3238    0.7792    0.5367
    0.6139    0.6047   -0.5074
...   111 G-C ...
  -16.5059 -117.4657  127.6461
   -0.8416    0.4857   -0.2361
    0.1291    0.6054    0.7854
    0.5244    0.6305   -0.5722
...   112 C-G ...
  -15.1228 -115.5224  125.3595
   -0.6676    0.7012    0.2502
    0.5758    0.2733    0.7706
    0.4720    0.6585   -0.5862
...   113 T-A ...
  -13.9541 -113.2845  123.2174
   -0.2969    0.7045    0.6446
    0.8565   -0.1020    0.5060
    0.4222    0.7024   -0.5731
...   114 C-G ...
  -12.7241 -110.8722  121.3715
    0.2504    0.4996    0.8293
    0.8768   -0.4802    0.0246
    0.4105    0.7210   -0.5583
...   115 G-C ...
  -11.0150 -108.6625  119.5505
    0.6585    0.0852    0.7477
    0.6028   -0.6546   -0.4563
    0.4506    0.7512   -0.4824
...   116 T-A ...
   -9.8128 -105.8025  118.3641
    0.8672   -0.2813    0.4108
    0.1723   -0.6046   -0.7777
    0.4671    0.7452   -0.4759
...   117 A-T ...
   -8.2875 -103.4469  116.5563
    0.7848   -0.6071   -0.1242
   -0.3822   -0.3164   -0.8682
    0.4878    0.7289   -0.4804
...   118 T-A ...
   -6.3282 -101.0029  115.5516
    0.4851   -0.6871   -0.5409
   -0.7266    0.0275   -0.6865
    0.4865    0.7261   -0.4859
...   119 A-T ...
   -4.7452  -98.6559  113.8095
   -0.0583   -0.5963   -0.8006
   -0.8665    0.4285   -0.2560
    0.4957    0.6788   -0.5417
...   120 A-T ...
   -2.9410  -96.6522  112.0132
   -0.5395   -0.2652   -0.7991
   -0.6855    0.6895    0.2340
    0.4889    0.6741   -0.5537
...   121 T-A ...
   -1.0420  -94.9963  109.9061
   -0.8159    0.1041   -0.5687
   -0.3243    0.7319    0.5992
    0.4786    0.6734   -0.5634
...   122 G-C ...
    0.2808  -92.6511  107.9444
   -0.9081    0.4118   -0.0765
    0.1947    0.5768    0.7933
    0.3708    0.7055   -0.6040
...   123 T-A ...
    1.1428  -90.6209  105.4815
   -0.6915    0.6239    0.3641
    0.6374    0.2899    0.7139
    0.3399    0.7257   -0.5982
...   124 G-C ...
    2.1894  -88.0377  103.6640
   -0.2532    0.5997    0.7591
    0.9251   -0.0795    0.3714
    0.2830    0.7963   -0.5346
...   125 T-A ...
    2.4866  -85.2881  101.8455
    0.2518    0.4478    0.8579
    0.9254   -0.3708   -0.0780
    0.2832    0.8136   -0.5078
...   126 C-G ...
    3.3440  -82.5408  100.2904
    0.7332    0.1225    0.6689
    0.6112   -0.5499   -0.5693
    0.2981    0.8262   -0.4780
...   127 G-C ...
    4.6240  -80.0161   98.5230
    0.9126   -0.2872    0.2911
    0.1181   -0.4965   -0.8600
    0.3915    0.8192   -0.4191
...   128 A-T ...
    5.9487  -77.3065   97.2546
    0.7983   -0.5469   -0.2524
   -0.4317   -0.2273   -0.8729
    0.4200    0.8057   -0.4176
...   129 C-G ...
    7.7538  -74.6813   96.3582
    0.4488   -0.6043   -0.6583
   -0.7781    0.0980   -0.6204
    0.4394    0.7907   -0.4263
...   130 C-G ...
    9.5505  -72.2229   94.9173
   -0.0747   -0.5146   -0.8541
   -0.8868    0.4260   -0.1792
    0.4561    0.7441   -0.4882
...   131 A-T ...
   10.8926  -69.7126   93.2080
   -0.6009   -0.2498   -0.7593
   -0.6787    0.6612    0.3196
    0.4222    0.7074   -0.5669
...   132 A-T ...
   12.3820  -67.6362   91.2023
   -0.8769    0.1702   -0.4495
   -0.2244    0.6820    0.6960
    0.4251    0.7112   -0.5599
...   133 A-T ...
   13.7246  -65.5065   89.1528
   -0.8528    0.5218    0.0209
    0.3043    0.4640    0.8319
    0.4244    0.7159   -0.5545
...   134 T-A ...
   14.7283  -63.4123   86.8245
   -0.5924    0.6746    0.4405
    0.6886    0.1400    0.7115
    0.4183    0.7248   -0.5474
...   135 G-C ...
   15.7212  -61.4788   83.9378
    0.0342    0.7399    0.6718
    0.8637   -0.3601    0.3526
    0.5028    0.5682   -0.6514
...   136 T-A ...
   15.7740  -59.5465   80.8037
    0.5516    0.4996    0.6680
    0.6739   -0.7388   -0.0038
    0.4916    0.4523   -0.7442
...   137 G-C ...
   16.8281  -57.7076   78.2738
    0.8528   -0.0847    0.5152
    0.1508   -0.9047   -0.3984
    0.4999    0.4175   -0.7588
...   138 A-T ...
   18.4176  -55.5142   76.5363
    0.8547   -0.5007    0.1370
   -0.3189   -0.7148   -0.6224
    0.4096    0.4883   -0.7706
...   139 G-C ...
   20.4153  -54.2945   74.5497
    0.5847   -0.7389   -0.3350
   -0.7594   -0.3532   -0.5465
    0.2854    0.5739   -0.7676
...   140 C-G ...
   21.4164  -51.8108   72.7950
    0.1305   -0.7142   -0.6876
   -0.8897    0.2217   -0.3991
    0.4375    0.6639   -0.6065
...   141 G-C ...
   22.1407  -50.1331   67.4725
   -0.4682   -0.8748    0.1248
   -0.8495    0.4067   -0.3362
    0.2434   -0.2634   -0.9335
...   142 C-G ...
   22.3378  -51.2252   64.5020
   -0.8529   -0.5117   -0.1032
   -0.4974    0.8566   -0.1372
    0.1587   -0.0657   -0.9851
...   143 T-A ...
   24.0060  -51.6202   61.9333
   -0.9563    0.0399   -0.2897
    0.0522    0.9980   -0.0348
    0.2877   -0.0484   -0.9565
...   144 C-G ...
   24.8858  -52.7207   58.9948
   -0.7530    0.5560   -0.3520
    0.5213    0.8304    0.1966
    0.4016   -0.0355   -0.9151
...   145 A-T ...
   25.5174  -52.9610   55.8128
   -0.2441    0.9563   -0.1609
    0.8907    0.2867    0.3528
    0.3835   -0.0571   -0.9218
...   146 C-G ...
   25.2678  -52.4925   52.0871
    0.3203    0.9428   -0.0928
    0.8825   -0.2613    0.3910
    0.3444   -0.2071   -0.9157
...   147 A-T ...
   25.6134  -52.5732   48.6479
    0.8597    0.5097    0.0339
    0.4498   -0.7866    0.4230
    0.2423   -0.3484   -0.9055
