  147 base-pairs
...     1 T-A ...
    0.0000    0.0000    0.0000
    1.0000    0.0000    0.0000
    0.0000    1.0000    0.0000
    0.0000    0.0000    1.0000
...     2 G-C ...
   -0.5555   -1.1003    3.3981
    0.7749    0.6051    0.1828
   -0.5991    0.7953   -0.0929
   -0.2016   -0.0375    0.9787
...     3 T-A ...
   -0.6619   -3.0237    6.5348
    0.3046    0.9250    0.2271
   -0.8994    0.3578   -0.2510
   -0.3134   -0.1278    0.9410
...     4 G-C ...
   -1.1607   -3.8418    9.6940
   -0.3351    0.9421    0.0133
   -0.8752   -0.3061   -0.3746
   -0.3489   -0.1372    0.9271
...     5 A-T ...
   -1.3881   -3.6770   12.8999
   -0.7835    0.6162   -0.0801
   -0.5677   -0.7622   -0.3109
   -0.2527   -0.1981    0.9470
...     6 G-C ...
   -2.6236   -3.5448   15.7072
   -0.9923    0.0611   -0.1075
   -0.0294   -0.9610   -0.2748
   -0.1201   -0.2695    0.9555
...     7 C-G ...
   -2.3138   -3.7570   18.8866
   -0.8620   -0.4995   -0.0864
    0.5008   -0.8655    0.0073
   -0.0785   -0.0370    0.9962
...     8 G-C ...
   -3.9561   -6.8109   23.3205
   -0.2581   -0.3560   -0.8981
    0.6294   -0.7673    0.1233
   -0.7330   -0.5335    0.4221
...     9 C-G ...
   -6.1177   -8.9414   24.2385
    0.1143   -0.7320   -0.6716
    0.8123   -0.3203    0.4874
   -0.5720   -0.6013    0.5580
...    10 T-A ...
   -8.5041   -9.6771   26.0540
    0.4660   -0.8587   -0.2131
    0.6274    0.1508    0.7640
   -0.6239   -0.4897    0.6090
...    11 C-G ...
  -11.0625  -11.3174   27.2336
    0.6660   -0.6911    0.2808
    0.3382    0.6152    0.7121
   -0.6649   -0.3794    0.6435
...    12 A-T ...
  -13.0013  -13.1789   29.0658
    0.7188   -0.1490    0.6790
   -0.1787    0.9043    0.3876
   -0.6718   -0.4000    0.6235
...    13 C-G ...
  -14.1788  -15.9359   31.3399
    0.4052    0.2865    0.8682
   -0.5270    0.8492   -0.0343
   -0.7470   -0.4437    0.4951
...    14 A-T ...
  -15.9532  -18.1566   33.3080
   -0.1503    0.6873    0.7107
   -0.6106    0.5008   -0.6135
   -0.7776   -0.5261    0.3444
...    15 A-T ...
  -18.3678  -20.0020   34.4203
   -0.4603    0.8571    0.2313
   -0.3934    0.0366   -0.9186
   -0.7959   -0.5138    0.3203
...    16 T-A ...
  -20.7669  -21.6221   36.1780
   -0.6273    0.7252   -0.2837
   -0.0690   -0.4147   -0.9074
   -0.7757   -0.5497    0.3101
...    17 T-A ...
  -23.3203  -23.2170   37.5128
   -0.5685    0.3318   -0.7528
    0.3244   -0.7505   -0.5758
   -0.7560   -0.5716    0.3190
...    18 T-A ...
  -25.8727  -24.9038   38.5186
   -0.2530   -0.0977   -0.9625
    0.5744   -0.8157   -0.0682
   -0.7785   -0.5701    0.2625
...    19 A-T ...
  -28.4219  -26.8765   39.0987
    0.1848   -0.4227   -0.8872
    0.5968   -0.6689    0.4431
   -0.7808   -0.6114    0.1287
...    20 T-A ...
  -31.3298  -28.4564   39.0268
    0.4661   -0.6971   -0.5448
    0.4186   -0.3687    0.8300
   -0.7794   -0.6149    0.1200
...    21 T-A ...
  -33.9540  -30.4183   39.0848
    0.6246   -0.7809    0.0093
    0.0728    0.0701    0.9949
   -0.7776   -0.6207    0.1006
...    22 C-G ...
  -36.4367  -32.5431   39.3397
    0.5770   -0.5801    0.5750
   -0.3151    0.4913    0.8120
   -0.7535   -0.6497    0.1006
...    23 G-C ...
  -39.0146  -34.4905   40.2692
    0.4026   -0.1248    0.9068
   -0.6193    0.6924    0.3702
   -0.6741   -0.7106    0.2015
...    24 C-G ...
  -40.9418  -37.0727   40.8398
    0.0589    0.2936    0.9541
   -0.7372    0.6572   -0.1567
   -0.6731   -0.6942    0.2551
...    25 A-T ...
  -43.4660  -39.1175   41.4173
   -0.3279    0.6547    0.6810
   -0.6410    0.3753   -0.6695
   -0.6939   -0.6561    0.2967
...    26 A-T ...
  -45.6494  -41.2713   42.5808
   -0.6322    0.7515    0.1884
   -0.3459   -0.0562   -0.9366
   -0.6932   -0.6573    0.2955
...    27 A-T ...
  -47.7800  -43.3497   43.8963
   -0.7282    0.5728   -0.3763
    0.0898   -0.4646   -0.8809
   -0.6795   -0.6753    0.2869
...    28 G-C ...
  -50.2656  -45.2447   45.1397
   -0.5313    0.2837   -0.7982
    0.4431   -0.7100   -0.5473
   -0.7220   -0.6445    0.2515
...    29 G-C ...
  -53.0371  -47.1245   45.9281
   -0.1351   -0.1004   -0.9857
    0.6519   -0.7582   -0.0121
   -0.7462   -0.6442    0.1679
...    30 C-G ...
  -55.7631  -48.9159   46.1902
    0.2813   -0.4515   -0.8467
    0.6065   -0.6001    0.5215
   -0.7436   -0.6603    0.1051
...    31 C-G ...
  -58.4731  -50.8885   46.3587
    0.6241   -0.6471   -0.4380
    0.3473   -0.2724    0.8973
   -0.6999   -0.7121    0.0548
...    32 G-C ...
  -60.4073  -53.2109   46.6590
    0.7882   -0.6129    0.0558
   -0.0296    0.0527    0.9982
   -0.6147   -0.7884    0.0234
...    33 G-C ...
  -62.0113  -56.1669   46.5138
    0.6865   -0.4329    0.5842
   -0.4747    0.3418    0.8111
   -0.5508   -0.8342    0.0292
...    34 C-G ...
  -63.4647  -59.0949   46.3868
    0.3490   -0.1363    0.9271
   -0.7797    0.5066    0.3680
   -0.5199   -0.8513    0.0705
...    35 C-G ...
  -64.8044  -62.1832   46.8734
   -0.0994    0.2138    0.9718
   -0.8606    0.4718   -0.1918
   -0.4995   -0.8554    0.1371
...    36 C-G ...
  -66.2890  -65.0796   47.5869
   -0.5236    0.4759    0.7067
   -0.6937    0.2433   -0.6779
   -0.4945   -0.8452    0.2027
...    37 G-C ...
  -68.2999  -67.7971   47.4997
   -0.7805    0.5899    0.2072
   -0.2996   -0.0620   -0.9520
   -0.5487   -0.8051    0.2251
...    38 A-T ...
  -69.9530  -70.3767   48.2474
   -0.8075    0.4488   -0.3828
    0.2160   -0.3789   -0.8999
   -0.5489   -0.8094    0.2090
...    39 C-G ...
  -72.0811  -72.6071   49.1705
   -0.5620    0.2250   -0.7960
    0.5913   -0.5636   -0.5768
   -0.5784   -0.7948    0.1836
...    40 A-T ...
  -74.1489  -75.1638   49.6545
   -0.0877   -0.0680   -0.9938
    0.7980   -0.6020   -0.0292
   -0.5963   -0.7956    0.1071
...    41 C-G ...
  -76.4695  -77.5138   49.6067
    0.3479   -0.3255   -0.8792
    0.7310   -0.4930    0.4718
   -0.5871   -0.8068    0.0664
...    42 G-C ...
  -78.0587  -80.3705   50.0956
    0.7430   -0.4835   -0.4628
    0.4014   -0.2314    0.8862
   -0.5355   -0.8442    0.0221
...    43 A-T ...
  -79.8651  -82.9486   50.1596
    0.8466   -0.5163    0.1292
   -0.0853    0.1080    0.9905
   -0.5254   -0.8496    0.0473
...    44 C-G ...
  -81.3785  -85.8248   49.6114
    0.7153   -0.3301    0.6160
   -0.5188    0.3396    0.7845
   -0.4682   -0.8807    0.0716
...    45 T-A ...
  -82.4357  -89.2600   49.6252
    0.3410   -0.0289    0.9396
   -0.8323    0.4554    0.3161
   -0.4371   -0.8898    0.1313
...    46 T-A ...
  -83.5219  -92.2675   49.9690
   -0.0864    0.2224    0.9711
   -0.9018    0.3969   -0.1711
   -0.4234   -0.8905    0.1663
...    47 A-T ...
  -84.7842  -95.1795   50.8305
   -0.4907    0.5122    0.7049
   -0.7423    0.1780   -0.6461
   -0.4564   -0.8402    0.2929
...    48 C-G ...
  -85.9351  -97.8572   52.4331
   -0.7940    0.5508    0.2573
   -0.3922   -0.1408   -0.9090
   -0.4645   -0.8227    0.3279
...    49 T-A ...
  -87.4375 -100.3675   54.0755
   -0.8494    0.4536   -0.2696
    0.0426   -0.4505   -0.8918
   -0.5260   -0.7690    0.3633
...    50 G-C ...
  -89.3516 -102.9016   55.0983
   -0.6341    0.1751   -0.7532
    0.5058   -0.6429   -0.5752
   -0.5849   -0.7457    0.3191
...    51 T-A ...
  -91.6085 -104.8977   56.1967
   -0.2832   -0.1677   -0.9443
    0.7559   -0.6451   -0.1121
   -0.5903   -0.7455    0.3094
...    52 A-T ...
  -93.2534 -107.5641   57.2650
    0.2349   -0.5226   -0.8196
    0.7820   -0.3991    0.4787
   -0.5773   -0.7534    0.3149
...    53 G-C ...
  -95.3340 -109.8741   58.1926
    0.6325   -0.5848   -0.5079
    0.5798   -0.0773    0.8111
   -0.5136   -0.8074    0.2902
...    54 G-C ...
  -97.4492 -112.8235   58.3971
    0.8866   -0.4608   -0.0408
    0.1680    0.2387    0.9565
   -0.4310   -0.8548    0.2890
...    55 T-A ...
  -98.6868 -115.7556   58.9255
    0.8736   -0.2339    0.4269
   -0.2971    0.4385    0.8482
   -0.3856   -0.8678    0.3135
...    56 A-T ...
  -99.3943 -119.0852   59.6116
    0.6298    0.1728    0.7573
   -0.7334    0.4535    0.5064
   -0.2559   -0.8743    0.4124
...    57 T-A ...
  -99.5881 -122.1400   60.7225
    0.2105    0.4130    0.8861
   -0.9517    0.2939    0.0891
   -0.2236   -0.8620    0.4549
...    58 C-G ...
 -100.0412 -125.0400   62.4998
   -0.3993    0.5456    0.7368
   -0.8925   -0.0476   -0.4485
   -0.2096   -0.8367    0.5060
...    59 T-A ...
 -100.5984 -127.5977   64.4704
   -0.7910    0.4917    0.3639
   -0.5660   -0.3625   -0.7405
   -0.2322   -0.7917    0.5650
...    60 C-G ...
 -101.8141 -130.1061   66.1231
   -0.9725    0.1891   -0.1361
   -0.0188   -0.6459   -0.7632
   -0.2322   -0.7396    0.6317
...    61 G-C ...
 -102.5312 -132.8877   67.6714
   -0.8254   -0.1745   -0.5369
    0.4979   -0.6731   -0.5468
   -0.2659   -0.7187    0.6425
...    62 A-T ...
 -103.1184 -135.3432   69.7783
   -0.3630   -0.5413   -0.7584
    0.8997   -0.4153   -0.1342
   -0.2423   -0.7311    0.6378
...    63 G-C ...
 -104.0245 -137.7343   71.8334
    0.1716   -0.6728   -0.7197
    0.9651   -0.0318    0.2598
   -0.1977   -0.7392    0.6438
...    64 C-G ...
 -105.1102 -140.2718   73.8474
    0.7037   -0.5323   -0.4707
    0.6949    0.3775    0.6120
   -0.1481   -0.7577    0.6356
...    65 T-A ...
 -105.7934 -142.9624   75.7021
    0.9664   -0.1967   -0.1657
    0.2528    0.6072    0.7532
   -0.0475   -0.7698    0.6365
...    66 C-G ...
 -105.8510 -145.6505   77.7006
    0.9493    0.2360    0.2075
   -0.3107    0.6064    0.7320
    0.0469   -0.7594    0.6490
...    67 G-C ...
 -105.4415 -147.6998   80.0982
    0.6487    0.6122    0.4522
   -0.7398    0.3677    0.5635
    0.1787   -0.7000    0.6914
...    68 G-C ...
 -104.4241 -149.8832   82.3723
    0.1429    0.7798    0.6095
   -0.9614   -0.0370    0.2727
    0.2352   -0.6249    0.7444
...    69 G-C ...
 -103.2615 -151.5190   85.0852
   -0.4169    0.7025    0.5768
   -0.8685   -0.4952   -0.0246
    0.2683   -0.5112    0.8165
...    70 A-T ...
 -102.1614 -152.9706   87.8503
   -0.8466    0.2706    0.4583
   -0.4440   -0.8339   -0.3279
    0.2934   -0.4811    0.8261
...    71 T-A ...
 -101.0984 -153.9674   90.8277
   -0.9510   -0.2071    0.2296
    0.0648   -0.8596   -0.5069
    0.3023   -0.4672    0.8309
...    72 C-G ...
 -100.2214 -155.3080   93.7955
   -0.6995   -0.7093   -0.0871
    0.6256   -0.5490   -0.5542
    0.3453   -0.4422    0.8278
...    73 C-G ...
  -99.2257 -156.7104   96.6088
   -0.2900   -0.8621   -0.4155
    0.8977   -0.0945   -0.4304
    0.3318   -0.4978    0.8013
...    74 G-C ...
  -97.6600 -158.2982   98.9861
    0.2245   -0.7249   -0.6512
    0.8996    0.4110   -0.1474
    0.3745   -0.5528    0.7444
...    75 C-G ...
  -96.8340 -160.3038  101.6854
    0.6781   -0.3436   -0.6497
    0.5945    0.7762    0.2100
    0.4322   -0.5286    0.7306
...    76 T-A ...
  -95.6272 -162.4182  104.0820
    0.8502    0.1832   -0.4936
    0.1187    0.8467    0.5187
    0.5129   -0.4996    0.6981
...    77 T-A ...
  -93.8117 -164.2561  106.0084
    0.7394    0.6474   -0.1845
   -0.3639    0.6150    0.6996
    0.5664   -0.4501    0.6903
...    78 T-A ...
  -91.8499 -165.5748  108.1434
    0.3585    0.9248    0.1276
   -0.6792    0.1646    0.7152
    0.6404   -0.3431    0.6871
...    79 A-T ...
  -89.4398 -166.1626  110.4447
   -0.2084    0.9194    0.3336
   -0.6999   -0.3784    0.6058
    0.6832   -0.1072    0.7223
...    80 A-T ...
  -87.1482 -166.2075  112.6083
   -0.5832    0.5723    0.5765
   -0.4320   -0.8195    0.3766
    0.6880   -0.0294    0.7252
...    81 C-G ...
  -84.7485 -165.5821  114.8757
   -0.6996    0.0450    0.7131
   -0.0255   -0.9990    0.0381
    0.7140    0.0085    0.7001
...    82 A-T ...
  -82.5145 -165.5282  117.3544
   -0.5852   -0.5545    0.5917
    0.4052   -0.8320   -0.3790
    0.7024    0.0180    0.7115
...    83 C-G ...
  -80.5742 -164.9665  120.1267
   -0.2702   -0.9099    0.3149
    0.6457   -0.4138   -0.6417
    0.7142    0.0299    0.6993
...    84 T-A ...
  -78.5801 -164.7914  123.1868
    0.1502   -0.9862   -0.0695
    0.6580    0.1522   -0.7375
    0.7379    0.0650    0.6718
...    85 T-A ...
  -76.4329 -164.7125  125.6251
    0.5231   -0.7176   -0.4598
    0.4251    0.6873   -0.5890
    0.7387    0.1127    0.6646
...    86 T-A ...
  -74.1042 -164.4804  127.8713
    0.6419   -0.2145   -0.7362
    0.0466    0.9692   -0.2418
    0.7654    0.1209    0.6322
...    87 A-T ...
  -71.4883 -163.9311  129.7076
    0.4318    0.2704   -0.8605
   -0.2794    0.9472    0.1574
    0.8576    0.1725    0.4845
...    88 T-A ...
  -68.4916 -163.9169  130.7898
    0.1717    0.6518   -0.7387
   -0.4328    0.7235    0.5378
    0.8850    0.2274    0.4063
...    89 G-C ...
  -65.3932 -163.1010  131.7868
   -0.2252    0.9215   -0.3164
   -0.4053    0.2067    0.8905
    0.8860    0.3287    0.3269
...    90 C-G ...
  -62.5387 -161.6003  132.3344
   -0.4725    0.8623    0.1819
   -0.1906   -0.3015    0.9342
    0.8605    0.4067    0.3069
...    91 T-A ...
  -59.8985 -159.4010  133.1152
   -0.4921    0.5477    0.6767
    0.1970   -0.6871    0.6994
    0.8480    0.4774    0.2302
...    92 T-A ...
  -57.3242 -157.5761  133.7457
   -0.2993    0.0619    0.9522
    0.4730   -0.8570    0.2044
    0.8287    0.5115    0.2272
...    93 C-G ...
  -54.4458 -156.0706  134.5546
    0.0837   -0.4399    0.8941
    0.5768   -0.7103   -0.4034
    0.8126    0.5495    0.1943
...    94 A-T ...
  -51.6923 -154.1478  134.8032
    0.3387   -0.7959    0.5018
    0.4405   -0.3371   -0.8321
    0.8314    0.5028    0.2364
...    95 T-A ...
  -49.1909 -152.4390  136.0217
    0.5074   -0.8616    0.0157
    0.2025    0.1015   -0.9740
    0.8376    0.4974    0.2260
...    96 G-C ...
  -46.3268 -150.7381  136.9462
    0.4718   -0.6758   -0.5663
   -0.1713    0.5597   -0.8108
    0.8649    0.4795    0.1483
...    97 T-A ...
  -43.3213 -149.6303  137.8345
    0.2922   -0.3054   -0.9063
   -0.4107    0.8157   -0.4073
    0.8637    0.4912    0.1129
...    98 T-A ...
  -40.5081 -148.2758  138.0212
   -0.0511    0.1127   -0.9923
   -0.5026    0.8557    0.1230
    0.8630    0.5050    0.0129
...    99 A-T ...
  -37.8060 -146.5071  137.7483
   -0.4458    0.4184   -0.7913
   -0.3846    0.7087    0.5914
    0.8083    0.5680   -0.1550
...   100 T-A ...
  -35.1213 -145.1252  136.6268
   -0.5975    0.6962   -0.3979
   -0.1043    0.4245    0.8994
    0.7950    0.5789   -0.1811
...   101 A-T ...
  -32.6792 -143.0437  135.9278
   -0.6502    0.7438    0.1550
    0.2777    0.0428    0.9597
    0.7072    0.6671   -0.2344
...   102 A-T ...
  -30.6191 -140.8382  134.9574
   -0.4126    0.6290    0.6589
    0.6136   -0.3428    0.7114
    0.6733    0.6978   -0.2445
...   103 C-G ...
  -28.9447 -138.0466  133.7648
    0.0010    0.3536    0.9354
    0.7475   -0.6216    0.2342
    0.6642    0.6990   -0.2649
...   104 G-C ...
  -26.5936 -135.8656  133.1194
    0.4267   -0.1030    0.8985
    0.6328   -0.6757   -0.3780
    0.6461    0.7299   -0.2231
...   105 G-C ...
  -24.5514 -133.3310  132.5501
    0.6506   -0.4903    0.5799
    0.3253   -0.5101   -0.7962
    0.6862    0.7067   -0.1725
...   106 A-T ...
  -22.3840 -130.8047  132.1856
    0.7198   -0.6940   -0.0136
   -0.1382   -0.1241   -0.9826
    0.6802    0.7092   -0.1853
...   107 T-A ...
  -19.9721 -128.5462  132.1558
    0.5320   -0.6718   -0.5155
   -0.4948    0.2473   -0.8331
    0.6871    0.6983   -0.2008
...   108 C-G ...
  -17.5461 -126.3825  131.5683
    0.1191   -0.4235   -0.8980
   -0.7194    0.5866   -0.3720
    0.6844    0.6903   -0.2347
...   109 C-G ...
  -15.2174 -124.1491  130.9566
   -0.3625   -0.1667   -0.9169
   -0.6839    0.7160    0.1402
    0.6332    0.6779   -0.3736
...   110 G-C ...
  -13.5649 -121.9197  129.6524
   -0.7383    0.1113   -0.6652
   -0.3933    0.7302    0.5587
    0.5479    0.6741   -0.4954
...   111 G-C ...
  -12.1313 -119.7905  127.4936
   -0.8784    0.4270   -0.2146
    0.0926    0.5926    0.8001
    0.4688    0.6830   -0.5601
...   112 C-G ...
  -11.1027 -117.6511  125.1033
   -0.7067    0.6502    0.2790
    0.5687    0.2873    0.7708
    0.4210    0.7033   -0.5728
...   113 T-A ...
   -9.9779 -115.3766  122.9889
   -0.3246    0.6772    0.6603
    0.8680   -0.0641    0.4924
    0.3758    0.7330   -0.5670
...   114 C-G ...
   -8.6958 -112.8449  121.3518
    0.2287    0.4988    0.8360
    0.9147   -0.4040   -0.0092
    0.3332    0.7668   -0.5487
...   115 G-C ...
   -7.2025 -110.5569  119.4919
    0.7010    0.1382    0.6997
    0.6205   -0.6018   -0.5028
    0.3516    0.7866   -0.5076
...   116 T-A ...
   -6.0950 -107.6801  118.3352
    0.9113   -0.2236    0.3458
    0.1608   -0.5799   -0.7986
    0.3792    0.7834   -0.4925
...   117 A-T ...
   -4.7077 -104.8230  117.0962
    0.8158   -0.5580   -0.1520
   -0.3885   -0.3341   -0.8587
    0.4284    0.7596   -0.4894
...   118 T-A ...
   -2.9574 -102.2750  116.1056
    0.5194   -0.6413   -0.5647
   -0.7477   -0.0211   -0.6637
    0.4137    0.7670   -0.4905
...   119 A-T ...
   -1.7969  -99.7060  114.2924
   -0.0354   -0.5690   -0.8215
   -0.9043    0.3681   -0.2160
    0.4253    0.7353   -0.5277
...   120 A-T ...
   -0.1729  -97.5441  112.5108
   -0.5492   -0.2971   -0.7811
   -0.7295    0.6264    0.2747
    0.4077    0.7206   -0.5608
...   121 T-A ...
    1.5014  -95.6595  110.3354
   -0.8485    0.0601   -0.5257
   -0.3439    0.6925    0.6342
    0.4022    0.7189   -0.5669
...   122 G-C ...
    2.7450  -93.3291  108.0983
   -0.9283    0.3717   -0.0107
    0.2104    0.5487    0.8091
    0.3066    0.7489   -0.5875
...   123 T-A ...
    3.3996  -91.0914  105.8116
   -0.7118    0.5765    0.4011
    0.6423    0.3033    0.7039
    0.2842    0.7587   -0.5862
...   124 G-C ...
    4.1252  -88.5036  103.8294
   -0.2494    0.5819    0.7741
    0.9408   -0.0439    0.3361
    0.2295    0.8121   -0.5365
...   125 T-A ...
    4.3379  -85.8737  101.9901
    0.2572    0.4392    0.8608
    0.9391   -0.3238   -0.1154
    0.2280    0.8380   -0.4958
...   126 C-G ...
    5.0340  -83.1565  100.5376
    0.7557    0.1728    0.6318
    0.6193   -0.5026   -0.6033
    0.2133    0.8471   -0.4868
...   127 G-C ...
    6.1355  -80.6758   98.6684
    0.9256   -0.2275    0.3026
    0.1640   -0.4795   -0.8621
    0.3412    0.8475   -0.4066
...   128 A-T ...
    7.1379  -77.9514   97.4142
    0.8464   -0.4675   -0.2551
   -0.4104   -0.2674   -0.8718
    0.3393    0.8426   -0.4182
...   129 C-G ...
    8.6939  -75.1297   96.6895
    0.4901   -0.5715   -0.6582
   -0.7902    0.0275   -0.6122
    0.3679    0.8202   -0.4381
...   130 C-G ...
   10.4938  -72.6609   95.1635
   -0.0304   -0.5510   -0.8339
   -0.9138    0.3534   -0.2002
    0.4050    0.7560   -0.5143
...   131 A-T ...
   11.1620  -69.8841   93.4036
   -0.5761   -0.3058   -0.7580
   -0.7291    0.6114    0.3075
    0.3694    0.7298   -0.5752
...   132 A-T ...
   12.4305  -67.6598   91.3409
   -0.8858    0.1000   -0.4532
   -0.2730    0.6775    0.6830
    0.3753    0.7287   -0.5728
...   133 A-T ...
   13.7082  -65.5522   89.1709
   -0.8610    0.5085    0.0112
    0.2897    0.4721    0.8326
    0.4180    0.7201   -0.5538
...   134 T-A ...
   14.7283  -63.4123   86.8245
   -0.5924    0.6746    0.4405
    0.6886    0.1400    0.7115
    0.4183    0.7248   -0.5474
...   135 G-C ...
   15.7212  -61.4788   83.9377
    0.0342    0.7399    0.6718
    0.8637   -0.3601    0.3526
    0.5028    0.5682   -0.6514
...   136 T-A ...
   15.7739  -59.5465   80.8036
    0.5516    0.4996    0.6680
    0.6739   -0.7388   -0.0038
    0.4916    0.4523   -0.7442
...   137 G-C ...
   16.8281  -57.7076   78.2737
    0.8528   -0.0847    0.5152
    0.1508   -0.9047   -0.3984
    0.4999    0.4175   -0.7588
...   138 A-T ...
   18.4176  -55.5142   76.5362
    0.8547   -0.5007    0.1370
   -0.3189   -0.7148   -0.6224
    0.4096    0.4883   -0.7706
...   139 G-C ...
   20.4152  -54.2945   74.5496
    0.5847   -0.7389   -0.3350
   -0.7594   -0.3532   -0.5465
    0.2854    0.5739   -0.7676
...   140 C-G ...
   21.4164  -51.8108   72.7949
    0.1305   -0.7142   -0.6876
   -0.8897    0.2217   -0.3991
    0.4375    0.6639   -0.6065
...   141 G-C ...
   22.1407  -50.1331   67.4724
   -0.4682   -0.8748    0.1248
   -0.8495    0.4067   -0.3362
    0.2434   -0.2634   -0.9335
...   142 C-G ...
   22.3378  -51.2252   64.5019
   -0.8529   -0.5117   -0.1032
   -0.4974    0.8566   -0.1372
    0.1587   -0.0657   -0.9851
...   143 T-A ...
   24.0060  -51.6202   61.9332
   -0.9563    0.0399   -0.2897
    0.0522    0.9980   -0.0348
    0.2877   -0.0484   -0.9565
...   144 C-G ...
   24.8857  -52.7207   58.9947
   -0.7530    0.5560   -0.3520
    0.5213    0.8304    0.1966
    0.4016   -0.0355   -0.9151
...   145 A-T ...
   25.5174  -52.9610   55.8127
   -0.2441    0.9563   -0.1609
    0.8907    0.2867    0.3528
    0.3835   -0.0571   -0.9218
...   146 C-G ...
   25.2677  -52.4925   52.0870
    0.3203    0.9428   -0.0928
    0.8825   -0.2613    0.3910
    0.3444   -0.2071   -0.9157
...   147 A-T ...
   25.6133  -52.5733   48.6478
    0.8597    0.5097    0.0339
    0.4498   -0.7866    0.4230
    0.2423   -0.3484   -0.9055
