  147 base-pairs
...     1 T-A ...
    0.0000    0.0000    0.0000
    1.0000    0.0000    0.0000
    0.0000    1.0000    0.0000
    0.0000    0.0000    1.0000
...     2 G-C ...
   -0.5555   -1.1003    3.3981
    0.7749    0.6051    0.1828
   -0.5991    0.7953   -0.0929
   -0.2016   -0.0375    0.9787
...     3 T-A ...
   -0.6619   -3.0237    6.5348
    0.3046    0.9250    0.2271
   -0.8994    0.3578   -0.2510
   -0.3134   -0.1278    0.9410
...     4 G-C ...
   -1.1607   -3.8418    9.6940
   -0.3351    0.9421    0.0133
   -0.8752   -0.3061   -0.3746
   -0.3489   -0.1372    0.9271
...     5 A-T ...
   -1.3881   -3.6770   12.8999
   -0.7835    0.6162   -0.0801
   -0.5677   -0.7622   -0.3109
   -0.2527   -0.1981    0.9470
...     6 G-C ...
   -2.6236   -3.5448   15.7072
   -0.9923    0.0611   -0.1075
   -0.0294   -0.9610   -0.2748
   -0.1201   -0.2695    0.9555
...     7 C-G ...
   -2.3138   -3.7570   18.8866
   -0.8620   -0.4995   -0.0864
    0.5008   -0.8655    0.0073
   -0.0785   -0.0370    0.9962
...     8 G-C ...
   -3.9561   -6.8109   23.3205
   -0.2581   -0.3560   -0.8981
    0.6294   -0.7673    0.1233
   -0.7330   -0.5335    0.4221
...     9 C-G ...
   -6.1177   -8.9414   24.2385
    0.1143   -0.7320   -0.6716
    0.8123   -0.3203    0.4874
   -0.5720   -0.6013    0.5580
...    10 T-A ...
   -8.5041   -9.6771   26.0540
    0.4660   -0.8587   -0.2131
    0.6274    0.1508    0.7640
   -0.6239   -0.4897    0.6090
...    11 C-G ...
  -11.0625  -11.3174   27.2336
    0.6660   -0.6911    0.2808
    0.3382    0.6152    0.7121
   -0.6649   -0.3794    0.6435
...    12 A-T ...
  -13.0013  -13.1789   29.0658
    0.7188   -0.1490    0.6790
   -0.1787    0.9043    0.3876
   -0.6718   -0.4000    0.6235
...    13 C-G ...
  -14.1788  -15.9359   31.3399
    0.4052    0.2865    0.8682
   -0.5270    0.8492   -0.0343
   -0.7470   -0.4437    0.4951
...    14 A-T ...
  -15.9532  -18.1566   33.3080
   -0.1503    0.6873    0.7107
   -0.6106    0.5008   -0.6135
   -0.7776   -0.5261    0.3444
...    15 A-T ...
  -18.3606  -20.0056   34.4381
   -0.4755    0.8502    0.2260
   -0.3878    0.0281   -0.9213
   -0.7896   -0.5258    0.3163
...    16 T-A ...
  -20.7463  -21.6752   36.1809
   -0.6414    0.7088   -0.2937
   -0.0502   -0.4207   -0.9058
   -0.7656   -0.5662    0.3054
...    17 T-A ...
  -23.2668  -23.3373   37.4938
   -0.5697    0.3082   -0.7619
    0.3549   -0.7438   -0.5663
   -0.7413   -0.5931    0.3143
...    18 T-A ...
  -25.7699  -25.1184   38.4938
   -0.2353   -0.1217   -0.9643
    0.6070   -0.7932   -0.0480
   -0.7591   -0.5966    0.2605
...    19 A-T ...
  -28.2185  -27.2259   39.1044
    0.2226   -0.4414   -0.8693
    0.6188   -0.6250    0.4758
   -0.7533   -0.6439    0.1340
...    20 T-A ...
  -31.0310  -28.9606   39.0201
    0.5185   -0.6871   -0.5091
    0.4163   -0.3172    0.8521
   -0.7469   -0.6537    0.1216
...    21 T-A ...
  -33.5271  -31.0772   39.0928
    0.6720   -0.7385    0.0557
    0.0366    0.1082    0.9935
   -0.7397   -0.6656    0.0998
...    22 C-G ...
  -35.8585  -33.3676   39.3728
    0.5927   -0.5173    0.6173
   -0.3782    0.4980    0.7804
   -0.7111   -0.6960    0.0995
...    23 G-C ...
  -38.2750  -35.5093   40.3535
    0.3717   -0.0614    0.9263
   -0.6894    0.6501    0.3196
   -0.6218   -0.7574    0.1993
...    24 C-G ...
  -40.0013  -38.2297   40.9603
   -0.0120    0.3285    0.9444
   -0.7832    0.5841   -0.2131
   -0.6216   -0.7422    0.2503
...    25 A-T ...
  -42.4387  -40.4421   41.4614
   -0.4429    0.6374    0.6305
   -0.6285    0.2808   -0.7254
   -0.6394   -0.7175    0.2762
...    26 A-T ...
  -44.4566  -42.7929   42.5569
   -0.7315    0.6736    0.1056
   -0.2586   -0.1308   -0.9571
   -0.6309   -0.7274    0.2699
...    27 A-T ...
  -46.4143  -45.1026   43.7712
   -0.7614    0.4524   -0.4642
    0.2314   -0.4793   -0.8466
   -0.6055   -0.7521    0.2602
...    28 G-C ...
  -48.7160  -47.3043   44.8799
   -0.4853    0.1679   -0.8581
    0.5933   -0.6577   -0.4642
   -0.6423   -0.7343    0.2195
...    29 G-C ...
  -51.2200  -49.5803   45.5380
   -0.0111   -0.1664   -0.9860
    0.7583   -0.6442    0.1002
   -0.6518   -0.7466    0.1333
...    30 C-G ...
  -53.6514  -51.7770   45.6749
    0.4456   -0.4403   -0.7795
    0.6308   -0.4634    0.6223
   -0.6352   -0.7690    0.0713
...    31 C-G ...
  -55.9750  -54.1911   45.6976
    0.7709   -0.5517   -0.3184
    0.2741   -0.1639    0.9476
   -0.5750   -0.8178    0.0249
...    32 G-C ...
  -57.5122  -56.8255   45.9569
    0.8664   -0.4585    0.1976
   -0.1719    0.0977    0.9803
   -0.4688   -0.8833    0.0058
...    33 G-C ...
  -58.5612  -60.0215   45.8657
    0.6622   -0.2688    0.6994
   -0.6364    0.2909    0.7144
   -0.3955   -0.9182    0.0215
...    34 C-G ...
  -59.4324  -63.1826   45.8267
    0.2227   -0.0202    0.9747
   -0.9049    0.3677    0.2144
   -0.3627   -0.9297    0.0636
...    35 C-G ...
  -60.2896  -66.4325   46.3927
   -0.2997    0.2328    0.9252
   -0.8901    0.2809   -0.3590
   -0.3434   -0.9311    0.1230
...    36 C-G ...
  -61.3196  -69.5433   47.0984
   -0.7288    0.3870    0.5649
   -0.5919    0.0590   -0.8039
   -0.3444   -0.9202    0.1861
...    37 G-C ...
  -62.7266  -72.6743   46.7757
   -0.9140    0.4057    0.0038
   -0.0797   -0.1705   -0.9821
   -0.3978   -0.8980    0.1882
...    38 A-T ...
  -63.8975  -75.5403   47.4245
   -0.7871    0.2304   -0.5722
    0.4778   -0.3590   -0.8018
   -0.3902   -0.9045    0.1724
...    39 C-G ...
  -65.6192  -78.1738   48.1202
   -0.4106    0.0460   -0.9107
    0.8135   -0.4327   -0.3886
   -0.4119   -0.9003    0.1403
...    40 A-T ...
  -67.0886  -81.1554   48.4393
    0.1623   -0.1424   -0.9764
    0.8997   -0.3850    0.2057
   -0.4052   -0.9119    0.0657
...    41 C-G ...
  -68.7208  -84.0121   48.1695
    0.6162   -0.2725   -0.7389
    0.6903   -0.2647    0.6733
   -0.3791   -0.9250    0.0250
...    42 G-C ...
  -69.6534  -87.1670   48.6229
    0.9301   -0.2946   -0.2195
    0.2074   -0.0721    0.9756
   -0.3032   -0.9529   -0.0059
...    43 A-T ...
  -70.7242  -90.1385   48.5592
    0.8827   -0.2667    0.3870
   -0.3649    0.1299    0.9219
   -0.2961   -0.9550    0.0173
...    44 C-G ...
  -71.3152  -93.3327   47.9997
    0.5808   -0.0944    0.8085
   -0.7788    0.2246    0.5857
   -0.2369   -0.9699    0.0570
...    45 T-A ...
  -71.4686  -96.9220   48.1432
    0.0552    0.1121    0.9922
   -0.9751    0.2196    0.0294
   -0.2146   -0.9691    0.1214
...    46 T-A ...
  -71.8455 -100.0908   48.5547
   -0.4347    0.2279    0.8712
   -0.8757    0.1186   -0.4680
   -0.2100   -0.9664    0.1481
...    47 A-T ...
  -72.6829 -103.2513   49.1197
   -0.8485    0.3178    0.4232
   -0.4665   -0.0712   -0.8817
   -0.2501   -0.9455    0.2087
...    48 C-G ...
  -73.4705 -106.1942   50.5133
   -0.9637    0.2426   -0.1115
    0.0484   -0.2522   -0.9665
   -0.2626   -0.9368    0.2314
...    49 T-A ...
  -74.6062 -109.1303   51.7213
   -0.7741    0.1317   -0.6193
    0.5369   -0.3817   -0.7523
   -0.3355   -0.9148    0.2248
...    50 G-C ...
  -75.7553 -112.2221   52.2346
   -0.2988   -0.0441   -0.9533
    0.8831   -0.3915   -0.2587
   -0.3618   -0.9191    0.1559
...    51 T-A ...
  -77.4072 -114.9524   52.6201
    0.2026   -0.2218   -0.9538
    0.9122   -0.3116    0.2662
   -0.3562   -0.9240    0.1392
...    52 A-T ...
  -78.3558 -118.0914   53.1206
    0.7229   -0.3210   -0.6118
    0.6137   -0.1084    0.7821
   -0.3174   -0.9409    0.1186
...    53 G-C ...
  -79.5947 -121.0887   53.3617
    0.9595   -0.2338   -0.1570
    0.1795    0.0780    0.9807
   -0.2171   -0.9691    0.1168
...    54 G-C ...
  -80.1935 -124.6385   52.9530
    0.9265   -0.0529    0.3727
   -0.3583    0.1796    0.9162
   -0.1154   -0.9823    0.1475
...    55 T-A ...
  -80.1704 -127.8610   53.1342
    0.6243    0.0983    0.7749
   -0.7776    0.1722    0.6047
   -0.0740   -0.9801    0.1840
...    56 A-T ...
  -79.6545 -131.2314   53.7262
    0.1031    0.3121    0.9444
   -0.9947    0.0353    0.0970
   -0.0031   -0.9494    0.3141
...    57 T-A ...
  -78.9513 -134.2286   54.8163
   -0.4039    0.3197    0.8571
   -0.9148   -0.1477   -0.3760
    0.0064   -0.9360    0.3521
...    58 C-G ...
  -78.8042 -137.3014   56.3213
   -0.8818    0.1876    0.4327
   -0.4716   -0.3412   -0.8131
   -0.0049   -0.9211    0.3893
...    59 T-A ...
  -78.9418 -140.1828   57.9369
   -0.9962    0.0171   -0.0848
    0.0696   -0.4240   -0.9030
   -0.0514   -0.9055    0.4212
...    60 C-G ...
  -79.2818 -143.2582   59.0010
   -0.7573   -0.2503   -0.6033
    0.6487   -0.3959   -0.6500
   -0.0762   -0.8835    0.4622
...    61 G-C ...
  -79.0023 -146.3272   60.1246
   -0.2746   -0.4049   -0.8722
    0.9577   -0.1966   -0.2103
   -0.0863   -0.8930    0.4417
...    62 A-T ...
  -78.9264 -149.1444   61.7855
    0.3536   -0.4192   -0.8362
    0.9349    0.1287    0.3308
   -0.0310   -0.8987    0.4374
...    63 G-C ...
  -79.0887 -152.1601   63.0847
    0.7964   -0.2543   -0.5486
    0.6043    0.3698    0.7058
    0.0234   -0.8936    0.4482
...    64 C-G ...
  -79.2090 -155.3779   64.1989
    0.9955    0.0582   -0.0751
    0.0397    0.4623    0.8858
    0.0863   -0.8848    0.4579
...    65 T-A ...
  -78.8474 -158.4855   65.3713
    0.8646    0.3824    0.3258
   -0.4666    0.3709    0.8029
    0.1862   -0.8463    0.4992
...    66 C-G ...
  -78.0029 -161.1889   67.0714
    0.4490    0.5990    0.6630
   -0.8512    0.0610    0.5212
    0.2718   -0.7984    0.5373
...    67 G-C ...
  -77.3854 -163.4312   69.3413
   -0.0954    0.6342    0.7672
   -0.9378   -0.3158    0.1445
    0.3339   -0.7057    0.6249
...    68 G-C ...
  -76.0340 -165.4154   71.6714
   -0.6095    0.4179    0.6737
   -0.7213   -0.6449   -0.2526
    0.3289   -0.6399    0.6945
...    69 G-C ...
  -75.0608 -167.1393   74.4030
   -0.9298    0.0535    0.3641
   -0.2488   -0.8205   -0.5147
    0.2712   -0.5692    0.7762
...    70 A-T ...
  -74.1348 -168.7524   77.1831
   -0.8812   -0.4727    0.0060
    0.3711   -0.6996   -0.6106
    0.2928   -0.5358    0.7919
...    71 T-A ...
  -73.5543 -170.1580   80.1352
   -0.5493   -0.7792   -0.3019
    0.7800   -0.3484   -0.5199
    0.2999   -0.5210    0.7991
...    72 C-G ...
  -72.8100 -171.8779   82.9439
    0.0594   -0.8516   -0.5208
    0.9431    0.2189   -0.2503
    0.3272   -0.4763    0.8161
...    73 C-G ...
  -71.8729 -173.3536   85.7430
    0.5106   -0.5637   -0.6492
    0.7628    0.6454    0.0396
    0.3967   -0.5154    0.7596
...    74 G-C ...
  -70.1945 -174.6628   88.2370
    0.7871   -0.0587   -0.6140
    0.3533    0.8589    0.3708
    0.5056   -0.5088    0.6968
...    75 C-G ...
  -68.7016 -176.8266   90.4850
    0.8238    0.4593   -0.3321
   -0.1739    0.7625    0.6233
    0.5395   -0.4557    0.7080
...    76 T-A ...
  -66.7191 -178.6530   92.5935
    0.5404    0.8414   -0.0026
   -0.5959    0.3849    0.7048
    0.5940   -0.3793    0.7094
...    77 T-A ...
  -64.4761 -179.7761   94.6266
    0.0842    0.9381    0.3359
   -0.7890   -0.1431    0.5975
    0.6086   -0.3154    0.7281
...    78 T-A ...
  -62.4631 -180.5851   96.9733
   -0.4145    0.7397    0.5301
   -0.6867   -0.6365    0.3513
    0.5973   -0.2184    0.7717
...    79 A-T ...
  -60.7767 -181.1368   99.8105
   -0.7939    0.2717    0.5440
   -0.2881   -0.9559    0.0570
    0.5355   -0.1114    0.8372
...    80 A-T ...
  -59.1045 -181.1924  102.5239
   -0.8139   -0.3149    0.4883
    0.2324   -0.9467   -0.2231
    0.5325   -0.0681    0.8437
...    81 C-G ...
  -57.6717 -180.8726  105.5756
   -0.5215   -0.7862    0.3315
    0.6555   -0.6179   -0.4341
    0.5462   -0.0091    0.8376
...    82 A-T ...
  -55.8898 -180.9865  108.3810
   -0.0180   -0.9998    0.0075
    0.8288   -0.0191   -0.5592
    0.5593   -0.0038    0.8290
...    83 C-G ...
  -54.6231 -181.1605  111.5576
    0.4274   -0.8601   -0.2786
    0.6984    0.5098   -0.5023
    0.5741    0.0201    0.8186
...    84 T-A ...
  -52.9170 -181.6648  114.7165
    0.7340   -0.4374   -0.5195
    0.3171    0.8972   -0.3073
    0.6006    0.0608    0.7973
...    85 T-A ...
  -50.9950 -181.8411  117.3164
    0.7782    0.1421   -0.6117
   -0.1717    0.9851    0.0104
    0.6040    0.0970    0.7910
...    86 T-A ...
  -48.9663 -181.5914  119.8040
    0.5011    0.6469   -0.5748
   -0.5693    0.7467    0.3440
    0.6517    0.1549    0.7425
...    87 A-T ...
  -46.7671 -180.7988  121.9997
    0.0253    0.8603   -0.5091
   -0.7183    0.3698    0.5893
    0.6953    0.3508    0.6273
...    88 T-A ...
  -44.1057 -179.7128  123.3649
   -0.3713    0.8950   -0.2474
   -0.6285   -0.0461    0.7764
    0.6834    0.4437    0.5797
...    89 G-C ...
  -41.8144 -177.9273  125.0366
   -0.7466    0.6347    0.1992
   -0.2478   -0.5433    0.8022
    0.6174    0.5495    0.5629
...    90 C-G ...
  -40.0790 -175.6290  126.6641
   -0.7893    0.2112    0.5766
    0.2248   -0.7744    0.5914
    0.5714    0.5964    0.5637
...    91 T-A ...
  -38.8536 -173.0867  128.7953
   -0.5056   -0.2454    0.8271
    0.6903   -0.6902    0.2171
    0.5176    0.6807    0.5184
...    92 T-A ...
  -37.4550 -170.7153  130.4780
   -0.0096   -0.5807    0.8141
    0.8640   -0.4147   -0.2856
    0.5035    0.7006    0.5057
...    93 C-G ...
  -35.9774 -168.2854  132.3247
    0.5450   -0.6716    0.5020
    0.6864    0.0136   -0.7271
    0.4815    0.7408    0.4684
...    94 C-G ...
  -34.5519 -165.7633  133.8929
    0.7819   -0.6234    0.0080
    0.2888    0.3507   -0.8908
    0.5525    0.6988    0.4543
...    95 G-C ...
  -33.0364 -163.3212  134.9710
    0.7646   -0.4271   -0.4826
   -0.1714    0.5871   -0.7911
    0.6213    0.6876    0.3757
...    96 G-C ...
  -30.7831 -161.2318  136.2537
    0.4807   -0.1019   -0.8709
   -0.5773    0.7108   -0.4018
    0.6600    0.6960    0.2828
...    97 C-G ...
  -28.1815 -159.3461  137.1487
    0.0508    0.2440   -0.9684
   -0.7542    0.6450    0.1229
    0.6547    0.7242    0.2168
...    98 T-A ...
  -25.7119 -157.1733  137.6200
   -0.4072    0.4350   -0.8031
   -0.6709    0.4542    0.5862
    0.6197    0.7775    0.1069
...    99 C-G ...
  -23.9609 -154.4418  137.6098
   -0.7562    0.5366   -0.3744
   -0.2981    0.2267    0.9272
    0.5824    0.8128   -0.0115
...   100 G-C ...
  -22.3828 -151.5375  137.9193
   -0.8482    0.4899    0.2014
    0.2141   -0.0307    0.9763
    0.4845    0.8712   -0.0789
...   101 T-A ...
  -21.3260 -148.5459  137.2918
   -0.6403    0.3737    0.6711
    0.6341   -0.2359    0.7364
    0.4336    0.8970   -0.0859
...   102 A-T ...
  -20.4653 -145.2906  136.7944
   -0.1855    0.1497    0.9712
    0.9069   -0.3543    0.2279
    0.3782    0.9231   -0.0700
...   103 T-A ...
  -19.8925 -142.0136  136.4009
    0.3343   -0.0008    0.9425
    0.8668   -0.3923   -0.3078
    0.3699    0.9198   -0.1305
...   104 T-A ...
  -18.9886 -138.8859  136.0835
    0.7920   -0.1827    0.5826
    0.5101   -0.3265   -0.7958
    0.3355    0.9274   -0.1654
...   105 C-G ...
  -17.9364 -135.8257  135.1994
    0.9381   -0.3464    0.0034
   -0.0602   -0.1727   -0.9831
    0.3411    0.9221   -0.1828
...   106 A-T ...
  -17.1178 -132.6535  134.4162
    0.7091   -0.4827   -0.5140
   -0.5666    0.0439   -0.8228
    0.4197    0.8747   -0.2423
...   107 T-A ...
  -15.3820 -129.9782  133.8962
    0.3233   -0.4516   -0.8316
   -0.8368    0.2738   -0.4741
    0.4418    0.8492   -0.2894
...   108 G-C ...
  -13.6078 -127.2167  132.7248
   -0.2501   -0.3427   -0.9056
   -0.8730    0.4842    0.0579
    0.4187    0.8050   -0.4203
...   109 T-A ...
  -11.7487 -125.0423  131.0587
   -0.6689   -0.0946   -0.7373
   -0.6286    0.6014    0.4931
    0.3968    0.7933   -0.4617
...   110 T-A ...
  -10.5635 -122.7013  129.3338
   -0.9217    0.1714   -0.3478
   -0.1871    0.5891    0.7861
    0.3397    0.7896   -0.5110
...   111 A-T ...
   -9.6902 -120.0446  127.5880
   -0.9123    0.3707    0.1742
    0.3384    0.4426    0.8304
    0.2308    0.8165   -0.5292
...   112 T-A ...
   -9.3784 -117.7368  125.3382
   -0.6302    0.5493    0.5488
    0.7419    0.2175    0.6342
    0.2290    0.8068   -0.5446
...   113 A-T ...
   -8.5780 -115.0135  123.5645
   -0.0970    0.5560    0.8255
    0.9765   -0.1072    0.1869
    0.1924    0.8242   -0.5326
...   114 A-T ...
   -8.1910 -112.3664  121.8247
    0.4534    0.4125    0.7902
    0.8699   -0.3979   -0.2915
    0.1942    0.8195   -0.5392
...   115 C-G ...
   -8.1092 -109.2609  120.3339
    0.8518    0.1422    0.5041
    0.4875   -0.5674   -0.6637
    0.1917    0.8111   -0.5526
...   116 G-C ...
   -7.1532 -106.8220  118.4071
    0.9516   -0.2830    0.1199
   -0.0537   -0.5373   -0.8417
    0.3026    0.7945   -0.5265
...   117 G-C ...
   -5.8740 -104.2343  116.8530
    0.7581   -0.5925   -0.2722
   -0.5191   -0.2958   -0.8019
    0.3946    0.7493   -0.5319
...   118 A-T ...
   -4.4145 -101.7426  115.2663
    0.3204   -0.6976   -0.6409
   -0.8504    0.0863   -0.5190
    0.4174    0.7113   -0.5656
...   119 A-T ...
   -2.8510  -99.5937  113.3977
   -0.2271   -0.5334   -0.8148
   -0.8789    0.4727   -0.0645
    0.4195    0.7015   -0.5761
...   120 A-T ...
   -1.1497  -97.5385  111.4751
   -0.6820   -0.1355   -0.7187
   -0.5896    0.6832    0.4308
    0.4327    0.7175   -0.5458
...   121 T-A ...
    0.5024  -95.6858  109.2575
   -0.8898    0.2201   -0.3998
   -0.1647    0.6620    0.7312
    0.4256    0.7164   -0.5528
...   122 G-C ...
    1.7549  -93.3716  107.0192
   -0.8714    0.4732    0.1293
    0.3630    0.4447    0.8188
    0.3299    0.7605   -0.5593
...   123 T-A ...
    2.4216  -91.0375  104.8586
   -0.6011    0.6097    0.5168
    0.7381    0.1754    0.6515
    0.3066    0.7730   -0.5554
...   124 G-C ...
    3.1861  -88.3866  103.0194
   -0.1269    0.5356    0.8349
    0.9571   -0.1549    0.2449
    0.2605    0.8302   -0.4929
...   125 T-A ...
    3.4835  -85.6489  101.3617
    0.3601    0.3463    0.8663
    0.8950   -0.3904   -0.2159
    0.2635    0.8530   -0.4505
...   126 C-G ...
    4.3048  -82.8992  100.0749
    0.8090    0.0638    0.5843
    0.5326   -0.4999   -0.6830
    0.2485    0.8637   -0.4384
...   127 G-C ...
    5.4698  -80.3800   98.3650
    0.9204   -0.3111    0.2367
    0.0869   -0.4275   -0.8998
    0.3812    0.8488   -0.3664
...   128 A-T ...
    6.5954  -77.6586   97.2488
    0.8013   -0.5041   -0.3224
   -0.4639   -0.1830   -0.8668
    0.3779    0.8441   -0.3805
...   129 C-G ...
    8.3171  -74.9147   96.6158
    0.4288   -0.5596   -0.7092
   -0.8086    0.1123   -0.5776
    0.4029    0.8211   -0.4043
...   130 C-G ...
   10.2609  -72.5097   95.1654
   -0.0830   -0.5082   -0.8572
   -0.8981    0.4109   -0.1566
    0.4318    0.7569   -0.4905
...   131 A-T ...
   11.1082  -69.8176   93.4237
   -0.5976   -0.2797   -0.7514
   -0.7057    0.6284    0.3273
    0.3807    0.7259   -0.5729
...   132 A-T ...
   12.4161  -67.6249   91.3588
   -0.8886    0.1162   -0.4437
   -0.2547    0.6794    0.6881
    0.3815    0.7245   -0.5741
...   133 A-T ...
   13.7044  -65.5353   89.1763
   -0.8555    0.5175    0.0183
    0.3003    0.4671    0.8316
    0.4218    0.7169   -0.5551
...   134 T-A ...
   14.7283  -63.4124   86.8245
   -0.5924    0.6746    0.4405
    0.6886    0.1400    0.7115
    0.4183    0.7248   -0.5474
...   135 G-C ...
   15.7212  -61.4789   83.9378
    0.0342    0.7399    0.6718
    0.8637   -0.3601    0.3526
    0.5028    0.5682   -0.6514
...   136 T-A ...
   15.7740  -59.5465   80.8036
    0.5516    0.4996    0.6680
    0.6739   -0.7388   -0.0038
    0.4916    0.4523   -0.7442
...   137 G-C ...
   16.8281  -57.7077   78.2738
    0.8528   -0.0847    0.5152
    0.1508   -0.9047   -0.3984
    0.4999    0.4175   -0.7588
...   138 A-T ...
   18.4176  -55.5142   76.5363
    0.8547   -0.5007    0.1370
   -0.3189   -0.7148   -0.6224
    0.4096    0.4883   -0.7706
...   139 G-C ...
   20.4153  -54.2946   74.5497
    0.5847   -0.7389   -0.3350
   -0.7594   -0.3532   -0.5465
    0.2854    0.5739   -0.7676
...   140 C-G ...
   21.4164  -51.8108   72.7950
    0.1305   -0.7142   -0.6876
   -0.8897    0.2217   -0.3991
    0.4375    0.6639   -0.6065
...   141 G-C ...
   22.1407  -50.1331   67.4725
   -0.4682   -0.8748    0.1248
   -0.8495    0.4067   -0.3362
    0.2434   -0.2634   -0.9335
...   142 C-G ...
   22.3378  -51.2253   64.5019
   -0.8529   -0.5117   -0.1032
   -0.4974    0.8566   -0.1372
    0.1587   -0.0657   -0.9851
...   143 T-A ...
   24.0060  -51.6202   61.9333
   -0.9563    0.0399   -0.2897
    0.0522    0.9980   -0.0348
    0.2877   -0.0484   -0.9565
...   144 C-G ...
   24.8857  -52.7208   58.9948
   -0.7530    0.5560   -0.3520
    0.5213    0.8304    0.1966
    0.4016   -0.0355   -0.9151
...   145 A-T ...
   25.5174  -52.9611   55.8127
   -0.2441    0.9563   -0.1609
    0.8907    0.2867    0.3528
    0.3835   -0.0571   -0.9218
...   146 C-G ...
   25.2678  -52.4925   52.0871
    0.3203    0.9428   -0.0928
    0.8825   -0.2613    0.3910
    0.3444   -0.2071   -0.9157
...   147 A-T ...
   25.6133  -52.5733   48.6479
    0.8597    0.5097    0.0339
    0.4498   -0.7866    0.4230
    0.2423   -0.3484   -0.9055
