  147 base-pairs
...     1 T-A ...
    0.0000    0.0000    0.0000
    1.0000    0.0000    0.0000
    0.0000    1.0000    0.0000
    0.0000    0.0000    1.0000
...     2 G-C ...
   -0.5555   -1.1003    3.3981
    0.7749    0.6051    0.1828
   -0.5991    0.7953   -0.0929
   -0.2016   -0.0375    0.9787
...     3 T-A ...
   -0.6619   -3.0237    6.5348
    0.3046    0.9250    0.2271
   -0.8994    0.3578   -0.2510
   -0.3134   -0.1278    0.9410
...     4 G-C ...
   -1.1607   -3.8418    9.6940
   -0.3351    0.9421    0.0133
   -0.8752   -0.3061   -0.3746
   -0.3489   -0.1372    0.9271
...     5 A-T ...
   -1.3881   -3.6770   12.8999
   -0.7835    0.6162   -0.0801
   -0.5677   -0.7622   -0.3109
   -0.2527   -0.1981    0.9470
...     6 G-C ...
   -2.6236   -3.5448   15.7072
   -0.9923    0.0611   -0.1075
   -0.0294   -0.9610   -0.2748
   -0.1201   -0.2695    0.9555
...     7 C-G ...
   -2.3138   -3.7570   18.8866
   -0.8620   -0.4995   -0.0864
    0.5008   -0.8655    0.0073
   -0.0785   -0.0370    0.9962
...     8 G-C ...
   -3.9561   -6.8109   23.3205
   -0.2581   -0.3560   -0.8981
    0.6294   -0.7673    0.1233
   -0.7330   -0.5335    0.4221
...     9 C-G ...
   -6.1177   -8.9414   24.2385
    0.1143   -0.7320   -0.6716
    0.8123   -0.3203    0.4874
   -0.5720   -0.6013    0.5580
...    10 T-A ...
   -8.5041   -9.6771   26.0540
    0.4660   -0.8587   -0.2131
    0.6274    0.1508    0.7640
   -0.6239   -0.4897    0.6090
...    11 C-G ...
  -11.0625  -11.3174   27.2336
    0.6660   -0.6911    0.2808
    0.3382    0.6152    0.7121
   -0.6649   -0.3794    0.6435
...    12 A-T ...
  -13.0013  -13.1789   29.0658
    0.7188   -0.1490    0.6790
   -0.1787    0.9043    0.3876
   -0.6718   -0.4000    0.6235
...    13 C-G ...
  -14.1788  -15.9359   31.3399
    0.4052    0.2865    0.8682
   -0.5270    0.8492   -0.0343
   -0.7470   -0.4437    0.4951
...    14 A-T ...
  -15.9532  -18.1566   33.3080
   -0.1503    0.6873    0.7107
   -0.6106    0.5008   -0.6135
   -0.7776   -0.5261    0.3444
...    15 A-T ...
  -18.2996  -19.9902   34.6216
   -0.4932    0.8360    0.2405
   -0.3971    0.0296   -0.9173
   -0.7740   -0.5480    0.3174
...    16 T-A ...
  -20.6179  -21.6453   36.2754
   -0.6253    0.7375   -0.2552
   -0.0846   -0.3892   -0.9173
   -0.7758   -0.5520    0.3057
...    17 T-A ...
  -23.1409  -23.2963   37.4583
   -0.5494    0.4028   -0.7321
    0.2900   -0.7298   -0.6191
   -0.7837   -0.5524    0.2841
...    18 T-A ...
  -25.7879  -24.8783   38.4310
   -0.2672   -0.0520   -0.9622
    0.5473   -0.8300   -0.1071
   -0.7931   -0.5553    0.2503
...    19 A-T ...
  -28.5808  -26.6127   38.9525
    0.1850   -0.4167   -0.8900
    0.5724   -0.6905    0.4423
   -0.7988   -0.5913    0.1108
...    20 T-A ...
  -31.4687  -28.1552   38.8048
    0.4633   -0.6906   -0.5554
    0.3962   -0.3992    0.8269
   -0.7927   -0.6031    0.0887
...    21 T-A ...
  -34.0819  -30.0719   38.7884
    0.6167   -0.7872   -0.0001
    0.0578    0.0452    0.9973
   -0.7851   -0.6151    0.0734
...    22 C-G ...
  -36.5273  -32.2435   38.9073
    0.5585   -0.5961    0.5768
   -0.3329    0.4758    0.8141
   -0.7597   -0.6467    0.0673
...    23 G-C ...
  -39.0914  -34.3004   39.4939
    0.3454   -0.1707    0.9228
   -0.6233    0.6934    0.3616
   -0.7016   -0.7000    0.1331
...    24 C-G ...
  -41.0880  -36.9158   39.9393
   -0.0285    0.2576    0.9658
   -0.7206    0.6643   -0.1985
   -0.6927   -0.7017    0.1667
...    25 A-T ...
  -43.5464  -39.1001   40.4087
   -0.3827    0.6429    0.6635
   -0.5898    0.3828   -0.7110
   -0.7111   -0.6634    0.2327
...    26 A-T ...
  -45.7117  -41.3128   41.3975
   -0.6606    0.7370    0.1428
   -0.2587   -0.0450   -0.9649
   -0.7048   -0.6743    0.2204
...    27 A-T ...
  -47.9816  -43.4219   42.3655
   -0.6931    0.5789   -0.4296
    0.1686   -0.4492   -0.8774
   -0.7009   -0.6805    0.2138
...    28 G-C ...
  -50.4521  -45.4389   43.2307
   -0.4525    0.3060   -0.8376
    0.5045   -0.6867   -0.5234
   -0.7353   -0.6594    0.1563
...    29 G-C ...
  -53.1741  -47.3724   43.6918
   -0.0416   -0.0480   -0.9980
    0.6529   -0.7574    0.0092
   -0.7563   -0.6512    0.0629
...    30 C-G ...
  -55.9304  -49.1965   43.6486
    0.3578   -0.4120   -0.8380
    0.5613   -0.6223    0.5456
   -0.7462   -0.6656    0.0086
...    31 C-G ...
  -58.5095  -51.3450   43.2363
    0.6694   -0.6159   -0.4154
    0.2627   -0.3268    0.9079
   -0.6949   -0.7168   -0.0570
...    32 G-C ...
  -60.6292  -53.9251   43.2680
    0.7815   -0.6036    0.1579
   -0.1747    0.0313    0.9841
   -0.5989   -0.7967   -0.0809
...    33 G-C ...
  -62.3697  -56.7697   42.6929
    0.6155   -0.4215    0.6659
   -0.5837    0.3239    0.7446
   -0.5296   -0.8470   -0.0467
...    34 C-G ...
  -63.7331  -59.7691   42.3541
    0.2253   -0.1396    0.9642
   -0.8333    0.4852    0.2650
   -0.5049   -0.8632   -0.0070
...    35 C-G ...
  -65.1229  -62.8409   42.4734
   -0.2191    0.2139    0.9520
   -0.8376    0.4592   -0.2960
   -0.5005   -0.8622    0.0786
...    36 C-G ...
  -66.6220  -65.8046   43.0382
   -0.5974    0.4943    0.6315
   -0.6004    0.2464   -0.7608
   -0.5317   -0.8336    0.1496
...    37 G-C ...
  -68.6869  -68.4293   43.2473
   -0.7756    0.6257    0.0834
   -0.1860   -0.1003   -0.9774
   -0.6032   -0.7736    0.1942
...    38 A-T ...
  -70.6967  -70.9143   43.9787
   -0.7217    0.4660   -0.5119
    0.3002   -0.4557   -0.8380
   -0.6238   -0.7584    0.1890
...    39 C-G ...
  -73.0803  -73.0018   44.9663
   -0.4456    0.1748   -0.8780
    0.6279   -0.6380   -0.4457
   -0.6381   -0.7499    0.1746
...    40 A-T ...
  -75.0912  -75.6116   45.4105
    0.0473   -0.1537   -0.9870
    0.7551   -0.6413    0.1360
   -0.6539   -0.7517    0.0857
...    41 C-G ...
  -77.6618  -77.7092   45.3723
    0.4509   -0.4445   -0.7740
    0.6175   -0.4708    0.6301
   -0.6445   -0.7621    0.0622
...    42 G-C ...
  -79.5751  -80.4194   45.7637
    0.7889   -0.5342   -0.3037
    0.2573   -0.1617    0.9527
   -0.5581   -0.8297    0.0099
...    43 A-T ...
  -81.3966  -83.1321   45.6688
    0.8184   -0.4885    0.3027
   -0.2486    0.1740    0.9529
   -0.5181   -0.8550    0.0210
...    44 C-G ...
  -82.7479  -86.1038   45.2078
    0.5960   -0.2907    0.7485
   -0.6405    0.3900    0.6615
   -0.4843   -0.8737    0.0462
...    45 T-A ...
  -83.9912  -89.1618   45.3115
    0.2158    0.0227    0.9762
   -0.8710    0.4563    0.1819
   -0.4413   -0.8896    0.1183
...    46 T-A ...
  -85.1692  -92.1487   45.7279
   -0.3005    0.2907    0.9084
   -0.8480    0.3545   -0.3939
   -0.4366   -0.8887    0.1400
...    47 A-T ...
  -86.7501  -95.0332   46.2431
   -0.7113    0.4967    0.4974
   -0.5297    0.0865   -0.8438
   -0.4621   -0.8636    0.2016
...    48 C-G ...
  -88.1022  -97.7681   47.5374
   -0.8736    0.4863   -0.0192
   -0.0924   -0.2044   -0.9745
   -0.4778   -0.8496    0.2235
...    49 T-A ...
  -89.8628 -100.3828   48.5617
   -0.7719    0.3358   -0.5398
    0.3675   -0.4573   -0.8099
   -0.5188   -0.8235    0.2296
...    50 G-C ...
  -91.5636 -103.1999   49.0058
   -0.3850    0.0586   -0.9211
    0.7329   -0.5871   -0.3437
   -0.5609   -0.8074    0.1831
...    51 T-A ...
  -93.9194 -105.4837   49.6240
    0.0641   -0.2502   -0.9661
    0.8296   -0.5248    0.1909
   -0.5547   -0.8137    0.1739
...    52 A-T ...
  -95.5974 -108.2942   50.3263
    0.5638   -0.5066   -0.6523
    0.6275   -0.2508    0.7371
   -0.5370   -0.8249    0.1765
...    53 G-C ...
  -97.4750 -111.0107   50.6002
    0.8456   -0.5008   -0.1845
    0.2482    0.0629    0.9667
   -0.4725   -0.8632    0.1775
...    54 G-C ...
  -99.0508 -113.9925   50.8468
    0.8955   -0.2923    0.3356
   -0.2401    0.3177    0.9173
   -0.3747   -0.9020    0.2143
...    55 T-A ...
  -99.9159 -117.1508   51.0621
    0.6699   -0.0334    0.7417
   -0.6643    0.4191    0.6189
   -0.3315   -0.9073    0.2586
...    56 A-T ...
 -100.6139 -120.2681   52.0081
    0.2635    0.3440    0.9012
   -0.9333    0.3271    0.1480
   -0.2439   -0.8802    0.4073
...    57 T-A ...
 -100.7249 -123.2204   53.4047
   -0.2264    0.4859    0.8442
   -0.9456    0.0983   -0.3102
   -0.2338   -0.8685    0.4372
...    58 C-G ...
 -101.4725 -125.9239   55.0661
   -0.7224    0.4863    0.4916
   -0.6512   -0.2391   -0.7203
   -0.2327   -0.8404    0.4894
...    59 T-A ...
 -102.2191 -128.4679   57.0417
   -0.9471    0.3205    0.0180
   -0.1865   -0.5038   -0.8435
   -0.2613   -0.8022    0.5369
...    60 C-G ...
 -103.2423 -130.9873   58.8899
   -0.8747   -0.0472   -0.4823
    0.4059   -0.6151   -0.6760
   -0.2647   -0.7871    0.5572
...    61 G-C ...
 -103.9235 -133.8906   60.4056
   -0.4722   -0.3574   -0.8058
    0.8274   -0.4949   -0.2653
   -0.3039   -0.7920    0.5294
...    62 A-T ...
 -105.0049 -136.4084   62.2350
    0.1141   -0.5832   -0.8043
    0.9518   -0.1679    0.2567
   -0.2847   -0.7948    0.5359
...    63 G-C ...
 -106.2055 -139.0420   63.8604
    0.6137   -0.5407   -0.5753
    0.7554    0.1903    0.6270
   -0.2296   -0.8194    0.5252
...    64 C-G ...
 -107.2660 -141.8258   65.3118
    0.9368   -0.2996   -0.1808
    0.3102    0.4718    0.8254
   -0.1620   -0.8292    0.5349
...    65 T-A ...
 -107.6925 -144.7425   66.7931
    0.9755    0.0697    0.2085
   -0.2113    0.5588    0.8019
   -0.0606   -0.8263    0.5599
...    66 C-G ...
 -107.7617 -147.4559   68.5706
    0.6883    0.4481    0.5705
   -0.7253    0.4100    0.5530
    0.0139   -0.7944    0.6072
...    67 G-C ...
 -107.6789 -149.8366   70.9011
    0.1915    0.7319    0.6539
   -0.9740    0.0597    0.2185
    0.1209   -0.6788    0.7243
...    68 G-C ...
 -106.8458 -151.7089   73.5713
   -0.3635    0.7245    0.5857
   -0.9189   -0.3822   -0.0975
    0.1532   -0.5736    0.8047
...    69 G-C ...
 -106.2556 -153.0839   76.6004
   -0.8108    0.4473    0.3776
   -0.5685   -0.7554   -0.3258
    0.1395   -0.4788    0.8668
...    70 A-T ...
 -105.9057 -154.4657   79.5757
   -0.9889   -0.0948    0.1146
    0.0334   -0.8922   -0.4503
    0.1449   -0.4415    0.8855
...    71 T-A ...
 -105.6039 -155.2792   82.7892
   -0.8205   -0.5639   -0.0940
    0.5413   -0.7134   -0.4451
    0.1840   -0.4161    0.8905
...    72 C-G ...
 -105.0934 -156.5784   85.7859
   -0.3216   -0.8915   -0.3191
    0.9247   -0.2232   -0.3083
    0.2036   -0.3943    0.8962
...    73 C-G ...
 -104.6592 -157.8392   88.9020
    0.2308   -0.8468   -0.4792
    0.9430    0.3160   -0.1042
    0.2397   -0.4279    0.8715
...    74 G-C ...
 -103.5465 -158.8458   91.8928
    0.6825   -0.4783   -0.5526
    0.6393    0.7572    0.1341
    0.3543   -0.4448    0.8226
...    75 C-G ...
 -102.6560 -160.6232   94.5240
    0.8871    0.0315   -0.4605
    0.1672    0.9079    0.3843
    0.4302   -0.4179    0.8002
...    76 T-A ...
 -101.0825 -162.2276   96.9162
    0.7926    0.5296   -0.3022
   -0.2974    0.7684    0.5667
    0.5323   -0.3593    0.7665
...    77 T-A ...
  -99.1919 -163.4187   99.2199
    0.4595    0.8879   -0.0229
   -0.6645    0.3607    0.6545
    0.5894   -0.2855    0.7557
...    78 T-A ...
  -97.0808 -164.2275  101.5008
   -0.0161    0.9621    0.2723
   -0.7855   -0.1807    0.5919
    0.6187   -0.2044    0.7586
...    79 A-T ...
  -94.8310 -164.3682  103.9462
   -0.5227    0.7415    0.4207
   -0.6047   -0.6703    0.4302
    0.6009   -0.0295    0.7987
...    80 A-T ...
  -92.8031 -164.1192  106.4641
   -0.7671    0.2344    0.5971
   -0.1823   -0.9721    0.1474
    0.6150    0.0042    0.7885
...    81 C-G ...
  -90.8758 -163.4031  109.1029
   -0.7431   -0.3104    0.5928
    0.2684   -0.9498   -0.1609
    0.6130    0.0395    0.7891
...    82 A-T ...
  -88.7457 -163.5559  111.6209
   -0.4491   -0.8107    0.3756
    0.6699   -0.5837   -0.4588
    0.5912    0.0456    0.8052
...    83 T-A ...
  -87.3349 -163.0772  114.6043
   -0.0062   -0.9923    0.1240
    0.7937   -0.0803   -0.6030
    0.6083    0.0947    0.7881
...    84 C-G ...
  -85.4242 -162.6439  117.2620
    0.4688   -0.8437   -0.2615
    0.6166    0.5245   -0.5872
    0.6326    0.1140    0.7661
...    85 A-T ...
  -83.2613 -161.9820  119.6935
    0.6672   -0.4065   -0.6242
    0.2225    0.9085   -0.3538
    0.7108    0.0972    0.6966
...    86 T-A ...
  -80.9889 -162.3044  122.0185
    0.6643    0.0905   -0.7420
   -0.1462    0.9892   -0.0103
    0.7330    0.1153    0.6704
...    87 G-C ...
  -78.3451 -161.8714  124.0255
    0.3429    0.5646   -0.7508
   -0.4607    0.7976    0.3893
    0.8186    0.2123    0.5336
...    88 T-A ...
  -75.3737 -161.4666  125.2407
   -0.0047    0.8643   -0.5030
   -0.5551    0.4162    0.7202
    0.8318    0.2826    0.4778
...    89 T-A ...
  -72.5947 -160.4684  126.5103
   -0.3622    0.9295   -0.0700
   -0.4349   -0.1021    0.8947
    0.8244    0.3545    0.4412
...    90 A-T ...
  -69.9384 -158.8260  127.6649
   -0.6501    0.6720    0.3548
   -0.1075   -0.5436    0.8325
    0.7522    0.5030    0.4256
...    91 T-A ...
  -67.5848 -156.6872  128.5199
   -0.6122    0.3105    0.7272
    0.2518   -0.7952    0.5516
    0.7496    0.5208    0.4086
...    92 A-T ...
  -64.9172 -155.2438  129.9741
   -0.2710   -0.2269    0.9355
    0.5940   -0.8042   -0.0230
    0.7575    0.5494    0.3527
...    93 A-T ...
  -62.6923 -153.1534  131.1449
    0.1807   -0.6093    0.7721
    0.6271   -0.5333   -0.5677
    0.7577    0.5868    0.2858
...    94 C-G ...
  -60.5538 -150.9739  132.5183
    0.4917   -0.7925    0.3607
    0.4281   -0.1407   -0.8927
    0.7582    0.5934    0.2701
...    95 G-C ...
  -58.0087 -148.8436  132.8622
    0.5795   -0.7846   -0.2203
    0.0484    0.3030   -0.9518
    0.8135    0.5409    0.2135
...    96 G-C ...
  -55.3291 -147.0567  133.8303
    0.4349   -0.5552   -0.7090
   -0.2896    0.6593   -0.6939
    0.8527    0.5071    0.1259
...    97 A-T ...
  -52.5570 -145.4477  134.3015
    0.1311   -0.1271   -0.9832
   -0.4952    0.8508   -0.1760
    0.8588    0.5100    0.0486
...    98 C-G ...
  -49.5017 -144.3455  134.2849
   -0.1952    0.2747   -0.9415
   -0.4855    0.8070    0.3361
    0.8522    0.5227   -0.0242
...    99 T-A ...
  -46.6515 -142.8156  133.7711
   -0.5039    0.5763   -0.6434
   -0.2907    0.5883    0.7546
    0.8134    0.5673   -0.1289
...   100 T-A ...
  -44.0618 -141.0401  133.0437
   -0.6206    0.7736   -0.1281
    0.0502    0.2023    0.9780
    0.7825    0.6006   -0.1643
...   101 T-A ...
  -41.6555 -139.0549  132.1911
   -0.5059    0.7476    0.4303
    0.4035   -0.2358    0.8841
    0.7624    0.6209   -0.1824
...   102 A-T ...
  -39.2328 -136.8601  131.6247
   -0.2165    0.4535    0.8646
    0.6542   -0.5900    0.4733
    0.7247    0.6680   -0.1690
...   103 T-A ...
  -37.3916 -134.2175  130.8697
    0.1569    0.1107    0.9814
    0.6785   -0.7342   -0.0257
    0.7177    0.6699   -0.1903
...   104 G-C ...
  -34.8539 -132.1932  130.2938
    0.4764   -0.3605    0.8019
    0.4844   -0.6536   -0.5816
    0.7338    0.6655   -0.1367
...   105 C-G ...
  -32.5914 -129.7818  130.1163
    0.6437   -0.6730    0.3643
    0.1464   -0.3589   -0.9218
    0.7512    0.6467   -0.1325
...   106 T-A ...
  -30.0631 -127.6634  129.9916
    0.5913   -0.7914   -0.1553
   -0.2100    0.0349   -0.9771
    0.7787    0.6103   -0.1455
...   107 T-A ...
  -27.4735 -125.7283  129.7778
    0.3693   -0.6438   -0.6701
   -0.5165    0.4573   -0.7240
    0.7726    0.6135   -0.1636
...   108 C-G ...
  -24.8942 -123.8174  129.2531
   -0.0356   -0.3076   -0.9508
   -0.6361    0.7408   -0.2158
    0.7708    0.5972   -0.2220
...   109 C-G ...
  -22.1209 -122.1634  128.3271
   -0.4489    0.0466   -0.8924
   -0.5124    0.8047    0.2999
    0.7320    0.5919   -0.3373
...   110 G-C ...
  -19.9751 -119.9810  127.0571
   -0.7578    0.3659   -0.5403
   -0.1655    0.6931    0.7016
    0.6312    0.6210   -0.4647
...   111 G-C ...
  -18.1555 -118.0269  124.9886
   -0.7953    0.6043   -0.0488
    0.2807    0.4384    0.8538
    0.5373    0.6653   -0.5183
...   112 C-G ...
  -16.7945 -115.8620  122.9078
   -0.5517    0.7108    0.4364
    0.6778    0.0770    0.7312
    0.4861    0.6992   -0.5242
...   113 T-A ...
  -15.5970 -113.4286  121.0205
   -0.1509    0.6138    0.7749
    0.8838   -0.2674    0.3839
    0.4429    0.7428   -0.5022
...   114 C-G ...
  -14.2910 -110.8815  119.4362
    0.3811    0.3347    0.8618
    0.8162   -0.5597   -0.1435
    0.4343    0.7581   -0.4865
...   115 G-C ...
  -12.5344 -108.6071  117.7726
    0.7287   -0.0921    0.6786
    0.4838   -0.6322   -0.6052
    0.4847    0.7693   -0.4161
...   116 T-A ...
  -11.1464 -105.7328  116.8757
    0.8645   -0.4179    0.2793
    0.0391   -0.4981   -0.8662
    0.5012    0.7598   -0.4142
...   117 A-T ...
   -9.5143 -103.2882  115.3286
    0.7048   -0.6590   -0.2626
   -0.4733   -0.1612   -0.8660
    0.5284    0.7347   -0.4255
...   118 T-A ...
   -7.3787 -100.9438  114.4732
    0.3730   -0.6580   -0.6542
   -0.7633    0.1831   -0.6195
    0.5274    0.7304   -0.4339
...   119 A-T ...
   -5.5677  -98.6447  112.9251
   -0.1635   -0.5133   -0.8425
   -0.8324    0.5301   -0.1615
    0.5295    0.6749   -0.5139
...   120 A-T ...
   -3.6774  -96.6827  111.1802
   -0.6054   -0.1520   -0.7813
   -0.6037    0.7274    0.3263
    0.5187    0.6692   -0.5321
...   121 T-A ...
   -1.7565  -95.0492  109.0842
   -0.8333    0.2130   -0.5101
   -0.2257    0.7112    0.6658
    0.5046    0.6699   -0.5445
...   122 G-C ...
   -0.3642  -92.7179  107.1644
   -0.8774    0.4797   -0.0003
    0.2778    0.5086    0.8149
    0.3911    0.7149   -0.5796
...   123 T-A ...
    0.5169  -90.6091  104.7870
   -0.6294    0.6442    0.4346
    0.6889    0.2038    0.6956
    0.3595    0.7372   -0.5720
...   124 G-C ...
    1.6135  -87.9928  103.0642
   -0.1850    0.5681    0.8019
    0.9334   -0.1537    0.3243
    0.3075    0.8084   -0.5019
...   125 T-A ...
    1.9944  -85.1728  101.3838
    0.3079    0.3864    0.8694
    0.9001   -0.4143   -0.1347
    0.3082    0.8241   -0.4753
...   126 C-G ...
    2.9335  -82.3942   99.9495
    0.7601    0.0523    0.6477
    0.5637   -0.5489   -0.6172
    0.3232    0.8343   -0.4467
...   127 G-C ...
    4.2662  -79.8584   98.2667
    0.9062   -0.3406    0.2505
    0.0712   -0.4611   -0.8845
    0.4167    0.8194   -0.3936
...   128 A-T ...
    5.6646  -77.1542   97.0886
    0.7684   -0.5688   -0.2934
   -0.4609   -0.1737   -0.8703
    0.4440    0.8039   -0.3957
...   129 C-G ...
    7.5535  -74.5784   96.2515
    0.4129   -0.5976   -0.6873
   -0.7849    0.1493   -0.6013
    0.4619    0.7878   -0.4074
...   130 C-G ...
    9.4275  -72.1465   94.8787
   -0.1036   -0.4890   -0.8661
   -0.8747    0.4593   -0.1547
    0.4735    0.7416   -0.4753
...   131 A-T ...
   10.8597  -69.6715   93.2065
   -0.6142   -0.2237   -0.7568
   -0.6588    0.6733    0.3356
    0.4345    0.7047   -0.5609
...   132 A-T ...
   12.3756  -67.6157   91.2060
   -0.8771    0.1873   -0.4422
   -0.2086    0.6809    0.7021
    0.4326    0.7080   -0.5581
...   133 A-T ...
   13.7260  -65.5012   89.1519
   -0.8495    0.5270    0.0249
    0.3101    0.4605    0.8317
    0.4269    0.7143   -0.5546
...   134 T-A ...
   14.7283  -63.4122   86.8245
   -0.5924    0.6746    0.4405
    0.6886    0.1400    0.7115
    0.4183    0.7248   -0.5474
...   135 G-C ...
   15.7211  -61.4787   83.9378
    0.0342    0.7399    0.6718
    0.8637   -0.3601    0.3526
    0.5028    0.5682   -0.6514
...   136 T-A ...
   15.7739  -59.5464   80.8036
    0.5516    0.4996    0.6680
    0.6739   -0.7388   -0.0038
    0.4916    0.4523   -0.7442
...   137 G-C ...
   16.8280  -57.7075   78.2738
    0.8528   -0.0847    0.5152
    0.1508   -0.9047   -0.3984
    0.4999    0.4175   -0.7588
...   138 A-T ...
   18.4175  -55.5141   76.5363
    0.8547   -0.5007    0.1370
   -0.3189   -0.7148   -0.6224
    0.4096    0.4883   -0.7706
...   139 G-C ...
   20.4152  -54.2944   74.5497
    0.5847   -0.7389   -0.3350
   -0.7594   -0.3532   -0.5465
    0.2854    0.5739   -0.7676
...   140 C-G ...
   21.4163  -51.8107   72.7950
    0.1305   -0.7142   -0.6876
   -0.8897    0.2217   -0.3991
    0.4375    0.6639   -0.6065
...   141 G-C ...
   22.1406  -50.1330   67.4725
   -0.4682   -0.8748    0.1248
   -0.8495    0.4067   -0.3362
    0.2434   -0.2634   -0.9335
...   142 C-G ...
   22.3377  -51.2251   64.5019
   -0.8529   -0.5117   -0.1032
   -0.4974    0.8566   -0.1372
    0.1587   -0.0657   -0.9851
...   143 T-A ...
   24.0059  -51.6201   61.9333
   -0.9563    0.0399   -0.2897
    0.0522    0.9980   -0.0348
    0.2877   -0.0484   -0.9565
...   144 C-G ...
   24.8857  -52.7206   58.9948
   -0.7530    0.5560   -0.3520
    0.5213    0.8304    0.1966
    0.4016   -0.0355   -0.9151
...   145 A-T ...
   25.5173  -52.9609   55.8127
   -0.2442    0.9563   -0.1609
    0.8907    0.2867    0.3528
    0.3835   -0.0571   -0.9218
...   146 C-G ...
   25.2677  -52.4924   52.0871
    0.3203    0.9428   -0.0928
    0.8825   -0.2613    0.3910
    0.3444   -0.2071   -0.9157
...   147 A-T ...
   25.6133  -52.5731   48.6479
    0.8597    0.5097    0.0339
    0.4498   -0.7866    0.4230
    0.2423   -0.3484   -0.9055
