  147 base-pairs
...     1 T-A ...
    0.0000    0.0000    0.0000
    1.0000    0.0000    0.0000
    0.0000    1.0000    0.0000
    0.0000    0.0000    1.0000
...     2 G-C ...
   -0.5555   -1.1003    3.3981
    0.7749    0.6051    0.1828
   -0.5991    0.7953   -0.0929
   -0.2016   -0.0375    0.9787
...     3 T-A ...
   -0.6619   -3.0237    6.5348
    0.3046    0.9250    0.2271
   -0.8994    0.3578   -0.2510
   -0.3134   -0.1278    0.9410
...     4 G-C ...
   -1.1607   -3.8418    9.6940
   -0.3351    0.9421    0.0133
   -0.8752   -0.3061   -0.3746
   -0.3489   -0.1372    0.9271
...     5 A-T ...
   -1.3881   -3.6770   12.8999
   -0.7835    0.6162   -0.0801
   -0.5677   -0.7622   -0.3109
   -0.2527   -0.1981    0.9470
...     6 G-C ...
   -2.6236   -3.5448   15.7072
   -0.9923    0.0611   -0.1075
   -0.0294   -0.9610   -0.2748
   -0.1201   -0.2695    0.9555
...     7 C-G ...
   -2.3138   -3.7570   18.8866
   -0.8620   -0.4995   -0.0864
    0.5008   -0.8655    0.0073
   -0.0785   -0.0370    0.9962
...     8 G-C ...
   -3.9561   -6.8109   23.3205
   -0.2581   -0.3560   -0.8981
    0.6294   -0.7673    0.1233
   -0.7330   -0.5335    0.4221
...     9 C-G ...
   -6.1177   -8.9414   24.2385
    0.1143   -0.7320   -0.6716
    0.8123   -0.3203    0.4874
   -0.5720   -0.6013    0.5580
...    10 T-A ...
   -8.5041   -9.6771   26.0540
    0.4660   -0.8587   -0.2131
    0.6274    0.1508    0.7640
   -0.6239   -0.4897    0.6090
...    11 C-G ...
  -11.0625  -11.3174   27.2336
    0.6660   -0.6911    0.2808
    0.3382    0.6152    0.7121
   -0.6649   -0.3794    0.6435
...    12 A-T ...
  -13.0013  -13.1789   29.0658
    0.7188   -0.1490    0.6790
   -0.1787    0.9043    0.3876
   -0.6718   -0.4000    0.6235
...    13 C-G ...
  -14.1788  -15.9359   31.3399
    0.4052    0.2865    0.8682
   -0.5270    0.8492   -0.0343
   -0.7470   -0.4437    0.4951
...    14 A-T ...
  -15.9532  -18.1566   33.3080
   -0.1503    0.6873    0.7107
   -0.6106    0.5008   -0.6135
   -0.7776   -0.5261    0.3444
...    15 A-T ...
  -18.2940  -19.9800   34.6373
   -0.4865    0.8381    0.2468
   -0.4045    0.0343   -0.9139
   -0.7744   -0.5445    0.3224
...    16 T-A ...
  -20.6041  -21.6221   36.3106
   -0.6226    0.7437   -0.2435
   -0.0992   -0.3836   -0.9181
   -0.7762   -0.5475    0.3126
...    17 T-A ...
  -23.1223  -23.2497   37.5328
   -0.5593    0.4140   -0.7182
    0.2719   -0.7269   -0.6307
   -0.7831   -0.5480    0.2939
...    18 T-A ...
  -25.7662  -24.8039   38.5555
   -0.2917   -0.0386   -0.9557
    0.5366   -0.8337   -0.1301
   -0.7918   -0.5508    0.2639
...    19 A-T ...
  -28.5730  -26.4858   39.1289
    0.1518   -0.4005   -0.9037
    0.5791   -0.7049    0.4096
   -0.8010   -0.5855    0.1249
...    20 T-A ...
  -31.4804  -27.9926   39.0469
    0.4356   -0.6819   -0.5876
    0.4218   -0.4221    0.8025
   -0.7952   -0.5974    0.1038
...    21 T-A ...
  -34.1131  -29.8778   39.0765
    0.6094   -0.7914   -0.0485
    0.1004    0.0164    0.9948
   -0.7865   -0.6111    0.0894
...    22 C-G ...
  -36.5642  -32.0278   39.2330
    0.5837   -0.6170    0.5278
   -0.2883    0.4502    0.8451
   -0.7591   -0.6454    0.0849
...    23 G-C ...
  -39.0824  -34.1029   39.8727
    0.4037   -0.2040    0.8919
   -0.5963    0.6806    0.4256
   -0.6939   -0.7037    0.1531
...    24 C-G ...
  -41.0359  -36.7292   40.3609
    0.0436    0.2207    0.9744
   -0.7311    0.6717   -0.1194
   -0.6808   -0.7072    0.1906
...    25 A-T ...
  -43.4213  -38.9491   40.9659
   -0.3190    0.6164    0.7199
   -0.6476    0.4129   -0.6405
   -0.6920   -0.6705    0.2675
...    26 A-T ...
  -45.4978  -41.1902   42.0664
   -0.6370    0.7337    0.2366
   -0.3496   -0.0014   -0.9369
   -0.6870   -0.6795    0.2574
...    27 A-T ...
  -47.6814  -43.3214   43.1693
   -0.7262    0.6032   -0.3299
    0.0742   -0.4082   -0.9099
   -0.6835   -0.6852    0.2517
...    28 G-C ...
  -50.0659  -45.3552   44.1959
   -0.5359    0.3522   -0.7673
    0.4365   -0.6624   -0.6089
   -0.7227   -0.6612    0.2013
...    29 G-C ...
  -52.7445  -47.2813   44.8596
   -0.1548    0.0080   -0.9879
    0.6393   -0.7616   -0.1064
   -0.7532   -0.6480    0.1128
...    30 C-G ...
  -55.5046  -49.0771   45.0372
    0.2511   -0.3637   -0.8970
    0.6131   -0.6574    0.4382
   -0.7491   -0.6600    0.0579
...    31 C-G ...
  -58.1463  -51.1679   44.8083
    0.6049   -0.5913   -0.5332
    0.3691   -0.3852    0.8458
   -0.7056   -0.7085   -0.0147
...    32 G-C ...
  -60.2722  -53.7217   44.9363
    0.7893   -0.6138    0.0124
   -0.0428   -0.0348    0.9985
   -0.6125   -0.7887   -0.0537
...    33 G-C ...
  -62.0927  -56.5171   44.3911
    0.6991   -0.4667    0.5417
   -0.4708    0.2698    0.8400
   -0.5381   -0.8423   -0.0311
...    34 C-G ...
  -63.5066  -59.4807   44.0356
    0.3644   -0.2081    0.9077
   -0.7809    0.4627    0.4196
   -0.5073   -0.8617    0.0062
...    35 C-G ...
  -64.8623  -62.5651   44.1332
   -0.0638    0.1432    0.9876
   -0.8692    0.4783   -0.1255
   -0.4904   -0.8664    0.0939
...    36 C-G ...
  -66.2568  -65.5710   44.7205
   -0.4762    0.4463    0.7577
   -0.7156    0.3040   -0.6288
   -0.5109   -0.8417    0.1746
...    37 G-C ...
  -68.2807  -68.1884   45.1057
   -0.7354    0.6228    0.2671
   -0.3582   -0.0227   -0.9334
   -0.5752   -0.7821    0.2397
...    38 A-T ...
  -70.1772  -70.6975   46.0025
   -0.7908    0.5144   -0.3316
    0.1296   -0.3888   -0.9122
   -0.5981   -0.7644    0.2408
...    39 C-G ...
  -72.3883  -72.8262   47.2458
   -0.5976    0.2559   -0.7599
    0.5134   -0.6058   -0.6078
   -0.6159   -0.7533    0.2306
...    40 A-T ...
  -74.3644  -75.4188   47.8483
   -0.1507   -0.0631   -0.9866
    0.7445   -0.6638   -0.0713
   -0.6504   -0.7452    0.1471
...    41 C-G ...
  -76.9598  -77.4586   48.1288
    0.2707   -0.3769   -0.8858
    0.7128   -0.5399    0.4476
   -0.6470   -0.7526    0.1225
...    42 G-C ...
  -78.8434  -80.1505   48.6504
    0.6873   -0.5179   -0.5093
    0.4406   -0.2602    0.8592
   -0.5775   -0.8149    0.0494
...    43 A-T ...
  -80.7568  -82.7937   48.6821
    0.8420   -0.5345    0.0727
   -0.0338    0.0822    0.9960
   -0.5384   -0.8412    0.0511
...    44 C-G ...
  -82.2954  -85.6720   48.2475
    0.7307   -0.3805    0.5669
   -0.4628    0.3345    0.8209
   -0.5020   -0.8622    0.0683
...    45 T-A ...
  -83.6151  -88.6919   48.3251
    0.4323   -0.0858    0.8976
   -0.7832    0.4575    0.4210
   -0.4468   -0.8850    0.1306
...    46 T-A ...
  -84.8063  -91.6736   48.7126
   -0.0603    0.2032    0.9773
   -0.8967    0.4191   -0.1425
   -0.4385   -0.8849    0.1569
...    47 A-T ...
  -86.2443  -94.5768   49.4176
   -0.5102    0.4825    0.7119
   -0.7286    0.1974   -0.6559
   -0.4570   -0.8533    0.2509
...    48 C-G ...
  -87.3985  -97.3391   50.8074
   -0.7992    0.5385    0.2670
   -0.3750   -0.0994   -0.9217
   -0.4698   -0.8367    0.2814
...    49 T-A ...
  -89.0224  -99.9146   52.0878
   -0.8560    0.4444   -0.2641
    0.0769   -0.3957   -0.9152
   -0.5112   -0.8037    0.3046
...    50 G-C ...
  -90.8233 -102.6063   52.7874
   -0.6244    0.1902   -0.7576
    0.5344   -0.6034   -0.5919
   -0.5697   -0.7745    0.2751
...    51 T-A ...
  -93.1351 -104.7388   53.8858
   -0.2496   -0.1453   -0.9574
    0.7826   -0.6126   -0.1110
   -0.5704   -0.7769    0.2666
...    52 A-T ...
  -94.8226 -107.4630   54.8359
    0.2771   -0.4877   -0.8279
    0.7818   -0.3864    0.4893
   -0.5585   -0.7829    0.2742
...    53 G-C ...
  -96.8604 -109.9901   55.4796
    0.6765   -0.5657   -0.4716
    0.5334   -0.0652    0.8434
   -0.5078   -0.8220    0.2576
...    54 G-C ...
  -98.6849 -112.7853   56.0086
    0.9044   -0.4264    0.0178
    0.0971    0.2461    0.9644
   -0.4156   -0.8704    0.2640
...    55 T-A ...
  -99.8922 -115.8264   56.2852
    0.8525   -0.1917    0.4863
   -0.3725    0.4300    0.8224
   -0.3668   -0.8822    0.2952
...    56 A-T ...
 -100.6671 -118.9521   57.1492
    0.5929    0.2153    0.7760
   -0.7714    0.4284    0.4705
   -0.2312   -0.8776    0.4201
...    57 T-A ...
 -100.7736 -121.9841   58.3485
    0.1481    0.4280    0.8916
   -0.9661    0.2556    0.0378
   -0.2117   -0.8669    0.4513
...    58 C-G ...
 -101.3405 -124.7049   60.0277
   -0.4159    0.5427    0.7298
   -0.8880   -0.0693   -0.4545
   -0.1961   -0.8371    0.5108
...    59 A-T ...
 -102.1839 -127.3784   61.8033
   -0.8171    0.4888    0.3056
   -0.5250   -0.4121   -0.7447
   -0.2381   -0.7690    0.5933
...    60 T-A ...
 -102.7387 -129.4819   64.2866
   -0.9744    0.2004   -0.1019
   -0.0428   -0.6105   -0.7908
   -0.2207   -0.7662    0.6035
...    61 G-C ...
 -103.6017 -132.1748   66.0030
   -0.8096   -0.1579   -0.5653
    0.5204   -0.6384   -0.5670
   -0.2714   -0.7533    0.5991
...    62 T-A ...
 -104.9484 -134.2911   68.2179
   -0.4174   -0.4730   -0.7759
    0.8698   -0.4553   -0.1903
   -0.2632   -0.7543    0.6014
...    63 T-A ...
 -106.0912 -136.5788   70.2415
    0.1467   -0.6782   -0.7201
    0.9593   -0.0799    0.2708
   -0.2412   -0.7305    0.6389
...    64 A-T ...
 -106.7801 -138.9715   72.4544
    0.6943   -0.5627   -0.4486
    0.6929    0.3545    0.6278
   -0.1943   -0.7468    0.6361
...    65 T-A ...
 -107.7159 -141.6972   74.0179
    0.9510   -0.2942   -0.0946
    0.2601    0.5967    0.7592
   -0.1669   -0.7466    0.6440
...    66 A-T ...
 -108.0330 -144.4851   75.8339
    0.9640    0.1993    0.1759
   -0.2641    0.6432    0.7187
    0.0300   -0.7393    0.6727
...    67 A-T ...
 -107.7076 -146.9439   77.8808
    0.6658    0.5677    0.4842
   -0.7401    0.4203    0.5249
    0.0945   -0.7079    0.7000
...    68 C-G ...
 -106.7611 -149.2997   79.9132
    0.1978    0.7499    0.6313
   -0.9696    0.0551    0.2383
    0.1440   -0.6592    0.7380
...    69 G-C ...
 -106.4807 -151.1139   82.6944
   -0.3723    0.7456    0.5526
   -0.9081   -0.4156   -0.0512
    0.1915   -0.5209    0.8318
...    70 G-C ...
 -105.7515 -152.3032   85.7710
   -0.8127    0.4421    0.3796
   -0.5542   -0.7877   -0.2690
    0.1801   -0.4290    0.8852
...    71 A-T ...
 -105.2355 -153.5226   88.7889
   -0.9811   -0.1163    0.1545
    0.0432   -0.9107   -0.4108
    0.1885   -0.3963    0.8985
...    72 T-A ...
 -104.7888 -154.1790   92.0204
   -0.8086   -0.5872   -0.0381
    0.5423   -0.7185   -0.4354
    0.2283   -0.3727    0.8994
...    73 C-G ...
 -104.1135 -155.3181   95.0432
   -0.3177   -0.9079   -0.2735
    0.9148   -0.2177   -0.3401
    0.2492   -0.3583    0.8997
...    74 T-A ...
 -103.5703 -156.5625   98.0777
    0.2074   -0.8744   -0.4386
    0.9375    0.3057   -0.1661
    0.2793   -0.3767    0.8832
...    75 C-G ...
 -102.7695 -157.7502  101.0331
    0.7030   -0.5155   -0.4900
    0.6294    0.7717    0.0912
    0.3311   -0.3726    0.8669
...    76 G-C ...
 -101.5617 -158.6586  104.0078
    0.8583    0.0382   -0.5117
    0.1461    0.9377    0.3152
    0.4919   -0.3453    0.7992
...    77 A-T ...
  -99.9320 -159.8395  106.5343
    0.7413    0.5862   -0.3269
   -0.3546    0.7556    0.5508
    0.5699   -0.2923    0.7680
...    78 G-C ...
  -97.7592 -160.8479  108.7636
    0.3887    0.9151   -0.1078
   -0.6573    0.3573    0.6636
    0.6457   -0.1871    0.7403
...    79 C-G ...
  -95.2113 -161.2320  110.7802
   -0.0658    0.9785    0.1956
   -0.7283   -0.1811    0.6609
    0.6821   -0.0990    0.7246
...    80 T-A ...
  -92.7418 -161.1520  112.9471
   -0.4796    0.7528    0.4509
   -0.5399   -0.6582    0.5247
    0.6918    0.0082    0.7221
...    81 C-G ...
  -90.5837 -160.8079  115.3796
   -0.7105    0.2303    0.6649
   -0.1237   -0.9711    0.2042
    0.6927    0.0628    0.7185
...    82 G-C ...
  -88.4880 -160.9782  117.9732
   -0.6770   -0.3644    0.6394
    0.3488   -0.9239   -0.1572
    0.6481    0.1166    0.7526
...    83 G-C ...
  -86.4853 -160.3796  120.6299
   -0.3843   -0.8179    0.4282
    0.6747   -0.5654   -0.4745
    0.6302    0.1066    0.7691
...    84 G-C ...
  -84.5064 -159.8339  123.3151
    0.0309   -0.9973    0.0661
    0.7631   -0.0192   -0.6460
    0.6456    0.0704    0.7604
...    85 A-T ...
  -82.4844 -159.4253  125.8674
    0.4631   -0.8185   -0.3400
    0.5727    0.5691   -0.5900
    0.6764    0.0785    0.7323
...    86 T-A ...
  -80.5887 -159.6614  128.5414
    0.6790   -0.4239   -0.5993
    0.2488    0.9010   -0.3554
    0.6907    0.0922    0.7173
...    87 C-G ...
  -78.3534 -159.4199  130.9004
    0.6408    0.1591   -0.7511
   -0.1940    0.9801    0.0421
    0.7428    0.1187    0.6589
...    88 C-G ...
  -75.6615 -159.3293  132.9095
    0.3321    0.6193   -0.7114
   -0.4846    0.7591    0.4346
    0.8092    0.2004    0.5523
...    89 G-C ...
  -72.9819 -158.2574  134.5724
   -0.1278    0.8726   -0.4715
   -0.5277    0.3427    0.7773
    0.8398    0.3481    0.4166
...    90 C-G ...
  -70.0869 -156.9066  135.3421
   -0.4478    0.8939   -0.0177
   -0.3341   -0.1489    0.9307
    0.8293    0.4227    0.3654
...    91 T-A ...
  -67.4034 -155.1741  136.1692
   -0.6084    0.6580    0.4438
    0.0055   -0.5557    0.8314
    0.7936    0.5082    0.3345
...    92 T-A ...
  -64.8925 -153.2752  136.9887
   -0.4693    0.2407    0.8496
    0.3681   -0.8212    0.4360
    0.8026    0.5174    0.2969
...    93 T-A ...
  -62.4412 -151.2722  137.7868
   -0.1192   -0.2455    0.9620
    0.5713   -0.8094   -0.1357
    0.8120    0.5334    0.2368
...    94 A-T ...
  -59.3858 -149.8101  138.1073
    0.3569   -0.6630    0.6581
    0.4802   -0.4741   -0.7380
    0.8013    0.5794    0.1491
...    95 A-T ...
  -56.9369 -147.7776  138.8150
    0.6023   -0.7896    0.1172
    0.1584   -0.0257   -0.9870
    0.7824    0.6131    0.1095
...    96 C-G ...
  -54.3942 -145.8751  139.7387
    0.5750   -0.7043   -0.4163
   -0.1930    0.3777   -0.9056
    0.7950    0.6011    0.0813
...    97 A-T ...
  -51.8105 -143.7798  139.8421
    0.2649   -0.4498   -0.8529
   -0.4794    0.7060   -0.5212
    0.8366    0.5470   -0.0287
...    98 C-G ...
  -48.7936 -142.5385  139.8300
   -0.0688   -0.0661   -0.9954
   -0.5436    0.8391   -0.0182
    0.8365    0.5399   -0.0937
...    99 T-A ...
  -45.9340 -141.0476  139.2060
   -0.4229    0.3065   -0.8528
   -0.4082    0.7757    0.4812
    0.8090    0.5516   -0.2029
...   100 T-A ...
  -43.3157 -139.4021  138.2911
   -0.6177    0.6511   -0.4410
   -0.0925    0.4968    0.8629
    0.7809    0.5738   -0.2466
...   101 T-A ...
  -40.8738 -137.5937  137.1851
   -0.5858    0.8024    0.1139
    0.2837    0.0714    0.9562
    0.7592    0.5925   -0.2695
...   102 A-T ...
  -38.4921 -135.4612  136.2656
   -0.3601    0.6634    0.6559
    0.6043   -0.3698    0.7057
    0.7108    0.6505   -0.2677
...   103 T-A ...
  -36.6839 -132.9942  135.0105
    0.0057    0.3965    0.9180
    0.7091   -0.6489    0.2759
    0.7050    0.6494   -0.2849
...   104 G-C ...
  -34.1833 -130.9782  134.2178
    0.3729   -0.0833    0.9241
    0.5973   -0.7406   -0.3078
    0.7101    0.6667   -0.2264
...   105 C-G ...
  -32.0359 -128.5032  133.6744
    0.6220   -0.4895    0.6112
    0.2970   -0.5747   -0.7626
    0.7245    0.6558   -0.2121
...   106 T-A ...
  -29.6394 -126.2525  133.2795
    0.6549   -0.7445    0.1298
   -0.0737   -0.2338   -0.9695
    0.7521    0.6253   -0.2080
...   107 T-A ...
  -27.1759 -124.1793  132.8706
    0.5010   -0.7449   -0.4406
   -0.4441    0.2157   -0.8696
    0.7428    0.6314   -0.2227
...   108 C-G ...
  -24.6938 -122.1722  132.1837
    0.1144   -0.5158   -0.8490
   -0.6549    0.6035   -0.4549
    0.7470    0.6080   -0.2687
...   109 C-G ...
  -21.9699 -120.4489  131.2229
   -0.3301   -0.1883   -0.9250
   -0.6058    0.7938    0.0546
    0.7240    0.5783   -0.3760
...   110 G-C ...
  -19.8361 -118.3278  129.7980
   -0.7053    0.1783   -0.6862
   -0.3054    0.7970    0.5210
    0.6398    0.5770   -0.5077
...   111 G-C ...
  -17.8842 -116.6211  127.6325
   -0.8226    0.5086   -0.2544
    0.1377    0.6121    0.7787
    0.5517    0.6055   -0.5735
...   112 C-G ...
  -16.4080 -114.7571  125.3392
   -0.6489    0.7248    0.2314
    0.5734    0.2660    0.7749
    0.5001    0.6355   -0.5882
...   113 T-A ...
  -15.1417 -112.5861  123.1850
   -0.2846    0.7214    0.6313
    0.8459   -0.1208    0.5194
    0.4510    0.6819   -0.5759
...   114 C-G ...
  -13.8146 -110.2347  121.3293
    0.2530    0.5025    0.8267
    0.8620   -0.5050    0.0432
    0.4392    0.7017   -0.5610
...   115 G-C ...
  -12.0138 -108.0952  119.5132
    0.6500    0.0756    0.7562
    0.5907   -0.6763   -0.4401
    0.4781    0.7327   -0.4843
...   116 T-A ...
  -10.7143 -105.2837  118.3137
    0.8534   -0.3001    0.4262
    0.1665   -0.6178   -0.7685
    0.4939    0.7268   -0.4773
...   117 A-T ...
   -9.1028 -102.9942  116.4942
    0.7705   -0.6280   -0.1092
   -0.3800   -0.3151   -0.8697
    0.5117    0.7116   -0.4814
...   118 T-A ...
   -7.0702 -100.6092  115.4904
    0.4740   -0.7036   -0.5294
   -0.7180    0.0392   -0.6950
    0.5097    0.7095   -0.4866
...   119 A-T ...
   -5.4168  -98.3119  113.7466
   -0.0640   -0.5998   -0.7976
   -0.8534    0.4472   -0.2678
    0.5173    0.6635   -0.5405
...   120 A-T ...
   -3.5464  -96.3615  111.9592
   -0.5371   -0.2572   -0.8033
   -0.6718    0.7064    0.2230
    0.5101    0.6595   -0.5522
...   121 T-A ...
   -1.5881  -94.7612  109.8640
   -0.8076    0.1190   -0.5776
   -0.3139    0.7424    0.5919
    0.4993    0.6593   -0.5622
...   122 G-C ...
   -0.1922  -92.4600  107.9002
   -0.8987    0.4296   -0.0876
    0.1987    0.5771    0.7922
    0.3909    0.6946   -0.6040
...   123 T-A ...
    0.7335  -90.4615  105.4367
   -0.6830    0.6387    0.3544
    0.6360    0.2813    0.7186
    0.3592    0.7162   -0.5983
...   124 G-C ...
    1.8412  -87.9044  103.6179
   -0.2499    0.6070    0.7543
    0.9201   -0.0938    0.3804
    0.3017    0.7891   -0.5351
...   125 T-A ...
    2.2018  -85.1671  101.7945
    0.2512    0.4468    0.8586
    0.9200   -0.3860   -0.0683
    0.3009    0.8071   -0.5080
...   126 C-G ...
    3.1197  -82.4375  100.2431
    0.7294    0.1135    0.6746
    0.6075   -0.5608   -0.5625
    0.3145    0.8201   -0.4780
...   127 G-C ...
    4.4572  -79.9396   98.4800
    0.9068   -0.2985    0.2978
    0.1173   -0.4998   -0.8582
    0.4050    0.8131   -0.4182
...   128 A-T ...
    5.8246  -77.2483   97.2150
    0.7932   -0.5565   -0.2475
   -0.4298   -0.2234   -0.8749
    0.4315    0.8003   -0.4163
...   129 C-G ...
    7.6642  -74.6428   96.3245
    0.4453   -0.6093   -0.6561
   -0.7744    0.1058   -0.6238
    0.4495    0.7859   -0.4247
...   130 C-G ...
    9.4899  -72.1970   94.8974
   -0.0764   -0.5139   -0.8545
   -0.8824    0.4338   -0.1820
    0.4642    0.7401   -0.4866
...   131 A-T ...
   10.8616  -69.6959   93.1981
   -0.6009   -0.2453   -0.7608
   -0.6748    0.6659    0.3182
    0.4286    0.7045   -0.5656
...   132 A-T ...
   12.3685  -67.6281   91.1978
   -0.8754    0.1745   -0.4508
   -0.2219    0.6834    0.6955
    0.4295    0.7089   -0.5595
...   133 A-T ...
   13.7216  -65.5037   89.1516
   -0.8518    0.5235    0.0204
    0.3050    0.4638    0.8318
    0.4260    0.7147   -0.5547
...   134 T-A ...
   14.7283  -63.4122   86.8246
   -0.5924    0.6746    0.4405
    0.6886    0.1400    0.7115
    0.4183    0.7248   -0.5474
...   135 G-C ...
   15.7211  -61.4787   83.9378
    0.0342    0.7399    0.6718
    0.8637   -0.3601    0.3526
    0.5028    0.5682   -0.6514
...   136 T-A ...
   15.7739  -59.5464   80.8037
    0.5516    0.4996    0.6680
    0.6739   -0.7388   -0.0038
    0.4916    0.4523   -0.7442
...   137 G-C ...
   16.8280  -57.7075   78.2739
    0.8528   -0.0847    0.5152
    0.1508   -0.9047   -0.3984
    0.4999    0.4175   -0.7588
...   138 A-T ...
   18.4175  -55.5141   76.5363
    0.8547   -0.5007    0.1370
   -0.3189   -0.7148   -0.6224
    0.4096    0.4883   -0.7706
...   139 G-C ...
   20.4152  -54.2944   74.5497
    0.5847   -0.7389   -0.3350
   -0.7594   -0.3532   -0.5465
    0.2854    0.5739   -0.7676
...   140 C-G ...
   21.4163  -51.8107   72.7951
    0.1305   -0.7142   -0.6876
   -0.8897    0.2217   -0.3991
    0.4375    0.6639   -0.6065
...   141 G-C ...
   22.1406  -50.1330   67.4726
   -0.4682   -0.8748    0.1248
   -0.8495    0.4067   -0.3362
    0.2434   -0.2634   -0.9335
...   142 C-G ...
   22.3377  -51.2251   64.5020
   -0.8529   -0.5117   -0.1032
   -0.4974    0.8566   -0.1372
    0.1587   -0.0657   -0.9851
...   143 T-A ...
   24.0059  -51.6201   61.9333
   -0.9563    0.0399   -0.2897
    0.0522    0.9980   -0.0348
    0.2877   -0.0484   -0.9565
...   144 C-G ...
   24.8857  -52.7206   58.9949
   -0.7530    0.5560   -0.3520
    0.5213    0.8304    0.1966
    0.4016   -0.0355   -0.9151
...   145 A-T ...
   25.5173  -52.9609   55.8128
   -0.2442    0.9563   -0.1609
    0.8907    0.2867    0.3528
    0.3835   -0.0571   -0.9218
...   146 C-G ...
   25.2677  -52.4924   52.0872
    0.3203    0.9428   -0.0928
    0.8825   -0.2613    0.3910
    0.3444   -0.2071   -0.9157
...   147 A-T ...
   25.6133  -52.5731   48.6480
    0.8597    0.5097    0.0339
    0.4498   -0.7866    0.4230
    0.2423   -0.3484   -0.9055
