  147 base-pairs
...     1 T-A ...
    0.0000    0.0000    0.0000
    1.0000    0.0000    0.0000
    0.0000    1.0000    0.0000
    0.0000    0.0000    1.0000
...     2 G-C ...
   -0.5555   -1.1003    3.3981
    0.7749    0.6051    0.1828
   -0.5991    0.7953   -0.0929
   -0.2016   -0.0375    0.9787
...     3 T-A ...
   -0.6619   -3.0237    6.5348
    0.3046    0.9250    0.2271
   -0.8994    0.3578   -0.2510
   -0.3134   -0.1278    0.9410
...     4 G-C ...
   -1.1607   -3.8418    9.6940
   -0.3351    0.9421    0.0133
   -0.8752   -0.3061   -0.3746
   -0.3489   -0.1372    0.9271
...     5 A-T ...
   -1.3881   -3.6770   12.8999
   -0.7835    0.6162   -0.0801
   -0.5677   -0.7622   -0.3109
   -0.2527   -0.1981    0.9470
...     6 G-C ...
   -2.6236   -3.5448   15.7072
   -0.9923    0.0611   -0.1075
   -0.0294   -0.9610   -0.2748
   -0.1201   -0.2695    0.9555
...     7 C-G ...
   -2.3138   -3.7570   18.8866
   -0.8620   -0.4995   -0.0864
    0.5008   -0.8655    0.0073
   -0.0785   -0.0370    0.9962
...     8 G-C ...
   -3.9561   -6.8109   23.3205
   -0.2581   -0.3560   -0.8981
    0.6294   -0.7673    0.1233
   -0.7330   -0.5335    0.4221
...     9 C-G ...
   -6.1177   -8.9414   24.2385
    0.1143   -0.7320   -0.6716
    0.8123   -0.3203    0.4874
   -0.5720   -0.6013    0.5580
...    10 T-A ...
   -8.5041   -9.6771   26.0540
    0.4660   -0.8587   -0.2131
    0.6274    0.1508    0.7640
   -0.6239   -0.4897    0.6090
...    11 C-G ...
  -11.0625  -11.3174   27.2336
    0.6660   -0.6911    0.2808
    0.3382    0.6152    0.7121
   -0.6649   -0.3794    0.6435
...    12 A-T ...
  -13.0013  -13.1789   29.0658
    0.7188   -0.1490    0.6790
   -0.1787    0.9043    0.3876
   -0.6718   -0.4000    0.6235
...    13 C-G ...
  -14.1788  -15.9359   31.3399
    0.4052    0.2865    0.8682
   -0.5270    0.8492   -0.0343
   -0.7470   -0.4437    0.4951
...    14 A-T ...
  -15.9532  -18.1566   33.3080
   -0.1503    0.6873    0.7107
   -0.6106    0.5008   -0.6135
   -0.7776   -0.5261    0.3444
...    15 A-T ...
  -18.2975  -19.9838   34.6303
   -0.4901    0.8371    0.2429
   -0.4011    0.0309   -0.9155
   -0.7739   -0.5461    0.3207
...    16 T-A ...
  -20.6105  -21.6319   36.2972
   -0.6247    0.7396   -0.2505
   -0.0919   -0.3882   -0.9170
   -0.7754   -0.5499    0.3105
...    17 T-A ...
  -23.1284  -23.2725   37.5057
   -0.5559    0.4047   -0.7261
    0.2820   -0.7298   -0.6227
   -0.7820   -0.5509    0.2915
...    18 T-A ...
  -25.7688  -24.8439   38.5141
   -0.2809   -0.0514   -0.9584
    0.5445   -0.8309   -0.1150
   -0.7904   -0.5541    0.2614
...    19 A-T ...
  -28.5478  -26.5767   39.0891
    0.1671   -0.4189   -0.8925
    0.5796   -0.6906    0.4326
   -0.7976   -0.5896    0.1274
...    20 T-A ...
  -31.4416  -28.1125   39.0034
    0.4500   -0.6925   -0.5639
    0.4130   -0.3984    0.8189
   -0.7918   -0.6014    0.1068
...    21 T-A ...
  -34.0591  -30.0212   39.0464
    0.6155   -0.7880   -0.0145
    0.0820    0.0457    0.9956
   -0.7838   -0.6140    0.0928
...    22 C-G ...
  -36.5031  -32.1848   39.2253
    0.5747   -0.5963    0.5605
   -0.3097    0.4755    0.8234
   -0.7575   -0.6468    0.0886
...    23 G-C ...
  -39.0388  -34.2473   39.8798
    0.3781   -0.1709    0.9099
   -0.6110    0.6923    0.3839
   -0.6955   -0.7010    0.1574
...    24 C-G ...
  -41.0050  -36.8656   40.3998
    0.0097    0.2566    0.9665
   -0.7289    0.6634   -0.1688
   -0.6845   -0.7028    0.1935
...    25 A-T ...
  -43.4209  -39.0640   40.9884
   -0.3510    0.6421    0.6816
   -0.6226    0.3837   -0.6820
   -0.6994   -0.6637    0.2651
...    26 A-T ...
  -45.5351  -41.2746   42.0825
   -0.6512    0.7379    0.1773
   -0.3073   -0.0427   -0.9507
   -0.6939   -0.6736    0.2545
...    27 A-T ...
  -47.7552  -43.3788   43.1671
   -0.7136    0.5817   -0.3905
    0.1206   -0.4471   -0.8863
   -0.6901   -0.6795    0.2489
...    28 G-C ...
  -50.1767  -45.3909   44.1633
   -0.4981    0.3103   -0.8097
    0.4722   -0.6861   -0.5534
   -0.7272   -0.6580    0.1952
...    29 G-C ...
  -52.8712  -47.3170   44.7750
   -0.1006   -0.0436   -0.9940
    0.6500   -0.7593   -0.0325
   -0.7533   -0.6493    0.1047
...    30 C-G ...
  -55.6270  -49.1336   44.8924
    0.3046   -0.4088   -0.8603
    0.5917   -0.6265    0.5073
   -0.7464   -0.6636    0.0511
...    31 C-G ...
  -58.2336  -51.2686   44.6328
    0.6397   -0.6153   -0.4607
    0.3193   -0.3325    0.8874
   -0.6992   -0.7147   -0.0163
...    32 G-C ...
  -60.3542  -53.8360   44.7890
    0.7889   -0.6061    0.1012
   -0.1076    0.0258    0.9939
   -0.6050   -0.7950   -0.0449
...    33 G-C ...
  -62.1347  -56.6716   44.3108
    0.6604   -0.4270    0.6177
   -0.5286    0.3199    0.7863
   -0.5333   -0.8458   -0.0144
...    34 C-G ...
  -63.5216  -59.6635   44.0490
    0.2964   -0.1465    0.9437
   -0.8101    0.4848    0.3297
   -0.5058   -0.8623    0.0250
...    35 C-G ...
  -64.8931  -62.7382   44.2489
   -0.1421    0.2081    0.9677
   -0.8568    0.4636   -0.2255
   -0.4956   -0.8612    0.1124
...    36 C-G ...
  -66.3401  -65.7044   44.9176
   -0.5394    0.4930    0.6826
   -0.6606    0.2550   -0.7061
   -0.5222   -0.8318    0.1881
...    37 G-C ...
  -68.3905  -68.3128   45.2986
   -0.7591    0.6320    0.1560
   -0.2728   -0.0912   -0.9577
   -0.5911   -0.7696    0.2417
...    38 A-T ...
  -70.3523  -70.7782   46.1922
   -0.7595    0.4790   -0.4401
    0.2167   -0.4516   -0.8655
   -0.6133   -0.7527    0.2392
...    39 C-G ...
  -72.6593  -72.8434   47.3777
   -0.5232    0.1900   -0.8308
    0.5742   -0.6417   -0.5084
   -0.6297   -0.7430    0.2266
...    40 A-T ...
  -74.6590  -75.4244   47.9816
   -0.0504   -0.1425   -0.9885
    0.7538   -0.6547    0.0560
   -0.6551   -0.7424    0.1404
...    41 C-G ...
  -77.2544  -77.4807   48.1674
    0.3645   -0.4422   -0.8195
    0.6677   -0.4893    0.5610
   -0.6490   -0.7517    0.1169
...    42 G-C ...
  -79.1612  -80.1605   48.7182
    0.7429   -0.5458   -0.3874
    0.3481   -0.1792    0.9201
   -0.5717   -0.8185    0.0569
...    43 A-T ...
  -81.0427  -82.8309   48.7761
    0.8335   -0.5103    0.2115
   -0.1455    0.1665    0.9752
   -0.5329   -0.8437    0.0646
...    44 C-G ...
  -82.5010  -85.7657   48.4258
    0.6637   -0.3153    0.6783
   -0.5577    0.3957    0.7296
   -0.4985   -0.8626    0.0868
...    45 T-A ...
  -83.8001  -88.7935   48.6231
    0.3209    0.0029    0.9471
   -0.8332    0.4764    0.2809
   -0.4504   -0.8792    0.1553
...    46 T-A ...
  -85.0058  -91.7531   49.1314
   -0.1869    0.2869    0.9396
   -0.8759    0.3844   -0.2916
   -0.4448   -0.8775    0.1795
...    47 A-T ...
  -86.5475  -94.6065   49.8518
   -0.6187    0.5221    0.5871
   -0.6296    0.1175   -0.7680
   -0.4700   -0.8448    0.2560
...    48 C-G ...
  -87.8357  -97.2874   51.2975
   -0.8435    0.5280    0.0982
   -0.2299   -0.1897   -0.9545
   -0.4854   -0.8278    0.2815
...    49 T-A ...
  -89.5704  -99.8162   52.5406
   -0.8177    0.3834   -0.4294
    0.2292   -0.4673   -0.8539
   -0.5280   -0.7966    0.2943
...    50 G-C ...
  -91.3646 -102.5290   53.1964
   -0.5027    0.0940   -0.8593
    0.6418   -0.6254   -0.4438
   -0.5792   -0.7746    0.2540
...    51 T-A ...
  -93.7492 -104.6718   54.1169
   -0.0861   -0.2404   -0.9669
    0.8121   -0.5791    0.0716
   -0.5771   -0.7790    0.2451
...    52 C-G ...
  -95.7430 -107.1748   54.8667
    0.4188   -0.5204   -0.7442
    0.7123   -0.3200    0.6247
   -0.5632   -0.7917    0.2367
...    53 A-T ...
  -97.5247 -109.8391   55.7514
    0.8004   -0.5268   -0.2861
    0.3503    0.0236    0.9363
   -0.4865   -0.8497    0.2035
...    54 T-A ...
  -99.1687 -112.6822   55.7464
    0.8776   -0.4290    0.2137
   -0.0908    0.2889    0.9530
   -0.4706   -0.8558    0.2146
...    55 G-C ...
 -100.5410 -115.6157   56.5625
    0.7500   -0.0758    0.6570
   -0.5594    0.4574    0.6913
   -0.3529   -0.8860    0.3006
...    56 T-A ...
 -101.1616 -118.7494   57.2687
    0.3845    0.2220    0.8960
   -0.8661    0.4225    0.2670
   -0.3193   -0.8787    0.3547
...    57 T-A ...
 -101.9355 -121.6481   58.4574
   -0.1415    0.4550    0.8792
   -0.9416    0.2124   -0.2615
   -0.3057   -0.8648    0.3983
...    58 A-T ...
 -102.9440 -124.3998   60.0132
   -0.6115    0.5804    0.5378
   -0.7203   -0.1269   -0.6819
   -0.3275   -0.8044    0.4957
...    59 T-A ...
 -103.6288 -126.7815   62.1770
   -0.8915    0.4360    0.1233
   -0.3205   -0.4143   -0.8518
   -0.3203   -0.7989    0.5091
...    60 A-T ...
 -104.7468 -129.6343   63.5578
   -0.9074    0.0584   -0.4162
    0.2983   -0.6083   -0.7355
   -0.2962   -0.7916    0.5345
...    61 A-T ...
 -105.8728 -131.9917   65.5130
   -0.5842   -0.3458   -0.7342
    0.7704   -0.5208   -0.3678
   -0.2551   -0.7805    0.5707
...    62 C-G ...
 -107.2879 -134.3137   67.4595
   -0.0939   -0.5691   -0.8169
    0.9641   -0.2568    0.0681
   -0.2485   -0.7811    0.5728
...    63 G-C ...
 -107.6909 -136.8963   69.5245
    0.4784   -0.5422   -0.6907
    0.8584    0.1228    0.4981
   -0.1852   -0.8312    0.5242
...    64 G-C ...
 -108.5891 -139.7356   71.1251
    0.8747   -0.3127   -0.3704
    0.4759    0.4087    0.7787
   -0.0921   -0.8574    0.5063
...    65 A-T ...
 -108.9709 -142.5512   72.6985
    0.9948    0.0349    0.0962
   -0.1001    0.5250    0.8452
   -0.0210   -0.8504    0.5257
...    66 T-A ...
 -108.7607 -145.5860   73.8615
    0.8213    0.3250    0.4688
   -0.5701    0.4396    0.6941
    0.0195   -0.8374    0.5463
...    67 A-T ...
 -108.0209 -148.3814   75.5468
    0.4146    0.6728    0.6127
   -0.8941    0.1760    0.4117
    0.1692   -0.7185    0.6746
...    68 G-C ...
 -107.0672 -150.6059   77.7624
   -0.1090    0.7396    0.6641
   -0.9727   -0.2171    0.0822
    0.2050   -0.6370    0.7431
...    69 G-C ...
 -106.1122 -152.2395   80.5497
   -0.6224    0.5708    0.5356
   -0.7546   -0.6194   -0.2167
    0.2081   -0.5390    0.8162
...    70 T-A ...
 -105.1404 -153.4490   83.4647
   -0.9261    0.1759    0.3339
   -0.3168   -0.8430   -0.4346
    0.2050   -0.5082    0.8365
...    71 A-T ...
 -104.4377 -155.5345   86.0216
   -0.9012   -0.4317    0.0398
    0.3436   -0.7672   -0.5416
    0.2643   -0.4744    0.8397
...    72 T-A ...
 -103.9422 -156.5928   89.1351
   -0.5855   -0.7838   -0.2068
    0.7544   -0.4335   -0.4930
    0.2967   -0.4447    0.8451
...    73 C-G ...
 -103.0565 -157.9889   91.9833
   -0.0219   -0.8918   -0.4520
    0.9482    0.1248   -0.2921
    0.3168   -0.4350    0.8429
...    74 T-A ...
 -102.2643 -159.5865   94.7780
    0.4604   -0.6765   -0.5748
    0.8122    0.5824   -0.0348
    0.3583   -0.4508    0.8175
...    75 C-G ...
 -101.2018 -161.0815   97.4871
    0.8221   -0.1938   -0.5353
    0.3890    0.8778    0.2797
    0.4157   -0.4382    0.7970
...    76 G-C ...
  -99.7503 -162.2659  100.2329
    0.8121    0.3694   -0.4516
   -0.1053    0.8541    0.5094
    0.5739   -0.3662    0.7325
...    77 A-T ...
  -97.8027 -163.4766  102.5012
    0.5579    0.8130   -0.1666
   -0.5277    0.5025    0.6849
    0.6405   -0.2942    0.7094
...    78 G-C ...
  -95.3916 -164.3576  104.5292
    0.1438    0.9838    0.1071
   -0.7083    0.0268    0.7054
    0.6911   -0.1773    0.7007
...    79 C-G ...
  -92.7787 -164.5164  106.4959
   -0.2973    0.8626    0.4094
   -0.6397   -0.4983    0.5853
    0.7088   -0.0879    0.6999
...    80 T-A ...
  -90.3233 -164.3319  108.6742
   -0.6255    0.4908    0.6065
   -0.3465   -0.8712    0.3477
    0.6991    0.0073    0.7150
...    81 C-G ...
  -88.1820 -164.0607  111.1333
   -0.7106   -0.1069    0.6954
    0.1136   -0.9929   -0.0365
    0.6944    0.0530    0.7177
...    82 G-C ...
  -85.9210 -164.3481  113.5590
   -0.5420   -0.6518    0.5305
    0.5315   -0.7548   -0.3843
    0.6509    0.0736    0.7556
...    83 G-C ...
  -83.9112 -163.9402  116.2402
   -0.1785   -0.9611    0.2107
    0.7440   -0.2720   -0.6103
    0.6439    0.0478    0.7636
...    84 G-C ...
  -81.9206 -163.6383  118.9500
    0.2262   -0.9548   -0.1928
    0.7050    0.2970   -0.6440
    0.6721    0.0098    0.7404
...    85 A-T ...
  -79.8401 -163.4863  121.4681
    0.5721   -0.6058   -0.5529
    0.4175    0.7953   -0.4395
    0.7060    0.0206    0.7079
...    86 T-A ...
  -77.7292 -164.0251  123.9154
    0.6871   -0.1339   -0.7141
    0.0676    0.9904   -0.1206
    0.7234    0.0346    0.6896
...    87 C-G ...
  -75.3526 -163.9902  126.1270
    0.5394    0.4425   -0.7164
   -0.3350    0.8933    0.2996
    0.7725    0.0784    0.6301
...    88 C-G ...
  -72.5051 -163.9340  127.9040
    0.1731    0.8168   -0.5503
   -0.5426    0.5454    0.6389
    0.8220    0.1880    0.5376
...    89 G-C ...
  -69.8498 -162.8522  129.5828
   -0.2852    0.9309   -0.2284
   -0.4852    0.0653    0.8720
    0.8266    0.3595    0.4330
...    90 C-G ...
  -67.0902 -161.3052  130.4707
   -0.5514    0.7996    0.2381
   -0.2145   -0.4116    0.8858
    0.8062    0.4373    0.3985
...    91 T-A ...
  -64.5510 -159.4666  131.4958
   -0.6256    0.4473    0.6391
    0.1563   -0.7308    0.6644
    0.7643    0.5156    0.3873
...    92 T-A ...
  -62.1789 -157.4942  132.5361
   -0.3911   -0.0258    0.9200
    0.4965   -0.8476    0.1873
    0.7750    0.5300    0.3443
...    93 T-A ...
  -59.8636 -155.4369  133.5698
    0.0177   -0.4735    0.8806
    0.6258   -0.6817   -0.3791
    0.7798    0.5578    0.2842
...    94 A-T ...
  -56.9675 -153.7273  133.9784
    0.4777   -0.7546    0.4499
    0.4360   -0.2410   -0.8671
    0.7627    0.6103    0.2138
...    95 A-T ...
  -54.6219 -151.6804  134.9295
    0.6646   -0.7375   -0.1199
    0.0583    0.2112   -0.9757
    0.7449    0.6415    0.1834
...    96 C-G ...
  -52.1357 -149.8294  136.0458
    0.5723   -0.5464   -0.6115
   -0.3055    0.5500   -0.7773
    0.7610    0.6317    0.1478
...    97 A-T ...
  -49.6384 -147.6607  136.4119
    0.2008   -0.2445   -0.9486
   -0.5625    0.7640   -0.3160
    0.8020    0.5971    0.0159
...    98 C-G ...
  -46.7017 -146.2567  136.3872
   -0.1640    0.1300   -0.9779
   -0.5794    0.7896    0.2022
    0.7984    0.5997   -0.0541
...    99 T-A ...
  -43.9832 -144.5107  135.8168
   -0.5168    0.4404   -0.7342
   -0.3891    0.6431    0.6596
    0.7626    0.6265   -0.1610
...   100 T-A ...
  -41.5292 -142.5822  135.0031
   -0.6798    0.6895   -0.2498
   -0.0257    0.3180    0.9478
    0.7329    0.6507   -0.1984
...   101 T-A ...
  -39.2631 -140.4829  134.0407
   -0.5939    0.7397    0.3164
    0.3719   -0.0963    0.9233
    0.7134    0.6660   -0.2179
...   102 A-T ...
  -36.9960 -138.1527  133.3539
   -0.2996    0.5218    0.7987
    0.6763   -0.4743    0.5636
    0.6729    0.7090   -0.2108
...   103 T-A ...
  -35.3478 -135.4495  132.3947
    0.0954    0.2261    0.9694
    0.7387   -0.6689    0.0833
    0.6673    0.7082   -0.2308
...   104 G-C ...
  -32.9599 -133.2713  131.7160
    0.4626   -0.2345    0.8550
    0.5670   -0.6632   -0.4886
    0.6816    0.7108   -0.1739
...   105 C-G ...
  -30.8975 -130.6963  131.3931
    0.6779   -0.5752    0.4578
    0.2227   -0.4327   -0.8736
    0.7006    0.6942   -0.1653
...   106 T-A ...
  -28.5479 -128.3838  131.1624
    0.6612   -0.7484   -0.0530
   -0.1630   -0.0744   -0.9838
    0.7323    0.6591   -0.1712
...   107 T-A ...
  -26.1179 -126.2592  130.8677
    0.4529   -0.6667   -0.5920
   -0.5163    0.3451   -0.7838
    0.7268    0.6606   -0.1879
...   108 C-G ...
  -23.6791 -124.1844  130.2710
    0.0349   -0.3876   -0.9212
   -0.6829    0.6637   -0.3052
    0.7296    0.6398   -0.2415
...   109 C-G ...
  -21.0141 -122.3723  129.3155
   -0.4085   -0.0591   -0.9108
   -0.5871    0.7811    0.2127
    0.6989    0.6217   -0.3538
...   110 G-C ...
  -18.9845 -120.1080  127.9801
   -0.7560    0.2685   -0.5970
   -0.2484    0.7261    0.6412
    0.6056    0.6330   -0.4822
...   111 G-C ...
  -17.2010 -118.1614  125.8720
   -0.8315    0.5416   -0.1232
    0.2102    0.5121    0.8328
    0.5142    0.6666   -0.5397
...   112 C-G ...
  -15.8820 -116.0453  123.7081
   -0.6157    0.6979    0.3658
    0.6374    0.1682    0.7520
    0.4633    0.6962   -0.5484
...   113 T-A ...
  -14.7499 -113.6562  121.7202
   -0.2218    0.6483    0.7283
    0.8809   -0.1871    0.4348
    0.4181    0.7380   -0.5296
...   114 C-G ...
  -13.5265 -111.1328  120.0297
    0.3241    0.4066    0.8542
    0.8528   -0.5164   -0.0778
    0.4094    0.7537   -0.5141
...   115 G-C ...
  -11.8329 -108.8487  118.3016
    0.7040   -0.0121    0.7101
    0.5429   -0.6353   -0.5491
    0.4578    0.7721   -0.4407
...   116 T-A ...
  -10.5649 -105.9519  117.3003
    0.8739   -0.3536    0.3336
    0.1004   -0.5402   -0.8355
    0.4757    0.7636   -0.4366
...   117 A-T ...
   -9.0040 -103.5076  115.6691
    0.7470   -0.6322   -0.2055
   -0.4330   -0.2282   -0.8720
    0.5044    0.7404   -0.4442
...   118 T-A ...
   -6.9626 -101.0952  114.7678
    0.4282   -0.6672   -0.6095
   -0.7499    0.1140   -0.6517
    0.5042    0.7361   -0.4515
...   119 A-T ...
   -5.2555  -98.7530  113.1561
   -0.1131   -0.5486   -0.8284
   -0.8517    0.4828   -0.2035
    0.5116    0.6826   -0.5219
...   120 A-T ...
   -3.4093  -96.7538  111.4023
   -0.5750   -0.2018   -0.7929
   -0.6450    0.7080    0.2876
    0.5033    0.6768   -0.5373
...   121 T-A ...
   -1.4991  -95.0917  109.3142
   -0.8266    0.1643   -0.5383
   -0.2741    0.7179    0.6400
    0.4916    0.6765   -0.5483
...   122 G-C ...
   -0.1385  -92.7376  107.3962
   -0.8931    0.4485   -0.0344
    0.2382    0.5364    0.8096
    0.3815    0.7149   -0.5859
...   123 T-A ...
    0.7375  -90.6499  104.9923
   -0.6595    0.6333    0.4049
    0.6648    0.2400    0.7074
    0.3508    0.7358   -0.5793
...   124 G-C ...
    1.8200  -88.0403  103.2445
   -0.2171    0.5796    0.7855
    0.9298   -0.1222    0.3471
    0.2971    0.8057   -0.5124
...   125 T-A ...
    2.1668  -85.2430  101.5150
    0.2818    0.4107    0.8672
    0.9121   -0.3952   -0.1092
    0.2978    0.8217   -0.4859
...   126 C-G ...
    3.0729  -82.4720  100.0387
    0.7476    0.0807    0.6592
    0.5858   -0.5479   -0.5972
    0.3130    0.8326   -0.4569
...   127 G-C ...
    4.3866  -79.9352   98.3296
    0.9088   -0.3188    0.2692
    0.0929   -0.4743   -0.8754
    0.4068    0.8206   -0.4015
...   128 A-T ...
    5.7572  -77.2253   97.1232
    0.7817   -0.5594   -0.2756
   -0.4470   -0.1944   -0.8731
    0.4349    0.8058   -0.4021
...   129 C-G ...
    7.6146  -74.6271   96.2715
    0.4292   -0.5995   -0.6756
   -0.7811    0.1293   -0.6109
    0.4536    0.7899   -0.4128
...   130 C-G ...
    9.4626  -72.1814   94.8805
   -0.0902   -0.4985   -0.8622
   -0.8794    0.4461   -0.1660
    0.4674    0.7433   -0.4787
...   131 A-T ...
   10.8660  -69.6910   93.1992
   -0.6077   -0.2339   -0.7590
   -0.6675    0.6683    0.3285
    0.4304    0.7062   -0.5622
...   132 A-T ...
   12.3745  -67.6251   91.2010
   -0.8766    0.1805   -0.4460
   -0.2158    0.6812    0.6996
    0.4301    0.7095   -0.5582
...   133 A-T ...
   13.7241  -65.5035   89.1516
   -0.8509    0.5248    0.0230
    0.3073    0.4618    0.8320
    0.4260    0.7151   -0.5543
...   134 T-A ...
   14.7284  -63.4124   86.8245
   -0.5924    0.6746    0.4405
    0.6886    0.1400    0.7115
    0.4183    0.7248   -0.5474
...   135 G-C ...
   15.7212  -61.4789   83.9377
    0.0342    0.7399    0.6718
    0.8637   -0.3601    0.3526
    0.5028    0.5682   -0.6514
...   136 T-A ...
   15.7740  -59.5465   80.8036
    0.5516    0.4996    0.6680
    0.6739   -0.7388   -0.0038
    0.4916    0.4523   -0.7442
...   137 G-C ...
   16.8281  -57.7077   78.2738
    0.8528   -0.0847    0.5152
    0.1508   -0.9047   -0.3984
    0.4999    0.4175   -0.7588
...   138 A-T ...
   18.4176  -55.5142   76.5362
    0.8547   -0.5007    0.1370
   -0.3189   -0.7148   -0.6224
    0.4096    0.4883   -0.7706
...   139 G-C ...
   20.4153  -54.2946   74.5496
    0.5847   -0.7389   -0.3350
   -0.7594   -0.3532   -0.5465
    0.2854    0.5739   -0.7676
...   140 C-G ...
   21.4164  -51.8108   72.7950
    0.1305   -0.7142   -0.6876
   -0.8897    0.2217   -0.3991
    0.4375    0.6639   -0.6065
...   141 G-C ...
   22.1407  -50.1331   67.4725
   -0.4682   -0.8748    0.1248
   -0.8495    0.4067   -0.3362
    0.2434   -0.2634   -0.9335
...   142 C-G ...
   22.3378  -51.2253   64.5019
   -0.8529   -0.5117   -0.1032
   -0.4974    0.8566   -0.1372
    0.1587   -0.0657   -0.9851
...   143 T-A ...
   24.0060  -51.6202   61.9332
   -0.9563    0.0399   -0.2897
    0.0522    0.9980   -0.0348
    0.2877   -0.0484   -0.9565
...   144 C-G ...
   24.8858  -52.7208   58.9948
   -0.7530    0.5560   -0.3520
    0.5213    0.8304    0.1966
    0.4016   -0.0355   -0.9151
...   145 A-T ...
   25.5174  -52.9611   55.8127
   -0.2441    0.9563   -0.1609
    0.8907    0.2867    0.3528
    0.3835   -0.0571   -0.9218
...   146 C-G ...
   25.2678  -52.4926   52.0871
    0.3203    0.9428   -0.0928
    0.8825   -0.2613    0.3910
    0.3444   -0.2071   -0.9157
...   147 A-T ...
   25.6134  -52.5733   48.6479
    0.8597    0.5097    0.0339
    0.4498   -0.7866    0.4230
    0.2423   -0.3484   -0.9055
