  147 base-pairs
...     1 T-A ...
    0.0000    0.0000    0.0000
    1.0000    0.0000    0.0000
    0.0000    1.0000    0.0000
    0.0000    0.0000    1.0000
...     2 G-C ...
   -0.5555   -1.1003    3.3981
    0.7749    0.6051    0.1828
   -0.5991    0.7953   -0.0929
   -0.2016   -0.0375    0.9787
...     3 T-A ...
   -0.6619   -3.0237    6.5348
    0.3046    0.9250    0.2271
   -0.8994    0.3578   -0.2510
   -0.3134   -0.1278    0.9410
...     4 G-C ...
   -1.1607   -3.8418    9.6940
   -0.3351    0.9421    0.0133
   -0.8752   -0.3061   -0.3746
   -0.3489   -0.1372    0.9271
...     5 A-T ...
   -1.3881   -3.6770   12.8999
   -0.7835    0.6162   -0.0801
   -0.5677   -0.7622   -0.3109
   -0.2527   -0.1981    0.9470
...     6 G-C ...
   -2.6236   -3.5448   15.7072
   -0.9923    0.0611   -0.1075
   -0.0294   -0.9610   -0.2748
   -0.1201   -0.2695    0.9555
...     7 C-G ...
   -2.3138   -3.7570   18.8866
   -0.8620   -0.4995   -0.0864
    0.5008   -0.8655    0.0073
   -0.0785   -0.0370    0.9962
...     8 G-C ...
   -3.9561   -6.8109   23.3205
   -0.2581   -0.3560   -0.8981
    0.6294   -0.7673    0.1233
   -0.7330   -0.5335    0.4221
...     9 C-G ...
   -6.1177   -8.9414   24.2385
    0.1143   -0.7320   -0.6716
    0.8123   -0.3203    0.4874
   -0.5720   -0.6013    0.5580
...    10 T-A ...
   -8.5041   -9.6771   26.0540
    0.4660   -0.8587   -0.2131
    0.6274    0.1508    0.7640
   -0.6239   -0.4897    0.6090
...    11 C-G ...
  -11.0625  -11.3174   27.2336
    0.6660   -0.6911    0.2808
    0.3382    0.6152    0.7121
   -0.6649   -0.3794    0.6435
...    12 A-T ...
  -13.0013  -13.1789   29.0658
    0.7188   -0.1490    0.6790
   -0.1787    0.9043    0.3876
   -0.6718   -0.4000    0.6235
...    13 C-G ...
  -14.1788  -15.9359   31.3399
    0.4052    0.2865    0.8682
   -0.5270    0.8492   -0.0343
   -0.7470   -0.4437    0.4951
...    14 A-T ...
  -15.9532  -18.1566   33.3080
   -0.1503    0.6873    0.7107
   -0.6106    0.5008   -0.6135
   -0.7776   -0.5261    0.3444
...    15 A-T ...
  -18.3636  -19.9935   34.4491
   -0.4667    0.8540    0.2301
   -0.3961    0.0308   -0.9177
   -0.7907   -0.5194    0.3239
...    16 T-A ...
  -20.7442  -21.6333   36.2216
   -0.6373    0.7162   -0.2843
   -0.0672   -0.4193   -0.9054
   -0.7676   -0.5579    0.3154
...    17 T-A ...
  -23.2638  -23.2579   37.5791
   -0.5792    0.3169   -0.7511
    0.3342   -0.7480   -0.5734
   -0.7435   -0.5831    0.3273
...    18 T-A ...
  -25.7765  -24.9802   38.6433
   -0.2631   -0.1179   -0.9575
    0.5938   -0.8020   -0.0644
   -0.7604   -0.5855    0.2810
...    19 A-T ...
  -28.2444  -27.0316   39.3205
    0.1834   -0.4391   -0.8795
    0.6245   -0.6389    0.4493
   -0.7592   -0.6317    0.1570
...    20 T-A ...
  -31.0959  -28.7069   39.3404
    0.4816   -0.6940   -0.5352
    0.4452   -0.3323    0.8315
   -0.7549   -0.6387    0.1489
...    21 T-A ...
  -33.6425  -30.7612   39.5016
    0.6584   -0.7525    0.0135
    0.0901    0.0966    0.9912
   -0.7473   -0.6514    0.1314
...    22 C-G ...
  -36.0127  -32.9928   39.8681
    0.6179   -0.5375    0.5738
   -0.3200    0.4947    0.8080
   -0.7182   -0.6829    0.1336
...    23 G-C ...
  -38.4335  -35.0779   40.9421
    0.4313   -0.0799    0.8986
   -0.6500    0.6632    0.3709
   -0.6256   -0.7441    0.2342
...    24 C-G ...
  -40.1812  -37.7557   41.6358
    0.0636    0.3185    0.9458
   -0.7805    0.6065   -0.1518
   -0.6220   -0.7285    0.2872
...    25 A-T ...
  -42.5740  -39.9229   42.3552
   -0.3592    0.6459    0.6736
   -0.6810    0.3121   -0.6624
   -0.6381   -0.6967    0.3278
...    26 A-T ...
  -44.5664  -42.1997   43.6292
   -0.6865    0.7033    0.1848
   -0.3585   -0.1063   -0.9274
   -0.6326   -0.7029    0.3251
...    27 A-T ...
  -46.4902  -44.4212   45.0333
   -0.7829    0.4965   -0.3749
    0.1150   -0.4767   -0.8715
   -0.6114   -0.7254    0.3162
...    28 G-C ...
  -48.7650  -46.5118   46.3691
   -0.5696    0.2093   -0.7948
    0.4999   -0.6794   -0.5371
   -0.6524   -0.7033    0.2824
...    29 G-C ...
  -51.2989  -48.6495   47.2841
   -0.1399   -0.1439   -0.9797
    0.7261   -0.6875   -0.0026
   -0.6732   -0.7117    0.2007
...    30 C-G ...
  -53.8161  -50.7002   47.6922
    0.3154   -0.4454   -0.8379
    0.6764   -0.5138    0.5277
   -0.6655   -0.7333    0.1392
...    31 C-G ...
  -56.2794  -52.9528   47.9873
    0.6866   -0.5859   -0.4304
    0.3901   -0.2026    0.8982
   -0.6135   -0.7846    0.0895
...    32 G-C ...
  -57.9243  -55.4801   48.3948
    0.8567   -0.5123    0.0595
   -0.0211    0.0805    0.9965
   -0.5153   -0.8550    0.0581
...    33 G-C ...
  -59.1516  -58.6108   48.3770
    0.7435   -0.3260    0.5840
   -0.5018    0.3054    0.8093
   -0.4422   -0.8947    0.0635
...    34 C-G ...
  -60.1994  -61.7116   48.3876
    0.3755   -0.0621    0.9247
   -0.8340    0.4126    0.3664
   -0.4043   -0.9088    0.1031
...    35 C-G ...
  -61.1188  -64.9306   49.0057
   -0.1181    0.2257    0.9670
   -0.9184    0.3456   -0.1928
   -0.3777   -0.9108    0.1665
...    36 C-G ...
  -62.1938  -67.9803   49.8299
   -0.5810    0.4177    0.6986
   -0.7254    0.1236   -0.6772
   -0.3692   -0.9001    0.2312
...    37 G-C ...
  -63.8174  -70.9653   49.8098
   -0.8581    0.4749    0.1951
   -0.2888   -0.1324   -0.9482
   -0.4245   -0.8700    0.2508
...    38 A-T ...
  -65.0647  -73.7426   50.6380
   -0.8652    0.3127   -0.3920
    0.2702   -0.3678   -0.8898
   -0.4224   -0.8757    0.2338
...    39 C-G ...
  -66.8271  -76.2450   51.6361
   -0.5880    0.1146   -0.8007
    0.6710   -0.4837   -0.5620
   -0.4517   -0.8677    0.2075
...    40 A-T ...
  -68.4660  -79.0795   52.2073
   -0.0715   -0.1100   -0.9914
    0.8818   -0.4714   -0.0113
   -0.4661   -0.8750    0.1307
...    41 C-G ...
  -70.3875  -81.7611   52.2313
    0.4011   -0.2908   -0.8687
    0.7962   -0.3584    0.4875
   -0.4531   -0.8871    0.0877
...    42 G-C ...
  -71.5021  -84.8256   52.7970
    0.8156   -0.3692   -0.4456
    0.4247   -0.1412    0.8943
   -0.3931   -0.9186    0.0417
...    43 A-T ...
  -72.8618  -87.6651   52.9161
    0.9173   -0.3693    0.1491
   -0.1135    0.1165    0.9867
   -0.3817   -0.9220    0.0650
...    44 C-G ...
  -73.8808  -90.7616   52.4338
    0.7508   -0.1944    0.6312
   -0.5781    0.2687    0.7704
   -0.3194   -0.9434    0.0894
...    45 T-A ...
  -74.3632  -94.3237   52.5205
    0.3248    0.0478    0.9446
   -0.9012    0.3186    0.2937
   -0.2869   -0.9467    0.1466
...    46 T-A ...
  -74.9454  -97.4644   52.9169
   -0.1445    0.2223    0.9642
   -0.9506    0.2393   -0.1976
   -0.2747   -0.9452    0.1768
...    47 A-T ...
  -75.7765 -100.5360   53.7673
   -0.6016    0.4227    0.6778
   -0.7350    0.0396   -0.6770
   -0.3130   -0.9054    0.2868
...    48 C-G ...
  -76.4960 -103.3734   55.3558
   -0.8900    0.4011    0.2171
   -0.3209   -0.2126   -0.9229
   -0.3240   -0.8910    0.3179
...    49 T-A ...
  -77.6028 -106.1140   56.9497
   -0.9036    0.2920   -0.3134
    0.1658   -0.4361   -0.8845
   -0.3949   -0.8512    0.3456
...    50 G-C ...
  -79.0672 -108.9568   57.9055
   -0.6167    0.0593   -0.7850
    0.6424   -0.5385   -0.5453
   -0.4550   -0.8405    0.2940
...    51 T-A ...
  -80.9734 -111.3328   58.9076
   -0.1989   -0.2090   -0.9575
    0.8651   -0.4965   -0.0713
   -0.4605   -0.8425    0.2795
...    52 A-T ...
  -82.2129 -114.2510   59.8478
    0.3694   -0.4501   -0.8130
    0.8156   -0.2624    0.5158
   -0.4455   -0.8536    0.2702
...    53 G-C ...
  -83.8810 -116.9238   60.6171
    0.7566   -0.4442   -0.4798
    0.5378    0.0053    0.8431
   -0.3720   -0.8959    0.2429
...    54 G-C ...
  -85.4090 -120.2197   60.6361
    0.9572   -0.2894    0.0074
    0.0631    0.2336    0.9703
   -0.2825   -0.9283    0.2418
...    55 T-A ...
  -86.1046 -123.3514   61.0133
    0.8728   -0.0869    0.4803
   -0.4257    0.3460    0.8361
   -0.2389   -0.9342    0.2649
...    56 A-T ...
  -86.2495 -126.7680   61.5764
    0.5321    0.2484    0.8094
   -0.8376    0.2937    0.4606
   -0.1233   -0.9231    0.3644
...    57 T-A ...
  -85.9685 -129.8622   62.5674
    0.0635    0.3985    0.9150
   -0.9930    0.1169    0.0179
   -0.0998   -0.9097    0.4031
...    58 C-G ...
  -86.0309 -132.8840   64.1828
   -0.5489    0.4243    0.7202
   -0.8304   -0.1778   -0.5281
   -0.0960   -0.8879    0.4499
...    59 T-A ...
  -86.2737 -135.6165   65.9879
   -0.8940    0.3221    0.3114
   -0.4283   -0.4101   -0.8052
   -0.1316   -0.8533    0.5046
...    60 C-G ...
  -87.0586 -138.2725   67.7597
   -0.9810    0.0464   -0.1882
    0.1303   -0.5606   -0.8178
   -0.1435   -0.8268    0.5439
...    61 A-T ...
  -87.4694 -140.9516   69.7409
   -0.7419   -0.2025   -0.6392
    0.6268   -0.5480   -0.5539
   -0.2381   -0.8116    0.5335
...    62 T-A ...
  -88.6705 -143.3350   71.6314
   -0.3259   -0.4489   -0.8320
    0.9152   -0.3705   -0.1586
   -0.2371   -0.8131    0.5316
...    63 G-C ...
  -89.7095 -146.0226   73.4824
    0.2828   -0.5566   -0.7812
    0.9402   -0.0005    0.3408
   -0.1901   -0.8308    0.5231
...    64 T-A ...
  -90.8947 -148.8180   74.9134
    0.7375   -0.4697   -0.4852
    0.6548    0.3217    0.6839
   -0.1651   -0.8221    0.5448
...    65 T-A ...
  -91.4309 -151.5192   76.4541
    0.9827   -0.1681   -0.0781
    0.1577    0.5373    0.8285
   -0.0973   -0.8265    0.5545
...    66 A-T ...
  -91.5284 -154.1885   78.3223
    0.9311    0.2608    0.2549
   -0.3596    0.5412    0.7601
    0.0603   -0.7994    0.5977
...    67 T-A ...
  -90.8841 -157.0160   79.7110
    0.6351    0.5201    0.5711
   -0.7675    0.3415    0.5425
    0.0871   -0.7829    0.6161
...    68 A-T ...
  -90.4737 -159.3768   81.8887
    0.1532    0.7481    0.6457
   -0.9706   -0.0090    0.2407
    0.1859   -0.6636    0.7247
...    69 A-T ...
  -89.6289 -161.3008   84.2152
   -0.3958    0.6776    0.6199
   -0.8943   -0.4378   -0.0926
    0.2086   -0.5910    0.7792
...    70 C-G ...
  -88.4250 -162.6720   87.1177
   -0.8179    0.3369    0.4664
   -0.5315   -0.7529   -0.3882
    0.2203   -0.5654    0.7948
...    71 G-C ...
  -88.1116 -164.6080   89.7525
   -0.9775   -0.1643    0.1321
    0.0751   -0.8569   -0.5100
    0.1970   -0.4886    0.8500
...    72 G-C ...
  -87.8051 -166.1563   92.6452
   -0.7994   -0.5644   -0.2060
    0.5875   -0.6626   -0.4646
    0.1257   -0.4924    0.8612
...    73 A-T ...
  -87.5541 -167.5481   95.7153
   -0.2642   -0.8741   -0.4077
    0.9523   -0.1696   -0.2535
    0.1524   -0.4553    0.8772
...    74 T-A ...
  -87.6473 -169.0549   98.6682
    0.2743   -0.8344   -0.4781
    0.9471    0.3206   -0.0162
    0.1668   -0.4483    0.8782
...    75 C-G ...
  -87.2031 -170.4950  101.6610
    0.7758   -0.4650   -0.4266
    0.5885    0.7770    0.2233
    0.2276   -0.4243    0.8765
...    76 G-C ...
  -86.0957 -171.4401  104.6155
    0.8831    0.0683   -0.4642
    0.1246    0.9197    0.3724
    0.4524   -0.3867    0.8036
...    77 A-T ...
  -84.8691 -172.4758  107.4103
    0.7436    0.5984   -0.2983
   -0.4001    0.7557    0.5185
    0.5356   -0.2662    0.8014
...    78 G-C ...
  -82.6110 -173.3098  109.6984
    0.3686    0.9237   -0.1045
   -0.6976    0.3492    0.6256
    0.6144   -0.1577    0.7731
...    79 C-G ...
  -80.0514 -173.6529  111.8581
   -0.1299    0.9713    0.1994
   -0.7565   -0.2271    0.6133
    0.6409   -0.0712    0.7643
...    80 T-A ...
  -77.6938 -173.6462  114.1450
   -0.5452    0.7159    0.4363
   -0.5343   -0.6977    0.4772
    0.6460    0.0270    0.7629
...    81 C-G ...
  -76.1284 -173.4733  116.9578
   -0.7643    0.1839    0.6181
   -0.0421   -0.9707    0.2368
    0.6435    0.1550    0.7496
...    82 G-C ...
  -74.0465 -174.0029  119.8002
   -0.6523   -0.4135    0.6352
    0.4538   -0.8843   -0.1096
    0.6071    0.2168    0.7645
...    83 G-C ...
  -72.1379 -173.0555  122.4389
   -0.2940   -0.8413    0.4537
    0.7374   -0.5016   -0.4523
    0.6081    0.2016    0.7678
...    84 G-C ...
  -70.2478 -172.2933  125.0820
    0.1189   -0.9898    0.0786
    0.7810    0.0443   -0.6229
    0.6131    0.1354    0.7783
...    85 A-T ...
  -68.4332 -171.7821  127.8704
    0.5725   -0.7598   -0.3082
    0.5313    0.6300   -0.5664
    0.6245    0.1605    0.7643
...    86 T-A ...
  -66.6165 -171.7478  130.6264
    0.7476   -0.3282   -0.5774
    0.1490    0.9301   -0.3358
    0.6472    0.1651    0.7442
...    87 C-G ...
  -64.4204 -171.3879  133.0419
    0.6566    0.2611   -0.7076
   -0.3203    0.9459    0.0519
    0.6828    0.1926    0.7047
...    88 C-G ...
  -62.3210 -170.9484  135.5434
    0.2713    0.6552   -0.7050
   -0.6202    0.6792    0.3925
    0.7360    0.3308    0.5907
...    89 G-C ...
  -60.0964 -169.3687  137.4514
   -0.2396    0.8236   -0.5141
   -0.6238    0.2751    0.7315
    0.7439    0.4960    0.4479
...    90 C-G ...
  -57.3554 -167.4612  138.3616
   -0.5731    0.8192   -0.0223
   -0.3451   -0.2165    0.9132
    0.7433    0.5311    0.4068
...    91 T-A ...
  -55.0969 -164.9525  139.3383
   -0.6708    0.5532    0.4940
    0.1090   -0.5853    0.8035
    0.7335    0.5929    0.3323
...    92 T-A ...
  -52.8301 -162.7283  140.1306
   -0.4331    0.1408    0.8903
    0.4954   -0.7880    0.3656
    0.7530    0.5994    0.2715
...    93 T-A ...
  -50.5963 -160.4279  140.8241
   -0.0084   -0.2924    0.9563
    0.6437   -0.7334   -0.2186
    0.7652    0.6137    0.1944
...    94 A-T ...
  -47.6560 -158.8617  140.6627
    0.5164   -0.5690    0.6400
    0.4656   -0.4407   -0.7674
    0.7187    0.6943    0.0374
...    95 A-T ...
  -45.4626 -156.5133  140.8534
    0.7140   -0.6939    0.0930
    0.0554   -0.0765   -0.9955
    0.6979    0.7160   -0.0162
...    96 C-G ...
  -43.0827 -154.1925  141.3668
    0.6238   -0.6385   -0.4509
   -0.3506    0.2870   -0.8915
    0.6986    0.7141   -0.0448
...    97 A-T ...
  -40.7305 -151.8692  141.2075
    0.2455   -0.4438   -0.8618
   -0.6462    0.5878   -0.4867
    0.7226    0.6764   -0.1425
...    98 C-G ...
  -37.9152 -150.1733  140.6761
   -0.1530   -0.1213   -0.9808
   -0.6796    0.7334    0.0152
    0.7175    0.6688   -0.1947
...    99 T-A ...
  -35.1314 -148.2586  139.5483
   -0.5794    0.2334   -0.7809
   -0.4688    0.6884    0.5535
    0.6667    0.6868   -0.2895
...   100 T-A ...
  -32.9454 -146.2455  138.2450
   -0.7567    0.5653   -0.3284
   -0.0532    0.4474    0.8928
    0.6515    0.6931   -0.3085
...   101 T-A ...
  -30.9414 -144.0366  137.0099
   -0.6801    0.6963    0.2295
    0.3864    0.0744    0.9193
    0.6230    0.7139   -0.3196
...   102 A-T ...
  -28.8945 -141.5565  136.0394
   -0.3464    0.5838    0.7343
    0.7303   -0.3234    0.6017
    0.5887    0.7447   -0.3143
...   103 T-A ...
  -27.6308 -138.8724  134.6452
    0.0259    0.3502    0.9363
    0.8219   -0.5406    0.1794
    0.5690    0.7649   -0.3018
...   104 G-C ...
  -25.9099 -136.1535  133.8416
    0.4685   -0.1161    0.8758
    0.6597   -0.6134   -0.4342
    0.5876    0.7812   -0.2108
...   105 C-G ...
  -24.0543 -133.4369  133.5120
    0.7405   -0.4539    0.4957
    0.2838   -0.4573   -0.8428
    0.6092    0.7648   -0.2098
...   106 T-A ...
  -21.9393 -130.7389  133.2467
    0.7580   -0.6493   -0.0622
   -0.1731   -0.1083   -0.9789
    0.6289    0.7528   -0.1945
...   107 T-A ...
  -19.8532 -128.3463  132.8117
    0.5111   -0.6299   -0.5848
   -0.5667    0.2645   -0.7803
    0.6462    0.7302   -0.2218
...   108 C-G ...
  -17.5227 -126.1079  132.1142
    0.0561   -0.4182   -0.9066
   -0.7541    0.5774   -0.3130
    0.6544    0.7012   -0.2830
...   109 C-G ...
  -15.2644 -123.8724  131.2919
   -0.4248   -0.1642   -0.8902
   -0.6780    0.7094    0.1927
    0.5999    0.6854   -0.4127
...   110 G-C ...
  -13.7237 -121.6308  129.8874
   -0.7803    0.1140   -0.6149
   -0.3577    0.7251    0.5885
    0.5130    0.6792   -0.5250
...   111 G-C ...
  -12.4280 -119.4852  127.6508
   -0.8888    0.4307   -0.1568
    0.1432    0.5858    0.7977
    0.4354    0.6865   -0.5824
...   112 C-G ...
  -11.5076 -117.3435  125.2214
   -0.6862    0.6506    0.3253
    0.6137    0.2778    0.7390
    0.3905    0.7068   -0.5899
...   113 T-A ...
  -10.4815 -115.0604  123.0663
   -0.2828    0.6739    0.6826
    0.8928   -0.0753    0.4442
    0.3507    0.7350   -0.5804
...   114 C-G ...
   -9.2689 -112.5363  121.3573
    0.2757    0.4889    0.8276
    0.9079   -0.4153   -0.0571
    0.3158    0.7671   -0.5584
...   115 G-C ...
   -7.8292 -110.2560  119.4426
    0.7323    0.1205    0.6703
    0.5885   -0.6073   -0.5337
    0.3427    0.7853   -0.5157
...   116 T-A ...
   -6.7172 -107.3940  118.2722
    0.9198   -0.2426    0.3083
    0.1194   -0.5755   -0.8091
    0.3737    0.7810   -0.5004
...   117 A-T ...
   -5.3011 -104.5481  117.0292
    0.7986   -0.5743   -0.1803
   -0.4213   -0.3194   -0.8488
    0.4299    0.7538   -0.4970
...   118 T-A ...
   -3.5196 -102.0373  116.0064
    0.4893   -0.6489   -0.5826
   -0.7657    0.0000   -0.6431
    0.4174    0.7609   -0.4969
...   119 A-T ...
   -2.3188  -99.4988  114.1865
   -0.0661   -0.5664   -0.8215
   -0.9003    0.3889   -0.1957
    0.4303    0.7267   -0.5356
...   120 A-T ...
   -0.6762  -97.3746  112.3768
   -0.5703   -0.2812   -0.7718
   -0.7096    0.6419    0.2905
    0.4138    0.7133   -0.5656
...   121 T-A ...
    1.0109  -95.5242  110.1791
   -0.8555    0.0824   -0.5112
   -0.3169    0.6974    0.6428
    0.4095    0.7119   -0.5705
...   122 G-C ...
    2.2827  -93.2229  107.9305
   -0.9192    0.3939    0.0036
    0.2342    0.5391    0.8090
    0.3167    0.7444   -0.5878
...   123 T-A ...
    2.9748  -90.9949  105.6474
   -0.6937    0.5906    0.4123
    0.6569    0.2841    0.6984
    0.2953    0.7553   -0.5850
...   124 G-C ...
    3.7425  -88.4150  103.6762
   -0.2301    0.5818    0.7801
    0.9425   -0.0666    0.3276
    0.2426    0.8106   -0.5330
...   125 T-A ...
    3.9984  -85.7781  101.8559
    0.2725    0.4273    0.8621
    0.9312   -0.3425   -0.1246
    0.2420    0.8367   -0.4913
...   126 C-G ...
    4.7436  -83.0651  100.4254
    0.7627    0.1528    0.6284
    0.6056   -0.5098   -0.6110
    0.2270    0.8466   -0.4814
...   127 G-C ...
    5.8904  -80.5914   98.5816
    0.9224   -0.2464    0.2975
    0.1526   -0.4750   -0.8667
    0.3549    0.8448   -0.4005
...   128 A-T ...
    6.9418  -77.8763   97.3494
    0.8377   -0.4796   -0.2613
   -0.4171   -0.2528   -0.8730
    0.3526    0.8403   -0.4118
...   129 C-G ...
    8.5488  -75.0773   96.6430
    0.4796   -0.5737   -0.6640
   -0.7909    0.0453   -0.6103
    0.3802    0.8178   -0.4320
...   130 C-G ...
   10.3933  -72.6281   95.1372
   -0.0391   -0.5447   -0.8378
   -0.9089    0.3677   -0.1967
    0.4152    0.7537   -0.5094
...   131 A-T ...
   11.1179  -69.8662   93.3903
   -0.5788   -0.2993   -0.7586
   -0.7237    0.6173    0.3086
    0.3759    0.7276   -0.5738
...   132 A-T ...
   12.4110  -67.6496   91.3370
   -0.8851    0.1050   -0.4533
   -0.2694    0.6788    0.6831
    0.3794    0.7268   -0.5726
...   133 A-T ...
   13.6999  -65.5478   89.1672
   -0.8593    0.5114    0.0113
    0.2914    0.4712    0.8325
    0.4204    0.7187   -0.5539
...   134 T-A ...
   14.7282  -63.4123   86.8244
   -0.5924    0.6746    0.4405
    0.6886    0.1400    0.7115
    0.4183    0.7248   -0.5474
...   135 G-C ...
   15.7211  -61.4789   83.9377
    0.0342    0.7399    0.6718
    0.8637   -0.3601    0.3526
    0.5028    0.5682   -0.6514
...   136 T-A ...
   15.7739  -59.5465   80.8036
    0.5516    0.4996    0.6680
    0.6739   -0.7388   -0.0038
    0.4916    0.4523   -0.7442
...   137 G-C ...
   16.8280  -57.7076   78.2737
    0.8528   -0.0847    0.5152
    0.1508   -0.9047   -0.3984
    0.4999    0.4175   -0.7588
...   138 A-T ...
   18.4175  -55.5142   76.5362
    0.8547   -0.5007    0.1370
   -0.3189   -0.7148   -0.6224
    0.4096    0.4883   -0.7706
...   139 G-C ...
   20.4152  -54.2946   74.5496
    0.5847   -0.7389   -0.3350
   -0.7594   -0.3532   -0.5465
    0.2854    0.5739   -0.7676
...   140 C-G ...
   21.4163  -51.8108   72.7949
    0.1305   -0.7142   -0.6876
   -0.8897    0.2217   -0.3991
    0.4375    0.6639   -0.6065
...   141 G-C ...
   22.1406  -50.1331   67.4724
   -0.4682   -0.8748    0.1248
   -0.8495    0.4067   -0.3362
    0.2434   -0.2634   -0.9335
...   142 C-G ...
   22.3377  -51.2253   64.5018
   -0.8529   -0.5117   -0.1032
   -0.4974    0.8566   -0.1372
    0.1587   -0.0657   -0.9851
...   143 T-A ...
   24.0059  -51.6202   61.9332
   -0.9563    0.0399   -0.2897
    0.0522    0.9980   -0.0348
    0.2877   -0.0484   -0.9565
...   144 C-G ...
   24.8856  -52.7208   58.9947
   -0.7530    0.5560   -0.3520
    0.5213    0.8304    0.1966
    0.4016   -0.0355   -0.9151
...   145 A-T ...
   25.5173  -52.9611   55.8126
   -0.2441    0.9563   -0.1609
    0.8907    0.2867    0.3528
    0.3835   -0.0571   -0.9218
...   146 C-G ...
   25.2676  -52.4926   52.0870
    0.3203    0.9428   -0.0928
    0.8825   -0.2613    0.3910
    0.3444   -0.2071   -0.9157
...   147 A-T ...
   25.6132  -52.5733   48.6478
    0.8597    0.5097    0.0339
    0.4498   -0.7866    0.4230
    0.2423   -0.3484   -0.9055
