  147 base-pairs
...     1 T-A ...
    0.0000    0.0000    0.0000
    1.0000    0.0000    0.0000
    0.0000    1.0000    0.0000
    0.0000    0.0000    1.0000
...     2 G-C ...
   -0.5555   -1.1003    3.3981
    0.7749    0.6051    0.1828
   -0.5991    0.7953   -0.0929
   -0.2016   -0.0375    0.9787
...     3 T-A ...
   -0.6619   -3.0237    6.5348
    0.3046    0.9250    0.2271
   -0.8994    0.3578   -0.2510
   -0.3134   -0.1278    0.9410
...     4 G-C ...
   -1.1607   -3.8418    9.6940
   -0.3351    0.9421    0.0133
   -0.8752   -0.3061   -0.3746
   -0.3489   -0.1372    0.9271
...     5 A-T ...
   -1.3881   -3.6770   12.8999
   -0.7835    0.6162   -0.0801
   -0.5677   -0.7622   -0.3109
   -0.2527   -0.1981    0.9470
...     6 G-C ...
   -2.6236   -3.5448   15.7072
   -0.9923    0.0611   -0.1075
   -0.0294   -0.9610   -0.2748
   -0.1201   -0.2695    0.9555
...     7 C-G ...
   -2.3138   -3.7570   18.8866
   -0.8620   -0.4995   -0.0864
    0.5008   -0.8655    0.0073
   -0.0785   -0.0370    0.9962
...     8 G-C ...
   -3.9561   -6.8109   23.3205
   -0.2581   -0.3560   -0.8981
    0.6294   -0.7673    0.1233
   -0.7330   -0.5335    0.4221
...     9 C-G ...
   -6.1177   -8.9414   24.2385
    0.1143   -0.7320   -0.6716
    0.8123   -0.3203    0.4874
   -0.5720   -0.6013    0.5580
...    10 T-A ...
   -8.5041   -9.6771   26.0540
    0.4660   -0.8587   -0.2131
    0.6274    0.1508    0.7640
   -0.6239   -0.4897    0.6090
...    11 C-G ...
  -11.0625  -11.3174   27.2336
    0.6660   -0.6911    0.2808
    0.3382    0.6152    0.7121
   -0.6649   -0.3794    0.6435
...    12 A-T ...
  -13.0013  -13.1789   29.0658
    0.7188   -0.1490    0.6790
   -0.1787    0.9043    0.3876
   -0.6718   -0.4000    0.6235
...    13 C-G ...
  -14.1788  -15.9359   31.3399
    0.4052    0.2865    0.8682
   -0.5270    0.8492   -0.0343
   -0.7470   -0.4437    0.4951
...    14 A-T ...
  -15.9532  -18.1566   33.3080
   -0.1503    0.6873    0.7107
   -0.6106    0.5008   -0.6135
   -0.7776   -0.5261    0.3444
...    15 A-T ...
  -18.3592  -19.9965   34.4551
   -0.4680    0.8530    0.2309
   -0.3968    0.0307   -0.9174
   -0.7896   -0.5210    0.3241
...    16 T-A ...
  -20.7346  -21.6441   36.2298
   -0.6394    0.7149   -0.2828
   -0.0672   -0.4185   -0.9057
   -0.7659   -0.5601    0.3157
...    17 T-A ...
  -23.2464  -23.2777   37.5905
   -0.5816    0.3158   -0.7497
    0.3358   -0.7461   -0.5749
   -0.7409   -0.5861    0.3279
...    18 T-A ...
  -25.7491  -25.0098   38.6624
   -0.2651   -0.1177   -0.9570
    0.5970   -0.7995   -0.0671
   -0.7572   -0.5891    0.2822
...    19 A-T ...
  -28.1984  -27.0764   39.3434
    0.1828   -0.4331   -0.8826
    0.6293   -0.6382    0.4435
   -0.7553   -0.6365    0.1559
...    20 T-A ...
  -31.0387  -28.7679   39.3616
    0.4839   -0.6871   -0.5419
    0.4502   -0.3355    0.8275
   -0.7504   -0.6444    0.1470
...    21 T-A ...
  -33.5705  -30.8415   39.5162
    0.6645   -0.7473    0.0036
    0.0942    0.0885    0.9916
   -0.7413   -0.6586    0.1291
...    22 C-G ...
  -35.9159  -33.0995   39.8733
    0.6258   -0.5377    0.5650
   -0.3198    0.4838    0.8147
   -0.7114   -0.6905    0.1308
...    23 G-C ...
  -38.2990  -35.2270   40.9508
    0.4368   -0.0855    0.8955
   -0.6551    0.6520    0.3818
   -0.6165   -0.7534    0.2288
...    24 C-G ...
  -40.0130  -37.9309   41.6259
    0.0650    0.3081    0.9491
   -0.7879    0.5996   -0.1407
   -0.6124   -0.7386    0.2817
...    25 A-T ...
  -42.3727  -40.1364   42.3340
   -0.3628    0.6331    0.6838
   -0.6880    0.3129   -0.6548
   -0.6285   -0.7080    0.3221
...    26 A-T ...
  -44.3289  -42.4549   43.5899
   -0.6935    0.6926    0.1982
   -0.3623   -0.0975   -0.9269
   -0.6227   -0.7147    0.3186
...    27 A-T ...
  -46.2179  -44.7189   44.9731
   -0.7906    0.4928   -0.3634
    0.1157   -0.4626   -0.8790
   -0.6013   -0.7370    0.3087
...    28 G-C ...
  -48.4599  -46.8550   46.2910
   -0.5761    0.2153   -0.7885
    0.5043   -0.6656   -0.5501
   -0.6433   -0.7146    0.2749
...    29 G-C ...
  -50.9664  -49.0331   47.1864
   -0.1433   -0.1284   -0.9813
    0.7332   -0.6798   -0.0181
   -0.6648   -0.7221    0.1916
...    30 C-G ...
  -53.4600  -51.1165   47.5650
    0.3156   -0.4267   -0.8475
    0.6839   -0.5169    0.5149
   -0.6578   -0.7421    0.1287
...    31 C-G ...
  -55.8942  -53.4022   47.8222
    0.6902   -0.5711   -0.4444
    0.3953   -0.2168    0.8926
   -0.6061   -0.7917    0.0761
...    32 G-C ...
  -57.5024  -55.9607   48.1817
    0.8608   -0.5069    0.0463
   -0.0191    0.0587    0.9981
   -0.5087   -0.8600    0.0409
...    33 G-C ...
  -58.6973  -59.1065   48.0983
    0.7465   -0.3349    0.5749
   -0.5024    0.2829    0.8171
   -0.4363   -0.8988    0.0430
...    34 C-G ...
  -59.7255  -62.2135   48.0405
    0.3766   -0.0832    0.9226
   -0.8360    0.3986    0.3772
   -0.3991   -0.9133    0.0806
...    35 C-G ...
  -60.6293  -65.4530   48.5731
   -0.1197    0.1991    0.9726
   -0.9197    0.3468   -0.1841
   -0.3739   -0.9166    0.1416
...    36 C-G ...
  -61.6828  -68.5365   49.3056
   -0.5825    0.3965    0.7096
   -0.7247    0.1420   -0.6743
   -0.3681   -0.9070    0.2046
...    37 G-C ...
  -63.2898  -71.5258   49.1935
   -0.8579    0.4698    0.2081
   -0.2873   -0.1028   -0.9523
   -0.4260   -0.8768    0.2231
...    38 A-T ...
  -64.5344  -74.3280   49.9319
   -0.8637    0.3275   -0.3831
    0.2709   -0.3393   -0.9008
   -0.4250   -0.8818    0.2043
...    39 C-G ...
  -66.3025  -76.8564   50.8417
   -0.5857    0.1449   -0.7974
    0.6700   -0.4671   -0.5770
   -0.4561   -0.8723    0.1765
...    40 A-T ...
  -67.9611  -79.6994   51.3077
   -0.0703   -0.0709   -0.9950
    0.8780   -0.4778   -0.0280
   -0.4734   -0.8756    0.0959
...    41 C-G ...
  -69.9045  -82.3629   51.2190
    0.4006   -0.2593   -0.8788
    0.7915   -0.3852    0.4745
   -0.4616   -0.8856    0.0509
...    42 G-C ...
  -71.0471  -85.4412   51.6422
    0.8126   -0.3606   -0.4579
    0.4186   -0.1856    0.8890
   -0.4056   -0.9140    0.0001
...    43 A-T ...
  -72.4376  -88.2703   51.6269
    0.9106   -0.3897    0.1373
   -0.1178    0.0738    0.9903
   -0.3961   -0.9180    0.0214
...    44 C-G ...
  -73.4936  -91.3326   51.0064
    0.7423   -0.2376    0.6265
   -0.5788    0.2436    0.7782
   -0.3375   -0.9403    0.0433
...    45 T-A ...
  -74.0404  -94.8905   50.9141
    0.3178   -0.0079    0.9481
   -0.8962    0.3240    0.3030
   -0.3095   -0.9460    0.0959
...    46 T-A ...
  -74.6899  -98.0392   51.1349
   -0.1499    0.1725    0.9735
   -0.9419    0.2744   -0.1937
   -0.3005   -0.9460    0.1214
...    47 A-T ...
  -75.5975 -101.1356   51.8014
   -0.5962    0.4013    0.6953
   -0.7264    0.0991   -0.6801
   -0.3419   -0.9106    0.2324
...    48 C-G ...
  -76.4027 -104.0394   53.2078
   -0.8788    0.4171    0.2319
   -0.3177   -0.1486   -0.9365
   -0.3562   -0.8966    0.2631
...    49 T-A ...
  -77.6136 -106.8294   54.6281
   -0.8893    0.3420   -0.3036
    0.1601   -0.3890   -0.9072
   -0.4284   -0.8554    0.2912
...    50 G-C ...
  -79.2105 -109.6620   55.4072
   -0.6036    0.1356   -0.7856
    0.6249   -0.5314   -0.5719
   -0.4951   -0.8362    0.2360
...    51 T-A ...
  -81.2318 -112.0058   56.2398
   -0.1964   -0.1349   -0.9712
    0.8414   -0.5317   -0.0963
   -0.5034   -0.8361    0.2179
...    52 A-T ...
  -82.6431 -114.9082   56.9466
    0.3566   -0.4085   -0.8402
    0.7936   -0.3421    0.5031
   -0.4929   -0.8462    0.2022
...    53 G-C ...
  -84.4588 -117.5411   57.4750
    0.7370   -0.4514   -0.5031
    0.5239   -0.0888    0.8471
   -0.4271   -0.8879    0.1710
...    54 G-C ...
  -86.1805 -120.7367   57.2190
    0.9365   -0.3506   -0.0025
    0.0610    0.1559    0.9859
   -0.3452   -0.9235    0.1674
...    55 T-A ...
  -87.0864 -123.8420   57.3481
    0.8546   -0.1843    0.4855
   -0.4180    0.3108    0.8536
   -0.3082   -0.9324    0.1885
...    56 A-T ...
  -87.5080 -127.2645   57.6448
    0.5265    0.1405    0.8385
   -0.8254    0.3207    0.4646
   -0.2037   -0.9367    0.2848
...    57 T-A ...
  -87.4940 -130.4445   58.3817
    0.0670    0.3145    0.9469
   -0.9806    0.1960    0.0043
   -0.1842   -0.9288    0.3215
...    58 C-G ...
  -87.9316 -133.4664   59.5301
   -0.5236    0.4214    0.7405
   -0.8304   -0.0577   -0.5542
   -0.1908   -0.9051    0.3801
...    59 A-T ...
  -88.1677 -136.4321   61.1937
   -0.8519    0.4257    0.3050
   -0.4698   -0.3637   -0.8044
   -0.2315   -0.8285    0.5099
...    60 T-A ...
  -88.8528 -138.8305   63.2848
   -0.9670    0.2085   -0.1466
    0.0107   -0.5413   -0.8408
   -0.2546   -0.8146    0.5212
...    61 G-C ...
  -89.8175 -141.4374   65.2063
   -0.7658   -0.1368   -0.6284
    0.5809   -0.5665   -0.5845
   -0.2760   -0.8126    0.5133
...    62 T-A ...
  -91.1687 -143.8176   67.1912
   -0.3329   -0.4421   -0.8329
    0.9085   -0.3871   -0.1577
   -0.2527   -0.8091    0.5305
...    63 T-A ...
  -92.1822 -146.3435   68.8916
    0.2349   -0.6036   -0.7619
    0.9414   -0.0540    0.3330
   -0.2422   -0.7954    0.5556
...    64 A-T ...
  -92.8069 -148.9943   70.8721
    0.7553   -0.4930   -0.4317
    0.6246    0.3424    0.7019
   -0.1982   -0.7998    0.5666
...    65 T-A ...
  -93.7264 -151.8422   72.1182
    0.9673   -0.2512   -0.0335
    0.1734    0.5597    0.8103
   -0.1848   -0.7897    0.5850
...    66 A-T ...
  -94.1771 -154.4358   74.0817
    0.9312    0.1939    0.3088
   -0.3622    0.5887    0.7227
   -0.0417   -0.7848    0.6184
...    67 A-T ...
  -94.0953 -156.9655   75.9165
    0.6136    0.5452    0.5712
   -0.7885    0.3860    0.4787
    0.0405   -0.7442    0.6668
...    68 C-G ...
  -93.1782 -159.4628   77.9749
    0.1042    0.7116    0.6949
   -0.9921    0.0251    0.1230
    0.0701   -0.7022    0.7085
...    69 G-C ...
  -93.3129 -161.3580   80.6359
   -0.4382    0.7229    0.5342
   -0.8935   -0.4152   -0.1712
    0.0980   -0.5523    0.8278
...    70 G-C ...
  -93.3510 -162.5214   83.7321
   -0.8460    0.4561    0.2760
   -0.5291   -0.7817   -0.3301
    0.0652   -0.4253    0.9027
...    71 A-T ...
  -93.0158 -163.6485   86.8620
   -0.9917   -0.1202    0.0463
    0.0911   -0.9082   -0.4084
    0.0911   -0.4008    0.9116
...    72 T-A ...
  -92.9471 -164.4274   90.0872
   -0.7946   -0.5848   -0.1634
    0.5990   -0.7112   -0.3680
    0.0990   -0.3902    0.9154
...    73 C-G ...
  -92.8648 -165.6009   93.2254
   -0.2480   -0.9132   -0.3235
    0.9581   -0.1818   -0.2213
    0.1433   -0.3648    0.9200
...    74 T-A ...
  -92.7028 -166.9730   96.3081
    0.2950   -0.8567   -0.4231
    0.9404    0.3388   -0.0303
    0.1693   -0.3889    0.9056
...    75 C-G ...
  -92.2944 -168.2027   99.4819
    0.7822   -0.4825   -0.3941
    0.5785    0.7973    0.1723
    0.2311   -0.3628    0.9028
...    76 G-C ...
  -91.1695 -168.9609  102.4819
    0.8832    0.0478   -0.4665
    0.1172    0.9407    0.3183
    0.4540   -0.3358    0.8253
...    77 A-T ...
  -89.9074 -169.8499  105.3185
    0.7421    0.5856   -0.3260
   -0.4044    0.7791    0.4790
    0.5345   -0.2236    0.8150
...    78 G-C ...
  -87.6650 -170.5696  107.6600
    0.3686    0.9183   -0.1441
   -0.7008    0.3764    0.6059
    0.6107   -0.1223    0.7824
...    79 C-G ...
  -85.1212 -170.8208  109.8565
   -0.1306    0.9786    0.1592
   -0.7601   -0.2019    0.6177
    0.6366   -0.0404    0.7701
...    80 T-A ...
  -82.7815 -170.7348  112.1604
   -0.5445    0.7328    0.4081
   -0.5392   -0.6785    0.4990
    0.6425    0.0517    0.7645
...    81 C-G ...
  -81.1962 -170.4820  114.9591
   -0.7660    0.2073    0.6085
   -0.0511   -0.9632    0.2638
    0.6408    0.1710    0.7484
...    82 G-C ...
  -79.1254 -170.9431  117.8092
   -0.6613   -0.3891    0.6413
    0.4431   -0.8925   -0.0846
    0.6053    0.2282    0.7626
...    83 G-C ...
  -77.2117 -169.9637  120.4257
   -0.3110   -0.8258    0.4704
    0.7315   -0.5240   -0.4363
    0.6068    0.2084    0.7671
...    84 G-C ...
  -75.3313 -169.1814  123.0702
    0.0981   -0.9901    0.0999
    0.7861    0.0155   -0.6179
    0.6102    0.1392    0.7799
...    85 A-T ...
  -73.5235 -168.6615  125.8555
    0.5552   -0.7796   -0.2896
    0.5509    0.6056   -0.5742
    0.6231    0.1593    0.7657
...    86 T-A ...
  -71.7242 -168.6264  128.6224
    0.7423   -0.3588   -0.5659
    0.1764    0.9194   -0.3515
    0.6464    0.1611    0.7458
...    87 C-G ...
  -69.5321 -168.2878  131.0450
    0.6689    0.2299   -0.7069
   -0.2930    0.9555    0.0334
    0.6831    0.1848    0.7065
...    88 C-G ...
  -67.4215 -167.8688  133.5372
    0.2983    0.6361   -0.7116
   -0.6011    0.7043    0.3776
    0.7414    0.3151    0.5925
...    89 G-C ...
  -65.1660 -166.3434  135.4478
   -0.2058    0.8261   -0.5247
   -0.6208    0.3042    0.7225
    0.7564    0.4744    0.4502
...    90 C-G ...
  -62.3662 -164.5313  136.3730
   -0.5433    0.8388   -0.0357
   -0.3621   -0.1957    0.9113
    0.7574    0.5081    0.4101
...    91 T-A ...
  -60.0207 -162.1107  137.3526
   -0.6557    0.5813    0.4818
    0.0778   -0.5827    0.8090
    0.7510    0.5679    0.3368
...    92 T-A ...
  -57.6822 -159.9677  138.1563
   -0.4387    0.1636    0.8836
    0.4602   -0.8037    0.3773
    0.7719    0.5721    0.2773
...    93 T-A ...
  -55.3683 -157.7556  138.8679
   -0.0344   -0.2861    0.9576
    0.6178   -0.7593   -0.2047
    0.7856    0.5845    0.2028
...    94 A-T ...
  -52.3707 -156.3008  138.7673
    0.4767   -0.5897    0.6519
    0.4622   -0.4627   -0.7565
    0.7478    0.6619    0.0520
...    95 A-T ...
  -50.0757 -154.0600  139.0085
    0.6779   -0.7268    0.1109
    0.0758   -0.0809   -0.9938
    0.7313    0.6821    0.0002
...    96 C-G ...
  -47.5988 -151.8596  139.5817
    0.6032   -0.6690   -0.4342
   -0.3135    0.3017   -0.9004
    0.7334    0.6793   -0.0278
...    97 A-T ...
  -45.1257 -149.6615  139.4808
    0.2455   -0.4575   -0.8546
   -0.6030    0.6182   -0.5042
    0.7590    0.6391   -0.1242
...    98 C-G ...
  -42.2146 -148.1103  139.0234
   -0.1328   -0.1153   -0.9844
   -0.6418    0.7668   -0.0033
    0.7553    0.6314   -0.1758
...    99 T-A ...
  -39.3044 -146.3440  137.9715
   -0.5446    0.2621   -0.7967
   -0.4479    0.7122    0.5405
    0.7091    0.6512   -0.2705
...   100 T-A ...
  -36.9792 -144.4494  136.7323
   -0.7163    0.6042   -0.3492
   -0.0549    0.4500    0.8913
    0.6956    0.6576   -0.2892
...   101 T-A ...
  -34.8240 -142.3533  135.5565
   -0.6481    0.7318    0.2108
    0.3633    0.0538    0.9301
    0.6693    0.6794   -0.3008
...   102 A-T ...
  -32.6132 -139.9916  134.6559
   -0.3356    0.6016    0.7249
    0.6940   -0.3624    0.6221
    0.6369    0.7119   -0.2959
...   103 T-A ...
  -31.1661 -137.3803  133.3061
    0.0173    0.3478    0.9374
    0.7859   -0.5844    0.2024
    0.6182    0.7332   -0.2834
...   104 G-C ...
  -29.2775 -134.7583  132.5595
    0.4354   -0.1417    0.8890
    0.6382   -0.6479   -0.4159
    0.6349    0.7484   -0.1917
...   105 C-G ...
  -27.2668 -132.1479  132.2949
    0.6997   -0.4936    0.5165
    0.2838   -0.4714   -0.8350
    0.6557    0.7308   -0.1897
...   106 T-A ...
  -24.9968 -129.5722  132.1029
    0.7236   -0.6889   -0.0411
   -0.1489   -0.0976   -0.9840
    0.6739    0.7182   -0.1732
...   107 T-A ...
  -22.7719 -127.2955  131.7394
    0.4945   -0.6553   -0.5711
   -0.5279    0.2956   -0.7962
    0.6905    0.6952   -0.1998
...   108 C-G ...
  -20.3053 -125.1827  131.1219
    0.0615   -0.4188   -0.9060
   -0.7128    0.6170   -0.3336
    0.6987    0.6663   -0.2606
...   109 C-G ...
  -17.9076 -123.0661  130.3826
   -0.4059   -0.1404   -0.9031
   -0.6458    0.7433    0.1747
    0.6467    0.6541   -0.3923
...   110 G-C ...
  -16.2058 -120.9078  129.0386
   -0.7549    0.1545   -0.6374
   -0.3381    0.7411    0.5800
    0.5620    0.6533   -0.5073
...   111 G-C ...
  -14.7347 -118.8281  126.8522
   -0.8615    0.4744   -0.1812
    0.1483    0.5763    0.8036
    0.4857    0.6654   -0.5668
...   112 C-G ...
  -13.6374 -116.7313  124.4587
   -0.6629    0.6826    0.3076
    0.6046    0.2457    0.7577
    0.4416    0.6883   -0.5756
...   113 T-A ...
  -12.4399 -114.4983  122.3419
   -0.2702    0.6846    0.6770
    0.8749   -0.1189    0.4694
    0.4019    0.7191   -0.5669
...   114 C-G ...
  -11.0551 -112.0288  120.6917
    0.2741    0.4731    0.8373
    0.8894   -0.4558   -0.0336
    0.3658    0.7540   -0.5457
...   115 G-C ...
   -9.4597 -109.8076  118.8339
    0.7185    0.0860    0.6902
    0.5758   -0.6301   -0.5209
    0.3901    0.7717   -0.5022
...   116 T-A ...
   -8.1931 -106.9943  117.7056
    0.9003   -0.2825    0.3311
    0.1164   -0.5766   -0.8087
    0.4194    0.7667   -0.4862
...   117 A-T ...
   -6.6310 -104.2075  116.5107
    0.7792   -0.6047   -0.1649
   -0.4132   -0.2978   -0.8606
    0.4713    0.7387   -0.4819
...   118 T-A ...
   -4.7279 -101.7640  115.5451
    0.4774   -0.6641   -0.5755
   -0.7500    0.0333   -0.6606
    0.4579    0.7469   -0.4821
...   119 A-T ...
   -3.3860  -99.2609  113.7740
   -0.0693   -0.5577   -0.8272
   -0.8806    0.4238   -0.2120
    0.4688    0.7137   -0.5204
...   120 A-T ...
   -1.6274  -97.1857  112.0173
   -0.5639   -0.2554   -0.7853
   -0.6918    0.6654    0.2804
    0.4509    0.7015   -0.5519
...   121 T-A ...
    0.1682  -95.3815  109.8703
   -0.8418    0.1152   -0.5274
   -0.3053    0.7042    0.6410
    0.4452    0.7006   -0.5576
...   122 G-C ...
    1.5577  -93.1091  107.6588
   -0.9066    0.4219   -0.0105
    0.2359    0.5274    0.8162
    0.3499    0.7375   -0.5776
...   123 T-A ...
    2.3503  -90.8893  105.4057
   -0.6838    0.6078    0.4037
    0.6524    0.2615    0.7113
    0.3268    0.7498   -0.5754
...   124 G-C ...
    3.2189  -88.3173  103.4695
   -0.2279    0.5831    0.7798
    0.9347   -0.0933    0.3429
    0.2727    0.8070   -0.5238
...   125 T-A ...
    3.5737  -85.6771  101.6721
    0.2692    0.4152    0.8690
    0.9243   -0.3649   -0.1120
    0.2706    0.8333   -0.4820
...   126 C-G ...
    4.4112  -82.9735  100.2782
    0.7564    0.1310    0.6408
    0.6028   -0.5199   -0.6053
    0.2539    0.8441   -0.4722
...   127 G-C ...
    5.6389  -80.5218   98.4612
    0.9151   -0.2648    0.3042
    0.1519   -0.4724   -0.8682
    0.3736    0.8407   -0.3920
...   128 A-T ...
    6.7483  -77.8181   97.2547
    0.8315   -0.4921   -0.2578
   -0.4144   -0.2402   -0.8778
    0.3700    0.8368   -0.4037
...   129 C-G ...
    8.4076  -75.0423   96.5736
    0.4750   -0.5769   -0.6645
   -0.7861    0.0613   -0.6151
    0.3956    0.8145   -0.4244
...   130 C-G ...
   10.2948  -72.6084   95.0991
   -0.0421   -0.5392   -0.8412
   -0.9029    0.3810   -0.1990
    0.4278    0.7511   -0.5028
...   131 A-T ...
   11.0712  -69.8546   93.3678
   -0.5783   -0.2928   -0.7615
   -0.7196    0.6229    0.3069
    0.3845    0.7254   -0.5709
...   132 A-T ...
   12.3901  -67.6426   91.3291
   -0.8835    0.1097   -0.4553
   -0.2673    0.6802    0.6825
    0.3846    0.7248   -0.5717
...   133 A-T ...
   13.6923  -65.5452   89.1620
   -0.8577    0.5140    0.0103
    0.2920    0.4705    0.8327
    0.4232    0.7172   -0.5536
...   134 T-A ...
   14.7284  -63.4123   86.8244
   -0.5924    0.6746    0.4405
    0.6886    0.1400    0.7115
    0.4183    0.7248   -0.5474
...   135 G-C ...
   15.7212  -61.4789   83.9377
    0.0342    0.7399    0.6718
    0.8637   -0.3601    0.3526
    0.5028    0.5682   -0.6514
...   136 T-A ...
   15.7740  -59.5465   80.8036
    0.5516    0.4996    0.6680
    0.6739   -0.7388   -0.0038
    0.4916    0.4523   -0.7442
...   137 G-C ...
   16.8281  -57.7076   78.2737
    0.8528   -0.0847    0.5152
    0.1508   -0.9047   -0.3984
    0.4999    0.4175   -0.7588
...   138 A-T ...
   18.4176  -55.5142   76.5362
    0.8547   -0.5007    0.1370
   -0.3189   -0.7148   -0.6224
    0.4096    0.4883   -0.7706
...   139 G-C ...
   20.4153  -54.2946   74.5496
    0.5847   -0.7389   -0.3350
   -0.7594   -0.3532   -0.5465
    0.2854    0.5739   -0.7676
...   140 C-G ...
   21.4164  -51.8108   72.7949
    0.1305   -0.7142   -0.6876
   -0.8897    0.2217   -0.3991
    0.4375    0.6639   -0.6065
...   141 G-C ...
   22.1407  -50.1331   67.4724
   -0.4682   -0.8748    0.1248
   -0.8495    0.4067   -0.3362
    0.2434   -0.2634   -0.9335
...   142 C-G ...
   22.3378  -51.2253   64.5018
   -0.8529   -0.5117   -0.1032
   -0.4974    0.8566   -0.1372
    0.1587   -0.0657   -0.9851
...   143 T-A ...
   24.0060  -51.6202   61.9332
   -0.9563    0.0399   -0.2897
    0.0522    0.9980   -0.0348
    0.2877   -0.0484   -0.9565
...   144 C-G ...
   24.8857  -52.7208   58.9947
   -0.7530    0.5560   -0.3520
    0.5213    0.8304    0.1966
    0.4016   -0.0355   -0.9151
...   145 A-T ...
   25.5174  -52.9611   55.8126
   -0.2441    0.9563   -0.1609
    0.8907    0.2867    0.3528
    0.3835   -0.0571   -0.9218
...   146 C-G ...
   25.2678  -52.4926   52.0870
    0.3203    0.9428   -0.0928
    0.8825   -0.2613    0.3910
    0.3444   -0.2071   -0.9157
...   147 A-T ...
   25.6134  -52.5733   48.6478
    0.8597    0.5097    0.0339
    0.4498   -0.7866    0.4230
    0.2423   -0.3484   -0.9055
