  147 base-pairs
...     1 T-A ...
    0.0000    0.0000    0.0000
    1.0000    0.0000    0.0000
    0.0000    1.0000    0.0000
    0.0000    0.0000    1.0000
...     2 G-C ...
   -0.5555   -1.1003    3.3981
    0.7749    0.6051    0.1828
   -0.5991    0.7953   -0.0929
   -0.2016   -0.0375    0.9787
...     3 T-A ...
   -0.6619   -3.0237    6.5348
    0.3046    0.9250    0.2271
   -0.8994    0.3578   -0.2510
   -0.3134   -0.1278    0.9410
...     4 G-C ...
   -1.1607   -3.8418    9.6940
   -0.3351    0.9421    0.0133
   -0.8752   -0.3061   -0.3746
   -0.3489   -0.1372    0.9271
...     5 A-T ...
   -1.3881   -3.6770   12.8999
   -0.7835    0.6162   -0.0801
   -0.5677   -0.7622   -0.3109
   -0.2527   -0.1981    0.9470
...     6 G-C ...
   -2.6236   -3.5448   15.7072
   -0.9923    0.0611   -0.1075
   -0.0294   -0.9610   -0.2748
   -0.1201   -0.2695    0.9555
...     7 C-G ...
   -2.3138   -3.7570   18.8866
   -0.8620   -0.4995   -0.0864
    0.5008   -0.8655    0.0073
   -0.0785   -0.0370    0.9962
...     8 G-C ...
   -3.9561   -6.8109   23.3205
   -0.2581   -0.3560   -0.8981
    0.6294   -0.7673    0.1233
   -0.7330   -0.5335    0.4221
...     9 C-G ...
   -6.1177   -8.9414   24.2385
    0.1143   -0.7320   -0.6716
    0.8123   -0.3203    0.4874
   -0.5720   -0.6013    0.5580
...    10 T-A ...
   -8.5041   -9.6771   26.0540
    0.4660   -0.8587   -0.2131
    0.6274    0.1508    0.7640
   -0.6239   -0.4897    0.6090
...    11 C-G ...
  -11.0625  -11.3174   27.2336
    0.6660   -0.6911    0.2808
    0.3382    0.6152    0.7121
   -0.6649   -0.3794    0.6435
...    12 A-T ...
  -13.0013  -13.1789   29.0658
    0.7188   -0.1490    0.6790
   -0.1787    0.9043    0.3876
   -0.6718   -0.4000    0.6235
...    13 C-G ...
  -14.1788  -15.9359   31.3399
    0.4052    0.2865    0.8682
   -0.5270    0.8492   -0.0343
   -0.7470   -0.4437    0.4951
...    14 A-T ...
  -15.9532  -18.1566   33.3080
   -0.1503    0.6873    0.7107
   -0.6106    0.5008   -0.6135
   -0.7776   -0.5261    0.3444
...    15 A-T ...
  -18.3619  -19.9940   34.4548
   -0.4706    0.8523    0.2283
   -0.3948    0.0279   -0.9183
   -0.7891   -0.5223    0.3234
...    16 T-A ...
  -20.7383  -21.6460   36.2255
   -0.6410    0.7117   -0.2876
   -0.0625   -0.4218   -0.9045
   -0.7650   -0.5618    0.3148
...    17 T-A ...
  -23.2489  -23.2869   37.5797
   -0.5795    0.3098   -0.7538
    0.3420   -0.7471   -0.5700
   -0.7398   -0.5881    0.3270
...    18 T-A ...
  -25.7485  -25.0328   38.6461
   -0.2585   -0.1263   -0.9577
    0.6022   -0.7963   -0.0575
   -0.7554   -0.5916    0.2819
...    19 A-T ...
  -28.1826  -27.1275   39.3449
    0.1934   -0.4505   -0.8716
    0.6297   -0.6242    0.4624
   -0.7524   -0.6382    0.1629
...    20 T-A ...
  -31.0104  -28.8413   39.3756
    0.4945   -0.6966   -0.5199
    0.4436   -0.3120    0.8401
   -0.7474   -0.6461    0.1547
...    21 T-A ...
  -33.5259  -30.9299   39.5587
    0.6682   -0.7432    0.0342
    0.0790    0.1167    0.9900
   -0.7398   -0.6588    0.1367
...    22 C-G ...
  -35.8659  -33.1906   39.9519
    0.6179   -0.5170    0.5923
   -0.3369    0.5066    0.7936
   -0.7104   -0.6899    0.1389
...    23 G-C ...
  -38.2623  -35.2959   41.0496
    0.4197   -0.0552    0.9060
   -0.6653    0.6603    0.3484
   -0.6174   -0.7490    0.2404
...    24 C-G ...
  -39.9781  -37.9884   41.7757
    0.0440    0.3386    0.9399
   -0.7876    0.5905   -0.1759
   -0.6146   -0.7325    0.2927
...    25 A-T ...
  -42.3610  -40.1787   42.4886
   -0.3854    0.6529    0.6520
   -0.6726    0.2849   -0.6829
   -0.6317   -0.7018    0.3294
...    26 A-T ...
  -44.3373  -42.4699   43.7643
   -0.7049    0.6927    0.1527
   -0.3341   -0.1343   -0.9329
   -0.6257   -0.7086    0.3261
...    27 A-T ...
  -46.2490  -44.7051   45.1667
   -0.7833    0.4704   -0.4065
    0.1479   -0.4940   -0.8568
   -0.6038   -0.7312    0.3174
...    28 G-C ...
  -48.5118  -46.8190   46.4916
   -0.5512    0.1769   -0.8154
    0.5300   -0.6805   -0.5060
   -0.6444   -0.7111    0.2813
...    29 G-C ...
  -51.0202  -48.9983   47.3874
   -0.1058   -0.1727   -0.9793
    0.7414   -0.6700    0.0381
   -0.6627   -0.7220    0.1990
...    30 C-G ...
  -53.4981  -51.1046   47.7670
    0.3535   -0.4614   -0.8137
    0.6693   -0.4830    0.5646
   -0.6535   -0.7442    0.1380
...    31 C-G ...
  -55.9071  -53.4169   48.0409
    0.7142   -0.5834   -0.3869
    0.3599   -0.1680    0.9177
   -0.6004   -0.7947    0.0900
...    32 G-C ...
  -57.5089  -55.9771   48.4738
    0.8627   -0.4933    0.1114
   -0.0649    0.1105    0.9918
   -0.5015   -0.8628    0.0633
...    33 G-C ...
  -58.6848  -59.1306   48.5119
    0.7213   -0.2940    0.6272
   -0.5431    0.3219    0.7755
   -0.4299   -0.9000    0.0725
...    34 C-G ...
  -59.6914  -62.2472   48.5795
    0.3300   -0.0259    0.9436
   -0.8573    0.4102    0.3111
   -0.3951   -0.9116    0.1132
...    35 C-G ...
  -60.6041  -65.4583   49.2570
   -0.1735    0.2546    0.9513
   -0.9112    0.3249   -0.2531
   -0.3735   -0.9108    0.1757
...    36 C-G ...
  -61.6773  -68.5072   50.1163
   -0.6266    0.4317    0.6488
   -0.6855    0.0908   -0.7224
   -0.3708   -0.8974    0.2390
...    37 G-C ...
  -63.2564  -71.5264   50.0804
   -0.8746    0.4685    0.1246
   -0.2260   -0.1668   -0.9597
   -0.4289   -0.8676    0.2518
...    38 A-T ...
  -64.5195  -74.2965   50.9190
   -0.8412    0.2874   -0.4580
    0.3325   -0.3929   -0.8574
   -0.4264   -0.8735    0.2349
...    39 C-G ...
  -66.3108  -76.7908   51.8804
   -0.5330    0.0802   -0.8423
    0.7131   -0.4933   -0.4982
   -0.4554   -0.8662    0.2057
...    40 A-T ...
  -67.9533  -79.6365   52.4270
    0.0017   -0.1456   -0.9893
    0.8849   -0.4607    0.0693
   -0.4658   -0.8756    0.1280
...    41 C-G ...
  -69.8460  -82.3420   52.4075
    0.4684   -0.3176   -0.8244
    0.7598   -0.3314    0.5594
   -0.4509   -0.8884    0.0861
...    42 G-C ...
  -70.9729  -85.4022   52.9950
    0.8510   -0.3794   -0.3632
    0.3507   -0.1044    0.9307
   -0.3910   -0.9193    0.0442
...    43 A-T ...
  -72.3208  -88.2528   53.1081
    0.9022   -0.3579    0.2407
   -0.1978    0.1525    0.9683
   -0.3832   -0.9212    0.0667
...    44 C-G ...
  -73.2877  -91.3749   52.6673
    0.6913   -0.1681    0.7028
   -0.6449    0.2951    0.7049
   -0.3259   -0.9406    0.0956
...    45 T-A ...
  -73.7839  -94.9348   52.8357
    0.2341    0.0832    0.9686
   -0.9245    0.3273    0.1954
   -0.3008   -0.9413    0.1535
...    46 T-A ...
  -74.4217  -98.0561   53.2925
   -0.2430    0.2565    0.9355
   -0.9242    0.2317   -0.3036
   -0.2946   -0.9384    0.1807
...    47 A-T ...
  -75.3807 -101.1018   54.1234
   -0.6772    0.4398    0.5899
   -0.6514    0.0144   -0.7586
   -0.3421   -0.8980    0.2767
...    48 C-G ...
  -76.2677 -103.8979   55.6986
   -0.9099    0.4033    0.0974
   -0.2087   -0.2421   -0.9475
   -0.3586   -0.8824    0.3045
...    49 T-A ...
  -77.5610 -106.6008   57.2207
   -0.8586    0.2783   -0.4305
    0.2738   -0.4610   -0.8441
   -0.4334   -0.8426    0.3197
...    50 G-C ...
  -79.1409 -109.4219   58.0736
   -0.5120    0.0367   -0.8582
    0.7047   -0.5532   -0.4442
   -0.4911   -0.8322    0.2574
...    51 T-A ...
  -81.1669 -111.7717   58.8892
   -0.0735   -0.2358   -0.9690
    0.8650   -0.4986    0.0557
   -0.4963   -0.8341    0.2406
...    52 A-T ...
  -82.5165 -114.6767   59.7469
    0.4735   -0.4754   -0.7415
    0.7363   -0.2484    0.6294
   -0.4834   -0.8440    0.2324
...    53 G-C ...
  -84.2838 -117.3291   60.3597
    0.8133   -0.4618   -0.3540
    0.4128    0.0291    0.9104
   -0.4100   -0.8865    0.2143
...    54 G-C ...
  -85.8166 -120.6205   60.2674
    0.9426   -0.2939    0.1584
   -0.0795    0.2634    0.9614
   -0.3243   -0.9188    0.2249
...    55 T-A ...
  -86.5971 -123.7401   60.6291
    0.7875   -0.0790    0.6112
   -0.5448    0.3746    0.7503
   -0.2882   -0.9238    0.2519
...    56 A-T ...
  -86.9072 -127.1264   61.2693
    0.3956    0.2635    0.8798
   -0.8971    0.3158    0.3089
   -0.1965   -0.9115    0.3613
...    57 T-A ...
  -86.8458 -130.1997   62.3648
   -0.0875    0.4189    0.9038
   -0.9795    0.1291   -0.1546
   -0.1815   -0.8988    0.3990
...    58 C-G ...
  -87.2373 -133.1847   64.0025
   -0.6601    0.4456    0.6047
   -0.7277   -0.1797   -0.6620
   -0.1863   -0.8770    0.4428
...    59 T-A ...
  -87.8416 -135.8800   65.7897
   -0.9307    0.3375    0.1408
   -0.2832   -0.4218   -0.8613
   -0.2313   -0.8416    0.4881
...    60 C-G ...
  -88.9407 -138.6361   67.1239
   -0.9191    0.0314   -0.3927
    0.2973   -0.5989   -0.7436
   -0.2585   -0.8002    0.5411
...    61 G-C ...
  -89.5695 -141.5875   68.4050
   -0.6035   -0.2602   -0.7537
    0.7339   -0.5509   -0.3974
   -0.3118   -0.7929    0.5235
...    62 A-T ...
  -90.3344 -144.2487   70.1884
   -0.0429   -0.5293   -0.8473
    0.9562   -0.2675    0.1186
   -0.2894   -0.8052    0.5176
...    63 G-C ...
  -91.8109 -147.0208   71.4700
    0.5008   -0.5228   -0.6899
    0.8319    0.0707    0.5503
   -0.2389   -0.8495    0.4703
...    64 T-A ...
  -92.8823 -150.0074   72.4300
    0.8738   -0.3609   -0.3259
    0.4492    0.3422    0.8253
   -0.1863   -0.8676    0.4611
...    65 C-G ...
  -93.4027 -152.7911   73.8968
    0.9888   -0.0485    0.1414
   -0.1015    0.4768    0.8731
   -0.1098   -0.8777    0.4665
...    66 A-T ...
  -93.7898 -155.9264   75.1833
    0.7966    0.3363    0.5024
   -0.6033    0.3889    0.6963
    0.0387   -0.8577    0.5126
...    67 T-A ...
  -93.2180 -158.7494   76.6223
    0.4054    0.5546    0.7267
   -0.9093    0.1628    0.3830
    0.0941   -0.8160    0.5703
...    68 G-C ...
  -92.5574 -161.3602   78.8130
   -0.1850    0.6705    0.7185
   -0.9742   -0.2214   -0.0443
    0.1294   -0.7081    0.6941
...    69 T-A ...
  -91.5387 -163.3254   81.3060
   -0.6623    0.4836    0.5722
   -0.7362   -0.5619   -0.3773
    0.1391   -0.6712    0.7281
...    70 T-A ...
  -90.9987 -165.2663   83.7723
   -0.9548    0.0950    0.2817
   -0.2515   -0.7634   -0.5950
    0.1585   -0.6389    0.7528
...    71 A-T ...
  -90.4502 -167.6727   86.1364
   -0.8909   -0.4371   -0.1235
    0.4095   -0.6555   -0.6345
    0.1964   -0.6159    0.7629
...    72 T-A ...
  -90.2217 -169.2210   88.9947
   -0.5591   -0.7367   -0.3803
    0.7957   -0.3480   -0.4957
    0.2329   -0.5798    0.7808
...    73 A-T ...
  -89.0753 -171.0964   91.6417
    0.1082   -0.8243   -0.5557
    0.9600    0.2318   -0.1569
    0.2581   -0.5166    0.8164
...    74 A-T ...
  -88.3865 -172.7645   94.2929
    0.6280   -0.5641   -0.5361
    0.7232    0.6775    0.1342
    0.2876   -0.4720    0.8334
...    75 C-G ...
  -87.8435 -174.8397   96.9288
    0.9083   -0.1021   -0.4058
    0.2665    0.8888    0.3728
    0.3226   -0.4467    0.8345
...    76 G-C ...
  -86.4464 -175.8486   99.6628
    0.8214    0.4408   -0.3620
   -0.2187    0.8295    0.5139
    0.5268   -0.3430    0.7778
...    77 G-C ...
  -84.2408 -176.7970  101.8798
    0.5166    0.8392   -0.1702
   -0.5631    0.4827    0.6707
    0.6450   -0.2506    0.7219
...    78 A-T ...
  -81.8941 -177.3083  104.0428
    0.0466    0.9855    0.1633
   -0.7172   -0.0808    0.6921
    0.6953   -0.1493    0.7031
...    79 C-G ...
  -79.1248 -177.5946  105.7783
   -0.3831    0.8155    0.4338
   -0.6080   -0.5762    0.5463
    0.6955   -0.0545    0.7165
...    80 T-A ...
  -76.4626 -177.0134  107.7879
   -0.7066    0.3985    0.5847
   -0.2585   -0.9146    0.3109
    0.6587    0.0686    0.7493
...    81 C-G ...
  -74.7490 -176.9620  110.5211
   -0.7310   -0.2018    0.6518
    0.2629   -0.9648   -0.0039
    0.6297    0.1685    0.7583
...    82 G-C ...
  -72.3132 -177.4422  113.0495
   -0.4530   -0.7205    0.5251
    0.6664   -0.6649   -0.3374
    0.5922    0.1971    0.7813
...    83 G-C ...
  -70.4360 -176.6093  115.7190
   -0.0233   -0.9723    0.2325
    0.7899   -0.1605   -0.5919
    0.6128    0.1699    0.7717
...    84 G-C ...
  -68.5487 -175.9871  118.3987
    0.3565   -0.9158   -0.1849
    0.6763    0.3895   -0.6253
    0.6447    0.0979    0.7582
...    85 A-T ...
  -66.5951 -175.7324  121.0957
    0.6793   -0.5085   -0.5291
    0.3173    0.8537   -0.4130
    0.6617    0.1127    0.7413
...    86 T-A ...
  -64.5081 -175.9600  123.6361
    0.7216   -0.0060   -0.6923
   -0.0801    0.9925   -0.0922
    0.6876    0.1220    0.7157
...    87 C-G ...
  -62.1365 -175.7112  125.8698
    0.4993    0.5499   -0.6696
   -0.4776    0.8194    0.3169
    0.7230    0.1615    0.6717
...    88 C-G ...
  -59.7794 -175.4193  128.1351
    0.0628    0.8421   -0.5356
   -0.6662    0.4350    0.6057
    0.7431    0.3188    0.5884
...    89 G-C ...
  -57.6078 -173.9424  130.1552
   -0.4302    0.8631   -0.2647
   -0.5537   -0.0207    0.8325
    0.7130    0.5046    0.4868
...    90 C-G ...
  -55.0989 -171.8212  131.2507
   -0.6851    0.6876    0.2406
   -0.1791   -0.4790    0.8593
    0.7061    0.5456    0.4513
...    91 T-A ...
  -53.1180 -169.2512  132.5884
   -0.6633    0.3050    0.6834
    0.3022   -0.7263    0.6174
    0.6846    0.6161    0.3895
...    92 T-A ...
  -51.0811 -166.9160  133.6390
   -0.3113   -0.1338    0.9408
    0.6409   -0.7606    0.1039
    0.7017    0.6353    0.3225
...    93 T-A ...
  -49.0836 -164.4949  134.5948
    0.1707   -0.4941    0.8525
    0.6890   -0.5586   -0.4618
    0.7043    0.6662    0.2451
...    94 A-T ...
  -46.4401 -162.4811  134.5032
    0.6535   -0.6263    0.4251
    0.4007   -0.1902   -0.8962
    0.6422    0.7560    0.1267
...    95 A-T ...
  -44.4740 -160.0027  135.0146
    0.7753   -0.6152   -0.1431
   -0.0607    0.1530   -0.9864
    0.6287    0.7734    0.0813
...    96 C-G ...
  -42.2402 -157.6400  135.8196
    0.6111   -0.4665   -0.6395
   -0.4716    0.4343   -0.7675
    0.6358    0.7705    0.0454
...    97 A-T ...
  -40.0486 -155.1641  135.9370
    0.1736   -0.2450   -0.9539
   -0.7282    0.6202   -0.2918
    0.6630    0.7452   -0.0707
...    98 C-G ...
  -37.4136 -153.1916  135.4676
   -0.2529    0.0580   -0.9658
   -0.7100    0.6669    0.2259
    0.6572    0.7428   -0.1275
...    99 T-A ...
  -34.8552 -150.9207  134.4581
   -0.6675    0.3399   -0.6625
   -0.4369    0.5417    0.7181
    0.6030    0.7688   -0.2131
...   100 T-A ...
  -32.8887 -148.5787  133.3642
   -0.8043    0.5774   -0.1404
    0.0245    0.2683    0.9630
    0.5938    0.7711   -0.2300
...   101 T-A ...
  -31.0754 -146.1016  132.3536
   -0.6648    0.6178    0.4198
    0.4753   -0.0837    0.8758
    0.5762    0.7818   -0.2380
...   102 A-T ...
  -29.1245 -143.4447  131.6713
   -0.2653    0.4358    0.8600
    0.7894   -0.4139    0.4533
    0.5535    0.7992   -0.2343
...   103 T-A ...
  -27.9995 -140.5314  130.6638
    0.1269    0.1800    0.9754
    0.8322   -0.5545   -0.0060
    0.5398    0.8125   -0.2201
...   104 G-C ...
  -26.3506 -137.6971  130.1727
    0.5566   -0.2633    0.7879
    0.6051   -0.5213   -0.6017
    0.5692    0.8117   -0.1308
...   105 C-G ...
  -24.5054 -134.9728  130.1477
    0.7784   -0.5310    0.3348
    0.1918   -0.3067   -0.9323
    0.5978    0.7899   -0.1369
...   106 T-A ...
  -22.3978 -132.2658  130.1309
    0.7343   -0.6348   -0.2405
   -0.2683    0.0539   -0.9618
    0.6235    0.7708   -0.1307
...   107 T-A ...
  -20.3056 -129.8581  129.8825
    0.4367   -0.5381   -0.7209
   -0.6281    0.3913   -0.6726
    0.6441    0.7465   -0.1671
...   108 C-G ...
  -17.9806 -127.6013  129.3025
   -0.0374   -0.2862   -0.9574
   -0.7590    0.6314   -0.1591
    0.6501    0.7207   -0.2408
...   109 C-G ...
  -15.7157 -125.3464  128.5673
   -0.5031   -0.0307   -0.8637
   -0.6340    0.6923    0.3446
    0.5874    0.7209   -0.3677
...   110 G-C ...
  -14.2278 -122.9981  127.3128
   -0.8219    0.2139   -0.5279
   -0.2821    0.6523    0.7035
    0.4948    0.7271   -0.4758
...   111 G-C ...
  -13.0538 -120.6243  125.2391
   -0.8802    0.4736   -0.0311
    0.2277    0.4788    0.8479
    0.4164    0.7393   -0.5292
...   112 C-G ...
  -12.2261 -118.2396  123.0116
   -0.6332    0.6283    0.4519
    0.6777    0.1681    0.7159
    0.3738    0.7596   -0.5323
...   113 T-A ...
  -11.2616 -115.7642  121.0574
   -0.2038    0.6015    0.7724
    0.9182   -0.1562    0.3639
    0.3395    0.7834   -0.5205
...   114 C-G ...
  -10.0641 -113.1200  119.5299
    0.3536    0.3843    0.8528
    0.8816   -0.4417   -0.1665
    0.3127    0.8107   -0.4949
...   115 G-C ...
   -8.6564 -110.7133  117.7585
    0.7781    0.0193    0.6278
    0.5232   -0.5728   -0.6309
    0.3474    0.8194   -0.4558
...   116 T-A ...
   -7.4791 -107.8116  116.8005
    0.9236   -0.3113    0.2238
    0.0434   -0.4952   -0.8677
    0.3809    0.8111   -0.4438
...   117 A-T ...
   -5.9825 -104.9153  115.7806
    0.7581   -0.5907   -0.2761
   -0.4791   -0.2174   -0.8504
    0.4423    0.7770   -0.4479
...   118 T-A ...
   -4.1250 -102.4154  114.8997
    0.4283   -0.6154   -0.6617
   -0.7938    0.0936   -0.6009
    0.4317    0.7826   -0.4484
...   119 A-T ...
   -2.8397  -99.8294  113.2501
   -0.1215   -0.5073   -0.8532
   -0.8871    0.4411   -0.1359
    0.4453    0.7403   -0.5036
...   120 A-T ...
   -1.1625  -97.6773  111.5108
   -0.6081   -0.2093   -0.7658
   -0.6695    0.6536    0.3530
    0.4267    0.7273   -0.5375
...   121 T-A ...
    0.5371  -95.7813  109.3645
   -0.8669    0.1469   -0.4763
   -0.2656    0.6725    0.6908
    0.4218    0.7254   -0.5440
...   122 G-C ...
    1.8289  -93.4330  107.1841
   -0.9026    0.4273    0.0514
    0.2777    0.4871    0.8280
    0.3288    0.7617   -0.5583
...   123 T-A ...
    2.5390  -91.1224  104.9981
   -0.6616    0.5934    0.4586
    0.6841    0.2270    0.6932
    0.3072    0.7723   -0.5561
...   124 G-C ...
    3.3382  -88.4841  103.1349
   -0.1939    0.5522    0.8108
    0.9467   -0.1113    0.3023
    0.2572    0.8262   -0.5012
...   125 T-A ...
    3.6361  -85.7777  101.4259
    0.3028    0.3808    0.8737
    0.9175   -0.3645   -0.1591
    0.2579    0.8498   -0.4597
...   126 C-G ...
    4.4341  -83.0318  100.0991
    0.7782    0.1041    0.6194
    0.5791   -0.5004   -0.6436
    0.2430    0.8595   -0.4497
...   127 G-C ...
    5.6127  -80.5234   98.3476
    0.9195   -0.2809    0.2748
    0.1285   -0.4460   -0.8858
    0.3714    0.8498   -0.3740
...   128 A-T ...
    6.7097  -77.7949   97.2014
    0.8224   -0.4907   -0.2877
   -0.4332   -0.2125   -0.8759
    0.3687    0.8450   -0.3873
...   129 C-G ...
    8.3817  -75.0195   96.5633
    0.4595   -0.5631   -0.6868
   -0.7955    0.0830   -0.6002
    0.3950    0.8222   -0.4099
...   130 C-G ...
   10.2890  -72.5831   95.1163
   -0.0559   -0.5221   -0.8511
   -0.9025    0.3911   -0.1806
    0.4271    0.7579   -0.4930
...   131 A-T ...
   11.0948  -69.8530   93.3832
   -0.5846   -0.2876   -0.7586
   -0.7161    0.6224    0.3159
    0.3813    0.7279   -0.5698
...   132 A-T ...
   12.4041  -67.6418   91.3383
   -0.8856    0.1110   -0.4510
   -0.2641    0.6783    0.6857
    0.3820    0.7264   -0.5714
...   133 A-T ...
   13.6984  -65.5424   89.1686
   -0.8575    0.5142    0.0137
    0.2944    0.4688    0.8328
    0.4218    0.7182   -0.5534
...   134 T-A ...
   14.7283  -63.4122   86.8245
   -0.5924    0.6746    0.4405
    0.6886    0.1400    0.7115
    0.4183    0.7248   -0.5474
...   135 G-C ...
   15.7211  -61.4787   83.9378
    0.0342    0.7399    0.6718
    0.8637   -0.3601    0.3526
    0.5028    0.5682   -0.6514
...   136 T-A ...
   15.7739  -59.5463   80.8037
    0.5516    0.4996    0.6680
    0.6739   -0.7388   -0.0038
    0.4916    0.4523   -0.7442
...   137 G-C ...
   16.8280  -57.7075   78.2738
    0.8528   -0.0847    0.5152
    0.1508   -0.9047   -0.3984
    0.4999    0.4175   -0.7588
...   138 A-T ...
   18.4175  -55.5140   76.5363
    0.8547   -0.5007    0.1370
   -0.3189   -0.7148   -0.6224
    0.4096    0.4883   -0.7706
...   139 G-C ...
   20.4152  -54.2944   74.5497
    0.5847   -0.7389   -0.3350
   -0.7594   -0.3532   -0.5465
    0.2854    0.5739   -0.7676
...   140 C-G ...
   21.4163  -51.8106   72.7950
    0.1305   -0.7142   -0.6876
   -0.8897    0.2217   -0.3991
    0.4375    0.6639   -0.6065
...   141 G-C ...
   22.1406  -50.1329   67.4725
   -0.4682   -0.8748    0.1248
   -0.8495    0.4067   -0.3362
    0.2434   -0.2634   -0.9335
...   142 C-G ...
   22.3377  -51.2251   64.5019
   -0.8529   -0.5117   -0.1032
   -0.4974    0.8566   -0.1372
    0.1587   -0.0657   -0.9851
...   143 T-A ...
   24.0059  -51.6200   61.9333
   -0.9563    0.0399   -0.2897
    0.0522    0.9980   -0.0348
    0.2877   -0.0484   -0.9565
...   144 C-G ...
   24.8856  -52.7206   58.9948
   -0.7530    0.5560   -0.3520
    0.5213    0.8304    0.1966
    0.4016   -0.0355   -0.9151
...   145 A-T ...
   25.5173  -52.9609   55.8127
   -0.2442    0.9563   -0.1609
    0.8907    0.2867    0.3528
    0.3835   -0.0571   -0.9218
...   146 C-G ...
   25.2677  -52.4924   52.0871
    0.3203    0.9428   -0.0928
    0.8825   -0.2613    0.3910
    0.3444   -0.2071   -0.9157
...   147 A-T ...
   25.6133  -52.5731   48.6479
    0.8597    0.5097    0.0339
    0.4498   -0.7866    0.4230
    0.2423   -0.3484   -0.9055
