  147 base-pairs
...     1 T-A ...
    0.0000    0.0000    0.0000
    1.0000    0.0000    0.0000
    0.0000    1.0000    0.0000
    0.0000    0.0000    1.0000
...     2 G-C ...
   -0.5555   -1.1003    3.3981
    0.7749    0.6051    0.1828
   -0.5991    0.7953   -0.0929
   -0.2016   -0.0375    0.9787
...     3 T-A ...
   -0.6619   -3.0237    6.5348
    0.3046    0.9250    0.2271
   -0.8994    0.3578   -0.2510
   -0.3134   -0.1278    0.9410
...     4 G-C ...
   -1.1607   -3.8418    9.6940
   -0.3351    0.9421    0.0133
   -0.8752   -0.3061   -0.3746
   -0.3489   -0.1372    0.9271
...     5 A-T ...
   -1.3881   -3.6770   12.8999
   -0.7835    0.6162   -0.0801
   -0.5677   -0.7622   -0.3109
   -0.2527   -0.1981    0.9470
...     6 G-C ...
   -2.6236   -3.5448   15.7072
   -0.9923    0.0611   -0.1075
   -0.0294   -0.9610   -0.2748
   -0.1201   -0.2695    0.9555
...     7 C-G ...
   -2.3138   -3.7570   18.8866
   -0.8620   -0.4995   -0.0864
    0.5008   -0.8655    0.0073
   -0.0785   -0.0370    0.9962
...     8 G-C ...
   -3.9561   -6.8109   23.3205
   -0.2581   -0.3560   -0.8981
    0.6294   -0.7673    0.1233
   -0.7330   -0.5335    0.4221
...     9 C-G ...
   -6.1177   -8.9414   24.2385
    0.1143   -0.7320   -0.6716
    0.8123   -0.3203    0.4874
   -0.5720   -0.6013    0.5580
...    10 T-A ...
   -8.5041   -9.6771   26.0540
    0.4660   -0.8587   -0.2131
    0.6274    0.1508    0.7640
   -0.6239   -0.4897    0.6090
...    11 C-G ...
  -11.0625  -11.3174   27.2336
    0.6660   -0.6911    0.2808
    0.3382    0.6152    0.7121
   -0.6649   -0.3794    0.6435
...    12 A-T ...
  -13.0013  -13.1789   29.0658
    0.7188   -0.1490    0.6790
   -0.1787    0.9043    0.3876
   -0.6718   -0.4000    0.6235
...    13 C-G ...
  -14.1788  -15.9359   31.3399
    0.4052    0.2865    0.8682
   -0.5270    0.8492   -0.0343
   -0.7470   -0.4437    0.4951
...    14 A-T ...
  -15.9532  -18.1566   33.3080
   -0.1503    0.6873    0.7107
   -0.6106    0.5008   -0.6135
   -0.7776   -0.5261    0.3444
...    15 A-T ...
  -18.3029  -19.9766   34.6259
   -0.4849    0.8401    0.2432
   -0.4018    0.0330   -0.9151
   -0.7768   -0.5414    0.3215
...    16 T-A ...
  -20.6274  -21.6019   36.2914
   -0.6167    0.7465   -0.2497
   -0.0968   -0.3867   -0.9171
   -0.7812   -0.5414    0.3108
...    17 T-A ...
  -23.1697  -23.2068   37.4904
   -0.5478    0.4167   -0.7255
    0.2698   -0.7329   -0.6246
   -0.7919   -0.5379    0.2890
...    18 T-A ...
  -25.8439  -24.7289   38.4812
   -0.2791   -0.0399   -0.9594
    0.5266   -0.8418   -0.1182
   -0.8030   -0.5382    0.2560
...    19 A-T ...
  -28.6782  -26.3845   39.0194
    0.1601   -0.4146   -0.8958
    0.5601   -0.7091    0.4283
   -0.8128   -0.5704    0.1187
...    20 T-A ...
  -31.6134  -27.8421   38.9069
    0.4329   -0.6997   -0.5683
    0.3986   -0.4169    0.8169
   -0.8085   -0.5801    0.0984
...    21 T-A ...
  -34.2906  -29.6701   38.9177
    0.5895   -0.8076   -0.0180
    0.0791    0.0355    0.9962
   -0.8039   -0.5887    0.0848
...    22 C-G ...
  -36.8132  -31.7469   39.0661
    0.5494   -0.6208    0.5592
   -0.2966    0.4808    0.8252
   -0.7812   -0.6192    0.0800
...    23 G-C ...
  -39.4441  -33.6974   39.6816
    0.3647   -0.1924    0.9110
   -0.5838    0.7150    0.3847
   -0.7254   -0.6721    0.1485
...    24 C-G ...
  -41.5297  -36.2293   40.1572
    0.0152    0.2497    0.9682
   -0.6972    0.6967   -0.1687
   -0.7167   -0.6725    0.1847
...    25 A-T ...
  -44.0469  -38.3201   40.7104
   -0.3227    0.6538    0.6844
   -0.5998    0.4181   -0.6822
   -0.7322   -0.6306    0.2572
...    26 A-T ...
  -46.2759  -40.4257   41.7786
   -0.6116    0.7703    0.1807
   -0.3062   -0.0198   -0.9518
   -0.7295   -0.6374    0.2480
...    27 A-T ...
  -48.6139  -42.4084   42.8396
   -0.6776    0.6253   -0.3871
    0.0964   -0.4463   -0.8897
   -0.7291   -0.6402    0.2422
...    28 G-C ...
  -51.1568  -44.2742   43.8126
   -0.4769    0.3477   -0.8073
    0.4301   -0.7087   -0.5593
   -0.7666   -0.6139    0.1884
...    29 G-C ...
  -53.9785  -46.0222   44.3899
   -0.1024   -0.0269   -0.9944
    0.5995   -0.7994   -0.0401
   -0.7938   -0.6003    0.0980
...    30 C-G ...
  -56.8476  -47.6563   44.4795
    0.2770   -0.4192   -0.8646
    0.5484   -0.6699    0.5005
   -0.7890   -0.6128    0.0443
...    31 C-G ...
  -59.5932  -49.6079   44.1927
    0.5957   -0.6530   -0.4677
    0.2957   -0.3631    0.8836
   -0.7468   -0.6646   -0.0232
...    32 G-C ...
  -61.8911  -52.0174   44.3281
    0.7436   -0.6621    0.0938
   -0.1046    0.0235    0.9942
   -0.6604   -0.7491   -0.0518
...    33 G-C ...
  -63.8836  -54.7031   43.8219
    0.6283   -0.4804    0.6119
   -0.5021    0.3504    0.7907
   -0.5943   -0.8040   -0.0211
...    34 C-G ...
  -65.4955  -57.5760   43.5287
    0.2872   -0.1774    0.9413
   -0.7704    0.5412    0.3371
   -0.5692   -0.8220    0.0188
...    35 C-G ...
  -67.0967  -60.5380   43.6958
   -0.1215    0.2092    0.9703
   -0.8196    0.5303   -0.2170
   -0.5600   -0.8216    0.1071
...    36 C-G ...
  -68.7648  -63.3888   44.3430
   -0.4949    0.5273    0.6907
   -0.6427    0.3128   -0.6993
   -0.5848   -0.7900    0.1841
...    37 G-C ...
  -71.0152  -65.8252   44.7206
   -0.7043    0.6897    0.1682
   -0.2871   -0.0600   -0.9560
   -0.6493   -0.7216    0.2402
...    38 A-T ...
  -73.1676  -68.1258   45.6109
   -0.7217    0.5440   -0.4281
    0.1706   -0.4596   -0.8716
   -0.6709   -0.7020    0.2389
...    39 C-G ...
  -75.6296  -70.0014   46.7997
   -0.5143    0.2408   -0.8231
    0.5136   -0.6822   -0.5205
   -0.6868   -0.6904    0.2272
...    40 A-T ...
  -77.8368  -72.4062   47.4019
   -0.0739   -0.1279   -0.9890
    0.6968   -0.7161    0.0406
   -0.7135   -0.6862    0.1420
...    41 C-G ...
  -80.5952  -74.2386   47.6019
    0.3153   -0.4632   -0.8283
    0.6313   -0.5493    0.5475
   -0.7086   -0.6955    0.1192
...    42 G-C ...
  -82.7184  -76.7471   48.1588
    0.6885   -0.6027   -0.4034
    0.3453   -0.2167    0.9131
   -0.6378   -0.7680    0.0589
...    43 A-T ...
  -84.8225  -79.2446   48.2238
    0.7910   -0.5806    0.1931
   -0.1149    0.1689    0.9789
   -0.6009   -0.7965    0.0669
...    44 C-G ...
  -86.5311  -82.0392   47.8742
    0.6470   -0.3762    0.6632
   -0.5093    0.4341    0.7431
   -0.5674   -0.8186    0.0893
...    45 T-A ...
  -88.0757  -84.9473   48.0706
    0.3393   -0.0326    0.9401
   -0.7845    0.5416    0.3020
   -0.5190   -0.8400    0.1582
...    46 T-A ...
  -89.5140  -87.7988   48.5851
   -0.1404    0.2938    0.9455
   -0.8472    0.4585   -0.2683
   -0.5124   -0.8387    0.1845
...    47 A-T ...
  -91.2644  -90.5176   49.3392
   -0.5551    0.5690    0.6067
   -0.6384    0.1762   -0.7493
   -0.5332   -0.8033    0.2655
...    48 C-G ...
  -92.7392  -93.0845   50.8117
   -0.7921    0.5974    0.1255
   -0.2732   -0.1631   -0.9480
   -0.5458   -0.7852    0.2924
...    49 T-A ...
  -94.6492  -95.4607   52.0971
   -0.7952    0.4539   -0.4020
    0.1621   -0.4798   -0.8623
   -0.5843   -0.7509    0.3079
...    50 G-C ...
  -96.6457  -98.0146   52.7984
   -0.5209    0.1400   -0.8420
    0.5724   -0.6746   -0.4662
   -0.6333   -0.7248    0.2713
...    51 T-A ...
  -99.1702  -99.9561   53.7955
   -0.1388   -0.2283   -0.9637
    0.7633   -0.6446    0.0427
   -0.6309   -0.7297    0.2637
...    52 A-T ...
 -101.0805 -102.5203   54.7827
    0.3576   -0.5719   -0.7383
    0.7006   -0.3584    0.6170
   -0.6174   -0.7379    0.2725
...    53 G-C ...
 -103.2774 -104.9209   55.3993
    0.7106   -0.6224   -0.3281
    0.4223    0.0043    0.9065
   -0.5628   -0.7827    0.2659
...    54 G-C ...
 -105.2483 -107.6122   55.9513
    0.8828   -0.4373    0.1714
   -0.0168    0.3353    0.9420
   -0.4694   -0.8345    0.2886
...    55 T-A ...
 -106.5609 -110.5920   56.3537
    0.7802   -0.1546    0.6061
   -0.4622    0.5106    0.7251
   -0.4215   -0.8458    0.3269
...    56 A-T ...
 -107.5200 -113.6019   57.4193
    0.4921    0.2849    0.8226
   -0.8178    0.4753    0.3246
   -0.2985   -0.8325    0.4668
...    57 T-A ...
 -107.8319 -116.5058   58.8749
    0.0366    0.5096    0.8597
   -0.9590    0.2597   -0.1132
   -0.2809   -0.8203    0.4982
...    58 C-G ...
 -108.6585 -119.0503   60.7245
   -0.5063    0.6039    0.6156
   -0.8199   -0.1159   -0.5607
   -0.2673   -0.7886    0.5538
...    59 T-A ...
 -109.3985 -121.4194   62.8977
   -0.8463    0.4913    0.2060
   -0.4521   -0.4577   -0.7656
   -0.2819   -0.7410    0.6095
...    60 C-G ...
 -110.4619 -123.6905   65.0139
   -0.9511    0.1249   -0.2824
    0.1246   -0.6814   -0.7212
   -0.2825   -0.7211    0.6326
...    61 G-C ...
 -111.3804 -126.3951   66.7441
   -0.6983   -0.2559   -0.6685
    0.6340   -0.6546   -0.4117
   -0.3323   -0.7113    0.6194
...    62 A-T ...
 -112.5291 -128.6326   68.8705
   -0.1859   -0.5997   -0.7783
    0.9305   -0.3618    0.0565
   -0.3155   -0.7138    0.6253
...    63 G-C ...
 -113.8567 -130.9378   70.8542
    0.3461   -0.6670   -0.6597
    0.8974    0.0304    0.4401
   -0.2735   -0.7444    0.6091
...    64 C-G ...
 -115.1225 -133.4039   72.6699
    0.7893   -0.5011   -0.3550
    0.5763    0.4049    0.7099
   -0.2120   -0.7649    0.6083
...    65 T-A ...
 -115.8237 -136.1275   74.3933
    0.9889   -0.1485   -0.0059
    0.0960    0.6083    0.7879
   -0.1134   -0.7797    0.6158
...    66 C-G ...
 -116.1095 -138.7188   76.3239
    0.8785    0.2906    0.3793
   -0.4770    0.5800    0.6604
   -0.0281   -0.7611    0.6481
...    67 G-C ...
 -116.0643 -141.0121   78.7311
    0.4928    0.6864    0.5348
   -0.8617    0.2995    0.4097
    0.1211   -0.6627    0.7390
...    68 G-C ...
 -115.0974 -142.9481   81.3042
   -0.0444    0.8162    0.5761
   -0.9807   -0.1455    0.1306
    0.1904   -0.5592    0.8069
...    69 G-C ...
 -114.1646 -144.2789   84.2616
   -0.5741    0.6601    0.4845
   -0.7916   -0.5987   -0.1223
    0.2093   -0.4538    0.8662
...    70 A-T ...
 -113.5193 -145.5287   87.2369
   -0.9311    0.1804    0.3169
   -0.2900   -0.8932   -0.3436
    0.2211   -0.4118    0.8840
...    71 T-A ...
 -112.7392 -146.1990   90.3964
   -0.9376   -0.3218    0.1321
    0.2313   -0.8603   -0.4543
    0.2598   -0.3954    0.8810
...    72 C-G ...
 -111.9768 -147.4097   93.3699
   -0.6038   -0.7845   -0.1418
    0.7464   -0.4938   -0.4461
    0.2799   -0.3752    0.8837
...    73 C-G ...
 -111.2525 -148.5617   96.4677
   -0.1064   -0.9103   -0.3999
    0.9498    0.0259   -0.3116
    0.2941   -0.4130    0.8619
...    74 G-C ...
 -109.8364 -149.6197   99.2982
    0.4059   -0.6984   -0.5895
    0.8313    0.5502   -0.0795
    0.3798   -0.4578    0.8039
...    75 C-G ...
 -108.9405 -151.3381  101.9672
    0.7559   -0.2667   -0.5979
    0.4756    0.8513    0.2215
    0.4500   -0.4518    0.7704
...    76 T-A ...
 -107.4253 -153.1049  104.2815
    0.8344    0.2443   -0.4941
    0.0336    0.8721    0.4881
    0.5502   -0.4239    0.7195
...    77 T-A ...
 -105.5368 -154.5795  106.4178
    0.6721    0.7063   -0.2222
   -0.4081    0.6037    0.6848
    0.6178   -0.3696    0.6940
...    78 T-A ...
 -103.3478 -155.7432  108.4561
    0.2982    0.9472    0.1181
   -0.6829    0.1253    0.7197
    0.6668   -0.2953    0.6842
...    79 A-T ...
 -100.7211 -156.2304  110.4519
   -0.2174    0.9175    0.3331
   -0.6784   -0.3874    0.6243
    0.7019   -0.0903    0.7066
...    80 A-T ...
  -98.3064 -156.2199  112.6063
   -0.5632    0.5476    0.6188
   -0.4140   -0.8351    0.3622
    0.7151   -0.0522    0.6970
...    81 C-G ...
  -95.8627 -155.6840  114.8072
   -0.6967    0.0342    0.7165
   -0.0331   -0.9993    0.0156
    0.7166   -0.0129    0.6974
...    82 A-T ...
  -93.5260 -155.9879  117.1169
   -0.6005   -0.5527    0.5779
    0.4046   -0.8333   -0.3766
    0.6897    0.0077    0.7241
...    83 C-G ...
  -91.5932 -155.5346  119.8308
   -0.2793   -0.9098    0.3071
    0.6581   -0.4142   -0.6288
    0.6992    0.0265    0.7144
...    84 T-A ...
  -89.4886 -155.4291  122.4022
    0.1029   -0.9911   -0.0843
    0.6905    0.1322   -0.7111
    0.7160    0.0150    0.6980
...    85 T-A ...
  -87.3734 -155.3785  124.8733
    0.4919   -0.7378   -0.4622
    0.4793    0.6727   -0.5637
    0.7268    0.0558    0.6846
...    86 T-A ...
  -85.1173 -155.3603  127.1918
    0.6517   -0.2388   -0.7199
    0.1022    0.9681   -0.2286
    0.7515    0.0754    0.6554
...    87 A-T ...
  -82.4368 -155.4968  129.1678
    0.4438    0.2693   -0.8547
   -0.2279    0.9563    0.1830
    0.8667    0.1135    0.4858
...    88 T-A ...
  -79.4297 -155.6493  130.3711
    0.2249    0.6891   -0.6889
   -0.4053    0.7091    0.5770
    0.8861    0.1494    0.4387
...    89 G-C ...
  -76.3721 -154.8235  131.4693
   -0.1827    0.9173   -0.3539
   -0.4065    0.2573    0.8767
    0.8952    0.3040    0.3258
...    90 C-G ...
  -73.3867 -153.5373  131.9418
   -0.4313    0.8913    0.1395
   -0.1959   -0.2435    0.9499
    0.8807    0.3824    0.2797
...    91 T-A ...
  -70.5822 -151.9015  132.5230
   -0.5209    0.6133    0.5937
    0.1197   -0.6362    0.7622
    0.8452    0.4681    0.2580
...    92 T-A ...
  -67.9338 -150.1023  133.1121
   -0.3234    0.1611    0.9324
    0.4111   -0.8636    0.2918
    0.8523    0.4777    0.2131
...    93 C-G ...
  -65.2381 -148.3870  133.8985
    0.0008   -0.3724    0.9281
    0.5367   -0.7829   -0.3146
    0.8438    0.4983    0.1992
...    94 C-G ...
  -62.5425 -146.5385  134.7480
    0.2680   -0.7571    0.5958
    0.4509   -0.4480   -0.7720
    0.8514    0.4755    0.2213
...    95 G-C ...
  -59.5983 -144.9825  134.9319
    0.4151   -0.9088    0.0432
    0.1957    0.0428   -0.9797
    0.8885    0.4151    0.1956
...    96 G-C ...
  -56.6989 -143.5224  135.8240
    0.3792   -0.7769   -0.5027
   -0.0826    0.5127   -0.8546
    0.9216    0.3656    0.1303
...    97 C-G ...
  -53.6377 -142.5817  136.5620
    0.2128   -0.4129   -0.8856
   -0.2882    0.8395   -0.4606
    0.9336    0.3532    0.0597
...    98 T-A ...
  -50.4615 -141.7649  136.6344
   -0.0589    0.0245   -0.9980
   -0.3482    0.9364    0.0436
    0.9356    0.3500   -0.0466
...    99 T-A ...
  -47.3987 -140.8324  136.3101
   -0.2989    0.4991   -0.8134
   -0.2500    0.7816    0.5714
    0.9210    0.3741   -0.1089
...   100 C-G ...
  -44.4916 -139.5601  135.6767
   -0.4556    0.8201   -0.3462
   -0.0043    0.3869    0.9221
    0.8902    0.4216   -0.1727
...   101 A-T ...
  -41.6816 -137.9304  134.9320
   -0.4987    0.8375    0.2232
    0.3036   -0.0725    0.9501
    0.8119    0.5416   -0.2181
...   102 T-A ...
  -39.3914 -135.9699  133.6168
   -0.2844    0.6899    0.6657
    0.5254   -0.4686    0.7102
    0.8019    0.5517   -0.2292
...   103 G-C ...
  -36.7210 -134.0778  133.1309
    0.0079    0.2668    0.9637
    0.6334   -0.7471    0.2016
    0.7738    0.6088   -0.1748
...   104 T-A ...
  -34.5916 -131.5744  132.5688
    0.3353   -0.1606    0.9283
    0.5424   -0.7727   -0.3297
    0.7703    0.6141   -0.1720
...   105 T-A ...
  -32.2983 -129.3043  132.1079
    0.6193   -0.5453    0.5649
    0.2411   -0.5526   -0.7978
    0.7472    0.6303   -0.2108
...   106 A-T ...
  -29.8723 -127.2743  131.0137
    0.6427   -0.7649   -0.0424
   -0.2060   -0.1193   -0.9713
    0.7379    0.6330   -0.2342
...   107 T-A ...
  -27.2585 -125.2813  130.8770
    0.4506   -0.7244   -0.5217
   -0.5096    0.2711   -0.8166
    0.7330    0.6338   -0.2470
...   108 A-T ...
  -24.7839 -123.2725  129.9720
    0.0118   -0.5146   -0.8573
   -0.6686    0.6334   -0.3895
    0.7435    0.5778   -0.3366
...   109 A-T ...
  -22.2467 -121.6300  128.8366
   -0.3861   -0.1061   -0.9163
   -0.5633    0.8137    0.1431
    0.7305    0.5714   -0.3740
...   110 C-G ...
  -19.6845 -120.3144  127.2821
   -0.6580    0.2861   -0.6966
   -0.2785    0.7670    0.5781
    0.6997    0.5743   -0.4250
...   111 G-C ...
  -17.6566 -118.1187  125.8239
   -0.7981    0.5631   -0.2144
    0.1553    0.5361    0.8297
    0.5822    0.6289   -0.5153
...   112 G-C ...
  -16.1296 -115.9808  123.6899
   -0.6475    0.6996    0.3022
    0.5807    0.1961    0.7901
    0.4935    0.6871   -0.5333
...   113 A-T ...
  -14.7032 -113.6569  121.8757
   -0.2052    0.6648    0.7183
    0.8616   -0.2255    0.4548
    0.4644    0.7122   -0.5265
...   114 C-G ...
  -13.7908 -111.0544  120.0185
    0.2634    0.4414    0.8578
    0.8518   -0.5238    0.0080
    0.4528    0.7286   -0.5139
...   115 G-C ...
  -11.9519 -108.8406  118.3424
    0.6538    0.0161    0.7565
    0.5770   -0.6574   -0.4846
    0.4895    0.7534   -0.4391
...   116 T-A ...
  -10.6144 -105.9794  117.3089
    0.8504   -0.3392    0.4022
    0.1529   -0.5721   -0.8058
    0.5035    0.7467   -0.4346
...   117 A-T ...
   -8.9900 -103.6067  115.6151
    0.7613   -0.6304   -0.1519
   -0.3901   -0.2581   -0.8839
    0.5180    0.7321   -0.4424
...   118 T-A ...
   -6.9357 -101.1924  114.7378
    0.4614   -0.6780   -0.5722
   -0.7221    0.0878   -0.6862
    0.5155    0.7298   -0.4490
...   119 A-T ...
   -5.2417  -98.8363  113.1249
   -0.0752   -0.5619   -0.8238
   -0.8495    0.4687   -0.2422
    0.5222    0.6816   -0.5126
...   120 A-T ...
   -3.3639  -96.8310  111.4122
   -0.5446   -0.2195   -0.8095
   -0.6635    0.7031    0.2557
    0.5130    0.6763   -0.5286
...   121 T-A ...
   -1.4096  -95.1685  109.3673
   -0.8107    0.1463   -0.5669
   -0.3042    0.7220    0.6214
    0.5002    0.6762   -0.5408
...   122 G-C ...
   -0.0262  -92.8121  107.4624
   -0.8978    0.4354   -0.0662
    0.2067    0.5492    0.8097
    0.3889    0.7132   -0.5831
...   123 T-A ...
    0.8804  -90.7342  105.0609
   -0.6790    0.6283    0.3797
    0.6419    0.2570    0.7224
    0.3563    0.7342   -0.5778
...   124 G-C ...
    1.9676  -88.1204  103.3156
   -0.2437    0.5848    0.7737
    0.9228   -0.1057    0.3705
    0.2984    0.8043   -0.5139
...   125 T-A ...
    2.3151  -85.3318  101.5661
    0.2579    0.4231    0.8686
    0.9192   -0.3842   -0.0857
    0.2975    0.8206   -0.4880
...   126 C-G ...
    3.2158  -82.5618  100.0776
    0.7346    0.0968    0.6716
    0.6032   -0.5465   -0.5809
    0.3108    0.8318   -0.4599
...   127 G-C ...
    4.5228  -80.0237   98.3561
    0.9089   -0.3047    0.2848
    0.1109   -0.4817   -0.8693
    0.4021    0.8217   -0.4040
...   128 A-T ...
    5.8700  -77.3048   97.1365
    0.7915   -0.5521   -0.2623
   -0.4352   -0.2076   -0.8761
    0.4292    0.8075   -0.4046
...   129 C-G ...
    7.6992  -74.6858   96.2818
    0.4418   -0.5995   -0.6674
   -0.7774    0.1155   -0.6184
    0.4478    0.7920   -0.4150
...   130 C-G ...
    9.5186  -72.2232   94.8834
   -0.0797   -0.5043   -0.8598
   -0.8830    0.4359   -0.1739
    0.4625    0.7454   -0.4801
...   131 A-T ...
   10.8884  -69.7152   93.1960
   -0.6027   -0.2410   -0.7607
   -0.6743    0.6636    0.3240
    0.4268    0.7082   -0.5624
...   132 A-T ...
   12.3846  -67.6381   91.1989
   -0.8765    0.1749   -0.4485
   -0.2215    0.6807    0.6983
    0.4274    0.7114   -0.5580
...   133 A-T ...
   13.7268  -65.5079   89.1517
   -0.8523    0.5227    0.0219
    0.3052    0.4628    0.8323
    0.4249    0.7160   -0.5539
...   134 T-A ...
   14.7283  -63.4124   86.8245
   -0.5924    0.6746    0.4405
    0.6886    0.1400    0.7115
    0.4183    0.7248   -0.5474
...   135 G-C ...
   15.7212  -61.4789   83.9377
    0.0342    0.7399    0.6718
    0.8637   -0.3601    0.3526
    0.5028    0.5682   -0.6514
...   136 T-A ...
   15.7739  -59.5465   80.8036
    0.5516    0.4996    0.6680
    0.6739   -0.7388   -0.0038
    0.4916    0.4523   -0.7442
...   137 G-C ...
   16.8280  -57.7077   78.2738
    0.8528   -0.0847    0.5152
    0.1508   -0.9047   -0.3984
    0.4999    0.4175   -0.7588
...   138 A-T ...
   18.4176  -55.5142   76.5362
    0.8547   -0.5007    0.1370
   -0.3189   -0.7148   -0.6224
    0.4096    0.4883   -0.7706
...   139 G-C ...
   20.4152  -54.2946   74.5496
    0.5847   -0.7389   -0.3350
   -0.7594   -0.3532   -0.5465
    0.2854    0.5739   -0.7676
...   140 C-G ...
   21.4164  -51.8108   72.7950
    0.1305   -0.7142   -0.6876
   -0.8897    0.2217   -0.3991
    0.4375    0.6639   -0.6065
...   141 G-C ...
   22.1407  -50.1331   67.4725
   -0.4682   -0.8748    0.1248
   -0.8495    0.4067   -0.3362
    0.2434   -0.2634   -0.9335
...   142 C-G ...
   22.3378  -51.2253   64.5019
   -0.8529   -0.5117   -0.1032
   -0.4974    0.8566   -0.1372
    0.1587   -0.0657   -0.9851
...   143 T-A ...
   24.0060  -51.6202   61.9332
   -0.9563    0.0399   -0.2897
    0.0522    0.9980   -0.0348
    0.2877   -0.0484   -0.9565
...   144 C-G ...
   24.8857  -52.7208   58.9948
   -0.7530    0.5560   -0.3520
    0.5213    0.8304    0.1966
    0.4016   -0.0355   -0.9151
...   145 A-T ...
   25.5174  -52.9611   55.8127
   -0.2441    0.9563   -0.1609
    0.8907    0.2867    0.3528
    0.3835   -0.0571   -0.9218
...   146 C-G ...
   25.2677  -52.4926   52.0870
    0.3203    0.9428   -0.0928
    0.8825   -0.2613    0.3910
    0.3444   -0.2071   -0.9157
...   147 A-T ...
   25.6133  -52.5733   48.6479
    0.8597    0.5097    0.0339
    0.4498   -0.7866    0.4230
    0.2423   -0.3484   -0.9055
