  147 base-pairs
...     1 T-A ...
    0.0000    0.0000    0.0000
    1.0000    0.0000    0.0000
    0.0000    1.0000    0.0000
    0.0000    0.0000    1.0000
...     2 G-C ...
   -0.5555   -1.1003    3.3981
    0.7749    0.6051    0.1828
   -0.5991    0.7953   -0.0929
   -0.2016   -0.0375    0.9787
...     3 T-A ...
   -0.6619   -3.0237    6.5348
    0.3046    0.9250    0.2271
   -0.8994    0.3578   -0.2510
   -0.3134   -0.1278    0.9410
...     4 G-C ...
   -1.1607   -3.8418    9.6940
   -0.3351    0.9421    0.0133
   -0.8752   -0.3061   -0.3746
   -0.3489   -0.1372    0.9271
...     5 A-T ...
   -1.3881   -3.6770   12.8999
   -0.7835    0.6162   -0.0801
   -0.5677   -0.7622   -0.3109
   -0.2527   -0.1981    0.9470
...     6 G-C ...
   -2.6236   -3.5448   15.7072
   -0.9923    0.0611   -0.1075
   -0.0294   -0.9610   -0.2748
   -0.1201   -0.2695    0.9555
...     7 C-G ...
   -2.3138   -3.7570   18.8866
   -0.8620   -0.4995   -0.0864
    0.5008   -0.8655    0.0073
   -0.0785   -0.0370    0.9962
...     8 G-C ...
   -3.9561   -6.8109   23.3205
   -0.2581   -0.3560   -0.8981
    0.6294   -0.7673    0.1233
   -0.7330   -0.5335    0.4221
...     9 C-G ...
   -6.1177   -8.9414   24.2385
    0.1143   -0.7320   -0.6716
    0.8123   -0.3203    0.4874
   -0.5720   -0.6013    0.5580
...    10 T-A ...
   -8.5041   -9.6771   26.0540
    0.4660   -0.8587   -0.2131
    0.6274    0.1508    0.7640
   -0.6239   -0.4897    0.6090
...    11 C-G ...
  -11.0625  -11.3174   27.2336
    0.6660   -0.6911    0.2808
    0.3382    0.6152    0.7121
   -0.6649   -0.3794    0.6435
...    12 A-T ...
  -13.0013  -13.1789   29.0658
    0.7188   -0.1490    0.6790
   -0.1787    0.9043    0.3876
   -0.6718   -0.4000    0.6235
...    13 C-G ...
  -14.1788  -15.9359   31.3399
    0.4052    0.2865    0.8682
   -0.5270    0.8492   -0.0343
   -0.7470   -0.4437    0.4951
...    14 A-T ...
  -15.9532  -18.1566   33.3080
   -0.1503    0.6873    0.7107
   -0.6106    0.5008   -0.6135
   -0.7776   -0.5261    0.3444
...    15 A-T ...
  -18.3036  -19.9774   34.6245
   -0.4857    0.8399    0.2424
   -0.4010    0.0323   -0.9155
   -0.7767   -0.5418    0.3211
...    16 T-A ...
  -20.6288  -21.6041   36.2886
   -0.6173    0.7456   -0.2511
   -0.0952   -0.3876   -0.9169
   -0.7810   -0.5421    0.3103
...    17 T-A ...
  -23.1709  -23.2122   37.4846
   -0.5471    0.4147   -0.7271
    0.2721   -0.7334   -0.6230
   -0.7916   -0.5387    0.2884
...    18 T-A ...
  -25.8441  -24.7385   38.4723
   -0.2769   -0.0425   -0.9600
    0.5284   -0.8411   -0.1152
   -0.8025   -0.5392    0.2554
...    19 A-T ...
  -28.6735  -26.4041   39.0101
    0.1634   -0.4178   -0.8937
    0.5604   -0.7062    0.4326
   -0.8119   -0.5716    0.1187
...    20 T-A ...
  -31.6053  -27.8687   38.8955
    0.4362   -0.7013   -0.5638
    0.3969   -0.4124    0.8200
   -0.8076   -0.5814    0.0985
...    21 T-A ...
  -34.2785  -29.7031   38.9075
    0.5912   -0.8064   -0.0116
    0.0753    0.0409    0.9963
   -0.8030   -0.5899    0.0849
...    22 C-G ...
  -36.7981  -31.7848   39.0581
    0.5480   -0.6165    0.5653
   -0.3013    0.4850    0.8210
   -0.7803   -0.6202    0.0800
...    23 G-C ...
  -39.4304  -33.7360   39.6746
    0.3596   -0.1859    0.9144
   -0.5874    0.7163    0.3767
   -0.7250   -0.6726    0.1484
...    24 C-G ...
  -41.5156  -36.2691   40.1538
    0.0079    0.2562    0.9666
   -0.6974    0.6942   -0.1782
   -0.7166   -0.6727    0.1841
...    25 A-T ...
  -44.0367  -38.3588   40.6996
   -0.3302    0.6578    0.6769
   -0.5950    0.4117   -0.6903
   -0.7328   -0.6307    0.2554
...    26 A-T ...
  -46.2701  -40.4631   41.7623
   -0.6157    0.7696    0.1691
   -0.2971   -0.0280   -0.9544
   -0.7298   -0.6379    0.2459
...    27 A-T ...
  -48.6118  -42.4463   42.8148
   -0.6760    0.6195   -0.3990
    0.1071   -0.4532   -0.8850
   -0.7291   -0.6410    0.2400
...    28 G-C ...
  -51.1583  -44.3150   43.7764
   -0.4695    0.3386   -0.8154
    0.4391   -0.7117   -0.5483
   -0.7660   -0.6155    0.1855
...    29 G-C ...
  -53.9784  -46.0717   44.3388
   -0.0908   -0.0367   -0.9952
    0.6035   -0.7969   -0.0257
   -0.7922   -0.6029    0.0945
...    30 C-G ...
  -56.8420  -47.7182   44.4113
    0.2894   -0.4264   -0.8570
    0.5454   -0.6623    0.5137
   -0.7866   -0.6161    0.0409
...    31 C-G ...
  -59.5749  -49.6865   44.1121
    0.6047   -0.6549   -0.4532
    0.2861   -0.3524    0.8910
   -0.7433   -0.6685   -0.0257
...    32 G-C ...
  -61.8637  -52.1073   44.2443
    0.7453   -0.6573    0.1112
   -0.1183    0.0338    0.9924
   -0.6561   -0.7528   -0.0526
...    33 G-C ...
  -63.8365  -54.8087   43.7430
    0.6216   -0.4704    0.6264
   -0.5153    0.3568    0.7792
   -0.5900   -0.8071   -0.0206
...    34 C-G ...
  -65.4305  -57.6938   43.4603
    0.2734   -0.1651    0.9476
   -0.7782    0.5411    0.3188
   -0.5654   -0.8246    0.0195
...    35 C-G ...
  -67.0223  -60.6605   43.6391
   -0.1390    0.2199    0.9656
   -0.8186    0.5231   -0.2370
   -0.5572   -0.8234    0.1073
...    36 C-G ...
  -68.6891  -63.5115   44.2914
   -0.5106    0.5324    0.6752
   -0.6318    0.3003   -0.7146
   -0.5832   -0.7915    0.1830
...    37 G-C ...
  -70.9322  -65.9595   44.6539
   -0.7125    0.6864    0.1459
   -0.2679   -0.0739   -0.9606
   -0.6485   -0.7235    0.2365
...    38 A-T ...
  -73.0843  -68.2676   45.5299
   -0.7173    0.5323   -0.4496
    0.1921   -0.4692   -0.8619
   -0.6698   -0.7046    0.2343
...    39 C-G ...
  -75.5545  -70.1500   46.6930
   -0.4990    0.2252   -0.8368
    0.5304   -0.6842   -0.5004
   -0.6853   -0.6936    0.2220
...    40 A-T ...
  -77.7514  -72.5691   47.2825
   -0.0510   -0.1422   -0.9885
    0.7026   -0.7085    0.0657
   -0.7098   -0.6912    0.1360
...    41 C-G ...
  -80.4962  -74.4257   47.4490
    0.3385   -0.4714   -0.8143
    0.6242   -0.5351    0.5692
   -0.7041   -0.7010    0.1131
...    42 G-C ...
  -82.6077  -76.9491   47.9933
    0.7042   -0.6006   -0.3786
    0.3261   -0.2000    0.9239
   -0.6306   -0.7741    0.0550
...    43 A-T ...
  -84.6844  -79.4703   48.0458
    0.7926   -0.5685    0.2204
   -0.1405    0.1814    0.9733
   -0.5933   -0.8024    0.0639
...    44 C-G ...
  -86.3522  -82.2898   47.6952
    0.6346   -0.3587    0.6845
   -0.5328    0.4385    0.7238
   -0.5598   -0.8241    0.0871
...    45 T-A ...
  -87.8675  -85.2138   47.8965
    0.3148   -0.0147    0.9490
   -0.7989    0.5357    0.2733
   -0.5125   -0.8443    0.1569
...    46 T-A ...
  -89.2838  -88.0763   48.4146
   -0.1708    0.3050    0.9369
   -0.8453    0.4431   -0.2984
   -0.5062   -0.8430    0.1822
...    47 A-T ...
  -91.0354  -90.8044   49.1404
   -0.5848    0.5665    0.5806
   -0.6160    0.1555   -0.7722
   -0.5278   -0.8092    0.2580
...    48 C-G ...
  -92.5152  -93.3804   50.5965
   -0.8069    0.5836    0.0907
   -0.2374   -0.1799   -0.9546
   -0.5408   -0.7918    0.2837
...    49 T-A ...
  -94.4239  -95.7794   51.8451
   -0.7895    0.4324   -0.4356
    0.2023   -0.4868   -0.8498
   -0.5795   -0.7590    0.2969
...    50 G-C ...
  -96.3880  -98.3688   52.5104
   -0.4930    0.1181   -0.8620
    0.6034   -0.6673   -0.4366
   -0.6268   -0.7353    0.2578
...    51 T-A ...
  -98.9042 -100.3543   53.4420
   -0.0979   -0.2429   -0.9651
    0.7756   -0.6262    0.0789
   -0.6235   -0.7408    0.2497
...    52 A-T ...
 -100.7983 -102.9466   54.3857
    0.3990   -0.5694   -0.7187
    0.6853   -0.3355    0.6463
   -0.6092   -0.7505    0.2564
...    53 G-C ...
 -102.9570 -105.3962   54.9426
    0.7384   -0.6064   -0.2951
    0.3870    0.0226    0.9218
   -0.5523   -0.7948    0.2514
...    54 G-C ...
 -104.8736 -108.1364   55.4424
    0.8870   -0.4119    0.2090
   -0.0624    0.3415    0.9378
   -0.4576   -0.8448    0.2772
...    55 T-A ...
 -106.1180 -111.1483   55.8189
    0.7597   -0.1284    0.6375
   -0.5045    0.5023    0.7023
   -0.4104   -0.8551    0.3168
...    56 A-T ...
 -107.0456 -114.1693   56.8783
    0.4476    0.3033    0.8412
   -0.8444    0.4530    0.2859
   -0.2943   -0.8383    0.4589
...    57 T-A ...
 -107.3362 -117.0748   58.3377
   -0.0169    0.5140    0.8576
   -0.9604    0.2303   -0.1569
   -0.2782   -0.8263    0.4897
...    58 C-G ...
 -108.1693 -119.6368   60.1636
   -0.5530    0.5889    0.5894
   -0.7893   -0.1437   -0.5970
   -0.2668   -0.7954    0.5443
...    59 T-A ...
 -108.9326 -122.0263   62.3094
   -0.8715    0.4618    0.1650
   -0.3998   -0.4741   -0.7845
   -0.2840   -0.7497    0.5978
...    60 C-G ...
 -110.0079 -124.3357   64.3806
   -0.9408    0.0891   -0.3269
    0.1838   -0.6764   -0.7133
   -0.2847   -0.7311    0.6200
...    61 G-C ...
 -110.8907 -127.0756   66.0759
   -0.6552   -0.2825   -0.7006
    0.6785   -0.6277   -0.3815
   -0.3321   -0.7254    0.6030
...    62 A-T ...
 -112.0420 -129.3608   68.1498
   -0.1241   -0.6041   -0.7872
    0.9412   -0.3230    0.0995
   -0.3144   -0.7285    0.6087
...    63 G-C ...
 -113.3624 -131.7278   70.0643
    0.4050   -0.6478   -0.6452
    0.8738    0.0666    0.4817
   -0.2691   -0.7589    0.5930
...    64 C-G ...
 -114.6047 -134.2575   71.8066
    0.8263   -0.4631   -0.3207
    0.5245    0.4249    0.7378
   -0.2054   -0.7778    0.5939
...    65 T-A ...
 -115.2605 -137.0229   73.4801
    0.9940   -0.1029    0.0382
    0.0320    0.6048    0.7957
   -0.1050   -0.7897    0.6045
...    66 C-G ...
 -115.5050 -139.6413   75.3788
    0.8457    0.3277    0.4212
   -0.5332    0.5497    0.6431
   -0.0208   -0.7684    0.6396
...    67 G-C ...
 -115.4495 -141.9496   77.7738
    0.4336    0.7022    0.5647
   -0.8929    0.2505    0.3741
    0.1212   -0.6664    0.7356
...    68 G-C ...
 -114.5039 -143.8672   80.3700
   -0.1123    0.8027    0.5857
   -0.9766   -0.1981    0.0842
    0.1836   -0.5625    0.8061
...    69 G-C ...
 -113.6394 -145.2038   83.3470
   -0.6298    0.6180    0.4705
   -0.7516   -0.6378   -0.1682
    0.1961   -0.4596    0.8662
...    70 A-T ...
 -113.0506 -146.4842   86.3237
   -0.9524    0.1200    0.2802
   -0.2236   -0.8999   -0.3745
    0.2072   -0.4193    0.8839
...    71 T-A ...
 -112.3631 -147.1849   89.5001
   -0.9214   -0.3792    0.0856
    0.3001   -0.8338   -0.4634
    0.2471   -0.4012    0.8820
...    72 C-G ...
 -111.6388 -148.4187   92.4756
   -0.5488   -0.8152   -0.1852
    0.7919   -0.4360   -0.4275
    0.2678   -0.3813    0.8848
...    73 C-G ...
 -110.9604 -149.5966   95.5759
   -0.0353   -0.9030   -0.4282
    0.9572    0.0927   -0.2742
    0.2873   -0.4195    0.8611
...    74 G-C ...
 -109.5904 -150.6493   98.4337
    0.4675   -0.6530   -0.5959
    0.7978    0.6019   -0.0336
    0.3806   -0.4597    0.8024
...    75 C-G ...
 -108.6797 -152.4005  101.0754
    0.7891   -0.1998   -0.5809
    0.4150    0.8706    0.2643
    0.4529   -0.4496    0.7699
...    76 T-A ...
 -107.1281 -154.1516  103.3768
    0.8313    0.3126   -0.4597
   -0.0344    0.8543    0.5187
    0.5548   -0.4153    0.7209
...    77 T-A ...
 -105.2097 -155.5812  105.5165
    0.6321    0.7543   -0.1773
   -0.4632    0.5513    0.6939
    0.6212   -0.3565    0.6979
...    78 T-A ...
 -103.0050 -156.6828  107.5732
    0.2350    0.9583    0.1627
   -0.7076    0.0539    0.7045
    0.6663   -0.2807    0.6908
...    79 A-T ...
 -100.4328 -157.1036  109.6478
   -0.2815    0.8839    0.3733
   -0.6671   -0.4600    0.5860
    0.6897   -0.0841    0.7192
...    80 A-T ...
  -98.0672 -157.0618  111.8587
   -0.6075    0.4765    0.6355
   -0.3687   -0.8778    0.3058
    0.7036   -0.0485    0.7090
...    81 C-G ...
  -95.6975 -156.5088  114.1410
   -0.7088   -0.0506    0.7036
    0.0283   -0.9987   -0.0433
    0.7048   -0.0108    0.7093
...    82 A-T ...
  -93.3702 -156.8209  116.4594
   -0.5712   -0.6235    0.5337
    0.4600   -0.7818   -0.4210
    0.6798    0.0050    0.7334
...    83 C-G ...
  -91.4943 -156.4189  119.2213
   -0.2251   -0.9429    0.2456
    0.6881   -0.3323   -0.6451
    0.6899    0.0238    0.7236
...    84 T-A ...
  -89.4191 -156.3484  121.8178
    0.1630   -0.9756   -0.1471
    0.6856    0.2192   -0.6942
    0.7095    0.0123    0.7046
...    85 T-A ...
  -87.3198 -156.3350  124.3009
    0.5342   -0.6765   -0.5070
    0.4421    0.7347   -0.5146
    0.7206    0.0508    0.6915
...    86 T-A ...
  -85.0687 -156.3445  126.6218
    0.6623   -0.1548   -0.7331
    0.0500    0.9854   -0.1629
    0.7476    0.0712    0.6603
...    87 A-T ...
  -82.3666 -156.5041  128.5725
    0.4214    0.3444   -0.8389
   -0.2724    0.9304    0.2451
    0.8650    0.1252    0.4859
...    88 T-A ...
  -79.3431 -156.5839  129.7392
    0.1833    0.7413   -0.6456
   -0.4320    0.6507    0.6245
    0.8830    0.1644    0.4396
...    89 G-C ...
  -76.3168 -155.6744  130.8580
   -0.2297    0.9287   -0.2911
   -0.4052    0.1806    0.8962
    0.8849    0.3238    0.3349
...    90 C-G ...
  -73.3873 -154.2772  131.3806
   -0.4677    0.8598    0.2046
   -0.1689   -0.3142    0.9342
    0.8676    0.4024    0.2922
...    91 T-A ...
  -70.6435 -152.5616  132.0294
   -0.5337    0.5491    0.6431
    0.1614   -0.6804    0.7149
    0.8301    0.4853    0.2745
...    92 T-A ...
  -68.0555 -150.6954  132.6853
   -0.3058    0.0842    0.9484
    0.4515   -0.8641    0.2223
    0.8382    0.4962    0.2262
...    93 C-G ...
  -65.4027 -148.9301  133.5136
    0.0411   -0.4346    0.8997
    0.5559   -0.7382   -0.3821
    0.8302    0.5159    0.2113
...    94 C-G ...
  -62.7526 -147.0334  134.4010
    0.3123   -0.7857    0.5341
    0.4416   -0.3777   -0.8138
    0.8411    0.4900    0.2290
...    95 G-C ...
  -59.8626 -145.3776  134.6007
    0.4438   -0.8956   -0.0319
    0.1608    0.1146   -0.9803
    0.8816    0.4299    0.1949
...    96 G-C ...
  -56.9797 -143.8883  135.4967
    0.3822   -0.7304   -0.5660
   -0.1273    0.5651   -0.8152
    0.9153    0.3836    0.1230
...    97 C-G ...
  -53.9196 -142.9160  136.1892
    0.1901   -0.3488   -0.9177
   -0.3263    0.8591   -0.3942
    0.9259    0.3744    0.0495
...    98 T-A ...
  -50.7639 -142.0232  136.1966
   -0.0985    0.0859   -0.9914
   -0.3677    0.9226    0.1165
    0.9247    0.3760   -0.0593
...    99 C-G ...
  -47.7735 -140.8639  135.7838
   -0.3648    0.5514   -0.7502
   -0.2268    0.7289    0.6460
    0.9031    0.4058   -0.1409
...   100 T-A ...
  -44.8945 -139.6086  134.8364
   -0.5180    0.7968   -0.3111
    0.0312    0.3810    0.9240
    0.8548    0.4689   -0.2222
...   101 C-G ...
  -42.2996 -137.8870  133.9127
   -0.4524    0.8481    0.2760
    0.3588   -0.1102    0.9269
    0.8165    0.5183   -0.2544
...   102 A-T ...
  -39.6956 -135.9805  133.1398
   -0.2545    0.5978    0.7602
    0.6019   -0.5174    0.6083
    0.7569    0.6123   -0.2282
...   103 T-A ...
  -37.7215 -133.5434  132.0913
    0.0974    0.2679    0.9585
    0.6543   -0.7430    0.1412
    0.7500    0.6134   -0.2476
...   104 G-C ...
  -35.0840 -131.6875  131.3833
    0.4152   -0.2360    0.8786
    0.5009   -0.7469   -0.4373
    0.7594    0.6216   -0.1919
...   105 T-A ...
  -32.8589 -129.2171  131.1174
    0.6123   -0.5919    0.5242
    0.2064   -0.5203   -0.8287
    0.7632    0.6155   -0.1964
...   106 T-A ...
  -30.4633 -127.0510  130.7310
    0.6398   -0.7673   -0.0436
   -0.1945   -0.1068   -0.9751
    0.7435    0.6324   -0.2175
...   107 A-T ...
  -28.0637 -124.9370  129.8302
    0.3658   -0.7190   -0.5909
   -0.5391    0.3538   -0.7643
    0.7586    0.5982   -0.2582
...   108 T-A ...
  -25.2167 -123.3858  129.3633
    0.0354   -0.4627   -0.8858
   -0.6547    0.6589   -0.3703
    0.7550    0.5931   -0.2796
...   109 A-T ...
  -22.6072 -121.6841  128.2241
   -0.4280   -0.1274   -0.8947
   -0.5516    0.8211    0.1469
    0.7159    0.5564   -0.4217
...   110 A-T ...
  -20.2608 -120.1077  126.6657
   -0.6895    0.3170   -0.6513
   -0.2190    0.7659    0.6046
    0.6904    0.5595   -0.4586
...   111 C-G ...
  -18.1194 -118.6911  124.6203
   -0.7391    0.6317   -0.2338
    0.1763    0.5165    0.8380
    0.6501    0.5781   -0.4931
...   112 G-C ...
  -16.1570 -116.4437  123.1526
   -0.6032    0.7329    0.3146
    0.5876    0.1416    0.7967
    0.5394    0.6654   -0.5161
...   113 G-C ...
  -14.8072 -113.9967  121.2418
   -0.2402    0.6424    0.7278
    0.8430   -0.2337    0.4845
    0.4813    0.7299   -0.4854
...   114 A-T ...
  -13.3822 -111.5134  119.6441
    0.2875    0.3736    0.8819
    0.8337   -0.5509   -0.0384
    0.4715    0.7462   -0.4699
...   115 G-C ...
  -12.0849 -108.8341  118.1862
    0.6603    0.0009    0.7510
    0.5666   -0.6568   -0.4975
    0.4928    0.7540   -0.4342
...   116 T-A ...
  -10.7301 -105.9736  117.1753
    0.8505   -0.3516    0.3912
    0.1411   -0.5640   -0.8136
    0.5068    0.7472   -0.4301
...   117 A-T ...
   -9.0963 -103.5950  115.5018
    0.7544   -0.6356   -0.1637
   -0.3983   -0.2451   -0.8839
    0.5217    0.7320   -0.4381
...   118 T-A ...
   -7.0259 -101.1908  114.6362
    0.4516   -0.6762   -0.5820
   -0.7256    0.1013   -0.6806
    0.5192    0.7297   -0.4449
...   119 A-T ...
   -5.3128  -98.8391  113.0396
   -0.0846   -0.5549   -0.8276
   -0.8467    0.4779   -0.2339
    0.5253    0.6809   -0.5103
...   120 A-T ...
   -3.4268  -96.8382  111.3314
   -0.5506   -0.2096   -0.8080
   -0.6564    0.7068    0.2639
    0.5158    0.6757   -0.5267
...   121 T-A ...
   -1.4701  -95.1784  109.2874
   -0.8124    0.1561   -0.5618
   -0.2955    0.7204    0.6274
    0.5026    0.6758   -0.5391
...   122 G-C ...
   -0.0799  -92.8234  107.3865
   -0.8952    0.4416   -0.0594
    0.2141    0.5433    0.8118
    0.3908    0.7140   -0.5809
...   123 T-A ...
    0.8283  -90.7386  104.9928
   -0.6736    0.6303    0.3860
    0.6465    0.2494    0.7210
    0.3581    0.7352   -0.5755
...   124 G-C ...
    1.9197  -88.1216  103.2563
   -0.2378    0.5820    0.7777
    0.9236   -0.1123    0.3664
    0.3006    0.8054   -0.5109
...   125 T-A ...
    2.2743  -85.3264  101.5198
    0.2628    0.4177    0.8698
    0.9172   -0.3881   -0.0908
    0.2996    0.8216   -0.4850
...   126 C-G ...
    3.1819  -82.5532  100.0427
    0.7370    0.0906    0.6698
    0.5991   -0.5463   -0.5853
    0.3129    0.8326   -0.4569
...   127 G-C ...
    4.4933  -80.0135   98.3296
    0.9084   -0.3094    0.2812
    0.1068   -0.4784   -0.8716
    0.4042    0.8218   -0.4015
...   128 A-T ...
    5.8467  -77.2944   97.1189
    0.7889   -0.5539   -0.2660
   -0.4377   -0.2028   -0.8759
    0.4312    0.8075   -0.4024
...   129 C-G ...
    7.6829  -74.6791   96.2703
    0.4388   -0.5987   -0.6701
   -0.7780    0.1200   -0.6167
    0.4497    0.7919   -0.4131
...   130 C-G ...
    9.5088  -72.2182   94.8788
   -0.0821   -0.5020   -0.8610
   -0.8820    0.4388   -0.1717
    0.4640    0.7453   -0.4788
...   131 A-T ...
   10.8862  -69.7126   93.1953
   -0.6038   -0.2387   -0.7606
   -0.6726    0.6646    0.3255
    0.4278    0.7081   -0.5618
...   132 A-T ...
   12.3844  -67.6368   91.1990
   -0.8766    0.1763   -0.4478
   -0.2202    0.6806    0.6988
    0.4280    0.7112   -0.5577
...   133 A-T ...
   13.7271  -65.5076   89.1515
   -0.8520    0.5231    0.0223
    0.3057    0.4624    0.8323
    0.4251    0.7159   -0.5539
...   134 T-A ...
   14.7283  -63.4123   86.8245
   -0.5924    0.6746    0.4405
    0.6886    0.1400    0.7115
    0.4183    0.7248   -0.5474
...   135 G-C ...
   15.7212  -61.4789   83.9378
    0.0342    0.7399    0.6718
    0.8637   -0.3601    0.3526
    0.5028    0.5682   -0.6514
...   136 T-A ...
   15.7739  -59.5465   80.8036
    0.5516    0.4996    0.6680
    0.6739   -0.7388   -0.0038
    0.4916    0.4523   -0.7442
...   137 G-C ...
   16.8280  -57.7076   78.2738
    0.8528   -0.0847    0.5152
    0.1508   -0.9047   -0.3984
    0.4999    0.4175   -0.7588
...   138 A-T ...
   18.4176  -55.5142   76.5363
    0.8547   -0.5007    0.1370
   -0.3189   -0.7148   -0.6224
    0.4096    0.4883   -0.7706
...   139 G-C ...
   20.4152  -54.2946   74.5497
    0.5847   -0.7389   -0.3350
   -0.7594   -0.3532   -0.5465
    0.2854    0.5739   -0.7676
...   140 C-G ...
   21.4164  -51.8108   72.7950
    0.1305   -0.7142   -0.6876
   -0.8897    0.2217   -0.3991
    0.4375    0.6639   -0.6065
...   141 G-C ...
   22.1407  -50.1331   67.4725
   -0.4682   -0.8748    0.1248
   -0.8495    0.4067   -0.3362
    0.2434   -0.2634   -0.9335
...   142 C-G ...
   22.3378  -51.2252   64.5019
   -0.8529   -0.5117   -0.1032
   -0.4974    0.8566   -0.1372
    0.1587   -0.0657   -0.9851
...   143 T-A ...
   24.0060  -51.6202   61.9333
   -0.9563    0.0399   -0.2897
    0.0522    0.9980   -0.0348
    0.2877   -0.0484   -0.9565
...   144 C-G ...
   24.8857  -52.7207   58.9948
   -0.7530    0.5560   -0.3520
    0.5213    0.8304    0.1966
    0.4016   -0.0355   -0.9151
...   145 A-T ...
   25.5174  -52.9610   55.8127
   -0.2441    0.9563   -0.1609
    0.8907    0.2867    0.3528
    0.3835   -0.0571   -0.9218
...   146 C-G ...
   25.2677  -52.4925   52.0871
    0.3203    0.9428   -0.0928
    0.8825   -0.2613    0.3910
    0.3444   -0.2071   -0.9157
...   147 A-T ...
   25.6133  -52.5732   48.6479
    0.8597    0.5097    0.0339
    0.4498   -0.7866    0.4230
    0.2423   -0.3484   -0.9055
