  147 base-pairs
...     1 T-A ...
    0.0000    0.0000    0.0000
    1.0000    0.0000    0.0000
    0.0000    1.0000    0.0000
    0.0000    0.0000    1.0000
...     2 G-C ...
   -0.5555   -1.1003    3.3981
    0.7749    0.6051    0.1828
   -0.5991    0.7953   -0.0929
   -0.2016   -0.0375    0.9787
...     3 T-A ...
   -0.6619   -3.0237    6.5348
    0.3046    0.9250    0.2271
   -0.8994    0.3578   -0.2510
   -0.3134   -0.1278    0.9410
...     4 G-C ...
   -1.1607   -3.8418    9.6940
   -0.3351    0.9421    0.0133
   -0.8752   -0.3061   -0.3746
   -0.3489   -0.1372    0.9271
...     5 A-T ...
   -1.3881   -3.6770   12.8999
   -0.7835    0.6162   -0.0801
   -0.5677   -0.7622   -0.3109
   -0.2527   -0.1981    0.9470
...     6 G-C ...
   -2.6236   -3.5448   15.7072
   -0.9923    0.0611   -0.1075
   -0.0294   -0.9610   -0.2748
   -0.1201   -0.2695    0.9555
...     7 C-G ...
   -2.3138   -3.7570   18.8866
   -0.8620   -0.4995   -0.0864
    0.5008   -0.8655    0.0073
   -0.0785   -0.0370    0.9962
...     8 G-C ...
   -3.9561   -6.8109   23.3205
   -0.2581   -0.3560   -0.8981
    0.6294   -0.7673    0.1233
   -0.7330   -0.5335    0.4221
...     9 C-G ...
   -6.1177   -8.9414   24.2385
    0.1143   -0.7320   -0.6716
    0.8123   -0.3203    0.4874
   -0.5720   -0.6013    0.5580
...    10 T-A ...
   -8.5041   -9.6771   26.0540
    0.4660   -0.8587   -0.2131
    0.6274    0.1508    0.7640
   -0.6239   -0.4897    0.6090
...    11 C-G ...
  -11.0625  -11.3174   27.2336
    0.6660   -0.6911    0.2808
    0.3382    0.6152    0.7121
   -0.6649   -0.3794    0.6435
...    12 A-T ...
  -13.0013  -13.1789   29.0658
    0.7188   -0.1490    0.6790
   -0.1787    0.9043    0.3876
   -0.6718   -0.4000    0.6235
...    13 C-G ...
  -14.1788  -15.9359   31.3399
    0.4052    0.2865    0.8682
   -0.5270    0.8492   -0.0343
   -0.7470   -0.4437    0.4951
...    14 A-T ...
  -15.9532  -18.1566   33.3080
   -0.1503    0.6873    0.7107
   -0.6106    0.5008   -0.6135
   -0.7776   -0.5261    0.3444
...    15 A-T ...
  -18.2935  -19.9886   34.6321
   -0.4915    0.8359    0.2443
   -0.4010    0.0319   -0.9155
   -0.7731   -0.5479    0.3195
...    16 T-A ...
  -20.6022  -21.6467   36.2963
   -0.6267    0.7386   -0.2484
   -0.0909   -0.3859   -0.9181
   -0.7739   -0.5528    0.3090
...    17 T-A ...
  -23.1132  -23.2988   37.5031
   -0.5576    0.4059   -0.7241
    0.2841   -0.7263   -0.6259
   -0.7800   -0.5548    0.2896
...    18 T-A ...
  -25.7467  -24.8835   38.5068
   -0.2812   -0.0464   -0.9585
    0.5473   -0.8282   -0.1205
   -0.7883   -0.5585    0.2583
...    19 A-T ...
  -28.5316  -26.6117   39.0613
    0.1694   -0.4054   -0.8983
    0.5823   -0.6942    0.4231
   -0.7951   -0.5947    0.1185
...    20 T-A ...
  -31.4161  -28.1596   38.9497
    0.4539   -0.6808   -0.5748
    0.4148   -0.4095    0.8126
   -0.7886   -0.6073    0.0965
...    21 T-A ...
  -34.0196  -30.0858   38.9574
    0.6214   -0.7830   -0.0295
    0.0820    0.0275    0.9963
   -0.7792   -0.6215    0.0812
...    22 C-G ...
  -36.4401  -32.2759   39.0937
    0.5806   -0.6028    0.5472
   -0.3129    0.4553    0.8336
   -0.7516   -0.6552    0.0757
...    23 G-C ...
  -38.9458  -34.3828   39.7092
    0.3817   -0.1878    0.9050
   -0.6175    0.6768    0.4009
   -0.6878   -0.7118    0.1423
...    24 C-G ...
  -40.8805  -37.0338   40.1746
    0.0093    0.2332    0.9724
   -0.7368    0.6591   -0.1510
   -0.6761   -0.7150    0.1780
...    25 A-T ...
  -43.2649  -39.2759   40.7153
   -0.3564    0.6201    0.6989
   -0.6291    0.3937   -0.6702
   -0.6908   -0.6785    0.2499
...    26 A-T ...
  -45.3461  -41.5418   41.7591
   -0.6597    0.7246    0.1992
   -0.3098   -0.0208   -0.9506
   -0.6847   -0.6888    0.2382
...    27 A-T ...
  -47.5341  -43.7037   42.7942
   -0.7223    0.5834   -0.3714
    0.1229   -0.4202   -0.8991
   -0.6806   -0.6950    0.2318
...    28 G-C ...
  -49.9232  -45.7747   43.7413
   -0.5053    0.3282   -0.7981
    0.4785   -0.6630   -0.5757
   -0.7181   -0.6728    0.1779
...    29 G-C ...
  -52.5890  -47.7519   44.3064
   -0.1044   -0.0128   -0.9945
    0.6593   -0.7495   -0.0595
   -0.7446   -0.6619    0.0867
...    30 C-G ...
  -55.3198  -49.6043   44.3732
    0.3058   -0.3754   -0.8750
    0.6020   -0.6358    0.4832
   -0.7377   -0.6744    0.0316
...    31 C-G ...
  -57.8973  -51.7634   44.0446
    0.6452   -0.5899   -0.4855
    0.3279   -0.3601    0.8734
   -0.6900   -0.7227   -0.0389
...    32 G-C ...
  -59.9762  -54.3661   44.1102
    0.7974   -0.5989    0.0742
   -0.1028   -0.0138    0.9946
   -0.5946   -0.8007   -0.0726
...    33 G-C ...
  -61.7137  -57.2092   43.5281
    0.6696   -0.4422    0.5968
   -0.5285    0.2810    0.8011
   -0.5220   -0.8518   -0.0455
...    34 C-G ...
  -63.0603  -60.2073   43.1545
    0.3040   -0.1809    0.9353
   -0.8146    0.4598    0.3536
   -0.4941   -0.8694   -0.0076
...    35 C-G ...
  -64.3857  -63.3082   43.2318
   -0.1385    0.1653    0.9765
   -0.8642    0.4614   -0.2007
   -0.4837   -0.8717    0.0790
...    36 C-G ...
  -65.7845  -66.3226   43.7784
   -0.5405    0.4563    0.7069
   -0.6685    0.2772   -0.6901
   -0.5108   -0.8456    0.1552
...    37 G-C ...
  -67.7941  -68.9727   44.0559
   -0.7644    0.6162    0.1896
   -0.2789   -0.0509   -0.9590
   -0.5813   -0.7859    0.2108
...    38 A-T ...
  -69.7200  -71.4974   44.8506
   -0.7673    0.4919   -0.4115
    0.2138   -0.4087   -0.8873
   -0.6046   -0.7688    0.2085
...    39 C-G ...
  -71.9969  -73.6358   45.9549
   -0.5317    0.2254   -0.8164
    0.5749   -0.6118   -0.5433
   -0.6219   -0.7582    0.1957
...    40 A-T ...
  -73.9764  -76.2546   46.4472
   -0.0584   -0.0927   -0.9940
    0.7584   -0.6516    0.0162
   -0.6492   -0.7529    0.1083
...    41 C-G ...
  -76.5559  -78.3345   46.5469
    0.3591   -0.3969   -0.8447
    0.6757   -0.5137    0.5287
   -0.6438   -0.7606    0.0837
...    42 G-C ...
  -78.4374  -81.0534   46.9665
    0.7413   -0.5211   -0.4231
    0.3576   -0.2268    0.9059
   -0.5680   -0.8228    0.0182
...    43 A-T ...
  -80.3063  -83.7321   46.8951
    0.8369   -0.5185    0.1754
   -0.1364    0.1128    0.9842
   -0.5301   -0.8476    0.0236
...    44 C-G ...
  -81.7598  -86.6495   46.3993
    0.6709   -0.3510    0.6532
   -0.5509    0.3538    0.7559
   -0.4964   -0.8670    0.0439
...    45 T-A ...
  -83.0528  -89.6862   46.4394
    0.3309   -0.0502    0.9423
   -0.8300    0.4596    0.3160
   -0.4490   -0.8867    0.1104
...    46 T-A ...
  -84.2524  -92.6712   46.7904
   -0.1758    0.2332    0.9564
   -0.8786    0.4010   -0.2593
   -0.4440   -0.8859    0.1344
...    47 A-T ...
  -85.7708  -95.5653   47.3782
   -0.6059    0.4917    0.6253
   -0.6410    0.1637   -0.7499
   -0.4711   -0.8552    0.2160
...    48 C-G ...
  -87.0498  -98.3150   48.6902
   -0.8372    0.5280    0.1425
   -0.2477   -0.1338   -0.9596
   -0.4876   -0.8386    0.2428
...    49 T-A ...
  -88.7842 -100.8941   49.8194
   -0.8207    0.4161   -0.3916
    0.2085   -0.4199   -0.8833
   -0.5320   -0.8066    0.2579
...    50 G-C ...
  -90.6072 -103.6143   50.3515
   -0.5168    0.1518   -0.8425
    0.6240   -0.6069   -0.4921
   -0.5861   -0.7801    0.2189
...    51 T-A ...
  -93.0070 -105.7722   51.1855
   -0.1082   -0.1805   -0.9776
    0.8034   -0.5951    0.0210
   -0.5855   -0.7831    0.2094
...    52 T-A ...
  -95.1611 -108.1275   51.8305
    0.3554   -0.5070   -0.7853
    0.7319   -0.3716    0.5712
   -0.5814   -0.7777    0.2389
...    53 C-G ...
  -97.1433 -110.6487   52.5266
    0.7355   -0.6013   -0.3123
    0.3932    0.0033    0.9194
   -0.5518   -0.7990    0.2389
...    54 A-T ...
  -98.9401 -113.3229   53.3832
    0.8923   -0.3957    0.2174
   -0.0853    0.3250    0.9419
   -0.4434   -0.8590    0.2562
...    55 T-A ...
 -100.1312 -116.3606   53.6398
    0.7474   -0.1573    0.6455
   -0.5142    0.4782    0.7119
   -0.4207   -0.8640    0.2765
...    56 G-C ...
 -101.3472 -119.2541   54.7825
    0.4103    0.2563    0.8752
   -0.8494    0.4567    0.2644
   -0.3319   -0.8519    0.4051
...    57 T-A ...
 -101.7978 -122.1917   56.1447
   -0.0590    0.5013    0.8632
   -0.9471    0.2452   -0.2071
   -0.3154   -0.8298    0.4604
...    58 T-A ...
 -102.5723 -124.8662   57.7863
   -0.5675    0.5719    0.5923
   -0.7629   -0.0948   -0.6395
   -0.3096   -0.8148    0.4901
...    59 A-T ...
 -103.7865 -127.5201   59.3871
   -0.8955    0.4371    0.0837
   -0.2979   -0.4488   -0.8425
   -0.3307   -0.7794    0.5321
...    60 T-A ...
 -104.8116 -129.6456   61.7010
   -0.9294    0.1334   -0.3442
    0.1948   -0.6150   -0.7641
   -0.3136   -0.7772    0.5455
...    61 A-T ...
 -105.5765 -132.5496   63.2497
   -0.6114   -0.3385   -0.7153
    0.7453   -0.5501   -0.3767
   -0.2660   -0.7634    0.5886
...    62 A-T ...
 -106.7146 -134.8597   65.2541
   -0.0833   -0.6312   -0.7711
    0.9680   -0.2351    0.0879
   -0.2368   -0.7391    0.6306
...    63 C-G ...
 -108.0707 -137.2521   67.1299
    0.4367   -0.6508   -0.6211
    0.8730    0.1399    0.4672
   -0.2172   -0.7462    0.6292
...    64 G-C ...
 -108.5528 -139.5573   69.4896
    0.8623   -0.3688   -0.3469
    0.4981    0.4944    0.7124
   -0.0913   -0.7871    0.6100
...    65 G-C ...
 -108.9634 -142.3974   71.2630
    0.9992    0.0397    0.0009
   -0.0254    0.6199    0.7843
    0.0306   -0.7837    0.6204
...    66 A-T ...
 -108.8036 -144.9891   73.1941
    0.8086    0.4471    0.3826
   -0.5787    0.4865    0.6546
    0.1065   -0.7506    0.6521
...    67 A-T ...
 -108.1843 -147.4101   75.2191
    0.3618    0.6887    0.6283
   -0.9191    0.1508    0.3640
    0.1560   -0.7092    0.6875
...    68 G-C ...
 -107.2766 -149.5944   77.4934
   -0.1647    0.7380    0.6544
   -0.9684   -0.2469    0.0347
    0.1872   -0.6280    0.7554
...    69 G-C ...
 -106.4118 -151.1930   80.3299
   -0.6652    0.5512    0.5037
   -0.7233   -0.6431   -0.2515
    0.1853   -0.5316    0.8265
...    70 T-A ...
 -105.5390 -152.3739   83.2899
   -0.9458    0.1458    0.2903
   -0.2691   -0.8523   -0.4486
    0.1821   -0.5024    0.8453
...    71 A-T ...
 -104.8769 -154.4499   85.8668
   -0.8864   -0.4629    0.0003
    0.3931   -0.7531   -0.5276
    0.2445   -0.4675    0.8495
...    72 T-A ...
 -104.4773 -155.5012   88.9961
   -0.5490   -0.8026   -0.2333
    0.7888   -0.4053   -0.4620
    0.2763   -0.4377    0.8556
...    73 C-G ...
 -103.6605 -156.8730   91.8751
    0.0256   -0.8892   -0.4569
    0.9544    0.1578   -0.2535
    0.2975   -0.4295    0.8526
...    74 T-A ...
 -102.9269 -158.4637   94.6873
    0.5022   -0.6569   -0.5624
    0.7941    0.6078   -0.0008
    0.3423   -0.4462    0.8269
...    75 C-G ...
 -101.9137 -159.9510   97.4163
    0.8447   -0.1639   -0.5095
    0.3531    0.8861    0.3003
    0.4022   -0.4336    0.8064
...    76 G-C ...
 -100.5034 -161.1305  100.1829
    0.8138    0.3972   -0.4242
   -0.1436    0.8447    0.5156
    0.5631   -0.3587    0.7445
...    77 A-T ...
  -98.5779 -162.3100  102.4851
    0.5396    0.8298   -0.1423
   -0.5587    0.4794    0.6768
    0.6298   -0.2857    0.7223
...    78 G-C ...
  -96.1940 -163.1528  104.5612
    0.1155    0.9856    0.1234
   -0.7252   -0.0012    0.6885
    0.6788   -0.1690    0.7146
...    79 C-G ...
  -93.6253 -163.2689  106.5895
   -0.3280    0.8485    0.4152
   -0.6393   -0.5230    0.5638
    0.6955   -0.0805    0.7140
...    80 T-A ...
  -91.2201 -163.0589  108.8219
   -0.6488    0.4653    0.6021
   -0.3317   -0.8851    0.3265
    0.6848    0.0121    0.7286
...    81 C-G ...
  -89.1264 -162.7802  111.3219
   -0.7193   -0.1362    0.6813
    0.1377   -0.9891   -0.0523
    0.6810    0.0562    0.7302
...    82 G-C ...
  -86.8849 -163.0612  113.7642
   -0.5345   -0.6738    0.5102
    0.5529   -0.7353   -0.3918
    0.6392    0.0727    0.7656
...    83 G-C ...
  -84.9114 -162.6550  116.4714
   -0.1615   -0.9686    0.1890
    0.7559   -0.2445   -0.6073
    0.6344    0.0448    0.7717
...    84 G-C ...
  -82.9568 -162.3646  119.2075
    0.2446   -0.9465   -0.2106
    0.7053    0.3227   -0.6312
    0.6653    0.0059    0.7465
...    85 A-T ...
  -80.9011 -162.2321  121.7438
    0.5844   -0.5858   -0.5616
    0.4088    0.8103   -0.4199
    0.7010    0.0158    0.7130
...    86 T-A ...
  -78.7970 -162.7938  124.1889
    0.6918   -0.1106   -0.7136
    0.0558    0.9934   -0.0999
    0.7200    0.0293    0.6934
...    87 C-G ...
  -76.4251 -162.7779  126.4020
    0.5363    0.4620   -0.7064
   -0.3447    0.8838    0.3164
    0.7705    0.0738    0.6332
...    88 C-G ...
  -73.5747 -162.7259  128.1735
    0.1664    0.8286   -0.5345
   -0.5471    0.5286    0.6490
    0.8203    0.1845    0.5413
...    89 G-C ...
  -70.9266 -161.6475  129.8635
   -0.2914    0.9332   -0.2103
   -0.4836    0.0460    0.8741
    0.8254    0.3564    0.4379
...    90 C-G ...
  -68.1748 -160.0994  130.7746
   -0.5543    0.7924    0.2547
   -0.2095   -0.4290    0.8787
    0.8055    0.4337    0.4038
...    91 T-A ...
  -65.6376 -158.2708  131.8223
   -0.6238    0.4336    0.6503
    0.1616   -0.7425    0.6501
    0.7647    0.5106    0.3930
...    92 T-A ...
  -63.2630 -156.3101  132.8812
   -0.3846   -0.0428    0.9221
    0.4989   -0.8501    0.1686
    0.7767    0.5249    0.3483
...    93 T-A ...
  -60.9420 -154.2673  133.9311
    0.0252   -0.4886    0.8722
    0.6229   -0.6747   -0.3959
    0.7819    0.5532    0.2873
...    94 A-T ...
  -58.0451 -152.5637  134.3454
    0.4794   -0.7629    0.4338
    0.4288   -0.2277   -0.8742
    0.7657    0.6051    0.2180
...    95 A-T ...
  -55.6856 -150.5407  135.3095
    0.6602   -0.7386   -0.1364
    0.0520    0.2262   -0.9727
    0.7493    0.6351    0.1877
...    96 C-G ...
  -53.1816 -148.7230  136.4335
    0.5641   -0.5411   -0.6238
   -0.3079    0.5631   -0.7669
    0.7662    0.6246    0.1510
...    97 A-T ...
  -50.6578 -146.5871  136.8122
    0.1910   -0.2349   -0.9531
   -0.5583    0.7726   -0.3023
    0.8074    0.5898    0.0164
...    98 C-G ...
  -47.7088 -145.2119  136.7764
   -0.1709    0.1421   -0.9750
   -0.5700    0.7929    0.2155
    0.8037    0.5926   -0.0546
...    99 T-A ...
  -44.9776 -143.4894  136.1978
   -0.5184    0.4527   -0.7254
   -0.3765    0.6409    0.6690
    0.7678    0.6199   -0.1618
...   100 T-A ...
  -42.5091 -141.5816  135.3783
   -0.6739    0.6996   -0.2377
   -0.0139    0.3097    0.9507
    0.7387    0.6440   -0.1990
...   101 T-A ...
  -40.2255 -139.5027  134.4116
   -0.5814    0.7447    0.3277
    0.3787   -0.1089    0.9191
    0.7201    0.6585   -0.2187
...   102 A-T ...
  -37.9250 -137.2054  133.7269
   -0.2829    0.5206    0.8056
    0.6745   -0.4891    0.5530
    0.6819    0.6998   -0.2127
...   103 T-A ...
  -36.2433 -134.5226  132.7676
    0.1094    0.2179    0.9698
    0.7284   -0.6814    0.0710
    0.6763    0.6987   -0.2333
...   104 G-C ...
  -33.8266 -132.3827  132.0732
    0.4675   -0.2474    0.8487
    0.5503   -0.6699   -0.4984
    0.6918    0.7000   -0.1770
...   105 C-G ...
  -31.7250 -129.8422  131.7407
    0.6722   -0.5895    0.4479
    0.2061   -0.4321   -0.8780
    0.7111    0.6825   -0.1690
...   106 T-A ...
  -29.3360 -127.5736  131.4973
    0.6467   -0.7602   -0.0624
   -0.1739   -0.0673   -0.9825
    0.7427    0.6462   -0.1757
...   107 T-A ...
  -26.8687 -125.4957  131.1864
    0.4344   -0.6736   -0.5980
   -0.5167    0.3574   -0.7780
    0.7378    0.6469   -0.1928
...   108 C-G ...
  -24.3941 -123.4710  130.5710
    0.0190   -0.3867   -0.9220
   -0.6722    0.6777   -0.2981
    0.7401    0.6255   -0.2470
...   109 C-G ...
  -21.7000 -121.7158  129.5911
   -0.4174   -0.0503   -0.9073
   -0.5694    0.7926    0.2180
    0.7082    0.6077   -0.3594
...   110 G-C ...
  -19.6368 -119.4964  128.2348
   -0.7554    0.2834   -0.5909
   -0.2284    0.7313    0.6427
    0.6142    0.6204   -0.4877
...   111 G-C ...
  -17.8321 -117.5901  126.1075
   -0.8215    0.5579   -0.1173
    0.2270    0.5088    0.8304
    0.5230    0.6556   -0.5447
...   112 C-G ...
  -16.4873 -115.5050  123.9302
   -0.5990    0.7105    0.3693
    0.6463    0.1567    0.7468
    0.4727    0.6860   -0.5531
...   113 T-A ...
  -15.3231 -113.1440  121.9283
   -0.2039    0.6539    0.7286
    0.8802   -0.2034    0.4289
    0.4287    0.7287   -0.5341
...   114 C-G ...
  -14.0628 -110.6495  120.2231
    0.3376    0.4020    0.8511
    0.8421   -0.5329   -0.0823
    0.4205    0.7445   -0.5185
...   115 G-C ...
  -12.3364 -108.4045  118.4782
    0.7080   -0.0239    0.7058
    0.5273   -0.6470   -0.5509
    0.4698    0.7622   -0.4455
...   116 T-A ...
  -11.0191 -105.5361  117.4618
    0.8689   -0.3692    0.3296
    0.0854   -0.5442   -0.8346
    0.4875    0.7533   -0.4413
...   117 A-T ...
   -9.4195 -103.1275  115.8172
    0.7341   -0.6467   -0.2070
   -0.4414   -0.2228   -0.8692
    0.5160    0.7295   -0.4490
...   118 T-A ...
   -7.3371 -100.7573  114.8984
    0.4131   -0.6769   -0.6092
   -0.7506    0.1257   -0.6487
    0.5157    0.7252   -0.4562
...   119 A-T ...
   -5.5894  -98.4560  113.2727
   -0.1260   -0.5500   -0.8256
   -0.8438    0.4971   -0.2023
    0.5217    0.6711   -0.5267
...   120 A-T ...
   -3.7135  -96.4986  111.5035
   -0.5812   -0.1953   -0.7900
   -0.6317    0.7203    0.2866
    0.5131    0.6656   -0.5419
...   121 T-A ...
   -1.7820  -94.8793  109.4017
   -0.8255    0.1757   -0.5364
   -0.2599    0.7253    0.6375
    0.5010    0.6657   -0.5530
...   122 G-C ...
   -0.3880  -92.5618  107.4635
   -0.8864    0.4617   -0.0340
    0.2486    0.5366    0.8064
    0.3906    0.7063   -0.5904
...   123 T-A ...
    0.5128  -90.5005  105.0476
   -0.6496    0.6443    0.4036
    0.6699    0.2338    0.7047
    0.3597    0.7281   -0.5835
...   124 G-C ...
    1.6225  -87.9138  103.2836
   -0.2085    0.5853    0.7835
    0.9288   -0.1325    0.3461
    0.3064    0.7999   -0.5160
...   125 T-A ...
    2.0010  -85.1288  101.5434
    0.2875    0.4104    0.8654
    0.9073   -0.4062   -0.1088
    0.3069    0.8164   -0.4892
...   126 C-G ...
    2.9389  -82.3735  100.0598
    0.7489    0.0747    0.6585
    0.5794   -0.5561   -0.5958
    0.3217    0.8277   -0.4597
...   127 G-C ...
    4.2832  -79.8582   98.3446
    0.9059   -0.3268    0.2695
    0.0879   -0.4772   -0.8744
    0.4144    0.8157   -0.4036
...   128 A-T ...
    5.6800  -77.1644   97.1320
    0.7767   -0.5666   -0.2751
   -0.4492   -0.1921   -0.8725
    0.4416    0.8013   -0.4038
...   129 C-G ...
    7.5599  -74.5837   96.2737
    0.4242   -0.6037   -0.6750
   -0.7804    0.1345   -0.6107
    0.4595    0.7858   -0.4140
...   130 C-G ...
    9.4256  -72.1521   94.8814
   -0.0939   -0.4986   -0.8617
   -0.8766    0.4518   -0.1659
    0.4721    0.7398   -0.4795
...   131 A-T ...
   10.8467  -69.6724   93.2008
   -0.6092   -0.2309   -0.7587
   -0.6637    0.6720    0.3284
    0.4340    0.7036   -0.5627
...   132 A-T ...
   12.3657  -67.6158   91.2015
   -0.8760    0.1837   -0.4460
   -0.2129    0.6824    0.6993
    0.4328    0.7075   -0.5587
...   133 A-T ...
   13.7221  -65.5003   89.1514
   -0.8500    0.5263    0.0229
    0.3084    0.4617    0.8317
    0.4271    0.7140   -0.5547
...   134 T-A ...
   14.7284  -63.4124   86.8244
   -0.5924    0.6746    0.4405
    0.6886    0.1400    0.7115
    0.4183    0.7248   -0.5474
...   135 G-C ...
   15.7213  -61.4789   83.9377
    0.0342    0.7399    0.6718
    0.8637   -0.3601    0.3526
    0.5028    0.5682   -0.6514
...   136 T-A ...
   15.7741  -59.5465   80.8035
    0.5516    0.4996    0.6680
    0.6739   -0.7388   -0.0038
    0.4916    0.4523   -0.7442
...   137 G-C ...
   16.8282  -57.7077   78.2737
    0.8528   -0.0847    0.5152
    0.1508   -0.9047   -0.3984
    0.4999    0.4175   -0.7588
...   138 A-T ...
   18.4177  -55.5143   76.5361
    0.8547   -0.5007    0.1370
   -0.3189   -0.7148   -0.6224
    0.4096    0.4883   -0.7706
...   139 G-C ...
   20.4154  -54.2946   74.5495
    0.5847   -0.7389   -0.3350
   -0.7594   -0.3532   -0.5465
    0.2854    0.5739   -0.7676
...   140 C-G ...
   21.4165  -51.8109   72.7949
    0.1305   -0.7142   -0.6876
   -0.8897    0.2217   -0.3991
    0.4375    0.6639   -0.6065
...   141 G-C ...
   22.1408  -50.1332   67.4724
   -0.4682   -0.8748    0.1248
   -0.8495    0.4067   -0.3362
    0.2434   -0.2634   -0.9335
...   142 C-G ...
   22.3379  -51.2253   64.5018
   -0.8529   -0.5117   -0.1032
   -0.4974    0.8566   -0.1372
    0.1587   -0.0657   -0.9851
...   143 T-A ...
   24.0061  -51.6203   61.9331
   -0.9563    0.0399   -0.2897
    0.0522    0.9980   -0.0348
    0.2877   -0.0484   -0.9565
...   144 C-G ...
   24.8858  -52.7208   58.9947
   -0.7530    0.5560   -0.3520
    0.5213    0.8304    0.1966
    0.4016   -0.0355   -0.9151
...   145 A-T ...
   25.5175  -52.9611   55.8126
   -0.2441    0.9563   -0.1609
    0.8907    0.2867    0.3528
    0.3835   -0.0571   -0.9218
...   146 C-G ...
   25.2679  -52.4926   52.0870
    0.3203    0.9428   -0.0928
    0.8825   -0.2613    0.3910
    0.3444   -0.2071   -0.9157
...   147 A-T ...
   25.6134  -52.5734   48.6478
    0.8597    0.5097    0.0339
    0.4498   -0.7866    0.4230
    0.2423   -0.3484   -0.9055
