  147 base-pairs
...     1 T-A ...
    0.0000    0.0000    0.0000
    1.0000    0.0000    0.0000
    0.0000    1.0000    0.0000
    0.0000    0.0000    1.0000
...     2 G-C ...
   -0.5555   -1.1003    3.3981
    0.7749    0.6051    0.1828
   -0.5991    0.7953   -0.0929
   -0.2016   -0.0375    0.9787
...     3 T-A ...
   -0.6619   -3.0237    6.5348
    0.3046    0.9250    0.2271
   -0.8994    0.3578   -0.2510
   -0.3134   -0.1278    0.9410
...     4 G-C ...
   -1.1607   -3.8418    9.6940
   -0.3351    0.9421    0.0133
   -0.8752   -0.3061   -0.3746
   -0.3489   -0.1372    0.9271
...     5 A-T ...
   -1.3881   -3.6770   12.8999
   -0.7835    0.6162   -0.0801
   -0.5677   -0.7622   -0.3109
   -0.2527   -0.1981    0.9470
...     6 G-C ...
   -2.6236   -3.5448   15.7072
   -0.9923    0.0611   -0.1075
   -0.0294   -0.9610   -0.2748
   -0.1201   -0.2695    0.9555
...     7 C-G ...
   -2.3138   -3.7570   18.8866
   -0.8620   -0.4995   -0.0864
    0.5008   -0.8655    0.0073
   -0.0785   -0.0370    0.9962
...     8 G-C ...
   -3.9561   -6.8109   23.3205
   -0.2581   -0.3560   -0.8981
    0.6294   -0.7673    0.1233
   -0.7330   -0.5335    0.4221
...     9 C-G ...
   -6.1177   -8.9414   24.2385
    0.1143   -0.7320   -0.6716
    0.8123   -0.3203    0.4874
   -0.5720   -0.6013    0.5580
...    10 T-A ...
   -8.5041   -9.6771   26.0540
    0.4660   -0.8587   -0.2131
    0.6274    0.1508    0.7640
   -0.6239   -0.4897    0.6090
...    11 C-G ...
  -11.0625  -11.3174   27.2336
    0.6660   -0.6911    0.2808
    0.3382    0.6152    0.7121
   -0.6649   -0.3794    0.6435
...    12 A-T ...
  -13.0013  -13.1789   29.0658
    0.7188   -0.1490    0.6790
   -0.1787    0.9043    0.3876
   -0.6718   -0.4000    0.6235
...    13 C-G ...
  -14.1788  -15.9359   31.3399
    0.4052    0.2865    0.8682
   -0.5270    0.8492   -0.0343
   -0.7470   -0.4437    0.4951
...    14 A-T ...
  -15.9532  -18.1566   33.3080
   -0.1503    0.6873    0.7107
   -0.6106    0.5008   -0.6135
   -0.7776   -0.5261    0.3444
...    15 A-T ...
  -18.3723  -19.9993   34.4143
   -0.4581    0.8585    0.2305
   -0.3931    0.0369   -0.9188
   -0.7972   -0.5115    0.3206
...    16 T-A ...
  -20.7766  -21.6090   36.1721
   -0.6244    0.7272   -0.2850
   -0.0700   -0.4156   -0.9069
   -0.7780   -0.5463    0.3104
...    17 T-A ...
  -23.3391  -23.1908   37.5063
   -0.5658    0.3338   -0.7540
    0.3209   -0.7531   -0.5743
   -0.7595   -0.5669    0.3189
...    18 T-A ...
  -25.9036  -24.8625   38.5063
   -0.2515   -0.0975   -0.9629
    0.5691   -0.8197   -0.0656
   -0.7829   -0.5645    0.2617
...    19 A-T ...
  -28.4711  -26.8193   39.0878
    0.1835   -0.4314   -0.8833
    0.5897   -0.6706    0.4500
   -0.7865   -0.6035    0.1314
...    20 T-A ...
  -31.3961  -28.3722   39.0241
    0.4598   -0.7077   -0.5364
    0.4124   -0.3648    0.8348
   -0.7865   -0.6050    0.1241
...    21 T-A ...
  -34.0435  -30.3017   39.0955
    0.6127   -0.7900    0.0225
    0.0692    0.0820    0.9942
   -0.7873   -0.6076    0.1049
...    22 C-G ...
  -36.5656  -32.3799   39.3661
    0.5634   -0.5816    0.5868
   -0.3116    0.5081    0.8029
   -0.7651   -0.6352    0.1051
...    23 G-C ...
  -39.1998  -34.2510   40.2894
    0.3946   -0.1188    0.9111
   -0.6064    0.7113    0.3554
   -0.6903   -0.6928    0.2087
...    24 C-G ...
  -41.1880  -36.7820   40.8827
    0.0600    0.3078    0.9496
   -0.7213    0.6710   -0.1719
   -0.6901   -0.6746    0.2623
...    25 A-T ...
  -43.7576  -38.7645   41.4702
   -0.3141    0.6748    0.6678
   -0.6278    0.3801   -0.6793
   -0.7122   -0.6326    0.3042
...    26 A-T ...
  -46.0053  -40.8378   42.6551
   -0.6110    0.7728    0.1715
   -0.3435   -0.0636   -0.9370
   -0.7132   -0.6314    0.3043
...    27 A-T ...
  -48.2037  -42.8241   43.9993
   -0.7079    0.5887   -0.3904
    0.0781   -0.4840   -0.8716
   -0.7020   -0.6475    0.2966
...    28 G-C ...
  -50.7569  -44.6096   45.2686
   -0.5181    0.2865   -0.8059
    0.4207   -0.7350   -0.5318
   -0.7447   -0.6146    0.2603
...    29 G-C ...
  -53.6017  -46.3711   46.0727
   -0.1349   -0.1151   -0.9842
    0.6239   -0.7815    0.0059
   -0.7698   -0.6132    0.1772
...    30 C-G ...
  -56.3923  -48.0600   46.3467
    0.2671   -0.4799   -0.8357
    0.5807   -0.6119    0.5370
   -0.7690   -0.6288    0.1152
...    31 C-G ...
  -59.1806  -49.9222   46.5431
    0.5990   -0.6818   -0.4200
    0.3320   -0.2659    0.9051
   -0.7287   -0.6815    0.0671
...    32 G-C ...
  -61.2160  -52.1503   46.8933
    0.7605   -0.6450    0.0751
   -0.0318    0.0784    0.9964
   -0.6486   -0.7601    0.0391
...    33 G-C ...
  -62.9574  -55.0308   46.8119
    0.6632   -0.4482    0.5994
   -0.4625    0.3842    0.7991
   -0.5884   -0.8071    0.0475
...    34 C-G ...
  -64.5559  -57.8845   46.7433
    0.3376   -0.1273    0.9326
   -0.7564    0.5531    0.3493
   -0.5603   -0.8233    0.0904
...    35 C-G ...
  -66.0470  -60.8896   47.3007
   -0.0925    0.2464    0.9647
   -0.8350    0.5086   -0.2100
   -0.5424   -0.8250    0.1587
...    36 C-G ...
  -67.6782  -63.6867   48.0860
   -0.5010    0.5230    0.6895
   -0.6774    0.2589   -0.6885
   -0.5386   -0.8121    0.2246
...    37 G-C ...
  -69.8225  -66.2959   48.0767
   -0.7482    0.6369    0.1859
   -0.2996   -0.0743   -0.9512
   -0.5919   -0.7674    0.2465
...    38 A-T ...
  -71.6192  -68.7565   48.8944
   -0.7808    0.4800   -0.4000
    0.1976   -0.4176   -0.8869
   -0.5928   -0.7715    0.2312
...    39 C-G ...
  -73.8706  -70.8358   49.8752
   -0.5464    0.2307   -0.8051
    0.5608   -0.6133   -0.5563
   -0.6221   -0.7554    0.2057
...    40 A-T ...
  -76.0831  -73.2569   50.4255
   -0.0886   -0.0953   -0.9915
    0.7628   -0.6466   -0.0060
   -0.6405   -0.7569    0.1299
...    41 C-G ...
  -78.5350  -75.4734   50.4440
    0.3310   -0.3746   -0.8661
    0.7002   -0.5178    0.4915
   -0.6326   -0.7692    0.0909
...    42 G-C ...
  -80.2893  -78.2137   51.0237
    0.7145   -0.5426   -0.4418
    0.3846   -0.2229    0.8958
   -0.5845   -0.8099    0.0494
...    43 A-T ...
  -82.2479  -80.6752   51.1718
    0.8140   -0.5607    0.1520
   -0.0815    0.1488    0.9855
   -0.5751   -0.8146    0.0754
...    44 C-G ...
  -83.9301  -83.4739   50.7220
    0.6921   -0.3496    0.6314
   -0.4999    0.3989    0.7688
   -0.5206   -0.8477    0.1013
...    45 T-A ...
  -85.1956  -86.8348   50.8570
    0.3357   -0.0138    0.9419
   -0.8040    0.5167    0.2941
   -0.4907   -0.8560    0.1624
...    46 T-A ...
  -86.4685  -89.7512   51.3126
   -0.0759    0.2653    0.9612
   -0.8753    0.4441   -0.1917
   -0.4777   -0.8558    0.1985
...    47 A-T ...
  -87.9077  -92.5431   52.2867
   -0.4588    0.5702    0.6815
   -0.7287    0.1975   -0.6558
   -0.5085   -0.7974    0.3249
...    48 C-G ...
  -89.2284  -95.0730   53.9935
   -0.7579    0.6100    0.2311
   -0.3991   -0.1534   -0.9040
   -0.5159   -0.7774    0.3598
...    49 T-A ...
  -90.8894  -97.4120   55.7335
   -0.8186    0.4948   -0.2916
    0.0148   -0.4894   -0.8719
   -0.5741   -0.7181    0.3933
...    50 G-C ...
  -92.9648  -99.7720   56.8562
   -0.6207    0.1826   -0.7625
    0.4642   -0.6981   -0.5451
   -0.6318   -0.6923    0.3485
...    51 T-A ...
  -95.3472 -101.5708   58.0296
   -0.2922   -0.1911   -0.9371
    0.7133   -0.6963   -0.0804
   -0.6371   -0.6919    0.3397
...    52 A-T ...
  -97.1469 -104.0847   59.2208
    0.2019   -0.5761   -0.7921
    0.7544   -0.4243    0.5008
   -0.6246   -0.6987    0.3489
...    53 G-C ...
  -99.3713 -106.2093   60.2552
    0.5945   -0.6486   -0.4752
    0.5727   -0.0734    0.8165
   -0.5645   -0.7575    0.3278
...    54 G-C ...
 -101.6710 -109.0027   60.6000
    0.8555   -0.5176   -0.0131
    0.1813    0.2759    0.9439
   -0.4850   -0.8099    0.3299
...    55 T-A ...
 -103.0960 -111.8178   61.2716
    0.8562   -0.2664    0.4426
   -0.2701    0.4995    0.8232
   -0.4404   -0.8244    0.3557
...    56 A-T ...
 -104.0166 -115.0553   62.1262
    0.6381    0.1723    0.7504
   -0.7043    0.5245    0.4784
   -0.3112   -0.8338    0.4560
...    57 T-A ...
 -104.4047 -118.0281   63.3950
    0.2342    0.4454    0.8641
   -0.9316    0.3569    0.0686
   -0.2778   -0.8211    0.4986
...    58 C-G ...
 -105.0430 -120.7958   65.3219
   -0.3663    0.6080    0.7044
   -0.8928   -0.0165   -0.4501
   -0.2620   -0.7938    0.5489
...    59 T-A ...
 -105.7635 -123.2032   67.4252
   -0.7605    0.5578    0.3325
   -0.5853   -0.3669   -0.7231
   -0.2813   -0.7445    0.6054
...    60 C-G ...
 -107.1372 -125.5411   69.2011
   -0.9592    0.2387   -0.1517
   -0.0553   -0.6843   -0.7271
   -0.2774   -0.6890    0.6696
...    61 G-C ...
 -108.0188 -128.1893   70.8940
   -0.8329   -0.1572   -0.5306
    0.4602   -0.7293   -0.5063
   -0.3073   -0.6658    0.6799
...    62 A-T ...
 -108.7429 -130.4877   73.1319
   -0.3907   -0.5621   -0.7290
    0.8758   -0.4708   -0.1064
   -0.2834   -0.6800    0.6762
...    63 G-C ...
 -109.7802 -132.7066   75.3146
    0.1364   -0.7202   -0.6802
    0.9616   -0.0688    0.2658
   -0.2383   -0.6903    0.6832
...    64 C-G ...
 -111.0058 -135.0635   77.4638
    0.6750   -0.5943   -0.4372
    0.7132    0.3739    0.5929
   -0.1889   -0.7120    0.6763
...    65 T-A ...
 -111.8363 -137.6065   79.4630
    0.9550   -0.2551   -0.1515
    0.2835    0.6343    0.7192
   -0.0874   -0.7298    0.6781
...    66 C-G ...
 -112.0316 -140.1720   81.6079
    0.9602    0.1986    0.1964
   -0.2792    0.6606    0.6969
    0.0087   -0.7240    0.6897
...    67 G-C ...
 -111.7194 -142.1032   84.1171
    0.6788    0.6028    0.4194
   -0.7200    0.4339    0.5416
    0.1445   -0.6696    0.7285
...    68 G-C ...
 -110.8026 -144.2038   86.5104
    0.1815    0.8034    0.5670
   -0.9615    0.0240    0.2738
    0.2064   -0.5949    0.7769
...    69 G-C ...
 -109.7143 -145.7397   89.3121
   -0.3821    0.7507    0.5390
   -0.8907   -0.4546    0.0019
    0.2465   -0.4793    0.8423
...    70 A-T ...
 -108.6724 -147.0932   92.1509
   -0.8318    0.3317    0.4450
   -0.4823   -0.8288   -0.2837
    0.2747   -0.4507    0.8494
...    71 T-A ...
 -107.6428 -147.9833   95.1743
   -0.9581   -0.1530    0.2422
    0.0247   -0.8863   -0.4624
    0.2854   -0.4370    0.8529
...    72 C-G ...
 -106.8076 -149.2073   98.2059
   -0.7291   -0.6827   -0.0481
    0.5987   -0.6022   -0.5281
    0.3315   -0.4139    0.8478
...    73 C-G ...
 -105.8448 -150.4989  101.0833
   -0.3284   -0.8688   -0.3707
    0.8898   -0.1528   -0.4300
    0.3169   -0.4711    0.8232
...    74 G-C ...
 -104.3264 -152.0295  103.5283
    0.1888   -0.7642   -0.6167
    0.9143    0.3660   -0.1736
    0.3584   -0.5311    0.7678
...    75 C-G ...
 -103.5610 -153.9294  106.3208
    0.6570   -0.4019   -0.6379
    0.6273    0.7607    0.1668
    0.4182   -0.5097    0.7519
...    76 T-A ...
 -102.4178 -155.9710  108.8103
    0.8506    0.1252   -0.5106
    0.1580    0.8654    0.4755
    0.5014   -0.4851    0.7164
...    77 T-A ...
 -100.6493 -157.7816  110.8043
    0.7608    0.6086   -0.2251
   -0.3303    0.6618    0.6730
    0.5586   -0.4377    0.7045
...    78 T-A ...
  -98.7076 -159.0647  112.9781
    0.3944    0.9157    0.0768
   -0.6615    0.2249    0.7155
    0.6379   -0.3330    0.6944
...    79 A-T ...
  -96.2930 -159.6247  115.2807
   -0.1683    0.9409    0.2939
   -0.7031   -0.3235    0.6333
    0.6909   -0.1001    0.7159
...    80 A-T ...
  -93.9653 -159.6582  117.4095
   -0.5503    0.6175    0.5620
   -0.4543   -0.7862    0.4190
    0.7006   -0.0247    0.7132
...    81 C-G ...
  -91.4977 -159.0312  119.6071
   -0.6813    0.0988    0.7253
   -0.0599   -0.9951    0.0793
    0.7296    0.0106    0.6838
...    82 A-T ...
  -89.2017 -158.9637  122.0283
   -0.5874   -0.5110    0.6275
    0.3663   -0.8593   -0.3569
    0.7216    0.0202    0.6920
...    83 C-G ...
  -87.1656 -158.3605  124.7240
   -0.2915   -0.8876    0.3568
    0.6123   -0.4596   -0.6432
    0.7349    0.0310    0.6775
...    84 T-A ...
  -85.0740 -158.1414  127.7137
    0.1136   -0.9928   -0.0376
    0.6393    0.1020   -0.7621
    0.7605    0.0626    0.6463
...    85 T-A ...
  -82.8479 -158.0551  130.0786
    0.4803   -0.7527   -0.4503
    0.4297    0.6494   -0.6273
    0.7646    0.1078    0.6354
...    86 T-A ...
  -80.4303 -157.8291  132.2266
    0.6037   -0.2662   -0.7514
    0.0756    0.9575   -0.2784
    0.7936    0.1113    0.5982
...    87 A-T ...
  -77.7213 -157.3342  133.9295
    0.4035    0.2167   -0.8889
   -0.2306    0.9643    0.1304
    0.8855    0.1523    0.4390
...    88 T-A ...
  -74.6827 -157.4164  134.8778
    0.1649    0.6135   -0.7723
   -0.3744    0.7633    0.5265
    0.9125    0.2023    0.3556
...    89 G-C ...
  -71.5067 -156.7049  135.6949
   -0.1990    0.9177   -0.3438
   -0.3523    0.2604    0.8989
    0.9145    0.3000    0.2715
...    90 C-G ...
  -68.5606 -155.3193  136.0466
   -0.4227    0.8904    0.1691
   -0.1567   -0.2555    0.9540
    0.8926    0.3768    0.2475
...    91 T-A ...
  -65.7895 -153.2101  136.6087
   -0.4289    0.5971    0.6779
    0.2021   -0.6679    0.7163
    0.8805    0.4442    0.1658
...    92 T-A ...
  -63.1005 -151.4901  137.0244
   -0.2410    0.1142    0.9638
    0.4417   -0.8713    0.2137
    0.8642    0.4772    0.1596
...    93 C-G ...
  -60.3413 -149.6448  137.6518
    0.1153   -0.4051    0.9070
    0.5040   -0.7629   -0.4049
    0.8560    0.5038    0.1162
...    94 C-G ...
  -57.5996 -147.8822  138.1367
    0.3101   -0.7755    0.5499
    0.3701   -0.4343   -0.8212
    0.8757    0.4582    0.1524
...    95 G-C ...
  -54.9139 -146.4164  138.1614
    0.3929   -0.9185    0.0450
    0.1330    0.0084   -0.9911
    0.9099    0.3953    0.1255
...    96 G-C ...
  -51.8210 -145.2885  138.7630
    0.3311   -0.7870   -0.5206
   -0.1278    0.5092   -0.8511
    0.9349    0.3483    0.0680
...    97 C-G ...
  -48.6137 -144.5534  139.3179
    0.1531   -0.4111   -0.8986
   -0.3074    0.8444   -0.4387
    0.9392    0.3434    0.0029
...    98 T-A ...
  -45.3834 -143.7778  139.3228
   -0.1232    0.0235   -0.9921
   -0.3426    0.9373    0.0647
    0.9314    0.3478   -0.1074
...    99 C-G ...
  -42.3982 -142.6287  138.6168
   -0.3703    0.4900   -0.7891
   -0.1691    0.7998    0.5760
    0.9134    0.3468   -0.2133
...   100 G-C ...
  -39.5626 -140.9852  138.0484
   -0.5067    0.8035   -0.3125
    0.1198    0.4246    0.8974
    0.8537    0.4173   -0.3114
...   101 T-A ...
  -36.9591 -139.7654  136.4347
   -0.4038    0.8950    0.1894
    0.3584   -0.0356    0.9329
    0.8417    0.4446   -0.3064
...   102 C-G ...
  -34.5395 -137.9505  135.3654
   -0.1770    0.7118    0.6797
    0.5700   -0.4888    0.6604
    0.8023    0.5044   -0.3192
...   103 A-T ...
  -32.2400 -135.8735  133.8995
    0.0677    0.3144    0.9469
    0.6662   -0.7207    0.1917
    0.7427    0.6178   -0.2582
...   104 T-A ...
  -30.1843 -133.4716  133.0868
    0.3843   -0.0911    0.9187
    0.5500   -0.7767   -0.3071
    0.7415    0.6233   -0.2484
...   105 G-C ...
  -27.8140 -131.1621  132.3297
    0.6213   -0.5439    0.5641
    0.2026   -0.5839   -0.7861
    0.7569    0.6027   -0.2526
...   106 T-A ...
  -25.3983 -128.8413  132.0039
    0.6420   -0.7649    0.0525
   -0.1808   -0.2176   -0.9591
    0.7450    0.6063   -0.2781
...   107 T-A ...
  -22.9673 -126.9180  131.2897
    0.4234   -0.7681   -0.4804
   -0.5155    0.2318   -0.8250
    0.7450    0.5969   -0.2978
...   108 A-T ...
  -20.6649 -124.8973  130.0154
    0.0012   -0.5569   -0.8306
   -0.6709    0.6155   -0.4136
    0.7415    0.5577   -0.3729
...   109 T-A ...
  -17.8772 -123.6807  128.9350
   -0.3381   -0.1909   -0.9215
   -0.5913    0.8049    0.0502
    0.7321    0.5619   -0.3850
...   110 A-T ...
  -15.6220 -121.7822  127.4922
   -0.6864    0.1903   -0.7019
   -0.2959    0.8086    0.5086
    0.6643    0.5568   -0.4987
...   111 A-T ...
  -13.6169 -120.1600  125.6853
   -0.7802    0.5511   -0.2958
    0.1266    0.6023    0.7882
    0.6125    0.5775   -0.5397
...   112 C-G ...
  -11.9682 -118.4928  123.1962
   -0.6091    0.7719    0.1823
    0.5317    0.2267    0.8160
    0.5885    0.5940   -0.5485
...   113 G-C ...
  -10.1015 -116.2283  121.7678
   -0.2822    0.6989    0.6572
    0.8180   -0.1827    0.5455
    0.5013    0.6915   -0.5201
...   114 G-C ...
   -8.7343 -113.6231  120.2852
    0.1355    0.4367    0.8893
    0.8751   -0.4736    0.0992
    0.4645    0.7648   -0.4464
...   115 A-T ...
   -7.4597 -110.9282  118.7837
    0.6329    0.0730    0.7708
    0.6253   -0.6351   -0.4534
    0.4564    0.7690   -0.4476
...   116 T-A ...
   -6.3213 -107.9827  117.8156
    0.8712   -0.2428    0.4266
    0.2172   -0.5886   -0.7787
    0.4402    0.7711   -0.4601
...   117 A-T ...
   -4.8132 -105.2038  116.4875
    0.8207   -0.5527   -0.1450
   -0.3686   -0.3182   -0.8735
    0.4366    0.7703   -0.4648
...   118 T-A ...
   -3.0522 -102.6301  115.5843
    0.5331   -0.6286   -0.5662
   -0.7338   -0.0104   -0.6793
    0.4212    0.7776   -0.4668
...   119 A-T ...
   -1.8711 -100.0198  113.8436
   -0.0180   -0.5534   -0.8327
   -0.9014    0.3694   -0.2259
    0.4326    0.7466   -0.5055
...   120 A-T ...
   -0.2266  -97.8174  112.1324
   -0.5349   -0.2858   -0.7951
   -0.7364    0.6192    0.2728
    0.4144    0.7314   -0.5417
...   121 T-A ...
    1.4720  -95.8888  110.0175
   -0.8404    0.0651   -0.5380
   -0.3566    0.6809    0.6396
    0.4080    0.7294   -0.5491
...   122 G-C ...
    2.7333  -93.5139  107.8379
   -0.9298    0.3676   -0.0179
    0.1968    0.5377    0.8198
    0.3110    0.7588   -0.5723
...   123 T-A ...
    3.3985  -91.2373  105.5930
   -0.7193    0.5679    0.4001
    0.6322    0.2965    0.7158
    0.2879    0.7678   -0.5723
...   124 G-C ...
    4.1356  -88.6188  103.6555
   -0.2593    0.5718    0.7783
    0.9375   -0.0448    0.3452
    0.2322    0.8192   -0.5244
...   125 T-A ...
    4.3568  -85.9650  101.8491
    0.2481    0.4305    0.8678
    0.9410   -0.3198   -0.1104
    0.2300    0.8440   -0.4845
...   126 C-G ...
    5.0566  -83.2305  100.4287
    0.7500    0.1681    0.6397
    0.6254   -0.4949   -0.6033
    0.2151    0.8525   -0.4763
...   127 G-C ...
    6.1604  -80.7318   98.5837
    0.9247   -0.2275    0.3052
    0.1693   -0.4723   -0.8651
    0.3409    0.8516   -0.3982
...   128 A-T ...
    7.1553  -77.9939   97.3539
    0.8486   -0.4636   -0.2549
   -0.4062   -0.2623   -0.8753
    0.3390    0.8463   -0.4109
...   129 C-G ...
    8.7052  -75.1634   96.6540
    0.4937   -0.5660   -0.6602
   -0.7881    0.0297   -0.6148
    0.3676    0.8238   -0.4315
...   130 C-G ...
   10.5035  -72.6809   95.1496
   -0.0269   -0.5465   -0.8370
   -0.9140    0.3526   -0.2008
    0.4049    0.7596   -0.5090
...   131 A-T ...
   11.1712  -69.8996   93.3942
   -0.5740   -0.3052   -0.7598
   -0.7309    0.6093    0.3074
    0.3691    0.7319   -0.5728
...   132 A-T ...
   12.4352  -67.6677   91.3373
   -0.8855    0.0991   -0.4540
   -0.2749    0.6760    0.6837
    0.3747    0.7302   -0.5714
...   133 A-T ...
   13.7112  -65.5548   89.1712
   -0.8616    0.5074    0.0112
    0.2887    0.4718    0.8331
    0.4175    0.7210   -0.5530
...   134 T-A ...
   14.7282  -63.4123   86.8245
   -0.5924    0.6746    0.4405
    0.6886    0.1400    0.7115
    0.4183    0.7248   -0.5474
...   135 G-C ...
   15.7211  -61.4788   83.9377
    0.0342    0.7399    0.6718
    0.8637   -0.3601    0.3526
    0.5028    0.5682   -0.6514
...   136 T-A ...
   15.7739  -59.5464   80.8036
    0.5516    0.4996    0.6680
    0.6739   -0.7388   -0.0038
    0.4916    0.4523   -0.7442
...   137 G-C ...
   16.8280  -57.7076   78.2738
    0.8528   -0.0847    0.5152
    0.1508   -0.9047   -0.3984
    0.4999    0.4175   -0.7588
...   138 A-T ...
   18.4175  -55.5142   76.5362
    0.8547   -0.5007    0.1370
   -0.3189   -0.7148   -0.6224
    0.4096    0.4883   -0.7706
...   139 G-C ...
   20.4152  -54.2945   74.5496
    0.5847   -0.7389   -0.3350
   -0.7594   -0.3532   -0.5465
    0.2854    0.5739   -0.7676
...   140 C-G ...
   21.4163  -51.8107   72.7950
    0.1305   -0.7142   -0.6876
   -0.8897    0.2217   -0.3991
    0.4375    0.6639   -0.6065
...   141 G-C ...
   22.1406  -50.1330   67.4725
   -0.4682   -0.8748    0.1248
   -0.8495    0.4067   -0.3362
    0.2434   -0.2634   -0.9335
...   142 C-G ...
   22.3377  -51.2252   64.5019
   -0.8529   -0.5117   -0.1032
   -0.4974    0.8566   -0.1372
    0.1587   -0.0657   -0.9851
...   143 T-A ...
   24.0059  -51.6201   61.9332
   -0.9563    0.0399   -0.2897
    0.0522    0.9980   -0.0348
    0.2877   -0.0484   -0.9565
...   144 C-G ...
   24.8856  -52.7207   58.9948
   -0.7530    0.5560   -0.3520
    0.5213    0.8304    0.1966
    0.4016   -0.0355   -0.9151
...   145 A-T ...
   25.5173  -52.9610   55.8127
   -0.2442    0.9563   -0.1609
    0.8907    0.2867    0.3528
    0.3835   -0.0571   -0.9218
...   146 C-G ...
   25.2676  -52.4925   52.0871
    0.3203    0.9428   -0.0928
    0.8825   -0.2613    0.3910
    0.3444   -0.2071   -0.9157
...   147 A-T ...
   25.6132  -52.5732   48.6479
    0.8597    0.5097    0.0339
    0.4498   -0.7866    0.4230
    0.2423   -0.3484   -0.9055
