  147 base-pairs
...     1 T-A ...
    0.0000    0.0000    0.0000
    1.0000    0.0000    0.0000
    0.0000    1.0000    0.0000
    0.0000    0.0000    1.0000
...     2 G-C ...
   -0.5555   -1.1003    3.3981
    0.7749    0.6051    0.1828
   -0.5991    0.7953   -0.0929
   -0.2016   -0.0375    0.9787
...     3 T-A ...
   -0.6619   -3.0237    6.5348
    0.3046    0.9250    0.2271
   -0.8994    0.3578   -0.2510
   -0.3134   -0.1278    0.9410
...     4 G-C ...
   -1.1607   -3.8418    9.6940
   -0.3351    0.9421    0.0133
   -0.8752   -0.3061   -0.3746
   -0.3489   -0.1372    0.9271
...     5 A-T ...
   -1.3881   -3.6770   12.8999
   -0.7835    0.6162   -0.0801
   -0.5677   -0.7622   -0.3109
   -0.2527   -0.1981    0.9470
...     6 G-C ...
   -2.6236   -3.5448   15.7072
   -0.9923    0.0611   -0.1075
   -0.0294   -0.9610   -0.2748
   -0.1201   -0.2695    0.9555
...     7 C-G ...
   -2.3138   -3.7570   18.8866
   -0.8620   -0.4995   -0.0864
    0.5008   -0.8655    0.0073
   -0.0785   -0.0370    0.9962
...     8 G-C ...
   -3.9561   -6.8109   23.3205
   -0.2581   -0.3560   -0.8981
    0.6294   -0.7673    0.1233
   -0.7330   -0.5335    0.4221
...     9 C-G ...
   -6.1177   -8.9414   24.2385
    0.1143   -0.7320   -0.6716
    0.8123   -0.3203    0.4874
   -0.5720   -0.6013    0.5580
...    10 T-A ...
   -8.5041   -9.6771   26.0540
    0.4660   -0.8587   -0.2131
    0.6274    0.1508    0.7640
   -0.6239   -0.4897    0.6090
...    11 C-G ...
  -11.0625  -11.3174   27.2336
    0.6660   -0.6911    0.2808
    0.3382    0.6152    0.7121
   -0.6649   -0.3794    0.6435
...    12 A-T ...
  -13.0013  -13.1789   29.0658
    0.7188   -0.1490    0.6790
   -0.1787    0.9043    0.3876
   -0.6718   -0.4000    0.6235
...    13 C-G ...
  -14.1788  -15.9359   31.3399
    0.4052    0.2865    0.8682
   -0.5270    0.8492   -0.0343
   -0.7470   -0.4437    0.4951
...    14 A-T ...
  -15.9532  -18.1566   33.3080
   -0.1503    0.6873    0.7107
   -0.6106    0.5008   -0.6135
   -0.7776   -0.5261    0.3444
...    15 A-T ...
  -18.3722  -19.9882   34.4320
   -0.4533    0.8602    0.2336
   -0.4004    0.0376   -0.9156
   -0.7964   -0.5085    0.3274
...    16 T-A ...
  -20.7660  -21.5822   36.2168
   -0.6243    0.7303   -0.2775
   -0.0827   -0.4150   -0.9061
   -0.7768   -0.5427    0.3194
...    17 T-A ...
  -23.3160  -23.1452   37.5920
   -0.5763    0.3367   -0.7447
    0.3078   -0.7547   -0.5794
   -0.7571   -0.5631    0.3313
...    18 T-A ...
  -25.8732  -24.7832   38.6587
   -0.2760   -0.0986   -0.9561
    0.5643   -0.8219   -0.0781
   -0.7781   -0.5611    0.2825
...    19 A-T ...
  -28.4303  -26.7178   39.3160
    0.1527   -0.4293   -0.8902
    0.6016   -0.6742    0.4284
   -0.7840   -0.6010    0.1553
...    20 T-A ...
  -31.3647  -28.2535   39.3542
    0.4355   -0.7076   -0.5565
    0.4420   -0.3705    0.8170
   -0.7842   -0.6017    0.1514
...    21 T-A ...
  -34.0241  -30.1638   39.5170
    0.6119   -0.7908   -0.0131
    0.1155    0.0730    0.9906
   -0.7825   -0.6077    0.1360
...    22 C-G ...
  -36.5359  -32.2340   39.8798
    0.5946   -0.5880    0.5483
   -0.2679    0.4981    0.8247
   -0.7581   -0.6373    0.1387
...    23 G-C ...
  -39.1190  -34.1160   40.9180
    0.4486   -0.1275    0.8846
   -0.5849    0.7065    0.3985
   -0.6758   -0.6961    0.2424
...    24 C-G ...
  -41.0609  -36.6522   41.6058
    0.1191    0.2973    0.9473
   -0.7312    0.6717   -0.1188
   -0.6717   -0.6786    0.2974
...    25 A-T ...
  -43.5429  -38.6550   42.3909
   -0.2584    0.6671    0.6987
   -0.6773    0.3906   -0.6234
   -0.6888   -0.6343    0.3509
...    26 A-T ...
  -45.6924  -40.7297   43.7392
   -0.5895    0.7733    0.2336
   -0.4213   -0.0476   -0.9057
   -0.6892   -0.6323    0.3538
...    27 A-T ...
  -47.7748  -42.7170   45.2491
   -0.7353    0.5995   -0.3160
   -0.0035   -0.4696   -0.8829
   -0.6777   -0.6481    0.3474
...    28 G-C ...
  -50.2114  -44.5040   46.7172
   -0.5891    0.3051   -0.7483
    0.3627   -0.7277   -0.5822
   -0.7221   -0.6144    0.3180
...    29 G-C ...
  -52.9712  -46.2600   47.7635
   -0.2329   -0.0932   -0.9680
    0.6147   -0.7855   -0.0723
   -0.7536   -0.6119    0.2402
...    30 C-G ...
  -55.7286  -47.9284   48.3010
    0.1749   -0.4607   -0.8701
    0.6291   -0.6275    0.4587
   -0.7574   -0.6277    0.1801
...    31 C-G ...
  -58.5037  -49.7604   48.7619
    0.5455   -0.6717   -0.5012
    0.4291   -0.2899    0.8555
   -0.7200   -0.6817    0.1301
...    32 G-C ...
  -60.4978  -51.9785   49.2649
    0.7620   -0.6467   -0.0344
    0.0865    0.0489    0.9950
   -0.6418   -0.7612    0.0932
...    33 G-C ...
  -62.2298  -54.8617   49.2892
    0.7315   -0.4655    0.4982
   -0.3601    0.3567    0.8620
   -0.5790   -0.8100    0.0933
...    34 C-G ...
  -63.8090  -57.7216   49.3173
    0.4561   -0.1582    0.8757
   -0.7044    0.5372    0.4639
   -0.5439   -0.8285    0.1336
...    35 C-G ...
  -65.1889  -60.7621   49.9525
    0.0429    0.2122    0.9763
   -0.8558    0.5120   -0.0737
   -0.5155   -0.8324    0.2035
...    36 C-G ...
  -66.6813  -63.5857   50.8619
   -0.3920    0.4945    0.7757
   -0.7711    0.2833   -0.5703
   -0.5018   -0.8217    0.2703
...    37 G-C ...
  -68.7743  -66.1843   51.1222
   -0.7044    0.6301    0.3268
   -0.4466   -0.0355   -0.8940
   -0.5517   -0.7757    0.3065
...    38 A-T ...
  -70.4330  -68.6691   52.1152
   -0.8302    0.4992   -0.2482
    0.0481   -0.3795   -0.9239
   -0.5554   -0.7790    0.2911
...    39 C-G ...
  -72.5133  -70.7803   53.3642
   -0.6689    0.2697   -0.6927
    0.4543   -0.5893   -0.6681
   -0.5884   -0.7616    0.2716
...    40 A-T ...
  -74.6275  -73.1984   54.1728
   -0.2577   -0.0415   -0.9653
    0.7404   -0.6504   -0.1697
   -0.6208   -0.7585    0.1983
...    41 C-G ...
  -77.0744  -75.3910   54.4943
    0.1674   -0.3274   -0.9300
    0.7665   -0.5500    0.3316
   -0.6200   -0.7683    0.1589
...    42 G-C ...
  -78.7448  -78.1399   55.2190
    0.6117   -0.5205   -0.5957
    0.5367   -0.2801    0.7959
   -0.5811   -0.8066    0.1081
...    43 A-T ...
  -80.6869  -80.5837   55.5792
    0.8168   -0.5757   -0.0366
    0.1062    0.0876    0.9905
   -0.5670   -0.8129    0.1327
...    44 C-G ...
  -82.4619  -83.3434   55.2790
    0.7920   -0.3965    0.4642
   -0.3352    0.3530    0.8735
   -0.5102   -0.8475    0.1466
...    45 T-A ...
  -83.7341  -86.7009   55.4453
    0.5146   -0.0843    0.8533
   -0.7157    0.5058    0.4816
   -0.4722   -0.8585    0.2000
...    46 T-A ...
  -84.9430  -89.6425   55.9324
    0.1348    0.1941    0.9717
   -0.8823    0.4698    0.0286
   -0.4510   -0.8612    0.2346
...    47 A-T ...
  -86.0845  -92.5137   57.0473
   -0.2480    0.5381    0.8056
   -0.8560    0.2676   -0.4423
   -0.4535   -0.7993    0.3943
...    48 C-G ...
  -87.0604  -95.1047   58.8678
   -0.6395    0.6241    0.4489
   -0.6205   -0.0742   -0.7807
   -0.4539   -0.7778    0.4347
...    49 T-A ...
  -88.3312  -97.4801   60.8527
   -0.8324    0.5527   -0.0404
   -0.2423   -0.4285   -0.8704
   -0.4984   -0.7147    0.4907
...    50 G-C ...
  -90.2027  -99.7889   62.3675
   -0.7827    0.2723   -0.5597
    0.2520   -0.6835   -0.6850
   -0.5691   -0.6772    0.4664
...    51 T-A ...
  -92.3170 -101.5183   64.0369
   -0.5439   -0.1009   -0.8331
    0.6077   -0.7320   -0.3080
   -0.5787   -0.6738    0.4594
...    52 A-T ...
  -93.9234 -103.9835   65.5305
   -0.0705   -0.5293   -0.8455
    0.8212   -0.5120    0.2520
   -0.5663   -0.6765    0.4708
...    53 G-C ...
  -95.9744 -106.0151   66.9955
    0.3755   -0.6573   -0.6534
    0.7649   -0.1783    0.6189
   -0.5233   -0.7322    0.4359
...    54 G-C ...
  -98.3726 -108.6245   67.8266
    0.7577   -0.5890   -0.2810
    0.4667    0.1880    0.8642
   -0.4561   -0.7860    0.4173
...    55 T-A ...
  -99.8425 -111.3442   68.7543
    0.9109   -0.3782    0.1654
    0.0303    0.4608    0.8870
   -0.4116   -0.8029    0.4312
...    56 A-T ...
 -100.8444 -114.5381   69.6799
    0.8414    0.0503    0.5380
   -0.4710    0.5564    0.6846
   -0.2649   -0.8294    0.4918
...    57 T-A ...
 -101.1980 -117.5404   70.8880
    0.5297    0.3518    0.7718
   -0.8188    0.4494    0.3572
   -0.2212   -0.8211    0.5261
...    58 C-G ...
 -101.5701 -120.3584   72.8067
   -0.0564    0.5922    0.8038
   -0.9801    0.1205   -0.1575
   -0.1902   -0.7967    0.5736
...    59 T-A ...
 -101.9381 -122.8118   74.9292
   -0.5348    0.6259    0.5677
   -0.8234   -0.2350   -0.5166
   -0.1899   -0.7437    0.6410
...    60 C-G ...
 -103.0368 -125.0253   77.0042
   -0.9066    0.3897    0.1621
   -0.3878   -0.6177   -0.6841
   -0.1665   -0.6831    0.7111
...    61 G-C ...
 -103.8198 -127.5598   78.8826
   -0.9687    0.0327   -0.2462
    0.1336   -0.7669   -0.6277
   -0.2093   -0.6409    0.7385
...    62 A-T ...
 -104.3492 -129.7907   81.2516
   -0.7013   -0.4304   -0.5683
    0.6845   -0.6291   -0.3683
   -0.1990   -0.6473    0.7358
...    63 G-C ...
 -105.1171 -131.8627   83.6731
   -0.2357   -0.6974   -0.6768
    0.9581   -0.2833   -0.0417
   -0.1627   -0.6583    0.7350
...    64 C-G ...
 -106.0961 -134.0243   86.1336
    0.3645   -0.7063   -0.6069
    0.9222    0.1835    0.3403
   -0.1290   -0.6837    0.7183
...    65 T-A ...
 -106.7986 -136.4033   88.3545
    0.7831   -0.4631   -0.4150
    0.6198    0.5272    0.5813
   -0.0504   -0.7125    0.6999
...    66 C-G ...
 -106.9904 -138.9237   90.5718
    0.9947   -0.0406   -0.0945
    0.0961    0.6951    0.7125
    0.0367   -0.7178    0.6953
...    67 G-C ...
 -106.4976 -140.9240   92.9750
    0.8950    0.4110    0.1735
   -0.4079    0.5966    0.6911
    0.1805   -0.6893    0.7016
...    68 G-C ...
 -105.5418 -143.2113   95.1512
    0.5293    0.7303    0.4318
   -0.8077    0.2778    0.5201
    0.2599   -0.6241    0.7369
...    69 G-C ...
 -104.1451 -145.0034   97.6401
   -0.0078    0.8351    0.5500
   -0.9417   -0.1912    0.2770
    0.3365   -0.5158    0.7879
...    70 A-T ...
 -102.7771 -146.5286  100.2182
   -0.5567    0.5736    0.6008
   -0.7475   -0.6614   -0.0612
    0.3623   -0.4832    0.7970
...    71 T-A ...
 -101.2521 -147.5647  102.9665
   -0.8619    0.1511    0.4840
   -0.3478   -0.8708   -0.3475
    0.3690   -0.4678    0.8031
...    72 C-G ...
 -100.0495 -148.8528  105.8262
   -0.8840   -0.4196    0.2062
    0.2396   -0.7853   -0.5709
    0.4015   -0.4553    0.7947
...    73 C-G ...
  -98.9014 -150.2670  108.5745
   -0.6518   -0.7401   -0.1657
    0.6679   -0.4566   -0.5877
    0.3593   -0.4937    0.7919
...    74 G-C ...
  -97.3573 -152.0406  110.8234
   -0.1994   -0.8297   -0.5214
    0.9118    0.0378   -0.4089
    0.3589   -0.5570    0.7490
...    75 C-G ...
  -96.5410 -153.9019  113.6251
    0.3404   -0.6442   -0.6849
    0.8472    0.5261   -0.0737
    0.4078   -0.5552    0.7249
...    76 T-A ...
  -95.5126 -156.0081  116.1061
    0.7155   -0.2088   -0.6666
    0.5154    0.8021    0.3019
    0.4716   -0.5596    0.6815
...    77 T-A ...
  -94.0214 -158.1281  118.0239
    0.8514    0.2923   -0.4354
    0.0377    0.7940    0.6068
    0.5231   -0.5331    0.6650
...    78 T-A ...
  -92.2072 -159.8182  120.0294
    0.6759    0.7266   -0.1233
   -0.4041    0.5052    0.7625
    0.6163   -0.4656    0.6351
...    79 A-T ...
  -89.6799 -161.0131  121.9433
    0.1978    0.9699    0.1421
   -0.6365    0.0169    0.7711
    0.7455   -0.2430    0.6207
...    80 A-T ...
  -87.1468 -161.5678  123.7036
   -0.2165    0.8490    0.4819
   -0.5981   -0.5055    0.6219
    0.7717   -0.1536    0.6172
...    81 C-G ...
  -84.2736 -161.4673  125.4017
   -0.4861    0.4613    0.7423
   -0.3669   -0.8786    0.3057
    0.7932   -0.1237    0.5963
...    82 A-T ...
  -81.7448 -161.7043  127.5615
   -0.6352   -0.1230    0.7625
    0.0061   -0.9880   -0.1543
    0.7723   -0.0934    0.6284
...    83 C-G ...
  -79.3204 -161.3365  129.9428
   -0.5294   -0.6229    0.5760
    0.3398   -0.7777   -0.5288
    0.7773   -0.0842    0.6234
...    84 T-A ...
  -76.9651 -161.2078  132.7464
   -0.2288   -0.9490    0.2168
    0.5529   -0.3100   -0.7734
    0.8012   -0.0570    0.5956
...    85 T-A ...
  -74.6085 -161.3242  134.9889
    0.1713   -0.9555   -0.2400
    0.5578    0.2949   -0.7758
    0.8121   -0.0010    0.5835
...    86 T-A ...
  -72.1141 -161.3887  137.0778
    0.4499   -0.6233   -0.6396
    0.3453    0.7819   -0.5191
    0.8237    0.0127    0.5670
...    87 A-T ...
  -69.2889 -161.2220  138.7194
    0.4436   -0.1249   -0.8875
    0.0492    0.9921   -0.1150
    0.8949    0.0073    0.4463
...    88 T-A ...
  -66.3707 -161.8803  139.8550
    0.3369    0.3393   -0.8783
   -0.1548    0.9401    0.3038
    0.9287    0.0336    0.3693
...    89 G-C ...
  -62.9617 -161.7658  140.6737
    0.0204    0.7784   -0.6274
   -0.2644    0.6094    0.7475
    0.9642    0.1507    0.2182
...    90 T-A ...
  -59.8153 -161.4619  140.8991
   -0.1915    0.9641   -0.1839
   -0.2011    0.1448    0.9688
    0.9607    0.2225    0.1661
...    91 C-G ...
  -56.8515 -160.3103  141.1861
   -0.3268    0.8751    0.3569
    0.0008   -0.3774    0.9261
    0.9451    0.3029    0.1226
...    92 A-T ...
  -53.7670 -158.7585  140.8817
   -0.3739    0.5320    0.7597
    0.2956   -0.7081    0.6413
    0.8791    0.4644    0.1075
...    93 T-A ...
  -51.1476 -156.8081  141.0156
   -0.1817    0.1009    0.9782
    0.4573   -0.8720    0.1748
    0.8706    0.4790    0.1123
...    94 G-C ...
  -48.3554 -154.9521  141.3461
    0.1371   -0.4427    0.8861
    0.4681   -0.7595   -0.4518
    0.8730    0.4767    0.1031
...    95 T-A ...
  -45.7223 -152.9075  141.9733
    0.3997   -0.7725    0.4935
    0.2896   -0.4044   -0.8675
    0.8697    0.4897    0.0621
...    96 T-A ...
  -43.0105 -151.2305  142.3278
    0.5091   -0.8559   -0.0903
   -0.0133    0.0971   -0.9952
    0.8606    0.5079    0.0380
...    97 A-T ...
  -40.1978 -149.4076  142.0809
    0.3624   -0.6548   -0.6632
   -0.3404    0.5694   -0.7483
    0.8676    0.4969   -0.0165
...    98 T-A ...
  -37.1580 -148.3435  142.3856
    0.1307   -0.2928   -0.9472
   -0.4915    0.8106   -0.3184
    0.8610    0.5072   -0.0380
...    99 A-T ...
  -34.4085 -146.5864  142.0333
   -0.2711    0.1112   -0.9561
   -0.4572    0.8592    0.2296
    0.8470    0.4994   -0.1821
...   100 A-T ...
  -31.7437 -145.1548  141.2010
   -0.5425    0.5007   -0.6745
   -0.2213    0.6894    0.6897
    0.8104    0.5234   -0.2632
...   101 C-G ...
  -29.1457 -143.7184  139.5529
   -0.6118    0.7674   -0.1917
    0.1207    0.3301    0.9362
    0.7817    0.5497   -0.2945
...   102 G-C ...
  -26.8389 -141.5020  138.8619
   -0.5367    0.7511    0.3845
    0.5026   -0.0815    0.8607
    0.6777    0.6552   -0.3338
...   103 G-C ...
  -25.0291 -138.9051  137.9189
   -0.2569    0.5314    0.8072
    0.7600   -0.4048    0.5084
    0.5969    0.7441   -0.2999
...   104 A-T ...
  -23.2861 -136.2922  137.0607
    0.2147    0.1657    0.9625
    0.7838   -0.6172   -0.0686
    0.5827    0.7692   -0.2623
...   105 C-G ...
  -21.8617 -133.3586  136.3924
    0.5883   -0.2066    0.7818
    0.5558   -0.5989   -0.5766
    0.5873    0.7737   -0.2375
...   106 T-A ...
  -19.9905 -130.2521  136.1578
    0.7950   -0.5159    0.3190
    0.1169   -0.3857   -0.9152
    0.5952    0.7649   -0.2463
...   107 T-A ...
  -18.0733 -127.7424  135.5661
    0.7092   -0.6607   -0.2459
   -0.3563   -0.0349   -0.9337
    0.6084    0.7498   -0.2602
...   108 C-G ...
  -15.8915 -125.3264  134.8382
    0.3358   -0.5908   -0.7336
   -0.7079    0.3555   -0.6103
    0.6213    0.7243   -0.2989
...   109 C-G ...
  -13.8160 -122.9109  134.0149
   -0.1673   -0.4167   -0.8935
   -0.7837    0.6061   -0.1359
    0.5982    0.6775   -0.4280
...   110 G-C ...
  -12.2639 -120.6914  132.5287
   -0.6188   -0.1424   -0.7725
   -0.5750    0.7522    0.3219
    0.5352    0.6434   -0.5473
...   111 G-C ...
  -10.7265 -118.7743  130.2507
   -0.8763    0.2357   -0.4201
   -0.1221    0.7349    0.6671
    0.4660    0.6359   -0.6152
...   112 C-G ...
   -9.5749 -116.9530  127.6651
   -0.8195    0.5713    0.0455
    0.3921    0.5010    0.7716
    0.4180    0.6501   -0.6345
...   113 T-A ...
   -8.4127 -114.8942  125.3452
   -0.5089    0.7188    0.4738
    0.7790    0.1503    0.6087
    0.3663    0.6788   -0.6364
...   114 C-G ...
   -7.2118 -112.4885  123.4539
    0.0339    0.6539    0.7558
    0.9483   -0.2599    0.1824
    0.3157    0.7105   -0.6289
...   115 G-C ...
   -5.7333 -110.3097  121.4364
    0.5683    0.3412    0.7488
    0.7566   -0.5743   -0.3126
    0.3234    0.7441   -0.5845
...   116 T-A ...
   -4.8399 -107.4563  119.9951
    0.8740   -0.0430    0.4841
    0.3378   -0.6625   -0.6686
    0.3495    0.7479   -0.5644
...   117 A-T ...
   -3.6381 -104.6607  118.4563
    0.8881   -0.4589    0.0258
   -0.2337   -0.4992   -0.8344
    0.3958    0.7350   -0.5506
...   118 T-A ...
   -2.0847 -102.0475  117.2778
    0.6533   -0.6376   -0.4082
   -0.6548   -0.2053   -0.7274
    0.3800    0.7425   -0.5517
...   119 A-T ...
   -1.0740  -99.5444  115.2265
    0.1052   -0.6433   -0.7583
   -0.9158    0.2345   -0.3260
    0.3876    0.7288   -0.5645
...   120 A-T ...
    0.4574  -97.3541  113.3892
   -0.4422   -0.4207   -0.7921
   -0.8141    0.5590    0.1575
    0.3765    0.7145   -0.5897
...   121 T-A ...
    2.1070  -95.4623  111.1943
   -0.8021   -0.0713   -0.5929
   -0.4653    0.6970    0.5456
    0.3743    0.7135   -0.5923
...   122 G-C ...
    3.3100  -93.1371  108.9247
   -0.9531    0.2842   -0.1041
    0.0991    0.6181    0.7798
    0.2860    0.7330   -0.6173
...   123 T-A ...
    3.9713  -90.9972  106.5301
   -0.7799    0.5411    0.3144
    0.5662    0.3960    0.7229
    0.2667    0.7419   -0.6152
...   124 G-C ...
    4.6816  -88.4746  104.4324
   -0.3330    0.6086    0.7202
    0.9195    0.0405    0.3909
    0.2088    0.7924   -0.5731
...   125 T-A ...
    4.8457  -85.9421  102.4575
    0.1823    0.5029    0.8449
    0.9617   -0.2703   -0.0466
    0.2049    0.8210   -0.5329
...   126 C-G ...
    5.4634  -83.2685  100.8747
    0.7118    0.2514    0.6558
    0.6759   -0.4990   -0.5423
    0.1909    0.8293   -0.5252
...   127 G-C ...
    6.5401  -80.8291   98.8938
    0.9230   -0.1665    0.3470
    0.2192   -0.5136   -0.8295
    0.3164    0.8417   -0.4376
...   128 A-T ...
    7.4741  -78.1182   97.5357
    0.8743   -0.4394   -0.2062
   -0.3689   -0.3254   -0.8706
    0.3155    0.8373   -0.4466
...   129 C-G ...
    8.9227  -75.2557   96.7384
    0.5320   -0.5776   -0.6192
   -0.7726   -0.0319   -0.6341
    0.3465    0.8157   -0.4631
...   130 C-G ...
   10.6308  -72.7567   95.1539
    0.0075   -0.5796   -0.8148
   -0.9213    0.3128   -0.2310
    0.3887    0.7525   -0.5317
...   131 A-T ...
   11.1825  -69.9275   93.3807
   -0.5603   -0.3231   -0.7627
   -0.7445    0.6000    0.2928
    0.3630    0.7319   -0.5767
...   132 A-T ...
   12.4320  -67.6824   91.3242
   -0.8832    0.0894   -0.4604
   -0.2856    0.6761    0.6792
    0.3720    0.7313   -0.5716
...   133 A-T ...
   13.7064  -65.5630   89.1647
   -0.8645    0.5026    0.0059
    0.2821    0.4755    0.8333
    0.4160    0.7220   -0.5528
...   134 T-A ...
   14.7283  -63.4123   86.8245
   -0.5924    0.6746    0.4405
    0.6886    0.1400    0.7115
    0.4183    0.7248   -0.5474
...   135 G-C ...
   15.7212  -61.4788   83.9378
    0.0342    0.7399    0.6718
    0.8637   -0.3601    0.3526
    0.5028    0.5682   -0.6514
...   136 T-A ...
   15.7740  -59.5464   80.8037
    0.5516    0.4996    0.6680
    0.6739   -0.7388   -0.0038
    0.4916    0.4523   -0.7442
...   137 G-C ...
   16.8281  -57.7076   78.2738
    0.8528   -0.0847    0.5152
    0.1508   -0.9047   -0.3984
    0.4999    0.4175   -0.7588
...   138 A-T ...
   18.4176  -55.5142   76.5363
    0.8547   -0.5007    0.1370
   -0.3189   -0.7148   -0.6224
    0.4096    0.4883   -0.7706
...   139 G-C ...
   20.4153  -54.2945   74.5497
    0.5847   -0.7389   -0.3350
   -0.7594   -0.3532   -0.5465
    0.2854    0.5739   -0.7676
...   140 C-G ...
   21.4164  -51.8108   72.7950
    0.1305   -0.7142   -0.6876
   -0.8897    0.2217   -0.3991
    0.4375    0.6639   -0.6065
...   141 G-C ...
   22.1407  -50.1331   67.4725
   -0.4682   -0.8748    0.1248
   -0.8495    0.4067   -0.3362
    0.2434   -0.2634   -0.9335
...   142 C-G ...
   22.3378  -51.2252   64.5019
   -0.8529   -0.5117   -0.1032
   -0.4974    0.8566   -0.1372
    0.1587   -0.0657   -0.9851
...   143 T-A ...
   24.0060  -51.6202   61.9333
   -0.9563    0.0399   -0.2897
    0.0522    0.9980   -0.0348
    0.2877   -0.0484   -0.9565
...   144 C-G ...
   24.8858  -52.7207   58.9948
   -0.7530    0.5560   -0.3520
    0.5213    0.8304    0.1966
    0.4016   -0.0355   -0.9151
...   145 A-T ...
   25.5174  -52.9610   55.8128
   -0.2441    0.9563   -0.1609
    0.8907    0.2867    0.3528
    0.3835   -0.0571   -0.9218
...   146 C-G ...
   25.2678  -52.4925   52.0871
    0.3203    0.9428   -0.0928
    0.8825   -0.2613    0.3910
    0.3444   -0.2071   -0.9157
...   147 A-T ...
   25.6134  -52.5733   48.6479
    0.8597    0.5097    0.0339
    0.4498   -0.7866    0.4230
    0.2423   -0.3484   -0.9055
