  147 base-pairs
...     1 T-A ...
    0.0000    0.0000    0.0000
    1.0000    0.0000    0.0000
    0.0000    1.0000    0.0000
    0.0000    0.0000    1.0000
...     2 G-C ...
   -0.5555   -1.1003    3.3981
    0.7749    0.6051    0.1828
   -0.5991    0.7953   -0.0929
   -0.2016   -0.0375    0.9787
...     3 T-A ...
   -0.6619   -3.0237    6.5348
    0.3046    0.9250    0.2271
   -0.8994    0.3578   -0.2510
   -0.3134   -0.1278    0.9410
...     4 G-C ...
   -1.1607   -3.8418    9.6940
   -0.3351    0.9421    0.0133
   -0.8752   -0.3061   -0.3746
   -0.3489   -0.1372    0.9271
...     5 A-T ...
   -1.3881   -3.6770   12.8999
   -0.7835    0.6162   -0.0801
   -0.5677   -0.7622   -0.3109
   -0.2527   -0.1981    0.9470
...     6 G-C ...
   -2.6236   -3.5448   15.7072
   -0.9923    0.0611   -0.1075
   -0.0294   -0.9610   -0.2748
   -0.1201   -0.2695    0.9555
...     7 C-G ...
   -2.3138   -3.7570   18.8866
   -0.8620   -0.4995   -0.0864
    0.5008   -0.8655    0.0073
   -0.0785   -0.0370    0.9962
...     8 G-C ...
   -3.9561   -6.8109   23.3205
   -0.2581   -0.3560   -0.8981
    0.6294   -0.7673    0.1233
   -0.7330   -0.5335    0.4221
...     9 C-G ...
   -6.1177   -8.9414   24.2385
    0.1143   -0.7320   -0.6716
    0.8123   -0.3203    0.4874
   -0.5720   -0.6013    0.5580
...    10 T-A ...
   -8.5041   -9.6771   26.0540
    0.4660   -0.8587   -0.2131
    0.6274    0.1508    0.7640
   -0.6239   -0.4897    0.6090
...    11 C-G ...
  -11.0625  -11.3174   27.2336
    0.6660   -0.6911    0.2808
    0.3382    0.6152    0.7121
   -0.6649   -0.3794    0.6435
...    12 A-T ...
  -13.0013  -13.1789   29.0658
    0.7188   -0.1490    0.6790
   -0.1787    0.9043    0.3876
   -0.6718   -0.4000    0.6235
...    13 C-G ...
  -14.1788  -15.9359   31.3399
    0.4052    0.2865    0.8682
   -0.5270    0.8492   -0.0343
   -0.7470   -0.4437    0.4951
...    14 A-T ...
  -15.9532  -18.1566   33.3080
   -0.1503    0.6873    0.7107
   -0.6106    0.5008   -0.6135
   -0.7776   -0.5261    0.3444
...    15 A-T ...
  -18.3594  -19.9996   34.4506
   -0.4716    0.8517    0.2286
   -0.3934    0.0289   -0.9189
   -0.7892   -0.5233    0.3214
...    16 T-A ...
  -20.7371  -21.6576   36.2140
   -0.6410    0.7116   -0.2876
   -0.0602   -0.4202   -0.9054
   -0.7651   -0.5631    0.3122
...    17 T-A ...
  -23.2497  -23.3047   37.5579
   -0.5776    0.3111   -0.7547
    0.3444   -0.7454   -0.5708
   -0.7401   -0.5896    0.3234
...    18 T-A ...
  -25.7494  -25.0594   38.6064
   -0.2538   -0.1220   -0.9595
    0.6027   -0.7959   -0.0582
   -0.7566   -0.5930    0.2755
...    19 A-T ...
  -28.1880  -27.1538   39.2725
    0.1990   -0.4411   -0.8751
    0.6272   -0.6288    0.4596
   -0.7530   -0.6403    0.1515
...    20 T-A ...
  -31.0131  -28.8704   39.2627
    0.4990   -0.6895   -0.5249
    0.4383   -0.3217    0.8393
   -0.7476   -0.6489    0.1417
...    21 T-A ...
  -33.5255  -30.9664   39.4011
    0.6694   -0.7424    0.0294
    0.0715    0.1038    0.9920
   -0.7395   -0.6619    0.1225
...    22 C-G ...
  -35.8610  -33.2397   39.7459
    0.6142   -0.5239    0.5901
   -0.3442    0.4951    0.7978
   -0.7101   -0.6931    0.1238
...    23 G-C ...
  -38.2549  -35.3690   40.8003
    0.4116   -0.0677    0.9089
   -0.6703    0.6532    0.3522
   -0.6175   -0.7542    0.2235
...    24 C-G ...
  -39.9699  -38.0771   41.4703
    0.0341    0.3244    0.9453
   -0.7877    0.5909   -0.1744
   -0.6152   -0.7387    0.2756
...    25 A-T ...
  -42.3572  -40.2850   42.1164
   -0.3956    0.6408    0.6580
   -0.6658    0.2934   -0.6860
   -0.6327   -0.7094    0.3106
...    26 A-T ...
  -44.3377  -42.6069   43.3293
   -0.7100    0.6868    0.1556
   -0.3219   -0.1200   -0.9391
   -0.6264   -0.7168    0.3063
...    27 A-T ...
  -46.2558  -44.8758   44.6680
   -0.7804    0.4734   -0.4085
    0.1616   -0.4784   -0.8632
   -0.6040   -0.7396    0.2968
...    28 G-C ...
  -48.5249  -47.0240   45.9251
   -0.5411    0.1886   -0.8195
    0.5403   -0.6688   -0.5107
   -0.6444   -0.7191    0.2600
...    29 G-C ...
  -51.0356  -49.2307   46.7462
   -0.0912   -0.1549   -0.9837
    0.7443   -0.6669    0.0360
   -0.6616   -0.7289    0.1761
...    30 C-G ...
  -53.5089  -51.3556   47.0463
    0.3676   -0.4437   -0.8173
    0.6635   -0.4907    0.5648
   -0.6516   -0.7499    0.1140
...    31 C-G ...
  -55.9074  -53.6866   47.2347
    0.7229   -0.5719   -0.3877
    0.3469   -0.1848    0.9195
   -0.5975   -0.7992    0.0648
...    32 G-C ...
  -57.4981  -56.2661   47.5879
    0.8635   -0.4912    0.1146
   -0.0810    0.0892    0.9927
   -0.4978   -0.8665    0.0372
...    33 G-C ...
  -58.6550  -59.4275   47.5402
    0.7127   -0.3040    0.6322
   -0.5572    0.3022    0.7734
   -0.4262   -0.9035    0.0460
...    34 C-G ...
  -59.6460  -62.5502   47.5245
    0.3145   -0.0452    0.9482
   -0.8645    0.3989    0.3058
   -0.3920   -0.9159    0.0864
...    35 C-G ...
  -60.5546  -65.7800   48.1133
   -0.1915    0.2318    0.9537
   -0.9085    0.3258   -0.2616
   -0.3713   -0.9166    0.1482
...    36 C-G ...
  -61.6254  -68.8550   48.8810
   -0.6407    0.4131    0.6472
   -0.6729    0.1040   -0.7324
   -0.3698   -0.9047    0.2113
...    37 G-C ...
  -63.1875  -71.8837   48.7386
   -0.8798    0.4603    0.1189
   -0.2068   -0.1453   -0.9675
   -0.4281   -0.8758    0.2230
...    38 A-T ...
  -64.4477  -74.6811   49.4867
   -0.8341    0.2933   -0.4671
    0.3514   -0.3702   -0.8599
   -0.4251   -0.8814    0.2058
...    39 C-G ...
  -66.2415  -77.2084   50.3521
   -0.5172    0.0972   -0.8503
    0.7258   -0.4768   -0.4959
   -0.4536   -0.8736    0.1760
...    40 A-T ...
  -67.8763  -80.0771   50.7967
    0.0220   -0.1216   -0.9923
    0.8864   -0.4568    0.0756
   -0.4625   -0.8812    0.0977
...    41 C-G ...
  -69.7501  -82.7931   50.6738
    0.4868   -0.2946   -0.8224
    0.7508   -0.3401    0.5663
   -0.4465   -0.8930    0.0556
...    42 G-C ...
  -70.8675  -85.8743   51.1632
    0.8607   -0.3649   -0.3551
    0.3327   -0.1249    0.9347
   -0.3854   -0.9226    0.0139
...    43 A-T ...
  -72.1976  -88.7359   51.1792
    0.8997   -0.3578    0.2502
   -0.2184    0.1274    0.9675
   -0.3780   -0.9251    0.0365
...    44 C-G ...
  -73.1349  -91.8521   50.6417
    0.6781   -0.1806    0.7125
   -0.6612    0.2734    0.6986
   -0.3209   -0.9448    0.0660
...    45 T-A ...
  -73.6095  -95.4183   50.7125
    0.2136    0.0612    0.9750
   -0.9308    0.3160    0.1840
   -0.2968   -0.9468    0.1245
...    46 T-A ...
  -74.2343  -98.5540   51.0802
   -0.2644    0.2321    0.9361
   -0.9195    0.2323   -0.3172
   -0.2911   -0.9446    0.1520
...    47 A-T ...
  -75.1925 -101.6259   51.8114
   -0.6940    0.4194    0.5852
   -0.6345    0.0276   -0.7724
   -0.3401   -0.9074    0.2470
...    48 C-G ...
  -76.0905 -104.4674   53.2981
   -0.9156    0.3928    0.0867
   -0.1853   -0.2206   -0.9576
   -0.3570   -0.8928    0.2748
...    49 T-A ...
  -77.3931 -107.2186   54.7235
   -0.8514    0.2808   -0.4431
    0.2972   -0.4378   -0.8485
   -0.4322   -0.8541    0.2892
...    50 G-C ...
  -78.9616 -110.0758   55.4700
   -0.4930    0.0519   -0.8685
    0.7204   -0.5353   -0.4409
   -0.4878   -0.8431    0.2265
...    51 T-A ...
  -80.9805 -112.4655   56.1824
   -0.0489   -0.2142   -0.9756
    0.8690   -0.4906    0.0641
   -0.4924   -0.8446    0.2102
...    52 A-T ...
  -82.3131 -115.4058   56.9458
    0.4956   -0.4540   -0.7404
    0.7246   -0.2539    0.6407
   -0.4788   -0.8541    0.2031
...    53 G-C ...
  -84.0638 -118.0903   57.4628
    0.8266   -0.4447   -0.3450
    0.3917    0.0146    0.9200
   -0.4041   -0.8956    0.1862
...    54 G-C ...
  -85.5549 -121.3964   57.2667
    0.9425   -0.2856    0.1736
   -0.1043    0.2422    0.9646
   -0.3176   -0.9272    0.1985
...    55 T-A ...
  -86.3043 -124.5314   57.5461
    0.7748   -0.0814    0.6269
   -0.5661    0.3521    0.7454
   -0.2814   -0.9324    0.2267
...    56 A-T ...
  -86.5804 -127.9351   58.1107
    0.3733    0.2518    0.8929
   -0.9078    0.2975    0.2957
   -0.1911   -0.9209    0.3396
...    57 T-A ...
  -86.4990 -131.0272   59.1485
   -0.1122    0.4008    0.9093
   -0.9779    0.1181   -0.1727
   -0.1766   -0.9085    0.3787
...    58 C-G ...
  -86.8818 -134.0476   60.7238
   -0.6791    0.4251    0.5984
   -0.7111   -0.1785   -0.6801
   -0.1823   -0.8873    0.4235
...    59 T-A ...
  -87.4832 -136.7823   62.4508
   -0.9387    0.3206    0.1268
   -0.2585   -0.4112   -0.8741
   -0.2281   -0.8533    0.4689
...    60 C-G ...
  -88.5687 -139.5795   63.7080
   -0.9111    0.0221   -0.4115
    0.3230   -0.5819   -0.7464
   -0.2560   -0.8130    0.5230
...    61 G-C ...
  -89.1657 -142.5637   64.9285
   -0.5828   -0.2624   -0.7691
    0.7528   -0.5307   -0.3894
   -0.3059   -0.8059    0.5068
...    62 A-T ...
  -90.2287 -145.1983   66.7081
   -0.0036   -0.5289   -0.8487
    0.9559   -0.2512    0.1525
   -0.2938   -0.8107    0.5064
...    63 T-A ...
  -91.7459 -147.7793   68.1253
    0.4966   -0.5766   -0.6488
    0.8209    0.0690    0.5669
   -0.2821   -0.8141    0.5076
...    64 C-G ...
  -92.8075 -150.3611   69.8354
    0.9099   -0.3648   -0.1975
    0.3559    0.4417    0.8236
   -0.2132   -0.8196    0.5317
...    65 A-T ...
  -93.7289 -153.1008   71.6115
    0.9779    0.0465    0.2037
   -0.1948    0.5554    0.8085
   -0.0756   -0.8303    0.5522
...    66 T-A ...
  -93.6734 -155.9813   73.0642
    0.7659    0.3784    0.5198
   -0.6430    0.4525    0.6179
   -0.0014   -0.8075    0.5899
...    67 G-C ...
  -93.2649 -158.7160   75.2121
    0.2740    0.6964    0.6633
   -0.9572    0.1306    0.2583
    0.0933   -0.7057    0.7023
...    68 T-A ...
  -92.2284 -160.8800   77.5085
   -0.2519    0.6995    0.6688
   -0.9605   -0.2654   -0.0841
    0.1186   -0.6635    0.7387
...    69 T-A ...
  -91.6863 -162.7972   79.9622
   -0.7277    0.4728    0.4970
   -0.6738   -0.6282   -0.3890
    0.1283   -0.6180    0.7757
...    70 A-T ...
  -91.4534 -165.0295   82.4914
   -0.9876   -0.0046    0.1566
   -0.0888   -0.8071   -0.5837
    0.1291   -0.5904    0.7967
...    71 T-A ...
  -91.1189 -166.3186   85.4637
   -0.8933   -0.4341   -0.1161
    0.4164   -0.7027   -0.5769
    0.1688   -0.5637    0.8085
...    72 A-T ...
  -90.1700 -168.3291   88.1145
   -0.3746   -0.8417   -0.3889
    0.8993   -0.2277   -0.3734
    0.2258   -0.4896    0.8422
...    73 A-T ...
  -89.5710 -169.8308   90.9097
    0.2199   -0.8441   -0.4890
    0.9383    0.3201   -0.1307
    0.2669   -0.4300    0.8625
...    74 C-G ...
  -89.2939 -171.5288   93.8830
    0.6957   -0.5362   -0.4781
    0.6571    0.7439    0.1219
    0.2903   -0.3990    0.8698
...    75 G-C ...
  -87.9773 -172.5467   96.6588
    0.8660    0.0039   -0.5001
    0.1832    0.9280    0.3244
    0.4653   -0.3726    0.8029
...    76 G-C ...
  -86.1969 -173.9192   99.0368
    0.7701    0.5167   -0.3740
   -0.2620    0.7909    0.5531
    0.5816   -0.3279    0.7444
...    77 A-T ...
  -84.2278 -175.0212  101.3307
    0.4475    0.8910   -0.0765
   -0.6325    0.3758    0.6773
    0.6322   -0.2546    0.7318
...    78 G-C ...
  -81.6846 -175.5638  103.4025
    0.0020    0.9843    0.1766
   -0.7378   -0.1177    0.6647
    0.6750   -0.1316    0.7260
...    79 C-G ...
  -79.0563 -175.5363  105.5145
   -0.4523    0.7593    0.4679
   -0.5812   -0.6489    0.4912
    0.6765   -0.0498    0.7347
...    80 T-A ...
  -76.6985 -175.3746  107.7782
   -0.7123    0.3176    0.6259
   -0.2208   -0.9479    0.2296
    0.6662    0.0254    0.7454
...    81 C-G ...
  -74.9436 -175.5113  110.4805
   -0.7124   -0.2863    0.6407
    0.2957   -0.9504   -0.0958
    0.6364    0.1212    0.7618
...    82 G-C ...
  -72.4342 -176.1294  112.9042
   -0.4190   -0.7801    0.4646
    0.6802   -0.6087   -0.4085
    0.6014    0.1449    0.7857
...    83 G-C ...
  -70.5172 -175.4721  115.5880
    0.0099   -0.9896    0.1438
    0.7797   -0.0824   -0.6207
    0.6261    0.1182    0.7708
...    84 G-C ...
  -68.5866 -175.0251  118.2709
    0.3746   -0.8856   -0.2746
    0.6493    0.4620   -0.6042
    0.6619    0.0480    0.7481
...    85 A-T ...
  -66.5665 -174.9584  120.9230
    0.6737   -0.4441   -0.5907
    0.2870    0.8938   -0.3447
    0.6810    0.0627    0.7296
...    86 T-A ...
  -64.3991 -175.3620  123.3707
    0.6992    0.0690   -0.7116
   -0.1015    0.9948   -0.0032
    0.7077    0.0744    0.7026
...    87 C-G ...
  -61.9626 -175.2539  125.5361
    0.4665    0.6126   -0.6381
   -0.4789    0.7814    0.4000
    0.7437    0.1190    0.6579
...    88 C-G ...
  -59.5232 -175.1070  127.7239
    0.0317    0.8832   -0.4680
   -0.6493    0.3742    0.6621
    0.7598    0.2829    0.5853
...    89 G-C ...
  -57.2972 -173.7577  129.7677
   -0.4503    0.8741   -0.1823
   -0.5215   -0.0917    0.8483
    0.7248    0.4771    0.4971
...    90 C-G ...
  -54.7793 -171.6790  130.9236
   -0.6829    0.6581    0.3170
   -0.1395   -0.5435    0.8278
    0.7171    0.5211    0.4630
...    91 T-A ...
  -52.7847 -169.1789  132.3714
   -0.6376    0.2469    0.7298
    0.3350   -0.7641    0.5513
    0.6937    0.5960    0.4044
...    92 T-A ...
  -50.7289 -166.8949  133.4949
   -0.2687   -0.2019    0.9418
    0.6516   -0.7582    0.0233
    0.7094    0.6200    0.3353
...    93 T-A ...
  -48.7175 -164.5138  134.5220
    0.2140   -0.5473    0.8091
    0.6720   -0.5187   -0.5286
    0.7089    0.6569    0.2568
...    94 A-T ...
  -46.1052 -162.4632  134.4344
    0.6772   -0.6450    0.3542
    0.3603   -0.1291   -0.9239
    0.6416    0.7532    0.1450
...    95 A-T ...
  -44.1349 -160.0053  135.0074
    0.7706   -0.6002   -0.2145
   -0.1057    0.2115   -0.9716
    0.6286    0.7714    0.0996
...    96 C-G ...
  -41.8759 -157.6865  135.8523
    0.5827   -0.4277   -0.6910
   -0.5057    0.4748   -0.7203
    0.6361    0.7692    0.0604
...    97 A-T ...
  -39.6763 -155.2223  136.0108
    0.1315   -0.1966   -0.9716
   -0.7390    0.6338   -0.2283
    0.6607    0.7481   -0.0619
...    98 C-G ...
  -37.0635 -153.2301  135.5182
   -0.2944    0.1040   -0.9500
   -0.6977    0.6559    0.2880
    0.6531    0.7476   -0.1206
...    99 T-A ...
  -34.5460 -150.9179  134.4998
   -0.6942    0.3704   -0.6171
   -0.4036    0.5095    0.7599
    0.5959    0.7766   -0.2043
...   100 T-A ...
  -32.6188 -148.5346  133.4251
   -0.8070    0.5851   -0.0802
    0.0671    0.2258    0.9719
    0.5868    0.7789   -0.2214
...   101 T-A ...
  -30.8383 -146.0249  132.4371
   -0.6421    0.6029    0.4736
    0.5117   -0.1230    0.8503
    0.5709    0.7883   -0.2295
...   102 A-T ...
  -28.8963 -143.3551  131.7784
   -0.2238    0.4030    0.8874
    0.8046   -0.4374    0.4015
    0.5500    0.8039   -0.2264
...   103 T-A ...
  -27.7887 -140.4120  130.8346
    0.1709    0.1414    0.9751
    0.8258   -0.5604   -0.0635
    0.5374    0.8161   -0.2126
...   104 G-C ...
  -26.1359 -137.5746  130.3788
    0.5878   -0.2974    0.7524
    0.5733   -0.5030   -0.6467
    0.5708    0.8115   -0.1251
...   105 C-G ...
  -24.2662 -134.8712  130.3762
    0.7860   -0.5502    0.2819
    0.1486   -0.2745   -0.9500
    0.6001    0.7886   -0.1341
...   106 T-A ...
  -22.1377 -132.1837  130.3644
    0.7159   -0.6340   -0.2924
   -0.3079    0.0892   -0.9472
    0.6267    0.7681   -0.1314
...   107 T-A ...
  -20.0293 -129.7930  130.1065
    0.3992   -0.5204   -0.7549
   -0.6502    0.4198   -0.6333
    0.6464    0.7436   -0.1707
...   108 C-G ...
  -17.7002 -127.5546  129.4954
   -0.0801   -0.2597   -0.9624
   -0.7559    0.6452   -0.1112
    0.6498    0.7185   -0.2479
...   109 C-G ...
  -15.4322 -125.3168  128.7221
   -0.5370   -0.0025   -0.8436
   -0.6102    0.6916    0.3864
    0.5825    0.7223   -0.3729
...   110 G-C ...
  -13.9664 -122.9654  127.4561
   -0.8385    0.2364   -0.4909
   -0.2458    0.6399    0.7280
    0.4863    0.7312   -0.4785
...   111 G-C ...
  -12.8478 -120.5636  125.3814
   -0.8741    0.4856    0.0117
    0.2660    0.4583    0.8480
    0.4064    0.7444   -0.5298
...   112 C-G ...
  -12.0706 -118.1476  123.1690
   -0.6077    0.6276    0.4867
    0.7057    0.1456    0.6934
    0.3643    0.7648   -0.5313
...   113 T-A ...
  -11.1455 -115.6524  121.2228
   -0.1681    0.5904    0.7894
    0.9284   -0.1745    0.3282
    0.3315    0.7881   -0.5187
...   114 C-G ...
   -9.9695 -112.9995  119.6951
    0.3875    0.3652    0.8465
    0.8692   -0.4505   -0.2036
    0.3070    0.8147   -0.4920
...   115 G-C ...
   -8.5909 -110.5846  117.9141
    0.7981   -0.0008    0.6026
    0.4947   -0.5701   -0.6560
    0.3440    0.8216   -0.4546
...   116 T-A ...
   -7.4057 -107.6919  116.9557
    0.9257   -0.3264    0.1910
    0.0104   -0.4829   -0.8756
    0.3780    0.8126   -0.4437
...   117 A-T ...
   -5.8971 -104.7997  115.9394
    0.7420   -0.5972   -0.3046
   -0.5054   -0.1999   -0.8394
    0.4404    0.7768   -0.4502
...   118 T-A ...
   -4.0301 -102.3168  115.0394
    0.4025   -0.6130   -0.6798
   -0.8080    0.1111   -0.5786
    0.4302    0.7822   -0.4506
...   119 A-T ...
   -2.7457  -99.7408  113.3845
   -0.1470   -0.5010   -0.8529
   -0.8845    0.4526   -0.1134
    0.4428    0.7377   -0.5097
...   120 A-T ...
   -1.0817  -97.6034  111.6160
   -0.6268   -0.1987   -0.7534
   -0.6540    0.6597    0.3702
    0.4235    0.7248   -0.5434
...   121 T-A ...
    0.5948  -95.7198  109.4406
   -0.8749    0.1582   -0.4578
   -0.2439    0.6726    0.6987
    0.4185    0.7229   -0.5498
...   122 G-C ...
    1.8659  -93.3850  107.2346
   -0.8975    0.4355    0.0694
    0.2976    0.4819    0.8241
    0.3255    0.7603   -0.5621
...   123 T-A ...
    2.5570  -91.0765  105.0425
   -0.6489    0.5974    0.4712
    0.6976    0.2198    0.6820
    0.3039    0.7712   -0.5594
...   124 G-C ...
    3.3393  -88.4415  103.1715
   -0.1785    0.5512    0.8150
    0.9503   -0.1181    0.2880
    0.2550    0.8260   -0.5028
...   125 T-A ...
    3.6277  -85.7341  101.4632
    0.3167    0.3768    0.8705
    0.9132   -0.3692   -0.1724
    0.2565    0.8495   -0.4610
...   126 C-G ...
    4.4227  -82.9903  100.1343
    0.7863    0.0985    0.6100
    0.5687   -0.5016   -0.6519
    0.2417    0.8595   -0.4504
...   127 G-C ...
    5.5925  -80.4828   98.3825
    0.9205   -0.2859    0.2663
    0.1188   -0.4443   -0.8879
    0.3722    0.8490   -0.3751
...   128 A-T ...
    6.6930  -77.7581   97.2345
    0.8181   -0.4937   -0.2949
   -0.4407   -0.2087   -0.8731
    0.3695    0.8442   -0.3883
...   129 C-G ...
    8.3734  -74.9899   96.5893
    0.4527   -0.5637   -0.6909
   -0.7991    0.0873   -0.5949
    0.3956    0.8213   -0.4109
...   130 C-G ...
   10.2859  -72.5623   95.1338
   -0.0621   -0.5209   -0.8514
   -0.9020    0.3945   -0.1756
    0.4273    0.7570   -0.4943
...   131 A-T ...
   11.0974  -69.8415   93.3960
   -0.5878   -0.2866   -0.7565
   -0.7138    0.6239    0.3182
    0.3807    0.7271   -0.5713
...   132 A-T ...
   12.4060  -67.6362   91.3441
   -0.8864    0.1120   -0.4492
   -0.2619    0.6789    0.6860
    0.3818    0.7257   -0.5724
...   133 A-T ...
   13.6989  -65.5401   89.1705
   -0.8571    0.5150    0.0146
    0.2958    0.4686    0.8324
    0.4218    0.7177   -0.5540
...   134 T-A ...
   14.7283  -63.4123   86.8245
   -0.5924    0.6746    0.4405
    0.6886    0.1400    0.7115
    0.4183    0.7248   -0.5474
...   135 G-C ...
   15.7211  -61.4788   83.9378
    0.0342    0.7399    0.6718
    0.8637   -0.3601    0.3526
    0.5028    0.5682   -0.6514
...   136 T-A ...
   15.7739  -59.5464   80.8037
    0.5516    0.4996    0.6680
    0.6739   -0.7388   -0.0038
    0.4916    0.4523   -0.7442
...   137 G-C ...
   16.8280  -57.7076   78.2738
    0.8528   -0.0847    0.5152
    0.1508   -0.9047   -0.3984
    0.4999    0.4175   -0.7588
...   138 A-T ...
   18.4175  -55.5141   76.5363
    0.8547   -0.5007    0.1370
   -0.3189   -0.7148   -0.6224
    0.4096    0.4883   -0.7706
...   139 G-C ...
   20.4152  -54.2945   74.5497
    0.5847   -0.7389   -0.3350
   -0.7594   -0.3532   -0.5465
    0.2854    0.5739   -0.7676
...   140 C-G ...
   21.4163  -51.8107   72.7950
    0.1305   -0.7142   -0.6876
   -0.8897    0.2217   -0.3991
    0.4375    0.6639   -0.6065
...   141 G-C ...
   22.1406  -50.1330   67.4725
   -0.4682   -0.8748    0.1248
   -0.8495    0.4067   -0.3362
    0.2434   -0.2634   -0.9335
...   142 C-G ...
   22.3377  -51.2252   64.5019
   -0.8529   -0.5117   -0.1032
   -0.4974    0.8566   -0.1372
    0.1587   -0.0657   -0.9851
...   143 T-A ...
   24.0059  -51.6201   61.9333
   -0.9563    0.0399   -0.2897
    0.0522    0.9980   -0.0348
    0.2877   -0.0484   -0.9565
...   144 C-G ...
   24.8857  -52.7207   58.9948
   -0.7530    0.5560   -0.3520
    0.5213    0.8304    0.1966
    0.4016   -0.0355   -0.9151
...   145 A-T ...
   25.5173  -52.9610   55.8128
   -0.2441    0.9563   -0.1609
    0.8907    0.2867    0.3528
    0.3835   -0.0571   -0.9218
...   146 C-G ...
   25.2677  -52.4925   52.0871
    0.3203    0.9428   -0.0928
    0.8825   -0.2613    0.3910
    0.3444   -0.2071   -0.9157
...   147 A-T ...
   25.6133  -52.5732   48.6479
    0.8597    0.5097    0.0339
    0.4498   -0.7866    0.4230
    0.2423   -0.3484   -0.9055
