  147 base-pairs
...     1 T-A ...
    0.0000    0.0000    0.0000
    1.0000    0.0000    0.0000
    0.0000    1.0000    0.0000
    0.0000    0.0000    1.0000
...     2 G-C ...
   -0.5555   -1.1003    3.3981
    0.7749    0.6051    0.1828
   -0.5991    0.7953   -0.0929
   -0.2016   -0.0375    0.9787
...     3 T-A ...
   -0.6619   -3.0237    6.5348
    0.3046    0.9250    0.2271
   -0.8994    0.3578   -0.2510
   -0.3134   -0.1278    0.9410
...     4 G-C ...
   -1.1607   -3.8418    9.6940
   -0.3351    0.9421    0.0133
   -0.8752   -0.3061   -0.3746
   -0.3489   -0.1372    0.9271
...     5 A-T ...
   -1.3881   -3.6770   12.8999
   -0.7835    0.6162   -0.0801
   -0.5677   -0.7622   -0.3109
   -0.2527   -0.1981    0.9470
...     6 G-C ...
   -2.6236   -3.5448   15.7072
   -0.9923    0.0611   -0.1075
   -0.0294   -0.9610   -0.2748
   -0.1201   -0.2695    0.9555
...     7 C-G ...
   -2.3138   -3.7570   18.8866
   -0.8620   -0.4995   -0.0864
    0.5008   -0.8655    0.0073
   -0.0785   -0.0370    0.9962
...     8 G-C ...
   -3.9561   -6.8109   23.3205
   -0.2581   -0.3560   -0.8981
    0.6294   -0.7673    0.1233
   -0.7330   -0.5335    0.4221
...     9 C-G ...
   -6.1177   -8.9414   24.2385
    0.1143   -0.7320   -0.6716
    0.8123   -0.3203    0.4874
   -0.5720   -0.6013    0.5580
...    10 T-A ...
   -8.5041   -9.6771   26.0540
    0.4660   -0.8587   -0.2131
    0.6274    0.1508    0.7640
   -0.6239   -0.4897    0.6090
...    11 C-G ...
  -11.0625  -11.3174   27.2336
    0.6660   -0.6911    0.2808
    0.3382    0.6152    0.7121
   -0.6649   -0.3794    0.6435
...    12 A-T ...
  -13.0013  -13.1789   29.0658
    0.7188   -0.1490    0.6790
   -0.1787    0.9043    0.3876
   -0.6718   -0.4000    0.6235
...    13 C-G ...
  -14.1788  -15.9359   31.3399
    0.4052    0.2865    0.8682
   -0.5270    0.8492   -0.0343
   -0.7470   -0.4437    0.4951
...    14 A-T ...
  -15.9532  -18.1566   33.3080
   -0.1503    0.6873    0.7107
   -0.6106    0.5008   -0.6135
   -0.7776   -0.5261    0.3444
...    15 A-T ...
  -18.3599  -20.0019   34.4451
   -0.4706    0.8522    0.2285
   -0.3925    0.0298   -0.9193
   -0.7902   -0.5223    0.3205
...    16 T-A ...
  -20.7415  -21.6573   36.2051
   -0.6391    0.7131   -0.2882
   -0.0597   -0.4196   -0.9057
   -0.7668   -0.5616    0.3108
...    17 T-A ...
  -23.2614  -23.2998   37.5429
   -0.5748    0.3136   -0.7558
    0.3432   -0.7461   -0.5706
   -0.7429   -0.5874    0.3212
...    18 T-A ...
  -25.7689  -25.0502   38.5770
   -0.2500   -0.1183   -0.9610
    0.5990   -0.7987   -0.0575
   -0.7607   -0.5900    0.2705
...    19 A-T ...
  -28.2212  -27.1353   39.2232
    0.2015   -0.4397   -0.8752
    0.6204   -0.6342    0.4615
   -0.7580   -0.6360    0.1450
...    20 T-A ...
  -31.0582  -28.8332   39.1910
    0.4973   -0.6919   -0.5234
    0.4302   -0.3272    0.8413
   -0.7534   -0.6436    0.1349
...    21 T-A ...
  -33.5871  -30.9109   39.3058
    0.6613   -0.7494    0.0344
    0.0635    0.1017    0.9928
   -0.7475   -0.6543    0.1149
...    22 C-G ...
  -35.9511  -33.1597   39.6253
    0.6012   -0.5320    0.5963
   -0.3470    0.4984    0.7945
   -0.7198   -0.6845    0.1151
...    23 G-C ...
  -38.3890  -35.2523   40.6438
    0.3990   -0.0751    0.9138
   -0.6648    0.6627    0.3448
   -0.6315   -0.7451    0.2145
...    24 C-G ...
  -40.1553  -37.9355   41.2841
    0.0270    0.3225    0.9462
   -0.7758    0.6036   -0.1837
   -0.6304   -0.7291    0.2665
...    25 A-T ...
  -42.5825  -40.1125   41.8789
   -0.3931    0.6468    0.6536
   -0.6502    0.3070   -0.6949
   -0.6501   -0.6981    0.2999
...    26 A-T ...
  -44.6236  -42.4013   43.0528
   -0.6976    0.7013    0.1466
   -0.3105   -0.1115   -0.9440
   -0.6457   -0.7041    0.2955
...    27 A-T ...
  -46.6115  -44.6292   44.3572
   -0.7624    0.4931   -0.4191
    0.1630   -0.4803   -0.8618
   -0.6262   -0.7253    0.2858
...    28 G-C ...
  -48.9543  -46.7200   45.5756
   -0.5226    0.2059   -0.8273
    0.5302   -0.6815   -0.5045
   -0.6677   -0.7023    0.2470
...    29 G-C ...
  -51.5486  -48.8525   46.3391
   -0.0788   -0.1474   -0.9859
    0.7235   -0.6889    0.0452
   -0.6859   -0.7097    0.1610
...    30 C-G ...
  -54.0888  -50.9074   46.5648
    0.3682   -0.4510   -0.8130
    0.6367   -0.5150    0.5740
   -0.6776   -0.7290    0.0976
...    31 C-G ...
  -56.5604  -53.1663   46.6840
    0.7103   -0.5949   -0.3763
    0.3208   -0.2023    0.9253
   -0.6266   -0.7780    0.0472
...    32 G-C ...
  -58.2426  -55.6954   46.9911
    0.8408   -0.5253    0.1310
   -0.1007    0.0860    0.9912
   -0.5319   -0.8466    0.0194
...    33 G-C ...
  -59.5233  -58.8118   46.8953
    0.6828   -0.3382    0.6475
   -0.5637    0.3199    0.7615
   -0.4647   -0.8850    0.0278
...    34 C-G ...
  -60.6584  -61.8847   46.8247
    0.2858   -0.0664    0.9560
   -0.8541    0.4348    0.2856
   -0.4346   -0.8981    0.0675
...    35 C-G ...
  -61.7348  -65.0734   47.3500
   -0.2089    0.2322    0.9500
   -0.8838    0.3711   -0.2851
   -0.4187   -0.8991    0.1277
...    36 C-G ...
  -62.9663  -68.1092   48.0437
   -0.6392    0.4386    0.6318
   -0.6430    0.1460   -0.7519
   -0.4220   -0.8868    0.1887
...    37 G-C ...
  -64.6641  -71.0566   47.8131
   -0.8570    0.5061    0.0967
   -0.1821   -0.1220   -0.9757
   -0.4820   -0.8538    0.1967
...    38 A-T ...
  -66.0950  -73.7913   48.4800
   -0.8004    0.3458   -0.4898
    0.3590   -0.3778   -0.8534
   -0.4801   -0.8589    0.1782
...    39 C-G ...
  -68.0548  -76.2234   49.2425
   -0.4809    0.1398   -0.8655
    0.7137   -0.5109   -0.4791
   -0.5092   -0.8482    0.1459
...    40 A-T ...
  -69.8762  -78.9967   49.5754
    0.0499   -0.1048   -0.9932
    0.8536   -0.5119    0.0969
   -0.5186   -0.8526    0.0639
...    41 C-G ...
  -71.9079  -81.5889   49.3287
    0.4974   -0.3094   -0.8105
    0.7066   -0.3976    0.5854
   -0.5033   -0.8638    0.0209
...    42 G-C ...
  -73.2324  -84.6055   49.6998
    0.8479   -0.4149   -0.3302
    0.2859   -0.1667    0.9436
   -0.4465   -0.8945   -0.0227
...    43 A-T ...
  -74.7453  -87.3759   49.5937
    0.8617   -0.4248    0.2775
   -0.2498    0.1210    0.9607
   -0.4417   -0.8971   -0.0019
...    44 C-G ...
  -75.8696  -90.4116   48.9484
    0.6311   -0.2458    0.7357
   -0.6703    0.3045    0.6767
   -0.3903   -0.9203    0.0274
...    45 T-A ...
  -76.6016  -93.9386   48.8956
    0.1718    0.0187    0.9850
   -0.9122    0.3805    0.1519
   -0.3719   -0.9246    0.0824
...    46 T-A ...
  -77.4747  -97.0297   49.1341
   -0.2938    0.2237    0.9293
   -0.8815    0.3126   -0.3540
   -0.3697   -0.9232    0.1054
...    47 A-T ...
  -78.7073 -100.0408   49.6980
   -0.6911    0.4533    0.5629
   -0.5872    0.1020   -0.8030
   -0.4214   -0.8855    0.1957
...    48 C-G ...
  -79.8920 -102.8531   51.0236
   -0.8852    0.4622    0.0527
   -0.1482   -0.1728   -0.9737
   -0.4410   -0.8698    0.2215
...    49 T-A ...
  -81.4871 -105.5379   52.2666
   -0.7994    0.3650   -0.4772
    0.3095   -0.4307   -0.8478
   -0.5150   -0.8254    0.2313
...    50 G-C ...
  -83.3411 -108.2736   52.8145
   -0.4341    0.1291   -0.8915
    0.6967   -0.5793   -0.4231
   -0.5711   -0.8048    0.1615
...    51 T-A ...
  -85.7252 -110.5674   53.4629
    0.0042   -0.2089   -0.9779
    0.8260   -0.5505    0.1212
   -0.5637   -0.8082    0.1702
...    52 T-A ...
  -87.7006 -113.0828   53.9393
    0.4755   -0.4881   -0.7319
    0.6849   -0.3167    0.6562
   -0.5521   -0.8133    0.1838
...    53 C-G ...
  -89.4025 -115.8099   54.7359
    0.8095   -0.5444   -0.2199
    0.2791    0.0274    0.9599
   -0.5166   -0.8384    0.1741
...    54 A-T ...
  -91.3087 -118.5856   55.1643
    0.8904   -0.3369    0.3062
   -0.2145    0.2828    0.9349
   -0.4016   -0.8981    0.1795
...    55 T-A ...
  -92.3235 -121.6560   55.3714
    0.6969   -0.0978    0.7105
   -0.6259    0.4007    0.6691
   -0.3502   -0.9110    0.2180
...    56 G-C ...
  -93.2137 -124.9194   56.2002
    0.2649    0.2664    0.9267
   -0.9196    0.3590    0.1597
   -0.2902   -0.8945    0.3401
...    57 T-A ...
  -93.4854 -128.0125   57.4181
   -0.2356    0.4421    0.8655
   -0.9313    0.1518   -0.3310
   -0.2777   -0.8840    0.3760
...    58 T-A ...
  -94.1990 -130.7786   58.7844
   -0.6900    0.4818    0.5402
   -0.6687   -0.1386   -0.7305
   -0.2771   -0.8653    0.4178
...    59 A-T ...
  -95.3437 -133.7072   59.9886
   -0.9451    0.3264   -0.0124
   -0.1335   -0.4206   -0.8974
   -0.2981   -0.8465    0.4411
...    60 T-A ...
  -96.3490 -136.0369   62.0238
   -0.8952    0.0465   -0.4432
    0.3530   -0.5329   -0.7690
   -0.2719   -0.8449    0.4607
...    61 A-T ...
  -97.0345 -139.0675   63.4568
   -0.4800   -0.3434   -0.8073
    0.8414   -0.4406   -0.3128
   -0.2482   -0.8294    0.5005
...    62 A-T ...
  -97.9895 -141.6631   65.0995
    0.0734   -0.5585   -0.8262
    0.9731   -0.1411    0.1819
   -0.2182   -0.8174    0.5332
...    63 C-G ...
  -99.3962 -144.3850   66.6712
    0.5894   -0.5505   -0.5912
    0.7824    0.2069    0.5874
   -0.2010   -0.8088    0.5527
...    64 G-C ...
  -99.6411 -146.9866   68.5944
    0.9375   -0.2264   -0.2642
    0.3436    0.4829    0.8055
   -0.0548   -0.8459    0.5305
...    65 G-C ...
  -99.6209 -149.9123   70.0883
    0.9813    0.1522    0.1177
   -0.1800    0.5098    0.8413
    0.0680   -0.8468    0.5276
...    66 A-T ...
  -99.2274 -152.7543   71.6451
    0.7153    0.4921    0.4962
   -0.6805    0.3290    0.6547
    0.1589   -0.8060    0.5702
...    67 A-T ...
  -98.4355 -155.2331   73.4802
    0.2205    0.6656    0.7130
   -0.9540   -0.0052    0.2998
    0.2033   -0.7463    0.6338
...    68 G-C ...
  -97.2070 -157.5079   75.6190
   -0.3145    0.6290    0.7110
   -0.9220   -0.3806   -0.0711
    0.2259   -0.6779    0.6996
...    69 G-C ...
  -95.7760 -159.3016   78.4546
   -0.7721    0.3841    0.5064
   -0.6037   -0.6922   -0.3955
    0.1986   -0.6110    0.7663
...    70 T-A ...
  -95.1006 -160.7904   81.3026
   -0.9715   -0.0245    0.2360
   -0.1180   -0.8130   -0.5702
    0.2058   -0.5818    0.7869
...    71 A-T ...
  -94.5900 -162.3678   84.2487
   -0.8592   -0.4929   -0.1373
    0.4747   -0.6677   -0.5734
    0.1909   -0.5578    0.8077
...    72 T-A ...
  -94.4021 -163.6759   87.3020
   -0.4854   -0.7935   -0.3670
    0.8434   -0.3144   -0.4357
    0.2303   -0.5210    0.8219
...    73 C-G ...
  -93.9380 -165.4277   90.1202
    0.1356   -0.8337   -0.5353
    0.9550    0.2538   -0.1534
    0.2638   -0.4904    0.8306
...    74 T-A ...
  -93.2870 -167.3272   92.8143
    0.5959   -0.5559   -0.5796
    0.7424    0.6566    0.1335
    0.3064   -0.5098    0.8039
...    75 C-G ...
  -92.3964 -169.1250   95.5624
    0.8923   -0.0597   -0.4474
    0.2628    0.8747    0.4073
    0.3670   -0.4810    0.7962
...    76 G-C ...
  -90.9185 -170.2831   98.2460
    0.7860    0.4625   -0.4103
   -0.1782    0.8050    0.5659
    0.5920   -0.3717    0.7151
...    77 A-T ...
  -89.1152 -171.4664  100.6676
    0.4948    0.8582   -0.1365
   -0.5850    0.4451    0.6780
    0.6426   -0.2556    0.7223
...    78 G-C ...
  -86.5533 -172.0716  102.6943
    0.0662    0.9892    0.1309
   -0.7221   -0.0430    0.6905
    0.6886   -0.1403    0.7114
...    79 C-G ...
  -83.8639 -172.1269  104.7293
   -0.3915    0.8047    0.4463
   -0.6047   -0.5905    0.5345
    0.6936   -0.0606    0.7178
...    80 T-A ...
  -81.4344 -172.0198  106.9227
   -0.6748    0.3872    0.6282
   -0.2732   -0.9219    0.2747
    0.6855    0.0137    0.7279
...    81 C-G ...
  -79.6129 -172.1485  109.5824
   -0.7145   -0.2133    0.6663
    0.2313   -0.9708   -0.0628
    0.6603    0.1093    0.7430
...    82 G-C ...
  -77.1187 -172.8210  111.9900
   -0.4617   -0.7310    0.5025
    0.6298   -0.6691   -0.3946
    0.6246    0.1342    0.7693
...    83 G-C ...
  -75.1263 -172.2058  114.6283
   -0.0554   -0.9817    0.1823
    0.7630   -0.1594   -0.6265
    0.6441    0.1044    0.7578
...    84 G-C ...
  -73.1342 -171.8147  117.2749
    0.3099   -0.9188   -0.2445
    0.6724    0.3936   -0.6269
    0.6722    0.0299    0.7397
...    85 A-T ...
  -71.0850 -171.7941  119.9074
    0.6370   -0.5097   -0.5783
    0.3437    0.8593   -0.3788
    0.6900    0.0425    0.7225
...    86 T-A ...
  -68.9294 -172.2552  122.3569
    0.6975   -0.0031   -0.7166
   -0.0346    0.9987   -0.0380
    0.7158    0.0513    0.6965
...    87 C-G ...
  -66.4771 -172.2404  124.5138
    0.5041    0.5594   -0.6580
   -0.4251    0.8239    0.3748
    0.7518    0.0907    0.6531
...    88 C-G ...
  -64.0327 -172.1876  126.7025
    0.0893    0.8645   -0.4946
   -0.6226    0.4361    0.6498
    0.7774    0.2499    0.5772
...    89 G-C ...
  -61.7240 -170.9344  128.7157
   -0.3914    0.8966   -0.2072
   -0.5274   -0.0340    0.8490
    0.7541    0.4416    0.4861
...    90 C-G ...
  -59.0691 -169.0102  129.8271
   -0.6390    0.7097    0.2967
   -0.1779   -0.5116    0.8406
    0.7484    0.4843    0.4532
...    91 T-A ...
  -56.9101 -166.6220  131.2178
   -0.6244    0.3057    0.7188
    0.2803   -0.7712    0.5715
    0.7290    0.5584    0.3959
...    92 T-A ...
  -54.7181 -164.4543  132.3104
   -0.2904   -0.1626    0.9430
    0.6000   -0.7986    0.0471
    0.7454    0.5795    0.3295
...    93 T-A ...
  -52.5618 -162.1971  133.3156
    0.1666   -0.5436    0.8227
    0.6428   -0.5728   -0.5086
    0.7477    0.6136    0.2540
...    94 A-T ...
  -49.8167 -160.3316  133.2477
    0.6263   -0.6824    0.3769
    0.3653   -0.1702   -0.9152
    0.6887    0.7109    0.1427
...    95 A-T ...
  -47.6935 -158.0026  133.8157
    0.7325   -0.6534   -0.1911
   -0.0753    0.2013   -0.9766
    0.6766    0.7298    0.0982
...    96 C-G ...
  -45.2995 -155.8236  134.6649
    0.5657   -0.4751   -0.6740
   -0.4612    0.4954   -0.7362
    0.6836    0.7273    0.0611
...    97 A-T ...
  -42.9513 -153.5030  134.8335
    0.1367   -0.2170   -0.9665
   -0.6934    0.6759   -0.2498
    0.7075    0.7043   -0.0581
...    98 C-G ...
  -40.2074 -151.6846  134.3769
   -0.2692    0.1106   -0.9567
   -0.6612    0.7010    0.2671
    0.7003    0.7045   -0.1155
...    99 T-A ...
  -37.5327 -149.5437  133.3874
   -0.6579    0.4049   -0.6350
   -0.3872    0.5413    0.7464
    0.6459    0.7369   -0.1993
...   100 T-A ...
  -35.4451 -147.2926  132.3307
   -0.7694    0.6303   -0.1031
    0.0598    0.2319    0.9709
    0.6359    0.7409   -0.2161
...   101 T-A ...
  -33.5027 -144.8992  131.3657
   -0.6181    0.6418    0.4539
    0.4855   -0.1425    0.8625
    0.6183    0.7535   -0.2235
...   102 A-T ...
  -31.4124 -142.3432  130.7349
   -0.2269    0.4212    0.8781
    0.7708   -0.4735    0.4263
    0.5954    0.7736   -0.2172
...   103 T-A ...
  -30.1366 -139.4678  129.8020
    0.1509    0.1402    0.9786
    0.7989   -0.6003   -0.0372
    0.5822    0.7874   -0.2026
...   104 G-C ...
  -28.3362 -136.7170  129.3763
    0.5518   -0.3199    0.7702
    0.5659   -0.5347   -0.6276
    0.6126    0.7822   -0.1140
...   105 C-G ...
  -26.3385 -134.1039  129.4096
    0.7516   -0.5843    0.3060
    0.1613   -0.2870   -0.9443
    0.6396    0.7591   -0.1214
...   106 T-A ...
  -24.0828 -131.5216  129.4453
    0.6944   -0.6668   -0.2705
   -0.2775    0.0986   -0.9556
    0.6639    0.7387   -0.1166
...   107 T-A ...
  -21.8643 -129.2265  129.2397
    0.3970   -0.5392   -0.7427
   -0.6143    0.4451   -0.6516
    0.6819    0.7149   -0.1545
...   108 C-G ...
  -19.4271 -127.0862  128.6941
   -0.0649   -0.2573   -0.9641
   -0.7255    0.6756   -0.1315
    0.6852    0.6909   -0.2305
...   109 C-G ...
  -17.0500 -124.9375  127.9989
   -0.5148    0.0175   -0.8572
   -0.5927    0.7152    0.3705
    0.6195    0.6987   -0.3578
...   110 G-C ...
  -15.4559 -122.6466  126.7793
   -0.8166    0.2667   -0.5118
   -0.2407    0.6487    0.7220
    0.5246    0.7128   -0.4655
...   111 G-C ...
  -14.1967 -120.2889  124.7402
   -0.8569    0.5154   -0.0092
    0.2606    0.4485    0.8549
    0.4448    0.7302   -0.5186
...   112 C-G ...
  -13.2879 -117.8981  122.5519
   -0.5981    0.6472    0.4727
    0.6930    0.1214    0.7106
    0.4025    0.7526   -0.5212
...   113 T-A ...
  -12.2378 -115.4330  120.6326
   -0.1683    0.5940    0.7867
    0.9143   -0.2043    0.3499
    0.3685    0.7781   -0.5087
...   114 C-G ...
  -10.9390 -112.8135  119.1557
    0.3781    0.3515    0.8564
    0.8605   -0.4747   -0.1851
    0.3415    0.8069   -0.4819
...   115 G-C ...
   -9.4518 -110.4316  117.4215
    0.7845   -0.0240    0.6197
    0.4938   -0.5804   -0.6476
    0.3751    0.8140   -0.4435
...   116 T-A ...
   -8.1719 -107.5673  116.4986
    0.9131   -0.3503    0.2087
    0.0167   -0.4794   -0.8774
    0.4074    0.8047   -0.4319
...   117 A-T ...
   -6.5796 -104.7096  115.5214
    0.7340   -0.6120   -0.2946
   -0.4943   -0.1839   -0.8496
    0.4658    0.7692   -0.4374
...   118 T-A ...
   -4.6440 -102.2620  114.6701
    0.4013   -0.6174   -0.6766
   -0.7952    0.1318   -0.5919
    0.4546    0.7756   -0.4380
...   119 A-T ...
   -3.2809  -99.6989  113.0566
   -0.1435   -0.4913   -0.8591
   -0.8732    0.4714   -0.1238
    0.4658    0.7324   -0.4967
...   120 A-T ...
   -1.5485  -97.5805  111.3320
   -0.6193   -0.1813   -0.7639
   -0.6467    0.6696    0.3654
    0.4452    0.7203   -0.5319
...   121 T-A ...
    0.1922  -95.7121  109.1969
   -0.8654    0.1770   -0.4687
   -0.2415    0.6723    0.6998
    0.4390    0.7189   -0.5390
...   122 G-C ...
    1.5288  -93.3815  107.0236
   -0.8917    0.4485    0.0612
    0.2946    0.4723    0.8307
    0.3437    0.7588   -0.5533
...   123 T-A ...
    2.2719  -91.0673  104.8584
   -0.6462    0.6033    0.4674
    0.6925    0.2063    0.6913
    0.3207    0.7704   -0.5511
...   124 G-C ...
    3.1056  -88.4286  103.0175
   -0.1806    0.5485    0.8164
    0.9456   -0.1314    0.2975
    0.2705    0.8257   -0.4950
...   125 T-A ...
    3.4445  -85.7138  101.3303
    0.3121    0.3680    0.8759
    0.9106   -0.3787   -0.1654
    0.2709    0.8492   -0.4533
...   126 C-G ...
    4.2850  -82.9709  100.0289
    0.7814    0.0865    0.6180
    0.5694   -0.5038   -0.6496
    0.2552    0.8595   -0.4429
...   127 G-C ...
    5.4922  -80.4690   98.2981
    0.9168   -0.2944    0.2698
    0.1204   -0.4405   -0.8897
    0.3807    0.8481   -0.3684
...   128 A-T ...
    6.6164  -77.7459   97.1700
    0.8160   -0.4980   -0.2935
   -0.4379   -0.2011   -0.8762
    0.3774    0.8435   -0.3822
...   129 C-G ...
    8.3176  -74.9856   96.5451
    0.4519   -0.5632   -0.6918
   -0.7961    0.0954   -0.5976
    0.4026    0.8208   -0.4052
...   130 C-G ...
   10.2480  -72.5609   95.1115
   -0.0623   -0.5167   -0.8539
   -0.8993    0.4002   -0.1766
    0.4330    0.7569   -0.4896
...   131 A-T ...
   11.0813  -69.8419   93.3828
   -0.5869   -0.2835   -0.7584
   -0.7125    0.6256    0.3176
    0.3844    0.7268   -0.5692
...   132 A-T ...
   12.3993  -67.6360   91.3394
   -0.8856    0.1138   -0.4503
   -0.2615    0.6790    0.6860
    0.3838    0.7253   -0.5715
...   133 A-T ...
   13.6972  -65.5401   89.1683
   -0.8566    0.5158    0.0142
    0.2958    0.4682    0.8327
    0.4229    0.7174   -0.5536
...   134 T-A ...
   14.7283  -63.4123   86.8246
   -0.5924    0.6746    0.4405
    0.6886    0.1400    0.7115
    0.4183    0.7248   -0.5474
...   135 G-C ...
   15.7211  -61.4789   83.9378
    0.0342    0.7399    0.6718
    0.8637   -0.3601    0.3526
    0.5028    0.5682   -0.6514
...   136 T-A ...
   15.7739  -59.5465   80.8037
    0.5516    0.4996    0.6680
    0.6739   -0.7388   -0.0038
    0.4916    0.4523   -0.7442
...   137 G-C ...
   16.8280  -57.7076   78.2738
    0.8528   -0.0847    0.5152
    0.1508   -0.9047   -0.3984
    0.4999    0.4175   -0.7588
...   138 A-T ...
   18.4175  -55.5142   76.5363
    0.8547   -0.5007    0.1370
   -0.3189   -0.7148   -0.6224
    0.4096    0.4883   -0.7706
...   139 G-C ...
   20.4152  -54.2946   74.5497
    0.5847   -0.7389   -0.3350
   -0.7594   -0.3532   -0.5465
    0.2854    0.5739   -0.7676
...   140 C-G ...
   21.4163  -51.8108   72.7950
    0.1305   -0.7142   -0.6876
   -0.8897    0.2217   -0.3991
    0.4375    0.6639   -0.6065
...   141 G-C ...
   22.1406  -50.1331   67.4725
   -0.4682   -0.8748    0.1248
   -0.8495    0.4067   -0.3362
    0.2434   -0.2634   -0.9335
...   142 C-G ...
   22.3377  -51.2252   64.5020
   -0.8529   -0.5117   -0.1032
   -0.4974    0.8566   -0.1372
    0.1587   -0.0657   -0.9851
...   143 T-A ...
   24.0059  -51.6202   61.9333
   -0.9563    0.0399   -0.2897
    0.0522    0.9980   -0.0348
    0.2877   -0.0484   -0.9565
...   144 C-G ...
   24.8857  -52.7207   58.9948
   -0.7530    0.5560   -0.3520
    0.5213    0.8304    0.1966
    0.4016   -0.0355   -0.9151
...   145 A-T ...
   25.5173  -52.9610   55.8128
   -0.2441    0.9563   -0.1609
    0.8907    0.2867    0.3528
    0.3835   -0.0571   -0.9218
...   146 C-G ...
   25.2677  -52.4925   52.0871
    0.3203    0.9428   -0.0928
    0.8825   -0.2613    0.3910
    0.3444   -0.2071   -0.9157
...   147 A-T ...
   25.6133  -52.5733   48.6479
    0.8597    0.5097    0.0339
    0.4498   -0.7866    0.4230
    0.2423   -0.3484   -0.9055
