  147 base-pairs
...     1 T-A ...
    0.0000    0.0000    0.0000
    1.0000    0.0000    0.0000
    0.0000    1.0000    0.0000
    0.0000    0.0000    1.0000
...     2 G-C ...
   -0.5555   -1.1003    3.3981
    0.7749    0.6051    0.1828
   -0.5991    0.7953   -0.0929
   -0.2016   -0.0375    0.9787
...     3 T-A ...
   -0.6619   -3.0237    6.5348
    0.3046    0.9250    0.2271
   -0.8994    0.3578   -0.2510
   -0.3134   -0.1278    0.9410
...     4 G-C ...
   -1.1607   -3.8418    9.6940
   -0.3351    0.9421    0.0133
   -0.8752   -0.3061   -0.3746
   -0.3489   -0.1372    0.9271
...     5 A-T ...
   -1.3881   -3.6770   12.8999
   -0.7835    0.6162   -0.0801
   -0.5677   -0.7622   -0.3109
   -0.2527   -0.1981    0.9470
...     6 G-C ...
   -2.6236   -3.5448   15.7072
   -0.9923    0.0611   -0.1075
   -0.0294   -0.9610   -0.2748
   -0.1201   -0.2695    0.9555
...     7 C-G ...
   -2.3138   -3.7570   18.8866
   -0.8620   -0.4995   -0.0864
    0.5008   -0.8655    0.0073
   -0.0785   -0.0370    0.9962
...     8 G-C ...
   -3.9561   -6.8109   23.3205
   -0.2581   -0.3560   -0.8981
    0.6294   -0.7673    0.1233
   -0.7330   -0.5335    0.4221
...     9 C-G ...
   -6.1177   -8.9414   24.2385
    0.1143   -0.7320   -0.6716
    0.8123   -0.3203    0.4874
   -0.5720   -0.6013    0.5580
...    10 T-A ...
   -8.5041   -9.6771   26.0540
    0.4660   -0.8587   -0.2131
    0.6274    0.1508    0.7640
   -0.6239   -0.4897    0.6090
...    11 C-G ...
  -11.0625  -11.3174   27.2336
    0.6660   -0.6911    0.2808
    0.3382    0.6152    0.7121
   -0.6649   -0.3794    0.6435
...    12 A-T ...
  -13.0013  -13.1789   29.0658
    0.7188   -0.1490    0.6790
   -0.1787    0.9043    0.3876
   -0.6718   -0.4000    0.6235
...    13 C-G ...
  -14.1788  -15.9359   31.3399
    0.4052    0.2865    0.8682
   -0.5270    0.8492   -0.0343
   -0.7470   -0.4437    0.4951
...    14 A-T ...
  -15.9532  -18.1566   33.3080
   -0.1503    0.6873    0.7107
   -0.6106    0.5008   -0.6135
   -0.7776   -0.5261    0.3444
...    15 A-T ...
  -18.3618  -19.9960   34.4527
   -0.4745    0.8507    0.2262
   -0.3916    0.0261   -0.9198
   -0.7883   -0.5250    0.3208
...    16 T-A ...
  -20.7396  -21.6596   36.2131
   -0.6431    0.7079   -0.2919
   -0.0555   -0.4233   -0.9043
   -0.7637   -0.5654    0.3115
...    17 T-A ...
  -23.2487  -23.3159   37.5518
   -0.5762    0.3048   -0.7584
    0.3509   -0.7458   -0.5663
   -0.7381   -0.5924    0.3228
...    18 T-A ...
  -25.7426  -25.0864   38.5982
   -0.2478   -0.1305   -0.9600
    0.6088   -0.7918   -0.0495
   -0.7536   -0.5967    0.2757
...    19 A-T ...
  -28.1647  -27.2074   39.2825
    0.2094   -0.4554   -0.8653
    0.6290   -0.6149    0.4758
   -0.7487   -0.6439    0.1577
...    20 T-A ...
  -30.9735  -28.9510   39.2840
    0.5105   -0.6954   -0.5058
    0.4332   -0.3001    0.8499
   -0.7428   -0.6530    0.1480
...    21 T-A ...
  -33.4640  -31.0689   39.4470
    0.6755   -0.7353    0.0552
    0.0577    0.1274    0.9902
   -0.7351   -0.6657    0.1285
...    22 C-G ...
  -35.7830  -33.3566   39.8228
    0.6095   -0.5031    0.6127
   -0.3613    0.5117    0.7795
   -0.7057   -0.6965    0.1301
...    23 G-C ...
  -38.1703  -35.4862   40.9008
    0.3964   -0.0403    0.9172
   -0.6832    0.6544    0.3240
   -0.6133   -0.7551    0.2319
...    24 C-G ...
  -39.8676  -38.1973   41.6131
    0.0128    0.3488    0.9371
   -0.7910    0.5768   -0.2039
   -0.6117   -0.7387    0.2832
...    25 A-T ...
  -42.2651  -40.4087   42.2566
   -0.4225    0.6514    0.6302
   -0.6527    0.2638   -0.7102
   -0.6289   -0.7114    0.3137
...    26 A-T ...
  -44.2414  -42.7315   43.4781
   -0.7271    0.6767    0.1156
   -0.2923   -0.1528   -0.9440
   -0.6212   -0.7202    0.3089
...    27 A-T ...
  -46.1541  -45.0065   44.8196
   -0.7774    0.4433   -0.4463
    0.1992   -0.4996   -0.8431
   -0.5967   -0.7443    0.3001
...    28 G-C ...
  -48.4135  -47.1749   46.0681
   -0.5174    0.1491   -0.8426
    0.5736   -0.6703   -0.4708
   -0.6350   -0.7270    0.2613
...    29 G-C ...
  -50.8901  -49.4274   46.8798
   -0.0508   -0.1906   -0.9804
    0.7599   -0.6443    0.0859
   -0.6480   -0.7407    0.1776
...    30 C-G ...
  -53.3151  -51.6127   47.1728
    0.4118   -0.4618   -0.7856
    0.6543   -0.4503    0.6076
   -0.6343   -0.7642    0.1167
...    31 C-G ...
  -55.6444  -54.0129   47.3589
    0.7545   -0.5639   -0.3357
    0.3130   -0.1404    0.9393
   -0.5768   -0.8138    0.0706
...    32 G-C ...
  -57.1781  -56.6299   47.7551
    0.8715   -0.4590    0.1725
   -0.1289    0.1250    0.9838
   -0.4731   -0.8796    0.0497
...    33 G-C ...
  -58.2473  -59.8210   47.7934
    0.6903   -0.2553    0.6770
   -0.6026    0.3150    0.7332
   -0.4005   -0.9141    0.0636
...    34 C-G ...
  -59.1421  -62.9742   47.8729
    0.2662    0.0041    0.9639
   -0.8913    0.3818    0.2445
   -0.3670   -0.9243    0.1052
...    35 C-G ...
  -59.9912  -66.2021   48.5616
   -0.2530    0.2625    0.9312
   -0.9029    0.2817   -0.3247
   -0.3476   -0.9229    0.1657
...    36 C-G ...
  -61.0087  -69.2823   49.4020
   -0.6945    0.4136    0.5888
   -0.6298    0.0464   -0.7754
   -0.3481   -0.9093    0.2283
...    37 G-C ...
  -62.4577  -72.3891   49.2645
   -0.9045    0.4246    0.0400
   -0.1344   -0.1948   -0.9716
   -0.4048   -0.8842    0.2333
...    38 A-T ...
  -63.6471  -75.2104   50.0528
   -0.8114    0.2333   -0.5360
    0.4268   -0.3902   -0.8159
   -0.3994   -0.8907    0.2170
...    39 C-G ...
  -65.3819  -77.7834   50.9106
   -0.4579    0.0337   -0.8884
    0.7810   -0.4623   -0.4200
   -0.4248   -0.8861    0.1854
...    40 A-T ...
  -66.9031  -80.7164   51.3798
    0.1044   -0.1684   -0.9802
    0.8991   -0.4054    0.1655
   -0.4252   -0.8985    0.1091
...    41 C-G ...
  -68.6253  -83.5315   51.2642
    0.5658   -0.3076   -0.7650
    0.7188   -0.2706    0.6404
   -0.4040   -0.9122    0.0680
...    42 G-C ...
  -69.6210  -86.6453   51.8352
    0.9058   -0.3323   -0.2630
    0.2584   -0.0588    0.9642
   -0.3359   -0.9413    0.0326
...    43 A-T ...
  -70.7928  -89.5781   51.8983
    0.8923   -0.2918    0.3445
   -0.3086    0.1625    0.9372
   -0.3295   -0.9426    0.0549
...    44 C-G ...
  -71.5199  -92.7640   51.4547
    0.6199   -0.1031    0.7779
   -0.7358    0.2679    0.6219
   -0.2725   -0.9579    0.0902
...    45 T-A ...
  -71.8076  -96.3429   51.6796
    0.1157    0.1253    0.9854
   -0.9610    0.2648    0.0792
   -0.2511   -0.9561    0.1510
...    46 T-A ...
  -72.2968  -99.4852   52.1699
   -0.3731    0.2617    0.8901
   -0.8941    0.1547   -0.4202
   -0.2476   -0.9527    0.1763
...    47 A-T ...
  -73.2016 -102.5851   52.8964
   -0.7935    0.3818    0.4739
   -0.5322   -0.0574   -0.8447
   -0.2953   -0.9224    0.2488
...    48 C-G ...
  -74.0588 -105.4377   54.4053
   -0.9492    0.3110   -0.0486
   -0.0404   -0.2734   -0.9610
   -0.3122   -0.9102    0.2721
...    49 T-A ...
  -75.3052 -108.2511   55.7723
   -0.8057    0.1813   -0.5638
    0.4473   -0.4377   -0.7800
   -0.3882   -0.8807    0.2716
...    50 G-C ...
  -76.6783 -111.2243   56.4458
   -0.3716   -0.0306   -0.9279
    0.8228   -0.4737   -0.3139
   -0.4300   -0.8801    0.2013
...    51 T-A ...
  -78.5339 -113.7851   57.0043
    0.1098   -0.2528   -0.9613
    0.8962   -0.3931    0.2057
   -0.4299   -0.8841    0.1834
...    52 A-T ...
  -79.6861 -116.8231   57.6881
    0.6413   -0.4124   -0.6471
    0.6507   -0.1546    0.7434
   -0.4066   -0.8978    0.1692
...    53 G-C ...
  -81.1971 -119.6723   58.0849
    0.9135   -0.3492   -0.2086
    0.2512    0.0809    0.9646
   -0.3200   -0.9335    0.1616
...    54 G-C ...
  -82.2347 -123.1371   57.8240
    0.9343   -0.1605    0.3184
   -0.2747    0.2456    0.9296
   -0.2274   -0.9560    0.1854
...    55 T-A ...
  -82.6169 -126.3365   58.1075
    0.6767    0.0314    0.7356
   -0.7109    0.2880    0.6416
   -0.1917   -0.9571    0.2173
...    56 A-T ...
  -82.5489 -129.7314   58.7605
    0.1957    0.3114    0.9299
   -0.9734    0.1769    0.1456
   -0.1192   -0.9337    0.3377
...    57 T-A ...
  -82.2208 -132.7758   59.8949
   -0.3080    0.3894    0.8680
   -0.9450   -0.0196   -0.3265
   -0.1101   -0.9209    0.3740
...    58 C-G ...
  -82.4396 -135.8100   61.4708
   -0.8199    0.3259    0.4707
   -0.5593   -0.2809   -0.7799
   -0.1219   -0.9027    0.4126
...    59 T-A ...
  -82.9245 -138.6047   63.1579
   -0.9839    0.1749   -0.0360
   -0.0465   -0.4457   -0.8940
   -0.1724   -0.8779    0.4467
...    60 C-G ...
  -83.7277 -141.5501   64.3155
   -0.8205   -0.1245   -0.5579
    0.5339   -0.5154   -0.6703
   -0.2041   -0.8479    0.4894
...    61 G-C ...
  -83.9890 -144.6055   65.4909
   -0.3898   -0.3515   -0.8512
    0.8894   -0.3835   -0.2489
   -0.2389   -0.8540    0.4621
...    62 A-T ...
  -84.4688 -147.3983   67.1530
    0.2234   -0.4955   -0.8394
    0.9536   -0.0673    0.2936
   -0.2019   -0.8660    0.4575
...    63 G-C ...
  -85.2157 -150.2909   68.5326
    0.7015   -0.4321   -0.5668
    0.6950    0.2386    0.6783
   -0.1579   -0.8697    0.4676
...    64 C-G ...
  -85.9921 -153.3897   69.7402
    0.9806   -0.1700   -0.0981
    0.1665    0.4562    0.8742
   -0.1039   -0.8735    0.4756
...    65 T-A ...
  -86.3128 -156.4615   71.0042
    0.9354    0.1699    0.3101
   -0.3533    0.4833    0.8010
   -0.0138   -0.8588    0.5121
...    66 C-G ...
  -86.1681 -159.3059   72.7177
    0.5831    0.4793    0.6560
   -0.8101    0.2813    0.5145
    0.0621   -0.8313    0.5523
...    67 G-C ...
  -86.1884 -161.6246   74.9901
    0.0641    0.6505    0.7568
   -0.9893   -0.0584    0.1340
    0.1314   -0.7573    0.6398
...    68 G-C ...
  -85.4640 -163.8958   77.3245
   -0.4887    0.5781    0.6534
   -0.8631   -0.4297   -0.2653
    0.1274   -0.6936    0.7090
...    69 G-C ...
  -85.0367 -165.7932   80.0780
   -0.8876    0.3170    0.3341
   -0.4538   -0.7263   -0.5162
    0.0790   -0.6098    0.7886
...    70 A-T ...
  -84.7057 -167.5605   82.8852
   -0.9807   -0.1937   -0.0269
    0.1718   -0.7880   -0.5912
    0.0933   -0.5844    0.8061
...    71 T-A ...
  -84.7169 -168.8906   85.9967
   -0.7459   -0.6004   -0.2884
    0.6529   -0.5734   -0.4949
    0.1318   -0.5574    0.8197
...    72 T-A ...
  -84.5249 -170.5248   88.8192
   -0.1975   -0.8621   -0.4666
    0.9681   -0.0968   -0.2309
    0.1539   -0.4974    0.8538
...    73 C-G ...
  -83.7456 -171.9714   91.7839
    0.4309   -0.7511   -0.5002
    0.8854    0.4591    0.0732
    0.1746   -0.4744    0.8628
...    74 A-T ...
  -83.0604 -173.0885   94.9034
    0.8331   -0.3054   -0.4612
    0.4767    0.8193    0.3185
    0.2806   -0.4852    0.8282
...    75 T-A ...
  -82.2152 -175.0589   97.3323
    0.9402    0.1648   -0.2980
    0.0074    0.8650    0.5017
    0.3404   -0.4740    0.8121
...    76 G-C ...
  -80.7470 -176.8185  100.0106
    0.7196    0.6860   -0.1074
   -0.5121    0.6288    0.5852
    0.4690   -0.3661    0.8038
...    77 T-A ...
  -78.6722 -178.2257  102.1576
    0.3423    0.9288    0.1420
   -0.7910    0.2034    0.5770
    0.5070   -0.3098    0.8043
...    78 T-A ...
  -76.8713 -178.9807  104.5870
   -0.1609    0.9314    0.3264
   -0.8345   -0.3049    0.4589
    0.5270   -0.1985    0.8263
...    79 A-T ...
  -75.2867 -179.3856  107.4293
   -0.6437    0.6484    0.4064
   -0.5903   -0.7587    0.2756
    0.4870   -0.0625    0.8711
...    80 T-A ...
  -73.4421 -178.8835  110.0439
   -0.8455    0.1861    0.5005
   -0.1774   -0.9820    0.0655
    0.5037   -0.0334    0.8632
...    81 A-T ...
  -71.6993 -179.2183  112.9445
   -0.7496   -0.4650    0.4711
    0.4059   -0.8851   -0.2278
    0.5229    0.0204    0.8522
...    82 A-T ...
  -70.0983 -178.9359  115.7341
   -0.3415   -0.8885    0.3064
    0.7555   -0.4534   -0.4728
    0.5590    0.0700    0.8262
...    83 C-G ...
  -68.7583 -178.4134  118.9128
    0.1648   -0.9857    0.0361
    0.8022    0.1127   -0.5864
    0.5739    0.1256    0.8092
...    84 G-C ...
  -66.6566 -177.9685  121.3545
    0.5685   -0.7379   -0.3639
    0.5314    0.6670   -0.5223
    0.6280    0.1035    0.7713
...    85 G-C ...
  -64.7282 -177.7517  124.0314
    0.7010   -0.2974   -0.6482
    0.1507    0.9502   -0.2729
    0.6971    0.0936    0.7109
...    86 A-T ...
  -62.4082 -177.5860  126.2606
    0.6053    0.2901   -0.7413
   -0.2752    0.9501    0.1471
    0.7469    0.1149    0.6549
...    87 C-G ...
  -59.6833 -177.8128  128.0615
    0.3262    0.7263   -0.6050
   -0.5447    0.6675    0.5077
    0.7726    0.1639    0.6134
...    88 C-G ...
  -56.5180 -177.3127  129.5294
   -0.1267    0.9118   -0.3906
   -0.5856    0.2491    0.7713
    0.8006    0.3265    0.5024
...    89 G-C ...
  -54.1824 -175.8709  131.3623
   -0.5552    0.8305   -0.0456
   -0.3847   -0.2078    0.8993
    0.7374    0.5168    0.4349
...    90 C-G ...
  -51.7398 -173.6201  132.3453
   -0.6908    0.5576    0.4603
    0.0322   -0.6123    0.7900
    0.7223    0.5606    0.4050
...    91 T-A ...
  -49.7971 -171.0402  133.7062
   -0.5471    0.1287    0.8271
    0.4784   -0.7628    0.4352
    0.6869    0.6337    0.3557
...    92 T-A ...
  -47.8201 -168.6409  134.7215
   -0.1135   -0.2917    0.9498
    0.7118   -0.6908   -0.1271
    0.6932    0.6616    0.2860
...    93 T-A ...
  -45.8948 -166.1552  135.6537
    0.3693   -0.5799    0.7261
    0.6325   -0.4156   -0.6536
    0.6808    0.7007    0.2134
...    94 A-T ...
  -43.5071 -163.8673  135.4469
    0.7567   -0.6185    0.2120
    0.2451   -0.0323   -0.9690
    0.6061    0.7851    0.1271
...    95 A-T ...
  -41.6276 -161.3405  135.9747
    0.7676   -0.5359   -0.3516
   -0.2354    0.2746   -0.9323
    0.5962    0.7984    0.0846
...    96 C-G ...
  -39.3938 -158.9770  136.7281
    0.5143   -0.3486   -0.7836
   -0.6093    0.4944   -0.6199
    0.6035    0.7962    0.0418
...    97 A-T ...
  -37.2807 -156.4354  136.7983
    0.0245   -0.1312   -0.9911
   -0.7844    0.6120   -0.1005
    0.6197    0.7799   -0.0879
...    98 C-G ...
  -34.8205 -154.3026  136.1361
   -0.4058    0.1466   -0.9021
   -0.6828    0.6075    0.4059
    0.6075    0.7807   -0.1464
...    99 T-A ...
  -32.5091 -151.8388  134.9751
   -0.7692    0.3799   -0.5138
   -0.3321    0.4493    0.8293
    0.5460    0.8086   -0.2195
...   100 T-A ...
  -30.7753 -149.3349  133.8431
   -0.8250    0.5635    0.0431
    0.1675    0.1710    0.9709
    0.5397    0.8082   -0.2355
...   101 T-A ...
  -29.1680 -146.7286  132.8033
   -0.5971    0.5603    0.5741
    0.6032   -0.1582    0.7817
    0.5288    0.8131   -0.2435
...   102 A-T ...
  -27.3420 -143.9934  132.0932
   -0.1340    0.3502    0.9270
    0.8486   -0.4426    0.2899
    0.5118    0.8255   -0.2379
...   103 T-A ...
  -26.3757 -140.9822  131.2112
    0.2696    0.0927    0.9585
    0.8211   -0.5422   -0.1785
    0.5031    0.8351   -0.2223
...   104 G-C ...
  -24.8106 -138.0964  130.7427
    0.6650   -0.3272    0.6713
    0.5092   -0.4589   -0.7281
    0.5463    0.8260   -0.1386
...   105 C-G ...
  -22.9715 -135.3826  130.7086
    0.8134   -0.5549    0.1748
    0.0560   -0.2244   -0.9729
    0.5790    0.8011   -0.1515
...   106 T-A ...
  -20.8651 -132.6824  130.6306
    0.6873   -0.6128   -0.3899
   -0.3972    0.1323   -0.9081
    0.6082    0.7790   -0.1525
...   107 T-A ...
  -18.7958 -130.2702  130.2908
    0.3273   -0.4834   -0.8119
   -0.7066    0.4452   -0.5500
    0.6273    0.7537   -0.1958
...   108 C-G ...
  -16.5317 -128.0084  129.5603
   -0.1662   -0.2198   -0.9613
   -0.7620    0.6474   -0.0162
    0.6259    0.7298   -0.2751
...   109 C-G ...
  -14.3350 -125.7491  128.6583
   -0.6075    0.0317   -0.7937
   -0.5721    0.6757    0.4649
    0.5510    0.7365   -0.3924
...   110 G-C ...
  -12.9752 -123.3598  127.3608
   -0.8747    0.2573   -0.4107
   -0.1815    0.6120    0.7698
    0.4494    0.7479   -0.4886
...   111 G-C ...
  -12.0197 -120.8861  125.2847
   -0.8667    0.4888    0.0996
    0.3365    0.4254    0.8401
    0.3683    0.7616   -0.5332
...   112 C-G ...
  -11.3899 -118.4022  123.1021
   -0.5634    0.6126    0.5544
    0.7582    0.1167    0.6415
    0.3283    0.7817   -0.5302
...   113 T-A ...
  -10.5963 -115.8479  121.1766
   -0.1043    0.5636    0.8195
    0.9484   -0.1917    0.2526
    0.2994    0.8035   -0.5145
...   114 C-G ...
   -9.5214 -113.1525  119.6478
    0.4486    0.3332    0.8293
    0.8485   -0.4504   -0.2780
    0.2808    0.8283   -0.4848
...   115 G-C ...
   -8.2415 -110.6924  117.8571
    0.8347   -0.0281    0.5500
    0.4453   -0.5532   -0.7040
    0.3241    0.8326   -0.4492
...   116 T-A ...
   -7.0839 -107.7927  116.9151
    0.9316   -0.3414    0.1249
   -0.0475   -0.4550   -0.8892
    0.3604    0.8225   -0.4401
...   117 A-T ...
   -5.5850 -104.8840  115.9218
    0.7166   -0.5976   -0.3598
   -0.5514   -0.1695   -0.8168
    0.4271    0.7837   -0.4510
...   118 T-A ...
   -3.7311 -102.4053  114.9974
    0.3600   -0.5996   -0.7148
   -0.8340    0.1367   -0.5346
    0.4182    0.7886   -0.4508
...   119 A-T ...
   -2.4733  -99.8238  113.3486
   -0.1893   -0.4848   -0.8539
   -0.8829    0.4647   -0.0681
    0.4298    0.7410   -0.5159
...   120 A-T ...
   -0.8552  -97.6829  111.5439
   -0.6585   -0.1789   -0.7310
   -0.6308    0.6610    0.4065
    0.4104    0.7288   -0.5481
...   121 T-A ...
    0.7626  -95.7880  109.3329
   -0.8895    0.1753   -0.4220
   -0.2096    0.6641    0.7177
    0.4061    0.7268   -0.5539
...   122 G-C ...
    1.9796  -93.4455  107.1090
   -0.8898    0.4438    0.1058
    0.3302    0.4664    0.8206
    0.3149    0.7651   -0.5616
...   123 T-A ...
    2.6277  -91.1163  104.9290
   -0.6284    0.5967    0.4990
    0.7202    0.2038    0.6632
    0.2940    0.7762   -0.5578
...   124 G-C ...
    3.3720  -88.4655  103.0729
   -0.1527    0.5410    0.8271
    0.9567   -0.1289    0.2609
    0.2477    0.8311   -0.4979
...   125 T-A ...
    3.6339  -85.7374  101.3948
    0.3403    0.3628    0.8675
    0.9062   -0.3727   -0.1996
    0.2509    0.8541   -0.4556
...   126 C-G ...
    4.4139  -82.9825  100.0859
    0.8002    0.0857    0.5936
    0.5510   -0.4961   -0.6711
    0.2369    0.8640   -0.4442
...   127 G-C ...
    5.5614  -80.4558   98.3605
    0.9224   -0.2952    0.2493
    0.1029   -0.4341   -0.8950
    0.3724    0.8511   -0.3700
...   128 A-T ...
    6.6632  -77.7268   97.2316
    0.8112   -0.4955   -0.3106
   -0.4529   -0.1962   -0.8697
    0.3700    0.8462   -0.3835
...   129 C-G ...
    8.3552  -74.9640   96.5969
    0.4419   -0.5594   -0.7013
   -0.8048    0.0983   -0.5854
    0.3964    0.8231   -0.4067
...   130 C-G ...
   10.2795  -72.5425   95.1454
   -0.0717   -0.5139   -0.8548
   -0.9012    0.4007   -0.1653
    0.4275    0.7585   -0.4918
...   131 A-T ...
   11.1063  -69.8347   93.4069
   -0.5923   -0.2838   -0.7541
   -0.7107    0.6248    0.3232
    0.3794    0.7274   -0.5718
...   132 A-T ...
   12.4123  -67.6330   91.3500
   -0.8876    0.1133   -0.4464
   -0.2591    0.6785    0.6874
    0.3808    0.7258   -0.5729
...   133 A-T ...
   13.7017  -65.5381   89.1734
   -0.8566    0.5157    0.0166
    0.2977    0.4678    0.8322
    0.4214    0.7178   -0.5543
...   134 T-A ...
   14.7283  -63.4123   86.8245
   -0.5924    0.6746    0.4405
    0.6886    0.1400    0.7115
    0.4183    0.7248   -0.5474
...   135 G-C ...
   15.7212  -61.4788   83.9377
    0.0342    0.7399    0.6718
    0.8637   -0.3601    0.3526
    0.5028    0.5682   -0.6514
...   136 T-A ...
   15.7740  -59.5465   80.8036
    0.5516    0.4996    0.6680
    0.6739   -0.7388   -0.0038
    0.4916    0.4523   -0.7442
...   137 G-C ...
   16.8281  -57.7076   78.2738
    0.8528   -0.0847    0.5152
    0.1508   -0.9047   -0.3984
    0.4999    0.4175   -0.7588
...   138 A-T ...
   18.4176  -55.5142   76.5362
    0.8547   -0.5007    0.1370
   -0.3189   -0.7148   -0.6224
    0.4096    0.4883   -0.7706
...   139 G-C ...
   20.4153  -54.2945   74.5496
    0.5847   -0.7389   -0.3350
   -0.7594   -0.3532   -0.5465
    0.2854    0.5739   -0.7676
...   140 C-G ...
   21.4164  -51.8108   72.7950
    0.1305   -0.7142   -0.6876
   -0.8897    0.2217   -0.3991
    0.4375    0.6639   -0.6065
...   141 G-C ...
   22.1407  -50.1331   67.4725
   -0.4682   -0.8748    0.1248
   -0.8495    0.4067   -0.3362
    0.2434   -0.2634   -0.9335
...   142 C-G ...
   22.3378  -51.2252   64.5019
   -0.8529   -0.5117   -0.1032
   -0.4974    0.8566   -0.1372
    0.1587   -0.0657   -0.9851
...   143 T-A ...
   24.0060  -51.6202   61.9332
   -0.9563    0.0399   -0.2897
    0.0522    0.9980   -0.0348
    0.2877   -0.0484   -0.9565
...   144 C-G ...
   24.8857  -52.7207   58.9948
   -0.7530    0.5560   -0.3520
    0.5213    0.8304    0.1966
    0.4016   -0.0355   -0.9151
...   145 A-T ...
   25.5174  -52.9610   55.8127
   -0.2441    0.9563   -0.1609
    0.8907    0.2867    0.3528
    0.3835   -0.0571   -0.9218
...   146 C-G ...
   25.2677  -52.4925   52.0871
    0.3203    0.9428   -0.0928
    0.8825   -0.2613    0.3910
    0.3444   -0.2071   -0.9157
...   147 A-T ...
   25.6133  -52.5733   48.6479
    0.8597    0.5097    0.0339
    0.4498   -0.7866    0.4230
    0.2423   -0.3484   -0.9055
