  147 base-pairs
...     1 T-A ...
    0.0000    0.0000    0.0000
    1.0000    0.0000    0.0000
    0.0000    1.0000    0.0000
    0.0000    0.0000    1.0000
...     2 G-C ...
   -0.5555   -1.1003    3.3981
    0.7749    0.6051    0.1828
   -0.5991    0.7953   -0.0929
   -0.2016   -0.0375    0.9787
...     3 T-A ...
   -0.6619   -3.0237    6.5348
    0.3046    0.9250    0.2271
   -0.8994    0.3578   -0.2510
   -0.3134   -0.1278    0.9410
...     4 G-C ...
   -1.1607   -3.8418    9.6940
   -0.3351    0.9421    0.0133
   -0.8752   -0.3061   -0.3746
   -0.3489   -0.1372    0.9271
...     5 A-T ...
   -1.3881   -3.6770   12.8999
   -0.7835    0.6162   -0.0801
   -0.5677   -0.7622   -0.3109
   -0.2527   -0.1981    0.9470
...     6 G-C ...
   -2.6236   -3.5448   15.7072
   -0.9923    0.0611   -0.1075
   -0.0294   -0.9610   -0.2748
   -0.1201   -0.2695    0.9555
...     7 C-G ...
   -2.3138   -3.7570   18.8866
   -0.8620   -0.4995   -0.0864
    0.5008   -0.8655    0.0073
   -0.0785   -0.0370    0.9962
...     8 G-C ...
   -3.9561   -6.8109   23.3205
   -0.2581   -0.3560   -0.8981
    0.6294   -0.7673    0.1233
   -0.7330   -0.5335    0.4221
...     9 C-G ...
   -6.1177   -8.9414   24.2385
    0.1143   -0.7320   -0.6716
    0.8123   -0.3203    0.4874
   -0.5720   -0.6013    0.5580
...    10 T-A ...
   -8.5041   -9.6771   26.0540
    0.4660   -0.8587   -0.2131
    0.6274    0.1508    0.7640
   -0.6239   -0.4897    0.6090
...    11 C-G ...
  -11.0625  -11.3174   27.2336
    0.6660   -0.6911    0.2808
    0.3382    0.6152    0.7121
   -0.6649   -0.3794    0.6435
...    12 A-T ...
  -13.0013  -13.1789   29.0658
    0.7188   -0.1490    0.6790
   -0.1787    0.9043    0.3876
   -0.6718   -0.4000    0.6235
...    13 C-G ...
  -14.1788  -15.9359   31.3399
    0.4052    0.2865    0.8682
   -0.5270    0.8492   -0.0343
   -0.7470   -0.4437    0.4951
...    14 A-T ...
  -15.9532  -18.1566   33.3080
   -0.1503    0.6873    0.7107
   -0.6106    0.5008   -0.6135
   -0.7776   -0.5261    0.3444
...    15 A-T ...
  -18.3625  -19.9955   34.4457
   -0.4617    0.8559    0.2330
   -0.3988    0.0343   -0.9164
   -0.7923   -0.5161    0.3254
...    16 T-A ...
  -20.7442  -21.6226   36.2245
   -0.6335    0.7217   -0.2790
   -0.0745   -0.4158   -0.9064
   -0.7702   -0.5534    0.3171
...    17 T-A ...
  -23.2704  -23.2287   37.5919
   -0.5806    0.3257   -0.7462
    0.3236   -0.7487   -0.5786
   -0.7471   -0.5774    0.3293
...    18 T-A ...
  -25.7941  -24.9223   38.6629
   -0.2718   -0.1074   -0.9564
    0.5835   -0.8087   -0.0750
   -0.7653   -0.5784    0.2824
...    19 A-T ...
  -28.2884  -26.9313   39.3268
    0.1678   -0.4246   -0.8897
    0.6196   -0.6565    0.4302
   -0.7668   -0.6234    0.1530
...    20 T-A ...
  -31.1674  -28.5601   39.3469
    0.4625   -0.6905   -0.5562
    0.4504   -0.3574    0.8182
   -0.7637   -0.6289    0.1457
...    21 T-A ...
  -33.7519  -30.5706   39.4934
    0.6448   -0.7642   -0.0154
    0.1084    0.0715    0.9915
   -0.7566   -0.6410    0.1290
...    22 C-G ...
  -36.1596  -32.7624   39.8386
    0.6190   -0.5637    0.5469
   -0.2940    0.4794    0.8269
   -0.7283   -0.6726    0.1310
...    23 G-C ...
  -38.6112  -34.8142   40.8926
    0.4496   -0.1120    0.8862
   -0.6261    0.6680    0.4021
   -0.6371   -0.7356    0.2302
...    24 C-G ...
  -40.4053  -37.4658   41.5539
    0.0943    0.2927    0.9515
   -0.7688    0.6286   -0.1172
   -0.6325   -0.7205    0.2843
...    25 A-T ...
  -42.7965  -39.6079   42.2952
   -0.3149    0.6385    0.7023
   -0.6929    0.3510   -0.6298
   -0.6486   -0.6849    0.3319
...    26 A-T ...
  -44.8131  -41.8519   43.5837
   -0.6519    0.7222    0.2310
   -0.3982   -0.0667   -0.9149
   -0.6454   -0.6884    0.3311
...    27 A-T ...
  -46.7612  -44.0302   45.0139
   -0.7763    0.5395   -0.3261
    0.0571   -0.4550   -0.8887
   -0.6278   -0.7085    0.3224
...    28 G-C ...
  -49.0641  -46.0536   46.3933
   -0.5950    0.2606   -0.7603
    0.4421   -0.6839   -0.5804
   -0.6712   -0.6815    0.2917
...    29 G-C ...
  -51.6598  -48.0872   47.3569
   -0.1954   -0.1021   -0.9754
    0.6891   -0.7220   -0.0625
   -0.6978   -0.6844    0.2114
...    30 C-G ...
  -54.2554  -50.0203   47.8134
    0.2463   -0.4291   -0.8690
    0.6747   -0.5678    0.4717
   -0.6958   -0.7025    0.1497
...    31 C-G ...
  -56.8294  -52.1389   48.1637
    0.6279   -0.6045   -0.4902
    0.4283   -0.2575    0.8662
   -0.6499   -0.7538    0.0972
...    32 G-C ...
  -58.5853  -54.5776   48.5664
    0.8275   -0.5612   -0.0138
    0.0445    0.0410    0.9982
   -0.5596   -0.8266    0.0589
...    33 G-C ...
  -59.9861  -57.6355   48.4942
    0.7585   -0.3923    0.5205
   -0.4298    0.2993    0.8519
   -0.4899   -0.8698    0.0584
...    34 C-G ...
  -61.2216  -60.6624   48.4375
    0.4339   -0.1237    0.8924
   -0.7793    0.4455    0.4407
   -0.4521   -0.8867    0.0969
...    35 C-G ...
  -62.2808  -63.8501   48.9772
   -0.0288    0.1928    0.9808
   -0.9053    0.4110   -0.1073
   -0.4238   -0.8910    0.1627
...    36 C-G ...
  -63.4772  -66.8553   49.7633
   -0.4892    0.4259    0.7611
   -0.7684    0.2025   -0.6071
   -0.4127   -0.8818    0.2281
...    37 G-C ...
  -65.2735  -69.7043   49.8204
   -0.7960    0.5296    0.2931
   -0.3844   -0.0683   -0.9206
   -0.4675   -0.8455    0.2579
...    38 A-T ...
  -66.6566  -72.4070   50.6616
   -0.8698    0.3971   -0.2928
    0.1532   -0.3468   -0.9253
   -0.4690   -0.8497    0.2409
...    39 C-G ...
  -68.5192  -74.8002   51.7343
   -0.6519    0.2000   -0.7315
    0.5685   -0.5094   -0.6459
   -0.5018   -0.8370    0.2184
...    40 A-T ...
  -70.3415  -77.5000   52.3568
   -0.1835   -0.0511   -0.9817
    0.8292   -0.5444   -0.1266
   -0.5280   -0.8372    0.1423
...    41 C-G ...
  -72.4918  -80.0006   52.4687
    0.2755   -0.2789   -0.9200
    0.8069   -0.4530    0.3790
   -0.5224   -0.8468    0.1002
...    42 G-C ...
  -73.8256  -82.9714   53.0184
    0.7194   -0.4191   -0.5540
    0.5073   -0.2279    0.8311
   -0.4745   -0.8789    0.0487
...    43 A-T ...
  -75.4386  -85.6677   53.1787
    0.8868   -0.4616    0.0209
    0.0149    0.0736    0.9972
   -0.4619   -0.8840    0.0721
...    44 C-G ...
  -76.7999  -88.6297   52.6917
    0.7973   -0.3008    0.5232
   -0.4501    0.2813    0.8475
   -0.4021   -0.9113    0.0889
...    45 T-A ...
  -77.6243  -92.1305   52.6886
    0.4454   -0.0392    0.8944
   -0.8165    0.3920    0.4238
   -0.3673   -0.9191    0.1426
...    46 T-A ...
  -78.4701  -95.2193   53.0156
    0.0151    0.1811    0.9834
   -0.9363    0.3477   -0.0496
   -0.3509   -0.9200    0.1748
...    47 A-T ...
  -79.3799  -98.2456   53.9209
   -0.4136    0.4652    0.7826
   -0.8295    0.1618   -0.5346
   -0.3753   -0.8703    0.3190
...    48 C-G ...
  -80.1706 -101.0282   55.5454
   -0.7723    0.5073    0.3824
   -0.5068   -0.1290   -0.8523
   -0.3831   -0.8521    0.3568
...    49 T-A ...
  -81.3180 -103.6491   57.2880
   -0.8939    0.4283   -0.1321
   -0.0676   -0.4201   -0.9049
   -0.4431   -0.8000    0.4045
...    50 G-C ...
  -82.9941 -106.2761   58.4853
   -0.7379    0.1816   -0.6500
    0.4353   -0.6079   -0.6640
   -0.5157   -0.7730    0.3695
...    51 T-A ...
  -85.0201 -108.3695   59.8154
   -0.4112   -0.1395   -0.9008
    0.7447   -0.6213   -0.2437
   -0.5256   -0.7711    0.3593
...    52 A-T ...
  -86.4380 -111.1107   60.9957
    0.1222   -0.4885   -0.8640
    0.8477   -0.4013    0.3468
   -0.5161   -0.7748    0.3651
...    53 G-C ...
  -88.3353 -113.4958   62.0922
    0.5560   -0.5600   -0.6142
    0.6909   -0.0995    0.7161
   -0.4621   -0.8225    0.3316
...    54 G-C ...
  -90.3928 -116.4722   62.4824
    0.8703   -0.4566   -0.1846
    0.3054    0.2061    0.9297
   -0.3865   -0.8655    0.3188
...    55 T-A ...
  -91.5503 -119.4281   63.0867
    0.9236   -0.2515    0.2892
   -0.1688    0.4104    0.8961
   -0.3441   -0.8765    0.3366
...    56 A-T ...
  -92.1981 -122.7703   63.7544
    0.7321    0.1382    0.6671
   -0.6478    0.4442    0.6189
   -0.2108   -0.8852    0.4147
...    57 T-A ...
  -92.2858 -125.8606   64.7822
    0.3421    0.3765    0.8609
   -0.9228    0.3072    0.2323
   -0.1770   -0.8740    0.4526
...    58 C-G ...
  -92.5407 -128.8139   66.5057
   -0.2745    0.5274    0.8040
   -0.9483   -0.0101   -0.3171
   -0.1592   -0.8495    0.5029
...    59 T-A ...
  -92.8807 -131.4269   68.4428
   -0.7103    0.5054    0.4900
   -0.6810   -0.3171   -0.6601
   -0.1782   -0.8025    0.5694
...    60 C-G ...
  -93.9397 -133.9192   70.2078
   -0.9701    0.2424    0.0148
   -0.1666   -0.6195   -0.7671
   -0.1768   -0.7466    0.6413
...    61 G-C ...
  -94.6294 -136.6747   71.8058
   -0.9043   -0.0897   -0.4174
    0.3576   -0.6934   -0.6255
   -0.2333   -0.7149    0.6592
...    62 A-T ...
  -95.2144 -139.1258   73.9350
   -0.5150   -0.4848   -0.7069
    0.8278   -0.4955   -0.2633
   -0.2226   -0.7207    0.6565
...    63 G-C ...
  -96.0723 -141.4643   76.0712
    0.0001   -0.6716   -0.7409
    0.9823   -0.1387    0.1259
   -0.1873   -0.7278    0.6597
...    64 C-G ...
  -97.1298 -143.9281   78.1946
    0.5732   -0.5991   -0.5590
    0.8057    0.2880    0.5175
   -0.1491   -0.7471    0.6478
...    65 T-A ...
  -97.8404 -146.5435   80.1304
    0.9086   -0.3129   -0.2767
    0.4123    0.5651    0.7146
   -0.0673   -0.7634    0.6425
...    66 C-G ...
  -98.0436 -149.2216   82.1542
    0.9885    0.1106    0.1034
   -0.1505    0.6445    0.7497
    0.0163   -0.7566    0.6537
...    67 G-C ...
  -97.7273 -151.3004   84.5361
    0.7678    0.5208    0.3731
   -0.6236    0.4740    0.6217
    0.1469   -0.7100    0.6887
...    68 G-C ...
  -96.8769 -153.6015   86.7479
    0.3096    0.7617    0.5692
   -0.9286    0.1135    0.3533
    0.2045   -0.6379    0.7424
...    69 G-C ...
  -95.7456 -155.3804   89.3767
   -0.2521    0.7756    0.5786
   -0.9349   -0.3496    0.0614
    0.2499   -0.5255    0.8133
...    70 A-T ...
  -94.6948 -156.9060   92.1039
   -0.7522    0.4310    0.4985
   -0.6022   -0.7567   -0.2545
    0.2675   -0.4916    0.8287
...    71 T-A ...
  -93.6102 -157.9412   95.0543
   -0.9550   -0.0216    0.2959
   -0.1228   -0.8790   -0.4607
    0.2701   -0.4763    0.8368
...    72 C-G ...
  -92.8188 -159.2845   98.0326
   -0.8256   -0.5642   -0.0118
    0.4772   -0.6868   -0.5483
    0.3012   -0.4583    0.8362
...    73 C-G ...
  -92.0406 -160.7565  100.8808
   -0.4709   -0.8127   -0.3431
    0.8407   -0.2956   -0.4537
    0.2673   -0.5021    0.8225
...    74 G-C ...
  -90.7136 -162.4717  103.3120
    0.0564   -0.8002   -0.5971
    0.9564    0.2149   -0.1977
    0.2865   -0.5599    0.7774
...    75 C-G ...
  -90.1864 -164.4306  106.1180
    0.5796   -0.5189   -0.6283
    0.7414    0.6558    0.1423
    0.3382   -0.5483    0.7648
...    76 T-A ...
  -89.3497 -166.5658  108.6499
    0.8631   -0.0320   -0.5039
    0.2949    0.8421    0.4515
    0.4099   -0.5383    0.7363
...    77 T-A ...
  -87.9439 -168.5897  110.7312
    0.8590    0.4623   -0.2201
   -0.2281    0.7303    0.6439
    0.4584   -0.5028    0.7328
...    78 T-A ...
  -86.2865 -170.3286  112.9235
    0.5435    0.8337    0.0976
   -0.6469    0.3419    0.6816
    0.5349   -0.4336    0.7252
...    79 C-G ...
  -84.5510 -171.1405  115.4356
    0.0416    0.9309    0.3629
   -0.7915   -0.1910    0.5806
    0.6098   -0.3114    0.7288
...    80 A-T ...
  -81.6549 -171.6263  117.3751
   -0.4250    0.7556    0.4984
   -0.6076   -0.6463    0.4617
    0.6710   -0.1067    0.7338
...    81 T-A ...
  -79.3021 -171.4767  119.6014
   -0.6909    0.3461    0.6347
   -0.3023   -0.9358    0.1813
    0.6567   -0.0666    0.7512
...    82 G-C ...
  -77.1396 -171.3680  122.1534
   -0.7426   -0.2736    0.6113
    0.1888   -0.9612   -0.2009
    0.6426   -0.0338    0.7655
...    83 T-A ...
  -75.1590 -170.9110  124.8702
   -0.4914   -0.7572    0.4303
    0.5590   -0.6531   -0.5108
    0.6678   -0.0105    0.7443
...    84 T-A ...
  -73.1103 -170.7265  127.3643
   -0.0276   -0.9938    0.1078
    0.7266   -0.0940   -0.6806
    0.6865    0.0596    0.7247
...    85 A-T ...
  -70.5179 -170.3035  129.5427
    0.4555   -0.8288   -0.3251
    0.5390    0.5473   -0.6403
    0.7086    0.1164    0.6960
...    86 T-A ...
  -68.5526 -170.4086  132.1159
    0.6630   -0.4485   -0.5994
    0.2162    0.8813   -0.4202
    0.7167    0.1490    0.6813
...    87 A-T ...
  -66.0980 -169.8009  134.2134
    0.5704    0.0687   -0.8185
   -0.1650    0.9858   -0.0322
    0.8047    0.1534    0.5736
...    88 A-T ...
  -63.4607 -169.4553  135.8405
    0.3162    0.5375   -0.7817
   -0.4190    0.8184    0.3933
    0.8512    0.2032    0.4840
...    89 C-G ...
  -60.2753 -169.1336  136.8047
   -0.0163    0.8642   -0.5029
   -0.5045    0.4272    0.7504
    0.8633    0.2660    0.4290
...    90 G-C ...
  -57.7719 -167.6033  138.2220
   -0.4421    0.8837   -0.1536
   -0.3448   -0.0094    0.9386
    0.8281    0.4679    0.3088
...    91 G-C ...
  -55.5617 -165.2563  139.0197
   -0.6557    0.6880    0.3110
    0.0243   -0.3924    0.9195
    0.7546    0.6105    0.2406
...    92 A-T ...
  -53.1408 -163.0377  139.5520
   -0.5037    0.3261    0.8000
    0.4352   -0.7041    0.5611
    0.7462    0.6308    0.2128
...    93 T-A ...
  -51.1604 -160.4036  139.9206
   -0.1699   -0.0483    0.9843
    0.6367   -0.7678    0.0722
    0.7522    0.6389    0.1612
...    94 A-T ...
  -48.3561 -158.3726  140.1611
    0.3743   -0.4848    0.7905
    0.5677   -0.5542   -0.6087
    0.7332    0.6767    0.0678
...    95 A-T ...
  -46.1271 -156.0493  140.4083
    0.6674   -0.6824    0.2981
    0.2118   -0.2099   -0.9545
    0.7139    0.7002    0.0044
...    96 C-G ...
  -43.7890 -153.6845  140.9829
    0.6726   -0.6910   -0.2648
   -0.2010    0.1739   -0.9640
    0.7122    0.7016   -0.0219
...    97 A-T ...
  -41.4171 -151.3725  140.8977
    0.3691   -0.5364   -0.7590
   -0.5599    0.5235   -0.6423
    0.7418    0.6620   -0.1071
...    98 C-G ...
  -38.5405 -149.7125  140.6248
   -0.0049   -0.2285   -0.9735
   -0.6710    0.7226   -0.1662
    0.7414    0.6524   -0.1568
...    99 T-A ...
  -35.6240 -147.8802  139.7341
   -0.4608    0.1409   -0.8763
   -0.5444    0.7349    0.4044
    0.7009    0.6634   -0.2619
...   100 T-A ...
  -33.2850 -145.9687  138.5519
   -0.7060    0.5121   -0.4893
   -0.1822    0.5362    0.8242
    0.6844    0.6710   -0.2853
...   101 T-A ...
  -31.1550 -143.8345  137.4020
   -0.7161    0.6954    0.0607
    0.2535    0.1781    0.9508
    0.6504    0.6962   -0.3039
...   102 A-T ...
  -29.0470 -141.3899  136.4678
   -0.4560    0.6397    0.6187
    0.6481   -0.2378    0.7235
    0.6100    0.7309   -0.3062
...   103 T-A ...
  -27.6683 -138.8110  134.9922
   -0.1088    0.4376    0.8926
    0.8033   -0.4902    0.3382
    0.5856    0.7538   -0.2982
...   104 G-C ...
  -25.9226 -136.1169  134.1589
    0.3502   -0.0157    0.9365
    0.7270   -0.6259   -0.2823
    0.5906    0.7798   -0.2078
...   105 C-G ...
  -24.1115 -133.3620  133.7927
    0.6842   -0.3755    0.6252
    0.4032   -0.5195   -0.7533
    0.6077    0.7675   -0.2040
...   106 T-A ...
  -22.0580 -130.6090  133.5359
    0.7813   -0.6178    0.0895
   -0.0462   -0.2002   -0.9787
    0.6225    0.7605   -0.1849
...   107 T-A ...
  -20.0192 -128.1655  133.1384
    0.6020   -0.6501   -0.4636
   -0.4779    0.1717   -0.8615
    0.6396    0.7402   -0.2074
...   108 C-G ...
  -17.7167 -125.8591  132.5310
    0.1783   -0.4804   -0.8588
   -0.7366    0.5136   -0.4402
    0.6525    0.7110   -0.2623
...   109 C-G ...
  -15.4909 -123.5546  131.8068
   -0.3156   -0.2483   -0.9158
   -0.7257    0.6850    0.0643
    0.6114    0.6849   -0.3964
...   110 G-C ...
  -13.9049 -121.3161  130.4249
   -0.7147    0.0323   -0.6987
   -0.4507    0.7427    0.4953
    0.5349    0.6689   -0.5162
...   111 G-C ...
  -12.4697 -119.2452  128.2077
   -0.8868    0.3724   -0.2738
    0.0325    0.6411    0.7667
    0.4611    0.6710   -0.5807
...   112 C-G ...
  -11.4158 -117.2032  125.7463
   -0.7443    0.6326    0.2142
    0.5235    0.3534    0.7752
    0.4147    0.6892   -0.5942
...   113 T-A ...
  -10.2874 -114.9916  123.5635
   -0.3773    0.6968    0.6101
    0.8489   -0.0031    0.5285
    0.3702    0.7173   -0.5903
...   114 C-G ...
   -9.0297 -112.5048  121.8283
    0.1777    0.5486    0.8170
    0.9276   -0.3707    0.0472
    0.3287    0.7494   -0.5748
...   115 G-C ...
   -7.5310 -110.2614  119.9098
    0.6676    0.1941    0.7188
    0.6583   -0.6048   -0.4481
    0.3478    0.7723   -0.5315
...   116 T-A ...
   -6.4629 -107.3945  118.6747
    0.9028   -0.1804    0.3904
    0.2080   -0.6114   -0.7635
    0.3765    0.7704   -0.5145
...   117 A-T ...
   -5.0965 -104.5617  117.3542
    0.8347   -0.5424   -0.0957
   -0.3465   -0.3821   -0.8567
    0.4281    0.7482   -0.5069
...   118 T-A ...
   -3.3673 -102.0135  116.3146
    0.5547   -0.6518   -0.5171
   -0.7216   -0.0675   -0.6890
    0.4142    0.7554   -0.5078
...   119 A-T ...
   -2.1980  -99.4799  114.4394
    0.0024   -0.5948   -0.8039
   -0.9045    0.3415   -0.2554
    0.4265    0.7277   -0.5372
...   120 A-T ...
   -0.5589  -97.3334  112.6497
   -0.5186   -0.3284   -0.7894
   -0.7494    0.6192    0.2347
    0.4117    0.7133   -0.5672
...   121 T-A ...
    1.1524  -95.4728  110.4790
   -0.8327    0.0328   -0.5528
   -0.3747    0.7016    0.6061
    0.4077    0.7118   -0.5720
...   122 G-C ...
    2.4388  -93.1655  108.2407
   -0.9316    0.3606   -0.0456
    0.1805    0.5679    0.8031
    0.3155    0.7399   -0.5942
...   123 T-A ...
    3.1513  -90.9694  105.9257
   -0.7270    0.5781    0.3705
    0.6203    0.3216    0.7154
    0.2944    0.7499   -0.5924
...   124 G-C ...
    3.9305  -88.4116  103.9172
   -0.2710    0.5943    0.7572
    0.9324   -0.0334    0.3599
    0.2392    0.8036   -0.5450
...   125 T-A ...
    4.1820  -85.8119  102.0423
    0.2359    0.4542    0.8591
    0.9425   -0.3223   -0.0884
    0.2368    0.8305   -0.5041
...   126 C-G ...
    4.9067  -83.1142  100.5635
    0.7415    0.1848    0.6450
    0.6333   -0.5104   -0.5818
    0.2217    0.8399   -0.4954
...   127 G-C ...
    6.0536  -80.6613   98.6712
    0.9211   -0.2215    0.3201
    0.1785   -0.4906   -0.8529
    0.3460    0.8427   -0.4124
...   128 A-T ...
    7.0782  -77.9501   97.3970
    0.8506   -0.4689   -0.2379
   -0.3978   -0.2780   -0.8743
    0.3438    0.8384   -0.4230
...   129 C-G ...
    8.6422  -75.1332   96.6618
    0.4988   -0.5774   -0.6464
   -0.7828    0.0201   -0.6220
    0.3721    0.8162   -0.4420
...   130 C-G ...
   10.4486  -72.6690   95.1343
   -0.0220   -0.5574   -0.8299
   -0.9122    0.3509   -0.2115
    0.4091    0.7524   -0.5162
...   131 A-T ...
   11.1246  -69.8837   93.3807
   -0.5714   -0.3067   -0.7612
   -0.7305    0.6128    0.3015
    0.3739    0.7283   -0.5742
...   132 A-T ...
   12.4103  -67.6585   91.3301
   -0.8838    0.1005   -0.4569
   -0.2749    0.6785    0.6812
    0.3785    0.7277   -0.5721
...   133 A-T ...
   13.6988  -65.5521   89.1646
   -0.8607    0.5090    0.0087
    0.2880    0.4728    0.8328
    0.4198    0.7193   -0.5535
...   134 T-A ...
   14.7283  -63.4122   86.8245
   -0.5924    0.6746    0.4405
    0.6886    0.1400    0.7115
    0.4183    0.7248   -0.5474
...   135 G-C ...
   15.7211  -61.4788   83.9377
    0.0342    0.7399    0.6718
    0.8637   -0.3601    0.3526
    0.5028    0.5682   -0.6514
...   136 T-A ...
   15.7739  -59.5464   80.8036
    0.5516    0.4996    0.6680
    0.6739   -0.7388   -0.0038
    0.4916    0.4523   -0.7442
...   137 G-C ...
   16.8280  -57.7076   78.2738
    0.8528   -0.0847    0.5152
    0.1508   -0.9047   -0.3984
    0.4999    0.4175   -0.7588
...   138 A-T ...
   18.4176  -55.5141   76.5362
    0.8547   -0.5007    0.1370
   -0.3189   -0.7148   -0.6224
    0.4096    0.4883   -0.7706
...   139 G-C ...
   20.4152  -54.2945   74.5496
    0.5847   -0.7389   -0.3350
   -0.7594   -0.3532   -0.5465
    0.2854    0.5739   -0.7676
...   140 C-G ...
   21.4163  -51.8107   72.7950
    0.1305   -0.7142   -0.6876
   -0.8897    0.2217   -0.3991
    0.4375    0.6639   -0.6065
...   141 G-C ...
   22.1406  -50.1330   67.4725
   -0.4682   -0.8748    0.1248
   -0.8495    0.4067   -0.3362
    0.2434   -0.2634   -0.9335
...   142 C-G ...
   22.3377  -51.2252   64.5019
   -0.8529   -0.5117   -0.1032
   -0.4974    0.8566   -0.1372
    0.1587   -0.0657   -0.9851
...   143 T-A ...
   24.0059  -51.6201   61.9332
   -0.9563    0.0399   -0.2897
    0.0522    0.9980   -0.0348
    0.2877   -0.0484   -0.9565
...   144 C-G ...
   24.8857  -52.7207   58.9948
   -0.7530    0.5560   -0.3520
    0.5213    0.8304    0.1966
    0.4016   -0.0355   -0.9151
...   145 A-T ...
   25.5173  -52.9610   55.8127
   -0.2442    0.9563   -0.1609
    0.8907    0.2867    0.3528
    0.3835   -0.0571   -0.9218
...   146 C-G ...
   25.2677  -52.4925   52.0870
    0.3203    0.9428   -0.0928
    0.8825   -0.2613    0.3910
    0.3444   -0.2071   -0.9157
...   147 A-T ...
   25.6133  -52.5732   48.6479
    0.8597    0.5097    0.0339
    0.4498   -0.7866    0.4230
    0.2423   -0.3484   -0.9055
