  147 base-pairs
...     1 T-A ...
    0.0000    0.0000    0.0000
    1.0000    0.0000    0.0000
    0.0000    1.0000    0.0000
    0.0000    0.0000    1.0000
...     2 G-C ...
   -0.5555   -1.1003    3.3981
    0.7749    0.6051    0.1828
   -0.5991    0.7953   -0.0929
   -0.2016   -0.0375    0.9787
...     3 T-A ...
   -0.6619   -3.0237    6.5348
    0.3046    0.9250    0.2271
   -0.8994    0.3578   -0.2510
   -0.3134   -0.1278    0.9410
...     4 G-C ...
   -1.1607   -3.8418    9.6940
   -0.3351    0.9421    0.0133
   -0.8752   -0.3061   -0.3746
   -0.3489   -0.1372    0.9271
...     5 A-T ...
   -1.3881   -3.6770   12.8999
   -0.7835    0.6162   -0.0801
   -0.5677   -0.7622   -0.3109
   -0.2527   -0.1981    0.9470
...     6 G-C ...
   -2.6236   -3.5448   15.7072
   -0.9923    0.0611   -0.1075
   -0.0294   -0.9610   -0.2748
   -0.1201   -0.2695    0.9555
...     7 C-G ...
   -2.3138   -3.7570   18.8866
   -0.8620   -0.4995   -0.0864
    0.5008   -0.8655    0.0073
   -0.0785   -0.0370    0.9962
...     8 G-C ...
   -3.9561   -6.8109   23.3205
   -0.2581   -0.3560   -0.8981
    0.6294   -0.7673    0.1233
   -0.7330   -0.5335    0.4221
...     9 C-G ...
   -6.1177   -8.9414   24.2385
    0.1143   -0.7320   -0.6716
    0.8123   -0.3203    0.4874
   -0.5720   -0.6013    0.5580
...    10 T-A ...
   -8.5041   -9.6771   26.0540
    0.4660   -0.8587   -0.2131
    0.6274    0.1508    0.7640
   -0.6239   -0.4897    0.6090
...    11 C-G ...
  -11.0625  -11.3174   27.2336
    0.6660   -0.6911    0.2808
    0.3382    0.6152    0.7121
   -0.6649   -0.3794    0.6435
...    12 A-T ...
  -13.0013  -13.1789   29.0658
    0.7188   -0.1490    0.6790
   -0.1787    0.9043    0.3876
   -0.6718   -0.4000    0.6235
...    13 C-G ...
  -14.1788  -15.9359   31.3399
    0.4052    0.2865    0.8682
   -0.5270    0.8492   -0.0343
   -0.7470   -0.4437    0.4951
...    14 A-T ...
  -15.9532  -18.1566   33.3080
   -0.1503    0.6873    0.7107
   -0.6106    0.5008   -0.6135
   -0.7776   -0.5261    0.3444
...    15 A-T ...
  -18.3003  -19.9872   34.6239
   -0.4926    0.8364    0.2405
   -0.3981    0.0291   -0.9169
   -0.7738   -0.5474    0.3186
...    16 T-A ...
  -20.6176  -21.6393   36.2828
   -0.6256    0.7372   -0.2551
   -0.0861   -0.3902   -0.9167
   -0.7754   -0.5515    0.3076
...    17 T-A ...
  -23.1385  -23.2880   37.4750
   -0.5517    0.4007   -0.7315
    0.2891   -0.7309   -0.6183
   -0.7824   -0.5525    0.2874
...    18 T-A ...
  -25.7812  -24.8695   38.4626
   -0.2709   -0.0562   -0.9610
    0.5484   -0.8295   -0.1061
   -0.7911   -0.5557    0.2556
...    19 A-T ...
  -28.5598  -26.6169   39.0142
    0.1806   -0.4238   -0.8876
    0.5764   -0.6856    0.4446
   -0.7970   -0.5919    0.1205
...    20 T-A ...
  -31.4464  -28.1656   38.8990
    0.4611   -0.6947   -0.5520
    0.4023   -0.3908    0.8279
   -0.7909   -0.6038    0.0993
...    21 T-A ...
  -34.0565  -30.0864   38.9193
    0.6185   -0.7858    0.0033
    0.0646    0.0550    0.9964
   -0.7831   -0.6161    0.0847
...    22 C-G ...
  -36.4978  -32.2595   39.0777
    0.5647   -0.5886    0.5785
   -0.3280    0.4832    0.8118
   -0.7573   -0.6481    0.0798
...    23 G-C ...
  -39.0501  -34.3187   39.7065
    0.3545   -0.1595    0.9214
   -0.6224    0.6951    0.3598
   -0.6978   -0.7010    0.1472
...    24 C-G ...
  -41.0305  -36.9364   40.2031
   -0.0199    0.2684    0.9631
   -0.7253    0.6591   -0.1987
   -0.6881   -0.7025    0.1815
...    25 A-T ...
  -43.4742  -39.1245   40.7285
   -0.3783    0.6490    0.6601
   -0.5993    0.3718   -0.7090
   -0.7055   -0.6638    0.2483
...    26 A-T ...
  -45.6185  -41.3341   41.7689
   -0.6627    0.7354    0.1413
   -0.2693   -0.0580   -0.9613
   -0.6988   -0.6751    0.2365
...    27 A-T ...
  -47.8660  -43.4429   42.7901
   -0.7016    0.5691   -0.4289
    0.1613   -0.4594   -0.8735
   -0.6941   -0.6820    0.2305
...    28 G-C ...
  -50.3128  -45.4649   43.7115
   -0.4646    0.2914   -0.8362
    0.5032   -0.6901   -0.5201
   -0.7287   -0.6624    0.1740
...    29 G-C ...
  -53.0127  -47.4136   44.2369
   -0.0534   -0.0626   -0.9966
    0.6591   -0.7519    0.0119
   -0.7501   -0.6562    0.0814
...    30 C-G ...
  -55.7545  -49.2603   44.2594
    0.3510   -0.4212   -0.8363
    0.5736   -0.6092    0.5475
   -0.7401   -0.6719    0.0277
...    31 C-G ...
  -58.3220  -51.4343   43.9169
    0.6700   -0.6156   -0.4148
    0.2776   -0.3104    0.9092
   -0.6885   -0.7243   -0.0371
...    32 G-C ...
  -60.4171  -54.0324   44.0163
    0.7903   -0.5924    0.1565
   -0.1617    0.0448    0.9858
   -0.5910   -0.8044   -0.0604
...    33 G-C ...
  -62.1313  -56.9052   43.5105
    0.6298   -0.4036    0.6636
   -0.5771    0.3286    0.7476
   -0.5198   -0.8539   -0.0260
...    34 C-G ...
  -63.4591  -59.9266   43.2408
    0.2409   -0.1214    0.9629
   -0.8356    0.4787    0.2694
   -0.4937   -0.8695    0.0139
...    35 C-G ...
  -64.8060  -63.0131   43.4358
   -0.2083    0.2262    0.9515
   -0.8481    0.4427   -0.2909
   -0.4871   -0.8677    0.0996
...    36 C-G ...
  -66.2570  -65.9855   44.0754
   -0.5956    0.4956    0.6321
   -0.6150    0.2249   -0.7558
   -0.5167   -0.8389    0.1708
...    37 G-C ...
  -68.2797  -68.6360   44.3582
   -0.7847    0.6141    0.0844
   -0.1983   -0.1197   -0.9728
   -0.5873   -0.7801    0.2157
...    38 A-T ...
  -70.2354  -71.1429   45.1612
   -0.7372    0.4443   -0.5091
    0.2963   -0.4645   -0.8345
   -0.6073   -0.7660    0.2108
...    39 C-G ...
  -72.5656  -73.2569   46.2199
   -0.4612    0.1513   -0.8743
    0.6334   -0.6339   -0.4438
   -0.6214   -0.7585    0.1965
...    40 A-T ...
  -74.5181  -75.8964   46.7421
    0.0364   -0.1698   -0.9848
    0.7696   -0.6239    0.1360
   -0.6375   -0.7628    0.1080
...    41 C-G ...
  -77.0460  -78.0439   46.7795
    0.4491   -0.4484   -0.7729
    0.6359   -0.4473    0.6290
   -0.6277   -0.7739    0.0843
...    42 G-C ...
  -78.8986  -80.7844   47.2444
    0.7962   -0.5217   -0.3065
    0.2744   -0.1402    0.9513
   -0.5392   -0.8416    0.0316
...    43 A-T ...
  -80.6575  -83.5387   47.2212
    0.8340   -0.4643    0.2982
   -0.2387    0.1836    0.9536
   -0.4975   -0.8664    0.0423
...    44 C-G ...
  -81.9426  -86.5483   46.8284
    0.6138   -0.2642    0.7439
   -0.6401    0.3850    0.6649
   -0.4621   -0.8843    0.0672
...    45 T-A ...
  -83.1070  -89.6337   47.0008
    0.2293    0.0435    0.9724
   -0.8796    0.4370    0.1879
   -0.4167   -0.8984    0.1385
...    46 T-A ...
  -84.2009  -92.6431   47.4811
   -0.2953    0.2964    0.9083
   -0.8624    0.3263   -0.3869
   -0.4111   -0.8976    0.1592
...    47 A-T ...
  -85.7049  -95.5593   48.0509
   -0.7200    0.4822    0.4991
   -0.5415    0.0596   -0.8386
   -0.4341   -0.8740    0.2182
...    48 C-G ...
  -86.9611  -98.3168   49.3966
   -0.8882    0.4591   -0.0154
   -0.0967   -0.2197   -0.9708
   -0.4491   -0.8608    0.2396
...    49 T-A ...
  -88.6271 -100.9725   50.4739
   -0.7879    0.3043   -0.5353
    0.3732   -0.4553   -0.8083
   -0.4897   -0.8367    0.2452
...    50 G-C ...
  -90.2290 -103.8371   50.9755
   -0.3964    0.0354   -0.9174
    0.7483   -0.5665   -0.3452
   -0.5319   -0.8233    0.1981
...    51 T-A ...
  -92.5001 -106.1897   51.6464
    0.0623   -0.2580   -0.9641
    0.8488   -0.4945    0.1871
   -0.5251   -0.8300    0.1881
...    52 A-T ...
  -94.0852 -109.0428   52.3828
    0.5743   -0.4894   -0.6563
    0.6445   -0.2242    0.7310
   -0.5049   -0.8428    0.1866
...    53 G-C ...
  -95.8581 -111.8239   52.6901
    0.8615   -0.4697   -0.1928
    0.2569    0.0758    0.9635
   -0.4379   -0.8796    0.1860
...    54 G-C ...
  -97.3099 -114.8644   52.9636
    0.9100   -0.2568    0.3254
   -0.2412    0.3104    0.9195
   -0.3371   -0.9153    0.2205
...    55 T-A ...
  -98.0468 -118.0529   53.1963
    0.6795   -0.0060    0.7336
   -0.6728    0.3937    0.6264
   -0.2926   -0.9192    0.2635
...    56 A-T ...
  -98.6179 -121.1900   54.1587
    0.2583    0.3534    0.8991
   -0.9441    0.2896    0.1575
   -0.2047   -0.8895    0.4084
...    57 T-A ...
  -98.5969 -124.1471   55.5522
   -0.2382    0.4743    0.8475
   -0.9516    0.0607   -0.3014
   -0.1944   -0.8782    0.4369
...    58 C-G ...
  -99.2176 -126.8846   57.2125
   -0.7378    0.4536    0.4999
   -0.6468   -0.2633   -0.7158
   -0.1930   -0.8514    0.4877
...    59 T-A ...
  -99.8377 -129.4683   59.1820
   -0.9599    0.2790    0.0278
   -0.1717   -0.5066   -0.8449
   -0.2217   -0.8158    0.5342
...    60 C-G ...
 -100.7268 -132.0424   61.0248
   -0.8759   -0.0825   -0.4754
    0.4270   -0.5916   -0.6839
   -0.2248   -0.8020    0.5534
...    61 G-C ...
 -101.2567 -134.9812   62.5311
   -0.4627   -0.3702   -0.8055
    0.8466   -0.4540   -0.2777
   -0.2629   -0.8105    0.5235
...    62 A-T ...
 -102.2034 -137.5630   64.3435
    0.1328   -0.5670   -0.8129
    0.9609   -0.1273    0.2458
   -0.2429   -0.8138    0.5279
...    63 G-C ...
 -103.2650 -140.2704   65.9416
    0.6320   -0.5028   -0.5898
    0.7524    0.2155    0.6225
   -0.1859   -0.8371    0.5144
...    64 C-G ...
 -104.1759 -143.1251   67.3523
    0.9476   -0.2523   -0.1959
    0.2972    0.4714    0.8303
   -0.1172   -0.8450    0.5217
...    65 T-A ...
 -104.4453 -146.0844   68.7830
    0.9736    0.1118    0.1991
   -0.2279    0.5326    0.8151
   -0.0149   -0.8390    0.5440
...    66 C-G ...
 -104.3572 -148.8305   70.5083
    0.6730    0.4681    0.5726
   -0.7373    0.3630    0.5698
    0.0588   -0.8057    0.5894
...    67 G-C ...
 -104.1331 -151.2496   72.7898
    0.1636    0.7236    0.6706
   -0.9731    0.0065    0.2304
    0.1624   -0.6902    0.7051
...    68 G-C ...
 -103.1798 -153.1494   75.4010
   -0.3917    0.6887    0.6102
   -0.9000   -0.4245   -0.0986
    0.1911   -0.5878    0.7861
...    69 G-C ...
 -102.4818 -154.5890   78.3770
   -0.8274    0.3938    0.4005
   -0.5340   -0.7725   -0.3435
    0.1742   -0.4981    0.8494
...    70 A-T ...
 -102.0156 -156.0481   81.2992
   -0.9812   -0.1489    0.1227
    0.0724   -0.8737   -0.4810
    0.1789   -0.4631    0.8681
...    71 T-A ...
 -101.6285 -156.9541   84.4786
   -0.7922   -0.6013   -0.1042
    0.5704   -0.6690   -0.4765
    0.2168   -0.4369    0.8730
...    72 C-G ...
 -101.0068 -158.3262   87.4208
   -0.2815   -0.8939   -0.3488
    0.9301   -0.1649   -0.3281
    0.2358   -0.4167    0.8779
...    73 C-G ...
 -100.4679 -159.6781   90.4818
    0.2640   -0.8146   -0.5165
    0.9248    0.3658   -0.1043
    0.2739   -0.4501    0.8499
...    74 G-C ...
  -99.2610 -160.7624   93.4082
    0.6942   -0.4210   -0.5839
    0.6055    0.7801    0.1575
    0.3891   -0.4629    0.7964
...    75 C-G ...
  -98.2359 -162.6142   95.9355
    0.8761    0.0936   -0.4730
    0.1327    0.8963    0.4231
    0.4636   -0.4334    0.7728
...    76 T-A ...
  -96.5439 -164.2527   98.2215
    0.7620    0.5793   -0.2896
   -0.3207    0.7260    0.6083
    0.5626   -0.3707    0.7390
...    77 T-A ...
  -94.5562 -165.4675  100.4305
    0.4194    0.9077    0.0151
   -0.6673    0.2969    0.6830
    0.6155   -0.2965    0.7302
...    78 T-A ...
  -92.3663 -166.2997  102.6293
   -0.0522    0.9441    0.3254
   -0.7656   -0.2470    0.5940
    0.6412   -0.2181    0.7357
...    79 A-T ...
  -90.0870 -166.5084  105.0396
   -0.5437    0.6888    0.4795
   -0.5658   -0.7228    0.3968
    0.6199   -0.0556    0.7827
...    80 A-T ...
  -88.0075 -166.3394  107.5235
   -0.7605    0.1598    0.6293
   -0.1382   -0.9869    0.0836
    0.6344   -0.0234    0.7726
...    81 C-G ...
  -86.0395 -165.7271  110.1592
   -0.7138   -0.3821    0.5869
    0.3020   -0.9241   -0.2343
    0.6319    0.0100    0.7750
...    82 A-T ...
  -83.8319 -165.9647  112.6029
   -0.4071   -0.8530    0.3266
    0.6788   -0.5218   -0.5167
    0.6112    0.0114    0.7914
...    83 C-G ...
  -82.2807 -165.7333  115.5765
    0.0280   -0.9995    0.0176
    0.7835    0.0110   -0.6213
    0.6208    0.0312    0.7834
...    84 T-A ...
  -80.4240 -165.7387  118.3345
    0.4237   -0.8415   -0.3351
    0.6307    0.5396   -0.5578
    0.6502    0.0250    0.7593
...    85 T-A ...
  -78.4920 -165.7807  120.9442
    0.7066   -0.3869   -0.5925
    0.2542    0.9202   -0.2977
    0.6604    0.0597    0.7485
...    86 T-A ...
  -76.3743 -165.7839  123.3821
    0.6953    0.1844   -0.6947
   -0.1947    0.9787    0.0650
    0.6919    0.0900    0.7164
...    87 A-T ...
  -73.7085 -165.8029  125.4046
    0.3300    0.6125   -0.7183
   -0.4897    0.7616    0.4245
    0.8070    0.2117    0.5513
...    88 T-A ...
  -70.7585 -165.4341  126.6954
    0.0015    0.8891   -0.4577
   -0.5758    0.3750    0.7265
    0.8176    0.2625    0.5125
...    89 G-C ...
  -68.0489 -164.1093  128.1572
   -0.4417    0.8931   -0.0853
   -0.4305   -0.1276    0.8936
    0.7871    0.4314    0.4408
...    90 C-G ...
  -65.5225 -162.2300  129.1281
   -0.6488    0.6608    0.3774
   -0.0800   -0.5524    0.8298
    0.7568    0.5081    0.4112
...    91 T-A ...
  -63.2182 -160.1477  130.2611
   -0.6268    0.2510    0.7376
    0.3248   -0.7764    0.5402
    0.7083    0.5782    0.4051
...    92 T-A ...
  -61.0794 -157.9603  131.3931
   -0.2820   -0.2087    0.9364
    0.6348   -0.7724    0.0190
    0.7194    0.5998    0.3503
...    93 C-G ...
  -58.8238 -155.8937  132.6240
    0.1725   -0.6135    0.7706
    0.6811   -0.4908   -0.5433
    0.7115    0.6186    0.3332
...    94 C-G ...
  -56.5970 -153.7053  133.9169
    0.4935   -0.8042    0.3313
    0.4667   -0.0766   -0.8811
    0.7339    0.5894    0.3375
...    95 G-C ...
  -54.1113 -151.5484  134.4947
    0.6072   -0.7552   -0.2469
    0.0776    0.3656   -0.9275
    0.7907    0.5441    0.2806
...    96 G-C ...
  -51.5209 -149.7569  135.6826
    0.4764   -0.4943   -0.7272
   -0.2821    0.6974   -0.6588
    0.8328    0.5190    0.1928
...    97 C-G ...
  -48.6515 -148.4019  136.5172
    0.1896   -0.0936   -0.9774
   -0.5031    0.8456   -0.1786
    0.8432    0.5255    0.1132
...    98 T-A ...
  -45.7141 -146.9516  136.6429
   -0.1824    0.2791   -0.9428
   -0.5162    0.7889    0.3334
    0.8368    0.5475    0.0002
...    99 C-G ...
  -43.0205 -145.1819  136.3885
   -0.5098    0.6221   -0.5942
   -0.3006    0.5184    0.8006
    0.8061    0.5868   -0.0773
...   100 G-C ...
  -40.6658 -142.8582  136.0586
   -0.7105    0.7005   -0.0664
    0.0789    0.1731    0.9817
    0.6992    0.6923   -0.1783
...   101 T-A ...
  -38.6877 -140.5295  134.8508
   -0.5985    0.6638    0.4486
    0.4520   -0.1825    0.8731
    0.6614    0.7253   -0.1908
...   102 A-T ...
  -36.5611 -138.0327  134.2980
   -0.2406    0.4126    0.8785
    0.7444   -0.5024    0.4398
    0.6229    0.7598   -0.1863
...   103 T-A ...
  -35.1138 -135.1597  133.5092
    0.1848    0.1211    0.9753
    0.7668   -0.6385   -0.0660
    0.6147    0.7601   -0.2108
...   104 C-G ...
  -33.1876 -132.5710  132.8915
    0.6037   -0.2737    0.7488
    0.5135   -0.5850   -0.6278
    0.6099    0.7634   -0.2126
...   105 A-T ...
  -31.1189 -130.1807  131.9231
    0.7514   -0.6036    0.2666
    0.0765   -0.3216   -0.9438
    0.6554    0.7296   -0.1955
...   106 T-A ...
  -28.9477 -127.6976  131.9487
    0.6929   -0.6781   -0.2451
   -0.3214    0.0138   -0.9468
    0.6454    0.7349   -0.2084
...   107 G-C ...
  -26.8156 -125.3293  131.0328
    0.3255   -0.6393   -0.6966
   -0.6500    0.3838   -0.6559
    0.6867    0.6663   -0.2906
...   108 T-A ...
  -24.1592 -123.5514  130.3016
   -0.0844   -0.3935   -0.9154
   -0.7292    0.6505   -0.2124
    0.6791    0.6496   -0.3419
...   109 T-A ...
  -21.8219 -121.6607  129.1298
   -0.4988   -0.0061   -0.8667
   -0.5625    0.7630    0.3184
    0.6593    0.6464   -0.3840
...   110 A-T ...
  -19.6968 -119.7774  127.3909
   -0.8172    0.2805   -0.5035
   -0.1931    0.6899    0.6977
    0.5431    0.6673   -0.5096
...   111 T-A ...
  -18.0284 -118.0346  125.1778
   -0.8196    0.5666   -0.0847
    0.2397    0.4735    0.8475
    0.5203    0.6743   -0.5239
...   112 A-T ...
  -16.5941 -115.7211  123.2710
   -0.5995    0.6660    0.4439
    0.6739    0.1208    0.7289
    0.4318    0.7361   -0.5212
...   113 A-T ...
  -15.4942 -113.2996  121.4072
   -0.1169    0.6272    0.7700
    0.8987   -0.2631    0.3508
    0.4226    0.7331   -0.5329
...   114 C-G ...
  -14.7196 -110.6193  119.6035
    0.3563    0.3919    0.8482
    0.8376   -0.5362   -0.1041
    0.4140    0.7476   -0.5194
...   115 G-C ...
  -13.0177 -108.3628  117.8550
    0.7229   -0.0313    0.6902
    0.5144   -0.6426   -0.5679
    0.4613    0.7656   -0.4485
...   116 G-C ...
  -11.5469 -105.6132  116.5866
    0.8520   -0.4225    0.3090
    0.0524   -0.5185   -0.8535
    0.5209    0.7434   -0.4196
...   117 A-T ...
   -9.8667 -103.1249  115.3015
    0.7098   -0.6664   -0.2282
   -0.4523   -0.1829   -0.8729
    0.5400    0.7228   -0.4313
...   118 T-A ...
   -7.7075 -100.8020  114.4397
    0.3875   -0.6735   -0.6294
   -0.7485    0.1687   -0.6413
    0.5382    0.7197   -0.4387
...   119 A-T ...
   -5.8868  -98.5178  112.8766
   -0.1460   -0.5257   -0.8381
   -0.8285    0.5279   -0.1868
    0.5406    0.6671   -0.5126
...   120 A-T ...
   -3.9596  -96.5777  111.1465
   -0.5895   -0.1614   -0.7915
   -0.6096    0.7318    0.3048
    0.5300    0.6622   -0.5298
...   121 T-A ...
   -1.9950  -94.9698  109.0709
   -0.8229    0.2079   -0.5288
   -0.2380    0.7190    0.6530
    0.5160    0.6632   -0.5422
...   122 G-C ...
   -0.5603  -92.6570  107.1576
   -0.8766    0.4807   -0.0215
    0.2633    0.5166    0.8147
    0.4027    0.7086   -0.5795
...   123 T-A ...
    0.3646  -90.5707  104.7772
   -0.6361    0.6489    0.4175
    0.6769    0.2095    0.7057
    0.3704    0.7315   -0.5724
...   124 G-C ...
    1.4951  -87.9673  103.0533
   -0.1972    0.5750    0.7940
    0.9279   -0.1520    0.3405
    0.3164    0.8039   -0.5036
...   125 T-A ...
    1.9057  -85.1585  101.3601
    0.2955    0.3926    0.8709
    0.9015   -0.4163   -0.1182
    0.3162    0.8201   -0.4770
...   126 C-G ...
    2.8715  -82.3898   99.9212
    0.7516    0.0561    0.6572
    0.5712   -0.5537   -0.6059
    0.3299    0.8308   -0.4482
...   127 G-C ...
    4.2314  -79.8658   98.2375
    0.9034   -0.3394    0.2621
    0.0804   -0.4663   -0.8810
    0.4212    0.8170   -0.3939
...   128 A-T ...
    5.6421  -77.1662   97.0576
    0.7710   -0.5700   -0.2841
   -0.4533   -0.1778   -0.8734
    0.4473    0.8022   -0.3955
...   129 C-G ...
    7.5364  -74.5901   96.2256
    0.4180   -0.5999   -0.6822
   -0.7807    0.1469   -0.6074
    0.4646    0.7865   -0.4069
...   130 C-G ...
    9.4149  -72.1555   94.8611
   -0.0986   -0.4911   -0.8655
   -0.8741    0.4585   -0.1606
    0.4757    0.7407   -0.4744
...   131 A-T ...
   10.8504  -69.6763   93.1949
   -0.6112   -0.2246   -0.7589
   -0.6603    0.6734    0.3324
    0.4364    0.7043   -0.5599
...   132 A-T ...
   12.3714  -67.6188   91.2002
   -0.8761    0.1869   -0.4445
   -0.2104    0.6812    0.7012
    0.4338    0.7078   -0.5575
...   133 A-T ...
   13.7252  -65.5023   89.1507
   -0.8496    0.5268    0.0240
    0.3092    0.4608    0.8319
    0.4273    0.7142   -0.5544
...   134 T-A ...
   14.7283  -63.4123   86.8245
   -0.5924    0.6746    0.4405
    0.6886    0.1400    0.7115
    0.4183    0.7248   -0.5474
...   135 G-C ...
   15.7212  -61.4789   83.9377
    0.0342    0.7399    0.6718
    0.8637   -0.3601    0.3526
    0.5028    0.5682   -0.6514
...   136 T-A ...
   15.7740  -59.5465   80.8036
    0.5516    0.4996    0.6680
    0.6739   -0.7388   -0.0038
    0.4916    0.4523   -0.7442
...   137 G-C ...
   16.8281  -57.7077   78.2738
    0.8528   -0.0847    0.5152
    0.1508   -0.9047   -0.3984
    0.4999    0.4175   -0.7588
...   138 A-T ...
   18.4176  -55.5142   76.5362
    0.8547   -0.5007    0.1370
   -0.3189   -0.7148   -0.6224
    0.4096    0.4883   -0.7706
...   139 G-C ...
   20.4153  -54.2946   74.5496
    0.5847   -0.7389   -0.3350
   -0.7594   -0.3532   -0.5465
    0.2854    0.5739   -0.7676
...   140 C-G ...
   21.4164  -51.8108   72.7950
    0.1305   -0.7142   -0.6876
   -0.8897    0.2217   -0.3991
    0.4375    0.6639   -0.6065
...   141 G-C ...
   22.1407  -50.1331   67.4725
   -0.4682   -0.8748    0.1248
   -0.8495    0.4067   -0.3362
    0.2434   -0.2634   -0.9335
...   142 C-G ...
   22.3378  -51.2253   64.5019
   -0.8529   -0.5117   -0.1032
   -0.4974    0.8566   -0.1372
    0.1587   -0.0657   -0.9851
...   143 T-A ...
   24.0060  -51.6202   61.9332
   -0.9563    0.0399   -0.2897
    0.0522    0.9980   -0.0348
    0.2877   -0.0484   -0.9565
...   144 C-G ...
   24.8857  -52.7208   58.9948
   -0.7530    0.5560   -0.3520
    0.5213    0.8304    0.1966
    0.4016   -0.0355   -0.9151
...   145 A-T ...
   25.5174  -52.9611   55.8127
   -0.2441    0.9563   -0.1609
    0.8907    0.2867    0.3528
    0.3835   -0.0571   -0.9218
...   146 C-G ...
   25.2678  -52.4926   52.0871
    0.3203    0.9428   -0.0928
    0.8825   -0.2613    0.3910
    0.3444   -0.2071   -0.9157
...   147 A-T ...
   25.6134  -52.5733   48.6479
    0.8597    0.5097    0.0339
    0.4498   -0.7866    0.4230
    0.2423   -0.3484   -0.9055
