  147 base-pairs
...     1 T-A ...
    0.0000    0.0000    0.0000
    1.0000    0.0000    0.0000
    0.0000    1.0000    0.0000
    0.0000    0.0000    1.0000
...     2 G-C ...
   -0.5555   -1.1003    3.3981
    0.7749    0.6051    0.1828
   -0.5991    0.7953   -0.0929
   -0.2016   -0.0375    0.9787
...     3 T-A ...
   -0.6619   -3.0237    6.5348
    0.3046    0.9250    0.2271
   -0.8994    0.3578   -0.2510
   -0.3134   -0.1278    0.9410
...     4 G-C ...
   -1.1607   -3.8418    9.6940
   -0.3351    0.9421    0.0133
   -0.8752   -0.3061   -0.3746
   -0.3489   -0.1372    0.9271
...     5 A-T ...
   -1.3881   -3.6770   12.8999
   -0.7835    0.6162   -0.0801
   -0.5677   -0.7622   -0.3109
   -0.2527   -0.1981    0.9470
...     6 G-C ...
   -2.6236   -3.5448   15.7072
   -0.9923    0.0611   -0.1075
   -0.0294   -0.9610   -0.2748
   -0.1201   -0.2695    0.9555
...     7 C-G ...
   -2.3138   -3.7570   18.8866
   -0.8620   -0.4995   -0.0864
    0.5008   -0.8655    0.0073
   -0.0785   -0.0370    0.9962
...     8 G-C ...
   -3.9561   -6.8109   23.3205
   -0.2581   -0.3560   -0.8981
    0.6294   -0.7673    0.1233
   -0.7330   -0.5335    0.4221
...     9 C-G ...
   -6.1177   -8.9414   24.2385
    0.1143   -0.7320   -0.6716
    0.8123   -0.3203    0.4874
   -0.5720   -0.6013    0.5580
...    10 T-A ...
   -8.5041   -9.6771   26.0540
    0.4660   -0.8587   -0.2131
    0.6274    0.1508    0.7640
   -0.6239   -0.4897    0.6090
...    11 C-G ...
  -11.0625  -11.3174   27.2336
    0.6660   -0.6911    0.2808
    0.3382    0.6152    0.7121
   -0.6649   -0.3794    0.6435
...    12 A-T ...
  -13.0013  -13.1789   29.0658
    0.7188   -0.1490    0.6790
   -0.1787    0.9043    0.3876
   -0.6718   -0.4000    0.6235
...    13 C-G ...
  -14.1788  -15.9359   31.3399
    0.4052    0.2865    0.8682
   -0.5270    0.8492   -0.0343
   -0.7470   -0.4437    0.4951
...    14 A-T ...
  -15.9532  -18.1566   33.3080
   -0.1503    0.6873    0.7107
   -0.6106    0.5008   -0.6135
   -0.7776   -0.5261    0.3444
...    15 A-T ...
  -18.2911  -19.9880   34.6364
   -0.4906    0.8360    0.2460
   -0.4025    0.0329   -0.9148
   -0.7728   -0.5478    0.3203
...    16 T-A ...
  -20.5963  -21.6469   36.3045
   -0.6270    0.7394   -0.2454
   -0.0936   -0.3843   -0.9185
   -0.7734   -0.5529    0.3101
...    17 T-A ...
  -23.1034  -23.2986   37.5203
   -0.5605    0.4079   -0.7207
    0.2813   -0.7247   -0.6290
   -0.7789   -0.5553    0.2915
...    18 T-A ...
  -25.7328  -24.8830   38.5349
   -0.2866   -0.0431   -0.9571
    0.5465   -0.8279   -0.1264
   -0.7869   -0.5592    0.2608
...    19 A-T ...
  -28.5185  -26.6038   39.0989
    0.1631   -0.3995   -0.9021
    0.5852   -0.6970    0.4144
   -0.7943   -0.5955    0.1201
...    20 T-A ...
  -31.4031  -28.1504   38.9974
    0.4496   -0.6762   -0.5836
    0.4212   -0.4157    0.8061
   -0.7877   -0.6083    0.0979
...    21 T-A ...
  -34.0050  -30.0776   39.0090
    0.6221   -0.7818   -0.0426
    0.0910    0.0182    0.9957
   -0.7776   -0.6233    0.0825
...    22 C-G ...
  -36.4180  -32.2729   39.1457
    0.5879   -0.6074    0.5342
   -0.3048    0.4455    0.8418
   -0.7493   -0.6578    0.0768
...    23 G-C ...
  -38.9040  -34.3969   39.7656
    0.3946   -0.1974    0.8974
   -0.6142    0.6698    0.4174
   -0.6834   -0.7159    0.1430
...    24 C-G ...
  -40.8192  -37.0600   40.2284
    0.0235    0.2208    0.9750
   -0.7413    0.6582   -0.1312
   -0.6707   -0.7197    0.1791
...    25 A-T ...
  -43.1778  -39.3229   40.7847
   -0.3456    0.6093    0.7137
   -0.6424    0.4007   -0.6532
   -0.6840   -0.6843    0.2529
...    26 A-T ...
  -45.2302  -41.6104   41.8378
   -0.6577    0.7196    0.2227
   -0.3282   -0.0077   -0.9446
   -0.6780   -0.6944    0.2412
...    27 A-T ...
  -47.3901  -43.7936   42.8863
   -0.7312    0.5873   -0.3471
    0.1054   -0.4055   -0.9080
   -0.6740   -0.7005    0.2346
...    28 G-C ...
  -49.7514  -45.8854   43.8519
   -0.5233    0.3409   -0.7810
    0.4672   -0.6517   -0.5975
   -0.7127   -0.6775    0.1818
...    29 G-C ...
  -52.3992  -47.8766   44.4437
   -0.1270    0.0059   -0.9919
    0.6592   -0.7467   -0.0888
   -0.7412   -0.6651    0.0909
...    30 C-G ...
  -55.1227  -49.7347   44.5377
    0.2857   -0.3567   -0.8895
    0.6143   -0.6442    0.4557
   -0.7355   -0.6766    0.0351
...    31 C-G ...
  -57.7019  -51.8914   44.2227
    0.6342   -0.5774   -0.5141
    0.3500   -0.3785    0.8569
   -0.6894   -0.7234   -0.0380
...    32 G-C ...
  -59.7684  -54.5007   44.2787
    0.8003   -0.5983    0.0394
   -0.0773   -0.0378    0.9963
   -0.5946   -0.8004   -0.0765
...    33 G-C ...
  -61.5087  -57.3358   43.6705
    0.6862   -0.4552    0.5673
   -0.5075    0.2591    0.8218
   -0.5210   -0.8519   -0.0532
...    34 C-G ...
  -62.8562  -60.3271   43.2580
    0.3301   -0.2045    0.9215
   -0.8055    0.4480    0.3880
   -0.4921   -0.8704   -0.0168
...    35 C-G ...
  -64.1673  -63.4349   43.2886
   -0.1104    0.1383    0.9842
   -0.8704    0.4645   -0.1629
   -0.4797   -0.8747    0.0691
...    36 C-G ...
  -65.5382  -66.4698   43.7914
   -0.5190    0.4352    0.7357
   -0.6894    0.2957   -0.6613
   -0.5054   -0.8504    0.1466
...    37 G-C ...
  -67.5300  -69.1307   44.0555
   -0.7571    0.6106    0.2323
   -0.3094   -0.0219   -0.9507
   -0.5754   -0.7917    0.2055
...    38 A-T ...
  -69.4297  -71.6767   44.8360
   -0.7789    0.5063   -0.3701
    0.1832   -0.3807   -0.9064
   -0.5998   -0.7738    0.2038
...    39 C-G ...
  -71.6733  -73.8430   45.9461
   -0.5580    0.2545   -0.7899
    0.5535   -0.5951   -0.5827
   -0.6183   -0.7623    0.1912
...    40 A-T ...
  -73.6536  -76.4635   46.4170
   -0.0933   -0.0558   -0.9941
    0.7544   -0.6556   -0.0341
   -0.6498   -0.7531    0.1032
...    41 C-G ...
  -76.2398  -78.5312   46.5276
    0.3262   -0.3661   -0.8715
    0.6904   -0.5376    0.4842
   -0.6458   -0.7596    0.0774
...    42 G-C ...
  -78.1186  -81.2553   46.9007
    0.7211   -0.5088   -0.4703
    0.3878   -0.2661    0.8825
   -0.5742   -0.8187    0.0054
...    43 A-T ...
  -80.0096  -83.9161   46.7851
    0.8375   -0.5324    0.1228
   -0.0995    0.0725    0.9924
   -0.5373   -0.8434    0.0077
...    44 C-G ...
  -81.5074  -86.7995   46.2223
    0.6905   -0.3853    0.6122
   -0.5187    0.3261    0.7903
   -0.5042   -0.8632    0.0253
...    45 T-A ...
  -82.8310  -89.8226   46.1793
    0.3654   -0.0959    0.9259
   -0.8115    0.4544    0.3674
   -0.4559   -0.8856    0.0883
...    46 T-A ...
  -84.0526  -92.8082   46.4405
   -0.1357    0.1912    0.9721
   -0.8821    0.4234   -0.2064
   -0.4511   -0.8855    0.1112
...    47 A-T ...
  -85.5662  -95.7141   46.9684
   -0.5688    0.4726    0.6731
   -0.6698    0.2087   -0.7126
   -0.4772   -0.8562    0.1979
...    48 C-G ...
  -86.8355  -98.4983   48.2079
   -0.8186    0.5367    0.2047
   -0.2931   -0.0839   -0.9524
   -0.4939   -0.8396    0.2260
...    49 T-A ...
  -88.5701 -101.0911   49.2970
   -0.8272    0.4531   -0.3323
    0.1573   -0.3810   -0.9111
   -0.5394   -0.8060    0.2439
...    50 G-C ...
  -90.4449 -103.7822   49.7897
   -0.5507    0.2094   -0.8080
    0.5825   -0.5969   -0.5518
   -0.5978   -0.7745    0.2067
...    51 T-A ...
  -92.8646 -105.9122   50.6237
   -0.1596   -0.1241   -0.9793
    0.7844   -0.6183   -0.0495
   -0.5994   -0.7761    0.1961
...    52 A-T ...
  -94.6607 -108.6397   51.3437
    0.3513   -0.4731   -0.8080
    0.7268   -0.4063    0.5539
   -0.5903   -0.7818    0.2011
...    53 T-A ...
  -96.9850 -110.9778   51.4864
    0.6687   -0.6139   -0.4195
    0.4582   -0.1042    0.8827
   -0.5856   -0.7825    0.2116
...    54 C-G ...
  -98.9290 -113.5469   52.0654
    0.8388   -0.5213    0.1568
   -0.0083    0.2759    0.9612
   -0.5444   -0.8075    0.2271
...    55 A-T ...
 -100.6881 -116.2721   52.8591
    0.7675   -0.1704    0.6181
   -0.4757    0.4950    0.7271
   -0.4298   -0.8520    0.2989
...    56 T-A ...
 -101.5980 -119.3491   53.4711
    0.4498    0.1248    0.8843
   -0.7940    0.5092    0.3320
   -0.4089   -0.8515    0.3282
...    57 G-C ...
 -102.8830 -122.0924   54.8679
    0.0043    0.5003    0.8658
   -0.9303    0.3196   -0.1801
   -0.3668   -0.8047    0.4668
...    58 T-A ...
 -103.5011 -124.7368   56.7013
   -0.4545    0.6296    0.6301
   -0.8120   -0.0021   -0.5836
   -0.3661   -0.7769    0.5122
...    59 T-A ...
 -104.4913 -127.1760   58.5910
   -0.8328    0.5182    0.1948
   -0.4246   -0.3720   -0.8254
   -0.3553   -0.7701    0.5299
...    60 A-T ...
 -105.7845 -129.8746   60.0956
   -0.9238    0.1704   -0.3430
    0.1660   -0.6288   -0.7596
   -0.3451   -0.7586    0.5526
...    61 T-A ...
 -107.1705 -131.8670   62.3529
   -0.7203   -0.1959   -0.6654
    0.6138   -0.6269   -0.4798
   -0.3232   -0.7541    0.5718
...    62 A-T ...
 -107.8144 -134.6019   64.2172
   -0.1853   -0.5912   -0.7849
    0.9397   -0.3403    0.0344
   -0.2874   -0.7312    0.6187
...    63 A-T ...
 -109.0414 -136.8929   66.1811
    0.3759   -0.7015   -0.6055
    0.8858    0.0803    0.4570
   -0.2719   -0.7081    0.6516
...    64 C-G ...
 -110.3769 -139.3621   67.9308
    0.7882   -0.5349   -0.3044
    0.5681    0.4421    0.6941
   -0.2367   -0.7200    0.6523
...    65 G-C ...
 -111.0588 -141.5665   70.3385
    0.9953   -0.0966    0.0071
    0.0599    0.6709    0.7392
   -0.0762   -0.7353    0.6735
...    66 G-C ...
 -111.1412 -144.2819   72.3245
    0.8844    0.3620    0.2948
   -0.4641    0.6142    0.6383
    0.0500   -0.7013    0.7111
...    67 A-T ...
 -110.8048 -146.5497   74.6079
    0.4660    0.7030    0.5372
   -0.8773    0.2883    0.3837
    0.1149   -0.6501    0.7511
...    68 G-C ...
 -110.0216 -148.5835   77.0629
   -0.0522    0.8141    0.5783
   -0.9863   -0.1326    0.0977
    0.1563   -0.5653    0.8099
...    69 G-C ...
 -109.1936 -149.9770   80.0169
   -0.5779    0.6706    0.4651
   -0.7991   -0.5808   -0.1553
    0.1660   -0.4614    0.8715
...    70 T-A ...
 -108.3174 -150.9348   83.0542
   -0.9107    0.2795    0.3040
   -0.3787   -0.8590   -0.3447
    0.1648   -0.4290    0.8881
...    71 A-T ...
 -107.7764 -152.7820   85.8262
   -0.9311   -0.3567    0.0755
    0.2867   -0.8442   -0.4529
    0.2253   -0.4001    0.8883
...    72 T-A ...
 -107.3717 -153.5359   89.0392
   -0.6420   -0.7556   -0.1296
    0.7215   -0.5384   -0.4353
    0.2592   -0.3730    0.8909
...    73 C-G ...
 -106.6043 -154.6859   92.0286
   -0.0866   -0.9305   -0.3558
    0.9563    0.0225   -0.2915
    0.2792   -0.3655    0.8879
...    74 T-A ...
 -105.9469 -156.0347   94.9854
    0.4122   -0.7652   -0.4945
    0.8536    0.5141   -0.0841
    0.3186   -0.3874    0.8651
...    75 C-G ...
 -105.0132 -157.3127   97.8497
    0.8097   -0.3083   -0.4994
    0.4508    0.8715    0.1930
    0.3757   -0.3814    0.8446
...    76 G-C ...
 -103.6727 -158.3031  100.7274
    0.8420    0.2609   -0.4722
   -0.0471    0.9075    0.4173
    0.5374   -0.3292    0.7764
...    77 A-T ...
 -101.8452 -159.4122  103.1454
    0.6185    0.7494   -0.2364
   -0.4977    0.6064    0.6202
    0.6081   -0.2659    0.7480
...    78 G-C ...
  -99.5325 -160.2555  105.3027
    0.2142    0.9767    0.0122
   -0.7143    0.1481    0.6840
    0.6663   -0.1553    0.7294
...    79 C-G ...
  -96.9668 -160.4098  107.3330
   -0.2395    0.9179    0.3164
   -0.6833   -0.3908    0.6167
    0.6897   -0.0685    0.7208
...    80 T-A ...
  -94.5379 -160.1899  109.5392
   -0.5978    0.5911    0.5415
   -0.4149   -0.8062    0.4219
    0.6859    0.0275    0.7271
...    81 C-G ...
  -92.4213 -159.8357  112.0094
   -0.7286    0.0118    0.6849
    0.0415   -0.9973    0.0613
    0.6837    0.0731    0.7261
...    82 G-C ...
  -90.2308 -160.0451  114.5090
   -0.5982   -0.5577    0.5754
    0.4823   -0.8241   -0.2972
    0.6399    0.0997    0.7619
...    83 G-C ...
  -88.2517 -159.5299  117.1948
   -0.2522   -0.9216    0.2949
    0.7347   -0.3808   -0.5615
    0.6298    0.0750    0.7731
...    84 G-C ...
  -86.3013 -159.1205  119.9197
    0.1609   -0.9822   -0.0967
    0.7387    0.1848   -0.6482
    0.6546    0.0329    0.7553
...    85 A-T ...
  -84.2692 -158.8809  122.4718
    0.5404   -0.6928   -0.4775
    0.4832    0.7201   -0.4979
    0.6888    0.0383    0.7240
...    86 T-A ...
  -82.2602 -159.3319  125.0223
    0.6936   -0.2458   -0.6771
    0.1399    0.9680   -0.2081
    0.7066    0.0496    0.7059
...    87 C-G ...
  -79.9431 -159.2517  127.2978
    0.5878    0.3384   -0.7348
   -0.2803    0.9372    0.2074
    0.7589    0.0841    0.6457
...    88 C-G ...
  -77.1504 -159.2221  129.1624
    0.2442    0.7512   -0.6132
   -0.5219    0.6348    0.5698
    0.8173    0.1809    0.5471
...    89 G-C ...
  -74.4790 -158.1779  130.8426
   -0.2143    0.9240   -0.3168
   -0.5060    0.1724    0.8451
    0.8355    0.3414    0.4305
...    90 C-G ...
  -71.6463 -156.7480  131.6985
   -0.5033    0.8510    0.1498
   -0.2695   -0.3193    0.9085
    0.8210    0.4169    0.3901
...    91 T-A ...
  -69.0215 -154.9980  132.6624
   -0.6147    0.5389    0.5760
    0.0855   -0.6804    0.7278
    0.7841    0.4966    0.3722
...    92 T-A ...
  -66.5584 -153.1026  133.6303
   -0.4230    0.0760    0.9030
    0.4328   -0.8585    0.2749
    0.7961    0.5071    0.3303
...    93 T-A ...
  -64.1484 -151.1193  134.5873
   -0.0445   -0.3994    0.9157
    0.5927   -0.7484   -0.2976
    0.8042    0.5295    0.2700
...    94 A-T ...
  -61.1597 -149.5694  134.9783
    0.4114   -0.7437    0.5269
    0.4503   -0.3368   -0.8269
    0.7925    0.5775    0.1963
...    95 A-T ...
  -58.7219 -147.6008  135.8622
    0.6205   -0.7834   -0.0352
    0.1067    0.1288   -0.9859
    0.7769    0.6080    0.1635
...    96 C-G ...
  -56.1634 -145.8193  136.9342
    0.5591   -0.6254   -0.5443
   -0.2423    0.5045   -0.8287
    0.7929    0.5953    0.1305
...    97 A-T ...
  -53.5569 -143.7725  137.2337
    0.2208   -0.3262   -0.9191
   -0.5035    0.7690   -0.3939
    0.8353    0.5498    0.0056
...    98 C-G ...
  -50.5408 -142.5418  137.2316
   -0.1191    0.0671   -0.9906
   -0.5387    0.8337    0.1212
    0.8340    0.5481   -0.0631
...    99 T-A ...
  -47.7030 -140.9960  136.6575
   -0.4616    0.4151   -0.7839
   -0.3755    0.7092    0.5967
    0.8037    0.5698   -0.1715
...   100 T-A ...
  -45.1102 -139.2695  135.8205
   -0.6285    0.7069   -0.3244
   -0.0434    0.3845    0.9221
    0.7766    0.5936   -0.2110
...   101 T-A ...
  -42.6908 -137.3700  134.8186
   -0.5627    0.7908    0.2409
    0.3300   -0.0523    0.9425
    0.7579    0.6099   -0.2315
...   102 A-T ...
  -40.2761 -135.2125  134.0711
   -0.3034    0.5889    0.7491
    0.6265   -0.4690    0.6225
    0.7179    0.6582   -0.2267
...   103 T-A ...
  -38.4484 -132.6669  133.0142
    0.0673    0.2847    0.9562
    0.6983   -0.6980    0.1587
    0.7126    0.6571   -0.2458
...   104 G-C ...
  -35.9201 -130.6600  132.3101
    0.4145   -0.2011    0.8876
    0.5515   -0.7203   -0.4207
    0.7239    0.6639   -0.1876
...   105 C-G ...
  -33.7119 -128.2164  131.9248
    0.6289   -0.5769    0.5213
    0.2361   -0.4972   -0.8349
    0.7408    0.6481   -0.1765
...   106 T-A ...
  -31.2402 -126.0372  131.6568
    0.6254   -0.7801    0.0198
   -0.1269   -0.1267   -0.9838
    0.7699    0.6128   -0.1782
...   107 T-A ...
  -28.7001 -124.0464  131.3438
    0.4444   -0.7195   -0.5337
   -0.4683    0.3213   -0.8231
    0.7637    0.6157   -0.1941
...   108 C-G ...
  -26.1460 -122.1147  130.7372
    0.0535   -0.4395   -0.8967
   -0.6397    0.6744   -0.3687
    0.7668    0.5933   -0.2450
...   109 C-G ...
  -23.3664 -120.4677  129.8057
   -0.3749   -0.0904   -0.9226
   -0.5600    0.8153    0.1476
    0.7389    0.5720   -0.3563
...   110 G-C ...
  -21.1826 -118.3610  128.4524
   -0.7202    0.2681   -0.6399
   -0.2422    0.7671    0.5940
    0.6502    0.5828   -0.4875
...   111 G-C ...
  -19.2313 -116.5977  126.3323
   -0.8032    0.5671   -0.1824
    0.1987    0.5437    0.8155
    0.5616    0.6187   -0.5493
...   112 C-G ...
  -17.7435 -114.6453  124.1254
   -0.6010    0.7375    0.3080
    0.6141    0.1795    0.7685
    0.5115    0.6511   -0.5608
...   113 T-A ...
  -16.4421 -112.3970  122.0785
   -0.2244    0.6888    0.6893
    0.8558   -0.1990    0.4775
    0.4661    0.6971   -0.5448
...   114 C-G ...
  -15.0591 -109.9965  120.3337
    0.3062    0.4324    0.8481
    0.8354   -0.5492   -0.0217
    0.4564    0.7152   -0.5294
...   115 G-C ...
  -13.2120 -107.8463  118.5887
    0.6766   -0.0056    0.7363
    0.5403   -0.6756   -0.5016
    0.5003    0.7372   -0.4541
...   116 T-A ...
  -11.8060 -105.0369  117.5207
    0.8490   -0.3679    0.3793
    0.1116   -0.5768   -0.8092
    0.5165    0.7293   -0.4486
...   117 A-T ...
  -10.1188 -102.7202  115.8222
    0.7337   -0.6600   -0.1617
   -0.4148   -0.2465   -0.8759
    0.5382    0.7097   -0.4546
...   118 T-A ...
   -7.9832 -100.3967  114.8986
    0.4256   -0.6985   -0.5753
   -0.7286    0.1126   -0.6757
    0.5367    0.7067   -0.4609
...   119 A-T ...
   -6.1946  -98.1362  113.2547
   -0.1072   -0.5656   -0.8177
   -0.8333    0.4997   -0.2363
    0.5423    0.6561   -0.5249
...   120 A-T ...
   -4.2535  -96.2252  111.5040
   -0.5610   -0.2046   -0.8021
   -0.6329    0.7306    0.2563
    0.5336    0.6515   -0.5393
...   121 T-A ...
   -2.2517  -94.6579  109.4287
   -0.8095    0.1734   -0.5610
   -0.2703    0.7381    0.6182
    0.5213    0.6520   -0.5506
...   122 G-C ...
   -0.7847  -92.3815  107.4923
   -0.8814    0.4681   -0.0632
    0.2328    0.5471    0.8041
    0.4110    0.6940   -0.5912
...   123 T-A ...
    0.1894  -90.3628  105.0699
   -0.6538    0.6549    0.3790
    0.6549    0.2389    0.7170
    0.3790    0.7170   -0.5851
...   124 G-C ...
    1.3600  -87.8048  103.2993
   -0.2212    0.5970    0.7712
    0.9201   -0.1344    0.3680
    0.3233    0.7909   -0.5195
...   125 T-A ...
    1.7957  -85.0424  101.5361
    0.2729    0.4189    0.8661
    0.9064   -0.4137   -0.0855
    0.3225    0.8083   -0.4926
...   126 C-G ...
    2.7861  -82.3091  100.0425
    0.7374    0.0773    0.6710
    0.5862   -0.5666   -0.5791
    0.3354    0.8204   -0.4631
...   127 G-C ...
    4.1826  -79.8221   98.3218
    0.9002   -0.3288    0.2856
    0.0981   -0.4859   -0.8685
    0.4243    0.8098   -0.4052
...   128 A-T ...
    5.6094  -77.1439   97.1022
    0.7775   -0.5718   -0.2618
   -0.4399   -0.1970   -0.8762
    0.4494    0.7964   -0.4047
...   129 C-G ...
    7.5081  -74.5725   96.2457
    0.4284   -0.6091   -0.6674
   -0.7741    0.1335   -0.6188
    0.4660    0.7818   -0.4143
...   130 C-G ...
    9.3886  -72.1459   94.8615
   -0.0891   -0.5018   -0.8604
   -0.8741    0.4534   -0.1740
    0.4774    0.7366   -0.4790
...   131 A-T ...
   10.8230  -69.6671   93.1875
   -0.6059   -0.2309   -0.7613
   -0.6638    0.6742    0.3239
    0.4385    0.7016   -0.5617
...   132 A-T ...
   12.3544  -67.6137   91.1949
   -0.8742    0.1848   -0.4490
   -0.2138    0.6837    0.6977
    0.4359    0.7060   -0.5582
...   133 A-T ...
   13.7192  -65.4994   89.1501
   -0.8497    0.5269    0.0216
    0.3077    0.4621    0.8317
    0.4283    0.7133   -0.5547
...   134 T-A ...
   14.7282  -63.4123   86.8244
   -0.5924    0.6746    0.4405
    0.6886    0.1400    0.7115
    0.4183    0.7248   -0.5474
...   135 G-C ...
   15.7210  -61.4789   83.9377
    0.0342    0.7399    0.6718
    0.8637   -0.3601    0.3526
    0.5028    0.5682   -0.6514
...   136 T-A ...
   15.7738  -59.5465   80.8036
    0.5516    0.4996    0.6680
    0.6739   -0.7388   -0.0038
    0.4916    0.4523   -0.7442
...   137 G-C ...
   16.8279  -57.7076   78.2737
    0.8528   -0.0847    0.5152
    0.1508   -0.9047   -0.3984
    0.4999    0.4175   -0.7588
...   138 A-T ...
   18.4174  -55.5142   76.5362
    0.8547   -0.5007    0.1370
   -0.3189   -0.7148   -0.6224
    0.4096    0.4883   -0.7706
...   139 G-C ...
   20.4151  -54.2946   74.5496
    0.5847   -0.7389   -0.3350
   -0.7594   -0.3532   -0.5465
    0.2854    0.5739   -0.7676
...   140 C-G ...
   21.4162  -51.8108   72.7949
    0.1305   -0.7142   -0.6876
   -0.8897    0.2217   -0.3991
    0.4375    0.6639   -0.6065
...   141 G-C ...
   22.1405  -50.1331   67.4724
   -0.4682   -0.8748    0.1248
   -0.8495    0.4067   -0.3362
    0.2434   -0.2634   -0.9335
...   142 C-G ...
   22.3376  -51.2253   64.5018
   -0.8529   -0.5117   -0.1032
   -0.4974    0.8566   -0.1372
    0.1587   -0.0657   -0.9851
...   143 T-A ...
   24.0058  -51.6202   61.9332
   -0.9563    0.0399   -0.2897
    0.0522    0.9980   -0.0348
    0.2877   -0.0484   -0.9565
...   144 C-G ...
   24.8855  -52.7207   58.9947
   -0.7530    0.5560   -0.3520
    0.5213    0.8304    0.1966
    0.4016   -0.0355   -0.9151
...   145 A-T ...
   25.5172  -52.9610   55.8127
   -0.2442    0.9563   -0.1609
    0.8907    0.2867    0.3528
    0.3835   -0.0571   -0.9218
...   146 C-G ...
   25.2676  -52.4925   52.0870
    0.3203    0.9428   -0.0928
    0.8825   -0.2613    0.3910
    0.3444   -0.2071   -0.9157
...   147 A-T ...
   25.6132  -52.5733   48.6478
    0.8597    0.5097    0.0339
    0.4498   -0.7866    0.4230
    0.2423   -0.3484   -0.9055
