  147 base-pairs
...     1 T-A ...
    0.0000    0.0000    0.0000
    1.0000    0.0000    0.0000
    0.0000    1.0000    0.0000
    0.0000    0.0000    1.0000
...     2 G-C ...
   -0.5555   -1.1003    3.3981
    0.7749    0.6051    0.1828
   -0.5991    0.7953   -0.0929
   -0.2016   -0.0375    0.9787
...     3 T-A ...
   -0.6619   -3.0237    6.5348
    0.3046    0.9250    0.2271
   -0.8994    0.3578   -0.2510
   -0.3134   -0.1278    0.9410
...     4 G-C ...
   -1.1607   -3.8418    9.6940
   -0.3351    0.9421    0.0133
   -0.8752   -0.3061   -0.3746
   -0.3489   -0.1372    0.9271
...     5 A-T ...
   -1.3881   -3.6770   12.8999
   -0.7835    0.6162   -0.0801
   -0.5677   -0.7622   -0.3109
   -0.2527   -0.1981    0.9470
...     6 G-C ...
   -2.6236   -3.5448   15.7072
   -0.9923    0.0611   -0.1075
   -0.0294   -0.9610   -0.2748
   -0.1201   -0.2695    0.9555
...     7 C-G ...
   -2.3138   -3.7570   18.8866
   -0.8620   -0.4995   -0.0864
    0.5008   -0.8655    0.0073
   -0.0785   -0.0370    0.9962
...     8 G-C ...
   -3.9561   -6.8109   23.3205
   -0.2581   -0.3560   -0.8981
    0.6294   -0.7673    0.1233
   -0.7330   -0.5335    0.4221
...     9 C-G ...
   -6.1177   -8.9414   24.2385
    0.1143   -0.7320   -0.6716
    0.8123   -0.3203    0.4874
   -0.5720   -0.6013    0.5580
...    10 T-A ...
   -8.5041   -9.6771   26.0540
    0.4660   -0.8587   -0.2131
    0.6274    0.1508    0.7640
   -0.6239   -0.4897    0.6090
...    11 C-G ...
  -11.0625  -11.3174   27.2336
    0.6660   -0.6911    0.2808
    0.3382    0.6152    0.7121
   -0.6649   -0.3794    0.6435
...    12 A-T ...
  -13.0013  -13.1789   29.0658
    0.7188   -0.1490    0.6790
   -0.1787    0.9043    0.3876
   -0.6718   -0.4000    0.6235
...    13 C-G ...
  -14.1788  -15.9359   31.3399
    0.4052    0.2865    0.8682
   -0.5270    0.8492   -0.0343
   -0.7470   -0.4437    0.4951
...    14 A-T ...
  -15.9532  -18.1566   33.3080
   -0.1503    0.6873    0.7107
   -0.6106    0.5008   -0.6135
   -0.7776   -0.5261    0.3444
...    15 A-T ...
  -18.3605  -19.9976   34.4454
   -0.4618    0.8556    0.2339
   -0.3988    0.0352   -0.9163
   -0.7922   -0.5165    0.3250
...    16 T-A ...
  -20.7415  -21.6271   36.2225
   -0.6337    0.7221   -0.2776
   -0.0747   -0.4143   -0.9071
   -0.7700   -0.5540    0.3165
...    17 T-A ...
  -23.2668  -23.2357   37.5883
   -0.5811    0.3271   -0.7452
    0.3235   -0.7474   -0.5803
   -0.7467   -0.5783    0.3285
...    18 T-A ...
  -25.7889  -24.9310   38.6563
   -0.2723   -0.1041   -0.9566
    0.5835   -0.8083   -0.0782
   -0.7651   -0.5794    0.2809
...    19 A-T ...
  -28.2859  -26.9336   39.3048
    0.1671   -0.4152   -0.8942
    0.6203   -0.6607    0.4227
   -0.7663   -0.6254    0.1472
...    20 T-A ...
  -31.1632  -28.5635   39.3075
    0.4627   -0.6830   -0.5652
    0.4518   -0.3668    0.8132
   -0.7627   -0.6316    0.1388
...    21 T-A ...
  -33.7453  -30.5793   39.4304
    0.6471   -0.7619   -0.0282
    0.1110    0.0576    0.9921
   -0.7543   -0.6451    0.1218
...    22 C-G ...
  -36.1427  -32.7848   39.7481
    0.6234   -0.5696    0.5356
   -0.2925    0.4654    0.8354
   -0.7251   -0.6775    0.1236
...    23 G-C ...
  -38.5748  -34.8682   40.7846
    0.4539   -0.1241    0.8824
   -0.6280    0.6580    0.4156
   -0.6321   -0.7428    0.2207
...    24 C-G ...
  -40.3505  -37.5394   41.4115
    0.0970    0.2773    0.9559
   -0.7729    0.6260   -0.1032
   -0.6270   -0.7288    0.2750
...    25 A-T ...
  -42.7239  -39.7062   42.1328
   -0.3153    0.6239    0.7151
   -0.6986    0.3574   -0.6198
   -0.6423   -0.6950    0.3232
...    26 A-T ...
  -44.7163  -41.9865   43.3946
   -0.6560    0.7128    0.2482
   -0.4030   -0.0527   -0.9137
   -0.6382   -0.6994    0.3219
...    27 A-T ...
  -46.6375  -44.2068   44.7959
   -0.7830    0.5388   -0.3108
    0.0555   -0.4372   -0.8976
   -0.6195   -0.7201    0.3125
...    28 G-C ...
  -48.9123  -46.2775   46.1489
   -0.6028    0.2697   -0.7510
    0.4445   -0.6681   -0.5967
   -0.6627   -0.6935    0.2828
...    29 G-C ...
  -51.4783  -48.3557   47.0916
   -0.2018   -0.0839   -0.9758
    0.6960   -0.7133   -0.0826
   -0.6891   -0.6958    0.2023
...    30 C-G ...
  -54.0506  -50.3216   47.5328
    0.2438   -0.4072   -0.8802
    0.6850   -0.5702    0.4535
   -0.6865   -0.7135    0.1399
...    31 C-G ...
  -56.5987  -52.4733   47.8586
    0.6308   -0.5849   -0.5099
    0.4399   -0.2718    0.8559
   -0.6392   -0.7642    0.0859
...    32 G-C ...
  -58.3178  -54.9418   48.2131
    0.8353   -0.5485   -0.0366
    0.0551    0.0173    0.9983
   -0.5470   -0.8360    0.0447
...    33 G-C ...
  -59.6682  -58.0189   48.0762
    0.7710   -0.3931    0.5011
   -0.4239    0.2705    0.8644
   -0.4753   -0.8788    0.0419
...    34 C-G ...
  -60.8471  -61.0657   47.9565
    0.4482   -0.1395    0.8830
   -0.7807    0.4202    0.4626
   -0.4356   -0.8966    0.0794
...    35 C-G ...
  -61.8383  -64.2859   48.4256
   -0.0174    0.1661    0.9860
   -0.9142    0.3967   -0.0830
   -0.4049   -0.9028    0.1449
...    36 C-G ...
  -62.9671  -67.3299   49.1502
   -0.4845    0.3955    0.7803
   -0.7821    0.2037   -0.5889
   -0.3918   -0.8956    0.2106
...    37 G-C ...
  -64.7074  -70.2119   49.1626
   -0.8011    0.5050    0.3213
   -0.3994   -0.0512   -0.9153
   -0.4458   -0.8616    0.2427
...    38 A-T ...
  -66.0197  -72.9635   49.9527
   -0.8829    0.3868   -0.2661
    0.1430   -0.3181   -0.9372
   -0.4472   -0.8655    0.2255
...    39 C-G ...
  -67.8128  -75.4237   50.9928
   -0.6699    0.2061   -0.7133
    0.5665   -0.4791   -0.6705
   -0.4799   -0.8532    0.2042
...    40 A-T ...
  -69.5624  -78.1762   51.5756
   -0.2024   -0.0276   -0.9789
    0.8380   -0.5221   -0.1586
   -0.5067   -0.8524    0.1288
...    41 C-G ...
  -71.6545  -80.7252   51.6585
    0.2616   -0.2461   -0.9333
    0.8248   -0.4452    0.3486
   -0.5013   -0.8609    0.0865
...    42 G-C ...
  -72.9089  -83.7386   52.1511
    0.7158   -0.3852   -0.5825
    0.5320   -0.2396    0.8122
   -0.4524   -0.8912    0.0335
...    43 A-T ...
  -74.4544  -86.4743   52.2696
    0.8980   -0.4398   -0.0143
    0.0379    0.0449    0.9983
   -0.4384   -0.8970    0.0570
...    44 C-G ...
  -75.7539  -89.4527   51.7243
    0.8182   -0.2952    0.4934
   -0.4345    0.2446    0.8668
   -0.3766   -0.9236    0.0719
...    45 T-A ...
  -76.4858  -92.9718   51.6400
    0.4714   -0.0531    0.8803
   -0.8141    0.3577    0.4575
   -0.3391   -0.9323    0.1254
...    46 T-A ...
  -77.2364  -96.0913   51.8970
    0.0414    0.1535    0.9873
   -0.9464    0.3229   -0.0105
   -0.3204   -0.9339    0.1586
...    47 A-T ...
  -78.0104  -99.1680   52.7535
   -0.3946    0.4345    0.8096
   -0.8531    0.1542   -0.4985
   -0.3415   -0.8874    0.3098
...    48 C-G ...
  -78.6692 -102.0086   54.3342
   -0.7687    0.4778    0.4251
   -0.5367   -0.1206   -0.8351
   -0.3478   -0.8701    0.3492
...    49 T-A ...
  -79.6763 -104.6985   56.0557
   -0.9087    0.4087   -0.0849
   -0.0946   -0.3998   -0.9117
   -0.4066   -0.8204    0.4019
...    50 G-C ...
  -81.2327 -107.3958   57.2513
   -0.7693    0.1771   -0.6139
    0.4220   -0.5806   -0.6963
   -0.4797   -0.7947    0.3719
...    51 T-A ...
  -83.1458 -109.5723   58.6130
   -0.4462   -0.1303   -0.8854
    0.7493   -0.5954   -0.2900
   -0.4894   -0.7928    0.3633
...    52 A-T ...
  -84.4215 -112.3807   59.7965
    0.0963   -0.4691   -0.8779
    0.8730   -0.3839    0.3009
   -0.4782   -0.7953    0.3726
...    53 G-C ...
  -86.2008 -114.8369   60.9306
    0.5417   -0.5335   -0.6496
    0.7260   -0.0925    0.6814
   -0.4236   -0.8407    0.3372
...    54 G-C ...
  -88.1581 -117.8736   61.3611
    0.8724   -0.4288   -0.2346
    0.3444    0.1988    0.9175
   -0.3468   -0.8813    0.3211
...    55 T-A ...
  -89.2024 -120.8687   61.9678
    0.9436   -0.2296    0.2385
   -0.1351    0.3907    0.9106
   -0.3022   -0.8914    0.3376
...    56 A-T ...
  -89.7137 -124.2435   62.6005
    0.7625    0.1502    0.6293
   -0.6263    0.4150    0.6599
   -0.1620   -0.8974    0.4105
...    57 T-A ...
  -89.6526 -127.3478   63.5827
    0.3787    0.3752    0.8461
   -0.9170    0.2758    0.2882
   -0.1252   -0.8850    0.4485
...    58 C-G ...
  -89.7187 -130.3297   65.2755
   -0.2428    0.5093    0.8256
   -0.9644   -0.0350   -0.2621
   -0.1046   -0.8599    0.4997
...    59 T-A ...
  -89.8658 -132.9723   67.1909
   -0.6941    0.4791    0.5373
   -0.7096   -0.3300   -0.6225
   -0.1210   -0.8134    0.5690
...    60 C-G ...
  -90.7564 -135.5059   68.9843
   -0.9737    0.2148    0.0760
   -0.1957   -0.6178   -0.7616
   -0.1166   -0.7564    0.6436
...    61 G-C ...
  -91.2704 -138.2877   70.5954
   -0.9258   -0.1131   -0.3606
    0.3368   -0.6796   -0.6517
   -0.1714   -0.7248    0.6673
...    62 A-T ...
  -91.6532 -140.7650   72.7402
   -0.5450   -0.4968   -0.6754
    0.8230   -0.4710   -0.3176
   -0.1604   -0.7289    0.6656
...    63 G-C ...
  -92.3012 -143.1300   74.9179
   -0.0284   -0.6705   -0.7414
    0.9919   -0.1109    0.0623
   -0.1239   -0.7336    0.6682
...    64 C-G ...
  -93.1469 -145.6227   77.1011
    0.5529   -0.5826   -0.5958
    0.8289    0.3109    0.4652
   -0.0858   -0.7510    0.6547
...    65 T-A ...
  -93.6529 -148.2562   79.0744
    0.8971   -0.2879   -0.3352
    0.4418    0.5775    0.6865
   -0.0041   -0.7639    0.6453
...    66 C-G ...
  -93.6548 -150.9391   81.1052
    0.9897    0.1380    0.0379
   -0.1186    0.6429    0.7567
    0.0801   -0.7534    0.6526
...    67 G-C ...
  -93.1213 -153.0044   83.4513
    0.7770    0.5433    0.3181
   -0.5927    0.4610    0.6604
    0.2121   -0.7017    0.6802
...    68 G-C ...
  -92.0608 -155.2661   85.6091
    0.3278    0.7738    0.5420
   -0.9050    0.0926    0.4152
    0.2711   -0.6266    0.7307
...    69 G-C ...
  -90.7018 -156.9914   88.1648
   -0.2313    0.7748    0.5884
   -0.9194   -0.3719    0.1282
    0.3181   -0.5113    0.7984
...    70 A-T ...
  -89.4318 -158.4607   90.8254
   -0.7266    0.4196    0.5441
   -0.6000   -0.7733   -0.2049
    0.3348   -0.4753    0.8136
...    71 T-A ...
  -88.1245 -159.4331   93.7053
   -0.9321   -0.0388    0.3602
   -0.1335   -0.8874   -0.4412
    0.3367   -0.4593    0.8220
...    72 C-G ...
  -87.1053 -160.7182   96.6376
   -0.8123   -0.5810    0.0504
    0.4542   -0.6845   -0.5703
    0.3659   -0.4403    0.8199
...    73 C-G ...
  -86.1130 -162.1359   99.4456
   -0.4753   -0.8272   -0.2997
    0.8151   -0.2858   -0.5040
    0.3313   -0.4839    0.8100
...    74 G-C ...
  -84.5938 -163.7843  101.8076
    0.0344   -0.8090   -0.5868
    0.9370    0.2303   -0.2626
    0.3476   -0.5408    0.7659
...    75 C-G ...
  -83.8441 -165.6878  104.6002
    0.5491   -0.5185   -0.6555
    0.7354    0.6723    0.0842
    0.3971   -0.5283    0.7505
...    76 T-A ...
  -82.8016 -167.7640  107.1032
    0.8310   -0.0253   -0.5557
    0.3059    0.8551    0.4185
    0.4646   -0.5178    0.7183
...    77 T-A ...
  -81.2343 -169.7259  109.1276
    0.8359    0.4729   -0.2786
   -0.2027    0.7378    0.6439
    0.5101   -0.4818    0.7126
...    78 T-A ...
  -79.4530 -171.2207  111.3132
    0.5371    0.8431    0.0250
   -0.6020    0.3624    0.7115
    0.5909   -0.3972    0.7022
...    79 A-T ...
  -77.0646 -172.0992  113.5537
   -0.0157    0.9753    0.2205
   -0.7373   -0.1603    0.6563
    0.6754   -0.1522    0.7216
...    80 A-T ...
  -74.7709 -172.3222  115.6769
   -0.4477    0.7545    0.4800
   -0.5771   -0.6538    0.4894
    0.6830   -0.0579    0.7281
...    81 C-G ...
  -72.2659 -171.8329  117.8292
   -0.6753    0.3043    0.6718
   -0.2324   -0.9523    0.1978
    0.6999   -0.0226    0.7139
...    82 A-T ...
  -70.1086 -171.7719  120.3742
   -0.7109   -0.2978    0.6371
    0.2233   -0.9546   -0.1971
    0.6669    0.0021    0.7452
...    83 C-G ...
  -68.2137 -171.1558  123.1505
   -0.4809   -0.7542    0.4471
    0.5662   -0.6565   -0.4985
    0.6695    0.0134    0.7427
...    84 T-A ...
  -66.4065 -170.8090  126.3192
   -0.0665   -0.9894    0.1292
    0.7206   -0.1372   -0.6796
    0.6901    0.0479    0.7221
...    85 T-A ...
  -64.4642 -170.6532  128.9286
    0.3988   -0.8822   -0.2502
    0.6046    0.4581   -0.6516
    0.6895    0.1086    0.7161
...    86 T-A ...
  -62.4238 -170.4383  131.4779
    0.6916   -0.4478   -0.5667
    0.2357    0.8816   -0.4090
    0.6828    0.1493    0.7152
...    87 T-A ...
  -60.2488 -170.1024  133.8805
    0.6720    0.1342   -0.7283
   -0.2082    0.9780   -0.0120
    0.7107    0.1597    0.6851
...    88 C-G ...
  -57.9414 -169.2798  135.9512
    0.3440    0.6294   -0.6968
   -0.5290    0.7430    0.4100
    0.7758    0.2275    0.5886
...    89 A-T ...
  -54.8927 -168.8437  137.5026
   -0.0970    0.8717   -0.4804
   -0.5439    0.3578    0.7591
    0.8335    0.3349    0.4394
...    90 T-A ...
  -52.0283 -167.6813  138.4198
   -0.4152    0.9053   -0.0897
   -0.4026   -0.0944    0.9105
    0.8158    0.4142    0.4037
...    91 G-C ...
  -49.3254 -165.8875  139.5298
   -0.6560    0.6372    0.4044
   -0.0312   -0.5583    0.8290
    0.7541    0.5312    0.3862
...    92 T-A ...
  -46.9592 -163.6239  140.3493
   -0.5688    0.2409    0.7864
    0.3483   -0.7956    0.4956
    0.7451    0.5558    0.3686
...    93 T-A ...
  -44.6534 -161.6146  141.3760
   -0.2199   -0.2213    0.9501
    0.6265   -0.7786   -0.0363
    0.7477    0.5872    0.3099
...    94 A-T ...
  -41.8350 -159.7600  142.1569
    0.3169   -0.6314    0.7077
    0.5845   -0.4577   -0.6700
    0.7470    0.6260    0.2240
...    95 T-A ...
  -39.8247 -157.4997  143.3812
    0.5971   -0.7501    0.2844
    0.3269   -0.0962   -0.9401
    0.7325    0.6543    0.1878
...    96 A-T ...
  -37.3774 -155.1422  143.6315
    0.6713   -0.6442   -0.3665
   -0.1397    0.3756   -0.9162
    0.7279    0.6662    0.1622
...    97 A-T ...
  -35.0120 -153.1116  144.2307
    0.4609   -0.3621   -0.8102
   -0.5018    0.6467   -0.5745
    0.7320    0.6713    0.1164
...    98 C-G ...
  -32.1710 -151.3976  144.7838
    0.0836    0.0018   -0.9965
   -0.6765    0.7343   -0.0554
    0.7316    0.6788    0.0626
...    99 G-C ...
  -30.1403 -148.8701  144.5533
   -0.4203    0.2139   -0.8818
   -0.5989    0.6647    0.4467
    0.6817    0.7158   -0.1513
...   100 G-C ...
  -28.2769 -146.4429  143.3326
   -0.7557    0.4216   -0.5012
   -0.2431    0.5300    0.8124
    0.6081    0.7358   -0.2980
...   101 A-T ...
  -26.4284 -144.0458  142.0086
   -0.8028    0.5922    0.0692
    0.2548    0.2358    0.9378
    0.5391    0.7705   -0.3402
...   102 A-T ...
  -24.9089 -141.5031  140.6215
   -0.5237    0.6211    0.5830
    0.6725   -0.1186    0.7305
    0.5229    0.7747   -0.3556
...   103 T-A ...
  -23.7946 -138.7710  139.0271
   -0.0879    0.4851    0.8700
    0.8532   -0.4140    0.3171
    0.5141    0.7702   -0.3775
...   104 G-C ...
  -22.2888 -136.0256  137.9300
    0.4026    0.0661    0.9130
    0.7513   -0.5936   -0.2883
    0.5229    0.8020   -0.2886
...   105 C-G ...
  -20.6945 -133.1889  137.3004
    0.7405   -0.2918    0.6054
    0.3958   -0.5387   -0.7437
    0.5432    0.7903   -0.2834
...   106 T-A ...
  -18.8416 -130.3337  136.7680
    0.8236   -0.5614    0.0808
   -0.0845   -0.2623   -0.9613
    0.5609    0.7849   -0.2635
...   107 T-A ...
  -16.9857 -127.8008  136.1167
    0.6171   -0.6400   -0.4579
   -0.5311    0.0906   -0.8424
    0.5806    0.7630   -0.2840
...   108 C-G ...
  -14.8615 -125.4068  135.2487
    0.1646   -0.5184   -0.8392
   -0.7877    0.4430   -0.4282
    0.5937    0.7315   -0.3354
...   109 C-G ...
  -12.8138 -123.0372  134.2586
   -0.3435   -0.3155   -0.8846
   -0.7604    0.6462    0.0647
    0.5512    0.6949   -0.4619
...   110 G-C ...
  -11.4311 -120.7890  132.6839
   -0.7461   -0.0418   -0.6645
   -0.4680    0.7429    0.4787
    0.4736    0.6682   -0.5738
...   111 G-C ...
  -10.2055 -118.7608  130.3014
   -0.9160    0.3137   -0.2502
    0.0325    0.6794    0.7330
    0.3999    0.6633   -0.6325
...   112 C-G ...
   -9.3518 -116.7964  127.7030
   -0.7656    0.6053    0.2178
    0.5373    0.4154    0.7340
    0.3538    0.6790   -0.6433
...   113 T-A ...
   -8.4240 -114.6376  125.3740
   -0.3857    0.7063    0.5936
    0.8687    0.0613    0.4915
    0.3107    0.7053   -0.6372
...   114 C-G ...
   -7.3645 -112.1856  123.4556
    0.1832    0.5929    0.7841
    0.9445   -0.3274    0.0269
    0.2727    0.7357   -0.6200
...   115 G-C ...
   -6.0364 -109.9706  121.3788
    0.6829    0.2527    0.6854
    0.6677   -0.5967   -0.4452
    0.2965    0.7616   -0.5762
...   116 T-A ...
   -5.1320 -107.1162  119.9937
    0.9216   -0.1278    0.3666
    0.2078   -0.6353   -0.7438
    0.3279    0.7616   -0.5589
...   117 A-T ...
   -3.9117 -104.2879  118.5211
    0.8514   -0.5153   -0.0974
   -0.3556   -0.4307   -0.8295
    0.3855    0.7409   -0.5500
...   118 T-A ...
   -2.3051 -101.7259  117.3281
    0.5639   -0.6531   -0.5054
   -0.7368   -0.1213   -0.6652
    0.3731    0.7474   -0.5496
...   119 A-T ...
   -1.2760  -99.2313  115.3184
    0.0019   -0.6244   -0.7811
   -0.9221    0.3011   -0.2430
    0.3870    0.7207   -0.5752
...   120 A-T ...
    0.2480  -97.1010  113.4102
   -0.5262   -0.3711   -0.7651
   -0.7634    0.6026    0.2328
    0.3746    0.7065   -0.6004
...   121 T-A ...
    1.8528  -95.2629  111.1365
   -0.8454   -0.0095   -0.5340
   -0.3823    0.7089    0.5927
    0.3730    0.7053   -0.6029
...   122 G-C ...
    3.0324  -92.9916  108.8068
   -0.9412    0.3359   -0.0368
    0.1817    0.5948    0.7831
    0.2849    0.7303   -0.6208
...   123 T-A ...
    3.6625  -90.8480  106.4146
   -0.7332    0.5712    0.3690
    0.6257    0.3544    0.6949
    0.2662    0.7404   -0.6172
...   124 G-C ...
    4.3554  -88.3305  104.3206
   -0.2710    0.6069    0.7471
    0.9388   -0.0047    0.3443
    0.2125    0.7947   -0.5685
...   125 T-A ...
    4.5223  -85.7745  102.3797
    0.2398    0.4788    0.8445
    0.9474   -0.3052   -0.0960
    0.2117    0.8232   -0.5269
...   126 C-G ...
    5.1686  -83.0982  100.8261
    0.7469    0.2136    0.6297
    0.6347   -0.5111   -0.5795
    0.1981    0.8325   -0.5174
...   127 G-C ...
    6.2515  -80.6573   98.8758
    0.9267   -0.2017    0.3170
    0.1793   -0.5040   -0.8449
    0.3302    0.8398   -0.4309
...   128 A-T ...
    7.2350  -77.9564   97.5455
    0.8555   -0.4611   -0.2356
   -0.3997   -0.2987   -0.8666
    0.3292    0.8356   -0.4398
...   129 C-G ...
    8.7563  -75.1303   96.7570
    0.5026   -0.5816   -0.6397
   -0.7864   -0.0002   -0.6178
    0.3591    0.8135   -0.4574
...   130 C-G ...
   10.5237  -72.6686   95.1772
   -0.0195   -0.5693   -0.8219
   -0.9170    0.3378   -0.2122
    0.3984    0.7495   -0.5286
...   131 A-T ...
   11.1503  -69.8784   93.4055
   -0.5724   -0.3139   -0.7575
   -0.7330    0.6099    0.3012
    0.3674    0.7277   -0.5792
...   132 A-T ...
   12.4204  -67.6568   91.3382
   -0.8850    0.0970   -0.4553
   -0.2756    0.6790    0.6804
    0.3752    0.7277   -0.5742
...   133 A-T ...
   13.7008  -65.5520   89.1675
   -0.8615    0.5076    0.0090
    0.2879    0.4740    0.8321
    0.4181    0.7195   -0.5545
...   134 T-A ...
   14.7283  -63.4123   86.8246
   -0.5924    0.6746    0.4405
    0.6886    0.1400    0.7115
    0.4183    0.7248   -0.5474
...   135 G-C ...
   15.7212  -61.4788   83.9378
    0.0342    0.7399    0.6718
    0.8637   -0.3601    0.3526
    0.5028    0.5682   -0.6514
...   136 T-A ...
   15.7740  -59.5465   80.8037
    0.5516    0.4996    0.6680
    0.6739   -0.7388   -0.0038
    0.4916    0.4523   -0.7442
...   137 G-C ...
   16.8281  -57.7076   78.2738
    0.8528   -0.0847    0.5152
    0.1508   -0.9047   -0.3984
    0.4999    0.4175   -0.7588
...   138 A-T ...
   18.4176  -55.5142   76.5363
    0.8547   -0.5007    0.1370
   -0.3189   -0.7148   -0.6224
    0.4096    0.4883   -0.7706
...   139 G-C ...
   20.4153  -54.2946   74.5497
    0.5847   -0.7389   -0.3350
   -0.7594   -0.3532   -0.5465
    0.2854    0.5739   -0.7676
...   140 C-G ...
   21.4164  -51.8108   72.7950
    0.1305   -0.7142   -0.6876
   -0.8897    0.2217   -0.3991
    0.4375    0.6639   -0.6065
...   141 G-C ...
   22.1407  -50.1331   67.4725
   -0.4682   -0.8748    0.1248
   -0.8495    0.4067   -0.3362
    0.2434   -0.2634   -0.9335
...   142 C-G ...
   22.3378  -51.2252   64.5020
   -0.8529   -0.5117   -0.1032
   -0.4974    0.8566   -0.1372
    0.1587   -0.0657   -0.9851
...   143 T-A ...
   24.0060  -51.6202   61.9333
   -0.9563    0.0399   -0.2897
    0.0522    0.9980   -0.0348
    0.2877   -0.0484   -0.9565
...   144 C-G ...
   24.8857  -52.7207   58.9948
   -0.7530    0.5560   -0.3520
    0.5213    0.8304    0.1966
    0.4016   -0.0355   -0.9151
...   145 A-T ...
   25.5174  -52.9610   55.8128
   -0.2441    0.9563   -0.1609
    0.8907    0.2867    0.3528
    0.3835   -0.0571   -0.9218
...   146 C-G ...
   25.2678  -52.4925   52.0871
    0.3203    0.9428   -0.0928
    0.8825   -0.2613    0.3910
    0.3444   -0.2071   -0.9157
...   147 A-T ...
   25.6134  -52.5733   48.6480
    0.8597    0.5097    0.0339
    0.4498   -0.7866    0.4230
    0.2423   -0.3484   -0.9055
