  147 base-pairs
...     1 T-A ...
    0.0000    0.0000    0.0000
    1.0000    0.0000    0.0000
    0.0000    1.0000    0.0000
    0.0000    0.0000    1.0000
...     2 G-C ...
   -0.5555   -1.1003    3.3981
    0.7749    0.6051    0.1828
   -0.5991    0.7953   -0.0929
   -0.2016   -0.0375    0.9787
...     3 T-A ...
   -0.6619   -3.0237    6.5348
    0.3046    0.9250    0.2271
   -0.8994    0.3578   -0.2510
   -0.3134   -0.1278    0.9410
...     4 G-C ...
   -1.1607   -3.8418    9.6940
   -0.3351    0.9421    0.0133
   -0.8752   -0.3061   -0.3746
   -0.3489   -0.1372    0.9271
...     5 A-T ...
   -1.3881   -3.6770   12.8999
   -0.7835    0.6162   -0.0801
   -0.5677   -0.7622   -0.3109
   -0.2527   -0.1981    0.9470
...     6 G-C ...
   -2.6236   -3.5448   15.7072
   -0.9923    0.0611   -0.1075
   -0.0294   -0.9610   -0.2748
   -0.1201   -0.2695    0.9555
...     7 C-G ...
   -2.3138   -3.7570   18.8866
   -0.8620   -0.4995   -0.0864
    0.5008   -0.8655    0.0073
   -0.0785   -0.0370    0.9962
...     8 G-C ...
   -3.9561   -6.8109   23.3205
   -0.2581   -0.3560   -0.8981
    0.6294   -0.7673    0.1233
   -0.7330   -0.5335    0.4221
...     9 C-G ...
   -6.1177   -8.9414   24.2385
    0.1143   -0.7320   -0.6716
    0.8123   -0.3203    0.4874
   -0.5720   -0.6013    0.5580
...    10 T-A ...
   -8.5041   -9.6771   26.0540
    0.4660   -0.8587   -0.2131
    0.6274    0.1508    0.7640
   -0.6239   -0.4897    0.6090
...    11 C-G ...
  -11.0625  -11.3174   27.2336
    0.6660   -0.6911    0.2808
    0.3382    0.6152    0.7121
   -0.6649   -0.3794    0.6435
...    12 A-T ...
  -13.0013  -13.1789   29.0658
    0.7188   -0.1490    0.6790
   -0.1787    0.9043    0.3876
   -0.6718   -0.4000    0.6235
...    13 C-G ...
  -14.1788  -15.9359   31.3399
    0.4052    0.2865    0.8682
   -0.5270    0.8492   -0.0343
   -0.7470   -0.4437    0.4951
...    14 A-T ...
  -15.9532  -18.1566   33.3080
   -0.1503    0.6873    0.7107
   -0.6106    0.5008   -0.6135
   -0.7776   -0.5261    0.3444
...    15 A-T ...
  -18.3019  -19.9843   34.6229
   -0.4905    0.8375    0.2408
   -0.3987    0.0300   -0.9166
   -0.7749   -0.5455    0.3192
...    16 T-A ...
  -20.6227  -21.6279   36.2823
   -0.6226    0.7400   -0.2544
   -0.0885   -0.3896   -0.9167
   -0.7775   -0.5482    0.3081
...    17 T-A ...
  -23.1521  -23.2629   37.4730
   -0.5492    0.4053   -0.7308
    0.2838   -0.7320   -0.6193
   -0.7860   -0.5476    0.2870
...    18 T-A ...
  -25.8068  -24.8254   38.4568
   -0.2715   -0.0519   -0.9610
    0.5415   -0.8337   -0.1080
   -0.7956   -0.5497    0.2544
...    19 A-T ...
  -28.6039  -26.5458   38.9990
    0.1763   -0.4227   -0.8889
    0.5698   -0.6926    0.4423
   -0.8026   -0.5845    0.1187
...    20 T-A ...
  -31.5067  -28.0649   38.8791
    0.4534   -0.6980   -0.5542
    0.3985   -0.3975    0.8266
   -0.7973   -0.5957    0.0979
...    21 T-A ...
  -34.1401  -29.9549   38.8927
    0.6085   -0.7936    0.0010
    0.0657    0.0517    0.9965
   -0.7908   -0.6063    0.0836
...    22 C-G ...
  -36.6118  -32.0945   39.0451
    0.5565   -0.5979    0.5769
   -0.3208    0.4859    0.8130
   -0.7665   -0.6375    0.0786
...    23 G-C ...
  -39.1992  -34.1107   39.6644
    0.3524   -0.1672    0.9208
   -0.6107    0.7045    0.3616
   -0.7091   -0.6897    0.1462
...    24 C-G ...
  -41.2239  -36.6952   40.1507
   -0.0141    0.2666    0.9637
   -0.7137    0.6724   -0.1964
   -0.7003   -0.6906    0.1808
...    25 A-T ...
  -43.7031  -38.8430   40.6742
   -0.3638    0.6548    0.6625
   -0.5936    0.3851   -0.7066
   -0.7178   -0.6504    0.2486
...    26 A-T ...
  -45.8895  -41.0094   41.7151
   -0.6459    0.7495    0.1454
   -0.2740   -0.0499   -0.9604
   -0.7126   -0.6602    0.2376
...    27 A-T ...
  -48.1812  -43.0673   42.7388
   -0.6893    0.5873   -0.4242
    0.1464   -0.4606   -0.8755
   -0.7095   -0.6656    0.2315
...    28 G-C ...
  -50.6749  -45.0278   43.6642
   -0.4609    0.3063   -0.8329
    0.4825   -0.7012   -0.5249
   -0.7448   -0.6438    0.1753
...    29 G-C ...
  -53.4272  -46.9016   44.1889
   -0.0604   -0.0572   -0.9965
    0.6381   -0.7700    0.0055
   -0.7676   -0.6355    0.0830
...    30 C-G ...
  -56.2188  -48.6719   44.2150
    0.3339   -0.4278   -0.8399
    0.5589   -0.6277    0.5419
   -0.7591   -0.6504    0.0295
...    31 C-G ...
  -58.8496  -50.7698   43.8769
    0.6485   -0.6341   -0.4212
    0.2736   -0.3222    0.9063
   -0.7103   -0.7030   -0.0355
...    32 G-C ...
  -61.0245  -53.2999   43.9833
    0.7718   -0.6180    0.1493
   -0.1536    0.0466    0.9870
   -0.6170   -0.7848   -0.0590
...    33 G-C ...
  -62.8402  -56.1096   43.4777
    0.6207   -0.4266    0.6578
   -0.5604    0.3454    0.7528
   -0.5483   -0.8359   -0.0246
...    34 C-G ...
  -64.2747  -59.0810   43.2045
    0.2442   -0.1325    0.9606
   -0.8164    0.5065    0.2774
   -0.5233   -0.8520    0.0155
...    35 C-G ...
  -65.7255  -62.1200   43.3947
   -0.1913    0.2309    0.9540
   -0.8342    0.4739   -0.2819
   -0.5172   -0.8498    0.1020
...    36 C-G ...
  -67.2738  -65.0410   44.0385
   -0.5698    0.5160    0.6396
   -0.6139    0.2501   -0.7487
   -0.5463   -0.8193    0.1743
...    37 G-C ...
  -69.3931  -67.6107   44.3424
   -0.7583    0.6449    0.0953
   -0.2148   -0.1091   -0.9706
   -0.6156   -0.7564    0.2212
...    38 A-T ...
  -71.4419  -70.0343   45.1639
   -0.7244    0.4763   -0.4983
    0.2657   -0.4742   -0.8394
   -0.6361   -0.7405    0.2170
...    39 C-G ...
  -73.8466  -72.0489   46.2469
   -0.4662    0.1737   -0.8674
    0.5994   -0.6592   -0.4541
   -0.6507   -0.7317    0.2032
...    40 A-T ...
  -75.9066  -74.6006   46.7859
    0.0145   -0.1683   -0.9856
    0.7430   -0.6578    0.1232
   -0.6691   -0.7341    0.1156
...    41 C-G ...
  -78.5275  -76.6342   46.8542
    0.4165   -0.4662   -0.7805
    0.6245   -0.4772    0.6183
   -0.6607   -0.7449    0.0924
...    42 G-C ...
  -80.4947  -79.2875   47.3453
    0.7659   -0.5579   -0.3197
    0.2826   -0.1545    0.9467
   -0.5776   -0.8154    0.0393
...    43 A-T ...
  -82.3856  -81.9530   47.3473
    0.8155   -0.5043    0.2841
   -0.2138    0.1937    0.9575
   -0.5379   -0.8415    0.0501
...    44 C-G ...
  -83.8228  -84.8955   46.9744
    0.6129   -0.2947    0.7332
   -0.6089    0.4152    0.6759
   -0.5036   -0.8607    0.0750
...    45 T-A ...
  -85.1350  -87.9192   47.1650
    0.2492    0.0314    0.9679
   -0.8530    0.4803    0.2040
   -0.4585   -0.8765    0.1465
...    46 T-A ...
  -86.3701  -90.8689   47.6677
   -0.2612    0.3116    0.9136
   -0.8523    0.3698   -0.3698
   -0.4531   -0.8753    0.1690
...    47 A-T ...
  -87.9946  -93.7046   48.2951
   -0.6785    0.5235    0.5155
   -0.5589    0.0876   -0.8246
   -0.4768   -0.8475    0.2331
...    48 C-G ...
  -89.3688  -96.3798   49.6854
   -0.8603    0.5098    0.0062
   -0.1355   -0.2170   -0.9667
   -0.4915   -0.8325    0.2557
...    49 T-A ...
  -91.1580  -98.9273   50.8212
   -0.7831    0.3487   -0.5148
    0.3226   -0.4799   -0.8158
   -0.5316   -0.8050    0.2633
...    50 G-C ...
  -92.9173 -101.6866   51.3790
   -0.4198    0.0551   -0.9059
    0.7022   -0.6127   -0.3627
   -0.5751   -0.7884    0.2185
...    51 T-A ...
  -95.3080 -103.8930   52.1294
    0.0179   -0.2668   -0.9636
    0.8218   -0.5450    0.1661
   -0.5695   -0.7949    0.2095
...    52 A-T ...
  -97.0334 -106.6422   52.9460
    0.5220   -0.5325   -0.6663
    0.6502   -0.2571    0.7149
   -0.5520   -0.8064    0.2120
...    53 G-C ...
  -98.9733 -109.2982   53.3423
    0.8228   -0.5277   -0.2111
    0.2902    0.0707    0.9543
   -0.4886   -0.8465    0.2113
...    54 G-C ...
 -100.6213 -112.2281   53.7040
    0.9005   -0.3126    0.3023
   -0.1917    0.3386    0.9212
   -0.3904   -0.8875    0.2450
...    55 T-A ...
 -101.5643 -115.3557   54.0086
    0.7003   -0.0412    0.7127
   -0.6248    0.4476    0.6398
   -0.3453   -0.8933    0.2877
...    56 A-T ...
 -102.2985 -118.4393   55.0340
    0.3142    0.3509    0.8821
   -0.9160    0.3563    0.1844
   -0.2496   -0.8659    0.4334
...    57 T-A ...
 -102.4280 -121.3631   56.4868
   -0.1731    0.5062    0.8448
   -0.9558    0.1208   -0.2681
   -0.2378   -0.8539    0.4630
...    58 C-G ...
 -103.1734 -124.0141   58.2302
   -0.6840    0.5158    0.5159
   -0.6911   -0.2316   -0.6846
   -0.2337   -0.8248    0.5149
...    59 T-A ...
 -103.8986 -126.4996   60.2853
   -0.9352    0.3496    0.0568
   -0.2414   -0.5120   -0.8244
   -0.2591   -0.7847    0.5632
...    60 C-G ...
 -104.9073 -128.9535   62.2259
   -0.8980   -0.0279   -0.4391
    0.3540   -0.6387   -0.6832
   -0.2614   -0.7690    0.5834
...    61 G-C ...
 -105.6042 -131.8066   63.8248
   -0.5216   -0.3554   -0.7756
    0.7978   -0.5255   -0.2957
   -0.3025   -0.7730    0.5576
...    62 A-T ...
 -106.6739 -134.2572   65.7486
    0.0561   -0.5996   -0.7983
    0.9574   -0.1945    0.2134
   -0.2832   -0.7763    0.5631
...    63 G-C ...
 -107.8766 -136.8227   67.4767
    0.5669   -0.5699   -0.5948
    0.7911    0.1753    0.5860
   -0.2297   -0.8028    0.5502
...    64 C-G ...
 -108.9524 -139.5458   69.0268
    0.9164   -0.3336   -0.2211
    0.3659    0.4743    0.8008
   -0.1623   -0.8147    0.5567
...    65 T-A ...
 -109.3990 -142.4222   70.5778
    0.9865    0.0398    0.1589
   -0.1524    0.5784    0.8014
   -0.0600   -0.8148    0.5766
...    66 C-G ...
 -109.4689 -145.1030   72.4032
    0.7307    0.4331    0.5278
   -0.6825    0.4435    0.5810
    0.0175   -0.7847    0.6196
...    67 G-C ...
 -109.3495 -147.4478   74.7666
    0.2492    0.7350    0.6306
   -0.9592    0.0974    0.2655
    0.1338   -0.6710    0.7293
...    68 G-C ...
 -108.4459 -149.3061   77.4235
   -0.3078    0.7464    0.5901
   -0.9355   -0.3504   -0.0448
    0.1733   -0.5658    0.8061
...    69 G-C ...
 -107.7493 -150.6524   80.4426
   -0.7740    0.4830    0.4094
   -0.6111   -0.7390   -0.2835
    0.1656   -0.4696    0.8672
...    70 A-T ...
 -107.2989 -151.9971   83.4203
   -0.9847   -0.0552    0.1650
   -0.0225   -0.9000   -0.4353
    0.1726   -0.4324    0.8850
...    71 T-A ...
 -106.8671 -152.7694   86.6284
   -0.8451   -0.5329   -0.0434
    0.4908   -0.7410   -0.4584
    0.2121   -0.4087    0.8877
...    72 C-G ...
 -106.2595 -154.0397   89.6182
   -0.3719   -0.8827   -0.2874
    0.8988   -0.2650   -0.3492
    0.2321   -0.3881    0.8919
...    73 C-G ...
 -105.7230 -155.2707   92.7293
    0.1725   -0.8628   -0.4752
    0.9487    0.2752   -0.1554
    0.2649   -0.4241    0.8660
...    74 G-C ...
 -104.5046 -156.2809   95.6759
    0.6343   -0.5149   -0.5767
    0.6760    0.7313    0.0905
    0.3751   -0.4472    0.8119
...    75 C-G ...
 -103.5596 -158.0561   98.2887
    0.8644   -0.0134   -0.5027
    0.2239    0.9054    0.3608
    0.4503   -0.4245    0.7856
...    76 T-A ...
 -101.9414 -159.6922  100.6288
    0.7994    0.4900   -0.3477
   -0.2366    0.7887    0.5674
    0.5522   -0.3713    0.7464
...    77 T-A ...
  -99.9965 -160.9349  102.8595
    0.4966    0.8660   -0.0579
   -0.6166    0.3990    0.6787
    0.6109   -0.3014    0.7321
...    78 T-A ...
  -97.8181 -161.8086  105.0520
    0.0399    0.9652    0.2583
   -0.7646   -0.1370    0.6298
    0.6433   -0.2226    0.7325
...    79 A-T ...
  -95.4632 -162.0208  107.3909
   -0.4683    0.7706    0.4323
   -0.6146   -0.6356    0.4672
    0.6348   -0.0469    0.7713
...    80 A-T ...
  -93.3132 -161.8338  109.8106
   -0.7278    0.2787    0.6266
   -0.2209   -0.9603    0.1705
    0.6493   -0.0143    0.7604
...    81 C-G ...
  -91.2387 -161.1749  112.3489
   -0.7304   -0.2659    0.6291
    0.2154   -0.9638   -0.1573
    0.6482    0.0206    0.7612
...    82 A-T ...
  -89.0145 -161.3908  114.7788
   -0.4727   -0.7818    0.4065
    0.6202   -0.6229   -0.4768
    0.6260    0.0268    0.7794
...    83 C-G ...
  -87.3905 -161.0363  117.7022
   -0.0577   -0.9926    0.1072
    0.7694   -0.1126   -0.6287
    0.6361    0.0463    0.7702
...    84 T-A ...
  -85.4901 -160.9561  120.4295
    0.3454   -0.9014   -0.2609
    0.6642    0.4313   -0.6106
    0.6630    0.0376    0.7477
...    85 T-A ...
  -83.5290 -160.9250  123.0191
    0.6642   -0.4965   -0.5589
    0.3244    0.8650   -0.3829
    0.6735    0.0730    0.7356
...    86 T-A ...
  -81.3891 -160.8801  125.4385
    0.7003    0.0635   -0.7110
   -0.1150    0.9931   -0.0246
    0.7045    0.0990    0.7028
...    87 A-T ...
  -78.7241 -160.9109  127.4572
    0.3726    0.5183   -0.7698
   -0.4261    0.8324    0.3543
    0.8244    0.1960    0.5310
...    88 T-A ...
  -75.7472 -160.6598  128.7138
    0.0682    0.8418   -0.5354
   -0.5412    0.4821    0.6890
    0.8381    0.2428    0.4885
...    89 G-C ...
  -72.9324 -159.4263  130.0529
   -0.3727    0.9126   -0.1681
   -0.4362   -0.0124    0.8998
    0.8191    0.4086    0.4027
...    90 C-G ...
  -70.2681 -157.6647  130.8554
   -0.5969    0.7395    0.3112
   -0.1204   -0.4660    0.8766
    0.7932    0.4858    0.3672
...    91 T-A ...
  -67.8171 -155.6619  131.8055
   -0.6079    0.3638    0.7058
    0.2657   -0.7444    0.6126
    0.7482    0.5600    0.3558
...    92 T-A ...
  -65.5287 -153.5410  132.7531
   -0.3013   -0.0998    0.9483
    0.5768   -0.8110    0.0979
    0.7593    0.5765    0.3020
...    93 C-G ...
  -63.1399 -151.5373  133.8233
    0.1221   -0.5497    0.8264
    0.6482   -0.5863   -0.4858
    0.7516    0.5950    0.2848
...    94 C-G ...
  -60.7716 -149.4065  134.9493
    0.4325   -0.8022    0.4116
    0.4685   -0.1901   -0.8628
    0.7704    0.5660    0.2937
...    95 G-C ...
  -58.1436 -147.3868  135.3666
    0.5573   -0.8134   -0.1665
    0.1132    0.2730   -0.9553
    0.8226    0.5136    0.2442
...    96 G-C ...
  -55.4536 -145.6668  136.4323
    0.4522   -0.5879   -0.6708
   -0.2266    0.6516   -0.7239
    0.8627    0.4793    0.1614
...    97 C-G ...
  -52.5142 -144.4240  137.1991
    0.1972   -0.1925   -0.9613
   -0.4444    0.8564   -0.2627
    0.8738    0.4790    0.0833
...    98 T-A ...
  -49.4921 -143.1535  137.2584
   -0.1490    0.2057   -0.9672
   -0.4701    0.8458    0.2523
    0.8699    0.4923   -0.0293
...    99 C-G ...
  -46.6858 -141.5844  136.9163
   -0.4592    0.5980   -0.6569
   -0.2811    0.6037    0.7460
    0.8427    0.5273   -0.1091
...   100 G-C ...
  -44.1800 -139.4517  136.4481
   -0.6648    0.7332   -0.1429
    0.0703    0.2519    0.9652
    0.7437    0.6316   -0.2190
...   101 T-A ...
  -42.0421 -137.3561  135.0977
   -0.5666    0.7334    0.3755
    0.4221   -0.1331    0.8967
    0.7077    0.6666   -0.2341
...   102 T-A ...
  -39.9625 -135.0873  134.0620
   -0.2220    0.5448    0.8087
    0.6807   -0.5072    0.5286
    0.6981    0.6678   -0.2583
...   103 C-G ...
  -37.8153 -132.7376  133.2818
    0.2155    0.1470    0.9654
    0.6992   -0.7133   -0.0475
    0.6816    0.6852   -0.2566
...   104 A-T ...
  -35.4313 -130.6422  132.3708
    0.5413   -0.3203    0.7774
    0.4655   -0.6557   -0.5944
    0.7002    0.6837   -0.2058
...   105 T-A ...
  -33.4190 -128.0189  132.2022
    0.7182   -0.5925    0.3650
    0.1189   -0.4123   -0.9032
    0.6856    0.6921   -0.2257
...   106 G-C ...
  -31.1193 -125.8534  131.2217
    0.6008   -0.7779   -0.1841
   -0.3070   -0.0120   -0.9516
    0.7381    0.6283   -0.2460
...   107 T-A ...
  -28.4453 -123.9456  130.9336
    0.3318   -0.6992   -0.6332
   -0.5804    0.3778   -0.7214
    0.7437    0.6069   -0.2805
...   108 T-A ...
  -25.8864 -122.1369  130.1436
   -0.0659   -0.3962   -0.9158
   -0.6728    0.6954   -0.2524
    0.7369    0.5995   -0.3123
...   109 A-T ...
  -23.3325 -120.4627  128.8436
   -0.5203   -0.0669   -0.8514
   -0.5143    0.8205    0.2498
    0.6818    0.5678   -0.4613
...   110 T-A ...
  -20.9528 -119.1956  126.9982
   -0.7262    0.3235   -0.6066
   -0.1888    0.7545    0.6285
    0.6610    0.5710   -0.4869
...   111 A-T ...
  -19.0166 -117.4011  124.9720
   -0.8008    0.5882   -0.1124
    0.2544    0.5040    0.8254
    0.5422    0.6324   -0.5532
...   112 A-T ...
  -17.4795 -115.4162  122.9240
   -0.5338    0.7616    0.3673
    0.6636    0.1081    0.7402
    0.5241    0.6389   -0.5631
...   113 C-G ...
  -16.3425 -113.2309  120.7094
   -0.1326    0.6948    0.7069
    0.8554   -0.2800    0.4357
    0.5006    0.6625   -0.5572
...   114 G-C ...
  -14.4074 -111.0598  119.1074
    0.3136    0.3675    0.8756
    0.8118   -0.5820   -0.0465
    0.4925    0.7254   -0.4809
...   115 G-C ...
  -12.9680 -108.3779  117.6550
    0.6659   -0.0481    0.7444
    0.5294   -0.6726   -0.5170
    0.5256    0.7384   -0.4225
...   116 A-T ...
  -11.3241 -105.8792  116.3296
    0.8386   -0.4446    0.3148
    0.0436   -0.5212   -0.8523
    0.5430    0.7284   -0.4178
...   117 A-T ...
   -9.5226 -103.4091  115.2389
    0.7234   -0.6537   -0.2220
   -0.4413   -0.1905   -0.8769
    0.5310    0.7323   -0.4263
...   118 T-A ...
   -7.3978 -101.0478  114.3960
    0.4044   -0.6664   -0.6264
   -0.7459    0.1560   -0.6475
    0.5292    0.7291   -0.4340
...   119 A-T ...
   -5.6094  -98.7287  112.8456
   -0.1311   -0.5273   -0.8395
   -0.8359    0.5141   -0.1924
    0.5331    0.6765   -0.5082
...   120 A-T ...
   -3.7045  -96.7543  111.1298
   -0.5817   -0.1703   -0.7954
   -0.6233    0.7216    0.3013
    0.5226    0.6710   -0.5259
...   121 T-A ...
   -1.7538  -95.1130  109.0671
   -0.8228    0.1952   -0.5337
   -0.2533    0.7147    0.6520
    0.5087    0.6717   -0.5386
...   122 G-C ...
   -0.3456  -92.7729  107.1662
   -0.8833    0.4681   -0.0259
    0.2515    0.5197    0.8165
    0.3956    0.7147   -0.5768
...   123 T-A ...
    0.5613  -90.6704  104.7914
   -0.6467    0.6401    0.4149
    0.6706    0.2180    0.7090
    0.3634    0.7367   -0.5702
...   124 G-C ...
    1.6697  -88.0519  103.0750
   -0.2069    0.5726    0.7933
    0.9284   -0.1410    0.3439
    0.3087    0.8076   -0.5024
...   125 T-A ...
    2.0535  -85.2377  101.3813
    0.2886    0.3960    0.8717
    0.9064   -0.4064   -0.1155
    0.3085    0.8234   -0.4763
...   126 C-G ...
    2.9921  -82.4596   99.9402
    0.7496    0.0641    0.6588
    0.5781   -0.5482   -0.6044
    0.3224    0.8339   -0.4480
...   127 G-C ...
    4.3265  -79.9221   98.2536
    0.9060   -0.3309    0.2639
    0.0860   -0.4665   -0.8803
    0.4144    0.8203   -0.3942
...   128 A-T ...
    5.7139  -77.2114   97.0711
    0.7760   -0.5640   -0.2824
   -0.4507   -0.1827   -0.8738
    0.4412    0.8053   -0.3960
...   129 C-G ...
    7.5878  -74.6211   96.2381
    0.4231   -0.5977   -0.6810
   -0.7811    0.1402   -0.6084
    0.4591    0.7894   -0.4075
...   130 C-G ...
    9.4487  -72.1765   94.8676
   -0.0948   -0.4927   -0.8650
   -0.8768    0.4528   -0.1618
    0.4714    0.7431   -0.4750
...   131 A-T ...
   10.8661  -69.6891   93.1966
   -0.6097   -0.2283   -0.7591
   -0.6639    0.6703    0.3316
    0.4331    0.7061   -0.5602
...   132 A-T ...
   12.3778  -67.6249   91.2009
   -0.8766    0.1837   -0.4448
   -0.2131    0.6806    0.7010
    0.4315    0.7092   -0.5575
...   133 A-T ...
   13.7264  -65.5041   89.1511
   -0.8504    0.5256    0.0238
    0.3083    0.4611    0.8321
    0.4264    0.7149   -0.5541
...   134 T-A ...
   14.7283  -63.4123   86.8244
   -0.5924    0.6746    0.4405
    0.6886    0.1400    0.7115
    0.4183    0.7248   -0.5474
...   135 G-C ...
   15.7212  -61.4788   83.9376
    0.0342    0.7399    0.6718
    0.8637   -0.3601    0.3526
    0.5028    0.5682   -0.6514
...   136 T-A ...
   15.7739  -59.5465   80.8035
    0.5516    0.4996    0.6680
    0.6739   -0.7388   -0.0038
    0.4916    0.4523   -0.7442
...   137 G-C ...
   16.8281  -57.7076   78.2737
    0.8528   -0.0847    0.5152
    0.1508   -0.9047   -0.3984
    0.4999    0.4175   -0.7588
...   138 A-T ...
   18.4176  -55.5142   76.5361
    0.8547   -0.5007    0.1370
   -0.3189   -0.7148   -0.6224
    0.4096    0.4883   -0.7706
...   139 G-C ...
   20.4152  -54.2946   74.5495
    0.5847   -0.7389   -0.3350
   -0.7594   -0.3532   -0.5465
    0.2854    0.5739   -0.7676
...   140 C-G ...
   21.4164  -51.8108   72.7949
    0.1305   -0.7142   -0.6876
   -0.8897    0.2217   -0.3991
    0.4375    0.6639   -0.6065
...   141 G-C ...
   22.1407  -50.1331   67.4724
   -0.4682   -0.8748    0.1248
   -0.8495    0.4067   -0.3362
    0.2434   -0.2634   -0.9335
...   142 C-G ...
   22.3378  -51.2253   64.5018
   -0.8529   -0.5117   -0.1032
   -0.4974    0.8566   -0.1372
    0.1587   -0.0657   -0.9851
...   143 T-A ...
   24.0060  -51.6202   61.9331
   -0.9563    0.0399   -0.2897
    0.0522    0.9980   -0.0348
    0.2877   -0.0484   -0.9565
...   144 C-G ...
   24.8857  -52.7207   58.9947
   -0.7530    0.5560   -0.3520
    0.5213    0.8304    0.1966
    0.4016   -0.0355   -0.9151
...   145 A-T ...
   25.5174  -52.9610   55.8126
   -0.2441    0.9563   -0.1609
    0.8907    0.2867    0.3528
    0.3835   -0.0571   -0.9218
...   146 C-G ...
   25.2677  -52.4925   52.0870
    0.3203    0.9428   -0.0928
    0.8825   -0.2613    0.3910
    0.3444   -0.2071   -0.9157
...   147 A-T ...
   25.6133  -52.5733   48.6478
    0.8597    0.5097    0.0339
    0.4498   -0.7866    0.4230
    0.2423   -0.3484   -0.9055
