  147 base-pairs
...     1 T-A ...
    0.0000    0.0000    0.0000
    1.0000    0.0000    0.0000
    0.0000    1.0000    0.0000
    0.0000    0.0000    1.0000
...     2 G-C ...
   -0.5555   -1.1003    3.3981
    0.7749    0.6051    0.1828
   -0.5991    0.7953   -0.0929
   -0.2016   -0.0375    0.9787
...     3 T-A ...
   -0.6619   -3.0237    6.5348
    0.3046    0.9250    0.2271
   -0.8994    0.3578   -0.2510
   -0.3134   -0.1278    0.9410
...     4 G-C ...
   -1.1607   -3.8418    9.6940
   -0.3351    0.9421    0.0133
   -0.8752   -0.3061   -0.3746
   -0.3489   -0.1372    0.9271
...     5 A-T ...
   -1.3881   -3.6770   12.8999
   -0.7835    0.6162   -0.0801
   -0.5677   -0.7622   -0.3109
   -0.2527   -0.1981    0.9470
...     6 G-C ...
   -2.6236   -3.5448   15.7072
   -0.9923    0.0611   -0.1075
   -0.0294   -0.9610   -0.2748
   -0.1201   -0.2695    0.9555
...     7 C-G ...
   -2.3138   -3.7570   18.8866
   -0.8620   -0.4995   -0.0864
    0.5008   -0.8655    0.0073
   -0.0785   -0.0370    0.9962
...     8 G-C ...
   -3.9561   -6.8109   23.3205
   -0.2581   -0.3560   -0.8981
    0.6294   -0.7673    0.1233
   -0.7330   -0.5335    0.4221
...     9 C-G ...
   -6.1177   -8.9414   24.2385
    0.1143   -0.7320   -0.6716
    0.8123   -0.3203    0.4874
   -0.5720   -0.6013    0.5580
...    10 T-A ...
   -8.5041   -9.6771   26.0540
    0.4660   -0.8587   -0.2131
    0.6274    0.1508    0.7640
   -0.6239   -0.4897    0.6090
...    11 C-G ...
  -11.0625  -11.3174   27.2336
    0.6660   -0.6911    0.2808
    0.3382    0.6152    0.7121
   -0.6649   -0.3794    0.6435
...    12 A-T ...
  -13.0013  -13.1789   29.0658
    0.7188   -0.1490    0.6790
   -0.1787    0.9043    0.3876
   -0.6718   -0.4000    0.6235
...    13 C-G ...
  -14.1788  -15.9359   31.3399
    0.4052    0.2865    0.8682
   -0.5270    0.8492   -0.0343
   -0.7470   -0.4437    0.4951
...    14 A-T ...
  -15.9532  -18.1566   33.3080
   -0.1503    0.6873    0.7107
   -0.6106    0.5008   -0.6135
   -0.7776   -0.5261    0.3444
...    15 A-T ...
  -18.2999  -19.9825   34.6264
   -0.4888    0.8380    0.2428
   -0.4004    0.0318   -0.9158
   -0.7751   -0.5448    0.3199
...    16 T-A ...
  -20.6192  -21.6233   36.2885
   -0.6216    0.7421   -0.2508
   -0.0921   -0.3872   -0.9174
   -0.7779   -0.5471    0.3090
...    17 T-A ...
  -23.1487  -23.2521   37.4853
   -0.5509    0.4102   -0.7268
    0.2788   -0.7304   -0.6235
   -0.7866   -0.5462    0.2880
...    18 T-A ...
  -25.8053  -24.8060   38.4750
   -0.2767   -0.0448   -0.9599
    0.5376   -0.8352   -0.1160
   -0.7965   -0.5481    0.2552
...    19 A-T ...
  -28.6180  -26.4986   39.0124
    0.1691   -0.4122   -0.8952
    0.5695   -0.7005    0.4301
   -0.8044   -0.5826    0.1163
...    20 T-A ...
  -31.5273  -28.0029   38.8904
    0.4467   -0.6919   -0.5672
    0.4025   -0.4108    0.8181
   -0.7990   -0.5938    0.0950
...    21 T-A ...
  -34.1678  -29.8813   38.8924
    0.6059   -0.7954   -0.0172
    0.0744    0.0351    0.9966
   -0.7921   -0.6051    0.0805
...    22 C-G ...
  -36.6417  -32.0152   39.0284
    0.5613   -0.6096    0.5598
   -0.3108    0.4717    0.8252
   -0.7671   -0.6371    0.0753
...    23 G-C ...
  -39.2188  -34.0402   39.6364
    0.3653   -0.1858    0.9122
   -0.6043    0.6980    0.3842
   -0.7081   -0.6916    0.1427
...    24 C-G ...
  -41.2359  -36.6303   40.1018
    0.0024    0.2465    0.9691
   -0.7158    0.6771   -0.1704
   -0.6983   -0.6933    0.1781
...    25 A-T ...
  -43.6997  -38.7901   40.6303
   -0.3489    0.6407    0.6840
   -0.6070    0.4016   -0.6858
   -0.7141   -0.6544    0.2488
...    26 A-T ...
  -45.8669  -40.9744   41.6713
   -0.6403    0.7475    0.1771
   -0.2954   -0.0268   -0.9550
   -0.7091   -0.6638    0.2379
...    27 A-T ...
  -48.1404  -43.0483   42.7012
   -0.6971    0.5996   -0.3931
    0.1240   -0.4392   -0.8898
   -0.7061   -0.6690    0.2318
...    28 G-C ...
  -50.6159  -45.0216   43.6391
   -0.4808    0.3299   -0.8124
    0.4662   -0.6885   -0.5555
   -0.7426   -0.6458    0.1773
...    29 G-C ...
  -53.3609  -46.8963   44.1861
   -0.0877   -0.0287   -0.9957
    0.6348   -0.7720   -0.0336
   -0.7677   -0.6350    0.0859
...    30 C-G ...
  -56.1556  -48.6557   44.2385
    0.3082   -0.4034   -0.8615
    0.5715   -0.6454    0.5067
   -0.7605   -0.6486    0.0317
...    31 C-G ...
  -58.8042  -50.7302   43.9099
    0.6333   -0.6219   -0.4606
    0.2998   -0.3515    0.8869
   -0.7134   -0.6998   -0.0362
...    32 G-C ...
  -60.9801  -53.2540   43.9964
    0.7750   -0.6235    0.1030
   -0.1211    0.0136    0.9926
   -0.6203   -0.7817   -0.0650
...    33 G-C ...
  -62.8129  -56.0436   43.4500
    0.6430   -0.4493    0.6202
   -0.5330    0.3190    0.7837
   -0.5500   -0.8345   -0.0343
...    34 C-G ...
  -64.2571  -59.0016   43.1234
    0.2802   -0.1664    0.9454
   -0.8048    0.4961    0.3259
   -0.5233   -0.8521    0.0051
...    35 C-G ...
  -65.6949  -62.0483   43.2586
   -0.1517    0.1964    0.9687
   -0.8443    0.4838   -0.2303
   -0.5139   -0.8529    0.0924
...    36 C-G ...
  -67.2129  -64.9918   43.8623
   -0.5398    0.4928    0.6825
   -0.6455    0.2781   -0.7114
   -0.5403   -0.8245    0.1679
...    37 G-C ...
  -69.3207  -67.5640   44.1712
   -0.7502    0.6429    0.1548
   -0.2604   -0.0720   -0.9628
   -0.6078   -0.7626    0.2215
...    38 A-T ...
  -71.3385  -70.0079   44.9988
   -0.7452    0.4980   -0.4436
    0.2217   -0.4423   -0.8690
   -0.6289   -0.7460    0.2191
...    39 C-G ...
  -73.6978  -72.0522   46.1188
   -0.5083    0.2103   -0.8351
    0.5714   -0.6432   -0.5097
   -0.6443   -0.7363    0.2067
...    40 A-T ...
  -75.7461  -74.6090   46.6585
   -0.0385   -0.1273   -0.9911
    0.7435   -0.6664    0.0567
   -0.6677   -0.7347    0.1204
...    41 C-G ...
  -78.3734  -76.6294   46.7789
    0.3698   -0.4350   -0.8210
    0.6532   -0.5067    0.5627
   -0.6608   -0.7443    0.0968
...    42 G-C ...
  -80.3298  -79.2860   47.2634
    0.7417   -0.5482   -0.3864
    0.3343   -0.1973    0.9216
   -0.5815   -0.8127    0.0369
...    43 A-T ...
  -82.2415  -81.9340   47.2559
    0.8262   -0.5215    0.2130
   -0.1554    0.1525    0.9760
   -0.5415   -0.8395    0.0450
...    44 C-G ...
  -83.7225  -84.8467   46.8409
    0.6538   -0.3312    0.6803
   -0.5625    0.3885    0.7298
   -0.5060   -0.8599    0.0677
...    45 T-A ...
  -85.0450  -87.8664   46.9757
    0.3116   -0.0140    0.9501
   -0.8331    0.4769    0.2802
   -0.4570   -0.8788    0.1370
...    46 T-A ...
  -86.2723  -90.8259   47.4274
   -0.1943    0.2732    0.9422
   -0.8714    0.3931   -0.2936
   -0.4506   -0.8780    0.1617
...    47 A-T ...
  -87.8468  -93.6781   48.0794
   -0.6249    0.5128    0.5887
   -0.6207    0.1311   -0.7730
   -0.4736   -0.8485    0.2364
...    48 C-G ...
  -89.1563  -96.3817   49.4668
   -0.8453    0.5254    0.0976
   -0.2189   -0.1739   -0.9601
   -0.4874   -0.8329    0.2620
...    49 T-A ...
  -90.9023  -98.9343   50.6467
   -0.8146    0.3871   -0.4318
    0.2405   -0.4521   -0.8589
   -0.5278   -0.8036    0.2752
...    50 G-C ...
  -92.6837 -101.6692   51.2383
   -0.4946    0.1038   -0.8629
    0.6509   -0.6137   -0.4469
   -0.5759   -0.7827    0.2360
...    51 T-A ...
  -95.0609 -103.8452   52.1044
   -0.0747   -0.2261   -0.9712
    0.8168   -0.5727    0.0705
   -0.5721   -0.7880    0.2275
...    52 A-T ...
  -96.7772 -106.5838   52.9687
    0.4424   -0.5218   -0.7294
    0.7031   -0.3031    0.6433
   -0.5567   -0.7974    0.2327
...    53 G-C ...
  -98.7605 -109.1925   53.4457
    0.7810   -0.5453   -0.3044
    0.3786    0.0259    0.9252
   -0.4966   -0.8379    0.2267
...    54 G-C ...
 -100.4782 -112.0748   53.8585
    0.9125   -0.3538    0.2055
   -0.0922    0.3113    0.9458
   -0.3986   -0.8820    0.2515
...    55 T-A ...
 -101.5071 -115.1763   54.1469
    0.7628   -0.0915    0.6401
   -0.5431    0.4465    0.7111
   -0.3509   -0.8901    0.2909
...    56 A-T ...
 -102.2238 -118.2829   55.1187
    0.4194    0.3111    0.8528
   -0.8762    0.3844    0.2906
   -0.2374   -0.8691    0.4338
...    57 T-A ...
 -102.3179 -121.2407   56.4974
   -0.0590    0.4878    0.8710
   -0.9731    0.1664   -0.1591
   -0.2225   -0.8570    0.4649
...    58 C-G ...
 -102.9793 -123.9054   58.2450
   -0.5973    0.5320    0.6002
   -0.7729   -0.1822   -0.6077
   -0.2139   -0.8269    0.5200
...    59 T-A ...
 -103.5855 -126.4023   60.3172
   -0.9030    0.3948    0.1696
   -0.3598   -0.4788   -0.8008
   -0.2350   -0.7841    0.5744
...    60 C-G ...
 -104.5089 -128.8390   62.3137
   -0.9423    0.0327   -0.3332
    0.2358   -0.6415   -0.7300
   -0.2376   -0.7664    0.5968
...    61 G-C ...
 -105.2108 -131.6803   63.9238
   -0.6287   -0.3066   -0.7147
    0.7233   -0.5682   -0.3924
   -0.2858   -0.7636    0.5790
...    62 A-T ...
 -106.2175 -134.0992   65.9189
   -0.0759   -0.5880   -0.8053
    0.9603   -0.2606    0.0997
   -0.2685   -0.7658    0.5844
...    63 G-C ...
 -107.3868 -136.6066   67.7504
    0.4537   -0.5995   -0.6593
    0.8631    0.1116    0.4925
   -0.2217   -0.7926    0.5681
...    64 C-G ...
 -108.4655 -139.2669   69.4041
    0.8586   -0.3966   -0.3248
    0.4878    0.4373    0.7555
   -0.1576   -0.8072    0.5689
...    65 T-A ...
 -108.9460 -142.1190   70.9895
    0.9982   -0.0373    0.0470
   -0.0165    0.5817    0.8132
   -0.0576   -0.8125    0.5801
...    66 C-G ...
 -109.0328 -144.8039   72.8083
    0.8174    0.3702    0.4413
   -0.5755    0.4936    0.6520
    0.0236   -0.7869    0.6166
...    67 G-C ...
 -108.8534 -147.1761   75.1334
    0.3797    0.7117    0.5911
   -0.9119    0.1802    0.3688
    0.1560   -0.6790    0.7174
...    68 G-C ...
 -107.8154 -149.1104   77.6816
   -0.1718    0.7756    0.6074
   -0.9626   -0.2633    0.0639
    0.2095   -0.5737    0.7919
...    69 G-C ...
 -106.9009 -150.4826   80.6269
   -0.6745    0.5621    0.4785
   -0.7068   -0.6789   -0.1988
    0.2132   -0.4723    0.8553
...    70 A-T ...
 -106.2713 -151.8136   83.5716
   -0.9621    0.0519    0.2676
   -0.1610   -0.9003   -0.4044
    0.2200   -0.4322    0.8746
...    71 T-A ...
 -105.5893 -152.5661   86.7361
   -0.8974   -0.4373    0.0581
    0.3584   -0.7995   -0.4821
    0.2573   -0.4119    0.8742
...    72 C-G ...
 -104.8411 -153.8450   89.6854
   -0.4952   -0.8406   -0.2195
    0.8241   -0.3745   -0.4251
    0.2751   -0.3913    0.8782
...    73 C-G ...
 -104.1484 -155.0815   92.7583
    0.0267   -0.8900   -0.4551
    0.9549    0.1574   -0.2518
    0.2957   -0.4279    0.8541
...    74 G-C ...
 -102.7688 -156.1457   95.6063
    0.5177   -0.6061   -0.6038
    0.7616    0.6481    0.0024
    0.3899   -0.4611    0.7971
...    75 C-G ...
 -101.8091 -157.9224   98.2141
    0.8126   -0.1358   -0.5668
    0.3571    0.8846    0.3000
    0.4607   -0.4462    0.7673
...    76 T-A ...
 -100.2109 -159.6510  100.5021
    0.8230    0.3740   -0.4275
   -0.0973    0.8343    0.5426
    0.5596   -0.4050    0.7230
...    77 T-A ...
  -98.2693 -161.0381  102.6504
    0.5925    0.7942   -0.1352
   -0.5133    0.5015    0.6965
    0.6209   -0.3432    0.7047
...    78 T-A ...
  -96.0642 -162.0830  104.7370
    0.1754    0.9639    0.2003
   -0.7300   -0.0092    0.6834
    0.6606   -0.2661    0.7020
...    79 A-T ...
  -93.5330 -162.4332  106.8751
   -0.3423    0.8541    0.3916
   -0.6581   -0.5154    0.5489
    0.6706   -0.0699    0.7385
...    80 A-T ...
  -91.2450 -162.3363  109.1637
   -0.6539    0.4215    0.6283
   -0.3288   -0.9063    0.2657
    0.6814   -0.0329    0.7312
...    81 C-G ...
  -88.9879 -161.7295  111.5413
   -0.7291   -0.1117    0.6752
    0.0851   -0.9937   -0.0725
    0.6791    0.0046    0.7341
...    82 A-T ...
  -86.7349 -161.9831  113.9398
   -0.5568   -0.6696    0.4915
    0.5173   -0.7425   -0.4255
    0.6499    0.0174    0.7599
...    83 C-G ...
  -84.9946 -161.5731  116.7861
   -0.1842   -0.9607    0.2075
    0.7301   -0.2751   -0.6255
    0.6580    0.0363    0.7521
...    84 T-A ...
  -83.0347 -161.4820  119.4698
    0.2206   -0.9605   -0.1694
    0.7018    0.2769   -0.6563
    0.6773    0.0260    0.7352
...    85 T-A ...
  -81.0481 -161.4428  122.0443
    0.5920   -0.6304   -0.5021
    0.4241    0.7734   -0.4711
    0.6853    0.0660    0.7252
...    86 T-A ...
  -78.9078 -161.4120  124.4691
    0.7040   -0.0942   -0.7039
    0.0030    0.9915   -0.1298
    0.7102    0.0893    0.6983
...    87 A-T ...
  -76.3095 -161.4620  126.5572
    0.4462    0.4003   -0.8004
   -0.3395    0.9032    0.2625
    0.8280    0.1546    0.5390
...    88 T-A ...
  -73.3551 -161.4184  127.8952
    0.1761    0.7762   -0.6054
   -0.5043    0.5993    0.6217
    0.8454    0.1958    0.4969
...    89 G-C ...
  -70.4590 -160.3927  129.2345
   -0.2662    0.9259   -0.2681
   -0.4673    0.1193    0.8760
    0.8431    0.3584    0.4009
...    90 C-G ...
  -67.6489 -158.8657  129.9935
   -0.5292    0.8224    0.2088
   -0.2067   -0.3635    0.9084
    0.8230    0.4375    0.3623
...    91 T-A ...
  -65.0556 -157.0300  130.8846
   -0.6050    0.4890    0.6284
    0.1562   -0.7010    0.6959
    0.7808    0.5191    0.3477
...    92 T-A ...
  -62.6314 -155.0532  131.7891
   -0.3726    0.0238    0.9277
    0.4872   -0.8458    0.2174
    0.7898    0.5330    0.3036
...    93 C-G ...
  -60.1537 -153.1791  132.8759
    0.0054   -0.4721    0.8815
    0.6249   -0.6866   -0.3715
    0.7807    0.5529    0.2913
...    94 C-G ...
  -57.6919 -151.1822  134.0404
    0.3214   -0.7901    0.5219
    0.5209   -0.3128   -0.7942
    0.7908    0.5271    0.3111
...    95 G-C ...
  -54.9257 -149.3827  134.5321
    0.5007   -0.8648   -0.0372
    0.2252    0.1716   -0.9591
    0.8358    0.4719    0.2807
...    96 G-C ...
  -52.2131 -147.7752  135.7113
    0.4703   -0.6763   -0.5670
   -0.1015    0.5968   -0.7960
    0.8767    0.4319    0.2121
...    97 C-G ...
  -49.2819 -146.6521  136.6856
    0.2826   -0.2878   -0.9150
   -0.3507    0.8569   -0.3778
    0.8928    0.4277    0.1412
...    98 T-A ...
  -46.2013 -145.5648  136.9926
   -0.0259    0.1339   -0.9907
   -0.4365    0.8900    0.1317
    0.8993    0.4358    0.0355
...    99 C-G ...
  -43.2694 -144.2003  136.8943
   -0.3400    0.5694   -0.7484
   -0.3263    0.6750    0.6618
    0.8820    0.4692   -0.0437
...   100 A-T ...
  -40.4200 -142.5140  136.4611
   -0.5912    0.7587   -0.2736
   -0.0413    0.3103    0.9497
    0.8054    0.5728   -0.1522
...   101 T-A ...
  -37.9622 -140.7111  135.2683
   -0.5534    0.8004    0.2305
    0.2702   -0.0892    0.9586
    0.7878    0.5928   -0.1669
...   102 G-C ...
  -35.5249 -138.4883  134.8916
   -0.3837    0.5573    0.7363
    0.5785   -0.4765    0.6621
    0.7198    0.6800   -0.1396
...   103 T-A ...
  -33.6300 -135.8603  134.1595
   -0.0363    0.2244    0.9738
    0.7073   -0.6826    0.1837
    0.7059    0.6955   -0.1340
...   104 T-A ...
  -31.6099 -133.3516  133.6610
    0.4056   -0.1725    0.8976
    0.5985   -0.6921   -0.4034
    0.6908    0.7009   -0.1774
...   105 A-T ...
  -29.2005 -131.2240  132.6923
    0.7139   -0.5398    0.4459
    0.2029   -0.4500   -0.8697
    0.6702    0.7114   -0.2118
...   106 T-A ...
  -27.0739 -128.6990  132.6448
    0.7262   -0.6852   -0.0553
   -0.1937   -0.1268   -0.9728
    0.6596    0.7172   -0.2249
...   107 A-T ...
  -24.9451 -126.3187  131.7291
    0.4399   -0.6712   -0.5966
   -0.5858    0.2891   -0.7572
    0.6807    0.6825   -0.2660
...   108 A-T ...
  -22.5686 -124.2620  130.9688
    0.0245   -0.4174   -0.9084
   -0.7364    0.6070   -0.2988
    0.6761    0.6762   -0.2925
...   109 C-G ...
  -19.9668 -122.5534  129.9584
   -0.3883   -0.0904   -0.9171
   -0.6412    0.7413    0.1984
    0.6619    0.6651   -0.3458
...   110 G-C ...
  -18.0677 -120.1582  128.6512
   -0.7643    0.2130   -0.6086
   -0.3076    0.7090    0.6345
    0.5667    0.6722   -0.4764
...   111 G-C ...
  -16.4027 -118.0933  126.5586
   -0.8669    0.4799   -0.1348
    0.1628    0.5281    0.8334
    0.4712    0.7006   -0.5359
...   112 A-T ...
  -15.0503 -115.7931  124.6716
   -0.6345    0.6675    0.3897
    0.6449    0.1794    0.7429
    0.4260    0.7227   -0.5443
...   113 T-A ...
  -14.2428 -113.4690  122.4787
   -0.2269    0.6691    0.7077
    0.8794   -0.1715    0.4441
    0.4185    0.7231   -0.5495
...   114 C-G ...
  -13.0219 -110.9880  120.7248
    0.3185    0.4323    0.8436
    0.8553   -0.5147   -0.0592
    0.4086    0.7404   -0.5337
...   115 G-C ...
  -11.3310 -108.7386  118.9479
    0.7012    0.0114    0.7128
    0.5489   -0.6467   -0.5296
    0.4549    0.7627   -0.4598
...   116 T-A ...
  -10.0793 -105.8598  117.8722
    0.8751   -0.3388    0.3455
    0.1067   -0.5614   -0.8206
    0.4720    0.7550   -0.4551
...   117 A-T ...
   -8.5417 -103.4504  116.1638
    0.7527   -0.6299   -0.1915
   -0.4317   -0.2526   -0.8659
    0.4970    0.7345   -0.4621
...   118 T-A ...
   -6.5257 -101.0374  115.2047
    0.4340   -0.6763   -0.5953
   -0.7520    0.0919   -0.6527
    0.4961    0.7309   -0.4687
...   119 A-T ...
   -4.8699  -98.6990  113.5327
   -0.1098   -0.5632   -0.8190
   -0.8575    0.4704   -0.2085
    0.5027    0.6794   -0.5346
...   120 A-T ...
   -3.0514  -96.7066  111.7418
   -0.5755   -0.2194   -0.7878
   -0.6514    0.7054    0.2794
    0.4944    0.6740   -0.5489
...   121 T-A ...
   -1.1668  -95.0544  109.6223
   -0.8300    0.1483   -0.5376
   -0.2793    0.7239    0.6308
    0.4827    0.6738   -0.5595
...   122 G-C ...
    0.1623  -92.7109  107.6681
   -0.8977    0.4390   -0.0370
    0.2356    0.5494    0.8016
    0.3722    0.7109   -0.5967
...   123 T-A ...
    1.0058  -90.6443  105.2338
   -0.6643    0.6317    0.3995
    0.6650    0.2555    0.7018
    0.3413    0.7319   -0.5898
...   124 G-C ...
    2.0501  -88.0440  103.4466
   -0.2204    0.5864    0.7795
    0.9322   -0.1086    0.3452
    0.2871    0.8027   -0.5227
...   125 T-A ...
    2.3608  -85.2625  101.6845
    0.2804    0.4229    0.8617
    0.9157   -0.3870   -0.1080
    0.2878    0.8194   -0.4958
...   126 C-G ...
    3.2332  -82.4980  100.1755
    0.7486    0.0947    0.6562
    0.5894   -0.5481   -0.5934
    0.3035    0.8310   -0.4662
...   127 G-C ...
    4.5176  -79.9625   98.4404
    0.9123   -0.3079    0.2700
    0.0954   -0.4814   -0.8713
    0.3983    0.8206   -0.4098
...   128 A-T ...
    5.8622  -77.2515   97.2062
    0.7860   -0.5548   -0.2726
   -0.4471   -0.2056   -0.8705
    0.4269    0.8062   -0.4097
...   129 C-G ...
    7.6944  -74.6432   96.3296
    0.4328   -0.6010   -0.6719
   -0.7834    0.1181   -0.6102
    0.4461    0.7905   -0.4197
...   130 C-G ...
    9.5159  -72.1941   94.9104
   -0.0881   -0.5042   -0.8591
   -0.8830    0.4387   -0.1670
    0.4611    0.7438   -0.4839
...   131 A-T ...
   10.8877  -69.6971   93.2129
   -0.6075   -0.2398   -0.7572
   -0.6707    0.6656    0.3274
    0.4255    0.7068   -0.5652
...   132 A-T ...
   12.3835  -67.6285   91.2062
   -0.8776    0.1767   -0.4456
   -0.2176    0.6813    0.6989
    0.4271    0.7103   -0.5595
...   133 A-T ...
   13.7263  -65.5048   89.1528
   -0.8516    0.5238    0.0230
    0.3069    0.4625    0.8318
    0.4250    0.7154   -0.5546
...   134 T-A ...
   14.7284  -63.4123   86.8245
   -0.5924    0.6746    0.4405
    0.6886    0.1400    0.7115
    0.4183    0.7248   -0.5474
...   135 G-C ...
   15.7212  -61.4788   83.9378
    0.0342    0.7399    0.6718
    0.8637   -0.3601    0.3526
    0.5028    0.5682   -0.6514
...   136 T-A ...
   15.7740  -59.5465   80.8036
    0.5516    0.4996    0.6680
    0.6739   -0.7388   -0.0038
    0.4916    0.4523   -0.7442
...   137 G-C ...
   16.8281  -57.7076   78.2738
    0.8528   -0.0847    0.5152
    0.1508   -0.9047   -0.3984
    0.4999    0.4175   -0.7588
...   138 A-T ...
   18.4176  -55.5142   76.5363
    0.8547   -0.5007    0.1370
   -0.3189   -0.7148   -0.6224
    0.4096    0.4883   -0.7706
...   139 G-C ...
   20.4153  -54.2946   74.5497
    0.5847   -0.7389   -0.3350
   -0.7594   -0.3532   -0.5465
    0.2854    0.5739   -0.7676
...   140 C-G ...
   21.4164  -51.8108   72.7950
    0.1305   -0.7142   -0.6876
   -0.8897    0.2217   -0.3991
    0.4375    0.6639   -0.6065
...   141 G-C ...
   22.1407  -50.1331   67.4725
   -0.4682   -0.8748    0.1248
   -0.8495    0.4067   -0.3362
    0.2434   -0.2634   -0.9335
...   142 C-G ...
   22.3378  -51.2253   64.5019
   -0.8529   -0.5117   -0.1032
   -0.4974    0.8566   -0.1372
    0.1587   -0.0657   -0.9851
...   143 T-A ...
   24.0060  -51.6202   61.9333
   -0.9563    0.0399   -0.2897
    0.0522    0.9980   -0.0348
    0.2877   -0.0484   -0.9565
...   144 C-G ...
   24.8858  -52.7207   58.9948
   -0.7530    0.5560   -0.3520
    0.5213    0.8304    0.1966
    0.4016   -0.0355   -0.9151
...   145 A-T ...
   25.5174  -52.9610   55.8127
   -0.2441    0.9563   -0.1609
    0.8907    0.2867    0.3528
    0.3835   -0.0571   -0.9218
...   146 C-G ...
   25.2678  -52.4925   52.0871
    0.3203    0.9428   -0.0928
    0.8825   -0.2613    0.3910
    0.3444   -0.2071   -0.9157
...   147 A-T ...
   25.6134  -52.5733   48.6479
    0.8597    0.5097    0.0339
    0.4498   -0.7866    0.4230
    0.2423   -0.3484   -0.9055
