  147 base-pairs
...     1 T-A ...
    0.0000    0.0000    0.0000
    1.0000    0.0000    0.0000
    0.0000    1.0000    0.0000
    0.0000    0.0000    1.0000
...     2 G-C ...
   -0.5555   -1.1003    3.3981
    0.7749    0.6051    0.1828
   -0.5991    0.7953   -0.0929
   -0.2016   -0.0375    0.9787
...     3 T-A ...
   -0.6619   -3.0237    6.5348
    0.3046    0.9250    0.2271
   -0.8994    0.3578   -0.2510
   -0.3134   -0.1278    0.9410
...     4 G-C ...
   -1.1607   -3.8418    9.6940
   -0.3351    0.9421    0.0133
   -0.8752   -0.3061   -0.3746
   -0.3489   -0.1372    0.9271
...     5 A-T ...
   -1.3881   -3.6770   12.8999
   -0.7835    0.6162   -0.0801
   -0.5677   -0.7622   -0.3109
   -0.2527   -0.1981    0.9470
...     6 G-C ...
   -2.6236   -3.5448   15.7072
   -0.9923    0.0611   -0.1075
   -0.0294   -0.9610   -0.2748
   -0.1201   -0.2695    0.9555
...     7 C-G ...
   -2.3138   -3.7570   18.8866
   -0.8620   -0.4995   -0.0864
    0.5008   -0.8655    0.0073
   -0.0785   -0.0370    0.9962
...     8 G-C ...
   -3.9561   -6.8109   23.3205
   -0.2581   -0.3560   -0.8981
    0.6294   -0.7673    0.1233
   -0.7330   -0.5335    0.4221
...     9 C-G ...
   -6.1177   -8.9414   24.2385
    0.1143   -0.7320   -0.6716
    0.8123   -0.3203    0.4874
   -0.5720   -0.6013    0.5580
...    10 T-A ...
   -8.5041   -9.6771   26.0540
    0.4660   -0.8587   -0.2131
    0.6274    0.1508    0.7640
   -0.6239   -0.4897    0.6090
...    11 C-G ...
  -11.0625  -11.3174   27.2336
    0.6660   -0.6911    0.2808
    0.3382    0.6152    0.7121
   -0.6649   -0.3794    0.6435
...    12 A-T ...
  -13.0013  -13.1789   29.0658
    0.7188   -0.1490    0.6790
   -0.1787    0.9043    0.3876
   -0.6718   -0.4000    0.6235
...    13 C-G ...
  -14.1788  -15.9359   31.3399
    0.4052    0.2865    0.8682
   -0.5270    0.8492   -0.0343
   -0.7470   -0.4437    0.4951
...    14 A-T ...
  -15.9532  -18.1566   33.3080
   -0.1503    0.6873    0.7107
   -0.6106    0.5008   -0.6135
   -0.7776   -0.5261    0.3444
...    15 A-T ...
  -18.3622  -20.0054   34.4310
   -0.4708    0.8523    0.2281
   -0.3892    0.0314   -0.9206
   -0.7918   -0.5222    0.3169
...    16 T-A ...
  -20.7531  -21.6600   36.1758
   -0.6368    0.7144   -0.2901
   -0.0558   -0.4180   -0.9067
   -0.7690   -0.5612    0.3060
...    17 T-A ...
  -23.2853  -23.3018   37.4921
   -0.5689    0.3168   -0.7590
    0.3456   -0.7453   -0.5701
   -0.7463   -0.5867    0.3145
...    18 T-A ...
  -25.8049  -25.0542   38.4875
   -0.2400   -0.1117   -0.9643
    0.5965   -0.8007   -0.0557
   -0.7659   -0.5886    0.2588
...    19 A-T ...
  -28.2914  -27.1126   39.0718
    0.2117   -0.4295   -0.8779
    0.6115   -0.6425    0.4617
   -0.7624   -0.6346    0.1266
...    20 T-A ...
  -31.1341  -28.7977   38.9726
    0.5032   -0.6860   -0.5255
    0.4164   -0.3404    0.8431
   -0.7572   -0.6430    0.1144
...    21 T-A ...
  -33.6705  -30.8684   39.0178
    0.6587   -0.7516    0.0344
    0.0474    0.0871    0.9951
   -0.7509   -0.6538    0.0930
...    22 C-G ...
  -36.0455  -33.1153   39.2647
    0.5895   -0.5421    0.5989
   -0.3596    0.4878    0.7955
   -0.7234   -0.6842    0.0926
...    23 G-C ...
  -38.5051  -35.2162   40.2103
    0.3820   -0.0897    0.9198
   -0.6701    0.6585    0.3425
   -0.6364   -0.7473    0.1915
...    24 C-G ...
  -40.2863  -37.9068   40.7765
    0.0092    0.3080    0.9513
   -0.7718    0.6071   -0.1891
   -0.6358   -0.7325    0.2433
...    25 A-T ...
  -42.7479  -40.0772   41.2779
   -0.4108    0.6351    0.6541
   -0.6350    0.3155   -0.7052
   -0.6543   -0.7050    0.2737
...    26 A-T ...
  -44.8097  -42.3900   42.3667
   -0.7062    0.6941    0.1397
   -0.2858   -0.0989   -0.9532
   -0.6477   -0.7131    0.2683
...    27 A-T ...
  -46.8128  -44.6562   43.5818
   -0.7568    0.4910   -0.4316
    0.1911   -0.4652   -0.8643
   -0.6251   -0.7366    0.2582
...    28 G-C ...
  -49.1636  -46.7950   44.7008
   -0.5033    0.2100   -0.8382
    0.5535   -0.6666   -0.4993
   -0.6636   -0.7152    0.2193
...    29 G-C ...
  -51.7405  -48.9805   45.3683
   -0.0495   -0.1356   -0.9895
    0.7341   -0.6768    0.0561
   -0.6773   -0.7236    0.1331
...    30 C-G ...
  -54.2557  -51.0758   45.5158
    0.3994   -0.4324   -0.8084
    0.6320   -0.5090    0.5844
   -0.6642   -0.7443    0.0700
...    31 C-G ...
  -56.6876  -53.3813   45.5454
    0.7344   -0.5717   -0.3658
    0.3027   -0.2066    0.9304
   -0.6075   -0.7940    0.0213
...    32 G-C ...
  -58.3248  -55.9470   45.7691
    0.8537   -0.5004    0.1443
   -0.1261    0.0702    0.9895
   -0.5053   -0.8630   -0.0032
...    33 G-C ...
  -59.5048  -59.0929   45.6062
    0.6809   -0.3207    0.6584
   -0.5908    0.2907    0.7526
   -0.4328   -0.9015    0.0085
...    34 C-G ...
  -60.5087  -62.2093   45.4877
    0.2692   -0.0649    0.9609
   -0.8765    0.3969    0.2723
   -0.3991   -0.9156    0.0500
...    35 C-G ...
  -61.4635  -65.4414   45.9764
   -0.2381    0.2127    0.9477
   -0.8946    0.3319   -0.2993
   -0.3782   -0.9190    0.1112
...    36 C-G ...
  -62.5883  -68.5214   46.6337
   -0.6745    0.3987    0.6214
   -0.6354    0.1153   -0.7636
   -0.3760   -0.9098    0.1756
...    37 G-C ...
  -64.1510  -71.5575   46.3280
   -0.8898    0.4495    0.0792
   -0.1529   -0.1301   -0.9796
   -0.4301   -0.8837    0.1845
...    38 A-T ...
  -65.4233  -74.3801   46.9580
   -0.8111    0.2909   -0.5075
    0.4025   -0.3518   -0.8451
   -0.4244   -0.8897    0.1683
...    39 C-G ...
  -67.2329  -76.9449   47.6825
   -0.4711    0.1020   -0.8761
    0.7595   -0.4582   -0.4617
   -0.4485   -0.8830    0.1384
...    40 A-T ...
  -68.8391  -79.8468   48.0031
    0.0802   -0.1102   -0.9907
    0.8900   -0.4396    0.1209
   -0.4488   -0.8914    0.0628
...    41 C-G ...
  -70.6438  -82.5986   47.7522
    0.5395   -0.2738   -0.7962
    0.7255   -0.3288    0.6046
   -0.4273   -0.9039    0.0212
...    42 G-C ...
  -71.7161  -85.7087   48.1615
    0.8900   -0.3346   -0.3097
    0.2844   -0.1235    0.9507
   -0.3564   -0.9342   -0.0148
...    43 A-T ...
  -72.9610  -88.6062   48.0832
    0.8965   -0.3293    0.2963
   -0.2747    0.1116    0.9550
   -0.3475   -0.9376    0.0096
...    44 C-G ...
  -73.7740  -91.7380   47.4603
    0.6459   -0.1584    0.7468
   -0.7078    0.2423    0.6636
   -0.2861   -0.9572    0.0444
...    45 T-A ...
  -74.1131  -95.3151   47.4965
    0.1575    0.0689    0.9851
   -0.9530    0.2722    0.1333
   -0.2590   -0.9598    0.1085
...    46 T-A ...
  -74.6212  -98.4728   47.8351
   -0.3253    0.2193    0.9198
   -0.9117    0.1854   -0.3666
   -0.2509   -0.9579    0.1396
...    47 A-T ...
  -75.5205 -101.5889   48.4690
   -0.7595    0.3682    0.5363
   -0.5800   -0.0102   -0.8145
   -0.2944   -0.9297    0.2213
...    48 C-G ...
  -76.3489 -104.4954   49.8985
   -0.9467    0.3212    0.0224
   -0.1003   -0.2282   -0.9684
   -0.3060   -0.9191    0.2482
...    49 T-A ...
  -77.5433 -107.3526   51.2176
   -0.8374    0.2120   -0.5038
    0.3934   -0.4060   -0.8249
   -0.3794   -0.8890    0.2565
...    50 G-C ...
  -78.8783 -110.3438   51.8431
   -0.4324    0.0048   -0.9017
    0.7993   -0.4608   -0.3857
   -0.4173   -0.8875    0.1954
...    51 T-A ...
  -80.6974 -112.9260   52.4253
    0.0433   -0.2186   -0.9749
    0.9085   -0.3973    0.1294
   -0.4156   -0.8913    0.1814
...    52 A-T ...
  -81.8097 -115.9780   53.0787
    0.5929   -0.3853   -0.7071
    0.7057   -0.1742    0.6867
   -0.3878   -0.9062    0.1686
...    53 G-C ...
  -83.2842 -118.8419   53.5045
    0.8970   -0.3303   -0.2938
    0.3288    0.0543    0.9428
   -0.2955   -0.9423    0.1573
...    54 G-C ...
  -84.3126 -122.3064   53.2149
    0.9615   -0.1527    0.2286
   -0.1937    0.2140    0.9574
   -0.1952   -0.9648    0.1762
...    55 T-A ...
  -84.6121 -125.5095   53.4378
    0.7437    0.0295    0.6679
   -0.6515    0.2559    0.7142
   -0.1499   -0.9663    0.2095
...    56 A-T ...
  -84.3547 -128.9217   53.9903
    0.2881    0.3056    0.9075
   -0.9560    0.1463    0.2543
   -0.0550   -0.9409    0.3343
...    57 T-A ...
  -83.8168 -131.9629   55.0382
   -0.2163    0.3756    0.9012
   -0.9756   -0.0463   -0.2148
   -0.0389   -0.9256    0.3764
...    58 C-G ...
  -83.7599 -135.0079   56.6107
   -0.7672    0.3007    0.5665
   -0.6398   -0.2975   -0.7086
   -0.0445   -0.9061    0.4206
...    59 T-A ...
  -83.9484 -137.8099   58.3334
   -0.9862    0.1421    0.0848
   -0.1406   -0.4495   -0.8821
   -0.0872   -0.8819    0.4633
...    60 C-G ...
  -84.5180 -140.7818   59.5454
   -0.8779   -0.1604   -0.4512
    0.4663   -0.5012   -0.7290
   -0.1092   -0.8503    0.5148
...    61 G-C ...
  -84.4694 -143.8194   60.7620
   -0.4780   -0.3936   -0.7853
    0.8688   -0.3435   -0.3566
   -0.1294   -0.8527    0.5061
...    62 A-T ...
  -84.5171 -146.5625   62.5510
    0.1390   -0.5068   -0.8508
    0.9867   -0.0023    0.1626
   -0.0843   -0.8621    0.4998
...    63 G-C ...
  -84.8792 -149.4393   64.0917
    0.6438   -0.4080   -0.6474
    0.7645    0.3062    0.5673
   -0.0332   -0.8601    0.5091
...    64 C-G ...
  -85.2855 -152.5244   65.4862
    0.9657   -0.1091   -0.2356
    0.2581    0.5007    0.8263
    0.0278   -0.8587    0.5116
...    65 T-A ...
  -85.2031 -155.5707   66.8535
    0.9560    0.2508    0.1519
   -0.2615    0.4944    0.8290
    0.1328   -0.8322    0.5383
...    66 C-G ...
  -84.5363 -158.3082   68.6070
    0.6438    0.5563    0.5254
   -0.7321    0.2482    0.6344
    0.2225   -0.7931    0.5671
...    67 G-C ...
  -83.8892 -160.4535   70.9195
    0.1430    0.7020    0.6977
   -0.9406   -0.1228    0.3164
    0.3078   -0.7015    0.6427
...    68 G-C ...
  -82.5371 -162.4551   73.2179
   -0.4066    0.5859    0.7010
   -0.8558   -0.5129   -0.0677
    0.3199   -0.6274    0.7099
...    69 G-C ...
  -81.4418 -164.0692   75.9714
   -0.8324    0.2723    0.4826
   -0.4753   -0.7987   -0.3690
    0.2850   -0.5365    0.7943
...    70 A-T ...
  -80.4103 -165.5638   78.7658
   -0.9435   -0.2745    0.1858
    0.1278   -0.8185   -0.5602
    0.3058   -0.5048    0.8073
...    71 T-A ...
  -79.6588 -166.7581   81.7696
   -0.7320   -0.6702   -0.1226
    0.6052   -0.5570   -0.5687
    0.3128   -0.4905    0.8134
...    72 C-G ...
  -78.8507 -168.3116   84.6552
   -0.1926   -0.8930   -0.4068
    0.9183   -0.0179   -0.3955
    0.3459   -0.4497    0.8235
...    73 C-G ...
  -77.8309 -169.7197   87.4561
    0.2868   -0.7305   -0.6197
    0.8764    0.4614   -0.1383
    0.3869   -0.5034    0.7725
...    74 G-C ...
  -76.1254 -171.0657   89.9023
    0.6723   -0.3023   -0.6757
    0.5666    0.7976    0.2070
    0.4763   -0.5220    0.7075
...    75 C-G ...
  -74.8324 -173.2156   92.2849
    0.8523    0.2235   -0.4728
    0.0656    0.8512    0.5207
    0.5189   -0.4748    0.7109
...    76 T-A ...
  -73.0492 -175.1719   94.4498
    0.6981    0.6942   -0.1753
   -0.4148    0.5918    0.6912
    0.5836   -0.4098    0.7011
...    77 T-A ...
  -70.8611 -176.5015   96.4130
    0.3168    0.9309    0.1816
   -0.7266    0.1151    0.6773
    0.6096   -0.3466    0.7129
...    78 T-A ...
  -68.8140 -177.4248   98.6816
   -0.1889    0.8796    0.4366
   -0.7604   -0.4124    0.5017
    0.6214   -0.2373    0.7467
...    79 A-T ...
  -66.8998 -177.8208  101.4108
   -0.6708    0.5300    0.5188
   -0.4768   -0.8439    0.2458
    0.5681   -0.0825    0.8188
...    80 A-T ...
  -65.0805 -177.7646  104.0110
   -0.8295   -0.0267    0.5579
    0.0046   -0.9992   -0.0410
    0.5586   -0.0314    0.8289
...    81 C-G ...
  -63.4355 -177.2067  106.9060
   -0.6666   -0.5669    0.4840
    0.4729   -0.8236   -0.3132
    0.5762    0.0201    0.8171
...    82 A-T ...
  -61.6027 -177.2214  109.6866
   -0.2514   -0.9471    0.1997
    0.7764   -0.3205   -0.5426
    0.5779    0.0186    0.8159
...    83 C-G ...
  -60.2793 -177.0981  112.8437
    0.2038   -0.9733   -0.1055
    0.7804    0.2266   -0.5827
    0.5911    0.0364    0.8058
...    84 T-A ...
  -58.6561 -177.3921  116.0849
    0.6025   -0.6869   -0.4064
    0.5109    0.7231   -0.4649
    0.6132    0.0725    0.7866
...    85 T-A ...
  -56.7948 -177.4930  118.7388
    0.7899   -0.1541   -0.5935
    0.0568    0.9821   -0.1795
    0.6106    0.1081    0.7846
...    86 T-A ...
  -54.7804 -177.2696  121.2543
    0.6472    0.4067   -0.6447
   -0.3940    0.9025    0.1739
    0.6526    0.1415    0.7444
...    87 A-T ...
  -52.5573 -176.5634  123.4835
    0.2358    0.7472   -0.6214
   -0.6461    0.5981    0.4741
    0.7259    0.2897    0.6238
...    88 T-A ...
  -49.7914 -175.8264  124.8820
   -0.1544    0.9050   -0.3964
   -0.6644    0.2018    0.7196
    0.7312    0.3745    0.5702
...    89 G-C ...
  -47.2617 -174.3264  126.4915
   -0.6019    0.7972    0.0472
   -0.4041   -0.3550    0.8430
    0.6888    0.4884    0.5358
...    90 C-G ...
  -45.1997 -172.2071  127.9387
   -0.7641    0.4499    0.4623
    0.0112   -0.7074    0.7068
    0.6450    0.5452    0.5355
...    91 T-A ...
  -43.5964 -169.6895  129.8177
   -0.6124   -0.0172    0.7903
    0.5052   -0.7775    0.3745
    0.6081    0.6286    0.4849
...    92 T-A ...
  -41.8770 -167.4410  131.3573
   -0.2124   -0.4506    0.8671
    0.7793   -0.6134   -0.1279
    0.5895    0.6486    0.4814
...    93 C-G ...
  -40.1120 -165.1513  133.1119
    0.3288   -0.6956    0.6387
    0.7488   -0.2201   -0.6252
    0.5755    0.6839    0.4485
...    94 C-G ...
  -38.3383 -162.8404  134.6466
    0.6291   -0.7559    0.1815
    0.4600    0.1737   -0.8708
    0.6266    0.6313    0.4570
...    95 G-C ...
  -36.3645 -160.4737  135.7741
    0.7306   -0.5571   -0.3947
   -0.0358    0.5460   -0.8370
    0.6818    0.6257    0.3790
...    96 T-A ...
  -34.1765 -158.7268  137.5531
    0.5914   -0.2324   -0.7722
   -0.4274    0.7216   -0.5446
    0.6838    0.6521    0.3274
...    97 C-G ...
  -32.0078 -156.6058  138.4861
    0.2050    0.1349   -0.9694
   -0.6720    0.7395   -0.0392
    0.7116    0.6595    0.2423
...    98 A-T ...
  -29.3552 -154.6253  139.2467
   -0.2796    0.3929   -0.8760
   -0.6379    0.6059    0.4754
    0.7176    0.6917    0.0812
...    99 T-A ...
  -26.8841 -152.5746  139.0413
   -0.6099    0.5719   -0.5486
   -0.4114    0.3632    0.8360
    0.6774    0.7355    0.0137
...   100 G-C ...
  -24.7295 -149.8903  138.6259
   -0.8257    0.5641    0.0058
    0.0329    0.0378    0.9987
    0.5632    0.8248   -0.0498
...   101 T-A ...
  -23.1512 -147.0671  137.7778
   -0.7065    0.4823    0.5179
    0.4704   -0.2267    0.8528
    0.5287    0.8462   -0.0667
...   102 T-A ...
  -21.6603 -144.2748  137.3879
   -0.3326    0.2910    0.8971
    0.7972   -0.4214    0.4323
    0.5038    0.8589   -0.0918
...   103 A-T ...
  -19.7967 -141.4524  137.0839
    0.2387   -0.0104    0.9710
    0.8345   -0.5093   -0.2106
    0.4967    0.8605   -0.1129
...   104 T-A ...
  -18.7980 -138.3583  136.9587
    0.6388   -0.2252    0.7357
    0.6040   -0.4455   -0.6608
    0.4766    0.8665   -0.1486
...   105 A-T ...
  -17.1588 -135.5019  136.1072
    0.8857   -0.4333    0.1667
    0.0744   -0.2218   -0.9722
    0.4583    0.8735   -0.1642
...   106 A-T ...
  -15.7148 -132.6835  135.7266
    0.7807   -0.4880   -0.3904
   -0.4356    0.0231   -0.8998
    0.4481    0.8726   -0.1945
...   107 C-G ...
  -13.8089 -129.8739  135.6082
    0.4172   -0.4215   -0.8052
   -0.7930    0.2639   -0.5491
    0.4439    0.8676   -0.2241
...   108 G-C ...
  -12.6264 -127.1100  134.3872
   -0.1303   -0.3869   -0.9129
   -0.8863    0.4581   -0.0676
    0.4444    0.8003   -0.4026
...   109 G-C ...
  -11.1940 -124.8169  132.5348
   -0.6127   -0.2021   -0.7640
   -0.6735    0.6393    0.3710
    0.4135    0.7419   -0.5279
...   110 A-T ...
   -9.9604 -122.5615  130.5680
   -0.9018    0.1573   -0.4025
   -0.2026    0.6687    0.7154
    0.3817    0.7267   -0.5712
...   111 G-C ...
   -8.9700 -120.3458  128.2997
   -0.9048    0.4231    0.0484
    0.2876    0.5232    0.8022
    0.3141    0.7398   -0.5950
...   112 C-G ...
   -8.3164 -117.9937  125.9237
   -0.5937    0.6140    0.5202
    0.7583    0.2106    0.6169
    0.2692    0.7607   -0.5906
...   113 T-A ...
   -7.7241 -115.5345  123.8054
   -0.1285    0.6120    0.7804
    0.9626   -0.1123    0.2466
    0.2385    0.7829   -0.5747
...   114 C-G ...
   -6.8608 -112.8846  122.0696
    0.4386    0.4178    0.7956
    0.8716   -0.4135   -0.2633
    0.2190    0.8090   -0.5456
...   115 G-C ...
   -5.7726 -110.4748  120.0883
    0.8433    0.0621    0.5338
    0.4689   -0.5704   -0.6744
    0.2626    0.8190   -0.5101
...   116 T-A ...
   -4.8235 -107.5735  118.9330
    0.9535   -0.2731    0.1278
   -0.0330   -0.5157   -0.8561
    0.2997    0.8121   -0.5007
...   117 A-T ...
   -3.5352 -104.6495  117.7138
    0.7466   -0.5742   -0.3360
   -0.5539   -0.2566   -0.7920
    0.3686    0.7774   -0.5097
...   118 T-A ...
   -1.8597 -102.1226  116.5920
    0.3836   -0.6210   -0.6835
   -0.8505    0.0509   -0.5235
    0.3599    0.7822   -0.5086
...   119 A-T ...
   -0.8225  -99.5626  114.7522
   -0.1785   -0.5412   -0.8218
   -0.9103    0.4077   -0.0708
    0.3734    0.7355   -0.5654
...   120 A-T ...
    0.6273  -97.4312  112.7976
   -0.6620   -0.2527   -0.7056
   -0.6593    0.6442    0.3878
    0.3565    0.7219   -0.5931
...   121 T-A ...
    2.0879  -95.5629  110.4541
   -0.9061    0.1062   -0.4095
   -0.2314    0.6861    0.6898
    0.3542    0.7198   -0.5971
...   122 G-C ...
    3.1395  -93.2667  108.1002
   -0.9086    0.4045    0.1045
    0.3223    0.5194    0.7915
    0.2658    0.7528   -0.6022
...   123 T-A ...
    3.6419  -91.0125  105.7979
   -0.6459    0.5890    0.4857
    0.7223    0.2656    0.6385
    0.2471    0.7633   -0.5970
...   124 G-C ...
    4.2317  -88.4170  103.8024
   -0.1616    0.5683    0.8068
    0.9660   -0.0760    0.2470
    0.2017    0.8193   -0.5367
...   125 T-A ...
    4.3444  -85.7552  102.0060
    0.3392    0.4117    0.8459
    0.9177   -0.3423   -0.2015
    0.2066    0.8446   -0.4939
...   126 C-G ...
    4.9823  -83.0256  100.5686
    0.8055    0.1413    0.5755
    0.5598   -0.5001   -0.6607
    0.1944    0.8543   -0.4820
...   127 G-C ...
    6.0088  -80.5131   98.7358
    0.9338   -0.2559    0.2502
    0.1092   -0.4619   -0.8802
    0.3408    0.8492   -0.4034
...   128 A-T ...
    7.0205  -77.7915   97.5025
    0.8237   -0.4803   -0.3015
   -0.4536   -0.2389   -0.8586
    0.3403    0.8440   -0.4146
...   129 C-G ...
    8.6192  -74.9976   96.7721
    0.4530   -0.5684   -0.6868
   -0.8113    0.0566   -0.5819
    0.3696    0.8208   -0.4355
...   130 C-G ...
   10.4558  -72.5647   95.2259
   -0.0640   -0.5383   -0.8403
   -0.9120    0.3735   -0.1698
    0.4052    0.7555   -0.5148
...   131 A-T ...
   11.1724  -69.8358   93.4545
   -0.5927   -0.2988   -0.7479
   -0.7175    0.6178    0.3218
    0.3659    0.7273   -0.5806
...   132 A-T ...
   12.4399  -67.6357   91.3656
   -0.8899    0.1053   -0.4438
   -0.2618    0.6789    0.6859
    0.3736    0.7266   -0.5766
...   133 A-T ...
   13.7103  -65.5409   89.1799
   -0.8587    0.5122    0.0169
    0.2969    0.4704    0.8310
    0.4177    0.7186   -0.5560
...   134 T-A ...
   14.7283  -63.4123   86.8246
   -0.5924    0.6746    0.4405
    0.6886    0.1400    0.7115
    0.4183    0.7248   -0.5474
...   135 G-C ...
   15.7211  -61.4788   83.9378
    0.0342    0.7399    0.6718
    0.8637   -0.3601    0.3526
    0.5028    0.5682   -0.6514
...   136 T-A ...
   15.7739  -59.5464   80.8037
    0.5516    0.4996    0.6680
    0.6739   -0.7388   -0.0038
    0.4916    0.4523   -0.7442
...   137 G-C ...
   16.8280  -57.7076   78.2739
    0.8528   -0.0847    0.5152
    0.1508   -0.9047   -0.3984
    0.4999    0.4175   -0.7588
...   138 A-T ...
   18.4176  -55.5141   76.5363
    0.8547   -0.5007    0.1370
   -0.3189   -0.7148   -0.6224
    0.4096    0.4883   -0.7706
...   139 G-C ...
   20.4152  -54.2945   74.5497
    0.5847   -0.7389   -0.3350
   -0.7594   -0.3532   -0.5465
    0.2854    0.5739   -0.7676
...   140 C-G ...
   21.4164  -51.8107   72.7951
    0.1305   -0.7142   -0.6876
   -0.8897    0.2217   -0.3991
    0.4375    0.6639   -0.6065
...   141 G-C ...
   22.1406  -50.1330   67.4726
   -0.4682   -0.8748    0.1248
   -0.8495    0.4067   -0.3362
    0.2434   -0.2634   -0.9335
...   142 C-G ...
   22.3377  -51.2252   64.5020
   -0.8529   -0.5117   -0.1032
   -0.4974    0.8566   -0.1372
    0.1587   -0.0657   -0.9851
...   143 T-A ...
   24.0060  -51.6201   61.9334
   -0.9563    0.0399   -0.2897
    0.0522    0.9980   -0.0348
    0.2877   -0.0484   -0.9565
...   144 C-G ...
   24.8857  -52.7207   58.9949
   -0.7530    0.5560   -0.3520
    0.5213    0.8304    0.1966
    0.4016   -0.0355   -0.9151
...   145 A-T ...
   25.5174  -52.9610   55.8128
   -0.2442    0.9563   -0.1609
    0.8907    0.2867    0.3528
    0.3835   -0.0571   -0.9218
...   146 C-G ...
   25.2677  -52.4924   52.0872
    0.3203    0.9428   -0.0928
    0.8825   -0.2613    0.3910
    0.3444   -0.2071   -0.9157
...   147 A-T ...
   25.6133  -52.5732   48.6480
    0.8597    0.5097    0.0339
    0.4498   -0.7866    0.4230
    0.2423   -0.3484   -0.9055
