  147 base-pairs
...     1 T-A ...
    0.0000    0.0000    0.0000
    1.0000    0.0000    0.0000
    0.0000    1.0000    0.0000
    0.0000    0.0000    1.0000
...     2 G-C ...
   -0.5555   -1.1003    3.3981
    0.7749    0.6051    0.1828
   -0.5991    0.7953   -0.0929
   -0.2016   -0.0375    0.9787
...     3 T-A ...
   -0.6619   -3.0237    6.5348
    0.3046    0.9250    0.2271
   -0.8994    0.3578   -0.2510
   -0.3134   -0.1278    0.9410
...     4 G-C ...
   -1.1607   -3.8418    9.6940
   -0.3351    0.9421    0.0133
   -0.8752   -0.3061   -0.3746
   -0.3489   -0.1372    0.9271
...     5 A-T ...
   -1.3881   -3.6770   12.8999
   -0.7835    0.6162   -0.0801
   -0.5677   -0.7622   -0.3109
   -0.2527   -0.1981    0.9470
...     6 G-C ...
   -2.6236   -3.5448   15.7072
   -0.9923    0.0611   -0.1075
   -0.0294   -0.9610   -0.2748
   -0.1201   -0.2695    0.9555
...     7 C-G ...
   -2.3138   -3.7570   18.8866
   -0.8620   -0.4995   -0.0864
    0.5008   -0.8655    0.0073
   -0.0785   -0.0370    0.9962
...     8 G-C ...
   -3.9561   -6.8109   23.3205
   -0.2581   -0.3560   -0.8981
    0.6294   -0.7673    0.1233
   -0.7330   -0.5335    0.4221
...     9 C-G ...
   -6.1177   -8.9414   24.2385
    0.1143   -0.7320   -0.6716
    0.8123   -0.3203    0.4874
   -0.5720   -0.6013    0.5580
...    10 T-A ...
   -8.5041   -9.6771   26.0540
    0.4660   -0.8587   -0.2131
    0.6274    0.1508    0.7640
   -0.6239   -0.4897    0.6090
...    11 C-G ...
  -11.0625  -11.3174   27.2336
    0.6660   -0.6911    0.2808
    0.3382    0.6152    0.7121
   -0.6649   -0.3794    0.6435
...    12 A-T ...
  -13.0013  -13.1789   29.0658
    0.7188   -0.1490    0.6790
   -0.1787    0.9043    0.3876
   -0.6718   -0.4000    0.6235
...    13 C-G ...
  -14.1788  -15.9359   31.3399
    0.4052    0.2865    0.8682
   -0.5270    0.8492   -0.0343
   -0.7470   -0.4437    0.4951
...    14 A-T ...
  -15.9532  -18.1566   33.3080
   -0.1503    0.6873    0.7107
   -0.6106    0.5008   -0.6135
   -0.7776   -0.5261    0.3444
...    15 A-T ...
  -18.2994  -19.9841   34.6261
   -0.4898    0.8374    0.2425
   -0.3998    0.0314   -0.9161
   -0.7747   -0.5457    0.3195
...    16 T-A ...
  -20.6177  -21.6288   36.2869
   -0.6228    0.7409   -0.2514
   -0.0906   -0.3875   -0.9174
   -0.7771   -0.5486    0.3085
...    17 T-A ...
  -23.1443  -23.2636   37.4824
   -0.5513    0.4082   -0.7276
    0.2815   -0.7300   -0.6229
   -0.7854   -0.5482    0.2875
...    18 T-A ...
  -25.7968  -24.8256   38.4707
   -0.2755   -0.0466   -0.9602
    0.5405   -0.8335   -0.1146
   -0.7950   -0.5505    0.2548
...    19 A-T ...
  -28.6032  -26.5293   39.0077
    0.1721   -0.4127   -0.8945
    0.5715   -0.6978    0.4319
   -0.8023   -0.5855    0.1158
...    20 T-A ...
  -31.5059  -28.0455   38.8829
    0.4507   -0.6906   -0.5656
    0.4028   -0.4081    0.8193
   -0.7966   -0.5971    0.0943
...    21 T-A ...
  -34.1372  -29.9365   38.8832
    0.6098   -0.7924   -0.0151
    0.0722    0.0366    0.9967
   -0.7892   -0.6089    0.0796
...    22 C-G ...
  -36.5997  -32.0837   39.0173
    0.5633   -0.6059    0.5618
   -0.3152    0.4709    0.8239
   -0.7638   -0.6412    0.0743
...    23 G-C ...
  -39.1656  -34.1245   39.6238
    0.3638   -0.1826    0.9134
   -0.6097    0.6947    0.3817
   -0.7042   -0.6957    0.1414
...    24 C-G ...
  -41.1681  -36.7268   40.0881
   -0.0024    0.2477    0.9688
   -0.7197    0.6722   -0.1737
   -0.6943   -0.6977    0.1766
...    25 A-T ...
  -43.6214  -38.9008   40.6093
   -0.3565    0.6390    0.6816
   -0.6069    0.3963   -0.6889
   -0.7103   -0.6593    0.2465
...    26 A-T ...
  -45.7767  -41.1008   41.6431
   -0.6473    0.7424    0.1728
   -0.2903   -0.0305   -0.9564
   -0.7048   -0.6693    0.2353
...    27 A-T ...
  -48.0375  -43.1933   42.6643
   -0.7004    0.5925   -0.3979
    0.1328   -0.4395   -0.8884
   -0.7013   -0.6751    0.2292
...    28 G-C ...
  -50.4993  -45.1892   43.5918
   -0.4792    0.3235   -0.8159
    0.4761   -0.6851   -0.5513
   -0.7373   -0.6527    0.1742
...    29 G-C ...
  -53.2273  -47.0918   44.1284
   -0.0811   -0.0318   -0.9962
    0.6429   -0.7654   -0.0279
   -0.7616   -0.6427    0.0826
...    30 C-G ...
  -56.0042  -48.8800   44.1685
    0.3181   -0.4022   -0.8585
    0.5751   -0.6381    0.5120
   -0.7537   -0.6566    0.0283
...    31 C-G ...
  -58.6281  -50.9838   43.8283
    0.6434   -0.6159   -0.4547
    0.2976   -0.3460    0.8898
   -0.7054   -0.7078   -0.0393
...    32 G-C ...
  -60.7758  -53.5330   43.9051
    0.7814   -0.6142    0.1103
   -0.1285    0.0146    0.9916
   -0.6107   -0.7890   -0.0675
...    33 G-C ...
  -62.5699  -56.3467   43.3533
    0.6435   -0.4400    0.6263
   -0.5428    0.3145    0.7787
   -0.5396   -0.8411   -0.0364
...    34 C-G ...
  -63.9747  -59.3238   43.0243
    0.2745   -0.1606    0.9481
   -0.8135    0.4870    0.3180
   -0.5127   -0.8585    0.0030
...    35 C-G ...
  -65.3765  -62.3875   43.1579
   -0.1628    0.1968    0.9668
   -0.8484    0.4723   -0.2390
   -0.5037   -0.8592    0.0901
...    36 C-G ...
  -66.8635  -65.3484   43.7561
   -0.5529    0.4872    0.6759
   -0.6423    0.2675   -0.7182
   -0.5307   -0.8313    0.1650
...    37 G-C ...
  -68.9396  -67.9492   44.0492
   -0.7609    0.6324    0.1453
   -0.2494   -0.0783   -0.9652
   -0.5990   -0.7707    0.2173
...    38 A-T ...
  -70.9296  -70.4215   44.8622
   -0.7477    0.4853   -0.4531
    0.2378   -0.4414   -0.8652
   -0.6199   -0.7547    0.2146
...    39 C-G ...
  -73.2694  -72.4990   45.9632
   -0.5020    0.1998   -0.8415
    0.5870   -0.6358   -0.5012
   -0.6351   -0.7456    0.2019
...    40 A-T ...
  -75.2818  -75.0877   46.4891
   -0.0249   -0.1314   -0.9910
    0.7534   -0.6541    0.0678
   -0.6571   -0.7449    0.1153
...    41 C-G ...
  -77.8774  -77.1498   46.5867
    0.3867   -0.4318   -0.8149
    0.6546   -0.4939    0.5723
   -0.6496   -0.7547    0.0916
...    42 G-C ...
  -79.7963  -79.8370   47.0573
    0.7556   -0.5369   -0.3752
    0.3261   -0.1884    0.9264
   -0.5680   -0.8223    0.0328
...    43 A-T ...
  -81.6615  -82.5182   47.0361
    0.8323   -0.5063    0.2255
   -0.1705    0.1532    0.9734
   -0.5274   -0.8486    0.0412
...    44 C-G ...
  -83.0860  -85.4579   46.6130
    0.6505   -0.3172    0.6901
   -0.5789    0.3811    0.7209
   -0.4917   -0.8684    0.0643
...    45 T-A ...
  -84.3567  -88.5003   46.7423
    0.2986   -0.0049    0.9544
   -0.8453    0.4628    0.2669
   -0.4430   -0.8865    0.1340
...    46 T-A ...
  -85.5369  -91.4802   47.1881
   -0.2130    0.2727    0.9382
   -0.8740    0.3760   -0.3077
   -0.4367   -0.8856    0.1583
...    47 A-T ...
  -87.0753  -94.3578   47.8187
   -0.6451    0.5014    0.5765
   -0.6100    0.1164   -0.7838
   -0.4602   -0.8573    0.2307
...    48 C-G ...
  -88.3532  -97.0852   49.1912
   -0.8577    0.5077    0.0813
   -0.1983   -0.1808   -0.9633
   -0.4744   -0.8424    0.2558
...    49 T-A ...
  -90.0653  -99.6725   50.3468
   -0.8149    0.3682   -0.4476
    0.2658   -0.4489   -0.8531
   -0.5151   -0.8142    0.2680
...    50 G-C ...
  -91.7945 -102.4461   50.9144
   -0.4808    0.0903   -0.8722
    0.6727   -0.6000   -0.4330
   -0.5624   -0.7949    0.2277
...    51 T-A ...
  -94.1376 -104.6734   51.7432
   -0.0512   -0.2303   -0.9718
    0.8282   -0.5536    0.0875
   -0.5581   -0.8003    0.2191
...    52 A-T ...
  -95.8084 -107.4482   52.5818
    0.4686   -0.5123   -0.7197
    0.6976   -0.2854    0.6572
   -0.5421   -0.8100    0.2236
...    53 G-C ...
  -97.7374 -110.1031   53.0258
    0.7998   -0.5265   -0.2882
    0.3598    0.0363    0.9323
   -0.4804   -0.8494    0.2185
...    54 G-C ...
  -99.3901 -113.0269   53.4101
    0.9167   -0.3308    0.2239
   -0.1186    0.3099    0.9433
   -0.3815   -0.8914    0.2449
...    55 T-A ...
 -100.3460 -116.1529   53.6832
    0.7519   -0.0716    0.6554
   -0.5684    0.4333    0.6994
   -0.3341   -0.8984    0.2851
...    56 A-T ...
 -101.0084 -119.2736   54.6482
    0.3927    0.3219    0.8615
   -0.8919    0.3619    0.2713
   -0.2244   -0.8749    0.4292
...    57 T-A ...
 -101.0563 -122.2331   56.0265
   -0.0910    0.4859    0.8693
   -0.9734    0.1410   -0.1807
   -0.2104   -0.8626    0.4601
...    58 C-G ...
 -101.6871 -124.9153   57.7601
   -0.6249    0.5152    0.5866
   -0.7538   -0.2025   -0.6252
   -0.2033   -0.8328    0.5149
...    59 T-A ...
 -102.2727 -127.4309   59.8169
   -0.9174    0.3692    0.1490
   -0.3276   -0.4876   -0.8092
   -0.2261   -0.7912    0.5683
...    60 C-G ...
 -103.1707 -129.8970   61.7900
   -0.9348    0.0059   -0.3551
    0.2713   -0.6331   -0.7249
   -0.2291   -0.7740    0.5903
...    61 G-C ...
 -103.8216 -132.7611   63.3824
   -0.6022   -0.3238   -0.7297
    0.7491   -0.5452   -0.3763
   -0.2760   -0.7733    0.5709
...    62 A-T ...
 -104.7993 -135.2135   65.3509
   -0.0389   -0.5878   -0.8081
    0.9653   -0.2312    0.1217
   -0.2584   -0.7753    0.5763
...    63 G-C ...
 -105.9326 -137.7615   67.1488
    0.4877   -0.5827   -0.6501
    0.8474    0.1369    0.5129
   -0.2099   -0.8011    0.5606
...    64 C-G ...
 -106.9656 -140.4608   68.7682
    0.8782   -0.3678   -0.3059
    0.4559    0.4496    0.7682
   -0.1450   -0.8140    0.5625
...    65 T-A ...
 -107.3908 -143.3332   70.3324
    0.9975   -0.0051    0.0701
   -0.0544    0.5772    0.8148
   -0.0446   -0.8166    0.5755
...    66 C-G ...
 -107.4295 -146.0273   72.1392
    0.7942    0.3947    0.4619
   -0.6066    0.4710    0.6405
    0.0352   -0.7889    0.6135
...    67 G-C ...
 -107.2235 -148.4023   74.4605
    0.3414    0.7203    0.6038
   -0.9258    0.1468    0.3483
    0.1623   -0.6780    0.7170
...    68 G-C ...
 -106.1810 -150.3157   77.0233
   -0.2128    0.7646    0.6083
   -0.9541   -0.2970    0.0395
    0.2108   -0.5720    0.7927
...    69 G-C ...
 -105.2895 -151.6799   79.9798
   -0.7051    0.5336    0.4670
   -0.6773   -0.7019   -0.2206
    0.2101   -0.4718    0.8563
...    70 A-T ...
 -104.6786 -153.0153   82.9275
   -0.9692    0.0141    0.2458
   -0.1186   -0.9017   -0.4159
    0.2158   -0.4322    0.8756
...    71 T-A ...
 -104.0404 -153.7733   86.1004
   -0.8815   -0.4710    0.0337
    0.3987   -0.7807   -0.4812
    0.2529   -0.4107    0.8760
...    72 C-G ...
 -103.3069 -155.0515   89.0543
   -0.4579   -0.8563   -0.2388
    0.8469   -0.3385   -0.4102
    0.2705   -0.3900    0.8802
...    73 C-G ...
 -102.6334 -156.2905   92.1310
    0.0706   -0.8830   -0.4640
    0.9533    0.1966   -0.2292
    0.2936   -0.4261    0.8557
...    74 G-C ...
 -101.2758 -157.3351   94.9980
    0.5529   -0.5782   -0.6000
    0.7358    0.6767    0.0259
    0.3910   -0.4558    0.7996
...    75 C-G ...
 -100.3013 -159.1081   97.6027
    0.8284   -0.0970   -0.5517
    0.3166    0.8936    0.3182
    0.4622   -0.4382    0.7709
...    76 T-A ...
  -98.6823 -160.8042   99.9004
    0.8160    0.4115   -0.4060
   -0.1402    0.8222    0.5516
    0.5608   -0.3932    0.7286
...    77 T-A ...
  -96.7293 -162.1442  102.0683
    0.5633    0.8185   -0.1125
   -0.5457    0.4708    0.6932
    0.6203   -0.3291    0.7120
...    78 T-A ...
  -94.5247 -163.1332  104.1832
    0.1336    0.9667    0.2183
   -0.7419   -0.0485    0.6688
    0.6571   -0.2513    0.7107
...    79 A-T ...
  -92.0333 -163.4273  106.3741
   -0.3825    0.8319    0.4021
   -0.6470   -0.5518    0.5262
    0.6596   -0.0588    0.7493
...    80 A-T ...
  -89.7898 -163.2898  108.7053
   -0.6803    0.3817    0.6258
   -0.2973   -0.9240    0.2404
    0.6700   -0.0225    0.7420
...    81 C-G ...
  -87.5956 -162.6495  111.1342
   -0.7346   -0.1556    0.6604
    0.1254   -0.9877   -0.0933
    0.6668    0.0143    0.7451
...    82 A-T ...
  -85.3670 -162.8733  113.5588
   -0.5367   -0.7026    0.4672
    0.5524   -0.7112   -0.4348
    0.6378    0.0247    0.7698
...    83 C-G ...
  -83.6835 -162.4631  116.4390
   -0.1488   -0.9720    0.1817
    0.7490   -0.2308   -0.6211
    0.6457    0.0437    0.7623
...    84 T-A ...
  -81.7643 -162.3612  119.1516
    0.2603   -0.9467   -0.1899
    0.6988    0.3204   -0.6395
    0.6663    0.0337    0.7449
...    85 T-A ...
  -79.8119 -162.3103  121.7512
    0.6215   -0.5944   -0.5103
    0.3998    0.8009   -0.4459
    0.6737    0.0731    0.7354
...    86 T-A ...
  -77.7011 -162.2610  124.2009
    0.7145   -0.0496   -0.6979
   -0.0328    0.9940   -0.1042
    0.6989    0.0973    0.7086
...    87 A-T ...
  -75.1206 -162.2740  126.3128
    0.4384    0.4368   -0.7855
   -0.3747    0.8832    0.2820
    0.8170    0.1707    0.5509
...    88 T-A ...
  -72.1815 -162.1576  127.6800
    0.1529    0.7976   -0.5835
   -0.5311    0.5642    0.6322
    0.8334    0.2132    0.5099
...    89 G-C ...
  -69.3377 -161.0615  129.0744
   -0.2970    0.9228   -0.2453
   -0.4781    0.0787    0.8748
    0.8266    0.3771    0.4179
...    90 C-G ...
  -66.5895 -159.4562  129.9001
   -0.5592    0.7973    0.2272
   -0.2001   -0.3958    0.8963
    0.8045    0.4558    0.3809
...    91 T-A ...
  -64.0666 -157.5580  130.8627
   -0.6252    0.4498    0.6378
    0.1761   -0.7149    0.6767
    0.7604    0.5354    0.3677
...    92 T-A ...
  -61.7154 -155.5265  131.8379
   -0.3774   -0.0156    0.9259
    0.5146   -0.8348    0.1956
    0.7699    0.5503    0.3231
...    93 C-G ...
  -59.3048 -153.6022  132.9878
    0.0180   -0.4973    0.8674
    0.6487   -0.6544   -0.3886
    0.7608    0.5697    0.3108
...    94 C-G ...
  -56.9140 -151.5577  134.2165
    0.3454   -0.7943    0.4997
    0.5330   -0.2722   -0.8011
    0.7724    0.5431    0.3294
...    95 G-C ...
  -54.2094 -149.6830  134.7706
    0.5277   -0.8472   -0.0610
    0.2217    0.2067   -0.9529
    0.8200    0.4893    0.2970
...    96 G-C ...
  -51.5498 -148.0286  136.0043
    0.4917   -0.6446   -0.5854
   -0.1183    0.6166   -0.7783
    0.8627    0.4520    0.2269
...    97 T-A ...
  -48.5986 -147.0422  137.0561
    0.3170   -0.2671   -0.9100
   -0.3660    0.8508   -0.3772
    0.8750    0.4526    0.1719
...    98 C-G ...
  -45.7049 -145.6599  137.5488
   -0.0153    0.2212   -0.9751
   -0.4778    0.8551    0.2014
    0.8784    0.4689    0.0926
...    99 A-T ...
  -42.7679 -144.0728  137.6036
   -0.4078    0.5542   -0.7257
   -0.3549    0.6360    0.6852
    0.8413    0.5370   -0.0627
...   100 T-A ...
  -39.9661 -142.6307  136.7685
   -0.5615    0.7717   -0.2986
   -0.0970    0.2970    0.9499
    0.8218    0.5623   -0.0919
...   101 G-C ...
  -37.4973 -140.4265  136.3719
   -0.6241    0.7310    0.2758
    0.2740   -0.1257    0.9535
    0.7317    0.6707   -0.1219
...   102 T-A ...
  -35.4729 -137.9885  135.4456
   -0.4145    0.5457    0.7282
    0.5757   -0.4625    0.6743
    0.7048    0.6988   -0.1225
...   103 T-A ...
  -33.4290 -135.5303  134.8407
    0.0062    0.2117    0.9773
    0.7160   -0.6832    0.1435
    0.6981    0.6989   -0.1558
...   104 A-T ...
  -30.8940 -133.4419  134.1819
    0.4724   -0.2290    0.8511
    0.5568   -0.6710   -0.4896
    0.6832    0.7052   -0.1895
...   105 T-A ...
  -29.0086 -130.7265  134.0071
    0.7043   -0.5210    0.4822
    0.2344   -0.4705   -0.8507
    0.6701    0.7122   -0.2092
...   106 A-T ...
  -26.8399 -128.4076  132.9730
    0.6986   -0.7040   -0.1276
   -0.2517   -0.0749   -0.9649
    0.6697    0.7062   -0.2295
...   107 A-T ...
  -24.5623 -126.1595  132.4603
    0.4347   -0.6297   -0.6438
   -0.6108    0.3192   -0.7246
    0.6617    0.7083   -0.2459
...   108 C-G ...
  -21.9865 -124.2011  131.9305
    0.0319   -0.4137   -0.9098
   -0.7469    0.5951   -0.2968
    0.6642    0.6890   -0.2900
...   109 G-C ...
  -20.0396 -121.7808  130.7481
   -0.4700   -0.1392   -0.8716
   -0.6318    0.7426    0.2222
    0.6163    0.6551   -0.4370
...   110 G-C ...
  -17.9504 -119.9168  128.8750
   -0.7957    0.1930   -0.5741
   -0.2722    0.7328    0.6236
    0.5411    0.6525   -0.5306
...   111 A-T ...
  -16.3123 -117.8470  126.9639
   -0.8369    0.5402   -0.0884
    0.2443    0.5130    0.8229
    0.4898    0.6671   -0.5613
...   112 C-G ...
  -15.1200 -115.8724  124.5985
   -0.6116    0.7035    0.3620
    0.6493    0.1848    0.7378
    0.4521    0.6862   -0.5698
...   113 T-A ...
  -14.0315 -113.5186  122.5453
   -0.2128    0.6615    0.7191
    0.8885   -0.1752    0.4241
    0.4065    0.7292   -0.5504
...   114 C-G ...
  -12.8484 -111.0211  120.7896
    0.3350    0.4241    0.8414
    0.8542   -0.5135   -0.0813
    0.3976    0.7459   -0.5343
...   115 G-C ...
  -11.1955 -108.7559  118.9990
    0.7143    0.0047    0.6998
    0.5388   -0.6418   -0.5457
    0.4466    0.7669   -0.4610
...   116 T-A ...
   -9.9625 -105.8688  117.9278
    0.8808   -0.3422    0.3272
    0.0920   -0.5541   -0.8274
    0.4644    0.7589   -0.4565
...   117 A-T ...
   -8.4447 -103.4430  116.2291
    0.7486   -0.6302   -0.2060
   -0.4440   -0.2458   -0.8617
    0.4923    0.7365   -0.4638
...   118 T-A ...
   -6.4357 -101.0296  115.2590
    0.4245   -0.6736   -0.6050
   -0.7602    0.0978   -0.6423
    0.4918    0.7326   -0.4706
...   119 A-T ...
   -4.7839  -98.6931  113.5824
   -0.1207   -0.5601   -0.8196
   -0.8586    0.4733   -0.1970
    0.4983    0.6799   -0.5380
...   120 A-T ...
   -2.9795  -96.7010  111.7770
   -0.5845   -0.2157   -0.7822
   -0.6466    0.7061    0.2885
    0.4901    0.6744   -0.5522
...   121 T-A ...
   -1.1127  -95.0477  109.6423
   -0.8352    0.1518   -0.5286
   -0.2710    0.7228    0.6357
    0.4786    0.6742   -0.5625
...   122 G-C ...
    0.2028  -92.7042  107.6804
   -0.8970    0.4412   -0.0274
    0.2445    0.5469    0.8007
    0.3682    0.7116   -0.5984
...   123 T-A ...
    1.0299  -90.6347  105.2432
   -0.6594    0.6323    0.4068
    0.6717    0.2524    0.6965
    0.3377    0.7325   -0.5911
...   124 G-C ...
    2.0636  -88.0344  103.4515
   -0.2131    0.5850    0.7825
    0.9347   -0.1111    0.3376
    0.2845    0.8033   -0.5232
...   125 T-A ...
    2.3661  -85.2507  101.6926
    0.2872    0.4205    0.8606
    0.9142   -0.3884   -0.1154
    0.2857    0.8199   -0.4960
...   126 C-G ...
    3.2323  -82.4850  100.1842
    0.7528    0.0921    0.6518
    0.5849   -0.5478   -0.5982
    0.3020    0.8315   -0.4662
...   127 G-C ...
    4.5108  -79.9479   98.4495
    0.9131   -0.3100    0.2650
    0.0904   -0.4797   -0.8727
    0.3977    0.8208   -0.4100
...   128 A-T ...
    5.8554  -77.2377   97.2158
    0.7840   -0.5557   -0.2766
   -0.4508   -0.2033   -0.8692
    0.4268    0.8061   -0.4099
...   129 C-G ...
    7.6897  -74.6325   96.3368
    0.4297   -0.6007   -0.6741
   -0.7851    0.1203   -0.6076
    0.4461    0.7903   -0.4199
...   130 C-G ...
    9.5132  -72.1865   94.9153
   -0.0909   -0.5033   -0.8593
   -0.8827    0.4402   -0.1644
    0.4610    0.7436   -0.4842
...   131 A-T ...
   10.8876  -69.6926   93.2167
   -0.6090   -0.2388   -0.7563
   -0.6694    0.6662    0.3288
    0.4254    0.7065   -0.5656
...   132 A-T ...
   12.3835  -67.6261   91.2080
   -0.8779    0.1775   -0.4446
   -0.2164    0.6814    0.6993
    0.4271    0.7101   -0.5598
...   133 A-T ...
   13.7263  -65.5041   89.1531
   -0.8513    0.5241    0.0234
    0.3075    0.4623    0.8317
    0.4251    0.7152   -0.5548
...   134 T-A ...
   14.7283  -63.4123   86.8245
   -0.5924    0.6746    0.4405
    0.6886    0.1400    0.7115
    0.4183    0.7248   -0.5474
...   135 G-C ...
   15.7211  -61.4789   83.9377
    0.0342    0.7399    0.6718
    0.8637   -0.3601    0.3526
    0.5028    0.5682   -0.6514
...   136 T-A ...
   15.7739  -59.5465   80.8036
    0.5516    0.4996    0.6680
    0.6739   -0.7388   -0.0038
    0.4916    0.4523   -0.7442
...   137 G-C ...
   16.8280  -57.7076   78.2738
    0.8528   -0.0847    0.5152
    0.1508   -0.9047   -0.3984
    0.4999    0.4175   -0.7588
...   138 A-T ...
   18.4176  -55.5142   76.5362
    0.8547   -0.5007    0.1370
   -0.3189   -0.7148   -0.6224
    0.4096    0.4883   -0.7706
...   139 G-C ...
   20.4152  -54.2946   74.5496
    0.5847   -0.7389   -0.3350
   -0.7594   -0.3532   -0.5465
    0.2854    0.5739   -0.7676
...   140 C-G ...
   21.4164  -51.8108   72.7950
    0.1305   -0.7142   -0.6876
   -0.8897    0.2217   -0.3991
    0.4375    0.6639   -0.6065
...   141 G-C ...
   22.1406  -50.1331   67.4725
   -0.4682   -0.8748    0.1248
   -0.8495    0.4067   -0.3362
    0.2434   -0.2634   -0.9335
...   142 C-G ...
   22.3378  -51.2253   64.5019
   -0.8529   -0.5117   -0.1032
   -0.4974    0.8566   -0.1372
    0.1587   -0.0657   -0.9851
...   143 T-A ...
   24.0060  -51.6202   61.9332
   -0.9563    0.0399   -0.2897
    0.0522    0.9980   -0.0348
    0.2877   -0.0484   -0.9565
...   144 C-G ...
   24.8857  -52.7208   58.9948
   -0.7530    0.5560   -0.3520
    0.5213    0.8304    0.1966
    0.4016   -0.0355   -0.9151
...   145 A-T ...
   25.5174  -52.9611   55.8127
   -0.2441    0.9563   -0.1609
    0.8907    0.2867    0.3528
    0.3835   -0.0571   -0.9218
...   146 C-G ...
   25.2677  -52.4926   52.0870
    0.3203    0.9428   -0.0928
    0.8825   -0.2613    0.3910
    0.3444   -0.2071   -0.9157
...   147 A-T ...
   25.6133  -52.5733   48.6479
    0.8597    0.5097    0.0339
    0.4498   -0.7866    0.4230
    0.2423   -0.3484   -0.9055
