  147 base-pairs
...     1 T-A ...
    0.0000    0.0000    0.0000
    1.0000    0.0000    0.0000
    0.0000    1.0000    0.0000
    0.0000    0.0000    1.0000
...     2 G-C ...
   -0.5555   -1.1003    3.3981
    0.7749    0.6051    0.1828
   -0.5991    0.7953   -0.0929
   -0.2016   -0.0375    0.9787
...     3 T-A ...
   -0.6619   -3.0237    6.5348
    0.3046    0.9250    0.2271
   -0.8994    0.3578   -0.2510
   -0.3134   -0.1278    0.9410
...     4 G-C ...
   -1.1607   -3.8418    9.6940
   -0.3351    0.9421    0.0133
   -0.8752   -0.3061   -0.3746
   -0.3489   -0.1372    0.9271
...     5 A-T ...
   -1.3881   -3.6770   12.8999
   -0.7835    0.6162   -0.0801
   -0.5677   -0.7622   -0.3109
   -0.2527   -0.1981    0.9470
...     6 G-C ...
   -2.6236   -3.5448   15.7072
   -0.9923    0.0611   -0.1075
   -0.0294   -0.9610   -0.2748
   -0.1201   -0.2695    0.9555
...     7 C-G ...
   -2.3138   -3.7570   18.8866
   -0.8620   -0.4995   -0.0864
    0.5008   -0.8655    0.0073
   -0.0785   -0.0370    0.9962
...     8 G-C ...
   -3.9561   -6.8109   23.3205
   -0.2581   -0.3560   -0.8981
    0.6294   -0.7673    0.1233
   -0.7330   -0.5335    0.4221
...     9 C-G ...
   -6.1177   -8.9414   24.2385
    0.1143   -0.7320   -0.6716
    0.8123   -0.3203    0.4874
   -0.5720   -0.6013    0.5580
...    10 T-A ...
   -8.5041   -9.6771   26.0540
    0.4660   -0.8587   -0.2131
    0.6274    0.1508    0.7640
   -0.6239   -0.4897    0.6090
...    11 C-G ...
  -11.0625  -11.3174   27.2336
    0.6660   -0.6911    0.2808
    0.3382    0.6152    0.7121
   -0.6649   -0.3794    0.6435
...    12 A-T ...
  -13.0013  -13.1789   29.0658
    0.7188   -0.1490    0.6790
   -0.1787    0.9043    0.3876
   -0.6718   -0.4000    0.6235
...    13 C-G ...
  -14.1788  -15.9359   31.3399
    0.4052    0.2865    0.8682
   -0.5270    0.8492   -0.0343
   -0.7470   -0.4437    0.4951
...    14 A-T ...
  -15.9532  -18.1566   33.3080
   -0.1503    0.6873    0.7107
   -0.6106    0.5008   -0.6135
   -0.7776   -0.5261    0.3444
...    15 A-T ...
  -18.3631  -20.0029   34.4349
   -0.4730    0.8514    0.2265
   -0.3885    0.0292   -0.9210
   -0.7908   -0.5236    0.3169
...    16 T-A ...
  -20.7521  -21.6626   36.1796
   -0.6389    0.7115   -0.2927
   -0.0530   -0.4203   -0.9059
   -0.7675   -0.5632    0.3062
...    17 T-A ...
  -23.2793  -23.3123   37.4953
   -0.5690    0.3117   -0.7609
    0.3502   -0.7454   -0.5672
   -0.7440   -0.5892    0.3150
...    18 T-A ...
  -25.7918  -25.0770   38.4952
   -0.2375   -0.1186   -0.9641
    0.6017   -0.7972   -0.0502
   -0.7626   -0.5920    0.2607
...    19 A-T ...
  -28.2603  -27.1603   39.1006
    0.2173   -0.4402   -0.8712
    0.6148   -0.6315    0.4724
   -0.7581   -0.6383    0.1334
...    20 T-A ...
  -31.0891  -28.8695   39.0180
    0.5107   -0.6901   -0.5128
    0.4157   -0.3239    0.8499
   -0.7526   -0.6472    0.1215
...    21 T-A ...
  -33.6069  -30.9606   39.0894
    0.6644   -0.7456    0.0511
    0.0410    0.1046    0.9937
   -0.7463   -0.6581    0.1000
...    22 C-G ...
  -35.9647  -33.2234   39.3670
    0.5893   -0.5260    0.6132
   -0.3695    0.4994    0.7836
   -0.7185   -0.6884    0.1000
...    23 G-C ...
  -38.4104  -35.3317   40.3401
    0.3752   -0.0689    0.9244
   -0.6792    0.6582    0.3247
   -0.6308   -0.7496    0.2002
...    24 C-G ...
  -40.1703  -38.0296   40.9448
   -0.0025    0.3260    0.9454
   -0.7761    0.5955   -0.2074
   -0.6306   -0.7343    0.2515
...    25 A-T ...
  -42.6279  -40.2106   41.4577
   -0.4275    0.6426    0.6358
   -0.6296    0.2931   -0.7195
   -0.6487   -0.7079    0.2793
...    26 A-T ...
  -44.6755  -42.5292   42.5638
   -0.7184    0.6862    0.1144
   -0.2698   -0.1231   -0.9550
   -0.6412   -0.7169    0.2736
...    27 A-T ...
  -46.6635  -44.8036   43.7922
   -0.7573    0.4687   -0.4548
    0.2133   -0.4806   -0.8506
   -0.6173   -0.7411    0.2640
...    28 G-C ...
  -48.9967  -46.9609   44.9182
   -0.4914    0.1813   -0.8519
    0.5745   -0.6677   -0.4735
   -0.6546   -0.7220    0.2239
...    29 G-C ...
  -51.5420  -49.1836   45.5932
   -0.0267   -0.1613   -0.9866
    0.7456   -0.6606    0.0878
   -0.6659   -0.7332    0.1379
...    30 C-G ...
  -54.0183  -51.3267   45.7486
    0.4255   -0.4455   -0.7877
    0.6289   -0.4804    0.6114
   -0.6507   -0.7555    0.0757
...    31 C-G ...
  -56.3978  -53.6856   45.7903
    0.7540   -0.5664   -0.3326
    0.2843   -0.1751    0.9426
   -0.5921   -0.8053    0.0290
...    32 G-C ...
  -57.9899  -56.2823   46.0541
    0.8594   -0.4783    0.1809
   -0.1538    0.0956    0.9835
   -0.4877   -0.8730    0.0086
...    33 G-C ...
  -59.1083  -59.4533   45.9588
    0.6683   -0.2872    0.6863
   -0.6175    0.3003    0.7270
   -0.4149   -0.9096    0.0233
...    34 C-G ...
  -60.0477  -62.5935   45.9128
    0.2406   -0.0308    0.9701
   -0.8924    0.3861    0.2336
   -0.3817   -0.9220    0.0654
...    35 C-G ...
  -60.9600  -65.8273   46.4751
   -0.2749    0.2346    0.9324
   -0.8908    0.3028   -0.3388
   -0.3618   -0.9237    0.1258
...    36 C-G ...
  -62.0443  -68.9143   47.1876
   -0.7063    0.4007    0.5835
   -0.6087    0.0771   -0.7897
   -0.3614   -0.9129    0.1895
...    37 G-C ...
  -63.5290  -72.0036   46.8969
   -0.9033    0.4280    0.0289
   -0.1088   -0.1634   -0.9805
   -0.4150   -0.8889    0.1941
...    38 A-T ...
  -64.7545  -74.8413   47.5620
   -0.7958    0.2531   -0.5502
    0.4475   -0.3665   -0.8157
   -0.4081   -0.8954    0.1784
...    39 C-G ...
  -66.5242  -77.4332   48.2906
   -0.4339    0.0614   -0.8989
    0.7913   -0.4510   -0.4128
   -0.4307   -0.8904    0.1471
...    40 A-T ...
  -68.0609  -80.3743   48.6356
    0.1304   -0.1406   -0.9814
    0.8950   -0.4091    0.1776
   -0.4265   -0.9016    0.0725
...    41 C-G ...
  -69.7737  -83.1856   48.3976
    0.5864   -0.2839   -0.7587
    0.7032   -0.2865    0.6507
   -0.4021   -0.9150    0.0316
...    42 G-C ...
  -70.7755  -86.3146   48.8632
    0.9145   -0.3175   -0.2507
    0.2366   -0.0829    0.9681
   -0.3281   -0.9446   -0.0007
...    43 A-T ...
  -71.9278  -89.2537   48.8206
    0.8878   -0.2916    0.3560
   -0.3304    0.1346    0.9342
   -0.3203   -0.9470    0.0231
...    44 C-G ...
  -72.6186  -92.4278   48.2660
    0.6059   -0.1135    0.7874
   -0.7518    0.2420    0.6134
   -0.2602   -0.9636    0.0613
...    45 T-A ...
  -72.8593  -96.0110   48.4036
    0.0946    0.1064    0.9898
   -0.9672    0.2454    0.0660
   -0.2359   -0.9636    0.1261
...    46 T-A ...
  -73.3013  -99.1695   48.8202
   -0.3930    0.2372    0.8884
   -0.8903    0.1436   -0.4322
   -0.2301   -0.9608    0.1547
...    47 A-T ...
  -74.1801 -102.3014   49.4458
   -0.8155    0.3472    0.4630
   -0.5108   -0.0559   -0.8579
   -0.2720   -0.9361    0.2229
...    48 C-G ...
  -74.9996 -105.2108   50.8840
   -0.9587    0.2769   -0.0645
   -0.0087   -0.2552   -0.9668
   -0.2842   -0.9264    0.2471
...    49 T-A ...
  -76.1754 -108.0972   52.1643
   -0.7995    0.1593   -0.5792
    0.4826   -0.4036   -0.7773
   -0.3576   -0.9010    0.2458
...    50 G-C ...
  -77.4122 -111.1400   52.7501
   -0.3501   -0.0358   -0.9360
    0.8524   -0.4264   -0.3025
   -0.3883   -0.9038    0.1798
...    51 T-A ...
  -79.1451 -113.8019   53.2358
    0.1425   -0.2341   -0.9617
    0.9121   -0.3462    0.2195
   -0.3843   -0.9085    0.1642
...    52 A-T ...
  -80.1740 -116.8976   53.8286
    0.6752   -0.3579   -0.6450
    0.6492   -0.1268    0.7500
   -0.3502   -0.9251    0.1467
...    53 G-C ...
  -81.5216 -119.8362   54.1695
    0.9384   -0.2782   -0.2051
    0.2357    0.0811    0.9684
   -0.2528   -0.9571    0.1417
...    54 G-C ...
  -82.3019 -123.3587   53.8403
    0.9425   -0.0909    0.3216
   -0.2980    0.2072    0.9318
   -0.1514   -0.9741    0.1682
...    55 T-A ...
  -82.4176 -126.5746   54.0697
    0.6712    0.0795    0.7370
   -0.7333    0.2166    0.6445
   -0.1085   -0.9730    0.2037
...    56 A-T ...
  -82.0155 -129.9583   54.6842
    0.1734    0.3225    0.9305
   -0.9844    0.0842    0.1542
   -0.0286   -0.9428    0.3321
...    57 T-A ...
  -81.3912 -132.9639   55.7932
   -0.3350    0.3555    0.8726
   -0.9421   -0.1097   -0.3170
   -0.0170   -0.9282    0.3717
...    58 C-G ...
  -81.2995 -136.0092   57.3593
   -0.8428    0.2417    0.4809
   -0.5376   -0.3340   -0.7743
   -0.0265   -0.9111    0.4114
...    59 T-A ...
  -81.4783 -138.8404   59.0485
   -0.9973    0.0689   -0.0236
   -0.0098   -0.4475   -0.8942
   -0.0721   -0.8916    0.4470
...    60 C-G ...
  -81.9279 -141.8649   60.1991
   -0.8070   -0.2209   -0.5476
    0.5825   -0.4495   -0.6772
   -0.0966   -0.8655    0.4915
...    61 G-C ...
  -81.7587 -144.9132   61.3894
   -0.3532   -0.4119   -0.8400
    0.9289   -0.2615   -0.2623
   -0.1116   -0.8729    0.4749
...    62 A-T ...
  -81.7556 -147.6864   63.1272
    0.2744   -0.4672   -0.8405
    0.9597    0.0780    0.2699
   -0.0605   -0.8807    0.4698
...    63 G-C ...
  -82.0251 -150.6369   64.5477
    0.7436   -0.3259   -0.5838
    0.6685    0.3523    0.6549
   -0.0078   -0.8773    0.4799
...    64 C-G ...
  -82.2877 -153.7970   65.7969
    0.9910   -0.0128   -0.1333
    0.1224    0.4897    0.8633
    0.0542   -0.8718    0.4868
...    65 T-A ...
  -82.0630 -156.8746   67.0743
    0.9063    0.3316    0.2620
   -0.3928    0.4326    0.8115
    0.1558   -0.8384    0.5223
...    66 C-G ...
  -81.3155 -159.5827   68.8227
    0.5273    0.5896    0.6119
   -0.8143    0.1451    0.5620
    0.2426   -0.7946    0.5566
...    67 G-C ...
  -80.7234 -161.7717   71.1351
   -0.0044    0.6722    0.7403
   -0.9497   -0.2347    0.2075
    0.3132   -0.7021    0.6394
...    68 G-C ...
  -79.4035 -163.7558   73.4776
   -0.5374    0.4960    0.6820
   -0.7827   -0.5944   -0.1845
    0.3139   -0.6329    0.7077
...    69 G-C ...
  -78.4210 -165.4244   76.2399
   -0.9018    0.1489    0.4056
   -0.3422   -0.8194   -0.4600
    0.2638   -0.5536    0.7899
...    70 A-T ...
  -77.4953 -166.9802   79.0465
   -0.9176   -0.3912    0.0707
    0.2778   -0.7581   -0.5900
    0.2845   -0.5217    0.8043
...    71 T-A ...
  -76.8950 -168.2889   82.0377
   -0.6306   -0.7392   -0.2365
    0.7195   -0.4424   -0.5354
    0.2911   -0.5077    0.8108
...    72 C-G ...
  -76.1754 -169.9370   84.8939
   -0.0434   -0.8771   -0.4783
    0.9463    0.1175   -0.3012
    0.3203   -0.4657    0.8249
...    73 C-G ...
  -75.2490 -171.3844   87.7088
    0.4276   -0.6413   -0.6371
    0.8210    0.5705   -0.0233
    0.3784   -0.5130    0.7705
...    74 G-C ...
  -73.6002 -172.7189   90.2064
    0.7555   -0.1652   -0.6340
    0.4459    0.8386    0.3129
    0.4800   -0.5191    0.7072
...    75 C-G ...
  -72.2346 -174.8966   92.5210
    0.8521    0.3601   -0.3798
   -0.0793    0.8061    0.5864
    0.5174   -0.4696    0.7154
...    76 T-A ...
  -70.3705 -176.7988   94.6689
    0.6188    0.7832   -0.0611
   -0.5337    0.4762    0.6988
    0.5764   -0.3998    0.7127
...    77 T-A ...
  -68.1858 -178.0362   96.6985
    0.1860    0.9405    0.2844
   -0.7817   -0.0338    0.6228
    0.5953   -0.3381    0.7289
...    78 T-A ...
  -66.1963 -178.9271   99.0353
   -0.3242    0.8035    0.4992
   -0.7368   -0.5455    0.3995
    0.5933   -0.2382    0.7689
...    79 A-T ...
  -64.4707 -179.4583  101.8559
   -0.7541    0.3839    0.5329
   -0.3830   -0.9162    0.1181
    0.5336   -0.1150    0.8379
...    80 A-T ...
  -62.7831 -179.5178  104.5525
   -0.8399   -0.1944    0.5068
    0.1288   -0.9784   -0.1619
    0.5273   -0.0707    0.8467
...    81 C-G ...
  -61.3139 -179.1521  107.5757
   -0.6055   -0.7005    0.3776
    0.5819   -0.7134   -0.3904
    0.5429   -0.0167    0.8396
...    82 A-T ...
  -59.5663 -179.2941  110.4040
   -0.1349   -0.9885    0.0682
    0.8240   -0.1501   -0.5464
    0.5504   -0.0175    0.8347
...    83 C-G ...
  -58.3459 -179.4236  113.5994
    0.3256   -0.9194   -0.2205
    0.7584    0.3932   -0.5198
    0.5646    0.0020    0.8253
...    84 T-A ...
  -56.7520 -179.9373  116.8197
    0.6861   -0.5503   -0.4758
    0.4256    0.8341   -0.3509
    0.5900    0.0382    0.8065
...    85 T-A ...
  -54.9158 -180.1767  119.4793
    0.8050    0.0176   -0.5930
   -0.0570    0.9972   -0.0478
    0.5905    0.0723    0.8038
...    86 T-A ...
  -52.9432 -180.0415  122.0275
    0.5935    0.5565   -0.5814
   -0.4925    0.8225    0.2846
    0.6366    0.1175    0.7622
...    87 A-T ...
  -50.7782 -179.3874  124.3202
    0.1452    0.8372   -0.5273
   -0.7008    0.4632    0.5425
    0.6984    0.2908    0.6540
...    88 T-A ...
  -48.0845 -178.5450  125.7983
   -0.2563    0.9237   -0.2846
   -0.6698    0.0425    0.7413
    0.6969    0.3806    0.6079
...    89 G-C ...
  -45.7015 -176.9836  127.5630
   -0.6815    0.7172    0.1457
   -0.3491   -0.4936    0.7966
    0.6432    0.4919    0.5867
...    90 C-G ...
  -43.8260 -174.8512  129.2446
   -0.7943    0.3088    0.5231
    0.1017   -0.7814    0.6157
    0.5989    0.5423    0.5892
...    91 T-A ...
  -42.4389 -172.4214  131.3950
   -0.5833   -0.1739    0.7934
    0.5926   -0.7592    0.2693
    0.5555    0.6272    0.5459
...    92 T-A ...
  -40.9178 -170.0581  133.0844
   -0.0663   -0.5304    0.8452
    0.8262   -0.5041   -0.2516
    0.5595    0.6816    0.4716
...    93 T-A ...
  -39.2748 -167.6230  134.4718
    0.4995   -0.6607    0.5603
    0.6729   -0.1114   -0.7313
    0.5456    0.7423    0.3890
...    94 C-G ...
  -37.4592 -164.9202  135.4258
    0.8113   -0.5845    0.0126
    0.2199    0.2851   -0.9329
    0.5417    0.7597    0.3598
...    95 A-T ...
  -35.9515 -162.0048  136.2538
    0.7320   -0.3992   -0.5522
   -0.2964    0.5431   -0.7856
    0.6135    0.7387    0.2792
...    96 T-A ...
  -33.7167 -159.9542  137.3758
    0.4579   -0.1294   -0.8796
   -0.6156    0.6677   -0.4187
    0.6414    0.7331    0.2260
...    97 G-C ...
  -31.2555 -157.5258  137.9573
   -0.0580    0.1414   -0.9883
   -0.7639    0.6310    0.1351
    0.6427    0.7628    0.0714
...    98 T-A ...
  -28.6947 -155.4500  137.7763
   -0.4636    0.3887   -0.7962
   -0.6264    0.4918    0.6048
    0.6267    0.7791    0.0154
...    99 T-A ...
  -26.7746 -153.0010  137.4824
   -0.7727    0.5090   -0.3791
   -0.2846    0.2560    0.9238
    0.5673    0.8218   -0.0530
...   100 A-T ...
  -25.1691 -150.1480  137.1992
   -0.8730    0.4587    0.1657
    0.1871    0.0012    0.9823
    0.4504    0.8886   -0.0869
...   101 T-A ...
  -24.0636 -147.2636  136.2209
   -0.6646    0.4100    0.6246
    0.6010   -0.2033    0.7729
    0.4439    0.8891   -0.1113
...   102 A-T ...
  -22.5219 -144.2882  135.9006
   -0.1805    0.2123    0.9604
    0.8944   -0.3708    0.2500
    0.4092    0.9041   -0.1229
...   103 A-T ...
  -21.4293 -141.3106  135.4261
    0.3638   -0.0049    0.9315
    0.8390   -0.4327   -0.3299
    0.4047    0.9015   -0.1533
...   104 C-G ...
  -20.6381 -137.9423  135.2342
    0.7742   -0.2141    0.5956
    0.4974   -0.3761   -0.7818
    0.3913    0.9015   -0.1847
...   105 G-C ...
  -19.1275 -135.1719  134.4359
    0.8831   -0.4651    0.0614
   -0.0305   -0.1875   -0.9818
    0.4682    0.8652   -0.1798
...   106 G-C ...
  -17.4531 -132.3748  134.0230
    0.6959   -0.5732   -0.4327
   -0.4736    0.0866   -0.8765
    0.5398    0.8149   -0.2112
...   107 A-T ...
  -15.5307 -129.8647  133.3700
    0.2641   -0.4737   -0.8401
   -0.7796    0.4080   -0.4751
    0.5679    0.7805   -0.2615
...   108 C-G ...
  -13.0943 -127.7742  132.6592
   -0.2066   -0.2386   -0.9489
   -0.8023    0.5965    0.0247
    0.5601    0.7664   -0.3146
...   109 C-G ...
  -10.8890 -125.5541  131.1489
   -0.6529   -0.0195   -0.7572
   -0.5739    0.6651    0.4777
    0.4943    0.7465   -0.4455
...   110 G-C ...
   -9.7220 -123.1505  129.6978
   -0.9072    0.2065   -0.3666
   -0.1643    0.6283    0.7604
    0.3874    0.7500   -0.5361
...   111 G-C ...
   -9.0021 -120.7073  127.4898
   -0.8804    0.4549    0.1344
    0.3642    0.4667    0.8059
    0.3039    0.7585   -0.5765
...   112 C-G ...
   -8.6082 -118.2718  125.1978
   -0.5582    0.6063    0.5664
    0.7867    0.1699    0.5935
    0.2636    0.7769   -0.5718
...   113 T-A ...
   -8.0402 -115.7512  123.1490
   -0.0846    0.5854    0.8063
    0.9682   -0.1429    0.2053
    0.2354    0.7981   -0.5547
...   114 C-G ...
   -7.1816 -113.0620  121.4737
    0.4762    0.3787    0.7936
    0.8515   -0.4238   -0.3088
    0.2194    0.8228   -0.5243
...   115 G-C ...
   -6.1049 -110.6108  119.5402
    0.8614    0.0238    0.5074
    0.4327   -0.5576   -0.7084
    0.2661    0.8298   -0.4906
...   116 T-A ...
   -5.1214 -107.7023  118.4492
    0.9500   -0.2992    0.0892
   -0.0711   -0.4855   -0.8713
    0.3040    0.8214   -0.4825
...   117 A-T ...
   -3.7891 -104.7680  117.3000
    0.7231   -0.5810   -0.3735
   -0.5804   -0.2181   -0.7846
    0.3744    0.7841   -0.4949
...   118 T-A ...
   -2.0799 -102.2518  116.2143
    0.3519   -0.6088   -0.7110
   -0.8614    0.0866   -0.5005
    0.3663    0.7886   -0.4939
...   119 A-T ...
   -1.0084  -99.6795  114.4256
   -0.2061   -0.5191   -0.8295
   -0.9023    0.4288   -0.0441
    0.3786    0.7394   -0.5567
...   120 A-T ...
    0.4514  -97.5419  112.4865
   -0.6798   -0.2245   -0.6982
   -0.6384    0.6497    0.4128
    0.3609    0.7263   -0.5850
...   121 T-A ...
    1.9112  -95.6597  110.1542
   -0.9106    0.1321   -0.3915
   -0.2057    0.6769    0.7067
    0.3584    0.7241   -0.5893
...   122 G-C ...
    2.9660  -93.3479  107.8195
   -0.8995    0.4185    0.1258
    0.3435    0.4991    0.7956
    0.2702    0.7588   -0.5926
...   123 T-A ...
    3.4731  -91.0635  105.5519
   -0.6296    0.5908    0.5045
    0.7351    0.2430    0.6329
    0.2513    0.7694   -0.5873
...   124 G-C ...
    4.0726  -88.4454  103.5957
   -0.1440    0.5569    0.8180
    0.9676   -0.0939    0.2343
    0.2072    0.8253   -0.5253
...   125 T-A ...
    4.2013  -85.7561  101.8422
    0.3536    0.3933    0.8487
    0.9109   -0.3512   -0.2168
    0.2128    0.8497   -0.4824
...   126 C-G ...
    4.8606  -83.0134  100.4441
    0.8127    0.1220    0.5698
    0.5471   -0.4964   -0.6740
    0.2006    0.8595   -0.4702
...   127 G-C ...
    5.8993  -80.4864   98.6488
    0.9325   -0.2698    0.2400
    0.0981   -0.4504   -0.8874
    0.3475    0.8511   -0.3935
...   128 A-T ...
    6.9302  -77.7600   97.4481
    0.8168   -0.4848   -0.3126
   -0.4610   -0.2228   -0.8590
    0.3468    0.8458   -0.4055
...   129 C-G ...
    8.5553  -74.9753   96.7430
    0.4440   -0.5643   -0.6960
   -0.8135    0.0717   -0.5771
    0.3755    0.8225   -0.4272
...   130 C-G ...
   10.4167  -72.5479   95.2180
   -0.0715   -0.5294   -0.8454
   -0.9093    0.3829   -0.1628
    0.4099    0.7571   -0.5088
...   131 A-T ...
   11.1648  -69.8310   93.4524
   -0.5955   -0.2941   -0.7476
   -0.7142    0.6199    0.3250
    0.3679    0.7275   -0.5791
...   132 A-T ...
   12.4382  -67.6330   91.3663
   -0.8902    0.1077   -0.4427
   -0.2595    0.6787    0.6871
    0.3745    0.7265   -0.5762
...   133 A-T ...
   13.7104  -65.5391   89.1804
   -0.8580    0.5133    0.0180
    0.2982    0.4694    0.8311
    0.4182    0.7184   -0.5559
...   134 T-A ...
   14.7283  -63.4123   86.8245
   -0.5924    0.6746    0.4405
    0.6886    0.1400    0.7115
    0.4183    0.7248   -0.5474
...   135 G-C ...
   15.7212  -61.4789   83.9378
    0.0342    0.7399    0.6718
    0.8637   -0.3601    0.3526
    0.5028    0.5682   -0.6514
...   136 T-A ...
   15.7740  -59.5465   80.8036
    0.5516    0.4996    0.6680
    0.6739   -0.7388   -0.0038
    0.4916    0.4523   -0.7442
...   137 G-C ...
   16.8281  -57.7077   78.2738
    0.8528   -0.0847    0.5152
    0.1508   -0.9047   -0.3984
    0.4999    0.4175   -0.7588
...   138 A-T ...
   18.4176  -55.5142   76.5363
    0.8547   -0.5007    0.1370
   -0.3189   -0.7148   -0.6224
    0.4096    0.4883   -0.7706
...   139 G-C ...
   20.4153  -54.2946   74.5497
    0.5847   -0.7389   -0.3350
   -0.7594   -0.3532   -0.5465
    0.2854    0.5739   -0.7676
...   140 C-G ...
   21.4164  -51.8108   72.7950
    0.1305   -0.7142   -0.6876
   -0.8897    0.2217   -0.3991
    0.4375    0.6639   -0.6065
...   141 G-C ...
   22.1407  -50.1331   67.4725
   -0.4682   -0.8748    0.1248
   -0.8495    0.4067   -0.3362
    0.2434   -0.2634   -0.9335
...   142 C-G ...
   22.3378  -51.2253   64.5019
   -0.8529   -0.5117   -0.1032
   -0.4974    0.8566   -0.1372
    0.1587   -0.0657   -0.9851
...   143 T-A ...
   24.0060  -51.6202   61.9333
   -0.9563    0.0399   -0.2897
    0.0522    0.9980   -0.0348
    0.2877   -0.0484   -0.9565
...   144 C-G ...
   24.8857  -52.7208   58.9948
   -0.7530    0.5560   -0.3520
    0.5213    0.8304    0.1966
    0.4016   -0.0355   -0.9151
...   145 A-T ...
   25.5174  -52.9611   55.8127
   -0.2441    0.9563   -0.1609
    0.8907    0.2867    0.3528
    0.3835   -0.0571   -0.9218
...   146 C-G ...
   25.2678  -52.4925   52.0871
    0.3203    0.9428   -0.0928
    0.8825   -0.2613    0.3910
    0.3444   -0.2071   -0.9157
...   147 A-T ...
   25.6134  -52.5733   48.6479
    0.8597    0.5097    0.0339
    0.4498   -0.7866    0.4230
    0.2423   -0.3484   -0.9055
