  147 base-pairs
...     1 T-A ...
    0.0000    0.0000    0.0000
    1.0000    0.0000    0.0000
    0.0000    1.0000    0.0000
    0.0000    0.0000    1.0000
...     2 G-C ...
   -0.5555   -1.1003    3.3981
    0.7749    0.6051    0.1828
   -0.5991    0.7953   -0.0929
   -0.2016   -0.0375    0.9787
...     3 T-A ...
   -0.6619   -3.0237    6.5348
    0.3046    0.9250    0.2271
   -0.8994    0.3578   -0.2510
   -0.3134   -0.1278    0.9410
...     4 G-C ...
   -1.1607   -3.8418    9.6940
   -0.3351    0.9421    0.0133
   -0.8752   -0.3061   -0.3746
   -0.3489   -0.1372    0.9271
...     5 A-T ...
   -1.3881   -3.6770   12.8999
   -0.7835    0.6162   -0.0801
   -0.5677   -0.7622   -0.3109
   -0.2527   -0.1981    0.9470
...     6 G-C ...
   -2.6236   -3.5448   15.7072
   -0.9923    0.0611   -0.1075
   -0.0294   -0.9610   -0.2748
   -0.1201   -0.2695    0.9555
...     7 C-G ...
   -2.3138   -3.7570   18.8866
   -0.8620   -0.4995   -0.0864
    0.5008   -0.8655    0.0073
   -0.0785   -0.0370    0.9962
...     8 G-C ...
   -3.9561   -6.8109   23.3205
   -0.2581   -0.3560   -0.8981
    0.6294   -0.7673    0.1233
   -0.7330   -0.5335    0.4221
...     9 C-G ...
   -6.1177   -8.9414   24.2385
    0.1143   -0.7320   -0.6716
    0.8123   -0.3203    0.4874
   -0.5720   -0.6013    0.5580
...    10 T-A ...
   -8.5041   -9.6771   26.0540
    0.4660   -0.8587   -0.2131
    0.6274    0.1508    0.7640
   -0.6239   -0.4897    0.6090
...    11 C-G ...
  -11.0625  -11.3174   27.2336
    0.6660   -0.6911    0.2808
    0.3382    0.6152    0.7121
   -0.6649   -0.3794    0.6435
...    12 A-T ...
  -13.0013  -13.1789   29.0658
    0.7188   -0.1490    0.6790
   -0.1787    0.9043    0.3876
   -0.6718   -0.4000    0.6235
...    13 C-G ...
  -14.1788  -15.9359   31.3399
    0.4052    0.2865    0.8682
   -0.5270    0.8492   -0.0343
   -0.7470   -0.4437    0.4951
...    14 A-T ...
  -15.9532  -18.1566   33.3080
   -0.1503    0.6873    0.7107
   -0.6106    0.5008   -0.6135
   -0.7776   -0.5261    0.3444
...    15 A-T ...
  -18.2975  -19.9851   34.6282
   -0.4901    0.8371    0.2433
   -0.4004    0.0317   -0.9158
   -0.7743   -0.5462    0.3196
...    16 T-A ...
  -20.6128  -21.6332   36.2906
   -0.6238    0.7405   -0.2501
   -0.0912   -0.3868   -0.9176
   -0.7762   -0.5496    0.3088
...    17 T-A ...
  -23.1350  -23.2721   37.4905
   -0.5535    0.4081   -0.7261
    0.2815   -0.7288   -0.6242
   -0.7838   -0.5499    0.2884
...    18 T-A ...
  -25.7821  -24.8395   38.4848
   -0.2780   -0.0459   -0.9595
    0.5420   -0.8322   -0.1172
   -0.7931   -0.5526    0.2562
...    19 A-T ...
  -28.5833  -26.5479   39.0281
    0.1701   -0.4099   -0.8962
    0.5748   -0.6974    0.4280
   -0.8004   -0.5879    0.1170
...    20 T-A ...
  -31.4816  -28.0717   38.9091
    0.4506   -0.6874   -0.5696
    0.4072   -0.4096    0.8164
   -0.7945   -0.5997    0.0954
...    21 T-A ...
  -34.1058  -29.9715   38.9129
    0.6129   -0.7899   -0.0212
    0.0766    0.0327    0.9965
   -0.7865   -0.6124    0.0806
...    22 C-G ...
  -36.5568  -32.1301   39.0487
    0.5693   -0.6060    0.5557
   -0.3128    0.4654    0.8280
   -0.7603   -0.6452    0.0753
...    23 G-C ...
  -39.1039  -34.1908   39.6594
    0.3713   -0.1855    0.9098
   -0.6109    0.6891    0.3898
   -0.6992   -0.7005    0.1425
...    24 C-G ...
  -41.0853  -36.8077   40.1257
    0.0039    0.2420    0.9703
   -0.7251    0.6688   -0.1639
   -0.6886   -0.7029    0.1780
...    25 A-T ...
  -43.5162  -39.0028   40.6584
   -0.3539    0.6325    0.6889
   -0.6158    0.3969   -0.6807
   -0.7040   -0.6651    0.2491
...    26 A-T ...
  -45.6468  -41.2230   41.7001
   -0.6500    0.7373    0.1843
   -0.2998   -0.0259   -0.9537
   -0.6983   -0.6751    0.2378
...    27 A-T ...
  -47.8834  -43.3363   42.7316
   -0.7083    0.5909   -0.3862
    0.1261   -0.4324   -0.8928
   -0.6946   -0.6811    0.2317
...    28 G-C ...
  -50.3209  -45.3546   43.6722
   -0.4904    0.3267   -0.8080
    0.4742   -0.6779   -0.5618
   -0.7312   -0.6586    0.1775
...    29 G-C ...
  -53.0293  -47.2787   44.2264
   -0.0927   -0.0244   -0.9954
    0.6473   -0.7611   -0.0416
   -0.7565   -0.6482    0.0863
...    30 C-G ...
  -55.7931  -49.0848   44.2851
    0.3101   -0.3928   -0.8657
    0.5853   -0.6387    0.4995
   -0.7491   -0.6616    0.0319
...    31 C-G ...
  -58.4067  -51.2025   43.9582
    0.6414   -0.6076   -0.4684
    0.3112   -0.3520    0.8828
   -0.7013   -0.7120   -0.0367
...    32 G-C ...
  -60.5349  -53.7661   44.0383
    0.7868   -0.6100    0.0939
   -0.1152    0.0043    0.9933
   -0.6063   -0.7924   -0.0669
...    33 G-C ...
  -62.3158  -56.5872   43.4818
    0.6553   -0.4419    0.6127
   -0.5338    0.3031    0.7895
   -0.5345   -0.8443   -0.0373
...    34 C-G ...
  -63.7044  -59.5700   43.1426
    0.2897   -0.1684    0.9422
   -0.8118    0.4782    0.3350
   -0.5070   -0.8620    0.0018
...    35 C-G ...
  -65.0807  -62.6460   43.2637
   -0.1486    0.1857    0.9713
   -0.8550    0.4694   -0.2206
   -0.4969   -0.8632    0.0891
...    36 C-G ...
  -66.5356  -65.6243   43.8540
   -0.5441    0.4768    0.6904
   -0.6558    0.2715   -0.7044
   -0.5233   -0.8360    0.1650
...    37 G-C ...
  -68.5898  -68.2395   44.1565
   -0.7609    0.6273    0.1659
   -0.2662   -0.0687   -0.9615
   -0.5918   -0.7757    0.2193
...    38 A-T ...
  -70.5539  -70.7283   44.9778
   -0.7576    0.4880   -0.4335
    0.2232   -0.4304   -0.8746
   -0.6133   -0.7594    0.2172
...    39 C-G ...
  -72.8651  -72.8260   46.0973
   -0.5185    0.2086   -0.8292
    0.5791   -0.6279   -0.5200
   -0.6292   -0.7498    0.2048
...    40 A-T ...
  -74.8615  -75.4250   46.6279
   -0.0441   -0.1186   -0.9920
    0.7557   -0.6534    0.0445
   -0.6534   -0.7477    0.1185
...    41 C-G ...
  -77.4505  -77.4936   46.7482
    0.3707   -0.4204   -0.8281
    0.6666   -0.5004    0.5525
   -0.6467   -0.7568    0.0947
...    42 G-C ...
  -79.3531  -80.1904   47.2208
    0.7478   -0.5316   -0.3977
    0.3450   -0.2006    0.9169
   -0.5672   -0.8229    0.0334
...    43 A-T ...
  -81.2189  -82.8711   47.2013
    0.8364   -0.5098    0.2012
   -0.1500    0.1402    0.9787
   -0.5272   -0.8488    0.0408
...    44 C-G ...
  -82.6543  -85.8046   46.7690
    0.6646   -0.3275    0.6716
   -0.5627    0.3720    0.7382
   -0.4916   -0.8685    0.0629
...    45 T-A ...
  -83.9268  -88.8467   46.8829
    0.3196   -0.0188    0.9474
   -0.8380    0.4611    0.2919
   -0.4423   -0.8872    0.1316
...    46 T-A ...
  -85.1043  -91.8296   47.3131
   -0.1902    0.2606    0.9465
   -0.8796    0.3830   -0.2822
   -0.4360   -0.8863    0.1564
...    47 A-T ...
  -86.6212  -94.7141   47.9560
   -0.6251    0.4991    0.6002
   -0.6305    0.1304   -0.7651
   -0.4601   -0.8567    0.2332
...    48 C-G ...
  -87.8796  -97.4472   49.3302
   -0.8503    0.5143    0.1118
   -0.2274   -0.1673   -0.9593
   -0.4747   -0.8411    0.2593
...    49 T-A ...
  -89.5818 -100.0305   50.5049
   -0.8234    0.3826   -0.4190
    0.2355   -0.4413   -0.8659
   -0.5162   -0.8117    0.2733
...    50 G-C ...
  -91.3308 -102.7880   51.0885
   -0.5053    0.1078   -0.8562
    0.6514   -0.6032   -0.4603
   -0.5661   -0.7903    0.2346
...    51 T-A ...
  -93.6781 -104.9937   51.9579
   -0.0839   -0.2172   -0.9725
    0.8222   -0.5664    0.0556
   -0.5629   -0.7950    0.2261
...    52 A-T ...
  -95.3549 -107.7590   52.8171
    0.4379   -0.5129   -0.7384
    0.7123   -0.3032    0.6330
   -0.5485   -0.8031    0.2326
...    53 G-C ...
  -97.3150 -110.3854   53.2951
    0.7807   -0.5386   -0.3168
    0.3885    0.0213    0.9212
   -0.4894   -0.8423    0.2259
...    54 G-C ...
  -99.0131 -113.2798   53.7064
    0.9161   -0.3512    0.1936
   -0.0838    0.3045    0.9488
   -0.3922   -0.8854    0.2495
...    55 T-A ...
 -100.0278 -116.3884   53.9839
    0.7694   -0.0932    0.6319
   -0.5375    0.4401    0.7194
   -0.3452   -0.8931    0.2885
...    56 A-T ...
 -100.7274 -119.5045   54.9388
    0.4269    0.3063    0.8509
   -0.8741    0.3809    0.3014
   -0.2318   -0.8724    0.4303
...    57 T-A ...
 -100.8040 -122.4714   56.2983
   -0.0511    0.4824    0.8745
   -0.9748    0.1663   -0.1487
   -0.2172   -0.8600    0.4617
...    58 C-G ...
 -101.4451 -125.1487   58.0325
   -0.5910    0.5292    0.6089
   -0.7790   -0.1784   -0.6011
   -0.2095   -0.8295    0.5176
...    59 T-A ...
 -102.0326 -127.6549   60.0970
   -0.9001    0.3967    0.1803
   -0.3690   -0.4740   -0.7994
   -0.2317   -0.7861    0.5731
...    60 C-G ...
 -102.9477 -130.0955   62.0903
   -0.9452    0.0391   -0.3240
    0.2254   -0.6397   -0.7348
   -0.2360   -0.7676    0.5959
...    61 G-C ...
 -103.6627 -132.9383   63.6919
   -0.6374   -0.2993   -0.7100
    0.7151   -0.5729   -0.4005
   -0.2869   -0.7630    0.5792
...    62 A-T ...
 -104.6764 -135.3574   65.6832
   -0.0881   -0.5855   -0.8059
    0.9585   -0.2699    0.0913
   -0.2710   -0.7644    0.5850
...    63 G-C ...
 -105.8563 -137.8575   67.5187
    0.4424   -0.6040   -0.6630
    0.8678    0.1017    0.4864
   -0.2263   -0.7905    0.5691
...    64 C-G ...
 -106.9503 -140.5082   69.1796
    0.8518   -0.4072   -0.3297
    0.4975    0.4315    0.7525
   -0.1642   -0.8050    0.5701
...    65 T-A ...
 -107.4585 -143.3537   70.7706
    0.9978   -0.0511    0.0428
   -0.0050    0.5832    0.8123
   -0.0664   -0.8107    0.5817
...    66 C-G ...
 -107.5827 -146.0360   72.5933
    0.8242    0.3589    0.4382
   -0.5662    0.5040    0.6523
    0.0132   -0.7857    0.6185
...    67 G-C ...
 -107.4456 -148.4113   74.9175
    0.3925    0.7077    0.5874
   -0.9083    0.1977    0.3687
    0.1448   -0.6783    0.7204
...    68 G-C ...
 -106.4413 -150.3596   77.4675
   -0.1571    0.7827    0.6023
   -0.9675   -0.2443    0.0651
    0.1981   -0.5725    0.7956
...    69 G-C ...
 -105.5515 -151.7310   80.4192
   -0.6632    0.5804    0.4725
   -0.7207   -0.6654   -0.1944
    0.2016   -0.4695    0.8596
...    70 A-T ...
 -104.9603 -153.0470   83.3764
   -0.9615    0.0773    0.2636
   -0.1808   -0.9004   -0.3956
    0.2067   -0.4281    0.8798
...    71 T-A ...
 -104.3106 -153.7818   86.5499
   -0.9085   -0.4138    0.0583
    0.3404   -0.8136   -0.4713
    0.2424   -0.4084    0.8800
...    72 C-G ...
 -103.6205 -155.0508   89.5162
   -0.5161   -0.8298   -0.2124
    0.8165   -0.4017   -0.4146
    0.2587   -0.3874    0.8849
...    73 C-G ...
 -102.9876 -156.2791   92.6042
    0.0065   -0.8970   -0.4421
    0.9611    0.1276   -0.2449
    0.2761   -0.4233    0.8629
...    74 G-C ...
 -101.6605 -157.3413   95.4763
    0.5086   -0.6301   -0.5867
    0.7790    0.6270    0.0018
    0.3667   -0.4580    0.8098
...    75 C-G ...
 -100.7831 -159.0958   98.1297
    0.8171   -0.1680   -0.5515
    0.3766    0.8799    0.2898
    0.4366   -0.4445    0.7822
...    76 T-A ...
  -99.2710 -160.8244  100.4770
    0.8405    0.3431   -0.4192
   -0.0841    0.8471    0.5247
    0.5352   -0.4058    0.7409
...    77 T-A ...
  -97.4110 -162.2246  102.6890
    0.6170    0.7747   -0.1386
   -0.5129    0.5293    0.6758
    0.5969   -0.3459    0.7239
...    78 T-A ...
  -95.2808 -163.2882  104.8424
    0.1978    0.9629    0.1834
   -0.7442    0.0257    0.6674
    0.6380   -0.2685    0.7217
...    79 A-T ...
  -92.7871 -163.6487  107.0262
   -0.3279    0.8746    0.3571
   -0.6849   -0.4805    0.5478
    0.6507   -0.0649    0.7566
...    80 A-T ...
  -90.5588 -163.5408  109.3701
   -0.6592    0.4597    0.5951
   -0.3603   -0.8877    0.2867
    0.6601   -0.0254    0.7508
...    81 C-G ...
  -88.3574 -162.9090  111.7885
   -0.7517   -0.0683    0.6560
    0.0603   -0.9976   -0.0347
    0.6567    0.0135    0.7540
...    82 A-T ...
  -86.1970 -163.1265  114.2747
   -0.5912   -0.6354    0.4967
    0.5107   -0.7716   -0.3793
    0.6243    0.0294    0.7806
...    83 C-G ...
  -84.5472 -162.6550  117.1656
   -0.2171   -0.9469    0.2373
    0.7441   -0.3179   -0.5876
    0.6319    0.0490    0.7735
...    84 T-A ...
  -82.6844 -162.5088  119.9159
    0.2028   -0.9715   -0.1227
    0.7326    0.2336   -0.6393
    0.6497    0.0398    0.7592
...    85 T-A ...
  -80.8010 -162.4095  122.5672
    0.5981   -0.6626   -0.4508
    0.4595    0.7444   -0.4844
    0.6566    0.0826    0.7497
...    86 C-G ...
  -78.7331 -162.1488  125.0912
    0.7107   -0.1156   -0.6939
    0.0089    0.9878   -0.1554
    0.7034    0.1043    0.7031
...    87 A-T ...
  -76.3262 -161.7575  127.3752
    0.4754    0.4101   -0.7783
   -0.3629    0.8974    0.2512
    0.8014    0.1630    0.5754
...    88 T-A ...
  -73.4344 -161.6814  128.8423
    0.1918    0.7815   -0.5937
   -0.5391    0.5894    0.6017
    0.8201    0.2046    0.5343
...    89 G-C ...
  -70.6146 -160.6240  130.3136
   -0.2669    0.9236   -0.2750
   -0.5066    0.1082    0.8554
    0.8198    0.3676    0.4390
...    90 T-A ...
  -67.7887 -159.1938  131.0945
   -0.5334    0.8283    0.1712
   -0.2689   -0.3579    0.8942
    0.8019    0.4310    0.4137
...    91 T-A ...
  -65.1973 -157.5718  132.1649
   -0.5929    0.4875    0.6410
    0.1017   -0.7443    0.6601
    0.7989    0.4565    0.3917
...    92 A-T ...
  -62.4997 -156.2182  133.6046
   -0.3842   -0.0568    0.9215
    0.4680   -0.8724    0.1414
    0.7958    0.4856    0.3618
...    93 T-A ...
  -60.3035 -154.0237  134.7894
   -0.0588   -0.4748    0.8782
    0.5977   -0.7213   -0.3500
    0.7996    0.5043    0.3262
...    94 A-T ...
  -57.3080 -152.5170  135.3253
    0.4142   -0.7809    0.4675
    0.4597   -0.2638   -0.8480
    0.7856    0.5662    0.2497
...    95 A-T ...
  -54.9015 -150.5973  136.3904
    0.6318   -0.7694   -0.0943
    0.1105    0.2099   -0.9715
    0.7672    0.6034    0.2176
...    96 C-G ...
  -52.3789 -148.8647  137.6203
    0.5723   -0.5702   -0.5893
   -0.2468    0.5656   -0.7869
    0.7820    0.5958    0.1830
...    97 G-C ...
  -49.9454 -146.6156  137.9825
    0.2217   -0.2721   -0.9364
   -0.5295    0.7728   -0.3499
    0.8188    0.5734    0.0272
...    98 G-C ...
  -46.9982 -145.0159  137.9455
   -0.1938    0.0902   -0.9769
   -0.5547    0.8113    0.1849
    0.8092    0.5777   -0.1071
...    99 A-T ...
  -44.3747 -143.1989  137.3959
   -0.5380    0.4789   -0.6937
   -0.3291    0.6383    0.6959
    0.7761    0.6027   -0.1858
...   100 T-A ...
  -41.8284 -141.5709  136.1663
   -0.6578    0.7071   -0.2596
   -0.0100    0.3364    0.9417
    0.7531    0.6220   -0.2142
...   101 T-A ...
  -39.5034 -139.5627  135.1547
   -0.5699    0.7633    0.3044
    0.3734   -0.0895    0.9234
    0.7320    0.6399   -0.2340
...   102 A-T ...
  -37.1931 -137.2983  134.3979
   -0.2861    0.5445    0.7885
    0.6654   -0.4792    0.5723
    0.6894    0.6884   -0.2252
...   103 T-A ...
  -35.4837 -134.6537  133.3849
    0.1015    0.2428    0.9647
    0.7233   -0.6839    0.0961
    0.6831    0.6880   -0.2450
...   104 G-C ...
  -33.0487 -132.5423  132.6655
    0.4589   -0.2275    0.8589
    0.5520   -0.6844   -0.4763
    0.6962    0.6927   -0.1885
...   105 C-G ...
  -30.9320 -130.0180  132.2896
    0.6674   -0.5796    0.4676
    0.2123   -0.4538   -0.8655
    0.7138    0.6769   -0.1798
...   106 T-A ...
  -28.5405 -127.7538  132.0089
    0.6475   -0.7610   -0.0405
   -0.1671   -0.0899   -0.9818
    0.7435    0.6425   -0.1854
...   107 T-A ...
  -26.0758 -125.6750  131.6703
    0.4404   -0.6842   -0.5814
   -0.5133    0.3395   -0.7882
    0.7366    0.6455   -0.2017
...   108 C-G ...
  -23.6089 -123.6449  131.0329
    0.0260   -0.4037   -0.9145
   -0.6742    0.6683   -0.3142
    0.7380    0.6248   -0.2548
...   109 C-G ...
  -20.9226 -121.8841  130.0431
   -0.4127   -0.0688   -0.9082
   -0.5759    0.7922    0.2017
    0.7057    0.6063   -0.3666
...   110 G-C ...
  -18.8675 -119.6687  128.6658
   -0.7554    0.2671   -0.5984
   -0.2376    0.7393    0.6300
    0.6107    0.6181   -0.4950
...   111 G-C ...
  -17.0730 -117.7778  126.5167
   -0.8267    0.5476   -0.1288
    0.2187    0.5238    0.8233
    0.5183    0.6525   -0.5528
...   112 C-G ...
  -15.7471 -115.7104  124.3115
   -0.6083    0.7090    0.3568
    0.6420    0.1751    0.7464
    0.4668    0.6831   -0.5617
...   113 T-A ...
  -14.6071 -113.3624  122.2799
   -0.2143    0.6615    0.7187
    0.8813   -0.1863    0.4342
    0.4211    0.7264   -0.5431
...   114 C-G ...
  -13.3753 -110.8724  120.5471
    0.3298    0.4179    0.8465
    0.8494   -0.5227   -0.0729
    0.4120    0.7431   -0.5274
...   115 G-C ...
  -11.6755 -108.6220  118.7818
    0.7067   -0.0049    0.7075
    0.5378   -0.6461   -0.5416
    0.4598    0.7632   -0.4540
...   116 T-A ...
  -10.3998 -105.7455  117.7313
    0.8737   -0.3523    0.3353
    0.0948   -0.5529   -0.8278
    0.4771    0.7551   -0.4497
...   117 A-T ...
   -8.8419 -103.3331  116.0490
    0.7443   -0.6368   -0.2013
   -0.4387   -0.2388   -0.8663
    0.5036    0.7331   -0.4571
...   118 T-A ...
   -6.8008 -100.9366  115.1040
    0.4233   -0.6759   -0.6034
   -0.7536    0.1070   -0.6486
    0.5029    0.7292   -0.4640
...   119 A-T ...
   -5.1103  -98.6119  113.4497
   -0.1190   -0.5569   -0.8220
   -0.8524    0.4819   -0.2030
    0.5091    0.6765   -0.5321
...   120 A-T ...
   -3.2728  -96.6325  111.6641
   -0.5801   -0.2088   -0.7873
   -0.6425    0.7114    0.2847
    0.5007    0.6710   -0.5469
...   121 T-A ...
   -1.3747  -94.9923  109.5478
   -0.8297    0.1600   -0.5348
   -0.2696    0.7241    0.6348
    0.4888    0.6709   -0.5577
...   122 G-C ...
   -0.0247  -92.6584  107.5972
   -0.8933    0.4483   -0.0332
    0.2430    0.5438    0.8033
    0.3781    0.7095   -0.5947
...   123 T-A ...
    0.8356  -90.5923  105.1694
   -0.6574    0.6366    0.4031
    0.6687    0.2464    0.7015
    0.3472    0.7308   -0.5877
...   124 G-C ...
    1.9007  -87.9964  103.3898
   -0.2139    0.5855    0.7819
    0.9317   -0.1182    0.3434
    0.2935    0.8020   -0.5202
...   125 T-A ...
    2.2341  -85.2124  101.6369
    0.2850    0.4175    0.8628
    0.9122   -0.3945   -0.1104
    0.2943    0.8186   -0.4933
...   126 C-G ...
    3.1288  -82.4505  100.1376
    0.7499    0.0865    0.6558
    0.5845   -0.5509   -0.5957
    0.3098    0.8300   -0.4638
...   127 G-C ...
    4.4331  -79.9217   98.4097
    0.9102   -0.3154    0.2683
    0.0912   -0.4794   -0.8729
    0.4040    0.8190   -0.4076
...   128 A-T ...
    5.7963  -77.2169   97.1834
    0.7821   -0.5594   -0.2747
   -0.4490   -0.2001   -0.8708
    0.4322    0.8044   -0.4076
...   129 C-G ...
    7.6462  -74.6193   96.3126
    0.4288   -0.6019   -0.6737
   -0.7829    0.1247   -0.6096
    0.4509    0.7888   -0.4177
...   130 C-G ...
    9.4838  -72.1772   94.9022
   -0.0911   -0.5019   -0.8601
   -0.8806    0.4439   -0.1658
    0.4650    0.7423   -0.4824
...   131 A-T ...
   10.8736  -69.6871   93.2101
   -0.6086   -0.2363   -0.7575
   -0.6678    0.6681    0.3282
    0.4285    0.7056   -0.5644
...   132 A-T ...
   12.3775  -67.6233   91.2053
   -0.8772    0.1795   -0.4454
   -0.2155    0.6817    0.6991
    0.4291    0.7093   -0.5593
...   133 A-T ...
   13.7249  -65.5031   89.1525
   -0.8509    0.5248    0.0231
    0.3076    0.4622    0.8317
    0.4258    0.7148   -0.5547
...   134 T-A ...
   14.7283  -63.4123   86.8245
   -0.5924    0.6746    0.4405
    0.6886    0.1400    0.7115
    0.4183    0.7248   -0.5474
...   135 G-C ...
   15.7212  -61.4788   83.9377
    0.0342    0.7399    0.6718
    0.8637   -0.3601    0.3526
    0.5028    0.5682   -0.6514
...   136 T-A ...
   15.7740  -59.5465   80.8036
    0.5516    0.4996    0.6680
    0.6739   -0.7388   -0.0038
    0.4916    0.4523   -0.7442
...   137 G-C ...
   16.8281  -57.7076   78.2738
    0.8528   -0.0847    0.5152
    0.1508   -0.9047   -0.3984
    0.4999    0.4175   -0.7588
...   138 A-T ...
   18.4176  -55.5142   76.5362
    0.8547   -0.5007    0.1370
   -0.3189   -0.7148   -0.6224
    0.4096    0.4883   -0.7706
...   139 G-C ...
   20.4153  -54.2946   74.5496
    0.5847   -0.7389   -0.3350
   -0.7594   -0.3532   -0.5465
    0.2854    0.5739   -0.7676
...   140 C-G ...
   21.4164  -51.8108   72.7950
    0.1305   -0.7142   -0.6876
   -0.8897    0.2217   -0.3991
    0.4375    0.6639   -0.6065
...   141 G-C ...
   22.1407  -50.1331   67.4725
   -0.4682   -0.8748    0.1248
   -0.8495    0.4067   -0.3362
    0.2434   -0.2634   -0.9335
...   142 C-G ...
   22.3378  -51.2252   64.5019
   -0.8529   -0.5117   -0.1032
   -0.4974    0.8566   -0.1372
    0.1587   -0.0657   -0.9851
...   143 T-A ...
   24.0060  -51.6202   61.9332
   -0.9563    0.0399   -0.2897
    0.0522    0.9980   -0.0348
    0.2877   -0.0484   -0.9565
...   144 C-G ...
   24.8857  -52.7207   58.9948
   -0.7530    0.5560   -0.3520
    0.5213    0.8304    0.1966
    0.4016   -0.0355   -0.9151
...   145 A-T ...
   25.5174  -52.9610   55.8127
   -0.2441    0.9563   -0.1609
    0.8907    0.2867    0.3528
    0.3835   -0.0571   -0.9218
...   146 C-G ...
   25.2678  -52.4925   52.0871
    0.3203    0.9428   -0.0928
    0.8825   -0.2613    0.3910
    0.3444   -0.2071   -0.9157
...   147 A-T ...
   25.6134  -52.5733   48.6479
    0.8597    0.5097    0.0339
    0.4498   -0.7866    0.4230
    0.2423   -0.3484   -0.9055
