  147 base-pairs
...     1 T-A ...
    0.0000    0.0000    0.0000
    1.0000    0.0000    0.0000
    0.0000    1.0000    0.0000
    0.0000    0.0000    1.0000
...     2 G-C ...
   -0.5555   -1.1003    3.3981
    0.7749    0.6051    0.1828
   -0.5991    0.7953   -0.0929
   -0.2016   -0.0375    0.9787
...     3 T-A ...
   -0.6619   -3.0237    6.5348
    0.3046    0.9250    0.2271
   -0.8994    0.3578   -0.2510
   -0.3134   -0.1278    0.9410
...     4 G-C ...
   -1.1607   -3.8418    9.6940
   -0.3351    0.9421    0.0133
   -0.8752   -0.3061   -0.3746
   -0.3489   -0.1372    0.9271
...     5 A-T ...
   -1.3881   -3.6770   12.8999
   -0.7835    0.6162   -0.0801
   -0.5677   -0.7622   -0.3109
   -0.2527   -0.1981    0.9470
...     6 G-C ...
   -2.6236   -3.5448   15.7072
   -0.9923    0.0611   -0.1075
   -0.0294   -0.9610   -0.2748
   -0.1201   -0.2695    0.9555
...     7 C-G ...
   -2.3138   -3.7570   18.8866
   -0.8620   -0.4995   -0.0864
    0.5008   -0.8655    0.0073
   -0.0785   -0.0370    0.9962
...     8 G-C ...
   -3.9561   -6.8109   23.3205
   -0.2581   -0.3560   -0.8981
    0.6294   -0.7673    0.1233
   -0.7330   -0.5335    0.4221
...     9 C-G ...
   -6.1177   -8.9414   24.2385
    0.1143   -0.7320   -0.6716
    0.8123   -0.3203    0.4874
   -0.5720   -0.6013    0.5580
...    10 T-A ...
   -8.5041   -9.6771   26.0540
    0.4660   -0.8587   -0.2131
    0.6274    0.1508    0.7640
   -0.6239   -0.4897    0.6090
...    11 C-G ...
  -11.0625  -11.3174   27.2336
    0.6660   -0.6911    0.2808
    0.3382    0.6152    0.7121
   -0.6649   -0.3794    0.6435
...    12 A-T ...
  -13.0013  -13.1789   29.0658
    0.7188   -0.1490    0.6790
   -0.1787    0.9043    0.3876
   -0.6718   -0.4000    0.6235
...    13 C-G ...
  -14.1788  -15.9359   31.3399
    0.4052    0.2865    0.8682
   -0.5270    0.8492   -0.0343
   -0.7470   -0.4437    0.4951
...    14 A-T ...
  -15.9532  -18.1566   33.3080
   -0.1503    0.6873    0.7107
   -0.6106    0.5008   -0.6135
   -0.7776   -0.5261    0.3444
...    15 A-T ...
  -18.3565  -19.9978   34.4605
   -0.4699    0.8520    0.2309
   -0.3969    0.0298   -0.9174
   -0.7885   -0.5227    0.3242
...    16 T-A ...
  -20.7275  -21.6532   36.2360
   -0.6418    0.7128   -0.2828
   -0.0660   -0.4187   -0.9057
   -0.7640   -0.5627    0.3158
...    17 T-A ...
  -23.2318  -23.2968   37.5980
   -0.5834    0.3130   -0.7495
    0.3390   -0.7447   -0.5749
   -0.7380   -0.5895    0.3284
...    18 T-A ...
  -25.7245  -25.0412   38.6763
   -0.2655   -0.1203   -0.9566
    0.6015   -0.7960   -0.0669
   -0.7534   -0.5932    0.2837
...    19 A-T ...
  -28.1538  -27.1274   39.3665
    0.1848   -0.4326   -0.8824
    0.6345   -0.6332    0.4433
   -0.7505   -0.6418    0.1575
...    20 T-A ...
  -30.9795  -28.8412   39.3887
    0.4891   -0.6832   -0.5422
    0.4539   -0.3314    0.8271
   -0.7448   -0.6507    0.1480
...    21 T-A ...
  -33.4917  -30.9382   39.5475
    0.6721   -0.7405    0.0021
    0.0948    0.0889    0.9915
   -0.7344   -0.6662    0.1300
...    22 C-G ...
  -35.8092  -33.2237   39.9086
    0.6328   -0.5311    0.5635
   -0.3238    0.4796    0.8156
   -0.7034   -0.6985    0.1316
...    23 G-C ...
  -38.1549  -35.3885   40.9991
    0.4391   -0.0811    0.8948
   -0.6633    0.6425    0.3837
   -0.6060   -0.7620    0.2283
...    24 C-G ...
  -39.8301  -38.1167   41.6756
    0.0617    0.3073    0.9496
   -0.7964    0.5887   -0.1387
   -0.6017   -0.7477    0.2811
...    25 A-T ...
  -42.1606  -40.3556   42.3837
   -0.3729    0.6258    0.6851
   -0.6928    0.3034   -0.6542
   -0.6172   -0.7186    0.3204
...    26 A-T ...
  -44.0781  -42.7097   43.6347
   -0.7056    0.6800    0.1993
   -0.3597   -0.1014   -0.9275
   -0.6105   -0.7261    0.3162
...    27 A-T ...
  -45.9276  -45.0125   45.0090
   -0.7991    0.4790   -0.3633
    0.1256   -0.4580   -0.8800
   -0.5879   -0.7489    0.3058
...    28 G-C ...
  -48.1295  -47.1961   46.3174
   -0.5786    0.2061   -0.7891
    0.5182   -0.6543   -0.5508
   -0.6298   -0.7276    0.2718
...    29 G-C ...
  -50.5914  -49.4283   47.2050
   -0.1382   -0.1286   -0.9820
    0.7468   -0.6648   -0.0181
   -0.6505   -0.7359    0.1879
...    30 C-G ...
  -53.0424  -51.5634   47.5730
    0.3269   -0.4176   -0.8478
    0.6929   -0.5041    0.5155
   -0.6427   -0.7560    0.1246
...    31 C-G ...
  -55.4244  -53.9033   47.8141
    0.7036   -0.5551   -0.4436
    0.3963   -0.2116    0.8934
   -0.5898   -0.8044    0.0711
...    32 G-C ...
  -56.9740  -56.5021   48.1583
    0.8710   -0.4889    0.0486
   -0.0253    0.0543    0.9982
   -0.4907   -0.8706    0.0350
...    33 G-C ...
  -58.0981  -59.6746   48.0584
    0.7501   -0.3219    0.5777
   -0.5128    0.2685    0.8154
   -0.4176   -0.9079    0.0363
...    34 C-G ...
  -59.0578  -62.8039   47.9853
    0.3721   -0.0801    0.9247
   -0.8468    0.3788    0.3735
   -0.3802   -0.9220    0.0732
...    35 C-G ...
  -59.8987  -66.0649   48.4958
   -0.1319    0.1903    0.9728
   -0.9254    0.3282   -0.1896
   -0.3553   -0.9253    0.1328
...    36 C-G ...
  -60.8891  -69.1790   49.1984
   -0.5975    0.3791    0.7066
   -0.7211    0.1313   -0.6802
   -0.3507   -0.9160    0.1950
...    37 G-C ...
  -62.4298  -72.2046   49.0419
   -0.8698    0.4500    0.2022
   -0.2747   -0.1014   -0.9562
   -0.4098   -0.8872    0.2119
...    38 A-T ...
  -63.6191  -75.0399   49.7448
   -0.8660    0.3126   -0.3904
    0.2882   -0.3260   -0.9004
   -0.4087   -0.8922    0.1923
...    39 C-G ...
  -65.3418  -77.6130   50.6129
   -0.5790    0.1399   -0.8032
    0.6863   -0.4481   -0.5728
   -0.4401   -0.8830    0.1635
...    40 A-T ...
  -66.9464  -80.4954   51.0332
   -0.0562   -0.0625   -0.9965
    0.8877   -0.4600   -0.0212
   -0.4570   -0.8857    0.0813
...    41 C-G ...
  -68.8344  -83.1957   50.8922
    0.4175   -0.2423   -0.8758
    0.7924   -0.3746    0.4814
   -0.4447   -0.8950    0.0356
...    42 G-C ...
  -69.9198  -86.3030   51.2625
    0.8259   -0.3404   -0.4494
    0.4084   -0.1883    0.8932
   -0.3886   -0.9212   -0.0165
...    43 A-T ...
  -71.2534  -89.1602   51.1912
    0.9151   -0.3752    0.1477
   -0.1352    0.0596    0.9890
   -0.3799   -0.9250    0.0038
...    44 C-G ...
  -72.2423  -92.2354   50.5199
    0.7352   -0.2334    0.6365
   -0.5963    0.2241    0.7709
   -0.3225   -0.9462    0.0256
...    45 T-A ...
  -72.7282  -95.8023   50.3688
    0.3001   -0.0168    0.9538
   -0.9066    0.3058    0.2907
   -0.2966   -0.9519    0.0765
...    46 T-A ...
  -73.3325  -98.9654   50.5287
   -0.1732    0.1543    0.9727
   -0.9414    0.2642   -0.2095
   -0.2894   -0.9520    0.0995
...    47 A-T ...
  -74.2172 -102.0868   51.1126
   -0.6197    0.3791    0.6872
   -0.7105    0.1009   -0.6964
   -0.3334   -0.9198    0.2069
...    48 C-G ...
  -75.0070 -105.0313   52.4390
   -0.8905    0.4000    0.2168
   -0.2911   -0.1348   -0.9471
   -0.3496   -0.9066    0.2365
...    49 T-A ...
  -76.2145 -107.8674   53.7690
   -0.8856    0.3358   -0.3208
    0.1901   -0.3681   -0.9101
   -0.4238   -0.8670    0.2621
...    50 G-C ...
  -77.7983 -110.7360   54.4485
   -0.5829    0.1465   -0.7992
    0.6468   -0.5118   -0.5655
   -0.4919   -0.8465    0.2036
...    51 T-A ...
  -79.8153 -113.1190   55.1725
   -0.1671   -0.1135   -0.9794
    0.8493   -0.5211   -0.0845
   -0.5008   -0.8459    0.1835
...    52 A-T ...
  -81.2273 -116.0483   55.7569
    0.3851   -0.3821   -0.8401
    0.7814   -0.3493    0.5171
   -0.4911   -0.8555    0.1640
...    53 G-C ...
  -83.0329 -118.7114   56.1500
    0.7556   -0.4323   -0.4922
    0.4978   -0.1096    0.8603
   -0.4259   -0.8951    0.1323
...    54 G-C ...
  -84.7208 -121.9116   55.7468
    0.9380   -0.3462    0.0186
    0.0275    0.1276    0.9914
   -0.3456   -0.9294    0.1292
...    55 T-A ...
  -85.7717 -125.1045   55.4623
    0.8138   -0.2013    0.5451
   -0.4782    0.3009    0.8251
   -0.3301   -0.9322    0.1486
...    56 T-A ...
  -86.6739 -128.1872   55.8828
    0.4191    0.0362    0.9072
   -0.8521    0.3608    0.3792
   -0.3136   -0.9319    0.1821
...    57 C-G ...
  -87.8312 -131.0637   56.7761
   -0.1069    0.3087    0.9451
   -0.9541    0.2357   -0.1849
   -0.2799   -0.9215    0.2693
...    58 A-T ...
  -88.2271 -134.2767   57.8919
   -0.5435    0.4959    0.6772
   -0.7972   -0.0525   -0.6014
   -0.2627   -0.8668    0.4239
...    59 T-A ...
  -88.8017 -136.9241   59.6781
   -0.8537    0.4418    0.2757
   -0.4332   -0.3085   -0.8469
   -0.2891   -0.8424    0.4547
...    60 G-C ...
  -89.8580 -139.6298   61.4288
   -0.9300    0.2157   -0.2975
    0.1418   -0.5363   -0.8320
   -0.3390   -0.8160    0.4682
...    61 T-A ...
  -91.2105 -141.9840   63.4383
   -0.7111   -0.1247   -0.6920
    0.6233   -0.5671   -0.5383
   -0.3253   -0.8141    0.4810
...    62 T-A ...
  -92.4199 -144.4735   65.0799
   -0.2430   -0.4615   -0.8532
    0.9190   -0.3909   -0.0503
   -0.3103   -0.7964    0.5192
...    63 A-T ...
  -93.2002 -147.2190   66.9422
    0.3795   -0.6199   -0.6868
    0.8806    0.0145    0.4736
   -0.2836   -0.7845    0.5514
...    64 T-A ...
  -94.6350 -149.8192   68.2711
    0.7648   -0.5379   -0.3546
    0.5824    0.3422    0.7373
   -0.2753   -0.7705    0.5750
...    65 A-T ...
  -95.4615 -152.3719   70.2408
    0.9814   -0.1802    0.0668
    0.0517    0.5821    0.8114
   -0.1851   -0.7929    0.5806
...    66 A-T ...
  -95.9412 -154.9787   71.9288
    0.8769    0.2138    0.4306
   -0.4675    0.5876    0.6604
   -0.1118   -0.7804    0.6152
...    67 C-G ...
  -95.7109 -157.8674   73.6257
    0.5067    0.5418    0.6706
   -0.8593    0.3799    0.3424
   -0.0692   -0.7497    0.6581
...    68 G-C ...
  -96.0880 -159.8338   76.1963
    0.0167    0.7986    0.6017
   -0.9997    0.0027    0.0241
    0.0176   -0.6019    0.7984
...    69 G-C ...
  -96.0007 -161.0596   79.2621
   -0.5019    0.7549    0.4223
   -0.8636   -0.4649   -0.1952
    0.0490   -0.4627    0.8852
...    70 A-T ...
  -95.7153 -162.2953   82.3463
   -0.9131    0.3539    0.2024
   -0.4056   -0.8388   -0.3632
    0.0412   -0.4138    0.9095
...    71 A-T ...
  -95.5444 -163.3392   85.4345
   -0.9767   -0.2144   -0.0104
    0.1998   -0.8903   -0.4093
    0.0785   -0.4018    0.9123
...    72 T-A ...
  -95.6132 -163.9925   88.7578
   -0.7267   -0.6648   -0.1731
    0.6763   -0.6480   -0.3502
    0.1207   -0.3716    0.9205
...    73 C-G ...
  -95.4786 -165.1316   91.9068
   -0.1498   -0.9346   -0.3226
    0.9753   -0.0862   -0.2032
    0.1621   -0.3451    0.9244
...    74 T-A ...
  -95.2348 -166.4715   94.9921
    0.3812   -0.8245   -0.4182
    0.9043    0.4266   -0.0168
    0.1923   -0.3718    0.9082
...    75 C-G ...
  -94.7482 -167.6862   98.1507
    0.8253   -0.4091   -0.3893
    0.5048    0.8434    0.1838
    0.2531   -0.3482    0.9026
...    76 G-C ...
  -93.5689 -168.4047  101.1358
    0.8759    0.1254   -0.4658
    0.0418    0.9423    0.3321
    0.4806   -0.3104    0.8202
...    77 A-T ...
  -92.1918 -169.2638  103.9339
    0.6947    0.6460   -0.3164
   -0.4589    0.7367    0.4966
    0.5539   -0.1998    0.8083
...    78 G-C ...
  -89.8864 -169.8730  106.2468
    0.3020    0.9452   -0.1241
   -0.7212    0.3117    0.6187
    0.6234   -0.0974    0.7758
...    79 C-G ...
  -87.3172 -169.9959  108.4282
   -0.1961    0.9626    0.1868
   -0.7389   -0.2703    0.6172
    0.6446   -0.0170    0.7643
...    80 T-A ...
  -84.9720 -169.8228  110.7184
   -0.5853    0.6828    0.4372
   -0.4881   -0.7273    0.4825
    0.6474    0.0690    0.7590
...    81 C-G ...
  -83.3443 -169.5693  113.4942
   -0.7682    0.1376    0.6253
    0.0102   -0.9739    0.2268
    0.6402    0.1806    0.7467
...    82 G-C ...
  -81.1887 -170.0161  116.2749
   -0.6289   -0.4507    0.6335
    0.4892   -0.8627   -0.1282
    0.6043    0.2293    0.7630
...    83 G-C ...
  -79.2672 -169.0474  118.8804
   -0.2623   -0.8597    0.4383
    0.7475   -0.4683   -0.4712
    0.6103    0.2041    0.7654
...    84 G-C ...
  -77.3785 -168.2839  121.5241
    0.1422   -0.9884    0.0533
    0.7723    0.0771   -0.6306
    0.6191    0.1308    0.7743
...    85 A-T ...
  -75.5348 -167.8215  124.2869
    0.5758   -0.7450   -0.3368
    0.5167    0.6508   -0.5563
    0.6336    0.1463    0.7597
...    86 T-A ...
  -73.6762 -167.8561  127.0124
    0.7400   -0.3080   -0.5980
    0.1392    0.9399   -0.3119
    0.6581    0.1476    0.7384
...    87 C-G ...
  -71.4360 -167.5627  129.3908
    0.6442    0.2803   -0.7117
   -0.3176    0.9444    0.0844
    0.6958    0.1717    0.6974
...    88 C-G ...
  -69.2519 -167.2013  131.8230
    0.2660    0.6753   -0.6879
   -0.6065    0.6719    0.4251
    0.7493    0.3042    0.5883
...    89 G-C ...
  -66.9814 -165.7210  133.7430
   -0.2343    0.8458   -0.4794
   -0.6073    0.2578    0.7515
    0.7592    0.4672    0.4532
...    90 C-G ...
  -64.1915 -163.9001  134.6825
   -0.5578    0.8298    0.0183
   -0.3344   -0.2449    0.9100
    0.7596    0.5015    0.4141
...    91 T-A ...
  -61.8573 -161.4930  135.7134
   -0.6502    0.5481    0.5261
    0.1077   -0.6189    0.7780
    0.7521    0.5625    0.3434
...    92 T-A ...
  -59.5245 -159.3572  136.5501
   -0.4155    0.1168    0.9021
    0.4793   -0.8147    0.3263
    0.7731    0.5679    0.2825
...    93 T-A ...
  -57.2141 -157.1533  137.2962
   -0.0050   -0.3304    0.9438
    0.6188   -0.7424   -0.2566
    0.7855    0.5828    0.2081
...    94 A-T ...
  -54.2407 -155.6566  137.1935
    0.4929   -0.6184    0.6120
    0.4465   -0.4239   -0.7880
    0.7468    0.6617    0.0672
...    95 A-T ...
  -51.9429 -153.4318  137.4939
    0.6778   -0.7324    0.0641
    0.0570   -0.0346   -0.9978
    0.7330    0.6800    0.0182
...    96 C-G ...
  -49.4475 -151.2746  138.1264
    0.5915   -0.6526   -0.4736
   -0.3271    0.3426   -0.8807
    0.7370    0.6758   -0.0108
...    97 A-T ...
  -46.9510 -149.1015  138.0792
    0.2271   -0.4251   -0.8762
   -0.6044    0.6440   -0.4691
    0.7636    0.6361   -0.1107
...    98 C-G ...
  -44.0311 -147.5651  137.6318
   -0.1495   -0.0751   -0.9859
   -0.6324    0.7738    0.0369
    0.7601    0.6290   -0.1632
...    99 T-A ...
  -41.1113 -145.7991  136.6006
   -0.5518    0.3002   -0.7780
   -0.4299    0.6970    0.5739
    0.7146    0.6511   -0.2556
...   100 T-A ...
  -38.7718 -143.8947  135.4018
   -0.7103    0.6291   -0.3156
   -0.0353    0.4160    0.9087
    0.7030    0.6566   -0.2733
...   101 T-A ...
  -36.5909 -141.7996  134.2702
   -0.6297    0.7365    0.2470
    0.3761    0.0107    0.9265
    0.6798    0.6763   -0.2837
...   102 A-T ...
  -34.3295 -139.4609  133.4339
   -0.3105    0.5822    0.7514
    0.6930   -0.4024    0.5982
    0.6506    0.7065   -0.2785
...   103 T-A ...
  -32.8328 -136.8380  132.1623
    0.0387    0.3127    0.9491
    0.7727   -0.6116    0.1700
    0.6336    0.7267   -0.2653
...   104 G-C ...
  -30.8848 -134.2411  131.4844
    0.4430   -0.1855    0.8772
    0.6152   -0.6489   -0.4478
    0.6522    0.7380   -0.1733
...   105 C-G ...
  -28.8062 -131.6827  131.2924
    0.6912   -0.5311    0.4901
    0.2607   -0.4493   -0.8545
    0.6740    0.7184   -0.1721
...   106 T-A ...
  -26.4665 -129.1683  131.1632
    0.7024   -0.7080   -0.0727
   -0.1621   -0.0597   -0.9850
    0.6931    0.7037   -0.1567
...   107 T-A ...
  -24.1773 -126.9500  130.8509
    0.4681   -0.6512   -0.5973
   -0.5262    0.3375   -0.7805
    0.7099    0.6797   -0.1847
...   108 C-G ...
  -21.6508 -124.9022  130.2732
    0.0399   -0.3934   -0.9185
   -0.6955    0.6491   -0.3083
    0.7174    0.6511   -0.2477
...   109 C-G ...
  -19.1887 -122.8491  129.5695
   -0.4174   -0.1015   -0.9030
   -0.6199    0.7584    0.2013
    0.6645    0.6438   -0.3795
...   110 G-C ...
  -17.4276 -120.7174  128.2677
   -0.7540    0.1958   -0.6270
   -0.3096    0.7358    0.6022
    0.5793    0.6482   -0.4942
...   111 G-C ...
  -15.9075 -118.6316  126.1208
   -0.8467    0.5066   -0.1626
    0.1724    0.5504    0.8169
    0.5033    0.6636   -0.5534
...   112 C-G ...
  -14.7547 -116.5149  123.7721
   -0.6386    0.6957    0.3289
    0.6168    0.2071    0.7594
    0.4602    0.6878   -0.5614
...   113 T-A ...
  -13.4970 -114.2743  121.7010
   -0.2441    0.6766    0.6947
    0.8731   -0.1583    0.4610
    0.4219    0.7191   -0.5521
...   114 C-G ...
  -12.0393 -111.8148  120.1027
    0.2931    0.4443    0.8465
    0.8742   -0.4831   -0.0491
    0.3872    0.7544   -0.5300
...   115 G-C ...
  -10.3823 -109.6046  118.2887
    0.7237    0.0477    0.6885
    0.5534   -0.6361   -0.5376
    0.4123    0.7701   -0.4867
...   116 T-A ...
   -9.0308 -106.8137  117.2139
    0.8922   -0.3174    0.3212
    0.0959   -0.5620   -0.8216
    0.4413    0.7638   -0.4710
...   117 A-T ...
   -7.3847 -104.0510  116.0781
    0.7600   -0.6245   -0.1798
   -0.4240   -0.2668   -0.8655
    0.4925    0.7340   -0.4676
...   118 T-A ...
   -5.4097 -101.6490  115.1588
    0.4564   -0.6662   -0.5899
   -0.7497    0.0691   -0.6581
    0.4792    0.7426   -0.4679
...   119 A-T ...
   -3.9861  -99.1610  113.4386
   -0.0851   -0.5423   -0.8359
   -0.8679    0.4524   -0.2051
    0.4894    0.7080   -0.5092
...   120 A-T ...
   -2.1681  -97.1120  111.7129
   -0.5707   -0.2282   -0.7888
   -0.6730    0.6803    0.2901
    0.4705    0.6964   -0.5419
...   121 T-A ...
   -0.3221  -95.3287  109.5927
   -0.8382    0.1448   -0.5258
   -0.2865    0.7034    0.6505
    0.4640    0.6959   -0.5481
...   122 G-C ...
    1.1248  -93.0681  107.4054
   -0.8963    0.4434   -0.0055
    0.2480    0.5116    0.8227
    0.3676    0.7360   -0.5685
...   123 T-A ...
    1.9667  -90.8409  105.1817
   -0.6707    0.6179    0.4103
    0.6573    0.2389    0.7148
    0.3437    0.7491   -0.5664
...   124 G-C ...
    2.8876  -88.2654  103.2795
   -0.2176    0.5787    0.7860
    0.9321   -0.1158    0.3433
    0.2897    0.8073   -0.5142
...   125 T-A ...
    3.2970  -85.6129  101.5127
    0.2754    0.4004    0.8740
    0.9174   -0.3811   -0.1145
    0.2872    0.8333   -0.4723
...   126 C-G ...
    4.1887  -82.9104  100.1545
    0.7574    0.1104    0.6436
    0.5947   -0.5238   -0.6099
    0.2698    0.8446   -0.4624
...   127 G-C ...
    5.4604  -80.4649   98.3664
    0.9110   -0.2811    0.3018
    0.1455   -0.4658   -0.8728
    0.3859    0.8391   -0.3834
...   128 A-T ...
    6.6074  -77.7661   97.1873
    0.8248   -0.5009   -0.2622
   -0.4172   -0.2262   -0.8802
    0.3816    0.8354   -0.3955
...   129 C-G ...
    8.3056  -75.0079   96.5294
    0.4679   -0.5768   -0.6696
   -0.7850    0.0767   -0.6147
    0.4059    0.8133   -0.4169
...   130 C-G ...
   10.2261  -72.5862   95.0792
   -0.0477   -0.5322   -0.8453
   -0.8986    0.3924   -0.1964
    0.4362    0.7502   -0.4970
...   131 A-T ...
   11.0438  -69.8441   93.3576
   -0.5797   -0.2873   -0.7625
   -0.7157    0.6269    0.3078
    0.3896    0.7242   -0.5690
...   132 A-T ...
   12.3786  -67.6365   91.3266
   -0.8830    0.1133   -0.4556
   -0.2649    0.6809    0.6828
    0.3876    0.7235   -0.5712
...   133 A-T ...
   13.6882  -65.5424   89.1600
   -0.8565    0.5160    0.0104
    0.2931    0.4696    0.8328
    0.4248    0.7164   -0.5535
...   134 T-A ...
   14.7283  -63.4122   86.8245
   -0.5924    0.6746    0.4405
    0.6886    0.1400    0.7115
    0.4183    0.7248   -0.5474
...   135 G-C ...
   15.7211  -61.4787   83.9378
    0.0342    0.7399    0.6718
    0.8637   -0.3601    0.3526
    0.5028    0.5682   -0.6514
...   136 T-A ...
   15.7739  -59.5464   80.8037
    0.5516    0.4996    0.6680
    0.6739   -0.7388   -0.0038
    0.4916    0.4523   -0.7442
...   137 G-C ...
   16.8280  -57.7075   78.2738
    0.8528   -0.0847    0.5152
    0.1508   -0.9047   -0.3984
    0.4999    0.4175   -0.7588
...   138 A-T ...
   18.4175  -55.5141   76.5363
    0.8547   -0.5007    0.1370
   -0.3189   -0.7148   -0.6224
    0.4096    0.4883   -0.7706
...   139 G-C ...
   20.4152  -54.2944   74.5497
    0.5847   -0.7389   -0.3350
   -0.7594   -0.3532   -0.5465
    0.2854    0.5739   -0.7676
...   140 C-G ...
   21.4163  -51.8107   72.7950
    0.1305   -0.7142   -0.6876
   -0.8897    0.2217   -0.3991
    0.4375    0.6639   -0.6065
...   141 G-C ...
   22.1406  -50.1330   67.4725
   -0.4682   -0.8748    0.1248
   -0.8495    0.4067   -0.3362
    0.2434   -0.2634   -0.9335
...   142 C-G ...
   22.3377  -51.2251   64.5019
   -0.8529   -0.5117   -0.1032
   -0.4974    0.8566   -0.1372
    0.1587   -0.0657   -0.9851
...   143 T-A ...
   24.0059  -51.6201   61.9333
   -0.9563    0.0399   -0.2897
    0.0522    0.9980   -0.0348
    0.2877   -0.0484   -0.9565
...   144 C-G ...
   24.8857  -52.7206   58.9948
   -0.7530    0.5560   -0.3520
    0.5213    0.8304    0.1966
    0.4016   -0.0355   -0.9151
...   145 A-T ...
   25.5173  -52.9609   55.8128
   -0.2442    0.9563   -0.1609
    0.8907    0.2867    0.3528
    0.3835   -0.0571   -0.9218
...   146 C-G ...
   25.2677  -52.4924   52.0871
    0.3203    0.9428   -0.0928
    0.8825   -0.2613    0.3910
    0.3444   -0.2071   -0.9157
...   147 A-T ...
   25.6133  -52.5732   48.6479
    0.8597    0.5097    0.0339
    0.4498   -0.7866    0.4230
    0.2423   -0.3484   -0.9055
