  147 base-pairs
...     1 T-A ...
    0.0000    0.0000    0.0000
    1.0000    0.0000    0.0000
    0.0000    1.0000    0.0000
    0.0000    0.0000    1.0000
...     2 G-C ...
   -0.5555   -1.1003    3.3981
    0.7749    0.6051    0.1828
   -0.5991    0.7953   -0.0929
   -0.2016   -0.0375    0.9787
...     3 T-A ...
   -0.6619   -3.0237    6.5348
    0.3046    0.9250    0.2271
   -0.8994    0.3578   -0.2510
   -0.3134   -0.1278    0.9410
...     4 G-C ...
   -1.1607   -3.8418    9.6940
   -0.3351    0.9421    0.0133
   -0.8752   -0.3061   -0.3746
   -0.3489   -0.1372    0.9271
...     5 A-T ...
   -1.3881   -3.6770   12.8999
   -0.7835    0.6162   -0.0801
   -0.5677   -0.7622   -0.3109
   -0.2527   -0.1981    0.9470
...     6 G-C ...
   -2.6236   -3.5448   15.7072
   -0.9923    0.0611   -0.1075
   -0.0294   -0.9610   -0.2748
   -0.1201   -0.2695    0.9555
...     7 C-G ...
   -2.3138   -3.7570   18.8866
   -0.8620   -0.4995   -0.0864
    0.5008   -0.8655    0.0073
   -0.0785   -0.0370    0.9962
...     8 G-C ...
   -3.9561   -6.8109   23.3205
   -0.2581   -0.3560   -0.8981
    0.6294   -0.7673    0.1233
   -0.7330   -0.5335    0.4221
...     9 C-G ...
   -6.1177   -8.9414   24.2385
    0.1143   -0.7320   -0.6716
    0.8123   -0.3203    0.4874
   -0.5720   -0.6013    0.5580
...    10 T-A ...
   -8.5041   -9.6771   26.0540
    0.4660   -0.8587   -0.2131
    0.6274    0.1508    0.7640
   -0.6239   -0.4897    0.6090
...    11 C-G ...
  -11.0625  -11.3174   27.2336
    0.6660   -0.6911    0.2808
    0.3382    0.6152    0.7121
   -0.6649   -0.3794    0.6435
...    12 A-T ...
  -13.0013  -13.1789   29.0658
    0.7188   -0.1490    0.6790
   -0.1787    0.9043    0.3876
   -0.6718   -0.4000    0.6235
...    13 C-G ...
  -14.1788  -15.9359   31.3399
    0.4052    0.2865    0.8682
   -0.5270    0.8492   -0.0343
   -0.7470   -0.4437    0.4951
...    14 A-T ...
  -15.9532  -18.1566   33.3080
   -0.1503    0.6873    0.7107
   -0.6106    0.5008   -0.6135
   -0.7776   -0.5261    0.3444
...    15 A-T ...
  -18.3027  -19.9657   34.6324
   -0.4772    0.8433    0.2472
   -0.4067    0.0375   -0.9128
   -0.7790   -0.5361    0.3250
...    16 T-A ...
  -20.6296  -21.5680   36.3086
   -0.6094    0.7550   -0.2420
   -0.1090   -0.3821   -0.9177
   -0.7854   -0.5328    0.3151
...    17 T-A ...
  -23.1849  -23.1341   37.5245
   -0.5476    0.4320   -0.7166
    0.2503   -0.7327   -0.6329
   -0.7984   -0.5260    0.2931
...    18 T-A ...
  -25.8796  -24.6044   38.5330
   -0.2921   -0.0230   -0.9561
    0.5072   -0.8513   -0.1345
   -0.8108   -0.5242    0.2603
...    19 A-T ...
  -28.7586  -26.1724   39.0760
    0.1358   -0.4003   -0.9062
    0.5494   -0.7308    0.4051
   -0.8244   -0.5529    0.1207
...    20 T-A ...
  -31.7321  -27.5519   38.9833
    0.4041   -0.6982   -0.5910
    0.4024   -0.4445    0.8003
   -0.8214   -0.5612    0.1014
...    21 T-A ...
  -34.4607  -29.3018   38.9984
    0.5656   -0.8231   -0.0499
    0.1014    0.0094    0.9948
   -0.8184   -0.5678    0.0888
...    22 C-G ...
  -37.0397  -31.3019   39.1479
    0.5448   -0.6512    0.5283
   -0.2609    0.4671    0.8448
   -0.7970   -0.5981    0.0845
...    23 G-C ...
  -39.7087  -33.1816   39.7684
    0.3881   -0.2296    0.8926
   -0.5475    0.7217    0.4237
   -0.7414   -0.6531    0.1544
...    24 C-G ...
  -41.8527  -35.6556   40.2380
    0.0609    0.2194    0.9737
   -0.6787    0.7244   -0.1208
   -0.7319   -0.6535    0.1931
...    25 A-T ...
  -44.3950  -37.6924   40.8472
   -0.2638    0.6426    0.7193
   -0.6149    0.4626   -0.6387
   -0.7432   -0.6108    0.2731
...    26 A-T ...
  -46.6491  -39.7395   41.9660
   -0.5660    0.7889    0.2392
   -0.3572    0.0268   -0.9337
   -0.7430   -0.6139    0.2666
...    27 A-T ...
  -49.0141  -41.6471   43.0947
   -0.6667    0.6713   -0.3238
    0.0229   -0.4157   -0.9092
   -0.7450   -0.6136    0.2618
...    28 G-C ...
  -51.5849  -43.4155   44.1538
   -0.5064    0.4056   -0.7610
    0.3563   -0.7052   -0.6130
   -0.7852   -0.5816    0.2126
...    29 G-C ...
  -54.4624  -45.0238   44.8353
   -0.1683    0.0245   -0.9854
    0.5493   -0.8278   -0.1144
   -0.8185   -0.5605    0.1259
...    30 C-G ...
  -57.4038  -46.5014   45.0451
    0.1927   -0.3911   -0.9000
    0.5409   -0.7229    0.4299
   -0.8187   -0.5696    0.0723
...    31 C-G ...
  -60.2736  -48.2744   44.8606
    0.5203   -0.6605   -0.5414
    0.3361   -0.4245    0.8408
   -0.7851   -0.6194    0.0011
...    32 G-C ...
  -62.6948  -50.5418   45.0538
    0.7066   -0.7076    0.0012
   -0.0262   -0.0245    0.9994
   -0.7071   -0.7062   -0.0358
...    33 G-C ...
  -64.8856  -53.0687   44.5648
    0.6453   -0.5497    0.5306
   -0.4127    0.3337    0.8476
   -0.6429   -0.7659   -0.0115
...    34 C-G ...
  -66.6933  -55.8137   44.2565
    0.3566   -0.2479    0.9007
   -0.7020    0.5650    0.4335
   -0.6164   -0.7870    0.0274
...    35 C-G ...
  -68.4463  -58.6869   44.3991
   -0.0147    0.1585    0.9873
   -0.7993    0.5914   -0.1068
   -0.6008   -0.7907    0.1180
...    36 C-G ...
  -70.2146  -61.4701   45.0566
   -0.3832    0.5153    0.7666
   -0.6867    0.3961   -0.6095
   -0.6177   -0.7600    0.2021
...    37 G-C ...
  -72.5725  -63.7629   45.5614
   -0.6257    0.7262    0.2848
   -0.3940    0.0209   -0.9189
   -0.6732   -0.6872    0.2731
...    38 A-T ...
  -74.7879  -65.9424   46.5710
   -0.7182    0.6242   -0.3076
    0.0311   -0.4128   -0.9103
   -0.6951   -0.6633    0.2771
...    39 C-G ...
  -77.2445  -67.6923   47.9349
   -0.5850    0.3367   -0.7378
    0.3876   -0.6830   -0.6191
   -0.7124   -0.6482    0.2690
...    40 A-T ...
  -79.5732  -69.9342   48.6588
   -0.2054   -0.0493   -0.9774
    0.6285   -0.7722   -0.0931
   -0.7502   -0.6334    0.1896
...    41 C-G ...
  -82.4409  -71.5415   49.0926
    0.1639   -0.4251   -0.8902
    0.6411   -0.6399    0.4236
   -0.7497   -0.6401    0.1677
...    42 G-C ...
  -84.6936  -73.8898   49.7678
    0.5684   -0.6283   -0.5312
    0.4388   -0.3146    0.8417
   -0.6960   -0.7115    0.0969
...    43 A-T ...
  -87.0089  -76.1808   49.9602
    0.7483   -0.6621    0.0414
    0.0356    0.1024    0.9941
   -0.6624   -0.7424    0.1002
...    44 C-G ...
  -89.0166  -78.7731   49.6800
    0.6918   -0.4846    0.5353
   -0.3539    0.4186    0.8364
   -0.6294   -0.7681    0.1181
...    45 T-A ...
  -90.8009  -81.5326   49.9067
    0.4685   -0.1395    0.8724
   -0.6707    0.5866    0.4539
   -0.5751   -0.7977    0.1813
...    46 T-A ...
  -92.4331  -84.2680   50.4518
    0.0413    0.2299    0.9723
   -0.8243    0.5578   -0.0969
   -0.5646   -0.7975    0.2125
...    47 A-T ...
  -94.2287  -86.8923   51.3802
   -0.3586    0.5809    0.7307
   -0.7375    0.3036   -0.6033
   -0.5723   -0.7552    0.3195
...    48 C-G ...
  -95.7128  -89.3696   52.9692
   -0.6682    0.6765    0.3097
   -0.4663   -0.0565   -0.8828
   -0.5797   -0.7343    0.3532
...    49 T-A ...
  -97.6377  -91.5781   54.4893
   -0.7867    0.5809   -0.2088
   -0.0772   -0.4281   -0.9004
   -0.6124   -0.6923    0.3817
...    50 G-C ...
  -99.8130  -93.8814   55.4527
   -0.6512    0.2747   -0.7075
    0.3631   -0.7059   -0.6082
   -0.6665   -0.6529    0.3599
...    51 T-A ...
 -102.3458  -95.5373   56.8517
   -0.3632   -0.1296   -0.9227
    0.6501   -0.7447   -0.1513
   -0.6675   -0.6547    0.3547
...    52 A-T ...
 -104.3565  -97.8978   58.1039
    0.1025   -0.5639   -0.8195
    0.7494   -0.4980    0.4364
   -0.6542   -0.6588    0.3715
...    53 G-C ...
 -106.7251  -99.9870   59.0930
    0.5152   -0.6976   -0.4979
    0.6002   -0.1211    0.7906
   -0.6119   -0.7062    0.3563
...    54 G-C ...
 -108.9539 -102.3676   59.9817
    0.8142   -0.5789   -0.0442
    0.2430    0.2705    0.9316
   -0.5273   -0.7692    0.3609
...    55 T-A ...
 -110.6303 -105.1239   60.5777
    0.8568   -0.3159    0.4077
   -0.1980    0.5285    0.8255
   -0.4762   -0.7880    0.3903
...    56 A-T ...
 -111.7864 -108.0502   61.6927
    0.7168    0.1494    0.6811
   -0.6215    0.5796    0.5270
   -0.3160   -0.8011    0.5083
...    57 T-A ...
 -112.2313 -110.9454   63.1191
    0.3362    0.4440    0.8306
   -0.8965    0.4210    0.1378
   -0.2885   -0.7909    0.5396
...    58 C-G ...
 -112.9998 -113.4181   65.0709
   -0.2135    0.6484    0.7307
   -0.9423    0.0607   -0.3292
   -0.2578   -0.7589    0.5980
...    59 T-A ...
 -113.5723 -115.7231   67.3461
   -0.6517    0.6300    0.4224
   -0.7154   -0.3254   -0.6184
   -0.2521   -0.7051    0.6627
...    60 C-G ...
 -114.4846 -117.8316   69.6751
   -0.9453    0.3256   -0.0189
   -0.2119   -0.6572   -0.7233
   -0.2480   -0.6797    0.6903
...    61 G-C ...
 -115.5061 -120.3453   71.6081
   -0.8888   -0.0732   -0.4524
    0.3448   -0.7572   -0.5548
   -0.3020   -0.6491    0.6982
...    62 A-T ...
 -116.5313 -122.3685   73.9924
   -0.5149   -0.5150   -0.6853
    0.8076   -0.5595   -0.1864
   -0.2875   -0.6494    0.7040
...    63 G-C ...
 -117.7621 -124.3864   76.3180
   -0.0046   -0.7082   -0.7060
    0.9651   -0.1881    0.1825
   -0.2620   -0.6805    0.6843
...    64 C-G ...
 -119.0086 -126.5514   78.4939
    0.5271   -0.6627   -0.5319
    0.8228    0.2416    0.5144
   -0.2124   -0.7088    0.6727
...    65 T-A ...
 -119.8351 -129.0711   80.4544
    0.8865   -0.3831   -0.2595
    0.4452    0.5535    0.7038
   -0.1260   -0.7395    0.6613
...    66 C-G ...
 -120.2299 -131.5428   82.5183
    0.9912    0.0591    0.1184
   -0.1272    0.6730    0.7286
   -0.0367   -0.7373    0.6746
...    67 G-C ...
 -120.1480 -133.8109   84.9355
    0.7737    0.5369    0.3365
   -0.6161    0.5134    0.5973
    0.1479   -0.6694    0.7280
...    68 G-C ...
 -119.0393 -135.9490   87.2751
    0.3241    0.8061    0.4952
   -0.9112    0.1251    0.3926
    0.2545   -0.5784    0.7750
...    69 G-C ...
 -117.6776 -137.4354   89.9748
   -0.2252    0.8073    0.5455
   -0.9230   -0.3561    0.1460
    0.3121   -0.4706    0.8253
...    70 A-T ...
 -116.5997 -138.7061   92.7980
   -0.7246    0.4577    0.5152
   -0.6036   -0.7822   -0.1541
    0.3325   -0.4227    0.8431
...    71 T-A ...
 -115.2140 -139.4381   95.7170
   -0.9193   -0.0170    0.3933
   -0.1484   -0.9104   -0.3862
    0.3646   -0.4134    0.8344
...    72 C-G ...
 -114.1036 -140.6750   98.5566
   -0.8185   -0.5641    0.1093
    0.4285   -0.7260   -0.5379
    0.3828   -0.3934    0.8359
...    73 C-G ...
 -113.0016 -141.8529  101.5222
   -0.4651   -0.8547   -0.2307
    0.8027   -0.2972   -0.5171
    0.3733   -0.4257    0.8243
...    74 G-C ...
 -111.2752 -143.1332  104.0584
    0.0262   -0.8378   -0.5454
    0.9086    0.2474   -0.3364
    0.4168   -0.4867    0.7677
...    75 C-G ...
 -110.2718 -144.8108  106.7160
    0.4779   -0.5484   -0.6862
    0.7416    0.6706   -0.0194
    0.4707   -0.4996    0.7272
...    76 T-A ...
 -108.8290 -146.7410  108.9456
    0.7301   -0.0901   -0.6774
    0.4000    0.8601    0.3167
    0.5541   -0.5021    0.6640
...    77 T-A ...
 -107.0296 -148.5298  110.9164
    0.7831    0.4195   -0.4590
   -0.0461    0.7753    0.6300
    0.6201   -0.4722    0.6265
...    78 T-A ...
 -104.8924 -150.1177  112.7066
    0.5845    0.8037   -0.1113
   -0.4368    0.4273    0.7916
    0.6837   -0.4141    0.6009
...    79 A-T ...
 -102.0677 -151.2068  114.1445
    0.1370    0.9795    0.1479
   -0.6005   -0.0366    0.7988
    0.7878   -0.1982    0.5831
...    80 A-T ...
  -99.3408 -151.6141  115.8230
   -0.2355    0.8058    0.5433
   -0.5436   -0.5727    0.6137
    0.8056   -0.1508    0.5729
...    81 C-G ...
  -96.4451 -151.4842  117.4269
   -0.4924    0.4020    0.7720
   -0.3112   -0.9096    0.2751
    0.8128   -0.1048    0.5730
...    82 A-T ...
  -93.8742 -151.9547  119.4383
   -0.6128   -0.1824    0.7689
    0.0664   -0.9814   -0.1800
    0.7875   -0.0593    0.6135
...    83 C-G ...
  -91.4358 -151.5624  121.7090
   -0.4713   -0.6711    0.5722
    0.3829   -0.7402   -0.5527
    0.7945   -0.0414    0.6058
...    84 T-A ...
  -88.9821 -151.5577  123.9458
   -0.2043   -0.9604    0.1892
    0.5670   -0.2737   -0.7770
    0.7980   -0.0515    0.6005
...    85 T-A ...
  -86.5696 -151.5875  126.1349
    0.1855   -0.9456   -0.2674
    0.5512    0.3254   -0.7683
    0.8135   -0.0049    0.5816
...    86 T-A ...
  -84.0777 -151.6836  128.2060
    0.4538   -0.6004   -0.6585
    0.3256    0.7996   -0.5046
    0.8295    0.0146    0.5584
...    87 A-T ...
  -81.2868 -151.9273  129.9842
    0.4107   -0.0895   -0.9074
    0.0435    0.9960   -0.0785
    0.9107   -0.0073    0.4129
...    88 T-A ...
  -78.3142 -152.5810  131.1182
    0.3302    0.4025   -0.8538
   -0.1575    0.9154    0.3705
    0.9307    0.0121    0.3656
...    89 T-A ...
  -75.2422 -152.6414  132.0541
    0.1185    0.8259   -0.5513
   -0.2884    0.5599    0.7767
    0.9501    0.0669    0.3046
...    90 C-G ...
  -72.1221 -152.2048  132.7813
   -0.1355    0.9897   -0.0460
   -0.2551    0.0100    0.9669
    0.9574    0.1427    0.2511
...    91 A-T ...
  -68.9828 -151.3991  133.5512
   -0.3639    0.8145    0.4518
   -0.0603   -0.5046    0.8612
    0.9295    0.2862    0.2327
...    92 T-A ...
  -66.0234 -149.9633  133.7779
   -0.3361    0.4545    0.8249
    0.1484   -0.8394    0.5229
    0.9300    0.2982    0.2147
...    93 G-C ...
  -62.9784 -149.1189  134.7453
   -0.2269   -0.1254    0.9658
    0.3577   -0.9331   -0.0371
    0.9059    0.3371    0.2565
...    94 T-A ...
  -60.2524 -147.4348  135.7253
    0.0064   -0.5931    0.8051
    0.4233   -0.7278   -0.5395
    0.9060    0.3442    0.2464
...    95 T-A ...
  -57.4668 -146.0227  136.6762
    0.3013   -0.8839    0.3577
    0.3160   -0.2613   -0.9121
    0.8996    0.3879    0.2006
...    96 A-T ...
  -54.4408 -144.5864  136.8949
    0.4400   -0.8524   -0.2826
    0.0261    0.3267   -0.9448
    0.8976    0.4083    0.1660
...    97 T-A ...
  -51.4932 -143.6207  137.9737
    0.3821   -0.5796   -0.7198
   -0.2128    0.7027   -0.6789
    0.8993    0.4126    0.1451
...    98 A-T ...
  -48.4103 -142.4566  138.3544
    0.0688   -0.1668   -0.9836
   -0.3736    0.9099   -0.1805
    0.9250    0.3799    0.0003
...    99 A-T ...
  -45.3588 -141.4369  138.2055
   -0.2026    0.3315   -0.9215
   -0.3405    0.8584    0.3836
    0.9181    0.3915   -0.0610
...   100 C-G ...
  -42.2881 -140.6017  137.4869
   -0.4071    0.6912   -0.5971
   -0.1671    0.5863    0.7927
    0.8980    0.4225   -0.1231
...   101 G-C ...
  -39.5392 -138.7708  137.0337
   -0.5596    0.8267   -0.0582
    0.1501    0.1702    0.9739
    0.8150    0.5363   -0.2193
...   102 G-C ...
  -37.1724 -136.6243  135.8977
   -0.4616    0.7419    0.4863
    0.4779   -0.2538    0.8409
    0.7473    0.6206   -0.2374
...   103 A-T ...
  -34.8754 -134.4220  135.0729
   -0.1018    0.4440    0.8902
    0.6820   -0.6203    0.3874
    0.7242    0.6466   -0.2397
...   104 G-C ...
  -32.7366 -132.0188  134.2270
    0.2564    0.0315    0.9661
    0.6471   -0.7480   -0.1474
    0.7180    0.6629   -0.2122
...   105 C-G ...
  -30.5845 -129.5357  133.6878
    0.5575   -0.3972    0.7290
    0.4024   -0.6389   -0.6557
    0.7262    0.6589   -0.1963
...   106 T-A ...
  -28.2282 -127.2267  133.3228
    0.6616   -0.6970    0.2766
    0.0450   -0.3313   -0.9424
    0.7485    0.6360   -0.1878
...   107 T-A ...
  -25.8205 -125.0713  132.9740
    0.5783   -0.7531   -0.3137
   -0.3571    0.1121   -0.9273
    0.7335    0.6483   -0.2041
...   108 C-G ...
  -23.3866 -122.9694  132.3637
    0.2269   -0.5762   -0.7851
   -0.6342    0.5244   -0.5681
    0.7391    0.6269   -0.2465
...   109 C-G ...
  -20.6883 -121.1343  131.5465
   -0.2265   -0.2779   -0.9335
   -0.6506    0.7564   -0.0673
    0.7249    0.5921   -0.3521
...   110 G-C ...
  -18.5444 -118.9685  130.1871
   -0.6463    0.0840   -0.7585
   -0.3998    0.8093    0.4303
    0.6500    0.5814   -0.4894
...   111 G-C ...
  -16.5052 -117.2736  128.0960
   -0.8253    0.4350   -0.3600
    0.0288    0.6692    0.7425
    0.5640    0.6025   -0.5648
...   112 C-G ...
  -14.9546 -115.4606  125.8079
   -0.7104    0.6924    0.1262
    0.4854    0.3522    0.8002
    0.5097    0.6297   -0.5863
...   113 T-A ...
  -13.6487 -113.3346  123.6279
   -0.3815    0.7366    0.5584
    0.8054   -0.0316    0.5919
    0.4537    0.6755   -0.5812
...   114 C-G ...
  -12.3262 -110.9991  121.7434
    0.1535    0.5654    0.8104
    0.8863   -0.4415    0.1401
    0.4370    0.6967   -0.5689
...   115 G-C ...
  -10.5262 -108.8307  119.9479
    0.5861    0.1619    0.7939
    0.6645   -0.6566   -0.3567
    0.4636    0.7366   -0.4924
...   116 T-A ...
   -9.3317 -105.9978  118.6734
    0.8399   -0.2175    0.4973
    0.2591   -0.6444   -0.7195
    0.4769    0.7331   -0.4849
...   117 A-T ...
   -7.7800 -103.7162  116.7704
    0.8174   -0.5745   -0.0415
   -0.3117   -0.3805   -0.8707
    0.4844    0.7246   -0.4901
...   118 T-A ...
   -5.8770 -101.2294  115.7503
    0.5474   -0.6888   -0.4753
   -0.6848   -0.0422   -0.7275
    0.4810    0.7237   -0.4948
...   119 A-T ...
   -4.3791  -98.8557  113.9520
    0.0095   -0.6234   -0.7818
   -0.8716    0.3781   -0.3121
    0.4901    0.6844   -0.5398
...   120 A-T ...
   -2.5895  -96.8148  112.1809
   -0.4892   -0.3113   -0.8147
   -0.7258    0.6633    0.1824
    0.4837    0.6805   -0.5504
...   121 T-A ...
   -0.6728  -95.1273  110.1138
   -0.7935    0.0536   -0.6062
   -0.3819    0.7317    0.5646
    0.4738    0.6795   -0.5601
...   122 G-C ...
    0.6317  -92.7568  108.1628
   -0.9195    0.3735   -0.1227
    0.1395    0.6019    0.7863
    0.3676    0.7059   -0.6055
...   123 T-A ...
    1.5062  -90.7419  105.6875
   -0.7270    0.6054    0.3241
    0.5991    0.3284    0.7303
    0.3357    0.7251   -0.6013
...   124 G-C ...
    2.5346  -88.1536  103.8576
   -0.2977    0.6065    0.7373
    0.9144   -0.0408    0.4027
    0.2743    0.7941   -0.5424
...   125 T-A ...
    2.8001  -85.4268  101.9923
    0.2127    0.4724    0.8553
    0.9382   -0.3433   -0.0437
    0.2730    0.8117   -0.5163
...   126 C-G ...
    3.6205  -82.6841  100.3996
    0.7125    0.1565    0.6840
    0.6406   -0.5430   -0.5429
    0.2865    0.8250   -0.4871
...   127 G-C ...
    4.8699  -80.1536   98.6036
    0.9138   -0.2572    0.3144
    0.1485   -0.5088   -0.8480
    0.3781    0.8215   -0.4268
...   128 A-T ...
    6.1462  -77.4306   97.3039
    0.8156   -0.5307   -0.2305
   -0.4118   -0.2525   -0.8756
    0.4065    0.8091   -0.4244
...   129 C-G ...
    7.8965  -74.7698   96.3926
    0.4710   -0.6031   -0.6438
   -0.7722    0.0710   -0.6314
    0.4265    0.7945   -0.4323
...   130 C-G ...
    9.6428  -72.2869   94.9288
   -0.0562   -0.5254   -0.8490
   -0.8934    0.4061   -0.1922
    0.4458    0.7477   -0.4922
...   131 A-T ...
   10.9270  -69.7508   93.2041
   -0.5921   -0.2636   -0.7615
   -0.6910    0.6522    0.3116
    0.4146    0.7107   -0.5683
...   132 A-T ...
   12.3951  -67.6560   91.1988
   -0.8768    0.1597   -0.4536
   -0.2346    0.6813    0.6934
    0.4198    0.7144   -0.5599
...   133 A-T ...
   13.7270  -65.5127   89.1530
   -0.8552    0.5180    0.0189
    0.3005    0.4657    0.8324
    0.4224    0.7175   -0.5539
...   134 T-A ...
   14.7283  -63.4123   86.8245
   -0.5924    0.6746    0.4405
    0.6886    0.1400    0.7115
    0.4183    0.7248   -0.5474
...   135 G-C ...
   15.7212  -61.4789   83.9377
    0.0342    0.7399    0.6718
    0.8637   -0.3601    0.3526
    0.5028    0.5682   -0.6514
...   136 T-A ...
   15.7740  -59.5465   80.8036
    0.5516    0.4996    0.6680
    0.6739   -0.7388   -0.0038
    0.4916    0.4523   -0.7442
...   137 G-C ...
   16.8281  -57.7076   78.2738
    0.8528   -0.0847    0.5152
    0.1508   -0.9047   -0.3984
    0.4999    0.4175   -0.7588
...   138 A-T ...
   18.4176  -55.5142   76.5362
    0.8547   -0.5007    0.1370
   -0.3189   -0.7148   -0.6224
    0.4096    0.4883   -0.7706
...   139 G-C ...
   20.4153  -54.2946   74.5496
    0.5847   -0.7389   -0.3350
   -0.7594   -0.3532   -0.5465
    0.2854    0.5739   -0.7676
...   140 C-G ...
   21.4164  -51.8108   72.7950
    0.1305   -0.7142   -0.6876
   -0.8897    0.2217   -0.3991
    0.4375    0.6639   -0.6065
...   141 G-C ...
   22.1407  -50.1331   67.4725
   -0.4682   -0.8748    0.1248
   -0.8495    0.4067   -0.3362
    0.2434   -0.2634   -0.9335
...   142 C-G ...
   22.3378  -51.2253   64.5019
   -0.8529   -0.5117   -0.1032
   -0.4974    0.8566   -0.1372
    0.1587   -0.0657   -0.9851
...   143 T-A ...
   24.0060  -51.6202   61.9333
   -0.9563    0.0399   -0.2897
    0.0522    0.9980   -0.0348
    0.2877   -0.0484   -0.9565
...   144 C-G ...
   24.8857  -52.7208   58.9948
   -0.7530    0.5560   -0.3520
    0.5213    0.8304    0.1966
    0.4016   -0.0355   -0.9151
...   145 A-T ...
   25.5174  -52.9611   55.8127
   -0.2441    0.9563   -0.1609
    0.8907    0.2867    0.3528
    0.3835   -0.0571   -0.9218
...   146 C-G ...
   25.2678  -52.4925   52.0871
    0.3203    0.9428   -0.0928
    0.8825   -0.2613    0.3910
    0.3444   -0.2071   -0.9157
...   147 A-T ...
   25.6134  -52.5733   48.6479
    0.8597    0.5097    0.0339
    0.4498   -0.7866    0.4230
    0.2423   -0.3484   -0.9055
