  147 base-pairs
...     1 T-A ...
    0.0000    0.0000    0.0000
    1.0000    0.0000    0.0000
    0.0000    1.0000    0.0000
    0.0000    0.0000    1.0000
...     2 G-C ...
   -0.5555   -1.1003    3.3981
    0.7749    0.6051    0.1828
   -0.5991    0.7953   -0.0929
   -0.2016   -0.0375    0.9787
...     3 T-A ...
   -0.6619   -3.0237    6.5348
    0.3046    0.9250    0.2271
   -0.8994    0.3578   -0.2510
   -0.3134   -0.1278    0.9410
...     4 G-C ...
   -1.1607   -3.8418    9.6940
   -0.3351    0.9421    0.0133
   -0.8752   -0.3061   -0.3746
   -0.3489   -0.1372    0.9271
...     5 A-T ...
   -1.3881   -3.6770   12.8999
   -0.7835    0.6162   -0.0801
   -0.5677   -0.7622   -0.3109
   -0.2527   -0.1981    0.9470
...     6 G-C ...
   -2.6236   -3.5448   15.7072
   -0.9923    0.0611   -0.1075
   -0.0294   -0.9610   -0.2748
   -0.1201   -0.2695    0.9555
...     7 C-G ...
   -2.3138   -3.7570   18.8866
   -0.8620   -0.4995   -0.0864
    0.5008   -0.8655    0.0073
   -0.0785   -0.0370    0.9962
...     8 G-C ...
   -3.9561   -6.8109   23.3205
   -0.2581   -0.3560   -0.8981
    0.6294   -0.7673    0.1233
   -0.7330   -0.5335    0.4221
...     9 C-G ...
   -6.1177   -8.9414   24.2385
    0.1143   -0.7320   -0.6716
    0.8123   -0.3203    0.4874
   -0.5720   -0.6013    0.5580
...    10 T-A ...
   -8.5041   -9.6771   26.0540
    0.4660   -0.8587   -0.2131
    0.6274    0.1508    0.7640
   -0.6239   -0.4897    0.6090
...    11 C-G ...
  -11.0625  -11.3174   27.2336
    0.6660   -0.6911    0.2808
    0.3382    0.6152    0.7121
   -0.6649   -0.3794    0.6435
...    12 A-T ...
  -13.0013  -13.1789   29.0658
    0.7188   -0.1490    0.6790
   -0.1787    0.9043    0.3876
   -0.6718   -0.4000    0.6235
...    13 C-G ...
  -14.1788  -15.9359   31.3399
    0.4052    0.2865    0.8682
   -0.5270    0.8492   -0.0343
   -0.7470   -0.4437    0.4951
...    14 A-T ...
  -15.9532  -18.1566   33.3080
   -0.1503    0.6873    0.7107
   -0.6106    0.5008   -0.6135
   -0.7776   -0.5261    0.3444
...    15 A-T ...
  -18.3621  -19.9923   34.4596
   -0.4753    0.8503    0.2258
   -0.3927    0.0246   -0.9194
   -0.7873   -0.5257    0.3222
...    16 T-A ...
  -20.7360  -21.6573   36.2254
   -0.6449    0.7063   -0.2920
   -0.0560   -0.4247   -0.9036
   -0.7622   -0.5664    0.3135
...    17 T-A ...
  -23.2380  -23.3165   37.5722
   -0.5788    0.3015   -0.7577
    0.3518   -0.7459   -0.5656
   -0.7357   -0.5939    0.3256
...    18 T-A ...
  -25.7245  -25.0897   38.6360
   -0.2513   -0.1359   -0.9583
    0.6120   -0.7893   -0.0486
   -0.7498   -0.5988    0.2815
...    19 A-T ...
  -28.1294  -27.2241   39.3510
    0.2073   -0.4619   -0.8624
    0.6347   -0.6073    0.4778
   -0.7444   -0.6464    0.1673
...    20 T-A ...
  -30.9282  -28.9830   39.3850
    0.5117   -0.6972   -0.5021
    0.4397   -0.2895    0.8502
   -0.7381   -0.6558    0.1584
...    21 T-A ...
  -33.4050  -31.1134   39.5843
    0.6811   -0.7299    0.0578
    0.0633    0.1373    0.9885
   -0.7295   -0.6696    0.1397
...    22 C-G ...
  -35.7044  -33.4137   39.9995
    0.6178   -0.4922    0.6132
   -0.3598    0.5165    0.7771
   -0.6992   -0.7007    0.1420
...    23 G-C ...
  -38.0631  -35.5558   41.1210
    0.4041   -0.0271    0.9143
   -0.6868    0.6513    0.3228
   -0.6042   -0.7584    0.2446
...    24 C-G ...
  -39.7275  -38.2750   41.8778
    0.0169    0.3586    0.9333
   -0.7983    0.5669   -0.2033
   -0.6020   -0.7417    0.2959
...    25 A-T ...
  -42.0994  -40.4999   42.5735
   -0.4244    0.6536    0.6267
   -0.6617    0.2486   -0.7074
   -0.6181   -0.7149    0.3270
...    26 A-T ...
  -44.0387  -42.8301   43.8403
   -0.7344    0.6690    0.1142
   -0.2984   -0.1671   -0.9397
   -0.6095   -0.7242    0.3224
...    27 A-T ...
  -45.9101  -45.1146   45.2242
   -0.7872    0.4272   -0.4447
    0.1989   -0.5067   -0.8389
   -0.5837   -0.7488    0.3139
...    28 G-C ...
  -48.1265  -47.3014   46.5181
   -0.5268    0.1308   -0.8399
    0.5796   -0.6675   -0.4675
   -0.6217   -0.7331    0.2759
...    29 G-C ...
  -50.5555  -49.5843   47.3851
   -0.0562   -0.2047   -0.9772
    0.7710   -0.6307    0.0878
   -0.6343   -0.7485    0.1933
...    30 C-G ...
  -52.9409  -51.8039   47.7385
    0.4127   -0.4659   -0.7827
    0.6673   -0.4302    0.6080
   -0.6200   -0.7732    0.1333
...    31 C-G ...
  -55.2256  -54.2404   47.9850
    0.7615   -0.5552   -0.3345
    0.3241   -0.1208    0.9383
   -0.5613   -0.8229    0.0879
...    32 G-C ...
  -56.7085  -56.8789   48.4356
    0.8817   -0.4398    0.1711
   -0.1222    0.1375    0.9829
   -0.4558   -0.8875    0.0675
...    33 G-C ...
  -57.7157  -60.0879   48.5343
    0.7016   -0.2311    0.6741
   -0.6018    0.3146    0.7341
   -0.3817   -0.9207    0.0816
...    34 C-G ...
  -58.5421  -63.2579   48.6754
    0.2752    0.0247    0.9611
   -0.8967    0.3672    0.2473
   -0.3468   -0.9298    0.1232
...    35 C-G ...
  -59.3167  -66.4911   49.4273
   -0.2497    0.2719    0.9294
   -0.9118    0.2571   -0.3202
   -0.3260   -0.9273    0.1837
...    36 C-G ...
  -60.2604  -69.5779   50.3296
   -0.6981    0.4077    0.5886
   -0.6378    0.0196   -0.7700
   -0.3255   -0.9129    0.2464
...    37 G-C ...
  -61.6420  -72.7188   50.2549
   -0.9137    0.4043    0.0413
   -0.1385   -0.2142   -0.9669
   -0.3821   -0.8892    0.2517
...    38 A-T ...
  -62.7579  -75.5536   51.1012
   -0.8213    0.2051   -0.5324
    0.4287   -0.3939   -0.8131
   -0.3765   -0.8960    0.2355
...    39 C-G ...
  -64.4223  -78.1524   52.0197
   -0.4661    0.0075   -0.8847
    0.7882   -0.4507   -0.4190
   -0.4019   -0.8926    0.2042
...    40 A-T ...
  -65.8654  -81.1134   52.5547
    0.1006   -0.1832   -0.9779
    0.9100   -0.3803    0.1648
   -0.4021   -0.9065    0.1285
...    41 C-G ...
  -67.5182  -83.9713   52.5044
    0.5672   -0.3071   -0.7641
    0.7303   -0.2413    0.6391
   -0.3807   -0.9206    0.0874
...    42 G-C ...
  -68.4306  -87.0986   53.1396
    0.9119   -0.3141   -0.2643
    0.2671   -0.0350    0.9630
   -0.3117   -0.9488    0.0520
...    43 A-T ...
  -69.5262  -90.0590   53.2640
    0.9019   -0.2630    0.3426
   -0.3058    0.1713    0.9366
   -0.3050   -0.9495    0.0741
...    44 C-G ...
  -70.1743  -93.2698   52.8835
    0.6278   -0.0735    0.7749
   -0.7380    0.2602    0.6226
   -0.2473   -0.9628    0.1091
...    45 T-A ...
  -70.3688  -96.8504   53.1734
    0.1190    0.1456    0.9822
   -0.9670    0.2415    0.0814
   -0.2253   -0.9594    0.1695
...    46 T-A ...
  -70.7737  -99.9951   53.7222
   -0.3744    0.2674    0.8879
   -0.9003    0.1243   -0.4171
   -0.2219   -0.9555    0.1942
...    47 A-T ...
  -71.5949 -103.1058   54.5037
   -0.8013    0.3681    0.4716
   -0.5343   -0.0857   -0.8409
   -0.2691   -0.9258    0.2654
...    48 C-G ...
  -72.3656 -105.9561   56.0631
   -0.9575    0.2844   -0.0491
   -0.0371   -0.2901   -0.9563
   -0.2862   -0.9138    0.2883
...    49 T-A ...
  -73.5288 -108.7807   57.4802
   -0.8126    0.1501   -0.5632
    0.4561   -0.4377   -0.7748
   -0.3628   -0.8865    0.2872
...    50 G-C ...
  -74.8166 -111.7795   58.2075
   -0.3739   -0.0552   -0.9258
    0.8343   -0.4560   -0.3098
   -0.4051   -0.8882    0.2165
...    51 T-A ...
  -76.5994 -114.3807   58.8135
    0.1135   -0.2642   -0.9578
    0.9072   -0.3655    0.2083
   -0.4051   -0.8925    0.1982
...    52 A-T ...
  -77.6662 -117.4391   59.5452
    0.6504   -0.4038   -0.6433
    0.6569   -0.1263    0.7434
   -0.3814   -0.9061    0.1831
...    53 G-C ...
  -79.0959 -120.3233   59.9867
    0.9222   -0.3271   -0.2062
    0.2510    0.1009    0.9627
   -0.2941   -0.9396    0.1752
...    54 G-C ...
  -80.0368 -123.8185   59.7774
    0.9387   -0.1309    0.3189
   -0.2799    0.2505    0.9268
   -0.2012   -0.9592    0.1985
...    55 T-A ...
  -80.3307 -127.0239   60.1041
    0.6761    0.0590    0.7344
   -0.7179    0.2771    0.6387
   -0.1659   -0.9590    0.2297
...    56 A-T ...
  -80.1758 -130.4063   60.8005
    0.1868    0.3270    0.9264
   -0.9778    0.1529    0.1432
   -0.0948   -0.9326    0.3483
...    57 T-A ...
  -79.7680 -133.4287   61.9691
   -0.3193    0.3901    0.8636
   -0.9437   -0.0479   -0.3273
   -0.0863   -0.9195    0.3835
...    58 C-G ...
  -79.9085 -136.4512   63.5750
   -0.8290    0.3086    0.4664
   -0.5504   -0.3031   -0.7779
   -0.0987   -0.9016    0.4211
...    59 T-A ...
  -80.3217 -139.2424   65.2882
   -0.9881    0.1488   -0.0393
   -0.0331   -0.4549   -0.8899
   -0.1503   -0.8780    0.4544
...    60 C-G ...
  -81.0468 -142.1965   66.4769
   -0.8159   -0.1500   -0.5584
    0.5484   -0.5068   -0.6652
   -0.1832   -0.8489    0.4957
...    61 G-C ...
  -81.2361 -145.2493   67.6753
   -0.3789   -0.3652   -0.8503
    0.8990   -0.3634   -0.2445
   -0.2197   -0.8570    0.4660
...    62 A-T ...
  -81.6583 -148.0461   69.3477
    0.2374   -0.4940   -0.8364
    0.9540   -0.0439    0.2967
   -0.1832   -0.8684    0.4608
...    63 G-C ...
  -82.3433 -150.9503   70.7364
    0.7130   -0.4180   -0.5629
    0.6870    0.2565    0.6798
   -0.1398   -0.8715    0.4701
...    64 C-G ...
  -83.0509 -154.0631   71.9511
    0.9845   -0.1486   -0.0935
    0.1527    0.4622    0.8736
   -0.0866   -0.8743    0.4777
...    65 T-A ...
  -83.3074 -157.1353   73.2262
    0.9298    0.1900    0.3153
   -0.3681    0.4770    0.7981
    0.0012   -0.8581    0.5135
...    66 C-G ...
  -83.1168 -159.9721   74.9478
    0.5679    0.4915    0.6602
   -0.8197    0.2648    0.5080
    0.0749   -0.8297    0.5532
...    67 G-C ...
  -83.1205 -162.2947   77.2215
    0.0437    0.6507    0.7581
   -0.9891   -0.0787    0.1245
    0.1407   -0.7552    0.6402
...    68 G-C ...
  -82.3749 -164.5607   79.5552
   -0.5070    0.5667    0.6494
   -0.8516   -0.4459   -0.2757
    0.1333   -0.6928    0.7087
...    69 G-C ...
  -81.9368 -166.4623   82.3033
   -0.8973    0.2990    0.3249
   -0.4339   -0.7329   -0.5240
    0.0815   -0.6111    0.7873
...    70 A-T ...
  -81.6052 -168.2350   85.1068
   -0.9766   -0.2111   -0.0400
    0.1933   -0.7822   -0.5923
    0.0938   -0.5862    0.8047
...    71 T-A ...
  -81.6003 -169.7087   88.0778
   -0.7296   -0.5951   -0.3368
    0.6772   -0.5601   -0.4772
    0.0953   -0.5763    0.8117
...    72 C-G ...
  -81.5521 -171.5562   90.8992
   -0.1591   -0.8351   -0.5266
    0.9798   -0.0681   -0.1880
    0.1211   -0.5459    0.8291
...    73 C-G ...
  -81.5800 -173.5264   93.8200
    0.4133   -0.7114   -0.5684
    0.8973    0.4245    0.1211
    0.1552   -0.5601    0.8138
...    74 T-A ...
  -81.2355 -175.6498   96.2736
    0.8009   -0.3664   -0.4737
    0.5595    0.7396    0.3741
    0.2133   -0.5646    0.7973
...    75 C-G ...
  -80.5605 -177.5411   98.8386
    0.9607    0.1316   -0.2445
    0.0223    0.8412    0.5403
    0.2768   -0.5245    0.8052
...    76 A-T ...
  -79.7475 -179.4478  101.5260
    0.7722    0.6341   -0.0407
   -0.4845    0.6291    0.6079
    0.4111   -0.4496    0.7930
...    77 T-A ...
  -78.0423 -180.9854  103.7778
    0.4040    0.8974    0.1772
   -0.7858    0.2414    0.5694
    0.4682   -0.3693    0.8027
...    78 G-C ...
  -76.0973 -181.8870  106.5361
   -0.1824    0.9324    0.3122
   -0.8459   -0.3106    0.4335
    0.5012   -0.1850    0.8453
...    79 T-A ...
  -73.9570 -181.9662  109.0796
   -0.6078    0.6535    0.4512
   -0.6133   -0.7472    0.2561
    0.5045   -0.1211    0.8549
...    80 T-A ...
  -72.3063 -182.0709  111.7879
   -0.8467    0.1509    0.5101
   -0.1643   -0.9862    0.0191
    0.5060   -0.0676    0.8599
...    81 A-T ...
  -70.5954 -182.5326  114.6987
   -0.7452   -0.5021    0.4389
    0.4135   -0.8642   -0.2866
    0.5232   -0.0321    0.8516
...    82 T-A ...
  -69.3112 -182.0640  117.6588
   -0.4103   -0.8658    0.2865
    0.7294   -0.5001   -0.4667
    0.5473    0.0175    0.8367
...    83 A-T ...
  -67.0914 -181.8524  120.3081
    0.2310   -0.9728   -0.0158
    0.7981    0.1988   -0.5688
    0.5564    0.1187    0.8224
...    84 A-T ...
  -65.4336 -181.4346  123.0363
    0.6620   -0.6847   -0.3051
    0.4944    0.7047   -0.5088
    0.5634    0.1860    0.8050
...    85 C-G ...
  -63.8352 -181.3015  126.0446
    0.8156   -0.1997   -0.5431
    0.0378    0.9550   -0.2943
    0.5774    0.2195    0.7864
...    86 G-C ...
  -61.8045 -180.1753  128.2958
    0.5827    0.2515   -0.7728
   -0.3940    0.9191    0.0021
    0.7109    0.3033    0.6346
...    87 G-C ...
  -59.1616 -179.1802  129.9353
    0.2005    0.6286   -0.7515
   -0.5963    0.6869    0.4154
    0.7773    0.3648    0.5125
...    88 A-T ...
  -56.5619 -177.9462  131.3572
   -0.2221    0.8692   -0.4417
   -0.5837    0.2444    0.7744
    0.7810    0.4298    0.4530
...    89 G-C ...
  -53.8785 -176.2058  132.2870
   -0.5615    0.8259   -0.0519
   -0.3568   -0.1851    0.9156
    0.7466    0.5326    0.3986
...    90 C-G ...
  -51.4373 -174.0096  133.1119
   -0.7038    0.5504    0.4491
    0.0550   -0.5880    0.8070
    0.7083    0.5926    0.3836
...    91 T-A ...
  -49.5520 -171.3439  134.3790
   -0.5457    0.1361    0.8268
    0.5018   -0.7372    0.4525
    0.6711    0.6619    0.3340
...    92 T-A ...
  -47.6361 -168.8655  135.3174
   -0.1011   -0.2695    0.9577
    0.7294   -0.6747   -0.1129
    0.6766    0.6871    0.2648
...    93 T-A ...
  -45.7683 -166.3112  136.1750
    0.3860   -0.5526    0.7387
    0.6406   -0.4155   -0.6457
    0.6637    0.7225    0.1936
...    94 A-T ...
  -43.4362 -163.9714  135.9264
    0.7681   -0.5998    0.2243
    0.2449   -0.0484   -0.9683
    0.5916    0.7987    0.1097
...    95 A-T ...
  -41.5999 -161.4039  136.4007
    0.7761   -0.5306   -0.3407
   -0.2396    0.2516   -0.9377
    0.5833    0.8094    0.0681
...    96 C-G ...
  -39.4023 -158.9921  137.1064
    0.5201   -0.3559   -0.7764
   -0.6165    0.4727   -0.6297
    0.5911    0.8062    0.0264
...    97 A-T ...
  -37.3257 -156.4179  137.1239
    0.0272   -0.1488   -0.9885
   -0.7933    0.5985   -0.1119
    0.6082    0.7872   -0.1017
...    98 C-G ...
  -34.8940 -154.2611  136.4265
   -0.4072    0.1256   -0.9047
   -0.6915    0.6047    0.3952
    0.5966    0.7865   -0.1593
...    99 T-A ...
  -32.6108 -151.7871  135.2262
   -0.7729    0.3625   -0.5209
   -0.3389    0.4582    0.8217
    0.5365    0.8116   -0.2312
...   100 T-A ...
  -30.9023 -149.2810  134.0593
   -0.8309    0.5554    0.0334
    0.1640    0.1872    0.9685
    0.5317    0.8102   -0.2467
...   101 T-A ...
  -29.3173 -146.6751  132.9818
   -0.6029    0.5633    0.5650
    0.6034   -0.1413    0.7848
    0.5219    0.8141   -0.2547
...   102 A-T ...
  -27.5092 -143.9371  132.2366
   -0.1384    0.3621    0.9218
    0.8516   -0.4317    0.2974
    0.5057    0.8261   -0.2486
...   103 T-A ...
  -26.5637 -140.9311  131.3192
    0.2668    0.1074    0.9578
    0.8254   -0.5385   -0.1695
    0.4975    0.8358   -0.2323
...   104 G-C ...
  -25.0181 -138.0400  130.8161
    0.6656   -0.3137    0.6772
    0.5143   -0.4648   -0.7207
    0.5409    0.8280   -0.1480
...   105 C-G ...
  -23.1956 -135.3161  130.7547
    0.8162   -0.5475    0.1844
    0.0605   -0.2364   -0.9698
    0.5745    0.8027   -0.1598
...   106 T-A ...
  -21.0995 -132.6077  130.6504
    0.6923   -0.6134   -0.3801
   -0.3945    0.1193   -0.9111
    0.6042    0.7807   -0.1594
...   107 T-A ...
  -19.0408 -130.1891  130.2901
    0.3331   -0.4908   -0.8051
   -0.7067    0.4353   -0.5578
    0.6242    0.7547   -0.2018
...   108 C-G ...
  -16.7841 -127.9233  129.5433
   -0.1609   -0.2298   -0.9598
   -0.7650    0.6435   -0.0258
    0.6236    0.7301   -0.2794
...   109 C-G ...
  -14.5945 -125.6632  128.6252
   -0.6038    0.0225   -0.7968
   -0.5768    0.6776    0.4562
    0.5502    0.7351   -0.3961
...   110 G-C ...
  -13.2334 -123.2787  127.3192
   -0.8732    0.2518   -0.4172
   -0.1871    0.6173    0.7642
    0.4500    0.7453   -0.4919
...   111 G-C ...
  -12.2678 -120.8178  125.2328
   -0.8681    0.4878    0.0917
    0.3312    0.4316    0.8391
    0.3698    0.7588   -0.5362
...   112 C-G ...
  -11.6258 -118.3489  123.0377
   -0.5673    0.6151    0.5475
    0.7544    0.1216    0.6450
    0.3302    0.7790   -0.5330
...   113 T-A ...
  -10.8232 -115.8039  121.1029
   -0.1096    0.5678    0.8158
    0.9471   -0.1893    0.2591
    0.3016    0.8011   -0.5170
...   114 C-G ...
   -9.7419 -113.1153  119.5652
    0.4433    0.3377    0.8303
    0.8504   -0.4511   -0.2706
    0.2832    0.8261   -0.4872
...   115 G-C ...
   -8.4503 -110.6626  117.7715
    0.8312   -0.0256    0.5554
    0.4499   -0.5561   -0.6988
    0.3268    0.8307   -0.4508
...   116 T-A ...
   -7.2857 -107.7655  116.8278
    0.9308   -0.3409    0.1321
   -0.0420   -0.4586   -0.8877
    0.3632    0.8206   -0.4411
...   117 A-T ...
   -5.7780 -104.8615  115.8331
    0.7186   -0.5992   -0.3529
   -0.5462   -0.1723   -0.8197
    0.4304    0.7819   -0.4511
...   118 T-A ...
   -3.9163 -102.3866  114.9117
    0.3641   -0.6022   -0.7105
   -0.8305    0.1354   -0.5404
    0.4216    0.7868   -0.4507
...   119 A-T ...
   -2.6448  -99.8089  113.2645
   -0.1849   -0.4858   -0.8543
   -0.8820    0.4655   -0.0738
    0.4335    0.7398   -0.5145
...   120 A-T ...
   -1.0127  -97.6714  111.4678
   -0.6545   -0.1786   -0.7347
   -0.6323    0.6621    0.4023
    0.4146    0.7278   -0.5463
...   121 T-A ...
    0.6214  -95.7799  109.2656
   -0.8868    0.1765   -0.4272
   -0.2127    0.6647    0.7162
    0.4104    0.7259   -0.5519
...   122 G-C ...
    1.8567  -93.4385  107.0505
   -0.8895    0.4457    0.1010
    0.3267    0.4658    0.8224
    0.3195    0.7645   -0.5599
...   123 T-A ...
    2.5229  -91.1106  104.8744
   -0.6297    0.5980    0.4959
    0.7172    0.2020    0.6670
    0.2987    0.7757   -0.5560
...   124 G-C ...
    3.2853  -88.4604  103.0244
   -0.1552    0.5410    0.8266
    0.9552   -0.1314    0.2654
    0.2522    0.8307   -0.4964
...   125 T-A ...
    3.5629  -85.7315  101.3503
    0.3373    0.3614    0.8693
    0.9062   -0.3749   -0.1957
    0.2552    0.8537   -0.4540
...   126 C-G ...
    4.3567  -82.9775  100.0475
    0.7979    0.0834    0.5970
    0.5526   -0.4970   -0.6691
    0.2409    0.8637   -0.4426
...   127 G-C ...
    5.5187  -80.4528   98.3277
    0.9210   -0.2972    0.2518
    0.1047   -0.4336   -0.8950
    0.3752    0.8507   -0.3682
...   128 A-T ...
    6.6297  -77.7247   97.2043
    0.8110   -0.4968   -0.3089
   -0.4509   -0.1944   -0.8711
    0.3727    0.8458   -0.3817
...   129 C-G ...
    8.3290  -74.9644   96.5766
    0.4425   -0.5595   -0.7009
   -0.8032    0.1003   -0.5872
    0.3988    0.8228   -0.4050
...   130 C-G ...
   10.2605  -72.5439   95.1330
   -0.0709   -0.5129   -0.8555
   -0.9002    0.4023   -0.1666
    0.4297    0.7583   -0.4902
...   131 A-T ...
   11.0965  -69.8358   93.3991
   -0.5916   -0.2827   -0.7551
   -0.7105    0.6254    0.3225
    0.3811    0.7273   -0.5709
...   132 A-T ...
   12.4077  -67.6333   91.3468
   -0.8872    0.1140   -0.4471
   -0.2592    0.6785    0.6873
    0.3817    0.7257   -0.5724
...   133 A-T ...
   13.7000  -65.5382   89.1719
   -0.8564    0.5160    0.0162
    0.2975    0.4677    0.8323
    0.4219    0.7177   -0.5540
...   134 T-A ...
   14.7284  -63.4123   86.8244
   -0.5924    0.6746    0.4405
    0.6886    0.1400    0.7115
    0.4183    0.7248   -0.5474
...   135 G-C ...
   15.7212  -61.4788   83.9377
    0.0342    0.7399    0.6718
    0.8637   -0.3601    0.3526
    0.5028    0.5682   -0.6514
...   136 T-A ...
   15.7740  -59.5465   80.8036
    0.5516    0.4996    0.6680
    0.6739   -0.7388   -0.0038
    0.4916    0.4523   -0.7442
...   137 G-C ...
   16.8281  -57.7076   78.2737
    0.8528   -0.0847    0.5152
    0.1508   -0.9047   -0.3984
    0.4999    0.4175   -0.7588
...   138 A-T ...
   18.4176  -55.5142   76.5362
    0.8547   -0.5007    0.1370
   -0.3189   -0.7148   -0.6224
    0.4096    0.4883   -0.7706
...   139 G-C ...
   20.4153  -54.2945   74.5496
    0.5847   -0.7389   -0.3350
   -0.7594   -0.3532   -0.5465
    0.2854    0.5739   -0.7676
...   140 C-G ...
   21.4164  -51.8108   72.7949
    0.1305   -0.7142   -0.6876
   -0.8897    0.2217   -0.3991
    0.4375    0.6639   -0.6065
...   141 G-C ...
   22.1407  -50.1331   67.4724
   -0.4682   -0.8748    0.1248
   -0.8495    0.4067   -0.3362
    0.2434   -0.2634   -0.9335
...   142 C-G ...
   22.3378  -51.2252   64.5019
   -0.8529   -0.5117   -0.1032
   -0.4974    0.8566   -0.1372
    0.1587   -0.0657   -0.9851
...   143 T-A ...
   24.0060  -51.6202   61.9332
   -0.9563    0.0399   -0.2897
    0.0522    0.9980   -0.0348
    0.2877   -0.0484   -0.9565
...   144 C-G ...
   24.8858  -52.7207   58.9947
   -0.7530    0.5560   -0.3520
    0.5213    0.8304    0.1966
    0.4016   -0.0355   -0.9151
...   145 A-T ...
   25.5174  -52.9610   55.8127
   -0.2441    0.9563   -0.1609
    0.8907    0.2867    0.3528
    0.3835   -0.0571   -0.9218
...   146 C-G ...
   25.2678  -52.4925   52.0870
    0.3203    0.9428   -0.0928
    0.8825   -0.2613    0.3910
    0.3444   -0.2071   -0.9157
...   147 A-T ...
   25.6134  -52.5733   48.6478
    0.8597    0.5097    0.0339
    0.4498   -0.7866    0.4230
    0.2423   -0.3484   -0.9055
