  147 base-pairs
...     1 T-A ...
    0.0000    0.0000    0.0000
    1.0000    0.0000    0.0000
    0.0000    1.0000    0.0000
    0.0000    0.0000    1.0000
...     2 G-C ...
   -0.5555   -1.1003    3.3981
    0.7749    0.6051    0.1828
   -0.5991    0.7953   -0.0929
   -0.2016   -0.0375    0.9787
...     3 T-A ...
   -0.6619   -3.0237    6.5348
    0.3046    0.9250    0.2271
   -0.8994    0.3578   -0.2510
   -0.3134   -0.1278    0.9410
...     4 G-C ...
   -1.1607   -3.8418    9.6940
   -0.3351    0.9421    0.0133
   -0.8752   -0.3061   -0.3746
   -0.3489   -0.1372    0.9271
...     5 A-T ...
   -1.3881   -3.6770   12.8999
   -0.7835    0.6162   -0.0801
   -0.5677   -0.7622   -0.3109
   -0.2527   -0.1981    0.9470
...     6 G-C ...
   -2.6236   -3.5448   15.7072
   -0.9923    0.0611   -0.1075
   -0.0294   -0.9610   -0.2748
   -0.1201   -0.2695    0.9555
...     7 C-G ...
   -2.3138   -3.7570   18.8866
   -0.8620   -0.4995   -0.0864
    0.5008   -0.8655    0.0073
   -0.0785   -0.0370    0.9962
...     8 G-C ...
   -3.9561   -6.8109   23.3205
   -0.2581   -0.3560   -0.8981
    0.6294   -0.7673    0.1233
   -0.7330   -0.5335    0.4221
...     9 C-G ...
   -6.1177   -8.9414   24.2385
    0.1143   -0.7320   -0.6716
    0.8123   -0.3203    0.4874
   -0.5720   -0.6013    0.5580
...    10 T-A ...
   -8.5041   -9.6771   26.0540
    0.4660   -0.8587   -0.2131
    0.6274    0.1508    0.7640
   -0.6239   -0.4897    0.6090
...    11 C-G ...
  -11.0625  -11.3174   27.2336
    0.6660   -0.6911    0.2808
    0.3382    0.6152    0.7121
   -0.6649   -0.3794    0.6435
...    12 A-T ...
  -13.0013  -13.1789   29.0658
    0.7188   -0.1490    0.6790
   -0.1787    0.9043    0.3876
   -0.6718   -0.4000    0.6235
...    13 C-G ...
  -14.1788  -15.9359   31.3399
    0.4052    0.2865    0.8682
   -0.5270    0.8492   -0.0343
   -0.7470   -0.4437    0.4951
...    14 A-T ...
  -15.9532  -18.1566   33.3080
   -0.1503    0.6873    0.7107
   -0.6106    0.5008   -0.6135
   -0.7776   -0.5261    0.3444
...    15 A-T ...
  -18.2988  -19.9859   34.6259
   -0.4910    0.8368    0.2422
   -0.3993    0.0310   -0.9163
   -0.7743   -0.5466    0.3190
...    16 T-A ...
  -20.6158  -21.6348   36.2855
   -0.6241    0.7396   -0.2520
   -0.0891   -0.3877   -0.9174
   -0.7763   -0.5501    0.3079
...    17 T-A ...
  -23.1392  -23.2763   37.4797
   -0.5519    0.4063   -0.7282
    0.2841   -0.7294   -0.6223
   -0.7840   -0.5504    0.2871
...    18 T-A ...
  -25.7871  -24.8470   38.4669
   -0.2743   -0.0482   -0.9604
    0.5435   -0.8317   -0.1135
   -0.7933   -0.5531    0.2544
...    19 A-T ...
  -28.5873  -26.5615   39.0030
    0.1750   -0.4125   -0.8940
    0.5737   -0.6952    0.4331
   -0.8001   -0.5887    0.1150
...    20 T-A ...
  -31.4828  -28.0904   38.8747
    0.4547   -0.6889   -0.5646
    0.4033   -0.4059    0.8201
   -0.7941   -0.6006    0.0932
...    21 T-A ...
  -34.1041  -29.9946   38.8723
    0.6141   -0.7891   -0.0137
    0.0702    0.0373    0.9968
   -0.7861   -0.6131    0.0783
...    22 C-G ...
  -36.5540  -32.1565   39.0030
    0.5656   -0.6025    0.5631
   -0.3197    0.4693    0.8232
   -0.7602   -0.6456    0.0728
...    23 G-C ...
  -39.1070  -34.2152   39.6069
    0.3626   -0.1801    0.9144
   -0.6153    0.6907    0.3800
   -0.7000   -0.7004    0.1396
...    24 C-G ...
  -41.0930  -36.8315   40.0681
   -0.0072    0.2477    0.9688
   -0.7240    0.6670   -0.1760
   -0.6898   -0.7026    0.1745
...    25 A-T ...
  -43.5340  -39.0217   40.5805
   -0.3643    0.6362    0.6801
   -0.6072    0.3914   -0.6914
   -0.7061   -0.6649    0.2437
...    26 A-T ...
  -45.6753  -41.2402   41.6053
   -0.6547    0.7366    0.1697
   -0.2855   -0.0332   -0.9578
   -0.6999   -0.6755    0.2320
...    27 A-T ...
  -47.9213  -43.3542   42.6159
   -0.7042    0.5855   -0.4017
    0.1417   -0.4385   -0.8875
   -0.6957   -0.6819    0.2258
...    28 G-C ...
  -50.3673  -45.3756   43.5314
   -0.4780    0.3181   -0.8187
    0.4864   -0.6803   -0.5483
   -0.7314   -0.6603    0.1705
...    29 G-C ...
  -53.0762  -47.3087   44.0560
   -0.0748   -0.0334   -0.9966
    0.6515   -0.7583   -0.0235
   -0.7550   -0.6511    0.0785
...    30 C-G ...
  -55.8335  -49.1275   44.0820
    0.3281   -0.3991   -0.8562
    0.5792   -0.6311    0.5160
   -0.7463   -0.6652    0.0241
...    31 C-G ...
  -58.4308  -51.2620   43.7273
    0.6536   -0.6085   -0.4500
    0.2958   -0.3418    0.8920
   -0.6966   -0.7162   -0.0434
...    32 G-C ...
  -60.5471  -53.8384   43.7902
    0.7882   -0.6043    0.1161
   -0.1356    0.0134    0.9907
   -0.6003   -0.7966   -0.0713
...    33 G-C ...
  -62.2995  -56.6765   43.2282
    0.6445   -0.4314    0.6313
   -0.5526    0.3078    0.7745
   -0.5284   -0.8480   -0.0400
...    34 C-G ...
  -63.6619  -59.6729   42.8917
    0.2691   -0.1566    0.9503
   -0.8224    0.4762    0.3113
   -0.5013   -0.8653   -0.0007
...    35 C-G ...
  -65.0248  -62.7548   43.0175
   -0.1739    0.1948    0.9653
   -0.8527    0.4605   -0.2465
   -0.4926   -0.8660    0.0860
...    36 C-G ...
  -66.4774  -65.7355   43.6037
   -0.5662    0.4793    0.6706
   -0.6393    0.2581   -0.7243
   -0.5202   -0.8388    0.1603
...    37 G-C ...
  -68.5183  -68.3675   43.8750
   -0.7720    0.6207    0.1373
   -0.2382   -0.0822   -0.9677
   -0.5893   -0.7798    0.2113
...    38 A-T ...
  -70.4770  -70.8718   44.6677
   -0.7505    0.4733   -0.4613
    0.2541   -0.4377   -0.8625
   -0.6101   -0.7645    0.2082
...    39 C-G ...
  -72.7945  -72.9873   45.7444
   -0.4958    0.1913   -0.8471
    0.6029   -0.6262   -0.4943
   -0.6250   -0.7558    0.1952
...    40 A-T ...
  -74.7687  -75.6099   46.2501
   -0.0112   -0.1321   -0.9912
    0.7634   -0.6413    0.0769
   -0.6458   -0.7558    0.1080
...    41 C-G ...
  -77.3299  -77.7155   46.3190
    0.4038   -0.4253   -0.8100
    0.6561   -0.4824    0.5804
   -0.6376   -0.7657    0.0842
...    42 G-C ...
  -79.2081  -80.4361   46.7666
    0.7696   -0.5235   -0.3656
    0.3179   -0.1825    0.9304
   -0.5538   -0.8323    0.0259
...    43 A-T ...
  -81.0237  -83.1510   46.7231
    0.8384   -0.4913    0.2362
   -0.1857    0.1500    0.9711
   -0.5125   -0.8580    0.0346
...    44 C-G ...
  -82.3888  -86.1165   46.2820
    0.6470   -0.3053    0.6986
   -0.5952    0.3704    0.7131
   -0.4765   -0.8773    0.0579
...    45 T-A ...
  -83.6051  -89.1821   46.3951
    0.2854    0.0004    0.9584
   -0.8575    0.4468    0.2552
   -0.4282   -0.8946    0.1278
...    46 T-A ...
  -84.7354  -92.1841   46.8239
   -0.2320    0.2679    0.9351
   -0.8764    0.3595   -0.3204
   -0.4220   -0.8939    0.1514
...    47 A-T ...
  -86.2352  -95.0903   47.4211
   -0.6654    0.4867    0.5660
   -0.5986    0.1050   -0.7941
   -0.4459   -0.8672    0.2215
...    48 C-G ...
  -87.4789  -97.8477   48.7671
   -0.8698    0.4888    0.0667
   -0.1772   -0.1832   -0.9670
   -0.4605   -0.8529    0.2460
...    49 T-A ...
  -89.1541 -100.4753   49.8873
   -0.8146    0.3508   -0.4619
    0.2913   -0.4411   -0.8488
   -0.5015   -0.8261    0.2571
...    50 G-C ...
  -90.8287 -103.2896   50.4192
   -0.4663    0.0812   -0.8809
    0.6943   -0.5834   -0.4213
   -0.5481   -0.8081    0.2157
...    51 T-A ...
  -93.1348 -105.5722   51.2000
   -0.0273   -0.2290   -0.9730
    0.8391   -0.5343    0.1022
   -0.5433   -0.8137    0.2068
...    52 A-T ...
  -94.7591 -108.3863   51.9975
    0.4946   -0.4980   -0.7123
    0.6914   -0.2711    0.6696
   -0.5266   -0.8237    0.2102
...    53 G-C ...
  -96.6309 -111.0893   52.3941
    0.8180   -0.5054   -0.2745
    0.3405    0.0410    0.9394
   -0.4635   -0.8619    0.2056
...    54 G-C ...
  -98.2152 -114.0561   52.7334
    0.9201   -0.3088    0.2408
   -0.1451    0.3023    0.9421
   -0.3637   -0.9018    0.2333
...    55 T-A ...
  -99.0965 -117.2067   52.9738
    0.7401   -0.0559    0.6702
   -0.5933    0.4152    0.6897
   -0.3168   -0.9080    0.2741
...    56 A-T ...
  -99.7050 -120.3456   53.9139
    0.3651    0.3265    0.8718
   -0.9067    0.3373    0.2534
   -0.2113   -0.8830    0.4191
...    57 T-A ...
  -99.7073 -123.3147   55.2738
   -0.1233    0.4775    0.8700
   -0.9724    0.1169   -0.2020
   -0.1982   -0.8708    0.4498
...    58 C-G ...
 -100.3071 -126.0253   56.9755
   -0.6520    0.4939    0.5753
   -0.7333   -0.2179   -0.6440
   -0.1927   -0.8418    0.5042
...    59 T-A ...
 -100.8724 -128.5726   58.9999
   -0.9306    0.3424    0.1298
   -0.2947   -0.4900   -0.8204
   -0.2173   -0.8017    0.5568
...    60 C-G ...
 -101.7447 -131.0804   60.9327
   -0.9259   -0.0178   -0.3774
    0.3067   -0.6189   -0.7231
   -0.2207   -0.7853    0.5785
...    61 G-C ...
 -102.3457 -133.9760   62.4885
   -0.5747   -0.3345   -0.7469
    0.7738   -0.5193   -0.3628
   -0.2664   -0.7864    0.5573
...    62 A-T ...
 -103.2952 -136.4746   64.4123
   -0.0018   -0.5805   -0.8142
    0.9686   -0.2034    0.1429
   -0.2486   -0.7884    0.5627
...    63 G-C ...
 -104.3931 -139.0741   66.1578
    0.5207   -0.5605   -0.6440
    0.8303    0.1572    0.5346
   -0.1984   -0.8131    0.5472
...    64 C-G ...
 -105.3807 -141.8219   67.7226
    0.8962   -0.3370   -0.2885
    0.4233    0.4547    0.7836
   -0.1329   -0.8244    0.5501
...    65 T-A ...
 -105.7525 -144.7242   69.2448
    0.9952    0.0255    0.0940
   -0.0919    0.5653    0.8197
   -0.0323   -0.8245    0.5650
...    66 C-G ...
 -105.7457 -147.4394   71.0203
    0.7700    0.4140    0.4856
   -0.6364    0.4433    0.6313
    0.0461   -0.7951    0.6047
...    67 G-C ...
 -105.5169 -149.8340   73.3203
    0.3030    0.7225    0.6214
   -0.9381    0.1116    0.3278
    0.1675   -0.6823    0.7116
...    68 G-C ...
 -104.4744 -151.7478   75.8834
   -0.2529    0.7478    0.6139
   -0.9442   -0.3292    0.0121
    0.2111   -0.5765    0.7893
...    69 G-C ...
 -103.6092 -153.1291   78.8402
   -0.7340    0.5015    0.4581
   -0.6472   -0.7210   -0.2476
    0.2061   -0.4782    0.8537
...    70 A-T ...
 -103.0196 -154.4928   81.7802
   -0.9745   -0.0242    0.2230
   -0.0768   -0.8980   -0.4332
    0.2108   -0.4393    0.8733
...    71 T-A ...
 -102.4275 -155.2827   84.9548
   -0.8644   -0.5027    0.0052
    0.4376   -0.7574   -0.4847
    0.2476   -0.4167    0.8747
...    72 C-G ...
 -101.7122 -156.5843   87.9036
   -0.4207   -0.8679   -0.2640
    0.8677   -0.2999   -0.3965
    0.2649   -0.3959    0.8793
...    73 C-G ...
 -101.0614 -157.8510   90.9745
    0.1133   -0.8709   -0.4782
    0.9501    0.2357   -0.2042
    0.2906   -0.4312    0.8542
...    74 G-C ...
  -99.7299 -158.9006   93.8528
    0.5863   -0.5455   -0.5989
    0.7094    0.7027    0.0545
    0.3911   -0.4569    0.7989
...    75 C-G ...
  -98.7439 -160.6897   96.4420
    0.8423   -0.0552   -0.5361
    0.2766    0.8980    0.3422
    0.4626   -0.4365    0.7717
...    76 T-A ...
  -97.1085 -162.3719   98.7384
    0.8077    0.4499   -0.3810
   -0.1816    0.8047    0.5652
    0.5609   -0.3873    0.7317
...    77 T-A ...
  -95.1484 -163.6830  100.9175
    0.5340    0.8413   -0.0842
   -0.5762    0.4351    0.6919
    0.6187   -0.3209    0.7171
...    78 T-A ...
  -92.9482 -164.6344  103.0545
    0.0927    0.9659    0.2418
   -0.7519   -0.0913    0.6529
    0.6527   -0.2424    0.7178
...    79 A-T ...
  -90.4984 -164.8928  105.2949
   -0.4209    0.8059    0.4164
   -0.6346   -0.5896    0.4997
    0.6482   -0.0539    0.7596
...    80 A-T ...
  -88.3007 -164.7340  107.6689
   -0.7043    0.3381    0.6242
   -0.2656   -0.9409    0.2100
    0.6583   -0.0179    0.7525
...    81 C-G ...
  -86.1699 -164.0806  110.1518
   -0.7379   -0.2023    0.6438
    0.1646   -0.9792   -0.1189
    0.6545    0.0182    0.7559
...    82 A-T ...
  -83.9661 -164.2929  112.6003
   -0.5152   -0.7362    0.4388
    0.5855   -0.6762   -0.4470
    0.6258    0.0266    0.7795
...    83 C-G ...
  -82.3374 -163.9030  115.5148
   -0.1131   -0.9820    0.1511
    0.7653   -0.1831   -0.6171
    0.6337    0.0458    0.7723
...    84 T-A ...
  -80.4572 -163.8080  118.2550
    0.2990   -0.9298   -0.2145
    0.6935    0.3661   -0.6205
    0.6555    0.0367    0.7543
...    85 T-A ...
  -78.5372 -163.7614  120.8782
    0.6491   -0.5547   -0.5206
    0.3740    0.8286   -0.4166
    0.6625    0.0757    0.7452
...    86 T-A ...
  -76.4542 -163.7076  123.3509
    0.7223   -0.0017   -0.6916
   -0.0687    0.9949   -0.0743
    0.6882    0.1012    0.7185
...    87 A-T ...
  -73.8891 -163.6990  125.4833
    0.4277    0.4753   -0.7689
   -0.4084    0.8605    0.3047
    0.8064    0.1837    0.5621
...    88 T-A ...
  -70.9655 -163.5174  126.8759
    0.1277    0.8194   -0.5588
   -0.5551    0.5259    0.6444
    0.8219    0.2279    0.5221
...    89 G-C ...
  -68.1726 -162.3596  128.3227
   -0.3284    0.9186   -0.2197
   -0.4854    0.0354    0.8736
    0.8103    0.3935    0.4343
...    90 C-G ...
  -65.4881 -160.6815  129.2142
   -0.5881    0.7699    0.2479
   -0.1901   -0.4295    0.8828
    0.7861    0.4720    0.3990
...    91 T-A ...
  -63.0367 -158.7266  130.2476
   -0.6426    0.4081    0.6485
    0.1986   -0.7287    0.6554
    0.7401    0.5499    0.3872
...    92 T-A ...
  -60.7592 -156.6456  131.2924
   -0.3782   -0.0569    0.9240
    0.5426   -0.8223    0.1714
    0.7501    0.5662    0.3419
...    93 C-G ...
  -58.4157 -154.6755  132.5037
    0.0345   -0.5228    0.8518
    0.6708   -0.6197   -0.4075
    0.7409    0.5854    0.3293
...    94 C-G ...
  -56.0956 -152.5872  133.7932
    0.3722   -0.7972    0.4754
    0.5415   -0.2295   -0.8088
    0.7539    0.5584    0.3462
...    95 G-C ...
  -53.4563 -150.6372  134.4036
    0.5551   -0.8272   -0.0870
    0.2133    0.2426   -0.9464
    0.8040    0.5068    0.3111
...    96 T-A ...
  -50.8819 -149.2328  135.9466
    0.5603   -0.5993   -0.5718
   -0.1239    0.6219   -0.7733
    0.8190    0.5041    0.2742
...    97 C-G ...
  -48.2045 -147.6309  136.8975
    0.3348   -0.1675   -0.9273
   -0.4356    0.8451   -0.3099
    0.8355    0.5077    0.2100
...    98 A-T ...
  -45.3997 -145.9176  137.4546
   -0.0857    0.2270   -0.9701
   -0.5248    0.8174    0.2376
    0.8469    0.5295    0.0491
...    99 T-A ...
  -42.3983 -144.6859  137.2063
   -0.3693    0.5690   -0.7347
   -0.4082    0.6109    0.6783
    0.8349    0.5504    0.0067
...   100 G-C ...
  -39.8078 -142.5960  136.8966
   -0.6532    0.7127   -0.2557
   -0.1022    0.2516    0.9624
    0.7502    0.6548   -0.0915
...   101 T-A ...
  -37.5464 -140.4279  135.9268
   -0.6486    0.7109    0.2720
    0.2664   -0.1227    0.9560
    0.7130    0.6925   -0.1097
...   102 T-A ...
  -35.4088 -138.0747  135.2814
   -0.3850    0.5265    0.7580
    0.5984   -0.4829    0.6393
    0.7026    0.6998   -0.1292
...   103 A-T ...
  -32.9736 -135.8247  134.9340
    0.0554    0.1362    0.9891
    0.7255   -0.6861    0.0538
    0.6860    0.7146   -0.1368
...   104 T-A ...
  -31.2586 -133.0124  134.5797
    0.4328   -0.2110    0.8764
    0.5960   -0.6624   -0.4538
    0.6763    0.7188   -0.1609
...   105 A-T ...
  -28.9068 -130.8029  133.6625
    0.7303   -0.5525    0.4017
    0.1862   -0.4047   -0.8953
    0.6572    0.7287   -0.1927
...   106 A-T ...
  -26.8052 -128.3492  133.3091
    0.7197   -0.6709   -0.1788
   -0.2744   -0.0384   -0.9608
    0.6377    0.7406   -0.2117
...   107 C-G ...
  -24.4530 -126.0512  133.1324
    0.4547   -0.6214   -0.6381
   -0.6092    0.3056   -0.7318
    0.6497    0.7215   -0.2396
...   108 G-C ...
  -22.5399 -123.5523  132.0571
   -0.0383   -0.4612   -0.8865
   -0.7544    0.5951   -0.2770
    0.6553    0.6581   -0.3707
...   109 G-C ...
  -20.1279 -121.6841  130.6506
   -0.4990   -0.1581   -0.8521
   -0.6088    0.7637    0.2148
    0.6168    0.6259   -0.4774
...   110 A-T ...
  -18.1477 -119.7572  128.9389
   -0.7936    0.2611   -0.5495
   -0.2065    0.7340    0.6470
    0.5723    0.6269   -0.5286
...   111 G-C ...
  -16.4085 -117.8943  126.8469
   -0.8328    0.5439   -0.1024
    0.2394    0.5209    0.8193
    0.4990    0.6579   -0.5641
...   112 C-G ...
  -15.1535 -115.8109  124.6159
   -0.6015    0.7043    0.3770
    0.6616    0.1747    0.7292
    0.4477    0.6880   -0.5711
...   113 T-A ...
  -14.0809 -113.4488  122.5647
   -0.1980    0.6572    0.7272
    0.8935   -0.1841    0.4096
    0.4031    0.7309   -0.5507
...   114 C-G ...
  -12.9076 -110.9469  120.8097
    0.3495    0.4156    0.8397
    0.8497   -0.5183   -0.0971
    0.3949    0.7474   -0.5343
...   115 G-C ...
  -11.2661 -108.6804  119.0121
    0.7234   -0.0050    0.6904
    0.5274   -0.6414   -0.5572
    0.4457    0.7672   -0.4613
...   116 T-A ...
  -10.0275 -105.7950  117.9458
    0.8825   -0.3502    0.3140
    0.0782   -0.5490   -0.8322
    0.4638    0.7589   -0.4571
...   117 A-T ...
   -8.5086 -103.3667  116.2550
    0.7419   -0.6346   -0.2166
   -0.4541   -0.2378   -0.8586
    0.4933    0.7353   -0.4646
...   118 T-A ...
   -6.4904 -100.9641  115.2784
    0.4139   -0.6738   -0.6121
   -0.7652    0.1066   -0.6349
    0.4930    0.7312   -0.4715
...   119 A-T ...
   -4.8278  -98.6376  113.6004
   -0.1313   -0.5569   -0.8202
   -0.8567    0.4800   -0.1888
    0.4988    0.6778   -0.5401
...   120 A-T ...
   -3.0223  -96.6548  111.7861
   -0.5918   -0.2097   -0.7783
   -0.6395    0.7099    0.2950
    0.4906    0.6724   -0.5542
...   121 T-A ...
   -1.1598  -95.0097  109.6415
   -0.8379    0.1585   -0.5223
   -0.2616    0.7232    0.6392
    0.4791    0.6722   -0.5645
...   122 G-C ...
    0.1576  -92.6732  107.6735
   -0.8945    0.4466   -0.0206
    0.2531    0.5438    0.8001
    0.3685    0.7105   -0.5995
...   123 T-A ...
    0.9820  -90.6051  105.2349
   -0.6534    0.6352    0.4120
    0.6774    0.2474    0.6928
    0.3381    0.7317   -0.5919
...   124 G-C ...
    2.0171  -88.0078  103.4408
   -0.2061    0.5846    0.7847
    0.9359   -0.1164    0.3324
    0.2856    0.8030   -0.5231
...   125 T-A ...
    2.3239  -85.2232  101.6857
    0.2931    0.4176    0.8600
    0.9119   -0.3923   -0.1204
    0.2871    0.8196   -0.4958
...   126 C-G ...
    3.1953  -82.4586  100.1798
    0.7557    0.0877    0.6490
    0.5803   -0.5491   -0.6015
    0.3036    0.8312   -0.4658
...   127 G-C ...
    4.4784  -79.9241   98.4472
    0.9127   -0.3140    0.2615
    0.0858   -0.4784   -0.8739
    0.3995    0.8201   -0.4097
...   128 A-T ...
    5.8300  -77.2171   97.2155
    0.7813   -0.5580   -0.2795
   -0.4537   -0.2002   -0.8684
    0.4286    0.8053   -0.4096
...   129 C-G ...
    7.6718  -74.6177   96.3362
    0.4264   -0.6011   -0.6759
   -0.7859    0.1237   -0.6059
    0.4478    0.7895   -0.4197
...   130 C-G ...
    9.5018  -72.1761   94.9159
   -0.0936   -0.5020   -0.8598
   -0.8817    0.4429   -0.1626
    0.4624    0.7429   -0.4841
...   131 A-T ...
   10.8832  -69.6864   93.2183
   -0.6104   -0.2370   -0.7558
   -0.6676    0.6675    0.3299
    0.4263    0.7059   -0.5656
...   132 A-T ...
   12.3819  -67.6229   91.2089
   -0.8780    0.1790   -0.4440
   -0.2148    0.6815    0.6996
    0.4278    0.7096   -0.5599
...   133 A-T ...
   13.7261  -65.5031   89.1531
   -0.8510    0.5247    0.0237
    0.3080    0.4621    0.8316
    0.4254    0.7150   -0.5549
...   134 T-A ...
   14.7284  -63.4123   86.8245
   -0.5924    0.6746    0.4405
    0.6886    0.1400    0.7115
    0.4183    0.7248   -0.5474
...   135 G-C ...
   15.7212  -61.4788   83.9378
    0.0342    0.7399    0.6718
    0.8637   -0.3601    0.3526
    0.5028    0.5682   -0.6514
...   136 T-A ...
   15.7740  -59.5464   80.8036
    0.5516    0.4996    0.6680
    0.6739   -0.7388   -0.0038
    0.4916    0.4523   -0.7442
...   137 G-C ...
   16.8281  -57.7076   78.2738
    0.8528   -0.0847    0.5152
    0.1508   -0.9047   -0.3984
    0.4999    0.4175   -0.7588
...   138 A-T ...
   18.4177  -55.5142   76.5363
    0.8547   -0.5007    0.1370
   -0.3189   -0.7148   -0.6224
    0.4096    0.4883   -0.7706
...   139 G-C ...
   20.4153  -54.2945   74.5496
    0.5847   -0.7389   -0.3350
   -0.7594   -0.3532   -0.5465
    0.2854    0.5739   -0.7676
...   140 C-G ...
   21.4165  -51.8107   72.7950
    0.1305   -0.7142   -0.6876
   -0.8897    0.2217   -0.3991
    0.4375    0.6639   -0.6065
...   141 G-C ...
   22.1407  -50.1331   67.4725
   -0.4682   -0.8748    0.1248
   -0.8495    0.4067   -0.3362
    0.2434   -0.2634   -0.9335
...   142 C-G ...
   22.3378  -51.2252   64.5019
   -0.8529   -0.5117   -0.1032
   -0.4974    0.8566   -0.1372
    0.1587   -0.0657   -0.9851
...   143 T-A ...
   24.0060  -51.6202   61.9333
   -0.9563    0.0399   -0.2897
    0.0522    0.9980   -0.0348
    0.2877   -0.0484   -0.9565
...   144 C-G ...
   24.8858  -52.7207   58.9948
   -0.7530    0.5560   -0.3520
    0.5213    0.8304    0.1966
    0.4016   -0.0355   -0.9151
...   145 A-T ...
   25.5175  -52.9610   55.8127
   -0.2441    0.9563   -0.1609
    0.8907    0.2867    0.3528
    0.3835   -0.0571   -0.9218
...   146 C-G ...
   25.2678  -52.4925   52.0871
    0.3203    0.9428   -0.0928
    0.8825   -0.2613    0.3910
    0.3444   -0.2071   -0.9157
...   147 A-T ...
   25.6134  -52.5732   48.6479
    0.8597    0.5097    0.0339
    0.4498   -0.7866    0.4230
    0.2423   -0.3484   -0.9055
