  147 base-pairs
...     1 T-A ...
    0.0000    0.0000    0.0000
    1.0000    0.0000    0.0000
    0.0000    1.0000    0.0000
    0.0000    0.0000    1.0000
...     2 G-C ...
   -0.5555   -1.1003    3.3981
    0.7749    0.6051    0.1828
   -0.5991    0.7953   -0.0929
   -0.2016   -0.0375    0.9787
...     3 T-A ...
   -0.6619   -3.0237    6.5348
    0.3046    0.9250    0.2271
   -0.8994    0.3578   -0.2510
   -0.3134   -0.1278    0.9410
...     4 G-C ...
   -1.1607   -3.8418    9.6940
   -0.3351    0.9421    0.0133
   -0.8752   -0.3061   -0.3746
   -0.3489   -0.1372    0.9271
...     5 A-T ...
   -1.3881   -3.6770   12.8999
   -0.7835    0.6162   -0.0801
   -0.5677   -0.7622   -0.3109
   -0.2527   -0.1981    0.9470
...     6 G-C ...
   -2.6236   -3.5448   15.7072
   -0.9923    0.0611   -0.1075
   -0.0294   -0.9610   -0.2748
   -0.1201   -0.2695    0.9555
...     7 C-G ...
   -2.3138   -3.7570   18.8866
   -0.8620   -0.4995   -0.0864
    0.5008   -0.8655    0.0073
   -0.0785   -0.0370    0.9962
...     8 G-C ...
   -3.9561   -6.8109   23.3205
   -0.2581   -0.3560   -0.8981
    0.6294   -0.7673    0.1233
   -0.7330   -0.5335    0.4221
...     9 C-G ...
   -6.1177   -8.9414   24.2385
    0.1143   -0.7320   -0.6716
    0.8123   -0.3203    0.4874
   -0.5720   -0.6013    0.5580
...    10 T-A ...
   -8.5041   -9.6771   26.0540
    0.4660   -0.8587   -0.2131
    0.6274    0.1508    0.7640
   -0.6239   -0.4897    0.6090
...    11 C-G ...
  -11.0625  -11.3174   27.2336
    0.6660   -0.6911    0.2808
    0.3382    0.6152    0.7121
   -0.6649   -0.3794    0.6435
...    12 A-T ...
  -13.0013  -13.1789   29.0658
    0.7188   -0.1490    0.6790
   -0.1787    0.9043    0.3876
   -0.6718   -0.4000    0.6235
...    13 C-G ...
  -14.1788  -15.9359   31.3399
    0.4052    0.2865    0.8682
   -0.5270    0.8492   -0.0343
   -0.7470   -0.4437    0.4951
...    14 A-T ...
  -15.9532  -18.1566   33.3080
   -0.1503    0.6873    0.7107
   -0.6106    0.5008   -0.6135
   -0.7776   -0.5261    0.3444
...    15 A-T ...
  -18.3677  -19.9976   34.4328
   -0.4694    0.8534    0.2265
   -0.3902    0.0296   -0.9203
   -0.7921   -0.5203    0.3191
...    16 T-A ...
  -20.7597  -21.6421   36.1850
   -0.6358    0.7145   -0.2921
   -0.0576   -0.4213   -0.9051
   -0.7697   -0.5586    0.3090
...    17 T-A ...
  -23.2936  -23.2728   37.5115
   -0.5692    0.3145   -0.7597
    0.3429   -0.7490   -0.5670
   -0.7473   -0.5832    0.3185
...    18 T-A ...
  -25.8182  -25.0124   38.5236
   -0.2429   -0.1193   -0.9627
    0.5948   -0.8022   -0.0507
   -0.7663   -0.5849    0.2658
...    19 A-T ...
  -28.3029  -27.0756   39.1542
    0.2072   -0.4508   -0.8682
    0.6109   -0.6336    0.4748
   -0.7641   -0.6288    0.1441
...    20 T-A ...
  -31.1553  -28.7516   39.1120
    0.4972   -0.7033   -0.5081
    0.4176   -0.3194    0.8506
   -0.7605   -0.6352    0.1349
...    21 T-A ...
  -33.7049  -30.8021   39.2273
    0.6516   -0.7564    0.0570
    0.0501    0.1179    0.9918
   -0.7569   -0.6433    0.1147
...    22 C-G ...
  -36.1084  -33.0108   39.5516
    0.5838   -0.5284    0.6165
   -0.3536    0.5180    0.7788
   -0.7309   -0.6727    0.1155
...    23 G-C ...
  -38.6106  -35.0355   40.5495
    0.3823   -0.0620    0.9219
   -0.6596    0.6804    0.3193
   -0.6471   -0.7302    0.2192
...    24 C-G ...
  -40.4329  -37.6773   41.2101
    0.0159    0.3426    0.9393
   -0.7624    0.6120   -0.2103
   -0.6469   -0.7128    0.2709
...    25 A-T ...
  -42.9237  -39.7914   41.7962
   -0.3963    0.6680    0.6299
   -0.6313    0.2999   -0.7152
   -0.6667   -0.6811    0.3028
...    26 A-T ...
  -45.0298  -42.0161   42.9777
   -0.6902    0.7147    0.1133
   -0.2918   -0.1316   -0.9474
   -0.6622   -0.6870    0.2994
...    27 A-T ...
  -47.0805  -44.1815   44.2921
   -0.7461    0.4912   -0.4495
    0.1757   -0.5058   -0.8445
   -0.6422   -0.7091    0.2911
...    28 G-C ...
  -49.4807  -46.2096   45.5102
   -0.5011    0.1871   -0.8449
    0.5337   -0.7017   -0.4719
   -0.6812   -0.6875    0.2518
...    29 G-C ...
  -52.1139  -48.2944   46.2755
   -0.0574   -0.1793   -0.9821
    0.7152   -0.6938    0.0849
   -0.6966   -0.6975    0.1681
...    30 C-G ...
  -54.6821  -50.3160   46.5225
    0.3833   -0.4826   -0.7875
    0.6186   -0.4989    0.6069
   -0.6858   -0.7198    0.1073
...    31 C-G ...
  -57.1844  -52.5438   46.6751
    0.7143   -0.6131   -0.3375
    0.2988   -0.1689    0.9393
   -0.6328   -0.7718    0.0625
...    32 G-C ...
  -58.9140  -55.0339   47.0445
    0.8358   -0.5219    0.1705
   -0.1212    0.1276    0.9844
   -0.5356   -0.8434    0.0434
...    33 G-C ...
  -60.2212  -58.1336   47.0535
    0.6694   -0.3089    0.6757
   -0.5780    0.3548    0.7349
   -0.4667   -0.8825    0.0589
...    34 C-G ...
  -61.3571  -61.2069   47.0997
    0.2675   -0.0200    0.9634
   -0.8595    0.4470    0.2479
   -0.4356   -0.8943    0.1024
...    35 C-G ...
  -62.4428  -64.3638   47.7713
   -0.2271    0.2793    0.9330
   -0.8799    0.3518   -0.3195
   -0.4174   -0.8934    0.1659
...    36 C-G ...
  -63.6977  -67.3484   48.6112
   -0.6550    0.4661    0.5948
   -0.6304    0.0970   -0.7702
   -0.4166   -0.8794    0.2303
...    37 G-C ...
  -65.3914  -70.3199   48.5035
   -0.8672    0.4955    0.0502
   -0.1609   -0.1833   -0.9698
   -0.4713   -0.8490    0.2387
...    38 A-T ...
  -66.8025  -73.0319   49.3077
   -0.7969    0.2972   -0.5259
    0.3834   -0.4239   -0.8205
   -0.4668   -0.8555    0.2239
...    39 C-G ...
  -68.7343  -75.4528   50.1920
   -0.4666    0.0687   -0.8818
    0.7351   -0.5243   -0.4298
   -0.4918   -0.8488    0.1941
...    40 A-T ...
  -70.4847  -78.2472   50.6913
    0.0742   -0.1797   -0.9809
    0.8664   -0.4754    0.1526
   -0.4938   -0.8612    0.1204
...    41 C-G ...
  -72.4309  -80.9156   50.6205
    0.5247   -0.3557   -0.7734
    0.7068   -0.3244    0.6286
   -0.4745   -0.8765    0.0812
...    42 G-C ...
  -73.6694  -83.9276   51.2396
    0.8706   -0.4046   -0.2800
    0.2751   -0.0717    0.9587
   -0.4080   -0.9117    0.0489
...    43 A-T ...
  -75.0772  -86.7492   51.3595
    0.8754   -0.3575    0.3252
   -0.2707    0.1948    0.9427
   -0.4004   -0.9134    0.0738
...    44 C-G ...
  -76.0664  -89.8674   50.9605
    0.6324   -0.1418    0.7616
   -0.6951    0.3300    0.6387
   -0.3419   -0.9333    0.1101
...    45 T-A ...
  -76.6200  -93.4056   51.2487
    0.1562    0.1309    0.9790
   -0.9356    0.3374    0.1041
   -0.3167   -0.9322    0.1751
...    46 T-A ...
  -77.3282  -96.4894   51.8146
   -0.3181    0.3060    0.8973
   -0.8959    0.2126   -0.3901
   -0.3101   -0.9280    0.2065
...    47 A-T ...
  -78.4197  -99.4881   52.6738
   -0.7380    0.4549    0.4985
   -0.5742   -0.0351   -0.8180
   -0.3546   -0.8899    0.2871
...    48 C-G ...
  -79.4413 -102.2180   54.3072
   -0.9237    0.3828   -0.0133
   -0.1083   -0.2943   -0.9495
   -0.3674   -0.8757    0.3133
...    49 T-A ...
  -80.8309 -104.8824   55.8241
   -0.8176    0.2276   -0.5289
    0.3716   -0.4931   -0.7866
   -0.4398   -0.8397    0.3186
...    50 G-C ...
  -82.3761 -107.7198   56.6606
   -0.4232   -0.0347   -0.9054
    0.7686   -0.5428   -0.3385
   -0.4797   -0.8391    0.2564
...    51 T-A ...
  -84.3756 -110.1191   57.4110
    0.0375   -0.2962   -0.9544
    0.8770   -0.4481    0.1736
   -0.4791   -0.8435    0.2429
...    52 A-T ...
  -85.6853 -113.0339   58.3064
    0.5722   -0.4851   -0.6612
    0.6819   -0.1665    0.7122
   -0.4556   -0.8585    0.2355
...    53 G-C ...
  -87.3684 -115.7405   58.9427
    0.8741   -0.4192   -0.2454
    0.3171    0.1098    0.9420
   -0.3679   -0.9012    0.2289
...    54 G-C ...
  -88.6476 -119.1308   58.9272
    0.9426   -0.2038    0.2646
   -0.1946    0.3089    0.9310
   -0.2715   -0.9290    0.2515
...    55 T-A ...
  -89.1999 -122.2728   59.4108
    0.7297    0.0299    0.6831
   -0.6443    0.3645    0.6723
   -0.2289   -0.9307    0.2852
...    56 A-T ...
  -89.2375 -125.6319   60.2555
    0.2887    0.3573    0.8882
   -0.9474    0.2403    0.2113
   -0.1379   -0.9025    0.4079
...    57 T-A ...
  -88.9711 -128.6069   61.5654
   -0.2101    0.4644    0.8603
   -0.9700    0.0113   -0.2430
   -0.1225   -0.8856    0.4481
...    58 C-G ...
  -89.2016 -131.5074   63.3778
   -0.7568    0.4043    0.5135
   -0.6409   -0.3049   -0.7045
   -0.1283   -0.8623    0.4898
...    59 T-A ...
  -89.6661 -134.1359   65.3126
   -0.9739    0.2239    0.0374
   -0.1494   -0.5083   -0.8481
   -0.1709   -0.8316    0.5285
...    60 C-G ...
  -90.3012 -136.9016   67.0213
   -0.8747   -0.1397   -0.4642
    0.4583   -0.5500   -0.6982
   -0.1578   -0.8234    0.5451
...    61 T-A ...
  -91.1858 -139.5209   68.9215
   -0.4888   -0.3936   -0.7786
    0.8543   -0.3968   -0.3357
   -0.1768   -0.8292    0.5302
...    62 C-G ...
  -91.8235 -142.2489   70.6525
    0.0614   -0.5557   -0.8291
    0.9870   -0.0898    0.1332
   -0.1485   -0.8266    0.5429
...    63 A-T ...
  -92.1499 -144.8426   72.7813
    0.6153   -0.4266   -0.6628
    0.7845    0.2493    0.5678
   -0.0770   -0.8694    0.4881
...    64 T-A ...
  -92.6453 -147.8216   73.9748
    0.9238   -0.2060   -0.3227
    0.3817    0.4301    0.8182
   -0.0298   -0.8790    0.4759
...    65 G-C ...
  -92.6195 -151.0386   75.3939
    0.9743    0.1936    0.1151
   -0.1965    0.4813    0.8542
    0.1100   -0.8549    0.5070
...    66 T-A ...
  -91.8891 -154.0811   76.4658
    0.7416    0.4556    0.4924
   -0.6519    0.3164    0.6892
    0.1582   -0.8321    0.5316
...    67 T-A ...
  -91.1151 -156.6126   78.1096
    0.2887    0.6429    0.7095
   -0.9316    0.0177    0.3630
    0.2208   -0.7658    0.6040
...    68 A-T ...
  -90.4216 -158.9005   80.3210
   -0.2616    0.6751    0.6898
   -0.9346   -0.3557   -0.0062
    0.2412   -0.6462    0.7240
...    69 T-A ...
  -89.0251 -160.5218   82.7391
   -0.6883    0.4116    0.5973
   -0.6760   -0.6627   -0.3223
    0.2632   -0.6256    0.7344
...    70 A-T ...
  -88.2958 -162.7769   85.1296
   -0.9542   -0.0678    0.2914
   -0.1176   -0.8105   -0.5738
    0.2751   -0.5818    0.7654
...    71 A-T ...
  -87.4241 -164.4523   87.7340
   -0.8342   -0.5489   -0.0519
    0.4511   -0.6255   -0.6366
    0.3170   -0.5545    0.7694
...    72 C-G ...
  -86.7780 -165.9447   90.8284
   -0.4245   -0.8344   -0.3515
    0.8321   -0.2064   -0.5149
    0.3570   -0.5111    0.7819
...    73 G-C ...
  -85.4055 -167.6652   93.2284
    0.1523   -0.7764   -0.6115
    0.9116    0.3494   -0.2165
    0.3817   -0.5245    0.7611
...    74 G-C ...
  -84.3945 -169.4078   95.8668
    0.5712   -0.4419   -0.6917
    0.6903    0.7145    0.1136
    0.4441   -0.5423    0.7132
...    75 A-T ...
  -83.1683 -171.1613   98.3654
    0.8331    0.0688   -0.5488
    0.2230    0.8663    0.4470
    0.5062   -0.4948    0.7063
...    76 G-C ...
  -81.4479 -172.9295  100.4692
    0.7686    0.5472   -0.3316
   -0.2246    0.7160    0.6610
    0.5991   -0.4336    0.6732
...    77 A-T ...
  -79.2146 -174.3774  102.4569
    0.4690    0.8825    0.0358
   -0.5955    0.2861    0.7507
    0.6522   -0.3733    0.6597
...    78 G-C ...
  -76.5947 -175.2565  104.3075
    0.0333    0.9499    0.3109
   -0.7135   -0.1952    0.6729
    0.6999   -0.2442    0.6712
...    79 C-G ...
  -73.8835 -175.5552  106.2805
   -0.4155    0.6980    0.5832
   -0.5764   -0.6981    0.4248
    0.7036   -0.1596    0.6924
...    80 T-A ...
  -71.4331 -175.7246  108.4394
   -0.6813    0.2459    0.6894
   -0.2318   -0.9659    0.1155
    0.6943   -0.0811    0.7151
...    81 C-G ...
  -69.6204 -176.2487  111.0484
   -0.6936   -0.3531    0.6279
    0.2769   -0.9354   -0.2200
    0.6650    0.0213    0.7465
...    82 G-C ...
  -67.0285 -177.2018  113.2911
   -0.4102   -0.8265    0.3856
    0.6588   -0.5609   -0.5014
    0.6307    0.0484    0.7745
...    83 G-C ...
  -65.0135 -176.8682  115.9669
    0.0083   -0.9995    0.0306
    0.7566   -0.0137   -0.6537
    0.6538    0.0285    0.7561
...    84 G-C ...
  -62.9830 -176.7133  118.6070
    0.3612   -0.8497   -0.3841
    0.6286    0.5262   -0.5728
    0.6888   -0.0346    0.7241
...    85 A-T ...
  -60.8725 -176.9301  121.1833
    0.6523   -0.3749   -0.6587
    0.2744    0.9269   -0.2558
    0.7065   -0.0139    0.7075
...    86 T-A ...
  -58.6212 -177.5839  123.4976
    0.6732    0.1480   -0.7245
   -0.1028    0.9890    0.1065
    0.7322    0.0028    0.6810
...    87 C-G ...
  -56.1156 -177.6883  125.5756
    0.4407    0.6777   -0.5886
   -0.4657    0.7332    0.4955
    0.7674    0.0558    0.6387
...    88 C-G ...
  -53.6118 -177.7695  127.6959
    0.0079    0.9244   -0.3814
   -0.6271    0.3017    0.7182
    0.7789    0.2335    0.5820
...    89 G-C ...
  -51.3198 -176.5816  129.7690
   -0.4669    0.8798   -0.0890
   -0.4888   -0.1729    0.8551
    0.7370    0.4427    0.5108
...    90 C-G ...
  -48.7969 -174.5552  131.0051
   -0.6790    0.6180    0.3962
   -0.1007   -0.6130    0.7837
    0.7272    0.4922    0.4784
...    91 T-A ...
  -46.8061 -172.1303  132.5952
   -0.6118    0.1761    0.7712
    0.3690   -0.7988    0.4751
    0.6997    0.5752    0.4237
...    92 T-A ...
  -44.7446 -169.8992  133.8135
   -0.2251   -0.2793    0.9335
    0.6654   -0.7439   -0.0621
    0.7117    0.6072    0.3533
...    93 T-A ...
  -42.7458 -167.5468  134.9342
    0.2627   -0.5990    0.7564
    0.6575   -0.4627   -0.5947
    0.7062    0.6535    0.2723
...    94 A-T ...
  -40.1894 -165.4255  134.8292
    0.7166   -0.6404    0.2765
    0.3149   -0.0566   -0.9474
    0.6224    0.7660    0.1611
...    95 A-T ...
  -38.2853 -162.9256  135.4543
    0.7801   -0.5534   -0.2918
   -0.1669    0.2654   -0.9496
    0.6029    0.7895    0.1147
...    96 C-G ...
  -36.0799 -160.5646  136.3208
    0.5596   -0.3617   -0.7457
   -0.5633    0.4940   -0.6623
    0.6079    0.7907    0.0727
...    97 A-T ...
  -33.9809 -158.0204  136.5162
    0.0848   -0.1377   -0.9868
   -0.7755    0.6128   -0.1522
    0.6257    0.7782   -0.0548
...    98 C-G ...
  -31.4876 -155.8939  135.9914
   -0.3510    0.1396   -0.9259
   -0.7070    0.6088    0.3598
    0.6139    0.7809   -0.1150
...    99 T-A ...
  -29.1393 -153.4197  134.9599
   -0.7441    0.3666   -0.5585
   -0.3816    0.4530    0.8057
    0.5484    0.8127   -0.1972
...   100 T-A ...
  -27.3898 -150.8985  133.8988
   -0.8369    0.5473   -0.0072
    0.1118    0.1838    0.9766
    0.5358    0.8165   -0.2150
...   101 T-A ...
  -25.7955 -148.2584  132.9378
   -0.6429    0.5472    0.5360
    0.5645   -0.1346    0.8144
    0.5178    0.8261   -0.2224
...   102 A-T ...
  -24.0419 -145.4581  132.2930
   -0.1934    0.3522    0.9157
    0.8470   -0.4112    0.3370
    0.4952    0.8408   -0.2188
...   103 T-A ...
  -23.1409 -142.4214  131.4170
    0.2188    0.1102    0.9695
    0.8483   -0.5124   -0.1332
    0.4822    0.8516   -0.2056
...   104 G-C ...
  -21.6648 -139.4838  130.9956
    0.6444   -0.2958    0.7052
    0.5604   -0.4449   -0.6986
    0.5204    0.8453   -0.1210
...   105 C-G ...
  -19.9445 -136.6832  131.0013
    0.8284   -0.5176    0.2142
    0.1073   -0.2287   -0.9676
    0.5498    0.8245   -0.1339
...   106 T-A ...
  -17.9764 -133.8787  130.9815
    0.7292   -0.5836   -0.3572
   -0.3669    0.1072   -0.9241
    0.5776    0.8049   -0.1360
...   107 T-A ...
  -16.0167 -131.3682  130.6990
    0.3807   -0.4719   -0.7952
   -0.7067    0.4062   -0.5793
    0.5964    0.7825   -0.1789
...   108 C-G ...
  -13.8469 -128.9928  130.0387
   -0.1223   -0.2339   -0.9645
   -0.7930    0.6074   -0.0467
    0.5968    0.7592   -0.2597
...   109 C-G ...
  -11.7457 -126.6175  129.2104
   -0.5838   -0.0065   -0.8119
   -0.6217    0.6467    0.4419
    0.5222    0.7627   -0.3816
...   110 G-C ...
  -10.4902 -124.1576  127.9254
   -0.8762    0.2048   -0.4363
   -0.2362    0.6066    0.7591
    0.4201    0.7682   -0.4831
...   111 G-C ...
   -9.6294 -121.6456  125.8531
   -0.8955    0.4389    0.0732
    0.2901    0.4511    0.8440
    0.3374    0.7771   -0.5313
...   112 C-G ...
   -9.1094 -119.1372  123.6660
   -0.6105    0.5838    0.5352
    0.7352    0.1666    0.6571
    0.2944    0.7946   -0.5309
...   113 T-A ...
   -8.4245 -116.5541  121.7344
   -0.1535    0.5646    0.8110
    0.9527   -0.1333    0.2731
    0.2622    0.8146   -0.5174
...   114 C-G ...
   -7.4795 -113.8135  120.1952
    0.4146    0.3676    0.8325
    0.8777   -0.4033   -0.2590
    0.2405    0.8380   -0.4898
...   115 G-C ...
   -6.3220 -111.3031  118.3894
    0.8275    0.0268    0.5608
    0.4858   -0.5348   -0.6914
    0.2814    0.8446   -0.4556
...   116 T-A ...
   -5.3263 -108.3440  117.4255
    0.9482   -0.2859    0.1385
   -0.0120   -0.4679   -0.8837
    0.3174    0.8363   -0.4471
...   117 A-T ...
   -3.9986 -105.3656  116.3969
    0.7521   -0.5600   -0.3476
   -0.5350   -0.2107   -0.8182
    0.3849    0.8013   -0.4580
...   118 T-A ...
   -2.2846 -102.7936  115.4519
    0.3970   -0.5870   -0.7055
   -0.8374    0.0831   -0.5403
    0.3758    0.8053   -0.4586
...   119 A-T ...
   -1.1870 -100.1568  113.7701
   -0.1604   -0.5027   -0.8495
   -0.9067    0.4152   -0.0745
    0.3901    0.7583   -0.5224
...   120 A-T ...
    0.3121  -97.9465  111.9458
   -0.6472   -0.2214   -0.7295
   -0.6656    0.6306    0.3991
    0.3716    0.7439   -0.5555
...   121 T-A ...
    1.8249  -95.9903  109.7129
   -0.8972    0.1247   -0.4237
   -0.2440    0.6597    0.7109
    0.3681    0.7411   -0.5614
...   122 G-C ...
    2.9208  -93.6074  107.4709
   -0.9097    0.4024    0.1024
    0.3085    0.4898    0.8154
    0.2779    0.7734   -0.5697
...   123 T-A ...
    3.4574  -91.2708  105.2608
   -0.6530    0.5737    0.4944
    0.7119    0.2423    0.6591
    0.2583    0.7824   -0.5667
...   124 G-C ...
    4.0867  -88.6124  103.3647
   -0.1709    0.5442    0.8214
    0.9623   -0.0871    0.2578
    0.2118    0.8344   -0.5088
...   125 T-A ...
    4.2313  -85.8962  101.6496
    0.3303    0.3863    0.8612
    0.9189   -0.3402   -0.1998
    0.2158    0.8573   -0.4673
...   126 C-G ...
    4.8946  -83.1310  100.2911
    0.7997    0.1222    0.5878
    0.5649   -0.4849   -0.6677
    0.2034    0.8660   -0.4568
...   127 G-C ...
    5.9422  -80.5828   98.5223
    0.9313   -0.2648    0.2502
    0.1131   -0.4427   -0.8895
    0.3463    0.8567   -0.3823
...   128 A-T ...
    6.9603  -77.8370   97.3533
    0.8237   -0.4770   -0.3065
   -0.4496   -0.2201   -0.8657
    0.3455    0.8509   -0.3957
...   129 C-G ...
    8.5715  -75.0363   96.6833
    0.4545   -0.5569   -0.6952
   -0.8082    0.0702   -0.5846
    0.3744    0.8276   -0.4182
...   130 C-G ...
   10.4279  -72.5858   95.1907
   -0.0619   -0.5250   -0.8489
   -0.9102    0.3787   -0.1678
    0.4096    0.7622   -0.5013
...   131 A-T ...
   11.1718  -69.8575   93.4318
   -0.5902   -0.2944   -0.7517
   -0.7185    0.6161    0.3229
    0.3680    0.7306   -0.5751
...   132 A-T ...
   12.4408  -67.6461   91.3576
   -0.8892    0.1057   -0.4452
   -0.2638    0.6766    0.6875
    0.3739    0.7287   -0.5737
...   133 A-T ...
   13.7125  -65.5435   89.1794
   -0.8592    0.5114    0.0170
    0.2958    0.4693    0.8321
    0.4176    0.7199   -0.5544
...   134 T-A ...
   14.7283  -63.4123   86.8245
   -0.5924    0.6746    0.4405
    0.6886    0.1400    0.7115
    0.4183    0.7248   -0.5474
...   135 G-C ...
   15.7211  -61.4788   83.9377
    0.0342    0.7399    0.6718
    0.8637   -0.3601    0.3526
    0.5028    0.5682   -0.6514
...   136 T-A ...
   15.7739  -59.5464   80.8036
    0.5516    0.4996    0.6680
    0.6739   -0.7388   -0.0038
    0.4916    0.4523   -0.7442
...   137 G-C ...
   16.8280  -57.7076   78.2738
    0.8528   -0.0847    0.5152
    0.1508   -0.9047   -0.3984
    0.4999    0.4175   -0.7588
...   138 A-T ...
   18.4176  -55.5141   76.5362
    0.8547   -0.5007    0.1370
   -0.3189   -0.7148   -0.6224
    0.4096    0.4883   -0.7706
...   139 G-C ...
   20.4152  -54.2945   74.5496
    0.5847   -0.7389   -0.3350
   -0.7594   -0.3532   -0.5465
    0.2854    0.5739   -0.7676
...   140 C-G ...
   21.4163  -51.8107   72.7950
    0.1305   -0.7142   -0.6876
   -0.8897    0.2217   -0.3991
    0.4375    0.6639   -0.6065
...   141 G-C ...
   22.1406  -50.1330   67.4725
   -0.4682   -0.8748    0.1248
   -0.8495    0.4067   -0.3362
    0.2434   -0.2634   -0.9335
...   142 C-G ...
   22.3377  -51.2252   64.5019
   -0.8529   -0.5117   -0.1032
   -0.4974    0.8566   -0.1372
    0.1587   -0.0657   -0.9851
...   143 T-A ...
   24.0059  -51.6201   61.9333
   -0.9563    0.0399   -0.2897
    0.0522    0.9980   -0.0348
    0.2877   -0.0484   -0.9565
...   144 C-G ...
   24.8857  -52.7207   58.9948
   -0.7530    0.5560   -0.3520
    0.5213    0.8304    0.1966
    0.4016   -0.0355   -0.9151
...   145 A-T ...
   25.5174  -52.9610   55.8127
   -0.2441    0.9563   -0.1609
    0.8907    0.2867    0.3528
    0.3835   -0.0571   -0.9218
...   146 C-G ...
   25.2677  -52.4925   52.0871
    0.3203    0.9428   -0.0928
    0.8825   -0.2613    0.3910
    0.3444   -0.2071   -0.9157
...   147 A-T ...
   25.6133  -52.5732   48.6479
    0.8597    0.5097    0.0339
    0.4498   -0.7866    0.4230
    0.2423   -0.3484   -0.9055
