  147 base-pairs
...     1 T-A ...
    0.0000    0.0000    0.0000
    1.0000    0.0000    0.0000
    0.0000    1.0000    0.0000
    0.0000    0.0000    1.0000
...     2 G-C ...
   -0.5555   -1.1003    3.3981
    0.7749    0.6051    0.1828
   -0.5991    0.7953   -0.0929
   -0.2016   -0.0375    0.9787
...     3 T-A ...
   -0.6619   -3.0237    6.5348
    0.3046    0.9250    0.2271
   -0.8994    0.3578   -0.2510
   -0.3134   -0.1278    0.9410
...     4 G-C ...
   -1.1607   -3.8418    9.6940
   -0.3351    0.9421    0.0133
   -0.8752   -0.3061   -0.3746
   -0.3489   -0.1372    0.9271
...     5 A-T ...
   -1.3881   -3.6770   12.8999
   -0.7835    0.6162   -0.0801
   -0.5677   -0.7622   -0.3109
   -0.2527   -0.1981    0.9470
...     6 G-C ...
   -2.6236   -3.5448   15.7072
   -0.9923    0.0611   -0.1075
   -0.0294   -0.9610   -0.2748
   -0.1201   -0.2695    0.9555
...     7 C-G ...
   -2.3138   -3.7570   18.8866
   -0.8620   -0.4995   -0.0864
    0.5008   -0.8655    0.0073
   -0.0785   -0.0370    0.9962
...     8 G-C ...
   -3.9561   -6.8109   23.3205
   -0.2581   -0.3560   -0.8981
    0.6294   -0.7673    0.1233
   -0.7330   -0.5335    0.4221
...     9 C-G ...
   -6.1177   -8.9414   24.2385
    0.1143   -0.7320   -0.6716
    0.8123   -0.3203    0.4874
   -0.5720   -0.6013    0.5580
...    10 T-A ...
   -8.5041   -9.6771   26.0540
    0.4660   -0.8587   -0.2131
    0.6274    0.1508    0.7640
   -0.6239   -0.4897    0.6090
...    11 C-G ...
  -11.0625  -11.3174   27.2336
    0.6660   -0.6911    0.2808
    0.3382    0.6152    0.7121
   -0.6649   -0.3794    0.6435
...    12 A-T ...
  -13.0013  -13.1789   29.0658
    0.7188   -0.1490    0.6790
   -0.1787    0.9043    0.3876
   -0.6718   -0.4000    0.6235
...    13 C-G ...
  -14.1788  -15.9359   31.3399
    0.4052    0.2865    0.8682
   -0.5270    0.8492   -0.0343
   -0.7470   -0.4437    0.4951
...    14 A-T ...
  -15.9532  -18.1566   33.3080
   -0.1503    0.6873    0.7107
   -0.6106    0.5008   -0.6135
   -0.7776   -0.5261    0.3444
...    15 A-T ...
  -18.3042  -19.9766   34.6235
   -0.4844    0.8405    0.2428
   -0.4012    0.0332   -0.9154
   -0.7774   -0.5408    0.3211
...    16 T-A ...
  -20.6317  -21.5990   36.2866
   -0.6153    0.7475   -0.2504
   -0.0965   -0.3867   -0.9172
   -0.7824   -0.5401    0.3100
...    17 T-A ...
  -23.1796  -23.1990   37.4794
   -0.5450    0.4186   -0.7265
    0.2688   -0.7335   -0.6243
   -0.7942   -0.5355    0.2872
...    18 T-A ...
  -25.8614  -24.7133   38.4607
   -0.2764   -0.0379   -0.9603
    0.5236   -0.8439   -0.1174
   -0.8059   -0.5352    0.2530
...    19 A-T ...
  -28.7075  -26.3554   38.9830
    0.1619   -0.4138   -0.8959
    0.5549   -0.7125    0.4294
   -0.8160   -0.5666    0.1143
...    20 T-A ...
  -31.6498  -27.7984   38.8550
    0.4317   -0.7012   -0.5674
    0.3927   -0.4202    0.8181
   -0.8121   -0.5760    0.0939
...    21 T-A ...
  -34.3382  -29.6113   38.8499
    0.5841   -0.8115   -0.0156
    0.0742    0.0342    0.9967
   -0.8083   -0.5833    0.0802
...    22 C-G ...
  -36.8773  -31.6711   38.9828
    0.5409   -0.6254    0.5624
   -0.2979    0.4828    0.8235
   -0.7865   -0.6130    0.0748
...    23 G-C ...
  -39.5334  -33.5950   39.5793
    0.3556   -0.1959    0.9139
   -0.5800    0.7205    0.3802
   -0.7329   -0.6652    0.1426
...    24 C-G ...
  -41.6505  -36.1060   40.0329
    0.0092    0.2495    0.9683
   -0.6884    0.7040   -0.1748
   -0.7253   -0.6650    0.1782
...    25 A-T ...
  -44.1968  -38.1699   40.5578
   -0.3221    0.6574    0.6812
   -0.5883    0.4248   -0.6881
   -0.7417   -0.6224    0.2499
...    26 A-T ...
  -46.4610  -40.2496   41.6020
   -0.6040    0.7776    0.1745
   -0.2968   -0.0162   -0.9548
   -0.7397   -0.6285    0.2406
...    27 A-T ...
  -48.8350  -42.2025   42.6370
   -0.6650    0.6344   -0.3941
    0.0996   -0.4476   -0.8887
   -0.7401   -0.6303    0.2345
...    28 G-C ...
  -51.4150  -44.0319   43.5816
   -0.4629    0.3547   -0.8123
    0.4259   -0.7147   -0.5548
   -0.7774   -0.6028    0.1798
...    29 G-C ...
  -54.2716  -45.7356   44.1224
   -0.0915   -0.0250   -0.9955
    0.5875   -0.8086   -0.0337
   -0.8041   -0.5879    0.0886
...    30 C-G ...
  -57.1676  -47.3246   44.1741
    0.2803   -0.4234   -0.8615
    0.5314   -0.6789    0.5066
   -0.7994   -0.5998    0.0347
...    31 C-G ...
  -59.9401  -49.2334   43.8511
    0.5900   -0.6633   -0.4604
    0.2784   -0.3682    0.8871
   -0.7579   -0.6515   -0.0326
...    32 G-C ...
  -62.2817  -51.6035   43.9594
    0.7296   -0.6760    0.1038
   -0.1174    0.0258    0.9927
   -0.6738   -0.7365   -0.0606
...    33 G-C ...
  -64.3218  -54.2491   43.4281
    0.6098   -0.4926    0.6209
   -0.5061    0.3609    0.7833
   -0.6099   -0.7919   -0.0293
...    34 C-G ...
  -65.9907  -57.0881   43.1115
    0.2693   -0.1827    0.9455
   -0.7639    0.5574    0.3253
   -0.5865   -0.8099    0.0105
...    35 C-G ...
  -67.6591  -60.0147   43.2515
   -0.1322    0.2124    0.9682
   -0.8044    0.5478   -0.2300
   -0.5792   -0.8092    0.0985
...    36 C-G ...
  -69.3996  -62.8291   43.8690
   -0.4943    0.5386    0.6823
   -0.6240    0.3266   -0.7099
   -0.6052   -0.7767    0.1746
...    37 G-C ...
  -71.7094  -65.2165   44.2082
   -0.6910    0.7058    0.1561
   -0.2720   -0.0538   -0.9608
   -0.6697   -0.7064    0.2292
...    38 A-T ...
  -73.9300  -67.4661   45.0610
   -0.7011    0.5607   -0.4406
    0.1748   -0.4639   -0.8685
   -0.6913   -0.6859    0.2273
...    39 C-G ...
  -76.4569  -69.2815   46.2061
   -0.4938    0.2528   -0.8320
    0.5061   -0.6945   -0.5114
   -0.7071   -0.6736    0.2150
...    40 A-T ...
  -78.7353  -71.6304   46.7674
   -0.0591   -0.1261   -0.9903
    0.6781   -0.7331    0.0529
   -0.7326   -0.6684    0.1288
...    41 C-G ...
  -81.5422  -73.3939   46.9160
    0.3188   -0.4711   -0.8225
    0.6072   -0.5648    0.5589
   -0.7278   -0.6776    0.1060
...    42 G-C ...
  -83.7376  -75.8500   47.4314
    0.6804   -0.6204   -0.3902
    0.3221   -0.2251    0.9195
   -0.6583   -0.7513    0.0467
...    43 A-T ...
  -85.9070  -78.2929   47.4560
    0.7715   -0.6010    0.2087
   -0.1297    0.1726    0.9764
   -0.6228   -0.7804    0.0552
...    44 C-G ...
  -87.6831  -81.0419   47.0727
    0.6232   -0.3928    0.6763
   -0.5125    0.4481    0.7325
   -0.5908   -0.8031    0.0780
...    45 T-A ...
  -89.3107  -83.9072   47.2380
    0.3185   -0.0410    0.9470
   -0.7758    0.5629    0.2852
   -0.5448   -0.8255    0.1475
...    46 T-A ...
  -90.8373  -86.7184   47.7218
   -0.1530    0.2981    0.9422
   -0.8284    0.4811   -0.2868
   -0.5388   -0.8244    0.1734
...    47 A-T ...
  -92.6834  -89.3866   48.4312
   -0.5541    0.5836    0.5936
   -0.6157    0.1926   -0.7641
   -0.5603   -0.7889    0.2526
...    48 C-G ...
  -94.2606  -91.9132   49.8677
   -0.7789    0.6180    0.1067
   -0.2547   -0.1562   -0.9543
   -0.5731   -0.7705    0.2790
...    49 T-A ...
  -96.2640  -94.2381   51.1057
   -0.7731    0.4743   -0.4212
    0.1705   -0.4842   -0.8582
   -0.6110   -0.7353    0.2934
...    50 G-C ...
  -98.3446  -96.7384   51.7578
   -0.4962    0.1533   -0.8546
    0.5659   -0.6894   -0.4522
   -0.6585   -0.7080    0.2554
...    51 T-A ...
 -100.9437  -98.6130   52.6911
   -0.1206   -0.2249   -0.9669
    0.7450   -0.6642    0.0615
   -0.6561   -0.7129    0.2476
...    52 A-T ...
 -102.9473 -101.1251   53.6275
    0.3613   -0.5808   -0.7295
    0.6753   -0.3765    0.6342
   -0.6430   -0.7218    0.2562
...    53 G-C ...
 -105.2213 -103.4683   54.1861
    0.7026   -0.6404   -0.3103
    0.3989   -0.0068    0.9170
   -0.5893   -0.7680    0.2507
...    54 G-C ...
 -107.2751 -106.1085   54.6847
    0.8667   -0.4597    0.1938
   -0.0326    0.3354    0.9415
   -0.4978   -0.8223    0.2757
...    55 T-A ...
 -108.6745 -109.0540   55.0497
    0.7599   -0.1745    0.6262
   -0.4679    0.5219    0.7132
   -0.4513   -0.8350    0.3150
...    56 A-T ...
 -109.7438 -112.0353   56.0896
    0.4761    0.2719    0.8363
   -0.8143    0.4955    0.3024
   -0.3322   -0.8250    0.4573
...    57 T-A ...
 -110.1692 -114.9319   57.5318
    0.0250    0.5078    0.8611
   -0.9487    0.2836   -0.1396
   -0.3151   -0.8135    0.4888
...    58 C-G ...
 -111.1120 -117.4568   59.3538
   -0.5090    0.6152    0.6020
   -0.8061   -0.0954   -0.5840
   -0.3018   -0.7826    0.5445
...    59 T-A ...
 -111.9723 -119.8105   61.5005
   -0.8403    0.5104    0.1826
   -0.4403   -0.4461   -0.7792
   -0.3163   -0.7351    0.5996
...    60 C-G ...
 -113.1482 -122.0608   63.5807
   -0.9397    0.1461   -0.3093
    0.1303   -0.6829   -0.7187
   -0.3163   -0.7157    0.6227
...    61 G-C ...
 -114.1717 -124.7494   65.2787
   -0.6840   -0.2404   -0.6887
    0.6320   -0.6669   -0.3948
   -0.3644   -0.7053    0.6081
...    62 A-T ...
 -115.4249 -126.9658   67.3688
   -0.1755   -0.5946   -0.7846
    0.9213   -0.3802    0.0820
   -0.3471   -0.7084    0.6145
...    63 G-C ...
 -116.8538 -129.2482   69.3091
    0.3519   -0.6721   -0.6515
    0.8851    0.0125    0.4652
   -0.3045   -0.7403    0.5993
...    64 C-G ...
 -118.2189 -131.6923   71.0831
    0.7895   -0.5145   -0.3345
    0.5638    0.3927    0.7266
   -0.2424   -0.7623    0.6001
...    65 T-A ...
 -119.0175 -134.4067   72.7787
    0.9860   -0.1654    0.0200
    0.0853    0.6044    0.7921
   -0.1431   -0.7793    0.6101
...    66 C-G ...
 -119.3977 -136.9974   74.6932
    0.8730    0.2752    0.4027
   -0.4844    0.5858    0.6498
   -0.0571   -0.7623    0.6447
...    67 G-C ...
 -119.4462 -139.2965   77.0962
    0.4897    0.6772    0.5492
   -0.8669    0.3110    0.3895
    0.0930   -0.6669    0.7393
...    68 G-C ...
 -118.5716 -141.2502   79.6888
   -0.0470    0.8145    0.5783
   -0.9854   -0.1325    0.1066
    0.1635   -0.5648    0.8089
...    69 G-C ...
 -117.7321 -142.6016   82.6653
   -0.5769    0.6648    0.4745
   -0.7958   -0.5884   -0.1432
    0.1840   -0.4602    0.8685
...    70 A-T ...
 -117.1711 -143.8731   85.6503
   -0.9359    0.1883    0.2978
   -0.2916   -0.8884   -0.3547
    0.1978   -0.4188    0.8863
...    71 T-A ...
 -116.4649 -144.5683   88.8234
   -0.9428   -0.3144    0.1113
    0.2330   -0.8597   -0.4545
    0.2386   -0.4026    0.8837
...    72 C-G ...
 -115.7679 -145.8006   91.8058
   -0.6062   -0.7795   -0.1577
    0.7513   -0.4963   -0.4350
    0.2608   -0.3821    0.8865
...    73 C-G ...
 -115.1043 -146.9675   94.9133
   -0.1045   -0.9073   -0.4073
    0.9551    0.0226   -0.2954
    0.2773   -0.4199    0.8642
...    74 G-C ...
 -113.7436 -148.0409   97.7667
    0.4111   -0.6962   -0.5885
    0.8345    0.5472   -0.0644
    0.3668   -0.4646    0.8060
...    75 C-G ...
 -112.8958 -149.7785  100.4389
    0.7618   -0.2655   -0.5909
    0.4760    0.8481    0.2326
    0.4394   -0.4585    0.7725
...    76 T-A ...
 -111.4140 -151.5663  102.7573
    0.8394    0.2452   -0.4852
    0.0319    0.8688    0.4942
    0.5426   -0.4303    0.7214
...    77 T-A ...
 -109.5455 -153.0559  104.8990
    0.6745    0.7064   -0.2145
   -0.4107    0.6005    0.6860
    0.6134   -0.3746    0.6952
...    78 T-A ...
 -107.3682 -154.2304  106.9422
    0.2984    0.9464    0.1235
   -0.6852    0.1224    0.7180
    0.6644   -0.2988    0.6850
...    79 A-T ...
 -104.7503 -154.7235  108.9470
   -0.2181    0.9157    0.3376
   -0.6790   -0.3909    0.6214
    0.7010   -0.0937    0.7070
...    80 A-T ...
 -102.3364 -154.7220  111.1034
   -0.5630    0.5430    0.6230
   -0.4129   -0.8379    0.3571
    0.7159   -0.0561    0.6959
...    81 C-G ...
  -99.8888 -154.1976  113.3073
   -0.6942    0.0277    0.7193
   -0.0313   -0.9995    0.0083
    0.7191   -0.0167    0.6947
...    82 T-A ...
  -97.6456 -153.8862  115.7366
   -0.6018   -0.5085    0.6159
    0.3684   -0.8609   -0.3508
    0.7086    0.0158    0.7054
...    83 C-G ...
  -95.3747 -153.7242  118.1260
   -0.2391   -0.9223    0.3037
    0.6479   -0.3845   -0.6575
    0.7232    0.0396    0.6895
...    84 A-T ...
  -92.7251 -153.5104  120.0877
    0.1551   -0.9737   -0.1671
    0.6466    0.2279   -0.7280
    0.7469    0.0049    0.6650
...    85 T-A ...
  -90.7043 -153.7702  122.6845
    0.4645   -0.7254   -0.5080
    0.4594    0.6878   -0.5621
    0.7571    0.0277    0.6527
...    86 G-C ...
  -88.0878 -153.6416  124.7342
    0.5243   -0.2405   -0.8169
    0.1196    0.9706   -0.2090
    0.8431    0.0119    0.5376
...    87 T-A ...
  -85.3278 -154.2060  126.3638
    0.4442    0.2739   -0.8530
   -0.1661    0.9608    0.2221
    0.8804    0.0430    0.4722
...    88 T-A ...
  -82.4024 -154.1831  127.6831
    0.2057    0.7370   -0.6438
   -0.3629    0.6684    0.6493
    0.9088    0.1001    0.4050
...    89 A-T ...
  -79.1020 -153.7664  128.1959
   -0.2198    0.9148   -0.3388
   -0.3426    0.2528    0.9048
    0.9134    0.3149    0.2578
...    90 T-A ...
  -76.0285 -152.6875  128.3240
   -0.3920    0.9097    0.1372
   -0.1648   -0.2161    0.9624
    0.9051    0.3546    0.2346
...    91 A-T ...
  -73.1476 -151.1907  129.0336
   -0.4843    0.6008    0.6360
    0.1487   -0.6598    0.7366
    0.8622    0.4513    0.2302
...    92 A-T ...
  -70.4721 -149.4182  129.5867
   -0.2765    0.1363    0.9513
    0.4135   -0.8767    0.2458
    0.8675    0.4614    0.1860
...    93 C-G ...
  -67.9439 -147.3046  130.2186
   -0.0037   -0.3373    0.9414
    0.5103   -0.8102   -0.2883
    0.8600    0.4793    0.1751
...    94 G-C ...
  -64.8662 -146.0669  130.5094
    0.2572   -0.7554    0.6026
    0.4232   -0.4726   -0.7730
    0.8688    0.4539    0.1981
...    95 G-C ...
  -62.0742 -144.3470  131.3047
    0.4011   -0.9131    0.0731
    0.1927    0.0061   -0.9812
    0.8956    0.4076    0.1784
...    96 A-T ...
  -59.2315 -142.8800  131.9702
    0.4078   -0.7544   -0.5144
   -0.1057    0.5206   -0.8472
    0.9069    0.3999    0.1325
...    97 A-T ...
  -56.2491 -141.7675  132.5290
    0.2534   -0.3533   -0.9005
   -0.3311    0.8430   -0.4239
    0.9089    0.4056    0.0966
...    98 C-G ...
  -53.0960 -141.0296  132.8542
   -0.0107    0.0899   -0.9959
   -0.4116    0.9073    0.0863
    0.9113    0.4108    0.0273
...    99 T-A ...
  -50.0188 -139.9317  132.5902
   -0.3193    0.4806   -0.8167
   -0.3233    0.7549    0.5706
    0.8908    0.4462   -0.0857
...   100 T-A ...
  -47.1509 -138.5795  132.0309
   -0.4972    0.7834   -0.3729
   -0.0763    0.3886    0.9182
    0.8643    0.4850   -0.1334
...   101 T-A ...
  -44.4392 -136.9944  131.2825
   -0.4866    0.8519    0.1938
    0.2340   -0.0866    0.9684
    0.8417    0.5165   -0.1572
...   102 A-T ...
  -41.8066 -135.0505  130.7109
   -0.3266    0.6178    0.7153
    0.5145   -0.5187    0.6828
    0.7929    0.5910   -0.1485
...   103 T-A ...
  -39.6702 -132.6744  129.8654
   -0.0094    0.2830    0.9591
    0.6175   -0.7528    0.2282
    0.7865    0.5943   -0.1676
...   104 G-C ...
  -36.9270 -130.8808  129.4567
    0.3091   -0.2286    0.9231
    0.5351   -0.7606   -0.3675
    0.7862    0.6076   -0.1128
...   105 C-G ...
  -34.5083 -128.6090  129.3039
    0.5370   -0.6175    0.5747
    0.2796   -0.5125   -0.8119
    0.7959    0.5967   -0.1025
...   106 T-A ...
  -31.8911 -126.5815  129.2720
    0.5752   -0.8151    0.0688
   -0.0468   -0.1168   -0.9920
    0.8167    0.5674   -0.1054
...   107 T-A ...
  -29.2345 -124.7173  129.2057
    0.4535   -0.7356   -0.5032
   -0.3814    0.3501   -0.8556
    0.8055    0.5799   -0.1218
...   108 C-G ...
  -26.5666 -122.8710  128.8566
    0.1077   -0.4314   -0.8957
   -0.5803    0.7043   -0.4090
    0.8073    0.5638   -0.1745
...   109 C-G ...
  -23.6659 -121.3030  128.2089
   -0.3062   -0.0670   -0.9496
   -0.5425    0.8320    0.1162
    0.7822    0.5508   -0.2911
...   110 G-C ...
  -21.3148 -119.2517  127.0664
   -0.6663    0.2921   -0.6860
   -0.2662    0.7662    0.5848
    0.6965    0.5723   -0.4328
...   111 G-C ...
  -19.1983 -117.5058  125.1000
   -0.7799    0.5822   -0.2298
    0.1521    0.5324    0.8327
    0.6072    0.6144   -0.5038
...   112 C-G ...
  -17.5655 -115.5454  123.0101
   -0.6118    0.7414    0.2758
    0.5653    0.1660    0.8080
    0.5533    0.6503   -0.5207
...   113 T-A ...
  -16.1311 -113.2811  121.0737
   -0.2627    0.6836    0.6810
    0.8241   -0.2081    0.5268
    0.5018    0.6996   -0.5087
...   114 C-G ...
  -14.6443 -110.8539  119.4549
    0.2573    0.4240    0.8683
    0.8347   -0.5502    0.0213
    0.4868    0.7193   -0.4956
...   115 G-C ...
  -12.6989 -108.6799  117.8510
    0.6383   -0.0103    0.7697
    0.5679   -0.6688   -0.4798
    0.5197    0.7434   -0.4210
...   116 T-A ...
  -11.2625 -105.8456  116.8720
    0.8330   -0.3662    0.4147
    0.1527   -0.5682   -0.8086
    0.5318    0.7369   -0.4173
...   117 A-T ...
   -9.5573 -103.5037  115.2113
    0.7487   -0.6459   -0.1493
   -0.3837   -0.2387   -0.8921
    0.5405    0.7252   -0.4266
...   118 T-A ...
   -7.4386 -101.1248  114.3907
    0.4539   -0.6810   -0.5746
   -0.7111    0.1118   -0.6942
    0.5370    0.7237   -0.4335
...   119 A-T ...
   -5.6770  -98.7841  112.8302
   -0.0767   -0.5512   -0.8309
   -0.8368    0.4887   -0.2469
    0.5421    0.6763   -0.4987
...   120 A-T ...
   -3.7416  -96.7982  111.1615
   -0.5397   -0.2014   -0.8174
   -0.6527    0.7133    0.2552
    0.5317    0.6713   -0.5164
...   121 T-A ...
   -1.7371  -95.1544  109.1532
   -0.8022    0.1653   -0.5738
   -0.2978    0.7221    0.6244
    0.5175    0.6718   -0.5300
...   122 G-C ...
   -0.2999  -92.8103  107.2719
   -0.8907    0.4489   -0.0713
    0.2071    0.5403    0.8156
    0.4046    0.7117   -0.5743
...   123 T-A ...
    0.6528  -90.7277  104.8952
   -0.6742    0.6344    0.3782
    0.6387    0.2438    0.7298
    0.3708    0.7336   -0.5696
...   124 G-C ...
    1.7791  -88.1115  103.1785
   -0.2435    0.5823    0.7756
    0.9185   -0.1184    0.3772
    0.3115    0.8043   -0.5061
...   125 T-A ...
    2.1697  -85.3146  101.4509
    0.2558    0.4151    0.8731
    0.9159   -0.3932   -0.0814
    0.3095    0.8204   -0.4807
...   126 C-G ...
    3.1084  -82.5433   99.9875
    0.7312    0.0862    0.6766
    0.6017   -0.5489   -0.5802
    0.3214    0.8314   -0.4533
...   127 G-C ...
    4.4457  -80.0105   98.2827
    0.9052   -0.3133    0.2872
    0.1108   -0.4783   -0.8712
    0.4103    0.8204   -0.3983
...   128 A-T ...
    5.8133  -77.2936   97.0808
    0.7885   -0.5563   -0.2623
   -0.4338   -0.2007   -0.8784
    0.4360    0.8064   -0.3996
...   129 C-G ...
    7.6596  -74.6813   96.2433
    0.4399   -0.5994   -0.6687
   -0.7750    0.1228   -0.6199
    0.4537    0.7910   -0.4105
...   130 C-G ...
    9.4935  -72.2197   94.8646
   -0.0805   -0.5010   -0.8617
   -0.8805    0.4409   -0.1741
    0.4671    0.7447   -0.4767
...   131 A-T ...
   10.8792  -69.7135   93.1878
   -0.6025   -0.2371   -0.7621
   -0.6722    0.6655    0.3244
    0.4303    0.7077   -0.5604
...   132 A-T ...
   12.3822  -67.6377   91.1959
   -0.8758    0.1773   -0.4489
   -0.2203    0.6807    0.6987
    0.4294    0.7108   -0.5571
...   133 A-T ...
   13.7269  -65.5080   89.1509
   -0.8519    0.5233    0.0219
    0.3054    0.4624    0.8324
    0.4255    0.7158   -0.5537
...   134 T-A ...
   14.7282  -63.4124   86.8245
   -0.5924    0.6746    0.4405
    0.6886    0.1400    0.7115
    0.4183    0.7248   -0.5474
...   135 G-C ...
   15.7211  -61.4789   83.9377
    0.0342    0.7399    0.6718
    0.8637   -0.3601    0.3526
    0.5028    0.5682   -0.6514
...   136 T-A ...
   15.7739  -59.5465   80.8036
    0.5516    0.4996    0.6680
    0.6739   -0.7388   -0.0038
    0.4916    0.4523   -0.7442
...   137 G-C ...
   16.8280  -57.7077   78.2738
    0.8528   -0.0847    0.5152
    0.1508   -0.9047   -0.3984
    0.4999    0.4175   -0.7588
...   138 A-T ...
   18.4175  -55.5143   76.5362
    0.8547   -0.5007    0.1370
   -0.3189   -0.7148   -0.6224
    0.4096    0.4883   -0.7706
...   139 G-C ...
   20.4152  -54.2946   74.5496
    0.5847   -0.7389   -0.3350
   -0.7594   -0.3532   -0.5465
    0.2854    0.5739   -0.7676
...   140 C-G ...
   21.4163  -51.8108   72.7950
    0.1305   -0.7142   -0.6876
   -0.8897    0.2217   -0.3991
    0.4375    0.6639   -0.6065
...   141 G-C ...
   22.1406  -50.1331   67.4725
   -0.4682   -0.8748    0.1248
   -0.8495    0.4067   -0.3362
    0.2434   -0.2634   -0.9335
...   142 C-G ...
   22.3377  -51.2253   64.5019
   -0.8529   -0.5117   -0.1032
   -0.4974    0.8566   -0.1372
    0.1587   -0.0657   -0.9851
...   143 T-A ...
   24.0059  -51.6203   61.9333
   -0.9563    0.0399   -0.2897
    0.0522    0.9980   -0.0348
    0.2877   -0.0484   -0.9565
...   144 C-G ...
   24.8856  -52.7208   58.9948
   -0.7530    0.5560   -0.3520
    0.5213    0.8304    0.1966
    0.4016   -0.0355   -0.9151
...   145 A-T ...
   25.5173  -52.9611   55.8127
   -0.2441    0.9563   -0.1609
    0.8907    0.2867    0.3528
    0.3835   -0.0571   -0.9218
...   146 C-G ...
   25.2677  -52.4926   52.0871
    0.3203    0.9428   -0.0928
    0.8825   -0.2613    0.3910
    0.3444   -0.2071   -0.9157
...   147 A-T ...
   25.6133  -52.5733   48.6479
    0.8597    0.5097    0.0339
    0.4498   -0.7866    0.4230
    0.2423   -0.3484   -0.9055
