  147 base-pairs
...     1 T-A ...
    0.0000    0.0000    0.0000
    1.0000    0.0000    0.0000
    0.0000    1.0000    0.0000
    0.0000    0.0000    1.0000
...     2 G-C ...
   -0.5555   -1.1003    3.3981
    0.7749    0.6051    0.1828
   -0.5991    0.7953   -0.0929
   -0.2016   -0.0375    0.9787
...     3 T-A ...
   -0.6619   -3.0237    6.5348
    0.3046    0.9250    0.2271
   -0.8994    0.3578   -0.2510
   -0.3134   -0.1278    0.9410
...     4 G-C ...
   -1.1607   -3.8418    9.6940
   -0.3351    0.9421    0.0133
   -0.8752   -0.3061   -0.3746
   -0.3489   -0.1372    0.9271
...     5 A-T ...
   -1.3881   -3.6770   12.8999
   -0.7835    0.6162   -0.0801
   -0.5677   -0.7622   -0.3109
   -0.2527   -0.1981    0.9470
...     6 G-C ...
   -2.6236   -3.5448   15.7072
   -0.9923    0.0611   -0.1075
   -0.0294   -0.9610   -0.2748
   -0.1201   -0.2695    0.9555
...     7 C-G ...
   -2.3138   -3.7570   18.8866
   -0.8620   -0.4995   -0.0864
    0.5008   -0.8655    0.0073
   -0.0785   -0.0370    0.9962
...     8 G-C ...
   -3.9561   -6.8109   23.3205
   -0.2581   -0.3560   -0.8981
    0.6294   -0.7673    0.1233
   -0.7330   -0.5335    0.4221
...     9 C-G ...
   -6.1177   -8.9414   24.2385
    0.1143   -0.7320   -0.6716
    0.8123   -0.3203    0.4874
   -0.5720   -0.6013    0.5580
...    10 T-A ...
   -8.5041   -9.6771   26.0540
    0.4660   -0.8587   -0.2131
    0.6274    0.1508    0.7640
   -0.6239   -0.4897    0.6090
...    11 C-G ...
  -11.0625  -11.3174   27.2336
    0.6660   -0.6911    0.2808
    0.3382    0.6152    0.7121
   -0.6649   -0.3794    0.6435
...    12 A-T ...
  -13.0013  -13.1789   29.0658
    0.7188   -0.1490    0.6790
   -0.1787    0.9043    0.3876
   -0.6718   -0.4000    0.6235
...    13 C-G ...
  -14.1788  -15.9359   31.3399
    0.4052    0.2865    0.8682
   -0.5270    0.8492   -0.0343
   -0.7470   -0.4437    0.4951
...    14 A-T ...
  -15.9532  -18.1566   33.3080
   -0.1503    0.6873    0.7107
   -0.6106    0.5008   -0.6135
   -0.7776   -0.5261    0.3444
...    15 A-T ...
  -18.3015  -19.9773   34.6269
   -0.4851    0.8397    0.2438
   -0.4020    0.0335   -0.9150
   -0.7766   -0.5419    0.3213
...    16 T-A ...
  -20.6246  -21.6051   36.2921
   -0.6174    0.7463   -0.2486
   -0.0969   -0.3859   -0.9175
   -0.7807   -0.5423    0.3106
...    17 T-A ...
  -23.1644  -23.2130   37.4920
   -0.5488    0.4172   -0.7244
    0.2701   -0.7316   -0.6260
   -0.7911   -0.5392    0.2889
...    18 T-A ...
  -25.8359  -24.7389   38.4834
   -0.2802   -0.0381   -0.9592
    0.5275   -0.8409   -0.1207
   -0.8020   -0.5398    0.2558
...    19 A-T ...
  -28.6725  -26.3909   39.0172
    0.1598   -0.4096   -0.8981
    0.5618   -0.7104    0.4240
   -0.8117   -0.5723    0.1166
...    20 T-A ...
  -31.6043  -27.8530   38.8996
    0.4337   -0.6953   -0.5731
    0.4005   -0.4210    0.8138
   -0.8072   -0.5825    0.0959
...    21 T-A ...
  -34.2761  -29.6878   38.9017
    0.5921   -0.8055   -0.0249
    0.0808    0.0286    0.9963
   -0.8018   -0.5919    0.0820
...    22 C-G ...
  -36.7890  -31.7750   39.0387
    0.5536   -0.6230    0.5527
   -0.2964    0.4728    0.8298
   -0.7783   -0.6232    0.0771
...    23 G-C ...
  -39.4044  -33.7460   39.6456
    0.3693   -0.1984    0.9079
   -0.5862    0.7084    0.3932
   -0.7211   -0.6774    0.1453
...    24 C-G ...
  -41.4719  -36.2936   40.1088
    0.0182    0.2408    0.9704
   -0.7021    0.6941   -0.1591
   -0.7118   -0.6785    0.1817
...    25 A-T ...
  -43.9717  -38.4051   40.6563
   -0.3232    0.6450    0.6925
   -0.6062    0.4208   -0.6749
   -0.7267   -0.6379    0.2550
...    26 A-T ...
  -46.1796  -40.5364   41.7169
   -0.6160    0.7640    0.1920
   -0.3114   -0.0123   -0.9502
   -0.7235   -0.6452    0.2455
...    27 A-T ...
  -48.4960  -42.5473   42.7722
   -0.6850    0.6238   -0.3764
    0.0946   -0.4361   -0.8949
   -0.7224   -0.6486    0.2397
...    28 G-C ...
  -51.0163  -44.4443   43.7411
   -0.4852    0.3524   -0.8003
    0.4324   -0.6987   -0.5699
   -0.7600   -0.6226    0.1866
...    29 G-C ...
  -53.8168  -46.2239   44.3201
   -0.1092   -0.0165   -0.9939
    0.6066   -0.7932   -0.0535
   -0.7875   -0.6087    0.0966
...    30 C-G ...
  -56.6691  -47.8852   44.4128
    0.2746   -0.4060   -0.8717
    0.5587   -0.6704    0.4883
   -0.7826   -0.6211    0.0427
...    31 C-G ...
  -59.3987  -49.8577   44.1226
    0.5988   -0.6405   -0.4809
    0.3069   -0.3712    0.8764
   -0.7398   -0.6723   -0.0257
...    32 G-C ...
  -61.6681  -52.2925   44.2414
    0.7524   -0.6540    0.0780
   -0.0956    0.0087    0.9954
   -0.6517   -0.7564   -0.0560
...    33 G-C ...
  -63.6284  -54.9971   43.7136
    0.6410   -0.4805    0.5986
   -0.4985    0.3324    0.8006
   -0.5837   -0.8115   -0.0264
...    34 C-G ...
  -65.2017  -57.8873   43.3964
    0.3004   -0.1867    0.9353
   -0.7740    0.5253    0.3535
   -0.5574   -0.8302    0.0133
...    35 C-G ...
  -66.7554  -60.8750   43.5407
   -0.1123    0.1934    0.9747
   -0.8298    0.5213   -0.1991
   -0.5466   -0.8312    0.1020
...    36 C-G ...
  -68.3721  -63.7584   44.1699
   -0.4933    0.5097    0.7048
   -0.6567    0.3132   -0.6861
   -0.5704   -0.8013    0.1802
...    37 G-C ...
  -70.5807  -66.2314   44.5432
   -0.7124    0.6760    0.1883
   -0.2999   -0.0507   -0.9526
   -0.6345   -0.7351    0.2389
...    38 A-T ...
  -72.6833  -68.5779   45.4310
   -0.7367    0.5383   -0.4093
    0.1647   -0.4441   -0.8807
   -0.6559   -0.7162    0.2385
...    39 C-G ...
  -75.0962  -70.5108   46.6282
   -0.5311    0.2442   -0.8114
    0.5164   -0.6659   -0.5384
   -0.6718   -0.7050    0.2275
...    40 A-T ...
  -77.2510  -72.9612   47.2295
   -0.0880   -0.1149   -0.9895
    0.7094   -0.7046    0.0187
   -0.6993   -0.7002    0.1435
...    41 C-G ...
  -79.9734  -74.8437   47.4473
    0.3089   -0.4455   -0.8403
    0.6499   -0.5462    0.5285
   -0.6944   -0.7094    0.1208
...    42 G-C ...
  -82.0438  -77.3938   48.0041
    0.6918   -0.5840   -0.4248
    0.3658   -0.2238    0.9034
   -0.6226   -0.7803    0.0588
...    43 A-T ...
  -84.1009  -79.9286   48.0690
    0.8054   -0.5682    0.1689
   -0.0990    0.1519    0.9834
   -0.5845   -0.8087    0.0661
...    44 C-G ...
  -85.7615  -82.7489   47.7090
    0.6677   -0.3734    0.6440
   -0.5022    0.4126    0.7600
   -0.5495   -0.8308    0.0880
...    45 T-A ...
  -87.2425  -85.6895   47.8908
    0.3608   -0.0399    0.9318
   -0.7882    0.5211    0.3275
   -0.4986   -0.8526    0.1565
...    46 T-A ...
  -88.6108  -88.5764   48.3938
   -0.1235    0.2771    0.9529
   -0.8623    0.4452   -0.2412
   -0.4910   -0.8515    0.1840
...    47 A-T ...
  -90.2771  -91.3425   49.1596
   -0.5485    0.5503    0.6295
   -0.6619    0.1744   -0.7291
   -0.5110   -0.8165    0.2686
...    48 C-G ...
  -91.6628  -93.9552   50.6360
   -0.7989    0.5809    0.1560
   -0.2970   -0.1554   -0.9421
   -0.5231   -0.7990    0.2967
...    49 T-A ...
  -93.4914  -96.3821   51.9425
   -0.8147    0.4443   -0.3725
    0.1454   -0.4654   -0.8731
   -0.5613   -0.7655    0.3146
...    50 G-C ...
  -95.4178  -98.9820   52.6645
   -0.5487    0.1405   -0.8241
    0.5703   -0.6579   -0.4919
   -0.6113   -0.7399    0.2808
...    51 T-A ...
  -97.8741 -100.9833   53.7129
   -0.1643   -0.2193   -0.9617
    0.7761   -0.6305    0.0112
   -0.6088   -0.7446    0.2738
...    52 A-T ...
  -99.6994 -103.5961   54.7314
    0.3442   -0.5577   -0.7553
    0.7265   -0.3514    0.5905
   -0.5948   -0.7519    0.2843
...    53 G-C ...
 -101.8306 -106.0424   55.3930
    0.7107   -0.6059   -0.3576
    0.4519    0.0035    0.8921
   -0.5393   -0.7955    0.2763
...    54 G-C ...
 -103.7354 -108.7725   55.9827
    0.8961   -0.4221    0.1369
    0.0093    0.3264    0.9452
   -0.4437   -0.8457    0.2964
...    55 T-A ...
 -104.9768 -111.7791   56.4009
    0.8040   -0.1450    0.5767
   -0.4455    0.4954    0.7457
   -0.3938   -0.8565    0.3337
...    56 A-T ...
 -105.8204 -114.8264   57.4621
    0.5202    0.2891    0.8036
   -0.8126    0.4569    0.3617
   -0.2626   -0.8412    0.4727
...    57 T-A ...
 -106.0141 -117.7436   58.9088
    0.0636    0.5054    0.8605
   -0.9678    0.2417   -0.0704
   -0.2436   -0.8283    0.5045
...    58 C-G ...
 -106.7102 -120.3106   60.7781
   -0.4895    0.5917    0.6405
   -0.8417   -0.1285   -0.5245
   -0.2280   -0.7958    0.5610
...    59 T-A ...
 -107.3074 -122.7000   62.9707
   -0.8445    0.4757    0.2461
   -0.4783   -0.4630   -0.7462
   -0.2411   -0.7478    0.6186
...    60 C-G ...
 -108.2370 -124.9931   65.1241
   -0.9651    0.1097   -0.2379
    0.1026   -0.6774   -0.7284
   -0.2411   -0.7274    0.6425
...    61 G-C ...
 -109.0333 -127.7164   66.8831
   -0.7245   -0.2664   -0.6356
    0.6245   -0.6439   -0.4420
   -0.2916   -0.7172    0.6329
...    62 A-T ...
 -110.0456 -129.9735   69.0570
   -0.2129   -0.6027   -0.7691
    0.9378   -0.3470    0.0123
   -0.2743   -0.7186    0.6390
...    63 G-C ...
 -111.2405 -132.2974   71.1012
    0.3246   -0.6625   -0.6750
    0.9167    0.0448    0.3969
   -0.2328   -0.7477    0.6219
...    64 C-G ...
 -112.3793 -134.7779   72.9796
    0.7789   -0.4900   -0.3915
    0.6034    0.4151    0.6809
   -0.1711   -0.7665    0.6190
...    65 T-A ...
 -112.9551 -137.5065   74.7399
    0.9895   -0.1344   -0.0531
    0.1251    0.6123    0.7807
   -0.0724   -0.7791    0.6227
...    66 C-G ...
 -113.1124 -140.0945   76.6884
    0.8918    0.3043    0.3349
   -0.4523    0.5763    0.6807
    0.0142   -0.7585    0.6516
...    67 G-C ...
 -112.9175 -142.3783   79.0949
    0.5097    0.6963    0.5054
   -0.8442    0.2912    0.4501
    0.1662   -0.6561    0.7362
...    68 G-C ...
 -111.7937 -144.2838   81.6264
   -0.0254    0.8206    0.5709
   -0.9711   -0.1558    0.1808
    0.2373   -0.5498    0.8009
...    69 G-C ...
 -110.6920 -145.5723   84.5440
   -0.5562    0.6593    0.5059
   -0.7902   -0.6081   -0.0763
    0.2573   -0.4422    0.8592
...    70 A-T ...
 -109.8864 -146.7786   87.4962
   -0.9160    0.1763    0.3604
   -0.2983   -0.8999   -0.3180
    0.2683   -0.3988    0.8769
...    71 T-A ...
 -108.9451 -147.4012   90.6201
   -0.9273   -0.3271    0.1818
    0.2159   -0.8645   -0.4539
    0.3056   -0.3817    0.8723
...    72 C-G ...
 -108.0337 -148.5671   93.5680
   -0.6043   -0.7903   -0.1017
    0.7277   -0.4953   -0.4745
    0.3246   -0.3607    0.8744
...    73 C-G ...
 -107.1554 -149.6748   96.6403
   -0.1189   -0.9171   -0.3806
    0.9340    0.0267   -0.3562
    0.3368   -0.3979    0.8534
...    74 G-C ...
 -105.5972 -150.6810   99.4123
    0.3836   -0.7062   -0.5951
    0.8234    0.5534   -0.1258
    0.4182   -0.4418    0.7937
...    75 C-G ...
 -104.5693 -152.3465  102.0671
    0.7310   -0.2734   -0.6252
    0.4795    0.8577    0.1856
    0.4855   -0.4354    0.7581
...    76 T-A ...
 -102.9440 -154.0615  104.3453
    0.8119    0.2390   -0.5327
    0.0488    0.8814    0.4698
    0.5818   -0.4074    0.7039
...    77 T-A ...
 -100.9620 -155.4885  106.4293
    0.6594    0.7047   -0.2619
   -0.3838    0.6151    0.6887
    0.6465   -0.3536    0.6760
...    78 T-A ...
  -98.6891 -156.6050  108.4013
    0.2984    0.9504    0.0879
   -0.6554    0.1372    0.7427
    0.6938   -0.2792    0.6638
...    79 T-A ...
  -96.2456 -157.3490  110.3583
   -0.1397    0.8882    0.4376
   -0.6847   -0.4060    0.6053
    0.7153   -0.2151    0.6649
...    80 C-G ...
  -93.9132 -157.6781  112.5981
   -0.5287    0.5074    0.6805
   -0.4393   -0.8495    0.2922
    0.7263   -0.1445    0.6720
...    81 A-T ...
  -91.6754 -158.1708  114.9798
   -0.7232   -0.0498    0.6888
   -0.0173   -0.9958   -0.0902
    0.6904   -0.0771    0.7193
...    82 T-A ...
  -89.5234 -157.7091  117.4696
   -0.5997   -0.5545    0.5770
    0.3560   -0.8306   -0.4282
    0.7167   -0.0514    0.6955
...    83 G-C ...
  -87.0301 -158.1442  119.5772
   -0.2928   -0.9339    0.2051
    0.6428   -0.3510   -0.6809
    0.7079   -0.0675    0.7031
...    84 T-A ...
  -85.1097 -158.2366  122.3201
    0.0890   -0.9799   -0.1786
    0.6826    0.1906   -0.7055
    0.7253   -0.0592    0.6859
...    85 T-A ...
  -82.9640 -158.4522  124.7531
    0.4717   -0.7001   -0.5361
    0.4839    0.7138   -0.5063
    0.7371   -0.0207    0.6755
...    86 A-T ...
  -80.5004 -158.6126  126.9628
    0.5657   -0.1891   -0.8027
    0.1351    0.9815   -0.1360
    0.8135   -0.0315    0.5807
...    87 T-A ...
  -77.8601 -159.3537  128.7142
    0.5197    0.3117   -0.7955
   -0.1606    0.9501    0.2674
    0.8391   -0.0112    0.5438
...    88 A-T ...
  -74.7337 -159.7481  129.8839
    0.1550    0.7071   -0.6899
   -0.3408    0.6937    0.6345
    0.9273    0.1367    0.3485
...    89 A-T ...
  -71.6615 -159.2788  130.6951
   -0.1222    0.9545   -0.2721
   -0.3379    0.2177    0.9157
    0.9332    0.2038    0.2959
...    90 C-G ...
  -68.5142 -158.4481  130.9539
   -0.3289    0.9221    0.2037
   -0.1889   -0.2756    0.9425
    0.9253    0.2715    0.2648
...    91 G-C ...
  -65.6885 -157.1840  132.1795
   -0.4749    0.5939    0.6494
    0.1189   -0.6879    0.7160
    0.8720    0.4173    0.2561
...    92 G-C ...
  -63.0403 -155.2659  133.0697
   -0.3793    0.1103    0.9187
    0.4128   -0.8684    0.2747
    0.8281    0.4834    0.2839
...    93 A-T ...
  -60.4121 -153.5188  134.0197
   -0.0443   -0.4177    0.9075
    0.5691   -0.7571   -0.3207
    0.8211    0.5023    0.2713
...    94 A-T ...
  -57.9548 -151.6070  135.0144
    0.3505   -0.7435    0.5695
    0.4662   -0.3888   -0.7946
    0.8122    0.5441    0.2104
...    95 A-T ...
  -55.4703 -149.7086  135.9392
    0.5913   -0.8063    0.0159
    0.1485    0.0895   -0.9849
    0.7926    0.5848    0.1727
...    96 C-G ...
  -52.8942 -147.9607  137.0496
    0.5601   -0.6588   -0.5022
   -0.1969    0.4830   -0.8532
    0.8047    0.5767    0.1408
...    97 A-T ...
  -50.2797 -145.9285  137.3719
    0.2474   -0.3558   -0.9012
   -0.4749    0.7662   -0.4329
    0.8446    0.5351    0.0206
...    98 C-G ...
  -47.2500 -144.7374  137.4526
   -0.0835    0.0418   -0.9956
   -0.5312    0.8435    0.0799
    0.8431    0.5355   -0.0483
...    99 T-A ...
  -44.3813 -143.2305  136.9403
   -0.4320    0.3966   -0.8100
   -0.3902    0.7275    0.5643
    0.8131    0.5599   -0.1595
...   100 T-A ...
  -41.7631 -141.5278  136.1464
   -0.6190    0.6957   -0.3644
   -0.0726    0.4113    0.9086
    0.7820    0.5889   -0.2041
...   101 T-A ...
  -39.3301 -139.6365  135.1716
   -0.5783    0.7910    0.1997
    0.3014   -0.0204    0.9533
    0.7581    0.6115   -0.2266
...   102 A-T ...
  -36.9694 -137.4273  134.3979
   -0.3466    0.6018    0.7195
    0.6153   -0.4331    0.6586
    0.7079    0.6711   -0.2202
...   103 T-A ...
  -35.1779 -134.8583  133.3359
    0.0237    0.3135    0.9493
    0.7123   -0.6716    0.2040
    0.7015    0.6714   -0.2392
...   104 G-C ...
  -32.6891 -132.7870  132.6736
    0.3919   -0.1626    0.9055
    0.5893   -0.7114   -0.3828
    0.7065    0.6837   -0.1830
...   105 C-G ...
  -30.5518 -130.2743  132.2893
    0.6347   -0.5388    0.5539
    0.2793   -0.5085   -0.8146
    0.7206    0.6717   -0.1722
...   106 T-A ...
  -28.1664 -127.9945  132.0274
    0.6574   -0.7516    0.0537
   -0.0962   -0.1545   -0.9833
    0.7474    0.6413   -0.1739
...   107 T-A ...
  -25.7150 -125.8894  131.7312
    0.4904   -0.7071   -0.5094
   -0.4643    0.2827   -0.8394
    0.7375    0.6481   -0.1897
...   108 C-G ...
  -23.2540 -123.8284  131.1486
    0.0940   -0.4506   -0.8878
   -0.6657    0.6346   -0.3926
    0.7402    0.6279   -0.2404
...   109 C-G ...
  -20.5538 -122.0374  130.2548
   -0.3529   -0.1238   -0.9274
   -0.6055    0.7859    0.1255
    0.7134    0.6058   -0.3523
...   110 G-C ...
  -18.4645 -119.8250  128.9135
   -0.7240    0.2186   -0.6542
   -0.2944    0.7598    0.5796
    0.6238    0.6123   -0.4858
...   111 G-C ...
  -16.5945 -117.9736  126.7954
   -0.8321    0.5171   -0.2002
    0.1558    0.5645    0.8106
    0.5322    0.6434   -0.5503
...   112 C-G ...
  -15.2062 -115.9585  124.5784
   -0.6471    0.7044    0.2916
    0.5933    0.2251    0.7729
    0.4788    0.6732   -0.5636
...   113 T-A ...
  -14.0232 -113.6548  122.5180
   -0.2722    0.6821    0.6787
    0.8614   -0.1416    0.4878
    0.4289    0.7174   -0.5490
...   114 C-G ...
  -12.7733 -111.1892  120.7598
    0.2727    0.4598    0.8451
    0.8672   -0.4979   -0.0089
    0.4167    0.7353   -0.5345
...   115 G-C ...
  -11.0494 -108.9443  119.0027
    0.6715    0.0436    0.7397
    0.5831   -0.6471   -0.4912
    0.4573    0.7612   -0.4599
...   116 T-A ...
   -9.8165 -106.0619  117.9049
    0.8683   -0.3116    0.3860
    0.1494   -0.5776   -0.8025
    0.4730    0.7545   -0.4550
...   117 A-T ...
   -8.2829 -103.6646  116.1651
    0.7728   -0.6149   -0.1574
   -0.3999   -0.2791   -0.8730
    0.4928    0.7376   -0.4616
...   118 T-A ...
   -6.2994 -101.2185  115.2179
    0.4663   -0.6757   -0.5710
   -0.7356    0.0623   -0.6745
    0.4913    0.7346   -0.4680
...   119 A-T ...
   -4.6832  -98.8517  113.5409
   -0.0769   -0.5743   -0.8151
   -0.8630    0.4478   -0.2341
    0.4994    0.6854   -0.5300
...   120 A-T ...
   -2.8731  -96.8317  111.7718
   -0.5526   -0.2397   -0.7983
   -0.6732    0.6930    0.2579
    0.4914    0.6799   -0.5443
...   121 T-A ...
   -0.9806  -95.1553  109.6779
   -0.8214    0.1255   -0.5564
   -0.3084    0.7230    0.6182
    0.4798    0.6794   -0.5552
...   122 G-C ...
    0.3375  -92.7921  107.7365
   -0.9052    0.4209   -0.0580
    0.2091    0.5602    0.8015
    0.3699    0.7134   -0.5951
...   123 T-A ...
    1.1848  -90.7246  105.3018
   -0.6828    0.6224    0.3827
    0.6474    0.2727    0.7117
    0.3386    0.7337   -0.5892
...   124 G-C ...
    2.2197  -88.1168  103.5161
   -0.2419    0.5886    0.7714
    0.9283   -0.0908    0.3605
    0.2822    0.8033   -0.5244
...   125 T-A ...
    2.5128  -85.3411  101.7371
    0.2622    0.4334    0.8622
    0.9228   -0.3740   -0.0926
    0.2824    0.8199   -0.4980
...   126 C-G ...
    3.3652  -82.5749  100.2148
    0.7396    0.1099    0.6640
    0.6038   -0.5443   -0.5824
    0.2974    0.8316   -0.4690
...   127 G-C ...
    4.6322  -80.0332   98.4685
    0.9136   -0.2943    0.2805
    0.1095   -0.4864   -0.8668
    0.3915    0.8227   -0.4122
...   128 A-T ...
    5.9524  -77.3131   97.2231
    0.7946   -0.5472   -0.2632
   -0.4382   -0.2167   -0.8724
    0.4203    0.8085   -0.4119
...   129 C-G ...
    7.7589  -74.6869   96.3424
    0.4433   -0.6001   -0.6659
   -0.7810    0.1060   -0.6155
    0.4399    0.7929   -0.4217
...   130 C-G ...
    9.5572  -72.2250   94.9145
   -0.0796   -0.5089   -0.8571
   -0.8863    0.4297   -0.1728
    0.4562    0.7459   -0.4852
...   131 A-T ...
   10.9034  -69.7154   93.2107
   -0.6035   -0.2460   -0.7584
   -0.6766    0.6614    0.3238
    0.4219    0.7086   -0.5656
...   132 A-T ...
   12.3893  -67.6378   91.2046
   -0.8776    0.1718   -0.4475
   -0.2224    0.6809    0.6977
    0.4246    0.7119   -0.5594
...   133 A-T ...
   13.7272  -65.5076   89.1530
   -0.8527    0.5220    0.0221
    0.3051    0.4633    0.8320
    0.4241    0.7162   -0.5543
...   134 T-A ...
   14.7283  -63.4123   86.8244
   -0.5924    0.6746    0.4405
    0.6886    0.1400    0.7115
    0.4183    0.7248   -0.5474
...   135 G-C ...
   15.7211  -61.4789   83.9377
    0.0342    0.7399    0.6718
    0.8637   -0.3601    0.3526
    0.5028    0.5682   -0.6514
...   136 T-A ...
   15.7739  -59.5465   80.8036
    0.5516    0.4996    0.6680
    0.6739   -0.7388   -0.0038
    0.4916    0.4523   -0.7442
...   137 G-C ...
   16.8280  -57.7076   78.2737
    0.8528   -0.0847    0.5152
    0.1508   -0.9047   -0.3984
    0.4999    0.4175   -0.7588
...   138 A-T ...
   18.4176  -55.5142   76.5362
    0.8547   -0.5007    0.1370
   -0.3189   -0.7148   -0.6224
    0.4096    0.4883   -0.7706
...   139 G-C ...
   20.4152  -54.2946   74.5496
    0.5847   -0.7389   -0.3350
   -0.7594   -0.3532   -0.5465
    0.2854    0.5739   -0.7676
...   140 C-G ...
   21.4163  -51.8108   72.7949
    0.1305   -0.7142   -0.6876
   -0.8897    0.2217   -0.3991
    0.4375    0.6639   -0.6065
...   141 G-C ...
   22.1406  -50.1331   67.4724
   -0.4682   -0.8748    0.1248
   -0.8495    0.4067   -0.3362
    0.2434   -0.2634   -0.9335
...   142 C-G ...
   22.3377  -51.2253   64.5019
   -0.8529   -0.5117   -0.1032
   -0.4974    0.8566   -0.1372
    0.1587   -0.0657   -0.9851
...   143 T-A ...
   24.0059  -51.6202   61.9332
   -0.9563    0.0399   -0.2897
    0.0522    0.9980   -0.0348
    0.2877   -0.0484   -0.9565
...   144 C-G ...
   24.8857  -52.7207   58.9947
   -0.7530    0.5560   -0.3520
    0.5213    0.8304    0.1966
    0.4016   -0.0355   -0.9151
...   145 A-T ...
   25.5173  -52.9610   55.8127
   -0.2442    0.9563   -0.1609
    0.8907    0.2867    0.3528
    0.3835   -0.0571   -0.9218
...   146 C-G ...
   25.2677  -52.4925   52.0870
    0.3203    0.9428   -0.0928
    0.8825   -0.2613    0.3910
    0.3444   -0.2071   -0.9157
...   147 A-T ...
   25.6133  -52.5733   48.6478
    0.8597    0.5097    0.0339
    0.4498   -0.7866    0.4230
    0.2423   -0.3484   -0.9055
