  147 base-pairs
...     1 T-A ...
    0.0000    0.0000    0.0000
    1.0000    0.0000    0.0000
    0.0000    1.0000    0.0000
    0.0000    0.0000    1.0000
...     2 G-C ...
   -0.5555   -1.1003    3.3981
    0.7749    0.6051    0.1828
   -0.5991    0.7953   -0.0929
   -0.2016   -0.0375    0.9787
...     3 T-A ...
   -0.6619   -3.0237    6.5348
    0.3046    0.9250    0.2271
   -0.8994    0.3578   -0.2510
   -0.3134   -0.1278    0.9410
...     4 G-C ...
   -1.1607   -3.8418    9.6940
   -0.3351    0.9421    0.0133
   -0.8752   -0.3061   -0.3746
   -0.3489   -0.1372    0.9271
...     5 A-T ...
   -1.3881   -3.6770   12.8999
   -0.7835    0.6162   -0.0801
   -0.5677   -0.7622   -0.3109
   -0.2527   -0.1981    0.9470
...     6 G-C ...
   -2.6236   -3.5448   15.7072
   -0.9923    0.0611   -0.1075
   -0.0294   -0.9610   -0.2748
   -0.1201   -0.2695    0.9555
...     7 C-G ...
   -2.3138   -3.7570   18.8866
   -0.8620   -0.4995   -0.0864
    0.5008   -0.8655    0.0073
   -0.0785   -0.0370    0.9962
...     8 G-C ...
   -3.9561   -6.8109   23.3205
   -0.2581   -0.3560   -0.8981
    0.6294   -0.7673    0.1233
   -0.7330   -0.5335    0.4221
...     9 C-G ...
   -6.1177   -8.9414   24.2385
    0.1143   -0.7320   -0.6716
    0.8123   -0.3203    0.4874
   -0.5720   -0.6013    0.5580
...    10 T-A ...
   -8.5041   -9.6771   26.0540
    0.4660   -0.8587   -0.2131
    0.6274    0.1508    0.7640
   -0.6239   -0.4897    0.6090
...    11 C-G ...
  -11.0625  -11.3174   27.2336
    0.6660   -0.6911    0.2808
    0.3382    0.6152    0.7121
   -0.6649   -0.3794    0.6435
...    12 A-T ...
  -13.0013  -13.1789   29.0658
    0.7188   -0.1490    0.6790
   -0.1787    0.9043    0.3876
   -0.6718   -0.4000    0.6235
...    13 C-G ...
  -14.1788  -15.9359   31.3399
    0.4052    0.2865    0.8682
   -0.5270    0.8492   -0.0343
   -0.7470   -0.4437    0.4951
...    14 A-T ...
  -15.9532  -18.1566   33.3080
   -0.1503    0.6873    0.7107
   -0.6106    0.5008   -0.6135
   -0.7776   -0.5261    0.3444
...    15 A-T ...
  -18.3571  -19.9939   34.4652
   -0.4684    0.8526    0.2317
   -0.3991    0.0297   -0.9164
   -0.7882   -0.5217    0.3263
...    16 T-A ...
  -20.7253  -21.6439   36.2487
   -0.6418    0.7136   -0.2808
   -0.0697   -0.4190   -0.9053
   -0.7637   -0.5614    0.3186
...    17 T-A ...
  -23.2261  -23.2811   37.6232
   -0.5866    0.3134   -0.7468
    0.3351   -0.7456   -0.5760
   -0.7373   -0.5882    0.3323
...    18 T-A ...
  -25.7172  -25.0146   38.7222
   -0.2730   -0.1218   -0.9543
    0.6003   -0.7967   -0.0700
   -0.7517   -0.5920    0.2906
...    19 A-T ...
  -28.1427  -27.0951   39.4389
    0.1754   -0.4349   -0.8832
    0.6384   -0.6327    0.4383
   -0.7495   -0.6407    0.1667
...    20 T-A ...
  -30.9709  -28.8047   39.4974
    0.4817   -0.6853   -0.5462
    0.4632   -0.3300    0.8225
   -0.7439   -0.6492    0.1585
...    21 T-A ...
  -33.4863  -30.8954   39.6914
    0.6717   -0.7408   -0.0063
    0.1092    0.0906    0.9899
   -0.7327   -0.6656    0.1418
...    22 C-G ...
  -35.8012  -33.1761   40.0884
    0.6423   -0.5303    0.5534
   -0.3100    0.4806    0.8203
   -0.7009   -0.6985    0.1443
...    23 G-C ...
  -38.1319  -35.3377   41.2170
    0.4561   -0.0788    0.8864
   -0.6560    0.6433    0.3947
   -0.6014   -0.7615    0.2417
...    24 C-G ...
  -39.7922  -38.0632   41.9322
    0.0807    0.3096    0.9474
   -0.7990    0.5883   -0.1242
   -0.5958   -0.7470    0.2949
...    25 A-T ...
  -42.0946  -40.3014   42.7125
   -0.3547    0.6285    0.6922
   -0.7086    0.3023   -0.6376
   -0.6100   -0.7167    0.3381
...    26 A-T ...
  -43.9824  -42.6456   44.0240
   -0.6985    0.6822    0.2162
   -0.3850   -0.1035   -0.9171
   -0.6033   -0.7238    0.3349
...    27 A-T ...
  -45.7969  -44.9372   45.4599
   -0.8081    0.4798   -0.3416
    0.0990   -0.4610   -0.8819
   -0.5806   -0.7465    0.3250
...    28 G-C ...
  -47.9631  -47.1103   46.8396
   -0.6020    0.2049   -0.7718
    0.4997   -0.6572   -0.5643
   -0.6228   -0.7253    0.2932
...    29 G-C ...
  -50.3965  -49.3344   47.8124
   -0.1704   -0.1318   -0.9765
    0.7446   -0.6664   -0.0399
   -0.6454   -0.7339    0.2117
...    30 C-G ...
  -52.8360  -51.4613   48.2771
    0.2970   -0.4212   -0.8570
    0.7096   -0.5032    0.4932
   -0.6390   -0.7546    0.1494
...    31 C-G ...
  -55.2173  -53.7898   48.6176
    0.6866   -0.5572   -0.4670
    0.4290   -0.2080    0.8790
   -0.5870   -0.8039    0.0962
...    32 G-C ...
  -56.7582  -56.3792   49.0275
    0.8725   -0.4883    0.0160
    0.0146    0.0587    0.9982
   -0.4883   -0.8707    0.0583
...    33 G-C ...
  -57.8816  -59.5513   48.9815
    0.7742   -0.3181    0.5472
   -0.4786    0.2716    0.8350
   -0.4142   -0.9083    0.0581
...    34 C-G ...
  -58.8330  -62.6825   48.9583
    0.4132   -0.0746    0.9076
   -0.8300    0.3791    0.4091
   -0.3746   -0.9223    0.0948
...    35 C-G ...
  -59.6320  -65.9446   49.5218
   -0.0850    0.1967    0.9768
   -0.9342    0.3251   -0.1468
   -0.3465   -0.9250    0.1561
...    36 C-G ...
  -60.5778  -69.0509   50.2963
   -0.5610    0.3831    0.7339
   -0.7556    0.1251   -0.6429
   -0.3381   -0.9152    0.2193
...    37 G-C ...
  -62.1109  -72.0721   50.2638
   -0.8578    0.4510    0.2465
   -0.3273   -0.1095   -0.9386
   -0.3963   -0.8858    0.2416
...    38 A-T ...
  -63.2579  -74.8998   51.0559
   -0.8871    0.3088   -0.3431
    0.2369   -0.3334   -0.9125
   -0.3962   -0.8908    0.2226
...    39 C-G ...
  -64.9255  -77.4656   52.0454
   -0.6251    0.1326   -0.7692
    0.6522   -0.4526   -0.6080
   -0.4288   -0.8818    0.1964
...    40 A-T ...
  -66.4979  -80.3410   52.5861
   -0.1164   -0.0711   -0.9907
    0.8853   -0.4596   -0.0711
   -0.4503   -0.8853    0.1164
...    41 C-G ...
  -68.3887  -83.0429   52.5841
    0.3620   -0.2500   -0.8980
    0.8214   -0.3699    0.4341
   -0.4407   -0.8948    0.0714
...    42 G-C ...
  -69.4463  -86.1431   53.0539
    0.7951   -0.3442   -0.4993
    0.4664   -0.1790    0.8663
   -0.3876   -0.9217    0.0182
...    43 A-T ...
  -70.7804  -88.9975   53.1014
    0.9236   -0.3727    0.0894
   -0.0682    0.0699    0.9952
   -0.3772   -0.9253    0.0392
...    44 C-G ...
  -71.8025  -92.0805   52.5285
    0.7782   -0.2255    0.5862
   -0.5416    0.2317    0.8081
   -0.3180   -0.9463    0.0581
...    45 T-A ...
  -72.2861  -95.6487   52.4545
    0.3687   -0.0053    0.9295
   -0.8836    0.3084    0.3522
   -0.2886   -0.9512    0.1090
...    46 T-A ...
  -72.8640  -98.8105   52.6957
   -0.0971    0.1671    0.9811
   -0.9555    0.2602   -0.1389
   -0.2785   -0.9510    0.1344
...    47 A-T ...
  -73.6443 -101.9253   53.4253
   -0.5520    0.3969    0.7333
   -0.7711    0.0917   -0.6301
   -0.3173   -0.9133    0.2554
...    48 C-G ...
  -74.3205 -104.8335   54.8799
   -0.8636    0.4120    0.2907
   -0.3798   -0.1523   -0.9124
   -0.3316   -0.8984    0.2880
...    49 T-A ...
  -75.4054 -107.6255   56.3893
   -0.9099    0.3376   -0.2409
    0.0974   -0.3907   -0.9154
   -0.4031   -0.8564    0.3226
...    50 G-C ...
  -76.9379 -110.4586   57.2898
   -0.6581    0.1339   -0.7409
    0.5826   -0.5327   -0.6138
   -0.4769   -0.8356    0.2726
...    51 T-A ...
  -78.8936 -112.7987   58.2697
   -0.2662   -0.1363   -0.9542
    0.8314   -0.5334   -0.1557
   -0.4878   -0.8348    0.2553
...    52 A-T ...
  -80.2363 -115.7020   59.0927
    0.2929   -0.4161   -0.8609
    0.8264   -0.3426    0.4468
   -0.4808   -0.8423    0.2435
...    53 G-C ...
  -82.0181 -118.3246   59.7584
    0.6944   -0.4619   -0.5518
    0.5839   -0.0865    0.8072
   -0.4206   -0.8827    0.2096
...    54 G-C ...
  -83.7848 -121.5061   59.6536
    0.9296   -0.3620   -0.0685
    0.1358    0.1638    0.9771
   -0.3425   -0.9177    0.2015
...    55 T-A ...
  -84.7177 -124.5997   59.8820
    0.8854   -0.1927    0.4230
   -0.3492    0.3250    0.8789
   -0.3068   -0.9259    0.2205
...    56 A-T ...
  -85.1719 -128.0115   60.2422
    0.5892    0.1387    0.7960
   -0.7832    0.3402    0.5205
   -0.1986   -0.9301    0.3090
...    57 T-A ...
  -85.1595 -131.1831   61.0136
    0.1440    0.3223    0.9356
   -0.9735    0.2160    0.0754
   -0.1778   -0.9216    0.3449
...    58 C-G ...
  -85.4655 -134.2911   62.4200
   -0.4668    0.4265    0.7747
   -0.8670   -0.0482   -0.4959
   -0.1742   -0.9032    0.3923
...    59 T-A ...
  -85.9324 -137.1065   64.0377
   -0.8338    0.4012    0.3792
   -0.5102   -0.2975   -0.8070
   -0.2109   -0.8663    0.4527
...    60 C-G ...
  -87.0356 -139.8529   65.3605
   -0.9719    0.1709   -0.1616
    0.0443   -0.5420   -0.8392
   -0.2310   -0.8228    0.5192
...    61 G-C ...
  -87.7898 -142.8152   66.5211
   -0.7886   -0.0910   -0.6081
    0.5336   -0.5927   -0.6033
   -0.3055   -0.8002    0.5160
...    62 A-T ...
  -88.6186 -145.5316   68.2039
   -0.3174   -0.4191   -0.8507
    0.9004   -0.4147   -0.1317
   -0.2975   -0.8077    0.5090
...    63 G-C ...
  -89.7428 -148.1707   69.8102
    0.2079   -0.5671   -0.7970
    0.9406   -0.1077    0.3220
   -0.2684   -0.8166    0.5110
...    64 C-G ...
  -91.0402 -150.9530   71.3201
    0.7225   -0.4926   -0.4851
    0.6517    0.2509    0.7157
   -0.2309   -0.8333    0.5024
...    65 T-A ...
  -92.0376 -153.9357   72.6837
    0.9750   -0.2196   -0.0349
    0.1401    0.4850    0.8632
   -0.1727   -0.8465    0.5037
...    66 T-A ...
  -92.5195 -156.7394   74.1248
    0.9077    0.1476    0.3928
   -0.4093    0.5175    0.7514
   -0.0924   -0.8429    0.5302
...    67 C-G ...
  -92.7483 -159.2615   76.0889
    0.5366    0.5054    0.6757
   -0.8438    0.3206    0.4303
    0.0008   -0.8011    0.5986
...    68 A-T ...
  -92.0157 -162.1076   77.9173
    0.0397    0.7090    0.7041
   -0.9913   -0.0608    0.1171
    0.1258   -0.7026    0.7004
...    69 T-A ...
  -91.1447 -164.1491   80.2607
   -0.4521    0.6364    0.6250
   -0.8835   -0.4161   -0.2154
    0.1230   -0.6496    0.7503
...    70 G-C ...
  -90.6861 -166.0603   83.0325
   -0.8873    0.3280    0.3241
   -0.4537   -0.7468   -0.4863
    0.0825   -0.5786    0.8114
...    71 T-A ...
  -90.2989 -167.4497   86.0821
   -0.9908   -0.1332    0.0230
    0.0967   -0.8174   -0.5679
    0.0944   -0.5605    0.8228
...    72 T-A ...
  -90.0238 -169.0439   88.8750
   -0.7487   -0.6151   -0.2474
    0.6477   -0.5991   -0.4707
    0.1413   -0.5126    0.8469
...    73 A-T ...
  -89.1402 -170.8366   91.6897
   -0.1258   -0.8943   -0.4294
    0.9717   -0.0237   -0.2351
    0.2000   -0.4469    0.8720
...    74 T-A ...
  -89.1637 -172.3504   94.5746
    0.3816   -0.8007   -0.4618
    0.8982    0.4392   -0.0195
    0.2185   -0.4073    0.8868
...    75 A-T ...
  -88.2963 -173.5620   97.5918
    0.8298   -0.3651   -0.4219
    0.4904    0.8380    0.2392
    0.2662   -0.4054    0.8745
...    76 A-T ...
  -87.4551 -174.9827  100.2773
    0.9434    0.1556   -0.2928
   -0.0240    0.9127    0.4079
    0.3307   -0.3778    0.8648
...    77 C-G ...
  -86.0975 -176.7764  102.7520
    0.7647    0.6362   -0.1024
   -0.5138    0.6979    0.4989
    0.3889   -0.3289    0.8606
...    78 G-C ...
  -84.7587 -177.1570  105.6820
    0.3129    0.9468   -0.0752
   -0.7866    0.3027    0.5382
    0.5323   -0.1092    0.8395
...    79 G-C ...
  -82.7567 -176.6141  108.2506
   -0.2096    0.9742    0.0843
   -0.7731   -0.2179    0.5957
    0.5987    0.0597    0.7988
...    80 A-T ...
  -80.8217 -175.9212  110.7771
   -0.6567    0.6678    0.3503
   -0.4734   -0.7267    0.4979
    0.5871    0.1611    0.7933
...    81 C-G ...
  -78.9398 -174.5977  113.1822
   -0.8070    0.2104    0.5517
   -0.0440   -0.9532    0.2992
    0.5889    0.2172    0.7785
...    82 G-C ...
  -77.2158 -174.0576  115.9244
   -0.6628   -0.4110    0.6259
    0.5001   -0.8651   -0.0385
    0.5573    0.2875    0.7789
...    83 G-C ...
  -75.4664 -172.8863  118.5762
   -0.2795   -0.8305    0.4818
    0.7788   -0.4896   -0.3921
    0.5616    0.2656    0.7837
...    84 G-C ...
  -73.7434 -171.9157  121.2659
    0.1523   -0.9796    0.1313
    0.8077    0.0468   -0.5877
    0.5696    0.1955    0.7983
...    85 A-T ...
  -72.0781 -171.2206  124.0995
    0.6094   -0.7531   -0.2480
    0.5373    0.6223   -0.5693
    0.5831    0.2137    0.7838
...    86 T-A ...
  -70.3905 -171.0166  126.9280
    0.7821   -0.3293   -0.5291
    0.1378    0.9194   -0.3685
    0.6078    0.2153    0.7644
...    87 C-G ...
  -68.3103 -170.4984  129.4167
    0.6808    0.2506   -0.6883
   -0.3460    0.9382   -0.0007
    0.6456    0.2386    0.7254
...    88 C-G ...
  -66.3054 -169.9027  131.9573
    0.2898    0.6366   -0.7147
   -0.6510    0.6784    0.3404
    0.7016    0.3667    0.6111
...    89 G-C ...
  -64.2047 -168.2214  133.9135
   -0.2295    0.8050   -0.5470
   -0.6612    0.2835    0.6946
    0.7142    0.5211    0.4673
...    90 C-G ...
  -61.5381 -166.2474  134.9024
   -0.5840    0.8088   -0.0693
   -0.3833   -0.1995    0.9018
    0.7156    0.5532    0.4266
...    91 T-A ...
  -59.3516 -163.6965  135.9198
   -0.7000    0.5545    0.4500
    0.0793   -0.5659    0.8207
    0.7097    0.6102    0.3522
...    92 T-A ...
  -57.1492 -161.4279  136.7645
   -0.4748    0.1544    0.8664
    0.4865   -0.7744    0.4046
    0.7334    0.6136    0.2926
...    93 T-A ...
  -54.9680 -159.0949  137.5131
   -0.0509   -0.2743    0.9603
    0.6600   -0.7309   -0.1738
    0.7495    0.6250    0.2183
...    94 A-T ...
  -52.0414 -157.4941  137.4867
    0.4812   -0.5602    0.6743
    0.5077   -0.4490   -0.7353
    0.7146    0.6961    0.0684
...    95 A-T ...
  -49.8574 -155.1514  137.7778
    0.7049   -0.6951    0.1413
    0.1126   -0.0870   -0.9898
    0.7003    0.7136    0.0169
...    96 C-G ...
  -47.4983 -152.8394  138.4088
    0.6454   -0.6462   -0.4072
   -0.2962    0.2796   -0.9133
    0.7041    0.7101   -0.0109
...    97 A-T ...
  -45.1139 -150.5395  138.3615
    0.2918   -0.4538   -0.8419
   -0.6114    0.5884   -0.5291
    0.7355    0.6692   -0.1057
...    98 C-G ...
  -42.2553 -148.8727  137.9796
   -0.0966   -0.1276   -0.9871
   -0.6717    0.7402   -0.0300
    0.7345    0.6601   -0.1572
...    99 T-A ...
  -39.3836 -146.9980  137.0089
   -0.5291    0.2363   -0.8150
   -0.4916    0.6975    0.5214
    0.6917    0.6765   -0.2529
...   100 T-A ...
  -37.0924 -145.0217  135.8322
   -0.7262    0.5765   -0.3744
   -0.0985    0.4518    0.8867
    0.6804    0.6808   -0.2713
...   101 T-A ...
  -34.9727 -142.8581  134.7090
   -0.6773    0.7114    0.1876
    0.3329    0.0690    0.9405
    0.6561    0.6994   -0.2835
...   102 A-T ...
  -32.7945 -140.4362  133.8701
   -0.3691    0.5949    0.7140
    0.6868   -0.3430    0.6408
    0.6262    0.7269   -0.2819
...   103 T-A ...
  -31.3772 -137.7921  132.5521
   -0.0145    0.3506    0.9364
    0.7942   -0.5650    0.2238
    0.6075    0.7469   -0.2702
...   104 G-C ...
  -29.5319 -135.1291  131.8436
    0.4164   -0.1294    0.8999
    0.6632   -0.6339   -0.3980
    0.6219    0.7625   -0.1782
...   105 C-G ...
  -27.5750 -132.4754  131.6229
    0.6972   -0.4768    0.5353
    0.3149   -0.4671   -0.8262
    0.6440    0.7446   -0.1755
...   106 T-A ...
  -25.3584 -129.8498  131.4778
    0.7385   -0.6739   -0.0212
   -0.1226   -0.1032   -0.9871
    0.6630    0.7316   -0.1588
...   107 T-A ...
  -23.1701 -127.5313  131.1611
    0.5208   -0.6472   -0.5567
   -0.5136    0.2834   -0.8099
    0.6819    0.7077   -0.1848
...   108 C-G ...
  -20.7283 -125.3751  130.5956
    0.0910   -0.4199   -0.9030
   -0.7154    0.6032   -0.3526
    0.6927    0.6781   -0.2455
...   109 C-G ...
  -18.3503 -123.2213  129.9006
   -0.3814   -0.1487   -0.9124
   -0.6621    0.7328    0.1573
    0.6452    0.6640   -0.3779
...   110 G-C ...
  -16.6529 -121.0356  128.5919
   -0.7416    0.1424   -0.6556
   -0.3629    0.7368    0.5705
    0.5643    0.6610   -0.4947
...   111 G-C ...
  -15.1586 -118.9348  126.4403
   -0.8632    0.4625   -0.2023
    0.1212    0.5789    0.8063
    0.4901    0.6715   -0.5558
...   112 C-G ...
  -14.0286 -116.8258  124.0730
   -0.6785    0.6743    0.2915
    0.5835    0.2536    0.7715
    0.4463    0.6935   -0.5655
...   113 T-A ...
  -12.8040 -114.5781  121.9868
   -0.2928    0.6821    0.6701
    0.8654   -0.1091    0.4891
    0.4067    0.7231   -0.5583
...   114 C-G ...
  -11.4038 -112.0989  120.3602
    0.2519    0.4763    0.8424
    0.8939   -0.4480   -0.0140
    0.3707    0.7566   -0.5387
...   115 G-C ...
   -9.7869 -109.8679  118.5308
    0.7035    0.0920    0.7047
    0.5910   -0.6265   -0.5082
    0.3948    0.7740   -0.4951
...   116 T-A ...
   -8.5163 -107.0422  117.4296
    0.8954   -0.2766    0.3490
    0.1359   -0.5767   -0.8056
    0.4241    0.7687   -0.4787
...   117 A-T ...
   -6.9466 -104.2487  116.2591
    0.7853   -0.6008   -0.1496
   -0.3954   -0.3007   -0.8679
    0.4765    0.7407   -0.4736
...   118 T-A ...
   -5.0362 -101.7968  115.3259
    0.4907   -0.6624   -0.5661
   -0.7380    0.0296   -0.6742
    0.4633    0.7486   -0.4743
...   119 A-T ...
   -3.6703  -99.2877  113.5783
   -0.0533   -0.5573   -0.8286
   -0.8784    0.4208   -0.2265
    0.4749    0.7158   -0.5119
...   120 A-T ...
   -1.8900  -97.2034  111.8539
   -0.5504   -0.2565   -0.7945
   -0.6983    0.6631    0.2697
    0.4577    0.7032   -0.5441
...   121 T-A ...
   -0.0650  -95.3916  109.7380
   -0.8337    0.1135   -0.5405
   -0.3171    0.7028    0.6368
    0.4522    0.7023   -0.5499
...   122 G-C ...
    1.3551  -93.1109  107.5542
   -0.9068    0.4209   -0.0232
    0.2234    0.5266    0.8202
    0.3574    0.7386   -0.5716
...   123 T-A ...
    2.1803  -90.8878  105.3144
   -0.6893    0.6072    0.3952
    0.6426    0.2605    0.7205
    0.3346    0.7506   -0.5698
...   124 G-C ...
    3.0817  -88.3135  103.3941
   -0.2364    0.5826    0.7776
    0.9304   -0.0949    0.3540
    0.2801    0.8072   -0.5197
...   125 T-A ...
    3.4629  -85.6716  101.6044
    0.2604    0.4139    0.8723
    0.9248   -0.3665   -0.1021
    0.2775    0.8333   -0.4782
...   126 C-G ...
    4.3217  -82.9679  100.2216
    0.7501    0.1288    0.6486
    0.6078   -0.5207   -0.5995
    0.2606    0.8439   -0.4689
...   127 G-C ...
    5.5751  -80.5206   98.4116
    0.9125   -0.2667    0.3102
    0.1570   -0.4721   -0.8675
    0.3778    0.8402   -0.3889
...   128 A-T ...
    6.6977  -77.8176   97.2136
    0.8321   -0.4934   -0.2532
   -0.4095   -0.2387   -0.8805
    0.3740    0.8364   -0.4007
...   129 C-G ...
    8.3672  -75.0447   96.5429
    0.4775   -0.5771   -0.6626
   -0.7827    0.0632   -0.6191
    0.3992    0.8142   -0.4215
...   130 C-G ...
   10.2644  -72.6108   95.0809
   -0.0395   -0.5382   -0.8419
   -0.9014    0.3827   -0.2024
    0.4311    0.7509   -0.5002
...   131 A-T ...
   11.0541  -69.8563   93.3550
   -0.5763   -0.2916   -0.7634
   -0.7197    0.6237    0.3051
    0.3871    0.7252   -0.5694
...   132 A-T ...
   12.3814  -67.6428   91.3239
   -0.8826    0.1105   -0.4569
   -0.2680    0.6803    0.6822
    0.3862    0.7245   -0.5709
...   133 A-T ...
   13.6887  -65.5451   89.1596
   -0.8575    0.5144    0.0094
    0.2913    0.4704    0.8330
    0.4240    0.7171   -0.5532
...   134 T-A ...
   14.7283  -63.4123   86.8245
   -0.5924    0.6746    0.4405
    0.6886    0.1400    0.7115
    0.4183    0.7248   -0.5474
...   135 G-C ...
   15.7212  -61.4789   83.9377
    0.0342    0.7399    0.6718
    0.8637   -0.3601    0.3526
    0.5028    0.5682   -0.6514
...   136 T-A ...
   15.7739  -59.5465   80.8036
    0.5516    0.4996    0.6680
    0.6739   -0.7388   -0.0038
    0.4916    0.4523   -0.7442
...   137 G-C ...
   16.8280  -57.7076   78.2738
    0.8528   -0.0847    0.5152
    0.1508   -0.9047   -0.3984
    0.4999    0.4175   -0.7588
...   138 A-T ...
   18.4176  -55.5142   76.5362
    0.8547   -0.5007    0.1370
   -0.3189   -0.7148   -0.6224
    0.4096    0.4883   -0.7706
...   139 G-C ...
   20.4152  -54.2946   74.5496
    0.5847   -0.7389   -0.3350
   -0.7594   -0.3532   -0.5465
    0.2854    0.5739   -0.7676
...   140 C-G ...
   21.4164  -51.8108   72.7950
    0.1305   -0.7142   -0.6876
   -0.8897    0.2217   -0.3991
    0.4375    0.6639   -0.6065
...   141 G-C ...
   22.1407  -50.1331   67.4725
   -0.4682   -0.8748    0.1248
   -0.8495    0.4067   -0.3362
    0.2434   -0.2634   -0.9335
...   142 C-G ...
   22.3378  -51.2253   64.5019
   -0.8529   -0.5117   -0.1032
   -0.4974    0.8566   -0.1372
    0.1587   -0.0657   -0.9851
...   143 T-A ...
   24.0060  -51.6202   61.9333
   -0.9563    0.0399   -0.2897
    0.0522    0.9980   -0.0348
    0.2877   -0.0484   -0.9565
...   144 C-G ...
   24.8857  -52.7207   58.9948
   -0.7530    0.5560   -0.3520
    0.5213    0.8304    0.1966
    0.4016   -0.0355   -0.9151
...   145 A-T ...
   25.5174  -52.9610   55.8127
   -0.2441    0.9563   -0.1609
    0.8907    0.2867    0.3528
    0.3835   -0.0571   -0.9218
...   146 C-G ...
   25.2677  -52.4925   52.0871
    0.3203    0.9428   -0.0928
    0.8825   -0.2613    0.3910
    0.3444   -0.2071   -0.9157
...   147 A-T ...
   25.6133  -52.5733   48.6479
    0.8597    0.5097    0.0339
    0.4498   -0.7866    0.4230
    0.2423   -0.3484   -0.9055
