  147 base-pairs
...     1 T-A ...
    0.0000    0.0000    0.0000
    1.0000    0.0000    0.0000
    0.0000    1.0000    0.0000
    0.0000    0.0000    1.0000
...     2 G-C ...
   -0.5555   -1.1003    3.3981
    0.7749    0.6051    0.1828
   -0.5991    0.7953   -0.0929
   -0.2016   -0.0375    0.9787
...     3 T-A ...
   -0.6619   -3.0237    6.5348
    0.3046    0.9250    0.2271
   -0.8994    0.3578   -0.2510
   -0.3134   -0.1278    0.9410
...     4 G-C ...
   -1.1607   -3.8418    9.6940
   -0.3351    0.9421    0.0133
   -0.8752   -0.3061   -0.3746
   -0.3489   -0.1372    0.9271
...     5 A-T ...
   -1.3881   -3.6770   12.8999
   -0.7835    0.6162   -0.0801
   -0.5677   -0.7622   -0.3109
   -0.2527   -0.1981    0.9470
...     6 G-C ...
   -2.6236   -3.5448   15.7072
   -0.9923    0.0611   -0.1075
   -0.0294   -0.9610   -0.2748
   -0.1201   -0.2695    0.9555
...     7 C-G ...
   -2.3138   -3.7570   18.8866
   -0.8620   -0.4995   -0.0864
    0.5008   -0.8655    0.0073
   -0.0785   -0.0370    0.9962
...     8 G-C ...
   -3.9561   -6.8109   23.3205
   -0.2581   -0.3560   -0.8981
    0.6294   -0.7673    0.1233
   -0.7330   -0.5335    0.4221
...     9 C-G ...
   -6.1177   -8.9414   24.2385
    0.1143   -0.7320   -0.6716
    0.8123   -0.3203    0.4874
   -0.5720   -0.6013    0.5580
...    10 T-A ...
   -8.5041   -9.6771   26.0540
    0.4660   -0.8587   -0.2131
    0.6274    0.1508    0.7640
   -0.6239   -0.4897    0.6090
...    11 C-G ...
  -11.0625  -11.3174   27.2336
    0.6660   -0.6911    0.2808
    0.3382    0.6152    0.7121
   -0.6649   -0.3794    0.6435
...    12 A-T ...
  -13.0013  -13.1789   29.0658
    0.7188   -0.1490    0.6790
   -0.1787    0.9043    0.3876
   -0.6718   -0.4000    0.6235
...    13 C-G ...
  -14.1788  -15.9359   31.3399
    0.4052    0.2865    0.8682
   -0.5270    0.8492   -0.0343
   -0.7470   -0.4437    0.4951
...    14 A-T ...
  -15.9532  -18.1566   33.3080
   -0.1503    0.6873    0.7107
   -0.6106    0.5008   -0.6135
   -0.7776   -0.5261    0.3444
...    15 A-T ...
  -18.2957  -19.9880   34.6312
   -0.4935    0.8354    0.2420
   -0.4000    0.0291   -0.9160
   -0.7723   -0.5488    0.3198
...    16 T-A ...
  -20.6037  -21.6487   36.2974
   -0.6292    0.7351   -0.2523
   -0.0878   -0.3897   -0.9167
   -0.7722   -0.5547    0.3097
...    17 T-A ...
  -23.1091  -23.3098   37.5077
   -0.5591    0.3968   -0.7279
    0.2904   -0.7286   -0.6203
   -0.7765   -0.5583    0.2922
...    18 T-A ...
  -25.7313  -24.9097   38.5217
   -0.2792   -0.0596   -0.9584
    0.5551   -0.8244   -0.1105
   -0.7835   -0.5629    0.2633
...    19 A-T ...
  -28.4782  -26.6883   39.1141
    0.1744   -0.4235   -0.8889
    0.5893   -0.6784    0.4388
   -0.7889   -0.6004    0.1313
...    20 T-A ...
  -31.3468  -28.2695   39.0385
    0.4621   -0.6897   -0.5575
    0.4180   -0.3850    0.8228
   -0.7821   -0.6132    0.1104
...    21 T-A ...
  -33.9288  -30.2243   39.0973
    0.6303   -0.7763   -0.0069
    0.0790    0.0553    0.9953
   -0.7723   -0.6279    0.0962
...    22 C-G ...
  -36.3282  -32.4358   39.2920
    0.5856   -0.5795    0.5668
   -0.3216    0.4757    0.8187
   -0.7441   -0.6617    0.0922
...    23 G-C ...
  -38.8146  -34.5552   39.9660
    0.3787   -0.1544    0.9126
   -0.6286    0.6808    0.3760
   -0.6793   -0.7160    0.1608
...    24 C-G ...
  -40.7177  -37.2173   40.5097
   -0.0015    0.2650    0.9642
   -0.7448    0.6431   -0.1779
   -0.6673   -0.7184    0.1965
...    25 A-T ...
  -43.0846  -39.4681   41.1050
   -0.3740    0.6379    0.6733
   -0.6281    0.3599   -0.6899
   -0.6824   -0.6809    0.2660
...    26 A-T ...
  -45.1418  -41.7321   42.2028
   -0.6758    0.7185    0.1645
   -0.2967   -0.0609   -0.9530
   -0.6747   -0.6928    0.2544
...    27 A-T ...
  -47.3015  -43.9005   43.2870
   -0.7292    0.5524   -0.4039
    0.1456   -0.4514   -0.8803
   -0.6687   -0.7007    0.2487
...    28 G-C ...
  -49.6589  -45.9921   44.2793
   -0.4995    0.2825   -0.8190
    0.5041   -0.6741   -0.5399
   -0.7046   -0.6825    0.1943
...    29 G-C ...
  -52.2791  -48.0191   44.8909
   -0.0856   -0.0593   -0.9946
    0.6798   -0.7332   -0.0147
   -0.7284   -0.6774    0.1031
...    30 C-G ...
  -54.9628  -49.9423   45.0011
    0.3332   -0.4065   -0.8507
    0.6097   -0.5954    0.5233
   -0.7192   -0.6930    0.0494
...    31 C-G ...
  -57.4752  -52.1868   44.7374
    0.6722   -0.5931   -0.4432
    0.3196   -0.3075    0.8963
   -0.6678   -0.7441   -0.0172
...    32 G-C ...
  -59.4833  -54.8462   44.8929
    0.8133   -0.5690    0.1216
   -0.1252    0.0330    0.9916
   -0.5682   -0.8217   -0.0444
...    33 G-C ...
  -61.1190  -57.7700   44.4271
    0.6680   -0.3886    0.6346
   -0.5569    0.3045    0.7727
   -0.4935   -0.8696   -0.0130
...    34 C-G ...
  -62.3568  -60.8299   44.1849
    0.2843   -0.1212    0.9510
   -0.8384    0.4497    0.3079
   -0.4650   -0.8849    0.0262
...    35 C-G ...
  -63.5874  -63.9631   44.4064
   -0.1736    0.2118    0.9618
   -0.8734    0.4182   -0.2498
   -0.4551   -0.8833    0.1124
...    36 C-G ...
  -64.9064  -66.9887   45.0817
   -0.5807    0.4720    0.6633
   -0.6551    0.2126   -0.7250
   -0.4832   -0.8556    0.1858
...    37 G-C ...
  -66.8278  -69.7007   45.4360
   -0.7964    0.5911    0.1277
   -0.2408   -0.1162   -0.9636
   -0.5548   -0.7981    0.2349
...    38 A-T ...
  -68.6712  -72.2668   46.3053
   -0.7722    0.4301   -0.4677
    0.2673   -0.4479   -0.8532
   -0.5764   -0.7838    0.2309
...    39 C-G ...
  -70.8886  -74.4509   47.4517
   -0.5075    0.1498   -0.8486
    0.6259   -0.6128   -0.4825
   -0.5922   -0.7759    0.2172
...    40 A-T ...
  -72.7477  -77.1425   48.0326
   -0.0096   -0.1564   -0.9877
    0.7894   -0.6075    0.0885
   -0.6138   -0.7788    0.1293
...    41 C-G ...
  -75.2193  -79.3489   48.1643
    0.4183   -0.4279   -0.8012
    0.6768   -0.4414    0.5891
   -0.6058   -0.7887    0.1050
...    42 G-C ...
  -76.9770  -82.1383   48.6820
    0.7889   -0.5019   -0.3548
    0.3258   -0.1480    0.9338
   -0.5211   -0.8522    0.0467
...    43 A-T ...
  -78.6827  -84.9256   48.7066
    0.8559   -0.4541    0.2476
   -0.1919    0.1658    0.9673
   -0.4803   -0.8754    0.0548
...    44 C-G ...
  -79.9349  -87.9529   48.3371
    0.6557   -0.2657    0.7067
   -0.6099    0.3652    0.7033
   -0.4449   -0.8922    0.0774
...    45 T-A ...
  -81.0429  -91.0583   48.5208
    0.2804    0.0316    0.9594
   -0.8735    0.4227    0.2414
   -0.3979   -0.9057    0.1461
...    46 T-A ...
  -82.0718  -94.0888   49.0089
   -0.2477    0.2794    0.9277
   -0.8857    0.3229   -0.3337
   -0.3928   -0.9043    0.1675
...    47 A-T ...
  -83.4762  -97.0346   49.6507
   -0.6866    0.4755    0.5500
   -0.5940    0.0693   -0.8014
   -0.4192   -0.8770    0.2348
...    48 C-G ...
  -84.6379  -99.8068   51.0379
   -0.8855    0.4621    0.0483
   -0.1609   -0.2073   -0.9650
   -0.4359   -0.8623    0.2579
...    49 T-A ...
  -86.2390 -102.4656   52.1918
   -0.8189    0.3181   -0.4777
    0.3144   -0.4476   -0.8372
   -0.4801   -0.8358    0.2665
...    50 G-C ...
  -87.8438 -105.3156   52.7581
   -0.4564    0.0549   -0.8881
    0.7151   -0.5712   -0.4029
   -0.5294   -0.8189    0.2214
...    51 T-A ...
  -90.0988 -107.6445   53.5410
   -0.0072   -0.2436   -0.9698
    0.8505   -0.5115    0.1221
   -0.5259   -0.8240    0.2109
...    52 A-T ...
  -91.6577 -110.4928   54.3527
    0.5180   -0.4961   -0.6968
    0.6860   -0.2457    0.6849
   -0.5110   -0.8328    0.2131
...    53 G-C ...
  -93.4727 -113.2349   54.7544
    0.8334   -0.4921   -0.2516
    0.3210    0.0605    0.9451
   -0.4499   -0.8684    0.2085
...    54 G-C ...
  -94.9945 -116.2331   55.1070
    0.9195   -0.2896    0.2659
   -0.1722    0.3113    0.9346
   -0.3534   -0.9051    0.2364
...    55 T-A ...
  -95.8298 -119.3998   55.3677
    0.7227   -0.0371    0.6902
   -0.6175    0.4140    0.6688
   -0.3106   -0.9095    0.2763
...    56 A-T ...
  -96.4677 -122.5226   56.3352
    0.3266    0.3342    0.8841
   -0.9195    0.3286    0.2155
   -0.2185   -0.8834    0.4146
...    57 T-A ...
  -96.4946 -125.4892   57.7059
   -0.1644    0.4784    0.8626
   -0.9641    0.1069   -0.2430
   -0.2084   -0.8716    0.4437
...    58 C-G ...
  -97.1361 -128.2115   59.3760
   -0.6806    0.4896    0.5450
   -0.7023   -0.2241   -0.6757
   -0.2086   -0.8427    0.4964
...    59 T-A ...
  -97.7718 -130.7640   61.3732
   -0.9370    0.3385    0.0862
   -0.2540   -0.4911   -0.8333
   -0.2397   -0.8027    0.5461
...    60 C-G ...
  -98.7210 -133.2768   63.2599
   -0.9063   -0.0171   -0.4222
    0.3417   -0.6176   -0.7084
   -0.2487   -0.7863    0.5656
...    61 G-C ...
  -99.4190 -136.1724   64.7776
   -0.5371   -0.3276   -0.7773
    0.7886   -0.5222   -0.3248
   -0.2995   -0.7874    0.5388
...    62 A-T ...
 -100.4893 -138.6820   66.6212
    0.0374   -0.5751   -0.8172
    0.9576   -0.2133    0.1939
   -0.2858   -0.7898    0.5428
...    63 G-C ...
 -101.7063 -141.2863   68.2804
    0.5504   -0.5621   -0.6173
    0.7998    0.1430    0.5829
   -0.2393   -0.8146    0.5283
...    64 C-G ...
 -102.8053 -144.0430   69.7568
    0.9074   -0.3481   -0.2357
    0.3805    0.4419    0.8124
   -0.1786   -0.8268    0.5334
...    65 T-A ...
 -103.3157 -146.9545   71.2278
    0.9869    0.0064    0.1611
   -0.1371    0.5596    0.8173
   -0.0849   -0.8287    0.5532
...    66 C-G ...
 -103.4864 -149.6906   72.9714
    0.7403    0.3923    0.5459
   -0.6721    0.4499    0.5882
   -0.0148   -0.8023    0.5967
...    67 G-C ...
 -103.5113 -152.1263   75.2422
    0.2687    0.7062    0.6550
   -0.9587    0.1307    0.2525
    0.0927   -0.6958    0.7122
...    68 G-C ...
 -102.7411 -154.1289   77.8329
   -0.2851    0.7449    0.6032
   -0.9501   -0.3028   -0.0750
    0.1268   -0.5945    0.7941
...    69 G-C ...
 -102.1664 -155.6040   80.8124
   -0.7574    0.5162    0.3999
   -0.6430   -0.6961   -0.3194
    0.1135   -0.4990    0.8591
...    70 A-T ...
 -101.8866 -157.0411   83.7600
   -0.9915    0.0062    0.1298
   -0.0654   -0.8871   -0.4569
    0.1123   -0.4616    0.8800
...    71 T-A ...
 -101.6323 -157.9092   86.9553
   -0.8787   -0.4687   -0.0901
    0.4548   -0.7650   -0.4559
    0.1448   -0.4416    0.8855
...    72 T-A ...
 -101.3184 -159.0402   90.0078
   -0.4336   -0.8586   -0.2734
    0.8796   -0.3376   -0.3351
    0.1955   -0.3858    0.9016
...    73 C-G ...
 -100.7663 -160.2354   93.0342
    0.1798   -0.8919   -0.4149
    0.9590    0.2529   -0.1282
    0.2192   -0.3748    0.9008
...    74 A-T ...
  -99.8327 -161.2678   96.0461
    0.6760   -0.5514   -0.4889
    0.6763    0.7276    0.1145
    0.2926   -0.4080    0.8648
...    75 T-A ...
  -99.1969 -163.1328   98.6692
    0.9164   -0.1068   -0.3857
    0.2443    0.9126    0.3278
    0.3170   -0.3946    0.8624
...    76 G-C ...
  -97.9219 -164.4339  101.4735
    0.8385    0.4575   -0.2961
   -0.2790    0.8270    0.4880
    0.4681   -0.3266    0.8211
...    77 T-A ...
  -96.0317 -165.8197  103.7206
    0.5447    0.8347   -0.0810
   -0.6563    0.4843    0.5785
    0.5222   -0.2620    0.8116
...    78 T-A ...
  -94.1292 -166.6005  106.1903
    0.0639    0.9812    0.1823
   -0.8303   -0.0491    0.5551
    0.5536   -0.1869    0.8115
...    79 A-T ...
  -92.0304 -166.7195  108.7716
   -0.4723    0.8252    0.3096
   -0.6940   -0.5648    0.4465
    0.5433   -0.0040    0.8395
...    80 T-A ...
  -89.9198 -166.1589  111.2224
   -0.7597    0.4317    0.4862
   -0.3502   -0.9017    0.2535
    0.5479    0.0224    0.8362
...    81 A-T ...
  -88.1709 -166.3570  114.0785
   -0.7942   -0.2193    0.5667
    0.2148   -0.9737   -0.0757
    0.5684    0.0616    0.8204
...    82 A-T ...
  -86.4482 -165.8008  116.7988
   -0.4795   -0.7382    0.4744
    0.6311   -0.6657   -0.3980
    0.6097    0.1086    0.7852
...    83 C-G ...
  -84.8978 -165.1509  119.7040
   -0.0629   -0.9766    0.2056
    0.7851   -0.1756   -0.5939
    0.6161    0.1240    0.7778
...    84 G-C ...
  -82.4746 -164.5486  121.9142
    0.3493   -0.9116   -0.2165
    0.6610    0.4035   -0.6326
    0.6641    0.0779    0.7436
...    85 G-C ...
  -80.4491 -164.3000  124.5998
    0.5904   -0.5582   -0.5829
    0.3470    0.8276   -0.4412
    0.7287    0.0582    0.6823
...    86 A-T ...
  -78.1619 -164.1331  126.8992
    0.6313    0.0043   -0.7755
   -0.0668    0.9966   -0.0488
    0.7727    0.0826    0.6294
...    87 C-G ...
  -75.5102 -164.4357  128.7526
    0.4549    0.4940   -0.7410
   -0.3711    0.8615    0.3465
    0.8095    0.1174    0.5753
...    88 C-G ...
  -72.5398 -164.2156  130.3002
    0.0807    0.8386   -0.5388
   -0.5260    0.4950    0.6916
    0.8466    0.2276    0.4810
...    89 G-C ...
  -69.8405 -163.0007  131.8036
   -0.3533    0.9183   -0.1788
   -0.4197    0.0152    0.9075
    0.8361    0.3957    0.3801
...    90 C-G ...
  -67.1069 -161.3269  132.5318
   -0.5721    0.7619    0.3035
   -0.1234   -0.4459    0.8865
    0.8108    0.4697    0.3491
...    91 T-A ...
  -64.5868 -159.3889  133.4122
   -0.5939    0.3983    0.6990
    0.2421   -0.7400    0.6275
    0.7672    0.5419    0.3431
...    92 T-A ...
  -62.2306 -157.3321  134.3185
   -0.3153   -0.0685    0.9465
    0.5462   -0.8287    0.1220
    0.7760    0.5555    0.2987
...    93 T-A ...
  -59.9295 -155.2024  135.2270
    0.1050   -0.4960    0.8620
    0.6213   -0.6440   -0.4463
    0.7765    0.5824    0.2405
...    94 A-T ...
  -57.0997 -153.3806  135.5064
    0.5278   -0.7520    0.3949
    0.3829   -0.2044   -0.9009
    0.7582    0.6267    0.1800
...    95 A-T ...
  -54.7462 -151.3020  136.3552
    0.6706   -0.7188   -0.1831
   -0.0099    0.2381   -0.9712
    0.7417    0.6531    0.1525
...    96 C-G ...
  -52.2279 -149.4365  137.3571
    0.5412   -0.5202   -0.6607
   -0.3640    0.5634   -0.7417
    0.7581    0.6419    0.1155
...    97 A-T ...
  -49.7291 -147.2552  137.6189
    0.1439   -0.2208   -0.9646
   -0.5904    0.7631   -0.2627
    0.7942    0.6074   -0.0205
...    98 C-G ...
  -46.8138 -145.8167  137.4389
   -0.2251    0.1491   -0.9629
   -0.5737    0.7785    0.2547
    0.7875    0.6097   -0.0897
...    99 T-A ...
  -44.1488 -144.0347  136.7402
   -0.5630    0.4516   -0.6922
   -0.3532    0.6257    0.6955
    0.7472    0.6361   -0.1927
...   100 T-A ...
  -41.7538 -142.0774  135.8205
   -0.6951    0.6921   -0.1944
    0.0287    0.2969    0.9545
    0.7183    0.6579   -0.2262
...   101 T-A ...
  -39.5469 -139.9558  134.7692
   -0.5737    0.7327    0.3660
    0.4242   -0.1164    0.8980
    0.7006    0.6705   -0.2440
...   102 A-T ...
  -37.3036 -137.6280  134.0067
   -0.2500    0.5066    0.8252
    0.7048   -0.4892    0.5138
    0.6639    0.7100   -0.2347
...   103 T-A ...
  -35.6953 -134.9156  133.0088
    0.1513    0.2057    0.9668
    0.7376   -0.6747    0.0281
    0.6581    0.7089   -0.2538
...   104 G-C ...
  -33.3376 -132.7350  132.2419
    0.5043   -0.2551    0.8250
    0.5347   -0.6580   -0.5303
    0.6781    0.7085   -0.1954
...   105 C-G ...
  -31.2723 -130.1739  131.8661
    0.6933   -0.5905    0.4130
    0.1746   -0.4184   -0.8913
    0.6991    0.6901   -0.1870
...   106 T-A ...
  -28.9077 -127.8885  131.5670
    0.6480   -0.7555   -0.0963
   -0.2094   -0.0551   -0.9763
    0.7323    0.6528   -0.1939
...   107 T-A ...
  -26.4616 -125.7962  131.1957
    0.4158   -0.6641   -0.6214
   -0.5452    0.3648   -0.7548
    0.7279    0.6526   -0.2104
...   108 C-G ...
  -24.0146 -123.7594  130.5172
   -0.0107   -0.3751   -0.9269
   -0.6839    0.6790   -0.2669
    0.7295    0.6311   -0.2638
...   109 C-G ...
  -21.3587 -121.9860  129.4669
   -0.4461   -0.0397   -0.8941
   -0.5638    0.7884    0.2463
    0.6951    0.6139   -0.3741
...   110 G-C ...
  -19.3438 -119.7436  128.0791
   -0.7730    0.2906   -0.5639
   -0.2093    0.7223    0.6592
    0.5989    0.6276   -0.4975
...   111 G-C ...
  -17.5966 -117.8092  125.9304
   -0.8243    0.5596   -0.0859
    0.2509    0.4971    0.8306
    0.5075    0.6632   -0.5501
...   112 C-G ...
  -16.3064 -115.6972  123.7470
   -0.5879    0.7056    0.3957
    0.6667    0.1455    0.7310
    0.4582    0.6935   -0.5560
...   113 T-A ...
  -15.1920 -113.3101  121.7491
   -0.1840    0.6437    0.7429
    0.8906   -0.2106    0.4030
    0.4159    0.7358   -0.5345
...   114 C-G ...
  -13.9715 -110.7954  120.0468
    0.3588    0.3892    0.8484
    0.8390   -0.5328   -0.1104
    0.4091    0.7515   -0.5177
...   115 G-C ...
  -12.2854 -108.5264  118.2965
    0.7231   -0.0356    0.6899
    0.5138   -0.6398   -0.5716
    0.4617    0.7678   -0.4443
...   116 T-A ...
  -10.9817 -105.6478  117.2975
    0.8744   -0.3759    0.3068
    0.0674   -0.5322   -0.8439
    0.4805    0.7586   -0.4400
...   117 A-T ...
   -9.3950 -103.2159  115.6805
    0.7279   -0.6475   -0.2255
   -0.4551   -0.2103   -0.8653
    0.5128    0.7325   -0.4478
...   118 T-A ...
   -7.3142 -100.8454  114.7605
    0.4014   -0.6719   -0.6225
   -0.7588    0.1366   -0.6368
    0.5129    0.7280   -0.4550
...   119 A-T ...
   -5.5653  -98.5412  113.1422
   -0.1385   -0.5418   -0.8290
   -0.8438    0.5028   -0.1876
    0.5185    0.6735   -0.5268
...   120 A-T ...
   -3.6988  -96.5779  111.3695
   -0.5907   -0.1855   -0.7853
   -0.6252    0.7205    0.3000
    0.5101    0.6681   -0.5416
...   121 T-A ...
   -1.7812  -94.9489  109.2622
   -0.8302    0.1841   -0.5262
   -0.2500    0.7207    0.6466
    0.4983    0.6683   -0.5523
...   122 G-C ...
   -0.3947  -92.6215  107.3329
   -0.8846    0.4658   -0.0216
    0.2585    0.5284    0.8087
    0.3881    0.7098   -0.5879
...   123 T-A ...
    0.4946  -90.5444  104.9273
   -0.6434    0.6436    0.4146
    0.6769    0.2251    0.7008
    0.3577    0.7315   -0.5805
...   124 G-C ...
    1.6001  -87.9484  103.1765
   -0.2003    0.5796    0.7899
    0.9309   -0.1388    0.3379
    0.3055    0.8030   -0.5117
...   125 T-A ...
    1.9765  -85.1510  101.4576
    0.2948    0.4025    0.8667
    0.9051   -0.4085   -0.1182
    0.3065    0.8193   -0.4847
...   126 C-G ...
    2.9137  -82.3870   99.9919
    0.7528    0.0671    0.6548
    0.5742   -0.5533   -0.6035
    0.3218    0.8303   -0.4551
...   127 G-C ...
    4.2560  -79.8622   98.2928
    0.9059   -0.3317    0.2632
    0.0826   -0.4711   -0.8782
    0.4153    0.8173   -0.3994
...   128 A-T ...
    5.6564  -77.1643   97.0961
    0.7740   -0.5673   -0.2813
   -0.4526   -0.1850   -0.8723
    0.4428    0.8024   -0.4000
...   129 C-G ...
    7.5418  -74.5850   96.2496
    0.4207   -0.6012   -0.6794
   -0.7814    0.1403   -0.6080
    0.4609    0.7867   -0.4107
...   130 C-G ...
    9.4152  -72.1522   94.8700
   -0.0967   -0.4947   -0.8637
   -0.8756    0.4548   -0.1624
    0.4732    0.7406   -0.4771
...   131 A-T ...
   10.8458  -69.6737   93.1969
   -0.6104   -0.2280   -0.7586
   -0.6621    0.6725    0.3307
    0.4347    0.7041   -0.5614
...   132 A-T ...
   12.3664  -67.6166   91.2003
   -0.8761    0.1852   -0.4450
   -0.2116    0.6817    0.7003
    0.4331    0.7078   -0.5581
...   133 A-T ...
   13.7226  -65.5008   89.1510
   -0.8498    0.5265    0.0235
    0.3088    0.4612    0.8318
    0.4272    0.7142   -0.5545
...   134 T-A ...
   14.7284  -63.4123   86.8245
   -0.5924    0.6746    0.4405
    0.6886    0.1400    0.7115
    0.4183    0.7248   -0.5474
...   135 G-C ...
   15.7212  -61.4789   83.9378
    0.0342    0.7399    0.6718
    0.8637   -0.3601    0.3526
    0.5028    0.5682   -0.6514
...   136 T-A ...
   15.7740  -59.5465   80.8036
    0.5516    0.4996    0.6680
    0.6739   -0.7388   -0.0038
    0.4916    0.4523   -0.7442
...   137 G-C ...
   16.8281  -57.7077   78.2738
    0.8528   -0.0847    0.5152
    0.1508   -0.9047   -0.3984
    0.4999    0.4175   -0.7588
...   138 A-T ...
   18.4176  -55.5142   76.5363
    0.8547   -0.5007    0.1370
   -0.3189   -0.7148   -0.6224
    0.4096    0.4883   -0.7706
...   139 G-C ...
   20.4153  -54.2946   74.5497
    0.5847   -0.7389   -0.3350
   -0.7594   -0.3532   -0.5465
    0.2854    0.5739   -0.7676
...   140 C-G ...
   21.4164  -51.8108   72.7950
    0.1305   -0.7142   -0.6876
   -0.8897    0.2217   -0.3991
    0.4375    0.6639   -0.6065
...   141 G-C ...
   22.1407  -50.1331   67.4725
   -0.4682   -0.8748    0.1248
   -0.8495    0.4067   -0.3362
    0.2434   -0.2634   -0.9335
...   142 C-G ...
   22.3378  -51.2253   64.5019
   -0.8529   -0.5117   -0.1032
   -0.4974    0.8566   -0.1372
    0.1587   -0.0657   -0.9851
...   143 T-A ...
   24.0060  -51.6202   61.9333
   -0.9563    0.0399   -0.2897
    0.0522    0.9980   -0.0348
    0.2877   -0.0484   -0.9565
...   144 C-G ...
   24.8858  -52.7208   58.9948
   -0.7530    0.5560   -0.3520
    0.5213    0.8304    0.1966
    0.4016   -0.0355   -0.9151
...   145 A-T ...
   25.5174  -52.9611   55.8127
   -0.2441    0.9563   -0.1609
    0.8907    0.2867    0.3528
    0.3835   -0.0571   -0.9218
...   146 C-G ...
   25.2678  -52.4926   52.0871
    0.3203    0.9428   -0.0928
    0.8825   -0.2613    0.3910
    0.3444   -0.2071   -0.9157
...   147 A-T ...
   25.6134  -52.5733   48.6479
    0.8597    0.5097    0.0339
    0.4498   -0.7866    0.4230
    0.2423   -0.3484   -0.9055
