  147 base-pairs
...     1 T-A ...
    0.0000    0.0000    0.0000
    1.0000    0.0000    0.0000
    0.0000    1.0000    0.0000
    0.0000    0.0000    1.0000
...     2 G-C ...
   -0.5555   -1.1003    3.3981
    0.7749    0.6051    0.1828
   -0.5991    0.7953   -0.0929
   -0.2016   -0.0375    0.9787
...     3 T-A ...
   -0.6619   -3.0237    6.5348
    0.3046    0.9250    0.2271
   -0.8994    0.3578   -0.2510
   -0.3134   -0.1278    0.9410
...     4 G-C ...
   -1.1607   -3.8418    9.6940
   -0.3351    0.9421    0.0133
   -0.8752   -0.3061   -0.3746
   -0.3489   -0.1372    0.9271
...     5 A-T ...
   -1.3881   -3.6770   12.8999
   -0.7835    0.6162   -0.0801
   -0.5677   -0.7622   -0.3109
   -0.2527   -0.1981    0.9470
...     6 G-C ...
   -2.6236   -3.5448   15.7072
   -0.9923    0.0611   -0.1075
   -0.0294   -0.9610   -0.2748
   -0.1201   -0.2695    0.9555
...     7 C-G ...
   -2.3138   -3.7570   18.8866
   -0.8620   -0.4995   -0.0864
    0.5008   -0.8655    0.0073
   -0.0785   -0.0370    0.9962
...     8 G-C ...
   -3.9561   -6.8109   23.3205
   -0.2581   -0.3560   -0.8981
    0.6294   -0.7673    0.1233
   -0.7330   -0.5335    0.4221
...     9 C-G ...
   -6.1177   -8.9414   24.2385
    0.1143   -0.7320   -0.6716
    0.8123   -0.3203    0.4874
   -0.5720   -0.6013    0.5580
...    10 T-A ...
   -8.5041   -9.6771   26.0540
    0.4660   -0.8587   -0.2131
    0.6274    0.1508    0.7640
   -0.6239   -0.4897    0.6090
...    11 C-G ...
  -11.0625  -11.3174   27.2336
    0.6660   -0.6911    0.2808
    0.3382    0.6152    0.7121
   -0.6649   -0.3794    0.6435
...    12 A-T ...
  -13.0013  -13.1789   29.0658
    0.7188   -0.1490    0.6790
   -0.1787    0.9043    0.3876
   -0.6718   -0.4000    0.6235
...    13 C-G ...
  -14.1788  -15.9359   31.3399
    0.4052    0.2865    0.8682
   -0.5270    0.8492   -0.0343
   -0.7470   -0.4437    0.4951
...    14 A-T ...
  -15.9532  -18.1566   33.3080
   -0.1503    0.6873    0.7107
   -0.6106    0.5008   -0.6135
   -0.7776   -0.5261    0.3444
...    15 A-T ...
  -18.2961  -19.9931   34.6255
   -0.4958    0.8343    0.2412
   -0.3972    0.0292   -0.9173
   -0.7723   -0.5506    0.3169
...    16 T-A ...
  -20.6078  -21.6601   36.2801
   -0.6297    0.7341   -0.2543
   -0.0827   -0.3888   -0.9176
   -0.7724   -0.5568    0.3055
...    17 T-A ...
  -23.1168  -23.3297   37.4695
   -0.5545    0.3979   -0.7309
    0.2957   -0.7268   -0.6200
   -0.7779   -0.5599    0.2853
...    18 T-A ...
  -25.7444  -24.9381   38.4523
   -0.2695   -0.0551   -0.9614
    0.5566   -0.8236   -0.1088
   -0.7859   -0.5644    0.2527
...    19 A-T ...
  -28.5176  -26.6986   38.9858
    0.1878   -0.4116   -0.8918
    0.5835   -0.6836    0.4384
   -0.7901   -0.6027    0.1118
...    20 T-A ...
  -31.3811  -28.2821   38.8437
    0.4723   -0.6807   -0.5600
    0.4055   -0.3963    0.8237
   -0.7827   -0.6161    0.0888
...    21 T-A ...
  -33.9577  -30.2445   38.8302
    0.6326   -0.7744   -0.0080
    0.0614    0.0398    0.9973
   -0.7720   -0.6314    0.0728
...    22 C-G ...
  -36.3500  -32.4703   38.9471
    0.5762   -0.5871    0.5686
   -0.3390    0.4613    0.8199
   -0.7436   -0.6652    0.0668
...    23 G-C ...
  -38.8434  -34.6080   39.5415
    0.3576   -0.1693    0.9184
   -0.6399    0.6719    0.3730
   -0.6802   -0.7210    0.1320
...    24 C-G ...
  -40.7537  -37.2852   39.9908
   -0.0280    0.2472    0.9686
   -0.7428    0.6433   -0.1857
   -0.6690   -0.7246    0.1656
...    25 A-T ...
  -43.1378  -39.5471   40.4648
   -0.3989    0.6224    0.6734
   -0.6087    0.3695   -0.7021
   -0.6858   -0.6900    0.2315
...    26 A-T ...
  -45.2122  -41.8481   41.4504
   -0.6874    0.7093    0.1559
   -0.2641   -0.0443   -0.9635
   -0.6765   -0.7035    0.2178
...    27 A-T ...
  -47.3864  -44.0590   42.4153
   -0.7207    0.5529   -0.4182
    0.1812   -0.4320   -0.8835
   -0.6692   -0.7125    0.2112
...    28 G-C ...
  -49.7552  -46.1957   43.2780
   -0.4725    0.2937   -0.8309
    0.5318   -0.6569   -0.5346
   -0.7028   -0.6945    0.1542
...    29 G-C ...
  -52.3707  -48.2663   43.7524
   -0.0468   -0.0387   -0.9982
    0.6897   -0.7241   -0.0042
   -0.7226   -0.6886    0.0606
...    30 C-G ...
  -55.0324  -50.2232   43.7171
    0.3722   -0.3824   -0.8457
    0.5974   -0.5987    0.5336
   -0.7104   -0.7038    0.0056
...    31 C-G ...
  -57.5016  -52.4938   43.2992
    0.6991   -0.5717   -0.4293
    0.2884   -0.3240    0.9010
   -0.6542   -0.7538   -0.0617
...    32 G-C ...
  -59.4659  -55.1922   43.2995
    0.8183   -0.5571    0.1413
   -0.1666    0.0053    0.9860
   -0.5501   -0.8304   -0.0885
...    33 G-C ...
  -61.0175  -58.1367   42.6931
    0.6485   -0.3919    0.6526
   -0.5955    0.2730    0.7556
   -0.4742   -0.8786   -0.0564
...    34 C-G ...
  -62.1761  -61.2158   42.3232
    0.2449   -0.1408    0.9593
   -0.8610    0.4233    0.2819
   -0.4458   -0.8950   -0.0176
...    35 C-G ...
  -63.3502  -64.3767   42.4158
   -0.2232    0.1809    0.9578
   -0.8710    0.4043   -0.2793
   -0.4377   -0.8966    0.0673
...    36 C-G ...
  -64.6334  -67.4459   42.9473
   -0.6254    0.4374    0.6462
   -0.6247    0.2155   -0.7505
   -0.4675   -0.8731    0.1385
...    37 G-C ...
  -66.4957  -70.2198   43.1177
   -0.8210    0.5618    0.1018
   -0.1869   -0.0960   -0.9777
   -0.5395   -0.8217    0.1838
...    38 A-T ...
  -68.2913  -72.8732   43.8177
   -0.7615    0.4158   -0.4972
    0.3284   -0.4139   -0.8490
   -0.5588   -0.8098    0.1787
...    39 C-G ...
  -70.4852  -75.1693   44.7835
   -0.4664    0.1541   -0.8711
    0.6745   -0.5752   -0.4629
   -0.5724   -0.8034    0.1643
...    40 A-T ...
  -72.2625  -77.9473   45.1978
    0.0514   -0.1293   -0.9903
    0.8081   -0.5772    0.1173
   -0.5868   -0.8063    0.0748
...    41 C-G ...
  -74.6420  -80.2546   45.1363
    0.4808   -0.3869   -0.7868
    0.6617   -0.4286    0.6152
   -0.5753   -0.8164    0.0499
...    42 G-C ...
  -76.3093  -83.1278   45.4756
    0.8311   -0.4530   -0.3227
    0.2803   -0.1600    0.9465
   -0.4803   -0.8771   -0.0060
...    43 A-T ...
  -77.8691  -85.9944   45.3279
    0.8638   -0.4168    0.2831
   -0.2534    0.1262    0.9591
   -0.4355   -0.9002    0.0034
...    44 C-G ...
  -78.9343  -89.0677   44.8027
    0.6297   -0.2511    0.7352
   -0.6672    0.3099    0.6773
   -0.3979   -0.9170    0.0276
...    45 T-A ...
  -79.8719  -92.2334   44.8386
    0.2242    0.0183    0.9744
   -0.9093    0.3637    0.2024
   -0.3507   -0.9313    0.0982
...    46 T-A ...
  -80.7427  -95.3328   45.1845
   -0.3175    0.2342    0.9189
   -0.8834    0.2790   -0.3764
   -0.3446   -0.9313    0.1183
...    47 A-T ...
  -82.0305  -98.3736   45.6136
   -0.7553    0.4040    0.5160
   -0.5425    0.0564   -0.8382
   -0.3678   -0.9130    0.1766
...    48 C-G ...
  -83.0767 -101.2767   46.8266
   -0.9205    0.3909    0.0002
   -0.0776   -0.1823   -0.9802
   -0.3831   -0.9022    0.1981
...    49 T-A ...
  -84.5358 -104.0981   47.7735
   -0.8079    0.2673   -0.5252
    0.4086   -0.3881   -0.8261
   -0.4247   -0.8820    0.2043
...    50 G-C ...
  -85.9095 -107.0979   48.1357
   -0.3965    0.0469   -0.9169
    0.7904   -0.4906   -0.3669
   -0.4670   -0.8701    0.1574
...    51 T-A ...
  -87.9914 -109.6471   48.6859
    0.0834   -0.2072   -0.9747
    0.8843   -0.4355    0.1682
   -0.4593   -0.8760    0.1469
...    52 A-T ...
  -89.3542 -112.6440   49.2742
    0.6111   -0.4101   -0.6770
    0.6598   -0.2084    0.7219
   -0.4372   -0.8879    0.1432
...    53 G-C ...
  -90.9005 -115.5676   49.4360
    0.8959   -0.3901   -0.2126
    0.2504    0.0481    0.9669
   -0.3669   -0.9195    0.1408
...    54 G-C ...
  -92.1022 -118.7246   49.5506
    0.9279   -0.1996    0.3148
   -0.2642    0.2438    0.9332
   -0.2630   -0.9491    0.1735
...    55 T-A ...
  -92.5804 -121.9689   49.6216
    0.6791    0.0115    0.7340
   -0.7010    0.3069    0.6438
   -0.2179   -0.9517    0.2164
...    56 A-T ...
  -92.8856 -125.1882   50.4211
    0.2326    0.3281    0.9156
   -0.9636    0.2050    0.1713
   -0.1315   -0.9221    0.3638
...    57 T-A ...
  -92.6225 -128.1993   51.6660
   -0.2719    0.4114    0.8700
   -0.9546   -0.0007   -0.2980
   -0.1220   -0.9114    0.3929
...    58 C-G ...
  -93.0144 -131.0559   53.1883
   -0.7693    0.3683    0.5220
   -0.6270   -0.2783   -0.7276
   -0.1227   -0.8871    0.4451
...    59 T-A ...
  -93.4161 -133.7743   55.0275
   -0.9788    0.2006    0.0424
   -0.1352   -0.4763   -0.8688
   -0.1541   -0.8561    0.4934
...    60 C-G ...
  -94.0898 -136.4977   56.7409
   -0.8691   -0.1274   -0.4780
    0.4685   -0.5218   -0.7129
   -0.1586   -0.8435    0.5131
...    61 G-C ...
  -94.3804 -139.5397   58.0980
   -0.4368   -0.3648   -0.8223
    0.8778   -0.3726   -0.3010
   -0.1965   -0.8533    0.4830
...    62 A-T ...
  -95.1146 -142.2740   59.7791
    0.1718   -0.5142   -0.8403
    0.9691   -0.0648    0.2378
   -0.1767   -0.8552    0.4872
...    63 G-C ...
  -95.9553 -145.1309   61.2411
    0.6654   -0.4233   -0.6149
    0.7369    0.2415    0.6313
   -0.1187   -0.8732    0.4726
...    64 C-G ...
  -96.6355 -148.1132   62.5094
    0.9630   -0.1697   -0.2093
    0.2647    0.4512    0.8523
   -0.0502   -0.8762    0.4794
...    65 T-A ...
  -96.6711 -151.1512   63.7921
    0.9634    0.1747    0.2033
   -0.2632    0.4734    0.8406
    0.0506   -0.8634    0.5020
...    66 C-G ...
  -96.3698 -153.9650   65.3784
    0.6391    0.4883    0.5943
   -0.7596    0.2789    0.5876
    0.1212   -0.8269    0.5491
...    67 G-C ...
  -95.9566 -156.4720   67.5333
    0.1132    0.7006    0.7046
   -0.9700   -0.0757    0.2310
    0.2152   -0.7096    0.6710
...    68 G-C ...
  -94.8530 -158.4229   70.0454
   -0.4377    0.6292    0.6423
   -0.8677   -0.4827   -0.1185
    0.2355   -0.6092    0.7573
...    69 G-C ...
  -94.0380 -159.9472   72.9478
   -0.8517    0.3158    0.4182
   -0.4797   -0.7912   -0.3795
    0.2110   -0.5238    0.8253
...    70 A-T ...
  -93.4633 -161.5034   75.7979
   -0.9686   -0.2209    0.1144
    0.1309   -0.8436   -0.5208
    0.2116   -0.4895    0.8460
...    71 T-A ...
  -93.0103 -162.5264   78.9312
   -0.7505   -0.6473   -0.1336
    0.6133   -0.6067   -0.5057
    0.2463   -0.4614    0.8523
...    72 C-G ...
  -92.2999 -163.9922   81.8058
   -0.2226   -0.8933   -0.3904
    0.9390   -0.0887   -0.3324
    0.2623   -0.4406    0.8585
...    73 C-G ...
  -91.6734 -165.4538   84.7968
    0.3167   -0.7715   -0.5518
    0.8996    0.4287   -0.0830
    0.3006   -0.4701    0.8298
...    74 G-C ...
  -90.3990 -166.5933   87.6713
    0.7223   -0.3494   -0.5969
    0.5542    0.8086    0.1973
    0.4137   -0.4733    0.7777
...    75 C-G ...
  -89.2682 -168.4887   90.1205
    0.8716    0.1695   -0.4599
    0.0734    0.8826    0.4644
    0.4846   -0.4386    0.7568
...    76 T-A ...
  -87.4925 -170.1212   92.3476
    0.7273    0.6376   -0.2540
   -0.3706    0.6763    0.6366
    0.5777   -0.3689    0.7282
...    77 T-A ...
  -85.4546 -171.3158   94.5228
    0.3632    0.9296    0.0626
   -0.6917    0.2240    0.6866
    0.6242   -0.2927    0.7244
...    78 T-A ...
  -83.2430 -172.1188   96.7110
   -0.1129    0.9232    0.3675
   -0.7567   -0.3195    0.5704
    0.6440   -0.2137    0.7346
...    79 A-T ...
  -80.9714 -172.2903   99.1332
   -0.5911    0.6354    0.4969
   -0.5287   -0.7704    0.3563
    0.6092   -0.0521    0.7913
...    80 A-T ...
  -78.9501 -172.1063  101.6620
   -0.7810    0.0906    0.6180
   -0.0823   -0.9957    0.0419
    0.6191   -0.0181    0.7851
...    81 C-G ...
  -77.0768 -171.4885  104.3605
   -0.7041   -0.4447    0.5537
    0.3595   -0.8956   -0.2621
    0.6124    0.0145    0.7904
...    82 A-T ...
  -74.9275 -171.6958  106.8586
   -0.3684   -0.8859    0.2817
    0.7201   -0.4636   -0.5163
    0.5880    0.0127    0.8088
...    83 C-G ...
  -73.4762 -171.5029  109.8838
    0.0816   -0.9965   -0.0200
    0.7995    0.0774   -0.5956
    0.5951    0.0326    0.8030
...    84 T-A ...
  -71.7055 -171.5238  112.6973
    0.4794   -0.8036   -0.3526
    0.6180    0.5944   -0.5145
    0.6231    0.0287    0.7816
...    85 T-A ...
  -69.8631 -171.5709  115.3724
    0.7481   -0.3233   -0.5795
    0.2126    0.9441   -0.2521
    0.6286    0.0654    0.7750
...    86 T-A ...
  -67.8422 -171.5613  117.8932
    0.7113    0.2523   -0.6560
   -0.2534    0.9626    0.0954
    0.6556    0.0984    0.7487
...    87 A-T ...
  -65.2906 -171.4890  120.0502
    0.3276    0.6664   -0.6698
   -0.5553    0.7093    0.4342
    0.7644    0.2297    0.6024
...    88 T-A ...
  -62.4354 -171.0181  121.5137
   -0.0287    0.9106   -0.4123
   -0.6340    0.3023    0.7118
    0.7728    0.2818    0.5686
...    89 G-C ...
  -59.8876 -169.6281  123.1896
   -0.4900    0.8693   -0.0653
   -0.4698   -0.2002    0.8598
    0.7343    0.4520    0.5065
...    90 C-G ...
  -57.5309 -167.6699  124.3970
   -0.7086    0.6003    0.3708
   -0.0933   -0.6006    0.7941
    0.6994    0.5281    0.4816
...    91 T-A ...
  -55.4292 -165.5230  125.7732
   -0.6852    0.1724    0.7077
    0.3389   -0.7846    0.5192
    0.6447    0.5956    0.4792
...    92 T-A ...
  -53.5072 -163.2844  127.1596
   -0.3299   -0.2783    0.9020
    0.6797   -0.7331    0.0224
    0.6551    0.6205    0.4311
...    93 C-G ...
  -51.4782 -161.1674  128.6636
    0.1565   -0.6462    0.7469
    0.7476   -0.4167   -0.5172
    0.6455    0.6393    0.4179
...    94 C-G ...
  -49.4886 -158.9449  130.2490
    0.5191   -0.7913    0.3230
    0.5343    0.0054   -0.8453
    0.6671    0.6114    0.4256
...    95 G-C ...
  -47.1872 -156.6944  131.1418
    0.6744   -0.6981   -0.2406
    0.1242    0.4284   -0.8950
    0.7279    0.5737    0.3756
...    96 G-C ...
  -44.8204 -154.8260  132.6379
    0.5663   -0.4125   -0.7135
   -0.2768    0.7203   -0.6361
    0.7763    0.5578    0.2937
...    97 C-G ...
  -42.1300 -153.3400  133.7950
    0.2748   -0.0122   -0.9614
   -0.5463    0.8209   -0.1666
    0.7912    0.5710    0.2190
...    98 T-A ...
  -39.3255 -151.7070  134.2737
   -0.1228    0.3349   -0.9342
   -0.5990    0.7256    0.3388
    0.7913    0.6012    0.1116
...    99 C-G ...
  -36.7532 -149.7495  134.3942
   -0.5021    0.6297   -0.5928
   -0.4058    0.4337    0.8045
    0.7637    0.6445    0.0377
...   100 G-C ...
  -34.5468 -147.2647  134.4596
   -0.7538    0.6520   -0.0814
   -0.0222    0.0986    0.9949
    0.6567    0.7518   -0.0598
...   101 T-A ...
  -32.6561 -144.7144  133.6216
   -0.6873    0.5800    0.4373
    0.3842   -0.2206    0.8965
    0.6164    0.7842   -0.0712
...   102 A-T ...
  -30.7266 -142.0128  133.4490
   -0.3625    0.3146    0.8773
    0.7383   -0.4775    0.4763
    0.5688    0.8203   -0.0592
...   103 T-A ...
  -29.4689 -138.9775  133.0509
    0.0726    0.0486    0.9962
    0.8238   -0.5659   -0.0325
    0.5622    0.8230   -0.0811
...   104 A-T ...
  -27.3260 -136.4428  132.5312
    0.5980   -0.2754    0.7527
    0.5915   -0.4820   -0.6463
    0.5408    0.8317   -0.1254
...   105 T-A ...
  -25.9075 -133.4539  132.6555
    0.8272   -0.4629    0.3185
    0.2003   -0.2867   -0.9368
    0.5250    0.8388   -0.1445
...   106 C-G ...
  -24.2239 -130.6680  132.2647
    0.7754   -0.5640   -0.2840
   -0.3285    0.0239   -0.9442
    0.5393    0.8254   -0.1668
...   107 A-T ...
  -22.5341 -127.9114  131.5231
    0.3993   -0.5442   -0.7378
   -0.7010    0.3375   -0.6283
    0.5910    0.7680   -0.2467
...   108 T-A ...
  -20.1138 -125.7793  130.9701
   -0.0121   -0.3269   -0.9450
   -0.8091    0.5585   -0.1829
    0.5875    0.7624   -0.2712
...   109 G-C ...
  -18.2432 -123.3051  129.7546
   -0.5256   -0.0877   -0.8462
   -0.6609    0.6684    0.3412
    0.5357    0.7386   -0.4093
...   110 T-A ...
  -16.2969 -121.3590  127.9827
   -0.8160    0.2184   -0.5353
   -0.2992    0.6328    0.7141
    0.4947    0.7428   -0.4511
...   111 T-A ...
  -14.7377 -119.1139  126.2553
   -0.8600    0.5083   -0.0446
    0.2045    0.4234    0.8826
    0.4675    0.7499   -0.4681
...   112 A-T ...
  -13.4665 -116.5622  124.5474
   -0.6453    0.5851    0.4912
    0.6638    0.1111    0.7396
    0.3781    0.8033   -0.4601
...   113 T-A ...
  -12.8270 -113.9494  122.6445
   -0.2284    0.5640    0.7936
    0.9003   -0.1878    0.3926
    0.3705    0.8041   -0.4649
...   114 A-T ...
  -11.5107 -111.2911  121.1385
    0.3363    0.3288    0.8825
    0.8693   -0.4688   -0.1566
    0.3622    0.8198   -0.4435
...   115 A-T ...
  -10.5947 -108.4675  119.8109
    0.7756    0.0257    0.6307
    0.5263   -0.5779   -0.6237
    0.3485    0.8157   -0.4618
...   116 C-G ...
   -9.6454 -105.4627  118.7922
    0.9290   -0.2909    0.2287
    0.0534   -0.5063   -0.8607
    0.3662    0.8118   -0.4549
...   117 G-C ...
   -8.4485 -102.9901  116.9172
    0.7634   -0.6041   -0.2287
   -0.4579   -0.2564   -0.8513
    0.4556    0.7545   -0.4723
...   118 G-C ...
   -6.6667 -100.5002  115.5372
    0.3630   -0.7129   -0.6000
   -0.7862    0.1112   -0.6078
    0.5000    0.6924   -0.5202
...   119 A-T ...
   -4.9402  -98.3049  113.8613
   -0.1741   -0.5529   -0.8148
   -0.8498    0.5025   -0.1594
    0.4976    0.6647   -0.5574
...   120 A-T ...
   -3.1407  -96.3740  111.9857
   -0.6217   -0.1944   -0.7588
   -0.6115    0.7259    0.3150
    0.4895    0.6598   -0.5702
...   121 T-A ...
   -1.3035  -94.7777  109.7827
   -0.8492    0.1794   -0.4966
   -0.2238    0.7295    0.6463
    0.4782    0.6600   -0.5794
...   122 G-C ...
    0.0151  -92.4834  107.7705
   -0.8844    0.4667    0.0041
    0.2877    0.5381    0.7923
    0.3676    0.7019   -0.6101
...   123 T-A ...
    0.8220  -90.4392  105.3089
   -0.6290    0.6488    0.4282
    0.7001    0.2333    0.6748
    0.3379    0.7243   -0.6010
...   124 G-C ...
    1.8557  -87.8664  103.4828
   -0.1779    0.5876    0.7894
    0.9408   -0.1337    0.3115
    0.2885    0.7981   -0.5290
...   125 T-A ...
    2.1740  -85.0894  101.7246
    0.3167    0.4115    0.8546
    0.9028   -0.4072   -0.1385
    0.2910    0.8154   -0.5005
...   126 C-G ...
    3.0625  -82.3375  100.2126
    0.7674    0.0749    0.6368
    0.5621   -0.5566   -0.6118
    0.3087    0.8274   -0.4692
...   127 G-C ...
    4.3631  -79.8197   98.4771
    0.9114   -0.3274    0.2492
    0.0682   -0.4770   -0.8762
    0.4058    0.8156   -0.4124
...   128 A-T ...
    5.7414  -77.1304   97.2412
    0.7711   -0.5674   -0.2889
   -0.4650   -0.1920   -0.8642
    0.4349    0.8008   -0.4119
...   129 C-G ...
    7.6101  -74.5548   96.3503
    0.4137   -0.6045   -0.6808
   -0.7893    0.1344   -0.5991
    0.4536    0.7852   -0.4215
...   130 C-G ...
    9.4620  -72.1332   94.9253
   -0.1042   -0.4994   -0.8601
   -0.8782    0.4521   -0.1561
    0.4668    0.7391   -0.4856
...   131 A-T ...
   10.8660  -69.6599   93.2276
   -0.6156   -0.2314   -0.7534
   -0.6608    0.6725    0.3334
    0.4295    0.7030   -0.5668
...   132 A-T ...
   12.3748  -67.6098   91.2131
   -0.8781    0.1842   -0.4415
   -0.2089    0.6826    0.7003
    0.4304    0.7072   -0.5609
...   133 A-T ...
   13.7249  -65.4992   89.1533
   -0.8496    0.5269    0.0247
    0.3104    0.4615    0.8311
    0.4265    0.7137   -0.5556
...   134 T-A ...
   14.7283  -63.4123   86.8245
   -0.5924    0.6746    0.4405
    0.6886    0.1400    0.7115
    0.4183    0.7248   -0.5474
...   135 G-C ...
   15.7212  -61.4788   83.9378
    0.0342    0.7399    0.6718
    0.8637   -0.3601    0.3526
    0.5028    0.5682   -0.6514
...   136 T-A ...
   15.7740  -59.5465   80.8037
    0.5516    0.4996    0.6680
    0.6739   -0.7388   -0.0038
    0.4916    0.4523   -0.7442
...   137 G-C ...
   16.8281  -57.7076   78.2738
    0.8528   -0.0847    0.5152
    0.1508   -0.9047   -0.3984
    0.4999    0.4175   -0.7588
...   138 A-T ...
   18.4176  -55.5142   76.5363
    0.8547   -0.5007    0.1370
   -0.3189   -0.7148   -0.6224
    0.4096    0.4883   -0.7706
...   139 G-C ...
   20.4153  -54.2945   74.5497
    0.5847   -0.7389   -0.3350
   -0.7594   -0.3532   -0.5465
    0.2854    0.5739   -0.7676
...   140 C-G ...
   21.4164  -51.8107   72.7950
    0.1305   -0.7142   -0.6876
   -0.8897    0.2217   -0.3991
    0.4375    0.6639   -0.6065
...   141 G-C ...
   22.1407  -50.1330   67.4725
   -0.4682   -0.8748    0.1248
   -0.8495    0.4067   -0.3362
    0.2434   -0.2634   -0.9335
...   142 C-G ...
   22.3378  -51.2252   64.5020
   -0.8529   -0.5117   -0.1032
   -0.4974    0.8566   -0.1372
    0.1587   -0.0657   -0.9851
...   143 T-A ...
   24.0060  -51.6201   61.9333
   -0.9563    0.0399   -0.2897
    0.0522    0.9980   -0.0348
    0.2877   -0.0484   -0.9565
...   144 C-G ...
   24.8857  -52.7207   58.9948
   -0.7530    0.5560   -0.3520
    0.5213    0.8304    0.1966
    0.4016   -0.0355   -0.9151
...   145 A-T ...
   25.5174  -52.9610   55.8128
   -0.2441    0.9563   -0.1609
    0.8907    0.2867    0.3528
    0.3835   -0.0571   -0.9218
...   146 C-G ...
   25.2678  -52.4925   52.0871
    0.3203    0.9428   -0.0928
    0.8825   -0.2613    0.3910
    0.3444   -0.2071   -0.9157
...   147 A-T ...
   25.6134  -52.5732   48.6479
    0.8597    0.5097    0.0339
    0.4498   -0.7866    0.4230
    0.2423   -0.3484   -0.9055
