  147 base-pairs
...     1 T-A ...
    0.0000    0.0000    0.0000
    1.0000    0.0000    0.0000
    0.0000    1.0000    0.0000
    0.0000    0.0000    1.0000
...     2 G-C ...
   -0.5555   -1.1003    3.3981
    0.7749    0.6051    0.1828
   -0.5991    0.7953   -0.0929
   -0.2016   -0.0375    0.9787
...     3 T-A ...
   -0.6619   -3.0237    6.5348
    0.3046    0.9250    0.2271
   -0.8994    0.3578   -0.2510
   -0.3134   -0.1278    0.9410
...     4 G-C ...
   -1.1607   -3.8418    9.6940
   -0.3351    0.9421    0.0133
   -0.8752   -0.3061   -0.3746
   -0.3489   -0.1372    0.9271
...     5 A-T ...
   -1.3881   -3.6770   12.8999
   -0.7835    0.6162   -0.0801
   -0.5677   -0.7622   -0.3109
   -0.2527   -0.1981    0.9470
...     6 G-C ...
   -2.6236   -3.5448   15.7072
   -0.9923    0.0611   -0.1075
   -0.0294   -0.9610   -0.2748
   -0.1201   -0.2695    0.9555
...     7 C-G ...
   -2.3138   -3.7570   18.8866
   -0.8620   -0.4995   -0.0864
    0.5008   -0.8655    0.0073
   -0.0785   -0.0370    0.9962
...     8 G-C ...
   -3.9561   -6.8109   23.3205
   -0.2581   -0.3560   -0.8981
    0.6294   -0.7673    0.1233
   -0.7330   -0.5335    0.4221
...     9 C-G ...
   -6.1177   -8.9414   24.2385
    0.1143   -0.7320   -0.6716
    0.8123   -0.3203    0.4874
   -0.5720   -0.6013    0.5580
...    10 T-A ...
   -8.5041   -9.6771   26.0540
    0.4660   -0.8587   -0.2131
    0.6274    0.1508    0.7640
   -0.6239   -0.4897    0.6090
...    11 C-G ...
  -11.0625  -11.3174   27.2336
    0.6660   -0.6911    0.2808
    0.3382    0.6152    0.7121
   -0.6649   -0.3794    0.6435
...    12 A-T ...
  -13.0013  -13.1789   29.0658
    0.7188   -0.1490    0.6790
   -0.1787    0.9043    0.3876
   -0.6718   -0.4000    0.6235
...    13 C-G ...
  -14.1788  -15.9359   31.3399
    0.4052    0.2865    0.8682
   -0.5270    0.8492   -0.0343
   -0.7470   -0.4437    0.4951
...    14 A-T ...
  -15.9532  -18.1566   33.3080
   -0.1503    0.6873    0.7107
   -0.6106    0.5008   -0.6135
   -0.7776   -0.5261    0.3444
...    15 A-T ...
  -18.3043  -19.9733   34.6264
   -0.4836    0.8409    0.2432
   -0.4025    0.0331   -0.9148
   -0.7773   -0.5403    0.3224
...    16 T-A ...
  -20.6302  -21.5925   36.2947
   -0.6155    0.7476   -0.2496
   -0.0986   -0.3872   -0.9167
   -0.7820   -0.5396    0.3120
...    17 T-A ...
  -23.1757  -23.1894   37.4973
   -0.5476    0.4175   -0.7251
    0.2671   -0.7341   -0.6243
   -0.7930   -0.5355    0.2905
...    18 T-A ...
  -25.8533  -24.7021   38.4936
   -0.2809   -0.0404   -0.9589
    0.5240   -0.8435   -0.1180
   -0.8041   -0.5356    0.2581
...    19 A-T ...
  -28.6889  -26.3515   39.0425
    0.1563   -0.4181   -0.8949
    0.5590   -0.7095    0.4291
   -0.8143   -0.5672    0.1228
...    20 T-A ...
  -31.6303  -27.7987   38.9440
    0.4285   -0.7035   -0.5669
    0.3995   -0.4152    0.8173
   -0.8104   -0.5767    0.1031
...    21 T-A ...
  -34.3158  -29.6147   38.9706
    0.5858   -0.8103   -0.0163
    0.0825    0.0396    0.9958
   -0.8062   -0.5847    0.0901
...    22 C-G ...
  -36.8495  -31.6765   39.1366
    0.5485   -0.6207    0.5602
   -0.2913    0.4862    0.8239
   -0.7838   -0.6151    0.0858
...    23 G-C ...
  -39.4897  -33.6082   39.7697
    0.3677   -0.1894    0.9105
   -0.5783    0.7201    0.3834
   -0.7282   -0.6675    0.1552
...    24 C-G ...
  -41.5860  -36.1259   40.2677
    0.0213    0.2549    0.9667
   -0.6942    0.6996   -0.1692
   -0.7195   -0.6675    0.1918
...    25 A-T ...
  -44.1114  -38.1994   40.8476
   -0.3150    0.6596    0.6824
   -0.6012    0.4177   -0.6812
   -0.7344   -0.6249    0.2650
...    26 A-T ...
  -46.3472  -40.2840   41.9415
   -0.6057    0.7751    0.1798
   -0.3121   -0.0237   -0.9497
   -0.7319   -0.6313    0.2563
...    27 A-T ...
  -48.6913  -42.2445   43.0294
   -0.6762    0.6272   -0.3866
    0.0878   -0.4524   -0.8875
   -0.7315   -0.6340    0.2508
...    28 G-C ...
  -51.2401  -44.0870   44.0309
   -0.4802    0.3455   -0.8062
    0.4218   -0.7150   -0.5576
   -0.7691   -0.6078    0.1976
...    29 G-C ...
  -54.0692  -45.8126   44.6393
   -0.1097   -0.0329   -0.9934
    0.5942   -0.8034   -0.0390
   -0.7968   -0.5946    0.1077
...    30 C-G ...
  -56.9478  -47.4279   44.7622
    0.2680   -0.4268   -0.8637
    0.5480   -0.6698    0.5011
   -0.7924   -0.6076    0.0543
...    31 C-G ...
  -59.7091  -49.3622   44.5120
    0.5881   -0.6599   -0.4677
    0.3005   -0.3586    0.8838
   -0.7509   -0.6603   -0.0126
...    32 G-C ...
  -62.0218  -51.7544   44.6839
    0.7406   -0.6655    0.0925
   -0.0961    0.0314    0.9949
   -0.6650   -0.7457   -0.0407
...    33 G-C ...
  -64.0342  -54.4311   44.2147
    0.6312   -0.4791    0.6100
   -0.4932    0.3590    0.7924
   -0.5986   -0.8010   -0.0096
...    34 C-G ...
  -65.6628  -57.2973   43.9581
    0.2952   -0.1716    0.9399
   -0.7645    0.5476    0.3401
   -0.5731   -0.8189    0.0305
...    35 C-G ...
  -67.2762  -60.2493   44.1655
   -0.1109    0.2175    0.9697
   -0.8192    0.5325   -0.2131
   -0.5627   -0.8180    0.1191
...    36 C-G ...
  -68.9517  -63.0852   44.8551
   -0.4855    0.5351    0.6914
   -0.6485    0.3100   -0.6952
   -0.5863   -0.7859    0.1965
...    37 G-C ...
  -71.2099  -65.5061   45.2781
   -0.6998    0.6939    0.1699
   -0.2976   -0.0669   -0.9523
   -0.6494   -0.7170    0.2533
...    38 A-T ...
  -73.3617  -67.7902   46.2118
   -0.7245    0.5427   -0.4249
    0.1594   -0.4678   -0.8694
   -0.6705   -0.6976    0.2524
...    39 C-G ...
  -75.8167  -69.6472   47.4442
   -0.5228    0.2351   -0.8194
    0.5057   -0.6883   -0.5201
   -0.6863   -0.6863    0.2409
...    40 A-T ...
  -78.0229  -72.0398   48.0944
   -0.0855   -0.1366   -0.9869
    0.6954   -0.7175    0.0391
   -0.7135   -0.6830    0.1564
...    41 C-G ...
  -80.7831  -73.8630   48.3440
    0.3046   -0.4713   -0.8277
    0.6364   -0.5458    0.5451
   -0.7086   -0.6928    0.1337
...    42 G-C ...
  -82.9061  -76.3594   48.9501
    0.6828   -0.6072   -0.4063
    0.3561   -0.2090    0.9108
   -0.6380   -0.7666    0.0735
...    43 A-T ...
  -85.0120  -78.8527   49.0635
    0.7931   -0.5794    0.1882
   -0.1025    0.1776    0.9788
   -0.6005   -0.7955    0.0814
...    44 C-G ...
  -86.7253  -81.6485   48.7601
    0.6556   -0.3704    0.6580
   -0.4996    0.4406    0.7459
   -0.5662   -0.8177    0.1038
...    45 T-A ...
  -88.2656  -84.5546   49.0026
    0.3520   -0.0243    0.9357
   -0.7807    0.5438    0.3078
   -0.5163   -0.8389    0.1725
...    46 T-A ...
  -89.6942  -87.4022   49.5621
   -0.1277    0.3019    0.9448
   -0.8513    0.4554   -0.2606
   -0.5089   -0.8375    0.1988
...    47 A-T ...
  -91.4326  -90.1148   50.3636
   -0.5480    0.5730    0.6094
   -0.6488    0.1687   -0.7420
   -0.5280   -0.8020    0.2793
...    48 C-G ...
  -92.8827  -92.6719   51.8778
   -0.7918    0.5965    0.1314
   -0.2857   -0.1716   -0.9429
   -0.5399   -0.7841    0.3062
...    49 T-A ...
  -94.7686  -95.0424   53.2088
   -0.8021    0.4481   -0.3947
    0.1518   -0.4863   -0.8605
   -0.5776   -0.7502    0.3220
...    50 G-C ...
  -96.7446  -97.5974   53.9595
   -0.5332    0.1312   -0.8358
    0.5685   -0.6760   -0.4688
   -0.6265   -0.7251    0.2859
...    51 T-A ...
  -99.2463  -99.5408   55.0087
   -0.1513   -0.2363   -0.9598
    0.7667   -0.6409    0.0369
   -0.6239   -0.7303    0.2782
...    52 A-T ...
 -101.1354 -102.1019   56.0398
    0.3499   -0.5743   -0.7401
    0.7112   -0.3513    0.6089
   -0.6096   -0.7395    0.2855
...    53 G-C ...
 -103.3099 -104.5097   56.7016
    0.7093   -0.6200   -0.3354
    0.4355    0.0114    0.9001
   -0.5542   -0.7846    0.2781
...    54 G-C ...
 -105.2544 -107.2102   57.2951
    0.8882   -0.4307    0.1598
   -0.0047    0.3394    0.9406
   -0.4594   -0.8362    0.2994
...    55 T-A ...
 -106.5386 -110.1963   57.7310
    0.7907   -0.1465    0.5944
   -0.4544    0.5103    0.7302
   -0.4103   -0.8474    0.3369
...    56 A-T ...
 -107.4545 -113.2091   58.8248
    0.5033    0.2919    0.8133
   -0.8160    0.4702    0.3363
   -0.2842   -0.8329    0.4749
...    57 T-A ...
 -107.7188 -116.1095   60.2970
    0.0466    0.5129    0.8572
   -0.9628    0.2516   -0.0982
   -0.2660   -0.8207    0.5056
...    58 C-G ...
 -108.4933 -118.6533   62.1703
   -0.5013    0.6013    0.6222
   -0.8280   -0.1247   -0.5467
   -0.2511   -0.7892    0.5604
...    59 T-A ...
 -109.1754 -121.0230   64.3623
   -0.8473    0.4838    0.2190
   -0.4604   -0.4637   -0.7569
   -0.2646   -0.7422    0.6157
...    60 C-G ...
 -110.1785 -123.3003   66.5013
   -0.9570    0.1148   -0.2665
    0.1193   -0.6814   -0.7221
   -0.2645   -0.7229    0.6383
...    61 G-C ...
 -111.0332 -126.0109   68.2531
   -0.7068   -0.2636   -0.6564
    0.6339   -0.6479   -0.4223
   -0.3140   -0.7146    0.6251
...    62 A-T ...
 -112.1185 -128.2586   70.4007
   -0.1929   -0.6011   -0.7755
    0.9353   -0.3517    0.0399
   -0.2967   -0.7176    0.6301
...    63 G-C ...
 -113.3852 -130.5793   72.4044
    0.3417   -0.6618   -0.6673
    0.9048    0.0395    0.4241
   -0.2543   -0.7486    0.6123
...    64 C-G ...
 -114.5903 -133.0635   74.2345
    0.7882   -0.4911   -0.3709
    0.5846    0.4092    0.7005
   -0.1923   -0.7690    0.6097
...    65 T-A ...
 -115.2271 -135.8003   75.9603
    0.9902   -0.1372   -0.0251
    0.1039    0.6061    0.7885
   -0.0930   -0.7834    0.6145
...    66 C-G ...
 -115.4416 -138.4022   77.8846
    0.8822    0.2988    0.3640
   -0.4709    0.5711    0.6724
   -0.0070   -0.7646    0.6445
...    67 G-C ...
 -115.3192 -140.7035   80.2808
    0.4949    0.6886    0.5300
   -0.8571    0.2864    0.4283
    0.1431   -0.6662    0.7319
...    68 G-C ...
 -114.2787 -142.6441   82.8224
   -0.0430    0.8108    0.5837
   -0.9762   -0.1585    0.1482
    0.2127   -0.5634    0.7983
...    69 G-C ...
 -113.2719 -143.9910   85.7487
   -0.5725    0.6482    0.5021
   -0.7865   -0.6071   -0.1129
    0.2316   -0.4595    0.8574
...    70 A-T ...
 -112.5491 -145.2645   88.6960
   -0.9268    0.1655    0.3371
   -0.2859   -0.8929   -0.3479
    0.2434   -0.4188    0.8749
...    71 T-A ...
 -111.6974 -145.9605   91.8315
   -0.9309   -0.3346    0.1467
    0.2325   -0.8521   -0.4689
    0.2819   -0.4024    0.8710
...    72 C-G ...
 -110.8573 -147.1946   94.7738
   -0.5977   -0.7894   -0.1402
    0.7429   -0.4795   -0.4672
    0.3016   -0.3834    0.8730
...    73 C-G ...
 -110.0580 -148.3753   97.8419
   -0.1053   -0.9055   -0.4111
    0.9430    0.0403   -0.3303
    0.3157   -0.4224    0.8496
...    74 G-C ...
 -108.5760 -149.4662  100.6254
    0.3995   -0.6849   -0.6093
    0.8247    0.5588   -0.0874
    0.4003   -0.4676    0.7881
...    75 C-G ...
 -107.6082 -151.2252  103.2411
    0.7453   -0.2501   -0.6181
    0.4736    0.8511    0.2267
    0.4693   -0.4617    0.7527
...    76 T-A ...
 -106.0298 -153.0216  105.4890
    0.8223    0.2598   -0.5064
    0.0378    0.8629    0.5040
    0.5679   -0.4335    0.6997
...    77 T-A ...
 -104.0867 -154.5248  107.5562
    0.6633    0.7150   -0.2207
   -0.3981    0.5870    0.7050
    0.6336   -0.3798    0.6740
...    78 T-A ...
 -101.8502 -155.7194  109.5254
    0.2959    0.9457    0.1342
   -0.6698    0.1053    0.7350
    0.6810   -0.3074    0.6646
...    79 A-T ...
  -99.1982 -156.2507  111.4728
   -0.2136    0.9065    0.3643
   -0.6655   -0.4080    0.6251
    0.7152   -0.1089    0.6904
...    80 A-T ...
  -96.7404 -156.2991  113.5787
   -0.5519    0.5265    0.6467
   -0.4056   -0.8471    0.3434
    0.7286   -0.0728    0.6810
...    81 C-G ...
  -94.2526 -155.8313  115.7458
   -0.6826    0.0100    0.7307
   -0.0323   -0.9993   -0.0165
    0.7300   -0.0348    0.6825
...    82 A-T ...
  -91.8677 -156.2060  117.9950
   -0.5904   -0.5714    0.5701
    0.3963   -0.8205   -0.4120
    0.7031   -0.0173    0.7108
...    83 C-G ...
  -89.8843 -155.8467  120.6835
   -0.2766   -0.9191    0.2805
    0.6452   -0.3940   -0.6546
    0.7122   -0.0000    0.7020
...    84 T-A ...
  -87.7346 -155.8385  123.2180
    0.0958   -0.9880   -0.1212
    0.6786    0.1539   -0.7182
    0.7282   -0.0134    0.6852
...    85 T-A ...
  -85.5743 -155.8909  125.6484
    0.4774   -0.7242   -0.4977
    0.4747    0.6892   -0.5475
    0.7394    0.0251    0.6728
...    86 T-A ...
  -83.2755 -155.9781  127.9224
    0.6362   -0.2179   -0.7401
    0.1076    0.9750   -0.1945
    0.7640    0.0441    0.6438
...    87 A-T ...
  -80.5604 -156.2103  129.8400
    0.4327    0.2977   -0.8510
   -0.2144    0.9508    0.2236
    0.8756    0.0857    0.4753
...    88 T-A ...
  -77.5350 -156.4424  130.9871
    0.2225    0.7135   -0.6644
   -0.3880    0.6900    0.6110
    0.8944    0.1219    0.4303
...    89 G-C ...
  -74.4554 -155.6963  132.0766
   -0.1749    0.9338   -0.3121
   -0.3902    0.2252    0.8927
    0.9040    0.2779    0.3250
...    90 C-G ...
  -71.4431 -154.4772  132.5635
   -0.4155    0.8907    0.1845
   -0.1866   -0.2820    0.9411
    0.8903    0.3566    0.2833
...    91 T-A ...
  -68.6027 -152.9149  133.1757
   -0.5022    0.5946    0.6278
    0.1188   -0.6717    0.7312
    0.8565    0.4418    0.2667
...    92 T-A ...
  -65.9139 -151.1914  133.8065
   -0.3085    0.1243    0.9431
    0.3988   -0.8832    0.2468
    0.8636    0.4522    0.2229
...    93 C-G ...
  -63.1752 -149.5642  134.6281
    0.0040   -0.4147    0.9100
    0.5171   -0.7780   -0.3568
    0.8559    0.4720    0.2113
...    94 A-T ...
  -60.2055 -148.1891  135.0751
    0.2776   -0.8056    0.5234
    0.4190   -0.3887   -0.8206
    0.8645    0.4471    0.2297
...    95 T-A ...
  -57.6528 -146.5661  136.4290
    0.4740   -0.8797    0.0374
    0.2006    0.0666   -0.9774
    0.8573    0.4708    0.2081
...    96 G-C ...
  -54.7763 -144.9789  136.8615
    0.4197   -0.7340   -0.5339
   -0.1145    0.5408   -0.8334
    0.9004    0.4109    0.1429
...    97 T-A ...
  -51.7193 -144.0958  137.6848
    0.2548   -0.3782   -0.8900
   -0.3280    0.8320   -0.4475
    0.9097    0.4059    0.0880
...    98 T-A ...
  -48.7015 -142.9962  137.9506
   -0.0181    0.1126   -0.9935
   -0.4163    0.9026    0.1099
    0.9091    0.4155    0.0305
...    99 A-T ...
  -45.5665 -141.9338  137.5098
   -0.4090    0.4557   -0.7906
   -0.3051    0.7482    0.5891
    0.8600    0.4822   -0.1670
...   100 T-A ...
  -42.7402 -140.7603  136.3877
   -0.5401    0.7423   -0.3966
   -0.0522    0.4408    0.8961
    0.8400    0.5047   -0.1993
...   101 A-T ...
  -40.2005 -138.9015  135.2941
   -0.5958    0.7849    0.1700
    0.2972    0.0188    0.9546
    0.7461    0.6193   -0.2444
...   102 A-T ...
  -37.9864 -136.7810  134.2334
   -0.3268    0.6630    0.6736
    0.5972   -0.4075    0.6909
    0.7325    0.6281   -0.2628
...   103 C-G ...
  -36.0716 -134.3122  133.0801
    0.0234    0.3505    0.9363
    0.6992   -0.6751    0.2353
    0.7146    0.6491   -0.2609
...   104 G-C ...
  -33.4268 -132.4231  132.3610
    0.3687   -0.1270    0.9209
    0.5945   -0.7293   -0.3386
    0.7146    0.6723   -0.1934
...   105 G-C ...
  -31.1701 -129.9628  131.8688
    0.5958   -0.5369    0.5974
    0.3031   -0.5385   -0.7862
    0.7438    0.6494   -0.1581
...   106 A-T ...
  -28.8191 -127.7295  131.3932
    0.6485   -0.7608    0.0260
   -0.1160   -0.1325   -0.9844
    0.7523    0.6353   -0.1742
...   107 T-A ...
  -26.2168 -125.7133  131.4725
    0.5023   -0.7246   -0.4719
   -0.4360    0.2591   -0.8619
    0.7468    0.6386   -0.1857
...   108 C-G ...
  -23.7295 -123.6742  130.9100
    0.1196   -0.4752   -0.8717
   -0.6508    0.6255   -0.4303
    0.7498    0.6188   -0.2345
...   109 C-G ...
  -20.9996 -121.9053  130.0619
   -0.3249   -0.1462   -0.9344
   -0.6070    0.7899    0.0875
    0.7253    0.5956   -0.3454
...   110 G-C ...
  -18.8622 -119.7218  128.7448
   -0.7038    0.2045   -0.6803
   -0.3108    0.7725    0.5537
    0.6388    0.6012   -0.4801
...   111 G-C ...
  -16.9238 -117.9144  126.6523
   -0.8257    0.5127   -0.2351
    0.1319    0.5807    0.8033
    0.5484    0.6323   -0.5472
...   112 C-G ...
  -15.4714 -115.9431  124.4371
   -0.6557    0.7092    0.2591
    0.5704    0.2404    0.7854
    0.4947    0.6628   -0.5621
...   113 T-A ...
  -14.2320 -113.6739  122.3715
   -0.2924    0.6935    0.6585
    0.8473   -0.1313    0.5145
    0.4433    0.7084   -0.5492
...   114 C-G ...
  -12.9370 -111.2329  120.6113
    0.2480    0.4744    0.8446
    0.8682   -0.4957    0.0235
    0.4299    0.7274   -0.5348
...   115 G-C ...
  -11.1683 -109.0053  118.8743
    0.6514    0.0572    0.7566
    0.5982   -0.6521   -0.4657
    0.4667    0.7559   -0.4590
...   116 T-A ...
   -9.9162 -106.1328  117.7674
    0.8594   -0.3026    0.4122
    0.1719   -0.5882   -0.7902
    0.4816    0.7499   -0.4535
...   117 A-T ...
   -8.3568 -103.7562  116.0157
    0.7795   -0.6117   -0.1349
   -0.3805   -0.2913   -0.8777
    0.4976    0.7355   -0.4598
...   118 T-A ...
   -6.3706 -101.3055  115.0819
    0.4816   -0.6781   -0.5552
   -0.7229    0.0508   -0.6891
    0.4955    0.7332   -0.4658
...   119 A-T ...
   -4.7586  -98.9305  113.4085
   -0.0593   -0.5784   -0.8136
   -0.8619    0.4408   -0.2506
    0.5036    0.6864   -0.5247
...   120 A-T ...
   -2.9342  -96.9027  111.6626
   -0.5382   -0.2459   -0.8062
   -0.6817    0.6894    0.2448
    0.4956    0.6814   -0.5387
...   121 T-A ...
   -1.0201  -95.2196  109.5940
   -0.8135    0.1187   -0.5693
   -0.3223    0.7227    0.6114
    0.4840    0.6809   -0.5497
...   122 G-C ...
    0.3124  -92.8483  107.6707
   -0.9067    0.4157   -0.0719
    0.1945    0.5630    0.8032
    0.3744    0.7143   -0.5913
...   123 T-A ...
    1.1798  -90.7788  105.2446
   -0.6911    0.6194    0.3724
    0.6364    0.2774    0.7197
    0.3425    0.7344   -0.5859
...   124 G-C ...
    2.2263  -88.1656  103.4714
   -0.2538    0.5887    0.7675
    0.9244   -0.0858    0.3716
    0.2846    0.8038   -0.5224
...   125 T-A ...
    2.5271  -85.3889  101.6934
    0.2511    0.4358    0.8643
    0.9253   -0.3702   -0.0821
    0.2842    0.8204   -0.4962
...   126 C-G ...
    3.3843  -82.6201  100.1755
    0.7330    0.1139    0.6706
    0.6113   -0.5428   -0.5759
    0.2984    0.8321   -0.4675
...   127 G-C ...
    4.6560  -80.0748   98.4342
    0.9127   -0.2903    0.2877
    0.1178   -0.4873   -0.8653
    0.3914    0.8236   -0.4105
...   128 A-T ...
    5.9725  -77.3497   97.1931
    0.7982   -0.5444   -0.2577
   -0.4321   -0.2193   -0.8748
    0.4197    0.8096   -0.4103
...   129 C-G ...
    7.7726  -74.7152   96.3211
    0.4487   -0.5991   -0.6632
   -0.7783    0.1028   -0.6194
    0.4393    0.7941   -0.4201
...   130 C-G ...
    9.5661  -72.2447   94.9013
   -0.0747   -0.5096   -0.8572
   -0.8870    0.4268   -0.1764
    0.4557    0.7471   -0.4839
...   131 A-T ...
   10.9069  -69.7275   93.2018
   -0.6008   -0.2476   -0.7601
   -0.6791    0.6597    0.3220
    0.4217    0.7096   -0.5645
...   132 A-T ...
   12.3911  -67.6442   91.2005
   -0.8772    0.1701   -0.4489
   -0.2249    0.6805    0.6974
    0.4241    0.7128   -0.5587
...   133 A-T ...
   13.7278  -65.5097   89.1522
   -0.8532    0.5211    0.0215
    0.3041    0.4635    0.8323
    0.4238    0.7167   -0.5539
...   134 T-A ...
   14.7284  -63.4124   86.8244
   -0.5924    0.6746    0.4405
    0.6886    0.1400    0.7115
    0.4183    0.7248   -0.5474
...   135 G-C ...
   15.7212  -61.4789   83.9377
    0.0342    0.7399    0.6718
    0.8637   -0.3601    0.3526
    0.5028    0.5682   -0.6514
...   136 T-A ...
   15.7740  -59.5465   80.8035
    0.5516    0.4996    0.6680
    0.6739   -0.7388   -0.0038
    0.4916    0.4523   -0.7442
...   137 G-C ...
   16.8281  -57.7077   78.2737
    0.8528   -0.0847    0.5152
    0.1508   -0.9047   -0.3984
    0.4999    0.4175   -0.7588
...   138 A-T ...
   18.4176  -55.5142   76.5362
    0.8547   -0.5007    0.1370
   -0.3189   -0.7148   -0.6224
    0.4096    0.4883   -0.7706
...   139 G-C ...
   20.4153  -54.2946   74.5496
    0.5847   -0.7389   -0.3350
   -0.7594   -0.3532   -0.5465
    0.2854    0.5739   -0.7676
...   140 C-G ...
   21.4164  -51.8108   72.7949
    0.1305   -0.7142   -0.6876
   -0.8897    0.2217   -0.3991
    0.4375    0.6639   -0.6065
...   141 G-C ...
   22.1407  -50.1331   67.4724
   -0.4682   -0.8748    0.1248
   -0.8495    0.4067   -0.3362
    0.2434   -0.2634   -0.9335
...   142 C-G ...
   22.3378  -51.2253   64.5018
   -0.8529   -0.5117   -0.1032
   -0.4974    0.8566   -0.1372
    0.1587   -0.0657   -0.9851
...   143 T-A ...
   24.0060  -51.6202   61.9332
   -0.9563    0.0399   -0.2897
    0.0522    0.9980   -0.0348
    0.2877   -0.0484   -0.9565
...   144 C-G ...
   24.8857  -52.7208   58.9947
   -0.7530    0.5560   -0.3520
    0.5213    0.8304    0.1966
    0.4016   -0.0355   -0.9151
...   145 A-T ...
   25.5174  -52.9611   55.8126
   -0.2441    0.9563   -0.1609
    0.8907    0.2867    0.3528
    0.3835   -0.0571   -0.9218
...   146 C-G ...
   25.2678  -52.4926   52.0870
    0.3203    0.9428   -0.0928
    0.8825   -0.2613    0.3910
    0.3444   -0.2071   -0.9157
...   147 A-T ...
   25.6133  -52.5733   48.6478
    0.8597    0.5097    0.0339
    0.4498   -0.7866    0.4230
    0.2423   -0.3484   -0.9055
