  147 base-pairs
...     1 T-A ...
    0.0000    0.0000    0.0000
    1.0000    0.0000    0.0000
    0.0000    1.0000    0.0000
    0.0000    0.0000    1.0000
...     2 G-C ...
   -0.5555   -1.1003    3.3981
    0.7749    0.6051    0.1828
   -0.5991    0.7953   -0.0929
   -0.2016   -0.0375    0.9787
...     3 T-A ...
   -0.6619   -3.0237    6.5348
    0.3046    0.9250    0.2271
   -0.8994    0.3578   -0.2510
   -0.3134   -0.1278    0.9410
...     4 G-C ...
   -1.1607   -3.8418    9.6940
   -0.3351    0.9421    0.0133
   -0.8752   -0.3061   -0.3746
   -0.3489   -0.1372    0.9271
...     5 A-T ...
   -1.3881   -3.6770   12.8999
   -0.7835    0.6162   -0.0801
   -0.5677   -0.7622   -0.3109
   -0.2527   -0.1981    0.9470
...     6 G-C ...
   -2.6236   -3.5448   15.7072
   -0.9923    0.0611   -0.1075
   -0.0294   -0.9610   -0.2748
   -0.1201   -0.2695    0.9555
...     7 C-G ...
   -2.3138   -3.7570   18.8866
   -0.8620   -0.4995   -0.0864
    0.5008   -0.8655    0.0073
   -0.0785   -0.0370    0.9962
...     8 G-C ...
   -3.9561   -6.8109   23.3205
   -0.2581   -0.3560   -0.8981
    0.6294   -0.7673    0.1233
   -0.7330   -0.5335    0.4221
...     9 C-G ...
   -6.1177   -8.9414   24.2385
    0.1143   -0.7320   -0.6716
    0.8123   -0.3203    0.4874
   -0.5720   -0.6013    0.5580
...    10 T-A ...
   -8.5041   -9.6771   26.0540
    0.4660   -0.8587   -0.2131
    0.6274    0.1508    0.7640
   -0.6239   -0.4897    0.6090
...    11 C-G ...
  -11.0625  -11.3174   27.2336
    0.6660   -0.6911    0.2808
    0.3382    0.6152    0.7121
   -0.6649   -0.3794    0.6435
...    12 A-T ...
  -13.0013  -13.1789   29.0658
    0.7188   -0.1490    0.6790
   -0.1787    0.9043    0.3876
   -0.6718   -0.4000    0.6235
...    13 C-G ...
  -14.1788  -15.9359   31.3399
    0.4052    0.2865    0.8682
   -0.5270    0.8492   -0.0343
   -0.7470   -0.4437    0.4951
...    14 A-T ...
  -15.9532  -18.1566   33.3080
   -0.1503    0.6873    0.7107
   -0.6106    0.5008   -0.6135
   -0.7776   -0.5261    0.3444
...    15 A-T ...
  -18.2958  -19.9777   34.6364
   -0.4861    0.8386    0.2461
   -0.4046    0.0337   -0.9139
   -0.7746   -0.5438    0.3229
...    16 T-A ...
  -20.6076  -21.6157   36.3110
   -0.6220    0.7439   -0.2445
   -0.0995   -0.3848   -0.9176
   -0.7767   -0.5464    0.3133
...    17 T-A ...
  -23.1283  -23.2388   37.5342
   -0.5588    0.4130   -0.7192
    0.2714   -0.7284   -0.6291
   -0.7836   -0.5467    0.2950
...    18 T-A ...
  -25.7742  -24.7882   38.5598
   -0.2917   -0.0414   -0.9556
    0.5360   -0.8345   -0.1275
   -0.7922   -0.5494    0.2656
...    19 A-T ...
  -28.5767  -26.4743   39.1436
    0.1508   -0.4068   -0.9010
    0.5788   -0.7026    0.4141
   -0.8014   -0.5839    0.1295
...    20 T-A ...
  -31.4866  -27.9786   39.0750
    0.4343   -0.6870   -0.5825
    0.4218   -0.4163    0.8055
   -0.7959   -0.5955    0.1090
...    21 T-A ...
  -34.1230  -29.8589   39.1226
    0.6079   -0.7929   -0.0417
    0.1010    0.0251    0.9946
   -0.7875   -0.6088    0.0953
...    22 C-G ...
  -36.5810  -32.0001   39.3003
    0.5826   -0.6130    0.5336
   -0.2870    0.4591    0.8407
   -0.7604   -0.6430    0.0916
...    23 G-C ...
  -39.1070  -34.0607   39.9604
    0.4036   -0.1953    0.8938
   -0.5945    0.6867    0.4185
   -0.6955   -0.7003    0.1611
...    24 C-G ...
  -41.0669  -36.6767   40.4780
    0.0446    0.2317    0.9718
   -0.7296    0.6721   -0.1268
   -0.6824   -0.7033    0.1991
...    25 A-T ...
  -43.4598  -38.8817   41.1106
   -0.3172    0.6259    0.7125
   -0.6469    0.4065   -0.6452
   -0.6935   -0.6655    0.2760
...    26 A-T ...
  -45.5424  -41.1028   42.2392
   -0.6352    0.7381    0.2273
   -0.3500   -0.0128   -0.9366
   -0.6884   -0.6746    0.2665
...    27 A-T ...
  -47.7309  -43.2142   43.3704
   -0.7253    0.5998   -0.3379
    0.0732   -0.4208   -0.9042
   -0.6845   -0.6805    0.2613
...    28 G-C ...
  -50.1196  -45.2297   44.4255
   -0.5358    0.3413   -0.7723
    0.4355   -0.6719   -0.5991
   -0.7234   -0.6573    0.2113
...    29 G-C ...
  -52.7998  -47.1441   45.1188
   -0.1552   -0.0077   -0.9878
    0.6388   -0.7636   -0.0944
   -0.7536   -0.6456    0.1235
...    30 C-G ...
  -55.5613  -48.9362   45.3293
    0.2506   -0.3790   -0.8908
    0.6131   -0.6500    0.4490
   -0.7492   -0.6587    0.0695
...    31 C-G ...
  -58.2061  -51.0281   45.1426
    0.6047   -0.6008   -0.5229
    0.3697   -0.3697    0.8524
   -0.7054   -0.7088   -0.0015
...    32 G-C ...
  -60.3359  -53.5763   45.3209
    0.7899   -0.6128    0.0233
   -0.0416   -0.0156    0.9990
   -0.6118   -0.7901   -0.0378
...    33 G-C ...
  -62.1571  -56.3813   44.8326
    0.7006   -0.4546    0.5500
   -0.4700    0.2860    0.8351
   -0.5369   -0.8435   -0.0133
...    34 C-G ...
  -63.5660  -59.3536   44.5386
    0.3664   -0.1884    0.9112
   -0.7811    0.4698    0.4113
   -0.5055   -0.8624    0.0250
...    35 C-G ...
  -64.9150  -62.4372   44.7065
   -0.0623    0.1643    0.9844
   -0.8707    0.4731   -0.1340
   -0.4878   -0.8655    0.1136
...    36 C-G ...
  -66.3023  -65.4306   45.3669
   -0.4764    0.4614    0.7485
   -0.7181    0.2871   -0.6340
   -0.5074   -0.8395    0.1945
...    37 G-C ...
  -68.3203  -68.0429   45.8185
   -0.7382    0.6249    0.2540
   -0.3601   -0.0467   -0.9318
   -0.5704   -0.7793    0.2595
...    38 A-T ...
  -70.2034  -70.5397   46.7795
   -0.7950    0.5007   -0.3425
    0.1304   -0.4103   -0.9026
   -0.5925   -0.7622    0.2609
...    39 C-G ...
  -72.3984  -72.6531   48.0804
   -0.6010    0.2315   -0.7649
    0.5171   -0.6172   -0.5931
   -0.6094   -0.7520    0.2512
...    40 A-T ...
  -74.3465  -75.2492   48.7551
   -0.1520   -0.0919   -0.9841
    0.7507   -0.6584   -0.0545
   -0.6430   -0.7470    0.1690
...    41 C-G ...
  -76.9217  -77.3059   49.1004
    0.2730   -0.3993   -0.8752
    0.7192   -0.5196    0.4613
   -0.6389   -0.7554    0.1454
...    42 G-C ...
  -78.7797  -79.9977   49.7108
    0.6923   -0.5245   -0.4956
    0.4457   -0.2292    0.8653
   -0.5674   -0.8200    0.0751
...    43 A-T ...
  -80.6620  -82.6600   49.8286
    0.8494   -0.5207    0.0862
   -0.0322    0.1118    0.9932
   -0.5268   -0.8464    0.0781
...    44 C-G ...
  -82.1624  -85.5689   49.4859
    0.7379   -0.3522    0.5757
   -0.4651    0.3527    0.8120
   -0.4890   -0.8670    0.0964
...    45 T-A ...
  -83.4356  -88.6038   49.6618
    0.4368   -0.0506    0.8981
   -0.7891    0.4578    0.4096
   -0.4319   -0.8876    0.1600
...    46 T-A ...
  -84.5769  -91.5896   50.1504
   -0.0600    0.2336    0.9705
   -0.9043    0.3989   -0.1519
   -0.4226   -0.8868    0.1873
...    47 A-T ...
  -85.9688  -94.4898   50.9541
   -0.5176    0.4954    0.6977
   -0.7340    0.1620   -0.6596
   -0.4398   -0.8534    0.2797
...    48 C-G ...
  -87.0667  -97.2275   52.4382
   -0.8096    0.5303    0.2517
   -0.3750   -0.1373   -0.9168
   -0.4516   -0.8366    0.3100
...    49 T-A ...
  -88.6336  -99.7942   53.8069
   -0.8666    0.4155   -0.2763
    0.0841   -0.4242   -0.9017
   -0.4919   -0.8046    0.3326
...    50 G-C ...
  -90.3628 -102.5071   54.5981
   -0.6307    0.1473   -0.7619
    0.5487   -0.6096   -0.5721
   -0.5488   -0.7789    0.3036
...    51 T-A ...
  -92.6152 -104.6610   55.7802
   -0.2474   -0.1862   -0.9508
    0.7989   -0.5945   -0.0914
   -0.5483   -0.7822    0.2959
...    52 A-T ...
  -94.2214 -107.3950   56.8392
    0.2896   -0.5096   -0.8102
    0.7938   -0.3452    0.5008
   -0.5349   -0.7881    0.3046
...    53 G-C ...
  -96.1816 -109.9550   57.5842
    0.6927   -0.5614   -0.4528
    0.5372   -0.0174    0.8433
   -0.4813   -0.8274    0.2895
...    54 G-C ...
  -97.9175 -112.7825   58.2240
    0.9181   -0.3952    0.0295
    0.0919    0.2847    0.9542
   -0.3855   -0.8734    0.2977
...    55 T-A ...
  -99.0178 -115.8487   58.6183
    0.8606   -0.1437    0.4886
   -0.3841    0.4469    0.8079
   -0.3344   -0.8830    0.3294
...    56 A-T ...
  -99.6643 -118.9696   59.5999
    0.5898    0.2672    0.7621
   -0.7838    0.4166    0.4606
   -0.1944   -0.8689    0.4551
...    57 T-A ...
  -99.6445 -121.9540   60.9161
    0.1378    0.4675    0.8732
   -0.9750    0.2190    0.0366
   -0.1741   -0.8564    0.4860
...    58 C-G ...
 -100.0911 -124.6244   62.7097
   -0.4324    0.5526    0.7125
   -0.8878   -0.1230   -0.4434
   -0.1574   -0.8243    0.5438
...    59 T-A ...
 -100.4201 -127.1170   64.8372
   -0.8197    0.4530    0.3505
   -0.5469   -0.4371   -0.7140
   -0.1702   -0.7770    0.6061
...    60 C-G ...
 -101.1088 -129.5059   66.9682
   -0.9843    0.1143   -0.1348
    0.0297   -0.6451   -0.7636
   -0.1742   -0.7555    0.6315
...    61 G-C ...
 -101.7522 -132.2934   68.6807
   -0.7861   -0.2360   -0.5713
    0.5722   -0.6273   -0.5283
   -0.2337   -0.7422    0.6281
...    62 A-T ...
 -102.5811 -134.6406   70.8324
   -0.2953   -0.5671   -0.7689
    0.9295   -0.3566   -0.0940
   -0.2209   -0.7424    0.6325
...    63 G-C ...
 -103.6093 -137.0364   72.8813
    0.2456   -0.6393   -0.7287
    0.9512    0.0139    0.3084
   -0.1870   -0.7688    0.6115
...    64 C-G ...
 -104.6021 -139.5820   74.7538
    0.7274   -0.4899   -0.4805
    0.6734    0.3753    0.6369
   -0.1317   -0.7868    0.6029
...    65 T-A ...
 -105.0796 -142.3667   76.4567
    0.9766   -0.1584   -0.1457
    0.2114    0.5794    0.7871
   -0.0403   -0.7995    0.5993
...    66 C-G ...
 -105.1564 -145.0241   78.3194
    0.9265    0.2638    0.2683
   -0.3739    0.5657    0.7350
    0.0421   -0.7813    0.6227
...    67 G-C ...
 -104.8827 -147.4081   80.6132
    0.5757    0.6594    0.4835
   -0.7941    0.3097    0.5231
    0.1952   -0.6850    0.7019
...    68 T-A ...
 -103.6137 -149.5727   82.6770
    0.0867    0.7709    0.6311
   -0.9688   -0.0824    0.2336
    0.2321   -0.6317    0.7397
...    69 C-G ...
 -102.7518 -151.3538   85.2492
   -0.4899    0.6185    0.6144
   -0.8333   -0.5393   -0.1216
    0.2562   -0.5716    0.7795
...    70 A-T ...
 -102.1198 -153.1695   87.9496
   -0.8890    0.2546    0.3806
   -0.4016   -0.8329   -0.3808
    0.2200   -0.4914    0.8427
...    71 T-A ...
 -101.2713 -154.1247   91.0067
   -0.9620   -0.2209    0.1608
    0.1094   -0.8507   -0.5142
    0.2504   -0.4770    0.8425
...    72 G-C ...
 -100.4536 -155.9990   93.5985
   -0.7204   -0.6675   -0.1883
    0.6573   -0.5704   -0.4926
    0.2214   -0.4786    0.8497
...    73 T-A ...
 -100.2106 -157.3118   96.6786
   -0.2631   -0.8732   -0.4103
    0.9343   -0.1246   -0.3341
    0.2406   -0.4712    0.8486
...    74 T-A ...
  -99.7239 -158.7644   99.5562
    0.3305   -0.8030   -0.4960
    0.9062    0.4169   -0.0710
    0.2637   -0.4260    0.8654
...    75 A-T ...
  -98.7777 -160.0985  102.4516
    0.7737   -0.3816   -0.5057
    0.5382    0.8170    0.2069
    0.3342   -0.4322    0.8375
...    76 T-A ...
  -97.8847 -162.0608  104.9045
    0.9247    0.0862   -0.3708
    0.0838    0.9041    0.4191
    0.3714   -0.4186    0.8288
...    77 A-T ...
  -96.2735 -163.8235  107.2582
    0.7338    0.6057   -0.3078
   -0.3619    0.7318    0.5775
    0.5750   -0.3124    0.7562
...    78 A-T ...
  -94.2041 -164.8207  109.5008
    0.3758    0.9266   -0.0154
   -0.6799    0.2870    0.6748
    0.6297   -0.2431    0.7378
...    79 C-G ...
  -91.6554 -165.4777  111.4112
   -0.0589    0.9604    0.2722
   -0.7482   -0.2230    0.6249
    0.6609   -0.1669    0.7317
...    80 G-C ...
  -89.7215 -165.5871  114.1280
   -0.5332    0.7026    0.4713
   -0.5216   -0.7116    0.4708
    0.6661    0.0052    0.7459
...    81 G-C ...
  -87.6170 -164.9372  116.7036
   -0.7676    0.2079    0.6063
   -0.1010   -0.9733    0.2059
    0.6329    0.0968    0.7681
...    82 A-T ...
  -85.6261 -164.4335  119.2880
   -0.6630   -0.4125    0.6247
    0.3950   -0.9017   -0.1762
    0.6359    0.1299    0.7608
...    83 G-C ...
  -83.6821 -163.7135  121.8962
   -0.3453   -0.8324    0.4335
    0.6913   -0.5380   -0.4823
    0.6347    0.1332    0.7612
...    84 G-C ...
  -81.6911 -163.0786  124.5535
    0.0733   -0.9951    0.0667
    0.7547    0.0116   -0.6559
    0.6519    0.0985    0.7519
...    85 A-T ...
  -79.6548 -162.5772  127.0783
    0.4928   -0.7987   -0.3452
    0.5401    0.5918   -0.5984
    0.6822    0.1085    0.7230
...    86 T-A ...
  -77.7151 -162.7265  129.7268
    0.6884   -0.3956   -0.6080
    0.2052    0.9101   -0.3599
    0.6957    0.1230    0.7077
...    87 C-G ...
  -75.4610 -162.3830  132.0552
    0.6229    0.1851   -0.7601
   -0.2355    0.9709    0.0435
    0.7460    0.1519    0.6483
...    88 C-G ...
  -72.7477 -162.1698  134.0253
    0.2949    0.6318   -0.7168
   -0.5108    0.7382    0.4405
    0.8075    0.2363    0.5405
...    89 G-C ...
  -70.0929 -160.9768  135.6464
   -0.1724    0.8653   -0.4706
   -0.5306    0.3209    0.7845
    0.8299    0.3850    0.4038
...    90 C-G ...
  -67.2487 -159.4974  136.3705
   -0.4864    0.8736   -0.0120
   -0.3134   -0.1616    0.9358
    0.8156    0.4590    0.3524
...    91 T-A ...
  -64.6310 -157.6470  137.1547
   -0.6295    0.6317    0.4525
    0.0423   -0.5536    0.8317
    0.7759    0.5427    0.3217
...    92 T-A ...
  -62.1924 -155.6391  137.9331
   -0.4659    0.2214    0.8567
    0.4101   -0.8039    0.4308
    0.7840    0.5521    0.2838
...    93 T-A ...
  -59.8175 -153.5303  138.6900
   -0.0931   -0.2491    0.9640
    0.6035   -0.7842   -0.1443
    0.7919    0.5684    0.2233
...    94 A-T ...
  -56.8234 -151.9356  138.9582
    0.3960   -0.6462    0.6524
    0.4880   -0.4538   -0.7456
    0.7779    0.6136    0.1357
...    95 A-T ...
  -54.4531 -149.7983  139.6236
    0.6375   -0.7629    0.1074
    0.1430   -0.0199   -0.9895
    0.7571    0.6462    0.0964
...    96 C-G ...
  -51.9800 -147.7869  140.5046
    0.5976   -0.6794   -0.4258
   -0.2240    0.3684   -0.9023
    0.7699    0.6345    0.0680
...    97 A-T ...
  -49.4868 -145.5821  140.5627
    0.2695   -0.4386   -0.8574
   -0.5176    0.6848   -0.5130
    0.8121    0.5820   -0.0425
...    98 C-G ...
  -46.5257 -144.2138  140.5000
   -0.0826   -0.0691   -0.9942
   -0.5788    0.8154   -0.0086
    0.8113    0.5747   -0.1073
...    99 T-A ...
  -43.7424 -142.6027  139.8283
   -0.4495    0.2889   -0.8452
   -0.4321    0.7579    0.4888
    0.7818    0.5850   -0.2158
...   100 T-A ...
  -41.2100 -140.8491  138.8715
   -0.6510    0.6258   -0.4296
   -0.0983    0.4917    0.8652
    0.7527    0.6055   -0.2586
...   101 T-A ...
  -38.8617 -138.9418  137.7279
   -0.6152    0.7783    0.1253
    0.2966    0.0812    0.9515
    0.7304    0.6226   -0.2809
...   102 A-T ...
  -36.5761 -136.7182  136.7783
   -0.3729    0.6483    0.6638
    0.6301   -0.3482    0.6941
    0.6811    0.6771   -0.2787
...   103 T-A ...
  -34.8833 -134.1831  135.4970
    0.0075    0.3948    0.9187
    0.7374   -0.6227    0.2616
    0.6754    0.6755   -0.2958
...   104 G-C ...
  -32.4740 -132.0739  134.6627
    0.3918   -0.0715    0.9173
    0.6182   -0.7179   -0.3200
    0.6814    0.6925   -0.2371
...   105 C-G ...
  -30.4287 -129.5209  134.0867
    0.6494   -0.4682    0.5992
    0.3040   -0.5624   -0.7689
    0.6970    0.6816   -0.2229
...   106 T-A ...
  -28.1207 -127.1857  133.6562
    0.6824   -0.7216    0.1170
   -0.0819   -0.2345   -0.9687
    0.7264    0.6514   -0.2190
...   107 T-A ...
  -25.7371 -125.0290  133.2098
    0.5184   -0.7269   -0.4504
   -0.4654    0.2020   -0.8617
    0.7174    0.6564   -0.2336
...   108 C-G ...
  -23.3343 -122.9407  132.4844
    0.1175   -0.5104   -0.8519
   -0.6817    0.5824   -0.4429
    0.7222    0.6327   -0.2795
...   109 C-G ...
  -20.6852 -121.1288  131.4784
   -0.3386   -0.1969   -0.9201
   -0.6298    0.7740    0.0661
    0.6991    0.6018   -0.3860
...   110 G-C ...
  -18.6448 -118.9364  130.0231
   -0.7208    0.1585   -0.6748
   -0.3213    0.7862    0.5279
    0.6142    0.5973   -0.5157
...   111 G-C ...
  -16.7780 -117.1645  127.8341
   -0.8406    0.4853   -0.2405
    0.1316    0.6137    0.7785
    0.5254    0.6228   -0.5798
...   112 C-G ...
  -15.3875 -115.2518  125.5258
   -0.6652    0.7059    0.2433
    0.5772    0.2795    0.7673
    0.4736    0.6508   -0.5934
...   113 T-A ...
  -14.2111 -113.0404  123.3604
   -0.2943    0.7119    0.6377
    0.8563   -0.0999    0.5067
    0.4244    0.6952   -0.5802
...   114 C-G ...
  -12.9718 -110.6520  121.4901
    0.2520    0.5065    0.8246
    0.8751   -0.4831    0.0293
    0.4132    0.7142   -0.5650
...   115 G-C ...
  -11.2534 -108.4640  119.6508
    0.6581    0.0892    0.7476
    0.6007   -0.6608   -0.4500
    0.4538    0.7452   -0.4885
...   116 T-A ...
  -10.0374 -105.6195  118.4429
    0.8656   -0.2813    0.4143
    0.1709   -0.6118   -0.7724
    0.4707    0.7394   -0.4815
...   117 A-T ...
   -8.4966 -103.2849  116.6212
    0.7824   -0.6115   -0.1177
   -0.3818   -0.3218   -0.8664
    0.4919    0.7229   -0.4852
...   118 T-A ...
   -6.5239 -100.8574  115.6013
    0.4832   -0.6933   -0.5346
   -0.7251    0.0253   -0.6882
    0.4906    0.7202   -0.4905
...   119 A-T ...
   -4.9297  -98.5284  113.8443
   -0.0593   -0.6008   -0.7972
   -0.8642    0.4306   -0.2602
    0.4996    0.6735   -0.5448
...   120 A-T ...
   -3.1122  -96.5424  112.0410
   -0.5390   -0.2668   -0.7990
   -0.6829    0.6936    0.2291
    0.4931    0.6691   -0.5561
...   121 T-A ...
   -1.2001  -94.9050  109.9305
   -0.8141    0.1052   -0.5711
   -0.3223    0.7362    0.5951
    0.4830    0.6686   -0.5654
...   122 G-C ...
    0.1408  -92.5745  107.9635
   -0.9060    0.4157   -0.0804
    0.1955    0.5792    0.7914
    0.3755    0.7013   -0.6060
...   123 T-A ...
    1.0195  -90.5588  105.4948
   -0.6895    0.6285    0.3600
    0.6370    0.2897    0.7144
    0.3447    0.7219   -0.6001
...   124 G-C ...
    2.0836  -87.9870  103.6708
   -0.2525    0.6033    0.7565
    0.9238   -0.0823    0.3739
    0.2879    0.7932   -0.5366
...   125 T-A ...
    2.3977  -85.2445  101.8453
    0.2515    0.4493    0.8572
    0.9241   -0.3749   -0.0746
    0.2879    0.8109   -0.5095
...   126 C-G ...
    3.2720  -82.5049  100.2863
    0.7321    0.1213    0.6703
    0.6104   -0.5538   -0.5664
    0.3025    0.8238   -0.4795
...   127 G-C ...
    4.5698  -79.9897   98.5176
    0.9109   -0.2898    0.2937
    0.1182   -0.4986   -0.8588
    0.3953    0.8170   -0.4199
...   128 A-T ...
    5.9080  -77.2871   97.2471
    0.7970   -0.5498   -0.2501
   -0.4309   -0.2273   -0.8733
    0.4233    0.8038   -0.4180
...   129 C-G ...
    7.7238  -74.6682   96.3501
    0.4480   -0.6063   -0.6570
   -0.7769    0.0996   -0.6217
    0.4424    0.7890   -0.4265
...   130 C-G ...
    9.5298  -72.2144   94.9116
   -0.0749   -0.5150   -0.8539
   -0.8855    0.4281   -0.1805
    0.4585    0.7426   -0.4881
...   131 A-T ...
   10.8813  -69.7071   93.2047
   -0.6008   -0.2488   -0.7597
   -0.6777    0.6627    0.3189
    0.4241    0.7064   -0.5667
...   132 A-T ...
   12.3767  -67.6336   91.2006
   -0.8764    0.1715   -0.4501
   -0.2238    0.6826    0.6957
    0.4265    0.7104   -0.5598
...   133 A-T ...
   13.7233  -65.5057   89.1524
   -0.8525    0.5223    0.0207
    0.3045    0.4640    0.8319
    0.4249    0.7155   -0.5546
...   134 T-A ...
   14.7284  -63.4125   86.8245
   -0.5924    0.6746    0.4405
    0.6886    0.1400    0.7115
    0.4183    0.7248   -0.5474
...   135 G-C ...
   15.7212  -61.4790   83.9378
    0.0342    0.7399    0.6718
    0.8637   -0.3601    0.3526
    0.5028    0.5682   -0.6514
...   136 T-A ...
   15.7740  -59.5466   80.8037
    0.5516    0.4996    0.6680
    0.6739   -0.7388   -0.0038
    0.4916    0.4523   -0.7442
...   137 G-C ...
   16.8281  -57.7078   78.2738
    0.8528   -0.0847    0.5152
    0.1508   -0.9047   -0.3984
    0.4999    0.4175   -0.7588
...   138 A-T ...
   18.4177  -55.5143   76.5363
    0.8547   -0.5007    0.1370
   -0.3189   -0.7148   -0.6224
    0.4096    0.4883   -0.7706
...   139 G-C ...
   20.4153  -54.2947   74.5497
    0.5847   -0.7389   -0.3350
   -0.7594   -0.3532   -0.5465
    0.2854    0.5739   -0.7676
...   140 C-G ...
   21.4164  -51.8109   72.7950
    0.1305   -0.7142   -0.6876
   -0.8897    0.2217   -0.3991
    0.4375    0.6639   -0.6065
...   141 G-C ...
   22.1407  -50.1332   67.4725
   -0.4682   -0.8748    0.1248
   -0.8495    0.4067   -0.3362
    0.2434   -0.2634   -0.9335
...   142 C-G ...
   22.3378  -51.2254   64.5019
   -0.8529   -0.5117   -0.1032
   -0.4974    0.8566   -0.1372
    0.1587   -0.0657   -0.9851
...   143 T-A ...
   24.0060  -51.6203   61.9333
   -0.9563    0.0399   -0.2897
    0.0522    0.9980   -0.0348
    0.2877   -0.0484   -0.9565
...   144 C-G ...
   24.8858  -52.7209   58.9948
   -0.7530    0.5560   -0.3520
    0.5213    0.8304    0.1966
    0.4016   -0.0355   -0.9151
...   145 A-T ...
   25.5174  -52.9612   55.8128
   -0.2441    0.9563   -0.1609
    0.8907    0.2867    0.3528
    0.3835   -0.0571   -0.9218
...   146 C-G ...
   25.2678  -52.4927   52.0871
    0.3203    0.9428   -0.0928
    0.8825   -0.2613    0.3910
    0.3444   -0.2071   -0.9157
...   147 A-T ...
   25.6134  -52.5734   48.6479
    0.8597    0.5097    0.0339
    0.4498   -0.7866    0.4230
    0.2423   -0.3484   -0.9055
