  147 base-pairs
...     1 T-A ...
    0.0000    0.0000    0.0000
    1.0000    0.0000    0.0000
    0.0000    1.0000    0.0000
    0.0000    0.0000    1.0000
...     2 G-C ...
   -0.5555   -1.1003    3.3981
    0.7749    0.6051    0.1828
   -0.5991    0.7953   -0.0929
   -0.2016   -0.0375    0.9787
...     3 T-A ...
   -0.6619   -3.0237    6.5348
    0.3046    0.9250    0.2271
   -0.8994    0.3578   -0.2510
   -0.3134   -0.1278    0.9410
...     4 G-C ...
   -1.1607   -3.8418    9.6940
   -0.3351    0.9421    0.0133
   -0.8752   -0.3061   -0.3746
   -0.3489   -0.1372    0.9271
...     5 A-T ...
   -1.3881   -3.6770   12.8999
   -0.7835    0.6162   -0.0801
   -0.5677   -0.7622   -0.3109
   -0.2527   -0.1981    0.9470
...     6 G-C ...
   -2.6236   -3.5448   15.7072
   -0.9923    0.0611   -0.1075
   -0.0294   -0.9610   -0.2748
   -0.1201   -0.2695    0.9555
...     7 C-G ...
   -2.3138   -3.7570   18.8866
   -0.8620   -0.4995   -0.0864
    0.5008   -0.8655    0.0073
   -0.0785   -0.0370    0.9962
...     8 G-C ...
   -3.9561   -6.8109   23.3205
   -0.2581   -0.3560   -0.8981
    0.6294   -0.7673    0.1233
   -0.7330   -0.5335    0.4221
...     9 C-G ...
   -6.1177   -8.9414   24.2385
    0.1143   -0.7320   -0.6716
    0.8123   -0.3203    0.4874
   -0.5720   -0.6013    0.5580
...    10 T-A ...
   -8.5041   -9.6771   26.0540
    0.4660   -0.8587   -0.2131
    0.6274    0.1508    0.7640
   -0.6239   -0.4897    0.6090
...    11 C-G ...
  -11.0625  -11.3174   27.2336
    0.6660   -0.6911    0.2808
    0.3382    0.6152    0.7121
   -0.6649   -0.3794    0.6435
...    12 A-T ...
  -13.0013  -13.1789   29.0658
    0.7188   -0.1490    0.6790
   -0.1787    0.9043    0.3876
   -0.6718   -0.4000    0.6235
...    13 C-G ...
  -14.1788  -15.9359   31.3399
    0.4052    0.2865    0.8682
   -0.5270    0.8492   -0.0343
   -0.7470   -0.4437    0.4951
...    14 A-T ...
  -15.9532  -18.1566   33.3080
   -0.1503    0.6873    0.7107
   -0.6106    0.5008   -0.6135
   -0.7776   -0.5261    0.3444
...    15 A-T ...
  -18.3597  -19.9995   34.4505
   -0.4704    0.8523    0.2289
   -0.3939    0.0294   -0.9187
   -0.7897   -0.5223    0.3219
...    16 T-A ...
  -20.7382  -21.6539   36.2163
   -0.6399    0.7128   -0.2871
   -0.0616   -0.4200   -0.9054
   -0.7660   -0.5617    0.3127
...    17 T-A ...
  -23.2534  -23.2958   37.5627
   -0.5773    0.3128   -0.7542
    0.3419   -0.7462   -0.5712
   -0.7415   -0.5877    0.3238
...    18 T-A ...
  -25.7568  -25.0437   38.6124
   -0.2546   -0.1203   -0.9595
    0.5998   -0.7979   -0.0592
   -0.7585   -0.5906    0.2753
...    19 A-T ...
  -28.2007  -27.1316   39.2792
    0.1966   -0.4411   -0.8756
    0.6245   -0.6321    0.4587
   -0.7558   -0.6371    0.1512
...    20 T-A ...
  -31.0350  -28.8340   39.2712
    0.4948   -0.6920   -0.5257
    0.4370   -0.3247    0.8388
   -0.7511   -0.6448    0.1417
...    21 T-A ...
  -33.5597  -30.9157   39.4092
    0.6638   -0.7473    0.0294
    0.0721    0.1031    0.9921
   -0.7444   -0.6564    0.1223
...    22 C-G ...
  -35.9134  -33.1708   39.7525
    0.6093   -0.5292    0.5905
   -0.3406    0.4978    0.7976
   -0.7161   -0.6871    0.1230
...    23 G-C ...
  -38.3303  -35.2744   40.8010
    0.4095   -0.0724    0.9094
   -0.6639    0.6600    0.3515
   -0.6257   -0.7477    0.2222
...    24 C-G ...
  -40.0759  -37.9643   41.4657
    0.0362    0.3236    0.9455
   -0.7807    0.5997   -0.1753
   -0.6238   -0.7319    0.2744
...    25 A-T ...
  -42.4812  -40.1520   42.1020
   -0.3874    0.6455    0.6582
   -0.6610    0.3032   -0.6864
   -0.6427   -0.7010    0.3092
...    26 A-T ...
  -44.4943  -42.4486   43.3088
   -0.6991    0.6978    0.1561
   -0.3232   -0.1137   -0.9395
   -0.6378   -0.7072    0.3050
...    27 A-T ...
  -46.4510  -44.6856   44.6443
   -0.7712    0.4886   -0.4080
    0.1531   -0.4798   -0.8639
   -0.6179   -0.7287    0.2952
...    28 G-C ...
  -48.7628  -46.7891   45.8989
   -0.5364    0.2025   -0.8193
    0.5264   -0.6785   -0.5123
   -0.6597   -0.7061    0.2574
...    29 G-C ...
  -51.3297  -48.9375   46.7065
   -0.0936   -0.1479   -0.9846
    0.7285   -0.6843    0.0336
   -0.6787   -0.7141    0.1718
...    30 C-G ...
  -53.8527  -51.0066   46.9784
    0.3578   -0.4482   -0.8192
    0.6497   -0.5107    0.5631
   -0.6708   -0.7337    0.1084
...    31 C-G ...
  -56.3068  -53.2809   47.1399
    0.7082   -0.5892   -0.3890
    0.3383   -0.2004    0.9194
   -0.6197   -0.7828    0.0574
...    32 G-C ...
  -57.9624  -55.8233   47.4727
    0.8473   -0.5184    0.1151
   -0.0835    0.0840    0.9930
   -0.5244   -0.8510    0.0279
...    33 G-C ...
  -59.2141  -58.9516   47.3955
    0.6977   -0.3334    0.6341
   -0.5523    0.3134    0.7725
   -0.4563   -0.8892    0.0345
...    34 C-G ...
  -60.3179  -62.0357   47.3430
    0.3047   -0.0661    0.9502
   -0.8525    0.4259    0.3030
   -0.4247   -0.9023    0.0734
...    35 C-G ...
  -61.3515  -65.2363   47.8825
   -0.1926    0.2272    0.9546
   -0.8928    0.3630   -0.2666
   -0.4071   -0.9037    0.1330
...    36 C-G ...
  -62.5371  -68.2863   48.5920
   -0.6306    0.4297    0.6462
   -0.6595    0.1421   -0.7381
   -0.4091   -0.8917    0.1938
...    37 G-C ...
  -64.2075  -71.2491   48.3869
   -0.8598    0.4971    0.1167
   -0.2012   -0.1198   -0.9722
   -0.4693   -0.8594    0.2030
...    38 A-T ...
  -65.5938  -74.0013   49.0716
   -0.8139    0.3401   -0.4710
    0.3447   -0.3700   -0.8627
   -0.4677   -0.8645    0.1839
...    39 C-G ...
  -67.5116  -76.4571   49.8638
   -0.5008    0.1399   -0.8542
    0.7083   -0.5010   -0.4973
   -0.4975   -0.8540    0.1518
...    40 A-T ...
  -69.2979  -79.2483   50.2222
    0.0289   -0.0969   -0.9949
    0.8604   -0.5042    0.0741
   -0.5088   -0.8581    0.0688
...    41 C-G ...
  -71.3087  -81.8570   49.9999
    0.4821   -0.2974   -0.8241
    0.7235   -0.3954    0.5659
   -0.4942   -0.8690    0.0246
...    42 G-C ...
  -72.5929  -84.8911   50.3709
    0.8442   -0.4027   -0.3537
    0.3091   -0.1733    0.9351
   -0.4379   -0.8988   -0.0218
...    43 A-T ...
  -74.0766  -87.6770   50.2694
    0.8721   -0.4188    0.2530
   -0.2289    0.1079    0.9675
   -0.4325   -0.9016   -0.0017
...    44 C-G ...
  -75.1817  -90.7186   49.6172
    0.6504   -0.2478    0.7180
   -0.6574    0.2898    0.6955
   -0.3805   -0.9244    0.0256
...    45 T-A ...
  -75.8761  -94.2541   49.5381
    0.1947    0.0070    0.9808
   -0.9119    0.3695    0.1784
   -0.3612   -0.9292    0.0783
...    46 T-A ...
  -76.7072  -97.3607   49.7501
   -0.2737    0.2065    0.9394
   -0.8925    0.3095   -0.3281
   -0.3585   -0.9282    0.0996
...    47 A-T ...
  -77.8927 -100.3937   50.2960
   -0.6813    0.4374    0.5870
   -0.6074    0.1098   -0.7868
   -0.4086   -0.8925    0.1909
...    48 C-G ...
  -79.0155 -103.2406   51.5998
   -0.8876    0.4532    0.0823
   -0.1704   -0.1571   -0.9728
   -0.4279   -0.8775    0.2167
...    49 T-A ...
  -80.5550 -105.9612   52.8334
   -0.8139    0.3667   -0.4506
    0.2920   -0.4122   -0.8630
   -0.5023   -0.8340    0.2284
...    50 G-C ...
  -82.3769 -108.7204   53.3770
   -0.4569    0.1444   -0.8777
    0.6900   -0.5652   -0.4521
   -0.5614   -0.8122    0.1586
...    51 T-A ...
  -84.6053 -110.9710   53.8811
   -0.0322   -0.1441   -0.9890
    0.8226   -0.5658    0.0557
   -0.5676   -0.8118    0.1367
...    52 A-T ...
  -86.2432 -113.8105   54.3507
    0.4824   -0.4342   -0.7608
    0.6770   -0.3664    0.6383
   -0.5559   -0.8229    0.1172
...    53 G-C ...
  -88.2304 -116.3665   54.5668
    0.7967   -0.4879   -0.3565
    0.3556   -0.0985    0.9294
   -0.4886   -0.8673    0.0950
...    54 G-C ...
  -90.0000 -119.4987   54.0254
    0.9039   -0.3889    0.1781
   -0.1210    0.1669    0.9785
   -0.4103   -0.9060    0.1038
...    55 T-A ...
  -90.8591 -122.6691   53.7194
    0.7303   -0.1938    0.6551
   -0.5766    0.3394    0.7432
   -0.3664   -0.9204    0.1362
...    56 C-G ...
  -91.8746 -125.6330   54.2699
    0.3286    0.0912    0.9401
   -0.8910    0.3602    0.2765
   -0.3134   -0.9284    0.1996
...    57 A-T ...
  -92.4702 -128.9522   54.8501
   -0.1390    0.3835    0.9130
   -0.9591    0.1776   -0.2206
   -0.2467   -0.9063    0.3431
...    58 T-A ...
  -92.8407 -131.8539   56.2416
   -0.5760    0.4712    0.6679
   -0.7743   -0.0527   -0.6306
   -0.2620   -0.8804    0.3952
...    59 G-C ...
  -93.7437 -134.7242   57.8590
   -0.8958    0.4207    0.1430
   -0.3076   -0.3548   -0.8829
   -0.3207   -0.8349    0.4473
...    60 T-A ...
  -94.7876 -137.1868   59.9065
   -0.9231    0.1594   -0.3499
    0.2168   -0.5359   -0.8160
   -0.3176   -0.8291    0.4601
...    61 T-A ...
  -95.9051 -139.7129   61.5483
   -0.6508   -0.2053   -0.7309
    0.6982   -0.5400   -0.4700
   -0.2982   -0.8162    0.4948
...    62 A-T ...
  -96.6246 -142.6249   63.2028
   -0.0672   -0.5354   -0.8419
    0.9614   -0.2603    0.0888
   -0.2667   -0.8035    0.5323
...    63 T-A ...
  -98.1360 -145.0876   64.7137
    0.4151   -0.6141   -0.6713
    0.8727    0.0604    0.4844
   -0.2569   -0.7869    0.5610
...    64 A-T ...
  -98.9042 -147.6949   66.7069
    0.8626   -0.4271   -0.2712
    0.4557    0.4231    0.7832
   -0.2198   -0.7991    0.5595
...    65 A-T ...
  -99.6111 -150.3194   68.3288
    0.9828   -0.0937    0.1592
   -0.0723    0.5977    0.7984
   -0.1700   -0.7962    0.5807
...    66 C-G ...
  -99.8828 -153.3670   69.7395
    0.8045    0.2821    0.5227
   -0.5806    0.5595    0.5915
   -0.1256   -0.7794    0.6139
...    67 G-C ...
 -100.2371 -155.4759   72.1873
    0.4243    0.6820    0.5957
   -0.9054    0.3082    0.2920
    0.0156   -0.6632    0.7483
...    68 G-C ...
  -99.8090 -157.0729   75.0311
   -0.1032    0.8267    0.5531
   -0.9899   -0.1400    0.0245
    0.0977   -0.5449    0.8328
...    69 A-T ...
  -99.2512 -158.7185   77.8330
   -0.6644    0.6038    0.4405
   -0.7399   -0.6149   -0.2730
    0.1060   -0.5073    0.8552
...    70 T-A ...
  -98.5039 -159.7717   80.8515
   -0.9447    0.2053    0.2556
   -0.3029   -0.8447   -0.4413
    0.1253   -0.4944    0.8602
...    71 A-T ...
  -98.0354 -161.1986   83.9506
   -0.9202   -0.3895   -0.0402
    0.3551   -0.7869   -0.5046
    0.1649   -0.4786    0.8624
...    72 T-A ...
  -97.8405 -162.1488   87.1320
   -0.5979   -0.7624   -0.2475
    0.7743   -0.4695   -0.4242
    0.2072   -0.4453    0.8711
...    73 C-G ...
  -97.4426 -163.6017   90.1273
    0.0073   -0.9016   -0.4324
    0.9701    0.1113   -0.2158
    0.2427   -0.4179    0.8755
...    74 T-A ...
  -96.8943 -165.2365   93.0145
    0.4997   -0.6904   -0.5231
    0.8201    0.5715    0.0292
    0.2788   -0.4436    0.8518
...    75 C-G ...
  -96.0967 -166.7686   95.9466
    0.8628   -0.2191   -0.4557
    0.3762    0.8803    0.2891
    0.3378   -0.4209    0.8419
...    76 G-C ...
  -94.6821 -167.7313   98.7446
    0.8243    0.3160   -0.4697
   -0.0741    0.8828    0.4639
    0.5612   -0.3476    0.7511
...    77 A-T ...
  -93.0001 -168.7943  101.3033
    0.5843    0.7752   -0.2402
   -0.5226    0.5858    0.6195
    0.6209   -0.2364    0.7474
...    78 G-C ...
  -90.5042 -169.4280  103.4010
    0.1743    0.9846    0.0121
   -0.7160    0.1183    0.6880
    0.6760   -0.1286    0.7256
...    79 C-G ...
  -87.8176 -169.5397  105.4389
   -0.2995    0.8896    0.3450
   -0.6612   -0.4542    0.5971
    0.6878   -0.0493    0.7242
...    80 T-A ...
  -85.3750 -169.4308  107.6231
   -0.6291    0.5288    0.5698
   -0.3691   -0.8483    0.3798
    0.6842    0.0286    0.7288
...    81 C-G ...
  -83.5770 -169.4233  110.3035
   -0.7343   -0.0558    0.6766
    0.1287   -0.9900    0.0580
    0.6666    0.1297    0.7341
...    82 G-C ...
  -81.1907 -170.0492  112.8295
   -0.5372   -0.6139    0.5783
    0.5605   -0.7723   -0.2992
    0.6303    0.1634    0.7590
...    83 G-C ...
  -79.1794 -169.3269  115.4326
   -0.1542   -0.9422    0.2973
    0.7503   -0.3075   -0.5852
    0.6429    0.1328    0.7544
...    84 G-C ...
  -77.1886 -168.8288  118.0632
    0.2240   -0.9664   -0.1259
    0.7162    0.2508   -0.6513
    0.6610    0.0558    0.7483
...    85 A-T ...
  -75.1889 -168.6804  120.7370
    0.5990   -0.6293   -0.4952
    0.4276    0.7742   -0.4666
    0.6770    0.0678    0.7329
...    86 T-A ...
  -73.1325 -169.0290  123.2906
    0.7102   -0.1473   -0.6884
    0.0547    0.9865   -0.1546
    0.7018    0.0721    0.7087
...    87 C-G ...
  -70.7380 -168.9697  125.5210
    0.5680    0.4372   -0.6973
   -0.3635    0.8934    0.2641
    0.7384    0.1034    0.6663
...    88 C-G ...
  -68.3703 -168.8635  127.7947
    0.1752    0.7938   -0.5824
   -0.6037    0.5539    0.5733
    0.7777    0.2512    0.5763
...    89 G-C ...
  -66.0309 -167.5807  129.7594
   -0.3108    0.8964   -0.3160
   -0.5558    0.0983    0.8255
    0.7710    0.4322    0.4677
...    90 C-G ...
  -63.2619 -165.7707  130.7777
   -0.5903    0.7835    0.1941
   -0.2478   -0.4047    0.8802
    0.7682    0.4715    0.4331
...    91 T-A ...
  -60.9606 -163.4306  132.0078
   -0.6259    0.4237    0.6547
    0.1965   -0.7267    0.6582
    0.7547    0.5407    0.3716
...    92 T-A ...
  -58.6525 -161.3315  132.9886
   -0.3420   -0.0450    0.9386
    0.5344   -0.8309    0.1549
    0.7730    0.5546    0.3082
...    93 T-A ...
  -56.3712 -159.1553  133.8860
    0.0862   -0.4706    0.8781
    0.6200   -0.6647   -0.4170
    0.7799    0.5803    0.2344
...    94 A-T ...
  -53.4841 -157.5139  133.8022
    0.5554   -0.6851    0.4713
    0.3946   -0.2818   -0.8746
    0.7320    0.6717    0.1139
...    95 A-T ...
  -51.2248 -155.2889  134.2728
    0.6938   -0.7140   -0.0936
   -0.0154    0.1152   -0.9932
    0.7200    0.6906    0.0690
...    96 C-G ...
  -48.7279 -153.1935  135.0510
    0.5648   -0.5653   -0.6012
   -0.3926    0.4567   -0.7983
    0.7259    0.6869    0.0360
...    97 A-T ...
  -46.2532 -151.0024  135.1488
    0.1694   -0.3010   -0.9385
   -0.6388    0.6916   -0.3371
    0.7505    0.6566   -0.0751
...    98 C-G ...
  -43.3826 -149.3805  134.7095
   -0.2155    0.0513   -0.9752
   -0.6314    0.7545    0.1792
    0.7449    0.6543   -0.1302
...    99 T-A ...
  -40.5429 -147.4672  133.7147
   -0.6021    0.3908   -0.6962
   -0.3923    0.6147    0.6843
    0.6954    0.6851   -0.2168
...   100 T-A ...
  -38.2853 -145.4104  132.6146
   -0.7284    0.6588   -0.1880
    0.0240    0.2988    0.9540
    0.6847    0.6904   -0.2335
...   101 T-A ...
  -36.1750 -143.1865  131.6016
   -0.6081    0.6996    0.3753
    0.4342   -0.1027    0.8950
    0.6646    0.7072   -0.2413
...   102 A-T ...
  -33.9458 -140.7702  130.9161
   -0.2563    0.4886    0.8340
    0.7254   -0.4731    0.5000
    0.6389    0.7331   -0.2332
...   103 T-A ...
  -32.5028 -138.0176  129.8729
    0.1022    0.1988    0.9747
    0.7745   -0.6307    0.0475
    0.6242    0.7501   -0.2184
...   104 G-C ...
  -30.5707 -135.3687  129.3794
    0.4948   -0.2889    0.8196
    0.5778   -0.5950   -0.5586
    0.6490    0.7500   -0.1275
...   105 C-G ...
  -28.4746 -132.8267  129.3609
    0.7114   -0.5891    0.3831
    0.2017   -0.3510   -0.9144
    0.6732    0.7278   -0.1309
...   106 T-A ...
  -26.1187 -130.3308  129.3715
    0.6845   -0.7032   -0.1921
   -0.2213    0.0507   -0.9739
    0.6946    0.7092   -0.1209
...   107 T-A ...
  -23.8141 -128.1197  129.1632
    0.4195   -0.5907   -0.6892
   -0.5638    0.4255   -0.7079
    0.7114    0.6856   -0.1545
...   108 C-G ...
  -21.2851 -126.0716  128.6478
   -0.0207   -0.3026   -0.9529
   -0.6974    0.6873   -0.2031
    0.7163    0.6604   -0.2252
...   109 C-G ...
  -18.8165 -124.0116  127.9979
   -0.4687   -0.0098   -0.8833
   -0.5913    0.7463    0.3055
    0.6563    0.6655   -0.3555
...   110 G-C ...
  -17.0899 -121.8126  126.7814
   -0.7823    0.2632   -0.5646
   -0.2608    0.6848    0.6805
    0.5657    0.6796   -0.4670
...   111 G-C ...
  -15.6579 -119.5744  124.7274
   -0.8429    0.5330   -0.0734
    0.2275    0.4768    0.8491
    0.4876    0.6990   -0.5231
...   112 C-G ...
  -14.5861 -117.2910  122.4996
   -0.6058    0.6774    0.4174
    0.6595    0.1341    0.7396
    0.4451    0.7233   -0.5280
...   113 T-A ...
  -13.3896 -114.9191  120.5472
   -0.1940    0.6248    0.7563
    0.8916   -0.2093    0.4016
    0.4092    0.7522   -0.5164
...   114 C-G ...
  -11.9622 -112.3743  119.0634
    0.3435    0.3736    0.8616
    0.8596   -0.4945   -0.1283
    0.3782    0.7848   -0.4910
...   115 G-C ...
  -10.3500 -110.0707  117.3340
    0.7554   -0.0160    0.6551
    0.5135   -0.6067   -0.6069
    0.4071    0.7948   -0.4501
...   116 T-A ...
   -8.9863 -107.2481  116.3877
    0.8981   -0.3561    0.2582
    0.0475   -0.5050   -0.8618
    0.4373    0.7862   -0.4366
...   117 A-T ...
   -7.3226 -104.4426  115.3868
    0.7377   -0.6270   -0.2503
   -0.4633   -0.2005   -0.8632
    0.4910    0.7528   -0.4384
...   118 T-A ...
   -5.3297 -102.0329  114.5483
    0.4193   -0.6371   -0.6468
   -0.7715    0.1255   -0.6237
    0.4785    0.7605   -0.4389
...   119 A-T ...
   -3.8941  -99.5019  112.9304
   -0.1213   -0.5015   -0.8566
   -0.8639    0.4783   -0.1577
    0.4888    0.7209   -0.4913
...   120 A-T ...
   -2.0872  -97.4188  111.2379
   -0.5977   -0.1846   -0.7802
   -0.6508    0.6800    0.3377
    0.4682    0.7096   -0.5266
...   121 T-A ...
   -0.2678  -95.5881  109.1373
   -0.8498    0.1796   -0.4955
   -0.2553    0.6822    0.6851
    0.4611    0.7087   -0.5339
...   122 G-C ...
    1.1510  -93.2824  106.9845
   -0.8893    0.4561    0.0335
    0.2767    0.4782    0.8335
    0.3642    0.7505   -0.5515
...   123 T-A ...
    1.9635  -90.9917  104.8202
   -0.6527    0.6123    0.4462
    0.6771    0.2071    0.7062
    0.3400    0.7631   -0.5497
...   124 G-C ...
    2.8629  -88.3702  102.9821
   -0.1945    0.5563    0.8079
    0.9378   -0.1361    0.3195
    0.2877    0.8198   -0.4952
...   125 T-A ...
    3.2608  -85.6697  101.2855
    0.2966    0.3720    0.8796
    0.9110   -0.3865   -0.1438
    0.2864    0.8440   -0.4535
...   126 C-G ...
    4.1505  -82.9402   99.9867
    0.7699    0.0853    0.6324
    0.5784   -0.5119   -0.6352
    0.2695    0.8548   -0.4435
...   127 G-C ...
    5.4060  -80.4596   98.2533
    0.9122   -0.2964    0.2829
    0.1299   -0.4458   -0.8857
    0.3886    0.8446   -0.3681
...   128 A-T ...
    6.5550  -77.7450   97.1243
    0.8174   -0.5021   -0.2824
   -0.4290   -0.2034   -0.8801
    0.3845    0.8405   -0.3817
...   129 C-G ...
    8.2707  -74.9910   96.5046
    0.4566   -0.5671   -0.6855
   -0.7902    0.0955   -0.6054
    0.4087    0.8181   -0.4045
...   130 C-G ...
   10.2115  -72.5691   95.0828
   -0.0575   -0.5185   -0.8531
   -0.8970    0.4020   -0.1838
    0.4382    0.7547   -0.4882
...   131 A-T ...
   11.0567  -69.8437   93.3639
   -0.5838   -0.2823   -0.7612
   -0.7127    0.6273    0.3140
    0.3889    0.7258   -0.5674
...   132 A-T ...
   12.3874  -67.6364   91.3314
   -0.8841    0.1150   -0.4528
   -0.2625    0.6796    0.6850
    0.3865    0.7245   -0.5707
...   133 A-T ...
   13.6929  -65.5410   89.1638
   -0.8562    0.5165    0.0127
    0.2948    0.4683    0.8329
    0.4243    0.7169   -0.5532
...   134 T-A ...
   14.7283  -63.4122   86.8245
   -0.5924    0.6746    0.4405
    0.6886    0.1400    0.7115
    0.4183    0.7248   -0.5474
...   135 G-C ...
   15.7212  -61.4788   83.9377
    0.0342    0.7399    0.6718
    0.8637   -0.3601    0.3526
    0.5028    0.5682   -0.6514
...   136 T-A ...
   15.7739  -59.5464   80.8036
    0.5516    0.4996    0.6680
    0.6739   -0.7388   -0.0038
    0.4916    0.4523   -0.7442
...   137 G-C ...
   16.8280  -57.7075   78.2738
    0.8528   -0.0847    0.5152
    0.1508   -0.9047   -0.3984
    0.4999    0.4175   -0.7588
...   138 A-T ...
   18.4176  -55.5141   76.5362
    0.8547   -0.5007    0.1370
   -0.3189   -0.7148   -0.6224
    0.4096    0.4883   -0.7706
...   139 G-C ...
   20.4152  -54.2945   74.5496
    0.5847   -0.7389   -0.3350
   -0.7594   -0.3532   -0.5465
    0.2854    0.5739   -0.7676
...   140 C-G ...
   21.4163  -51.8107   72.7950
    0.1305   -0.7142   -0.6876
   -0.8897    0.2217   -0.3991
    0.4375    0.6639   -0.6065
...   141 G-C ...
   22.1406  -50.1330   67.4725
   -0.4682   -0.8748    0.1248
   -0.8495    0.4067   -0.3362
    0.2434   -0.2634   -0.9335
...   142 C-G ...
   22.3377  -51.2252   64.5019
   -0.8529   -0.5117   -0.1032
   -0.4974    0.8566   -0.1372
    0.1587   -0.0657   -0.9851
...   143 T-A ...
   24.0059  -51.6201   61.9333
   -0.9563    0.0399   -0.2897
    0.0522    0.9980   -0.0348
    0.2877   -0.0484   -0.9565
...   144 C-G ...
   24.8857  -52.7206   58.9948
   -0.7530    0.5560   -0.3520
    0.5213    0.8304    0.1966
    0.4016   -0.0355   -0.9151
...   145 A-T ...
   25.5174  -52.9609   55.8127
   -0.2442    0.9563   -0.1609
    0.8907    0.2867    0.3528
    0.3835   -0.0571   -0.9218
...   146 C-G ...
   25.2677  -52.4924   52.0871
    0.3203    0.9428   -0.0928
    0.8825   -0.2613    0.3910
    0.3444   -0.2071   -0.9157
...   147 A-T ...
   25.6133  -52.5732   48.6479
    0.8597    0.5097    0.0339
    0.4498   -0.7866    0.4230
    0.2423   -0.3484   -0.9055
