  147 base-pairs
...     1 T-A ...
    0.0000    0.0000    0.0000
    1.0000    0.0000    0.0000
    0.0000    1.0000    0.0000
    0.0000    0.0000    1.0000
...     2 G-C ...
   -0.5555   -1.1003    3.3981
    0.7749    0.6051    0.1828
   -0.5991    0.7953   -0.0929
   -0.2016   -0.0375    0.9787
...     3 T-A ...
   -0.6619   -3.0237    6.5348
    0.3046    0.9250    0.2271
   -0.8994    0.3578   -0.2510
   -0.3134   -0.1278    0.9410
...     4 G-C ...
   -1.1607   -3.8418    9.6940
   -0.3351    0.9421    0.0133
   -0.8752   -0.3061   -0.3746
   -0.3489   -0.1372    0.9271
...     5 A-T ...
   -1.3881   -3.6770   12.8999
   -0.7835    0.6162   -0.0801
   -0.5677   -0.7622   -0.3109
   -0.2527   -0.1981    0.9470
...     6 G-C ...
   -2.6236   -3.5448   15.7072
   -0.9923    0.0611   -0.1075
   -0.0294   -0.9610   -0.2748
   -0.1201   -0.2695    0.9555
...     7 C-G ...
   -2.3138   -3.7570   18.8866
   -0.8620   -0.4995   -0.0864
    0.5008   -0.8655    0.0073
   -0.0785   -0.0370    0.9962
...     8 G-C ...
   -3.9561   -6.8109   23.3205
   -0.2581   -0.3560   -0.8981
    0.6294   -0.7673    0.1233
   -0.7330   -0.5335    0.4221
...     9 C-G ...
   -6.1177   -8.9414   24.2385
    0.1143   -0.7320   -0.6716
    0.8123   -0.3203    0.4874
   -0.5720   -0.6013    0.5580
...    10 T-A ...
   -8.5041   -9.6771   26.0540
    0.4660   -0.8587   -0.2131
    0.6274    0.1508    0.7640
   -0.6239   -0.4897    0.6090
...    11 C-G ...
  -11.0625  -11.3174   27.2336
    0.6660   -0.6911    0.2808
    0.3382    0.6152    0.7121
   -0.6649   -0.3794    0.6435
...    12 A-T ...
  -13.0013  -13.1789   29.0658
    0.7188   -0.1490    0.6790
   -0.1787    0.9043    0.3876
   -0.6718   -0.4000    0.6235
...    13 C-G ...
  -14.1788  -15.9359   31.3399
    0.4052    0.2865    0.8682
   -0.5270    0.8492   -0.0343
   -0.7470   -0.4437    0.4951
...    14 A-T ...
  -15.9532  -18.1566   33.3080
   -0.1503    0.6873    0.7107
   -0.6106    0.5008   -0.6135
   -0.7776   -0.5261    0.3444
...    15 A-T ...
  -18.3611  -20.0076   34.4346
   -0.4800    0.8485    0.2230
   -0.3836    0.0256   -0.9231
   -0.7890   -0.5286    0.3132
...    16 T-A ...
  -20.7492  -21.6894   36.1649
   -0.6433    0.7045   -0.2998
   -0.0415   -0.4231   -0.9051
   -0.7645   -0.5698    0.3014
...    17 T-A ...
  -23.2695  -23.3680   37.4582
   -0.5646    0.3020   -0.7681
    0.3655   -0.7430   -0.5607
   -0.7401   -0.5973    0.3091
...    18 T-A ...
  -25.7667  -25.1772   38.4318
   -0.2209   -0.1273   -0.9669
    0.6138   -0.7886   -0.0364
   -0.7579   -0.6015    0.2524
...    19 A-T ...
  -28.1997  -27.3196   39.0277
    0.2430   -0.4513   -0.8586
    0.6149   -0.6129    0.4962
   -0.7502   -0.6486    0.1286
...    20 T-A ...
  -30.9911  -29.0851   38.9105
    0.5366   -0.6897   -0.4862
    0.3998   -0.2996    0.8663
   -0.7431   -0.6592    0.1149
...    21 T-A ...
  -33.4614  -31.2294   38.9646
    0.6757   -0.7317    0.0894
    0.0067    0.1274    0.9918
   -0.7371   -0.6696    0.0909
...    22 C-G ...
  -35.7801  -33.5384   39.2293
    0.5742   -0.4996    0.6486
   -0.4087    0.5116    0.7558
   -0.7094   -0.6990    0.0896
...    23 G-C ...
  -38.2085  -35.6824   40.1814
    0.3358   -0.0398    0.9411
   -0.7063    0.6504    0.2795
   -0.6232   -0.7585    0.1903
...    24 C-G ...
  -39.9373  -38.4081   40.7772
   -0.0535    0.3475    0.9362
   -0.7787    0.5724   -0.2570
   -0.6252   -0.7427    0.2400
...    25 A-T ...
  -42.4023  -40.6288   41.1809
   -0.4841    0.6440    0.5924
   -0.5930    0.2564   -0.7633
   -0.6434   -0.7208    0.2578
...    26 A-T ...
  -44.4448  -42.9909   42.2083
   -0.7470    0.6631    0.0475
   -0.2006   -0.1568   -0.9670
   -0.6338   -0.7319    0.2502
...    27 A-T ...
  -46.4330  -45.3152   43.3499
   -0.7390    0.4266   -0.5214
    0.2921   -0.4946   -0.8186
   -0.6071   -0.7573    0.2409
...    28 G-C ...
  -48.7605  -47.5406   44.3651
   -0.4303    0.1363   -0.8923
    0.6353   -0.6566   -0.4066
   -0.6413   -0.7418    0.1960
...    29 G-C ...
  -51.2589  -49.8583   44.9129
    0.0625   -0.1933   -0.9791
    0.7618   -0.6245    0.1720
   -0.6448   -0.7567    0.1082
...    30 C-G ...
  -53.6472  -52.1118   44.9314
    0.5118   -0.4532   -0.7298
    0.5905   -0.4315    0.6820
   -0.6240   -0.7800    0.0468
...    31 C-G ...
  -55.9002  -54.5903   44.8486
    0.8038   -0.5454   -0.2375
    0.1985   -0.1305    0.9714
   -0.5608   -0.8279    0.0034
...    32 G-C ...
  -57.4051  -57.2595   45.0780
    0.8527   -0.4358    0.2880
   -0.2598    0.1245    0.9576
   -0.4532   -0.8914   -0.0071
...    33 G-C ...
  -58.4061  -60.4739   45.0094
    0.5975   -0.2351    0.7666
   -0.7046    0.3023    0.6419
   -0.3827   -0.9238    0.0150
...    34 C-G ...
  -59.2385  -63.6499   45.0010
    0.1242    0.0147    0.9921
   -0.9268    0.3588    0.1107
   -0.3544   -0.9333    0.0582
...    35 C-G ...
  -60.1265  -66.8905   45.5852
   -0.4014    0.2547    0.8798
   -0.8502    0.2538   -0.4613
   -0.3408   -0.9331    0.1147
...    36 C-G ...
  -61.1848  -70.0075   46.2694
   -0.7957    0.3896    0.4638
   -0.4952    0.0225   -0.8685
   -0.3488   -0.9207    0.1751
...    37 G-C ...
  -62.4913  -73.1962   45.8429
   -0.9152    0.3839   -0.1229
    0.0468   -0.2016   -0.9783
   -0.4004   -0.9011    0.1666
...    38 A-T ...
  -63.6769  -76.0735   46.4347
   -0.7117    0.1930   -0.6754
    0.5839   -0.3720   -0.7216
   -0.3905   -0.9080    0.1520
...    39 C-G ...
  -65.4155  -78.7286   46.9913
   -0.2872    0.0063   -0.9578
    0.8665   -0.4245   -0.2627
   -0.4082   -0.9054    0.1164
...    40 A-T ...
  -66.8445  -81.7495   47.2153
    0.2997   -0.1730   -0.9382
    0.8702   -0.3535    0.3432
   -0.3910   -0.9193    0.0446
...    41 C-G ...
  -68.3612  -84.6594   46.8362
    0.7225   -0.2826   -0.6310
    0.5910   -0.2212    0.7757
   -0.3588   -0.9334    0.0072
...    42 G-C ...
  -69.2792  -87.8271   47.2768
    0.9585   -0.2779   -0.0638
    0.0575   -0.0308    0.9979
   -0.2792   -0.9601   -0.0136
...    43 A-T ...
  -70.2613  -90.8344   47.1706
    0.8159   -0.2296    0.5307
   -0.5082    0.1531    0.8475
   -0.2758   -0.9612    0.0083
...    44 C-G ...
  -70.7039  -94.0617   46.6557
    0.4430   -0.0505    0.8951
   -0.8682    0.2248    0.4424
   -0.2236   -0.9731    0.0557
...    45 T-A ...
  -70.8169  -97.6481   46.9006
   -0.1174    0.1485    0.9819
   -0.9704    0.1931   -0.1452
   -0.2112   -0.9699    0.1214
...    46 T-A ...
  -71.2167 -100.8067   47.3611
   -0.5925    0.2431    0.7680
   -0.7773    0.0778   -0.6243
   -0.2115   -0.9669    0.1428
...    47 A-T ...
  -72.1137 -103.9966   47.7649
   -0.9323    0.2816    0.2269
   -0.2671   -0.1133   -0.9570
   -0.2437   -0.9528    0.1808
...    48 C-G ...
  -73.0380 -106.9561   49.0509
   -0.9285    0.1857   -0.3215
    0.2671   -0.2673   -0.9259
   -0.2578   -0.9456    0.1986
...    49 T-A ...
  -74.2558 -109.9453   50.0504
   -0.6242    0.0738   -0.7778
    0.7107   -0.3597   -0.6045
   -0.3244   -0.9301    0.1721
...    50 G-C ...
  -75.3071 -113.0997   50.3896
   -0.0730   -0.0768   -0.9944
    0.9407   -0.3366   -0.0430
   -0.3314   -0.9385    0.0968
...    51 T-A ...
  -76.8356 -115.9298   50.4733
    0.4297   -0.2198   -0.8758
    0.8443   -0.2461    0.4760
   -0.3202   -0.9440    0.0798
...    52 A-T ...
  -77.6807 -119.1304   50.7994
    0.8664   -0.2685   -0.4211
    0.4213   -0.0598    0.9049
   -0.2682   -0.9614    0.0613
...    53 G-C ...
  -78.7322 -122.2128   50.8246
    0.9844   -0.1568    0.0802
   -0.0663    0.0923    0.9935
   -0.1632   -0.9833    0.0805
...    54 G-C ...
  -78.9274 -125.7964   50.3810
    0.8071    0.0249    0.5898
   -0.5866    0.1464    0.7965
   -0.0665   -0.9889    0.1328
...    55 T-A ...
  -78.6754 -129.0082   50.6203
    0.3999    0.1477    0.9046
   -0.9160    0.1003    0.3885
   -0.0333   -0.9839    0.1754
...    56 A-T ...
  -78.0739 -132.3242   51.3760
   -0.1734    0.3048    0.9365
   -0.9848   -0.0551   -0.1645
    0.0014   -0.9508    0.3097
...    57 T-A ...
  -77.4024 -135.2696   52.6271
   -0.6458    0.2594    0.7180
   -0.7635   -0.2239   -0.6058
    0.0036   -0.9395    0.3426
...    58 C-G ...
  -77.3600 -138.3554   54.1062
   -0.9803    0.0848    0.1783
   -0.1971   -0.3613   -0.9114
   -0.0128   -0.9286    0.3709
...    59 T-A ...
  -77.6292 -141.2982   55.6198
   -0.9305   -0.0882   -0.3554
    0.3611   -0.3819   -0.8507
   -0.0607   -0.9200    0.3872
...    60 C-G ...
  -77.8551 -144.4312   56.5924
   -0.5236   -0.3143   -0.7919
    0.8477   -0.2850   -0.4474
   -0.0851   -0.9055    0.4157
...    61 G-C ...
  -77.4806 -147.4915   57.7415
    0.0363   -0.3899   -0.9201
    0.9964   -0.0565    0.0633
   -0.0766   -0.9191    0.3865
...    62 A-T ...
  -77.4470 -150.3407   59.3431
    0.6264   -0.3140   -0.7135
    0.7795    0.2398    0.5788
   -0.0106   -0.9187    0.3949
...    63 G-C ...
  -77.4848 -153.4319   60.4757
    0.9444   -0.0948   -0.3147
    0.3253    0.4061    0.8540
    0.0468   -0.9089    0.4143
...    64 C-G ...
  -77.3632 -156.7027   61.4146
    0.9558    0.2141    0.2014
   -0.2736    0.3975    0.8758
    0.1075   -0.8923    0.4386
...    65 T-A ...
  -76.8120 -159.7939   62.5528
    0.6674    0.4880    0.5626
   -0.7195    0.2273    0.6563
    0.1924   -0.8428    0.5027
...    66 C-G ...
  -76.0114 -162.4072   64.3790
    0.1410    0.6041    0.7843
   -0.9531   -0.1314    0.2725
    0.2677   -0.7860    0.5573
...    67 G-C ...
  -75.6670 -164.7444   66.6725
   -0.4163    0.5225    0.7441
   -0.8593   -0.4935   -0.1342
    0.2971   -0.6953    0.6544
...    68 G-C ...
  -74.5852 -166.6877   69.1934
   -0.8358    0.2153    0.5051
   -0.4781   -0.7377   -0.4766
    0.2700   -0.6398    0.7195
...    69 G-C ...
  -73.9879 -168.5117   71.9664
   -0.9791   -0.1764    0.1012
    0.0782   -0.7860   -0.6132
    0.1877   -0.5925    0.7834
...    70 A-T ...
  -73.4301 -170.2247   74.8030
   -0.7186   -0.6449   -0.2603
    0.6637   -0.5242   -0.5335
    0.2076   -0.5561    0.8047
...    71 T-A ...
  -73.2650 -171.8312   77.7065
   -0.2552   -0.8347   -0.4881
    0.9430   -0.1034   -0.3163
    0.2135   -0.5410    0.8135
...    72 C-G ...
  -72.8207 -173.6805   80.4969
    0.3887   -0.7424   -0.5457
    0.8921    0.4514    0.0213
    0.2305   -0.4951    0.8377
...    73 C-G ...
  -72.2640 -175.1984   83.3804
    0.7681   -0.3394   -0.5429
    0.5457    0.7906    0.2779
    0.3349   -0.5097    0.7925
...    74 G-C ...
  -70.8857 -176.4341   86.1017
    0.8850    0.2112   -0.4150
    0.0370    0.8565    0.5148
    0.4642   -0.4709    0.7502
...    75 C-G ...
  -69.3564 -178.4855   88.4259
    0.7274    0.6801   -0.0911
   -0.4852    0.6036    0.6326
    0.4852   -0.4160    0.7691
...    76 T-A ...
  -67.3861 -180.0442   90.7577
    0.2938    0.9344    0.2016
   -0.7987    0.1241    0.5888
    0.5251   -0.3340    0.7827
...    77 T-A ...
  -65.3610 -180.9164   93.1233
   -0.2292    0.8644    0.4475
   -0.8192   -0.4196    0.3910
    0.5258   -0.2770    0.8043
...    78 T-A ...
  -63.6409 -181.5961   95.7407
   -0.6799    0.5150    0.5220
   -0.5423   -0.8323    0.1148
    0.4936   -0.2051    0.8452
...    79 A-T ...
  -62.3655 -182.4204   98.7125
   -0.8939   -0.0506    0.4454
   -0.0193   -0.9883   -0.1510
    0.4479   -0.1436    0.8825
...    80 A-T ...
  -61.0175 -182.6187  101.6127
   -0.7298   -0.6114    0.3060
    0.5091   -0.7847   -0.3537
    0.4564   -0.1023    0.8839
...    81 C-G ...
  -59.9659 -182.5895  104.8417
   -0.2967   -0.9485    0.1110
    0.8359   -0.3142   -0.4501
    0.4618   -0.0408    0.8861
...    82 A-T ...
  -58.4239 -182.7694  107.7752
    0.2703   -0.9458   -0.1802
    0.8317    0.3237   -0.4511
    0.4850   -0.0280    0.8741
...    83 C-G ...
  -57.3507 -183.2579  110.9805
    0.6682   -0.6359   -0.3862
    0.5503    0.7718   -0.3185
    0.5006    0.0003    0.8657
...    84 T-A ...
  -55.8285 -183.5075  113.9708
    0.8136   -0.1235   -0.5681
    0.0806    0.9917   -0.1001
    0.5758    0.0357    0.8168
...    85 C-G ...
  -53.9738 -183.4458  116.6393
    0.6836    0.4269   -0.5920
   -0.4008    0.8974    0.1843
    0.6100    0.1113    0.7846
...    86 A-T ...
  -51.8929 -183.2487  119.3080
    0.2658    0.8069   -0.5276
   -0.6822    0.5441    0.4885
    0.6812    0.2300    0.6950
...    87 T-A ...
  -49.3790 -182.5145  121.1544
   -0.1602    0.9379   -0.3079
   -0.7111    0.1067    0.6950
    0.6846    0.3302    0.6498
...    88 G-C ...
  -46.9579 -180.8909  123.0823
   -0.6440    0.7650   -0.0058
   -0.4617   -0.3826    0.8003
    0.6100    0.5180    0.5996
...    89 T-A ...
  -44.8990 -178.6752  124.4543
   -0.8170    0.4448    0.3671
   -0.0455   -0.6843    0.7278
    0.5749    0.5779    0.5793
...    90 T-A ...
  -43.1985 -176.6022  126.1537
   -0.7176    0.0098    0.6964
    0.4290   -0.7815    0.4531
    0.5486    0.6239    0.5566
...    91 A-T ...
  -41.2382 -174.6074  128.0971
   -0.2714   -0.4536    0.8489
    0.7937   -0.6043   -0.0691
    0.5444    0.6550    0.5240
...    92 T-A ...
  -40.1104 -172.1222  129.8773
    0.1884   -0.6516    0.7348
    0.8232   -0.3033   -0.4800
    0.5356    0.6953    0.4792
...    93 A-T ...
  -38.1133 -169.5922  131.1224
    0.7297   -0.6238    0.2801
    0.4780    0.1724   -0.8613
    0.4890    0.7624    0.4239
...    94 A-T ...
  -36.6729 -167.1161  132.5780
    0.8865   -0.3979   -0.2363
   -0.0395    0.4437   -0.8953
    0.4611    0.8030    0.3776
...    95 C-G ...
  -35.0603 -164.7397  134.3970
    0.7185   -0.1153   -0.6859
   -0.5247    0.5574   -0.6434
    0.4566    0.8222    0.3400
...    96 G-C ...
  -33.6923 -161.8703  134.9806
    0.2544   -0.0178   -0.9669
   -0.8200    0.5261   -0.2254
    0.5127    0.8502    0.1193
...    97 G-C ...
  -31.8114 -159.2076  134.8049
   -0.2609    0.1211   -0.9577
   -0.8093    0.5134    0.2854
    0.5263    0.8496   -0.0359
...    98 A-T ...
  -30.0027 -156.5232  134.4595
   -0.7083    0.3189   -0.6298
   -0.5127    0.3808    0.7695
    0.4852    0.8679   -0.1063
...    99 T-A ...
  -28.3405 -153.9128  133.3731
   -0.8886    0.4193   -0.1862
   -0.1077    0.2039    0.9730
    0.4460    0.8847   -0.1361
...   100 T-A ...
  -26.9228 -151.0946  132.4593
   -0.7704    0.4929    0.4045
    0.4312   -0.0646    0.8999
    0.4697    0.8677   -0.1628
...   101 T-A ...
  -25.6180 -148.2469  131.6471
   -0.3983    0.3879    0.8312
    0.7890   -0.3173    0.5262
    0.4678    0.8654   -0.1797
...   102 A-T ...
  -23.9442 -145.3837  131.1033
    0.1365    0.1285    0.9823
    0.8776   -0.4756   -0.0597
    0.4595    0.8702   -0.1777
...   103 T-A ...
  -23.1269 -142.2269  130.6875
    0.5211   -0.1142    0.8458
    0.7196   -0.4741   -0.5073
    0.4590    0.8730   -0.1648
...   104 G-C ...
  -21.6272 -139.2793  130.4448
    0.8058   -0.4538    0.3806
    0.2761   -0.2807   -0.9192
    0.5240    0.8457   -0.1009
...   105 C-G ...
  -19.7305 -136.6335  130.5052
    0.8021   -0.5746   -0.1626
   -0.2099   -0.0165   -0.9776
    0.5590    0.8183   -0.1338
...   106 T-A ...
  -17.5935 -133.9730  130.4271
    0.5323   -0.5246   -0.6644
   -0.6079    0.3094   -0.7313
    0.5892    0.7932   -0.1542
...   107 T-A ...
  -15.5518 -131.5562  130.0196
    0.0849   -0.3278   -0.9409
   -0.7953    0.5466   -0.2622
    0.6002    0.7706   -0.2143
...   108 C-G ...
  -13.4219 -129.2579  129.1111
   -0.4077   -0.0556   -0.9114
   -0.7057    0.6526    0.2758
    0.5795    0.7556   -0.3053
...   109 C-G ...
  -11.3886 -126.9459  127.9968
   -0.7751    0.1674   -0.6092
   -0.4068    0.6055    0.6840
    0.4834    0.7780   -0.4012
...   110 G-C ...
  -10.2689 -124.4417  126.7328
   -0.9297    0.3342   -0.1548
    0.0343    0.4971    0.8670
    0.3667    0.8007   -0.4737
...   111 G-C ...
   -9.7183 -121.7187  124.8139
   -0.7933    0.4927    0.3576
    0.5400    0.2983    0.7870
    0.2811    0.8175   -0.5027
...   112 C-G ...
   -9.4419 -118.9946  122.8567
   -0.3947    0.5490    0.7367
    0.8850    0.0118    0.4654
    0.2469    0.8357   -0.4906
...   113 T-A ...
   -8.9542 -116.2498  121.1096
    0.1014    0.4609    0.8816
    0.9684   -0.2486    0.0186
    0.2277    0.8519   -0.4716
...   114 C-G ...
   -8.1055 -113.4232  119.6806
    0.6232    0.2178    0.7511
    0.7490   -0.4427   -0.4931
    0.2251    0.8698   -0.4390
...   115 G-C ...
   -7.0770 -110.8232  117.9370
    0.9201   -0.1199    0.3730
    0.2724   -0.4884   -0.8290
    0.2816    0.8644   -0.4167
...   116 T-A ...
   -5.9592 -107.9163  117.0626
    0.9185   -0.3870   -0.0813
   -0.2300   -0.3556   -0.9059
    0.3217    0.8507   -0.4156
...   117 A-T ...
   -4.4475 -104.9799  116.1482
    0.6134   -0.5916   -0.5232
   -0.6838   -0.0664   -0.7266
    0.3951    0.8035   -0.4453
...   118 T-A ...
   -2.6187 -102.5265  115.1550
    0.2131   -0.5489   -0.8083
   -0.8963    0.2195   -0.3854
    0.3890    0.8066   -0.4452
...   119 A-T ...
   -1.4312  -99.9398  113.5236
   -0.3225   -0.4318   -0.8424
   -0.8619    0.5018    0.0728
    0.3913    0.7495   -0.5340
...   120 A-T ...
    0.0342  -97.7938  111.6045
   -0.7518   -0.1190   -0.6486
   -0.5459    0.6640    0.5109
    0.3699    0.7382   -0.5642
...   121 T-A ...
    1.4543  -95.8735  109.2805
   -0.9256    0.2255   -0.3041
   -0.0953    0.6386    0.7636
    0.3663    0.7357   -0.5696
...   122 G-C ...
    2.4829  -93.5211  106.9833
   -0.8573    0.4666    0.2176
    0.4324    0.4233    0.7961
    0.2794    0.7766   -0.5647
...   123 T-A ...
    2.9812  -91.1418  104.8284
   -0.5585    0.5945    0.5786
    0.7877    0.1613    0.5946
    0.2601    0.7878   -0.5583
...   124 G-C ...
    3.5895  -88.4565  102.9965
   -0.0689    0.5143    0.8549
    0.9726   -0.1563    0.1723
    0.2222    0.8433   -0.4894
...   125 T-A ...
    3.7582  -85.6819  101.3862
    0.4149    0.3275    0.8489
    0.8802   -0.3809   -0.2832
    0.2306    0.8646   -0.4463
...   126 C-G ...
    4.4807  -82.9043  100.1122
    0.8425    0.0543    0.5359
    0.4922   -0.4818   -0.7250
    0.2189    0.8746   -0.4327
...   127 G-C ...
    5.5471  -80.3364   98.4376
    0.9279   -0.3179    0.1947
    0.0508   -0.4095   -0.9109
    0.3693    0.8551   -0.3638
...   128 A-T ...
    6.6411  -77.6028   97.3370
    0.7884   -0.5005   -0.3577
   -0.4931   -0.1665   -0.8539
    0.3678    0.8496   -0.3780
...   129 C-G ...
    8.3573  -74.8596   96.6989
    0.4065   -0.5500   -0.7296
   -0.8240    0.1242   -0.5528
    0.3946    0.8259   -0.4027
...   130 C-G ...
   10.3005  -72.4636   95.2259
   -0.1030   -0.4987   -0.8606
   -0.8997    0.4157   -0.1332
    0.4242    0.7606   -0.4915
...   131 A-T ...
   11.1500  -69.7998   93.4665
   -0.6082   -0.2783   -0.7434
   -0.7010    0.6277    0.3386
    0.3724    0.7270   -0.5769
...   132 A-T ...
   12.4379  -67.6166   91.3780
   -0.8923    0.1164   -0.4362
   -0.2493    0.6785    0.6910
    0.3764    0.7253   -0.5764
...   133 A-T ...
   13.7117  -65.5298   89.1858
   -0.8552    0.5178    0.0229
    0.3044    0.4661    0.8307
    0.4195    0.7174   -0.5562
...   134 T-A ...
   14.7283  -63.4123   86.8245
   -0.5924    0.6746    0.4405
    0.6886    0.1400    0.7115
    0.4183    0.7248   -0.5474
...   135 G-C ...
   15.7211  -61.4789   83.9378
    0.0342    0.7399    0.6718
    0.8637   -0.3601    0.3526
    0.5028    0.5682   -0.6514
...   136 T-A ...
   15.7739  -59.5465   80.8037
    0.5516    0.4996    0.6680
    0.6739   -0.7388   -0.0038
    0.4916    0.4523   -0.7442
...   137 G-C ...
   16.8280  -57.7076   78.2738
    0.8528   -0.0847    0.5152
    0.1508   -0.9047   -0.3984
    0.4999    0.4175   -0.7588
...   138 A-T ...
   18.4176  -55.5142   76.5363
    0.8547   -0.5007    0.1370
   -0.3189   -0.7148   -0.6224
    0.4096    0.4883   -0.7706
...   139 G-C ...
   20.4152  -54.2946   74.5497
    0.5847   -0.7389   -0.3350
   -0.7594   -0.3532   -0.5465
    0.2854    0.5739   -0.7676
...   140 C-G ...
   21.4163  -51.8108   72.7950
    0.1305   -0.7142   -0.6876
   -0.8897    0.2217   -0.3991
    0.4375    0.6639   -0.6065
...   141 G-C ...
   22.1406  -50.1331   67.4725
   -0.4682   -0.8748    0.1248
   -0.8495    0.4067   -0.3362
    0.2434   -0.2634   -0.9335
...   142 C-G ...
   22.3377  -51.2253   64.5020
   -0.8529   -0.5117   -0.1032
   -0.4974    0.8566   -0.1372
    0.1587   -0.0657   -0.9851
...   143 T-A ...
   24.0059  -51.6202   61.9333
   -0.9563    0.0399   -0.2897
    0.0522    0.9980   -0.0348
    0.2877   -0.0484   -0.9565
...   144 C-G ...
   24.8857  -52.7207   58.9948
   -0.7530    0.5560   -0.3520
    0.5213    0.8304    0.1966
    0.4016   -0.0355   -0.9151
...   145 A-T ...
   25.5173  -52.9610   55.8128
   -0.2442    0.9563   -0.1609
    0.8907    0.2867    0.3528
    0.3835   -0.0571   -0.9218
...   146 C-G ...
   25.2677  -52.4925   52.0871
    0.3203    0.9428   -0.0928
    0.8825   -0.2613    0.3910
    0.3444   -0.2071   -0.9157
...   147 A-T ...
   25.6133  -52.5733   48.6479
    0.8597    0.5097    0.0339
    0.4498   -0.7866    0.4230
    0.2423   -0.3484   -0.9055
