  147 base-pairs
...     1 T-A ...
    0.0000    0.0000    0.0000
    1.0000    0.0000    0.0000
    0.0000    1.0000    0.0000
    0.0000    0.0000    1.0000
...     2 G-C ...
   -0.5555   -1.1003    3.3981
    0.7749    0.6051    0.1828
   -0.5991    0.7953   -0.0929
   -0.2016   -0.0375    0.9787
...     3 T-A ...
   -0.6619   -3.0237    6.5348
    0.3046    0.9250    0.2271
   -0.8994    0.3578   -0.2510
   -0.3134   -0.1278    0.9410
...     4 G-C ...
   -1.1607   -3.8418    9.6940
   -0.3351    0.9421    0.0133
   -0.8752   -0.3061   -0.3746
   -0.3489   -0.1372    0.9271
...     5 A-T ...
   -1.3881   -3.6770   12.8999
   -0.7835    0.6162   -0.0801
   -0.5677   -0.7622   -0.3109
   -0.2527   -0.1981    0.9470
...     6 G-C ...
   -2.6236   -3.5448   15.7072
   -0.9923    0.0611   -0.1075
   -0.0294   -0.9610   -0.2748
   -0.1201   -0.2695    0.9555
...     7 C-G ...
   -2.3138   -3.7570   18.8866
   -0.8620   -0.4995   -0.0864
    0.5008   -0.8655    0.0073
   -0.0785   -0.0370    0.9962
...     8 G-C ...
   -3.9561   -6.8109   23.3205
   -0.2581   -0.3560   -0.8981
    0.6294   -0.7673    0.1233
   -0.7330   -0.5335    0.4221
...     9 C-G ...
   -6.1177   -8.9414   24.2385
    0.1143   -0.7320   -0.6716
    0.8123   -0.3203    0.4874
   -0.5720   -0.6013    0.5580
...    10 T-A ...
   -8.5041   -9.6771   26.0540
    0.4660   -0.8587   -0.2131
    0.6274    0.1508    0.7640
   -0.6239   -0.4897    0.6090
...    11 C-G ...
  -11.0625  -11.3174   27.2336
    0.6660   -0.6911    0.2808
    0.3382    0.6152    0.7121
   -0.6649   -0.3794    0.6435
...    12 A-T ...
  -13.0013  -13.1789   29.0658
    0.7188   -0.1490    0.6790
   -0.1787    0.9043    0.3876
   -0.6718   -0.4000    0.6235
...    13 C-G ...
  -14.1788  -15.9359   31.3399
    0.4052    0.2865    0.8682
   -0.5270    0.8492   -0.0343
   -0.7470   -0.4437    0.4951
...    14 A-T ...
  -15.9532  -18.1566   33.3080
   -0.1503    0.6873    0.7107
   -0.6106    0.5008   -0.6135
   -0.7776   -0.5261    0.3444
...    15 A-T ...
  -18.3693  -19.9943   34.4282
   -0.4535    0.8599    0.2345
   -0.3996    0.0390   -0.9159
   -0.7967   -0.5090    0.3259
...    16 T-A ...
  -20.7640  -21.5926   36.2079
   -0.6239    0.7309   -0.2765
   -0.0817   -0.4129   -0.9071
   -0.7772   -0.5433    0.3174
...    17 T-A ...
  -23.3164  -23.1594   37.5758
   -0.5750    0.3391   -0.7446
    0.3085   -0.7531   -0.5812
   -0.7578   -0.5638    0.3284
...    18 T-A ...
  -25.8749  -24.8017   38.6283
   -0.2732   -0.0932   -0.9574
    0.5633   -0.8223   -0.0807
   -0.7798   -0.5614    0.2771
...    19 A-T ...
  -28.4378  -26.7310   39.2557
    0.1557   -0.4183   -0.8948
    0.5987   -0.6806    0.4223
   -0.7857   -0.6015    0.1445
...    20 T-A ...
  -31.3742  -28.2621   39.2584
    0.4370   -0.7002   -0.5645
    0.4377   -0.3828    0.8136
   -0.7858   -0.6026    0.1392
...    21 T-A ...
  -34.0367  -30.1722   39.3790
    0.6108   -0.7915   -0.0224
    0.1109    0.0575    0.9922
   -0.7840   -0.6085    0.1229
...    22 C-G ...
  -36.5510  -32.2467   39.6949
    0.5908   -0.5979    0.5417
   -0.2712    0.4852    0.8313
   -0.7599   -0.6381    0.1245
...    23 G-C ...
  -39.1380  -34.1434   40.6912
    0.4429   -0.1439    0.8849
   -0.5860    0.7006    0.4072
   -0.6786   -0.6989    0.2260
...    24 C-G ...
  -41.0896  -36.6873   41.3216
    0.1138    0.2802    0.9532
   -0.7290    0.6753   -0.1115
   -0.6749   -0.6822    0.2811
...    25 A-T ...
  -43.5787  -38.7024   42.0469
   -0.2612    0.6546    0.7094
   -0.6718    0.4044   -0.6206
   -0.6931   -0.6387    0.3341
...    26 A-T ...
  -45.7422  -40.7984   43.3387
   -0.5883    0.7707    0.2448
   -0.4152   -0.0281   -0.9093
   -0.6939   -0.6366    0.3365
...    27 A-T ...
  -47.8424  -42.8067   44.7945
   -0.7303    0.6093   -0.3089
    0.0006   -0.4516   -0.8922
   -0.6831   -0.6518    0.3295
...    28 G-C ...
  -50.2981  -44.6098   46.2089
   -0.5818    0.3244   -0.7458
    0.3626   -0.7174   -0.5949
   -0.7280   -0.6165    0.2998
...    29 G-C ...
  -53.0806  -46.3658   47.1948
   -0.2262   -0.0694   -0.9716
    0.6095   -0.7881   -0.0856
   -0.7598   -0.6116    0.2206
...    30 C-G ...
  -55.8561  -48.0245   47.6628
    0.1778   -0.4414   -0.8795
    0.6202   -0.6437    0.4484
   -0.7640   -0.6252    0.1593
...    31 C-G ...
  -58.6501  -49.8443   48.0505
    0.5434   -0.6645   -0.5130
    0.4189   -0.3149    0.8517
   -0.7275   -0.6777    0.1073
...    32 G-C ...
  -60.6644  -52.0590   48.4776
    0.7551   -0.6541   -0.0442
    0.0779    0.0226    0.9967
   -0.6509   -0.7561    0.0680
...    33 G-C ...
  -62.4257  -54.9266   48.4093
    0.7209   -0.4876    0.4925
   -0.3641    0.3383    0.8678
   -0.5897   -0.8049    0.0664
...    34 C-G ...
  -64.0440  -57.7639   48.3446
    0.4452   -0.1879    0.8755
   -0.7017    0.5341    0.4715
   -0.5562   -0.8243    0.1060
...    35 C-G ...
  -65.4732  -60.8015   48.8776
    0.0360    0.1847    0.9821
   -0.8473    0.5267   -0.0680
   -0.5298   -0.8298    0.1755
...    36 C-G ...
  -67.0138  -63.6308   49.6866
   -0.3916    0.4791    0.7856
   -0.7603    0.3125   -0.5695
   -0.5183   -0.8203    0.2419
...    37 G-C ...
  -69.1468  -66.2017   49.8520
   -0.6957    0.6337    0.3383
   -0.4382   -0.0012   -0.8989
   -0.5693   -0.7735    0.2785
...    38 A-T ...
  -70.8600  -68.6828   50.7553
   -0.8176    0.5229   -0.2410
    0.0498   -0.3529   -0.9343
   -0.5736   -0.7759    0.2625
...    39 C-G ...
  -72.9949  -70.7862   51.9192
   -0.6561    0.3048   -0.6903
    0.4484   -0.5784   -0.6815
   -0.6070   -0.7567    0.2428
...    40 A-T ...
  -75.1730  -73.1785   52.6313
   -0.2491   -0.0046   -0.9685
    0.7266   -0.6620   -0.1837
   -0.6403   -0.7495    0.1682
...    41 C-G ...
  -77.6751  -75.3210   52.8573
    0.1682   -0.3014   -0.9385
    0.7497   -0.5791    0.3204
   -0.6401   -0.7575    0.1285
...    42 G-C ...
  -79.4208  -78.0499   53.4713
    0.6035   -0.5173   -0.6068
    0.5211   -0.3202    0.7911
   -0.6035   -0.7937    0.0764
...    43 A-T ...
  -81.4302  -80.4524   53.7319
    0.8010   -0.5968   -0.0480
    0.0985    0.0523    0.9938
   -0.5905   -0.8007    0.1007
...    44 C-G ...
  -83.2757  -83.1533   53.3257
    0.7753   -0.4347    0.4582
   -0.3337    0.3340    0.8815
   -0.5362   -0.8364    0.1138
...    45 T-A ...
  -84.6478  -86.4774   53.3657
    0.5030   -0.1292    0.8546
   -0.7043    0.5118    0.4919
   -0.5009   -0.8494    0.1664
...    46 T-A ...
  -85.9519  -89.3965   53.7375
    0.1312    0.1561    0.9790
   -0.8667    0.4974    0.0368
   -0.4812   -0.8534    0.2006
...    47 A-T ...
  -87.1830  -92.2711   54.7448
   -0.2331    0.5199    0.8218
   -0.8434    0.3127   -0.4370
   -0.4841   -0.7950    0.3656
...    48 C-G ...
  -88.2589  -94.8848   56.4689
   -0.6177    0.6330    0.4665
   -0.6189   -0.0253   -0.7851
   -0.4852   -0.7737    0.4074
...    49 T-A ...
  -89.6254  -97.2729   58.3715
   -0.8099    0.5860   -0.0249
   -0.2555   -0.3907   -0.8844
   -0.5280   -0.7099    0.4661
...    50 G-C ...
  -91.5988  -99.5485   59.8097
   -0.7682    0.3228   -0.5529
    0.2254   -0.6719   -0.7055
   -0.5992   -0.6665    0.4434
...    51 T-A ...
  -93.7928 -101.2362   61.4167
   -0.5447   -0.0509   -0.8371
    0.5761   -0.7481   -0.3294
   -0.6094   -0.6617    0.4368
...    52 A-T ...
  -95.5025 -103.6801   62.8303
   -0.0920   -0.5023   -0.8598
    0.7966   -0.5552    0.2391
   -0.5975   -0.6629    0.4512
...    53 G-C ...
  -97.6506 -105.6593   64.2260
    0.3454   -0.6574   -0.6697
    0.7543   -0.2300    0.6149
   -0.5583   -0.7175    0.4165
...    54 G-C ...
 -100.1789 -108.1708   64.9853
    0.7280   -0.6188   -0.2951
    0.4742    0.1436    0.8686
   -0.4951   -0.7723    0.3980
...    55 T-A ...
 -101.7869 -110.8353   65.8491
    0.8901   -0.4279    0.1569
    0.0524    0.4382    0.8973
   -0.4527   -0.7905    0.4125
...    56 A-T ...
 -102.9589 -113.9925   66.7002
    0.8421   -0.0057    0.5394
   -0.4422    0.5654    0.6963
   -0.3089   -0.8248    0.4736
...    57 T-A ...
 -103.4722 -116.9966   67.8441
    0.5475    0.3068    0.7786
   -0.7937    0.4850    0.3670
   -0.2650   -0.8189    0.5091
...    58 C-G ...
 -103.9937 -119.8303   69.7055
   -0.0236    0.5787    0.8152
   -0.9723    0.1765   -0.1534
   -0.2327   -0.7962    0.5585
...    59 T-A ...
 -104.4940 -122.2990   71.7787
   -0.4977    0.6449    0.5800
   -0.8363   -0.1794   -0.5181
   -0.2301   -0.7429    0.6286
...    60 C-G ...
 -105.7221 -124.4714   73.8203
   -0.8816    0.4398    0.1717
   -0.4261   -0.5845   -0.6906
   -0.2033   -0.6819    0.7026
...    61 G-C ...
 -106.6573 -126.9744   75.6732
   -0.9659    0.0948   -0.2410
    0.0832   -0.7677   -0.6354
   -0.2453   -0.6338    0.7336
...    62 A-T ...
 -107.3373 -129.1841   78.0306
   -0.7295   -0.3831   -0.5667
    0.6422   -0.6689   -0.3744
   -0.2356   -0.6370    0.7340
...    63 G-C ...
 -108.2195 -131.2148   80.4487
   -0.2825   -0.6805   -0.6761
    0.9383   -0.3426   -0.0473
   -0.1994   -0.6478    0.7353
...    64 C-G ...
 -109.3137 -133.3151   82.9172
    0.3168   -0.7284   -0.6075
    0.9336    0.1263    0.3354
   -0.1675   -0.6735    0.7200
...    65 T-A ...
 -110.1488 -135.6412   85.1493
    0.7504   -0.5134   -0.4163
    0.6546    0.4900    0.5757
   -0.0915   -0.7045    0.7038
...    66 C-G ...
 -110.5153 -138.1389   87.3856
    0.9897   -0.1035   -0.0987
    0.1429    0.6952    0.7044
   -0.0043   -0.7113    0.7029
...    67 G-C ...
 -110.1486 -140.1464   89.7963
    0.9202    0.3564    0.1617
   -0.3647    0.6313    0.6844
    0.1419   -0.6888    0.7109
...    68 G-C ...
 -109.3372 -142.4550   92.0022
    0.5774    0.7034    0.4144
   -0.7847    0.3381    0.5195
    0.2254   -0.6252    0.7472
...    69 G-C ...
 -108.0361 -144.2861   94.5148
    0.0495    0.8458    0.5312
   -0.9497   -0.1249    0.2874
    0.3094   -0.5186    0.7971
...    70 A-T ...
 -106.7531 -145.8301   97.1199
   -0.5140    0.6240    0.5886
   -0.7888   -0.6135   -0.0385
    0.3370   -0.4841    0.8075
...    71 T-A ...
 -105.2772 -146.8839   99.8873
   -0.8467    0.2198    0.4846
   -0.4054   -0.8563   -0.3199
    0.3447   -0.4674    0.8141
...    72 C-G ...
 -104.1421 -148.1608  102.7805
   -0.9069   -0.3564    0.2246
    0.1852   -0.8161   -0.5474
    0.3784   -0.4549    0.8062
...    73 C-G ...
 -103.0975 -149.5696  105.5765
   -0.6959   -0.7055   -0.1343
    0.6349   -0.5169   -0.5743
    0.3357   -0.4849    0.8076
...    74 G-C ...
 -101.6381 -151.3410  107.8795
   -0.2477   -0.8386   -0.4852
    0.9093   -0.0284   -0.4151
    0.3344   -0.5440    0.7696
...    75 C-G ...
 -100.8951 -153.1167  110.7578
    0.3009   -0.6897   -0.6586
    0.8725    0.4778   -0.1017
    0.3849   -0.5440    0.7456
...    76 T-A ...
  -99.9637 -155.1467  113.3386
    0.6976   -0.2736   -0.6622
    0.5567    0.7888    0.2606
    0.4510   -0.5504    0.7026
...    77 T-A ...
  -98.5571 -157.2469  115.3385
    0.8585    0.2305   -0.4580
    0.0827    0.8194    0.5673
    0.5061   -0.5249    0.6844
...    78 T-A ...
  -96.7967 -158.9119  117.4083
    0.7043    0.6890   -0.1711
   -0.3685    0.5608    0.7414
    0.6068   -0.4592    0.6488
...    79 A-T ...
  -94.5647 -160.0777  119.3904
    0.3118    0.9493    0.0414
   -0.6043    0.1644    0.7796
    0.7333   -0.2681    0.6249
...    80 T-A ...
  -91.7414 -160.8539  120.8256
   -0.0522    0.9236    0.3797
   -0.6499   -0.3201    0.6893
    0.7583   -0.2108    0.6169
...    81 C-G ...
  -89.1263 -161.2327  122.7841
   -0.4553    0.5491    0.7008
   -0.4394   -0.8232    0.3596
    0.7744   -0.1443    0.6161
...    82 A-T ...
  -86.2921 -161.0511  124.6856
   -0.6724    0.0621    0.7376
   -0.0482   -0.9980    0.0401
    0.7386   -0.0086    0.6741
...    83 T-A ...
  -83.9698 -160.5419  126.9369
   -0.5943   -0.4499    0.6666
    0.3023   -0.8931   -0.3333
    0.7453    0.0035    0.6668
...    84 G-C ...
  -81.5072 -160.2369  129.1998
   -0.2685   -0.8982    0.3481
    0.5695   -0.4395   -0.6947
    0.7769    0.0117    0.6295
...    85 T-A ...
  -79.2560 -159.9347  131.7035
    0.1089   -0.9916   -0.0699
    0.5860    0.1208   -0.8013
    0.8030    0.0463    0.5942
...    86 T-A ...
  -76.7964 -159.8331  133.7235
    0.4028   -0.7555   -0.5166
    0.3955    0.6527   -0.6462
    0.8254    0.0560    0.5617
...    87 A-T ...
  -73.9574 -159.5075  135.3506
    0.4481   -0.2937   -0.8443
    0.0980    0.9549   -0.2802
    0.8886    0.0428    0.4567
...    88 T-A ...
  -71.1317 -160.0776  136.7697
    0.4045    0.2076   -0.8907
   -0.1450    0.9761    0.1616
    0.9030    0.0638    0.4250
...    89 A-T ...
  -68.1115 -159.7586  137.8259
    0.0878    0.6169   -0.7821
   -0.2655    0.7713    0.5785
    0.9601    0.1568    0.2315
...    90 A-T ...
  -65.0632 -159.2703  138.2047
   -0.1700    0.8991   -0.4033
   -0.2201    0.3643    0.9049
    0.9605    0.2426    0.1360
...    91 C-G ...
  -61.8341 -158.3078  137.7672
   -0.3040    0.9440    0.1281
   -0.0607   -0.1534    0.9863
    0.9507    0.2921    0.1039
...    92 G-C ...
  -58.9256 -156.9725  138.4791
   -0.3715    0.6720    0.6406
    0.2299   -0.6020    0.7647
    0.8995    0.4314    0.0691
...    93 G-C ...
  -56.2556 -155.0971  138.9986
   -0.2657    0.2217    0.9382
    0.4618   -0.8250    0.3257
    0.8462    0.5198    0.1168
...    94 A-T ...
  -53.5390 -153.0903  139.2630
    0.1021   -0.3029    0.9475
    0.5261   -0.7919   -0.3098
    0.8442    0.5302    0.0785
...    95 A-T ...
  -50.9554 -151.1851  139.6152
    0.4278   -0.6867    0.5877
    0.3578   -0.4684   -0.8078
    0.8300    0.5559    0.0453
...    96 C-G ...
  -48.3326 -149.1330  140.2656
    0.5675   -0.8222    0.0441
    0.0412   -0.0252   -0.9988
    0.8224    0.5686    0.0196
...    97 A-T ...
  -45.6307 -147.2123  140.2919
    0.4239   -0.7233   -0.5451
   -0.3240    0.4409   -0.8370
    0.8458    0.5314   -0.0475
...    98 C-G ...
  -42.5342 -145.9644  140.4481
    0.1603   -0.4165   -0.8949
   -0.5063    0.7435   -0.4368
    0.8473    0.5231   -0.0917
...    99 T-A ...
  -39.2717 -144.6446  139.9649
   -0.2504    0.0138   -0.9680
   -0.5083    0.8491    0.1436
    0.8240    0.5280   -0.2056
...   100 T-A ...
  -36.5175 -143.2207  139.0267
   -0.5249    0.4672   -0.7115
   -0.2740    0.6987    0.6609
    0.8058    0.5419   -0.2387
...   101 T-A ...
  -33.9866 -141.4842  138.0488
   -0.6398    0.7388   -0.2119
    0.0813    0.3392    0.9372
    0.7642    0.5824   -0.2771
...   102 A-T ...
  -31.5622 -139.3625  137.1515
   -0.5269    0.7577    0.3851
    0.4693   -0.1184    0.8751
    0.7086    0.6418   -0.2932
...   103 T-A ...
  -29.7570 -137.1430  135.5786
   -0.2621    0.5935    0.7610
    0.6877   -0.4384    0.5787
    0.6771    0.6750   -0.2932
...   104 G-C ...
  -27.7285 -134.6735  134.6853
    0.1512    0.1453    0.9778
    0.7332   -0.6799   -0.0123
    0.6630    0.7188   -0.2094
...   105 C-G ...
  -25.7300 -132.0404  134.2200
    0.5318   -0.2685    0.8032
    0.5197   -0.6454   -0.5598
    0.6687    0.7151   -0.2037
...   106 T-A ...
  -23.5227 -129.3948  133.9509
    0.7304   -0.5945    0.3363
    0.1359   -0.3561   -0.9245
    0.6694    0.7210   -0.1793
...   107 T-A ...
  -21.3806 -127.0293  133.5728
    0.6668   -0.7058   -0.2394
   -0.3078    0.0317   -0.9509
    0.6787    0.7077   -0.1960
...   108 C-G ...
  -18.9858 -124.7638  133.0661
    0.3260   -0.5870   -0.7411
   -0.6461    0.4339   -0.6279
    0.6901    0.6835   -0.2378
...   109 C-G ...
  -16.7033 -122.4699  132.4700
   -0.1554   -0.3717   -0.9153
   -0.7290    0.6684   -0.1477
    0.6666    0.6443   -0.3748
...   110 G-C ...
  -14.9176 -120.3297  131.1428
   -0.5924   -0.0734   -0.8023
   -0.5340    0.7814    0.3228
    0.6032    0.6197   -0.5021
...   111 G-C ...
  -13.1555 -118.4642  128.9952
   -0.8400    0.3071   -0.4473
   -0.1002    0.7224    0.6842
    0.5332    0.6196   -0.5761
...   112 C-G ...
  -11.7926 -116.6526  126.5070
   -0.7814    0.6233    0.0303
    0.3925    0.4531    0.8004
    0.4851    0.6374   -0.5987
...   113 T-A ...
  -10.4140 -114.6207  124.2873
   -0.4811    0.7371    0.4745
    0.7628    0.0852    0.6410
    0.4321    0.6703   -0.6032
...   114 C-G ...
   -8.9981 -112.2363  122.5355
    0.0444    0.6319    0.7738
    0.9248   -0.3189    0.2073
    0.3778    0.7064   -0.5986
...   115 G-C ...
   -7.3346 -110.0935  120.6330
    0.5618    0.2927    0.7738
    0.7345   -0.6068   -0.3038
    0.3806    0.7390   -0.5559
...   116 T-A ...
   -6.2461 -107.2682  119.2778
    0.8559   -0.0985    0.5077
    0.3236   -0.6638   -0.6743
    0.4034    0.7414   -0.5363
...   117 A-T ...
   -4.8738 -104.5094  117.8263
    0.8650   -0.5005    0.0355
   -0.2366   -0.4692   -0.8508
    0.4425    0.7275   -0.5243
...   118 T-A ...
   -3.1780 -101.9454  116.7413
    0.6335   -0.6573   -0.4083
   -0.6468   -0.1601   -0.7457
    0.4247    0.7364   -0.5266
...   119 A-T ...
   -2.0203  -99.4451  114.7672
    0.0938   -0.6319   -0.7693
   -0.8981    0.2799   -0.3394
    0.4298    0.7227   -0.5413
...   120 A-T ...
   -0.3656  -97.2858  113.0026
   -0.4438   -0.3891   -0.8073
   -0.7937    0.5890    0.1525
    0.4161    0.7084   -0.5702
...   121 T-A ...
    1.3923  -95.4238  110.8716
   -0.7938   -0.0317   -0.6074
   -0.4479    0.7061    0.5485
    0.4114    0.7074   -0.5747
...   122 G-C ...
    2.7087  -93.1117  108.6469
   -0.9420    0.3156   -0.1143
    0.1071    0.6052    0.7888
    0.3181    0.7309   -0.6039
...   123 T-A ...
    3.4533  -90.9626  106.2917
   -0.7687    0.5596    0.3098
    0.5670    0.3719    0.7349
    0.2960    0.7406   -0.6032
...   124 G-C ...
    4.2479  -88.4343  104.2356
   -0.3273    0.6093    0.7223
    0.9149    0.0132    0.4034
    0.2362    0.7928   -0.5618
...   125 T-A ...
    4.4986  -85.8864  102.2893
    0.1834    0.4900    0.8522
    0.9556   -0.2923   -0.0375
    0.2307    0.8212   -0.5219
...   126 C-G ...
    5.1984  -83.2109  100.7473
    0.7093    0.2294    0.6665
    0.6713   -0.5082   -0.5395
    0.2149    0.8301   -0.5145
...   127 G-C ...
    6.3415  -80.7837   98.7944
    0.9181   -0.1843    0.3508
    0.2156   -0.5105   -0.8324
    0.3325    0.8399   -0.4290
...   128 A-T ...
    7.3222  -78.0773   97.4621
    0.8685   -0.4511   -0.2054
   -0.3696   -0.3132   -0.8748
    0.3303    0.8357   -0.4387
...   129 C-G ...
    8.8159  -75.2314   96.6879
    0.5264   -0.5804   -0.6213
   -0.7705   -0.0168   -0.6372
    0.3594    0.8142   -0.4560
...   130 C-G ...
   10.5588  -72.7419   95.1299
    0.0029   -0.5745   -0.8185
   -0.9170    0.3251   -0.2314
    0.3990    0.7512   -0.5258
...   131 A-T ...
   11.1518  -69.9181   93.3679
   -0.5609   -0.3176   -0.7645
   -0.7408    0.6048    0.2923
    0.3695    0.7303   -0.5745
...   132 A-T ...
   12.4191  -67.6769   91.3206
   -0.8823    0.0934   -0.4614
   -0.2834    0.6773    0.6790
    0.3759    0.7298   -0.5711
...   133 A-T ...
   13.7024  -65.5611   89.1618
   -0.8632    0.5048    0.0055
    0.2830    0.4748    0.8334
    0.4181    0.7209   -0.5527
...   134 T-A ...
   14.7283  -63.4123   86.8245
   -0.5924    0.6746    0.4405
    0.6886    0.1400    0.7115
    0.4183    0.7248   -0.5474
...   135 G-C ...
   15.7212  -61.4788   83.9378
    0.0342    0.7399    0.6718
    0.8637   -0.3601    0.3526
    0.5028    0.5682   -0.6514
...   136 T-A ...
   15.7740  -59.5465   80.8037
    0.5516    0.4996    0.6680
    0.6739   -0.7388   -0.0038
    0.4916    0.4523   -0.7442
...   137 G-C ...
   16.8281  -57.7076   78.2738
    0.8528   -0.0847    0.5152
    0.1508   -0.9047   -0.3984
    0.4999    0.4175   -0.7588
...   138 A-T ...
   18.4176  -55.5142   76.5363
    0.8547   -0.5007    0.1370
   -0.3189   -0.7148   -0.6224
    0.4096    0.4883   -0.7706
...   139 G-C ...
   20.4153  -54.2945   74.5497
    0.5847   -0.7389   -0.3350
   -0.7594   -0.3532   -0.5465
    0.2854    0.5739   -0.7676
...   140 C-G ...
   21.4164  -51.8108   72.7950
    0.1305   -0.7142   -0.6876
   -0.8897    0.2217   -0.3991
    0.4375    0.6639   -0.6065
...   141 G-C ...
   22.1407  -50.1331   67.4725
   -0.4682   -0.8748    0.1248
   -0.8495    0.4067   -0.3362
    0.2434   -0.2634   -0.9335
...   142 C-G ...
   22.3378  -51.2252   64.5019
   -0.8529   -0.5117   -0.1032
   -0.4974    0.8566   -0.1372
    0.1587   -0.0657   -0.9851
...   143 T-A ...
   24.0060  -51.6202   61.9333
   -0.9563    0.0399   -0.2897
    0.0522    0.9980   -0.0348
    0.2877   -0.0484   -0.9565
...   144 C-G ...
   24.8857  -52.7207   58.9948
   -0.7530    0.5560   -0.3520
    0.5213    0.8304    0.1966
    0.4016   -0.0355   -0.9151
...   145 A-T ...
   25.5174  -52.9610   55.8127
   -0.2442    0.9563   -0.1609
    0.8907    0.2867    0.3528
    0.3835   -0.0571   -0.9218
...   146 C-G ...
   25.2678  -52.4925   52.0871
    0.3203    0.9428   -0.0928
    0.8825   -0.2613    0.3910
    0.3444   -0.2071   -0.9157
...   147 A-T ...
   25.6134  -52.5733   48.6479
    0.8597    0.5097    0.0339
    0.4498   -0.7866    0.4230
    0.2423   -0.3484   -0.9055
