  147 base-pairs
...     1 T-A ...
    0.0000    0.0000    0.0000
    1.0000    0.0000    0.0000
    0.0000    1.0000    0.0000
    0.0000    0.0000    1.0000
...     2 G-C ...
   -0.5555   -1.1003    3.3981
    0.7749    0.6051    0.1828
   -0.5991    0.7953   -0.0929
   -0.2016   -0.0375    0.9787
...     3 T-A ...
   -0.6619   -3.0237    6.5348
    0.3046    0.9250    0.2271
   -0.8994    0.3578   -0.2510
   -0.3134   -0.1278    0.9410
...     4 G-C ...
   -1.1607   -3.8418    9.6940
   -0.3351    0.9421    0.0133
   -0.8752   -0.3061   -0.3746
   -0.3489   -0.1372    0.9271
...     5 A-T ...
   -1.3881   -3.6770   12.8999
   -0.7835    0.6162   -0.0801
   -0.5677   -0.7622   -0.3109
   -0.2527   -0.1981    0.9470
...     6 G-C ...
   -2.6236   -3.5448   15.7072
   -0.9923    0.0611   -0.1075
   -0.0294   -0.9610   -0.2748
   -0.1201   -0.2695    0.9555
...     7 C-G ...
   -2.3138   -3.7570   18.8866
   -0.8620   -0.4995   -0.0864
    0.5008   -0.8655    0.0073
   -0.0785   -0.0370    0.9962
...     8 G-C ...
   -3.9561   -6.8109   23.3205
   -0.2581   -0.3560   -0.8981
    0.6294   -0.7673    0.1233
   -0.7330   -0.5335    0.4221
...     9 C-G ...
   -6.1177   -8.9414   24.2385
    0.1143   -0.7320   -0.6716
    0.8123   -0.3203    0.4874
   -0.5720   -0.6013    0.5580
...    10 T-A ...
   -8.5041   -9.6771   26.0540
    0.4660   -0.8587   -0.2131
    0.6274    0.1508    0.7640
   -0.6239   -0.4897    0.6090
...    11 C-G ...
  -11.0625  -11.3174   27.2336
    0.6660   -0.6911    0.2808
    0.3382    0.6152    0.7121
   -0.6649   -0.3794    0.6435
...    12 A-T ...
  -13.0013  -13.1789   29.0658
    0.7188   -0.1490    0.6790
   -0.1787    0.9043    0.3876
   -0.6718   -0.4000    0.6235
...    13 C-G ...
  -14.1788  -15.9359   31.3399
    0.4052    0.2865    0.8682
   -0.5270    0.8492   -0.0343
   -0.7470   -0.4437    0.4951
...    14 A-T ...
  -15.9532  -18.1566   33.3080
   -0.1503    0.6873    0.7107
   -0.6106    0.5008   -0.6135
   -0.7776   -0.5261    0.3444
...    15 A-T ...
  -18.3639  -19.9981   34.4407
   -0.4689    0.8532    0.2284
   -0.3926    0.0303   -0.9192
   -0.7912   -0.5207    0.3208
...    16 T-A ...
  -20.7496  -21.6447   36.2004
   -0.6372    0.7148   -0.2882
   -0.0612   -0.4197   -0.9056
   -0.7682   -0.5594    0.3112
...    17 T-A ...
  -23.2752  -23.2774   37.5387
   -0.5740    0.3155   -0.7557
    0.3404   -0.7474   -0.5705
   -0.7448   -0.5847    0.3216
...    18 T-A ...
  -25.7913  -25.0150   38.5715
   -0.2513   -0.1176   -0.9607
    0.5958   -0.8011   -0.0578
   -0.7628   -0.5869    0.2714
...    19 A-T ...
  -28.2642  -27.0773   39.2150
    0.1981   -0.4411   -0.8753
    0.6182   -0.6368    0.4608
   -0.7606   -0.6325    0.1465
...    20 T-A ...
  -31.1113  -28.7601   39.1891
    0.4928   -0.6948   -0.5239
    0.4304   -0.3286    0.8407
   -0.7563   -0.6397    0.1371
...    21 T-A ...
  -33.6529  -30.8217   39.3109
    0.6579   -0.7524    0.0328
    0.0674    0.1022    0.9925
   -0.7501   -0.6507    0.1179
...    22 C-G ...
  -36.0304  -33.0545   39.6389
    0.6017   -0.5341    0.5939
   -0.3410    0.5006    0.7957
   -0.7223   -0.6813    0.1191
...    23 G-C ...
  -38.4814  -35.1294   40.6625
    0.4046   -0.0749    0.9114
   -0.6595    0.6665    0.3475
   -0.6335   -0.7417    0.2203
...    24 C-G ...
  -40.2553  -37.8024   41.3191
    0.0350    0.3246    0.9452
   -0.7744    0.6066   -0.1797
   -0.6317   -0.7257    0.2726
...    25 A-T ...
  -42.6919  -39.9591   41.9480
   -0.3849    0.6503    0.6550
   -0.6555    0.3070   -0.6900
   -0.6498   -0.6949    0.3081
...    26 A-T ...
  -44.7328  -42.2317   43.1520
   -0.6945    0.7035    0.1509
   -0.3201   -0.1142   -0.9405
   -0.6444   -0.7014    0.3045
...    27 A-T ...
  -46.7121  -44.4494   44.4863
   -0.7667    0.4916   -0.4128
    0.1536   -0.4839   -0.8615
   -0.6233   -0.7240    0.2956
...    28 G-C ...
  -49.0418  -46.5357   45.7370
   -0.5330    0.2005   -0.8220
    0.5254   -0.6831   -0.5072
   -0.6633   -0.7022    0.2588
...    29 G-C ...
  -51.6149  -48.6729   46.5489
   -0.0918   -0.1547   -0.9837
    0.7268   -0.6857    0.0400
   -0.6807   -0.7112    0.1754
...    30 C-G ...
  -54.1455  -50.7306   46.8456
    0.3585   -0.4549   -0.8152
    0.6491   -0.5062    0.5678
   -0.6710   -0.7327    0.1138
...    31 C-G ...
  -56.6114  -52.9931   47.0350
    0.7089   -0.5910   -0.3849
    0.3406   -0.1910    0.9206
   -0.6176   -0.7837    0.0659
...    32 G-C ...
  -58.2780  -55.5211   47.3918
    0.8512   -0.5118    0.1165
   -0.0788    0.0947    0.9924
   -0.5189   -0.8539    0.0402
...    33 G-C ...
  -59.5172  -58.6483   47.3534
    0.7059   -0.3180    0.6329
   -0.5491    0.3189    0.7726
   -0.4475   -0.8929    0.0505
...    34 C-G ...
  -60.5822  -61.7455   47.3492
    0.3155   -0.0476    0.9477
   -0.8543    0.4205    0.3055
   -0.4131   -0.9060    0.0920
...    35 C-G ...
  -61.5625  -64.9487   47.9600
   -0.1827    0.2419    0.9530
   -0.9020    0.3443   -0.2603
   -0.3911   -0.9072    0.1553
...    36 C-G ...
  -62.7072  -67.9854   48.7564
   -0.6288    0.4308    0.6473
   -0.6744    0.1124   -0.7298
   -0.3872   -0.8954    0.2199
...    37 G-C ...
  -64.3418  -70.9781   48.6478
   -0.8704    0.4774    0.1202
   -0.2154   -0.1498   -0.9650
   -0.4427   -0.8658    0.2332
...    38 A-T ...
  -65.6536  -73.7429   49.4282
   -0.8319    0.3034   -0.4646
    0.3392   -0.3846   -0.8585
   -0.4392   -0.8718    0.2171
...    39 C-G ...
  -67.4891  -76.2297   50.3310
   -0.5219    0.0965   -0.8476
    0.7144   -0.4936   -0.4960
   -0.4662   -0.8643    0.1887
...    40 A-T ...
  -69.1648  -79.0647   50.8234
    0.0121   -0.1346   -0.9908
    0.8807   -0.4679    0.0744
   -0.4736   -0.8735    0.1129
...    41 C-G ...
  -71.0761  -81.7558   50.7545
    0.4755   -0.3114   -0.8228
    0.7518   -0.3419    0.5639
   -0.4569   -0.8866    0.0716
...    42 G-C ...
  -72.2297  -84.8115   51.3066
    0.8533   -0.3774   -0.3597
    0.3428   -0.1137    0.9325
   -0.3928   -0.9190    0.0323
...    43 A-T ...
  -73.5896  -87.6555   51.3844
    0.9006   -0.3600    0.2436
   -0.2042    0.1443    0.9682
   -0.3837   -0.9217    0.0565
...    44 C-G ...
  -74.5608  -90.7677   50.9015
    0.6885   -0.1709    0.7048
   -0.6492    0.2879    0.7040
   -0.3233   -0.9423    0.0873
...    45 T-A ...
  -75.0469  -94.3260   51.0488
    0.2302    0.0809    0.9698
   -0.9274    0.3202    0.1934
   -0.2949   -0.9439    0.1488
...    46 T-A ...
  -75.6679  -97.4501   51.4954
   -0.2453    0.2533    0.9358
   -0.9263    0.2235   -0.3033
   -0.2860   -0.9412    0.1798
...    47 A-T ...
  -76.6160 -100.5012   52.3165
   -0.6846    0.4294    0.5890
   -0.6499    0.0063   -0.7600
   -0.3301   -0.9031    0.2748
...    48 C-G ...
  -77.4812 -103.3085   53.8966
   -0.9173    0.3865    0.0961
   -0.2027   -0.2454   -0.9480
   -0.3428   -0.8891    0.3034
...    49 T-A ...
  -78.7298 -106.0350   55.4168
   -0.8638    0.2598   -0.4317
    0.2846   -0.4554   -0.8436
   -0.4158   -0.8515    0.3194
...    50 G-C ...
  -80.2276 -108.8946   56.2652
   -0.5136    0.0178   -0.8578
    0.7207   -0.5336   -0.4426
   -0.4657   -0.8455    0.2613
...    51 T-A ...
  -82.1813 -111.3028   57.0930
   -0.0673   -0.2448   -0.9672
    0.8812   -0.4693    0.0575
   -0.4679   -0.8484    0.2473
...    52 A-T ...
  -83.4393 -114.2399   57.9738
    0.4879   -0.4615   -0.7409
    0.7484   -0.2156    0.6272
   -0.4492   -0.8605    0.2402
...    53 G-C ...
  -85.1078 -116.9463   58.6329
    0.8303   -0.4272   -0.3579
    0.4186    0.0540    0.9066
   -0.3679   -0.9026    0.2237
...    54 G-C ...
  -86.4915 -120.3002   58.5808
    0.9582   -0.2445    0.1489
   -0.0813    0.2664    0.9604
   -0.2745   -0.9324    0.2353
...    55 T-A ...
  -87.1006 -123.4463   58.9741
    0.8005   -0.0288    0.5987
   -0.5529    0.3504    0.7560
   -0.2315   -0.9362    0.2645
...    56 A-T ...
  -87.1728 -126.8444   59.6490
    0.3999    0.3012    0.8657
   -0.9074    0.2632    0.3276
   -0.1292   -0.9165    0.3786
...    57 T-A ...
  -86.8873 -129.8878   60.7845
   -0.0899    0.4290    0.8988
   -0.9898    0.0615   -0.1284
   -0.1104   -0.9012    0.4191
...    58 C-G ...
  -87.0350 -132.8610   62.4849
   -0.6715    0.4116    0.6161
   -0.7324   -0.2425   -0.6362
   -0.1125   -0.8785    0.4643
...    59 T-A ...
  -87.3965 -135.5526   64.3416
   -0.9487    0.2706    0.1633
   -0.2764   -0.4597   -0.8440
   -0.1534   -0.8459    0.5109
...    60 C-G ...
  -88.2430 -138.3645   65.7432
   -0.9299   -0.0540   -0.3639
    0.3239   -0.5891   -0.7403
   -0.1744   -0.8062    0.5653
...    61 G-C ...
  -88.5355 -141.3264   67.1045
   -0.6009   -0.3433   -0.7219
    0.7712   -0.4865   -0.4106
   -0.2102   -0.8034    0.5571
...    62 A-T ...
  -88.8947 -143.9768   69.0093
   -0.0180   -0.5567   -0.8305
    0.9840   -0.1572    0.0840
   -0.1773   -0.8157    0.5506
...    63 G-C ...
  -89.5806 -146.6870   70.7338
    0.5107   -0.5390   -0.6699
    0.8496    0.1966    0.4895
   -0.1321   -0.8191    0.5583
...    64 C-G ...
  -90.3662 -149.5968   72.3380
    0.9116   -0.2850   -0.2962
    0.4038    0.4855    0.7754
   -0.0772   -0.8264    0.5577
...    65 T-A ...
  -90.6889 -152.5354   73.8873
    0.9938    0.0809    0.0763
   -0.1090    0.5718    0.8132
    0.0222   -0.8164    0.5770
...    66 C-G ...
  -90.4302 -155.2882   75.7461
    0.7671    0.4525    0.4547
   -0.6322    0.4132    0.6554
    0.1087   -0.7903    0.6031
...    67 G-C ...
  -90.0751 -157.4130   78.1321
    0.3146    0.6979    0.6433
   -0.9266    0.0788    0.3677
    0.2059   -0.7118    0.6715
...    68 G-C ...
  -89.0269 -159.5350   80.4702
   -0.2457    0.6939    0.6769
   -0.9424   -0.3344    0.0006
    0.2268   -0.6378    0.7361
...    69 G-C ...
  -88.1198 -161.1902   83.2654
   -0.7349    0.4654    0.4932
   -0.6452   -0.7038   -0.2972
    0.2088   -0.5367    0.8175
...    70 A-T ...
  -87.2969 -162.7004   86.1105
   -0.9711   -0.0542    0.2324
   -0.0730   -0.8597   -0.5056
    0.2272   -0.5079    0.8309
...    71 T-A ...
  -86.6950 -163.8379   89.1669
   -0.8637   -0.5008   -0.0566
    0.4472   -0.7098   -0.5442
    0.2323   -0.4954    0.8370
...    72 C-G ...
  -86.0072 -165.3699   92.0462
   -0.3878   -0.8395   -0.3807
    0.8889   -0.2314   -0.3952
    0.2437   -0.4917    0.8360
...    73 A-T ...
  -84.7959 -166.7270   94.8772
    0.1644   -0.7840   -0.5986
    0.9481    0.2930   -0.1233
    0.2721   -0.5473    0.7915
...    74 T-A ...
  -84.3395 -168.7394   97.3975
    0.6061   -0.5219   -0.6003
    0.7383    0.6498    0.1805
    0.2959   -0.5526    0.7792
...    75 G-C ...
  -83.3925 -170.8565  100.0160
    0.8782   -0.0048   -0.4783
    0.2529    0.8534    0.4557
    0.4060   -0.5212    0.7507
...    76 T-A ...
  -82.0653 -173.1131  102.0374
    0.8656    0.4467   -0.2265
   -0.2237    0.7494    0.6232
    0.4481   -0.4888    0.7486
...    77 T-A ...
  -80.4221 -174.6159  104.2014
    0.5709    0.8209    0.0171
   -0.6211    0.4182    0.6628
    0.5370   -0.3890    0.7486
...    78 A-T ...
  -78.5067 -175.5178  106.6172
    0.0900    0.9838    0.1549
   -0.7834   -0.0261    0.6209
    0.6149   -0.1772    0.7684
...    79 T-A ...
  -75.9880 -175.8075  108.5912
   -0.3189    0.8506    0.4181
   -0.7085   -0.5069    0.4910
    0.6296   -0.1396    0.7643
...    80 A-T ...
  -74.0519 -176.1385  111.2318
   -0.7021    0.4525    0.5498
   -0.3746   -0.8913    0.2553
    0.6056   -0.0268    0.7953
...    81 A-T ...
  -72.1090 -175.9271  113.7483
   -0.7868   -0.1229    0.6049
    0.1045   -0.9924   -0.0657
    0.6084    0.0115    0.7936
...    82 C-G ...
  -70.2985 -175.1464  116.6319
   -0.5653   -0.6500    0.5078
    0.5256   -0.7583   -0.3856
    0.6358    0.0489    0.7703
...    83 G-C ...
  -68.1520 -175.1796  119.0981
   -0.1019   -0.9791    0.1763
    0.7735   -0.1894   -0.6048
    0.6255    0.0747    0.7766
...    84 G-C ...
  -66.2572 -174.7601  121.7953
    0.2862   -0.9350   -0.2095
    0.6986    0.3533   -0.6222
    0.6557    0.0317    0.7543
...    85 A-T ...
  -64.2765 -174.7012  124.4932
    0.6413   -0.5410   -0.5441
    0.3715    0.8394   -0.3967
    0.6714    0.0523    0.7393
...    86 T-A ...
  -62.1994 -175.1147  127.0194
    0.7170   -0.0377   -0.6960
   -0.0171    0.9973   -0.0716
    0.6968    0.0632    0.7144
...    87 C-G ...
  -59.8153 -175.0559  129.2507
    0.5292    0.5308   -0.6620
   -0.4260    0.8409    0.3338
    0.7338    0.1053    0.6711
...    88 C-G ...
  -57.4635 -174.9633  131.5443
    0.1061    0.8439   -0.5258
   -0.6400    0.4627    0.6135
    0.7610    0.2714    0.5892
...    89 G-C ...
  -55.2062 -173.6128  133.5658
   -0.3891    0.8837   -0.2601
   -0.5514    0.0027    0.8342
    0.7379    0.4680    0.4863
...    90 C-G ...
  -52.6026 -171.6038  134.6518
   -0.6518    0.7181    0.2439
   -0.1976   -0.4713    0.8595
    0.7322    0.5121    0.4491
...    91 T-A ...
  -50.5223 -169.1050  135.9912
   -0.6464    0.3342    0.6858
    0.2743   -0.7370    0.6177
    0.7120    0.5874    0.3848
...    92 T-A ...
  -48.3849 -166.8525  137.0263
   -0.3108   -0.1182    0.9431
    0.6111   -0.7848    0.1030
    0.7280    0.6083    0.3162
...    93 T-A ...
  -46.2970 -164.4961  137.9570
    0.1610   -0.4943    0.8542
    0.6639   -0.5862   -0.4643
    0.7303    0.6419    0.2338
...    94 A-T ...
  -43.5789 -162.5844  137.7694
    0.6488   -0.6329    0.4225
    0.3794   -0.2123   -0.9005
    0.6596    0.7446    0.1024
...    95 A-T ...
  -41.5642 -160.1227  138.1963
    0.7644   -0.6271   -0.1502
   -0.0814    0.1372   -0.9872
    0.6396    0.7668    0.0539
...    96 C-G ...
  -39.2906 -157.7645  138.9048
    0.5911   -0.4828   -0.6462
   -0.4861    0.4260   -0.7630
    0.6437    0.7651    0.0171
...    97 A-T ...
  -37.0900 -155.2971  138.9336
    0.1484   -0.2619   -0.9536
   -0.7319    0.6194   -0.2840
    0.6650    0.7401   -0.0998
...    98 C-G ...
  -34.4607 -153.3475  138.3632
   -0.2768    0.0414   -0.9600
   -0.7020    0.6736    0.2314
    0.6562    0.7380   -0.1574
...    99 T-A ...
  -31.9331 -151.0983  137.2455
   -0.6854    0.3259   -0.6511
   -0.4180    0.5562    0.7183
    0.5962    0.7645   -0.2450
...   100 T-A ...
  -30.0074 -148.7755  136.0476
   -0.8111    0.5700   -0.1312
    0.0489    0.2896    0.9559
    0.5828    0.7689   -0.2628
...   101 T-A ...
  -28.2460 -146.3051  134.9410
   -0.6603    0.6200    0.4237
    0.4992   -0.0591    0.8645
    0.5610    0.7824   -0.2705
...   102 A-T ...
  -26.3687 -143.6316  134.1387
   -0.2522    0.4509    0.8562
    0.8066   -0.3909    0.4434
    0.5346    0.8024   -0.2651
...   103 T-A ...
  -25.3198 -140.7247  133.0296
    0.1469    0.2048    0.9677
    0.8419   -0.5395   -0.0137
    0.5193    0.8167   -0.2517
...   104 G-C ...
  -23.7371 -137.8731  132.4341
    0.5805   -0.2345    0.7798
    0.6001   -0.5240   -0.6043
    0.5503    0.8188   -0.1635
...   105 C-G ...
  -21.9514 -135.1089  132.2913
    0.7979   -0.5069    0.3262
    0.1741   -0.3243   -0.9298
    0.5771    0.7987   -0.1705
...   106 T-A ...
  -19.9103 -132.3549  132.1545
    0.7417   -0.6240   -0.2458
   -0.2951    0.0255   -0.9551
    0.6023    0.7810   -0.1653
...   107 T-A ...
  -17.8850 -129.9040  131.7940
    0.4299   -0.5442   -0.7204
   -0.6555    0.3605   -0.6635
    0.6209    0.7575   -0.2018
...   108 C-G ...
  -15.6346 -127.6034  131.1001
   -0.0567   -0.3090   -0.9494
   -0.7788    0.6087   -0.1516
    0.6247    0.7308   -0.2751
...   109 C-G ...
  -13.4514 -125.3067  130.2552
   -0.5262   -0.0637   -0.8480
   -0.6421    0.6836    0.3471
    0.5576    0.7271   -0.4006
...   110 G-C ...
  -12.0674 -122.9483  128.9016
   -0.8422    0.1794   -0.5085
   -0.2796    0.6610    0.6963
    0.4611    0.7286   -0.5065
...   111 G-C ...
  -11.0229 -120.5934  126.7369
   -0.8936    0.4485   -0.0163
    0.2383    0.5050    0.8296
    0.3803    0.7375   -0.5581
...   112 C-G ...
  -10.3338 -118.2379  124.4307
   -0.6377    0.6212    0.4555
    0.6928    0.2042    0.6916
    0.3366    0.7566   -0.5606
...   113 T-A ...
   -9.5017 -115.7830  122.3893
   -0.1995    0.6137    0.7639
    0.9323   -0.1211    0.3408
    0.3017    0.7802   -0.5480
...   114 C-G ...
   -8.4332 -113.1395  120.7656
    0.3653    0.4143    0.8336
    0.8893   -0.4199   -0.1811
    0.2750    0.8075   -0.5219
...   115 G-C ...
   -7.1484 -110.7346  118.8999
    0.7938    0.0565    0.6056
    0.5229   -0.5721   -0.6319
    0.3107    0.8183   -0.4836
...   116 T-A ...
   -6.0867 -107.8240  117.8417
    0.9380   -0.2789    0.2058
    0.0352   -0.5138   -0.8572
    0.3448    0.8113   -0.4722
...   117 A-T ...
   -4.7053 -104.9084  116.7174
    0.7679   -0.5749   -0.2825
   -0.4941   -0.2510   -0.8324
    0.4077    0.7787   -0.4768
...   118 T-A ...
   -2.9464 -102.3761  115.7327
    0.4293   -0.6180   -0.6586
   -0.8111    0.0569   -0.5822
    0.3973    0.7841   -0.4769
...   119 A-T ...
   -1.7900  -99.7899  113.9889
   -0.1280   -0.5290   -0.8389
   -0.9025    0.4128   -0.1226
    0.4112    0.7414   -0.5303
...   120 A-T ...
   -0.2182  -97.6308  112.1619
   -0.6199   -0.2415   -0.7466
   -0.6790    0.6420    0.3561
    0.3933    0.7276   -0.5620
...   121 T-A ...
    1.3769  -95.7340  109.9353
   -0.8813    0.1143   -0.4586
   -0.2679    0.6786    0.6839
    0.3894    0.7255   -0.5674
...   122 G-C ...
    2.5580  -93.3979  107.6809
   -0.9117    0.4059    0.0632
    0.2830    0.5092    0.8127
    0.2977    0.7589   -0.5792
...   123 T-A ...
    3.1689  -91.1128  105.4354
   -0.6661    0.5859    0.4616
    0.6925    0.2557    0.6746
    0.2772    0.7690   -0.5760
...   124 G-C ...
    3.8658  -88.4927  103.5032
   -0.1915    0.5616    0.8049
    0.9546   -0.0841    0.2858
    0.2282    0.8231   -0.5200
...   125 T-A ...
    4.0681  -85.8116  101.7410
    0.3094    0.4021    0.8617
    0.9226   -0.3464   -0.1696
    0.2303    0.8475   -0.4782
...   126 C-G ...
    4.7779  -83.0719  100.3514
    0.7859    0.1311    0.6043
    0.5792   -0.4985   -0.6450
    0.2167    0.8569   -0.4677
...   127 G-C ...
    5.8765  -80.5605   98.5496
    0.9270   -0.2610    0.2692
    0.1271   -0.4567   -0.8805
    0.3527    0.8505   -0.3902
...   128 A-T ...
    6.9183  -77.8315   97.3535
    0.8278   -0.4812   -0.2885
   -0.4376   -0.2320   -0.8687
    0.3512    0.8453   -0.4026
...   129 C-G ...
    8.5378  -75.0374   96.6668
    0.4627   -0.5655   -0.6828
   -0.8013    0.0627   -0.5949
    0.3792    0.8224   -0.4241
...   130 C-G ...
   10.3966  -72.5933   95.1686
   -0.0544   -0.5329   -0.8444
   -0.9087    0.3769   -0.1793
    0.4138    0.7576   -0.5048
...   131 A-T ...
   11.1412  -69.8547   93.4153
   -0.5863   -0.2954   -0.7543
   -0.7194    0.6180    0.3171
    0.3726    0.7285   -0.5748
...   132 A-T ...
   12.4248  -67.6441   91.3497
   -0.8874    0.1064   -0.4484
   -0.2651    0.6781    0.6855
    0.3771    0.7272   -0.5735
...   133 A-T ...
   13.7057  -65.5440   89.1740
   -0.8588    0.5121    0.0146
    0.2944    0.4700    0.8321
    0.4193    0.7189   -0.5544
...   134 T-A ...
   14.7283  -63.4122   86.8246
   -0.5924    0.6746    0.4405
    0.6886    0.1400    0.7115
    0.4183    0.7248   -0.5474
...   135 G-C ...
   15.7211  -61.4788   83.9378
    0.0342    0.7399    0.6718
    0.8637   -0.3601    0.3526
    0.5028    0.5682   -0.6514
...   136 T-A ...
   15.7739  -59.5464   80.8037
    0.5516    0.4996    0.6680
    0.6739   -0.7388   -0.0038
    0.4916    0.4523   -0.7442
...   137 G-C ...
   16.8280  -57.7076   78.2739
    0.8528   -0.0847    0.5152
    0.1508   -0.9047   -0.3984
    0.4999    0.4175   -0.7588
...   138 A-T ...
   18.4175  -55.5141   76.5363
    0.8547   -0.5007    0.1370
   -0.3189   -0.7148   -0.6224
    0.4096    0.4883   -0.7706
...   139 G-C ...
   20.4152  -54.2945   74.5497
    0.5847   -0.7389   -0.3350
   -0.7594   -0.3532   -0.5465
    0.2854    0.5739   -0.7676
...   140 C-G ...
   21.4163  -51.8107   72.7951
    0.1305   -0.7142   -0.6876
   -0.8897    0.2217   -0.3991
    0.4375    0.6639   -0.6065
...   141 G-C ...
   22.1406  -50.1330   67.4726
   -0.4682   -0.8748    0.1248
   -0.8495    0.4067   -0.3362
    0.2434   -0.2634   -0.9335
...   142 C-G ...
   22.3377  -51.2252   64.5020
   -0.8529   -0.5117   -0.1032
   -0.4974    0.8566   -0.1372
    0.1587   -0.0657   -0.9851
...   143 T-A ...
   24.0059  -51.6201   61.9334
   -0.9563    0.0399   -0.2897
    0.0522    0.9980   -0.0348
    0.2877   -0.0484   -0.9565
...   144 C-G ...
   24.8857  -52.7206   58.9949
   -0.7530    0.5560   -0.3520
    0.5213    0.8304    0.1966
    0.4016   -0.0355   -0.9151
...   145 A-T ...
   25.5174  -52.9609   55.8128
   -0.2442    0.9563   -0.1609
    0.8907    0.2867    0.3528
    0.3835   -0.0571   -0.9218
...   146 C-G ...
   25.2677  -52.4924   52.0872
    0.3203    0.9428   -0.0928
    0.8825   -0.2613    0.3910
    0.3444   -0.2071   -0.9157
...   147 A-T ...
   25.6133  -52.5732   48.6480
    0.8597    0.5097    0.0339
    0.4498   -0.7866    0.4230
    0.2423   -0.3484   -0.9055
