  147 base-pairs
...     1 T-A ...
    0.0000    0.0000    0.0000
    1.0000    0.0000    0.0000
    0.0000    1.0000    0.0000
    0.0000    0.0000    1.0000
...     2 G-C ...
   -0.5555   -1.1003    3.3981
    0.7749    0.6051    0.1828
   -0.5991    0.7953   -0.0929
   -0.2016   -0.0375    0.9787
...     3 T-A ...
   -0.6619   -3.0237    6.5348
    0.3046    0.9250    0.2271
   -0.8994    0.3578   -0.2510
   -0.3134   -0.1278    0.9410
...     4 G-C ...
   -1.1607   -3.8418    9.6940
   -0.3351    0.9421    0.0133
   -0.8752   -0.3061   -0.3746
   -0.3489   -0.1372    0.9271
...     5 A-T ...
   -1.3881   -3.6770   12.8999
   -0.7835    0.6162   -0.0801
   -0.5677   -0.7622   -0.3109
   -0.2527   -0.1981    0.9470
...     6 G-C ...
   -2.6236   -3.5448   15.7072
   -0.9923    0.0611   -0.1075
   -0.0294   -0.9610   -0.2748
   -0.1201   -0.2695    0.9555
...     7 C-G ...
   -2.3138   -3.7570   18.8866
   -0.8620   -0.4995   -0.0864
    0.5008   -0.8655    0.0073
   -0.0785   -0.0370    0.9962
...     8 G-C ...
   -3.9561   -6.8109   23.3205
   -0.2581   -0.3560   -0.8981
    0.6294   -0.7673    0.1233
   -0.7330   -0.5335    0.4221
...     9 C-G ...
   -6.1177   -8.9414   24.2385
    0.1143   -0.7320   -0.6716
    0.8123   -0.3203    0.4874
   -0.5720   -0.6013    0.5580
...    10 T-A ...
   -8.5041   -9.6771   26.0540
    0.4660   -0.8587   -0.2131
    0.6274    0.1508    0.7640
   -0.6239   -0.4897    0.6090
...    11 C-G ...
  -11.0625  -11.3174   27.2336
    0.6660   -0.6911    0.2808
    0.3382    0.6152    0.7121
   -0.6649   -0.3794    0.6435
...    12 A-T ...
  -13.0013  -13.1789   29.0658
    0.7188   -0.1490    0.6790
   -0.1787    0.9043    0.3876
   -0.6718   -0.4000    0.6235
...    13 C-G ...
  -14.1788  -15.9359   31.3399
    0.4052    0.2865    0.8682
   -0.5270    0.8492   -0.0343
   -0.7470   -0.4437    0.4951
...    14 A-T ...
  -15.9532  -18.1566   33.3080
   -0.1503    0.6873    0.7107
   -0.6106    0.5008   -0.6135
   -0.7776   -0.5261    0.3444
...    15 A-T ...
  -18.3648  -19.9901   34.4527
   -0.4665    0.8542    0.2296
   -0.3970    0.0298   -0.9173
   -0.7904   -0.5191    0.3252
...    16 T-A ...
  -20.7437  -21.6275   36.2300
   -0.6377    0.7157   -0.2846
   -0.0683   -0.4206   -0.9047
   -0.7672   -0.5575    0.3171
...    17 T-A ...
  -23.2607  -23.2497   37.5944
   -0.5806    0.3153   -0.7507
    0.3334   -0.7491   -0.5725
   -0.7428   -0.5826    0.3298
...    18 T-A ...
  -25.7714  -24.9688   38.6712
   -0.2659   -0.1218   -0.9563
    0.5944   -0.8017   -0.0632
   -0.7590   -0.5852    0.2855
...    19 A-T ...
  -28.2309  -27.0270   39.3739
    0.1806   -0.4471   -0.8761
    0.6268   -0.6341    0.4528
   -0.7579   -0.6309    0.1658
...    20 T-A ...
  -31.0811  -28.7048   39.4233
    0.4797   -0.6994   -0.5298
    0.4488   -0.3233    0.8331
   -0.7539   -0.6374    0.1588
...    21 T-A ...
  -33.6262  -30.7576   39.6184
    0.6585   -0.7523    0.0195
    0.0942    0.1080    0.9897
   -0.7467   -0.6498    0.1420
...    22 C-G ...
  -35.9964  -32.9831   40.0220
    0.6203   -0.5306    0.5776
   -0.3166    0.5044    0.8034
   -0.7176   -0.6812    0.1449
...    23 G-C ...
  -38.4171  -35.0521   41.1284
    0.4357   -0.0684    0.8975
   -0.6478    0.6685    0.3654
   -0.6249   -0.7406    0.2470
...    24 C-G ...
  -40.1631  -37.7194   41.8652
    0.0686    0.3310    0.9411
   -0.7807    0.6051   -0.1559
   -0.6211   -0.7241    0.2999
...    25 A-T ...
  -42.5504  -39.8760   42.6306
   -0.3540    0.6560    0.6666
   -0.6846    0.3038   -0.6625
   -0.6372   -0.6909    0.3415
...    26 A-T ...
  -44.5392  -42.1298   43.9495
   -0.6837    0.7076    0.1788
   -0.3649   -0.1191   -0.9234
   -0.6321   -0.6965    0.3396
...    27 A-T ...
  -46.4590  -44.3247   45.3997
   -0.7840    0.4932   -0.3771
    0.1076   -0.4903   -0.8649
   -0.6114   -0.7186    0.3313
...    28 G-C ...
  -48.7303  -46.3876   46.7836
   -0.5744    0.1988   -0.7940
    0.4940   -0.6893   -0.5299
   -0.6527   -0.6966    0.2978
...    29 G-C ...
  -51.2636  -48.5031   47.7494
   -0.1473   -0.1597   -0.9761
    0.7238   -0.6900    0.0037
   -0.6741   -0.7059    0.2172
...    30 C-G ...
  -53.7828  -50.5401   48.2096
    0.3078   -0.4612   -0.8322
    0.6782   -0.5072    0.5319
   -0.6674   -0.7281    0.1567
...    31 C-G ...
  -56.2523  -52.7777   48.5643
    0.6810   -0.5969   -0.4243
    0.3955   -0.1879    0.8990
   -0.6163   -0.7800    0.1082
...    32 G-C ...
  -57.9071  -55.2884   49.0339
    0.8544   -0.5157    0.0636
   -0.0138    0.0998    0.9949
   -0.5195   -0.8509    0.0781
...    33 G-C ...
  -59.1549  -58.4108   49.0860
    0.7454   -0.3188    0.5855
   -0.4945    0.3247    0.8063
   -0.4471   -0.8905    0.0844
...    34 C-G ...
  -60.2249  -61.5032   49.1634
    0.3813   -0.0456    0.9233
   -0.8287    0.4258    0.3632
   -0.4097   -0.9037    0.1245
...    35 C-G ...
  -61.1611  -64.7029   49.8529
   -0.1095    0.2474    0.9627
   -0.9170    0.3486   -0.1939
   -0.3836   -0.9040    0.1887
...    36 C-G ...
  -62.2515  -67.7269   50.7494
   -0.5723    0.4380    0.6932
   -0.7290    0.1152   -0.6747
   -0.3754   -0.8915    0.2534
...    37 G-C ...
  -63.8957  -70.6956   50.8128
   -0.8518    0.4879    0.1908
   -0.2974   -0.1504   -0.9428
   -0.4313   -0.8599    0.2732
...    38 A-T ...
  -65.1657  -73.4403   51.7127
   -0.8649    0.3130   -0.3925
    0.2594   -0.3906   -0.8832
   -0.4298   -0.8657    0.2566
...    39 C-G ...
  -66.9459  -75.9001   52.7806
   -0.5927    0.1031   -0.7988
    0.6612   -0.5039   -0.5557
   -0.4598   -0.8576    0.2305
...    40 A-T ...
  -68.6126  -78.7028   53.4263
   -0.0801   -0.1320   -0.9880
    0.8760   -0.4823   -0.0066
   -0.4756   -0.8660    0.1542
...    41 C-G ...
  -70.5670  -81.3601   53.5263
    0.3911   -0.3165   -0.8642
    0.7950   -0.3570    0.4905
   -0.4637   -0.8789    0.1120
...    42 G-C ...
  -71.7168  -84.3952   54.1719
    0.8073   -0.3919   -0.4413
    0.4284   -0.1254    0.8949
   -0.4060   -0.9114    0.0667
...    43 A-T ...
  -73.1166  -87.2112   54.3694
    0.9125   -0.3794    0.1530
   -0.1057    0.1426    0.9841
   -0.3952   -0.9142    0.0900
...    44 C-G ...
  -74.1829  -90.3045   53.9731
    0.7511   -0.1910    0.6320
   -0.5694    0.2972    0.7665
   -0.3342   -0.9355    0.1144
...    45 T-A ...
  -74.7239  -93.8551   54.1503
    0.3306    0.0655    0.9415
   -0.8939    0.3416    0.2902
   -0.3026   -0.9376    0.1715
...    46 T-A ...
  -75.3602  -96.9731   54.6293
   -0.1360    0.2490    0.9589
   -0.9470    0.2518   -0.1997
   -0.2911   -0.9352    0.2015
...    47 A-T ...
  -76.2328 -100.0070   55.5685
   -0.5877    0.4533    0.6701
   -0.7387    0.0371   -0.6730
   -0.3300   -0.8906    0.3131
...    48 C-G ...
  -76.9977 -102.7845   57.2346
   -0.8790    0.4271    0.2118
   -0.3322   -0.2302   -0.9147
   -0.3419   -0.8744    0.3442
...    49 T-A ...
  -78.1539 -105.4539   58.9109
   -0.8986    0.3050   -0.3153
    0.1489   -0.4641   -0.8732
   -0.4127   -0.8316    0.3717
...    50 G-C ...
  -79.6857 -108.2304   59.9576
   -0.6201    0.0543   -0.7826
    0.6240   -0.5704   -0.5340
   -0.4755   -0.8195    0.3198
...    51 T-A ...
  -81.6484 -110.5251   61.0358
   -0.2106   -0.2298   -0.9502
    0.8505   -0.5223   -0.0622
   -0.4820   -0.8212    0.3054
...    52 A-T ...
  -82.9486 -113.3856   62.0731
    0.3519   -0.4863   -0.7998
    0.8099   -0.2702    0.5206
   -0.4693   -0.8310    0.2987
...    53 G-C ...
  -84.6889 -115.9847   62.9291
    0.7404   -0.4833   -0.4672
    0.5408    0.0155    0.8410
   -0.3992   -0.8753    0.2728
...    54 G-C ...
  -86.3202 -119.2281   63.0601
    0.9470   -0.3208    0.0157
    0.0732    0.2632    0.9620
   -0.3128   -0.9098    0.2727
...    55 T-A ...
  -87.1224 -122.3215   63.5428
    0.8697   -0.1015    0.4830
   -0.4124    0.3883    0.8241
   -0.2712   -0.9159    0.2959
...    56 A-T ...
  -87.3976 -125.7073   64.2217
    0.5397    0.2547    0.8024
   -0.8268    0.3396    0.4484
   -0.1583   -0.9054    0.3939
...    57 T-A ...
  -87.2346 -128.7755   65.3153
    0.0763    0.4252    0.9019
   -0.9878    0.1552    0.0104
   -0.1355   -0.8917    0.4318
...    58 C-G ...
  -87.4170 -131.7386   67.0275
   -0.5341    0.4685    0.7038
   -0.8351   -0.1624   -0.5256
   -0.1319   -0.8684    0.4780
...    59 T-A ...
  -87.7736 -134.3991   68.9189
   -0.8812    0.3681    0.2965
   -0.4419   -0.4188   -0.7933
   -0.1679   -0.8301    0.5317
...    60 C-G ...
  -88.7240 -137.0971   70.4543
   -0.9727    0.0606   -0.2240
    0.1400   -0.6166   -0.7747
   -0.1851   -0.7849    0.5913
...    61 G-C ...
  -89.2151 -139.9994   71.8760
   -0.7396   -0.2469   -0.6261
    0.6293   -0.5837   -0.5132
   -0.2388   -0.7735    0.5870
...    62 A-T ...
  -89.7337 -142.6018   73.8220
   -0.2176   -0.5394   -0.8135
    0.9513   -0.3038   -0.0530
   -0.2185   -0.7854    0.5792
...    63 G-C ...
  -90.5785 -145.1915   75.6579
    0.3218   -0.6074   -0.7263
    0.9295    0.0565    0.3646
   -0.1804   -0.7924    0.5827
...    64 C-G ...
  -91.5713 -147.9581   77.4004
    0.8055   -0.4271   -0.4109
    0.5774    0.4093    0.7065
   -0.1336   -0.8063    0.5763
...    65 T-A ...
  -92.1428 -150.8040   79.0386
    0.9945   -0.0909   -0.0513
    0.0947    0.5793    0.8096
   -0.0438   -0.8100    0.5848
...    66 C-G ...
  -92.1610 -153.5827   80.8971
    0.8841    0.3093    0.3503
   -0.4658    0.5219    0.7146
    0.0382   -0.7949    0.6055
...    67 G-C ...
  -91.9444 -155.7440   83.2555
    0.5106    0.6316    0.5834
   -0.8472    0.2537    0.4668
    0.1468   -0.7326    0.6646
...    68 G-C ...
  -91.0849 -158.0298   85.5017
   -0.0307    0.7361    0.6762
   -0.9836   -0.1427    0.1106
    0.1779   -0.6617    0.7284
...    69 G-C ...
  -90.2078 -159.8212   88.2179
   -0.5691    0.6128    0.5483
   -0.8020   -0.5608   -0.2057
    0.1814   -0.5568    0.8106
...    70 A-T ...
  -89.4327 -161.4247   91.0116
   -0.9321    0.1614    0.3242
   -0.3048   -0.8332   -0.4613
    0.1957   -0.5288    0.8259
...    71 T-A ...
  -88.7942 -162.5992   94.0427
   -0.9538   -0.2976    0.0415
    0.2264   -0.8026   -0.5518
    0.1975   -0.5169    0.8329
...    72 C-G ...
  -88.3253 -164.1440   96.9968
   -0.6128   -0.7426   -0.2703
    0.7563   -0.4519   -0.4731
    0.2291   -0.4943    0.8385
...    73 C-G ...
  -87.7392 -165.7475   99.8172
   -0.1416   -0.8334   -0.5341
    0.9650    0.0040   -0.2621
    0.2205   -0.5526    0.8037
...    74 G-C ...
  -86.5164 -167.4860  102.2980
    0.3946   -0.6398   -0.6595
    0.8781    0.4739    0.0656
    0.2705   -0.6050    0.7488
...    75 C-G ...
  -86.0384 -169.7411  104.8805
    0.8123   -0.2365   -0.5332
    0.4868    0.7784    0.3964
    0.3213   -0.5816    0.7474
...    76 T-A ...
  -85.1250 -172.0504  107.2315
    0.9174    0.2762   -0.2866
   -0.0439    0.7858    0.6169
    0.3956   -0.5534    0.7330
...    77 T-A ...
  -83.7425 -173.9059  109.4110
    0.7061    0.7081    0.0073
   -0.5142    0.5057    0.6928
    0.4868   -0.4929    0.7211
...    78 C-G ...
  -82.1024 -175.0304  111.8714
    0.2469    0.9264    0.2843
   -0.7824    0.0174    0.6225
    0.5717   -0.3762    0.7291
...    79 A-T ...
  -79.3241 -175.9924  113.7879
   -0.2478    0.8634    0.4394
   -0.7115   -0.4700    0.5223
    0.6575   -0.1832    0.7308
...    80 T-A ...
  -76.9494 -176.1386  115.9728
   -0.5969    0.5378    0.5954
   -0.4819   -0.8336    0.2699
    0.6415   -0.1259    0.7567
...    81 G-C ...
  -74.8303 -176.1881  118.5928
   -0.7959   -0.0418    0.6040
   -0.0085   -0.9967   -0.0802
    0.6053   -0.0690    0.7930
...    82 T-A ...
  -72.9158 -175.7994  121.3563
   -0.6563   -0.5776    0.4854
    0.4303   -0.8151   -0.3880
    0.6197   -0.0458    0.7835
...    83 T-A ...
  -70.9969 -175.6979  123.9579
   -0.2368   -0.9427    0.2349
    0.7277   -0.3323   -0.6001
    0.6438    0.0289    0.7647
...    84 A-T ...
  -68.4779 -175.4367  126.2868
    0.3340   -0.9285   -0.1625
    0.6679    0.3548   -0.6543
    0.6651    0.1100    0.7386
...    85 T-A ...
  -66.7599 -175.4277  129.0435
    0.6341   -0.6274   -0.4521
    0.3889    0.7640   -0.5148
    0.6684    0.1506    0.7284
...    86 A-T ...
  -64.4676 -174.7446  131.3549
    0.6807   -0.0989   -0.7258
   -0.0449    0.9833   -0.1761
    0.7312    0.1525    0.6650
...    87 A-T ...
  -62.0780 -174.4106  133.3549
    0.4926    0.4047   -0.7704
   -0.3921    0.8936    0.2187
    0.7769    0.1943    0.5989
...    88 C-G ...
  -59.1117 -174.2336  134.8799
    0.1544    0.7912   -0.5918
   -0.5839    0.5562    0.5913
    0.7970    0.2542    0.5478
...    89 G-C ...
  -56.7894 -172.7297  136.5836
   -0.3339    0.8726   -0.3564
   -0.5235    0.1428    0.8400
    0.7839    0.4670    0.4091
...    90 G-C ...
  -54.6226 -170.3949  137.4996
   -0.6575    0.7506    0.0660
   -0.1935   -0.2528    0.9480
    0.7282    0.6105    0.3114
...    91 A-T ...
  -52.2631 -168.2068  138.2589
   -0.6537    0.4530    0.6062
    0.2569   -0.6207    0.7408
    0.7118    0.6400    0.2894
...    92 T-A ...
  -50.2910 -165.5306  138.7552
   -0.4151    0.0948    0.9048
    0.5588   -0.7583    0.3358
    0.7179    0.6450    0.2619
...    93 T-A ...
  -48.2572 -163.0900  139.4402
    0.0186   -0.3104    0.9504
    0.6949   -0.6794   -0.2355
    0.7188    0.6648    0.2031
...    94 A-T ...
  -45.4451 -161.3018  139.3058
    0.5559   -0.5461    0.6267
    0.4932   -0.3902   -0.7775
    0.6691    0.7413    0.0524
...    95 A-T ...
  -43.4147 -158.8185  139.5501
    0.7579   -0.6477    0.0779
    0.0597   -0.0500   -0.9970
    0.6496    0.7602    0.0008
...    96 C-G ...
  -41.1895 -156.3629  140.1204
    0.6629   -0.5876   -0.4640
   -0.3682    0.2838   -0.8854
    0.6519    0.7577   -0.0283
...    97 A-T ...
  -38.9803 -153.8978  140.0119
    0.2718   -0.4097   -0.8708
   -0.6805    0.5579   -0.4749
    0.6804    0.7217   -0.1271
...    98 C-G ...
  -36.2721 -152.0254  139.5160
   -0.1459   -0.1089   -0.9833
   -0.7215    0.6918    0.0304
    0.6769    0.7138   -0.1795
...    99 T-A ...
  -33.6014 -149.9290  138.4339
   -0.5917    0.2179   -0.7761
   -0.5066    0.6484    0.5683
    0.6270    0.7295   -0.2733
...   100 T-A ...
  -31.5280 -147.7681  137.1809
   -0.7856    0.5321   -0.3159
   -0.0766    0.4229    0.9029
    0.6140    0.7335   -0.2915
...   101 T-A ...
  -29.6369 -145.4334  135.9942
   -0.7127    0.6572    0.2452
    0.3825    0.0711    0.9212
    0.5880    0.7503   -0.3021
...   102 A-T ...
  -27.6919 -142.8424  135.0884
   -0.3665    0.5518    0.7491
    0.7455   -0.3075    0.5913
    0.5566    0.7752   -0.2987
...   103 T-A ...
  -26.5413 -140.0759  133.7577
    0.0167    0.3291    0.9441
    0.8430   -0.5124    0.1637
    0.5377    0.7932   -0.2860
...   104 G-C ...
  -24.9293 -137.2754  133.0102
    0.4767   -0.1184    0.8711
    0.6806   -0.5775   -0.4509
    0.5564    0.8078   -0.1947
...   105 C-G ...
  -23.1778 -134.4876  132.7413
    0.7581   -0.4379    0.4832
    0.2971   -0.4276   -0.8537
    0.5805    0.7908   -0.1941
...   106 T-A ...
  -21.1648 -131.7086  132.5295
    0.7795   -0.6215   -0.0783
   -0.1727   -0.0930   -0.9806
    0.6021    0.7779   -0.1799
...   107 T-A ...
  -19.1601 -129.2407  132.1400
    0.5292   -0.6012   -0.5988
   -0.5769    0.2626   -0.7734
    0.6222    0.7548   -0.2079
...   108 C-G ...
  -16.9017 -126.9206  131.4807
    0.0665   -0.3989   -0.9146
   -0.7718    0.5603   -0.3006
    0.6324    0.7259   -0.2706
...   109 C-G ...
  -14.7106 -124.6097  130.6868
   -0.4215   -0.1590   -0.8928
   -0.6974    0.6861    0.2070
    0.5796    0.7099   -0.4001
...   110 G-C ...
  -13.2386 -122.3003  129.3183
   -0.7838    0.1052   -0.6121
   -0.3758    0.7043    0.6023
    0.4944    0.7021   -0.5125
...   111 G-C ...
  -12.0031 -120.0787  127.1200
   -0.8991    0.4118   -0.1485
    0.1296    0.5744    0.8082
    0.4181    0.7075   -0.5698
...   112 C-G ...
  -11.1324 -117.8718  124.7310
   -0.7008    0.6285    0.3374
    0.6077    0.2785    0.7437
    0.3735    0.7263   -0.5771
...   113 T-A ...
  -10.1550 -115.5267  122.6206
   -0.2963    0.6560    0.6942
    0.8946   -0.0639    0.4422
    0.3345    0.7521   -0.5679
...   114 C-G ...
   -8.9944 -112.9538  120.9437
    0.2675    0.4806    0.8352
    0.9153   -0.3976   -0.0644
    0.3011    0.7817   -0.5462
...   115 G-C ...
   -7.5981 -110.6206  119.0596
    0.7307    0.1222    0.6717
    0.5979   -0.5896   -0.5431
    0.3297    0.7984   -0.5038
...   116 T-A ...
   -6.5318 -107.7210  117.9365
    0.9235   -0.2334    0.3043
    0.1275   -0.5616   -0.8175
    0.3617    0.7938   -0.4889
...   117 A-T ...
   -5.1540 -104.8361  116.7378
    0.8061   -0.5614   -0.1875
   -0.4165   -0.3130   -0.8535
    0.4205    0.7661   -0.4861
...   118 T-A ...
   -3.4020 -102.2907  115.7512
    0.4976   -0.6353   -0.5906
   -0.7651   -0.0006   -0.6440
    0.4088    0.7722   -0.4864
...   119 A-T ...
   -2.2222  -99.7202  113.9661
   -0.0581   -0.5584   -0.8276
   -0.9041    0.3809   -0.1935
    0.4233    0.7370   -0.5269
...   120 A-T ...
   -0.5992  -97.5597  112.1821
   -0.5658   -0.2795   -0.7757
   -0.7168    0.6317    0.2952
    0.4075    0.7231   -0.5578
...   121 T-A ...
    1.0745  -95.6717  110.0058
   -0.8552    0.0790   -0.5123
   -0.3250    0.6881    0.6487
    0.4038    0.7213   -0.5628
...   122 G-C ...
    2.3309  -93.3384  107.7845
   -0.9221    0.3868    0.0052
    0.2283    0.5334    0.8145
    0.3123    0.7523   -0.5802
...   123 T-A ...
    3.0143  -91.0854  105.5218
   -0.6983    0.5825    0.4161
    0.6537    0.2821    0.7022
    0.2917    0.7623   -0.5778
...   124 G-C ...
    3.7755  -88.4857  103.5737
   -0.2338    0.5746    0.7843
    0.9424   -0.0647    0.3283
    0.2394    0.8158   -0.5264
...   125 T-A ...
    4.0217  -85.8335  101.7737
    0.2700    0.4222    0.8654
    0.9327   -0.3378   -0.1262
    0.2391    0.8412   -0.4850
...   126 C-G ...
    4.7567  -83.1082  100.3600
    0.7617    0.1512    0.6300
    0.6078   -0.5037   -0.6139
    0.2245    0.8505   -0.4756
...   127 G-C ...
    5.8974  -80.6199   98.5313
    0.9226   -0.2462    0.2968
    0.1543   -0.4698   -0.8692
    0.3535    0.8477   -0.3955
...   128 A-T ...
    6.9427  -77.8959   97.3143
    0.8387   -0.4768   -0.2631
   -0.4159   -0.2491   -0.8746
    0.3515    0.8430   -0.4073
...   129 C-G ...
    8.5464  -75.0917   96.6229
    0.4809   -0.5699   -0.6663
   -0.7904    0.0470   -0.6107
    0.3794    0.8204   -0.4278
...   130 C-G ...
   10.3922  -72.6355   95.1293
   -0.0377   -0.5415   -0.8398
   -0.9091    0.3675   -0.1961
    0.4148    0.7561   -0.5062
...   131 A-T ...
   11.1202  -69.8735   93.3847
   -0.5778   -0.2988   -0.7595
   -0.7246    0.6161    0.3089
    0.3756    0.7288   -0.5725
...   132 A-T ...
   12.4120  -67.6531   91.3349
   -0.8850    0.1045   -0.4536
   -0.2703    0.6780    0.6836
    0.3790    0.7276   -0.5718
...   133 A-T ...
   13.7004  -65.5485   89.1674
   -0.8596    0.5109    0.0113
    0.2909    0.4709    0.8328
    0.4201    0.7192   -0.5534
...   134 T-A ...
   14.7283  -63.4123   86.8245
   -0.5924    0.6746    0.4405
    0.6886    0.1400    0.7115
    0.4183    0.7248   -0.5474
...   135 G-C ...
   15.7211  -61.4788   83.9378
    0.0342    0.7399    0.6718
    0.8637   -0.3601    0.3526
    0.5028    0.5682   -0.6514
...   136 T-A ...
   15.7739  -59.5465   80.8037
    0.5516    0.4996    0.6680
    0.6739   -0.7388   -0.0038
    0.4916    0.4523   -0.7442
...   137 G-C ...
   16.8280  -57.7076   78.2738
    0.8528   -0.0847    0.5152
    0.1508   -0.9047   -0.3984
    0.4999    0.4175   -0.7588
...   138 A-T ...
   18.4176  -55.5142   76.5363
    0.8547   -0.5007    0.1370
   -0.3189   -0.7148   -0.6224
    0.4096    0.4883   -0.7706
...   139 G-C ...
   20.4152  -54.2945   74.5497
    0.5847   -0.7389   -0.3350
   -0.7594   -0.3532   -0.5465
    0.2854    0.5739   -0.7676
...   140 C-G ...
   21.4163  -51.8108   72.7950
    0.1305   -0.7142   -0.6876
   -0.8897    0.2217   -0.3991
    0.4375    0.6639   -0.6065
...   141 G-C ...
   22.1406  -50.1331   67.4725
   -0.4682   -0.8748    0.1248
   -0.8495    0.4067   -0.3362
    0.2434   -0.2634   -0.9335
...   142 C-G ...
   22.3377  -51.2252   64.5019
   -0.8529   -0.5117   -0.1032
   -0.4974    0.8566   -0.1372
    0.1587   -0.0657   -0.9851
...   143 T-A ...
   24.0059  -51.6202   61.9333
   -0.9563    0.0399   -0.2897
    0.0522    0.9980   -0.0348
    0.2877   -0.0484   -0.9565
...   144 C-G ...
   24.8857  -52.7207   58.9948
   -0.7530    0.5560   -0.3520
    0.5213    0.8304    0.1966
    0.4016   -0.0355   -0.9151
...   145 A-T ...
   25.5174  -52.9610   55.8128
   -0.2441    0.9563   -0.1609
    0.8907    0.2867    0.3528
    0.3835   -0.0571   -0.9218
...   146 C-G ...
   25.2677  -52.4925   52.0871
    0.3203    0.9428   -0.0928
    0.8825   -0.2613    0.3910
    0.3444   -0.2071   -0.9157
...   147 A-T ...
   25.6133  -52.5733   48.6479
    0.8597    0.5097    0.0339
    0.4498   -0.7866    0.4230
    0.2423   -0.3484   -0.9055
