  147 base-pairs
...     1 T-A ...
    0.0000    0.0000    0.0000
    1.0000    0.0000    0.0000
    0.0000    1.0000    0.0000
    0.0000    0.0000    1.0000
...     2 G-C ...
   -0.5555   -1.1003    3.3981
    0.7749    0.6051    0.1828
   -0.5991    0.7953   -0.0929
   -0.2016   -0.0375    0.9787
...     3 T-A ...
   -0.6619   -3.0237    6.5348
    0.3046    0.9250    0.2271
   -0.8994    0.3578   -0.2510
   -0.3134   -0.1278    0.9410
...     4 G-C ...
   -1.1607   -3.8418    9.6940
   -0.3351    0.9421    0.0133
   -0.8752   -0.3061   -0.3746
   -0.3489   -0.1372    0.9271
...     5 A-T ...
   -1.3881   -3.6770   12.8999
   -0.7835    0.6162   -0.0801
   -0.5677   -0.7622   -0.3109
   -0.2527   -0.1981    0.9470
...     6 G-C ...
   -2.6236   -3.5448   15.7072
   -0.9923    0.0611   -0.1075
   -0.0294   -0.9610   -0.2748
   -0.1201   -0.2695    0.9555
...     7 C-G ...
   -2.3138   -3.7570   18.8866
   -0.8620   -0.4995   -0.0864
    0.5008   -0.8655    0.0073
   -0.0785   -0.0370    0.9962
...     8 G-C ...
   -3.9561   -6.8109   23.3205
   -0.2581   -0.3560   -0.8981
    0.6294   -0.7673    0.1233
   -0.7330   -0.5335    0.4221
...     9 C-G ...
   -6.1177   -8.9414   24.2385
    0.1143   -0.7320   -0.6716
    0.8123   -0.3203    0.4874
   -0.5720   -0.6013    0.5580
...    10 T-A ...
   -8.5041   -9.6771   26.0540
    0.4660   -0.8587   -0.2131
    0.6274    0.1508    0.7640
   -0.6239   -0.4897    0.6090
...    11 C-G ...
  -11.0625  -11.3174   27.2336
    0.6660   -0.6911    0.2808
    0.3382    0.6152    0.7121
   -0.6649   -0.3794    0.6435
...    12 A-T ...
  -13.0013  -13.1789   29.0658
    0.7188   -0.1490    0.6790
   -0.1787    0.9043    0.3876
   -0.6718   -0.4000    0.6235
...    13 C-G ...
  -14.1788  -15.9359   31.3399
    0.4052    0.2865    0.8682
   -0.5270    0.8492   -0.0343
   -0.7470   -0.4437    0.4951
...    14 A-T ...
  -15.9532  -18.1566   33.3080
   -0.1503    0.6873    0.7107
   -0.6106    0.5008   -0.6135
   -0.7776   -0.5261    0.3444
...    15 A-T ...
  -18.2974  -19.9911   34.6257
   -0.4950    0.8349    0.2408
   -0.3977    0.0287   -0.9171
   -0.7726   -0.5497    0.3178
...    16 T-A ...
  -20.6096  -21.6542   36.2836
   -0.6290    0.7345   -0.2548
   -0.0838   -0.3899   -0.9170
   -0.7729   -0.5555    0.3068
...    17 T-A ...
  -23.1200  -23.3190   37.4776
   -0.5548    0.3969   -0.7312
    0.2942   -0.7285   -0.6187
   -0.7782   -0.5583    0.2874
...    18 T-A ...
  -25.7489  -24.9218   38.4685
   -0.2712   -0.0584   -0.9608
    0.5555   -0.8246   -0.1067
   -0.7860   -0.5627    0.2560
...    19 A-T ...
  -28.5119  -26.6919   39.0233
    0.1844   -0.4201   -0.8886
    0.5837   -0.6805    0.4429
   -0.7907   -0.6004    0.1197
...    20 T-A ...
  -31.3800  -28.2716   38.9060
    0.4688   -0.6876   -0.5544
    0.4073   -0.3887    0.8265
   -0.7838   -0.6133    0.0978
...    21 T-A ...
  -33.9633  -30.2263   38.9229
    0.6297   -0.7768   -0.0008
    0.0648    0.0514    0.9966
   -0.7741   -0.6276    0.0827
...    22 C-G ...
  -36.3675  -32.4388   39.0747
    0.5753   -0.5823    0.5744
   -0.3344    0.4734    0.8149
   -0.7465   -0.6609    0.0776
...    23 G-C ...
  -38.8741  -34.5534   39.7018
    0.3597   -0.1583    0.9195
   -0.6347    0.6808    0.3655
   -0.6839   -0.7151    0.1444
...    24 C-G ...
  -40.7989  -37.2130   40.1935
   -0.0229    0.2617    0.9649
   -0.7393    0.6453   -0.1926
   -0.6730   -0.7177    0.1786
...    25 A-T ...
  -43.1947  -39.4542   40.7124
   -0.3913    0.6358    0.6653
   -0.6091    0.3631   -0.7052
   -0.6899   -0.6812    0.2451
...    26 A-T ...
  -45.2837  -41.7220   41.7427
   -0.6805    0.7177    0.1475
   -0.2692   -0.0577   -0.9614
   -0.6815   -0.6939    0.2325
...    27 A-T ...
  -47.4736  -43.8964   42.7533
   -0.7174    0.5528   -0.4240
    0.1726   -0.4486   -0.8769
   -0.6750   -0.7023    0.2264
...    28 G-C ...
  -49.8600  -45.9944   43.6641
   -0.4738    0.2839   -0.8336
    0.5222   -0.6717   -0.5255
   -0.7091   -0.6843    0.1700
...    29 G-C ...
  -52.4961  -48.0285   44.1854
   -0.0526   -0.0569   -0.9970
    0.6817   -0.7317    0.0058
   -0.7298   -0.6793    0.0772
...    30 C-G ...
  -55.1798  -49.9574   44.2006
    0.3631   -0.4034   -0.8399
    0.5932   -0.5950    0.5423
   -0.7185   -0.6951    0.0232
...    31 C-G ...
  -57.6777  -52.2078   43.8441
    0.6895   -0.5897   -0.4206
    0.2889   -0.3087    0.9062
   -0.6642   -0.7463   -0.0425
...    32 G-C ...
  -59.6815  -54.8774   43.9185
    0.8108   -0.5657    0.1500
   -0.1616    0.0299    0.9864
   -0.5625   -0.8240   -0.0671
...    33 G-C ...
  -61.2860  -57.8084   43.3878
    0.6454   -0.3868    0.6587
   -0.5874    0.2999    0.7516
   -0.4883   -0.8720   -0.0336
...    34 C-G ...
  -62.4978  -60.8757   43.0935
    0.2471   -0.1219    0.9613
   -0.8525    0.4442    0.2755
   -0.4606   -0.8876    0.0058
...    35 C-G ...
  -63.7247  -64.0135   43.2643
   -0.2153    0.2081    0.9541
   -0.8652    0.4125   -0.2852
   -0.4529   -0.8869    0.0912
...    36 C-G ...
  -65.0581  -67.0465   43.8767
   -0.6141    0.4647    0.6379
   -0.6245    0.2081   -0.7528
   -0.4826   -0.8606    0.1624
...    37 G-C ...
  -66.9713  -69.7799   44.1297
   -0.8094    0.5801    0.0914
   -0.1940   -0.1173   -0.9740
   -0.5543   -0.8060    0.2075
...    38 A-T ...
  -68.8173  -72.3771   44.9064
   -0.7557    0.4181   -0.5041
    0.3153   -0.4424   -0.8396
   -0.5741   -0.7934    0.2025
...    39 C-G ...
  -71.0530  -74.6014   45.9430
   -0.4678    0.1409   -0.8725
    0.6599   -0.6011   -0.4508
   -0.5880   -0.7867    0.1882
...    40 A-T ...
  -72.8859  -77.3303   46.4379
    0.0434   -0.1571   -0.9866
    0.7962   -0.5910    0.1291
   -0.6034   -0.7912    0.0994
...    41 C-G ...
  -75.3157  -79.5871   46.4510
    0.4682   -0.4191   -0.7779
    0.6553   -0.4259    0.6239
   -0.5927   -0.8019    0.0753
...    42 G-C ...
  -77.0437  -82.4131   46.8819
    0.8188   -0.4813   -0.3128
    0.2809   -0.1391    0.9496
   -0.5006   -0.8654    0.0213
...    43 A-T ...
  -78.6732  -85.2449   46.8246
    0.8546   -0.4292    0.2923
   -0.2463    0.1605    0.9558
   -0.4572   -0.8888    0.0314
...    44 C-G ...
  -79.8166  -88.3058   46.3943
    0.6259   -0.2449    0.7405
   -0.6568    0.3465    0.6698
   -0.4206   -0.9055    0.0560
...    45 T-A ...
  -80.8349  -91.4445   46.5277
    0.2277    0.0416    0.9728
   -0.8990    0.3929    0.1936
   -0.3741   -0.9186    0.1269
...    46 T-A ...
  -81.7853  -94.5083   46.9687
   -0.3086    0.2701    0.9120
   -0.8770    0.2905   -0.3827
   -0.3683   -0.9180    0.1473
...    47 A-T ...
  -83.1501  -97.5002   47.4961
   -0.7423    0.4402    0.5051
   -0.5435    0.0452   -0.8382
   -0.3918   -0.8968    0.2057
...    48 C-G ...
  -84.2714 -100.3342   48.8018
   -0.9093    0.4160   -0.0099
   -0.0857   -0.2105   -0.9738
   -0.4072   -0.8847    0.2271
...    49 T-A ...
  -85.8062 -103.0828   49.8400
   -0.8015    0.2734   -0.5318
    0.3952   -0.4253   -0.8142
   -0.4488   -0.8628    0.2328
...    50 G-C ...
  -87.2656 -106.0294   50.2990
   -0.3973    0.0293   -0.9172
    0.7750   -0.5245   -0.3524
   -0.4914   -0.8509    0.1856
...    51 T-A ...
  -89.4194 -108.4988   50.9329
    0.0752   -0.2405   -0.9677
    0.8717   -0.4554    0.1809
   -0.4843   -0.8572    0.1754
...    52 A-T ...
  -90.8634 -111.4366   51.6240
    0.5977   -0.4508   -0.6629
    0.6542   -0.2036    0.7284
   -0.4634   -0.8691    0.1732
...    53 G-C ...
  -92.4977 -114.3056   51.8863
    0.8834   -0.4243   -0.1988
    0.2524    0.0734    0.9648
   -0.3947   -0.9026    0.1720
...    54 G-C ...
  -93.7974 -117.4180   52.1105
    0.9212   -0.2174    0.3227
   -0.2566    0.2839    0.9239
   -0.2925   -0.9339    0.2058
...    55 T-A ...
  -94.3780 -120.6422   52.2926
    0.6785    0.0154    0.7345
   -0.6915    0.3508    0.6315
   -0.2480   -0.9363    0.2486
...    56 A-T ...
  -94.7966 -123.8187   53.2037
    0.2401    0.3509    0.9051
   -0.9571    0.2412    0.1604
   -0.1621   -0.9048    0.3938
...    57 T-A ...
  -94.6345 -126.7937   54.5494
   -0.2616    0.4486    0.8546
   -0.9530    0.0198   -0.3022
   -0.1525   -0.8935    0.4224
...    58 C-G ...
  -95.1238 -129.5851   56.1629
   -0.7592    0.4098    0.5057
   -0.6327   -0.2822   -0.7212
   -0.1528   -0.8674    0.4735
...    59 T-A ...
  -95.6213 -132.2271   58.0889
   -0.9720    0.2331    0.0303
   -0.1466   -0.5003   -0.8533
   -0.1837   -0.8339    0.5205
...    60 C-G ...
  -96.3904 -134.8697   59.8874
   -0.8704   -0.1153   -0.4786
    0.4549   -0.5598   -0.6926
   -0.1881   -0.8206    0.5397
...    61 G-C ...
  -96.7877 -137.8547   61.3427
   -0.4440   -0.3776   -0.8126
    0.8669   -0.4103   -0.2830
   -0.2265   -0.8301    0.5095
...    62 A-T ...
  -97.6193 -140.5077   63.1078
    0.1598   -0.5470   -0.8218
    0.9652   -0.0879    0.2463
   -0.2070   -0.8325    0.5139
...    63 G-C ...
  -98.5605 -143.2867   64.6577
    0.6552   -0.4644   -0.5959
    0.7405    0.2386    0.6283
   -0.1496   -0.8529    0.5002
...    64 C-G ...
  -99.3448 -146.2026   66.0187
    0.9584   -0.2072   -0.1964
    0.2736    0.4704    0.8390
   -0.0814   -0.8578    0.5075
...    65 T-A ...
  -99.4877 -149.1943   67.4006
    0.9671    0.1506    0.2052
   -0.2538    0.5089    0.8225
    0.0194   -0.8475    0.5304
...    66 C-G ...
  -99.2889 -151.9629   69.0811
    0.6498    0.4870    0.5836
   -0.7547    0.3218    0.5717
    0.0906   -0.8119    0.5767
...    67 G-C ...
  -98.9750 -154.4106   71.3209
    0.1296    0.7189    0.6829
   -0.9737   -0.0379    0.2246
    0.1873   -0.6941    0.6951
...    68 G-C ...
  -97.9566 -156.3148   73.9039
   -0.4233    0.6623    0.6182
   -0.8813   -0.4593   -0.1114
    0.2102   -0.5919    0.7781
...    69 G-C ...
  -97.2160 -157.7730   76.8599
   -0.8452    0.3542    0.4003
   -0.5003   -0.7878   -0.3593
    0.1880   -0.5039    0.8430
...    70 A-T ...
  -96.7132 -159.2574   79.7621
   -0.9756   -0.1886    0.1122
    0.1100   -0.8628   -0.4934
    0.1899   -0.4691    0.8625
...    71 T-A ...
  -96.3172 -160.1965   82.9298
   -0.7679   -0.6291   -0.1204
    0.5994   -0.6395   -0.4813
    0.2258   -0.4418    0.8683
...    72 C-G ...
  -95.6727 -161.5925   85.8551
   -0.2449   -0.8983   -0.3648
    0.9387   -0.1254   -0.3212
    0.2427   -0.4211    0.8739
...    73 C-G ...
  -95.1131 -162.9767   88.8971
    0.2992   -0.7966   -0.5252
    0.9119    0.4008   -0.0884
    0.2809   -0.4525    0.8464
...    74 G-C ...
  -93.8959 -164.0617   91.8182
    0.7165   -0.3871   -0.5803
    0.5748    0.7989    0.1768
    0.3952   -0.4602    0.7950
...    75 C-G ...
  -92.8366 -165.9115   94.3339
    0.8788    0.1319   -0.4585
    0.0942    0.8942    0.4377
    0.4677   -0.4279    0.7734
...    76 T-A ...
  -91.1210 -167.5222   96.6233
    0.7453    0.6101   -0.2687
   -0.3562    0.7051    0.6131
    0.5635   -0.3613    0.7429
...    77 T-A ...
  -89.1283 -168.7008   98.8481
    0.3867    0.9215    0.0358
   -0.6892    0.2630    0.6752
    0.6127   -0.2858    0.7368
...    78 T-A ...
  -86.9500 -169.4907  101.0740
   -0.0912    0.9367    0.3379
   -0.7672   -0.2824    0.5759
    0.6349   -0.2067    0.7444
...    79 A-T ...
  -84.7025 -169.6498  103.5185
   -0.5770    0.6638    0.4758
   -0.5484   -0.7466    0.3765
    0.6052   -0.0437    0.7949
...    80 A-T ...
  -82.6847 -169.4406  106.0488
   -0.7797    0.1267    0.6131
   -0.1060   -0.9919    0.0702
    0.6171   -0.0102    0.7868
...    81 C-G ...
  -80.8019 -168.7905  108.7351
   -0.7144   -0.4124    0.5653
    0.3390   -0.9107   -0.2360
    0.6121    0.0230    0.7904
...    82 A-T ...
  -78.6544 -168.9794  111.2364
   -0.3868   -0.8695    0.3073
    0.7094   -0.4935   -0.5033
    0.5892    0.0233    0.8076
...    83 C-G ...
  -77.1936 -168.7303  114.2541
    0.0611   -0.9981    0.0087
    0.7996    0.0437   -0.5990
    0.5974    0.0436    0.8007
...    84 T-A ...
  -75.4159 -168.7046  117.0640
    0.4619   -0.8231   -0.3304
    0.6279    0.5666   -0.5336
    0.6264    0.0390    0.7785
...    85 T-A ...
  -73.5638 -168.7092  119.7325
    0.7383   -0.3554   -0.5732
    0.2305    0.9317   -0.2808
    0.6339    0.0752    0.7698
...    86 T-A ...
  -71.5283 -168.6646  122.2403
    0.7114    0.2175   -0.6683
   -0.2328    0.9702    0.0680
    0.6631    0.1072    0.7408
...    87 A-T ...
  -68.9472 -168.5959  124.3660
    0.3335    0.6354   -0.6964
   -0.5346    0.7359    0.4154
    0.7765    0.2338    0.5851
...    88 T-A ...
  -66.0656 -168.1356  125.7776
   -0.0151    0.8956   -0.4446
   -0.6180    0.3412    0.7083
    0.7861    0.2854    0.5483
...    89 G-C ...
  -63.4677 -166.7358  127.3672
   -0.4729    0.8764   -0.0908
   -0.4611   -0.1583    0.8731
    0.7509    0.4548    0.4790
...    90 C-G ...
  -61.0577 -164.7783  128.4674
   -0.6901    0.6285    0.3587
   -0.0926   -0.5683    0.8176
    0.7178    0.5311    0.4503
...    91 T-A ...
  -58.8906 -162.6248  129.7285
   -0.6684    0.2136    0.7125
    0.3324   -0.7711    0.5430
    0.6654    0.5998    0.4444
...    92 T-A ...
  -56.8975 -160.3729  130.9898
   -0.3159   -0.2358    0.9190
    0.6651   -0.7458    0.0373
    0.6766    0.6230    0.3925
...    93 C-G ...
  -54.7924 -158.2388  132.3624
    0.1617   -0.6188    0.7687
    0.7267   -0.4524   -0.5170
    0.6677    0.6422    0.3765
...    94 C-G ...
  -52.7234 -155.9883  133.8017
    0.5119   -0.7878    0.3427
    0.5121   -0.0404   -0.8580
    0.6897    0.6146    0.3827
...    95 G-C ...
  -50.3637 -153.7398  134.5365
    0.6534   -0.7218   -0.2283
    0.1069    0.3865   -0.9161
    0.7494    0.5741    0.3297
...    96 G-C ...
  -47.9237 -151.8526  135.8853
    0.5361   -0.4563   -0.7102
   -0.2815    0.6965   -0.6600
    0.7958    0.5538    0.2450
...    97 C-G ...
  -45.1713 -150.3759  136.8952
    0.2440   -0.0634   -0.9677
   -0.5345    0.8238   -0.1887
    0.8092    0.5633    0.1672
...    98 T-A ...
  -42.3207 -148.7854  137.2062
   -0.1469    0.2910   -0.9454
   -0.5724    0.7545    0.3211
    0.8067    0.5883    0.0558
...    99 C-G ...
  -39.7095 -146.8799  137.1380
   -0.5094    0.6091   -0.6078
   -0.3689    0.4836    0.7938
    0.7774    0.6286   -0.0216
...   100 G-C ...
  -37.4608 -144.4362  136.9874
   -0.7428    0.6634   -0.0903
    0.0165    0.1530    0.9881
    0.6693    0.7325   -0.1246
...   101 T-A ...
  -35.5518 -141.9773  135.9420
   -0.6579    0.6190    0.4290
    0.4133   -0.1794    0.8928
    0.6296    0.7646   -0.1378
...   102 A-T ...
  -33.5567 -139.3450  135.5575
   -0.3156    0.3744    0.8719
    0.7464   -0.4694    0.4717
    0.5859    0.7997   -0.1313
...   103 T-A ...
  -32.2422 -136.3721  134.9253
    0.1194    0.1052    0.9873
    0.8068   -0.5898   -0.0347
    0.5786    0.8007   -0.1553
...   104 T-A ...
  -30.6741 -133.5568  134.4203
    0.5892   -0.2093    0.7804
    0.5870   -0.5528   -0.5915
    0.5552    0.8066   -0.2028
...   105 C-G ...
  -28.9241 -130.8426  133.8190
    0.8185   -0.4988    0.2851
    0.1221   -0.3338   -0.9347
    0.5614    0.7998   -0.2123
...   106 A-T ...
  -27.1335 -128.2340  132.8420
    0.6941   -0.6656   -0.2742
   -0.3636    0.0045   -0.9315
    0.6213    0.7463   -0.2389
...   107 T-A ...
  -24.7806 -125.9552  132.6181
    0.4148   -0.5843   -0.6975
   -0.6673    0.3258   -0.6697
    0.6186    0.7433   -0.2547
...   108 G-C ...
  -22.7365 -123.5726  131.5256
   -0.0963   -0.4155   -0.9045
   -0.7778    0.5985   -0.1921
    0.6211    0.6850   -0.3808
...   109 T-A ...
  -20.3264 -121.8385  130.1561
   -0.5105   -0.1001   -0.8540
   -0.6208    0.7301    0.2856
    0.5950    0.6759   -0.4349
...   110 T-A ...
  -18.3384 -119.8611  128.5577
   -0.7909    0.2833   -0.5424
   -0.2356    0.6771    0.6971
    0.5648    0.6791   -0.4688
...   111 A-T ...
  -16.7289 -117.7021  126.6017
   -0.8648    0.5015   -0.0243
    0.2454    0.4645    0.8509
    0.4380    0.7299   -0.5248
...   112 T-A ...
  -15.6764 -115.5718  124.3331
   -0.6351    0.6580    0.4046
    0.6464    0.1661    0.7447
    0.4228    0.7345   -0.5309
...   113 A-T ...
  -14.3806 -113.0476  122.6052
   -0.1715    0.5980    0.7830
    0.9075   -0.2134    0.3617
    0.3834    0.7726   -0.5061
...   114 A-T ...
  -13.4584 -110.4266  120.9152
    0.3771    0.3918    0.8392
    0.8473   -0.5119   -0.1417
    0.3741    0.7645   -0.5250
...   115 C-G ...
  -12.7022 -107.5501  119.4387
    0.7547    0.0618    0.6531
    0.5348   -0.6347   -0.5579
    0.3800    0.7703   -0.5121
...   116 G-C ...
  -11.2620 -105.2812  117.4812
    0.8852   -0.3675    0.2851
    0.0378   -0.5541   -0.8316
    0.4636    0.7469   -0.4766
...   117 G-C ...
   -9.6238 -102.6680  116.1471
    0.7301   -0.6639   -0.1622
   -0.4351   -0.2685   -0.8594
    0.5270    0.6980   -0.4849
...   118 A-T ...
   -7.8523 -100.3816  114.6457
    0.3270   -0.7260   -0.6050
   -0.7756    0.1596   -0.6108
    0.5400    0.6689   -0.5109
...   119 A-T ...
   -5.8734  -98.3587  113.0733
   -0.1639   -0.5266   -0.8342
   -0.8283    0.5328   -0.1736
    0.5359    0.6625   -0.5234
...   120 A-T ...
   -3.9607  -96.4375  111.3058
   -0.6032   -0.1592   -0.7815
   -0.5998    0.7364    0.3130
    0.5257    0.6576   -0.5397
...   121 T-A ...
   -2.0170  -94.8476  109.1959
   -0.8294    0.2124   -0.5167
   -0.2232    0.7219    0.6550
    0.5121    0.6586   -0.5514
...   122 G-C ...
   -0.5921  -92.5519  107.2569
   -0.8736    0.4865   -0.0103
    0.2781    0.5164    0.8099
    0.3994    0.7047   -0.5864
...   123 T-A ...
    0.3178  -90.4792  104.8593
   -0.6265    0.6538    0.4243
    0.6872    0.2064    0.6965
    0.3678    0.7279   -0.5786
...   124 G-C ...
    1.4429  -87.8892  103.1136
   -0.1849    0.5774    0.7953
    0.9307   -0.1570    0.3304
    0.3156    0.8012   -0.5083
...   125 T-A ...
    1.8520  -85.0875  101.4115
    0.3062    0.3921    0.8675
    0.8980   -0.4215   -0.1264
    0.3160    0.8177   -0.4811
...   126 C-G ...
    2.8198  -82.3267   99.9622
    0.7572    0.0528    0.6511
    0.5634   -0.5572   -0.6100
    0.3306    0.8287   -0.4517
...   127 G-C ...
    4.1839  -79.8117   98.2717
    0.9033   -0.3438    0.2567
    0.0727   -0.4670   -0.8813
    0.4228    0.8147   -0.3968
...   128 A-T ...
    5.6047  -77.1216   97.0844
    0.7668   -0.5738   -0.2877
   -0.4585   -0.1759   -0.8711
    0.4493    0.7999   -0.3980
...   129 C-G ...
    7.5095  -74.5566   96.2421
    0.4126   -0.6019   -0.6837
   -0.7824    0.1502   -0.6043
    0.4664    0.7843   -0.4090
...   130 C-G ...
    9.3968  -72.1328   94.8701
   -0.1032   -0.4908   -0.8651
   -0.8727    0.4619   -0.1580
    0.4772    0.7387   -0.4760
...   131 A-T ...
   10.8412  -69.6622   93.2010
   -0.6135   -0.2229   -0.7576
   -0.6575    0.6756    0.3336
    0.4375    0.7028   -0.5610
...   132 A-T ...
   12.3668  -67.6115   91.2028
   -0.8762    0.1890   -0.4434
   -0.2078    0.6819    0.7013
    0.4349    0.7066   -0.5582
...   133 A-T ...
   13.7239  -65.4998   89.1510
   -0.8490    0.5279    0.0243
    0.3102    0.4606    0.8316
    0.4278    0.7136   -0.5548
...   134 T-A ...
   14.7282  -63.4123   86.8244
   -0.5924    0.6746    0.4405
    0.6886    0.1400    0.7115
    0.4183    0.7248   -0.5474
...   135 G-C ...
   15.7211  -61.4788   83.9377
    0.0342    0.7399    0.6718
    0.8637   -0.3601    0.3526
    0.5028    0.5682   -0.6514
...   136 T-A ...
   15.7738  -59.5465   80.8036
    0.5516    0.4996    0.6680
    0.6739   -0.7388   -0.0038
    0.4916    0.4523   -0.7442
...   137 G-C ...
   16.8280  -57.7076   78.2737
    0.8528   -0.0847    0.5152
    0.1508   -0.9047   -0.3984
    0.4999    0.4175   -0.7588
...   138 A-T ...
   18.4175  -55.5142   76.5362
    0.8547   -0.5007    0.1370
   -0.3189   -0.7148   -0.6224
    0.4096    0.4883   -0.7706
...   139 G-C ...
   20.4151  -54.2945   74.5496
    0.5847   -0.7389   -0.3350
   -0.7594   -0.3532   -0.5465
    0.2854    0.5739   -0.7676
...   140 C-G ...
   21.4163  -51.8108   72.7949
    0.1305   -0.7142   -0.6876
   -0.8897    0.2217   -0.3991
    0.4375    0.6639   -0.6065
...   141 G-C ...
   22.1406  -50.1331   67.4724
   -0.4682   -0.8748    0.1248
   -0.8495    0.4067   -0.3362
    0.2434   -0.2634   -0.9335
...   142 C-G ...
   22.3377  -51.2252   64.5018
   -0.8529   -0.5117   -0.1032
   -0.4974    0.8566   -0.1372
    0.1587   -0.0657   -0.9851
...   143 T-A ...
   24.0059  -51.6202   61.9332
   -0.9563    0.0399   -0.2897
    0.0522    0.9980   -0.0348
    0.2877   -0.0484   -0.9565
...   144 C-G ...
   24.8856  -52.7207   58.9947
   -0.7530    0.5560   -0.3520
    0.5213    0.8304    0.1966
    0.4016   -0.0355   -0.9151
...   145 A-T ...
   25.5173  -52.9610   55.8126
   -0.2442    0.9563   -0.1609
    0.8907    0.2867    0.3528
    0.3835   -0.0571   -0.9218
...   146 C-G ...
   25.2676  -52.4925   52.0870
    0.3203    0.9428   -0.0928
    0.8825   -0.2613    0.3910
    0.3444   -0.2071   -0.9157
...   147 A-T ...
   25.6132  -52.5733   48.6478
    0.8597    0.5097    0.0339
    0.4498   -0.7866    0.4230
    0.2423   -0.3484   -0.9055
