  147 base-pairs
...     1 T-A ...
    0.0000    0.0000    0.0000
    1.0000    0.0000    0.0000
    0.0000    1.0000    0.0000
    0.0000    0.0000    1.0000
...     2 G-C ...
   -0.5555   -1.1003    3.3981
    0.7749    0.6051    0.1828
   -0.5991    0.7953   -0.0929
   -0.2016   -0.0375    0.9787
...     3 T-A ...
   -0.6619   -3.0237    6.5348
    0.3046    0.9250    0.2271
   -0.8994    0.3578   -0.2510
   -0.3134   -0.1278    0.9410
...     4 G-C ...
   -1.1607   -3.8418    9.6940
   -0.3351    0.9421    0.0133
   -0.8752   -0.3061   -0.3746
   -0.3489   -0.1372    0.9271
...     5 A-T ...
   -1.3881   -3.6770   12.8999
   -0.7835    0.6162   -0.0801
   -0.5677   -0.7622   -0.3109
   -0.2527   -0.1981    0.9470
...     6 G-C ...
   -2.6236   -3.5448   15.7072
   -0.9923    0.0611   -0.1075
   -0.0294   -0.9610   -0.2748
   -0.1201   -0.2695    0.9555
...     7 C-G ...
   -2.3138   -3.7570   18.8866
   -0.8620   -0.4995   -0.0864
    0.5008   -0.8655    0.0073
   -0.0785   -0.0370    0.9962
...     8 G-C ...
   -3.9561   -6.8109   23.3205
   -0.2581   -0.3560   -0.8981
    0.6294   -0.7673    0.1233
   -0.7330   -0.5335    0.4221
...     9 C-G ...
   -6.1177   -8.9414   24.2385
    0.1143   -0.7320   -0.6716
    0.8123   -0.3203    0.4874
   -0.5720   -0.6013    0.5580
...    10 T-A ...
   -8.5041   -9.6771   26.0540
    0.4660   -0.8587   -0.2131
    0.6274    0.1508    0.7640
   -0.6239   -0.4897    0.6090
...    11 C-G ...
  -11.0625  -11.3174   27.2336
    0.6660   -0.6911    0.2808
    0.3382    0.6152    0.7121
   -0.6649   -0.3794    0.6435
...    12 A-T ...
  -13.0013  -13.1789   29.0658
    0.7188   -0.1490    0.6790
   -0.1787    0.9043    0.3876
   -0.6718   -0.4000    0.6235
...    13 C-G ...
  -14.1788  -15.9359   31.3399
    0.4052    0.2865    0.8682
   -0.5270    0.8492   -0.0343
   -0.7470   -0.4437    0.4951
...    14 A-T ...
  -15.9532  -18.1566   33.3080
   -0.1503    0.6873    0.7107
   -0.6106    0.5008   -0.6135
   -0.7776   -0.5261    0.3444
...    15 A-T ...
  -18.2905  -19.9876   34.6373
   -0.4902    0.8360    0.2465
   -0.4030    0.0334   -0.9146
   -0.7729   -0.5477    0.3206
...    16 T-A ...
  -20.5953  -21.6460   36.3063
   -0.6268    0.7398   -0.2445
   -0.0945   -0.3837   -0.9186
   -0.7734   -0.5527    0.3104
...    17 T-A ...
  -23.1020  -23.2965   37.5240
   -0.5611    0.4089   -0.7197
    0.2802   -0.7243   -0.6300
   -0.7789   -0.5551    0.2919
...    18 T-A ...
  -25.7312  -24.8795   38.5409
   -0.2881   -0.0416   -0.9567
    0.5458   -0.8281   -0.1283
   -0.7869   -0.5591    0.2613
...    19 A-T ...
  -28.5197  -26.5949   39.1056
    0.1611   -0.3972   -0.9035
    0.5856   -0.6985    0.4114
   -0.7945   -0.5953    0.1200
...    20 T-A ...
  -31.4053  -28.1391   39.0053
    0.4480   -0.6747   -0.5866
    0.4227   -0.4184    0.8039
   -0.7878   -0.6081    0.0978
...    21 T-A ...
  -34.0081  -30.0646   39.0162
    0.6217   -0.7818   -0.0471
    0.0937    0.0146    0.9955
   -0.7776   -0.6234    0.0823
...    22 C-G ...
  -36.4207  -32.2594   39.1508
    0.5897   -0.6095    0.5298
   -0.3020    0.4421    0.8446
   -0.7490   -0.6581    0.0766
...    23 G-C ...
  -38.9022  -34.3873   39.7696
    0.3986   -0.2011    0.8948
   -0.6126    0.6677    0.4229
   -0.6825   -0.7168    0.1429
...    24 C-G ...
  -40.8129  -37.0529   40.2298
    0.0283    0.2163    0.9759
   -0.7423    0.6584   -0.1244
   -0.6695   -0.7209    0.1792
...    25 A-T ...
  -43.1649  -39.3207   40.7901
   -0.3416    0.6057    0.7187
   -0.6465    0.4036   -0.6474
   -0.6821   -0.6858    0.2538
...    26 A-T ...
  -45.2092  -41.6141   41.8457
   -0.6565    0.7182    0.2306
   -0.3344   -0.0030   -0.9424
   -0.6761   -0.6958    0.2421
...    27 A-T ...
  -47.3610  -43.8031   42.8984
   -0.7338    0.5888   -0.3388
    0.0992   -0.4006   -0.9109
   -0.6721   -0.7020    0.2356
...    28 G-C ...
  -49.7140  -45.9007   43.8701
   -0.5293    0.3451   -0.7751
    0.4629   -0.6481   -0.6047
   -0.7110   -0.6789    0.1833
...    29 G-C ...
  -52.3560  -47.8960   44.4715
   -0.1349    0.0118   -0.9908
    0.6588   -0.7458   -0.0986
   -0.7401   -0.6660    0.0929
...    30 C-G ...
  -55.0770  -49.7558   44.5768
    0.2785   -0.3508   -0.8941
    0.6186   -0.6466    0.4464
   -0.7347   -0.6774    0.0369
...    31 C-G ...
  -57.6581  -51.9110   44.2698
    0.6302   -0.5733   -0.5237
    0.3580   -0.3840    0.8511
   -0.6890   -0.7238   -0.0367
...    32 G-C ...
  -59.7212  -54.5215   44.3253
    0.8015   -0.5973    0.0273
   -0.0676   -0.0451    0.9967
   -0.5941   -0.8007   -0.0765
...    33 G-C ...
  -61.4620  -57.3548   43.7119
    0.6930   -0.4581    0.5567
   -0.4994    0.2520    0.8289
   -0.5200   -0.8525   -0.0541
...    34 C-G ...
  -62.8069  -60.3451   43.2911
    0.3408   -0.2107    0.9162
   -0.8020    0.4433    0.4003
   -0.4905   -0.8713   -0.0179
...    35 C-G ...
  -64.1088  -63.4565   43.3130
   -0.0988    0.1306    0.9865
   -0.8733    0.4638   -0.1489
   -0.4770   -0.8763    0.0682
...    36 C-G ...
  -65.4652  -66.4983   43.8105
   -0.5104    0.4284    0.7456
   -0.6984    0.2993   -0.6501
   -0.5016   -0.8526    0.1465
...    37 G-C ...
  -67.4475  -69.1642   44.0816
   -0.7551    0.6071    0.2473
   -0.3223   -0.0152   -0.9465
   -0.5709   -0.7944    0.2072
...    38 A-T ...
  -69.3310  -71.7195   44.8688
   -0.7850    0.5076   -0.3550
    0.1711   -0.3731   -0.9119
   -0.5953   -0.7766    0.2061
...    39 C-G ...
  -71.5541  -73.8989   45.9932
   -0.5700    0.2598   -0.7795
    0.5460   -0.5892   -0.5956
   -0.6140   -0.7651    0.1940
...    40 A-T ...
  -73.5222  -76.5261   46.4720
   -0.1084   -0.0476   -0.9930
    0.7550   -0.6538   -0.0510
   -0.6467   -0.7552    0.1068
...    41 C-G ...
  -76.1021  -78.5998   46.6043
    0.3131   -0.3579   -0.8797
    0.6989   -0.5403    0.4686
   -0.6431   -0.7615    0.0810
...    42 G-C ...
  -77.9696  -81.3294   46.9838
    0.7143   -0.5031   -0.4865
    0.4027   -0.2730    0.8736
   -0.5724   -0.8200    0.0076
...    43 A-T ...
  -79.8571  -83.9922   46.8754
    0.8407   -0.5315    0.1037
   -0.0827    0.0633    0.9946
   -0.5352   -0.8447    0.0093
...    44 C-G ...
  -81.3572  -86.8736   46.3125
    0.7022   -0.3892    0.5962
   -0.5053    0.3176    0.8024
   -0.5016   -0.8647    0.0263
...    45 T-A ...
  -82.6729  -89.8993   46.2648
    0.3830   -0.1034    0.9180
   -0.8056    0.4489    0.3867
   -0.4521   -0.8876    0.0886
...    46 T-A ...
  -83.8813  -92.8901   46.5218
   -0.1169    0.1822    0.9763
   -0.8870    0.4230   -0.1851
   -0.4467   -0.8876    0.1122
...    47 A-T ...
  -85.3682  -95.8066   47.0616
   -0.5540    0.4664    0.6896
   -0.6859    0.2137   -0.6956
   -0.4718   -0.8584    0.2016
...    48 C-G ...
  -86.6058  -98.6015   48.3068
   -0.8140    0.5343    0.2280
   -0.3151   -0.0763   -0.9460
   -0.4880   -0.8418    0.2305
...    49 T-A ...
  -88.3124 -101.2035   49.4156
   -0.8351    0.4554   -0.3086
    0.1355   -0.3734   -0.9177
   -0.5332   -0.8082    0.2501
...    50 G-C ...
  -90.1748 -103.8981   49.9308
   -0.5704    0.2160   -0.7924
    0.5687   -0.5923   -0.5708
   -0.5926   -0.7762    0.2150
...    51 T-A ...
  -92.5731 -106.0350   50.8068
   -0.1842   -0.1161   -0.9760
    0.7827   -0.6180   -0.0742
   -0.5945   -0.7776    0.2047
...    52 A-T ...
  -94.3495 -108.7684   51.5504
    0.3300   -0.4671   -0.8203
    0.7406   -0.4108    0.5318
   -0.5854   -0.7830    0.2103
...    53 G-C ...
  -96.4576 -111.2879   51.9686
    0.7016   -0.5627   -0.4372
    0.4686   -0.0979    0.8780
   -0.5369   -0.8208    0.1950
...    54 T-A ...
  -98.3466 -114.0030   51.9899
    0.8648   -0.4977    0.0658
    0.0482    0.2129    0.9759
   -0.4997   -0.8408    0.2081
...    55 C-G ...
  -99.9221 -116.7989   52.5708
    0.7684   -0.2318    0.5965
   -0.4551    0.4573    0.7640
   -0.4499   -0.8586    0.2459
...    56 A-T ...
 -101.3192 -119.6984   53.4664
    0.4635    0.1793    0.8678
   -0.8132    0.4752    0.3361
   -0.3521   -0.8614    0.3660
...    57 T-A ...
 -101.8150 -122.7201   54.5987
    0.0165    0.4180    0.9083
   -0.9407    0.3143   -0.1275
   -0.3388   -0.8523    0.3984
...    58 G-C ...
 -103.0679 -125.3601   56.1928
   -0.4595    0.6232    0.6328
   -0.8164   -0.0157   -0.5773
   -0.3498   -0.7819    0.5160
...    59 T-A ...
 -103.8235 -127.7115   58.3697
   -0.8043    0.5479    0.2301
   -0.4732   -0.3562   -0.8057
   -0.3595   -0.7569    0.5457
...    60 T-A ...
 -104.8895 -130.0000   60.4177
   -0.9412    0.2250   -0.2521
    0.0641   -0.6137   -0.7869
   -0.3318   -0.7568    0.5632
...    61 A-T ...
 -105.8032 -132.8299   62.0071
   -0.7068   -0.2557   -0.6596
    0.6458   -0.6138   -0.4541
   -0.2887   -0.7469    0.5990
...    62 T-A ...
 -107.2899 -134.8713   64.1598
   -0.2873   -0.5554   -0.7804
    0.9193   -0.3888   -0.0617
   -0.2692   -0.7351    0.6222
...    63 A-T ...
 -107.8555 -137.3336   66.3589
    0.3366   -0.6886   -0.6423
    0.9090    0.0596    0.4125
   -0.2458   -0.7227    0.6460
...    64 A-T ...
 -108.8737 -139.7265   68.3026
    0.7901   -0.5349   -0.2994
    0.5684    0.4562    0.6847
   -0.2297   -0.7112    0.6645
...    65 C-G ...
 -109.8040 -142.3827   69.9919
    0.9808   -0.1872    0.0549
    0.0869    0.6711    0.7363
   -0.1747   -0.7174    0.6744
...    66 G-C ...
 -110.3074 -144.5962   72.4307
    0.8957    0.3243    0.3042
   -0.4446    0.6597    0.6059
   -0.0042   -0.6780    0.7351
...    67 G-C ...
 -109.8537 -146.9774   74.7563
    0.5308    0.7066    0.4680
   -0.8411    0.3716    0.3930
    0.1037   -0.6022    0.7916
...    68 A-T ...
 -109.3158 -148.7948   77.3910
   -0.0469    0.8350    0.5482
   -0.9883   -0.1186    0.0961
    0.1452   -0.5373    0.8308
...    69 G-C ...
 -108.5121 -150.3052   80.2066
   -0.5574    0.6930    0.4572
   -0.8163   -0.5578   -0.1498
    0.1512   -0.4568    0.8766
...    70 T-A ...
 -107.6698 -151.2536   83.2558
   -0.9022    0.3104    0.2993
   -0.4040   -0.8511   -0.3351
    0.1507   -0.4233    0.8934
...    71 A-T ...
 -107.1901 -153.0854   86.0509
   -0.9412   -0.3287    0.0782
    0.2629   -0.8578   -0.4417
    0.2123   -0.3951    0.8938
...    72 T-A ...
 -106.8121 -153.8090   89.2749
   -0.6628   -0.7390   -0.1208
    0.7068   -0.5642   -0.4267
    0.2472   -0.3682    0.8963
...    73 C-G ...
 -106.0822 -154.9404   92.2818
   -0.1106   -0.9330   -0.3424
    0.9572   -0.0073   -0.2894
    0.2676   -0.3598    0.8938
...    74 T-A ...
 -105.4659 -156.2606   95.2615
    0.3941   -0.7832   -0.4809
    0.8665    0.4910   -0.0894
    0.3062   -0.3815    0.8722
...    75 C-G ...
 -104.5747 -157.5120   98.1526
    0.8040   -0.3360   -0.4906
    0.4709    0.8636    0.1803
    0.3631   -0.3760    0.8525
...    76 G-C ...
 -103.2763 -158.4791  101.0590
    0.8500    0.2332   -0.4723
   -0.0287    0.9159    0.4005
    0.5259   -0.3269    0.7852
...    77 A-T ...
 -101.4900 -159.5841  103.5096
    0.6359    0.7312   -0.2469
   -0.4878    0.6287    0.6056
    0.5981   -0.2647    0.7565
...    78 G-C ...
  -99.2083 -160.4336  105.6970
    0.2344    0.9721   -0.0058
   -0.7151    0.1765    0.6764
    0.6586   -0.1545    0.7365
...    79 C-G ...
  -96.6576 -160.5992  107.7449
   -0.2228    0.9289    0.2958
   -0.6949   -0.3642    0.6201
    0.6837   -0.0674    0.7266
...    80 T-A ...
  -94.2393 -160.3797  109.9626
   -0.5900    0.6139    0.5244
   -0.4331   -0.7888    0.4361
    0.6814    0.0302    0.7313
...    81 C-G ...
  -92.1363 -160.0101  112.4422
   -0.7332    0.0403    0.6789
    0.0227   -0.9962    0.0837
    0.6797    0.0767    0.7295
...    82 G-C ...
  -89.9733 -160.2021  114.9685
   -0.6120   -0.5341    0.5833
    0.4706   -0.8387   -0.2742
    0.6356    0.1067    0.7646
...    83 G-C ...
  -88.0080 -159.6595  117.6598
   -0.2687   -0.9104    0.3145
    0.7332   -0.4051   -0.5463
    0.6247    0.0837    0.7764
...    84 G-C ...
  -86.0714 -159.2142  120.3896
    0.1482   -0.9864   -0.0718
    0.7464    0.1592   -0.6462
    0.6488    0.0421    0.7598
...    85 A-T ...
  -84.0570 -158.9374  122.9536
    0.5362   -0.7105   -0.4558
    0.4962    0.7021   -0.5108
    0.6829    0.0477    0.7290
...    86 T-A ...
  -82.0761 -159.3488  125.5335
    0.6971   -0.2695   -0.6643
    0.1524    0.9612   -0.2300
    0.7005    0.0591    0.7112
...    87 C-G ...
  -79.7818 -159.2361  127.8322
    0.5982    0.3151   -0.7368
   -0.2732    0.9446    0.1821
    0.7533    0.0923    0.6511
...    88 C-G ...
  -77.0099 -159.1875  129.7275
    0.2569    0.7343   -0.6284
   -0.5221    0.6526    0.5491
    0.8133    0.1870    0.5510
...    89 G-C ...
  -74.3467 -158.1268  131.4121
   -0.2040    0.9176   -0.3411
   -0.5135    0.1963    0.8353
    0.8335    0.3456    0.4312
...    90 C-G ...
  -71.5127 -156.6961  132.2629
   -0.4991    0.8576    0.1239
   -0.2813   -0.2956    0.9129
    0.8196    0.4208    0.3888
...    91 T-A ...
  -68.8876 -154.9386  133.2134
   -0.6178    0.5559    0.5562
    0.0737   -0.6632    0.7448
    0.7829    0.5011    0.3688
...    92 T-A ...
  -66.4253 -153.0339  134.1646
   -0.4326    0.0994    0.8961
    0.4254   -0.8538    0.3001
    0.7949    0.5110    0.3271
...    93 T-A ...
  -64.0166 -151.0395  135.1023
   -0.0564   -0.3776    0.9243
    0.5927   -0.7576   -0.2734
    0.8035    0.5324    0.2665
...    94 A-T ...
  -61.0216 -149.4946  135.4840
    0.4047   -0.7322    0.5478
    0.4572   -0.3567   -0.8147
    0.7919    0.5802    0.1904
...    95 A-T ...
  -58.5886 -147.5093  136.3452
    0.6200   -0.7845   -0.0119
    0.1156    0.1063   -0.9876
    0.7761    0.6109    0.1566
...    96 C-G ...
  -56.0381 -145.7038  137.3997
    0.5638   -0.6373   -0.5254
   -0.2350    0.4861   -0.8417
    0.7918    0.5980    0.1243
...    97 A-T ...
  -53.4383 -143.6447  137.6745
    0.2291   -0.3451   -0.9102
   -0.5009    0.7600   -0.4143
    0.8346    0.5508    0.0013
...    98 C-G ...
  -50.4237 -142.4090  137.6734
   -0.1106    0.0468   -0.9928
   -0.5409    0.8351    0.0996
    0.8338    0.5480   -0.0671
...    99 T-A ...
  -47.5837 -140.8685  137.0930
   -0.4558    0.3987   -0.7958
   -0.3819    0.7200    0.5794
    0.8040    0.5680   -0.1759
...   100 T-A ...
  -44.9880 -139.1519  136.2449
   -0.6275    0.6990   -0.3432
   -0.0519    0.4022    0.9141
    0.7769    0.5914   -0.2160
...   101 T-A ...
  -42.5655 -137.2646  135.2276
   -0.5669    0.7935    0.2213
    0.3225   -0.0334    0.9460
    0.7580    0.6077   -0.2370
...   102 A-T ...
  -40.1535 -135.1112  134.4574
   -0.3118    0.6014    0.7355
    0.6232   -0.4549    0.6362
    0.7172    0.6567   -0.2329
...   103 T-A ...
  -38.3272 -132.5778  133.3693
    0.0582    0.3023    0.9514
    0.6998   -0.6921    0.1771
    0.7120    0.6555   -0.2519
...   104 G-C ...
  -35.8009 -130.5727  132.6502
    0.4084   -0.1835    0.8942
    0.5580   -0.7251   -0.4036
    0.7224    0.6637   -0.1937
...   105 C-G ...
  -33.5998 -128.1259  132.2395
    0.6276   -0.5648    0.5358
    0.2446   -0.5103   -0.8245
    0.7391    0.6485   -0.1821
...   106 T-A ...
  -31.1365 -125.9386  131.9516
    0.6291   -0.7764    0.0371
   -0.1192   -0.1436   -0.9824
    0.7681    0.6136   -0.1829
...   107 T-A ...
  -28.6048 -123.9390  131.6233
    0.4520   -0.7253   -0.5193
   -0.4644    0.3057   -0.8312
    0.7616    0.6168   -0.1987
...   108 C-G ...
  -26.0578 -122.0008  131.0036
    0.0619   -0.4525   -0.8896
   -0.6411    0.6651   -0.3829
    0.7649    0.5941   -0.2489
...   109 C-G ...
  -23.2827 -120.3491  130.0663
   -0.3685   -0.1057   -0.9236
   -0.5656    0.8140    0.1325
    0.7378    0.5712   -0.3597
...   110 G-C ...
  -21.1020 -118.2466  128.6994
   -0.7176    0.2555   -0.6479
   -0.2503    0.7735    0.5822
    0.6499    0.5800   -0.4912
...   111 G-C ...
  -19.1464 -116.4990  126.5700
   -0.8052    0.5602   -0.1945
    0.1906    0.5551    0.8097
    0.5616    0.6149   -0.5537
...   112 C-G ...
  -17.6555 -114.5661  124.3473
   -0.6069    0.7379    0.2953
    0.6085    0.1923    0.7699
    0.5113    0.6469   -0.5657
...   113 T-A ...
  -16.3537 -112.3352  122.2810
   -0.2321    0.6957    0.6798
    0.8541   -0.1887    0.4847
    0.4655    0.6931   -0.5504
...   114 C-G ...
  -14.9730 -109.9477  120.5160
    0.2992    0.4437    0.8447
    0.8384   -0.5450   -0.0107
    0.4556    0.7114   -0.5351
...   115 G-C ...
  -13.1269 -107.8063  118.7574
    0.6726    0.0060    0.7399
    0.5465   -0.6783   -0.4912
    0.4989    0.7348   -0.4595
...   116 T-A ...
  -11.7296 -105.0011  117.6661
    0.8489   -0.3594    0.3875
    0.1186   -0.5848   -0.8024
    0.5150    0.7272   -0.4538
...   117 A-T ...
  -10.0475 -102.6948  115.9462
    0.7378   -0.6575   -0.1524
   -0.4100   -0.2572   -0.8750
    0.5362    0.7081   -0.4594
...   118 T-A ...
   -7.9209 -100.3683  115.0083
    0.4315   -0.7014   -0.5673
   -0.7267    0.1024   -0.6793
    0.5346    0.7053   -0.4656
...   119 A-T ...
   -6.1461  -98.1083  113.3471
   -0.1018   -0.5718   -0.8140
   -0.8352    0.4936   -0.2423
    0.5404    0.6553   -0.5279
...   120 A-T ...
   -4.2098  -96.1984  111.5894
   -0.5577   -0.2123   -0.8024
   -0.6372    0.7290    0.2500
    0.5319    0.6508   -0.5418
...   121 T-A ...
   -2.2095  -94.6336  109.5101
   -0.8087    0.1664   -0.5642
   -0.2754    0.7404    0.6131
    0.5198    0.6512   -0.5529
...   122 G-C ...
   -0.7464  -92.3598  107.5670
   -0.8831    0.4643   -0.0680
    0.2286    0.5522    0.8017
    0.4098    0.6925   -0.5938
...   123 T-A ...
    0.2264  -90.3496  105.1362
   -0.6571    0.6544    0.3741
    0.6523    0.2449    0.7173
    0.3778    0.7154   -0.5878
...   124 G-C ...
    1.3936  -87.7962  103.3556
   -0.2248    0.5999    0.7679
    0.9197   -0.1297    0.3706
    0.3219    0.7895   -0.5226
...   125 T-A ...
    1.8243  -85.0403  101.5806
    0.2700    0.4236    0.8647
    0.9078   -0.4114   -0.0819
    0.3211    0.8071   -0.4956
...   126 C-G ...
    2.8101  -82.3108  100.0764
    0.7361    0.0821    0.6719
    0.5888   -0.5674   -0.5757
    0.3340    0.8194   -0.4660
...   127 G-C ...
    4.2041  -79.8265   98.3480
    0.9006   -0.3254    0.2881
    0.1006   -0.4889   -0.8665
    0.4228    0.8094   -0.4076
...   128 A-T ...
    5.6269  -77.1493   97.1201
    0.7792   -0.5708   -0.2590
   -0.4384   -0.2010   -0.8760
    0.4480    0.7961   -0.4068
...   129 C-G ...
    7.5208  -74.5757   96.2574
    0.4304   -0.6100   -0.6653
   -0.7739    0.1300   -0.6198
    0.4646    0.7817   -0.4161
...   130 C-G ...
    9.3964  -72.1486   94.8666
   -0.0875   -0.5038   -0.8594
   -0.8749    0.4514   -0.1756
    0.4764    0.7365   -0.4803
...   131 A-T ...
   10.8247  -69.6681   93.1889
   -0.6053   -0.2326   -0.7613
   -0.6649    0.6736    0.3228
    0.4377    0.7015   -0.5624
...   132 A-T ...
   12.3546  -67.6141   91.1953
   -0.8742    0.1838   -0.4494
   -0.2146    0.6839    0.6972
    0.4355    0.7060   -0.5585
...   133 A-T ...
   13.7192  -65.4994   89.1503
   -0.8498    0.5267    0.0213
    0.3074    0.4624    0.8317
    0.4282    0.7133   -0.5548
...   134 T-A ...
   14.7283  -63.4122   86.8245
   -0.5924    0.6746    0.4405
    0.6886    0.1400    0.7115
    0.4183    0.7248   -0.5474
...   135 G-C ...
   15.7211  -61.4788   83.9378
    0.0342    0.7399    0.6718
    0.8637   -0.3601    0.3526
    0.5028    0.5682   -0.6514
...   136 T-A ...
   15.7739  -59.5464   80.8036
    0.5516    0.4996    0.6680
    0.6739   -0.7388   -0.0038
    0.4916    0.4523   -0.7442
...   137 G-C ...
   16.8280  -57.7075   78.2738
    0.8528   -0.0847    0.5152
    0.1508   -0.9047   -0.3984
    0.4999    0.4175   -0.7588
...   138 A-T ...
   18.4175  -55.5141   76.5363
    0.8547   -0.5007    0.1370
   -0.3189   -0.7148   -0.6224
    0.4096    0.4883   -0.7706
...   139 G-C ...
   20.4152  -54.2945   74.5497
    0.5847   -0.7389   -0.3350
   -0.7594   -0.3532   -0.5465
    0.2854    0.5739   -0.7676
...   140 C-G ...
   21.4163  -51.8107   72.7950
    0.1305   -0.7142   -0.6876
   -0.8897    0.2217   -0.3991
    0.4375    0.6639   -0.6065
...   141 G-C ...
   22.1406  -50.1330   67.4725
   -0.4682   -0.8748    0.1248
   -0.8495    0.4067   -0.3362
    0.2434   -0.2634   -0.9335
...   142 C-G ...
   22.3377  -51.2252   64.5019
   -0.8529   -0.5117   -0.1032
   -0.4974    0.8566   -0.1372
    0.1587   -0.0657   -0.9851
...   143 T-A ...
   24.0059  -51.6201   61.9333
   -0.9563    0.0399   -0.2897
    0.0522    0.9980   -0.0348
    0.2877   -0.0484   -0.9565
...   144 C-G ...
   24.8857  -52.7206   58.9948
   -0.7530    0.5560   -0.3520
    0.5213    0.8304    0.1966
    0.4016   -0.0355   -0.9151
...   145 A-T ...
   25.5173  -52.9609   55.8127
   -0.2441    0.9563   -0.1609
    0.8907    0.2867    0.3528
    0.3835   -0.0571   -0.9218
...   146 C-G ...
   25.2677  -52.4924   52.0871
    0.3203    0.9428   -0.0928
    0.8825   -0.2613    0.3910
    0.3444   -0.2071   -0.9157
...   147 A-T ...
   25.6133  -52.5732   48.6479
    0.8597    0.5097    0.0339
    0.4498   -0.7866    0.4230
    0.2423   -0.3484   -0.9055
