  147 base-pairs
...     1 T-A ...
    0.0000    0.0000    0.0000
    1.0000    0.0000    0.0000
    0.0000    1.0000    0.0000
    0.0000    0.0000    1.0000
...     2 G-C ...
   -0.5555   -1.1003    3.3981
    0.7749    0.6051    0.1828
   -0.5991    0.7953   -0.0929
   -0.2016   -0.0375    0.9787
...     3 T-A ...
   -0.6619   -3.0237    6.5348
    0.3046    0.9250    0.2271
   -0.8994    0.3578   -0.2510
   -0.3134   -0.1278    0.9410
...     4 G-C ...
   -1.1607   -3.8418    9.6940
   -0.3351    0.9421    0.0133
   -0.8752   -0.3061   -0.3746
   -0.3489   -0.1372    0.9271
...     5 A-T ...
   -1.3881   -3.6770   12.8999
   -0.7835    0.6162   -0.0801
   -0.5677   -0.7622   -0.3109
   -0.2527   -0.1981    0.9470
...     6 G-C ...
   -2.6236   -3.5448   15.7072
   -0.9923    0.0611   -0.1075
   -0.0294   -0.9610   -0.2748
   -0.1201   -0.2695    0.9555
...     7 C-G ...
   -2.3138   -3.7570   18.8866
   -0.8620   -0.4995   -0.0864
    0.5008   -0.8655    0.0073
   -0.0785   -0.0370    0.9962
...     8 G-C ...
   -3.9561   -6.8109   23.3205
   -0.2581   -0.3560   -0.8981
    0.6294   -0.7673    0.1233
   -0.7330   -0.5335    0.4221
...     9 C-G ...
   -6.1177   -8.9414   24.2385
    0.1143   -0.7320   -0.6716
    0.8123   -0.3203    0.4874
   -0.5720   -0.6013    0.5580
...    10 T-A ...
   -8.5041   -9.6771   26.0540
    0.4660   -0.8587   -0.2131
    0.6274    0.1508    0.7640
   -0.6239   -0.4897    0.6090
...    11 C-G ...
  -11.0625  -11.3174   27.2336
    0.6660   -0.6911    0.2808
    0.3382    0.6152    0.7121
   -0.6649   -0.3794    0.6435
...    12 A-T ...
  -13.0013  -13.1789   29.0658
    0.7188   -0.1490    0.6790
   -0.1787    0.9043    0.3876
   -0.6718   -0.4000    0.6235
...    13 C-G ...
  -14.1788  -15.9359   31.3399
    0.4052    0.2865    0.8682
   -0.5270    0.8492   -0.0343
   -0.7470   -0.4437    0.4951
...    14 A-T ...
  -15.9532  -18.1566   33.3080
   -0.1503    0.6873    0.7107
   -0.6106    0.5008   -0.6135
   -0.7776   -0.5261    0.3444
...    15 A-T ...
  -18.2935  -19.9881   34.6347
   -0.4935    0.8351    0.2431
   -0.4011    0.0295   -0.9156
   -0.7717   -0.5493    0.3204
...    16 T-A ...
  -20.5974  -21.6518   36.3043
   -0.6306    0.7347   -0.2504
   -0.0891   -0.3890   -0.9169
   -0.7710   -0.5559    0.3108
...    17 T-A ...
  -23.0965  -23.3170   37.5229
   -0.5626    0.3962   -0.7256
    0.2901   -0.7273   -0.6220
   -0.7742   -0.5604    0.2942
...    18 T-A ...
  -25.7106  -24.9231   38.5486
   -0.2837   -0.0596   -0.9571
    0.5572   -0.8225   -0.1139
   -0.7804   -0.5656    0.2666
...    19 A-T ...
  -28.4477  -26.7088   39.1562
    0.1703   -0.4212   -0.8908
    0.5946   -0.6769    0.4338
   -0.7857   -0.6036    0.1352
...    20 T-A ...
  -31.3099  -28.3009   39.0963
    0.4611   -0.6863   -0.5625
    0.4255   -0.3853    0.8189
   -0.7787   -0.6169    0.1143
...    21 T-A ...
  -33.8811  -30.2679   39.1681
    0.6348   -0.7726   -0.0151
    0.0869    0.0520    0.9949
   -0.7678   -0.6328    0.1002
...    22 C-G ...
  -36.2630  -32.4945   39.3739
    0.5955   -0.5779    0.5581
   -0.3167    0.4696    0.8241
   -0.7383   -0.6675    0.0966
...    23 G-C ...
  -38.7183  -34.6415   40.0633
    0.3917   -0.1557    0.9068
   -0.6297    0.6733    0.3876
   -0.6709   -0.7228    0.1657
...    24 C-G ...
  -40.5857  -37.3237   40.6216
    0.0100    0.2597    0.9656
   -0.7534    0.6369   -0.1635
   -0.6575   -0.7259    0.2020
...    25 A-T ...
  -42.9151  -39.6035   41.2467
   -0.3688    0.6302    0.6832
   -0.6430    0.3577   -0.6771
   -0.6712   -0.6891    0.2733
...    26 A-T ...
  -44.9292  -41.8944   42.3681
   -0.6800    0.7105    0.1810
   -0.3130   -0.0580   -0.9480
   -0.6631   -0.7013    0.2618
...    27 A-T ...
  -47.0455  -44.0917   43.4796
   -0.7425    0.5470   -0.3865
    0.1341   -0.4440   -0.8859
   -0.6562   -0.7097    0.2564
...    28 G-C ...
  -49.3581  -46.2164   44.5037
   -0.5187    0.2824   -0.8069
    0.5009   -0.6645   -0.5545
   -0.6928   -0.6919    0.2033
...    29 G-C ...
  -51.9389  -48.2787   45.1566
   -0.1054   -0.0531   -0.9930
    0.6881   -0.7248   -0.0343
   -0.7180   -0.6869    0.1130
...    30 C-G ...
  -54.5949  -50.2349   45.3107
    0.3198   -0.3957   -0.8609
    0.6281   -0.5917    0.5053
   -0.7093   -0.7024    0.0593
...    31 C-G ...
  -57.0847  -52.5068   45.0840
    0.6697   -0.5804   -0.4633
    0.3438   -0.3107    0.8862
   -0.6583   -0.7527   -0.0086
...    32 G-C ...
  -59.0522  -55.1923   45.2600
    0.8240   -0.5583    0.0967
   -0.1016    0.0224    0.9946
   -0.5575   -0.8293   -0.0383
...    33 G-C ...
  -60.6529  -58.1363   44.8036
    0.6898   -0.3844    0.6136
   -0.5414    0.2888    0.7896
   -0.4807   -0.8768   -0.0089
...    34 C-G ...
  -61.8476  -61.2119   44.5637
    0.3116   -0.1258    0.9418
   -0.8366    0.4336    0.3347
   -0.4505   -0.8923    0.0299
...    35 C-G ...
  -63.0179  -64.3676   44.7880
   -0.1492    0.1999    0.9684
   -0.8864    0.4069   -0.2206
   -0.4381   -0.8913    0.1165
...    36 C-G ...
  -64.2659  -67.4206   45.4731
   -0.5674    0.4567    0.6851
   -0.6798    0.2097   -0.7028
   -0.4646   -0.8645    0.1915
...    37 G-C ...
  -66.1330  -70.1627   45.8620
   -0.8002    0.5783    0.1588
   -0.2696   -0.1103   -0.9566
   -0.5357   -0.8083    0.2442
...    38 A-T ...
  -67.9105  -72.7624   46.7640
   -0.7928    0.4240   -0.4377
    0.2453   -0.4354   -0.8662
   -0.5579   -0.7941    0.2412
...    39 C-G ...
  -70.0579  -74.9884   47.9589
   -0.5376    0.1519   -0.8294
    0.6174   -0.5990   -0.5099
   -0.5743   -0.7862    0.2282
...    40 A-T ...
  -71.8600  -77.7098   48.5711
   -0.0417   -0.1455   -0.9885
    0.7996   -0.5981    0.0543
   -0.5991   -0.7881    0.1412
...    41 C-G ...
  -74.2962  -79.9498   48.7611
    0.3950   -0.4133   -0.8205
    0.7026   -0.4395    0.5596
   -0.5919   -0.7975    0.1168
...    42 G-C ...
  -75.9972  -82.7663   49.3073
    0.7813   -0.4880   -0.3891
    0.3612   -0.1550    0.9195
   -0.5091   -0.8590    0.0552
...    43 A-T ...
  -77.6680  -85.5732   49.3588
    0.8696   -0.4469    0.2101
   -0.1576    0.1520    0.9757
   -0.4679   -0.8816    0.0617
...    44 C-G ...
  -78.8972  -88.6106   48.9994
    0.6851   -0.2668    0.6778
   -0.5866    0.3497    0.7305
   -0.4319   -0.8981    0.0831
...    45 T-A ...
  -79.9616  -91.7302   49.1855
    0.3180    0.0229    0.9478
   -0.8675    0.4104    0.2811
   -0.3825   -0.9116    0.1503
...    46 T-A ...
  -80.9380  -94.7770   49.6760
   -0.2116    0.2661    0.9404
   -0.9017    0.3181   -0.2929
   -0.3770   -0.9100    0.1726
...    47 A-T ...
  -82.2658  -97.7460   50.3602
   -0.6622    0.4666    0.5863
   -0.6313    0.0740   -0.7720
   -0.4036   -0.8814    0.2456
...    48 C-G ...
  -83.3459 -100.5356   51.7725
   -0.8836    0.4585    0.0954
   -0.2065   -0.1986   -0.9581
   -0.4204   -0.8662    0.2701
...    49 T-A ...
  -84.8808 -103.2083   52.9778
   -0.8418    0.3216   -0.4336
    0.2733   -0.4389   -0.8560
   -0.4656   -0.8390    0.2815
...    50 G-C ...
  -86.4575 -106.0626   53.5929
   -0.5002    0.0643   -0.8635
    0.6935   -0.5674   -0.4440
   -0.5185   -0.8209    0.2393
...    51 T-A ...
  -88.6725 -108.3973   54.4628
   -0.0569   -0.2337   -0.9707
    0.8545   -0.5142    0.0737
   -0.5163   -0.8252    0.2289
...    52 A-T ...
  -90.1853 -111.2543   55.3285
    0.4796   -0.4929   -0.7260
    0.7190   -0.2535    0.6471
   -0.5030   -0.8323    0.2329
...    53 G-C ...
  -91.9898 -113.9913   55.8026
    0.8163   -0.4953   -0.2973
    0.3696    0.0522    0.9277
   -0.4440   -0.8672    0.2257
...    54 G-C ...
  -93.5131 -116.9809   56.2145
    0.9296   -0.2984    0.2164
   -0.1212    0.3068    0.9440
   -0.3481   -0.9038    0.2490
...    55 T-A ...
  -94.3615 -120.1430   56.4992
    0.7571   -0.0479    0.6515
   -0.5780    0.4157    0.7022
   -0.3045   -0.9082    0.2870
...    56 A-T ...
  -94.9679 -123.2707   57.4726
    0.3782    0.3264    0.8663
   -0.9026    0.3377    0.2669
   -0.2055   -0.8828    0.4224
...    57 T-A ...
  -94.9538 -126.2421   58.8306
   -0.1101    0.4772    0.8719
   -0.9747    0.1197   -0.1886
   -0.1944   -0.8706    0.4519
...    58 C-G ...
  -95.5335 -128.9620   60.5225
   -0.6409    0.4988    0.5835
   -0.7429   -0.2115   -0.6351
   -0.1934   -0.8405    0.5061
...    59 T-A ...
  -96.0934 -131.5054   62.5497
   -0.9237    0.3566    0.1399
   -0.3110   -0.4849   -0.8174
   -0.2237   -0.7986    0.5588
...    60 C-G ...
  -96.9884 -133.9967   64.4860
   -0.9293    0.0046   -0.3693
    0.2857   -0.6248   -0.7266
   -0.2341   -0.7808    0.5793
...    61 G-C ...
  -97.6853 -136.8736   66.0360
   -0.5896   -0.3126   -0.7448
    0.7537   -0.5444   -0.3682
   -0.2904   -0.7784    0.5566
...    62 A-T ...
  -98.7255 -139.3539   67.9346
   -0.0265   -0.5772   -0.8162
    0.9600   -0.2423    0.1402
   -0.2787   -0.7798    0.5605
...    63 G-C ...
  -99.9279 -141.9161   69.6680
    0.4963   -0.5822   -0.6440
    0.8353    0.1181    0.5370
   -0.2366   -0.8044    0.5449
...    64 C-G ...
 -101.0308 -144.6304   71.2196
    0.8804   -0.3813   -0.2820
    0.4393    0.4317    0.7878
   -0.1787   -0.8175    0.5475
...    65 T-A ...
 -101.5658 -147.5145   72.7368
    0.9935   -0.0308    0.1094
   -0.0725    0.5696    0.8187
   -0.0876   -0.8214    0.5637
...    66 C-G ...
 -101.7605 -150.2334   74.5065
    0.7825    0.3654    0.5042
   -0.6224    0.4816    0.6170
   -0.0173   -0.7966    0.6043
...    67 G-C ...
 -101.7847 -152.6583   76.7860
    0.3318    0.7002    0.6321
   -0.9384    0.1769    0.2967
    0.0960   -0.6917    0.7158
...    68 G-C ...
 -100.9788 -154.6769   79.3517
   -0.2196    0.7660    0.6041
   -0.9662   -0.2566   -0.0257
    0.1353   -0.5893    0.7965
...    69 G-C ...
 -100.3276 -156.1375   82.3204
   -0.7099    0.5626    0.4237
   -0.6929   -0.6657   -0.2771
    0.1262   -0.4903    0.8624
...    70 A-T ...
  -99.9957 -157.5334   85.2781
   -0.9830    0.0667    0.1713
   -0.1362   -0.8902   -0.4347
    0.1235   -0.4506    0.8841
...    71 T-A ...
  -99.6585 -158.3529   88.4751
   -0.9087   -0.4150   -0.0448
    0.3881   -0.8006   -0.4565
    0.1536   -0.4322    0.8886
...    72 C-G ...
  -99.2821 -159.7122   91.4551
   -0.4923   -0.8210   -0.2892
    0.8549   -0.3936   -0.3380
    0.1636   -0.4136    0.8956
...    73 C-G ...
  -98.9957 -161.0602   94.5438
    0.0513   -0.8837   -0.4652
    0.9829    0.1272   -0.1334
    0.1770   -0.4504    0.8751
...    74 G-C ...
  -97.9978 -162.2480   97.4982
    0.5702   -0.6176   -0.5417
    0.7777    0.6182    0.1138
    0.2646   -0.4862    0.8328
...    75 T-A ...
  -97.4958 -164.2864  100.0513
    0.8747   -0.1919   -0.4451
    0.3688    0.8594    0.3543
    0.3145   -0.4740    0.8224
...    76 C-G ...
  -96.4895 -165.9052  102.6894
    0.9007    0.3665   -0.2334
   -0.1955    0.8215    0.5356
    0.3881   -0.4368    0.8116
...    77 A-T ...
  -95.0139 -167.3439  105.3274
    0.5809    0.8115   -0.0634
   -0.6208    0.4921    0.6103
    0.5264   -0.3151    0.7897
...    78 T-A ...
  -92.8009 -168.4482  107.4292
    0.1795    0.9642    0.1953
   -0.8136    0.0340    0.5804
    0.5530   -0.2631    0.7906
...    79 G-C ...
  -90.9233 -168.8666  110.1573
   -0.3677    0.8600    0.3539
   -0.7409   -0.5009    0.4474
    0.5620   -0.0978    0.8213
...    80 T-A ...
  -88.7756 -168.6077  112.6231
   -0.7144    0.4857    0.5037
   -0.4260   -0.8730    0.2376
    0.5551   -0.0448    0.8306
...    81 T-A ...
  -86.8951 -168.3950  115.2651
   -0.8107   -0.0958    0.5775
    0.0668   -0.9952   -0.0713
    0.5816   -0.0192    0.8132
...    82 A-T ...
  -84.7280 -168.8747  117.8115
   -0.5298   -0.7086    0.4659
    0.5664   -0.7046   -0.4275
    0.6312    0.0374    0.7747
...    83 T-A ...
  -83.1366 -168.3385  120.6822
   -0.1378   -0.9669    0.2149
    0.7492   -0.2437   -0.6159
    0.6479    0.0761    0.7579
...    84 A-T ...
  -80.5951 -167.8451  122.8418
    0.4046   -0.8961   -0.1828
    0.6341    0.4189   -0.6500
    0.6590    0.1471    0.7376
...    85 A-T ...
  -78.6171 -167.5025  125.3935
    0.6966   -0.5017   -0.5129
    0.2711    0.8459   -0.4593
    0.6643    0.1809    0.7253
...    86 C-G ...
  -76.5033 -167.4769  127.8938
    0.6993   -0.0110   -0.7147
   -0.1317    0.9808   -0.1439
    0.7026    0.1948    0.6844
...    87 G-C ...
  -74.1867 -166.5377  130.0888
    0.3829    0.4592   -0.8016
   -0.4759    0.8418    0.2548
    0.7918    0.2839    0.5409
...    88 G-C ...
  -71.2432 -165.7220  131.4792
   -0.0314    0.7773   -0.6283
   -0.5732    0.5010    0.6484
    0.8188    0.3805    0.4298
...    89 A-T ...
  -68.5522 -164.3343  132.6360
   -0.4133    0.8905   -0.1900
   -0.4199   -0.0012    0.9076
    0.8080    0.4549    0.3744
...    90 C-G ...
  -65.8273 -162.5873  133.1812
   -0.6062    0.7452    0.2778
   -0.1168   -0.4290    0.8957
    0.7867    0.5105    0.3471
...    91 T-A ...
  -63.3960 -160.5294  134.0439
   -0.6173    0.3906    0.6829
    0.2636   -0.7152    0.6473
    0.7412    0.5796    0.3385
...    92 T-A ...
  -61.1309 -158.3612  134.9252
   -0.3224   -0.0593    0.9448
    0.5765   -0.8039    0.1463
    0.7508    0.5919    0.2933
...    93 T-A ...
  -58.9215 -156.1248  135.8051
    0.1153   -0.4725    0.8738
    0.6498   -0.6294   -0.4261
    0.7513    0.6169    0.2345
...    94 A-T ...
  -56.1657 -154.1898  136.0697
    0.5510   -0.7235    0.4159
    0.3991   -0.2093   -0.8927
    0.7329    0.6578    0.1734
...    95 A-T ...
  -53.8966 -152.0099  136.8927
    0.6973   -0.6982   -0.1618
   -0.0088    0.2174   -0.9761
    0.7167    0.6821    0.1454
...    96 C-G ...
  -51.4546 -150.0374  137.8778
    0.5650   -0.5144   -0.6451
   -0.3762    0.5352   -0.7563
    0.7343    0.6700    0.1089
...    97 A-T ...
  -49.0326 -147.7669  138.1133
    0.1601   -0.2347   -0.9588
   -0.6133    0.7374   -0.2829
    0.7734    0.6333   -0.0258
...    98 C-G ...
  -46.1642 -146.2350  137.9285
   -0.2213    0.1234   -0.9674
   -0.6013    0.7637    0.2350
    0.7678    0.6336   -0.0948
...    99 T-A ...
  -43.5520 -144.3785  137.2180
   -0.5710    0.4211   -0.7047
   -0.3788    0.6263    0.6813
    0.7283    0.6560   -0.1981
...   100 T-A ...
  -41.2100 -142.3636  136.2831
   -0.7137    0.6677   -0.2115
    0.0118    0.3133    0.9496
    0.7003    0.6752   -0.2315
...   101 T-A ...
  -39.0558 -140.1962  135.2135
   -0.5967    0.7222    0.3499
    0.4203   -0.0902    0.9029
    0.6836    0.6858   -0.2497
...   102 A-T ...
  -36.8569 -137.8286  134.4379
   -0.2661    0.5132    0.8160
    0.7137   -0.4641    0.5246
    0.6479    0.7220   -0.2428
...   103 T-A ...
  -35.3079 -135.0948  133.4043
    0.1421    0.2241    0.9642
    0.7529   -0.6568    0.0417
    0.6426    0.7200   -0.2620
...   104 G-C ...
  -32.9966 -132.8729  132.6108
    0.5061   -0.2313    0.8309
    0.5516   -0.6538   -0.5180
    0.6631    0.7204   -0.2033
...   105 C-G ...
  -30.9873 -130.2718  132.2048
    0.7039   -0.5693    0.4247
    0.1875   -0.4278   -0.8842
    0.6851    0.7021   -0.1944
...   106 T-A ...
  -28.6690 -127.9422  131.8814
    0.6636   -0.7435   -0.0825
   -0.2037   -0.0736   -0.9763
    0.7198    0.6647   -0.2003
...   107 T-A ...
  -26.2631 -125.8081  131.4880
    0.4313   -0.6649   -0.6098
   -0.5486    0.3433   -0.7624
    0.7162    0.6633   -0.2167
...   108 C-G ...
  -23.8507 -123.7370  130.7876
    0.0005   -0.3882   -0.9216
   -0.6950    0.6625   -0.2794
    0.7190    0.6406   -0.2695
...   109 C-G ...
  -21.2234 -121.9307  129.7195
   -0.4411   -0.0592   -0.8955
   -0.5783    0.7818    0.2331
    0.6863    0.6207   -0.3791
...   110 G-C ...
  -19.2405 -119.6706  128.3115
   -0.7745    0.2718   -0.5712
   -0.2236    0.7271    0.6491
    0.5918    0.6304   -0.5023
...   111 G-C ...
  -17.5082 -117.7351  126.1505
   -0.8314    0.5472   -0.0965
    0.2398    0.5100    0.8260
    0.5012    0.6637   -0.5553
...   112 C-G ...
  -16.2311 -115.6317  123.9494
   -0.5986    0.7025    0.3849
    0.6611    0.1620    0.7326
    0.4523    0.6930   -0.5614
...   113 T-A ...
  -15.1330 -113.2538  121.9303
   -0.1948    0.6496    0.7349
    0.8910   -0.1962    0.4095
    0.4102    0.7346   -0.5405
...   114 C-G ...
  -13.9302 -110.7460  120.2039
    0.3508    0.4018    0.8459
    0.8450   -0.5252   -0.1009
    0.4037    0.7501   -0.5238
...   115 G-C ...
  -12.2583 -108.4789  118.4350
    0.7200   -0.0217    0.6936
    0.5225   -0.6408   -0.5625
    0.4567    0.7674   -0.4500
...   116 T-A ...
  -10.9745 -105.5995  117.4136
    0.8761   -0.3652    0.3147
    0.0760   -0.5400   -0.8382
    0.4761    0.7583   -0.4453
...   117 A-T ...
   -9.3974 -103.1710  115.7810
    0.7340   -0.6441   -0.2154
   -0.4491   -0.2222   -0.8654
    0.5096    0.7319   -0.4524
...   118 T-A ...
   -7.3290 -100.7945  114.8479
    0.4093   -0.6749   -0.6140
   -0.7566    0.1251   -0.6418
    0.5099    0.7273   -0.4594
...   119 A-T ...
   -5.5916  -98.4910  113.2141
   -0.1312   -0.5491   -0.8254
   -0.8462    0.4958   -0.1954
    0.5165    0.6728   -0.5296
...   120 A-T ...
   -3.7289  -96.5287  111.4354
   -0.5860   -0.1943   -0.7867
   -0.6307    0.7189    0.2923
    0.5087    0.6674   -0.5438
...   121 T-A ...
   -1.8098  -94.9025  109.3263
   -0.8287    0.1766   -0.5311
   -0.2566    0.7234    0.6409
    0.4974    0.6674   -0.5542
...   122 G-C ...
   -0.4226  -92.5780  107.3933
   -0.8862    0.4624   -0.0282
    0.2529    0.5339    0.8068
    0.3881    0.7079   -0.5901
...   123 T-A ...
    0.4718  -90.5110  104.9797
   -0.6471    0.6438    0.4085
    0.6732    0.2309    0.7025
    0.3579    0.7296   -0.5828
...   124 G-C ...
    1.5825  -87.9221  103.2207
   -0.2046    0.5832    0.7862
    0.9299   -0.1350    0.3422
    0.3057    0.8011   -0.5146
...   125 T-A ...
    1.9602  -85.1325  101.4893
    0.2910    0.4071    0.8658
    0.9062   -0.4074   -0.1130
    0.3067    0.8175   -0.4875
...   126 C-G ...
    2.8993  -82.3741  100.0133
    0.7506    0.0712    0.6569
    0.5769   -0.5551   -0.5991
    0.3220    0.8287   -0.4578
...   127 G-C ...
    4.2463  -79.8547   98.3076
    0.9056   -0.3295    0.2670
    0.0857   -0.4744   -0.8761
    0.4154    0.8163   -0.4014
...   128 A-T ...
    5.6489  -77.1602   97.1039
    0.7753   -0.5674   -0.2775
   -0.4503   -0.1884   -0.8727
    0.4429    0.8016   -0.4016
...   129 C-G ...
    7.5349  -74.5815   96.2530
    0.4226   -0.6027   -0.6769
   -0.7804    0.1379   -0.6099
    0.4609    0.7860   -0.4120
...   130 C-G ...
    9.4090  -72.1501   94.8699
   -0.0950   -0.4965   -0.8628
   -0.8757    0.4538   -0.1647
    0.4734    0.7399   -0.4779
...   131 A-T ...
   10.8401  -69.6720   93.1954
   -0.6095   -0.2291   -0.7590
   -0.6628    0.6726    0.3292
    0.4350    0.7037   -0.5618
...   132 A-T ...
   12.3628  -67.6155   91.1992
   -0.8758    0.1848   -0.4458
   -0.2123    0.6821    0.6997
    0.4335    0.7075   -0.5582
...   133 A-T ...
   13.7213  -65.5001   89.1508
   -0.8498    0.5265    0.0231
    0.3085    0.4614    0.8318
    0.4273    0.7140   -0.5546
...   134 T-A ...
   14.7283  -63.4123   86.8245
   -0.5924    0.6746    0.4405
    0.6886    0.1400    0.7115
    0.4183    0.7248   -0.5474
...   135 G-C ...
   15.7211  -61.4788   83.9377
    0.0342    0.7399    0.6718
    0.8637   -0.3601    0.3526
    0.5028    0.5682   -0.6514
...   136 T-A ...
   15.7739  -59.5465   80.8036
    0.5516    0.4996    0.6680
    0.6739   -0.7388   -0.0038
    0.4916    0.4523   -0.7442
...   137 G-C ...
   16.8280  -57.7076   78.2737
    0.8528   -0.0847    0.5152
    0.1508   -0.9047   -0.3984
    0.4999    0.4175   -0.7588
...   138 A-T ...
   18.4176  -55.5142   76.5362
    0.8547   -0.5007    0.1370
   -0.3189   -0.7148   -0.6224
    0.4096    0.4883   -0.7706
...   139 G-C ...
   20.4152  -54.2945   74.5496
    0.5847   -0.7389   -0.3350
   -0.7594   -0.3532   -0.5465
    0.2854    0.5739   -0.7676
...   140 C-G ...
   21.4163  -51.8107   72.7949
    0.1305   -0.7142   -0.6876
   -0.8897    0.2217   -0.3991
    0.4375    0.6639   -0.6065
...   141 G-C ...
   22.1406  -50.1331   67.4724
   -0.4682   -0.8748    0.1248
   -0.8495    0.4067   -0.3362
    0.2434   -0.2634   -0.9335
...   142 C-G ...
   22.3377  -51.2252   64.5019
   -0.8529   -0.5117   -0.1032
   -0.4974    0.8566   -0.1372
    0.1587   -0.0657   -0.9851
...   143 T-A ...
   24.0059  -51.6202   61.9332
   -0.9563    0.0399   -0.2897
    0.0522    0.9980   -0.0348
    0.2877   -0.0484   -0.9565
...   144 C-G ...
   24.8857  -52.7207   58.9947
   -0.7530    0.5560   -0.3520
    0.5213    0.8304    0.1966
    0.4016   -0.0355   -0.9151
...   145 A-T ...
   25.5174  -52.9610   55.8127
   -0.2442    0.9563   -0.1609
    0.8907    0.2867    0.3528
    0.3835   -0.0571   -0.9218
...   146 C-G ...
   25.2677  -52.4925   52.0870
    0.3203    0.9428   -0.0928
    0.8825   -0.2613    0.3910
    0.3444   -0.2071   -0.9157
...   147 A-T ...
   25.6133  -52.5733   48.6478
    0.8597    0.5097    0.0339
    0.4498   -0.7866    0.4230
    0.2423   -0.3484   -0.9055
