  147 base-pairs
...     1 T-A ...
    0.0000    0.0000    0.0000
    1.0000    0.0000    0.0000
    0.0000    1.0000    0.0000
    0.0000    0.0000    1.0000
...     2 G-C ...
   -0.5555   -1.1003    3.3981
    0.7749    0.6051    0.1828
   -0.5991    0.7953   -0.0929
   -0.2016   -0.0375    0.9787
...     3 T-A ...
   -0.6619   -3.0237    6.5348
    0.3046    0.9250    0.2271
   -0.8994    0.3578   -0.2510
   -0.3134   -0.1278    0.9410
...     4 G-C ...
   -1.1607   -3.8418    9.6940
   -0.3351    0.9421    0.0133
   -0.8752   -0.3061   -0.3746
   -0.3489   -0.1372    0.9271
...     5 A-T ...
   -1.3881   -3.6770   12.8999
   -0.7835    0.6162   -0.0801
   -0.5677   -0.7622   -0.3109
   -0.2527   -0.1981    0.9470
...     6 G-C ...
   -2.6236   -3.5448   15.7072
   -0.9923    0.0611   -0.1075
   -0.0294   -0.9610   -0.2748
   -0.1201   -0.2695    0.9555
...     7 C-G ...
   -2.3138   -3.7570   18.8866
   -0.8620   -0.4995   -0.0864
    0.5008   -0.8655    0.0073
   -0.0785   -0.0370    0.9962
...     8 G-C ...
   -3.9561   -6.8109   23.3205
   -0.2581   -0.3560   -0.8981
    0.6294   -0.7673    0.1233
   -0.7330   -0.5335    0.4221
...     9 C-G ...
   -6.1177   -8.9414   24.2385
    0.1143   -0.7320   -0.6716
    0.8123   -0.3203    0.4874
   -0.5720   -0.6013    0.5580
...    10 T-A ...
   -8.5041   -9.6771   26.0540
    0.4660   -0.8587   -0.2131
    0.6274    0.1508    0.7640
   -0.6239   -0.4897    0.6090
...    11 C-G ...
  -11.0625  -11.3174   27.2336
    0.6660   -0.6911    0.2808
    0.3382    0.6152    0.7121
   -0.6649   -0.3794    0.6435
...    12 A-T ...
  -13.0013  -13.1789   29.0658
    0.7188   -0.1490    0.6790
   -0.1787    0.9043    0.3876
   -0.6718   -0.4000    0.6235
...    13 C-G ...
  -14.1788  -15.9359   31.3399
    0.4052    0.2865    0.8682
   -0.5270    0.8492   -0.0343
   -0.7470   -0.4437    0.4951
...    14 A-T ...
  -15.9532  -18.1566   33.3080
   -0.1503    0.6873    0.7107
   -0.6106    0.5008   -0.6135
   -0.7776   -0.5261    0.3444
...    15 A-T ...
  -18.2918  -19.9788   34.6412
   -0.4855    0.8382    0.2484
   -0.4062    0.0353   -0.9131
   -0.7741   -0.5443    0.3233
...    16 T-A ...
  -20.5985  -21.6210   36.3187
   -0.6228    0.7445   -0.2406
   -0.1021   -0.3821   -0.9185
   -0.7757   -0.5474    0.3140
...    17 T-A ...
  -23.1129  -23.2473   37.5503
   -0.5624    0.4158   -0.7147
    0.2688   -0.7255   -0.6336
   -0.7820   -0.5485    0.2962
...    18 T-A ...
  -25.7526  -24.8003   38.5851
   -0.2976   -0.0357   -0.9540
    0.5357   -0.8334   -0.1359
   -0.7902   -0.5515    0.2671
...    19 A-T ...
  -28.5587  -26.4756   39.1709
    0.1446   -0.3954   -0.9071
    0.5823   -0.7071    0.4011
   -0.8000   -0.5862    0.1280
...    20 T-A ...
  -31.4662  -27.9816   39.1036
    0.4305   -0.6779   -0.5959
    0.4290   -0.4272    0.7959
   -0.7941   -0.5983    0.1069
...    21 T-A ...
  -34.0972  -29.8675   39.1427
    0.6099   -0.7901   -0.0614
    0.1108    0.0083    0.9938
   -0.7847   -0.6129    0.0926
...    22 C-G ...
  -36.5412  -32.0215   39.3055
    0.5919   -0.6205    0.5144
   -0.2786    0.4413    0.8530
   -0.7563   -0.6482    0.0884
...    23 G-C ...
  -39.0373  -34.1144   39.9548
    0.4190   -0.2117    0.8829
   -0.5919    0.6737    0.4425
   -0.6886   -0.7080    0.1570
...    24 C-G ...
  -40.9668  -36.7536   40.4501
    0.0610    0.2100    0.9758
   -0.7361    0.6698   -0.0982
   -0.6742   -0.7123    0.1955
...    25 A-T ...
  -43.3206  -38.9962   41.0846
   -0.3051    0.6066    0.7341
   -0.6633    0.4177   -0.6209
   -0.6833   -0.6764    0.2749
...    26 A-T ...
  -45.3609  -41.2582   42.2083
   -0.6336    0.7283    0.2611
   -0.3722    0.0090   -0.9281
   -0.6783   -0.6852    0.2654
...    27 A-T ...
  -47.5080  -43.4104   43.3406
   -0.7365    0.6047   -0.3031
    0.0523   -0.3958   -0.9168
   -0.6744   -0.6911    0.2599
...    28 G-C ...
  -49.8552  -45.4662   44.4033
   -0.5580    0.3609   -0.7472
    0.4219   -0.6520   -0.6300
   -0.7146   -0.6668    0.2115
...    29 G-C ...
  -52.5057  -47.4112   45.1154
   -0.1834    0.0223   -0.9828
    0.6387   -0.7573   -0.1363
   -0.7473   -0.6527    0.1246
...    30 C-G ...
  -55.2505  -49.2205   45.3475
    0.2253   -0.3483   -0.9099
    0.6285   -0.6616    0.4089
   -0.7444   -0.6640    0.0699
...    31 C-G ...
  -57.8906  -51.3158   45.1652
    0.5902   -0.5792   -0.5622
    0.3975   -0.3976    0.8270
   -0.7026   -0.7116   -0.0044
...    32 G-C ...
  -59.9989  -53.8783   45.3152
    0.7926   -0.6092   -0.0255
   -0.0085   -0.0530    0.9986
   -0.6097   -0.7912   -0.0472
...    33 G-C ...
  -61.8189  -56.6741   44.7764
    0.7211   -0.4720    0.5071
   -0.4416    0.2508    0.8614
   -0.5338   -0.8452   -0.0276
...    34 C-G ...
  -63.2238  -59.6387   44.4152
    0.4004   -0.2227    0.8889
   -0.7672    0.4490    0.4581
   -0.5011   -0.8654    0.0089
...    35 C-G ...
  -64.5472  -62.7367   44.5034
   -0.0239    0.1238    0.9920
   -0.8766    0.4745   -0.0803
   -0.4807   -0.8715    0.0971
...    36 C-G ...
  -65.8899  -65.7649   45.0915
   -0.4449    0.4284    0.7864
   -0.7442    0.3116   -0.5908
   -0.4982   -0.8481    0.1802
...    37 G-C ...
  -67.8770  -68.3987   45.5211
   -0.7247    0.6137    0.3134
   -0.4014   -0.0062   -0.9159
   -0.5602   -0.7895    0.2508
...    38 A-T ...
  -69.7184  -70.9313   46.4580
   -0.8075    0.5179   -0.2823
    0.0863   -0.3697   -0.9251
   -0.5835   -0.7714    0.2538
...    39 C-G ...
  -71.8589  -73.0922   47.7632
   -0.6354    0.2698   -0.7235
    0.4837   -0.5912   -0.6453
   -0.6019   -0.7600    0.2452
...    40 A-T ...
  -73.7971  -75.7000   48.4083
   -0.2015   -0.0420   -0.9786
    0.7406   -0.6604   -0.1242
   -0.6410   -0.7498    0.1642
...    41 C-G ...
  -76.3709  -77.7516   48.7766
    0.2234   -0.3566   -0.9072
    0.7360   -0.5484    0.3969
   -0.6390   -0.7564    0.1399
...    42 G-C ...
  -78.2185  -80.4559   49.3383
    0.6582   -0.5056   -0.5579
    0.4872   -0.2790    0.8275
   -0.5740   -0.8164    0.0627
...    43 A-T ...
  -80.1288  -83.0987   49.4148
    0.8445   -0.5354    0.0126
    0.0228    0.0594    0.9980
   -0.5351   -0.8425    0.0624
...    44 C-G ...
  -81.6895  -85.9671   49.0034
    0.7622   -0.3933    0.5142
   -0.4136    0.3152    0.8542
   -0.4980   -0.8637    0.0776
...    45 T-A ...
  -83.0032  -88.9877   49.0868
    0.4863   -0.1069    0.8672
   -0.7551    0.4480    0.4787
   -0.4397   -0.8876    0.1372
...    46 T-A ...
  -84.1718  -91.9767   49.4778
    0.0033    0.1813    0.9834
   -0.9028    0.4234   -0.0750
   -0.4299   -0.8876    0.1651
...    47 A-T ...
  -85.5306  -94.9026   50.2340
   -0.4517    0.4726    0.7567
   -0.7737    0.2149   -0.5961
   -0.4443   -0.8547    0.2685
...    48 C-G ...
  -86.5984  -97.6796   51.6546
   -0.7706    0.5408    0.3372
   -0.4455   -0.0788   -0.8918
   -0.4557   -0.8375    0.3016
...    49 T-A ...
  -88.1443 -100.2593   53.0128
   -0.8682    0.4594   -0.1877
   -0.0008   -0.3795   -0.9252
   -0.4963   -0.8031    0.3299
...    50 G-C ...
  -89.9266 -102.9349   53.8066
   -0.6802    0.2136   -0.7012
    0.4752   -0.5998   -0.6437
   -0.5581   -0.7711    0.3065
...    51 T-A ...
  -92.1757 -105.0521   55.0499
   -0.3296   -0.1233   -0.9360
    0.7599   -0.6230   -0.1855
   -0.5602   -0.7725    0.2990
...    52 A-T ...
  -93.8160 -107.7708   56.0913
    0.1974   -0.4802   -0.8546
    0.8124   -0.4078    0.4168
   -0.5487   -0.7766    0.3097
...    53 G-C ...
  -95.8422 -110.2675   56.8708
    0.6217   -0.5729   -0.5342
    0.6015   -0.0877    0.7940
   -0.5017   -0.8150    0.2901
...    54 G-C ...
  -97.6786 -113.0279   57.5229
    0.8922   -0.4469   -0.0647
    0.1853    0.2317    0.9550
   -0.4118   -0.8640    0.2896
...    55 T-A ...
  -98.9316 -116.0436   57.8709
    0.8865   -0.2182    0.4081
   -0.2885    0.4291    0.8560
   -0.3619   -0.8765    0.3174
...    56 A-T ...
  -99.6939 -119.1693   58.7504
    0.6679    0.1921    0.7191
   -0.7128    0.4433    0.5436
   -0.2143   -0.8756    0.4330
...    57 T-A ...
  -99.7686 -122.2079   59.9314
    0.2438    0.4160    0.8761
   -0.9506    0.2813    0.1310
   -0.1919   -0.8648    0.4641
...    58 C-G ...
 -100.2463 -124.9256   61.6365
   -0.3257    0.5507    0.7686
   -0.9298   -0.0391   -0.3660
   -0.1715   -0.8338    0.5247
...    59 T-A ...
 -100.5731 -127.4729   63.6907
   -0.7449    0.5022    0.4392
   -0.6425   -0.3627   -0.6750
   -0.1797   -0.7850    0.5929
...    60 C-G ...
 -101.2748 -129.8728   65.7960
   -0.9779    0.2055   -0.0396
   -0.0976   -0.6153   -0.7823
   -0.1851   -0.7611    0.6217
...    61 G-C ...
 -102.0532 -132.6400   67.4787
   -0.8535   -0.1379   -0.5025
    0.4570   -0.6614   -0.5947
   -0.2504   -0.7372    0.6275
...    62 A-T ...
 -102.9404 -134.9699   69.6234
   -0.4201   -0.5083   -0.7518
    0.8748   -0.4472   -0.1866
   -0.2413   -0.7360    0.6325
...    63 G-C ...
 -104.0373 -137.3098   71.7000
    0.1091   -0.6409   -0.7598
    0.9702   -0.0978    0.2219
   -0.2165   -0.7613    0.6111
...    64 C-G ...
 -105.1304 -139.7911   73.6038
    0.6233   -0.5561   -0.5497
    0.7635    0.2812    0.5813
   -0.1687   -0.7821    0.5999
...    65 T-A ...
 -105.7796 -142.5456   75.3019
    0.9355   -0.2690   -0.2292
    0.3430    0.5343    0.7726
   -0.0853   -0.8013    0.5921
...    66 T-A ...
 -106.0412 -145.2638   77.0157
    0.9756    0.1109    0.1895
   -0.2177    0.5991    0.7705
   -0.0281   -0.7930    0.6086
...    67 C-G ...
 -105.9657 -147.8589   78.9447
    0.6882    0.4978    0.5278
   -0.7238    0.4199    0.5476
    0.0509   -0.7589    0.6493
...    68 A-T ...
 -105.5446 -150.2785   81.2116
    0.1912    0.7616    0.6192
   -0.9695    0.0478    0.2405
    0.1535   -0.6463    0.7475
...    69 T-A ...
 -104.3648 -152.1891   83.5778
   -0.3121    0.7067    0.6349
   -0.9349   -0.3472   -0.0731
    0.1688   -0.6164    0.7691
...    70 G-C ...
 -104.1006 -154.0349   86.3239
   -0.7945    0.4447    0.4135
   -0.5902   -0.7260   -0.3529
    0.1433   -0.5245    0.8393
...    71 T-A ...
 -103.4571 -155.1837   89.3713
   -0.9856    0.0017    0.1691
   -0.0862   -0.8657   -0.4932
    0.1456   -0.5006    0.8533
...    72 T-A ...
 -102.9619 -156.4633   92.3350
   -0.8411   -0.5341   -0.0856
    0.4987   -0.7044   -0.5051
    0.2095   -0.4675    0.8588
...    73 A-T ...
 -101.6446 -158.1881   94.9539
   -0.2863   -0.9075   -0.3074
    0.9151   -0.1639   -0.3685
    0.2840   -0.3868    0.8774
...    74 T-A ...
 -101.3688 -159.4473   98.0082
    0.2266   -0.8733   -0.4314
    0.9259    0.3306   -0.1829
    0.3023   -0.3580    0.8834
...    75 A-T ...
 -100.2594 -160.5177  100.9552
    0.7060   -0.4939   -0.5076
    0.6082    0.7900    0.0772
    0.3629   -0.3633    0.8581
...    76 A-T ...
  -99.1413 -161.8943  103.6515
    0.9055    0.0383   -0.4227
    0.1142    0.9372    0.3296
    0.4087   -0.3467    0.8442
...    77 C-G ...
  -97.6967 -163.5308  106.0518
    0.8046    0.5295   -0.2688
   -0.3518    0.7897    0.5026
    0.4785   -0.3098    0.8216
...    78 G-C ...
  -95.9495 -164.2126  108.7959
    0.3958    0.9088   -0.1321
   -0.6851    0.3880    0.6165
    0.6115   -0.1535    0.7762
...    79 G-C ...
  -93.4464 -164.3475  111.0444
   -0.0968    0.9897    0.1055
   -0.7425   -0.1424    0.6546
    0.6629   -0.0150    0.7486
...    80 A-T ...
  -91.2371 -164.0614  113.4334
   -0.5362    0.7278    0.4276
   -0.5119   -0.6832    0.5209
    0.6712    0.0604    0.7388
...    81 C-G ...
  -88.8781 -163.1981  115.6089
   -0.7313    0.2669    0.6277
   -0.1302   -0.9580    0.2556
    0.6695    0.1052    0.7353
...    82 G-C ...
  -86.8716 -163.2104  118.2810
   -0.6962   -0.3295    0.6377
    0.3559   -0.9300   -0.0919
    0.6234    0.1629    0.7648
...    83 G-C ...
  -84.9581 -162.4511  120.9643
   -0.3939   -0.7941    0.4629
    0.6922   -0.5876   -0.4191
    0.6048    0.1553    0.7811
...    84 G-C ...
  -83.0650 -161.7357  123.6732
    0.0360   -0.9915    0.1253
    0.7834   -0.0499   -0.6196
    0.6205    0.1205    0.7749
...    85 A-T ...
  -81.1270 -161.1559  126.2600
    0.4819   -0.8313   -0.2768
    0.5857    0.5406   -0.6039
    0.6517    0.1289    0.7474
...    86 T-A ...
  -79.3163 -161.2112  129.0032
    0.7033   -0.4485   -0.5516
    0.2496    0.8823   -0.3990
    0.6656    0.1429    0.7325
...    87 C-G ...
  -77.1648 -160.7981  131.4185
    0.6633    0.1263   -0.7376
   -0.2089    0.9777   -0.0204
    0.7186    0.1677    0.6749
...    88 C-G ...
  -74.5467 -160.5454  133.5102
    0.3464    0.5846   -0.7337
   -0.5108    0.7735    0.3752
    0.7869    0.2448    0.5665
...    89 G-C ...
  -71.9432 -159.3345  135.2038
   -0.1265    0.8432   -0.5225
   -0.5597    0.3742    0.7394
    0.8190    0.3859    0.4246
...    90 C-G ...
  -69.0989 -157.8881  135.9946
   -0.4629    0.8828   -0.0805
   -0.3628   -0.1058    0.9258
    0.8088    0.4578    0.3693
...    91 T-A ...
  -66.4770 -156.0594  136.8175
   -0.6353    0.6674    0.3885
   -0.0119   -0.5115    0.8592
    0.7722    0.5412    0.3329
...    92 T-A ...
  -64.0321 -154.0688  137.6201
   -0.5021    0.2736    0.8204
    0.3696   -0.7898    0.4896
    0.7819    0.5490    0.2954
...    93 T-A ...
  -61.6485 -151.9760  138.3937
   -0.1456   -0.1995    0.9690
    0.5920   -0.8023   -0.0763
    0.7927    0.5625    0.2350
...    94 A-T ...
  -58.6285 -150.4357  138.7285
    0.3522   -0.6213    0.6999
    0.5126   -0.4977   -0.6997
    0.7831    0.6052    0.1432
...    95 A-T ...
  -56.2489 -148.3107  139.4034
    0.6176   -0.7675    0.1718
    0.1873   -0.0687   -0.9799
    0.7639    0.6373    0.1013
...    96 C-G ...
  -53.7806 -146.2991  140.3044
    0.6040   -0.7074   -0.3671
   -0.1769    0.3302   -0.9272
    0.7771    0.6250    0.0743
...    97 A-T ...
  -51.2595 -144.1254  140.3721
    0.3002   -0.4792   -0.8248
   -0.4836    0.6689   -0.5646
    0.8222    0.5684   -0.0309
...    98 C-G ...
  -48.2770 -142.7995  140.3853
   -0.0399   -0.1099   -0.9931
   -0.5655    0.8219   -0.0682
    0.8238    0.5589   -0.0949
...    99 T-A ...
  -45.4431 -141.2520  139.7737
   -0.4081    0.2599   -0.8752
   -0.4418    0.7826    0.4385
    0.7989    0.5656   -0.2046
...   100 T-A ...
  -42.8471 -139.5690  138.8614
   -0.6231    0.6162   -0.4818
   -0.1284    0.5271    0.8401
    0.7716    0.5853   -0.2493
...   101 T-A ...
  -40.4259 -137.7360  137.7491
   -0.6094    0.7899    0.0687
    0.2571    0.1149    0.9595
    0.7500    0.6024   -0.2731
...   102 A-T ...
  -38.0717 -135.5762  136.8160
   -0.3918    0.6772    0.6228
    0.5961   -0.3288    0.7325
    0.7008    0.6582   -0.2749
...   103 T-A ...
  -36.2946 -133.1103  135.5141
   -0.0253    0.4287    0.9031
    0.7181   -0.6207    0.3148
    0.6955    0.6564   -0.2921
...   104 G-C ...
  -33.8233 -131.0621  134.7050
    0.3541   -0.0423    0.9342
    0.6216   -0.7357   -0.2690
    0.6987    0.6760   -0.2342
...   105 C-G ...
  -31.7236 -128.5534  134.1216
    0.6203   -0.4533    0.6402
    0.3270   -0.5924   -0.7363
    0.7130    0.6660   -0.2193
...   106 T-A ...
  -29.3730 -126.2577  133.6984
    0.6695   -0.7238    0.1670
   -0.0481   -0.2667   -0.9626
    0.7412    0.6365   -0.2134
...   107 T-A ...
  -26.9516 -124.1388  133.2689
    0.5272   -0.7457   -0.4073
   -0.4317    0.1778   -0.8843
    0.7319    0.6421   -0.2282
...   108 C-G ...
  -24.5045 -122.0925  132.5655
    0.1429   -0.5377   -0.8310
   -0.6600    0.5739   -0.4848
    0.7375    0.6177   -0.2729
...   109 C-G ...
  -21.8059 -120.3298  131.6022
   -0.3081   -0.2215   -0.9252
   -0.6246    0.7806    0.0211
    0.7176    0.5844   -0.3789
...   110 G-C ...
  -19.6944 -118.1943  130.1596
   -0.6959    0.1449   -0.7033
   -0.3323    0.8033    0.4943
    0.6366    0.5777   -0.5109
...   111 G-C ...
  -17.7372 -116.4975  127.9900
   -0.8280    0.4850   -0.2816
    0.1108    0.6337    0.7656
    0.5497    0.6027   -0.5784
...   112 C-G ...
  -16.2544 -114.6588  125.6781
   -0.6669    0.7171    0.2025
    0.5541    0.2954    0.7783
    0.4983    0.6312   -0.5944
...   113 T-A ...
  -14.9889 -112.5134  123.4958
   -0.3085    0.7302    0.6096
    0.8389   -0.0933    0.5363
    0.4484    0.6768   -0.5838
...   114 C-G ...
  -13.6702 -110.1813  121.6079
    0.2305    0.5251    0.8192
    0.8698   -0.4887    0.0685
    0.4363    0.6967   -0.5694
...   115 G-C ...
  -11.8747 -108.0502  119.7721
    0.6366    0.1027    0.7643
    0.6086   -0.6756   -0.4161
    0.4737    0.7300   -0.4926
...   116 T-A ...
  -10.6009 -105.2432  118.5330
    0.8515   -0.2774    0.4450
    0.1879   -0.6309   -0.7528
    0.4896    0.7246   -0.4850
...   117 A-T ...
   -8.9993 -102.9691  116.6809
    0.7815   -0.6178   -0.0874
   -0.3639   -0.3375   -0.8682
    0.5069    0.7102   -0.4885
...   118 T-A ...
   -6.9905 -100.5718  115.6566
    0.4910   -0.7059   -0.5106
   -0.7099    0.0155   -0.7041
    0.5049    0.7082   -0.4935
...   119 A-T ...
   -5.3636  -98.2740  113.8840
   -0.0469   -0.6118   -0.7896
   -0.8568    0.4309   -0.2830
    0.5134    0.6633   -0.5444
...   120 A-T ...
   -3.5026  -96.3199  112.0896
   -0.5254   -0.2744   -0.8054
   -0.6834    0.6999    0.2074
    0.5068    0.6594   -0.5553
...   121 T-A ...
   -1.5435  -94.7185  109.9944
   -0.8032    0.1023   -0.5869
   -0.3290    0.7451    0.5801
    0.4966    0.6591   -0.5648
...   122 G-C ...
   -0.1533  -92.4175  108.0245
   -0.9022    0.4194   -0.1005
    0.1852    0.5872    0.7879
    0.3894    0.6923   -0.6075
...   123 T-A ...
    0.7766  -90.4341  105.5484
   -0.6919    0.6358    0.3421
    0.6270    0.2941    0.7213
    0.3580    0.7136   -0.6022
...   124 G-C ...
    1.8844  -87.8854  103.7155
   -0.2605    0.6122    0.7466
    0.9177   -0.0832    0.3884
    0.2998    0.7863   -0.5402
...   125 T-A ...
    2.2393  -85.1616  101.8692
    0.2421    0.4562    0.8563
    0.9230   -0.3803   -0.0584
    0.2990    0.8045   -0.5132
...   126 C-G ...
    3.1515  -82.4401  100.2982
    0.7245    0.1237    0.6781
    0.6144   -0.5619   -0.5539
    0.3124    0.8179   -0.4831
...   127 G-C ...
    4.4878  -79.9481   98.5212
    0.9069   -0.2911    0.3047
    0.1245   -0.5057   -0.8537
    0.4026    0.8121   -0.4223
...   128 A-T ...
    5.8494  -77.2593   97.2414
    0.7970   -0.5540   -0.2404
   -0.4249   -0.2315   -0.8752
    0.4292    0.7997   -0.4199
...   129 C-G ...
    7.6808  -74.6496   96.3407
    0.4504   -0.6109   -0.6511
   -0.7727    0.0986   -0.6270
    0.4473    0.7855   -0.4277
...   130 C-G ...
    9.4989  -72.2028   94.9030
   -0.0721   -0.5179   -0.8524
   -0.8836    0.4295   -0.1862
    0.4626    0.7398   -0.4886
...   131 A-T ...
   10.8613  -69.6987   93.1979
   -0.5988   -0.2489   -0.7612
   -0.6773    0.6647    0.3154
    0.4275    0.7044   -0.5666
...   132 A-T ...
   12.3668  -67.6294   91.1970
   -0.8751    0.1724   -0.4521
   -0.2240    0.6839    0.6944
    0.4289    0.7089   -0.5598
...   133 A-T ...
   13.7206  -65.5039   89.1517
   -0.8521    0.5230    0.0196
    0.3042    0.4643    0.8318
    0.4259    0.7148   -0.5547
...   134 T-A ...
   14.7283  -63.4123   86.8245
   -0.5924    0.6746    0.4405
    0.6886    0.1400    0.7115
    0.4183    0.7248   -0.5474
...   135 G-C ...
   15.7212  -61.4789   83.9377
    0.0342    0.7399    0.6718
    0.8637   -0.3601    0.3526
    0.5028    0.5682   -0.6514
...   136 T-A ...
   15.7740  -59.5465   80.8036
    0.5516    0.4996    0.6680
    0.6739   -0.7388   -0.0038
    0.4916    0.4523   -0.7442
...   137 G-C ...
   16.8281  -57.7076   78.2738
    0.8528   -0.0847    0.5152
    0.1508   -0.9047   -0.3984
    0.4999    0.4175   -0.7588
...   138 A-T ...
   18.4176  -55.5142   76.5362
    0.8547   -0.5007    0.1370
   -0.3189   -0.7148   -0.6224
    0.4096    0.4883   -0.7706
...   139 G-C ...
   20.4153  -54.2946   74.5496
    0.5847   -0.7389   -0.3350
   -0.7594   -0.3532   -0.5465
    0.2854    0.5739   -0.7676
...   140 C-G ...
   21.4164  -51.8108   72.7950
    0.1305   -0.7142   -0.6876
   -0.8897    0.2217   -0.3991
    0.4375    0.6639   -0.6065
...   141 G-C ...
   22.1407  -50.1331   67.4725
   -0.4682   -0.8748    0.1248
   -0.8495    0.4067   -0.3362
    0.2434   -0.2634   -0.9335
...   142 C-G ...
   22.3378  -51.2253   64.5019
   -0.8529   -0.5117   -0.1032
   -0.4974    0.8566   -0.1372
    0.1587   -0.0657   -0.9851
...   143 T-A ...
   24.0060  -51.6202   61.9332
   -0.9563    0.0399   -0.2897
    0.0522    0.9980   -0.0348
    0.2877   -0.0484   -0.9565
...   144 C-G ...
   24.8857  -52.7207   58.9948
   -0.7530    0.5560   -0.3520
    0.5213    0.8304    0.1966
    0.4016   -0.0355   -0.9151
...   145 A-T ...
   25.5174  -52.9610   55.8127
   -0.2441    0.9563   -0.1609
    0.8907    0.2867    0.3528
    0.3835   -0.0571   -0.9218
...   146 C-G ...
   25.2677  -52.4925   52.0871
    0.3203    0.9428   -0.0928
    0.8825   -0.2613    0.3910
    0.3444   -0.2071   -0.9157
...   147 A-T ...
   25.6133  -52.5733   48.6479
    0.8597    0.5097    0.0339
    0.4498   -0.7866    0.4230
    0.2423   -0.3484   -0.9055
