  147 base-pairs
...     1 T-A ...
    0.0000    0.0000    0.0000
    1.0000    0.0000    0.0000
    0.0000    1.0000    0.0000
    0.0000    0.0000    1.0000
...     2 G-C ...
   -0.5555   -1.1003    3.3981
    0.7749    0.6051    0.1828
   -0.5991    0.7953   -0.0929
   -0.2016   -0.0375    0.9787
...     3 T-A ...
   -0.6619   -3.0237    6.5348
    0.3046    0.9250    0.2271
   -0.8994    0.3578   -0.2510
   -0.3134   -0.1278    0.9410
...     4 G-C ...
   -1.1607   -3.8418    9.6940
   -0.3351    0.9421    0.0133
   -0.8752   -0.3061   -0.3746
   -0.3489   -0.1372    0.9271
...     5 A-T ...
   -1.3881   -3.6770   12.8999
   -0.7835    0.6162   -0.0801
   -0.5677   -0.7622   -0.3109
   -0.2527   -0.1981    0.9470
...     6 G-C ...
   -2.6236   -3.5448   15.7072
   -0.9923    0.0611   -0.1075
   -0.0294   -0.9610   -0.2748
   -0.1201   -0.2695    0.9555
...     7 C-G ...
   -2.3138   -3.7570   18.8866
   -0.8620   -0.4995   -0.0864
    0.5008   -0.8655    0.0073
   -0.0785   -0.0370    0.9962
...     8 G-C ...
   -3.9561   -6.8109   23.3205
   -0.2581   -0.3560   -0.8981
    0.6294   -0.7673    0.1233
   -0.7330   -0.5335    0.4221
...     9 C-G ...
   -6.1177   -8.9414   24.2385
    0.1143   -0.7320   -0.6716
    0.8123   -0.3203    0.4874
   -0.5720   -0.6013    0.5580
...    10 T-A ...
   -8.5041   -9.6771   26.0540
    0.4660   -0.8587   -0.2131
    0.6274    0.1508    0.7640
   -0.6239   -0.4897    0.6090
...    11 C-G ...
  -11.0625  -11.3174   27.2336
    0.6660   -0.6911    0.2808
    0.3382    0.6152    0.7121
   -0.6649   -0.3794    0.6435
...    12 A-T ...
  -13.0013  -13.1789   29.0658
    0.7188   -0.1490    0.6790
   -0.1787    0.9043    0.3876
   -0.6718   -0.4000    0.6235
...    13 C-G ...
  -14.1788  -15.9359   31.3399
    0.4052    0.2865    0.8682
   -0.5270    0.8492   -0.0343
   -0.7470   -0.4437    0.4951
...    14 A-T ...
  -15.9532  -18.1566   33.3080
   -0.1503    0.6873    0.7107
   -0.6106    0.5008   -0.6135
   -0.7776   -0.5261    0.3444
...    15 A-T ...
  -18.2943  -19.9902   34.6320
   -0.4951    0.8345    0.2419
   -0.3996    0.0285   -0.9162
   -0.7715   -0.5503    0.3194
...    16 T-A ...
  -20.5992  -21.6575   36.2978
   -0.6315    0.7331   -0.2526
   -0.0861   -0.3901   -0.9168
   -0.7706   -0.5572    0.3094
...    17 T-A ...
  -23.0979  -23.3290   37.5095
   -0.5611    0.3934   -0.7283
    0.2942   -0.7276   -0.6197
   -0.7737   -0.5620    0.2925
...    18 T-A ...
  -25.7107  -24.9431   38.5267
   -0.2790   -0.0627   -0.9582
    0.5602   -0.8211   -0.1094
   -0.7799   -0.5674    0.2642
...    19 A-T ...
  -28.4429  -26.7415   39.1260
    0.1772   -0.4240   -0.8882
    0.5943   -0.6732    0.4400
   -0.7845   -0.6058    0.1327
...    20 T-A ...
  -31.2987  -28.3447   39.0544
    0.4675   -0.6869   -0.5564
    0.4212   -0.3802    0.8234
   -0.7772   -0.6193    0.1116
...    21 T-A ...
  -33.8625  -30.3222   39.1184
    0.6377   -0.7702   -0.0061
    0.0787    0.0573    0.9952
   -0.7662   -0.6352    0.0972
...    22 C-G ...
  -36.2380  -32.5582   39.3176
    0.5921   -0.5725    0.5671
   -0.3262    0.4731    0.8184
   -0.7368   -0.6696    0.0934
...    23 G-C ...
  -38.6954  -34.7096   39.9986
    0.3813   -0.1488    0.9124
   -0.6367    0.6733    0.3759
   -0.6703   -0.7242    0.1620
...    24 C-G ...
  -40.5627  -37.3956   40.5505
   -0.0044    0.2659    0.9640
   -0.7535    0.6329   -0.1780
   -0.6575   -0.7271    0.1976
...    25 A-T ...
  -42.8995  -39.6765   41.1506
   -0.3832    0.6330    0.6727
   -0.6334    0.3500   -0.6902
   -0.6723   -0.6905    0.2668
...    26 A-T ...
  -44.9218  -41.9712   42.2511
   -0.6874    0.7077    0.1634
   -0.2952   -0.0667   -0.9531
   -0.6636   -0.7034    0.2548
...    27 A-T ...
  -47.0449  -44.1752   43.3374
   -0.7386    0.5388   -0.4052
    0.1543   -0.4500   -0.8796
   -0.6562   -0.7122    0.2492
...    28 G-C ...
  -49.3634  -46.3099   44.3314
   -0.5039    0.2714   -0.8200
    0.5174   -0.6654   -0.5382
   -0.6917   -0.6954    0.1949
...    29 G-C ...
  -51.9408  -48.3891   44.9486
   -0.0831   -0.0633   -0.9945
    0.6945   -0.7194   -0.0123
   -0.7147   -0.6917    0.1037
...    30 C-G ...
  -54.5850  -50.3661   45.0630
    0.3428   -0.4015   -0.8493
    0.6213   -0.5813    0.5255
   -0.7046   -0.7078    0.0502
...    31 C-G ...
  -57.0498  -52.6629   44.8033
    0.6856   -0.5794   -0.4408
    0.3249   -0.2983    0.8975
   -0.6515   -0.7585   -0.0163
...    32 G-C ...
  -58.9986  -55.3664   44.9606
    0.8260   -0.5498    0.1240
   -0.1273    0.0324    0.9913
   -0.5491   -0.8346   -0.0432
...    33 G-C ...
  -60.5618  -58.3304   44.4998
    0.6762   -0.3711    0.6364
   -0.5651    0.2929    0.7712
   -0.4726   -0.8812   -0.0116
...    34 C-G ...
  -61.7227  -61.4210   44.2650
    0.2857   -0.1120    0.9518
   -0.8497    0.4297    0.3056
   -0.4432   -0.8960    0.0276
...    35 C-G ...
  -62.8752  -64.5834   44.4959
   -0.1807    0.2097    0.9609
   -0.8832    0.3953   -0.2524
   -0.4327   -0.8943    0.1137
...    36 C-G ...
  -64.1192  -67.6393   45.1779
   -0.5944    0.4583    0.6608
   -0.6588    0.1936   -0.7270
   -0.4611   -0.8675    0.1869
...    37 G-C ...
  -65.9698  -70.4007   45.5334
   -0.8127    0.5694    0.1239
   -0.2349   -0.1254   -0.9639
   -0.5333   -0.8124    0.2357
...    38 A-T ...
  -67.7431  -73.0158   46.4047
   -0.7826    0.4066   -0.4714
    0.2826   -0.4427   -0.8510
   -0.5547   -0.7992    0.2316
...    39 C-G ...
  -69.9003  -75.2599   47.5517
   -0.5087    0.1322   -0.8507
    0.6450   -0.5960   -0.4783
   -0.5703   -0.7920    0.2179
...    40 A-T ...
  -71.6786  -78.0050   48.1368
   -0.0013   -0.1604   -0.9870
    0.8067   -0.5834    0.0938
   -0.5909   -0.7962    0.1302
...    41 C-G ...
  -74.0835  -80.2837   48.2690
    0.4341   -0.4184   -0.7978
    0.6875   -0.4185    0.5935
   -0.5822   -0.8061    0.1060
...    42 G-C ...
  -75.7589  -83.1229   48.7924
    0.8053   -0.4789   -0.3495
    0.3264   -0.1341    0.9357
   -0.4949   -0.8676    0.0483
...    43 A-T ...
  -77.3769  -85.9617   48.8226
    0.8685   -0.4261    0.2531
   -0.2010    0.1638    0.9658
   -0.4530   -0.8897    0.0566
...    44 C-G ...
  -78.5315  -89.0285   48.4613
    0.6607   -0.2418    0.7106
   -0.6242    0.3488    0.6991
   -0.4169   -0.9055    0.0795
...    45 T-A ...
  -79.5411  -92.1669   48.6544
    0.2748    0.0448    0.9604
   -0.8877    0.3956    0.2356
   -0.3694   -0.9173    0.1485
...    46 T-A ...
  -80.4747  -95.2266   49.1520
   -0.2612    0.2753    0.9252
   -0.8939    0.2927   -0.3395
   -0.3642   -0.9157    0.1697
...    47 A-T ...
  -81.7895  -98.2137   49.7962
   -0.7055    0.4545    0.5438
   -0.5910    0.0462   -0.8053
   -0.3911   -0.8896    0.2360
...    48 C-G ...
  -82.8659 -101.0185   51.1881
   -0.9009    0.4320    0.0407
   -0.1474   -0.2166   -0.9651
   -0.4081   -0.8755    0.2589
...    49 T-A ...
  -84.3826 -103.7264   52.3430
   -0.8261    0.2877   -0.4846
    0.3354   -0.4401   -0.8330
   -0.4529   -0.8506    0.2671
...    50 G-C ...
  -85.8888 -106.6296   52.9110
   -0.4517    0.0347   -0.8915
    0.7375   -0.5477   -0.3950
   -0.5020   -0.8359    0.2218
...    51 T-A ...
  -88.0661 -109.0328   53.6900
    0.0085   -0.2485   -0.9686
    0.8671   -0.4806    0.1309
   -0.4980   -0.8410    0.2114
...    52 A-T ...
  -89.5269 -111.9316   54.5073
    0.5407   -0.4812   -0.6900
    0.6889   -0.2174    0.6915
   -0.4827   -0.8492    0.2139
...    53 G-C ...
  -91.2455 -114.7349   54.9111
    0.8525   -0.4633   -0.2421
    0.3110    0.0773    0.9472
   -0.4202   -0.8828    0.2100
...    54 G-C ...
  -92.6605 -117.7841   55.2697
    0.9271   -0.2547    0.2750
   -0.1910    0.3102    0.9313
   -0.3225   -0.9159    0.2389
...    55 T-A ...
  -93.3821 -120.9777   55.5429
    0.7176   -0.0069    0.6964
   -0.6378    0.3951    0.6611
   -0.2797   -0.9186    0.2791
...    56 A-T ...
  -93.9155 -124.1158   56.5248
    0.3061    0.3508    0.8850
   -0.9329    0.2960    0.2054
   -0.1899   -0.8884    0.4179
...    57 T-A ...
  -93.8466 -127.0738   57.9130
   -0.1898    0.4769    0.8582
   -0.9651    0.0700   -0.2524
   -0.1805   -0.8762    0.4469
...    58 C-G ...
  -94.4034 -129.8088   59.5932
   -0.7035    0.4670    0.5357
   -0.6870   -0.2537   -0.6810
   -0.1821   -0.8471    0.4993
...    59 T-A ...
  -94.9631 -132.3727   61.5992
   -0.9498    0.3037    0.0751
   -0.2272   -0.5048   -0.8328
   -0.2150   -0.8080    0.5485
...    60 C-G ...
  -95.8357 -134.9093   63.4913
   -0.9007   -0.0536   -0.4311
    0.3719   -0.6082   -0.7013
   -0.2246   -0.7920    0.5677
...    61 G-C ...
  -96.4380 -137.8214   65.0195
   -0.5161   -0.3522   -0.7807
    0.8112   -0.4936   -0.3135
   -0.2750   -0.7951    0.5405
...    62 A-T ...
  -97.4306 -140.3597   66.8676
    0.0680   -0.5780   -0.8132
    0.9629   -0.1753    0.2052
   -0.2612   -0.7970    0.5447
...    63 G-C ...
  -98.5640 -142.9993   68.5306
    0.5784   -0.5441   -0.6078
    0.7873    0.1772    0.5906
   -0.2137   -0.8201    0.5309
...    64 C-G ...
  -99.5719 -145.7879   70.0126
    0.9227   -0.3142   -0.2234
    0.3540    0.4611    0.8137
   -0.1527   -0.8299    0.5367
...    65 T-A ...
  -99.9860 -148.7081   71.4973
    0.9840    0.0456    0.1724
   -0.1682    0.5588    0.8121
   -0.0593   -0.8281    0.5575
...    66 C-G ...
 -100.0713 -151.4383   73.2568
    0.7179    0.4239    0.5522
   -0.6961    0.4269    0.5772
    0.0090   -0.7988    0.6016
...    67 G-C ...
 -100.0301 -153.8601   75.5429
    0.2328    0.7198    0.6539
   -0.9662    0.0947    0.2397
    0.1107   -0.6876    0.7176
...    68 G-C ...
  -99.2160 -155.8173   78.1551
   -0.3217    0.7365    0.5950
   -0.9365   -0.3401   -0.0853
    0.1395   -0.5847    0.7992
...    69 G-C ...
  -98.6227 -157.2535   81.1501
   -0.7823    0.4882    0.3868
   -0.6110   -0.7225   -0.3237
    0.1214   -0.4895    0.8635
...    70 A-T ...
  -98.3258 -158.6632   84.1094
   -0.9927   -0.0321    0.1165
   -0.0243   -0.8914   -0.4527
    0.1183   -0.4522    0.8840
...    71 T-A ...
  -98.0812 -159.5040   87.3126
   -0.8583   -0.5034   -0.0994
    0.4908   -0.7489   -0.4453
    0.1497   -0.4310    0.8899
...    72 C-G ...
  -97.7102 -160.8660   90.2952
   -0.3882   -0.8618   -0.3265
    0.9074   -0.2955   -0.2989
    0.1611   -0.4123    0.8967
...    73 T-A ...
  -97.4828 -162.2714   93.3058
    0.1545   -0.8789   -0.4514
    0.9717    0.2179   -0.0917
    0.1789   -0.4244    0.8876
...    74 C-G ...
  -97.0167 -163.6177   96.2753
    0.6942   -0.5698   -0.4397
    0.6856    0.7095    0.1631
    0.2190   -0.4147    0.8832
...    75 A-T ...
  -96.2416 -164.8507   99.2710
    0.9223   -0.0243   -0.3857
    0.1794    0.9110    0.3715
    0.3423   -0.4118    0.8445
...    76 T-A ...
  -95.0626 -166.7322  101.6578
    0.8755    0.4433   -0.1924
   -0.2976    0.8083    0.5081
    0.3807   -0.3876    0.8395
...    77 G-C ...
  -93.4801 -167.8676  104.3846
    0.5057    0.8611   -0.0523
   -0.6984    0.4442    0.5612
    0.5065   -0.2472    0.8260
...    78 T-A ...
  -91.2990 -168.6353  106.6589
    0.0466    0.9842    0.1706
   -0.8435   -0.0527    0.5346
    0.5352   -0.1688    0.8277
...    79 T-A ...
  -89.3691 -168.9848  109.2151
   -0.4475    0.8020    0.3957
   -0.7112   -0.5874    0.3863
    0.5422   -0.1085    0.8332
...    80 A-T ...
  -87.6828 -169.1052  112.0738
   -0.8094    0.3293    0.4863
   -0.2930   -0.9440    0.1516
    0.5090   -0.0197    0.8605
...    81 T-A ...
  -85.9804 -168.4395  114.8287
   -0.8341   -0.1960    0.5156
    0.1670   -0.9806   -0.1026
    0.5258    0.0005    0.8506
...    82 A-T ...
  -83.8856 -168.8713  117.4683
   -0.4692   -0.7833    0.4078
    0.6622   -0.6176   -0.4244
    0.5843    0.0709    0.8084
...    83 A-T ...
  -82.2305 -168.4157  120.2506
    0.0463   -0.9887    0.1425
    0.7927   -0.0504   -0.6075
    0.6078    0.1410    0.7815
...    84 C-G ...
  -80.6868 -168.0488  123.1848
    0.4538   -0.8686   -0.1988
    0.6373    0.4723   -0.6089
    0.6228    0.1496    0.7680
...    85 G-C ...
  -78.4900 -167.0977  125.5096
    0.6500   -0.4824   -0.5871
    0.2513    0.8656   -0.4331
    0.7172    0.1340    0.6839
...    86 G-C ...
  -76.1502 -166.9072  127.9163
    0.5942    0.0247   -0.8039
   -0.1408    0.9873   -0.0737
    0.7919    0.1570    0.5901
...    87 A-T ...
  -73.5533 -166.4722  129.7874
    0.3401    0.5529   -0.7607
   -0.4469    0.8068    0.3865
    0.8274    0.2085    0.5215
...    88 C-G ...
  -70.5614 -166.1300  130.9869
    0.0079    0.8607   -0.5091
   -0.5368    0.4332    0.7240
    0.8437    0.2676    0.4654
...    89 G-C ...
  -67.9064 -164.7785  132.4494
   -0.4165    0.8994   -0.1331
   -0.3894   -0.0442    0.9200
    0.8215    0.4350    0.3686
...    90 C-G ...
  -65.2603 -162.9594  133.1575
   -0.6066    0.7135    0.3506
   -0.0651   -0.4841    0.8726
    0.7923    0.5065    0.3401
...    91 T-A ...
  -62.8285 -160.9048  134.0244
   -0.5900    0.3373    0.7336
    0.3072   -0.7464    0.5903
    0.7467    0.5736    0.3367
...    92 T-A ...
  -60.5597 -158.7451  134.9181
   -0.2740   -0.1194    0.9543
    0.5957   -0.8001    0.0709
    0.7551    0.5879    0.2903
...    93 T-A ...
  -58.3447 -156.5212  135.8148
    0.1653   -0.5189    0.8387
    0.6368   -0.5932   -0.4926
    0.7531    0.6155    0.2324
...    94 A-T ...
  -55.6154 -154.5565  136.0691
    0.5762   -0.7387    0.3498
    0.3595   -0.1552   -0.9201
    0.7340    0.6560    0.1761
...    95 A-T ...
  -53.3290 -152.4023  136.9065
    0.6937   -0.6826   -0.2301
   -0.0540    0.2692   -0.9616
    0.7183    0.6794    0.1499
...    96 C-G ...
  -50.8567 -150.4696  137.8843
    0.5379   -0.4767   -0.6953
   -0.4117    0.5712   -0.7101
    0.7356    0.6682    0.1110
...    97 A-T ...
  -48.4233 -148.2131  138.1311
    0.1181   -0.1878   -0.9751
   -0.6263    0.7479   -0.2199
    0.7706    0.6367   -0.0292
...    98 C-G ...
  -45.5683 -146.6674  137.8907
   -0.2635    0.1673   -0.9501
   -0.5910    0.7504    0.2960
    0.7625    0.6394   -0.0988
...    99 T-A ...
  -42.9902 -144.7776  137.1496
   -0.6009    0.4509   -0.6601
   -0.3490    0.5949    0.7241
    0.7192    0.6654   -0.2001
...   100 T-A ...
  -40.6888 -142.7227  136.2009
   -0.7213    0.6758   -0.1519
    0.0525    0.2721    0.9608
    0.6906    0.6851   -0.2317
...   101 T-A ...
  -38.5781 -140.5128  135.1304
   -0.5796    0.7073    0.4047
    0.4576   -0.1284    0.8798
    0.6743    0.6951   -0.2493
...   102 A-T ...
  -36.4034 -138.1228  134.3613
   -0.2294    0.4807    0.8463
    0.7331   -0.4867    0.4751
    0.6403    0.7294   -0.2407
...   103 T-A ...
  -34.8869 -135.3546  133.3719
    0.1830    0.1855    0.9654
    0.7509   -0.6602   -0.0155
    0.6345    0.7278   -0.2601
...   104 G-C ...
  -32.6031 -133.1102  132.5688
    0.5375   -0.2648    0.8006
    0.5268   -0.6359   -0.5640
    0.6585    0.7249   -0.2023
...   105 C-G ...
  -30.5996 -130.5049  132.1801
    0.7162   -0.5880    0.3760
    0.1505   -0.3959   -0.9059
    0.6815    0.7054   -0.1951
...   106 T-A ...
  -28.2800 -128.1797  131.8539
    0.6547   -0.7441   -0.1329
   -0.2404   -0.0382   -0.9699
    0.7166    0.6670   -0.2038
...   107 T-A ...
  -25.8731 -126.0510  131.4450
    0.4034   -0.6478   -0.6463
   -0.5728    0.3720   -0.7304
    0.7136    0.6648   -0.2209
...   108 C-G ...
  -23.4684 -123.9816  130.7229
   -0.0353   -0.3598   -0.9324
   -0.6984    0.6762   -0.2346
    0.7149    0.6428   -0.2752
...   109 C-G ...
  -20.8617 -122.1713  129.6133
   -0.4719   -0.0299   -0.8811
   -0.5628    0.7795    0.2750
    0.6786    0.6257   -0.3847
...   110 G-C ...
  -18.9098 -119.8932  128.1965
   -0.7906    0.2934   -0.5375
   -0.1951    0.7113    0.6753
    0.5804    0.6387   -0.5051
...   111 G-C ...
  -17.2344 -117.9185  126.0267
   -0.8292    0.5562   -0.0554
    0.2712    0.4869    0.8303
    0.4888    0.6734   -0.5546
...   112 C-G ...
  -16.0097 -115.7719  123.8390
   -0.5799    0.6976    0.4208
    0.6855    0.1386    0.7148
    0.4403    0.7029   -0.5586
...   113 T-A ...
  -14.9557 -113.3563  121.8429
   -0.1666    0.6336    0.7555
    0.9014   -0.2128    0.3772
    0.3997    0.7438   -0.5357
...   114 C-G ...
  -13.7859 -110.8201  120.1374
    0.3790    0.3797    0.8439
    0.8372   -0.5293   -0.1378
    0.3944    0.7587   -0.5184
...   115 G-C ...
  -12.1506 -108.5292  118.3694
    0.7388   -0.0426    0.6726
    0.5011   -0.6326   -0.5906
    0.4506    0.7733   -0.4460
...   116 T-A ...
  -10.8715 -105.6402  117.3749
    0.8810   -0.3787    0.2837
    0.0493   -0.5229   -0.8510
    0.4706    0.7637   -0.4420
...   117 A-T ...
   -9.3076 -103.1884  115.7712
    0.7227   -0.6472   -0.2425
   -0.4697   -0.2026   -0.8593
    0.5070    0.7349   -0.4504
...   118 T-A ...
   -7.2356 -100.8174  114.8355
    0.3899   -0.6685   -0.6333
   -0.7683    0.1430   -0.6239
    0.5076    0.7298   -0.4579
...   119 A-T ...
   -5.4907  -98.5174  113.2086
   -0.1515   -0.5385   -0.8289
   -0.8449    0.5058   -0.1742
    0.5131    0.6740   -0.5315
...   120 A-T ...
   -3.6411  -96.5553  111.4168
   -0.6013   -0.1814   -0.7781
   -0.6192    0.7213    0.3103
    0.5050    0.6684   -0.5461
...   121 T-A ...
   -1.7446  -94.9259  109.2904
   -0.8360    0.1882   -0.5154
   -0.2399    0.7195    0.6517
    0.4935    0.6685   -0.5564
...   122 G-C ...
   -0.3728  -92.5993  107.3514
   -0.8834    0.4686   -0.0104
    0.2692    0.5254    0.8072
    0.3837    0.7102   -0.5902
...   123 T-A ...
    0.4989  -90.5201  104.9411
   -0.6370    0.6444    0.4230
    0.6849    0.2213    0.6943
    0.3538    0.7319   -0.5823
...   124 G-C ...
    1.5949  -87.9255  103.1841
   -0.1913    0.5782    0.7931
    0.9336   -0.1423    0.3289
    0.3031    0.8034   -0.5126
...   125 T-A ...
    1.9640  -85.1266  101.4680
    0.3030    0.3996    0.8652
    0.9030   -0.4106   -0.1266
    0.3046    0.8196   -0.4852
...   126 C-G ...
    2.8964  -82.3624  100.0019
    0.7576    0.0636    0.6496
    0.5685   -0.5533   -0.6088
    0.3207    0.8306   -0.4553
...   127 G-C ...
    4.2349  -79.8373   98.3032
    0.9065   -0.3347    0.2574
    0.0766   -0.4693   -0.8797
    0.4153    0.8171   -0.3998
...   128 A-T ...
    5.6381  -77.1419   97.1066
    0.7712   -0.5689   -0.2857
   -0.4569   -0.1821   -0.8707
    0.4433    0.8020   -0.4003
...   129 C-G ...
    7.5284  -74.5678   96.2570
    0.4168   -0.6012   -0.6818
   -0.7832    0.1433   -0.6051
    0.4615    0.7862   -0.4111
...   130 C-G ...
    9.4065  -72.1401   94.8750
   -0.1001   -0.4934   -0.8640
   -0.8750    0.4570   -0.1596
    0.4736    0.7400   -0.4775
...   131 A-T ...
   10.8427  -69.6667   93.2010
   -0.6122   -0.2265   -0.7576
   -0.6603    0.6735    0.3323
    0.4350    0.7036   -0.5619
...   132 A-T ...
   12.3650  -67.6128   91.2023
   -0.8764    0.1865   -0.4440
   -0.2099    0.6818    0.7007
    0.4334    0.7073   -0.5584
...   133 A-T ...
   13.7222  -65.4995   89.1513
   -0.8495    0.5271    0.0240
    0.3095    0.4610    0.8317
    0.4273    0.7139   -0.5547
...   134 T-A ...
   14.7283  -63.4123   86.8245
   -0.5924    0.6746    0.4405
    0.6886    0.1400    0.7115
    0.4183    0.7248   -0.5474
...   135 G-C ...
   15.7211  -61.4788   83.9378
    0.0342    0.7399    0.6718
    0.8637   -0.3601    0.3526
    0.5028    0.5682   -0.6514
...   136 T-A ...
   15.7739  -59.5464   80.8037
    0.5516    0.4996    0.6680
    0.6739   -0.7388   -0.0038
    0.4916    0.4523   -0.7442
...   137 G-C ...
   16.8280  -57.7076   78.2738
    0.8528   -0.0847    0.5152
    0.1508   -0.9047   -0.3984
    0.4999    0.4175   -0.7588
...   138 A-T ...
   18.4176  -55.5141   76.5363
    0.8547   -0.5007    0.1370
   -0.3189   -0.7148   -0.6224
    0.4096    0.4883   -0.7706
...   139 G-C ...
   20.4152  -54.2945   74.5497
    0.5847   -0.7389   -0.3350
   -0.7594   -0.3532   -0.5465
    0.2854    0.5739   -0.7676
...   140 C-G ...
   21.4163  -51.8107   72.7950
    0.1305   -0.7142   -0.6876
   -0.8897    0.2217   -0.3991
    0.4375    0.6639   -0.6065
...   141 G-C ...
   22.1406  -50.1330   67.4725
   -0.4682   -0.8748    0.1248
   -0.8495    0.4067   -0.3362
    0.2434   -0.2634   -0.9335
...   142 C-G ...
   22.3377  -51.2252   64.5020
   -0.8529   -0.5117   -0.1032
   -0.4974    0.8566   -0.1372
    0.1587   -0.0657   -0.9851
...   143 T-A ...
   24.0059  -51.6201   61.9333
   -0.9563    0.0399   -0.2897
    0.0522    0.9980   -0.0348
    0.2877   -0.0484   -0.9565
...   144 C-G ...
   24.8857  -52.7207   58.9948
   -0.7530    0.5560   -0.3520
    0.5213    0.8304    0.1966
    0.4016   -0.0355   -0.9151
...   145 A-T ...
   25.5174  -52.9610   55.8128
   -0.2442    0.9563   -0.1609
    0.8907    0.2867    0.3528
    0.3835   -0.0571   -0.9218
...   146 C-G ...
   25.2677  -52.4925   52.0871
    0.3203    0.9428   -0.0928
    0.8825   -0.2613    0.3910
    0.3444   -0.2071   -0.9157
...   147 A-T ...
   25.6133  -52.5732   48.6479
    0.8597    0.5097    0.0339
    0.4498   -0.7866    0.4230
    0.2423   -0.3484   -0.9055
