  147 base-pairs
...     1 T-A ...
    0.0000    0.0000    0.0000
    1.0000    0.0000    0.0000
    0.0000    1.0000    0.0000
    0.0000    0.0000    1.0000
...     2 G-C ...
   -0.5555   -1.1003    3.3981
    0.7749    0.6051    0.1828
   -0.5991    0.7953   -0.0929
   -0.2016   -0.0375    0.9787
...     3 T-A ...
   -0.6619   -3.0237    6.5348
    0.3046    0.9250    0.2271
   -0.8994    0.3578   -0.2510
   -0.3134   -0.1278    0.9410
...     4 G-C ...
   -1.1607   -3.8418    9.6940
   -0.3351    0.9421    0.0133
   -0.8752   -0.3061   -0.3746
   -0.3489   -0.1372    0.9271
...     5 A-T ...
   -1.3881   -3.6770   12.8999
   -0.7835    0.6162   -0.0801
   -0.5677   -0.7622   -0.3109
   -0.2527   -0.1981    0.9470
...     6 G-C ...
   -2.6236   -3.5448   15.7072
   -0.9923    0.0611   -0.1075
   -0.0294   -0.9610   -0.2748
   -0.1201   -0.2695    0.9555
...     7 C-G ...
   -2.3138   -3.7570   18.8866
   -0.8620   -0.4995   -0.0864
    0.5008   -0.8655    0.0073
   -0.0785   -0.0370    0.9962
...     8 G-C ...
   -3.9561   -6.8109   23.3205
   -0.2581   -0.3560   -0.8981
    0.6294   -0.7673    0.1233
   -0.7330   -0.5335    0.4221
...     9 C-G ...
   -6.1177   -8.9414   24.2385
    0.1143   -0.7320   -0.6716
    0.8123   -0.3203    0.4874
   -0.5720   -0.6013    0.5580
...    10 T-A ...
   -8.5041   -9.6771   26.0540
    0.4660   -0.8587   -0.2131
    0.6274    0.1508    0.7640
   -0.6239   -0.4897    0.6090
...    11 C-G ...
  -11.0625  -11.3174   27.2336
    0.6660   -0.6911    0.2808
    0.3382    0.6152    0.7121
   -0.6649   -0.3794    0.6435
...    12 A-T ...
  -13.0013  -13.1789   29.0658
    0.7188   -0.1490    0.6790
   -0.1787    0.9043    0.3876
   -0.6718   -0.4000    0.6235
...    13 C-G ...
  -14.1788  -15.9359   31.3399
    0.4052    0.2865    0.8682
   -0.5270    0.8492   -0.0343
   -0.7470   -0.4437    0.4951
...    14 A-T ...
  -15.9532  -18.1566   33.3080
   -0.1503    0.6873    0.7107
   -0.6106    0.5008   -0.6135
   -0.7776   -0.5261    0.3444
...    15 A-T ...
  -18.2998  -19.9846   34.6256
   -0.4904    0.8372    0.2420
   -0.3994    0.0309   -0.9162
   -0.7746   -0.5460    0.3193
...    16 T-A ...
  -20.6181  -21.6304   36.2860
   -0.6233    0.7401   -0.2523
   -0.0897   -0.3882   -0.9172
   -0.7768   -0.5491    0.3083
...    17 T-A ...
  -23.1438  -23.2678   37.4807
   -0.5513    0.4066   -0.7285
    0.2830   -0.7303   -0.6218
   -0.7848   -0.5490    0.2875
...    18 T-A ...
  -25.7946  -24.8336   38.4688
   -0.2744   -0.0488   -0.9604
    0.5421   -0.8328   -0.1126
   -0.7943   -0.5515    0.2550
...    19 A-T ...
  -28.5955  -26.5461   39.0090
    0.1739   -0.4153   -0.8929
    0.5724   -0.6952    0.4348
   -0.8013   -0.5867    0.1168
...    20 T-A ...
  -31.4950  -28.0688   38.8862
    0.4529   -0.6918   -0.5625
    0.4025   -0.4043    0.8213
   -0.7955   -0.5983    0.0954
...    21 T-A ...
  -34.1222  -29.9657   38.8910
    0.6115   -0.7911   -0.0108
    0.0704    0.0408    0.9967
   -0.7881   -0.6103    0.0807
...    22 C-G ...
  -36.5808  -32.1178   39.0305
    0.5633   -0.6022    0.5658
   -0.3180    0.4740    0.8211
   -0.7626   -0.6425    0.0755
...    23 G-C ...
  -39.1447  -34.1615   39.6421
    0.3614   -0.1774    0.9154
   -0.6124    0.6951    0.3765
   -0.7031   -0.6966    0.1426
...    24 C-G ...
  -41.1434  -36.7665   40.1136
   -0.0066    0.2525    0.9676
   -0.7207    0.6696   -0.1796
   -0.6932   -0.6985    0.1776
...    25 A-T ...
  -43.5960  -38.9423   40.6351
   -0.3615    0.6415    0.6766
   -0.6048    0.3909   -0.6938
   -0.7096   -0.6600    0.2467
...    26 A-T ...
  -45.7500  -41.1437   41.6697
   -0.6507    0.7411    0.1653
   -0.2852   -0.0367   -0.9578
   -0.7038   -0.6703    0.2353
...    27 A-T ...
  -48.0090  -43.2390   42.6900
   -0.7004    0.5875   -0.4053
    0.1395   -0.4442   -0.8850
   -0.6999   -0.6764    0.2291
...    28 G-C ...
  -50.4686  -45.2401   43.6151
   -0.4755    0.3164   -0.8209
    0.4824   -0.6865   -0.5441
   -0.7356   -0.6547    0.1738
...    29 G-C ...
  -53.1911  -47.1524   44.1479
   -0.0744   -0.0388   -0.9965
    0.6465   -0.7626   -0.0185
   -0.7592   -0.6456    0.0818
...    30 C-G ...
  -55.9607  -48.9531   44.1824
    0.3260   -0.4066   -0.8535
    0.5745   -0.6318    0.5204
   -0.7508   -0.6600    0.0276
...    31 C-G ...
  -58.5723  -51.0724   43.8397
    0.6497   -0.6160   -0.4454
    0.2926   -0.3381    0.8945
   -0.7016   -0.7115   -0.0394
...    32 G-C ...
  -60.7081  -53.6329   43.9193
    0.7835   -0.6094    0.1212
   -0.1366    0.0213    0.9904
   -0.6062   -0.7925   -0.0666
...    33 G-C ...
  -62.4834  -56.4604   43.3760
    0.6402   -0.4320    0.6353
   -0.5513    0.3176    0.7715
   -0.5350   -0.8441   -0.0348
...    34 C-G ...
  -63.8700  -59.4481   43.0586
    0.2662   -0.1520    0.9519
   -0.8190    0.4851    0.3065
   -0.5083   -0.8612    0.0047
...    35 C-G ...
  -65.2592  -62.5173   43.2043
   -0.1741    0.2032    0.9635
   -0.8485    0.4657   -0.2515
   -0.4998   -0.8613    0.0913
...    36 C-G ...
  -66.7381  -65.4813   43.8093
   -0.5637    0.4888    0.6658
   -0.6356    0.2580   -0.7276
   -0.5274   -0.8334    0.1653
...    37 G-C ...
  -68.8016  -68.0946   44.0954
   -0.7672    0.6280    0.1309
   -0.2366   -0.0874   -0.9677
   -0.5962   -0.7733    0.2156
...    38 A-T ...
  -70.7832  -70.5769   44.9018
   -0.7454    0.4759   -0.4668
    0.2527   -0.4462   -0.8585
   -0.6169   -0.7579    0.2123
...    39 C-G ...
  -73.1210  -72.6651   45.9885
   -0.4920    0.1889   -0.8499
    0.5991   -0.6349   -0.4879
   -0.6317   -0.7492    0.1992
...    40 A-T ...
  -75.1189  -75.2673   46.5090
   -0.0094   -0.1395   -0.9902
    0.7579   -0.6469    0.0839
   -0.6523   -0.7497    0.1118
...    41 C-G ...
  -77.6977  -77.3511   46.5867
    0.4028   -0.4347   -0.8055
    0.6503   -0.4834    0.5860
   -0.6441   -0.7599    0.0880
...    42 G-C ...
  -79.5999  -80.0531   47.0488
    0.7665   -0.5324   -0.3592
    0.3133   -0.1781    0.9328
   -0.5606   -0.8275    0.0303
...    43 A-T ...
  -81.4373  -82.7538   47.0198
    0.8335   -0.4962    0.2429
   -0.1879    0.1588    0.9693
   -0.5195   -0.8536    0.0391
...    44 C-G ...
  -82.8250  -85.7115   46.5960
    0.6419   -0.3053    0.7034
   -0.5949    0.3804    0.7081
   -0.4838   -0.8730    0.0626
...    45 T-A ...
  -84.0667  -88.7664   46.7278
    0.2814    0.0052    0.9596
   -0.8549    0.4555    0.2482
   -0.4358   -0.8902    0.1326
...    46 T-A ...
  -85.2228  -91.7562   47.1736
   -0.2343    0.2763    0.9321
   -0.8721    0.3639   -0.3271
   -0.4296   -0.8895    0.1557
...    47 A-T ...
  -86.7529  -94.6458   47.7786
   -0.6657    0.4947    0.5587
   -0.5930    0.1038   -0.7985
   -0.4530   -0.8629    0.2243
...    48 C-G ...
  -88.0236  -97.3867   49.1344
   -0.8672    0.4946    0.0580
   -0.1720   -0.1882   -0.9670
   -0.4673   -0.8485    0.2483
...    49 T-A ...
  -89.7226  -99.9974   50.2597
   -0.8094    0.3527   -0.4696
    0.2945   -0.4479   -0.8441
   -0.5080   -0.8216    0.2587
...    50 G-C ...
  -91.4171 -102.7987   50.7987
   -0.4597    0.0787   -0.8846
    0.6940   -0.5897   -0.4131
   -0.5541   -0.8038    0.2165
...    51 T-A ...
  -93.7413 -105.0639   51.5765
   -0.0216   -0.2342   -0.9719
    0.8355   -0.5382    0.1111
   -0.5491   -0.8096    0.2073
...    52 A-T ...
  -95.3908 -107.8631   52.3736
    0.4974   -0.5029   -0.7069
    0.6853   -0.2719    0.6756
   -0.5319   -0.8205    0.2094
...    53 G-C ...
  -97.2779 -110.5560   52.7662
    0.8179   -0.5098   -0.2668
    0.3338    0.0426    0.9417
   -0.4687   -0.8592    0.2050
...    54 G-C ...
  -98.8753 -113.5161   53.1026
    0.9171   -0.3117    0.2485
   -0.1509    0.3054    0.9402
   -0.3690   -0.8998    0.2330
...    55 T-A ...
  -99.7701 -116.6626   53.3451
    0.7347   -0.0569    0.6760
   -0.5970    0.4190    0.6841
   -0.3222   -0.9062    0.2738
...    56 A-T ...
 -100.4034 -119.7942   54.2911
    0.3581    0.3264    0.8748
   -0.9078    0.3407    0.2445
   -0.2182   -0.8817    0.4183
...    57 T-A ...
 -100.4284 -122.7622   55.6546
   -0.1302    0.4785    0.8684
   -0.9700    0.1198   -0.2115
   -0.2052   -0.8699    0.4486
...    58 C-G ...
 -101.0534 -125.4705   57.3525
   -0.6566    0.4954    0.5687
   -0.7273   -0.2162   -0.6513
   -0.1997   -0.8413    0.5023
...    59 T-A ...
 -101.6452 -128.0177   59.3706
   -0.9313    0.3436    0.1205
   -0.2870   -0.4890   -0.8237
   -0.2241   -0.8017    0.5541
...    60 C-G ...
 -102.5382 -130.5270   61.2930
   -0.9219   -0.0168   -0.3870
    0.3137   -0.6183   -0.7206
   -0.2272   -0.7858    0.5753
...    61 G-C ...
 -103.1524 -133.4238   62.8417
   -0.5669   -0.3330   -0.7535
    0.7776   -0.5183   -0.3560
   -0.2720   -0.7877    0.5527
...    62 A-T ...
 -104.1197 -135.9262   64.7514
    0.0067   -0.5780   -0.8160
    0.9673   -0.2033    0.1519
   -0.2537   -0.7903    0.5577
...    63 G-C ...
 -105.2332 -138.5322   66.4768
    0.5276   -0.5573   -0.6412
    0.8249    0.1559    0.5433
   -0.2028   -0.8156    0.5420
...    64 C-G ...
 -106.2331 -141.2883   68.0186
    0.8994   -0.3343   -0.2818
    0.4152    0.4515    0.7897
   -0.1368   -0.8273    0.5449
...    65 T-A ...
 -106.6139 -144.1989   69.5220
    0.9943    0.0270    0.1031
   -0.1004    0.5605    0.8221
   -0.0356   -0.8277    0.5600
...    66 C-G ...
 -106.6137 -146.9235   71.2827
    0.7647    0.4128    0.4949
   -0.6430    0.4376    0.6286
    0.0429   -0.7988    0.6000
...    67 G-C ...
 -106.3960 -149.3294   73.5727
    0.2953    0.7186    0.6296
   -0.9412    0.1057    0.3208
    0.1640   -0.6873    0.7076
...    68 G-C ...
 -105.3695 -151.2590   76.1309
   -0.2610    0.7410    0.6186
   -0.9428   -0.3333    0.0015
    0.2073   -0.5829    0.7857
...    69 G-C ...
 -104.5238 -152.6667   79.0814
   -0.7400    0.4928    0.4577
   -0.6415   -0.7217   -0.2601
    0.2021   -0.4861    0.8502
...    70 A-T ...
 -103.9464 -154.0605   82.0106
   -0.9758   -0.0329    0.2160
   -0.0682   -0.8934   -0.4441
    0.2076   -0.4481    0.8696
...    71 T-A ...
 -103.3699 -154.8840   85.1802
   -0.8609   -0.5087   -0.0062
    0.4458   -0.7485   -0.4909
    0.2451   -0.4254    0.8712
...    72 C-G ...
 -102.6597 -156.2137   88.1183
   -0.4127   -0.8676   -0.2774
    0.8721   -0.2884   -0.3954
    0.2630   -0.4051    0.8756
...    73 C-G ...
 -102.0156 -157.5102   91.1790
    0.1220   -0.8634   -0.4896
    0.9492    0.2457   -0.1968
    0.2902   -0.4407    0.8494
...    74 G-C ...
 -100.6913 -158.5910   94.0499
    0.5919   -0.5320   -0.6055
    0.7040    0.7071    0.0669
    0.3926   -0.4659    0.7930
...    75 C-G ...
  -99.6985 -160.4136   96.6123
    0.8434   -0.0405   -0.5357
    0.2694    0.8946    0.3565
    0.4648   -0.4450    0.7654
...    76 T-A ...
  -98.0527 -162.1200   98.8829
    0.8043    0.4622   -0.3736
   -0.1877    0.7940    0.5782
    0.5639   -0.3949    0.7253
...    77 T-A ...
  -96.0815 -163.4503  101.0400
    0.5274    0.8467   -0.0708
   -0.5789    0.4191    0.6995
    0.6219   -0.3279    0.7112
...    78 T-A ...
  -93.8710 -164.4197  103.1585
    0.0855    0.9622    0.2586
   -0.7501   -0.1086    0.6523
    0.6557   -0.2498    0.7125
...    79 A-T ...
  -91.4271 -164.7081  105.3995
   -0.4257    0.7931    0.4356
   -0.6282   -0.6055    0.4886
    0.6513   -0.0657    0.7560
...    80 A-T ...
  -89.2192 -164.5855  107.7674
   -0.7034    0.3175    0.6359
   -0.2572   -0.9478    0.1887
    0.6626   -0.0308    0.7483
...    81 C-G ...
  -87.0773 -163.9763  110.2543
   -0.7317   -0.2240    0.6437
    0.1715   -0.9746   -0.1442
    0.6596    0.0048    0.7516
...    82 A-T ...
  -84.8481 -164.2356  112.6749
   -0.5049   -0.7516    0.4245
    0.5870   -0.6595   -0.4695
    0.6328    0.0122    0.7742
...    83 C-G ...
  -83.1935 -163.9058  115.5823
   -0.1034   -0.9865    0.1268
    0.7603   -0.1606   -0.6294
    0.6412    0.0313    0.7667
...    84 T-A ...
  -81.2843 -163.8654  118.3036
    0.3034   -0.9215   -0.2423
    0.6832    0.3877   -0.6188
    0.6642    0.0222    0.7473
...    85 T-A ...
  -79.3310 -163.8729  120.9016
    0.6451   -0.5365   -0.5440
    0.3632    0.8418   -0.3994
    0.6722    0.0601    0.7379
...    86 T-A ...
  -77.2117 -163.8711  123.3427
    0.7110    0.0202   -0.7029
   -0.0746    0.9961   -0.0468
    0.6992    0.0857    0.7097
...    87 A-T ...
  -74.6021 -163.9235  125.4230
    0.4104    0.4943   -0.7663
   -0.4043    0.8519    0.3330
    0.8174    0.1732    0.5494
...    88 T-A ...
  -71.6506 -163.7648  126.7570
    0.1135    0.8323   -0.5426
   -0.5424    0.5095    0.6680
    0.8324    0.2185    0.5092
...    89 G-C ...
  -68.8301 -162.6288  128.1667
   -0.3350    0.9226   -0.1911
   -0.4652    0.0144    0.8851
    0.8194    0.3854    0.4244
...    90 C-G ...
  -66.1299 -160.9618  129.0345
   -0.5828    0.7630    0.2797
   -0.1680   -0.4499    0.8771
    0.7951    0.4642    0.3904
...    91 T-A ...
  -63.6546 -159.0274  130.0516
   -0.6255    0.3925    0.6743
    0.2159   -0.7434    0.6330
    0.7497    0.5416    0.3803
...    92 T-A ...
  -61.3492 -156.9678  131.0801
   -0.3515   -0.0780    0.9329
    0.5469   -0.8259    0.1370
    0.7598    0.5584    0.3330
...    93 C-G ...
  -58.9680 -155.0241  132.2626
    0.0599   -0.5418    0.8384
    0.6574   -0.6106   -0.4415
    0.7511    0.5776    0.3196
...    94 T-A ...
  -56.6786 -152.9857  133.5516
    0.3953   -0.7886    0.4710
    0.5224   -0.2288   -0.8214
    0.7556    0.5708    0.3215
...    95 C-G ...
  -54.2816 -151.0180  134.6612
    0.6225   -0.7748   -0.1104
    0.1642    0.2672   -0.9496
    0.7652    0.5729    0.2935
...    96 A-T ...
  -51.7963 -148.9443  135.3946
    0.5261   -0.5428   -0.6546
   -0.2291    0.6509   -0.7238
    0.8190    0.5308    0.2181
...    97 T-A ...
  -48.9241 -147.7524  136.4093
    0.3208   -0.1656   -0.9326
   -0.4686    0.8279   -0.3082
    0.8231    0.5359    0.1880
...    98 G-C ...
  -46.1282 -145.9574  136.7337
   -0.1151    0.2076   -0.9714
   -0.5517    0.7999    0.2363
    0.8261    0.5631    0.0224
...    99 T-A ...
  -43.2171 -144.5557  136.3504
   -0.4364    0.5370   -0.7219
   -0.4075    0.5974    0.6907
    0.8022    0.5956   -0.0418
...   100 T-A ...
  -40.6265 -142.6877  135.9187
   -0.6296    0.7425   -0.2287
   -0.0843    0.2273    0.9702
    0.7723    0.6301   -0.0806
...   101 A-T ...
  -38.3203 -140.3646  135.3102
   -0.6669    0.6628    0.3405
    0.3176   -0.1605    0.9345
    0.6741    0.7314   -0.1035
...   102 T-A ...
  -36.5109 -137.7699  134.3937
   -0.4176    0.4950    0.7620
    0.6202   -0.4576    0.6371
    0.6640    0.7387   -0.1159
...   103 A-T ...
  -34.1634 -135.4115  134.0944
    0.0554    0.1267    0.9904
    0.7600   -0.6486    0.0404
    0.6475    0.7505   -0.1323
...   104 A-T ...
  -32.3318 -132.7434  133.6924
    0.5118   -0.2313    0.8274
    0.5843   -0.6123   -0.5326
    0.6298    0.7560   -0.1782
...   105 C-G ...
  -30.5521 -129.9297  133.5481
    0.7394   -0.5191    0.4287
    0.2291   -0.4047   -0.8853
    0.6331    0.7528   -0.1803
...   106 G-C ...
  -28.4919 -127.5418  132.4696
    0.6807   -0.7233   -0.1164
   -0.2283   -0.0584   -0.9718
    0.6961    0.6881   -0.2049
...   107 G-C ...
  -26.0724 -125.2533  132.0276
    0.3899   -0.7033   -0.5945
   -0.5610    0.3305   -0.7589
    0.7302    0.6294   -0.2657
...   108 A-T ...
  -23.6496 -123.2444  131.2151
   -0.0414   -0.4266   -0.9035
   -0.6866    0.6691   -0.2844
    0.7259    0.6085   -0.3206
...   109 C-G ...
  -20.9338 -121.7946  130.1063
   -0.4208   -0.0643   -0.9049
   -0.5648    0.7991    0.2059
    0.7099    0.5977   -0.3726
...   110 G-C ...
  -18.8622 -119.6037  128.7164
   -0.7571    0.2752   -0.5926
   -0.2248    0.7419    0.6317
    0.6135    0.6114   -0.4998
...   111 G-C ...
  -17.0633 -117.7330  126.5545
   -0.8223    0.5557   -0.1226
    0.2299    0.5215    0.8217
    0.5205    0.6475   -0.5566
...   112 C-G ...
  -15.7353 -115.6789  124.3397
   -0.5994    0.7143    0.3612
    0.6488    0.1693    0.7419
    0.4688    0.6790   -0.5649
...   113 T-A ...
  -14.5912 -113.3398  122.3014
   -0.2043    0.6628    0.7203
    0.8827   -0.1934    0.4283
    0.4232    0.7234   -0.5456
...   114 C-G ...
  -13.3531 -110.8569  120.5643
    0.3378    0.4150    0.8448
    0.8453   -0.5285   -0.0784
    0.4139    0.7406   -0.5293
...   115 G-C ...
  -11.6490 -108.6138  118.7955
    0.7105   -0.0100    0.7036
    0.5309   -0.6487   -0.5453
    0.4619    0.7610   -0.4556
...   116 T-A ...
  -10.3626 -105.7433  117.7419
    0.8735   -0.3576    0.3303
    0.0874   -0.5524   -0.8290
    0.4790    0.7530   -0.4512
...   117 A-T ...
   -8.8014 -103.3365  116.0555
    0.7401   -0.6401   -0.2060
   -0.4443   -0.2355   -0.8644
    0.5048    0.7313   -0.4587
...   118 T-A ...
   -6.7541 -100.9474  115.1041
    0.4172   -0.6768   -0.6066
   -0.7564    0.1114   -0.6446
    0.5038    0.7277   -0.4654
...   119 A-T ...
   -5.0639  -98.6259  113.4463
   -0.1252   -0.5549   -0.8225
   -0.8515    0.4855   -0.1980
    0.5092    0.6755   -0.5333
...   120 A-T ...
   -3.2271  -96.6500  111.6563
   -0.5845   -0.2052   -0.7850
   -0.6386    0.7131    0.2891
    0.5005    0.6703   -0.5479
...   121 T-A ...
   -1.3335  -95.0122  109.5344
   -0.8316    0.1636   -0.5307
   -0.2644    0.7238    0.6374
    0.4884    0.6703   -0.5587
...   122 G-C ...
    0.0139  -92.6798  107.5809
   -0.8924    0.4504   -0.0286
    0.2477    0.5418    0.8032
    0.3773    0.7096   -0.5951
...   123 T-A ...
    0.8673  -90.6112  105.1536
   -0.6546    0.6371    0.4068
    0.6720    0.2440    0.6992
    0.3462    0.7311   -0.5879
...   124 G-C ...
    1.9257  -88.0129  103.3738
   -0.2105    0.5843    0.7838
    0.9328   -0.1199    0.3399
    0.2926    0.8026   -0.5198
...   125 T-A ...
    2.2554  -85.2259  101.6257
    0.2880    0.4157    0.8627
    0.9116   -0.3950   -0.1140
    0.2934    0.8193   -0.4927
...   126 C-G ...
    3.1467  -82.4613  100.1302
    0.7518    0.0849    0.6539
    0.5826   -0.5501   -0.5983
    0.3089    0.8308   -0.4630
...   127 G-C ...
    4.4466  -79.9292   98.4052
    0.9107   -0.3163    0.2657
    0.0890   -0.4778   -0.8739
    0.4034    0.8195   -0.4070
...   128 A-T ...
    5.8073  -77.2224   97.1816
    0.7814   -0.5592   -0.2770
   -0.4507   -0.1986   -0.8703
    0.4317    0.8049   -0.4072
...   129 C-G ...
    7.6554  -74.6237   96.3120
    0.4276   -0.6011   -0.6751
   -0.7837    0.1256   -0.6083
    0.4504    0.7892   -0.4174
...   130 C-G ...
    9.4911  -72.1802   94.9027
   -0.0922   -0.5011   -0.8605
   -0.8808    0.4441   -0.1643
    0.4645    0.7428   -0.4823
...   131 A-T ...
   10.8786  -69.6891   93.2112
   -0.6093   -0.2359   -0.7571
   -0.6676    0.6678    0.3292
    0.4280    0.7059   -0.5644
...   132 A-T ...
   12.3805  -67.6246   91.2059
   -0.8774    0.1795   -0.4448
   -0.2152    0.6814    0.6995
    0.4287    0.7095   -0.5593
...   133 A-T ...
   13.7261  -65.5037   89.1524
   -0.8510    0.5247    0.0234
    0.3078    0.4621    0.8317
    0.4256    0.7150   -0.5547
...   134 T-A ...
   14.7284  -63.4123   86.8245
   -0.5924    0.6746    0.4405
    0.6886    0.1400    0.7115
    0.4183    0.7248   -0.5474
...   135 G-C ...
   15.7212  -61.4788   83.9377
    0.0342    0.7399    0.6718
    0.8637   -0.3601    0.3526
    0.5028    0.5682   -0.6514
...   136 T-A ...
   15.7740  -59.5465   80.8036
    0.5516    0.4996    0.6680
    0.6739   -0.7388   -0.0038
    0.4916    0.4523   -0.7442
...   137 G-C ...
   16.8281  -57.7076   78.2738
    0.8528   -0.0847    0.5152
    0.1508   -0.9047   -0.3984
    0.4999    0.4175   -0.7588
...   138 A-T ...
   18.4176  -55.5142   76.5362
    0.8547   -0.5007    0.1370
   -0.3189   -0.7148   -0.6224
    0.4096    0.4883   -0.7706
...   139 G-C ...
   20.4153  -54.2945   74.5496
    0.5847   -0.7389   -0.3350
   -0.7594   -0.3532   -0.5465
    0.2854    0.5739   -0.7676
...   140 C-G ...
   21.4164  -51.8108   72.7950
    0.1305   -0.7142   -0.6876
   -0.8897    0.2217   -0.3991
    0.4375    0.6639   -0.6065
...   141 G-C ...
   22.1407  -50.1331   67.4725
   -0.4682   -0.8748    0.1248
   -0.8495    0.4067   -0.3362
    0.2434   -0.2634   -0.9335
...   142 C-G ...
   22.3378  -51.2252   64.5019
   -0.8529   -0.5117   -0.1032
   -0.4974    0.8566   -0.1372
    0.1587   -0.0657   -0.9851
...   143 T-A ...
   24.0060  -51.6202   61.9332
   -0.9563    0.0399   -0.2897
    0.0522    0.9980   -0.0348
    0.2877   -0.0484   -0.9565
...   144 C-G ...
   24.8858  -52.7207   58.9948
   -0.7530    0.5560   -0.3520
    0.5213    0.8304    0.1966
    0.4016   -0.0355   -0.9151
...   145 A-T ...
   25.5174  -52.9610   55.8127
   -0.2441    0.9563   -0.1609
    0.8907    0.2867    0.3528
    0.3835   -0.0571   -0.9218
...   146 C-G ...
   25.2678  -52.4925   52.0871
    0.3203    0.9428   -0.0928
    0.8825   -0.2613    0.3910
    0.3444   -0.2071   -0.9157
...   147 A-T ...
   25.6134  -52.5733   48.6479
    0.8597    0.5097    0.0339
    0.4498   -0.7866    0.4230
    0.2423   -0.3484   -0.9055
