  147 base-pairs
...     1 T-A ...
    0.0000    0.0000    0.0000
    1.0000    0.0000    0.0000
    0.0000    1.0000    0.0000
    0.0000    0.0000    1.0000
...     2 G-C ...
   -0.5555   -1.1003    3.3981
    0.7749    0.6051    0.1828
   -0.5991    0.7953   -0.0929
   -0.2016   -0.0375    0.9787
...     3 T-A ...
   -0.6619   -3.0237    6.5348
    0.3046    0.9250    0.2271
   -0.8994    0.3578   -0.2510
   -0.3134   -0.1278    0.9410
...     4 G-C ...
   -1.1607   -3.8418    9.6940
   -0.3351    0.9421    0.0133
   -0.8752   -0.3061   -0.3746
   -0.3489   -0.1372    0.9271
...     5 A-T ...
   -1.3881   -3.6770   12.8999
   -0.7835    0.6162   -0.0801
   -0.5677   -0.7622   -0.3109
   -0.2527   -0.1981    0.9470
...     6 G-C ...
   -2.6236   -3.5448   15.7072
   -0.9923    0.0611   -0.1075
   -0.0294   -0.9610   -0.2748
   -0.1201   -0.2695    0.9555
...     7 C-G ...
   -2.3138   -3.7570   18.8866
   -0.8620   -0.4995   -0.0864
    0.5008   -0.8655    0.0073
   -0.0785   -0.0370    0.9962
...     8 G-C ...
   -3.9561   -6.8109   23.3205
   -0.2581   -0.3560   -0.8981
    0.6294   -0.7673    0.1233
   -0.7330   -0.5335    0.4221
...     9 C-G ...
   -6.1177   -8.9414   24.2385
    0.1143   -0.7320   -0.6716
    0.8123   -0.3203    0.4874
   -0.5720   -0.6013    0.5580
...    10 T-A ...
   -8.5041   -9.6771   26.0540
    0.4660   -0.8587   -0.2131
    0.6274    0.1508    0.7640
   -0.6239   -0.4897    0.6090
...    11 C-G ...
  -11.0625  -11.3174   27.2336
    0.6660   -0.6911    0.2808
    0.3382    0.6152    0.7121
   -0.6649   -0.3794    0.6435
...    12 A-T ...
  -13.0013  -13.1789   29.0658
    0.7188   -0.1490    0.6790
   -0.1787    0.9043    0.3876
   -0.6718   -0.4000    0.6235
...    13 C-G ...
  -14.1788  -15.9359   31.3399
    0.4052    0.2865    0.8682
   -0.5270    0.8492   -0.0343
   -0.7470   -0.4437    0.4951
...    14 A-T ...
  -15.9532  -18.1566   33.3080
   -0.1503    0.6873    0.7107
   -0.6106    0.5008   -0.6135
   -0.7776   -0.5261    0.3444
...    15 A-T ...
  -18.3631  -20.0006   34.4393
   -0.4714    0.8522    0.2271
   -0.3906    0.0291   -0.9201
   -0.7907   -0.5225    0.3192
...    16 T-A ...
  -20.7491  -21.6552   36.1928
   -0.6386    0.7124   -0.2909
   -0.0568   -0.4207   -0.9054
   -0.7674   -0.5617    0.3092
...    17 T-A ...
  -23.2734  -23.2981   37.5215
   -0.5719    0.3122   -0.7586
    0.3459   -0.7467   -0.5682
   -0.7438   -0.5873    0.3190
...    18 T-A ...
  -25.7856  -25.0517   38.5417
   -0.2446   -0.1203   -0.9621
    0.5998   -0.7984   -0.0526
   -0.7618   -0.5900    0.2674
...    19 A-T ...
  -28.2472  -27.1355   39.1779
    0.2081   -0.4454   -0.8708
    0.6175   -0.6306    0.4701
   -0.7585   -0.6356    0.1438
...    20 T-A ...
  -31.0828  -28.8365   39.1352
    0.5023   -0.6954   -0.5139
    0.4235   -0.3202    0.8474
   -0.7538   -0.6433    0.1337
...    21 T-A ...
  -33.6100  -30.9151   39.2468
    0.6612   -0.7486    0.0480
    0.0536    0.1109    0.9924
   -0.7483   -0.6536    0.1135
...    22 C-G ...
  -35.9783  -33.1609   39.5660
    0.5947   -0.5254    0.6085
   -0.3561    0.5065    0.7853
   -0.7208   -0.6837    0.1141
...    23 G-C ...
  -38.4314  -35.2419   40.5752
    0.3888   -0.0645    0.9191
   -0.6691    0.6660    0.3298
   -0.6334   -0.7431    0.2157
...    24 C-G ...
  -40.2032  -37.9203   41.2247
    0.0155    0.3335    0.9426
   -0.7742    0.6005   -0.1997
   -0.6327   -0.7267    0.2675
...    25 A-T ...
  -42.6515  -40.0843   41.8088
   -0.4053    0.6535    0.6393
   -0.6411    0.2954   -0.7084
   -0.6518   -0.6969    0.2992
...    26 A-T ...
  -44.7046  -42.3641   42.9801
   -0.7040    0.6990    0.1253
   -0.2944   -0.1267   -0.9472
   -0.6463   -0.7038    0.2950
...    27 A-T ...
  -46.7005  -44.5888   44.2803
   -0.7592    0.4800   -0.4396
    0.1820   -0.4919   -0.8514
   -0.6249   -0.7264    0.2861
...    28 G-C ...
  -49.0463  -46.6854   45.4870
   -0.5099    0.1858   -0.8399
    0.5466   -0.6839   -0.4832
   -0.6642   -0.7055    0.2472
...    29 G-C ...
  -51.6238  -48.8407   46.2441
   -0.0587   -0.1682   -0.9840
    0.7314   -0.6781    0.0722
   -0.6794   -0.7155    0.1628
...    30 C-G ...
  -54.1420  -50.9243   46.4794
    0.3901   -0.4630   -0.7959
    0.6336   -0.4923    0.5969
   -0.6682   -0.7371    0.1013
...    31 C-G ...
  -56.5855  -53.2150   46.6128
    0.7269   -0.5911   -0.3496
    0.3076   -0.1749    0.9353
   -0.6140   -0.7874    0.0547
...    32 G-C ...
  -58.2440  -55.7573   46.9526
    0.8488   -0.5043    0.1588
   -0.1194    0.1097    0.9868
   -0.5150   -0.8565    0.0329
...    33 G-C ...
  -59.4695  -58.8920   46.9195
    0.6797   -0.3037    0.6677
   -0.5830    0.3287    0.7430
   -0.4451   -0.8943    0.0463
...    34 C-G ...
  -60.5279  -61.9936   46.9226
    0.2721   -0.0300    0.9618
   -0.8689    0.4218    0.2590
   -0.4134   -0.9062    0.0887
...    35 C-G ...
  -61.5330  -65.1887   47.5416
   -0.2300    0.2571    0.9386
   -0.8893    0.3363   -0.3100
   -0.3953   -0.9060    0.1513
...    36 C-G ...
  -62.7065  -68.2222   48.3287
   -0.6633    0.4396    0.6056
   -0.6353    0.0970   -0.7662
   -0.3956   -0.8929    0.2149
...    37 G-C ...
  -64.3254  -71.2313   48.1694
   -0.8775    0.4755    0.0626
   -0.1602   -0.1674   -0.9728
   -0.4520   -0.8637    0.2231
...    38 A-T ...
  -65.6706  -73.9900   48.9232
   -0.8048    0.2911   -0.5173
    0.3895   -0.3985   -0.8303
   -0.4478   -0.8697    0.2073
...    39 C-G ...
  -67.5454  -76.4694   49.7619
   -0.4707    0.0782   -0.8788
    0.7443   -0.4997   -0.4431
   -0.4738   -0.8626    0.1770
...    40 A-T ...
  -69.2373  -79.3095   50.2022
    0.0745   -0.1552   -0.9851
    0.8757   -0.4623    0.1391
   -0.4770   -0.8730    0.1015
...    41 C-G ...
  -71.1326  -82.0122   50.0709
    0.5288   -0.3275   -0.7830
    0.7144   -0.3264    0.6189
   -0.4583   -0.8867    0.0614
...    42 G-C ...
  -72.3115  -85.0629   50.6134
    0.8764   -0.3834   -0.2914
    0.2780   -0.0914    0.9562
   -0.3932   -0.9191    0.0265
...    43 A-T ...
  -73.6698  -87.9117   50.6626
    0.8811   -0.3524    0.3152
   -0.2726    0.1662    0.9477
   -0.3864   -0.9210    0.0504
...    44 C-G ...
  -74.6076  -91.0367   50.1882
    0.6346   -0.1536    0.7575
   -0.6992    0.3034    0.6473
   -0.3292   -0.9404    0.0852
...    45 T-A ...
  -75.1120  -94.5912   50.3779
    0.1548    0.1045    0.9824
   -0.9394    0.3235    0.1136
   -0.3059   -0.9404    0.1482
...    46 T-A ...
  -75.7810  -97.7004   50.8520
   -0.3220    0.2754    0.9058
   -0.8977    0.2151   -0.3845
   -0.3008   -0.9369    0.1780
...    47 A-T ...
  -76.8264 -100.7364   51.6302
   -0.7391    0.4360    0.5134
   -0.5761   -0.0143   -0.8173
   -0.3490   -0.8998    0.2617
...    48 C-G ...
  -77.8198 -103.5197   53.1800
   -0.9247    0.3806    0.0003
   -0.1099   -0.2663   -0.9576
   -0.3644   -0.8856    0.2881
...    49 T-A ...
  -79.1959 -106.2308   54.6217
   -0.8192    0.2428   -0.5196
    0.3697   -0.4692   -0.8020
   -0.4385   -0.8491    0.2946
...    50 G-C ...
  -80.7491 -109.0903   55.3766
   -0.4249   -0.0042   -0.9053
    0.7657   -0.5351   -0.3569
   -0.4829   -0.8448    0.2306
...    51 T-A ...
  -82.7579 -111.5030   56.0515
    0.0345   -0.2653   -0.9635
    0.8744   -0.4589    0.1577
   -0.4840   -0.8480    0.2162
...    52 A-T ...
  -84.0679 -114.4434   56.8676
    0.5678   -0.4723   -0.6742
    0.6793   -0.1938    0.7078
   -0.4650   -0.8599    0.2107
...    53 G-C ...
  -85.7728 -117.1553   57.4140
    0.8686   -0.4251   -0.2548
    0.3159    0.0788    0.9455
   -0.3818   -0.9017    0.2027
...    54 G-C ...
  -87.1042 -120.5263   57.2963
    0.9375   -0.2285    0.2625
   -0.1930    0.2863    0.9385
   -0.2896   -0.9305    0.2243
...    55 T-A ...
  -87.7230 -123.6725   57.6897
    0.7257   -0.0053    0.6880
   -0.6408    0.3591    0.6786
   -0.2507   -0.9333    0.2572
...    56 A-T ...
  -87.8549 -127.0517   58.4338
    0.2884    0.3232    0.9013
   -0.9433    0.2575    0.2095
   -0.1644   -0.9106    0.3791
...    57 T-A ...
  -87.6779 -130.0703   59.6567
   -0.2071    0.4434    0.8721
   -0.9666    0.0447   -0.2523
   -0.1508   -0.8952    0.4194
...    58 C-G ...
  -88.0053 -133.0174   61.3781
   -0.7507    0.4105    0.5176
   -0.6414   -0.2651   -0.7200
   -0.1583   -0.8725    0.4623
...    59 T-A ...
  -88.5684 -135.6873   63.2246
   -0.9665    0.2544    0.0336
   -0.1559   -0.4780   -0.8644
   -0.2038   -0.8407    0.5017
...    60 C-G ...
  -89.5272 -138.5012   64.5607
   -0.8721   -0.0812   -0.4826
    0.4320   -0.5910   -0.6813
   -0.2299   -0.8026    0.5505
...    61 G-C ...
  -90.0178 -141.3806   66.0719
   -0.4458   -0.4069   -0.7973
    0.8606   -0.4396   -0.2569
   -0.2460   -0.8007    0.5463
...    62 T-A ...
  -91.3881 -143.7472   67.9840
    0.0614   -0.5624   -0.8246
    0.9748   -0.1436    0.1705
   -0.2143   -0.8143    0.5394
...    63 C-G ...
  -92.1454 -146.4258   69.6208
    0.6124   -0.5193   -0.5960
    0.7662    0.2044    0.6092
   -0.1945   -0.8298    0.5231
...    64 A-T ...
  -92.8974 -149.0386   71.6321
    0.9510   -0.2164   -0.2209
    0.2994    0.4655    0.8329
   -0.0774   -0.8582    0.5075
...    65 T-A ...
  -93.0905 -152.0311   72.8457
    0.9797    0.0992    0.1744
   -0.2006    0.5081    0.8376
   -0.0055   -0.8556    0.5177
...    66 G-C ...
  -92.7430 -155.0861   74.5585
    0.6962    0.5046    0.5107
   -0.7059    0.3516    0.6149
    0.1307   -0.7886    0.6009
...    67 T-A ...
  -91.6301 -157.7248   76.2148
    0.2454    0.6585    0.7115
   -0.9541    0.0340    0.2976
    0.1718   -0.7518    0.6366
...    68 T-A ...
  -90.8570 -159.9383   78.2929
   -0.2954    0.6396    0.7096
   -0.9359   -0.3430   -0.0804
    0.1920   -0.6879    0.7000
...    69 A-T ...
  -90.4606 -162.1618   80.7225
   -0.7828    0.3912    0.4838
   -0.6000   -0.6806   -0.4204
    0.1648   -0.6194    0.7676
...    70 T-A ...
  -89.6339 -163.5444   83.5401
   -0.9723   -0.0166    0.2332
   -0.1269   -0.8003   -0.5860
    0.1963   -0.5994    0.7760
...    71 A-T ...
  -88.8158 -165.8115   85.9866
   -0.8077   -0.5733   -0.1373
    0.5320   -0.6086   -0.5887
    0.2539   -0.5485    0.7966
...    72 A-T ...
  -88.0786 -167.4433   88.6813
   -0.3310   -0.8560   -0.3971
    0.8909   -0.1448   -0.4304
    0.3109   -0.4963    0.8106
...    73 C-G ...
  -87.6638 -169.0608   91.7283
    0.2269   -0.8129   -0.5365
    0.9142    0.3677   -0.1705
    0.3359   -0.4517    0.8265
...    74 G-C ...
  -86.2455 -170.4097   94.3147
    0.6588   -0.4138   -0.6283
    0.6113    0.7813    0.1264
    0.4386   -0.4673    0.7676
...    75 G-C ...
  -84.8963 -172.1568   96.7610
    0.8249    0.0913   -0.5578
    0.1884    0.8860    0.4236
    0.5330   -0.4545    0.7137
...    76 A-T ...
  -83.1337 -173.7849   98.9517
    0.7317    0.5978   -0.3276
   -0.2777    0.7003    0.6576
    0.6225   -0.3902    0.6784
...    77 A-T ...
  -80.9198 -174.9251  100.9223
    0.3927    0.9196   -0.0127
   -0.6136    0.2723    0.7412
    0.6850   -0.2833    0.6712
...    78 G-C ...
  -78.2231 -175.6944  102.8731
   -0.0590    0.9402    0.3355
   -0.7076   -0.2765    0.6502
    0.7041   -0.1991    0.6816
...    79 C-G ...
  -75.5414 -175.8131  104.9100
   -0.4867    0.6403    0.5943
   -0.5201   -0.7590    0.3918
    0.7019   -0.1184    0.7024
...    80 T-A ...
  -73.1266 -175.8480  107.1122
   -0.7080    0.1629    0.6872
   -0.1495   -0.9856    0.0796
    0.6902   -0.0464    0.7221
...    81 C-G ...
  -71.2714 -176.2959  109.7082
   -0.6664   -0.4331    0.6070
    0.3527   -0.9003   -0.2551
    0.6569    0.0440    0.7527
...    82 G-C ...
  -68.6167 -177.1066  111.9127
   -0.3482   -0.8704    0.3481
    0.6991   -0.4885   -0.5222
    0.6246    0.0616    0.7785
...    83 G-C ...
  -66.6193 -176.7312  114.5864
    0.0767   -0.9970   -0.0136
    0.7530    0.0669   -0.6546
    0.6535    0.0399    0.7559
...    84 G-C ...
  -64.5975 -176.5560  117.2321
    0.4112   -0.8074   -0.4231
    0.5899    0.5896   -0.5518
    0.6950   -0.0227    0.7187
...    85 A-T ...
  -62.4523 -176.7581  119.7694
    0.6637   -0.3084   -0.6815
    0.2189    0.9513   -0.2173
    0.7153   -0.0049    0.6988
...    86 T-A ...
  -60.1355 -177.3898  122.0222
    0.6531    0.2148   -0.7261
   -0.1533    0.9766    0.1510
    0.7416    0.0127    0.6708
...    87 C-G ...
  -57.5913 -177.4497  124.0494
    0.3953    0.7228   -0.5668
   -0.4919    0.6877    0.5340
    0.7757    0.0677    0.6274
...    88 C-G ...
  -55.0276 -177.4752  126.0918
   -0.0406    0.9393   -0.3406
   -0.6240    0.2424    0.7429
    0.7804    0.2427    0.5763
...    89 G-C ...
  -52.7450 -176.2848  128.1651
   -0.5027    0.8636   -0.0387
   -0.4613   -0.2302    0.8568
    0.7310    0.4486    0.5141
...    90 C-G ...
  -50.2718 -174.2195  129.4378
   -0.6916    0.5732    0.4395
   -0.0584   -0.6509    0.7569
    0.7200    0.4978    0.4836
...    91 T-A ...
  -48.3247 -171.8017  131.0834
   -0.5972    0.1197    0.7931
    0.4083   -0.8058    0.4290
    0.6905    0.5800    0.4323
...    92 T-A ...
  -46.3079 -169.5556  132.3461
   -0.1905   -0.3272    0.9255
    0.6865   -0.7183   -0.1126
    0.7017    0.6140    0.3615
...    93 T-A ...
  -44.3508 -167.1929  133.5153
    0.3002   -0.6235    0.7219
    0.6544   -0.4159   -0.6314
    0.6940    0.6620    0.2832
...    94 A-T ...
  -41.8649 -164.9936  133.4714
    0.7331   -0.6400    0.2300
    0.2943   -0.0063   -0.9557
    0.6131    0.7683    0.1838
...    95 A-T ...
  -39.9798 -162.5059  134.1719
    0.7787   -0.5323   -0.3321
   -0.1883    0.3065   -0.9330
    0.5984    0.7891    0.1385
...    96 C-G ...
  -37.7719 -160.1773  135.1017
    0.5469   -0.3270   -0.7707
   -0.5782    0.5182   -0.6302
    0.6055    0.7903    0.0944
...    97 A-T ...
  -35.6655 -157.6441  135.3567
    0.0668   -0.1003   -0.9927
   -0.7782    0.6174   -0.1148
    0.6244    0.7802   -0.0369
...    98 C-G ...
  -33.1826 -155.4985  134.8618
   -0.3677    0.1736   -0.9136
   -0.6993    0.5960    0.3947
    0.6130    0.7840   -0.0978
...    99 T-A ...
  -30.8421 -152.9961  133.8732
   -0.7517    0.3898   -0.5321
   -0.3654    0.4255    0.8279
    0.5491    0.8167   -0.1774
...   100 T-A ...
  -29.0915 -150.4499  132.8723
   -0.8319    0.5542    0.0270
    0.1303    0.1478    0.9804
    0.5393    0.8192   -0.1952
...   101 T-A ...
  -27.4841 -147.7967  131.9655
   -0.6255    0.5370    0.5659
    0.5770   -0.1699    0.7989
    0.5252    0.8263   -0.2036
...   102 A-T ...
  -25.6849 -145.0098  131.3837
   -0.1684    0.3256    0.9304
    0.8459   -0.4368    0.3060
    0.5061    0.8385   -0.2019
...   103 T-A ...
  -24.7421 -141.9632  130.5906
    0.2401    0.0753    0.9678
    0.8351   -0.5243   -0.1664
    0.4949    0.8482   -0.1887
...   104 G-C ...
  -23.2155 -139.0433  130.2301
    0.6519   -0.3305    0.6826
    0.5374   -0.4338   -0.7232
    0.5351    0.8382   -0.1052
...   105 C-G ...
  -21.4329 -136.2883  130.2937
    0.8200   -0.5422    0.1834
    0.0847   -0.2020   -0.9757
    0.5661    0.8156   -0.1198
...   106 T-A ...
  -19.4003 -133.5323  130.3207
    0.7086   -0.5905   -0.3862
   -0.3798    0.1420   -0.9141
    0.5946    0.7944   -0.1236
...   107 T-A ...
  -17.3819 -131.0664  130.0725
    0.3552   -0.4604   -0.8136
   -0.7050    0.4396   -0.5565
    0.6138    0.7712   -0.1685
...   108 C-G ...
  -15.1596 -128.7385  129.4329
   -0.1431   -0.2079   -0.9676
   -0.7768    0.6295   -0.0203
    0.6133    0.7487   -0.2515
...   109 C-G ...
  -13.0032 -126.4092  128.6175
   -0.5949    0.0279   -0.8033
   -0.5971    0.6538    0.4648
    0.5382    0.7562   -0.3723
...   110 G-C ...
  -11.6960 -123.9645  127.3637
   -0.8754    0.2387   -0.4204
   -0.2091    0.5971    0.7745
    0.4359    0.7658   -0.4728
...   111 G-C ...
  -10.7916 -121.4376  125.3276
   -0.8814    0.4631    0.0929
    0.3132    0.4258    0.8489
    0.3536    0.7773   -0.5204
...   112 C-G ...
  -10.2184 -118.9070  123.1806
   -0.5872    0.5909    0.5532
    0.7470    0.1324    0.6515
    0.3117    0.7958   -0.5192
...   113 T-A ...
   -9.4771 -116.3127  121.2877
   -0.1283    0.5540    0.8226
    0.9511   -0.1662    0.2603
    0.2809    0.8158   -0.5056
...   114 C-G ...
   -8.4648 -113.5770  119.7852
    0.4332    0.3404    0.8345
    0.8627   -0.4246   -0.2746
    0.2609    0.8389   -0.4776
...   115 G-C ...
   -7.2487 -111.0730  118.0112
    0.8326   -0.0073    0.5539
    0.4638   -0.5374   -0.7043
    0.3028    0.8433   -0.4441
...   116 T-A ...
   -6.1713 -108.1344  117.0845
    0.9403   -0.3160    0.1266
   -0.0322   -0.4528   -0.8910
    0.3389    0.8338   -0.4359
...   117 A-T ...
   -4.7581 -105.1808  116.0991
    0.7332   -0.5765   -0.3606
   -0.5456   -0.1820   -0.8181
    0.4060    0.7965   -0.4480
...   118 T-A ...
   -2.9726 -102.6491  115.1831
    0.3763   -0.5879   -0.7161
   -0.8371    0.1155   -0.5347
    0.3970    0.8007   -0.4487
...   119 A-T ...
   -1.7937 -100.0310  113.5352
   -0.1764   -0.4891   -0.8542
   -0.8949    0.4411   -0.0677
    0.4099    0.7525   -0.5155
...   120 A-T ...
   -0.2371  -97.8467  111.7285
   -0.6544   -0.1968   -0.7301
   -0.6475    0.6446    0.4066
    0.3905    0.7388   -0.5493
...   121 T-A ...
    1.3248  -95.9123  109.5115
   -0.8944    0.1519   -0.4208
   -0.2254    0.6594    0.7172
    0.3864    0.7363   -0.5555
...   122 G-C ...
    2.4764  -93.5430  107.2824
   -0.8999    0.4228    0.1069
    0.3208    0.4758    0.8190
    0.2954    0.7713   -0.5638
...   123 T-A ...
    3.0635  -91.2030  105.0926
   -0.6402    0.5839    0.4993
    0.7173    0.2215    0.6606
    0.2751    0.7810   -0.5606
...   124 G-C ...
    3.7459  -88.5441  103.2205
   -0.1604    0.5409    0.8256
    0.9602   -0.1084    0.2576
    0.2288    0.8341   -0.5020
...   125 T-A ...
    3.9452  -85.8185  101.5272
    0.3368    0.3731    0.8645
    0.9124   -0.3560   -0.2018
    0.2325    0.8568   -0.4603
...   126 C-G ...
    4.6637  -83.0558  100.1957
    0.8011    0.1031    0.5896
    0.5569   -0.4894   -0.6710
    0.2194    0.8659   -0.4495
...   127 G-C ...
    5.7575  -80.5165   98.4489
    0.9273   -0.2803    0.2482
    0.1067   -0.4375   -0.8929
    0.3589    0.8544   -0.3758
...   128 A-T ...
    6.8152  -77.7779   97.3011
    0.8171   -0.4861   -0.3100
   -0.4524   -0.2074   -0.8673
    0.3573    0.8490   -0.3894
...   129 C-G ...
    8.4666  -74.9961   96.6481
    0.4474   -0.5577   -0.6992
   -0.8073    0.0847   -0.5841
    0.3849    0.8257   -0.4123
...   130 C-G ...
   10.3566  -72.5602   95.1746
   -0.0676   -0.5191   -0.8520
   -0.9059    0.3898   -0.1656
    0.4181    0.7606   -0.4966
...   131 A-T ...
   11.1416  -69.8442   93.4232
   -0.5918   -0.2892   -0.7525
   -0.7145    0.6204    0.3234
    0.3733    0.7290   -0.5737
...   132 A-T ...
   12.4276  -67.6386   91.3554
   -0.8886    0.1095   -0.4455
   -0.2612    0.6776    0.6875
    0.3771    0.7273   -0.5735
...   133 A-T ...
   13.7074  -65.5403   89.1772
   -0.8579    0.5136    0.0169
    0.2969    0.4686    0.8320
    0.4194    0.7188   -0.5545
...   134 T-A ...
   14.7283  -63.4122   86.8245
   -0.5924    0.6746    0.4405
    0.6886    0.1400    0.7115
    0.4183    0.7248   -0.5474
...   135 G-C ...
   15.7211  -61.4788   83.9377
    0.0342    0.7399    0.6718
    0.8637   -0.3601    0.3526
    0.5028    0.5682   -0.6514
...   136 T-A ...
   15.7739  -59.5464   80.8036
    0.5516    0.4996    0.6680
    0.6739   -0.7388   -0.0038
    0.4916    0.4523   -0.7442
...   137 G-C ...
   16.8280  -57.7075   78.2738
    0.8528   -0.0847    0.5152
    0.1508   -0.9047   -0.3984
    0.4999    0.4175   -0.7588
...   138 A-T ...
   18.4176  -55.5141   76.5362
    0.8547   -0.5007    0.1370
   -0.3189   -0.7148   -0.6224
    0.4096    0.4883   -0.7706
...   139 G-C ...
   20.4152  -54.2945   74.5496
    0.5847   -0.7389   -0.3350
   -0.7594   -0.3532   -0.5465
    0.2854    0.5739   -0.7676
...   140 C-G ...
   21.4163  -51.8107   72.7950
    0.1305   -0.7142   -0.6876
   -0.8897    0.2217   -0.3991
    0.4375    0.6639   -0.6065
...   141 G-C ...
   22.1406  -50.1330   67.4725
   -0.4682   -0.8748    0.1248
   -0.8495    0.4067   -0.3362
    0.2434   -0.2634   -0.9335
...   142 C-G ...
   22.3377  -51.2252   64.5019
   -0.8529   -0.5117   -0.1032
   -0.4974    0.8566   -0.1372
    0.1587   -0.0657   -0.9851
...   143 T-A ...
   24.0059  -51.6201   61.9333
   -0.9563    0.0399   -0.2897
    0.0522    0.9980   -0.0348
    0.2877   -0.0484   -0.9565
...   144 C-G ...
   24.8857  -52.7206   58.9948
   -0.7530    0.5560   -0.3520
    0.5213    0.8304    0.1966
    0.4016   -0.0355   -0.9151
...   145 A-T ...
   25.5173  -52.9609   55.8127
   -0.2441    0.9563   -0.1609
    0.8907    0.2867    0.3528
    0.3835   -0.0571   -0.9218
...   146 C-G ...
   25.2677  -52.4924   52.0871
    0.3203    0.9428   -0.0928
    0.8825   -0.2613    0.3910
    0.3444   -0.2071   -0.9157
...   147 A-T ...
   25.6133  -52.5732   48.6479
    0.8597    0.5097    0.0339
    0.4498   -0.7866    0.4230
    0.2423   -0.3484   -0.9055
