  147 base-pairs
...     1 T-A ...
    0.0000    0.0000    0.0000
    1.0000    0.0000    0.0000
    0.0000    1.0000    0.0000
    0.0000    0.0000    1.0000
...     2 G-C ...
   -0.5555   -1.1003    3.3981
    0.7749    0.6051    0.1828
   -0.5991    0.7953   -0.0929
   -0.2016   -0.0375    0.9787
...     3 T-A ...
   -0.6619   -3.0237    6.5348
    0.3046    0.9250    0.2271
   -0.8994    0.3578   -0.2510
   -0.3134   -0.1278    0.9410
...     4 G-C ...
   -1.1607   -3.8418    9.6940
   -0.3351    0.9421    0.0133
   -0.8752   -0.3061   -0.3746
   -0.3489   -0.1372    0.9271
...     5 A-T ...
   -1.3881   -3.6770   12.8999
   -0.7835    0.6162   -0.0801
   -0.5677   -0.7622   -0.3109
   -0.2527   -0.1981    0.9470
...     6 G-C ...
   -2.6236   -3.5448   15.7072
   -0.9923    0.0611   -0.1075
   -0.0294   -0.9610   -0.2748
   -0.1201   -0.2695    0.9555
...     7 C-G ...
   -2.3138   -3.7570   18.8866
   -0.8620   -0.4995   -0.0864
    0.5008   -0.8655    0.0073
   -0.0785   -0.0370    0.9962
...     8 G-C ...
   -3.9561   -6.8109   23.3205
   -0.2581   -0.3560   -0.8981
    0.6294   -0.7673    0.1233
   -0.7330   -0.5335    0.4221
...     9 C-G ...
   -6.1177   -8.9414   24.2385
    0.1143   -0.7320   -0.6716
    0.8123   -0.3203    0.4874
   -0.5720   -0.6013    0.5580
...    10 T-A ...
   -8.5041   -9.6771   26.0540
    0.4660   -0.8587   -0.2131
    0.6274    0.1508    0.7640
   -0.6239   -0.4897    0.6090
...    11 C-G ...
  -11.0625  -11.3174   27.2336
    0.6660   -0.6911    0.2808
    0.3382    0.6152    0.7121
   -0.6649   -0.3794    0.6435
...    12 A-T ...
  -13.0013  -13.1789   29.0658
    0.7188   -0.1490    0.6790
   -0.1787    0.9043    0.3876
   -0.6718   -0.4000    0.6235
...    13 C-G ...
  -14.1788  -15.9359   31.3399
    0.4052    0.2865    0.8682
   -0.5270    0.8492   -0.0343
   -0.7470   -0.4437    0.4951
...    14 A-T ...
  -15.9532  -18.1566   33.3080
   -0.1503    0.6873    0.7107
   -0.6106    0.5008   -0.6135
   -0.7776   -0.5261    0.3444
...    15 A-T ...
  -18.2934  -19.9874   34.6349
   -0.4927    0.8354    0.2436
   -0.4015    0.0301   -0.9154
   -0.7720   -0.5488    0.3206
...    16 T-A ...
  -20.5981  -21.6489   36.3046
   -0.6296    0.7357   -0.2495
   -0.0902   -0.3883   -0.9171
   -0.7716   -0.5549    0.3109
...    17 T-A ...
  -23.0995  -23.3099   37.5231
   -0.5621    0.3984   -0.7248
    0.2880   -0.7272   -0.6231
   -0.7753   -0.5590    0.2940
...    18 T-A ...
  -25.7174  -24.9100   38.5477
   -0.2845   -0.0568   -0.9570
    0.5547   -0.8239   -0.1160
   -0.7819   -0.5639    0.2659
...    19 A-T ...
  -28.4638  -26.6831   39.1492
    0.1683   -0.4183   -0.8926
    0.5927   -0.6806    0.4307
   -0.7877   -0.6015    0.1334
...    20 T-A ...
  -31.3315  -28.2649   39.0846
    0.4582   -0.6855   -0.5658
    0.4248   -0.3902    0.8169
   -0.7807   -0.6147    0.1124
...    21 T-A ...
  -33.9102  -30.2223   39.1490
    0.6317   -0.7749   -0.0194
    0.0883    0.0471    0.9950
   -0.7701   -0.6303    0.0981
...    22 C-G ...
  -36.3005  -32.4403   39.3463
    0.5939   -0.5831    0.5543
   -0.3136    0.4668    0.8269
   -0.7409   -0.6649    0.0944
...    23 G-C ...
  -38.7638  -34.5792   40.0270
    0.3928   -0.1623    0.9052
   -0.6258    0.6740    0.3924
   -0.6738   -0.7206    0.1632
...    24 C-G ...
  -40.6422  -37.2552   40.5735
    0.0136    0.2543    0.9670
   -0.7507    0.6415   -0.1581
   -0.6605   -0.7238    0.1997
...    25 A-T ...
  -42.9791  -39.5282   41.1927
   -0.3631    0.6283    0.6880
   -0.6433    0.3651   -0.6729
   -0.6740   -0.6870    0.2716
...    26 A-T ...
  -45.0019  -41.8139   42.3081
   -0.6749    0.7136    0.1879
   -0.3170   -0.0504   -0.9471
   -0.6663   -0.6988    0.2602
...    27 A-T ...
  -47.1277  -44.0039   43.4149
   -0.7404    0.5545   -0.3798
    0.1272   -0.4392   -0.8893
   -0.6600   -0.7068    0.2546
...    28 G-C ...
  -49.4506  -46.1180   44.4355
   -0.5205    0.2918   -0.8025
    0.4934   -0.6642   -0.5616
   -0.6969   -0.6882    0.2017
...    29 G-C ...
  -52.0452  -48.1637   45.0850
   -0.1109   -0.0448   -0.9928
    0.6822   -0.7299   -0.0433
   -0.7227   -0.6821    0.1115
...    30 C-G ...
  -54.7153  -50.0997   45.2369
    0.3120   -0.3914   -0.8657
    0.6260   -0.6007    0.4972
   -0.7147   -0.6971    0.0576
...    31 C-G ...
  -57.2247  -52.3490   45.0043
    0.6621   -0.5820   -0.4721
    0.3464   -0.3209    0.8815
   -0.6646   -0.7472   -0.0109
...    32 G-C ...
  -59.2132  -55.0186   45.1690
    0.8198   -0.5661    0.0866
   -0.0951    0.0146    0.9954
   -0.5647   -0.8242   -0.0419
...    33 G-C ...
  -60.8423  -57.9441   44.6960
    0.6906   -0.3958    0.6053
   -0.5335    0.2864    0.7959
   -0.4884   -0.8725   -0.0134
...    34 C-G ...
  -62.0659  -61.0061   44.4362
    0.3174   -0.1371    0.9383
   -0.8302    0.4379    0.3448
   -0.4582   -0.8885    0.0252
...    35 C-G ...
  -63.2615  -64.1535   44.6390
   -0.1395    0.1924    0.9713
   -0.8844    0.4170   -0.2096
   -0.4454   -0.8883    0.1120
...    36 C-G ...
  -64.5304  -67.2014   45.3061
   -0.5569    0.4558    0.6943
   -0.6839    0.2228   -0.6948
   -0.4713   -0.8618    0.1876
...    37 G-C ...
  -66.4201  -69.9277   45.6877
   -0.7926    0.5850    0.1720
   -0.2799   -0.0984   -0.9550
   -0.5418   -0.8050    0.2417
...    38 A-T ...
  -68.2164  -72.5160   46.5827
   -0.7925    0.4370   -0.4255
    0.2318   -0.4295   -0.8728
   -0.5642   -0.7903    0.2391
...    39 C-G ...
  -70.3764  -74.7291   47.7772
   -0.5445    0.1664   -0.8221
    0.6051   -0.6008   -0.5224
   -0.5808   -0.7819    0.2264
...    40 A-T ...
  -72.2050  -77.4340   48.3806
   -0.0544   -0.1344   -0.9894
    0.7930   -0.6080    0.0390
   -0.6068   -0.7825    0.1396
...    41 C-G ...
  -74.6654  -79.6468   48.5735
    0.3804   -0.4091   -0.8294
    0.7036   -0.4540    0.5466
   -0.6001   -0.7916    0.1151
...    42 G-C ...
  -76.3937  -82.4476   49.1084
    0.7704   -0.4932   -0.4039
    0.3702   -0.1697    0.9133
   -0.5190   -0.8532    0.0519
...    43 A-T ...
  -78.0992  -85.2333   49.1488
    0.8665   -0.4600    0.1940
   -0.1434    0.1429    0.9793
   -0.4782   -0.8763    0.0579
...    44 C-G ...
  -79.3712  -88.2505   48.7713
    0.6905   -0.2831    0.6656
   -0.5724    0.3487    0.7421
   -0.4422   -0.8934    0.0787
...    45 T-A ...
  -80.4724  -91.3579   48.9358
    0.3314    0.0079    0.9435
   -0.8581    0.4183    0.2979
   -0.3923   -0.9083    0.1454
...    46 T-A ...
  -81.4812  -94.3971   49.4058
   -0.1941    0.2582    0.9464
   -0.9016    0.3332   -0.2758
   -0.3866   -0.9068    0.1682
...    47 A-T ...
  -82.8304  -97.3563   50.0853
   -0.6448    0.4704    0.6025
   -0.6434    0.0915   -0.7600
   -0.4127   -0.8777    0.2436
...    48 C-G ...
  -83.9281 -100.1429   51.4879
   -0.8743    0.4712    0.1160
   -0.2267   -0.1853   -0.9562
   -0.4291   -0.8623    0.2689
...    49 T-A ...
  -85.4833 -102.8022   52.6943
   -0.8442    0.3398   -0.4144
    0.2500   -0.4343   -0.8654
   -0.4741   -0.8342    0.2817
...    50 G-C ...
  -87.0976 -105.6348   53.3096
   -0.5155    0.0820   -0.8530
    0.6750   -0.5743   -0.4631
   -0.5279   -0.8145    0.2407
...    51 T-A ...
  -89.3353 -107.9403   54.1977
   -0.0800   -0.2222   -0.9717
    0.8467   -0.5296    0.0515
   -0.5261   -0.8186    0.2305
...    52 A-T ...
  -90.8802 -110.7794   55.0637
    0.4558   -0.4940   -0.7404
    0.7272   -0.2729    0.6298
   -0.5132   -0.8255    0.2348
...    53 G-C ...
  -92.7246 -113.4877   55.5473
    0.8006   -0.5072   -0.3191
    0.3896    0.0360    0.9203
   -0.4553   -0.8611    0.2264
...    54 G-C ...
  -94.2966 -116.4516   55.9616
    0.9281   -0.3179    0.1936
   -0.0954    0.2997    0.9493
   -0.3598   -0.8995    0.2478
...    55 T-A ...
  -95.1996 -119.5994   56.2340
    0.7700   -0.0687    0.6343
   -0.5545    0.4198    0.7185
   -0.3157   -0.9050    0.2851
...    56 A-T ...
  -95.8371 -122.7276   57.1865
    0.4053    0.3114    0.8595
   -0.8891    0.3528    0.2915
   -0.2125   -0.8824    0.4199
...    57 T-A ...
  -95.8483 -125.7099   58.5192
   -0.0789    0.4720    0.8781
   -0.9765    0.1405   -0.1633
   -0.2005   -0.8703    0.4498
...    58 C-G ...
  -96.4396 -128.4306   60.2039
   -0.6152    0.5075    0.6033
   -0.7631   -0.1911   -0.6174
   -0.1980   -0.8402    0.5048
...    59 T-A ...
  -97.0002 -130.9757   62.2271
   -0.9117    0.3756    0.1664
   -0.3427   -0.4721   -0.8122
   -0.2265   -0.7976    0.5591
...    60 C-G ...
  -97.9014 -133.4588   64.1696
   -0.9384    0.0284   -0.3444
    0.2519   -0.6261   -0.7379
   -0.2366   -0.7792    0.5804
...    61 G-C ...
  -98.6277 -136.3287   65.7173
   -0.6167   -0.2938   -0.7304
    0.7303   -0.5599   -0.3914
   -0.2940   -0.7747    0.5598
...    62 A-T ...
  -99.6778 -138.7953   67.6280
   -0.0627   -0.5716   -0.8181
    0.9572   -0.2665    0.1129
   -0.2825   -0.7760    0.5639
...    63 G-C ...
 -100.8965 -141.3365   69.3804
    0.4637   -0.5911   -0.6600
    0.8523    0.0942    0.5145
   -0.2419   -0.8011    0.5475
...    64 C-G ...
 -102.0249 -144.0293   70.9506
    0.8623   -0.4024   -0.3076
    0.4716    0.4165    0.7772
   -0.1846   -0.8152    0.5489
...    65 T-A ...
 -102.5931 -146.9055   72.4703
    0.9950   -0.0574    0.0818
   -0.0348    0.5679    0.8223
   -0.0937   -0.8211    0.5631
...    66 C-G ...
 -102.8133 -149.6258   74.2344
    0.8058    0.3425    0.4831
   -0.5918    0.4960    0.6355
   -0.0219   -0.7979    0.6023
...    67 G-C ...
 -102.8405 -152.0590   76.5036
    0.3691    0.6894    0.6233
   -0.9243    0.2024    0.3235
    0.0969   -0.6956    0.7119
...    68 G-C ...
 -102.0167 -154.1050   79.0411
   -0.1799    0.7715    0.6102
   -0.9735   -0.2286    0.0020
    0.1410   -0.5937    0.7922
...    69 G-C ...
 -101.3210 -155.5831   81.9904
   -0.6803    0.5838    0.4432
   -0.7202   -0.6447   -0.2562
    0.1362   -0.4935    0.8590
...    70 A-T ...
 -100.9484 -156.9843   84.9396
   -0.9751    0.0976    0.1991
   -0.1762   -0.8861   -0.4286
    0.1346   -0.4530    0.8813
...    71 T-A ...
 -100.5465 -157.8088   88.1272
   -0.9224   -0.3859   -0.0180
    0.3494   -0.8134   -0.4651
    0.1648   -0.4353    0.8851
...    72 C-G ...
 -100.1335 -159.1750   91.0984
   -0.5267   -0.8052   -0.2725
    0.8318   -0.4222   -0.3604
    0.1751   -0.4165    0.8921
...    73 C-G ...
  -99.8063 -160.5266   94.1809
    0.0092   -0.8866   -0.4625
    0.9825    0.0941   -0.1609
    0.1862   -0.4530    0.8719
...    74 G-C ...
  -98.7658 -161.7350   97.1106
    0.5345   -0.6389   -0.5533
    0.8007    0.5923    0.0895
    0.2705   -0.4909    0.8282
...    75 C-G ...
  -98.2046 -163.5878   99.7872
    0.8598   -0.1922   -0.4730
    0.3828    0.8558    0.3481
    0.3379   -0.4803    0.8094
...    76 T-A ...
  -97.0140 -165.4349  102.2335
    0.8944    0.3136   -0.3189
   -0.1031    0.8384    0.5352
    0.4352   -0.4458    0.7822
...    77 C-G ...
  -95.4844 -166.9012  104.6778
    0.6396    0.7675   -0.0422
   -0.5774    0.5160    0.6328
    0.5074   -0.3804    0.7732
...    78 A-T ...
  -93.5458 -167.9952  107.1775
    0.1477    0.9769    0.1541
   -0.7887    0.0224    0.6144
    0.5968   -0.2123    0.7738
...    79 T-A ...
  -91.0924 -168.4383  109.2712
   -0.2780    0.8721    0.4026
   -0.7449   -0.4604    0.4828
    0.6064   -0.1657    0.7777
...    80 G-C ...
  -89.3037 -168.6837  112.0631
   -0.7055    0.4856    0.5162
   -0.4209   -0.8731    0.2461
    0.5702   -0.0436    0.8203
...    81 T-A ...
  -87.3691 -168.1530  114.6981
   -0.8258   -0.0374    0.5627
    0.0249   -0.9992   -0.0300
    0.5634   -0.0107    0.8261
...    82 T-A ...
  -85.5729 -167.7914  117.3984
   -0.6217   -0.6059    0.4964
    0.4973   -0.7950   -0.3474
    0.6051    0.0309    0.7955
...    83 A-T ...
  -83.0253 -167.8735  119.6540
   -0.0787   -0.9699    0.2304
    0.7571   -0.2085   -0.6191
    0.6485    0.1257    0.7507
...    84 T-A ...
  -81.4405 -167.4331  122.5363
    0.3387   -0.9361   -0.0952
    0.6760    0.3124   -0.6674
    0.6545    0.1617    0.7386
...    85 A-T ...
  -79.1527 -166.6410  124.8309
    0.6610   -0.5641   -0.4949
    0.3112    0.8062   -0.5033
    0.6828    0.1786    0.7084
...    86 A-T ...
  -76.9609 -166.2790  127.1783
    0.6992   -0.0292   -0.7143
   -0.1221    0.9796   -0.1596
    0.7044    0.1988    0.6814
...    87 C-G ...
  -74.4816 -166.2040  129.2815
    0.4885    0.4522   -0.7463
   -0.4568    0.8612    0.2228
    0.7434    0.2321    0.6273
...    88 G-C ...
  -72.0164 -165.1079  131.2242
    0.0272    0.7746   -0.6319
   -0.6095    0.5139    0.6037
    0.7923    0.3687    0.4861
...    89 G-C ...
  -69.1527 -163.6718  132.2628
   -0.3950    0.8720   -0.2892
   -0.4844    0.0698    0.8721
    0.7806    0.4845    0.3948
...    90 A-T ...
  -66.6828 -161.8424  133.3534
   -0.6430    0.7275    0.2393
   -0.1298   -0.4115    0.9021
    0.7548    0.5491    0.3590
...    91 T-A ...
  -64.3051 -159.6403  133.9247
   -0.6207    0.4250    0.6589
    0.2258   -0.7079    0.6693
    0.7508    0.5642    0.3434
...    92 T-A ...
  -61.9969 -157.5230  134.8159
   -0.3470   -0.0283    0.9374
    0.5485   -0.8169    0.1783
    0.7608    0.5760    0.2990
...    93 T-A ...
  -59.7449 -155.3324  135.7036
    0.0803   -0.4557    0.8865
    0.6417   -0.6569   -0.3959
    0.7628    0.6006    0.2397
...    94 A-T ...
  -56.9358 -153.4721  135.9837
    0.5238   -0.7273    0.4435
    0.4130   -0.2386   -0.8789
    0.7450    0.6436    0.1754
...    95 A-T ...
  -54.6342 -151.3267  136.8108
    0.6850   -0.7165   -0.1320
    0.0165    0.1964   -0.9804
    0.7284    0.6693    0.1463
...    96 C-G ...
  -52.1713 -149.3829  137.8070
    0.5676   -0.5390   -0.6223
   -0.3493    0.5268   -0.7749
    0.7455    0.6572    0.1108
...    97 A-T ...
  -49.7168 -147.1483  138.0471
    0.1755   -0.2560   -0.9506
   -0.5936    0.7428   -0.3096
    0.7854    0.6186   -0.0216
...    98 C-G ...
  -46.8182 -145.6701  137.8955
   -0.1993    0.1091   -0.9739
   -0.5924    0.7783    0.2084
    0.7806    0.6184   -0.0905
...    99 T-A ...
  -44.1609 -143.8703  137.2067
   -0.5496    0.4173   -0.7237
   -0.3822    0.6448    0.6620
    0.7429    0.6404   -0.1949
...   100 T-A ...
  -41.7701 -141.9081  136.2852
   -0.6994    0.6740   -0.2378
   -0.0023    0.3306    0.9438
    0.7147    0.6606   -0.2296
...   101 T-A ...
  -39.5655 -139.7895  135.2223
   -0.5940    0.7359    0.3249
    0.4011   -0.0791    0.9126
    0.6973    0.6724   -0.2482
...   102 A-T ...
  -37.3303 -137.4564  134.4451
   -0.2778    0.5300    0.8012
    0.6978   -0.4619    0.5475
    0.6602    0.7112   -0.2415
...   103 T-A ...
  -35.7329 -134.7556  133.3985
    0.1242    0.2391    0.9630
    0.7455   -0.6630    0.0685
    0.6548    0.7094   -0.2606
...   104 G-C ...
  -33.3832 -132.5691  132.6179
    0.4876   -0.2218    0.8444
    0.5560   -0.6669   -0.4962
    0.6732    0.7114   -0.2019
...   105 C-G ...
  -31.3426 -129.9915  132.2096
    0.6913   -0.5677    0.4470
    0.2009   -0.4432   -0.8736
    0.6941    0.6937   -0.1923
...   106 T-A ...
  -29.0018 -127.6823  131.8924
    0.6600   -0.7489   -0.0593
   -0.1866   -0.0870   -0.9786
    0.7277    0.6570   -0.1972
...   107 T-A ...
  -26.5765 -125.5670  131.5114
    0.4382   -0.6756   -0.5929
   -0.5334    0.3355   -0.7765
    0.7235    0.6565   -0.2134
...   108 C-G ...
  -24.1430 -123.5139  130.8268
    0.0141   -0.4002   -0.9163
   -0.6871    0.6619   -0.2996
    0.7264    0.6339   -0.2656
...   109 C-G ...
  -21.4909 -121.7292  129.7839
   -0.4267   -0.0686   -0.9018
   -0.5789    0.7868    0.2141
    0.6948    0.6134   -0.3755
...   110 G-C ...
  -19.4754 -119.4922  128.3834
   -0.7646    0.2673   -0.5864
   -0.2315    0.7353    0.6370
    0.6014    0.6228   -0.5003
...   111 G-C ...
  -17.7051 -117.5858  126.2276
   -0.8286    0.5479   -0.1152
    0.2285    0.5189    0.8237
    0.5111    0.6562   -0.5551
...   112 C-G ...
  -16.3927 -115.5093  124.0217
   -0.6029    0.7078    0.3682
    0.6506    0.1690    0.7404
    0.4618    0.6859   -0.5624
...   113 T-A ...
  -15.2621 -113.1543  121.9933
   -0.2043    0.6576    0.7251
    0.8848   -0.1928    0.4242
    0.4188    0.7283   -0.5425
...   114 C-G ...
  -14.0322 -110.6645  120.2596
    0.3396    0.4103    0.8464
    0.8457   -0.5270   -0.0839
    0.4116    0.7443   -0.5260
...   115 G-C ...
  -12.3331 -108.4153  118.4922
    0.7112   -0.0150    0.7028
    0.5293   -0.6465   -0.5495
    0.4626    0.7628   -0.4518
...   116 T-A ...
  -11.0361 -105.5453  117.4580
    0.8723   -0.3622    0.3286
    0.0859   -0.5480   -0.8321
    0.4814    0.7540   -0.4469
...   117 A-T ...
   -9.4465 -103.1340  115.8087
    0.7367   -0.6448   -0.2039
   -0.4410   -0.2296   -0.8676
    0.5126    0.7291   -0.4535
...   118 T-A ...
   -7.3737 -100.7606  114.8756
    0.4155   -0.6786   -0.6057
   -0.7514    0.1192   -0.6490
    0.5126    0.7248   -0.4604
...   119 A-T ...
   -5.6360  -98.4595  113.2373
   -0.1242   -0.5533   -0.8237
   -0.8455    0.4934   -0.2040
    0.5193    0.6711   -0.5291
...   120 A-T ...
   -3.7647  -96.5013  111.4630
   -0.5803   -0.1987   -0.7898
   -0.6338    0.7191    0.2847
    0.5114    0.6658   -0.5433
...   121 T-A ...
   -1.8345  -94.8808  109.3597
   -0.8255    0.1730   -0.5373
   -0.2620    0.7257    0.6362
    0.5000    0.6659   -0.5537
...   122 G-C ...
   -0.4391  -92.5609  107.4261
   -0.8868    0.4608   -0.0353
    0.2472    0.5375    0.8062
    0.3905    0.7062   -0.5906
...   123 T-A ...
    0.4651  -90.5011  105.0097
   -0.6503    0.6443    0.4025
    0.6689    0.2346    0.7054
    0.3600    0.7279   -0.5835
...   124 G-C ...
    1.5812  -87.9159  103.2475
   -0.2094    0.5856    0.7831
    0.9284   -0.1324    0.3473
    0.3071    0.7997   -0.5160
...   125 T-A ...
    1.9632  -85.1310  101.5086
    0.2865    0.4105    0.8657
    0.9073   -0.4065   -0.1075
    0.3078    0.8162   -0.4889
...   126 C-G ...
    2.9054  -82.3759  100.0272
    0.7480    0.0743    0.6596
    0.5800   -0.5563   -0.5951
    0.3228    0.8276   -0.4592
...   127 G-C ...
    4.2560  -79.8600   98.3171
    0.9052   -0.3275    0.2707
    0.0890   -0.4769   -0.8745
    0.4155    0.8157   -0.4026
...   128 A-T ...
    5.6580  -77.1665   97.1089
    0.7767   -0.5670   -0.2742
   -0.4480   -0.1913   -0.8733
    0.4427    0.8012   -0.4026
...   129 C-G ...
    7.5418  -74.5862   96.2557
    0.4247   -0.6035   -0.6748
   -0.7794    0.1355   -0.6117
    0.4606    0.7858   -0.4128
...   130 C-G ...
    9.4132  -72.1538   94.8703
   -0.0932   -0.4980   -0.8622
   -0.8761    0.4525   -0.1667
    0.4731    0.7398   -0.4784
...   131 A-T ...
   10.8406  -69.6738   93.1946
   -0.6086   -0.2303   -0.7593
   -0.6637    0.6722    0.3281
    0.4349    0.7036   -0.5619
...   132 A-T ...
   12.3628  -67.6165   91.1986
   -0.8757    0.1841   -0.4465
   -0.2131    0.6823    0.6993
    0.4334    0.7075   -0.5582
...   133 A-T ...
   13.7213  -65.5005   89.1508
   -0.8500    0.5263    0.0228
    0.3082    0.4616    0.8318
    0.4273    0.7140   -0.5546
...   134 T-A ...
   14.7284  -63.4123   86.8244
   -0.5924    0.6746    0.4405
    0.6886    0.1400    0.7115
    0.4183    0.7248   -0.5474
...   135 G-C ...
   15.7212  -61.4788   83.9376
    0.0342    0.7399    0.6718
    0.8637   -0.3601    0.3526
    0.5028    0.5682   -0.6514
...   136 T-A ...
   15.7740  -59.5465   80.8035
    0.5516    0.4996    0.6680
    0.6739   -0.7388   -0.0038
    0.4916    0.4523   -0.7442
...   137 G-C ...
   16.8281  -57.7076   78.2737
    0.8528   -0.0847    0.5152
    0.1508   -0.9047   -0.3984
    0.4999    0.4175   -0.7588
...   138 A-T ...
   18.4176  -55.5142   76.5361
    0.8547   -0.5007    0.1370
   -0.3189   -0.7148   -0.6224
    0.4096    0.4883   -0.7706
...   139 G-C ...
   20.4153  -54.2946   74.5495
    0.5847   -0.7389   -0.3350
   -0.7594   -0.3532   -0.5465
    0.2854    0.5739   -0.7676
...   140 C-G ...
   21.4164  -51.8108   72.7949
    0.1305   -0.7142   -0.6876
   -0.8897    0.2217   -0.3991
    0.4375    0.6639   -0.6065
...   141 G-C ...
   22.1407  -50.1331   67.4724
   -0.4682   -0.8748    0.1248
   -0.8495    0.4067   -0.3362
    0.2434   -0.2634   -0.9335
...   142 C-G ...
   22.3378  -51.2253   64.5018
   -0.8529   -0.5117   -0.1032
   -0.4974    0.8566   -0.1372
    0.1587   -0.0657   -0.9851
...   143 T-A ...
   24.0060  -51.6202   61.9331
   -0.9563    0.0399   -0.2897
    0.0522    0.9980   -0.0348
    0.2877   -0.0484   -0.9565
...   144 C-G ...
   24.8857  -52.7207   58.9947
   -0.7530    0.5560   -0.3520
    0.5213    0.8304    0.1966
    0.4016   -0.0355   -0.9151
...   145 A-T ...
   25.5174  -52.9610   55.8126
   -0.2442    0.9563   -0.1609
    0.8907    0.2867    0.3528
    0.3835   -0.0571   -0.9218
...   146 C-G ...
   25.2678  -52.4925   52.0870
    0.3203    0.9428   -0.0928
    0.8825   -0.2613    0.3910
    0.3444   -0.2071   -0.9157
...   147 A-T ...
   25.6134  -52.5733   48.6478
    0.8597    0.5097    0.0339
    0.4498   -0.7866    0.4230
    0.2423   -0.3484   -0.9055
