  147 base-pairs
...     1 T-A ...
    0.0000    0.0000    0.0000
    1.0000    0.0000    0.0000
    0.0000    1.0000    0.0000
    0.0000    0.0000    1.0000
...     2 G-C ...
   -0.5555   -1.1003    3.3981
    0.7749    0.6051    0.1828
   -0.5991    0.7953   -0.0929
   -0.2016   -0.0375    0.9787
...     3 T-A ...
   -0.6619   -3.0237    6.5348
    0.3046    0.9250    0.2271
   -0.8994    0.3578   -0.2510
   -0.3134   -0.1278    0.9410
...     4 G-C ...
   -1.1607   -3.8418    9.6940
   -0.3351    0.9421    0.0133
   -0.8752   -0.3061   -0.3746
   -0.3489   -0.1372    0.9271
...     5 A-T ...
   -1.3881   -3.6770   12.8999
   -0.7835    0.6162   -0.0801
   -0.5677   -0.7622   -0.3109
   -0.2527   -0.1981    0.9470
...     6 G-C ...
   -2.6236   -3.5448   15.7072
   -0.9923    0.0611   -0.1075
   -0.0294   -0.9610   -0.2748
   -0.1201   -0.2695    0.9555
...     7 C-G ...
   -2.3138   -3.7570   18.8866
   -0.8620   -0.4995   -0.0864
    0.5008   -0.8655    0.0073
   -0.0785   -0.0370    0.9962
...     8 G-C ...
   -3.9561   -6.8109   23.3205
   -0.2581   -0.3560   -0.8981
    0.6294   -0.7673    0.1233
   -0.7330   -0.5335    0.4221
...     9 C-G ...
   -6.1177   -8.9414   24.2385
    0.1143   -0.7320   -0.6716
    0.8123   -0.3203    0.4874
   -0.5720   -0.6013    0.5580
...    10 T-A ...
   -8.5041   -9.6771   26.0540
    0.4660   -0.8587   -0.2131
    0.6274    0.1508    0.7640
   -0.6239   -0.4897    0.6090
...    11 C-G ...
  -11.0625  -11.3174   27.2336
    0.6660   -0.6911    0.2808
    0.3382    0.6152    0.7121
   -0.6649   -0.3794    0.6435
...    12 A-T ...
  -13.0013  -13.1789   29.0658
    0.7188   -0.1490    0.6790
   -0.1787    0.9043    0.3876
   -0.6718   -0.4000    0.6235
...    13 C-G ...
  -14.1788  -15.9359   31.3399
    0.4052    0.2865    0.8682
   -0.5270    0.8492   -0.0343
   -0.7470   -0.4437    0.4951
...    14 A-T ...
  -15.9532  -18.1566   33.3080
   -0.1503    0.6873    0.7107
   -0.6106    0.5008   -0.6135
   -0.7776   -0.5261    0.3444
...    15 A-T ...
  -18.3626  -20.0053   34.4308
   -0.4718    0.8519    0.2273
   -0.3884    0.0306   -0.9210
   -0.7916   -0.5228    0.3165
...    16 T-A ...
  -20.7537  -21.6624   36.1738
   -0.6373    0.7133   -0.2915
   -0.0541   -0.4188   -0.9065
   -0.7687   -0.5620    0.3055
...    17 T-A ...
  -23.2855  -23.3077   37.4871
   -0.5681    0.3151   -0.7603
    0.3478   -0.7453   -0.5688
   -0.7458   -0.5876    0.3138
...    18 T-A ...
  -25.8036  -25.0659   38.4792
   -0.2374   -0.1137   -0.9647
    0.5983   -0.7995   -0.0530
   -0.7653   -0.5897    0.2579
...    19 A-T ...
  -28.2855  -27.1335   39.0652
    0.2156   -0.4333   -0.8751
    0.6114   -0.6389    0.4669
   -0.7614   -0.6357    0.1272
...    20 T-A ...
  -31.1236  -28.8265   38.9645
    0.5070   -0.6877   -0.5196
    0.4138   -0.3346    0.8466
   -0.7562   -0.6442    0.1149
...    21 T-A ...
  -33.6539  -30.9039   39.0123
    0.6600   -0.7501    0.0428
    0.0419    0.0937    0.9947
   -0.7501   -0.6547    0.0932
...    22 C-G ...
  -36.0258  -33.1547   39.2632
    0.5864   -0.5368    0.6066
   -0.3657    0.4928    0.7896
   -0.7228   -0.6848    0.0927
...    23 G-C ...
  -38.4870  -35.2544   40.2095
    0.3754   -0.0825    0.9232
   -0.6739    0.6595    0.3330
   -0.6363   -0.7472    0.1920
...    24 C-G ...
  -40.2674  -37.9453   40.7820
    0.0012    0.3148    0.9492
   -0.7716    0.6041   -0.1994
   -0.6361   -0.7321    0.2436
...    25 A-T ...
  -42.7351  -40.1158   41.2719
   -0.4195    0.6387    0.6450
   -0.6287    0.3082   -0.7140
   -0.6548   -0.7051    0.2722
...    26 A-T ...
  -44.8015  -42.4280   42.3547
   -0.7104    0.6924    0.1261
   -0.2746   -0.1076   -0.9555
   -0.6481   -0.7134    0.2666
...    27 A-T ...
  -46.8105  -44.6940   43.5625
   -0.7534    0.4841   -0.4449
    0.2037   -0.4715   -0.8580
   -0.6252   -0.7371    0.2567
...    28 G-C ...
  -49.1664  -46.8349   44.6697
   -0.4931    0.2003   -0.8466
    0.5631   -0.6683   -0.4861
   -0.6632   -0.7164    0.2168
...    29 G-C ...
  -51.7421  -49.0284   45.3222
   -0.0347   -0.1452   -0.9888
    0.7364   -0.6726    0.0729
   -0.6756   -0.7257    0.1302
...    30 C-G ...
  -54.2489  -51.1364   45.4528
    0.4137   -0.4385   -0.7978
    0.6254   -0.5000    0.5991
   -0.6616   -0.7468    0.0673
...    31 C-G ...
  -56.6667  -53.4570   45.4677
    0.7428   -0.5720   -0.3478
    0.2881   -0.1957    0.9374
   -0.6043   -0.7965    0.0195
...    32 G-C ...
  -58.2963  -56.0308   45.6947
    0.8530   -0.4951    0.1651
   -0.1443    0.0803    0.9863
   -0.5016   -0.8651   -0.0030
...    33 G-C ...
  -59.4637  -59.1826   45.5481
    0.6694   -0.3107    0.6748
   -0.6062    0.2966    0.7379
   -0.4295   -0.9030    0.0102
...    34 C-G ...
  -60.4561  -62.3043   45.4479
    0.2494   -0.0531    0.9669
   -0.8835    0.3964    0.2497
   -0.3966   -0.9165    0.0519
...    35 C-G ...
  -61.4144  -65.5333   45.9546
   -0.2604    0.2217    0.9397
   -0.8889    0.3248   -0.3230
   -0.3768   -0.9194    0.1125
...    36 C-G ...
  -62.5433  -68.6129   46.6192
   -0.6914    0.4022    0.6002
   -0.6169    0.1038   -0.7801
   -0.3760   -0.9097    0.1764
...    37 G-C ...
  -64.0865  -71.6644   46.2967
   -0.8941    0.4451    0.0505
   -0.1259   -0.1416   -0.9819
   -0.4299   -0.8842    0.1826
...    38 A-T ...
  -65.3591  -74.4889   46.9235
   -0.7985    0.2802   -0.5328
    0.4277   -0.3587   -0.8297
   -0.4236   -0.8904    0.1666
...    39 C-G ...
  -67.1720  -77.0577   47.6261
   -0.4466    0.0890   -0.8903
    0.7752   -0.4584   -0.4347
   -0.4468   -0.8843    0.1357
...    40 A-T ...
  -68.7679  -79.9695   47.9340
    0.1106   -0.1215   -0.9864
    0.8889   -0.4319    0.1528
   -0.4446   -0.8937    0.0602
...    41 C-G ...
  -70.5457  -82.7371   47.6635
    0.5661   -0.2794   -0.7756
    0.7084   -0.3162    0.6310
   -0.4216   -0.9066    0.0189
...    42 G-C ...
  -71.6084  -85.8520   48.0770
    0.9021   -0.3316   -0.2761
    0.2536   -0.1101    0.9610
   -0.3491   -0.9370   -0.0152
...    43 A-T ...
  -72.8280  -88.7617   47.9920
    0.8882   -0.3191    0.3307
   -0.3080    0.1205    0.9437
   -0.3410   -0.9400    0.0088
...    44 C-G ...
  -73.5998  -91.9064   47.3798
    0.6201   -0.1449    0.7711
   -0.7327    0.2445    0.6351
   -0.2806   -0.9588    0.0455
...    45 T-A ...
  -73.9165  -95.4857   47.4437
    0.1199    0.0813    0.9895
   -0.9594    0.2658    0.0945
   -0.2553   -0.9606    0.1098
...    46 T-A ...
  -74.4173  -98.6432   47.7987
   -0.3643    0.2259    0.9035
   -0.8975    0.1738   -0.4053
   -0.2485   -0.9585    0.1394
...    47 A-T ...
  -75.3388 -101.7644   48.3979
   -0.7903    0.3600    0.4958
   -0.5391   -0.0241   -0.8419
   -0.2911   -0.9326    0.2131
...    48 C-G ...
  -76.1946 -104.6769   49.8050
   -0.9518    0.3055   -0.0272
   -0.0477   -0.2352   -0.9708
   -0.3029   -0.9227    0.2385
...    49 T-A ...
  -77.4102 -107.5506   51.0732
   -0.8136    0.1943   -0.5479
    0.4433   -0.4024   -0.8010
   -0.3761   -0.8946    0.2412
...    50 G-C ...
  -78.7204 -110.5645   51.6445
   -0.3838   -0.0070   -0.9234
    0.8276   -0.4463   -0.3405
   -0.4097   -0.8949    0.1771
...    51 T-A ...
  -80.5176 -113.1806   52.1425
    0.1003   -0.2201   -0.9703
    0.9081   -0.3783    0.1797
   -0.4067   -0.8991    0.1619
...    52 A-T ...
  -81.6180 -116.2520   52.7244
    0.6388   -0.3689   -0.6752
    0.6718   -0.1602    0.7232
   -0.3749   -0.9156    0.1455
...    53 G-C ...
  -83.0487 -119.1502   53.0670
    0.9198   -0.3062   -0.2454
    0.2753    0.0578    0.9596
   -0.2796   -0.9502    0.1374
...    54 G-C ...
  -83.9662 -122.6387   52.7120
    0.9509   -0.1283    0.2817
   -0.2529    0.2030    0.9460
   -0.1786   -0.9707    0.1606
...    55 T-A ...
  -84.1876 -125.8509   52.9016
    0.7033    0.0452    0.7094
   -0.6980    0.2326    0.6772
   -0.1344   -0.9715    0.1952
...    56 A-T ...
  -83.8731 -129.2568   53.4517
    0.2251    0.3047    0.9255
   -0.9732    0.1167    0.1983
   -0.0476   -0.9453    0.3228
...    57 T-A ...
  -83.3091 -132.2944   54.5012
   -0.2820    0.3580    0.8901
   -0.9588   -0.0724   -0.2746
   -0.0339   -0.9309    0.3637
...    58 C-G ...
  -83.2568 -135.3566   56.0374
   -0.8100    0.2683    0.5215
   -0.5850   -0.3068   -0.7508
   -0.0415   -0.9132    0.4055
...    59 T-A ...
  -83.4627 -138.1919   57.7111
   -0.9939    0.1074    0.0243
   -0.0694   -0.4395   -0.8956
   -0.0855   -0.8918    0.4443
...    60 C-G ...
  -83.9866 -141.2042   58.8534
   -0.8407   -0.1844   -0.5091
    0.5305   -0.4689   -0.7062
   -0.1084   -0.8638    0.4920
...    61 G-C ...
  -83.8888 -144.2623   60.0206
   -0.4106   -0.3944   -0.8221
    0.9032   -0.2993   -0.3075
   -0.1248   -0.8688    0.4791
...    62 A-T ...
  -83.9214 -147.0396   61.7521
    0.2133   -0.4776   -0.8523
    0.9741    0.0363    0.2234
   -0.0757   -0.8778    0.4730
...    63 G-C ...
  -84.2485 -149.9744   63.1905
    0.6997   -0.3590   -0.6177
    0.7140    0.3234    0.6209
   -0.0232   -0.8755    0.4826
...    64 C-G ...
  -84.5914 -153.1168   64.4657
    0.9819   -0.0569   -0.1806
    0.1852    0.4858    0.8542
    0.0391   -0.8722    0.4876
...    65 T-A ...
  -84.4429 -156.1999   65.7430
    0.9320    0.2917    0.2153
   -0.3329    0.4532    0.8269
    0.1436   -0.8423    0.5195
...    66 C-G ...
  -83.7327 -158.9415   67.4605
    0.5835    0.5689    0.5796
   -0.7780    0.1867    0.5999
    0.2331   -0.8010    0.5515
...    67 G-C ...
  -83.1114 -161.1343   69.7493
    0.0650    0.6796    0.7307
   -0.9480   -0.1865    0.2579
    0.3115   -0.7095    0.6321
...    68 G-C ...
  -81.7708 -163.1500   72.0481
   -0.4770    0.5308    0.7005
   -0.8191   -0.5574   -0.1354
    0.3186   -0.6384    0.7007
...    69 G-C ...
  -80.7315 -164.8221   74.7883
   -0.8714    0.2003    0.4478
   -0.4054   -0.8079   -0.4277
    0.2761   -0.5543    0.7852
...    70 A-T ...
  -79.7463 -166.3788   77.5710
   -0.9315   -0.3419    0.1239
    0.2084   -0.7812   -0.5884
    0.2980   -0.5223    0.7990
...    71 T-A ...
  -79.0638 -167.6661   80.5537
   -0.6789   -0.7093   -0.1899
    0.6677   -0.4888   -0.5615
    0.3054   -0.5079    0.8054
...    72 C-G ...
  -78.2880 -169.2992   83.4044
   -0.1122   -0.8827   -0.4564
    0.9347    0.0622   -0.3500
    0.3373   -0.4658    0.8181
...    73 C-G ...
  -77.2996 -170.7484   86.1967
    0.3624   -0.6765   -0.6411
    0.8472    0.5258   -0.0758
    0.3884   -0.5157    0.7637
...    74 G-C ...
  -75.6046 -172.1082   88.6457
    0.7155   -0.2196   -0.6632
    0.5025    0.8213    0.2702
    0.4853   -0.5266    0.6980
...    75 C-G ...
  -74.2522 -174.2960   90.9590
    0.8507    0.3056   -0.4277
   -0.0110    0.8238    0.5667
    0.5255   -0.4774    0.7042
...    76 T-A ...
  -72.4022 -176.2414   93.0784
    0.6539    0.7482   -0.1125
   -0.4765    0.5228    0.7069
    0.5877   -0.4086    0.6983
...    77 T-A ...
  -70.1905 -177.5289   95.0444
    0.2455    0.9383    0.2438
   -0.7530    0.0262    0.6575
    0.6105   -0.3450    0.7130
...    78 T-A ...
  -68.1491 -178.4413   97.3242
   -0.2619    0.8366    0.4812
   -0.7439   -0.4926    0.4516
    0.6148   -0.2397    0.7514
...    79 A-T ...
  -66.3134 -178.9166  100.0885
   -0.7141    0.4452    0.5402
   -0.4221   -0.8895    0.1750
    0.5584   -0.1031    0.8231
...    80 A-T ...
  -64.5367 -178.9314  102.7246
   -0.8307   -0.1266    0.5421
    0.0752   -0.9904   -0.1161
    0.5516   -0.0557    0.8322
...    81 C-G ...
  -62.9543 -178.4890  105.6781
   -0.6264   -0.6490    0.4318
    0.5331   -0.7608   -0.3702
    0.5687   -0.0017    0.8225
...    82 A-T ...
  -61.1282 -178.5792  108.4592
   -0.1802   -0.9757    0.1247
    0.7981   -0.2192   -0.5612
    0.5749   -0.0016    0.8182
...    83 C-G ...
  -59.8166 -178.5993  111.6230
    0.2748   -0.9446   -0.1794
    0.7598    0.3277   -0.5615
    0.5892    0.0180    0.8078
...    84 T-A ...
  -58.1567 -179.0190  114.8266
    0.6466   -0.6078   -0.4610
    0.4536    0.7922   -0.4082
    0.6133    0.0549    0.7879
...    85 T-A ...
  -56.2634 -179.1955  117.4514
    0.7896   -0.0527   -0.6113
   -0.0135    0.9946   -0.1033
    0.6134    0.0898    0.7846
...    86 T-A ...
  -54.2253 -179.0117  119.9457
    0.6037    0.4958   -0.6243
   -0.4489    0.8586    0.2477
    0.6588    0.1307    0.7409
...    87 A-T ...
  -51.9850 -178.3271  122.1536
    0.1697    0.7980   -0.5783
   -0.6678    0.5246    0.5281
    0.7248    0.2965    0.6219
...    88 T-A ...
  -49.2274 -177.5140  123.5234
   -0.2228    0.9157   -0.3344
   -0.6516    0.1153    0.7498
    0.7251    0.3849    0.5710
...    89 G-C ...
  -46.7430 -175.9555  125.1471
   -0.6475    0.7534    0.1146
   -0.3530   -0.4298    0.8310
    0.6753    0.4977    0.5443
...    90 C-G ...
  -44.7541 -173.8047  126.6612
   -0.7713    0.3732    0.5156
    0.0807   -0.7463    0.6607
    0.6313    0.5512    0.5455
...    91 T-A ...
  -43.2372 -171.3062  128.6402
   -0.5764   -0.1006    0.8110
    0.5659   -0.7650    0.3074
    0.5895    0.6361    0.4979
...    92 T-A ...
  -41.5859 -169.0452  130.2380
   -0.1446   -0.5097    0.8481
    0.8066   -0.5571   -0.1973
    0.5731    0.6556    0.4917
...    93 C-G ...
  -39.7821 -166.6947  131.9490
    0.4103   -0.7138    0.5676
    0.7173   -0.1318   -0.6842
    0.5632    0.6878    0.4580
...    94 T-A ...
  -38.0436 -164.4590  133.7712
    0.7157   -0.6903    0.1058
    0.3814    0.2595   -0.8873
    0.5850    0.6754    0.4490
...    95 C-G ...
  -36.2248 -162.1601  135.2441
    0.7996   -0.4447   -0.4035
   -0.1072    0.5554   -0.8247
    0.5908    0.7027    0.3964
...    96 A-T ...
  -34.5859 -159.4654  136.4579
    0.5246   -0.1447   -0.8389
   -0.5505    0.6940   -0.4640
    0.6494    0.7053    0.2844
...    97 T-A ...
  -32.1589 -157.5403  137.3570
    0.1427    0.1529   -0.9779
   -0.7312    0.6822   -0.0001
    0.6671    0.7150    0.2091
...    98 G-C ...
  -29.6683 -155.0908  137.7004
   -0.3940    0.3707   -0.8410
   -0.6719    0.5082    0.5388
    0.6271    0.7774    0.0489
...    99 T-A ...
  -27.3294 -152.8058  137.1948
   -0.7100    0.5281   -0.4658
   -0.3713    0.2813    0.8849
    0.5983    0.8012   -0.0037
...   100 T-A ...
  -25.5704 -150.2228  136.8809
   -0.8391    0.5409    0.0572
    0.0718    0.0058    0.9974
    0.5392    0.8411   -0.0437
...   101 A-T ...
  -23.9688 -147.3104  136.7800
   -0.6961    0.3876    0.6043
    0.5504   -0.2524    0.7959
    0.4610    0.8866   -0.0376
...   102 T-A ...
  -23.0330 -144.2610  136.1564
   -0.3220    0.2364    0.9168
    0.8301   -0.3952    0.3934
    0.4553    0.8876   -0.0689
...   103 A-T ...
  -21.3230 -141.3357  135.8519
    0.2787   -0.0235    0.9601
    0.8583   -0.4425   -0.2600
    0.4309    0.8965   -0.1032
...   104 A-T ...
  -20.1439 -138.3642  135.5187
    0.7297   -0.2355    0.6420
    0.5411   -0.3751   -0.7527
    0.4180    0.8966   -0.1462
...   105 C-G ...
  -19.0648 -135.0890  135.5870
    0.9145   -0.3848    0.1251
    0.0456   -0.2091   -0.9768
    0.4020    0.8990   -0.1737
...   106 G-C ...
  -17.6344 -132.3193  134.6658
    0.7336   -0.5419   -0.4100
   -0.4697    0.0316   -0.8822
    0.4910    0.8399   -0.2314
...   107 G-C ...
  -15.7669 -129.7321  133.9226
    0.3366   -0.5366   -0.7737
   -0.7665    0.3211   -0.5562
    0.5469    0.7803   -0.3032
...   108 A-T ...
  -13.8364 -127.3914  132.8177
   -0.2000   -0.3160   -0.9274
   -0.8094    0.5867   -0.0254
    0.5521    0.7456   -0.3732
...   109 C-G ...
  -11.6492 -125.4813  131.2496
   -0.5881    0.0001   -0.8088
   -0.5850    0.6904    0.4255
    0.5584    0.7234   -0.4060
...   110 G-C ...
  -10.3709 -122.8791  129.7850
   -0.8924    0.2112   -0.3987
   -0.1812    0.6415    0.7454
    0.4132    0.7374   -0.5342
...   111 G-C ...
   -9.5528 -120.4769  127.5689
   -0.8796    0.4651    0.1005
    0.3436    0.4748    0.8103
    0.3291    0.7472   -0.5774
...   112 C-G ...
   -9.0739 -118.0739  125.2583
   -0.5694    0.6191    0.5409
    0.7701    0.1715    0.6144
    0.2876    0.7664   -0.5744
...   113 T-A ...
   -8.4266 -115.5857  123.1930
   -0.1031    0.5966    0.7959
    0.9608   -0.1473    0.2349
    0.2573    0.7889   -0.5581
...   114 C-G ...
   -7.4962 -112.9226  121.5181
    0.4571    0.3858    0.8014
    0.8570   -0.4322   -0.2807
    0.2381    0.8151   -0.5282
...   115 G-C ...
   -6.3559 -110.4995  119.5863
    0.8489    0.0264    0.5279
    0.4475   -0.5674   -0.6912
    0.2813    0.8230   -0.4935
...   116 T-A ...
   -5.3368 -107.6046  118.4841
    0.9467   -0.3012    0.1142
   -0.0529   -0.4950   -0.8673
    0.3178    0.8150   -0.4846
...   117 A-T ...
   -3.9802 -104.6881  117.3237
    0.7293   -0.5855   -0.3539
   -0.5656   -0.2248   -0.7935
    0.3850    0.7788   -0.4951
...   118 T-A ...
   -2.2488 -102.1819  116.2460
    0.3640   -0.6154   -0.6991
   -0.8521    0.0830   -0.5167
    0.3760    0.7838   -0.4942
...   119 A-T ...
   -1.1539  -99.6175  114.4542
   -0.1941   -0.5232   -0.8298
   -0.9010    0.4296   -0.0601
    0.3879    0.7360   -0.5548
...   120 A-T ...
    0.3349  -97.4893  112.5265
   -0.6702   -0.2278   -0.7063
   -0.6436    0.6523    0.4003
    0.3696    0.7229   -0.5838
...   121 T-A ...
    1.8249  -95.6185  110.2052
   -0.9054    0.1303   -0.4041
   -0.2146    0.6808    0.7004
    0.3663    0.7208   -0.5884
...   122 G-C ...
    2.9073  -93.3143  107.8732
   -0.9011    0.4186    0.1134
    0.3341    0.5034    0.7968
    0.2765    0.7559   -0.5935
...   123 T-A ...
    3.4335  -91.0389  105.6008
   -0.6353    0.5928    0.4951
    0.7284    0.2467    0.6393
    0.2568    0.7667   -0.5884
...   124 G-C ...
    4.0499  -88.4279  103.6382
   -0.1519    0.5607    0.8139
    0.9655   -0.0920    0.2436
    0.2115    0.8229   -0.5274
...   125 T-A ...
    4.1926  -85.7468  101.8726
    0.3462    0.3976    0.8498
    0.9129   -0.3515   -0.2075
    0.2162    0.8476   -0.4847
...   126 C-G ...
    4.8619  -83.0095  100.4672
    0.8082    0.1253    0.5755
    0.5526   -0.4992   -0.6674
    0.2036    0.8574   -0.4726
...   127 G-C ...
    5.9102  -80.4913   98.6616
    0.9318   -0.2673    0.2456
    0.1030   -0.4541   -0.8850
    0.3481    0.8499   -0.3956
...   128 A-T ...
    6.9419  -77.7676   97.4535
    0.8188   -0.4848   -0.3074
   -0.4572   -0.2269   -0.8599
    0.3471    0.8447   -0.4074
...   129 C-G ...
    8.5640  -74.9822   96.7434
    0.4472   -0.5661   -0.6925
   -0.8117    0.0683   -0.5800
    0.3756    0.8215   -0.4290
...   130 C-G ...
   10.4213  -72.5537   95.2162
   -0.0687   -0.5318   -0.8441
   -0.9095    0.3811   -0.1660
    0.4100    0.7563   -0.5099
...   131 A-T ...
   11.1632  -69.8325   93.4503
   -0.5942   -0.2949   -0.7483
   -0.7150    0.6198    0.3235
    0.3683    0.7273   -0.5791
...   132 A-T ...
   12.4370  -67.6338   91.3651
   -0.8898    0.1074   -0.4434
   -0.2602    0.6789    0.6866
    0.3748    0.7263   -0.5762
...   133 A-T ...
   13.7100  -65.5397   89.1797
   -0.8581    0.5132    0.0174
    0.2977    0.4697    0.8311
    0.4183    0.7184   -0.5559
...   134 T-A ...
   14.7283  -63.4123   86.8246
   -0.5924    0.6746    0.4405
    0.6886    0.1400    0.7115
    0.4183    0.7248   -0.5474
...   135 G-C ...
   15.7211  -61.4788   83.9378
    0.0342    0.7399    0.6718
    0.8637   -0.3601    0.3526
    0.5028    0.5682   -0.6514
...   136 T-A ...
   15.7739  -59.5464   80.8037
    0.5516    0.4996    0.6680
    0.6739   -0.7388   -0.0038
    0.4916    0.4523   -0.7442
...   137 G-C ...
   16.8280  -57.7076   78.2739
    0.8528   -0.0847    0.5152
    0.1508   -0.9047   -0.3984
    0.4999    0.4175   -0.7588
...   138 A-T ...
   18.4176  -55.5141   76.5363
    0.8547   -0.5007    0.1370
   -0.3189   -0.7148   -0.6224
    0.4096    0.4883   -0.7706
...   139 G-C ...
   20.4152  -54.2945   74.5497
    0.5847   -0.7389   -0.3350
   -0.7594   -0.3532   -0.5465
    0.2854    0.5739   -0.7676
...   140 C-G ...
   21.4163  -51.8107   72.7951
    0.1305   -0.7142   -0.6876
   -0.8897    0.2217   -0.3991
    0.4375    0.6639   -0.6065
...   141 G-C ...
   22.1406  -50.1330   67.4726
   -0.4682   -0.8748    0.1248
   -0.8495    0.4067   -0.3362
    0.2434   -0.2634   -0.9335
...   142 C-G ...
   22.3377  -51.2252   64.5020
   -0.8529   -0.5117   -0.1032
   -0.4974    0.8566   -0.1372
    0.1587   -0.0657   -0.9851
...   143 T-A ...
   24.0060  -51.6201   61.9333
   -0.9563    0.0399   -0.2897
    0.0522    0.9980   -0.0348
    0.2877   -0.0484   -0.9565
...   144 C-G ...
   24.8857  -52.7207   58.9949
   -0.7530    0.5560   -0.3520
    0.5213    0.8304    0.1966
    0.4016   -0.0355   -0.9151
...   145 A-T ...
   25.5174  -52.9610   55.8128
   -0.2441    0.9563   -0.1609
    0.8907    0.2867    0.3528
    0.3835   -0.0571   -0.9218
...   146 C-G ...
   25.2677  -52.4925   52.0872
    0.3203    0.9428   -0.0928
    0.8825   -0.2613    0.3910
    0.3444   -0.2071   -0.9157
...   147 A-T ...
   25.6133  -52.5732   48.6480
    0.8597    0.5097    0.0339
    0.4498   -0.7866    0.4230
    0.2423   -0.3484   -0.9055
