  147 base-pairs
...     1 T-A ...
    0.0000    0.0000    0.0000
    1.0000    0.0000    0.0000
    0.0000    1.0000    0.0000
    0.0000    0.0000    1.0000
...     2 G-C ...
   -0.5555   -1.1003    3.3981
    0.7749    0.6051    0.1828
   -0.5991    0.7953   -0.0929
   -0.2016   -0.0375    0.9787
...     3 T-A ...
   -0.6619   -3.0237    6.5348
    0.3046    0.9250    0.2271
   -0.8994    0.3578   -0.2510
   -0.3134   -0.1278    0.9410
...     4 G-C ...
   -1.1607   -3.8418    9.6940
   -0.3351    0.9421    0.0133
   -0.8752   -0.3061   -0.3746
   -0.3489   -0.1372    0.9271
...     5 A-T ...
   -1.3881   -3.6770   12.8999
   -0.7835    0.6162   -0.0801
   -0.5677   -0.7622   -0.3109
   -0.2527   -0.1981    0.9470
...     6 G-C ...
   -2.6236   -3.5448   15.7072
   -0.9923    0.0611   -0.1075
   -0.0294   -0.9610   -0.2748
   -0.1201   -0.2695    0.9555
...     7 C-G ...
   -2.3138   -3.7570   18.8866
   -0.8620   -0.4995   -0.0864
    0.5008   -0.8655    0.0073
   -0.0785   -0.0370    0.9962
...     8 G-C ...
   -3.9561   -6.8109   23.3205
   -0.2581   -0.3560   -0.8981
    0.6294   -0.7673    0.1233
   -0.7330   -0.5335    0.4221
...     9 C-G ...
   -6.1177   -8.9414   24.2385
    0.1143   -0.7320   -0.6716
    0.8123   -0.3203    0.4874
   -0.5720   -0.6013    0.5580
...    10 T-A ...
   -8.5041   -9.6771   26.0540
    0.4660   -0.8587   -0.2131
    0.6274    0.1508    0.7640
   -0.6239   -0.4897    0.6090
...    11 C-G ...
  -11.0625  -11.3174   27.2336
    0.6660   -0.6911    0.2808
    0.3382    0.6152    0.7121
   -0.6649   -0.3794    0.6435
...    12 A-T ...
  -13.0013  -13.1789   29.0658
    0.7188   -0.1490    0.6790
   -0.1787    0.9043    0.3876
   -0.6718   -0.4000    0.6235
...    13 C-G ...
  -14.1788  -15.9359   31.3399
    0.4052    0.2865    0.8682
   -0.5270    0.8492   -0.0343
   -0.7470   -0.4437    0.4951
...    14 A-T ...
  -15.9532  -18.1566   33.3080
   -0.1503    0.6873    0.7107
   -0.6106    0.5008   -0.6135
   -0.7776   -0.5261    0.3444
...    15 A-T ...
  -18.2903  -19.9845   34.6398
   -0.4889    0.8365    0.2474
   -0.4044    0.0340   -0.9140
   -0.7729   -0.5469    0.3216
...    16 T-A ...
  -20.5943  -21.6390   36.3126
   -0.6264    0.7408   -0.2427
   -0.0972   -0.3831   -0.9186
   -0.7735   -0.5518    0.3119
...    17 T-A ...
  -23.1005  -23.2843   37.5381
   -0.5632    0.4102   -0.7173
    0.2770   -0.7241   -0.6316
   -0.7785   -0.5544    0.2942
...    18 T-A ...
  -25.7287  -24.8619   38.5659
   -0.2930   -0.0405   -0.9553
    0.5443   -0.8285   -0.1318
   -0.7861   -0.5585    0.2648
...    19 A-T ...
  -28.5182  -26.5691   39.1446
    0.1545   -0.3959   -0.9052
    0.5877   -0.6996    0.4064
   -0.7942   -0.5948    0.1246
...    20 T-A ...
  -31.4063  -28.1095   39.0626
    0.4429   -0.6739   -0.5914
    0.4286   -0.4202    0.7998
   -0.7875   -0.6077    0.1027
...    21 T-A ...
  -34.0107  -30.0315   39.0895
    0.6214   -0.7816   -0.0549
    0.1027    0.0118    0.9946
   -0.7768   -0.6237    0.0876
...    22 C-G ...
  -36.4219  -32.2241   39.2388
    0.5964   -0.6105    0.5211
   -0.2931    0.4388    0.8494
   -0.7473   -0.6593    0.0828
...    23 G-C ...
  -38.8882  -34.3601   39.8755
    0.4121   -0.2033    0.8882
   -0.6081    0.6646    0.4342
   -0.6785   -0.7191    0.1502
...    24 C-G ...
  -40.7799  -37.0322   40.3570
    0.0439    0.2128    0.9761
   -0.7464    0.6564   -0.1095
   -0.6641   -0.7238    0.1876
...    25 A-T ...
  -43.1092  -39.3111   40.9572
   -0.3295    0.6017    0.7276
   -0.6606    0.4036   -0.6330
   -0.6746   -0.6892    0.2645
...    26 A-T ...
  -45.1229  -41.6147   42.0475
   -0.6544    0.7146    0.2473
   -0.3541   -0.0007   -0.9352
   -0.6681   -0.6995    0.2535
...    27 A-T ...
  -47.2422  -43.8158   43.1404
   -0.7443    0.5862   -0.3200
    0.0810   -0.3964   -0.9145
   -0.6629   -0.7066    0.2475
...    28 G-C ...
  -49.5601  -45.9297   44.1574
   -0.5498    0.3447   -0.7608
    0.4525   -0.6427   -0.6182
   -0.7021   -0.6842    0.1974
...    29 G-C ...
  -52.1714  -47.9454   44.8185
   -0.1601    0.0146   -0.9870
    0.6617   -0.7404   -0.1182
   -0.7325   -0.6720    0.1089
...    30 C-G ...
  -54.8729  -49.8267   44.9917
    0.2577   -0.3448   -0.9026
    0.6358   -0.6429    0.4271
   -0.7276   -0.6839    0.0535
...    31 C-G ...
  -57.4476  -51.9967   44.7501
    0.6210   -0.5643   -0.5440
    0.3861   -0.3838    0.8388
   -0.6821   -0.7310   -0.0205
...    32 G-C ...
  -59.4841  -54.6227   44.8498
    0.8100   -0.5865   -0.0007
   -0.0357   -0.0505    0.9981
   -0.5854   -0.8084   -0.0618
...    33 G-C ...
  -61.2025  -57.4756   44.2717
    0.7185   -0.4496    0.5306
   -0.4749    0.2402    0.8466
   -0.5081   -0.8603   -0.0409
...    34 C-G ...
  -62.5078  -60.4839   43.8809
    0.3775   -0.2088    0.9022
   -0.7945    0.4275    0.4313
   -0.4757   -0.8796   -0.0045
...    35 C-G ...
  -63.7462  -63.6188   43.9405
   -0.0626    0.1249    0.9902
   -0.8870    0.4478   -0.1126
   -0.4575   -0.8854    0.0827
...    36 C-G ...
  -65.0225  -66.6847   44.4876
   -0.4876    0.4155    0.7678
   -0.7306    0.2873   -0.6194
   -0.4780   -0.8630    0.1635
...    37 G-C ...
  -66.9419  -69.3837   44.8382
   -0.7567    0.5898    0.2821
   -0.3630   -0.0202   -0.9316
   -0.5437   -0.8073    0.2294
...    38 A-T ...
  -68.7330  -71.9801   45.7018
   -0.8120    0.4896   -0.3178
    0.1385   -0.3674   -0.9197
   -0.5670   -0.7908    0.2305
...    39 C-G ...
  -70.8510  -74.2145   46.9196
   -0.6118    0.2465   -0.7516
    0.5322   -0.5746   -0.6217
   -0.5851   -0.7804    0.2204
...    40 A-T ...
  -72.7207  -76.8926   47.4857
   -0.1547   -0.0504   -0.9867
    0.7688   -0.6334   -0.0882
   -0.6205   -0.7722    0.1367
...    41 C-G ...
  -75.2332  -79.0354   47.7413
    0.2790   -0.3492   -0.8946
    0.7359   -0.5207    0.4328
   -0.6170   -0.7790    0.1117
...    42 G-C ...
  -77.0067  -81.8084   48.2183
    0.7030   -0.4811   -0.5237
    0.4559   -0.2603    0.8511
   -0.5458   -0.8371    0.0363
...    43 A-T ...
  -78.8158  -84.5240   48.2063
    0.8621   -0.5035    0.0567
   -0.0302    0.0606    0.9977
   -0.5058   -0.8619    0.0370
...    44 C-G ...
  -80.2453  -87.4506   47.7215
    0.7483   -0.3643    0.5544
   -0.4694    0.2997    0.8305
   -0.4687   -0.8817    0.0533
...    45 T-A ...
  -81.4487  -90.5198   47.7431
    0.4414   -0.0884    0.8929
   -0.7968    0.4190    0.4354
   -0.4127   -0.9037    0.1145
...    46 T-A ...
  -82.5244  -93.5521   48.0730
   -0.0610    0.1799    0.9818
   -0.9125    0.3886   -0.1279
   -0.4045   -0.9037    0.1405
...    47 A-T ...
  -83.8414  -96.5238   48.7262
   -0.5211    0.4488    0.7259
   -0.7406    0.1850   -0.6460
   -0.4243   -0.8743    0.2360
...    48 C-G ...
  -84.8829  -99.3550   50.0637
   -0.8152    0.5044    0.2848
   -0.3792   -0.0929   -0.9207
   -0.4379   -0.8585    0.2670
...    49 T-A ...
  -86.4033 -102.0124   51.3009
   -0.8728    0.4206   -0.2474
    0.0822   -0.3731   -0.9241
   -0.4810   -0.8270    0.2911
...    50 G-C ...
  -88.1080 -104.7768   51.9564
   -0.6370    0.1864   -0.7480
    0.5484   -0.5724   -0.6096
   -0.5418   -0.7985    0.2624
...    51 T-A ...
  -90.3393 -107.0065   53.0243
   -0.2534   -0.1318   -0.9583
    0.8005   -0.5848   -0.1312
   -0.5431   -0.8004    0.2537
...    52 A-T ...
  -91.9275 -109.8061   53.9250
    0.2845   -0.4609   -0.8406
    0.7977   -0.3726    0.4742
   -0.5318   -0.8054    0.2616
...    53 G-C ...
  -93.8810 -112.4086   54.5288
    0.6887   -0.5352   -0.4891
    0.5424   -0.0673    0.8374
   -0.4811   -0.8420    0.2439
...    54 G-C ...
  -95.6164 -115.2682   55.0117
    0.9161   -0.4009    0.0018
    0.0981    0.2284    0.9686
   -0.3888   -0.8872    0.2486
...    55 T-A ...
  -96.7368 -118.3485   55.2325
    0.8611   -0.1786    0.4759
   -0.3775    0.4025    0.8340
   -0.3405   -0.8978    0.2791
...    56 T-A ...
  -97.6515 -121.3489   55.9862
    0.5337    0.1158    0.8377
   -0.7882    0.4271    0.4431
   -0.3065   -0.8967    0.3193
...    57 C-G ...
  -98.4710 -124.2649   57.1459
    0.0163    0.3989    0.9168
   -0.9613    0.2584   -0.0953
   -0.2749   -0.8798    0.3877
...    58 A-T ...
  -99.4248 -127.0867   58.6314
   -0.4719    0.5814    0.6628
   -0.8363   -0.0571   -0.5453
   -0.2792   -0.8116    0.5131
...    59 T-A ...
  -99.8481 -129.5327   60.7819
   -0.8253    0.4780    0.3007
   -0.4943   -0.3539   -0.7940
   -0.2731   -0.8039    0.5284
...    60 G-C ...
 -101.0741 -132.1794   62.3569
   -0.9413    0.2373   -0.2400
    0.0500   -0.6052   -0.7945
   -0.3337   -0.7599    0.5578
...    61 T-A ...
 -102.3919 -134.2505   64.6169
   -0.7769   -0.1189   -0.6184
    0.5333   -0.6464   -0.5457
   -0.3348   -0.7537    0.5655
...    62 T-A ...
 -103.6724 -136.4608   66.6509
   -0.3445   -0.5139   -0.7856
    0.8904   -0.4442   -0.0998
   -0.2977   -0.7339    0.6106
...    63 A-T ...
 -104.2664 -138.9418   68.8370
    0.2798   -0.7012   -0.6558
    0.9209    0.0027    0.3899
   -0.2716   -0.7130    0.6464
...    64 T-A ...
 -105.6961 -141.3584   70.5680
    0.7059   -0.6032   -0.3712
    0.6599    0.3697    0.6541
   -0.2574   -0.7067    0.6590
...    65 A-T ...
 -106.5381 -143.8508   72.6071
    0.9778   -0.2060   -0.0396
    0.1652    0.6398    0.7506
   -0.1292   -0.7404    0.6596
...    66 A-T ...
 -106.8486 -146.3853   74.5722
    0.9167    0.2218    0.3324
   -0.3934    0.6471    0.6531
   -0.0702   -0.7294    0.6805
...    67 C-G ...
 -106.6102 -149.0452   76.4218
    0.5991    0.5720    0.5603
   -0.8007    0.4329    0.4141
   -0.0057   -0.6967    0.7173
...    68 G-C ...
 -106.6045 -151.0159   79.1050
    0.0812    0.8238    0.5611
   -0.9923    0.0137    0.1235
    0.0940   -0.5667    0.8185
...    69 G-C ...
 -105.9069 -152.4342   82.0820
   -0.4635    0.7594    0.4566
   -0.8779   -0.4634   -0.1204
    0.1201   -0.4566    0.8815
...    70 A-T ...
 -105.5333 -153.6707   85.1010
   -0.8920    0.3507    0.2851
   -0.4334   -0.8428   -0.3191
    0.1284   -0.4082    0.9038
...    71 A-T ...
 -105.0529 -154.6603   88.1707
   -0.9698   -0.2230    0.0988
    0.1628   -0.8934   -0.4187
    0.1816   -0.3900    0.9027
...    72 T-A ...
 -104.7070 -155.3236   91.4139
   -0.7378   -0.6692   -0.0889
    0.6380   -0.6481   -0.4158
    0.2207   -0.3635    0.9051
...    73 C-G ...
 -104.0569 -156.4307   94.4526
   -0.2065   -0.9297   -0.3050
    0.9479   -0.1128   -0.2979
    0.2425   -0.3506    0.9046
...    74 T-A ...
 -103.5288 -157.6821   97.4834
    0.3149   -0.8368   -0.4480
    0.9074    0.4038   -0.1165
    0.2783   -0.3698    0.8864
...    75 C-G ...
 -102.7342 -158.8653  100.4373
    0.7684   -0.4288   -0.4750
    0.5458    0.8267    0.1367
    0.3340   -0.3643    0.8693
...    76 G-C ...
 -101.5338 -159.7675  103.4124
    0.8653    0.1364   -0.4823
    0.0469    0.9360    0.3489
    0.4990   -0.3245    0.8036
...    77 A-T ...
  -99.8546 -160.8730  105.9377
    0.6913    0.6632   -0.2867
   -0.4367    0.6997    0.5655
    0.5756   -0.2657    0.7733
...    78 G-C ...
  -97.6462 -161.7574  108.1841
    0.3064    0.9496   -0.0658
   -0.7006    0.2717    0.6598
    0.6445   -0.1561    0.7485
...    79 C-G ...
  -95.1139 -161.9767  110.2471
   -0.1559    0.9603    0.2315
   -0.7207   -0.2709    0.6381
    0.6754   -0.0673    0.7343
...    80 T-A ...
  -92.6943 -161.7705  112.4633
   -0.5489    0.6886    0.4738
   -0.4879   -0.7242    0.4872
    0.6787    0.0363    0.7336
...    81 C-G ...
  -90.5957 -161.3541  114.9389
   -0.7335    0.1386    0.6654
   -0.0430   -0.9865    0.1581
    0.6784    0.0874    0.7295
...    82 G-C ...
  -88.4901 -161.4823  117.5227
   -0.6477   -0.4493    0.6153
    0.4227   -0.8838   -0.2005
    0.6339    0.1303    0.7624
...    83 G-C ...
  -86.5297 -160.8476  120.2005
   -0.3203   -0.8662    0.3835
    0.7160   -0.4865   -0.5007
    0.6203    0.1142    0.7760
...    84 G-C ...
  -84.5934 -160.2789  122.9103
    0.1026   -0.9946    0.0127
    0.7603    0.0702   -0.6457
    0.6414    0.0759    0.7635
...    85 A-T ...
  -82.5970 -159.8661  125.4763
    0.5135   -0.7667   -0.3853
    0.5305    0.6366   -0.5597
    0.6744    0.0830    0.7337
...    86 T-A ...
  -80.6702 -160.1265  128.1204
    0.6978   -0.3485   -0.6258
    0.1901    0.9325   -0.3072
    0.6906    0.0954    0.7169
...    87 C-G ...
  -78.4207 -159.8852  130.4590
    0.6211    0.2345   -0.7478
   -0.2476    0.9640    0.0967
    0.7436    0.1251    0.6568
...    88 C-G ...
  -75.6959 -159.7517  132.4186
    0.2887    0.6723   -0.6817
   -0.5158    0.7091    0.4808
    0.8066    0.2128    0.5515
...    89 G-C ...
  -73.0413 -158.6208  134.0782
   -0.1768    0.8892   -0.4220
   -0.5276    0.2764    0.8033
    0.8309    0.3647    0.4203
...    90 C-G ...
  -70.1974 -157.1743  134.8686
   -0.4860    0.8731    0.0386
   -0.3076   -0.2122    0.9275
    0.8180    0.4389    0.3717
...    91 T-A ...
  -67.5679 -155.3772  135.7322
   -0.6229    0.6088    0.4913
    0.0462   -0.5983    0.8000
    0.7809    0.5210    0.3445
...    92 T-A ...
  -65.1073 -153.4266  136.5882
   -0.4548    0.1786    0.8725
    0.4079   -0.8292    0.3823
    0.7917    0.5297    0.3042
...    93 T-A ...
  -62.7036 -151.3806  137.4233
   -0.0840   -0.2987    0.9507
    0.5931   -0.7816   -0.1932
    0.8008    0.5476    0.2428
...    94 A-T ...
  -59.6939 -149.8333  137.7390
    0.3918   -0.6849    0.6144
    0.4737   -0.4223   -0.7728
    0.7887    0.5938    0.1590
...    95 A-T ...
  -57.2799 -147.7764  138.4865
    0.6226   -0.7800    0.0634
    0.1347    0.0270   -0.9905
    0.7709    0.6252    0.1218
...    96 C-G ...
  -54.7578 -145.8706  139.4421
    0.5780   -0.6719   -0.4631
   -0.2220    0.4166   -0.8816
    0.7853    0.6123    0.0917
...    97 A-T ...
  -52.1948 -143.7522  139.5921
    0.2505   -0.4082   -0.8778
   -0.5015    0.7209   -0.4783
    0.8281    0.5601   -0.0242
...    98 C-G ...
  -49.1955 -142.4743  139.5578
   -0.0922   -0.0256   -0.9954
   -0.5537    0.8322    0.0299
    0.8276    0.5539   -0.0909
...    99 T-A ...
  -46.3674 -140.9297  138.9234
   -0.4464    0.3357   -0.8295
   -0.4036    0.7518    0.5214
    0.7986    0.5676   -0.2001
...   100 T-A ...
  -43.7846 -139.2276  138.0087
   -0.6325    0.6630   -0.4005
   -0.0755    0.4618    0.8837
    0.7709    0.5892   -0.2421
...   101 T-A ...
  -41.3781 -137.3646  136.9126
   -0.5857    0.7949    0.1584
    0.3058    0.0357    0.9514
    0.7507    0.6057   -0.2640
...   102 A-T ...
  -39.0055 -135.2060  136.0337
   -0.3401    0.6396    0.6894
    0.6209   -0.3978    0.6754
    0.7063    0.6578   -0.2618
...   103 T-A ...
  -37.2185 -132.7018  134.8203
    0.0321    0.3629    0.9313
    0.7126   -0.6617    0.2333
    0.7009    0.6561   -0.2799
...   104 G-C ...
  -34.7274 -130.6768  134.0262
    0.3958   -0.1178    0.9107
    0.5837   -0.7334   -0.3485
    0.7090    0.6695   -0.2215
...   105 C-G ...
  -32.5793 -128.2000  133.5075
    0.6324   -0.5146    0.5789
    0.2729   -0.5515   -0.7883
    0.7250    0.6565   -0.2083
...   106 T-A ...
  -30.1710 -125.9623  133.1282
    0.6495   -0.7548    0.0912
   -0.0987   -0.2026   -0.9743
    0.7539    0.6238   -0.2061
...   107 T-A ...
  -27.6921 -123.9088  132.7241
    0.4812   -0.7383   -0.4726
   -0.4600    0.2462   -0.8531
    0.7462    0.6279   -0.2212
...   108 C-G ...
  -25.1955 -121.9240  132.0361
    0.0889   -0.4950   -0.8643
   -0.6551    0.6246   -0.4251
    0.7503    0.6040   -0.2688
...   109 C-G ...
  -22.4625 -120.2267  131.0547
   -0.3515   -0.1609   -0.9222
   -0.5918    0.8015    0.0857
    0.7254    0.5759   -0.3770
...   110 G-C ...
  -20.3255 -118.1141  129.6269
   -0.7153    0.2047   -0.6681
   -0.2816    0.7906    0.5438
    0.6395    0.5771   -0.5078
...   111 G-C ...
  -18.3876 -116.3982  127.4551
   -0.8182    0.5276   -0.2285
    0.1629    0.5938    0.7879
    0.5514    0.6074   -0.5718
...   112 C-G ...
  -16.9193 -114.5158  125.1723
   -0.6315    0.7315    0.2571
    0.5920    0.2408    0.7691
    0.5007    0.6379   -0.5851
...   113 T-A ...
  -15.6514 -112.3302  123.0349
   -0.2603    0.7148    0.6491
    0.8524   -0.1456    0.5022
    0.4534    0.6840   -0.5714
...   114 C-G ...
  -14.3126 -109.9735  121.1954
    0.2760    0.4833    0.8308
    0.8530   -0.5215    0.0199
    0.4429    0.7032   -0.5562
...   115 G-C ...
  -12.5026 -107.8425  119.3816
    0.6629    0.0510    0.7469
    0.5707   -0.6802   -0.4601
    0.4846    0.7313   -0.4800
...   116 T-A ...
  -11.1672 -105.0392  118.2070
    0.8535   -0.3228    0.4090
    0.1436   -0.6089   -0.7802
    0.5009    0.7246   -0.4733
...   117 A-T ...
   -9.5302 -102.7514  116.4137
    0.7564   -0.6419   -0.1255
   -0.3954   -0.2959   -0.8696
    0.5211    0.7073   -0.4776
...   118 T-A ...
   -7.4587 -100.3974  115.4188
    0.4544   -0.7066   -0.5424
   -0.7237    0.0622   -0.6873
    0.5194    0.7049   -0.4831
...   119 A-T ...
   -5.7563  -98.1261  113.6921
   -0.0822   -0.5926   -0.8013
   -0.8463    0.4661   -0.2579
    0.5263    0.6569   -0.5398
...   120 A-T ...
   -3.8594  -96.2034  111.9032
   -0.5478   -0.2419   -0.8009
   -0.6563    0.7179    0.2320
    0.5188    0.6528   -0.5520
...   121 T-A ...
   -1.8849  -94.6299  109.8035
   -0.8091    0.1372   -0.5714
   -0.2959    0.7450    0.5979
    0.5077    0.6528   -0.5622
...   122 G-C ...
   -0.4592  -92.3510  107.8365
   -0.8918    0.4452   -0.0801
    0.2133    0.5700    0.7935
    0.3989    0.6906   -0.6033
...   123 T-A ...
    0.4870  -90.3600  105.3764
   -0.6707    0.6480    0.3608
    0.6443    0.2681    0.7162
    0.3674    0.7129   -0.5974
...   124 G-C ...
    1.6224  -87.8143  103.5608
   -0.2377    0.6075    0.7579
    0.9203   -0.1088    0.3758
    0.3108    0.7869   -0.5332
...   125 T-A ...
    2.0149  -85.0768  101.7467
    0.2605    0.4399    0.8594
    0.9143   -0.3984   -0.0733
    0.3101    0.8049   -0.5060
...   126 C-G ...
    2.9648  -82.3539  100.2053
    0.7328    0.1016    0.6728
    0.5986   -0.5664   -0.5665
    0.3235    0.8179   -0.4759
...   127 G-C ...
    4.3314  -79.8691   98.4495
    0.9040   -0.3101    0.2944
    0.1094   -0.4978   -0.8603
    0.4134    0.8099   -0.4161
...   128 A-T ...
    5.7269  -77.1894   97.1926
    0.7866   -0.5640   -0.2512
   -0.4339   -0.2156   -0.8748
    0.4393    0.7971   -0.4144
...   129 C-G ...
    7.5934  -74.6016   96.3067
    0.4382   -0.6114   -0.6589
   -0.7743    0.1155   -0.6222
    0.4565    0.7828   -0.4228
...   130 C-G ...
    9.4429  -72.1682   94.8891
   -0.0817   -0.5109   -0.8557
   -0.8789    0.4418   -0.1798
    0.4699    0.7374   -0.4851
...   131 A-T ...
   10.8407  -69.6785   93.1964
   -0.6031   -0.2401   -0.7607
   -0.6700    0.6700    0.3197
    0.4329    0.7024   -0.5649
...   132 A-T ...
   12.3597  -67.6193   91.1974
   -0.8748    0.1789   -0.4503
   -0.2183    0.6842    0.6959
    0.4325    0.7070   -0.5595
...   133 A-T ...
   13.7197  -65.5009   89.1512
   -0.8507    0.5252    0.0207
    0.3062    0.4633    0.8316
    0.4272    0.7138   -0.5549
...   134 T-A ...
   14.7283  -63.4123   86.8245
   -0.5924    0.6746    0.4405
    0.6886    0.1400    0.7115
    0.4183    0.7248   -0.5474
...   135 G-C ...
   15.7212  -61.4789   83.9377
    0.0342    0.7399    0.6718
    0.8637   -0.3601    0.3526
    0.5028    0.5682   -0.6514
...   136 T-A ...
   15.7739  -59.5465   80.8036
    0.5516    0.4996    0.6680
    0.6739   -0.7388   -0.0038
    0.4916    0.4523   -0.7442
...   137 G-C ...
   16.8280  -57.7076   78.2737
    0.8528   -0.0847    0.5152
    0.1508   -0.9047   -0.3984
    0.4999    0.4175   -0.7588
...   138 A-T ...
   18.4176  -55.5142   76.5362
    0.8547   -0.5007    0.1370
   -0.3189   -0.7148   -0.6224
    0.4096    0.4883   -0.7706
...   139 G-C ...
   20.4152  -54.2946   74.5496
    0.5847   -0.7389   -0.3350
   -0.7594   -0.3532   -0.5465
    0.2854    0.5739   -0.7676
...   140 C-G ...
   21.4164  -51.8108   72.7949
    0.1305   -0.7142   -0.6876
   -0.8897    0.2217   -0.3991
    0.4375    0.6639   -0.6065
...   141 G-C ...
   22.1407  -50.1331   67.4724
   -0.4682   -0.8748    0.1248
   -0.8495    0.4067   -0.3362
    0.2434   -0.2634   -0.9335
...   142 C-G ...
   22.3378  -51.2252   64.5019
   -0.8529   -0.5117   -0.1032
   -0.4974    0.8566   -0.1372
    0.1587   -0.0657   -0.9851
...   143 T-A ...
   24.0060  -51.6202   61.9332
   -0.9563    0.0399   -0.2897
    0.0522    0.9980   -0.0348
    0.2877   -0.0484   -0.9565
...   144 C-G ...
   24.8857  -52.7207   58.9948
   -0.7530    0.5560   -0.3520
    0.5213    0.8304    0.1966
    0.4016   -0.0355   -0.9151
...   145 A-T ...
   25.5174  -52.9610   55.8127
   -0.2441    0.9563   -0.1609
    0.8907    0.2867    0.3528
    0.3835   -0.0571   -0.9218
...   146 C-G ...
   25.2677  -52.4925   52.0870
    0.3203    0.9428   -0.0928
    0.8825   -0.2613    0.3910
    0.3444   -0.2071   -0.9157
...   147 A-T ...
   25.6133  -52.5733   48.6479
    0.8597    0.5097    0.0339
    0.4498   -0.7866    0.4230
    0.2423   -0.3484   -0.9055
