  147 base-pairs
...     1 T-A ...
    0.0000    0.0000    0.0000
    1.0000    0.0000    0.0000
    0.0000    1.0000    0.0000
    0.0000    0.0000    1.0000
...     2 G-C ...
   -0.5555   -1.1003    3.3981
    0.7749    0.6051    0.1828
   -0.5991    0.7953   -0.0929
   -0.2016   -0.0375    0.9787
...     3 T-A ...
   -0.6619   -3.0237    6.5348
    0.3046    0.9250    0.2271
   -0.8994    0.3578   -0.2510
   -0.3134   -0.1278    0.9410
...     4 G-C ...
   -1.1607   -3.8418    9.6940
   -0.3351    0.9421    0.0133
   -0.8752   -0.3061   -0.3746
   -0.3489   -0.1372    0.9271
...     5 A-T ...
   -1.3881   -3.6770   12.8999
   -0.7835    0.6162   -0.0801
   -0.5677   -0.7622   -0.3109
   -0.2527   -0.1981    0.9470
...     6 G-C ...
   -2.6236   -3.5448   15.7072
   -0.9923    0.0611   -0.1075
   -0.0294   -0.9610   -0.2748
   -0.1201   -0.2695    0.9555
...     7 C-G ...
   -2.3138   -3.7570   18.8866
   -0.8620   -0.4995   -0.0864
    0.5008   -0.8655    0.0073
   -0.0785   -0.0370    0.9962
...     8 G-C ...
   -3.9561   -6.8109   23.3205
   -0.2581   -0.3560   -0.8981
    0.6294   -0.7673    0.1233
   -0.7330   -0.5335    0.4221
...     9 C-G ...
   -6.1177   -8.9414   24.2385
    0.1143   -0.7320   -0.6716
    0.8123   -0.3203    0.4874
   -0.5720   -0.6013    0.5580
...    10 T-A ...
   -8.5041   -9.6771   26.0540
    0.4660   -0.8587   -0.2131
    0.6274    0.1508    0.7640
   -0.6239   -0.4897    0.6090
...    11 C-G ...
  -11.0625  -11.3174   27.2336
    0.6660   -0.6911    0.2808
    0.3382    0.6152    0.7121
   -0.6649   -0.3794    0.6435
...    12 A-T ...
  -13.0013  -13.1789   29.0658
    0.7188   -0.1490    0.6790
   -0.1787    0.9043    0.3876
   -0.6718   -0.4000    0.6235
...    13 C-G ...
  -14.1788  -15.9359   31.3399
    0.4052    0.2865    0.8682
   -0.5270    0.8492   -0.0343
   -0.7470   -0.4437    0.4951
...    14 A-T ...
  -15.9532  -18.1566   33.3080
   -0.1503    0.6873    0.7107
   -0.6106    0.5008   -0.6135
   -0.7776   -0.5261    0.3444
...    15 A-T ...
  -18.3654  -20.0043   34.4280
   -0.4731    0.8517    0.2253
   -0.3867    0.0290   -0.9218
   -0.7916   -0.5232    0.3156
...    16 T-A ...
  -20.7592  -21.6627   36.1672
   -0.6374    0.7117   -0.2953
   -0.0506   -0.4211   -0.9056
   -0.7688   -0.5623    0.3044
...    17 T-A ...
  -23.2935  -23.3103   37.4739
   -0.5652    0.3119   -0.7637
    0.3514   -0.7466   -0.5649
   -0.7463   -0.5877    0.3124
...    18 T-A ...
  -25.8135  -25.0756   38.4569
   -0.2312   -0.1188   -0.9656
    0.6000   -0.7987   -0.0454
   -0.7658   -0.5899    0.2560
...    19 A-T ...
  -28.2917  -27.1592   39.0506
    0.2235   -0.4469   -0.8662
    0.6082   -0.6306    0.4822
   -0.7617   -0.6346    0.1308
...    20 T-A ...
  -31.1275  -28.8591   38.9544
    0.5125   -0.6970   -0.5016
    0.4053   -0.3186    0.8569
   -0.7570   -0.6425    0.1192
...    21 T-A ...
  -33.6554  -30.9375   39.0185
    0.6573   -0.7505    0.0687
    0.0280    0.1154    0.9929
   -0.7531   -0.6507    0.0969
...    22 C-G ...
  -36.0397  -33.1761   39.2898
    0.5734   -0.5242    0.6296
   -0.3776    0.5129    0.7709
   -0.7271   -0.6798    0.0962
...    23 G-C ...
  -38.5333  -35.2380   40.2370
    0.3572   -0.0617    0.9320
   -0.6763    0.6711    0.3037
   -0.6442   -0.7387    0.1980
...    24 C-G ...
  -40.3421  -37.9063   40.8384
   -0.0160    0.3385    0.9408
   -0.7636    0.6032   -0.2301
   -0.6454   -0.7221    0.2488
...    25 A-T ...
  -42.8446  -40.0496   41.3115
   -0.4320    0.6577    0.6172
   -0.6088    0.2923   -0.7376
   -0.6654   -0.6943    0.2741
...    26 A-T ...
  -44.9541  -42.3230   42.3952
   -0.7093    0.6995    0.0872
   -0.2491   -0.1330   -0.9593
   -0.6594   -0.7022    0.2686
...    27 A-T ...
  -47.0119  -44.5453   43.6052
   -0.7368    0.4755   -0.4807
    0.2254   -0.4976   -0.8376
   -0.6375   -0.7255    0.2594
...    28 G-C ...
  -49.4166  -46.6401   44.7039
   -0.4650    0.1778   -0.8673
    0.5732   -0.6861   -0.4480
   -0.6747   -0.7054    0.2172
...    29 G-C ...
  -52.0310  -48.7984   45.3365
   -0.0027   -0.1768   -0.9842
    0.7283   -0.6748    0.1192
   -0.6853   -0.7165    0.1305
...    30 C-G ...
  -54.5557  -50.8907   45.4424
    0.4381   -0.4689   -0.7670
    0.5988   -0.4842    0.6380
   -0.6705   -0.7387    0.0686
...    31 C-G ...
  -56.9887  -53.1983   45.4475
    0.7492   -0.5915   -0.2979
    0.2491   -0.1651    0.9543
   -0.6137   -0.7892    0.0237
...    32 G-C ...
  -58.6614  -55.7491   45.7142
    0.8383   -0.4989    0.2201
   -0.1852    0.1191    0.9755
   -0.5128   -0.8584    0.0075
...    33 G-C ...
  -59.8796  -58.8859   45.6414
    0.6330   -0.2934    0.7164
   -0.6343    0.3339    0.6972
   -0.4438   -0.8958    0.0252
...    34 C-G ...
  -60.9296  -61.9923   45.6157
    0.2009   -0.0182    0.9794
   -0.8876    0.4196    0.1898
   -0.4145   -0.9075    0.0682
...    35 C-G ...
  -61.9811  -65.1800   46.2007
   -0.3058    0.2631    0.9150
   -0.8646    0.3257   -0.3826
   -0.3987   -0.9081    0.1279
...    36 C-G ...
  -63.2031  -68.2171   46.9220
   -0.7172    0.4372    0.5427
   -0.5693    0.0815   -0.8181
   -0.4019   -0.8957    0.1905
...    37 G-C ...
  -64.7828  -71.2640   46.6128
   -0.8878    0.4596   -0.0229
   -0.0678   -0.1799   -0.9813
   -0.4551   -0.8697    0.1909
...    38 A-T ...
  -66.1418  -74.0440   47.2724
   -0.7585    0.2688   -0.5937
    0.4731   -0.3993   -0.7853
   -0.4482   -0.8765    0.1757
...    39 C-G ...
  -68.0382  -76.5562   47.9613
   -0.3860    0.0571   -0.9207
    0.7940   -0.4876   -0.3631
   -0.4697   -0.8712    0.1428
...    40 A-T ...
  -69.7002  -79.4371   48.2821
    0.1761   -0.1674   -0.9700
    0.8688   -0.4368    0.2331
   -0.4627   -0.8839    0.0685
...    41 C-G ...
  -71.5023  -82.1914   48.0129
    0.6155   -0.3225   -0.7192
    0.6558   -0.2966    0.6942
   -0.4372   -0.8989    0.0289
...    42 G-C ...
  -72.6456  -85.2730   48.4883
    0.9144   -0.3570   -0.1907
    0.1778   -0.0691    0.9816
   -0.3636   -0.9316    0.0003
...    43 A-T ...
  -73.9053  -88.1706   48.4407
    0.8534   -0.3164    0.4143
   -0.3793    0.1684    0.9098
   -0.3576   -0.9336    0.0237
...    44 C-G ...
  -74.6907  -91.3285   47.9136
    0.5519   -0.1182    0.8255
   -0.7777    0.2842    0.5607
   -0.3009   -0.9514    0.0649
...    45 T-A ...
  -75.0839  -94.8970   48.1051
    0.0353    0.1250    0.9915
   -0.9592    0.2828   -0.0015
   -0.2806   -0.9510    0.1299
...    46 T-A ...
  -75.6834  -98.0255   48.5542
   -0.4439    0.2704    0.8543
   -0.8523    0.1671   -0.4957
   -0.2768   -0.9481    0.1563
...    47 A-T ...
  -76.7527 -101.1155   49.1301
   -0.8398    0.3771    0.3907
   -0.4418   -0.0562   -0.8954
   -0.3157   -0.9245    0.2137
...    48 C-G ...
  -77.7727 -103.9798   50.5392
   -0.9426    0.3000   -0.1468
    0.0636   -0.2704   -0.9606
   -0.3279   -0.9148    0.2358
...    49 T-A ...
  -79.1306 -106.8210   51.7473
   -0.7436    0.1690   -0.6469
    0.5368   -0.4259   -0.7283
   -0.3986   -0.8888    0.2260
...    50 G-C ...
  -80.4881 -109.8272   52.2651
   -0.2691   -0.0409   -0.9622
    0.8656   -0.4484   -0.2230
   -0.4223   -0.8929    0.1561
...    51 T-A ...
  -82.3168 -112.4458   52.6326
    0.2206   -0.2484   -0.9432
    0.8821   -0.3618    0.3016
   -0.4161   -0.8986    0.1393
...    52 A-T ...
  -83.4813 -115.5119   53.1299
    0.7227   -0.3702   -0.5837
    0.5802   -0.1341    0.8033
   -0.3756   -0.9192    0.1179
...    53 G-C ...
  -84.9061 -118.4269   53.3646
    0.9493   -0.2897   -0.1221
    0.1510    0.0796    0.9853
   -0.2757   -0.9538    0.1193
...    54 G-C ...
  -85.6916 -121.9413   52.9749
    0.9090   -0.0996    0.4047
   -0.3784    0.2101    0.9015
   -0.1748   -0.9726    0.1533
...    55 T-A ...
  -85.8531 -125.1573   53.1886
    0.6023    0.0733    0.7949
   -0.7870    0.2213    0.5759
   -0.1337   -0.9724    0.1909
...    56 A-T ...
  -85.5456 -128.5425   53.8333
    0.0871    0.3163    0.9446
   -0.9941    0.0894    0.0618
   -0.0649   -0.9444    0.3222
...    57 T-A ...
  -85.0414 -131.5620   54.9724
   -0.4166    0.3487    0.8396
   -0.9074   -0.1033   -0.4073
   -0.0553   -0.9315    0.3594
...    58 C-G ...
  -85.1094 -134.6239   56.5031
   -0.8860    0.2358    0.3994
   -0.4591   -0.3237   -0.8273
   -0.0658   -0.9163    0.3950
...    59 T-A ...
  -85.4535 -137.4827   58.1342
   -0.9905    0.0647   -0.1211
    0.0814   -0.4339   -0.8973
   -0.1106   -0.8986    0.4245
...    60 C-G ...
  -85.9715 -140.5311   59.2133
   -0.7454   -0.2198   -0.6293
    0.6533   -0.4286   -0.6241
   -0.1326   -0.8764    0.4630
...    61 G-C ...
  -85.8648 -143.6002   60.3654
   -0.2601   -0.3975   -0.8799
    0.9556   -0.2367   -0.1756
   -0.1385   -0.8865    0.4414
...    62 A-T ...
  -85.9531 -146.4010   62.0481
    0.3649   -0.4347   -0.8233
    0.9277    0.0943    0.3613
   -0.0795   -0.8956    0.4377
...    63 G-C ...
  -86.2736 -149.4072   63.3409
    0.8037   -0.2830   -0.5234
    0.5946    0.3486    0.7245
   -0.0226   -0.8935    0.4484
...    64 C-G ...
  -86.5436 -152.6179   64.4434
    0.9987    0.0242   -0.0457
    0.0294    0.4608    0.8870
    0.0425   -0.8872    0.4594
...    65 T-A ...
  -86.3233 -155.7384   65.6169
    0.8669    0.3550    0.3500
   -0.4767    0.3850    0.7903
    0.1458   -0.8519    0.5029
...    66 C-G ...
  -85.6046 -158.4490   67.3497
    0.4493    0.5847    0.6754
   -0.8615    0.0834    0.5009
    0.2365   -0.8070    0.5412
...    67 G-C ...
  -85.1097 -160.7098   69.6420
   -0.0973    0.6328    0.7682
   -0.9482   -0.2935    0.1217
    0.3024   -0.7165    0.6286
...    68 G-C ...
  -83.8556 -162.7296   72.0009
   -0.6141    0.4271    0.6637
   -0.7296   -0.6279   -0.2710
    0.3010   -0.6506    0.6972
...    69 G-C ...
  -82.9790 -164.4903   74.7417
   -0.9354    0.0685    0.3470
   -0.2542   -0.8123   -0.5249
    0.2459   -0.5792    0.7772
...    70 A-T ...
  -82.1275 -166.1367   77.5310
   -0.8880   -0.4597   -0.0120
    0.3709   -0.7005   -0.6097
    0.2718   -0.5459    0.7925
...    71 T-A ...
  -81.6119 -167.5724   80.4816
   -0.5548   -0.7696   -0.3161
    0.7831   -0.3547   -0.5108
    0.2810   -0.5309    0.7995
...    72 C-G ...
  -80.9273 -169.3182   83.2891
    0.0564   -0.8481   -0.5268
    0.9487    0.2099   -0.2363
    0.3110   -0.4865    0.8165
...    73 C-G ...
  -80.0433 -170.7961   86.1061
    0.5100   -0.5622   -0.6511
    0.7687    0.6376    0.0515
    0.3862   -0.5267    0.7573
...    74 G-C ...
  -78.3914 -172.1510   88.5954
    0.7867   -0.0594   -0.6145
    0.3615    0.8511    0.3806
    0.5004   -0.5216    0.6911
...    75 C-G ...
  -76.9177 -174.3569   90.8134
    0.8277    0.4552   -0.3283
   -0.1652    0.7567    0.6325
    0.5364   -0.4693    0.7015
...    76 T-A ...
  -74.9341 -176.2189   92.8895
    0.5484    0.8362    0.0055
   -0.5887    0.3814    0.7127
    0.5939   -0.3941    0.7014
...    77 T-A ...
  -72.6905 -177.3878   94.8965
    0.0948    0.9325    0.3484
   -0.7860   -0.1447    0.6010
    0.6109   -0.3308    0.7193
...    78 T-A ...
  -70.6616 -178.2456   97.2132
   -0.4025    0.7341    0.5469
   -0.6890   -0.6363    0.3471
    0.6028   -0.2371    0.7619
...    79 A-T ...
  -68.9670 -178.9065  100.0161
   -0.7778    0.2633    0.5708
   -0.2952   -0.9547    0.0381
    0.5549   -0.1389    0.8202
...    80 A-T ...
  -67.2173 -179.0538  102.6823
   -0.7995   -0.3249    0.5052
    0.2185   -0.9408   -0.2592
    0.5594   -0.0968    0.8232
...    81 C-G ...
  -65.6749 -178.8384  105.6923
   -0.5135   -0.7938    0.3259
    0.6361   -0.6070   -0.4764
    0.5760   -0.0373    0.8166
...    82 A-T ...
  -63.7857 -179.0304  108.4172
   -0.0227   -0.9995   -0.0220
    0.8050   -0.0052   -0.5932
    0.5928   -0.0312    0.8047
...    83 C-G ...
  -62.3904 -179.3002  111.5301
    0.4090   -0.8536   -0.3225
    0.6788    0.5208   -0.5176
    0.6098   -0.0073    0.7925
...    84 T-A ...
  -60.5388 -179.9033  114.5811
    0.7023   -0.4265   -0.5699
    0.3089    0.9039   -0.2958
    0.6413    0.0317    0.7666
...    85 T-A ...
  -58.4800 -180.1765  117.0621
    0.7426    0.1518   -0.6523
   -0.1594    0.9860    0.0480
    0.6505    0.0683    0.7564
...    86 T-A ...
  -56.3018 -180.0020  119.4199
    0.4700    0.6547   -0.5920
   -0.5355    0.7447    0.3983
    0.7016    0.1299    0.7006
...    87 A-T ...
  -53.9374 -179.2845  121.4543
    0.0016    0.8669   -0.4986
   -0.6680    0.3720    0.6446
    0.7442    0.3320    0.5797
...    88 T-A ...
  -51.1621 -178.2676  122.6347
   -0.3735    0.9039   -0.2083
   -0.5691   -0.0459    0.8210
    0.7326    0.4252    0.5316
...    89 G-C ...
  -48.7217 -176.5407  124.1470
   -0.7178    0.6447    0.2629
   -0.1956   -0.5491    0.8125
    0.6683    0.5318    0.5202
...    90 C-G ...
  -46.8109 -174.2968  125.6624
   -0.7353    0.2186    0.6415
    0.2572   -0.7857    0.5626
    0.6270    0.5787    0.5216
...    91 T-A ...
  -45.3601 -171.8051  127.7092
   -0.4387   -0.2447    0.8647
    0.6917   -0.7062    0.1511
    0.5737    0.6643    0.4791
...    92 T-A ...
  -43.7679 -169.4782  129.2802
    0.0498   -0.5875    0.8077
    0.8252   -0.4314   -0.3646
    0.5626    0.6847    0.4633
...    93 C-G ...
  -42.0771 -167.0893  130.9933
    0.5715   -0.6891    0.4456
    0.6168    0.0025   -0.7871
    0.5413    0.7246    0.4264
...    94 C-G ...
  -40.4700 -164.5893  132.4158
    0.7591   -0.6473   -0.0688
    0.2131    0.3470   -0.9133
    0.6151    0.6786    0.4014
...    95 G-C ...
  -38.7821 -162.2014  133.3547
    0.6972   -0.4530   -0.5556
   -0.2269    0.5957   -0.7705
    0.6800    0.6633    0.3126
...    96 G-C ...
  -36.3351 -160.2073  134.4006
    0.3864   -0.1206   -0.9144
   -0.5853    0.7341   -0.3442
    0.7128    0.6682    0.2131
...    97 C-G ...
  -33.5738 -158.4362  135.0025
   -0.0368    0.2415   -0.9697
   -0.7090    0.6776    0.1956
    0.7043    0.6947    0.1463
...    98 T-A ...
  -30.9736 -156.3798  135.2044
   -0.4669    0.4524   -0.7599
   -0.5850    0.4863    0.6490
    0.6631    0.7476    0.0376
...    99 C-G ...
  -29.1342 -153.7228  134.9905
   -0.7637    0.5728   -0.2979
   -0.1861    0.2464    0.9511
    0.6182    0.7818   -0.0816
...   100 G-C ...
  -27.3889 -150.9037  135.0930
   -0.7925    0.5391    0.2851
    0.3170   -0.0352    0.9478
    0.5210    0.8415   -0.1430
...   101 T-A ...
  -26.2281 -147.9842  134.3144
   -0.5394    0.4178    0.7311
    0.6964   -0.2667    0.6663
    0.4734    0.8685   -0.1471
...   102 A-T ...
  -25.2155 -144.8044  133.6643
   -0.0629    0.1744    0.9827
    0.9024   -0.4105    0.1306
    0.4262    0.8950   -0.1316
...   103 T-A ...
  -24.5777 -141.5774  133.1598
    0.4199   -0.0148    0.9074
    0.8089   -0.4472   -0.3816
    0.4114    0.8943   -0.1758
...   104 C-G ...
  -23.3585 -138.5521  132.5923
    0.8237   -0.3024    0.4796
    0.3688   -0.3568   -0.8583
    0.4307    0.8838   -0.1824
...   105 A-T ...
  -22.1705 -135.5335  131.6870
    0.8474   -0.5281   -0.0543
   -0.1438   -0.1300   -0.9810
    0.5110    0.8392   -0.1861
...   106 T-A ...
  -20.3322 -132.8695  131.5306
    0.6502   -0.5571   -0.5166
   -0.5389    0.1411   -0.8305
    0.5355    0.8184   -0.2085
...   107 G-C ...
  -18.2632 -130.1676  130.8453
    0.1779   -0.4754   -0.8616
   -0.8168    0.4170   -0.3988
    0.5488    0.7747   -0.3141
...   108 T-A ...
  -15.9130 -128.0524  129.8679
   -0.2750   -0.2360   -0.9320
   -0.7970    0.5982    0.0837
    0.5378    0.7658   -0.3526
...   109 T-A ...
  -14.1811 -125.8255  128.5068
   -0.6851    0.0387   -0.7274
   -0.5356    0.6501    0.5390
    0.4937    0.7589   -0.4246
...   110 A-T ...
  -12.8120 -123.3115  126.9304
   -0.9229    0.2523   -0.2910
   -0.1005    0.5717    0.8143
    0.3718    0.7808   -0.5022
...   111 T-A ...
  -11.7720 -121.2272  124.6948
   -0.8570    0.4963    0.1390
    0.3631    0.3899    0.8462
    0.3658    0.7757   -0.5143
...   112 A-T ...
  -10.6725 -118.5878  123.0152
   -0.5409    0.5794    0.6097
    0.7884    0.0967    0.6076
    0.2930    0.8093   -0.5091
...   113 A-T ...
   -9.9661 -116.0165  121.2811
   -0.0308    0.5337    0.8451
    0.9586   -0.2237    0.1762
    0.2831    0.8156   -0.5047
...   114 C-G ...
   -9.7462 -113.0021  119.6100
    0.4919    0.3398    0.8016
    0.8242   -0.4784   -0.3029
    0.2806    0.8097   -0.5154
...   115 G-C ...
   -8.4776 -110.4742  117.9988
    0.8388   -0.0588    0.5412
    0.4203   -0.5618   -0.7126
    0.3459    0.8252   -0.4465
...   116 G-C ...
   -7.2237 -107.6883  116.7911
    0.9015   -0.4096    0.1396
   -0.0567   -0.4317   -0.9002
    0.4290    0.8036   -0.4124
...   117 A-T ...
   -5.7703 -104.9336  115.6628
    0.6919   -0.5992   -0.4028
   -0.5711   -0.1130   -0.8130
    0.4417    0.7926   -0.4204
...   118 T-A ...
   -3.7899 -102.4725  114.7561
    0.3224   -0.5867   -0.7428
   -0.8374    0.1891   -0.5128
    0.4413    0.7874   -0.4304
...   119 A-T ...
   -2.4701  -99.8925  113.1710
   -0.2202   -0.4544   -0.8631
   -0.8665    0.4975   -0.0408
    0.4479    0.7390   -0.5033
...   120 A-T ...
   -0.8148  -97.7642  111.3883
   -0.6766   -0.1413   -0.7227
   -0.6020    0.6713    0.4324
    0.4240    0.7276   -0.5393
...   121 T-A ...
    0.8157  -95.8711  109.1897
   -0.8915    0.2090   -0.4020
   -0.1777    0.6550    0.7345
    0.4168    0.7262   -0.5468
...   122 G-C ...
    2.0386  -93.5223  106.9725
   -0.8786    0.4598    0.1293
    0.3541    0.4453    0.8224
    0.3205    0.7683   -0.5541
...   123 T-A ...
    2.6739  -91.1649  104.8261
   -0.6105    0.5988    0.5184
    0.7342    0.1823    0.6540
    0.2971    0.7799   -0.5509
...   124 G-C ...
    3.4066  -88.4952  102.9995
   -0.1344    0.5307    0.8369
    0.9587   -0.1438    0.2452
    0.2505    0.8353   -0.4894
...   125 T-A ...
    3.6704  -85.7470  101.3516
    0.3555    0.3477    0.8676
    0.8997   -0.3790   -0.2168
    0.2534    0.8576   -0.4475
...   126 C-G ...
    4.4573  -82.9838  100.0692
    0.8082    0.0712    0.5845
    0.5382   -0.4921   -0.6843
    0.2389    0.8676   -0.4360
...   127 G-C ...
    5.5911  -80.4464   98.3632
    0.9232   -0.3030    0.2363
    0.0909   -0.4252   -0.9005
    0.3734    0.8528   -0.3650
...   128 A-T ...
    6.6883  -77.7122   97.2505
    0.8056   -0.4967   -0.3229
   -0.4623   -0.1862   -0.8670
    0.3705    0.8477   -0.3796
...   129 C-G ...
    8.3844  -74.9525   96.6219
    0.4334   -0.5556   -0.7096
   -0.8094    0.1063   -0.5776
    0.3963    0.8246   -0.4037
...   130 C-G ...
   10.3089  -72.5321   95.1715
   -0.0794   -0.5084   -0.8574
   -0.9010    0.4047   -0.1565
    0.4265    0.7601   -0.4902
...   131 A-T ...
   11.1333  -69.8322   93.4266
   -0.5964   -0.2822   -0.7515
   -0.7086    0.6248    0.3278
    0.3770    0.7280   -0.5726
...   132 A-T ...
   12.4277  -67.6328   91.3595
   -0.8891    0.1137   -0.4435
   -0.2568    0.6781    0.6887
    0.3790    0.7261   -0.5737
...   133 A-T ...
   13.7095  -65.5381   89.1785
   -0.8565    0.5158    0.0185
    0.2994    0.4673    0.8319
    0.4204    0.7181   -0.5547
...   134 T-A ...
   14.7284  -63.4124   86.8245
   -0.5924    0.6746    0.4405
    0.6886    0.1400    0.7115
    0.4183    0.7248   -0.5474
...   135 G-C ...
   15.7213  -61.4789   83.9378
    0.0342    0.7399    0.6718
    0.8637   -0.3601    0.3526
    0.5028    0.5682   -0.6514
...   136 T-A ...
   15.7740  -59.5466   80.8037
    0.5516    0.4996    0.6680
    0.6739   -0.7388   -0.0038
    0.4916    0.4523   -0.7442
...   137 G-C ...
   16.8282  -57.7077   78.2738
    0.8528   -0.0847    0.5152
    0.1508   -0.9047   -0.3984
    0.4999    0.4175   -0.7588
...   138 A-T ...
   18.4177  -55.5143   76.5363
    0.8547   -0.5007    0.1370
   -0.3189   -0.7148   -0.6224
    0.4096    0.4883   -0.7706
...   139 G-C ...
   20.4153  -54.2946   74.5497
    0.5847   -0.7389   -0.3350
   -0.7594   -0.3532   -0.5465
    0.2854    0.5739   -0.7676
...   140 C-G ...
   21.4165  -51.8109   72.7950
    0.1305   -0.7142   -0.6876
   -0.8897    0.2217   -0.3991
    0.4375    0.6639   -0.6065
...   141 G-C ...
   22.1408  -50.1332   67.4725
   -0.4682   -0.8748    0.1248
   -0.8495    0.4067   -0.3362
    0.2434   -0.2634   -0.9335
...   142 C-G ...
   22.3379  -51.2253   64.5020
   -0.8529   -0.5117   -0.1032
   -0.4974    0.8566   -0.1372
    0.1587   -0.0657   -0.9851
...   143 T-A ...
   24.0061  -51.6203   61.9333
   -0.9563    0.0399   -0.2897
    0.0522    0.9980   -0.0348
    0.2877   -0.0484   -0.9565
...   144 C-G ...
   24.8858  -52.7208   58.9948
   -0.7530    0.5560   -0.3520
    0.5213    0.8304    0.1966
    0.4016   -0.0355   -0.9151
...   145 A-T ...
   25.5175  -52.9611   55.8128
   -0.2441    0.9563   -0.1609
    0.8907    0.2867    0.3528
    0.3835   -0.0571   -0.9218
...   146 C-G ...
   25.2678  -52.4926   52.0871
    0.3203    0.9428   -0.0928
    0.8825   -0.2613    0.3910
    0.3444   -0.2071   -0.9157
...   147 A-T ...
   25.6134  -52.5734   48.6479
    0.8597    0.5097    0.0339
    0.4498   -0.7866    0.4230
    0.2423   -0.3484   -0.9055
