  147 base-pairs
...     1 T-A ...
    0.0000    0.0000    0.0000
    1.0000    0.0000    0.0000
    0.0000    1.0000    0.0000
    0.0000    0.0000    1.0000
...     2 G-C ...
   -0.5555   -1.1003    3.3981
    0.7749    0.6051    0.1828
   -0.5991    0.7953   -0.0929
   -0.2016   -0.0375    0.9787
...     3 T-A ...
   -0.6619   -3.0237    6.5348
    0.3046    0.9250    0.2271
   -0.8994    0.3578   -0.2510
   -0.3134   -0.1278    0.9410
...     4 G-C ...
   -1.1607   -3.8418    9.6940
   -0.3351    0.9421    0.0133
   -0.8752   -0.3061   -0.3746
   -0.3489   -0.1372    0.9271
...     5 A-T ...
   -1.3881   -3.6770   12.8999
   -0.7835    0.6162   -0.0801
   -0.5677   -0.7622   -0.3109
   -0.2527   -0.1981    0.9470
...     6 G-C ...
   -2.6236   -3.5448   15.7072
   -0.9923    0.0611   -0.1075
   -0.0294   -0.9610   -0.2748
   -0.1201   -0.2695    0.9555
...     7 C-G ...
   -2.3138   -3.7570   18.8866
   -0.8620   -0.4995   -0.0864
    0.5008   -0.8655    0.0073
   -0.0785   -0.0370    0.9962
...     8 G-C ...
   -3.9561   -6.8109   23.3205
   -0.2581   -0.3560   -0.8981
    0.6294   -0.7673    0.1233
   -0.7330   -0.5335    0.4221
...     9 C-G ...
   -6.1177   -8.9414   24.2385
    0.1143   -0.7320   -0.6716
    0.8123   -0.3203    0.4874
   -0.5720   -0.6013    0.5580
...    10 T-A ...
   -8.5041   -9.6771   26.0540
    0.4660   -0.8587   -0.2131
    0.6274    0.1508    0.7640
   -0.6239   -0.4897    0.6090
...    11 C-G ...
  -11.0625  -11.3174   27.2336
    0.6660   -0.6911    0.2808
    0.3382    0.6152    0.7121
   -0.6649   -0.3794    0.6435
...    12 A-T ...
  -13.0013  -13.1789   29.0658
    0.7188   -0.1490    0.6790
   -0.1787    0.9043    0.3876
   -0.6718   -0.4000    0.6235
...    13 C-G ...
  -14.1788  -15.9359   31.3399
    0.4052    0.2865    0.8682
   -0.5270    0.8492   -0.0343
   -0.7470   -0.4437    0.4951
...    14 A-T ...
  -15.9532  -18.1566   33.3080
   -0.1503    0.6873    0.7107
   -0.6106    0.5008   -0.6135
   -0.7776   -0.5261    0.3444
...    15 A-T ...
  -18.3609  -19.9917   34.4575
   -0.4639    0.8548    0.2327
   -0.4001    0.0322   -0.9159
   -0.7904   -0.5180    0.3270
...    16 T-A ...
  -20.7353  -21.6256   36.2431
   -0.6372    0.7185   -0.2788
   -0.0744   -0.4174   -0.9057
   -0.7671   -0.5563    0.3194
...    17 T-A ...
  -23.2484  -23.2420   37.6208
   -0.5850    0.3204   -0.7451
    0.3266   -0.7478   -0.5780
   -0.7423   -0.5815    0.3328
...    18 T-A ...
  -25.7566  -24.9473   38.7161
   -0.2764   -0.1147   -0.9542
    0.5904   -0.8037   -0.0744
   -0.7583   -0.5839    0.2899
...    19 A-T ...
  -28.2203  -26.9831   39.4178
    0.1660   -0.4300   -0.8874
    0.6303   -0.6458    0.4308
   -0.7584   -0.6309    0.1638
...    20 T-A ...
  -31.0780  -28.6460   39.4742
    0.4673   -0.6888   -0.5543
    0.4613   -0.3448    0.8175
   -0.7542   -0.6377    0.1566
...    21 T-A ...
  -33.6330  -30.6903   39.6597
    0.6572   -0.7535   -0.0166
    0.1167    0.0800    0.9899
   -0.7446   -0.6525    0.1405
...    22 C-G ...
  -35.9961  -32.9221   40.0459
    0.6352   -0.5485    0.5438
   -0.2940    0.4793    0.8269
   -0.7142   -0.6852    0.1432
...    23 G-C ...
  -38.3817  -35.0275   41.1552
    0.4618   -0.0966    0.8817
   -0.6366    0.6560    0.4054
   -0.6176   -0.7485    0.2415
...    24 C-G ...
  -40.1038  -37.7153   41.8592
    0.0978    0.3002    0.9488
   -0.7849    0.6094   -0.1119
   -0.6118   -0.7338    0.2953
...    25 A-T ...
  -42.4398  -39.9036   42.6535
   -0.3253    0.6334    0.7021
   -0.7088    0.3281   -0.6244
   -0.6259   -0.7008    0.3423
...    26 A-T ...
  -44.3776  -42.1961   43.9798
   -0.6717    0.7030    0.2337
   -0.4045   -0.0837   -0.9107
   -0.6206   -0.7063    0.3406
...    27 A-T ...
  -46.2411  -44.4311   45.4380
   -0.7973    0.5109   -0.3216
    0.0649   -0.4571   -0.8871
   -0.6001   -0.7281    0.3313
...    28 G-C ...
  -48.4571  -46.5310   46.8472
   -0.6108    0.2341   -0.7564
    0.4622   -0.6703   -0.5806
   -0.6429   -0.7042    0.3012
...    29 G-C ...
  -50.9559  -48.6629   47.8534
   -0.1991   -0.1154   -0.9732
    0.7168   -0.6943   -0.0643
   -0.6683   -0.7103    0.2209
...    30 C-G ...
  -53.4666  -50.6935   48.3587
    0.2573   -0.4232   -0.8688
    0.7018   -0.5362    0.4690
   -0.6643   -0.7304    0.1590
...    31 C-G ...
  -55.9403  -52.9189   48.7452
    0.6501   -0.5784   -0.4927
    0.4461   -0.2342    0.8638
   -0.6150   -0.7814    0.1058
...    32 G-C ...
  -57.5784  -55.4372   49.1711
    0.8528   -0.5220   -0.0181
    0.0499    0.0468    0.9977
   -0.5199   -0.8517    0.0659
...    33 G-C ...
  -58.8265  -58.5598   49.1234
    0.7803   -0.3536    0.5158
   -0.4378    0.2802    0.8543
   -0.4466   -0.8924    0.0638
...    34 C-G ...
  -59.8985  -61.6492   49.0943
    0.4450   -0.1005    0.8899
   -0.7982    0.4060    0.4450
   -0.4060   -0.9083    0.1005
...    35 C-G ...
  -60.7910  -64.8855   49.6535
   -0.0349    0.1902    0.9811
   -0.9264    0.3622   -0.1032
   -0.3750   -0.9125    0.1636
...    36 C-G ...
  -61.8230  -67.9518   50.4468
   -0.5101    0.3970    0.7630
   -0.7800    0.1604   -0.6049
   -0.3625   -0.9037    0.2278
...    37 G-C ...
  -63.4669  -70.9011   50.4882
   -0.8252    0.4819    0.2945
   -0.3800   -0.0881   -0.9208
   -0.4178   -0.8718    0.2559
...    38 A-T ...
  -64.6850  -73.6848   51.3209
   -0.8914    0.3465   -0.2922
    0.1738   -0.3341   -0.9264
   -0.4186   -0.8766    0.2376
...    39 C-G ...
  -66.4002  -76.1900   52.3845
   -0.6617    0.1638   -0.7317
    0.5987   -0.4720   -0.6471
   -0.4513   -0.8663    0.2142
...    40 A-T ...
  -68.0528  -78.9989   52.9982
   -0.1779   -0.0567   -0.9824
    0.8609   -0.4925   -0.1275
   -0.4766   -0.8685    0.1364
...    41 C-G ...
  -70.0446  -81.6244   53.0904
    0.2953   -0.2544   -0.9209
    0.8321   -0.4052    0.3788
   -0.4696   -0.8781    0.0920
...    42 G-C ...
  -71.1910  -84.6807   53.6089
    0.7469   -0.3673   -0.5543
    0.5167   -0.2041    0.8315
   -0.4185   -0.9074    0.0374
...    43 A-T ...
  -72.6260  -87.4789   53.7294
    0.9141   -0.4050    0.0215
    0.0044    0.0628    0.9980
   -0.4056   -0.9122    0.0592
...    44 C-G ...
  -73.7932  -90.5159   53.2013
    0.8112   -0.2562    0.5257
   -0.4728    0.2416    0.8474
   -0.3441   -0.9360    0.0749
...    45 T-A ...
  -74.3917  -94.0640   53.1451
    0.4393   -0.0243    0.8980
   -0.8434    0.3330    0.4216
   -0.3093   -0.9426    0.1257
...    46 T-A ...
  -75.0392  -97.2092   53.4117
   -0.0080    0.1636    0.9865
   -0.9557    0.2889   -0.0557
   -0.2941   -0.9433    0.1541
...    47 A-T ...
  -75.8016 -100.3034   54.2250
   -0.4626    0.4154    0.7832
   -0.8262    0.1186   -0.5508
   -0.3217   -0.9019    0.2884
...    48 C-G ...
  -76.4336 -103.1811   55.7567
   -0.8151    0.4413    0.3753
   -0.4755   -0.1397   -0.8685
   -0.3309   -0.8864    0.3237
...    49 T-A ...
  -77.4427 -105.9283   57.3903
   -0.9183    0.3682   -0.1455
   -0.0131   -0.3956   -0.9183
   -0.3957   -0.8414    0.3681
...    50 G-C ...
  -78.9586 -108.7041   58.4617
   -0.7303    0.1517   -0.6660
    0.4959   -0.5528   -0.6697
   -0.4698   -0.8194    0.3285
...    51 T-A ...
  -80.8656 -110.9779   59.6653
   -0.3744   -0.1327   -0.9177
    0.7930   -0.5588   -0.2427
   -0.4806   -0.8186    0.3145
...    52 A-T ...
  -82.1828 -113.8307   60.6669
    0.1803   -0.4311   -0.8841
    0.8627   -0.3625    0.3526
   -0.4725   -0.8263    0.3066
...    53 G-C ...
  -83.9491 -116.3904   61.5683
    0.6112   -0.4850   -0.6255
    0.6739   -0.0955    0.7326
   -0.4150   -0.8693    0.2685
...    54 G-C ...
  -85.8058 -119.5184   61.7126
    0.9047   -0.3863   -0.1797
    0.2608    0.1684    0.9506
   -0.3370   -0.9068    0.2531
...    55 T-A ...
  -86.7743 -122.5804   62.0933
    0.9281   -0.2093    0.3078
   -0.2258    0.3410    0.9126
   -0.2960   -0.9165    0.2692
...    56 A-T ...
  -87.2272 -125.9878   62.5346
    0.6957    0.1373    0.7051
   -0.6980    0.3610    0.6184
   -0.1696   -0.9224    0.3469
...    57 T-A ...
  -87.1580 -129.1458   63.3470
    0.2818    0.3337    0.8995
   -0.9491    0.2345    0.2104
   -0.1408   -0.9130    0.3828
...    58 C-G ...
  -87.3006 -132.2250   64.8415
   -0.3410    0.4481    0.8264
   -0.9313   -0.0410   -0.3620
   -0.1283   -0.8930    0.4313
...    59 T-A ...
  -87.5613 -134.9986   66.5635
   -0.7610    0.4235    0.4915
   -0.6302   -0.3028   -0.7149
   -0.1539   -0.8538    0.4973
...    60 C-G ...
  -88.5141 -137.6891   68.0890
   -0.9825    0.1855   -0.0151
   -0.0932   -0.5607   -0.8227
   -0.1611   -0.8070    0.5682
...    61 G-C ...
  -89.1146 -140.6039   69.4213
   -0.8763   -0.0954   -0.4723
    0.4249   -0.6153   -0.6640
   -0.2273   -0.7825    0.5797
...    62 A-T ...
  -89.6740 -143.2624   71.2886
   -0.4541   -0.4373   -0.7763
    0.8638   -0.4295   -0.2633
   -0.2182   -0.7901    0.5728
...    63 G-C ...
  -90.5371 -145.8374   73.1338
    0.0701   -0.5922   -0.8027
    0.9800   -0.1093    0.1662
   -0.1862   -0.7983    0.5727
...    64 C-G ...
  -91.5867 -148.5525   74.9263
    0.6284   -0.5143   -0.5837
    0.7636    0.2647    0.5889
   -0.1484   -0.8158    0.5590
...    65 T-A ...
  -92.2762 -151.3820   76.5390
    0.9352   -0.2473   -0.2534
    0.3472    0.5012    0.7926
   -0.0690   -0.8293    0.5546
...    66 C-G ...
  -92.4566 -154.2549   78.2640
    0.9752    0.1345    0.1758
   -0.2211    0.5521    0.8039
    0.0111   -0.8229    0.5681
...    67 G-C ...
  -92.4988 -156.6644   80.5728
    0.6819    0.5299    0.5041
   -0.7206    0.3685    0.5874
    0.1255   -0.7638    0.6331
...    68 T-A ...
  -91.6069 -159.3167   82.2935
    0.2268    0.6742    0.7029
   -0.9656    0.0613    0.2528
    0.1273   -0.7360    0.6649
...    69 C-G ...
  -91.0522 -161.3735   84.6398
   -0.3321    0.6564    0.6774
   -0.9290   -0.3521   -0.1142
    0.1636   -0.6672    0.7267
...    70 A-T ...
  -89.8417 -163.1680   87.3231
   -0.7684    0.4595    0.4455
   -0.6163   -0.7190   -0.3213
    0.1726   -0.5214    0.8357
...    71 T-A ...
  -89.1305 -164.3906   90.2572
   -0.9759    0.0490    0.2125
   -0.1484   -0.8632   -0.4825
    0.1598   -0.5025    0.8497
...    72 G-C ...
  -88.6270 -165.8487   93.2309
   -0.8681   -0.4829   -0.1147
    0.4695   -0.7237   -0.5058
    0.1612   -0.4929    0.8550
...    73 T-A ...
  -88.4151 -167.0956   96.3797
   -0.4580   -0.8206   -0.3419
    0.8661   -0.3252   -0.3797
    0.2004   -0.4701    0.8596
...    74 T-A ...
  -87.9496 -168.5158   99.2323
    0.1342   -0.8771   -0.4611
    0.9656    0.2203   -0.1381
    0.2228   -0.4267    0.8765
...    75 A-T ...
  -86.9429 -169.7712  102.1992
    0.6844   -0.5575   -0.4699
    0.6769    0.7253    0.1254
    0.2709   -0.4039    0.8738
...    76 T-A ...
  -86.4108 -171.6229  104.7999
    0.9255   -0.1182   -0.3599
    0.2402    0.9178    0.3163
    0.2929   -0.3791    0.8778
...    77 A-T ...
  -85.2616 -172.7928  107.6214
    0.8541    0.4287   -0.2946
   -0.2576    0.8406    0.4765
    0.4519   -0.3310    0.8284
...    78 A-T ...
  -83.6394 -173.8817  110.0434
    0.5469    0.8297   -0.1118
   -0.6380    0.4995    0.5860
    0.5421   -0.2492    0.8026
...    79 C-G ...
  -81.1883 -174.6757  112.1880
    0.0920    0.9843    0.1509
   -0.8130   -0.0133    0.5821
    0.5749   -0.1762    0.7990
...    80 G-C ...
  -79.6384 -174.7068  115.0681
   -0.4364    0.8519    0.2897
   -0.6748   -0.5228    0.5209
    0.5952    0.0319    0.8030
...    81 G-C ...
  -78.1222 -173.8232  117.8857
   -0.7850    0.4468    0.4292
   -0.2844   -0.8753    0.3911
    0.5504    0.1850    0.8141
...    82 A-T ...
  -76.6740 -172.9739  120.7079
   -0.7813   -0.1566    0.6041
    0.2767   -0.9546    0.1105
    0.5594    0.2535    0.7892
...    83 G-C ...
  -74.9516 -171.8411  123.2573
   -0.5185   -0.6407    0.5663
    0.6569   -0.7224   -0.2160
    0.5474    0.2600    0.7954
...    84 G-C ...
  -73.3465 -170.6456  126.1427
   -0.0556   -0.9397    0.3375
    0.8321   -0.2305   -0.5045
    0.5519    0.2528    0.7947
...    85 A-T ...
  -71.7487 -169.6466  128.9496
    0.4780   -0.8780   -0.0268
    0.6750    0.3867   -0.6283
    0.5620    0.2822    0.7775
...    86 T-A ...
  -70.2354 -169.0832  131.8338
    0.7493   -0.5511   -0.3671
    0.3160    0.7848   -0.5331
    0.5820    0.2835    0.7622
...    87 C-G ...
  -68.2869 -168.3333  134.3928
    0.7639    0.0037   -0.6453
   -0.1974    0.9534   -0.2281
    0.6144    0.3017    0.7290
...    88 C-G ...
  -66.4879 -167.4391  137.0143
    0.4335    0.4286   -0.7927
   -0.5760    0.8083    0.1220
    0.6930    0.4037    0.5973
...    89 G-C ...
  -64.3547 -165.6216  138.8307
   -0.0761    0.6916   -0.7183
   -0.6775    0.4927    0.5462
    0.7316    0.5281    0.4310
...    90 C-G ...
  -61.5530 -163.7972  139.7209
   -0.4717    0.8313   -0.2941
   -0.4864    0.0329    0.8731
    0.7355    0.5548    0.3888
...    91 T-A ...
  -59.1695 -161.3313  140.4716
   -0.6733    0.6968    0.2471
   -0.0662   -0.3897    0.9185
    0.7364    0.6021    0.3086
...    92 T-A ...
  -56.8323 -159.1384  141.1348
   -0.5445    0.3653    0.7551
    0.3581   -0.7129    0.6030
    0.7585    0.5987    0.2573
...    93 T-A ...
  -54.5161 -156.8907  141.7129
   -0.1836   -0.0734    0.9803
    0.6000   -0.7982    0.0526
    0.7786    0.5979    0.1906
...    94 A-T ...
  -51.4492 -155.5618  141.7760
    0.3589   -0.4457    0.8201
    0.5411   -0.6166   -0.5719
    0.7605    0.6490    0.0199
...    95 A-T ...
  -49.1248 -153.3248  141.8704
    0.6387   -0.6893    0.3420
    0.2007   -0.2798   -0.9388
    0.7428    0.6683   -0.0404
...    96 C-G ...
  -46.6858 -151.0313  142.2983
    0.6434   -0.7334   -0.2196
   -0.1942    0.1212   -0.9734
    0.7405    0.6689   -0.0645
...    97 A-T ...
  -44.2149 -148.8326  142.0721
    0.3477   -0.5949   -0.7247
   -0.5381    0.5063   -0.6738
    0.7678    0.6243   -0.1441
...    98 C-G ...
  -41.2705 -147.3048  141.7171
   -0.0124   -0.2833   -0.9590
   -0.6417    0.7378   -0.2096
    0.7669    0.6128   -0.1909
...    99 T-A ...
  -38.2747 -145.6447  140.7422
   -0.4504    0.1116   -0.8858
   -0.5167    0.7765    0.3605
    0.7281    0.6201   -0.2921
...   100 T-A ...
  -35.8522 -143.8940  139.4802
   -0.6814    0.5141   -0.5211
   -0.1654    0.5853    0.7937
    0.7130    0.6270   -0.3138
...   101 T-A ...
  -33.6256 -141.9113  138.2425
   -0.6873    0.7261    0.0190
    0.2540    0.2158    0.9428
    0.6805    0.6528   -0.3328
...   102 A-T ...
  -31.4126 -139.6053  137.2134
   -0.4374    0.6862    0.5812
    0.6313   -0.2258    0.7419
    0.6403    0.6914   -0.3345
...   103 T-A ...
  -29.9241 -137.1537  135.6374
   -0.1026    0.4834    0.8694
    0.7805   -0.5027    0.3716
    0.6166    0.7167   -0.3257
...   104 G-C ...
  -28.0695 -134.5664  134.7025
    0.3379    0.0158    0.9410
    0.7068   -0.6645   -0.2427
    0.6215    0.7471   -0.2357
...   105 C-G ...
  -26.1521 -131.8989  134.2418
    0.6615   -0.3709    0.6519
    0.3941   -0.5676   -0.7229
    0.6381    0.7350   -0.2293
...   106 T-A ...
  -23.9824 -129.2427  133.9047
    0.7578   -0.6397    0.1284
   -0.0387   -0.2406   -0.9699
    0.6513    0.7300   -0.2071
...   107 T-A ...
  -21.8511 -126.8908  133.4401
    0.5865   -0.6884   -0.4268
   -0.4589    0.1518   -0.8754
    0.6674    0.7093   -0.2269
...   108 C-G ...
  -19.4610 -124.6853  132.7792
    0.1760   -0.5172   -0.8376
   -0.7127    0.5200   -0.4708
    0.6791    0.6798   -0.2771
...   109 C-G ...
  -17.1505 -122.4804  132.0083
   -0.3086   -0.2699   -0.9121
   -0.7041    0.7096    0.0282
    0.6396    0.6509   -0.4090
...   110 G-C ...
  -15.4650 -120.3354  130.5958
   -0.7014    0.0320   -0.7121
   -0.4354    0.7717    0.4636
    0.5643    0.6352   -0.5273
...   111 G-C ...
  -13.9171 -118.3796  128.3523
   -0.8701    0.3909   -0.3003
    0.0391    0.6620    0.7485
    0.4914    0.6395   -0.5912
...   112 C-G ...
  -12.7501 -116.4461  125.8564
   -0.7284    0.6602    0.1832
    0.5202    0.3589    0.7749
    0.4458    0.6598   -0.6049
...   113 T-A ...
  -11.5183 -114.3287  123.6356
   -0.3681    0.7224    0.5853
    0.8387   -0.0138    0.5444
    0.4014    0.6913   -0.6008
...   114 C-G ...
  -10.1595 -111.9189  121.8711
    0.1770    0.5631    0.8072
    0.9164   -0.3935    0.0736
    0.3591    0.7266   -0.5857
...   115 G-C ...
   -8.5628 -109.7557  119.9382
    0.6586    0.1932    0.7273
    0.6514   -0.6302   -0.4225
    0.3767    0.7520   -0.5409
...   116 T-A ...
   -7.3997 -106.9422  118.6670
    0.8907   -0.1937    0.4113
    0.2075   -0.6318   -0.7469
    0.4045    0.7506   -0.5225
...   117 A-T ...
   -5.9406 -104.1717  117.3165
    0.8238   -0.5624   -0.0707
   -0.3399   -0.3904   -0.8556
    0.4536    0.7289   -0.5128
...   118 T-A ...
   -4.1370 -101.6801  116.2616
    0.5492   -0.6724   -0.4962
   -0.7111   -0.0641   -0.7002
    0.4391    0.7374   -0.5133
...   119 A-T ...
   -2.8840  -99.1941  114.3685
    0.0015   -0.6037   -0.7972
   -0.8934    0.3573   -0.2722
    0.4492    0.7127   -0.5388
...   120 A-T ...
   -1.1730  -97.0993  112.5837
   -0.5139   -0.3250   -0.7939
   -0.7399    0.6363    0.2184
    0.4342    0.6997   -0.5674
...   121 T-A ...
    0.6069  -95.2908  110.4243
   -0.8241    0.0447   -0.5647
   -0.3691    0.7139    0.5951
    0.4297    0.6989   -0.5718
...   122 G-C ...
    1.9704  -93.0220  108.1886
   -0.9242    0.3770   -0.0603
    0.1804    0.5704    0.8013
    0.3365    0.7298   -0.5952
...   123 T-A ...
    2.7515  -90.8545  105.8714
   -0.7218    0.5925    0.3578
    0.6165    0.3155    0.7213
    0.3145    0.7412   -0.5930
...   124 G-C ...
    3.5969  -88.3177  103.8632
   -0.2712    0.6020    0.7511
    0.9272   -0.0459    0.3716
    0.2582    0.7972   -0.5457
...   125 T-A ...
    3.9122  -85.7298  101.9838
    0.2322    0.4542    0.8601
    0.9387   -0.3363   -0.0759
    0.2548    0.8250   -0.5044
...   126 C-G ...
    4.6960  -83.0462  100.5109
    0.7365    0.1770    0.6529
    0.6330   -0.5206   -0.5730
    0.2385    0.8352   -0.4955
...   127 G-C ...
    5.8977  -80.6155   98.6236
    0.9164   -0.2301    0.3275
    0.1799   -0.4942   -0.8505
    0.3576    0.8383   -0.4115
...   128 A-T ...
    6.9614  -77.9168   97.3523
    0.8476   -0.4773   -0.2318
   -0.3947   -0.2753   -0.8766
    0.3546    0.8345   -0.4217
...   129 C-G ...
    8.5567  -75.1143   96.6227
    0.4974   -0.5822   -0.6431
   -0.7791    0.0263   -0.6263
    0.3816    0.8126   -0.4406
...   130 C-G ...
   10.3869  -72.6614   95.1068
   -0.0227   -0.5573   -0.8300
   -0.9087    0.3577   -0.2153
    0.4169    0.7493   -0.5145
...   131 A-T ...
   11.0908  -69.8763   93.3642
   -0.5706   -0.3035   -0.7630
   -0.7282    0.6166    0.2993
    0.3796    0.7264   -0.5729
...   132 A-T ...
   12.3948  -67.6540   91.3237
   -0.8826    0.1034   -0.4586
   -0.2739    0.6798    0.6804
    0.3821    0.7261   -0.5717
...   133 A-T ...
   13.6929  -65.5509   89.1600
   -0.8597    0.5107    0.0077
    0.2881    0.4725    0.8329
    0.4217    0.7183   -0.5534
...   134 T-A ...
   14.7283  -63.4122   86.8244
   -0.5924    0.6746    0.4405
    0.6886    0.1400    0.7115
    0.4183    0.7248   -0.5474
...   135 G-C ...
   15.7212  -61.4788   83.9377
    0.0342    0.7399    0.6718
    0.8637   -0.3601    0.3526
    0.5028    0.5682   -0.6514
...   136 T-A ...
   15.7739  -59.5464   80.8035
    0.5516    0.4996    0.6680
    0.6739   -0.7388   -0.0038
    0.4916    0.4523   -0.7442
...   137 G-C ...
   16.8280  -57.7075   78.2737
    0.8528   -0.0847    0.5152
    0.1508   -0.9047   -0.3984
    0.4999    0.4175   -0.7588
...   138 A-T ...
   18.4176  -55.5141   76.5362
    0.8547   -0.5007    0.1370
   -0.3189   -0.7148   -0.6224
    0.4096    0.4883   -0.7706
...   139 G-C ...
   20.4152  -54.2945   74.5496
    0.5847   -0.7389   -0.3350
   -0.7594   -0.3532   -0.5465
    0.2854    0.5739   -0.7676
...   140 C-G ...
   21.4164  -51.8107   72.7949
    0.1305   -0.7142   -0.6876
   -0.8897    0.2217   -0.3991
    0.4375    0.6639   -0.6065
...   141 G-C ...
   22.1406  -50.1330   67.4724
   -0.4682   -0.8748    0.1248
   -0.8495    0.4067   -0.3362
    0.2434   -0.2634   -0.9335
...   142 C-G ...
   22.3378  -51.2252   64.5018
   -0.8529   -0.5117   -0.1032
   -0.4974    0.8566   -0.1372
    0.1587   -0.0657   -0.9851
...   143 T-A ...
   24.0060  -51.6201   61.9332
   -0.9563    0.0399   -0.2897
    0.0522    0.9980   -0.0348
    0.2877   -0.0484   -0.9565
...   144 C-G ...
   24.8857  -52.7206   58.9947
   -0.7530    0.5560   -0.3520
    0.5213    0.8304    0.1966
    0.4016   -0.0355   -0.9151
...   145 A-T ...
   25.5174  -52.9609   55.8126
   -0.2442    0.9563   -0.1609
    0.8907    0.2867    0.3528
    0.3835   -0.0571   -0.9218
...   146 C-G ...
   25.2677  -52.4924   52.0870
    0.3203    0.9428   -0.0928
    0.8825   -0.2613    0.3910
    0.3444   -0.2071   -0.9157
...   147 A-T ...
   25.6133  -52.5732   48.6478
    0.8597    0.5097    0.0339
    0.4498   -0.7866    0.4230
    0.2423   -0.3484   -0.9055
