  147 base-pairs
...     1 T-A ...
    0.0000    0.0000    0.0000
    1.0000    0.0000    0.0000
    0.0000    1.0000    0.0000
    0.0000    0.0000    1.0000
...     2 G-C ...
   -0.5555   -1.1003    3.3981
    0.7749    0.6051    0.1828
   -0.5991    0.7953   -0.0929
   -0.2016   -0.0375    0.9787
...     3 T-A ...
   -0.6619   -3.0237    6.5348
    0.3046    0.9250    0.2271
   -0.8994    0.3578   -0.2510
   -0.3134   -0.1278    0.9410
...     4 G-C ...
   -1.1607   -3.8418    9.6940
   -0.3351    0.9421    0.0133
   -0.8752   -0.3061   -0.3746
   -0.3489   -0.1372    0.9271
...     5 A-T ...
   -1.3881   -3.6770   12.8999
   -0.7835    0.6162   -0.0801
   -0.5677   -0.7622   -0.3109
   -0.2527   -0.1981    0.9470
...     6 G-C ...
   -2.6236   -3.5448   15.7072
   -0.9923    0.0611   -0.1075
   -0.0294   -0.9610   -0.2748
   -0.1201   -0.2695    0.9555
...     7 C-G ...
   -2.3138   -3.7570   18.8866
   -0.8620   -0.4995   -0.0864
    0.5008   -0.8655    0.0073
   -0.0785   -0.0370    0.9962
...     8 G-C ...
   -3.9561   -6.8109   23.3205
   -0.2581   -0.3560   -0.8981
    0.6294   -0.7673    0.1233
   -0.7330   -0.5335    0.4221
...     9 C-G ...
   -6.1177   -8.9414   24.2385
    0.1143   -0.7320   -0.6716
    0.8123   -0.3203    0.4874
   -0.5720   -0.6013    0.5580
...    10 T-A ...
   -8.5041   -9.6771   26.0540
    0.4660   -0.8587   -0.2131
    0.6274    0.1508    0.7640
   -0.6239   -0.4897    0.6090
...    11 C-G ...
  -11.0625  -11.3174   27.2336
    0.6660   -0.6911    0.2808
    0.3382    0.6152    0.7121
   -0.6649   -0.3794    0.6435
...    12 A-T ...
  -13.0013  -13.1789   29.0658
    0.7188   -0.1490    0.6790
   -0.1787    0.9043    0.3876
   -0.6718   -0.4000    0.6235
...    13 C-G ...
  -14.1788  -15.9359   31.3399
    0.4052    0.2865    0.8682
   -0.5270    0.8492   -0.0343
   -0.7470   -0.4437    0.4951
...    14 A-T ...
  -15.9532  -18.1566   33.3080
   -0.1503    0.6873    0.7107
   -0.6106    0.5008   -0.6135
   -0.7776   -0.5261    0.3444
...    15 A-T ...
  -18.3600  -19.9993   34.4523
   -0.4769    0.8495    0.2255
   -0.3900    0.0253   -0.9205
   -0.7877   -0.5269    0.3193
...    16 T-A ...
  -20.7372  -21.6717   36.2070
   -0.6447    0.7058   -0.2936
   -0.0517   -0.4235   -0.9044
   -0.7627   -0.5679    0.3095
...    17 T-A ...
  -23.2437  -23.3390   37.5372
   -0.5749    0.3022   -0.7604
    0.3561   -0.7443   -0.5650
   -0.7367   -0.5956    0.3203
...    18 T-A ...
  -25.7320  -25.1254   38.5728
   -0.2424   -0.1318   -0.9612
    0.6128   -0.7889   -0.0464
   -0.7521   -0.6003    0.2720
...    19 A-T ...
  -28.1430  -27.2642   39.2463
    0.2178   -0.4549   -0.8635
    0.6294   -0.6107    0.4805
   -0.7460   -0.6481    0.1533
...    20 T-A ...
  -30.9390  -29.0268   39.2275
    0.5194   -0.6921   -0.5012
    0.4285   -0.2965    0.8535
   -0.7393   -0.6581    0.1426
...    21 T-A ...
  -33.4128  -31.1647   39.3733
    0.6804   -0.7301    0.0625
    0.0473    0.1288    0.9905
   -0.7313   -0.6711    0.1222
...    22 C-G ...
  -35.7149  -33.4733   39.7320
    0.6065   -0.4975    0.6203
   -0.3740    0.5099    0.7746
   -0.7017   -0.7018    0.1232
...    23 G-C ...
  -38.0893  -35.6267   40.7949
    0.3852   -0.0362    0.9221
   -0.6933    0.6481    0.3151
   -0.6091   -0.7607    0.2245
...    24 C-G ...
  -39.7700  -38.3545   41.4888
   -0.0032    0.3492    0.9370
   -0.7938    0.5690   -0.2147
   -0.6081   -0.7445    0.2754
...    25 A-T ...
  -42.1653  -40.5878   42.0878
   -0.4415    0.6462    0.6224
   -0.6434    0.2555   -0.7217
   -0.6254   -0.7191    0.3029
...    26 A-T ...
  -44.1332  -42.9379   43.2719
   -0.7387    0.6664    0.1011
   -0.2718   -0.1572   -0.9494
   -0.6168   -0.7288    0.2973
...    27 A-T ...
  -46.0389  -45.2435   44.5733
   -0.7747    0.4309   -0.4629
    0.2245   -0.4969   -0.8383
   -0.5912   -0.7533    0.2882
...    28 G-C ...
  -48.2896  -47.4493   45.7747
   -0.5009    0.1396   -0.8541
    0.5949   -0.6613   -0.4570
   -0.6286   -0.7371    0.2482
...    29 G-C ...
  -50.7450  -49.7450   46.5342
   -0.0241   -0.1930   -0.9809
    0.7686   -0.6310    0.1052
   -0.6392   -0.7514    0.1636
...    30 C-G ...
  -53.1379  -51.9740   46.7715
    0.4395   -0.4562   -0.7738
    0.6464   -0.4375    0.6251
   -0.6237   -0.7749    0.1026
...    31 C-G ...
  -55.4224  -54.4200   46.9019
    0.7730   -0.5514   -0.3137
    0.2897   -0.1331    0.9478
   -0.5644   -0.8235    0.0569
...    32 G-C ...
  -56.9181  -57.0682   47.2660
    0.8739   -0.4435    0.1993
   -0.1600    0.1248    0.9792
   -0.4591   -0.8876    0.0381
...    33 G-C ...
  -57.9352  -60.2776   47.2852
    0.6733   -0.2419    0.6987
   -0.6303    0.3063    0.7134
   -0.3866   -0.9207    0.0538
...    34 C-G ...
  -58.7804  -63.4463   47.3495
    0.2342    0.0109    0.9721
   -0.9054    0.3668    0.2140
   -0.3542   -0.9303    0.0957
...    35 C-G ...
  -59.6028  -66.6862   48.0195
   -0.2906    0.2592    0.9211
   -0.8957    0.2649   -0.3571
   -0.3365   -0.9288    0.1552
...    36 C-G ...
  -60.5955  -69.7868   48.8285
   -0.7241    0.4015    0.5608
   -0.6005    0.0331   -0.7990
   -0.3394   -0.9153    0.2171
...    37 G-C ...
  -61.9817  -72.9287   48.6260
   -0.9139    0.4060    0.0018
   -0.0904   -0.1990   -0.9758
   -0.3958   -0.8919    0.2186
...    38 A-T ...
  -63.1443  -75.7745   49.3714
   -0.7927    0.2152   -0.5703
    0.4689   -0.3827   -0.7961
   -0.3895   -0.8985    0.2025
...    39 C-G ...
  -64.8585  -78.3830   50.1614
   -0.4194    0.0218   -0.9075
    0.8081   -0.4465   -0.3842
   -0.4136   -0.8945    0.1696
...    40 A-T ...
  -66.3336  -81.3521   50.5721
    0.1527   -0.1698   -0.9736
    0.8992   -0.3849    0.2082
   -0.4101   -0.9072    0.0938
...    41 C-G ...
  -67.9864  -84.2062   50.3917
    0.6081   -0.2980   -0.7358
    0.6934   -0.2519    0.6751
   -0.3866   -0.9207    0.0535
...    42 G-C ...
  -68.9383  -87.3417   50.9310
    0.9248   -0.3131   -0.2159
    0.2114   -0.0489    0.9762
   -0.3162   -0.9485    0.0210
...    43 A-T ...
  -70.0456  -90.3023   50.9513
    0.8797   -0.2704    0.3912
   -0.3598    0.1595    0.9193
   -0.3110   -0.9494    0.0430
...    44 C-G ...
  -70.6822  -93.5055   50.4890
    0.5801   -0.0858    0.8100
   -0.7734    0.2540    0.5808
   -0.2556   -0.9634    0.0809
...    45 T-A ...
  -70.9058  -97.0894   50.7146
    0.0582    0.1325    0.9895
   -0.9698    0.2428    0.0245
   -0.2370   -0.9610    0.1426
...    46 T-A ...
  -71.3579 -100.2385   51.1952
   -0.4311    0.2565    0.8651
   -0.8711    0.1317   -0.4732
   -0.2353   -0.9575    0.1666
...    47 A-T ...
  -72.2532 -103.3625   51.8505
   -0.8351    0.3575    0.4181
   -0.4717   -0.0744   -0.8786
   -0.2830   -0.9309    0.2307
...    48 C-G ...
  -73.1241 -106.2416   53.3056
   -0.9531    0.2802   -0.1149
    0.0349   -0.2751   -0.9608
   -0.3008   -0.9197    0.2524
...    49 T-A ...
  -74.3737 -109.0985   54.5826
   -0.7692    0.1538   -0.6203
    0.5164   -0.4221   -0.7451
   -0.3764   -0.8934    0.2452
...    50 G-C ...
  -75.6856 -112.1198   55.1628
   -0.3018   -0.0440   -0.9523
    0.8598   -0.4441   -0.2520
   -0.4119   -0.8949    0.1719
...    51 T-A ...
  -77.4847 -114.7468   55.5911
    0.1899   -0.2492   -0.9497
    0.8921   -0.3601    0.2729
   -0.4100   -0.8990    0.1539
...    52 A-T ...
  -78.5730 -117.8292   56.1951
    0.7037   -0.3873   -0.5957
    0.5979   -0.1301    0.7909
   -0.3838   -0.9127    0.1400
...    53 G-C ...
  -80.0016 -120.7350   56.4896
    0.9402   -0.3123   -0.1361
    0.1720    0.0901    0.9810
   -0.2941   -0.9457    0.1385
...    54 G-C ...
  -80.8720 -124.2384   56.1639
    0.9116   -0.1217    0.3927
   -0.3583    0.2331    0.9040
   -0.2016   -0.9648    0.1689
...    55 T-A ...
  -81.1409 -127.4519   56.4227
    0.6127    0.0593    0.7881
   -0.7723    0.2566    0.5811
   -0.1678   -0.9647    0.2031
...    56 A-T ...
  -80.9901 -130.8404   57.0893
    0.1031    0.3171    0.9428
   -0.9890    0.1339    0.0632
   -0.1062   -0.9389    0.3275
...    57 T-A ...
  -80.6250 -133.8721   58.2479
   -0.3990    0.3716    0.8382
   -0.9115   -0.0610   -0.4068
   -0.1000   -0.9264    0.3631
...    58 C-G ...
  -80.8428 -136.9214   59.7948
   -0.8726    0.2845    0.3970
   -0.4747   -0.3031   -0.8263
   -0.1148   -0.9095    0.3995
...    59 T-A ...
  -81.3438 -139.7477   61.4317
   -0.9843    0.1256   -0.1238
    0.0562   -0.4425   -0.8950
   -0.1672   -0.8879    0.4285
...    60 C-G ...
  -82.0843 -142.7418   62.5165
   -0.7583   -0.1655   -0.6305
    0.6202   -0.4808   -0.6198
   -0.2006   -0.8611    0.4673
...    61 G-C ...
  -82.2699 -145.8182   63.6620
   -0.2881   -0.3683   -0.8840
    0.9299   -0.3279   -0.1665
   -0.2285   -0.8700    0.4369
...    62 A-T ...
  -82.7188 -148.6421   65.2780
    0.3304   -0.4737   -0.8163
    0.9250   -0.0092    0.3798
   -0.1874   -0.8806    0.4352
...    63 G-C ...
  -83.4009 -151.5898   66.5755
    0.7776   -0.3796   -0.5013
    0.6126    0.2774    0.7401
   -0.1419   -0.8826    0.4482
...    64 C-G ...
  -84.0773 -154.7455   67.6920
    0.9947   -0.1027   -0.0087
    0.0550    0.4575    0.8875
   -0.0872   -0.8833    0.4607
...    65 T-A ...
  -84.3027 -157.8464   68.9075
    0.8891    0.2318    0.3947
   -0.4577    0.4486    0.7677
    0.0009   -0.8632    0.5049
...    66 C-G ...
  -84.1092 -160.6803   70.6259
    0.4847    0.5122    0.7090
   -0.8715    0.2140    0.4411
    0.0742   -0.8317    0.5502
...    67 G-C ...
  -84.1726 -163.0228   72.8874
   -0.0555    0.6413    0.7653
   -0.9896   -0.1371    0.0431
    0.1325   -0.7549    0.6423
...    68 G-C ...
  -83.4815 -165.2646   75.2667
   -0.5911    0.5251    0.6123
   -0.7976   -0.4938   -0.3464
    0.1205   -0.6931    0.7107
...    69 G-C ...
  -83.1522 -167.1698   78.0290
   -0.9377    0.2345    0.2564
   -0.3420   -0.7526   -0.5626
    0.0611   -0.6153    0.7860
...    70 A-T ...
  -82.9132 -168.9543   80.8409
   -0.9529   -0.2803   -0.1156
    0.2936   -0.7580   -0.5825
    0.0757   -0.5890    0.8046
...    71 T-A ...
  -83.0193 -170.4665   83.7923
   -0.6558   -0.6436   -0.3946
    0.7509   -0.5015   -0.4298
    0.0788   -0.5782    0.8121
...    72 C-G ...
  -83.0332 -172.3341   86.5773
   -0.0454   -0.8365   -0.5460
    0.9924    0.0249   -0.1207
    0.1145   -0.5473    0.8290
...    73 T-A ...
  -82.9409 -174.3658   89.2786
    0.4876   -0.6775   -0.5507
    0.8613    0.4765    0.1764
    0.1430   -0.5603    0.8159
...    74 C-G ...
  -82.5598 -176.1712   91.9898
    0.8756   -0.2887   -0.3873
    0.4424    0.8011    0.4031
    0.1939   -0.5243    0.8291
...    75 A-T ...
  -82.1111 -177.7228   94.9659
    0.9388    0.2725   -0.2107
   -0.1208    0.8333    0.5395
    0.3226   -0.4810    0.8152
...    76 T-A ...
  -80.8214 -179.5480   97.2896
    0.7321    0.6812    0.0028
   -0.5550    0.5941    0.5822
    0.3949   -0.4278    0.8130
...    77 G-C ...
  -79.0442 -180.8483  100.0376
    0.2244    0.9611    0.1611
   -0.8463    0.1102    0.5212
    0.4832   -0.2533    0.8381
...    78 T-A ...
  -76.8261 -181.4122  102.4248
   -0.2553    0.9029    0.3459
   -0.8262   -0.3895    0.4071
    0.5023   -0.1818    0.8454
...    79 T-A ...
  -75.1375 -181.7000  105.0592
   -0.6777    0.5781    0.4544
   -0.5460   -0.8096    0.2157
    0.4925   -0.1019    0.8643
...    80 A-T ...
  -73.6795 -182.1056  108.0502
   -0.8866   -0.0031    0.4625
   -0.0196   -0.9988   -0.0443
    0.4621   -0.0484    0.8855
...    81 T-A ...
  -72.3322 -181.5176  110.9542
   -0.7574   -0.5016    0.4181
    0.4339   -0.8650   -0.2518
    0.4880   -0.0093    0.8728
...    82 A-T ...
  -70.3220 -181.6309  113.7714
   -0.2231   -0.9453    0.2381
    0.8212   -0.3139   -0.4765
    0.5252    0.0892    0.8463
...    83 A-T ...
  -68.7573 -181.2057  116.5738
    0.3300   -0.9437   -0.0238
    0.7699    0.2836   -0.5716
    0.5462    0.1703    0.8202
...    84 C-G ...
  -67.4296 -180.8170  119.7366
    0.7100   -0.6298   -0.3151
    0.4398    0.7460   -0.5001
    0.5500    0.2165    0.8066
...    85 G-C ...
  -65.4262 -179.8528  122.0924
    0.7384   -0.1637   -0.6542
   -0.0400    0.9577   -0.2849
    0.6732    0.2365    0.7006
...    86 G-C ...
  -63.0453 -179.2907  124.2696
    0.5277    0.3100   -0.7909
   -0.3979    0.9128    0.0923
    0.7505    0.2660    0.6050
...    87 A-T ...
  -60.4478 -178.4337  125.9708
    0.1368    0.7403   -0.6582
   -0.6018    0.5899    0.5384
    0.7868    0.3225    0.5262
...    88 C-G ...
  -57.5105 -177.4329  127.0401
   -0.2014    0.9237   -0.3259
   -0.5595    0.1646    0.8123
    0.8040    0.3460    0.4837
...    89 G-C ...
  -54.8455 -175.8099  128.4769
   -0.5856    0.8037    0.1057
   -0.3023   -0.3375    0.8915
    0.7521    0.4901    0.4406
...    90 C-G ...
  -52.4097 -173.5951  129.5537
   -0.6683    0.4646    0.5810
    0.1180   -0.7049    0.6995
    0.7345    0.5360    0.4162
...    91 T-A ...
  -50.4426 -171.1297  131.0716
   -0.4790    0.0033    0.8778
    0.5358   -0.7910    0.2953
    0.6953    0.6118    0.3771
...    92 T-A ...
  -48.4600 -168.7946  132.2133
   -0.0239   -0.4087    0.9123
    0.7164   -0.6435   -0.2696
    0.6973    0.6472    0.3082
...    93 T-A ...
  -46.5294 -166.3699  133.2807
    0.4437   -0.6498    0.6172
    0.5844   -0.3123   -0.7489
    0.6794    0.6930    0.2412
...    94 A-T ...
  -44.2300 -163.9960  133.1983
    0.7773   -0.6246    0.0758
    0.1674    0.0892   -0.9818
    0.6065    0.7758    0.1739
...    95 A-T ...
  -42.3309 -161.5296  133.8751
    0.7387   -0.4853   -0.4679
   -0.3054    0.3779   -0.8741
    0.6009    0.7885    0.1309
...    96 C-G ...
  -40.0400 -159.2659  134.7253
    0.4536   -0.2602   -0.8524
   -0.6509    0.5566   -0.5163
    0.6088    0.7889    0.0831
...    97 A-T ...
  -37.8949 -156.7595  134.9045
   -0.0476   -0.0325   -0.9983
   -0.7834    0.6212    0.0171
    0.6196    0.7830   -0.0551
...    98 C-G ...
  -35.4697 -154.5812  134.2724
   -0.4670    0.2339   -0.8528
   -0.6452    0.5693    0.5095
    0.6047    0.7881   -0.1149
...    99 T-A ...
  -33.2130 -152.0355  133.1753
   -0.7968    0.4325   -0.4221
   -0.2678    0.3734    0.8882
    0.5417    0.8207   -0.1817
...   100 T-A ...
  -31.5170 -149.4578  132.1551
   -0.8096    0.5673    0.1508
    0.2362    0.0797    0.9684
    0.5373    0.8197   -0.1985
...   101 T-A ...
  -29.9329 -146.7953  131.2262
   -0.5433    0.5181    0.6606
    0.6509   -0.2370    0.7212
    0.5302    0.8218   -0.2084
...   102 A-T ...
  -28.0814 -144.0522  130.6256
   -0.0616    0.2734    0.9599
    0.8540   -0.4834    0.1924
    0.5167    0.8316   -0.2037
...   103 T-A ...
  -27.0921 -140.9984  129.9322
    0.3356    0.0073    0.9420
    0.7916   -0.5443   -0.2778
    0.5107    0.8389   -0.1884
...   104 G-C ...
  -25.4802 -138.1208  129.5903
    0.6984   -0.3965    0.5959
    0.4463   -0.4096   -0.7956
    0.5595    0.8216   -0.1091
...   105 C-G ...
  -23.5636 -135.4705  129.6534
    0.8048   -0.5885    0.0774
   -0.0135   -0.1486   -0.9888
    0.5934    0.7948   -0.1275
...   106 T-A ...
  -21.3847 -132.8325  129.6451
    0.6408   -0.6013   -0.4773
   -0.4484    0.2114   -0.8684
    0.6231    0.7706   -0.1341
...   107 T-A ...
  -19.2598 -130.4662  129.3480
    0.2597   -0.4344   -0.8625
   -0.7227    0.5050   -0.4720
    0.6406    0.7458   -0.1828
...   108 C-G ...
  -16.9651 -128.2425  128.6253
   -0.2305   -0.1521   -0.9611
   -0.7378    0.6713    0.0707
    0.6345    0.7254   -0.2670
...   109 C-G ...
  -14.7409 -126.0134  127.7203
   -0.6501    0.1001   -0.7532
   -0.5199    0.6643    0.5370
    0.5541    0.7407   -0.3799
...   110 G-C ...
  -13.3761 -123.6077  126.4748
   -0.8860    0.3091   -0.3455
   -0.1169    0.5723    0.8116
    0.4486    0.7595   -0.4710
...   111 G-C ...
  -12.4586 -121.0545  124.4766
   -0.8419    0.5111    0.1729
    0.3961    0.3679    0.8413
    0.3664    0.7768   -0.5122
...   112 C-G ...
  -11.8531 -118.4837  122.3906
   -0.5119    0.6008    0.6140
    0.7939    0.0580    0.6052
    0.3280    0.7973   -0.5067
...   113 T-A ...
  -11.0702 -115.8663  120.5518
   -0.0434    0.5252    0.8499
    0.9524   -0.2353    0.1940
    0.3018    0.8178   -0.4899
...   114 C-G ...
   -9.9797 -113.1388  119.0966
    0.4986    0.2777    0.8211
    0.8178   -0.4647   -0.3395
    0.2873    0.8408   -0.4588
...   115 G-C ...
   -8.6996 -110.6432  117.3607
    0.8565   -0.0814    0.5096
    0.3938   -0.5352   -0.7473
    0.3336    0.8408   -0.4264
...   116 T-A ...
   -7.4828 -107.7552  116.4869
    0.9235   -0.3772    0.0702
   -0.1000   -0.4133   -0.9051
    0.3704    0.8288   -0.4194
...   117 A-T ...
   -5.9142 -104.8566  115.5702
    0.6813   -0.6062   -0.4103
   -0.5866   -0.1169   -0.8014
    0.4378    0.7867   -0.4353
...   118 T-A ...
   -4.0081 -102.4117  114.6766
    0.3144   -0.5828   -0.7493
   -0.8466    0.1849   -0.4990
    0.4294    0.7913   -0.4353
...   119 A-T ...
   -2.7001  -99.8356  113.0799
   -0.2287   -0.4557   -0.8603
   -0.8693    0.4934   -0.0302
    0.4382    0.7409   -0.5090
...   120 A-T ...
   -1.0669  -97.7042  111.2797
   -0.6831   -0.1416   -0.7164
   -0.5994    0.6692    0.4392
    0.4173    0.7295   -0.5420
...   121 T-A ...
    0.5492  -95.8088  109.0688
   -0.8947    0.2098   -0.3944
   -0.1719    0.6532    0.7374
    0.4123    0.7276   -0.5483
...   122 G-C ...
    1.7693  -93.4628  106.8526
   -0.8758    0.4632    0.1356
    0.3606    0.4411    0.8218
    0.3209    0.7687   -0.5533
...   123 T-A ...
    2.4222  -91.1083  104.7067
   -0.6045    0.6006    0.5234
    0.7381    0.1752    0.6515
    0.2996    0.7802   -0.5492
...   124 G-C ...
    3.1768  -88.4411  102.8880
   -0.1275    0.5282    0.8395
    0.9585   -0.1520    0.2413
    0.2550    0.8354   -0.4869
...   125 T-A ...
    3.4593  -85.6887  101.2537
    0.3607    0.3410    0.8681
    0.8960   -0.3852   -0.2210
    0.2590    0.8576   -0.4444
...   126 C-G ...
    4.2674  -82.9268   99.9840
    0.8101    0.0619    0.5831
    0.5327   -0.4932   -0.6877
    0.2450    0.8677   -0.4325
...   127 G-C ...
    5.4290  -80.3919   98.2953
    0.9205   -0.3124    0.2346
    0.0871   -0.4214   -0.9027
    0.3809    0.8514   -0.3607
...   128 A-T ...
    6.5557  -77.6635   97.1979
    0.8013   -0.5020   -0.3253
   -0.4635   -0.1774   -0.8681
    0.3781    0.8465   -0.3749
...   129 C-G ...
    8.2815  -74.9179   96.5837
    0.4290   -0.5555   -0.7122
   -0.8081    0.1163   -0.5775
    0.4037    0.8233   -0.3990
...   130 C-G ...
   10.2352  -72.5100   95.1488
   -0.0825   -0.5040   -0.8598
   -0.8976    0.4124   -0.1556
    0.4330    0.7589   -0.4864
...   131 A-T ...
   11.0981  -69.8214   93.4123
   -0.5968   -0.2783   -0.7526
   -0.7059    0.6280    0.3276
    0.3815    0.7268   -0.5712
...   132 A-T ...
   12.4107  -67.6260   91.3542
   -0.8883    0.1166   -0.4443
   -0.2553    0.6788    0.6886
    0.3818    0.7251   -0.5731
...   133 A-T ...
   13.7016  -65.5346   89.1750
   -0.8555    0.5175    0.0181
    0.2999    0.4667    0.8320
    0.4221    0.7172   -0.5545
...   134 T-A ...
   14.7284  -63.4122   86.8245
   -0.5924    0.6746    0.4405
    0.6886    0.1400    0.7115
    0.4183    0.7248   -0.5474
...   135 G-C ...
   15.7212  -61.4788   83.9377
    0.0342    0.7399    0.6718
    0.8637   -0.3601    0.3526
    0.5028    0.5682   -0.6514
...   136 T-A ...
   15.7740  -59.5464   80.8036
    0.5516    0.4996    0.6680
    0.6739   -0.7388   -0.0038
    0.4916    0.4523   -0.7442
...   137 G-C ...
   16.8281  -57.7076   78.2738
    0.8528   -0.0847    0.5152
    0.1508   -0.9047   -0.3984
    0.4999    0.4175   -0.7588
...   138 A-T ...
   18.4177  -55.5141   76.5362
    0.8547   -0.5007    0.1370
   -0.3189   -0.7148   -0.6224
    0.4096    0.4883   -0.7706
...   139 G-C ...
   20.4153  -54.2945   74.5496
    0.5847   -0.7389   -0.3350
   -0.7594   -0.3532   -0.5465
    0.2854    0.5739   -0.7676
...   140 C-G ...
   21.4164  -51.8107   72.7950
    0.1305   -0.7142   -0.6876
   -0.8897    0.2217   -0.3991
    0.4375    0.6639   -0.6065
...   141 G-C ...
   22.1407  -50.1330   67.4724
   -0.4682   -0.8748    0.1248
   -0.8495    0.4067   -0.3362
    0.2434   -0.2634   -0.9335
...   142 C-G ...
   22.3378  -51.2252   64.5019
   -0.8529   -0.5117   -0.1032
   -0.4974    0.8566   -0.1372
    0.1587   -0.0657   -0.9851
...   143 T-A ...
   24.0060  -51.6201   61.9332
   -0.9563    0.0399   -0.2897
    0.0522    0.9980   -0.0348
    0.2877   -0.0484   -0.9565
...   144 C-G ...
   24.8858  -52.7207   58.9948
   -0.7530    0.5560   -0.3520
    0.5213    0.8304    0.1966
    0.4016   -0.0355   -0.9151
...   145 A-T ...
   25.5174  -52.9610   55.8127
   -0.2441    0.9563   -0.1609
    0.8907    0.2867    0.3528
    0.3835   -0.0571   -0.9218
...   146 C-G ...
   25.2678  -52.4925   52.0870
    0.3203    0.9428   -0.0928
    0.8825   -0.2613    0.3910
    0.3444   -0.2071   -0.9157
...   147 A-T ...
   25.6134  -52.5732   48.6479
    0.8597    0.5097    0.0339
    0.4498   -0.7866    0.4230
    0.2423   -0.3484   -0.9055
