  147 base-pairs
...     1 T-A ...
    0.0000    0.0000    0.0000
    1.0000    0.0000    0.0000
    0.0000    1.0000    0.0000
    0.0000    0.0000    1.0000
...     2 G-C ...
   -0.5555   -1.1003    3.3981
    0.7749    0.6051    0.1828
   -0.5991    0.7953   -0.0929
   -0.2016   -0.0375    0.9787
...     3 T-A ...
   -0.6619   -3.0237    6.5348
    0.3046    0.9250    0.2271
   -0.8994    0.3578   -0.2510
   -0.3134   -0.1278    0.9410
...     4 G-C ...
   -1.1607   -3.8418    9.6940
   -0.3351    0.9421    0.0133
   -0.8752   -0.3061   -0.3746
   -0.3489   -0.1372    0.9271
...     5 A-T ...
   -1.3881   -3.6770   12.8999
   -0.7835    0.6162   -0.0801
   -0.5677   -0.7622   -0.3109
   -0.2527   -0.1981    0.9470
...     6 G-C ...
   -2.6236   -3.5448   15.7072
   -0.9923    0.0611   -0.1075
   -0.0294   -0.9610   -0.2748
   -0.1201   -0.2695    0.9555
...     7 C-G ...
   -2.3138   -3.7570   18.8866
   -0.8620   -0.4995   -0.0864
    0.5008   -0.8655    0.0073
   -0.0785   -0.0370    0.9962
...     8 G-C ...
   -3.9561   -6.8109   23.3205
   -0.2581   -0.3560   -0.8981
    0.6294   -0.7673    0.1233
   -0.7330   -0.5335    0.4221
...     9 C-G ...
   -6.1177   -8.9414   24.2385
    0.1143   -0.7320   -0.6716
    0.8123   -0.3203    0.4874
   -0.5720   -0.6013    0.5580
...    10 T-A ...
   -8.5041   -9.6771   26.0540
    0.4660   -0.8587   -0.2131
    0.6274    0.1508    0.7640
   -0.6239   -0.4897    0.6090
...    11 C-G ...
  -11.0625  -11.3174   27.2336
    0.6660   -0.6911    0.2808
    0.3382    0.6152    0.7121
   -0.6649   -0.3794    0.6435
...    12 A-T ...
  -13.0013  -13.1789   29.0658
    0.7188   -0.1490    0.6790
   -0.1787    0.9043    0.3876
   -0.6718   -0.4000    0.6235
...    13 C-G ...
  -14.1788  -15.9359   31.3399
    0.4052    0.2865    0.8682
   -0.5270    0.8492   -0.0343
   -0.7470   -0.4437    0.4951
...    14 A-T ...
  -15.9532  -18.1566   33.3080
   -0.1503    0.6873    0.7107
   -0.6106    0.5008   -0.6135
   -0.7776   -0.5261    0.3444
...    15 A-T ...
  -18.3045  -19.9793   34.6218
   -0.4870    0.8394    0.2413
   -0.3997    0.0314   -0.9161
   -0.7766   -0.5426    0.3202
...    16 T-A ...
  -20.6309  -21.6090   36.2826
   -0.6180    0.7443   -0.2533
   -0.0925   -0.3888   -0.9167
   -0.7807   -0.5431    0.3091
...    17 T-A ...
  -23.1731  -23.2223   37.4721
   -0.5456    0.4122   -0.7296
    0.2757   -0.7339   -0.6208
   -0.7914   -0.5399    0.2868
...    18 T-A ...
  -25.8458  -24.7551   38.4517
   -0.2726   -0.0455   -0.9610
    0.5309   -0.8401   -0.1108
   -0.8024   -0.5405    0.2532
...    19 A-T ...
  -28.6704  -26.4335   38.9825
    0.1695   -0.4214   -0.8909
    0.5599   -0.7028    0.4389
   -0.8111   -0.5732    0.1168
...    20 T-A ...
  -31.5977  -27.9071   38.8581
    0.4415   -0.7030   -0.5575
    0.3929   -0.4072    0.8245
   -0.8067   -0.5831    0.0964
...    21 T-A ...
  -34.2658  -29.7497   38.8640
    0.5932   -0.8051   -0.0023
    0.0678    0.0471    0.9966
   -0.8022   -0.5913    0.0826
...    22 C-G ...
  -36.7825  -31.8377   39.0101
    0.5442   -0.6115    0.5744
   -0.3095    0.4901    0.8149
   -0.7798   -0.6212    0.0774
...    23 G-C ...
  -39.4205  -33.7881   39.6187
    0.3495   -0.1784    0.9198
   -0.5927    0.7182    0.3645
   -0.7256   -0.6726    0.1453
...    24 C-G ...
  -41.5104  -36.3212   40.0922
   -0.0051    0.2640    0.9645
   -0.6961    0.6915   -0.1929
   -0.7179   -0.6724    0.1802
...    25 A-T ...
  -44.0415  -38.4071   40.6147
   -0.3422    0.6629    0.6660
   -0.5850    0.4044   -0.7031
   -0.7353   -0.6301    0.2494
...    26 A-T ...
  -46.2878  -40.5083   41.6578
   -0.6207    0.7693    0.1514
   -0.2807   -0.0377   -0.9591
   -0.7321   -0.6378    0.2393
...    27 A-T ...
  -48.6419  -42.4902   42.6862
   -0.6707    0.6132   -0.4174
    0.1245   -0.4616   -0.8783
   -0.7312   -0.6410    0.2332
...    28 G-C ...
  -51.2007  -44.3592   43.6185
   -0.4548    0.3280   -0.8280
    0.4521   -0.7160   -0.5319
   -0.7673   -0.6162    0.1773
...    29 G-C ...
  -54.0252  -46.1221   44.1443
   -0.0703   -0.0486   -0.9963
    0.6068   -0.7948   -0.0040
   -0.7917   -0.6049    0.0854
...    30 C-G ...
  -56.8851  -47.7792   44.1765
    0.3091   -0.4358   -0.8453
    0.5367   -0.6538    0.5333
   -0.7851   -0.6185    0.0318
...    31 C-G ...
  -59.6033  -49.7641   43.8441
    0.6169   -0.6587   -0.4308
    0.2672   -0.3396    0.9018
   -0.7403   -0.6714   -0.0335
...    32 G-C ...
  -61.8872  -52.1941   43.9582
    0.7443   -0.6534    0.1383
   -0.1423    0.0472    0.9887
   -0.6526   -0.7555   -0.0578
...    33 G-C ...
  -63.8415  -54.9087   43.4510
    0.6064   -0.4595    0.6490
   -0.5360    0.3667    0.7604
   -0.5874   -0.8090   -0.0239
...    34 C-G ...
  -65.4225  -57.8033   43.1704
    0.2477   -0.1503    0.9571
   -0.7878    0.5437    0.2893
   -0.5639   -0.8257    0.0163
...    35 C-G ...
  -67.0170  -60.7693   43.3506
   -0.1679    0.2341    0.9576
   -0.8127    0.5170   -0.2688
   -0.5580   -0.8234    0.1034
...    36 C-G ...
  -68.6994  -63.6142   43.9943
   -0.5333    0.5408    0.6505
   -0.6101    0.2868   -0.7386
   -0.5860   -0.7907    0.1770
...    37 G-C ...
  -70.9460  -66.0681   44.3189
   -0.7200    0.6850    0.1111
   -0.2353   -0.0904   -0.9677
   -0.6529   -0.7229    0.2263
...    38 A-T ...
  -73.1159  -68.3754   45.1582
   -0.7041    0.5206   -0.4829
    0.2243   -0.4822   -0.8468
   -0.6738   -0.7046    0.2228
...    39 C-G ...
  -75.6156  -70.2540   46.2668
   -0.4701    0.2077   -0.8578
    0.5519   -0.6893   -0.4693
   -0.6888   -0.6941    0.2094
...    40 A-T ...
  -77.8176  -72.6795   46.8204
   -0.0135   -0.1602   -0.9870
    0.7042   -0.7023    0.1043
   -0.7098   -0.6937    0.1223
...    41 C-G ...
  -80.5555  -74.5522   46.9204
    0.3724   -0.4838   -0.7920
    0.6058   -0.5198    0.6023
   -0.7031   -0.7041    0.0994
...    42 G-C ...
  -82.6708  -77.0831   47.4305
    0.7229   -0.6020   -0.3392
    0.2910   -0.1800    0.9396
   -0.6267   -0.7780    0.0450
...    43 A-T ...
  -84.7289  -79.6216   47.4506
    0.7872   -0.5576    0.2634
   -0.1814    0.1989    0.9631
   -0.5894   -0.8059    0.0554
...    44 C-G ...
  -86.3609  -82.4616   47.0869
    0.6080   -0.3399    0.7175
   -0.5662    0.4479    0.6919
   -0.5566   -0.8269    0.0799
...    45 T-A ...
  -87.8629  -85.3944   47.2833
    0.2726    0.0068    0.9621
   -0.8147    0.5336    0.2271
   -0.5119   -0.8457    0.1510
...    46 T-A ...
  -89.2785  -88.2595   47.7947
   -0.2172    0.3212    0.9218
   -0.8345    0.4288   -0.3460
   -0.5064   -0.8444    0.1749
...    47 A-T ...
  -91.0585  -90.9868   48.4663
   -0.6231    0.5675    0.5382
   -0.5759    0.1327   -0.8067
   -0.5292   -0.8126    0.2442
...    48 C-G ...
  -92.5790  -93.5617   49.8879
   -0.8199    0.5714    0.0356
   -0.1815   -0.2004   -0.9628
   -0.5430   -0.7958    0.2680
...    49 T-A ...
  -94.5158  -95.9740   51.0716
   -0.7711    0.4097   -0.4874
    0.2588   -0.4977   -0.8278
   -0.5818   -0.7645    0.2778
...    50 G-C ...
  -96.4645  -98.5921   51.6751
   -0.4445    0.0927   -0.8910
    0.6405   -0.6625   -0.3885
   -0.6262   -0.7433    0.2351
...    51 T-A ...
  -98.9918 -100.6126   52.4980
   -0.0360   -0.2618   -0.9644
    0.7823   -0.6079    0.1358
   -0.6219   -0.7496    0.2267
...    52 A-T ...
 -100.8919 -103.2258   53.3719
    0.4542   -0.5704   -0.6843
    0.6526   -0.3099    0.6915
   -0.6065   -0.7607    0.2315
...    53 G-C ...
 -103.0237 -105.7185   53.8378
    0.7694   -0.5918   -0.2402
    0.3292    0.0452    0.9432
   -0.5474   -0.8048    0.2296
...    54 G-C ...
 -104.8960 -108.5020   54.2623
    0.8825   -0.3855    0.2694
   -0.1292    0.3521    0.9270
   -0.4522   -0.8529    0.2609
...    55 T-A ...
 -106.0824 -111.5412   54.6065
    0.7210   -0.0993    0.6858
   -0.5610    0.4972    0.6619
   -0.4066   -0.8620    0.3028
...    56 A-T ...
 -107.0146 -114.5620   55.6593
    0.3797    0.3249    0.8662
   -0.8745    0.4316    0.2215
   -0.3018   -0.8415    0.4480
...    57 T-A ...
 -107.3243 -117.4609   57.1313
   -0.0925    0.5212    0.8484
   -0.9532    0.2000   -0.2268
   -0.2879   -0.8297    0.4783
...    58 C-G ...
 -108.2115 -120.0321   58.9235
   -0.6130    0.5747    0.5422
   -0.7389   -0.1740   -0.6509
   -0.2797   -0.7996    0.5314
...    59 T-A ...
 -109.0529 -122.4339   61.0304
   -0.8973    0.4307    0.0967
   -0.3236   -0.4929   -0.8077
   -0.3002   -0.7560    0.5817
...    60 C-G ...
 -110.1877 -124.7749   63.0376
   -0.9167    0.0501   -0.3964
    0.2627   -0.6719   -0.6925
   -0.3010   -0.7389    0.6028
...    61 G-C ...
 -111.0697 -127.5429   64.6913
   -0.5885   -0.3124   -0.7457
    0.7315   -0.5986   -0.3265
   -0.3444   -0.7376    0.5807
...    62 A-T ...
 -112.2672 -129.8695   66.6925
   -0.0378   -0.6098   -0.7917
    0.9448   -0.2800    0.1705
   -0.3256   -0.7415    0.5867
...    63 G-C ...
 -113.6165 -132.2944   68.5130
    0.4820   -0.6269   -0.6121
    0.8316    0.1073    0.5450
   -0.2759   -0.7717    0.5730
...    64 C-G ...
 -114.8650 -134.8843   70.1597
    0.8694   -0.4209   -0.2589
    0.4473    0.4478    0.7742
   -0.2100   -0.7889    0.5776
...    65 T-A ...
 -115.5034 -137.6850   71.7801
    0.9925   -0.0518    0.1104
   -0.0573    0.6014    0.7969
   -0.1077   -0.7973    0.5939
...    66 C-G ...
 -115.7403 -140.3212   73.6547
    0.7942    0.3693    0.4825
   -0.6071    0.5157    0.6046
   -0.0256   -0.7731    0.6338
...    67 G-C ...
 -115.7245 -142.6327   76.0512
    0.3511    0.7190    0.5998
   -0.9303    0.1952    0.3106
    0.1062   -0.6670    0.7374
...    68 G-C ...
 -114.8630 -144.5173   78.7021
   -0.2021    0.7856    0.5848
   -0.9663   -0.2573    0.0116
    0.1596   -0.5628    0.8111
...    69 G-C ...
 -114.1409 -145.8509   81.7200
   -0.6996    0.5679    0.4336
   -0.6954   -0.6807   -0.2305
    0.1642   -0.4628    0.8711
...    70 A-T ...
 -113.6741 -147.1557   84.7116
   -0.9752    0.0495    0.2158
   -0.1356   -0.9041   -0.4052
    0.1750   -0.4244    0.8884
...    71 T-A ...
 -113.1535 -147.8821   87.9168
   -0.8956   -0.4445    0.0161
    0.3886   -0.7995   -0.4581
    0.2165   -0.4040    0.8888
...    72 C-G ...
 -112.5259 -149.1276   90.9121
   -0.4740   -0.8477   -0.2382
    0.8477   -0.3660   -0.3841
    0.2384   -0.3840    0.8920
...    73 C-G ...
 -111.9543 -150.3186   94.0317
    0.0590   -0.8903   -0.4516
    0.9623    0.1711   -0.2115
    0.2656   -0.4221    0.8668
...    74 G-C ...
 -110.6902 -151.3489   96.9502
    0.5483   -0.5965   -0.5861
    0.7501    0.6606    0.0295
    0.3696   -0.4559    0.8097
...    75 C-G ...
 -109.7980 -153.1177   99.5855
    0.8315   -0.1198   -0.5425
    0.3324    0.8897    0.3130
    0.4451   -0.4406    0.7796
...    76 T-A ...
 -108.2362 -154.8268  101.9106
    0.8258    0.3916   -0.4057
   -0.1260    0.8295    0.5441
    0.5496   -0.3982    0.7344
...    77 T-A ...
 -106.3148 -156.1787  104.0967
    0.5780    0.8071   -0.1203
   -0.5367    0.4870    0.6891
    0.6148   -0.3337    0.7146
...    78 T-A ...
 -104.1244 -157.1822  106.2188
    0.1505    0.9662    0.2094
   -0.7401   -0.0303    0.6718
    0.6554   -0.2561    0.7105
...    79 A-T ...
 -101.6576 -157.5120  108.4275
   -0.3657    0.8369    0.4072
   -0.6507   -0.5427    0.5310
    0.6655   -0.0708    0.7431
...    80 A-T ...
  -99.3829 -157.4144  110.7340
   -0.6645    0.3875    0.6390
   -0.3075   -0.9211    0.2388
    0.6811   -0.0378    0.7312
...    81 T-A ...
  -97.0768 -156.8085  113.0321
   -0.7074   -0.1356    0.6937
    0.0833   -0.9906   -0.1088
    0.7019   -0.0192    0.7120
...    82 C-G ...
  -94.8812 -156.7526  115.4856
   -0.4976   -0.6987    0.5140
    0.4980   -0.7153   -0.4903
    0.7102    0.0120    0.7039
...    83 A-T ...
  -92.2967 -156.8379  117.5320
   -0.1229   -0.9859    0.1136
    0.6906   -0.1672   -0.7036
    0.7127   -0.0080    0.7015
...    84 T-A ...
  -90.4585 -156.8585  120.2952
    0.2684   -0.9326   -0.2413
    0.6370    0.3597   -0.6818
    0.7226    0.0293    0.6906
...    85 G-C ...
  -87.9381 -156.6525  122.4357
    0.4995   -0.5756   -0.6474
    0.3581    0.8177   -0.4507
    0.7888   -0.0067    0.6146
...    86 T-A ...
  -85.4990 -157.2410  124.5491
    0.5612   -0.0835   -0.8235
    0.0379    0.9964   -0.0752
    0.8268    0.0110    0.5624
...    87 T-A ...
  -82.7811 -157.3895  126.2599
    0.4262    0.4629   -0.7772
   -0.2712    0.8850    0.3784
    0.8630    0.0495    0.5027
...    88 A-T ...
  -79.5441 -157.4739  127.1897
    0.0112    0.7867   -0.6172
   -0.3836    0.5734    0.7239
    0.9234    0.2286    0.3082
...    89 T-A ...
  -76.3680 -156.8967  127.5300
   -0.2243    0.9520   -0.2082
   -0.3187    0.1302    0.9389
    0.9209    0.2769    0.2742
...    90 A-T ...
  -73.3558 -155.5330  127.9620
   -0.5027    0.8231    0.2642
   -0.0792   -0.3482    0.9341
    0.8608    0.4486    0.2403
...    91 A-T ...
  -70.6501 -153.8239  128.4844
   -0.4565    0.4902    0.7425
    0.2450   -0.7330    0.6346
    0.8553    0.4716    0.2145
...    92 C-G ...
  -68.1368 -151.6730  128.9459
   -0.2598    0.0386    0.9649
    0.4744   -0.8652    0.1623
    0.8411    0.4999    0.2065
...    93 G-C ...
  -65.1608 -150.4079  129.7383
    0.0311   -0.4750    0.8794
    0.5725   -0.7127   -0.4052
    0.8193    0.5161    0.2498
...    94 G-C ...
  -62.5558 -148.4793  130.6877
    0.3141   -0.8052    0.5030
    0.4572   -0.3360   -0.8234
    0.8320    0.4886    0.2626
...    95 A-T ...
  -59.9353 -146.7092  131.5703
    0.5177   -0.8518   -0.0808
    0.1568    0.1873   -0.9697
    0.8411    0.4893    0.2305
...    96 C-G ...
  -57.2157 -145.3386  132.8456
    0.4990   -0.6468   -0.5767
   -0.1512    0.5903   -0.7929
    0.8533    0.4829    0.1968
...    97 A-T ...
  -54.4197 -143.6205  133.3794
    0.2143   -0.2802   -0.9357
   -0.4008    0.8484   -0.3458
    0.8907    0.4492    0.0695
...    98 C-G ...
  -51.2948 -142.7356  133.5576
   -0.0782    0.1506   -0.9855
   -0.4499    0.8768    0.1697
    0.8896    0.4566   -0.0008
...    99 T-A ...
  -48.2975 -141.4672  133.1741
   -0.3924    0.5121   -0.7640
   -0.3213    0.7020    0.6356
    0.8618    0.4949   -0.1109
...   100 T-A ...
  -45.5326 -139.9483  132.5243
   -0.5525    0.7804   -0.2928
   -0.0355    0.3289    0.9437
    0.8327    0.5318   -0.1540
...   101 T-A ...
  -42.9382 -138.2046  131.7086
   -0.5054    0.8179    0.2749
    0.2969   -0.1343    0.9454
    0.8102    0.5595   -0.1749
...   102 A-T ...
  -40.4007 -136.1474  131.1127
   -0.2968    0.5636    0.7709
    0.5731   -0.5406    0.6159
    0.7638    0.6246   -0.1626
...   103 T-A ...
  -38.3923 -133.6587  130.2738
    0.0460    0.2270    0.9728
    0.6515   -0.7450    0.1430
    0.7572    0.6273   -0.1821
...   104 G-C ...
  -35.7346 -131.7617  129.7882
    0.3727   -0.2708    0.8876
    0.5291   -0.7238   -0.4430
    0.7623    0.6347   -0.1265
...   105 C-G ...
  -33.3919 -129.4181  129.6103
    0.5849   -0.6337    0.5062
    0.2399   -0.4610   -0.8543
    0.7748    0.6212   -0.1176
...   106 T-A ...
  -30.8250 -127.3333  129.5338
    0.5933   -0.8049   -0.0076
   -0.1036   -0.0671   -0.9924
    0.7983    0.5896   -0.1232
...   107 T-A ...
  -28.2085 -125.4196  129.4069
    0.4343   -0.7030   -0.5632
   -0.4353    0.3836   -0.8145
    0.7886    0.5989   -0.1394
...   108 C-G ...
  -25.5879 -123.5264  128.9890
    0.0623   -0.3898   -0.9188
   -0.6108    0.7131   -0.3440
    0.7893    0.5826   -0.1937
...   109 C-G ...
  -22.7438 -121.9029  128.2378
   -0.3572   -0.0312   -0.9335
   -0.5436    0.8197    0.1806
    0.7596    0.5719   -0.3097
...   110 G-C ...
  -20.4836 -119.7844  127.0440
   -0.7042    0.3125   -0.6376
   -0.2402    0.7402    0.6280
    0.6682    0.5953   -0.4462
...   111 G-C ...
  -18.4874 -117.9474  125.0342
   -0.7941    0.5844   -0.1669
    0.1921    0.5019    0.8433
    0.5767    0.6376   -0.5109
...   112 C-G ...
  -16.9703 -115.9003  122.9404
   -0.6003    0.7269    0.3335
    0.6049    0.1398    0.7839
    0.5232    0.6723   -0.5236
...   113 T-A ...
  -15.6423 -113.5630  121.0161
   -0.2310    0.6581    0.7167
    0.8496   -0.2225    0.4782
    0.4742    0.7193   -0.5077
...   114 C-G ...
  -14.2427 -111.0799  119.4059
    0.2975    0.3953    0.8690
    0.8359   -0.5477   -0.0370
    0.4613    0.7374   -0.4934
...   115 G-C ...
  -12.3836 -108.8530  117.7779
    0.6719   -0.0341    0.7399
    0.5460   -0.6522   -0.5259
    0.5004    0.7573   -0.4196
...   116 T-A ...
  -10.9915 -105.9903  116.8287
    0.8495   -0.3783    0.3678
    0.1183   -0.5428   -0.8315
    0.5142    0.7498   -0.4163
...   117 A-T ...
   -9.3363 -103.5934  115.2093
    0.7402   -0.6450   -0.1899
   -0.4138   -0.2143   -0.8848
    0.5300    0.7335   -0.4255
...   118 T-A ...
   -7.2316 -101.2075  114.3800
    0.4320   -0.6696   -0.6042
   -0.7315    0.1317   -0.6690
    0.5275    0.7310   -0.4329
...   119 A-T ...
   -5.4735  -98.8627  112.8283
   -0.1028   -0.5379   -0.8367
   -0.8402    0.4972   -0.2164
    0.5325    0.6808   -0.5030
...   120 A-T ...
   -3.5689  -96.8674  111.1360
   -0.5618   -0.1872   -0.8058
   -0.6417    0.7133    0.2816
    0.5221    0.6754   -0.5209
...   121 T-A ...
   -1.6054  -95.2091  109.0993
   -0.8151    0.1771   -0.5516
   -0.2782    0.7155    0.6408
    0.5082    0.6758   -0.5339
...   122 G-C ...
   -0.2006  -92.8541  107.2111
   -0.8897    0.4542   -0.0455
    0.2285    0.5295    0.8170
    0.3951    0.7165   -0.5749
...   123 T-A ...
    0.7131  -90.7513  104.8375
   -0.6628    0.6333    0.3995
    0.6554    0.2325    0.7186
    0.3622    0.7381   -0.5692
...   124 G-C ...
    1.8149  -88.1256  103.1238
   -0.2260    0.5751    0.7862
    0.9250   -0.1263    0.3583
    0.3054    0.8083   -0.5034
...   125 T-A ...
    2.1858  -85.3152  101.4170
    0.2725    0.4053    0.8727
    0.9127   -0.3959   -0.1011
    0.3045    0.8240   -0.4778
...   126 C-G ...
    3.1089  -82.5345   99.9662
    0.7416    0.0770    0.6664
    0.5909   -0.5454   -0.5945
    0.3177    0.8346   -0.4500
...   127 G-C ...
    4.4296  -79.9908   98.2715
    0.9072   -0.3194    0.2737
    0.0986   -0.4711   -0.8766
    0.4089    0.8222   -0.3959
...   128 A-T ...
    5.7959  -77.2712   97.0804
    0.7836   -0.5576   -0.2739
   -0.4428   -0.1922   -0.8758
    0.4357    0.8076   -0.3976
...   129 C-G ...
    7.6470  -74.6640   96.2457
    0.4325   -0.5970   -0.6757
   -0.7791    0.1298   -0.6133
    0.4538    0.7917   -0.4089
...   130 C-G ...
    9.4870  -72.2066   94.8693
   -0.0872   -0.4968   -0.8635
   -0.8798    0.4449   -0.1671
    0.4672    0.7452   -0.4759
...   131 A-T ...
   10.8812  -69.7067   93.1938
   -0.6061   -0.2337   -0.7603
   -0.6691    0.6666    0.3285
    0.4300    0.7078   -0.5604
...   132 A-T ...
   12.3839  -67.6339   91.1992
   -0.8766    0.1794   -0.4465
   -0.2174    0.6802    0.7001
    0.4293    0.7107   -0.5573
...   133 A-T ...
   13.7276  -65.5070   89.1512
   -0.8514    0.5240    0.0230
    0.3066    0.4618    0.8323
    0.4255    0.7157   -0.5538
...   134 T-A ...
   14.7283  -63.4123   86.8244
   -0.5924    0.6746    0.4405
    0.6886    0.1400    0.7115
    0.4183    0.7248   -0.5474
...   135 G-C ...
   15.7212  -61.4788   83.9377
    0.0342    0.7399    0.6718
    0.8637   -0.3601    0.3526
    0.5028    0.5682   -0.6514
...   136 T-A ...
   15.7739  -59.5465   80.8035
    0.5516    0.4996    0.6680
    0.6739   -0.7388   -0.0038
    0.4916    0.4523   -0.7442
...   137 G-C ...
   16.8280  -57.7076   78.2737
    0.8528   -0.0847    0.5152
    0.1508   -0.9047   -0.3984
    0.4999    0.4175   -0.7588
...   138 A-T ...
   18.4176  -55.5142   76.5362
    0.8547   -0.5007    0.1370
   -0.3189   -0.7148   -0.6224
    0.4096    0.4883   -0.7706
...   139 G-C ...
   20.4152  -54.2945   74.5496
    0.5847   -0.7389   -0.3350
   -0.7594   -0.3532   -0.5465
    0.2854    0.5739   -0.7676
...   140 C-G ...
   21.4164  -51.8108   72.7949
    0.1305   -0.7142   -0.6876
   -0.8897    0.2217   -0.3991
    0.4375    0.6639   -0.6065
...   141 G-C ...
   22.1406  -50.1331   67.4724
   -0.4682   -0.8748    0.1248
   -0.8495    0.4067   -0.3362
    0.2434   -0.2634   -0.9335
...   142 C-G ...
   22.3377  -51.2252   64.5018
   -0.8529   -0.5117   -0.1032
   -0.4974    0.8566   -0.1372
    0.1587   -0.0657   -0.9851
...   143 T-A ...
   24.0060  -51.6202   61.9332
   -0.9563    0.0399   -0.2897
    0.0522    0.9980   -0.0348
    0.2877   -0.0484   -0.9565
...   144 C-G ...
   24.8857  -52.7207   58.9947
   -0.7530    0.5560   -0.3520
    0.5213    0.8304    0.1966
    0.4016   -0.0355   -0.9151
...   145 A-T ...
   25.5174  -52.9610   55.8126
   -0.2441    0.9563   -0.1609
    0.8907    0.2867    0.3528
    0.3835   -0.0571   -0.9218
...   146 C-G ...
   25.2677  -52.4925   52.0870
    0.3203    0.9428   -0.0928
    0.8825   -0.2613    0.3910
    0.3444   -0.2071   -0.9157
...   147 A-T ...
   25.6133  -52.5732   48.6478
    0.8597    0.5097    0.0339
    0.4498   -0.7866    0.4230
    0.2423   -0.3484   -0.9055
