  147 base-pairs
...     1 T-A ...
    0.0000    0.0000    0.0000
    1.0000    0.0000    0.0000
    0.0000    1.0000    0.0000
    0.0000    0.0000    1.0000
...     2 G-C ...
   -0.5555   -1.1003    3.3981
    0.7749    0.6051    0.1828
   -0.5991    0.7953   -0.0929
   -0.2016   -0.0375    0.9787
...     3 T-A ...
   -0.6619   -3.0237    6.5348
    0.3046    0.9250    0.2271
   -0.8994    0.3578   -0.2510
   -0.3134   -0.1278    0.9410
...     4 G-C ...
   -1.1607   -3.8418    9.6940
   -0.3351    0.9421    0.0133
   -0.8752   -0.3061   -0.3746
   -0.3489   -0.1372    0.9271
...     5 A-T ...
   -1.3881   -3.6770   12.8999
   -0.7835    0.6162   -0.0801
   -0.5677   -0.7622   -0.3109
   -0.2527   -0.1981    0.9470
...     6 G-C ...
   -2.6236   -3.5448   15.7072
   -0.9923    0.0611   -0.1075
   -0.0294   -0.9610   -0.2748
   -0.1201   -0.2695    0.9555
...     7 C-G ...
   -2.3138   -3.7570   18.8866
   -0.8620   -0.4995   -0.0864
    0.5008   -0.8655    0.0073
   -0.0785   -0.0370    0.9962
...     8 G-C ...
   -3.9561   -6.8109   23.3205
   -0.2581   -0.3560   -0.8981
    0.6294   -0.7673    0.1233
   -0.7330   -0.5335    0.4221
...     9 C-G ...
   -6.1177   -8.9414   24.2385
    0.1143   -0.7320   -0.6716
    0.8123   -0.3203    0.4874
   -0.5720   -0.6013    0.5580
...    10 T-A ...
   -8.5041   -9.6771   26.0540
    0.4660   -0.8587   -0.2131
    0.6274    0.1508    0.7640
   -0.6239   -0.4897    0.6090
...    11 C-G ...
  -11.0625  -11.3174   27.2336
    0.6660   -0.6911    0.2808
    0.3382    0.6152    0.7121
   -0.6649   -0.3794    0.6435
...    12 A-T ...
  -13.0013  -13.1789   29.0658
    0.7188   -0.1490    0.6790
   -0.1787    0.9043    0.3876
   -0.6718   -0.4000    0.6235
...    13 C-G ...
  -14.1788  -15.9359   31.3399
    0.4052    0.2865    0.8682
   -0.5270    0.8492   -0.0343
   -0.7470   -0.4437    0.4951
...    14 A-T ...
  -15.9532  -18.1566   33.3080
   -0.1503    0.6873    0.7107
   -0.6106    0.5008   -0.6135
   -0.7776   -0.5261    0.3444
...    15 A-T ...
  -18.3626  -20.0051   34.4307
   -0.4707    0.8524    0.2279
   -0.3892    0.0313   -0.9206
   -0.7918   -0.5220    0.3170
...    16 T-A ...
  -20.7538  -21.6590   36.1758
   -0.6366    0.7145   -0.2903
   -0.0559   -0.4182   -0.9067
   -0.7691   -0.5610    0.3061
...    17 T-A ...
  -23.2865  -23.2999   37.4925
   -0.5688    0.3167   -0.7591
    0.3454   -0.7456   -0.5699
   -0.7465   -0.5863    0.3147
...    18 T-A ...
  -25.8068  -25.0513   38.4882
   -0.2400   -0.1120   -0.9643
    0.5963   -0.8009   -0.0553
   -0.7661   -0.5882    0.2590
...    19 A-T ...
  -28.2939  -27.1098   39.0747
    0.2115   -0.4309   -0.8772
    0.6112   -0.6421    0.4628
   -0.7627   -0.6340    0.1275
...    20 T-A ...
  -31.1378  -28.7935   38.9783
    0.5027   -0.6874   -0.5242
    0.4161   -0.3391    0.8437
   -0.7577   -0.6423    0.1155
...    21 T-A ...
  -33.6759  -30.8621   39.0272
    0.6578   -0.7523    0.0363
    0.0472    0.0892    0.9949
   -0.7517   -0.6528    0.0942
...    22 C-G ...
  -36.0543  -33.1052   39.2783
    0.5884   -0.5415    0.6005
   -0.3594    0.4902    0.7941
   -0.7244   -0.6830    0.0938
...    23 G-C ...
  -38.5191  -35.1990   40.2259
    0.3813   -0.0880    0.9202
   -0.6692    0.6605    0.3405
   -0.6378   -0.7456    0.1930
...    24 C-G ...
  -40.3057  -37.8850   40.7973
    0.0092    0.3104    0.9505
   -0.7706    0.6081   -0.1911
   -0.6373   -0.7307    0.2448
...    25 A-T ...
  -42.7714  -40.0500   41.3019
   -0.4098    0.6378    0.6521
   -0.6338    0.3150   -0.7064
   -0.6560   -0.7028    0.2752
...    26 A-T ...
  -44.8394  -42.3551   42.3953
   -0.7045    0.6963    0.1373
   -0.2855   -0.1009   -0.9530
   -0.6497   -0.7107    0.2699
...    27 A-T ...
  -46.8495  -44.6123   43.6156
   -0.7551    0.4919   -0.4335
    0.1903   -0.4683   -0.8628
   -0.6274   -0.7340    0.2600
...    28 G-C ...
  -49.2076  -46.7406   44.7396
   -0.5021    0.2091   -0.8392
    0.5517   -0.6698   -0.4970
   -0.6660   -0.7125    0.2209
...    29 G-C ...
  -51.7926  -48.9157   45.4111
   -0.0492   -0.1385   -0.9891
    0.7318   -0.6790    0.0587
   -0.6798   -0.7209    0.1348
...    30 C-G ...
  -54.3147  -51.0027   45.5619
    0.3985   -0.4364   -0.8067
    0.6296   -0.5094    0.5866
   -0.6669   -0.7417    0.0718
...    31 C-G ...
  -56.7551  -53.2995   45.5968
    0.7325   -0.5758   -0.3632
    0.3009   -0.2046    0.9314
   -0.6106   -0.7916    0.0234
...    32 G-C ...
  -58.4034  -55.8578   45.8288
    0.8514   -0.5035    0.1471
   -0.1270    0.0743    0.9891
   -0.5090   -0.8608   -0.0007
...    33 G-C ...
  -59.5981  -58.9989   45.6759
    0.6785   -0.3214    0.6605
   -0.5905    0.2962    0.7508
   -0.4370   -0.8994    0.0112
...    34 C-G ...
  -60.6181  -62.1105   45.5667
    0.2674   -0.0626    0.9616
   -0.8750    0.4022    0.2695
   -0.4036   -0.9134    0.0528
...    35 C-G ...
  -61.5902  -65.3359   46.0657
   -0.2386    0.2175    0.9464
   -0.8924    0.3354   -0.3020
   -0.3831   -0.9166    0.1141
...    36 C-G ...
  -62.7319  -68.4079   46.7325
   -0.6734    0.4046    0.6187
   -0.6334    0.1158   -0.7651
   -0.3812   -0.9071    0.1783
...    37 G-C ...
  -64.3100  -71.4369   46.4355
   -0.8874    0.4548    0.0758
   -0.1518   -0.1329   -0.9794
   -0.4353   -0.8806    0.1870
...    38 A-T ...
  -65.5996  -74.2500   47.0737
   -0.8084    0.2935   -0.5101
    0.4022   -0.3573   -0.8430
   -0.4297   -0.8867    0.1708
...    39 C-G ...
  -67.4253  -76.8016   47.8041
   -0.4687    0.1014   -0.8775
    0.7578   -0.4643   -0.4585
   -0.4539   -0.8799    0.1408
...    40 A-T ...
  -69.0496  -79.6931   48.1319
    0.0817   -0.1143   -0.9901
    0.8871   -0.4444    0.1245
   -0.4542   -0.8885    0.0651
...    41 C-G ...
  -70.8703  -82.4351   47.8874
    0.5397   -0.2801   -0.7939
    0.7221   -0.3309    0.6076
   -0.4328   -0.9012    0.0237
...    42 G-C ...
  -71.9626  -85.5373   48.3057
    0.8887   -0.3414   -0.3062
    0.2812   -0.1218    0.9519
   -0.3622   -0.9320   -0.0122
...    43 A-T ...
  -73.2255  -88.4275   48.2348
    0.8936   -0.3339    0.3000
   -0.2765    0.1168    0.9539
   -0.3535   -0.9353    0.0121
...    44 C-G ...
  -74.0571  -91.5565   47.6216
    0.6427   -0.1599    0.7492
   -0.7081    0.2493    0.6606
   -0.2925   -0.9551    0.0470
...    45 T-A ...
  -74.4200  -95.1313   47.6693
    0.1549    0.0712    0.9854
   -0.9515    0.2790    0.1294
   -0.2657   -0.9576    0.1110
...    46 T-A ...
  -74.9506  -98.2845   48.0169
   -0.3270    0.2244    0.9180
   -0.9092    0.1903   -0.3704
   -0.2578   -0.9557    0.1418
...    47 A-T ...
  -75.8755 -101.3927   48.6549
   -0.7595    0.3744    0.5319
   -0.5766   -0.0089   -0.8170
   -0.3011   -0.9272    0.2226
...    48 C-G ...
  -76.7283 -104.2903   50.0888
   -0.9448    0.3271    0.0173
   -0.0974   -0.2302   -0.9683
   -0.3127   -0.9165    0.2494
...    49 T-A ...
  -77.9465 -107.1369   51.4095
   -0.8338    0.2158   -0.5082
    0.3948   -0.4104   -0.8220
   -0.3860   -0.8860    0.2570
...    50 G-C ...
  -79.3037 -110.1182   52.0366
   -0.4281    0.0054   -0.9037
    0.7983   -0.4666   -0.3809
   -0.4237   -0.8845    0.1954
...    51 T-A ...
  -81.1416 -112.6878   52.6161
    0.0466   -0.2208   -0.9742
    0.9054   -0.4026    0.1346
   -0.4220   -0.8883    0.1811
...    52 A-T ...
  -82.2791 -115.7311   53.2666
    0.5939   -0.3895   -0.7040
    0.7015   -0.1777    0.6902
   -0.3939   -0.9037    0.1676
...    53 G-C ...
  -83.7730 -118.5857   53.6879
    0.8965   -0.3357   -0.2892
    0.3245    0.0530    0.9444
   -0.3017   -0.9405    0.1565
...    54 G-C ...
  -84.8198 -122.0446   53.3955
    0.9594   -0.1581    0.2335
   -0.1972    0.2156    0.9563
   -0.2016   -0.9636    0.1757
...    55 T-A ...
  -85.1388 -125.2461   53.6182
    0.7404    0.0253    0.6717
   -0.6537    0.2598    0.7107
   -0.1565   -0.9653    0.2089
...    56 A-T ...
  -84.9057 -128.6593   54.1731
    0.2849    0.3037    0.9092
   -0.9565    0.1518    0.2490
   -0.0624   -0.9406    0.3337
...    57 T-A ...
  -84.3913 -131.7044   55.2224
   -0.2194    0.3762    0.9002
   -0.9745   -0.0406   -0.2205
   -0.0465   -0.9256    0.3755
...    58 C-G ...
  -84.3611 -134.7509   56.7922
   -0.7689    0.3043    0.5623
   -0.6373   -0.2931   -0.7127
   -0.0520   -0.9064    0.4193
...    59 T-A ...
  -84.5757 -137.5543   58.5109
   -0.9859    0.1472    0.0791
   -0.1377   -0.4475   -0.8836
   -0.0947   -0.8821    0.4615
...    60 C-G ...
  -85.1662 -140.5251   59.7171
   -0.8759   -0.1552   -0.4568
    0.4682   -0.5021   -0.7271
   -0.1165   -0.8508    0.5125
...    61 G-C ...
  -85.1398 -143.5657   60.9283
   -0.4751   -0.3892   -0.7892
    0.8693   -0.3466   -0.3524
   -0.1364   -0.8535    0.5030
...    62 A-T ...
  -85.2107 -146.3127   62.7098
    0.1415   -0.5046   -0.8517
    0.9857   -0.0073    0.1681
   -0.0910   -0.8633    0.4964
...    63 G-C ...
  -85.5954 -149.1940   64.2373
    0.6455   -0.4083   -0.6455
    0.7627    0.3007    0.5726
   -0.0397   -0.8619    0.5055
...    64 C-G ...
  -86.0228 -152.2832   65.6160
    0.9665   -0.1122   -0.2310
    0.2559    0.4961    0.8297
    0.0215   -0.8610    0.5082
...    65 T-A ...
  -85.9611 -155.3361   66.9700
    0.9563    0.2463    0.1578
   -0.2636    0.4918    0.8299
    0.1268   -0.8352    0.5352
...    66 C-G ...
  -85.3129 -158.0818   68.7159
    0.6434    0.5513    0.5311
   -0.7342    0.2477    0.6322
    0.2170   -0.7967    0.5641
...    67 G-C ...
  -84.6864 -160.2410   71.0232
    0.1421    0.6976    0.7023
   -0.9425   -0.1216    0.3114
    0.3026   -0.7061    0.6402
...    68 G-C ...
  -83.3509 -162.2599   73.3169
   -0.4080    0.5828    0.7028
   -0.8569   -0.5100   -0.0745
    0.3150   -0.6326    0.7075
...    69 G-C ...
  -82.2728 -163.8944   76.0651
   -0.8337    0.2714    0.4809
   -0.4757   -0.7952   -0.3760
    0.2804   -0.5422    0.7921
...    70 A-T ...
  -81.2552 -165.4093   78.8545
   -0.9447   -0.2739    0.1805
    0.1283   -0.8150   -0.5651
    0.3018   -0.5107    0.8050
...    71 T-A ...
  -80.5170 -166.6252   81.8531
   -0.7327   -0.6681   -0.1296
    0.6063   -0.5543   -0.5703
    0.3092   -0.4964    0.8111
...    72 C-G ...
  -79.7209 -168.1990   84.7311
   -0.1926   -0.8900   -0.4134
    0.9195   -0.0166   -0.3927
    0.3427   -0.4558    0.8215
...    73 C-G ...
  -78.7112 -169.6240   87.5274
    0.2874   -0.7265   -0.6242
    0.8773    0.4612   -0.1329
    0.3844   -0.5094    0.7699
...    74 G-C ...
  -77.0129 -170.9906   89.9675
    0.6728   -0.2982   -0.6770
    0.5675    0.7952    0.2137
    0.4746   -0.5279    0.7043
...    75 C-G ...
  -75.7270 -173.1604   92.3358
    0.8531    0.2258   -0.4703
    0.0663    0.8473    0.5270
    0.5175   -0.4808    0.7078
...    76 T-A ...
  -73.9482 -175.1353   94.4874
    0.6991    0.6946   -0.1699
   -0.4145    0.5872    0.6953
    0.5827   -0.4157    0.6984
...    77 T-A ...
  -71.7624 -176.4816   96.4418
    0.3177    0.9293    0.1884
   -0.7266    0.1109    0.6781
    0.6092   -0.3524    0.7104
...    78 T-A ...
  -69.7164 -177.4232   98.7039
   -0.1880    0.8765    0.4431
   -0.7607   -0.4154    0.4988
    0.6213   -0.2433    0.7449
...    79 A-T ...
  -67.8067 -177.8465  101.4313
   -0.6693    0.5260    0.5247
   -0.4772   -0.8456    0.2391
    0.5695   -0.0903    0.8170
...    80 A-T ...
  -65.9812 -177.8159  104.0287
   -0.8277   -0.0316    0.5603
    0.0040   -0.9987   -0.0505
    0.5612   -0.0396    0.8268
...    81 C-G ...
  -64.3258 -177.2876  106.9242
   -0.6646   -0.5716    0.4812
    0.4718   -0.8204   -0.3230
    0.5795    0.0124    0.8149
...    82 A-T ...
  -62.4796 -177.3279  109.6952
   -0.2495   -0.9491    0.1921
    0.7738   -0.3147   -0.5497
    0.5822    0.0115    0.8130
...    83 C-G ...
  -61.1396 -177.2322  112.8466
    0.2041   -0.9721   -0.1157
    0.7767    0.2328   -0.5853
    0.5958    0.0296    0.8026
...    84 T-A ...
  -59.4953 -177.5541  116.0739
    0.6001   -0.6827   -0.4169
    0.5070    0.7277   -0.4619
    0.6187    0.0658    0.7829
...    85 T-A ...
  -57.6144 -177.6784  118.7124
    0.7850   -0.1488   -0.6014
    0.0551    0.9837   -0.1714
    0.6171    0.1015    0.7803
...    86 T-A ...
  -55.5778 -177.4730  121.2103
    0.6406    0.4116   -0.6482
   -0.3919    0.9012    0.1849
    0.6603    0.1356    0.7387
...    87 A-T ...
  -53.3272 -176.7871  123.4146
    0.2290    0.7495   -0.6211
   -0.6394    0.5969    0.4846
    0.7340    0.2862    0.6159
...    88 T-A ...
  -50.5432 -176.0615  124.7812
   -0.1584    0.9066   -0.3912
   -0.6547    0.2001    0.7289
    0.7391    0.3716    0.5618
...    89 G-C ...
  -47.9905 -174.5696  126.3619
   -0.6002    0.7978    0.0577
   -0.3933   -0.3572    0.8472
    0.6965    0.4858    0.5282
...    90 C-G ...
  -45.9050 -172.4575  127.7881
   -0.7568    0.4496    0.4744
    0.0202   -0.7094    0.7045
    0.6533    0.5428    0.5278
...    91 T-A ...
  -44.2754 -169.9449  129.6537
   -0.6003   -0.0180    0.7995
    0.5099   -0.7788    0.3653
    0.6161    0.6270    0.4767
...    92 T-A ...
  -42.5294 -167.7004  131.1700
   -0.1986   -0.4513    0.8700
    0.7763   -0.6143   -0.1415
    0.5983    0.6473    0.4723
...    93 C-G ...
  -40.7321 -165.4126  132.8958
    0.3396   -0.6961    0.6326
    0.7374   -0.2205   -0.6384
    0.5839    0.6833    0.4384
...    94 C-G ...
  -38.9872 -162.9926  134.7536
    0.6807   -0.7159    0.1552
    0.4081    0.1947   -0.8919
    0.6083    0.6705    0.4247
...    95 T-A ...
  -36.9889 -161.0172  136.4022
    0.7653   -0.5463   -0.3403
   -0.0097    0.5189   -0.8548
    0.6436    0.6575    0.3919
...    96 C-G ...
  -34.9087 -158.8645  137.6916
    0.6037   -0.2071   -0.7698
   -0.4551    0.7032   -0.5462
    0.6545    0.6801    0.3303
...    97 A-T ...
  -32.8363 -156.4987  138.9069
    0.1647    0.1089   -0.9803
   -0.7015    0.7116   -0.0388
    0.6933    0.6941    0.1936
...    98 T-A ...
  -30.2935 -154.5573  139.2657
   -0.2519    0.3737   -0.8927
   -0.6839    0.5839    0.4374
    0.6847    0.7207    0.1085
...    99 G-C ...
  -27.9060 -152.0058  139.1526
   -0.6950    0.5020   -0.5147
   -0.4012    0.3232    0.8571
    0.5966    0.8022   -0.0232
...   100 T-A ...
  -25.9361 -149.4625  138.3124
   -0.8288    0.5594   -0.0127
    0.0236    0.0576    0.9981
    0.5590    0.8269   -0.0610
...   101 T-A ...
  -24.3350 -146.7665  137.8808
   -0.7068    0.4809    0.5189
    0.4822   -0.2091    0.8507
    0.5176    0.8515   -0.0841
...   102 A-T ...
  -22.6075 -143.8807  137.7093
   -0.2932    0.2492    0.9230
    0.8217   -0.4279    0.3766
    0.4888    0.8688   -0.0793
...   103 T-A ...
  -21.6974 -140.7843  137.2803
    0.1698    0.0390    0.9847
    0.8617   -0.4907   -0.1291
    0.4781    0.8705   -0.1170
...   104 A-T ...
  -19.9205 -137.9388  136.6309
    0.6968   -0.2366    0.6772
    0.5601   -0.4102   -0.7197
    0.4481    0.8808   -0.1533
...   105 A-T ...
  -18.6251 -135.0320  136.2295
    0.9011   -0.4046    0.1562
    0.0606   -0.2392   -0.9691
    0.4295    0.8827   -0.1910
...   106 C-G ...
  -17.1463 -131.9462  136.2485
    0.7900   -0.4716   -0.3916
   -0.4467   -0.0053   -0.8947
    0.4199    0.8818   -0.2148
...   107 G-C ...
  -15.8277 -129.2167  135.0857
    0.3605   -0.5402   -0.7604
   -0.7967    0.2455   -0.5522
    0.4850    0.8049   -0.3419
...   108 G-C ...
  -14.0066 -126.8830  133.6921
   -0.1514   -0.4346   -0.8878
   -0.8485    0.5180   -0.1089
    0.5072    0.7368   -0.4471
...   109 A-T ...
  -12.3196 -124.6352  132.0865
   -0.6257   -0.1097   -0.7723
   -0.6099    0.6861    0.3967
    0.4863    0.7192   -0.4962
...   110 G-C ...
  -10.6205 -122.6242  130.1967
   -0.8819    0.1770   -0.4369
   -0.2157    0.6726    0.7079
    0.4191    0.7185   -0.5550
...   111 G-C ...
   -9.4796 -120.3845  127.8261
   -0.8882    0.4542    0.0697
    0.3163    0.4943    0.8097
    0.3333    0.7412   -0.5827
...   112 C-G ...
   -8.9784 -118.0145  125.4860
   -0.5908    0.6204    0.5157
    0.7525    0.1931    0.6297
    0.2910    0.7601   -0.5810
...   113 T-A ...
   -8.3149 -115.5511  123.3948
   -0.1298    0.6084    0.7829
    0.9570   -0.1298    0.2595
    0.2595    0.7830   -0.5654
...   114 C-G ...
   -7.3806 -112.9022  121.6983
    0.4340    0.4053    0.8046
    0.8688   -0.4246   -0.2548
    0.2384    0.8096   -0.5363
...   115 G-C ...
   -6.2315 -110.4938  119.7519
    0.8374    0.0465    0.5445
    0.4693   -0.5717   -0.6729
    0.2800    0.8191   -0.5006
...   116 T-A ...
   -5.2301 -107.5973  118.6276
    0.9483   -0.2865    0.1368
   -0.0296   -0.5089   -0.8603
    0.3161    0.8118   -0.4910
...   117 A-T ...
   -3.8958 -104.6815  117.4418
    0.7431   -0.5803   -0.3332
   -0.5489   -0.2438   -0.7995
    0.3827    0.7770   -0.4997
...   118 T-A ...
   -2.1812 -102.1649  116.3565
    0.3832   -0.6198   -0.6848
   -0.8448    0.0646   -0.5311
    0.3734    0.7821   -0.4989
...   119 A-T ...
   -1.1004  -99.6013  114.5474
   -0.1768   -0.5330   -0.8274
   -0.9053    0.4179   -0.0757
    0.3862    0.7357   -0.5564
...   120 A-T ...
    0.3869  -97.4699  112.6213
   -0.6588   -0.2415   -0.7125
   -0.6560    0.6481    0.3868
    0.3683    0.7223   -0.5854
...   121 T-A ...
    1.8823  -95.5995  110.3029
   -0.9020    0.1170   -0.4156
   -0.2303    0.6838    0.6923
    0.3652    0.7202   -0.5898
...   122 G-C ...
    2.9678  -93.2967  107.9700
   -0.9062    0.4106    0.1009
    0.3209    0.5124    0.7965
    0.2754    0.7542   -0.5961
...   123 T-A ...
    3.4964  -91.0317  105.6857
   -0.6450    0.5906    0.4849
    0.7201    0.2573    0.6444
    0.2558    0.7648   -0.5913
...   124 G-C ...
    4.1128  -88.4282  103.7097
   -0.1626    0.5652    0.8088
    0.9641   -0.0832    0.2520
    0.2097    0.8208   -0.5314
...   125 T-A ...
    4.2511  -85.7576  101.9275
    0.3372    0.4056    0.8496
    0.9168   -0.3466   -0.1984
    0.2140    0.8458   -0.4887
...   126 C-G ...
    4.9122  -83.0247  100.5073
    0.8035    0.1342    0.5800
    0.5602   -0.5001   -0.6604
    0.2014    0.8555   -0.4770
...   127 G-C ...
    5.9576  -80.5116   98.6870
    0.9321   -0.2606    0.2516
    0.1097   -0.4588   -0.8817
    0.3452    0.8494   -0.3991
...   128 A-T ...
    6.9808  -77.7887   97.4668
    0.8226   -0.4822   -0.3014
   -0.4525   -0.2341   -0.8605
    0.3443    0.8442   -0.4107
...   129 C-G ...
    8.5906  -74.9979   96.7487
    0.4524   -0.5674   -0.6880
   -0.8100    0.0613   -0.5832
    0.3731    0.8211   -0.4319
...   130 C-G ...
   10.4370  -72.5651   95.2153
   -0.0643   -0.5355   -0.8421
   -0.9107    0.3766   -0.1700
    0.4081    0.7559   -0.5119
...   131 A-T ...
   11.1654  -69.8371   93.4481
   -0.5923   -0.2970   -0.7489
   -0.7169    0.6186    0.3217
    0.3677    0.7274   -0.5793
...   132 A-T ...
   12.4371  -67.6362   91.3633
   -0.8895    0.1062   -0.4443
   -0.2617    0.6788    0.6861
    0.3745    0.7266   -0.5761
...   133 A-T ...
   13.7098  -65.5410   89.1790
   -0.8585    0.5125    0.0167
    0.2969    0.4701    0.8312
    0.4181    0.7185   -0.5558
...   134 T-A ...
   14.7283  -63.4123   86.8245
   -0.5924    0.6746    0.4405
    0.6886    0.1400    0.7115
    0.4183    0.7248   -0.5474
...   135 G-C ...
   15.7211  -61.4788   83.9377
    0.0342    0.7399    0.6718
    0.8637   -0.3601    0.3526
    0.5028    0.5682   -0.6514
...   136 T-A ...
   15.7739  -59.5465   80.8036
    0.5516    0.4996    0.6680
    0.6739   -0.7388   -0.0038
    0.4916    0.4523   -0.7442
...   137 G-C ...
   16.8280  -57.7076   78.2738
    0.8528   -0.0847    0.5152
    0.1508   -0.9047   -0.3984
    0.4999    0.4175   -0.7588
...   138 A-T ...
   18.4176  -55.5142   76.5362
    0.8547   -0.5007    0.1370
   -0.3189   -0.7148   -0.6224
    0.4096    0.4883   -0.7706
...   139 G-C ...
   20.4152  -54.2945   74.5496
    0.5847   -0.7389   -0.3350
   -0.7594   -0.3532   -0.5465
    0.2854    0.5739   -0.7676
...   140 C-G ...
   21.4163  -51.8108   72.7950
    0.1305   -0.7142   -0.6876
   -0.8897    0.2217   -0.3991
    0.4375    0.6639   -0.6065
...   141 G-C ...
   22.1406  -50.1331   67.4724
   -0.4682   -0.8748    0.1248
   -0.8495    0.4067   -0.3362
    0.2434   -0.2634   -0.9335
...   142 C-G ...
   22.3377  -51.2252   64.5019
   -0.8529   -0.5117   -0.1032
   -0.4974    0.8566   -0.1372
    0.1587   -0.0657   -0.9851
...   143 T-A ...
   24.0059  -51.6202   61.9332
   -0.9563    0.0399   -0.2897
    0.0522    0.9980   -0.0348
    0.2877   -0.0484   -0.9565
...   144 C-G ...
   24.8857  -52.7207   58.9948
   -0.7530    0.5560   -0.3520
    0.5213    0.8304    0.1966
    0.4016   -0.0355   -0.9151
...   145 A-T ...
   25.5174  -52.9610   55.8127
   -0.2441    0.9563   -0.1609
    0.8907    0.2867    0.3528
    0.3835   -0.0571   -0.9218
...   146 C-G ...
   25.2677  -52.4925   52.0870
    0.3203    0.9428   -0.0928
    0.8825   -0.2613    0.3910
    0.3444   -0.2071   -0.9157
...   147 A-T ...
   25.6133  -52.5733   48.6479
    0.8597    0.5097    0.0339
    0.4498   -0.7866    0.4230
    0.2423   -0.3484   -0.9055
