  147 base-pairs
...     1 T-A ...
    0.0000    0.0000    0.0000
    1.0000    0.0000    0.0000
    0.0000    1.0000    0.0000
    0.0000    0.0000    1.0000
...     2 G-C ...
   -0.5555   -1.1003    3.3981
    0.7749    0.6051    0.1828
   -0.5991    0.7953   -0.0929
   -0.2016   -0.0375    0.9787
...     3 T-A ...
   -0.6619   -3.0237    6.5348
    0.3046    0.9250    0.2271
   -0.8994    0.3578   -0.2510
   -0.3134   -0.1278    0.9410
...     4 G-C ...
   -1.1607   -3.8418    9.6940
   -0.3351    0.9421    0.0133
   -0.8752   -0.3061   -0.3746
   -0.3489   -0.1372    0.9271
...     5 A-T ...
   -1.3881   -3.6770   12.8999
   -0.7835    0.6162   -0.0801
   -0.5677   -0.7622   -0.3109
   -0.2527   -0.1981    0.9470
...     6 G-C ...
   -2.6236   -3.5448   15.7072
   -0.9923    0.0611   -0.1075
   -0.0294   -0.9610   -0.2748
   -0.1201   -0.2695    0.9555
...     7 C-G ...
   -2.3138   -3.7570   18.8866
   -0.8620   -0.4995   -0.0864
    0.5008   -0.8655    0.0073
   -0.0785   -0.0370    0.9962
...     8 G-C ...
   -3.9561   -6.8109   23.3205
   -0.2581   -0.3560   -0.8981
    0.6294   -0.7673    0.1233
   -0.7330   -0.5335    0.4221
...     9 C-G ...
   -6.1177   -8.9414   24.2385
    0.1143   -0.7320   -0.6716
    0.8123   -0.3203    0.4874
   -0.5720   -0.6013    0.5580
...    10 T-A ...
   -8.5041   -9.6771   26.0540
    0.4660   -0.8587   -0.2131
    0.6274    0.1508    0.7640
   -0.6239   -0.4897    0.6090
...    11 C-G ...
  -11.0625  -11.3174   27.2336
    0.6660   -0.6911    0.2808
    0.3382    0.6152    0.7121
   -0.6649   -0.3794    0.6435
...    12 A-T ...
  -13.0013  -13.1789   29.0658
    0.7188   -0.1490    0.6790
   -0.1787    0.9043    0.3876
   -0.6718   -0.4000    0.6235
...    13 C-G ...
  -14.1788  -15.9359   31.3399
    0.4052    0.2865    0.8682
   -0.5270    0.8492   -0.0343
   -0.7470   -0.4437    0.4951
...    14 A-T ...
  -15.9532  -18.1566   33.3080
   -0.1503    0.6873    0.7107
   -0.6106    0.5008   -0.6135
   -0.7776   -0.5261    0.3444
...    15 A-T ...
  -18.2977  -19.9804   34.6321
   -0.4879    0.8381    0.2441
   -0.4025    0.0322   -0.9149
   -0.7746   -0.5446    0.3216
...    16 T-A ...
  -20.6119  -21.6216   36.3018
   -0.6227    0.7420   -0.2483
   -0.0953   -0.3868   -0.9172
   -0.7766   -0.5475    0.3116
...    17 T-A ...
  -23.1340  -23.2511   37.5147
   -0.5559    0.4092   -0.7235
    0.2766   -0.7298   -0.6252
   -0.7839   -0.5477    0.2925
...    18 T-A ...
  -25.7808  -24.8081   38.5275
   -0.2846   -0.0465   -0.9575
    0.5392   -0.8336   -0.1198
   -0.7927   -0.5504    0.2623
...    19 A-T ...
  -28.5757  -26.5139   39.1016
    0.1603   -0.4141   -0.8960
    0.5769   -0.6973    0.4254
   -0.8009   -0.5851    0.1271
...    20 T-A ...
  -31.4807  -28.0284   39.0191
    0.4422   -0.6916   -0.5711
    0.4145   -0.4071    0.8139
   -0.7954   -0.5966    0.1066
...    21 T-A ...
  -34.1126  -29.9169   39.0601
    0.6097   -0.7923   -0.0247
    0.0885    0.0371    0.9954
   -0.7877   -0.6091    0.0927
...    22 C-G ...
  -36.5715  -32.0618   39.2351
    0.5746   -0.6054    0.5508
   -0.3000    0.4703    0.8299
   -0.7615   -0.6421    0.0886
...    23 G-C ...
  -39.1157  -34.1100   39.8877
    0.3856   -0.1823    0.9045
   -0.6020    0.6932    0.3964
   -0.6992   -0.6973    0.1575
...    24 C-G ...
  -41.0945  -36.7172   40.4017
    0.0227    0.2468    0.9688
   -0.7256    0.6707   -0.1539
   -0.6878   -0.6994    0.1943
...    25 A-T ...
  -43.5155  -38.9046   41.0013
   -0.3360    0.6377    0.6931
   -0.6286    0.3962   -0.6693
   -0.7014   -0.6606    0.2677
...    26 A-T ...
  -45.6328  -41.1071   42.1039
   -0.6414    0.7419    0.1955
   -0.3221   -0.0291   -0.9463
   -0.6963   -0.6699    0.2576
...    27 A-T ...
  -47.8563  -43.2004   43.2012
   -0.7139    0.5935   -0.3717
    0.1015   -0.4375   -0.8935
   -0.6929   -0.6756    0.2520
...    28 G-C ...
  -50.2813  -45.1976   44.2142
   -0.5090    0.3261   -0.7966
    0.4551   -0.6836   -0.5706
   -0.7306   -0.6530    0.1995
...    29 G-C ...
  -52.9864  -47.0999   44.8497
   -0.1197   -0.0283   -0.9924
    0.6409   -0.7656   -0.0554
   -0.7582   -0.6427    0.1098
...    30 C-G ...
  -55.7582  -48.8873   44.9945
    0.2832   -0.3988   -0.8722
    0.5948   -0.6404    0.4860
   -0.7523   -0.6564    0.0558
...    31 C-G ...
  -58.3946  -50.9866   44.7539
    0.6235   -0.6140   -0.4840
    0.3343   -0.3502    0.8750
   -0.7067   -0.7074   -0.0130
...    32 G-C ...
  -60.5375  -53.5316   44.9108
    0.7853   -0.6149    0.0727
   -0.0848    0.0095    0.9964
   -0.6133   -0.7886   -0.0447
...    33 G-C ...
  -62.3534  -56.3415   44.4211
    0.6715   -0.4436    0.5935
   -0.5064    0.3100    0.8046
   -0.5409   -0.8409   -0.0164
...    34 C-G ...
  -63.7705  -59.3151   44.1397
    0.3197   -0.1663    0.9328
   -0.7971    0.4850    0.3596
   -0.5123   -0.8585    0.0225
...    35 C-G ...
  -65.1579  -62.3825   44.3204
   -0.1133    0.1909    0.9750
   -0.8589    0.4745   -0.1927
   -0.4994   -0.8593    0.1102
...    36 C-G ...
  -66.6076  -65.3487   44.9778
   -0.5147    0.4840    0.7077
   -0.6791    0.2738   -0.6811
   -0.5234   -0.8312    0.1877
...    37 G-C ...
  -68.6673  -67.9438   45.3740
   -0.7482    0.6350    0.1922
   -0.3036   -0.0701   -0.9502
   -0.5899   -0.7693    0.2453
...    38 A-T ...
  -70.6206  -70.4087   46.2829
   -0.7692    0.4942   -0.4051
    0.1842   -0.4357   -0.8811
   -0.6119   -0.7523    0.2441
...    39 C-G ...
  -72.9057  -72.4776   47.5016
   -0.5492    0.2118   -0.8084
    0.5509   -0.6356   -0.5408
   -0.6284   -0.7424    0.2324
...    40 A-T ...
  -74.9086  -75.0500   48.1212
   -0.0863   -0.1201   -0.9890
    0.7493   -0.6621    0.0150
   -0.6566   -0.7397    0.1471
...    41 C-G ...
  -77.5136  -77.0874   48.3532
    0.3306   -0.4261   -0.8421
    0.6831   -0.5077    0.5250
   -0.6512   -0.7488    0.1232
...    42 G-C ...
  -79.4241  -79.7597   48.9108
    0.7232   -0.5417   -0.4285
    0.3813   -0.2041    0.9016
   -0.5759   -0.8154    0.0589
...    43 A-T ...
  -81.3234  -82.4150   48.9746
    0.8374   -0.5209    0.1654
   -0.1055    0.1429    0.9841
   -0.5363   -0.8416    0.0647
...    44 C-G ...
  -82.8146  -85.3292   48.6099
    0.6889   -0.3366    0.6419
   -0.5243    0.3801    0.7620
   -0.5005   -0.8615    0.0854
...    45 T-A ...
  -84.1222  -88.3527   48.7829
    0.3619   -0.0238    0.9319
   -0.8169    0.4735    0.3293
   -0.4491   -0.8805    0.1520
...    46 T-A ...
  -85.3218  -91.3180   49.2674
   -0.1418    0.2633    0.9542
   -0.8857    0.3968   -0.2411
   -0.4421   -0.8793    0.1769
...    47 A-T ...
  -86.8337  -94.1820   49.9978
   -0.5836    0.5117    0.6305
   -0.6663    0.1421   -0.7320
   -0.4642   -0.8473    0.2580
...    48 C-G ...
  -88.0713  -96.8874   51.4391
   -0.8322    0.5322    0.1553
   -0.2807   -0.1630   -0.9459
   -0.4781   -0.8308    0.2850
...    49 T-A ...
  -89.7625  -99.4312   52.7070
   -0.8355    0.4018   -0.3749
    0.1788   -0.4464   -0.8768
   -0.5196   -0.7996    0.3012
...    50 G-C ...
  -91.5475 -102.1415   53.3882
   -0.5477    0.1221   -0.8277
    0.6100   -0.6188   -0.4950
   -0.5726   -0.7760    0.2645
...    51 T-A ...
  -93.8995 -104.2864   54.3813
   -0.1424   -0.2124   -0.9668
    0.8086   -0.5883    0.0102
   -0.5709   -0.7802    0.2555
...    52 A-T ...
  -95.5997 -107.0079   55.3250
    0.3818   -0.5230   -0.7620
    0.7371   -0.3251    0.5925
   -0.5576   -0.7879    0.2614
...    53 G-C ...
  -97.6050 -109.5778   55.9061
    0.7454   -0.5609   -0.3602
    0.4392    0.0067    0.8984
   -0.5015   -0.8278    0.2514
...    54 G-C ...
  -99.3636 -112.4206   56.4068
    0.9136   -0.3810    0.1424
   -0.0217    0.3039    0.9524
   -0.4061   -0.8732    0.2694
...    55 T-A ...
 -100.4626 -115.4964   56.7352
    0.7994   -0.1212    0.5885
   -0.4820    0.4553    0.7486
   -0.3587   -0.8820    0.3055
...    56 A-T ...
 -101.2156 -118.5906   57.7183
    0.4834    0.2870    0.8270
   -0.8421    0.4107    0.3497
   -0.2392   -0.8654    0.4402
...    57 T-A ...
 -101.3250 -121.5589   59.0724
    0.0149    0.4800    0.8771
   -0.9746    0.2029   -0.0945
   -0.2233   -0.8535    0.4709
...    58 C-G ...
 -101.9667 -124.2202   60.8280
   -0.5348    0.5497    0.6417
   -0.8176   -0.1449   -0.5573
   -0.2133   -0.8227    0.5269
...    59 T-A ...
 -102.5362 -126.7077   62.9169
   -0.8706    0.4344    0.2309
   -0.4332   -0.4545   -0.7783
   -0.2332   -0.7776    0.5839
...    60 C-G ...
 -103.4453 -129.1110   64.9535
   -0.9589    0.0849   -0.2707
    0.1537   -0.6464   -0.7474
   -0.2384   -0.7583    0.6068
...    61 G-C ...
 -104.2191 -131.9176   66.5869
   -0.6902   -0.2624   -0.6744
    0.6612   -0.6072   -0.4405
   -0.2939   -0.7500    0.5926
...    62 A-T ...
 -105.2535 -134.2925   68.6181
   -0.1638   -0.5754   -0.8013
    0.9459   -0.3223    0.0382
   -0.2802   -0.7517    0.5970
...    63 G-C ...
 -106.4696 -136.7338   70.5069
    0.3707   -0.6249   -0.6871
    0.8970    0.0493    0.4392
   -0.2406   -0.7792    0.5788
...    64 C-G ...
 -107.6187 -139.3297   72.2157
    0.8075   -0.4555   -0.3746
    0.5610    0.3973    0.7262
   -0.1819   -0.7966    0.5764
...    65 T-A ...
 -108.2132 -142.1480   73.8259
    0.9935   -0.1134   -0.0078
    0.0724    0.5789    0.8122
   -0.0876   -0.8075    0.5833
...    66 C-G ...
 -108.4192 -144.8271   75.6478
    0.8659    0.3028    0.3982
   -0.5001    0.5369    0.6794
   -0.0081   -0.7875    0.6163
...    67 G-C ...
 -108.3434 -147.2212   77.9530
    0.4664    0.6773    0.5690
   -0.8749    0.2583    0.4097
    0.1306   -0.6889    0.7130
...    68 G-C ...
 -107.3652 -149.2558   80.4439
   -0.0742    0.7905    0.6079
   -0.9788   -0.1746    0.1075
    0.1911   -0.5870    0.7867
...    69 G-C ...
 -106.4418 -150.7025   83.3468
   -0.5974    0.6282    0.4985
   -0.7763   -0.6090   -0.1628
    0.2013   -0.4842    0.8515
...    70 A-T ...
 -105.8295 -152.0610   86.2763
   -0.9412    0.1538    0.3008
   -0.2673   -0.8834   -0.3848
    0.2065   -0.4426    0.8726
...    71 T-A ...
 -105.1208 -152.8428   89.4225
   -0.9369   -0.3368    0.0933
    0.2540   -0.8397   -0.4800
    0.2400   -0.4260    0.8723
...    72 C-G ...
 -104.4433 -154.1653   92.3648
   -0.5933   -0.7820   -0.1907
    0.7637   -0.4721   -0.4403
    0.2543   -0.4069    0.8774
...    73 A-T ...
 -103.2616 -155.5240   95.1347
   -0.0433   -0.8940   -0.4459
    0.9631    0.0814   -0.2567
    0.2658   -0.4406    0.8575
...    74 T-A ...
 -103.0380 -157.1256   98.0211
    0.4553   -0.7347   -0.5029
    0.8448    0.5348   -0.0165
    0.2811   -0.4173    0.8642
...    75 G-C ...
 -101.9594 -158.4773  100.8609
    0.8012   -0.2663   -0.5359
    0.4499    0.8586    0.2459
    0.3947   -0.4381    0.8077
...    76 T-A ...
 -100.7745 -160.4328  103.1998
    0.8879    0.2331   -0.3967
   -0.0208    0.8817    0.4714
    0.4596   -0.4103    0.7877
...    77 T-A ...
  -99.1682 -161.8706  105.5829
    0.6965    0.7024   -0.1470
   -0.4901    0.6152    0.6175
    0.5242   -0.3580    0.7727
...    78 A-T ...
  -96.7730 -162.9593  107.6733
    0.2280    0.9734   -0.0207
   -0.7216    0.1832    0.6676
    0.6537   -0.1373    0.7442
...    79 T-A ...
  -94.1650 -163.2613  109.5958
   -0.1807    0.9441    0.2758
   -0.7229   -0.3176    0.6136
    0.6669   -0.0885    0.7399
...    80 A-T ...
  -91.9330 -163.1594  112.0520
   -0.6169    0.6141    0.4923
   -0.4511   -0.7884    0.4182
    0.6449    0.0359    0.7634
...    81 A-T ...
  -89.7870 -162.6874  114.4482
   -0.7440    0.0576    0.6657
   -0.0036   -0.9966    0.0822
    0.6682    0.0587    0.7417
...    82 C-G ...
  -87.7616 -161.8344  116.9794
   -0.6249   -0.4744    0.6201
    0.4032   -0.8762   -0.2639
    0.6685    0.0851    0.7388
...    83 G-C ...
  -85.3132 -161.9471  119.2373
   -0.2974   -0.8930    0.3376
    0.6994   -0.4445   -0.5597
    0.6499    0.0696    0.7568
...    84 G-C ...
  -83.2803 -161.5438  121.9050
    0.1104   -0.9923   -0.0567
    0.7342    0.1199   -0.6683
    0.6699    0.0322    0.7417
...    85 A-T ...
  -81.1907 -161.2829  124.4155
    0.5039   -0.7352   -0.4535
    0.5044    0.6766   -0.5365
    0.7012    0.0416    0.7117
...    86 T-A ...
  -79.1641 -161.6964  126.9642
    0.6762   -0.3009   -0.6725
    0.1720    0.9521   -0.2530
    0.7163    0.0554    0.6956
...    87 C-G ...
  -76.8322 -161.5868  129.2305
    0.5915    0.2875   -0.7533
   -0.2504    0.9536    0.1673
    0.7664    0.0897    0.6360
...    88 C-G ...
  -74.0408 -161.5579  131.0982
    0.2593    0.7164   -0.6477
   -0.5029    0.6727    0.5428
    0.8245    0.1850    0.5347
...    89 G-C ...
  -71.3377 -160.5136  132.7324
   -0.1979    0.9119   -0.3597
   -0.5009    0.2213    0.8367
    0.8426    0.3457    0.4130
...    90 C-G ...
  -68.4789 -159.0944  133.5117
   -0.4907    0.8646    0.1084
   -0.2739   -0.2711    0.9228
    0.8272    0.4231    0.3698
...    91 T-A ...
  -65.8362 -157.3282  134.3933
   -0.6106    0.5724    0.5473
    0.0775   -0.6446    0.7606
    0.7881    0.5069    0.3492
...    92 T-A ...
  -63.3647 -155.4082  135.2840
   -0.4276    0.1224    0.8956
    0.4264   -0.8463    0.3192
    0.7970    0.5185    0.3097
...    93 T-A ...
  -60.9530 -153.3911  136.1633
   -0.0518   -0.3545    0.9336
    0.5928   -0.7633   -0.2569
    0.8037    0.5401    0.2496
...    94 A-T ...
  -57.9533 -151.8329  136.4855
    0.4144   -0.7156    0.5624
    0.4538   -0.3731   -0.8092
    0.7889    0.5905    0.1701
...    95 A-T ...
  -55.5340 -149.8012  137.2824
    0.6297   -0.7769    0.0013
    0.1059    0.0842   -0.9908
    0.7696    0.6240    0.1353
...    96 C-G ...
  -53.0000 -147.9305  138.2733
    0.5694   -0.6400   -0.5159
   -0.2498    0.4632   -0.8503
    0.7832    0.6130    0.1039
...    97 A-T ...
  -50.4485 -145.8041  138.4745
    0.2286   -0.3577   -0.9054
   -0.5197    0.7416   -0.4242
    0.8232    0.5675   -0.0163
...    98 C-G ...
  -47.4615 -144.5014  138.4285
   -0.1195    0.0268   -0.9925
   -0.5586    0.8246    0.0895
    0.8208    0.5651   -0.0836
...    99 T-A ...
  -44.6640 -142.9024  137.8009
   -0.4715    0.3743   -0.7985
   -0.3949    0.7200    0.5707
    0.7885    0.5844   -0.1916
...   100 T-A ...
  -42.1213 -141.1322  136.9060
   -0.6487    0.6763   -0.3491
   -0.0553    0.4156    0.9079
    0.7590    0.6083   -0.2322
...   101 T-A ...
  -39.7628 -139.1920  135.8414
   -0.5886    0.7797    0.2135
    0.3309   -0.0086    0.9436
    0.7376    0.6261   -0.2529
...   102 A-T ...
  -37.4435 -136.9624  135.0039
   -0.3299    0.6009    0.7281
    0.6423   -0.4224    0.6396
    0.6918    0.6786   -0.2466
...   103 T-A ...
  -35.7173 -134.3793  133.8713
    0.0511    0.3180    0.9467
    0.7259   -0.6629    0.1835
    0.6859    0.6778   -0.2647
...   104 G-C ...
  -33.2741 -132.2839  133.1179
    0.4192   -0.1556    0.8944
    0.5838   -0.7083   -0.3969
    0.6953    0.6886   -0.2061
...   105 C-G ...
  -31.1704 -129.7574  132.6668
    0.6523   -0.5327    0.5392
    0.2606   -0.5103   -0.8195
    0.7117    0.6751   -0.1940
...   106 T-A ...
  -28.8009 -127.4720  132.3381
    0.6608   -0.7494    0.0415
   -0.1190   -0.1592   -0.9800
    0.7411    0.6426   -0.1944
...   107 T-A ...
  -26.3583 -125.3689  131.9736
    0.4792   -0.7101   -0.5159
   -0.4825    0.2779   -0.8306
    0.7332    0.6470   -0.2095
...   108 C-G ...
  -23.9036 -123.3229  131.3207
    0.0753   -0.4560   -0.8868
   -0.6723    0.6336   -0.3829
    0.7365    0.6250   -0.2589
...   109 C-G ...
  -21.2147 -121.5505  130.3544
   -0.3703   -0.1271   -0.9202
   -0.5998    0.7891    0.1324
    0.7093    0.6009   -0.3685
...   110 G-C ...
  -19.1402 -119.3543  128.9654
   -0.7330    0.2211   -0.6433
   -0.2796    0.7642    0.5812
    0.6201    0.6059   -0.4983
...   111 G-C ...
  -17.2805 -117.5266  126.8177
   -0.8303    0.5241   -0.1896
    0.1727    0.5653    0.8066
    0.5299    0.6370   -0.5599
...   112 C-G ...
  -15.8942 -115.5350  124.5778
   -0.6357    0.7118    0.2986
    0.6059    0.2204    0.7644
    0.4783    0.6669   -0.5714
...   113 T-A ...
  -14.7080 -113.2519  122.4972
   -0.2559    0.6866    0.6805
    0.8654   -0.1510    0.4778
    0.4308    0.7112   -0.5556
...   114 C-G ...
  -13.4461 -110.8097  120.7164
    0.2874    0.4575    0.8415
    0.8606   -0.5089   -0.0173
    0.4203    0.7292   -0.5400
...   115 G-C ...
  -11.7110 -108.5908  118.9385
    0.6781    0.0351    0.7341
    0.5701   -0.6555   -0.4953
    0.4638    0.7544   -0.4645
...   116 T-A ...
  -10.4429 -105.7295  117.8324
    0.8663   -0.3238    0.3803
    0.1357   -0.5802   -0.8031
    0.4807    0.7473   -0.4588
...   117 A-T ...
   -8.8726 -103.3540  116.0999
    0.7622   -0.6277   -0.1579
   -0.4065   -0.2743   -0.8715
    0.5038    0.7285   -0.4643
...   118 T-A ...
   -6.8493 -100.9445  115.1435
    0.4541   -0.6845   -0.5703
   -0.7356    0.0731   -0.6734
    0.5026    0.7253   -0.4704
...   119 A-T ...
   -5.1868  -98.6132  113.4626
   -0.0869   -0.5748   -0.8137
   -0.8556    0.4615   -0.2347
    0.5104    0.6757   -0.5319
...   120 A-T ...
   -3.3407  -96.6285  111.6900
   -0.5563   -0.2318   -0.7980
   -0.6617    0.7045    0.2566
    0.5027    0.6708   -0.5453
...   121 T-A ...
   -1.4173  -94.9872  109.5958
   -0.8188    0.1384   -0.5572
   -0.2967    0.7288    0.6170
    0.4915    0.6705   -0.5557
...   122 G-C ...
   -0.0530  -92.6510  107.6550
   -0.8982    0.4355   -0.0596
    0.2171    0.5574    0.8013
    0.3822    0.7068   -0.5952
...   123 T-A ...
    0.8345  -90.6018  105.2206
   -0.6736    0.6333    0.3811
    0.6504    0.2630    0.7126
    0.3511    0.7279   -0.5890
...   124 G-C ...
    1.9157  -88.0122  103.4370
   -0.2349    0.5922    0.7708
    0.9261   -0.1046    0.3626
    0.2954    0.7990   -0.5238
...   125 T-A ...
    2.2553  -85.2417  101.6614
    0.2660    0.4294    0.8630
    0.9176   -0.3872   -0.0902
    0.2954    0.8159   -0.4970
...   126 C-G ...
    3.1538  -82.4868  100.1469
    0.7391    0.0995    0.6662
    0.5980   -0.5521   -0.5810
    0.3100    0.8278   -0.4675
...   127 G-C ...
    4.4663  -79.9626   98.4105
    0.9092   -0.3058    0.2826
    0.1059   -0.4865   -0.8672
    0.4027    0.8184   -0.4099
...   128 A-T ...
    5.8248  -77.2568   97.1744
    0.7890   -0.5556   -0.2623
   -0.4385   -0.2101   -0.8738
    0.4304    0.8045   -0.4094
...   129 C-G ...
    7.6642  -74.6490   96.3030
    0.4385   -0.6032   -0.6662
   -0.7785    0.1155   -0.6169
    0.4491    0.7892   -0.4190
...   130 C-G ...
    9.4932  -72.1987   94.8919
   -0.0825   -0.5065   -0.8583
   -0.8821    0.4379   -0.1736
    0.4638    0.7428   -0.4829
...   131 A-T ...
   10.8725  -69.6993   93.2001
   -0.6041   -0.2408   -0.7597
   -0.6723    0.6658    0.3236
    0.4279    0.7062   -0.5641
...   132 A-T ...
   12.3756  -67.6296   91.2001
   -0.8764    0.1763   -0.4482
   -0.2196    0.6819    0.6977
    0.4287    0.7099   -0.5588
...   133 A-T ...
   13.7239  -65.5046   89.1518
   -0.8517    0.5237    0.0218
    0.3059    0.4629    0.8320
    0.4256    0.7152   -0.5544
...   134 T-A ...
   14.7283  -63.4122   86.8246
   -0.5924    0.6746    0.4405
    0.6886    0.1400    0.7115
    0.4183    0.7248   -0.5474
...   135 G-C ...
   15.7211  -61.4787   83.9379
    0.0342    0.7399    0.6718
    0.8637   -0.3601    0.3526
    0.5028    0.5682   -0.6514
...   136 T-A ...
   15.7739  -59.5463   80.8038
    0.5516    0.4996    0.6680
    0.6739   -0.7388   -0.0038
    0.4916    0.4523   -0.7442
...   137 G-C ...
   16.8280  -57.7075   78.2739
    0.8528   -0.0847    0.5152
    0.1508   -0.9047   -0.3984
    0.4999    0.4175   -0.7588
...   138 A-T ...
   18.4176  -55.5140   76.5364
    0.8547   -0.5007    0.1370
   -0.3189   -0.7148   -0.6224
    0.4096    0.4883   -0.7706
...   139 G-C ...
   20.4152  -54.2944   74.5498
    0.5847   -0.7389   -0.3350
   -0.7594   -0.3532   -0.5465
    0.2854    0.5739   -0.7676
...   140 C-G ...
   21.4163  -51.8106   72.7951
    0.1305   -0.7142   -0.6876
   -0.8897    0.2217   -0.3991
    0.4375    0.6639   -0.6065
...   141 G-C ...
   22.1406  -50.1329   67.4726
   -0.4682   -0.8748    0.1248
   -0.8495    0.4067   -0.3362
    0.2434   -0.2634   -0.9335
...   142 C-G ...
   22.3377  -51.2251   64.5021
   -0.8529   -0.5117   -0.1032
   -0.4974    0.8566   -0.1372
    0.1587   -0.0657   -0.9851
...   143 T-A ...
   24.0059  -51.6200   61.9334
   -0.9563    0.0399   -0.2897
    0.0522    0.9980   -0.0348
    0.2877   -0.0484   -0.9565
...   144 C-G ...
   24.8857  -52.7206   58.9949
   -0.7530    0.5560   -0.3520
    0.5213    0.8304    0.1966
    0.4016   -0.0355   -0.9151
...   145 A-T ...
   25.5173  -52.9609   55.8129
   -0.2442    0.9563   -0.1609
    0.8907    0.2867    0.3528
    0.3835   -0.0571   -0.9218
...   146 C-G ...
   25.2677  -52.4924   52.0872
    0.3203    0.9428   -0.0928
    0.8825   -0.2613    0.3910
    0.3444   -0.2071   -0.9157
...   147 A-T ...
   25.6133  -52.5731   48.6480
    0.8597    0.5097    0.0339
    0.4498   -0.7866    0.4230
    0.2423   -0.3484   -0.9055
