  147 base-pairs
...     1 T-A ...
    0.0000    0.0000    0.0000
    1.0000    0.0000    0.0000
    0.0000    1.0000    0.0000
    0.0000    0.0000    1.0000
...     2 G-C ...
   -0.5555   -1.1003    3.3981
    0.7749    0.6051    0.1828
   -0.5991    0.7953   -0.0929
   -0.2016   -0.0375    0.9787
...     3 T-A ...
   -0.6619   -3.0237    6.5348
    0.3046    0.9250    0.2271
   -0.8994    0.3578   -0.2510
   -0.3134   -0.1278    0.9410
...     4 G-C ...
   -1.1607   -3.8418    9.6940
   -0.3351    0.9421    0.0133
   -0.8752   -0.3061   -0.3746
   -0.3489   -0.1372    0.9271
...     5 A-T ...
   -1.3881   -3.6770   12.8999
   -0.7835    0.6162   -0.0801
   -0.5677   -0.7622   -0.3109
   -0.2527   -0.1981    0.9470
...     6 G-C ...
   -2.6236   -3.5448   15.7072
   -0.9923    0.0611   -0.1075
   -0.0294   -0.9610   -0.2748
   -0.1201   -0.2695    0.9555
...     7 C-G ...
   -2.3138   -3.7570   18.8866
   -0.8620   -0.4995   -0.0864
    0.5008   -0.8655    0.0073
   -0.0785   -0.0370    0.9962
...     8 G-C ...
   -3.9561   -6.8109   23.3205
   -0.2581   -0.3560   -0.8981
    0.6294   -0.7673    0.1233
   -0.7330   -0.5335    0.4221
...     9 C-G ...
   -6.1177   -8.9414   24.2385
    0.1143   -0.7320   -0.6716
    0.8123   -0.3203    0.4874
   -0.5720   -0.6013    0.5580
...    10 T-A ...
   -8.5041   -9.6771   26.0540
    0.4660   -0.8587   -0.2131
    0.6274    0.1508    0.7640
   -0.6239   -0.4897    0.6090
...    11 C-G ...
  -11.0625  -11.3174   27.2336
    0.6660   -0.6911    0.2808
    0.3382    0.6152    0.7121
   -0.6649   -0.3794    0.6435
...    12 A-T ...
  -13.0013  -13.1789   29.0658
    0.7188   -0.1490    0.6790
   -0.1787    0.9043    0.3876
   -0.6718   -0.4000    0.6235
...    13 C-G ...
  -14.1788  -15.9359   31.3399
    0.4052    0.2865    0.8682
   -0.5270    0.8492   -0.0343
   -0.7470   -0.4437    0.4951
...    14 A-T ...
  -15.9532  -18.1566   33.3080
   -0.1503    0.6873    0.7107
   -0.6106    0.5008   -0.6135
   -0.7776   -0.5261    0.3444
...    15 A-T ...
  -18.2939  -19.9895   34.6333
   -0.4947    0.8346    0.2423
   -0.4002    0.0287   -0.9160
   -0.7715   -0.5501    0.3198
...    16 T-A ...
  -20.5979  -21.6561   36.3009
   -0.6315    0.7333   -0.2519
   -0.0871   -0.3898   -0.9168
   -0.7705   -0.5570    0.3100
...    17 T-A ...
  -23.0957  -23.3265   37.5160
   -0.5621    0.3937   -0.7273
    0.2932   -0.7275   -0.6204
   -0.7734   -0.5619    0.2935
...    18 T-A ...
  -25.7072  -24.9395   38.5381
   -0.2810   -0.0624   -0.9577
    0.5599   -0.8211   -0.1108
   -0.7794   -0.5673    0.2657
...    19 A-T ...
  -28.4376  -26.7375   39.1443
    0.1747   -0.4238   -0.8887
    0.5955   -0.6733    0.4382
   -0.7841   -0.6058    0.1348
...    20 T-A ...
  -31.2939  -28.3401   39.0806
    0.4657   -0.6868   -0.5580
    0.4237   -0.3805    0.8220
   -0.7769   -0.6193    0.1138
...    21 T-A ...
  -33.8575  -30.3172   39.1518
    0.6378   -0.7702   -0.0088
    0.0822    0.0568    0.9950
   -0.7658   -0.6353    0.0995
...    22 C-G ...
  -36.2319  -32.5529   39.3579
    0.5947   -0.5728    0.5641
   -0.3230    0.4724    0.8201
   -0.7362   -0.6699    0.0959
...    23 G-C ...
  -38.6838  -34.7066   40.0469
    0.3861   -0.1493    0.9103
   -0.6351    0.6726    0.3797
   -0.6690   -0.7248    0.1649
...    24 C-G ...
  -40.5451  -37.3942   40.6074
    0.0012    0.2651    0.9642
   -0.7549    0.6326   -0.1730
   -0.6558   -0.7277    0.2009
...    25 A-T ...
  -42.8740  -39.6785   41.2227
   -0.3787    0.6322    0.6759
   -0.6383    0.3504   -0.6854
   -0.6702   -0.6910    0.2708
...    26 A-T ...
  -44.8871  -41.9746   42.3363
   -0.6863    0.7074    0.1693
   -0.3024   -0.0658   -0.9509
   -0.6615   -0.7038    0.2590
...    27 A-T ...
  -47.0013  -44.1798   43.4373
   -0.7419    0.5391   -0.3987
    0.1474   -0.4489   -0.8813
   -0.6541   -0.7126    0.2536
...    28 G-C ...
  -49.3109  -46.3158   44.4480
   -0.5108    0.2725   -0.8154
    0.5129   -0.6646   -0.5434
   -0.6900   -0.6957    0.1998
...    29 G-C ...
  -51.8824  -48.3957   45.0849
   -0.0919   -0.0618   -0.9938
    0.6944   -0.7193   -0.0194
   -0.7137   -0.6919    0.1090
...    30 C-G ...
  -54.5248  -50.3731   45.2205
    0.3350   -0.4001   -0.8530
    0.6261   -0.5820    0.5189
   -0.7041   -0.7079    0.0555
...    31 C-G ...
  -56.9917  -52.6691   44.9803
    0.6814   -0.5785   -0.4484
    0.3336   -0.2998    0.8938
   -0.6515   -0.7586   -0.0113
...    32 G-C ...
  -58.9384  -55.3721   45.1519
    0.8274   -0.5498    0.1146
   -0.1172    0.0306    0.9926
   -0.5493   -0.8347   -0.0391
...    33 G-C ...
  -60.5049  -58.3357   44.7007
    0.6831   -0.3720    0.6284
   -0.5569    0.2912    0.7778
   -0.4724   -0.8813   -0.0083
...    34 C-G ...
  -61.6666  -61.4258   44.4723
    0.2964   -0.1137    0.9483
   -0.8464    0.4287    0.3160
   -0.4425   -0.8962    0.0309
...    35 C-G ...
  -62.8133  -64.5896   44.7098
   -0.1692    0.2078    0.9634
   -0.8863    0.3956   -0.2410
   -0.4312   -0.8946    0.1172
...    36 C-G ...
  -64.0466  -67.6475   45.4019
   -0.5859    0.4571    0.6691
   -0.6680    0.1950   -0.7182
   -0.4588   -0.8678    0.1911
...    37 G-C ...
  -65.8922  -70.4082   45.7777
   -0.8105    0.5697    0.1359
   -0.2478   -0.1234   -0.9609
   -0.5307   -0.8125    0.2412
...    38 A-T ...
  -67.6556  -73.0230   46.6682
   -0.7886    0.4085   -0.4597
    0.2703   -0.4412   -0.8557
   -0.5523   -0.7991    0.2375
...    39 C-G ...
  -69.7989  -75.2668   47.8401
   -0.5205    0.1349   -0.8431
    0.6374   -0.5957   -0.4888
   -0.5682   -0.7918    0.2241
...    40 A-T ...
  -71.5729  -78.0099   48.4437
   -0.0160   -0.1579   -0.9873
    0.8070   -0.5850    0.0805
   -0.5903   -0.7955    0.1367
...    41 C-G ...
  -73.9791  -80.2849   48.6048
    0.4214   -0.4171   -0.8053
    0.6954   -0.4214    0.5821
   -0.5821   -0.8053    0.1125
...    42 G-C ...
  -75.6508  -83.1220   49.1457
    0.7988   -0.4797   -0.3631
    0.3403   -0.1374    0.9302
   -0.4961   -0.8666    0.0535
...    43 A-T ...
  -77.2750  -85.9568   49.1926
    0.8713   -0.4290    0.2383
   -0.1855    0.1616    0.9693
   -0.4543   -0.8887    0.0612
...    44 C-G ...
  -78.4426  -89.0196   48.8412
    0.6713   -0.2457    0.6993
   -0.6120    0.3485    0.7100
   -0.4181   -0.9045    0.0836
...    45 T-A ...
  -79.4573  -92.1555   49.0414
    0.2909    0.0411    0.9559
   -0.8824    0.3977    0.2514
   -0.3698   -0.9166    0.1519
...    46 T-A ...
  -80.3919  -95.2137   49.5456
   -0.2442    0.2737    0.9303
   -0.8986    0.2967   -0.3232
   -0.3645   -0.9149    0.1735
...    47 A-T ...
  -81.6977  -98.1983   50.2134
   -0.6922    0.4574    0.5583
   -0.6064    0.0510   -0.7935
   -0.3914   -0.8878    0.2421
...    48 C-G ...
  -82.7617 -100.9988   51.6210
   -0.8972    0.4376    0.0594
   -0.1681   -0.2139   -0.9623
   -0.4084   -0.8734    0.2655
...    49 T-A ...
  -84.2719 -103.6980   52.8021
   -0.8337    0.2946   -0.4671
    0.3151   -0.4408   -0.8405
   -0.4535   -0.8479    0.2747
...    50 G-C ...
  -85.7896 -106.5897   53.3952
   -0.4698    0.0403   -0.8818
    0.7247   -0.5528   -0.4114
   -0.5041   -0.8323    0.2305
...    51 T-A ...
  -87.9696 -108.9765   54.2139
   -0.0140   -0.2464   -0.9691
    0.8655   -0.4883    0.1116
   -0.5007   -0.8372    0.2201
...    52 A-T ...
  -89.4348 -111.8654   55.0574
    0.5213   -0.4854   -0.7019
    0.7013   -0.2249    0.6764
   -0.4862   -0.8449    0.2232
...    53 G-C ...
  -91.1715 -114.6524   55.4944
    0.8423   -0.4718   -0.2607
    0.3320    0.0730    0.9405
   -0.4247   -0.8787    0.2181
...    54 G-C ...
  -92.6113 -117.6865   55.8807
    0.9299   -0.2653    0.2549
   -0.1676    0.3114    0.9354
   -0.3275   -0.9125    0.2451
...    55 T-A ...
  -93.3634 -120.8723   56.1668
    0.7323   -0.0159    0.6808
   -0.6188    0.4020    0.6749
   -0.2844   -0.9155    0.2845
...    56 A-T ...
  -93.9092 -124.0063   57.1549
    0.3302    0.3465    0.8780
   -0.9242    0.3075    0.2262
   -0.1916   -0.8862    0.4218
...    57 T-A ...
  -93.8465 -126.9653   58.5405
   -0.1641    0.4792    0.8623
   -0.9696    0.0827   -0.2304
   -0.1817   -0.8738    0.4510
...    58 C-G ...
  -94.3999 -129.6929   60.2320
   -0.6842    0.4773    0.5515
   -0.7061   -0.2440   -0.6648
   -0.1827   -0.8442    0.5039
...    59 T-A ...
  -94.9494 -132.2465   62.2523
   -0.9429    0.3188    0.0969
   -0.2546   -0.5017   -0.8267
   -0.2150   -0.8042    0.5542
...    60 C-G ...
  -95.8204 -134.7659   64.1663
   -0.9113   -0.0381   -0.4099
    0.3447   -0.6151   -0.7091
   -0.2251   -0.7875    0.5737
...    61 G-C ...
  -96.4454 -137.6649   65.7088
   -0.5408   -0.3430   -0.7680
    0.7940   -0.5096   -0.3314
   -0.2777   -0.7891    0.5479
...    62 A-T ...
  -97.4464 -140.1826   67.5799
    0.0376   -0.5804   -0.8134
    0.9636   -0.1946    0.1834
   -0.2648   -0.7907    0.5520
...    63 G-C ...
  -98.5959 -142.7958   69.2730
    0.5527   -0.5576   -0.6193
    0.8040    0.1613    0.5723
   -0.2192   -0.8143    0.5375
...    64 C-G ...
  -99.6284 -145.5594   70.7850
    0.9103   -0.3353   -0.2427
    0.3820    0.4549    0.8044
   -0.1594   -0.8250    0.5422
...    65 T-A ...
 -100.0758 -148.4659   72.2872
    0.9882    0.0228    0.1514
   -0.1377    0.5649    0.8136
   -0.0669   -0.8248    0.5614
...    66 C-G ...
 -100.1918 -151.1895   74.0560
    0.7393    0.4079    0.5358
   -0.6734    0.4458    0.5898
    0.0018   -0.7968    0.6042
...    67 G-C ...
 -100.1687 -153.6080   76.3447
    0.2644    0.7163    0.6458
   -0.9585    0.1210    0.2582
    0.1068   -0.6872    0.7185
...    68 G-C ...
  -99.3540 -155.5790   78.9457
   -0.2898    0.7482    0.5968
   -0.9470   -0.3145   -0.0655
    0.1386   -0.5842    0.7997
...    69 G-C ...
  -98.7402 -157.0154   81.9356
   -0.7604    0.5134    0.3978
   -0.6377   -0.7061   -0.3076
    0.1230   -0.4876    0.8644
...    70 A-T ...
  -98.4324 -158.4131   84.8978
   -0.9910   -0.0001    0.1338
   -0.0600   -0.8933   -0.4455
    0.1196   -0.4495    0.8852
...    71 T-A ...
  -98.1601 -159.2385   88.1015
   -0.8758   -0.4758   -0.0815
    0.4587   -0.7677   -0.4474
    0.1503   -0.4292    0.8906
...    72 C-G ...
  -97.7906 -160.5933   91.0862
   -0.4223   -0.8505   -0.3135
    0.8921   -0.3286   -0.3103
    0.1609   -0.4107    0.8974
...    73 C-G ...
  -97.5134 -161.9399   94.1779
    0.1305   -0.8719   -0.4720
    0.9750    0.1994   -0.0986
    0.1801   -0.4473    0.8761
...    74 T-A ...
  -97.1534 -163.5943   97.0344
    0.6147   -0.6159   -0.4927
    0.7552    0.6398    0.1425
    0.2274   -0.4598    0.8584
...    75 C-G ...
  -96.5197 -165.1246   99.8614
    0.9241   -0.1060   -0.3673
    0.2525    0.8906    0.3782
    0.2870   -0.4422    0.8497
...    76 A-T ...
  -95.5038 -166.5780  102.6935
    0.8553    0.4581   -0.2421
   -0.2807    0.8024    0.5266
    0.4355   -0.3825    0.8149
...    77 T-A ...
  -93.7390 -168.1802  104.8989
    0.5867    0.8098   -0.0033
   -0.6561    0.4777    0.5843
    0.4748   -0.3406    0.8115
...    78 G-C ...
  -91.8997 -168.9523  107.5877
    0.0627    0.9854    0.1583
   -0.8366   -0.0346    0.5467
    0.5442   -0.1667    0.8223
...    79 T-A ...
  -89.6429 -169.1369  109.9269
   -0.4015    0.8412    0.3622
   -0.7327   -0.5323    0.4240
    0.5495   -0.0951    0.8300
...    80 T-A ...
  -87.7125 -169.1580  112.5228
   -0.7452    0.4035    0.5309
   -0.3659   -0.9130    0.1803
    0.5575   -0.0599    0.8280
...    81 A-T ...
  -85.9524 -169.5688  115.3337
   -0.8021   -0.2368    0.5482
    0.1843   -0.9714   -0.1499
    0.5680   -0.0192    0.8228
...    82 T-A ...
  -84.3558 -168.9689  118.1838
   -0.5716   -0.7001    0.4280
    0.5690   -0.7140   -0.4080
    0.5912    0.0102    0.8065
...    83 A-T ...
  -81.8395 -169.0333  120.4710
    0.0007   -0.9903    0.1391
    0.7779   -0.0868   -0.6223
    0.6284    0.1087    0.7703
...    84 A-T ...
  -80.0493 -168.6483  123.1689
    0.4766   -0.8540   -0.2088
    0.6109    0.4925   -0.6199
    0.6322    0.1679    0.7564
...    85 C-G ...
  -78.2663 -168.4946  125.9465
    0.7045   -0.4814   -0.5215
    0.2612    0.8591   -0.4401
    0.6599    0.1738    0.7310
...    86 G-C ...
  -76.0982 -167.5294  128.2867
    0.6178    0.0215   -0.7860
   -0.1775    0.9776   -0.1128
    0.7660    0.2092    0.6078
...    87 G-C ...
  -73.3630 -167.1478  130.1899
    0.3258    0.4876   -0.8100
   -0.4634    0.8291    0.3128
    0.8241    0.2734    0.4961
...    88 A-T ...
  -70.6114 -166.2470  131.6191
   -0.0654    0.8361   -0.5446
   -0.5442    0.4276    0.7218
    0.8364    0.3436    0.4270
...    89 G-C ...
  -67.7305 -165.0172  132.5909
   -0.4178    0.8948   -0.1572
   -0.4012   -0.0265    0.9156
    0.8151    0.4456    0.3701
...    90 C-G ...
  -65.0996 -163.1740  133.2957
   -0.6138    0.7181    0.3280
   -0.0748   -0.4665    0.8814
    0.7859    0.5164    0.3400
...    91 T-A ...
  -62.6870 -161.0923  134.1533
   -0.6009    0.3492    0.7190
    0.3025   -0.7333    0.6090
    0.7399    0.5834    0.3350
...    92 T-A ...
  -60.4388 -158.9062  135.0347
   -0.2861   -0.1022    0.9527
    0.5981   -0.7958    0.0943
    0.7486    0.5968    0.2888
...    93 T-A ...
  -58.2451 -156.6559  135.9179
    0.1565   -0.5022    0.8505
    0.6459   -0.5994   -0.4728
    0.7472    0.6234    0.2306
...    94 A-T ...
  -55.5265 -154.6739  136.1687
    0.5757   -0.7290    0.3705
    0.3720   -0.1700   -0.9125
    0.7282    0.6631    0.1733
...    95 A-T ...
  -53.2625 -152.4916  136.9951
    0.7004   -0.6824   -0.2093
   -0.0436    0.2517   -0.9668
    0.7124    0.6863    0.1466
...    96 C-G ...
  -50.8137 -150.5261  137.9693
    0.5494   -0.4851   -0.6803
   -0.4064    0.5563   -0.7249
    0.7301    0.6747    0.1084
...    97 A-T ...
  -48.4003 -148.2468  138.2059
    0.1313   -0.2025   -0.9704
   -0.6285    0.7400   -0.2395
    0.7666    0.6414   -0.0301
...    98 C-G ...
  -45.5525 -146.6846  137.9763
   -0.2530    0.1509   -0.9556
   -0.5995    0.7508    0.2773
    0.7593    0.6431   -0.0994
...    99 T-A ...
  -42.9782 -144.7873  137.2386
   -0.5959    0.4371   -0.6737
   -0.3616    0.6030    0.7111
    0.7171    0.6673   -0.2012
...   100 T-A ...
  -40.6791 -142.7301  136.2888
   -0.7238    0.6688   -0.1699
    0.0394    0.2858    0.9575
    0.6889    0.6864   -0.2332
...   101 T-A ...
  -38.5699 -140.5209  135.2135
   -0.5888    0.7089    0.3883
    0.4481   -0.1135    0.8867
    0.6726    0.6961   -0.2509
...   102 A-T ...
  -36.4000 -138.1275  134.4391
   -0.2418    0.4902    0.8374
    0.7307   -0.4758    0.4895
    0.6384    0.7303   -0.2431
...   103 T-A ...
  -34.8896 -135.3625  133.4311
    0.1712    0.1989    0.9650
    0.7551   -0.6556    0.0011
    0.6328    0.7285   -0.2624
...   104 G-C ...
  -32.6100 -133.1141  132.6248
    0.5305   -0.2516    0.8095
    0.5368   -0.6394   -0.5505
    0.6561    0.7265   -0.2042
...   105 C-G ...
  -30.6180 -130.5007  132.2262
    0.7159   -0.5790    0.3903
    0.1624   -0.4056   -0.8995
    0.6791    0.7073   -0.1963
...   106 T-A ...
  -28.3094 -128.1643  131.8962
    0.6606   -0.7414   -0.1179
   -0.2303   -0.0506   -0.9718
    0.7145    0.6692   -0.2042
...   107 T-A ...
  -25.9120 -126.0247  131.4872
    0.4139   -0.6520   -0.6353
   -0.5679    0.3605   -0.7400
    0.7115    0.6670   -0.2211
...   108 C-G ...
  -23.5135 -123.9466  130.7666
   -0.0240   -0.3693   -0.9290
   -0.7003    0.6694   -0.2480
    0.7134    0.6446   -0.2747
...   109 C-G ...
  -20.9084 -122.1291  129.6643
   -0.4634   -0.0410   -0.8852
   -0.5701    0.7785    0.2624
    0.6784    0.6262   -0.3841
...   110 G-C ...
  -18.9564 -119.8504  128.2466
   -0.7872    0.2842   -0.5473
   -0.2054    0.7159    0.6673
    0.5815    0.6377   -0.5052
...   111 G-C ...
  -17.2707 -117.8835  126.0773
   -0.8316    0.5513   -0.0675
    0.2609    0.4951    0.8287
    0.4902    0.6716   -0.5555
...   112 C-G ...
  -16.0367 -115.7478  123.8835
   -0.5871    0.6979    0.4102
    0.6783    0.1477    0.7198
    0.4417    0.7008   -0.5601
...   113 T-A ...
  -14.9762 -113.3419  121.8785
   -0.1761    0.6384    0.7493
    0.8991   -0.2056    0.3865
    0.4008    0.7417   -0.5377
...   114 C-G ...
  -13.8030 -110.8128  120.1642
    0.3702    0.3875    0.8443
    0.8407   -0.5264   -0.1270
    0.3953    0.7568   -0.5206
...   115 G-C ...
  -12.1625 -108.5264  118.3935
    0.7336   -0.0347    0.6787
    0.5086   -0.6344   -0.5822
    0.4508    0.7722   -0.4477
...   116 T-A ...
  -10.8875 -105.6384  117.3896
    0.8804   -0.3730    0.2929
    0.0580   -0.5283   -0.8471
    0.4707    0.7627   -0.4435
...   117 A-T ...
   -9.3232 -103.1913  115.7772
    0.7271   -0.6454   -0.2341
   -0.4632   -0.2096   -0.8611
    0.5067    0.7345   -0.4514
...   118 T-A ...
   -7.2555 -100.8163  114.8412
    0.3967   -0.6703   -0.6272
   -0.7650    0.1363   -0.6295
    0.5074    0.7295   -0.4587
...   119 A-T ...
   -5.5153  -98.5140  113.2111
   -0.1447   -0.5422   -0.8277
   -0.8459    0.5018   -0.1809
    0.5134    0.6740   -0.5312
...   120 A-T ...
   -3.6637  -96.5505  111.4227
   -0.5965   -0.1862   -0.7807
   -0.6235    0.7200    0.3046
    0.5054    0.6685   -0.5456
...   121 T-A ...
   -1.7616  -94.9207  109.3012
   -0.8339    0.1838   -0.5204
   -0.2458    0.7206    0.6483
    0.4941    0.6685   -0.5558
...   122 G-C ...
   -0.3864  -92.5937  107.3645
   -0.8846    0.4661   -0.0160
    0.2638    0.5283    0.8071
    0.3846    0.7097   -0.5903
...   123 T-A ...
    0.4916  -90.5181  104.9529
   -0.6405    0.6440    0.4184
    0.6811    0.2247    0.6969
    0.3547    0.7313   -0.5825
...   124 G-C ...
    1.5918  -87.9252  103.1951
   -0.1957    0.5798    0.7909
    0.9325   -0.1397    0.3331
    0.3036    0.8027   -0.5133
...   125 T-A ...
    1.9629  -85.1292  101.4741
    0.2991    0.4021    0.8653
    0.9041   -0.4093   -0.1223
    0.3050    0.8190   -0.4860
...   126 C-G ...
    2.8967  -82.3667  100.0046
    0.7554    0.0662    0.6519
    0.5713   -0.5538   -0.6057
    0.3209    0.8300   -0.4561
...   127 G-C ...
    4.2376  -79.8431   98.3037
    0.9063   -0.3329    0.2605
    0.0795   -0.4709   -0.8786
    0.4152    0.8169   -0.4003
...   128 A-T ...
    5.6405  -77.1479   97.1050
    0.7726   -0.5683   -0.2831
   -0.4547   -0.1841   -0.8714
    0.4431    0.8019   -0.4007
...   129 C-G ...
    7.5293  -74.5722   96.2551
    0.4187   -0.6016   -0.6803
   -0.7823    0.1415   -0.6067
    0.4613    0.7862   -0.4113
...   130 C-G ...
    9.4064  -72.1433   94.8729
   -0.0984   -0.4944   -0.8636
   -0.8753    0.4560   -0.1613
    0.4735    0.7400   -0.4776
...   131 A-T ...
   10.8414  -69.6684   93.1989
   -0.6113   -0.2273   -0.7580
   -0.6611    0.6732    0.3313
    0.4350    0.7037   -0.5618
...   132 A-T ...
   12.3640  -67.6137   91.2011
   -0.8762    0.1859   -0.4446
   -0.2107    0.6819    0.7004
    0.4334    0.7074   -0.5583
...   133 A-T ...
   13.7217  -65.4997   89.1511
   -0.8496    0.5269    0.0237
    0.3091    0.4611    0.8318
    0.4273    0.7140   -0.5546
...   134 T-A ...
   14.7283  -63.4123   86.8245
   -0.5924    0.6746    0.4405
    0.6886    0.1400    0.7115
    0.4183    0.7248   -0.5474
...   135 G-C ...
   15.7211  -61.4788   83.9378
    0.0342    0.7399    0.6718
    0.8637   -0.3601    0.3526
    0.5028    0.5682   -0.6514
...   136 T-A ...
   15.7739  -59.5464   80.8036
    0.5516    0.4996    0.6680
    0.6739   -0.7388   -0.0038
    0.4916    0.4523   -0.7442
...   137 G-C ...
   16.8280  -57.7076   78.2738
    0.8528   -0.0847    0.5152
    0.1508   -0.9047   -0.3984
    0.4999    0.4175   -0.7588
...   138 A-T ...
   18.4176  -55.5141   76.5363
    0.8547   -0.5007    0.1370
   -0.3189   -0.7148   -0.6224
    0.4096    0.4883   -0.7706
...   139 G-C ...
   20.4152  -54.2945   74.5497
    0.5847   -0.7389   -0.3350
   -0.7594   -0.3532   -0.5465
    0.2854    0.5739   -0.7676
...   140 C-G ...
   21.4163  -51.8107   72.7950
    0.1305   -0.7142   -0.6876
   -0.8897    0.2217   -0.3991
    0.4375    0.6639   -0.6065
...   141 G-C ...
   22.1406  -50.1330   67.4725
   -0.4682   -0.8748    0.1248
   -0.8495    0.4067   -0.3362
    0.2434   -0.2634   -0.9335
...   142 C-G ...
   22.3377  -51.2252   64.5019
   -0.8529   -0.5117   -0.1032
   -0.4974    0.8566   -0.1372
    0.1587   -0.0657   -0.9851
...   143 T-A ...
   24.0059  -51.6201   61.9333
   -0.9563    0.0399   -0.2897
    0.0522    0.9980   -0.0348
    0.2877   -0.0484   -0.9565
...   144 C-G ...
   24.8857  -52.7207   58.9948
   -0.7530    0.5560   -0.3520
    0.5213    0.8304    0.1966
    0.4016   -0.0355   -0.9151
...   145 A-T ...
   25.5174  -52.9610   55.8128
   -0.2441    0.9563   -0.1609
    0.8907    0.2867    0.3528
    0.3835   -0.0571   -0.9218
...   146 C-G ...
   25.2677  -52.4925   52.0871
    0.3203    0.9428   -0.0928
    0.8825   -0.2613    0.3910
    0.3444   -0.2071   -0.9157
...   147 A-T ...
   25.6133  -52.5732   48.6479
    0.8597    0.5097    0.0339
    0.4498   -0.7866    0.4230
    0.2423   -0.3484   -0.9055
