  147 base-pairs
...     1 T-A ...
    0.0000    0.0000    0.0000
    1.0000    0.0000    0.0000
    0.0000    1.0000    0.0000
    0.0000    0.0000    1.0000
...     2 G-C ...
   -0.5555   -1.1003    3.3981
    0.7749    0.6051    0.1828
   -0.5991    0.7953   -0.0929
   -0.2016   -0.0375    0.9787
...     3 T-A ...
   -0.6619   -3.0237    6.5348
    0.3046    0.9250    0.2271
   -0.8994    0.3578   -0.2510
   -0.3134   -0.1278    0.9410
...     4 G-C ...
   -1.1607   -3.8418    9.6940
   -0.3351    0.9421    0.0133
   -0.8752   -0.3061   -0.3746
   -0.3489   -0.1372    0.9271
...     5 A-T ...
   -1.3881   -3.6770   12.8999
   -0.7835    0.6162   -0.0801
   -0.5677   -0.7622   -0.3109
   -0.2527   -0.1981    0.9470
...     6 G-C ...
   -2.6236   -3.5448   15.7072
   -0.9923    0.0611   -0.1075
   -0.0294   -0.9610   -0.2748
   -0.1201   -0.2695    0.9555
...     7 C-G ...
   -2.3138   -3.7570   18.8866
   -0.8620   -0.4995   -0.0864
    0.5008   -0.8655    0.0073
   -0.0785   -0.0370    0.9962
...     8 G-C ...
   -3.9561   -6.8109   23.3205
   -0.2581   -0.3560   -0.8981
    0.6294   -0.7673    0.1233
   -0.7330   -0.5335    0.4221
...     9 C-G ...
   -6.1177   -8.9414   24.2385
    0.1143   -0.7320   -0.6716
    0.8123   -0.3203    0.4874
   -0.5720   -0.6013    0.5580
...    10 T-A ...
   -8.5041   -9.6771   26.0540
    0.4660   -0.8587   -0.2131
    0.6274    0.1508    0.7640
   -0.6239   -0.4897    0.6090
...    11 C-G ...
  -11.0625  -11.3174   27.2336
    0.6660   -0.6911    0.2808
    0.3382    0.6152    0.7121
   -0.6649   -0.3794    0.6435
...    12 A-T ...
  -13.0013  -13.1789   29.0658
    0.7188   -0.1490    0.6790
   -0.1787    0.9043    0.3876
   -0.6718   -0.4000    0.6235
...    13 C-G ...
  -14.1788  -15.9359   31.3399
    0.4052    0.2865    0.8682
   -0.5270    0.8492   -0.0343
   -0.7470   -0.4437    0.4951
...    14 A-T ...
  -15.9532  -18.1566   33.3080
   -0.1503    0.6873    0.7107
   -0.6106    0.5008   -0.6135
   -0.7776   -0.5261    0.3444
...    15 A-T ...
  -18.3655  -19.9933   34.4474
   -0.4698    0.8530    0.2272
   -0.3933    0.0281   -0.9190
   -0.7903   -0.5211    0.3223
...    16 T-A ...
  -20.7480  -21.6401   36.2132
   -0.6388    0.7127   -0.2898
   -0.0611   -0.4225   -0.9043
   -0.7670   -0.5599    0.3134
...    17 T-A ...
  -23.2679  -23.2743   37.5595
   -0.5756    0.3111   -0.7563
    0.3417   -0.7488   -0.5680
   -0.7430   -0.5853    0.3247
...    18 T-A ...
  -25.7783  -25.0149   38.6096
   -0.2531   -0.1255   -0.9593
    0.5989   -0.7990   -0.0535
   -0.7598   -0.5881    0.2774
...    19 A-T ...
  -28.2309  -27.0993   39.2943
    0.1979   -0.4559   -0.8677
    0.6222   -0.6256    0.4706
   -0.7574   -0.6330    0.1599
...    20 T-A ...
  -31.0708  -28.7957   39.3109
    0.4943   -0.7034   -0.5107
    0.4336   -0.3097    0.8462
   -0.7534   -0.6398    0.1519
...    21 T-A ...
  -33.6028  -30.8642   39.4846
    0.6600   -0.7497    0.0493
    0.0679    0.1248    0.9899
   -0.7482   -0.6499    0.1333
...    22 C-G ...
  -35.9752  -33.0948   39.8698
    0.6027   -0.5182    0.6068
   -0.3426    0.5187    0.7833
   -0.7206   -0.6800    0.1351
...    23 G-C ...
  -38.4245  -35.1493   40.9419
    0.4042   -0.0514    0.9132
   -0.6610    0.6737    0.3305
   -0.6322   -0.7372    0.2384
...    24 C-G ...
  -40.1941  -37.8092   41.6647
    0.0335    0.3485    0.9367
   -0.7753    0.6005   -0.1956
   -0.6307   -0.7197    0.2903
...    25 A-T ...
  -42.6288  -39.9554   42.3445
   -0.3872    0.6668    0.6367
   -0.6545    0.2876   -0.6992
   -0.6493   -0.6875    0.3251
...    26 A-T ...
  -44.6700  -42.1988   43.6025
   -0.6956    0.7067    0.1295
   -0.3173   -0.1405   -0.9378
   -0.6446   -0.6934    0.3220
...    27 A-T ...
  -46.6520  -44.3814   44.9907
   -0.7653    0.4796   -0.4293
    0.1567   -0.5081   -0.8469
   -0.6243   -0.7154    0.3137
...    28 G-C ...
  -48.9859  -46.4326   46.2935
   -0.5292    0.1768   -0.8299
    0.5275   -0.6976   -0.4849
   -0.6646   -0.6944    0.2759
...    29 G-C ...
  -51.5638  -48.5467   47.1550
   -0.0864   -0.1845   -0.9790
    0.7260   -0.6846    0.0650
   -0.6823   -0.7051    0.1930
...    30 C-G ...
  -54.0948  -50.5984   47.4957
    0.3633   -0.4812   -0.7978
    0.6441   -0.4890    0.5883
   -0.6732   -0.7275    0.1323
...    31 C-G ...
  -56.5605  -52.8561   47.7398
    0.7101   -0.6059   -0.3587
    0.3315   -0.1618    0.9295
   -0.6212   -0.7789    0.0860
...    32 G-C ...
  -58.2386  -55.3698   48.1748
    0.8466   -0.5124    0.1441
   -0.0900    0.1290    0.9876
   -0.5246   -0.8490    0.0631
...    33 G-C ...
  -59.5034  -58.4887   48.2343
    0.6944   -0.3011    0.6535
   -0.5571    0.3499    0.7531
   -0.4554   -0.8871    0.0752
...    34 C-G ...
  -60.6032  -61.5738   48.3234
    0.2996   -0.0169    0.9539
   -0.8550    0.4388    0.2764
   -0.4232   -0.8984    0.1170
...    35 C-G ...
  -61.6317  -64.7434   49.0285
   -0.1977    0.2772    0.9402
   -0.8930    0.3447   -0.2894
   -0.4043   -0.8968    0.1794
...    36 C-G ...
  -62.8216  -67.7454   49.9053
   -0.6366    0.4612    0.6181
   -0.6571    0.0952   -0.7478
   -0.4037   -0.8822    0.2425
...    37 G-C ...
  -64.4861  -70.7243   49.8610
   -0.8656    0.4938    0.0830
   -0.1951   -0.1798   -0.9642
   -0.4611   -0.8508    0.2520
...    38 A-T ...
  -65.8566  -73.4431   50.7043
   -0.8154    0.2998   -0.4952
    0.3537   -0.4190   -0.8362
   -0.4582   -0.8570    0.2356
...    39 C-G ...
  -67.7508  -75.8693   51.6440
   -0.4980    0.0761   -0.8638
    0.7182   -0.5221   -0.4601
   -0.4860   -0.8495    0.2053
...    40 A-T ...
  -69.4904  -78.6621   52.1820
    0.0372   -0.1680   -0.9851
    0.8690   -0.4813    0.1150
   -0.4934   -0.8603    0.1281
...    41 C-G ...
  -71.4517  -81.3193   52.1463
    0.4935   -0.3485   -0.7969
    0.7273   -0.3372    0.5978
   -0.4771   -0.8745    0.0870
...    42 G-C ...
  -72.6829  -84.3359   52.7567
    0.8556   -0.4090   -0.3173
    0.3079   -0.0905    0.9471
   -0.4161   -0.9080    0.0485
...    43 A-T ...
  -74.1089  -87.1494   52.8775
    0.8814   -0.3740    0.2886
   -0.2359    0.1809    0.9548
   -0.4092   -0.9096    0.0712
...    44 C-G ...
  -75.1409  -90.2547   52.4669
    0.6547   -0.1671    0.7372
   -0.6682    0.3279    0.6678
   -0.3533   -0.9298    0.1030
...    45 T-A ...
  -75.7375  -93.7951   52.6962
    0.1908    0.1028    0.9762
   -0.9245    0.3531    0.1435
   -0.3300   -0.9299    0.1624
...    46 T-A ...
  -76.4791  -96.8851   53.2013
   -0.2829    0.2862    0.9155
   -0.9024    0.2440   -0.3552
   -0.3250   -0.9266    0.1892
...    47 A-T ...
  -77.5792  -99.8867   54.0306
   -0.7033    0.4632    0.5393
   -0.6058    0.0066   -0.7956
   -0.3721   -0.8862    0.2759
...    48 C-G ...
  -78.6080 -102.6330   55.6149
   -0.9084    0.4168    0.0340
   -0.1554   -0.2610   -0.9528
   -0.3882   -0.8707    0.3018
...    49 T-A ...
  -80.0329 -105.2877   57.1092
   -0.8272    0.2775   -0.4885
    0.3197   -0.4825   -0.8155
   -0.4620   -0.8308    0.3104
...    50 G-C ...
  -81.6906 -108.0755   57.9232
   -0.4573    0.0211   -0.8890
    0.7262   -0.5682   -0.3871
   -0.5133   -0.8226    0.2445
...    51 T-A ...
  -83.7587 -110.4034   58.8088
   -0.0000   -0.2542   -0.9672
    0.8574   -0.4978    0.1308
   -0.5146   -0.8292    0.2179
...    52 C-G ...
  -85.4901 -113.0757   59.3030
    0.5016   -0.4619   -0.7315
    0.7006   -0.2792    0.6567
   -0.5075   -0.8419    0.1836
...    53 A-T ...
  -87.3467 -115.8140   60.0002
    0.8547   -0.4405   -0.2747
    0.3046   -0.0031    0.9525
   -0.4205   -0.8977    0.1315
...    54 T-A ...
  -88.6725 -118.7763   59.9329
    0.9163   -0.3348    0.2200
   -0.1559    0.2079    0.9656
   -0.3690   -0.9191    0.1383
...    55 G-C ...
  -89.6915 -122.1016   60.2621
    0.7110   -0.0375    0.7022
   -0.6492    0.3488    0.6759
   -0.2703   -0.9365    0.2236
...    56 T-A ...
  -89.9727 -125.3922   60.6891
    0.2916    0.1819    0.9391
   -0.9243    0.3064    0.2277
   -0.2463   -0.9344    0.2575
...    57 T-A ...
  -90.5212 -128.3599   61.5937
   -0.2256    0.3718    0.9005
   -0.9462    0.1364   -0.2933
   -0.2319   -0.9182    0.3210
...    58 A-T ...
  -91.5399 -131.3263   62.6968
   -0.7012    0.4530    0.5505
   -0.6637   -0.1329   -0.7361
   -0.2603   -0.8815    0.3938
...    59 T-A ...
  -92.0062 -133.9334   64.5702
   -0.9429    0.3111    0.1192
   -0.2316   -0.3547   -0.9059
   -0.2395   -0.8817    0.4065
...    60 A-T ...
  -92.7855 -137.0526   65.6771
   -0.8904   -0.0012   -0.4553
    0.3971   -0.4911   -0.7753
   -0.2226   -0.8711    0.4377
...    61 A-T ...
  -93.6145 -139.7540   67.2151
   -0.5135   -0.3141   -0.7985
    0.8373   -0.3872   -0.3862
   -0.1879   -0.8669    0.4618
...    62 C-G ...
  -94.9196 -142.4563   68.9506
    0.0251   -0.4995   -0.8660
    0.9856   -0.1325    0.1050
   -0.1672   -0.8561    0.4890
...    63 G-C ...
  -95.1235 -145.3167   70.4827
    0.5935   -0.4036   -0.6963
    0.7986    0.1878    0.5719
   -0.1001   -0.8955    0.4338
...    64 G-C ...
  -95.5659 -148.3544   71.6925
    0.9247   -0.1595   -0.3457
    0.3806    0.3648    0.8497
   -0.0094   -0.9173    0.3981
...    65 A-T ...
  -95.6297 -151.4642   72.7978
    0.9742    0.1310    0.1838
   -0.2213    0.3947    0.8918
    0.0443   -0.9094    0.4135
...    66 T-A ...
  -95.0820 -154.5729   73.6018
    0.7448    0.3561    0.5644
   -0.6613    0.2801    0.6959
    0.0897   -0.8915    0.4441
...    67 A-T ...
  -94.2428 -157.4420   75.0128
    0.2523    0.5979    0.7608
   -0.9492    0.0000    0.3148
    0.1882   -0.8016    0.5675
...    68 G-C ...
  -93.2342 -159.9987   76.6897
   -0.2575    0.6212    0.7402
   -0.9436   -0.3267   -0.0541
    0.2082   -0.7124    0.6702
...    69 G-C ...
  -91.8391 -161.9561   79.4298
   -0.7370    0.4098    0.5375
   -0.6500   -0.6479   -0.3971
    0.1855   -0.6421    0.7439
...    70 T-A ...
  -91.1758 -163.5461   82.2256
   -0.9653    0.0202    0.2603
   -0.1744   -0.7917   -0.5855
    0.1942   -0.6106    0.7677
...    71 A-T ...
  -90.6821 -165.2205   85.1195
   -0.8853   -0.4478   -0.1257
    0.4279   -0.6781   -0.5976
    0.1824   -0.5828    0.7919
...    72 T-A ...
  -90.4815 -166.5883   88.1492
   -0.5281   -0.7652   -0.3682
    0.8187   -0.3436   -0.4601
    0.2256   -0.5444    0.8079
...    73 C-G ...
  -90.0250 -168.3972   90.9290
    0.0904   -0.8316   -0.5479
    0.9609    0.2175   -0.1715
    0.2618   -0.5110    0.8188
...    74 T-A ...
  -89.3930 -170.3519   93.5955
    0.5646   -0.5721   -0.5950
    0.7681    0.6280    0.1250
    0.3021   -0.5276    0.7940
...    75 C-G ...
  -88.5401 -172.1916   96.3426
    0.8841   -0.0858   -0.4594
    0.2946    0.8654    0.4053
    0.3628   -0.4936    0.7904
...    76 G-C ...
  -87.0774 -173.3795   99.0260
    0.7943    0.4412   -0.4177
   -0.1535    0.8109    0.5646
    0.5879   -0.3844    0.7118
...    77 A-T ...
  -85.3193 -174.5869  101.4605
    0.5123    0.8462   -0.1464
   -0.5723    0.4635    0.6764
    0.6403   -0.2628    0.7218
...    78 G-C ...
  -82.7555 -175.2122  103.4801
    0.0838    0.9895    0.1180
   -0.7203   -0.0217    0.6934
    0.6886   -0.1431    0.7108
...    79 C-G ...
  -80.0579 -175.2787  105.5004
   -0.3775    0.8179    0.4343
   -0.6127   -0.5723    0.5451
    0.6944   -0.0603    0.7171
...    80 T-A ...
  -77.6206 -175.1629  107.6865
   -0.6703    0.4077    0.6201
   -0.2851   -0.9129    0.2920
    0.6851    0.0190    0.7282
...    81 C-G ...
  -75.8274 -175.2624  110.3648
   -0.7182   -0.1915    0.6689
    0.2235   -0.9739   -0.0389
    0.6589    0.1216    0.7423
...    82 G-C ...
  -73.3483 -175.9091  112.8097
   -0.4662   -0.7165    0.5189
    0.6294   -0.6809   -0.3745
    0.6217    0.1520    0.7684
...    83 G-C ...
  -71.3734 -175.2293  115.4527
   -0.0553   -0.9765    0.2081
    0.7671   -0.1749   -0.6172
    0.6392    0.1255    0.7588
...    84 G-C ...
  -69.3940 -174.7582  118.0962
    0.3164   -0.9234   -0.2173
    0.6748    0.3801   -0.6326
    0.6667    0.0535    0.7434
...    85 A-T ...
  -67.3675 -174.6472  120.7507
    0.6476   -0.5188   -0.5581
    0.3386    0.8521   -0.3991
    0.6826    0.0695    0.7275
...    86 T-A ...
  -65.2323 -175.0141  123.2349
    0.7052   -0.0138   -0.7089
   -0.0464    0.9968   -0.0655
    0.7075    0.0791    0.7022
...    87 C-G ...
  -62.8060 -174.9071  125.4213
    0.5040    0.5493   -0.6665
   -0.4417    0.8271    0.3477
    0.7423    0.1192    0.6594
...    88 C-G ...
  -60.4011 -174.7618  127.6522
    0.0801    0.8523   -0.5169
   -0.6388    0.4420    0.6298
    0.7652    0.2797    0.5799
...    89 G-C ...
  -58.1414 -173.4058  129.6607
   -0.4071    0.8821   -0.2371
   -0.5379   -0.0217    0.8427
    0.7382    0.4706    0.4834
...    90 C-G ...
  -55.5442 -171.3924  130.7512
   -0.6582    0.7034    0.2684
   -0.1783   -0.4920    0.8521
    0.7314    0.5130    0.4493
...    91 T-A ...
  -53.4612 -168.9138  132.1060
   -0.6414    0.3104    0.7016
    0.2903   -0.7483    0.5965
    0.7101    0.5863    0.3898
...    92 T-A ...
  -51.3368 -166.6647  133.1696
   -0.2998   -0.1445    0.9430
    0.6191   -0.7815    0.0771
    0.7258    0.6069    0.3237
...    93 T-A ...
  -49.2533 -164.3254  134.1433
    0.1694   -0.5168    0.8392
    0.6646   -0.5689   -0.4844
    0.7277    0.6398    0.2471
...    94 A-T ...
  -46.5535 -162.3909  134.0462
    0.6434   -0.6514    0.4022
    0.3806   -0.1837   -0.9063
    0.6642    0.7362    0.1297
...    95 A-T ...
  -44.5162 -159.9723  134.5697
    0.7572   -0.6313   -0.1675
   -0.0733    0.1727   -0.9822
    0.6490    0.7561    0.0845
...    96 C-G ...
  -42.2124 -157.6795  135.3790
    0.5890   -0.4691   -0.6580
   -0.4735    0.4595   -0.7515
    0.6549    0.7542    0.0486
...    97 A-T ...
  -39.9643 -155.2580  135.5088
    0.1528   -0.2316   -0.9607
   -0.7183    0.6417   -0.2689
    0.6788    0.7312   -0.0683
...    98 C-G ...
  -37.2928 -153.3376  135.0346
   -0.2663    0.0803   -0.9605
   -0.6916    0.6782    0.2485
    0.6714    0.7305   -0.1251
...    99 T-A ...
  -34.7041 -151.1044  134.0227
   -0.6703    0.3644   -0.6465
   -0.4148    0.5384    0.7335
    0.6154    0.7598   -0.2098
...   100 T-A ...
  -32.7094 -148.7846  132.9356
   -0.7954    0.5942   -0.1193
    0.0435    0.2524    0.9667
    0.6045    0.7637   -0.2266
...   101 T-A ...
  -30.8693 -146.3231  131.9408
   -0.6490    0.6214    0.4389
    0.4861   -0.1050    0.8676
    0.5852    0.7764   -0.2339
...   102 A-T ...
  -28.8977 -143.6821  131.2725
   -0.2508    0.4253    0.8696
    0.7891   -0.4304    0.4382
    0.5607    0.7961   -0.2277
...   103 T-A ...
  -27.7502 -140.7669  130.2965
    0.1390    0.1632    0.9767
    0.8259   -0.5634   -0.0233
    0.5465    0.8099   -0.2131
...   104 G-C ...
  -26.0759 -137.9431  129.8331
    0.5618   -0.2815    0.7779
    0.5933   -0.5183   -0.6160
    0.5765    0.8076   -0.1242
...   105 C-G ...
  -24.2029 -135.2366  129.8293
    0.7766   -0.5437    0.3182
    0.1790   -0.2939   -0.9389
    0.6040    0.7861   -0.1309
...   106 T-A ...
  -22.0707 -132.5495  129.8322
    0.7260   -0.6375   -0.2580
   -0.2779    0.0712   -0.9580
    0.6291    0.7672   -0.1254
...   107 T-A ...
  -19.9618 -130.1549  129.5997
    0.4248   -0.5303   -0.7337
   -0.6320    0.4065   -0.6598
    0.6481    0.7440   -0.1625
...   108 C-G ...
  -17.6262 -127.9067  129.0320
   -0.0495   -0.2716   -0.9611
   -0.7560    0.6391   -0.1416
    0.6527    0.7196   -0.2370
...   109 C-G ...
  -15.3533 -125.6546  128.3144
   -0.5125   -0.0154   -0.8586
   -0.6261    0.6910    0.3613
    0.5877    0.7227   -0.3638
...   110 G-C ...
  -13.8652 -123.2987  127.0765
   -0.8265    0.2249   -0.5161
   -0.2714    0.6440    0.7153
    0.4932    0.7312   -0.4712
...   111 G-C ...
  -12.7058 -120.9030  125.0210
   -0.8787    0.4772   -0.0153
    0.2386    0.4668    0.8515
    0.4135    0.7446   -0.5241
...   112 C-G ...
  -11.8982 -118.4908  122.8156
   -0.6264    0.6245    0.4666
    0.6859    0.1570    0.7106
    0.3705    0.7651   -0.5267
...   113 T-A ...
  -10.9504 -115.9939  120.8816
   -0.1943    0.5924    0.7819
    0.9216   -0.1627    0.3523
    0.3360    0.7890   -0.5143
...   114 C-G ...
   -9.7646 -113.3320  119.3787
    0.3627    0.3732    0.8539
    0.8792   -0.4407   -0.1809
    0.3088    0.8164   -0.4880
...   115 G-C ...
   -8.3736 -110.9048  117.6242
    0.7844    0.0114    0.6202
    0.5166   -0.5655   -0.6429
    0.3433    0.8247   -0.4494
...   116 T-A ...
   -7.2057 -107.9941  116.6865
    0.9257   -0.3138    0.2112
    0.0350   -0.4849   -0.8739
    0.3767    0.8163   -0.4379
...   117 A-T ...
   -5.7209 -105.0847  115.6877
    0.7558   -0.5872   -0.2899
   -0.4870   -0.2080   -0.8483
    0.4378    0.7823   -0.4431
...   118 T-A ...
   -3.8743 -102.5738  114.8186
    0.4227   -0.6077   -0.6723
   -0.7993    0.0995   -0.5926
    0.4271    0.7879   -0.4437
...   119 A-T ...
   -2.6075  -99.9713  113.1848
   -0.1277   -0.5001   -0.8565
   -0.8887    0.4411   -0.1250
    0.4403    0.7452   -0.5008
...   120 A-T ...
   -0.9483  -97.8030  111.4493
   -0.6138   -0.2043   -0.7625
   -0.6677    0.6498    0.3633
    0.4212    0.7322   -0.5353
...   121 T-A ...
    0.7300  -95.8879  109.3038
   -0.8709    0.1486   -0.4684
   -0.2615    0.6669    0.6978
    0.4161    0.7302   -0.5419
...   122 G-C ...
    1.9973  -93.5227  107.1285
   -0.9033    0.4246    0.0609
    0.2826    0.4823    0.8292
    0.3227    0.7662   -0.5557
...   123 T-A ...
    2.6819  -91.1952  104.9532
   -0.6601    0.5885    0.4668
    0.6883    0.2249    0.6897
    0.3009    0.7766   -0.5535
...   124 G-C ...
    3.4564  -88.5434  103.1004
   -0.1905    0.5470    0.8152
    0.9490   -0.1098    0.2954
    0.2511    0.8299   -0.4982
...   125 T-A ...
    3.7329  -85.8263  101.4041
    0.3069    0.3772    0.8738
    0.9177   -0.3605   -0.1667
    0.2521    0.8531   -0.4568
...   126 C-G ...
    4.5120  -83.0714  100.0852
    0.7814    0.1036    0.6153
    0.5770   -0.4953   -0.6494
    0.2375    0.8625   -0.4468
...   127 G-C ...
    5.6694  -80.5493   98.3424
    0.9213   -0.2797    0.2700
    0.1261   -0.4420   -0.8881
    0.3677    0.8523   -0.3720
...   128 A-T ...
    6.7524  -77.8136   97.2029
    0.8226   -0.4877   -0.2923
   -0.4358   -0.2105   -0.8751
    0.3653    0.8472   -0.3857
...   129 C-G ...
    8.4144  -75.0318   96.5696
    0.4587   -0.5600   -0.6899
   -0.7975    0.0830   -0.5976
    0.3919    0.8243   -0.4085
...   130 C-G ...
   10.3144  -72.5894   95.1234
   -0.0568   -0.5202   -0.8521
   -0.9036    0.3897   -0.1776
    0.4245    0.7599   -0.4923
...   131 A-T ...
   11.1116  -69.8588   93.3885
   -0.5853   -0.2880   -0.7579
   -0.7167    0.6209    0.3176
    0.3791    0.7291   -0.5699
...   132 A-T ...
   12.4126  -67.6452   91.3405
   -0.8862    0.1101   -0.4500
   -0.2644    0.6775    0.6864
    0.3804    0.7272   -0.5713
...   133 A-T ...
   13.7024  -65.5435   89.1706
   -0.8579    0.5135    0.0144
    0.2945    0.4687    0.8328
    0.4210    0.7188   -0.5533
...   134 T-A ...
   14.7283  -63.4123   86.8244
   -0.5924    0.6746    0.4405
    0.6886    0.1400    0.7115
    0.4183    0.7248   -0.5474
...   135 G-C ...
   15.7212  -61.4788   83.9377
    0.0342    0.7399    0.6718
    0.8637   -0.3601    0.3526
    0.5028    0.5682   -0.6514
...   136 T-A ...
   15.7739  -59.5464   80.8036
    0.5516    0.4996    0.6680
    0.6739   -0.7388   -0.0038
    0.4916    0.4523   -0.7442
...   137 G-C ...
   16.8281  -57.7076   78.2737
    0.8528   -0.0847    0.5152
    0.1508   -0.9047   -0.3984
    0.4999    0.4175   -0.7588
...   138 A-T ...
   18.4176  -55.5142   76.5362
    0.8547   -0.5007    0.1370
   -0.3189   -0.7148   -0.6224
    0.4096    0.4883   -0.7706
...   139 G-C ...
   20.4152  -54.2945   74.5496
    0.5847   -0.7389   -0.3350
   -0.7594   -0.3532   -0.5465
    0.2854    0.5739   -0.7676
...   140 C-G ...
   21.4164  -51.8107   72.7949
    0.1305   -0.7142   -0.6876
   -0.8897    0.2217   -0.3991
    0.4375    0.6639   -0.6065
...   141 G-C ...
   22.1407  -50.1330   67.4724
   -0.4682   -0.8748    0.1248
   -0.8495    0.4067   -0.3362
    0.2434   -0.2634   -0.9335
...   142 C-G ...
   22.3378  -51.2252   64.5018
   -0.8529   -0.5117   -0.1032
   -0.4974    0.8566   -0.1372
    0.1587   -0.0657   -0.9851
...   143 T-A ...
   24.0060  -51.6202   61.9332
   -0.9563    0.0399   -0.2897
    0.0522    0.9980   -0.0348
    0.2877   -0.0484   -0.9565
...   144 C-G ...
   24.8857  -52.7207   58.9947
   -0.7530    0.5560   -0.3520
    0.5213    0.8304    0.1966
    0.4016   -0.0355   -0.9151
...   145 A-T ...
   25.5174  -52.9610   55.8127
   -0.2441    0.9563   -0.1609
    0.8907    0.2867    0.3528
    0.3835   -0.0571   -0.9218
...   146 C-G ...
   25.2678  -52.4925   52.0870
    0.3203    0.9428   -0.0928
    0.8825   -0.2613    0.3910
    0.3444   -0.2071   -0.9157
...   147 A-T ...
   25.6133  -52.5732   48.6478
    0.8597    0.5097    0.0339
    0.4498   -0.7866    0.4230
    0.2423   -0.3484   -0.9055
