  147 base-pairs
...     1 T-A ...
    0.0000    0.0000    0.0000
    1.0000    0.0000    0.0000
    0.0000    1.0000    0.0000
    0.0000    0.0000    1.0000
...     2 G-C ...
   -0.5555   -1.1003    3.3981
    0.7749    0.6051    0.1828
   -0.5991    0.7953   -0.0929
   -0.2016   -0.0375    0.9787
...     3 T-A ...
   -0.6619   -3.0237    6.5348
    0.3046    0.9250    0.2271
   -0.8994    0.3578   -0.2510
   -0.3134   -0.1278    0.9410
...     4 G-C ...
   -1.1607   -3.8418    9.6940
   -0.3351    0.9421    0.0133
   -0.8752   -0.3061   -0.3746
   -0.3489   -0.1372    0.9271
...     5 A-T ...
   -1.3881   -3.6770   12.8999
   -0.7835    0.6162   -0.0801
   -0.5677   -0.7622   -0.3109
   -0.2527   -0.1981    0.9470
...     6 G-C ...
   -2.6236   -3.5448   15.7072
   -0.9923    0.0611   -0.1075
   -0.0294   -0.9610   -0.2748
   -0.1201   -0.2695    0.9555
...     7 C-G ...
   -2.3138   -3.7570   18.8866
   -0.8620   -0.4995   -0.0864
    0.5008   -0.8655    0.0073
   -0.0785   -0.0370    0.9962
...     8 G-C ...
   -3.9561   -6.8109   23.3205
   -0.2581   -0.3560   -0.8981
    0.6294   -0.7673    0.1233
   -0.7330   -0.5335    0.4221
...     9 C-G ...
   -6.1177   -8.9414   24.2385
    0.1143   -0.7320   -0.6716
    0.8123   -0.3203    0.4874
   -0.5720   -0.6013    0.5580
...    10 T-A ...
   -8.5041   -9.6771   26.0540
    0.4660   -0.8587   -0.2131
    0.6274    0.1508    0.7640
   -0.6239   -0.4897    0.6090
...    11 C-G ...
  -11.0625  -11.3174   27.2336
    0.6660   -0.6911    0.2808
    0.3382    0.6152    0.7121
   -0.6649   -0.3794    0.6435
...    12 A-T ...
  -13.0013  -13.1789   29.0658
    0.7188   -0.1490    0.6790
   -0.1787    0.9043    0.3876
   -0.6718   -0.4000    0.6235
...    13 C-G ...
  -14.1788  -15.9359   31.3399
    0.4052    0.2865    0.8682
   -0.5270    0.8492   -0.0343
   -0.7470   -0.4437    0.4951
...    14 A-T ...
  -15.9532  -18.1566   33.3080
   -0.1503    0.6873    0.7107
   -0.6106    0.5008   -0.6135
   -0.7776   -0.5261    0.3444
...    15 A-T ...
  -18.3653  -19.9948   34.4379
   -0.4584    0.8575    0.2337
   -0.3990    0.0364   -0.9163
   -0.7942   -0.5132    0.3254
...    16 T-A ...
  -20.7528  -21.6101   36.2160
   -0.6295    0.7256   -0.2779
   -0.0773   -0.4144   -0.9068
   -0.7731   -0.5494    0.3170
...    17 T-A ...
  -23.2902  -23.2003   37.5825
   -0.5782    0.3314   -0.7456
    0.3176   -0.7503   -0.5798
   -0.7516   -0.5720    0.3286
...    18 T-A ...
  -25.8285  -24.8731   38.6441
   -0.2721   -0.1011   -0.9569
    0.5753   -0.8142   -0.0776
   -0.7714   -0.5717    0.2797
...    19 A-T ...
  -28.3536  -26.8468   39.2883
    0.1632   -0.4204   -0.8925
    0.6111   -0.6671    0.4260
   -0.7745   -0.6149    0.1481
...    20 T-A ...
  -31.2559  -28.4363   39.2963
    0.4526   -0.6932   -0.5609
    0.4451   -0.3694    0.8157
   -0.7726   -0.6189    0.1413
...    21 T-A ...
  -33.8720  -30.4074   39.4265
    0.6318   -0.7748   -0.0202
    0.1094    0.0633    0.9920
   -0.7673   -0.6290    0.1248
...    22 C-G ...
  -36.3214  -32.5554   39.7536
    0.6086   -0.5785    0.5430
   -0.2851    0.4792    0.8301
   -0.7405   -0.6600    0.1267
...    23 G-C ...
  -38.8254  -34.5524   40.7798
    0.4476   -0.1268    0.8852
   -0.6111    0.6793    0.4063
   -0.6528   -0.7228    0.2266
...    24 C-G ...
  -40.6789  -37.1664   41.4222
    0.1022    0.2852    0.9530
   -0.7543    0.6468   -0.1127
   -0.6485   -0.7074    0.2812
...    25 A-T ...
  -43.1080  -39.2618   42.1536
   -0.2947    0.6426    0.7072
   -0.6860    0.3729   -0.6247
   -0.6652   -0.6693    0.3310
...    26 A-T ...
  -45.1792  -41.4559   43.4383
   -0.6290    0.7398    0.2391
   -0.4056   -0.0498   -0.9127
   -0.6633   -0.6710    0.3313
...    27 A-T ...
  -47.1829  -43.5784   44.8725
   -0.7609    0.5662   -0.3171
    0.0357   -0.4513   -0.8917
   -0.6479   -0.6898    0.3231
...    28 G-C ...
  -49.5414  -45.5291   46.2594
   -0.5922    0.2860   -0.7533
    0.4134   -0.6947   -0.5887
   -0.6917   -0.6600    0.2932
...    29 G-C ...
  -52.2041  -47.4701   47.2279
   -0.2085   -0.0875   -0.9741
    0.6618   -0.7459   -0.0746
   -0.7201   -0.6602    0.2135
...    30 C-G ...
  -54.8654  -49.3093   47.6897
    0.2207   -0.4309   -0.8750
    0.6579   -0.5965    0.4597
   -0.7201   -0.6771    0.1519
...    31 C-G ...
  -57.5202  -51.3260   48.0527
    0.5983   -0.6240   -0.5026
    0.4287   -0.2807    0.8587
   -0.6769   -0.7293    0.0996
...    32 G-C ...
  -59.3679  -53.6903   48.4568
    0.8047   -0.5930   -0.0302
    0.0602    0.0310    0.9977
   -0.5907   -0.8046    0.0607
...    33 G-C ...
  -60.8907  -56.6883   48.3765
    0.7503   -0.4261    0.5055
   -0.4044    0.3091    0.8608
   -0.5230   -0.8502    0.0596
...    34 C-G ...
  -62.2514  -59.6593   48.3081
    0.4440   -0.1482    0.8837
   -0.7529    0.4731    0.4576
   -0.4859   -0.8685    0.0985
...    35 C-G ...
  -63.4253  -62.8066   48.8378
   -0.0008    0.1870    0.9824
   -0.8894    0.4489   -0.0862
   -0.4571   -0.8738    0.1659
...    36 C-G ...
  -64.7286  -65.7607   49.6292
   -0.4530    0.4407    0.7749
   -0.7727    0.2393   -0.5879
   -0.4445   -0.8652    0.2321
...    37 G-C ...
  -66.6349  -68.5254   49.7280
   -0.7640    0.5619    0.3170
   -0.4110   -0.0450   -0.9105
   -0.4974   -0.8260    0.2653
...    38 A-T ...
  -68.1159  -71.1671   50.5910
   -0.8589    0.4372   -0.2665
    0.1123   -0.3469   -0.9311
   -0.4996   -0.8297    0.2489
...    39 C-G ...
  -70.0559  -73.4800   51.7022
   -0.6629    0.2339   -0.7112
    0.5264   -0.5298   -0.6650
   -0.5323   -0.8152    0.2281
...    40 A-T ...
  -71.9816  -76.0943   52.3627
   -0.2155   -0.0354   -0.9759
    0.7994   -0.5803   -0.1555
   -0.5608   -0.8136    0.1534
...    41 C-G ...
  -74.2398  -78.4952   52.5264
    0.2325   -0.2844   -0.9301
    0.7973   -0.4919    0.3498
   -0.5570   -0.8229    0.1124
...    42 G-C ...
  -75.6905  -81.4017   53.1060
    0.6798   -0.4472   -0.5813
    0.5253   -0.2562    0.8114
   -0.5118   -0.8570    0.0608
...    43 A-T ...
  -77.4202  -84.0186   53.3123
    0.8654   -0.5008   -0.0144
    0.0550    0.0664    0.9963
   -0.4980   -0.8630    0.0850
...    44 C-G ...
  -78.9299  -86.9121   52.8584
    0.8029   -0.3391    0.4902
   -0.4039    0.2953    0.8658
   -0.4384   -0.8932    0.1001
...    45 T-A ...
  -79.9046  -90.3721   52.8744
    0.4801   -0.0639    0.8749
   -0.7802    0.4249    0.4591
   -0.4011   -0.9030    0.1542
...    46 T-A ...
  -80.8665  -93.4228   53.2249
    0.0685    0.1755    0.9821
   -0.9217    0.3878   -0.0050
   -0.3817   -0.9049    0.1883
...    47 A-T ...
  -81.8261  -96.4148   54.1849
   -0.3453    0.4841    0.8040
   -0.8503    0.2012   -0.4863
   -0.3972   -0.8516    0.3421
...    48 C-G ...
  -82.6539  -99.1521   55.8634
   -0.7229    0.5441    0.4258
   -0.5622   -0.1051   -0.8203
   -0.4015   -0.8324    0.3819
...    49 T-A ...
  -83.8112 -101.7101   57.6872
   -0.8786    0.4711   -0.0783
   -0.1442   -0.4180   -0.8969
   -0.4553   -0.7768    0.4352
...    50 G-C ...
  -85.5324 -104.2483   58.9996
   -0.7688    0.2146   -0.6023
    0.3623   -0.6300   -0.6869
   -0.5269   -0.7464    0.4066
...    51 T-A ...
  -87.5653 -106.2381   60.4693
   -0.4758   -0.1237   -0.8708
    0.6971   -0.6567   -0.2876
   -0.5363   -0.7439    0.3988
...    52 A-T ...
  -89.0070 -108.9090   61.7730
    0.0401   -0.5021   -0.8639
    0.8505   -0.4366    0.2933
   -0.5244   -0.7465    0.4095
...    53 G-C ...
  -90.9299 -111.1908   63.0307
    0.4849   -0.5915   -0.6442
    0.7352   -0.1233    0.6666
   -0.4737   -0.7968    0.3751
...    54 G-C ...
  -93.0908 -114.0605   63.6097
    0.8328   -0.4980   -0.2418
    0.3826    0.2022    0.9015
   -0.4000   -0.8433    0.3590
...    55 T-A ...
  -94.3304 -116.9499   64.3433
    0.9313   -0.2891    0.2217
   -0.0814    0.4280    0.9001
   -0.3552   -0.8563    0.3751
...    56 A-T ...
  -95.0592 -120.2594   65.1000
    0.7896    0.1158    0.6026
   -0.5758    0.4793    0.6624
   -0.2121   -0.8700    0.4451
...    57 T-A ...
  -95.1858 -123.3261   66.1863
    0.4299    0.3748    0.8214
   -0.8862    0.3491    0.3046
   -0.1726   -0.8589    0.4822
...    58 C-G ...
  -95.4062 -126.2389   67.9836
   -0.1807    0.5520    0.8140
   -0.9723    0.0244   -0.2324
   -0.1481   -0.8335    0.5323
...    59 T-A ...
  -95.6754 -128.7987   69.9949
   -0.6418    0.5440    0.5406
   -0.7503   -0.2997   -0.5892
   -0.1585   -0.7837    0.6005
...    60 C-G ...
  -96.6854 -131.2012   71.9010
   -0.9537    0.2842    0.0979
   -0.2623   -0.6277   -0.7329
   -0.1469   -0.7247    0.6732
...    61 G-C ...
  -97.3313 -133.8852   73.6237
   -0.9431   -0.0626   -0.3265
    0.2687   -0.7219   -0.6377
   -0.1957   -0.6891    0.6977
...    62 A-T ...
  -97.7959 -136.2584   75.8659
   -0.5995   -0.4814   -0.6394
    0.7789   -0.5347   -0.3277
   -0.1842   -0.6945    0.6955
...    63 G-C ...
  -98.5184 -138.5015   78.1459
   -0.0981   -0.6910   -0.7162
    0.9843   -0.1736    0.0327
   -0.1469   -0.7017    0.6972
...    64 C-G ...
  -99.4450 -140.8582   80.4433
    0.4921   -0.6362   -0.5943
    0.8637    0.2709    0.4251
   -0.1095   -0.7224    0.6827
...    65 T-A ...
 -100.0503 -143.3892   82.5209
    0.8634   -0.3554   -0.3581
    0.5037    0.5690    0.6500
   -0.0272   -0.7416    0.6703
...    66 C-G ...
 -100.1391 -146.0030   84.6361
    0.9971    0.0753   -0.0053
   -0.0468    0.6717    0.7394
    0.0593   -0.7370    0.6733
...    67 G-C ...
  -99.6307 -148.0289   87.0190
    0.8223    0.5019    0.2681
   -0.5338    0.5173    0.6689
    0.1971   -0.6932    0.6933
...    68 G-C ...
  -98.6124 -150.2845   89.2029
    0.3991    0.7670    0.5025
   -0.8779    0.1616    0.4507
    0.2644   -0.6210    0.7379
...    69 G-C ...
  -97.2456 -152.0109   91.7544
   -0.1560    0.8043    0.5734
   -0.9335   -0.3098    0.1804
    0.3227   -0.5071    0.7991
...    70 A-T ...
  -95.9441 -153.4798   94.4006
   -0.6733    0.4786    0.5636
   -0.6548   -0.7400   -0.1537
    0.3435   -0.4725    0.8116
...    71 T-A ...
  -94.5622 -154.4525   97.2461
   -0.9143    0.0284    0.4041
   -0.2078   -0.8891   -0.4077
    0.3478   -0.4567    0.8188
...    72 C-G ...
  -93.4785 -155.7176  100.1647
   -0.8418   -0.5292    0.1065
    0.3839   -0.7256   -0.5711
    0.3795   -0.4399    0.8139
...    73 C-G ...
  -92.4242 -157.1119  102.9611
   -0.5384   -0.8040   -0.2523
    0.7698   -0.3475   -0.5354
    0.3428   -0.4825    0.8061
...    74 G-C ...
  -90.8861 -158.7885  105.2897
   -0.0456   -0.8236   -0.5654
    0.9340    0.1656   -0.3166
    0.3544   -0.5425    0.7617
...    75 C-G ...
  -90.1070 -160.6612  108.0949
    0.4804   -0.5670   -0.6691
    0.7781    0.6276    0.0269
    0.4047   -0.5335    0.7427
...    76 T-A ...
  -89.0589 -162.7351  110.5965
    0.7954   -0.0897   -0.5994
    0.3798    0.8445    0.3775
    0.4724   -0.5279    0.7058
...    77 T-A ...
  -87.4984 -164.7401  112.5825
    0.8449    0.4140   -0.3388
   -0.1203    0.7641    0.6338
    0.5212   -0.4947    0.6954
...    78 T-A ...
  -85.6824 -166.2838  114.7027
    0.5866    0.8093   -0.0305
   -0.5355    0.4159    0.7351
    0.6076   -0.4149    0.6773
...    79 A-T ...
  -83.2187 -167.2446  116.8230
    0.0566    0.9793    0.1945
   -0.7039   -0.0990    0.7034
    0.7081   -0.1768    0.6837
...    80 A-T ...
  -80.8143 -167.5598  118.8095
   -0.3700    0.7909    0.4875
   -0.5837   -0.6061    0.5403
    0.7227   -0.0847    0.6859
...    81 C-G ...
  -78.1528 -167.1819  120.7918
   -0.6107    0.3589    0.7059
   -0.2762   -0.9319    0.2350
    0.7422   -0.0515    0.6682
...    82 A-T ...
  -75.8318 -167.2065  123.1879
   -0.6828   -0.2415    0.6895
    0.1513   -0.9701   -0.1900
    0.7148   -0.0254    0.6989
...    83 C-G ...
  -73.7150 -166.6537  125.8146
   -0.4938   -0.7146    0.4955
    0.4891   -0.6994   -0.5212
    0.7190   -0.0151    0.6949
...    84 T-A ...
  -71.6726 -166.3645  128.8425
   -0.1186   -0.9807    0.1553
    0.6606   -0.1946   -0.7250
    0.7413    0.0166    0.6710
...    85 T-A ...
  -69.5440 -166.2893  131.3049
    0.3219   -0.9107   -0.2588
    0.5840    0.4062   -0.7029
    0.7452    0.0751    0.6626
...    86 T-A ...
  -67.2746 -166.1342  133.6338
    0.5908   -0.5230   -0.6144
    0.2826    0.8474   -0.4495
    0.7557    0.0919    0.6484
...    87 A-T ...
  -64.6699 -165.6716  135.5663
    0.5422   -0.0123   -0.8401
   -0.0807    0.9945   -0.0666
    0.8363    0.1039    0.5383
...    88 T-A ...
  -61.8178 -165.9420  137.0749
    0.3793    0.4582   -0.8039
   -0.3259    0.8793    0.3473
    0.8660    0.1303    0.4829
...    89 C-G ...
  -58.9759 -165.5892  138.5413
    0.0293    0.8699   -0.4924
   -0.4723    0.4462    0.7601
    0.8810    0.2103    0.4239
...    90 A-T ...
  -55.5720 -164.9861  139.0820
   -0.3367    0.9347   -0.1136
   -0.2991    0.0083    0.9542
    0.8929    0.3552    0.2768
...    91 T-A ...
  -52.6716 -163.6086  139.4821
   -0.4923    0.7977    0.3482
   -0.0689   -0.4345    0.8980
    0.8677    0.4181    0.2689
...    92 G-C ...
  -49.8711 -161.8461  140.2267
   -0.4904    0.3682    0.7899
    0.2821   -0.7905    0.5436
    0.8245    0.4895    0.2838
...    93 T-A ...
  -47.3743 -159.6626  140.9239
   -0.2396   -0.1099    0.9646
    0.5133   -0.8577    0.0297
    0.8241    0.5023    0.2619
...    94 T-A ...
  -44.8441 -157.7995  141.6884
    0.1603   -0.5484    0.8207
    0.5576   -0.6358   -0.5337
    0.8145    0.5431    0.2038
...    95 A-T ...
  -41.9117 -156.0019  141.9396
    0.5373   -0.7948    0.2820
    0.2747   -0.1512   -0.9496
    0.7974    0.5877    0.1371
...    96 T-A ...
  -39.4961 -154.1155  143.0335
    0.6199   -0.7506   -0.2287
   -0.0560    0.2484   -0.9670
    0.7827    0.6122    0.1119
...    97 A-T ...
  -36.9561 -151.9232  143.1253
    0.4213   -0.4947   -0.7601
   -0.4192    0.6370   -0.6469
    0.8042    0.5912    0.0610
...    98 A-T ...
  -34.3150 -150.2097  143.2944
    0.0808   -0.1217   -0.9893
   -0.5846    0.7981   -0.1460
    0.8073    0.5901   -0.0067
...    99 C-G ...
  -31.2558 -148.8424  143.0404
   -0.2899    0.2814   -0.9148
   -0.5349    0.7450    0.3986
    0.7936    0.6049   -0.0654
...   100 G-C ...
  -29.1084 -146.4350  142.5947
   -0.6718    0.4842   -0.5606
   -0.2668    0.5478    0.7929
    0.6910    0.6823   -0.2388
...   101 G-C ...
  -27.4534 -143.8768  141.3151
   -0.7961    0.6039   -0.0393
    0.1772    0.2947    0.9390
    0.5787    0.7405   -0.3416
...   102 A-T ...
  -25.6909 -141.4400  139.9131
   -0.5458    0.6513    0.5272
    0.6294   -0.0968    0.7710
    0.5532    0.7527   -0.3571
...   103 T-A ...
  -24.4299 -138.8643  138.3855
   -0.1554    0.5186    0.8408
    0.8226   -0.4033    0.4008
    0.5469    0.7540   -0.3639
...   104 G-C ...
  -22.8278 -136.1646  137.3112
    0.3281    0.1004    0.9393
    0.7695   -0.6052   -0.2041
    0.5479    0.7897   -0.2758
...   105 C-G ...
  -21.1778 -133.3477  136.6952
    0.6917   -0.2680    0.6707
    0.4514   -0.5645   -0.6911
    0.5638    0.7807   -0.2695
...   106 T-A ...
  -19.2812 -130.5091  136.2073
    0.8169   -0.5540    0.1604
   -0.0121   -0.2945   -0.9556
    0.5766    0.7787   -0.2473
...   107 T-A ...
  -17.3938 -127.9832  135.6108
    0.6528   -0.6478   -0.3928
   -0.4705    0.0598   -0.8804
    0.5937    0.7595   -0.2658
...   108 C-G ...
  -15.2380 -125.5799  134.8266
    0.2262   -0.5370   -0.8127
   -0.7617    0.4226   -0.4912
    0.6072    0.7301   -0.3135
...   109 C-G ...
  -13.1679 -123.1896  133.9324
   -0.2823   -0.3411   -0.8966
   -0.7710    0.6368    0.0004
    0.5708    0.6914   -0.4428
...   110 G-C ...
  -11.7152 -120.9431  132.4089
   -0.7037   -0.0677   -0.7073
   -0.5070    0.7453    0.4331
    0.4978    0.6633   -0.5588
...   111 G-C ...
  -10.3738 -118.9381  130.0751
   -0.9049    0.2927   -0.3092
   -0.0216    0.6937    0.7199
    0.4252    0.6581   -0.6214
...   112 C-G ...
   -9.4146 -117.0025  127.4922
   -0.7867    0.5954    0.1630
    0.4881    0.4383    0.7548
    0.3780    0.6733   -0.6354
...   113 T-A ...
   -8.4005 -114.8623  125.1806
   -0.4297    0.7085    0.5598
    0.8399    0.0860    0.5359
    0.3315    0.7004   -0.6320
...   114 C-G ...
   -7.2856 -112.4130  123.2924
    0.1318    0.6089    0.7822
    0.9483   -0.3072    0.0793
    0.2886    0.7314   -0.6179
...   115 G-C ...
   -5.9021 -110.1982  121.2513
    0.6450    0.2777    0.7119
    0.7000   -0.5883   -0.4048
    0.3064    0.7595   -0.5738
...   116 T-A ...
   -4.9994 -107.3349  119.8668
    0.9073   -0.1027    0.4077
    0.2530   -0.6411   -0.7245
    0.3358    0.7605   -0.5557
...   117 A-T ...
   -3.7874 -104.5074  118.3901
    0.8658   -0.4970   -0.0589
   -0.3147   -0.4492   -0.8362
    0.3891    0.7425   -0.5453
...   118 T-A ...
   -2.1985 -101.9199  117.2206
    0.5955   -0.6460   -0.4775
   -0.7102   -0.1456   -0.6888
    0.3755    0.7493   -0.5455
...   119 A-T ...
   -1.1770  -99.4100  115.2130
    0.0374   -0.6274   -0.7778
   -0.9210    0.2803   -0.2704
    0.3877    0.7265   -0.5674
...   120 A-T ...
    0.3506  -97.2497  113.3405
   -0.4981   -0.3849   -0.7770
   -0.7816    0.5873    0.2101
    0.3755    0.7120   -0.5934
...   121 T-A ...
    1.9709  -95.3835  111.1021
   -0.8316   -0.0284   -0.5547
   -0.4111    0.7030    0.5804
    0.3734    0.7107   -0.5962
...   122 G-C ...
    3.1574  -93.0845  108.8014
   -0.9462    0.3182   -0.0583
    0.1535    0.6003    0.7849
    0.2848    0.7337   -0.6169
...   123 T-A ...
    3.7939  -90.9326  106.4161
   -0.7499    0.5596    0.3528
    0.6058    0.3668    0.7060
    0.2657    0.7432   -0.6141
...   124 G-C ...
    4.4892  -88.4063  104.3287
   -0.2923    0.6054    0.7403
    0.9329    0.0102    0.3601
    0.2105    0.7958   -0.5678
...   125 T-A ...
    4.6519  -85.8523  102.3831
    0.2204    0.4851    0.8462
    0.9528   -0.2926   -0.0804
    0.2086    0.8241   -0.5267
...   126 C-G ...
    5.2853  -83.1724  100.8257
    0.7354    0.2253    0.6390
    0.6490   -0.5054   -0.5687
    0.1949    0.8329   -0.5179
...   127 G-C ...
    6.3618  -80.7269   98.8696
    0.9259   -0.1900    0.3264
    0.1927   -0.5056   -0.8410
    0.3248    0.8416   -0.4316
...   128 A-T ...
    7.3248  -78.0192   97.5347
    0.8622   -0.4530   -0.2268
   -0.3896   -0.3066   -0.8685
    0.3239    0.8372   -0.4408
...   129 C-G ...
    8.8193  -75.1784   96.7477
    0.5127   -0.5791   -0.6339
   -0.7821   -0.0103   -0.6231
    0.3543    0.8152   -0.4582
...   130 C-G ...
   10.5654  -72.7012   95.1695
   -0.0104   -0.5718   -0.8203
   -0.9188    0.3292   -0.2179
    0.3947    0.7514   -0.5288
...   131 A-T ...
   11.1656  -69.8975   93.3974
   -0.5683   -0.3170   -0.7593
   -0.7372    0.6061    0.2987
    0.3655    0.7295   -0.5781
...   132 A-T ...
   12.4266  -67.6668   91.3337
   -0.8845    0.0942   -0.4569
   -0.2792    0.6778    0.6802
    0.3737    0.7292   -0.5732
...   133 A-T ...
   13.7039  -65.5562   89.1670
   -0.8627    0.5057    0.0081
    0.2859    0.4744    0.8326
    0.4172    0.7205   -0.5539
...   134 T-A ...
   14.7284  -63.4124   86.8245
   -0.5924    0.6746    0.4405
    0.6886    0.1400    0.7115
    0.4183    0.7248   -0.5474
...   135 G-C ...
   15.7212  -61.4789   83.9377
    0.0342    0.7399    0.6718
    0.8637   -0.3601    0.3526
    0.5028    0.5682   -0.6514
...   136 T-A ...
   15.7740  -59.5465   80.8036
    0.5516    0.4996    0.6680
    0.6739   -0.7388   -0.0038
    0.4916    0.4523   -0.7442
...   137 G-C ...
   16.8281  -57.7077   78.2737
    0.8528   -0.0847    0.5152
    0.1508   -0.9047   -0.3984
    0.4999    0.4175   -0.7588
...   138 A-T ...
   18.4177  -55.5142   76.5362
    0.8547   -0.5007    0.1370
   -0.3189   -0.7148   -0.6224
    0.4096    0.4883   -0.7706
...   139 G-C ...
   20.4153  -54.2946   74.5496
    0.5847   -0.7389   -0.3350
   -0.7594   -0.3532   -0.5465
    0.2854    0.5739   -0.7676
...   140 C-G ...
   21.4164  -51.8108   72.7949
    0.1305   -0.7142   -0.6876
   -0.8897    0.2217   -0.3991
    0.4375    0.6639   -0.6065
...   141 G-C ...
   22.1407  -50.1331   67.4724
   -0.4682   -0.8748    0.1248
   -0.8495    0.4067   -0.3362
    0.2434   -0.2634   -0.9335
...   142 C-G ...
   22.3378  -51.2253   64.5019
   -0.8529   -0.5117   -0.1032
   -0.4974    0.8566   -0.1372
    0.1587   -0.0657   -0.9851
...   143 T-A ...
   24.0060  -51.6202   61.9332
   -0.9563    0.0399   -0.2897
    0.0522    0.9980   -0.0348
    0.2877   -0.0484   -0.9565
...   144 C-G ...
   24.8857  -52.7208   58.9947
   -0.7530    0.5560   -0.3520
    0.5213    0.8304    0.1966
    0.4016   -0.0355   -0.9151
...   145 A-T ...
   25.5174  -52.9611   55.8127
   -0.2442    0.9563   -0.1609
    0.8907    0.2867    0.3528
    0.3835   -0.0571   -0.9218
...   146 C-G ...
   25.2678  -52.4925   52.0870
    0.3203    0.9428   -0.0928
    0.8825   -0.2613    0.3910
    0.3444   -0.2071   -0.9157
...   147 A-T ...
   25.6134  -52.5733   48.6478
    0.8597    0.5097    0.0339
    0.4498   -0.7866    0.4230
    0.2423   -0.3484   -0.9055
