AAAA={0.17325, -0.00668, -0.00109, -0.2685, -0.00836, -0.21902, -0.00668, 0.08648, 0.03148, 0.07833, -0.22365, 0.19977, -0.00109, 0.03148, 0.09739, 0.05445, -0.37165, -0.17421, -0.2685, 0.07833, 0.05445, 7.98163, -0.27132, 0.51897, -0.00836, -0.22365, -0.37165, -0.27132, 9.8351, 0.5884, -0.21902, 0.19977, -0.17421, 0.51897, 0.5884, 40.65756}
AAAC={0.1437, -0.00743, 0.01333, -0.27348, 0.08659, -0.30877, -0.00743, 0.06899, 0.04262, -0.03942, -0.27124, 0.02128, 0.01333, 0.04262, 0.10514, -0.13751, -0.40409, -0.57787, -0.27348, -0.03942, -0.13751, 6.6143, -0.19635, 3.60577, 0.08659, -0.27124, -0.40409, -0.19635, 11.25471, 8.60567, -0.30877, 0.02128, -0.57787, 3.60577, 8.60567, 41.69305}
AAAG={0.14838, -0.01783, 0.01318, -0.1158, 0.14502, 0.32867, -0.01783, 0.07143, 0.03809, 0.01452, -0.2059, -0.1054, 0.01318, 0.03809, 0.16133, 0.00681, -0.7723, -1.1683, -0.1158, 0.01452, 0.00681, 9.33909, 1.91368, -4.57496, 0.14502, -0.2059, -0.7723, 1.91368, 15.78041, 7.26865, 0.32867, -0.1054, -1.1683, -4.57496, 7.26865, 60.14607}
AAAT={0.17011, -0.00496, -0.02864, -0.06381, -0.10163, -0.4242, -0.00496, 0.11466, 0.03903, 0.02294, -0.24498, -0.52597, -0.02864, 0.03903, 0.22325, 0.05572, -0.52455, -0.23552, -0.06381, 0.02294, 0.05572, 13.97091, -0.10762, -2.66588, -0.10163, -0.24498, -0.52455, -0.10762, 16.27247, 1.25565, -0.4242, -0.52597, -0.23552, -2.66588, 1.25565, 66.09043}
AAAx={0.12786, -0.00462, -0.00232, -0.1714, 0.01513, -0.00518, -0.00462, 0.06294, 0.02997, 0.02368, -0.23208, 0.06605, -0.00232, 0.02997, 0.09327, 0.02998, -0.30689, -0.34966, -0.1714, 0.02368, 0.02998, 5.51528, -0.27056, 0.03677, 0.01513, -0.23208, -0.30689, -0.27056, 9.15347, 1.90858, -0.00518, 0.06605, -0.34966, 0.03677, 1.90858, 42.84469}
AACA={0.12583, 0.02972, 0.00558, -0.10121, 0.1031, 0.32102, 0.02972, 0.11214, 0.03855, 0.04928, 0.11908, 0.34181, 0.00558, 0.03855, 0.10233, 0.0337, -0.22138, -0.82606, -0.10121, 0.04928, 0.0337, 3.5709, 0.62401, -0.7091, 0.1031, 0.11908, -0.22138, 0.62401, 8.28127, 4.04897, 0.32102, 0.34181, -0.82606, -0.7091, 4.04897, 38.33405}
AACC={0.12751, -0.00096, 0.02492, -0.03264, -0.09531, -0.05149, -0.00096, 0.1014, 0.01899, -0.06993, 0.07697, 0.52582, 0.02492, 0.01899, 0.13899, 0.04155, -0.21868, -0.65887, -0.03264, -0.06993, 0.04155, 2.67573, -0.00609, -0.78444, -0.09531, 0.07697, -0.21868, -0.00609, 7.21975, 4.84989, -0.05149, 0.52582, -0.65887, -0.78444, 4.84989, 30.45595}
AACG={0.14714, -0.00076, -0.01141, -0.32053, 0.07364, -0.09261, -0.00076, 0.07758, 0.01895, -0.01662, 0.01688, 0.58759, -0.01141, 0.01895, 0.10606, 0.00888, -0.32109, -0.43165, -0.32053, -0.01662, 0.00888, 4.42954, 1.08627, 1.25631, 0.07364, 0.01688, -0.32109, 1.08627, 7.18918, 5.46378, -0.09261, 0.58759, -0.43165, 1.25631, 5.46378, 35.47334}
AACT={0.1399, 0.00557, 0.00788, -0.13023, 0.00534, -0.0432, 0.00557, 0.10825, 0.01694, 0.06514, 0.01337, 0.74339, 0.00788, 0.01694, 0.12089, -0.04593, -0.47021, -0.54472, -0.13023, 0.06514, -0.04593, 3.34927, 1.31257, 1.09565, 0.00534, 0.01337, -0.47021, 1.31257, 14.96077, 7.3475, -0.0432, 0.74339, -0.54472, 1.09565, 7.3475, 37.87348}
AACx={0.12163, -0.00297, -0.00037, -0.11669, 0.04216, -0.04139, -0.00297, 0.09531, 0.0143, 0.02343, 0.08894, 0.5975, -0.00037, 0.0143, 0.09273, 0.03914, -0.09538, -0.52766, -0.11669, 0.02343, 0.03914, 3.0214, -0.16152, -0.57124, 0.04216, 0.08894, -0.09538, -0.16152, 8.35352, 6.00686, -0.04139, 0.5975, -0.52766, -0.57124, 6.00686, 37.59029}
AAGA={0.13073, 0.00796, 0.00599, -0.28333, 0.04103, 0.09526, 0.00796, 0.08807, 0.0174, 0.01906, -0.03607, 0.11977, 0.00599, 0.0174, 0.10579, 0.00318, -0.1604, -0.52462, -0.28333, 0.01906, 0.00318, 3.83409, 1.39675, 2.11918, 0.04103, -0.03607, -0.1604, 1.39675, 9.18733, 9.12272, 0.09526, 0.11977, -0.52462, 2.11918, 9.12272, 42.32372}
AAGC={0.1167, -0.02094, -0.00084, -0.4569, -0.01414, 0.16336, -0.02094, 0.10742, 0.02443, -0.04791, 0.01837, -0.15755, -0.00084, 0.02443, 0.12464, -0.08148, -0.31317, -1.0082, -0.4569, -0.04791, -0.08148, 4.52348, -0.01166, 1.15315, -0.01414, 0.01837, -0.31317, -0.01166, 13.36688, 3.81188, 0.16336, -0.15755, -1.0082, 1.15315, 3.81188, 41.14626}
AAGG={0.1707, -0.00942, 0.0385, -0.03463, 0.00245, -0.07112, -0.00942, 0.08659, 0.02668, 0.03382, 0.05473, 0.02247, 0.0385, 0.02668, 0.12383, 0.0309, -0.17797, -0.77711, -0.03463, 0.03382, 0.0309, 5.43513, 0.08528, -1.57097, 0.00245, 0.05473, -0.17797, 0.08528, 5.61626, 5.06496, -0.07112, 0.02247, -0.77711, -1.57097, 5.06496, 38.84135}
AAGT={0.09223, -0.00681, 0.00675, -0.09251, 0.02304, 0.1045, -0.00681, 0.05574, -0.0001, -0.0505, -0.24796, 0.09075, 0.00675, -0.0001, 0.08246, -0.26603, -0.30002, -0.21949, -0.09251, -0.0505, -0.26603, 6.69615, 0.94223, -0.22529, 0.02304, -0.24796, -0.30002, 0.94223, 11.26338, 3.82978, 0.1045, 0.09075, -0.21949, -0.22529, 3.82978, 23.68903}
AAGx={0.08367, 0.00225, 0.00311, -0.07602, -0.02763, -0.0808, 0.00225, 0.06935, 0.01634, -0.01925, -0.0145, 0.06295, 0.00311, 0.01634, 0.08099, -0.03434, -0.17149, -0.56537, -0.07602, -0.01925, -0.03434, 3.05749, 0.46649, 0.81534, -0.02763, -0.0145, -0.17149, 0.46649, 5.57145, 4.06648, -0.0808, 0.06295, -0.56537, 0.81534, 4.06648, 30.2074}
AATA={0.15704, -0.00028, -0.00653, -0.06264, -0.03449, -0.00761, -0.00028, 0.07562, 0.01688, 0.04731, 0.12868, 0.55906, -0.00653, 0.01688, 0.10129, 0.0258, -0.19521, -0.38609, -0.06264, 0.04731, 0.0258, 4.32495, 0.03067, 0.59241, -0.03449, 0.12868, -0.19521, 0.03067, 12.39527, 8.59188, -0.00761, 0.55906, -0.38609, 0.59241, 8.59188, 48.28752}
AATC={0.20452, -0.00808, -0.00577, -0.33432, -0.1419, -0.11437, -0.00808, 0.0929, 0.04236, 0.03414, -0.18413, 0.48033, -0.00577, 0.04236, 0.14091, -0.01743, -0.37986, -0.81737, -0.33432, 0.03414, -0.01743, 5.60387, 0.79909, 1.03164, -0.1419, -0.18413, -0.37986, 0.79909, 21.79201, 15.17884, -0.11437, 0.48033, -0.81737, 1.03164, 15.17884, 61.68976}
AATG={0.1417, -0.01044, -0.0071, -0.0743, 0.11479, 0.08379, -0.01044, 0.10448, 0.0364, 0.00939, -0.44592, 0.12222, -0.0071, 0.0364, 0.12692, -0.0348, -0.37559, -0.46338, -0.0743, 0.00939, -0.0348, 4.99315, 0.19849, -0.20153, 0.11479, -0.44592, -0.37559, 0.19849, 11.04123, 3.38976, 0.08379, 0.12222, -0.46338, -0.20153, 3.38976, 41.96839}
AATT={0.20833, 0.0, 0.0, -0.29627, 0.0, 0.0, 0.0, 0.17575, 0.01763, 0.0, 0.10595, 0.99848, 0.0, 0.01763, 0.16093, 0.0, -0.32399, -0.62514, -0.29627, 0.0, 0.0, 9.37547, 0.0, 0.0, 0.0, 0.10595, -0.32399, 0.0, 15.16596, 9.38486, 0.0, 0.99848, -0.62514, 0.0, 9.38486, 60.64432}
AATx={0.17608, -4e-05, -3e-05, -0.09949, -0.00012, -0.00259, -4e-05, 0.0917, 0.03042, 0.00094, -0.10814, 0.45509, -3e-05, 0.03042, 0.12378, 0.00078, -0.27321, -0.60779, -0.09949, 0.00094, 0.00078, 5.00459, 0.00306, 0.06513, -0.00012, -0.10814, -0.27321, 0.00306, 17.00582, 9.37391, -0.00259, 0.45509, -0.60779, 0.06513, 9.37391, 57.88603}
ACAA={0.11057, -0.00585, 0.00093, -0.17316, -0.02499, -0.12064, -0.00585, 0.05583, 0.02023, 0.00685, 0.04958, -0.23276, 0.00093, 0.02023, 0.05799, -0.02979, -0.16987, -0.40296, -0.17316, 0.00685, -0.02979, 3.73781, -0.09564, 0.83922, -0.02499, 0.04958, -0.16987, -0.09564, 2.62851, 3.16072, -0.12064, -0.23276, -0.40296, 0.83922, 3.16072, 21.82283}
ACAC={0.10942, -0.01318, 0.00879, -0.24455, -0.05453, -0.14295, -0.01318, 0.06997, 0.03238, 0.05311, -0.02759, -0.21136, 0.00879, 0.03238, 0.07954, -0.05773, -0.16533, -0.50134, -0.24455, 0.05311, -0.05773, 3.57554, 0.50823, -0.4613, -0.05453, -0.02759, -0.16533, 0.50823, 3.28597, 1.93867, -0.14295, -0.21136, -0.50134, -0.4613, 1.93867, 18.57808}
ACAG={0.0685, 0.00897, 0.00275, -0.05171, -0.00452, 0.00819, 0.00897, 0.05428, 0.02361, -0.01211, 0.01381, -0.32635, 0.00275, 0.02361, 0.08669, -0.04346, -0.11139, -0.33564, -0.05171, -0.01211, -0.04346, 3.19515, -0.26375, 1.04258, -0.00452, 0.01381, -0.11139, -0.26375, 2.50096, 1.80779, 0.00819, -0.32635, -0.33564, 1.04258, 1.80779, 23.75996}
ACAT={0.08508, 0.01133, 0.0133, -0.184, -0.03332, -0.29222, 0.01133, 0.05032, 0.02288, 0.01185, -0.07253, -0.33251, 0.0133, 0.02288, 0.0704, -0.08812, -0.18464, -0.33977, -0.184, 0.01185, -0.08812, 5.41891, 0.60016, 0.17719, -0.03332, -0.07253, -0.18464, 0.60016, 2.76861, 1.26174, -0.29222, -0.33251, -0.33977, 0.17719, 1.26174, 17.98156}
ACAx={0.0911, 0.001, 0.00777, -0.20299, 0.0164, -0.06554, 0.001, 0.0647, 0.02985, 0.0006, 0.02418, -0.28434, 0.00777, 0.02985, 0.08204, -0.02474, -0.14017, -0.4998, -0.20299, 0.0006, -0.02474, 3.30018, -0.12361, 0.29859, 0.0164, 0.02418, -0.14017, -0.12361, 2.31134, 2.18246, -0.06554, -0.28434, -0.4998, 0.29859, 2.18246, 25.54885}
ACCA={0.10294, 0.00963, -0.00305, -0.22997, -0.04498, -0.14851, 0.00963, 0.09867, 0.02816, -0.07269, 0.11117, 0.12913, -0.00305, 0.02816, 0.10219, 0.08868, -0.26864, -0.47916, -0.22997, -0.07269, 0.08868, 5.38837, 1.03235, -1.37607, -0.04498, 0.11117, -0.26864, 1.03235, 5.87019, 2.63931, -0.14851, 0.12913, -0.47916, -1.37607, 2.63931, 35.24767}
ACCC={0.07362, -0.0037, -0.00597, -0.19668, -0.02402, 0.27343, -0.0037, 0.05803, 0.01289, 0.07361, 0.06749, 0.1799, -0.00597, 0.01289, 0.06238, 0.06688, -0.10528, -0.3564, -0.19668, 0.07361, 0.06688, 2.90205, -0.74776, -2.13532, -0.02402, 0.06749, -0.10528, -0.74776, 2.62775, 3.19563, 0.27343, 0.1799, -0.3564, -2.13532, 3.19563, 23.2029}
ACCG={0.05262, -0.0122, 0.00028, -0.08802, -0.0167, -0.15425, -0.0122, 0.05807, 0.00972, 0.03512, 0.09982, -0.04117, 0.00028, 0.00972, 0.05724, 0.0012, -0.16919, -0.26284, -0.08802, 0.03512, 0.0012, 2.30672, 0.00955, 0.73948, -0.0167, 0.09982, -0.16919, 0.00955, 3.92043, 4.12602, -0.15425, -0.04117, -0.26284, 0.73948, 4.12602, 23.32873}
ACCT={0.10912, 0.00311, 0.00425, -0.18843, -0.00727, 0.30577, 0.00311, 0.0674, 0.00286, -0.02553, -0.074, 0.01957, 0.00425, 0.00286, 0.05967, 0.0449, -0.20275, -0.22412, -0.18843, -0.02553, 0.0449, 4.51916, 0.5345, -0.00782, -0.00727, -0.074, -0.20275, 0.5345, 4.66512, 5.83215, 0.30577, 0.01957, -0.22412, -0.00782, 5.83215, 27.54761}
ACCx={0.09269, -0.00035, -0.00387, -0.27305, -0.0072, 0.02098, -0.00035, 0.07371, 0.02058, 0.02071, 0.02418, 0.07192, -0.00387, 0.02058, 0.08886, 0.02395, -0.18465, -0.49963, -0.27305, 0.02071, 0.02395, 2.98171, -0.18598, -0.30882, -0.0072, 0.02418, -0.18465, -0.18598, 3.63482, 4.50321, 0.02098, 0.07192, -0.49963, -0.30882, 4.50321, 27.59842}
ACGA={0.05682, -0.00304, -0.00324, -0.18515, 0.04505, -0.0124, -0.00304, 0.06066, 0.01784, 0.01249, -0.05016, -0.23111, -0.00324, 0.01784, 0.0691, -0.01216, -0.08282, -0.25654, -0.18515, 0.01249, -0.01216, 4.1627, -0.01221, -0.63181, 0.04505, -0.05016, -0.08282, -0.01221, 5.54933, -0.62562, -0.0124, -0.23111, -0.25654, -0.63181, -0.62562, 21.27881}
ACGC={0.1013, -0.00866, 0.00098, -0.42946, -0.10192, 0.14205, -0.00866, 0.08754, 0.0295, -0.01155, 0.00193, -0.06853, 0.00098, 0.0295, 0.16607, -0.03578, -0.43537, -0.88161, -0.42946, -0.01155, -0.03578, 4.16826, 0.27887, 0.18244, -0.10192, 0.00193, -0.43537, 0.27887, 6.27503, 6.38178, 0.14205, -0.06853, -0.88161, 0.18244, 6.38178, 21.92199}
ACGG={0.05811, 0.00714, 0.00144, -0.21044, -0.06485, -0.09607, 0.00714, 0.07703, 0.06653, 0.0233, -0.26753, -0.18317, 0.00144, 0.06653, 0.10301, 0.06334, -0.25503, -0.40297, -0.21044, 0.0233, 0.06334, 5.50428, -0.75109, 1.642, -0.06485, -0.26753, -0.25503, -0.75109, 9.34106, -0.06332, -0.09607, -0.18317, -0.40297, 1.642, -0.06332, 33.17366}
ACGT={0.05888, 0.0, 0.0, -0.18981, 0.0, 0.0, 0.0, 0.04996, 0.01374, 0.0, 0.07263, -0.25547, 0.0, 0.01374, 0.05497, 0.0, -0.09945, -0.39842, -0.18981, 0.0, 0.0, 6.3125, 0.0, 0.0, 0.0, 0.07263, -0.09945, 0.0, 2.35668, 2.18698, 0.0, -0.25547, -0.39842, 0.0, 2.18698, 18.42456}
ACGx={0.06955, 0.0, 0.0, -0.27484, 0.0, 0.0, 0.0, 0.05862, 0.02664, 0.0, 0.04945, -0.18929, 0.0, 0.02664, 0.08676, 0.0, -0.09065, -0.51916, -0.27484, 0.0, 0.0, 3.72337, 0.0, 0.0, 0.0, 0.04945, -0.09065, 0.0, 2.75572, 1.40072, 0.0, -0.18929, -0.51916, 0.0, 1.40072, 18.57914}
ACTA={0.06106, -0.00971, -0.0128, -0.10258, 0.10343, 0.09118, -0.00971, 0.05871, 0.01529, -0.03125, -0.03488, -0.19652, -0.0128, 0.01529, 0.06587, 0.07957, -0.18276, -0.12726, -0.10258, -0.03125, 0.07957, 2.76208, 0.07353, -1.16648, 0.10343, -0.03488, -0.18276, 0.07353, 4.85335, 4.12179, 0.09118, -0.19652, -0.12726, -1.16648, 4.12179, 23.29759}
ACTC={0.08066, -0.00795, -0.00908, -0.07999, 0.21062, 0.11063, -0.00795, 0.09506, 0.03006, 0.00629, 0.06993, 0.10193, -0.00908, 0.03006, 0.09818, 0.0927, -0.13822, -0.32175, -0.07999, 0.00629, 0.0927, 3.55041, -0.81578, -0.12412, 0.21062, 0.06993, -0.13822, -0.81578, 4.8483, 0.51016, 0.11063, 0.10193, -0.32175, -0.12412, 0.51016, 27.22855}
ACTG={0.08826, -0.01284, 0.01876, 0.03733, 0.16608, 0.10326, -0.01284, 0.13698, 0.0291, 0.06214, -0.22963, 0.05757, 0.01876, 0.0291, 0.12773, -0.07649, -0.47823, -1.002, 0.03733, 0.06214, -0.07649, 4.45022, -0.26728, -0.10104, 0.16608, -0.22963, -0.47823, -0.26728, 10.46088, 3.89154, 0.10326, 0.05757, -1.002, -0.10104, 3.89154, 39.64766}
ACTT={0.09223, 0.00681, -0.00675, -0.09251, -0.02304, -0.1045, 0.00681, 0.05574, -0.0001, 0.0505, -0.24796, 0.09075, -0.00675, -0.0001, 0.08246, 0.26603, -0.30002, -0.21949, -0.09251, 0.0505, 0.26603, 6.69615, -0.94223, 0.22529, -0.02304, -0.24796, -0.30002, -0.94223, 11.26338, 3.82978, -0.1045, 0.09075, -0.21949, 0.22529, 3.82978, 23.68903}
ACTx={0.08367, -0.00225, -0.00311, -0.07602, 0.02763, 0.0808, -0.00225, 0.06935, 0.01634, 0.01925, -0.0145, 0.06295, -0.00311, 0.01634, 0.08099, 0.03434, -0.17149, -0.56537, -0.07602, 0.01925, 0.03434, 3.05749, -0.46649, -0.81534, 0.02763, -0.0145, -0.17149, -0.46649, 5.57145, 4.06648, 0.0808, 0.06295, -0.56537, -0.81534, 4.06648, 30.2074}
AGAA={0.1653, 0.0056, -0.00691, -0.21173, 0.01248, -0.00648, 0.0056, 0.08304, 0.03103, -0.07545, -0.04533, 0.21388, -0.00691, 0.03103, 0.09655, -0.08701, -0.1301, -0.41485, -0.21173, -0.07545, -0.08701, 4.29162, -0.76499, 0.48449, 0.01248, -0.04533, -0.1301, -0.76499, 7.06998, 3.43039, -0.00648, 0.21388, -0.41485, 0.48449, 3.43039, 39.21083}
AGAC={0.13939, 0.00975, -5e-05, -0.45307, 0.08335, -0.26694, 0.00975, 0.06049, 0.01578, 0.04129, 0.01888, -0.043, -5e-05, 0.01578, 0.08832, 0.01067, -0.14028, -0.04554, -0.45307, 0.04129, 0.01067, 4.27765, -0.35577, 0.38994, 0.08335, 0.01888, -0.14028, -0.35577, 4.96405, 0.32139, -0.26694, -0.043, -0.04554, 0.38994, 0.32139, 39.03525}
AGAG={0.1102, -0.0002, -0.00265, -0.36943, 0.03332, 0.32857, -0.0002, 0.10119, 0.03323, -0.15811, 0.14364, 0.00271, -0.00265, 0.03323, 0.10017, -0.10092, -0.16069, -0.26123, -0.36943, -0.15811, -0.10092, 4.7491, -0.68724, -1.35742, 0.03332, 0.14364, -0.16069, -0.68724, 4.12673, 2.71271, 0.32857, 0.00271, -0.26123, -1.35742, 2.71271, 37.86747}
AGAT={0.1642, 0.02765, -0.00401, -0.06826, 0.28111, 0.39002, 0.02765, 0.07655, 0.01202, -0.00654, -0.07184, -0.43889, -0.00401, 0.01202, 0.09191, -0.02159, -0.46615, -0.54971, -0.06826, -0.00654, -0.02159, 8.38115, -0.3543, 0.43017, 0.28111, -0.07184, -0.46615, -0.3543, 13.32754, 4.54858, 0.39002, -0.43889, -0.54971, 0.43017, 4.54858, 35.07776}
AGAx={0.11811, -0.00032, -0.00269, -0.39657, 0.04144, -0.02771, -0.00032, 0.07554, 0.02637, -0.02199, -0.06717, 0.0736, -0.00269, 0.02637, 0.09453, -0.0034, -0.18207, -0.60986, -0.39657, -0.02199, -0.0034, 5.14365, -0.36289, -0.67872, 0.04144, -0.06717, -0.18207, -0.36289, 6.01288, 3.07253, -0.02771, 0.0736, -0.60986, -0.67872, 3.07253, 34.4337}
AGCA={0.10546, -0.00057, 0.00312, -0.08925, 0.13094, 0.57638, -0.00057, 0.11833, 0.02922, 0.01521, 0.48063, 0.8062, 0.00312, 0.02922, 0.1605, -0.0409, -0.38162, -1.06904, -0.08925, 0.01521, -0.0409, 3.58041, -0.94974, -2.21517, 0.13094, 0.48063, -0.38162, -0.94974, 20.81234, 10.68362, 0.57638, 0.8062, -1.06904, -2.21517, 10.68362, 48.64536}
AGCC={0.11682, -0.00619, 0.00364, -0.25018, -0.03415, 0.0434, -0.00619, 0.14758, -0.00283, 0.0496, 0.19268, 0.53319, 0.00364, -0.00283, 0.09544, -0.00158, -0.18817, -0.40627, -0.25018, 0.0496, -0.00158, 2.45785, 0.22897, -0.29148, -0.03415, 0.19268, -0.18817, 0.22897, 7.00056, 6.20094, 0.0434, 0.53319, -0.40627, -0.29148, 6.20094, 42.37872}
AGCG={0.12358, 0.00757, -0.00161, -0.43855, -0.05833, 0.11155, 0.00757, 0.21998, 0.04736, -0.04332, 0.46369, 0.90549, -0.00161, 0.04736, 0.19959, 0.05865, -0.3719, -1.23833, -0.43855, -0.04332, 0.05865, 4.5914, 0.13564, -0.83883, -0.05833, 0.46369, -0.3719, 0.13564, 16.09783, 12.25777, 0.11155, 0.90549, -1.23833, -0.83883, 12.25777, 78.67896}
AGCT={0.14393, 0.0, 0.0, -0.49234, 0.0, 0.0, 0.0, 0.15532, 0.04596, 0.0, 0.55944, 0.77797, 0.0, 0.04596, 0.14409, 0.0, -0.13927, -0.73017, -0.49234, 0.0, 0.0, 7.17478, 0.0, 0.0, 0.0, 0.55944, -0.13927, 0.0, 11.65128, 6.71547, 0.0, 0.77797, -0.73017, 0.0, 6.71547, 37.78012}
AGCx={0.1101, 0.0, 0.0, -0.31141, 0.0, 0.0, 0.0, 0.11093, 0.01445, 0.0, 0.36467, 0.72437, 0.0, 0.01445, 0.11474, 0.0, -0.2228, -1.0447, -0.31141, 0.0, 0.0, 3.77371, 0.0, 0.0, 0.0, 0.36467, -0.2228, 0.0, 10.15097, 10.37952, 0.0, 0.72437, -1.0447, 0.0, 10.37952, 49.43186}
AGGA={0.10749, -0.00194, -0.00368, -0.2929, 0.13316, 0.07425, -0.00194, 0.08275, 0.02143, -0.06423, 0.02361, -0.00551, -0.00368, 0.02143, 0.11793, -0.0241, -0.30643, -0.47388, -0.2929, -0.06423, -0.0241, 3.89462, -0.00249, 0.37563, 0.13316, 0.02361, -0.30643, -0.00249, 7.70007, 7.61051, 0.07425, -0.00551, -0.47388, 0.37563, 7.61051, 36.04768}
AGGC={0.09716, 0.00966, 0.00275, -0.26668, 0.09065, 0.03431, 0.00966, 0.07607, 0.02354, -0.07517, 0.10219, -0.14022, 0.00275, 0.02354, 0.08908, -0.03224, -0.16548, -0.52145, -0.26668, -0.07517, -0.03224, 3.84451, 0.20899, 1.63578, 0.09065, 0.10219, -0.16548, 0.20899, 4.52099, 4.06452, 0.03431, -0.14022, -0.52145, 1.63578, 4.06452, 29.04879}
AGGG={0.14428, 0.00142, 0.01098, -0.36972, -0.07412, -0.09279, 0.00142, 0.06699, 0.0136, 0.0164, 0.02868, 0.15542, 0.01098, 0.0136, 0.10736, -0.13147, -0.27062, -0.52784, -0.36972, 0.0164, -0.13147, 3.28499, 0.58764, 0.87706, -0.07412, 0.02868, -0.27062, 0.58764, 3.36375, 3.46982, -0.09279, 0.15542, -0.52784, 0.87706, 3.46982, 26.56357}
AGGT={0.10912, -0.00311, -0.00425, -0.18843, 0.00727, -0.30577, -0.00311, 0.0674, 0.00286, 0.02553, -0.074, 0.01957, -0.00425, 0.00286, 0.05967, -0.0449, -0.20275, -0.22412, -0.18843, 0.02553, -0.0449, 4.51916, -0.5345, 0.00782, 0.00727, -0.074, -0.20275, -0.5345, 4.66512, 5.83215, -0.30577, 0.01957, -0.22412, 0.00782, 5.83215, 27.54761}
AGGx={0.09269, 0.00035, 0.00387, -0.27305, 0.0072, -0.02098, 0.00035, 0.07371, 0.02058, -0.02071, 0.02418, 0.07192, 0.00387, 0.02058, 0.08886, -0.02395, -0.18465, -0.49963, -0.27305, -0.02071, -0.02395, 2.98171, 0.18598, 0.30882, 0.0072, 0.02418, -0.18465, 0.18598, 3.63482, 4.50321, -0.02098, 0.07192, -0.49963, 0.30882, 4.50321, 27.59842}
AGTA={0.1341, 0.01431, -0.00194, -0.24334, -0.08338, 0.29433, 0.01431, 0.08674, 0.01597, -0.0582, 0.00729, 0.73987, -0.00194, 0.01597, 0.11915, -0.02539, -0.10592, -0.57432, -0.24334, -0.0582, -0.02539, 2.69792, 0.66816, 0.79723, -0.08338, 0.00729, -0.10592, 0.66816, 11.18784, 3.62064, 0.29433, 0.73987, -0.57432, 0.79723, 3.62064, 39.9531}
AGTC={0.17195, 0.01427, -0.00355, -0.00715, 0.1693, 0.49811, 0.01427, 0.10608, 0.00141, -0.14186, 0.22454, 0.94716, -0.00355, 0.00141, 0.13124, -0.06852, -0.56958, -0.95278, -0.00715, -0.14186, -0.06852, 2.68534, 0.17429, 0.33655, 0.1693, 0.22454, -0.56958, 0.17429, 12.90239, 10.30994, 0.49811, 0.94716, -0.95278, 0.33655, 10.30994, 57.7476}
AGTG={0.13882, 0.01747, 0.0053, -0.11908, 0.31456, 0.4787, 0.01747, 0.13593, 0.03002, 0.0828, -0.30379, 0.50929, 0.0053, 0.03002, 0.09918, 0.06675, -0.2464, -0.3762, -0.11908, 0.0828, 0.06675, 2.56488, -0.81875, -0.82168, 0.31456, -0.30379, -0.2464, -0.81875, 13.9322, 8.4895, 0.4787, 0.50929, -0.3762, -0.82168, 8.4895, 43.02219}
AGTT={0.1399, -0.00557, -0.00788, -0.13023, -0.00534, 0.0432, -0.00557, 0.10825, 0.01694, -0.06514, 0.01337, 0.74339, -0.00788, 0.01694, 0.12089, 0.04593, -0.47021, -0.54472, -0.13023, -0.06514, 0.04593, 3.34927, -1.31257, -1.09565, -0.00534, 0.01337, -0.47021, -1.31257, 14.96077, 7.3475, 0.0432, 0.74339, -0.54472, -1.09565, 7.3475, 37.87348}
AGTx={0.12163, 0.00297, 0.00037, -0.11669, -0.04216, 0.04139, 0.00297, 0.09531, 0.0143, -0.02343, 0.08894, 0.5975, 0.00037, 0.0143, 0.09273, -0.03914, -0.09538, -0.52766, -0.11669, -0.02343, -0.03914, 3.0214, 0.16152, 0.57124, -0.04216, 0.08894, -0.09538, 0.16152, 8.35352, 6.00686, 0.04139, 0.5975, -0.52766, 0.57124, 6.00686, 37.59029}
ATAA={0.09846, 0.00566, 0.00807, -0.11908, -0.01213, 0.00391, 0.00566, 0.05164, 0.03202, -0.00504, 0.00583, 0.10212, 0.00807, 0.03202, 0.05552, -0.01268, -0.07357, -0.48497, -0.11908, -0.00504, -0.01268, 3.70207, 0.04165, 0.36441, -0.01213, 0.00583, -0.07357, 0.04165, 1.4892, 2.59972, 0.00391, 0.10212, -0.48497, 0.36441, 2.59972, 32.90772}
ATAC={0.09686, -0.00374, -0.00854, -0.17913, -0.0164, -0.09228, -0.00374, 0.0467, 0.01901, 0.00115, 0.06252, -0.16037, -0.00854, 0.01901, 0.08125, -0.01359, -0.28694, -0.29271, -0.17913, 0.00115, -0.01359, 4.09593, -0.01561, 0.74703, -0.0164, 0.06252, -0.28694, -0.01561, 5.25485, 0.94378, -0.09228, -0.16037, -0.29271, 0.74703, 0.94378, 24.44715}
ATAG={0.09561, 0.01088, 0.02009, -0.06081, -0.09111, -0.08976, 0.01088, 0.04019, 0.02292, -0.04576, 0.02997, 0.11901, 0.02009, 0.02292, 0.07887, -0.02579, -0.28719, -0.59169, -0.06081, -0.04576, -0.02579, 3.89074, -0.11808, 1.36925, -0.09111, 0.02997, -0.28719, -0.11808, 2.92152, 3.40984, -0.08976, 0.11901, -0.59169, 1.36925, 3.40984, 29.39506}
ATAT={0.18991, 0.0, 0.0, -0.24185, 0.0, 0.0, 0.0, 0.05045, 0.03391, 0.0, -0.05672, 0.1935, 0.0, 0.03391, 0.11518, 0.0, -0.30302, -0.15412, -0.24185, 0.0, 0.0, 9.85089, 0.0, 0.0, 0.0, -0.05672, -0.30302, 0.0, 4.26648, 1.11424, 0.0, 0.1935, -0.15412, 0.0, 1.11424, 26.94893}
ATAx={0.09569, 0.0, 0.0, -0.1454, 0.0, 0.0, 0.0, 0.03824, 0.02446, 0.0, 0.04113, -0.083, 0.0, 0.02446, 0.06205, 0.0, -0.13853, -0.48337, -0.1454, 0.0, 0.0, 2.8908, 0.0, 0.0, 0.0, 0.04113, -0.13853, 0.0, 1.93361, 2.07676, 0.0, -0.083, -0.48337, 0.0, 2.07676, 28.27777}
ATCA={0.11335, -0.0053, 0.00897, -0.61902, 0.23364, -0.34703, -0.0053, 0.12389, 0.05972, 0.13551, -0.1498, 0.71302, 0.00897, 0.05972, 0.15189, -0.09774, -0.19595, -0.46078, -0.61902, 0.13551, -0.09774, 10.94776, 0.10851, 2.67027, 0.23364, -0.1498, -0.19595, 0.10851, 16.65542, 1.57551, -0.34703, 0.71302, -0.46078, 2.67027, 1.57551, 49.75408}
ATCC={0.13549, -0.01697, -0.00563, -0.24868, 0.08858, -0.21089, -0.01697, 0.08139, 0.03252, 0.07818, -0.16311, 0.12508, -0.00563, 0.03252, 0.11789, 0.02441, -0.13715, -0.97632, -0.24868, 0.07818, 0.02441, 6.21475, -1.06355, 0.43032, 0.08858, -0.16311, -0.13715, -1.06355, 12.07588, 5.09899, -0.21089, 0.12508, -0.97632, 0.43032, 5.09899, 44.29829}
ATCG={0.09315, -0.00653, -0.00934, -0.35475, -0.12355, -0.03402, -0.00653, 0.09775, 0.03648, -0.05483, -0.17293, 0.25533, -0.00934, 0.03648, 0.08468, -0.01645, -0.12128, -0.21843, -0.35475, -0.05483, -0.01645, 5.40042, -0.01778, 1.42646, -0.12355, -0.17293, -0.12128, -0.01778, 8.07215, 2.75024, -0.03402, 0.25533, -0.21843, 1.42646, 2.75024, 33.23633}
ATCT={0.1642, -0.02765, 0.00401, -0.06826, -0.28111, -0.39002, -0.02765, 0.07655, 0.01202, 0.00654, -0.07184, -0.43889, 0.00401, 0.01202, 0.09191, 0.02159, -0.46615, -0.54971, -0.06826, 0.00654, 0.02159, 8.38115, 0.3543, -0.43017, -0.28111, -0.07184, -0.46615, 0.3543, 13.32754, 4.54858, -0.39002, -0.43889, -0.54971, -0.43017, 4.54858, 35.07776}
ATCx={0.11811, 0.00032, 0.00269, -0.39657, -0.04144, 0.02771, 0.00032, 0.07554, 0.02637, 0.02199, -0.06717, 0.0736, 0.00269, 0.02637, 0.09453, 0.0034, -0.18207, -0.60986, -0.39657, 0.02199, 0.0034, 5.14365, 0.36289, 0.67872, -0.04144, -0.06717, -0.18207, 0.36289, 6.01288, 3.07253, 0.02771, 0.0736, -0.60986, 0.67872, 3.07253, 34.4337}
ATGA={0.06662, 0.00485, -0.01637, -0.08275, -0.09508, 0.06574, 0.00485, 0.09008, 0.01795, 0.0227, 0.02526, -0.2196, -0.01637, 0.01795, 0.0973, 0.05269, -0.27302, -0.65226, -0.08275, 0.0227, 0.05269, 2.53488, -0.20432, -1.81888, -0.09508, 0.02526, -0.27302, -0.20432, 2.5082, 3.9753, 0.06574, -0.2196, -0.65226, -1.81888, 3.9753, 34.29511}
ATGC={0.37182, 0.0128, 0.04146, -1.18206, 0.24061, -0.08201, 0.0128, 0.27818, 0.12037, -0.08629, -0.21531, -1.88387, 0.04146, 0.12037, 0.38524, 0.52436, -1.03272, -0.88945, -1.18206, -0.08629, 0.52436, 36.86583, -1.63567, 7.39519, 0.24061, -0.21531, -1.03272, -1.63567, 25.28171, 12.50525, -0.08201, -1.88387, -0.88945, 7.39519, 12.50525, 90.16379}
ATGG={0.10029, -0.00491, -0.00468, -0.28629, -0.00142, -0.04891, -0.00491, 0.07725, 0.0551, -0.02121, -0.12352, -0.33032, -0.00468, 0.0551, 0.11783, -0.10594, -0.24613, -0.71777, -0.28629, -0.02121, -0.10594, 4.27944, 0.85059, 1.86662, -0.00142, -0.12352, -0.24613, 0.85059, 1.88328, 2.76614, -0.04891, -0.33032, -0.71777, 1.86662, 2.76614, 24.62341}
ATGT={0.08508, -0.01133, -0.0133, -0.184, 0.03332, 0.29222, -0.01133, 0.05032, 0.02288, -0.01185, -0.07253, -0.33251, -0.0133, 0.02288, 0.0704, 0.08812, -0.18464, -0.33977, -0.184, -0.01185, 0.08812, 5.41891, -0.60016, -0.17719, 0.03332, -0.07253, -0.18464, -0.60016, 2.76861, 1.26174, 0.29222, -0.33251, -0.33977, -0.17719, 1.26174, 17.98156}
ATGx={0.0911, -0.001, -0.00777, -0.20299, -0.0164, 0.06554, -0.001, 0.0647, 0.02985, -0.0006, 0.02418, -0.28434, -0.00777, 0.02985, 0.08204, 0.02474, -0.14017, -0.4998, -0.20299, -0.0006, 0.02474, 3.30018, 0.12361, -0.29859, -0.0164, 0.02418, -0.14017, 0.12361, 2.31134, 2.18246, 0.06554, -0.28434, -0.4998, -0.29859, 2.18246, 25.54885}
ATTA={0.11085, 0.0006, 0.00436, -0.09262, 0.00204, -0.11568, 0.0006, 0.04568, 0.0215, -0.06992, -0.25816, -0.11933, 0.00436, 0.0215, 0.11681, -0.15523, -0.42401, -0.5246, -0.09262, -0.06992, -0.15523, 4.88913, 1.07318, -1.4224, 0.00204, -0.25816, -0.42401, 1.07318, 12.31578, 3.81431, -0.11568, -0.11933, -0.5246, -1.4224, 3.81431, 40.83871}
ATTC={0.12321, 0.00689, -0.01864, -0.22612, -0.07748, -0.11898, 0.00689, 0.08098, 0.04525, 0.01578, -0.25429, 0.03132, -0.01864, 0.04525, 0.1035, -0.05811, -0.44754, 0.18543, -0.22612, 0.01578, -0.05811, 6.79211, 0.72697, -1.87352, -0.07748, -0.25429, -0.44754, 0.72697, 13.41052, 1.60316, -0.11898, 0.03132, 0.18543, -1.87352, 1.60316, 58.28419}
ATTG={0.1015, 0.01392, 0.01385, -0.21511, -0.10781, 0.2375, 0.01392, 0.08749, 0.0353, 0.01943, -0.31761, 0.05306, 0.01385, 0.0353, 0.11865, 0.14257, -0.29096, -0.129, -0.21511, 0.01943, 0.14257, 4.43299, -0.68018, 0.80699, -0.10781, -0.31761, -0.29096, -0.68018, 8.65335, -2.03122, 0.2375, 0.05306, -0.129, 0.80699, -2.03122, 44.08073}
ATTT={0.17011, 0.00496, 0.02864, -0.06381, 0.10163, 0.4242, 0.00496, 0.11466, 0.03903, -0.02294, -0.24498, -0.52597, 0.02864, 0.03903, 0.22325, -0.05572, -0.52455, -0.23552, -0.06381, -0.02294, -0.05572, 13.97091, 0.10762, 2.66588, 0.10163, -0.24498, -0.52455, 0.10762, 16.27247, 1.25565, 0.4242, -0.52597, -0.23552, 2.66588, 1.25565, 66.09043}
ATTx={0.12786, 0.00462, 0.00232, -0.1714, -0.01513, 0.00518, 0.00462, 0.06294, 0.02997, -0.02368, -0.23208, 0.06605, 0.00232, 0.02997, 0.09327, -0.02998, -0.30689, -0.34966, -0.1714, -0.02368, -0.02998, 5.51528, 0.27056, -0.03677, -0.01513, -0.23208, -0.30689, 0.27056, 9.15347, 1.90858, 0.00518, 0.06605, -0.34966, -0.03677, 1.90858, 42.84469}
CAAA={0.17554, -0.01096, -0.00468, -0.34972, 0.07345, 0.09864, -0.01096, 0.07029, 0.02903, 0.06885, -0.22107, 0.08619, -0.00468, 0.02903, 0.09616, 0.00169, -0.25242, -0.20058, -0.34972, 0.06885, 0.00169, 4.88635, 0.37929, -1.26766, 0.07345, -0.22107, -0.25242, 0.37929, 7.26375, -0.0955, 0.09864, 0.08619, -0.20058, -1.26766, -0.0955, 37.46504}
CAAC={0.07451, -0.01198, 0.00367, 0.08622, 0.12428, 0.11642, -0.01198, 0.05438, 0.01558, -0.12979, -0.06077, -0.03284, 0.00367, 0.01558, 0.1013, -0.10335, 0.02575, -0.26033, 0.08622, -0.12979, -0.10335, 6.39267, -0.85469, 1.09184, 0.12428, -0.06077, 0.02575, -0.85469, 10.82525, -4.02634, 0.11642, -0.03284, -0.26033, 1.09184, -4.02634, 26.94016}
CAAG={0.11062, -0.00351, -0.00245, -0.39335, -0.09432, 0.17061, -0.00351, 0.07762, 0.02554, -0.13833, -0.21163, 0.38365, -0.00245, 0.02554, 0.08951, -0.09612, -0.22002, -0.4447, -0.39335, -0.13833, -0.09612, 4.60989, -0.01089, -2.64612, -0.09432, -0.21163, -0.22002, -0.01089, 6.18389, -0.13813, 0.17061, 0.38365, -0.4447, -2.64612, -0.13813, 33.6056}
CAAT={0.1015, -0.01392, -0.01385, -0.21511, 0.10781, -0.2375, -0.01392, 0.08749, 0.0353, -0.01943, -0.31761, 0.05306, -0.01385, 0.0353, 0.11865, -0.14257, -0.29096, -0.129, -0.21511, -0.01943, -0.14257, 4.43299, 0.68018, -0.80699, 0.10781, -0.31761, -0.29096, 0.68018, 8.65335, -2.03122, -0.2375, 0.05306, -0.129, -0.80699, -2.03122, 44.08073}
CAAx={0.12786, -0.00462, -0.00232, -0.1714, 0.01513, -0.00518, -0.00462, 0.06294, 0.02997, 0.02368, -0.23208, 0.06605, -0.00232, 0.02997, 0.09327, 0.02998, -0.30689, -0.34966, -0.1714, 0.02368, 0.02998, 5.51528, -0.27056, 0.03677, 0.01513, -0.23208, -0.30689, -0.27056, 9.15347, 1.90858, -0.00518, 0.06605, -0.34966, 0.03677, 1.90858, 42.84469}
CACA={0.10763, -0.01902, -0.00378, -0.28802, -0.14548, -0.27003, -0.01902, 0.09906, 0.01755, 0.11624, 0.01722, 0.40985, -0.00378, 0.01755, 0.07487, 0.01191, -0.05681, -0.40483, -0.28802, 0.11624, 0.01191, 3.42355, 0.50497, -0.29937, -0.14548, 0.01722, -0.05681, 0.50497, 7.4176, 4.61377, -0.27003, 0.40985, -0.40483, -0.29937, 4.61377, 30.04079}
CACC={0.11549, 5e-05, 0.00988, -0.01275, 0.22284, -0.08686, 5e-05, 0.11325, -0.00044, 0.00246, 0.16246, 0.64174, 0.00988, -0.00044, 0.08482, 0.00145, -0.19028, -0.61732, -0.01275, 0.00246, 0.00145, 3.19773, 0.66017, -0.38918, 0.22284, 0.16246, -0.19028, 0.66017, 10.75981, 7.9957, -0.08686, 0.64174, -0.61732, -0.38918, 7.9957, 34.31739}
CACG={0.14019, 0.00891, -0.00507, -0.21023, -0.08304, -0.14774, 0.00891, 0.08424, -0.00131, -0.01449, 0.11099, 0.74451, -0.00507, -0.00131, 0.09691, 0.04699, -0.31377, -0.70204, -0.21023, -0.01449, 0.04699, 5.07613, 1.05177, -0.59757, -0.08304, 0.11099, -0.31377, 1.05177, 19.24183, 9.65777, -0.14774, 0.74451, -0.70204, -0.59757, 9.65777, 44.28652}
CACT={0.13882, -0.01747, -0.0053, -0.11908, -0.31456, -0.4787, -0.01747, 0.13593, 0.03002, -0.0828, -0.30379, 0.50929, -0.0053, 0.03002, 0.09918, -0.06675, -0.2464, -0.3762, -0.11908, -0.0828, -0.06675, 2.56488, 0.81875, 0.82168, -0.31456, -0.30379, -0.2464, 0.81875, 13.9322, 8.4895, -0.4787, 0.50929, -0.3762, 0.82168, 8.4895, 43.02219}
CACx={0.12163, -0.00297, -0.00037, -0.11669, 0.04216, -0.04139, -0.00297, 0.09531, 0.0143, 0.02343, 0.08894, 0.5975, -0.00037, 0.0143, 0.09273, 0.03914, -0.09538, -0.52766, -0.11669, 0.02343, 0.03914, 3.0214, -0.16152, -0.57124, 0.04216, 0.08894, -0.09538, -0.16152, 8.35352, 6.00686, -0.04139, 0.5975, -0.52766, -0.57124, 6.00686, 37.59029}
CAGA={0.1326, -0.00632, 0.02519, -0.11878, -0.09677, -0.09691, -0.00632, 0.07848, 0.01888, -0.07855, -0.10136, 0.04145, 0.02519, 0.01888, 0.09278, -0.11872, -0.18996, -0.34975, -0.11878, -0.07855, -0.11872, 2.88974, 0.41542, -0.03187, -0.09677, -0.10136, -0.18996, 0.41542, 6.72053, 4.60474, -0.09691, 0.04145, -0.34975, -0.03187, 4.60474, 44.81103}
CAGC={0.11107, 0.00554, 0.0279, 0.15876, -0.03517, -0.46149, 0.00554, 0.1451, 0.02269, -0.06987, -0.35152, 0.10518, 0.0279, 0.02269, 0.18843, 0.1424, -0.21834, -1.08546, 0.15876, -0.06987, 0.1424, 6.1452, 2.14722, 1.73647, -0.03517, -0.35152, -0.21834, 2.14722, 15.74494, 2.40796, -0.46149, 0.10518, -1.08546, 1.73647, 2.40796, 48.46913}
CAGG={0.09242, 0.00478, -0.00167, -0.00314, 0.05101, 0.08883, 0.00478, 0.06892, 0.03206, -0.0266, -0.0478, 0.10637, -0.00167, 0.03206, 0.08247, 0.01562, -0.07234, -0.43998, -0.00314, -0.0266, 0.01562, 3.42519, 0.6679, 0.55034, 0.05101, -0.0478, -0.07234, 0.6679, 5.39711, 2.50359, 0.08883, 0.10637, -0.43998, 0.55034, 2.50359, 35.82742}
CAGT={0.08826, 0.01284, -0.01876, 0.03733, -0.16608, -0.10326, 0.01284, 0.13698, 0.0291, -0.06214, -0.22963, 0.05757, -0.01876, 0.0291, 0.12773, 0.07649, -0.47823, -1.002, 0.03733, -0.06214, 0.07649, 4.45022, 0.26728, 0.10104, -0.16608, -0.22963, -0.47823, 0.26728, 10.46088, 3.89154, -0.10326, 0.05757, -1.002, 0.10104, 3.89154, 39.64766}
CAGx={0.08367, 0.00225, 0.00311, -0.07602, -0.02763, -0.0808, 0.00225, 0.06935, 0.01634, -0.01925, -0.0145, 0.06295, 0.00311, 0.01634, 0.08099, -0.03434, -0.17149, -0.56537, -0.07602, -0.01925, -0.03434, 3.05749, 0.46649, 0.81534, -0.02763, -0.0145, -0.17149, 0.46649, 5.57145, 4.06648, -0.0808, 0.06295, -0.56537, 0.81534, 4.06648, 30.2074}
CATA={0.12016, 0.0046, -0.00174, 0.14039, -0.06936, -0.03355, 0.0046, 0.10013, 0.0203, 0.00475, 0.10949, 0.70657, -0.00174, 0.0203, 0.11752, 0.0057, -0.22781, -0.12432, 0.14039, 0.00475, 0.0057, 2.53115, -0.2142, -0.0282, -0.06936, 0.10949, -0.22781, -0.2142, 15.62236, 9.88733, -0.03355, 0.70657, -0.12432, -0.0282, 9.88733, 39.1077}
CATC={0.31549, 0.00656, -0.00022, -0.76997, 0.04387, -0.31848, 0.00656, 0.1451, 0.07871, 0.04222, 0.21222, 0.20893, -0.00022, 0.07871, 0.3687, 0.07415, -0.35373, -1.20862, -0.76997, 0.04222, 0.07415, 10.32966, 0.26578, 0.91445, 0.04387, 0.21222, -0.35373, 0.26578, 55.6545, 10.90747, -0.31848, 0.20893, -1.20862, 0.91445, 10.90747, 93.01313}
CATG={0.22858, 0.0, 0.0, -0.12702, 0.0, 0.0, 0.0, 0.08249, 0.01803, 0.0, -0.16935, 0.05987, 0.0, 0.01803, 0.1032, 0.0, -0.23189, -0.78627, -0.12702, 0.0, 0.0, 3.70246, 0.0, 0.0, 0.0, -0.16935, -0.23189, 0.0, 19.97, 7.87021, 0.0, 0.05987, -0.78627, 0.0, 7.87021, 41.12383}
CATT={0.14211, 0.01049, 0.00714, -0.07395, -0.11476, -0.08536, 0.01049, 0.1051, 0.03712, -0.00648, -0.45512, 0.11032, 0.00714, 0.03712, 0.12846, 0.03956, -0.38921, -0.47332, -0.07395, -0.00648, 0.03956, 5.00188, -0.23228, 0.39775, -0.11476, -0.45512, -0.38921, -0.23228, 11.13445, 3.09632, -0.08536, 0.11032, -0.47332, 0.39775, 3.09632, 39.16658}
CATx={0.17608, -4e-05, -3e-05, -0.09949, -0.00012, -0.00259, -4e-05, 0.0917, 0.03042, 0.00094, -0.10814, 0.45509, -3e-05, 0.03042, 0.12378, 0.00078, -0.27321, -0.60779, -0.09949, 0.00094, 0.00078, 5.00459, 0.00306, 0.06513, -0.00012, -0.10814, -0.27321, 0.00306, 17.00582, 9.37391, -0.00259, 0.45509, -0.60779, 0.06513, 9.37391, 57.88603}
CCAA={0.08406, -0.0006, -0.0131, -0.1747, 0.03282, -0.05059, -0.0006, 0.05316, 0.03889, -0.08475, 0.01493, -0.49611, -0.0131, 0.03889, 0.07737, 0.00902, -0.14999, -0.62956, -0.1747, -0.08475, 0.00902, 2.88738, 0.22506, 0.51642, 0.03282, 0.01493, -0.14999, 0.22506, 2.40658, 1.24914, -0.05059, -0.49611, -0.62956, 0.51642, 1.24914, 32.84213}
CCAC={0.10496, -0.02271, 0.00223, -0.26298, -0.12605, 0.31984, -0.02271, 0.06269, 0.01695, 0.08704, 0.03113, -0.17036, 0.00223, 0.01695, 0.12611, 0.00057, -0.19192, -0.44702, -0.26298, 0.08704, 0.00057, 3.42779, -0.11767, -0.56197, -0.12605, 0.03113, -0.19192, -0.11767, 3.73309, 1.31534, 0.31984, -0.17036, -0.44702, -0.56197, 1.31534, 23.46338}
CCAG={0.08463, 0.01609, -0.0017, -0.17108, 0.05528, 0.02472, 0.01609, 0.07666, 0.03971, -0.01761, 0.11588, -0.21798, -0.0017, 0.03971, 0.10007, -0.00775, -0.15775, -0.89794, -0.17108, -0.01761, -0.00775, 2.56703, 0.07453, 0.88454, 0.05528, 0.11588, -0.15775, 0.07453, 2.37157, 0.66208, 0.02472, -0.21798, -0.89794, 0.88454, 0.66208, 32.24857}
CCAT={0.10029, 0.00491, 0.00468, -0.28629, 0.00142, 0.04891, 0.00491, 0.07725, 0.0551, 0.02121, -0.12352, -0.33032, 0.00468, 0.0551, 0.11783, 0.10594, -0.24613, -0.71777, -0.28629, 0.02121, 0.10594, 4.27944, -0.85059, -1.86662, 0.00142, -0.12352, -0.24613, -0.85059, 1.88328, 2.76614, 0.04891, -0.33032, -0.71777, -1.86662, 2.76614, 24.62341}
CCAx={0.0911, 0.001, 0.00777, -0.20299, 0.0164, -0.06554, 0.001, 0.0647, 0.02985, 0.0006, 0.02418, -0.28434, 0.00777, 0.02985, 0.08204, -0.02474, -0.14017, -0.4998, -0.20299, 0.0006, -0.02474, 3.30018, -0.12361, 0.29859, 0.0164, 0.02418, -0.14017, -0.12361, 2.31134, 2.18246, -0.06554, -0.28434, -0.4998, 0.29859, 2.18246, 25.54885}
CCCA={0.08912, -0.006, -0.00706, -0.32465, -0.11813, -0.11187, -0.006, 0.12327, 0.07048, -0.01882, 0.14001, 0.17993, -0.00706, 0.07048, 0.13173, -0.08146, -0.06651, -0.68456, -0.32465, -0.01882, -0.08146, 4.49853, 1.108, 1.06839, -0.11813, 0.14001, -0.06651, 1.108, 3.65088, 6.18633, -0.11187, 0.17993, -0.68456, 1.06839, 6.18633, 36.91338}
CCCC={0.12227, 0.0069, 0.0028, -0.36986, -0.00097, 0.25459, 0.0069, 0.0906, 0.02902, -0.00957, 0.0385, -0.03764, 0.0028, 0.02902, 0.10315, -0.00061, -0.26092, -0.60586, -0.36986, -0.00957, -0.00061, 2.33774, -0.27261, -1.53924, -0.00097, 0.0385, -0.26092, -0.27261, 3.41978, 4.09193, 0.25459, -0.03764, -0.60586, -1.53924, 4.09193, 34.15}
CCCG={0.07409, -0.00295, -0.00332, -0.20744, -0.0866, -0.05334, -0.00295, 0.0934, 0.0076, 0.05908, 0.0224, 0.22294, -0.00332, 0.0076, 0.07097, -0.02029, -0.10976, -0.53215, -0.20744, 0.05908, -0.02029, 3.25536, -0.04068, 1.53083, -0.0866, 0.0224, -0.10976, -0.04068, 3.58133, 3.99582, -0.05334, 0.22294, -0.53215, 1.53083, 3.99582, 24.85989}
CCCT={0.14428, -0.00142, -0.01098, -0.36972, 0.07412, 0.09279, -0.00142, 0.06699, 0.0136, -0.0164, 0.02868, 0.15542, -0.01098, 0.0136, 0.10736, 0.13147, -0.27062, -0.52784, -0.36972, -0.0164, 0.13147, 3.28499, -0.58764, -0.87706, 0.07412, 0.02868, -0.27062, -0.58764, 3.36375, 3.46982, 0.09279, 0.15542, -0.52784, -0.87706, 3.46982, 26.56357}
CCCx={0.09269, -0.00035, -0.00387, -0.27305, -0.0072, 0.02098, -0.00035, 0.07371, 0.02058, 0.02071, 0.02418, 0.07192, -0.00387, 0.02058, 0.08886, 0.02395, -0.18465, -0.49963, -0.27305, 0.02071, 0.02395, 2.98171, -0.18598, -0.30882, -0.0072, 0.02418, -0.18465, -0.18598, 3.63482, 4.50321, 0.02098, 0.07192, -0.49963, -0.30882, 4.50321, 27.59842}
CCGA={0.09632, 0.00777, -0.0016, -0.37357, 0.10049, 0.1938, 0.00777, 0.11737, 0.02502, 0.08853, 0.35015, -0.03334, -0.0016, 0.02502, 0.10416, 0.09584, -0.16619, -0.78021, -0.37357, 0.08853, 0.09584, 5.06242, -0.52699, -0.75033, 0.10049, 0.35015, -0.16619, -0.52699, 5.93936, -7.25904, 0.1938, -0.03334, -0.78021, -0.75033, -7.25904, 52.55379}
CCGC={0.09128, -0.00334, -0.00348, -0.1225, 0.0357, -0.02313, -0.00334, 0.0718, 0.04096, 0.00254, 0.12989, -0.47564, -0.00348, 0.04096, 0.08297, -0.0038, 0.04385, -0.59664, -0.1225, 0.00254, -0.0038, 4.37153, 0.08172, 0.07236, 0.0357, 0.12989, 0.04385, 0.08172, 8.59397, -3.52655, -0.02313, -0.47564, -0.59664, 0.07236, -3.52655, 23.98601}
CCGG={0.07941, 0.0, 0.0, -0.208, 0.0, 0.0, 0.0, 0.06546, 0.01881, 0.0, 0.07908, -0.34786, 0.0, 0.01881, 0.09265, 0.0, -0.07276, -0.62355, -0.208, 0.0, 0.0, 2.23537, 0.0, 0.0, 0.0, 0.07908, -0.07276, 0.0, 4.39602, -3.91263, 0.0, -0.34786, -0.62355, 0.0, -3.91263, 27.57406}
CCGT={0.05811, -0.00714, -0.00144, -0.21044, 0.06485, 0.09607, -0.00714, 0.07703, 0.06653, -0.0233, -0.26753, -0.18317, -0.00144, 0.06653, 0.10301, -0.06334, -0.25503, -0.40297, -0.21044, -0.0233, -0.06334, 5.50428, 0.75109, -1.642, 0.06485, -0.26753, -0.25503, 0.75109, 9.34106, -0.06332, 0.09607, -0.18317, -0.40297, -1.642, -0.06332, 33.17366}
CCGx={0.06955, 0.0, 0.0, -0.27484, 0.0, 0.0, 0.0, 0.05862, 0.02664, 0.0, 0.04945, -0.18929, 0.0, 0.02664, 0.08676, 0.0, -0.09065, -0.51916, -0.27484, 0.0, 0.0, 3.72337, 0.0, 0.0, 0.0, 0.04945, -0.09065, 0.0, 2.75572, 1.40072, 0.0, -0.18929, -0.51916, 0.0, 1.40072, 18.57914}
CCTA={0.07933, 0.00241, 0.00766, -0.09788, -0.10833, -0.19422, 0.00241, 0.06088, 0.00392, -0.11953, 0.0042, 0.05539, 0.00766, 0.00392, 0.07425, 0.02118, -0.22961, -0.55691, -0.09788, -0.11953, 0.02118, 2.52295, -0.33554, 0.09499, -0.10833, 0.0042, -0.22961, -0.33554, 3.7074, 1.96309, -0.19422, 0.05539, -0.55691, 0.09499, 1.96309, 28.10701}
CCTC={0.09754, -0.0001, -0.00479, -0.04649, -0.15606, -0.06265, -0.0001, 0.08736, 0.02669, -0.00913, 0.00015, 0.05489, -0.00479, 0.02669, 0.1082, 0.04356, -0.32988, -0.7059, -0.04649, -0.00913, 0.04356, 2.36067, -0.08718, -0.76013, -0.15606, 0.00015, -0.32988, -0.08718, 6.21065, 3.03377, -0.06265, 0.05489, -0.7059, -0.76013, 3.03377, 32.77196}
CCTG={0.09242, -0.00478, 0.00167, -0.00314, -0.05101, -0.08883, -0.00478, 0.06892, 0.03206, 0.0266, -0.0478, 0.10637, 0.00167, 0.03206, 0.08247, -0.01562, -0.07234, -0.43998, -0.00314, 0.0266, -0.01562, 3.42519, -0.6679, -0.55034, -0.05101, -0.0478, -0.07234, -0.6679, 5.39711, 2.50359, -0.08883, 0.10637, -0.43998, -0.55034, 2.50359, 35.82742}
