  147 base-pairs
...     1 A-T ...
    0.0000    0.0000    0.0000
    1.0000    0.0000    0.0000
    0.0000    1.0000    0.0000
    0.0000    0.0000    1.0000
...     2 G-C ...
   -0.1404   -1.2353    3.2259
    0.7530    0.6366    0.1668
   -0.6385    0.7681   -0.0490
   -0.1593   -0.0696    0.9848
...     3 T-A ...
   -0.0377   -3.2918    6.3749
    0.2722    0.9302    0.2464
   -0.9238    0.3243   -0.2034
   -0.2691   -0.1722    0.9476
...     4 G-C ...
   -0.3520   -4.1638    9.4928
   -0.3756    0.9250    0.0576
   -0.8780   -0.3352   -0.3416
   -0.2967   -0.1788    0.9381
...     5 A-T ...
   -0.4480   -4.1448   12.7498
   -0.8116    0.5839   -0.0166
   -0.5522   -0.7762   -0.3042
   -0.1905   -0.2377    0.9525
...     6 G-C ...
   -1.5926   -4.1701   15.6201
   -0.9976    0.0246   -0.0651
   -0.0043   -0.9555   -0.2950
   -0.0694   -0.2940    0.9533
...     7 C-G ...
   -1.1050   -4.4793   18.7363
   -0.8442   -0.5302   -0.0787
    0.5343   -0.8442   -0.0430
   -0.0437   -0.0784    0.9960
...     8 G-C ...
   -2.4044   -7.7255   23.1483
   -0.2753   -0.3294   -0.9032
    0.6650   -0.7437    0.0686
   -0.6943   -0.5817    0.4238
...     9 C-G ...
   -4.4706   -9.9691   24.1142
    0.1145   -0.7026   -0.7023
    0.8512   -0.2951    0.4341
   -0.5123   -0.6475    0.5642
...    10 T-A ...
   -6.7420  -10.8705   25.9717
    0.4841   -0.8363   -0.2573
    0.6594    0.1554    0.7356
   -0.5752   -0.5257    0.6267
...    11 C-G ...
   -9.1682  -12.6167   27.1662
    0.7073   -0.6683    0.2306
    0.3450    0.6110    0.7125
   -0.6170   -0.4243    0.6627
...    12 A-T ...
  -10.9253  -14.6583   29.0713
    0.7515   -0.1377    0.6452
   -0.2027    0.8824    0.4245
   -0.6278   -0.4498    0.6352
...    13 C-G ...
  -11.8495  -17.4796   31.2472
    0.4294    0.2824    0.8578
   -0.5708    0.8209    0.0155
   -0.6998   -0.4963    0.5137
...    14 A-T ...
  -13.5915  -19.7756   33.4284
   -0.1503    0.6106    0.7775
   -0.6874    0.5007   -0.5261
   -0.7106   -0.6135    0.3445
...    15 A-T ...
  -15.7184  -21.8973   34.6808
   -0.5304    0.7786    0.3355
   -0.4472    0.0793   -0.8909
   -0.7202   -0.6225    0.3061
...    16 T-A ...
  -17.8477  -23.8202   36.2739
   -0.6667    0.7264   -0.1672
   -0.1063   -0.3147   -0.9432
   -0.7377   -0.6110    0.2870
...    17 T-A ...
  -20.2678  -25.6734   37.3306
   -0.5637    0.4657   -0.6821
    0.2870   -0.6640   -0.6905
   -0.7745   -0.5850    0.2406
...    18 T-A ...
  -22.8858  -27.3816   38.1018
   -0.2508    0.0642   -0.9659
    0.5375   -0.8206   -0.1941
   -0.8051   -0.5679    0.1713
...    19 A-T ...
  -25.7759  -29.0467   38.2529
    0.2253   -0.2858   -0.9314
    0.5268   -0.7685    0.3632
   -0.8196   -0.5725   -0.0226
...    20 T-A ...
  -28.6872  -30.4437   37.7035
    0.4776   -0.6220   -0.6205
    0.3200   -0.5346    0.7822
   -0.8182   -0.5722   -0.0563
...    21 T-A ...
  -31.3712  -32.2073   37.2033
    0.5592   -0.8270   -0.0577
   -0.0362   -0.0939    0.9949
   -0.8282   -0.5543   -0.0824
...    22 C-G ...
  -33.9639  -34.2091   36.8004
    0.4122   -0.7259    0.5506
   -0.3917    0.4044    0.8264
   -0.8226   -0.5563   -0.1177
...    23 G-C ...
  -36.8927  -35.8563   36.7854
    0.1260   -0.3374    0.9329
   -0.5806    0.7374    0.3452
   -0.8044   -0.5851   -0.1029
...    24 C-G ...
  -39.3596  -38.0853   36.3375
   -0.2147    0.1412    0.9664
   -0.5381    0.8086   -0.2378
   -0.8150   -0.5711   -0.0976
...    25 A-T ...
  -42.1780  -39.7513   35.7222
   -0.4356    0.6282    0.6447
   -0.2880    0.5813   -0.7610
   -0.8528   -0.5172   -0.0723
...    26 A-T ...
  -44.8889  -41.5346   35.6736
   -0.5127    0.8533    0.0945
    0.0374    0.1322   -0.9905
   -0.8577   -0.5043   -0.0997
...    27 A-T ...
  -47.7116  -43.0989   35.5272
   -0.3605    0.8042   -0.4726
    0.3261   -0.3660   -0.8716
   -0.8739   -0.4683   -0.1303
...    28 G-C ...
  -50.7382  -44.3505   35.2004
   -0.0326    0.5499   -0.8346
    0.4554   -0.7351   -0.5022
   -0.8897   -0.3965   -0.2265
...    29 G-C ...
  -53.8449  -45.2002   34.2248
    0.3298    0.1228   -0.9360
    0.3544   -0.9351    0.0022
   -0.8750   -0.3325   -0.3519
...    30 C-G ...
  -56.6967  -45.8110   32.6733
    0.5236   -0.3819   -0.7616
    0.0736   -0.8703    0.4870
   -0.8488   -0.3110   -0.4276
...    31 C-G ...
  -59.2540  -46.8362   30.6997
    0.5363   -0.7744   -0.3358
   -0.2907   -0.5429    0.7879
   -0.7924   -0.3249   -0.5163
...    32 G-C ...
  -61.8574  -48.3749   29.1970
    0.3097   -0.9277    0.2087
   -0.6119   -0.0265    0.7905
   -0.7277   -0.3725   -0.5759
...    33 G-C ...
  -64.0728  -49.8543   27.0815
   -0.0706   -0.7686    0.6358
   -0.7023    0.4909    0.5156
   -0.7084   -0.4101   -0.5744
...    34 C-G ...
  -66.1862  -51.4669   25.0226
   -0.4533   -0.3521    0.8189
   -0.5346    0.8425    0.0664
   -0.7133   -0.4076   -0.5701
...    35 C-G ...
  -68.4519  -53.0627   23.0524
   -0.6362    0.2046    0.7439
   -0.1725    0.9020   -0.3957
   -0.7520   -0.3800   -0.5385
...    36 C-G ...
  -70.9056  -54.6138   21.2884
   -0.5590    0.6989    0.4462
    0.2291    0.6473   -0.7270
   -0.7969   -0.3042   -0.5219
...    37 G-C ...
  -73.3749  -55.4961   19.1691
   -0.2140    0.9757    0.0461
    0.5205    0.1539   -0.8399
   -0.8266   -0.1558   -0.5408
...    38 A-T ...
  -76.0961  -55.9769   17.4478
    0.1932    0.8947   -0.4026
    0.5465   -0.4389   -0.7132
   -0.8149   -0.0822   -0.5737
...    39 C-G ...
  -78.9727  -55.7333   15.9208
    0.5033    0.5440   -0.6714
    0.3493   -0.8387   -0.4177
   -0.7904   -0.0243   -0.6121
...    40 A-T ...
  -81.4477  -55.7142   13.6569
    0.7179   -0.0116   -0.6961
   -0.0401   -0.9989   -0.0247
   -0.6950    0.0456   -0.7175
...    41 C-G ...
  -83.4336  -54.9345   11.1289
    0.6147   -0.5356   -0.5791
   -0.4387   -0.8423    0.3133
   -0.6555    0.0615   -0.7527
...    42 G-C ...
  -85.5697  -55.2401    8.5335
    0.2995   -0.9234   -0.2402
   -0.7673   -0.3827    0.5145
   -0.5670    0.0302   -0.8232
...    43 A-T ...
  -87.3010  -55.2011    5.7081
   -0.2354   -0.9655    0.1115
   -0.8032    0.2578    0.5370
   -0.5472    0.0369   -0.8362
...    44 C-G ...
  -88.6417  -55.4112    2.6212
   -0.6402   -0.6710    0.3740
   -0.5486    0.7402    0.3888
   -0.5377    0.0437   -0.8420
...    45 T-A ...
  -90.3489  -55.5574   -0.2525
   -0.8255   -0.1559    0.5425
   -0.1037    0.9866    0.1258
   -0.5548    0.0476   -0.8306
...    46 T-A ...
  -92.0896  -55.6705   -3.0079
   -0.7424    0.4540    0.4928
    0.4173    0.8887   -0.1900
   -0.5241    0.0646   -0.8492
...    47 A-T ...
  -93.6521  -55.2818   -5.9570
   -0.2998    0.8977    0.3230
    0.7935    0.4226   -0.4379
   -0.5296    0.1250   -0.8390
...    48 C-G ...
  -95.8739  -54.9468   -8.3557
    0.1923    0.9769    0.0932
    0.8323   -0.1121   -0.5428
   -0.5199    0.1820   -0.8346
...    49 T-A ...
  -97.7416  -54.0548  -10.9320
    0.6537    0.7471   -0.1203
    0.5916   -0.6037   -0.5344
   -0.4719    0.2782   -0.8366
...    50 G-C ...
  -98.9851  -52.9663  -13.8575
    0.9316    0.2331   -0.2791
    0.0988   -0.9009   -0.4225
   -0.3499    0.3660   -0.8623
...    51 T-A ...
  -99.8584  -51.1747  -16.4821
    0.8580   -0.2934   -0.4216
   -0.4171   -0.8770   -0.2384
   -0.2998    0.3804   -0.8749
...    52 A-T ...
 -100.8752  -50.1233  -19.5137
    0.4202   -0.7813   -0.4616
   -0.8708   -0.4902    0.0369
   -0.2551    0.3865   -0.8863
...    53 G-C ...
 -101.3570  -48.8056  -22.5484
   -0.1172   -0.9319   -0.3434
   -0.9667    0.0278    0.2546
   -0.2277    0.3617   -0.9040
...    54 G-C ...
 -101.8859  -47.7774  -25.7459
   -0.6342   -0.7659   -0.1052
   -0.7368    0.5576    0.3824
   -0.2342    0.3201   -0.9180
...    55 T-A ...
 -102.2910  -47.1677  -29.0348
   -0.9335   -0.3393    0.1159
   -0.2718    0.8806    0.3882
   -0.2338    0.3309   -0.9142
...    56 A-T ...
 -102.8607  -45.4975  -31.9580
   -0.8894    0.3387    0.3069
    0.4195    0.8715    0.2539
   -0.1814    0.3546   -0.9172
...    57 T-A ...
 -103.8472  -44.8573  -35.0426
   -0.5442    0.7394    0.3963
    0.8216    0.5654    0.0731
   -0.1700    0.3654   -0.9152
...    58 C-G ...
 -104.4475  -43.6881  -38.0576
    0.0623    0.9080    0.4143
    0.9854    0.0100   -0.1701
   -0.1586    0.4188   -0.8941
...    59 T-A ...
 -105.1999  -42.0875  -40.8602
    0.5923    0.7288    0.3436
    0.7968   -0.4663   -0.3844
   -0.1200    0.5014   -0.8569
...    60 C-G ...
 -105.5152  -40.2968  -43.5792
    0.9539    0.2805    0.1063
    0.2925   -0.7911   -0.5372
   -0.0666    0.5435   -0.8367
...    61 G-C ...
 -105.3164  -38.6708  -46.5386
    0.9523   -0.2847   -0.1096
   -0.2948   -0.7666   -0.5705
    0.0784    0.5756   -0.8140
...    62 A-T ...
 -104.8220  -36.7704  -49.1921
    0.5808   -0.7027   -0.4109
   -0.8045   -0.4184   -0.4215
    0.1243    0.5754   -0.8084
...    63 G-C ...
 -104.0429  -34.8501  -51.8180
    0.0387   -0.8355   -0.5481
   -0.9867    0.0546   -0.1529
    0.1577    0.5467   -0.8223
...    64 C-G ...
 -103.1294  -33.2343  -54.6180
   -0.5297   -0.6637   -0.5282
   -0.8316    0.5288    0.1696
    0.1667    0.5291   -0.8320
...    65 T-A ...
 -102.4072  -31.7295  -57.5252
   -0.9053   -0.2686   -0.3290
   -0.3964    0.8126    0.4274
    0.1526    0.5173   -0.8421
...    66 C-G ...
 -101.8276  -30.0850  -60.3461
   -0.9598    0.2807    0.0077
    0.2377    0.7977    0.5543
    0.1494    0.5338   -0.8323
...    67 G-C ...
 -101.0222  -28.0009  -62.8936
   -0.6592    0.6281    0.4134
    0.7461    0.4780    0.4634
    0.0934    0.6140   -0.7838
...    68 G-C ...
 -100.9040  -26.0198  -65.6334
   -0.1446    0.7205    0.6782
    0.9858    0.0459    0.1614
    0.0851    0.6919   -0.7170
...    69 G-C ...
 -100.8842  -23.5882  -67.9722
    0.4071    0.5438    0.7338
    0.9053   -0.3467   -0.2453
    0.1210    0.7642   -0.6335
...    70 A-T ...
 -100.4793  -21.0017  -69.9337
    0.8522    0.1843    0.4897
    0.4959   -0.5828   -0.6437
    0.1667    0.7914   -0.5881
...    71 T-A ...
 -100.0614  -18.0466  -71.2891
    0.9818   -0.1560    0.1087
   -0.0027   -0.5833   -0.8122
    0.1901    0.7971   -0.5731
...    72 C-G ...
  -99.1869  -15.4393  -73.0819
    0.7811   -0.4979   -0.3769
   -0.5768   -0.3439   -0.7410
    0.2393    0.7962   -0.5558
...    73 C-G ...
  -97.9119  -12.8963  -74.9343
    0.3086   -0.6488   -0.6956
   -0.8997    0.0382   -0.4348
    0.3087    0.7600   -0.5719
...    74 G-C ...
  -97.2369  -10.4084  -77.1234
   -0.2932   -0.5433   -0.7867
   -0.8942    0.4469    0.0246
    0.3382    0.7107   -0.6169
...    75 C-G ...
  -95.8113   -8.2879  -79.3035
   -0.7531   -0.2042   -0.6254
   -0.5689    0.6795    0.4632
    0.3304    0.7047   -0.6279
...    76 T-A ...
  -94.6546   -6.1579  -81.6139
   -0.9514    0.1833   -0.2473
   -0.0599    0.6779    0.7327
    0.3019    0.7119   -0.6340
...    77 T-A ...
  -93.6420   -4.0243  -83.8607
   -0.7993    0.5588    0.2211
    0.5038    0.4226    0.7534
    0.3276    0.7135   -0.6193
...    78 T-A ...
  -92.7025   -1.7900  -86.0251
   -0.3606    0.6916    0.6258
    0.8694    0.0063    0.4940
    0.3377    0.7222   -0.6036
...    79 A-T ...
  -91.4798    0.6812  -87.9357
    0.1965    0.4821    0.8538
    0.9178   -0.3968    0.0129
    0.3450    0.7811   -0.5205
...    80 A-T ...
  -90.4981    3.3391  -89.5003
    0.6730    0.1370    0.7268
    0.6443   -0.5911   -0.4852
    0.3632    0.7948   -0.4861
...    81 C-G ...
  -89.5312    6.3074  -90.5754
    0.8944   -0.2353    0.3804
    0.1997   -0.5509   -0.8103
    0.4003    0.8007   -0.4457
...    82 A-T ...
  -87.9871    8.8368  -92.1535
    0.8000   -0.5883   -0.1183
   -0.3287   -0.2646   -0.9066
    0.5020    0.7642   -0.4050
...    83 C-G ...
  -85.9166   11.3422  -92.9357
    0.4881   -0.6490   -0.5836
   -0.6940    0.1168   -0.7104
    0.5292    0.7517   -0.3935
...    84 T-A ...
  -83.8261   13.6526  -94.1561
    0.0085   -0.4946   -0.8691
   -0.8285    0.4831   -0.2830
    0.5599    0.7225   -0.4057
...    85 T-A ...
  -81.7365   15.8471  -95.3880
   -0.4585   -0.0683   -0.8861
   -0.6760    0.6740    0.2979
    0.5768    0.7356   -0.3552
...    86 T-A ...
  -79.6406   18.0361  -96.6169
   -0.7441    0.3822   -0.5479
   -0.2812    0.5648    0.7758
    0.6060    0.7314   -0.3128
...    87 A-T ...
  -77.4926   20.6423  -97.1297
   -0.7293    0.6779    0.0931
    0.2588    0.1473    0.9546
    0.6334    0.7203   -0.2828
...    88 T-A ...
  -75.7243   22.9858  -98.6397
   -0.4918    0.6521    0.5770
    0.5923   -0.2351    0.7706
    0.6382    0.7207   -0.2706
...    89 G-C ...
  -73.4901   25.4116  -99.2988
   -0.1330    0.3034    0.9435
    0.7771   -0.5589    0.2893
    0.6152    0.7717   -0.1614
...    90 C-G ...
  -71.8274   28.2473  -99.7634
    0.2767   -0.1097    0.9547
    0.7285   -0.6240   -0.2828
    0.6267    0.7737   -0.0927
...    91 T-A ...
  -69.8841   30.9386  -99.7314
    0.5710   -0.4954    0.6547
    0.4902   -0.4340   -0.7559
    0.6586    0.7525   -0.0050
...    92 T-A ...
  -67.7907   33.4064  -99.5061
    0.7388   -0.6673    0.0945
    0.0812   -0.0511   -0.9954
    0.6691    0.7430    0.0164
...    93 C-G ...
  -65.4245   35.6959  -99.3645
    0.6247   -0.5770   -0.5261
   -0.3561    0.3891   -0.8496
    0.6949    0.7181    0.0376
...    94 C-G ...
  -62.7689   37.8154  -99.2560
    0.2776   -0.2856   -0.9173
   -0.6130    0.6825   -0.3980
    0.7397    0.6728    0.0144
...    95 G-C ...
  -60.5607   40.3859  -99.4226
   -0.1765    0.1426   -0.9739
   -0.6328    0.7414    0.2232
    0.7539    0.6557   -0.0406
...    96 T-A ...
  -57.7064   42.1282  -99.8569
   -0.4947    0.5267   -0.6913
   -0.4388    0.5352    0.7218
    0.7501    0.6604   -0.0337
...    97 C-G ...
  -55.1563   44.2475 -100.0085
   -0.6685    0.7367   -0.1019
   -0.0564    0.0863    0.9947
    0.7416    0.6707   -0.0161
...    98 A-T ...
  -52.6074   46.4214  -99.7631
   -0.6372    0.5781    0.5097
    0.3498   -0.3723    0.8597
    0.6867    0.7261    0.0350
...    99 T-A ...
  -50.7259   49.0983 -100.0995
   -0.3788    0.2901    0.8789
    0.6229   -0.6224    0.4739
    0.6845    0.7269    0.0550
...   100 G-C ...
  -48.3612   51.4521  -99.6560
   -0.0436   -0.2185    0.9749
    0.7459   -0.6563   -0.1137
    0.6646    0.7222    0.1916
...   101 T-A ...
  -46.6553   54.0985  -98.6895
    0.3214   -0.5745    0.7527
    0.6655   -0.4285   -0.6112
    0.6737    0.6974    0.2446
...   102 T-A ...
  -44.5716   56.3656  -97.6797
    0.6299   -0.7337    0.2548
    0.3721   -0.0029   -0.9282
    0.6818    0.6794    0.2712
...   103 A-T ...
  -42.1278   58.6080  -97.0291
    0.7076   -0.5869   -0.3936
   -0.0803    0.4866   -0.8700
    0.7021    0.6471    0.2971
...   104 T-A ...
  -39.6644   60.2580  -95.5476
    0.5748   -0.2329   -0.7844
   -0.4322    0.7276   -0.5327
    0.6948    0.6452    0.3176
...   105 A-T ...
  -37.7520   62.9411  -94.5276
    0.1888    0.3800   -0.9055
   -0.7200    0.6806    0.1355
    0.6678    0.6263    0.4021
...   106 A-T ...
  -35.3462   64.7729  -93.2734
   -0.2405    0.7479   -0.6187
   -0.7063    0.3024    0.6401
    0.6658    0.5909    0.4555
...   107 C-G ...
  -32.7550   66.6470  -92.2431
   -0.5896    0.7891   -0.1723
   -0.4698   -0.1615    0.8679
    0.6570    0.5927    0.4660
...   108 G-C ...
  -30.6135   68.3749  -90.2667
   -0.8190    0.4847    0.3072
   -0.0597   -0.6043    0.7945
    0.5707    0.6323    0.5238
...   109 G-C ...
  -28.6699   70.6606  -88.6953
   -0.7726    0.0028    0.6349
    0.3962   -0.7792    0.4856
    0.4961    0.6267    0.6009
...   110 A-T ...
  -27.0871   72.7486  -86.7420
   -0.4282   -0.4997    0.7529
    0.7755   -0.6309    0.0224
    0.4639    0.5935    0.6577
...   111 G-C ...
  -25.8597   74.7461  -84.4105
   -0.0009   -0.8169    0.5767
    0.8955   -0.2574   -0.3632
    0.4451    0.5161    0.7318
...   112 C-G ...
  -24.7986   76.2481  -81.6604
    0.4599   -0.8563    0.2349
    0.7685    0.2513   -0.5884
    0.4448    0.4512    0.7737
...   113 T-A ...
  -23.4324   77.3836  -78.8587
    0.7718   -0.6129   -0.1696
    0.4290    0.6987   -0.5726
    0.4695    0.3691    0.8021
...   114 C-G ...
  -21.7222   78.3810  -76.2236
    0.8711   -0.0709   -0.4859
   -0.1030    0.9411   -0.3219
    0.4801    0.3305    0.8126
...   115 G-C ...
  -20.0282   79.9120  -73.7244
    0.6236    0.4835   -0.6144
   -0.5661    0.8212    0.0716
    0.5392    0.3031    0.7858
...   116 T-A ...
  -17.7810   80.4915  -71.2720
    0.2182    0.8578   -0.4654
   -0.8172    0.4213    0.3932
    0.5334    0.2945    0.7930
...   117 A-T ...
  -16.5785   81.3297  -68.1462
   -0.3533    0.9355   -0.0024
   -0.7749   -0.2912    0.5611
    0.5242    0.2001    0.8278
...   118 T-A ...
  -14.4163   82.2913  -65.8238
   -0.7004    0.6470    0.3012
   -0.4864   -0.7416    0.4620
    0.5223    0.1771    0.8342
...   119 A-T ...
  -12.6979   82.6108  -62.9396
   -0.8802    0.0343    0.4734
    0.0472   -0.9861    0.1593
    0.4723    0.1625    0.8663
...   120 A-T ...
  -11.2622   83.2961  -60.1209
   -0.7133   -0.5452    0.4404
    0.5435   -0.8270   -0.1436
    0.4425    0.1369    0.8862
...   121 T-A ...
  -10.3424   84.1208  -57.0962
   -0.3558   -0.8946    0.2703
    0.8343   -0.4344   -0.3395
    0.4211    0.1047    0.9009
...   122 G-C ...
   -8.8684   84.0865  -54.0674
    0.1321   -0.9864   -0.0973
    0.9124    0.1594   -0.3771
    0.3875   -0.0389    0.9211
...   123 T-A ...
   -8.1075   83.5367  -50.9007
    0.5853   -0.7447   -0.3208
    0.7122    0.6613   -0.2357
    0.3876   -0.0905    0.9174
...   124 G-C ...
   -6.4272   83.2645  -48.0025
    0.8695   -0.1908   -0.4557
    0.2461    0.9671    0.0647
    0.4283   -0.1685    0.8878
...   125 T-A ...
   -4.9457   82.0645  -45.2337
    0.8640    0.3715   -0.3399
   -0.2649    0.9094    0.3207
    0.4282   -0.1870    0.8841
...   126 C-G ...
   -3.4183   81.3774  -42.3605
    0.5225    0.8514   -0.0461
   -0.7428    0.4811    0.4655
    0.4185   -0.2090    0.8838
...   127 G-C ...
   -2.4858   80.7388  -39.1606
   -0.0449    0.9784    0.2019
   -0.9127   -0.1224    0.3899
    0.4061   -0.1668    0.8985
...   128 A-T ...
   -1.0411   80.0527  -36.2599
   -0.5999    0.7001    0.3873
   -0.7060   -0.6909    0.1553
    0.3763   -0.1802    0.9088
...   129 C-G ...
    0.5257   79.9487  -33.3273
   -0.8995    0.2211    0.3769
   -0.2748   -0.9569   -0.0943
    0.3398   -0.1884    0.9214
...   130 C-G ...
    1.7251   79.5851  -30.1751
   -0.9361   -0.3189    0.1484
    0.2663   -0.9181   -0.2935
    0.2298   -0.2353    0.9444
...   131 A-T ...
    2.4589   78.6202  -27.0298
   -0.6442   -0.7407   -0.1908
    0.7574   -0.5828   -0.2946
    0.1071   -0.3343    0.9364
...   132 A-T ...
    2.5744   77.4983  -24.0042
   -0.1034   -0.9201   -0.3777
    0.9919   -0.0673   -0.1076
    0.0735   -0.3858    0.9197
...   133 A-T ...
    2.6008   76.0907  -21.0896
    0.4838   -0.7786   -0.3997
    0.8733    0.4597    0.1616
    0.0579   -0.4273    0.9023
...   134 T-A ...
    2.3094   74.2286  -18.3853
    0.8657   -0.4292   -0.2574
    0.4984    0.7868    0.3642
    0.0462   -0.4436    0.8950
...   135 G-C ...
    1.4370   72.0948  -15.6002
    0.9809    0.0621    0.1844
   -0.1263    0.9241    0.3606
   -0.1480   -0.3770    0.9143
...   136 T-A ...
    0.5300   69.2372  -13.4651
    0.7353    0.4962    0.4617
   -0.6117    0.7791    0.1369
   -0.2918   -0.3831    0.8764
...   137 G-C ...
   -0.1630   67.4089  -10.8054
    0.1799    0.8794    0.4409
   -0.9276    0.3008   -0.2216
   -0.3275   -0.3691    0.8698
...   138 A-T ...
   -0.1294   66.2153   -7.8180
   -0.3749    0.8569    0.3537
   -0.8857   -0.2184   -0.4097
   -0.2739   -0.4669    0.8408
...   139 G-C ...
   -1.0031   65.6049   -4.9383
   -0.8337    0.5216    0.1812
   -0.5170   -0.6221   -0.5880
   -0.1940   -0.5840    0.7883
...   140 C-G ...
   -0.6941   63.8983   -2.2497
   -0.9992    0.0157   -0.0376
    0.0023   -0.8992   -0.4375
   -0.0406   -0.4373    0.8984
...   141 G-C ...
   -3.4331   60.2356    1.0303
   -0.4426    0.2288   -0.8671
    0.1684   -0.9285   -0.3310
   -0.8808   -0.2925    0.3724
...   142 C-G ...
   -6.3247   59.0803    1.6314
   -0.2968   -0.3279   -0.8969
    0.5658   -0.8170    0.1115
   -0.7693   -0.4743    0.4280
...   143 T-A ...
   -8.6731   58.7215    3.6047
   -0.0344   -0.7815   -0.6229
    0.6534   -0.4892    0.5777
   -0.7562   -0.3872    0.5275
...   144 C-G ...
  -11.6514   58.0073    4.7220
    0.2453   -0.9542   -0.1714
    0.6321    0.0234    0.7745
   -0.7350   -0.2984    0.6089
...   145 A-T ...
  -14.1725   56.5625    6.1819
    0.5795   -0.7268    0.3686
    0.3140    0.6165    0.7220
   -0.7520   -0.3027    0.5855
...   146 C-G ...
  -16.4614   53.8912    7.5170
    0.5336   -0.3333    0.7773
   -0.0346    0.9097    0.4138
   -0.8450   -0.2477    0.4739
...   147 A-T ...
  -19.0125   52.0327    8.9268
    0.2451    0.2906    0.9249
   -0.3073    0.9281   -0.2101
   -0.9195   -0.2327    0.3168
