  147 base-pairs
...     1 A-T ...
    0.0000    0.0000    0.0000
    1.0000    0.0000    0.0000
    0.0000    1.0000    0.0000
    0.0000    0.0000    1.0000
...     2 G-C ...
   -0.1404   -1.2353    3.2259
    0.7530    0.6366    0.1668
   -0.6385    0.7681   -0.0490
   -0.1593   -0.0696    0.9848
...     3 T-A ...
   -0.0377   -3.2918    6.3749
    0.2722    0.9302    0.2464
   -0.9238    0.3243   -0.2034
   -0.2691   -0.1722    0.9476
...     4 G-C ...
   -0.3520   -4.1638    9.4928
   -0.3756    0.9250    0.0576
   -0.8780   -0.3352   -0.3416
   -0.2967   -0.1788    0.9381
...     5 A-T ...
   -0.4480   -4.1448   12.7498
   -0.8116    0.5839   -0.0166
   -0.5522   -0.7762   -0.3042
   -0.1905   -0.2377    0.9525
...     6 G-C ...
   -1.5926   -4.1701   15.6201
   -0.9976    0.0246   -0.0651
   -0.0043   -0.9555   -0.2950
   -0.0694   -0.2940    0.9533
...     7 C-G ...
   -1.1050   -4.4793   18.7363
   -0.8442   -0.5302   -0.0787
    0.5343   -0.8442   -0.0430
   -0.0437   -0.0784    0.9960
...     8 G-C ...
   -2.4044   -7.7255   23.1483
   -0.2753   -0.3294   -0.9032
    0.6650   -0.7437    0.0686
   -0.6943   -0.5817    0.4238
...     9 C-G ...
   -4.4706   -9.9691   24.1142
    0.1145   -0.7026   -0.7023
    0.8512   -0.2951    0.4341
   -0.5123   -0.6475    0.5642
...    10 T-A ...
   -6.7420  -10.8705   25.9717
    0.4841   -0.8363   -0.2573
    0.6594    0.1554    0.7356
   -0.5752   -0.5257    0.6267
...    11 C-G ...
   -9.1682  -12.6167   27.1662
    0.7073   -0.6683    0.2306
    0.3450    0.6110    0.7125
   -0.6170   -0.4243    0.6627
...    12 A-T ...
  -10.9253  -14.6583   29.0713
    0.7515   -0.1377    0.6452
   -0.2027    0.8824    0.4245
   -0.6278   -0.4498    0.6352
...    13 C-G ...
  -11.8495  -17.4796   31.2472
    0.4294    0.2824    0.8578
   -0.5708    0.8209    0.0155
   -0.6998   -0.4963    0.5137
...    14 A-T ...
  -13.5915  -19.7756   33.4284
   -0.1503    0.6106    0.7775
   -0.6874    0.5007   -0.5261
   -0.7106   -0.6135    0.3445
...    15 A-T ...
  -15.7148  -21.9015   34.6809
   -0.5318    0.7771    0.3365
   -0.4463    0.0806   -0.8913
   -0.7197   -0.6242    0.3040
...    16 T-A ...
  -17.8425  -23.8323   36.2669
   -0.6677    0.7258   -0.1657
   -0.1044   -0.3117   -0.9444
   -0.7371   -0.6133    0.2839
...    17 T-A ...
  -20.2593  -25.6941   37.3138
   -0.5629    0.4689   -0.6807
    0.2892   -0.6598   -0.6936
   -0.7743   -0.5872    0.2358
...    18 T-A ...
  -22.8758  -27.4099   38.0670
   -0.2474    0.0729   -0.9662
    0.5385   -0.8186   -0.1997
   -0.8055   -0.5697    0.1632
...    19 A-T ...
  -25.7888  -29.0402   38.1751
    0.2330   -0.2648   -0.9357
    0.5252   -0.7756    0.3502
   -0.8185   -0.5730   -0.0416
...    20 T-A ...
  -28.6893  -30.4295   37.5694
    0.4853   -0.6048   -0.6315
    0.3148   -0.5529    0.7715
   -0.8157   -0.5731   -0.0779
...    21 T-A ...
  -31.3572  -32.1927   36.9984
    0.5651   -0.8216   -0.0751
   -0.0453   -0.1218    0.9915
   -0.8237   -0.5569   -0.1061
...    22 C-G ...
  -33.9231  -34.2082   36.5131
    0.4123   -0.7388    0.5330
   -0.4040    0.3761    0.8338
   -0.8166   -0.5592   -0.1434
...    23 G-C ...
  -36.8297  -35.8888   36.4250
    0.1168   -0.3663    0.9232
   -0.5933    0.7197    0.3606
   -0.7965   -0.5898   -0.1332
...    24 C-G ...
  -39.2671  -38.1277   35.8737
   -0.2316    0.1062    0.9670
   -0.5442    0.8098   -0.2192
   -0.8063   -0.5771   -0.1298
...    25 A-T ...
  -42.0539  -39.7981   35.1474
   -0.4571    0.5994    0.6571
   -0.2814    0.6034   -0.7462
   -0.8437   -0.5260   -0.1071
...    26 A-T ...
  -44.7341  -41.6218   34.9823
   -0.5291    0.8410    0.1127
    0.0569    0.1677   -0.9842
   -0.8466   -0.5143   -0.1366
...    27 A-T ...
  -47.5237  -43.2295   34.7177
   -0.3644    0.8141   -0.4521
    0.3531   -0.3285   -0.8760
   -0.8617   -0.4788   -0.1678
...    28 G-C ...
  -50.5153  -44.5241   34.2726
   -0.0224    0.5804   -0.8140
    0.4826   -0.7068   -0.5173
   -0.8756   -0.4044   -0.2643
...    29 G-C ...
  -53.5784  -45.3966   33.1907
    0.3529    0.1669   -0.9207
    0.3744   -0.9269   -0.0246
   -0.8575   -0.3361   -0.3896
...    30 C-G ...
  -56.3691  -45.9986   31.5344
    0.5549   -0.3377   -0.7603
    0.0797   -0.8881    0.4527
   -0.8281   -0.3118   -0.4659
...    31 C-G ...
  -58.8334  -46.9955   29.4337
    0.5671   -0.7452   -0.3507
   -0.3013   -0.5840    0.7537
   -0.7665   -0.3218   -0.5558
...    32 G-C ...
  -61.3283  -48.5443   27.7673
    0.3299   -0.9270    0.1787
   -0.6386   -0.0797    0.7654
   -0.6952   -0.3666   -0.6182
...    33 G-C ...
  -63.4114  -50.0054   25.5092
   -0.0698   -0.7989    0.5974
   -0.7369    0.4449    0.5089
   -0.6723   -0.4048   -0.6198
...    34 C-G ...
  -65.3925  -51.5916   23.3027
   -0.4737   -0.4038    0.7826
   -0.5649    0.8211    0.0817
   -0.6756   -0.4034   -0.6171
...    35 C-G ...
  -67.5242  -53.1649   21.1724
   -0.6746    0.1492    0.7229
   -0.1867    0.9130   -0.3627
   -0.7142   -0.3796   -0.5881
...    36 C-G ...
  -69.8394  -54.7120   19.2271
   -0.6041    0.6585    0.4488
    0.2389    0.6869   -0.6864
   -0.7603   -0.3074   -0.5723
...    37 G-C ...
  -72.1597  -55.5887   16.9431
   -0.2530    0.9645    0.0760
    0.5559    0.2092   -0.8045
   -0.7918   -0.1613   -0.5891
...    38 A-T ...
  -74.7676  -56.1007   15.0630
    0.1787    0.9179   -0.3542
    0.5997   -0.3870   -0.7004
   -0.7800   -0.0872   -0.6197
...    39 C-G ...
  -77.5659  -55.8998   13.3936
    0.5164    0.5914   -0.6193
    0.4046   -0.8059   -0.4322
   -0.7547   -0.0274   -0.6555
...    40 A-T ...
  -79.9165  -55.8694   11.0004
    0.7562    0.0476   -0.6526
    0.0033   -0.9976   -0.0690
   -0.6543    0.0500   -0.7546
...    41 C-G ...
  -81.7816  -55.0578    8.3958
    0.6707   -0.4837   -0.5623
   -0.4195   -0.8726    0.2503
   -0.6117    0.0680   -0.7882
...    42 G-C ...
  -83.7295  -55.3341    5.6544
    0.3570   -0.8979   -0.2575
   -0.7795   -0.4383    0.4476
   -0.5147    0.0410   -0.8564
...    43 A-T ...
  -85.2738  -55.2581    2.7246
   -0.1946   -0.9792    0.0574
   -0.8481    0.1974    0.4918
   -0.4929    0.0470   -0.8688
...    44 C-G ...
  -86.3967  -55.4021   -0.4511
   -0.6291   -0.7156    0.3035
   -0.6095    0.6965    0.3787
   -0.4823    0.0532   -0.8744
...    45 T-A ...
  -87.8981  -55.5125   -3.4387
   -0.8514   -0.2174    0.4773
   -0.1622    0.9746    0.1547
   -0.4987    0.0543   -0.8650
...    46 T-A ...
  -89.4360  -55.6030   -6.3140
   -0.7977    0.3980    0.4531
    0.3839    0.9145   -0.1276
   -0.4651    0.0721   -0.8823
...    47 A-T ...
  -90.7737  -55.1622   -9.3677
   -0.3678    0.8720    0.3230
    0.8029    0.4730   -0.3628
   -0.4691    0.1259   -0.8741
...    48 C-G ...
  -92.8174  -54.8594  -11.9263
    0.1356    0.9818    0.1329
    0.8766   -0.0564   -0.4779
   -0.4617    0.1813   -0.8683
...    49 T-A ...
  -94.5191  -53.9858  -14.6219
    0.6227    0.7808   -0.0502
    0.6616   -0.5597   -0.4990
   -0.4177    0.2775   -0.8651
...    50 G-C ...
  -95.5849  -52.8833  -17.6112
    0.9378    0.2857   -0.1970
    0.1785   -0.8839   -0.4322
   -0.2976    0.3702   -0.8800
...    51 T-A ...
  -96.3337  -51.0719  -20.2592
    0.9037   -0.2399   -0.3547
   -0.3502   -0.8908   -0.2897
   -0.2465    0.3860   -0.8889
...    52 A-T ...
  -97.1209  -49.9809  -23.3407
    0.5029   -0.7481   -0.4329
   -0.8419   -0.5373   -0.0495
   -0.1956    0.3894   -0.9001
...    53 G-C ...
  -97.3973  -48.6367  -26.3882
   -0.0320   -0.9310   -0.3636
   -0.9859   -0.0304    0.1648
   -0.1645    0.3637   -0.9169
...    54 G-C ...
  -97.6860  -47.6000  -29.6136
   -0.5761   -0.7994   -0.1706
   -0.8003    0.5091    0.3168
   -0.1664    0.3190   -0.9330
...    55 T-A ...
  -97.8202  -46.9724  -32.9198
   -0.9187   -0.3942    0.0256
   -0.3581    0.8585    0.3671
   -0.1667    0.3280   -0.9298
...    56 A-T ...
  -98.2135  -45.2969  -35.8708
   -0.9325    0.2848    0.2222
    0.3429    0.8914    0.2965
   -0.1136    0.3526   -0.9288
...    57 T-A ...
  -98.9372  -44.6863  -39.0349
   -0.6207    0.7047    0.3438
    0.7774    0.6101    0.1531
   -0.1019    0.3623   -0.9265
...    58 C-G ...
  -99.3113  -43.5309  -42.0929
   -0.0285    0.9083    0.4173
    0.9951    0.0655   -0.0745
   -0.0950    0.4131   -0.9057
...    59 T-A ...
  -99.8773  -41.9657  -44.9602
    0.5153    0.7603    0.3954
    0.8545   -0.4211   -0.3040
   -0.0647    0.4946   -0.8667
...    60 C-G ...
 -100.0352  -40.1998  -47.7106
    0.9226    0.3332    0.1946
    0.3855   -0.7749   -0.5010
   -0.0162    0.5372   -0.8433
...    61 G-C ...
  -99.6620  -38.5782  -50.6541
    0.9726   -0.2318   -0.0151
   -0.1964   -0.7857   -0.5867
    0.1241    0.5736   -0.8097
...    62 A-T ...
  -99.0289  -36.6706  -53.2705
    0.6557   -0.6728   -0.3428
   -0.7358   -0.4673   -0.4902
    0.1696    0.5736   -0.8014
...    63 G-C ...
  -98.1065  -34.7389  -55.8391
    0.1382   -0.8393   -0.5258
   -0.9688   -0.0042   -0.2480
    0.2059    0.5437   -0.8137
...    64 C-G ...
  -97.0133  -33.1183  -58.5681
   -0.4375   -0.7022   -0.5617
   -0.8727    0.4821    0.0771
    0.2166    0.5239   -0.8238
...    65 T-A ...
  -96.0990  -31.6294  -61.4272
   -0.8523   -0.3288   -0.4068
   -0.4819    0.7960    0.3662
    0.2034    0.5082   -0.8369
...    66 C-G ...
  -95.3566  -30.0159  -64.2260
   -0.9707    0.2221   -0.0915
    0.1365    0.8234    0.5508
    0.1977    0.5222   -0.8296
...    67 G-C ...
  -94.4487  -27.9419  -66.7455
   -0.7305    0.5987    0.3284
    0.6699    0.5352    0.5145
    0.1323    0.5959   -0.7921
...    68 G-C ...
  -94.1881  -26.0317  -69.5258
   -0.2483    0.7321    0.6343
    0.9621    0.1102    0.2495
    0.1128    0.6722   -0.7317
...    69 G-C ...
  -94.0824  -23.6830  -71.9469
    0.3066    0.5932    0.7444
    0.9421   -0.3010   -0.1482
    0.1361    0.7467   -0.6511
...    70 A-T ...
  -93.6486  -21.1540  -73.9792
    0.7930    0.2540    0.5538
    0.5837   -0.5774   -0.5709
    0.1747    0.7760   -0.6061
...    71 T-A ...
  -93.2778  -18.2348  -75.4271
    0.9755   -0.0920    0.2000
    0.1022   -0.6156   -0.7814
    0.1950    0.7827   -0.5911
...    72 C-G ...
  -92.4090  -15.6537  -77.2605
    0.8379   -0.4660   -0.2841
   -0.4893   -0.4107   -0.7694
    0.2419    0.7837   -0.5721
...    73 C-G ...
  -91.1310  -13.1138  -79.1136
    0.4045   -0.6618   -0.6312
   -0.8591   -0.0383   -0.5104
    0.3136    0.7487   -0.5840
...    74 G-C ...
  -90.4026  -10.7003  -81.3666
   -0.1919   -0.6031   -0.7742
   -0.9175    0.3903   -0.0765
    0.3483    0.6957   -0.6283
...    75 C-G ...
  -88.9189   -8.6267  -83.5492
   -0.6831   -0.2884   -0.6710
   -0.6459    0.6674    0.3707
    0.3410    0.6866   -0.6422
...    76 T-A ...
  -87.7000   -6.5712  -85.8924
   -0.9363    0.1046   -0.3351
   -0.1626    0.7168    0.6780
    0.3112    0.6894   -0.6542
...    77 T-A ...
  -86.6362   -4.5204  -88.1918
   -0.8476    0.5175    0.1171
    0.4120    0.5029    0.7598
    0.3343    0.6923   -0.6395
...    78 T-A ...
  -85.6600   -2.3750  -90.4299
   -0.4520    0.7074    0.5434
    0.8235    0.0967    0.5590
    0.3429    0.7002   -0.6262
...    79 A-T ...
  -84.3968    0.0226  -92.4108
    0.1052    0.5574    0.8235
    0.9343   -0.3391    0.1102
    0.3407    0.7578   -0.5565
...    80 A-T ...
  -83.4519    2.6062  -94.1203
    0.6111    0.2362    0.7555
    0.7082   -0.5893   -0.3887
    0.3534    0.7726   -0.5274
...    81 C-G ...
  -82.5740    5.5303  -95.3871
    0.8777   -0.1478    0.4559
    0.2847   -0.6044   -0.7441
    0.3855    0.7829   -0.4884
...    82 A-T ...
  -81.0809    8.0053  -97.0935
    0.8375   -0.5461   -0.0157
   -0.2533   -0.3626   -0.8969
    0.4841    0.7551   -0.4420
...    83 C-G ...
  -79.1128   10.5571  -97.9771
    0.5604   -0.6676   -0.4902
   -0.6522    0.0091   -0.7580
    0.5105    0.7445   -0.4303
...    84 T-A ...
  -77.0839   12.8729  -99.2845
    0.0915   -0.5732   -0.8143
   -0.8351    0.4013   -0.3763
    0.5425    0.7145   -0.4419
...    85 T-A ...
  -75.0562   15.0661 -100.6122
   -0.3986   -0.1871   -0.8978
   -0.7310    0.6560    0.1879
    0.5538    0.7312   -0.3983
...    86 T-A ...
  -73.0294   17.2506 -101.9541
   -0.7324    0.2705   -0.6248
   -0.3608    0.6241    0.6931
    0.5774    0.7331   -0.3595
...    87 T-A ...
  -71.0474   19.4642 -103.3018
   -0.7904    0.6042   -0.1008
    0.1304    0.3267    0.9361
    0.5985    0.7268   -0.3370
...    88 C-G ...
  -69.0659   21.8311 -104.4812
   -0.5719    0.6515    0.4985
    0.5756   -0.1143    0.8097
    0.5845    0.7500   -0.3096
...    89 A-T ...
  -66.9616   24.3089 -105.3398
   -0.1951    0.3714    0.9077
    0.8106   -0.4600    0.3624
    0.5522    0.8065   -0.2113
...    90 T-A ...
  -65.7372   27.2669 -106.0606
    0.2338    0.0637    0.9702
    0.7980   -0.5826   -0.1541
    0.5554    0.8103   -0.1871
...    91 G-C ...
  -63.6308   29.8543 -106.4867
    0.5817   -0.3820    0.7182
    0.5429   -0.4751   -0.6924
    0.6057    0.7927   -0.0690
...    92 T-A ...
  -61.8108   32.5911 -106.0897
    0.7582   -0.6073    0.2375
    0.1603   -0.1795   -0.9706
    0.6321    0.7739   -0.0388
...    93 T-A ...
  -59.7315   35.0887 -105.9432
    0.7147   -0.5894   -0.3767
   -0.3055    0.2215   -0.9261
    0.6292    0.7769   -0.0217
...    94 A-T ...
  -57.8548   37.9057 -106.3803
    0.3626   -0.2672   -0.8928
   -0.6956    0.5600   -0.4501
    0.6202    0.7843    0.0172
...    95 T-A ...
  -55.3047   40.0272 -106.1579
   -0.0392    0.0891   -0.9953
   -0.7845    0.6142    0.0858
    0.6189    0.7841    0.0458
...    96 A-T ...
  -53.6248   42.9708 -105.6009
   -0.5143    0.5310   -0.6734
   -0.5749    0.3692    0.7302
    0.6364    0.7627    0.1154
...    97 A-T ...
  -51.4096   45.3622 -105.4323
   -0.7363    0.6683   -0.1060
   -0.1747   -0.0363    0.9840
    0.6538    0.7430    0.1435
...    98 C-G ...
  -49.2754   47.9178 -105.5625
   -0.7327    0.5213    0.4374
    0.2452   -0.3973    0.8843
    0.6348    0.7552    0.1632
...    99 G-C ...
  -46.9796   50.2549 -104.7011
   -0.5452    0.0975    0.8326
    0.6188   -0.6232    0.4782
    0.5655    0.7760    0.2794
...   100 G-C ...
  -45.3284   53.0382 -103.7345
   -0.1766   -0.3482    0.9207
    0.8262   -0.5608   -0.0536
    0.5350    0.7512    0.3867
...   101 A-T ...
  -43.6419   55.4800 -102.3452
    0.3139   -0.6579    0.6846
    0.7832   -0.2282   -0.5784
    0.5367    0.7177    0.4436
...   102 A-T ...
  -42.0184   57.7416 -100.6861
    0.6956   -0.6852    0.2163
    0.4720    0.2088   -0.8565
    0.5417    0.6978    0.4687
...   103 T-A ...
  -40.4369   59.7012  -98.5603
    0.8386   -0.4805   -0.2567
    0.0541    0.5424   -0.8384
    0.5421    0.6891    0.4809
...   104 G-C ...
  -38.4526   62.0796  -97.2851
    0.6726   -0.0997   -0.7333
   -0.4276    0.7564   -0.4950
    0.6040    0.6464    0.4661
...   105 C-G ...
  -36.1197   63.9206  -95.7218
    0.3044    0.3389   -0.8902
   -0.7212    0.6925    0.0170
    0.6223    0.6369    0.4552
...   106 T-A ...
  -33.7796   65.8993  -94.3624
   -0.1584    0.6544   -0.7394
   -0.7633    0.3938    0.5121
    0.6263    0.6455    0.4371
...   107 T-A ...
  -31.5093   67.8657  -93.0736
   -0.5565    0.7854   -0.2712
   -0.5358   -0.0897    0.8396
    0.6350    0.6125    0.4707
...   108 C-G ...
  -29.3301   69.8574  -91.5754
   -0.7852    0.5519    0.2808
   -0.1005   -0.5610    0.8217
    0.6110    0.6169    0.4960
...   109 C-G ...
  -27.2636   72.1261  -90.1220
   -0.7694    0.0837    0.6332
    0.3474   -0.7770    0.5249
    0.5360    0.6239    0.5688
...   110 G-C ...
  -25.3314   73.9361  -88.0184
   -0.5195   -0.4601    0.7200
    0.7261   -0.6820    0.0881
    0.4505    0.5686    0.6883
...   111 G-C ...
  -24.1558   75.8895  -85.5343
   -0.0902   -0.8208    0.5640
    0.9065   -0.3023   -0.2949
    0.4125    0.4846    0.7713
...   112 C-G ...
  -23.2296   77.3296  -82.6995
    0.3961   -0.8810    0.2586
    0.8223    0.2151   -0.5269
    0.4085    0.4214    0.8096
...   113 T-A ...
  -22.0148   78.3830  -79.7957
    0.7502   -0.6501   -0.1211
    0.5028    0.6796   -0.5342
    0.4295    0.3398    0.8367
...   114 C-G ...
  -20.4520   79.2880  -77.0383
    0.8971   -0.1118   -0.4275
   -0.0346    0.9468   -0.3201
    0.4405    0.3019    0.8454
...   115 G-C ...
  -18.8465   80.7195  -74.4197
    0.6835    0.4535   -0.5720
   -0.5280    0.8482    0.0416
    0.5041    0.2736    0.8192
...   116 T-A ...
  -16.7224   81.1874  -71.8405
    0.2867    0.8468   -0.4479
   -0.8173    0.4602    0.3469
    0.4999    0.2666    0.8241
...   117 A-T ...
  -15.6555   81.9773  -68.6524
   -0.3079    0.9512   -0.0197
   -0.8173   -0.2539    0.5172
    0.4870    0.1754    0.8556
...   118 T-A ...
  -13.5784   82.8395  -66.2138
   -0.6844    0.6789    0.2660
   -0.5439   -0.7183    0.4339
    0.4856    0.1522    0.8608
...   119 A-T ...
  -11.9971   83.0378  -63.2339
   -0.8959    0.0680    0.4391
    0.0000   -0.9882    0.1531
    0.4443    0.1372    0.8853
...   120 A-T ...
  -10.6365   83.6514  -60.3587
   -0.7475   -0.5202    0.4131
    0.5160   -0.8463   -0.1321
    0.4183    0.1144    0.9011
...   121 T-A ...
   -9.7786   84.4279  -57.2993
   -0.3947   -0.8829    0.2545
    0.8281   -0.4618   -0.3177
    0.3980    0.0853    0.9134
...   122 G-C ...
   -8.3725   84.3445  -54.2386
    0.1047   -0.9897   -0.0978
    0.9262    0.1328   -0.3529
    0.3622   -0.0536    0.9305
...   123 T-A ...
   -7.7082   83.7692  -51.0530
    0.5717   -0.7600   -0.3092
    0.7359    0.6416   -0.2163
    0.3628   -0.1039    0.9261
...   124 G-C ...
   -6.1057   83.4524  -48.1130
    0.8736   -0.2127   -0.4378
    0.2701    0.9601    0.0727
    0.4048   -0.1817    0.8962
...   125 T-A ...
   -4.7096   82.2106  -45.3210
    0.8792    0.3505   -0.3227
   -0.2481    0.9151    0.3179
    0.4067   -0.1994    0.8915
...   126 C-G ...
   -3.2478   81.4879  -42.4229
    0.5431    0.8389   -0.0363
   -0.7387    0.4979    0.4543
    0.3992   -0.2200    0.8901
...   127 G-C ...
   -2.3654   80.8429  -39.2078
   -0.0264    0.9789    0.2028
   -0.9197   -0.1033    0.3788
    0.3917   -0.1765    0.9030
...   128 A-T ...
   -0.9693   80.1351  -36.2863
   -0.5903    0.7106    0.3829
   -0.7204   -0.6778    0.1472
    0.3641   -0.1889    0.9120
...   129 C-G ...
    0.5704   79.9993  -33.3357
   -0.8986    0.2347    0.3707
   -0.2896   -0.9520   -0.0990
    0.3297   -0.1963    0.9235
...   130 C-G ...
    1.7430   79.6052  -30.1745
   -0.9407   -0.3076    0.1428
    0.2562   -0.9206   -0.2948
    0.2222   -0.2407    0.9448
...   131 A-T ...
    2.4695   78.6160  -27.0340
   -0.6491   -0.7357   -0.1936
    0.7537   -0.5875   -0.2945
    0.1029   -0.3370    0.9359
...   132 A-T ...
    2.5779   77.4925  -24.0073
   -0.1065   -0.9196   -0.3782
    0.9917   -0.0710   -0.1068
    0.0714   -0.3865    0.9195
...   133 A-T ...
    2.6020   76.0884  -21.0905
    0.4829   -0.7793   -0.3994
    0.8738    0.4585    0.1620
    0.0569   -0.4272    0.9024
...   134 T-A ...
    2.3094   74.2286  -18.3854
    0.8657   -0.4292   -0.2574
    0.4984    0.7868    0.3642
    0.0462   -0.4436    0.8950
...   135 G-C ...
    1.4370   72.0948  -15.6003
    0.9809    0.0621    0.1844
   -0.1263    0.9241    0.3606
   -0.1480   -0.3770    0.9143
...   136 T-A ...
    0.5300   69.2372  -13.4652
    0.7353    0.4962    0.4617
   -0.6117    0.7791    0.1369
   -0.2918   -0.3831    0.8764
...   137 G-C ...
   -0.1631   67.4089  -10.8055
    0.1799    0.8794    0.4409
   -0.9276    0.3008   -0.2216
   -0.3275   -0.3691    0.8698
...   138 A-T ...
   -0.1294   66.2153   -7.8181
   -0.3749    0.8569    0.3537
   -0.8857   -0.2184   -0.4097
   -0.2739   -0.4669    0.8408
...   139 G-C ...
   -1.0031   65.6050   -4.9384
   -0.8337    0.5216    0.1812
   -0.5170   -0.6221   -0.5880
   -0.1940   -0.5840    0.7883
...   140 C-G ...
   -0.6941   63.8984   -2.2498
   -0.9992    0.0157   -0.0376
    0.0023   -0.8992   -0.4375
   -0.0406   -0.4373    0.8984
...   141 G-C ...
   -3.4331   60.2356    1.0302
   -0.4426    0.2288   -0.8671
    0.1684   -0.9285   -0.3310
   -0.8808   -0.2925    0.3724
...   142 C-G ...
   -6.3247   59.0804    1.6313
   -0.2968   -0.3279   -0.8969
    0.5658   -0.8170    0.1115
   -0.7693   -0.4743    0.4280
...   143 T-A ...
   -8.6731   58.7215    3.6046
   -0.0344   -0.7815   -0.6229
    0.6534   -0.4892    0.5777
   -0.7562   -0.3872    0.5275
...   144 C-G ...
  -11.6514   58.0074    4.7219
    0.2453   -0.9542   -0.1714
    0.6321    0.0234    0.7745
   -0.7350   -0.2984    0.6089
...   145 A-T ...
  -14.1725   56.5625    6.1819
    0.5795   -0.7268    0.3686
    0.3140    0.6165    0.7220
   -0.7520   -0.3027    0.5855
...   146 C-G ...
  -16.4614   53.8912    7.5169
    0.5336   -0.3333    0.7773
   -0.0346    0.9097    0.4138
   -0.8450   -0.2477    0.4739
...   147 A-T ...
  -19.0125   52.0327    8.9267
    0.2451    0.2906    0.9249
   -0.3073    0.9281   -0.2101
   -0.9195   -0.2327    0.3168
