  147 base-pairs
...     1 A-T ...
    0.0000    0.0000    0.0000
    1.0000    0.0000    0.0000
    0.0000    1.0000    0.0000
    0.0000    0.0000    1.0000
...     2 G-C ...
   -0.1404   -1.2353    3.2259
    0.7530    0.6366    0.1668
   -0.6385    0.7681   -0.0490
   -0.1593   -0.0696    0.9848
...     3 T-A ...
   -0.0377   -3.2918    6.3749
    0.2722    0.9302    0.2464
   -0.9238    0.3243   -0.2034
   -0.2691   -0.1722    0.9476
...     4 G-C ...
   -0.3520   -4.1638    9.4928
   -0.3756    0.9250    0.0576
   -0.8780   -0.3352   -0.3416
   -0.2967   -0.1788    0.9381
...     5 A-T ...
   -0.4480   -4.1448   12.7498
   -0.8116    0.5839   -0.0166
   -0.5522   -0.7762   -0.3042
   -0.1905   -0.2377    0.9525
...     6 G-C ...
   -1.5926   -4.1701   15.6201
   -0.9976    0.0246   -0.0651
   -0.0043   -0.9555   -0.2950
   -0.0694   -0.2940    0.9533
...     7 C-G ...
   -1.1050   -4.4793   18.7363
   -0.8442   -0.5302   -0.0787
    0.5343   -0.8442   -0.0430
   -0.0437   -0.0784    0.9960
...     8 G-C ...
   -2.4044   -7.7255   23.1483
   -0.2753   -0.3294   -0.9032
    0.6650   -0.7437    0.0686
   -0.6943   -0.5817    0.4238
...     9 C-G ...
   -4.4706   -9.9691   24.1142
    0.1145   -0.7026   -0.7023
    0.8512   -0.2951    0.4341
   -0.5123   -0.6475    0.5642
...    10 T-A ...
   -6.7420  -10.8705   25.9717
    0.4841   -0.8363   -0.2573
    0.6594    0.1554    0.7356
   -0.5752   -0.5257    0.6267
...    11 C-G ...
   -9.1682  -12.6167   27.1662
    0.7073   -0.6683    0.2306
    0.3450    0.6110    0.7125
   -0.6170   -0.4243    0.6627
...    12 A-T ...
  -10.9253  -14.6583   29.0713
    0.7515   -0.1377    0.6452
   -0.2027    0.8824    0.4245
   -0.6278   -0.4498    0.6352
...    13 C-G ...
  -11.8495  -17.4796   31.2472
    0.4294    0.2824    0.8578
   -0.5708    0.8209    0.0155
   -0.6998   -0.4963    0.5137
...    14 A-T ...
  -13.5915  -19.7756   33.4284
   -0.1503    0.6106    0.7775
   -0.6874    0.5007   -0.5261
   -0.7106   -0.6135    0.3445
...    15 A-T ...
  -15.7533  -21.8673   34.6613
   -0.5198    0.7907    0.3235
   -0.4467    0.0712   -0.8918
   -0.7282   -0.6080    0.3162
...    16 T-A ...
  -17.9198  -23.7157   36.2782
   -0.6494    0.7373   -0.1861
   -0.1122   -0.3350   -0.9355
   -0.7521   -0.5867    0.3002
...    17 T-A ...
  -20.4051  -25.4759   37.3422
   -0.5438    0.4591   -0.7025
    0.2698   -0.6970   -0.6644
   -0.7946   -0.5509    0.2552
...    18 T-A ...
  -23.0916  -27.0716   38.1390
   -0.2413    0.0220   -0.9702
    0.5088   -0.8485   -0.1458
   -0.8264   -0.5288    0.1935
...    19 A-T ...
  -25.9301  -28.8244   38.4350
    0.2020   -0.4113   -0.8889
    0.4918   -0.7422    0.4552
   -0.8469   -0.5291    0.0524
...    20 T-A ...
  -28.9382  -30.1227   38.0868
    0.4280   -0.7350   -0.5259
    0.2965   -0.4354    0.8500
   -0.8537   -0.5198    0.0316
...    21 T-A ...
  -31.7747  -31.7233   37.8664
    0.4777   -0.8747    0.0821
   -0.0291    0.0777    0.9966
   -0.8780   -0.4784    0.0117
...    22 C-G ...
  -34.6147  -33.4401   37.7955
    0.3322   -0.6555    0.6781
   -0.3294    0.5930    0.7347
   -0.8838   -0.4675   -0.0189
...    23 G-C ...
  -37.7896  -34.5853   37.9729
    0.0938   -0.1598    0.9827
   -0.4590    0.8689    0.1851
   -0.8835   -0.4684    0.0082
...    24 C-G ...
  -40.5773  -36.4634   37.8876
   -0.1655    0.3703    0.9141
   -0.4053    0.8194   -0.4053
   -0.8990   -0.4376    0.0144
...    25 A-T ...
  -43.6598  -37.7403   37.6023
   -0.2913    0.8195    0.4935
   -0.2056    0.4502   -0.8689
   -0.9343   -0.3546    0.0374
...    26 A-T ...
  -46.6626  -38.9144   37.9020
   -0.3234    0.9417   -0.0931
    0.0151   -0.0932   -0.9955
   -0.9461   -0.3234    0.0159
...    27 A-T ...
  -49.7558  -39.8145   38.0775
   -0.1970    0.7449   -0.6375
    0.1892   -0.6091   -0.7702
   -0.9620   -0.2723   -0.0209
...    28 G-C ...
  -53.0114  -40.3462   38.0237
    0.0465    0.3419   -0.9386
    0.2362   -0.9167   -0.3222
   -0.9706   -0.2067   -0.1234
...    29 G-C ...
  -56.2810  -40.5815   37.2008
    0.2791   -0.1871   -0.9419
    0.1045   -0.9691    0.2235
   -0.9546   -0.1608   -0.2509
...    30 C-G ...
  -59.3170  -40.7776   35.8530
    0.3333   -0.6839   -0.6490
   -0.1225   -0.7139    0.6894
   -0.9348   -0.1502   -0.3217
...    31 C-G ...
  -62.2513  -41.4751   34.2782
    0.2498   -0.9594   -0.1308
   -0.3570   -0.2168    0.9086
   -0.9001   -0.1803   -0.3967
...    32 G-C ...
  -65.3948  -42.3270   33.3395
    0.0159   -0.8951    0.4455
   -0.4902    0.3814    0.7837
   -0.8715   -0.2309   -0.4327
...    33 G-C ...
  -68.2317  -43.2902   31.7203
   -0.2474   -0.5061    0.8262
   -0.4173    0.8253    0.3805
   -0.8744   -0.2506   -0.4154
...    34 C-G ...
  -71.0069  -44.4332   30.1899
   -0.4307    0.0597    0.9005
   -0.1835    0.9712   -0.1522
   -0.8837   -0.2308   -0.4073
...    35 C-G ...
  -73.9232  -45.4714   28.7728
   -0.3944    0.6120    0.6856
    0.1166    0.7733   -0.6232
   -0.9115   -0.1659   -0.3763
...    36 C-G ...
  -77.0175  -46.2754   27.6282
   -0.1677    0.9496    0.2649
    0.3372    0.3077   -0.8897
   -0.9264   -0.0599   -0.3718
...    37 G-C ...
  -79.9838  -46.4300   26.0167
    0.2030    0.9567   -0.2086
    0.3781   -0.2731   -0.8846
   -0.9032    0.1007   -0.4172
...    38 A-T ...
  -82.9153  -45.9844   24.6634
    0.4601    0.6074   -0.6476
    0.1734   -0.7768   -0.6054
   -0.8708    0.1663   -0.4627
...    39 C-G ...
  -85.6712  -44.7952   23.3472
    0.5376    0.1004   -0.8372
   -0.1214   -0.9733   -0.1947
   -0.8344    0.2063   -0.5110
...    40 A-T ...
  -88.3187  -44.1802   21.3742
    0.4689   -0.4934   -0.7326
   -0.4660   -0.8428    0.2693
   -0.7503    0.2151   -0.6251
...    41 C-G ...
  -90.3133  -43.0866   18.9356
    0.1607   -0.8719   -0.4625
   -0.6741   -0.4392    0.5938
   -0.7209    0.2164   -0.6584
...    42 G-C ...
  -92.9761  -42.7614   16.8668
   -0.2309   -0.9730    0.0047
   -0.6944    0.1681    0.6997
   -0.6816    0.1583   -0.7144
...    43 A-T ...
  -95.1516  -42.2985   14.3970
   -0.6245   -0.6586    0.4199
   -0.4078    0.7334    0.5438
   -0.6661    0.1684   -0.7266
...    44 C-G ...
  -97.1918  -42.2852   11.7070
   -0.7533   -0.1463    0.6412
    0.0071    0.9731    0.2304
   -0.6577    0.1781   -0.7319
...    45 T-A ...
  -99.4641  -41.9561    9.2681
   -0.6023    0.4110    0.6843
    0.4337    0.8882   -0.1518
   -0.6702    0.2053   -0.7132
...    46 T-A ...
 -101.7262  -41.5023    6.9712
   -0.2349    0.8553    0.4618
    0.7239    0.4710   -0.5041
   -0.6487    0.2159   -0.7298
...    47 A-T ...
 -103.7539  -40.6953    4.4184
    0.3103    0.9418    0.1294
    0.7193   -0.1436   -0.6797
   -0.6216    0.3040   -0.7220
...    48 C-G ...
 -106.1035  -39.4195    2.5108
    0.6816    0.7027   -0.2038
    0.4404   -0.6165   -0.6527
   -0.5843    0.3552   -0.7297
...    49 T-A ...
 -107.9359  -37.8780    0.2243
    0.8659    0.2264   -0.4461
   -0.0143   -0.8802   -0.4744
   -0.5000    0.4172   -0.7589
...    50 G-C ...
 -109.3012  -36.5879   -2.5689
    0.7546   -0.3732   -0.5398
   -0.5382   -0.8226   -0.1837
   -0.3755    0.4291   -0.8215
...    51 T-A ...
 -109.9489  -34.8222   -5.3011
    0.3583   -0.7691   -0.5292
   -0.8702   -0.4805    0.1091
   -0.3381    0.4214   -0.8415
...    52 A-T ...
 -111.4734  -33.5210   -8.0541
   -0.3089   -0.8806   -0.3594
   -0.8996    0.1478    0.4110
   -0.3088    0.4502   -0.8378
...    53 G-C ...
 -112.2447  -32.1728  -11.0268
   -0.7515   -0.6572   -0.0578
   -0.5826    0.6200    0.5255
   -0.3095    0.4286   -0.8489
...    54 G-C ...
 -113.2108  -30.9273  -14.0422
   -0.9375   -0.2005    0.2844
   -0.0504    0.8869    0.4593
   -0.3443    0.4162   -0.8415
...    55 T-A ...
 -114.4344  -30.1125  -17.0734
   -0.8120    0.3145    0.4916
    0.4755    0.8450    0.2449
   -0.3384    0.4326   -0.8357
...    56 A-T ...
 -115.0997  -28.3750  -19.9264
   -0.3082    0.7926    0.5262
    0.9015    0.4200   -0.1046
   -0.3039    0.4421   -0.8439
...    57 T-A ...
 -116.6962  -27.0767  -22.4959
    0.2056    0.8891    0.4088
    0.9346   -0.0545   -0.3514
   -0.2901    0.4544   -0.8422
...    58 C-G ...
 -117.6752  -25.5399  -25.2291
    0.7398    0.6501    0.1731
    0.6269   -0.5729   -0.5280
   -0.2441    0.4991   -0.8314
...    59 T-A ...
 -118.4362  -23.5686  -27.7858
    0.9800    0.1900   -0.0594
    0.1236   -0.8146   -0.5668
   -0.1561    0.5481   -0.8217
...    60 C-G ...
 -118.7318  -21.6984  -30.4620
    0.8683   -0.3616   -0.3395
   -0.4875   -0.7479   -0.4504
   -0.0910    0.5566   -0.8258
...    61 G-C ...
 -118.9308  -20.2354  -33.5184
    0.4354   -0.7811   -0.4476
   -0.8997   -0.3602   -0.2466
    0.0314    0.5101   -0.8595
...    62 A-T ...
 -118.6560  -18.6589  -36.4202
   -0.2046   -0.8432   -0.4971
   -0.9769    0.2080    0.0492
    0.0619    0.4957   -0.8663
...    63 G-C ...
 -118.1678  -17.1885  -39.3958
   -0.7157   -0.5955   -0.3650
   -0.6958    0.6531    0.2988
    0.0605    0.4678   -0.8817
...    64 C-G ...
 -117.8091  -15.9627  -42.5106
   -0.9856   -0.1205   -0.1185
   -0.1613    0.8794    0.4480
    0.0502    0.4606   -0.8862
...    65 T-A ...
 -117.7265  -14.6821  -45.6106
   -0.9086    0.3792    0.1749
    0.4167    0.7963    0.4385
    0.0270    0.4713   -0.8815
...    66 C-G ...
 -117.6188  -13.2072  -48.5789
   -0.4634    0.7781    0.4241
    0.8854    0.3873    0.2569
    0.0357    0.4945   -0.8684
...    67 G-C ...
 -117.0348  -11.5041  -51.4585
    0.1265    0.7919    0.5974
    0.9899   -0.1398   -0.0243
    0.0643    0.5944   -0.8016
...    68 G-C ...
 -117.0290   -9.3842  -54.0916
    0.6443    0.5124    0.5678
    0.7533   -0.5532   -0.3557
    0.1318    0.6569   -0.7424
...    69 G-C ...
 -116.6102   -6.9184  -56.3589
    0.9318    0.0455    0.3601
    0.2782   -0.7266   -0.6283
    0.2331    0.6856   -0.6897
...    70 A-T ...
 -115.7001   -4.6275  -58.5250
    0.8994   -0.4350   -0.0444
   -0.3222   -0.5907   -0.7397
    0.2955    0.6796   -0.6714
...    71 T-A ...
 -114.3321   -2.1583  -60.2103
    0.6021   -0.6857   -0.4090
   -0.7335   -0.2728   -0.6225
    0.3153    0.6749   -0.6672
...    72 C-G ...
 -113.0976   -0.0837  -62.4534
    0.0327   -0.7238   -0.6892
   -0.9359    0.2198   -0.2753
    0.3508    0.6541   -0.6702
...    73 C-G ...
 -111.6866    1.8052  -64.9038
   -0.5207   -0.5006   -0.6916
   -0.7722    0.6216    0.1316
    0.3640    0.6026   -0.7102
...    74 T-A ...
 -110.3327    3.5270  -67.4416
   -0.8691   -0.0812   -0.4880
   -0.3442    0.8079    0.4784
    0.3554    0.5837   -0.7301
...    75 C-G ...
 -109.1254    5.3789  -69.9174
   -0.8959    0.4345   -0.0927
    0.2598    0.6815    0.6841
    0.3604    0.5888   -0.7234
...    76 A-T ...
 -107.6989    7.4959  -72.0892
   -0.5823    0.7157    0.3857
    0.7447    0.2792    0.6062
    0.3261    0.6402   -0.6955
...    77 T-A ...
 -107.2094    9.4983  -74.6697
   -0.1118    0.7553    0.6458
    0.9343   -0.1415    0.3273
    0.3386    0.6400   -0.6898
...    78 G-C ...
 -105.8507   11.6733  -76.8399
    0.4065    0.4529    0.7935
    0.8305   -0.5451   -0.1144
    0.3807    0.7055   -0.5978
...    79 T-A ...
 -104.9863   14.3861  -78.5075
    0.7630    0.0546    0.6441
    0.4895   -0.6996   -0.5206
    0.4222    0.7125   -0.5605
...    80 T-A ...
 -103.6219   16.8220  -80.1465
    0.8895   -0.3831    0.2492
   -0.0309   -0.5944   -0.8036
    0.4559    0.7071   -0.5405
...    81 A-T ...
 -101.9401   19.0349  -82.0318
    0.6517   -0.7175   -0.2461
   -0.5390   -0.2097   -0.8158
    0.5337    0.6643   -0.5234
...    82 T-A ...
  -99.7198   21.1619  -83.2275
    0.2792   -0.7222   -0.6329
   -0.7909    0.2007   -0.5780
    0.5445    0.6620   -0.5151
...    83 A-T ...
  -98.2495   23.5716  -85.1338
   -0.2857   -0.3916   -0.8746
   -0.7743    0.6321   -0.0301
    0.5647    0.6686   -0.4839
...    84 A-T ...
  -96.1866   25.5289  -86.7471
   -0.6610    0.0951   -0.7443
   -0.4576    0.7350    0.5004
    0.5946    0.6714   -0.4423
...    85 C-G ...
  -94.0518   27.3064  -88.6471
   -0.8022    0.4815   -0.3530
   -0.0249    0.5638    0.8255
    0.5965    0.6710   -0.4403
...    86 G-C ...
  -91.9161   29.7164  -89.6823
   -0.7115    0.6645    0.2284
    0.4405    0.1686    0.8818
    0.5475    0.7280   -0.4127
...    87 G-C ...
  -90.1521   32.1211  -91.2994
   -0.3893    0.5824    0.7136
    0.7548   -0.2424    0.6096
    0.5280    0.7759   -0.3452
...    88 A-T ...
  -88.4551   34.6562  -92.5035
    0.1046    0.2830    0.9534
    0.8331   -0.5484    0.0714
    0.5431    0.7868   -0.2931
...    89 G-C ...
  -86.8505   37.4374  -93.3131
    0.4764   -0.1292    0.8697
    0.6529   -0.6106   -0.4483
    0.5889    0.7814   -0.2066
...    90 C-G ...
  -85.0813   40.2202  -93.5622
    0.7126   -0.4959    0.4963
    0.3011   -0.4227   -0.8548
    0.6336    0.7586   -0.1519
...    91 T-A ...
  -82.8737   42.6879  -93.6610
    0.7093   -0.7044   -0.0256
   -0.0914   -0.0558   -0.9943
    0.6990    0.7076   -0.1040
...    92 T-A ...
  -80.5045   44.9055  -93.7492
    0.5249   -0.6093   -0.5944
   -0.4691    0.3756   -0.7993
    0.7102    0.6984   -0.0887
...    93 T-A ...
  -78.0162   47.0053  -93.8451
    0.1721   -0.2557   -0.9513
   -0.6787    0.6692   -0.3026
    0.7140    0.6977   -0.0584
...    94 A-T ...
  -75.9707   49.7341  -93.9657
   -0.2704    0.2943   -0.9166
   -0.6293    0.6665    0.3997
    0.7286    0.6849    0.0050
...    95 A-T ...
  -73.4053   51.7568  -94.1041
   -0.5508    0.6670   -0.5018
   -0.3634    0.3495    0.8636
    0.7513    0.6580    0.0499
...    96 C-G ...
  -70.7923   53.8100  -94.5373
   -0.6650    0.7457    0.0411
   -0.0178   -0.0708    0.9973
    0.7466    0.6625    0.0604
...    97 A-T ...
  -68.2231   55.9004  -94.0884
   -0.6144    0.5020    0.6087
    0.3700   -0.4981    0.7842
    0.6969    0.7070    0.1203
...    98 C-G ...
  -66.2726   58.5664  -94.0591
   -0.3586    0.1326    0.9240
    0.6339   -0.6921    0.3453
    0.6853    0.7095    0.1641
...    99 T-A ...
  -64.2606   61.1109  -93.4079
   -0.0362   -0.3188    0.9471
    0.7374   -0.6482   -0.1900
    0.6745    0.6916    0.2585
...   100 T-A ...
  -62.2263   63.4197  -92.4264
    0.3500   -0.6621    0.6627
    0.6391   -0.3484   -0.6857
    0.6849    0.6635    0.3012
...   101 T-A ...
  -60.1017   65.5365  -91.2200
    0.6236   -0.7675    0.1486
    0.3462    0.1007   -0.9328
    0.7009    0.6331    0.3285
...   102 A-T ...
  -57.5957   67.5094  -90.2093
    0.6605   -0.5955   -0.4573
   -0.0548    0.5693   -0.8203
    0.7488    0.5669    0.3434
...   103 T-A ...
  -55.0068   68.8274  -88.6348
    0.5472   -0.2118   -0.8097
   -0.3766    0.8017   -0.4642
    0.7475    0.5590    0.3589
...   104 G-C ...
  -52.5681   70.9036  -87.7107
    0.1843    0.2819   -0.9416
   -0.5969    0.7932    0.1207
    0.7809    0.5398    0.3144
...   105 C-G ...
  -49.7156   72.4468  -86.8625
   -0.1913    0.6732   -0.7143
   -0.5920    0.5013    0.6310
    0.7829    0.5436    0.3026
...   106 T-A ...
  -46.9655   74.2064  -86.1419
   -0.5024    0.8238   -0.2627
   -0.3959    0.0509    0.9169
    0.7687    0.5646    0.3006
...   107 T-A ...
  -44.3461   76.0065  -85.4176
   -0.6237    0.7098    0.3275
   -0.0508   -0.4549    0.8891
    0.7800    0.5379    0.3198
...   108 C-G ...
  -41.7452   77.7798  -84.4517
   -0.5700    0.2738    0.7747
    0.3157   -0.7975    0.5142
    0.7586    0.5377    0.3681
...   109 C-G ...
  -39.3427   79.8575  -83.2937
   -0.3993   -0.2650    0.8777
    0.5758   -0.8175    0.0151
    0.7135    0.5114    0.4790
...   110 G-C ...
  -36.8195   81.2535  -81.5640
   -0.1363   -0.7474    0.6503
    0.7272   -0.5212   -0.4466
    0.6727    0.4121    0.6145
...   111 G-C ...
  -34.8415   82.4671  -79.1220
    0.1983   -0.9523    0.2320
    0.7222   -0.0180   -0.6914
    0.6626    0.3047    0.6842
...   112 C-G ...
  -32.9107   83.0918  -76.5045
    0.5251   -0.8220   -0.2205
    0.5287    0.5181   -0.6723
    0.6669    0.2364    0.7066
...   113 T-A ...
  -30.7300   83.4507  -74.0256
    0.6954   -0.4237   -0.5804
    0.2041    0.8909   -0.4057
    0.6890    0.1637    0.7060
...   114 C-G ...
  -28.3302   83.8087  -71.7882
    0.6823    0.2004   -0.7031
   -0.2359    0.9706    0.0477
    0.6920    0.1333    0.7095
...   115 G-C ...
  -26.1114   84.7113  -69.4165
    0.3880    0.7260   -0.5678
   -0.5681    0.6735    0.4730
    0.7258    0.1391    0.6737
...   116 T-A ...
  -23.3021   84.8602  -67.5582
    0.0222    0.9759   -0.2169
   -0.6977    0.1706    0.6958
    0.7161    0.1359    0.6847
...   117 A-T ...
  -21.2236   85.0468  -64.8681
   -0.4146    0.8533    0.3163
   -0.5743   -0.5149    0.6364
    0.7059    0.0823    0.7035
...   118 T-A ...
  -18.6364   85.7676  -62.9520
   -0.6555    0.4660    0.5942
   -0.2912   -0.8820    0.3704
    0.6967    0.0698    0.7139
...   119 A-T ...
  -16.3668   85.9779  -60.5011
   -0.7783   -0.1464    0.6105
    0.1516   -0.9875   -0.0435
    0.6093    0.0587    0.7908
...   120 A-T ...
  -14.5344   86.3024  -57.8626
   -0.5910   -0.6804    0.4332
    0.5704   -0.7323   -0.3719
    0.5703    0.0273    0.8210
...   121 T-A ...
  -13.2124   86.6838  -54.9039
   -0.2473   -0.9567    0.1538
    0.7990   -0.2911   -0.5262
    0.5481   -0.0073    0.8364
...   122 G-C ...
  -11.3071   86.2507  -52.1718
    0.1864   -0.9424   -0.2778
    0.8351    0.3009   -0.4605
    0.5175   -0.1461    0.8431
...   123 T-A ...
  -10.0706   85.2928  -49.2530
    0.5896   -0.6320   -0.5029
    0.6244    0.7516   -0.2125
    0.5123   -0.1887    0.8378
...   124 G-C ...
   -8.0317   84.7901  -46.6462
    0.8225   -0.0453   -0.5669
    0.1771    0.9677    0.1796
    0.5405   -0.2482    0.8039
...   125 T-A ...
   -6.1818   83.3577  -44.2213
    0.7927    0.4876   -0.3659
   -0.2969    0.8330    0.4669
    0.5325   -0.2615    0.8050
...   126 C-G ...
   -4.3608   82.4003  -41.6128
    0.4519    0.8919    0.0161
   -0.7278    0.3582    0.5848
    0.5158   -0.2760    0.8110
...   127 G-C ...
   -3.1048   81.4004  -38.6359
   -0.0952    0.9488    0.3013
   -0.8695   -0.2267    0.4389
    0.4847   -0.2202    0.8465
...   128 A-T ...
   -1.4136   80.5515  -35.9387
   -0.6137    0.6301    0.4758
   -0.6533   -0.7436    0.1422
    0.4434   -0.2236    0.8680
...   129 C-G ...
    0.3114   80.3441  -33.1338
   -0.8885    0.1522    0.4329
   -0.2335   -0.9621   -0.1409
    0.3950   -0.2262    0.8904
...   130 C-G ...
    1.6040   79.8868  -30.0469
   -0.9185   -0.3589    0.1659
    0.2865   -0.8934   -0.3460
    0.2724   -0.2702    0.9235
...   131 A-T ...
    2.3767   78.8287  -26.9482
   -0.6367   -0.7437   -0.2036
    0.7595   -0.5593   -0.3323
    0.1333   -0.3662    0.9209
...   132 A-T ...
    2.5413   77.6007  -23.9664
   -0.1019   -0.9104   -0.4009
    0.9904   -0.0551   -0.1267
    0.0933   -0.4100    0.9073
...   133 A-T ...
    2.5901   76.1175  -21.0849
    0.4836   -0.7719   -0.4127
    0.8726    0.4622    0.1581
    0.0687   -0.4366    0.8970
...   134 T-A ...
    2.3094   74.2287  -18.3854
    0.8657   -0.4292   -0.2574
    0.4984    0.7868    0.3642
    0.0462   -0.4436    0.8950
...   135 G-C ...
    1.4370   72.0949  -15.6003
    0.9809    0.0621    0.1844
   -0.1263    0.9241    0.3606
   -0.1480   -0.3770    0.9143
...   136 T-A ...
    0.5300   69.2373  -13.4652
    0.7353    0.4962    0.4617
   -0.6117    0.7791    0.1369
   -0.2918   -0.3831    0.8764
...   137 G-C ...
   -0.1631   67.4090  -10.8055
    0.1799    0.8794    0.4409
   -0.9276    0.3008   -0.2216
   -0.3275   -0.3691    0.8698
...   138 A-T ...
   -0.1294   66.2154   -7.8181
   -0.3749    0.8569    0.3537
   -0.8857   -0.2184   -0.4097
   -0.2739   -0.4669    0.8408
...   139 G-C ...
   -1.0031   65.6050   -4.9384
   -0.8337    0.5216    0.1812
   -0.5170   -0.6221   -0.5880
   -0.1940   -0.5840    0.7883
...   140 C-G ...
   -0.6941   63.8984   -2.2498
   -0.9992    0.0157   -0.0376
    0.0023   -0.8992   -0.4375
   -0.0406   -0.4373    0.8984
...   141 G-C ...
   -3.4331   60.2357    1.0302
   -0.4426    0.2288   -0.8671
    0.1684   -0.9285   -0.3310
   -0.8808   -0.2925    0.3724
...   142 C-G ...
   -6.3247   59.0804    1.6313
   -0.2968   -0.3279   -0.8969
    0.5658   -0.8170    0.1115
   -0.7693   -0.4743    0.4280
...   143 T-A ...
   -8.6731   58.7216    3.6046
   -0.0344   -0.7815   -0.6229
    0.6534   -0.4892    0.5777
   -0.7562   -0.3872    0.5275
...   144 C-G ...
  -11.6514   58.0074    4.7219
    0.2453   -0.9542   -0.1714
    0.6321    0.0234    0.7745
   -0.7350   -0.2984    0.6089
...   145 A-T ...
  -14.1725   56.5626    6.1819
    0.5795   -0.7268    0.3686
    0.3140    0.6165    0.7220
   -0.7520   -0.3027    0.5855
...   146 C-G ...
  -16.4614   53.8913    7.5169
    0.5336   -0.3333    0.7773
   -0.0346    0.9097    0.4138
   -0.8450   -0.2477    0.4739
...   147 A-T ...
  -19.0125   52.0328    8.9267
    0.2451    0.2906    0.9249
   -0.3073    0.9281   -0.2101
   -0.9195   -0.2327    0.3168
