  147 base-pairs
...     1 A-T ...
    0.0000    0.0000    0.0000
    1.0000    0.0000    0.0000
    0.0000    1.0000    0.0000
    0.0000    0.0000    1.0000
...     2 G-C ...
   -0.1404   -1.2353    3.2259
    0.7530    0.6366    0.1668
   -0.6385    0.7681   -0.0490
   -0.1593   -0.0696    0.9848
...     3 T-A ...
   -0.0377   -3.2918    6.3749
    0.2722    0.9302    0.2464
   -0.9238    0.3243   -0.2034
   -0.2691   -0.1722    0.9476
...     4 G-C ...
   -0.3520   -4.1638    9.4928
   -0.3756    0.9250    0.0576
   -0.8780   -0.3352   -0.3416
   -0.2967   -0.1788    0.9381
...     5 A-T ...
   -0.4480   -4.1448   12.7498
   -0.8116    0.5839   -0.0166
   -0.5522   -0.7762   -0.3042
   -0.1905   -0.2377    0.9525
...     6 G-C ...
   -1.5926   -4.1701   15.6201
   -0.9976    0.0246   -0.0651
   -0.0043   -0.9555   -0.2950
   -0.0694   -0.2940    0.9533
...     7 C-G ...
   -1.1050   -4.4793   18.7363
   -0.8442   -0.5302   -0.0787
    0.5343   -0.8442   -0.0430
   -0.0437   -0.0784    0.9960
...     8 G-C ...
   -2.4044   -7.7255   23.1483
   -0.2753   -0.3294   -0.9032
    0.6650   -0.7437    0.0686
   -0.6943   -0.5817    0.4238
...     9 C-G ...
   -4.4706   -9.9691   24.1142
    0.1145   -0.7026   -0.7023
    0.8512   -0.2951    0.4341
   -0.5123   -0.6475    0.5642
...    10 T-A ...
   -6.7420  -10.8705   25.9717
    0.4841   -0.8363   -0.2573
    0.6594    0.1554    0.7356
   -0.5752   -0.5257    0.6267
...    11 C-G ...
   -9.1682  -12.6167   27.1662
    0.7073   -0.6683    0.2306
    0.3450    0.6110    0.7125
   -0.6170   -0.4243    0.6627
...    12 A-T ...
  -10.9253  -14.6583   29.0713
    0.7515   -0.1377    0.6452
   -0.2027    0.8824    0.4245
   -0.6278   -0.4498    0.6352
...    13 C-G ...
  -11.8495  -17.4796   31.2472
    0.4294    0.2824    0.8578
   -0.5708    0.8209    0.0155
   -0.6998   -0.4963    0.5137
...    14 A-T ...
  -13.5915  -19.7756   33.4284
   -0.1503    0.6106    0.7775
   -0.6874    0.5007   -0.5261
   -0.7106   -0.6135    0.3445
...    15 A-T ...
  -15.7500  -21.8709   34.6629
   -0.5214    0.7893    0.3242
   -0.4465    0.0715   -0.8919
   -0.7272   -0.6098    0.3151
...    16 T-A ...
  -17.9123  -23.7284   36.2773
   -0.6518    0.7355   -0.1850
   -0.1107   -0.3336   -0.9362
   -0.7503   -0.5897    0.2988
...    17 T-A ...
  -20.3895  -25.5010   37.3405
   -0.5461    0.4581   -0.7014
    0.2732   -0.6941   -0.6660
   -0.7919   -0.5554    0.2539
...    18 T-A ...
  -23.0668  -27.1127   38.1356
   -0.2416    0.0238   -0.9701
    0.5136   -0.8451   -0.1486
   -0.8233   -0.5341    0.1919
...    19 A-T ...
  -25.9014  -28.8710   38.4221
    0.2058   -0.4026   -0.8920
    0.4967   -0.7424    0.4496
   -0.8432   -0.5356    0.0472
...    20 T-A ...
  -28.8973  -30.1893   38.0596
    0.4350   -0.7262   -0.5323
    0.2992   -0.4410    0.8462
   -0.8493   -0.5274    0.0254
...    21 T-A ...
  -31.7159  -31.8163   37.8205
    0.4876   -0.8700    0.0729
   -0.0311    0.0661    0.9973
   -0.8725   -0.4886    0.0052
...    22 C-G ...
  -34.5304  -33.5710   37.7280
    0.3405   -0.6595    0.6702
   -0.3381    0.5793    0.7417
   -0.8774   -0.4791   -0.0257
...    23 G-C ...
  -37.6836  -34.7729   37.8965
    0.0952   -0.1716    0.9806
   -0.4733    0.8588    0.1963
   -0.8757   -0.4828    0.0006
...    24 C-G ...
  -40.4395  -36.6960   37.7883
   -0.1735    0.3545    0.9188
   -0.4193    0.8176   -0.3946
   -0.8911   -0.4537    0.0068
...    25 A-T ...
  -43.4972  -38.0233   37.4791
   -0.3087    0.8066    0.5041
   -0.2123    0.4582   -0.8631
   -0.9272   -0.3735    0.0297
...    26 A-T ...
  -46.4756  -39.2655   37.7555
   -0.3439    0.9355   -0.0812
    0.0206   -0.0789   -0.9967
   -0.9388   -0.3444    0.0079
...    27 A-T ...
  -49.5479  -40.2401   37.9094
   -0.2126    0.7486   -0.6280
    0.2065   -0.5938   -0.7777
   -0.9551   -0.2950   -0.0284
...    28 G-C ...
  -52.7885  -40.8531   37.8376
    0.0416    0.3561   -0.9335
    0.2607   -0.9058   -0.3339
   -0.9645   -0.2295   -0.1306
...    29 G-C ...
  -56.0479  -41.1637   37.0049
    0.2885   -0.1660   -0.9430
    0.1296   -0.9690    0.2102
   -0.9487   -0.1829   -0.2581
...    30 C-G ...
  -59.0701  -41.4211   35.6405
    0.3561   -0.6644   -0.6571
   -0.1058   -0.7273    0.6781
   -0.9284   -0.1719   -0.3293
...    31 C-G ...
  -61.9721  -42.1801   34.0365
    0.2795   -0.9493   -0.1437
   -0.3558   -0.2414    0.9028
   -0.8918   -0.2012   -0.4053
...    32 G-C ...
  -65.0777  -43.1232   33.0606
    0.0420   -0.9010    0.4317
   -0.5081    0.3528    0.7857
   -0.8603   -0.2524   -0.4430
...    33 G-C ...
  -67.8677  -44.1648   31.4091
   -0.2365   -0.5273    0.8161
   -0.4485    0.8043    0.3897
   -0.8619   -0.2739   -0.4267
...    34 C-G ...
  -70.5909  -45.3814   29.8423
   -0.4404    0.0305    0.8973
   -0.2165    0.9663   -0.1391
   -0.8713   -0.2556   -0.4190
...    35 C-G ...
  -73.4573  -46.5009   28.3854
   -0.4232    0.5868    0.6904
    0.0942    0.7863   -0.6106
   -0.9011   -0.1934   -0.3881
...    36 C-G ...
  -76.5079  -47.4031   27.1956
   -0.2062    0.9387    0.2764
    0.3349    0.3331   -0.8814
   -0.9194   -0.0892   -0.3831
...    37 G-C ...
  -79.4461  -47.6547   25.5451
    0.1682    0.9666   -0.1933
    0.3992   -0.2461   -0.8832
   -0.9013    0.0714   -0.4272
...    38 A-T ...
  -82.3772  -47.3107   24.1624
    0.4440    0.6338   -0.6333
    0.2120   -0.7611   -0.6131
   -0.8706    0.1380   -0.4723
...    39 C-G ...
  -85.1611  -46.2163   22.8258
    0.5446    0.1332   -0.8281
   -0.0794   -0.9747   -0.2090
   -0.8349    0.1796   -0.5202
...    40 A-T ...
  -87.8033  -45.6798   20.8231
    0.5002   -0.4637   -0.7313
   -0.4348   -0.8648    0.2509
   -0.7488    0.1925   -0.6342
...    41 C-G ...
  -89.8015  -44.6383   18.3673
    0.2050   -0.8581   -0.4707
   -0.6647   -0.4751    0.5766
   -0.7185    0.1947   -0.6678
...    42 G-C ...
  -92.4376  -44.4061   16.2525
   -0.1883   -0.9821   -0.0114
   -0.7136    0.1288    0.6886
   -0.6748    0.1378   -0.7251
...    43 A-T ...
  -94.5872  -44.0127   13.7482
   -0.6026   -0.6906    0.3999
   -0.4502    0.7079    0.5442
   -0.6590    0.1479   -0.7375
...    44 C-G ...
  -96.5757  -44.0585   11.0195
   -0.7585   -0.1874    0.6242
   -0.0409    0.9695    0.2415
   -0.6504    0.1576   -0.7430
...    45 T-A ...
  -98.8120  -43.8029    8.5385
   -0.6343    0.3757    0.6757
    0.3964    0.9084   -0.1330
   -0.6638    0.1835   -0.7251
...    46 T-A ...
 -101.0440  -43.4277    6.1975
   -0.2834    0.8389    0.4646
    0.7128    0.5084   -0.4832
   -0.6416    0.1942   -0.7421
...    47 A-T ...
 -103.0452  -42.6911    3.6025
    0.2639    0.9538    0.1437
    0.7404   -0.1049   -0.6639
   -0.6181    0.2816   -0.7339
...    48 C-G ...
 -105.4067  -41.5103    1.6496
    0.6534    0.7348   -0.1824
    0.4834   -0.5903   -0.6465
   -0.5826    0.3342   -0.7408
...    49 T-A ...
 -107.2539  -40.0369   -0.6689
    0.8653    0.2694   -0.4227
    0.0379   -0.8761   -0.4807
   -0.4998    0.3999   -0.7682
...    50 G-C ...
 -108.6063  -38.7863   -3.4861
    0.7851   -0.3337   -0.5218
   -0.4944   -0.8451   -0.2034
   -0.3732    0.4176   -0.8284
...    51 T-A ...
 -109.2610  -37.0337   -6.2232
    0.4083   -0.7477   -0.5237
   -0.8494   -0.5213    0.0820
   -0.3342    0.4114   -0.8480
...    52 A-T ...
 -110.7585  -35.7900   -9.0150
   -0.2551   -0.8925   -0.3720
   -0.9174    0.1019    0.3848
   -0.3055    0.4394   -0.8447
...    53 G-C ...
 -111.5063  -34.4675  -12.0050
   -0.7166   -0.6925   -0.0831
   -0.6277    0.5885    0.5096
   -0.3040    0.4174   -0.8564
...    54 G-C ...
 -112.4436  -33.2601  -15.0451
   -0.9351   -0.2468    0.2542
   -0.1076    0.8814    0.4600
   -0.3376    0.4028   -0.8508
...    55 T-A ...
 -113.6093  -32.4926  -18.1123
   -0.8415    0.2733    0.4660
    0.4263    0.8658    0.2620
   -0.3318    0.4191   -0.8451
...    56 A-T ...
 -114.2560  -30.7762  -20.9839
   -0.3621    0.7766    0.5155
    0.8841    0.4614   -0.0741
   -0.2954    0.4289   -0.8537
...    57 T-A ...
 -115.8231  -29.5506  -23.6073
    0.1503    0.8973    0.4151
    0.9476   -0.0110   -0.3193
   -0.2819    0.4414   -0.8519
...    58 C-G ...
 -116.7791  -28.0621  -26.3753
    0.7028    0.6832    0.1982
    0.6706   -0.5432   -0.5053
   -0.2375    0.4880   -0.8399
...    59 T-A ...
 -117.5400  -26.1277  -28.9595
    0.9718    0.2344   -0.0244
    0.1808   -0.8078   -0.5610
   -0.1512    0.5408   -0.8275
...    60 C-G ...
 -117.8236  -24.2732  -31.6468
    0.8958   -0.3218   -0.3064
   -0.4361   -0.7692   -0.4671
   -0.0854    0.5520   -0.8294
...    61 G-C ...
 -117.9691  -22.8220  -34.7119
    0.4871   -0.7609   -0.4288
   -0.8724   -0.4004   -0.2805
    0.0417    0.5106   -0.8588
...    62 A-T ...
 -117.6511  -21.2407  -37.6065
   -0.1469   -0.8519   -0.5026
   -0.9864    0.1643    0.0099
    0.0741    0.4972   -0.8645
...    63 G-C ...
 -117.1108  -19.7550  -40.5656
   -0.6734   -0.6269   -0.3919
   -0.7354    0.6221    0.2685
    0.0755    0.4690   -0.8800
...    64 C-G ...
 -116.6830  -18.5196  -43.6685
   -0.9738   -0.1634   -0.1585
   -0.2176    0.8722    0.4381
    0.0666    0.4611   -0.8848
...    65 T-A ...
 -116.5274  -17.2417  -46.7673
   -0.9305    0.3404    0.1353
    0.3637    0.8141    0.4528
    0.0440    0.4705   -0.8813
...    66 C-G ...
 -116.3548  -15.7707  -49.7354
   -0.5131    0.7590    0.4009
    0.8567    0.4244    0.2930
    0.0523    0.4938   -0.8680
...    67 G-C ...
 -115.7143  -14.0575  -52.5972
    0.0678    0.7978    0.5991
    0.9948   -0.0995    0.0199
    0.0755    0.5946   -0.8004
...    68 G-C ...
 -115.6782  -11.9513  -55.2410
    0.5971    0.5392    0.5939
    0.7900   -0.5236   -0.3189
    0.1390    0.6596   -0.7386
...    69 G-C ...
 -115.2577   -9.4792  -57.5003
    0.9116    0.0831    0.4025
    0.3352   -0.7169   -0.6113
    0.2377    0.6922   -0.6814
...    70 A-T ...
 -114.3373   -7.1621  -59.6325
    0.9165   -0.3999    0.0005
   -0.2636   -0.6051   -0.7512
    0.3008    0.6884   -0.6600
...    71 T-A ...
 -112.9856   -4.6489  -61.2631
    0.6469   -0.6636   -0.3757
   -0.6915   -0.3029   -0.6558
    0.3214    0.6840   -0.6548
...    72 C-G ...
 -111.7209   -2.5412  -63.4571
    0.0938   -0.7248   -0.6825
   -0.9287    0.1833   -0.3223
    0.3588    0.6641   -0.6559
...    73 T-A ...
 -110.2071   -0.5720  -65.6967
   -0.4445   -0.5206   -0.7290
   -0.8109    0.5796    0.0806
    0.3805    0.6270   -0.6798
...    74 C-G ...
 -108.9034    1.3930  -68.0279
   -0.8449   -0.0492   -0.5327
   -0.3646    0.7816    0.5061
    0.3915    0.6218   -0.6783
...    75 A-T ...
 -107.6126    3.7302  -70.0435
   -0.9097    0.4063   -0.0860
    0.2230    0.6527    0.7241
    0.3504    0.6395   -0.6843
...    76 T-A ...
 -106.7406    5.4291  -72.7574
   -0.6518    0.6988    0.2946
    0.6606    0.3324    0.6732
    0.3725    0.6334   -0.6783
...    77 G-C ...
 -105.3030    7.6363  -74.8324
   -0.1742    0.6969    0.6957
    0.9168   -0.1430    0.3728
    0.3593    0.7028   -0.6140
...    78 T-A ...
 -104.6936   10.1507  -76.9041
    0.3237    0.4787    0.8162
    0.8653   -0.4988   -0.0506
    0.3829    0.7226   -0.5756
...    79 T-A ...
 -103.5778   12.6144  -78.6838
    0.7455    0.0766    0.6621
    0.5240   -0.6813   -0.5112
    0.4119    0.7280   -0.5481
...    80 A-T ...
 -102.0031   15.0215  -80.4007
    0.8569   -0.4224    0.2956
    0.0064   -0.5646   -0.8253
    0.5155    0.7091   -0.4811
...    81 T-A ...
 -100.1528   17.5648  -81.3431
    0.7297   -0.6648   -0.1598
   -0.4250   -0.2579   -0.8677
    0.5356    0.7011   -0.4708
...    82 A-T ...
  -98.4122   19.8062  -83.1693
    0.2889   -0.6975   -0.6558
   -0.7669    0.2414   -0.5947
    0.5731    0.6747   -0.4652
...    83 A-T ...
  -96.2991   21.8547  -84.5766
   -0.2002   -0.3977   -0.8954
   -0.7851    0.6118   -0.0962
    0.5861    0.6838   -0.4347
...    84 C-G ...
  -93.9111   23.6342  -86.1456
   -0.5925    0.0020   -0.8056
   -0.5427    0.7380    0.4010
    0.5953    0.6747   -0.4362
...    85 G-C ...
  -92.1156   26.2331  -87.3515
   -0.8298    0.3986   -0.3907
   -0.0844    0.6024    0.7937
    0.5517    0.6916   -0.4662
...    86 G-C ...
  -90.2142   28.4247  -89.1217
   -0.7643    0.6262    0.1541
    0.3933    0.2632    0.8810
    0.5111    0.7339   -0.4474
...    87 A-T ...
  -88.4925   30.7563  -90.6881
   -0.3913    0.6345    0.6666
    0.7629   -0.1813    0.6205
    0.5146    0.7514   -0.4131
...    88 C-G ...
  -87.3277   33.4096  -92.2832
    0.0513    0.4067    0.9121
    0.8521   -0.4941    0.1724
    0.5208    0.7684   -0.3719
...    89 G-C ...
  -85.2586   35.8142  -93.4407
    0.4331   -0.0591    0.8994
    0.6886   -0.6222   -0.3724
    0.5816    0.7806   -0.2288
...    90 C-G ...
  -83.5417   38.6194  -93.7911
    0.6961   -0.4445    0.5638
    0.3536   -0.4711   -0.8081
    0.6248    0.7619   -0.1708
...    91 T-A ...
  -81.3823   41.1269  -93.9468
    0.7231   -0.6884    0.0570
   -0.0392   -0.1233   -0.9916
    0.6897    0.7147   -0.1162
...    92 T-A ...
  -79.0532   43.3844  -94.0693
    0.5648   -0.6362   -0.5255
   -0.4344    0.3121   -0.8449
    0.7016    0.7055   -0.1001
...    93 T-A ...
  -76.5998   45.5235  -94.1864
    0.2235   -0.3146   -0.9225
   -0.6734    0.6344   -0.3795
    0.7047    0.7061   -0.0701
...    94 A-T ...
  -74.5999   48.2848  -94.3904
   -0.2291    0.2308   -0.9456
   -0.6581    0.6791    0.3252
    0.7173    0.6968   -0.0037
...    95 A-T ...
  -72.0593   50.3394  -94.5338
   -0.5342    0.6257   -0.5684
   -0.4099    0.3963    0.8215
    0.7393    0.6719    0.0448
...    96 C-G ...
  -69.4529   52.4046  -94.9682
   -0.6748    0.7371   -0.0364
   -0.0651   -0.0104    0.9978
    0.7351    0.6757    0.0550
...    97 A-T ...
  -66.9279   54.5485  -94.5182
   -0.6464    0.5300    0.5489
    0.3377   -0.4464    0.8287
    0.6842    0.7210    0.1096
...    98 C-G ...
  -65.0009   57.2335  -94.5602
   -0.4009    0.1828    0.8977
    0.6230   -0.6640    0.4135
    0.6717    0.7251    0.1523
...    99 T-A ...
  -63.0363   59.8314  -93.9732
   -0.0757   -0.2636    0.9616
    0.7493   -0.6513   -0.1196
    0.6579    0.7115    0.2469
...   100 T-A ...
  -61.0595   62.2096  -93.0417
    0.3243   -0.6203    0.7142
    0.6704   -0.3820   -0.6362
    0.6674    0.6851    0.2920
...   101 T-A ...
  -58.9980   64.4062  -91.8701
    0.6193   -0.7541    0.2186
    0.3860    0.0501   -0.9211
    0.6837    0.6548    0.3221
...   102 A-T ...
  -56.5422   66.4394  -90.8556
    0.6789   -0.6193   -0.3943
   -0.0191    0.5220   -0.8527
    0.7340    0.5865    0.3425
...   103 T-A ...
  -54.0209   67.8467  -89.2506
    0.5803   -0.2568   -0.7728
   -0.3553    0.7741   -0.5240
    0.7328    0.5786    0.3580
...   104 G-C ...
  -51.6165   69.9739  -88.3479
    0.2237    0.2297   -0.9472
   -0.5989    0.7991    0.0523
    0.7689    0.5556    0.3163
...   105 C-G ...
  -48.7945   71.5616  -87.4740
   -0.1595    0.6343   -0.7565
   -0.6148    0.5357    0.5788
    0.7724    0.5574    0.3046
...   106 T-A ...
  -46.0666   73.3516  -86.7369
   -0.4871    0.8109   -0.3244
   -0.4312    0.0997    0.8967
    0.7595    0.5767    0.3011
...   107 T-A ...
  -43.4639   75.1746  -86.0046
   -0.6300    0.7288    0.2683
   -0.0874   -0.4099    0.9079
    0.7717    0.5485    0.3219
...   108 C-G ...
  -40.8815   76.9749  -85.0315
   -0.5946    0.3149    0.7398
    0.2901   -0.7741    0.5627
    0.7499    0.5492    0.3689
...   109 C-G ...
  -38.4945   79.0842  -83.8948
   -0.4313   -0.2204    0.8749
    0.5667   -0.8207    0.0726
    0.7020    0.5271    0.4788
...   110 G-C ...
  -36.0091   80.5402  -82.1562
   -0.1655   -0.7158    0.6785
    0.7350   -0.5482   -0.3991
    0.6575    0.4326    0.6168
...   111 G-C ...
  -34.0926   81.8470  -79.7135
    0.1793   -0.9433    0.2794
    0.7427   -0.0565   -0.6673
    0.6452    0.3272    0.6904
...   112 C-G ...
  -32.2361   82.5649  -77.0667
    0.5203   -0.8370   -0.1691
    0.5552    0.4821   -0.6777
    0.6488    0.2587    0.7156
...   113 T-A ...
  -30.1234   83.0023  -74.5421
    0.7054   -0.4569   -0.5420
    0.2284    0.8703   -0.4364
    0.6711    0.1841    0.7182
...   114 C-G ...
  -27.7782   83.4207  -72.2577
    0.7041    0.1617   -0.6915
   -0.2223    0.9750    0.0017
    0.6744    0.1525    0.7224
...   115 G-C ...
  -25.6009   84.3908  -69.8715
    0.4143    0.6973   -0.5849
   -0.5688    0.7000    0.4318
    0.7105    0.1538    0.6866
...   116 T-A ...
  -22.8359   84.5684  -67.9478
    0.0440    0.9668   -0.2519
   -0.7118    0.2072    0.6711
    0.7010    0.1498    0.6972
...   117 A-T ...
  -20.8382   84.8062  -65.1929
   -0.4064    0.8688    0.2828
   -0.5974   -0.4869    0.6373
    0.6914    0.0900    0.7169
...   118 T-A ...
  -18.2790   85.5349  -63.2394
   -0.6593    0.4927    0.5679
   -0.3145   -0.8668    0.3869
    0.6829    0.0765    0.7265
...   119 A-T ...
  -16.0492   85.7373  -60.7484
   -0.7889   -0.1219    0.6023
    0.1373   -0.9903   -0.0205
    0.5989    0.0665    0.7980
...   120 A-T ...
  -14.2451   86.0901  -58.0930
   -0.6057   -0.6634    0.4393
    0.5648   -0.7474   -0.3500
    0.5605    0.0361    0.8274
...   121 T-A ...
  -12.9531   86.5122  -55.1263
   -0.2619   -0.9502    0.1691
    0.8012   -0.3117   -0.5108
    0.5381    0.0017    0.8429
...   122 G-C ...
  -11.0834   86.1088  -52.3632
    0.1770   -0.9496   -0.2588
    0.8439    0.2818   -0.4565
    0.5064   -0.1376    0.8512
...   123 T-A ...
   -9.8900   85.1856  -49.4159
    0.5865   -0.6478   -0.4862
    0.6361    0.7400   -0.2186
    0.5014   -0.1810    0.8460
...   124 G-C ...
   -7.8806   84.6975  -46.7812
    0.8268   -0.0642   -0.5588
    0.1876    0.9680    0.1664
    0.5302   -0.2425    0.8124
...   125 T-A ...
   -6.0668   83.2795  -44.3208
    0.8014    0.4729   -0.3662
   -0.2907    0.8430    0.4526
    0.5228   -0.2563    0.8130
...   126 C-G ...
   -4.2744   82.3411  -41.6847
    0.4619    0.8869    0.0084
   -0.7281    0.3738    0.5746
    0.5065   -0.2715    0.8184
...   127 G-C ...
   -3.0514   81.3693  -38.6826
   -0.0873    0.9526    0.2916
   -0.8744   -0.2135    0.4356
    0.4772   -0.2170    0.8516
...   128 A-T ...
   -1.3843   80.5280  -35.9654
   -0.6104    0.6389    0.4681
   -0.6606   -0.7368    0.1442
    0.4370   -0.2212    0.8718
...   129 C-G ...
    0.3276   80.3232  -33.1488
   -0.8891    0.1612    0.4285
   -0.2400   -0.9611   -0.1365
    0.3898   -0.2242    0.8932
...   130 C-G ...
    1.6121   79.8679  -30.0567
   -0.9209   -0.3532    0.1648
    0.2826   -0.8963   -0.3417
    0.2684   -0.2681    0.9252
...   131 A-T ...
    2.3823   78.8126  -26.9554
   -0.6386   -0.7425   -0.2023
    0.7583   -0.5624   -0.3296
    0.1310   -0.3639    0.9222
...   132 A-T ...
    2.5434   77.5924  -23.9699
   -0.1030   -0.9112   -0.3990
    0.9905   -0.0570   -0.1255
    0.0916   -0.4081    0.9083
...   133 A-T ...
    2.5910   76.1153  -21.0854
    0.4833   -0.7726   -0.4117
    0.8728    0.4617    0.1583
    0.0678   -0.4358    0.8975
...   134 T-A ...
    2.3094   74.2286  -18.3853
    0.8657   -0.4292   -0.2574
    0.4984    0.7868    0.3642
    0.0462   -0.4436    0.8950
...   135 G-C ...
    1.4371   72.0948  -15.6002
    0.9809    0.0621    0.1844
   -0.1263    0.9241    0.3606
   -0.1480   -0.3770    0.9143
...   136 T-A ...
    0.5301   69.2373  -13.4651
    0.7353    0.4962    0.4617
   -0.6117    0.7791    0.1369
   -0.2918   -0.3831    0.8764
...   137 G-C ...
   -0.1630   67.4089  -10.8054
    0.1799    0.8794    0.4409
   -0.9276    0.3008   -0.2216
   -0.3275   -0.3691    0.8698
...   138 A-T ...
   -0.1293   66.2153   -7.8180
   -0.3749    0.8569    0.3537
   -0.8857   -0.2184   -0.4097
   -0.2739   -0.4669    0.8408
...   139 G-C ...
   -1.0030   65.6050   -4.9383
   -0.8337    0.5216    0.1812
   -0.5170   -0.6221   -0.5880
   -0.1940   -0.5840    0.7883
...   140 C-G ...
   -0.6940   63.8984   -2.2497
   -0.9992    0.0157   -0.0376
    0.0023   -0.8992   -0.4375
   -0.0406   -0.4373    0.8984
...   141 G-C ...
   -3.4330   60.2356    1.0303
   -0.4426    0.2288   -0.8671
    0.1684   -0.9285   -0.3310
   -0.8808   -0.2925    0.3724
...   142 C-G ...
   -6.3246   59.0803    1.6314
   -0.2968   -0.3279   -0.8969
    0.5658   -0.8170    0.1115
   -0.7693   -0.4743    0.4280
...   143 T-A ...
   -8.6731   58.7215    3.6047
   -0.0344   -0.7815   -0.6229
    0.6534   -0.4892    0.5777
   -0.7562   -0.3872    0.5275
...   144 C-G ...
  -11.6513   58.0074    4.7220
    0.2453   -0.9542   -0.1714
    0.6321    0.0234    0.7745
   -0.7350   -0.2984    0.6089
...   145 A-T ...
  -14.1725   56.5625    6.1820
    0.5795   -0.7268    0.3686
    0.3140    0.6165    0.7220
   -0.7520   -0.3027    0.5855
...   146 C-G ...
  -16.4613   53.8912    7.5170
    0.5336   -0.3333    0.7773
   -0.0346    0.9097    0.4138
   -0.8450   -0.2477    0.4739
...   147 A-T ...
  -19.0124   52.0327    8.9268
    0.2451    0.2906    0.9249
   -0.3073    0.9281   -0.2101
   -0.9195   -0.2327    0.3168
