  147 base-pairs
...     1 A-T ...
    0.0000    0.0000    0.0000
    1.0000    0.0000    0.0000
    0.0000    1.0000    0.0000
    0.0000    0.0000    1.0000
...     2 G-C ...
   -0.1404   -1.2353    3.2259
    0.7530    0.6366    0.1668
   -0.6385    0.7681   -0.0490
   -0.1593   -0.0696    0.9848
...     3 T-A ...
   -0.0377   -3.2918    6.3749
    0.2722    0.9302    0.2464
   -0.9238    0.3243   -0.2034
   -0.2691   -0.1722    0.9476
...     4 G-C ...
   -0.3520   -4.1638    9.4928
   -0.3756    0.9250    0.0576
   -0.8780   -0.3352   -0.3416
   -0.2967   -0.1788    0.9381
...     5 A-T ...
   -0.4480   -4.1448   12.7498
   -0.8116    0.5839   -0.0166
   -0.5522   -0.7762   -0.3042
   -0.1905   -0.2377    0.9525
...     6 G-C ...
   -1.5926   -4.1701   15.6201
   -0.9976    0.0246   -0.0651
   -0.0043   -0.9555   -0.2950
   -0.0694   -0.2940    0.9533
...     7 C-G ...
   -1.1050   -4.4793   18.7363
   -0.8442   -0.5302   -0.0787
    0.5343   -0.8442   -0.0430
   -0.0437   -0.0784    0.9960
...     8 G-C ...
   -2.4044   -7.7255   23.1483
   -0.2753   -0.3294   -0.9032
    0.6650   -0.7437    0.0686
   -0.6943   -0.5817    0.4238
...     9 C-G ...
   -4.4706   -9.9691   24.1142
    0.1145   -0.7026   -0.7023
    0.8512   -0.2951    0.4341
   -0.5123   -0.6475    0.5642
...    10 T-A ...
   -6.7420  -10.8705   25.9717
    0.4841   -0.8363   -0.2573
    0.6594    0.1554    0.7356
   -0.5752   -0.5257    0.6267
...    11 C-G ...
   -9.1682  -12.6167   27.1662
    0.7073   -0.6683    0.2306
    0.3450    0.6110    0.7125
   -0.6170   -0.4243    0.6627
...    12 A-T ...
  -10.9253  -14.6583   29.0713
    0.7515   -0.1377    0.6452
   -0.2027    0.8824    0.4245
   -0.6278   -0.4498    0.6352
...    13 C-G ...
  -11.8495  -17.4796   31.2472
    0.4294    0.2824    0.8578
   -0.5708    0.8209    0.0155
   -0.6998   -0.4963    0.5137
...    14 A-T ...
  -13.5915  -19.7756   33.4284
   -0.1503    0.6106    0.7775
   -0.6874    0.5007   -0.5261
   -0.7106   -0.6135    0.3445
...    15 A-T ...
  -15.7160  -21.9008   34.6809
   -0.5321    0.7773    0.3356
   -0.4464    0.0792   -0.8913
   -0.7194   -0.6241    0.3049
...    16 T-A ...
  -17.8423  -23.8317   36.2706
   -0.6687    0.7245   -0.1673
   -0.1041   -0.3140   -0.9437
   -0.7362   -0.6136    0.2854
...    17 T-A ...
  -20.2559  -25.6961   37.3232
   -0.5646    0.4642   -0.6825
    0.2909   -0.6619   -0.6908
   -0.7724   -0.5886    0.2387
...    18 T-A ...
  -22.8663  -27.4183   38.0885
   -0.2490    0.0647   -0.9663
    0.5418   -0.8177   -0.1944
   -0.8028   -0.5720    0.1685
...    19 A-T ...
  -25.7522  -29.0919   38.2281
    0.2304   -0.2800   -0.9320
    0.5299   -0.7672    0.3614
   -0.8162   -0.5771   -0.0284
...    20 T-A ...
  -28.6513  -30.5039   37.6603
    0.4844   -0.6152   -0.6220
    0.3202   -0.5369    0.7805
   -0.8141   -0.5773   -0.0631
...    21 T-A ...
  -31.3182  -32.2858   37.1387
    0.5664   -0.8219   -0.0604
   -0.0402   -0.1008    0.9941
   -0.8232   -0.5606   -0.0901
...    22 C-G ...
  -33.8876  -34.3118   36.7105
    0.4159   -0.7260    0.5476
   -0.4000    0.3947    0.8271
   -0.8167   -0.5631   -0.1263
...    23 G-C ...
  -36.7967  -35.9938   36.6726
    0.1230   -0.3434    0.9311
   -0.5910    0.7284    0.3467
   -0.7973   -0.5929   -0.1133
...    24 C-G ...
  -39.2368  -38.2468   36.1924
   -0.2244    0.1311    0.9657
   -0.5454    0.8043   -0.2359
   -0.8076   -0.5796   -0.1090
...    25 A-T ...
  -42.0304  -39.9381   35.5357
   -0.4502    0.6175    0.6450
   -0.2873    0.5838   -0.7594
   -0.8455   -0.5272   -0.0854
...    26 A-T ...
  -44.7163  -41.7584   35.4434
   -0.5256    0.8454    0.0949
    0.0474    0.1405   -0.9889
   -0.8494   -0.5153   -0.1139
...    27 A-T ...
  -47.5136  -43.3633   35.2507
   -0.3662    0.8024   -0.4712
    0.3426   -0.3546   -0.8700
   -0.8652   -0.4800   -0.1450
...    28 G-C ...
  -50.5157  -44.6592   34.8750
   -0.0293    0.5558   -0.8308
    0.4734   -0.7243   -0.5013
   -0.8803   -0.4080   -0.2420
...    29 G-C ...
  -53.5942  -45.5514   33.8519
    0.3420    0.1355   -0.9299
    0.3690   -0.9294    0.0003
   -0.8643   -0.3432   -0.3678
...    30 C-G ...
  -56.4109  -46.1928   32.2511
    0.5419   -0.3670   -0.7561
    0.0798   -0.8731    0.4810
   -0.8367   -0.3209   -0.4438
...    31 C-G ...
  -58.9150  -47.2451   30.2247
    0.5547   -0.7625   -0.3330
   -0.2953   -0.5546    0.7780
   -0.7779   -0.3333   -0.5328
...    32 G-C ...
  -61.4603  -48.8209   28.6594
    0.3213   -0.9242    0.2063
   -0.6265   -0.0441    0.7782
   -0.7101   -0.3793   -0.5932
...    33 G-C ...
  -63.6064  -50.3252   26.4898
   -0.0706   -0.7757    0.6271
   -0.7211    0.4741    0.5052
   -0.6892   -0.4166   -0.5928
...    34 C-G ...
  -65.6502  -51.9561   24.3737
   -0.4652   -0.3674    0.8054
   -0.5502    0.8327    0.0621
   -0.6935   -0.4142   -0.5895
...    35 C-G ...
  -67.8443  -53.5706   22.3377
   -0.6570    0.1872    0.7303
   -0.1783    0.9026   -0.3918
   -0.7325   -0.3876   -0.5597
...    36 C-G ...
  -70.2252  -55.1477   20.4967
   -0.5817    0.6856    0.4377
    0.2366    0.6575   -0.7154
   -0.7782   -0.3126   -0.5446
...    37 G-C ...
  -72.6186  -56.0578   18.3016
   -0.2313    0.9717    0.0484
    0.5407    0.1698   -0.8239
   -0.8088   -0.1644   -0.5647
...    38 A-T ...
  -75.2817  -56.5721   16.5010
    0.1899    0.9013   -0.3893
    0.5736   -0.4237   -0.7010
   -0.7968   -0.0902   -0.5975
...    39 C-G ...
  -78.1162  -56.3626   14.8946
    0.5139    0.5580   -0.6516
    0.3749   -0.8292   -0.4145
   -0.7716   -0.0312   -0.6353
...    40 A-T ...
  -80.5231  -56.3601   12.5572
    0.7391    0.0064   -0.6736
   -0.0232   -0.9991   -0.0350
   -0.6732    0.0415   -0.7383
...    41 C-G ...
  -82.4396  -55.5878    9.9752
    0.6413   -0.5202   -0.5640
   -0.4350   -0.8520    0.2913
   -0.6321    0.0585   -0.7727
...    42 G-C ...
  -84.4805  -55.9061    7.3044
    0.3217   -0.9163   -0.2387
   -0.7781   -0.3995    0.4847
   -0.5395    0.0298   -0.8415
...    43 A-T ...
  -86.1150  -55.8695    4.4211
   -0.2248   -0.9699    0.0941
   -0.8250    0.2408    0.5112
   -0.5185    0.0373   -0.8543
...    44 C-G ...
  -87.3449  -56.0691    1.2862
   -0.6435   -0.6835    0.3446
   -0.5724    0.7286    0.3761
   -0.5082    0.0448   -0.8601
...    45 T-A ...
  -88.9460  -56.2091   -1.6494
   -0.8426   -0.1718    0.5103
   -0.1211    0.9839    0.1313
   -0.5247    0.0488   -0.8499
...    46 T-A ...
  -90.5806  -56.3179   -4.4699
   -0.7661    0.4404    0.4681
    0.4133    0.8953   -0.1659
   -0.4922    0.0664   -0.8679
...    47 A-T ...
  -92.0232  -55.9169   -7.4795
   -0.3222    0.8920    0.3171
    0.8057    0.4343   -0.4028
   -0.4970    0.1257   -0.8586
...    48 C-G ...
  -94.1495  -55.5891   -9.9640
    0.1783    0.9780    0.1078
    0.8547   -0.0997   -0.5095
   -0.4875    0.1830   -0.8537
...    49 T-A ...
  -95.9192  -54.6974  -12.6088
    0.6508    0.7541   -0.0879
    0.6189   -0.5940   -0.5139
   -0.4398    0.2801   -0.8533
...    50 G-C ...
  -97.0504  -53.5973  -15.5761
    0.9403    0.2434   -0.2379
    0.1247   -0.8967   -0.4247
   -0.3167    0.3697   -0.8735
...    51 T-A ...
  -97.8256  -51.7931  -18.2220
    0.8776   -0.2830   -0.3869
   -0.3990   -0.8785   -0.2626
   -0.2655    0.3848   -0.8840
...    52 A-T ...
  -98.7177  -50.7274  -21.2882
    0.4459   -0.7745   -0.4487
   -0.8678   -0.4970   -0.0046
   -0.2194    0.3914   -0.8937
...    53 G-C ...
  -99.0766  -49.3906  -24.3322
   -0.0956   -0.9298   -0.3554
   -0.9770    0.0194    0.2122
   -0.1905    0.3675   -0.9103
...    54 G-C ...
  -99.4728  -48.3421  -27.5431
   -0.6244   -0.7685   -0.1394
   -0.7563    0.5503    0.3539
   -0.1953    0.3264   -0.9249
...    55 T-A ...
  -99.7343  -47.7064  -30.8431
   -0.9361   -0.3445    0.0712
   -0.2932    0.8760    0.3830
   -0.1943    0.3376   -0.9210
...    56 A-T ...
 -100.1729  -46.0017  -33.7726
   -0.9033    0.3352    0.2678
    0.4059    0.8699    0.2802
   -0.1391    0.3618   -0.9218
...    57 T-A ...
 -101.0143  -45.3379  -36.8954
   -0.5627    0.7360    0.3763
    0.8168    0.5652    0.1160
   -0.1273    0.3726   -0.9192
...    58 C-G ...
 -101.4711  -44.1468  -39.9277
    0.0428    0.9046    0.4240
    0.9923    0.0109   -0.1235
   -0.1164    0.4260   -0.8972
...    59 T-A ...
 -102.0890  -42.5238  -42.7506
    0.5760    0.7253    0.3770
    0.8136   -0.4641   -0.3503
   -0.0791    0.5085   -0.8574
...    60 C-G ...
 -102.2729  -40.7111  -45.4673
    0.9483    0.2779    0.1536
    0.3164   -0.7871   -0.5294
   -0.0262    0.5506   -0.8343
...    61 G-C ...
 -101.9286  -39.0598  -48.4007
    0.9559   -0.2861   -0.0671
   -0.2691   -0.7607   -0.5906
    0.1180    0.5826   -0.8042
...    62 T-A ...
 -101.0856  -36.7968  -50.6800
    0.6587   -0.6649   -0.3521
   -0.7361   -0.4727   -0.4845
    0.1557    0.5783   -0.8008
...    63 C-G ...
 -100.3651  -34.9896  -53.3494
    0.0770   -0.8172   -0.5712
   -0.9795    0.0449   -0.1963
    0.1861    0.5747   -0.7970
...    64 A-T ...
 -100.0376  -33.0538  -56.0550
   -0.5361   -0.6473   -0.5419
   -0.8231    0.5434    0.1651
    0.1876    0.5345   -0.8241
...    65 T-A ...
  -98.9309  -31.7712  -58.9217
   -0.8829   -0.2458   -0.4001
   -0.4190    0.7969    0.4351
    0.2119    0.5519   -0.8066
...    66 G-C ...
  -98.3129  -29.6557  -61.4376
   -0.9685    0.2486   -0.0124
    0.1936    0.7838    0.5901
    0.1564    0.5691   -0.8073
...    67 T-A ...
  -98.0565  -28.2092  -64.4411
   -0.7153    0.6166    0.3290
    0.6826    0.5156    0.5179
    0.1497    0.5950   -0.7896
...    68 T-A ...
  -97.7281  -26.3683  -67.0955
   -0.1889    0.7902    0.5830
    0.9687    0.0528    0.2424
    0.1608    0.6106   -0.7755
...    69 A-T ...
  -97.1015  -24.2309  -69.6000
    0.4033    0.5954    0.6949
    0.8955   -0.4129   -0.1660
    0.1881    0.6892   -0.6997
...    70 T-A ...
  -96.9672  -21.6272  -71.5810
    0.7967    0.2811    0.5350
    0.5676   -0.6521   -0.5025
    0.2077    0.7041   -0.6791
...    71 A-T ...
  -96.0419  -19.2746  -73.7835
    0.9534   -0.2309    0.1944
   -0.0051   -0.6563   -0.7545
    0.3018    0.7183   -0.6268
...    72 A-T ...
  -94.9178  -16.8304  -75.6045
    0.7719   -0.5714   -0.2787
   -0.5516   -0.3840   -0.7404
    0.3160    0.7253   -0.6116
...    73 C-G ...
  -93.3195  -14.3674  -77.2105
    0.3485   -0.6963   -0.6275
   -0.8717    0.0052   -0.4899
    0.3444    0.7177   -0.6052
...    74 G-C ...
  -92.5081  -12.0384  -79.5309
   -0.2488   -0.5977   -0.7622
   -0.8923    0.4474   -0.0596
    0.3766    0.6653   -0.6446
...    75 G-C ...
  -91.0385   -9.9743  -81.8009
   -0.7289   -0.2649   -0.6313
   -0.5872    0.7159    0.3776
    0.3519    0.6460   -0.6774
...    76 A-T ...
  -89.7548   -7.8985  -84.0393
   -0.9375    0.2251   -0.2654
   -0.0246    0.7179    0.6957
    0.3471    0.6588   -0.6675
...    77 A-T ...
  -88.6359   -5.9284  -86.3826
   -0.7653    0.6163    0.1857
    0.5246    0.4301    0.7347
    0.3730    0.6597   -0.6524
...    78 G-C ...
  -87.6094   -3.7720  -88.7024
   -0.3835    0.6979    0.6049
    0.8524    0.0155    0.5227
    0.3554    0.7160   -0.6008
...    79 C-G ...
  -86.8509   -1.3220  -90.8152
    0.1289    0.5405    0.8314
    0.9226   -0.3728    0.0993
    0.3637    0.7542   -0.5467
...    80 T-A ...
  -85.8578    1.4002  -92.4321
    0.5707    0.1846    0.8002
    0.7199   -0.5813   -0.3793
    0.3951    0.7925   -0.4646
...    81 C-G ...
  -84.4833    4.0553  -93.7779
    0.8644   -0.2399    0.4418
    0.2530   -0.5518   -0.7947
    0.4344    0.7987   -0.4163
...    82 G-C ...
  -82.6656    6.4469  -95.3510
    0.8008   -0.5968   -0.0503
   -0.2478   -0.2537   -0.9350
    0.5453    0.7612   -0.3511
...    83 G-C ...
  -80.4425    8.8324  -96.3116
    0.4851   -0.6835   -0.5455
   -0.6244    0.1660   -0.7633
    0.6122    0.7109   -0.3462
...    84 G-C ...
  -78.0678   10.9840  -97.4576
    0.0125   -0.5013   -0.8652
   -0.7651    0.5523   -0.3311
    0.6438    0.6661   -0.3766
...    85 A-T ...
  -75.8431   13.1166  -98.6952
   -0.4580   -0.0492   -0.8876
   -0.6081    0.7456    0.2725
    0.6483    0.6646   -0.3714
...    86 T-A ...
  -73.3847   14.7699 -100.2087
   -0.6929    0.3702   -0.6188
   -0.2824    0.6503    0.7052
    0.6634    0.6634   -0.3461
...    87 C-G ...
  -71.1340   16.8993 -101.3952
   -0.7309    0.6806   -0.0499
    0.1914    0.2747    0.9423
    0.6551    0.6792   -0.3310
...    88 C-G ...
  -68.9925   19.1561 -102.7647
   -0.5531    0.6539    0.5162
    0.5655   -0.1603    0.8090
    0.6117    0.7394   -0.2811
...    89 G-C ...
  -66.6644   21.5354 -103.4212
   -0.2140    0.3383    0.9164
    0.7823   -0.5024    0.3682
    0.5850    0.7957   -0.1572
...    90 C-G ...
  -65.1157   24.4299 -103.9192
    0.2146   -0.0512    0.9754
    0.7762   -0.5973   -0.2021
    0.5929    0.8004   -0.0885
...    91 T-A ...
  -63.3120   27.2165 -103.8923
    0.5470   -0.4348    0.7154
    0.5616   -0.4431   -0.6988
    0.6208    0.7840    0.0018
...    92 T-A ...
  -61.3564   29.7926 -103.6521
    0.7598   -0.6254    0.1776
    0.1529   -0.0936   -0.9838
    0.6319    0.7746    0.0245
...    93 T-A ...
  -59.2696   32.2625 -103.3008
    0.7115   -0.5541   -0.4321
   -0.3103    0.3040   -0.9007
    0.6305    0.7750    0.0443
...    94 A-T ...
  -57.3968   35.1131 -103.5034
    0.3593   -0.1787   -0.9160
   -0.6977    0.6004   -0.3908
    0.6198    0.7795    0.0910
...    95 A-T ...
  -55.1425   37.4536 -103.1303
   -0.0944    0.2571   -0.9617
   -0.7815    0.5793    0.2316
    0.6167    0.7735    0.1462
...    96 C-G ...
  -52.6363   39.6960 -102.9536
   -0.5033    0.5341   -0.6793
   -0.6058    0.3424    0.7181
    0.6162    0.7730    0.1512
...    97 A-T ...
  -50.6959   42.2912 -102.1209
   -0.8040    0.5819   -0.1223
   -0.1872   -0.0525    0.9809
    0.5644    0.8116    0.1512
...    98 C-G ...
  -48.8497   45.0592 -102.2207
   -0.7952    0.4384    0.4188
    0.2674   -0.3664    0.8912
    0.5442    0.8207    0.1741
...    99 T-A ...
  -47.2548   47.9449 -101.7918
   -0.5697    0.1038    0.8153
    0.6540   -0.5435    0.5262
    0.4977    0.8329    0.2418
...   100 T-A ...
  -45.8092   50.7379 -101.0329
   -0.1174   -0.2622    0.9579
    0.8631   -0.5041   -0.0322
    0.4913    0.8229    0.2854
...   101 T-A ...
  -44.3914   53.4493  -99.9879
    0.3721   -0.5396    0.7552
    0.7844   -0.2523   -0.5667
    0.4963    0.8032    0.3294
...   102 A-T ...
  -42.5746   55.9845  -98.7667
    0.7149   -0.6576    0.2377
    0.4398    0.1585   -0.8840
    0.5436    0.7365    0.4025
...   103 T-A ...
  -40.9591   58.1035  -96.8292
    0.8381   -0.4837   -0.2522
    0.0181    0.4868   -0.8733
    0.5452    0.7274    0.4168
...   104 G-C ...
  -38.9687   60.5845  -95.7801
    0.6518   -0.1352   -0.7462
   -0.4548    0.7177   -0.5273
    0.6068    0.6831    0.4063
...   105 C-G ...
  -36.6182   62.5556  -94.4090
    0.2731    0.2899   -0.9172
   -0.7314    0.6819   -0.0022
    0.6248    0.6715    0.3983
...   106 T-A ...
  -34.2710   64.6418  -93.2305
   -0.1884    0.6104   -0.7693
   -0.7550    0.4109    0.5109
    0.6280    0.6771    0.3835
...   107 T-A ...
  -31.9904   66.6997  -92.1102
   -0.5738    0.7639   -0.2952
   -0.5121   -0.0533    0.8573
    0.6392    0.6431    0.4218
...   108 C-G ...
  -29.7883   68.7786  -90.7687
   -0.7845    0.5560    0.2746
   -0.0727   -0.5222    0.8497
    0.6158    0.6466    0.4501
...   109 C-G ...
  -27.6986   71.1263  -89.4828
   -0.7555    0.1044    0.6468
    0.3681   -0.7491    0.5507
    0.5420    0.6541    0.5275
...   110 G-C ...
  -25.7347   73.0484  -87.5120
   -0.5010   -0.4342    0.7487
    0.7338   -0.6718    0.1014
    0.4589    0.6002    0.6551
...   111 G-C ...
  -24.5335   75.1069  -85.1291
   -0.0744   -0.7989    0.5968
    0.9034   -0.3074   -0.2989
    0.4222    0.5169    0.7446
...   112 C-G ...
  -23.5741   76.6502  -82.3627
    0.4053   -0.8688    0.2845
    0.8127    0.2000   -0.5473
    0.4186    0.4530    0.7871
...   113 T-A ...
  -22.3205   77.8067  -79.5162
    0.7511   -0.6510   -0.1096
    0.4922    0.6628   -0.5643
    0.4400    0.3699    0.8183
...   114 C-G ...
  -20.7144   78.8020  -76.8153
    0.8917   -0.1230   -0.4355
   -0.0419    0.9358   -0.3500
    0.4506    0.3303    0.8294
...   115 G-C ...
  -19.0718   80.3197  -74.2688
    0.6756    0.4385   -0.5927
   -0.5297    0.8479    0.0235
    0.5128    0.2981    0.8051
...   116 T-A ...
  -16.9204   80.8616  -71.7234
    0.2800    0.8354   -0.4730
   -0.8147    0.4674    0.3432
    0.5078    0.2893    0.8114
...   117 A-T ...
  -15.8468   81.7214  -68.5482
   -0.3106    0.9500   -0.0331
   -0.8116   -0.2469    0.5295
    0.4949    0.1913    0.8476
...   118 T-A ...
  -13.7466   82.6267  -66.1442
   -0.6833    0.6815    0.2619
   -0.5380   -0.7126    0.4504
    0.4936    0.1668    0.8536
...   119 A-T ...
  -12.1353   82.8618  -63.1819
   -0.8919    0.0721    0.4465
    0.0037   -0.9860    0.1666
    0.4523    0.1503    0.8791
...   120 A-T ...
  -10.7499   83.5126  -60.3276
   -0.7433   -0.5162    0.4254
    0.5164   -0.8471   -0.1255
    0.4251    0.1264    0.8963
...   121 T-A ...
   -9.8715   84.3248  -57.2848
   -0.3922   -0.8802    0.2672
    0.8264   -0.4647   -0.3180
    0.4041    0.0961    0.9097
...   122 G-C ...
   -8.4520   84.2693  -54.2284
    0.1036   -0.9906   -0.0889
    0.9242    0.1289   -0.3595
    0.3676   -0.0449    0.9289
...   123 T-A ...
   -7.7695   83.7177  -51.0430
    0.5692   -0.7632   -0.3058
    0.7354    0.6390   -0.2257
    0.3677   -0.0964    0.9249
...   124 G-C ...
   -6.1498   83.4161  -48.1102
    0.8712   -0.2170   -0.4404
    0.2717    0.9602    0.0644
    0.4089   -0.1758    0.8955
...   125 T-A ...
   -4.7422   82.1902  -45.3152
    0.8783    0.3473   -0.3285
   -0.2457    0.9174    0.3131
    0.4101   -0.1943    0.8911
...   126 C-G ...
   -3.2702   81.4816  -42.4175
    0.5439    0.8381   -0.0422
   -0.7368    0.5010    0.4540
    0.4017   -0.2159    0.8900
...   127 G-C ...
   -2.3852   80.8449  -39.2003
   -0.0251    0.9796    0.1996
   -0.9191   -0.1011    0.3809
    0.3933   -0.1739    0.9028
...   128 A-T ...
   -0.9843   80.1389  -36.2798
   -0.5891    0.7119    0.3823
   -0.7207   -0.6768    0.1497
    0.3653   -0.1873    0.9118
...   129 C-G ...
    0.5603   80.0048  -33.3317
   -0.8979    0.2359    0.3715
   -0.2904   -0.9520   -0.0972
    0.3307   -0.1952    0.9233
...   130 C-G ...
    1.7376   79.6103  -30.1728
   -0.9408   -0.3069    0.1441
    0.2554   -0.9210   -0.2942
    0.2230   -0.2400    0.9448
...   131 A-T ...
    2.4664   78.6192  -27.0330
   -0.6495   -0.7356   -0.1927
    0.7533   -0.5879   -0.2947
    0.1035   -0.3366    0.9360
...   132 A-T ...
    2.5766   77.4947  -24.0067
   -0.1070   -0.9196   -0.3781
    0.9917   -0.0713   -0.1072
    0.0716   -0.3864    0.9196
...   133 A-T ...
    2.6017   76.0893  -21.0903
    0.4827   -0.7794   -0.3995
    0.8739    0.4584    0.1618
    0.0570   -0.4272    0.9024
...   134 T-A ...
    2.3095   74.2285  -18.3852
    0.8657   -0.4292   -0.2574
    0.4984    0.7868    0.3642
    0.0461   -0.4436    0.8950
...   135 G-C ...
    1.4371   72.0947  -15.6001
    0.9809    0.0621    0.1844
   -0.1263    0.9241    0.3606
   -0.1480   -0.3770    0.9143
...   136 T-A ...
    0.5301   69.2371  -13.4651
    0.7353    0.4962    0.4617
   -0.6117    0.7791    0.1369
   -0.2918   -0.3831    0.8764
...   137 G-C ...
   -0.1630   67.4088  -10.8054
    0.1799    0.8794    0.4409
   -0.9276    0.3008   -0.2216
   -0.3275   -0.3691    0.8698
...   138 A-T ...
   -0.1293   66.2152   -7.8179
   -0.3749    0.8569    0.3537
   -0.8857   -0.2184   -0.4097
   -0.2739   -0.4669    0.8408
...   139 G-C ...
   -1.0030   65.6048   -4.9382
   -0.8337    0.5216    0.1812
   -0.5170   -0.6221   -0.5880
   -0.1940   -0.5840    0.7883
...   140 C-G ...
   -0.6940   63.8982   -2.2496
   -0.9992    0.0157   -0.0376
    0.0023   -0.8992   -0.4375
   -0.0406   -0.4373    0.8984
...   141 G-C ...
   -3.4330   60.2355    1.0303
   -0.4426    0.2288   -0.8671
    0.1684   -0.9285   -0.3310
   -0.8808   -0.2925    0.3724
...   142 C-G ...
   -6.3246   59.0802    1.6315
   -0.2968   -0.3279   -0.8969
    0.5658   -0.8170    0.1115
   -0.7693   -0.4743    0.4280
...   143 T-A ...
   -8.6731   58.7214    3.6048
   -0.0344   -0.7815   -0.6229
    0.6534   -0.4892    0.5777
   -0.7562   -0.3872    0.5275
...   144 C-G ...
  -11.6513   58.0072    4.7220
    0.2453   -0.9542   -0.1714
    0.6321    0.0234    0.7745
   -0.7350   -0.2984    0.6089
...   145 A-T ...
  -14.1725   56.5624    6.1820
    0.5795   -0.7268    0.3686
    0.3140    0.6165    0.7220
   -0.7520   -0.3027    0.5855
...   146 C-G ...
  -16.4614   53.8911    7.5170
    0.5336   -0.3333    0.7773
   -0.0346    0.9097    0.4138
   -0.8450   -0.2477    0.4739
...   147 A-T ...
  -19.0124   52.0326    8.9269
    0.2451    0.2906    0.9249
   -0.3073    0.9281   -0.2101
   -0.9195   -0.2327    0.3168
