  147 base-pairs
...     1 A-T ...
    0.0000    0.0000    0.0000
    1.0000    0.0000    0.0000
    0.0000    1.0000    0.0000
    0.0000    0.0000    1.0000
...     2 G-C ...
   -0.1404   -1.2353    3.2259
    0.7530    0.6366    0.1668
   -0.6385    0.7681   -0.0490
   -0.1593   -0.0696    0.9848
...     3 T-A ...
   -0.0377   -3.2918    6.3749
    0.2722    0.9302    0.2464
   -0.9238    0.3243   -0.2034
   -0.2691   -0.1722    0.9476
...     4 G-C ...
   -0.3520   -4.1638    9.4928
   -0.3756    0.9250    0.0576
   -0.8780   -0.3352   -0.3416
   -0.2967   -0.1788    0.9381
...     5 A-T ...
   -0.4480   -4.1448   12.7498
   -0.8116    0.5839   -0.0166
   -0.5522   -0.7762   -0.3042
   -0.1905   -0.2377    0.9525
...     6 G-C ...
   -1.5926   -4.1701   15.6201
   -0.9976    0.0246   -0.0651
   -0.0043   -0.9555   -0.2950
   -0.0694   -0.2940    0.9533
...     7 C-G ...
   -1.1050   -4.4793   18.7363
   -0.8442   -0.5302   -0.0787
    0.5343   -0.8442   -0.0430
   -0.0437   -0.0784    0.9960
...     8 G-C ...
   -2.4044   -7.7255   23.1483
   -0.2753   -0.3294   -0.9032
    0.6650   -0.7437    0.0686
   -0.6943   -0.5817    0.4238
...     9 C-G ...
   -4.4706   -9.9691   24.1142
    0.1145   -0.7026   -0.7023
    0.8512   -0.2951    0.4341
   -0.5123   -0.6475    0.5642
...    10 T-A ...
   -6.7420  -10.8705   25.9717
    0.4841   -0.8363   -0.2573
    0.6594    0.1554    0.7356
   -0.5752   -0.5257    0.6267
...    11 C-G ...
   -9.1682  -12.6167   27.1662
    0.7073   -0.6683    0.2306
    0.3450    0.6110    0.7125
   -0.6170   -0.4243    0.6627
...    12 A-T ...
  -10.9253  -14.6583   29.0713
    0.7515   -0.1377    0.6452
   -0.2027    0.8824    0.4245
   -0.6278   -0.4498    0.6352
...    13 C-G ...
  -11.8495  -17.4796   31.2472
    0.4294    0.2824    0.8578
   -0.5708    0.8209    0.0155
   -0.6998   -0.4963    0.5137
...    14 A-T ...
  -13.5915  -19.7756   33.4284
   -0.1503    0.6106    0.7775
   -0.6874    0.5007   -0.5261
   -0.7106   -0.6135    0.3445
...    15 A-T ...
  -15.7569  -21.8686   34.6547
   -0.5217    0.7905    0.3209
   -0.4442    0.0694   -0.8932
   -0.7283   -0.6085    0.3150
...    16 T-A ...
  -17.9277  -23.7176   36.2659
   -0.6499    0.7356   -0.1910
   -0.1074   -0.3377   -0.9351
   -0.7524   -0.5872    0.2985
...    17 T-A ...
  -20.4164  -25.4816   37.3167
   -0.5403    0.4547   -0.7081
    0.2756   -0.6994   -0.6594
   -0.7951   -0.5514    0.2526
...    18 T-A ...
  -23.1045  -27.0833   38.0984
   -0.2334    0.0148   -0.9723
    0.5120   -0.8482   -0.1358
   -0.8267   -0.5295    0.1904
...    19 A-T ...
  -25.9319  -28.8621   38.3885
    0.2107   -0.4234   -0.8811
    0.4891   -0.7347    0.4700
   -0.8464   -0.5300    0.0523
...    20 T-A ...
  -28.9356  -30.1720   38.0317
    0.4340   -0.7430   -0.5096
    0.2887   -0.4211    0.8598
   -0.8534   -0.5203    0.0318
...    21 T-A ...
  -31.7703  -31.7786   37.8118
    0.4760   -0.8732    0.1043
   -0.0402    0.0969    0.9945
   -0.8785   -0.4776    0.0110
...    22 C-G ...
  -34.6167  -33.4907   37.7418
    0.3217   -0.6413    0.6966
   -0.3376    0.6097    0.7172
   -0.8846   -0.4659   -0.0203
...    23 G-C ...
  -37.8056  -34.6150   37.8963
    0.0776   -0.1361    0.9877
   -0.4581    0.8750    0.1566
   -0.8855   -0.4646    0.0055
...    24 C-G ...
  -40.6035  -36.4832   37.8062
   -0.1798    0.3950    0.9009
   -0.3942    0.8102   -0.4338
   -0.9013   -0.4331    0.0100
...    25 A-T ...
  -43.6926  -37.7443   37.4851
   -0.2973    0.8348    0.4633
   -0.1860    0.4253   -0.8857
   -0.9365   -0.3495    0.0288
...    26 A-T ...
  -46.7079  -38.8955   37.7523
   -0.3171    0.9395   -0.1298
    0.0356   -0.1250   -0.9915
   -0.9477   -0.3190    0.0062
...    27 A-T ...
  -49.8090  -39.7782   37.8861
   -0.1801    0.7229   -0.6671
    0.2029   -0.6363   -0.7443
   -0.9625   -0.2694   -0.0320
...    28 G-C ...
  -53.0677  -40.3000   37.7756
    0.0678    0.3054   -0.9498
    0.2386   -0.9293   -0.2818
   -0.9687   -0.2075   -0.1359
...    29 G-C ...
  -56.3218  -40.5589   36.8893
    0.2970   -0.2277   -0.9273
    0.0946   -0.9594    0.2658
   -0.9502   -0.1667   -0.2634
...    30 C-G ...
  -59.3359  -40.7980   35.4899
    0.3412   -0.7140   -0.6113
   -0.1406   -0.6818    0.7179
   -0.9294   -0.1590   -0.3331
...    31 C-G ...
  -62.2503  -41.5427   33.8951
    0.2444   -0.9663   -0.0807
   -0.3755   -0.1710    0.9109
   -0.8940   -0.1923   -0.4046
...    32 G-C ...
  -65.3898  -42.4040   32.9378
   -0.0005   -0.8718    0.4898
   -0.4998    0.4245    0.7550
   -0.8661   -0.2445   -0.4360
...    33 G-C ...
  -68.2116  -43.4117   31.3167
   -0.2665   -0.4597    0.8472
   -0.4143    0.8483    0.3299
   -0.8703   -0.2630   -0.4165
...    34 C-G ...
  -70.9749  -44.6051   29.7994
   -0.4443    0.1131    0.8887
   -0.1696    0.9635   -0.2073
   -0.8797   -0.2428   -0.4089
...    35 C-G ...
  -73.8839  -45.6776   28.3934
   -0.3976    0.6544    0.6432
    0.1354    0.7352   -0.6642
   -0.9075   -0.1770   -0.3809
...    36 C-G ...
  -76.9719  -46.4971   27.2451
   -0.1603    0.9657    0.2044
    0.3534    0.2495   -0.9016
   -0.9216   -0.0723   -0.3813
...    37 G-C ...
  -79.9177  -46.7083   25.5933
    0.2158    0.9389   -0.2681
    0.3852   -0.3342   -0.8602
   -0.8973    0.0824   -0.4338
...    38 A-T ...
  -82.8308  -46.3206   24.1740
    0.4721    0.5562   -0.6839
    0.1699   -0.8187   -0.5485
   -0.8650    0.1428   -0.4810
...    39 C-G ...
  -85.5672  -45.1959   22.7508
    0.5432    0.0335   -0.8390
   -0.1316   -0.9835   -0.1245
   -0.8292    0.1780   -0.5298
...    40 A-T ...
  -88.2083  -44.7102   20.7301
    0.4624   -0.5538   -0.6924
   -0.4771   -0.8137    0.3322
   -0.7474    0.1767   -0.6405
...    41 C-G ...
  -90.1941  -43.7751   18.2148
    0.1468   -0.9076   -0.3932
   -0.6790   -0.3816    0.6272
   -0.7193    0.1749   -0.6723
...    42 G-C ...
  -92.8633  -43.5544   16.1349
   -0.2455   -0.9658    0.0840
   -0.6869    0.2344    0.6879
   -0.6840    0.1112   -0.7209
...    43 A-T ...
  -95.0508  -43.2507   13.6498
   -0.6305   -0.6121    0.4773
   -0.3916    0.7818    0.4852
   -0.6702    0.1190   -0.7326
...    44 C-G ...
  -97.1143  -43.4243   10.9845
   -0.7479   -0.0802    0.6590
    0.0246    0.9886    0.1482
   -0.6634    0.1271   -0.7374
...    45 T-A ...
  -99.4129  -43.2606    8.5521
   -0.5859    0.4781    0.6543
    0.4450    0.8646   -0.2333
   -0.6773    0.1545   -0.7193
...    46 T-A ...
 -101.7020  -42.9623    6.2559
   -0.2135    0.8966    0.3881
    0.7228    0.4122   -0.5546
   -0.6572    0.1621   -0.7361
...    47 A-T ...
 -103.7272  -42.3473    3.6398
    0.3280    0.9443    0.0274
    0.7027   -0.2244   -0.6752
   -0.6314    0.2407   -0.7371
...    48 C-G ...
 -106.0988  -41.2233    1.6543
    0.6878    0.6647   -0.2919
    0.4141   -0.6895   -0.5943
   -0.5963    0.2879   -0.7494
...    49 T-A ...
 -107.9671  -39.8972   -0.7436
    0.8554    0.1595   -0.4929
   -0.0437   -0.9258   -0.3754
   -0.5162    0.3427   -0.7850
...    50 G-C ...
 -109.4193  -38.9066   -3.6160
    0.7257   -0.4471   -0.5230
   -0.5600   -0.8254   -0.0714
   -0.3997    0.3447   -0.8494
...    51 T-A ...
 -110.1507  -37.4308   -6.5018
    0.3198   -0.8313   -0.4545
   -0.8737   -0.4444    0.1980
   -0.3666    0.3338   -0.8685
...    52 A-T ...
 -111.7887  -36.3916   -9.3069
   -0.3456   -0.9062   -0.2435
   -0.8747    0.2171    0.4334
   -0.3399    0.3628   -0.8677
...    53 G-C ...
 -112.6825  -35.3566  -12.3711
   -0.7675   -0.6386    0.0559
   -0.5399    0.6909    0.4807
   -0.3456    0.3388   -0.8751
...    54 T-A ...
 -113.6099  -34.7612  -15.5596
   -0.9396   -0.1529    0.3063
   -0.0280    0.9261    0.3763
   -0.3411    0.3449   -0.8744
...    55 C-G ...
 -114.6982  -33.6996  -18.5112
   -0.7568    0.4479    0.4761
    0.5620    0.8178    0.1239
   -0.3339    0.3614   -0.8706
...    56 A-T ...
 -115.5022  -32.2957  -21.4514
   -0.2415    0.8160    0.5252
    0.9059    0.3836   -0.1793
   -0.3477    0.4325   -0.8319
...    57 T-A ...
 -117.2344  -31.0014  -23.9348
    0.2653    0.8912    0.3678
    0.9042   -0.0975   -0.4159
   -0.3349    0.4429   -0.8317
...    58 G-C ...
 -118.0958  -29.4057  -26.7665
    0.7754    0.6086    0.1684
    0.5807   -0.5824   -0.5688
   -0.2481    0.5388   -0.8050
...    59 T-A ...
 -119.0002  -27.1545  -28.9958
    0.9780    0.1752   -0.1129
    0.0782   -0.8105   -0.5805
   -0.1932    0.5589   -0.8064
...    60 T-A ...
 -119.5103  -25.1664  -31.5020
    0.8503   -0.3400   -0.4018
   -0.5019   -0.7534   -0.4248
   -0.1583    0.5629   -0.8112
...    61 A-T ...
 -120.0258  -23.4695  -34.3641
    0.3669   -0.7593   -0.5375
   -0.9249   -0.3598   -0.1230
   -0.1000    0.5422   -0.8343
...    62 T-A ...
 -119.6471  -21.6243  -37.0839
   -0.1686   -0.8298   -0.5320
   -0.9818    0.0934    0.1655
   -0.0876    0.5502   -0.8304
...    63 A-T ...
 -120.3679  -19.5349  -39.6943
   -0.7819   -0.5253   -0.3359
   -0.6219    0.6192    0.4793
   -0.0438    0.5836   -0.8108
...    64 A-T ...
 -120.3391  -17.8432  -42.4931
   -0.9994   -0.0224   -0.0257
   -0.0333    0.8004    0.5985
    0.0072    0.5990   -0.8007
...    65 C-G ...
 -120.4420  -16.3604  -45.5048
   -0.8569    0.4143    0.3068
    0.5154    0.6802    0.5212
    0.0073    0.6047   -0.7964
...    66 G-C ...
 -120.0143  -14.1111  -47.9989
   -0.3991    0.6709    0.6250
    0.9168    0.3043    0.2588
   -0.0166    0.6763   -0.7365
...    67 G-C ...
 -120.2882  -11.8909  -50.5398
    0.1780    0.6602    0.7296
    0.9840   -0.1263   -0.1258
    0.0091    0.7404   -0.6721
...    68 A-T ...
 -120.3114   -9.4540  -52.7288
    0.7234    0.4130    0.5533
    0.6884   -0.4930   -0.5321
    0.0530    0.7658   -0.6409
...    69 G-C ...
 -120.1554   -6.7179  -54.5886
    0.9695    0.0129    0.2448
    0.1988   -0.6255   -0.7545
    0.1434    0.7801   -0.6090
...    70 T-A ...
 -119.5108   -3.8339  -56.0429
    0.9198   -0.3589   -0.1586
   -0.3391   -0.5235   -0.7817
    0.1975    0.7727   -0.6032
...    71 A-T ...
 -118.7325   -1.3833  -58.1974
    0.5145   -0.6534   -0.5553
   -0.8135   -0.1673   -0.5569
    0.2710    0.7383   -0.6176
...    72 T-A ...
 -117.2025    0.9747  -59.9300
    0.0227   -0.6425   -0.7659
   -0.9590    0.2025   -0.1983
    0.2825    0.7390   -0.6116
...    73 C-G ...
 -116.1724    3.2741  -62.0635
   -0.5618   -0.3918   -0.7286
   -0.7712    0.5667    0.2900
    0.2992    0.7248   -0.6205
...    74 T-A ...
 -115.0428    5.4297  -64.3587
   -0.8997   -0.0326   -0.4353
   -0.3299    0.7039    0.6291
    0.2859    0.7096   -0.6440
...    75 C-G ...
 -114.0763    7.7011  -66.5660
   -0.9152    0.4012    0.0385
    0.2834    0.5727    0.7692
    0.2866    0.7149   -0.6378
...    76 G-C ...
 -112.8305   10.2732  -68.3677
   -0.6074    0.5905    0.5313
    0.7569    0.2272    0.6128
    0.2412    0.7744   -0.5849
...    77 A-T ...
 -112.0593   12.7583  -70.3760
   -0.0467    0.5779    0.8148
    0.9661   -0.1812    0.1839
    0.2539    0.7957   -0.5498
...    78 G-C ...
 -111.4661   15.5167  -72.1174
    0.4522    0.3204    0.8323
    0.8406   -0.4650   -0.2777
    0.2980    0.8253   -0.4796
...    79 C-G ...
 -110.7557   18.4833  -73.3999
    0.8157   -0.0430    0.5769
    0.4609   -0.5543   -0.6931
    0.3496    0.8312   -0.4323
...    80 T-A ...
 -109.5062   21.3587  -74.4637
    0.9021   -0.4022    0.1563
   -0.0267   -0.4136   -0.9100
    0.4307    0.8168   -0.3839
...    81 C-G ...
 -107.8888   23.9593  -75.6277
    0.6925   -0.6040   -0.3945
   -0.5375   -0.0671   -0.8406
    0.4813    0.7941   -0.3711
...    82 G-C ...
 -106.2945   26.4158  -77.3124
    0.2150   -0.6043   -0.7672
   -0.7961    0.3465   -0.4961
    0.5656    0.7175   -0.4066
...    83 G-C ...
 -104.0960   28.5277  -78.8124
   -0.2992   -0.3456   -0.8894
   -0.7547    0.6560   -0.0010
    0.5838    0.6709   -0.4572
...    84 G-C ...
 -101.9879   30.5442  -80.5567
   -0.7002    0.0530   -0.7120
   -0.4399    0.7533    0.4888
    0.5623    0.6555   -0.5042
...    85 A-T ...
 -100.0598   32.6204  -82.2683
   -0.8239    0.5002   -0.2663
    0.0736    0.5604    0.8250
    0.5619    0.6601   -0.4985
...    86 T-A ...
  -98.3989   34.4602  -84.4720
   -0.6559    0.7292    0.1952
    0.4843    0.2082    0.8498
    0.5790    0.6519   -0.4896
...    87 C-G ...
  -96.5085   36.5758  -86.1637
   -0.2506    0.6850    0.6841
    0.7735   -0.2832    0.5670
    0.5821    0.6712   -0.4589
...    88 C-G ...
  -94.7805   38.9817  -87.8089
    0.1564    0.3435    0.9260
    0.7846   -0.6127    0.0948
    0.5999    0.7118   -0.3653
...    89 G-C ...
  -92.4641   41.1546  -88.9565
    0.4754   -0.1645    0.8642
    0.5774   -0.6828   -0.4476
    0.6638    0.7118   -0.2296
...    90 C-G ...
  -90.4154   43.7347  -89.2914
    0.6688   -0.5584    0.4908
    0.2380   -0.4647   -0.8529
    0.7043    0.6873   -0.1779
...    91 T-A ...
  -87.9741   45.9705  -89.4861
    0.6359   -0.7712   -0.0307
   -0.1220   -0.0612   -0.9906
    0.7621    0.6337   -0.1331
...    92 T-A ...
  -85.4069   47.9519  -89.6695
    0.4483   -0.6637   -0.5988
   -0.4540    0.4080   -0.7921
    0.7700    0.6270   -0.1184
...    93 T-A ...
  -82.7398   49.8128  -89.8647
    0.1193   -0.2818   -0.9520
   -0.6230    0.7254   -0.2928
    0.7731    0.6280   -0.0890
...    94 A-T ...
  -80.4576   52.3419  -90.0858
   -0.2734    0.3047   -0.9124
   -0.5536    0.7258    0.4083
    0.7866    0.6167   -0.0297
...    95 A-T ...
  -77.7344   54.1320  -90.3401
   -0.5089    0.7044   -0.4948
   -0.3009    0.3930    0.8689
    0.8065    0.5911    0.0119
...    96 C-G ...
  -74.9761   55.9480  -90.9043
   -0.5982    0.7997    0.0509
    0.0134   -0.0535    0.9985
    0.8012    0.5980    0.0212
...    97 A-T ...
  -72.2320   57.8352  -90.5919
   -0.5478    0.5602    0.6214
    0.3585   -0.5139    0.7793
    0.7559    0.6497    0.0807
...    98 C-G ...
  -70.0748   60.3386  -90.6873
   -0.3091    0.1754    0.9347
    0.5905   -0.7350    0.3332
    0.7455    0.6550    0.1236
...    99 T-A ...
  -67.8422   62.7281  -90.1659
   -0.0192   -0.3005    0.9536
    0.6766   -0.7061   -0.2089
    0.7361    0.6412    0.2169
...   100 T-A ...
  -65.5970   64.8930  -89.3188
    0.3318   -0.6756    0.6583
    0.5787   -0.4053   -0.7077
    0.7450    0.6158    0.2565
...   101 T-A ...
  -63.2712   66.8739  -88.2553
    0.5767   -0.8062    0.1323
    0.3050    0.0623   -0.9503
    0.7579    0.5884    0.2818
...   102 A-T ...
  -60.5942   68.7239  -87.4537
    0.6023   -0.6357   -0.4828
   -0.0667    0.5626   -0.8241
    0.7955    0.5285    0.2964
...   103 T-A ...
  -57.8590   69.9184  -86.0320
    0.4923   -0.2481   -0.8343
   -0.3583    0.8158   -0.4540
    0.7933    0.5224    0.3127
...   104 G-C ...
  -55.2788   71.8842  -85.2553
    0.1481    0.2646   -0.9529
   -0.5500    0.8228    0.1430
    0.8219    0.5030    0.2674
...   105 C-G ...
  -52.3132   73.2908  -84.5689
   -0.1968    0.6758   -0.7103
   -0.5337    0.5339    0.6558
    0.8224    0.5082    0.2556
...   106 T-A ...
  -49.4508   74.9281  -84.0111
   -0.4784    0.8434   -0.2443
   -0.3441    0.0759    0.9359
    0.8079    0.5318    0.2539
...   107 T-A ...
  -46.7234   76.6186  -83.4401
   -0.5756    0.7381    0.3521
   -0.0228   -0.4449    0.8953
    0.8174    0.5073    0.2729
...   108 C-G ...
  -44.0076   78.2938  -82.6269
   -0.5174    0.3029    0.8003
    0.3104   -0.8051    0.5054
    0.7974    0.5099    0.3225
...   109 C-G ...
  -41.4719   80.2867  -81.6098
   -0.3621   -0.2426    0.9000
    0.5451   -0.8384   -0.0067
    0.7562    0.4881    0.4358
...   110 G-C ...
  -38.8117   81.6001  -80.0213
   -0.1266   -0.7369    0.6640
    0.6848   -0.5493   -0.4790
    0.7177    0.3940    0.5742
...   111 G-C ...
  -36.6636   82.7646  -77.7005
    0.1813   -0.9561    0.2303
    0.6836   -0.0458   -0.7284
    0.7069    0.2895    0.6453
...   112 C-G ...
  -34.5745   83.3536  -75.1952
    0.4900   -0.8380   -0.2403
    0.5067    0.4980   -0.7038
    0.7094    0.2231    0.6686
...   113 T-A ...
  -32.2555   83.6768  -72.8369
    0.6542   -0.4445   -0.6119
    0.2044    0.8828   -0.4229
    0.7282    0.1516    0.6684
...   114 C-G ...
  -29.7381   83.9970  -70.7229
    0.6506    0.1815   -0.7374
   -0.2125    0.9757    0.0527
    0.7291    0.1224    0.6734
...   115 G-C ...
  -27.3943   84.8694  -68.4585
    0.3742    0.7159   -0.5895
   -0.5325    0.6863    0.4955
    0.7593    0.1285    0.6380
...   116 T-A ...
  -24.4971   84.9765  -66.7346
    0.0289    0.9745   -0.2223
   -0.6616    0.1854    0.7266
    0.7493    0.1261    0.6501
...   117 A-T ...
  -22.2909   85.1398  -64.1451
   -0.3872    0.8608    0.3303
   -0.5527   -0.5035    0.6641
    0.7380    0.0746    0.6707
...   118 T-A ...
  -19.6115   85.8304  -62.3493
   -0.6223    0.4778    0.6200
   -0.2869   -0.8762    0.3872
    0.7283    0.0631    0.6824
...   119 A-T ...
  -17.2358   86.0316  -59.9981
   -0.7552   -0.1330    0.6419
    0.1369   -0.9896   -0.0441
    0.6411    0.0546    0.7655
...   120 A-T ...
  -15.2960   86.3421  -57.4360
   -0.5823   -0.6712    0.4587
    0.5469   -0.7409   -0.3898
    0.6015    0.0239    0.7985
...   121 T-A ...
  -13.8578   86.7206  -54.5316
   -0.2522   -0.9531    0.1671
    0.7755   -0.3023   -0.5542
    0.5788   -0.0102    0.8154
...   122 G-C ...
  -11.8475   86.2762  -51.8762
    0.1689   -0.9450   -0.2800
    0.8209    0.2921   -0.4907
    0.5455   -0.1470    0.8251
...   123 T-A ...
  -10.5159   85.3198  -48.9964
    0.5688   -0.6377   -0.5194
    0.6217    0.7468   -0.2360
    0.5384   -0.1887    0.8213
...   124 G-C ...
   -8.3918   84.8337  -46.4532
    0.8062   -0.0500   -0.5895
    0.1854    0.9676    0.1716
    0.5618   -0.2476    0.7893
...   125 T-A ...
   -6.4794   83.4019  -44.0719
    0.7844    0.4849   -0.3867
   -0.2831    0.8347    0.4723
    0.5518   -0.2610    0.7921
...   126 C-G ...
   -4.6023   82.4407  -41.5018
    0.4535    0.8913    0.0054
   -0.7143    0.3598    0.6002
    0.5330   -0.2761    0.7998
...   127 G-C ...
   -3.2914   81.4264  -38.5501
   -0.0889    0.9489    0.3029
   -0.8618   -0.2257    0.4543
    0.4995   -0.2206    0.8378
...   128 A-T ...
   -1.5544   80.5693  -35.8841
   -0.6057    0.6306    0.4852
   -0.6516   -0.7431    0.1523
    0.4566   -0.2239    0.8610
...   129 C-G ...
    0.2133   80.3597  -33.1077
   -0.8826    0.1528    0.4446
   -0.2359   -0.9620   -0.1377
    0.4066   -0.2264    0.8851
...   130 C-G ...
    1.5446   79.9025  -30.0373
   -0.9171   -0.3581    0.1755
    0.2821   -0.8936   -0.3490
    0.2818   -0.2706    0.9205
...   131 A-T ...
    2.3399   78.8424  -26.9427
   -0.6395   -0.7425   -0.1993
    0.7560   -0.5603   -0.3383
    0.1395   -0.3670    0.9197
...   132 A-T ...
    2.5247   77.6084  -23.9648
   -0.1054   -0.9097   -0.4016
    0.9897   -0.0564   -0.1319
    0.0974   -0.4114    0.9063
...   133 A-T ...
    2.5861   76.1200  -21.0856
    0.4820   -0.7718   -0.4147
    0.8733    0.4616    0.1561
    0.0709   -0.4373    0.8965
...   134 T-A ...
    2.3093   74.2286  -18.3853
    0.8657   -0.4292   -0.2574
    0.4984    0.7868    0.3642
    0.0462   -0.4436    0.8950
...   135 G-C ...
    1.4369   72.0948  -15.6002
    0.9809    0.0621    0.1844
   -0.1263    0.9241    0.3606
   -0.1480   -0.3770    0.9143
...   136 T-A ...
    0.5299   69.2372  -13.4651
    0.7353    0.4962    0.4617
   -0.6117    0.7791    0.1369
   -0.2918   -0.3831    0.8764
...   137 G-C ...
   -0.1631   67.4089  -10.8054
    0.1799    0.8794    0.4409
   -0.9276    0.3008   -0.2216
   -0.3275   -0.3691    0.8698
...   138 A-T ...
   -0.1295   66.2153   -7.8180
   -0.3749    0.8569    0.3537
   -0.8857   -0.2184   -0.4097
   -0.2739   -0.4669    0.8408
...   139 G-C ...
   -1.0032   65.6049   -4.9383
   -0.8337    0.5216    0.1812
   -0.5170   -0.6221   -0.5880
   -0.1940   -0.5840    0.7883
...   140 C-G ...
   -0.6942   63.8983   -2.2497
   -0.9992    0.0157   -0.0376
    0.0023   -0.8992   -0.4375
   -0.0406   -0.4373    0.8984
...   141 G-C ...
   -3.4332   60.2356    1.0303
   -0.4426    0.2288   -0.8671
    0.1684   -0.9285   -0.3310
   -0.8808   -0.2925    0.3724
...   142 C-G ...
   -6.3248   59.0803    1.6314
   -0.2968   -0.3279   -0.8969
    0.5658   -0.8170    0.1115
   -0.7693   -0.4743    0.4280
...   143 T-A ...
   -8.6732   58.7215    3.6047
   -0.0344   -0.7815   -0.6229
    0.6534   -0.4892    0.5777
   -0.7562   -0.3872    0.5275
...   144 C-G ...
  -11.6515   58.0073    4.7219
    0.2453   -0.9542   -0.1714
    0.6321    0.0234    0.7745
   -0.7350   -0.2984    0.6089
...   145 A-T ...
  -14.1726   56.5625    6.1819
    0.5795   -0.7268    0.3686
    0.3140    0.6165    0.7220
   -0.7520   -0.3027    0.5855
...   146 C-G ...
  -16.4615   53.8912    7.5170
    0.5336   -0.3333    0.7773
   -0.0346    0.9097    0.4138
   -0.8450   -0.2477    0.4739
...   147 A-T ...
  -19.0126   52.0326    8.9268
    0.2451    0.2906    0.9249
   -0.3073    0.9281   -0.2101
   -0.9195   -0.2327    0.3168
