  147 base-pairs
...     1 A-T ...
    0.0000    0.0000    0.0000
    1.0000    0.0000    0.0000
    0.0000    1.0000    0.0000
    0.0000    0.0000    1.0000
...     2 G-C ...
   -0.1404   -1.2353    3.2259
    0.7530    0.6366    0.1668
   -0.6385    0.7681   -0.0490
   -0.1593   -0.0696    0.9848
...     3 T-A ...
   -0.0377   -3.2918    6.3749
    0.2722    0.9302    0.2464
   -0.9238    0.3243   -0.2034
   -0.2691   -0.1722    0.9476
...     4 G-C ...
   -0.3520   -4.1638    9.4928
   -0.3756    0.9250    0.0576
   -0.8780   -0.3352   -0.3416
   -0.2967   -0.1788    0.9381
...     5 A-T ...
   -0.4480   -4.1448   12.7498
   -0.8116    0.5839   -0.0166
   -0.5522   -0.7762   -0.3042
   -0.1905   -0.2377    0.9525
...     6 G-C ...
   -1.5926   -4.1701   15.6201
   -0.9976    0.0246   -0.0651
   -0.0043   -0.9555   -0.2950
   -0.0694   -0.2940    0.9533
...     7 C-G ...
   -1.1050   -4.4793   18.7363
   -0.8442   -0.5302   -0.0787
    0.5343   -0.8442   -0.0430
   -0.0437   -0.0784    0.9960
...     8 G-C ...
   -2.4044   -7.7255   23.1483
   -0.2753   -0.3294   -0.9032
    0.6650   -0.7437    0.0686
   -0.6943   -0.5817    0.4238
...     9 C-G ...
   -4.4706   -9.9691   24.1142
    0.1145   -0.7026   -0.7023
    0.8512   -0.2951    0.4341
   -0.5123   -0.6475    0.5642
...    10 T-A ...
   -6.7420  -10.8705   25.9717
    0.4841   -0.8363   -0.2573
    0.6594    0.1554    0.7356
   -0.5752   -0.5257    0.6267
...    11 C-G ...
   -9.1682  -12.6167   27.1662
    0.7073   -0.6683    0.2306
    0.3450    0.6110    0.7125
   -0.6170   -0.4243    0.6627
...    12 A-T ...
  -10.9253  -14.6583   29.0713
    0.7515   -0.1377    0.6452
   -0.2027    0.8824    0.4245
   -0.6278   -0.4498    0.6352
...    13 C-G ...
  -11.8495  -17.4796   31.2472
    0.4294    0.2824    0.8578
   -0.5708    0.8209    0.0155
   -0.6998   -0.4963    0.5137
...    14 A-T ...
  -13.5915  -19.7756   33.4284
   -0.1503    0.6106    0.7775
   -0.6874    0.5007   -0.5261
   -0.7106   -0.6135    0.3445
...    15 A-T ...
  -15.7117  -21.9035   34.6841
   -0.5329    0.7760    0.3374
   -0.4469    0.0805   -0.8909
   -0.7185   -0.6256    0.3039
...    16 T-A ...
  -17.8335  -23.8418   36.2717
   -0.6704    0.7236   -0.1642
   -0.1044   -0.3111   -0.9446
   -0.7347   -0.6161    0.2841
...    17 T-A ...
  -20.2397  -25.7149   37.3254
   -0.5674    0.4659   -0.6790
    0.2914   -0.6576   -0.6947
   -0.7702   -0.5920    0.2374
...    18 T-A ...
  -22.8427  -27.4474   38.0897
   -0.2518    0.0710   -0.9652
    0.5440   -0.8144   -0.2019
   -0.8004   -0.5759    0.1664
...    19 A-T ...
  -25.7406  -29.1013   38.2157
    0.2304   -0.2624   -0.9371
    0.5342   -0.7708    0.3472
   -0.8134   -0.5805   -0.0374
...    20 T-A ...
  -28.6305  -30.5176   37.6259
    0.4877   -0.5992   -0.6349
    0.3249   -0.5504    0.7691
   -0.8103   -0.5814   -0.0738
...    21 T-A ...
  -31.2811  -32.3096   37.0695
    0.5752   -0.8140   -0.0807
   -0.0372   -0.1246    0.9915
   -0.8172   -0.5673   -0.1019
...    22 C-G ...
  -33.8202  -34.3588   36.5972
    0.4278   -0.7339    0.5275
   -0.4031    0.3674    0.8382
   -0.8090   -0.5712   -0.1386
...    23 G-C ...
  -36.6923  -36.0962   36.5304
    0.1328   -0.3670    0.9207
   -0.6029    0.7073    0.3690
   -0.7867   -0.6041   -0.1273
...    24 C-G ...
  -39.0894  -38.3820   36.0042
   -0.2230    0.0981    0.9699
   -0.5629    0.7993   -0.2103
   -0.7959   -0.5928   -0.1230
...    25 A-T ...
  -41.8478  -40.1108   35.3118
   -0.4618    0.5869    0.6650
   -0.3037    0.5998   -0.7403
   -0.8333   -0.5439   -0.0987
...    26 A-T ...
  -44.4881  -41.9952   35.1758
   -0.5473    0.8279    0.1225
    0.0408    0.1726   -0.9841
   -0.8359   -0.5336   -0.1283
...    27 A-T ...
  -47.2413  -43.6706   34.9430
   -0.3907    0.8059   -0.4448
    0.3504   -0.3166   -0.8815
   -0.8512   -0.5003   -0.1586
...    28 G-C ...
  -50.2027  -45.0447   34.5342
   -0.0488    0.5818   -0.8118
    0.4947   -0.6920   -0.5257
   -0.8677   -0.4273   -0.2541
...    29 G-C ...
  -53.2546  -46.0044   33.4980
    0.3356    0.1792   -0.9248
    0.4005   -0.9157   -0.0321
   -0.8526   -0.3596   -0.3791
...    30 C-G ...
  -56.0502  -46.6839   31.8831
    0.5544   -0.3191   -0.7687
    0.1124   -0.8864    0.4491
   -0.8246   -0.3354   -0.4555
...    31 C-G ...
  -58.5134  -47.7476   29.8164
    0.5855   -0.7260   -0.3607
   -0.2722   -0.5951    0.7561
   -0.7636   -0.3445   -0.5461
...    32 G-C ...
  -60.9776  -49.3719   28.1787
    0.3637   -0.9156    0.1713
   -0.6246   -0.1033    0.7741
   -0.6911   -0.3885   -0.6095
...    33 G-C ...
  -63.0366  -50.9045   25.9466
   -0.0325   -0.8024    0.5960
   -0.7450    0.4169    0.5207
   -0.6662   -0.4271   -0.6113
...    34 C-G ...
  -64.9898  -52.5603   23.7683
   -0.4469   -0.4230    0.7882
   -0.5937    0.7994    0.0923
   -0.6691   -0.4267   -0.6084
...    35 C-G ...
  -67.0938  -54.2122   21.6702
   -0.6690    0.1216    0.7333
   -0.2269    0.9061   -0.3572
   -0.7078   -0.4053   -0.5785
...    36 C-G ...
  -69.3783  -55.8454   19.7588
   -0.6226    0.6332    0.4598
    0.2014    0.6974   -0.6878
   -0.7562   -0.3356   -0.5617
...    37 G-C ...
  -71.6958  -56.8092   17.5090
   -0.2903    0.9534    0.0829
    0.5348    0.2334   -0.8121
   -0.7935   -0.1914   -0.5776
...    38 A-T ...
  -74.3090  -57.4243   15.6680
    0.1359    0.9255   -0.3536
    0.6045   -0.3602   -0.7105
   -0.7849   -0.1172   -0.6084
...    39 C-G ...
  -77.1378  -57.3361   14.0422
    0.4823    0.6142   -0.6246
    0.4312   -0.7871   -0.4411
   -0.7625   -0.0566   -0.6445
...    40 A-T ...
  -79.5234  -57.3971   11.6855
    0.7442    0.0819   -0.6629
    0.0443   -0.9963   -0.0733
   -0.6665    0.0252   -0.7451
...    41 C-G ...
  -81.4572  -56.6565    9.1117
    0.6830   -0.4522   -0.5737
   -0.3782   -0.8908    0.2519
   -0.6249    0.0449   -0.7794
...    42 G-C ...
  -83.4262  -57.0077    6.3954
    0.3924   -0.8803   -0.2667
   -0.7537   -0.4739    0.4554
   -0.5272    0.0223   -0.8494
...    43 A-T ...
  -85.0093  -56.9892    3.4860
   -0.1503   -0.9871    0.0546
   -0.8496    0.1572    0.5034
   -0.5055    0.0293   -0.8623
...    44 C-G ...
  -86.1656  -57.1709    0.3243
   -0.5926   -0.7447    0.3070
   -0.6354    0.6665    0.3900
   -0.4951    0.0361   -0.8681
...    45 T-A ...
  -87.6976  -57.3355   -2.6449
   -0.8349   -0.2586    0.4859
   -0.2043    0.9653    0.1627
   -0.5111    0.0366   -0.8587
...    46 T-A ...
  -89.2638  -57.4813   -5.5027
   -0.8097    0.3582    0.4649
    0.3401    0.9319   -0.1257
   -0.4783    0.0563   -0.8764
...    47 A-T ...
  -90.6634  -57.0935   -8.5336
   -0.4044    0.8508    0.3355
    0.7752    0.5135   -0.3679
   -0.4853    0.1113   -0.8672
...    48 C-G ...
  -92.7493  -56.8676  -11.0643
    0.0905    0.9858    0.1415
    0.8725   -0.0099   -0.4885
   -0.4802    0.1677   -0.8610
...    49 T-A ...
  -94.5232  -56.0509  -13.7294
    0.5840    0.8104   -0.0474
    0.6821   -0.5216   -0.5126
   -0.4401    0.2670   -0.8573
...    50 G-C ...
  -95.6737  -54.9625  -16.6917
    0.9210    0.3334   -0.2013
    0.2171   -0.8686   -0.4455
   -0.3234    0.3667   -0.8723
...    51 T-A ...
  -96.5319  -53.1563  -19.3073
    0.9114   -0.1905   -0.3649
   -0.3087   -0.9027   -0.2997
   -0.2723    0.3857   -0.8815
...    52 A-T ...
  -97.3894  -52.0629  -22.3677
    0.5366   -0.7159   -0.4467
   -0.8146   -0.5777   -0.0527
   -0.2203    0.3921   -0.8931
...    53 G-C ...
  -97.7490  -50.6917  -25.3938
    0.0121   -0.9257   -0.3781
   -0.9822   -0.0818    0.1688
   -0.1872    0.3693   -0.9102
...    54 G-C ...
  -98.1055  -49.6246  -28.6024
   -0.5368   -0.8238   -0.1820
   -0.8230    0.4637    0.3282
   -0.1859    0.3260   -0.9269
...    55 T-A ...
  -98.2838  -48.9484  -31.8982
   -0.8982   -0.4390    0.0210
   -0.3984    0.8333    0.3833
   -0.1858    0.3359   -0.9234
...    56 A-T ...
  -98.7630  -47.2410  -34.8175
   -0.9447    0.2355    0.2282
    0.3002    0.9010    0.3131
   -0.1319    0.3643   -0.9219
...    57 T-A ...
  -99.5188  -46.6061  -37.9692
   -0.6534    0.6670    0.3579
    0.7473    0.6436    0.1649
   -0.1203    0.3752   -0.9191
...    58 C-G ...
  -99.9484  -45.4144  -41.0051
   -0.0725    0.8966    0.4370
    0.9907    0.1153   -0.0722
   -0.1151    0.4277   -0.8966
...    59 T-A ...
 -100.5900  -43.8177  -43.8371
    0.4770    0.7748    0.4149
    0.8745   -0.3714   -0.3119
   -0.0876    0.5116   -0.8548
...    60 T-A ...
 -100.9655  -42.0004  -46.4851
    0.8930    0.4024    0.2017
    0.4468   -0.7381   -0.5055
   -0.0545    0.5415   -0.8389
...    61 C-G ...
 -100.9468  -40.0941  -49.1482
    0.9858   -0.1391   -0.0944
   -0.1681   -0.8112   -0.5601
    0.0013    0.5680   -0.8231
...    62 A-T ...
 -100.7778  -38.3705  -52.0187
    0.7009   -0.6331   -0.3285
   -0.7050   -0.5450   -0.4538
    0.1083    0.5497   -0.8283
...    63 T-A ...
  -99.8096  -36.3386  -54.4499
    0.2334   -0.8145   -0.5311
   -0.9658   -0.1307   -0.2240
    0.1130    0.5652   -0.8171
...    64 G-C ...
  -99.7317  -34.5747  -57.2878
   -0.4002   -0.7507   -0.5256
   -0.9076    0.4042    0.1137
    0.1271    0.5225   -0.8431
...    65 T-A ...
  -98.8129  -33.2168  -60.2306
   -0.8298   -0.4078   -0.3810
   -0.5437    0.7449    0.3867
    0.1261    0.5281   -0.8398
...    66 T-A ...
  -98.2142  -31.7078  -63.0662
   -0.9848    0.1353   -0.1091
    0.0518    0.8277    0.5587
    0.1659    0.5446   -0.8221
...    67 A-T ...
  -97.3821  -29.5782  -65.5766
   -0.7201    0.6349    0.2800
    0.6697    0.5303    0.5199
    0.1815    0.5619   -0.8070
...    68 T-A ...
  -97.3418  -27.9903  -68.4599
   -0.2746    0.8093    0.5192
    0.9433    0.1221    0.3086
    0.1864    0.5745   -0.7970
...    69 A-T ...
  -96.6155  -25.9744  -71.0408
    0.3233    0.6579    0.6802
    0.9242   -0.3740   -0.0775
    0.2034    0.6537   -0.7289
...    70 A-T ...
  -96.0726  -23.7033  -73.2828
    0.7869    0.2990    0.5398
    0.5746   -0.6739   -0.4644
    0.2249    0.6756   -0.7021
...    71 C-G ...
  -95.4740  -21.0194  -75.1179
    0.9611   -0.1359    0.2405
    0.0750   -0.7095   -0.7007
    0.2658    0.6915   -0.6717
...    72 G-C ...
  -94.2605  -19.0180  -77.5710
    0.7975   -0.5874   -0.1377
   -0.4629   -0.4492   -0.7642
    0.3870    0.6731   -0.6302
...    73 G-C ...
  -92.5259  -16.8600  -79.5462
    0.3724   -0.7778   -0.5062
   -0.8103   -0.0067   -0.5860
    0.4524    0.6284   -0.6328
...    74 A-T ...
  -90.8993  -14.8499  -81.6263
   -0.2023   -0.6156   -0.7616
   -0.8612    0.4822   -0.1610
    0.4663    0.6233   -0.6277
...    75 C-G ...
  -88.8563  -13.2059  -83.7417
   -0.6402   -0.2488   -0.7268
   -0.6076    0.7429    0.2809
    0.4701    0.6215   -0.6267
...    76 G-C ...
  -87.4611  -10.7387  -85.6047
   -0.9061    0.1933   -0.3763
   -0.1144    0.7445    0.6578
    0.4073    0.6391   -0.6525
...    77 A-T ...
  -86.0285   -8.7125  -87.7854
   -0.7988    0.5903    0.1164
    0.4524    0.4618    0.7629
    0.3966    0.6621   -0.6359
...    78 G-C ...
  -84.9098   -6.5590  -90.0668
   -0.4512    0.6944    0.5606
    0.8104    0.0558    0.5832
    0.3737    0.7174   -0.5880
...    79 C-G ...
  -84.0805   -4.1220  -92.1708
    0.0497    0.5605    0.8266
    0.9249   -0.3381    0.1737
    0.3768    0.7560   -0.5353
...    80 T-A ...
  -83.0640   -1.3990  -93.7747
    0.5056    0.2204    0.8341
    0.7639   -0.5638   -0.3140
    0.4011    0.7959   -0.4534
...    81 C-G ...
  -81.6879    1.2734  -95.0866
    0.8385   -0.2011    0.5065
    0.3259   -0.5598   -0.7618
    0.4368    0.8038   -0.4039
...    82 G-C ...
  -79.8495    3.6931  -96.5924
    0.8206   -0.5712    0.0198
   -0.1744   -0.2833   -0.9431
    0.5443    0.7704   -0.3320
...    83 G-C ...
  -77.6451    6.1300  -97.4605
    0.5421   -0.6805   -0.4931
   -0.5754    0.1271   -0.8079
    0.6125    0.7217   -0.3226
...    84 G-C ...
  -75.2646    8.3274  -98.5013
    0.0863   -0.5225   -0.8483
   -0.7569    0.5192   -0.3968
    0.6478    0.6763   -0.3507
...    85 A-T ...
  -73.0267   10.4951  -99.6503
   -0.3955   -0.0870   -0.9143
   -0.6466    0.7334    0.2099
    0.6523    0.6742   -0.3463
...    86 T-A ...
  -70.5223   12.1826 -101.0453
   -0.6603    0.3317   -0.6738
   -0.3477    0.6602    0.6657
    0.6657    0.6738   -0.3206
...    87 C-G ...
  -68.2633   14.3492 -102.1461
   -0.7447    0.6569   -0.1180
    0.1207    0.3064    0.9442
    0.6564    0.6889   -0.3075
...    88 C-G ...
  -66.1027   16.6334 -103.4391
   -0.6029    0.6523    0.4594
    0.5157   -0.1207    0.8482
    0.6088    0.7483   -0.2636
...    89 G-C ...
  -63.7979   19.0560 -104.0176
   -0.2801    0.3595    0.8901
    0.7698   -0.4699    0.4320
    0.5736    0.8062   -0.1451
...    90 C-G ...
  -62.2907   21.9742 -104.5135
    0.1545   -0.0159    0.9879
    0.8015   -0.5826   -0.1348
    0.5777    0.8126   -0.0772
...    91 T-A ...
  -60.5595   24.8072 -104.4687
    0.5122   -0.3983    0.7609
    0.6136   -0.4502   -0.6487
    0.6009    0.7992    0.0139
...    92 T-A ...
  -58.6834   27.4386 -104.1971
    0.7616   -0.6006    0.2433
    0.2146   -0.1206   -0.9692
    0.6115    0.7904    0.0370
...    93 T-A ...
  -56.6779   29.9685 -103.8055
    0.7480   -0.5509   -0.3701
   -0.2617    0.2677   -0.9273
    0.6100    0.7904    0.0561
...    94 A-T ...
  -54.8495   32.8474 -103.9895
    0.4166   -0.2031   -0.8861
   -0.6841    0.5719   -0.4527
    0.5987    0.7948    0.0993
...    95 A-T ...
  -52.6657   35.2460 -103.5725
   -0.0422    0.2204   -0.9745
   -0.8039    0.5717    0.1641
    0.5933    0.7903    0.1531
...    96 C-G ...
  -50.2139   37.5430 -103.3376
   -0.4719    0.4994   -0.7266
   -0.6523    0.3567    0.6688
    0.5931    0.7896    0.1574
...    97 A-T ...
  -48.3723   40.2059 -102.4939
   -0.8047    0.5627   -0.1891
   -0.2421   -0.0202    0.9701
    0.5420    0.8264    0.1525
...    98 C-G ...
  -46.5662   43.0027 -102.5934
   -0.8237    0.4400    0.3576
    0.2224   -0.3293    0.9177
    0.5215    0.8354    0.1733
...    99 T-A ...
  -45.0374   45.9286 -102.1858
   -0.6145    0.1247    0.7790
    0.6316   -0.5138    0.5806
    0.4726    0.8488    0.2370
...   100 T-A ...
  -43.6710   48.7705 -101.4585
   -0.1643   -0.2280    0.9597
    0.8699   -0.4922    0.0320
    0.4651    0.8401    0.2792
...   101 T-A ...
  -42.3433   51.5403 -100.4479
    0.3393   -0.5055    0.7933
    0.8156   -0.2622   -0.5159
    0.4688    0.8220    0.3233
...   102 A-T ...
  -40.6240   54.1471  -99.2355
    0.7089   -0.6391    0.2983
    0.4824    0.1309   -0.8661
    0.5145    0.7579    0.4011
...   103 T-A ...
  -39.1314   56.3571  -97.3025
    0.8545   -0.4830   -0.1915
    0.0573    0.4539   -0.8892
    0.5164    0.7488    0.4156
...   104 G-C ...
  -37.2170   58.8975  -96.2509
    0.6889   -0.1568   -0.7077
   -0.4341    0.6926   -0.5761
    0.5804    0.7041    0.4091
...   105 C-G ...
  -34.9488   60.9411  -94.8477
    0.3153    0.2575   -0.9134
   -0.7354    0.6747   -0.0636
    0.5999    0.6917    0.4020
...   106 T-A ...
  -32.6755   63.0924  -93.6415
   -0.1555    0.5795   -0.8000
   -0.7810    0.4238    0.4588
    0.6049    0.6961    0.3867
...   107 T-A ...
  -30.4622   65.2097  -92.4953
   -0.5634    0.7486   -0.3495
   -0.5511   -0.0254    0.8340
    0.6155    0.6626    0.4269
...   108 C-G ...
  -28.3353   67.3535  -91.1321
   -0.7983    0.5610    0.2189
   -0.1086   -0.4917    0.8640
    0.5923    0.6659    0.4535
...   109 C-G ...
  -26.3114   69.7567  -89.8401
   -0.7829    0.1237    0.6097
    0.3464   -0.7274    0.5924
    0.5168    0.6750    0.5266
...   110 G-C ...
  -24.4295   71.7547  -87.8629
   -0.5301   -0.4095    0.7425
    0.7303   -0.6654    0.1545
    0.4308    0.6242    0.6518
...   111 G-C ...
  -23.3220   73.9047  -85.5151
   -0.0968   -0.7781    0.6206
    0.9147   -0.3154   -0.2528
    0.3924    0.5432    0.7422
...   112 C-G ...
  -22.4722   75.5503  -82.7723
    0.3943   -0.8581    0.3290
    0.8328    0.1823   -0.5227
    0.3886    0.4801    0.7865
...   113 T-A ...
  -21.3259   76.8055  -79.9231
    0.7538   -0.6543   -0.0603
    0.5132    0.6436   -0.5678
    0.4103    0.3971    0.8209
...   114 C-G ...
  -19.8155   77.8902  -77.2026
    0.9061   -0.1385   -0.3997
   -0.0272    0.9238   -0.3819
    0.4221    0.3569    0.8333
...   115 G-C ...
  -18.2473   79.4869  -74.6561
    0.6967    0.4171   -0.5836
   -0.5266    0.8498   -0.0212
    0.4871    0.3221    0.8117
...   116 T-A ...
  -16.1761   80.1055  -72.0626
    0.2989    0.8190   -0.4898
   -0.8231    0.4809    0.3020
    0.4829    0.3129    0.8179
...   117 A-T ...
  -15.2098   81.0620  -68.8768
   -0.3050    0.9499   -0.0683
   -0.8285   -0.2293    0.5109
    0.4696    0.2124    0.8569
...   118 T-A ...
  -13.1773   82.0241  -66.4348
   -0.6874    0.6908    0.2242
   -0.5544   -0.6985    0.4525
    0.4692    0.1867    0.8631
...   119 A-T ...
  -11.6479   82.3055  -63.4299
   -0.9016    0.0844    0.4242
   -0.0035   -0.9822    0.1880
    0.4325    0.1680    0.8858
...   120 A-T ...
  -10.3216   83.0153  -60.5608
   -0.7535   -0.5052    0.4207
    0.5163   -0.8509   -0.0969
    0.4069    0.1442    0.9020
...   121 T-A ...
   -9.5015   83.8899  -57.5186
   -0.3999   -0.8736    0.2774
    0.8312   -0.4732   -0.2919
    0.3862    0.1139    0.9153
...   122 G-C ...
   -8.1417   83.8991  -54.4340
    0.1017   -0.9925   -0.0677
    0.9311    0.1189   -0.3448
    0.3502   -0.0280    0.9362
...   123 T-A ...
   -7.5192   83.4074  -51.2282
    0.5713   -0.7708   -0.2819
    0.7417    0.6320   -0.2246
    0.3513   -0.0807    0.9328
...   124 G-C ...
   -5.9492   83.1480  -48.2634
    0.8766   -0.2285   -0.4235
    0.2754    0.9599    0.0521
    0.3946   -0.1623    0.9044
...   125 T-A ...
   -4.5854   81.9639  -45.4310
    0.8844    0.3377   -0.3221
   -0.2453    0.9236    0.2947
    0.3971   -0.1816    0.8996
...   126 C-G ...
   -3.1488   81.3001  -42.5052
    0.5486    0.8347   -0.0482
   -0.7397    0.5114    0.4374
    0.3897   -0.2043    0.8980
...   127 G-C ...
   -2.3013   80.7178  -39.2670
   -0.0226    0.9821    0.1871
   -0.9232   -0.0923    0.3730
    0.3836   -0.1643    0.9087
...   128 A-T ...
   -0.9302   80.0434  -36.3233
   -0.5897    0.7179    0.3700
   -0.7244   -0.6727    0.1506
    0.3571   -0.1792    0.9167
...   129 C-G ...
    0.5923   79.9326  -33.3595
   -0.8998    0.2415    0.3633
   -0.2922   -0.9520   -0.0910
    0.3239   -0.1881    0.9272
...   130 C-G ...
    1.7574   79.5592  -30.1917
   -0.9420   -0.3044    0.1413
    0.2554   -0.9234   -0.2866
    0.2177   -0.2339    0.9476
...   131 A-T ...
    2.4797   78.5880  -27.0437
   -0.6490   -0.7365   -0.1910
    0.7542   -0.5897   -0.2888
    0.1000   -0.3315    0.9381
...   132 A-T ...
    2.5823   77.4800  -24.0114
   -0.1060   -0.9211   -0.3747
    0.9920   -0.0718   -0.1041
    0.0689   -0.3827    0.9213
...   133 A-T ...
    2.6033   76.0855  -21.0907
    0.4832   -0.7801   -0.3975
    0.8738    0.4584    0.1624
    0.0555   -0.4258    0.9031
...   134 T-A ...
    2.3094   74.2286  -18.3853
    0.8657   -0.4292   -0.2574
    0.4984    0.7868    0.3642
    0.0461   -0.4436    0.8950
...   135 G-C ...
    1.4370   72.0948  -15.6002
    0.9809    0.0621    0.1844
   -0.1263    0.9241    0.3606
   -0.1480   -0.3770    0.9143
...   136 T-A ...
    0.5300   69.2373  -13.4651
    0.7353    0.4962    0.4617
   -0.6117    0.7791    0.1369
   -0.2918   -0.3831    0.8764
...   137 G-C ...
   -0.1630   67.4089  -10.8054
    0.1799    0.8794    0.4409
   -0.9276    0.3008   -0.2216
   -0.3275   -0.3691    0.8698
...   138 A-T ...
   -0.1294   66.2154   -7.8180
   -0.3749    0.8569    0.3537
   -0.8857   -0.2184   -0.4097
   -0.2739   -0.4669    0.8408
...   139 G-C ...
   -1.0031   65.6050   -4.9383
   -0.8337    0.5216    0.1812
   -0.5170   -0.6221   -0.5880
   -0.1940   -0.5839    0.7883
...   140 C-G ...
   -0.6940   63.8984   -2.2497
   -0.9992    0.0157   -0.0376
    0.0023   -0.8992   -0.4375
   -0.0406   -0.4373    0.8984
...   141 G-C ...
   -3.4331   60.2357    1.0303
   -0.4426    0.2288   -0.8671
    0.1684   -0.9285   -0.3310
   -0.8808   -0.2925    0.3724
...   142 C-G ...
   -6.3247   59.0804    1.6315
   -0.2968   -0.3279   -0.8969
    0.5658   -0.8170    0.1115
   -0.7693   -0.4743    0.4280
...   143 T-A ...
   -8.6731   58.7216    3.6048
   -0.0344   -0.7815   -0.6229
    0.6534   -0.4892    0.5777
   -0.7562   -0.3872    0.5275
...   144 C-G ...
  -11.6514   58.0074    4.7220
    0.2453   -0.9542   -0.1714
    0.6321    0.0234    0.7745
   -0.7350   -0.2984    0.6089
...   145 A-T ...
  -14.1725   56.5626    6.1820
    0.5795   -0.7268    0.3686
    0.3140    0.6165    0.7220
   -0.7520   -0.3027    0.5855
...   146 C-G ...
  -16.4614   53.8913    7.5170
    0.5336   -0.3333    0.7773
   -0.0346    0.9097    0.4138
   -0.8450   -0.2477    0.4739
...   147 A-T ...
  -19.0125   52.0327    8.9269
    0.2451    0.2906    0.9249
   -0.3073    0.9281   -0.2101
   -0.9195   -0.2327    0.3168
