  147 base-pairs
...     1 A-T ...
    0.0000    0.0000    0.0000
    1.0000    0.0000    0.0000
    0.0000    1.0000    0.0000
    0.0000    0.0000    1.0000
...     2 G-C ...
   -0.1404   -1.2353    3.2259
    0.7530    0.6366    0.1668
   -0.6385    0.7681   -0.0490
   -0.1593   -0.0696    0.9848
...     3 T-A ...
   -0.0377   -3.2918    6.3749
    0.2722    0.9302    0.2464
   -0.9238    0.3243   -0.2034
   -0.2691   -0.1722    0.9476
...     4 G-C ...
   -0.3520   -4.1638    9.4928
   -0.3756    0.9250    0.0576
   -0.8780   -0.3352   -0.3416
   -0.2967   -0.1788    0.9381
...     5 A-T ...
   -0.4480   -4.1448   12.7498
   -0.8116    0.5839   -0.0166
   -0.5522   -0.7762   -0.3042
   -0.1905   -0.2377    0.9525
...     6 G-C ...
   -1.5926   -4.1701   15.6201
   -0.9976    0.0246   -0.0651
   -0.0043   -0.9555   -0.2950
   -0.0694   -0.2940    0.9533
...     7 C-G ...
   -1.1050   -4.4793   18.7363
   -0.8442   -0.5302   -0.0787
    0.5343   -0.8442   -0.0430
   -0.0437   -0.0784    0.9960
...     8 G-C ...
   -2.4044   -7.7255   23.1483
   -0.2753   -0.3294   -0.9032
    0.6650   -0.7437    0.0686
   -0.6943   -0.5817    0.4238
...     9 C-G ...
   -4.4706   -9.9691   24.1142
    0.1145   -0.7026   -0.7023
    0.8512   -0.2951    0.4341
   -0.5123   -0.6475    0.5642
...    10 T-A ...
   -6.7420  -10.8705   25.9717
    0.4841   -0.8363   -0.2573
    0.6594    0.1554    0.7356
   -0.5752   -0.5257    0.6267
...    11 C-G ...
   -9.1682  -12.6167   27.1662
    0.7073   -0.6683    0.2306
    0.3450    0.6110    0.7125
   -0.6170   -0.4243    0.6627
...    12 A-T ...
  -10.9253  -14.6583   29.0713
    0.7515   -0.1377    0.6452
   -0.2027    0.8824    0.4245
   -0.6278   -0.4498    0.6352
...    13 C-G ...
  -11.8495  -17.4796   31.2472
    0.4294    0.2824    0.8578
   -0.5708    0.8209    0.0155
   -0.6998   -0.4963    0.5137
...    14 A-T ...
  -13.5915  -19.7756   33.4284
   -0.1503    0.6106    0.7775
   -0.6874    0.5007   -0.5261
   -0.7106   -0.6135    0.3445
...    15 A-T ...
  -15.7459  -21.8741   34.6640
   -0.5215    0.7884    0.3263
   -0.4464    0.0738   -0.8918
   -0.7271   -0.6108    0.3135
...    16 T-A ...
  -17.9071  -23.7367   36.2729
   -0.6516    0.7365   -0.1817
   -0.1109   -0.3295   -0.9376
   -0.7504   -0.5908    0.2964
...    17 T-A ...
  -20.3839  -25.5119   37.3289
   -0.5452    0.4645   -0.6979
    0.2719   -0.6895   -0.6713
   -0.7930   -0.5558    0.2497
...    18 T-A ...
  -23.0640  -27.1227   38.1083
   -0.2402    0.0366   -0.9700
    0.5110   -0.8448   -0.1585
   -0.8253   -0.5338    0.1843
...    19 A-T ...
  -25.9323  -28.8279   38.3422
    0.2103   -0.3774   -0.9018
    0.4926   -0.7559    0.4312
   -0.8445   -0.5349    0.0270
...    20 T-A ...
  -28.9242  -30.1297   37.9213
    0.4387   -0.7089   -0.5523
    0.2933   -0.4679    0.8337
   -0.8494   -0.5277    0.0027
...    21 T-A ...
  -31.7360  -31.7519   37.6070
    0.4900   -0.8705    0.0452
   -0.0383    0.0303    0.9988
   -0.8709   -0.4912   -0.0185
...    22 C-G ...
  -34.5341  -33.5217   37.4312
    0.3392   -0.6831    0.6467
   -0.3468    0.5483    0.7610
   -0.8745   -0.4824   -0.0510
...    23 G-C ...
  -37.6732  -34.7564   37.5389
    0.0876   -0.2116    0.9734
   -0.4825    0.8459    0.2273
   -0.8715   -0.4896   -0.0280
...    24 C-G ...
  -40.4114  -36.6946   37.3276
   -0.1866    0.3127    0.9313
   -0.4236    0.8298   -0.3635
   -0.8864   -0.4623   -0.0224
...    25 A-T ...
  -43.4486  -38.0348   36.9210
   -0.3253    0.7793    0.5355
   -0.2071    0.4939   -0.8445
   -0.9226   -0.3857    0.0007
...    26 A-T ...
  -46.4119  -39.3305   37.1042
   -0.3572    0.9330   -0.0431
    0.0359   -0.0325   -0.9988
   -0.9333   -0.3583   -0.0219
...    27 A-T ...
  -49.4693  -40.3597   37.1701
   -0.2161    0.7741   -0.5950
    0.2282   -0.5525   -0.8017
   -0.9493   -0.3090   -0.0573
...    28 G-C ...
  -52.6948  -41.0232   37.0188
    0.0505    0.4035   -0.9136
    0.2834   -0.8829   -0.3743
   -0.9577   -0.2400   -0.1589
...    29 G-C ...
  -55.9332  -41.3475   36.1211
    0.3099   -0.1094   -0.9444
    0.1464   -0.9760    0.1611
   -0.9394   -0.1882   -0.2865
...    30 C-G ...
  -58.9176  -41.5888   34.6829
    0.3859   -0.6182   -0.6848
   -0.1023   -0.7664    0.6342
   -0.9169   -0.1747   -0.3590
...    31 C-G ...
  -61.7571  -42.3248   32.9641
    0.3096   -0.9314   -0.1912
   -0.3695   -0.3031    0.8784
   -0.8761   -0.2013   -0.4380
...    32 G-C ...
  -64.7978  -43.3141   31.8482
    0.0612   -0.9235    0.3786
   -0.5397    0.2885    0.7909
   -0.8396   -0.2527   -0.4808
...    33 G-C ...
  -67.5019  -44.3639   30.0660
   -0.2391   -0.5842    0.7756
   -0.4887    0.7626    0.4238
   -0.8390   -0.2778   -0.4678
...    34 C-G ...
  -70.1355  -45.5826   28.3563
   -0.4671   -0.0413    0.8832
   -0.2505    0.9642   -0.0874
   -0.8480   -0.2621   -0.4607
...    35 C-G ...
  -72.9131  -46.7172   26.7494
   -0.4690    0.5260    0.7095
    0.0800    0.8253   -0.5590
   -0.8796   -0.2054   -0.4291
...    36 C-G ...
  -75.8814  -47.6695   25.4015
   -0.2570    0.9105    0.3239
    0.3490    0.3999   -0.8475
   -0.9012   -0.1048   -0.4205
...    37 G-C ...
  -78.7396  -47.9603   23.6255
    0.1288    0.9831   -0.1300
    0.4423   -0.1743   -0.8798
   -0.8876    0.0558   -0.4573
...    38 A-T ...
  -81.6330  -47.6796   22.1547
    0.4356    0.6912   -0.5766
    0.2730   -0.7119   -0.6471
   -0.8577    0.1245   -0.4988
...    39 C-G ...
  -84.4140  -46.6446   20.7715
    0.5696    0.2100   -0.7946
   -0.0203   -0.9629   -0.2691
   -0.8217    0.1694   -0.5442
...    40 A-T ...
  -86.9958  -46.1056   18.6933
    0.5571   -0.3906   -0.7329
   -0.3968   -0.9004    0.1782
   -0.7295    0.1915   -0.6566
...    41 C-G ...
  -88.9331  -45.0243   16.2125
    0.2770   -0.8146   -0.5096
   -0.6618   -0.5462    0.5135
   -0.6966    0.1951   -0.6904
...    42 G-C ...
  -91.4618  -44.8212   13.9716
   -0.1237   -0.9893   -0.0779
   -0.7541    0.0427    0.6554
   -0.6451    0.1398   -0.7512
...    43 A-T ...
  -93.5038  -44.4241   11.3819
   -0.5739   -0.7510    0.3265
   -0.5247    0.6433    0.5575
   -0.6288    0.1486   -0.7633
...    44 C-G ...
  -95.3422  -44.4419    8.5507
   -0.7750   -0.2747    0.5691
   -0.1216    0.9486    0.2923
   -0.6201    0.1573   -0.7686
...    45 T-A ...
  -97.4580  -44.1963    5.9664
   -0.6955    0.2907    0.6571
    0.3359    0.9400   -0.0604
   -0.6352    0.1787   -0.7514
...    46 T-A ...
  -99.5824  -43.8510    3.5217
   -0.3711    0.7894    0.4890
    0.6991    0.5841   -0.4123
   -0.6111    0.1889   -0.7686
...    47 A-T ...
 -101.4623  -43.1232    0.8345
    0.1808    0.9627    0.2011
    0.7842   -0.0177   -0.6203
   -0.5936    0.2699   -0.7581
...    48 C-G ...
 -103.7890  -42.0323   -1.2119
    0.6033    0.7899   -0.1098
    0.5661   -0.5211   -0.6387
   -0.5618    0.3232   -0.7615
...    49 T-A ...
 -105.6058  -40.6013   -3.5794
    0.8650    0.3549   -0.3548
    0.1379   -0.8478   -0.5120
   -0.4825    0.3939   -0.7823
...    50 G-C ...
 -106.8818  -39.3270   -6.4202
    0.8423   -0.2459   -0.4796
   -0.4077   -0.8727   -0.2686
   -0.3525    0.4218   -0.8354
...    51 T-A ...
 -107.5012  -37.5183   -9.1245
    0.5051   -0.6885   -0.5204
   -0.8051   -0.5932    0.0033
   -0.3110    0.4174   -0.8539
...    52 A-T ...
 -108.8556  -36.2922  -11.9845
   -0.1394   -0.8997   -0.4137
   -0.9490    0.0020    0.3153
   -0.2829    0.4366   -0.8540
...    53 G-C ...
 -109.5020  -34.9564  -14.9896
   -0.6357   -0.7563   -0.1547
   -0.7199    0.5086    0.4723
   -0.2785    0.4116   -0.8678
...    54 G-C ...
 -110.3337  -33.7757  -18.0697
   -0.9217   -0.3464    0.1745
   -0.2322    0.8532    0.4670
   -0.3107    0.3899   -0.8668
...    55 T-A ...
 -111.3355  -33.0492  -21.2032
   -0.8989    0.1742    0.4021
    0.3127    0.8977    0.3103
   -0.3069    0.4046   -0.8614
...    56 A-T ...
 -111.9195  -31.3266  -24.0872
   -0.4796    0.7262    0.4925
    0.8356    0.5493    0.0039
   -0.2677    0.4135   -0.8703
...    57 T-A ...
 -113.3881  -30.2179  -26.8201
    0.0239    0.9010    0.4333
    0.9666    0.0899   -0.2402
   -0.2553    0.4245   -0.8687
...    58 C-G ...
 -114.2665  -28.7954  -29.6495
    0.6107    0.7485    0.2583
    0.7614   -0.4656   -0.4510
   -0.2173    0.4721   -0.8543
...    59 T-A ...
 -115.0123  -26.9204  -32.2820
    0.9411    0.3335    0.0556
    0.3084   -0.7794   -0.5454
   -0.1386    0.5304   -0.8364
...    60 C-G ...
 -115.2788  -25.0818  -34.9815
    0.9466   -0.2246   -0.2312
   -0.3137   -0.8071   -0.5002
   -0.0742    0.5461   -0.8345
...    61 G-C ...
 -115.3328  -23.6263  -38.0443
    0.5991   -0.7039   -0.3815
   -0.7985   -0.4904   -0.3492
    0.0587    0.5138   -0.8559
...    62 A-T ...
 -114.9458  -22.0177  -40.9117
   -0.0110   -0.8639   -0.5035
   -0.9956    0.0562   -0.0746
    0.0927    0.5005   -0.8608
...    63 G-C ...
 -114.3211  -20.4970  -43.8333
   -0.5645   -0.7002   -0.4371
   -0.8196    0.5382    0.1962
    0.0978    0.4690   -0.8778
...    64 C-G ...
 -113.7767  -19.2553  -46.9123
   -0.9324   -0.2737   -0.2362
   -0.3501    0.8462    0.4018
    0.0899    0.4573   -0.8848
...    65 T-A ...
 -113.5069  -18.0043  -50.0128
   -0.9711    0.2334    0.0500
    0.2296    0.8560    0.4632
    0.0653    0.4613   -0.8848
...    66 C-G ...
 -113.2618  -16.5601  -52.9879
   -0.6280    0.7011    0.3378
    0.7751    0.5247    0.3519
    0.0695    0.4828   -0.8730
...    67 G-C ...
 -112.5785  -14.8271  -55.8256
   -0.0732    0.8126    0.5782
    0.9945    0.0161    0.1032
    0.0746    0.5826   -0.8093
...    68 G-C ...
 -112.5595  -12.7929  -58.5265
    0.4812    0.6187    0.6210
    0.8677   -0.4367   -0.2373
    0.1244    0.6531   -0.7470
...    69 G-C ...
 -112.2439  -10.3552  -60.8405
    0.8604    0.1989    0.4691
    0.4628   -0.6903   -0.5561
    0.2132    0.6956   -0.6860
...    70 A-T ...
 -111.4328   -8.0102  -62.9853
    0.9528   -0.2907    0.0875
   -0.1314   -0.6546   -0.7444
    0.2737    0.6978   -0.6619
...    71 T-A ...
 -110.2475   -5.4102  -64.6076
    0.7464   -0.5960   -0.2961
   -0.5968   -0.4026   -0.6941
    0.2945    0.6948   -0.6562
...    72 C-G ...
 -109.0592   -3.2419  -66.7817
    0.2314   -0.7336   -0.6389
   -0.9138    0.0614   -0.4015
    0.3338    0.6768   -0.6562
...    73 C-G ...
 -107.6332   -1.2534  -69.1407
   -0.3433   -0.6030   -0.7201
   -0.8674    0.4975   -0.0031
    0.3601    0.6235   -0.6939
...    74 G-C ...
 -106.8293    1.0388  -71.5016
   -0.8071   -0.2261   -0.5454
   -0.4859    0.7792    0.3959
    0.3355    0.5846   -0.7387
...    75 C-G ...
 -105.6128    2.6673  -74.1776
   -0.9461    0.2462   -0.2102
    0.0586    0.7688    0.6367
    0.3184    0.5901   -0.7419
...    76 T-A ...
 -104.6960    4.4631  -76.8504
   -0.7677    0.6072    0.2050
    0.5708    0.5024    0.6494
    0.2913    0.6156   -0.7323
...    77 C-G ...
 -103.7463    6.4365  -79.3277
   -0.2741    0.7670    0.5802
    0.9146    0.0215    0.4038
    0.2972    0.6413   -0.7074
...    78 A-T ...
 -102.5121    8.5574  -81.6229
    0.2754    0.5570    0.7835
    0.9060   -0.4229   -0.0178
    0.3214    0.7148   -0.6211
...    79 T-A ...
 -101.9889   11.2331  -83.4459
    0.6907    0.2440    0.6807
    0.6388   -0.6470   -0.4163
    0.3389    0.7224   -0.6028
...    80 G-C ...
 -100.5373   13.5686  -85.3818
    0.8812   -0.2646    0.3917
    0.1444   -0.6383   -0.7561
    0.4501    0.7229   -0.5243
...    81 T-A ...
  -98.8929   16.1998  -86.5161
    0.8018   -0.5956   -0.0486
   -0.3369   -0.3834   -0.8599
    0.4936    0.7058   -0.5081
...    82 T-A ...
  -97.1228   18.5167  -87.9513
    0.4566   -0.7062   -0.5411
   -0.7321    0.0474   -0.6796
    0.5056    0.7064   -0.4953
...    83 A-T ...
  -95.7446   20.9826  -89.8406
   -0.1136   -0.4896   -0.8645
   -0.8451    0.5052   -0.1750
    0.5224    0.7107   -0.4712
...    84 T-A ...
  -93.4843   22.8623  -91.3897
   -0.5249   -0.1330   -0.8407
   -0.6608    0.6863    0.3040
    0.5366    0.7151   -0.4481
...    85 A-T ...
  -91.8414   25.6870  -92.4413
   -0.7923    0.4130   -0.4492
   -0.1543    0.5766    0.8023
    0.5903    0.7050   -0.3931
...    86 A-T ...
  -89.8883   27.8250  -93.9505
   -0.7086    0.6985    0.0999
    0.3294    0.2022    0.9223
    0.6240    0.6865   -0.3733
...    87 C-G ...
  -88.1410   30.0573  -95.7069
   -0.4346    0.6802    0.5903
    0.6537   -0.2127    0.7263
    0.6196    0.7015   -0.3522
...    88 G-C ...
  -85.7443   32.2480  -96.6616
   -0.0675    0.3424    0.9371
    0.7817   -0.5655    0.2630
    0.6200    0.7503   -0.2295
...    89 G-C ...
  -83.8638   34.9648  -97.3581
    0.3017   -0.1086    0.9472
    0.6980   -0.6516   -0.2971
    0.6494    0.7508   -0.1207
...    90 A-T ...
  -81.7408   37.4417  -97.6277
    0.6127   -0.5191    0.5959
    0.3994   -0.4473   -0.8003
    0.6819    0.7284   -0.0668
...    91 T-A ...
  -79.6693   39.9454  -97.1907
    0.7150   -0.6908    0.1075
    0.0421   -0.1109   -0.9929
    0.6978    0.7145   -0.0502
...    92 T-A ...
  -77.3377   42.2014  -97.0961
    0.6046   -0.6317   -0.4852
   -0.3642    0.3225   -0.8737
    0.7084    0.7050   -0.0351
...    93 T-A ...
  -74.8821   44.3375  -96.9958
    0.2952   -0.3076   -0.9046
   -0.6397    0.6396   -0.4263
    0.7097    0.7045   -0.0080
...    94 A-T ...
  -72.8482   47.0751  -97.0309
   -0.1558    0.2305   -0.9605
   -0.6790    0.6812    0.2736
    0.7174    0.6949    0.0503
...    95 A-T ...
  -70.3032   49.1270  -96.9876
   -0.4896    0.6241   -0.6089
   -0.4691    0.4002    0.7873
    0.7350    0.6711    0.0969
...    96 C-G ...
  -67.6720   51.1902  -97.2415
   -0.6694    0.7375   -0.0894
   -0.1377   -0.0049    0.9905
    0.7301    0.6753    0.1048
...    97 A-T ...
  -65.1897   53.3418  -96.6234
   -0.6827    0.5345    0.4981
    0.2776   -0.4408    0.8536
    0.6759    0.7210    0.1526
...    98 C-G ...
  -63.2604   56.0282  -96.5493
   -0.4610    0.1906    0.8667
    0.5920   -0.6615    0.4604
    0.6610    0.7253    0.1921
...    99 T-A ...
  -61.3335   58.6303  -95.8542
   -0.1389   -0.2544    0.9571
    0.7543   -0.6534   -0.0643
    0.6417    0.7130    0.2827
...   100 T-A ...
  -59.4186   61.0204  -94.8238
    0.2790   -0.6123    0.7398
    0.7083   -0.3890   -0.5891
    0.6484    0.6883    0.3251
...   101 T-A ...
  -57.4341   63.2353  -93.5552
    0.6056   -0.7505    0.2646
    0.4406    0.0394   -0.8968
    0.6627    0.6597    0.3545
...   102 A-T ...
  -55.0480   65.2926  -92.4279
    0.7014   -0.6231   -0.3460
    0.0298    0.5107   -0.8592
    0.7121    0.5924    0.3768
...   103 T-A ...
  -52.6260   66.7266  -90.7005
    0.6235   -0.2668   -0.7349
   -0.3253    0.7662   -0.5542
    0.7109    0.5846    0.3909
...   104 G-C ...
  -50.2733   68.8676  -89.6954
    0.2753    0.2142   -0.9372
   -0.6008    0.7994    0.0062
    0.7505    0.5613    0.3488
...   105 C-G ...
  -47.5012   70.4719  -88.7036
   -0.1185    0.6206   -0.7751
   -0.6446    0.5457    0.5355
    0.7553    0.5631    0.3354
...   106 T-A ...
  -44.8162   72.2795  -87.8599
   -0.4693    0.8044   -0.3644
   -0.4768    0.1166    0.8713
    0.7433    0.5826    0.3288
...   107 T-A ...
  -42.2542   74.1198  -87.0318
   -0.6419    0.7339    0.2223
   -0.1332   -0.3922    0.9102
    0.7552    0.5546    0.3495
...   108 C-G ...
  -39.7240   75.9432  -85.9661
   -0.6287    0.3297    0.7043
    0.2619   -0.7630    0.5910
    0.7322    0.5560    0.3934
...   109 C-G ...
  -37.3892   78.0742  -84.7593
   -0.4705   -0.2024    0.8589
    0.5618   -0.8193    0.1146
    0.6805    0.5364    0.4992
...   110 G-C ...
  -34.9736   79.5653  -82.9518
   -0.1942   -0.7014    0.6858
    0.7502   -0.5566   -0.3568
    0.6320    0.4452    0.6344
...   111 G-C ...
  -33.1521   80.9344  -80.4707
    0.1673   -0.9371    0.3062
    0.7679   -0.0709   -0.6366
    0.6183    0.3417    0.7078
...   112 C-G ...
  -31.3999   81.7185  -77.7726
    0.5253   -0.8407   -0.1314
    0.5805    0.4670   -0.6670
    0.6222    0.2741    0.7333
...   113 T-A ...
  -29.3808   82.2135  -75.1837
    0.7233   -0.4694   -0.5065
    0.2449    0.8602   -0.4473
    0.6457    0.1994    0.7371
...   114 C-G ...
  -27.1161   82.6829  -72.8306
    0.7270    0.1449   -0.6712
   -0.2200    0.9751   -0.0278
    0.6504    0.1679    0.7408
...   115 G-C ...
  -25.0071   83.7053  -70.4042
    0.4341    0.6825   -0.5880
   -0.5795    0.7113    0.3978
    0.6898    0.1680    0.7043
...   116 T-A ...
  -22.2997   83.9259  -68.4060
    0.0544    0.9605   -0.2730
   -0.7304    0.2247    0.6450
    0.6808    0.1643    0.7138
...   117 A-T ...
  -20.3838   84.2266  -65.5983
   -0.4108    0.8760    0.2528
   -0.6163   -0.4711    0.6311
    0.6719    0.1035    0.7334
...   118 T-A ...
  -17.8740   84.9905  -63.5923
   -0.6720    0.5066    0.5403
   -0.3277   -0.8576    0.3965
    0.6642    0.0894    0.7422
...   119 A-T ...
  -15.7020   85.2205  -61.0513
   -0.8011   -0.1096    0.5885
    0.1356   -0.9908    0.0001
    0.5830    0.0799    0.8085
...   120 A-T ...
  -13.9464   85.6211  -58.3693
   -0.6142   -0.6549    0.4402
    0.5699   -0.7540   -0.3266
    0.5458    0.0502    0.8364
...   121 T-A ...
  -12.7039   86.0969  -55.3888
   -0.2655   -0.9469    0.1815
    0.8094   -0.3212   -0.4917
    0.5239    0.0163    0.8516
...   122 G-C ...
  -10.8784   85.7481  -52.5890
    0.1799   -0.9540   -0.2398
    0.8511    0.2732   -0.4483
    0.4932   -0.1235    0.8611
...   123 T-A ...
   -9.7305   84.8760  -49.6098
    0.5924   -0.6564   -0.4672
    0.6401    0.7356   -0.2218
    0.4893   -0.1676    0.8559
...   124 G-C ...
   -7.7557   84.4269  -46.9411
    0.8333   -0.0744   -0.5478
    0.1875    0.9702    0.1534
    0.5200   -0.2305    0.8224
...   125 T-A ...
   -5.9702   83.0463  -44.4412
    0.8062    0.4658   -0.3648
   -0.2938    0.8504    0.4366
    0.5136   -0.2448    0.8224
...   126 C-G ...
   -4.2014   82.1503  -41.7749
    0.4636    0.8860    0.0000
   -0.7327    0.3834    0.5623
    0.4982   -0.2607    0.8269
...   127 G-C ...
   -3.0046   81.2287  -38.7468
   -0.0878    0.9562    0.2793
   -0.8780   -0.2068    0.4317
    0.4706   -0.2073    0.8577
...   128 A-T ...
   -1.3565   80.4189  -36.0068
   -0.6126    0.6444    0.4578
   -0.6623   -0.7345    0.1477
    0.4314   -0.2127    0.8767
...   129 C-G ...
    0.3412   80.2403  -33.1770
   -0.8911    0.1654    0.4226
   -0.2398   -0.9622   -0.1291
    0.3853   -0.2164    0.8971
...   130 C-G ...
    1.6213   79.8118  -30.0773
   -0.9215   -0.3520    0.1639
    0.2839   -0.8988   -0.3341
    0.2649   -0.2614    0.9282
...   131 A-T ...
    2.3891   78.7813  -26.9667
   -0.6376   -0.7440   -0.1998
    0.7596   -0.5638   -0.3243
    0.1287   -0.3585    0.9246
...   132 A-T ...
    2.5460   77.5781  -23.9747
   -0.1018   -0.9128   -0.3956
    0.9908   -0.0572   -0.1230
    0.0896   -0.4044    0.9102
...   133 A-T ...
    2.5917   76.1117  -21.0859
    0.4837   -0.7733   -0.4100
    0.8727    0.4618    0.1586
    0.0667   -0.4345    0.8982
...   134 T-A ...
    2.3094   74.2286  -18.3853
    0.8657   -0.4292   -0.2574
    0.4984    0.7868    0.3642
    0.0462   -0.4436    0.8950
...   135 G-C ...
    1.4370   72.0948  -15.6002
    0.9809    0.0621    0.1844
   -0.1263    0.9241    0.3606
   -0.1480   -0.3770    0.9143
...   136 T-A ...
    0.5300   69.2373  -13.4651
    0.7353    0.4962    0.4617
   -0.6117    0.7791    0.1369
   -0.2918   -0.3831    0.8764
...   137 G-C ...
   -0.1630   67.4089  -10.8054
    0.1799    0.8794    0.4409
   -0.9276    0.3008   -0.2216
   -0.3275   -0.3691    0.8698
...   138 A-T ...
   -0.1294   66.2153   -7.8180
   -0.3749    0.8569    0.3537
   -0.8857   -0.2184   -0.4097
   -0.2739   -0.4669    0.8408
...   139 G-C ...
   -1.0031   65.6050   -4.9383
   -0.8337    0.5216    0.1812
   -0.5170   -0.6221   -0.5880
   -0.1940   -0.5840    0.7883
...   140 C-G ...
   -0.6940   63.8984   -2.2497
   -0.9992    0.0157   -0.0376
    0.0023   -0.8992   -0.4375
   -0.0406   -0.4373    0.8984
...   141 G-C ...
   -3.4331   60.2356    1.0303
   -0.4426    0.2288   -0.8671
    0.1684   -0.9285   -0.3310
   -0.8808   -0.2925    0.3724
...   142 C-G ...
   -6.3247   59.0804    1.6314
   -0.2968   -0.3279   -0.8969
    0.5658   -0.8170    0.1115
   -0.7693   -0.4743    0.4280
...   143 T-A ...
   -8.6731   58.7215    3.6047
   -0.0344   -0.7815   -0.6229
    0.6534   -0.4892    0.5777
   -0.7562   -0.3872    0.5275
...   144 C-G ...
  -11.6514   58.0074    4.7220
    0.2453   -0.9542   -0.1714
    0.6321    0.0234    0.7745
   -0.7350   -0.2984    0.6089
...   145 A-T ...
  -14.1725   56.5625    6.1820
    0.5795   -0.7268    0.3686
    0.3140    0.6165    0.7220
   -0.7520   -0.3027    0.5855
...   146 C-G ...
  -16.4614   53.8912    7.5170
    0.5336   -0.3333    0.7773
   -0.0346    0.9097    0.4138
   -0.8450   -0.2477    0.4739
...   147 A-T ...
  -19.0124   52.0327    8.9268
    0.2451    0.2906    0.9249
   -0.3073    0.9281   -0.2101
   -0.9195   -0.2327    0.3168
