  147 base-pairs
...     1 A-T ...
    0.0000    0.0000    0.0000
    1.0000    0.0000    0.0000
    0.0000    1.0000    0.0000
    0.0000    0.0000    1.0000
...     2 G-C ...
   -0.1404   -1.2353    3.2259
    0.7530    0.6366    0.1668
   -0.6385    0.7681   -0.0490
   -0.1593   -0.0696    0.9848
...     3 T-A ...
   -0.0377   -3.2918    6.3749
    0.2722    0.9302    0.2464
   -0.9238    0.3243   -0.2034
   -0.2691   -0.1722    0.9476
...     4 G-C ...
   -0.3520   -4.1638    9.4928
   -0.3756    0.9250    0.0576
   -0.8780   -0.3352   -0.3416
   -0.2967   -0.1788    0.9381
...     5 A-T ...
   -0.4480   -4.1448   12.7498
   -0.8116    0.5839   -0.0166
   -0.5522   -0.7762   -0.3042
   -0.1905   -0.2377    0.9525
...     6 G-C ...
   -1.5926   -4.1701   15.6201
   -0.9976    0.0246   -0.0651
   -0.0043   -0.9555   -0.2950
   -0.0694   -0.2940    0.9533
...     7 C-G ...
   -1.1050   -4.4793   18.7363
   -0.8442   -0.5302   -0.0787
    0.5343   -0.8442   -0.0430
   -0.0437   -0.0784    0.9960
...     8 G-C ...
   -2.4044   -7.7255   23.1483
   -0.2753   -0.3294   -0.9032
    0.6650   -0.7437    0.0686
   -0.6943   -0.5817    0.4238
...     9 C-G ...
   -4.4706   -9.9691   24.1142
    0.1145   -0.7026   -0.7023
    0.8512   -0.2951    0.4341
   -0.5123   -0.6475    0.5642
...    10 T-A ...
   -6.7420  -10.8705   25.9717
    0.4841   -0.8363   -0.2573
    0.6594    0.1554    0.7356
   -0.5752   -0.5257    0.6267
...    11 C-G ...
   -9.1682  -12.6167   27.1662
    0.7073   -0.6683    0.2306
    0.3450    0.6110    0.7125
   -0.6170   -0.4243    0.6627
...    12 A-T ...
  -10.9253  -14.6583   29.0713
    0.7515   -0.1377    0.6452
   -0.2027    0.8824    0.4245
   -0.6278   -0.4498    0.6352
...    13 C-G ...
  -11.8495  -17.4796   31.2472
    0.4294    0.2824    0.8578
   -0.5708    0.8209    0.0155
   -0.6998   -0.4963    0.5137
...    14 A-T ...
  -13.5915  -19.7756   33.4284
   -0.1503    0.6106    0.7775
   -0.6874    0.5007   -0.5261
   -0.7106   -0.6135    0.3445
...    15 A-T ...
  -15.7030  -21.9125   34.6879
   -0.5373    0.7720    0.3396
   -0.4461    0.0815   -0.8913
   -0.7157   -0.6304    0.3006
...    16 T-A ...
  -17.8139  -23.8741   36.2671
   -0.6767    0.7184   -0.1612
   -0.1003   -0.3069   -0.9464
   -0.7294   -0.6243    0.2798
...    17 T-A ...
  -20.1980  -25.7796   37.3153
   -0.5733    0.4631   -0.6759
    0.3004   -0.6488   -0.6992
   -0.7623   -0.6039    0.2329
...    18 T-A ...
  -22.7747  -27.5538   38.0704
   -0.2527    0.0769   -0.9645
    0.5566   -0.8038   -0.2099
   -0.7915   -0.5898    0.1603
...    19 A-T ...
  -25.6748  -29.2092   38.1679
    0.2386   -0.2330   -0.9427
    0.5480   -0.7692    0.3288
   -0.8017   -0.5951   -0.0558
...    20 T-A ...
  -28.5273  -30.6673   37.5271
    0.5046   -0.5675   -0.6507
    0.3346   -0.5662    0.7533
   -0.7959   -0.5978   -0.0958
...    21 T-A ...
  -31.1204  -32.5127   36.9009
    0.6020   -0.7913   -0.1069
   -0.0375   -0.1618    0.9861
   -0.7976   -0.5896   -0.1271
...    22 C-G ...
  -33.5703  -34.6391   36.3399
    0.4548   -0.7370    0.5000
   -0.4204    0.3172    0.8501
   -0.7851   -0.5968   -0.1655
...    23 G-C ...
  -36.3442  -36.5209   36.2052
    0.1466   -0.3998    0.9048
   -0.6385    0.6604    0.3952
   -0.7556   -0.6356   -0.1584
...    24 C-G ...
  -38.6201  -38.9034   35.5854
   -0.2333    0.0426    0.9715
   -0.6040    0.7766   -0.1792
   -0.7621   -0.6286   -0.1555
...    25 A-T ...
  -41.2776  -40.7382   34.7951
   -0.5025    0.5274    0.6851
   -0.3320    0.6139   -0.7161
   -0.7983   -0.5873   -0.1334
...    26 A-T ...
  -43.7915  -42.7814   34.5442
   -0.6034    0.7831    0.1503
    0.0428    0.2200   -0.9746
   -0.7963   -0.5817   -0.1663
...    27 A-T ...
  -46.4168  -44.6364   34.1956
   -0.4424    0.7940   -0.4169
    0.3870   -0.2504   -0.8874
   -0.8090   -0.5540   -0.1965
...    28 G-C ...
  -49.2548  -46.2159   33.6724
   -0.0801    0.6122   -0.7866
    0.5574   -0.6267   -0.5445
   -0.8264   -0.4821   -0.2911
...    29 G-C ...
  -52.2001  -47.3849   32.5534
    0.3382    0.2491   -0.9075
    0.4774   -0.8765   -0.0627
   -0.8110   -0.4120   -0.4153
...    30 C-G ...
  -54.8966  -48.2200   30.8547
    0.5982   -0.2316   -0.7671
    0.1816   -0.8932    0.4113
   -0.7805   -0.3854   -0.4923
...    31 C-G ...
  -57.2045  -49.3898   28.6745
    0.6624   -0.6478   -0.3763
   -0.2319   -0.6549    0.7192
   -0.7123   -0.3892   -0.5841
...    32 G-C ...
  -59.4277  -51.1715   26.8687
    0.4549   -0.8793    0.1408
   -0.6321   -0.2075    0.7465
   -0.6272   -0.4286   -0.6503
...    33 G-C ...
  -61.2177  -52.8322   24.5004
    0.0406   -0.8297    0.5567
   -0.8041    0.3036    0.5111
   -0.5931   -0.4684   -0.6549
...    34 C-G ...
  -62.8934  -54.6082   22.1918
   -0.4204   -0.5108    0.7499
   -0.6875    0.7187    0.1042
   -0.5922   -0.4718   -0.6533
...    35 C-G ...
  -64.7231  -56.4007   19.9584
   -0.7068    0.0042    0.7074
   -0.3231    0.8877   -0.3281
   -0.6293   -0.4605   -0.6260
...    36 C-G ...
  -66.7180  -58.2042   17.8837
   -0.7177    0.5286    0.4534
    0.1404    0.7475   -0.6493
   -0.6821   -0.4023   -0.6106
...    37 G-C ...
  -68.7727  -59.3526   15.4716
   -0.4177    0.9032    0.0993
    0.5389    0.3342   -0.7732
   -0.7315   -0.2694   -0.6263
...    38 A-T ...
  -71.1802  -60.2490   13.4693
    0.0276    0.9481   -0.3168
    0.6846   -0.2488   -0.6851
   -0.7284   -0.1980   -0.6560
...    39 C-G ...
  -73.9032  -60.4890   11.6851
    0.4265    0.6966   -0.5769
    0.5595   -0.7043   -0.4369
   -0.7107   -0.1364   -0.6901
...    40 A-T ...
  -76.1305  -60.7970    9.1971
    0.7630    0.2088   -0.6118
    0.1894   -0.9771   -0.0973
   -0.6181   -0.0417   -0.7850
...    41 C-G ...
  -77.9905  -60.2467    6.5303
    0.7760   -0.3291   -0.5380
   -0.2599   -0.9441    0.2027
   -0.5746   -0.0175   -0.8182
...    42 G-C ...
  -79.6959  -60.7729    3.6708
    0.5393   -0.8020   -0.2567
   -0.7023   -0.5966    0.3885
   -0.4647   -0.0292   -0.8850
...    43 A-T ...
  -81.0480  -60.9144    0.6537
    0.0033   -0.9997    0.0246
   -0.8980    0.0078    0.4399
   -0.4399   -0.0235   -0.8977
...    44 C-G ...
  -81.9239  -61.1890   -2.5873
   -0.4866   -0.8377    0.2478
   -0.7614    0.5458    0.3499
   -0.4284   -0.0185   -0.9034
...    45 T-A ...
  -83.1808  -61.5225   -5.6682
   -0.8166   -0.4026    0.4135
   -0.3711    0.9151    0.1580
   -0.4420   -0.0244   -0.8967
...    46 T-A ...
  -84.4707  -61.8562   -8.6474
   -0.8931    0.2108    0.3975
    0.1920    0.9775   -0.0870
   -0.4069   -0.0014   -0.9135
...    47 A-T ...
  -85.6196  -61.6037  -11.8007
   -0.5660    0.7706    0.2929
    0.7138    0.6359   -0.2936
   -0.4125    0.0429   -0.9099
...    48 C-G ...
  -87.4627  -61.6894  -14.5265
   -0.0842    0.9861    0.1429
    0.9060    0.1355   -0.4010
   -0.4148    0.0957   -0.9048
...    49 T-A ...
  -89.0744  -61.1556  -17.3622
    0.4462    0.8949    0.0019
    0.8057   -0.4008   -0.4361
   -0.3896    0.1962   -0.8999
...    50 G-C ...
  -90.0919  -60.2682  -20.4366
    0.8697    0.4811   -0.1107
    0.4016   -0.8199   -0.4081
   -0.2871    0.3105   -0.9062
...    51 T-A ...
  -90.9606  -58.6262  -23.1517
    0.9639   -0.0361   -0.2637
   -0.1214   -0.9413   -0.3151
   -0.2368    0.3357   -0.9117
...    52 A-T ...
  -91.6131  -57.6502  -26.2946
    0.7020   -0.6143   -0.3604
   -0.6909   -0.7103   -0.1350
   -0.1730    0.3438   -0.9230
...    53 G-C ...
  -91.8201  -56.3863  -29.3780
    0.2201   -0.9125   -0.3447
   -0.9666   -0.2517    0.0491
   -0.1315    0.3224   -0.9374
...    54 G-C ...
  -91.9336  -55.4567  -32.6463
   -0.3561   -0.9086   -0.2183
   -0.9271    0.3142    0.2045
   -0.1172    0.2752   -0.9542
...    55 T-A ...
  -91.7967  -54.8779  -35.9601
   -0.8020   -0.5924   -0.0764
   -0.5856    0.7545    0.2962
   -0.1178    0.2823   -0.9521
...    56 A-T ...
  -92.1808  -53.3304  -38.9821
   -0.9934    0.0687    0.0917
    0.0941    0.9458    0.3108
   -0.0654    0.3174   -0.9460
...    57 T-A ...
  -92.5933  -52.9046  -42.2341
   -0.8015    0.5492    0.2363
    0.5956    0.7686    0.2336
   -0.0533    0.3280   -0.9432
...    58 C-G ...
  -92.7909  -51.8800  -45.3562
   -0.2846    0.8813    0.3773
    0.9569    0.2848    0.0567
   -0.0575    0.3772   -0.9244
...    59 T-A ...
  -93.2819  -50.5036  -48.3321
    0.2751    0.8586    0.4326
    0.9602   -0.2227   -0.1686
   -0.0484    0.4618   -0.8857
...    60 C-G ...
  -93.4374  -48.8496  -51.1500
    0.7893    0.5315    0.3075
    0.6139   -0.6739   -0.4111
   -0.0112    0.5133   -0.8582
...    61 G-C ...
  -93.0165  -47.2152  -54.0763
    0.9907   -0.0102    0.1357
    0.0702   -0.8159   -0.5739
    0.1166    0.5781   -0.8076
...    62 A-T ...
  -92.4235  -45.2483  -56.6530
    0.8314   -0.5146   -0.2095
   -0.5311   -0.6253   -0.5718
    0.1633    0.5867   -0.7932
...    63 G-C ...
  -91.5466  -43.2016  -59.1430
    0.3993   -0.7955   -0.4557
   -0.8924   -0.2233   -0.3922
    0.2103    0.5633   -0.7991
...    64 C-G ...
  -90.4010  -41.4390  -61.7571
   -0.1775   -0.7914   -0.5849
   -0.9570    0.2774   -0.0849
    0.2295    0.5447   -0.8066
...    65 T-A ...
  -89.3740  -39.8440  -64.5177
   -0.6816   -0.5172   -0.5175
   -0.6962    0.6761    0.2412
    0.2251    0.5247   -0.8210
...    66 C-G ...
  -88.5464  -38.1677  -67.2546
   -0.9660    0.0006   -0.2584
   -0.1381    0.8441    0.5181
    0.2184    0.5362   -0.8154
...    67 G-C ...
  -87.6870  -35.9980  -69.7062
   -0.8860    0.4318    0.1690
    0.4428    0.6797    0.5848
    0.1376    0.5929   -0.7934
...    68 G-C ...
  -87.3475  -34.1483  -72.5203
   -0.5033    0.6751    0.5394
    0.8588    0.3216    0.3987
    0.0957    0.6639   -0.7417
...    69 G-C ...
  -87.3044  -31.9049  -75.0415
    0.0392    0.6626    0.7479
    0.9950   -0.0947    0.0317
    0.0919    0.7430   -0.6630
...    70 A-T ...
  -87.0513  -29.4007  -77.1303
    0.6095    0.4309    0.6654
    0.7840   -0.4524   -0.4251
    0.1179    0.7808   -0.6136
...    71 T-A ...
  -87.0324  -26.5080  -78.6696
    0.9195    0.1227    0.3734
    0.3688   -0.5978   -0.7118
    0.1359    0.7922   -0.5949
...    72 C-G ...
  -86.3851  -23.8489  -80.4765
    0.9535   -0.2848   -0.0987
   -0.2410   -0.5234   -0.8173
    0.1811    0.8031   -0.5677
...    73 C-G ...
  -85.3090  -21.1497  -82.2257
    0.6437   -0.5777   -0.5019
   -0.7187   -0.2308   -0.6559
    0.2631    0.7829   -0.5638
...    74 G-C ...
  -84.6397  -18.7133  -84.4703
    0.0885   -0.6503   -0.7545
   -0.9430    0.1893   -0.2737
    0.3208    0.7357   -0.5964
...    75 C-G ...
  -83.1939  -16.4483  -86.4802
   -0.4648   -0.4410   -0.7678
   -0.8251    0.5303    0.1949
    0.3213    0.7241   -0.6103
...    76 T-A ...
  -81.9553  -14.2556  -88.6852
   -0.8511   -0.0974   -0.5159
   -0.4325    0.6871    0.5838
    0.2977    0.7200   -0.6269
...    77 T-A ...
  -80.8572  -12.1012  -90.8731
   -0.9362    0.3407   -0.0866
    0.1438    0.5959    0.7901
    0.3208    0.7272   -0.6068
...    78 T-A ...
  -79.8614   -9.8729  -93.0217
   -0.6789    0.6199    0.3934
    0.6566    0.2730    0.7031
    0.3285    0.7357   -0.5924
...    79 T-A ...
  -78.9627   -7.5101  -95.0531
   -0.1846    0.6434    0.7430
    0.9260   -0.1394    0.3507
    0.3292    0.7527   -0.5701
...    80 C-G ...
  -77.9463   -4.9638  -96.8530
    0.3807    0.3884    0.8391
    0.8601   -0.4819   -0.1672
    0.3394    0.7854   -0.5176
...    81 A-T ...
  -76.5961   -2.3553  -98.4872
    0.7600   -0.0560    0.6475
    0.5051   -0.5762   -0.6426
    0.4091    0.8154   -0.4096
...    82 T-A ...
  -75.4414    0.6317  -99.2402
    0.9072   -0.3528    0.2294
    0.0483   -0.4541   -0.8897
    0.4180    0.8181   -0.3949
...    83 G-C ...
  -73.8251    3.1437 -100.7688
    0.7252   -0.6129   -0.3136
   -0.4732   -0.1129   -0.8737
    0.5001    0.7820   -0.3720
...    84 T-A ...
  -71.7138    5.6298 -101.5336
    0.3483   -0.5808   -0.7358
   -0.7844    0.2492   -0.5680
    0.5132    0.7750   -0.3688
...    85 T-A ...
  -69.7901    8.0642 -102.5634
   -0.1630   -0.2790   -0.9464
   -0.8423    0.5389   -0.0138
    0.5138    0.7948   -0.3228
...    86 A-T ...
  -68.4519   11.1391 -103.3139
   -0.6534    0.2081   -0.7278
   -0.5310    0.5592    0.6367
    0.5395    0.8025   -0.2549
...    87 T-A ...
  -66.4406   13.4048 -104.6642
   -0.8269    0.4816   -0.2903
   -0.1184    0.3557    0.9271
    0.5497    0.8010   -0.2371
...    88 A-T ...
  -64.4825   16.1346 -105.0941
   -0.7263    0.5777    0.3726
    0.4263   -0.0467    0.9034
    0.5393    0.8149   -0.2124
...    89 A-T ...
  -62.8718   18.8268 -105.9262
   -0.3548    0.4257    0.8324
    0.7654   -0.3790    0.5200
    0.5369    0.8216   -0.1914
...    90 C-G ...
  -61.6639   21.8074 -106.6760
    0.0815    0.1151    0.9900
    0.8435   -0.5370   -0.0070
    0.5309    0.8357   -0.1409
...    91 G-C ...
  -59.5432   24.4349 -106.9619
    0.4698   -0.3244    0.8210
    0.6790   -0.4616   -0.5709
    0.5642    0.8256    0.0034
...    92 G-C ...
  -57.6355   27.1922 -106.4863
    0.7142   -0.6002    0.3600
    0.3332   -0.1607   -0.9291
    0.6155    0.7835    0.0852
...    93 A-T ...
  -55.4960   29.6770 -106.0667
    0.7559   -0.5917   -0.2802
   -0.1477    0.2628   -0.9535
    0.6378    0.7621    0.1112
...    94 A-T ...
  -53.3093   32.0241 -105.4690
    0.5412   -0.2940   -0.7878
   -0.5647    0.5671   -0.5996
    0.6231    0.7694    0.1409
...    95 A-T ...
  -51.0809   34.3422 -104.8755
    0.1265    0.1420   -0.9817
   -0.7819    0.6234   -0.0106
    0.6105    0.7689    0.1899
...    96 C-G ...
  -48.5553   36.5247 -104.4203
   -0.3207    0.4623   -0.8267
   -0.7240    0.4431    0.5286
    0.6107    0.7681    0.1926
...    97 A-T ...
  -46.7088   39.1603 -103.4914
   -0.7285    0.5883   -0.3511
   -0.3861    0.0707    0.9197
    0.5659    0.8056    0.1756
...    98 C-G ...
  -44.7280   41.8452 -103.5115
   -0.8358    0.5123    0.1974
    0.0632   -0.2673    0.9615
    0.5453    0.8162    0.1910
...    99 T-A ...
  -43.0771   44.7075 -103.0844
   -0.7077    0.2212    0.6711
    0.5074   -0.5019    0.7005
    0.4917    0.8362    0.2430
...   100 T-A ...
  -41.6282   47.5163 -102.3748
   -0.3059   -0.1399    0.9417
    0.8216   -0.5386    0.1869
    0.4810    0.8309    0.2797
...   101 T-A ...
  -40.2525   50.2786 -101.4006
    0.2003   -0.4580    0.8661
    0.8547   -0.3505   -0.3830
    0.4789    0.8169    0.3213
...   102 A-T ...
  -38.5003   52.8797 -100.2073
    0.6277   -0.6487    0.4303
    0.5886    0.0337   -0.8077
    0.5095    0.7603    0.4030
...   103 T-A ...
  -37.1115   55.1623  -98.2809
    0.8395   -0.5410   -0.0504
    0.1879    0.3761   -0.9073
    0.5098    0.7522    0.4174
...   104 G-C ...
  -35.1805   57.6873  -97.2080
    0.7534   -0.2492   -0.6086
   -0.3233    0.6655   -0.6727
    0.5727    0.7035    0.4208
...   105 C-G ...
  -32.9583   59.7160  -95.7084
    0.4291    0.1668   -0.8877
   -0.6812    0.7051   -0.1968
    0.5931    0.6892    0.4162
...   106 T-A ...
  -30.7032   61.8402  -94.4164
   -0.0337    0.5224   -0.8520
   -0.7980    0.4992    0.3376
    0.6017    0.6913    0.4001
...   107 T-A ...
  -28.5008   63.9248  -93.1892
   -0.4773    0.7490   -0.4596
   -0.6350    0.0677    0.7696
    0.6075    0.6591    0.4433
...   108 C-G ...
  -26.3996   66.0557  -91.7589
   -0.7796    0.6187    0.0969
   -0.2239   -0.4199    0.8795
    0.5848    0.6640    0.4659
...   109 C-G ...
  -24.3671   68.4333  -90.4253
   -0.8271    0.2109    0.5210
    0.2436   -0.7008    0.6705
    0.5065    0.6815    0.5282
...   110 G-C ...
  -22.5350   70.4561  -88.4164
   -0.6166   -0.3251    0.7170
    0.6712   -0.6930    0.2630
    0.4114    0.6435    0.6455
...   111 G-C ...
  -21.4779   72.7092  -86.1389
   -0.1945   -0.7261    0.6595
    0.9107   -0.3835   -0.1536
    0.3645    0.5707    0.7358
...   112 C-G ...
  -20.7456   74.5069  -83.4550
    0.3144   -0.8540    0.4146
    0.8800    0.0985   -0.4646
    0.3559    0.5109    0.7825
...   113 T-A ...
  -19.7410   75.8973  -80.6131
    0.7152   -0.6978    0.0397
    0.5915    0.5740   -0.5663
    0.3724    0.4285    0.8232
...   114 C-G ...
  -18.3679   77.0844  -77.8620
    0.9219   -0.2151   -0.3222
    0.0554    0.8964   -0.4399
    0.3835    0.3876    0.8383
...   115 G-C ...
  -16.8712   78.7592  -75.3144
    0.7578    0.3389   -0.5576
   -0.4716    0.8750   -0.1091
    0.4509    0.3456    0.8229
...   116 T-A ...
  -14.9350   79.4310  -72.6309
    0.3777    0.7691   -0.5156
   -0.8106    0.5438    0.2172
    0.4474    0.3359    0.8288
...   117 A-T ...
  -14.1484   80.5347  -69.4290
   -0.2468    0.9600   -0.1326
   -0.8693   -0.1588    0.4680
    0.4282    0.2307    0.8737
...   118 T-A ...
  -12.2123   81.5116  -66.9108
   -0.6601    0.7356    0.1518
   -0.6170   -0.6463    0.4490
    0.4284    0.2027    0.8806
...   119 A-T ...
  -10.8421   81.7891  -63.8167
   -0.9132    0.1415    0.3823
   -0.0584   -0.9736    0.2209
    0.4034    0.1793    0.8973
...   120 A-T ...
   -9.5903   82.5402  -60.9215
   -0.7895   -0.4574    0.4094
    0.4809   -0.8753   -0.0504
    0.3814    0.1571    0.9110
...   121 T-A ...
   -8.8319   83.4846  -57.8812
   -0.4448   -0.8467    0.2920
    0.8195   -0.5163   -0.2486
    0.3612    0.1287    0.9235
...   122 G-C ...
   -7.5535   83.5550  -54.7596
    0.0653   -0.9973   -0.0336
    0.9445    0.0726   -0.3202
    0.3218   -0.0108    0.9467
...   123 T-A ...
   -7.0400   83.1463  -51.5227
    0.5502   -0.7990   -0.2428
    0.7701    0.5979   -0.2225
    0.3230   -0.0646    0.9442
...   124 G-C ...
   -5.5543   82.9263  -48.5069
    0.8780   -0.2702   -0.3951
    0.3072    0.9511    0.0325
    0.3670   -0.1499    0.9181
...   125 T-A ...
   -4.2917   81.7783  -45.6149
    0.9018    0.3004   -0.3106
   -0.2213    0.9385    0.2651
    0.3711   -0.1703    0.9128
...   126 C-G ...
   -2.9308   81.1559  -42.6424
    0.5749    0.8163   -0.0565
   -0.7322    0.5440    0.4099
    0.3653   -0.1943    0.9104
...   127 G-C ...
   -2.1564   80.6457  -39.3685
    0.0014    0.9857    0.1687
   -0.9312   -0.0602    0.3594
    0.3644   -0.1576    0.9178
...   128 A-T ...
   -0.8489   79.9944  -36.3855
   -0.5774    0.7366    0.3521
   -0.7420   -0.6534    0.1502
    0.3407   -0.1746    0.9238
...   129 C-G ...
    0.6377   79.8880  -33.3953
   -0.8987    0.2629    0.3512
   -0.3099   -0.9470   -0.0842
    0.3105   -0.1845    0.9325
...   130 C-G ...
    1.7781   79.5157  -30.2138
   -0.9473   -0.2895    0.1368
    0.2439   -0.9292   -0.2778
    0.2075   -0.2298    0.9509
...   131 A-T ...
    2.4933   78.5478  -27.0602
   -0.6541   -0.7324   -0.1890
    0.7505   -0.5973   -0.2827
    0.0942   -0.3268    0.9404
...   132 A-T ...
    2.5873   77.4581  -24.0202
   -0.1092   -0.9224   -0.3706
    0.9919   -0.0768   -0.1012
    0.0649   -0.3786    0.9233
...   133 A-T ...
    2.6056   76.0793  -21.0924
    0.4822   -0.7818   -0.3952
    0.8744    0.4570    0.1628
    0.0533   -0.4241    0.9040
...   134 T-A ...
    2.3095   74.2286  -18.3852
    0.8657   -0.4292   -0.2574
    0.4984    0.7868    0.3642
    0.0462   -0.4436    0.8950
...   135 G-C ...
    1.4371   72.0947  -15.6001
    0.9809    0.0621    0.1844
   -0.1263    0.9241    0.3606
   -0.1480   -0.3770    0.9143
...   136 T-A ...
    0.5301   69.2372  -13.4650
    0.7353    0.4962    0.4617
   -0.6117    0.7791    0.1369
   -0.2918   -0.3831    0.8764
...   137 G-C ...
   -0.1629   67.4088  -10.8053
    0.1799    0.8794    0.4409
   -0.9276    0.3008   -0.2216
   -0.3275   -0.3691    0.8698
...   138 A-T ...
   -0.1293   66.2153   -7.8179
   -0.3749    0.8569    0.3537
   -0.8857   -0.2184   -0.4097
   -0.2739   -0.4669    0.8408
...   139 G-C ...
   -1.0030   65.6049   -4.9382
   -0.8337    0.5216    0.1812
   -0.5170   -0.6221   -0.5880
   -0.1940   -0.5840    0.7883
...   140 C-G ...
   -0.6940   63.8983   -2.2496
   -0.9992    0.0157   -0.0376
    0.0023   -0.8992   -0.4375
   -0.0406   -0.4373    0.8984
...   141 G-C ...
   -3.4330   60.2356    1.0304
   -0.4426    0.2288   -0.8671
    0.1684   -0.9285   -0.3310
   -0.8808   -0.2925    0.3724
...   142 C-G ...
   -6.3246   59.0803    1.6315
   -0.2968   -0.3279   -0.8969
    0.5658   -0.8170    0.1115
   -0.7693   -0.4743    0.4280
...   143 T-A ...
   -8.6730   58.7214    3.6048
   -0.0344   -0.7815   -0.6229
    0.6534   -0.4892    0.5777
   -0.7562   -0.3872    0.5275
...   144 C-G ...
  -11.6513   58.0073    4.7220
    0.2453   -0.9542   -0.1714
    0.6321    0.0234    0.7745
   -0.7350   -0.2984    0.6089
...   145 A-T ...
  -14.1724   56.5625    6.1820
    0.5795   -0.7268    0.3686
    0.3140    0.6165    0.7220
   -0.7520   -0.3027    0.5855
...   146 C-G ...
  -16.4613   53.8912    7.5171
    0.5336   -0.3333    0.7773
   -0.0346    0.9097    0.4138
   -0.8450   -0.2477    0.4739
...   147 A-T ...
  -19.0124   52.0326    8.9269
    0.2451    0.2906    0.9249
   -0.3073    0.9281   -0.2101
   -0.9195   -0.2327    0.3168
