  147 base-pairs
...     1 A-T ...
    0.0000    0.0000    0.0000
    1.0000    0.0000    0.0000
    0.0000    1.0000    0.0000
    0.0000    0.0000    1.0000
...     2 G-C ...
   -0.1404   -1.2353    3.2259
    0.7530    0.6366    0.1668
   -0.6385    0.7681   -0.0490
   -0.1593   -0.0696    0.9848
...     3 T-A ...
   -0.0377   -3.2918    6.3749
    0.2722    0.9302    0.2464
   -0.9238    0.3243   -0.2034
   -0.2691   -0.1722    0.9476
...     4 G-C ...
   -0.3520   -4.1638    9.4928
   -0.3756    0.9250    0.0576
   -0.8780   -0.3352   -0.3416
   -0.2967   -0.1788    0.9381
...     5 A-T ...
   -0.4480   -4.1448   12.7498
   -0.8116    0.5839   -0.0166
   -0.5522   -0.7762   -0.3042
   -0.1905   -0.2377    0.9525
...     6 G-C ...
   -1.5926   -4.1701   15.6201
   -0.9976    0.0246   -0.0651
   -0.0043   -0.9555   -0.2950
   -0.0694   -0.2940    0.9533
...     7 C-G ...
   -1.1050   -4.4793   18.7363
   -0.8442   -0.5302   -0.0787
    0.5343   -0.8442   -0.0430
   -0.0437   -0.0784    0.9960
...     8 G-C ...
   -2.4044   -7.7255   23.1483
   -0.2753   -0.3294   -0.9032
    0.6650   -0.7437    0.0686
   -0.6943   -0.5817    0.4238
...     9 C-G ...
   -4.4706   -9.9691   24.1142
    0.1145   -0.7026   -0.7023
    0.8512   -0.2951    0.4341
   -0.5123   -0.6475    0.5642
...    10 T-A ...
   -6.7420  -10.8705   25.9717
    0.4841   -0.8363   -0.2573
    0.6594    0.1554    0.7356
   -0.5752   -0.5257    0.6267
...    11 C-G ...
   -9.1682  -12.6167   27.1662
    0.7073   -0.6683    0.2306
    0.3450    0.6110    0.7125
   -0.6170   -0.4243    0.6627
...    12 A-T ...
  -10.9253  -14.6583   29.0713
    0.7515   -0.1377    0.6452
   -0.2027    0.8824    0.4245
   -0.6278   -0.4498    0.6352
...    13 C-G ...
  -11.8495  -17.4796   31.2472
    0.4294    0.2824    0.8578
   -0.5708    0.8209    0.0155
   -0.6998   -0.4963    0.5137
...    14 A-T ...
  -13.5915  -19.7756   33.4284
   -0.1503    0.6106    0.7775
   -0.6874    0.5007   -0.5261
   -0.7106   -0.6135    0.3445
...    15 A-T ...
  -15.7030  -21.9132   34.6895
   -0.5393    0.7712    0.3382
   -0.4462    0.0789   -0.8915
   -0.7142   -0.6316    0.3015
...    16 T-A ...
  -17.8080  -23.8810   36.2742
   -0.6804    0.7143   -0.1637
   -0.0985   -0.3104   -0.9455
   -0.7262   -0.6272    0.2816
...    17 T-A ...
  -20.1793  -25.8006   37.3336
   -0.5783    0.4526   -0.6787
    0.3063   -0.6506   -0.6949
   -0.7561   -0.6098    0.2376
...    18 T-A ...
  -22.7355  -27.5990   38.1114
   -0.2560    0.0618   -0.9647
    0.5666   -0.7990   -0.2015
   -0.7832   -0.5982    0.1695
...    19 A-T ...
  -25.5793  -29.3407   38.2641
    0.2363   -0.2556   -0.9375
    0.5609   -0.7519    0.3464
   -0.7934   -0.6077   -0.0342
...    20 T-A ...
  -28.4166  -30.8577   37.6858
    0.5082   -0.5800   -0.6367
    0.3474   -0.5384    0.7677
   -0.7881   -0.6113   -0.0721
...    21 T-A ...
  -30.9890  -32.7584   37.1403
    0.6121   -0.7862   -0.0852
   -0.0286   -0.1297    0.9911
   -0.7903   -0.6042   -0.1018
...    22 C-G ...
  -33.4183  -34.9320   36.6715
    0.4689   -0.7125    0.5220
   -0.4185    0.3412    0.8417
   -0.7778   -0.6131   -0.1382
...    23 G-C ...
  -36.1674  -36.8599   36.6247
    0.1606   -0.3630    0.9178
   -0.6445    0.6657    0.3761
   -0.7475   -0.6520   -0.1270
...    24 C-G ...
  -38.4110  -39.3016   36.1232
   -0.2245    0.0777    0.9714
   -0.6174    0.7599   -0.2035
   -0.7539   -0.6454   -0.1226
...    25 A-T ...
  -41.0491  -41.2119   35.4443
   -0.5028    0.5481    0.6684
   -0.3492    0.5785   -0.7371
   -0.7907   -0.6041   -0.0995
...    26 A-T ...
  -43.5356  -43.3001   35.3085
   -0.6135    0.7800    0.1234
    0.0284    0.1779   -0.9836
   -0.7892   -0.5999   -0.1313
...    27 A-T ...
  -46.1364  -45.2087   35.0731
   -0.4595    0.7672   -0.4476
    0.3810   -0.2850   -0.8796
   -0.8024   -0.5746   -0.1613
...    28 G-C ...
  -48.9552  -46.8593   34.6592
   -0.0988    0.5713   -0.8147
    0.5608   -0.6444   -0.5199
   -0.8220   -0.5083   -0.2567
...    29 G-C ...
  -51.8925  -48.1367   33.6384
    0.3230    0.2057   -0.9238
    0.4899   -0.8715   -0.0227
   -0.8097   -0.4452   -0.3823
...    30 C-G ...
  -54.6006  -49.1062   32.0264
    0.5911   -0.2659   -0.7615
    0.1996   -0.8665    0.4575
   -0.7815   -0.4225   -0.4591
...    31 C-G ...
  -56.9262  -50.4334   29.9576
    0.6646   -0.6612   -0.3481
   -0.2138   -0.6146    0.7593
   -0.7160   -0.4302   -0.5498
...    32 G-C ...
  -59.1673  -52.3405   28.3023
    0.4649   -0.8657    0.1857
   -0.6184   -0.1674    0.7678
   -0.6336   -0.4718   -0.6132
...    33 G-C ...
  -60.9877  -54.1515   26.0705
    0.0554   -0.7938    0.6056
   -0.7978    0.3295    0.5049
   -0.6004   -0.5111   -0.6151
...    34 C-G ...
  -62.6899  -56.0757   23.9021
   -0.4049   -0.4654    0.7870
   -0.6897    0.7206    0.0713
   -0.6003   -0.5140   -0.6128
...    35 C-G ...
  -64.5469  -58.0137   21.8147
   -0.6944    0.0461    0.7181
   -0.3326    0.8644   -0.3772
   -0.6381   -0.5008   -0.5849
...    36 C-G ...
  -66.5706  -59.9540   19.8934
   -0.7109    0.5547    0.4323
    0.1263    0.7055   -0.6974
   -0.6919   -0.4411   -0.5716
...    37 G-C ...
  -68.6718  -61.2593   17.6007
   -0.4167    0.9076    0.0505
    0.5236    0.2850   -0.8029
   -0.7431   -0.3082   -0.5940
...    38 A-T ...
  -71.1180  -62.2778   15.7050
    0.0216    0.9263   -0.3763
    0.6710   -0.2924   -0.6814
   -0.7412   -0.2378   -0.6278
...    39 C-G ...
  -73.8774  -62.6276   13.9955
    0.4161    0.6575   -0.6282
    0.5494   -0.7322   -0.4025
   -0.7246   -0.1777   -0.6659
...    40 A-T ...
  -76.1514  -63.0936   11.5736
    0.7507    0.1652   -0.6397
    0.1836   -0.9823   -0.0383
   -0.6347   -0.0887   -0.7677
...    41 C-G ...
  -78.0672  -62.7062    8.9156
    0.7620   -0.3687   -0.5323
   -0.2609   -0.9272    0.2688
   -0.5927   -0.0659   -0.8028
...    42 G-C ...
  -79.8443  -63.4139    6.1353
    0.5247   -0.8229   -0.2178
   -0.6990   -0.5626    0.4416
   -0.4859   -0.0795   -0.8704
...    43 A-T ...
  -81.2734  -63.7291    3.1642
   -0.0101   -0.9962    0.0865
   -0.8868    0.0489    0.4595
   -0.4620   -0.0720   -0.8840
...    44 C-G ...
  -82.2352  -64.1901   -0.0344
   -0.4945   -0.8121    0.3097
   -0.7433    0.5798    0.3336
   -0.4505   -0.0652   -0.8904
...    45 T-A ...
  -83.5757  -64.6826   -3.0612
   -0.8143   -0.3598    0.4554
   -0.3487    0.9305    0.1117
   -0.4640   -0.0678   -0.8833
...    46 T-A ...
  -84.9432  -65.1605   -5.9862
   -0.8783    0.2545    0.4047
    0.2114    0.9660   -0.1486
   -0.4288   -0.0450   -0.9023
...    47 A-T ...
  -86.1687  -65.0745   -9.1202
   -0.5397    0.7995    0.2639
    0.7206    0.6007   -0.3462
   -0.4353    0.0033   -0.9003
...    48 C-G ...
  -88.0833  -65.2660  -11.7891
   -0.0554    0.9942    0.0920
    0.8981    0.0899   -0.4306
   -0.4364    0.0588   -0.8978
...    49 T-A ...
  -89.7566  -64.8402  -14.6073
    0.4705    0.8807   -0.0550
    0.7824   -0.4451   -0.4356
   -0.4081    0.1619   -0.8985
...    50 G-C ...
  -90.8280  -64.0733  -17.6981
    0.8802    0.4483   -0.1556
    0.3662   -0.8502   -0.3782
   -0.3018    0.2759   -0.9126
...    51 T-A ...
  -91.7153  -62.5347  -20.4663
    0.9549   -0.0796   -0.2860
   -0.1594   -0.9502   -0.2677
   -0.2505    0.3012   -0.9201
...    52 A-T ...
  -92.4406  -61.7114  -23.6416
    0.6662   -0.6553   -0.3561
   -0.7209   -0.6881   -0.0823
   -0.1911    0.3116   -0.9308
...    53 G-C ...
  -92.7061  -60.5682  -26.7699
    0.1707   -0.9332   -0.3161
   -0.9737   -0.2089    0.0907
   -0.1507    0.2923   -0.9444
...    54 G-C ...
  -92.9040  -59.7535  -30.0661
   -0.4037   -0.8980   -0.1748
   -0.9044    0.3629    0.2244
   -0.1381    0.2486   -0.9587
...    55 T-A ...
  -92.8561  -59.2859  -33.4054
   -0.8317   -0.5544   -0.0314
   -0.5382    0.7908    0.2914
   -0.1368    0.2592   -0.9561
...    56 A-T ...
  -93.2548  -57.7725  -36.4523
   -0.9846    0.1289    0.1178
    0.1577    0.9463    0.2823
   -0.0751    0.2966   -0.9521
...    57 T-A ...
  -93.7364  -57.4032  -39.7020
   -0.7603    0.6016    0.2450
    0.6466    0.7369    0.1971
   -0.0620    0.3082   -0.9493
...    58 C-G ...
  -93.9558  -56.4472  -42.8455
   -0.2195    0.9043    0.3662
    0.9737    0.2268    0.0236
   -0.0617    0.3618   -0.9302
...    59 T-A ...
  -94.4472  -55.1007  -45.8347
    0.3403    0.8461    0.4104
    0.9392   -0.2848   -0.1916
   -0.0453    0.4506   -0.8916
...    60 C-G ...
  -94.5734  -53.4778  -48.6708
    0.8295    0.4834    0.2797
    0.5585   -0.7159   -0.4190
   -0.0023    0.5038   -0.8638
...    61 G-C ...
  -94.1066  -51.8886  -51.6198
    0.9912   -0.0740    0.1097
    0.0018   -0.8211   -0.5708
    0.1323    0.5660   -0.8137
...    62 A-T ...
  -93.4371  -49.9778  -54.2239
    0.7891   -0.5691   -0.2311
   -0.5870   -0.5880   -0.5565
    0.1807    0.5748   -0.7981
...    63 G-C ...
  -92.4905  -47.9915  -56.7415
    0.3302   -0.8183   -0.4704
   -0.9163   -0.1582   -0.3680
    0.2267    0.5525   -0.8021
...    64 C-G ...
  -91.3012  -46.2950  -59.3870
   -0.2506   -0.7694   -0.5876
   -0.9363    0.3468   -0.0548
    0.2459    0.5365   -0.8073
...    65 T-A ...
  -90.2372  -44.7343  -62.1588
   -0.7329   -0.4541   -0.5067
   -0.6358    0.7222    0.2724
    0.2422    0.5218   -0.8180
...    66 C-G ...
  -89.3401  -43.0624  -64.8825
   -0.9692    0.0841   -0.2314
   -0.0564    0.8392    0.5409
    0.2397    0.5373   -0.8086
...    67 G-C ...
  -88.3322  -40.9060  -67.2965
   -0.8425    0.4979    0.2054
    0.5117    0.6209    0.5938
    0.1681    0.6054   -0.7780
...    68 G-C ...
  -87.8790  -39.0085  -70.0645
   -0.4317    0.6940    0.5762
    0.8917    0.2320    0.3887
    0.1361    0.6816   -0.7190
...    69 G-C ...
  -87.6918  -36.6867  -72.5066
    0.1113    0.6231    0.7742
    0.9834   -0.1813    0.0045
    0.1432    0.7609   -0.6329
...    70 A-T ...
  -87.2553  -34.1208  -74.4835
    0.6560    0.3427    0.6724
    0.7340   -0.4970   -0.4628
    0.1756    0.7972   -0.5776
...    71 T-A ...
  -87.0022  -31.1694  -75.8760
    0.9320    0.0206    0.3619
    0.3037   -0.5892   -0.7487
    0.1978    0.8077   -0.5554
...    72 C-G ...
  -86.1230  -28.4889  -77.5480
    0.9223   -0.3634   -0.1317
   -0.2979   -0.4511   -0.8413
    0.2463    0.8151   -0.5243
...    73 C-G ...
  -84.8023  -25.8175  -79.1726
    0.5810   -0.6005   -0.5494
   -0.7449   -0.1201   -0.6563
    0.3281    0.7906   -0.5171
...    74 G-C ...
  -83.9375  -23.3169  -81.2830
    0.0170   -0.5963   -0.8026
   -0.9233    0.2988   -0.2415
    0.3838    0.7451   -0.5455
...    75 C-G ...
  -82.3054  -21.0421  -83.1444
   -0.5145   -0.3281   -0.7922
   -0.7662    0.5908    0.2529
    0.3851    0.7371   -0.5553
...    76 T-A ...
  -80.8724  -18.7955  -85.1781
   -0.8615    0.0370   -0.5065
   -0.3537    0.6720    0.6506
    0.3644    0.7396   -0.5658
...    77 T-A ...
  -79.5661  -16.5743  -87.1800
   -0.8945    0.4456   -0.0370
    0.2138    0.4991    0.8397
    0.3926    0.7432   -0.5417
...    78 T-A ...
  -78.3431  -14.2694  -89.1209
   -0.6037    0.6477    0.4648
    0.6881    0.1289    0.7141
    0.4026    0.7509   -0.5235
...    79 A-T ...
  -76.9186  -11.7033  -90.7502
   -0.1085    0.5170    0.8491
    0.9168   -0.2781    0.2865
    0.3843    0.8095   -0.4438
...    80 A-T ...
  -75.8426   -8.9748  -92.1155
    0.4189    0.2284    0.8788
    0.8183   -0.5145   -0.2564
    0.3936    0.8265   -0.4024
...    81 C-G ...
  -74.9534   -5.9322  -93.0181
    0.7679   -0.1230    0.6287
    0.4830   -0.5334   -0.6944
    0.4207    0.8369   -0.3502
...    82 A-T ...
  -73.2971   -3.2536  -94.1912
    0.8562   -0.4961    0.1443
   -0.0199   -0.3107   -0.9503
    0.5163    0.8107   -0.2760
...    83 T-A ...
  -71.4364   -0.5331  -94.4118
    0.7244   -0.5802   -0.3723
   -0.4547    0.0038   -0.8907
    0.5182    0.8145   -0.2610
...    84 C-G ...
  -69.5443    2.0438  -95.2645
    0.2986   -0.4540   -0.8395
   -0.7884    0.3784   -0.4851
    0.5379    0.8067   -0.2450
...    85 A-T ...
  -68.0291    4.8743  -96.2006
   -0.2601   -0.1584   -0.9525
   -0.7970    0.5921    0.1191
    0.5451    0.7901   -0.2802
...    86 T-A ...
  -65.7427    7.0241  -97.3172
   -0.6239    0.2044   -0.7543
   -0.5472    0.5749    0.6083
    0.5580    0.7923   -0.2468
...    87 G-C ...
  -64.0207    9.8359  -97.8960
   -0.8615    0.4559   -0.2234
   -0.0679    0.3325    0.9407
    0.5031    0.8256   -0.2555
...    88 T-A ...
  -62.4632   12.4233  -99.3212
   -0.7785    0.5358    0.3268
    0.3978    0.0187    0.9173
    0.4854    0.8441   -0.2277
...    89 T-A ...
  -60.9961   15.1742 -100.2171
   -0.4184    0.4233    0.8036
    0.7692   -0.3052    0.5613
    0.4829    0.8530   -0.1979
...    90 A-T ...
  -59.4061   18.0809 -100.7154
    0.0507    0.0526    0.9973
    0.8823   -0.4702   -0.0201
    0.4679    0.8810   -0.0703
...    91 T-A ...
  -58.4488   21.2096 -100.6967
    0.4768   -0.2231    0.8502
    0.7397   -0.4207   -0.5252
    0.4749    0.8793   -0.0356
...    92 A-T ...
  -56.6667   24.0527 -100.6939
    0.7793   -0.5090    0.3656
    0.3339   -0.1564   -0.9295
    0.5303    0.8464    0.0481
...    93 A-T ...
  -54.9131   26.7551 -100.2562
    0.8302   -0.5000   -0.2464
   -0.1723    0.1902   -0.9665
    0.5301    0.8449    0.0718
...    94 C-G ...
  -52.8363   29.2704  -99.4698
    0.6020   -0.3197   -0.7317
   -0.5803    0.4543   -0.6759
    0.5485    0.8315    0.0879
...    95 G-C ...
  -51.2182   32.2471  -99.5476
    0.1184   -0.0222   -0.9927
   -0.7992    0.5912   -0.1086
    0.5893    0.8062    0.0523
...    96 G-C ...
  -49.0141   34.8382  -99.4267
   -0.3833    0.2891   -0.8772
   -0.7211    0.4998    0.4798
    0.5772    0.8164    0.0169
...    97 A-T ...
  -46.9812   37.4525  -99.3308
   -0.7476    0.5304   -0.3997
   -0.3489    0.1985    0.9159
    0.5652    0.8242    0.0367
...    98 C-G ...
  -45.0175   40.1092  -99.8003
   -0.8316    0.5322    0.1587
    0.1031   -0.1328    0.9858
    0.5457    0.8361    0.0555
...    99 T-A ...
  -43.3674   43.0023  -99.8265
   -0.6848    0.3060    0.6614
    0.5359   -0.4035    0.7416
    0.4938    0.8623    0.1123
...   100 T-A ...
  -41.9124   45.8781  -99.5327
   -0.2767   -0.0210    0.9607
    0.8312   -0.5069    0.2284
    0.4821    0.8618    0.1577
...   101 T-A ...
  -40.5249   48.7374  -98.9422
    0.2229   -0.3505    0.9097
    0.8477   -0.3910   -0.3584
    0.4813    0.8510    0.2099
...   102 A-T ...
  -38.7918   51.4620  -98.0412
    0.6281   -0.6023    0.4926
    0.5798   -0.0600   -0.8126
    0.5190    0.7960    0.3115
...   103 T-A ...
  -37.3627   53.9246  -96.3889
    0.8341   -0.5516    0.0006
    0.1823    0.2745   -0.9442
    0.5207    0.7876    0.3295
...   104 G-C ...
  -35.3836   56.5208  -95.6107
    0.7460   -0.3176   -0.5853
   -0.3225    0.5967   -0.7348
    0.5826    0.7369    0.3428
...   105 C-G ...
  -33.1207   58.6690  -94.3482
    0.4247    0.0755   -0.9022
   -0.6754    0.6900   -0.2603
    0.6028    0.7199    0.3440
...   106 T-A ...
  -30.8347   60.8828  -93.2706
   -0.0326    0.4439   -0.8955
   -0.7910    0.5362    0.2946
    0.6110    0.7179    0.3336
...   107 T-A ...
  -28.5959   63.0357  -92.2347
   -0.4695    0.7150   -0.5179
   -0.6306    0.1390    0.7635
    0.6180    0.6851    0.3857
...   108 C-G ...
  -26.4470   65.2329  -90.9772
   -0.7704    0.6355    0.0517
   -0.2263   -0.3482    0.9097
    0.5961    0.6891    0.4121
...   109 C-G ...
  -24.3513   67.6556  -89.8320
   -0.8225    0.2604    0.5057
    0.2344   -0.6549    0.7184
    0.5183    0.7094    0.4776
...   110 G-C ...
  -22.4667   69.7819  -87.9808
   -0.6225   -0.2666    0.7358
    0.6588   -0.6861    0.3087
    0.4225    0.6769    0.6027
...   111 G-C ...
  -21.3712   72.1553  -85.8509
   -0.2101   -0.6805    0.7020
    0.9035   -0.4095   -0.1265
    0.3735    0.6077    0.7009
...   112 C-G ...
  -20.6190   74.0886  -83.2714
    0.2948   -0.8348    0.4650
    0.8839    0.0533   -0.4646
    0.3630    0.5480    0.7536
...   113 T-A ...
  -19.5974   75.6086  -80.5039
    0.6990   -0.7104    0.0818
    0.6073    0.5293   -0.5924
    0.3775    0.4638    0.8015
...   114 C-G ...
  -18.2009   76.8973  -77.8107
    0.9185   -0.2527   -0.3042
    0.0794    0.8714   -0.4841
    0.3874    0.4205    0.8205
...   115 G-C ...
  -16.6622   78.6560  -75.3426
    0.7699    0.2953   -0.5657
   -0.4493    0.8804   -0.1520
    0.4532    0.3712    0.8105
...   116 T-A ...
  -14.7304   79.3962  -72.6691
    0.4002    0.7380   -0.5433
   -0.7991    0.5713    0.1874
    0.4486    0.3591    0.8184
...   117 A-T ...
  -13.9903   80.5965  -69.4751
   -0.2250    0.9612   -0.1593
   -0.8766   -0.1284    0.4637
    0.4253    0.2440    0.8716
...   118 T-A ...
  -12.0526   81.5901  -66.9618
   -0.6455    0.7526    0.1298
   -0.6342   -0.6230    0.4580
    0.4256    0.2133    0.8794
...   119 A-T ...
  -10.7017   81.8630  -63.8518
   -0.9113    0.1646    0.3774
   -0.0773   -0.9687    0.2359
    0.4044    0.1858    0.8955
...   120 A-T ...
   -9.4415   82.6291  -60.9641
   -0.7986   -0.4373    0.4134
    0.4652   -0.8845   -0.0370
    0.3818    0.1628    0.9098
...   121 T-A ...
   -8.6751   83.5967  -57.9340
   -0.4608   -0.8349    0.3010
    0.8109   -0.5340   -0.2396
    0.3607    0.1337    0.9230
...   122 G-C ...
   -7.4081   83.6758  -54.8054
    0.0473   -0.9986   -0.0233
    0.9468    0.0523   -0.3177
    0.3185   -0.0070    0.9479
...   123 T-A ...
   -6.9118   83.2820  -51.5640
    0.5367   -0.8106   -0.2342
    0.7812    0.5823   -0.2250
    0.3188   -0.0622    0.9458
...   124 G-C ...
   -5.4384   83.0505  -48.5405
    0.8744   -0.2879   -0.3906
    0.3236    0.9458    0.0271
    0.3616   -0.1501    0.9202
...   125 T-A ...
   -4.2031   81.8970  -45.6371
    0.9076    0.2838   -0.3094
   -0.2066    0.9434    0.2593
    0.3655   -0.1714    0.9149
...   126 C-G ...
   -2.8608   81.2674  -42.6558
    0.5876    0.8071   -0.0577
   -0.7251    0.5568    0.4052
    0.3592   -0.1963    0.9124
...   127 G-C ...
   -2.1091   80.7550  -39.3737
    0.0146    0.9858    0.1674
   -0.9332   -0.0467    0.3564
    0.3591   -0.1615    0.9192
...   128 A-T ...
   -0.8217   80.0851  -36.3839
   -0.5692    0.7436    0.3509
   -0.7505   -0.6442    0.1476
    0.3358   -0.1793    0.9247
...   129 C-G ...
    0.6563   79.9548  -33.3882
   -0.8965    0.2720    0.3497
   -0.3200   -0.9434   -0.0866
    0.3064   -0.1895    0.9329
...   130 C-G ...
    1.7846   79.5546  -30.2059
   -0.9499   -0.2818    0.1350
    0.2363   -0.9306   -0.2797
    0.2045   -0.2338    0.9505
...   131 A-T ...
    2.4968   78.5602  -27.0585
   -0.6578   -0.7287   -0.1905
    0.7475   -0.6004   -0.2841
    0.0927   -0.3293    0.9397
...   132 A-T ...
    2.5883   77.4627  -24.0201
   -0.1119   -0.9216   -0.3716
    0.9916   -0.0794   -0.1017
    0.0642   -0.3799    0.9228
...   133 A-T ...
    2.6060   76.0806  -21.0928
    0.4813   -0.7822   -0.3956
    0.8749    0.4561    0.1628
    0.0530   -0.4245    0.9039
...   134 T-A ...
    2.3093   74.2287  -18.3854
    0.8657   -0.4292   -0.2574
    0.4984    0.7868    0.3642
    0.0462   -0.4436    0.8950
...   135 G-C ...
    1.4370   72.0948  -15.6003
    0.9809    0.0621    0.1844
   -0.1263    0.9241    0.3606
   -0.1480   -0.3770    0.9143
...   136 T-A ...
    0.5300   69.2373  -13.4652
    0.7353    0.4962    0.4617
   -0.6117    0.7791    0.1369
   -0.2918   -0.3831    0.8764
...   137 G-C ...
   -0.1631   67.4090  -10.8055
    0.1799    0.8794    0.4409
   -0.9276    0.3008   -0.2216
   -0.3275   -0.3691    0.8698
...   138 A-T ...
   -0.1294   66.2154   -7.8181
   -0.3749    0.8569    0.3537
   -0.8857   -0.2184   -0.4097
   -0.2739   -0.4669    0.8408
...   139 G-C ...
   -1.0031   65.6050   -4.9384
   -0.8337    0.5216    0.1812
   -0.5170   -0.6221   -0.5880
   -0.1940   -0.5840    0.7883
...   140 C-G ...
   -0.6941   63.8984   -2.2497
   -0.9992    0.0157   -0.0376
    0.0023   -0.8992   -0.4375
   -0.0406   -0.4373    0.8984
...   141 G-C ...
   -3.4331   60.2357    1.0302
   -0.4426    0.2288   -0.8671
    0.1684   -0.9285   -0.3310
   -0.8808   -0.2925    0.3724
...   142 C-G ...
   -6.3247   59.0804    1.6314
   -0.2968   -0.3279   -0.8969
    0.5658   -0.8170    0.1115
   -0.7693   -0.4743    0.4280
...   143 T-A ...
   -8.6732   58.7216    3.6047
   -0.0344   -0.7815   -0.6229
    0.6534   -0.4892    0.5777
   -0.7562   -0.3872    0.5275
...   144 C-G ...
  -11.6514   58.0074    4.7219
    0.2453   -0.9542   -0.1714
    0.6321    0.0234    0.7745
   -0.7350   -0.2984    0.6089
...   145 A-T ...
  -14.1726   56.5626    6.1819
    0.5795   -0.7268    0.3686
    0.3140    0.6165    0.7220
   -0.7520   -0.3027    0.5855
...   146 C-G ...
  -16.4614   53.8913    7.5169
    0.5336   -0.3333    0.7773
   -0.0346    0.9097    0.4138
   -0.8450   -0.2477    0.4739
...   147 A-T ...
  -19.0125   52.0327    8.9268
    0.2451    0.2906    0.9249
   -0.3073    0.9281   -0.2101
   -0.9195   -0.2327    0.3168
