  147 base-pairs
...     1 A-T ...
    0.0000    0.0000    0.0000
    1.0000    0.0000    0.0000
    0.0000    1.0000    0.0000
    0.0000    0.0000    1.0000
...     2 G-C ...
   -0.1404   -1.2353    3.2259
    0.7530    0.6366    0.1668
   -0.6385    0.7681   -0.0490
   -0.1593   -0.0696    0.9848
...     3 T-A ...
   -0.0377   -3.2918    6.3749
    0.2722    0.9302    0.2464
   -0.9238    0.3243   -0.2034
   -0.2691   -0.1722    0.9476
...     4 G-C ...
   -0.3520   -4.1638    9.4928
   -0.3756    0.9250    0.0576
   -0.8780   -0.3352   -0.3416
   -0.2967   -0.1788    0.9381
...     5 A-T ...
   -0.4480   -4.1448   12.7498
   -0.8116    0.5839   -0.0166
   -0.5522   -0.7762   -0.3042
   -0.1905   -0.2377    0.9525
...     6 G-C ...
   -1.5926   -4.1701   15.6201
   -0.9976    0.0246   -0.0651
   -0.0043   -0.9555   -0.2950
   -0.0694   -0.2940    0.9533
...     7 C-G ...
   -1.1050   -4.4793   18.7363
   -0.8442   -0.5302   -0.0787
    0.5343   -0.8442   -0.0430
   -0.0437   -0.0784    0.9960
...     8 G-C ...
   -2.4044   -7.7255   23.1483
   -0.2753   -0.3294   -0.9032
    0.6650   -0.7437    0.0686
   -0.6943   -0.5817    0.4238
...     9 C-G ...
   -4.4706   -9.9691   24.1142
    0.1145   -0.7026   -0.7023
    0.8512   -0.2951    0.4341
   -0.5123   -0.6475    0.5642
...    10 T-A ...
   -6.7420  -10.8705   25.9717
    0.4841   -0.8363   -0.2573
    0.6594    0.1554    0.7356
   -0.5752   -0.5257    0.6267
...    11 C-G ...
   -9.1682  -12.6167   27.1662
    0.7073   -0.6683    0.2306
    0.3450    0.6110    0.7125
   -0.6170   -0.4243    0.6627
...    12 A-T ...
  -10.9253  -14.6583   29.0713
    0.7515   -0.1377    0.6452
   -0.2027    0.8824    0.4245
   -0.6278   -0.4498    0.6352
...    13 C-G ...
  -11.8495  -17.4796   31.2472
    0.4294    0.2824    0.8578
   -0.5708    0.8209    0.0155
   -0.6998   -0.4963    0.5137
...    14 A-T ...
  -13.5915  -19.7756   33.4284
   -0.1503    0.6106    0.7775
   -0.6874    0.5007   -0.5261
   -0.7106   -0.6135    0.3445
...    15 A-T ...
  -15.6944  -21.9200   34.6938
   -0.5416    0.7681    0.3416
   -0.4460    0.0819   -0.8913
   -0.7126   -0.6351    0.2982
...    16 T-A ...
  -17.7925  -23.9043   36.2686
   -0.6836    0.7125   -0.1583
   -0.0971   -0.3037   -0.9478
   -0.7234   -0.6326    0.2768
...    17 T-A ...
  -20.1510  -25.8429   37.3189
   -0.5812    0.4577   -0.6728
    0.3092   -0.6406   -0.7029
   -0.7527   -0.6166    0.2309
...    18 T-A ...
  -22.6955  -27.6620   38.0766
   -0.2565    0.0786   -0.9633
    0.5706   -0.7922   -0.2166
   -0.7801   -0.6052    0.1584
...    19 A-T ...
  -25.5841  -29.3402   38.1701
    0.2425   -0.2102   -0.9471
    0.5656   -0.7625    0.3141
   -0.7882   -0.6119   -0.0660
...    20 T-A ...
  -28.3979  -30.8517   37.5043
    0.5190   -0.5392   -0.6633
    0.3501   -0.5738    0.7404
   -0.7798   -0.6164   -0.1090
...    21 T-A ...
  -30.9305  -32.7595   36.8381
    0.6296   -0.7662   -0.1285
   -0.0308   -0.1898    0.9813
   -0.7763   -0.6139   -0.1431
...    22 C-G ...
  -33.2864  -34.9671   36.2205
    0.4872   -0.7316    0.4768
   -0.4315    0.2730    0.8598
   -0.7592   -0.6247   -0.1827
...    23 G-C ...
  -35.9488  -36.9972   36.0472
    0.1696   -0.4211    0.8910
   -0.6711    0.6127    0.4173
   -0.7217   -0.6687   -0.1787
...    24 C-G ...
  -38.0924  -39.4834   35.3738
   -0.2335   -0.0038    0.9723
   -0.6480    0.7462   -0.1527
   -0.7250   -0.6657   -0.1767
...    25 A-T ...
  -40.6415  -41.4373   34.5282
   -0.5356    0.4704    0.7013
   -0.3695    0.6163   -0.6955
   -0.7593   -0.6316   -0.1563
...    26 A-T ...
  -43.0128  -43.6383   34.2018
   -0.6579    0.7330    0.1727
    0.0323    0.2565   -0.9660
   -0.7524   -0.6300   -0.1924
...    27 A-T ...
  -45.4929  -45.6723   33.7759
   -0.4995    0.7709   -0.3952
    0.4120   -0.1899   -0.8912
   -0.7621   -0.6080   -0.2227
...    28 G-C ...
  -48.1886  -47.4600   33.1758
   -0.1229    0.6296   -0.7672
    0.6123   -0.5603   -0.5578
   -0.7810   -0.5383   -0.3167
...    29 G-C ...
  -51.0134  -48.8522   32.0083
    0.3258    0.3086   -0.8937
    0.5534   -0.8286   -0.0844
   -0.7665   -0.4671   -0.4408
...    30 C-G ...
  -53.6088  -49.8625   30.2572
    0.6278   -0.1479   -0.7641
    0.2582   -0.8866    0.3838
   -0.7343   -0.4383   -0.5184
...    31 C-G ...
  -55.7672  -51.1550   28.0001
    0.7301   -0.5643   -0.3853
   -0.1769   -0.7008    0.6911
   -0.6600   -0.4364   -0.6115
...    32 G-C ...
  -57.7427  -53.0885   26.0702
    0.5457   -0.8292    0.1208
   -0.6207   -0.3032    0.7231
   -0.5630   -0.4696   -0.6801
...    33 G-C ...
  -59.2619  -54.8732   23.6050
    0.1238   -0.8399    0.5284
   -0.8458    0.1891    0.4988
   -0.5189   -0.5087   -0.6870
...    34 C-G ...
  -60.6584  -56.7642   21.2056
   -0.3752   -0.5851    0.7190
   -0.7718    0.6268    0.1073
   -0.5135   -0.5146   -0.6867
...    35 C-G ...
  -62.2090  -58.6923   18.8773
   -0.7232   -0.1088    0.6820
   -0.4212    0.8520   -0.3108
   -0.5472   -0.5120   -0.6621
...    36 C-G ...
  -63.9037  -60.6527   16.6816
   -0.7953    0.4171    0.4398
    0.0662    0.7810   -0.6210
   -0.6025   -0.4648   -0.6488
...    37 G-C ...
  -65.6849  -61.9725   14.1436
   -0.5376    0.8369    0.1028
    0.5222    0.4261   -0.7388
   -0.6621   -0.3434   -0.6661
...    38 A-T ...
  -67.8557  -63.1353   12.0094
   -0.0866    0.9520   -0.2935
    0.7430   -0.1346   -0.6556
   -0.6637   -0.2748   -0.6957
...    39 C-G ...
  -70.4327  -63.6976   10.0864
    0.3540    0.7643   -0.5389
    0.6717   -0.6088   -0.4221
   -0.6507   -0.2126   -0.7289
...    40 A-T ...
  -72.4787  -64.2445    7.4866
    0.7573    0.3307   -0.5631
    0.3302   -0.9379   -0.1067
   -0.5634   -0.1051   -0.8195
...    41 C-G ...
  -74.2491  -63.8869    4.7351
    0.8448   -0.1994   -0.4965
   -0.1322   -0.9770    0.1673
   -0.5185   -0.0757   -0.8517
...    42 G-C ...
  -75.6762  -64.5612    1.7591
    0.6690   -0.7054   -0.2340
   -0.6280   -0.7049    0.3297
   -0.3975   -0.0737   -0.9146
...    43 A-T ...
  -76.7821  -64.8355   -1.3449
    0.1561   -0.9877    0.0098
   -0.9163   -0.1411    0.3748
   -0.3688   -0.0675   -0.9271
...    44 C-G ...
  -77.3758  -65.1686   -4.6416
   -0.3652   -0.9091    0.2005
   -0.8605    0.4118    0.2999
   -0.3552   -0.0630   -0.9327
...    45 T-A ...
  -78.3392  -65.6293   -7.8098
   -0.7707   -0.5357    0.3449
   -0.5227    0.8412    0.1386
   -0.3644   -0.0735   -0.9283
...    46 T-A ...
  -79.3262  -66.1035  -10.8859
   -0.9442    0.0584    0.3241
    0.0403    0.9973   -0.0621
   -0.3269   -0.0456   -0.9440
...    47 A-T ...
  -80.2072  -65.9385  -14.1347
   -0.7037    0.6696    0.2376
    0.6306    0.7427   -0.2252
   -0.3273   -0.0086   -0.9449
...    48 C-G ...
  -81.7465  -66.2756  -17.0286
   -0.2500    0.9594    0.1307
    0.9084    0.2791   -0.3114
   -0.3352    0.0408   -0.9412
...    49 T-A ...
  -83.1348  -65.9742  -20.0134
    0.2986    0.9535    0.0411
    0.8980   -0.2661   -0.3504
   -0.3231    0.1415   -0.9357
...    50 G-C ...
  -83.9714  -65.2381  -23.1798
    0.7898    0.6129   -0.0227
    0.5662   -0.7429   -0.3572
   -0.2358    0.2692   -0.9338
...    51 T-A ...
  -84.7967  -63.7337  -25.9822
    0.9804    0.1192   -0.1571
    0.0642   -0.9461   -0.3176
   -0.1865    0.3013   -0.9351
...    52 A-T ...
  -85.2120  -62.8029  -29.1731
    0.8329   -0.4886   -0.2599
   -0.5426   -0.8135   -0.2095
   -0.1091    0.3155   -0.9426
...    53 G-C ...
  -85.2217  -61.5821  -32.2777
    0.4107   -0.8625   -0.2956
   -0.9099   -0.4087   -0.0719
   -0.0588    0.2985   -0.9526
...    54 G-C ...
  -85.0389  -60.7042  -35.5571
   -0.1679   -0.9553   -0.2432
   -0.9853    0.1551    0.0710
   -0.0301    0.2516   -0.9674
...    55 T-A ...
  -84.5492  -60.1210  -38.8354
   -0.6747   -0.7182   -0.1703
   -0.7375    0.6467    0.1945
   -0.0296    0.2568   -0.9660
...    56 A-T ...
  -84.7635  -58.6524  -41.9168
   -0.9943   -0.0929   -0.0531
   -0.1045    0.9492    0.2967
    0.0229    0.3005   -0.9535
...    57 T-A ...
  -84.7567  -58.3098  -45.2077
   -0.9043    0.4146    0.1015
    0.4253    0.8550    0.2969
    0.0363    0.3116   -0.9495
...    58 C-G ...
  -84.6399  -57.3496  -48.3567
   -0.4720    0.8276    0.3036
    0.8812    0.4329    0.1899
    0.0257    0.3572   -0.9337
...    59 T-A ...
  -84.8746  -56.0953  -51.4177
    0.0695    0.8952    0.4403
    0.9974   -0.0708   -0.0134
    0.0191    0.4401   -0.8977
...    60 C-G ...
  -84.8454  -54.5280  -54.2892
    0.6405    0.6515    0.4065
    0.7665   -0.5744   -0.2871
    0.0465    0.4955   -0.8673
...    61 G-C ...
  -84.2350  -52.8921  -57.1784
    0.9452    0.1452    0.2924
    0.2852   -0.8034   -0.5227
    0.1590    0.5775   -0.8008
...    62 A-T ...
  -83.5303  -50.8997  -59.7021
    0.9222   -0.3836   -0.0482
   -0.3276   -0.7092   -0.6242
    0.2053    0.5915   -0.7797
...    63 G-C ...
  -82.5531  -48.7911  -62.0973
    0.5855   -0.7336   -0.3451
   -0.7680   -0.3655   -0.5259
    0.2597    0.5729   -0.7774
...    64 C-G ...
  -81.2335  -46.9414  -64.5615
    0.0466   -0.8221   -0.5675
   -0.9572    0.1257   -0.2608
    0.2857    0.5553   -0.7810
...    65 T-A ...
  -79.9763  -45.2801  -67.1825
   -0.4952   -0.6276   -0.6007
   -0.8189    0.5682    0.0815
    0.2902    0.5323   -0.7953
...    66 C-G ...
  -78.9288  -43.5771  -69.8253
   -0.8928   -0.1516   -0.4242
   -0.3494    0.8273    0.4399
    0.2843    0.5409   -0.7916
...    67 G-C ...
  -77.9615  -41.3684  -72.1984
   -0.9530    0.3024   -0.0170
    0.2283    0.7544    0.6155
    0.1989    0.5827   -0.7880
...    68 G-C ...
  -77.3539  -39.5779  -75.0075
   -0.6820    0.6130    0.3990
    0.7173    0.4541    0.5285
    0.1428    0.6466   -0.7494
...    69 G-C ...
  -77.1242  -37.4471  -77.6166
   -0.1911    0.6869    0.7012
    0.9745    0.0470    0.2195
    0.1178    0.7252   -0.6784
...    70 A-T ...
  -76.8077  -35.0184  -79.7834
    0.4093    0.5351    0.7390
    0.9028   -0.3546   -0.2433
    0.1319    0.7667   -0.6283
...    71 T-A ...
  -76.8651  -32.2112  -81.4704
    0.8061    0.2616    0.5308
    0.5734   -0.5671   -0.5913
    0.1464    0.7810   -0.6071
...    72 C-G ...
  -76.2284  -29.5610  -83.2895
    0.9822   -0.1566    0.1038
   -0.0069   -0.5822   -0.8130
    0.1878    0.7978   -0.5729
...    73 C-G ...
  -75.1701  -26.8116  -84.9659
    0.7976   -0.5068   -0.3272
   -0.5377   -0.3515   -0.7664
    0.2734    0.7872   -0.5528
...    74 G-C ...
  -74.3400  -24.4148  -87.1984
    0.3187   -0.6664   -0.6741
   -0.8818    0.0523   -0.4687
    0.3476    0.7438   -0.5709
...    75 C-G ...
  -72.7821  -22.0893  -89.0465
   -0.2399   -0.5325   -0.8117
   -0.9034    0.4287   -0.0142
    0.3555    0.7299   -0.5839
...    76 T-A ...
  -71.3706  -19.8685  -91.1149
   -0.7067   -0.2286   -0.6696
   -0.6206    0.6549    0.4314
    0.3398    0.7203   -0.6047
...    77 T-A ...
  -70.0797  -17.7073  -93.1903
   -0.9276    0.2198   -0.3021
   -0.0932    0.6470    0.7568
    0.3618    0.7301   -0.5797
...    78 T-A ...
  -68.8897  -15.4898  -95.2526
   -0.8075    0.5562    0.1964
    0.4589    0.3831    0.8017
    0.3706    0.7375   -0.5646
...    79 A-T ...
  -67.5658  -12.9448  -96.9986
   -0.3925    0.6135    0.6853
    0.8565   -0.0277    0.5153
    0.3351    0.7892   -0.5146
...    80 A-T ...
  -66.6853  -10.3155  -98.6719
    0.1578    0.4593    0.8742
    0.9291   -0.3688    0.0260
    0.3343    0.8081   -0.4849
...    81 C-G ...
  -66.1247   -7.3612 -100.0290
    0.6092    0.1540    0.7779
    0.7126   -0.5367   -0.4518
    0.3480    0.8296   -0.4367
...    82 A-T ...
  -64.7224   -4.6550 -101.4369
    0.8665   -0.2732    0.4177
    0.2537   -0.4796   -0.8400
    0.4298    0.8339   -0.3462
...    83 C-G ...
  -63.2392   -1.7107 -101.9217
    0.8573   -0.5066   -0.0911
   -0.2383   -0.2336   -0.9427
    0.4563    0.8299   -0.3210
...    84 T-A ...
  -61.4361    0.9873 -102.7139
    0.5690   -0.5794   -0.5836
   -0.6507    0.1168   -0.7503
    0.5029    0.8066   -0.3105
...    85 T-A ...
  -59.5808    3.5599 -103.5003
    0.0939   -0.3579   -0.9290
   -0.8646    0.4334   -0.2543
    0.4937    0.8271   -0.2688
...    86 T-A ...
  -57.7027    6.1175 -104.2886
   -0.4159    0.0101   -0.9093
   -0.7591    0.5468    0.3533
    0.5008    0.8372   -0.2198
...    87 A-T ...
  -56.2435    9.1953 -104.5648
   -0.7950    0.4005   -0.4557
   -0.3111    0.3757    0.8730
    0.5208    0.8358   -0.1741
...    88 T-A ...
  -54.4757   11.7196 -105.7630
   -0.8399    0.5389    0.0643
    0.1406    0.1017    0.9848
    0.5242    0.8362   -0.1612
...    89 G-C ...
  -52.7490   14.5848 -106.0568
   -0.6576    0.3992    0.6389
    0.6069   -0.2218    0.7632
    0.4464    0.8896   -0.0964
...    90 C-G ...
  -51.6463   17.6704 -106.5946
   -0.2422    0.1499    0.9586
    0.8717   -0.4002    0.2828
    0.4260    0.9041   -0.0337
...    91 T-A ...
  -50.5398   20.7974 -106.5359
    0.2267   -0.1689    0.9592
    0.8801   -0.3864   -0.2760
    0.4173    0.9067    0.0611
...    92 T-A ...
  -49.3454   23.7873 -106.1675
    0.6818   -0.3830    0.6232
    0.5966   -0.2019   -0.7768
    0.4233    0.9014    0.0908
...    93 C-G ...
  -47.8337   26.6658 -105.6770
    0.8907   -0.4536    0.0306
    0.0857    0.1013   -0.9912
    0.4465    0.8854    0.1291
...    94 C-G ...
  -45.9887   29.4376 -105.0159
    0.7574   -0.3647   -0.5416
   -0.4061    0.3864   -0.8281
    0.5113    0.8472    0.1446
...    95 G-C ...
  -44.3823   32.4222 -104.9638
    0.3444   -0.1117   -0.9322
   -0.7493    0.5655   -0.3446
    0.5657    0.8171    0.1110
...    96 G-C ...
  -42.2367   35.0406 -104.6270
   -0.1705    0.1943   -0.9660
   -0.8060    0.5365    0.2502
    0.5669    0.8212    0.0651
...    97 C-G ...
  -40.0487   37.5888 -104.5746
   -0.6117    0.4437   -0.6550
   -0.5726    0.3230    0.7536
    0.5459    0.8359    0.0565
...    98 T-A ...
  -38.1699   40.3543 -104.6755
   -0.8527    0.5044   -0.1358
   -0.1459    0.0197    0.9891
    0.5016    0.8632    0.0567
...    99 T-A ...
  -36.5303   43.1601 -104.7042
   -0.7848    0.4096    0.4651
    0.3702   -0.2921    0.8818
    0.4970    0.8643    0.0776
...   100 C-G ...
  -34.9493   46.0330 -104.4744
   -0.4387    0.1008    0.8930
    0.7666   -0.4766    0.4304
    0.4689    0.8733    0.1317
...   101 A-T ...
  -33.2899   48.8967 -103.8599
    0.0191   -0.3072    0.9515
    0.8986   -0.4120   -0.1511
    0.4384    0.8578    0.2682
...   102 T-A ...
  -32.4534   51.8423 -102.6874
    0.4654   -0.4953    0.7335
    0.7687   -0.1846   -0.6124
    0.4388    0.8489    0.2948
...   103 G-C ...
  -30.6437   54.4879 -101.6729
    0.7833   -0.5878    0.2024
    0.3783    0.1923   -0.9055
    0.4933    0.7858    0.3730
...   104 T-A ...
  -29.0354   56.7713  -99.8509
    0.8556   -0.4013   -0.3268
   -0.0951    0.4988   -0.8615
    0.5088    0.7682    0.3887
...   105 T-A ...
  -27.3128   59.0956  -98.3331
    0.6536    0.0124   -0.7567
   -0.5861    0.6409   -0.4957
    0.4789    0.7675    0.4262
...   106 A-T ...
  -26.3142   62.0826  -96.8984
    0.1180    0.5207   -0.8455
   -0.8897    0.4336    0.1428
    0.4410    0.7354    0.5145
...   107 T-A ...
  -24.2595   64.2532  -95.4313
   -0.3558    0.6932   -0.6267
   -0.8251    0.0819    0.5590
    0.4389    0.7160    0.5429
...   108 A-T ...
  -23.0479   66.4691  -93.1306
   -0.8006    0.5931   -0.0853
   -0.4012   -0.4248    0.8116
    0.4451    0.6839    0.5780
...   109 A-T ...
  -21.5482   68.7987  -91.4274
   -0.8867    0.2269    0.4030
    0.1355   -0.7057    0.6954
    0.4421    0.6712    0.5950
...   110 C-G ...
  -20.3475   71.4328  -89.8336
   -0.6982   -0.2217    0.6807
    0.5902   -0.7164    0.3721
    0.4052    0.6616    0.6310
...   111 G-C ...
  -18.8347   73.3772  -87.5059
   -0.3020   -0.6853    0.6627
    0.8940   -0.4450   -0.0528
    0.3310    0.5765    0.7470
...   112 G-C ...
  -18.0570   75.1708  -84.7522
    0.2060   -0.8764    0.4352
    0.9274    0.0329   -0.3726
    0.3122    0.4804    0.8196
...   113 A-T ...
  -17.0354   76.5497  -81.9411
    0.7087   -0.7000    0.0882
    0.6306    0.5724   -0.5241
    0.3164    0.4270    0.8471
...   114 C-G ...
  -16.1949   77.3777  -78.8189
    0.9315   -0.2856   -0.2253
    0.1573    0.8747   -0.4584
    0.3279    0.3916    0.8597
...   115 G-C ...
  -14.8207   79.0398  -76.1878
    0.8260    0.2690   -0.4953
   -0.3989    0.8998   -0.1766
    0.3982    0.3434    0.8506
...   116 T-A ...
  -13.0820   79.6798  -73.3661
    0.4719    0.7251   -0.5015
   -0.7876    0.6024    0.1298
    0.3962    0.3337    0.8554
...   117 A-T ...
  -12.5182   80.8486  -70.1294
   -0.1726    0.9696   -0.1733
   -0.9132   -0.0916    0.3971
    0.3692    0.2268    0.9013
...   118 T-A ...
  -10.7320   81.7703  -67.4790
   -0.6220    0.7785    0.0846
   -0.6903   -0.5961    0.4101
    0.3697    0.1967    0.9081
...   119 A-T ...
   -9.6003   81.9661  -64.2693
   -0.9252    0.1964    0.3247
   -0.1263   -0.9662    0.2248
    0.3578    0.1670    0.9187
...   120 A-T ...
   -8.4729   82.6832  -61.3112
   -0.8326   -0.4116    0.3706
    0.4364   -0.8996   -0.0186
    0.3411    0.1463    0.9286
...   121 T-A ...
   -7.8182   83.6221  -58.2409
   -0.4995   -0.8208    0.2770
    0.8041   -0.5583   -0.2044
    0.3224    0.1207    0.9389
...   122 G-C ...
   -6.6644   83.6794  -55.0683
    0.0220   -0.9995   -0.0217
    0.9598    0.0272   -0.2792
    0.2797   -0.0147    0.9600
...   123 T-A ...
   -6.3075   83.2890  -51.8069
    0.5252   -0.8238   -0.2133
    0.8032    0.5627   -0.1958
    0.2813   -0.0685    0.9572
...   124 G-C ...
   -4.9556   83.0423  -48.7268
    0.8800   -0.3092   -0.3607
    0.3445    0.9381    0.0364
    0.3271   -0.1563    0.9320
...   125 T-A ...
   -3.8387   81.8721  -45.7873
    0.9226    0.2625   -0.2828
   -0.1930    0.9486    0.2509
    0.3341   -0.1769    0.9258
...   126 C-G ...
   -2.5900   81.2326  -42.7692
    0.6062    0.7940   -0.0452
   -0.7230    0.5739    0.3846
    0.3313   -0.2005    0.9220
...   127 G-C ...
   -1.9099   80.7455  -39.4659
    0.0309    0.9859    0.1643
   -0.9407   -0.0269    0.3382
    0.3379   -0.1649    0.9266
...   128 A-T ...
   -0.6919   80.0805  -36.4440
   -0.5618    0.7543    0.3396
   -0.7638   -0.6307    0.1373
    0.3177   -0.1822    0.9305
...   129 C-G ...
    0.7385   79.9395  -33.4197
   -0.8969    0.2858    0.3373
   -0.3327   -0.9388   -0.0892
    0.2912   -0.1922    0.9371
...   130 C-G ...
    1.8258   79.5294  -30.2208
   -0.9542   -0.2711    0.1264
    0.2287   -0.9335   -0.2763
    0.1929   -0.2348    0.9527
...   131 A-T ...
    2.5215   78.5304  -27.0703
   -0.6610   -0.7251   -0.1930
    0.7455   -0.6051   -0.2794
    0.0858   -0.3286    0.9406
...   132 A-T ...
    2.5986   77.4441  -24.0266
   -0.1133   -0.9221   -0.3699
    0.9917   -0.0825   -0.0981
    0.0599   -0.3780    0.9239
...   133 A-T ...
    2.6093   76.0744  -21.0939
    0.4812   -0.7833   -0.3936
    0.8751    0.4552    0.1639
    0.0508   -0.4234    0.9045
...   134 T-A ...
    2.3093   74.2287  -18.3853
    0.8657   -0.4292   -0.2574
    0.4984    0.7868    0.3642
    0.0462   -0.4436    0.8950
...   135 G-C ...
    1.4369   72.0948  -15.6002
    0.9809    0.0621    0.1844
   -0.1263    0.9241    0.3606
   -0.1480   -0.3770    0.9143
...   136 T-A ...
    0.5299   69.2373  -13.4651
    0.7353    0.4962    0.4617
   -0.6117    0.7791    0.1369
   -0.2918   -0.3831    0.8764
...   137 G-C ...
   -0.1632   67.4090  -10.8054
    0.1799    0.8794    0.4409
   -0.9276    0.3008   -0.2216
   -0.3275   -0.3691    0.8698
...   138 A-T ...
   -0.1295   66.2154   -7.8180
   -0.3749    0.8569    0.3537
   -0.8857   -0.2184   -0.4097
   -0.2739   -0.4669    0.8408
...   139 G-C ...
   -1.0032   65.6050   -4.9383
   -0.8337    0.5216    0.1812
   -0.5170   -0.6221   -0.5880
   -0.1940   -0.5840    0.7883
...   140 C-G ...
   -0.6942   63.8984   -2.2496
   -0.9992    0.0157   -0.0376
    0.0023   -0.8992   -0.4375
   -0.0406   -0.4373    0.8984
...   141 G-C ...
   -3.4332   60.2357    1.0303
   -0.4426    0.2288   -0.8671
    0.1684   -0.9285   -0.3310
   -0.8808   -0.2925    0.3724
...   142 C-G ...
   -6.3248   59.0804    1.6315
   -0.2968   -0.3279   -0.8969
    0.5658   -0.8170    0.1115
   -0.7693   -0.4743    0.4280
...   143 T-A ...
   -8.6733   58.7216    3.6048
   -0.0344   -0.7815   -0.6229
    0.6534   -0.4892    0.5777
   -0.7562   -0.3872    0.5275
...   144 C-G ...
  -11.6515   58.0074    4.7220
    0.2453   -0.9542   -0.1714
    0.6321    0.0234    0.7745
   -0.7350   -0.2984    0.6089
...   145 A-T ...
  -14.1727   56.5626    6.1820
    0.5795   -0.7268    0.3686
    0.3140    0.6165    0.7220
   -0.7520   -0.3027    0.5855
...   146 C-G ...
  -16.4616   53.8913    7.5170
    0.5336   -0.3333    0.7773
   -0.0346    0.9097    0.4138
   -0.8450   -0.2477    0.4739
...   147 A-T ...
  -19.0126   52.0327    8.9268
    0.2451    0.2906    0.9249
   -0.3073    0.9281   -0.2101
   -0.9195   -0.2327    0.3168
