  147 base-pairs
...     1 A-T ...
    0.0000    0.0000    0.0000
    1.0000    0.0000    0.0000
    0.0000    1.0000    0.0000
    0.0000    0.0000    1.0000
...     2 G-C ...
   -0.1404   -1.2353    3.2259
    0.7530    0.6366    0.1668
   -0.6385    0.7681   -0.0490
   -0.1593   -0.0696    0.9848
...     3 T-A ...
   -0.0377   -3.2918    6.3749
    0.2722    0.9302    0.2464
   -0.9238    0.3243   -0.2034
   -0.2691   -0.1722    0.9476
...     4 G-C ...
   -0.3520   -4.1638    9.4928
   -0.3756    0.9250    0.0576
   -0.8780   -0.3352   -0.3416
   -0.2967   -0.1788    0.9381
...     5 A-T ...
   -0.4480   -4.1448   12.7498
   -0.8116    0.5839   -0.0166
   -0.5522   -0.7762   -0.3042
   -0.1905   -0.2377    0.9525
...     6 G-C ...
   -1.5926   -4.1701   15.6201
   -0.9976    0.0246   -0.0651
   -0.0043   -0.9555   -0.2950
   -0.0694   -0.2940    0.9533
...     7 C-G ...
   -1.1050   -4.4793   18.7363
   -0.8442   -0.5302   -0.0787
    0.5343   -0.8442   -0.0430
   -0.0437   -0.0784    0.9960
...     8 G-C ...
   -2.4044   -7.7255   23.1483
   -0.2753   -0.3294   -0.9032
    0.6650   -0.7437    0.0686
   -0.6943   -0.5817    0.4238
...     9 C-G ...
   -4.4706   -9.9691   24.1142
    0.1145   -0.7026   -0.7023
    0.8512   -0.2951    0.4341
   -0.5123   -0.6475    0.5642
...    10 T-A ...
   -6.7420  -10.8705   25.9717
    0.4841   -0.8363   -0.2573
    0.6594    0.1554    0.7356
   -0.5752   -0.5257    0.6267
...    11 C-G ...
   -9.1682  -12.6167   27.1662
    0.7073   -0.6683    0.2306
    0.3450    0.6110    0.7125
   -0.6170   -0.4243    0.6627
...    12 A-T ...
  -10.9253  -14.6583   29.0713
    0.7515   -0.1377    0.6452
   -0.2027    0.8824    0.4245
   -0.6278   -0.4498    0.6352
...    13 C-G ...
  -11.8495  -17.4796   31.2472
    0.4294    0.2824    0.8578
   -0.5708    0.8209    0.0155
   -0.6998   -0.4963    0.5137
...    14 A-T ...
  -13.5915  -19.7756   33.4284
   -0.1503    0.6106    0.7775
   -0.6874    0.5007   -0.5261
   -0.7106   -0.6135    0.3445
...    15 A-T ...
  -15.7372  -21.8833   34.6675
   -0.5252    0.7849    0.3287
   -0.4457    0.0753   -0.8920
   -0.7249   -0.6150    0.3103
...    16 T-A ...
  -17.8889  -23.7676   36.2681
   -0.6567    0.7328   -0.1782
   -0.1076   -0.3249   -0.9396
   -0.7464   -0.5979    0.2922
...    17 T-A ...
  -20.3481  -25.5710   37.3184
   -0.5497    0.4646   -0.6943
    0.2789   -0.6813   -0.6768
   -0.7875   -0.5656    0.2449
...    18 T-A ...
  -23.0092  -27.2161   38.0865
   -0.2401    0.0456   -0.9697
    0.5205   -0.8371   -0.1682
   -0.8194   -0.5451    0.1773
...    19 A-T ...
  -25.8841  -28.9105   38.2788
    0.2204   -0.3479   -0.9113
    0.5017   -0.7608    0.4118
   -0.8365   -0.5479    0.0069
...    20 T-A ...
  -28.8471  -30.2463   37.8009
    0.4553   -0.6817   -0.5728
    0.2970   -0.4902    0.8195
   -0.8394   -0.5432   -0.0207
...    21 T-A ...
  -31.6155  -31.9194   37.4125
    0.5126   -0.8585    0.0149
   -0.0451   -0.0096    0.9989
   -0.8575   -0.5127   -0.0437
...    22 C-G ...
  -34.3484  -33.7713   37.1504
    0.3571   -0.6991    0.6195
   -0.3684    0.5041    0.7812
   -0.8584   -0.5072   -0.0775
...    23 G-C ...
  -37.4294  -35.1386   37.2043
    0.0889   -0.2526    0.9635
   -0.5169    0.8151    0.2614
   -0.8514   -0.5213   -0.0581
...    24 C-G ...
  -40.0865  -37.1729   36.8954
   -0.2078    0.2600    0.9430
   -0.4559    0.8272   -0.3285
   -0.8654   -0.4982   -0.0533
...    25 A-T ...
  -43.0562  -38.6182   36.3897
   -0.3690    0.7361    0.5675
   -0.2207    0.5237   -0.8228
   -0.9028   -0.4289   -0.0308
...    26 A-T ...
  -45.9509  -40.0744   36.4721
   -0.4070    0.9134   -0.0046
    0.0522    0.0182   -0.9985
   -0.9120   -0.4066   -0.0551
...    27 A-T ...
  -48.9453  -41.2789   36.4414
   -0.2526    0.7881   -0.5613
    0.2731   -0.4985   -0.8228
   -0.9282   -0.3612   -0.0893
...    28 G-C ...
  -52.1190  -42.1321   36.2026
    0.0407    0.4512   -0.8915
    0.3452   -0.8437   -0.4112
   -0.9377   -0.2910   -0.1901
...    29 G-C ...
  -55.3149  -42.6221   35.2431
    0.3354   -0.0391   -0.9413
    0.2091   -0.9711    0.1149
   -0.9186   -0.2354   -0.3175
...    30 C-G ...
  -58.2437  -42.9825   33.7296
    0.4444   -0.5514   -0.7060
   -0.0606   -0.8048    0.5904
   -0.8938   -0.2196   -0.3911
...    31 C-G ...
  -60.9747  -43.8254   31.8931
    0.3858   -0.8929   -0.2323
   -0.3661   -0.3792    0.8498
   -0.8469   -0.2428   -0.4732
...    32 G-C ...
  -63.8810  -45.0084   30.6232
    0.1293   -0.9354    0.3290
   -0.5843    0.1963    0.7874
   -0.8012   -0.2940   -0.5212
...    33 G-C ...
  -66.4242  -46.2110   28.7064
   -0.2086   -0.6471    0.7333
   -0.5686    0.6903    0.4474
   -0.7957   -0.3236   -0.5120
...    34 C-G ...
  -68.8861  -47.5689   26.8527
   -0.4899   -0.1349    0.8613
   -0.3370    0.9405   -0.0444
   -0.8040   -0.3120   -0.5061
...    35 C-G ...
  -71.4954  -48.8621   25.0915
   -0.5432    0.4380    0.7163
    0.0192    0.8594   -0.5109
   -0.8394   -0.2638   -0.4753
...    36 C-G ...
  -74.3031  -50.0200   23.5694
   -0.3598    0.8616    0.3580
    0.3399    0.4783   -0.8097
   -0.8689   -0.1697   -0.4649
...    37 G-C ...
  -77.0319  -50.5143   21.6421
    0.0309    0.9966   -0.0762
    0.4960   -0.0815   -0.8645
   -0.8678   -0.0111   -0.4969
...    38 A-T ...
  -79.8731  -50.4723   20.0499
    0.3851    0.7621   -0.5205
    0.3771   -0.6447   -0.6649
   -0.8423    0.0598   -0.5357
...    39 C-G ...
  -82.6823  -49.6712   18.5779
    0.5809    0.3108   -0.7523
    0.0978   -0.9442   -0.3145
   -0.8081    0.1091   -0.5789
...    40 A-T ...
  -85.2050  -49.2957   16.3943
    0.6357   -0.2877   -0.7164
   -0.3017   -0.9467    0.1125
   -0.7106    0.1446   -0.6886
...    41 C-G ...
  -87.1115  -48.3091   13.8585
    0.3978   -0.7502   -0.5283
   -0.6218   -0.6438    0.4460
   -0.6746    0.1511   -0.7225
...    42 G-C ...
  -89.4985  -48.2910   11.4608
    0.0021   -0.9917   -0.1289
   -0.7923   -0.0803    0.6048
   -0.6101    0.1008   -0.7859
...    43 A-T ...
  -91.4103  -48.0259    8.7590
   -0.4954   -0.8305    0.2546
   -0.6350    0.5462    0.5462
   -0.5927    0.1089   -0.7980
...    44 C-G ...
  -93.0501  -48.1346    5.8102
   -0.7695   -0.3957    0.5013
   -0.2592    0.9109    0.3211
   -0.5836    0.1171   -0.8035
...    45 T-A ...
  -95.0067  -48.0324    3.0942
   -0.7699    0.1701    0.6150
    0.2162    0.9763    0.0006
   -0.6004    0.1335   -0.7885
...    46 T-A ...
  -96.9854  -47.8502    0.5115
   -0.5039    0.7138    0.4865
    0.6458    0.6853   -0.3366
   -0.5736    0.1445   -0.8063
...    47 A-T ...
  -98.7198  -47.2539   -2.3047
    0.0384    0.9700    0.2399
    0.8246    0.1049   -0.5559
   -0.5644    0.2191   -0.7959
...    48 C-G ...
 -101.0064  -46.4030   -4.5055
    0.5014    0.8642   -0.0413
    0.6771   -0.4216   -0.6031
   -0.5386    0.2744   -0.7966
...    49 T-A ...
 -102.8071  -45.1432   -6.9789
    0.8360    0.4759   -0.2732
    0.2892   -0.8052   -0.5177
   -0.4664    0.3537   -0.8108
...    50 G-C ...
 -104.0116  -43.9475   -9.8835
    0.9050   -0.1171   -0.4089
   -0.2629   -0.9097   -0.3213
   -0.3343    0.3983   -0.8542
...    51 T-A ...
 -104.6343  -42.1547  -12.5923
    0.6372   -0.5986   -0.4855
   -0.7144   -0.6950   -0.0807
   -0.2892    0.3983   -0.8705
...    52 A-T ...
 -105.8396  -41.0343  -15.5520
    0.0310   -0.9003   -0.4342
   -0.9653   -0.1397    0.2208
   -0.2594    0.4123   -0.8733
...    53 G-C ...
 -106.3772  -39.7428  -18.5960
   -0.5015   -0.8360   -0.2228
   -0.8286    0.3901    0.4015
   -0.2488    0.3860   -0.8883
...    54 G-C ...
 -107.0731  -38.6505  -21.7415
   -0.8743   -0.4790    0.0783
   -0.3995    0.8019    0.4443
   -0.2756    0.3571   -0.8925
...    55 T-A ...
 -107.8514  -38.0207  -24.9594
   -0.9509    0.0356    0.3075
    0.1457    0.9280    0.3429
   -0.2731    0.3709   -0.8876
...    56 A-T ...
 -108.3640  -36.3401  -27.8855
   -0.6271    0.6459    0.4354
    0.7446    0.6612    0.0916
   -0.2288    0.3816   -0.8956
...    57 T-A ...
 -109.6730  -35.4220  -30.7686
   -0.1499    0.8914    0.4277
    0.9646    0.2268   -0.1347
   -0.2170    0.3923   -0.8939
...    58 C-G ...
 -110.4320  -34.1216  -33.6912
    0.4681    0.8249    0.3168
    0.8638   -0.3514   -0.3611
   -0.1866    0.4427   -0.8770
...    59 T-A ...
 -111.1412  -32.3579  -36.4090
    0.8732    0.4618    0.1555
    0.4728   -0.7259   -0.4995
   -0.1178    0.5097   -0.8522
...    60 C-G ...
 -111.3673  -30.5669  -39.1426
    0.9887   -0.0889   -0.1207
   -0.1394   -0.8415   -0.5220
   -0.0552    0.5329   -0.8444
...    61 G-C ...
 -111.2774  -29.1224  -42.2083
    0.7318   -0.6126   -0.2988
   -0.6762   -0.5978   -0.4305
    0.0851    0.5171   -0.8517
...    62 A-T ...
 -110.7858  -27.4823  -45.0395
    0.1695   -0.8580   -0.4848
   -0.9779   -0.0852   -0.1912
    0.1227    0.5065   -0.8535
...    63 G-C ...
 -110.0375  -25.9039  -47.8993
   -0.4045   -0.7752   -0.4852
   -0.9044    0.4177    0.0868
    0.1354    0.4739   -0.8701
...    64 T-A ...
 -109.1043  -24.7436  -50.9209
   -0.8336   -0.4178   -0.3613
   -0.5344    0.7753    0.3366
    0.1395    0.4737   -0.8696
...    65 C-G ...
 -108.5883  -23.2529  -53.8423
   -0.9854    0.1499   -0.0803
    0.0909    0.8633    0.4964
    0.1437    0.4818   -0.8644
...    66 A-T ...
 -107.9178  -21.3823  -56.5427
   -0.7395    0.6062    0.2926
    0.6659    0.5952    0.4498
    0.0985    0.5275   -0.8438
...    67 T-A ...
 -108.1376  -19.9632  -59.5167
   -0.2862    0.8260    0.4856
    0.9517    0.1865    0.2437
    0.1108    0.5319   -0.8395
...    68 G-C ...
 -107.5451  -18.0603  -62.2220
    0.3040    0.7118    0.6332
    0.9427   -0.3205   -0.0924
    0.1372    0.6251   -0.7684
...    69 T-A ...
 -107.5571  -15.6668  -64.4940
    0.7500    0.3968    0.5291
    0.6374   -0.6472   -0.4181
    0.1766    0.6509   -0.7384
...    70 T-A ...
 -107.0135  -13.3983  -66.7396
    0.9731   -0.0709    0.2192
    0.0933   -0.7486   -0.6564
    0.2106    0.6592   -0.7219
...    71 A-T ...
 -106.1232  -11.3162  -69.2224
    0.8114   -0.5591   -0.1703
   -0.5042   -0.5222   -0.6878
    0.2956    0.6440   -0.7056
...    72 T-A ...
 -104.6591   -9.0110  -71.0749
    0.4334   -0.7481   -0.5026
   -0.8475   -0.1486   -0.5096
    0.3065    0.6468   -0.6984
...    73 A-T ...
 -104.0350   -6.7926  -73.5844
   -0.2156   -0.6394   -0.7380
   -0.9208    0.3848   -0.0644
    0.3251    0.6657   -0.6717
...    74 A-T ...
 -102.7030   -4.7793  -75.7892
   -0.7045   -0.2512   -0.6638
   -0.6146    0.6835    0.3937
    0.3548    0.6853   -0.6359
...    75 C-G ...
 -101.2679   -2.9830  -78.2461
   -0.9251    0.1628   -0.3431
   -0.1320    0.7092    0.6926
    0.3560    0.6860   -0.6346
...    76 G-C ...
  -99.9644   -0.3947  -79.9938
   -0.8543    0.4893    0.1756
    0.4290    0.4729    0.7696
    0.2935    0.7328   -0.6139
...    77 G-C ...
  -99.0561    1.9616  -82.2579
   -0.4917    0.6064    0.6248
    0.8296    0.1083    0.5477
    0.2645    0.7877   -0.5564
...    78 A-T ...
  -98.2241    4.5155  -84.1418
    0.0824    0.5096    0.8564
    0.9570   -0.2802    0.0747
    0.2781    0.8135   -0.5108
...    79 C-G ...
  -97.8680    7.4183  -85.6548
    0.5592    0.2404    0.7934
    0.7722   -0.4993   -0.3930
    0.3016    0.8324   -0.4648
...    80 T-A ...
  -96.9320   10.3578  -86.8597
    0.8541   -0.1387    0.5013
    0.3681   -0.5199   -0.7709
    0.3675    0.8429   -0.3930
...    81 C-G ...
  -95.5588   13.1074  -87.9907
    0.8869   -0.4609   -0.0318
   -0.1933   -0.3075   -0.9317
    0.4196    0.8325   -0.3618
...    82 G-C ...
  -93.9547   15.6310  -89.5724
    0.5717   -0.6342   -0.5206
   -0.6252    0.0741   -0.7769
    0.5313    0.7696   -0.3542
...    83 G-C ...
  -91.7765   17.9566  -90.7547
    0.0905   -0.5276   -0.8447
   -0.8101    0.4543   -0.3706
    0.5793    0.7178   -0.3863
...    84 G-C ...
  -89.5817   20.1232  -92.1881
   -0.4111   -0.2105   -0.8869
   -0.7003    0.6959    0.1594
    0.5836    0.6866   -0.4335
...    85 A-T ...
  -87.5628   22.3141  -93.6426
   -0.7515    0.2629   -0.6051
   -0.3035    0.6766    0.6709
    0.5858    0.6878   -0.4287
...    86 T-A ...
  -85.5559   24.1317  -95.5674
   -0.7860    0.5937   -0.1723
    0.1274    0.4283    0.8946
    0.6049    0.6812   -0.4123
...    87 C-G ...
  -83.5343   26.3256  -97.0011
   -0.5621    0.7142    0.4171
    0.5687   -0.0325    0.8219
    0.6006    0.6992   -0.3879
...    88 C-G ...
  -81.6897   28.7396  -98.5120
   -0.2096    0.5044    0.8377
    0.7831   -0.4264    0.4527
    0.5855    0.7508   -0.3056
...    89 G-C ...
  -79.4165   31.0924  -99.3713
    0.1810    0.0638    0.9814
    0.7730   -0.6262   -0.1018
    0.6081    0.7770   -0.1627
...    90 C-G ...
  -77.7134   33.9222  -99.6335
    0.5332   -0.3440    0.7729
    0.5572   -0.5446   -0.6268
    0.6366    0.7649   -0.0987
...    91 T-A ...
  -75.6236   36.4956  -99.5601
    0.6938   -0.6446    0.3213
    0.2145   -0.2410   -0.9465
    0.6875    0.7256   -0.0290
...    92 T-A ...
  -73.3671   38.8217  -99.3935
    0.6836   -0.6718   -0.2851
   -0.2124    0.1906   -0.9584
    0.6982    0.7158   -0.0124
...    93 T-A ...
  -70.9811   41.0265  -99.1900
    0.4441   -0.4195   -0.7917
   -0.5622    0.5576   -0.6108
    0.6976    0.7164    0.0118
...    94 A-T ...
  -68.9771   43.7886  -99.2813
    0.0029    0.0924   -0.9957
   -0.7159    0.6954    0.0624
    0.6982    0.7126    0.0682
...    95 A-T ...
  -66.4778   45.8910  -99.1182
   -0.3851    0.5242   -0.7595
   -0.5898    0.4932    0.6395
    0.7098    0.6942    0.1192
...    96 C-G ...
  -63.8370   47.9622  -99.2368
   -0.6449    0.7058   -0.2930
   -0.2926    0.1261    0.9479
    0.7060    0.6971    0.1252
...    97 A-T ...
  -61.4774   50.2194  -98.5168
   -0.7464    0.5871    0.3133
    0.1411   -0.3204    0.9367
    0.6503    0.7434    0.1563
...    98 C-G ...
  -59.5523   52.9180  -98.5099
   -0.5818    0.2987    0.7565
    0.5108   -0.5896    0.6257
    0.6329    0.7505    0.1905
...    99 T-A ...
  -57.7106   55.6053  -97.8913
   -0.2767   -0.1278    0.9524
    0.7475   -0.6515    0.1297
    0.6039    0.7478    0.2758
...   100 T-A ...
  -55.9253   58.1213  -96.9262
    0.1659   -0.5091    0.8446
    0.7778   -0.4590   -0.4294
    0.6063    0.7281    0.3198
...   101 T-A ...
  -54.0994   60.4909  -95.6998
    0.5525   -0.7085    0.4390
    0.5590   -0.0757   -0.8257
    0.6183    0.7016    0.3542
...   102 A-T ...
  -51.8553   62.6776  -94.5212
    0.7271   -0.6659   -0.1667
    0.1550    0.3958   -0.9052
    0.6688    0.6324    0.3910
...   103 T-A ...
  -49.6501   64.3071  -92.6847
    0.7072   -0.3639   -0.6062
   -0.2314    0.6911   -0.6847
    0.6681    0.6245    0.4045
...   104 G-C ...
  -47.3856   66.5418  -91.6661
    0.3976    0.0902   -0.9131
   -0.5748    0.8002   -0.1712
    0.7152    0.5930    0.3699
...   105 C-G ...
  -44.7101   68.2321  -90.5503
   -0.0034    0.5202   -0.8540
   -0.6897    0.6172    0.3787
    0.7241    0.5903    0.3567
...   106 T-A ...
  -42.0955   70.0976  -89.6043
   -0.3967    0.7616   -0.5124
   -0.5739    0.2299    0.7860
    0.7165    0.6059    0.3458
...   107 T-A ...
  -39.5881   71.9788  -88.6940
   -0.6369    0.7687    0.0596
   -0.2509   -0.2797    0.9267
    0.7290    0.5753    0.3710
...   108 C-G ...
  -37.1249   73.8562  -87.5509
   -0.6890    0.4235    0.5881
    0.1668   -0.6971    0.6973
    0.7053    0.5786    0.4096
...   109 C-G ...
  -34.8377   76.0413  -86.3383
   -0.5644   -0.0927    0.8203
    0.5144   -0.8167    0.2616
    0.6457    0.5696    0.5086
...   110 G-C ...
  -32.5364   77.6569  -84.4792
   -0.2882   -0.6168    0.7325
    0.7574   -0.6149   -0.2197
    0.5859    0.4915    0.6444
...   111 G-C ...
  -30.8905   79.2450  -82.0056
    0.0987   -0.9044    0.4152
    0.8191   -0.1631   -0.5500
    0.5651    0.3943    0.7247
...   112 C-G ...
  -29.3624   80.2624  -79.2501
    0.4975   -0.8675    0.0029
    0.6567    0.3744   -0.6546
    0.5667    0.3276    0.7560
...   113 T-A ...
  -27.5538   80.9540  -76.5533
    0.7411   -0.5449   -0.3923
    0.3206    0.8005   -0.5063
    0.5900    0.2494    0.7679
...   114 C-G ...
  -25.4648   81.5745  -74.0765
    0.7844    0.0485   -0.6183
   -0.1707    0.9753   -0.1400
    0.5963    0.2154    0.7734
...   115 G-C ...
  -23.4802   82.7531  -71.6089
    0.5104    0.6042   -0.6119
   -0.5714    0.7701    0.2837
    0.6426    0.2049    0.7383
...   116 T-A ...
  -20.9159   83.0525  -69.4361
    0.1218    0.9281   -0.3518
   -0.7631    0.3142    0.5648
    0.6347    0.1996    0.7465
...   117 A-T ...
  -19.2351   83.5058  -66.4828
   -0.3824    0.9096    0.1624
   -0.6797   -0.3960    0.6174
    0.6259    0.1257    0.7697
...   118 T-A ...
  -16.8217   84.2955  -64.3635
   -0.6783    0.5719    0.4613
   -0.3941   -0.8131    0.4285
    0.6201    0.1088    0.7769
...   119 A-T ...
  -14.7852   84.5096  -61.7012
   -0.8297   -0.0462    0.5563
    0.0940   -0.9939    0.0576
    0.5502    0.1001    0.8290
...   120 A-T ...
  -13.1198   84.9841  -58.9711
   -0.6550   -0.6089    0.4474
    0.5526   -0.7899   -0.2661
    0.5154    0.0730    0.8538
...   121 T-A ...
  -11.9676   85.5664  -55.9715
   -0.3060   -0.9270    0.2168
    0.8142   -0.3728   -0.4451
    0.4934    0.0403    0.8689
...   122 G-C ...
  -10.2455   85.3037  -53.0935
    0.1544   -0.9695   -0.1902
    0.8742    0.2238   -0.4309
    0.4604   -0.0997    0.8821
...   123 T-A ...
   -9.2227   84.5298  -50.0439
    0.5837   -0.6949   -0.4200
    0.6710    0.7041   -0.2325
    0.4573   -0.1460    0.8772
...   124 G-C ...
   -7.3367   84.1264  -47.2987
    0.8445   -0.1229   -0.5213
    0.2154    0.9691    0.1204
    0.4904   -0.2140    0.8448
...   125 T-A ...
   -5.6540   82.7913  -44.7062
    0.8289    0.4271   -0.3612
   -0.2773    0.8746    0.3976
    0.4857   -0.2294    0.8435
...   126 C-G ...
   -3.9652   81.9521  -41.9681
    0.4897    0.8717   -0.0185
   -0.7331    0.4231    0.5324
    0.4719   -0.2472    0.8463
...   127 G-C ...
   -2.8566   81.1153  -38.8772
   -0.0671    0.9651    0.2531
   -0.8907   -0.1723    0.4207
    0.4496   -0.1971    0.8712
...   128 A-T ...
   -1.2753   80.3340  -36.0833
   -0.6042    0.6671    0.4359
   -0.6810   -0.7163    0.1521
    0.4137   -0.2049    0.8871
...   129 C-G ...
    0.3851   80.1682  -33.2213
   -0.8926    0.1885    0.4095
   -0.2565   -0.9594   -0.1173
    0.3708   -0.2097    0.9047
...   130 C-G ...
    1.6430   79.7507  -30.1065
   -0.9276   -0.3373    0.1603
    0.2740   -0.9063   -0.3218
    0.2539   -0.2546    0.9331
...   131 A-T ...
    2.4044   78.7328  -26.9874
   -0.6420   -0.7411   -0.1962
    0.7569   -0.5719   -0.3162
    0.1222   -0.3515    0.9282
...   132 A-T ...
    2.5514   77.5535  -23.9849
   -0.1042   -0.9149   -0.3900
    0.9909   -0.0621   -0.1192
    0.0849   -0.3989    0.9131
...   133 A-T ...
    2.5938   76.1053  -21.0876
    0.4830   -0.7752   -0.4071
    0.8733    0.4606    0.1591
    0.0641   -0.4323    0.8994
...   134 T-A ...
    2.3094   74.2286  -18.3854
    0.8657   -0.4292   -0.2574
    0.4984    0.7868    0.3642
    0.0462   -0.4436    0.8950
...   135 G-C ...
    1.4370   72.0948  -15.6003
    0.9809    0.0621    0.1844
   -0.1263    0.9241    0.3606
   -0.1480   -0.3770    0.9143
...   136 T-A ...
    0.5300   69.2372  -13.4652
    0.7353    0.4962    0.4617
   -0.6117    0.7791    0.1369
   -0.2918   -0.3831    0.8764
...   137 G-C ...
   -0.1630   67.4089  -10.8055
    0.1799    0.8794    0.4409
   -0.9276    0.3008   -0.2216
   -0.3275   -0.3691    0.8698
...   138 A-T ...
   -0.1294   66.2153   -7.8181
   -0.3749    0.8569    0.3537
   -0.8857   -0.2184   -0.4097
   -0.2739   -0.4669    0.8408
...   139 G-C ...
   -1.0031   65.6050   -4.9384
   -0.8337    0.5216    0.1812
   -0.5170   -0.6221   -0.5880
   -0.1940   -0.5840    0.7883
...   140 C-G ...
   -0.6940   63.8984   -2.2498
   -0.9992    0.0157   -0.0376
    0.0023   -0.8992   -0.4375
   -0.0406   -0.4373    0.8984
...   141 G-C ...
   -3.4331   60.2356    1.0302
   -0.4426    0.2288   -0.8671
    0.1684   -0.9285   -0.3310
   -0.8808   -0.2925    0.3724
...   142 C-G ...
   -6.3247   59.0803    1.6313
   -0.2968   -0.3279   -0.8969
    0.5658   -0.8170    0.1115
   -0.7693   -0.4743    0.4280
...   143 T-A ...
   -8.6731   58.7215    3.6046
   -0.0344   -0.7815   -0.6229
    0.6534   -0.4892    0.5777
   -0.7562   -0.3872    0.5275
...   144 C-G ...
  -11.6514   58.0073    4.7218
    0.2453   -0.9542   -0.1714
    0.6321    0.0234    0.7745
   -0.7350   -0.2984    0.6089
...   145 A-T ...
  -14.1725   56.5625    6.1818
    0.5795   -0.7268    0.3686
    0.3140    0.6165    0.7220
   -0.7520   -0.3027    0.5855
...   146 C-G ...
  -16.4614   53.8912    7.5169
    0.5336   -0.3333    0.7773
   -0.0346    0.9097    0.4138
   -0.8450   -0.2477    0.4739
...   147 A-T ...
  -19.0124   52.0327    8.9267
    0.2451    0.2906    0.9249
   -0.3073    0.9281   -0.2101
   -0.9195   -0.2327    0.3168
