  147 base-pairs
...     1 A-T ...
    0.0000    0.0000    0.0000
    1.0000    0.0000    0.0000
    0.0000    1.0000    0.0000
    0.0000    0.0000    1.0000
...     2 G-C ...
   -0.1404   -1.2353    3.2259
    0.7530    0.6366    0.1668
   -0.6385    0.7681   -0.0490
   -0.1593   -0.0696    0.9848
...     3 T-A ...
   -0.0377   -3.2918    6.3749
    0.2722    0.9302    0.2464
   -0.9238    0.3243   -0.2034
   -0.2691   -0.1722    0.9476
...     4 G-C ...
   -0.3520   -4.1638    9.4928
   -0.3756    0.9250    0.0576
   -0.8780   -0.3352   -0.3416
   -0.2967   -0.1788    0.9381
...     5 A-T ...
   -0.4480   -4.1448   12.7498
   -0.8116    0.5839   -0.0166
   -0.5522   -0.7762   -0.3042
   -0.1905   -0.2377    0.9525
...     6 G-C ...
   -1.5926   -4.1701   15.6201
   -0.9976    0.0246   -0.0651
   -0.0043   -0.9555   -0.2950
   -0.0694   -0.2940    0.9533
...     7 C-G ...
   -1.1050   -4.4793   18.7363
   -0.8442   -0.5302   -0.0787
    0.5343   -0.8442   -0.0430
   -0.0437   -0.0784    0.9960
...     8 G-C ...
   -2.4044   -7.7255   23.1483
   -0.2753   -0.3294   -0.9032
    0.6650   -0.7437    0.0686
   -0.6943   -0.5817    0.4238
...     9 C-G ...
   -4.4706   -9.9691   24.1142
    0.1145   -0.7026   -0.7023
    0.8512   -0.2951    0.4341
   -0.5123   -0.6475    0.5642
...    10 T-A ...
   -6.7420  -10.8705   25.9717
    0.4841   -0.8363   -0.2573
    0.6594    0.1554    0.7356
   -0.5752   -0.5257    0.6267
...    11 C-G ...
   -9.1682  -12.6167   27.1662
    0.7073   -0.6683    0.2306
    0.3450    0.6110    0.7125
   -0.6170   -0.4243    0.6627
...    12 A-T ...
  -10.9253  -14.6583   29.0713
    0.7515   -0.1377    0.6452
   -0.2027    0.8824    0.4245
   -0.6278   -0.4498    0.6352
...    13 C-G ...
  -11.8495  -17.4796   31.2472
    0.4294    0.2824    0.8578
   -0.5708    0.8209    0.0155
   -0.6998   -0.4963    0.5137
...    14 A-T ...
  -13.5915  -19.7756   33.4284
   -0.1503    0.6106    0.7775
   -0.6874    0.5007   -0.5261
   -0.7106   -0.6135    0.3445
...    15 A-T ...
  -15.7206  -21.8962   34.6787
   -0.5302    0.7791    0.3344
   -0.4468    0.0785   -0.8912
   -0.7206   -0.6219    0.3065
...    16 T-A ...
  -17.8522  -23.8159   36.2723
   -0.6660    0.7266   -0.1689
   -0.1059   -0.3162   -0.9428
   -0.7384   -0.6100    0.2875
...    17 T-A ...
  -20.2757  -25.6655   37.3279
   -0.5624    0.4645   -0.6841
    0.2872   -0.6662   -0.6883
   -0.7754   -0.5835    0.2413
...    18 T-A ...
  -22.8969  -27.3697   38.0991
   -0.2493    0.0604   -0.9665
    0.5369   -0.8220   -0.1899
   -0.8060   -0.5663    0.1725
...    19 A-T ...
  -25.7791  -29.0482   38.2579
    0.2254   -0.2955   -0.9284
    0.5251   -0.7658    0.3712
   -0.8206   -0.5712   -0.0174
...    20 T-A ...
  -28.6943  -30.4452   37.7211
    0.4762   -0.6304   -0.6130
    0.3181   -0.5265    0.7885
   -0.8198   -0.5705   -0.0501
...    21 T-A ...
  -31.3857  -32.2051   37.2406
    0.5552   -0.8305   -0.0463
   -0.0373   -0.0805    0.9961
   -0.8309   -0.5512   -0.0757
...    22 C-G ...
  -33.9930  -34.1954   36.8624
    0.4068   -0.7205    0.5616
   -0.3899    0.4190    0.8200
   -0.8261   -0.5526   -0.1105
...    23 G-C ...
  -36.9388  -35.8157   36.8630
    0.1222   -0.3236    0.9383
   -0.5745    0.7478    0.3327
   -0.8093   -0.5797   -0.0946
...    24 C-G ...
  -39.4255  -38.0294   36.4429
   -0.2143    0.1594    0.9637
   -0.5300    0.8098   -0.2518
   -0.8205   -0.5647   -0.0891
...    25 A-T ...
  -42.2608  -39.6784   35.8510
   -0.4289    0.6441    0.6334
   -0.2812    0.5711   -0.7712
   -0.8585   -0.5089   -0.0639
...    26 A-T ...
  -44.9928  -41.4290   35.8300
   -0.5019    0.8613    0.0792
    0.0389    0.1139   -0.9927
   -0.8641   -0.4952   -0.0906
...    27 A-T ...
  -47.8361  -42.9576   35.7096
   -0.3495    0.8003   -0.4873
    0.3205   -0.3866   -0.8648
   -0.8804   -0.4584   -0.1214
...    28 G-C ...
  -50.8815  -44.1709   35.4053
   -0.0251    0.5339   -0.8452
    0.4438   -0.7516   -0.4880
   -0.8958   -0.3874   -0.2181
...    29 G-C ...
  -54.0013  -44.9908   34.4424
    0.3301    0.0978   -0.9389
    0.3389   -0.9406    0.0211
   -0.8810   -0.3252   -0.3436
...    30 C-G ...
  -56.8665  -45.5886   32.9059
    0.5147   -0.4078   -0.7542
    0.0592   -0.8606    0.5058
   -0.8553   -0.3050   -0.4188
...    31 C-G ...
  -59.4497  -46.6126   30.9636
    0.5195   -0.7925   -0.3195
   -0.2987   -0.5188    0.8010
   -0.8006   -0.3207   -0.5062
...    32 G-C ...
  -62.0974  -48.1262   29.5104
    0.2895   -0.9293    0.2295
   -0.6086    0.0064    0.7935
   -0.7388   -0.3694   -0.5637
...    33 G-C ...
  -64.3620  -49.5942   27.4390
   -0.0859   -0.7510    0.6547
   -0.6869    0.5206    0.5070
   -0.7216   -0.4062   -0.5606
...    34 C-G ...
  -66.5265  -51.1990   25.4263
   -0.4569   -0.3201    0.8300
   -0.5121    0.8576    0.0488
   -0.7274   -0.4027   -0.5557
...    35 C-G ...
  -68.8439  -52.7815   23.5051
   -0.6246    0.2401    0.7431
   -0.1510    0.8965   -0.4165
   -0.7662   -0.3723   -0.5237
...    36 C-G ...
  -71.3532  -54.3072   21.7976
   -0.5349    0.7252    0.4334
    0.2408    0.6226   -0.7446
   -0.8098   -0.2939   -0.5077
...    37 G-C ...
  -73.8716  -55.1651   19.7251
   -0.1845    0.9825    0.0244
    0.5159    0.1180   -0.8485
   -0.8366   -0.1439   -0.5286
...    38 A-T ...
  -76.6250  -55.5991   18.0421
    0.2158    0.8783   -0.4266
    0.5244   -0.4728   -0.7082
   -0.8237   -0.0708   -0.5626
...    39 C-G ...
  -79.5112  -55.3012   16.5406
    0.5117    0.5110   -0.6907
    0.3174   -0.8595   -0.4007
   -0.7984   -0.0142   -0.6020
...    40 A-T ...
  -82.0112  -55.2640   14.3039
    0.7067   -0.0533   -0.7055
   -0.0733   -0.9973    0.0018
   -0.7037    0.0504   -0.7087
...    41 C-G ...
  -84.0097  -54.4822   11.7832
    0.5864   -0.5713   -0.5742
   -0.4622   -0.8182    0.3420
   -0.6652    0.0649   -0.7439
...    42 G-C ...
  -86.2060  -54.7785    9.2355
    0.2608   -0.9397   -0.2213
   -0.7711   -0.3407    0.5378
   -0.5808    0.0304   -0.8135
...    43 A-T ...
  -87.9900  -54.7397    6.4418
   -0.2702   -0.9525    0.1406
   -0.7819    0.3023    0.5453
   -0.5619    0.0374   -0.8264
...    44 C-G ...
  -89.3996  -54.9706    3.3865
   -0.6584   -0.6354    0.4034
   -0.5108    0.7709    0.3805
   -0.5528    0.0445   -0.8321
...    45 T-A ...
  -91.1709  -55.1158    0.5510
   -0.8191   -0.1087    0.5633
   -0.0608    0.9928    0.1032
   -0.5705    0.0502   -0.8198
...    46 T-A ...
  -92.9759  -55.2197   -2.1625
   -0.7112    0.4959    0.4983
    0.4488    0.8658   -0.2211
   -0.5410    0.0664   -0.8384
...    47 A-T ...
  -94.6019  -54.8369   -5.0775
   -0.2538    0.9158    0.3112
    0.7985    0.3800   -0.4670
   -0.5459    0.1300   -0.8277
...    48 C-G ...
  -96.8714  -54.4561   -7.4236
    0.2356    0.9695    0.0677
    0.8117   -0.1581   -0.5622
   -0.5344    0.1874   -0.8242
...    49 T-A ...
  -98.7700  -53.5341   -9.9672
    0.6813    0.7157   -0.1536
    0.5497   -0.6389   -0.5381
   -0.4833    0.2822   -0.8287
...    50 G-C ...
 -100.0460  -52.4518  -12.8816
    0.9318    0.1861   -0.3116
    0.0462   -0.9123   -0.4069
   -0.3600    0.3647   -0.8587
...    51 T-A ...
 -100.9216  -50.6721  -15.5161
    0.8299   -0.3397   -0.4426
   -0.4633   -0.8615   -0.2075
   -0.3108    0.3773   -0.8724
...    52 A-T ...
 -102.0154  -49.6432  -18.5327
    0.3636   -0.8078   -0.4640
   -0.8915   -0.4463    0.0784
   -0.2704    0.3852   -0.8823
...    53 G-C ...
 -102.5537  -48.3452  -21.5678
   -0.1770   -0.9294   -0.3239
   -0.9530    0.0796    0.2924
   -0.2459    0.3604   -0.8998
...    54 G-C ...
 -103.1607  -47.3232  -24.7537
   -0.6759   -0.7339   -0.0680
   -0.6910    0.5990    0.4046
   -0.2562    0.3205   -0.9120
...    55 T-A ...
 -103.6719  -46.7312  -28.0316
   -0.9437   -0.2897    0.1598
   -0.2099    0.8977    0.3875
   -0.2557    0.3321   -0.9079
...    56 A-T ...
 -104.2845  -45.0731  -30.9517
   -0.8569    0.3853    0.3425
    0.4728    0.8521    0.2244
   -0.2054    0.3543   -0.9123
...    57 T-A ...
 -105.3784  -44.4129  -33.9945
   -0.4885    0.7687    0.4129
    0.8506    0.5249    0.0292
   -0.1943    0.3655   -0.9103
...    58 C-G ...
 -106.0610  -43.2374  -36.9888
    0.1258    0.9068    0.4024
    0.9755   -0.0394   -0.2162
   -0.1802    0.4198   -0.8895
...    59 T-A ...
 -106.8669  -41.6189  -39.7661
    0.6429    0.7009    0.3090
    0.7537   -0.5069   -0.4184
   -0.1366    0.5018   -0.8541
...    60 C-G ...
 -107.2213  -39.8265  -42.4796
    0.9705    0.2340    0.0575
    0.2268   -0.8070   -0.5453
   -0.0812    0.5423   -0.8363
...    61 G-C ...
 -107.0843  -38.2262  -45.4582
    0.9304   -0.3313   -0.1568
   -0.3608   -0.7526   -0.5508
    0.0645    0.5691   -0.8198
...    62 A-T ...
 -106.6349  -36.3569  -48.1438
    0.5230   -0.7307   -0.4388
   -0.8453   -0.3786   -0.3770
    0.1093    0.5681   -0.8157
...    63 G-C ...
 -105.9051  -34.4751  -50.8130
   -0.0326   -0.8356   -0.5483
   -0.9897    0.1036   -0.0991
    0.1396    0.5394   -0.8304
...    64 C-G ...
 -105.0672  -32.8949  -53.6583
   -0.5904   -0.6350   -0.4982
   -0.7937    0.5689    0.2155
    0.1466    0.5227   -0.8398
...    65 T-A ...
 -104.4326  -31.4147  -56.5993
   -0.9346   -0.2217   -0.2781
   -0.3308    0.8292    0.4505
    0.1308    0.5130   -0.8483
...    66 C-G ...
 -103.9256  -29.7856  -59.4435
   -0.9427    0.3276    0.0633
    0.3080    0.7816    0.5424
    0.1282    0.5308   -0.8378
...    67 G-C ...
 -103.1629  -27.7294  -62.0281
   -0.6031    0.6557    0.4542
    0.7938    0.4377    0.4222
    0.0780    0.6152   -0.7845
...    68 G-C ...
 -103.1087  -25.7308  -64.7568
   -0.0705    0.7199    0.6905
    0.9946   -0.0024    0.1040
    0.0765    0.6941   -0.7158
...    69 G-C ...
 -103.1085  -23.2737  -67.0685
    0.4744    0.5158    0.7134
    0.8721   -0.3856   -0.3011
    0.1198    0.7650   -0.6328
...    70 A-T ...
 -102.6929  -20.6828  -69.0227
    0.8872    0.1385    0.4401
    0.4294   -0.5967   -0.6779
    0.1687    0.7904   -0.5889
...    71 T-A ...
 -102.2174  -17.7320  -70.3697
    0.9782   -0.2022    0.0479
   -0.0782   -0.5715   -0.8169
    0.1926    0.7953   -0.5748
...    72 C-G ...
 -101.3280  -15.1428  -72.1836
    0.7330   -0.5268   -0.4303
   -0.6359   -0.3061   -0.7085
    0.2415    0.7930   -0.5594
...    73 C-G ...
 -100.0543  -12.6310  -74.0807
    0.2351   -0.6496   -0.7230
   -0.9221    0.0862   -0.3772
    0.3073    0.7554   -0.5788
...    74 G-C ...
  -99.4088  -10.1291  -76.2638
   -0.3663   -0.5134   -0.7761
   -0.8698    0.4853    0.0895
    0.3307    0.7078   -0.6243
...    75 C-G ...
  -98.0254   -8.0224  -78.4859
   -0.7995   -0.1570   -0.5797
   -0.5074    0.6931    0.5120
    0.3214    0.7035   -0.6338
...    76 T-A ...
  -96.9208   -5.8908  -80.8207
   -0.9561    0.2300   -0.1814
    0.0170    0.6620    0.7493
    0.2924    0.7134   -0.6369
...    77 T-A ...
  -95.9591   -3.7466  -83.0792
   -0.7586    0.5858    0.2852
    0.5688    0.3820    0.7284
    0.3177    0.7148   -0.6230
...    78 T-A ...
  -95.0640   -1.4963  -85.2446
   -0.2909    0.6880    0.6648
    0.8988   -0.0417    0.4364
    0.3280    0.7245   -0.6063
...    79 A-T ...
  -93.8800    0.9858  -87.1643
    0.2670    0.4477    0.8534
    0.9009   -0.4304   -0.0560
    0.3423    0.7838   -0.5182
...    80 A-T ...
  -92.8919    3.6538  -88.7065
    0.7206    0.0885    0.6877
    0.5906   -0.5978   -0.5420
    0.3631    0.7967   -0.4831
...    81 C-G ...
  -91.8778    6.6198  -89.7450
    0.9063   -0.2800    0.3165
    0.1291   -0.5298   -0.8382
    0.4024    0.8006   -0.4440
...    82 A-T ...
  -90.3356    9.1420  -91.3367
    0.7690   -0.6109   -0.1881
   -0.3934   -0.2203   -0.8926
    0.5038    0.7604   -0.4098
...    83 C-G ...
  -88.2252   11.6028  -92.1626
    0.4273   -0.6427   -0.6359
   -0.7322    0.1667   -0.6604
    0.5305    0.7478   -0.3993
...    84 T-A ...
  -86.1335   13.8892  -93.4290
   -0.0630   -0.4594   -0.8860
   -0.8271    0.5209   -0.2112
    0.5585    0.7195   -0.4128
...    85 T-A ...
  -84.0467   16.0635  -94.7032
   -0.5145   -0.0156   -0.8573
   -0.6323    0.6822    0.3671
    0.5792    0.7310   -0.3609
...    86 T-A ...
  -81.9539   18.2347  -95.9693
   -0.7627    0.4297   -0.4833
   -0.2130    0.5388    0.8151
    0.6107    0.7246   -0.3194
...    87 A-T ...
  -79.7508   20.7894  -96.5076
   -0.6995    0.6946    0.1680
    0.3217    0.0962    0.9419
    0.6381    0.7130   -0.2908
...    88 T-A ...
  -78.0036   23.1449  -98.0209
   -0.4347    0.6387    0.6349
    0.6307   -0.2873    0.7209
    0.6429    0.7138   -0.2779
...    89 G-C ...
  -75.7411   25.5381  -98.7086
   -0.0670    0.2617    0.9628
    0.7759   -0.5930    0.2152
    0.6273    0.7614   -0.1633
...    90 C-G ...
  -74.0265   28.3482  -99.1367
    0.3296   -0.1632    0.9299
    0.6919   -0.6284   -0.3555
    0.6424    0.7606   -0.0942
...    91 T-A ...
  -72.0063   30.9823  -99.0928
    0.5945   -0.5418    0.5942
    0.4323   -0.4078   -0.8043
    0.6780    0.7350   -0.0082
...    92 T-A ...
  -69.8342   33.3823  -98.8732
    0.7250   -0.6886    0.0162
    0.0205   -0.0018   -0.9998
    0.6885    0.7252    0.0128
...    93 C-G ...
  -67.4008   35.6042  -98.7609
    0.5778   -0.5618   -0.5921
   -0.3960    0.4414   -0.8052
    0.7137    0.6997    0.0326
...    94 C-G ...
  -64.6924   37.6599  -98.7039
    0.2164   -0.2397   -0.9464
   -0.6190    0.7160   -0.3229
    0.7550    0.6557    0.0066
...    95 T-A ...
  -61.9453   39.5851  -98.7689
   -0.1791    0.1913   -0.9651
   -0.6179    0.7415    0.2616
    0.7656    0.6431   -0.0146
...    96 C-G ...
  -59.3403   41.6460  -98.8531
   -0.5182    0.6120   -0.5974
   -0.3834    0.4581    0.8019
    0.7645    0.6446   -0.0027
...    97 A-T ...
  -56.8342   43.8460  -98.4990
   -0.6932    0.7207    0.0094
    0.0018   -0.0113    0.9999
    0.7208    0.6932    0.0065
...    98 T-A ...
  -54.6060   46.2065  -99.1170
   -0.5924    0.6080    0.5285
    0.3516   -0.3951    0.8487
    0.7248    0.6886    0.0203
...    99 G-C ...
  -52.1393   48.4708  -98.8034
   -0.3654    0.1791    0.9134
    0.6365   -0.6679    0.3856
    0.6792    0.7223    0.1300
...   100 T-A ...
  -50.3953   51.2369  -98.3725
   -0.0111   -0.2462    0.9692
    0.7359   -0.6582   -0.1588
    0.6770    0.7114    0.1885
...   101 T-A ...
  -48.3370   53.6176  -97.6205
    0.3845   -0.6095    0.6933
    0.6196   -0.3864   -0.6832
    0.6843    0.6923    0.2291
...   102 A-T ...
  -45.8764   55.7635  -96.8275
    0.6228   -0.7736    0.1171
    0.2970    0.0953   -0.9501
    0.7238    0.6265    0.2891
...   103 T-A ...
  -43.6060   57.5503  -95.2371
    0.6869   -0.6116   -0.3925
   -0.0574    0.4927   -0.8683
    0.7245    0.6190    0.3034
...   104 A-T ...
  -41.2878   59.9765  -94.5706
    0.5124   -0.1011   -0.8528
   -0.4894    0.7816   -0.3867
    0.7057    0.6155    0.3510
...   105 A-T ...
  -38.8070   61.7262  -93.3483
    0.1591    0.4233   -0.8919
   -0.7061    0.6802    0.1969
    0.6900    0.5985    0.4071
...   106 C-G ...
  -36.0563   63.3596  -92.2759
   -0.2472    0.7318   -0.6351
   -0.6807    0.3353    0.6513
    0.6896    0.5933    0.4153
...   107 G-C ...
  -34.0045   65.3286  -90.4398
   -0.6478    0.7443   -0.1626
   -0.4205   -0.1714    0.8910
    0.6353    0.6455    0.4240
...   108 G-C ...
  -31.7016   67.5022  -89.2088
   -0.8227    0.4653    0.3266
    0.0001   -0.5743    0.8186
    0.5685    0.6735    0.4724
...   109 A-T ...
  -29.7801   69.7150  -87.7390
   -0.6960   -0.0047    0.7181
    0.4783   -0.7489    0.4587
    0.5356    0.6627    0.5234
...   110 G-C ...
  -28.2588   72.0776  -85.9931
   -0.3913   -0.4703    0.7910
    0.7763   -0.6302    0.0094
    0.4941    0.6178    0.6117
...   111 G-C ...
  -26.9425   74.1601  -83.6962
    0.0313   -0.8088    0.5873
    0.8835   -0.2524   -0.3946
    0.4674    0.5312    0.7067
...   112 C-G ...
  -25.7938   75.7033  -81.0057
    0.4782   -0.8480    0.2283
    0.7430    0.2520   -0.6201
    0.4683    0.4662    0.7506
...   113 T-A ...
  -24.3373   76.8864  -78.2704
    0.7721   -0.6064   -0.1901
    0.4001    0.6962   -0.5960
    0.4938    0.3841    0.7802
...   114 C-G ...
  -22.5421   77.9312  -75.7105
    0.8547   -0.0665   -0.5149
   -0.1250    0.9362   -0.3285
    0.5039    0.3452    0.7918
...   115 G-C ...
  -20.7851   79.5116  -73.2873
    0.5975    0.4849   -0.6387
   -0.5736    0.8150    0.0821
    0.5604    0.3172    0.7651
...   116 T-A ...
  -18.4691   80.1393  -70.9097
    0.1932    0.8562   -0.4791
   -0.8099    0.4148    0.4148
    0.5539    0.3079    0.7736
...   117 A-T ...
  -17.1881   81.0110  -67.8229
   -0.3646    0.9311    0.0025
   -0.7544   -0.2970    0.5855
    0.5459    0.2116    0.8107
...   118 T-A ...
  -14.9710   82.0117  -65.5705
   -0.6994    0.6404    0.3173
   -0.4639   -0.7445    0.4801
    0.5437    0.1886    0.8178
...   119 A-T ...
  -13.1766   82.3832  -62.7414
   -0.8692    0.0285    0.4936
    0.0617   -0.9843    0.1655
    0.4906    0.1744    0.8538
...   120 A-T ...
  -11.6861   83.1021  -59.9609
   -0.6986   -0.5490    0.4589
    0.5487   -0.8227   -0.1489
    0.4593    0.1478    0.8759
...   121 T-A ...
  -10.7149   83.9550  -56.9619
   -0.3425   -0.8960    0.2828
    0.8316   -0.4291   -0.3526
    0.4373    0.1144    0.8920
...   122 G-C ...
   -9.1893   83.9458  -53.9582
    0.1382   -0.9859   -0.0942
    0.9043    0.1644   -0.3939
    0.4038   -0.0307    0.9143
...   123 T-A ...
   -8.3692   83.4160  -50.8031
    0.5855   -0.7419   -0.3266
    0.7032    0.6653   -0.2508
    0.4034   -0.0828    0.9113
...   124 G-C ...
   -6.6375   83.1709  -47.9331
    0.8642   -0.1863   -0.4673
    0.2396    0.9692    0.0568
    0.4424   -0.1611    0.8823
...   125 T-A ...
   -5.1086   81.9936  -45.1782
    0.8567    0.3766   -0.3525
   -0.2677    0.9087    0.3204
    0.4410   -0.1802    0.8793
...   126 C-G ...
   -3.5427   81.3260  -42.3201
    0.5157    0.8550   -0.0546
   -0.7412    0.4771    0.4722
    0.4298   -0.2030    0.8798
...   127 G-C ...
   -2.5792   80.6934  -39.1281
   -0.0499    0.9785    0.2000
   -0.9085   -0.1277    0.3979
    0.4149   -0.1618    0.8954
...   128 A-T ...
   -1.1055   80.0170  -36.2400
   -0.6015    0.6972    0.3900
   -0.7006   -0.6949    0.1618
    0.3839   -0.1759    0.9065
...   129 C-G ...
    0.4821   79.9269  -33.3200
   -0.8984    0.2171    0.3818
   -0.2701   -0.9586   -0.0906
    0.3463   -0.1845    0.9198
...   130 C-G ...
    1.7022   79.5771  -30.1749
   -0.9341   -0.3225    0.1530
    0.2688   -0.9176   -0.2929
    0.2349   -0.2325    0.9438
...   131 A-T ...
    2.4450   78.6227  -27.0282
   -0.6431   -0.7423   -0.1882
    0.7578   -0.5816   -0.2958
    0.1101   -0.3328    0.9365
...   132 A-T ...
    2.5683   77.5016  -24.0032
   -0.1031   -0.9203   -0.3773
    0.9918   -0.0664   -0.1090
    0.0753   -0.3855    0.9196
...   133 A-T ...
    2.5991   76.0922  -21.0896
    0.4837   -0.7784   -0.4002
    0.8733    0.4599    0.1609
    0.0588   -0.4273    0.9022
...   134 T-A ...
    2.3093   74.2287  -18.3854
    0.8657   -0.4292   -0.2574
    0.4984    0.7868    0.3642
    0.0462   -0.4436    0.8950
...   135 G-C ...
    1.4370   72.0948  -15.6002
    0.9809    0.0621    0.1844
   -0.1263    0.9241    0.3606
   -0.1480   -0.3770    0.9143
...   136 T-A ...
    0.5300   69.2373  -13.4652
    0.7353    0.4962    0.4617
   -0.6117    0.7791    0.1369
   -0.2918   -0.3831    0.8764
...   137 G-C ...
   -0.1631   67.4090  -10.8055
    0.1799    0.8794    0.4409
   -0.9276    0.3008   -0.2216
   -0.3275   -0.3691    0.8698
...   138 A-T ...
   -0.1294   66.2154   -7.8181
   -0.3749    0.8569    0.3537
   -0.8857   -0.2184   -0.4097
   -0.2739   -0.4669    0.8408
...   139 G-C ...
   -1.0031   65.6050   -4.9384
   -0.8337    0.5216    0.1812
   -0.5170   -0.6221   -0.5880
   -0.1940   -0.5840    0.7883
...   140 C-G ...
   -0.6941   63.8984   -2.2497
   -0.9992    0.0157   -0.0376
    0.0023   -0.8992   -0.4375
   -0.0406   -0.4373    0.8984
...   141 G-C ...
   -3.4331   60.2357    1.0302
   -0.4426    0.2288   -0.8671
    0.1684   -0.9285   -0.3310
   -0.8808   -0.2925    0.3724
...   142 C-G ...
   -6.3247   59.0804    1.6314
   -0.2968   -0.3279   -0.8969
    0.5658   -0.8170    0.1115
   -0.7693   -0.4743    0.4280
...   143 T-A ...
   -8.6732   58.7216    3.6047
   -0.0344   -0.7815   -0.6229
    0.6534   -0.4892    0.5777
   -0.7562   -0.3872    0.5275
...   144 C-G ...
  -11.6514   58.0074    4.7219
    0.2453   -0.9542   -0.1714
    0.6321    0.0234    0.7745
   -0.7350   -0.2984    0.6089
...   145 A-T ...
  -14.1726   56.5626    6.1819
    0.5795   -0.7268    0.3686
    0.3140    0.6165    0.7220
   -0.7520   -0.3027    0.5855
...   146 C-G ...
  -16.4615   53.8913    7.5169
    0.5336   -0.3333    0.7773
   -0.0346    0.9097    0.4138
   -0.8450   -0.2477    0.4739
...   147 A-T ...
  -19.0125   52.0327    8.9268
    0.2451    0.2906    0.9249
   -0.3073    0.9281   -0.2101
   -0.9195   -0.2327    0.3168
