  147 base-pairs
...     1 A-T ...
    0.0000    0.0000    0.0000
    1.0000    0.0000    0.0000
    0.0000    1.0000    0.0000
    0.0000    0.0000    1.0000
...     2 G-C ...
   -0.1404   -1.2353    3.2259
    0.7530    0.6366    0.1668
   -0.6385    0.7681   -0.0490
   -0.1593   -0.0696    0.9848
...     3 T-A ...
   -0.0377   -3.2918    6.3749
    0.2722    0.9302    0.2464
   -0.9238    0.3243   -0.2034
   -0.2691   -0.1722    0.9476
...     4 G-C ...
   -0.3520   -4.1638    9.4928
   -0.3756    0.9250    0.0576
   -0.8780   -0.3352   -0.3416
   -0.2967   -0.1788    0.9381
...     5 A-T ...
   -0.4480   -4.1448   12.7498
   -0.8116    0.5839   -0.0166
   -0.5522   -0.7762   -0.3042
   -0.1905   -0.2377    0.9525
...     6 G-C ...
   -1.5926   -4.1701   15.6201
   -0.9976    0.0246   -0.0651
   -0.0043   -0.9555   -0.2950
   -0.0694   -0.2940    0.9533
...     7 C-G ...
   -1.1050   -4.4793   18.7363
   -0.8442   -0.5302   -0.0787
    0.5343   -0.8442   -0.0430
   -0.0437   -0.0784    0.9960
...     8 G-C ...
   -2.4044   -7.7255   23.1483
   -0.2753   -0.3294   -0.9032
    0.6650   -0.7437    0.0686
   -0.6943   -0.5817    0.4238
...     9 C-G ...
   -4.4706   -9.9691   24.1142
    0.1145   -0.7026   -0.7023
    0.8512   -0.2951    0.4341
   -0.5123   -0.6475    0.5642
...    10 T-A ...
   -6.7420  -10.8705   25.9717
    0.4841   -0.8363   -0.2573
    0.6594    0.1554    0.7356
   -0.5752   -0.5257    0.6267
...    11 C-G ...
   -9.1682  -12.6167   27.1662
    0.7073   -0.6683    0.2306
    0.3450    0.6110    0.7125
   -0.6170   -0.4243    0.6627
...    12 A-T ...
  -10.9253  -14.6583   29.0713
    0.7515   -0.1377    0.6452
   -0.2027    0.8824    0.4245
   -0.6278   -0.4498    0.6352
...    13 C-G ...
  -11.8495  -17.4796   31.2472
    0.4294    0.2824    0.8578
   -0.5708    0.8209    0.0155
   -0.6998   -0.4963    0.5137
...    14 A-T ...
  -13.5915  -19.7756   33.4284
   -0.1503    0.6106    0.7775
   -0.6874    0.5007   -0.5261
   -0.7106   -0.6135    0.3445
...    15 A-T ...
  -15.6926  -21.9224   34.6940
   -0.5429    0.7671    0.3418
   -0.4455    0.0819   -0.8915
   -0.7119   -0.6363    0.2973
...    16 T-A ...
  -17.7881  -23.9127   36.2665
   -0.6853    0.7109   -0.1582
   -0.0956   -0.3031   -0.9482
   -0.7220   -0.6346    0.2757
...    17 T-A ...
  -20.1408  -25.8599   37.3148
   -0.5825    0.4561   -0.6728
    0.3121   -0.6388   -0.7032
   -0.7505   -0.6196    0.2298
...    18 T-A ...
  -22.6781  -27.6902   38.0699
   -0.2562    0.0786   -0.9634
    0.5742   -0.7894   -0.2171
   -0.7776   -0.6088    0.1571
...    19 A-T ...
  -25.5626  -29.3765   38.1583
    0.2449   -0.2058   -0.9475
    0.5693   -0.7605    0.3123
   -0.7848   -0.6158   -0.0691
...    20 T-A ...
  -28.3660  -30.9014   37.4832
    0.5233   -0.5333   -0.6646
    0.3524   -0.5747    0.7386
   -0.7758   -0.6208   -0.1128
...    21 T-A ...
  -30.8832  -32.8242   36.8052
    0.6359   -0.7606   -0.1311
   -0.0310   -0.1948    0.9803
   -0.7712   -0.6193   -0.1475
...    22 C-G ...
  -33.2170  -35.0499   36.1725
    0.4932   -0.7296    0.4738
   -0.4355    0.2644    0.8605
   -0.7531   -0.6307   -0.1874
...    23 G-C ...
  -35.8545  -37.1111   35.9861
    0.1724   -0.4244    0.8889
   -0.6787    0.6028    0.4194
   -0.7138   -0.6757   -0.1841
...    24 C-G ...
  -37.9680  -39.6190   35.2977
   -0.2358   -0.0123    0.9717
   -0.6566    0.7392   -0.1499
   -0.7165   -0.6734   -0.1824
...    25 A-T ...
  -40.4917  -41.5972   34.4342
   -0.5441    0.4591    0.7023
   -0.3752    0.6155   -0.6931
   -0.7504   -0.6406   -0.1626
...    26 A-T ...
  -42.8311  -43.8299   34.0868
   -0.6692    0.7224    0.1739
    0.0328    0.2625   -0.9644
   -0.7423   -0.6397   -0.1994
...    27 A-T ...
  -45.2782  -45.8997   33.6388
   -0.5097    0.7649   -0.3938
    0.4194   -0.1787   -0.8900
   -0.7512   -0.6188   -0.2298
...    28 G-C ...
  -47.9406  -47.7293   33.0157
   -0.1292    0.6312   -0.7648
    0.6247   -0.5472   -0.5571
   -0.7701   -0.5498   -0.3236
...    29 G-C ...
  -50.7338  -49.1680   31.8294
    0.3257    0.3185   -0.8902
    0.5686   -0.8183   -0.0847
   -0.7554   -0.4786   -0.4476
...    30 C-G ...
  -53.3009  -50.2166   30.0600
    0.6354   -0.1327   -0.7607
    0.2721   -0.8834    0.3815
   -0.7226   -0.4494   -0.5252
...    31 C-G ...
  -55.4207  -51.5373   27.7834
    0.7437   -0.5481   -0.3827
   -0.1679   -0.7073    0.6867
   -0.6470   -0.4465   -0.6181
...    32 G-C ...
  -57.3400  -53.5011   25.8276
    0.5623   -0.8180    0.1214
   -0.6196   -0.3195    0.7170
   -0.5477   -0.4783   -0.6865
...    33 G-C ...
  -58.7973  -55.3112   23.3432
    0.1382   -0.8392    0.5260
   -0.8539    0.1681    0.4926
   -0.5018   -0.5172   -0.6933
...    34 C-G ...
  -60.1302  -57.2264   20.9270
   -0.3678   -0.5964    0.7134
   -0.7869    0.6085    0.1030
   -0.4955   -0.5235   -0.6931
...    35 C-G ...
  -61.6177  -59.1829   18.5812
   -0.7268   -0.1283    0.6747
   -0.4383    0.8430   -0.3119
   -0.5287   -0.5224   -0.6689
...    36 C-G ...
  -63.2463  -61.1747   16.3639
   -0.8097    0.3965    0.4327
    0.0536    0.7842   -0.6182
   -0.5845   -0.4773   -0.6562
...    37 G-C ...
  -64.9662  -62.5294   13.8015
   -0.5593    0.8232    0.0981
    0.5198    0.4404   -0.7320
   -0.6457   -0.3584   -0.6742
...    38 A-T ...
  -67.0816  -63.7444   11.6400
   -0.1070    0.9499   -0.2936
    0.7540   -0.1150   -0.6468
   -0.6481   -0.2905   -0.7039
...    39 C-G ...
  -69.6200  -64.3709    9.6851
    0.3411    0.7735   -0.5342
    0.6922   -0.5912   -0.4140
   -0.6361   -0.2285   -0.7370
...    40 A-T ...
  -71.6188  -64.9715    7.0606
    0.7557    0.3502   -0.5534
    0.3556   -0.9290   -0.1023
   -0.5500   -0.1195   -0.8266
...    41 C-G ...
  -73.3621  -64.6601    4.2868
    0.8562   -0.1773   -0.4852
   -0.1089   -0.9801    0.1660
   -0.5050   -0.0893   -0.8585
...    42 G-C ...
  -74.7307  -65.3708    1.2918
    0.6910   -0.6874   -0.2238
   -0.6134   -0.7213    0.3216
   -0.3825   -0.0849   -0.9200
...    43 A-T ...
  -75.7836  -65.6789   -1.8271
    0.1830   -0.9830    0.0136
   -0.9174   -0.1658    0.3617
   -0.3533   -0.0787   -0.9322
...    44 C-G ...
  -76.3190  -66.0337   -5.1311
   -0.3428   -0.9186    0.1969
   -0.8760    0.3882    0.2863
   -0.3394   -0.0743   -0.9377
...    45 T-A ...
  -77.2216  -66.5279   -8.3122
   -0.7606   -0.5564    0.3345
   -0.5480    0.8265    0.1285
   -0.3480   -0.0856   -0.9336
...    46 T-A ...
  -78.1473  -67.0372  -11.4020
   -0.9505    0.0327    0.3090
    0.0134    0.9978   -0.0643
   -0.3105   -0.0570   -0.9489
...    47 A-T ...
  -78.9762  -66.9003  -14.6668
   -0.7258    0.6510    0.2225
    0.6140    0.7588   -0.2172
   -0.3102   -0.0210   -0.9504
...    48 C-G ...
  -80.4540  -67.2910  -17.5868
   -0.2783    0.9528    0.1217
    0.9059    0.3024   -0.2964
   -0.3192    0.0277   -0.9473
...    49 T-A ...
  -81.7953  -67.0417  -20.5982
    0.2718    0.9615    0.0414
    0.9112   -0.2433   -0.3325
   -0.3096    0.1281   -0.9422
...    50 G-C ...
  -82.5930  -66.3476  -23.7840
    0.7733    0.6340   -0.0119
    0.5926   -0.7292   -0.3422
   -0.2256    0.2576   -0.9396
...    51 T-A ...
  -83.4068  -64.8824  -26.6103
    0.9796    0.1449   -0.1396
    0.0957   -0.9458   -0.3104
   -0.1770    0.2907   -0.9403
...    52 A-T ...
  -83.7851  -63.9796  -29.8137
    0.8510   -0.4671   -0.2400
   -0.5158   -0.8294   -0.2146
   -0.0988    0.3064   -0.9467
...    53 G-C ...
  -83.7651  -62.7803  -32.9263
    0.4402   -0.8529   -0.2809
   -0.8967   -0.4340   -0.0872
   -0.0475    0.2902   -0.9558
...    54 G-C ...
  -83.5378  -61.9228  -36.2085
   -0.1365   -0.9613   -0.2391
   -0.9905    0.1284    0.0495
   -0.0169    0.2436   -0.9697
...    55 T-A ...
  -82.9965  -61.3518  -39.4805
   -0.6510   -0.7378   -0.1784
   -0.7589    0.6275    0.1739
   -0.0164    0.2486   -0.9685
...    56 A-T ...
  -83.1867  -59.9147  -42.5783
   -0.9900   -0.1206   -0.0732
   -0.1367    0.9483    0.2863
    0.0349    0.2935   -0.9553
...    57 T-A ...
  -83.1191  -59.5986  -45.8715
   -0.9172    0.3905    0.0787
    0.3954    0.8687    0.2984
    0.0482    0.3048   -0.9512
...    58 C-G ...
  -82.9607  -58.6618  -49.0260
   -0.5006    0.8171    0.2859
    0.8649    0.4582    0.2048
    0.0364    0.3498   -0.9361
...    59 T-A ...
  -83.1619  -57.4414  -52.1034
    0.0360    0.9006    0.4332
    0.9990   -0.0441    0.0088
    0.0271    0.4325   -0.9012
...    60 C-G ...
  -83.1118  -55.9012  -54.9896
    0.6140    0.6721    0.4139
    0.7876   -0.5564   -0.2647
    0.0524    0.4886   -0.8710
...    61 G-C ...
  -82.4827  -54.2787  -57.8822
    0.9343    0.1730    0.3116
    0.3177   -0.8006   -0.5080
    0.1616    0.5737   -0.8030
...    62 A-T ...
  -81.7750  -52.2937  -60.4106
    0.9328   -0.3596   -0.0237
   -0.2949   -0.7238   -0.6239
    0.2072    0.5889   -0.7812
...    63 G-C ...
  -80.7990  -50.1848  -62.8058
    0.6120   -0.7215   -0.3238
   -0.7460   -0.3909   -0.5391
    0.2623    0.5715   -0.7775
...    64 C-G ...
  -79.4711  -48.3278  -65.2598
    0.0809   -0.8265   -0.5572
   -0.9539    0.0979   -0.2838
    0.2891    0.5544   -0.7804
...    65 T-A ...
  -78.1972  -46.6629  -67.8705
   -0.4648   -0.6467   -0.6048
   -0.8349    0.5475    0.0563
    0.2947    0.5311   -0.7944
...    66 C-G ...
  -77.1336  -44.9626  -70.5086
   -0.8785   -0.1792   -0.4429
   -0.3807    0.8227    0.4222
    0.2887    0.5395   -0.7909
...    67 G-C ...
  -76.1688  -42.7561  -72.8845
   -0.9597    0.2776   -0.0426
    0.1946    0.7667    0.6118
    0.2025    0.5788   -0.7899
...    68 G-C ...
  -75.5402  -40.9823  -75.7000
   -0.7064    0.5998    0.3757
    0.6930    0.4780    0.5397
    0.1441    0.6416   -0.7534
...    69 G-C ...
  -75.3012  -38.8769  -78.3291
   -0.2248    0.6897    0.6883
    0.9675    0.0740    0.2418
    0.1158    0.7203   -0.6839
...    70 A-T ...
  -74.9936  -36.4665  -80.5175
    0.3781    0.5535    0.7420
    0.9169   -0.3346   -0.2176
    0.1278    0.7626   -0.6341
...    71 T-A ...
  -75.0802  -33.6811  -82.2389
    0.7864    0.2876    0.5467
    0.6013   -0.5592   -0.5707
    0.1416    0.7775   -0.6127
...    72 C-G ...
  -74.4655  -31.0370  -84.0740
    0.9829   -0.1310    0.1292
    0.0272   -0.5913   -0.8060
    0.1820    0.7957   -0.5777
...    73 C-G ...
  -73.4338  -28.2820  -85.7574
    0.8175   -0.4906   -0.3018
   -0.5101   -0.3733   -0.7749
    0.2675    0.7874   -0.5553
...    74 G-C ...
  -72.6066  -25.8918  -87.9984
    0.3513   -0.6658   -0.6582
   -0.8710    0.0255   -0.4907
    0.3435    0.7457   -0.5710
...    75 C-G ...
  -71.0599  -23.5506  -89.8361
   -0.2068   -0.5471   -0.8111
   -0.9128    0.4064   -0.0413
    0.3522    0.7318   -0.5834
...    76 T-A ...
  -69.6510  -21.3194  -91.8955
   -0.6841   -0.2529   -0.6841
   -0.6466    0.6444    0.4083
    0.3376    0.7217   -0.6043
...    77 T-A ...
  -68.3600  -19.1507  -93.9634
   -0.9246    0.1944   -0.3276
   -0.1274    0.6527    0.7468
    0.3590    0.7323   -0.5787
...    78 T-A ...
  -67.1704  -16.9281  -96.0205
   -0.8250    0.5391    0.1699
    0.4294    0.4023    0.8085
    0.3675    0.7400   -0.5634
...    79 A-T ...
  -65.8622  -14.3720  -97.7624
   -0.4240    0.6112    0.6684
    0.8436   -0.0022    0.5370
    0.3297    0.7915   -0.5146
...    80 A-T ...
  -65.0004  -11.7406  -99.4419
    0.1246    0.4717    0.8729
    0.9365   -0.3465    0.0536
    0.3278    0.8108   -0.4849
...    81 C-G ...
  -64.4742   -8.7884 -100.8163
    0.5851    0.1759    0.7916
    0.7363   -0.5243   -0.4277
    0.3398    0.8332   -0.4363
...    82 A-T ...
  -63.0987   -6.0639 -102.2157
    0.8613   -0.2489    0.4429
    0.2867   -0.4816   -0.8282
    0.4195    0.8403   -0.3435
...    83 C-G ...
  -61.6710   -3.0911 -102.6917
    0.8708   -0.4875   -0.0635
   -0.2078   -0.2480   -0.9462
    0.4455    0.8372   -0.3173
...    84 T-A ...
  -59.9090   -0.3604 -103.4637
    0.5973   -0.5715   -0.5627
   -0.6330    0.0949   -0.7683
    0.4925    0.8151   -0.3050
...    85 T-A ...
  -58.0919    2.2468 -104.2256
    0.1268   -0.3637   -0.9229
   -0.8671    0.4112   -0.2811
    0.4817    0.8359   -0.2632
...    86 T-A ...
  -56.2513    4.8399 -104.9870
   -0.3915   -0.0066   -0.9202
   -0.7805    0.5321    0.3282
    0.4875    0.8466   -0.2135
...    87 A-T ...
  -54.8559    7.9495 -105.2460
   -0.7909    0.3800   -0.4796
   -0.3426    0.3745    0.8616
    0.5070    0.8458   -0.1660
...    88 T-A ...
  -53.1110   10.5040 -106.4143
   -0.8528    0.5209    0.0380
    0.1117    0.1109    0.9875
    0.5102    0.8464   -0.1528
...    89 G-C ...
  -51.4377   13.4033 -106.6828
   -0.6832    0.3886    0.6182
    0.5904   -0.2041    0.7809
    0.4297    0.8985   -0.0900
...    90 C-G ...
  -50.3864   16.5081 -107.2120
   -0.2718    0.1498    0.9506
    0.8719   -0.3797    0.3092
    0.4073    0.9129   -0.0274
...    91 T-A ...
  -49.3489   19.6581 -107.1417
    0.2031   -0.1594    0.9661
    0.8955   -0.3688   -0.2491
    0.3960    0.9157    0.0678
...    92 T-A ...
  -48.2280   22.6737 -106.7556
    0.6715   -0.3660    0.6443
    0.6227   -0.1926   -0.7584
    0.4017    0.9105    0.0986
...    93 C-G ...
  -46.7893   25.5838 -106.2348
    0.8986   -0.4349    0.0584
    0.1123    0.0994   -0.9887
    0.4242    0.8950    0.1382
...    94 C-G ...
  -45.0179   28.3935 -105.5337
    0.7803   -0.3506   -0.5179
   -0.3895    0.3756   -0.8410
    0.4893    0.8579    0.1565
...    95 G-C ...
  -43.4735   31.4104 -105.4477
    0.3740   -0.1062   -0.9213
   -0.7501    0.5495   -0.3679
    0.5454    0.8287    0.1259
...    96 G-C ...
  -41.3925   34.0730 -105.0540
   -0.1456    0.1901   -0.9709
   -0.8237    0.5203    0.2254
    0.5480    0.8326    0.0809
...    97 C-G ...
  -39.2588   36.6658 -104.9378
   -0.6006    0.4314   -0.6731
   -0.6012    0.3114    0.7360
    0.5271    0.8467    0.0723
...    98 T-A ...
  -37.4326   39.4683 -104.9825
   -0.8581    0.4875   -0.1612
   -0.1759    0.0159    0.9843
    0.4824    0.8730    0.0721
...    99 C-G ...
  -35.8045   42.3334 -104.8089
   -0.8134    0.3571    0.4592
    0.3696   -0.2924    0.8820
    0.4493    0.8871    0.1058
...   100 T-A ...
  -34.5804   45.4148 -104.5876
   -0.5242    0.0625    0.8493
    0.7554   -0.4265    0.4975
    0.3933    0.9023    0.1764
...   101 C-G ...
  -33.3904   48.3944 -103.9242
   -0.0009   -0.2620    0.9651
    0.9267   -0.3629   -0.0977
    0.3759    0.8942    0.2431
...   102 A-T ...
  -31.9743   51.2863 -102.9525
    0.4820   -0.5313    0.6967
    0.7825   -0.0967   -0.6151
    0.3942    0.8416    0.3691
...   103 T-A ...
  -31.1125   53.9368 -101.2058
    0.8122   -0.5134    0.2769
    0.4294    0.2048   -0.8796
    0.3949    0.8334    0.3868
...   104 G-C ...
  -29.4716   56.6652 -100.1430
    0.8800   -0.3424   -0.3291
   -0.1150    0.5186   -0.8472
    0.4608    0.7835    0.4170
...   105 T-A ...
  -27.6680   58.8425  -98.3327
    0.6747   -0.0024   -0.7381
   -0.5707    0.6325   -0.5237
    0.4681    0.7746    0.4254
...   106 T-A ...
  -25.9543   61.1557  -96.7742
    0.2246    0.4251   -0.8768
   -0.8679    0.4964    0.0184
    0.4431    0.7569    0.4804
...   107 A-T ...
  -25.0821   63.8200  -94.7528
   -0.3931    0.7109   -0.5832
   -0.8075    0.0364    0.5887
    0.4397    0.7024    0.5598
...   108 T-A ...
  -23.1749   66.1747  -93.3988
   -0.7521    0.6345   -0.1784
   -0.4889   -0.3556    0.7966
    0.4420    0.6863    0.5777
...   109 A-T ...
  -21.7096   68.2609  -91.1716
   -0.9071    0.2389    0.3465
    0.0914   -0.6917    0.7164
    0.4108    0.6815    0.6056
...   110 A-T ...
  -20.4672   70.6044  -89.3074
   -0.6993   -0.2287    0.6773
    0.5982   -0.7059    0.3793
    0.3913    0.6704    0.6304
...   111 C-G ...
  -19.7106   73.1409  -87.3487
   -0.2949   -0.6092    0.7361
    0.8849   -0.4648   -0.0302
    0.3606    0.6425    0.6761
...   112 G-C ...
  -18.2455   74.9797  -84.9040
    0.2062   -0.8513    0.4824
    0.9196    0.0002   -0.3928
    0.3343    0.5246    0.7829
...   113 G-C ...
  -17.2563   76.3501  -81.9688
    0.6522   -0.7505    0.1063
    0.6700    0.5052   -0.5440
    0.3546    0.4260    0.8323
...   114 A-T ...
  -15.9870   77.5510  -79.1556
    0.9197   -0.2925   -0.2619
    0.1471    0.8752   -0.4609
    0.3640    0.3854    0.8479
...   115 G-C ...
  -14.6559   78.5168  -76.2325
    0.8357    0.2390   -0.4945
   -0.3807    0.9010   -0.2079
    0.3959    0.3620    0.8439
...   116 T-A ...
  -12.9323   79.2121  -73.4132
    0.4895    0.7019   -0.5174
   -0.7781    0.6195    0.1042
    0.3936    0.3516    0.8494
...   117 A-T ...
  -12.3985   80.4646  -70.1958
   -0.1558    0.9679   -0.1972
   -0.9183   -0.0684    0.3899
    0.3640    0.2418    0.8995
...   118 T-A ...
  -10.6223   81.4187  -67.5484
   -0.6108    0.7894    0.0622
   -0.7029   -0.5767    0.4164
    0.3645    0.2106    0.9071
...   119 A-T ...
   -9.5169   81.6448  -64.3270
   -0.9241    0.2142    0.3165
   -0.1400   -0.9604    0.2410
    0.3556    0.1784    0.9175
...   120 A-T ...
   -8.3915   82.3974  -61.3763
   -0.8390   -0.3951    0.3741
    0.4254   -0.9050   -0.0019
    0.3393    0.1575    0.9274
...   121 T-A ...
   -7.7358   83.3787  -58.3193
   -0.5100   -0.8104    0.2883
    0.7982   -0.5708   -0.1924
    0.3205    0.1320    0.9380
...   122 G-C ...
   -6.5892   83.4744  -55.1435
    0.0110   -0.9999   -0.0066
    0.9609    0.0124   -0.2765
    0.2765   -0.0033    0.9610
...   123 T-A ...
   -6.2458   83.1275  -51.8759
    0.5170   -0.8323   -0.2000
    0.8096    0.5514   -0.2013
    0.2779   -0.0579    0.9589
...   124 G-C ...
   -4.9020   82.9097  -48.7884
    0.8778   -0.3225   -0.3542
    0.3537    0.9350    0.0252
    0.3231   -0.1474    0.9348
...   125 T-A ...
   -3.8015   81.7661  -45.8319
    0.9256    0.2505   -0.2836
   -0.1848    0.9533    0.2389
    0.3302   -0.1687    0.9287
...   126 C-G ...
   -2.5633   81.1532  -42.8029
    0.6130    0.7884   -0.0520
   -0.7191    0.5840    0.3765
    0.3272   -0.1934    0.9250
...   127 G-C ...
   -1.8966   80.6982  -39.4902
    0.0378    0.9870    0.1562
   -0.9416   -0.0172    0.3362
    0.3345   -0.1598    0.9288
...   128 A-T ...
   -0.6897   80.0473  -36.4589
   -0.5578    0.7600    0.3337
   -0.7680   -0.6250    0.1398
    0.3149   -0.1783    0.9322
...   129 C-G ...
    0.7362   79.9145  -33.4299
   -0.8960    0.2920    0.3347
   -0.3373   -0.9376   -0.0849
    0.2890   -0.1889    0.9385
...   130 C-G ...
    1.8234   79.5107  -30.2287
   -0.9553   -0.2671    0.1266
    0.2254   -0.9353   -0.2727
    0.1912   -0.2319    0.9537
...   131 A-T ...
    2.5206   78.5171  -27.0756
   -0.6624   -0.7243   -0.1912
    0.7443   -0.6074   -0.2776
    0.0849   -0.3261    0.9415
...   132 A-T ...
    2.5979   77.4378  -24.0293
   -0.1144   -0.9227   -0.3682
    0.9917   -0.0840   -0.0976
    0.0592   -0.3763    0.9246
...   133 A-T ...
    2.6094   76.0730  -21.0945
    0.4808   -0.7838   -0.3930
    0.8754    0.4548    0.1638
    0.0504   -0.4228    0.9048
...   134 T-A ...
    2.3094   74.2288  -18.3853
    0.8657   -0.4292   -0.2574
    0.4984    0.7868    0.3642
    0.0462   -0.4436    0.8950
...   135 G-C ...
    1.4370   72.0950  -15.6002
    0.9809    0.0621    0.1844
   -0.1263    0.9241    0.3606
   -0.1480   -0.3770    0.9143
...   136 T-A ...
    0.5300   69.2374  -13.4651
    0.7353    0.4962    0.4617
   -0.6117    0.7791    0.1369
   -0.2918   -0.3831    0.8764
...   137 G-C ...
   -0.1630   67.4091  -10.8054
    0.1799    0.8794    0.4409
   -0.9276    0.3008   -0.2216
   -0.3275   -0.3691    0.8698
...   138 A-T ...
   -0.1294   66.2155   -7.8180
   -0.3749    0.8569    0.3537
   -0.8857   -0.2184   -0.4097
   -0.2739   -0.4669    0.8408
...   139 G-C ...
   -1.0031   65.6051   -4.9383
   -0.8337    0.5216    0.1812
   -0.5170   -0.6221   -0.5880
   -0.1940   -0.5840    0.7883
...   140 C-G ...
   -0.6940   63.8985   -2.2497
   -0.9992    0.0157   -0.0376
    0.0023   -0.8992   -0.4375
   -0.0406   -0.4373    0.8984
...   141 G-C ...
   -3.4331   60.2358    1.0303
   -0.4426    0.2288   -0.8671
    0.1684   -0.9285   -0.3310
   -0.8808   -0.2925    0.3724
...   142 C-G ...
   -6.3247   59.0805    1.6314
   -0.2968   -0.3279   -0.8969
    0.5658   -0.8170    0.1115
   -0.7693   -0.4743    0.4280
...   143 T-A ...
   -8.6731   58.7217    3.6047
   -0.0344   -0.7815   -0.6229
    0.6534   -0.4892    0.5777
   -0.7562   -0.3872    0.5275
...   144 C-G ...
  -11.6514   58.0075    4.7219
    0.2453   -0.9542   -0.1714
    0.6321    0.0234    0.7745
   -0.7350   -0.2984    0.6089
...   145 A-T ...
  -14.1725   56.5627    6.1819
    0.5795   -0.7268    0.3686
    0.3140    0.6165    0.7220
   -0.7520   -0.3027    0.5855
...   146 C-G ...
  -16.4614   53.8914    7.5170
    0.5336   -0.3333    0.7773
   -0.0346    0.9097    0.4138
   -0.8450   -0.2477    0.4739
...   147 A-T ...
  -19.0124   52.0329    8.9268
    0.2451    0.2906    0.9249
   -0.3073    0.9281   -0.2101
   -0.9195   -0.2327    0.3168
