  147 base-pairs
...     1 A-T ...
    0.0000    0.0000    0.0000
    1.0000    0.0000    0.0000
    0.0000    1.0000    0.0000
    0.0000    0.0000    1.0000
...     2 G-C ...
   -0.1404   -1.2353    3.2259
    0.7530    0.6366    0.1668
   -0.6385    0.7681   -0.0490
   -0.1593   -0.0696    0.9848
...     3 T-A ...
   -0.0377   -3.2918    6.3749
    0.2722    0.9302    0.2464
   -0.9238    0.3243   -0.2034
   -0.2691   -0.1722    0.9476
...     4 G-C ...
   -0.3520   -4.1638    9.4928
   -0.3756    0.9250    0.0576
   -0.8780   -0.3352   -0.3416
   -0.2967   -0.1788    0.9381
...     5 A-T ...
   -0.4480   -4.1448   12.7498
   -0.8116    0.5839   -0.0166
   -0.5522   -0.7762   -0.3042
   -0.1905   -0.2377    0.9525
...     6 G-C ...
   -1.5926   -4.1701   15.6201
   -0.9976    0.0246   -0.0651
   -0.0043   -0.9555   -0.2950
   -0.0694   -0.2940    0.9533
...     7 C-G ...
   -1.1050   -4.4793   18.7363
   -0.8442   -0.5302   -0.0787
    0.5343   -0.8442   -0.0430
   -0.0437   -0.0784    0.9960
...     8 G-C ...
   -2.4044   -7.7255   23.1483
   -0.2753   -0.3294   -0.9032
    0.6650   -0.7437    0.0686
   -0.6943   -0.5817    0.4238
...     9 C-G ...
   -4.4706   -9.9691   24.1142
    0.1145   -0.7026   -0.7023
    0.8512   -0.2951    0.4341
   -0.5123   -0.6475    0.5642
...    10 T-A ...
   -6.7420  -10.8705   25.9717
    0.4841   -0.8363   -0.2573
    0.6594    0.1554    0.7356
   -0.5752   -0.5257    0.6267
...    11 C-G ...
   -9.1682  -12.6167   27.1662
    0.7073   -0.6683    0.2306
    0.3450    0.6110    0.7125
   -0.6170   -0.4243    0.6627
...    12 A-T ...
  -10.9253  -14.6583   29.0713
    0.7515   -0.1377    0.6452
   -0.2027    0.8824    0.4245
   -0.6278   -0.4498    0.6352
...    13 C-G ...
  -11.8495  -17.4796   31.2472
    0.4294    0.2824    0.8578
   -0.5708    0.8209    0.0155
   -0.6998   -0.4963    0.5137
...    14 A-T ...
  -13.5915  -19.7756   33.4284
   -0.1503    0.6106    0.7775
   -0.6874    0.5007   -0.5261
   -0.7106   -0.6135    0.3445
...    15 A-T ...
  -15.7275  -21.8920   34.6711
   -0.5278    0.7816    0.3324
   -0.4454    0.0784   -0.8919
   -0.7232   -0.6188    0.3068
...    16 T-A ...
  -17.8714  -23.7954   36.2616
   -0.6603    0.7309   -0.1724
   -0.1060   -0.3179   -0.9422
   -0.7435   -0.6039    0.2874
...    17 T-A ...
  -20.3171  -25.6204   37.3030
   -0.5529    0.4700   -0.6880
    0.2823   -0.6712   -0.6854
   -0.7840   -0.5732    0.2385
...    18 T-A ...
  -22.9662  -27.2889   38.0521
   -0.2404    0.0628   -0.9686
    0.5253   -0.8308   -0.1842
   -0.8163   -0.5531    0.1668
...    19 A-T ...
  -25.8758  -28.9262   38.1785
    0.2291   -0.3041   -0.9247
    0.5065   -0.7739    0.3801
   -0.8312   -0.5555   -0.0232
...    20 T-A ...
  -28.8143  -30.2684   37.6165
    0.4690   -0.6448   -0.6036
    0.2980   -0.5278    0.7953
   -0.8314   -0.5529   -0.0554
...    21 T-A ...
  -31.5440  -31.9668   37.1155
    0.5322   -0.8460   -0.0314
   -0.0517   -0.0695    0.9962
   -0.8450   -0.5286   -0.0807
...    22 C-G ...
  -34.2107  -33.8805   36.7215
    0.3742   -0.7267    0.5761
   -0.3878    0.4417    0.8091
   -0.8424   -0.5262   -0.1165
...    23 G-C ...
  -37.2264  -35.3727   36.6833
    0.0922   -0.3152    0.9445
   -0.5497    0.7748    0.3122
   -0.8303   -0.5480   -0.1019
...    24 C-G ...
  -39.7983  -37.4831   36.2260
   -0.2258    0.1826    0.9569
   -0.4888    0.8284   -0.2734
   -0.8427   -0.5295   -0.0978
...    25 A-T ...
  -42.6946  -39.0076   35.5826
   -0.4109    0.6734    0.6146
   -0.2374    0.5719   -0.7852
   -0.8802   -0.4685   -0.0751
...    26 A-T ...
  -45.5089  -40.6184   35.5209
   -0.4579    0.8872    0.0562
    0.0647    0.0963   -0.9933
   -0.8867   -0.4511   -0.1015
...    27 A-T ...
  -48.4265  -41.9913   35.3546
   -0.2935    0.8114   -0.5054
    0.3156   -0.4168   -0.8525
   -0.9023   -0.4097   -0.1338
...    28 G-C ...
  -51.5315  -43.0250   34.9948
    0.0244    0.5218   -0.8527
    0.4080   -0.7839   -0.4680
   -0.9127   -0.3365   -0.2320
...    29 G-C ...
  -54.6728  -43.6569   33.9549
    0.3548    0.0626   -0.9329
    0.2779   -0.9597    0.0413
   -0.8927   -0.2739   -0.3579
...    30 C-G ...
  -57.5358  -44.0948   32.3540
    0.5015   -0.4529   -0.7372
   -0.0085   -0.8546    0.5192
   -0.8651   -0.2541   -0.4324
...    31 C-G ...
  -60.1426  -44.9776   30.3687
    0.4683   -0.8323   -0.2965
   -0.3505   -0.4831    0.8024
   -0.8111   -0.2719   -0.5179
...    32 G-C ...
  -62.8724  -46.3132   28.8888
    0.2136   -0.9444    0.2500
   -0.6211    0.0662    0.7809
   -0.7540   -0.3221   -0.5724
...    33 G-C ...
  -65.2120  -47.6182   26.7905
   -0.1575   -0.7300    0.6651
   -0.6521    0.5826    0.4851
   -0.7416   -0.3573   -0.5677
...    34 C-G ...
  -67.4606  -49.0693   24.7510
   -0.4961   -0.2665    0.8263
   -0.4402    0.8976    0.0252
   -0.7484   -0.3512   -0.5626
...    35 C-G ...
  -69.8624  -50.4808   22.8006
   -0.6140    0.3054    0.7278
   -0.0671    0.8985   -0.4337
   -0.7864   -0.3152   -0.5312
...    36 C-G ...
  -72.4631  -51.8112   21.0691
   -0.4763    0.7766    0.4123
    0.3056    0.5859   -0.7506
   -0.8245   -0.2315   -0.5164
...    37 G-C ...
  -75.0209  -52.4717   18.9700
   -0.0966    0.9953    0.0051
    0.5354    0.0563   -0.8427
   -0.8390   -0.0787   -0.5384
...    38 A-T ...
  -77.7796  -52.6773   17.2508
    0.2994    0.8470   -0.4392
    0.4874   -0.5315   -0.6927
   -0.8202   -0.0067   -0.5720
...    39 C-G ...
  -80.6089  -52.1407   15.7027
    0.5633    0.4481   -0.6942
    0.2411   -0.8927   -0.3807
   -0.7903    0.0471   -0.6109
...    40 A-T ...
  -83.0710  -51.9218   13.4330
    0.7031   -0.1344   -0.6982
   -0.1666   -0.9858    0.0219
   -0.6913    0.1009   -0.7155
...    41 C-G ...
  -84.9749  -51.0074   10.8778
    0.5314   -0.6373   -0.5580
   -0.5398   -0.7625    0.3568
   -0.6529    0.1116   -0.7492
...    42 G-C ...
  -87.1910  -51.1361    8.3315
    0.1678   -0.9655   -0.1994
   -0.8008   -0.2514    0.5436
   -0.5749    0.0684   -0.8153
...    43 A-T ...
  -88.9648  -50.9733    5.5348
   -0.3628   -0.9176    0.1625
   -0.7470    0.3906    0.5380
   -0.5571    0.0738   -0.8271
...    44 C-G ...
  -90.3941  -51.1259    2.4845
   -0.7168   -0.5570    0.4195
   -0.4300    0.8267    0.3629
   -0.5489    0.0797   -0.8321
...    45 T-A ...
  -92.1820  -51.1558   -0.3439
   -0.8221   -0.0125    0.5692
    0.0394    0.9961    0.0788
   -0.5679    0.0872   -0.8184
...    46 T-A ...
  -94.0087  -51.1365   -3.0436
   -0.6531    0.5766    0.4909
    0.5311    0.8108   -0.2458
   -0.5398    0.1001   -0.8358
...    47 A-T ...
  -95.6126  -50.6476   -5.9574
   -0.1560    0.9446    0.2886
    0.8271    0.2847   -0.4847
   -0.5400    0.1631   -0.8257
...    48 C-G ...
  -97.8626  -50.0914   -8.2903
    0.3338    0.9419    0.0369
    0.7834   -0.2555   -0.5667
   -0.5243    0.2180   -0.8231
...    49 T-A ...
  -99.6936  -49.0466  -10.8398
    0.7478    0.6372   -0.1865
    0.4719   -0.7077   -0.5259
   -0.4670    0.3053   -0.8299
...    50 G-C ...
 -100.9077  -47.9401  -13.7722
    0.9380    0.0785   -0.3377
   -0.0579   -0.9249   -0.3759
   -0.3418    0.3721   -0.8629
...    51 T-A ...
 -101.6680  -46.1613  -16.4501
    0.7773   -0.4387   -0.4510
   -0.5556   -0.8150   -0.1648
   -0.2953    0.3786   -0.8772
...    52 A-T ...
 -102.7676  -45.1226  -19.4661
    0.2585   -0.8561   -0.4475
   -0.9302   -0.3455    0.1236
   -0.2604    0.3844   -0.8857
...    53 G-C ...
 -103.2823  -43.8624  -22.5224
   -0.2869   -0.9151   -0.2832
   -0.9266    0.1902    0.3243
   -0.2430    0.3554   -0.9026
...    54 G-C ...
 -103.9033  -42.8675  -25.7141
   -0.7507   -0.6606   -0.0127
   -0.6065    0.6813    0.4100
   -0.2622    0.3154   -0.9120
...    55 T-A ...
 -104.4988  -42.3340  -28.9839
   -0.9595   -0.1849    0.2125
   -0.0986    0.9272    0.3613
   -0.2638    0.3257   -0.9079
...    56 A-T ...
 -105.1055  -40.7393  -31.9363
   -0.7960    0.4772    0.3724
    0.5631    0.8094    0.1665
   -0.2219    0.3422   -0.9130
...    57 T-A ...
 -106.3052  -40.0748  -34.9368
   -0.3895    0.8251    0.4092
    0.8963    0.4418   -0.0378
   -0.2120    0.3521   -0.9116
...    58 C-G ...
 -107.0539  -38.9234  -37.9247
    0.2340    0.9045    0.3566
    0.9524   -0.1394   -0.2712
   -0.1956    0.4031   -0.8940
...    59 T-A ...
 -107.8791  -37.3307  -40.7146
    0.7237    0.6485    0.2360
    0.6742   -0.5915   -0.4422
   -0.1472    0.4791   -0.8653
...    60 C-G ...
 -108.2551  -35.6163  -43.4803
    0.9893    0.1440   -0.0214
    0.1119   -0.8465   -0.5205
   -0.0931    0.5126   -0.8536
...    61 G-C ...
 -108.2247  -34.1688  -46.5398
    0.8813   -0.4226   -0.2114
   -0.4702   -0.7395   -0.4817
    0.0472    0.5239   -0.8504
...    62 A-T ...
 -107.8542  -32.4549  -49.3397
    0.4173   -0.7945   -0.4412
   -0.9046   -0.3167   -0.2853
    0.0869    0.5182   -0.8508
...    63 G-C ...
 -107.2062  -30.7638  -52.1539
   -0.1529   -0.8547   -0.4961
   -0.9823    0.1865   -0.0185
    0.1083    0.4845   -0.8680
...    64 C-G ...
 -106.4942  -29.3916  -55.1352
   -0.6847   -0.6059   -0.4051
   -0.7208    0.6452    0.2533
    0.1079    0.4655   -0.8785
...    65 T-A ...
 -106.0291  -28.1216  -58.2007
   -0.9720   -0.1586   -0.1737
   -0.2195    0.8765    0.4283
    0.0843    0.4545   -0.8868
...    66 T-A ...
 -105.6742  -26.8838  -61.2003
   -0.9096    0.4060    0.0886
    0.3979    0.7893    0.4676
    0.1199    0.4606   -0.8795
...    67 C-G ...
 -105.2814  -25.4298  -64.1436
   -0.4855    0.7864    0.3820
    0.8665    0.3748    0.3297
    0.1161    0.4911   -0.8633
...    68 A-T ...
 -104.6501  -23.7182  -66.9654
    0.1006    0.7966    0.5961
    0.9882   -0.1497    0.0333
    0.1157    0.5857   -0.8023
...    69 T-A ...
 -104.8770  -21.5777  -69.4435
    0.5896    0.5939    0.5475
    0.7975   -0.5357   -0.2776
    0.1284    0.6003   -0.7894
...    70 G-C ...
 -104.1172  -19.5510  -72.0173
    0.9193    0.0992    0.3808
    0.3193   -0.7535   -0.5747
    0.2299    0.6499   -0.7244
...    71 T-A ...
 -103.2797  -16.9726  -73.9139
    0.9372   -0.3458    0.0447
   -0.2162   -0.6769   -0.7036
    0.2735    0.6498   -0.7092
...    72 T-A ...
 -102.2436  -14.7326  -76.0302
    0.6359   -0.6736   -0.3768
   -0.7184   -0.3383   -0.6078
    0.2819    0.6572   -0.6990
...    73 A-T ...
 -101.6301  -12.5809  -78.5884
    0.0251   -0.7178   -0.6958
   -0.9552    0.1881   -0.2285
    0.2949    0.6703   -0.6809
...    74 T-A ...
 -100.0135  -10.6511  -80.7547
   -0.4715   -0.4965   -0.7288
   -0.8272    0.5355    0.1703
    0.3057    0.6832   -0.6632
...    75 A-T ...
  -99.2497   -7.9112  -82.6670
   -0.8834    0.0303   -0.4676
   -0.3091    0.7123    0.6301
    0.3521    0.7012   -0.6199
...    76 A-T ...
  -98.0381   -5.8240  -84.8649
   -0.8835    0.4678   -0.0227
    0.2657    0.5404    0.7984
    0.3857    0.6994   -0.6017
...    77 C-G ...
  -97.0670   -3.7819  -87.3161
   -0.6099    0.6679    0.4265
    0.6980    0.1980    0.6881
    0.3752    0.7174   -0.5870
...    78 G-C ...
  -95.4620   -1.3515  -89.0427
   -0.1491    0.5650    0.8115
    0.9215   -0.2182    0.3212
    0.3586    0.7957   -0.4881
...    79 G-C ...
  -94.5045    1.4707  -90.6339
    0.3442    0.2636    0.9011
    0.8560   -0.4823   -0.1860
    0.3856    0.8354   -0.3916
...    80 A-T ...
  -93.2496    4.2626  -91.8075
    0.7611   -0.1220    0.6370
    0.4933   -0.5288   -0.6907
    0.4211    0.8399   -0.3423
...    81 C-G ...
  -91.9811    7.2723  -92.3220
    0.8882   -0.4197    0.1871
    0.0257   -0.3612   -0.9321
    0.4588    0.8327   -0.3100
...    82 G-C ...
  -90.1931    9.8064  -93.6782
    0.6909   -0.6341   -0.3474
   -0.4481    0.0016   -0.8940
    0.5674    0.7733   -0.2830
...    83 G-C ...
  -87.9095   12.1740  -94.5250
    0.2827   -0.5720   -0.7700
   -0.7298    0.3927   -0.5596
    0.6224    0.7202   -0.3064
...    84 G-C ...
  -85.5404   14.3475  -95.6303
   -0.2128   -0.2861   -0.9343
   -0.7405    0.6711   -0.0369
    0.6375    0.6840   -0.3547
...    85 A-T ...
  -83.3487   16.5306  -96.8210
   -0.6215    0.1853   -0.7612
   -0.4544    0.7062    0.5429
    0.6381    0.6833   -0.3548
...    86 T-A ...
  -81.0588   18.3040  -98.4466
   -0.7542    0.5425   -0.3700
   -0.0681    0.4958    0.8657
    0.6531    0.6781   -0.3370
...    87 C-G ...
  -78.8773   20.4953  -99.6302
   -0.6541    0.7170    0.2411
    0.3967    0.0538    0.9164
    0.6440    0.6950   -0.3196
...    88 C-G ...
  -76.8522   22.8843 -100.9411
   -0.3792    0.5582    0.7380
    0.6937   -0.3563    0.6260
    0.6123    0.7493   -0.2521
...    89 G-C ...
  -74.5095   25.2482 -101.5618
   -0.0029    0.1511    0.9885
    0.7936   -0.6011    0.0942
    0.6084    0.7848   -0.1181
...    90 C-G ...
  -72.8499   28.1131 -101.7835
    0.3951   -0.2570    0.8820
    0.6722   -0.5735   -0.4682
    0.6262    0.7778   -0.0538
...    91 T-A ...
  -70.8665   30.7671 -101.5929
    0.6421   -0.5876    0.4924
    0.3802   -0.3137   -0.8701
    0.6657    0.7459    0.0220
...    92 T-A ...
  -68.7271   33.1856 -101.2690
    0.7362   -0.6689   -0.1029
   -0.0502    0.0976   -0.9940
    0.6749    0.7369    0.0382
...    93 T-A ...
  -66.4582   35.4864 -100.8873
    0.5776   -0.4748   -0.6640
   -0.4621    0.4804   -0.7454
    0.6729    0.7374    0.0581
...    94 A-T ...
  -64.4935   38.2739 -100.9205
    0.1629   -0.0096   -0.9866
   -0.7252    0.6768   -0.1263
    0.6689    0.7361    0.1033
...    95 A-T ...
  -62.0850   40.4599 -100.5948
   -0.2664    0.4298   -0.8627
   -0.6893    0.5407    0.4822
    0.6737    0.7232    0.1522
...    96 C-G ...
  -59.4851   42.5870 -100.5374
   -0.5992    0.6525   -0.4640
   -0.4376    0.2184    0.8722
    0.6704    0.7257    0.1547
...    97 A-T ...
  -57.2982   44.9815  -99.7188
   -0.7896    0.5991    0.1326
    0.0013   -0.2145    0.9767
    0.6136    0.7714    0.1686
...    98 C-G ...
  -55.4139   47.7172  -99.7258
   -0.6875    0.3658    0.6273
    0.4177   -0.5074    0.7537
    0.5940    0.7802    0.1961
...    99 T-A ...
  -53.6887   50.4967  -99.1538
   -0.4063   -0.0286    0.9133
    0.7247   -0.6188    0.3031
    0.5565    0.7850    0.2722
...   100 T-A ...
  -52.0617   53.1421  -98.2477
    0.0539   -0.4087    0.9111
    0.8300   -0.4889   -0.2685
    0.5552    0.7706    0.3129
...   101 T-A ...
  -50.4228   55.6725  -97.0760
    0.4942   -0.6442    0.5838
    0.6616   -0.1570   -0.7333
    0.5640    0.7486    0.3486
...   102 A-T ...
  -48.3588   58.0293  -95.8908
    0.7444   -0.6677    0.0016
    0.2661    0.2945   -0.9179
    0.6124    0.6837    0.3969
...   103 T-A ...
  -46.4049   59.8919  -93.9961
    0.7769   -0.4191   -0.4699
   -0.1460    0.6060   -0.7819
    0.6125    0.6761    0.4096
...   104 G-C ...
  -44.2768   62.2617  -92.9761
    0.5039   -0.0096   -0.8637
   -0.5491    0.7683   -0.3288
    0.6668    0.6400    0.3819
...   105 C-G ...
  -41.7416   64.1001  -91.7690
    0.0979    0.4194   -0.9025
   -0.7271    0.6494    0.2229
    0.6795    0.6343    0.3685
...   106 T-A ...
  -39.2470   66.0928  -90.7545
   -0.3327    0.6955   -0.6369
   -0.6577    0.3129    0.6853
    0.6759    0.6468    0.3533
...   107 T-A ...
  -36.8462   68.0864  -89.7910
   -0.6339    0.7675   -0.0957
   -0.3526   -0.1766    0.9190
    0.6884    0.6163    0.3825
...   108 C-G ...
  -34.5057   70.0948  -88.6023
   -0.7423    0.4838    0.4637
    0.0870   -0.6165    0.7825
    0.6644    0.6212    0.4155
...   109 C-G ...
  -32.3236   72.4001  -87.4068
   -0.6431   -0.0036    0.7658
    0.4774   -0.7838    0.3972
    0.5988    0.6210    0.5058
...   110 G-C ...
  -30.1709   74.2054  -85.5369
   -0.3615   -0.5345    0.7640
    0.7663   -0.6371   -0.0831
    0.5311    0.5554    0.6399
...   111 G-C ...
  -28.7178   76.0610  -83.1287
    0.0500   -0.8561    0.5143
    0.8608   -0.2242   -0.4569
    0.5064    0.4656    0.7258
...   112 C-G ...
  -27.4187   77.3709  -80.3801
    0.4822   -0.8657    0.1343
    0.7140    0.2995   -0.6329
    0.5077    0.4011    0.7625
...   113 T-A ...
  -25.8235   78.3313  -77.6328
    0.7600   -0.5892   -0.2743
    0.3731    0.7411   -0.5581
    0.5322    0.3218    0.7831
...   114 C-G ...
  -23.9164   79.1845  -75.0816
    0.8291   -0.0240   -0.5585
   -0.1407    0.9579   -0.2502
    0.5410    0.2860    0.7909
...   115 G-C ...
  -22.0690   80.5870  -72.6187
    0.5650    0.5328   -0.6300
   -0.5724    0.8030    0.1659
    0.5943    0.2669    0.7587
...   116 T-A ...
  -19.6485   81.0673  -70.3161
    0.1661    0.8878   -0.4292
   -0.7919    0.3795    0.4785
    0.5877    0.2604    0.7660
...   117 A-T ...
  -18.1886   81.7689  -67.2813
   -0.3709    0.9265    0.0643
   -0.7256   -0.3323    0.6026
    0.5796    0.1768    0.7955
...   118 T-A ...
  -15.8870   82.6842  -65.0824
   -0.6907    0.6183    0.3750
   -0.4371   -0.7701    0.4646
    0.5760    0.1570    0.8022
...   119 A-T ...
  -13.9879   83.0007  -62.3215
   -0.8530    0.0031    0.5218
    0.0738   -0.9892    0.1265
    0.5166    0.1464    0.8436
...   120 A-T ...
  -12.4185   83.6316  -59.5638
   -0.6805   -0.5704    0.4600
    0.5496   -0.8125   -0.1944
    0.4847    0.1206    0.8664
...   121 T-A ...
  -11.3630   84.3907  -56.5672
   -0.3270   -0.9078    0.2626
    0.8238   -0.4100   -0.3916
    0.4631    0.0882    0.8819
...   122 G-C ...
   -9.7402   84.2974  -53.6191
    0.1456   -0.9810   -0.1279
    0.8909    0.1862   -0.4143
    0.4303   -0.0537    0.9011
...   123 T-A ...
   -8.8249   83.6895  -50.5021
    0.5849   -0.7254   -0.3628
    0.6884    0.6806   -0.2509
    0.4289   -0.1030    0.8975
...   124 G-C ...
   -7.0161   83.4066  -47.6861
    0.8553   -0.1625   -0.4919
    0.2279    0.9707    0.0756
    0.4652   -0.1768    0.8674
...   125 T-A ...
   -5.4103   82.1849  -44.9936
    0.8436    0.3966   -0.3619
   -0.2728    0.8972    0.3474
    0.4625   -0.1943    0.8651
...   126 C-G ...
   -3.7821   81.4691  -42.1833
    0.5030    0.8630   -0.0469
   -0.7378    0.4570    0.4968
    0.4502   -0.2153    0.8666
...   127 G-C ...
   -2.7469   80.7750  -39.0291
   -0.0587    0.9745    0.2164
   -0.8999   -0.1455    0.4111
    0.4321   -0.1706    0.8855
...   128 A-T ...
   -1.2178   80.0742  -36.1793
   -0.6032    0.6859    0.4070
   -0.6906   -0.7045    0.1637
    0.3990   -0.1824    0.8986
...   129 C-G ...
    0.4094   79.9716  -33.2868
   -0.8957    0.2054    0.3944
   -0.2625   -0.9601   -0.0961
    0.3590   -0.1896    0.9139
...   130 C-G ...
    1.6594   79.6151  -30.1559
   -0.9306   -0.3296    0.1592
    0.2720   -0.9138   -0.3015
    0.2448   -0.2372    0.9401
...   131 A-T ...
    2.4175   78.6535  -27.0158
   -0.6421   -0.7431   -0.1884
    0.7577   -0.5779   -0.3032
    0.1164   -0.3374    0.9341
...   132 A-T ...
    2.5564   77.5172  -23.9975
   -0.1035   -0.9189   -0.3808
    0.9914   -0.0646   -0.1136
    0.0798   -0.3893    0.9177
...   133 A-T ...
    2.5956   76.0964  -21.0891
    0.4833   -0.7773   -0.4028
    0.8733    0.4603    0.1597
    0.0613   -0.4289    0.9013
...   134 T-A ...
    2.3094   74.2287  -18.3853
    0.8657   -0.4292   -0.2574
    0.4984    0.7868    0.3642
    0.0462   -0.4436    0.8950
...   135 G-C ...
    1.4370   72.0949  -15.6002
    0.9809    0.0621    0.1844
   -0.1263    0.9241    0.3606
   -0.1480   -0.3770    0.9143
...   136 T-A ...
    0.5300   69.2373  -13.4652
    0.7353    0.4962    0.4617
   -0.6117    0.7791    0.1369
   -0.2918   -0.3831    0.8764
...   137 G-C ...
   -0.1630   67.4090  -10.8054
    0.1799    0.8794    0.4409
   -0.9276    0.3008   -0.2216
   -0.3275   -0.3691    0.8698
...   138 A-T ...
   -0.1294   66.2154   -7.8180
   -0.3749    0.8569    0.3537
   -0.8857   -0.2184   -0.4097
   -0.2739   -0.4669    0.8408
...   139 G-C ...
   -1.0031   65.6050   -4.9383
   -0.8337    0.5216    0.1812
   -0.5170   -0.6221   -0.5880
   -0.1940   -0.5840    0.7883
...   140 C-G ...
   -0.6940   63.8984   -2.2497
   -0.9992    0.0157   -0.0376
    0.0023   -0.8992   -0.4375
   -0.0406   -0.4373    0.8984
...   141 G-C ...
   -3.4331   60.2357    1.0303
   -0.4426    0.2288   -0.8671
    0.1684   -0.9285   -0.3310
   -0.8808   -0.2925    0.3724
...   142 C-G ...
   -6.3247   59.0804    1.6314
   -0.2968   -0.3279   -0.8969
    0.5658   -0.8170    0.1115
   -0.7693   -0.4743    0.4280
...   143 T-A ...
   -8.6731   58.7216    3.6047
   -0.0344   -0.7815   -0.6229
    0.6534   -0.4892    0.5777
   -0.7562   -0.3872    0.5275
...   144 C-G ...
  -11.6514   58.0074    4.7219
    0.2453   -0.9542   -0.1714
    0.6321    0.0234    0.7745
   -0.7350   -0.2984    0.6089
...   145 A-T ...
  -14.1725   56.5626    6.1819
    0.5795   -0.7268    0.3686
    0.3140    0.6165    0.7220
   -0.7520   -0.3027    0.5855
...   146 C-G ...
  -16.4614   53.8913    7.5170
    0.5336   -0.3333    0.7773
   -0.0346    0.9097    0.4138
   -0.8450   -0.2477    0.4739
...   147 A-T ...
  -19.0125   52.0328    8.9268
    0.2451    0.2906    0.9249
   -0.3073    0.9281   -0.2101
   -0.9195   -0.2327    0.3168
