  147 base-pairs
...     1 A-T ...
    0.0000    0.0000    0.0000
    1.0000    0.0000    0.0000
    0.0000    1.0000    0.0000
    0.0000    0.0000    1.0000
...     2 G-C ...
   -0.1404   -1.2353    3.2259
    0.7530    0.6366    0.1668
   -0.6385    0.7681   -0.0490
   -0.1593   -0.0696    0.9848
...     3 T-A ...
   -0.0377   -3.2918    6.3749
    0.2722    0.9302    0.2464
   -0.9238    0.3243   -0.2034
   -0.2691   -0.1722    0.9476
...     4 G-C ...
   -0.3520   -4.1638    9.4928
   -0.3756    0.9250    0.0576
   -0.8780   -0.3352   -0.3416
   -0.2967   -0.1788    0.9381
...     5 A-T ...
   -0.4480   -4.1448   12.7498
   -0.8116    0.5839   -0.0166
   -0.5522   -0.7762   -0.3042
   -0.1905   -0.2377    0.9525
...     6 G-C ...
   -1.5926   -4.1701   15.6201
   -0.9976    0.0246   -0.0651
   -0.0043   -0.9555   -0.2950
   -0.0694   -0.2940    0.9533
...     7 C-G ...
   -1.1050   -4.4793   18.7363
   -0.8442   -0.5302   -0.0787
    0.5343   -0.8442   -0.0430
   -0.0437   -0.0784    0.9960
...     8 G-C ...
   -2.4044   -7.7255   23.1483
   -0.2753   -0.3294   -0.9032
    0.6650   -0.7437    0.0686
   -0.6943   -0.5817    0.4238
...     9 C-G ...
   -4.4706   -9.9691   24.1142
    0.1145   -0.7026   -0.7023
    0.8512   -0.2951    0.4341
   -0.5123   -0.6475    0.5642
...    10 T-A ...
   -6.7420  -10.8705   25.9717
    0.4841   -0.8363   -0.2573
    0.6594    0.1554    0.7356
   -0.5752   -0.5257    0.6267
...    11 C-G ...
   -9.1682  -12.6167   27.1662
    0.7073   -0.6683    0.2306
    0.3450    0.6110    0.7125
   -0.6170   -0.4243    0.6627
...    12 A-T ...
  -10.9253  -14.6583   29.0713
    0.7515   -0.1377    0.6452
   -0.2027    0.8824    0.4245
   -0.6278   -0.4498    0.6352
...    13 C-G ...
  -11.8495  -17.4796   31.2472
    0.4294    0.2824    0.8578
   -0.5708    0.8209    0.0155
   -0.6998   -0.4963    0.5137
...    14 A-T ...
  -13.5915  -19.7756   33.4284
   -0.1503    0.6106    0.7775
   -0.6874    0.5007   -0.5261
   -0.7106   -0.6135    0.3445
...    15 A-T ...
  -15.6926  -21.9229   34.6938
   -0.5434    0.7669    0.3415
   -0.4453    0.0815   -0.8916
   -0.7116   -0.6366    0.2972
...    16 T-A ...
  -17.7873  -23.9146   36.2661
   -0.6858    0.7102   -0.1587
   -0.0950   -0.3035   -0.9481
   -0.7215   -0.6352    0.2756
...    17 T-A ...
  -20.1384  -25.8644   37.3144
   -0.5829    0.4547   -0.6735
    0.3133   -0.6390   -0.7025
   -0.7497   -0.6205    0.2300
...    18 T-A ...
  -22.6730  -27.6986   38.0704
   -0.2559    0.0767   -0.9637
    0.5758   -0.7887   -0.2157
   -0.7765   -0.6100    0.1577
...    19 A-T ...
  -25.5501  -29.3964   38.1625
    0.2455   -0.2085   -0.9467
    0.5707   -0.7584    0.3150
   -0.7836   -0.6176   -0.0672
...    20 T-A ...
  -28.3504  -30.9294   37.4920
    0.5245   -0.5347   -0.6625
    0.3533   -0.5713    0.7408
   -0.7746   -0.6227   -0.1107
...    21 T-A ...
  -30.8638  -32.8599   36.8211
    0.6374   -0.7599   -0.1277
   -0.0310   -0.1909    0.9811
   -0.7699   -0.6214   -0.1452
...    22 C-G ...
  -33.1938  -35.0925   36.1970
    0.4943   -0.7266    0.4772
   -0.4364    0.2673    0.8591
   -0.7518   -0.6329   -0.1849
...    23 G-C ...
  -35.8278  -37.1598   36.0182
    0.1728   -0.4198    0.8910
   -0.6800    0.6036    0.4163
   -0.7125   -0.6778   -0.1812
...    24 C-G ...
  -37.9363  -39.6753   35.3409
   -0.2363   -0.0079    0.9717
   -0.6578    0.7373   -0.1540
   -0.7152   -0.6755   -0.1794
...    25 A-T ...
  -40.4564  -41.6628   34.4863
   -0.5453    0.4619    0.6995
   -0.3759    0.6111   -0.6966
   -0.7492   -0.6428   -0.1596
...    26 A-T ...
  -42.7918  -43.9013   34.1490
   -0.6706    0.7222    0.1693
    0.0330    0.2571   -0.9658
   -0.7411   -0.6421   -0.1963
...    27 A-T ...
  -45.2350  -45.9781   33.7108
   -0.5107    0.7617   -0.3988
    0.4205   -0.1833   -0.8886
   -0.7499   -0.6215   -0.2266
...    28 G-C ...
  -47.8937  -47.8167   33.0964
   -0.1295    0.6259   -0.7691
    0.6261   -0.5498   -0.5529
   -0.7689   -0.5531   -0.3207
...    29 G-C ...
  -50.6830  -49.2690   31.9168
    0.3260    0.3126   -0.8922
    0.5699   -0.8180   -0.0784
   -0.7543   -0.4829   -0.4448
...    30 C-G ...
  -53.2474  -50.3350   30.1529
    0.6361   -0.1377   -0.7592
    0.2729   -0.8801    0.3884
   -0.7217   -0.4543   -0.5223
...    31 C-G ...
  -55.3645  -51.6769   27.8859
    0.7444   -0.5505   -0.3778
   -0.1678   -0.7019    0.6922
   -0.6463   -0.4519   -0.6149
...    32 G-C ...
  -57.2835  -53.6579   25.9461
    0.5624   -0.8168    0.1285
   -0.6198   -0.3136    0.7194
   -0.5473   -0.4842   -0.6826
...    33 G-C ...
  -58.7409  -55.4884   23.4765
    0.1379   -0.8346    0.5333
   -0.8540    0.1725    0.4908
   -0.5016   -0.5231   -0.6890
...    34 C-G ...
  -60.0735  -57.4239   21.0760
   -0.3682   -0.5900    0.7186
   -0.7866    0.6097    0.0975
   -0.4956   -0.5294   -0.6886
...    35 C-G ...
  -61.5611  -59.4003   18.7466
   -0.7270   -0.1218    0.6758
   -0.4377    0.8404   -0.3195
   -0.5290   -0.5281   -0.6643
...    36 C-G ...
  -63.1912  -61.4111   16.5472
   -0.8093    0.4011    0.4292
    0.0543    0.7785   -0.6253
   -0.5849   -0.4827   -0.6518
...    37 G-C ...
  -64.9140  -62.7876   13.9978
   -0.5583    0.8247    0.0906
    0.5201    0.4330   -0.7362
   -0.6464   -0.3638   -0.6707
...    38 A-T ...
  -67.0321  -64.0194   11.8481
   -0.1057    0.9473   -0.3025
    0.7535   -0.1222   -0.6460
   -0.6489   -0.2963   -0.7008
...    39 C-G ...
  -69.5726  -64.6609    9.9004
    0.3421    0.7677   -0.5419
    0.6909   -0.5964   -0.4087
   -0.6369   -0.2346   -0.7344
...    40 A-T ...
  -71.5728  -65.2853    7.2822
    0.7560    0.3429   -0.5576
    0.3535   -0.9308   -0.0932
   -0.5510   -0.1267   -0.8248
...    41 C-G ...
  -73.3184  -64.9985    4.5066
    0.8552   -0.1846   -0.4844
   -0.1112   -0.9780    0.1763
   -0.5063   -0.0968   -0.8569
...    42 G-C ...
  -74.6945  -65.7381    1.5214
    0.6883   -0.6919   -0.2179
   -0.6152   -0.7159    0.3302
   -0.3845   -0.0932   -0.9184
...    43 A-T ...
  -75.7552  -66.0746   -1.5924
    0.1792   -0.9835    0.0233
   -0.9173   -0.1585    0.3652
   -0.3555   -0.0869   -0.9306
...    44 C-G ...
  -76.2994  -66.4610   -4.8919
   -0.3462   -0.9150    0.2070
   -0.8737    0.3949    0.2842
   -0.3418   -0.0824   -0.9361
...    45 T-A ...
  -77.2118  -66.9832   -8.0661
   -0.7624   -0.5494    0.3420
   -0.5439    0.8303    0.1214
   -0.3507   -0.0934   -0.9318
...    46 T-A ...
  -78.1480  -67.5187  -11.1482
   -0.9495    0.0405    0.3113
    0.0181    0.9971   -0.0744
   -0.3134   -0.0650   -0.9474
...    47 A-T ...
  -78.9868  -67.4122  -14.4118
   -0.7217    0.6568    0.2186
    0.6171    0.7535   -0.2268
   -0.3136   -0.0288   -0.9491
...    48 C-G ...
  -80.4769  -67.8240  -17.3225
   -0.2728    0.9554    0.1134
    0.9064    0.2947   -0.3027
   -0.3226    0.0203   -0.9463
...    49 T-A ...
  -81.8283  -67.5966  -20.3314
    0.2774    0.9603    0.0311
    0.9085   -0.2516   -0.3338
   -0.3127    0.1209   -0.9421
...    50 G-C ...
  -82.6335  -66.9286  -23.5211
    0.7770    0.6292   -0.0214
    0.5867   -0.7360   -0.3378
   -0.2283    0.2500   -0.9410
...    51 T-A ...
  -83.4511  -65.4854  -26.3580
    0.9798    0.1374   -0.1457
    0.0882   -0.9493   -0.3018
   -0.1797    0.2829   -0.9422
...    52 A-T ...
  -83.8437  -64.6178  -29.5702
    0.8458   -0.4755   -0.2416
   -0.5233   -0.8275   -0.2035
   -0.1032    0.2986   -0.9488
...    53 G-C ...
  -83.8376  -63.4467  -32.6942
    0.4314   -0.8587   -0.2767
   -0.9006   -0.4278   -0.0767
   -0.0525    0.2823   -0.9579
...    54 G-C ...
  -83.6306  -62.6176  -35.9852
   -0.1462   -0.9621   -0.2301
   -0.9890    0.1368    0.0563
   -0.0227    0.2358   -0.9715
...    55 T-A ...
  -83.1110  -62.0771  -39.2665
   -0.6586   -0.7337   -0.1672
   -0.7522    0.6353    0.1752
   -0.0223    0.2411   -0.9702
...    56 A-T ...
  -83.3144  -60.6606  -42.3735
   -0.9916   -0.1124   -0.0639
   -0.1259    0.9516    0.2804
    0.0293    0.2861   -0.9578
...    57 T-A ...
  -83.2724  -60.3691  -45.6693
   -0.9130    0.3992    0.0839
    0.4057    0.8673    0.2886
    0.0425    0.2975   -0.9538
...    58 C-G ...
  -83.1333  -59.4560  -48.8317
   -0.4907    0.8234    0.2848
    0.8708    0.4519    0.1938
    0.0309    0.3431   -0.9388
...    59 T-A ...
  -83.3521  -58.2544  -51.9153
    0.0481    0.9029    0.4271
    0.9986   -0.0530   -0.0004
    0.0223    0.4265   -0.9042
...    60 C-G ...
  -83.3152  -56.7317  -54.8110
    0.6240    0.6690    0.4038
    0.7799   -0.5651   -0.2691
    0.0482    0.4829   -0.8744
...    61 G-C ...
  -82.6976  -55.1305  -57.7187
    0.9391    0.1662    0.3009
    0.3051   -0.8061   -0.5070
    0.1583    0.5679   -0.8078
...    62 A-T ...
  -81.9976  -53.1651  -60.2654
    0.9292   -0.3682   -0.0322
   -0.3083   -0.7241   -0.6170
    0.2038    0.5832   -0.7863
...    63 G-C ...
  -81.0299  -51.0763  -62.6822
    0.6016   -0.7284   -0.3280
   -0.7559   -0.3863   -0.5286
    0.2584    0.5659   -0.7830
...    64 C-G ...
  -79.7153  -49.2406  -65.1603
    0.0665   -0.8291   -0.5551
   -0.9563    0.1058   -0.2725
    0.2847    0.5490   -0.7859
...    65 T-A ...
  -78.4587  -47.5951  -67.7924
   -0.4785   -0.6439   -0.5970
   -0.8290    0.5555    0.0653
    0.2896    0.5262   -0.7996
...    66 C-G ...
  -77.4111  -45.9099  -70.4472
   -0.8858   -0.1718   -0.4311
   -0.3674    0.8271    0.4253
    0.2835    0.5351   -0.7958
...    67 G-C ...
  -76.4531  -43.7168  -72.8392
   -0.9576    0.2865   -0.0303
    0.2098    0.7656    0.6081
    0.1974    0.5760   -0.7932
...    68 G-C ...
  -75.8441  -41.9522  -75.6649
   -0.6958    0.6064    0.3848
    0.7045    0.4720    0.5300
    0.1398    0.6399   -0.7557
...    69 G-C ...
  -75.6221  -39.8498  -78.2977
   -0.2092    0.6916    0.6913
    0.9714    0.0654    0.2285
    0.1128    0.7193   -0.6855
...    70 A-T ...
  -75.3230  -37.4405  -80.4885
    0.3932    0.5497    0.7370
    0.9108   -0.3424   -0.2306
    0.1256    0.7619   -0.6354
...    71 T-A ...
  -75.4091  -34.6531  -82.2064
    0.7964    0.2803    0.5359
    0.5884   -0.5638   -0.5796
    0.1397    0.7769   -0.6139
...    72 C-G ...
  -74.7952  -32.0119  -84.0466
    0.9836   -0.1395    0.1148
    0.0105   -0.5902   -0.8072
    0.1803    0.7951   -0.5791
...    73 C-G ...
  -73.7623  -29.2642  -85.7419
    0.8087   -0.4966   -0.3152
   -0.5248   -0.3671   -0.7680
    0.2656    0.7866   -0.5575
...    74 G-C ...
  -72.9515  -26.8749  -87.9907
    0.3355   -0.6661   -0.6661
   -0.8784    0.0343   -0.4767
    0.3404    0.7451   -0.5736
...    75 C-G ...
  -71.4163  -24.5367  -89.8434
   -0.2243   -0.5417   -0.8101
   -0.9100    0.4138   -0.0247
    0.3486    0.7317   -0.5858
...    76 T-A ...
  -70.0234  -22.3055  -91.9144
   -0.6973   -0.2438   -0.6741
   -0.6346    0.6471    0.4224
    0.3332    0.7223   -0.6060
...    77 T-A ...
  -68.7494  -20.1347  -93.9906
   -0.9284    0.2035   -0.3109
   -0.1098    0.6492    0.7527
    0.3550    0.7329   -0.5804
...    78 T-A ...
  -67.5772  -17.9078  -96.0530
   -0.8180    0.5439    0.1874
    0.4461    0.3940    0.8036
    0.3632    0.7409   -0.5649
...    79 A-T ...
  -66.2851  -15.3492  -97.8029
   -0.4092    0.6083    0.6801
    0.8525   -0.0109    0.5226
    0.3253    0.7937   -0.5141
...    80 A-T ...
  -65.4361  -12.7091  -99.4747
    0.1417    0.4635    0.8747
    0.9355   -0.3517    0.0348
    0.3237    0.8134   -0.4834
...    81 C-G ...
  -64.9182   -9.7473 -100.8310
    0.5993    0.1658    0.7832
    0.7264   -0.5238   -0.4449
    0.3365    0.8355   -0.4344
...    82 A-T ...
  -63.5506   -7.0166 -102.2269
    0.8677   -0.2571    0.4255
    0.2702   -0.4746   -0.8377
    0.4173    0.8418   -0.3424
...    83 C-G ...
  -62.1170   -4.0450 -102.6976
    0.8675   -0.4903   -0.0840
   -0.2255   -0.2372   -0.9449
    0.4433    0.8387   -0.3163
...    84 T-A ...
  -60.3576   -1.3125 -103.4722
    0.5850   -0.5670   -0.5800
   -0.6464    0.1059   -0.7556
    0.4898    0.8169   -0.3046
...    85 T-A ...
  -58.5451    1.2984 -104.2353
    0.1086   -0.3520   -0.9297
   -0.8709    0.4172   -0.2597
    0.4793    0.8379   -0.2612
...    86 T-A ...
  -56.7104    3.8967 -104.9949
   -0.4085    0.0076   -0.9127
   -0.7727    0.5295    0.3502
    0.4859    0.8483   -0.2104
...    87 A-T ...
  -55.3114    7.0083 -105.2284
   -0.7986    0.3899   -0.4585
   -0.3250    0.3618    0.8738
    0.5065    0.8468   -0.1622
...    88 T-A ...
  -53.5807    9.5761 -106.3882
   -0.8504    0.5224    0.0627
    0.1309    0.0946    0.9869
    0.5097    0.8474   -0.1488
...    89 G-C ...
  -51.9040   12.4756 -106.6418
   -0.6705    0.3794    0.6375
    0.6046   -0.2184    0.7660
    0.4299    0.8991   -0.0829
...    90 C-G ...
  -50.8575   15.5874 -107.1376
   -0.2535    0.1336    0.9581
    0.8769   -0.3863    0.2859
    0.4083    0.9126   -0.0192
...    91 T-A ...
  -49.8134   18.7341 -107.0305
    0.2212   -0.1771    0.9590
    0.8902   -0.3650   -0.2727
    0.3983    0.9140    0.0769
...    92 T-A ...
  -48.6807   21.7406 -106.6097
    0.6834   -0.3783    0.6244
    0.6079   -0.1787   -0.7736
    0.4043    0.9083    0.1079
...    93 C-G ...
  -47.2275   24.6391 -106.0606
    0.8995   -0.4357    0.0325
    0.0932    0.1186   -0.9886
    0.4268    0.8922    0.1473
...    94 C-G ...
  -45.4405   27.4351 -105.3413
    0.7703   -0.3389   -0.5402
   -0.4062    0.3922   -0.8253
    0.4916    0.8552    0.1645
...    95 G-C ...
  -43.9011   30.4543 -105.2231
    0.3560   -0.0850   -0.9306
   -0.7584    0.5555   -0.3408
    0.5460    0.8271    0.1333
...    96 G-C ...
  -41.8212   33.1149 -104.8063
   -0.1654    0.2120   -0.9632
   -0.8207    0.5120    0.2537
    0.5469    0.8324    0.0893
...    97 C-G ...
  -39.6923   35.7116 -104.6672
   -0.6155    0.4449   -0.6506
   -0.5876    0.2912    0.7550
    0.5253    0.8469    0.0822
...    98 T-A ...
  -37.8772   38.5218 -104.6784
   -0.8632    0.4872   -0.1322
   -0.1564   -0.0092    0.9876
    0.4799    0.8733    0.0841
...    99 C-G ...
  -36.2570   41.3888 -104.4648
   -0.8061    0.3408    0.4838
    0.3883   -0.3124    0.8670
    0.4467    0.8867    0.1195
...   100 G-C ...
  -34.5991   44.2516 -103.7429
   -0.5090   -0.0318    0.8602
    0.7803   -0.4387    0.4456
    0.3632    0.8980    0.2482
...   101 T-A ...
  -34.0133   47.3946 -102.9624
   -0.0404   -0.3130    0.9489
    0.9357   -0.3451   -0.0739
    0.3506    0.8849    0.3068
...   102 C-G ...
  -32.9141   50.2354 -101.7592
    0.5017   -0.5065    0.7013
    0.7902   -0.0614   -0.6097
    0.3519    0.8601    0.3694
...   103 A-T ...
  -31.4776   53.0025 -100.5098
    0.8295   -0.5297    0.1768
    0.3772    0.2980   -0.8769
    0.4118    0.7941    0.4470
...   104 T-A ...
  -30.2326   55.2579  -98.4366
    0.9093   -0.2878   -0.3006
   -0.1049    0.5406   -0.8347
    0.4028    0.7905    0.4614
...   105 G-C ...
  -28.8165   58.0512  -97.2464
    0.6430    0.0695   -0.7627
   -0.6166    0.6377   -0.4617
    0.4543    0.7671    0.4530
...   106 T-A ...
  -26.8082   60.2119  -95.6088
    0.2027    0.4150   -0.8870
   -0.8689    0.4940    0.0325
    0.4516    0.7641    0.4607
...   107 T-A ...
  -25.0675   62.5314  -94.0901
   -0.3351    0.6694   -0.6630
   -0.8286    0.1255    0.5456
    0.4485    0.7322    0.5126
...   108 A-T ...
  -23.8415   64.8181  -91.8576
   -0.7870    0.6063   -0.1147
   -0.4149   -0.3823    0.8256
    0.4567    0.6973    0.5524
...   109 T-A ...
  -22.2221   67.4113  -90.6123
   -0.8911    0.3140    0.3276
    0.0484   -0.6522    0.7565
    0.4512    0.6900    0.5660
...   110 A-T ...
  -20.7198   69.6374  -88.5873
   -0.7202   -0.2141    0.6599
    0.5822   -0.7038    0.4071
    0.3773    0.6774    0.6315
...   111 A-T ...
  -19.6830   71.9067  -86.5275
   -0.2716   -0.6117    0.7430
    0.8948   -0.4447   -0.0390
    0.3543    0.6543    0.6681
...   112 C-G ...
  -19.1549   74.1276  -84.1523
    0.2281   -0.7898    0.5694
    0.9121   -0.0313   -0.4088
    0.3407    0.6126    0.7132
...   113 G-C ...
  -17.5761   75.9014  -81.7206
    0.6673   -0.7307    0.1442
    0.6490    0.4755   -0.5939
    0.3654    0.4899    0.7915
...   114 G-C ...
  -16.1916   77.0936  -78.8540
    0.8917   -0.3634   -0.2698
    0.1833    0.8350   -0.5189
    0.4139    0.4132    0.8111
...   115 A-T ...
  -14.6896   78.3253  -76.1542
    0.8171    0.2350   -0.5265
   -0.3966    0.8918   -0.2176
    0.4184    0.3866    0.8219
...   116 T-A ...
  -12.9275   79.0027  -73.4043
    0.4960    0.6898   -0.5274
   -0.7734    0.6271    0.0928
    0.3948    0.3618    0.8445
...   117 A-T ...
  -12.4023   80.2999  -70.1988
   -0.1488    0.9666   -0.2089
   -0.9196   -0.0576    0.3887
    0.3637    0.2499    0.8974
...   118 T-A ...
  -10.6244   81.2717  -67.5582
   -0.6057    0.7940    0.0525
   -0.7075   -0.5675    0.4212
    0.3642    0.2180    0.9054
...   119 A-T ...
   -9.5235   81.5131  -64.3339
   -0.9229    0.2221    0.3146
   -0.1455   -0.9574    0.2493
    0.3566    0.1843    0.9159
...   120 A-T ...
   -8.3927   82.2833  -61.3897
   -0.8410   -0.3876    0.3775
    0.4205   -0.9073    0.0054
    0.3404    0.1632    0.9260
...   121 T-A ...
   -7.7309   83.2850  -58.3408
   -0.5142   -0.8055    0.2946
    0.7952   -0.5764   -0.1881
    0.3214    0.1376    0.9369
...   122 G-C ...
   -6.5828   83.3983  -55.1654
    0.0059   -1.0000    0.0004
    0.9610    0.0056   -0.2767
    0.2766    0.0020    0.9610
...   123 T-A ...
   -6.2403   83.0707  -51.8959
    0.5129   -0.8360   -0.1947
    0.8122    0.5461   -0.2050
    0.2778   -0.0530    0.9592
...   124 G-C ...
   -4.8953   82.8646  -48.8072
    0.8762   -0.3286   -0.3525
    0.3580    0.9335    0.0197
    0.3226   -0.1434    0.9356
...   125 T-A ...
   -3.7984   81.7324  -45.8445
    0.9267    0.2451   -0.2849
   -0.1808    0.9553    0.2338
    0.3295   -0.1652    0.9296
...   126 C-G ...
   -2.5616   81.1306  -42.8121
    0.6161    0.7857   -0.0556
   -0.7169    0.5886    0.3737
    0.3263   -0.1904    0.9259
...   127 G-C ...
   -1.8985   80.6878  -39.4960
    0.0411    0.9874    0.1529
   -0.9418   -0.0128    0.3360
    0.3337   -0.1578    0.9294
...   128 A-T ...
   -0.6944   80.0411  -36.4617
   -0.5556    0.7624    0.3317
   -0.7698   -0.6225    0.1412
    0.3142   -0.1769    0.9327
...   129 C-G ...
    0.7315   79.9103  -33.4318
   -0.8953    0.2948    0.3341
   -0.3395   -0.9369   -0.0832
    0.2885   -0.1879    0.9389
...   130 C-G ...
    1.8201   79.5072  -30.2305
   -0.9558   -0.2652    0.1270
    0.2237   -0.9361   -0.2715
    0.1909   -0.2310    0.9540
...   131 A-T ...
    2.5187   78.5138  -27.0770
   -0.6632   -0.7238   -0.1903
    0.7436   -0.6085   -0.2772
    0.0848   -0.3254    0.9418
...   132 A-T ...
    2.5969   77.4363  -24.0301
   -0.1150   -0.9228   -0.3677
    0.9916   -0.0847   -0.0977
    0.0590   -0.3758    0.9248
...   133 A-T ...
    2.6093   76.0726  -21.0947
    0.4806   -0.7840   -0.3929
    0.8755    0.4546    0.1637
    0.0503   -0.4226    0.9049
...   134 T-A ...
    2.3094   74.2286  -18.3853
    0.8657   -0.4292   -0.2574
    0.4984    0.7868    0.3642
    0.0462   -0.4436    0.8950
...   135 G-C ...
    1.4370   72.0948  -15.6002
    0.9809    0.0621    0.1844
   -0.1263    0.9241    0.3606
   -0.1480   -0.3770    0.9143
...   136 T-A ...
    0.5300   69.2372  -13.4652
    0.7353    0.4962    0.4617
   -0.6117    0.7791    0.1369
   -0.2918   -0.3831    0.8764
...   137 G-C ...
   -0.1630   67.4089  -10.8055
    0.1799    0.8794    0.4409
   -0.9276    0.3008   -0.2216
   -0.3275   -0.3691    0.8698
...   138 A-T ...
   -0.1293   66.2153   -7.8180
   -0.3749    0.8569    0.3537
   -0.8857   -0.2184   -0.4097
   -0.2739   -0.4669    0.8408
...   139 G-C ...
   -1.0030   65.6049   -4.9383
   -0.8337    0.5216    0.1812
   -0.5170   -0.6221   -0.5880
   -0.1940   -0.5840    0.7883
...   140 C-G ...
   -0.6940   63.8983   -2.2497
   -0.9992    0.0157   -0.0376
    0.0023   -0.8992   -0.4375
   -0.0406   -0.4373    0.8984
...   141 G-C ...
   -3.4330   60.2356    1.0303
   -0.4426    0.2288   -0.8671
    0.1684   -0.9285   -0.3310
   -0.8808   -0.2925    0.3724
...   142 C-G ...
   -6.3246   59.0803    1.6314
   -0.2968   -0.3279   -0.8969
    0.5658   -0.8170    0.1115
   -0.7693   -0.4743    0.4280
...   143 T-A ...
   -8.6731   58.7215    3.6047
   -0.0344   -0.7815   -0.6229
    0.6534   -0.4892    0.5777
   -0.7562   -0.3872    0.5275
...   144 C-G ...
  -11.6513   58.0073    4.7219
    0.2453   -0.9542   -0.1714
    0.6321    0.0234    0.7745
   -0.7350   -0.2984    0.6089
...   145 A-T ...
  -14.1725   56.5625    6.1819
    0.5795   -0.7268    0.3686
    0.3140    0.6165    0.7220
   -0.7520   -0.3027    0.5855
...   146 C-G ...
  -16.4614   53.8912    7.5170
    0.5336   -0.3333    0.7773
   -0.0346    0.9097    0.4138
   -0.8450   -0.2477    0.4739
...   147 A-T ...
  -19.0124   52.0327    8.9268
    0.2451    0.2906    0.9249
   -0.3073    0.9281   -0.2101
   -0.9195   -0.2327    0.3168
