  147 base-pairs
...     1 A-T ...
    0.0000    0.0000    0.0000
    1.0000    0.0000    0.0000
    0.0000    1.0000    0.0000
    0.0000    0.0000    1.0000
...     2 G-C ...
   -0.1404   -1.2353    3.2259
    0.7530    0.6366    0.1668
   -0.6385    0.7681   -0.0490
   -0.1593   -0.0696    0.9848
...     3 T-A ...
   -0.0377   -3.2918    6.3749
    0.2722    0.9302    0.2464
   -0.9238    0.3243   -0.2034
   -0.2691   -0.1722    0.9476
...     4 G-C ...
   -0.3520   -4.1638    9.4928
   -0.3756    0.9250    0.0576
   -0.8780   -0.3352   -0.3416
   -0.2967   -0.1788    0.9381
...     5 A-T ...
   -0.4480   -4.1448   12.7498
   -0.8116    0.5839   -0.0166
   -0.5522   -0.7762   -0.3042
   -0.1905   -0.2377    0.9525
...     6 G-C ...
   -1.5926   -4.1701   15.6201
   -0.9976    0.0246   -0.0651
   -0.0043   -0.9555   -0.2950
   -0.0694   -0.2940    0.9533
...     7 C-G ...
   -1.1050   -4.4793   18.7363
   -0.8442   -0.5302   -0.0787
    0.5343   -0.8442   -0.0430
   -0.0437   -0.0784    0.9960
...     8 G-C ...
   -2.4044   -7.7255   23.1483
   -0.2753   -0.3294   -0.9032
    0.6650   -0.7437    0.0686
   -0.6943   -0.5817    0.4238
...     9 C-G ...
   -4.4706   -9.9691   24.1142
    0.1145   -0.7026   -0.7023
    0.8512   -0.2951    0.4341
   -0.5123   -0.6475    0.5642
...    10 T-A ...
   -6.7420  -10.8705   25.9717
    0.4841   -0.8363   -0.2573
    0.6594    0.1554    0.7356
   -0.5752   -0.5257    0.6267
...    11 C-G ...
   -9.1682  -12.6167   27.1662
    0.7073   -0.6683    0.2306
    0.3450    0.6110    0.7125
   -0.6170   -0.4243    0.6627
...    12 A-T ...
  -10.9253  -14.6583   29.0713
    0.7515   -0.1377    0.6452
   -0.2027    0.8824    0.4245
   -0.6278   -0.4498    0.6352
...    13 C-G ...
  -11.8495  -17.4796   31.2472
    0.4294    0.2824    0.8578
   -0.5708    0.8209    0.0155
   -0.6998   -0.4963    0.5137
...    14 A-T ...
  -13.5915  -19.7756   33.4284
   -0.1503    0.6106    0.7775
   -0.6874    0.5007   -0.5261
   -0.7106   -0.6135    0.3445
...    15 A-T ...
  -15.6937  -21.9249   34.6897
   -0.5443    0.7667    0.3404
   -0.4441    0.0809   -0.8923
   -0.7117   -0.6368    0.2965
...    16 T-A ...
  -17.7901  -23.9178   36.2585
   -0.6859    0.7097   -0.1609
   -0.0927   -0.3045   -0.9480
   -0.7218   -0.6353    0.2746
...    17 T-A ...
  -20.1430  -25.8695   37.2992
   -0.5808    0.4534   -0.6761
    0.3159   -0.6400   -0.7005
   -0.7503   -0.6204    0.2285
...    18 T-A ...
  -22.6793  -27.7053   38.0462
   -0.2518    0.0743   -0.9649
    0.5768   -0.7891   -0.2113
   -0.7771   -0.6098    0.1558
...    19 A-T ...
  -25.5491  -29.4161   38.1288
    0.2500   -0.2143   -0.9442
    0.5689   -0.7566    0.3223
   -0.7835   -0.6178   -0.0673
...    20 T-A ...
  -28.3471  -30.9532   37.4529
    0.5274   -0.5399   -0.6560
    0.3489   -0.5663    0.7467
   -0.7747   -0.6227   -0.1103
...    21 T-A ...
  -30.8600  -32.8863   36.7826
    0.6361   -0.7626   -0.1176
   -0.0372   -0.1825    0.9825
   -0.7707   -0.6206   -0.1444
...    22 C-G ...
  -33.1955  -35.1173   36.1633
    0.4881   -0.7240    0.4874
   -0.4410    0.2773    0.8536
   -0.7532   -0.6316   -0.1839
...    23 G-C ...
  -35.8431  -37.1704   35.9822
    0.1635   -0.4114    0.8967
   -0.6795    0.6120    0.4047
   -0.7153   -0.6754   -0.1795
...    24 C-G ...
  -37.9635  -39.6792   35.3095
   -0.2441    0.0047    0.9697
   -0.6512    0.7402   -0.1675
   -0.7185   -0.6724   -0.1776
...    25 A-T ...
  -40.4925  -41.6574   34.4515
   -0.5474    0.4748    0.6892
   -0.3648    0.6058   -0.7071
   -0.7532   -0.6385   -0.1584
...    26 A-T ...
  -42.8451  -43.8782   34.1183
   -0.6650    0.7307    0.1545
    0.0435    0.2444   -0.9687
   -0.7456   -0.6374   -0.1943
...    27 A-T ...
  -45.3052  -45.9354   33.6829
   -0.4991    0.7617   -0.4132
    0.4258   -0.1997   -0.8825
   -0.7547   -0.6164   -0.2247
...    28 G-C ...
  -47.9800  -47.7523   33.0682
   -0.1157    0.6160   -0.7792
    0.6240   -0.5652   -0.5396
   -0.7728   -0.5487   -0.3190
...    29 G-C ...
  -50.7757  -49.1866   31.8793
    0.3370    0.2938   -0.8945
    0.5594   -0.8267   -0.0607
   -0.7573   -0.4799   -0.4429
...    30 C-G ...
  -53.3404  -50.2486   30.1088
    0.6394   -0.1605   -0.7520
    0.2569   -0.8772    0.4056
   -0.7247   -0.4525   -0.5196
...    31 C-G ...
  -55.4626  -51.6021   27.8507
    0.7372   -0.5702   -0.3625
   -0.1844   -0.6859    0.7040
   -0.6501   -0.4521   -0.6107
...    32 G-C ...
  -57.4134  -53.5835   25.9399
    0.5451   -0.8253    0.1477
   -0.6298   -0.2867    0.7219
   -0.5534   -0.4865   -0.6760
...    33 G-C ...
  -58.9036  -55.4249   23.4973
    0.1170   -0.8264    0.5508
   -0.8520    0.2015    0.4832
   -0.5103   -0.5258   -0.6805
...    34 C-G ...
  -60.2700  -57.3742   21.1255
   -0.3846   -0.5660    0.7292
   -0.7723    0.6300    0.0816
   -0.5056   -0.5318   -0.6794
...    35 C-G ...
  -61.7939  -59.3605   18.8269
   -0.7314   -0.0892    0.6761
   -0.4158    0.8442   -0.3384
   -0.5406   -0.5286   -0.6545
...    36 C-G ...
  -63.4692  -61.3761   16.6652
   -0.7989    0.4314    0.4191
    0.0754    0.7632   -0.6418
   -0.5967   -0.4811   -0.6422
...    37 G-C ...
  -65.2329  -62.7601   14.1458
   -0.5353    0.8415    0.0726
    0.5313    0.4022   -0.7456
   -0.6567   -0.3606   -0.6624
...    38 A-T ...
  -67.3889  -63.9741   12.0228
   -0.0791    0.9428   -0.3237
    0.7485   -0.1583   -0.6439
   -0.6584   -0.2933   -0.6932
...    39 C-G ...
  -69.9521  -64.5843   10.0923
    0.3633    0.7443   -0.5604
    0.6718   -0.6260   -0.3959
   -0.6455   -0.2327   -0.7275
...    40 A-T ...
  -71.9719  -65.2157    7.4902
    0.7637    0.3048   -0.5692
    0.3236   -0.9435   -0.0710
   -0.5586   -0.1300   -0.8192
...    41 C-G ...
  -73.7235  -64.9441    4.7131
    0.8454   -0.2253   -0.4842
   -0.1423   -0.9689    0.2024
   -0.5148   -0.1022   -0.8512
...    42 G-C ...
  -75.1536  -65.7190    1.7598
    0.6610   -0.7217   -0.2053
   -0.6372   -0.6844    0.3543
   -0.3962   -0.1033   -0.9123
...    43 A-T ...
  -76.2615  -66.0934   -1.3348
    0.1423   -0.9887    0.0474
   -0.9185   -0.1140    0.3786
   -0.3689   -0.0974   -0.9244
...    44 C-G ...
  -76.8590  -66.5414   -4.6184
   -0.3791   -0.8951    0.2347
   -0.8541    0.4361    0.2835
   -0.3561   -0.0930   -0.9298
...    45 T-A ...
  -77.8321  -67.1062   -7.7684
   -0.7791   -0.5091    0.3658
   -0.5084    0.8545    0.1065
   -0.3669   -0.1030   -0.9246
...    46 T-A ...
  -78.8349  -67.6786  -10.8224
   -0.9420    0.0873    0.3242
    0.0574    0.9932   -0.1009
   -0.3308   -0.0765   -0.9406
...    47 A-T ...
  -79.7326  -67.6297  -14.0713
   -0.6901    0.6906    0.2162
    0.6422    0.7222   -0.2571
   -0.3337   -0.0386   -0.9419
...    48 C-G ...
  -81.2989  -68.0489  -16.9404
   -0.2311    0.9682    0.0957
    0.9110    0.2498   -0.3282
   -0.3417    0.0114   -0.9397
...    49 T-A ...
  -82.7059  -67.8348  -19.9255
    0.3179    0.9481    0.0017
    0.8892   -0.2975   -0.3476
   -0.3291    0.1120   -0.9376
...    50 G-C ...
  -83.5510  -67.2095  -23.1146
    0.8026    0.5939   -0.0562
    0.5455   -0.7688   -0.3338
   -0.2414    0.2372   -0.9410
...    51 T-A ...
  -84.3797  -65.7991  -25.9675
    0.9804    0.0899   -0.1751
    0.0379   -0.9592   -0.2802
   -0.1931    0.2681   -0.9438
...    52 A-T ...
  -84.8448  -65.0208  -29.1965
    0.8125   -0.5215   -0.2604
   -0.5696   -0.8052   -0.1647
   -0.1238    0.2822   -0.9513
...    53 G-C ...
  -84.9033  -63.9188  -32.3468
    0.3775   -0.8847   -0.2735
   -0.9229   -0.3837   -0.0324
   -0.0763    0.2646   -0.9613
...    54 G-C ...
  -84.7947  -63.1587  -35.6596
   -0.2037   -0.9577   -0.2033
   -0.9777    0.1881    0.0936
   -0.0514    0.2178   -0.9746
...    55 T-A ...
  -84.3870  -62.7064  -38.9712
   -0.7014   -0.7018   -0.1242
   -0.7108    0.6762    0.1934
   -0.0518    0.2240   -0.9732
...    56 A-T ...
  -84.6513  -61.3424  -42.0969
   -0.9978   -0.0633   -0.0171
   -0.0656    0.9617    0.2661
   -0.0004    0.2667   -0.9638
...    57 T-A ...
  -84.7477  -61.1119  -45.3954
   -0.8873    0.4459    0.1180
    0.4611    0.8508    0.2522
    0.0120    0.2782   -0.9605
...    58 C-G ...
  -84.7152  -60.2600  -48.5775
   -0.4356    0.8513    0.2925
    0.9002    0.4113    0.1434
    0.0018    0.3258   -0.9454
...    59 T-A ...
  -85.0272  -59.0974  -51.6683
    0.1133    0.9058    0.4084
    0.9936   -0.1023   -0.0488
   -0.0025    0.4113   -0.9115
...    60 C-G ...
  -85.0601  -57.6162  -54.5858
    0.6758    0.6429    0.3604
    0.7366   -0.6066   -0.2991
    0.0264    0.4676   -0.8835
...    61 G-C ...
  -84.5089  -56.0841  -57.5463
    0.9610    0.1235    0.2473
    0.2376   -0.8263   -0.5107
    0.1412    0.5496   -0.8234
...    62 A-T ...
  -83.8531  -54.1852  -60.1573
    0.9068   -0.4138   -0.0799
   -0.3779   -0.7145   -0.5888
    0.1866    0.5641   -0.8043
...    63 G-C ...
  -82.9285  -52.1699  -62.6547
    0.5448   -0.7598   -0.3547
   -0.8039   -0.3530   -0.4786
    0.2385    0.5459   -0.8032
...    64 C-G ...
  -81.6812  -50.4161  -65.2282
   -0.0082   -0.8349   -0.5503
   -0.9649    0.1510   -0.2148
    0.2625    0.5293   -0.8068
...    65 T-A ...
  -80.5119  -48.8463  -67.9474
   -0.5459   -0.6219   -0.5614
   -0.7951    0.5959    0.1130
    0.2643    0.5081   -0.8198
...    66 C-G ...
  -79.5469  -47.2189  -70.6704
   -0.9188   -0.1291   -0.3730
   -0.2987    0.8451    0.4434
    0.2580    0.5188   -0.8150
...    67 G-C ...
  -78.6289  -45.0803  -73.1294
   -0.9428    0.3318    0.0313
    0.2851    0.7545    0.5912
    0.1725    0.5663   -0.8059
...    68 G-C ...
  -78.1212  -43.3457  -75.9940
   -0.6399    0.6372    0.4295
    0.7592    0.4375    0.4820
    0.1193    0.6345   -0.7637
...    69 G-C ...
  -77.9801  -41.2463  -78.6349
   -0.1309    0.6974    0.7046
    0.9864    0.0204    0.1631
    0.0994    0.7164   -0.6906
...    70 A-T ...
  -77.7180  -38.8382  -80.8314
    0.4661    0.5271    0.7106
    0.8770   -0.3811   -0.2927
    0.1165    0.7596   -0.6399
...    71 T-A ...
  -77.7945  -36.0384  -82.5289
    0.8426    0.2408    0.4817
    0.5220   -0.5850   -0.6207
    0.1323    0.7745   -0.6186
...    72 C-G ...
  -77.1830  -33.4118  -84.3925
    0.9821   -0.1831    0.0452
   -0.0714   -0.5827   -0.8095
    0.1746    0.7918   -0.5853
...    73 C-G ...
  -76.1442  -30.7001  -86.1437
    0.7620   -0.5266   -0.3768
   -0.5934   -0.3350   -0.7319
    0.2592    0.7813   -0.5678
...    74 G-C ...
  -75.4023  -28.3178  -88.4266
    0.2572   -0.6682   -0.6981
   -0.9087    0.0785   -0.4100
    0.3288    0.7398   -0.5870
...    75 C-G ...
  -73.9130  -26.0062  -90.3531
   -0.3066   -0.5163   -0.7996
   -0.8911    0.4509    0.0505
    0.3345    0.7281   -0.5984
...    76 T-A ...
  -72.5859  -23.7882  -92.4835
   -0.7556   -0.2004   -0.6236
   -0.5734    0.6625    0.4819
    0.3166    0.7217   -0.6155
...    77 T-A ...
  -71.3814  -21.6216  -94.6054
   -0.9401    0.2475   -0.2343
   -0.0253    0.6347    0.7723
    0.3399    0.7320   -0.5904
...    78 T-A ...
  -70.2782  -19.3904  -96.7001
   -0.7791    0.5692    0.2627
    0.5216    0.3561    0.7753
    0.3478    0.7411   -0.5743
...    79 A-T ...
  -69.0472  -16.8349  -98.4964
   -0.3366    0.5995    0.7262
    0.8886   -0.0530    0.4556
    0.3116    0.7986   -0.5148
...    80 A-T ...
  -68.2370  -14.1707 -100.1470
    0.2208    0.4292    0.8758
    0.9240   -0.3794   -0.0470
    0.3121    0.8196   -0.4804
...    81 C-G ...
  -67.7301  -11.1803 -101.4397
    0.6605    0.1206    0.7411
    0.6750   -0.5276   -0.5157
    0.3288    0.8409   -0.4299
...    82 A-T ...
  -66.3791   -8.4399 -102.8354
    0.8890   -0.2963    0.3491
    0.1929   -0.4490   -0.8725
    0.4153    0.8430   -0.3420
...    83 C-G ...
  -64.8942   -5.4902 -103.3025
    0.8444   -0.5084   -0.1690
   -0.3028   -0.1927   -0.9334
    0.4419    0.8393   -0.3167
...    84 T-A ...
  -63.1206   -2.7720 -104.1035
    0.5234   -0.5544   -0.6471
   -0.6992    0.1546   -0.6980
    0.4870    0.8178   -0.3067
...    85 T-A ...
  -61.3006   -0.1700 -104.8864
    0.0278   -0.3076   -0.9511
   -0.8774    0.4484   -0.1707
    0.4790    0.8392   -0.2574
...    86 T-A ...
  -59.4608    2.4245 -105.6545
   -0.4770    0.0662   -0.8764
   -0.7297    0.5259    0.4369
    0.4898    0.8480   -0.2025
...    87 A-T ...
  -58.0049    5.5209 -105.8039
   -0.8206    0.4358   -0.3698
   -0.2459    0.3149    0.9167
    0.5160    0.8432   -0.1512
...    88 T-A ...
  -56.2978    8.1147 -106.9396
   -0.8284    0.5363    0.1616
    0.2097    0.0294    0.9773
    0.5194    0.8435   -0.1369
...    89 G-C ...
  -54.5664   10.9882 -107.1523
   -0.6102    0.3500    0.7107
    0.6558   -0.2802    0.7010
    0.4445    0.8939   -0.0585
...    90 C-G ...
  -53.4877   14.1049 -107.5284
   -0.1773    0.0729    0.9815
    0.8865   -0.4212    0.1914
    0.4274    0.9040    0.0100
...    91 T-A ...
  -52.3643   17.2161 -107.2884
    0.2880   -0.2487    0.9248
    0.8589   -0.3599   -0.3643
    0.4234    0.8992    0.1099
...    92 T-A ...
  -51.1311   20.1618 -106.7425
    0.7191   -0.4349    0.5420
    0.5448   -0.1312   -0.8282
    0.4313    0.8909    0.1426
...    93 C-G ...
  -49.5670   22.9817 -106.0909
    0.8904   -0.4501   -0.0683
    0.0221    0.1927   -0.9810
    0.4547    0.8719    0.1816
...    94 C-G ...
  -47.6630   25.6846 -105.3078
    0.7219   -0.3031   -0.6221
   -0.4591    0.4629   -0.7583
    0.5178    0.8330    0.1951
...    95 G-C ...
  -46.0734   28.6737 -105.0656
    0.2851   -0.0058   -0.9585
   -0.7730    0.5899   -0.2335
    0.5667    0.8075    0.1637
...    96 G-C ...
  -43.9358   31.2746 -104.5578
   -0.2331    0.3017   -0.9245
   -0.7930    0.4913    0.3603
    0.5629    0.8171    0.1248
...    97 C-G ...
  -41.7640   33.8325 -104.3204
   -0.6562    0.5086   -0.5575
   -0.5272    0.2195    0.8209
    0.5398    0.8326    0.1241
...    98 T-A ...
  -39.9178   36.6212 -104.1870
   -0.8654    0.5007   -0.0192
   -0.0843   -0.1077    0.9906
    0.4939    0.8589    0.1354
...    99 C-G ...
  -38.2464   39.4416 -103.8049
   -0.7665    0.2901    0.5730
    0.4464   -0.4008    0.8001
    0.4617    0.8690    0.1777
...   100 G-C ...
  -36.5184   42.2170 -102.9154
   -0.4495   -0.1247    0.8845
    0.8059   -0.4837    0.3414
    0.3852    0.8663    0.3179
...   101 T-A ...
  -35.8633   45.2522 -101.8367
    0.0209   -0.4162    0.9090
    0.9267   -0.3331   -0.1738
    0.3751    0.8461    0.3788
...   102 T-A ...
  -34.8202   47.9869 -100.4575
    0.5344   -0.5640    0.6296
    0.7561   -0.0141   -0.6544
    0.3779    0.8257    0.4189
...   103 C-G ...
  -33.4765   50.5373  -98.8825
    0.8674   -0.4878    0.0983
    0.3042    0.3636   -0.8805
    0.3937    0.7936    0.4638
...   104 A-T ...
  -31.9521   53.2134  -97.5574
    0.8529   -0.2224   -0.4723
   -0.2453    0.6279   -0.7386
    0.4609    0.7458    0.4810
...   105 T-A ...
  -30.1396   55.1638  -95.5612
    0.6103    0.1686   -0.7740
   -0.6577    0.6525   -0.3765
    0.4415    0.7388    0.5091
...   106 G-C ...
  -28.9327   57.8699  -94.0107
    0.0690    0.5166   -0.8535
   -0.8866    0.4241    0.1849
    0.4575    0.7439    0.4872
...   107 T-A ...
  -26.8619   60.1530  -92.6256
   -0.4275    0.6673   -0.6099
   -0.7870    0.0572    0.6143
    0.4447    0.7426    0.5007
...   108 T-A ...
  -25.1855   62.5280  -91.1379
   -0.7999    0.5898   -0.1105
   -0.3929   -0.3756    0.8394
    0.4536    0.7148    0.5322
...   109 A-T ...
  -23.6469   64.7347  -89.0926
   -0.8912    0.1858    0.4139
    0.1888   -0.6777    0.7107
    0.4125    0.7115    0.5689
...   110 T-A ...
  -22.6063   67.4745  -87.6227
   -0.6813   -0.2101    0.7012
    0.6168   -0.6806    0.3953
    0.3942    0.7018    0.5933
...   111 A-T ...
  -21.4504   69.7753  -85.4773
   -0.2532   -0.6661    0.7016
    0.9117   -0.4069   -0.0572
    0.3236    0.6251    0.7103
...   112 A-T ...
  -20.5962   71.7402  -83.0567
    0.2995   -0.8087    0.5063
    0.9013    0.0659   -0.4281
    0.3128    0.5845    0.7486
...   113 C-G ...
  -20.0569   73.3437  -80.2131
    0.7226   -0.6708    0.1673
    0.6141    0.5116   -0.6010
    0.3176    0.5370    0.7815
...   114 G-C ...
  -18.4610   75.1173  -77.7823
    0.9185   -0.2846   -0.2746
    0.1131    0.8544   -0.5071
    0.3789    0.4347    0.8170
...   115 G-C ...
  -16.8475   76.2741  -75.0119
    0.8022    0.2420   -0.5458
   -0.4129    0.8852   -0.2144
    0.4313    0.3973    0.8100
...   116 A-T ...
  -15.3221   77.5009  -72.3133
    0.3791    0.7524   -0.5387
   -0.8219    0.5413    0.1776
    0.4252    0.3754    0.8236
...   117 A-T ...
  -13.6824   78.5437  -69.6708
   -0.1713    0.9504   -0.2596
   -0.8970   -0.0415    0.4400
    0.4074    0.3082    0.8596
...   118 T-A ...
  -11.7785   79.6873  -67.1895
   -0.6118    0.7901    0.0376
   -0.6777   -0.5481    0.4902
    0.4079    0.2744    0.8708
...   119 A-T ...
  -10.5102   80.1209  -64.0474
   -0.9096    0.2309    0.3454
   -0.1219   -0.9430    0.3096
    0.3972    0.2395    0.8859
...   120 A-T ...
   -9.2544   81.0578  -61.2059
   -0.8200   -0.3740    0.4332
    0.4307   -0.9017    0.0368
    0.3769    0.2168    0.9005
...   121 T-A ...
   -8.4814   82.2232  -58.2467
   -0.4946   -0.7931    0.3554
    0.7931   -0.5792   -0.1887
    0.3555    0.1885    0.9155
...   122 G-C ...
   -7.2311   82.4957  -55.1172
    0.0129   -0.9988    0.0471
    0.9508   -0.0023   -0.3096
    0.3094    0.0487    0.9497
...   123 T-A ...
   -6.7749   82.3109  -51.8528
    0.5116   -0.8413   -0.1744
    0.8017    0.5404   -0.2553
    0.3090   -0.0092    0.9510
...   124 G-C ...
   -5.3185   82.2384  -48.8067
    0.8681   -0.3376   -0.3638
    0.3520    0.9356   -0.0284
    0.3500   -0.1034    0.9310
...   125 T-A ...
   -4.1284   81.2300  -45.8307
    0.9174    0.2402   -0.3173
   -0.1820    0.9623    0.2021
    0.3539   -0.1276    0.9265
...   126 C-G ...
   -2.8122   80.7469  -42.8063
    0.6084    0.7880   -0.0944
   -0.7139    0.5953    0.3687
    0.3467   -0.1570    0.9247
...   127 G-C ...
   -2.1029   80.4007  -39.4858
    0.0349    0.9914    0.1262
   -0.9365   -0.0117    0.3506
    0.3490   -0.1304    0.9280
...   128 A-T ...
   -0.8472   79.8210  -36.4564
   -0.5580    0.7648    0.3221
   -0.7625   -0.6257    0.1646
    0.3274   -0.1538    0.9323
...   129 C-G ...
    0.6206   79.7582  -33.4445
   -0.8941    0.2937    0.3380
   -0.3324   -0.9412   -0.0614
    0.3001   -0.1672    0.9391
...   130 C-G ...
    1.7639   79.4192  -30.2536
   -0.9529   -0.2697    0.1387
    0.2280   -0.9387   -0.2587
    0.1999   -0.2149    0.9560
...   131 A-T ...
    2.4872   78.4803  -27.0864
   -0.6611   -0.7286   -0.1791
    0.7448   -0.6087   -0.2733
    0.0901   -0.3141    0.9451
...   132 A-T ...
    2.5830   77.4265  -24.0337
   -0.1144   -0.9253   -0.3617
    0.9916   -0.0840   -0.0988
    0.0611   -0.3699    0.9271
...   133 A-T ...
    2.6057   76.0719  -21.0954
    0.4803   -0.7846   -0.3920
    0.8756    0.4550    0.1621
    0.0511   -0.4211    0.9056
...   134 T-A ...
    2.3094   74.2286  -18.3855
    0.8657   -0.4292   -0.2574
    0.4984    0.7868    0.3642
    0.0462   -0.4436    0.8950
...   135 G-C ...
    1.4371   72.0947  -15.6004
    0.9809    0.0621    0.1844
   -0.1263    0.9241    0.3606
   -0.1480   -0.3770    0.9143
...   136 T-A ...
    0.5300   69.2372  -13.4653
    0.7353    0.4962    0.4617
   -0.6117    0.7791    0.1369
   -0.2918   -0.3831    0.8764
...   137 G-C ...
   -0.1630   67.4089  -10.8056
    0.1799    0.8794    0.4409
   -0.9276    0.3008   -0.2216
   -0.3275   -0.3691    0.8698
...   138 A-T ...
   -0.1293   66.2153   -7.8182
   -0.3749    0.8569    0.3537
   -0.8857   -0.2184   -0.4097
   -0.2739   -0.4669    0.8408
...   139 G-C ...
   -1.0030   65.6049   -4.9385
   -0.8337    0.5216    0.1812
   -0.5170   -0.6221   -0.5880
   -0.1940   -0.5840    0.7883
...   140 C-G ...
   -0.6940   63.8983   -2.2499
   -0.9992    0.0157   -0.0376
    0.0023   -0.8992   -0.4375
   -0.0406   -0.4373    0.8984
...   141 G-C ...
   -3.4330   60.2356    1.0301
   -0.4426    0.2288   -0.8671
    0.1684   -0.9285   -0.3310
   -0.8808   -0.2925    0.3724
...   142 C-G ...
   -6.3246   59.0803    1.6313
   -0.2968   -0.3279   -0.8969
    0.5658   -0.8170    0.1115
   -0.7693   -0.4743    0.4280
...   143 T-A ...
   -8.6731   58.7215    3.6046
   -0.0344   -0.7815   -0.6229
    0.6534   -0.4892    0.5777
   -0.7562   -0.3872    0.5275
...   144 C-G ...
  -11.6513   58.0073    4.7218
    0.2453   -0.9542   -0.1714
    0.6321    0.0234    0.7745
   -0.7350   -0.2984    0.6089
...   145 A-T ...
  -14.1725   56.5625    6.1818
    0.5795   -0.7268    0.3686
    0.3140    0.6165    0.7220
   -0.7520   -0.3027    0.5855
...   146 C-G ...
  -16.4614   53.8912    7.5168
    0.5336   -0.3333    0.7773
   -0.0346    0.9097    0.4138
   -0.8450   -0.2477    0.4739
...   147 A-T ...
  -19.0124   52.0327    8.9267
    0.2451    0.2906    0.9249
   -0.3073    0.9281   -0.2101
   -0.9195   -0.2327    0.3168
