  147 base-pairs
...     1 A-T ...
    0.0000    0.0000    0.0000
    1.0000    0.0000    0.0000
    0.0000    1.0000    0.0000
    0.0000    0.0000    1.0000
...     2 G-C ...
   -0.1404   -1.2353    3.2259
    0.7530    0.6366    0.1668
   -0.6385    0.7681   -0.0490
   -0.1593   -0.0696    0.9848
...     3 T-A ...
   -0.0377   -3.2918    6.3749
    0.2722    0.9302    0.2464
   -0.9238    0.3243   -0.2034
   -0.2691   -0.1722    0.9476
...     4 G-C ...
   -0.3520   -4.1638    9.4928
   -0.3756    0.9250    0.0576
   -0.8780   -0.3352   -0.3416
   -0.2967   -0.1788    0.9381
...     5 A-T ...
   -0.4480   -4.1448   12.7498
   -0.8116    0.5839   -0.0166
   -0.5522   -0.7762   -0.3042
   -0.1905   -0.2377    0.9525
...     6 G-C ...
   -1.5926   -4.1701   15.6201
   -0.9976    0.0246   -0.0651
   -0.0043   -0.9555   -0.2950
   -0.0694   -0.2940    0.9533
...     7 C-G ...
   -1.1050   -4.4793   18.7363
   -0.8442   -0.5302   -0.0787
    0.5343   -0.8442   -0.0430
   -0.0437   -0.0784    0.9960
...     8 G-C ...
   -2.4044   -7.7255   23.1483
   -0.2753   -0.3294   -0.9032
    0.6650   -0.7437    0.0686
   -0.6943   -0.5817    0.4238
...     9 C-G ...
   -4.4706   -9.9691   24.1142
    0.1145   -0.7026   -0.7023
    0.8512   -0.2951    0.4341
   -0.5123   -0.6475    0.5642
...    10 T-A ...
   -6.7420  -10.8705   25.9717
    0.4841   -0.8363   -0.2573
    0.6594    0.1554    0.7356
   -0.5752   -0.5257    0.6267
...    11 C-G ...
   -9.1682  -12.6167   27.1662
    0.7073   -0.6683    0.2306
    0.3450    0.6110    0.7125
   -0.6170   -0.4243    0.6627
...    12 A-T ...
  -10.9253  -14.6583   29.0713
    0.7515   -0.1377    0.6452
   -0.2027    0.8824    0.4245
   -0.6278   -0.4498    0.6352
...    13 C-G ...
  -11.8495  -17.4796   31.2472
    0.4294    0.2824    0.8578
   -0.5708    0.8209    0.0155
   -0.6998   -0.4963    0.5137
...    14 A-T ...
  -13.5915  -19.7756   33.4284
   -0.1503    0.6106    0.7775
   -0.6874    0.5007   -0.5261
   -0.7106   -0.6135    0.3445
...    15 A-T ...
  -15.7046  -21.9110   34.6862
   -0.5362    0.7729    0.3394
   -0.4458    0.0821   -0.8913
   -0.7168   -0.6292    0.3005
...    16 T-A ...
  -17.8200  -23.8668   36.2639
   -0.6743    0.7206   -0.1614
   -0.1010   -0.3065   -0.9465
   -0.7316   -0.6219    0.2794
...    17 T-A ...
  -20.2130  -25.7624   37.3069
   -0.5696    0.4672   -0.6762
    0.2975   -0.6497   -0.6995
   -0.7662   -0.5996    0.2311
...    18 T-A ...
  -22.8020  -27.5211   38.0517
   -0.2496    0.0815   -0.9649
    0.5509   -0.8075   -0.2107
   -0.7964   -0.5842    0.1567
...    19 A-T ...
  -25.7224  -29.1436   38.1286
    0.2405   -0.2297   -0.9431
    0.5398   -0.7759    0.3266
   -0.8067   -0.5876   -0.0626
...    20 T-A ...
  -28.5850  -30.5718   37.4664
    0.5023   -0.5683   -0.6517
    0.3257   -0.5739    0.7514
   -0.8011   -0.5896   -0.1031
...    21 T-A ...
  -31.1935  -32.3872   36.8153
    0.5936   -0.7974   -0.1085
   -0.0445   -0.1671    0.9849
   -0.8035   -0.5799   -0.1346
...    22 C-G ...
  -33.6648  -34.4830   36.2283
    0.4421   -0.7458    0.4983
   -0.4216    0.3176    0.8494
   -0.7917   -0.5856   -0.1740
...    23 G-C ...
  -36.4676  -36.3192   36.0642
    0.1331   -0.4078    0.9033
   -0.6314    0.6676    0.3944
   -0.7639   -0.6229   -0.1686
...    24 C-G ...
  -38.7775  -38.6587   35.4040
   -0.2413    0.0399    0.9696
   -0.5894    0.7877   -0.1791
   -0.7710   -0.6147   -0.1666
...    25 A-T ...
  -41.4580  -40.4397   34.5693
   -0.5000    0.5312    0.6840
   -0.3137    0.6250   -0.7148
   -0.8072   -0.5720   -0.1459
...    26 A-T ...
  -44.0056  -42.4340   34.2756
   -0.5899    0.7933    0.1506
    0.0569    0.2269   -0.9723
   -0.8055   -0.5650   -0.1790
...    27 A-T ...
  -46.6625  -44.2329   33.8829
   -0.4215    0.8069   -0.4139
    0.3907   -0.2503   -0.8858
   -0.8183   -0.5351   -0.2098
...    28 G-C ...
  -49.5279  -45.7435   33.3143
   -0.0581    0.6221   -0.7808
    0.5493   -0.6332   -0.5453
   -0.8336   -0.4605   -0.3049
...    29 G-C ...
  -52.4865  -46.8269   32.1457
    0.3541    0.2520   -0.9006
    0.4576   -0.8865   -0.0681
   -0.8156   -0.3880   -0.4293
...    30 C-G ...
  -55.1793  -47.5750   30.4014
    0.6015   -0.2360   -0.7632
    0.1553   -0.9026    0.4016
   -0.7836   -0.3601   -0.5063
...    31 C-G ...
  -57.4838  -48.6613   28.1738
    0.6507   -0.6589   -0.3773
   -0.2571   -0.6588    0.7071
   -0.7145   -0.3631   -0.5981
...    32 G-C ...
  -59.7260  -50.3635   26.3149
    0.4296   -0.8931    0.1333
   -0.6473   -0.2016    0.7351
   -0.6297   -0.4021   -0.6647
...    33 G-C ...
  -61.5296  -51.9381   23.8981
    0.0099   -0.8390    0.5440
   -0.8024    0.3180    0.5050
   -0.5966   -0.4415   -0.6701
...    34 C-G ...
  -63.2231  -53.6264   21.5362
   -0.4455   -0.5104    0.7355
   -0.6681    0.7364    0.1064
   -0.5959   -0.4440   -0.6691
...    35 C-G ...
  -65.0686  -55.3240   19.2425
   -0.7169    0.0134    0.6971
   -0.2918    0.9023   -0.3175
   -0.6332   -0.4310   -0.6429
...    36 C-G ...
  -67.0802  -57.0305   17.1032
   -0.7082    0.5423    0.4520
    0.1730    0.7540   -0.6337
   -0.6845   -0.3706   -0.6278
...    37 G-C ...
  -69.1286  -58.0738   14.6380
   -0.3910    0.9138    0.1100
    0.5612    0.3314   -0.7584
   -0.7295   -0.2348   -0.6424
...    38 A-T ...
  -71.5299  -58.8552   12.5819
    0.0625    0.9527   -0.2975
    0.6873   -0.2572   -0.6793
   -0.7236   -0.1620   -0.6709
...    39 C-G ...
  -74.2289  -58.9710   10.7510
    0.4578    0.6939   -0.5558
    0.5438   -0.7131   -0.4424
   -0.7034   -0.0997   -0.7038
...    40 A-T ...
  -76.4236  -59.1509    8.2213
    0.7794    0.1967   -0.5948
    0.1596   -0.9805   -0.1151
   -0.6058   -0.0052   -0.7956
...    41 C-G ...
  -78.2185  -58.4836    5.5365
    0.7741   -0.3428   -0.5322
   -0.2936   -0.9392    0.1779
   -0.5609    0.0186   -0.8277
...    42 G-C ...
  -79.8881  -58.8920    2.6366
    0.5172   -0.8137   -0.2653
   -0.7280   -0.5813    0.3634
   -0.4500    0.0052   -0.8930
...    43 A-T ...
  -81.1909  -58.9223   -0.4055
   -0.0301   -0.9995    0.0023
   -0.9048    0.0282    0.4249
   -0.4248    0.0107   -0.9052
...    44 C-G ...
  -82.0180  -59.0943   -3.6666
   -0.5185   -0.8261    0.2208
   -0.7488    0.5633    0.3492
   -0.4129    0.0158   -0.9107
...    45 T-A ...
  -83.2301  -59.3153   -6.7755
   -0.8369   -0.3836    0.3905
   -0.3429    0.9234    0.1723
   -0.4267    0.0103   -0.9043
...    46 T-A ...
  -84.4770  -59.5383   -9.7831
   -0.8923    0.2325    0.3869
    0.2265    0.9721   -0.0617
   -0.3904    0.0326   -0.9201
...    47 A-T ...
  -85.5556  -59.1711  -12.9507
   -0.5443    0.7835    0.2996
    0.7406    0.6166   -0.2671
   -0.3940    0.0765   -0.9159
...    48 C-G ...
  -87.3504  -59.1328  -15.7097
   -0.0526    0.9853    0.1626
    0.9173    0.1120   -0.3820
   -0.3946    0.1291   -0.9097
...    49 T-A ...
  -88.8894  -58.4817  -18.5615
    0.4770    0.8785    0.0286
    0.7990   -0.4199   -0.4304
   -0.3661    0.2281   -0.9022
...    50 G-C ...
  -89.8185  -57.4956  -21.6340
    0.8877    0.4523   -0.0859
    0.3799   -0.8251   -0.4181
   -0.2600    0.3385   -0.9043
...    51 T-A ...
  -90.5806  -55.7689  -24.3295
    0.9665   -0.0649   -0.2481
   -0.1487   -0.9300   -0.3362
   -0.2090    0.3618   -0.9085
...    52 A-T ...
  -91.1428  -54.7046  -27.4614
    0.6864   -0.6315   -0.3607
   -0.7127   -0.6828   -0.1607
   -0.1448    0.3674   -0.9187
...    53 G-C ...
  -91.2521  -53.3739  -30.5218
    0.1942   -0.9131   -0.3585
   -0.9754   -0.2186    0.0282
   -0.1041    0.3442   -0.9331
...    54 G-C ...
  -91.2761  -52.3771  -33.7722
   -0.3833   -0.8916   -0.2409
   -0.9191    0.3424    0.1953
   -0.0916    0.2962   -0.9507
...    55 T-A ...
  -91.0633  -51.7436  -37.0711
   -0.8203   -0.5632   -0.0997
   -0.5644    0.7690    0.3003
   -0.0924    0.3026   -0.9486
...    56 A-T ...
  -91.3470  -50.1343  -40.0714
   -0.9919    0.1002    0.0782
    0.1205    0.9369    0.3282
   -0.0404    0.3349   -0.9414
...    57 T-A ...
  -91.6958  -49.6417  -43.3212
   -0.7865    0.5717    0.2337
    0.6169    0.7446    0.2549
   -0.0282    0.3447   -0.9383
...    58 C-G ...
  -91.8148  -48.5586  -46.4275
   -0.2608    0.8846    0.3867
    0.9649    0.2519    0.0746
   -0.0315    0.3926   -0.9192
...    59 T-A ...
  -92.2164  -47.1210  -49.3885
    0.2974    0.8430    0.4482
    0.9545   -0.2524   -0.1587
   -0.0207    0.4750   -0.8797
...    60 C-G ...
  -92.2786  -45.4249  -52.1861
    0.8025    0.5010    0.3240
    0.5964   -0.6890   -0.4118
    0.0169    0.5237   -0.8517
...    61 G-C ...
  -91.7718  -43.7747  -55.0898
    0.9882   -0.0448    0.1466
    0.0495   -0.8118   -0.5818
    0.1451    0.5822   -0.8000
...    62 A-T ...
  -91.0904  -41.8009  -57.6391
    0.8161   -0.5400   -0.2057
   -0.5453   -0.6021   -0.5832
    0.1911    0.5882   -0.7858
...    63 G-C ...
  -90.1213  -39.7609  -60.1002
    0.3776   -0.8047   -0.4580
   -0.8952   -0.1909   -0.4028
    0.2367    0.5621   -0.7925
...    64 C-G ...
  -88.8919  -38.0141  -62.6855
   -0.1973   -0.7817   -0.5916
   -0.9467    0.3086   -0.0920
    0.2545    0.5419   -0.8010
...    65 T-A ...
  -87.7881  -36.4372  -65.4257
   -0.6930   -0.4935   -0.5256
   -0.6767    0.6967    0.2382
    0.2486    0.5207   -0.8167
...    66 C-G ...
  -86.8896  -34.7787  -68.1496
   -0.9635    0.0306   -0.2658
   -0.1163    0.8467    0.5191
    0.2410    0.5311   -0.8123
...    67 G-C ...
  -85.9592  -32.6295  -70.5929
   -0.8737    0.4582    0.1632
    0.4592    0.6664    0.5874
    0.1604    0.5882   -0.7927
...    68 G-C ...
  -85.5560  -30.7862  -73.4019
   -0.4857    0.6911    0.5352
    0.8659    0.2970    0.4024
    0.1192    0.6589   -0.7427
...    69 G-C ...
  -85.4347  -28.5461  -75.9240
    0.0563    0.6647    0.7450
    0.9916   -0.1241    0.0358
    0.1162    0.7367   -0.6661
...    70 A-T ...
  -85.1015  -26.0600  -78.0259
    0.6211    0.4173    0.6634
    0.7708   -0.4785   -0.4206
    0.1419    0.7726   -0.6189
...    71 T-A ...
  -84.9966  -23.1789  -79.5878
    0.9229    0.0990    0.3722
    0.3509   -0.6143   -0.7067
    0.1587    0.7828   -0.6017
...    72 C-G ...
  -84.2821  -20.5537  -81.4212
    0.9447   -0.3130   -0.0977
   -0.2577   -0.5246   -0.8114
    0.2027    0.7917   -0.5763
...    73 C-G ...
  -83.1462  -17.8964  -83.1968
    0.6256   -0.6019   -0.4964
   -0.7271   -0.2191   -0.6506
    0.2828    0.7679   -0.5747
...    74 G-C ...
  -82.4203  -15.5014  -85.4672
    0.0675   -0.6650   -0.7438
   -0.9391    0.2096   -0.2725
    0.3371    0.7169   -0.6103
...    75 C-G ...
  -80.9234  -13.3108  -87.5189
   -0.4802   -0.4437   -0.7566
   -0.8103    0.5547    0.1890
    0.3358    0.7039   -0.6259
...    76 T-A ...
  -79.6448  -11.1959  -89.7742
   -0.8568   -0.0884   -0.5081
   -0.4119    0.7101    0.5711
    0.3103    0.6986   -0.6448
...    77 T-A ...
  -78.5174   -9.1165  -92.0177
   -0.9293    0.3589   -0.0875
    0.1633    0.6115    0.7742
    0.3313    0.7051   -0.6269
...    78 T-A ...
  -77.4960   -6.9626  -94.2288
   -0.6621    0.6442    0.3831
    0.6687    0.2770    0.6900
    0.3384    0.7130   -0.6141
...    79 A-T ...
  -76.2640   -4.5049  -96.1554
   -0.1507    0.6188    0.7710
    0.9366   -0.1602    0.3117
    0.3164    0.7690   -0.5554
...    80 A-T ...
  -75.4341   -1.9118  -97.9107
    0.4041    0.3903    0.8273
    0.8564   -0.4793   -0.1922
    0.3215    0.7861   -0.5279
...    81 C-G ...
  -74.8060    1.0273  -99.2840
    0.7820    0.0408    0.6219
    0.5196   -0.5938   -0.6144
    0.3443    0.8036   -0.4855
...    82 A-T ...
  -73.4247    3.6067 -100.9271
    0.8993   -0.3907    0.1967
   -0.0075   -0.4634   -0.8861
    0.4373    0.7954   -0.4197
...    83 C-G ...
  -71.7485    6.3911 -101.6877
    0.7456   -0.5933   -0.3035
   -0.4785   -0.1596   -0.8635
    0.4639    0.7890   -0.4029
...    84 T-A ...
  -69.8823    8.9185 -102.8288
    0.3436   -0.6084   -0.7154
   -0.7926    0.2208   -0.5684
    0.5038    0.7623   -0.4063
...    85 T-A ...
  -67.9905   11.3188 -103.9849
   -0.1724   -0.3237   -0.9303
   -0.8461    0.5322   -0.0283
    0.5043    0.7823   -0.3656
...    86 T-A ...
  -66.0922   13.7048 -105.1599
   -0.6208    0.0879   -0.7790
   -0.5872    0.6063    0.5363
    0.5194    0.7904   -0.3248
...    87 A-T ...
  -64.4268   16.6069 -105.8024
   -0.8432    0.4788   -0.2445
   -0.0522    0.3797    0.9236
    0.5351    0.7916   -0.2952
...    88 T-A ...
  -62.7963   18.9991 -107.3916
   -0.7494    0.6043    0.2707
    0.3870    0.0679    0.9196
    0.5373    0.7939   -0.2847
...    89 C-G ...
  -61.0692   21.6253 -108.3774
   -0.3932    0.4840    0.7817
    0.7584   -0.3099    0.5734
    0.5198    0.8183   -0.2452
...    90 A-T ...
  -59.1925   24.3368 -109.0392
    0.0545    0.1120    0.9922
    0.8623   -0.5063    0.0098
    0.5034    0.8551   -0.1242
...    91 T-A ...
  -58.1128   27.4304 -109.2302
    0.4775   -0.1817    0.8597
    0.7173   -0.4845   -0.5008
    0.5075    0.8557   -0.1010
...    92 G-C ...
  -56.1059   30.1151 -109.4833
    0.7503   -0.5175    0.4114
    0.3326   -0.2424   -0.9114
    0.5714    0.8206   -0.0098
...    93 T-A ...
  -54.2271   32.7869 -108.8538
    0.7969   -0.5864   -0.1453
   -0.1125    0.0922   -0.9894
    0.5936    0.8047    0.0075
...    94 T-A ...
  -52.2166   35.3370 -108.5541
    0.5938   -0.3933   -0.7019
   -0.5589    0.4259   -0.7115
    0.5788    0.8148    0.0331
...    95 A-T ...
  -50.7188   38.4249 -108.6244
    0.1030    0.0466   -0.9936
   -0.8209    0.5681   -0.0584
    0.5618    0.8216    0.0967
...    96 T-A ...
  -48.3194   40.7178 -108.4155
   -0.3288    0.3603   -0.8729
   -0.7580    0.4506    0.4715
    0.5633    0.8168    0.1250
...    97 A-T ...
  -46.6768   43.5695 -107.4938
   -0.7275    0.5978   -0.3368
   -0.3690    0.0730    0.9266
    0.5785    0.7983    0.1674
...    98 A-T ...
  -44.7362   46.1657 -107.1776
   -0.8011    0.5321    0.2739
    0.1178   -0.3086    0.9439
    0.5868    0.7884    0.1845
...    99 C-G ...
  -43.0296   49.0088 -107.0888
   -0.6362    0.2501    0.7299
    0.5293   -0.5468    0.6487
    0.5613    0.7990    0.2155
...   100 G-C ...
  -40.9557   51.4964 -106.0949
   -0.3014   -0.2192    0.9280
    0.8087   -0.5743    0.1270
    0.5051    0.7887    0.3504
...   101 G-C ...
  -39.5458   54.2258 -104.6908
    0.1411   -0.5834    0.7998
    0.8579   -0.3312   -0.3929
    0.4941    0.7416    0.4538
...   102 A-T ...
  -37.9469   56.5762 -103.0389
    0.6024   -0.7002    0.3833
    0.6193    0.1071   -0.7778
    0.5035    0.7059    0.4982
...   103 T-A ...
  -36.6042   58.6282 -100.8382
    0.8342   -0.5462   -0.0757
    0.2258    0.4636   -0.8568
    0.5031    0.6976    0.5101
...   104 G-C ...
  -34.6909   61.0046  -99.4423
    0.7708   -0.2005   -0.6047
   -0.2911    0.7335   -0.6142
    0.5667    0.6495    0.5070
...   105 C-G ...
  -32.5002   62.8378  -97.6739
    0.4606    0.2433   -0.8536
   -0.6650    0.7315   -0.1504
    0.5879    0.6369    0.4987
...   106 T-A ...
  -30.2610   64.7950  -96.1212
   -0.0001    0.5978   -0.8016
   -0.8014    0.4794    0.3576
    0.5981    0.6425    0.4791
...   107 T-A ...
  -28.0758   66.7322  -94.6506
   -0.4542    0.7924   -0.4072
   -0.6569    0.0109    0.7539
    0.6018    0.6099    0.5156
...   108 C-G ...
  -26.0021   68.7150  -92.9901
   -0.7748    0.6195    0.1261
   -0.2539   -0.4875    0.8354
    0.5790    0.6152    0.5350
...   109 C-G ...
  -23.9975   70.9581  -91.4071
   -0.8378    0.1800    0.5154
    0.2184   -0.7547    0.6187
    0.5003    0.6309    0.5930
...   110 G-C ...
  -22.2014   72.7907  -89.1942
   -0.6351   -0.3707    0.6777
    0.6585   -0.7184    0.2242
    0.4037    0.5887    0.7004
...   111 G-C ...
  -21.1653   74.8581  -86.7360
   -0.2129   -0.7696    0.6020
    0.9100   -0.3805   -0.1646
    0.3557    0.5128    0.7813
...   112 C-G ...
  -20.4597   76.4621  -83.9223
    0.3015   -0.8832    0.3592
    0.8882    0.1231   -0.4428
    0.3468    0.4525    0.8215
...   113 T-A ...
  -19.4901   77.6536  -80.9781
    0.7106   -0.7036    0.0035
    0.6028    0.6063   -0.5187
    0.3629    0.3707    0.8549
...   114 C-G ...
  -18.1599   78.6587  -78.1348
    0.9250   -0.1992   -0.3235
    0.0653    0.9222   -0.3812
    0.3743    0.3315    0.8660
...   115 G-C ...
  -16.7013   80.1621  -75.4625
    0.7653    0.3673   -0.5286
   -0.4667    0.8822   -0.0626
    0.4433    0.2946    0.8466
...   116 T-A ...
  -14.7908   80.6694  -72.7289
    0.3860    0.7947   -0.4684
   -0.8103    0.5348    0.2396
    0.4409    0.2871    0.8504
...   117 A-T ...
  -13.9923   81.6050  -69.4877
   -0.2400    0.9663   -0.0933
   -0.8741   -0.1733    0.4537
    0.4222    0.1904    0.8863
...   118 T-A ...
  -12.0736   82.4654  -66.9163
   -0.6572    0.7329    0.1760
   -0.6244   -0.6602    0.4174
    0.4221    0.1644    0.8915
...   119 A-T ...
  -10.7309   82.6286  -63.8042
   -0.9157    0.1331    0.3792
   -0.0662   -0.9806    0.1843
    0.3964    0.1437    0.9068
...   120 A-T ...
   -9.5006   83.2707  -60.8729
   -0.7947   -0.4670    0.3876
    0.4766   -0.8757   -0.0779
    0.3758    0.1228    0.9185
...   121 T-A ...
   -8.7567   84.1083  -57.7959
   -0.4501   -0.8539    0.2613
    0.8186   -0.5114   -0.2613
    0.3567    0.0963    0.9292
...   122 G-C ...
   -7.4841   84.0772  -54.6730
    0.0636   -0.9960   -0.0631
    0.9460    0.0803   -0.3140
    0.3178   -0.0398    0.9473
...   123 T-A ...
   -6.9849   83.5789  -51.4445
    0.5503   -0.7925   -0.2628
    0.7715    0.6030   -0.2028
    0.3192   -0.0911    0.9433
...   124 G-C ...
   -5.5158   83.2851  -48.4282
    0.8793   -0.2605   -0.3987
    0.3075    0.9498    0.0575
    0.3637   -0.1732    0.9153
...   125 T-A ...
   -4.2653   82.0667  -45.5613
    0.9028    0.3072   -0.3011
   -0.2216    0.9321    0.2864
    0.3686   -0.1918    0.9096
...   126 C-G ...
   -2.9153   81.3755  -42.6009
    0.5754    0.8170   -0.0388
   -0.7325    0.5358    0.4201
    0.3640   -0.2133    0.9067
...   127 G-C ...
   -2.1359   80.8028  -39.3400
    0.0021    0.9828    0.1847
   -0.9313   -0.0653    0.3582
    0.3641   -0.1728    0.9152
...   128 A-T ...
   -0.8306   80.1125  -36.3668
   -0.5765    0.7326    0.3618
   -0.7428   -0.6544    0.1416
    0.3405   -0.1870    0.9215
...   129 C-G ...
    0.6539   79.9709  -33.3783
   -0.8982    0.2604    0.3541
   -0.3114   -0.9455   -0.0947
    0.3101   -0.1954    0.9304
...   130 C-G ...
    1.7834   79.5673  -30.1976
   -0.9478   -0.2892    0.1344
    0.2424   -0.9271   -0.2860
    0.2073   -0.2385    0.9488
...   131 A-T ...
    2.4950   78.5728  -27.0525
   -0.6551   -0.7303   -0.1936
    0.7496   -0.5964   -0.2872
    0.0943   -0.3332    0.9381
...   132 A-T ...
    2.5879   77.4678  -24.0172
   -0.1100   -0.9208   -0.3742
    0.9918   -0.0768   -0.1025
    0.0657   -0.3824    0.9216
...   133 A-T ...
    2.6055   76.0812  -21.0923
    0.4820   -0.7813   -0.3966
    0.8745    0.4569    0.1629
    0.0539   -0.4253    0.9034
...   134 T-A ...
    2.3094   74.2287  -18.3854
    0.8657   -0.4292   -0.2574
    0.4984    0.7868    0.3642
    0.0462   -0.4436    0.8950
...   135 G-C ...
    1.4371   72.0949  -15.6003
    0.9809    0.0621    0.1844
   -0.1263    0.9241    0.3606
   -0.1480   -0.3770    0.9143
...   136 T-A ...
    0.5301   69.2373  -13.4652
    0.7353    0.4962    0.4617
   -0.6117    0.7791    0.1369
   -0.2918   -0.3831    0.8764
...   137 G-C ...
   -0.1630   67.4090  -10.8055
    0.1799    0.8794    0.4409
   -0.9276    0.3008   -0.2216
   -0.3275   -0.3691    0.8698
...   138 A-T ...
   -0.1293   66.2154   -7.8181
   -0.3749    0.8569    0.3537
   -0.8857   -0.2184   -0.4097
   -0.2739   -0.4669    0.8408
...   139 G-C ...
   -1.0030   65.6050   -4.9384
   -0.8337    0.5216    0.1812
   -0.5170   -0.6221   -0.5880
   -0.1940   -0.5840    0.7883
...   140 C-G ...
   -0.6940   63.8984   -2.2498
   -0.9992    0.0157   -0.0376
    0.0023   -0.8992   -0.4375
   -0.0406   -0.4373    0.8984
...   141 G-C ...
   -3.4330   60.2357    1.0302
   -0.4426    0.2288   -0.8671
    0.1684   -0.9285   -0.3310
   -0.8808   -0.2925    0.3724
...   142 C-G ...
   -6.3246   59.0804    1.6314
   -0.2968   -0.3279   -0.8969
    0.5658   -0.8170    0.1115
   -0.7693   -0.4743    0.4280
...   143 T-A ...
   -8.6731   58.7216    3.6046
   -0.0344   -0.7815   -0.6229
    0.6534   -0.4892    0.5777
   -0.7562   -0.3872    0.5275
...   144 C-G ...
  -11.6513   58.0074    4.7219
    0.2453   -0.9542   -0.1714
    0.6321    0.0234    0.7745
   -0.7350   -0.2984    0.6089
...   145 A-T ...
  -14.1725   56.5626    6.1819
    0.5795   -0.7268    0.3686
    0.3140    0.6165    0.7220
   -0.7520   -0.3027    0.5855
...   146 C-G ...
  -16.4613   53.8913    7.5169
    0.5336   -0.3333    0.7773
   -0.0346    0.9097    0.4138
   -0.8450   -0.2477    0.4739
...   147 A-T ...
  -19.0124   52.0328    8.9268
    0.2451    0.2906    0.9249
   -0.3073    0.9281   -0.2101
   -0.9195   -0.2327    0.3168
