  147 base-pairs
...     1 A-T ...
    0.0000    0.0000    0.0000
    1.0000    0.0000    0.0000
    0.0000    1.0000    0.0000
    0.0000    0.0000    1.0000
...     2 G-C ...
   -0.1404   -1.2353    3.2259
    0.7530    0.6366    0.1668
   -0.6385    0.7681   -0.0490
   -0.1593   -0.0696    0.9848
...     3 T-A ...
   -0.0377   -3.2918    6.3749
    0.2722    0.9302    0.2464
   -0.9238    0.3243   -0.2034
   -0.2691   -0.1722    0.9476
...     4 G-C ...
   -0.3520   -4.1638    9.4928
   -0.3756    0.9250    0.0576
   -0.8780   -0.3352   -0.3416
   -0.2967   -0.1788    0.9381
...     5 A-T ...
   -0.4480   -4.1448   12.7498
   -0.8116    0.5839   -0.0166
   -0.5522   -0.7762   -0.3042
   -0.1905   -0.2377    0.9525
...     6 G-C ...
   -1.5926   -4.1701   15.6201
   -0.9976    0.0246   -0.0651
   -0.0043   -0.9555   -0.2950
   -0.0694   -0.2940    0.9533
...     7 C-G ...
   -1.1050   -4.4793   18.7363
   -0.8442   -0.5302   -0.0787
    0.5343   -0.8442   -0.0430
   -0.0437   -0.0784    0.9960
...     8 G-C ...
   -2.4044   -7.7255   23.1483
   -0.2753   -0.3294   -0.9032
    0.6650   -0.7437    0.0686
   -0.6943   -0.5817    0.4238
...     9 C-G ...
   -4.4706   -9.9691   24.1142
    0.1145   -0.7026   -0.7023
    0.8512   -0.2951    0.4341
   -0.5123   -0.6475    0.5642
...    10 T-A ...
   -6.7420  -10.8705   25.9717
    0.4841   -0.8363   -0.2573
    0.6594    0.1554    0.7356
   -0.5752   -0.5257    0.6267
...    11 C-G ...
   -9.1682  -12.6167   27.1662
    0.7073   -0.6683    0.2306
    0.3450    0.6110    0.7125
   -0.6170   -0.4243    0.6627
...    12 A-T ...
  -10.9253  -14.6583   29.0713
    0.7515   -0.1377    0.6452
   -0.2027    0.8824    0.4245
   -0.6278   -0.4498    0.6352
...    13 C-G ...
  -11.8495  -17.4796   31.2472
    0.4294    0.2824    0.8578
   -0.5708    0.8209    0.0155
   -0.6998   -0.4963    0.5137
...    14 A-T ...
  -13.5915  -19.7756   33.4284
   -0.1503    0.6106    0.7775
   -0.6874    0.5007   -0.5261
   -0.7106   -0.6135    0.3445
...    15 A-T ...
  -15.7141  -21.9020   34.6823
   -0.5324    0.7768    0.3363
   -0.4466    0.0797   -0.8912
   -0.7190   -0.6247    0.3045
...    16 T-A ...
  -17.8386  -23.8360   36.2711
   -0.6694    0.7241   -0.1660
   -0.1042   -0.3128   -0.9441
   -0.7356   -0.6146    0.2848
...    17 T-A ...
  -20.2491  -25.7040   37.3242
   -0.5657    0.4649   -0.6811
    0.2911   -0.6601   -0.6924
   -0.7715   -0.5900    0.2381
...    18 T-A ...
  -22.8565  -27.4305   38.0889
   -0.2501    0.0674   -0.9659
    0.5427   -0.8164   -0.1975
   -0.8018   -0.5736    0.1676
...    19 A-T ...
  -25.7473  -29.0958   38.2227
    0.2304   -0.2726   -0.9341
    0.5315   -0.7688    0.3555
   -0.8151   -0.5785   -0.0323
...    20 T-A ...
  -28.6427  -30.5094   37.6454
    0.4858   -0.6086   -0.6274
    0.3220   -0.5426    0.7758
   -0.8126   -0.5789   -0.0677
...    21 T-A ...
  -31.3029  -32.2953   37.1088
    0.5699   -0.8188   -0.0688
   -0.0392   -0.1107    0.9931
   -0.8207   -0.5633   -0.0952
...    22 C-G ...
  -33.8599  -34.3309   36.6620
    0.4206   -0.7295    0.5394
   -0.4015    0.3835    0.8317
   -0.8136   -0.5663   -0.1316
...    23 G-C ...
  -36.7543  -36.0353   36.6117
    0.1266   -0.3534    0.9269
   -0.5959    0.7199    0.3559
   -0.7930   -0.5973   -0.1195
...    24 C-G ...
  -39.1773  -38.3012   36.1113
   -0.2243    0.1174    0.9674
   -0.5523    0.8026   -0.2254
   -0.8029   -0.5849   -0.1152
...    25 A-T ...
  -41.9566  -40.0073   35.4382
   -0.4552    0.6050    0.6533
   -0.2934    0.5908   -0.7516
   -0.8407   -0.5338   -0.0914
...    26 A-T ...
  -44.6244  -41.8533   35.3262
   -0.5343    0.8386    0.1063
    0.0454    0.1540   -0.9870
   -0.8441   -0.5226   -0.1204
...    27 A-T ...
  -47.4044  -43.4863   35.1152
   -0.3756    0.8044   -0.4603
    0.3462   -0.3389   -0.8748
   -0.8597   -0.4879   -0.1512
...    28 G-C ...
  -50.3904  -44.8129   34.7240
   -0.0363    0.5671   -0.8228
    0.4822   -0.7112   -0.5115
   -0.8753   -0.4154   -0.2477
...    29 G-C ...
  -53.4580  -45.7303   33.6931
    0.3403    0.1539   -0.9276
    0.3814   -0.9243   -0.0134
   -0.8595   -0.3492   -0.3733
...    30 C-G ...
  -56.2652  -46.3843   32.0838
    0.5476   -0.3473   -0.7613
    0.0921   -0.8793    0.4673
   -0.8317   -0.3260   -0.4495
...    31 C-G ...
  -58.7510  -47.4390   30.0375
    0.5673   -0.7480   -0.3446
   -0.2872   -0.5719    0.7684
   -0.7718   -0.3369   -0.5392
...    32 G-C ...
  -61.2628  -49.0329   28.4391
    0.3376   -0.9216    0.1913
   -0.6270   -0.0686    0.7760
   -0.7021   -0.3820   -0.6010
...    33 G-C ...
  -63.3726  -50.5457   26.2405
   -0.0568   -0.7876    0.6135
   -0.7314    0.4511    0.5114
   -0.6796   -0.4197   -0.6017
...    34 C-G ...
  -65.3790  -52.1828   24.0945
   -0.4596   -0.3907    0.7975
   -0.5673    0.8201    0.0748
   -0.6833   -0.4180   -0.5986
...    35 C-G ...
  -67.5353  -53.8081   22.0276
   -0.6632    0.1604    0.7310
   -0.1963    0.9053   -0.3767
   -0.7222   -0.3934   -0.5689
...    36 C-G ...
  -69.8757  -55.4040   20.1516
   -0.5985    0.6648    0.4470
    0.2246    0.6749   -0.7029
   -0.7690   -0.3203   -0.5532
...    37 G-C ...
  -72.2357  -56.3313   17.9288
   -0.2541    0.9651    0.0638
    0.5406    0.1964   -0.8180
   -0.8020   -0.1734   -0.5716
...    38 A-T ...
  -74.8766  -56.8803   16.1064
    0.1703    0.9122   -0.3727
    0.5874   -0.3976   -0.7049
   -0.7912   -0.0989   -0.6035
...    39 C-G ...
  -77.7061  -56.7126   14.4876
    0.5038    0.5818   -0.6385
    0.3976   -0.8124   -0.4265
   -0.7668   -0.0390   -0.6406
...    40 A-T ...
  -80.0997  -56.7259   12.1373
    0.7434    0.0375   -0.6678
    0.0027   -0.9986   -0.0531
   -0.6688    0.0377   -0.7425
...    41 C-G ...
  -82.0158  -55.9568    9.5561
    0.6594   -0.4927   -0.5679
   -0.4144   -0.8684    0.2722
   -0.6273    0.0559   -0.7768
...    42 G-C ...
  -84.0206  -56.2801    6.8601
    0.3497   -0.9024   -0.2519
   -0.7710   -0.4299    0.4698
   -0.5322    0.0299   -0.8461
...    43 A-T ...
  -85.6263  -56.2409    3.9615
   -0.1970   -0.9776    0.0746
   -0.8368    0.2073    0.5067
   -0.5108    0.0374   -0.8589
...    44 C-G ...
  -86.8177  -56.4225    0.8113
   -0.6261   -0.7086    0.3255
   -0.5981    0.7042    0.3825
   -0.5003    0.0448   -0.8647
...    45 T-A ...
  -88.3825  -56.5605   -2.1433
   -0.8425   -0.2068    0.4974
   -0.1531    0.9772    0.1469
   -0.5165    0.0476   -0.8550
...    46 T-A ...
  -89.9806  -56.6724   -4.9847
   -0.7852    0.4080    0.4659
    0.3869    0.9106   -0.1453
   -0.4835    0.0662   -0.8728
...    47 A-T ...
  -91.3941  -56.2645   -8.0070
   -0.3547    0.8760    0.3266
    0.7968    0.4660   -0.3845
   -0.4891    0.1239   -0.8634
...    48 C-G ...
  -93.4953  -55.9649  -10.5165
    0.1451    0.9814    0.1257
    0.8645   -0.0640   -0.4985
   -0.4812    0.1810   -0.8577
...    49 T-A ...
  -95.2554  -55.0895  -13.1725
    0.6269    0.7763   -0.0662
    0.6457   -0.5652   -0.5135
   -0.4360    0.2792   -0.8555
...    50 G-C ...
  -96.3799  -53.9782  -16.1375
    0.9353    0.2785   -0.2183
    0.1616   -0.8851   -0.4365
   -0.3147    0.3730   -0.8728
...    51 T-A ...
  -97.1717  -52.1594  -18.7669
    0.8933   -0.2469   -0.3755
   -0.3642   -0.8873   -0.2831
   -0.2633    0.3897   -0.8825
...    52 A-T ...
  -98.0316  -51.0681  -21.8309
    0.4832   -0.7514   -0.4494
   -0.8488   -0.5278   -0.0302
   -0.2145    0.3960   -0.8928
...    53 G-C ...
  -98.3722  -49.7039  -24.8639
   -0.0532   -0.9278   -0.3694
   -0.9815   -0.0195    0.1902
   -0.1837    0.3727   -0.9096
...    54 G-C ...
  -98.7340  -48.6339  -28.0715
   -0.5917   -0.7894   -0.1634
   -0.7844    0.5171    0.3425
   -0.1859    0.3308   -0.9252
...    55 T-A ...
  -98.9428  -47.9669  -31.3687
   -0.9238   -0.3803    0.0445
   -0.3352    0.8594    0.3861
   -0.1851    0.3417   -0.9214
...    56 A-T ...
  -99.3749  -46.2422  -34.2874
   -0.9216    0.2982    0.2484
    0.3659    0.8809    0.3002
   -0.1293    0.3676   -0.9210
...    57 T-A ...
 -100.1614  -45.5731  -37.4239
   -0.5993    0.7102    0.3694
    0.7918    0.5937    0.1433
   -0.1175    0.3784   -0.9182
...    58 C-G ...
 -100.5837  -44.3667  -40.4552
   -0.0022    0.9008    0.4343
    0.9941    0.0491   -0.0969
   -0.1086    0.4315   -0.8955
...    59 T-A ...
 -101.1872  -42.7376  -43.2774
    0.5380    0.7421    0.3999
    0.8396   -0.4296   -0.3323
   -0.0748    0.5145   -0.8542
...    60 C-G ...
 -101.3670  -40.9056  -45.9808
    0.9324    0.3115    0.1831
    0.3605   -0.7691   -0.5278
   -0.0236    0.5581   -0.8294
...    61 T-A ...
 -101.2591  -38.7433  -48.4935
    0.9788   -0.1946   -0.0643
   -0.1947   -0.7849   -0.5882
    0.0640    0.5882   -0.8062
...    62 C-G ...
 -100.7799  -36.8104  -51.1105
    0.6659   -0.6406   -0.3824
   -0.7376   -0.4884   -0.4663
    0.1119    0.5926   -0.7977
...    63 A-T ...
 -100.5102  -35.0213  -53.9255
    0.0915   -0.8383   -0.5374
   -0.9818    0.0143   -0.1895
    0.1665    0.5450   -0.8217
...    64 T-A ...
  -99.2730  -33.3897  -56.5473
   -0.4327   -0.6881   -0.5825
   -0.8836    0.4520    0.1224
    0.1790    0.5676   -0.8036
...    65 G-C ...
  -98.9757  -31.3367  -59.1662
   -0.8852   -0.2970   -0.3581
   -0.4406    0.7824    0.4402
    0.1495    0.5474   -0.8234
...    66 T-A ...
  -98.3339  -30.0421  -62.2025
   -0.9837    0.1712   -0.0548
    0.1087    0.8092    0.5774
    0.1432    0.5620   -0.8146
...    67 T-A ...
  -97.8802  -28.4202  -64.9914
   -0.7300    0.6206    0.2863
    0.6626    0.5398    0.5192
    0.1676    0.5687   -0.8053
...    68 A-T ...
  -97.1050  -26.4205  -67.5858
   -0.1778    0.7819    0.5976
    0.9708    0.0402    0.2363
    0.1607    0.6222   -0.7662
...    69 T-A ...
  -97.2283  -24.2870  -70.0725
    0.3381    0.6753    0.6555
    0.9256   -0.3646   -0.1018
    0.1703    0.6411   -0.7483
...    70 A-T ...
  -96.5288  -22.0258  -72.4424
    0.7921    0.2519    0.5560
    0.5592   -0.6646   -0.4955
    0.2447    0.7034   -0.6673
...    71 A-T ...
  -95.7183  -19.5822  -74.4097
    0.9626   -0.1958    0.1874
    0.0074   -0.6723   -0.7402
    0.2709    0.7139   -0.6457
...    72 C-G ...
  -94.5599  -16.8960  -75.9889
    0.8086   -0.5460   -0.2193
   -0.4994   -0.4396   -0.7466
    0.3112    0.7132   -0.6281
...    73 G-C ...
  -93.5199  -14.8224  -78.4620
    0.3425   -0.7500   -0.5659
   -0.8499    0.0095   -0.5269
    0.4005    0.6614   -0.6342
...    74 G-C ...
  -91.8503  -12.7959  -80.6269
   -0.2202   -0.6410   -0.7353
   -0.8797    0.4562   -0.1342
    0.4214    0.6173   -0.6643
...    75 A-T ...
  -90.3476  -10.8051  -82.8163
   -0.7122   -0.2204   -0.6665
   -0.5588    0.7526    0.3483
    0.4248    0.6205   -0.6592
...    76 G-C ...
  -88.8209   -8.9579  -85.1571
   -0.9170    0.2130   -0.3374
   -0.0740    0.7402    0.6683
    0.3921    0.6378   -0.6629
...    77 A-T ...
  -87.4373   -6.9383  -87.3749
   -0.7827    0.6030    0.1540
    0.4908    0.4461    0.7484
    0.3826    0.6614   -0.6451
...    78 G-C ...
  -86.3717   -4.7820  -89.6779
   -0.4165    0.6959    0.5850
    0.8337    0.0357    0.5511
    0.3626    0.7173   -0.5950
...    79 C-G ...
  -85.5846   -2.3374  -91.7878
    0.0912    0.5501    0.8301
    0.9251   -0.3554    0.1338
    0.3686    0.7557   -0.5413
...    80 T-A ...
  -84.5847    0.3869  -93.3981
    0.5404    0.2019    0.8168
    0.7419   -0.5723   -0.3494
    0.3969    0.7948   -0.4591
...    81 C-G ...
  -83.2125    3.0523  -94.7262
    0.8532   -0.2210    0.4725
    0.2882   -0.5551   -0.7802
    0.4347    0.8019   -0.4099
...    82 G-C ...
  -81.3855    5.4599  -96.2646
    0.8114   -0.5842   -0.0176
   -0.2128   -0.2673   -0.9398
    0.5444    0.7663   -0.3412
...    83 G-C ...
  -79.1705    7.8711  -97.1782
    0.5132   -0.6815   -0.5217
   -0.6015    0.1480   -0.7850
    0.6122    0.7167   -0.3340
...    84 G-C ...
  -76.7924   10.0459  -98.2717
    0.0482   -0.5105   -0.8585
   -0.7620    0.5369   -0.3621
    0.6458    0.6717   -0.3631
...    85 A-T ...
  -74.5608   12.1974  -99.4636
   -0.4282   -0.0661   -0.9012
   -0.6274    0.7395    0.2439
    0.6504    0.6699   -0.3581
...    86 T-A ...
  -72.0788   13.8695 -100.9169
   -0.6777    0.3530   -0.6451
   -0.3142    0.6541    0.6880
    0.6648    0.6690   -0.3324
...    87 C-G ...
  -69.8222   16.0184 -102.0570
   -0.7380    0.6698   -0.0814
    0.1573    0.2881    0.9446
    0.6561    0.6843   -0.3180
...    88 C-G ...
  -67.6686   18.2894 -103.3840
   -0.5775    0.6526    0.4906
    0.5417   -0.1434    0.8283
    0.6109    0.7440   -0.2707
...    89 G-C ...
  -65.3486   20.6888 -103.9966
   -0.2462    0.3467    0.9051
    0.7764   -0.4884    0.3983
    0.5802    0.8008   -0.1490
...    90 C-G ...
  -63.8178   23.5951 -104.4854
    0.1853   -0.0368    0.9820
    0.7886   -0.5906   -0.1709
    0.5863    0.8061   -0.0805
...    91 T-A ...
  -62.0466   26.4026 -104.4404
    0.5299   -0.4198    0.7369
    0.5871   -0.4455   -0.6759
    0.6120    0.7908    0.0104
...    92 T-A ...
  -60.1265   29.0027 -104.1757
    0.7605   -0.6151    0.2082
    0.1833   -0.1042   -0.9775
    0.6230    0.7815    0.0335
...    93 T-A ...
  -58.0759   31.4982 -103.7955
    0.7292   -0.5526   -0.4035
   -0.2861    0.2895   -0.9134
    0.6216    0.7816    0.0530
...    94 A-T ...
  -56.2204   34.3606 -103.9788
    0.3876   -0.1885   -0.9024
   -0.6906    0.5890   -0.4197
    0.6106    0.7859    0.0981
...    95 A-T ...
  -53.9970   36.7251 -103.5745
   -0.0683    0.2426   -0.9677
   -0.7923    0.5763    0.2004
    0.6063    0.7804    0.1528
...    96 C-G ...
  -51.5137   38.9900 -103.3593
   -0.4873    0.5205   -0.7012
   -0.6287    0.3481    0.6954
    0.6060    0.7797    0.1576
...    97 A-T ...
  -49.6180   41.6124 -102.5086
   -0.8039    0.5746   -0.1532
   -0.2145   -0.0400    0.9759
    0.5547    0.8174    0.1554
...    98 C-G ...
  -47.7868   44.3919 -102.5962
   -0.8091    0.4393    0.3904
    0.2447   -0.3522    0.9034
    0.5344    0.8264    0.1774
...    99 T-A ...
  -46.2196   47.2932 -102.1649
   -0.5920    0.1121    0.7981
    0.6424   -0.5324    0.5513
    0.4867    0.8390    0.2432
...   100 T-A ...
  -44.8085   50.1050 -101.4086
   -0.1412   -0.2490    0.9582
    0.8660   -0.5000   -0.0024
    0.4797    0.8294    0.2862
...   101 T-A ...
  -43.4308   52.8385 -100.3675
    0.3550   -0.5269    0.7722
    0.7998   -0.2565   -0.5427
    0.4840    0.8103    0.3303
...   102 A-T ...
  -41.6582   55.4004  -99.1368
    0.7109   -0.6513    0.2652
    0.4616    0.1477   -0.8747
    0.5306    0.7443    0.4057
...   103 T-A ...
  -40.0998   57.5527  -97.1900
    0.8457   -0.4843   -0.2241
    0.0387    0.4745   -0.8794
    0.5322    0.7351    0.4200
...   104 G-C ...
  -38.1419   60.0542  -96.1265
    0.6704   -0.1442   -0.7279
   -0.4433    0.7089   -0.5486
    0.5951    0.6904    0.4113
...   105 C-G ...
  -35.8283   62.0500  -94.7287
    0.2949    0.2774   -0.9144
   -0.7324    0.6803   -0.0298
    0.6138    0.6784    0.4037
...   106 T-A ...
  -33.5135   64.1580  -93.5250
   -0.1708    0.5992   -0.7822
   -0.7675    0.4169    0.4870
    0.6179    0.6835    0.3887
...   107 T-A ...
  -31.2621   66.2353  -92.3807
   -0.5673    0.7592   -0.3189
   -0.5319   -0.0422    0.8458
    0.6287    0.6495    0.4278
...   108 C-G ...
  -29.0931   68.3354  -91.0170
   -0.7906    0.5592    0.2495
   -0.0917   -0.5110    0.8547
    0.6054    0.6529    0.4552
...   109 C-G ...
  -27.0315   70.7000  -89.7156
   -0.7692    0.1127    0.6290
    0.3560   -0.7419    0.5682
    0.5307    0.6609    0.5305
...   110 G-C ...
  -25.1047   72.6463  -87.7310
   -0.5164   -0.4243    0.7438
    0.7310   -0.6708    0.1248
    0.4460    0.6082    0.6566
...   111 G-C ...
  -23.9463   74.7368  -85.3544
   -0.0869   -0.7913    0.6052
    0.9087   -0.3120   -0.2775
    0.4084    0.5258    0.7462
...   112 C-G ...
  -23.0385   76.3163  -82.5912
    0.3985   -0.8658    0.3027
    0.8232    0.1920   -0.5343
    0.4045    0.4621    0.7892
...   113 T-A ...
  -21.8361   77.5065  -79.7367
    0.7515   -0.6538   -0.0880
    0.5038    0.6550   -0.5632
    0.4259    0.3789    0.8216
...   114 C-G ...
  -20.2759   78.5312  -77.0204
    0.8988   -0.1305   -0.4184
   -0.0332    0.9317   -0.3618
    0.4370    0.3390    0.8331
...   115 G-C ...
  -18.6682   80.0738  -74.4659
    0.6868    0.4293   -0.5865
   -0.5270    0.8499    0.0050
    0.5006    0.3057    0.8099
...   116 T-A ...
  -16.5556   80.6388  -71.8935
    0.2906    0.8289   -0.4780
   -0.8183    0.4742    0.3248
    0.4959    0.2967    0.8161
...   117 A-T ...
  -15.5328   81.5317  -68.7090
   -0.3065    0.9507   -0.0470
   -0.8204   -0.2388    0.5195
    0.4827    0.1978    0.8532
...   118 T-A ...
  -13.4647   82.4526  -66.2823
   -0.6845    0.6864    0.2458
   -0.5472   -0.7064    0.4489
    0.4818    0.1728    0.8591
...   119 A-T ...
  -11.8939   82.6971  -63.2974
   -0.8967    0.0780    0.4358
   -0.0012   -0.9848    0.1737
    0.4427    0.1552    0.8831
...   120 A-T ...
  -10.5369   83.3650  -60.4329
   -0.7491   -0.5112    0.4214
    0.5153   -0.8494   -0.1143
    0.4163    0.1315    0.8997
...   121 T-A ...
   -9.6861   84.1964  -57.3871
   -0.3970   -0.8774    0.2694
    0.8282   -0.4690   -0.3068
    0.3955    0.1013    0.9129
...   122 G-C ...
   -8.2952   84.1609  -54.3170
    0.1016   -0.9915   -0.0815
    0.9278    0.1240   -0.3520
    0.3591   -0.0399    0.9325
...   123 T-A ...
   -7.6425   83.6283  -51.1227
    0.5696   -0.7666   -0.2964
    0.7391    0.6355   -0.2234
    0.3596   -0.0918    0.9286
...   124 G-C ...
   -6.0478   83.3377  -48.1746
    0.8737   -0.2222   -0.4327
    0.2743    0.9597    0.0610
    0.4018   -0.1720    0.8995
...   125 T-A ...
   -4.6629   82.1234  -45.3642
    0.8816    0.3428   -0.3246
   -0.2448    0.9199    0.3065
    0.4036   -0.1907    0.8948
...   126 C-G ...
   -3.2091   81.4278  -42.4543
    0.5468    0.8361   -0.0432
   -0.7378    0.5057    0.4472
    0.3957   -0.2126    0.8934
...   127 G-C ...
   -2.3422   80.8095  -39.2283
   -0.0232    0.9804    0.1954
   -0.9211   -0.0969    0.3770
    0.3885   -0.1713    0.9054
...   128 A-T ...
   -0.9563   80.1128  -36.2977
   -0.5889    0.7146    0.3776
   -0.7230   -0.6746    0.1491
    0.3612   -0.1852    0.9139
...   129 C-G ...
    0.5775   79.9844  -33.3423
   -0.8987    0.2387    0.3680
   -0.2919   -0.9516   -0.0956
    0.3273   -0.1934    0.9249
...   130 C-G ...
    1.7475   79.5947  -30.1793
   -0.9415   -0.3053    0.1424
    0.2549   -0.9219   -0.2917
    0.2204   -0.2383    0.9458
...   131 A-T ...
    2.4728   78.6084  -27.0370
   -0.6495   -0.7356   -0.1925
    0.7535   -0.5888   -0.2925
    0.1018   -0.3350    0.9367
...   132 A-T ...
    2.5792   77.4894  -24.0085
   -0.1067   -0.9201   -0.3770
    0.9918   -0.0717   -0.1059
    0.0704   -0.3852    0.9202
...   133 A-T ...
    2.6023   76.0879  -21.0905
    0.4829   -0.7797   -0.3987
    0.8739    0.4583    0.1621
    0.0564   -0.4267    0.9026
...   134 T-A ...
    2.3093   74.2287  -18.3853
    0.8657   -0.4292   -0.2574
    0.4984    0.7868    0.3642
    0.0462   -0.4436    0.8950
...   135 G-C ...
    1.4369   72.0948  -15.6002
    0.9809    0.0621    0.1844
   -0.1263    0.9241    0.3606
   -0.1480   -0.3770    0.9143
...   136 T-A ...
    0.5299   69.2373  -13.4651
    0.7353    0.4962    0.4617
   -0.6117    0.7791    0.1369
   -0.2918   -0.3831    0.8764
...   137 G-C ...
   -0.1632   67.4090  -10.8054
    0.1799    0.8794    0.4409
   -0.9276    0.3008   -0.2216
   -0.3275   -0.3691    0.8698
...   138 A-T ...
   -0.1295   66.2154   -7.8180
   -0.3749    0.8569    0.3537
   -0.8857   -0.2184   -0.4097
   -0.2739   -0.4669    0.8408
...   139 G-C ...
   -1.0032   65.6050   -4.9383
   -0.8337    0.5216    0.1812
   -0.5170   -0.6221   -0.5880
   -0.1940   -0.5840    0.7883
...   140 C-G ...
   -0.6942   63.8984   -2.2497
   -0.9992    0.0157   -0.0376
    0.0023   -0.8992   -0.4375
   -0.0406   -0.4373    0.8984
...   141 G-C ...
   -3.4332   60.2357    1.0303
   -0.4426    0.2288   -0.8671
    0.1684   -0.9285   -0.3310
   -0.8808   -0.2925    0.3724
...   142 C-G ...
   -6.3248   59.0804    1.6315
   -0.2968   -0.3279   -0.8969
    0.5658   -0.8170    0.1115
   -0.7693   -0.4743    0.4280
...   143 T-A ...
   -8.6733   58.7216    3.6047
   -0.0344   -0.7815   -0.6229
    0.6534   -0.4892    0.5777
   -0.7562   -0.3872    0.5275
...   144 C-G ...
  -11.6515   58.0074    4.7220
    0.2453   -0.9542   -0.1714
    0.6321    0.0234    0.7745
   -0.7350   -0.2984    0.6089
...   145 A-T ...
  -14.1727   56.5626    6.1820
    0.5795   -0.7268    0.3686
    0.3140    0.6165    0.7220
   -0.7520   -0.3027    0.5855
...   146 C-G ...
  -16.4615   53.8913    7.5170
    0.5336   -0.3333    0.7773
   -0.0346    0.9097    0.4138
   -0.8450   -0.2477    0.4739
...   147 A-T ...
  -19.0126   52.0327    8.9268
    0.2451    0.2906    0.9249
   -0.3073    0.9281   -0.2101
   -0.9195   -0.2327    0.3168
