  147 base-pairs
...     1 A-T ...
    0.0000    0.0000    0.0000
    1.0000    0.0000    0.0000
    0.0000    1.0000    0.0000
    0.0000    0.0000    1.0000
...     2 G-C ...
   -0.1404   -1.2353    3.2259
    0.7530    0.6366    0.1668
   -0.6385    0.7681   -0.0490
   -0.1593   -0.0696    0.9848
...     3 T-A ...
   -0.0377   -3.2918    6.3749
    0.2722    0.9302    0.2464
   -0.9238    0.3243   -0.2034
   -0.2691   -0.1722    0.9476
...     4 G-C ...
   -0.3520   -4.1638    9.4928
   -0.3756    0.9250    0.0576
   -0.8780   -0.3352   -0.3416
   -0.2967   -0.1788    0.9381
...     5 A-T ...
   -0.4480   -4.1448   12.7498
   -0.8116    0.5839   -0.0166
   -0.5522   -0.7762   -0.3042
   -0.1905   -0.2377    0.9525
...     6 G-C ...
   -1.5926   -4.1701   15.6201
   -0.9976    0.0246   -0.0651
   -0.0043   -0.9555   -0.2950
   -0.0694   -0.2940    0.9533
...     7 C-G ...
   -1.1050   -4.4793   18.7363
   -0.8442   -0.5302   -0.0787
    0.5343   -0.8442   -0.0430
   -0.0437   -0.0784    0.9960
...     8 G-C ...
   -2.4044   -7.7255   23.1483
   -0.2753   -0.3294   -0.9032
    0.6650   -0.7437    0.0686
   -0.6943   -0.5817    0.4238
...     9 C-G ...
   -4.4706   -9.9691   24.1142
    0.1145   -0.7026   -0.7023
    0.8512   -0.2951    0.4341
   -0.5123   -0.6475    0.5642
...    10 T-A ...
   -6.7420  -10.8705   25.9717
    0.4841   -0.8363   -0.2573
    0.6594    0.1554    0.7356
   -0.5752   -0.5257    0.6267
...    11 C-G ...
   -9.1682  -12.6167   27.1662
    0.7073   -0.6683    0.2306
    0.3450    0.6110    0.7125
   -0.6170   -0.4243    0.6627
...    12 A-T ...
  -10.9253  -14.6583   29.0713
    0.7515   -0.1377    0.6452
   -0.2027    0.8824    0.4245
   -0.6278   -0.4498    0.6352
...    13 C-G ...
  -11.8495  -17.4796   31.2472
    0.4294    0.2824    0.8578
   -0.5708    0.8209    0.0155
   -0.6998   -0.4963    0.5137
...    14 A-T ...
  -13.5915  -19.7756   33.4284
   -0.1503    0.6106    0.7775
   -0.6874    0.5007   -0.5261
   -0.7106   -0.6135    0.3445
...    15 A-T ...
  -15.7591  -21.8669   34.6538
   -0.5216    0.7910    0.3198
   -0.4442    0.0682   -0.8933
   -0.7285   -0.6080    0.3157
...    16 T-A ...
  -17.9309  -23.7131   36.2674
   -0.6498    0.7352   -0.1928
   -0.1072   -0.3397   -0.9344
   -0.7525   -0.5865    0.2996
...    17 T-A ...
  -20.4205  -25.4753   37.3207
   -0.5403    0.4517   -0.7100
    0.2762   -0.7018   -0.6567
   -0.7949   -0.5509    0.2544
...    18 T-A ...
  -23.1081  -27.0764   38.1088
   -0.2336    0.0086   -0.9723
    0.5128   -0.8485   -0.1307
   -0.8261   -0.5292    0.1937
...    19 A-T ...
  -25.9205  -28.8788   38.4238
    0.2089   -0.4355   -0.8756
    0.4903   -0.7280    0.4791
   -0.8461   -0.5294    0.0615
...    20 T-A ...
  -28.9268  -30.1936   38.0934
    0.4321   -0.7512   -0.4990
    0.2906   -0.4078    0.8656
   -0.8537   -0.5190    0.0421
...    21 T-A ...
  -31.7659  -31.7986   37.9073
    0.4740   -0.8725    0.1185
   -0.0374    0.1144    0.9927
   -0.8797   -0.4750    0.0216
...    22 C-G ...
  -34.6219  -33.4985   37.8741
    0.3209   -0.6291    0.7080
   -0.3334    0.6246    0.7062
   -0.8865   -0.4626   -0.0093
...    23 G-C ...
  -37.8195  -34.6008   38.0519
    0.0798   -0.1162    0.9900
   -0.4526    0.8807    0.1399
   -0.8881   -0.4592    0.0177
...    24 C-G ...
  -40.6286  -36.4548   38.0061
   -0.1740    0.4153    0.8929
   -0.3902    0.8034   -0.4497
   -0.9041   -0.4267    0.0222
...    25 A-T ...
  -43.7289  -37.7021   37.7246
   -0.2887    0.8472    0.4460
   -0.1864    0.4071   -0.8941
   -0.9391   -0.3413    0.0404
...    26 A-T ...
  -46.7531  -38.8196   38.0279
   -0.3088    0.9393   -0.1497
    0.0296   -0.1479   -0.9886
   -0.9507   -0.3097    0.0179
...    27 A-T ...
  -49.8622  -39.6677   38.1944
   -0.1759    0.7089   -0.6830
    0.1923   -0.6557   -0.7301
   -0.9654   -0.2598   -0.0210
...    28 G-C ...
  -53.1281  -40.1564   38.1114
    0.0657    0.2810   -0.9575
    0.2263   -0.9387   -0.2600
   -0.9718   -0.1995   -0.1253
...    29 G-C ...
  -56.3902  -40.4004   37.2459
    0.2876   -0.2556   -0.9230
    0.0841   -0.9533    0.2901
   -0.9541   -0.1610   -0.2527
...    30 C-G ...
  -59.4192  -40.6385   35.8736
    0.3262   -0.7352   -0.5942
   -0.1448   -0.6600    0.7372
   -0.9342   -0.1544   -0.3217
...    31 C-G ...
  -62.3602  -41.3823   34.3261
    0.2277   -0.9722   -0.0552
   -0.3704   -0.1389    0.9184
   -0.9005   -0.1887   -0.3918
...    32 G-C ...
  -65.5272  -42.2062   33.4230
   -0.0125   -0.8571    0.5151
   -0.4842    0.4559    0.7468
   -0.8749   -0.2401   -0.4207
...    33 G-C ...
  -68.3856  -43.1949   31.8539
   -0.2674   -0.4287    0.8630
   -0.3928    0.8663    0.3086
   -0.8799   -0.2564   -0.4000
...    34 C-G ...
  -71.1882  -44.3713   30.3952
   -0.4320    0.1494    0.8894
   -0.1502    0.9605   -0.2342
   -0.8893   -0.2348   -0.3925
...    35 C-G ...
  -74.1350  -45.4189   29.0489
   -0.3743    0.6825    0.6278
    0.1451    0.7118   -0.6873
   -0.9159   -0.1662   -0.3655
...    36 C-G ...
  -77.2557  -46.1953   27.9605
   -0.1335    0.9750    0.1776
    0.3483    0.2139   -0.9127
   -0.9278   -0.0600   -0.3681
...    37 G-C ...
  -80.2294  -46.3715   26.3531
    0.2371    0.9246   -0.2983
    0.3643   -0.3692   -0.8550
   -0.9006    0.0941   -0.4244
...    38 A-T ...
  -83.1490  -45.9411   24.9580
    0.4775    0.5226   -0.7063
    0.1391   -0.8387   -0.5265
   -0.8675    0.1532   -0.4732
...    39 C-G ...
  -85.8734  -44.7791   23.5390
    0.5310   -0.0070   -0.8473
   -0.1618   -0.9824   -0.0933
   -0.8318    0.1867   -0.5228
...    40 A-T ...
  -88.5319  -44.2811   21.5433
    0.4331   -0.5883   -0.6829
   -0.4961   -0.7881    0.3643
   -0.7525    0.1810   -0.6332
...    41 C-G ...
  -90.5331  -43.3573   19.0329
    0.1100   -0.9232   -0.3682
   -0.6795   -0.3402    0.6500
   -0.7254    0.1787   -0.6647
...    42 G-C ...
  -93.2365  -43.1021   16.9993
   -0.2778   -0.9535    0.1170
   -0.6646    0.2787    0.6932
   -0.6936    0.1148   -0.7112
...    43 A-T ...
  -95.4591  -42.7851   14.5459
   -0.6432   -0.5739    0.5069
   -0.3525    0.8096    0.4694
   -0.6797    0.1232   -0.7230
...    44 C-G ...
  -97.5795  -42.9540   11.9247
   -0.7369   -0.0323    0.6752
    0.0655    0.9907    0.1188
   -0.6728    0.1318   -0.7280
...    45 T-A ...
  -99.9184  -42.7673    9.5320
   -0.5527    0.5194    0.6517
    0.4740    0.8391   -0.2668
   -0.6855    0.1615   -0.7100
...    46 T-A ...
 -102.2399  -42.4371    7.2737
   -0.1683    0.9147    0.3674
    0.7268    0.3669   -0.5807
   -0.6659    0.1693   -0.7265
...    47 A-T ...
 -104.3002  -41.8032    4.6896
    0.3683    0.9297   -0.0031
    0.6774   -0.2706   -0.6841
   -0.6368    0.2498   -0.7294
...    48 C-G ...
 -106.6648  -40.6242    2.7280
    0.7092    0.6268   -0.3228
    0.3703   -0.7208   -0.5860
   -0.6000    0.2960   -0.7433
...    49 T-A ...
 -108.5264  -39.2725    0.3384
    0.8500    0.1094   -0.5154
   -0.0936   -0.9313   -0.3520
   -0.5185    0.3474   -0.7813
...    50 G-C ...
 -110.0002  -38.2879   -2.5259
    0.6911   -0.4921   -0.5294
   -0.5991   -0.7997   -0.0388
   -0.4042    0.3440   -0.8475
...    51 T-A ...
 -110.7344  -36.8426   -5.4285
    0.2682   -0.8553   -0.4433
   -0.8885   -0.3974    0.2294
   -0.3723    0.3323   -0.8666
...    52 A-T ...
 -112.4145  -35.7767   -8.2047
   -0.4002   -0.8904   -0.2170
   -0.8495    0.2715    0.4524
   -0.3439    0.3654   -0.8650
...    53 T-A ...
 -113.0007  -34.9108  -11.3652
   -0.7995   -0.6001    0.0258
   -0.5095    0.7004    0.4999
   -0.3180    0.3865   -0.8657
...    54 C-G ...
 -114.0196  -33.7186  -14.2931
   -0.9470   -0.0360    0.3192
    0.0941    0.9191    0.3826
   -0.3072    0.3924   -0.8670
...    55 A-T ...
 -114.8334  -32.0805  -17.0998
   -0.6781    0.5067    0.5324
    0.6519    0.7491    0.1173
   -0.3394    0.4267   -0.8383
...    56 T-A ...
 -116.4484  -31.1104  -19.8199
   -0.2402    0.8255    0.5107
    0.9155    0.3676   -0.1636
   -0.3228    0.4283   -0.8440
...    57 G-C ...
 -117.2836  -29.5399  -22.6683
    0.3726    0.8311    0.4128
    0.8829   -0.1804   -0.4336
   -0.2859    0.5260   -0.8010
...    58 T-A ...
 -118.6173  -27.5266  -24.9200
    0.7998    0.5776    0.1637
    0.5499   -0.5954   -0.5858
   -0.2409    0.5585   -0.7938
...    59 T-A ...
 -119.3952  -25.5535  -27.3643
    0.9799    0.1080   -0.1678
   -0.0102   -0.8129   -0.5824
   -0.1993    0.5724   -0.7954
...    60 A-T ...
 -119.8376  -23.6868  -30.1161
    0.7958   -0.4535   -0.4013
   -0.5986   -0.6894   -0.4080
   -0.0916    0.5649   -0.8201
...    61 T-A ...
 -119.5565  -21.5166  -32.5769
    0.3741   -0.7481   -0.5481
   -0.9244   -0.3483   -0.1556
   -0.0745    0.5648   -0.8218
...    62 A-T ...
 -120.1447  -19.7018  -35.3824
   -0.3092   -0.7894   -0.5303
   -0.9498    0.2285    0.2137
   -0.0476    0.5697   -0.8204
...    63 A-T ...
 -120.0279  -17.9743  -38.1537
   -0.8143   -0.4726   -0.3369
   -0.5803    0.6512    0.4891
   -0.0117    0.5938   -0.8045
...    64 C-G ...
 -119.8473  -16.5084  -41.1802
   -0.9991   -0.0387   -0.0195
   -0.0427    0.8057    0.5907
   -0.0072    0.5910   -0.8066
...    65 G-C ...
 -119.7255  -14.1517  -43.6049
   -0.8320    0.3998    0.3846
    0.5514    0.6723    0.4939
   -0.0611    0.6230   -0.7798
...    66 G-C ...
 -120.0325  -12.2136  -46.3739
   -0.3732    0.6603    0.6516
    0.9247    0.3219    0.2034
   -0.0755    0.6785   -0.7307
...    67 A-T ...
 -120.3206  -10.0511  -48.8310
    0.2550    0.6905    0.6769
    0.9657   -0.1457   -0.2151
   -0.0499    0.7085   -0.7039
...    68 G-C ...
 -120.6737   -7.5628  -50.9926
    0.7338    0.4377    0.5196
    0.6791   -0.4936   -0.5433
    0.0186    0.7515   -0.6595
...    69 G-C ...
 -120.5893   -4.8020  -52.9275
    0.9773    0.0096    0.2119
    0.1703   -0.6308   -0.7570
    0.1264    0.7759   -0.6181
...    70 T-A ...
 -119.9783   -1.9305  -54.4188
    0.9122   -0.3646   -0.1871
   -0.3675   -0.5259   -0.7670
    0.1813    0.7684   -0.6137
...    71 A-T ...
 -119.2559    0.5033  -56.6114
    0.4924   -0.6591   -0.5684
   -0.8322   -0.1654   -0.5292
    0.2548    0.7336   -0.6300
...    72 T-A ...
 -117.7694    2.8437  -58.4053
   -0.0060   -0.6461   -0.7632
   -0.9638    0.2073   -0.1679
    0.2667    0.7345   -0.6239
...    73 C-G ...
 -116.7952    5.1270  -60.5828
   -0.5876   -0.3908   -0.7085
   -0.7578    0.5728    0.3125
    0.2837    0.7205   -0.6327
...    74 T-A ...
 -115.7249    7.2675  -62.9209
   -0.9133   -0.0273   -0.4063
   -0.3046    0.7081    0.6371
    0.2703    0.7056   -0.6550
...    75 C-G ...
 -114.8094    9.5253  -65.1643
   -0.9103    0.4086    0.0664
    0.3121    0.5721    0.7584
    0.2719    0.7111   -0.6483
...    76 G-C ...
 -113.5940   12.0808  -67.0106
   -0.5856    0.5965    0.5489
    0.7774    0.2214    0.5888
    0.2297    0.7715   -0.5933
...    77 A-T ...
 -112.8616   14.5548  -69.0467
   -0.0167    0.5789    0.8152
    0.9696   -0.1897    0.1546
    0.2442    0.7930   -0.5581
...    78 G-C ...
 -112.2959   17.3063  -70.8070
    0.4797    0.3163    0.8184
    0.8277   -0.4727   -0.3025
    0.2912    0.8225   -0.4886
...    79 C-G ...
 -111.5965   20.2662  -72.1090
    0.8317   -0.0509    0.5528
    0.4352   -0.5584   -0.7062
    0.3447    0.8280   -0.4422
...    80 T-A ...
 -110.3497   23.1296  -73.2069
    0.9022   -0.4112    0.1303
   -0.0567   -0.4126   -0.9092
    0.4276    0.8128   -0.3955
...    81 C-G ...
 -108.7375   25.7131  -74.4145
    0.6750   -0.6105   -0.4144
   -0.5614   -0.0606   -0.8253
    0.4787    0.7897   -0.3836
...    82 G-C ...
 -107.1628   28.1527  -76.1424
    0.1875   -0.6048   -0.7740
   -0.8056    0.3561   -0.4734
    0.5619    0.7123   -0.4205
...    83 G-C ...
 -104.9829   30.2436  -77.6990
   -0.3269   -0.3397   -0.8819
   -0.7472    0.6643    0.0211
    0.5787    0.6658   -0.4709
...    84 G-C ...
 -102.8994   32.2431  -79.4923
   -0.7182    0.0637   -0.6929
   -0.4181    0.7564    0.5030
    0.5562    0.6509   -0.5167
...    85 A-T ...
 -100.9907   34.3033  -81.2454
   -0.8245    0.5112   -0.2426
    0.1018    0.5558    0.8251
    0.5566    0.6556   -0.5103
...    86 T-A ...
  -99.3651   36.1328  -83.4839
   -0.6416    0.7361    0.2154
    0.5087    0.1982    0.8378
    0.5740    0.6472   -0.5017
...    87 C-G ...
  -97.4912   38.2313  -85.2152
   -0.2245    0.6845    0.6936
    0.7842   -0.2957    0.5455
    0.5785    0.6664   -0.4704
...    88 C-G ...
  -95.7753   40.6227  -86.8935
    0.1838    0.3362    0.9237
    0.7790   -0.6229    0.0718
    0.5995    0.7063   -0.3764
...    89 G-C ...
  -93.4608   42.7743  -88.0849
    0.4940   -0.1759    0.8515
    0.5577   -0.6872   -0.4656
    0.6670    0.7049   -0.2413
...    90 C-G ...
  -91.3870   45.3297  -88.4507
    0.6731   -0.5700    0.4712
    0.2118   -0.4619   -0.8613
    0.7086    0.6795   -0.1902
...    91 T-A ...
  -88.9215   47.5346  -88.6878
    0.6250   -0.7790   -0.0508
   -0.1458   -0.0525   -0.9879
    0.7669    0.6248   -0.1464
...    92 T-A ...
  -86.3333   49.4838  -88.9168
    0.4258   -0.6646   -0.6139
   -0.4669    0.4198   -0.7783
    0.7750    0.6181   -0.1315
...    93 T-A ...
  -83.6472   51.3121  -89.1586
    0.0942   -0.2751   -0.9568
   -0.6202    0.7355   -0.2726
    0.7787    0.6191   -0.1014
...    94 A-T ...
  -81.3421   53.8201  -89.4054
   -0.2892    0.3182   -0.9028
   -0.5353    0.7282    0.4281
    0.7937    0.6070   -0.0402
...    95 A-T ...
  -78.6011   55.5773  -89.6984
   -0.5100    0.7167   -0.4757
   -0.2772    0.3866    0.8796
    0.8143    0.5804    0.0015
...    96 C-G ...
  -75.8305   57.3628  -90.2993
   -0.5864    0.8067    0.0730
    0.0337   -0.0657    0.9973
    0.8093    0.5873    0.0114
...    97 A-T ...
  -73.0544   59.2085  -90.0217
   -0.5275    0.5593    0.6394
    0.3677   -0.5282    0.7654
    0.7659    0.6389    0.0730
...    98 C-G ...
  -70.8670   61.6840  -90.1305
   -0.2880    0.1673    0.9429
    0.5875   -0.7467    0.3119
    0.7562    0.6438    0.1168
...    99 T-A ...
  -68.5938   64.0375  -89.6229
   -0.0045   -0.3128    0.9498
    0.6633   -0.7117   -0.2312
    0.7483    0.6290    0.2107
...   100 T-A ...
  -66.3044   66.1611  -88.7907
    0.3354   -0.6887    0.6428
    0.5600   -0.4030   -0.7239
    0.7576    0.6027    0.2505
...   101 T-A ...
  -63.9331   68.0966  -87.7445
    0.5686   -0.8152    0.1104
    0.2881    0.0715   -0.9549
    0.7705    0.5748    0.2755
...   102 A-T ...
  -61.2173   69.9019  -86.9702
    0.5858   -0.6356   -0.5028
   -0.0750    0.5752   -0.8146
    0.8070    0.5149    0.2892
...   103 T-A ...
  -58.4424   71.0437  -85.5813
    0.4744   -0.2412   -0.8466
   -0.3569    0.8265   -0.4354
    0.8047    0.5087    0.3059
...   104 G-C ...
  -55.8277   72.9694  -84.8207
    0.1345    0.2777   -0.9512
   -0.5383    0.8264    0.1652
    0.8320    0.4898    0.2607
...   105 C-G ...
  -52.8352   74.3322  -84.1614
   -0.2015    0.6890   -0.6962
   -0.5167    0.5291    0.6731
    0.8321    0.4953    0.2494
...   106 T-A ...
  -49.9459   75.9290  -83.6255
   -0.4735    0.8521   -0.2229
   -0.3278    0.0644    0.9426
    0.8176    0.5193    0.2488
...   107 T-A ...
  -47.1921   77.5816  -83.0720
   -0.5624    0.7380    0.3730
   -0.0129   -0.4589    0.8884
    0.8268    0.4948    0.2676
...   108 C-G ...
  -44.4470   79.2162  -82.2759
   -0.5021    0.2949    0.8130
    0.3104   -0.8160    0.4877
    0.8072    0.4972    0.3182
...   109 C-G ...
  -41.8782   81.1683  -81.2647
   -0.3510   -0.2537    0.9014
    0.5371   -0.8431   -0.0282
    0.7671    0.4742    0.4321
...   110 G-C ...
  -39.1846   82.4303  -79.6908
   -0.1238   -0.7463    0.6540
    0.6732   -0.5474   -0.4972
    0.7290    0.3787    0.5702
...   111 G-C ...
  -36.9950   83.5352  -77.3794
    0.1765   -0.9611    0.2126
    0.6735   -0.0396   -0.7382
    0.7178    0.2734    0.6403
...   112 C-G ...
  -34.8669   84.0649  -74.8929
    0.4803   -0.8377   -0.2600
    0.5014    0.5054   -0.7022
    0.7197    0.2069    0.6628
...   113 T-A ...
  -32.5152   84.3324  -72.5593
    0.6434   -0.4392   -0.6270
    0.2055    0.8881   -0.4112
    0.7374    0.1357    0.6617
...   114 C-G ...
  -29.9709   84.6012  -70.4697
    0.6432    0.1893   -0.7420
   -0.2054    0.9761    0.0710
    0.7377    0.1068    0.6667
...   115 G-C ...
  -27.5990   85.4204  -68.2148
    0.3719    0.7231   -0.5821
   -0.5231    0.6813    0.5121
    0.7669    0.1140    0.6316
...   116 T-A ...
  -24.6834   85.4824  -66.5200
    0.0320    0.9778   -0.2073
   -0.6530    0.1775    0.7363
    0.7567    0.1118    0.6441
...   117 A-T ...
  -22.4469   85.5950  -63.9551
   -0.3799    0.8579    0.3460
   -0.5486   -0.5101    0.6624
    0.7448    0.0618    0.6645
...   118 T-A ...
  -19.7480   86.2482  -62.1756
   -0.6145    0.4721    0.6320
   -0.2873   -0.8801    0.3780
    0.7347    0.0507    0.6765
...   119 A-T ...
  -17.3529   86.4128  -59.8420
   -0.7511   -0.1376    0.6457
    0.1320   -0.9896   -0.0573
    0.6469    0.0422    0.7614
...   120 A-T ...
  -15.3943   86.6821  -57.2897
   -0.5822   -0.6741    0.4545
    0.5409   -0.7385   -0.4025
    0.6070    0.0116    0.7946
...   121 T-A ...
  -13.9354   87.0188  -54.3903
   -0.2550   -0.9540    0.1575
    0.7705   -0.2989   -0.5630
    0.5841   -0.0223    0.8113
...   122 G-C ...
  -11.9083   86.5337  -51.7549
    0.1641   -0.9423   -0.2917
    0.8189    0.2950   -0.4924
    0.5500   -0.1581    0.8200
...   123 T-A ...
  -10.5624   85.5406  -48.8930
    0.5641   -0.6336   -0.5295
    0.6225    0.7476   -0.2314
    0.5424   -0.1991    0.8162
...   124 G-C ...
   -8.4276   85.0237  -46.3653
    0.8034   -0.0456   -0.5937
    0.1883    0.9653    0.1807
    0.5649   -0.2570    0.7841
...   125 T-A ...
   -6.5088   83.5628  -44.0060
    0.7837    0.4872   -0.3852
   -0.2795    0.8305    0.4818
    0.5546   -0.2699    0.7871
...   126 C-G ...
   -4.6258   82.5705  -41.4520
    0.4550    0.8904    0.0119
   -0.7114    0.3554    0.6062
    0.5356   -0.2843    0.7952
...   127 G-C ...
   -3.3055   81.5245  -38.5155
   -0.0865    0.9466    0.3105
   -0.8607   -0.2279    0.4553
    0.5017   -0.2278    0.8345
...   128 A-T ...
   -1.5629   80.6453  -35.8611
   -0.6035    0.6283    0.4910
   -0.6523   -0.7431    0.1491
    0.4585   -0.2303    0.8583
...   129 C-G ...
    0.2102   80.4159  -33.0909
   -0.8814    0.1516    0.4474
   -0.2377   -0.9608   -0.1427
    0.4082   -0.2322    0.8829
...   130 C-G ...
    1.5412   79.9388  -30.0241
   -0.9173   -0.3576    0.1753
    0.2802   -0.8924   -0.3538
    0.2830   -0.2754    0.9188
...   131 A-T ...
    2.3372   78.8610  -26.9360
   -0.6406   -0.7410   -0.2012
    0.7549   -0.5599   -0.3415
    0.1404   -0.3706    0.9181
...   132 A-T ...
    2.5235   77.6164  -23.9621
   -0.1064   -0.9087   -0.4038
    0.9895   -0.0566   -0.1334
    0.0983   -0.4137    0.9051
...   133 A-T ...
    2.5858   76.1220  -21.0854
    0.4817   -0.7715   -0.4157
    0.8734    0.4613    0.1559
    0.0715   -0.4381    0.8961
...   134 T-A ...
    2.3094   74.2287  -18.3852
    0.8657   -0.4292   -0.2574
    0.4984    0.7868    0.3642
    0.0462   -0.4436    0.8950
...   135 G-C ...
    1.4370   72.0948  -15.6001
    0.9809    0.0621    0.1844
   -0.1263    0.9241    0.3606
   -0.1480   -0.3770    0.9143
...   136 T-A ...
    0.5300   69.2373  -13.4651
    0.7353    0.4962    0.4617
   -0.6117    0.7791    0.1369
   -0.2918   -0.3831    0.8764
...   137 G-C ...
   -0.1631   67.4089  -10.8053
    0.1799    0.8794    0.4409
   -0.9276    0.3008   -0.2216
   -0.3275   -0.3691    0.8698
...   138 A-T ...
   -0.1294   66.2154   -7.8179
   -0.3749    0.8569    0.3537
   -0.8857   -0.2184   -0.4097
   -0.2739   -0.4669    0.8408
...   139 G-C ...
   -1.0031   65.6050   -4.9382
   -0.8337    0.5216    0.1812
   -0.5170   -0.6221   -0.5880
   -0.1940   -0.5840    0.7883
...   140 C-G ...
   -0.6941   63.8984   -2.2496
   -0.9992    0.0157   -0.0376
    0.0023   -0.8992   -0.4375
   -0.0406   -0.4373    0.8984
...   141 G-C ...
   -3.4331   60.2357    1.0304
   -0.4426    0.2288   -0.8671
    0.1684   -0.9285   -0.3310
   -0.8808   -0.2925    0.3724
...   142 C-G ...
   -6.3247   59.0804    1.6315
   -0.2968   -0.3279   -0.8969
    0.5658   -0.8170    0.1115
   -0.7693   -0.4743    0.4280
...   143 T-A ...
   -8.6732   58.7216    3.6048
   -0.0344   -0.7815   -0.6229
    0.6534   -0.4892    0.5777
   -0.7562   -0.3872    0.5275
...   144 C-G ...
  -11.6514   58.0074    4.7220
    0.2453   -0.9542   -0.1714
    0.6321    0.0234    0.7745
   -0.7350   -0.2984    0.6089
...   145 A-T ...
  -14.1726   56.5626    6.1820
    0.5795   -0.7268    0.3686
    0.3140    0.6165    0.7220
   -0.7520   -0.3027    0.5855
...   146 C-G ...
  -16.4615   53.8913    7.5171
    0.5336   -0.3333    0.7773
   -0.0346    0.9097    0.4138
   -0.8450   -0.2477    0.4739
...   147 A-T ...
  -19.0125   52.0327    8.9269
    0.2451    0.2906    0.9249
   -0.3073    0.9281   -0.2101
   -0.9195   -0.2327    0.3168
