  147 base-pairs
...     1 A-T ...
    0.0000    0.0000    0.0000
    1.0000    0.0000    0.0000
    0.0000    1.0000    0.0000
    0.0000    0.0000    1.0000
...     2 G-C ...
   -0.1404   -1.2353    3.2259
    0.7530    0.6366    0.1668
   -0.6385    0.7681   -0.0490
   -0.1593   -0.0696    0.9848
...     3 T-A ...
   -0.0377   -3.2918    6.3749
    0.2722    0.9302    0.2464
   -0.9238    0.3243   -0.2034
   -0.2691   -0.1722    0.9476
...     4 G-C ...
   -0.3520   -4.1638    9.4928
   -0.3756    0.9250    0.0576
   -0.8780   -0.3352   -0.3416
   -0.2967   -0.1788    0.9381
...     5 A-T ...
   -0.4480   -4.1448   12.7498
   -0.8116    0.5839   -0.0166
   -0.5522   -0.7762   -0.3042
   -0.1905   -0.2377    0.9525
...     6 G-C ...
   -1.5926   -4.1701   15.6201
   -0.9976    0.0246   -0.0651
   -0.0043   -0.9555   -0.2950
   -0.0694   -0.2940    0.9533
...     7 C-G ...
   -1.1050   -4.4793   18.7363
   -0.8442   -0.5302   -0.0787
    0.5343   -0.8442   -0.0430
   -0.0437   -0.0784    0.9960
...     8 G-C ...
   -2.4044   -7.7255   23.1483
   -0.2753   -0.3294   -0.9032
    0.6650   -0.7437    0.0686
   -0.6943   -0.5817    0.4238
...     9 C-G ...
   -4.4706   -9.9691   24.1142
    0.1145   -0.7026   -0.7023
    0.8512   -0.2951    0.4341
   -0.5123   -0.6475    0.5642
...    10 T-A ...
   -6.7420  -10.8705   25.9717
    0.4841   -0.8363   -0.2573
    0.6594    0.1554    0.7356
   -0.5752   -0.5257    0.6267
...    11 C-G ...
   -9.1682  -12.6167   27.1662
    0.7073   -0.6683    0.2306
    0.3450    0.6110    0.7125
   -0.6170   -0.4243    0.6627
...    12 A-T ...
  -10.9253  -14.6583   29.0713
    0.7515   -0.1377    0.6452
   -0.2027    0.8824    0.4245
   -0.6278   -0.4498    0.6352
...    13 C-G ...
  -11.8495  -17.4796   31.2472
    0.4294    0.2824    0.8578
   -0.5708    0.8209    0.0155
   -0.6998   -0.4963    0.5137
...    14 A-T ...
  -13.5915  -19.7756   33.4284
   -0.1503    0.6106    0.7775
   -0.6874    0.5007   -0.5261
   -0.7106   -0.6135    0.3445
...    15 A-T ...
  -15.7209  -21.8964   34.6777
   -0.5301    0.7793    0.3342
   -0.4463    0.0788   -0.8914
   -0.7210   -0.6217    0.3060
...    16 T-A ...
  -17.8544  -23.8150   36.2692
   -0.6651    0.7273   -0.1693
   -0.1054   -0.3159   -0.9429
   -0.7393   -0.6093    0.2867
...    17 T-A ...
  -20.2812  -25.6621   37.3198
   -0.5601    0.4664   -0.6847
    0.2868   -0.6662   -0.6884
   -0.7772   -0.5820    0.2394
...    18 T-A ...
  -22.9075  -27.3613   38.0821
   -0.2463    0.0632   -0.9671
    0.5348   -0.8234   -0.1899
   -0.8083   -0.5640    0.1690
...    19 A-T ...
  -25.8007  -29.0231   38.2231
    0.2287   -0.2919   -0.9287
    0.5206   -0.7695    0.3700
   -0.8226   -0.5681   -0.0240
...    20 T-A ...
  -28.7177  -30.4068   37.6652
    0.4771   -0.6291   -0.6137
    0.3119   -0.5317    0.7874
   -0.8216   -0.5671   -0.0574
...    21 T-A ...
  -31.4126  -32.1544   37.1605
    0.5518   -0.8326   -0.0473
   -0.0437   -0.0855    0.9954
   -0.8328   -0.5472   -0.0836
...    22 C-G ...
  -34.0251  -34.1337   36.7561
    0.3989   -0.7256    0.5607
   -0.3937    0.4167    0.8194
   -0.8282   -0.5476   -0.1194
...    23 G-C ...
  -36.9817  -35.7347   36.7280
    0.1111   -0.3297    0.9375
   -0.5730    0.7495    0.3315
   -0.8120   -0.5740   -0.1057
...    24 C-G ...
  -39.4807  -37.9281   36.2678
   -0.2237    0.1552    0.9622
   -0.5216    0.8149   -0.2527
   -0.8233   -0.5584   -0.1014
...    25 A-T ...
  -42.3208  -39.5505   35.6272
   -0.4324    0.6434    0.6318
   -0.2670    0.5778   -0.7712
   -0.8612   -0.5022   -0.0781
...    26 A-T ...
  -45.0645  -41.2812   35.5581
   -0.4963    0.8646    0.0778
    0.0534    0.1198   -0.9914
   -0.8665   -0.4879   -0.1056
...    27 A-T ...
  -47.9170  -42.7865   35.3865
   -0.3354    0.8067   -0.4865
    0.3296   -0.3833   -0.8628
   -0.8825   -0.4498   -0.1373
...    28 G-C ...
  -50.9677  -43.9693   35.0277
   -0.0069    0.5408   -0.8411
    0.4443   -0.7519   -0.4871
   -0.8958   -0.3771   -0.2351
...    29 G-C ...
  -54.0789  -44.7482   34.0060
    0.3468    0.1029   -0.9323
    0.3292   -0.9441    0.0183
   -0.8783   -0.3132   -0.3613
...    30 C-G ...
  -56.9208  -45.3009   32.4113
    0.5239   -0.4059   -0.7489
    0.0413   -0.8660    0.4983
   -0.8508   -0.2920   -0.4370
...    31 C-G ...
  -59.4741  -46.2826   30.4079
    0.5169   -0.7949   -0.3178
   -0.3197   -0.5236    0.7897
   -0.7941   -0.3066   -0.5248
...    32 G-C ...
  -62.1062  -47.7578   28.8863
    0.2736   -0.9351    0.2251
   -0.6251    0.0050    0.7806
   -0.7311   -0.3543   -0.5831
...    33 G-C ...
  -64.3441  -49.1772   26.7522
   -0.1102   -0.7571    0.6439
   -0.6916    0.5237    0.4975
   -0.7139   -0.3905   -0.5813
...    34 C-G ...
  -66.4845  -50.7292   24.6713
   -0.4808   -0.3232    0.8151
   -0.5015    0.8639    0.0467
   -0.7192   -0.3863   -0.5775
...    35 C-G ...
  -68.7746  -52.2538   22.6718
   -0.6399    0.2406    0.7298
   -0.1275    0.9033   -0.4096
   -0.7578   -0.3552   -0.5473
...    36 C-G ...
  -71.2563  -53.7235   20.8762
   -0.5356    0.7282    0.4276
    0.2700    0.6275   -0.7303
   -0.8001   -0.2757   -0.5327
...    37 G-C ...
  -73.7255  -54.5237   18.7215
   -0.1700    0.9849    0.0314
    0.5418    0.1200   -0.8319
   -0.8231   -0.1244   -0.5540
...    38 A-T ...
  -76.4342  -54.8955   16.9541
    0.2423    0.8799   -0.4087
    0.5376   -0.4724   -0.6985
   -0.8077   -0.0505   -0.5875
...    39 C-G ...
  -79.2678  -54.5311   15.3717
    0.5408    0.5112   -0.6680
    0.3155   -0.8594   -0.4023
   -0.7798    0.0068   -0.6260
...    40 A-T ...
  -81.6961  -54.4171   13.0587
    0.7281   -0.0556   -0.6832
   -0.0897   -0.9959   -0.0146
   -0.6796    0.0719   -0.7301
...    41 C-G ...
  -83.5970  -53.5671   10.4858
    0.5956   -0.5733   -0.5626
   -0.4868   -0.8148    0.3150
   -0.6390    0.0863   -0.7644
...    42 G-C ...
  -85.7064  -53.7936    7.8580
    0.2524   -0.9409   -0.2257
   -0.7950   -0.3346    0.5060
   -0.5516    0.0517   -0.8325
...    43 A-T ...
  -87.3905  -53.6877    5.0039
   -0.2916   -0.9493    0.1174
   -0.7953    0.3088    0.5216
   -0.5314    0.0587   -0.8451
...    44 C-G ...
  -88.6936  -53.8505    1.8963
   -0.6840   -0.6285    0.3704
   -0.5102    0.7750    0.3729
   -0.5214    0.0660   -0.8507
...    45 T-A ...
  -90.3621  -53.9225   -1.0042
   -0.8414   -0.1002    0.5311
   -0.0458    0.9923    0.1146
   -0.5385    0.0721   -0.8395
...    46 T-A ...
  -92.0643  -53.9559   -3.7855
   -0.7201    0.5038    0.4771
    0.4739    0.8593   -0.1922
   -0.5069    0.0877   -0.8575
...    47 A-T ...
  -93.5538  -53.4973   -6.7640
   -0.2469    0.9182    0.3098
    0.8246    0.3670   -0.4306
   -0.5091    0.1492   -0.8477
...    48 C-G ...
  -95.7167  -53.0462   -9.1972
    0.2534    0.9635    0.0863
    0.8305   -0.1709   -0.5301
   -0.4960    0.2060   -0.8435
...    49 T-A ...
  -97.4877  -52.0609  -11.8088
    0.7026    0.7015   -0.1192
    0.5574   -0.6467   -0.5207
   -0.4424    0.2994   -0.8454
...    50 G-C ...
  -98.6182  -50.9264  -14.7640
    0.9479    0.1674   -0.2710
    0.0429   -0.9101   -0.4123
   -0.3156    0.3792   -0.8698
...    51 T-A ...
  -99.3414  -49.1076  -17.4179
    0.8399   -0.3554   -0.4101
   -0.4734   -0.8493   -0.2336
   -0.2653    0.3904   -0.8816
...    52 A-T ...
 -100.2754  -48.0285  -20.4702
    0.3656   -0.8131   -0.4530
   -0.9037   -0.4266    0.0365
   -0.2230    0.3960   -0.8907
...    53 G-C ...
 -100.6508  -46.7022  -23.5179
   -0.1834   -0.9236   -0.3367
   -0.9629    0.0998    0.2508
   -0.1980    0.3701   -0.9076
...    54 G-C ...
 -101.0941  -45.6534  -26.7224
   -0.6887   -0.7179   -0.1014
   -0.6945    0.6130    0.3768
   -0.2083    0.3299   -0.9207
...    55 T-A ...
 -101.4461  -45.0367  -30.0167
   -0.9563   -0.2682    0.1167
   -0.2061    0.9010    0.3818
   -0.2076    0.3411   -0.9168
...    56 A-T ...
 -101.8855  -43.3429  -32.9511
   -0.8613    0.4067    0.3045
    0.4839    0.8392    0.2482
   -0.1546    0.3611   -0.9196
...    57 T-A ...
 -102.8225  -42.6495  -36.0392
   -0.4864    0.7809    0.3919
    0.8620    0.5022    0.0690
   -0.1429    0.3713   -0.9174
...    58 C-G ...
 -103.3360  -41.4532  -39.0600
    0.1321    0.9033    0.4081
    0.9829   -0.0660   -0.1719
   -0.1283    0.4239   -0.8966
...    59 T-A ...
 -103.9696  -39.8155  -41.8719
    0.6477    0.6835    0.3365
    0.7572   -0.5286   -0.3838
   -0.0845    0.5034   -0.8599
...    60 C-G ...
 -104.1556  -38.0220  -44.6029
    0.9734    0.2068    0.0991
    0.2274   -0.8150   -0.5329
   -0.0294    0.5413   -0.8403
...    61 G-C ...
 -103.8520  -36.4381  -47.5785
    0.9264   -0.3584   -0.1155
   -0.3584   -0.7451   -0.5625
    0.1155    0.5625   -0.8187
...    62 A-T ...
 -103.2396  -34.5956  -50.2502
    0.5198   -0.7482   -0.4123
   -0.8392   -0.3570   -0.4103
    0.1598    0.5593   -0.8134
...    63 G-C ...
 -102.3449  -32.7536  -52.8970
   -0.0337   -0.8389   -0.5433
   -0.9813    0.1308   -0.1411
    0.1894    0.5284   -0.8276
...    64 C-G ...
 -101.3424  -31.2226  -55.7153
   -0.5874   -0.6228   -0.5168
   -0.7853    0.5931    0.1778
    0.1958    0.5103   -0.8374
...    65 T-A ...
 -100.5462  -29.7902  -58.6402
   -0.9286   -0.1985   -0.3135
   -0.3249    0.8431    0.4284
    0.1792    0.4997   -0.8475
...    66 C-G ...
  -99.8853  -28.2075  -61.4787
   -0.9347    0.3546    0.0221
    0.3086    0.7794    0.5453
    0.1761    0.5165   -0.8380
...    67 G-C ...
  -98.9711  -26.1995  -64.0527
   -0.6005    0.6795    0.4215
    0.7897    0.4212    0.4460
    0.1256    0.6007   -0.7895
...    68 G-C ...
  -98.7558  -24.2399  -66.8018
   -0.0740    0.7334    0.6757
    0.9896   -0.0296    0.1405
    0.1231    0.6791   -0.7236
...    69 G-C ...
  -98.5949  -21.8243  -69.1525
    0.4652    0.5152    0.7198
    0.8698   -0.4172   -0.2635
    0.1646    0.7487   -0.6422
...    70 A-T ...
  -98.0370  -19.2862  -71.1436
    0.8766    0.1213    0.4657
    0.4323   -0.6235   -0.6514
    0.2113    0.7724   -0.5990
...    71 T-A ...
  -97.4308  -16.3790  -72.5359
    0.9698   -0.2298    0.0822
   -0.0707   -0.5868   -0.8066
    0.2336    0.7764   -0.5853
...    72 C-G ...
  -96.4185  -13.8540  -74.3774
    0.7288   -0.5579   -0.3969
   -0.6244   -0.3039   -0.7196
    0.2809    0.7722   -0.5699
...    73 C-G ...
  -95.0230  -11.4172  -76.2868
    0.2353   -0.6744   -0.6998
   -0.9087    0.1028   -0.4046
    0.3448    0.7311   -0.5887
...    74 G-C ...
  -94.2416   -8.9900  -78.5103
   -0.3609   -0.5254   -0.7705
   -0.8577    0.5113    0.0531
    0.3661    0.6801   -0.6352
...    75 C-G ...
  -92.7436   -6.9917  -80.7565
   -0.7893   -0.1533   -0.5945
   -0.5004    0.7219    0.4781
    0.3559    0.6748   -0.6465
...    76 T-A ...
  -91.5279   -4.9648  -83.1282
   -0.9453    0.2487   -0.2110
    0.0179    0.6856    0.7278
    0.3256    0.6842   -0.6526
...    77 T-A ...
  -90.4623   -2.9203  -85.4318
   -0.7488    0.6144    0.2486
    0.5631    0.3919    0.7275
    0.3495    0.6848   -0.6395
...    78 T-A ...
  -89.4651   -0.7687  -87.6531
   -0.2849    0.7191    0.6338
    0.8886   -0.0498    0.4560
    0.3595    0.6931   -0.6248
...    79 A-T ...
  -88.1431    1.5953  -89.6356
    0.2714    0.4753    0.8369
    0.8873   -0.4604   -0.0263
    0.3728    0.7498   -0.5467
...    80 A-T ...
  -87.0589    4.1642  -91.2822
    0.7184    0.0977    0.6887
    0.5753   -0.6401   -0.5093
    0.3911    0.7621   -0.5160
...    81 C-G ...
  -85.9463    7.0492  -92.4519
    0.8962   -0.2920    0.3341
    0.1160   -0.5725   -0.8116
    0.4282    0.7661   -0.4792
...    82 A-T ...
  -84.3354    9.4470  -94.1633
    0.7509   -0.6415   -0.1572
   -0.3997   -0.2519   -0.8813
    0.5257    0.7246   -0.4456
...    83 C-G ...
  -82.1593   11.8063  -95.1059
    0.4076   -0.6856   -0.6031
   -0.7283    0.1543   -0.6677
    0.5509    0.7114   -0.4364
...    84 T-A ...
  -80.0085   13.9684  -96.4858
   -0.0791   -0.5036   -0.8603
   -0.8132    0.5317   -0.2365
    0.5765    0.6809   -0.4516
...    85 T-A ...
  -77.8751   16.0155  -97.8833
   -0.5204   -0.0512   -0.8524
   -0.6120    0.7185    0.3305
    0.5955    0.6936   -0.4053
...    86 T-A ...
  -75.7438   18.0591  -99.2859
   -0.7571    0.4172   -0.5026
   -0.1931    0.5921    0.7824
    0.6241    0.6894   -0.3677
...    87 C-G ...
  -73.6339   20.2768 -100.5552
   -0.7297    0.6782    0.0870
    0.2995    0.2026    0.9324
    0.6147    0.7064   -0.3509
...    88 A-T ...
  -71.4278   22.6334 -101.4845
   -0.4713    0.5924    0.6534
    0.6745   -0.2352    0.6998
    0.5683    0.7706   -0.2887
...    89 T-A ...
  -70.1094   25.3733 -102.7318
   -0.0695    0.3716    0.9258
    0.8186   -0.5092    0.2658
    0.5702    0.7763   -0.2688
...    90 G-C ...
  -68.0269   27.9325 -103.3866
    0.3380   -0.0912    0.9367
    0.7291   -0.6040   -0.3219
    0.5951    0.7918   -0.1377
...    91 T-A ...
  -66.4238   30.8160 -103.3706
    0.6436   -0.4385    0.6273
    0.4478   -0.4489   -0.7733
    0.6207    0.7786   -0.0925
...    92 T-A ...
  -64.4398   33.3831 -103.4248
    0.7759   -0.6277    0.0635
    0.0033   -0.0967   -0.9953
    0.6309    0.7724   -0.0730
...    93 A-T ...
  -62.3158   35.9560 -104.0102
    0.5977   -0.5477   -0.5855
   -0.4736    0.3481   -0.8091
    0.6469    0.7608   -0.0514
...    94 T-A ...
  -59.7866   38.0846 -103.7284
    0.2759   -0.2677   -0.9231
   -0.7132    0.5868   -0.3834
    0.6444    0.7642   -0.0290
...    95 A-T ...
  -58.0904   41.0758 -103.7377
   -0.2269    0.2574   -0.9393
   -0.7269    0.5972    0.3392
    0.6482    0.7597    0.0515
...    96 A-T ...
  -55.7664   43.3754 -103.6870
   -0.5842    0.5979   -0.5488
   -0.4646    0.3080    0.8302
    0.6654    0.7400    0.0978
...    97 C-G ...
  -53.3812   45.7122 -103.9432
   -0.7519    0.6591   -0.0123
   -0.0805   -0.0733    0.9941
    0.6543    0.7485    0.1082
...    98 G-C ...
  -51.0838   48.0746 -103.1623
   -0.7347    0.4065    0.5431
    0.3557   -0.4508    0.8187
    0.5776    0.7947    0.1866
...    99 G-C ...
  -49.2729   50.8940 -102.7015
   -0.4767    0.0041    0.8790
    0.7014   -0.6010    0.3832
    0.5298    0.7993    0.2837
...   100 A-T ...
  -47.6064   53.5389 -101.7389
   -0.0082   -0.4041    0.9147
    0.8532   -0.4800   -0.2044
    0.5216    0.7787    0.3487
...   101 T-A ...
  -46.4768   56.2438 -100.2844
    0.4087   -0.6155    0.6739
    0.7462   -0.1998   -0.6350
    0.5254    0.7624    0.3776
...   102 A-T ...
  -44.5530   58.6386  -98.9486
    0.7240   -0.6777    0.1285
    0.3858    0.2434   -0.8899
    0.5718    0.6939    0.4377
...   103 T-A ...
  -42.8115   60.5626  -96.9165
    0.8193   -0.4557   -0.3480
   -0.0330    0.5684   -0.8221
    0.5724    0.6850    0.4506
...   104 G-C ...
  -40.7602   62.9377  -95.7528
    0.6056   -0.0624   -0.7933
   -0.4842    0.7623   -0.4295
    0.6315    0.6442    0.4314
...   105 C-G ...
  -38.3353   64.7798  -94.3375
    0.2182    0.3737   -0.9015
   -0.7300    0.6756    0.1033
    0.6476    0.6356    0.4203
...   106 T-A ...
  -35.9238   66.7613  -93.1151
   -0.2338    0.6743   -0.7005
   -0.7245    0.3596    0.5880
    0.6484    0.6450    0.4045
...   107 T-A ...
  -33.5902   68.7321  -91.9536
   -0.5929    0.7806   -0.1977
   -0.4623   -0.1289    0.8773
    0.6594    0.6116    0.4373
...   108 C-G ...
  -31.3323   70.7174  -90.5719
   -0.7720    0.5239    0.3601
   -0.0228   -0.5889    0.8079
    0.6353    0.6154    0.4665
...   109 C-G ...
  -29.2057   72.9869  -89.2142
   -0.7212    0.0450    0.6912
    0.4028   -0.7845    0.4714
    0.5635    0.6185    0.5477
...   110 G-C ...
  -27.1763   74.7788  -87.1929
   -0.4578   -0.4953    0.7383
    0.7455   -0.6664    0.0152
    0.4845    0.5573    0.6743
...   111 G-C ...
  -25.8895   76.6693  -84.7173
   -0.0348   -0.8404    0.5409
    0.8918   -0.2704   -0.3628
    0.4512    0.4697    0.7588
...   112 C-G ...
  -24.8145   78.0261  -81.8953
    0.4312   -0.8789    0.2038
    0.7827    0.2520   -0.5691
    0.4489    0.4049    0.7966
...   113 T-A ...
  -23.4465   79.0090  -79.0355
    0.7561   -0.6272   -0.1869
    0.4544    0.7086   -0.5399
    0.4711    0.3233    0.8207
...   114 C-G ...
  -21.7427   79.8587  -76.3442
    0.8735   -0.0753   -0.4809
   -0.0750    0.9554   -0.2858
    0.4810    0.2857    0.8289
...   115 G-C ...
  -20.0374   81.2459  -73.7686
    0.6404    0.4894   -0.5919
   -0.5458    0.8322    0.0975
    0.5404    0.2606    0.8001
...   116 T-A ...
  -17.7949   81.6818  -71.2845
    0.2423    0.8678   -0.4338
   -0.8094    0.4274    0.4028
    0.5349    0.2535    0.8060
...   117 A-T ...
  -16.5776   82.3929  -68.1368
   -0.3313    0.9433    0.0224
   -0.7849   -0.2887    0.5483
    0.5237    0.1641    0.8360
...   118 T-A ...
  -14.4087   83.2391  -65.7767
   -0.6874    0.6543    0.3153
   -0.5058   -0.7427    0.4388
    0.5213    0.1422    0.8415
...   119 A-T ...
  -12.7022   83.4383  -62.8732
   -0.8810    0.0400    0.4714
    0.0259   -0.9908    0.1326
    0.4724    0.1290    0.8719
...   120 A-T ...
  -11.2613   84.0199  -60.0328
   -0.7244   -0.5426    0.4252
    0.5276   -0.8334   -0.1646
    0.4437    0.1050    0.8900
...   121 T-A ...
  -10.3288   84.7504  -56.9858
   -0.3717   -0.8946    0.2480
    0.8266   -0.4405   -0.3503
    0.4226    0.0747    0.9032
...   122 G-C ...
   -8.8438   84.6215  -53.9654
    0.1181   -0.9858   -0.1196
    0.9143    0.1549   -0.3742
    0.3874   -0.0652    0.9196
...   123 T-A ...
   -8.0882   83.9943  -50.8092
    0.5758   -0.7449   -0.3370
    0.7202    0.6572   -0.2222
    0.3870   -0.1148    0.9149
...   124 G-C ...
   -6.4123   83.6509  -47.9159
    0.8672   -0.1912   -0.4598
    0.2565    0.9629    0.0835
    0.4268   -0.1904    0.8841
...   125 T-A ...
   -4.9432   82.3827  -45.1709
    0.8674    0.3692   -0.3336
   -0.2557    0.9059    0.3377
    0.4269   -0.2076    0.8802
...   126 C-G ...
   -3.4238   81.6281  -42.3108
    0.5302    0.8472   -0.0325
   -0.7379    0.4800    0.4744
    0.4176   -0.2275    0.8797
...   127 G-C ...
   -2.4866   80.9310  -39.1240
   -0.0365    0.9758    0.2154
   -0.9131   -0.1202    0.3897
    0.4062   -0.1825    0.8954
...   128 A-T ...
   -1.0443   80.2003  -36.2336
   -0.5939    0.7001    0.3965
   -0.7111   -0.6873    0.1484
    0.3764   -0.1938    0.9059
...   129 C-G ...
    0.5259   80.0533  -33.3048
   -0.8973    0.2235    0.3807
   -0.2817   -0.9538   -0.1040
    0.3399   -0.2005    0.9188
...   130 C-G ...
    1.7190   79.6493  -30.1555
   -0.9377   -0.3147    0.1472
    0.2604   -0.9170   -0.3020
    0.2300   -0.2449    0.9419
...   131 A-T ...
    2.4539   78.6490  -27.0215
   -0.6475   -0.7368   -0.1945
    0.7544   -0.5837   -0.3002
    0.1077   -0.3412    0.9338
...   132 A-T ...
    2.5716   77.5096  -24.0013
   -0.1061   -0.9183   -0.3815
    0.9915   -0.0688   -0.1100
    0.0748   -0.3899    0.9178
...   133 A-T ...
    2.5999   76.0932  -21.0898
    0.4829   -0.7783   -0.4014
    0.8737    0.4590    0.1613
    0.0587   -0.4286    0.9016
...   134 T-A ...
    2.3094   74.2286  -18.3855
    0.8657   -0.4292   -0.2574
    0.4984    0.7868    0.3642
    0.0462   -0.4436    0.8950
...   135 G-C ...
    1.4370   72.0948  -15.6003
    0.9809    0.0621    0.1844
   -0.1263    0.9241    0.3606
   -0.1480   -0.3770    0.9143
...   136 T-A ...
    0.5300   69.2373  -13.4653
    0.7353    0.4962    0.4617
   -0.6117    0.7791    0.1369
   -0.2918   -0.3831    0.8764
...   137 G-C ...
   -0.1630   67.4089  -10.8056
    0.1799    0.8794    0.4409
   -0.9276    0.3008   -0.2216
   -0.3275   -0.3691    0.8698
...   138 A-T ...
   -0.1294   66.2154   -7.8182
   -0.3749    0.8569    0.3537
   -0.8857   -0.2184   -0.4097
   -0.2739   -0.4669    0.8408
...   139 G-C ...
   -1.0031   65.6050   -4.9384
   -0.8337    0.5216    0.1812
   -0.5170   -0.6221   -0.5880
   -0.1940   -0.5839    0.7883
...   140 C-G ...
   -0.6941   63.8984   -2.2498
   -0.9992    0.0157   -0.0376
    0.0023   -0.8992   -0.4375
   -0.0406   -0.4373    0.8984
...   141 G-C ...
   -3.4331   60.2357    1.0301
   -0.4426    0.2288   -0.8671
    0.1684   -0.9285   -0.3310
   -0.8808   -0.2925    0.3724
...   142 C-G ...
   -6.3247   59.0804    1.6313
   -0.2968   -0.3279   -0.8969
    0.5658   -0.8170    0.1115
   -0.7693   -0.4743    0.4280
...   143 T-A ...
   -8.6731   58.7216    3.6046
   -0.0344   -0.7815   -0.6229
    0.6534   -0.4892    0.5777
   -0.7562   -0.3872    0.5275
...   144 C-G ...
  -11.6514   58.0074    4.7218
    0.2453   -0.9542   -0.1714
    0.6321    0.0234    0.7745
   -0.7350   -0.2984    0.6089
...   145 A-T ...
  -14.1725   56.5626    6.1818
    0.5795   -0.7268    0.3686
    0.3140    0.6165    0.7220
   -0.7520   -0.3027    0.5855
...   146 C-G ...
  -16.4614   53.8913    7.5169
    0.5336   -0.3333    0.7773
   -0.0346    0.9097    0.4138
   -0.8450   -0.2477    0.4739
...   147 A-T ...
  -19.0125   52.0327    8.9267
    0.2451    0.2906    0.9249
   -0.3073    0.9281   -0.2101
   -0.9195   -0.2327    0.3168
