  147 base-pairs
...     1 A-T ...
    0.0000    0.0000    0.0000
    1.0000    0.0000    0.0000
    0.0000    1.0000    0.0000
    0.0000    0.0000    1.0000
...     2 G-C ...
   -0.1404   -1.2353    3.2259
    0.7530    0.6366    0.1668
   -0.6385    0.7681   -0.0490
   -0.1593   -0.0696    0.9848
...     3 T-A ...
   -0.0377   -3.2918    6.3749
    0.2722    0.9302    0.2464
   -0.9238    0.3243   -0.2034
   -0.2691   -0.1722    0.9476
...     4 G-C ...
   -0.3520   -4.1638    9.4928
   -0.3756    0.9250    0.0576
   -0.8780   -0.3352   -0.3416
   -0.2967   -0.1788    0.9381
...     5 A-T ...
   -0.4480   -4.1448   12.7498
   -0.8116    0.5839   -0.0166
   -0.5522   -0.7762   -0.3042
   -0.1905   -0.2377    0.9525
...     6 G-C ...
   -1.5926   -4.1701   15.6201
   -0.9976    0.0246   -0.0651
   -0.0043   -0.9555   -0.2950
   -0.0694   -0.2940    0.9533
...     7 C-G ...
   -1.1050   -4.4793   18.7363
   -0.8442   -0.5302   -0.0787
    0.5343   -0.8442   -0.0430
   -0.0437   -0.0784    0.9960
...     8 G-C ...
   -2.4044   -7.7255   23.1483
   -0.2753   -0.3294   -0.9032
    0.6650   -0.7437    0.0686
   -0.6943   -0.5817    0.4238
...     9 C-G ...
   -4.4706   -9.9691   24.1142
    0.1145   -0.7026   -0.7023
    0.8512   -0.2951    0.4341
   -0.5123   -0.6475    0.5642
...    10 T-A ...
   -6.7420  -10.8705   25.9717
    0.4841   -0.8363   -0.2573
    0.6594    0.1554    0.7356
   -0.5752   -0.5257    0.6267
...    11 C-G ...
   -9.1682  -12.6167   27.1662
    0.7073   -0.6683    0.2306
    0.3450    0.6110    0.7125
   -0.6170   -0.4243    0.6627
...    12 A-T ...
  -10.9253  -14.6583   29.0713
    0.7515   -0.1377    0.6452
   -0.2027    0.8824    0.4245
   -0.6278   -0.4498    0.6352
...    13 C-G ...
  -11.8495  -17.4796   31.2472
    0.4294    0.2824    0.8578
   -0.5708    0.8209    0.0155
   -0.6998   -0.4963    0.5137
...    14 A-T ...
  -13.5915  -19.7756   33.4284
   -0.1503    0.6106    0.7775
   -0.6874    0.5007   -0.5261
   -0.7106   -0.6135    0.3445
...    15 A-T ...
  -15.7356  -21.8846   34.6680
   -0.5254    0.7845    0.3295
   -0.4457    0.0761   -0.8919
   -0.7248   -0.6155    0.3097
...    16 T-A ...
  -17.8866  -23.7713   36.2667
   -0.6569    0.7329   -0.1769
   -0.1076   -0.3234   -0.9401
   -0.7462   -0.5986    0.2913
...    17 T-A ...
  -20.3447  -25.5767   37.3149
   -0.5498    0.4665   -0.6929
    0.2788   -0.6795   -0.6786
   -0.7874   -0.5663    0.2436
...    18 T-A ...
  -23.0055  -27.2232   38.0783
   -0.2400    0.0497   -0.9695
    0.5203   -0.8366   -0.1717
   -0.8196   -0.5456    0.1749
...    19 A-T ...
  -25.8908  -28.9006   38.2548
    0.2218   -0.3389   -0.9143
    0.5013   -0.7646    0.4050
   -0.8364   -0.5482    0.0003
...    20 T-A ...
  -28.8511  -30.2328   37.7582
    0.4570   -0.6748   -0.5795
    0.2961   -0.4990    0.8145
   -0.8387   -0.5438   -0.0282
...    21 T-A ...
  -31.6151  -31.9059   37.3451
    0.5147   -0.8573    0.0051
   -0.0468   -0.0222    0.9987
   -0.8561   -0.5143   -0.0516
...    22 C-G ...
  -34.3390  -33.7648   37.0547
    0.3586   -0.7061    0.6105
   -0.3715    0.4920    0.7873
   -0.8564   -0.5092   -0.0859
...    23 G-C ...
  -37.4112  -35.1491   37.0882
    0.0883   -0.2662    0.9599
   -0.5216    0.8086    0.2722
   -0.8486   -0.5247   -0.0675
...    24 C-G ...
  -40.0570  -37.1921   36.7464
   -0.2114    0.2444    0.9464
   -0.4600    0.8294   -0.3170
   -0.8624   -0.5023   -0.0629
...    25 A-T ...
  -43.0161  -38.6455   36.2105
   -0.3757    0.7245    0.5779
   -0.2219    0.5350   -0.8151
   -0.8998   -0.4345   -0.0402
...    26 A-T ...
  -45.8999  -40.1251   36.2623
   -0.4144    0.9101    0.0086
    0.0555    0.0347   -0.9979
   -0.9084   -0.4130   -0.0649
...    27 A-T ...
  -48.8839  -41.3545   36.2031
   -0.2578    0.7949   -0.5493
    0.2806   -0.4824   -0.8298
   -0.9246   -0.3681   -0.0987
...    28 G-C ...
  -52.0479  -42.2333   35.9389
    0.0398    0.4668   -0.8835
    0.3552   -0.8330   -0.4241
   -0.9339   -0.2970   -0.1989
...    29 G-C ...
  -55.2352  -42.7387   34.9617
    0.3401   -0.0185   -0.9402
    0.2193   -0.9707    0.0985
   -0.9144   -0.2397   -0.3261
...    30 C-G ...
  -58.1520  -43.1025   33.4289
    0.4548   -0.5327   -0.7138
   -0.0538   -0.8164    0.5750
   -0.8890   -0.2231   -0.3999
...    31 C-G ...
  -60.8607  -43.9422   31.5597
    0.3995   -0.8828   -0.2472
   -0.3656   -0.4006    0.8401
   -0.8407   -0.2452   -0.4828
...    32 G-C ...
  -63.7374  -45.1460   30.2454
    0.1423   -0.9396    0.3114
   -0.5924    0.1712    0.7873
   -0.7930   -0.2965   -0.5322
...    33 G-C ...
  -66.2453  -46.3585   28.2893
   -0.2020   -0.6653    0.7187
   -0.5838    0.6710    0.4571
   -0.7864   -0.3272   -0.5240
...    34 C-G ...
  -68.6704  -47.7250   26.3949
   -0.4933   -0.1613    0.8548
   -0.3543    0.9347   -0.0281
   -0.7944   -0.3167   -0.5183
...    35 C-G ...
  -71.2438  -49.0312   24.5923
   -0.5573    0.4128    0.7204
    0.0060    0.8696   -0.4937
   -0.8303   -0.2709   -0.4871
...    36 C-G ...
  -74.0161  -50.2131   23.0253
   -0.3807    0.8468    0.3715
    0.3364    0.5011   -0.7974
   -0.8613   -0.1786   -0.4756
...    37 G-C ...
  -76.7143  -50.7296   21.0622
    0.0094    0.9983   -0.0573
    0.5055   -0.0542   -0.8611
   -0.8628   -0.0209   -0.5051
...    38 A-T ...
  -79.5417  -50.7247   19.4453
    0.3722    0.7803   -0.5026
    0.3982   -0.6233   -0.6730
   -0.8384    0.0503   -0.5427
...    39 C-G ...
  -82.3547  -49.9630   17.9607
    0.5806    0.3385   -0.7405
    0.1235   -0.9356   -0.3308
   -0.8048    0.1005   -0.5850
...    40 A-T ...
  -84.8652  -49.6047   15.7606
    0.6504   -0.2582   -0.7143
   -0.2789   -0.9560    0.0917
   -0.7065    0.1396   -0.6938
...    41 C-G ...
  -86.7675  -48.6200   13.2230
    0.4235   -0.7295   -0.5371
   -0.6097   -0.6680    0.4266
   -0.6700    0.1468   -0.7277
...    42 G-C ...
  -89.1211  -48.6208   10.7942
    0.0322   -0.9887   -0.1463
   -0.7971   -0.1137    0.5930
   -0.6029    0.0975   -0.7918
...    43 A-T ...
  -91.0051  -48.3663    8.0731
   -0.4732   -0.8494    0.2338
   -0.6582    0.5173    0.5470
   -0.5855    0.1049   -0.8039
...    44 C-G ...
  -92.6029  -48.4754    5.1023
   -0.7631   -0.4281    0.4842
   -0.2919    0.8967    0.3328
   -0.5766    0.1126   -0.8092
...    45 T-A ...
  -94.5269  -48.3904    2.3632
   -0.7831    0.1349    0.6071
    0.1843    0.9827    0.0195
   -0.5939    0.1271   -0.7944
...    46 T-A ...
  -96.4766  -48.2322   -0.2433
   -0.5341    0.6889    0.4901
    0.6273    0.7115   -0.3166
   -0.5668    0.1384   -0.8121
...    47 A-T ...
  -98.1830  -47.6491   -3.0797
    0.0018    0.9676    0.2526
    0.8288    0.1399   -0.5418
   -0.5596    0.2103   -0.8016
...    48 C-G ...
 -100.4643  -46.8483   -5.3056
    0.4717    0.8814   -0.0233
    0.7003   -0.3906   -0.5975
   -0.5357    0.2656   -0.8015
...    49 T-A ...
 -102.2706  -45.6226   -7.7919
    0.8226    0.5083   -0.2548
    0.3255   -0.7885   -0.5219
   -0.4662    0.3464   -0.8141
...    50 G-C ...
 -103.4747  -44.4364  -10.6998
    0.9151   -0.0797   -0.3952
   -0.2244   -0.9151   -0.3349
   -0.3349    0.3952   -0.8554
...    51 T-A ...
 -104.1195  -42.6386  -13.3991
    0.6670   -0.5695   -0.4805
   -0.6866   -0.7202   -0.0995
   -0.2894    0.3963   -0.8714
...    52 A-T ...
 -105.2982  -41.5306  -16.3706
    0.0761   -0.8951   -0.4393
   -0.9629   -0.1803    0.2006
   -0.2588    0.4077   -0.8757
...    53 G-C ...
 -105.8274  -40.2430  -19.4167
   -0.4614   -0.8549   -0.2372
   -0.8521    0.3526    0.3867
   -0.2470    0.3806   -0.8912
...    54 G-C ...
 -106.5075  -39.1701  -22.5719
   -0.8542   -0.5166    0.0586
   -0.4427    0.7818    0.4391
   -0.2726    0.3492   -0.8965
...    55 T-A ...
 -107.2484  -38.5610  -25.8017
   -0.9576   -0.0074    0.2881
    0.0977    0.9321    0.3488
   -0.2711    0.3621   -0.8918
...    56 A-T ...
 -107.7766  -36.8931  -28.7320
   -0.6640    0.6162    0.4235
    0.7125    0.6933    0.1084
   -0.2268    0.3737   -0.8994
...    57 T-A ...
 -109.0653  -36.0268  -31.6408
   -0.1984    0.8830    0.4253
    0.9562    0.2697   -0.1141
   -0.2154    0.3841   -0.8978
...    58 C-G ...
 -109.8210  -34.7570  -34.5781
    0.4239    0.8448    0.3264
    0.8860   -0.3121   -0.3429
   -0.1878    0.4345   -0.8809
...    59 T-A ...
 -110.5525  -33.0267  -37.3116
    0.8480    0.5010    0.1730
    0.5155   -0.7040   -0.4885
   -0.1230    0.5034   -0.8552
...    60 C-G ...
 -110.8068  -31.2508  -40.0525
    0.9940   -0.0438   -0.1000
   -0.0899   -0.8478   -0.5227
   -0.0618    0.5286   -0.8466
...    61 G-C ...
 -110.7257  -29.8075  -43.1177
    0.7655   -0.5789   -0.2808
   -0.6386   -0.6301   -0.4419
    0.0789    0.5176   -0.8520
...    62 A-T ...
 -110.2528  -28.1558  -45.9439
    0.2201   -0.8514   -0.4761
   -0.9684   -0.1322   -0.2114
    0.1170    0.5076   -0.8536
...    63 G-C ...
 -109.5183  -26.5603  -48.7965
   -0.3563   -0.7969   -0.4879
   -0.9251    0.3742    0.0644
    0.1313    0.4743   -0.8705
...    64 C-G ...
 -108.7913  -25.2708  -51.8155
   -0.8213   -0.4482   -0.3530
   -0.5560    0.7674    0.3194
    0.1277    0.4586   -0.8794
...    65 T-A ...
 -108.3241  -24.0252  -54.8938
   -0.9946    0.0442   -0.0942
   -0.0038    0.8892    0.4575
    0.1040    0.4554   -0.8842
...    66 C-G ...
 -107.9371  -22.5971  -57.8613
   -0.7900    0.5731    0.2179
    0.6042    0.6677    0.4348
    0.1037    0.4751   -0.8738
...    67 A-T ...
 -107.3139  -20.8772  -60.6769
   -0.2853    0.8093    0.5134
    0.9552    0.1962    0.2216
    0.0786    0.5536   -0.8290
...    68 T-A ...
 -107.7115  -19.0680  -63.3940
    0.2453    0.7850    0.5689
    0.9653   -0.2517   -0.0689
    0.0891    0.5661   -0.8195
...    69 G-C ...
 -107.1412  -17.0836  -66.0488
    0.7390    0.4184    0.5280
    0.6524   -0.6398   -0.4061
    0.1679    0.6446   -0.7458
...    70 T-A ...
 -106.7531  -14.5070  -68.0703
    0.9626   -0.0203    0.2701
    0.1626   -0.7545   -0.6358
    0.2167    0.6560   -0.7230
...    71 T-A ...
 -105.9679  -12.2267  -70.2385
    0.8750   -0.4653   -0.1333
   -0.4195   -0.5918   -0.6883
    0.2414    0.6582   -0.7131
...    72 A-T ...
 -105.2242  -10.1985  -72.8345
    0.4112   -0.7482   -0.5207
   -0.8673   -0.1452   -0.4762
    0.2807    0.6474   -0.7086
...    73 T-A ...
 -103.6459   -8.1429  -74.9001
   -0.0968   -0.7027   -0.7049
   -0.9524    0.2711   -0.1395
    0.2891    0.6578   -0.6955
...    74 A-T ...
 -103.1261   -5.5848  -77.1231
   -0.6882   -0.2956   -0.6626
   -0.6475    0.6623    0.3770
    0.3274    0.6885   -0.6472
...    75 A-T ...
 -101.8795   -3.5501  -79.3583
   -0.9218    0.1896   -0.3381
   -0.1178    0.6938    0.7104
    0.3693    0.6947   -0.6172
...    76 C-G ...
 -100.7265   -1.6542  -81.8701
   -0.8421    0.5285    0.1078
    0.3982    0.4742    0.7852
    0.3639    0.7041   -0.6098
...    77 G-C ...
  -99.1825    0.8180  -83.5928
   -0.4961    0.6248    0.6028
    0.8058    0.0728    0.5877
    0.3233    0.7774   -0.5396
...    78 G-C ...
  -98.3115    3.4561  -85.5231
   -0.0004    0.4792    0.8777
    0.9448   -0.2875    0.1573
    0.3277    0.8293   -0.4527
...    79 A-T ...
  -97.2895    6.2067  -86.9750
    0.5357    0.1647    0.8282
    0.7650   -0.5098   -0.3935
    0.3574    0.8444   -0.3991
...    80 T-A ...
  -96.5059    9.2722  -87.8202
    0.8391   -0.1409    0.5255
    0.3911   -0.5152   -0.7626
    0.3782    0.8454   -0.3772
...    81 C-G ...
  -95.1067   12.0311  -88.8977
    0.8880   -0.4598   -0.0089
   -0.1663   -0.3031   -0.9384
    0.4287    0.8347   -0.3456
...    82 G-C ...
  -93.4690   14.5682  -90.4217
    0.5868   -0.6313   -0.5071
   -0.6039    0.0760   -0.7934
    0.5395    0.7718   -0.3366
...    83 G-C ...
  -91.2664   16.9047  -91.5338
    0.1141   -0.5250   -0.8434
   -0.8008    0.4537   -0.3908
    0.5879    0.7201   -0.3687
...    84 G-C ...
  -89.0391   19.0794  -92.9024
   -0.3873   -0.2099   -0.8977
   -0.7059    0.6939    0.1422
    0.5931    0.6888   -0.4169
...    85 A-T ...
  -86.9907   21.2773  -94.3028
   -0.7365    0.2612   -0.6240
   -0.3225    0.6753    0.6633
    0.5946    0.6897   -0.4132
...    86 T-A ...
  -84.9422   23.1021  -96.1753
   -0.7834    0.5911   -0.1920
    0.1034    0.4286    0.8976
    0.6128    0.6833   -0.3969
...    87 C-G ...
  -82.8964   25.3056  -97.5584
   -0.5748    0.7124    0.4027
    0.5483   -0.0300    0.8357
    0.6075    0.7011   -0.3734
...    88 C-G ...
  -81.0264   27.7286  -99.0230
   -0.2313    0.5047    0.8317
    0.7736   -0.4230    0.4718
    0.5899    0.7526   -0.2926
...    89 G-C ...
  -78.7415   30.0882  -99.8315
    0.1586    0.0666    0.9851
    0.7775   -0.6234   -0.0830
    0.6086    0.7790   -0.1507
...    90 C-G ...
  -77.0432   32.9242 -100.0648
    0.5176   -0.3399    0.7852
    0.5729   -0.5441   -0.6131
    0.6356    0.7671   -0.0869
...    91 T-A ...
  -74.9664   35.5073  -99.9556
    0.6895   -0.6406    0.3379
    0.2352   -0.2432   -0.9410
    0.6850    0.7284   -0.0170
...    92 T-A ...
  -72.7246   37.8447  -99.7504
    0.6922   -0.6699   -0.2685
   -0.1935    0.1862   -0.9633
    0.6952    0.7188   -0.0007
...    93 T-A ...
  -70.3535   40.0612  -99.5075
    0.4617   -0.4210   -0.7808
   -0.5520    0.5526   -0.6244
    0.6943    0.7193    0.0227
...    94 A-T ...
  -68.3546   42.8261  -99.5724
    0.0219    0.0855   -0.9961
   -0.7194    0.6932    0.0437
    0.6942    0.7156    0.0767
...    95 A-T ...
  -65.8677   44.9400  -99.3778
   -0.3728    0.5167   -0.7708
   -0.6035    0.4960    0.6244
    0.7049    0.6979    0.1269
...    96 C-G ...
  -63.2340   47.0213  -99.4659
   -0.6422    0.7007   -0.3108
   -0.3105    0.1330    0.9412
    0.7009    0.7009    0.1322
...    97 A-T ...
  -60.8988   49.2968  -98.7247
   -0.7541    0.5869    0.2946
    0.1257   -0.3113    0.9420
    0.6446    0.7474    0.1610
...    98 C-G ...
  -58.9849   52.0044  -98.7089
   -0.5959    0.3035    0.7435
    0.5022   -0.5817    0.6399
    0.6267    0.7547    0.1942
...    99 T-A ...
  -57.1638   54.7053  -98.0852
   -0.2918   -0.1196    0.9490
    0.7477   -0.6473    0.1484
    0.5965    0.7528    0.2783
...   100 T-A ...
  -55.4042   57.2391  -97.1178
    0.1548   -0.4996    0.8523
    0.7861   -0.4602   -0.4126
    0.5984    0.7339    0.3215
...   101 T-A ...
  -53.6072   59.6303  -95.8897
    0.5490   -0.7013    0.4548
    0.5715   -0.0821   -0.8165
    0.6099    0.7081    0.3557
...   102 A-T ...
  -51.3907   61.8425  -94.7060
    0.7326   -0.6642   -0.1490
    0.1659    0.3865   -0.9072
    0.6602    0.6399    0.3934
...   103 T-A ...
  -49.2195   63.5031  -92.8574
    0.7172   -0.3673   -0.5922
   -0.2250    0.6823   -0.6956
    0.6596    0.6321    0.4067
...   104 G-C ...
  -46.9788   65.7598  -91.8336
    0.4093    0.0812   -0.9088
   -0.5759    0.7955   -0.1883
    0.7077    0.6005    0.3724
...   105 C-G ...
  -44.3249   67.4748  -90.7048
    0.0056    0.5098   -0.8603
   -0.6971    0.6188    0.3622
    0.7170    0.5976    0.3588
...   106 T-A ...
  -41.7306   69.3638  -89.7495
   -0.3933    0.7535   -0.5268
   -0.5846    0.2373    0.7758
    0.7096    0.6131    0.3472
...   107 T-A ...
  -39.2426   71.2674  -88.8324
   -0.6405    0.7668    0.0422
   -0.2611   -0.2692    0.9270
    0.7222    0.5827    0.3726
...   108 C-G ...
  -36.8013   73.1702  -87.6834
   -0.6974    0.4282    0.5747
    0.1612   -0.6876    0.7079
    0.6983    0.5864    0.4105
...   109 C-G ...
  -34.5359   75.3796  -86.4725
   -0.5730   -0.0844    0.8152
    0.5143   -0.8114    0.2775
    0.6381    0.5783    0.5084
...   110 G-C ...
  -32.2584   77.0275  -84.6119
   -0.2936   -0.6084    0.7373
    0.7617   -0.6150   -0.2042
    0.5777    0.5016    0.6439
...   111 G-C ...
  -30.6413   78.6557  -82.1454
    0.0976   -0.8987    0.4276
    0.8248   -0.1674   -0.5401
    0.5569    0.4054    0.7249
...   112 C-G ...
  -29.1430   79.7159  -79.3900
    0.5001   -0.8658    0.0185
    0.6615    0.3681   -0.6534
    0.5589    0.3390    0.7568
...   113 T-A ...
  -27.3608   80.4484  -76.6867
    0.7459   -0.5478   -0.3789
    0.3228    0.7949   -0.5137
    0.5826    0.2609    0.7697
...   114 C-G ...
  -25.2945   81.1068  -74.2011
    0.7893    0.0425   -0.6125
   -0.1719    0.9730   -0.1539
    0.5894    0.2268    0.7754
...   115 G-C ...
  -23.3298   82.3226  -71.7352
    0.5138    0.5975   -0.6157
   -0.5751    0.7724    0.2697
    0.6366    0.2155    0.7404
...   116 T-A ...
  -20.7818   82.6561  -69.5484
    0.1226    0.9239   -0.3625
   -0.7677    0.3198    0.5553
    0.6289    0.2102    0.7485
...   117 A-T ...
  -19.1250   83.1498  -66.5872
   -0.3850    0.9107    0.1495
   -0.6832   -0.3902    0.6173
    0.6205    0.1355    0.7724
...   118 T-A ...
  -16.7265   83.9677  -64.4609
   -0.6821    0.5758    0.4507
   -0.3956   -0.8090    0.4348
    0.6150    0.1183    0.7796
...   119 A-T ...
  -14.7051   84.2098  -61.7889
   -0.8323   -0.0421    0.5527
    0.0955   -0.9931    0.0680
    0.5461    0.1094    0.8306
...   120 A-T ...
  -13.0525   84.7153  -59.0564
   -0.6558   -0.6057    0.4506
    0.5551   -0.7914   -0.2559
    0.5116    0.0823    0.8553
...   121 T-A ...
  -11.9138   85.3295  -56.0581
   -0.3052   -0.9255    0.2244
    0.8167   -0.3756   -0.4381
    0.4897    0.0496    0.8705
...   122 G-C ...
  -10.2033   85.0991  -53.1702
    0.1564   -0.9710   -0.1807
    0.8755    0.2210   -0.4297
    0.4571   -0.0910    0.8847
...   123 T-A ...
   -9.1910   84.3547  -50.1106
    0.5859   -0.6980   -0.4118
    0.6710    0.7028   -0.2364
    0.4544   -0.1378    0.8801
...   124 G-C ...
   -7.3125   83.9765  -47.3562
    0.8461   -0.1265   -0.5178
    0.2142    0.9702    0.1130
    0.4880   -0.2065    0.8480
...   125 T-A ...
   -5.6350   82.6646  -44.7491
    0.8296    0.4248   -0.3624
   -0.2790    0.8776    0.3899
    0.4836   -0.2223    0.8466
...   126 C-G ...
   -3.9506   81.8501  -42.0008
    0.4892    0.8718   -0.0237
   -0.7347    0.4266    0.5275
    0.4700   -0.2407    0.8492
...   127 G-C ...
   -2.8489   81.0388  -38.9006
   -0.0682    0.9666    0.2470
   -0.8914   -0.1702    0.4200
    0.4480   -0.1915    0.8733
...   128 A-T ...
   -1.2717   80.2749  -36.0990
   -0.6054    0.6689    0.4314
   -0.6808   -0.7160    0.1548
    0.4124   -0.1999    0.8888
...   129 C-G ...
    0.3853   80.1245  -33.2332
   -0.8933    0.1896    0.4075
   -0.2555   -0.9602   -0.1132
    0.3698   -0.2052    0.9062
...   130 C-G ...
    1.6444   79.7223  -30.1161
   -0.9275   -0.3375    0.1606
    0.2750   -0.9073   -0.3181
    0.2531   -0.2508    0.9344
...   131 A-T ...
    2.4058   78.7182  -26.9922
   -0.6413   -0.7422   -0.1946
    0.7576   -0.5723   -0.3139
    0.1216   -0.3487    0.9293
...   132 A-T ...
    2.5520   77.5472  -23.9869
   -0.1036   -0.9157   -0.3883
    0.9910   -0.0620   -0.1182
    0.0842   -0.3971    0.9139
...   133 A-T ...
    2.5940   76.1038  -21.0878
    0.4832   -0.7755   -0.4063
    0.8732    0.4607    0.1592
    0.0637   -0.4317    0.8998
...   134 T-A ...
    2.3094   74.2286  -18.3854
    0.8657   -0.4292   -0.2574
    0.4984    0.7868    0.3642
    0.0461   -0.4436    0.8950
...   135 G-C ...
    1.4370   72.0947  -15.6002
    0.9809    0.0621    0.1844
   -0.1263    0.9241    0.3606
   -0.1480   -0.3770    0.9143
...   136 T-A ...
    0.5300   69.2372  -13.4652
    0.7353    0.4962    0.4617
   -0.6117    0.7791    0.1369
   -0.2918   -0.3831    0.8764
...   137 G-C ...
   -0.1630   67.4089  -10.8055
    0.1799    0.8794    0.4409
   -0.9276    0.3008   -0.2216
   -0.3275   -0.3691    0.8698
...   138 A-T ...
   -0.1294   66.2153   -7.8181
   -0.3749    0.8569    0.3537
   -0.8857   -0.2184   -0.4097
   -0.2739   -0.4669    0.8408
...   139 G-C ...
   -1.0031   65.6049   -4.9383
   -0.8337    0.5216    0.1812
   -0.5170   -0.6221   -0.5880
   -0.1940   -0.5840    0.7883
...   140 C-G ...
   -0.6941   63.8983   -2.2497
   -0.9992    0.0157   -0.0376
    0.0023   -0.8992   -0.4375
   -0.0406   -0.4373    0.8984
...   141 G-C ...
   -3.4331   60.2356    1.0302
   -0.4426    0.2288   -0.8671
    0.1684   -0.9285   -0.3310
   -0.8808   -0.2925    0.3724
...   142 C-G ...
   -6.3247   59.0803    1.6314
   -0.2968   -0.3279   -0.8969
    0.5658   -0.8170    0.1115
   -0.7693   -0.4743    0.4280
...   143 T-A ...
   -8.6732   58.7215    3.6047
   -0.0344   -0.7815   -0.6229
    0.6534   -0.4892    0.5777
   -0.7562   -0.3872    0.5275
...   144 C-G ...
  -11.6514   58.0073    4.7219
    0.2453   -0.9542   -0.1714
    0.6321    0.0234    0.7745
   -0.7350   -0.2984    0.6089
...   145 A-T ...
  -14.1725   56.5625    6.1819
    0.5795   -0.7268    0.3686
    0.3140    0.6165    0.7220
   -0.7520   -0.3027    0.5855
...   146 C-G ...
  -16.4614   53.8912    7.5169
    0.5336   -0.3333    0.7773
   -0.0346    0.9097    0.4138
   -0.8450   -0.2477    0.4739
...   147 A-T ...
  -19.0125   52.0327    8.9268
    0.2451    0.2906    0.9249
   -0.3073    0.9281   -0.2101
   -0.9195   -0.2327    0.3168
