  147 base-pairs
...     1 A-T ...
    0.0000    0.0000    0.0000
    1.0000    0.0000    0.0000
    0.0000    1.0000    0.0000
    0.0000    0.0000    1.0000
...     2 G-C ...
   -0.1404   -1.2353    3.2259
    0.7530    0.6366    0.1668
   -0.6385    0.7681   -0.0490
   -0.1593   -0.0696    0.9848
...     3 T-A ...
   -0.0377   -3.2918    6.3749
    0.2722    0.9302    0.2464
   -0.9238    0.3243   -0.2034
   -0.2691   -0.1722    0.9476
...     4 G-C ...
   -0.3520   -4.1638    9.4928
   -0.3756    0.9250    0.0576
   -0.8780   -0.3352   -0.3416
   -0.2967   -0.1788    0.9381
...     5 A-T ...
   -0.4480   -4.1448   12.7498
   -0.8116    0.5839   -0.0166
   -0.5522   -0.7762   -0.3042
   -0.1905   -0.2377    0.9525
...     6 G-C ...
   -1.5926   -4.1701   15.6201
   -0.9976    0.0246   -0.0651
   -0.0043   -0.9555   -0.2950
   -0.0694   -0.2940    0.9533
...     7 C-G ...
   -1.1050   -4.4793   18.7363
   -0.8442   -0.5302   -0.0787
    0.5343   -0.8442   -0.0430
   -0.0437   -0.0784    0.9960
...     8 G-C ...
   -2.4044   -7.7255   23.1483
   -0.2753   -0.3294   -0.9032
    0.6650   -0.7437    0.0686
   -0.6943   -0.5817    0.4238
...     9 C-G ...
   -4.4706   -9.9691   24.1142
    0.1145   -0.7026   -0.7023
    0.8512   -0.2951    0.4341
   -0.5123   -0.6475    0.5642
...    10 T-A ...
   -6.7420  -10.8705   25.9717
    0.4841   -0.8363   -0.2573
    0.6594    0.1554    0.7356
   -0.5752   -0.5257    0.6267
...    11 C-G ...
   -9.1682  -12.6167   27.1662
    0.7073   -0.6683    0.2306
    0.3450    0.6110    0.7125
   -0.6170   -0.4243    0.6627
...    12 A-T ...
  -10.9253  -14.6583   29.0713
    0.7515   -0.1377    0.6452
   -0.2027    0.8824    0.4245
   -0.6278   -0.4498    0.6352
...    13 C-G ...
  -11.8495  -17.4796   31.2472
    0.4294    0.2824    0.8578
   -0.5708    0.8209    0.0155
   -0.6998   -0.4963    0.5137
...    14 A-T ...
  -13.5915  -19.7756   33.4284
   -0.1503    0.6106    0.7775
   -0.6874    0.5007   -0.5261
   -0.7106   -0.6135    0.3445
...    15 A-T ...
  -15.7535  -21.8716   34.6561
   -0.5224    0.7895    0.3223
   -0.4442    0.0706   -0.8931
   -0.7279   -0.6097    0.3138
...    16 T-A ...
  -17.9218  -23.7268   36.2639
   -0.6508    0.7354   -0.1887
   -0.1071   -0.3350   -0.9361
   -0.7517   -0.5890    0.2968
...    17 T-A ...
  -20.4067  -25.4971   37.3117
   -0.5410    0.4575   -0.7057
    0.2761   -0.6960   -0.6628
   -0.7944   -0.5534    0.2502
...    18 T-A ...
  -23.0921  -27.1048   38.0860
   -0.2333    0.0218   -0.9722
    0.5127   -0.8468   -0.1420
   -0.8263   -0.5315    0.1863
...    19 A-T ...
  -25.9338  -28.8607   38.3468
    0.2140   -0.4077   -0.8877
    0.4894   -0.7417    0.4586
   -0.8454   -0.5326    0.0408
...    20 T-A ...
  -28.9305  -30.1716   37.9573
    0.4384   -0.7312   -0.5226
    0.2875   -0.4368    0.8524
   -0.8516   -0.5239    0.0188
...    21 T-A ...
  -31.7544  -31.7880   37.6951
    0.4815   -0.8722    0.0865
   -0.0439    0.0745    0.9963
   -0.8754   -0.4835   -0.0024
...    22 C-G ...
  -34.5821  -33.5247   37.5785
    0.3251   -0.6552    0.6820
   -0.3450    0.5893    0.7306
   -0.8805   -0.4728   -0.0345
...    23 G-C ...
  -37.7550  -34.6897   37.7042
    0.0754   -0.1609    0.9841
   -0.4685    0.8655    0.1774
   -0.8802   -0.4745   -0.0101
...    24 C-G ...
  -40.5308  -36.5860   37.5586
   -0.1886    0.3683    0.9104
   -0.4026    0.8166   -0.4137
   -0.8957   -0.4445   -0.0057
...    25 A-T ...
  -43.5998  -37.8768   37.1867
   -0.3121    0.8172    0.4845
   -0.1873    0.4471   -0.8747
   -0.9314   -0.3638    0.0135
...    26 A-T ...
  -46.5977  -39.0836   37.4061
   -0.3321    0.9373   -0.1053
    0.0440   -0.0961   -0.9944
   -0.9422   -0.3349   -0.0093
...    27 A-T ...
  -49.6833  -40.0245   37.4961
   -0.1890    0.7386   -0.6471
    0.2196   -0.6105   -0.7610
   -0.9571   -0.2859   -0.0468
...    28 G-C ...
  -52.9293  -40.6048   37.3483
    0.0690    0.3357   -0.9395
    0.2593   -0.9154   -0.3080
   -0.9633   -0.2223   -0.1502
...    29 G-C ...
  -56.1706  -40.9004   36.4339
    0.3102   -0.1912   -0.9313
    0.1132   -0.9652    0.2358
   -0.9439   -0.1786   -0.2777
...    30 C-G ...
  -59.1632  -41.1570   34.9984
    0.3643   -0.6848   -0.6311
   -0.1315   -0.7087    0.6931
   -0.9220   -0.1695   -0.3482
...    31 C-G ...
  -62.0374  -41.9181   33.3423
    0.2708   -0.9562   -0.1112
   -0.3809   -0.2125    0.8999
   -0.8841   -0.2013   -0.4218
...    32 G-C ...
  -65.1342  -42.8421   32.3125
    0.0195   -0.8885    0.4584
   -0.5218    0.3821    0.7627
   -0.8528   -0.2541   -0.4562
...    33 G-C ...
  -67.9006  -43.8881   30.6228
   -0.2629   -0.4986    0.8260
   -0.4460    0.8220    0.3542
   -0.8555   -0.2753   -0.4385
...    34 C-G ...
  -70.6042  -45.1158   29.0285
   -0.4606    0.0655    0.8852
   -0.1992    0.9642   -0.1750
   -0.8650   -0.2570   -0.4311
...    35 C-G ...
  -73.4553  -46.2335   27.5423
   -0.4306    0.6161    0.6595
    0.1194    0.7632   -0.6350
   -0.8946   -0.1947   -0.4022
...    36 C-G ...
  -76.4922  -47.1220   26.3115
   -0.1995    0.9511    0.2358
    0.3589    0.2948   -0.8856
   -0.9118   -0.0921   -0.4002
...    37 G-C ...
  -79.3955  -47.3918   24.5965
    0.1838    0.9555   -0.2306
    0.4138   -0.2881   -0.8636
   -0.8916    0.0633   -0.4483
...    38 A-T ...
  -82.2961  -47.0730   23.1370
    0.4625    0.5989   -0.6538
    0.2137   -0.7909   -0.5734
   -0.8605    0.1255   -0.4938
...    39 C-G ...
  -85.0468  -46.0103   21.6981
    0.5586    0.0863   -0.8250
   -0.0879   -0.9828   -0.1623
   -0.8248    0.1632   -0.5414
...    40 A-T ...
  -87.6612  -45.5530   19.6372
    0.5023   -0.5073   -0.7002
   -0.4484   -0.8452    0.2907
   -0.7393    0.1680   -0.6521
...    41 C-G ...
  -89.6240  -44.6142   17.1092
    0.1980   -0.8849   -0.4217
   -0.6760   -0.4348    0.5950
   -0.7098    0.1672   -0.6843
...    42 G-C ...
  -92.2411  -44.4470   14.9617
   -0.1999   -0.9789    0.0429
   -0.7156    0.1757    0.6760
   -0.6693    0.1044   -0.7356
...    43 A-T ...
  -94.3746  -44.1670   12.4286
   -0.6111   -0.6598    0.4372
   -0.4441    0.7431    0.5006
   -0.6552    0.1117   -0.7472
...    44 C-G ...
  -96.3539  -44.3505    9.7011
   -0.7608   -0.1422    0.6333
   -0.0313    0.9826    0.1830
   -0.6483    0.1194   -0.7520
...    45 T-A ...
  -98.5891  -44.2207    7.2089
   -0.6293    0.4230    0.6519
    0.4046    0.8946   -0.1899
   -0.6635    0.1443   -0.7341
...    46 T-A ...
 -100.8242  -43.9670    4.8541
   -0.2739    0.8699    0.4102
    0.7157    0.4693   -0.5173
   -0.6425    0.1518   -0.7511
...    47 A-T ...
 -102.7935  -43.3787    2.1899
    0.2733    0.9596    0.0665
    0.7350   -0.1637   -0.6580
   -0.6206    0.2287   -0.7501
...    48 C-G ...
 -105.1616  -42.3284    0.1607
    0.6576    0.7111   -0.2489
    0.4716   -0.6461   -0.6001
   -0.5875    0.2772   -0.7602
...    49 T-A ...
 -107.0257  -41.0372   -2.2582
    0.8604    0.2235   -0.4579
    0.0229   -0.9147   -0.4034
   -0.5090    0.3366   -0.7922
...    50 G-C ...
 -108.4358  -40.0385   -5.1478
    0.7694   -0.3872   -0.5081
   -0.5063   -0.8546   -0.1154
   -0.3895    0.3461   -0.8535
...    51 T-A ...
 -109.1506  -38.5239   -8.0148
    0.3869   -0.7966   -0.4646
   -0.8513   -0.5022    0.1520
   -0.3544    0.3367   -0.8724
...    52 A-T ...
 -110.7199  -37.5109  -10.8622
   -0.2736   -0.9206   -0.2785
   -0.9038    0.1470    0.4019
   -0.3290    0.3617   -0.8723
...    53 G-C ...
 -111.5588  -36.4641  -13.9366
   -0.7231   -0.6907    0.0095
   -0.6054    0.6404    0.4727
   -0.3326    0.3361   -0.8812
...    54 G-C ...
 -112.6051  -35.5471  -17.0417
   -0.9248   -0.2139    0.3145
   -0.0858    0.9230    0.3752
   -0.3706    0.3200   -0.8719
...    55 T-A ...
 -113.9010  -35.0765  -20.1128
   -0.8195    0.3235    0.4731
    0.4391    0.8849    0.1556
   -0.3683    0.3352   -0.8672
...    56 C-G ...
 -115.1036  -34.0558  -23.0253
   -0.3729    0.7874    0.4909
    0.8552    0.4969   -0.1475
   -0.3601    0.3648   -0.8586
...    57 A-T ...
 -116.0320  -32.7621  -25.9835
    0.2395    0.8840    0.4014
    0.9099   -0.0602   -0.4104
   -0.3386    0.4635   -0.8188
...    58 T-A ...
 -117.6365  -31.0556  -28.2806
    0.6798    0.7166    0.1559
    0.6599   -0.5050   -0.5563
   -0.3200    0.4810   -0.8162
...    59 G-C ...
 -118.3947  -29.3803  -31.0979
    0.9700    0.2291   -0.0811
    0.1418   -0.8044   -0.5769
   -0.1974    0.5481   -0.8128
...    60 T-A ...
 -118.8061  -27.0703  -33.4166
    0.9054   -0.2613   -0.3345
   -0.3993   -0.7918   -0.4622
   -0.1440    0.5521   -0.8212
...    61 T-A ...
 -119.0662  -25.1294  -36.0060
    0.5073   -0.6768   -0.5335
   -0.8530   -0.4826   -0.1988
   -0.1229    0.5559   -0.8221
...    62 A-T ...
 -119.7653  -23.3999  -38.8333
   -0.1554   -0.8262   -0.5415
   -0.9831    0.0759    0.1663
   -0.0963    0.5582   -0.8241
...    63 T-A ...
 -119.4245  -21.7811  -41.7123
   -0.6489   -0.6506   -0.3945
   -0.7568    0.4986    0.4226
   -0.0782    0.5728   -0.8159
...    64 A-T ...
 -119.8664  -19.3584  -44.1062
   -0.9924   -0.1024   -0.0682
   -0.1229    0.7920    0.5981
   -0.0072    0.6019   -0.7985
...    65 A-T ...
 -119.8641  -17.6309  -46.8799
   -0.8706    0.4133    0.2669
    0.4903    0.6832    0.5412
    0.0414    0.6020   -0.7974
...    66 C-G ...
 -120.1419  -16.0022  -49.7845
   -0.4679    0.7062    0.5314
    0.8828    0.3454    0.3184
    0.0413    0.6181   -0.7850
...    67 G-C ...
 -119.5540  -13.8856  -52.3609
    0.1150    0.6963    0.7085
    0.9912   -0.1275   -0.0357
    0.0655    0.7064   -0.7048
...    68 G-C ...
 -119.5571  -11.3987  -54.6468
    0.6318    0.4320    0.6436
    0.7642   -0.4861   -0.4240
    0.1297    0.7597   -0.6372
...    69 A-T ...
 -119.1152   -8.8499  -56.6532
    0.9510    0.0138    0.3090
    0.2467   -0.6365   -0.7308
    0.1866    0.7711   -0.6087
...    70 T-A ...
 -118.4536   -5.9684  -58.0683
    0.9394   -0.3308   -0.0897
   -0.2681   -0.5463   -0.7935
    0.2135    0.7695   -0.6019
...    71 A-T ...
 -117.6112   -3.5264  -60.2089
    0.5713   -0.6453   -0.5072
   -0.7682   -0.2028   -0.6072
    0.2890    0.7366   -0.6116
...    72 T-A ...
 -116.0427   -1.1495  -61.8790
    0.0946   -0.6546   -0.7501
   -0.9492    0.1678   -0.2661
    0.3000    0.7372   -0.6055
...    73 C-G ...
 -114.9444    1.1439  -63.9843
   -0.4990   -0.4232   -0.7562
   -0.8063    0.5465    0.2262
    0.3176    0.7227   -0.6139
...    74 T-A ...
 -113.7323    3.2914  -66.2447
   -0.8672   -0.0701   -0.4930
   -0.3928    0.7049    0.5906
    0.3061    0.7059   -0.6388
...    75 C-G ...
 -112.6959    5.5498  -68.4337
   -0.9276    0.3723   -0.0306
    0.2141    0.5969    0.7732
    0.3062    0.7107   -0.6334
...    76 G-C ...
 -111.4175    8.1264  -70.2069
   -0.6582    0.5826    0.4768
    0.7081    0.2641    0.6549
    0.2556    0.7687   -0.5863
...    77 A-T ...
 -110.5921   10.5911  -72.2207
   -0.1158    0.5946    0.7956
    0.9571   -0.1473    0.2494
    0.2655    0.7904   -0.5521
...    78 G-C ...
 -109.9682   13.3254  -73.9915
    0.3894    0.3537    0.8505
    0.8694   -0.4459   -0.2126
    0.3041    0.8222   -0.4811
...    79 C-G ...
 -109.2641   16.2797  -75.3081
    0.7790   -0.0046    0.6270
    0.5186   -0.5573   -0.6485
    0.3524    0.8303   -0.4318
...    80 T-A ...
 -108.0333   19.1642  -76.3717
    0.9016   -0.3714    0.2216
    0.0407   -0.4371   -0.8985
    0.4306    0.8191   -0.3790
...    81 C-G ...
 -106.4242   21.7826  -77.5074
    0.7315   -0.5936   -0.3354
   -0.4834   -0.1045   -0.8691
    0.4809    0.7979   -0.3634
...    82 G-C ...
 -104.7998   24.2417  -79.1605
    0.2770   -0.6185   -0.7354
   -0.7740    0.3099   -0.5522
    0.5694    0.7221   -0.3929
...    83 G-C ...
 -102.5737   26.3730  -80.5904
   -0.2365   -0.3788   -0.8948
   -0.7706    0.6341   -0.0648
    0.5919    0.6742   -0.4418
...    84 G-C ...
 -100.4226   28.3967  -82.2727
   -0.6582    0.0129   -0.7527
   -0.4875    0.7546    0.4392
    0.5737    0.6561   -0.4904
...    85 A-T ...
  -98.4554   30.4765  -83.9357
   -0.8195    0.4694   -0.3286
    0.0110    0.5863    0.8100
    0.5729    0.6602   -0.4856
...    86 T-A ...
  -96.7167   32.2952  -86.0972
   -0.6841    0.7169    0.1345
    0.4289    0.2462    0.8692
    0.5899    0.6523   -0.4759
...    87 C-G ...
  -94.7856   34.4105  -87.7442
   -0.3055    0.6988    0.6468
    0.7465   -0.2458    0.6183
    0.5911    0.6717   -0.4466
...    88 C-G ...
  -93.0234   36.8082  -89.3665
    0.0964    0.3758    0.9217
    0.7921   -0.5897    0.1576
    0.6027    0.7149   -0.3545
...    89 G-C ...
  -90.6965   38.9981  -90.4619
    0.4313   -0.1255    0.8934
    0.6158   -0.6827   -0.3932
    0.6593    0.7198   -0.2172
...    90 C-G ...
  -88.6919   41.6158  -90.7774
    0.6536   -0.5264    0.5438
    0.2932   -0.4862   -0.8232
    0.6978    0.6974   -0.1635
...    91 T-A ...
  -86.2933   43.9015  -90.9205
    0.6527   -0.7571    0.0285
   -0.0684   -0.0964   -0.9930
    0.7545    0.6462   -0.1147
...    92 T-A ...
  -83.7625   45.9334  -91.0401
    0.4921   -0.6734   -0.5517
   -0.4201    0.3713   -0.8280
    0.7624    0.6393   -0.1002
...    93 T-A ...
  -81.1273   47.8441  -91.1655
    0.1733   -0.3119   -0.9342
   -0.6209    0.7017   -0.3495
    0.7645    0.6406   -0.0720
...    94 A-T ...
  -78.8822   50.4072  -91.3665
   -0.2330    0.2657   -0.9355
   -0.5867    0.7288    0.3531
    0.7756    0.6311   -0.0140
...    95 A-T ...
  -76.1840   52.2427  -91.5549
   -0.4965    0.6755   -0.5451
   -0.3505    0.4185    0.8379
    0.7941    0.6071    0.0290
...    96 C-G ...
  -73.4346   54.0930  -92.0539
   -0.6138    0.7894   -0.0079
   -0.0342   -0.0166    0.9993
    0.7887    0.6136    0.0372
...    97 A-T ...
  -70.7420   56.0415  -91.6783
   -0.5854    0.5727    0.5739
    0.3296   -0.4787    0.8138
    0.7408    0.6655    0.0915
...    98 C-G ...
  -68.6212   58.5782  -91.7675
   -0.3544    0.2042    0.9125
    0.5857   -0.7122    0.3868
    0.7289    0.6716    0.1328
...    99 T-A ...
  -66.4494   61.0226  -91.2373
   -0.0574   -0.2655    0.9624
    0.6955   -0.7022   -0.1523
    0.7162    0.6606    0.2250
...   100 T-A ...
  -64.2754   63.2539  -90.3759
    0.3123   -0.6456    0.6969
    0.6148   -0.4219   -0.6663
    0.7242    0.6366    0.2652
...   101 T-A ...
  -62.0260   65.3095  -89.2903
    0.5813   -0.7920    0.1868
    0.3449    0.0318   -0.9381
    0.7370    0.6097    0.2917
...   102 A-T ...
  -59.4107   67.2238  -88.4391
    0.6288   -0.6462   -0.4324
   -0.0375    0.5303   -0.8470
    0.7767    0.5488    0.3092
...   103 T-A ...
  -56.7505   68.5029  -86.9523
    0.5289   -0.2741   -0.8032
   -0.3468    0.7940   -0.4994
    0.7746    0.5427    0.3249
...   104 G-C ...
  -54.2204   70.5245  -86.1503
    0.1844    0.2294   -0.9557
   -0.5624    0.8221    0.0888
    0.8061    0.5211    0.2806
...   105 C-G ...
  -51.2959   71.9877  -85.4067
   -0.1736    0.6464   -0.7430
   -0.5634    0.5537    0.6132
    0.8078    0.5251    0.2680
...   106 T-A ...
  -48.4700   73.6723  -84.8019
   -0.4743    0.8297   -0.2943
   -0.3804    0.1083    0.9185
    0.7940    0.5475    0.2643
...   107 T-A ...
  -45.7761   75.4044  -84.1932
   -0.5920    0.7467    0.3031
   -0.0538   -0.4119    0.9097
    0.8041    0.5222    0.2840
...   108 C-G ...
  -43.0985   77.1254  -83.3439
   -0.5467    0.3287    0.7701
    0.2957   -0.7847    0.5449
    0.7834    0.5256    0.3318
...   109 C-G ...
  -40.6038   79.1657  -82.3155
   -0.3915   -0.2121    0.8954
    0.5478   -0.8356    0.0416
    0.7393    0.5068    0.4434
...   110 G-C ...
  -37.9970   80.5489  -80.6960
   -0.1462   -0.7136    0.6851
    0.7009   -0.5634   -0.4374
    0.6981    0.4162    0.5825
...   111 G-C ...
  -35.9238   81.8075  -78.3567
    0.1755   -0.9471    0.2687
    0.7056   -0.0693   -0.7052
    0.6865    0.3134    0.6561
...   112 C-G ...
  -33.9144   82.4908  -75.8114
    0.4972   -0.8450   -0.1968
    0.5269    0.4743   -0.7053
    0.6893    0.2470    0.6811
...   113 T-A ...
  -31.6651   82.8976  -73.4000
    0.6709   -0.4648   -0.5778
    0.2168    0.8681   -0.4466
    0.7092    0.1744    0.6831
...   114 C-G ...
  -29.2049   83.2895  -71.2322
    0.6704    0.1562   -0.7253
   -0.2122    0.9771    0.0142
    0.7110    0.1444    0.6882
...   115 G-C ...
  -26.9122   84.2377  -68.9448
    0.3909    0.6955   -0.6029
   -0.5426    0.7032    0.4594
    0.7435    0.1476    0.6523
...   116 T-A ...
  -24.0571   84.3964  -67.1549
    0.0376    0.9669   -0.2522
   -0.6784    0.2101    0.7040
    0.7338    0.1446    0.6638
...   117 A-T ...
  -21.9228   84.6281  -64.5061
   -0.3904    0.8707    0.2991
   -0.5696   -0.4837    0.6645
    0.7233    0.0890    0.6848
...   118 T-A ...
  -19.2781   85.3536  -62.6702
   -0.6327    0.4958    0.5949
   -0.2993   -0.8651    0.4026
    0.7142    0.0767    0.6957
...   119 A-T ...
  -16.9442   85.5801  -60.2779
   -0.7654   -0.1171    0.6328
    0.1341   -0.9907   -0.0211
    0.6294    0.0687    0.7740
...   120 A-T ...
  -15.0395   85.9391  -57.6950
   -0.5906   -0.6601    0.4642
    0.5501   -0.7502   -0.3670
    0.5904    0.0386    0.8062
...   121 T-A ...
  -13.6391   86.3731  -54.7798
   -0.2571   -0.9490    0.1826
    0.7820   -0.3153   -0.5377
    0.5678    0.0045    0.8231
...   122 G-C ...
  -11.6649   85.9788  -52.0886
    0.1690   -0.9506   -0.2602
    0.8278    0.2802   -0.4860
    0.5349   -0.1333    0.8343
...   123 T-A ...
  -10.3713   85.0712  -49.1772
    0.5722   -0.6489   -0.5016
    0.6272    0.7402   -0.2422
    0.5285   -0.1760    0.8305
...   124 G-C ...
   -8.2744   84.6183  -46.6040
    0.8116   -0.0631   -0.5808
    0.1879    0.9695    0.1572
    0.5531   -0.2368    0.7987
...   125 T-A ...
   -6.3879   83.2189  -44.1841
    0.7898    0.4755   -0.3874
   -0.2837    0.8432    0.4566
    0.5438   -0.2508    0.8009
...   126 C-G ...
   -4.5322   82.2944  -41.5848
    0.4572    0.8894   -0.0038
   -0.7175    0.3713    0.5893
    0.5255   -0.2667    0.8079
...   127 G-C ...
   -3.2478   81.3229  -38.6065
   -0.0872    0.9527    0.2912
   -0.8655   -0.2172    0.4514
    0.4933   -0.2127    0.8435
...   128 A-T ...
   -1.5291   80.4894  -35.9192
   -0.6064    0.6370    0.4760
   -0.6547   -0.7397    0.1558
    0.4514   -0.2171    0.8655
...   129 C-G ...
    0.2261   80.2987  -33.1307
   -0.8842    0.1583    0.4396
   -0.2375   -0.9625   -0.1310
    0.4023   -0.2202    0.8886
...   130 C-G ...
    1.5529   79.8603  -30.0540
   -0.9181   -0.3556    0.1748
    0.2819   -0.8962   -0.3426
    0.2784   -0.2652    0.9231
...   131 A-T ...
    2.3460   78.8175  -26.9523
   -0.6393   -0.7433   -0.1970
    0.7566   -0.5622   -0.3339
    0.1374   -0.3626    0.9218
...   132 A-T ...
    2.5271   77.5970  -23.9690
   -0.1049   -0.9111   -0.3987
    0.9899   -0.0571   -0.1299
    0.0956   -0.4083    0.9078
...   133 A-T ...
    2.5869   76.1172  -21.0861
    0.4822   -0.7725   -0.4132
    0.8733    0.4615    0.1564
    0.0699   -0.4362    0.8971
...   134 T-A ...
    2.3094   74.2287  -18.3853
    0.8657   -0.4292   -0.2574
    0.4984    0.7868    0.3642
    0.0462   -0.4436    0.8950
...   135 G-C ...
    1.4370   72.0948  -15.6002
    0.9809    0.0621    0.1844
   -0.1263    0.9241    0.3606
   -0.1480   -0.3770    0.9143
...   136 T-A ...
    0.5300   69.2373  -13.4652
    0.7353    0.4962    0.4617
   -0.6117    0.7791    0.1369
   -0.2918   -0.3831    0.8764
...   137 G-C ...
   -0.1631   67.4089  -10.8055
    0.1799    0.8794    0.4409
   -0.9276    0.3008   -0.2216
   -0.3275   -0.3691    0.8698
...   138 A-T ...
   -0.1294   66.2154   -7.8180
   -0.3749    0.8569    0.3537
   -0.8857   -0.2184   -0.4097
   -0.2739   -0.4669    0.8408
...   139 G-C ...
   -1.0031   65.6050   -4.9383
   -0.8337    0.5216    0.1812
   -0.5170   -0.6221   -0.5880
   -0.1940   -0.5840    0.7883
...   140 C-G ...
   -0.6941   63.8984   -2.2497
   -0.9992    0.0157   -0.0376
    0.0023   -0.8992   -0.4375
   -0.0406   -0.4373    0.8984
...   141 G-C ...
   -3.4331   60.2357    1.0303
   -0.4426    0.2288   -0.8671
    0.1684   -0.9285   -0.3310
   -0.8808   -0.2925    0.3724
...   142 C-G ...
   -6.3247   59.0804    1.6314
   -0.2968   -0.3279   -0.8969
    0.5658   -0.8170    0.1115
   -0.7693   -0.4743    0.4280
...   143 T-A ...
   -8.6732   58.7215    3.6047
   -0.0344   -0.7815   -0.6229
    0.6534   -0.4892    0.5777
   -0.7562   -0.3872    0.5275
...   144 C-G ...
  -11.6514   58.0074    4.7219
    0.2453   -0.9542   -0.1714
    0.6321    0.0234    0.7745
   -0.7350   -0.2984    0.6089
...   145 A-T ...
  -14.1725   56.5626    6.1819
    0.5795   -0.7268    0.3686
    0.3140    0.6165    0.7220
   -0.7520   -0.3027    0.5855
...   146 C-G ...
  -16.4614   53.8913    7.5170
    0.5336   -0.3333    0.7773
   -0.0346    0.9097    0.4138
   -0.8450   -0.2477    0.4739
...   147 A-T ...
  -19.0125   52.0327    8.9268
    0.2451    0.2906    0.9249
   -0.3073    0.9281   -0.2101
   -0.9195   -0.2327    0.3168
