  147 base-pairs
...     1 A-T ...
    0.0000    0.0000    0.0000
    1.0000    0.0000    0.0000
    0.0000    1.0000    0.0000
    0.0000    0.0000    1.0000
...     2 G-C ...
   -0.1404   -1.2353    3.2259
    0.7530    0.6366    0.1668
   -0.6385    0.7681   -0.0490
   -0.1593   -0.0696    0.9848
...     3 T-A ...
   -0.0377   -3.2918    6.3749
    0.2722    0.9302    0.2464
   -0.9238    0.3243   -0.2034
   -0.2691   -0.1722    0.9476
...     4 G-C ...
   -0.3520   -4.1638    9.4928
   -0.3756    0.9250    0.0576
   -0.8780   -0.3352   -0.3416
   -0.2967   -0.1788    0.9381
...     5 A-T ...
   -0.4480   -4.1448   12.7498
   -0.8116    0.5839   -0.0166
   -0.5522   -0.7762   -0.3042
   -0.1905   -0.2377    0.9525
...     6 G-C ...
   -1.5926   -4.1701   15.6201
   -0.9976    0.0246   -0.0651
   -0.0043   -0.9555   -0.2950
   -0.0694   -0.2940    0.9533
...     7 C-G ...
   -1.1050   -4.4793   18.7363
   -0.8442   -0.5302   -0.0787
    0.5343   -0.8442   -0.0430
   -0.0437   -0.0784    0.9960
...     8 G-C ...
   -2.4044   -7.7255   23.1483
   -0.2753   -0.3294   -0.9032
    0.6650   -0.7437    0.0686
   -0.6943   -0.5817    0.4238
...     9 C-G ...
   -4.4706   -9.9691   24.1142
    0.1145   -0.7026   -0.7023
    0.8512   -0.2951    0.4341
   -0.5123   -0.6475    0.5642
...    10 T-A ...
   -6.7420  -10.8705   25.9717
    0.4841   -0.8363   -0.2573
    0.6594    0.1554    0.7356
   -0.5752   -0.5257    0.6267
...    11 C-G ...
   -9.1682  -12.6167   27.1662
    0.7073   -0.6683    0.2306
    0.3450    0.6110    0.7125
   -0.6170   -0.4243    0.6627
...    12 A-T ...
  -10.9253  -14.6583   29.0713
    0.7515   -0.1377    0.6452
   -0.2027    0.8824    0.4245
   -0.6278   -0.4498    0.6352
...    13 C-G ...
  -11.8495  -17.4796   31.2472
    0.4294    0.2824    0.8578
   -0.5708    0.8209    0.0155
   -0.6998   -0.4963    0.5137
...    14 A-T ...
  -13.5915  -19.7756   33.4284
   -0.1503    0.6106    0.7775
   -0.6874    0.5007   -0.5261
   -0.7106   -0.6135    0.3445
...    15 A-T ...
  -15.7508  -21.8696   34.6619
   -0.5201    0.7900    0.3246
   -0.4466    0.0724   -0.8918
   -0.7280   -0.6088    0.3152
...    16 T-A ...
  -17.9162  -23.7220   36.2754
   -0.6496    0.7376   -0.1843
   -0.1120   -0.3327   -0.9364
   -0.7520   -0.5876    0.2987
...    17 T-A ...
  -20.4003  -25.4853   37.3351
   -0.5435    0.4623   -0.7006
    0.2697   -0.6942   -0.6673
   -0.7949   -0.5517    0.2526
...    18 T-A ...
  -23.0872  -27.0827   38.1227
   -0.2403    0.0290   -0.9703
    0.5081   -0.8480   -0.1511
   -0.8271   -0.5293    0.1891
...    19 A-T ...
  -25.9428  -28.8088   38.3884
    0.2052   -0.3971   -0.8946
    0.4900   -0.7495    0.4451
   -0.8472   -0.5297    0.0408
...    20 T-A ...
  -28.9472  -30.1014   38.0065
    0.4311   -0.7251   -0.5371
    0.2933   -0.4503    0.8433
   -0.8533   -0.5211    0.0186
...    21 T-A ...
  -31.7779  -31.7035   37.7432
    0.4800   -0.8747    0.0667
   -0.0337    0.0576    0.9978
   -0.8766   -0.4812   -0.0019
...    22 C-G ...
  -34.6066  -33.4337   37.6250
    0.3319   -0.6687    0.6653
   -0.3356    0.5755    0.7458
   -0.8816   -0.4708   -0.0334
...    23 G-C ...
  -37.7723  -34.6028   37.7683
    0.0889   -0.1822    0.9792
   -0.4656    0.8615    0.2026
   -0.8805   -0.4739   -0.0082
...    24 C-G ...
  -40.5477  -36.4949   37.6243
   -0.1744    0.3468    0.9216
   -0.4086    0.8260   -0.3882
   -0.8959   -0.4442   -0.0023
...    25 A-T ...
  -43.6169  -37.7854   37.2823
   -0.3026    0.8044    0.5113
   -0.2024    0.4700   -0.8592
   -0.9314   -0.3635    0.0206
...    26 A-T ...
  -46.6104  -38.9964   37.5284
   -0.3325    0.9404   -0.0720
    0.0252   -0.0675   -0.9974
   -0.9428   -0.3334   -0.0013
...    27 A-T ...
  -49.6946  -39.9345   37.6531
   -0.1994    0.7592   -0.6196
    0.2036   -0.5864   -0.7840
   -0.9585   -0.2825   -0.0376
...    28 G-C ...
  -52.9417  -40.5025   37.5531
    0.0524    0.3685   -0.9281
    0.2511   -0.9044   -0.3449
   -0.9665   -0.2150   -0.1399
...    29 G-C ...
  -56.1987  -40.7538   36.6917
    0.2932   -0.1555   -0.9433
    0.1153   -0.9737    0.1963
   -0.9491   -0.1664   -0.2676
...    30 C-G ...
  -59.2120  -40.9493   35.2993
    0.3526   -0.6584   -0.6649
   -0.1206   -0.7366    0.6655
   -0.9280   -0.1545   -0.3391
...    31 C-G ...
  -62.1086  -41.6443   33.6570
    0.2688   -0.9503   -0.1573
   -0.3664   -0.2519    0.8957
   -0.8908   -0.1831   -0.4159
...    32 G-C ...
  -65.2153  -42.5334   32.6381
    0.0272   -0.9088    0.4163
   -0.5108    0.3454    0.7873
   -0.8593   -0.2340   -0.4549
...    33 G-C ...
  -68.0019  -43.5119   30.9434
   -0.2504   -0.5388    0.8044
   -0.4426    0.8026    0.3999
   -0.8611   -0.2559   -0.4394
...    34 C-G ...
  -70.7242  -44.6663   29.3297
   -0.4486    0.0195    0.8935
   -0.2039    0.9712   -0.1235
   -0.8702   -0.2376   -0.4317
...    35 C-G ...
  -73.5885  -45.7238   27.8247
   -0.4234    0.5789    0.6969
    0.1093    0.7962   -0.5950
   -0.8993   -0.1758   -0.4004
...    36 C-G ...
  -76.6361  -46.5679   26.5875
   -0.1986    0.9357    0.2917
    0.3477    0.3455   -0.8716
   -0.9163   -0.0717   -0.3940
...    37 G-C ...
  -79.5579  -46.7565   24.9016
    0.1805    0.9682   -0.1732
    0.4060   -0.2338   -0.8835
   -0.8959    0.0891   -0.4353
...    38 A-T ...
  -82.4700  -46.3555   23.4952
    0.4574    0.6411   -0.6162
    0.2110   -0.7514   -0.6252
   -0.8639    0.1560   -0.4790
...    39 C-G ...
  -85.2267  -45.2064   22.1490
    0.5553    0.1438   -0.8191
   -0.0866   -0.9696   -0.2289
   -0.8271    0.1980   -0.5260
...    40 A-T ...
  -87.8388  -44.5993   20.1275
    0.5050   -0.4537   -0.7342
   -0.4456   -0.8656    0.2283
   -0.7392    0.2118   -0.6393
...    41 C-G ...
  -89.7963  -43.4911   17.6693
    0.2041   -0.8503   -0.4851
   -0.6758   -0.4809    0.5586
   -0.7083    0.2138   -0.6728
...    42 G-C ...
  -92.3995  -43.1952   15.5237
   -0.1944   -0.9804   -0.0332
   -0.7218    0.1200    0.6817
   -0.6643    0.1565   -0.7309
...    43 A-T ...
  -94.5129  -42.7403   13.0001
   -0.6114   -0.6950    0.3784
   -0.4535    0.6996    0.5521
   -0.6484    0.1659   -0.7430
...    44 C-G ...
  -96.4649  -42.7225   10.2458
   -0.7674   -0.1960    0.6105
   -0.0397    0.9648    0.2598
   -0.6399    0.1751   -0.7482
...    45 T-A ...
  -98.6675  -42.4091    7.7422
   -0.6417    0.3650    0.6745
    0.4013    0.9093   -0.1103
   -0.6535    0.1999   -0.7300
...    46 T-A ...
 -100.8679  -41.9819    5.3804
   -0.2872    0.8310    0.4765
    0.7207    0.5151   -0.4640
   -0.6310    0.2101   -0.7468
...    47 A-T ...
 -102.8259  -41.1908    2.7685
    0.2638    0.9507    0.1629
    0.7491   -0.0955   -0.6555
   -0.6076    0.2949   -0.7374
...    48 C-G ...
 -105.1587  -39.9724    0.8029
    0.6566    0.7366   -0.1619
    0.4913   -0.5806   -0.6493
   -0.5723    0.3468   -0.7431
...    49 T-A ...
 -106.9734  -38.4601   -1.5164
    0.8709    0.2754   -0.4071
    0.0439   -0.8686   -0.4935
   -0.4896    0.4119   -0.7685
...    50 G-C ...
 -108.2898  -37.1634   -4.3293
    0.7923   -0.3255   -0.5161
   -0.4909   -0.8423   -0.2224
   -0.3624    0.4296   -0.8271
...    51 T-A ...
 -108.9100  -35.3706   -7.0477
    0.4166   -0.7396   -0.5286
   -0.8496   -0.5236    0.0630
   -0.3234    0.4228   -0.8465
...    52 A-T ...
 -110.3537  -34.0904   -9.8472
   -0.2442   -0.8897   -0.3856
   -0.9237    0.0925    0.3717
   -0.2951    0.4470   -0.8445
...    53 G-C ...
 -111.0632  -32.7410  -12.8335
   -0.7102   -0.6967   -0.1008
   -0.6396    0.5788    0.5059
   -0.2941    0.4237   -0.8567
...    54 G-C ...
 -111.9670  -31.5160  -15.8760
   -0.9366   -0.2572    0.2381
   -0.1221    0.8763    0.4661
   -0.3285    0.4074   -0.8521
...    55 T-A ...
 -113.0957  -30.7325  -18.9518
   -0.8508    0.2613    0.4559
    0.4140    0.8677    0.2753
   -0.3237    0.4230   -0.8464
...    56 A-T ...
 -113.7178  -28.9959  -21.8169
   -0.3775    0.7694    0.5153
    0.8803    0.4709   -0.0582
   -0.2875    0.4317   -0.8550
...    57 T-A ...
 -115.2608  -27.7691  -24.4550
    0.1349    0.8964    0.4222
    0.9521    0.0008   -0.3058
   -0.2744    0.4432   -0.8534
...    58 C-G ...
 -116.1945  -26.2748  -27.2282
    0.6924    0.6902    0.2104
    0.6833   -0.5336   -0.4984
   -0.2318    0.4888   -0.8410
...    59 T-A ...
 -116.9442  -24.3392  -29.8156
    0.9692    0.2461   -0.0117
    0.1974   -0.8041   -0.5608
   -0.1474    0.5412   -0.8279
...    60 C-G ...
 -117.2231  -22.4805  -32.5012
    0.9034   -0.3099   -0.2965
   -0.4208   -0.7739   -0.4733
   -0.0828    0.5523   -0.8295
...    61 G-C ...
 -117.3607  -21.0215  -35.5614
    0.5023   -0.7542   -0.4230
   -0.8636   -0.4128   -0.2895
    0.0437    0.5107   -0.8587
...    62 A-T ...
 -117.0365  -19.4352  -38.4509
   -0.1286   -0.8553   -0.5020
   -0.9888    0.1490   -0.0006
    0.0753    0.4963   -0.8649
...    63 G-C ...
 -116.4897  -17.9504  -41.4078
   -0.6588   -0.6399   -0.3956
   -0.7485    0.6106    0.2588
    0.0759    0.4666   -0.8812
...    64 C-G ...
 -116.0553  -16.7263  -44.5123
   -0.9691   -0.1822   -0.1662
   -0.2376    0.8704    0.4311
    0.0661    0.4573   -0.8868
...    65 T-A ...
 -115.8993  -15.4657  -47.6170
   -0.9381    0.3228    0.1256
    0.3438    0.8243    0.4498
    0.0417    0.4651   -0.8843
...    66 C-G ...
 -115.7405  -14.0097  -50.5921
   -0.5317    0.7514    0.3908
    0.8456    0.4447    0.2954
    0.0482    0.4875   -0.8718
...    67 G-C ...
 -115.1190  -12.3003  -53.4591
    0.0473    0.8054    0.5908
    0.9967   -0.0776    0.0259
    0.0667    0.5876   -0.8064
...    68 G-C ...
 -115.1155  -10.2205  -56.1246
    0.5827    0.5597    0.5892
    0.8027   -0.5097   -0.3098
    0.1269    0.6535   -0.7462
...    69 G-C ...
 -114.7458   -7.7703  -58.4176
    0.9087    0.1096    0.4028
    0.3528   -0.7175   -0.6007
    0.2232    0.6879   -0.6906
...    70 A-T ...
 -113.8830   -5.4617  -60.5835
    0.9258   -0.3780    0.0067
   -0.2489   -0.6226   -0.7419
    0.2846    0.6852   -0.6704
...    71 T-A ...
 -112.5924   -2.9413  -62.2530
    0.6627   -0.6536   -0.3655
   -0.6841   -0.3299   -0.6505
    0.3046    0.6811   -0.6658
...    72 C-G ...
 -111.3844   -0.8340  -64.4781
    0.1112   -0.7342   -0.6698
   -0.9333    0.1543   -0.3241
    0.3413    0.6612   -0.6681
...    73 C-G ...
 -109.9753    1.0874  -66.9031
   -0.4541   -0.5485   -0.7021
   -0.8154    0.5735    0.0793
    0.3592    0.6085   -0.7076
...    74 G-C ...
 -109.1511    3.3756  -69.2619
   -0.8658   -0.1354   -0.4818
   -0.3788    0.8065    0.4540
    0.3271    0.5755   -0.7495
...    75 T-A ...
 -107.9745    4.7634  -72.0962
   -0.9325    0.3268   -0.1539
    0.1536    0.7444    0.6498
    0.3269    0.5823   -0.7444
...    76 C-G ...
 -106.8717    6.6133  -74.6169
   -0.6479    0.7061    0.2857
    0.6866    0.3789    0.6205
    0.3298    0.5982   -0.7303
...    77 A-T ...
 -105.4916    8.6403  -76.9089
   -0.1443    0.7342    0.6634
    0.9367   -0.1147    0.3307
    0.3189    0.6692   -0.6712
...    78 T-A ...
 -105.0783   11.0020  -79.1606
    0.3524    0.5591    0.7505
    0.8754   -0.4804   -0.0531
    0.3309    0.6757   -0.6587
...    79 G-C ...
 -103.7049   13.2574  -81.2423
    0.7424    0.0909    0.6638
    0.5247   -0.6949   -0.4917
    0.4166    0.7133   -0.5636
...    80 T-A ...
 -102.4425   15.9898  -82.5879
    0.8841   -0.3300    0.3307
    0.0568   -0.6266   -0.7772
    0.4637    0.7060   -0.5353
...    81 T-A ...
 -100.8464   18.3648  -84.1125
    0.7449   -0.6457   -0.1677
   -0.4551   -0.3081   -0.8354
    0.4878    0.6986   -0.5234
...    82 A-T ...
  -99.2835   20.5928  -86.1093
    0.2827   -0.7134   -0.6412
   -0.8033    0.1892   -0.5647
    0.5242    0.6747   -0.5196
...    83 T-A ...
  -96.9853   22.5128  -87.5266
   -0.1686   -0.4987   -0.8502
   -0.8289    0.5385   -0.1515
    0.5334    0.6792   -0.5042
...    84 A-T ...
  -95.5600   25.2193  -89.0743
   -0.6419    0.0353   -0.7660
   -0.5110    0.7251    0.4616
    0.5717    0.6877   -0.4474
...    85 A-T ...
  -93.5581   27.2380  -90.6897
   -0.7910    0.4932   -0.3620
   -0.0410    0.5476    0.8357
    0.6104    0.6759   -0.4129
...    86 C-G ...
  -91.6394   29.2060  -92.6096
   -0.6925    0.7050    0.1529
    0.3893    0.1868    0.9020
    0.6073    0.6841   -0.4038
...    87 G-C ...
  -89.3072   31.4485  -93.6031
   -0.4061    0.6066    0.6835
    0.7077   -0.2644    0.6552
    0.5781    0.7498   -0.3219
...    88 G-C ...
  -87.5475   34.0695  -94.8211
   -0.0067    0.2814    0.9596
    0.8116   -0.5591    0.1696
    0.5842    0.7799   -0.2247
...    89 A-T ...
  -85.6813   36.6625  -95.5300
    0.4342   -0.1520    0.8879
    0.6628   -0.6136   -0.4291
    0.6101    0.7748   -0.1657
...    90 C-G ...
  -84.0016   39.4903  -95.5865
    0.6833   -0.4942    0.5375
    0.3486   -0.4260   -0.8349
    0.6416    0.7578   -0.1188
...    91 T-A ...
  -81.7923   41.9593  -95.5737
    0.7094   -0.7046    0.0166
   -0.0366   -0.0603   -0.9975
    0.7038    0.7070   -0.0686
...    92 T-A ...
  -79.4223   44.1773  -95.5440
    0.5559   -0.6127   -0.5618
   -0.4249    0.3715   -0.8255
    0.7145    0.6976   -0.0538
...    93 T-A ...
  -76.9323   46.2762  -95.5199
    0.2220   -0.2625   -0.9391
   -0.6607    0.6678   -0.3428
    0.7170    0.6966   -0.0252
...    94 A-T ...
  -74.8710   48.9928  -95.5599
   -0.2228    0.2839   -0.9326
   -0.6480    0.6716    0.3592
    0.7284    0.6843    0.0343
...    95 A-T ...
  -72.3015   51.0139  -95.5930
   -0.5244    0.6606   -0.5373
   -0.4058    0.3608    0.8397
    0.7486    0.6584    0.0789
...    96 C-G ...
  -69.6697   53.0626  -95.9245
   -0.6654    0.7465   -0.0017
   -0.0669   -0.0574    0.9961
    0.7435    0.6630    0.0881
...    97 A-T ...
  -67.1257   55.1604  -95.3776
   -0.6418    0.5111    0.5718
    0.3315   -0.4874    0.8078
    0.6916    0.7080    0.1434
...    98 C-G ...
  -65.1734   57.8265  -95.2940
   -0.4003    0.1464    0.9046
    0.6159   -0.6879    0.3839
    0.6785    0.7109    0.1852
...    99 T-A ...
  -63.1865   60.3786  -94.5906
   -0.0784   -0.3044    0.9493
    0.7437   -0.6520   -0.1476
    0.6639    0.6944    0.2776
...   100 T-A ...
  -61.1926   62.7017  -93.5587
    0.3208   -0.6518    0.6872
    0.6669   -0.3597   -0.6526
    0.6726    0.6676    0.3193
...   101 T-A ...
  -59.1179   64.8381  -92.2999
    0.6162   -0.7653    0.1864
    0.3842    0.0855   -0.9193
    0.6876    0.6380    0.3467
...   102 A-T ...
  -56.6545   66.8290  -91.2213
    0.6772   -0.6037   -0.4207
   -0.0212    0.5556   -0.8312
    0.7355    0.5718    0.3634
...   103 T-A ...
  -54.1280   68.1706  -89.5690
    0.5779   -0.2265   -0.7841
   -0.3565    0.7941   -0.4922
    0.7341    0.5639    0.3781
...   104 G-C ...
  -51.7194   70.2579  -88.5891
    0.2202    0.2643   -0.9390
   -0.5989    0.7964    0.0837
    0.7699    0.5439    0.3337
...   105 C-G ...
  -48.8954   71.8117  -87.6687
   -0.1630    0.6601   -0.7333
   -0.6132    0.5144    0.5994
    0.7729    0.5474    0.3209
...   106 T-A ...
  -46.1683   73.5801  -86.8837
   -0.4902    0.8199   -0.2958
   -0.4279    0.0693    0.9012
    0.7594    0.5683    0.3168
...   107 T-A ...
  -43.5700   75.3879  -86.1029
   -0.6318    0.7178    0.2927
   -0.0828   -0.4380    0.8952
    0.7707    0.5413    0.3361
...   108 C-G ...
  -40.9967   77.1726  -85.0823
   -0.5937    0.2903    0.7505
    0.2955   -0.7888    0.5389
    0.7485    0.5417    0.3825
...   109 C-G ...
  -38.6215   79.2624  -83.8874
   -0.4270   -0.2471    0.8698
    0.5715   -0.8192    0.0479
    0.7007    0.5176    0.4910
...   110 G-C ...
  -36.1400   80.6825  -82.1157
   -0.1578   -0.7345    0.6600
    0.7373   -0.5323   -0.4161
    0.6569    0.4209    0.6255
...   111 G-C ...
  -34.2225   81.9419  -79.6488
    0.1880   -0.9485    0.2549
    0.7402   -0.0338   -0.6715
    0.6456    0.3149    0.6957
...   112 C-G ...
  -32.3598   82.6139  -76.9943
    0.5268   -0.8281   -0.1916
    0.5479    0.5032   -0.6683
    0.6498    0.2471    0.7188
...   113 T-A ...
  -30.2402   83.0123  -74.4693
    0.7071   -0.4376   -0.5554
    0.2181    0.8822   -0.4173
    0.6726    0.1740    0.7193
...   114 C-G ...
  -27.8920   83.4030  -72.1839
    0.6992    0.1837   -0.6910
   -0.2318    0.9725    0.0240
    0.6763    0.1434    0.7225
...   115 G-C ...
  -25.7158   84.3412  -69.7856
    0.4041    0.7130   -0.5731
   -0.5739    0.6854    0.4482
    0.7123    0.1478    0.6861
...   116 T-A ...
  -22.9439   84.5126  -67.8742
    0.0324    0.9716   -0.2345
   -0.7105    0.1874    0.6783
    0.7030    0.1446    0.6964
...   117 A-T ...
  -20.9225   84.7366  -65.1415
   -0.4151    0.8607    0.2948
   -0.5892   -0.5012    0.6337
    0.6932    0.0893    0.7152
...   118 T-A ...
  -18.3650   85.4728  -63.1896
   -0.6629    0.4790    0.5755
   -0.3033   -0.8745    0.3786
    0.6846    0.0764    0.7249
...   119 A-T ...
  -16.1320   85.6908  -60.7045
   -0.7869   -0.1349    0.6022
    0.1473   -0.9887   -0.0289
    0.5993    0.0660    0.7978
...   120 A-T ...
  -14.3293   86.0422  -58.0482
   -0.5987   -0.6726    0.4349
    0.5716   -0.7391   -0.3562
    0.5611    0.0353    0.8270
...   121 T-A ...
  -13.0379   86.4564  -55.0799
   -0.2525   -0.9538    0.1628
    0.8035   -0.3004   -0.5139
    0.5390    0.0011    0.8423
...   122 G-C ...
  -11.1614   86.0543  -52.3229
    0.1857   -0.9462   -0.2648
    0.8407    0.2925   -0.4558
    0.5087   -0.1380    0.8498
...   123 T-A ...
   -9.9564   85.1269  -49.3820
    0.5918   -0.6397   -0.4904
    0.6290    0.7470   -0.2153
    0.5040   -0.1811    0.8445
...   124 G-C ...
   -7.9406   84.6449  -46.7523
    0.8267   -0.0544   -0.5600
    0.1794    0.9689    0.1707
    0.5333   -0.2416    0.8107
...   125 T-A ...
   -6.1122   83.2323  -44.3007
    0.7970    0.4810   -0.3653
   -0.2970    0.8388    0.4563
    0.5259   -0.2552    0.8113
...   126 C-G ...
   -4.3088   82.2985  -41.6716
    0.4550    0.8904    0.0105
   -0.7301    0.3663    0.5769
    0.5098   -0.2702    0.8168
...   127 G-C ...
   -3.0722   81.3280  -38.6765
   -0.0937    0.9514    0.2934
   -0.8723   -0.2205    0.4365
    0.4799   -0.2151    0.8505
...   128 A-T ...
   -1.3952   80.4953  -35.9640
   -0.6139    0.6347    0.4693
   -0.6558   -0.7410    0.1444
    0.4394   -0.2191    0.8712
...   129 C-G ...
    0.3204   80.3005  -33.1502
   -0.8896    0.1563    0.4292
   -0.2349   -0.9624   -0.1364
    0.3918   -0.2222    0.8928
...   130 C-G ...
    1.6095   79.8563  -30.0587
   -0.9194   -0.3570    0.1653
    0.2862   -0.8952   -0.3415
    0.2699   -0.2667    0.9252
...   131 A-T ...
    2.3807   78.8104  -26.9551
   -0.6367   -0.7441   -0.2021
    0.7598   -0.5607   -0.3293
    0.1317   -0.3632    0.9224
...   132 A-T ...
    2.5428   77.5920  -23.9694
   -0.1016   -0.9114   -0.3989
    0.9906   -0.0556   -0.1253
    0.0920   -0.4079    0.9084
...   133 A-T ...
    2.5906   76.1152  -21.0852
    0.4837   -0.7724   -0.4117
    0.8726    0.4621    0.1583
    0.0680   -0.4358    0.8975
...   134 T-A ...
    2.3094   74.2286  -18.3854
    0.8657   -0.4292   -0.2574
    0.4984    0.7868    0.3642
    0.0462   -0.4436    0.8950
...   135 G-C ...
    1.4370   72.0947  -15.6002
    0.9809    0.0621    0.1844
   -0.1263    0.9241    0.3606
   -0.1480   -0.3770    0.9143
...   136 T-A ...
    0.5300   69.2372  -13.4652
    0.7353    0.4962    0.4617
   -0.6117    0.7791    0.1369
   -0.2918   -0.3831    0.8764
...   137 G-C ...
   -0.1631   67.4089  -10.8055
    0.1799    0.8794    0.4409
   -0.9276    0.3008   -0.2216
   -0.3275   -0.3691    0.8698
...   138 A-T ...
   -0.1294   66.2153   -7.8180
   -0.3749    0.8569    0.3537
   -0.8857   -0.2184   -0.4097
   -0.2739   -0.4669    0.8408
...   139 G-C ...
   -1.0031   65.6049   -4.9383
   -0.8337    0.5216    0.1812
   -0.5170   -0.6221   -0.5880
   -0.1940   -0.5840    0.7883
...   140 C-G ...
   -0.6941   63.8983   -2.2497
   -0.9992    0.0157   -0.0376
    0.0023   -0.8992   -0.4375
   -0.0406   -0.4373    0.8984
...   141 G-C ...
   -3.4331   60.2356    1.0302
   -0.4426    0.2288   -0.8671
    0.1684   -0.9285   -0.3310
   -0.8808   -0.2925    0.3724
...   142 C-G ...
   -6.3247   59.0803    1.6314
   -0.2968   -0.3279   -0.8969
    0.5658   -0.8170    0.1115
   -0.7693   -0.4743    0.4280
...   143 T-A ...
   -8.6732   58.7215    3.6047
   -0.0344   -0.7815   -0.6229
    0.6534   -0.4892    0.5777
   -0.7562   -0.3872    0.5275
...   144 C-G ...
  -11.6514   58.0073    4.7219
    0.2453   -0.9542   -0.1714
    0.6321    0.0234    0.7745
   -0.7350   -0.2984    0.6089
...   145 A-T ...
  -14.1725   56.5625    6.1819
    0.5795   -0.7268    0.3686
    0.3140    0.6165    0.7220
   -0.7520   -0.3027    0.5855
...   146 C-G ...
  -16.4614   53.8912    7.5169
    0.5336   -0.3333    0.7773
   -0.0346    0.9097    0.4138
   -0.8450   -0.2477    0.4739
...   147 A-T ...
  -19.0125   52.0327    8.9268
    0.2451    0.2906    0.9249
   -0.3073    0.9281   -0.2101
   -0.9195   -0.2327    0.3168
