  147 base-pairs
...     1 A-T ...
    0.0000    0.0000    0.0000
    1.0000    0.0000    0.0000
    0.0000    1.0000    0.0000
    0.0000    0.0000    1.0000
...     2 G-C ...
   -0.1404   -1.2353    3.2259
    0.7530    0.6366    0.1668
   -0.6385    0.7681   -0.0490
   -0.1593   -0.0696    0.9848
...     3 T-A ...
   -0.0377   -3.2918    6.3749
    0.2722    0.9302    0.2464
   -0.9238    0.3243   -0.2034
   -0.2691   -0.1722    0.9476
...     4 G-C ...
   -0.3520   -4.1638    9.4928
   -0.3756    0.9250    0.0576
   -0.8780   -0.3352   -0.3416
   -0.2967   -0.1788    0.9381
...     5 A-T ...
   -0.4480   -4.1448   12.7498
   -0.8116    0.5839   -0.0166
   -0.5522   -0.7762   -0.3042
   -0.1905   -0.2377    0.9525
...     6 G-C ...
   -1.5926   -4.1701   15.6201
   -0.9976    0.0246   -0.0651
   -0.0043   -0.9555   -0.2950
   -0.0694   -0.2940    0.9533
...     7 C-G ...
   -1.1050   -4.4793   18.7363
   -0.8442   -0.5302   -0.0787
    0.5343   -0.8442   -0.0430
   -0.0437   -0.0784    0.9960
...     8 G-C ...
   -2.4044   -7.7255   23.1483
   -0.2753   -0.3294   -0.9032
    0.6650   -0.7437    0.0686
   -0.6943   -0.5817    0.4238
...     9 C-G ...
   -4.4706   -9.9691   24.1142
    0.1145   -0.7026   -0.7023
    0.8512   -0.2951    0.4341
   -0.5123   -0.6475    0.5642
...    10 T-A ...
   -6.7420  -10.8705   25.9717
    0.4841   -0.8363   -0.2573
    0.6594    0.1554    0.7356
   -0.5752   -0.5257    0.6267
...    11 C-G ...
   -9.1682  -12.6167   27.1662
    0.7073   -0.6683    0.2306
    0.3450    0.6110    0.7125
   -0.6170   -0.4243    0.6627
...    12 A-T ...
  -10.9253  -14.6583   29.0713
    0.7515   -0.1377    0.6452
   -0.2027    0.8824    0.4245
   -0.6278   -0.4498    0.6352
...    13 C-G ...
  -11.8495  -17.4796   31.2472
    0.4294    0.2824    0.8578
   -0.5708    0.8209    0.0155
   -0.6998   -0.4963    0.5137
...    14 A-T ...
  -13.5915  -19.7756   33.4284
   -0.1503    0.6106    0.7775
   -0.6874    0.5007   -0.5261
   -0.7106   -0.6135    0.3445
...    15 A-T ...
  -15.7232  -21.8947   34.6773
   -0.5302    0.7798    0.3330
   -0.4464    0.0772   -0.8915
   -0.7209   -0.6213    0.3072
...    16 T-A ...
  -17.8565  -23.8111   36.2730
   -0.6657    0.7263   -0.1714
   -0.1051   -0.3187   -0.9420
   -0.7388   -0.6090    0.2885
...    17 T-A ...
  -20.2821  -25.6583   37.3297
   -0.5614    0.4615   -0.6869
    0.2881   -0.6691   -0.6850
   -0.7757   -0.5825    0.2427
...    18 T-A ...
  -22.9041  -27.3610   38.1049
   -0.2478    0.0539   -0.9673
    0.5374   -0.8231   -0.1835
   -0.8061   -0.5654    0.1750
...    19 A-T ...
  -25.7699  -29.0662   38.2820
    0.2255   -0.3098   -0.9237
    0.5247   -0.7603    0.3830
   -0.8209   -0.5710   -0.0089
...    20 T-A ...
  -28.6878  -30.4699   37.7676
    0.4752   -0.6418   -0.6019
    0.3171   -0.5132    0.7975
   -0.8207   -0.5699   -0.0404
...    21 T-A ...
  -31.3849  -32.2317   37.3196
    0.5517   -0.8335   -0.0295
   -0.0382   -0.0606    0.9974
   -0.8332   -0.5491   -0.0653
...    22 C-G ...
  -34.0062  -34.2144   36.9805
    0.4015   -0.7106    0.5777
   -0.3884    0.4391    0.8101
   -0.8294   -0.5497   -0.0997
...    23 G-C ...
  -36.9700  -35.8069   37.0078
    0.1174   -0.3026    0.9459
   -0.5686    0.7604    0.3139
   -0.8142   -0.5746   -0.0828
...    24 C-G ...
  -39.4773  -38.0074   36.6296
   -0.2150    0.1850    0.9589
   -0.5211    0.8087   -0.2728
   -0.8260   -0.5584   -0.0774
...    25 A-T ...
  -42.3296  -39.6421   36.0690
   -0.4229    0.6650    0.6156
   -0.2726    0.5545   -0.7863
   -0.8642   -0.5003   -0.0532
...    26 A-T ...
  -45.0836  -41.3575   36.0825
   -0.4903    0.8698    0.0553
    0.0425    0.0872   -0.9953
   -0.8705   -0.4856   -0.0797
...    27 A-T ...
  -47.9478  -42.8481   35.9923
   -0.3360    0.7922   -0.5095
    0.3164   -0.4146   -0.8533
   -0.8871   -0.4479   -0.1113
...    28 G-C ...
  -51.0125  -44.0211   35.7114
   -0.0143    0.5103   -0.8599
    0.4320   -0.7724   -0.4656
   -0.9017   -0.3781   -0.2094
...    29 G-C ...
  -54.1429  -44.8139   34.7567
    0.3335    0.0639   -0.9406
    0.3212   -0.9457    0.0496
   -0.8864   -0.3186   -0.3359
...    30 C-G ...
  -57.0166  -45.4048   33.2283
    0.5071   -0.4413   -0.7403
    0.0407   -0.8458    0.5320
   -0.8609   -0.2999   -0.4110
...    31 C-G ...
  -59.6192  -46.4400   31.3158
    0.5008   -0.8144   -0.2932
   -0.3118   -0.4858    0.8166
   -0.8074   -0.3175   -0.4972
...    32 G-C ...
  -62.3099  -47.9322   29.9141
    0.2634   -0.9290    0.2601
   -0.6087    0.0492    0.7919
   -0.7484   -0.3669   -0.5525
...    33 G-C ...
  -64.6208  -49.3933   27.8881
   -0.1094   -0.7259    0.6791
   -0.6709    0.5580    0.4884
   -0.7334   -0.4021   -0.5480
...    34 C-G ...
  -66.8339  -50.9913   25.9204
   -0.4678   -0.2770    0.8393
   -0.4836    0.8751    0.0193
   -0.7398   -0.3969   -0.5433
...    35 C-G ...
  -69.1981  -52.5573   24.0408
   -0.6162    0.2864    0.7337
   -0.1193    0.8869   -0.4464
   -0.7785   -0.3626   -0.5123
...    36 C-G ...
  -71.7563  -54.0518   22.3767
   -0.5079    0.7584    0.4085
    0.2638    0.5883   -0.7644
   -0.8200   -0.2804   -0.4989
...    37 G-C ...
  -74.3086  -54.8837   20.3319
   -0.1458    0.9893   -0.0075
    0.5198    0.0702   -0.8514
   -0.8417   -0.1280   -0.5245
...    38 A-T ...
  -77.0773  -55.2582   18.6594
    0.2513    0.8547   -0.4543
    0.5041   -0.5162   -0.6924
   -0.8263   -0.0550   -0.5606
...    39 C-G ...
  -79.9497  -54.8880   17.1472
    0.5323    0.4665   -0.7064
    0.2803   -0.8845   -0.3728
   -0.7988    0.0004   -0.6016
...    40 A-T ...
  -82.4452  -54.8181   14.9046
    0.7024   -0.1074   -0.7037
   -0.1176   -0.9925    0.0341
   -0.7020    0.0588   -0.7097
...    41 C-G ...
  -84.4125  -54.0285   12.3587
    0.5577   -0.6163   -0.5560
   -0.4988   -0.7843    0.3689
   -0.6634    0.0716   -0.7448
...    42 G-C ...
  -86.6332  -54.3075    9.8267
    0.2123   -0.9581   -0.1921
   -0.7853   -0.2842    0.5500
   -0.5816    0.0341   -0.8128
...    43 A-T ...
  -88.4262  -54.2616    7.0362
   -0.3202   -0.9319    0.1707
   -0.7623    0.3604    0.5376
   -0.5625    0.0420   -0.8257
...    44 C-G ...
  -89.8597  -54.5065    3.9906
   -0.6912   -0.5850    0.4242
   -0.4654    0.8095    0.3581
   -0.5529    0.0501   -0.8318
...    45 T-A ...
  -91.6480  -54.6329    1.1631
   -0.8217   -0.0439    0.5683
   -0.0025    0.9973    0.0734
   -0.5700    0.0589   -0.8196
...    46 T-A ...
  -93.4663  -54.7079   -1.5425
   -0.6780    0.5521    0.4853
    0.4988    0.8305   -0.2480
   -0.5400    0.0739   -0.8384
...    47 A-T ...
  -95.0830  -54.3131   -4.4623
   -0.1950    0.9379    0.2867
    0.8176    0.3170   -0.4807
   -0.5418    0.1407   -0.8287
...    48 C-G ...
  -97.3382  -53.8563   -6.8075
    0.2967    0.9541    0.0403
    0.7966   -0.2240   -0.5614
   -0.5266    0.1987   -0.8265
...    49 T-A ...
  -99.1896  -52.8819   -9.3670
    0.7252    0.6657   -0.1757
    0.5036   -0.6869   -0.5240
   -0.4695    0.2915   -0.8334
...    50 G-C ...
 -100.4080  -51.7938  -12.3057
    0.9397    0.1156   -0.3218
   -0.0178   -0.9233   -0.3838
   -0.3415    0.3664   -0.8655
...    51 T-A ...
 -101.1811  -50.0251  -14.9809
    0.8010   -0.4063   -0.4397
   -0.5227   -0.8327   -0.1828
   -0.2919    0.3762   -0.8793
...    52 A-T ...
 -102.2540  -49.0082  -18.0143
    0.2969   -0.8417   -0.4510
   -0.9205   -0.3779    0.0992
   -0.2539    0.3857   -0.8870
...    53 G-C ...
 -102.7407  -47.7328  -21.0698
   -0.2516   -0.9192   -0.3028
   -0.9397    0.1572    0.3036
   -0.2315    0.3610   -0.9034
...    54 G-C ...
 -103.3179  -46.7161  -24.2639
   -0.7321   -0.6797   -0.0450
   -0.6358    0.6580    0.4035
   -0.2447    0.3240   -0.9139
...    55 T-A ...
 -103.8309  -46.1380  -27.5460
   -0.9611   -0.2106    0.1784
   -0.1315    0.9177    0.3750
   -0.2427    0.3369   -0.9097
...    56 A-T ...
 -104.3460  -44.4707  -30.4838
   -0.8165    0.4605    0.3482
    0.5454    0.8131    0.2034
   -0.1894    0.3560   -0.9151
...    57 T-A ...
 -105.4278  -43.7669  -33.5206
   -0.4158    0.8129    0.4078
    0.8919    0.4521    0.0083
   -0.1776    0.3672   -0.9130
...    58 C-G ...
 -106.0552  -42.5806  -36.5231
    0.2087    0.8981    0.3871
    0.9650   -0.1249   -0.2304
   -0.1586    0.4217   -0.8928
...    59 T-A ...
 -106.7645  -40.9340  -39.3108
    0.7059    0.6466    0.2893
    0.7002   -0.5749   -0.4235
   -0.1075    0.5015   -0.8585
...    60 C-G ...
 -107.0046  -39.1477  -42.0416
    0.9881    0.1492    0.0385
    0.1462   -0.8295   -0.5390
   -0.0485    0.5382   -0.8414
...    61 G-C ...
 -106.7730  -37.5965  -45.0435
    0.8945   -0.4134   -0.1702
   -0.4360   -0.7225   -0.5366
    0.0989    0.5542   -0.8265
...    62 A-T ...
 -106.2092  -35.7967  -47.7576
    0.4467   -0.7774   -0.4428
   -0.8831   -0.3039   -0.3573
    0.1432    0.5507   -0.8223
...    63 G-C ...
 -105.3693  -34.0014  -50.4565
   -0.1199   -0.8315   -0.5424
   -0.9780    0.1927   -0.0793
    0.1705    0.5210   -0.8364
...    64 C-G ...
 -104.4516  -32.5095  -53.3275
   -0.6571   -0.5790   -0.4827
   -0.7330    0.6402    0.2299
    0.1759    0.5049   -0.8451
...    65 T-A ...
 -103.7453  -31.0955  -56.2868
   -0.9572   -0.1332   -0.2570
   -0.2415    0.8569    0.4555
    0.1595    0.4980   -0.8524
...    66 C-G ...
 -103.1437  -29.5197  -59.1444
   -0.9056    0.4158    0.0840
    0.3931    0.7483    0.5344
    0.1593    0.5169   -0.8411
...    67 G-C ...
 -102.2395  -27.5429  -61.7489
   -0.5267    0.7096    0.4681
    0.8417    0.3580    0.4042
    0.1192    0.6069   -0.7858
...    68 G-C ...
 -102.0508  -25.5501  -64.4761
    0.0158    0.7206    0.6932
    0.9918   -0.0994    0.0807
    0.1271    0.6862   -0.7163
...    69 G-C ...
 -101.8618  -23.0925  -66.7797
    0.5394    0.4633    0.7031
    0.8228   -0.4675   -0.3231
    0.1790    0.7528   -0.6334
...    70 A-T ...
 -101.2365  -20.5426  -68.7336
    0.9071    0.0479    0.4182
    0.3518   -0.6317   -0.6908
    0.2311    0.7737   -0.5898
...    71 T-A ...
 -100.5051  -17.6440  -70.0803
    0.9543   -0.2980    0.0216
   -0.1549   -0.5553   -0.8171
    0.2555    0.7764   -0.5761
...    72 C-G ...
  -99.4081  -15.1421  -71.9060
    0.6655   -0.5930   -0.4533
   -0.6817   -0.2356   -0.6927
    0.3039    0.7700   -0.5610
...    73 C-G ...
  -97.9440  -12.7515  -73.8248
    0.1490   -0.6620   -0.7345
   -0.9190    0.1815   -0.3500
    0.3651    0.7272   -0.5813
...    74 G-C ...
  -97.1160  -10.2954  -76.0020
   -0.4380   -0.4636   -0.7702
   -0.8137    0.5687    0.1205
    0.3822    0.6795   -0.6263
...    75 C-G ...
  -95.5890   -8.3029  -78.2382
   -0.8279   -0.0668   -0.5569
   -0.4195    0.7329    0.5357
    0.3723    0.6771   -0.6348
...    76 T-A ...
  -94.3405   -6.2548  -80.5770
   -0.9327    0.3289   -0.1482
    0.1069    0.6442    0.7573
    0.3446    0.6905   -0.6360
...    77 T-A ...
  -93.2312   -4.1797  -82.8325
   -0.6855    0.6550    0.3180
    0.6270    0.3091    0.7150
    0.3701    0.6895   -0.6226
...    78 T-A ...
  -92.1746   -1.9927  -84.9898
   -0.1976    0.7015    0.6847
    0.9030   -0.1416    0.4057
    0.3815    0.6984   -0.6055
...    79 A-T ...
  -90.7944    0.3906  -86.9063
    0.3401    0.4007    0.8507
    0.8490   -0.5198   -0.0946
    0.4043    0.7545   -0.5170
...    80 A-T ...
  -89.5845    2.9724  -88.4379
    0.7490   -0.0006    0.6625
    0.5064   -0.6443   -0.5731
    0.4272    0.7648   -0.4823
...    81 C-G ...
  -88.3019    5.8402  -89.4606
    0.8830   -0.3788    0.2772
    0.0435   -0.5220   -0.8518
    0.4674    0.7642   -0.4445
...    82 A-T ...
  -86.5640    8.2221  -91.0692
    0.6941   -0.6820   -0.2304
   -0.4473   -0.1579   -0.8803
    0.5640    0.7141   -0.4147
...    83 C-G ...
  -84.2423   10.4750  -91.9302
    0.3337   -0.6670   -0.6661
   -0.7360    0.2572   -0.6262
    0.5890    0.6993   -0.4051
...    84 T-A ...
  -81.9768   12.5703  -93.2324
   -0.1453   -0.4267   -0.8926
   -0.7767    0.6081   -0.1643
    0.6129    0.6694   -0.4197
...    85 T-A ...
  -79.7295   14.5559  -94.5423
   -0.5476    0.0613   -0.8345
   -0.5430    0.7327    0.4102
    0.6366    0.6778   -0.3680
...    86 C-G ...
  -77.5544   16.7299  -95.7951
   -0.7659    0.4994   -0.4050
   -0.0996    0.5302    0.8420
    0.6352    0.6852   -0.3564
...    87 A-T ...
  -75.3477   19.1054  -96.6536
   -0.7180    0.6642    0.2080
    0.3760    0.1186    0.9190
    0.5858    0.7380   -0.3349
...    88 T-A ...
  -73.8075   21.5217  -98.2871
   -0.4242    0.6237    0.6565
    0.6862   -0.2517    0.6825
    0.5909    0.7400   -0.3212
...    89 G-C ...
  -71.7153   24.0162  -99.1273
   -0.0256    0.2664    0.9635
    0.8143   -0.5535    0.1747
    0.5798    0.7891   -0.2028
...    90 T-A ...
  -70.3115   26.9559  -99.6244
    0.3761   -0.1143    0.9195
    0.7084   -0.6042   -0.3649
    0.5973    0.7886   -0.1463
...    91 T-A ...
  -68.4661   29.5997  -99.9146
    0.6927   -0.4692    0.5477
    0.3745   -0.4149   -0.8292
    0.6163    0.7795   -0.1117
...    92 A-T ...
  -66.2203   32.0632 -100.3627
    0.7364   -0.6731   -0.0680
   -0.0965   -0.0050   -0.9953
    0.6696    0.7396   -0.0687
...    93 T-A ...
  -63.8400   34.3127  -99.9285
    0.5839   -0.5726   -0.5756
   -0.4560    0.3553   -0.8160
    0.6717    0.7389   -0.0537
...    94 A-T ...
  -61.9101   37.1016 -100.3991
    0.1727   -0.1470   -0.9739
   -0.7271    0.6480   -0.2267
    0.6644    0.7473    0.0049
...    95 A-T ...
  -59.5080   39.3232 -100.3490
   -0.2574    0.3121   -0.9145
   -0.6964    0.5962    0.3995
    0.6699    0.7397    0.0639
...    96 C-G ...
  -56.9056   41.4517 -100.5293
   -0.5936    0.5887   -0.5486
   -0.4479    0.3247    0.8331
    0.6686    0.7402    0.0709
...    97 G-C ...
  -54.7331   43.9404  -99.7947
   -0.7984    0.6013    0.0316
   -0.0325   -0.0954    0.9949
    0.6012    0.7933    0.0957
...    98 G-C ...
  -52.6598   46.6238  -99.7167
   -0.7342    0.3721    0.5679
    0.4071   -0.4281    0.8068
    0.5433    0.8236    0.1629
...    99 A-T ...
  -50.8830   49.3344  -99.2510
   -0.3868   -0.0041    0.9221
    0.7575   -0.5717    0.3152
    0.5259    0.8204    0.2242
...   100 T-A ...
  -49.7517   52.3164  -98.5302
    0.0293   -0.3218    0.9464
    0.8515   -0.4879   -0.1923
    0.5236    0.8114    0.2597
...   101 T-A ...
  -48.2128   54.9767  -97.5315
    0.4816   -0.5795    0.6575
    0.6950   -0.2044   -0.6893
    0.5338    0.7890    0.3043
...   102 A-T ...
  -46.2573   57.4507  -96.4098
    0.7464   -0.6590    0.0928
    0.3093    0.2200   -0.9251
    0.5893    0.7192    0.3681
...   103 T-A ...
  -44.4033   59.4734  -94.5830
    0.7997   -0.4513   -0.3959
   -0.1086    0.5399   -0.8347
    0.5904    0.7105    0.3828
...   104 G-C ...
  -42.3209   61.9236  -93.6600
    0.5463   -0.0737   -0.8343
   -0.5319    0.7390   -0.4135
    0.6470    0.6697    0.3645
...   105 C-G ...
  -39.8433   63.8601  -92.4779
    0.1440    0.3532   -0.9244
   -0.7360    0.6627    0.1386
    0.6615    0.6604    0.3554
...   106 T-A ...
  -37.3961   65.9214  -91.4770
   -0.2971    0.6517   -0.6979
   -0.6901    0.3586    0.6287
    0.6600    0.6684    0.3431
...   107 T-A ...
  -35.0292   67.9632  -90.5229
   -0.6220    0.7636   -0.1734
   -0.3990   -0.1185    0.9093
    0.6737    0.6348    0.3784
...   108 C-G ...
  -32.7197   70.0143  -89.3370
   -0.7586    0.5151    0.3990
    0.0425   -0.5720    0.8191
    0.6502    0.6383    0.4121
...   109 C-G ...
  -30.5540   72.3510  -88.1707
   -0.6792    0.0435    0.7327
    0.4474   -0.7668    0.4603
    0.5818    0.6405    0.5013
...   110 G-C ...
  -28.4566   74.2270  -86.3038
   -0.4067   -0.4916    0.7700
    0.7588   -0.6511   -0.0149
    0.5087    0.5782    0.6379
...   111 G-C ...
  -27.0902   76.1739  -83.9182
    0.0088   -0.8325    0.5539
    0.8777   -0.2590   -0.4032
    0.4792    0.4897    0.7284
...   112 C-G ...
  -25.9063   77.5773  -81.1653
    0.4566   -0.8681    0.1946
    0.7502    0.2582   -0.6087
    0.4782    0.4239    0.7692
...   113 T-A ...
  -24.4258   78.6156  -78.3829
    0.7581   -0.6163   -0.2133
    0.4171    0.7096   -0.5678
    0.5013    0.3415    0.7950
...   114 C-G ...
  -22.6148   79.5200  -75.7801
    0.8537   -0.0654   -0.5166
   -0.1039    0.9507   -0.2921
    0.5102    0.3030    0.8049
...   115 G-C ...
  -20.8329   80.9654  -73.2913
    0.6081    0.4958   -0.6200
   -0.5567    0.8231    0.1122
    0.5660    0.2769    0.7765
...   116 T-A ...
  -18.5077   81.4561  -70.8914
    0.2107    0.8690   -0.4478
   -0.8017    0.4157    0.4295
    0.5593    0.2685    0.7842
...   117 A-T ...
  -17.2026   82.1949  -67.7828
   -0.3468    0.9374    0.0320
   -0.7603   -0.3009    0.5756
    0.5492    0.1753    0.8171
...   118 T-A ...
  -14.9698   83.0820  -65.4997
   -0.6877    0.6432    0.3366
   -0.4781   -0.7502    0.4567
    0.5463    0.1532    0.8234
...   119 A-T ...
  -13.1747   83.3329  -62.6572
   -0.8689    0.0290    0.4942
    0.0444   -0.9897    0.1360
    0.4931    0.1401    0.8586
...   120 A-T ...
  -11.6741   83.9434  -59.8558
   -0.7074   -0.5506    0.4433
    0.5350   -0.8269   -0.1733
    0.4619    0.1146    0.8795
...   121 T-A ...
  -10.6878   84.6939  -56.8330
   -0.3558   -0.8983    0.2580
    0.8245   -0.4316   -0.3658
    0.4400    0.0826    0.8942
...   122 G-C ...
   -9.1517   84.5797  -53.8372
    0.1257   -0.9848   -0.1201
    0.9058    0.1633   -0.3910
    0.4047   -0.0597    0.9125
...   123 T-A ...
   -8.3336   83.9601  -50.6954
    0.5768   -0.7400   -0.3458
    0.7102    0.6635   -0.2352
    0.4035   -0.1099    0.9084
...   124 G-C ...
   -6.6056   83.6315  -47.8317
    0.8620   -0.1837   -0.4724
    0.2491    0.9652    0.0791
    0.4414   -0.1858    0.8778
...   125 T-A ...
   -5.0882   82.3764  -45.1044
    0.8598    0.3766   -0.3450
   -0.2591    0.9038    0.3407
    0.4401   -0.2036    0.8746
...   126 C-G ...
   -3.5304   81.6305  -42.2617
    0.5228    0.8516   -0.0380
   -0.7366    0.4737    0.4827
    0.4291   -0.2243    0.8750
...   127 G-C ...
   -2.5636   80.9265  -39.0853
   -0.0420    0.9754    0.2165
   -0.9089   -0.1273    0.3971
    0.4149   -0.1801    0.8919
...   128 A-T ...
   -1.0935   80.1965  -36.2095
   -0.5958    0.6959    0.4010
   -0.7055   -0.6920    0.1527
    0.3837   -0.1919    0.9033
...   129 C-G ...
    0.4951   80.0558  -33.2930
   -0.8964    0.2184    0.3856
   -0.2769   -0.9554   -0.1028
    0.3460   -0.1989    0.9169
...   130 C-G ...
    1.7039   79.6569  -30.1505
   -0.9358   -0.3187    0.1508
    0.2631   -0.9159   -0.3032
    0.2347   -0.2441    0.9409
...   131 A-T ...
    2.4445   78.6594  -27.0171
   -0.6463   -0.7382   -0.1933
    0.7550   -0.5820   -0.3020
    0.1104   -0.3412    0.9335
...   132 A-T ...
    2.5679   77.5162  -23.9989
   -0.1057   -0.9181   -0.3820
    0.9915   -0.0677   -0.1114
    0.0764   -0.3905    0.9174
...   133 A-T ...
    2.5990   76.0953  -21.0893
    0.4829   -0.7779   -0.4021
    0.8736    0.4592    0.1608
    0.0596   -0.4290    0.9014
...   134 T-A ...
    2.3094   74.2286  -18.3853
    0.8657   -0.4292   -0.2574
    0.4984    0.7868    0.3642
    0.0461   -0.4436    0.8950
...   135 G-C ...
    1.4371   72.0948  -15.6002
    0.9809    0.0621    0.1844
   -0.1263    0.9241    0.3606
   -0.1480   -0.3770    0.9143
...   136 T-A ...
    0.5300   69.2372  -13.4651
    0.7353    0.4962    0.4617
   -0.6117    0.7791    0.1369
   -0.2918   -0.3831    0.8764
...   137 G-C ...
   -0.1630   67.4089  -10.8054
    0.1799    0.8794    0.4409
   -0.9276    0.3008   -0.2216
   -0.3275   -0.3691    0.8698
...   138 A-T ...
   -0.1293   66.2153   -7.8180
   -0.3749    0.8569    0.3537
   -0.8857   -0.2184   -0.4097
   -0.2739   -0.4669    0.8408
...   139 G-C ...
   -1.0030   65.6049   -4.9383
   -0.8337    0.5216    0.1812
   -0.5170   -0.6221   -0.5880
   -0.1940   -0.5840    0.7883
...   140 C-G ...
   -0.6940   63.8983   -2.2497
   -0.9992    0.0157   -0.0376
    0.0023   -0.8992   -0.4375
   -0.0406   -0.4373    0.8984
...   141 G-C ...
   -3.4330   60.2356    1.0303
   -0.4426    0.2288   -0.8671
    0.1684   -0.9285   -0.3310
   -0.8808   -0.2925    0.3724
...   142 C-G ...
   -6.3247   59.0803    1.6314
   -0.2968   -0.3279   -0.8969
    0.5658   -0.8170    0.1115
   -0.7693   -0.4743    0.4280
...   143 T-A ...
   -8.6731   58.7215    3.6047
   -0.0344   -0.7815   -0.6229
    0.6534   -0.4892    0.5777
   -0.7562   -0.3872    0.5275
...   144 C-G ...
  -11.6513   58.0073    4.7219
    0.2453   -0.9542   -0.1714
    0.6321    0.0234    0.7745
   -0.7350   -0.2984    0.6089
...   145 A-T ...
  -14.1725   56.5625    6.1819
    0.5795   -0.7268    0.3686
    0.3140    0.6165    0.7220
   -0.7520   -0.3027    0.5855
...   146 C-G ...
  -16.4614   53.8912    7.5170
    0.5336   -0.3333    0.7773
   -0.0346    0.9097    0.4138
   -0.8450   -0.2477    0.4739
...   147 A-T ...
  -19.0124   52.0327    8.9268
    0.2451    0.2906    0.9249
   -0.3073    0.9281   -0.2101
   -0.9195   -0.2327    0.3168
