  147 base-pairs
...     1 A-T ...
    0.0000    0.0000    0.0000
    1.0000    0.0000    0.0000
    0.0000    1.0000    0.0000
    0.0000    0.0000    1.0000
...     2 G-C ...
   -0.1404   -1.2353    3.2259
    0.7530    0.6366    0.1668
   -0.6385    0.7681   -0.0490
   -0.1593   -0.0696    0.9848
...     3 T-A ...
   -0.0377   -3.2918    6.3749
    0.2722    0.9302    0.2464
   -0.9238    0.3243   -0.2034
   -0.2691   -0.1722    0.9476
...     4 G-C ...
   -0.3520   -4.1638    9.4928
   -0.3756    0.9250    0.0576
   -0.8780   -0.3352   -0.3416
   -0.2967   -0.1788    0.9381
...     5 A-T ...
   -0.4480   -4.1448   12.7498
   -0.8116    0.5839   -0.0166
   -0.5522   -0.7762   -0.3042
   -0.1905   -0.2377    0.9525
...     6 G-C ...
   -1.5926   -4.1701   15.6201
   -0.9976    0.0246   -0.0651
   -0.0043   -0.9555   -0.2950
   -0.0694   -0.2940    0.9533
...     7 C-G ...
   -1.1050   -4.4793   18.7363
   -0.8442   -0.5302   -0.0787
    0.5343   -0.8442   -0.0430
   -0.0437   -0.0784    0.9960
...     8 G-C ...
   -2.4044   -7.7255   23.1483
   -0.2753   -0.3294   -0.9032
    0.6650   -0.7437    0.0686
   -0.6943   -0.5817    0.4238
...     9 C-G ...
   -4.4706   -9.9691   24.1142
    0.1145   -0.7026   -0.7023
    0.8512   -0.2951    0.4341
   -0.5123   -0.6475    0.5642
...    10 T-A ...
   -6.7420  -10.8705   25.9717
    0.4841   -0.8363   -0.2573
    0.6594    0.1554    0.7356
   -0.5752   -0.5257    0.6267
...    11 C-G ...
   -9.1682  -12.6167   27.1662
    0.7073   -0.6683    0.2306
    0.3450    0.6110    0.7125
   -0.6170   -0.4243    0.6627
...    12 A-T ...
  -10.9253  -14.6583   29.0713
    0.7515   -0.1377    0.6452
   -0.2027    0.8824    0.4245
   -0.6278   -0.4498    0.6352
...    13 C-G ...
  -11.8495  -17.4796   31.2472
    0.4294    0.2824    0.8578
   -0.5708    0.8209    0.0155
   -0.6998   -0.4963    0.5137
...    14 A-T ...
  -13.5915  -19.7756   33.4284
   -0.1503    0.6106    0.7775
   -0.6874    0.5007   -0.5261
   -0.7106   -0.6135    0.3445
...    15 A-T ...
  -15.7221  -21.8964   34.6748
   -0.5297    0.7796    0.3341
   -0.4457    0.0793   -0.8917
   -0.7217   -0.6212    0.3054
...    16 T-A ...
  -17.8591  -23.8122   36.2628
   -0.6637    0.7285   -0.1696
   -0.1050   -0.3153   -0.9432
   -0.7406   -0.6081    0.2857
...    17 T-A ...
  -20.2922  -25.6538   37.3057
   -0.5572    0.4693   -0.6851
    0.2857   -0.6663   -0.6888
   -0.7797   -0.5795    0.2372
...    18 T-A ...
  -22.9269  -27.3437   38.0558
   -0.2432    0.0669   -0.9677
    0.5315   -0.8254   -0.1906
   -0.8114   -0.5606    0.1652
...    19 A-T ...
  -25.8368  -28.9802   38.1733
    0.2312   -0.2876   -0.9294
    0.5149   -0.7743    0.3677
   -0.8255   -0.5636   -0.0310
...    20 T-A ...
  -28.7582  -30.3451   37.5925
    0.4766   -0.6278   -0.6154
    0.3053   -0.5382    0.7856
   -0.8244   -0.5623   -0.0648
...    21 T-A ...
  -31.4604  -32.0740   37.0623
    0.5471   -0.8356   -0.0498
   -0.0492   -0.0915    0.9946
   -0.8356   -0.5417   -0.0912
...    22 C-G ...
  -34.0832  -34.0344   36.6304
    0.3912   -0.7317    0.5582
   -0.3955    0.4140    0.8199
   -0.8310   -0.5414   -0.1275
...    23 G-C ...
  -37.0520  -35.6116   36.5728
    0.1030   -0.3366    0.9360
   -0.5695    0.7515    0.3330
   -0.8155   -0.5674   -0.1143
...    24 C-G ...
  -39.5648  -37.7818   36.0788
   -0.2286    0.1505    0.9618
   -0.5138    0.8205   -0.2505
   -0.8269   -0.5514   -0.1102
...    25 A-T ...
  -42.4142  -39.3740   35.4042
   -0.4317    0.6425    0.6331
   -0.2573    0.5850   -0.7691
   -0.8646   -0.4949   -0.0872
...    26 A-T ...
  -45.1712  -41.0816   35.3039
   -0.4900    0.8680    0.0802
    0.0610    0.1259   -0.9902
   -0.8696   -0.4803   -0.1147
...    27 A-T ...
  -48.0347  -42.5615   35.1020
   -0.3257    0.8125   -0.4835
    0.3324   -0.3803   -0.8631
   -0.8851   -0.4418   -0.1462
...    28 G-C ...
  -51.0929  -43.7149   34.7128
    0.0029    0.5462   -0.8377
    0.4415   -0.7523   -0.4890
   -0.8972   -0.3684   -0.2433
...    29 G-C ...
  -54.2037  -44.4597   33.6629
    0.3535    0.1059   -0.9294
    0.3215   -0.9468    0.0144
   -0.8785   -0.3039   -0.3687
...    30 C-G ...
  -57.0403  -44.9795   32.0465
    0.5252   -0.4055   -0.7482
    0.0315   -0.8693    0.4932
   -0.8504   -0.2826   -0.4438
...    31 C-G ...
  -59.5915  -45.9240   30.0215
    0.5128   -0.7968   -0.3196
   -0.3279   -0.5258    0.7849
   -0.7934   -0.2977   -0.5309
...    32 G-C ...
  -62.2265  -47.3652   28.4746
    0.2666   -0.9380    0.2214
   -0.6285    0.0049    0.7778
   -0.7307   -0.3465   -0.5883
...    33 G-C ...
  -64.4634  -48.7550   26.3202
   -0.1168   -0.7596    0.6398
   -0.6903    0.5253    0.4976
   -0.7141   -0.3835   -0.5857
...    34 C-G ...
  -66.6034  -50.2842   24.2237
   -0.4847   -0.3244    0.8123
   -0.4971    0.8663    0.0493
   -0.7197   -0.3799   -0.5812
...    35 C-G ...
  -68.8977  -51.7868   22.2139
   -0.6401    0.2405    0.7297
   -0.1227    0.9055   -0.4061
   -0.7585   -0.3495   -0.5501
...    36 C-G ...
  -71.3870  -53.2322   20.4120
   -0.5333    0.7289    0.4294
    0.2731    0.6287   -0.7281
   -0.8006   -0.2710   -0.5343
...    37 G-C ...
  -73.8594  -54.0081   18.2528
   -0.1674    0.9854    0.0327
    0.5417    0.1196   -0.8320
   -0.8237   -0.1215   -0.5538
...    38 A-T ...
  -76.5712  -54.3681   16.4856
    0.2434    0.8793   -0.4094
    0.5356   -0.4737   -0.6991
   -0.8087   -0.0491   -0.5862
...    39 C-G ...
  -79.4078  -53.9977   14.9053
    0.5396    0.5093   -0.6703
    0.3132   -0.8605   -0.4017
   -0.7815    0.0068   -0.6239
...    40 A-T ...
  -81.8441  -53.8912   12.6011
    0.7247   -0.0587   -0.6866
   -0.0907   -0.9958   -0.0106
   -0.6831    0.0699   -0.7270
...    41 C-G ...
  -83.7600  -53.0486   10.0352
    0.5918   -0.5761   -0.5638
   -0.4853   -0.8131    0.3215
   -0.6436    0.0833   -0.7608
...    42 G-C ...
  -85.8920  -53.2751    7.4271
    0.2518   -0.9420   -0.2221
   -0.7903   -0.3326    0.5146
   -0.5586    0.0459   -0.8282
...    43 A-T ...
  -87.6008  -53.1843    4.5887
   -0.2874   -0.9494    0.1269
   -0.7912    0.3100    0.5271
   -0.5398    0.0510   -0.8403
...    44 C-G ...
  -88.9319  -53.3727    1.4972
   -0.6768   -0.6287    0.3831
   -0.5098    0.7756    0.3722
   -0.5311    0.0566   -0.8454
...    45 T-A ...
  -90.6329  -53.4788   -1.3819
   -0.8337   -0.1008    0.5429
   -0.0510    0.9930    0.1061
   -0.5499    0.0608   -0.8330
...    46 T-A ...
  -92.3746  -53.5479   -4.1372
   -0.7167    0.5028    0.4832
    0.4642    0.8611   -0.2076
   -0.5204    0.0755   -0.8506
...    47 A-T ...
  -93.9122  -53.1232   -7.0965
   -0.2500    0.9197    0.3029
    0.8143    0.3689   -0.4481
   -0.5238    0.1346   -0.8411
...    48 C-G ...
  -96.1205  -52.7168   -9.4996
    0.2456    0.9669    0.0688
    0.8229   -0.1704   -0.5421
   -0.5124    0.1898   -0.8375
...    49 T-A ...
  -97.9471  -51.7842  -12.0941
    0.6927    0.7067   -0.1441
    0.5540   -0.6492   -0.5211
   -0.4618    0.2811   -0.8412
...    50 G-C ...
  -99.1506  -50.7212  -15.0458
    0.9394    0.1727   -0.2961
    0.0437   -0.9171   -0.3963
   -0.3400    0.3594   -0.8691
...    51 T-A ...
  -99.9626  -48.9594  -17.7160
    0.8336   -0.3536   -0.4243
   -0.4688   -0.8592   -0.2050
   -0.2921    0.3698   -0.8820
...    52 A-T ...
 -100.9935  -47.9475  -20.7599
    0.3640   -0.8176   -0.4462
   -0.8965   -0.4374    0.0701
   -0.2525    0.3745   -0.8922
...    53 G-C ...
 -101.4726  -46.6895  -23.8212
   -0.1786   -0.9337   -0.3104
   -0.9567    0.0910    0.2766
   -0.2300    0.3464   -0.9095
...    54 G-C ...
 -102.0224  -45.7179  -27.0328
   -0.6782   -0.7322   -0.0623
   -0.6936    0.6098    0.3836
   -0.2429    0.3034   -0.9214
...    55 T-A ...
 -102.4909  -45.1926  -30.3246
   -0.9461   -0.2840    0.1555
   -0.2120    0.9063    0.3655
   -0.2448    0.3128   -0.9177
...    56 A-T ...
 -103.0859  -43.6133  -33.2883
   -0.8602    0.3903    0.3283
    0.4689    0.8585    0.2078
   -0.2008    0.3327   -0.9214
...    57 T-A ...
 -104.1655  -43.0270  -36.3513
   -0.4935    0.7766    0.3916
    0.8486    0.5287    0.0209
   -0.1908    0.3426   -0.9199
...    58 C-G ...
 -104.8423  -41.9185  -39.3728
    0.1205    0.9182    0.3774
    0.9764   -0.0410   -0.2121
   -0.1792    0.3941   -0.9014
...    59 T-A ...
 -105.6480  -40.3809  -42.1982
    0.6392    0.7137    0.2865
    0.7564   -0.5160   -0.4020
   -0.1391    0.4736   -0.8697
...    60 C-G ...
 -106.0196  -38.6797  -44.9711
    0.9693    0.2416    0.0452
    0.2296   -0.8244   -0.5174
   -0.0877    0.5119   -0.8545
...    61 G-C ...
 -105.9327  -37.1951  -48.0099
    0.9316   -0.3304   -0.1518
   -0.3597   -0.7768   -0.5169
    0.0529    0.5362   -0.8425
...    62 A-T ...
 -105.5395  -35.4238  -50.7685
    0.5250   -0.7441   -0.4131
   -0.8458   -0.4022   -0.3506
    0.0947    0.5335   -0.8405
...    63 G-C ...
 -104.8624  -33.6509  -53.5234
   -0.0298   -0.8608   -0.5081
   -0.9921    0.0875   -0.0901
    0.1220    0.5014   -0.8566
...    64 C-G ...
 -104.0768  -32.1940  -56.4445
   -0.5885   -0.6676   -0.4562
   -0.7987    0.5677    0.1996
    0.1257    0.4818   -0.8672
...    65 T-A ...
 -103.5140  -30.8603  -59.4659
   -0.9352   -0.2532   -0.2475
   -0.3380    0.8466    0.4111
    0.1054    0.4681   -0.8774
...    66 C-G ...
 -103.1092  -29.3833  -62.4041
   -0.9483    0.3104    0.0656
    0.3016    0.8183    0.4894
    0.0983    0.4839   -0.8696
...    67 G-C ...
 -102.4859  -27.4533  -65.1178
   -0.6083    0.6683    0.4283
    0.7927    0.4833    0.3717
    0.0414    0.5656   -0.8237
...    68 T-A ...
 -102.9293  -25.7532  -67.9319
   -0.0937    0.7974    0.5962
    0.9946    0.0477    0.0925
    0.0453    0.6016   -0.7975
...    69 C-G ...
 -102.8346  -23.7198  -70.5061
    0.5119    0.6328    0.5809
    0.8563   -0.4302   -0.2859
    0.0690    0.6438   -0.7621
...    70 A-T ...
 -102.3825  -21.5531  -73.0343
    0.8949    0.1872    0.4052
    0.4146   -0.6847   -0.5994
    0.1652    0.7044   -0.6903
...    71 T-A ...
 -101.9150  -18.8057  -74.7720
    0.9780   -0.2015    0.0537
   -0.0989   -0.6750   -0.7312
    0.1836    0.7098   -0.6801
...    72 G-C ...
 -101.0701  -16.6694  -77.2187
    0.7139   -0.6208   -0.3240
   -0.6397   -0.3899   -0.6624
    0.2848    0.6801   -0.6755
...    73 T-A ...
  -99.5577  -14.3712  -79.1115
    0.2511   -0.7425   -0.6210
   -0.9187    0.0192   -0.3945
    0.3048    0.6696   -0.6773
...    74 T-A ...
  -98.2705  -12.2258  -81.2105
   -0.3292   -0.5579   -0.7618
   -0.8896    0.4537    0.0522
    0.3165    0.6949   -0.6457
...    75 A-T ...
  -97.5517   -9.4670  -83.1143
   -0.8183   -0.0669   -0.5709
   -0.4500    0.6925    0.5638
    0.3577    0.7183   -0.5968
...    76 T-A ...
  -96.2010   -7.6069  -85.5091
   -0.9257    0.3191   -0.2030
    0.0398    0.6160    0.7868
    0.3761    0.7203   -0.5829
...    77 A-T ...
  -94.7052   -5.0191  -87.1169
   -0.6837    0.6388    0.3527
    0.6179    0.2497    0.7456
    0.3882    0.7277   -0.5654
...    78 A-T ...
  -93.6164   -2.6727  -89.0830
   -0.2003    0.6570    0.7268
    0.8959   -0.1773    0.4073
    0.3965    0.7327   -0.5531
...    79 C-G ...
  -92.8990   -0.0558  -90.9712
    0.2897    0.4259    0.8571
    0.8677   -0.4948   -0.0474
    0.4039    0.7575   -0.5129
...    80 G-C ...
  -91.1700    2.3578  -92.5951
    0.6676   -0.0365    0.7436
    0.5711   -0.6156   -0.5430
    0.4776    0.7872   -0.3902
...    81 G-C ...
  -89.4750    5.1419  -93.4999
    0.8217   -0.4471    0.3535
    0.1297   -0.4573   -0.8798
    0.5550    0.7688   -0.3177
...    82 A-T ...
  -87.5081    7.6246  -94.4167
    0.7159   -0.6565   -0.2375
   -0.3725   -0.0714   -0.9253
    0.5905    0.7509   -0.2957
...    83 G-C ...
  -85.2946   10.0130  -95.1658
    0.3664   -0.6208   -0.6931
   -0.6857    0.3235   -0.6521
    0.6290    0.7142   -0.3071
...    84 G-C ...
  -82.8919   12.1690  -96.2339
   -0.1203   -0.3644   -0.9235
   -0.7504    0.6424   -0.1557
    0.6499    0.6742   -0.3507
...    85 A-T ...
  -80.6568   14.3222  -97.4019
   -0.5548    0.1073   -0.8250
   -0.5177    0.7318    0.4433
    0.6513    0.6730   -0.3505
...    86 T-A ...
  -78.2714   16.0342  -98.9564
   -0.7299    0.4906   -0.4759
   -0.1562    0.5582    0.8149
    0.6655    0.6691   -0.3308
...    87 C-G ...
  -76.0403   18.1923 -100.1131
   -0.6872    0.7153    0.1270
    0.3129    0.1336    0.9403
    0.6557    0.6859   -0.3156
...    88 C-G ...
  -73.9518   20.5280 -101.4237
   -0.4523    0.6025    0.6576
    0.6430   -0.2907    0.7086
    0.6181    0.7433   -0.2559
...    89 G-C ...
  -71.6003   22.8909 -102.0279
   -0.0898    0.2248    0.9703
    0.7923   -0.5742    0.2063
    0.6035    0.7872   -0.1266
...    90 C-G ...
  -69.9724   25.7678 -102.3352
    0.3231   -0.1817    0.9288
    0.7178   -0.5925   -0.3656
    0.6168    0.7848   -0.0610
...    91 T-A ...
  -68.0505   28.4706 -102.1874
    0.6070   -0.5362    0.5866
    0.4556   -0.3699   -0.8097
    0.6511    0.7587    0.0198
...    92 T-A ...
  -65.9772   30.9473 -101.8770
    0.7504   -0.6609    0.0083
    0.0310    0.0227   -0.9993
    0.6602    0.7501    0.0375
...    93 T-A ...
  -63.7749   33.3106 -101.4904
    0.6351   -0.5129   -0.5776
   -0.4047    0.4160   -0.8144
    0.6579    0.7510    0.0567
...    94 A-T ...
  -61.8437   36.1227 -101.5792
    0.2420   -0.0793   -0.9670
   -0.7192    0.6543   -0.2337
    0.6513    0.7520    0.1013
...    95 A-T ...
  -59.4905   38.3647 -101.2272
   -0.2005    0.3624   -0.9102
   -0.7304    0.5639    0.3854
    0.6530    0.7421    0.1516
...    96 C-G ...
  -56.9208   40.5297 -101.1221
   -0.5658    0.6098   -0.5551
   -0.5067    0.2740    0.8174
    0.6505    0.7437    0.1540
...    97 A-T ...
  -54.8259   43.0047 -100.2999
   -0.8006    0.5984    0.0300
   -0.0726   -0.1465    0.9865
    0.5947    0.7877    0.1608
...    98 C-G ...
  -52.9577   45.7543 -100.3535
   -0.7342    0.4016    0.5475
    0.3618   -0.4509    0.8159
    0.5745    0.7971    0.1858
...    99 T-A ...
  -51.2863   48.5811  -99.8469
   -0.4721    0.0302    0.8810
    0.7021   -0.5915    0.3965
    0.5331    0.8058    0.2580
...   100 T-A ...
  -49.7336   51.2931  -99.0084
   -0.0109   -0.3463    0.9381
    0.8480   -0.5003   -0.1748
    0.5299    0.7936    0.2991
...   101 T-A ...
  -48.1843   53.9060  -97.8975
    0.4520   -0.6014    0.6589
    0.7122   -0.2015   -0.6724
    0.5371    0.7732    0.3372
...   102 A-T ...
  -46.2129   56.3456  -96.7206
    0.7405   -0.6650    0.0977
    0.3313    0.2346   -0.9139
    0.5848    0.7091    0.3940
...   103 T-A ...
  -44.3912   58.3293  -94.8191
    0.8060   -0.4484   -0.3863
   -0.0884    0.5542   -0.8277
    0.5852    0.7013    0.4070
...   104 G-C ...
  -42.3241   60.7601  -93.8109
    0.5619   -0.0653   -0.8246
   -0.5209    0.7465   -0.4140
    0.6426    0.6622    0.3854
...   105 C-G ...
  -39.8618   62.6684  -92.5586
    0.1616    0.3618   -0.9181
   -0.7360    0.6640    0.1321
    0.6574    0.6544    0.3736
...   106 T-A ...
  -37.4266   64.7154  -91.5044
   -0.2843    0.6568   -0.6984
   -0.6989    0.3567    0.6199
    0.6562    0.6644    0.3576
...   107 T-A ...
  -35.0756   66.7527  -90.5057
   -0.6187    0.7645   -0.1807
   -0.4127   -0.1206    0.9029
    0.6685    0.6332    0.3901
...   108 C-G ...
  -32.7922   68.8110  -89.2847
   -0.7639    0.5150    0.3889
    0.0314   -0.5722    0.8195
    0.6446    0.6382    0.4210
...   109 C-G ...
  -30.6527   71.1572  -88.0865
   -0.6873    0.0444    0.7250
    0.4430   -0.7654    0.4668
    0.5756    0.6420    0.5064
...   110 G-C ...
  -28.5765   73.0398  -86.2019
   -0.4114   -0.4891    0.7691
    0.7605   -0.6493   -0.0061
    0.5024    0.5824    0.6390
...   111 G-C ...
  -27.2252   75.0103  -83.8254
    0.0090   -0.8289    0.5593
    0.8806   -0.2584   -0.3972
    0.4738    0.4961    0.7276
...   112 C-G ...
  -26.0569   76.4494  -81.0829
    0.4602   -0.8643    0.2030
    0.7509    0.2569   -0.6084
    0.4737    0.4323    0.7673
...   113 T-A ...
  -24.5899   77.5258  -78.3076
    0.7622   -0.6137   -0.2060
    0.4140    0.7068   -0.5737
    0.4976    0.3520    0.7928
...   114 C-G ...
  -22.7940   78.4734  -75.7102
    0.8547   -0.0651   -0.5151
   -0.1100    0.9469   -0.3022
    0.5074    0.3150    0.8021
...   115 G-C ...
  -21.0253   79.9613  -73.2362
    0.6045    0.4923   -0.6263
   -0.5624    0.8205    0.1021
    0.5642    0.2905    0.7729
...   116 T-A ...
  -18.7006   80.5043  -70.8494
    0.2039    0.8644   -0.4597
   -0.8043    0.4156    0.4248
    0.5582    0.2831    0.7799
...   117 A-T ...
  -17.3846   81.3073  -67.7651
   -0.3538    0.9352    0.0163
   -0.7572   -0.2965    0.5821
    0.5492    0.1936    0.8130
...   118 T-A ...
  -15.1553   82.2536  -65.5021
   -0.6920    0.6439    0.3265
   -0.4715   -0.7456    0.4709
    0.5466    0.1719    0.8195
...   119 A-T ...
  -13.3545   82.5795  -62.6712
   -0.8680    0.0314    0.4956
    0.0522   -0.9867    0.1540
    0.4938    0.1595    0.8548
...   120 A-T ...
  -11.8504   83.2556  -59.8864
   -0.7018   -0.5477    0.4554
    0.5409   -0.8258   -0.1596
    0.4635    0.1344    0.8758
...   121 T-A ...
  -10.8591   84.0726  -56.8822
   -0.3479   -0.8961    0.2757
    0.8268   -0.4319   -0.3605
    0.4421    0.1026    0.8911
...   122 G-C ...
   -9.3085   84.0319  -53.8925
    0.1332   -0.9858   -0.1025
    0.9031    0.1633   -0.3972
    0.4083   -0.0396    0.9120
...   123 T-A ...
   -8.4742   83.4802  -50.7436
    0.5814   -0.7417   -0.3345
    0.7042    0.6646   -0.2498
    0.4076   -0.0903    0.9087
...   124 G-C ...
   -6.7284   83.2241  -47.8830
    0.8619   -0.1853   -0.4721
    0.2417    0.9684    0.0612
    0.4458   -0.1669    0.8794
...   125 T-A ...
   -5.1886   82.0309  -45.1413
    0.8557    0.3772   -0.3542
   -0.2651    0.9074    0.3261
    0.4444   -0.1852    0.8765
...   126 C-G ...
   -3.6124   81.3486  -42.2927
    0.5162    0.8548   -0.0531
   -0.7388    0.4758    0.4773
    0.4333   -0.2071    0.8771
...   127 G-C ...
   -2.6318   80.7047  -39.1083
   -0.0486    0.9780    0.2029
   -0.9069   -0.1283    0.4013
    0.4185   -0.1645    0.8932
...   128 A-T ...
   -1.1464   80.0232  -36.2277
   -0.5997    0.6967    0.3936
   -0.7003   -0.6950    0.1632
    0.3873   -0.1777    0.9047
...   129 C-G ...
    0.4526   79.9294  -33.3143
   -0.8971    0.2169    0.3850
   -0.2707   -0.9584   -0.0909
    0.3493   -0.1858    0.9184
...   130 C-G ...
    1.6832   79.5792  -30.1726
   -0.9338   -0.3223    0.1553
    0.2676   -0.9174   -0.2945
    0.2373   -0.2335    0.9430
...   131 A-T ...
    2.4331   78.6250  -27.0272
   -0.6439   -0.7418   -0.1874
    0.7569   -0.5818   -0.2977
    0.1118   -0.3336    0.9361
...   132 A-T ...
    2.5628   77.5025  -24.0031
   -0.1041   -0.9200   -0.3777
    0.9916   -0.0668   -0.1106
    0.0765   -0.3861    0.9193
...   133 A-T ...
    2.5977   76.0924  -21.0899
    0.4833   -0.7783   -0.4009
    0.8734    0.4598    0.1603
    0.0595   -0.4276    0.9020
...   134 T-A ...
    2.3095   74.2287  -18.3854
    0.8657   -0.4292   -0.2574
    0.4984    0.7868    0.3642
    0.0462   -0.4436    0.8950
...   135 G-C ...
    1.4371   72.0948  -15.6003
    0.9809    0.0621    0.1844
   -0.1263    0.9241    0.3606
   -0.1480   -0.3770    0.9143
...   136 T-A ...
    0.5301   69.2373  -13.4653
    0.7353    0.4962    0.4617
   -0.6117    0.7791    0.1369
   -0.2918   -0.3831    0.8764
...   137 G-C ...
   -0.1630   67.4090  -10.8055
    0.1799    0.8794    0.4409
   -0.9276    0.3008   -0.2216
   -0.3275   -0.3691    0.8698
...   138 A-T ...
   -0.1293   66.2154   -7.8181
   -0.3749    0.8569    0.3537
   -0.8857   -0.2184   -0.4097
   -0.2739   -0.4669    0.8408
...   139 G-C ...
   -1.0030   65.6050   -4.9384
   -0.8337    0.5216    0.1812
   -0.5170   -0.6221   -0.5880
   -0.1940   -0.5839    0.7883
...   140 C-G ...
   -0.6940   63.8984   -2.2498
   -0.9992    0.0157   -0.0376
    0.0023   -0.8992   -0.4375
   -0.0406   -0.4373    0.8984
...   141 G-C ...
   -3.4330   60.2357    1.0302
   -0.4426    0.2288   -0.8671
    0.1684   -0.9285   -0.3310
   -0.8808   -0.2925    0.3724
...   142 C-G ...
   -6.3246   59.0804    1.6313
   -0.2968   -0.3279   -0.8969
    0.5658   -0.8170    0.1115
   -0.7693   -0.4743    0.4280
...   143 T-A ...
   -8.6731   58.7216    3.6046
   -0.0344   -0.7815   -0.6229
    0.6534   -0.4892    0.5777
   -0.7562   -0.3872    0.5275
...   144 C-G ...
  -11.6513   58.0074    4.7218
    0.2453   -0.9542   -0.1714
    0.6321    0.0234    0.7745
   -0.7350   -0.2984    0.6089
...   145 A-T ...
  -14.1725   56.5626    6.1818
    0.5795   -0.7268    0.3686
    0.3140    0.6165    0.7220
   -0.7520   -0.3027    0.5855
...   146 C-G ...
  -16.4614   53.8913    7.5169
    0.5336   -0.3333    0.7773
   -0.0346    0.9097    0.4138
   -0.8450   -0.2477    0.4739
...   147 A-T ...
  -19.0124   52.0328    8.9267
    0.2451    0.2906    0.9249
   -0.3073    0.9281   -0.2101
   -0.9195   -0.2327    0.3168
