  147 base-pairs
...     1 A-T ...
    0.0000    0.0000    0.0000
    1.0000    0.0000    0.0000
    0.0000    1.0000    0.0000
    0.0000    0.0000    1.0000
...     2 G-C ...
   -0.1404   -1.2353    3.2259
    0.7530    0.6366    0.1668
   -0.6385    0.7681   -0.0490
   -0.1593   -0.0696    0.9848
...     3 T-A ...
   -0.0377   -3.2918    6.3749
    0.2722    0.9302    0.2464
   -0.9238    0.3243   -0.2034
   -0.2691   -0.1722    0.9476
...     4 G-C ...
   -0.3520   -4.1638    9.4928
   -0.3756    0.9250    0.0576
   -0.8780   -0.3352   -0.3416
   -0.2967   -0.1788    0.9381
...     5 A-T ...
   -0.4480   -4.1448   12.7498
   -0.8116    0.5839   -0.0166
   -0.5522   -0.7762   -0.3042
   -0.1905   -0.2377    0.9525
...     6 G-C ...
   -1.5926   -4.1701   15.6201
   -0.9976    0.0246   -0.0651
   -0.0043   -0.9555   -0.2950
   -0.0694   -0.2940    0.9533
...     7 C-G ...
   -1.1050   -4.4793   18.7363
   -0.8442   -0.5302   -0.0787
    0.5343   -0.8442   -0.0430
   -0.0437   -0.0784    0.9960
...     8 G-C ...
   -2.4044   -7.7255   23.1483
   -0.2753   -0.3294   -0.9032
    0.6650   -0.7437    0.0686
   -0.6943   -0.5817    0.4238
...     9 C-G ...
   -4.4706   -9.9691   24.1142
    0.1145   -0.7026   -0.7023
    0.8512   -0.2951    0.4341
   -0.5123   -0.6475    0.5642
...    10 T-A ...
   -6.7420  -10.8705   25.9717
    0.4841   -0.8363   -0.2573
    0.6594    0.1554    0.7356
   -0.5752   -0.5257    0.6267
...    11 C-G ...
   -9.1682  -12.6167   27.1662
    0.7073   -0.6683    0.2306
    0.3450    0.6110    0.7125
   -0.6170   -0.4243    0.6627
...    12 A-T ...
  -10.9253  -14.6583   29.0713
    0.7515   -0.1377    0.6452
   -0.2027    0.8824    0.4245
   -0.6278   -0.4498    0.6352
...    13 C-G ...
  -11.8495  -17.4796   31.2472
    0.4294    0.2824    0.8578
   -0.5708    0.8209    0.0155
   -0.6998   -0.4963    0.5137
...    14 A-T ...
  -13.5915  -19.7756   33.4284
   -0.1503    0.6106    0.7775
   -0.6874    0.5007   -0.5261
   -0.7106   -0.6135    0.3445
...    15 A-T ...
  -15.6964  -21.9184   34.6912
   -0.5399    0.7693    0.3416
   -0.4457    0.0830   -0.8913
   -0.7140   -0.6335    0.2981
...    16 T-A ...
  -17.8005  -23.8950   36.2636
   -0.6803    0.7157   -0.1582
   -0.0982   -0.3029   -0.9480
   -0.7264   -0.6293    0.2763
...    17 T-A ...
  -20.1713  -25.8200   37.3064
   -0.5765    0.4639   -0.6727
    0.3049   -0.6417   -0.7037
   -0.7581   -0.6108    0.2285
...    18 T-A ...
  -22.7335  -27.6175   38.0502
   -0.2529    0.0855   -0.9637
    0.5627   -0.7973   -0.2184
   -0.7870   -0.5975    0.1535
...    19 A-T ...
  -25.6510  -29.2492   38.1154
    0.2444   -0.2048   -0.9478
    0.5547   -0.7722    0.3099
   -0.7954   -0.6015   -0.0751
...    20 T-A ...
  -28.4802  -30.7188   37.4214
    0.5152   -0.5399   -0.6656
    0.3387   -0.5852    0.7368
   -0.7873   -0.6050   -0.1186
...    21 T-A ...
  -31.0360  -32.5842   36.7219
    0.6183   -0.7747   -0.1321
   -0.0391   -0.1982    0.9794
   -0.7849   -0.6004   -0.1528
...    22 C-G ...
  -33.4238  -34.7486   36.0693
    0.4710   -0.7446    0.4729
   -0.4322    0.2726    0.8596
   -0.7690   -0.6093   -0.1934
...    23 G-C ...
  -36.1281  -36.7177   35.8571
    0.1536   -0.4335    0.8879
   -0.6615    0.6225    0.4184
   -0.7341   -0.6516   -0.1911
...    24 C-G ...
  -38.3212  -39.1462   35.1324
   -0.2418   -0.0088    0.9703
   -0.6296    0.7623   -0.1500
   -0.7383   -0.6471   -0.1899
...    25 A-T ...
  -40.9060  -41.0288   34.2355
   -0.5303    0.4753    0.7021
   -0.3481    0.6331   -0.6914
   -0.7731   -0.6110   -0.1703
...    26 A-T ...
  -43.3282  -43.1643   33.8606
   -0.6398    0.7479    0.1766
    0.0470    0.2675   -0.9624
   -0.7671   -0.6075   -0.2063
...    27 A-T ...
  -45.8585  -45.1225   33.3863
   -0.4741    0.7905   -0.3878
    0.4132   -0.1891   -0.8908
   -0.7775   -0.5826   -0.2369
...    28 G-C ...
  -48.6011  -46.8171   32.7385
   -0.0978    0.6451   -0.7578
    0.5994   -0.5697   -0.5623
   -0.7945   -0.5092   -0.3309
...    29 G-C ...
  -51.4589  -48.0923   31.5196
    0.3422    0.3137   -0.8857
    0.5275   -0.8442   -0.0952
   -0.7776   -0.4346   -0.4544
...    30 C-G ...
  -54.0680  -48.9840   29.7252
    0.6285   -0.1542   -0.7624
    0.2260   -0.9016    0.3687
   -0.7443   -0.4041   -0.5318
...    31 C-G ...
  -56.2454  -50.1616   27.4223
    0.7134   -0.5813   -0.3914
   -0.2060   -0.7078    0.6757
   -0.6698   -0.4013   -0.6247
...    32 G-C ...
  -58.2706  -51.9870   25.4398
    0.5146   -0.8508    0.1069
   -0.6366   -0.2956    0.7123
   -0.5744   -0.4346   -0.6937
...    33 G-C ...
  -59.8381  -53.6570   22.9247
    0.0885   -0.8552    0.5106
   -0.8418    0.2099    0.4974
   -0.5325   -0.4738   -0.7013
...    34 C-G ...
  -61.2884  -55.4345   20.4707
   -0.4024   -0.5861    0.7032
   -0.7478    0.6535    0.1168
   -0.5281   -0.4789   -0.7013
...    35 C-G ...
  -62.8914  -57.2420   18.0823
   -0.7313   -0.0961    0.6752
   -0.3853    0.8751   -0.2928
   -0.5628   -0.4743   -0.6770
...    36 C-G ...
  -64.6434  -59.0797   15.8272
   -0.7804    0.4380    0.4463
    0.1011    0.7927   -0.6012
   -0.6171   -0.4240   -0.6629
...    37 G-C ...
  -66.4628  -60.2622   13.2493
   -0.5033    0.8554    0.1227
    0.5426    0.4233   -0.7255
   -0.6726   -0.2985   -0.6772
...    38 A-T ...
  -68.6705  -61.2735   11.0777
   -0.0459    0.9624   -0.2677
    0.7393   -0.1475   -0.6570
   -0.6718   -0.2280   -0.7047
...    39 C-G ...
  -71.2604  -61.6709    9.1325
    0.3874    0.7636   -0.5166
    0.6472   -0.6243   -0.4375
   -0.6565   -0.1648   -0.7361
...    40 A-T ...
  -73.3175  -62.0520    6.5122
    0.7721    0.3146   -0.5522
    0.2908   -0.9475   -0.1331
   -0.5650   -0.0578   -0.8230
...    41 C-G ...
  -75.0628  -61.5397    3.7678
    0.8367   -0.2204   -0.5014
   -0.1737   -0.9750    0.1388
   -0.5194   -0.0290   -0.8540
...    42 G-C ...
  -76.5119  -62.0642    0.7728
    0.6386   -0.7262   -0.2548
   -0.6579   -0.6869    0.3089
   -0.3993   -0.0297   -0.9163
...    43 A-T ...
  -77.6268  -62.1944   -2.3374
    0.1136   -0.9933   -0.0198
   -0.9216   -0.1128    0.3714
   -0.3712   -0.0240   -0.9282
...    44 C-G ...
  -78.2339  -62.3990   -5.6419
   -0.4038   -0.8982    0.1738
   -0.8419    0.4391    0.3136
   -0.3580   -0.0197   -0.9335
...    45 T-A ...
  -79.2166  -62.7197   -8.8210
   -0.7924   -0.5126    0.3308
   -0.4861    0.8581    0.1652
   -0.3685   -0.0299   -0.9291
...    46 T-A ...
  -80.2289  -63.0566  -11.9062
   -0.9399    0.0881    0.3298
    0.0821    0.9961   -0.0323
   -0.3314   -0.0033   -0.9435
...    47 A-T ...
  -81.1198  -62.7597  -15.1415
   -0.6745    0.6897    0.2636
    0.6590    0.7233   -0.2064
   -0.3330    0.0345   -0.9423
...    48 C-G ...
  -82.6904  -62.9398  -18.0316
   -0.2102    0.9640    0.1628
    0.9168    0.2522   -0.3097
   -0.3396    0.0841   -0.9368
...    49 T-A ...
  -84.0862  -62.4848  -20.9931
    0.3367    0.9391    0.0682
    0.8839   -0.2903   -0.3665
   -0.3244    0.1837   -0.9279
...    50 G-C ...
  -84.9145  -61.6148  -24.1272
    0.8134    0.5816   -0.0123
    0.5328   -0.7533   -0.3856
   -0.2335    0.3071   -0.9226
...    51 T-A ...
  -85.7059  -59.9919  -26.8745
    0.9826    0.0854   -0.1648
    0.0233   -0.9377   -0.3467
   -0.1841    0.3368   -0.9234
...    52 A-T ...
  -86.1251  -58.9516  -30.0315
    0.8091   -0.5127   -0.2871
   -0.5773   -0.7847   -0.2257
   -0.1096    0.3484   -0.9309
...    53 G-C ...
  -86.1318  -57.6338  -33.0964
    0.3722   -0.8684   -0.3277
   -0.9261   -0.3708   -0.0692
   -0.0615    0.3292   -0.9422
...    54 G-C ...
  -85.9661  -56.6546  -36.3477
   -0.2082   -0.9407   -0.2678
   -0.9774    0.1898    0.0929
   -0.0365    0.2811   -0.9590
...    55 T-A ...
  -85.5088  -55.9916  -39.6139
   -0.7036   -0.6879   -0.1779
   -0.7096    0.6673    0.2264
   -0.0370    0.2855   -0.9577
...    56 A-T ...
  -85.7229  -54.4493  -42.6538
   -0.9976   -0.0607   -0.0329
   -0.0681    0.9439    0.3231
    0.0114    0.3245   -0.9458
...    57 T-A ...
  -85.7794  -54.0209  -45.9328
   -0.8888    0.4384    0.1335
    0.4577    0.8340    0.3082
    0.0238    0.3350   -0.9419
...    58 C-G ...
  -85.7133  -52.9788  -49.0557
   -0.4404    0.8327    0.3356
    0.8977    0.4029    0.1783
    0.0133    0.3798   -0.9250
...    59 T-A ...
  -85.9888  -51.6387  -52.0762
    0.1058    0.8819    0.4594
    0.9944   -0.0978   -0.0413
    0.0085    0.4612   -0.8873
...    60 C-G ...
  -85.9901  -49.9991  -54.9077
    0.6689    0.6246    0.4030
    0.7424   -0.5879   -0.3212
    0.0364    0.5141   -0.8570
...    61 G-C ...
  -85.4147  -48.3178  -57.7774
    0.9570    0.1144    0.2664
    0.2480   -0.7990   -0.5478
    0.1502    0.5904   -0.7930
...    62 A-T ...
  -84.7410  -46.2881  -60.2804
    0.9101   -0.4054   -0.0856
   -0.3653   -0.6877   -0.6274
    0.1955    0.6022   -0.7740
...    63 G-C ...
  -83.7907  -44.1529  -62.6631
    0.5556   -0.7404   -0.3782
   -0.7937   -0.3368   -0.5066
    0.2477    0.5817   -0.7748
...    64 C-G ...
  -82.5133  -42.2795  -65.1302
    0.0081   -0.8125   -0.5829
   -0.9624    0.1519   -0.2251
    0.2715    0.5628   -0.7808
...    65 T-A ...
  -81.3098  -40.5991  -67.7628
   -0.5296   -0.6075   -0.5920
   -0.8032    0.5837    0.1195
    0.2729    0.5387   -0.7970
...    66 C-G ...
  -80.3239  -38.8773  -70.4148
   -0.9106   -0.1292   -0.3925
   -0.3171    0.8275    0.4634
    0.2649    0.5465   -0.7945
...    67 G-C ...
  -79.4170  -36.6594  -72.8013
   -0.9480    0.3172    0.0238
    0.2643    0.7438    0.6139
    0.1771    0.5883   -0.7890
...    68 G-C ...
  -78.9093  -34.8432  -75.6118
   -0.6566    0.6183    0.4320
    0.7445    0.4395    0.5025
    0.1209    0.6515   -0.7489
...    69 G-C ...
  -78.7685  -32.6823  -78.2014
   -0.1527    0.6839    0.7134
    0.9835    0.0340    0.1779
    0.0974    0.7288   -0.6778
...    70 A-T ...
  -78.5184  -30.2368  -80.3602
    0.4479    0.5267    0.7225
    0.8870   -0.3630   -0.2853
    0.1120    0.7686   -0.6298
...    71 T-A ...
  -78.6234  -27.4187  -82.0312
    0.8327    0.2518    0.4932
    0.5394   -0.5707   -0.6192
    0.1255    0.7816   -0.6110
...    72 C-G ...
  -78.0534  -24.7670  -83.8732
    0.9848   -0.1650    0.0548
   -0.0520   -0.5806   -0.8125
    0.1658    0.7973   -0.5804
...    73 C-G ...
  -77.0721  -22.0171  -85.5957
    0.7763   -0.5122   -0.3674
   -0.5787   -0.3482   -0.7374
    0.2497    0.7851   -0.5667
...    74 G-C ...
  -76.3573  -19.6155  -87.8601
    0.2795   -0.6702   -0.6875
   -0.9056    0.0539   -0.4207
    0.3191    0.7402   -0.5919
...    75 C-G ...
  -74.8937  -17.2982  -89.7901
   -0.2850   -0.5371   -0.7939
   -0.9022    0.4302    0.0328
    0.3239    0.7256   -0.6071
...    76 T-A ...
  -73.5965  -15.0950  -91.9470
   -0.7428   -0.2357   -0.6266
   -0.5964    0.6583    0.4593
    0.3043    0.7149   -0.6296
...    77 T-A ...
  -72.4363  -12.9514  -94.1128
   -0.9449    0.2109   -0.2505
   -0.0531    0.6561    0.7528
    0.3231    0.7246   -0.6087
...    78 T-A ...
  -71.3891  -10.7517  -96.2674
   -0.8001    0.5514    0.2362
    0.5015    0.3987    0.7678
    0.3292    0.7328   -0.5955
...    79 A-T ...
  -70.2129   -8.2152  -98.1245
   -0.3597    0.6189    0.6982
    0.8859   -0.0083    0.4638
    0.2928    0.7854   -0.5453
...    80 A-T ...
  -69.4762   -5.5996  -99.8877
    0.2038    0.4774    0.8547
    0.9344   -0.3554   -0.0243
    0.2921    0.8036   -0.5185
...    81 C-G ...
  -69.0436   -2.6595 -101.3278
    0.6540    0.1792    0.7349
    0.6917   -0.5350   -0.4851
    0.3062    0.8256   -0.4739
...    82 A-T ...
  -67.7797    0.0307 -102.8842
    0.8974   -0.2480    0.3649
    0.2067   -0.4944   -0.8443
    0.3897    0.8331   -0.3924
...    83 C-G ...
  -66.3928    2.9924 -103.5356
    0.8599   -0.4916   -0.1376
   -0.2965   -0.2617   -0.9185
    0.4155    0.8306   -0.3708
...    84 T-A ...
  -64.7122    5.7089 -104.5128
    0.5413   -0.5824   -0.6066
   -0.7035    0.0815   -0.7060
    0.4606    0.8088   -0.3656
...    85 T-A ...
  -62.9821    8.3009 -105.4936
    0.0383   -0.3844   -0.9224
   -0.8909    0.4049   -0.2058
    0.4525    0.8296   -0.3270
...    86 T-A ...
  -61.2362   10.8768 -106.4906
   -0.4789   -0.0342   -0.8772
   -0.7476    0.5396    0.3871
    0.4601    0.8412   -0.2840
...    87 A-T ...
  -59.8785   13.9534 -107.0327
   -0.8404    0.3465   -0.4167
   -0.2653    0.4074    0.8739
    0.4725    0.8450   -0.2505
...    88 T-A ...
  -58.3099   16.4785 -108.4737
   -0.8569    0.5064    0.0969
    0.2034    0.1594    0.9660
    0.4737    0.8475   -0.2395
...    89 T-A ...
  -56.8521   19.2125 -109.4462
   -0.5879    0.4894    0.6440
    0.6589   -0.1721    0.7323
    0.4693    0.8549   -0.2213
...    90 C-G ...
  -55.3939   22.0698 -110.1556
   -0.1050    0.2413    0.9648
    0.8844   -0.4210    0.2015
    0.4548    0.8744   -0.1692
...    91 A-T ...
  -53.7113   24.9516 -110.5708
    0.3685   -0.1522    0.9171
    0.8039   -0.4433   -0.3966
    0.4669    0.8834   -0.0411
...    92 T-A ...
  -52.6511   28.0470 -110.2459
    0.7232   -0.3702    0.5830
    0.5057   -0.2910   -0.8121
    0.4703    0.8822   -0.0233
...    93 G-C ...
  -50.7645   30.8190 -110.4342
    0.8408   -0.5413   -0.0104
    0.0076    0.0311   -0.9995
    0.5414    0.8402    0.0302
...    94 T-A ...
  -48.7754   33.4139 -109.7332
    0.7038   -0.4469   -0.5522
   -0.4417    0.3335   -0.8329
    0.5564    0.8301    0.0374
...    95 T-A ...
  -46.8096   35.9987 -109.3719
    0.3264   -0.1225   -0.9372
   -0.7771    0.5297   -0.3399
    0.5381    0.8393    0.0777
...    96 A-T ...
  -45.5336   39.1680 -108.9712
   -0.2471    0.3243   -0.9131
   -0.8096    0.4487    0.3785
    0.5324    0.8328    0.1517
...    97 T-A ...
  -43.2991   41.6219 -108.8609
   -0.6253    0.5271   -0.5754
   -0.5667    0.2002    0.7992
    0.5365    0.8259    0.1736
...    98 A-T ...
  -41.5674   44.3613 -107.8438
   -0.8466    0.5268    0.0761
   -0.0406   -0.2066    0.9776
    0.5307    0.8245    0.1963
...    99 A-T ...
  -39.8900   47.1085 -107.4003
   -0.7181    0.2959    0.6298
    0.4555   -0.4843    0.7469
    0.5261    0.8233    0.2130
...   100 C-G ...
  -38.5954   50.1286 -107.0294
   -0.3877   -0.0502    0.9204
    0.7739   -0.5602    0.2955
    0.5008    0.8268    0.2561
...   101 G-C ...
  -36.6720   52.6916 -105.9241
    0.0508   -0.4738    0.8792
    0.8797   -0.3954   -0.2640
    0.4727    0.7868    0.3968
...   102 G-C ...
  -35.2829   55.2568 -104.2113
    0.4847   -0.6875    0.5407
    0.7260   -0.0285   -0.6871
    0.4878    0.7256    0.4853
...   103 A-T ...
  -33.6312   57.5187 -102.4636
    0.8108   -0.5853   -0.0005
    0.3016    0.4185   -0.8567
    0.5016    0.6944    0.5158
...   104 G-C ...
  -31.8955   59.5922 -100.4949
    0.8213   -0.2828   -0.4956
   -0.1807    0.6949   -0.6960
    0.5412    0.6611    0.5196
...   105 C-G ...
  -29.8123   61.4572  -98.6292
    0.5636    0.1544   -0.8115
   -0.6039    0.7473   -0.2772
    0.5636    0.6463    0.5145
...   106 T-A ...
  -27.6511   63.4294  -96.9833
    0.1174    0.5344   -0.8370
   -0.8076    0.5418    0.2326
    0.5779    0.6487    0.4953
...   107 T-A ...
  -25.5326   65.3725  -95.4230
   -0.3657    0.7809   -0.5064
   -0.7299    0.0969    0.6766
    0.5775    0.6171    0.5345
...   108 C-G ...
  -23.5370   67.3773  -93.6881
   -0.7482    0.6635    0.0048
   -0.3623   -0.4146    0.8347
    0.5559    0.6228    0.5506
...   109 C-G ...
  -21.5783   69.6259  -92.0505
   -0.8716    0.2557    0.4183
    0.1168   -0.7203    0.6837
    0.4762    0.6448    0.5979
...   110 G-C ...
  -19.8793   71.5087  -89.7953
   -0.7120   -0.2926    0.6383
    0.5952   -0.7339    0.3273
    0.3727    0.6130    0.6967
...   111 G-C ...
  -18.9274   73.6868  -87.3958
   -0.3047   -0.7171    0.6268
    0.8980   -0.4356   -0.0619
    0.3175    0.5440    0.7767
...   112 C-G ...
  -18.3647   75.4460  -84.6405
    0.2225   -0.8724    0.4352
    0.9261    0.0497   -0.3740
    0.3046    0.4862    0.8190
...   113 T-A ...
  -17.5640   76.7786  -81.7046
    0.6685   -0.7368    0.1012
    0.6732    0.5417   -0.5033
    0.3160    0.4046    0.8581
...   114 C-G ...
  -16.3991   77.8953  -78.8303
    0.9339   -0.2653   -0.2396
    0.1440    0.8927   -0.4270
    0.3272    0.3643    0.8719
...   115 G-C ...
  -15.0425   79.4814  -76.1455
    0.8197    0.2957   -0.4906
   -0.4113    0.9000   -0.1446
    0.3987    0.3203    0.8593
...   116 T-A ...
  -13.2950   80.0524  -73.3169
    0.4598    0.7461   -0.4815
   -0.7941    0.5882    0.1532
    0.3975    0.3119    0.8630
...   117 A-T ...
  -12.6957   81.1348  -70.0657
   -0.1836    0.9714   -0.1506
   -0.9094   -0.1097    0.4011
    0.3731    0.2106    0.9036
...   118 T-A ...
  -10.9019   82.0192  -67.4093
   -0.6291    0.7703    0.1043
   -0.6816   -0.6112    0.4024
    0.3737    0.1820    0.9095
...   119 A-T ...
   -9.7503   82.1858  -64.2089
   -0.9257    0.1831    0.3311
   -0.1172   -0.9708    0.2094
    0.3597    0.1550    0.9201
...   120 A-T ...
   -8.6193   82.8679  -61.2439
   -0.8278   -0.4240    0.3673
    0.4437   -0.8955   -0.0339
    0.3433    0.1349    0.9295
...   121 T-A ...
   -7.9603   83.7681  -58.1624
   -0.4916   -0.8288    0.2672
    0.8078   -0.5486   -0.2155
    0.3252    0.1099    0.9392
...   122 G-C ...
   -6.7906   83.7927  -54.9967
    0.0306   -0.9989   -0.0344
    0.9584    0.0391   -0.2828
    0.2839   -0.0244    0.9586
...   123 T-A ...
   -6.4166   83.3690  -51.7408
    0.5314   -0.8167   -0.2248
    0.7974    0.5718   -0.1925
    0.2858   -0.0769    0.9552
...   124 G-C ...
   -5.0512   83.1057  -48.6695
    0.8812   -0.2979   -0.3670
    0.3365    0.9406    0.0446
    0.3319   -0.1628    0.9292
...   125 T-A ...
   -3.9141   81.9174  -45.7456
    0.9193    0.2727   -0.2838
   -0.1998    0.9446    0.2602
    0.3390   -0.1825    0.9229
...   126 C-G ...
   -2.6508   81.2607  -42.7384
    0.5999    0.7990   -0.0412
   -0.7259    0.5652    0.3919
    0.3364   -0.2052    0.9191
...   127 G-C ...
   -1.9515   80.7529  -39.4441
    0.0246    0.9852    0.1697
   -0.9392   -0.0353    0.3414
    0.3424   -0.1678    0.9245
...   128 A-T ...
   -0.7178   80.0824  -36.4312
   -0.5652    0.7496    0.3443
   -0.7596   -0.6358    0.1373
    0.3218   -0.1839    0.9288
...   129 C-G ...
    0.7220   79.9408  -33.4132
   -0.8975    0.2804    0.3405
   -0.3282   -0.9402   -0.0909
    0.2946   -0.1933    0.9359
...   130 C-G ...
    1.8170   79.5330  -30.2170
   -0.9530   -0.2749    0.1276
    0.2316   -0.9321   -0.2784
    0.1955   -0.2358    0.9519
...   131 A-T ...
    2.5161   78.5365  -27.0673
   -0.6597   -0.7262   -0.1933
    0.7464   -0.6033   -0.2809
    0.0874   -0.3296    0.9401
...   132 A-T ...
    2.5963   77.4474  -24.0250
   -0.1125   -0.9219   -0.3708
    0.9918   -0.0813   -0.0989
    0.0611   -0.3789    0.9234
...   133 A-T ...
    2.6085   76.0751  -21.0936
    0.4814   -0.7828   -0.3942
    0.8750    0.4556    0.1638
    0.0514   -0.4238    0.9043
...   134 T-A ...
    2.3094   74.2285  -18.3853
    0.8657   -0.4292   -0.2574
    0.4984    0.7868    0.3642
    0.0462   -0.4436    0.8950
...   135 G-C ...
    1.4371   72.0947  -15.6002
    0.9809    0.0621    0.1844
   -0.1263    0.9241    0.3606
   -0.1480   -0.3770    0.9143
...   136 T-A ...
    0.5301   69.2372  -13.4651
    0.7353    0.4962    0.4617
   -0.6117    0.7791    0.1369
   -0.2918   -0.3831    0.8764
...   137 G-C ...
   -0.1630   67.4088  -10.8054
    0.1799    0.8794    0.4409
   -0.9276    0.3008   -0.2216
   -0.3275   -0.3691    0.8698
...   138 A-T ...
   -0.1293   66.2152   -7.8180
   -0.3749    0.8569    0.3537
   -0.8857   -0.2184   -0.4097
   -0.2739   -0.4669    0.8408
...   139 G-C ...
   -1.0030   65.6049   -4.9383
   -0.8337    0.5216    0.1812
   -0.5170   -0.6221   -0.5880
   -0.1940   -0.5840    0.7883
...   140 C-G ...
   -0.6940   63.8983   -2.2497
   -0.9992    0.0157   -0.0376
    0.0023   -0.8992   -0.4375
   -0.0406   -0.4373    0.8984
...   141 G-C ...
   -3.4330   60.2355    1.0303
   -0.4426    0.2288   -0.8671
    0.1684   -0.9285   -0.3310
   -0.8808   -0.2925    0.3724
...   142 C-G ...
   -6.3246   59.0803    1.6314
   -0.2968   -0.3279   -0.8969
    0.5658   -0.8170    0.1115
   -0.7693   -0.4743    0.4280
...   143 T-A ...
   -8.6731   58.7214    3.6047
   -0.0344   -0.7815   -0.6229
    0.6534   -0.4892    0.5777
   -0.7562   -0.3872    0.5275
...   144 C-G ...
  -11.6513   58.0073    4.7219
    0.2453   -0.9542   -0.1714
    0.6321    0.0234    0.7745
   -0.7350   -0.2984    0.6089
...   145 A-T ...
  -14.1725   56.5624    6.1819
    0.5795   -0.7268    0.3686
    0.3140    0.6165    0.7220
   -0.7520   -0.3027    0.5855
...   146 C-G ...
  -16.4614   53.8911    7.5170
    0.5336   -0.3333    0.7773
   -0.0346    0.9097    0.4138
   -0.8450   -0.2477    0.4739
...   147 A-T ...
  -19.0124   52.0326    8.9268
    0.2451    0.2906    0.9249
   -0.3073    0.9281   -0.2101
   -0.9195   -0.2327    0.3168
