  147 base-pairs
...     1 A-T ...
    0.0000    0.0000    0.0000
    1.0000    0.0000    0.0000
    0.0000    1.0000    0.0000
    0.0000    0.0000    1.0000
...     2 G-C ...
   -0.1404   -1.2353    3.2259
    0.7530    0.6366    0.1668
   -0.6385    0.7681   -0.0490
   -0.1593   -0.0696    0.9848
...     3 T-A ...
   -0.0377   -3.2918    6.3749
    0.2722    0.9302    0.2464
   -0.9238    0.3243   -0.2034
   -0.2691   -0.1722    0.9476
...     4 G-C ...
   -0.3520   -4.1638    9.4928
   -0.3756    0.9250    0.0576
   -0.8780   -0.3352   -0.3416
   -0.2967   -0.1788    0.9381
...     5 A-T ...
   -0.4480   -4.1448   12.7498
   -0.8116    0.5839   -0.0166
   -0.5522   -0.7762   -0.3042
   -0.1905   -0.2377    0.9525
...     6 G-C ...
   -1.5926   -4.1701   15.6201
   -0.9976    0.0246   -0.0651
   -0.0043   -0.9555   -0.2950
   -0.0694   -0.2940    0.9533
...     7 C-G ...
   -1.1050   -4.4793   18.7363
   -0.8442   -0.5302   -0.0787
    0.5343   -0.8442   -0.0430
   -0.0437   -0.0784    0.9960
...     8 G-C ...
   -2.4044   -7.7255   23.1483
   -0.2753   -0.3294   -0.9032
    0.6650   -0.7437    0.0686
   -0.6943   -0.5817    0.4238
...     9 C-G ...
   -4.4706   -9.9691   24.1142
    0.1145   -0.7026   -0.7023
    0.8512   -0.2951    0.4341
   -0.5123   -0.6475    0.5642
...    10 T-A ...
   -6.7420  -10.8705   25.9717
    0.4841   -0.8363   -0.2573
    0.6594    0.1554    0.7356
   -0.5752   -0.5257    0.6267
...    11 C-G ...
   -9.1682  -12.6167   27.1662
    0.7073   -0.6683    0.2306
    0.3450    0.6110    0.7125
   -0.6170   -0.4243    0.6627
...    12 A-T ...
  -10.9253  -14.6583   29.0713
    0.7515   -0.1377    0.6452
   -0.2027    0.8824    0.4245
   -0.6278   -0.4498    0.6352
...    13 C-G ...
  -11.8495  -17.4796   31.2472
    0.4294    0.2824    0.8578
   -0.5708    0.8209    0.0155
   -0.6998   -0.4963    0.5137
...    14 A-T ...
  -13.5915  -19.7756   33.4284
   -0.1503    0.6106    0.7775
   -0.6874    0.5007   -0.5261
   -0.7106   -0.6135    0.3445
...    15 A-T ...
  -15.7169  -21.9001   34.6791
   -0.5314    0.7777    0.3358
   -0.4463    0.0800   -0.8913
   -0.7200   -0.6235    0.3046
...    16 T-A ...
  -17.8463  -23.8273   36.2663
   -0.6671    0.7260   -0.1668
   -0.1046   -0.3130   -0.9440
   -0.7376   -0.6123    0.2848
...    17 T-A ...
  -20.2660  -25.6851   37.3140
   -0.5625    0.4676   -0.6819
    0.2888   -0.6617   -0.6919
   -0.7748   -0.5861    0.2372
...    18 T-A ...
  -22.8847  -27.3970   38.0706
   -0.2476    0.0691   -0.9664
    0.5381   -0.8197   -0.1965
   -0.8057   -0.5687    0.1658
...    19 A-T ...
  -25.7893  -29.0411   38.1908
    0.2309   -0.2743   -0.9335
    0.5251   -0.7726    0.3569
   -0.8192   -0.5725   -0.0344
...    20 T-A ...
  -28.6943  -30.4331   37.6049
    0.4826   -0.6128   -0.6258
    0.3157   -0.5448    0.7769
   -0.8170   -0.5724   -0.0695
...    21 T-A ...
  -31.3697  -32.1953   37.0609
    0.5622   -0.8244   -0.0663
   -0.0429   -0.1091    0.9931
   -0.8259   -0.5555   -0.0966
...    22 C-G ...
  -33.9489  -34.2026   36.6081
    0.4111   -0.7331    0.5419
   -0.3995    0.3894    0.8299
   -0.8194   -0.5577   -0.1328
...    23 G-C ...
  -36.8668  -35.8663   36.5466
    0.1198   -0.3527    0.9280
   -0.5876    0.7283    0.3526
   -0.8002   -0.5876   -0.1200
...    24 C-G ...
  -39.3177  -38.1002   36.0395
   -0.2248    0.1230    0.9666
   -0.5409    0.8094   -0.2288
   -0.8105   -0.5743   -0.1154
...    25 A-T ...
  -42.1203  -39.7671   35.3615
   -0.4476    0.6134    0.6507
   -0.2838    0.5926   -0.7538
   -0.8480   -0.5220   -0.0912
...    26 A-T ...
  -44.8155  -41.5717   35.2496
   -0.5216    0.8469    0.1031
    0.0486    0.1501   -0.9875
   -0.8518   -0.5101   -0.1194
...    27 A-T ...
  -47.6211  -43.1600   35.0401
   -0.3628    0.8085   -0.4633
    0.3412   -0.3474   -0.8734
   -0.8672   -0.4749   -0.1499
...    28 G-C ...
  -50.6290  -44.4372   34.6499
   -0.0276    0.5640   -0.8253
    0.4706   -0.7210   -0.5086
   -0.8819   -0.4024   -0.2455
...    29 G-C ...
  -53.7120  -45.3062   33.6192
    0.3414    0.1434   -0.9289
    0.3661   -0.9305   -0.0091
   -0.8657   -0.3369   -0.3702
...    30 C-G ...
  -56.5337  -45.9233   32.0173
    0.5398   -0.3610   -0.7604
    0.0785   -0.8779    0.4725
   -0.8381   -0.3147   -0.4456
...    31 C-G ...
  -59.0475  -46.9425   29.9857
    0.5533   -0.7598   -0.3414
   -0.2939   -0.5616    0.7735
   -0.7794   -0.3276   -0.5340
...    32 G-C ...
  -61.5978  -48.4935   28.4086
    0.3235   -0.9255    0.1970
   -0.6233   -0.0518    0.7802
   -0.7119   -0.3752   -0.5937
...    33 G-C ...
  -63.7479  -49.9792   26.2312
   -0.0647   -0.7810    0.6211
   -0.7199    0.4676    0.5130
   -0.6911   -0.4140   -0.5925
...    34 C-G ...
  -65.7947  -51.6006   24.1139
   -0.4580   -0.3758    0.8056
   -0.5536    0.8297    0.0723
   -0.6956   -0.4128   -0.5880
...    35 C-G ...
  -67.9978  -53.2103   22.0868
   -0.6522    0.1780    0.7369
   -0.1870    0.9043   -0.3839
   -0.7347   -0.3881   -0.5564
...    36 C-G ...
  -70.3909  -54.7826   20.2618
   -0.5828    0.6785    0.4472
    0.2248    0.6634   -0.7137
   -0.7809   -0.3154   -0.5392
...    37 G-C ...
  -72.8015  -55.6876   18.0858
   -0.2402    0.9692    0.0544
    0.5298    0.1778   -0.8293
   -0.8134   -0.1704   -0.5562
...    38 A-T ...
  -75.4814  -56.2197   16.3135
    0.1750    0.9038   -0.3904
    0.5696   -0.4164   -0.7087
   -0.8031   -0.0984   -0.5877
...    39 C-G ...
  -78.3397  -56.0393   14.7403
    0.4979    0.5640   -0.6588
    0.3793   -0.8248   -0.4194
   -0.7799   -0.0410   -0.6246
...    40 A-T ...
  -80.7808  -56.0763   12.4408
    0.7279    0.0143   -0.6856
   -0.0104   -0.9994   -0.0320
   -0.6856    0.0304   -0.7273
...    41 C-G ...
  -82.7533  -55.3380    9.8899
    0.6388   -0.5131   -0.5733
   -0.4174   -0.8571    0.3020
   -0.6463    0.0464   -0.7616
...    42 G-C ...
  -84.8441  -55.6832    7.2647
    0.3333   -0.9119   -0.2395
   -0.7610   -0.4101    0.5026
   -0.5566    0.0147   -0.8307
...    43 A-T ...
  -86.5370  -55.6897    4.4177
   -0.2021   -0.9736    0.1063
   -0.8188    0.2276    0.5271
   -0.5373    0.0195   -0.8432
...    44 C-G ...
  -87.8273  -55.9404    1.3152
   -0.6189   -0.6952    0.3657
   -0.5808    0.7184    0.3827
   -0.5288    0.0245   -0.8484
...    45 T-A ...
  -89.4928  -56.1512   -1.5775
   -0.8244   -0.1885    0.5337
   -0.1443    0.9818    0.1239
   -0.5473    0.0251   -0.8366
...    46 T-A ...
  -91.2002  -56.3356   -4.3493
   -0.7651    0.4237    0.4848
    0.3823    0.9048   -0.1875
   -0.5181    0.0419   -0.8543
...    47 A-T ...
  -92.7406  -56.0061   -7.3184
   -0.3403    0.8863    0.3142
    0.7799    0.4527   -0.4323
   -0.5253    0.0979   -0.8453
...    48 C-G ...
  -94.9510  -55.7765   -9.7432
    0.1497    0.9849    0.0867
    0.8417   -0.0810   -0.5338
   -0.5188    0.1529   -0.8411
...    49 T-A ...
  -96.8299  -54.9873  -12.3466
    0.6214    0.7736   -0.1238
    0.6219   -0.5832   -0.5227
   -0.4765    0.2478   -0.8435
...    50 G-C ...
  -98.0981  -54.0011  -15.2962
    0.9217    0.2704   -0.2781
    0.1412   -0.9017   -0.4088
   -0.3613    0.3375   -0.8692
...    51 T-A ...
  -99.0424  -52.2888  -17.9520
    0.8720   -0.2607   -0.4143
   -0.3758   -0.8988   -0.2255
   -0.3136    0.3523   -0.8818
...    52 A-T ...
 -100.0947  -51.3264  -20.9999
    0.4587   -0.7686   -0.4460
   -0.8465   -0.5306    0.0436
   -0.2701    0.3575   -0.8940
...    53 G-C ...
 -100.6299  -50.0902  -24.0588
   -0.0694   -0.9436   -0.3238
   -0.9674   -0.0155    0.2527
   -0.2435    0.3308   -0.9118
...    54 G-C ...
 -101.1986  -49.1572  -27.2779
   -0.5924   -0.8009   -0.0868
   -0.7658    0.5264    0.3695
   -0.2503    0.2854   -0.9252
...    55 T-A ...
 -101.6356  -48.6525  -30.5765
   -0.9130   -0.3878    0.1267
   -0.3203    0.8736    0.3663
   -0.2528    0.2939   -0.9218
...    56 A-T ...
 -102.3211  -47.1238  -33.5447
   -0.9072    0.2891    0.3057
    0.3644    0.9030    0.2276
   -0.2102    0.3179   -0.9245
...    57 T-A ...
 -103.3707  -46.6312  -36.6351
   -0.5883    0.7130    0.3816
    0.7834    0.6196    0.0500
   -0.2007    0.3284   -0.9230
...    58 T-A ...
 -104.1986  -45.6571  -39.6159
   -0.0237    0.9312    0.3636
    0.9813    0.0912   -0.1695
   -0.1910    0.3528   -0.9160
...    59 C-G ...
 -104.8680  -44.4164  -42.5751
    0.5731    0.7802    0.2507
    0.8030   -0.4735   -0.3620
   -0.1637    0.4087   -0.8979
...    60 A-T ...
 -105.1916  -42.9962  -45.6034
    0.9430    0.3124    0.1143
    0.3275   -0.8114   -0.4841
   -0.0585    0.4940   -0.8675
...    61 T-A ...
 -105.3717  -40.8108  -48.0486
    0.9788   -0.1546   -0.1345
   -0.2012   -0.8498   -0.4873
   -0.0390    0.5040   -0.8628
...    62 G-C ...
 -105.2893  -39.3942  -51.0891
    0.6737   -0.6657   -0.3210
   -0.7365   -0.5686   -0.3664
    0.0614    0.4833   -0.8733
...    63 T-A ...
 -104.4604  -37.6339  -53.8085
    0.1675   -0.8725   -0.4591
   -0.9826   -0.1097   -0.1499
    0.0804    0.4762   -0.8756
...    64 T-A ...
 -103.8783  -36.0699  -56.6179
   -0.4447   -0.7438   -0.4991
   -0.8904    0.4273    0.1566
    0.0968    0.5140   -0.8523
...    65 A-T ...
 -103.8631  -33.8429  -59.2302
   -0.9189   -0.2283   -0.3216
   -0.3654    0.7998    0.4763
    0.1485    0.5552   -0.8184
...    66 T-A ...
 -103.2596  -32.6035  -62.2491
   -0.9714    0.2340   -0.0398
    0.1671    0.7931    0.5857
    0.1686    0.5623   -0.8096
...    67 A-T ...
 -102.4115  -30.4616  -64.7381
   -0.6400    0.6823    0.3532
    0.7473    0.4461    0.4924
    0.1784    0.5791   -0.7955
...    68 A-T ...
 -102.0247  -28.6273  -67.3894
   -0.0893    0.8056    0.5857
    0.9783   -0.0393    0.2033
    0.1868    0.5911   -0.7846
...    69 C-G ...
 -102.0139  -26.5150  -69.9283
    0.4363    0.6307    0.6417
    0.8773   -0.4568   -0.1475
    0.2001    0.6273   -0.7526
...    70 G-C ...
 -100.9350  -24.4769  -72.4054
    0.8210    0.1699    0.5451
    0.4893   -0.7015   -0.5182
    0.2943    0.6921   -0.6590
...    71 G-C ...
  -99.7617  -21.9102  -74.2746
    0.9219   -0.3136    0.2274
   -0.0308   -0.6446   -0.7639
    0.3861    0.6973   -0.6039
...    72 A-T ...
  -98.3159  -19.6212  -76.1616
    0.7052   -0.6588   -0.2622
   -0.5672   -0.3024   -0.7660
    0.4254    0.6889   -0.5869
...    73 C-G ...
  -96.3794  -17.3442  -77.6679
    0.2802   -0.7261   -0.6279
   -0.8482    0.1190   -0.5161
    0.4495    0.6772   -0.5826
...    74 T-A ...
  -94.5611  -15.2873  -79.5834
   -0.2490   -0.5570   -0.7923
   -0.8476    0.5212   -0.1000
    0.4686    0.6466   -0.6018
...    75 C-G ...
  -92.9384  -13.2307  -81.6156
   -0.7157   -0.1192   -0.6881
   -0.5164    0.7536    0.4067
    0.4701    0.6464   -0.6009
...    76 G-C ...
  -91.4985  -10.7038  -83.3554
   -0.9157    0.2957   -0.2721
    0.0015    0.6795    0.7337
    0.4018    0.6714   -0.6227
...    77 A-T ...
  -90.1092   -8.5703  -85.4559
   -0.7384    0.6286    0.2442
    0.5496    0.3511    0.7580
    0.3908    0.6939   -0.6048
...    78 G-C ...
  -89.0362   -6.2784  -87.6194
   -0.3492    0.6638    0.6614
    0.8595   -0.0543    0.5083
    0.3733    0.7459   -0.5516
...    79 C-G ...
  -88.2201   -3.6980  -89.5489
    0.1613    0.4739    0.8657
    0.9103   -0.4102    0.0549
    0.3811    0.7792   -0.4976
...    80 T-A ...
  -87.1628   -0.8994  -90.9882
    0.5919    0.1100    0.7985
    0.6924   -0.5764   -0.4339
    0.4125    0.8097   -0.4174
...    81 C-G ...
  -85.7342    1.8006  -92.1846
    0.8662   -0.2950    0.4033
    0.2171   -0.5047   -0.8356
    0.4500    0.8113   -0.3731
...    82 G-C ...
  -83.9042    4.2426  -93.6584
    0.7814   -0.6142   -0.1106
   -0.2804   -0.1872   -0.9414
    0.5575    0.7666   -0.3185
...    83 G-C ...
  -81.6610    6.6401  -94.5310
    0.4501   -0.6614   -0.5999
   -0.6421    0.2271   -0.7322
    0.6205    0.7148   -0.3225
...    84 G-C ...
  -79.2731    8.8074  -95.6109
   -0.0271   -0.4518   -0.8917
   -0.7614    0.5873   -0.2744
    0.6477    0.6715   -0.3599
...    85 A-T ...
  -77.0420   10.9551  -96.8005
   -0.4882    0.0061   -0.8727
   -0.5823    0.7426    0.3309
    0.6501    0.6698   -0.3590
...    86 T-A ...
  -74.6066   12.6350  -98.3145
   -0.7067    0.4117   -0.5754
   -0.2453    0.6202    0.7451
    0.6636    0.6678   -0.3373
...    87 C-G ...
  -72.3725   14.7852  -99.4850
   -0.7216    0.6923    0.0069
    0.2291    0.2295    0.9460
    0.6533    0.6842   -0.3242
...    88 C-G ...
  -70.2667   17.0857 -100.8333
   -0.5253    0.6379    0.5632
    0.5930   -0.2002    0.7799
    0.6102    0.7436   -0.2731
...    89 G-C ...
  -67.9497   19.4773 -101.4694
   -0.1746    0.3046    0.9363
    0.7915   -0.5223    0.3175
    0.5857    0.7965   -0.1498
...    90 C-G ...
  -66.3949   22.3779 -101.9146
    0.2537   -0.0881    0.9633
    0.7627   -0.5942   -0.2552
    0.5949    0.7995   -0.0835
...    91 T-A ...
  -64.5744   25.1542 -101.8652
    0.5744   -0.4611    0.6763
    0.5290   -0.4214   -0.7366
    0.6247    0.7809    0.0019
...    92 T-A ...
  -62.6036   27.7199 -101.6219
    0.7655   -0.6315    0.1236
    0.1091   -0.0620   -0.9921
    0.6342    0.7729    0.0214
...    93 T-A ...
  -60.5027   30.1801 -101.2825
    0.6914   -0.5397   -0.4803
   -0.3501    0.3313   -0.8762
    0.6320    0.7740    0.0401
...    94 A-T ...
  -58.6401   33.0345 -101.4764
    0.3179   -0.1541   -0.9355
   -0.7145    0.6097   -0.3432
    0.6233    0.7775    0.0837
...    95 A-T ...
  -56.3748   35.3691 -101.1476
   -0.1383    0.2784   -0.9505
   -0.7706    0.5726    0.2798
    0.6221    0.7711    0.1354
...    96 C-G ...
  -53.8694   37.6115 -101.0398
   -0.5350    0.5456   -0.6451
   -0.5733    0.3264    0.7515
    0.6206    0.7719    0.1381
...    97 A-T ...
  -51.8998   40.2031 -100.2675
   -0.8119    0.5787   -0.0774
   -0.1429   -0.0683    0.9874
    0.5661    0.8127    0.1382
...    98 C-G ...
  -50.0814   42.9860 -100.4108
   -0.7790    0.4268    0.4594
    0.3092   -0.3760    0.8735
    0.5456    0.8225    0.1609
...    99 T-A ...
  -48.4952   45.8812 -100.0175
   -0.5341    0.0895    0.8407
    0.6812   -0.5434    0.4906
    0.5007    0.8347    0.2293
...   100 T-A ...
  -47.0452   48.6822  -99.2942
   -0.0718   -0.2720    0.9596
    0.8654   -0.4953   -0.0757
    0.4958    0.8250    0.2710
...   101 T-A ...
  -45.6124   51.4026  -98.2913
    0.4125   -0.5404    0.7334
    0.7602   -0.2394   -0.6040
    0.5020    0.8067    0.3120
...   102 A-T ...
  -43.7646   53.9587  -97.1623
    0.7369   -0.6459    0.1996
    0.3933    0.1695   -0.9037
    0.5498    0.7444    0.3789
...   103 T-A ...
  -42.0959   56.1017  -95.2959
    0.8338   -0.4669   -0.2944
   -0.0335    0.4896   -0.8713
    0.5510    0.7364    0.3926
...   104 G-C ...
  -40.1119   58.6222  -94.3363
    0.6177   -0.1209   -0.7771
   -0.4941    0.7090   -0.5031
    0.6118    0.6948    0.3782
...   105 C-G ...
  -37.7431   60.6396  -93.0721
    0.2228    0.2954   -0.9290
   -0.7450    0.6662    0.0332
    0.6287    0.6848    0.3685
...   106 T-A ...
  -35.3889   62.7772  -92.0091
   -0.2379    0.6042   -0.7605
   -0.7391    0.3954    0.5453
    0.6302    0.6918    0.3525
...   107 T-A ...
  -33.1080   64.8914  -91.0029
   -0.6048    0.7486   -0.2717
   -0.4707   -0.0608    0.8802
    0.6424    0.6602    0.3891
...   108 C-G ...
  -30.9014   67.0329  -89.7766
   -0.7852    0.5384    0.3059
   -0.0217   -0.5176    0.8554
    0.6189    0.6650    0.4181
...   109 C-G ...
  -28.8232   69.4485  -88.6032
   -0.7295    0.0907    0.6779
    0.4106   -0.7346    0.5402
    0.5470    0.6724    0.4986
...   110 G-C ...
  -26.8385   71.4427  -86.7305
   -0.4582   -0.4397    0.7725
    0.7551   -0.6510    0.0774
    0.4688    0.6188    0.6303
...   111 G-C ...
  -25.6030   73.5569  -84.4150
   -0.0290   -0.7940    0.6072
    0.8990   -0.2862   -0.3314
    0.4369    0.5363    0.7222
...   112 C-G ...
  -24.5781   75.1557  -81.7048
    0.4399   -0.8541    0.2777
    0.7852    0.2157   -0.5804
    0.4358    0.4734    0.7655
...   113 T-A ...
  -23.2506   76.3811  -78.9220
    0.7646   -0.6312   -0.1304
    0.4519    0.6692   -0.5899
    0.4596    0.3921    0.7969
...   114 C-G ...
  -21.5753   77.4556  -76.2946
    0.8786   -0.1032   -0.4663
   -0.0815    0.9297   -0.3592
    0.4705    0.3535    0.8084
...   115 G-C ...
  -19.8940   79.0568  -73.8274
    0.6417    0.4501   -0.6210
   -0.5534    0.8323    0.0315
    0.5311    0.3234    0.7832
...   116 T-A ...
  -17.6743   79.6956  -71.3645
    0.2394    0.8367   -0.4926
   -0.8162    0.4481    0.3646
    0.5258    0.3148    0.7902
...   117 A-T ...
  -16.5148   80.6309  -68.2451
   -0.3388    0.9401   -0.0372
   -0.7869   -0.2614    0.5590
    0.5158    0.2187    0.8283
...   118 T-A ...
  -14.3681   81.6345  -65.9237
   -0.6943    0.6662    0.2723
   -0.5033   -0.7199    0.4780
    0.5145    0.1948    0.8351
...   119 A-T ...
  -12.6751   81.9957  -63.0250
   -0.8827    0.0579    0.4664
    0.0336   -0.9821    0.1856
    0.4688    0.1795    0.8649
...   120 A-T ...
  -11.2435   82.7381  -60.2175
   -0.7214   -0.5256    0.4510
    0.5345   -0.8366   -0.1199
    0.4403    0.1546    0.8845
...   121 T-A ...
  -10.3243   83.6313  -57.2115
   -0.3663   -0.8837    0.2914
    0.8308   -0.4516   -0.3252
    0.4190    0.1229    0.8996
...   122 G-C ...
   -8.8536   83.6634  -54.1799
    0.1230   -0.9897   -0.0730
    0.9148    0.1416   -0.3782
    0.3847   -0.0203    0.9228
...   123 T-A ...
   -8.1047   83.1836  -50.9996
    0.5793   -0.7571   -0.3021
    0.7185    0.6493   -0.2493
    0.3849   -0.0727    0.9201
...   124 G-C ...
   -6.4266   82.9680  -48.0931
    0.8687   -0.2076   -0.4497
    0.2538    0.9662    0.0443
    0.4253   -0.1526    0.8921
...   125 T-A ...
   -4.9546   81.8172  -45.2986
    0.8672    0.3582   -0.3459
   -0.2587    0.9177    0.3016
    0.4254   -0.1720    0.8885
...   126 C-G ...
   -3.4319   81.1816  -42.4097
    0.5283    0.8469   -0.0609
   -0.7404    0.4946    0.4552
    0.4156   -0.1954    0.8883
...   127 G-C ...
   -2.5088   80.6001  -39.1943
   -0.0397    0.9815    0.1871
   -0.9138   -0.1114    0.3905
    0.4041   -0.1555    0.9014
...   128 A-T ...
   -1.0692   79.9469  -36.2809
   -0.5971    0.7074    0.3782
   -0.7092   -0.6859    0.1633
    0.3749   -0.1706    0.9112
...   129 C-G ...
    0.4991   79.8696  -33.3454
   -0.8988    0.2279    0.3743
   -0.2778   -0.9569   -0.0843
    0.3390   -0.1798    0.9234
...   130 C-G ...
    1.7097   79.5325  -30.1921
   -0.9368   -0.3156    0.1510
    0.2642   -0.9211   -0.2860
    0.2294   -0.2280    0.9463
...   131 A-T ...
    2.4506   78.5913  -27.0396
   -0.6450   -0.7412   -0.1860
    0.7567   -0.5854   -0.2911
    0.1069   -0.3285    0.9384
...   132 A-T ...
    2.5700   77.4857  -24.0088
   -0.1042   -0.9215   -0.3741
    0.9919   -0.0687   -0.1070
    0.0729   -0.3822    0.9212
...   133 A-T ...
    2.5997   76.0879  -21.0904
    0.4834   -0.7794   -0.3986
    0.8735    0.4594    0.1611
    0.0575   -0.4261    0.9029
...   134 T-A ...
    2.3092   74.2286  -18.3853
    0.8657   -0.4292   -0.2574
    0.4984    0.7868    0.3642
    0.0462   -0.4436    0.8950
...   135 G-C ...
    1.4369   72.0948  -15.6002
    0.9809    0.0621    0.1844
   -0.1263    0.9241    0.3606
   -0.1480   -0.3770    0.9143
...   136 T-A ...
    0.5298   69.2373  -13.4651
    0.7353    0.4962    0.4617
   -0.6117    0.7791    0.1369
   -0.2918   -0.3831    0.8764
...   137 G-C ...
   -0.1632   67.4089  -10.8054
    0.1799    0.8794    0.4409
   -0.9276    0.3008   -0.2216
   -0.3275   -0.3691    0.8698
...   138 A-T ...
   -0.1295   66.2154   -7.8180
   -0.3749    0.8569    0.3537
   -0.8857   -0.2184   -0.4097
   -0.2739   -0.4669    0.8408
...   139 G-C ...
   -1.0032   65.6050   -4.9383
   -0.8337    0.5216    0.1812
   -0.5170   -0.6221   -0.5880
   -0.1940   -0.5840    0.7883
...   140 C-G ...
   -0.6942   63.8984   -2.2497
   -0.9992    0.0157   -0.0376
    0.0023   -0.8992   -0.4375
   -0.0406   -0.4373    0.8984
...   141 G-C ...
   -3.4333   60.2356    1.0303
   -0.4426    0.2288   -0.8671
    0.1684   -0.9285   -0.3310
   -0.8808   -0.2925    0.3724
...   142 C-G ...
   -6.3249   59.0804    1.6314
   -0.2968   -0.3279   -0.8969
    0.5658   -0.8170    0.1115
   -0.7693   -0.4743    0.4280
...   143 T-A ...
   -8.6733   58.7215    3.6047
   -0.0344   -0.7815   -0.6229
    0.6534   -0.4892    0.5777
   -0.7562   -0.3872    0.5275
...   144 C-G ...
  -11.6515   58.0074    4.7220
    0.2453   -0.9542   -0.1714
    0.6321    0.0234    0.7745
   -0.7350   -0.2984    0.6089
...   145 A-T ...
  -14.1727   56.5626    6.1820
    0.5795   -0.7268    0.3686
    0.3140    0.6165    0.7220
   -0.7520   -0.3027    0.5855
...   146 C-G ...
  -16.4616   53.8913    7.5170
    0.5336   -0.3333    0.7773
   -0.0346    0.9097    0.4138
   -0.8450   -0.2477    0.4739
...   147 A-T ...
  -19.0126   52.0327    8.9268
    0.2451    0.2906    0.9249
   -0.3073    0.9281   -0.2101
   -0.9195   -0.2327    0.3168
