  147 base-pairs
...     1 A-T ...
    0.0000    0.0000    0.0000
    1.0000    0.0000    0.0000
    0.0000    1.0000    0.0000
    0.0000    0.0000    1.0000
...     2 G-C ...
   -0.1404   -1.2353    3.2259
    0.7530    0.6366    0.1668
   -0.6385    0.7681   -0.0490
   -0.1593   -0.0696    0.9848
...     3 T-A ...
   -0.0377   -3.2918    6.3749
    0.2722    0.9302    0.2464
   -0.9238    0.3243   -0.2034
   -0.2691   -0.1722    0.9476
...     4 G-C ...
   -0.3520   -4.1638    9.4928
   -0.3756    0.9250    0.0576
   -0.8780   -0.3352   -0.3416
   -0.2967   -0.1788    0.9381
...     5 A-T ...
   -0.4480   -4.1448   12.7498
   -0.8116    0.5839   -0.0166
   -0.5522   -0.7762   -0.3042
   -0.1905   -0.2377    0.9525
...     6 G-C ...
   -1.5926   -4.1701   15.6201
   -0.9976    0.0246   -0.0651
   -0.0043   -0.9555   -0.2950
   -0.0694   -0.2940    0.9533
...     7 C-G ...
   -1.1050   -4.4793   18.7363
   -0.8442   -0.5302   -0.0787
    0.5343   -0.8442   -0.0430
   -0.0437   -0.0784    0.9960
...     8 G-C ...
   -2.4044   -7.7255   23.1483
   -0.2753   -0.3294   -0.9032
    0.6650   -0.7437    0.0686
   -0.6943   -0.5817    0.4238
...     9 C-G ...
   -4.4706   -9.9691   24.1142
    0.1145   -0.7026   -0.7023
    0.8512   -0.2951    0.4341
   -0.5123   -0.6475    0.5642
...    10 T-A ...
   -6.7420  -10.8705   25.9717
    0.4841   -0.8363   -0.2573
    0.6594    0.1554    0.7356
   -0.5752   -0.5257    0.6267
...    11 C-G ...
   -9.1682  -12.6167   27.1662
    0.7073   -0.6683    0.2306
    0.3450    0.6110    0.7125
   -0.6170   -0.4243    0.6627
...    12 A-T ...
  -10.9253  -14.6583   29.0713
    0.7515   -0.1377    0.6452
   -0.2027    0.8824    0.4245
   -0.6278   -0.4498    0.6352
...    13 C-G ...
  -11.8495  -17.4796   31.2472
    0.4294    0.2824    0.8578
   -0.5708    0.8209    0.0155
   -0.6998   -0.4963    0.5137
...    14 A-T ...
  -13.5915  -19.7756   33.4284
   -0.1503    0.6106    0.7775
   -0.6874    0.5007   -0.5261
   -0.7106   -0.6135    0.3445
...    15 A-T ...
  -15.6974  -21.9176   34.6918
   -0.5404    0.7694    0.3406
   -0.4461    0.0813   -0.8913
   -0.7135   -0.6336    0.2993
...    16 T-A ...
  -17.7989  -23.8949   36.2692
   -0.6817    0.7139   -0.1597
   -0.0980   -0.3055   -0.9471
   -0.7250   -0.6300    0.2783
...    17 T-A ...
  -20.1643  -25.8241   37.3209
   -0.5793    0.4578   -0.6744
    0.3069   -0.6440   -0.7008
   -0.7551   -0.6130    0.2326
...    18 T-A ...
  -22.7169  -27.6311   38.0822
   -0.2559    0.0752   -0.9638
    0.5672   -0.7956   -0.2127
   -0.7828   -0.6011    0.1610
...    19 A-T ...
  -25.5981  -29.3185   38.1877
    0.2403   -0.2233   -0.9447
    0.5616   -0.7618    0.3229
   -0.7917   -0.6081   -0.0577
...    20 T-A ...
  -28.4239  -30.8218   37.5444
    0.5140   -0.5525   -0.6562
    0.3470   -0.5657    0.7481
   -0.7845   -0.6122   -0.0990
...    21 T-A ...
  -30.9759  -32.7173   36.9099
    0.6210   -0.7751   -0.1165
   -0.0312   -0.1730    0.9844
   -0.7832   -0.6077   -0.1316
...    22 C-G ...
  -33.3643  -34.9041   36.3329
    0.4779   -0.7293    0.4896
   -0.4265    0.2946    0.8552
   -0.7679   -0.6175   -0.1702
...    23 G-C ...
  -36.0649  -36.8876   36.1931
    0.1643   -0.4061    0.8989
   -0.6597    0.6323    0.4062
   -0.7334   -0.6597   -0.1640
...    24 C-G ...
  -38.2536  -39.3471   35.5651
   -0.2308    0.0207    0.9728
   -0.6341    0.7551   -0.1665
   -0.7380   -0.6553   -0.1611
...    25 A-T ...
  -40.8413  -41.2727   34.7665
   -0.5221    0.4966    0.6934
   -0.3595    0.6090   -0.7070
   -0.7734   -0.6184   -0.1395
...    26 A-T ...
  -43.2638  -43.4237   34.4964
   -0.6388    0.7524    0.1607
    0.0320    0.2346   -0.9716
   -0.7687   -0.6155   -0.1739
...    27 A-T ...
  -45.7976  -45.4008   34.1279
   -0.4817    0.7755   -0.4081
    0.3997   -0.2200   -0.8899
   -0.7799   -0.5917   -0.2040
...    28 G-C ...
  -48.5477  -47.1236   33.5856
   -0.1115    0.6158   -0.7800
    0.5909   -0.5900   -0.5503
   -0.7990   -0.5222   -0.2981
...    29 G-C ...
  -51.4224  -48.4513   32.4630
    0.3259    0.2776   -0.9037
    0.5264   -0.8473   -0.0704
   -0.7853   -0.4528   -0.4223
...    30 C-G ...
  -54.0652  -49.4211   30.7561
    0.6136   -0.1873   -0.7671
    0.2329   -0.8853    0.4025
   -0.7545   -0.4256   -0.4996
...    31 C-G ...
  -56.2929  -50.6987   28.5564
    0.7038   -0.6004   -0.3798
   -0.1934   -0.6763    0.7108
   -0.6836   -0.4268   -0.5921
...    32 G-C ...
  -58.3776  -52.6014   26.7106
    0.5130   -0.8478    0.1345
   -0.6213   -0.2586    0.7397
   -0.5923   -0.4630   -0.6594
...    33 G-C ...
  -60.0199  -54.3705   24.3139
    0.0958   -0.8307    0.5484
   -0.8279    0.2394    0.5072
   -0.5526   -0.5026   -0.6649
...    34 C-G ...
  -61.5418  -56.2492   21.9812
   -0.3881   -0.5485    0.7406
   -0.7399    0.6645    0.1043
   -0.5494   -0.5075   -0.6638
...    35 C-G ...
  -63.2178  -58.1576   19.7236
   -0.7130   -0.0567    0.6989
   -0.3865    0.8634   -0.3242
   -0.5851   -0.5013   -0.6375
...    36 C-G ...
  -65.0482  -60.0896   17.6128
   -0.7630    0.4668    0.4470
    0.0900    0.7616   -0.6417
   -0.6401   -0.4494   -0.6232
...    37 G-C ...
  -66.9635  -61.3781   15.1573
   -0.4907    0.8659    0.0969
    0.5231    0.3817   -0.7620
   -0.6968   -0.3233   -0.6403
...    38 A-T ...
  -69.2529  -62.4637   13.1090
   -0.0445    0.9489   -0.3125
    0.7154   -0.1880   -0.6730
   -0.6973   -0.2535   -0.6704
...    39 C-G ...
  -71.9123  -62.9234   11.2729
    0.3783    0.7325   -0.5660
    0.6247   -0.6532   -0.4279
   -0.6831   -0.1917   -0.7047
...    40 A-T ...
  -74.0591  -63.4095    8.7432
    0.7557    0.2756   -0.5941
    0.2737   -0.9570   -0.0959
   -0.5950   -0.0901   -0.7986
...    41 C-G ...
  -75.8983  -63.0084    6.0395
    0.8141   -0.2584   -0.5201
   -0.1822   -0.9640    0.1938
   -0.5514   -0.0630   -0.8318
...    42 G-C ...
  -77.4746  -63.6651    3.1341
    0.6153   -0.7498   -0.2434
   -0.6565   -0.6583    0.3682
   -0.4363   -0.0668   -0.8973
...    43 A-T ...
  -78.7208  -63.9229    0.0806
    0.0935   -0.9953    0.0240
   -0.9073   -0.0753    0.4136
   -0.4099   -0.0604   -0.9101
...    44 C-G ...
  -79.4717  -64.2719   -3.1838
   -0.4147   -0.8796    0.2330
   -0.8186    0.4725    0.3267
   -0.3975   -0.0553   -0.9160
...    45 T-A ...
  -80.5978  -64.7167   -6.3010
   -0.7886   -0.4775    0.3875
   -0.4593    0.8763    0.1453
   -0.4090   -0.0634   -0.9103
...    46 T-A ...
  -81.7516  -65.1670   -9.3213
   -0.9220    0.1263    0.3660
    0.1034    0.9913   -0.0817
   -0.3731   -0.0375   -0.9270
...    47 A-T ...
  -82.7927  -65.0088  -12.5197
   -0.6453    0.7160    0.2661
    0.6639    0.6981   -0.2683
   -0.3778    0.0035   -0.9259
...    48 C-G ...
  -84.5065  -65.2711  -15.3191
   -0.1799    0.9746    0.1333
    0.9057    0.2170   -0.3642
   -0.3839    0.0552   -0.9217
...    49 T-A ...
  -86.0391  -64.8992  -18.2237
    0.3617    0.9322    0.0149
    0.8572   -0.3263   -0.3985
   -0.3666    0.1569   -0.9171
...    50 G-C ...
  -87.0028  -64.1218  -21.3445
    0.8257    0.5592   -0.0746
    0.4938   -0.7803   -0.3839
   -0.2729    0.2801   -0.9204
...    51 T-A ...
  -87.8930  -62.5765  -24.1061
    0.9746    0.0530   -0.2177
   -0.0185   -0.9493   -0.3137
   -0.2233    0.3098   -0.9242
...    52 A-T ...
  -88.4638  -61.6581  -27.2796
    0.7759   -0.5460   -0.3160
   -0.6118   -0.7734   -0.1659
   -0.1538    0.3221   -0.9341
...    53 G-C ...
  -88.6146  -60.4363  -30.3819
    0.3254   -0.8889   -0.3225
   -0.9394   -0.3427   -0.0031
   -0.1078    0.3040   -0.9465
...    54 G-C ...
  -88.6221  -59.5514  -33.6648
   -0.2544   -0.9396   -0.2290
   -0.9633    0.2252    0.1462
   -0.0858    0.2578   -0.9624
...    55 T-A ...
  -88.3436  -58.9831  -36.9720
   -0.7361   -0.6665   -0.1179
   -0.6714    0.6969    0.2521
   -0.0859    0.2647   -0.9605
...    56 A-T ...
  -88.6864  -57.4845  -40.0261
   -0.9994   -0.0222    0.0272
   -0.0128    0.9519    0.3062
   -0.0327    0.3056   -0.9516
...    57 T-A ...
  -88.9220  -57.1149  -43.3040
   -0.8617    0.4755    0.1773
    0.5070    0.8206    0.2636
   -0.0202    0.3170   -0.9482
...    58 C-G ...
  -88.9985  -56.1335  -46.4463
   -0.3869    0.8542    0.3472
    0.9217    0.3698    0.1173
   -0.0282    0.3654   -0.9304
...    59 T-A ...
  -89.4048  -54.8269  -49.4661
    0.1673    0.8821    0.4403
    0.9855   -0.1371   -0.0998
   -0.0277    0.4506   -0.8923
...    60 C-G ...
  -89.5110  -53.2150  -52.3101
    0.7155    0.6011    0.3560
    0.6986   -0.6189   -0.3591
    0.0045    0.5056   -0.8627
...    61 G-C ...
  -89.0307  -51.5653  -55.2178
    0.9750    0.0779    0.2080
    0.1836   -0.8096   -0.5576
    0.1250    0.5819   -0.8036
...    62 A-T ...
  -88.4181  -49.5700  -57.7662
    0.8866   -0.4409   -0.1400
   -0.4296   -0.6725   -0.6027
    0.1716    0.5944   -0.7856
...    63 G-C ...
  -87.5304  -47.4712  -60.2073
    0.5009   -0.7603   -0.4136
   -0.8364   -0.3023   -0.4572
    0.2226    0.5750   -0.7873
...    64 C-G ...
  -86.3359  -45.6386  -62.7502
   -0.0621   -0.8070   -0.5873
   -0.9674    0.1934   -0.1635
    0.2455    0.5580   -0.7927
...    65 T-A ...
  -85.2308  -43.9790  -65.4421
   -0.5913   -0.5760   -0.5644
   -0.7681    0.6155    0.1765
    0.2457    0.5379   -0.8064
...    66 C-G ...
  -84.3279  -42.2539  -68.1253
   -0.9382   -0.0815   -0.3365
   -0.2500    0.8319    0.4955
    0.2395    0.5489   -0.8008
...    67 G-C ...
  -83.4448  -40.0298  -70.5188
   -0.9292    0.3586    0.0898
    0.3354    0.7158    0.6125
    0.1554    0.5992   -0.7854
...    68 G-C ...
  -83.0085  -38.1739  -73.3167
   -0.5998    0.6342    0.4878
    0.7931    0.3908    0.4672
    0.1056    0.6671   -0.7374
...    69 G-C ...
  -82.9205  -35.9506  -75.8548
   -0.0784    0.6655    0.7423
    0.9928   -0.0157    0.1190
    0.0908    0.7462   -0.6595
...    70 A-T ...
  -82.6821  -33.4441  -77.9403
    0.5123    0.4784    0.7132
    0.8516   -0.3904   -0.3499
    0.1110    0.7866   -0.6074
...    71 T-A ...
  -82.7491  -30.5626  -79.4956
    0.8696    0.1939    0.4542
    0.4770   -0.5679   -0.6708
    0.1279    0.8000   -0.5863
...    72 C-G ...
  -82.1427  -27.8645  -81.2552
    0.9774   -0.2112   -0.0077
   -0.1233   -0.5403   -0.8324
    0.1716    0.8145   -0.5542
...    73 C-G ...
  -81.1055  -25.0963  -82.9167
    0.7299   -0.5274   -0.4349
   -0.6338   -0.2837   -0.7196
    0.2561    0.8008   -0.5414
...    74 G-C ...
  -80.3986  -22.6240  -85.1105
    0.2085   -0.6406   -0.7390
   -0.9232    0.1205   -0.3649
    0.3228    0.7583   -0.5663
...    75 C-G ...
  -78.9326  -20.2602  -86.9888
   -0.3545   -0.4710   -0.8078
   -0.8760    0.4694    0.1107
    0.3271    0.7468   -0.5790
...    76 T-A ...
  -77.6414  -17.9787  -89.0717
   -0.7867   -0.1544   -0.5977
   -0.5352    0.6529    0.5359
    0.3075    0.7415   -0.5963
...    77 T-A ...
  -76.4783  -15.7459  -91.1463
   -0.9434    0.2778   -0.1811
    0.0232    0.6001    0.7996
    0.3308    0.7502   -0.5726
...    78 T-A ...
  -75.4181  -13.4473  -93.1884
   -0.7542    0.5725    0.3216
    0.5627    0.3110    0.7660
    0.3385    0.7586   -0.5567
...    79 A-T ...
  -74.2168  -10.8382  -94.9242
   -0.2927    0.5733    0.7653
    0.9062   -0.0891    0.4133
    0.3052    0.8145   -0.4934
...    80 T-A ...
  -73.8668   -8.0469  -96.6042
    0.2002    0.4242    0.8831
    0.9304   -0.3648   -0.0357
    0.3070    0.8288   -0.4677
...    81 C-G ...
  -72.8676   -5.2429  -97.9711
    0.6937    0.0777    0.7161
    0.6408   -0.5206   -0.5643
    0.3290    0.8502   -0.4109
...    82 A-T ...
  -71.5185   -2.4786  -99.3177
    0.8966   -0.3270    0.2985
    0.1456   -0.4189   -0.8963
    0.4181    0.8471   -0.3280
...    83 T-A ...
  -70.0787    0.4661  -99.7125
    0.8442   -0.4931   -0.2100
   -0.3344   -0.1782   -0.9254
    0.4189    0.8515   -0.3154
...    84 G-C ...
  -68.6565    3.1628 -101.1005
    0.4516   -0.5454   -0.7061
   -0.7533    0.1911   -0.6293
    0.4782    0.8161   -0.3245
...    85 T-A ...
  -66.5208    5.6263 -101.9288
   -0.0317   -0.3512   -0.9358
   -0.8759    0.4608   -0.1432
    0.4815    0.8151   -0.3222
...    86 T-A ...
  -64.6765    8.1398 -102.9183
   -0.5244    0.0342   -0.8508
   -0.6934    0.5628    0.4500
    0.4942    0.8259   -0.2714
...    87 A-T ...
  -63.1705   11.1832 -103.3257
   -0.8340    0.4286   -0.3476
   -0.1896    0.3689    0.9099
    0.5182    0.8247   -0.2264
...    88 T-A ...
  -61.4973   13.6816 -104.6975
   -0.8113    0.5574    0.1766
    0.2648    0.0809    0.9609
    0.5213    0.8263   -0.2132
...    89 A-T ...
  -59.6596   16.4562 -105.2113
   -0.5133    0.4275    0.7441
    0.7086   -0.2780    0.6485
    0.4841    0.8602   -0.1603
...    90 A-T ...
  -58.2744   19.3331 -105.7583
   -0.0278    0.1582    0.9870
    0.8777   -0.4687    0.0998
    0.4784    0.8691   -0.1258
...    91 C-G ...
  -57.2639   22.4666 -105.9780
    0.4195   -0.1606    0.8934
    0.7688   -0.4605   -0.4438
    0.4827    0.8730   -0.0697
...    92 G-C ...
  -55.2280   25.1751 -106.1342
    0.7205   -0.4985    0.4821
    0.4309   -0.2229   -0.8745
    0.5434    0.8377    0.0542
...    93 G-C ...
  -53.2052   27.8340 -105.5319
    0.7956   -0.5979   -0.0980
   -0.0151    0.1422   -0.9897
    0.6057    0.7889    0.1041
...    94 A-T ...
  -51.0730   30.3392 -105.1102
    0.6167   -0.3881   -0.6848
   -0.4832    0.5001   -0.7186
    0.6214    0.7741    0.1209
...    95 A-T ...
  -48.8697   32.6885 -104.5423
    0.2344    0.0292   -0.9717
   -0.7615    0.6268   -0.1649
    0.6043    0.7786    0.1692
...    96 C-G ...
  -46.3539   34.8819 -104.0593
   -0.2200    0.3726   -0.9015
   -0.7651    0.5074    0.3964
    0.6052    0.7770    0.1734
...    97 A-T ...
  -44.5632   37.5852 -103.2127
   -0.6722    0.5596   -0.4847
   -0.4773    0.1728    0.8616
    0.5659    0.8105    0.1510
...    98 C-G ...
  -42.5150   40.2238 -103.2962
   -0.8366    0.5448    0.0574
   -0.0421   -0.1685    0.9848
    0.5462    0.8215    0.1640
...    99 T-A ...
  -40.8276   43.0837 -102.9845
   -0.7631    0.3017    0.5715
    0.4205   -0.4397    0.7936
    0.4907    0.8460    0.2087
...   100 T-A ...
  -39.3645   45.9171 -102.4096
   -0.3989   -0.0394    0.9162
    0.7826   -0.5354    0.3177
    0.4780    0.8437    0.2444
...   101 T-A ...
  -37.9957   48.7286 -101.5754
    0.1030   -0.3763    0.9207
    0.8752   -0.4055   -0.2637
    0.4726    0.8330    0.2876
...   102 A-T ...
  -36.2784   51.3926 -100.4673
    0.5623   -0.6213    0.5457
    0.6620   -0.0573   -0.7473
    0.4955    0.7815    0.3790
...   103 T-A ...
  -34.9947   53.8077  -98.6335
    0.8208   -0.5659    0.0781
    0.2839    0.2854   -0.9154
    0.4957    0.7735    0.3948
...   104 G-C ...
  -33.0745   56.3681  -97.6155
    0.7956   -0.3243   -0.5117
   -0.2367    0.6111   -0.7553
    0.5577    0.7221    0.4095
...   105 C-G ...
  -30.9141   58.4573  -96.1032
    0.5124    0.0756   -0.8554
   -0.6342    0.7049   -0.3175
    0.5790    0.7052    0.4092
...   106 T-A ...
  -28.7030   60.6212  -94.7944
    0.0604    0.4497   -0.8912
   -0.8048    0.5500    0.2230
    0.5904    0.7037    0.3951
...   107 T-A ...
  -26.5355   62.7319  -93.5451
   -0.4066    0.7253   -0.5556
   -0.6951    0.1491    0.7033
    0.5929    0.6721    0.4435
...   108 C-G ...
  -24.4775   64.8993  -92.0979
   -0.7591    0.6508   -0.0144
   -0.3121   -0.3445    0.8854
    0.5712    0.6766    0.4646
...   109 C-G ...
  -22.4564   67.2912  -90.7657
   -0.8557    0.2778    0.4365
    0.1609   -0.6589    0.7348
    0.4918    0.6991    0.5191
...   110 G-C ...
  -20.6792   69.3773  -88.7639
   -0.6812   -0.2509    0.6878
    0.6192   -0.6986    0.3584
    0.3905    0.6701    0.6313
...   111 G-C ...
  -19.6760   71.7430  -86.5758
   -0.2723   -0.6723    0.6884
    0.9013   -0.4288   -0.0622
    0.3370    0.6035    0.7227
...   112 C-G ...
  -19.0524   73.6919  -83.9700
    0.2468   -0.8374    0.4878
    0.9131    0.0323   -0.4065
    0.3246    0.5457    0.7725
...   113 T-A ...
  -18.1773   75.2217  -81.1565
    0.6784   -0.7232    0.1297
    0.6529    0.5124   -0.5578
    0.3369    0.4631    0.8198
...   114 C-G ...
  -16.9279   76.5182  -78.3958
    0.9293   -0.2736   -0.2480
    0.1249    0.8650   -0.4860
    0.3474    0.4207    0.8381
...   115 G-C ...
  -15.4969   78.2726  -75.8577
    0.8054    0.2726   -0.5263
   -0.4216    0.8876   -0.1854
    0.4166    0.3713    0.8298
...   116 T-A ...
  -13.6899   79.0101  -73.1010
    0.4433    0.7224   -0.5306
   -0.7952    0.5902    0.1391
    0.4137    0.3603    0.8361
...   117 A-T ...
  -13.0744   80.2516  -69.8976
   -0.1963    0.9631   -0.1844
   -0.9004   -0.1026    0.4227
    0.3882    0.2490    0.8873
...   118 T-A ...
  -11.2370   81.2489  -67.3100
   -0.6346    0.7677    0.0887
   -0.6678   -0.6025    0.4370
    0.3890    0.2181    0.8951
...   119 A-T ...
  -10.0248   81.5215  -64.1378
   -0.9213    0.1855    0.3416
   -0.1041   -0.9644    0.2430
    0.3746    0.1884    0.9079
...   120 A-T ...
   -8.8496   82.3027  -61.2161
   -0.8187   -0.4192    0.3925
    0.4509   -0.8925   -0.0129
    0.3557    0.1664    0.9197
...   121 T-A ...
   -8.1569   83.2964  -58.1739
   -0.4823   -0.8241    0.2971
    0.8090   -0.5491   -0.2098
    0.3360    0.1391    0.9315
...   122 G-C ...
   -6.9637   83.4081  -55.0171
    0.0344   -0.9994   -0.0098
    0.9552    0.0358   -0.2936
    0.2938    0.0008    0.9559
...   123 T-A ...
   -6.5547   83.0561  -51.7590
    0.5318   -0.8201   -0.2113
    0.7938    0.5696   -0.2132
    0.2952   -0.0543    0.9539
...   124 G-C ...
   -5.1554   82.8510  -48.6973
    0.8787   -0.3034   -0.3685
    0.3348    0.9420    0.0227
    0.3402   -0.1433    0.9294
...   125 T-A ...
   -3.9903   81.7204  -45.7594
    0.9166    0.2693   -0.2955
   -0.2000    0.9489    0.2442
    0.3461   -0.1647    0.9236
...   126 C-G ...
   -2.7029   81.1182  -42.7490
    0.5978    0.7996   -0.0572
   -0.7251    0.5698    0.3868
    0.3419   -0.1898    0.9204
...   127 G-C ...
   -1.9973   80.6540  -39.4484
    0.0229    0.9872    0.1578
   -0.9380   -0.0334    0.3450
    0.3458   -0.1559    0.9253
...   128 A-T ...
   -0.7519   80.0097  -36.4332
   -0.5662    0.7515    0.3387
   -0.7577   -0.6363    0.1451
    0.3246   -0.1745    0.9296
...   129 C-G ...
    0.6971   79.8933  -33.4184
   -0.8974    0.2809    0.3402
   -0.3261   -0.9417   -0.0828
    0.2971   -0.1852    0.9367
...   130 C-G ...
    1.8063   79.5063  -30.2247
   -0.9522   -0.2761    0.1306
    0.2332   -0.9333   -0.2731
    0.1974   -0.2296    0.9531
...   131 A-T ...
    2.5108   78.5262  -27.0703
   -0.6588   -0.7280   -0.1897
    0.7471   -0.6035   -0.2786
    0.0883   -0.3253    0.9415
...   132 A-T ...
    2.5941   77.4450  -24.0258
   -0.1120   -0.9228   -0.3686
    0.9918   -0.0810   -0.0986
    0.0611   -0.3766    0.9244
...   133 A-T ...
    2.6079   76.0754  -21.0935
    0.4815   -0.7831   -0.3936
    0.8750    0.4558    0.1635
    0.0514   -0.4231    0.9046
...   134 T-A ...
    2.3094   74.2286  -18.3853
    0.8657   -0.4292   -0.2574
    0.4984    0.7868    0.3642
    0.0462   -0.4436    0.8950
...   135 G-C ...
    1.4371   72.0947  -15.6002
    0.9809    0.0621    0.1844
   -0.1263    0.9241    0.3606
   -0.1480   -0.3770    0.9143
...   136 T-A ...
    0.5300   69.2372  -13.4651
    0.7353    0.4962    0.4617
   -0.6117    0.7791    0.1369
   -0.2918   -0.3831    0.8764
...   137 G-C ...
   -0.1630   67.4089  -10.8054
    0.1799    0.8794    0.4409
   -0.9276    0.3008   -0.2216
   -0.3275   -0.3691    0.8698
...   138 A-T ...
   -0.1293   66.2153   -7.8180
   -0.3749    0.8569    0.3537
   -0.8857   -0.2184   -0.4097
   -0.2739   -0.4669    0.8408
...   139 G-C ...
   -1.0030   65.6049   -4.9383
   -0.8337    0.5216    0.1812
   -0.5170   -0.6221   -0.5880
   -0.1940   -0.5840    0.7883
...   140 C-G ...
   -0.6940   63.8983   -2.2497
   -0.9992    0.0157   -0.0376
    0.0023   -0.8992   -0.4375
   -0.0406   -0.4373    0.8984
...   141 G-C ...
   -3.4331   60.2356    1.0303
   -0.4426    0.2288   -0.8671
    0.1684   -0.9285   -0.3310
   -0.8808   -0.2925    0.3724
...   142 C-G ...
   -6.3247   59.0803    1.6314
   -0.2968   -0.3279   -0.8969
    0.5658   -0.8170    0.1115
   -0.7693   -0.4743    0.4280
...   143 T-A ...
   -8.6731   58.7215    3.6047
   -0.0344   -0.7815   -0.6229
    0.6534   -0.4892    0.5777
   -0.7562   -0.3872    0.5275
...   144 C-G ...
  -11.6514   58.0073    4.7219
    0.2453   -0.9542   -0.1714
    0.6321    0.0234    0.7745
   -0.7350   -0.2984    0.6089
...   145 A-T ...
  -14.1725   56.5625    6.1819
    0.5795   -0.7268    0.3686
    0.3140    0.6165    0.7220
   -0.7520   -0.3027    0.5855
...   146 C-G ...
  -16.4614   53.8912    7.5170
    0.5336   -0.3333    0.7773
   -0.0346    0.9097    0.4138
   -0.8450   -0.2477    0.4739
...   147 A-T ...
  -19.0125   52.0327    8.9268
    0.2451    0.2906    0.9249
   -0.3073    0.9281   -0.2101
   -0.9195   -0.2327    0.3168
