  147 base-pairs
...     1 A-T ...
    0.0000    0.0000    0.0000
    1.0000    0.0000    0.0000
    0.0000    1.0000    0.0000
    0.0000    0.0000    1.0000
...     2 G-C ...
   -0.1404   -1.2353    3.2259
    0.7530    0.6366    0.1668
   -0.6385    0.7681   -0.0490
   -0.1593   -0.0696    0.9848
...     3 T-A ...
   -0.0377   -3.2918    6.3749
    0.2722    0.9302    0.2464
   -0.9238    0.3243   -0.2034
   -0.2691   -0.1722    0.9476
...     4 G-C ...
   -0.3520   -4.1638    9.4928
   -0.3756    0.9250    0.0576
   -0.8780   -0.3352   -0.3416
   -0.2967   -0.1788    0.9381
...     5 A-T ...
   -0.4480   -4.1448   12.7498
   -0.8116    0.5839   -0.0166
   -0.5522   -0.7762   -0.3042
   -0.1905   -0.2377    0.9525
...     6 G-C ...
   -1.5926   -4.1701   15.6201
   -0.9976    0.0246   -0.0651
   -0.0043   -0.9555   -0.2950
   -0.0694   -0.2940    0.9533
...     7 C-G ...
   -1.1050   -4.4793   18.7363
   -0.8442   -0.5302   -0.0787
    0.5343   -0.8442   -0.0430
   -0.0437   -0.0784    0.9960
...     8 G-C ...
   -2.4044   -7.7255   23.1483
   -0.2753   -0.3294   -0.9032
    0.6650   -0.7437    0.0686
   -0.6943   -0.5817    0.4238
...     9 C-G ...
   -4.4706   -9.9691   24.1142
    0.1145   -0.7026   -0.7023
    0.8512   -0.2951    0.4341
   -0.5123   -0.6475    0.5642
...    10 T-A ...
   -6.7420  -10.8705   25.9717
    0.4841   -0.8363   -0.2573
    0.6594    0.1554    0.7356
   -0.5752   -0.5257    0.6267
...    11 C-G ...
   -9.1682  -12.6167   27.1662
    0.7073   -0.6683    0.2306
    0.3450    0.6110    0.7125
   -0.6170   -0.4243    0.6627
...    12 A-T ...
  -10.9253  -14.6583   29.0713
    0.7515   -0.1377    0.6452
   -0.2027    0.8824    0.4245
   -0.6278   -0.4498    0.6352
...    13 C-G ...
  -11.8495  -17.4796   31.2472
    0.4294    0.2824    0.8578
   -0.5708    0.8209    0.0155
   -0.6998   -0.4963    0.5137
...    14 A-T ...
  -13.5915  -19.7756   33.4284
   -0.1503    0.6106    0.7775
   -0.6874    0.5007   -0.5261
   -0.7106   -0.6135    0.3445
...    15 A-T ...
  -15.7083  -21.9066   34.6862
   -0.5346    0.7744    0.3383
   -0.4468    0.0808   -0.8910
   -0.7173   -0.6275    0.3028
...    16 T-A ...
  -17.8254  -23.8541   36.2715
   -0.6731    0.7214   -0.1629
   -0.1030   -0.3096   -0.9453
   -0.7323   -0.6195    0.2827
...    17 T-A ...
  -20.2220  -25.7406   37.3249
   -0.5704    0.4642   -0.6776
    0.2950   -0.6541   -0.6965
   -0.7665   -0.5972    0.2362
...    18 T-A ...
  -22.8130  -27.4911   38.0887
   -0.2530    0.0726   -0.9647
    0.5496   -0.8098   -0.2051
   -0.7962   -0.5821    0.1650
...    19 A-T ...
  -25.7093  -29.1493   38.2088
    0.2329   -0.2515   -0.9394
    0.5410   -0.7692    0.3401
   -0.8082   -0.5874   -0.0431
...    20 T-A ...
  -28.5837  -30.5864   37.6044
    0.4944   -0.5868   -0.6413
    0.3304   -0.5555    0.7631
   -0.8040   -0.5892   -0.0808
...    21 T-A ...
  -31.2100  -32.4043   37.0266
    0.5871   -0.8043   -0.0912
   -0.0359   -0.1384    0.9897
   -0.8087   -0.5778   -0.1101
...    22 C-G ...
  -33.7113  -34.4895   36.5257
    0.4409   -0.7339    0.5167
   -0.4095    0.3477    0.8434
   -0.7987   -0.5835   -0.1473
...    23 G-C ...
  -36.5408  -36.2926   36.4404
    0.1408   -0.3788    0.9147
   -0.6184    0.6879    0.3801
   -0.7732   -0.6191   -0.1373
...    24 C-G ...
  -38.8850  -38.6253   35.8867
   -0.2257    0.0767    0.9712
   -0.5821    0.7888   -0.1975
   -0.7812   -0.6099   -0.1334
...    25 A-T ...
  -41.6008  -40.4060   35.1653
   -0.4789    0.5630    0.6736
   -0.3184    0.6037   -0.7309
   -0.8181   -0.5645   -0.1098
...    26 A-T ...
  -44.1860  -42.3645   34.9930
   -0.5728    0.8087    0.1338
    0.0393    0.1902   -0.9810
   -0.8188   -0.5566   -0.1407
...    27 A-T ...
  -46.8838  -44.1245   34.7238
   -0.4157    0.7992   -0.4342
    0.3651   -0.2906   -0.8845
   -0.8330   -0.5262   -0.1709
...    28 G-C ...
  -49.7926  -45.5965   34.2794
   -0.0653    0.5924   -0.8030
    0.5224   -0.6653   -0.5333
   -0.8502   -0.4543   -0.2660
...    29 G-C ...
  -52.8019  -46.6596   33.2220
    0.3345    0.2068   -0.9194
    0.4361   -0.8988   -0.0435
   -0.8354   -0.3864   -0.3909
...    30 C-G ...
  -55.5600  -47.4210   31.5835
    0.5729   -0.2834   -0.7691
    0.1457   -0.8882    0.4358
   -0.8066   -0.3617   -0.4676
...    31 C-G ...
  -57.9616  -48.5470   29.4803
    0.6207   -0.6929   -0.3669
   -0.2517   -0.6193    0.7437
   -0.7426   -0.3692   -0.5588
...    32 G-C ...
  -60.3242  -50.2577   27.7839
    0.4070   -0.8993    0.1603
   -0.6267   -0.1472    0.7652
   -0.6645   -0.4119   -0.6235
...    33 G-C ...
  -62.2704  -51.8681   25.5062
    0.0032   -0.8128    0.5826
   -0.7721    0.3682    0.5179
   -0.6355   -0.4514   -0.6264
...    34 C-G ...
  -64.1059  -53.5988   23.2854
   -0.4330   -0.4596    0.7754
   -0.6381    0.7639    0.0965
   -0.6366   -0.4530   -0.6241
...    35 C-G ...
  -66.0947  -55.3345   21.1442
   -0.6857    0.0719    0.7243
   -0.2733    0.8968   -0.3478
   -0.6746   -0.4365   -0.5953
...    36 C-G ...
  -68.2563  -57.0651   19.1769
   -0.6670    0.5888    0.4565
    0.1711    0.7174   -0.6753
   -0.7251   -0.3723   -0.5793
...    37 G-C ...
  -70.4643  -58.1368   16.8667
   -0.3505    0.9326    0.0863
    0.5355    0.2751   -0.7985
   -0.7684   -0.2337   -0.5958
...    38 A-T ...
  -72.9947  -58.9030   14.9658
    0.0841    0.9355   -0.3430
    0.6415   -0.3143   -0.6998
   -0.7625   -0.1612   -0.6266
...    39 C-G ...
  -75.7877  -58.9853   13.2782
    0.4553    0.6495   -0.6089
    0.4913   -0.7537   -0.4365
   -0.7425   -0.1004   -0.6623
...    40 A-T ...
  -78.1146  -59.1849   10.8711
    0.7532    0.1366   -0.6435
    0.1127   -0.9905   -0.0784
   -0.6481   -0.0135   -0.7614
...    41 C-G ...
  -80.0284  -58.5568    8.2566
    0.7274   -0.4001   -0.5576
   -0.3228   -0.9164    0.2365
   -0.6056    0.0079   -0.7957
...    42 G-C ...
  -81.8876  -59.0190    5.4815
    0.4627   -0.8481   -0.2581
   -0.7306   -0.5297    0.4308
   -0.5021   -0.0107   -0.8648
...    43 A-T ...
  -83.3764  -59.1073    2.5256
   -0.0777   -0.9958    0.0478
   -0.8744    0.0911    0.4765
   -0.4789   -0.0047   -0.8779
...    44 C-G ...
  -84.4138  -59.3671   -0.6701
   -0.5437   -0.7887    0.2869
   -0.6968    0.6148    0.3696
   -0.4679    0.0010   -0.8838
...    45 T-A ...
  -85.8308  -59.6445   -3.6871
   -0.8284   -0.3235    0.4572
   -0.2841    0.9462    0.1548
   -0.4827   -0.0017   -0.8758
...    46 T-A ...
  -87.2801  -59.9121   -6.5983
   -0.8518    0.2939    0.4337
    0.2710    0.9556   -0.1154
   -0.4483    0.0192   -0.8937
...    47 A-T ...
  -88.5690  -59.6206   -9.6915
   -0.4823    0.8195    0.3095
    0.7491    0.5690   -0.3394
   -0.4542    0.0682   -0.8883
...    48 C-G ...
  -90.5532  -59.5748  -12.3152
    0.0083    0.9910    0.1336
    0.8917    0.0531   -0.4495
   -0.4525    0.1228   -0.8833
...    49 T-A ...
  -92.2623  -58.9257  -15.0682
    0.5214    0.8527   -0.0325
    0.7433   -0.4725   -0.4736
   -0.4192    0.2227   -0.8802
...    50 G-C ...
  -93.3607  -57.9685  -18.0944
    0.9009    0.4022   -0.1629
    0.3053   -0.8543   -0.4208
   -0.3084    0.3293   -0.8924
...    51 T-A ...
  -94.2303  -56.2701  -20.7756
    0.9407   -0.1225   -0.3165
   -0.2214   -0.9283   -0.2987
   -0.2572    0.3511   -0.9003
...    52 A-T ...
  -94.9899  -55.2700  -23.8896
    0.6190   -0.6765   -0.3990
   -0.7599   -0.6442   -0.0867
   -0.1984    0.3569   -0.9128
...    53 G-C ...
  -95.2768  -53.9922  -26.9622
    0.1121   -0.9287   -0.3534
   -0.9806   -0.1609    0.1119
   -0.1608    0.3340   -0.9287
...    54 G-C ...
  -95.5181  -53.0412  -30.2175
   -0.4534   -0.8704   -0.1919
   -0.8781    0.3992    0.2637
   -0.1530    0.2880   -0.9453
...    55 T-A ...
  -95.5434  -52.4628  -33.5355
   -0.8578   -0.5135   -0.0224
   -0.4907    0.8052    0.3329
   -0.1529    0.2965   -0.9427
...    56 A-T ...
  -95.9741  -50.8645  -36.5261
   -0.9740    0.1627    0.1577
    0.2047    0.9305    0.3037
   -0.0973    0.3281   -0.9396
...    57 T-A ...
  -96.5597  -50.3790  -39.7420
   -0.7277    0.6214    0.2904
    0.6806    0.7066    0.1935
   -0.0850    0.3384   -0.9371
...    58 C-G ...
  -96.8670  -49.3157  -42.8417
   -0.1730    0.9009    0.3981
    0.9814    0.1920   -0.0081
   -0.0837    0.3893   -0.9173
...    59 T-A ...
  -97.4254  -47.8683  -45.7712
    0.3847    0.8238    0.4165
    0.9208   -0.3109   -0.2354
   -0.0644    0.4741   -0.8781
...    60 C-G ...
  -97.6106  -46.1707  -48.5609
    0.8556    0.4503    0.2554
    0.5172   -0.7238   -0.4568
   -0.0208    0.5229   -0.8522
...    61 G-C ...
  -97.2277  -44.5403  -51.4962
    0.9922   -0.1062    0.0656
   -0.0481   -0.8100   -0.5844
    0.1152    0.5767   -0.8088
...    62 A-T ...
  -96.6254  -42.5984  -54.0915
    0.7614   -0.5877   -0.2737
   -0.6276   -0.5622   -0.5387
    0.1627    0.5819   -0.7968
...    63 G-C ...
  -95.7348  -40.5990  -56.6167
    0.2872   -0.8211   -0.4933
   -0.9354   -0.1296   -0.3290
    0.2062    0.5559   -0.8053
...    64 C-G ...
  -94.6162  -38.8988  -59.2855
   -0.2951   -0.7583   -0.5813
   -0.9291    0.3696   -0.0104
    0.2227    0.5370   -0.8136
...    65 T-A ...
  -93.6403  -37.3466  -62.0900
   -0.7645   -0.4370   -0.4738
   -0.6075    0.7343    0.3030
    0.2155    0.5195   -0.8269
...    66 C-G ...
  -92.8470  -35.6906  -64.8505
   -0.9774    0.1006   -0.1857
   -0.0164    0.8404    0.5417
    0.2106    0.5326   -0.8198
...    67 G-C ...
  -91.9494  -33.5529  -67.3187
   -0.8245    0.5109    0.2433
    0.5489    0.6175    0.5634
    0.1376    0.5981   -0.7895
...    68 G-C ...
  -91.6311  -31.6689  -70.1123
   -0.3937    0.7050    0.5899
    0.9130    0.2254    0.3400
    0.1067    0.6724   -0.7324
...    69 G-C ...
  -91.5506  -29.3663  -72.5784
    0.1585    0.6330    0.7578
    0.9805   -0.1913   -0.0452
    0.1163    0.7502   -0.6509
...    70 A-T ...
  -91.2021  -26.8337  -74.6183
    0.6956    0.3490    0.6280
    0.7027   -0.5124   -0.4936
    0.1495    0.7847   -0.6016
...    71 T-A ...
  -91.0087  -23.9091  -76.0828
    0.9517    0.0211    0.3063
    0.2555   -0.6074   -0.7522
    0.1701    0.7941   -0.5835
...    72 C-G ...
  -90.2302  -21.2679  -77.8650
    0.9109   -0.3722   -0.1779
   -0.3503   -0.4701   -0.8102
    0.2179    0.8003   -0.5586
...    73 C-G ...
  -89.0198  -18.6300  -79.6214
    0.5448   -0.6193   -0.5653
   -0.7840   -0.1371   -0.6054
    0.2975    0.7731   -0.5603
...    74 G-C ...
  -88.2819  -16.1902  -81.8424
   -0.0325   -0.6270   -0.7783
   -0.9371    0.2900   -0.1945
    0.3477    0.7230   -0.5970
...    75 C-G ...
  -86.7704  -13.9978  -83.8863
   -0.5620   -0.3634   -0.7430
   -0.7513    0.6000    0.2747
    0.3460    0.7126   -0.6103
...    76 T-A ...
  -85.4845  -11.8484  -86.1080
   -0.8924    0.0072   -0.4512
   -0.3168    0.7019    0.6379
    0.3213    0.7122   -0.6241
...    77 T-A ...
  -84.3389   -9.7234  -88.3007
   -0.9007    0.4344   -0.0018
    0.2616    0.5456    0.7961
    0.3468    0.7166   -0.6051
...    78 T-A ...
  -83.2839   -7.5154  -90.4417
   -0.5815    0.6665    0.4665
    0.7314    0.1771    0.6586
    0.3563    0.7242   -0.5905
...    79 A-T ...
  -81.9961   -5.0333  -92.2979
   -0.0558    0.5701    0.8197
    0.9379   -0.2516    0.2388
    0.3424    0.7821   -0.5206
...    80 A-T ...
  -81.0632   -2.3883  -93.9150
    0.4789    0.2936    0.8273
    0.8041   -0.5248   -0.2792
    0.3522    0.7990   -0.4874
...    81 C-G ...
  -80.2841    0.5922  -95.0991
    0.8148   -0.0683    0.5758
    0.4374   -0.5794   -0.6877
    0.3806    0.8121   -0.4422
...    82 A-T ...
  -78.7797    3.1893  -96.6042
    0.8733   -0.4735    0.1143
   -0.0888   -0.3855   -0.9184
    0.4789    0.7919   -0.3788
...    83 C-G ...
  -76.9176    5.8882  -97.2294
    0.6789   -0.6210   -0.3917
   -0.5311   -0.0469   -0.8460
    0.5070    0.7824   -0.3617
...    84 T-A ...
  -74.9035    8.3505  -98.2592
    0.2576   -0.5663   -0.7829
   -0.7973    0.3332   -0.5033
    0.5459    0.7538   -0.3657
...    85 T-A ...
  -72.8689   10.6897  -99.2980
   -0.2413   -0.2170   -0.9459
   -0.7987    0.5981    0.0665
    0.5513    0.7715   -0.3176
...    86 T-A ...
  -70.8222   13.0182 -100.3384
   -0.6438    0.2193   -0.7331
   -0.5081    0.5939    0.6238
    0.5722    0.7741   -0.2709
...    87 A-T ...
  -68.9272   15.8372 -100.7144
   -0.8005    0.5814   -0.1454
    0.0247    0.2744    0.9613
    0.5988    0.7660   -0.2340
...    88 T-A ...
  -67.1288   18.2303 -102.1123
   -0.6720    0.6380    0.3759
    0.4296   -0.0776    0.8997
    0.6031    0.7661   -0.2219
...    89 G-C ...
  -65.0615   20.8348 -102.6010
   -0.3659    0.3805    0.8493
    0.7472   -0.4239    0.5118
    0.5548    0.8219   -0.1292
...    90 C-G ...
  -63.6228   23.7873 -103.0885
    0.0708    0.0263    0.9971
    0.8300   -0.5561   -0.0443
    0.5533    0.8307   -0.0612
...    91 T-A ...
  -62.0046   26.6840 -103.0135
    0.4580   -0.3498    0.8172
    0.6824   -0.4508   -0.5754
    0.5697    0.8212    0.0323
...    92 T-A ...
  -60.2513   29.3922 -102.6903
    0.7567   -0.5626    0.3330
    0.3028   -0.1498   -0.9412
    0.5794    0.8130    0.0571
...    93 C-G ...
  -58.1913   31.9397 -102.3656
    0.7724   -0.5588   -0.3019
   -0.1912    0.2486   -0.9495
    0.6057    0.7911    0.0852
...    94 C-G ...
  -55.8079   34.3319 -101.9929
    0.4958   -0.3582   -0.7911
   -0.5628    0.5612   -0.6069
    0.6613    0.7462    0.0766
...    95 G-C ...
  -53.8147   37.0750 -102.0668
    0.0326    0.0054   -0.9995
   -0.7201    0.6936   -0.0197
    0.6931    0.7204    0.0265
...    96 G-C ...
  -51.2875   39.3535 -102.0715
   -0.4170    0.3677   -0.8312
   -0.6055    0.5697    0.5557
    0.6778    0.7351   -0.0149
...    97 C-G ...
  -48.8166   41.6074 -102.3823
   -0.7056    0.6052   -0.3685
   -0.2703    0.2509    0.9295
    0.6550    0.7555   -0.0134
...    98 T-A ...
  -46.6688   44.1479 -102.7158
   -0.7738    0.6000    0.2033
    0.1576   -0.1285    0.9791
    0.6135    0.7897    0.0049
...    99 C-G ...
  -44.6447   46.7506 -102.7645
   -0.5545    0.3615    0.7496
    0.5850   -0.4713    0.6600
    0.5919    0.8045    0.0499
...   100 A-T ...
  -42.5647   49.3766 -102.4424
   -0.1923   -0.0841    0.9777
    0.8124   -0.5725    0.1105
    0.5505    0.8156    0.1784
...   101 T-A ...
  -41.3526   52.3324 -101.7233
    0.2313   -0.3893    0.8916
    0.8022   -0.4421   -0.4012
    0.5504    0.8081    0.2100
...   102 G-C ...
  -39.2533   54.8146 -100.8583
    0.5844   -0.6656    0.4642
    0.5540   -0.0906   -0.8275
    0.5929    0.7408    0.3158
...   103 T-A ...
  -37.4766   57.0687  -99.1992
    0.7718   -0.6327   -0.0635
    0.1696    0.3010   -0.9384
    0.6129    0.7135    0.3396
...   104 T-A ...
  -35.4723   59.2459  -97.8350
    0.7399   -0.3132   -0.5954
   -0.3108    0.6258   -0.7154
    0.5966    0.7144    0.3657
...   105 A-T ...
  -33.8332   62.0989  -96.8297
    0.3825    0.2467   -0.8904
   -0.7344    0.6660   -0.1309
    0.5607    0.7040    0.4359
...   106 T-A ...
  -31.4472   63.9669  -95.4450
   -0.0421    0.5860   -0.8092
   -0.8312    0.4288    0.3538
    0.5543    0.6876    0.4691
...   107 A-T ...
  -30.0227   66.2778  -93.3352
   -0.5537    0.7669   -0.3244
   -0.6107   -0.1092    0.7843
    0.5660    0.6324    0.5289
...   108 A-T ...
  -28.0382   68.3689  -91.8126
   -0.7977    0.5650    0.2107
   -0.1822   -0.5589    0.8090
    0.5749    0.6069    0.5488
...   109 C-G ...
  -26.1749   70.7602  -90.4643
   -0.7937    0.1510    0.5892
    0.2706   -0.7800    0.5643
    0.5448    0.6073    0.5782
...   110 G-C ...
  -24.2150   72.5071  -88.3238
   -0.5809   -0.4064    0.7052
    0.6755   -0.7241    0.1391
    0.4541    0.5572    0.6952
...   111 G-C ...
  -23.0142   74.4534  -85.8443
   -0.1678   -0.7996    0.5766
    0.8966   -0.3670   -0.2480
    0.4099    0.4753    0.7785
...   112 A-T ...
  -21.7477   75.8713  -83.1736
    0.3715   -0.8888    0.2685
    0.8362    0.1947   -0.5127
    0.4034    0.4150    0.8155
...   113 T-A ...
  -20.9138   76.8706  -80.1568
    0.7429   -0.6680   -0.0434
    0.5347    0.6311   -0.5620
    0.4028    0.3943    0.8260
...   114 C-G ...
  -19.4343   77.9472  -77.4157
    0.9103   -0.1565   -0.3833
   -0.0047    0.9219   -0.3874
    0.4140    0.3544    0.8384
...   115 G-C ...
  -17.8831   79.5337  -74.8506
    0.7130    0.4019   -0.5745
   -0.5118    0.8584   -0.0347
    0.4792    0.3188    0.8177
...   116 T-A ...
  -15.8432   80.1350  -72.2287
    0.3199    0.8111   -0.4897
   -0.8198    0.4961    0.2862
    0.4750    0.3099    0.8236
...   117 A-T ...
  -14.9147   81.0981  -69.0315
   -0.2892    0.9541   -0.0777
   -0.8394   -0.2137    0.4997
    0.4601    0.2097    0.8627
...   118 T-A ...
  -12.9039   82.0426  -66.5642
   -0.6799    0.7023    0.2111
   -0.5713   -0.6878    0.4478
    0.4596    0.1839    0.8689
...   119 A-T ...
  -11.4138   82.3051  -63.5355
   -0.9050    0.0981    0.4140
   -0.0190   -0.9814    0.1909
    0.4250    0.1649    0.8900
...   120 A-T ...
  -10.1075   83.0071  -60.6544
   -0.7638   -0.4943    0.4150
    0.5064   -0.8577   -0.0895
    0.4002    0.1418    0.9054
...   121 T-A ...
   -9.3037   83.8821  -57.6069
   -0.4126   -0.8678    0.2768
    0.8280   -0.4840   -0.2831
    0.3796    0.1123    0.9183
...   122 G-C ...
   -7.9656   83.8898  -54.5123
    0.0917   -0.9938   -0.0635
    0.9350    0.1078   -0.3378
    0.3426   -0.0284    0.9391
...   123 T-A ...
   -7.3732   83.4050  -51.2992
    0.5658   -0.7774   -0.2750
    0.7496    0.6238   -0.2213
    0.3436   -0.0809    0.9356
...   124 G-C ...
   -5.8276   83.1443  -48.3208
    0.8773   -0.2380   -0.4167
    0.2839    0.9575    0.0508
    0.3869   -0.1629    0.9076
...   125 T-A ...
   -4.4929   81.9581  -45.4759
    0.8893    0.3290   -0.3177
   -0.2391    0.9266    0.2902
    0.3898   -0.1821    0.9027
...   126 C-G ...
   -3.0788   81.2940  -42.5390
    0.5556    0.8301   -0.0476
   -0.7380    0.5187    0.4317
    0.3830   -0.2047    0.9008
...   127 G-C ...
   -2.2516   80.7205  -39.2928
   -0.0163    0.9827    0.1847
   -0.9255   -0.0847    0.3690
    0.3783   -0.1650    0.9109
...   128 A-T ...
   -0.8988   80.0460  -36.3396
   -0.5865    0.7222    0.3666
   -0.7292   -0.6679    0.1490
    0.3525   -0.1800    0.9184
...   129 C-G ...
    0.6124   79.9313  -33.3684
   -0.8996    0.2467    0.3603
   -0.2971   -0.9505   -0.0909
    0.3200   -0.1888    0.9284
...   130 C-G ...
    1.7675   79.5537  -30.1963
   -0.9435   -0.3005    0.1395
    0.2523   -0.9246   -0.2854
    0.2147   -0.2341    0.9482
...   131 A-T ...
    2.4858   78.5800  -27.0475
   -0.6504   -0.7351   -0.1913
    0.7532   -0.5916   -0.2876
    0.0983   -0.3312    0.9384
...   132 A-T ...
    2.5849   77.4749  -24.0137
   -0.1069   -0.9212   -0.3741
    0.9920   -0.0731   -0.1033
    0.0678   -0.3821    0.9216
...   133 A-T ...
    2.6044   76.0838  -21.0914
    0.4829   -0.7805   -0.3970
    0.8739    0.4580    0.1626
    0.0549   -0.4255    0.9033
...   134 T-A ...
    2.3094   74.2287  -18.3854
    0.8657   -0.4292   -0.2574
    0.4984    0.7868    0.3642
    0.0462   -0.4436    0.8950
...   135 G-C ...
    1.4370   72.0949  -15.6002
    0.9809    0.0621    0.1844
   -0.1263    0.9241    0.3606
   -0.1480   -0.3770    0.9143
...   136 T-A ...
    0.5300   69.2373  -13.4652
    0.7353    0.4962    0.4617
   -0.6117    0.7791    0.1369
   -0.2918   -0.3831    0.8764
...   137 G-C ...
   -0.1630   67.4090  -10.8055
    0.1799    0.8794    0.4409
   -0.9276    0.3008   -0.2216
   -0.3275   -0.3691    0.8698
...   138 A-T ...
   -0.1293   66.2154   -7.8181
   -0.3749    0.8569    0.3537
   -0.8857   -0.2184   -0.4097
   -0.2739   -0.4669    0.8408
...   139 G-C ...
   -1.0030   65.6050   -4.9384
   -0.8337    0.5216    0.1812
   -0.5170   -0.6221   -0.5880
   -0.1940   -0.5840    0.7883
...   140 C-G ...
   -0.6940   63.8984   -2.2497
   -0.9992    0.0157   -0.0376
    0.0023   -0.8992   -0.4375
   -0.0406   -0.4373    0.8984
...   141 G-C ...
   -3.4331   60.2357    1.0302
   -0.4426    0.2288   -0.8671
    0.1684   -0.9285   -0.3310
   -0.8808   -0.2925    0.3724
...   142 C-G ...
   -6.3247   59.0804    1.6314
   -0.2968   -0.3279   -0.8969
    0.5658   -0.8170    0.1115
   -0.7693   -0.4743    0.4280
...   143 T-A ...
   -8.6731   58.7216    3.6047
   -0.0344   -0.7815   -0.6229
    0.6534   -0.4892    0.5777
   -0.7562   -0.3872    0.5275
...   144 C-G ...
  -11.6513   58.0074    4.7219
    0.2453   -0.9542   -0.1714
    0.6321    0.0234    0.7745
   -0.7350   -0.2984    0.6089
...   145 A-T ...
  -14.1725   56.5626    6.1819
    0.5795   -0.7268    0.3686
    0.3140    0.6165    0.7220
   -0.7520   -0.3027    0.5855
...   146 C-G ...
  -16.4614   53.8913    7.5169
    0.5336   -0.3333    0.7773
   -0.0346    0.9097    0.4138
   -0.8450   -0.2477    0.4739
...   147 A-T ...
  -19.0124   52.0327    8.9268
    0.2451    0.2906    0.9249
   -0.3073    0.9281   -0.2101
   -0.9195   -0.2327    0.3168
