  147 base-pairs
...     1 A-T ...
    0.0000    0.0000    0.0000
    1.0000    0.0000    0.0000
    0.0000    1.0000    0.0000
    0.0000    0.0000    1.0000
...     2 G-C ...
   -0.1404   -1.2353    3.2259
    0.7530    0.6366    0.1668
   -0.6385    0.7681   -0.0490
   -0.1593   -0.0696    0.9848
...     3 T-A ...
   -0.0377   -3.2918    6.3749
    0.2722    0.9302    0.2464
   -0.9238    0.3243   -0.2034
   -0.2691   -0.1722    0.9476
...     4 G-C ...
   -0.3520   -4.1638    9.4928
   -0.3756    0.9250    0.0576
   -0.8780   -0.3352   -0.3416
   -0.2967   -0.1788    0.9381
...     5 A-T ...
   -0.4480   -4.1448   12.7498
   -0.8116    0.5839   -0.0166
   -0.5522   -0.7762   -0.3042
   -0.1905   -0.2377    0.9525
...     6 G-C ...
   -1.5926   -4.1701   15.6201
   -0.9976    0.0246   -0.0651
   -0.0043   -0.9555   -0.2950
   -0.0694   -0.2940    0.9533
...     7 C-G ...
   -1.1050   -4.4793   18.7363
   -0.8442   -0.5302   -0.0787
    0.5343   -0.8442   -0.0430
   -0.0437   -0.0784    0.9960
...     8 G-C ...
   -2.4044   -7.7255   23.1483
   -0.2753   -0.3294   -0.9032
    0.6650   -0.7437    0.0686
   -0.6943   -0.5817    0.4238
...     9 C-G ...
   -4.4706   -9.9691   24.1142
    0.1145   -0.7026   -0.7023
    0.8512   -0.2951    0.4341
   -0.5123   -0.6475    0.5642
...    10 T-A ...
   -6.7420  -10.8705   25.9717
    0.4841   -0.8363   -0.2573
    0.6594    0.1554    0.7356
   -0.5752   -0.5257    0.6267
...    11 C-G ...
   -9.1682  -12.6167   27.1662
    0.7073   -0.6683    0.2306
    0.3450    0.6110    0.7125
   -0.6170   -0.4243    0.6627
...    12 A-T ...
  -10.9253  -14.6583   29.0713
    0.7515   -0.1377    0.6452
   -0.2027    0.8824    0.4245
   -0.6278   -0.4498    0.6352
...    13 C-G ...
  -11.8495  -17.4796   31.2472
    0.4294    0.2824    0.8578
   -0.5708    0.8209    0.0155
   -0.6998   -0.4963    0.5137
...    14 A-T ...
  -13.5915  -19.7756   33.4284
   -0.1503    0.6106    0.7775
   -0.6874    0.5007   -0.5261
   -0.7106   -0.6135    0.3445
...    15 A-T ...
  -15.7257  -21.8941   34.6733
   -0.5296    0.7806    0.3320
   -0.4454    0.0772   -0.8920
   -0.7219   -0.6203    0.3068
...    16 T-A ...
  -17.8641  -23.8055   36.2658
   -0.6635    0.7279   -0.1732
   -0.1043   -0.3192   -0.9419
   -0.7409   -0.6069    0.2877
...    17 T-A ...
  -20.2988  -25.6444   37.3133
   -0.5568    0.4639   -0.6890
    0.2871   -0.6709   -0.6837
   -0.7795   -0.5785    0.2404
...    18 T-A ...
  -22.9326  -27.3340   38.0742
   -0.2425    0.0556   -0.9686
    0.5330   -0.8266   -0.1808
   -0.8107   -0.5600    0.1708
...    19 A-T ...
  -25.8114  -29.0212   38.2291
    0.2294   -0.3118   -0.9220
    0.5160   -0.7643    0.3868
   -0.8253   -0.5645   -0.0144
...    20 T-A ...
  -28.7373  -30.4017   37.6935
    0.4740   -0.6466   -0.5977
    0.3065   -0.5152    0.8004
   -0.8255   -0.5626   -0.0460
...    21 T-A ...
  -31.4487  -32.1381   37.2253
    0.5422   -0.8400   -0.0230
   -0.0474   -0.0579    0.9972
   -0.8389   -0.5395   -0.0712
...    22 C-G ...
  -34.0932  -34.0896   36.8669
    0.3855   -0.7144    0.5839
   -0.3904    0.4471    0.8048
   -0.8361   -0.5382   -0.1066
...    23 G-C ...
  -37.0877  -35.6274   36.8632
    0.1001   -0.3011    0.9483
   -0.5591    0.7714    0.3039
   -0.8230   -0.5607   -0.0911
...    24 C-G ...
  -39.6313  -37.7820   36.4504
   -0.2248    0.1929    0.9551
   -0.5016    0.8174   -0.2832
   -0.8354   -0.5428   -0.0870
...    25 A-T ...
  -42.5075  -39.3607   35.8449
   -0.4184    0.6763    0.6062
   -0.2487    0.5566   -0.7927
   -0.8735   -0.4824   -0.0647
...    26 A-T ...
  -45.2976  -41.0153   35.8183
   -0.4710    0.8810    0.0440
    0.0600    0.0818   -0.9948
   -0.8801   -0.4660   -0.0913
...    27 A-T ...
  -48.1939  -42.4372   35.6842
   -0.3076    0.7984   -0.5176
    0.3194   -0.4258   -0.8466
   -0.8963   -0.4257   -0.1241
...    28 G-C ...
  -51.2832  -43.5289   35.3536
    0.0139    0.5073   -0.8616
    0.4187   -0.7855   -0.4557
   -0.9080   -0.3544   -0.2234
...    29 G-C ...
  -54.4162  -44.2333   34.3373
    0.3513    0.0510   -0.9349
    0.2927   -0.9545    0.0579
   -0.8893   -0.2940   -0.3502
...    30 C-G ...
  -57.2768  -44.7456   32.7534
    0.5062   -0.4592   -0.7300
    0.0054   -0.8447    0.5352
   -0.8624   -0.2749   -0.4251
...    31 C-G ...
  -59.8741  -45.7112   30.7947
    0.4789   -0.8315   -0.2816
   -0.3422   -0.4722    0.8124
   -0.8084   -0.2927   -0.5107
...    32 G-C ...
  -62.5911  -47.1169   29.3514
    0.2249   -0.9368    0.2679
   -0.6209    0.0741    0.7804
   -0.7510   -0.3418   -0.5650
...    33 G-C ...
  -64.9203  -48.4919   27.2853
   -0.1499   -0.7185    0.6792
   -0.6579    0.5853    0.4740
   -0.7381   -0.3758   -0.5604
...    34 C-G ...
  -67.1565  -50.0052   25.2747
   -0.4942   -0.2548    0.8311
   -0.4484    0.8938    0.0074
   -0.7448   -0.3690   -0.5560
...    35 C-G ...
  -69.5420  -51.4780   23.3464
   -0.6175    0.3146    0.7209
   -0.0736    0.8894   -0.4511
   -0.7831   -0.3316   -0.5261
...    36 C-G ...
  -72.1254  -52.8693   21.6326
   -0.4823    0.7811    0.3967
    0.3035    0.5738   -0.7607
   -0.8218   -0.2465   -0.5138
...    37 G-C ...
  -74.6737  -53.5943   19.5406
   -0.1013    0.9948   -0.0124
    0.5382    0.0443   -0.8416
   -0.8367   -0.0919   -0.5399
...    38 A-T ...
  -77.4239  -53.8441   17.8149
    0.2985    0.8409   -0.4513
    0.4924   -0.5408   -0.6819
   -0.8175   -0.0187   -0.5756
...    39 C-G ...
  -80.2470  -53.3431   16.2476
    0.5662    0.4389   -0.6977
    0.2452   -0.8978   -0.3658
   -0.7870    0.0360   -0.6159
...    40 A-T ...
  -82.6935  -53.1628   13.9564
    0.7082   -0.1434   -0.6913
   -0.1658   -0.9855    0.0345
   -0.6863    0.0902   -0.7217
...    41 C-G ...
  -84.5775  -52.2864   11.3735
    0.5355   -0.6450   -0.5453
   -0.5428   -0.7574    0.3628
   -0.6470    0.1017   -0.7557
...    42 G-C ...
  -86.7724  -52.4609    8.8080
    0.1657   -0.9684   -0.1865
   -0.8069   -0.2418    0.5389
   -0.5670    0.0612   -0.8214
...    43 A-T ...
  -88.5201  -52.3260    5.9907
   -0.3712   -0.9132    0.1682
   -0.7497    0.4016    0.5259
   -0.5478    0.0691   -0.8337
...    44 C-G ...
  -89.9202  -52.4997    2.9241
   -0.7273   -0.5458    0.4160
   -0.4261    0.8343    0.3498
   -0.5380    0.0772   -0.8394
...    45 T-A ...
  -91.6730  -52.5349    0.0713
   -0.8300    0.0027    0.5577
    0.0510    0.9962    0.0711
   -0.5554    0.0875   -0.8270
...    46 T-A ...
  -93.4580  -52.5146   -2.6569
   -0.6520    0.5900    0.4762
    0.5466    0.8010   -0.2439
   -0.5254    0.1013   -0.8448
...    47 A-T ...
  -95.0151  -52.0333   -5.5971
   -0.1451    0.9482    0.2827
    0.8390    0.2693   -0.4728
   -0.5244    0.1686   -0.8346
...    48 C-G ...
  -97.2171  -51.4535   -7.9663
    0.3498    0.9359    0.0409
    0.7880   -0.2704   -0.5532
   -0.5067    0.2257   -0.8321
...    49 T-A ...
  -98.9846  -50.3806  -10.5469
    0.7635    0.6225   -0.1718
    0.4676   -0.7164   -0.5178
   -0.4454    0.3150   -0.8381
...    50 G-C ...
 -100.1137  -49.2388  -13.5016
    0.9465    0.0595   -0.3171
   -0.0695   -0.9221   -0.3805
   -0.3150    0.3822   -0.8687
...    51 T-A ...
 -100.7698  -47.4366  -16.1891
    0.7772   -0.4545   -0.4353
   -0.5702   -0.8012   -0.1816
   -0.2662    0.3894   -0.8818
...    52 C-G ...
 -101.3865  -46.2139  -19.1841
    0.2835   -0.8499   -0.4441
   -0.9327   -0.3520    0.0783
   -0.2229    0.3920   -0.8925
...    53 A-T ...
 -102.3492  -45.0560  -22.1669
   -0.3192   -0.9085   -0.2696
   -0.9269    0.2401    0.2885
   -0.1974    0.3419   -0.9188
...    54 T-A ...
 -102.3873  -44.2339  -25.3954
   -0.7665   -0.6325   -0.1113
   -0.6185    0.6804    0.3930
   -0.1728    0.3701   -0.9128
...    55 G-C ...
 -103.1276  -42.7285  -28.2822
   -0.9766   -0.1089    0.1854
   -0.0311    0.9248    0.3792
   -0.2128    0.3645   -0.9066
...    56 T-A ...
 -103.9314  -42.0924  -31.4783
   -0.8351    0.4035    0.3738
    0.5066    0.8290    0.2369
   -0.2142    0.3872   -0.8967
...    57 T-A ...
 -104.7366  -41.0251  -34.4433
   -0.3817    0.8105    0.4444
    0.9037    0.4282   -0.0048
   -0.1941    0.3997   -0.8958
...    58 A-T ...
 -105.2501  -39.5928  -37.4318
    0.2542    0.8624    0.4377
    0.9510   -0.1406   -0.2754
   -0.1760    0.4863   -0.8559
...    59 T-A ...
 -106.3457  -37.7563  -39.9086
    0.7072    0.6550    0.2664
    0.6899   -0.5566   -0.4628
   -0.1548    0.5111   -0.8455
...    60 A-T ...
 -106.6570  -35.8818  -42.6626
    0.9883    0.1417    0.0564
    0.1482   -0.8062   -0.5727
   -0.0357    0.5744   -0.8178
...    61 A-T ...
 -106.6312  -33.8331  -45.1739
    0.8943   -0.3607   -0.2648
   -0.4474   -0.7260   -0.5223
   -0.0038    0.5856   -0.8106
...    62 C-G ...
 -106.0933  -31.5711  -47.5597
    0.5156   -0.7066   -0.4847
   -0.8561   -0.4003   -0.3270
    0.0370    0.5836   -0.8112
...    63 G-C ...
 -106.2113  -29.9398  -50.5253
   -0.0833   -0.8422   -0.5328
   -0.9914    0.1241   -0.0413
    0.1009    0.5248   -0.8453
...    64 G-C ...
 -105.6267  -28.3850  -53.4954
   -0.6362   -0.6431   -0.4263
   -0.7656    0.5945    0.2459
    0.0953    0.4828   -0.8705
...    65 A-T ...
 -105.1928  -26.8349  -56.3953
   -0.9717   -0.1397   -0.1905
   -0.2145    0.8596    0.4638
    0.0990    0.4915   -0.8652
...    66 T-A ...
 -104.8513  -25.8274  -59.5413
   -0.9374    0.3424    0.0640
    0.3258    0.7968    0.5089
    0.1233    0.4979   -0.8584
...    67 A-T ...
 -104.0708  -23.9150  -62.2384
   -0.5070    0.7712    0.3850
    0.8504    0.3746    0.3695
    0.1407    0.5147   -0.8457
...    68 G-C ...
 -103.8674  -22.1947  -65.0776
    0.0253    0.8050    0.5928
    0.9880   -0.1106    0.1081
    0.1526    0.5829   -0.7981
...    69 G-C ...
 -103.5802  -20.0650  -67.6828
    0.5476    0.5397    0.6394
    0.8118   -0.5277   -0.2500
    0.2025    0.6560   -0.7271
...    70 T-A ...
 -103.2286  -17.4842  -69.7021
    0.8829    0.1399    0.4482
    0.3998   -0.7245   -0.5614
    0.2462    0.6749   -0.6956
...    71 A-T ...
 -102.1808  -15.2939  -72.0216
    0.9204   -0.3830    0.0784
   -0.1987   -0.6310   -0.7499
    0.3366    0.6746   -0.6569
...    72 T-A ...
 -100.7613  -12.7876  -73.6236
    0.6840   -0.6565   -0.3180
   -0.6408   -0.3325   -0.6919
    0.3485    0.6771   -0.6482
...    73 C-G ...
  -99.4150  -10.6684  -75.7684
    0.1524   -0.7293   -0.6670
   -0.9131    0.1543   -0.3774
    0.3782    0.6666   -0.6424
...    74 T-A ...
  -97.8357   -8.6566  -77.9305
   -0.3882   -0.5359   -0.7498
   -0.8325    0.5529    0.0358
    0.3954    0.6381   -0.6607
...    75 C-G ...
  -96.4558   -6.6262  -80.1624
   -0.8153   -0.0788   -0.5737
   -0.4189    0.7643    0.4902
    0.3998    0.6400   -0.6562
...    76 G-C ...
  -95.1671   -4.1162  -82.0390
   -0.9325    0.3377   -0.1279
    0.1376    0.6598    0.7387
    0.3338    0.6713   -0.6618
...    77 A-T ...
  -93.9932   -1.9921  -84.2751
   -0.6683    0.6493    0.3631
    0.6674    0.3078    0.6781
    0.3285    0.6955   -0.6390
...    78 G-C ...
  -93.1416    0.3164  -86.5137
   -0.2245    0.6548    0.7217
    0.9195   -0.1029    0.3794
    0.3227    0.7487   -0.5790
...    79 C-G ...
  -92.5009    2.9211  -88.4698
    0.2982    0.4372    0.8485
    0.8915   -0.4453   -0.0839
    0.3411    0.7814   -0.5225
...    80 T-A ...
  -91.5328    5.7271  -89.9485
    0.6968    0.0577    0.7149
    0.6042   -0.5844   -0.5417
    0.3866    0.8094   -0.4421
...    81 C-G ...
  -90.1522    8.4128  -91.2221
    0.8977   -0.3430    0.2765
    0.0866   -0.4779   -0.8742
    0.4319    0.8087   -0.3993
...    82 G-C ...
  -88.3958   10.8325  -92.8168
    0.7348   -0.6373   -0.2322
   -0.4023   -0.1339   -0.9056
    0.5461    0.7589   -0.3548
...    83 G-C ...
  -86.1583   13.1663  -93.8666
    0.3454   -0.6482   -0.6786
   -0.7152    0.2864   -0.6375
    0.6076    0.7056   -0.3647
...    84 G-C ...
  -83.8202   15.2871  -95.1371
   -0.1522   -0.4037   -0.9021
   -0.7620    0.6293   -0.1530
    0.6295    0.6641   -0.4034
...    85 A-T ...
  -81.6460   17.4084  -96.4753
   -0.5854    0.0734   -0.8074
   -0.5062    0.7448    0.4347
    0.6333    0.6632   -0.3989
...    86 T-A ...
  -79.3236   19.0745  -98.1750
   -0.7483    0.4719   -0.4663
   -0.1298    0.5852    0.8005
    0.6506    0.6595   -0.3766
...    87 C-G ...
  -77.1272   21.1908  -99.4748
   -0.6835    0.7186    0.1283
    0.3444    0.1625    0.9247
    0.6436    0.6762   -0.3585
...    88 C-G ...
  -75.0681   23.4693 -100.9276
   -0.4309    0.6211    0.6547
    0.6649   -0.2720    0.6956
    0.6101    0.7350   -0.2958
...    89 G-C ...
  -72.7267   25.8025 -101.6791
   -0.0616    0.2485    0.9667
    0.7961   -0.5720    0.1978
    0.6020    0.7817   -0.1625
...    90 C-G ...
  -71.1018   28.6647 -102.0996
    0.3465   -0.1625    0.9238
    0.7055   -0.6039   -0.3709
    0.6182    0.7803   -0.0946
...    91 T-A ...
  -69.1618   31.3566 -102.0551
    0.6175   -0.5284    0.5826
    0.4341   -0.3887   -0.8127
    0.6559    0.7548   -0.0106
...    92 T-A ...
  -67.0605   33.8186 -101.8413
    0.7448   -0.6673    0.0040
    0.0092    0.0043   -0.9999
    0.6672    0.7448    0.0093
...    93 T-A ...
  -64.8262   36.1649 -101.5452
    0.6179   -0.5284   -0.5822
   -0.4179    0.4064   -0.8125
    0.6659    0.7454    0.0303
...    94 A-T ...
  -62.8796   38.9669 -101.7241
    0.2221   -0.0903   -0.9708
   -0.7186    0.6578   -0.2255
    0.6590    0.7478    0.0812
...    95 A-T ...
  -60.4978   41.1897 -101.4332
   -0.2140    0.3597   -0.9082
   -0.7184    0.5720    0.3958
    0.6619    0.7372    0.1360
...    96 C-G ...
  -57.9037   43.3320 -101.3785
   -0.5696    0.6140   -0.5464
   -0.4896    0.2805    0.8256
    0.6602    0.7377    0.1409
...    97 A-T ...
  -55.7664   45.7782 -100.5795
   -0.7930    0.6075    0.0447
   -0.0573   -0.1474    0.9874
    0.6065    0.7805    0.1517
...    98 C-G ...
  -53.8625   48.5018 -100.6582
   -0.7200    0.4086    0.5608
    0.3698   -0.4580    0.8084
    0.5872    0.7895    0.1787
...    99 T-A ...
  -52.1455   51.3029 -100.1671
   -0.4582    0.0316    0.8883
    0.7004   -0.6025    0.3827
    0.5473    0.7975    0.2539
...   100 T-A ...
  -50.5431   53.9855  -99.3328
   -0.0037   -0.3533    0.9355
    0.8389   -0.5102   -0.1893
    0.5442    0.7841    0.2983
...   101 T-A ...
  -48.9410   56.5627  -98.2172
    0.4497   -0.6147    0.6481
    0.7020   -0.2055   -0.6819
    0.5523    0.7616    0.3391
...   102 A-T ...
  -46.9229   58.9487  -97.0125
    0.7277   -0.6808    0.0839
    0.3290    0.2390   -0.9136
    0.6019    0.6924    0.3979
...   103 T-A ...
  -45.0457   60.8696  -95.1007
    0.7938   -0.4599   -0.3980
   -0.0829    0.5665   -0.8199
    0.6025    0.6838    0.4116
...   104 G-C ...
  -42.9177   63.2408  -94.0770
    0.5550   -0.0645   -0.8293
   -0.5080    0.7632   -0.3993
    0.6587    0.6429    0.3908
...   105 C-G ...
  -40.4074   65.0798  -92.8124
    0.1634    0.3736   -0.9131
   -0.7211    0.6769    0.1479
    0.6733    0.6343    0.3800
...   106 T-A ...
  -37.9224   67.0551  -91.7345
   -0.2743    0.6756   -0.6843
   -0.6877    0.3596    0.6307
    0.6722    0.6436    0.3660
...   107 T-A ...
  -35.5204   69.0193  -90.7090
   -0.6028    0.7815   -0.1611
   -0.4101   -0.1302    0.9027
    0.6844    0.6102    0.3990
...   108 C-G ...
  -33.1806   70.9951  -89.4568
   -0.7501    0.5230    0.4046
    0.0231   -0.5908    0.8065
    0.6609    0.6143    0.4311
...   109 C-G ...
  -30.9782   73.2601  -88.2188
   -0.6825    0.0427    0.7297
    0.4282   -0.7857    0.4464
    0.5924    0.6171    0.5179
...   110 G-C ...
  -28.8495   75.0490  -86.3005
   -0.4189   -0.4984    0.7591
    0.7457   -0.6658   -0.0256
    0.5181    0.5553    0.6505
...   111 G-C ...
  -27.4453   76.9243  -83.8785
   -0.0073   -0.8427    0.5384
    0.8731   -0.2678   -0.4074
    0.4874    0.4671    0.7377
...   112 C-G ...
  -26.2352   78.2615  -81.1024
    0.4416   -0.8792    0.1790
    0.7544    0.2559   -0.6045
    0.4856    0.4020    0.7763
...   113 T-A ...
  -24.7346   79.2302  -78.3045
    0.7481   -0.6244   -0.2247
    0.4275    0.7124   -0.5565
    0.5075    0.3202    0.7999
...   114 C-G ...
  -22.9099   80.0679  -75.6884
    0.8517   -0.0695   -0.5194
   -0.0906    0.9567   -0.2766
    0.5161    0.2826    0.8085
...   115 G-C ...
  -21.1050   81.4487  -73.1783
    0.6131    0.4965   -0.6145
   -0.5452    0.8288    0.1258
    0.5718    0.2579    0.7788
...   116 T-A ...
  -18.7654   81.8759  -70.7813
    0.2204    0.8723   -0.4366
   -0.7948    0.4200    0.4380
    0.5654    0.2505    0.7859
...   117 A-T ...
  -17.4299   82.5631  -67.6761
   -0.3354    0.9411    0.0428
   -0.7617   -0.2976    0.5755
    0.5544    0.1604    0.8166
...   118 T-A ...
  -15.1783   83.4018  -65.3934
   -0.6789    0.6478    0.3455
   -0.4849   -0.7490    0.4515
    0.5513    0.1390    0.8227
...   119 A-T ...
  -13.3692   83.6065  -62.5552
   -0.8661    0.0334    0.4987
    0.0347   -0.9913    0.1266
    0.4986    0.1269    0.8575
...   120 A-T ...
  -11.8476   84.1769  -59.7561
   -0.7100   -0.5478    0.4424
    0.5261   -0.8303   -0.1837
    0.4680    0.1023    0.8778
...   121 T-A ...
  -10.8355   84.8932  -56.7325
   -0.3618   -0.8974    0.2527
    0.8185   -0.4355   -0.3747
    0.4463    0.0713    0.8920
...   122 G-C ...
   -9.2729   84.7449  -53.7520
    0.1187   -0.9846   -0.1281
    0.9042    0.1605   -0.3958
    0.4102   -0.0688    0.9094
...   123 T-A ...
   -8.4376   84.0999  -50.6186
    0.5707   -0.7407   -0.3543
    0.7123    0.6613   -0.2353
    0.4086   -0.1181    0.9050
...   124 G-C ...
   -6.6925   83.7520  -47.7672
    0.8587   -0.1843   -0.4782
    0.2534    0.9638    0.0835
    0.4455   -0.1929    0.8743
...   125 T-A ...
   -5.1645   82.4755  -45.0553
    0.8593    0.3756   -0.3473
   -0.2542    0.9027    0.3472
    0.4439   -0.2101    0.8711
...   126 C-G ...
   -3.5960   81.7082  -42.2239
    0.5251    0.8503   -0.0362
   -0.7329    0.4733    0.4888
    0.4327   -0.2301    0.8717
...   127 G-C ...
   -2.6136   80.9845  -39.0562
   -0.0387    0.9746    0.2208
   -0.9074   -0.1268    0.4006
    0.4184   -0.1849    0.8893
...   128 A-T ...
   -1.1328   80.2403  -36.1897
   -0.5926    0.6958    0.4058
   -0.7065   -0.6910    0.1531
    0.3870   -0.1959    0.9010
...   129 C-G ...
    0.4677   80.0870  -33.2805
   -0.8946    0.2190    0.3895
   -0.2792   -0.9545   -0.1047
    0.3488   -0.2024    0.9151
...   130 C-G ...
    1.6852   79.6776  -30.1426
   -0.9359   -0.3174    0.1527
    0.2606   -0.9156   -0.3063
    0.2370   -0.2469    0.9396
...   131 A-T ...
    2.4326   78.6705  -27.0134
   -0.6478   -0.7369   -0.1933
    0.7535   -0.5824   -0.3051
    0.1122   -0.3433    0.9325
...   132 A-T ...
    2.5621   77.5212  -23.9976
   -0.1072   -0.9174   -0.3832
    0.9912   -0.0684   -0.1134
    0.0778   -0.3920    0.9167
...   133 A-T ...
    2.5973   76.0967  -21.0894
    0.4823   -0.7778   -0.4031
    0.8739    0.4589    0.1602
    0.0604   -0.4295    0.9010
...   134 T-A ...
    2.3094   74.2286  -18.3853
    0.8657   -0.4292   -0.2574
    0.4984    0.7868    0.3642
    0.0462   -0.4436    0.8950
...   135 G-C ...
    1.4370   72.0948  -15.6001
    0.9809    0.0621    0.1844
   -0.1263    0.9241    0.3606
   -0.1480   -0.3770    0.9143
...   136 T-A ...
    0.5300   69.2372  -13.4651
    0.7353    0.4962    0.4617
   -0.6117    0.7791    0.1369
   -0.2918   -0.3831    0.8764
...   137 G-C ...
   -0.1631   67.4089  -10.8054
    0.1799    0.8794    0.4409
   -0.9276    0.3008   -0.2216
   -0.3275   -0.3691    0.8698
...   138 A-T ...
   -0.1294   66.2153   -7.8180
   -0.3749    0.8569    0.3537
   -0.8857   -0.2184   -0.4097
   -0.2739   -0.4669    0.8408
...   139 G-C ...
   -1.0031   65.6049   -4.9383
   -0.8337    0.5216    0.1812
   -0.5170   -0.6221   -0.5880
   -0.1940   -0.5840    0.7883
...   140 C-G ...
   -0.6941   63.8983   -2.2496
   -0.9992    0.0157   -0.0376
    0.0023   -0.8992   -0.4375
   -0.0406   -0.4373    0.8984
...   141 G-C ...
   -3.4331   60.2356    1.0303
   -0.4426    0.2288   -0.8671
    0.1684   -0.9285   -0.3310
   -0.8808   -0.2925    0.3724
...   142 C-G ...
   -6.3247   59.0803    1.6315
   -0.2968   -0.3279   -0.8969
    0.5658   -0.8170    0.1115
   -0.7693   -0.4743    0.4280
...   143 T-A ...
   -8.6731   58.7215    3.6048
   -0.0344   -0.7815   -0.6229
    0.6534   -0.4892    0.5777
   -0.7562   -0.3872    0.5275
...   144 C-G ...
  -11.6514   58.0073    4.7220
    0.2453   -0.9542   -0.1714
    0.6321    0.0234    0.7745
   -0.7350   -0.2984    0.6089
...   145 A-T ...
  -14.1725   56.5625    6.1820
    0.5795   -0.7268    0.3686
    0.3140    0.6165    0.7220
   -0.7520   -0.3027    0.5855
...   146 C-G ...
  -16.4614   53.8912    7.5170
    0.5336   -0.3333    0.7773
   -0.0346    0.9097    0.4138
   -0.8450   -0.2477    0.4739
...   147 A-T ...
  -19.0125   52.0327    8.9269
    0.2451    0.2906    0.9249
   -0.3073    0.9281   -0.2101
   -0.9195   -0.2327    0.3168
