  147 base-pairs
...     1 A-T ...
    0.0000    0.0000    0.0000
    1.0000    0.0000    0.0000
    0.0000    1.0000    0.0000
    0.0000    0.0000    1.0000
...     2 G-C ...
   -0.1404   -1.2353    3.2259
    0.7530    0.6366    0.1668
   -0.6385    0.7681   -0.0490
   -0.1593   -0.0696    0.9848
...     3 T-A ...
   -0.0377   -3.2918    6.3749
    0.2722    0.9302    0.2464
   -0.9238    0.3243   -0.2034
   -0.2691   -0.1722    0.9476
...     4 G-C ...
   -0.3520   -4.1638    9.4928
   -0.3756    0.9250    0.0576
   -0.8780   -0.3352   -0.3416
   -0.2967   -0.1788    0.9381
...     5 A-T ...
   -0.4480   -4.1448   12.7498
   -0.8116    0.5839   -0.0166
   -0.5522   -0.7762   -0.3042
   -0.1905   -0.2377    0.9525
...     6 G-C ...
   -1.5926   -4.1701   15.6201
   -0.9976    0.0246   -0.0651
   -0.0043   -0.9555   -0.2950
   -0.0694   -0.2940    0.9533
...     7 C-G ...
   -1.1050   -4.4793   18.7363
   -0.8442   -0.5302   -0.0787
    0.5343   -0.8442   -0.0430
   -0.0437   -0.0784    0.9960
...     8 G-C ...
   -2.4044   -7.7255   23.1483
   -0.2753   -0.3294   -0.9032
    0.6650   -0.7437    0.0686
   -0.6943   -0.5817    0.4238
...     9 C-G ...
   -4.4706   -9.9691   24.1142
    0.1145   -0.7026   -0.7023
    0.8512   -0.2951    0.4341
   -0.5123   -0.6475    0.5642
...    10 T-A ...
   -6.7420  -10.8705   25.9717
    0.4841   -0.8363   -0.2573
    0.6594    0.1554    0.7356
   -0.5752   -0.5257    0.6267
...    11 C-G ...
   -9.1682  -12.6167   27.1662
    0.7073   -0.6683    0.2306
    0.3450    0.6110    0.7125
   -0.6170   -0.4243    0.6627
...    12 A-T ...
  -10.9253  -14.6583   29.0713
    0.7515   -0.1377    0.6452
   -0.2027    0.8824    0.4245
   -0.6278   -0.4498    0.6352
...    13 C-G ...
  -11.8495  -17.4796   31.2472
    0.4294    0.2824    0.8578
   -0.5708    0.8209    0.0155
   -0.6998   -0.4963    0.5137
...    14 A-T ...
  -13.5915  -19.7756   33.4284
   -0.1503    0.6106    0.7775
   -0.6874    0.5007   -0.5261
   -0.7106   -0.6135    0.3445
...    15 A-T ...
  -15.7223  -21.8956   34.6763
   -0.5299    0.7796    0.3337
   -0.4461    0.0784   -0.8915
   -0.7212   -0.6213    0.3063
...    16 T-A ...
  -17.8571  -23.8121   36.2681
   -0.6648    0.7274   -0.1702
   -0.1052   -0.3168   -0.9426
   -0.7396   -0.6087    0.2871
...    17 T-A ...
  -20.2859  -25.6569   37.3183
   -0.5596    0.4655   -0.6856
    0.2868   -0.6674   -0.6872
   -0.7775   -0.5812    0.2400
...    18 T-A ...
  -22.9138  -27.3537   38.0815
   -0.2460    0.0608   -0.9674
    0.5346   -0.8240   -0.1877
   -0.8085   -0.5633    0.1702
...    19 A-T ...
  -25.8023  -29.0236   38.2284
    0.2279   -0.2977   -0.9271
    0.5203   -0.7676    0.3744
   -0.8230   -0.5676   -0.0201
...    20 T-A ...
  -28.7217  -30.4085   37.6807
    0.4758   -0.6339   -0.6097
    0.3120   -0.5266    0.7908
   -0.8224   -0.5665   -0.0528
...    21 T-A ...
  -31.4208  -32.1549   37.1908
    0.5500   -0.8342   -0.0412
   -0.0429   -0.0775    0.9961
   -0.8341   -0.5460   -0.0784
...    22 C-G ...
  -34.0413  -34.1282   36.8041
    0.3977   -0.7218    0.5665
   -0.3915    0.4249    0.8162
   -0.8298   -0.5464   -0.1136
...    23 G-C ...
  -37.0049  -35.7176   36.7893
    0.1120   -0.3211    0.9404
   -0.5696    0.7547    0.3256
   -0.8142   -0.5721   -0.0984
...    24 C-G ...
  -39.5121  -37.9066   36.3535
   -0.2204    0.1657    0.9612
   -0.5192    0.8143   -0.2594
   -0.8257   -0.5562   -0.0935
...    25 A-T ...
  -42.3615  -39.5243   35.7385
   -0.4272    0.6519    0.6265
   -0.2675    0.5708   -0.7763
   -0.8637   -0.4992   -0.0695
...    26 A-T ...
  -45.1140  -41.2414   35.6978
   -0.4917    0.8679    0.0704
    0.0495    0.1086   -0.9929
   -0.8694   -0.4847   -0.0963
...    27 A-T ...
  -47.9755  -42.7329   35.5553
   -0.3338    0.8026   -0.4944
    0.3234   -0.3951   -0.8598
   -0.8854   -0.4469   -0.1277
...    28 G-C ...
  -51.0350  -43.9033   35.2248
   -0.0091    0.5299   -0.8480
    0.4375   -0.7605   -0.4798
   -0.8991   -0.3754   -0.2250
...    29 G-C ...
  -54.1563  -44.6792   34.2291
    0.3408    0.0876   -0.9360
    0.3240   -0.9456    0.0295
   -0.8825   -0.3133   -0.3507
...    30 C-G ...
  -57.0145  -45.2405   32.6636
    0.5154   -0.4205   -0.7467
    0.0400   -0.8586    0.5111
   -0.8560   -0.2933   -0.4257
...    31 C-G ...
  -59.5948  -46.2340   30.7000
    0.5087   -0.8034   -0.3095
   -0.3158   -0.5085    0.8011
   -0.8010   -0.3097   -0.5124
...    32 G-C ...
  -62.2570  -47.7071   29.2299
    0.2696   -0.9330    0.2383
   -0.6161    0.0231    0.7873
   -0.7401   -0.3590   -0.5686
...    33 G-C ...
  -64.5314  -49.1395   27.1439
   -0.1073   -0.7446    0.6589
   -0.6812    0.5377    0.4968
   -0.7242   -0.3955   -0.5649
...    34 C-G ...
  -66.7080  -50.7114   25.1174
   -0.4714   -0.3046    0.8276
   -0.4945    0.8683    0.0379
   -0.7302   -0.3914   -0.5600
...    35 C-G ...
  -69.0384  -52.2558   23.1811
   -0.6263    0.2589    0.7353
   -0.1276    0.8965   -0.4244
   -0.7691   -0.3596   -0.5284
...    36 C-G ...
  -71.5637  -53.7366   21.4588
   -0.5228    0.7402    0.4228
    0.2614    0.6113   -0.7470
   -0.8114   -0.2799   -0.5131
...    37 G-C ...
  -74.0827  -54.5508   19.3683
   -0.1625    0.9866    0.0147
    0.5258    0.0992   -0.8448
   -0.8350   -0.1296   -0.5348
...    38 A-T ...
  -76.8307  -54.9334   17.6631
    0.2394    0.8692   -0.4326
    0.5191   -0.4911   -0.6995
   -0.8205   -0.0571   -0.5688
...    39 C-G ...
  -79.6971  -54.5811   16.1333
    0.5287    0.4921   -0.6916
    0.3003   -0.8705   -0.3899
   -0.7940   -0.0016   -0.6080
...    40 A-T ...
  -82.1781  -54.5105   13.8758
    0.7096   -0.0779   -0.7003
   -0.0973   -0.9952    0.0121
   -0.6978    0.0595   -0.7138
...    41 C-G ...
  -84.1430  -53.7079   11.3332
    0.5753   -0.5921   -0.5644
   -0.4841   -0.8026    0.3486
   -0.6594    0.0727   -0.7483
...    42 G-C ...
  -86.3368  -53.9743    8.7795
    0.2380   -0.9485   -0.2089
   -0.7815   -0.3148    0.5386
   -0.5767    0.0351   -0.8162
...    43 A-T ...
  -88.1096  -53.9201    5.9787
   -0.2946   -0.9435    0.1515
   -0.7756    0.3287    0.5388
   -0.5582    0.0413   -0.8287
...    44 C-G ...
  -89.5142  -54.1506    2.9216
   -0.6753   -0.6132    0.4099
   -0.4919    0.7885    0.3692
   -0.5496    0.0477   -0.8341
...    45 T-A ...
  -91.2821  -54.2861    0.0836
   -0.8222   -0.0802    0.5635
   -0.0357    0.9953    0.0896
   -0.5680    0.0536   -0.8213
...    46 T-A ...
  -93.0872  -54.3781   -2.6297
   -0.6983    0.5207    0.4912
    0.4707    0.8510   -0.2329
   -0.5392    0.0686   -0.8394
...    47 A-T ...
  -94.6993  -53.9869   -5.5526
   -0.2297    0.9268    0.2971
    0.8077    0.3518   -0.4731
   -0.5430    0.1313   -0.8294
...    48 C-G ...
  -96.9612  -53.5807   -7.9033
    0.2610    0.9640    0.0513
    0.8064   -0.1885   -0.5605
   -0.5307    0.1876   -0.8265
...    49 T-A ...
  -98.8392  -52.6500  -10.4608
    0.6993    0.6946   -0.1685
    0.5310   -0.6627   -0.5281
   -0.4785    0.2799   -0.8323
...    50 C-G ...
 -100.2604  -51.5477  -13.1873
    0.9067    0.1558   -0.3921
    0.0045   -0.9328   -0.3603
   -0.4219    0.3249   -0.8464
...    51 A-T ...
 -101.4478  -50.5487  -16.1614
    0.7870   -0.4400   -0.4326
   -0.5382   -0.8323   -0.1326
   -0.3017    0.3372   -0.8918
...    52 T-A ...
 -101.8872  -48.9888  -19.0392
    0.3946   -0.8040   -0.4448
   -0.8715   -0.4809    0.0962
   -0.2912    0.3497   -0.8905
...    53 G-C ...
 -103.0572  -48.1031  -22.0421
   -0.1917   -0.9472   -0.2571
   -0.9472    0.1100    0.3010
   -0.2569    0.3012   -0.9183
...    54 T-A ...
 -103.3462  -47.3457  -25.3100
   -0.6776   -0.7332   -0.0577
   -0.6911    0.6080    0.3908
   -0.2515    0.3047   -0.9187
...    55 T-A ...
 -103.9155  -46.5276  -28.4255
   -0.9679   -0.2101    0.1379
   -0.1464    0.9174    0.3700
   -0.2043    0.3379   -0.9187
...    56 A-T ...
 -104.3276  -44.8735  -31.3834
   -0.8308    0.4566    0.3183
    0.5338    0.8155    0.2235
   -0.1575    0.3556   -0.9213
...    57 T-A ...
 -105.3040  -44.1732  -34.4566
   -0.4341    0.8110    0.3923
    0.8888    0.4566    0.0396
   -0.1470    0.3658   -0.9190
...    58 A-T ...
 -105.6362  -42.8503  -37.5242
    0.2038    0.8860    0.4166
    0.9697   -0.1240   -0.2107
   -0.1350    0.4469   -0.8843
...    59 A-T ...
 -106.2072  -41.2701  -40.2898
    0.7272    0.6365    0.2569
    0.6774   -0.6048   -0.4187
   -0.1111    0.4785   -0.8710
...    60 C-G ...
 -106.7732  -39.1855  -42.7789
    0.9801    0.1939    0.0417
    0.1875   -0.8374   -0.5135
   -0.0647    0.5111   -0.8571
...    61 G-C ...
 -106.6093  -37.7211  -45.8273
    0.9132   -0.3774   -0.1536
   -0.4001   -0.7588   -0.5140
    0.0774    0.5308   -0.8439
...    62 G-C ...
 -105.8398  -35.8959  -48.5887
    0.5253   -0.7741   -0.3533
   -0.8348   -0.3886   -0.3899
    0.1645    0.4997   -0.8504
...    63 A-T ...
 -105.1275  -34.3125  -51.4123
   -0.0945   -0.8518   -0.5153
   -0.9775    0.1775   -0.1142
    0.1888    0.4929   -0.8494
...    64 T-A ...
 -103.8538  -32.9636  -54.1729
   -0.5893   -0.6157   -0.5231
   -0.7816    0.5983    0.1764
    0.2043    0.5128   -0.8338
...    65 G-C ...
 -103.4357  -31.0401  -56.8780
   -0.9504   -0.1503   -0.2725
   -0.2634    0.8547    0.4474
    0.1656    0.4969   -0.8518
...    66 T-A ...
 -102.8672  -29.9362  -60.0003
   -0.9424    0.3335    0.0246
    0.2940    0.7913    0.5360
    0.1593    0.5124   -0.8439
...    67 A-T ...
 -101.9911  -27.9764  -62.6314
   -0.5330    0.7598    0.3722
    0.8281    0.3782    0.4139
    0.1737    0.5288   -0.8308
...    68 G-C ...
 -101.6804  -26.2118  -65.4342
   -0.0111    0.7973    0.6035
    0.9834   -0.1008    0.1511
    0.1813    0.5952   -0.7829
...    69 G-C ...
 -101.3040  -24.0429  -67.9965
    0.5126    0.5387    0.6686
    0.8284   -0.5150   -0.2202
    0.2257    0.6668   -0.7102
...    70 T-A ...
 -100.9008  -21.4349  -69.9747
    0.8614    0.1462    0.4864
    0.4323   -0.7136   -0.5512
    0.2665    0.6851   -0.6780
...    71 A-T ...
  -99.7945  -19.2173  -72.2415
    0.9223   -0.3707    0.1092
   -0.1617   -0.6268   -0.7623
    0.3510    0.6854   -0.6380
...    72 T-A ...
  -98.3551  -16.6753  -73.7684
    0.7049   -0.6436   -0.2982
   -0.6101   -0.3358   -0.7176
    0.3617    0.6878   -0.6294
...    73 C-G ...
  -96.9687  -14.5138  -75.8433
    0.1875   -0.7220   -0.6659
   -0.9013    0.1430   -0.4089
    0.3904    0.6769   -0.6240
...    74 T-A ...
  -95.3469  -12.4634  -77.9349
   -0.3527   -0.5383   -0.7654
   -0.8423    0.5390    0.0090
    0.4077    0.6479   -0.6435
...    75 C-G ...
  -93.9269  -10.4012  -80.1096
   -0.7936   -0.0915   -0.6016
   -0.4491    0.7552    0.4775
    0.4106    0.6490   -0.6404
...    76 G-C ...
  -92.6302   -7.8663  -81.9453
   -0.9342    0.3194   -0.1587
    0.1001    0.6619    0.7428
    0.3424    0.6781   -0.6504
...    77 A-T ...
  -91.4334   -5.7159  -84.1431
   -0.6928    0.6357    0.3405
    0.6387    0.3218    0.6989
    0.3347    0.7017   -0.6290
...    78 G-C ...
  -90.5609   -3.3913  -86.3576
   -0.2608    0.6514    0.7125
    0.9090   -0.0827    0.4084
    0.3250    0.7542   -0.5706
...    79 C-G ...
  -89.9137   -0.7758  -88.2984
    0.2628    0.4461    0.8556
    0.9029   -0.4263   -0.0551
    0.3401    0.7870   -0.5148
...    80 T-A ...
  -88.9634    2.0459  -89.7604
    0.6742    0.0762    0.7347
    0.6324   -0.5734   -0.5209
    0.3816    0.8157   -0.4347
...    81 C-G ...
  -87.6101    4.7571  -91.0112
    0.8971   -0.3211    0.3035
    0.1218   -0.4806   -0.8684
    0.4247    0.8160   -0.3921
...    82 G-C ...
  -85.8764    7.2105  -92.5772
    0.7552   -0.6217   -0.2076
   -0.3749   -0.1500   -0.9148
    0.5377    0.7687   -0.3464
...    83 G-C ...
  -83.6741    9.5939  -93.5854
    0.3780   -0.6457   -0.6634
   -0.7052    0.2635   -0.6583
    0.5999    0.7167   -0.3558
...    84 G-C ...
  -81.3573   11.7606  -94.8139
   -0.1195   -0.4167   -0.9011
   -0.7729    0.6087   -0.1790
    0.6231    0.6751   -0.3949
...    85 A-T ...
  -79.2048   13.9197  -96.1234
   -0.5670    0.0486   -0.8223
   -0.5353    0.7370    0.4126
    0.6261    0.6741   -0.3918
...    86 T-A ...
  -76.8864   15.6231  -97.7892
   -0.7487    0.4458   -0.4906
   -0.1643    0.5923    0.7888
    0.6422    0.6712   -0.3702
...    87 C-G ...
  -74.7209   17.7812  -99.0691
   -0.7053    0.7017    0.1011
    0.3177    0.1853    0.9299
    0.6337    0.6880   -0.3536
...    88 C-G ...
  -72.6961   20.0982 -100.5087
   -0.4627    0.6193    0.6343
    0.6557   -0.2425    0.7150
    0.5967    0.7467   -0.2939
...    89 G-C ...
  -70.4052   22.4847 -101.2438
   -0.0901    0.2632    0.9605
    0.8069   -0.5460    0.2253
    0.5837    0.7954   -0.1632
...    90 C-G ...
  -68.8504   25.3836 -101.6817
    0.3306   -0.1361    0.9339
    0.7299   -0.5904   -0.3445
    0.5982    0.7956   -0.0958
...    91 T-A ...
  -66.9891   28.1308 -101.6486
    0.6195   -0.4995    0.6056
    0.4621   -0.3915   -0.7957
    0.6346    0.7728   -0.0117
...    92 T-A ...
  -64.9648   30.6570 -101.4401
    0.7632   -0.6454    0.0328
    0.0302   -0.0150   -0.9994
    0.6455    0.7637    0.0080
...    93 T-A ...
  -62.8057   33.0727 -101.1464
    0.6446   -0.5224   -0.5582
   -0.4120    0.3776   -0.8293
    0.6440    0.7645    0.0282
...    94 A-T ...
  -60.9298   35.9188 -101.3438
    0.2446   -0.1072   -0.9637
   -0.7311    0.6324   -0.2559
    0.6369    0.7672    0.0763
...    95 A-T ...
  -58.6162   38.2128 -101.0621
   -0.2049    0.3306   -0.9213
   -0.7414    0.5621    0.3666
    0.6390    0.7581    0.1299
...    96 C-G ...
  -56.0836   40.4262 -101.0150
   -0.5746    0.5837   -0.5737
   -0.5136    0.2886    0.8080
    0.6372    0.7589    0.1340
...    97 A-T ...
  -54.0311   42.9530 -100.2467
   -0.8098    0.5866    0.0122
   -0.0733   -0.1217    0.9899
    0.5821    0.8007    0.1415
...    98 C-G ...
  -52.2015   45.7262 -100.3657
   -0.7418    0.4044    0.5349
    0.3656   -0.4249    0.8281
    0.5622    0.8099    0.1674
...    99 T-A ...
  -50.5707   48.5867  -99.9235
   -0.4764    0.0446    0.8781
    0.7084   -0.5721    0.4134
    0.5208    0.8190    0.2409
...   100 T-A ...
  -49.0573   51.3360  -99.1401
   -0.0124   -0.3256    0.9454
    0.8555   -0.4929   -0.1585
    0.5176    0.8069    0.2847
...   101 T-A ...
  -47.5462   53.9885  -98.0748
    0.4533   -0.5827    0.6745
    0.7199   -0.2070   -0.6625
    0.5257    0.7859    0.3257
...   102 A-T ...
  -45.6169   56.4643  -96.9076
    0.7429   -0.6588    0.1182
    0.3402    0.2195   -0.9144
    0.5765    0.7195    0.3872
...   103 T-A ...
  -43.8259   58.4906  -95.0231
    0.8123   -0.4516   -0.3690
   -0.0814    0.5387   -0.8385
    0.5775    0.7112    0.4009
...   104 G-C ...
  -41.7759   60.9447  -94.0366
    0.5717   -0.0770   -0.8168
   -0.5185    0.7376   -0.4325
    0.6358    0.6708    0.3818
...   105 C-G ...
  -39.3328   62.8827  -92.7902
    0.1715    0.3481   -0.9216
   -0.7393    0.6638    0.1131
    0.6512    0.6619    0.3712
...   106 T-A ...
  -36.9147   64.9511  -91.7360
   -0.2770    0.6466   -0.7108
   -0.7071    0.3637    0.6065
    0.6506    0.6706    0.3564
...   107 T-A ...
  -34.5764   67.0031  -90.7353
   -0.6169    0.7620   -0.1970
   -0.4234   -0.1103    0.8992
    0.6635    0.6381    0.3907
...   108 C-G ...
  -32.3039   69.0721  -89.5094
   -0.7682    0.5192    0.3746
    0.0215   -0.5638    0.8256
    0.6398    0.6423    0.4219
...   109 C-G ...
  -30.1711   71.4246  -88.3115
   -0.6958    0.0517    0.7164
    0.4365   -0.7616    0.4789
    0.5704    0.6460    0.5074
...   110 G-C ...
  -28.1105   73.3205  -86.4224
   -0.4219   -0.4822    0.7678
    0.7590   -0.6511    0.0081
    0.4960    0.5862    0.6407
...   111 G-C ...
  -26.7835   75.3046  -84.0442
   -0.0007   -0.8251    0.5649
    0.8846   -0.2639   -0.3844
    0.4663    0.4995    0.7301
...   112 C-G ...
  -25.6464   76.7549  -81.2954
    0.4540   -0.8649    0.2139
    0.7596    0.2503   -0.6003
    0.4657    0.4350    0.7707
...   113 T-A ...
  -24.2098   77.8382  -78.5073
    0.7616   -0.6185   -0.1932
    0.4248    0.7017   -0.5719
    0.4893    0.3535    0.7972
...   114 C-G ...
  -22.4390   78.7865  -75.8931
    0.8606   -0.0724   -0.5041
   -0.1007    0.9461   -0.3078
    0.4992    0.3156    0.8070
...   115 G-C ...
  -20.6872   80.2724  -73.4058
    0.6153    0.4862   -0.6206
   -0.5582    0.8246    0.0926
    0.5567    0.2894    0.7787
...   116 T-A ...
  -18.3880   80.8063  -70.9916
    0.2153    0.8617   -0.4595
   -0.8064    0.4222    0.4140
    0.5507    0.2814    0.7858
...   117 A-T ...
  -17.1123   81.6029  -67.8857
   -0.3474    0.9376    0.0128
   -0.7659   -0.2916    0.5731
    0.5411    0.1892    0.8194
...   118 T-A ...
  -14.9015   82.5306  -65.5963
   -0.6910    0.6484    0.3197
   -0.4821   -0.7428    0.4646
    0.5387    0.1669    0.8258
...   119 A-T ...
  -13.1290   82.8249  -62.7426
   -0.8720    0.0356    0.4882
    0.0444   -0.9875    0.1513
    0.4875    0.1536    0.8595
...   120 A-T ...
  -11.6437   83.4816  -59.9429
   -0.7089   -0.5448    0.4480
    0.5370   -0.8287   -0.1581
    0.4574    0.1285    0.8800
...   121 T-A ...
  -10.6713   84.2811  -56.9278
   -0.3555   -0.8949    0.2699
    0.8268   -0.4357   -0.3556
    0.4358    0.0967    0.8948
...   122 G-C ...
   -9.1444   84.2195  -53.9258
    0.1278   -0.9862   -0.1052
    0.9070    0.1591   -0.3900
    0.4014   -0.0456    0.9148
...   123 T-A ...
   -8.3364   83.6491  -50.7732
    0.5791   -0.7440   -0.3334
    0.7100    0.6612   -0.2423
    0.4007   -0.0964    0.9111
...   124 G-C ...
   -6.6135   83.3663  -47.9009
    0.8635   -0.1889   -0.4676
    0.2475    0.9666    0.0666
    0.4394   -0.1732    0.8814
...   125 T-A ...
   -5.0981   82.1516  -45.1553
    0.8600    0.3733   -0.3479
   -0.2612    0.9078    0.3283
    0.4384   -0.1915    0.8782
...   126 C-G ...
   -3.5414   81.4482  -42.3012
    0.5217    0.8518   -0.0474
   -0.7382    0.4785    0.4755
    0.4277   -0.2131    0.8784
...   127 G-C ...
   -2.5782   80.7884  -39.1143
   -0.0438    0.9775    0.2063
   -0.9092   -0.1245    0.3972
    0.4140   -0.1702    0.8942
...   128 A-T ...
   -1.1088   80.0897  -36.2293
   -0.5973    0.6985    0.3941
   -0.7045   -0.6918    0.1583
    0.3832   -0.1831    0.9053
...   129 C-G ...
    0.4797   79.9770  -33.3101
   -0.8971    0.2198    0.3833
   -0.2750   -0.9567   -0.0952
    0.3457   -0.1908    0.9187
...   130 C-G ...
    1.6967   79.6067  -30.1659
   -0.9353   -0.3193    0.1524
    0.2648   -0.9174   -0.2969
    0.2346   -0.2374    0.9427
...   131 A-T ...
    2.4411   78.6347  -27.0248
   -0.6453   -0.7400   -0.1899
    0.7560   -0.5826   -0.2985
    0.1103   -0.3362    0.9353
...   132 A-T ...
    2.5661   77.5058  -24.0022
   -0.1048   -0.9194   -0.3790
    0.9916   -0.0676   -0.1103
    0.0758   -0.3874    0.9188
...   133 A-T ...
    2.5984   76.0930  -21.0897
    0.4831   -0.7783   -0.4010
    0.8736    0.4594    0.1607
    0.0592   -0.4279    0.9019
...   134 T-A ...
    2.3093   74.2287  -18.3854
    0.8657   -0.4292   -0.2574
    0.4984    0.7868    0.3642
    0.0462   -0.4436    0.8950
...   135 G-C ...
    1.4369   72.0948  -15.6002
    0.9809    0.0621    0.1844
   -0.1263    0.9241    0.3606
   -0.1480   -0.3770    0.9143
...   136 T-A ...
    0.5299   69.2373  -13.4652
    0.7353    0.4962    0.4617
   -0.6117    0.7791    0.1369
   -0.2918   -0.3831    0.8764
...   137 G-C ...
   -0.1632   67.4090  -10.8055
    0.1799    0.8794    0.4409
   -0.9276    0.3008   -0.2216
   -0.3275   -0.3691    0.8698
...   138 A-T ...
   -0.1295   66.2154   -7.8181
   -0.3749    0.8569    0.3537
   -0.8857   -0.2184   -0.4097
   -0.2739   -0.4669    0.8408
...   139 G-C ...
   -1.0032   65.6050   -4.9384
   -0.8337    0.5216    0.1812
   -0.5170   -0.6221   -0.5880
   -0.1940   -0.5840    0.7883
...   140 C-G ...
   -0.6942   63.8984   -2.2497
   -0.9992    0.0157   -0.0376
    0.0023   -0.8992   -0.4375
   -0.0406   -0.4373    0.8984
...   141 G-C ...
   -3.4332   60.2357    1.0302
   -0.4426    0.2288   -0.8671
    0.1684   -0.9285   -0.3310
   -0.8808   -0.2925    0.3724
...   142 C-G ...
   -6.3248   59.0804    1.6314
   -0.2968   -0.3279   -0.8969
    0.5658   -0.8170    0.1115
   -0.7693   -0.4743    0.4280
...   143 T-A ...
   -8.6732   58.7216    3.6047
   -0.0344   -0.7815   -0.6229
    0.6534   -0.4892    0.5777
   -0.7562   -0.3872    0.5275
...   144 C-G ...
  -11.6515   58.0074    4.7219
    0.2453   -0.9542   -0.1714
    0.6321    0.0234    0.7745
   -0.7350   -0.2984    0.6089
...   145 A-T ...
  -14.1726   56.5626    6.1819
    0.5795   -0.7268    0.3686
    0.3140    0.6165    0.7220
   -0.7520   -0.3027    0.5855
...   146 C-G ...
  -16.4615   53.8913    7.5169
    0.5336   -0.3333    0.7773
   -0.0346    0.9097    0.4138
   -0.8450   -0.2477    0.4739
...   147 A-T ...
  -19.0126   52.0327    8.9268
    0.2451    0.2906    0.9249
   -0.3073    0.9281   -0.2101
   -0.9195   -0.2327    0.3168
