  147 base-pairs
...     1 A-T ...
    0.0000    0.0000    0.0000
    1.0000    0.0000    0.0000
    0.0000    1.0000    0.0000
    0.0000    0.0000    1.0000
...     2 G-C ...
   -0.1404   -1.2353    3.2259
    0.7530    0.6366    0.1668
   -0.6385    0.7681   -0.0490
   -0.1593   -0.0696    0.9848
...     3 T-A ...
   -0.0377   -3.2918    6.3749
    0.2722    0.9302    0.2464
   -0.9238    0.3243   -0.2034
   -0.2691   -0.1722    0.9476
...     4 G-C ...
   -0.3520   -4.1638    9.4928
   -0.3756    0.9250    0.0576
   -0.8780   -0.3352   -0.3416
   -0.2967   -0.1788    0.9381
...     5 A-T ...
   -0.4480   -4.1448   12.7498
   -0.8116    0.5839   -0.0166
   -0.5522   -0.7762   -0.3042
   -0.1905   -0.2377    0.9525
...     6 G-C ...
   -1.5926   -4.1701   15.6201
   -0.9976    0.0246   -0.0651
   -0.0043   -0.9555   -0.2950
   -0.0694   -0.2940    0.9533
...     7 C-G ...
   -1.1050   -4.4793   18.7363
   -0.8442   -0.5302   -0.0787
    0.5343   -0.8442   -0.0430
   -0.0437   -0.0784    0.9960
...     8 G-C ...
   -2.4044   -7.7255   23.1483
   -0.2753   -0.3294   -0.9032
    0.6650   -0.7437    0.0686
   -0.6943   -0.5817    0.4238
...     9 C-G ...
   -4.4706   -9.9691   24.1142
    0.1145   -0.7026   -0.7023
    0.8512   -0.2951    0.4341
   -0.5123   -0.6475    0.5642
...    10 T-A ...
   -6.7420  -10.8705   25.9717
    0.4841   -0.8363   -0.2573
    0.6594    0.1554    0.7356
   -0.5752   -0.5257    0.6267
...    11 C-G ...
   -9.1682  -12.6167   27.1662
    0.7073   -0.6683    0.2306
    0.3450    0.6110    0.7125
   -0.6170   -0.4243    0.6627
...    12 A-T ...
  -10.9253  -14.6583   29.0713
    0.7515   -0.1377    0.6452
   -0.2027    0.8824    0.4245
   -0.6278   -0.4498    0.6352
...    13 C-G ...
  -11.8495  -17.4796   31.2472
    0.4294    0.2824    0.8578
   -0.5708    0.8209    0.0155
   -0.6998   -0.4963    0.5137
...    14 A-T ...
  -13.5915  -19.7756   33.4284
   -0.1503    0.6106    0.7775
   -0.6874    0.5007   -0.5261
   -0.7106   -0.6135    0.3445
...    15 A-T ...
  -15.7427  -21.8801   34.6622
   -0.5246    0.7862    0.3265
   -0.4447    0.0740   -0.8926
   -0.7260   -0.6135    0.3108
...    16 T-A ...
  -17.9012  -23.7553   36.2625
   -0.6547    0.7337   -0.1818
   -0.1066   -0.3278   -0.9387
   -0.7483   -0.5952    0.2928
...    17 T-A ...
  -20.3702  -25.5481   37.3072
   -0.5458    0.4631   -0.6983
    0.2786   -0.6857   -0.6724
   -0.7902   -0.5616    0.2452
...    18 T-A ...
  -23.0412  -27.1807   38.0704
   -0.2361    0.0393   -0.9709
    0.5178   -0.8404   -0.1599
   -0.8223   -0.5405    0.1780
...    19 A-T ...
  -25.9117  -28.8863   38.2701
    0.2209   -0.3644   -0.9047
    0.4962   -0.7566    0.4259
   -0.8397   -0.5429    0.0137
...    20 T-A ...
  -28.8844  -30.2124   37.8069
    0.4516   -0.6961   -0.5581
    0.2911   -0.4763    0.8297
   -0.8434   -0.5372   -0.0124
...    21 T-A ...
  -31.6695  -31.8671   37.4444
    0.5028   -0.8637    0.0362
   -0.0483    0.0137    0.9987
   -0.8631   -0.5039   -0.0348
...    22 C-G ...
  -34.4318  -33.6843   37.2140
    0.3449   -0.6880    0.6385
   -0.3642    0.5289    0.7666
   -0.8651   -0.4969   -0.0681
...    23 G-C ...
  -37.5429  -34.9904   37.2780
    0.0808   -0.2271    0.9705
   -0.5035    0.8310    0.2364
   -0.8602   -0.5077   -0.0472
...    24 C-G ...
  -40.2361  -36.9843   37.0056
   -0.2063    0.2914    0.9341
   -0.4386    0.8258   -0.3545
   -0.8747   -0.4828   -0.0425
...    25 A-T ...
  -43.2363  -38.3809   36.5246
   -0.3554    0.7609    0.5429
   -0.2069    0.5023   -0.8396
   -0.9115   -0.4107   -0.0211
...    26 A-T ...
  -46.1638  -39.7668   36.6364
   -0.3858    0.9219   -0.0357
    0.0552   -0.0156   -0.9984
   -0.9209   -0.3872   -0.0449
...    27 A-T ...
  -49.1866  -40.8988   36.6310
   -0.2323    0.7742   -0.5888
    0.2627   -0.5329   -0.8044
   -0.9365   -0.3415   -0.0796
...    28 G-C ...
  -52.3826  -41.6791   36.4081
    0.0528    0.4166   -0.9076
    0.3240   -0.8668   -0.3790
   -0.9446   -0.2741   -0.1807
...    29 G-C ...
  -55.5899  -42.1228   35.4536
    0.3330   -0.0858   -0.9390
    0.1829   -0.9711    0.1536
   -0.9250   -0.2229   -0.3077
...    30 C-G ...
  -58.5345  -42.4664   33.9573
    0.4262   -0.5934   -0.6828
   -0.0820   -0.7771    0.6241
   -0.9009   -0.2100   -0.3799
...    31 C-G ...
  -61.3037  -43.2993   32.1704
    0.3567   -0.9139   -0.1936
   -0.3732   -0.3294    0.8673
   -0.8564   -0.2372   -0.4586
...    32 G-C ...
  -64.2633  -44.4259   30.9699
    0.1008   -0.9228    0.3718
   -0.5705    0.2525    0.7815
   -0.8151   -0.2909   -0.5011
...    33 G-C ...
  -66.8668  -45.6119   29.1244
   -0.2230   -0.6032    0.7658
   -0.5389    0.7309    0.4187
   -0.8123   -0.3193   -0.4881
...    34 C-G ...
  -69.3935  -46.9669   27.3577
   -0.4830   -0.0745    0.8724
   -0.3035    0.9489   -0.0870
   -0.8213   -0.3068   -0.4809
...    35 C-G ...
  -72.0734  -48.2434   25.6949
   -0.5156    0.4934    0.7005
    0.0427    0.8313   -0.5541
   -0.8558   -0.2558   -0.4497
...    36 C-G ...
  -74.9514  -49.3564   24.2783
   -0.3211    0.8921    0.3178
    0.3425    0.4223   -0.8393
   -0.8829   -0.1607   -0.4412
...    37 G-C ...
  -77.7379  -49.8269   22.4258
    0.0659    0.9890   -0.1322
    0.4731   -0.1476   -0.8685
   -0.8785   -0.0053   -0.4777
...    38 A-T ...
  -80.6122  -49.7549   20.8884
    0.3996    0.7153   -0.5733
    0.3356   -0.6961   -0.6347
   -0.8530    0.0612   -0.5183
...    39 C-G ...
  -83.4306  -48.9292   19.4354
    0.5700    0.2418   -0.7853
    0.0531   -0.9646   -0.2585
   -0.8199    0.1056   -0.5626
...    40 A-T ...
  -86.0077  -48.6035   17.3069
    0.5981   -0.3586   -0.7167
   -0.3343   -0.9244    0.1836
   -0.7283    0.1298   -0.6728
...    41 C-G ...
  -87.9709  -47.6984   14.7780
    0.3462   -0.7992   -0.4914
   -0.6296   -0.5862    0.5098
   -0.6955    0.1329   -0.7061
...    42 G-C ...
  -90.4603  -47.7094   12.4850
   -0.0443   -0.9971   -0.0612
   -0.7671   -0.0053    0.6415
   -0.6400    0.0754   -0.7646
...    43 A-T ...
  -92.4803  -47.5266    9.8563
   -0.5160   -0.7891    0.3332
   -0.5853    0.6089    0.5354
   -0.6254    0.0812   -0.7761
...    44 C-G ...
  -94.2609  -47.7567    7.0004
   -0.7583   -0.3269    0.5640
   -0.2058    0.9410    0.2688
   -0.6186    0.0877   -0.7808
...    45 T-A ...
  -96.3509  -47.7520    4.3844
   -0.7278    0.2451    0.6405
    0.2543    0.9638   -0.0799
   -0.6370    0.1047   -0.7637
...    46 T-A ...
  -98.4631  -47.6543    1.9061
   -0.4461    0.7666    0.4619
    0.6514    0.6320   -0.4198
   -0.6137    0.1137   -0.7813
...    47 A-T ...
 -100.3270  -47.1645   -0.8507
    0.0916    0.9823    0.1632
    0.7923    0.0274   -0.6096
   -0.6033    0.1852   -0.7757
...    48 C-G ...
 -102.7129  -46.3690   -2.9721
    0.5314    0.8355   -0.1394
    0.6193   -0.4955   -0.6090
   -0.5779    0.2373   -0.7808
...    49 T-A ...
 -104.6223  -45.2194   -5.4228
    0.8328    0.4151   -0.3663
    0.2201   -0.8554   -0.4689
   -0.5080    0.3099   -0.8037
...    50 G-C ...
 -105.9943  -44.2212   -8.3279
    0.8645   -0.1914   -0.4647
   -0.3237   -0.9194   -0.2236
   -0.3844    0.3437   -0.8568
...    51 T-A ...
 -106.7671  -42.6183  -11.1231
    0.5696   -0.6651   -0.4829
   -0.7463   -0.6647    0.0353
   -0.3445    0.3402   -0.8750
...    52 A-T ...
 -108.2005  -41.6741  -14.0478
   -0.0479   -0.9319   -0.3595
   -0.9464   -0.0728    0.3147
   -0.3194    0.3553   -0.8785
...    53 G-C ...
 -108.9613  -40.5935  -17.1267
   -0.5554   -0.8249   -0.1054
   -0.7694    0.4616    0.4415
   -0.3156    0.3263   -0.8910
...    54 G-C ...
 -109.9032  -39.7105  -20.2735
   -0.8808   -0.4284    0.2019
   -0.3206    0.8532    0.4115
   -0.3485    0.2977   -0.8887
...    55 T-A ...
 -110.9785  -39.3041  -23.4370
   -0.9119    0.1046    0.3968
    0.2158    0.9447    0.2469
   -0.3490    0.3108   -0.8841
...    56 T-A ...
 -112.1466  -38.5434  -26.3853
   -0.6148    0.6496    0.4474
    0.7218    0.6920   -0.0129
   -0.3180    0.3150   -0.8942
...    57 C-G ...
 -113.2206  -37.5666  -29.3498
   -0.0412    0.9213    0.3866
    0.9508    0.1550   -0.2681
   -0.3069    0.3565   -0.8824
...    58 A-T ...
 -114.0241  -36.3310  -32.3708
    0.5528    0.7893    0.2673
    0.7934   -0.4004   -0.4584
   -0.2548    0.4655   -0.8476
...    59 T-A ...
 -115.2134  -34.4115  -34.7454
    0.8871    0.4612    0.0206
    0.3994   -0.7443   -0.5352
   -0.2315    0.4830   -0.8444
...    60 G-C ...
 -115.6416  -32.8280  -37.6819
    0.9761   -0.1130   -0.1857
   -0.1920   -0.8486   -0.4929
   -0.1019    0.5168   -0.8500
...    61 T-A ...
 -115.5511  -30.6853  -40.2053
    0.7251   -0.5687   -0.3884
   -0.6862   -0.6444   -0.3376
   -0.0583    0.5113   -0.8574
...    62 T-A ...
 -115.4841  -28.9064  -42.9299
    0.1853   -0.8310   -0.5245
   -0.9816   -0.1819   -0.0585
   -0.0468    0.5257   -0.8494
...    63 A-T ...
 -116.0951  -27.0699  -45.7368
   -0.5065   -0.7225   -0.4707
   -0.8620    0.4112    0.2964
   -0.0206    0.5558   -0.8310
...    64 T-A ...
 -115.6417  -25.6531  -48.7107
   -0.8836   -0.3831   -0.2691
   -0.4682    0.7264    0.5031
    0.0027    0.5705   -0.8213
...    65 A-T ...
 -115.5530  -23.2095  -51.1158
   -0.9678    0.2365    0.0866
    0.2419    0.7772    0.5809
    0.0700    0.5832   -0.8093
...    66 A-T ...
 -115.4038  -21.5108  -53.8962
   -0.6360    0.6639    0.3935
    0.7647    0.4735    0.4370
    0.1038    0.5788   -0.8088
...    67 C-G ...
 -115.6125  -19.7926  -56.7363
   -0.1279    0.7959    0.5918
    0.9861    0.0384    0.1615
    0.1059    0.6042   -0.7897
...    68 G-C ...
 -114.8463  -17.7883  -59.3543
    0.4367    0.5883    0.6806
    0.8851   -0.4163   -0.2081
    0.1609    0.6933   -0.7025
...    69 G-C ...
 -114.4282  -15.2293  -61.5168
    0.8296    0.1837    0.5273
    0.5030   -0.6560   -0.5628
    0.2425    0.7321   -0.6366
...    70 A-T ...
 -113.5418  -12.7680  -63.4951
    0.9510   -0.2822    0.1260
   -0.0802   -0.6190   -0.7813
    0.2985    0.7329   -0.6113
...    71 A-T ...
 -112.4127  -10.3069  -65.2821
    0.7258   -0.5988   -0.3385
   -0.6079   -0.3282   -0.7230
    0.3218    0.7306   -0.6023
...    72 T-A ...
 -110.8148   -7.8584  -66.8118
    0.3089   -0.6812   -0.6638
   -0.8912    0.0364   -0.4521
    0.3321    0.7312   -0.5958
...    73 C-G ...
 -109.5805   -5.5802  -68.8564
   -0.2943   -0.5256   -0.7982
   -0.8882    0.4587    0.0255
    0.3528    0.7165   -0.6019
...    74 T-A ...
 -108.1889   -3.4496  -71.0277
   -0.7430   -0.2043   -0.6373
   -0.5714    0.6895    0.4451
    0.3485    0.6949   -0.6291
...    75 C-G ...
 -107.0005   -1.2300  -73.1796
   -0.9376    0.2577   -0.2333
   -0.0016    0.6679    0.7442
    0.3476    0.6982   -0.6259
...    76 G-C ...
 -105.6884    1.3622  -74.9083
   -0.7919    0.5352    0.2942
    0.5403    0.3893    0.7460
    0.2847    0.7497   -0.5974
...    77 A-T ...
 -104.7448    3.7586  -76.9575
   -0.3208    0.6347    0.7031
    0.9027   -0.0200    0.4299
    0.2869    0.7725   -0.5665
...    78 G-C ...
 -104.0634    6.4061  -78.8412
    0.1894    0.4584    0.8683
    0.9320   -0.3622   -0.0120
    0.3090    0.8116   -0.4958
...    79 C-G ...
 -103.4092    9.3073  -80.3023
    0.6476    0.1294    0.7509
    0.6783   -0.5468   -0.4908
    0.3471    0.8272   -0.4419
...    80 T-A ...
 -102.2787   12.2152  -81.4181
    0.8765   -0.2534    0.4092
    0.2428   -0.5012   -0.8305
    0.4156    0.8274   -0.3778
...    81 C-G ...
 -100.7448   14.8938  -82.5188
    0.8302   -0.5384   -0.1445
   -0.3077   -0.2265   -0.9241
    0.4648    0.8117   -0.3537
...    82 G-C ...
  -99.0788   17.3701  -84.1074
    0.4570   -0.6470   -0.6104
   -0.6871    0.1789   -0.7041
    0.5648    0.7412   -0.3628
...    83 G-C ...
  -96.8282   19.5859  -85.3582
   -0.0406   -0.4784   -0.8772
   -0.7984    0.5434   -0.2594
    0.6008    0.6898   -0.4040
...    84 G-C ...
  -94.5982   21.6562  -86.8732
   -0.5140   -0.1215   -0.8491
   -0.6187    0.7382    0.2689
    0.5942    0.6635   -0.4546
...    85 A-T ...
  -92.5571   23.7657  -88.4075
   -0.7850    0.3543   -0.5082
   -0.1784    0.6563    0.7331
    0.5933    0.6661   -0.4520
...    86 T-A ...
  -90.6213   25.5409  -90.4361
   -0.7517    0.6570   -0.0579
    0.2504    0.3655    0.8965
    0.6102    0.6594   -0.4393
...    87 C-G ...
  -88.6076   27.6736  -91.9622
   -0.4640    0.7250    0.5090
    0.6459   -0.1164    0.7545
    0.6063    0.6788   -0.4143
...    88 C-G ...
  -86.7741   30.0582  -93.5287
   -0.0879    0.4693    0.8786
    0.7951   -0.4984    0.3457
    0.6001    0.7290   -0.3293
...    89 G-C ...
  -84.4548   32.3217  -94.4900
    0.2859    0.0002    0.9583
    0.7179   -0.6624   -0.2140
    0.6347    0.7492   -0.1896
...    90 C-G ...
  -82.6139   35.0607  -94.7920
    0.5903   -0.4130    0.6935
    0.4551   -0.5392   -0.7086
    0.6666    0.7339   -0.1303
...    91 T-A ...
  -80.3836   37.5155  -94.8237
    0.6874   -0.6944    0.2128
    0.0986   -0.2011   -0.9746
    0.7195    0.6909   -0.0697
...    92 T-A ...
  -78.0026   39.7224  -94.7900
    0.6142   -0.6858   -0.3904
   -0.3045    0.2504   -0.9190
    0.7280    0.6834   -0.0550
...    93 T-A ...
  -75.5035   41.8089  -94.7393
    0.3362   -0.3947   -0.8551
   -0.5977    0.6122   -0.5176
    0.7278    0.6851   -0.0301
...    94 A-T ...
  -73.3965   44.4875  -94.9105
   -0.1001    0.1432   -0.9846
   -0.6736    0.7186    0.1730
    0.7323    0.6806    0.0245
...    95 A-T ...
  -70.8080   46.4838  -94.9244
   -0.4430    0.5741   -0.6886
   -0.4963    0.4826    0.7216
    0.7466    0.6614    0.0711
...    96 C-G ...
  -68.1173   48.4619  -95.2419
   -0.6453    0.7398   -0.1904
   -0.1837    0.0916    0.9787
    0.7415    0.6665    0.0768
...    97 A-T ...
  -65.6157   50.6161  -94.7072
   -0.6894    0.5940    0.4146
    0.2288   -0.3645    0.9027
    0.6873    0.7171    0.1154
...    98 C-G ...
  -63.6200   53.2585  -94.7985
   -0.4903    0.2815    0.8248
    0.5554   -0.6285    0.5446
    0.6717    0.7251    0.1518
...    99 T-A ...
  -61.6501   55.8726  -94.2718
   -0.1800   -0.1605    0.9705
    0.7389   -0.6733    0.0257
    0.6493    0.7217    0.2398
...   100 T-A ...
  -59.7105   58.3082  -93.4015
    0.2398   -0.5458    0.8029
    0.7172   -0.4578   -0.5254
    0.6543    0.7019    0.2816
...   101 T-A ...
  -57.7135   60.5936  -92.2836
    0.5802   -0.7343    0.3524
    0.4679   -0.0537   -0.8822
    0.6667    0.6767    0.3124
...   102 A-T ...
  -55.3134   62.7152  -91.3046
    0.6988   -0.6633   -0.2678
    0.0619    0.4291   -0.9011
    0.7126    0.6132    0.3409
...   103 T-A ...
  -52.9119   64.2646  -89.6503
    0.6370   -0.3425   -0.6905
   -0.2973    0.7174   -0.6301
    0.7112    0.6067    0.3552
...   104 G-C ...
  -50.5492   66.4602  -88.7862
    0.3012    0.1248   -0.9454
   -0.5866    0.8059   -0.0805
    0.7518    0.5788    0.3159
...   105 C-G ...
  -47.7709   68.1071  -87.8793
   -0.0902    0.5511   -0.8295
   -0.6466    0.6011    0.4697
    0.7575    0.5787    0.3022
...   106 T-A ...
  -45.0739   69.9451  -87.1373
   -0.4474    0.7769   -0.4431
   -0.4923    0.1997    0.8472
    0.7466    0.5972    0.2931
...   107 T-A ...
  -42.4967   71.8109  -86.4162
   -0.6322    0.7609    0.1463
   -0.1572   -0.3109    0.9374
    0.7587    0.5696    0.3162
...   108 C-G ...
  -39.9504   73.6767  -85.4592
   -0.6336    0.3984    0.6632
    0.2380   -0.7153    0.6571
    0.7361    0.5742    0.3584
...   109 C-G ...
  -37.5889   75.8595  -84.3976
   -0.4859   -0.1228    0.8654
    0.5447   -0.8169    0.1899
    0.6836    0.5636    0.4638
...   110 G-C ...
  -35.1602   77.4544  -82.6924
   -0.2148   -0.6402    0.7376
    0.7434   -0.5969   -0.3017
    0.6334    0.4835    0.6042
...   111 G-C ...
  -33.3323   78.9938  -80.3176
    0.1473   -0.9127    0.3811
    0.7719   -0.1349   -0.6212
    0.6184    0.3857    0.6847
...   112 C-G ...
  -31.5893   79.9632  -77.6735
    0.5109   -0.8575   -0.0607
    0.5938    0.4031   -0.6964
    0.6216    0.3197    0.7151
...   113 T-A ...
  -29.5779   80.6260  -75.1158
    0.7179   -0.5192   -0.4637
    0.2631    0.8191   -0.5097
    0.6445    0.2439    0.7247
...   114 C-G ...
  -27.3148   81.2360  -72.7923
    0.7332    0.0819   -0.6751
   -0.2026    0.9739   -0.1019
    0.6491    0.2115    0.7307
...   115 G-C ...
  -25.1923   82.4077  -70.4408
    0.4492    0.6313   -0.6322
   -0.5684    0.7478    0.3430
    0.6893    0.2053    0.6948
...   116 T-A ...
  -22.4872   82.7253  -68.4482
    0.0727    0.9386   -0.3374
   -0.7291    0.2808    0.6242
    0.6806    0.2006    0.7047
...   117 A-T ...
  -20.5993   83.1683  -65.6290
   -0.3954    0.8960    0.2020
   -0.6258   -0.4238    0.6548
    0.6723    0.1325    0.7283
...   118 T-A ...
  -18.0767   83.9973  -63.6612
   -0.6630    0.5466    0.5115
   -0.3431   -0.8291    0.4414
    0.6653    0.1172    0.7373
...   119 A-T ...
  -15.8915   84.2934  -61.1330
   -0.7992   -0.0696    0.5970
    0.1211   -0.9916    0.0465
    0.5887    0.1094    0.8009
...   120 A-T ...
  -14.1095   84.7919  -58.4842
   -0.6200   -0.6258    0.4732
    0.5576   -0.7758   -0.2953
    0.5519    0.0808    0.8300
...   121 T-A ...
  -12.8390   85.3851  -55.5370
   -0.2765   -0.9344    0.2245
    0.8019   -0.3530   -0.4820
    0.5296    0.0468    0.8469
...   122 G-C ...
  -10.9932   85.1368  -52.7366
    0.1667   -0.9653   -0.2012
    0.8513    0.2439   -0.4645
    0.4975   -0.0938    0.8624
...   123 T-A ...
   -9.8338   84.3711  -49.7335
    0.5817   -0.6811   -0.4448
    0.6470    0.7188   -0.2546
    0.4931   -0.1397    0.8587
...   124 G-C ...
   -7.8365   84.0093  -47.0640
    0.8294   -0.1028   -0.5491
    0.1982    0.9731    0.1172
    0.5223   -0.2061    0.8275
...   125 T-A ...
   -6.0452   82.7015  -44.5272
    0.8087    0.4458   -0.3838
   -0.2839    0.8672    0.4090
    0.5152   -0.2218    0.8279
...   126 C-G ...
   -4.2678   81.8816  -41.8389
    0.4710    0.8817   -0.0277
   -0.7276    0.4061    0.5530
    0.4988   -0.2403    0.8328
...   127 G-C ...
   -3.0755   81.0365  -38.7826
   -0.0801    0.9631    0.2570
   -0.8783   -0.1901    0.4386
    0.4713   -0.1906    0.8611
...   128 A-T ...
   -1.4234   80.2699  -36.0284
   -0.6076    0.6565    0.4470
   -0.6661   -0.7278    0.1633
    0.4326   -0.1985    0.8795
...   129 C-G ...
    0.2859   80.1298  -33.1995
   -0.8893    0.1758    0.4223
   -0.2441   -0.9631   -0.1131
    0.3868   -0.2036    0.8994
...   130 C-G ...
    1.5898   79.7402  -30.1019
   -0.9222   -0.3472    0.1705
    0.2805   -0.9037   -0.3235
    0.2664   -0.2506    0.9307
...   131 A-T ...
    2.3714   78.7436  -26.9806
   -0.6392   -0.7448   -0.1917
    0.7580   -0.5681   -0.3204
    0.1297   -0.3501    0.9277
...   132 A-T ...
    2.5375   77.5623  -23.9813
   -0.1035   -0.9148   -0.3903
    0.9906   -0.0595   -0.1232
    0.0895   -0.3994    0.9124
...   133 A-T ...
    2.5901   76.1085  -21.0873
    0.4829   -0.7745   -0.4087
    0.8732    0.4613    0.1576
    0.0665   -0.4329    0.8990
...   134 T-A ...
    2.3094   74.2287  -18.3853
    0.8657   -0.4292   -0.2574
    0.4984    0.7868    0.3642
    0.0462   -0.4436    0.8950
...   135 G-C ...
    1.4370   72.0949  -15.6002
    0.9809    0.0621    0.1844
   -0.1263    0.9241    0.3606
   -0.1480   -0.3770    0.9143
...   136 T-A ...
    0.5300   69.2373  -13.4651
    0.7353    0.4962    0.4617
   -0.6117    0.7791    0.1369
   -0.2918   -0.3831    0.8764
...   137 G-C ...
   -0.1631   67.4090  -10.8054
    0.1799    0.8794    0.4409
   -0.9276    0.3008   -0.2216
   -0.3275   -0.3691    0.8698
...   138 A-T ...
   -0.1294   66.2154   -7.8180
   -0.3749    0.8569    0.3537
   -0.8857   -0.2184   -0.4097
   -0.2739   -0.4669    0.8408
...   139 G-C ...
   -1.0031   65.6050   -4.9383
   -0.8337    0.5216    0.1812
   -0.5170   -0.6221   -0.5880
   -0.1940   -0.5840    0.7883
...   140 C-G ...
   -0.6941   63.8984   -2.2497
   -0.9992    0.0157   -0.0376
    0.0023   -0.8992   -0.4375
   -0.0406   -0.4373    0.8984
...   141 G-C ...
   -3.4331   60.2357    1.0303
   -0.4426    0.2288   -0.8671
    0.1684   -0.9285   -0.3310
   -0.8808   -0.2925    0.3724
...   142 C-G ...
   -6.3247   59.0804    1.6315
   -0.2968   -0.3279   -0.8969
    0.5658   -0.8170    0.1115
   -0.7693   -0.4743    0.4280
...   143 T-A ...
   -8.6732   58.7216    3.6047
   -0.0344   -0.7815   -0.6229
    0.6534   -0.4892    0.5777
   -0.7562   -0.3872    0.5275
...   144 C-G ...
  -11.6514   58.0074    4.7220
    0.2453   -0.9542   -0.1714
    0.6321    0.0234    0.7745
   -0.7350   -0.2984    0.6089
...   145 A-T ...
  -14.1725   56.5626    6.1820
    0.5795   -0.7268    0.3686
    0.3140    0.6165    0.7220
   -0.7520   -0.3027    0.5855
...   146 C-G ...
  -16.4614   53.8913    7.5170
    0.5336   -0.3333    0.7773
   -0.0346    0.9097    0.4138
   -0.8450   -0.2477    0.4739
...   147 A-T ...
  -19.0125   52.0328    8.9268
    0.2451    0.2906    0.9249
   -0.3073    0.9281   -0.2101
   -0.9195   -0.2327    0.3168
