  147 base-pairs
...     1 A-T ...
    0.0000    0.0000    0.0000
    1.0000    0.0000    0.0000
    0.0000    1.0000    0.0000
    0.0000    0.0000    1.0000
...     2 G-C ...
   -0.1404   -1.2353    3.2259
    0.7530    0.6366    0.1668
   -0.6385    0.7681   -0.0490
   -0.1593   -0.0696    0.9848
...     3 T-A ...
   -0.0377   -3.2918    6.3749
    0.2722    0.9302    0.2464
   -0.9238    0.3243   -0.2034
   -0.2691   -0.1722    0.9476
...     4 G-C ...
   -0.3520   -4.1638    9.4928
   -0.3756    0.9250    0.0576
   -0.8780   -0.3352   -0.3416
   -0.2967   -0.1788    0.9381
...     5 A-T ...
   -0.4480   -4.1448   12.7498
   -0.8116    0.5839   -0.0166
   -0.5522   -0.7762   -0.3042
   -0.1905   -0.2377    0.9525
...     6 G-C ...
   -1.5926   -4.1701   15.6201
   -0.9976    0.0246   -0.0651
   -0.0043   -0.9555   -0.2950
   -0.0694   -0.2940    0.9533
...     7 C-G ...
   -1.1050   -4.4793   18.7363
   -0.8442   -0.5302   -0.0787
    0.5343   -0.8442   -0.0430
   -0.0437   -0.0784    0.9960
...     8 G-C ...
   -2.4044   -7.7255   23.1483
   -0.2753   -0.3294   -0.9032
    0.6650   -0.7437    0.0686
   -0.6943   -0.5817    0.4238
...     9 C-G ...
   -4.4706   -9.9691   24.1142
    0.1145   -0.7026   -0.7023
    0.8512   -0.2951    0.4341
   -0.5123   -0.6475    0.5642
...    10 T-A ...
   -6.7420  -10.8705   25.9717
    0.4841   -0.8363   -0.2573
    0.6594    0.1554    0.7356
   -0.5752   -0.5257    0.6267
...    11 C-G ...
   -9.1682  -12.6167   27.1662
    0.7073   -0.6683    0.2306
    0.3450    0.6110    0.7125
   -0.6170   -0.4243    0.6627
...    12 A-T ...
  -10.9253  -14.6583   29.0713
    0.7515   -0.1377    0.6452
   -0.2027    0.8824    0.4245
   -0.6278   -0.4498    0.6352
...    13 C-G ...
  -11.8495  -17.4796   31.2472
    0.4294    0.2824    0.8578
   -0.5708    0.8209    0.0155
   -0.6998   -0.4963    0.5137
...    14 A-T ...
  -13.5915  -19.7756   33.4284
   -0.1503    0.6106    0.7775
   -0.6874    0.5007   -0.5261
   -0.7106   -0.6135    0.3445
...    15 A-T ...
  -15.7293  -21.8897   34.6718
   -0.5272    0.7823    0.3317
   -0.4459    0.0776   -0.8917
   -0.7234   -0.6180    0.3079
...    16 T-A ...
  -17.8737  -23.7892   36.2665
   -0.6599    0.7311   -0.1733
   -0.1069   -0.3196   -0.9415
   -0.7437   -0.6028    0.2891
...    17 T-A ...
  -20.3204  -25.6104   37.3139
   -0.5534    0.4680   -0.6890
    0.2814   -0.6735   -0.6835
   -0.7840   -0.5721    0.2410
...    18 T-A ...
  -22.9695  -27.2759   38.0731
   -0.2420    0.0578   -0.9686
    0.5250   -0.8317   -0.1808
   -0.8160   -0.5522    0.1709
...    19 A-T ...
  -25.8660  -28.9336   38.2244
    0.2255   -0.3154   -0.9218
    0.5075   -0.7696    0.3875
   -0.8316   -0.5551   -0.0135
...    20 T-A ...
  -28.8096  -30.2800   37.6915
    0.4654   -0.6536   -0.5968
    0.3005   -0.5175    0.8012
   -0.8325   -0.5522   -0.0444
...    21 T-A ...
  -31.5467  -31.9785   37.2268
    0.5292   -0.8482   -0.0210
   -0.0475   -0.0543    0.9974
   -0.8472   -0.5268   -0.0690
...    22 C-G ...
  -34.2259  -33.8847   36.8744
    0.3734   -0.7190    0.5862
   -0.3821    0.4566    0.8035
   -0.8453   -0.5239   -0.1042
...    23 G-C ...
  -37.2531  -35.3568   36.8710
    0.0950   -0.2995    0.9494
   -0.5432    0.7836    0.3015
   -0.8342   -0.5443   -0.0883
...    24 C-G ...
  -39.8409  -37.4583   36.4615
   -0.2192    0.2012    0.9547
   -0.4843    0.8270   -0.2855
   -0.8470   -0.5249   -0.0839
...    25 A-T ...
  -42.7519  -38.9759   35.8647
   -0.4011    0.6879    0.6049
   -0.2377    0.5596   -0.7939
   -0.8847   -0.4622   -0.0609
...    26 A-T ...
  -45.5813  -40.5605   35.8501
   -0.4485    0.8927    0.0432
    0.0583    0.0775   -0.9953
   -0.8919   -0.4438   -0.0868
...    27 A-T ...
  -48.5144  -41.9046   35.7290
   -0.2880    0.8055   -0.5179
    0.3043   -0.4358   -0.8470
   -0.9080   -0.4016   -0.1196
...    28 G-C ...
  -51.6347  -42.9076   35.4118
    0.0242    0.5056   -0.8624
    0.3943   -0.7976   -0.4566
   -0.9187   -0.3290   -0.2186
...    29 G-C ...
  -54.7915  -43.5172   34.4048
    0.3477    0.0400   -0.9367
    0.2649   -0.9626    0.0573
   -0.8994   -0.2681   -0.3453
...    30 C-G ...
  -57.6739  -43.9463   32.8343
    0.4880   -0.4747   -0.7325
   -0.0169   -0.8442    0.5358
   -0.8727   -0.2491   -0.4200
...    31 C-G ...
  -60.3121  -44.8317   30.8913
    0.4512   -0.8460   -0.2840
   -0.3514   -0.4610    0.8149
   -0.8203   -0.2679   -0.5053
...    32 G-C ...
  -63.0841  -46.1464   29.4689
    0.1969   -0.9434    0.2668
   -0.6123    0.0942    0.7850
   -0.7657   -0.3180   -0.5591
...    33 G-C ...
  -65.4736  -47.4381   27.4188
   -0.1674   -0.7131    0.6808
   -0.6344    0.6065    0.4792
   -0.7546   -0.3517   -0.5539
...    34 C-G ...
  -67.7738  -48.8745   25.4252
   -0.4947   -0.2385    0.8357
   -0.4186    0.9081    0.0114
   -0.7616   -0.3442   -0.5491
...    35 C-G ...
  -70.2234  -50.2657   23.5184
   -0.5994    0.3345    0.7272
   -0.0486    0.8916   -0.4501
   -0.7990   -0.3052   -0.5182
...    36 C-G ...
  -72.8705  -51.5663   21.8332
   -0.4516    0.7963    0.4025
    0.3139    0.5641   -0.7637
   -0.8352   -0.2186   -0.5047
...    37 G-C ...
  -75.4679  -52.1976   19.7727
   -0.0682    0.9976   -0.0102
    0.5288    0.0275   -0.8483
   -0.8460   -0.0633   -0.5295
...    38 A-T ...
  -78.2466  -52.3488   18.0817
    0.3204    0.8312   -0.4544
    0.4651   -0.5559   -0.6889
   -0.8253    0.0093   -0.5647
...    39 C-G ...
  -81.0721  -51.7496   16.5517
    0.5707    0.4209   -0.7051
    0.2102   -0.9049   -0.3700
   -0.7938    0.0629   -0.6049
...    40 A-T ...
  -83.5435  -51.4833   14.2963
    0.6927   -0.1658   -0.7019
   -0.1978   -0.9796    0.0362
   -0.6935    0.1138   -0.7114
...    41 C-G ...
  -85.4374  -50.5404   11.7432
    0.5055   -0.6615   -0.5540
   -0.5618   -0.7397    0.3706
   -0.6549    0.1239   -0.7455
...    42 G-C ...
  -87.6790  -50.6329    9.2156
    0.1313   -0.9730   -0.1898
   -0.8052   -0.2163    0.5522
   -0.5784    0.0803   -0.8118
...    43 A-T ...
  -89.4683  -50.4350    6.4291
   -0.3967   -0.9012    0.1743
   -0.7275    0.4245    0.5391
   -0.5598    0.0871   -0.8240
...    44 C-G ...
  -90.9257  -50.5602    3.3885
   -0.7360   -0.5236    0.4290
   -0.3939    0.8467    0.3577
   -0.5506    0.0944   -0.8295
...    45 T-A ...
  -92.7311  -50.5393    0.5696
   -0.8188    0.0271    0.5734
    0.0820    0.9942    0.0702
   -0.5682    0.1046   -0.8162
...    46 T-A ...
  -94.5682  -50.4629   -2.1223
   -0.6249    0.6083    0.4893
    0.5648    0.7850   -0.2546
   -0.5390    0.1173   -0.8341
...    47 A-T ...
  -96.1705  -49.9303   -5.0288
   -0.1122    0.9518    0.2854
    0.8364    0.2455   -0.4900
   -0.5365    0.1837   -0.8237
...    48 C-G ...
  -98.4042  -49.2845   -7.3518
    0.3766    0.9258    0.0328
    0.7683   -0.2923   -0.5694
   -0.5176    0.2396   -0.8214
...    49 T-A ...
 -100.1960  -48.1621   -9.8952
    0.7762    0.6013   -0.1894
    0.4365   -0.7294   -0.5268
   -0.4549    0.3263   -0.8286
...    50 G-C ...
 -101.3612  -46.9941  -12.8249
    0.9402    0.0338   -0.3388
   -0.1027   -0.9206   -0.3767
   -0.3247    0.3890   -0.8621
...    51 T-A ...
 -102.0344  -45.1785  -15.5002
    0.7547   -0.4754   -0.4521
   -0.5949   -0.7865   -0.1660
   -0.2767    0.3942   -0.8764
...    52 A-T ...
 -103.0924  -44.0881  -18.5152
    0.2129   -0.8664   -0.4517
   -0.9468   -0.2971    0.1237
   -0.2414    0.4013   -0.8836
...    53 G-C ...
 -103.5447  -42.7874  -21.5657
   -0.3364   -0.8964   -0.2886
   -0.9148    0.2382    0.3263
   -0.2238    0.3738   -0.9001
...    54 G-C ...
 -104.1145  -41.7357  -24.7494
   -0.7870   -0.6167   -0.0181
   -0.5670    0.7114    0.4153
   -0.2432    0.3371   -0.9095
...    55 T-A ...
 -104.6737  -41.1397  -28.0179
   -0.9692   -0.1298    0.2094
   -0.0445    0.9281    0.3696
   -0.2423    0.3489   -0.9053
...    56 A-T ...
 -105.1598  -39.4678  -30.9550
   -0.7657    0.5244    0.3724
    0.6132    0.7700    0.1765
   -0.1942    0.3635   -0.9111
...    57 T-A ...
 -106.2951  -38.7013  -33.9563
   -0.3373    0.8451    0.4148
    0.9235    0.3826   -0.0286
   -0.1828    0.3734   -0.9095
...    58 C-G ...
 -106.9446  -37.4813  -36.9405
    0.2909    0.8830    0.3683
    0.9430   -0.1996   -0.2661
   -0.1615    0.4247   -0.8908
...    59 T-A ...
 -107.6385  -35.8070  -39.7177
    0.7638    0.5949    0.2507
    0.6367   -0.6303   -0.4442
   -0.1062    0.4989   -0.8601
...    60 C-G ...
 -107.8659  -34.0357  -42.4624
    0.9971    0.0757   -0.0087
    0.0595   -0.8448   -0.5318
   -0.0476    0.5298   -0.8468
...    61 G-C ...
 -107.6827  -32.5466  -45.4986
    0.8523   -0.4803   -0.2071
   -0.5141   -0.6965   -0.5006
    0.0962    0.5332   -0.8405
...    62 A-T ...
 -107.1433  -30.8233  -48.2665
    0.3659   -0.8145   -0.4502
   -0.9205   -0.2453   -0.3042
    0.1373    0.5257   -0.8395
...    63 G-C ...
 -106.3294  -29.1331  -51.0396
   -0.2075   -0.8308   -0.5164
   -0.9653    0.2595   -0.0296
    0.1586    0.4923   -0.8558
...    64 C-G ...
 -105.4701  -27.7581  -53.9835
   -0.7215   -0.5426   -0.4302
   -0.6739    0.6931    0.2561
    0.1592    0.4747   -0.8656
...    65 T-A ...
 -104.8502  -26.4574  -57.0109
   -0.9778   -0.0762   -0.1953
   -0.1577    0.8809    0.4462
    0.1380    0.4671   -0.8734
...    66 C-G ...
 -104.3414  -24.9879  -59.9394
   -0.8713    0.4735    0.1288
    0.4715    0.7352    0.4870
    0.1359    0.4851   -0.8639
...    67 G-C ...
 -103.5159  -23.1210  -62.6476
   -0.4513    0.7527    0.4793
    0.8868    0.3184    0.3350
    0.0995    0.5762   -0.8112
...    68 G-C ...
 -103.4115  -21.2034  -65.4321
    0.1064    0.7395    0.6647
    0.9879   -0.1545    0.0136
    0.1128    0.6552   -0.7470
...    69 G-C ...
 -103.2516  -18.8253  -67.8221
    0.6164    0.4550    0.6427
    0.7688   -0.5242   -0.3662
    0.1702    0.7198   -0.6730
...    70 A-T ...
 -102.6479  -16.3800  -69.9175
    0.9396    0.0122    0.3420
    0.2601   -0.6747   -0.6908
    0.2223    0.7380   -0.6371
...    71 T-A ...
 -101.8834  -13.5726  -71.4368
    0.9363   -0.3481   -0.0463
   -0.2524   -0.5757   -0.7777
    0.2441    0.7399   -0.6269
...    72 C-G ...
 -100.8395  -11.1913  -73.4489
    0.5925   -0.6438   -0.4841
   -0.7517   -0.2260   -0.6195
    0.2895    0.7310   -0.6179
...    73 C-G ...
  -99.4506   -8.9345  -75.5735
    0.0497   -0.6985   -0.7139
   -0.9383    0.2121   -0.2730
    0.3421    0.6834   -0.6449
...    74 G-C ...
  -98.7127   -6.6069  -77.9170
   -0.5292   -0.4785   -0.7007
   -0.7744    0.6099    0.1684
    0.3467    0.6317   -0.6933
...    75 C-G ...
  -97.3303   -4.7981  -80.3866
   -0.8810   -0.0590   -0.4694
   -0.3366    0.7755    0.5341
    0.3325    0.6286   -0.7031
...    76 T-A ...
  -96.2536   -2.9251  -82.9440
   -0.9314    0.3568   -0.0721
    0.2053    0.6785    0.7053
    0.3006    0.6421   -0.7052
...    77 T-A ...
  -95.3213   -1.0116  -85.4108
   -0.6286    0.6952    0.3486
    0.7073    0.3247    0.6279
    0.3233    0.6413   -0.6958
...    78 C-G ...
  -94.2960    1.0790  -87.7452
   -0.0918    0.7202    0.6876
    0.9404   -0.1643    0.2977
    0.3274    0.6740   -0.6622
...    79 A-T ...
  -92.9985    3.3266  -89.8823
    0.4255    0.4038    0.8099
    0.8289   -0.5330   -0.1697
    0.3632    0.7435   -0.5615
...    80 T-A ...
  -92.2616    6.1377  -91.4001
    0.7791    0.0556    0.6244
    0.4985   -0.6590   -0.5632
    0.3802    0.7501   -0.5412
...    81 G-C ...
  -90.6575    8.5029  -93.1710
    0.8736   -0.4218    0.2427
   -0.0210   -0.5308   -0.8472
    0.4862    0.7351   -0.4725
...    82 T-A ...
  -88.8020   11.0799  -94.1301
    0.7100   -0.6639   -0.2348
   -0.4746   -0.2049   -0.8560
    0.5202    0.7192   -0.4606
...    83 T-A ...
  -86.9235   13.4165  -95.4037
    0.3066   -0.6418   -0.7029
   -0.7957    0.2325   -0.5593
    0.5224    0.7308   -0.4393
...    84 A-T ...
  -85.6062   16.1370  -97.0031
   -0.2688   -0.2857   -0.9198
   -0.8010    0.5967    0.0487
    0.5349    0.7499   -0.3893
...    85 T-A ...
  -83.3574   18.1239  -98.4368
   -0.6336    0.0916   -0.7682
   -0.5446    0.6524    0.5270
    0.5495    0.7523   -0.3635
...    86 A-T ...
  -81.5604   20.9550  -99.1288
   -0.8058    0.5413   -0.2400
   -0.0038    0.4006    0.9163
    0.5921    0.7393   -0.3207
...    87 A-T ...
  -79.6541   23.2706 -100.4046
   -0.6432    0.6857    0.3406
    0.4578   -0.0122    0.8890
    0.6138    0.7277   -0.3061
...    88 C-G ...
  -78.0238   25.7642 -101.8727
   -0.3188    0.5450    0.7754
    0.7290   -0.3819    0.5681
    0.6058    0.7464   -0.2755
...    89 G-C ...
  -75.6950   28.1137 -102.5911
    0.0634    0.1240    0.9903
    0.7890   -0.6138    0.0264
    0.6111    0.7797   -0.1368
...    90 G-C ...
  -73.8253   30.9160 -102.8149
    0.4172   -0.3201    0.8506
    0.6412   -0.5596   -0.5251
    0.6441    0.7644   -0.0282
...    91 A-T ...
  -71.6827   33.4007 -102.7409
    0.6809   -0.6307    0.3723
    0.2870   -0.2380   -0.9279
    0.6738    0.7387    0.0189
...    92 T-A ...
  -69.5522   35.7913 -101.9896
    0.7246   -0.6710   -0.1572
   -0.0935    0.1303   -0.9871
    0.6828    0.7299    0.0316
...    93 T-A ...
  -67.2458   38.0590 -101.6312
    0.5443   -0.4561   -0.7041
   -0.4899    0.5085   -0.7081
    0.6810    0.7303    0.0534
...    94 A-T ...
  -65.2710   40.8418 -101.6519
    0.1221    0.0280   -0.9921
   -0.7255    0.6846   -0.0700
    0.6773    0.7283    0.1039
...    95 A-T ...
  -62.8343   42.9989 -101.3363
   -0.2975    0.4661   -0.8332
   -0.6663    0.5237    0.5308
    0.6838    0.7131    0.1548
...    96 C-G ...
  -60.2190   45.1073 -101.2892
   -0.6125    0.6741   -0.4130
   -0.4026    0.1837    0.8968
    0.6803    0.7155    0.1589
...    97 A-T ...
  -57.9841   47.4496 -100.4511
   -0.7809    0.5960    0.1869
    0.0358   -0.2560    0.9660
    0.6236    0.7610    0.1786
...    98 C-G ...
  -56.0865   50.1726 -100.4091
   -0.6635    0.3408    0.6660
    0.4412   -0.5408    0.7162
    0.6043    0.7690    0.2084
...    99 T-A ...
  -54.3316   52.9175  -99.7758
   -0.3766   -0.0672    0.9239
    0.7315   -0.6335    0.2521
    0.5684    0.7708    0.2878
...   100 T-A ...
  -52.6656   55.5132  -98.8036
    0.0792   -0.4493    0.8899
    0.8195   -0.4790   -0.3147
    0.5676    0.7541    0.3303
...   101 T-A ...
  -50.9816   57.9805  -97.5651
    0.5071   -0.6718    0.5399
    0.6401   -0.1259   -0.7579
    0.5772    0.7299    0.3662
...   102 A-T ...
  -48.8755   60.2663  -96.3193
    0.7401   -0.6707   -0.0482
    0.2442    0.3348   -0.9101
    0.6266    0.6618    0.4115
...   103 T-A ...
  -46.8625   62.0302  -94.3915
    0.7625   -0.4006   -0.5080
   -0.1621    0.6419   -0.7495
    0.6264    0.6538    0.4245
...   104 G-C ...
  -44.6978   64.3393  -93.3153
    0.4831    0.0284   -0.8751
   -0.5530    0.7848   -0.2798
    0.6788    0.6191    0.3949
...   105 C-G ...
  -42.1283   66.1097  -92.0798
    0.0791    0.4605   -0.8842
   -0.7189    0.6408    0.2694
    0.6906    0.6143    0.3817
...   106 T-A ...
  -39.6026   68.0421  -91.0281
   -0.3436    0.7252   -0.5967
   -0.6414    0.2829    0.7132
    0.6860    0.6278    0.3679
...   107 T-A ...
  -37.1738   69.9803  -90.0247
   -0.6331    0.7726   -0.0475
   -0.3341   -0.2174    0.9171
    0.6982    0.5965    0.3958
...   108 C-G ...
  -34.8029   71.9246  -88.7936
   -0.7319    0.4638    0.4992
    0.1003   -0.6513    0.7521
    0.6739    0.6006    0.4303
...   109 C-G ...
  -32.5958   74.1694  -87.5354
   -0.6296   -0.0369    0.7761
    0.4825   -0.8015    0.3533
    0.6090    0.5969    0.5224
...   110 G-C ...
  -30.4146   75.8853  -85.6173
   -0.3504   -0.5674    0.7452
    0.7640   -0.6334   -0.1231
    0.5418    0.5262    0.6554
...   111 G-C ...
  -28.9277   77.6250  -83.1444
    0.0563   -0.8778    0.4757
    0.8541   -0.2043   -0.4782
    0.5170    0.4332    0.7383
...   112 C-G ...
  -27.5888   78.8077  -80.3573
    0.4833   -0.8708    0.0903
    0.7059    0.3266   -0.6285
    0.5178    0.3675    0.7725
...   113 T-A ...
  -25.9589   79.6464  -77.5900
    0.7565   -0.5767   -0.3084
    0.3665    0.7645   -0.5304
    0.5416    0.2882    0.7897
...   114 C-G ...
  -24.0242   80.3900  -75.0250
    0.8229    0.0003   -0.5683
   -0.1439    0.9675   -0.2080
    0.5497    0.2529    0.7961
...   115 G-C ...
  -22.1587   81.6865  -72.5202
    0.5579    0.5589   -0.6134
   -0.5717    0.7947    0.2041
    0.6016    0.2368    0.7629
...   116 T-A ...
  -19.7182   82.0740  -70.2221
    0.1608    0.9044   -0.3953
   -0.7877    0.3589    0.5007
    0.5946    0.2309    0.7701
...   117 A-T ...
  -18.2202   82.6613  -67.1863
   -0.3718    0.9230    0.0989
   -0.7201   -0.3539    0.5969
    0.5859    0.1507    0.7962
...   118 T-A ...
  -15.9041   83.5060  -64.9768
   -0.6890    0.6044    0.4000
   -0.4324   -0.7857    0.4424
    0.5816    0.1319    0.8027
...   119 A-T ...
  -13.9915   83.7518  -62.2206
   -0.8513   -0.0129    0.5246
    0.0749   -0.9924    0.0971
    0.5194    0.1220    0.8458
...   120 A-T ...
  -12.4168   84.3029  -59.4494
   -0.6791   -0.5835    0.4453
    0.5494   -0.8064   -0.2188
    0.4868    0.0961    0.8682
...   121 T-A ...
  -11.3557   84.9767  -56.4342
   -0.3260   -0.9149    0.2381
    0.8230   -0.3986   -0.4047
    0.4652    0.0640    0.8829
...   122 G-C ...
   -9.7275   84.8010  -53.4938
    0.1462   -0.9772   -0.1538
    0.8899    0.1979   -0.4110
    0.4321   -0.0767    0.8986
...   123 T-A ...
   -8.8067   84.1143  -50.3934
    0.5852   -0.7155   -0.3816
    0.6872    0.6874   -0.2349
    0.4304   -0.1248    0.8940
...   124 G-C ...
   -6.9992   83.7643  -47.5857
    0.8550   -0.1500   -0.4965
    0.2268    0.9690    0.0978
    0.4665   -0.1962    0.8625
...   125 T-A ...
   -5.3931   82.4824  -44.9216
    0.8428    0.4053   -0.3541
   -0.2733    0.8891    0.3672
    0.4637   -0.2127    0.8601
...   126 C-G ...
   -3.7658   81.7044  -42.1285
    0.5021    0.8643   -0.0305
   -0.7376    0.4464    0.5067
    0.4515   -0.2319    0.8616
...   127 G-C ...
   -2.7235   80.9480  -38.9921
   -0.0591    0.9709    0.2321
   -0.8994   -0.1527    0.4097
    0.4332   -0.1846    0.8822
...   128 A-T ...
   -1.1934   80.2071  -36.1553
   -0.6029    0.6804    0.4166
   -0.6905   -0.7066    0.1547
    0.3997   -0.1944    0.8958
...   129 C-G ...
    0.4325   80.0690  -33.2657
   -0.8954    0.2014    0.3972
   -0.2632   -0.9588   -0.1072
    0.3592   -0.2005    0.9115
...   130 C-G ...
    1.6707   79.6774  -30.1362
   -0.9308   -0.3303    0.1564
    0.2713   -0.9112   -0.3100
    0.2449   -0.2462    0.9378
...   131 A-T ...
    2.4230   78.6850  -27.0055
   -0.6427   -0.7413   -0.1934
    0.7572   -0.5763   -0.3076
    0.1165   -0.3442    0.9317
...   132 A-T ...
    2.5590   77.5303  -23.9931
   -0.1039   -0.9171   -0.3848
    0.9913   -0.0641   -0.1148
    0.0806   -0.3934    0.9158
...   133 A-T ...
    2.5961   76.0993  -21.0886
    0.4833   -0.7766   -0.4041
    0.8733    0.4602    0.1600
    0.0618   -0.4302    0.9006
...   134 T-A ...
    2.3093   74.2288  -18.3854
    0.8657   -0.4292   -0.2574
    0.4984    0.7868    0.3642
    0.0462   -0.4436    0.8950
...   135 G-C ...
    1.4369   72.0949  -15.6002
    0.9809    0.0621    0.1844
   -0.1263    0.9241    0.3606
   -0.1480   -0.3770    0.9143
...   136 T-A ...
    0.5299   69.2374  -13.4652
    0.7353    0.4962    0.4617
   -0.6117    0.7791    0.1369
   -0.2918   -0.3831    0.8764
...   137 G-C ...
   -0.1631   67.4090  -10.8055
    0.1799    0.8794    0.4409
   -0.9276    0.3008   -0.2216
   -0.3275   -0.3691    0.8698
...   138 A-T ...
   -0.1294   66.2155   -7.8181
   -0.3749    0.8569    0.3537
   -0.8857   -0.2184   -0.4097
   -0.2739   -0.4669    0.8408
...   139 G-C ...
   -1.0031   65.6051   -4.9384
   -0.8337    0.5216    0.1812
   -0.5170   -0.6221   -0.5880
   -0.1940   -0.5840    0.7883
...   140 C-G ...
   -0.6941   63.8985   -2.2497
   -0.9992    0.0157   -0.0376
    0.0023   -0.8992   -0.4375
   -0.0406   -0.4373    0.8984
...   141 G-C ...
   -3.4331   60.2358    1.0302
   -0.4426    0.2288   -0.8671
    0.1684   -0.9285   -0.3310
   -0.8808   -0.2925    0.3724
...   142 C-G ...
   -6.3248   59.0805    1.6314
   -0.2968   -0.3279   -0.8969
    0.5658   -0.8170    0.1115
   -0.7693   -0.4743    0.4280
...   143 T-A ...
   -8.6732   58.7217    3.6047
   -0.0344   -0.7815   -0.6229
    0.6534   -0.4892    0.5777
   -0.7562   -0.3872    0.5275
...   144 C-G ...
  -11.6514   58.0075    4.7219
    0.2453   -0.9542   -0.1714
    0.6321    0.0234    0.7745
   -0.7350   -0.2984    0.6089
...   145 A-T ...
  -14.1726   56.5627    6.1819
    0.5795   -0.7268    0.3686
    0.3140    0.6165    0.7220
   -0.7520   -0.3027    0.5855
...   146 C-G ...
  -16.4615   53.8914    7.5169
    0.5336   -0.3333    0.7773
   -0.0346    0.9097    0.4138
   -0.8450   -0.2477    0.4739
...   147 A-T ...
  -19.0125   52.0328    8.9268
    0.2451    0.2906    0.9249
   -0.3073    0.9281   -0.2101
   -0.9195   -0.2327    0.3168
