  147 base-pairs
...     1 A-T ...
    0.0000    0.0000    0.0000
    1.0000    0.0000    0.0000
    0.0000    1.0000    0.0000
    0.0000    0.0000    1.0000
...     2 G-C ...
   -0.1404   -1.2353    3.2259
    0.7530    0.6366    0.1668
   -0.6385    0.7681   -0.0490
   -0.1593   -0.0696    0.9848
...     3 T-A ...
   -0.0377   -3.2918    6.3749
    0.2722    0.9302    0.2464
   -0.9238    0.3243   -0.2034
   -0.2691   -0.1722    0.9476
...     4 G-C ...
   -0.3520   -4.1638    9.4928
   -0.3756    0.9250    0.0576
   -0.8780   -0.3352   -0.3416
   -0.2967   -0.1788    0.9381
...     5 A-T ...
   -0.4480   -4.1448   12.7498
   -0.8116    0.5839   -0.0166
   -0.5522   -0.7762   -0.3042
   -0.1905   -0.2377    0.9525
...     6 G-C ...
   -1.5926   -4.1701   15.6201
   -0.9976    0.0246   -0.0651
   -0.0043   -0.9555   -0.2950
   -0.0694   -0.2940    0.9533
...     7 C-G ...
   -1.1050   -4.4793   18.7363
   -0.8442   -0.5302   -0.0787
    0.5343   -0.8442   -0.0430
   -0.0437   -0.0784    0.9960
...     8 G-C ...
   -2.4044   -7.7255   23.1483
   -0.2753   -0.3294   -0.9032
    0.6650   -0.7437    0.0686
   -0.6943   -0.5817    0.4238
...     9 C-G ...
   -4.4706   -9.9691   24.1142
    0.1145   -0.7026   -0.7023
    0.8512   -0.2951    0.4341
   -0.5123   -0.6475    0.5642
...    10 T-A ...
   -6.7420  -10.8705   25.9717
    0.4841   -0.8363   -0.2573
    0.6594    0.1554    0.7356
   -0.5752   -0.5257    0.6267
...    11 C-G ...
   -9.1682  -12.6167   27.1662
    0.7073   -0.6683    0.2306
    0.3450    0.6110    0.7125
   -0.6170   -0.4243    0.6627
...    12 A-T ...
  -10.9253  -14.6583   29.0713
    0.7515   -0.1377    0.6452
   -0.2027    0.8824    0.4245
   -0.6278   -0.4498    0.6352
...    13 C-G ...
  -11.8495  -17.4796   31.2472
    0.4294    0.2824    0.8578
   -0.5708    0.8209    0.0155
   -0.6998   -0.4963    0.5137
...    14 A-T ...
  -13.5915  -19.7756   33.4284
   -0.1503    0.6106    0.7775
   -0.6874    0.5007   -0.5261
   -0.7106   -0.6135    0.3445
...    15 A-T ...
  -15.6924  -21.9218   34.6962
   -0.5432    0.7670    0.3415
   -0.4463    0.0808   -0.8912
   -0.7112   -0.6365    0.2984
...    16 T-A ...
  -17.7842  -23.9137   36.2738
   -0.6868    0.7093   -0.1585
   -0.0961   -0.3048   -0.9476
   -0.7204   -0.6356    0.2775
...    17 T-A ...
  -20.1302  -25.8656   37.3322
   -0.5859    0.4512   -0.6731
    0.3133   -0.6399   -0.7017
   -0.7473   -0.6220    0.2336
...    18 T-A ...
  -22.6570  -27.7054   38.1051
   -0.2602    0.0709   -0.9629
    0.5782   -0.7872   -0.2142
   -0.7733   -0.6125    0.1638
...    19 A-T ...
  -25.5113  -29.4352   38.2303
    0.2402   -0.2182   -0.9459
    0.5763   -0.7520    0.3199
   -0.7811   -0.6220   -0.0549
...    20 T-A ...
  -28.3103  -30.9890   37.5984
    0.5220   -0.5408   -0.6596
    0.3613   -0.5603    0.7453
   -0.7726   -0.6274   -0.0971
...    21 T-A ...
  -30.8211  -32.9384   36.9729
    0.6396   -0.7589   -0.1226
   -0.0223   -0.1778    0.9838
   -0.7684   -0.6265   -0.1306
...    22 C-G ...
  -33.1491  -35.1864   36.3995
    0.5020   -0.7174    0.4830
   -0.4298    0.2776    0.8592
   -0.7505   -0.6389   -0.1690
...    23 G-C ...
  -35.7740  -37.2691   36.2731
    0.1849   -0.4052    0.8954
   -0.6785    0.6064    0.4145
   -0.7109   -0.6842   -0.1628
...    24 C-G ...
  -37.8741  -39.8075   35.6614
   -0.2242    0.0064    0.9745
   -0.6637    0.7312   -0.1576
   -0.7136   -0.6822   -0.1597
...    25 A-T ...
  -40.3915  -41.8284   34.8793
   -0.5377    0.4706    0.6996
   -0.3894    0.5974   -0.7011
   -0.7479   -0.6494   -0.1380
...    26 A-T ...
  -42.7200  -44.0839   34.6157
   -0.6717    0.7216    0.1675
    0.0166    0.2408   -0.9704
   -0.7407   -0.6490   -0.1737
...    27 A-T ...
  -45.1592  -46.1803   34.2532
   -0.5212    0.7519   -0.4037
    0.4071   -0.1967   -0.8920
   -0.7501   -0.6293   -0.2035
...    28 G-C ...
  -47.8176  -48.0450   33.7171
   -0.1461    0.6109   -0.7781
    0.6197   -0.5566   -0.5533
   -0.7711   -0.5630   -0.2973
...    29 G-C ...
  -50.6179  -49.5364   32.6144
    0.3083    0.2968   -0.9038
    0.5729   -0.8164   -0.0727
   -0.7594   -0.4954   -0.4218
...    30 C-G ...
  -53.2084  -50.6530   30.9206
    0.6228   -0.1500   -0.7679
    0.2847   -0.8707    0.4010
   -0.7288   -0.4684   -0.4995
...    31 C-G ...
  -55.3625  -52.0536   28.7257
    0.7397   -0.5551   -0.3805
   -0.1510   -0.6879    0.7099
   -0.6558   -0.4676   -0.5927
...    32 G-C ...
  -57.3145  -54.0829   26.8709
    0.5683   -0.8118    0.1345
   -0.6037   -0.3003    0.7385
   -0.5591   -0.5009   -0.6607
...    33 G-C ...
  -58.8173  -55.9701   24.4729
    0.1523   -0.8223    0.5483
   -0.8441    0.1803    0.5049
   -0.5140   -0.5397   -0.6667
...    34 C-G ...
  -60.1930  -57.9619   22.1441
   -0.3504   -0.5753    0.7391
   -0.7866    0.6091    0.1012
   -0.5085   -0.5459   -0.6659
...    35 C-G ...
  -61.7223  -59.9958   19.8921
   -0.7110   -0.1092    0.6946
   -0.4479    0.8319   -0.3276
   -0.5421   -0.5441   -0.6404
...    36 C-G ...
  -63.3945  -62.0628   17.7771
   -0.8002    0.4080    0.4396
    0.0368    0.7650   -0.6429
   -0.5986   -0.4983   -0.6272
...    37 G-C ...
  -65.1764  -63.5014   15.3044
   -0.5582    0.8251    0.0876
    0.5002    0.4189   -0.7578
   -0.6619   -0.3792   -0.6466
...    38 A-T ...
  -67.3453  -64.7816   13.2359
   -0.1160    0.9408   -0.3185
    0.7370   -0.1334   -0.6626
   -0.6658   -0.3116   -0.6779
...    39 C-G ...
  -69.9336  -65.4681   11.3690
    0.3260    0.7577   -0.5653
    0.6816   -0.6028   -0.4149
   -0.6551   -0.2500   -0.7130
...    40 A-T ...
  -71.9994  -66.1465    8.8162
    0.7403    0.3337   -0.5837
    0.3530   -0.9318   -0.0851
   -0.5722   -0.1430   -0.8075
...    41 C-G ...
  -73.8186  -65.9147    6.0831
    0.8423   -0.1922   -0.5036
   -0.1046   -0.9748    0.1970
   -0.5288   -0.1132   -0.8412
...    42 G-C ...
  -75.2720  -66.7154    3.1504
    0.6826   -0.6953   -0.2248
   -0.6054   -0.7104    0.3591
   -0.4094   -0.1090   -0.9058
...    43 A-T ...
  -76.4180  -67.1057    0.0728
    0.1797   -0.9831    0.0343
   -0.9069   -0.1520    0.3931
   -0.3812   -0.1017   -0.9189
...    44 C-G ...
  -77.0549  -67.5462   -3.2042
   -0.3410   -0.9114    0.2305
   -0.8651    0.4002    0.3024
   -0.3678   -0.0963   -0.9249
...    45 T-A ...
  -78.0571  -68.1150   -6.3436
   -0.7532   -0.5432    0.3709
   -0.5391    0.8329    0.1249
   -0.3768   -0.1058   -0.9202
...    46 T-A ...
  -79.0795  -68.6916   -9.3908
   -0.9402    0.0464    0.3373
    0.0176    0.9960   -0.0881
   -0.3401   -0.0769   -0.9373
...    47 A-T ...
  -80.0166  -68.6392  -12.6269
   -0.7143    0.6596    0.2338
    0.6101    0.7506   -0.2535
   -0.3427   -0.0384   -0.9386
...    48 C-G ...
  -81.5946  -69.0813  -15.4846
   -0.2687    0.9565    0.1134
    0.8966    0.2914   -0.3334
   -0.3519    0.0121   -0.9360
...    49 T-A ...
  -83.0396  -68.8797  -18.4503
    0.2786    0.9603    0.0161
    0.8975   -0.2543   -0.3603
   -0.3419    0.1148   -0.9327
...    50 G-C ...
  -83.9457  -68.2252  -21.6161
    0.7761    0.6288   -0.0476
    0.5760   -0.7376   -0.3525
   -0.2567    0.2462   -0.9346
...    51 T-A ...
  -84.8467  -66.7925  -24.4311
    0.9750    0.1366   -0.1754
    0.0788   -0.9501   -0.3017
   -0.2078    0.2803   -0.9371
...    52 A-T ...
  -85.3340  -65.9396  -27.6343
    0.8374   -0.4767   -0.2672
   -0.5303   -0.8271   -0.1863
   -0.1322    0.2977   -0.9455
...    53 G-C ...
  -85.4227  -64.7710  -30.7583
    0.4211   -0.8591   -0.2910
   -0.9033   -0.4261   -0.0491
   -0.0818    0.2835   -0.9555
...    54 G-C ...
  -85.3187  -63.9398  -34.0539
   -0.1560   -0.9609   -0.2288
   -0.9864    0.1393    0.0874
   -0.0521    0.2394   -0.9695
...    55 T-A ...
  -84.8992  -63.3859  -37.3496
   -0.6661   -0.7304   -0.1509
   -0.7441    0.6369    0.2017
   -0.0512    0.2466   -0.9678
...    56 A-T ...
  -85.1896  -61.9332  -40.4361
   -0.9938   -0.1050   -0.0367
   -0.1112    0.9498    0.2924
    0.0042    0.2946   -0.9556
...    57 T-A ...
  -85.2375  -61.6104  -43.7289
   -0.9074    0.4047    0.1136
    0.4200    0.8614    0.2857
    0.0177    0.3069   -0.9516
...    58 C-G ...
  -85.1743  -60.6686  -46.8853
   -0.4768    0.8230    0.3088
    0.8790    0.4436    0.1749
    0.0070    0.3548   -0.9349
...    59 T-A ...
  -85.4702  -59.4261  -49.9451
    0.0658    0.8958    0.4395
    0.9978   -0.0591   -0.0288
    0.0002    0.4405   -0.8978
...    60 C-G ...
  -85.5006  -57.8556  -52.8133
    0.6385    0.6578    0.3994
    0.7691   -0.5643   -0.3001
    0.0280    0.4988   -0.8663
...    61 G-C ...
  -84.9412  -56.1905  -55.6975
    0.9473    0.1546    0.2807
    0.2877   -0.7960   -0.5325
    0.1411    0.5852   -0.7985
...    62 A-T ...
  -84.2826  -54.1707  -58.2132
    0.9259   -0.3722   -0.0644
   -0.3277   -0.7067   -0.6270
    0.1878    0.6017   -0.7763
...    63 G-C ...
  -83.3597  -52.0264  -60.5998
    0.5887   -0.7222   -0.3630
   -0.7711   -0.3670   -0.5203
    0.2425    0.5863   -0.7730
...    64 C-G ...
  -82.0944  -50.1316  -63.0620
    0.0471   -0.8118   -0.5820
   -0.9619    0.1201   -0.2455
    0.2692    0.5714   -0.7753
...    65 T-A ...
  -80.8909  -48.4086  -65.6713
   -0.4978   -0.6192   -0.6073
   -0.8228    0.5586    0.1048
    0.2743    0.5518   -0.7875
...    66 C-G ...
  -79.8868  -46.6321  -68.2857
   -0.8972   -0.1479   -0.4162
   -0.3499    0.8131    0.4653
    0.2696    0.5631   -0.7812
...    67 G-C ...
  -78.9445  -44.3514  -70.6029
   -0.9553    0.2955    0.0040
    0.2305    0.7367    0.6357
    0.1850    0.6082   -0.7719
...    68 G-C ...
  -78.3655  -42.4752  -73.3629
   -0.6817    0.5935    0.4278
    0.7200    0.4408    0.5360
    0.1295    0.6734   -0.7278
...    69 G-C ...
  -78.1754  -40.2583  -75.9020
   -0.1892    0.6575    0.7293
    0.9763    0.0462    0.2116
    0.1054    0.7520   -0.6507
...    70 A-T ...
  -77.8970  -37.7429  -77.9692
    0.4109    0.5062    0.7582
    0.9037   -0.3359   -0.2655
    0.1203    0.7943   -0.5955
...    71 T-A ...
  -77.9884  -34.8667  -79.5278
    0.8073    0.2434    0.5376
    0.5742   -0.5344   -0.6203
    0.1363    0.8094   -0.5712
...    72 C-G ...
  -77.3702  -32.1295  -81.2175
    0.9839   -0.1536    0.0915
   -0.0062   -0.5411   -0.8409
    0.1787    0.8268   -0.5333
...    73 C-G ...
  -76.3191  -29.3002  -82.7620
    0.7999   -0.4819   -0.3577
   -0.5385   -0.3133   -0.7822
    0.2649    0.8183   -0.5101
...    74 G-C ...
  -75.5118  -26.7860  -84.8736
    0.3205   -0.6211   -0.7152
   -0.8841    0.0749   -0.4612
    0.3400    0.7802   -0.5251
...    75 C-G ...
  -73.9811  -24.3348  -86.5832
   -0.2402   -0.4790   -0.8443
   -0.9060    0.4229    0.0178
    0.3485    0.7692   -0.5356
...    76 T-A ...
  -72.5902  -21.9659  -88.5002
   -0.7081   -0.1837   -0.6818
   -0.6222    0.6189    0.4794
    0.3339    0.7637   -0.5525
...    77 T-A ...
  -71.3098  -19.6532  -90.4149
   -0.9290    0.2394   -0.2822
   -0.0928    0.5876    0.8038
    0.3582    0.7730   -0.5236
...    78 T-A ...
  -70.1261  -17.2810  -92.3012
   -0.8085    0.5367    0.2414
    0.4598    0.3202    0.8283
    0.3672    0.7807   -0.5057
...    79 A-T ...
  -68.8300  -14.6031  -93.8571
   -0.3983    0.5491    0.7347
    0.8566   -0.0638    0.5121
    0.3281    0.8333   -0.4449
...    80 A-T ...
  -67.9664  -11.8325  -95.2894
    0.1500    0.3793    0.9130
    0.9331   -0.3595   -0.0040
    0.3267    0.8526   -0.4078
...    81 C-G ...
  -67.4354   -8.7634  -96.3626
    0.6034    0.0859    0.7928
    0.7210   -0.4836   -0.4963
    0.3408    0.8711   -0.3537
...    82 T-A ...
  -66.3456   -5.7262  -97.1417
    0.8700   -0.2527    0.4233
    0.3015   -0.4065   -0.8625
    0.3901    0.8780   -0.2775
...    83 C-G ...
  -64.8720   -2.8793  -97.8899
    0.8680   -0.4652   -0.1739
   -0.2657   -0.1391   -0.9540
    0.4196    0.8742   -0.2443
...    84 A-T ...
  -63.4697   -0.0419  -98.9802
    0.5145   -0.5024   -0.6949
   -0.7101    0.2047   -0.6737
    0.4807    0.8401   -0.2514
...    85 T-A ...
  -61.3361    2.4701  -99.4404
    0.0789   -0.2918   -0.9532
   -0.8761    0.4359   -0.2059
    0.4756    0.8514   -0.2213
...    86 G-C ...
  -60.0614    5.4574 -100.2315
   -0.4864   -0.0031   -0.8737
   -0.7410    0.5312    0.4107
    0.4628    0.8472   -0.2607
...    87 T-A ...
  -58.1541    7.9359 -101.4669
   -0.8160    0.2773   -0.5073
   -0.3653    0.4328    0.8242
    0.4481    0.8578   -0.2518
...    88 T-A ...
  -56.6024   10.6145 -102.4798
   -0.8719    0.4843    0.0725
    0.1731    0.1663    0.9708
    0.4581    0.8590   -0.2289
...    89 A-T ...
  -54.9988   13.5152 -103.0552
   -0.6176    0.4171    0.6668
    0.6698   -0.1655    0.7239
    0.4123    0.8937   -0.1771
...    90 T-A ...
  -54.2176   16.5729 -103.9381
   -0.2018    0.2470    0.9478
    0.8917   -0.3540    0.2821
    0.4052    0.9020   -0.1488
...    91 A-T ...
  -52.8632   19.6245 -104.2138
    0.3081   -0.1202    0.9437
    0.8587   -0.3919   -0.3302
    0.4095    0.9121   -0.0175
...    92 A-T ...
  -51.6579   22.6276 -104.0519
    0.7357   -0.3486    0.5807
    0.5345   -0.2279   -0.8139
    0.4161    0.9091    0.0186
...    93 C-G ...
  -50.4252   25.6264 -103.3094
    0.8962   -0.4406    0.0523
    0.0710    0.0261   -0.9971
    0.4379    0.8973    0.0547
...    94 G-C ...
  -48.6971   28.5391 -103.5473
    0.7379   -0.3994   -0.5440
   -0.4292    0.3443   -0.8350
    0.5208    0.8497    0.0826
...    95 G-C ...
  -46.6281   31.2209 -103.2114
    0.3389   -0.1646   -0.9263
   -0.7558    0.5387   -0.3722
    0.5603    0.8262    0.0582
...    96 A-T ...
  -44.6800   33.9009 -102.9652
   -0.1943    0.2129   -0.9576
   -0.8068    0.5205    0.2795
    0.5579    0.8269    0.0706
...    97 A-T ...
  -42.6345   36.4483 -102.8137
   -0.6145    0.5187   -0.5944
   -0.5461    0.2641    0.7950
    0.5694    0.8131    0.1210
...    98 C-G ...
  -40.5210   39.0367 -102.9680
   -0.8247    0.5616   -0.0673
   -0.1300   -0.0723    0.9889
    0.5505    0.8242    0.1327
...    99 T-A ...
  -38.7891   41.8838 -102.7764
   -0.7997    0.3681    0.4743
    0.3412   -0.3714    0.8635
    0.4940    0.8524    0.1715
...   100 T-A ...
  -37.2989   44.7281 -102.3383
   -0.4732    0.0527    0.8794
    0.7391   -0.5195    0.4289
    0.4794    0.8528    0.2069
...   101 T-A ...
  -35.9204   47.5731 -101.6455
    0.0173   -0.2947    0.9554
    0.8820   -0.4455   -0.1534
    0.4709    0.8454    0.2522
...   102 A-T ...
  -34.2276   50.2898 -100.6266
    0.4963   -0.5856    0.6409
    0.7189   -0.1367   -0.6816
    0.4867    0.7990    0.3532
...   103 T-A ...
  -33.0219   52.8185  -98.8983
    0.7931   -0.5780    0.1924
    0.3664    0.2003   -0.9086
    0.4866    0.7911    0.3706
...   104 G-C ...
  -31.1012   55.4039  -97.9355
    0.8229   -0.3859   -0.4171
   -0.1549    0.5538   -0.8181
    0.5467    0.7378    0.3960
...   105 C-G ...
  -28.9911   57.5476  -96.4232
    0.5809   -0.0060   -0.8139
   -0.5828    0.6950   -0.4211
    0.5682    0.7190    0.4003
...   106 T-A ...
  -26.8170   59.7472  -95.1059
    0.1450    0.3797   -0.9137
   -0.8004    0.5879    0.1173
    0.5817    0.7143    0.3892
...   107 T-A ...
  -24.6796   61.8811  -93.8395
   -0.3369    0.6965   -0.6335
   -0.7412    0.2186    0.6346
    0.5805    0.6834    0.4426
...   108 C-G ...
  -22.6591   64.0798  -92.3785
   -0.7316    0.6722   -0.1135
   -0.3893   -0.2753    0.8790
    0.5596    0.6872    0.4632
...   109 C-G ...
  -20.6469   66.4801  -91.0420
   -0.8735    0.3330    0.3551
    0.0832   -0.6166    0.7829
    0.4797    0.7134    0.5109
...   110 G-C ...
  -18.9163   68.6172  -89.0457
   -0.7354   -0.1856    0.6518
    0.5656   -0.6979    0.4395
    0.3733    0.6918    0.6181
...   111 G-C ...
  -17.9525   71.0717  -86.9375
   -0.3431   -0.6219    0.7040
    0.8854   -0.4644    0.0213
    0.3137    0.6306    0.7099
...   112 C-G ...
  -17.4189   73.1460  -84.4086
    0.1810   -0.8181    0.5459
    0.9374   -0.0244   -0.3474
    0.2976    0.5746    0.7624
...   113 T-A ...
  -16.6566   74.7924  -81.6278
    0.6383   -0.7411    0.2080
    0.7066    0.4569   -0.5403
    0.3053    0.4918    0.8154
...   114 C-G ...
  -15.5187   76.1792  -78.8629
    0.9298   -0.3226   -0.1774
    0.1904    0.8338   -0.5181
    0.3151    0.4480    0.8367
...   115 G-C ...
  -14.1466   77.9932  -76.3288
    0.8452    0.2141   -0.4898
   -0.3708    0.8947   -0.2489
    0.3850    0.3920    0.8356
...   116 T-A ...
  -12.4624   78.7836  -73.5086
    0.5030    0.6791   -0.5345
   -0.7751    0.6281    0.0687
    0.3824    0.3798    0.8424
...   117 A-T ...
  -12.0018   80.1426  -70.3135
   -0.1471    0.9632   -0.2250
   -0.9251   -0.0535    0.3760
    0.3501    0.2634    0.8989
...   118 T-A ...
  -10.2620   81.1517  -67.6599
   -0.6072    0.7939    0.0338
   -0.7128   -0.5630    0.4183
    0.3511    0.2299    0.9077
...   119 A-T ...
   -9.2075   81.4129  -64.4188
   -0.9266    0.2236    0.3023
   -0.1468   -0.9553    0.2565
    0.3461    0.1933    0.9181
...   120 A-T ...
   -8.1089   82.2099  -61.4696
   -0.8445   -0.3855    0.3717
    0.4215   -0.9067    0.0174
    0.3303    0.1714    0.9282
...   121 T-A ...
   -7.4813   83.2355  -58.4220
   -0.5168   -0.8036    0.2952
    0.7976   -0.5772   -0.1751
    0.3111    0.1450    0.9392
...   122 G-C ...
   -6.3725   83.3718  -55.2331
    0.0052   -1.0000    0.0065
    0.9639    0.0033   -0.2664
    0.2664    0.0077    0.9638
...   123 T-A ...
   -6.0649   83.0594  -51.9598
    0.5137   -0.8377   -0.1853
    0.8151    0.5439   -0.1995
    0.2679   -0.0485    0.9622
...   124 G-C ...
   -4.7529   82.8552  -48.8565
    0.8784   -0.3323   -0.3435
    0.3604    0.9326    0.0192
    0.3140   -0.1407    0.9389
...   125 T-A ...
   -3.6839   81.7299  -45.8817
    0.9297    0.2413   -0.2784
   -0.1797    0.9567    0.2292
    0.3216   -0.1630    0.9327
...   126 C-G ...
   -2.4696   81.1344  -42.8389
    0.6191    0.7835   -0.0533
   -0.7176    0.5920    0.3668
    0.3190   -0.1888    0.9288
...   127 G-C ...
   -1.8297   80.7011  -39.5168
    0.0434    0.9875    0.1514
   -0.9438   -0.0092    0.3303
    0.3275   -0.1572    0.9317
...   128 A-T ...
   -0.6456   80.0554  -36.4739
   -0.5551    0.7643    0.3281
   -0.7724   -0.6201    0.1377
    0.3087   -0.1770    0.9346
...   129 C-G ...
    0.7647   79.9214  -33.4358
   -0.8960    0.2972    0.3300
   -0.3416   -0.9361   -0.0844
    0.2838   -0.1883    0.9402
...   130 C-G ...
    1.8389   79.5124  -30.2306
   -0.9567   -0.2634    0.1238
    0.2228   -0.9365   -0.2708
    0.1872   -0.2315    0.9547
...   131 A-T ...
    2.5304   78.5128  -27.0777
   -0.6633   -0.7233   -0.1918
    0.7437   -0.6090   -0.2756
    0.0826   -0.3255    0.9419
...   132 A-T ...
    2.6020   77.4354  -24.0302
   -0.1147   -0.9229   -0.3676
    0.9917   -0.0850   -0.0962
    0.0576   -0.3756    0.9250
...   133 A-T ...
    2.6105   76.0724  -21.0944
    0.4808   -0.7842   -0.3923
    0.8754    0.4545    0.1643
    0.0495   -0.4224    0.9050
...   134 T-A ...
    2.3095   74.2287  -18.3854
    0.8657   -0.4292   -0.2574
    0.4984    0.7868    0.3642
    0.0462   -0.4436    0.8950
...   135 G-C ...
    1.4371   72.0949  -15.6002
    0.9809    0.0621    0.1844
   -0.1263    0.9241    0.3606
   -0.1480   -0.3770    0.9143
...   136 T-A ...
    0.5301   69.2373  -13.4652
    0.7353    0.4962    0.4617
   -0.6117    0.7791    0.1369
   -0.2918   -0.3831    0.8764
...   137 G-C ...
   -0.1630   67.4090  -10.8055
    0.1799    0.8794    0.4409
   -0.9276    0.3008   -0.2216
   -0.3275   -0.3691    0.8698
...   138 A-T ...
   -0.1293   66.2154   -7.8180
   -0.3749    0.8569    0.3537
   -0.8857   -0.2184   -0.4097
   -0.2739   -0.4669    0.8408
...   139 G-C ...
   -1.0030   65.6050   -4.9383
   -0.8337    0.5216    0.1812
   -0.5170   -0.6221   -0.5880
   -0.1940   -0.5840    0.7883
...   140 C-G ...
   -0.6940   63.8984   -2.2497
   -0.9992    0.0157   -0.0376
    0.0023   -0.8992   -0.4375
   -0.0406   -0.4373    0.8984
...   141 G-C ...
   -3.4330   60.2357    1.0302
   -0.4426    0.2288   -0.8671
    0.1684   -0.9285   -0.3310
   -0.8808   -0.2925    0.3724
...   142 C-G ...
   -6.3246   59.0804    1.6314
   -0.2968   -0.3279   -0.8969
    0.5658   -0.8170    0.1115
   -0.7693   -0.4743    0.4280
...   143 T-A ...
   -8.6731   58.7216    3.6047
   -0.0344   -0.7815   -0.6229
    0.6534   -0.4892    0.5777
   -0.7562   -0.3872    0.5275
...   144 C-G ...
  -11.6513   58.0074    4.7219
    0.2453   -0.9542   -0.1714
    0.6321    0.0234    0.7745
   -0.7350   -0.2984    0.6089
...   145 A-T ...
  -14.1725   56.5626    6.1819
    0.5795   -0.7268    0.3686
    0.3140    0.6165    0.7220
   -0.7520   -0.3027    0.5855
...   146 C-G ...
  -16.4613   53.8913    7.5170
    0.5336   -0.3333    0.7773
   -0.0346    0.9097    0.4138
   -0.8450   -0.2477    0.4739
...   147 A-T ...
  -19.0124   52.0328    8.9268
    0.2451    0.2906    0.9249
   -0.3073    0.9281   -0.2101
   -0.9195   -0.2327    0.3168
