  147 base-pairs
...     1 A-T ...
    0.0000    0.0000    0.0000
    1.0000    0.0000    0.0000
    0.0000    1.0000    0.0000
    0.0000    0.0000    1.0000
...     2 G-C ...
   -0.1404   -1.2353    3.2259
    0.7530    0.6366    0.1668
   -0.6385    0.7681   -0.0490
   -0.1593   -0.0696    0.9848
...     3 T-A ...
   -0.0377   -3.2918    6.3749
    0.2722    0.9302    0.2464
   -0.9238    0.3243   -0.2034
   -0.2691   -0.1722    0.9476
...     4 G-C ...
   -0.3520   -4.1638    9.4928
   -0.3756    0.9250    0.0576
   -0.8780   -0.3352   -0.3416
   -0.2967   -0.1788    0.9381
...     5 A-T ...
   -0.4480   -4.1448   12.7498
   -0.8116    0.5839   -0.0166
   -0.5522   -0.7762   -0.3042
   -0.1905   -0.2377    0.9525
...     6 G-C ...
   -1.5926   -4.1701   15.6201
   -0.9976    0.0246   -0.0651
   -0.0043   -0.9555   -0.2950
   -0.0694   -0.2940    0.9533
...     7 C-G ...
   -1.1050   -4.4793   18.7363
   -0.8442   -0.5302   -0.0787
    0.5343   -0.8442   -0.0430
   -0.0437   -0.0784    0.9960
...     8 G-C ...
   -2.4044   -7.7255   23.1483
   -0.2753   -0.3294   -0.9032
    0.6650   -0.7437    0.0686
   -0.6943   -0.5817    0.4238
...     9 C-G ...
   -4.4706   -9.9691   24.1142
    0.1145   -0.7026   -0.7023
    0.8512   -0.2951    0.4341
   -0.5123   -0.6475    0.5642
...    10 T-A ...
   -6.7420  -10.8705   25.9717
    0.4841   -0.8363   -0.2573
    0.6594    0.1554    0.7356
   -0.5752   -0.5257    0.6267
...    11 C-G ...
   -9.1682  -12.6167   27.1662
    0.7073   -0.6683    0.2306
    0.3450    0.6110    0.7125
   -0.6170   -0.4243    0.6627
...    12 A-T ...
  -10.9253  -14.6583   29.0713
    0.7515   -0.1377    0.6452
   -0.2027    0.8824    0.4245
   -0.6278   -0.4498    0.6352
...    13 C-G ...
  -11.8495  -17.4796   31.2472
    0.4294    0.2824    0.8578
   -0.5708    0.8209    0.0155
   -0.6998   -0.4963    0.5137
...    14 A-T ...
  -13.5915  -19.7756   33.4284
   -0.1503    0.6106    0.7775
   -0.6874    0.5007   -0.5261
   -0.7106   -0.6135    0.3445
...    15 A-T ...
  -15.7163  -21.9005   34.6795
   -0.5316    0.7775    0.3359
   -0.4463    0.0800   -0.8913
   -0.7199   -0.6237    0.3045
...    16 T-A ...
  -17.8450  -23.8290   36.2669
   -0.6675    0.7257   -0.1667
   -0.1045   -0.3129   -0.9440
   -0.7373   -0.6127    0.2847
...    17 T-A ...
  -20.2632  -25.6885   37.3151
   -0.5629    0.4673   -0.6817
    0.2891   -0.6614   -0.6921
   -0.7743   -0.5867    0.2372
...    18 T-A ...
  -22.8802  -27.4027   38.0724
   -0.2479    0.0691   -0.9663
    0.5388   -0.8192   -0.1968
   -0.8052   -0.5694    0.1658
...    19 A-T ...
  -25.7834  -29.0491   38.1934
    0.2310   -0.2735   -0.9337
    0.5259   -0.7723    0.3563
   -0.8186   -0.5734   -0.0346
...    20 T-A ...
  -28.6867  -30.4439   37.6072
    0.4832   -0.6118   -0.6263
    0.3164   -0.5450    0.7765
   -0.8163   -0.5734   -0.0698
...    21 T-A ...
  -31.3596  -32.2094   37.0625
    0.5634   -0.8235   -0.0671
   -0.0426   -0.1100    0.9930
   -0.8251   -0.5566   -0.0970
...    22 C-G ...
  -33.9351  -34.2210   36.6083
    0.4123   -0.7329    0.5411
   -0.4001    0.3879    0.8303
   -0.8185   -0.5589   -0.1333
...    23 G-C ...
  -36.8493  -35.8909   36.5465
    0.1205   -0.3535    0.9276
   -0.5890    0.7267    0.3535
   -0.7991   -0.5890   -0.1207
...    24 C-G ...
  -39.2959  -38.1293   36.0374
   -0.2251    0.1213    0.9667
   -0.5426    0.8085   -0.2278
   -0.8093   -0.5758   -0.1162
...    25 A-T ...
  -42.0946  -39.8015   35.3571
   -0.4491    0.6116    0.6514
   -0.2848    0.5930   -0.7531
   -0.8469   -0.5237   -0.0921
...    26 A-T ...
  -44.7856  -41.6123   35.2421
   -0.5236    0.8456    0.1041
    0.0486    0.1516   -0.9872
   -0.8506   -0.5118   -0.1205
...    27 A-T ...
  -47.5872  -43.2071   35.0292
   -0.3644    0.8084   -0.4622
    0.3425   -0.3453   -0.8738
   -0.8660   -0.4767   -0.1511
...    28 G-C ...
  -50.5916  -44.4911   34.6357
   -0.0283    0.5654   -0.8243
    0.4726   -0.7191   -0.5095
   -0.8808   -0.4040   -0.2469
...    29 G-C ...
  -53.6718  -45.3657   33.6018
    0.3419    0.1460   -0.9283
    0.3683   -0.9297   -0.0106
   -0.8646   -0.3382   -0.3716
...    30 C-G ...
  -56.4900  -45.9860   31.9958
    0.5415   -0.3581   -0.7606
    0.0800   -0.8787    0.4706
   -0.8369   -0.3157   -0.4472
...    31 C-G ...
  -58.9978  -47.0078   29.9584
    0.5555   -0.7577   -0.3425
   -0.2936   -0.5641    0.7717
   -0.7779   -0.3282   -0.5359
...    32 G-C ...
  -61.5410  -48.5632   28.3738
    0.3253   -0.9253    0.1951
   -0.6246   -0.0553    0.7790
   -0.7100   -0.3752   -0.5959
...    33 G-C ...
  -63.6833  -50.0496   26.1891
   -0.0643   -0.7829    0.6188
   -0.7220    0.4645    0.5128
   -0.6889   -0.4138   -0.5952
...    34 C-G ...
  -65.7225  -51.6696   24.0630
   -0.4592   -0.3791    0.8034
   -0.5555    0.8283    0.0734
   -0.6933   -0.4125   -0.5909
...    35 C-G ...
  -67.9168  -53.2779   22.0248
   -0.6546    0.1744    0.7356
   -0.1877    0.9051   -0.3815
   -0.7323   -0.3878   -0.5597
...    36 C-G ...
  -70.3002  -54.8504   20.1867
   -0.5854    0.6759    0.4477
    0.2258    0.6662   -0.7107
   -0.7787   -0.3150   -0.5427
...    37 G-C ...
  -72.7010  -55.7546   17.9994
   -0.2419    0.9686    0.0573
    0.5325    0.1819   -0.8267
   -0.8111   -0.1695   -0.5597
...    38 A-T ...
  -75.3732  -56.2849   16.2155
    0.1752    0.9058   -0.3859
    0.5729   -0.4125   -0.7082
   -0.8007   -0.0970   -0.5912
...    39 C-G ...
  -78.2252  -56.1021   14.6325
    0.4999    0.5677   -0.6540
    0.3822   -0.8223   -0.4217
   -0.7772   -0.0391   -0.6280
...    40 A-T ...
  -80.6563  -56.1294   12.3220
    0.7311    0.0189   -0.6820
   -0.0090   -0.9993   -0.0372
   -0.6822    0.0333   -0.7304
...    41 C-G ...
  -82.6164  -55.3802    9.7653
    0.6424   -0.5092   -0.5728
   -0.4179   -0.8592    0.2952
   -0.6425    0.0498   -0.7647
...    42 G-C ...
  -84.6908  -55.7158    7.1257
    0.3355   -0.9102   -0.2429
   -0.7635   -0.4138    0.4958
   -0.5518    0.0192   -0.8338
...    43 A-T ...
  -86.3667  -55.7082    4.2684
   -0.2022   -0.9743    0.0991
   -0.8221    0.2239    0.5234
   -0.5322    0.0244   -0.8463
...    44 C-G ...
  -87.6381  -55.9406    1.1560
   -0.6210   -0.6976    0.3572
   -0.5835    0.7158    0.3836
   -0.5233    0.0298   -0.8516
...    45 T-A ...
  -89.2845  -56.1326   -1.7493
   -0.8281   -0.1919    0.5267
   -0.1450    0.9809    0.1295
   -0.5415    0.0309   -0.8401
...    46 T-A ...
  -90.9717  -56.2983   -4.5347
   -0.7686    0.4207    0.4820
    0.3841    0.9059   -0.1784
   -0.5117    0.0480   -0.8578
...    47 A-T ...
  -92.4891  -55.9491   -7.5133
   -0.3422    0.8842    0.3180
    0.7834    0.4554   -0.4229
   -0.5187    0.1044   -0.8485
...    48 C-G ...
  -94.6798  -55.7011   -9.9535
    0.1497    0.9841    0.0954
    0.8459   -0.0775   -0.5277
   -0.5119    0.1597   -0.8440
...    49 T-A ...
  -96.5369  -54.8904  -12.5655
    0.6232    0.7740   -0.1121
    0.6257   -0.5794   -0.5222
   -0.4692    0.2553   -0.8454
...    50 G-C ...
  -97.7785  -53.8757  -15.5170
    0.9245    0.2719   -0.2671
    0.1440   -0.8981   -0.4155
   -0.3529    0.3457   -0.8695
...    51 T-A ...
  -98.6946  -52.1387  -18.1658
    0.8757   -0.2579   -0.4081
   -0.3746   -0.8963   -0.2374
   -0.3046    0.3608   -0.8815
...    52 A-T ...
  -99.7134  -51.1472  -21.2157
    0.4623   -0.7649   -0.4485
   -0.8476   -0.5298    0.0298
   -0.2604    0.3664   -0.8933
...    53 G-C ...
 -100.2143  -49.8816  -24.2684
   -0.0676   -0.9402   -0.3339
   -0.9701   -0.0163    0.2421
   -0.2331    0.3403   -0.9110
...    54 G-C ...
 -100.7470  -48.9166  -27.4845
   -0.5932   -0.7986   -0.1017
   -0.7687    0.5243    0.3664
   -0.2392    0.2955   -0.9249
...    55 T-A ...
 -101.1451  -48.3759  -30.7831
   -0.9155   -0.3865    0.1120
   -0.3221    0.8706    0.3720
   -0.2413    0.3044   -0.9215
...    56 A-T ...
 -101.7873  -46.8071  -33.7415
   -0.9098    0.2899    0.2970
    0.3654    0.8988    0.2421
   -0.1968    0.3288   -0.9237
...    57 T-A ...
 -102.7937  -46.2763  -36.8401
   -0.5899    0.7116    0.3816
    0.7855    0.6152    0.0672
   -0.1870    0.3394   -0.9219
...    58 C-G ...
 -103.4534  -45.1897  -39.8730
    0.0047    0.9177    0.3973
    0.9836    0.0675   -0.1676
   -0.1806    0.3915   -0.9023
...    59 T-A ...
 -104.2936  -43.6913  -42.7079
    0.5448    0.7716    0.3284
    0.8252   -0.4236   -0.3737
   -0.1493    0.4745   -0.8675
...    60 C-G ...
 -104.7192  -41.9836  -45.4669
    0.9342    0.3431    0.0979
    0.3421   -0.7835   -0.5188
   -0.1013    0.5181   -0.8493
...    61 A-T ...
 -104.8122  -40.3026  -48.3715
    0.9662   -0.2277   -0.1209
   -0.2567   -0.8065   -0.5326
    0.0238    0.5457   -0.8377
...    62 T-A ...
 -104.3531  -38.0551  -50.7408
    0.6957   -0.6111   -0.3776
   -0.7175   -0.5661   -0.4059
    0.0343    0.5533   -0.8323
...    63 G-C ...
 -104.3175  -36.4977  -53.7047
    0.1284   -0.8595   -0.4947
   -0.9876   -0.0652   -0.1430
    0.0907    0.5069   -0.8572
...    64 T-A ...
 -103.3784  -34.9653  -56.5433
   -0.4291   -0.7569   -0.4928
   -0.8981    0.4159    0.1432
    0.0965    0.5041   -0.8583
...    65 T-A ...
 -102.7704  -33.4488  -59.3758
   -0.8739   -0.3348   -0.3524
   -0.4679    0.7759    0.4231
    0.1317    0.5346   -0.8348
...    66 A-T ...
 -102.2529  -31.1482  -61.8535
   -0.9580    0.2863   -0.0177
    0.2236    0.7841    0.5789
    0.1796    0.5506   -0.8152
...    67 T-A ...
 -101.9570  -29.8300  -64.8714
   -0.7016    0.6537    0.2835
    0.6865    0.5135    0.5148
    0.1909    0.5558   -0.8091
...    68 A-T ...
 -101.0882  -27.8745  -67.4741
   -0.1371    0.7964    0.5890
    0.9730   -0.0031    0.2306
    0.1854    0.6048   -0.7745
...    69 A-T ...
 -100.6772  -25.8323  -69.9568
    0.4434    0.6301    0.6375
    0.8745   -0.4602   -0.1534
    0.1968    0.6254   -0.7551
...    70 C-G ...
 -100.4524  -23.3738  -72.1478
    0.8301    0.2569    0.4949
    0.5089   -0.7119   -0.4840
    0.2279    0.6536   -0.7217
...    71 G-C ...
  -99.2802  -21.3854  -74.6270
    0.9363   -0.2753    0.2179
   -0.0330   -0.6869   -0.7260
    0.3495    0.6726   -0.6523
...    72 G-C ...
  -97.7155  -19.0586  -76.5394
    0.7273   -0.6638   -0.1744
   -0.5294   -0.3808   -0.7581
    0.4368    0.6437   -0.6284
...    73 A-T ...
  -96.1085  -16.9957  -78.5706
    0.2491   -0.7653   -0.5935
   -0.8510    0.1195   -0.5114
    0.4623    0.6324   -0.6215
...    74 T-A ...
  -93.9844  -15.1527  -80.3375
   -0.2242   -0.5730   -0.7883
   -0.8548    0.5041   -0.1234
    0.4681    0.6461   -0.6028
...    75 C-G ...
  -92.3610  -13.0976  -82.3716
   -0.7005   -0.1414   -0.6995
   -0.5368    0.7502    0.3860
    0.4702    0.6459   -0.6014
...    76 G-C ...
  -90.9311  -10.5694  -84.1188
   -0.9148    0.2773   -0.2936
   -0.0234    0.6894    0.7240
    0.4032    0.6692   -0.6242
...    77 A-T ...
  -89.5323   -8.4434  -86.2218
   -0.7521    0.6208    0.2213
    0.5295    0.3694    0.7636
    0.3923    0.6915   -0.6066
...    78 G-C ...
  -88.4488   -6.1655  -88.3955
   -0.3711    0.6675    0.6455
    0.8501   -0.0355    0.5255
    0.3737    0.7438   -0.5543
...    79 C-G ...
  -87.6291   -3.6014  -90.3457
    0.1380    0.4873    0.8623
    0.9144   -0.3973    0.0781
    0.3806    0.7777   -0.5004
...    80 T-A ...
  -86.5792   -0.8086  -91.8016
    0.5745    0.1277    0.8085
    0.7080   -0.5731   -0.4126
    0.4106    0.8095   -0.4197
...    81 C-G ...
  -85.1603    1.8932  -93.0052
    0.8613   -0.2794    0.4243
    0.2399   -0.5125   -0.8245
    0.4478    0.8120   -0.3744
...    82 G-C ...
  -83.3269    4.3382  -94.4712
    0.7902   -0.6067   -0.0867
   -0.2588   -0.2020   -0.9446
    0.5555    0.7689   -0.3166
...    83 G-C ...
  -81.0893    6.7468  -95.3281
    0.4694   -0.6638   -0.5822
   -0.6289    0.2114   -0.7482
    0.6197    0.7174   -0.3182
...    84 G-C ...
  -78.6998    8.9232  -96.3872
   -0.0039   -0.4625   -0.8866
   -0.7611    0.5765   -0.2974
    0.6486    0.6736   -0.3542
...    85 A-T ...
  -76.4643   11.0783  -97.5569
   -0.4696   -0.0082   -0.8829
   -0.5958    0.7408    0.3101
    0.6515    0.6716   -0.3528
...    86 T-A ...
  -74.0114   12.7632  -99.0380
   -0.6977    0.3994   -0.5947
   -0.2663    0.6260    0.7329
    0.6650    0.6697   -0.3304
...    87 C-G ...
  -71.7690   14.9194 -100.1835
   -0.7266    0.6868   -0.0157
    0.2072    0.2409    0.9482
    0.6550    0.6857   -0.3174
...    88 C-G ...
  -69.6486   17.2199 -101.5098
   -0.5412    0.6399    0.5455
    0.5777   -0.1885    0.7942
    0.6111    0.7449   -0.2676
...    89 G-C ...
  -67.3300   19.6170 -102.1226
   -0.1959    0.3125    0.9295
    0.7874   -0.5148    0.3391
    0.5845    0.7983   -0.1452
...    90 C-G ...
  -65.7808   22.5212 -102.5653
    0.2338   -0.0778    0.9692
    0.7708   -0.5928   -0.2336
    0.5927    0.8016   -0.0786
...    91 T-A ...
  -63.9740   25.3063 -102.5044
    0.5621   -0.4524    0.6924
    0.5461   -0.4257   -0.7215
    0.6212    0.7836    0.0078
...    92 T-A ...
  -62.0181   27.8814 -102.2441
    0.7648   -0.6276    0.1454
    0.1302   -0.0704   -0.9890
    0.6309    0.7753    0.0279
...    93 T-A ...
  -59.9321   30.3510 -101.8838
    0.7028   -0.5419   -0.4609
   -0.3325    0.3226   -0.8862
    0.6289    0.7761    0.0465
...    94 A-T ...
  -58.0710   33.2075 -102.0644
    0.3376   -0.1617   -0.9273
   -0.7083    0.6051   -0.3634
    0.6199    0.7795    0.0898
...    95 A-T ...
  -55.8172   35.5496 -101.7092
   -0.1190    0.2702   -0.9554
   -0.7771    0.5735    0.2590
    0.6180    0.7733    0.1418
...    96 C-G ...
  -53.3173   37.7973 -101.5684
   -0.5223    0.5398   -0.6602
   -0.5889    0.3316    0.7370
    0.6167    0.7738    0.1447
...    97 A-T ...
  -51.3675   40.3969 -100.7726
   -0.8103    0.5778   -0.0978
   -0.1626   -0.0614    0.9848
    0.5630    0.8139    0.1437
...    98 C-G ...
  -49.5459   43.1796 -100.8988
   -0.7877    0.4300    0.4411
    0.2919   -0.3701    0.8819
    0.5425    0.8235    0.1661
...    99 T-A ...
  -47.9652   46.0765 -100.4937
   -0.5500    0.0953    0.8297
    0.6713   -0.5407    0.5070
    0.4969    0.8358    0.2334
...   100 T-A ...
  -46.5260   48.8808  -99.7611
   -0.0901   -0.2659    0.9598
    0.8662   -0.4966   -0.0563
    0.4916    0.8263    0.2751
...   101 T-A ...
  -45.1080   51.6054  -98.7487
    0.3980   -0.5365    0.7441
    0.7710   -0.2440   -0.5883
    0.4972    0.8078    0.3165
...   102 A-T ...
  -43.2786   54.1648  -97.5971
    0.7312   -0.6467    0.2170
    0.4107    0.1635   -0.8970
    0.5446    0.7450    0.3852
...   103 T-A ...
  -41.6389   56.3129  -95.7117
    0.8377   -0.4711   -0.2763
   -0.0156    0.4850   -0.8744
    0.5459    0.7368    0.3989
...   104 G-C ...
  -39.6629   58.8312  -94.7284
    0.6314   -0.1272   -0.7650
   -0.4822    0.7082   -0.5157
    0.6073    0.6945    0.3858
...   105 C-G ...
  -37.3084   60.8461  -93.4329
    0.2407    0.2899   -0.9263
   -0.7428    0.6694    0.0165
    0.6248    0.6840    0.3765
...   106 T-A ...
  -34.9645   62.9793  -92.3380
   -0.2217    0.6018   -0.7673
   -0.7469    0.4011    0.5304
    0.6269    0.6906    0.3605
...   107 T-A ...
  -32.6915   65.0875  -91.3009
   -0.5964    0.7505   -0.2849
   -0.4861   -0.0552    0.8722
    0.6388    0.6586    0.3977
...   108 C-G ...
  -30.4950   67.2226  -90.0443
   -0.7873    0.5436    0.2910
   -0.0387   -0.5146    0.8566
    0.6154    0.6631    0.4261
...   109 C-G ...
  -28.4217   69.6295  -88.8437
   -0.7396    0.0969    0.6660
    0.3978   -0.7352    0.5488
    0.5428    0.6708    0.5053
...   110 G-C ...
  -26.4513   71.6166  -86.9475
   -0.4723   -0.4348    0.7667
    0.7500   -0.6553    0.0903
    0.4632    0.6177    0.6356
...   111 G-C ...
  -25.2346   73.7307  -84.6217
   -0.0425   -0.7923    0.6086
    0.9018   -0.2926   -0.3179
    0.4300    0.5354    0.7270
...   112 C-G ...
  -24.2381   75.3312  -81.9018
    0.4305   -0.8562    0.2857
    0.7945    0.2093   -0.5701
    0.4283    0.4724    0.7703
...   113 T-A ...
  -22.9403   76.5546  -79.1041
    0.7620   -0.6365   -0.1189
    0.4641    0.6649   -0.5853
    0.4516    0.3908    0.8021
...   114 C-G ...
  -21.2921   77.6235  -76.4575
    0.8837   -0.1102   -0.4549
   -0.0704    0.9295   -0.3620
    0.4627    0.3519    0.8137
...   115 G-C ...
  -19.6277   79.2169  -73.9730
    0.6523    0.4443   -0.6141
   -0.5476    0.8364    0.0234
    0.5240    0.3210    0.7889
...   116 T-A ...
  -17.4324   79.8443  -71.4856
    0.2512    0.8341   -0.4912
   -0.8171    0.4548    0.3543
    0.5189    0.3123    0.7957
...   117 A-T ...
  -16.3046   80.7765  -68.3523
   -0.3316    0.9425   -0.0415
   -0.7948   -0.2554    0.5505
    0.5083    0.2155    0.8338
...   118 T-A ...
  -14.1756   81.7658  -66.0081
   -0.6923    0.6712    0.2649
   -0.5134   -0.7161    0.4728
    0.5071    0.1913    0.8404
...   119 A-T ...
  -12.5096   82.1051  -63.0895
   -0.8860    0.0632    0.4594
    0.0257   -0.9825    0.1847
    0.4630    0.1755    0.8688
...   120 A-T ...
  -11.0942   82.8356  -60.2703
   -0.7277   -0.5217    0.4453
    0.5303   -0.8397   -0.1172
    0.4350    0.1509    0.8877
...   121 T-A ...
  -10.1898   83.7200  -57.2567
   -0.3732   -0.8819    0.2880
    0.8303   -0.4560   -0.3204
    0.4139    0.1195    0.9025
...   122 G-C ...
   -8.7362   83.7420  -54.2165
    0.1182   -0.9903   -0.0733
    0.9178    0.1371   -0.3726
    0.3791   -0.0233    0.9251
...   123 T-A ...
   -8.0083   83.2552  -51.0322
    0.5771   -0.7597   -0.2997
    0.7232    0.6459   -0.2446
    0.3794   -0.0756    0.9221
...   124 G-C ...
   -6.3479   83.0272  -48.1161
    0.8698   -0.2115   -0.4457
    0.2585    0.9649    0.0466
    0.4202   -0.1557    0.8940
...   125 T-A ...
   -4.8945   81.8661  -45.3165
    0.8705    0.3543   -0.3417
   -0.2556    0.9186    0.3014
    0.4207   -0.1751    0.8902
...   126 C-G ...
   -3.3864   81.2211  -42.4222
    0.5324    0.8445   -0.0580
   -0.7398    0.4976    0.4528
    0.4113   -0.1982    0.8897
...   127 G-C ...
   -2.4755   80.6353  -39.2036
   -0.0360    0.9815    0.1880
   -0.9155   -0.1078    0.3877
    0.4008   -0.1581    0.9024
...   128 A-T ...
   -1.0473   79.9750  -36.2858
   -0.5953    0.7093    0.3775
   -0.7122   -0.6833    0.1608
    0.3720   -0.1731    0.9120
...   129 C-G ...
    0.5139   79.8887  -33.3458
   -0.8988    0.2305    0.3728
   -0.2809   -0.9559   -0.0861
    0.3365   -0.1821    0.9239
...   130 C-G ...
    1.7168   79.5422  -30.1904
   -0.9378   -0.3133    0.1494
    0.2622   -0.9214   -0.2867
    0.2275   -0.2297    0.9463
...   131 A-T ...
    2.4550   78.5931  -27.0395
   -0.6460   -0.7401   -0.1871
    0.7560   -0.5863   -0.2912
    0.1058   -0.3295    0.9382
...   132 A-T ...
    2.5719   77.4857  -24.0089
   -0.1047   -0.9213   -0.3745
    0.9919   -0.0694   -0.1067
    0.0723   -0.3826    0.9211
...   133 A-T ...
    2.6004   76.0877  -21.0904
    0.4833   -0.7795   -0.3986
    0.8736    0.4591    0.1613
    0.0572   -0.4261    0.9028
...   134 T-A ...
    2.3095   74.2286  -18.3852
    0.8657   -0.4292   -0.2574
    0.4984    0.7868    0.3642
    0.0462   -0.4436    0.8950
...   135 G-C ...
    1.4371   72.0947  -15.6001
    0.9809    0.0621    0.1844
   -0.1263    0.9241    0.3606
   -0.1480   -0.3770    0.9143
...   136 T-A ...
    0.5301   69.2372  -13.4651
    0.7353    0.4962    0.4617
   -0.6117    0.7791    0.1369
   -0.2918   -0.3831    0.8764
...   137 G-C ...
   -0.1630   67.4088  -10.8054
    0.1799    0.8794    0.4409
   -0.9276    0.3008   -0.2216
   -0.3275   -0.3691    0.8698
...   138 A-T ...
   -0.1293   66.2153   -7.8179
   -0.3749    0.8569    0.3537
   -0.8857   -0.2184   -0.4097
   -0.2739   -0.4669    0.8408
...   139 G-C ...
   -1.0030   65.6049   -4.9382
   -0.8337    0.5216    0.1812
   -0.5170   -0.6221   -0.5880
   -0.1940   -0.5840    0.7883
...   140 C-G ...
   -0.6940   63.8983   -2.2496
   -0.9992    0.0157   -0.0376
    0.0023   -0.8992   -0.4375
   -0.0406   -0.4373    0.8984
...   141 G-C ...
   -3.4330   60.2355    1.0303
   -0.4426    0.2288   -0.8671
    0.1684   -0.9285   -0.3310
   -0.8808   -0.2925    0.3724
...   142 C-G ...
   -6.3246   59.0803    1.6315
   -0.2968   -0.3279   -0.8969
    0.5658   -0.8170    0.1115
   -0.7693   -0.4743    0.4280
...   143 T-A ...
   -8.6731   58.7214    3.6048
   -0.0344   -0.7815   -0.6229
    0.6534   -0.4892    0.5777
   -0.7562   -0.3872    0.5275
...   144 C-G ...
  -11.6513   58.0073    4.7220
    0.2453   -0.9542   -0.1714
    0.6321    0.0234    0.7745
   -0.7350   -0.2984    0.6089
...   145 A-T ...
  -14.1725   56.5625    6.1820
    0.5795   -0.7268    0.3686
    0.3140    0.6165    0.7220
   -0.7520   -0.3027    0.5855
...   146 C-G ...
  -16.4613   53.8911    7.5170
    0.5336   -0.3333    0.7773
   -0.0346    0.9097    0.4138
   -0.8450   -0.2477    0.4739
...   147 A-T ...
  -19.0124   52.0326    8.9269
    0.2451    0.2906    0.9249
   -0.3073    0.9281   -0.2101
   -0.9195   -0.2327    0.3168
