  147 base-pairs
...     1 A-T ...
    0.0000    0.0000    0.0000
    1.0000    0.0000    0.0000
    0.0000    1.0000    0.0000
    0.0000    0.0000    1.0000
...     2 G-C ...
   -0.1404   -1.2353    3.2259
    0.7530    0.6366    0.1668
   -0.6385    0.7681   -0.0490
   -0.1593   -0.0696    0.9848
...     3 T-A ...
   -0.0377   -3.2918    6.3749
    0.2722    0.9302    0.2464
   -0.9238    0.3243   -0.2034
   -0.2691   -0.1722    0.9476
...     4 G-C ...
   -0.3520   -4.1638    9.4928
   -0.3756    0.9250    0.0576
   -0.8780   -0.3352   -0.3416
   -0.2967   -0.1788    0.9381
...     5 A-T ...
   -0.4480   -4.1448   12.7498
   -0.8116    0.5839   -0.0166
   -0.5522   -0.7762   -0.3042
   -0.1905   -0.2377    0.9525
...     6 G-C ...
   -1.5926   -4.1701   15.6201
   -0.9976    0.0246   -0.0651
   -0.0043   -0.9555   -0.2950
   -0.0694   -0.2940    0.9533
...     7 C-G ...
   -1.1050   -4.4793   18.7363
   -0.8442   -0.5302   -0.0787
    0.5343   -0.8442   -0.0430
   -0.0437   -0.0784    0.9960
...     8 G-C ...
   -2.4044   -7.7255   23.1483
   -0.2753   -0.3294   -0.9032
    0.6650   -0.7437    0.0686
   -0.6943   -0.5817    0.4238
...     9 C-G ...
   -4.4706   -9.9691   24.1142
    0.1145   -0.7026   -0.7023
    0.8512   -0.2951    0.4341
   -0.5123   -0.6475    0.5642
...    10 T-A ...
   -6.7420  -10.8705   25.9717
    0.4841   -0.8363   -0.2573
    0.6594    0.1554    0.7356
   -0.5752   -0.5257    0.6267
...    11 C-G ...
   -9.1682  -12.6167   27.1662
    0.7073   -0.6683    0.2306
    0.3450    0.6110    0.7125
   -0.6170   -0.4243    0.6627
...    12 A-T ...
  -10.9253  -14.6583   29.0713
    0.7515   -0.1377    0.6452
   -0.2027    0.8824    0.4245
   -0.6278   -0.4498    0.6352
...    13 C-G ...
  -11.8495  -17.4796   31.2472
    0.4294    0.2824    0.8578
   -0.5708    0.8209    0.0155
   -0.6998   -0.4963    0.5137
...    14 A-T ...
  -13.5915  -19.7756   33.4284
   -0.1503    0.6106    0.7775
   -0.6874    0.5007   -0.5261
   -0.7106   -0.6135    0.3445
...    15 A-T ...
  -15.6989  -21.9173   34.6898
   -0.5403    0.7697    0.3399
   -0.4455    0.0810   -0.8916
   -0.7139   -0.6332    0.2991
...    16 T-A ...
  -17.8027  -23.8926   36.2661
   -0.6810    0.7143   -0.1611
   -0.0973   -0.3063   -0.9470
   -0.7258   -0.6292    0.2780
...    17 T-A ...
  -20.1718  -25.8190   37.3141
   -0.5774    0.4579   -0.6760
    0.3072   -0.6452   -0.6995
   -0.7565   -0.6115    0.2319
...    18 T-A ...
  -22.7288  -27.6219   38.0704
   -0.2533    0.0743   -0.9645
    0.5661   -0.7971   -0.2101
   -0.7844   -0.5993    0.1599
...    19 A-T ...
  -25.6102  -29.3095   38.1702
    0.2426   -0.2272   -0.9431
    0.5586   -0.7622    0.3273
   -0.7932   -0.6062   -0.0580
...    20 T-A ...
  -28.4385  -30.8076   37.5232
    0.5144   -0.5569   -0.6521
    0.3426   -0.5637    0.7516
   -0.7861   -0.6100   -0.0991
...    21 T-A ...
  -30.9958  -32.6969   36.8882
    0.6178   -0.7786   -0.1101
   -0.0358   -0.1678    0.9852
   -0.7855   -0.6047   -0.1315
...    22 C-G ...
  -33.3948  -34.8746   36.3134
    0.4711   -0.7293    0.4961
   -0.4287    0.3022    0.8514
   -0.7709   -0.6138   -0.1703
...    23 G-C ...
  -36.1126  -36.8367   36.1708
    0.1559   -0.4017    0.9024
   -0.6569    0.6401    0.3984
   -0.7377   -0.6549   -0.1641
...    24 C-G ...
  -38.3192  -39.2813   35.5413
   -0.2368    0.0292    0.9711
   -0.6262    0.7596   -0.1756
   -0.7428   -0.6497   -0.1616
...    25 A-T ...
  -40.9202  -41.1872   34.7340
   -0.5222    0.5066    0.6861
   -0.3484    0.6076   -0.7137
   -0.7784   -0.6117   -0.1408
...    26 A-T ...
  -43.3628  -43.3144   34.4593
   -0.6317    0.7605    0.1506
    0.0415    0.2272   -0.9730
   -0.7741   -0.6084   -0.1750
...    27 A-T ...
  -45.9158  -45.2650   34.0844
   -0.4693    0.7782   -0.4173
    0.4034   -0.2314   -0.8853
   -0.7855   -0.5838   -0.2054
...    28 G-C ...
  -48.6835  -46.9569   33.5326
   -0.0976    0.6112   -0.7854
    0.5872   -0.6018   -0.5413
   -0.8035   -0.5141   -0.3002
...    29 G-C ...
  -51.5666  -48.2528   32.3931
    0.3366    0.2657   -0.9034
    0.5149   -0.8552   -0.0597
   -0.7884   -0.4451   -0.4247
...    30 C-G ...
  -54.2093  -49.1988   30.6703
    0.6164   -0.2030   -0.7608
    0.2164   -0.8853    0.4115
   -0.7571   -0.4183   -0.5018
...    31 C-G ...
  -56.4386  -50.4635   28.4633
    0.6965   -0.6154   -0.3692
   -0.2100   -0.6667    0.7151
   -0.6862   -0.4205   -0.5936
...    32 G-C ...
  -58.5450  -52.3473   26.6204
    0.4960   -0.8560    0.1459
   -0.6315   -0.2402    0.7372
   -0.5960   -0.4578   -0.6597
...    33 G-C ...
  -60.2075  -54.1027   24.2268
    0.0748   -0.8275    0.5565
   -0.8266    0.2608    0.4987
   -0.5578   -0.4973   -0.6645
...    34 C-G ...
  -61.7516  -55.9680   21.8965
   -0.4053   -0.5333    0.7425
   -0.7263    0.6811    0.0928
   -0.5552   -0.5017   -0.6634
...    35 C-G ...
  -63.4504  -57.8571   19.6391
   -0.7192   -0.0343    0.6940
   -0.3645    0.8689   -0.3348
   -0.5915   -0.4937   -0.6374
...    36 C-G ...
  -65.3070  -59.7655   17.5291
   -0.7550    0.4886    0.4372
    0.1125    0.7535   -0.6478
   -0.6460   -0.4399   -0.6239
...    37 G-C ...
  -67.2362  -61.0305   15.0706
   -0.4700    0.8785    0.0859
    0.5375    0.3620   -0.7616
   -0.7001   -0.3118   -0.6423
...    38 A-T ...
  -69.5382  -62.0749   13.0148
   -0.0185    0.9469   -0.3211
    0.7148   -0.2120   -0.6664
   -0.6991   -0.2419   -0.6729
...    39 C-G ...
  -72.1968  -62.4821   11.1644
    0.4008    0.7172   -0.5700
    0.6102   -0.6731   -0.4179
   -0.6834   -0.1803   -0.7074
...    40 A-T ...
  -74.3376  -62.9359    8.6229
    0.7662    0.2494   -0.5922
    0.2483   -0.9649   -0.0852
   -0.5927   -0.0818   -0.8013
...    41 C-G ...
  -76.1506  -62.5108    5.9035
    0.8092   -0.2862   -0.5132
   -0.2100   -0.9566    0.2022
   -0.5487   -0.0558   -0.8341
...    42 G-C ...
  -77.7331  -63.1532    2.9967
    0.5939   -0.7699   -0.2334
   -0.6772   -0.6350    0.3717
   -0.4344   -0.0627   -0.8985
...    43 A-T ...
  -78.9761  -63.4017   -0.0600
    0.0628   -0.9975    0.0337
   -0.9107   -0.0434    0.4108
   -0.4083   -0.0565   -0.9111
...    44 C-G ...
  -79.7265  -63.7564   -3.3247
   -0.4431   -0.8638    0.2398
   -0.8043    0.5012    0.3193
   -0.3960   -0.0514   -0.9168
...    45 T-A ...
  -80.8566  -64.1923   -6.4424
   -0.8048   -0.4479    0.3894
   -0.4308    0.8922    0.1357
   -0.4082   -0.0586   -0.9110
...    46 T-A ...
  -82.0168  -64.6308   -9.4620
   -0.9181    0.1604    0.3624
    0.1365    0.9865   -0.0907
   -0.3720   -0.0338   -0.9276
...    47 A-T ...
  -83.0452  -64.4656  -12.6651
   -0.6210    0.7401    0.2582
    0.6877    0.6725   -0.2735
   -0.3761    0.0077   -0.9266
...    48 C-G ...
  -84.7635  -64.6946  -15.4649
   -0.1462    0.9815    0.1239
    0.9131    0.1821   -0.3649
   -0.3807    0.0598   -0.9228
...    49 T-A ...
  -86.2790  -64.2956  -18.3756
    0.3945    0.9189    0.0062
    0.8453   -0.3602   -0.3947
   -0.3604    0.1609   -0.9188
...    50 G-C ...
  -87.2105  -63.5158  -21.5062
    0.8453    0.5281   -0.0807
    0.4648   -0.8015   -0.3762
   -0.2633    0.2805   -0.9230
...    51 T-A ...
  -88.0464  -61.9665  -24.2841
    0.9755    0.0147   -0.2196
   -0.0541   -0.9512   -0.3039
   -0.2133    0.3083   -0.9271
...    52 A-T ...
  -88.5992  -61.0706  -27.4693
    0.7523   -0.5788   -0.3147
   -0.6423   -0.7506   -0.1551
   -0.1465    0.3188   -0.9364
...    53 G-C ...
  -88.7222  -59.8723  -30.5831
    0.2877   -0.9041   -0.3161
   -0.9523   -0.3052    0.0062
   -0.1020    0.2992   -0.9487
...    54 G-C ...
  -88.7203  -59.0127  -33.8730
   -0.2937   -0.9306   -0.2184
   -0.9523    0.2651    0.1513
   -0.0829    0.2524   -0.9641
...    55 T-A ...
  -88.4452  -58.4845  -37.1875
   -0.7635   -0.6371   -0.1058
   -0.6404    0.7259    0.2510
   -0.0831    0.2594   -0.9622
...    56 A-T ...
  -88.7534  -56.9988  -40.2525
   -0.9991    0.0189    0.0366
    0.0290    0.9543    0.2974
   -0.0293    0.2982   -0.9541
...    57 T-A ...
  -89.0059  -56.6486  -43.5309
   -0.8397    0.5119    0.1813
    0.5428    0.8015    0.2509
   -0.0169    0.3091   -0.9509
...    58 C-G ...
  -89.0756  -55.6905  -46.6808
   -0.3477    0.8725    0.3432
    0.9373    0.3326    0.1041
   -0.0233    0.3579   -0.9335
...    59 T-A ...
  -89.4611  -54.3936  -49.7082
    0.2090    0.8784    0.4299
    0.9777   -0.1789   -0.1098
   -0.0195    0.4432   -0.8962
...    60 C-G ...
  -89.5333  -52.8028  -52.5660
    0.7446    0.5738    0.3410
    0.6673   -0.6511   -0.3617
    0.0145    0.4968   -0.8677
...    61 G-C ...
  -89.0215  -51.2035  -55.4979
    0.9804    0.0386    0.1931
    0.1410   -0.8219   -0.5519
    0.1374    0.5683   -0.8112
...    62 A-T ...
  -88.3657  -49.2595  -58.0765
    0.8647   -0.4795   -0.1496
   -0.4674   -0.6593   -0.5889
    0.1837    0.5792   -0.7942
...    63 G-C ...
  -87.4323  -47.2220  -60.5535
    0.4607   -0.7847   -0.4146
   -0.8564   -0.2705   -0.4397
    0.2329    0.5577   -0.7967
...    64 C-G ...
  -86.2078  -45.4613  -63.1337
   -0.1072   -0.8089   -0.5781
   -0.9612    0.2330   -0.1478
    0.2542    0.5399   -0.8024
...    65 T-A ...
  -85.0843  -43.8729  -65.8612
   -0.6262   -0.5553   -0.5472
   -0.7376    0.6494    0.1851
    0.2526    0.5195   -0.8163
...    66 C-G ...
  -84.1615  -42.2108  -68.5774
   -0.9474   -0.0445   -0.3168
   -0.2043    0.8463    0.4920
    0.2463    0.5309   -0.8109
...    67 G-C ...
  -83.2367  -40.0476  -71.0122
   -0.9110    0.3986    0.1056
    0.3784    0.7066    0.5979
    0.1637    0.5846   -0.7946
...    68 G-C ...
  -82.7867  -38.2352  -73.8361
   -0.5614    0.6638    0.4941
    0.8192    0.3613    0.4454
    0.1171    0.6548   -0.7466
...    69 G-C ...
  -82.6635  -36.0382  -76.3959
   -0.0327    0.6757    0.7364
    0.9938   -0.0566    0.0961
    0.1066    0.7350   -0.6696
...    70 A-T ...
  -82.3686  -33.5630  -78.5131
    0.5498    0.4637    0.6948
    0.8253   -0.4299   -0.3661
    0.1289    0.7747   -0.6191
...    71 T-A ...
  -82.3534  -30.6972  -80.1005
    0.8886    0.1618    0.4293
    0.4349   -0.5950   -0.6759
    0.1460    0.7873   -0.5990
...    72 C-G ...
  -81.6825  -28.0458  -81.9096
    0.9671   -0.2522   -0.0319
   -0.1690   -0.5440   -0.8219
    0.1900    0.8003   -0.5687
...    73 C-G ...
  -80.5827  -25.3402  -83.6342
    0.6943   -0.5623   -0.4492
   -0.6659   -0.2651   -0.6973
    0.2731    0.7833   -0.5585
...    74 G-C ...
  -79.8449  -22.9191  -85.8756
    0.1592   -0.6571   -0.7368
   -0.9284    0.1541   -0.3381
    0.3357    0.7379   -0.5856
...    75 C-G ...
  -78.3429  -20.6363  -87.8251
   -0.3987   -0.4656   -0.7901
   -0.8524    0.5059    0.1321
    0.3383    0.7261   -0.5986
...    76 T-A ...
  -77.0288  -18.4325  -89.9764
   -0.8115   -0.1298   -0.5697
   -0.4909    0.6803    0.5442
    0.3170    0.7213   -0.6158
...    77 T-A ...
  -75.8495  -16.2718  -92.1164
   -0.9375    0.3124   -0.1532
    0.0737    0.6086    0.7901
    0.3401    0.7294   -0.5936
...    78 T-A ...
  -74.7725  -14.0404  -94.2231
   -0.7201    0.6052    0.3393
    0.6004    0.2986    0.7418
    0.3477    0.7379   -0.5784
...    79 A-T ...
  -73.5299  -11.4995  -96.0311
   -0.2421    0.5945    0.7668
    0.9165   -0.1193    0.3818
    0.3185    0.7952   -0.5160
...    80 A-T ...
  -72.6939   -8.8339  -97.6673
    0.3151    0.3890    0.8657
    0.8929   -0.4308   -0.1314
    0.3218    0.8143   -0.4830
...    81 C-G ...
  -72.1109   -5.8369  -98.9187
    0.7244    0.0612    0.6867
    0.5986   -0.5501   -0.5823
    0.3421    0.8328   -0.4351
...    82 A-T ...
  -70.7204   -3.1422 -100.3611
    0.8967   -0.3545    0.2650
    0.0928   -0.4349   -0.8957
    0.4328    0.8277   -0.3571
...    83 C-G ...
  -69.1159   -0.2642 -100.8885
    0.7971   -0.5486   -0.2525
   -0.3917   -0.1514   -0.9075
    0.4596    0.8223   -0.3355
...    84 T-A ...
  -67.2720    2.3784 -101.7801
    0.4344   -0.5651   -0.7014
   -0.7476    0.2082   -0.6307
    0.5024    0.7983   -0.3320
...    85 T-A ...
  -65.3912    4.9010 -102.6688
   -0.0720   -0.2881   -0.9549
   -0.8636    0.4969   -0.0848
    0.4990    0.8186   -0.2846
...    86 T-A ...
  -63.4954    7.4142 -103.5550
   -0.5490    0.1051   -0.8292
   -0.6600    0.5542    0.5072
    0.5128    0.8257   -0.2349
...    87 A-T ...
  -61.9018   10.4254 -103.8307
   -0.8309    0.4729   -0.2930
   -0.1496    0.3173    0.9364
    0.5359    0.8220   -0.1929
...    88 T-A ...
  -60.1980   12.9549 -105.1029
   -0.7883    0.5679    0.2368
    0.2972    0.0144    0.9547
    0.5388    0.8229   -0.1801
...    89 G-C ...
  -58.3866   15.7641 -105.4536
   -0.5290    0.3701    0.7636
    0.7055   -0.3083    0.6382
    0.4716    0.8763   -0.0980
...    90 C-G ...
  -57.2317   18.8427 -105.9121
   -0.0827    0.0774    0.9936
    0.8843   -0.4540    0.1090
    0.4595    0.8877   -0.0309
...    91 T-A ...
  -55.9780   21.9121 -105.7805
    0.3659   -0.2578    0.8942
    0.8073   -0.3901   -0.4428
    0.4630    0.8840    0.0654
...    92 T-A ...
  -54.6049   24.8196 -105.3685
    0.7551   -0.4548    0.4721
    0.4566   -0.1519   -0.8766
    0.4704    0.8775    0.0929
...    93 C-G ...
  -52.9090   27.6011 -104.8969
    0.8661   -0.4759   -0.1525
   -0.0708    0.1852   -0.9801
    0.4947    0.8598    0.1267
...    94 A-T ...
  -51.1968   30.4777 -104.7624
    0.6231   -0.3192   -0.7140
   -0.5487    0.4721   -0.6900
    0.5573    0.8217    0.1190
...    95 T-A ...
  -48.9068   32.7722 -104.0163
    0.2574    0.0031   -0.9663
   -0.7958    0.5679   -0.2102
    0.5481    0.8231    0.1486
...    96 G-C ...
  -47.3675   35.7117 -103.5925
   -0.2999    0.3145   -0.9006
   -0.7822    0.4594    0.4209
    0.5461    0.8307    0.1082
...    97 T-A ...
  -45.1331   38.2284 -103.6255
   -0.6826    0.5072   -0.5262
   -0.5006    0.2000    0.8422
    0.5324    0.8383    0.1174
...    98 T-A ...
  -43.2700   40.8967 -103.4464
   -0.8405    0.5368    0.0737
   -0.0148   -0.1587    0.9872
    0.5417    0.8286    0.1413
...    99 A-T ...
  -41.3945   43.6083 -102.7489
   -0.7043    0.2676    0.6576
    0.5057   -0.4610    0.7292
    0.4983    0.8461    0.1893
...   100 T-A ...
  -40.2479   46.6677 -102.4646
   -0.3602   -0.0303    0.9324
    0.7949   -0.5330    0.2898
    0.4882    0.8455    0.2161
...   101 A-T ...
  -38.6316   49.4558 -101.5403
    0.1193   -0.4402    0.8900
    0.8740   -0.3788   -0.3045
    0.4711    0.8141    0.3395
...   102 A-T ...
  -37.2557   52.0873 -100.2450
    0.5884   -0.6014    0.5404
    0.6562   -0.0352   -0.7538
    0.4724    0.7981    0.3739
...   103 C-G ...
  -35.9604   54.5303  -98.4001
    0.8351   -0.5487    0.0392
    0.2538    0.3210   -0.9125
    0.4881    0.7719    0.4073
...   104 G-C ...
  -33.9878   57.1200  -97.4226
    0.7904   -0.3075   -0.5299
   -0.2412    0.6388   -0.7306
    0.5631    0.7052    0.4308
...   105 G-C ...
  -31.7939   59.2642  -95.9469
    0.4864    0.0858   -0.8695
   -0.6290    0.7251   -0.2803
    0.6065    0.6832    0.4067
...   106 A-T ...
  -29.7024   61.4497  -94.5670
   -0.0003    0.5258   -0.8506
   -0.7971    0.5135    0.3177
    0.6038    0.6781    0.4190
...   107 T-A ...
  -27.1983   63.3826  -93.5265
   -0.4053    0.7376   -0.5400
   -0.6860    0.1450    0.7130
    0.6043    0.6594    0.4472
...   108 C-G ...
  -25.1045   65.5084  -92.0696
   -0.7531    0.6579    0.0033
   -0.3059   -0.3546    0.8836
    0.5825    0.6644    0.4683
...   109 C-G ...
  -23.0494   67.8635  -90.7245
   -0.8485    0.2791    0.4497
    0.1629   -0.6707    0.7236
    0.5036    0.6872    0.5236
...   110 G-C ...
  -21.2357   69.9066  -88.7109
   -0.6757   -0.2547    0.6918
    0.6173   -0.7084    0.3422
    0.4029    0.6583    0.6359
...   111 G-C ...
  -20.1905   72.2333  -86.5006
   -0.2698   -0.6792    0.6826
    0.8972   -0.4346   -0.0778
    0.3495    0.5915    0.7266
...   112 C-G ...
  -19.5227   74.1432  -83.8760
    0.2464   -0.8451    0.4744
    0.9087    0.0312   -0.4163
    0.3370    0.5337    0.7756
...   113 T-A ...
  -18.6053   75.6326  -81.0536
    0.6753   -0.7287    0.1134
    0.6498    0.5152   -0.5589
    0.3489    0.4511    0.8215
...   114 C-G ...
  -17.3188   76.8901  -78.2913
    0.9251   -0.2754   -0.2614
    0.1241    0.8700   -0.4772
    0.3588    0.4091    0.8390
...   115 G-C ...
  -15.8555   78.6100  -75.7479
    0.8009    0.2751   -0.5319
   -0.4198    0.8913   -0.1711
    0.4270    0.3603    0.8294
...   116 T-A ...
  -14.0164   79.3097  -73.0024
    0.4405    0.7264   -0.5275
   -0.7914    0.5916    0.1539
    0.4239    0.3497    0.8355
...   117 A-T ...
  -13.3586   80.5146  -69.7944
   -0.1946    0.9654   -0.1735
   -0.8963   -0.1032    0.4312
    0.3983    0.2394    0.8854
...   118 T-A ...
  -11.4915   81.4820  -67.2173
   -0.6310    0.7691    0.1017
   -0.6654   -0.6040    0.4386
    0.3988    0.2091    0.8929
...   119 A-T ...
  -10.2467   81.7298  -64.0564
   -0.9177    0.1860    0.3510
   -0.1052   -0.9659    0.2368
    0.3831    0.1804    0.9059
...   120 A-T ...
   -9.0445   82.4852  -61.1390
   -0.8167   -0.4195    0.3962
    0.4480   -0.8938   -0.0229
    0.3638    0.1588    0.9179
...   121 T-A ...
   -8.3238   83.4553  -58.0956
   -0.4822   -0.8248    0.2953
    0.8057   -0.5499   -0.2202
    0.3440    0.1317    0.9297
...   122 G-C ...
   -7.1024   83.5409  -54.9488
    0.0324   -0.9993   -0.0163
    0.9530    0.0358   -0.3009
    0.3013   -0.0058    0.9535
...   123 T-A ...
   -6.6685   83.1685  -51.6953
    0.5290   -0.8196   -0.2200
    0.7930    0.5697   -0.2158
    0.3022   -0.0603    0.9513
...   124 G-C ...
   -5.2463   82.9484  -48.6452
    0.8761   -0.3020   -0.3757
    0.3355    0.9417    0.0254
    0.3461   -0.1483    0.9264
...   125 T-A ...
   -4.0638   81.8021  -45.7194
    0.9149    0.2705   -0.2995
   -0.1983    0.9477    0.2501
    0.3515   -0.1694    0.9207
...   126 C-G ...
   -2.7617   81.1837  -42.7184
    0.5975    0.7998   -0.0566
   -0.7230    0.5680    0.3933
    0.3467   -0.1941    0.9177
...   127 G-C ...
   -2.0406   80.7008  -39.4236
    0.0235    0.9866    0.1615
   -0.9365   -0.0348    0.3489
    0.3499   -0.1594    0.9231
...   128 A-T ...
   -0.7828   80.0445  -36.4165
   -0.5649    0.7504    0.3433
   -0.7572   -0.6367    0.1460
    0.3281   -0.1775    0.9278
...   129 C-G ...
    0.6771   79.9190  -33.4082
   -0.8963    0.2800    0.3438
   -0.3265   -0.9414   -0.0843
    0.3001   -0.1878    0.9352
...   130 C-G ...
    1.7936   79.5242  -30.2183
   -0.9519   -0.2762    0.1325
    0.2322   -0.9327   -0.2758
    0.1997   -0.2317    0.9521
...   131 A-T ...
    2.5026   78.5369  -27.0670
   -0.6595   -0.7273   -0.1898
    0.7463   -0.6034   -0.2811
    0.0899   -0.3270    0.9407
...   132 A-T ...
    2.5904   77.4501  -24.0245
   -0.1129   -0.9223   -0.3696
    0.9917   -0.0812   -0.1002
    0.0624   -0.3779    0.9238
...   133 A-T ...
    2.6070   76.0768  -21.0936
    0.4811   -0.7829   -0.3944
    0.8751    0.4556    0.1631
    0.0520   -0.4236    0.9043
...   134 T-A ...
    2.3095   74.2286  -18.3853
    0.8657   -0.4292   -0.2574
    0.4984    0.7868    0.3642
    0.0462   -0.4436    0.8950
...   135 G-C ...
    1.4371   72.0948  -15.6002
    0.9809    0.0621    0.1844
   -0.1263    0.9241    0.3606
   -0.1480   -0.3770    0.9143
...   136 T-A ...
    0.5301   69.2373  -13.4651
    0.7353    0.4962    0.4617
   -0.6117    0.7791    0.1369
   -0.2918   -0.3831    0.8764
...   137 G-C ...
   -0.1629   67.4089  -10.8054
    0.1799    0.8794    0.4409
   -0.9276    0.3008   -0.2216
   -0.3275   -0.3691    0.8698
...   138 A-T ...
   -0.1293   66.2154   -7.8180
   -0.3749    0.8569    0.3537
   -0.8857   -0.2184   -0.4097
   -0.2739   -0.4669    0.8408
...   139 G-C ...
   -1.0030   65.6050   -4.9383
   -0.8337    0.5216    0.1812
   -0.5170   -0.6221   -0.5880
   -0.1940   -0.5840    0.7883
...   140 C-G ...
   -0.6939   63.8984   -2.2497
   -0.9992    0.0157   -0.0376
    0.0023   -0.8992   -0.4375
   -0.0406   -0.4373    0.8984
...   141 G-C ...
   -3.4330   60.2356    1.0303
   -0.4426    0.2288   -0.8671
    0.1684   -0.9285   -0.3310
   -0.8808   -0.2925    0.3724
...   142 C-G ...
   -6.3246   59.0804    1.6315
   -0.2968   -0.3279   -0.8969
    0.5658   -0.8170    0.1115
   -0.7693   -0.4743    0.4280
...   143 T-A ...
   -8.6730   58.7215    3.6047
   -0.0344   -0.7815   -0.6229
    0.6534   -0.4892    0.5777
   -0.7562   -0.3872    0.5275
...   144 C-G ...
  -11.6513   58.0074    4.7220
    0.2453   -0.9542   -0.1714
    0.6321    0.0234    0.7745
   -0.7350   -0.2984    0.6089
...   145 A-T ...
  -14.1724   56.5625    6.1820
    0.5795   -0.7268    0.3686
    0.3140    0.6165    0.7220
   -0.7520   -0.3027    0.5855
...   146 C-G ...
  -16.4613   53.8912    7.5170
    0.5336   -0.3333    0.7773
   -0.0346    0.9097    0.4138
   -0.8450   -0.2477    0.4739
...   147 A-T ...
  -19.0123   52.0327    8.9269
    0.2451    0.2906    0.9249
   -0.3073    0.9281   -0.2101
   -0.9195   -0.2327    0.3168
