  147 base-pairs
...     1 A-T ...
    0.0000    0.0000    0.0000
    1.0000    0.0000    0.0000
    0.0000    1.0000    0.0000
    0.0000    0.0000    1.0000
...     2 G-C ...
   -0.1404   -1.2353    3.2259
    0.7530    0.6366    0.1668
   -0.6385    0.7681   -0.0490
   -0.1593   -0.0696    0.9848
...     3 T-A ...
   -0.0377   -3.2918    6.3749
    0.2722    0.9302    0.2464
   -0.9238    0.3243   -0.2034
   -0.2691   -0.1722    0.9476
...     4 G-C ...
   -0.3520   -4.1638    9.4928
   -0.3756    0.9250    0.0576
   -0.8780   -0.3352   -0.3416
   -0.2967   -0.1788    0.9381
...     5 A-T ...
   -0.4480   -4.1448   12.7498
   -0.8116    0.5839   -0.0166
   -0.5522   -0.7762   -0.3042
   -0.1905   -0.2377    0.9525
...     6 G-C ...
   -1.5926   -4.1701   15.6201
   -0.9976    0.0246   -0.0651
   -0.0043   -0.9555   -0.2950
   -0.0694   -0.2940    0.9533
...     7 C-G ...
   -1.1050   -4.4793   18.7363
   -0.8442   -0.5302   -0.0787
    0.5343   -0.8442   -0.0430
   -0.0437   -0.0784    0.9960
...     8 G-C ...
   -2.4044   -7.7255   23.1483
   -0.2753   -0.3294   -0.9032
    0.6650   -0.7437    0.0686
   -0.6943   -0.5817    0.4238
...     9 C-G ...
   -4.4706   -9.9691   24.1142
    0.1145   -0.7026   -0.7023
    0.8512   -0.2951    0.4341
   -0.5123   -0.6475    0.5642
...    10 T-A ...
   -6.7420  -10.8705   25.9717
    0.4841   -0.8363   -0.2573
    0.6594    0.1554    0.7356
   -0.5752   -0.5257    0.6267
...    11 C-G ...
   -9.1682  -12.6167   27.1662
    0.7073   -0.6683    0.2306
    0.3450    0.6110    0.7125
   -0.6170   -0.4243    0.6627
...    12 A-T ...
  -10.9253  -14.6583   29.0713
    0.7515   -0.1377    0.6452
   -0.2027    0.8824    0.4245
   -0.6278   -0.4498    0.6352
...    13 C-G ...
  -11.8495  -17.4796   31.2472
    0.4294    0.2824    0.8578
   -0.5708    0.8209    0.0155
   -0.6998   -0.4963    0.5137
...    14 A-T ...
  -13.5915  -19.7756   33.4284
   -0.1503    0.6106    0.7775
   -0.6874    0.5007   -0.5261
   -0.7106   -0.6135    0.3445
...    15 A-T ...
  -15.7071  -21.9094   34.6871
   -0.5374    0.7730    0.3372
   -0.4463    0.0786   -0.8914
   -0.7156   -0.6295    0.3027
...    16 T-A ...
  -17.8178  -23.8669   36.2743
   -0.6775    0.7168   -0.1652
   -0.0999   -0.3122   -0.9448
   -0.7287   -0.6235    0.2831
...    17 T-A ...
  -20.2001  -25.7719   37.3338
   -0.5751    0.4543   -0.6803
    0.3026   -0.6545   -0.6929
   -0.7600   -0.6044    0.2389
...    18 T-A ...
  -22.7696  -27.5512   38.1122
   -0.2546    0.0599   -0.9652
    0.5608   -0.8039   -0.1978
   -0.7878   -0.5917    0.1711
...    19 A-T ...
  -25.6164  -29.2872   38.2717
    0.2339   -0.2673   -0.9348
    0.5539   -0.7535    0.3541
   -0.7990   -0.6006   -0.0281
...    20 T-A ...
  -28.4706  -30.7829   37.7094
    0.5015   -0.5933   -0.6297
    0.3417   -0.5329    0.7742
   -0.7948   -0.6034   -0.0645
...    21 T-A ...
  -31.0691  -32.6574   37.1874
    0.6002   -0.7964   -0.0739
   -0.0303   -0.1149    0.9929
   -0.7993   -0.5937   -0.0931
...    22 C-G ...
  -33.5389  -34.7949   36.7496
    0.4557   -0.7124    0.5336
   -0.4125    0.3622    0.8358
   -0.7887   -0.6011   -0.1288
...    23 G-C ...
  -36.3344  -36.6575   36.7240
    0.1523   -0.3504    0.9241
   -0.6297    0.6863    0.3640
   -0.7617   -0.6374   -0.1161
...    24 C-G ...
  -38.6337  -39.0542   36.2542
   -0.2225    0.1006    0.9697
   -0.5988    0.7709   -0.2174
   -0.7694   -0.6290   -0.1113
...    25 A-T ...
  -41.3182  -40.9131   35.6070
   -0.4870    0.5737    0.6585
   -0.3346    0.5739   -0.7474
   -0.8068   -0.5844   -0.0876
...    26 A-T ...
  -43.8632  -42.9300   35.5105
   -0.5895    0.8002    0.1102
    0.0307    0.1585   -0.9869
   -0.8072   -0.5783   -0.1180
...    27 A-T ...
  -46.5230  -44.7587   35.3144
   -0.4357    0.7736   -0.4601
    0.3680   -0.3134   -0.8754
   -0.8214   -0.5507   -0.1481
...    28 G-C ...
  -49.3990  -46.3178   34.9384
   -0.0826    0.5592   -0.8249
    0.5355   -0.6732   -0.5100
   -0.8405   -0.4839   -0.2439
...    29 G-C ...
  -52.3847  -47.5019   33.9425
    0.3252    0.1758   -0.9292
    0.4568   -0.8895   -0.0084
   -0.8280   -0.4218   -0.3695
...    30 C-G ...
  -55.1357  -48.4009   32.3578
    0.5750   -0.3042   -0.7595
    0.1682   -0.8645    0.4737
   -0.8006   -0.4001   -0.4459
...    31 C-G ...
  -57.5271  -49.6787   30.3307
    0.6331   -0.6960   -0.3388
   -0.2339   -0.5892    0.7734
   -0.7379   -0.4104   -0.5358
...    32 G-C ...
  -59.8722  -51.5155   28.7393
    0.4257   -0.8824    0.2004
   -0.6183   -0.1220    0.7764
   -0.6606   -0.4544   -0.5975
...    33 G-C ...
  -61.8070  -53.2713   26.5602
    0.0224   -0.7826    0.6221
   -0.7750    0.3795    0.5053
   -0.6315   -0.4935   -0.5980
...    34 C-G ...
  -63.6270  -55.1454   24.4432
   -0.4191   -0.4272    0.8012
   -0.6508    0.7566    0.0631
   -0.6331   -0.4950   -0.5951
...    35 C-G ...
  -65.6017  -57.0242   22.4099
   -0.6812    0.0979    0.7255
   -0.2911    0.8731   -0.3911
   -0.6717   -0.4776   -0.5663
...    36 C-G ...
  -67.7507  -58.8922   20.5543
   -0.6726    0.6015    0.4311
    0.1542    0.6836   -0.7134
   -0.7238   -0.4133   -0.5525
...    37 G-C ...
  -69.9648  -60.1199   18.3253
   -0.3634    0.9308    0.0400
    0.5244    0.2399   -0.8170
   -0.7700   -0.2759   -0.5753
...    38 A-T ...
  -72.5012  -61.0215   16.4907
    0.0683    0.9167   -0.3937
    0.6395   -0.3431   -0.6880
   -0.7658   -0.2048   -0.6096
...    39 C-G ...
  -75.3096  -61.2340   14.8384
    0.4415    0.6206   -0.6480
    0.4967   -0.7705   -0.3995
   -0.7472   -0.1455   -0.6484
...    40 A-T ...
  -77.6531  -61.6039   12.4666
    0.7448    0.1077   -0.6585
    0.1224   -0.9922   -0.0238
   -0.6559   -0.0629   -0.7522
...    41 C-G ...
  -79.6029  -61.1443    9.8414
    0.7245   -0.4251   -0.5426
   -0.3118   -0.9041    0.2920
   -0.6147   -0.0424   -0.7876
...    42 G-C ...
  -81.4964  -61.7872    7.1216
    0.4638   -0.8592   -0.2161
   -0.7222   -0.5080    0.4695
   -0.5132   -0.0617   -0.8561
...    43 A-T ...
  -83.0265  -62.0483    4.1947
   -0.0748   -0.9918    0.1041
   -0.8682    0.1161    0.4825
   -0.4906   -0.0543   -0.8697
...    44 C-G ...
  -84.1090  -62.4878    1.0309
   -0.5398   -0.7713    0.3372
   -0.6917    0.6347    0.3445
   -0.4798   -0.0473   -0.8761
...    45 T-A ...
  -85.5692  -62.9273   -1.9486
   -0.8230   -0.2954    0.4852
   -0.2795    0.9542    0.1069
   -0.4945   -0.0477   -0.8679
...    46 T-A ...
  -87.0583  -63.3450   -4.8222
   -0.8445    0.3210    0.4286
    0.2734    0.9467   -0.1704
   -0.4605   -0.0268   -0.8873
...    47 A-T ...
  -88.3941  -63.2210   -7.9078
   -0.4727    0.8375    0.2742
    0.7469    0.5459   -0.3796
   -0.4676    0.0253   -0.8836
...    48 C-G ...
  -90.4178  -63.3001  -10.4994
    0.0176    0.9964    0.0833
    0.8848    0.0233   -0.4654
   -0.4656    0.0819   -0.8812
...    49 T-A ...
  -92.1661  -62.7770  -13.2549
    0.5286    0.8449   -0.0822
    0.7311   -0.5023   -0.4617
   -0.4314    0.1839   -0.8832
...    50 G-C ...
  -93.3004  -61.9561  -16.3097
    0.9025    0.3833   -0.1963
    0.2886   -0.8767   -0.3849
   -0.3196    0.2907   -0.9019
...    51 T-A ...
  -94.1926  -60.3747  -19.0544
    0.9333   -0.1499   -0.3262
   -0.2386   -0.9379   -0.2518
   -0.2682    0.3129   -0.9111
...    52 A-T ...
  -95.0175  -59.5352  -22.2040
    0.5964   -0.7046   -0.3846
   -0.7736   -0.6323   -0.0412
   -0.2141    0.3221   -0.9222
...    53 G-C ...
  -95.3585  -58.3808  -25.3221
    0.0829   -0.9440   -0.3193
   -0.9806   -0.1343    0.1425
   -0.1774    0.3013   -0.9369
...    54 G-C ...
  -95.6701  -57.5451  -28.6043
   -0.4799   -0.8646   -0.1488
   -0.8606    0.4309    0.2714
   -0.1705    0.2583   -0.9509
...    55 T-A ...
  -95.7672  -57.0797  -31.9430
   -0.8720   -0.4893    0.0164
   -0.4594    0.8294    0.3178
   -0.1691    0.2695   -0.9480
...    56 A-T ...
  -96.2186  -55.5449  -34.9701
   -0.9639    0.2013    0.1744
    0.2434    0.9316    0.2700
   -0.1081    0.3027   -0.9469
...    57 T-A ...
  -96.8611  -55.1342  -38.1855
   -0.6983    0.6551    0.2885
    0.7095    0.6870    0.1569
   -0.0954    0.3143   -0.9445
...    58 C-G ...
  -97.1981  -54.1527  -41.3097
   -0.1306    0.9164    0.3783
    0.9872    0.1554   -0.0356
   -0.0914    0.3688   -0.9250
...    59 T-A ...
  -97.7715  -52.7591  -44.2621
    0.4252    0.8172    0.3891
    0.9026   -0.3508   -0.2494
   -0.0673    0.4572   -0.8868
...    60 C-G ...
  -97.9512  -51.1116  -47.0812
    0.8781    0.4209    0.2277
    0.4781   -0.7516   -0.4544
   -0.0201    0.5078   -0.8612
...    61 G-C ...
  -97.5510  -49.5405  -50.0507
    0.9884   -0.1454    0.0447
   -0.0940   -0.8147   -0.5722
    0.1196    0.5614   -0.8189
...    62 A-T ...
  -96.9170  -47.6600  -52.6875
    0.7293   -0.6216   -0.2859
   -0.6633   -0.5397   -0.5184
    0.1679    0.5677   -0.8059
...    63 G-C ...
  -96.0033  -45.7196  -55.2540
    0.2382   -0.8346   -0.4966
   -0.9481   -0.0891   -0.3052
    0.2105    0.5436   -0.8126
...    64 C-G ...
  -94.8814  -44.0758  -57.9628
   -0.3447   -0.7428   -0.5739
   -0.9109    0.4125    0.0131
    0.2270    0.5273   -0.8188
...    65 T-A ...
  -93.9038  -42.5573  -60.7898
   -0.7969   -0.3951   -0.4571
   -0.5624    0.7613    0.3225
    0.2206    0.5141   -0.8289
...    66 C-G ...
  -93.0805  -40.9141  -63.5541
   -0.9749    0.1541   -0.1605
    0.0411    0.8335    0.5509
    0.2187    0.5305   -0.8190
...    67 G-C ...
  -92.0983  -38.7997  -66.0164
   -0.7895    0.5505    0.2714
    0.5945    0.5759    0.5612
    0.1526    0.6044   -0.7819
...    68 G-C ...
  -91.7217  -36.8920  -68.7881
   -0.3409    0.7117    0.6142
    0.9312    0.1660    0.3245
    0.1290    0.6826   -0.7194
...    69 G-C ...
  -91.5607  -34.5420  -71.2043
    0.2089    0.6012    0.7713
    0.9669   -0.2450   -0.0710
    0.1463    0.7606   -0.6325
...    70 A-T ...
  -91.1004  -31.9724  -73.1717
    0.7253    0.2877    0.6255
    0.6634   -0.5349   -0.5232
    0.1840    0.7944   -0.5788
...    71 T-A ...
  -90.7592  -29.0178  -74.5403
    0.9559   -0.0455    0.2900
    0.2076   -0.5937   -0.7774
    0.2076    0.8034   -0.5581
...    72 C-G ...
  -89.8348  -26.3678  -76.2382
    0.8843   -0.4181   -0.2080
   -0.3897   -0.4154   -0.8219
    0.2573    0.8079   -0.5303
...    73 C-G ...
  -88.4766  -23.7521  -77.9231
    0.4973   -0.6241   -0.6027
   -0.7998   -0.0604   -0.5973
    0.3363    0.7790   -0.5292
...    74 G-C ...
  -87.6295  -21.2601  -80.0513
   -0.0837   -0.5785   -0.8114
   -0.9192    0.3593   -0.1614
    0.3849    0.7323   -0.5618
...    75 C-G ...
  -86.0113  -19.0427  -81.9931
   -0.5952   -0.2788   -0.7537
   -0.7059    0.6295    0.3246
    0.3839    0.7253   -0.5715
...    76 T-A ...
  -84.6105  -16.8378  -84.0936
   -0.8956    0.0991   -0.4337
   -0.2591    0.6762    0.6897
    0.3616    0.7301   -0.5799
...    77 T-A ...
  -83.3399  -14.6482  -86.1517
   -0.8670    0.4963    0.0452
    0.3101    0.4662    0.8286
    0.3902    0.7323   -0.5581
...    78 T-A ...
  -82.1472  -12.3685  -88.1394
   -0.5262    0.6682    0.5259
    0.7502    0.0735    0.6572
    0.4005    0.7403   -0.5399
...    79 A-T ...
  -80.7289   -9.8385  -89.8281
   -0.0121    0.4994    0.8663
    0.9206   -0.3327    0.2046
    0.3904    0.7999   -0.4558
...    80 A-T ...
  -79.6207   -7.1334  -91.2138
    0.4997    0.1830    0.8467
    0.7666   -0.5485   -0.3339
    0.4033    0.8159   -0.4143
...    81 C-G ...
  -78.6464   -4.1155  -92.1146
    0.8087   -0.1785    0.5605
    0.3968   -0.5379   -0.7438
    0.4343    0.8239   -0.3642
...    82 A-T ...
  -76.9518   -1.4939  -93.3591
    0.8387   -0.5411    0.0607
   -0.1135   -0.2828   -0.9524
    0.5326    0.7920   -0.2986
...    83 C-G ...
  -74.8995    1.1190  -93.7123
    0.6352   -0.6208   -0.4594
   -0.5316    0.0800   -0.8432
    0.5602    0.7799   -0.2792
...    84 T-A ...
  -72.7151    3.5346  -94.4852
    0.2195   -0.4900   -0.8436
   -0.7713    0.4424   -0.4576
    0.5975    0.7511   -0.2808
...    85 C-G ...
  -70.6328    5.9345  -95.4465
   -0.2948   -0.1030   -0.9500
   -0.7392    0.6546    0.1584
    0.6055    0.7490   -0.2691
...    86 A-T ...
  -68.8358    8.6700  -96.1486
   -0.7093    0.2858   -0.6444
   -0.4069    0.5805    0.7053
    0.5756    0.7624   -0.2955
...    87 T-A ...
  -66.7878   10.8026  -97.6588
   -0.8072    0.5614   -0.1825
    0.0160    0.3298    0.9439
    0.5901    0.7590   -0.2752
...    88 G-C ...
  -64.7998   13.4265  -98.3126
   -0.6978    0.5706    0.4330
    0.4857   -0.0673    0.8715
    0.5264    0.8185   -0.2302
...    89 T-A ...
  -63.5061   16.2478  -99.4738
   -0.3571    0.4038    0.8423
    0.7787   -0.3694    0.5072
    0.5159    0.8370   -0.1825
...    90 T-A ...
  -61.9989   19.0489 -100.0700
    0.1310    0.0802    0.9881
    0.8446   -0.5310   -0.0689
    0.5192    0.8436   -0.1373
...    91 A-T ...
  -60.1887   21.8596 -100.2974
    0.5345   -0.3508    0.7689
    0.6330   -0.4367   -0.6392
    0.5601    0.8284   -0.0113
...    92 T-A ...
  -58.6744   24.7176  -99.7405
    0.7724   -0.5412    0.3323
    0.2792   -0.1805   -0.9431
    0.5704    0.8213    0.0117
...    93 A-T ...
  -56.6236   27.3968  -99.9689
    0.7646   -0.5482   -0.3389
   -0.2482    0.2348   -0.9398
    0.5948    0.8027    0.0435
...    94 A-T ...
  -54.5394   29.8798  -99.5867
    0.4915   -0.2696   -0.8281
   -0.6490    0.5207   -0.5547
    0.5808    0.8100    0.0809
...    95 C-G ...
  -52.0989   32.1673  -99.1494
    0.0625    0.0669   -0.9958
   -0.8053    0.5927   -0.0107
    0.5895    0.8026    0.0909
...    96 G-C ...
  -50.5137   35.1281  -98.7341
   -0.4540    0.3673   -0.8118
   -0.6831    0.4415    0.5818
    0.5721    0.8186    0.0505
...    97 G-C ...
  -48.3855   37.7819  -98.6631
   -0.7933    0.5047   -0.3406
   -0.3145    0.1394    0.9390
    0.5213    0.8520    0.0481
...    98 A-T ...
  -46.5435   40.5125  -98.5466
   -0.8402    0.4577    0.2907
    0.2129   -0.2146    0.9532
    0.4987    0.8628    0.0829
...    99 T-A ...
  -45.2149   43.5057  -98.8245
   -0.6231    0.2649    0.7359
    0.6081   -0.4277    0.6688
    0.4919    0.8642    0.1054
...   100 T-A ...
  -43.7776   46.3885  -98.5303
   -0.1884   -0.0695    0.9796
    0.8554   -0.5018    0.1289
    0.4826    0.8622    0.1540
...   101 T-A ...
  -42.3856   49.2422  -97.9285
    0.3069   -0.3873    0.8694
    0.8186   -0.3586   -0.4487
    0.4855    0.8494    0.2070
...   102 A-T ...
  -40.6271   51.9525  -97.0417
    0.6764   -0.6118    0.4100
    0.5100   -0.0126   -0.8601
    0.5314    0.7909    0.3035
...   103 T-A ...
  -39.1027   54.3657  -95.4004
    0.8401   -0.5343   -0.0935
    0.0984    0.3196   -0.9424
    0.5334    0.7825    0.3211
...   104 G-C ...
  -37.1124   56.9632  -94.6681
    0.7015   -0.2754   -0.6573
   -0.3921    0.6211   -0.6786
    0.5952    0.7337    0.3277
...   105 C-G ...
  -34.8002   59.1054  -93.4905
    0.3495    0.1238   -0.9287
   -0.7073    0.6849   -0.1749
    0.6144    0.7180    0.3270
...   106 T-A ...
  -32.4805   61.3209  -92.4958
   -0.1115    0.4799   -0.8702
   -0.7765    0.5044    0.3776
    0.6201    0.7178    0.3165
...   107 T-A ...
  -30.2138   63.4809  -91.5418
   -0.5232    0.7229   -0.4513
   -0.5736    0.0929    0.8138
    0.6302    0.6847    0.3661
...   108 C-G ...
  -28.0255   65.6772  -90.3594
   -0.7795    0.6123    0.1321
   -0.1507   -0.3880    0.9092
    0.6080    0.6889    0.3948
...   109 C-G ...
  -25.9145   68.1130  -89.2777
   -0.7918    0.2188    0.5703
    0.3002   -0.6737    0.6753
    0.5320    0.7059    0.4677
...   110 G-C ...
  -23.9790   70.2291  -87.4745
   -0.5663   -0.3103    0.7636
    0.6957   -0.6767    0.2409
    0.4419    0.6677    0.5991
...   111 G-C ...
  -22.8296   72.5530  -85.3207
   -0.1479   -0.7100    0.6885
    0.9053   -0.3775   -0.1948
    0.3982    0.5945    0.6986
...   112 C-G ...
  -21.9792   74.4099  -82.7171
    0.3452   -0.8405    0.4176
    0.8534    0.0959   -0.5124
    0.3906    0.5333    0.7504
...   113 T-A ...
  -20.8453   75.8642  -79.9588
    0.7230   -0.6906    0.0189
    0.5575    0.5669   -0.6065
    0.4081    0.4490    0.7949
...   114 C-G ...
  -19.3410   77.1056  -77.3014
    0.9080   -0.2134   -0.3604
    0.0269    0.8884   -0.4582
    0.4180    0.4064    0.8125
...   115 G-C ...
  -17.7404   78.8363  -74.8576
    0.7304    0.3377   -0.5936
   -0.4841    0.8691   -0.1013
    0.4817    0.3614    0.7983
...   116 T-A ...
  -15.7048   79.5564  -72.2563
    0.3496    0.7665   -0.5388
   -0.8067    0.5387    0.2430
    0.4765    0.3497    0.8067
...   117 A-T ...
  -14.8339   80.6832  -69.0766
   -0.2615    0.9571   -0.1251
   -0.8499   -0.1669    0.4998
    0.4575    0.2370    0.8570
...   118 T-A ...
  -12.8168   81.6796  -66.6308
   -0.6618    0.7290    0.1746
   -0.5940   -0.6521    0.4711
    0.4573    0.2080    0.8646
...   119 A-T ...
  -11.3419   81.9744  -63.5886
   -0.9026    0.1339    0.4090
   -0.0430   -0.9737    0.2239
    0.4282    0.1845    0.8846
...   120 A-T ...
  -10.0173   82.7335  -60.7301
   -0.7753   -0.4632    0.4294
    0.4864   -0.8716   -0.0620
    0.4029    0.1607    0.9010
...   121 T-A ...
   -9.1952   83.6791  -57.7097
   -0.4326   -0.8497    0.3014
    0.8170   -0.5109   -0.2675
    0.3813    0.1305    0.9152
...   122 G-C ...
   -7.8613   83.7399  -54.6101
    0.0690   -0.9969   -0.0374
    0.9376    0.0776   -0.3389
    0.3407   -0.0117    0.9401
...   123 T-A ...
   -7.2822   83.3155  -51.3864
    0.5486   -0.7960   -0.2557
    0.7635    0.6016   -0.2348
    0.3407   -0.0664    0.9378
...   124 G-C ...
   -5.7403   83.0812  -48.4001
    0.8725   -0.2652   -0.4104
    0.3042    0.9521    0.0314
    0.3824   -0.1522    0.9114
...   125 T-A ...
   -4.4307   81.9227  -45.5297
    0.8962    0.3052   -0.3221
   -0.2210    0.9364    0.2725
    0.3848   -0.1730    0.9066
...   126 C-G ...
   -3.0316   81.2851  -42.5768
    0.5711    0.8188   -0.0591
   -0.7292    0.5390    0.4215
    0.3770   -0.1976    0.9049
...   127 G-C ...
   -2.2292   80.7440  -39.3141
   -0.0005    0.9847    0.1741
   -0.9278   -0.0654    0.3673
    0.3731   -0.1614    0.9137
...   128 A-T ...
   -0.8954   80.0711  -36.3482
   -0.5769    0.7332    0.3602
   -0.7391   -0.6562    0.1520
    0.3478   -0.1785    0.9204
...   129 C-G ...
    0.6110   79.9500  -33.3712
   -0.8971    0.2593    0.3578
   -0.3085   -0.9473   -0.0869
    0.3164   -0.1883    0.9298
...   130 C-G ...
    1.7632   79.5611  -30.1983
   -0.9464   -0.2913    0.1398
    0.2438   -0.9277   -0.2827
    0.2121   -0.2334    0.9490
...   131 A-T ...
    2.4836   78.5759  -27.0512
   -0.6545   -0.7319   -0.1896
    0.7498   -0.5961   -0.2870
    0.0970   -0.3300    0.9390
...   132 A-T ...
    2.5832   77.4725  -24.0160
   -0.1100   -0.9213   -0.3729
    0.9917   -0.0764   -0.1036
    0.0669   -0.3812    0.9221
...   133 A-T ...
    2.6043   76.0836  -21.0920
    0.4818   -0.7813   -0.3967
    0.8746    0.4569    0.1623
    0.0544   -0.4252    0.9035
...   134 T-A ...
    2.3094   74.2286  -18.3853
    0.8657   -0.4292   -0.2574
    0.4984    0.7868    0.3642
    0.0462   -0.4436    0.8950
...   135 G-C ...
    1.4370   72.0948  -15.6002
    0.9809    0.0621    0.1844
   -0.1263    0.9241    0.3606
   -0.1480   -0.3770    0.9143
...   136 T-A ...
    0.5300   69.2373  -13.4652
    0.7353    0.4962    0.4617
   -0.6117    0.7791    0.1369
   -0.2918   -0.3831    0.8764
...   137 G-C ...
   -0.1630   67.4089  -10.8054
    0.1799    0.8794    0.4409
   -0.9276    0.3008   -0.2216
   -0.3275   -0.3691    0.8698
...   138 A-T ...
   -0.1293   66.2154   -7.8180
   -0.3749    0.8569    0.3537
   -0.8857   -0.2184   -0.4097
   -0.2739   -0.4669    0.8408
...   139 G-C ...
   -1.0030   65.6050   -4.9383
   -0.8337    0.5216    0.1812
   -0.5170   -0.6221   -0.5880
   -0.1940   -0.5840    0.7883
...   140 C-G ...
   -0.6940   63.8984   -2.2497
   -0.9992    0.0157   -0.0376
    0.0023   -0.8992   -0.4375
   -0.0406   -0.4373    0.8984
...   141 G-C ...
   -3.4330   60.2356    1.0303
   -0.4426    0.2288   -0.8671
    0.1684   -0.9285   -0.3310
   -0.8808   -0.2925    0.3724
...   142 C-G ...
   -6.3247   59.0804    1.6314
   -0.2968   -0.3279   -0.8969
    0.5658   -0.8170    0.1115
   -0.7693   -0.4743    0.4280
...   143 T-A ...
   -8.6731   58.7215    3.6047
   -0.0344   -0.7815   -0.6229
    0.6534   -0.4892    0.5777
   -0.7562   -0.3872    0.5275
...   144 C-G ...
  -11.6513   58.0074    4.7219
    0.2453   -0.9542   -0.1714
    0.6321    0.0234    0.7745
   -0.7350   -0.2984    0.6089
...   145 A-T ...
  -14.1725   56.5626    6.1819
    0.5795   -0.7268    0.3686
    0.3140    0.6165    0.7220
   -0.7520   -0.3027    0.5855
...   146 C-G ...
  -16.4614   53.8912    7.5170
    0.5336   -0.3333    0.7773
   -0.0346    0.9097    0.4138
   -0.8450   -0.2477    0.4739
...   147 A-T ...
  -19.0124   52.0327    8.9268
    0.2451    0.2906    0.9249
   -0.3073    0.9281   -0.2101
   -0.9195   -0.2327    0.3168
