  147 base-pairs
...     1 A-T ...
    0.0000    0.0000    0.0000
    1.0000    0.0000    0.0000
    0.0000    1.0000    0.0000
    0.0000    0.0000    1.0000
...     2 G-C ...
   -0.1404   -1.2353    3.2259
    0.7530    0.6366    0.1668
   -0.6385    0.7681   -0.0490
   -0.1593   -0.0696    0.9848
...     3 T-A ...
   -0.0377   -3.2918    6.3749
    0.2722    0.9302    0.2464
   -0.9238    0.3243   -0.2034
   -0.2691   -0.1722    0.9476
...     4 G-C ...
   -0.3520   -4.1638    9.4928
   -0.3756    0.9250    0.0576
   -0.8780   -0.3352   -0.3416
   -0.2967   -0.1788    0.9381
...     5 A-T ...
   -0.4480   -4.1448   12.7498
   -0.8116    0.5839   -0.0166
   -0.5522   -0.7762   -0.3042
   -0.1905   -0.2377    0.9525
...     6 G-C ...
   -1.5926   -4.1701   15.6201
   -0.9976    0.0246   -0.0651
   -0.0043   -0.9555   -0.2950
   -0.0694   -0.2940    0.9533
...     7 C-G ...
   -1.1050   -4.4793   18.7363
   -0.8442   -0.5302   -0.0787
    0.5343   -0.8442   -0.0430
   -0.0437   -0.0784    0.9960
...     8 G-C ...
   -2.4044   -7.7255   23.1483
   -0.2753   -0.3294   -0.9032
    0.6650   -0.7437    0.0686
   -0.6943   -0.5817    0.4238
...     9 C-G ...
   -4.4706   -9.9691   24.1142
    0.1145   -0.7026   -0.7023
    0.8512   -0.2951    0.4341
   -0.5123   -0.6475    0.5642
...    10 T-A ...
   -6.7420  -10.8705   25.9717
    0.4841   -0.8363   -0.2573
    0.6594    0.1554    0.7356
   -0.5752   -0.5257    0.6267
...    11 C-G ...
   -9.1682  -12.6167   27.1662
    0.7073   -0.6683    0.2306
    0.3450    0.6110    0.7125
   -0.6170   -0.4243    0.6627
...    12 A-T ...
  -10.9253  -14.6583   29.0713
    0.7515   -0.1377    0.6452
   -0.2027    0.8824    0.4245
   -0.6278   -0.4498    0.6352
...    13 C-G ...
  -11.8495  -17.4796   31.2472
    0.4294    0.2824    0.8578
   -0.5708    0.8209    0.0155
   -0.6998   -0.4963    0.5137
...    14 A-T ...
  -13.5915  -19.7756   33.4284
   -0.1503    0.6106    0.7775
   -0.6874    0.5007   -0.5261
   -0.7106   -0.6135    0.3445
...    15 A-T ...
  -15.6972  -21.9183   34.6904
   -0.5401    0.7694    0.3410
   -0.4455    0.0824   -0.8915
   -0.7140   -0.6334    0.2982
...    16 T-A ...
  -17.8015  -23.8946   36.2633
   -0.6803    0.7154   -0.1592
   -0.0977   -0.3038   -0.9477
   -0.7264   -0.6292    0.2765
...    17 T-A ...
  -20.1725  -25.8198   37.3061
   -0.5762    0.4625   -0.6739
    0.3057   -0.6427   -0.7025
   -0.7580   -0.6108    0.2290
...    18 T-A ...
  -22.7341  -27.6183   38.0511
   -0.2522    0.0828   -0.9641
    0.5634   -0.7975   -0.2159
   -0.7867   -0.5977    0.1545
...    19 A-T ...
  -25.6432  -29.2633   38.1219
    0.2449   -0.2106   -0.9464
    0.5549   -0.7700    0.3149
   -0.7950   -0.6023   -0.0717
...    20 T-A ...
  -28.4721  -30.7389   37.4364
    0.5155   -0.5445   -0.6616
    0.3385   -0.5800    0.7410
   -0.7872   -0.6059   -0.1146
...    21 T-A ...
  -31.0285  -32.6091   36.7500
    0.6178   -0.7763   -0.1256
   -0.0397   -0.1904    0.9809
   -0.7854   -0.6010   -0.1485
...    22 C-G ...
  -33.4201  -34.7757   36.1140
    0.4694   -0.7413    0.4797
   -0.4324    0.2807    0.8569
   -0.7698   -0.6097   -0.1887
...    23 G-C ...
  -36.1305  -36.7395   35.9154
    0.1517   -0.4256    0.8921
   -0.6603    0.6280    0.4119
   -0.7356   -0.6515   -0.1857
...    24 C-G ...
  -38.3298  -39.1689   35.2096
   -0.2429    0.0014    0.9701
   -0.6271    0.7627   -0.1581
   -0.7401   -0.6467   -0.1844
...    25 A-T ...
  -40.9200  -41.0528   34.3278
   -0.5293    0.4843    0.6966
   -0.3450    0.6272   -0.6982
   -0.7751   -0.6099   -0.1649
...    26 A-T ...
  -43.3504  -43.1820   33.9712
   -0.6367    0.7525    0.1681
    0.0489    0.2570   -0.9652
   -0.7695   -0.6063   -0.2005
...    27 A-T ...
  -45.8891  -45.1334   33.5145
   -0.4699    0.7885   -0.3968
    0.4129   -0.2009   -0.8883
   -0.7802   -0.5812   -0.2312
...    28 G-C ...
  -48.6403  -46.8211   32.8825
   -0.0937    0.6368   -0.7653
    0.5966   -0.5795   -0.5553
   -0.7971   -0.5086   -0.3256
...    29 G-C ...
  -51.5038  -48.0939   31.6736
    0.3446    0.3007   -0.8893
    0.5222   -0.8486   -0.0846
   -0.7801   -0.4352   -0.4495
...    30 C-G ...
  -54.1178  -48.9919   29.8873
    0.6275   -0.1684   -0.7602
    0.2195   -0.8984    0.3803
   -0.7470   -0.4055   -0.5268
...    31 C-G ...
  -56.3032  -50.1860   27.5998
    0.7085   -0.5924   -0.3836
   -0.2119   -0.6970    0.6850
   -0.6732   -0.4040   -0.6193
...    32 G-C ...
  -58.3484  -52.0207   25.6448
    0.5061   -0.8543    0.1183
   -0.6392   -0.2794    0.7165
   -0.5791   -0.4383   -0.6875
...    33 G-C ...
  -59.9381  -53.7062   23.1538
    0.0793   -0.8490    0.5224
   -0.8390    0.2262    0.4949
   -0.5384   -0.4775   -0.6944
...    34 C-G ...
  -61.4111  -55.4990   20.7235
   -0.4087   -0.5714    0.7116
   -0.7398    0.6640    0.1083
   -0.5344   -0.4822   -0.6942
...    35 C-G ...
  -63.0371  -57.3186   18.3592
   -0.7316   -0.0773    0.6774
   -0.3745    0.8758   -0.3045
   -0.5697   -0.4764   -0.6697
...    36 C-G ...
  -64.8146  -59.1652   16.1308
   -0.7736    0.4546    0.4414
    0.1107    0.7829   -0.6122
   -0.6239   -0.4248   -0.6560
...    37 G-C ...
  -66.6568  -60.3589   13.5733
   -0.4907    0.8641    0.1122
    0.5468    0.4057   -0.7324
   -0.6784   -0.2980   -0.6716
...    38 A-T ...
  -68.8848  -61.3654   11.4201
   -0.0322    0.9593   -0.2805
    0.7352   -0.1674   -0.6569
   -0.6771   -0.2274   -0.6999
...    39 C-G ...
  -71.4863  -61.7494    9.4873
    0.3977    0.7504   -0.5279
    0.6361   -0.6401   -0.4308
   -0.6612   -0.1645   -0.7319
...    40 A-T ...
  -73.5552  -62.1344    6.8764
    0.7751    0.2943   -0.5591
    0.2748   -0.9538   -0.1210
   -0.5689   -0.0598   -0.8202
...    41 C-G ...
  -75.3026  -61.6309    4.1304
    0.8307   -0.2417   -0.5016
   -0.1898   -0.9698    0.1530
   -0.5234   -0.0319   -0.8515
...    42 G-C ...
  -76.7758  -62.1744    1.1493
    0.6236   -0.7414   -0.2481
   -0.6689   -0.6702    0.3215
   -0.4046   -0.0345   -0.9138
...    43 A-T ...
  -77.9113  -62.3239   -1.9535
    0.0938   -0.9956   -0.0074
   -0.9215   -0.0896    0.3780
   -0.3770   -0.0286   -0.9258
...    44 C-G ...
  -78.5426  -62.5579   -5.2526
   -0.4212   -0.8873    0.1876
   -0.8307    0.4605    0.3128
   -0.3640   -0.0240   -0.9311
...    45 T-A ...
  -79.5522  -62.8962   -8.4221
   -0.8011   -0.4912    0.3420
   -0.4664    0.8704    0.1576
   -0.3751   -0.0332   -0.9264
...    46 T-A ...
  -80.5919  -63.2468  -11.4966
   -0.9354    0.1130    0.3350
    0.1039    0.9936   -0.0450
   -0.3379   -0.0073   -0.9411
...    47 A-T ...
  -81.5013  -62.9709  -14.7287
   -0.6566    0.7076    0.2612
    0.6733    0.7059   -0.2198
   -0.3399    0.0315   -0.9399
...    48 C-G ...
  -83.0996  -63.1473  -17.6034
   -0.1867    0.9703    0.1540
    0.9196    0.2278   -0.3201
   -0.3457    0.0819   -0.9348
...    49 T-A ...
  -84.5104  -62.6909  -20.5579
    0.3593    0.9316    0.0554
    0.8735   -0.3148   -0.3714
   -0.3285    0.1819   -0.9268
...    50 G-C ...
  -85.3449  -61.8324  -23.6941
    0.8270    0.5616   -0.0259
    0.5107   -0.7697   -0.3831
   -0.2351    0.3036   -0.9233
...    51 T-A ...
  -86.1235  -60.2170  -26.4502
    0.9826    0.0595   -0.1757
   -0.0034   -0.9412   -0.3377
   -0.1854    0.3325   -0.9247
...    52 A-T ...
  -86.5579  -59.2076  -29.6167
    0.7912   -0.5364   -0.2936
   -0.6009   -0.7710   -0.2107
   -0.1134    0.3432   -0.9324
...    53 G-C ...
  -86.5742  -57.9152  -32.6934
    0.3436   -0.8807   -0.3262
   -0.9368   -0.3460   -0.0526
   -0.0665    0.3236   -0.9438
...    54 G-C ...
  -86.4340  -56.9617  -35.9538
   -0.2385   -0.9363   -0.2579
   -0.9702    0.2177    0.1066
   -0.0437    0.2756   -0.9603
...    55 T-A ...
  -86.0095  -56.3314  -39.2320
   -0.7257   -0.6686   -0.1623
   -0.6866    0.6886    0.2333
   -0.0442    0.2808   -0.9588
...    56 A-T ...
  -86.2274  -54.7951  -42.2764
   -0.9994   -0.0311   -0.0166
   -0.0348    0.9471    0.3190
    0.0058    0.3193   -0.9476
...    57 T-A ...
  -86.3243  -54.3806  -45.5560
   -0.8730    0.4654    0.1458
    0.4874    0.8213    0.2964
    0.0182    0.3298   -0.9439
...    58 C-G ...
  -86.2780  -53.3545  -48.6846
   -0.4094    0.8469    0.3394
    0.9123    0.3764    0.1614
    0.0089    0.3757   -0.9267
...    59 T-A ...
  -86.5647  -52.0171  -51.7055
    0.1405    0.8797    0.4543
    0.9901   -0.1280   -0.0583
    0.0068    0.4580   -0.8889
...    60 C-G ...
  -86.5647  -50.3845  -54.5412
    0.6948    0.6049    0.3892
    0.7183   -0.6110   -0.3327
    0.0365    0.5107   -0.8590
...    61 G-C ...
  -85.9862  -48.7252  -57.4245
    0.9650    0.0854    0.2480
    0.2130   -0.8069   -0.5510
    0.1530    0.5845   -0.7968
...    62 A-T ...
  -85.2966  -46.7196  -59.9440
    0.8953   -0.4332   -0.1034
   -0.3988   -0.6764   -0.6193
    0.1984    0.5957   -0.7784
...    63 G-C ...
  -84.3299  -44.6144  -62.3481
    0.5243   -0.7570   -0.3899
   -0.8142   -0.3116   -0.4899
    0.2494    0.5743   -0.7797
...    64 C-G ...
  -83.0485  -42.7773  -64.8420
   -0.0300   -0.8113   -0.5839
   -0.9618    0.1824   -0.2040
    0.2720    0.5555   -0.7858
...    65 T-A ...
  -81.8508  -41.1277  -67.4979
   -0.5616   -0.5886   -0.5815
   -0.7814    0.6085    0.1388
    0.2721    0.5323   -0.8016
...    66 C-G ...
  -80.8673  -39.4265  -70.1651
   -0.9230   -0.0983   -0.3721
   -0.2798    0.8353    0.4733
    0.2643    0.5410   -0.7984
...    67 G-C ...
  -79.9388  -37.2273  -72.5624
   -0.9366    0.3473    0.0473
    0.3022    0.7316    0.6112
    0.1777    0.5867   -0.7901
...    68 G-C ...
  -79.4356  -35.4123  -75.3747
   -0.6260    0.6363    0.4508
    0.7698    0.4122    0.4873
    0.1243    0.6521   -0.7479
...    69 G-C ...
  -79.2861  -33.2389  -77.9534
   -0.1136    0.6832    0.7213
    0.9880    0.0012    0.1544
    0.1046    0.7302   -0.6752
...    70 A-T ...
  -79.0080  -30.7848  -80.0991
    0.4819    0.5063    0.7152
    0.8678   -0.3888   -0.3095
    0.1214    0.7698   -0.6267
...    71 T-A ...
  -79.0624  -27.9510  -81.7455
    0.8521    0.2209    0.4745
    0.5055   -0.5823   -0.6367
    0.1356    0.7824   -0.6078
...    72 C-G ...
  -78.4498  -25.3025  -83.5794
    0.9800   -0.1967    0.0284
   -0.0910   -0.5711   -0.8158
    0.1767    0.7970   -0.5776
...    73 C-G ...
  -77.4219  -22.5705  -85.3046
    0.7497   -0.5326   -0.3927
   -0.6085   -0.3218   -0.7254
    0.2600    0.7828   -0.5654
...    74 G-C ...
  -76.6930  -20.1675  -87.5647
    0.2393   -0.6701   -0.7026
   -0.9144    0.0877   -0.3952
    0.3264    0.7370   -0.5918
...    75 C-G ...
  -75.2099  -17.8703  -89.5059
   -0.3237   -0.5171   -0.7924
   -0.8867    0.4580    0.0634
    0.3301    0.7231   -0.6067
...    76 T-A ...
  -73.9029  -15.6774  -91.6687
   -0.7673   -0.2028   -0.6084
   -0.5618    0.6701    0.4851
    0.3093    0.7140   -0.6281
...    77 T-A ...
  -72.7353  -13.5386  -93.8354
   -0.9443    0.2447   -0.2200
   -0.0105    0.6458    0.7635
    0.3289    0.7233   -0.6072
...    78 T-A ...
  -71.6792  -11.3388  -95.9852
   -0.7749    0.5724    0.2680
    0.5360    0.3703    0.7587
    0.3350    0.7316   -0.5938
...    79 A-T ...
  -70.4799   -8.8092  -97.8377
   -0.3199    0.6172    0.7188
    0.8984   -0.0433    0.4370
    0.3009    0.7856   -0.5406
...    80 A-T ...
  -69.7133   -6.1859  -99.5761
    0.2433    0.4551    0.8566
    0.9220   -0.3827   -0.0585
    0.3012    0.8040   -0.5127
...    81 C-G ...
  -69.2335   -3.2331 -100.9747
    0.6807    0.1454    0.7180
    0.6604   -0.5459   -0.5156
    0.3170    0.8251   -0.4677
...    82 A-T ...
  -67.9320   -0.5528 -102.5186
    0.9003   -0.2816    0.3320
    0.1658   -0.4832   -0.8596
    0.4025    0.8290   -0.3883
...    83 C-G ...
  -66.4761    2.3802 -103.1556
    0.8402   -0.5135   -0.1746
   -0.3327   -0.2337   -0.9136
    0.4283    0.8257   -0.3672
...    84 T-A ...
  -64.7470    5.0677 -104.1319
    0.5042   -0.5841   -0.6361
   -0.7230    0.1172   -0.6808
    0.4722    0.8032   -0.3632
...    85 T-A ...
  -62.9740    7.6317 -105.1118
   -0.0029   -0.3633   -0.9317
   -0.8850    0.4347   -0.1668
    0.4655    0.8241   -0.3228
...    86 T-A ...
  -61.1871   10.1815 -106.1050
   -0.5083    0.0015   -0.8612
   -0.7184    0.5506    0.4250
    0.4748    0.8347   -0.2788
...    87 A-T ...
  -59.7596   13.2354 -106.6081
   -0.8432    0.3820   -0.3782
   -0.2234    0.3910    0.8929
    0.4890    0.8374   -0.2444
...    88 T-A ...
  -58.1653   15.7525 -108.0346
   -0.8376    0.5280    0.1401
    0.2408    0.1266    0.9623
    0.4904    0.8398   -0.2332
...    89 G-C ...
  -56.5440   18.6448 -108.5695
   -0.5955    0.4029    0.6950
    0.6880   -0.1910    0.7001
    0.4148    0.8951   -0.1635
...    90 T-A ...
  -55.7403   21.7573 -109.3346
   -0.1598    0.1926    0.9682
    0.9009   -0.3724    0.2228
    0.4034    0.9079   -0.1140
...    91 C-G ...
  -54.4841   24.7773 -109.5711
    0.3839   -0.1174    0.9159
    0.8293   -0.3922   -0.3979
    0.4059    0.9124   -0.0532
...    92 A-T ...
  -52.8991   27.7373 -109.6824
    0.7458   -0.4200    0.5171
    0.4785   -0.2022   -0.8545
    0.4634    0.8847    0.0502
...    93 T-A ...
  -51.5653   30.6354 -108.8443
    0.8860   -0.4638    0.0002
    0.0292    0.0553   -0.9980
    0.4628    0.8842    0.0625
...    94 G-C ...
  -49.8587   33.5192 -108.9666
    0.6978   -0.3895   -0.6012
   -0.4835    0.3631   -0.7965
    0.5285    0.8464    0.0650
...    95 T-A ...
  -47.6652   35.9999 -108.3995
    0.3201   -0.1292   -0.9385
   -0.7825    0.5223   -0.3388
    0.5340    0.8429    0.0661
...    96 T-A ...
  -45.6834   38.5812 -108.0760
   -0.1850    0.2495   -0.9505
   -0.8276    0.4819    0.2876
    0.5299    0.8399    0.1173
...    97 A-T ...
  -44.2491   41.5701 -107.2125
   -0.6660    0.5446   -0.5097
   -0.5118    0.1635    0.8434
    0.5427    0.8226    0.1698
...    98 T-A ...
  -42.2574   44.2121 -107.2864
   -0.8330    0.5533    0.0060
   -0.0965   -0.1560    0.9830
    0.5448    0.8183    0.1834
...    99 A-T ...
  -40.3809   46.8800 -106.4212
   -0.7413    0.2879    0.6063
    0.4418   -0.4706    0.7638
    0.5052    0.8341    0.2216
...   100 A-T ...
  -38.8977   49.6910 -105.7818
   -0.3640   -0.0633    0.9293
    0.7904   -0.5489    0.2722
    0.4928    0.8335    0.2498
...   101 C-G ...
  -37.8640   52.7054 -104.9196
    0.0896   -0.3891    0.9168
    0.8724   -0.4134   -0.2607
    0.4804    0.8232    0.3024
...   102 G-C ...
  -35.8877   55.2155 -103.7779
    0.5089   -0.6550    0.5585
    0.6994   -0.0635   -0.7119
    0.5018    0.7529    0.4259
...   103 G-C ...
  -34.1625   57.4902 -101.9476
    0.7723   -0.6347    0.0269
    0.3227    0.3555   -0.8772
    0.5472    0.6861    0.4794
...   104 A-T ...
  -32.2483   59.6235 -100.2831
    0.8033   -0.2898   -0.5203
   -0.2015    0.6898   -0.6954
    0.5605    0.6634    0.4957
...   105 C-G ...
  -30.0810   61.3091  -98.3352
    0.5617    0.1376   -0.8158
   -0.6005    0.7462   -0.2875
    0.5692    0.6514    0.5017
...   106 T-A ...
  -27.9025   63.2953  -96.7280
    0.1178    0.5207   -0.8456
   -0.8038    0.5500    0.2268
    0.5832    0.6529    0.4833
...   107 T-A ...
  -25.7668   65.2484  -95.2028
   -0.3627    0.7759   -0.5162
   -0.7272    0.1108    0.6775
    0.5828    0.6211    0.5240
...   108 C-G ...
  -23.7519   67.2626  -93.5000
   -0.7442    0.6680   -0.0015
   -0.3621   -0.4016    0.8412
    0.5613    0.6265    0.5407
...   109 C-G ...
  -21.7706   69.5168  -91.8970
   -0.8687    0.2661    0.4178
    0.1146   -0.7127    0.6921
    0.4819    0.6491    0.5886
...   110 G-C ...
  -20.0499   71.4151  -89.6705
   -0.7120   -0.2811    0.6434
    0.5915   -0.7340    0.3339
    0.3784    0.6183    0.6888
...   111 G-C ...
  -19.0772   73.6128  -87.2977
   -0.3076   -0.7086    0.6350
    0.8951   -0.4419   -0.0596
    0.3229    0.5500    0.7702
...   112 C-G ...
  -18.4975   75.3952  -84.5612
    0.2179   -0.8695    0.4433
    0.9256    0.0400   -0.3765
    0.3096    0.4923    0.8135
...   113 T-A ...
  -17.6811   76.7496  -81.6396
    0.6639   -0.7402    0.1065
    0.6756    0.5327   -0.5097
    0.3205    0.4104    0.8537
...   114 C-G ...
  -16.5007   77.8828  -78.7779
    0.9317   -0.2734   -0.2391
    0.1489    0.8880   -0.4350
    0.3313    0.3697    0.8681
...   115 G-C ...
  -15.1254   79.4822  -76.1098
    0.8207    0.2868   -0.4942
   -0.4058    0.9015   -0.1507
    0.4023    0.3242    0.8562
...   116 T-A ...
  -13.3692   80.0628  -73.2876
    0.4636    0.7399   -0.4874
   -0.7902    0.5941    0.1503
    0.4008    0.3154    0.8601
...   117 A-T ...
  -12.7665   81.1616  -70.0397
   -0.1786    0.9717   -0.1545
   -0.9094   -0.1031    0.4028
    0.3755    0.2124    0.9021
...   118 T-A ...
  -10.9638   82.0466  -67.3891
   -0.6249    0.7739    0.1024
   -0.6841   -0.6061    0.4056
    0.3760    0.1834    0.9083
...   119 A-T ...
   -9.8066   82.2110  -64.1892
   -0.9240    0.1882    0.3328
   -0.1211   -0.9697    0.2121
    0.3626    0.1557    0.9188
...   120 A-T ...
   -8.6649   82.8939  -61.2284
   -0.8288   -0.4196    0.3702
    0.4397   -0.8975   -0.0330
    0.3461    0.1355    0.9284
...   121 T-A ...
   -7.9950   83.7972  -58.1503
   -0.4945   -0.8262    0.2699
    0.8050   -0.5524   -0.2162
    0.3278    0.1104    0.9383
...   122 G-C ...
   -6.8177   83.8215  -54.9868
    0.0265   -0.9991   -0.0329
    0.9579    0.0348   -0.2849
    0.2858   -0.0240    0.9580
...   123 T-A ...
   -6.4382   83.3999  -51.7312
    0.5279   -0.8190   -0.2247
    0.7992    0.5686   -0.1949
    0.2874   -0.0767    0.9547
...   124 G-C ...
   -5.0666   83.1348  -48.6622
    0.8796   -0.3013   -0.3682
    0.3398    0.9395    0.0429
    0.3330   -0.1629    0.9287
...   125 T-A ...
   -3.9281   81.9452  -45.7388
    0.9197    0.2695   -0.2854
   -0.1964    0.9455    0.2598
    0.3399   -0.1828    0.9225
...   126 C-G ...
   -2.6624   81.2865  -42.7325
    0.6021    0.7973   -0.0424
   -0.7238    0.5675    0.3925
    0.3370   -0.2057    0.9188
...   127 G-C ...
   -1.9618   80.7768  -39.4380
    0.0273    0.9851    0.1696
   -0.9390   -0.0329    0.3423
    0.3428   -0.1686    0.9241
...   128 A-T ...
   -0.7271   80.1020  -36.4262
   -0.5633    0.7508    0.3450
   -0.7609   -0.6341    0.1378
    0.3222   -0.1849    0.9284
...   129 C-G ...
    0.7154   79.9555  -33.4094
   -0.8967    0.2820    0.3413
   -0.3301   -0.9396   -0.0910
    0.2950   -0.1943    0.9355
...   130 C-G ...
    1.8121   79.5424  -30.2144
   -0.9533   -0.2735    0.1282
    0.2300   -0.9323   -0.2791
    0.1958   -0.2366    0.9517
...   131 A-T ...
    2.5129   78.5407  -27.0664
   -0.6606   -0.7255   -0.1932
    0.7456   -0.6039   -0.2818
    0.0877   -0.3302    0.9398
...   132 A-T ...
    2.5947   77.4494  -24.0247
   -0.1133   -0.9217   -0.3711
    0.9917   -0.0818   -0.0995
    0.0614   -0.3793    0.9232
...   133 A-T ...
    2.6081   76.0759  -21.0937
    0.4811   -0.7829   -0.3945
    0.8751    0.4554    0.1636
    0.0516   -0.4239    0.9042
...   134 T-A ...
    2.3094   74.2287  -18.3853
    0.8657   -0.4292   -0.2574
    0.4984    0.7868    0.3642
    0.0462   -0.4436    0.8950
...   135 G-C ...
    1.4370   72.0948  -15.6002
    0.9809    0.0621    0.1844
   -0.1263    0.9241    0.3606
   -0.1480   -0.3770    0.9143
...   136 T-A ...
    0.5300   69.2373  -13.4652
    0.7353    0.4962    0.4617
   -0.6117    0.7791    0.1369
   -0.2918   -0.3831    0.8764
...   137 G-C ...
   -0.1630   67.4089  -10.8055
    0.1799    0.8794    0.4409
   -0.9276    0.3008   -0.2216
   -0.3275   -0.3691    0.8698
...   138 A-T ...
   -0.1294   66.2154   -7.8180
   -0.3749    0.8569    0.3537
   -0.8857   -0.2184   -0.4097
   -0.2739   -0.4669    0.8408
...   139 G-C ...
   -1.0031   65.6050   -4.9383
   -0.8337    0.5216    0.1812
   -0.5170   -0.6221   -0.5880
   -0.1940   -0.5840    0.7883
...   140 C-G ...
   -0.6941   63.8984   -2.2497
   -0.9992    0.0157   -0.0376
    0.0023   -0.8992   -0.4375
   -0.0406   -0.4373    0.8984
...   141 G-C ...
   -3.4331   60.2357    1.0303
   -0.4426    0.2288   -0.8671
    0.1684   -0.9285   -0.3310
   -0.8808   -0.2925    0.3724
...   142 C-G ...
   -6.3247   59.0804    1.6314
   -0.2968   -0.3279   -0.8969
    0.5658   -0.8170    0.1115
   -0.7693   -0.4743    0.4280
...   143 T-A ...
   -8.6731   58.7216    3.6047
   -0.0344   -0.7815   -0.6229
    0.6534   -0.4892    0.5777
   -0.7562   -0.3872    0.5275
...   144 C-G ...
  -11.6514   58.0074    4.7219
    0.2453   -0.9542   -0.1714
    0.6321    0.0234    0.7745
   -0.7350   -0.2984    0.6089
...   145 A-T ...
  -14.1725   56.5626    6.1819
    0.5795   -0.7268    0.3686
    0.3140    0.6165    0.7220
   -0.7520   -0.3027    0.5855
...   146 C-G ...
  -16.4614   53.8913    7.5170
    0.5336   -0.3333    0.7773
   -0.0346    0.9097    0.4138
   -0.8450   -0.2477    0.4739
...   147 A-T ...
  -19.0125   52.0327    8.9268
    0.2451    0.2906    0.9249
   -0.3073    0.9281   -0.2101
   -0.9195   -0.2327    0.3168
