  147 base-pairs
...     1 A-T ...
    0.0000    0.0000    0.0000
    1.0000    0.0000    0.0000
    0.0000    1.0000    0.0000
    0.0000    0.0000    1.0000
...     2 G-C ...
   -0.1404   -1.2353    3.2259
    0.7530    0.6366    0.1668
   -0.6385    0.7681   -0.0490
   -0.1593   -0.0696    0.9848
...     3 T-A ...
   -0.0377   -3.2918    6.3749
    0.2722    0.9302    0.2464
   -0.9238    0.3243   -0.2034
   -0.2691   -0.1722    0.9476
...     4 G-C ...
   -0.3520   -4.1638    9.4928
   -0.3756    0.9250    0.0576
   -0.8780   -0.3352   -0.3416
   -0.2967   -0.1788    0.9381
...     5 A-T ...
   -0.4480   -4.1448   12.7498
   -0.8116    0.5839   -0.0166
   -0.5522   -0.7762   -0.3042
   -0.1905   -0.2377    0.9525
...     6 G-C ...
   -1.5926   -4.1701   15.6201
   -0.9976    0.0246   -0.0651
   -0.0043   -0.9555   -0.2950
   -0.0694   -0.2940    0.9533
...     7 C-G ...
   -1.1050   -4.4793   18.7363
   -0.8442   -0.5302   -0.0787
    0.5343   -0.8442   -0.0430
   -0.0437   -0.0784    0.9960
...     8 G-C ...
   -2.4044   -7.7255   23.1483
   -0.2753   -0.3294   -0.9032
    0.6650   -0.7437    0.0686
   -0.6943   -0.5817    0.4238
...     9 C-G ...
   -4.4706   -9.9691   24.1142
    0.1145   -0.7026   -0.7023
    0.8512   -0.2951    0.4341
   -0.5123   -0.6475    0.5642
...    10 T-A ...
   -6.7420  -10.8705   25.9717
    0.4841   -0.8363   -0.2573
    0.6594    0.1554    0.7356
   -0.5752   -0.5257    0.6267
...    11 C-G ...
   -9.1682  -12.6167   27.1662
    0.7073   -0.6683    0.2306
    0.3450    0.6110    0.7125
   -0.6170   -0.4243    0.6627
...    12 A-T ...
  -10.9253  -14.6583   29.0713
    0.7515   -0.1377    0.6452
   -0.2027    0.8824    0.4245
   -0.6278   -0.4498    0.6352
...    13 C-G ...
  -11.8495  -17.4796   31.2472
    0.4294    0.2824    0.8578
   -0.5708    0.8209    0.0155
   -0.6998   -0.4963    0.5137
...    14 A-T ...
  -13.5915  -19.7756   33.4284
   -0.1503    0.6106    0.7775
   -0.6874    0.5007   -0.5261
   -0.7106   -0.6135    0.3445
...    15 A-T ...
  -15.7234  -21.8954   34.6749
   -0.5296    0.7801    0.3332
   -0.4457    0.0783   -0.8918
   -0.7217   -0.6208    0.3062
...    16 T-A ...
  -17.8603  -23.8096   36.2659
   -0.6636    0.7282   -0.1712
   -0.1049   -0.3171   -0.9426
   -0.7407   -0.6075    0.2869
...    17 T-A ...
  -20.2934  -25.6504   37.3126
   -0.5573    0.4667   -0.6868
    0.2862   -0.6685   -0.6865
   -0.7795   -0.5791    0.2390
...    18 T-A ...
  -22.9269  -27.3407   38.0697
   -0.2432    0.0615   -0.9680
    0.5321   -0.8259   -0.1862
   -0.8110   -0.5604    0.1682
...    19 A-T ...
  -25.8203  -29.0035   38.2077
    0.2299   -0.2993   -0.9260
    0.5156   -0.7696    0.3767
   -0.8254   -0.5641   -0.0227
...    20 T-A ...
  -28.7440  -30.3761   37.6503
    0.4751   -0.6369   -0.6072
    0.3062   -0.5272    0.7926
   -0.8250   -0.5625   -0.0554
...    21 T-A ...
  -31.4508  -32.1091   37.1511
    0.5445   -0.8379   -0.0371
   -0.0481   -0.0754    0.9960
   -0.8374   -0.5405   -0.0813
...    22 C-G ...
  -34.0841  -34.0660   36.7560
    0.3881   -0.7238    0.5705
   -0.3928    0.4301    0.8129
   -0.8337   -0.5395   -0.1174
...    23 G-C ...
  -37.0664  -35.6228   36.7259
    0.1009   -0.3200    0.9420
   -0.5640    0.7616    0.3191
   -0.8196   -0.5635   -0.1036
...    24 C-G ...
  -39.5962  -37.7835   36.2691
   -0.2273    0.1708    0.9587
   -0.5069    0.8199   -0.2662
   -0.8315   -0.5465   -0.0998
...    25 A-T ...
  -42.4586  -39.3682   35.6249
   -0.4250    0.6591    0.6204
   -0.2515    0.5724   -0.7804
   -0.8695   -0.4877   -0.0775
...    26 A-T ...
  -45.2338  -41.0471   35.5564
   -0.4793    0.8753    0.0634
    0.0618    0.1057   -0.9925
   -0.8755   -0.4718   -0.1048
...    27 A-T ...
  -48.1155  -42.4940   35.3825
   -0.3142    0.8077   -0.4989
    0.3262   -0.4017   -0.8557
   -0.8915   -0.4317   -0.1372
...    28 G-C ...
  -51.1910  -43.6096   35.0168
    0.0114    0.5298   -0.8481
    0.4290   -0.7687   -0.4744
   -0.9032   -0.3584   -0.2360
...    29 G-C ...
  -54.3126  -44.3212   33.9752
    0.3550    0.0813   -0.9313
    0.3042   -0.9520    0.0328
   -0.8840   -0.2949   -0.3627
...    30 C-G ...
  -57.1571  -44.8214   32.3638
    0.5166   -0.4307   -0.7400
    0.0140   -0.8599    0.5103
   -0.8561   -0.2740   -0.4382
...    31 C-G ...
  -59.7250  -45.7636   30.3574
    0.4938   -0.8149   -0.3035
   -0.3402   -0.5022    0.7950
   -0.8003   -0.2894   -0.5252
...    32 G-C ...
  -62.4002  -47.1750   28.8462
    0.2397   -0.9407    0.2399
   -0.6286    0.0379    0.7768
   -0.7398   -0.3370   -0.5823
...    33 G-C ...
  -64.6810  -48.5356   26.7180
   -0.1419   -0.7431    0.6539
   -0.6739    0.5564    0.4860
   -0.7250   -0.3717   -0.5798
...    34 C-G ...
  -66.8679  -50.0291   24.6404
   -0.4974   -0.2924    0.8167
   -0.4672    0.8836    0.0318
   -0.7310   -0.3657   -0.5761
...    35 C-G ...
  -69.2020  -51.4874   22.6402
   -0.6328    0.2768    0.7231
   -0.0879    0.9022   -0.4223
   -0.7693   -0.3308   -0.5466
...    36 C-G ...
  -71.7310  -52.8788   20.8468
   -0.5054    0.7561    0.4158
    0.3001    0.6059   -0.7368
   -0.8090   -0.2476   -0.5331
...    37 G-C ...
  -74.2271  -53.5975   18.6923
   -0.1251    0.9919    0.0197
    0.5497    0.0859   -0.8309
   -0.8259   -0.0932   -0.5560
...    38 A-T ...
  -76.9430  -53.8596   16.9166
    0.2847    0.8633   -0.4168
    0.5170   -0.5044   -0.6916
   -0.8072   -0.0186   -0.5899
...    39 C-G ...
  -79.7503  -53.3757   15.3197
    0.5668    0.4779   -0.6711
    0.2749   -0.8776   -0.3927
   -0.7766    0.0381   -0.6288
...    40 A-T ...
  -82.1601  -53.1671   12.9928
    0.7259   -0.0984   -0.6808
   -0.1393   -0.9902   -0.0053
   -0.6736    0.0986   -0.7325
...    41 C-G ...
  -84.0109  -52.2466   10.4048
    0.5660   -0.6085   -0.5562
   -0.5285   -0.7856    0.3217
   -0.6327    0.1119   -0.7662
...    42 G-C ...
  -86.1312  -52.3904    7.7773
    0.2005   -0.9552   -0.2179
   -0.8121   -0.2864    0.5083
   -0.5479    0.0751   -0.8331
...    43 A-T ...
  -87.8084  -52.2096    4.9209
   -0.3455   -0.9302    0.1241
   -0.7761    0.3576    0.5195
   -0.5276    0.0831   -0.8454
...    44 C-G ...
  -89.1205  -52.3151    1.8127
   -0.7197   -0.5845    0.3746
   -0.4632    0.8062    0.3680
   -0.5171    0.0913   -0.8510
...    45 T-A ...
  -90.7912  -52.3019   -1.0887
   -0.8455   -0.0458    0.5321
    0.0148    0.9939    0.1091
   -0.5338    0.1001   -0.8396
...    46 T-A ...
  -92.4941  -52.2427   -3.8690
   -0.6866    0.5497    0.4758
    0.5258    0.8274   -0.1971
   -0.5020    0.1149   -0.8572
...    47 A-T ...
  -93.9661  -51.7073   -6.8433
   -0.1878    0.9322    0.3095
    0.8444    0.3142   -0.4340
   -0.5018    0.1799   -0.8461
...    48 C-G ...
  -96.1049  -51.1223   -9.2679
    0.3145    0.9454    0.0851
    0.8158   -0.2234   -0.5334
   -0.4853    0.2372   -0.8416
...    49 T-A ...
  -97.8188  -50.0232  -11.8723
    0.7460    0.6547   -0.1216
    0.5120   -0.6807   -0.5239
   -0.4257    0.3286   -0.8431
...    50 T-A ...
  -99.1674  -48.7373  -14.5121
    0.9238    0.1383   -0.3570
   -0.0097   -0.9237   -0.3830
   -0.3827    0.3573   -0.8520
...    51 C-G ...
 -100.1471  -47.4738  -17.3715
    0.7550   -0.4490   -0.4778
   -0.5698   -0.8098   -0.1394
   -0.3243    0.3775   -0.8673
...    52 A-T ...
 -101.1885  -46.4496  -20.3830
    0.3028   -0.8630   -0.4044
   -0.9213   -0.3737    0.1077
   -0.2441    0.3399   -0.9082
...    53 T-A ...
 -101.2845  -45.2342  -23.4730
   -0.2300   -0.9211   -0.3140
   -0.9451    0.1344    0.2980
   -0.2323    0.3653   -0.9014
...    54 G-C ...
 -102.3846  -43.9982  -26.3703
   -0.7471   -0.6633   -0.0424
   -0.6193    0.6715    0.4070
   -0.2415    0.3303   -0.9124
...    55 T-A ...
 -102.8971  -43.4036  -29.6483
   -0.9645   -0.1905    0.1831
   -0.1101    0.9197    0.3768
   -0.2402    0.3433   -0.9080
...    56 T-A ...
 -103.6082  -42.5396  -32.7147
   -0.8496    0.4008    0.3429
    0.4880    0.8439    0.2227
   -0.2002    0.3566   -0.9126
...    57 A-T ...
 -103.9620  -41.1365  -35.7662
   -0.3465    0.8289    0.4391
    0.9180    0.3960   -0.0232
   -0.1931    0.3950   -0.8981
...    58 T-A ...
 -105.2173  -39.9541  -38.5585
    0.1759    0.9049    0.3876
    0.9673   -0.0858   -0.2388
   -0.1828    0.4169   -0.8904
...    59 A-T ...
 -105.7516  -38.3837  -41.4642
    0.7243    0.6247    0.2919
    0.6806   -0.5801   -0.4474
   -0.1102    0.5227   -0.8454
...    60 A-T ...
 -106.1032  -36.4901  -44.0627
    0.9870    0.1597    0.0199
    0.1440   -0.8211   -0.5524
   -0.0718    0.5480   -0.8334
...    61 C-G ...
 -106.1255  -34.1586  -46.4093
    0.9149   -0.3233   -0.2416
   -0.4031   -0.7615   -0.5075
   -0.0199    0.5617   -0.8271
...    62 G-C ...
 -106.0465  -32.6774  -49.4558
    0.5149   -0.7510   -0.4134
   -0.8514   -0.3917   -0.3488
    0.1000    0.5316   -0.8411
...    63 G-C ...
 -105.2863  -31.0554  -52.3501
   -0.0618   -0.8671   -0.4942
   -0.9874    0.1253   -0.0963
    0.1454    0.4821   -0.8640
...    64 A-T ...
 -104.6841  -29.5221  -55.2325
   -0.6545   -0.6021   -0.4573
   -0.7393    0.6361    0.2206
    0.1580    0.4825   -0.8615
...    65 G-C ...
 -103.9814  -28.1391  -58.2054
   -0.9588   -0.1576   -0.2363
   -0.2506    0.8609    0.4428
    0.1336    0.4838   -0.8649
...    66 T-A ...
 -103.5202  -27.0812  -61.3633
   -0.9419    0.3320    0.0519
    0.3102    0.7997    0.5141
    0.1291    0.5004   -0.8561
...    67 A-T ...
 -102.7271  -25.1575  -64.0479
   -0.5212    0.7643    0.3796
    0.8409    0.3840    0.3814
    0.1458    0.5180   -0.8429
...    68 G-C ...
 -102.5067  -23.4288  -66.8802
    0.0074    0.8038    0.5948
    0.9877   -0.0989    0.1212
    0.1563    0.5866   -0.7946
...    69 G-C ...
 -102.2108  -21.2881  -69.4751
    0.5320    0.5446    0.6484
    0.8217   -0.5169   -0.2400
    0.2044    0.6605   -0.7225
...    70 T-A ...
 -101.8629  -18.6972  -71.4815
    0.8746    0.1496    0.4611
    0.4168   -0.7178   -0.5577
    0.2476    0.6800   -0.6901
...    71 A-T ...
 -100.8085  -16.4838  -73.7753
    0.9239   -0.3717    0.0914
   -0.1793   -0.6311   -0.7547
    0.3381    0.6808   -0.6497
...    72 T-A ...
  -99.3962  -13.9548  -75.3477
    0.6971   -0.6468   -0.3093
   -0.6258   -0.3384   -0.7027
    0.3499    0.6835   -0.6407
...    73 C-G ...
  -98.0432  -11.8123  -77.4648
    0.1721   -0.7251   -0.6668
   -0.9090    0.1440   -0.3912
    0.3797    0.6734   -0.6343
...    74 T-A ...
  -96.4556   -9.7732  -79.5950
   -0.3694   -0.5382   -0.7576
   -0.8399    0.5422    0.0244
    0.3976    0.6453   -0.6523
...    75 C-G ...
  -95.0660   -7.7176  -81.7976
   -0.8049   -0.0871   -0.5869
   -0.4364    0.7572    0.4860
    0.4021    0.6473   -0.6475
...    76 G-C ...
  -93.7788   -5.1842  -83.6433
   -0.9346    0.3263   -0.1419
    0.1171    0.6587    0.7432
    0.3359    0.6780   -0.6538
...    77 A-T ...
  -92.5955   -3.0372  -85.8521
   -0.6825    0.6393    0.3544
    0.6522    0.3137    0.6901
    0.3300    0.7021   -0.6310
...    78 G-C ...
  -91.7371   -0.7093  -88.0676
   -0.2449    0.6491    0.7202
    0.9143   -0.0925    0.3943
    0.3226    0.7551   -0.5708
...    79 C-G ...
  -91.0980    1.9110  -90.0027
    0.2782    0.4376    0.8550
    0.8985   -0.4334   -0.0705
    0.3397    0.7878   -0.5137
...    80 T-A ...
  -90.1417    4.7353  -91.4536
    0.6836    0.0638    0.7270
    0.6209   -0.5744   -0.5334
    0.3835    0.8161   -0.4323
...    81 C-G ...
  -88.7745    7.4439  -92.6925
    0.8972   -0.3324    0.2908
    0.1081   -0.4732   -0.8743
    0.4283    0.8158   -0.3886
...    82 G-C ...
  -87.0215    9.8924  -94.2456
    0.7469   -0.6270   -0.2214
   -0.3844   -0.1355   -0.9132
    0.5425    0.7672   -0.3422
...    83 G-C ...
  -84.7952   12.2583  -95.2461
    0.3658   -0.6412   -0.6745
   -0.7072    0.2796   -0.6493
    0.6050    0.7146   -0.3512
...    84 G-C ...
  -82.4615   14.4129  -96.4666
   -0.1306   -0.4023   -0.9061
   -0.7670    0.6201   -0.1648
    0.6282    0.6735   -0.3896
...    85 A-T ...
  -80.2905   16.5662  -97.7579
   -0.5714    0.0688   -0.8178
   -0.5235    0.7368    0.4278
    0.6320    0.6726   -0.3850
...    86 T-A ...
  -77.9586   18.2672  -99.4093
   -0.7455    0.4640   -0.4785
   -0.1518    0.5808    0.7998
    0.6490    0.6689   -0.3625
...    87 C-G ...
  -75.7658   20.4155 -100.6617
   -0.6947    0.7096    0.1178
    0.3252    0.1637    0.9314
    0.6416    0.6854   -0.3445
...    88 C-G ...
  -73.7092   22.7243 -102.0690
   -0.4506    0.6136    0.6484
    0.6553   -0.2660    0.7070
    0.6063    0.7435   -0.2822
...    89 G-C ...
  -71.3833   25.0883 -102.7702
   -0.0827    0.2448    0.9660
    0.7992   -0.5628    0.2110
    0.5953    0.7895   -0.1491
...    90 C-G ...
  -69.7863   27.9713 -103.1527
    0.3311   -0.1610    0.9297
    0.7196   -0.5942   -0.3592
    0.6103    0.7880   -0.0809
...    91 T-A ...
  -67.8806   30.6864 -103.0645
    0.6127   -0.5226    0.5929
    0.4540   -0.3813   -0.8053
    0.6469    0.7626    0.0036
...    92 T-A ...
  -65.8134   33.1727 -102.8049
    0.7524   -0.6585    0.0166
    0.0282    0.0069   -0.9996
    0.6581    0.7525    0.0238
...    93 T-A ...
  -63.6128   35.5439 -102.4609
    0.6349   -0.5201   -0.5713
   -0.4069    0.4035   -0.8195
    0.6567    0.7528    0.0445
...    94 A-T ...
  -61.6917   38.3647 -102.5958
    0.2416   -0.0870   -0.9665
   -0.7211    0.6504   -0.2387
    0.6493    0.7546    0.0944
...    95 A-T ...
  -59.3397   40.6123 -102.2583
   -0.2004    0.3579   -0.9120
   -0.7318    0.5642    0.3823
    0.6514    0.7440    0.1489
...    96 C-G ...
  -56.7699   42.7816 -102.1538
   -0.5653    0.6083   -0.5571
   -0.5081    0.2751    0.8161
    0.6497    0.7445    0.1536
...    97 A-T ...
  -54.6744   45.2500 -101.3141
   -0.7998    0.5995    0.0296
   -0.0745   -0.1481    0.9862
    0.5956    0.7865    0.1631
...    98 C-G ...
  -52.7971   47.9931 -101.3569
   -0.7345    0.4015    0.5471
    0.3589   -0.4543    0.8153
    0.5759    0.7952    0.1896
...    99 T-A ...
  -51.1173   50.8110 -100.8342
   -0.4750    0.0274    0.8795
    0.6989   -0.5956    0.3960
    0.5347    0.8028    0.2638
...   100 T-A ...
  -49.5567   53.5096  -99.9719
   -0.0177   -0.3528    0.9355
    0.8471   -0.5024   -0.1735
    0.5312    0.7894    0.3077
...   101 T-A ...
  -48.0001   56.1028  -98.8293
    0.4434   -0.6100    0.6568
    0.7162   -0.1994   -0.6688
    0.5389    0.7669    0.3484
...   102 A-T ...
  -46.0284   58.5082  -97.5874
    0.7316   -0.6746    0.0982
    0.3439    0.2409   -0.9076
    0.5886    0.6978    0.4082
...   103 T-A ...
  -44.2031   60.4464  -95.6437
    0.8046   -0.4540   -0.3827
   -0.0723    0.5649   -0.8220
    0.5894    0.6891    0.4217
...   104 G-C ...
  -42.1118   62.8341  -94.5832
    0.5705   -0.0619   -0.8190
   -0.5062    0.7588   -0.4099
    0.6468    0.6484    0.4015
...   105 C-G ...
  -39.6377   64.6928  -93.2778
    0.1773    0.3729   -0.9108
   -0.7284    0.6721    0.1334
    0.6619    0.6397    0.3908
...   106 T-A ...
  -37.1861   66.6877  -92.1607
   -0.2666    0.6721   -0.6908
   -0.7012    0.3565    0.6175
    0.6613    0.6490    0.3763
...   107 T-A ...
  -34.8156   68.6705  -91.0984
   -0.6048    0.7772   -0.1737
   -0.4251   -0.1306    0.8957
    0.6734    0.6156    0.4094
...   108 C-G ...
  -32.5114   70.6655  -89.8108
   -0.7601    0.5195    0.3903
    0.0128   -0.5885    0.8084
    0.6497    0.6194    0.4407
...   109 C-G ...
  -30.3445   72.9471  -88.5411
   -0.6948    0.0408    0.7181
    0.4251   -0.7820    0.4558
    0.5801    0.6219    0.5260
...   110 G-C ...
  -28.2563   74.7531  -86.5945
   -0.4283   -0.4984    0.7538
    0.7496   -0.6618   -0.0117
    0.5047    0.5600    0.6570
...   111 G-C ...
  -26.8998   76.6453  -84.1585
   -0.0114   -0.8410    0.5409
    0.8807   -0.2646   -0.3929
    0.4736    0.4718    0.7437
...   112 C-G ...
  -25.7397   77.9995  -81.3695
    0.4430   -0.8765    0.1885
    0.7623    0.2575   -0.5938
    0.4719    0.4068    0.7822
...   113 T-A ...
  -24.2865   78.9847  -78.5528
    0.7539   -0.6220   -0.2115
    0.4327    0.7123   -0.5526
    0.4944    0.3250    0.8062
...   114 C-G ...
  -22.5040   79.8390  -75.9136
    0.8592   -0.0683   -0.5070
   -0.0901    0.9554   -0.2813
    0.5036    0.2874    0.8148
...   115 G-C ...
  -20.7370   81.2342  -73.3849
    0.6198    0.4959   -0.6082
   -0.5492    0.8277    0.1152
    0.5606    0.2626    0.7854
...   116 T-A ...
  -18.4305   81.6784  -70.9599
    0.2237    0.8710   -0.4373
   -0.8015    0.4197    0.4259
    0.5545    0.2552    0.7921
...   117 A-T ...
  -17.1361   82.3841  -67.8419
   -0.3380    0.9405    0.0345
   -0.7682   -0.2969    0.5673
    0.5438    0.1653    0.8228
...   118 T-A ...
  -14.9147   83.2384  -65.5350
   -0.6845    0.6478    0.3345
   -0.4888   -0.7482    0.4487
    0.5409    0.1436    0.8287
...   119 A-T ...
  -13.1398   83.4551  -62.6759
   -0.8714    0.0333    0.4894
    0.0354   -0.9908    0.1306
    0.4893    0.1311    0.8622
...   120 A-T ...
  -11.6480   84.0402  -59.8635
   -0.7132   -0.5477    0.4375
    0.5296   -0.8299   -0.1755
    0.4592    0.1065    0.8819
...   121 T-A ...
  -10.6662   84.7704  -56.8330
   -0.3623   -0.8972    0.2527
    0.8229   -0.4352   -0.3653
    0.4377    0.0756    0.8959
...   122 G-C ...
   -9.1320   84.6387  -53.8372
    0.1213   -0.9849   -0.1235
    0.9074    0.1605   -0.3884
    0.4023   -0.0649    0.9132
...   123 T-A ...
   -8.3233   84.0073  -50.6947
    0.5745   -0.7413   -0.3470
    0.7134    0.6614   -0.2317
    0.4012   -0.1144    0.9088
...   124 G-C ...
   -6.6017   83.6689  -47.8279
    0.8622   -0.1854   -0.4714
    0.2522    0.9642    0.0820
    0.4393   -0.1896    0.8781
...   125 T-A ...
   -5.0915   82.4029  -45.1024
    0.8613    0.3747   -0.3430
   -0.2568    0.9037    0.3425
    0.4383   -0.2069    0.8747
...   126 C-G ...
   -3.5384   81.6476  -42.2599
    0.5252    0.8502   -0.0361
   -0.7356    0.4749    0.4830
    0.4278   -0.2271    0.8749
...   127 G-C ...
   -2.5710   80.9395  -39.0844
   -0.0397    0.9752    0.2177
   -0.9092   -0.1256    0.3969
    0.4144   -0.1821    0.8917
...   128 A-T ...
   -1.1024   80.2059  -36.2086
   -0.5943    0.6968    0.4017
   -0.7070   -0.6907    0.1522
    0.3835   -0.1935    0.9031
...   129 C-G ...
    0.4874   80.0607  -33.2923
   -0.8960    0.2197    0.3860
   -0.2787   -0.9548   -0.1034
    0.3459   -0.2002    0.9167
...   130 C-G ...
    1.6975   79.6591  -30.1499
   -0.9362   -0.3174    0.1509
    0.2617   -0.9161   -0.3038
    0.2347   -0.2450    0.9407
...   131 A-T ...
    2.4405   78.6595  -27.0174
   -0.6471   -0.7375   -0.1933
    0.7544   -0.5825   -0.3027
    0.1106   -0.3417    0.9333
...   132 A-T ...
    2.5657   77.5159  -23.9994
   -0.1063   -0.9180   -0.3822
    0.9914   -0.0682   -0.1119
    0.0767   -0.3908    0.9173
...   133 A-T ...
    2.5983   76.0953  -21.0897
    0.4827   -0.7779   -0.4023
    0.8738    0.4591    0.1606
    0.0597   -0.4290    0.9013
...   134 T-A ...
    2.3095   74.2287  -18.3855
    0.8657   -0.4292   -0.2574
    0.4984    0.7868    0.3642
    0.0462   -0.4436    0.8950
...   135 G-C ...
    1.4371   72.0949  -15.6004
    0.9809    0.0621    0.1844
   -0.1263    0.9241    0.3606
   -0.1480   -0.3770    0.9143
...   136 T-A ...
    0.5301   69.2373  -13.4653
    0.7353    0.4962    0.4617
   -0.6117    0.7791    0.1369
   -0.2918   -0.3831    0.8764
...   137 G-C ...
   -0.1630   67.4090  -10.8056
    0.1799    0.8794    0.4409
   -0.9276    0.3008   -0.2216
   -0.3275   -0.3691    0.8698
...   138 A-T ...
   -0.1293   66.2154   -7.8182
   -0.3749    0.8569    0.3537
   -0.8857   -0.2184   -0.4097
   -0.2739   -0.4669    0.8408
...   139 G-C ...
   -1.0030   65.6051   -4.9385
   -0.8337    0.5216    0.1812
   -0.5170   -0.6221   -0.5880
   -0.1940   -0.5839    0.7883
...   140 C-G ...
   -0.6940   63.8985   -2.2499
   -0.9992    0.0157   -0.0376
    0.0023   -0.8992   -0.4375
   -0.0406   -0.4373    0.8984
...   141 G-C ...
   -3.4330   60.2357    1.0301
   -0.4426    0.2288   -0.8671
    0.1684   -0.9285   -0.3310
   -0.8808   -0.2925    0.3724
...   142 C-G ...
   -6.3246   59.0804    1.6313
   -0.2968   -0.3279   -0.8969
    0.5658   -0.8170    0.1115
   -0.7693   -0.4743    0.4280
...   143 T-A ...
   -8.6730   58.7216    3.6046
   -0.0344   -0.7815   -0.6229
    0.6534   -0.4892    0.5777
   -0.7562   -0.3872    0.5275
...   144 C-G ...
  -11.6513   58.0075    4.7218
    0.2453   -0.9542   -0.1714
    0.6321    0.0234    0.7745
   -0.7350   -0.2984    0.6089
...   145 A-T ...
  -14.1724   56.5626    6.1818
    0.5795   -0.7268    0.3686
    0.3140    0.6165    0.7220
   -0.7520   -0.3027    0.5855
...   146 C-G ...
  -16.4613   53.8913    7.5168
    0.5336   -0.3333    0.7773
   -0.0346    0.9097    0.4138
   -0.8450   -0.2477    0.4739
...   147 A-T ...
  -19.0124   52.0328    8.9267
    0.2451    0.2906    0.9249
   -0.3073    0.9281   -0.2101
   -0.9195   -0.2327    0.3168
