  147 base-pairs
...     1 A-T ...
    0.0000    0.0000    0.0000
    1.0000    0.0000    0.0000
    0.0000    1.0000    0.0000
    0.0000    0.0000    1.0000
...     2 G-C ...
   -0.1404   -1.2353    3.2259
    0.7530    0.6366    0.1668
   -0.6385    0.7681   -0.0490
   -0.1593   -0.0696    0.9848
...     3 T-A ...
   -0.0377   -3.2918    6.3749
    0.2722    0.9302    0.2464
   -0.9238    0.3243   -0.2034
   -0.2691   -0.1722    0.9476
...     4 G-C ...
   -0.3520   -4.1638    9.4928
   -0.3756    0.9250    0.0576
   -0.8780   -0.3352   -0.3416
   -0.2967   -0.1788    0.9381
...     5 A-T ...
   -0.4480   -4.1448   12.7498
   -0.8116    0.5839   -0.0166
   -0.5522   -0.7762   -0.3042
   -0.1905   -0.2377    0.9525
...     6 G-C ...
   -1.5926   -4.1701   15.6201
   -0.9976    0.0246   -0.0651
   -0.0043   -0.9555   -0.2950
   -0.0694   -0.2940    0.9533
...     7 C-G ...
   -1.1050   -4.4793   18.7363
   -0.8442   -0.5302   -0.0787
    0.5343   -0.8442   -0.0430
   -0.0437   -0.0784    0.9960
...     8 G-C ...
   -2.4044   -7.7255   23.1483
   -0.2753   -0.3294   -0.9032
    0.6650   -0.7437    0.0686
   -0.6943   -0.5817    0.4238
...     9 C-G ...
   -4.4706   -9.9691   24.1142
    0.1145   -0.7026   -0.7023
    0.8512   -0.2951    0.4341
   -0.5123   -0.6475    0.5642
...    10 T-A ...
   -6.7420  -10.8705   25.9717
    0.4841   -0.8363   -0.2573
    0.6594    0.1554    0.7356
   -0.5752   -0.5257    0.6267
...    11 C-G ...
   -9.1682  -12.6167   27.1662
    0.7073   -0.6683    0.2306
    0.3450    0.6110    0.7125
   -0.6170   -0.4243    0.6627
...    12 A-T ...
  -10.9253  -14.6583   29.0713
    0.7515   -0.1377    0.6452
   -0.2027    0.8824    0.4245
   -0.6278   -0.4498    0.6352
...    13 C-G ...
  -11.8495  -17.4796   31.2472
    0.4294    0.2824    0.8578
   -0.5708    0.8209    0.0155
   -0.6998   -0.4963    0.5137
...    14 A-T ...
  -13.5915  -19.7756   33.4284
   -0.1503    0.6106    0.7775
   -0.6874    0.5007   -0.5261
   -0.7106   -0.6135    0.3445
...    15 A-T ...
  -15.7227  -21.8961   34.6749
   -0.5299    0.7797    0.3336
   -0.4456    0.0786   -0.8917
   -0.7215   -0.6212    0.3058
...    16 T-A ...
  -17.8592  -23.8117   36.2644
   -0.6640    0.7280   -0.1705
   -0.1047   -0.3164   -0.9428
   -0.7404   -0.6082    0.2863
...    17 T-A ...
  -20.2912  -25.6544   37.3096
   -0.5577    0.4672   -0.6861
    0.2865   -0.6674   -0.6874
   -0.7790   -0.5799    0.2383
...    18 T-A ...
  -22.9237  -27.3469   38.0643
   -0.2434    0.0632   -0.9679
    0.5328   -0.8251   -0.1879
   -0.8105   -0.5614    0.1672
...    19 A-T ...
  -25.8220  -29.0020   38.1949
    0.2306   -0.2944   -0.9274
    0.5165   -0.7707    0.3731
   -0.8247   -0.5650   -0.0257
...    20 T-A ...
  -28.7430  -30.3757   37.6290
    0.4765   -0.6326   -0.6105
    0.3069   -0.5311    0.7898
   -0.8239   -0.5637   -0.0589
...    21 T-A ...
  -31.4452  -32.1115   37.1185
    0.5472   -0.8359   -0.0424
   -0.0480   -0.0820    0.9955
   -0.8356   -0.5427   -0.0850
...    22 C-G ...
  -34.0703  -34.0749   36.7096
    0.3914   -0.7261    0.5653
   -0.3944    0.4227    0.8160
   -0.8314   -0.5423   -0.1209
...    23 G-C ...
  -37.0424  -35.6488   36.6705
    0.1037   -0.3264    0.9395
   -0.5681    0.7559    0.3253
   -0.8164   -0.5675   -0.1071
...    24 C-G ...
  -39.5590  -37.8214   36.2027
   -0.2272    0.1620    0.9603
   -0.5126    0.8185   -0.2594
   -0.8280   -0.5512   -0.1030
...    25 A-T ...
  -42.4123  -39.4179   35.5507
   -0.4293    0.6511    0.6260
   -0.2570    0.5764   -0.7757
   -0.8659   -0.4938   -0.0801
...    26 A-T ...
  -45.1740  -41.1188   35.4740
   -0.4871    0.8705    0.0703
    0.0598    0.1136   -0.9917
   -0.8713   -0.4789   -0.1074
...    27 A-T ...
  -48.0426  -42.5917   35.2939
   -0.3234    0.8077   -0.4930
    0.3294   -0.3923   -0.8588
   -0.8871   -0.4401   -0.1392
...    28 G-C ...
  -51.1063  -43.7381   34.9240
    0.0039    0.5353   -0.8447
    0.4373   -0.7605   -0.4799
   -0.8993   -0.3675   -0.2370
...    29 G-C ...
  -54.2218  -44.4826   33.8868
    0.3522    0.0915   -0.9314
    0.3165   -0.9482    0.0266
   -0.8808   -0.3042   -0.3629
...    30 C-G ...
  -57.0642  -45.0101   32.2816
    0.5211   -0.4191   -0.7435
    0.0272   -0.8626    0.5052
   -0.8531   -0.2835   -0.4381
...    31 C-G ...
  -59.6257  -45.9705   30.2765
    0.5060   -0.8052   -0.3092
   -0.3301   -0.5120    0.7930
   -0.7969   -0.2992   -0.5249
...    32 G-C ...
  -62.2791  -47.4132   28.7599
    0.2582   -0.9372    0.2344
   -0.6266    0.0222    0.7790
   -0.7353   -0.3480   -0.5815
...    33 G-C ...
  -64.5374  -48.8092   26.6315
   -0.1236   -0.7489    0.6511
   -0.6834    0.5400    0.4914
   -0.7195   -0.3842   -0.5785
...    34 C-G ...
  -66.6996  -50.3429   24.5597
   -0.4867   -0.3068    0.8179
   -0.4867    0.8728    0.0377
   -0.7254   -0.3797   -0.5741
...    35 C-G ...
  -69.0142  -51.8465   22.5727
   -0.6353    0.2592    0.7275
   -0.1119    0.9012   -0.4188
   -0.7641   -0.3474   -0.5435
...    36 C-G ...
  -71.5243  -53.2874   20.7947
   -0.5221    0.7421    0.4204
    0.2801    0.6147   -0.7373
   -0.8056   -0.2672   -0.5288
...    37 G-C ...
  -74.0143  -54.0599   18.6532
   -0.1523    0.9881    0.0203
    0.5414    0.1006   -0.8347
   -0.8268   -0.1161   -0.5503
...    38 A-T ...
  -76.7353  -54.3992   16.8966
    0.2565    0.8702   -0.4207
    0.5262   -0.4908   -0.6944
   -0.8108   -0.0433   -0.5837
...    39 C-G ...
  -79.5692  -54.0018   15.3189
    0.5466    0.4921   -0.6775
    0.2977   -0.8704   -0.3921
   -0.7827    0.0126   -0.6223
...    40 A-T ...
  -82.0070  -53.8811   13.0163
    0.7218   -0.0796   -0.6875
   -0.1085   -0.9941    0.0012
   -0.6835    0.0737   -0.7262
...    41 C-G ...
  -83.9135  -53.0335   10.4440
    0.5794   -0.5935   -0.5586
   -0.4996   -0.8001    0.3319
   -0.6439    0.0868   -0.7601
...    42 G-C ...
  -86.0580  -53.2530    7.8438
    0.2314   -0.9493   -0.2128
   -0.7957   -0.3105    0.5201
   -0.5598    0.0490   -0.8272
...    43 A-T ...
  -87.7734  -53.1542    5.0082
   -0.3086   -0.9413    0.1369
   -0.7825    0.3331    0.5260
   -0.5408    0.0552   -0.8394
...    44 C-G ...
  -89.1177  -53.3405    1.9207
   -0.6908   -0.6086    0.3904
   -0.4900    0.7911    0.3662
   -0.5317    0.0617   -0.8447
...    45 T-A ...
  -90.8277  -53.4289   -0.9548
   -0.8348   -0.0748    0.5454
   -0.0253    0.9949    0.0976
   -0.5499    0.0677   -0.8325
...    46 T-A ...
  -92.5754  -53.4753   -3.7069
   -0.7022    0.5255    0.4804
    0.4863    0.8468   -0.2155
   -0.5200    0.0823   -0.8502
...    47 A-T ...
  -94.1118  -53.0364   -6.6647
   -0.2240    0.9279    0.2981
    0.8228    0.3440   -0.4525
   -0.5224    0.1439   -0.8405
...    48 C-G ...
  -96.3143  -52.5843   -9.0635
    0.2727    0.9600    0.0634
    0.8163   -0.1960   -0.5434
   -0.5092    0.1999   -0.8371
...    49 T-A ...
  -98.1205  -51.6124  -11.6575
    0.7124    0.6859   -0.1483
    0.5338   -0.6669   -0.5200
   -0.4556    0.2913   -0.8412
...    50 G-C ...
  -99.2966  -50.5225  -14.6114
    0.9436    0.1439   -0.2983
    0.0155   -0.9190   -0.3940
   -0.3309    0.3671   -0.8693
...    51 T-A ...
 -100.0586  -48.7439  -17.2851
    0.8215   -0.3798   -0.4252
   -0.4953   -0.8448   -0.2024
   -0.2824    0.3769   -0.8822
...    52 A-T ...
 -101.0754  -47.7137  -20.3301
    0.3346   -0.8291   -0.4479
   -0.9103   -0.4073    0.0739
   -0.2438    0.3830   -0.8910
...    53 G-C ...
 -101.5258  -46.4374  -23.3893
   -0.2124   -0.9263   -0.3112
   -0.9517    0.1239    0.2810
   -0.2217    0.3558   -0.9079
...    54 G-C ...
 -102.0566  -45.4360  -26.5955
   -0.7048   -0.7067   -0.0617
   -0.6692    0.6335    0.3885
   -0.2355    0.3151   -0.9194
...    55 T-A ...
 -102.5177  -44.8804  -29.8853
   -0.9556   -0.2487    0.1581
   -0.1762    0.9122    0.3700
   -0.2362    0.3257   -0.9155
...    56 A-T ...
 -103.0547  -43.2575  -32.8391
   -0.8428    0.4234    0.3324
    0.5038    0.8377    0.2105
   -0.1893    0.3449   -0.9194
...    57 T-A ...
 -104.1160  -42.6123  -35.8964
   -0.4602    0.7941    0.3970
    0.8696    0.4933    0.0215
   -0.1788    0.3551   -0.9176
...    58 C-G ...
 -104.7515  -41.4619  -38.9112
    0.1595    0.9097    0.3833
    0.9734   -0.0802   -0.2146
   -0.1645    0.4074   -0.8983
...    59 T-A ...
 -105.4969  -39.8715  -41.7236
    0.6693    0.6836    0.2911
    0.7332   -0.5442   -0.4078
   -0.1203    0.4864   -0.8654
...    60 C-G ...
 -105.7961  -38.1311  -44.4804
    0.9789    0.1993    0.0462
    0.1934   -0.8284   -0.5256
   -0.0665    0.5234   -0.8495
...    61 G-C ...
 -105.6375  -36.6195  -47.5046
    0.9161   -0.3692   -0.1566
   -0.3938   -0.7540   -0.5257
    0.0760    0.5433   -0.8361
...    62 A-T ...
 -105.1629  -34.8364  -50.2443
    0.4909   -0.7613   -0.4236
   -0.8632   -0.3590   -0.3550
    0.1182    0.5399   -0.8334
...    63 G-C ...
 -104.4077  -33.0575  -52.9765
   -0.0697   -0.8506   -0.5212
   -0.9870    0.1346   -0.0876
    0.1447    0.5083   -0.8489
...    64 C-G ...
 -103.5582  -31.5912  -55.8772
   -0.6195   -0.6311   -0.4668
   -0.7708    0.6014    0.2099
    0.1482    0.4899   -0.8591
...    65 T-A ...
 -102.9316  -30.2309  -58.8757
   -0.9464   -0.2024   -0.2516
   -0.2962    0.8543    0.4270
    0.1285    0.4787   -0.8685
...    66 C-G ...
 -102.4463  -28.7187  -61.7854
   -0.9315    0.3565    0.0719
    0.3421    0.7920    0.5057
    0.1233    0.4957   -0.8597
...    67 G-C ...
 -101.7123  -26.7713  -64.4607
   -0.5737    0.6892    0.4426
    0.8159    0.4332    0.3830
    0.0722    0.5808   -0.8108
...    68 G-C ...
 -101.6924  -24.8711  -67.2586
   -0.0320    0.7503    0.6603
    0.9970   -0.0230    0.0744
    0.0711    0.6607   -0.7473
...    69 G-C ...
 -101.7016  -22.5075  -69.6674
    0.5106    0.5360    0.6723
    0.8521   -0.4200   -0.3123
    0.1150    0.7323   -0.6712
...    70 T-A ...
 -101.6704  -19.7459  -71.4608
    0.8761    0.1924    0.4420
    0.4557   -0.6295   -0.6293
    0.1572    0.7528   -0.6392
...    71 C-G ...
 -100.9878  -17.2095  -73.4208
    0.9669   -0.2548    0.0141
   -0.1452   -0.5949   -0.7906
    0.2098    0.7624   -0.6122
...    72 A-T ...
 -100.1417  -14.8202  -75.6161
    0.6794   -0.6207   -0.3914
   -0.6639   -0.2928   -0.6882
    0.3126    0.7274   -0.6110
...    73 T-A ...
  -98.5472  -12.3898  -77.1997
    0.2397   -0.6725   -0.7002
   -0.9175    0.0788   -0.3898
    0.3173    0.7359   -0.5982
...    74 G-C ...
  -97.7615   -9.9886  -79.3914
   -0.3743   -0.5244   -0.7648
   -0.8665    0.4915    0.0871
    0.3302    0.6953   -0.6384
...    75 T-A ...
  -96.2019   -8.0878  -81.6880
   -0.7858   -0.1729   -0.5938
   -0.5244    0.6954    0.4914
    0.3279    0.6975   -0.6371
...    76 T-A ...
  -94.9636   -6.0216  -83.8944
   -0.9308    0.2994   -0.2095
    0.0366    0.6467    0.7618
    0.3636    0.7015   -0.6130
...    77 A-T ...
  -93.4946   -3.4776  -85.5993
   -0.6872    0.6462    0.3320
    0.6197    0.2829    0.7320
    0.3791    0.7088   -0.5949
...    78 T-A ...
  -92.7802   -1.2600  -87.9293
   -0.2727    0.6919    0.6685
    0.8821   -0.0975    0.4608
    0.3841    0.7153   -0.5838
...    79 A-T ...
  -91.3618    1.1609  -89.7744
    0.2795    0.4254    0.8608
    0.8740   -0.4839   -0.0447
    0.3975    0.7648   -0.5070
...    80 A-T ...
  -90.1979    3.7763  -91.2903
    0.7181    0.0442    0.6945
    0.5589   -0.6312   -0.5377
    0.4147    0.7743   -0.4780
...    81 C-G ...
  -89.0013    6.6822  -92.3219
    0.8868   -0.3324    0.3211
    0.1020   -0.5368   -0.8375
    0.4508    0.7755   -0.4421
...    82 G-C ...
  -87.2037    8.9799  -94.0487
    0.7328   -0.6581   -0.1731
   -0.3867   -0.1935   -0.9017
    0.5599    0.7277   -0.3963
...    83 G-C ...
  -84.9438   11.2338  -95.2160
    0.3504   -0.6973   -0.6253
   -0.7033    0.2451   -0.6673
    0.6186    0.6736   -0.4045
...    84 A-T ...
  -82.7842   13.3698  -96.5474
   -0.1546   -0.4006   -0.9031
   -0.7605    0.6318   -0.1501
    0.6307    0.6636   -0.4024
...    85 A-T ...
  -80.5128   15.3292  -97.8485
   -0.5490    0.0880   -0.8312
   -0.5264    0.7361    0.4256
    0.6492    0.6712   -0.3578
...    86 T-A ...
  -78.1246   17.0293  -99.4145
   -0.7288    0.4779   -0.4904
   -0.1663    0.5712    0.8038
    0.6642    0.6673   -0.3368
...    87 C-G ...
  -75.8911   19.1781 -100.5875
   -0.6914    0.7141    0.1096
    0.3042    0.1501    0.9407
    0.6553    0.6838   -0.3210
...    88 C-G ...
  -73.7942   21.4961 -101.9175
   -0.4602    0.6107    0.6444
    0.6375   -0.2779    0.7186
    0.6179    0.7415   -0.2615
...    89 G-C ...
  -71.4398   23.8530 -102.5399
   -0.0997    0.2380    0.9661
    0.7913   -0.5697    0.2220
    0.6033    0.7866   -0.1316
...    90 C-G ...
  -69.8145   26.7282 -102.8723
    0.3138   -0.1690    0.9343
    0.7222   -0.5964   -0.3504
    0.6164    0.7847   -0.0651
...    91 T-A ...
  -67.8957   29.4336 -102.7388
    0.6007   -0.5287    0.5997
    0.4645   -0.3797   -0.8001
    0.6507    0.7591    0.0175
...    92 T-A ...
  -65.8238   31.9120 -102.4368
    0.7496   -0.6614    0.0246
    0.0423    0.0109   -0.9990
    0.6605    0.7499    0.0362
...    93 T-A ...
  -63.6219   34.2760 -102.0536
    0.6408   -0.5204   -0.5644
   -0.3946    0.4074   -0.8236
    0.6585    0.7505    0.0557
...    94 A-T ...
  -61.6857   37.0859 -102.1535
    0.2530   -0.0887   -0.9634
   -0.7153    0.6533   -0.2480
    0.6514    0.7519    0.1019
...    95 A-T ...
  -59.3314   39.3260 -101.7932
   -0.1889    0.3557   -0.9153
   -0.7337    0.5684    0.3723
    0.6527    0.7419    0.1537
...    96 C-G ...
  -56.7566   41.4863 -101.6722
   -0.5574    0.6076   -0.5658
   -0.5157    0.2807    0.8095
    0.6507    0.7430    0.1568
...    97 A-T ...
  -54.6639   43.9576 -100.8332
   -0.7985    0.6017    0.0177
   -0.0846   -0.1413    0.9863
    0.5960    0.7861    0.1637
...    98 C-G ...
  -52.7819   46.6984 -100.8778
   -0.7386    0.4072    0.5373
    0.3504   -0.4490    0.8220
    0.5760    0.7954    0.1889
...    99 T-A ...
  -51.1014   49.5185 -100.3631
   -0.4819    0.0357    0.8755
    0.6945   -0.5936    0.4066
    0.5342    0.8040    0.2612
...   100 T-A ...
  -49.5432   52.2241  -99.5152
   -0.0239   -0.3436    0.9388
    0.8473   -0.5054   -0.1634
    0.5306    0.7916    0.3032
...   101 T-A ...
  -47.9911   54.8296  -98.3921
    0.4401   -0.6028    0.6655
    0.7191   -0.2072   -0.6633
    0.5377    0.7705    0.3423
...   102 A-T ...
  -46.0204   57.2554  -97.1864
    0.7335   -0.6711    0.1080
    0.3452    0.2309   -0.9097
    0.5855    0.7045    0.4010
...   103 T-A ...
  -44.2061   59.2244  -95.2631
    0.8070   -0.4559   -0.3755
   -0.0726    0.5543   -0.8291
    0.5861    0.6964    0.4142
...   104 G-C ...
  -42.1280   61.6357  -94.2298
    0.5719   -0.0706   -0.8173
   -0.5085    0.7513   -0.4207
    0.6437    0.6562    0.3938
...   105 C-G ...
  -39.6630   63.5209  -92.9467
    0.1768    0.3608   -0.9157
   -0.7312    0.6710    0.1232
    0.6589    0.6478    0.3824
...   106 T-A ...
  -37.2212   65.5430  -91.8583
   -0.2689    0.6606   -0.7009
   -0.7031    0.3627    0.6116
    0.6583    0.6573    0.3670
...   107 T-A ...
  -34.8614   67.5537  -90.8258
   -0.6084    0.7715   -0.1862
   -0.4250   -0.1185    0.8974
    0.6703    0.6251    0.4000
...   108 C-G ...
  -32.5694   69.5826  -89.5703
   -0.7627    0.5221    0.3817
    0.0155   -0.5753    0.8178
    0.6465    0.6297    0.4307
...   109 C-G ...
  -30.4159   71.8982  -88.3382
   -0.6949    0.0492    0.7174
    0.4291   -0.7721    0.4687
    0.5770    0.6335    0.5154
...   110 G-C ...
  -28.3365   73.7484  -86.4239
   -0.4251   -0.4877    0.7625
    0.7530   -0.6580   -0.0010
    0.5022    0.5738    0.6470
...   111 G-C ...
  -26.9866   75.6919  -84.0246
   -0.0063   -0.8316    0.5553
    0.8816   -0.2667   -0.3894
    0.4719    0.4871    0.7348
...   112 C-G ...
  -25.8302   77.1036  -81.2627
    0.4480   -0.8706    0.2031
    0.7600    0.2512   -0.5994
    0.4709    0.4229    0.7742
...   113 T-A ...
  -24.3781   78.1477  -78.4670
    0.7570   -0.6215   -0.2019
    0.4278    0.7049   -0.5657
    0.4939    0.3419    0.7995
...   114 C-G ...
  -22.5960   79.0595  -75.8471
    0.8587   -0.0724   -0.5074
   -0.0959    0.9498   -0.2979
    0.5034    0.3045    0.8086
...   115 G-C ...
  -20.8313   80.5110  -73.3482
    0.6159    0.4887   -0.6180
   -0.5536    0.8265    0.1020
    0.5606    0.2793    0.7796
...   116 T-A ...
  -18.5217   81.0117  -70.9373
    0.2180    0.8646   -0.4526
   -0.8030    0.4225    0.4203
    0.5547    0.2718    0.7864
...   117 A-T ...
  -17.2262   81.7790  -67.8338
   -0.3431    0.9391    0.0200
   -0.7653   -0.2918    0.5737
    0.5446    0.1815    0.8188
...   118 T-A ...
  -15.0045   82.6831  -65.5458
   -0.6872    0.6493    0.3257
   -0.4837   -0.7435    0.4617
    0.5420    0.1597    0.8251
...   119 A-T ...
  -13.2226   82.9568  -62.6960
   -0.8705    0.0364    0.4909
    0.0410   -0.9885    0.1459
    0.4905    0.1471    0.8589
...   120 A-T ...
  -11.7267   83.5934  -59.8971
   -0.7094   -0.5446    0.4474
    0.5335   -0.8297   -0.1640
    0.4605    0.1223    0.8792
...   121 T-A ...
  -10.7419   84.3751  -56.8808
   -0.3574   -0.8950    0.2667
    0.8243   -0.4366   -0.3604
    0.4391    0.0910    0.8938
...   122 G-C ...
   -9.2020   84.2960  -53.8860
    0.1253   -0.9860   -0.1097
    0.9060    0.1588   -0.3923
    0.4043   -0.0503    0.9132
...   123 T-A ...
   -8.3847   83.7123  -50.7375
    0.5768   -0.7437   -0.3380
    0.7103    0.6609   -0.2420
    0.4034   -0.1005    0.9095
...   124 G-C ...
   -6.6534   83.4203  -47.8712
    0.8621   -0.1882   -0.4705
    0.2487    0.9661    0.0692
    0.4415   -0.1767    0.8797
...   125 T-A ...
   -5.1322   82.1953  -45.1332
    0.8595    0.3736   -0.3489
   -0.2596    0.9069    0.3318
    0.4404   -0.1946    0.8765
...   126 C-G ...
   -3.5701   81.4814  -42.2845
    0.5221    0.8516   -0.0462
   -0.7368    0.4777    0.4786
    0.4296   -0.2159    0.8768
...   127 G-C ...
   -2.5992   80.8117  -39.1018
   -0.0428    0.9771    0.2085
   -0.9085   -0.1249    0.3988
    0.4157   -0.1724    0.8930
...   128 A-T ...
   -1.1246   80.1068  -36.2212
   -0.5963    0.6981    0.3964
   -0.7045   -0.6918    0.1584
    0.3848   -0.1848    0.9043
...   129 C-G ...
    0.4690   79.9891  -33.3052
   -0.8964    0.2196    0.3850
   -0.2756   -0.9564   -0.0962
    0.3471   -0.1923    0.9179
...   130 C-G ...
    1.6895   79.6147  -30.1628
   -0.9353   -0.3190    0.1532
    0.2640   -0.9172   -0.2983
    0.2357   -0.2386    0.9421
...   131 A-T ...
    2.4364   78.6391  -27.0232
   -0.6458   -0.7395   -0.1900
    0.7554   -0.5826   -0.2998
    0.1110   -0.3371    0.9349
...   132 A-T ...
    2.5639   77.5077  -24.0015
   -0.1054   -0.9191   -0.3796
    0.9915   -0.0678   -0.1111
    0.0764   -0.3881    0.9185
...   133 A-T ...
    2.5979   76.0934  -21.0896
    0.4829   -0.7782   -0.4014
    0.8736    0.4593    0.1605
    0.0595   -0.4282    0.9017
...   134 T-A ...
    2.3093   74.2286  -18.3852
    0.8657   -0.4292   -0.2574
    0.4984    0.7868    0.3642
    0.0462   -0.4436    0.8950
...   135 G-C ...
    1.4370   72.0948  -15.6001
    0.9809    0.0621    0.1844
   -0.1263    0.9241    0.3606
   -0.1480   -0.3770    0.9143
...   136 T-A ...
    0.5299   69.2372  -13.4650
    0.7353    0.4962    0.4617
   -0.6117    0.7791    0.1369
   -0.2918   -0.3831    0.8764
...   137 G-C ...
   -0.1631   67.4089  -10.8053
    0.1799    0.8794    0.4409
   -0.9276    0.3008   -0.2216
   -0.3275   -0.3691    0.8698
...   138 A-T ...
   -0.1294   66.2153   -7.8179
   -0.3749    0.8569    0.3537
   -0.8857   -0.2184   -0.4097
   -0.2739   -0.4669    0.8408
...   139 G-C ...
   -1.0031   65.6049   -4.9382
   -0.8337    0.5216    0.1812
   -0.5170   -0.6221   -0.5880
   -0.1940   -0.5840    0.7883
...   140 C-G ...
   -0.6941   63.8983   -2.2496
   -0.9992    0.0157   -0.0376
    0.0023   -0.8992   -0.4375
   -0.0406   -0.4373    0.8984
...   141 G-C ...
   -3.4331   60.2356    1.0304
   -0.4426    0.2288   -0.8671
    0.1684   -0.9285   -0.3310
   -0.8808   -0.2925    0.3724
...   142 C-G ...
   -6.3247   59.0803    1.6316
   -0.2968   -0.3279   -0.8969
    0.5658   -0.8170    0.1115
   -0.7693   -0.4743    0.4280
...   143 T-A ...
   -8.6732   58.7215    3.6048
   -0.0344   -0.7815   -0.6229
    0.6534   -0.4892    0.5777
   -0.7562   -0.3872    0.5275
...   144 C-G ...
  -11.6514   58.0073    4.7221
    0.2453   -0.9542   -0.1714
    0.6321    0.0234    0.7745
   -0.7350   -0.2984    0.6089
...   145 A-T ...
  -14.1726   56.5625    6.1821
    0.5795   -0.7268    0.3686
    0.3140    0.6165    0.7220
   -0.7520   -0.3027    0.5855
...   146 C-G ...
  -16.4615   53.8912    7.5171
    0.5336   -0.3333    0.7773
   -0.0346    0.9097    0.4138
   -0.8450   -0.2477    0.4739
...   147 A-T ...
  -19.0125   52.0326    8.9269
    0.2451    0.2906    0.9249
   -0.3073    0.9281   -0.2101
   -0.9195   -0.2327    0.3168
