  147 base-pairs
...     1 A-T ...
    0.0000    0.0000    0.0000
    1.0000    0.0000    0.0000
    0.0000    1.0000    0.0000
    0.0000    0.0000    1.0000
...     2 G-C ...
   -0.1404   -1.2353    3.2259
    0.7530    0.6366    0.1668
   -0.6385    0.7681   -0.0490
   -0.1593   -0.0696    0.9848
...     3 T-A ...
   -0.0377   -3.2918    6.3749
    0.2722    0.9302    0.2464
   -0.9238    0.3243   -0.2034
   -0.2691   -0.1722    0.9476
...     4 G-C ...
   -0.3520   -4.1638    9.4928
   -0.3756    0.9250    0.0576
   -0.8780   -0.3352   -0.3416
   -0.2967   -0.1788    0.9381
...     5 A-T ...
   -0.4480   -4.1448   12.7498
   -0.8116    0.5839   -0.0166
   -0.5522   -0.7762   -0.3042
   -0.1905   -0.2377    0.9525
...     6 G-C ...
   -1.5926   -4.1701   15.6201
   -0.9976    0.0246   -0.0651
   -0.0043   -0.9555   -0.2950
   -0.0694   -0.2940    0.9533
...     7 C-G ...
   -1.1050   -4.4793   18.7363
   -0.8442   -0.5302   -0.0787
    0.5343   -0.8442   -0.0430
   -0.0437   -0.0784    0.9960
...     8 G-C ...
   -2.4044   -7.7255   23.1483
   -0.2753   -0.3294   -0.9032
    0.6650   -0.7437    0.0686
   -0.6943   -0.5817    0.4238
...     9 C-G ...
   -4.4706   -9.9691   24.1142
    0.1145   -0.7026   -0.7023
    0.8512   -0.2951    0.4341
   -0.5123   -0.6475    0.5642
...    10 T-A ...
   -6.7420  -10.8705   25.9717
    0.4841   -0.8363   -0.2573
    0.6594    0.1554    0.7356
   -0.5752   -0.5257    0.6267
...    11 C-G ...
   -9.1682  -12.6167   27.1662
    0.7073   -0.6683    0.2306
    0.3450    0.6110    0.7125
   -0.6170   -0.4243    0.6627
...    12 A-T ...
  -10.9253  -14.6583   29.0713
    0.7515   -0.1377    0.6452
   -0.2027    0.8824    0.4245
   -0.6278   -0.4498    0.6352
...    13 C-G ...
  -11.8495  -17.4796   31.2472
    0.4294    0.2824    0.8578
   -0.5708    0.8209    0.0155
   -0.6998   -0.4963    0.5137
...    14 A-T ...
  -13.5915  -19.7756   33.4284
   -0.1503    0.6106    0.7775
   -0.6874    0.5007   -0.5261
   -0.7106   -0.6135    0.3445
...    15 A-T ...
  -15.7292  -21.8910   34.6703
   -0.5282    0.7818    0.3314
   -0.4453    0.0773   -0.8921
   -0.7230   -0.6187    0.3073
...    16 T-A ...
  -17.8733  -23.7933   36.2627
   -0.6609    0.7300   -0.1740
   -0.1053   -0.3198   -0.9416
   -0.7430   -0.6040    0.2883
...    17 T-A ...
  -20.3181  -25.6194   37.3067
   -0.5537    0.4664   -0.6899
    0.2839   -0.6731   -0.6829
   -0.7829   -0.5739    0.2403
...    18 T-A ...
  -22.9640  -27.2918   38.0626
   -0.2409    0.0563   -0.9689
    0.5277   -0.8303   -0.1794
   -0.8146   -0.5545    0.1703
...    19 A-T ...
  -25.8558  -28.9589   38.2106
    0.2279   -0.3159   -0.9210
    0.5095   -0.7673    0.3893
   -0.8297   -0.5580   -0.0139
...    20 T-A ...
  -28.7936  -30.3169   37.6747
    0.4688   -0.6527   -0.5951
    0.3012   -0.5152    0.8024
   -0.8303   -0.5555   -0.0449
...    21 T-A ...
  -31.5228  -32.0273   37.2086
    0.5332   -0.8458   -0.0188
   -0.0488   -0.0530    0.9974
   -0.8446   -0.5309   -0.0696
...    22 C-G ...
  -34.1927  -33.9460   36.8546
    0.3765   -0.7160    0.5879
   -0.3856    0.4560    0.8021
   -0.8424   -0.5287   -0.1044
...    23 G-C ...
  -37.2108  -35.4377   36.8494
    0.0961   -0.2967    0.9501
   -0.5485    0.7808    0.2993
   -0.8306   -0.5499   -0.0877
...    24 C-G ...
  -39.7841  -37.5576   36.4441
   -0.2213    0.2021    0.9540
   -0.4899    0.8228   -0.2880
   -0.8432   -0.5311   -0.0831
...    25 A-T ...
  -42.6860  -39.0940   35.8486
   -0.4070    0.6867    0.6023
   -0.2415    0.5551   -0.7960
   -0.8809   -0.4694   -0.0601
...    26 A-T ...
  -45.5028  -40.7017   35.8368
   -0.4566    0.8888    0.0389
    0.0587    0.0738   -0.9955
   -0.8877   -0.4523   -0.0859
...    27 A-T ...
  -48.4236  -42.0741   35.7190
   -0.2961    0.7994   -0.5227
    0.3097   -0.4374   -0.8443
   -0.9036   -0.4119   -0.1181
...    28 G-C ...
  -51.5332  -43.1135   35.4040
    0.0186    0.4995   -0.8661
    0.4037   -0.7962   -0.4506
   -0.9147   -0.3413   -0.2165
...    29 G-C ...
  -54.6831  -43.7717   34.4036
    0.3467    0.0359   -0.9373
    0.2768   -0.9587    0.0657
   -0.8962   -0.2823   -0.3423
...    30 C-G ...
  -57.5640  -44.2519   32.8432
    0.4933   -0.4757   -0.7283
   -0.0053   -0.8389    0.5443
   -0.8699   -0.2646   -0.4163
...    31 C-G ...
  -60.1981  -45.1848   30.9167
    0.4624   -0.8427   -0.2757
   -0.3431   -0.4567    0.8208
   -0.8176   -0.2850   -0.5003
...    32 G-C ...
  -62.9562  -46.5475   29.5135
    0.2129   -0.9368    0.2778
   -0.6106    0.0944    0.7863
   -0.7628   -0.3370   -0.5519
...    33 G-C ...
  -65.3319  -47.9019   27.4882
   -0.1515   -0.7066    0.6912
   -0.6422    0.6020    0.4745
   -0.7514   -0.3720   -0.5450
...    34 C-G ...
  -67.6157  -49.4078   25.5292
   -0.4848   -0.2355    0.8423
   -0.4350    0.9004    0.0014
   -0.7587   -0.3658   -0.5390
...    35 C-G ...
  -70.0564  -50.8706   23.6668
   -0.6001    0.3341    0.7268
   -0.0694    0.8834   -0.4634
   -0.7969   -0.3285   -0.5070
...    36 C-G ...
  -72.6970  -52.2406   22.0299
   -0.4644    0.7938    0.3928
    0.2954    0.5570   -0.7762
   -0.8349   -0.2444   -0.4931
...    37 G-C ...
  -75.3015  -52.9516   20.0044
   -0.0906    0.9954   -0.0296
    0.5190    0.0218   -0.8545
   -0.8500   -0.0928   -0.5186
...    38 A-T ...
  -78.0962  -53.1978   18.3473
    0.2953    0.8276   -0.4774
    0.4694   -0.5609   -0.6819
   -0.8321   -0.0227   -0.5541
...    39 C-G ...
  -80.9565  -52.7002   16.8387
    0.5505    0.4164   -0.7236
    0.2267   -0.9087   -0.3504
   -0.8035    0.0289   -0.5946
...    40 A-T ...
  -83.4692  -52.5625   14.6183
    0.6844   -0.1689   -0.7093
   -0.1733   -0.9826    0.0667
   -0.7082    0.0773   -0.7017
...    41 C-G ...
  -85.4337  -51.7370   12.0760
    0.5110   -0.6650   -0.5446
   -0.5364   -0.7418    0.4025
   -0.6717    0.0864   -0.7358
...    42 G-C ...
  -87.7274  -51.9451    9.6034
    0.1528   -0.9747   -0.1628
   -0.7869   -0.2197    0.5766
   -0.5978    0.0400   -0.8007
...    43 A-T ...
  -89.5829  -51.8767    6.8558
   -0.3668   -0.9057    0.2125
   -0.7264    0.4215    0.5429
   -0.5812    0.0448   -0.8125
...    44 C-G ...
  -91.1061  -52.1415    3.8596
   -0.7089   -0.5302    0.4651
   -0.4100    0.8464    0.3399
   -0.5739    0.0502   -0.8174
...    45 T-A ...
  -92.9841  -52.2714    1.0927
   -0.8031    0.0219    0.5954
    0.0523    0.9981    0.0339
   -0.5936    0.0583   -0.8027
...    46 T-A ...
  -94.9001  -52.3441   -1.5429
   -0.6297    0.6051    0.4872
    0.5309    0.7930   -0.2988
   -0.5672    0.0705   -0.8206
...    47 A-T ...
  -96.6019  -51.9590   -4.4171
   -0.1351    0.9581    0.2526
    0.8122    0.2530   -0.5256
   -0.5675    0.1341   -0.8124
...    48 C-G ...
  -98.9298  -51.4741   -6.6903
    0.3456    0.9382   -0.0169
    0.7589   -0.2901   -0.5830
   -0.5519    0.1887   -0.8123
...    49 T-A ...
 -100.8430  -50.5175   -9.2155
    0.7476    0.6181   -0.2432
    0.4428   -0.7367   -0.5111
   -0.4951    0.2744   -0.8244
...    50 G-C ...
 -102.1579  -49.5339  -12.1485
    0.9241    0.0496   -0.3790
   -0.0850   -0.9400   -0.3305
   -0.3726    0.3376   -0.8644
...    51 T-A ...
 -103.0096  -47.8663  -14.8727
    0.7513   -0.4703   -0.4630
   -0.5728   -0.8132   -0.1034
   -0.3279    0.3429   -0.8803
...    52 A-T ...
 -104.2467  -46.9532  -17.8793
    0.2232   -0.8792   -0.4209
   -0.9287   -0.3230    0.1823
   -0.2963    0.3502   -0.8886
...    53 G-C ...
 -104.8896  -45.8154  -20.9600
   -0.3154   -0.9211   -0.2284
   -0.9063    0.2211    0.3601
   -0.2812    0.3206   -0.9045
...    54 G-C ...
 -105.6505  -44.9406  -24.1566
   -0.7611   -0.6464    0.0537
   -0.5736    0.7094    0.4095
   -0.3028    0.2809   -0.9107
...    55 T-A ...
 -106.4036  -44.5370  -27.4119
   -0.9501   -0.1577    0.2690
   -0.0646    0.9435    0.3249
   -0.3051    0.2913   -0.9067
...    56 A-T ...
 -107.1443  -43.0654  -30.3963
   -0.7675    0.5057    0.3939
    0.5831    0.8061    0.1012
   -0.2664    0.3074   -0.9135
...    57 T-A ...
 -108.4969  -42.5059  -33.3522
   -0.3542    0.8478    0.3946
    0.8992    0.4247   -0.1054
   -0.2570    0.3174   -0.9128
...    58 C-G ...
 -109.3942  -41.4626  -36.3390
    0.2667    0.9144    0.3044
    0.9334   -0.1665   -0.3177
   -0.2398    0.3689   -0.8980
...    59 A-T ...
 -109.9935  -40.1742  -39.3853
    0.7801    0.5981    0.1838
    0.6050   -0.6461   -0.4653
   -0.1596    0.4742   -0.8658
...    60 T-A ...
 -110.7066  -38.1040  -41.8248
    0.9833    0.1730   -0.0566
    0.1215   -0.8552   -0.5038
   -0.1356    0.4885   -0.8620
...    61 G-C ...
 -110.8369  -36.6232  -44.8385
    0.8795   -0.4076   -0.2456
   -0.4756   -0.7687   -0.4278
   -0.0144    0.4930   -0.8699
...    62 T-A ...
 -110.3375  -34.6721  -47.4867
    0.4856   -0.7686   -0.4164
   -0.8740   -0.4176   -0.2485
    0.0171    0.4846   -0.8746
...    63 T-A ...
 -109.9878  -33.0183  -50.2765
   -0.1232   -0.8502   -0.5118
   -0.9920    0.1195    0.0403
    0.0269    0.5127   -0.8582
...    64 A-T ...
 -110.3574  -30.9831  -53.0080
   -0.7510   -0.5181   -0.4094
   -0.6570    0.6484    0.3846
    0.0661    0.5578   -0.8273
...    65 T-A ...
 -109.7957  -29.6811  -56.0149
   -0.9819   -0.0862   -0.1687
   -0.1664    0.8178    0.5509
    0.0905    0.5690   -0.8173
...    66 A-T ...
 -109.2537  -27.3544  -58.4522
   -0.8457    0.4906    0.2103
    0.5169    0.6547    0.5515
    0.1329    0.5751   -0.8072
...    67 A-T ...
 -108.9705  -25.6175  -61.1897
   -0.3818    0.7834    0.4904
    0.9117    0.2322    0.3389
    0.1516    0.5765   -0.8029
...    68 C-G ...
 -109.0798  -23.7347  -63.9125
    0.1589    0.7611    0.6289
    0.9746   -0.2227    0.0233
    0.1578    0.6092   -0.7771
...    69 G-C ...
 -108.1583  -21.7300  -66.4780
    0.6540    0.4090    0.6364
    0.7194   -0.5965   -0.3559
    0.2340    0.6906   -0.6844
...    70 G-C ...
 -107.3520  -19.1358  -68.4871
    0.9127   -0.0619    0.4039
    0.2499   -0.6974   -0.6717
    0.3232    0.7140   -0.6211
...    71 A-T ...
 -106.1442  -16.7569  -70.4110
    0.8659   -0.4977   -0.0505
   -0.3340   -0.5000   -0.7990
    0.3724    0.7087   -0.5992
...    72 T-A ...
 -104.5371  -14.2466  -71.8225
    0.5686   -0.6853   -0.4551
   -0.7286   -0.1627   -0.6653
    0.3819    0.7099   -0.5918
...    73 C-G ...
 -103.1077  -12.0252  -73.8018
    0.0082   -0.6507   -0.7592
   -0.9136    0.3038   -0.2703
    0.4065    0.6959   -0.5920
...    74 T-A ...
 -101.4697   -9.9442  -75.8473
   -0.5081   -0.3932   -0.7663
   -0.7551    0.6313    0.1768
    0.4142    0.6685   -0.6177
...    75 C-G ...
 -100.0449   -7.8150  -77.9489
   -0.8636    0.0751   -0.4985
   -0.2876    0.7388    0.6095
    0.4140    0.6698   -0.6165
...    76 G-C ...
  -98.6610   -5.2503  -79.6704
   -0.8998    0.4364    0.0006
    0.2690    0.5536    0.7881
    0.3436    0.7093   -0.6155
...    77 A-T ...
  -97.4912   -2.9924  -81.7675
   -0.5667    0.6596    0.4938
    0.7515    0.1682    0.6379
    0.3377    0.7326   -0.5910
...    78 G-C ...
  -96.6306   -0.5223  -83.8201
   -0.0971    0.5857    0.8047
    0.9361   -0.2208    0.2736
    0.3380    0.7799   -0.5268
...    79 C-G ...
  -95.9301    2.2327  -85.5329
    0.4124    0.3150    0.8548
    0.8367   -0.5023   -0.2185
    0.3605    0.8053   -0.4707
...    80 T-A ...
  -94.8607    5.1040  -86.8029
    0.7632   -0.0732    0.6421
    0.4985   -0.5656   -0.6570
    0.4113    0.8214   -0.3951
...    81 C-G ...
  -93.3880    7.8066  -87.9333
    0.8893   -0.4337    0.1452
   -0.0377   -0.3860   -0.9217
    0.4558    0.8142   -0.3596
...    82 G-C ...
  -91.6316   10.2627  -89.4631
    0.6567   -0.6563   -0.3715
   -0.5008   -0.0112   -0.8655
    0.5639    0.7544   -0.3360
...    83 G-C ...
  -89.3599   12.5639  -90.5039
    0.2259   -0.5950   -0.7714
   -0.7548    0.3937   -0.5247
    0.6159    0.7007   -0.3601
...    84 G-C ...
  -87.0240   14.6702  -91.7949
   -0.2729   -0.3024   -0.9133
   -0.7298    0.6836   -0.0083
    0.6269    0.6642   -0.4072
...    85 A-T ...
  -84.8678   16.7880  -93.1564
   -0.6622    0.1805   -0.7273
   -0.4099    0.7252    0.5532
    0.6273    0.6645   -0.4062
...    86 T-A ...
  -82.6486   18.4872  -94.9503
   -0.7658    0.5478   -0.3368
   -0.0092    0.5144    0.8575
    0.6430    0.6598   -0.3889
...    87 C-G ...
  -80.5031   20.6144  -96.3035
   -0.6283    0.7320    0.2637
    0.4500    0.0654    0.8906
    0.6347    0.6782   -0.3704
...    88 C-G ...
  -78.5227   22.9438  -97.7787
   -0.3290    0.5775    0.7472
    0.7232   -0.3547    0.5926
    0.6072    0.7353   -0.3010
...    89 G-C ...
  -76.1915   25.2662  -98.5734
    0.0535    0.1686    0.9842
    0.7902   -0.6098    0.0615
    0.6105    0.7744   -0.1659
...    90 C-G ...
  -74.5131   28.1052  -98.9324
    0.4394   -0.2468    0.8637
    0.6391   -0.5898   -0.4936
    0.6312    0.7689   -0.1014
...    91 T-A ...
  -72.4920   30.7369  -98.8933
    0.6611   -0.5870    0.4674
    0.3297   -0.3323   -0.8837
    0.6740    0.7383   -0.0262
...    92 T-A ...
  -70.3125   33.1354  -98.7227
    0.7231   -0.6783   -0.1308
   -0.1021    0.0824   -0.9914
    0.6832    0.7302   -0.0096
...    93 T-A ...
  -68.0043   35.4184  -98.4962
    0.5378   -0.4898   -0.6862
   -0.4966    0.4736   -0.7273
    0.6813    0.7320    0.0115
...    94 A-T ...
  -66.0327   38.1988  -98.6732
    0.1118   -0.0209   -0.9935
   -0.7266    0.6804   -0.0961
    0.6779    0.7326    0.0609
...    95 A-T ...
  -63.5960   40.3710  -98.4918
   -0.3071    0.4237   -0.8522
   -0.6609    0.5494    0.5113
    0.6848    0.7202    0.1113
...    96 C-G ...
  -60.9838   42.4815  -98.5825
   -0.6181    0.6520   -0.4392
   -0.3923    0.2283    0.8910
    0.6812    0.7230    0.1147
...    97 A-T ...
  -58.7437   44.8681  -97.8945
   -0.7796    0.6039    0.1659
    0.0479   -0.2066    0.9773
    0.6245    0.7698    0.1321
...    98 C-G ...
  -56.8510   47.5933  -98.0152
   -0.6556    0.3734    0.6563
    0.4512   -0.5031    0.7371
    0.6054    0.7794    0.1613
...    99 T-A ...
  -55.0929   50.3702  -97.5466
   -0.3640   -0.0206    0.9312
    0.7362   -0.6188    0.2741
    0.5706    0.7853    0.2405
...   100 T-A ...
  -53.4192   53.0154  -96.7323
    0.0930   -0.4031    0.9104
    0.8161   -0.4930   -0.3017
    0.5704    0.7710    0.2831
...   101 T-A ...
  -51.7238   55.5469  -95.6478
    0.5172   -0.6422    0.5658
    0.6290   -0.1631   -0.7601
    0.5804    0.7490    0.3196
...   102 A-T ...
  -49.6036   57.9028  -94.5646
    0.7427   -0.6691   -0.0262
    0.2277    0.2891   -0.9298
    0.6298    0.6846    0.3671
...   103 T-A ...
  -47.5689   59.7719  -92.7625
    0.7563   -0.4223   -0.4997
   -0.1778    0.6023   -0.7782
    0.6296    0.6774    0.3804
...   104 G-C ...
  -45.4022   62.1472  -91.8439
    0.4685   -0.0127   -0.8834
   -0.5622    0.7670   -0.3092
    0.6815    0.6415    0.3522
...   105 C-G ...
  -42.8230   63.9918  -90.7426
    0.0617    0.4168   -0.9069
   -0.7182    0.6495    0.2496
    0.6931    0.6360    0.3394
...   106 T-A ...
  -40.2926   65.9890  -89.8305
   -0.3580    0.6935   -0.6252
   -0.6312    0.3137    0.7094
    0.6881    0.6486    0.3255
...   107 T-A ...
  -37.8594   67.9871  -88.9632
   -0.6385    0.7661   -0.0735
   -0.3174   -0.1751    0.9320
    0.7011    0.6184    0.3549
...   108 C-G ...
  -35.4784   69.9999  -87.8674
   -0.7262    0.4830    0.4892
    0.1168   -0.6146    0.7802
    0.6775    0.6237    0.3899
...   109 C-G ...
  -33.2610   72.3137  -86.7575
   -0.6164   -0.0040    0.7874
    0.4930   -0.7817    0.3820
    0.6140    0.6236    0.4838
...   110 G-C ...
  -31.0575   74.1306  -84.9606
   -0.3352   -0.5345    0.7758
    0.7653   -0.6348   -0.1067
    0.5495    0.5580    0.6219
...   111 G-C ...
  -29.5397   75.9891  -82.5954
    0.0684   -0.8554    0.5134
    0.8474   -0.2218   -0.4824
    0.5265    0.4681    0.7097
...   112 C-G ...
  -28.1631   77.3003  -79.8855
    0.4890   -0.8639    0.1208
    0.6943    0.3016   -0.6535
    0.5281    0.4034    0.7473
...   113 T-A ...
  -26.4934   78.2666  -77.1847
    0.7545   -0.5862   -0.2952
    0.3545    0.7424   -0.5684
    0.5524    0.3242    0.7680
...   114 C-G ...
  -24.5194   79.1273  -74.6866
    0.8142   -0.0201   -0.5802
   -0.1518    0.9573   -0.2462
    0.5604    0.2885    0.7763
...   115 G-C ...
  -22.6203   80.5401  -72.2699
    0.5464    0.5365   -0.6431
   -0.5726    0.7997    0.1807
    0.6112    0.2695    0.7442
...   116 T-A ...
  -20.1479   81.0299  -70.0236
    0.1509    0.8893   -0.4317
   -0.7825    0.3743    0.4976
    0.6041    0.2627    0.7524
...   117 A-T ...
  -18.6233   81.7313  -67.0205
   -0.3747    0.9241    0.0744
   -0.7100   -0.3376    0.6180
    0.5963    0.1788    0.7826
...   118 T-A ...
  -16.2796   82.6556  -64.8714
   -0.6862    0.6136    0.3908
   -0.4224   -0.7734    0.4726
    0.5922    0.1592    0.7899
...   119 A-T ...
  -14.3261   82.9920  -62.1527
   -0.8439   -0.0012    0.5365
    0.0811   -0.9888    0.1253
    0.5304    0.1492    0.8345
...   120 A-T ...
  -12.7152   83.6287  -59.4213
   -0.6708   -0.5735    0.4703
    0.5502   -0.8100   -0.2028
    0.4973    0.1227    0.8589
...   121 T-A ...
  -11.6193   84.3908  -56.4410
   -0.3196   -0.9092    0.2668
    0.8197   -0.4065   -0.4035
    0.4753    0.0898    0.8752
...   122 G-C ...
   -9.9574   84.2977  -53.5145
    0.1475   -0.9804   -0.1305
    0.8847    0.1897   -0.4259
    0.4423   -0.0526    0.8953
...   123 T-A ...
   -8.9995   83.6896  -50.4101
    0.5831   -0.7230   -0.3704
    0.6828    0.6832   -0.2589
    0.4403   -0.1020    0.8921
...   124 G-C ...
   -7.1550   83.4133  -47.6170
    0.8508   -0.1587   -0.5010
    0.2248    0.9716    0.0739
    0.4751   -0.1755    0.8623
...   125 T-A ...
   -5.5178   82.1953  -44.9403
    0.8386    0.4004   -0.3695
   -0.2732    0.8957    0.3508
    0.4714   -0.1932    0.8605
...   126 C-G ...
   -3.8638   81.4804  -42.1441
    0.4991    0.8651   -0.0499
   -0.7356    0.4534    0.5033
    0.4580   -0.2145    0.8627
...   127 G-C ...
   -2.8063   80.7787  -38.9988
   -0.0610    0.9740    0.2180
   -0.8968   -0.1494    0.4165
    0.4383   -0.1700    0.8826
...   128 A-T ...
   -1.2577   80.0763  -36.1605
   -0.6034    0.6835    0.4108
   -0.6874   -0.7069    0.1666
    0.4043   -0.1819    0.8964
...   129 C-G ...
    0.3836   79.9758  -33.2776
   -0.8945    0.2027    0.3984
   -0.2602   -0.9608   -0.0955
    0.3634   -0.1891    0.9122
...   130 C-G ...
    1.6455   79.6214  -30.1520
   -0.9294   -0.3315    0.1620
    0.2730   -0.9132   -0.3027
    0.2483   -0.2371    0.9392
...   131 A-T ...
    2.4088   78.6606  -27.0127
   -0.6418   -0.7436   -0.1874
    0.7576   -0.5771   -0.3049
    0.1185   -0.3377    0.9338
...   132 A-T ...
    2.5527   77.5214  -23.9960
   -0.1036   -0.9187   -0.3812
    0.9913   -0.0641   -0.1149
    0.0811   -0.3898    0.9173
...   133 A-T ...
    2.5947   76.0976  -21.0889
    0.4832   -0.7771   -0.4034
    0.8733    0.4604    0.1592
    0.0620   -0.4292    0.9011
...   134 T-A ...
    2.3094   74.2286  -18.3852
    0.8657   -0.4292   -0.2574
    0.4984    0.7868    0.3642
    0.0462   -0.4436    0.8950
...   135 G-C ...
    1.4370   72.0948  -15.6001
    0.9809    0.0621    0.1844
   -0.1263    0.9241    0.3606
   -0.1480   -0.3770    0.9143
...   136 T-A ...
    0.5300   69.2373  -13.4650
    0.7353    0.4962    0.4617
   -0.6117    0.7791    0.1369
   -0.2918   -0.3831    0.8764
...   137 G-C ...
   -0.1631   67.4089  -10.8053
    0.1799    0.8794    0.4409
   -0.9276    0.3008   -0.2216
   -0.3275   -0.3691    0.8698
...   138 A-T ...
   -0.1294   66.2153   -7.8179
   -0.3749    0.8569    0.3537
   -0.8857   -0.2184   -0.4097
   -0.2739   -0.4669    0.8408
...   139 G-C ...
   -1.0031   65.6050   -4.9382
   -0.8337    0.5216    0.1812
   -0.5170   -0.6221   -0.5880
   -0.1940   -0.5840    0.7883
...   140 C-G ...
   -0.6941   63.8984   -2.2496
   -0.9992    0.0157   -0.0376
    0.0023   -0.8992   -0.4375
   -0.0406   -0.4373    0.8984
...   141 G-C ...
   -3.4331   60.2356    1.0304
   -0.4426    0.2288   -0.8671
    0.1684   -0.9285   -0.3310
   -0.8808   -0.2925    0.3724
...   142 C-G ...
   -6.3247   59.0803    1.6315
   -0.2968   -0.3279   -0.8969
    0.5658   -0.8170    0.1115
   -0.7693   -0.4743    0.4280
...   143 T-A ...
   -8.6732   58.7215    3.6048
   -0.0344   -0.7815   -0.6229
    0.6534   -0.4892    0.5777
   -0.7562   -0.3872    0.5275
...   144 C-G ...
  -11.6514   58.0073    4.7221
    0.2453   -0.9542   -0.1714
    0.6321    0.0234    0.7745
   -0.7350   -0.2984    0.6089
...   145 A-T ...
  -14.1725   56.5625    6.1820
    0.5795   -0.7268    0.3686
    0.3140    0.6165    0.7220
   -0.7520   -0.3027    0.5855
...   146 C-G ...
  -16.4614   53.8912    7.5171
    0.5336   -0.3333    0.7773
   -0.0346    0.9097    0.4138
   -0.8450   -0.2477    0.4739
...   147 A-T ...
  -19.0125   52.0327    8.9269
    0.2451    0.2906    0.9249
   -0.3073    0.9281   -0.2101
   -0.9195   -0.2327    0.3168
