  147 base-pairs
...     1 A-T ...
    0.0000    0.0000    0.0000
    1.0000    0.0000    0.0000
    0.0000    1.0000    0.0000
    0.0000    0.0000    1.0000
...     2 G-C ...
   -0.1404   -1.2353    3.2259
    0.7530    0.6366    0.1668
   -0.6385    0.7681   -0.0490
   -0.1593   -0.0696    0.9848
...     3 T-A ...
   -0.0377   -3.2918    6.3749
    0.2722    0.9302    0.2464
   -0.9238    0.3243   -0.2034
   -0.2691   -0.1722    0.9476
...     4 G-C ...
   -0.3520   -4.1638    9.4928
   -0.3756    0.9250    0.0576
   -0.8780   -0.3352   -0.3416
   -0.2967   -0.1788    0.9381
...     5 A-T ...
   -0.4480   -4.1448   12.7498
   -0.8116    0.5839   -0.0166
   -0.5522   -0.7762   -0.3042
   -0.1905   -0.2377    0.9525
...     6 G-C ...
   -1.5926   -4.1701   15.6201
   -0.9976    0.0246   -0.0651
   -0.0043   -0.9555   -0.2950
   -0.0694   -0.2940    0.9533
...     7 C-G ...
   -1.1050   -4.4793   18.7363
   -0.8442   -0.5302   -0.0787
    0.5343   -0.8442   -0.0430
   -0.0437   -0.0784    0.9960
...     8 G-C ...
   -2.4044   -7.7255   23.1483
   -0.2753   -0.3294   -0.9032
    0.6650   -0.7437    0.0686
   -0.6943   -0.5817    0.4238
...     9 C-G ...
   -4.4706   -9.9691   24.1142
    0.1145   -0.7026   -0.7023
    0.8512   -0.2951    0.4341
   -0.5123   -0.6475    0.5642
...    10 T-A ...
   -6.7420  -10.8705   25.9717
    0.4841   -0.8363   -0.2573
    0.6594    0.1554    0.7356
   -0.5752   -0.5257    0.6267
...    11 C-G ...
   -9.1682  -12.6167   27.1662
    0.7073   -0.6683    0.2306
    0.3450    0.6110    0.7125
   -0.6170   -0.4243    0.6627
...    12 A-T ...
  -10.9253  -14.6583   29.0713
    0.7515   -0.1377    0.6452
   -0.2027    0.8824    0.4245
   -0.6278   -0.4498    0.6352
...    13 C-G ...
  -11.8495  -17.4796   31.2472
    0.4294    0.2824    0.8578
   -0.5708    0.8209    0.0155
   -0.6998   -0.4963    0.5137
...    14 A-T ...
  -13.5915  -19.7756   33.4284
   -0.1503    0.6106    0.7775
   -0.6874    0.5007   -0.5261
   -0.7106   -0.6135    0.3445
...    15 A-T ...
  -15.7450  -21.8741   34.6655
   -0.5214    0.7882    0.3270
   -0.4474    0.0738   -0.8913
   -0.7266   -0.6110    0.3141
...    16 T-A ...
  -17.9034  -23.7383   36.2772
   -0.6527    0.7358   -0.1803
   -0.1122   -0.3293   -0.9375
   -0.7493   -0.5917    0.2975
...    17 T-A ...
  -20.3759  -25.5162   37.3406
   -0.5487    0.4629   -0.6962
    0.2715   -0.6889   -0.6721
   -0.7907   -0.5578    0.2523
...    18 T-A ...
  -23.0499  -27.1325   38.1327
   -0.2454    0.0346   -0.9688
    0.5134   -0.8431   -0.1601
   -0.8224   -0.5366    0.1891
...    19 A-T ...
  -25.9065  -28.8533   38.3896
    0.2047   -0.3797   -0.9022
    0.4992   -0.7523    0.4299
   -0.8420   -0.5384    0.0355
...    20 T-A ...
  -28.8970  -30.1690   37.9976
    0.4368   -0.7090   -0.5537
    0.3029   -0.4636    0.8326
   -0.8470   -0.5314    0.0122
...    21 T-A ...
  -31.7046  -31.8040   37.7148
    0.4953   -0.8677    0.0426
   -0.0280    0.0331    0.9991
   -0.8683   -0.4960   -0.0079
...    22 C-G ...
  -34.4952  -33.5864   37.5726
    0.3522   -0.6790    0.6441
   -0.3407    0.5480    0.7640
   -0.8717   -0.4886   -0.0383
...    23 G-C ...
  -37.6195  -34.8504   37.7219
    0.1063   -0.2082    0.9723
   -0.4857    0.8424    0.2335
   -0.8677   -0.4970   -0.0116
...    24 C-G ...
  -40.3400  -36.8151   37.5685
   -0.1709    0.3133    0.9342
   -0.4383    0.8250   -0.3569
   -0.8824   -0.4704   -0.0037
...    25 A-T ...
  -43.3715  -38.1883   37.2397
   -0.3198    0.7773    0.5418
   -0.2316    0.4903   -0.8402
   -0.9188   -0.3941    0.0232
...    26 A-T ...
  -46.3177  -39.5098   37.4987
   -0.3671    0.9295   -0.0355
    0.0109   -0.0339   -0.9994
   -0.9301   -0.3672    0.0023
...    27 A-T ...
  -49.3631  -40.5676   37.6479
   -0.2406    0.7704   -0.5905
    0.2126   -0.5517   -0.8065
   -0.9471   -0.3195   -0.0310
...    28 G-C ...
  -52.5844  -41.2684   37.5887
    0.0186    0.4013   -0.9158
    0.2827   -0.8807   -0.3802
   -0.9590   -0.2518   -0.1298
...    29 G-C ...
  -55.8451  -41.6381   36.7942
    0.2807   -0.1093   -0.9535
    0.1638   -0.9735    0.1598
   -0.9457   -0.2010   -0.2554
...    30 C-G ...
  -58.8751  -41.9242   35.4624
    0.3701   -0.6164   -0.6951
   -0.0705   -0.7647    0.6406
   -0.9263   -0.1880   -0.3265
...    31 C-G ...
  -61.7681  -42.6950   33.8525
    0.3150   -0.9281   -0.1986
   -0.3324   -0.3039    0.8928
   -0.8890   -0.2152   -0.4043
...    32 G-C ...
  -64.8366  -43.7177   32.8562
    0.0906   -0.9207    0.3797
   -0.5109    0.2843    0.8113
   -0.8549   -0.2675   -0.4446
...    33 G-C ...
  -67.5938  -44.8135   31.1875
   -0.1948   -0.5845    0.7876
   -0.4817    0.7565    0.4423
   -0.8544   -0.2932   -0.4289
...    34 C-G ...
  -70.2773  -46.0851   29.6035
   -0.4239   -0.0460    0.9046
   -0.2708    0.9595   -0.0781
   -0.8643   -0.2781   -0.4191
...    35 C-G ...
  -73.1101  -47.2784   28.1436
   -0.4413    0.5193    0.7318
    0.0367    0.8253   -0.5636
   -0.8966   -0.2218   -0.3832
...    36 C-G ...
  -76.1312  -48.2823   26.9639
   -0.2554    0.9061    0.3371
    0.2952    0.4051   -0.8653
   -0.9207   -0.1215   -0.3710
...    37 G-C ...
  -79.0806  -48.6126   25.3557
    0.1029    0.9853   -0.1364
    0.3935   -0.1662   -0.9042
   -0.9136    0.0394   -0.4048
...    38 A-T ...
  -82.0599  -48.3793   24.0576
    0.3870    0.6993   -0.6010
    0.2466   -0.7065   -0.6633
   -0.8885    0.1084   -0.4459
...    39 C-G ...
  -84.9407  -47.3961   22.8471
    0.5146    0.2212   -0.8284
   -0.0187   -0.9630   -0.2688
   -0.8573    0.1538   -0.4914
...    40 A-T ...
  -87.6610  -46.9178   20.9410
    0.5142   -0.3797   -0.7691
   -0.3671   -0.9078    0.2028
   -0.7752    0.1781   -0.6061
...    41 C-G ...
  -89.7836  -45.8720   18.5980
    0.2561   -0.8086   -0.5297
   -0.6146   -0.5591    0.5564
   -0.7461    0.1831   -0.6402
...    42 G-C ...
  -92.4710  -45.7010   16.5503
   -0.1111   -0.9911   -0.0727
   -0.7050    0.0270    0.7087
   -0.7005    0.1300   -0.7018
...    43 A-T ...
  -94.7012  -45.3257   14.1191
   -0.5335   -0.7633    0.3644
   -0.4935    0.6308    0.5988
   -0.6869    0.1396   -0.7132
...    44 C-G ...
  -96.7461  -45.3663   11.4363
   -0.7234   -0.2936    0.6249
   -0.1176    0.9443    0.3075
   -0.6803    0.1490   -0.7176
...    45 T-A ...
  -99.0604  -45.1514    9.0273
   -0.6469    0.2703    0.7131
    0.3103    0.9475   -0.0776
   -0.6966    0.1710   -0.6968
...    46 T-A ...
 -101.3816  -44.8278    6.7677
   -0.3460    0.7748    0.5291
    0.6499    0.6047   -0.4605
   -0.6767    0.1845   -0.7127
...    47 A-T ...
 -103.5286  -44.1089    4.2921
    0.1766    0.9615    0.2106
    0.7284    0.0162   -0.6849
   -0.6620    0.2744   -0.6975
...    48 C-G ...
 -106.0447  -43.0220    2.4848
    0.5743    0.8070   -0.1378
    0.5202   -0.4897   -0.6997
   -0.6322    0.3301   -0.7010
...    49 T-A ...
 -108.0896  -41.5688    0.3286
    0.8228    0.3866   -0.4166
    0.1115   -0.8285   -0.5488
   -0.5573    0.4051   -0.7248
...    50 G-C ...
 -109.6338  -40.2476   -2.3509
    0.8014   -0.2095   -0.5602
   -0.4109   -0.8735   -0.2612
   -0.4346    0.4395   -0.7861
...    51 T-A ...
 -110.5340  -38.3672   -4.9259
    0.4709   -0.6574   -0.5883
   -0.7884   -0.6128    0.0538
   -0.3959    0.4385   -0.8068
...    52 A-T ...
 -112.1977  -37.0772   -7.5919
   -0.1628   -0.8844   -0.4374
   -0.9146   -0.0310    0.4031
   -0.3701    0.4657   -0.8038
...    53 G-C ...
 -113.1489  -35.6277  -10.4597
   -0.6348   -0.7619   -0.1288
   -0.6799    0.4715    0.5617
   -0.3672    0.4441   -0.8173
...    54 G-C ...
 -114.2798  -34.3169  -13.3878
   -0.8945   -0.3745    0.2443
   -0.2005    0.8244    0.5294
   -0.3996    0.4245   -0.8125
...    55 T-A ...
 -115.5900  -33.4610  -16.3698
   -0.8585    0.1324    0.4953
    0.3250    0.8878    0.3260
   -0.3966    0.4408   -0.8052
...    56 A-T ...
 -116.5273  -31.6450  -19.0848
   -0.4461    0.6774    0.5849
    0.8167    0.5754   -0.0434
   -0.3660    0.4583   -0.8099
...    57 T-A ...
 -118.2945  -30.4142  -21.5737
    0.0429    0.8699    0.4913
    0.9342    0.1395   -0.3285
   -0.3543    0.4731   -0.8067
...    58 C-G ...
 -119.4941  -28.8297  -24.1858
    0.6116    0.7493    0.2537
    0.7255   -0.4034   -0.5576
   -0.3155    0.5251   -0.7904
...    59 T-A ...
 -120.5529  -26.7914  -26.5734
    0.9317    0.3632   -0.0075
    0.2764   -0.7224   -0.6339
   -0.2356    0.5885   -0.7734
...    60 C-G ...
 -121.1209  -24.7554  -29.0740
    0.9264   -0.1686   -0.3368
   -0.3358   -0.7748   -0.5357
   -0.1706    0.6093   -0.7744
...    61 G-C ...
 -121.4943  -23.0665  -31.9900
    0.5808   -0.6442   -0.4976
   -0.8131   -0.4876   -0.3179
   -0.0378    0.5893   -0.8070
...    62 A-T ...
 -121.4228  -21.1981  -34.7237
   -0.0334   -0.8132   -0.5810
   -0.9994    0.0253    0.0220
   -0.0032    0.5815   -0.8136
...    63 G-C ...
 -121.1173  -19.3851  -37.5275
   -0.5826   -0.6746   -0.4534
   -0.8128    0.4854    0.3222
    0.0027    0.5562   -0.8311
...    64 C-G ...
 -120.8902  -17.8143  -40.4949
   -0.9421   -0.2827   -0.1803
   -0.3353    0.7871    0.5177
   -0.0044    0.5482   -0.8363
...    65 T-A ...
 -120.9350  -16.2407  -43.4567
   -0.9690    0.1896    0.1586
    0.2457    0.8098    0.5328
   -0.0274    0.5552   -0.8312
...    66 C-G ...
 -120.9834  -14.4852  -46.2687
   -0.6167    0.6334    0.4674
    0.7869    0.5127    0.3434
   -0.0221    0.5796   -0.8146
...    67 G-C ...
 -120.6107  -12.4343  -48.9447
   -0.0515    0.7329    0.6784
    0.9986    0.0460    0.0261
   -0.0121    0.6788   -0.7342
...    68 G-C ...
 -120.8924  -10.0871  -51.3584
    0.5065    0.5555    0.6595
    0.8612   -0.3637   -0.3550
    0.0426    0.7478   -0.6626
...    69 G-C ...
 -120.8383   -7.3498  -53.3275
    0.8844    0.1739    0.4330
    0.4461   -0.5877   -0.6750
    0.1371    0.7902   -0.5974
...    70 A-T ...
 -120.2493   -4.7041  -55.1685
    0.9666   -0.2559   -0.0133
   -0.1572   -0.5510   -0.8196
    0.2024    0.7943   -0.5728
...    71 T-A ...
 -119.2693   -1.8543  -56.4752
    0.7471   -0.5136   -0.4219
   -0.6255   -0.3285   -0.7077
    0.2249    0.7927   -0.5667
...    72 C-G ...
 -118.2919    0.6395  -58.3898
    0.2182   -0.6215   -0.7524
   -0.9388    0.0770   -0.3359
    0.2667    0.7796   -0.5666
...    73 C-G ...
 -117.0935    3.0073  -60.5151
   -0.3633   -0.5013   -0.7853
   -0.8834    0.4531    0.1195
    0.2959    0.7371   -0.6075
...    74 G-C ...
 -116.5131    5.6799  -62.5075
   -0.8275   -0.1695   -0.5353
   -0.4898    0.6839    0.5407
    0.2745    0.7096   -0.6489
...    75 C-G ...
 -115.4785    7.7774  -64.9223
   -0.9636    0.2375   -0.1229
    0.0651    0.6542    0.7536
    0.2594    0.7181   -0.6458
...    76 T-A ...
 -114.7518   10.0285  -67.2903
   -0.7783    0.5295    0.3376
    0.5824    0.4077    0.7033
    0.2347    0.7439   -0.6256
...    77 T-A ...
 -114.1207   12.3475  -69.4838
   -0.2912    0.6665    0.6863
    0.9219    0.0038    0.3875
    0.2556    0.7455   -0.6156
...    78 T-A ...
 -113.4768   14.7904  -71.5169
    0.2868    0.5233    0.8025
    0.9180   -0.3896   -0.0740
    0.2739    0.7579   -0.5921
...    79 A-T ...
 -112.4605   17.3962  -73.3595
    0.7295    0.0970    0.6770
    0.5865   -0.5979   -0.5464
    0.3518    0.7957   -0.4930
...    80 A-T ...
 -111.3098   20.0830  -74.7465
    0.9187   -0.2954    0.2623
    0.0716   -0.5285   -0.8459
    0.3885    0.7959   -0.4644
...    81 C-G ...
 -109.8261   22.8994  -75.6479
    0.7989   -0.5638   -0.2095
   -0.4141   -0.2628   -0.8715
    0.4363    0.7829   -0.4435
...    82 A-T ...
 -108.3131   25.3572  -77.3587
    0.3663   -0.6720   -0.6436
   -0.7736    0.1643   -0.6120
    0.5170    0.7221   -0.4597
...    83 C-G ...
 -106.0230   27.4476  -78.6482
   -0.1149   -0.4764   -0.8717
   -0.8352    0.5214   -0.1749
    0.5379    0.7079   -0.4577
...    84 T-A ...
 -103.9944   29.5474  -80.2970
   -0.5686   -0.1152   -0.8145
   -0.6155    0.7165    0.3283
    0.5458    0.6880   -0.4783
...    85 T-A ...
 -102.0023   31.5579  -81.9431
   -0.7912    0.3784   -0.4804
   -0.1626    0.6271    0.7618
    0.5895    0.6809   -0.4346
...    86 T-A ...
 -100.0076   33.5787  -83.5632
   -0.7074    0.7048    0.0536
    0.3253    0.2573    0.9099
    0.6275    0.6611   -0.4113
...    87 A-T ...
  -97.5752   35.7232  -84.5919
   -0.3308    0.6989    0.6342
    0.6878   -0.2816    0.6691
    0.6462    0.6575   -0.3875
...    88 T-A ...
  -95.9785   38.1419  -86.1520
    0.0616    0.4412    0.8953
    0.7538   -0.6085    0.2481
    0.6542    0.6596   -0.3700
...    89 G-C ...
  -93.5999   40.2878  -87.1933
    0.3936   -0.0811    0.9157
    0.5968   -0.7350   -0.3217
    0.6992    0.6731   -0.2409
...    90 C-G ...
  -91.4621   42.7912  -87.6039
    0.6078   -0.5209    0.5994
    0.2960   -0.5518   -0.7797
    0.7369    0.6513   -0.1812
...    91 T-A ...
  -88.9376   44.9404  -87.8042
    0.6090   -0.7878    0.0921
   -0.0413   -0.1475   -0.9882
    0.7921    0.5980   -0.1224
...    92 T-A ...
  -86.2909   46.8186  -87.9564
    0.4689   -0.7255   -0.5037
   -0.3725    0.3546   -0.8576
    0.8008    0.5898   -0.1040
...    93 C-G ...
  -83.5153   48.5698  -88.3496
    0.1418   -0.3612   -0.9216
   -0.5531    0.7433   -0.3764
    0.8210    0.5631   -0.0943
...    94 C-G ...
  -80.5764   50.1996  -88.8941
   -0.2296    0.1123   -0.9668
   -0.5011    0.8379    0.2164
    0.8344    0.5341   -0.1361
...    95 G-C ...
  -77.9969   52.3879  -89.1720
   -0.5189    0.5674   -0.6393
   -0.2538    0.6119    0.7491
    0.8163    0.5510   -0.1735
...    96 G-C ...
  -75.1520   54.1052  -89.9192
   -0.6126    0.7858   -0.0850
    0.0784    0.1675    0.9828
    0.7865    0.5953   -0.1642
...    97 C-G ...
  -72.5644   56.0249  -90.8530
   -0.4932    0.7179    0.4912
    0.3933   -0.3197    0.8621
    0.7759    0.6184   -0.1247
...    98 T-A ...
  -70.1563   58.2665  -91.3975
   -0.2583    0.3789    0.8886
    0.5936   -0.6635    0.4555
    0.7622    0.6452   -0.0535
...    99 C-G ...
  -67.6863   60.4255  -91.5691
    0.0929   -0.1350    0.9865
    0.6307   -0.7586   -0.1632
    0.7704    0.6374    0.0147
...   100 G-C ...
  -64.8557   62.2754  -91.4203
    0.3011   -0.6348    0.7116
    0.5065   -0.5258   -0.6834
    0.8080    0.5662    0.1632
...   101 T-A ...
  -62.4478   64.1986  -90.2719
    0.4783   -0.8476    0.2298
    0.2902   -0.0944   -0.9523
    0.8288    0.5222    0.2008
...   102 A-T ...
  -59.5278   65.7925  -89.7577
    0.5062   -0.7553   -0.4163
   -0.0196    0.4725   -0.8811
    0.8622    0.4542    0.2244
...   103 T-A ...
  -56.6239   66.7809  -88.5209
    0.4325   -0.3924   -0.8118
   -0.2677    0.8038   -0.5312
    0.8610    0.4471    0.2426
...   104 T-A ...
  -53.7162   67.9513  -87.5926
    0.2354    0.1901   -0.9531
   -0.4706    0.8803    0.0594
    0.8504    0.4345    0.2967
...   105 C-G ...
  -50.8222   69.3074  -86.6902
   -0.0865    0.7015   -0.7074
   -0.5147    0.5765    0.6346
    0.8530    0.4190    0.3112
...   106 A-T ...
  -48.1604   70.7764  -85.3048
   -0.4137    0.8912   -0.1860
   -0.3640    0.0254    0.9311
    0.8345    0.4529    0.3139
...   107 T-A ...
  -45.2598   72.3429  -84.9196
   -0.5296    0.7798    0.3339
   -0.1122   -0.4546    0.8836
    0.8408    0.4305    0.3282
...   108 G-C ...
  -42.4684   73.6615  -83.6088
   -0.5857    0.3217    0.7440
    0.2077   -0.8277    0.5214
    0.7835    0.4599    0.4179
...   109 T-A ...
  -40.1657   75.6915  -82.3961
   -0.4348   -0.1919    0.8798
    0.4781   -0.8772    0.0449
    0.7631    0.4402    0.4731
...   110 T-A ...
  -37.8252   77.2198  -80.7797
   -0.1346   -0.6810    0.7198
    0.6466   -0.6108   -0.4570
    0.7509    0.4039    0.5225
...   111 A-T ...
  -35.4200   78.3698  -78.7621
    0.1365   -0.9597    0.2456
    0.6553   -0.0985   -0.7489
    0.7429    0.2632    0.6155
...   112 T-A ...
  -33.4315   79.0397  -76.2466
    0.4333   -0.8821   -0.1848
    0.5114    0.4095   -0.7555
    0.7421    0.2329    0.6285
...   113 A-T ...
  -30.7504   79.8509  -74.3646
    0.6449   -0.4348   -0.6285
    0.1638    0.8819   -0.4420
    0.7465    0.1821    0.6400
...   114 A-T ...
  -28.3079   80.1195  -72.2131
    0.6526    0.1812   -0.7357
   -0.2437    0.9696    0.0227
    0.7175    0.1644    0.6769
...   115 C-G ...
  -25.6339   80.0846  -70.1468
    0.4271    0.6838   -0.5917
   -0.5528    0.7153    0.4275
    0.7155    0.1445    0.6835
...   116 G-C ...
  -23.5858   80.7999  -67.5604
   -0.0090    0.9687   -0.2480
   -0.7019    0.1706    0.6916
    0.7122    0.1803    0.6784
...   117 G-C ...
  -20.9974   81.2630  -65.4005
   -0.4429    0.8843    0.1479
   -0.5939   -0.4129    0.6905
    0.6717    0.2180    0.7080
...   118 A-T ...
  -18.6646   81.8743  -63.1618
   -0.7352    0.4548    0.5026
   -0.2344   -0.8663    0.4410
    0.6360    0.2064    0.7436
...   119 A-T ...
  -16.6182   82.7251  -60.8022
   -0.7620   -0.1275    0.6349
    0.2171   -0.9740    0.0650
    0.6101    0.1874    0.7699
...   120 A-T ...
  -14.7901   83.4524  -58.2454
   -0.5469   -0.6638    0.5101
    0.6130   -0.7325   -0.2961
    0.5702    0.1508    0.8075
...   121 T-A ...
  -13.4874   84.2202  -55.3612
   -0.1944   -0.9475    0.2538
    0.8135   -0.3003   -0.4981
    0.5482    0.1096    0.8291
...   122 G-C ...
  -11.5875   84.1500  -52.5883
    0.2266   -0.9559   -0.1868
    0.8210    0.2906   -0.4915
    0.5241   -0.0420    0.8506
...   123 T-A ...
  -10.3081   83.5134  -49.6097
    0.6121   -0.6528   -0.4464
    0.5951    0.7520   -0.2837
    0.5208   -0.0920    0.8487
...   124 G-C ...
   -8.2276   83.2992  -46.9936
    0.8219   -0.0664   -0.5657
    0.1457    0.9846    0.0962
    0.5506   -0.1615    0.8190
...   125 T-A ...
   -6.3189   82.1328  -44.4711
    0.7769    0.4806   -0.4068
   -0.3212    0.8582    0.4004
    0.5415   -0.1804    0.8211
...   126 C-G ...
   -4.4545   81.4408  -41.8060
    0.4272    0.9029   -0.0481
   -0.7376    0.3788    0.5590
    0.5229   -0.2033    0.8278
...   127 G-C ...
   -3.1989   80.6700  -38.7604
   -0.1191    0.9619    0.2460
   -0.8645   -0.2223    0.4508
    0.4883   -0.1590    0.8581
...   128 A-T ...
   -1.4839   79.9898  -36.0253
   -0.6289    0.6382    0.4441
   -0.6362   -0.7507    0.1778
    0.4469   -0.1707    0.8781
...   129 C-G ...
    0.2476   79.9440  -33.2146
   -0.8922    0.1513    0.4255
   -0.2122   -0.9722   -0.0992
    0.3987   -0.1788    0.8995
...   130 C-G ...
    1.5844   79.6438  -30.1246
   -0.9123   -0.3692    0.1773
    0.3032   -0.8998   -0.3137
    0.2754   -0.2324    0.9328
...   131 A-T ...
    2.3684   78.7193  -26.9837
   -0.6271   -0.7565   -0.1854
    0.7673   -0.5591   -0.3141
    0.1340   -0.3392    0.9311
...   132 A-T ...
    2.5383   77.5589  -23.9797
   -0.0950   -0.9176   -0.3860
    0.9913   -0.0518   -0.1207
    0.0907   -0.3941    0.9146
...   133 A-T ...
    2.5897   76.1091  -21.0857
    0.4855   -0.7736   -0.4073
    0.8717    0.4640    0.1578
    0.0669   -0.4316    0.8996
...   134 T-A ...
    2.3094   74.2287  -18.3853
    0.8657   -0.4292   -0.2574
    0.4984    0.7868    0.3642
    0.0462   -0.4436    0.8950
...   135 G-C ...
    1.4370   72.0948  -15.6002
    0.9809    0.0621    0.1844
   -0.1263    0.9241    0.3606
   -0.1480   -0.3770    0.9143
...   136 T-A ...
    0.5300   69.2373  -13.4651
    0.7353    0.4962    0.4617
   -0.6117    0.7791    0.1369
   -0.2918   -0.3831    0.8764
...   137 G-C ...
   -0.1630   67.4089  -10.8054
    0.1799    0.8794    0.4409
   -0.9276    0.3008   -0.2216
   -0.3275   -0.3691    0.8698
...   138 A-T ...
   -0.1294   66.2154   -7.8180
   -0.3749    0.8569    0.3537
   -0.8857   -0.2184   -0.4097
   -0.2739   -0.4669    0.8408
...   139 G-C ...
   -1.0031   65.6050   -4.9383
   -0.8337    0.5216    0.1812
   -0.5170   -0.6221   -0.5880
   -0.1940   -0.5840    0.7883
...   140 C-G ...
   -0.6940   63.8984   -2.2496
   -0.9992    0.0157   -0.0376
    0.0023   -0.8992   -0.4375
   -0.0406   -0.4373    0.8984
...   141 G-C ...
   -3.4331   60.2357    1.0303
   -0.4426    0.2288   -0.8671
    0.1684   -0.9285   -0.3310
   -0.8808   -0.2925    0.3724
...   142 C-G ...
   -6.3247   59.0804    1.6315
   -0.2968   -0.3279   -0.8969
    0.5658   -0.8170    0.1115
   -0.7693   -0.4743    0.4280
...   143 T-A ...
   -8.6731   58.7216    3.6048
   -0.0344   -0.7815   -0.6229
    0.6534   -0.4892    0.5777
   -0.7562   -0.3872    0.5275
...   144 C-G ...
  -11.6514   58.0074    4.7220
    0.2453   -0.9542   -0.1714
    0.6321    0.0234    0.7745
   -0.7350   -0.2984    0.6089
...   145 A-T ...
  -14.1725   56.5626    6.1820
    0.5795   -0.7268    0.3686
    0.3140    0.6165    0.7220
   -0.7520   -0.3027    0.5855
...   146 C-G ...
  -16.4614   53.8913    7.5170
    0.5336   -0.3333    0.7773
   -0.0346    0.9097    0.4138
   -0.8450   -0.2477    0.4739
...   147 A-T ...
  -19.0125   52.0327    8.9269
    0.2451    0.2906    0.9249
   -0.3073    0.9281   -0.2101
   -0.9195   -0.2327    0.3168
