  147 base-pairs
...     1 A-T ...
    0.0000    0.0000    0.0000
    1.0000    0.0000    0.0000
    0.0000    1.0000    0.0000
    0.0000    0.0000    1.0000
...     2 G-C ...
   -0.1404   -1.2353    3.2259
    0.7530    0.6366    0.1668
   -0.6385    0.7681   -0.0490
   -0.1593   -0.0696    0.9848
...     3 T-A ...
   -0.0377   -3.2918    6.3749
    0.2722    0.9302    0.2464
   -0.9238    0.3243   -0.2034
   -0.2691   -0.1722    0.9476
...     4 G-C ...
   -0.3520   -4.1638    9.4928
   -0.3756    0.9250    0.0576
   -0.8780   -0.3352   -0.3416
   -0.2967   -0.1788    0.9381
...     5 A-T ...
   -0.4480   -4.1448   12.7498
   -0.8116    0.5839   -0.0166
   -0.5522   -0.7762   -0.3042
   -0.1905   -0.2377    0.9525
...     6 G-C ...
   -1.5926   -4.1701   15.6201
   -0.9976    0.0246   -0.0651
   -0.0043   -0.9555   -0.2950
   -0.0694   -0.2940    0.9533
...     7 C-G ...
   -1.1050   -4.4793   18.7363
   -0.8442   -0.5302   -0.0787
    0.5343   -0.8442   -0.0430
   -0.0437   -0.0784    0.9960
...     8 G-C ...
   -2.4044   -7.7255   23.1483
   -0.2753   -0.3294   -0.9032
    0.6650   -0.7437    0.0686
   -0.6943   -0.5817    0.4238
...     9 C-G ...
   -4.4706   -9.9691   24.1142
    0.1145   -0.7026   -0.7023
    0.8512   -0.2951    0.4341
   -0.5123   -0.6475    0.5642
...    10 T-A ...
   -6.7420  -10.8705   25.9717
    0.4841   -0.8363   -0.2573
    0.6594    0.1554    0.7356
   -0.5752   -0.5257    0.6267
...    11 C-G ...
   -9.1682  -12.6167   27.1662
    0.7073   -0.6683    0.2306
    0.3450    0.6110    0.7125
   -0.6170   -0.4243    0.6627
...    12 A-T ...
  -10.9253  -14.6583   29.0713
    0.7515   -0.1377    0.6452
   -0.2027    0.8824    0.4245
   -0.6278   -0.4498    0.6352
...    13 C-G ...
  -11.8495  -17.4796   31.2472
    0.4294    0.2824    0.8578
   -0.5708    0.8209    0.0155
   -0.6998   -0.4963    0.5137
...    14 A-T ...
  -13.5915  -19.7756   33.4284
   -0.1503    0.6106    0.7775
   -0.6874    0.5007   -0.5261
   -0.7106   -0.6135    0.3445
...    15 A-T ...
  -15.7112  -21.9064   34.6827
   -0.5352    0.7748    0.3364
   -0.4458    0.0792   -0.8916
   -0.7175   -0.6272    0.3030
...    16 T-A ...
  -17.8303  -23.8523   36.2680
   -0.6732    0.7206   -0.1663
   -0.1011   -0.3124   -0.9446
   -0.7326   -0.6190    0.2831
...    17 T-A ...
  -20.2289  -25.7386   37.3190
   -0.5689    0.4602   -0.6815
    0.2976   -0.6573   -0.6923
   -0.7666   -0.5967    0.2370
...    18 T-A ...
  -22.8203  -27.4904   38.0829
   -0.2499    0.0646   -0.9661
    0.5514   -0.8107   -0.1968
   -0.7959   -0.5819    0.1670
...    19 A-T ...
  -25.6943  -29.1852   38.2168
    0.2350   -0.2688   -0.9341
    0.5406   -0.7625    0.3554
   -0.8078   -0.5885   -0.0339
...    20 T-A ...
  -28.5690  -30.6356   37.6340
    0.4953   -0.6006   -0.6277
    0.3283   -0.5395    0.7753
   -0.8043   -0.5901   -0.0700
...    21 T-A ...
  -31.1991  -32.4619   37.0915
    0.5842   -0.8086   -0.0702
   -0.0390   -0.1143    0.9927
   -0.8107   -0.5772   -0.0983
...    22 C-G ...
  -33.7148  -34.5446   36.6353
    0.4344   -0.7227    0.5375
   -0.4102    0.3725    0.8324
   -0.8019   -0.5821   -0.1346
...    23 G-C ...
  -36.5656  -36.3217   36.5811
    0.1338   -0.3535    0.9258
   -0.6133    0.7043    0.3576
   -0.7785   -0.6156   -0.1226
...    24 C-G ...
  -38.9316  -38.6469   36.0784
   -0.2288    0.1084    0.9674
   -0.5725    0.7888   -0.2238
   -0.7874   -0.6050   -0.1184
...    25 A-T ...
  -41.6666  -40.4196   35.3965
   -0.4741    0.5902    0.6534
   -0.3077    0.5842   -0.7510
   -0.8250   -0.5571   -0.0953
...    26 A-T ...
  -44.2789  -42.3448   35.2724
   -0.5608    0.8213    0.1050
    0.0452    0.1569   -0.9866
   -0.8267   -0.5485   -0.1251
...    27 A-T ...
  -47.0037  -44.0691   35.0482
   -0.4006    0.7908   -0.4627
    0.3625   -0.3270   -0.8727
   -0.8415   -0.5174   -0.1557
...    28 G-C ...
  -49.9385  -45.5044   34.6421
   -0.0522    0.5637   -0.8243
    0.5109   -0.6941   -0.5071
   -0.8580   -0.4476   -0.2518
...    29 G-C ...
  -52.9636  -46.5474   33.6052
    0.3400    0.1636   -0.9261
    0.4169   -0.9089   -0.0075
   -0.8430   -0.3836   -0.3772
...    30 C-G ...
  -55.7364  -47.3174   31.9880
    0.5661   -0.3284   -0.7561
    0.1244   -0.8727    0.4721
   -0.8149   -0.3613   -0.4532
...    31 C-G ...
  -58.1677  -48.4780   29.9348
    0.6009   -0.7250   -0.3366
   -0.2679   -0.5794    0.7698
   -0.7531   -0.3723   -0.5424
...    32 G-C ...
  -60.5946  -50.1876   28.3240
    0.3780   -0.9040    0.1999
   -0.6288   -0.0921    0.7721
   -0.6796   -0.4176   -0.6032
...    33 G-C ...
  -62.6114  -51.8196   26.1230
   -0.0236   -0.7848    0.6193
   -0.7560    0.4194    0.5026
   -0.6541   -0.4563   -0.6032
...    34 C-G ...
  -64.5192  -53.5756   23.9817
   -0.4461   -0.4062    0.7975
   -0.6078    0.7916    0.0632
   -0.6570   -0.4565   -0.6000
...    35 C-G ...
  -66.5819  -55.3275   21.9227
   -0.6770    0.1336    0.7238
   -0.2390    0.8902   -0.3879
   -0.6961   -0.4356   -0.5707
...    36 C-G ...
  -68.8265  -57.0579   20.0487
   -0.6370    0.6378    0.4330
    0.1957    0.6771   -0.7094
   -0.7456   -0.3671   -0.5562
...    37 G-C ...
  -71.1097  -58.1351   17.8119
   -0.3068    0.9507    0.0458
    0.5381    0.2130   -0.8155
   -0.7850   -0.2255   -0.5770
...    38 A-T ...
  -73.6965  -58.8619   15.9709
    0.1238    0.9134   -0.3877
    0.6167   -0.3769   -0.6911
   -0.7774   -0.1535   -0.6100
...    39 C-G ...
  -76.5139  -58.8857   14.3190
    0.4778    0.5966   -0.6449
    0.4475   -0.7970   -0.4057
   -0.7560   -0.0947   -0.6477
...    40 A-T ...
  -78.8776  -59.0917   11.9473
    0.7477    0.0650   -0.6609
    0.0598   -0.9977   -0.0305
   -0.6613   -0.0167   -0.7499
...    41 C-G ...
  -80.8060  -58.4920    9.3313
    0.6931   -0.4669   -0.5492
   -0.3672   -0.8843    0.2883
   -0.6203    0.0019   -0.7844
...    42 G-C ...
  -82.7586  -58.9906    6.6232
    0.4053   -0.8861   -0.2249
   -0.7500   -0.4630    0.4724
   -0.5227   -0.0228   -0.8522
...    43 A-T ...
  -84.3280  -59.1238    3.7082
   -0.1387   -0.9854    0.0988
   -0.8542    0.1696    0.4916
   -0.5012   -0.0162   -0.8652
...    44 C-G ...
  -85.4659  -59.4644    0.5523
   -0.5858   -0.7364    0.3385
   -0.6448    0.6765    0.3558
   -0.4910   -0.0098   -0.8711
...    45 T-A ...
  -86.9827  -59.7837   -2.4136
   -0.8346   -0.2440    0.4939
   -0.2149    0.9697    0.1160
   -0.5073   -0.0093   -0.8617
...    46 T-A ...
  -88.5344  -60.0792   -5.2681
   -0.8152    0.3724    0.4436
    0.3320    0.9280   -0.1689
   -0.4746    0.0096   -0.8802
...    47 A-T ...
  -89.9165  -59.8449   -8.3258
   -0.4125    0.8636    0.2898
    0.7735    0.5001   -0.3894
   -0.4813    0.0636   -0.8743
...    48 C-G ...
  -91.9909  -59.7647  -10.8768
    0.0834    0.9924    0.0907
    0.8751   -0.0294   -0.4831
   -0.4767    0.1197   -0.8709
...    49 T-A ...
  -93.7563  -59.1007  -13.5915
    0.5800    0.8099   -0.0880
    0.6871   -0.5443   -0.4813
   -0.4377    0.2187   -0.8721
...    50 G-C ...
  -94.8986  -58.1861  -16.6162
    0.9202    0.3257   -0.2169
    0.2217   -0.8906   -0.3971
   -0.3225    0.3173   -0.8918
...    51 T-A ...
  -95.7584  -56.5286  -19.3299
    0.9125   -0.2075   -0.3526
   -0.3055   -0.9188   -0.2501
   -0.2721    0.3359   -0.9017
...    52 A-T ...
  -96.6321  -55.6204  -22.4493
    0.5355   -0.7391   -0.4087
   -0.8147   -0.5796   -0.0192
   -0.2227    0.3432   -0.9125
...    53 G-C ...
  -97.0026  -54.4154  -25.5453
    0.0096   -0.9448   -0.3275
   -0.9817   -0.0712    0.1765
   -0.1901    0.3198   -0.9282
...    54 G-C ...
  -97.3733  -53.5206  -28.8053
   -0.5396   -0.8310   -0.1351
   -0.8204    0.4829    0.3062
   -0.1893    0.2760   -0.9423
...    55 T-A ...
  -97.5661  -53.0231  -32.1329
   -0.8996   -0.4339    0.0489
   -0.3936    0.8542    0.3397
   -0.1892    0.2863   -0.9393
...    56 A-T ...
  -98.0529  -51.4667  -35.1373
   -0.9422    0.2532    0.2196
    0.3070    0.9148    0.2625
   -0.1345    0.3147   -0.9396
...    57 T-A ...
  -98.8214  -50.9980  -38.3152
   -0.6471    0.6899    0.3245
    0.7524    0.6466    0.1260
   -0.1229    0.3257   -0.9375
...    58 C-G ...
  -99.2593  -49.9689  -41.4101
   -0.0631    0.9195    0.3879
    0.9911    0.1034   -0.0839
   -0.1173    0.3792   -0.9179
...    59 T-A ...
  -99.9057  -48.5241  -44.3228
    0.4865    0.7920    0.3688
    0.8691   -0.3957   -0.2968
   -0.0891    0.4650   -0.8808
...    60 C-G ...
 -100.1455  -46.8498  -47.1231
    0.9095    0.3747    0.1801
    0.4137   -0.7731   -0.4809
   -0.0410    0.5119   -0.8581
...    61 G-C ...
  -99.8359  -45.2948  -50.1117
    0.9808   -0.1945   -0.0134
   -0.1678   -0.8073   -0.5658
    0.0992    0.5572   -0.8244
...    62 A-T ...
  -99.2759  -43.4347  -52.7800
    0.6794   -0.6555   -0.3298
   -0.7192   -0.5057   -0.4764
    0.1456    0.5608   -0.8150
...    63 G-C ...
  -98.4331  -41.5304  -55.3975
    0.1668   -0.8442   -0.5094
   -0.9687   -0.0440   -0.2443
    0.1838    0.5342   -0.8251
...    64 C-G ...
  -97.4095  -39.9277  -58.1673
   -0.4145   -0.7265   -0.5481
   -0.8886    0.4531    0.0714
    0.1965    0.5167   -0.8333
...    65 T-A ...
  -96.5531  -38.4542  -61.0549
   -0.8419   -0.3616   -0.4006
   -0.5067    0.7851    0.3561
    0.1857    0.5028   -0.8442
...    66 C-G ...
  -95.8559  -36.8530  -63.8753
   -0.9770    0.1919   -0.0932
    0.1119    0.8331    0.5416
    0.1816    0.5187   -0.8354
...    67 G-C ...
  -94.9889  -34.7856  -66.4174
   -0.7478    0.5798    0.3235
    0.6537    0.5574    0.5118
    0.1164    0.5942   -0.7958
...    68 G-C ...
  -94.7665  -32.8963  -69.2165
   -0.2704    0.7270    0.6311
    0.9579    0.1374    0.2521
    0.0966    0.6727   -0.7335
...    69 G-C ...
  -94.7170  -30.5580  -71.6489
    0.2866    0.6011    0.7460
    0.9506   -0.2755   -0.1432
    0.1195    0.7502   -0.6503
...    70 A-T ...
  -94.3354  -28.0168  -73.6729
    0.7816    0.2726    0.5610
    0.6031   -0.5598   -0.5683
    0.1592    0.7825   -0.6020
...    71 T-A ...
  -94.0260  -25.0854  -75.1047
    0.9754   -0.0688    0.2095
    0.1254   -0.6085   -0.7836
    0.1814    0.7906   -0.5848
...    72 C-G ...
  -93.1880  -22.4775  -76.9131
    0.8521   -0.4435   -0.2779
   -0.4702   -0.4156   -0.7786
    0.2298    0.7941   -0.5627
...    73 C-G ...
  -91.9348  -19.9064  -78.7415
    0.4272   -0.6443   -0.6343
   -0.8514   -0.0504   -0.5221
    0.3044    0.7631   -0.5701
...    74 G-C ...
  -91.2354  -17.4524  -80.9629
   -0.1690   -0.5910   -0.7888
   -0.9237    0.3742   -0.0824
    0.3439    0.7146   -0.6091
...    75 C-G ...
  -89.7629  -15.3000  -83.0817
   -0.6677   -0.2836   -0.6883
   -0.6628    0.6474    0.3763
    0.3389    0.7074   -0.6203
...    76 T-A ...
  -88.5386  -13.1625  -85.3518
   -0.9320    0.1010   -0.3481
   -0.1844    0.6947    0.6953
    0.3120    0.7122   -0.6289
...    77 T-A ...
  -87.4577  -11.0326  -87.5714
   -0.8556    0.5041    0.1175
    0.3922    0.4834    0.7826
    0.3377    0.7157   -0.6114
...    78 T-A ...
  -86.4598   -8.8071  -89.7196
   -0.4704    0.6833    0.5584
    0.8115    0.0864    0.5780
    0.3467    0.7250   -0.5951
...    79 A-T ...
  -85.2154   -6.3204  -91.5977
    0.0748    0.5226    0.8493
    0.9366   -0.3293    0.1201
    0.3424    0.7864   -0.5141
...    80 A-T ...
  -84.2595   -3.6530  -93.1616
    0.5840    0.2075    0.7848
    0.7291   -0.5591   -0.3947
    0.3568    0.8027   -0.4778
...    81 C-G ...
  -83.3895   -0.6606  -94.2494
    0.8641   -0.1600    0.4773
    0.3184   -0.5607   -0.7644
    0.3899    0.8124   -0.4335
...    82 A-T ...
  -81.8585    1.9191  -95.7597
    0.8447   -0.5351   -0.0143
   -0.2149   -0.3144   -0.9246
    0.4903    0.7841   -0.3806
...    83 C-G ...
  -79.8838    4.5339  -96.4220
    0.5869   -0.6317   -0.5065
   -0.6226    0.0477   -0.7811
    0.5176    0.7738   -0.3653
...    84 T-A ...
  -77.8297    6.9416  -97.5106
    0.1302   -0.5180   -0.8454
   -0.8237    0.4181   -0.3831
    0.5519    0.7462   -0.3722
...    85 T-A ...
  -75.7653    9.2339  -98.6009
   -0.3584   -0.1225   -0.9255
   -0.7444    0.6358    0.2041
    0.5634    0.7621   -0.3191
...    86 T-A ...
  -73.6910   11.5210  -99.6814
   -0.7046    0.3198   -0.6335
   -0.3949    0.5651    0.7244
    0.5896    0.7605   -0.2719
...    87 A-T ...
  -71.6567   14.2479 -100.0335
   -0.7717    0.6360   -0.0015
    0.1494    0.1836    0.9716
    0.6182    0.7495   -0.2367
...    88 T-A ...
  -69.8721   16.6554 -101.4202
   -0.5841    0.6353    0.5052
    0.5211   -0.1838    0.8335
    0.6223    0.7501   -0.2237
...    89 G-C ...
  -67.7131   19.1870 -101.9170
   -0.2467    0.3151    0.9164
    0.7717   -0.5081    0.3825
    0.5862    0.8016   -0.1178
...    90 C-G ...
  -66.1656   22.1008 -102.2880
    0.1808   -0.0750    0.9807
    0.7861   -0.5883   -0.1899
    0.5911    0.8052   -0.0474
...    91 T-A ...
  -64.3800   24.8943 -102.1248
    0.5241   -0.4512    0.7224
    0.5888   -0.4209   -0.6900
    0.6154    0.7870    0.0451
...    92 T-A ...
  -62.4496   27.4726 -101.7444
    0.7575   -0.6256    0.1868
    0.1884   -0.0645   -0.9800
    0.6251    0.7775    0.0690
...    93 T-A ...
  -60.3946   29.9450 -101.2471
    0.7313   -0.5350   -0.4230
   -0.2809    0.3288   -0.9016
    0.6215    0.7782    0.0902
...    94 C-G ...
  -58.1750   32.3798 -100.9549
    0.4095   -0.2220   -0.8849
   -0.6515    0.6078   -0.4540
    0.6386    0.7624    0.1043
...    95 A-T ...
  -56.2791   35.1262 -100.7278
   -0.0928    0.1653   -0.9819
   -0.7522    0.6344    0.1779
    0.6523    0.7551    0.0655
...    96 T-A ...
  -53.6529   37.1750 -100.7664
   -0.4548    0.5004   -0.7367
   -0.5984    0.4409    0.6689
    0.6596    0.7451    0.0989
...    97 G-C ...
  -51.6226   39.7709 -100.1797
   -0.7625    0.6171   -0.1941
   -0.2095    0.0484    0.9766
    0.6121    0.7854    0.0924
...    98 T-A ...
  -49.6065   42.4195 -100.4812
   -0.7737    0.5212    0.3603
    0.2237   -0.3073    0.9250
    0.5927    0.7962    0.1211
...    99 T-A ...
  -47.7558   45.0753 -100.2536
   -0.5162    0.2256    0.8263
    0.6230   -0.5631    0.5429
    0.5877    0.7950    0.1501
...   100 A-T ...
  -45.8274   47.7361  -99.5947
   -0.1235   -0.2481    0.9608
    0.8228   -0.5669   -0.0407
    0.5548    0.7855    0.2742
...   101 T-A ...
  -44.5938   50.5506  -98.4717
    0.2936   -0.5283    0.7967
    0.7776   -0.3527   -0.5204
    0.5560    0.7723    0.3073
...   102 A-T ...
  -42.5799   52.9783  -97.3296
    0.6455   -0.7046    0.2946
    0.4791    0.0733   -0.8747
    0.5947    0.7058    0.3849
...   103 A-T ...
  -40.6698   55.1384  -95.8303
    0.8052   -0.5275   -0.2709
    0.0261    0.4879   -0.8725
    0.5924    0.6955    0.4067
...   104 C-G ...
  -38.5201   56.9625  -94.0147
    0.6877   -0.1816   -0.7029
   -0.3976    0.7158   -0.5740
    0.6074    0.6742    0.4201
...   105 G-C ...
  -36.6006   59.5438  -92.9427
    0.2933    0.2509   -0.9225
   -0.6978    0.7157   -0.0272
    0.6535    0.6517    0.3850
...   106 G-C ...
  -34.1855   61.6089  -91.7216
   -0.1842    0.5918   -0.7848
   -0.7364    0.4458    0.5090
    0.6510    0.6716    0.3536
...   107 A-T ...
  -31.9259   63.7201  -90.5275
   -0.5988    0.7392   -0.3081
   -0.4836   -0.0271    0.8749
    0.6384    0.6729    0.3737
...   108 C-G ...
  -29.6198   66.0415  -89.8544
   -0.7801    0.5905    0.2070
   -0.0913   -0.4347    0.8959
    0.6190    0.6800    0.3930
...   109 C-G ...
  -27.5007   68.4703  -88.7778
   -0.7620    0.1763    0.6231
    0.3497   -0.6979    0.6251
    0.5450    0.6942    0.4701
...   110 G-C ...
  -25.5219   70.5455  -86.9795
   -0.5176   -0.3555    0.7783
    0.7212   -0.6707    0.1733
    0.4604    0.6510    0.6035
...   111 G-C ...
  -24.3132   72.7978  -84.7827
   -0.0960   -0.7409    0.6648
    0.9016   -0.3477   -0.2573
    0.4218    0.5746    0.7013
...   112 C-G ...
  -23.3650   74.5649  -82.1502
    0.3855   -0.8474    0.3650
    0.8232    0.1372   -0.5510
    0.4168    0.5129    0.7505
...   113 T-A ...
  -22.1251   75.9407  -79.3971
    0.7397   -0.6715   -0.0436
    0.5119    0.6036   -0.6112
    0.4368    0.4298    0.7902
...   114 C-G ...
  -20.5250   77.1262  -76.7699
    0.8944   -0.1750   -0.4116
   -0.0190    0.9045   -0.4260
    0.4468    0.3888    0.8057
...   115 G-C ...
  -18.8689   78.8185  -74.3398
    0.6918    0.3784   -0.6151
   -0.5126    0.8572   -0.0491
    0.5087    0.3492    0.7870
...   116 T-A ...
  -16.7363   79.5135  -71.8118
    0.3025    0.7928   -0.5291
   -0.8095    0.5068    0.2965
    0.5032    0.3386    0.7951
...   117 A-T ...
  -15.7269   80.5729  -68.6605
   -0.2929    0.9517   -0.0921
   -0.8221   -0.2015    0.5325
    0.4882    0.2317    0.8414
...   118 T-A ...
  -13.6358   81.5767  -66.2841
   -0.6737    0.7066    0.2165
   -0.5554   -0.6774    0.4824
    0.4875    0.2048    0.8488
...   119 A-T ...
  -12.0460   81.9061  -63.3122
   -0.8923    0.1065    0.4386
   -0.0117   -0.9769    0.2133
    0.4512    0.1852    0.8730
...   120 A-T ...
  -10.6571   82.6666  -60.4863
   -0.7519   -0.4859    0.4456
    0.5048   -0.8590   -0.0850
    0.4241    0.1610    0.8912
...   121 T-A ...
   -9.7755   83.6009  -57.4804
   -0.4053   -0.8623    0.3038
    0.8209   -0.4895   -0.2942
    0.4024    0.1301    0.9062
...   122 G-C ...
   -8.3672   83.6576  -54.4157
    0.0897   -0.9948   -0.0484
    0.9271    0.1011   -0.3609
    0.3639   -0.0125    0.9313
...   123 T-A ...
   -7.7014   83.2196  -51.2106
    0.5593   -0.7821   -0.2748
    0.7449    0.6196   -0.2474
    0.3637   -0.0663    0.9291
...   124 G-C ...
   -6.0864   83.0021  -48.2642
    0.8694   -0.2438   -0.4298
    0.2845    0.9582    0.0318
    0.4041   -0.1499    0.9024
...   125 T-A ...
   -4.6977   81.8539  -45.4259
    0.8836    0.3255   -0.3367
   -0.2351    0.9301    0.2823
    0.4051   -0.1703    0.8983
...   126 C-G ...
   -3.2371   81.2239  -42.5017
    0.5537    0.8302   -0.0641
   -0.7326    0.5223    0.4365
    0.3959   -0.1947    0.8974
...   127 G-C ...
   -2.3775   80.6708  -39.2583
   -0.0160    0.9840    0.1774
   -0.9214   -0.0834    0.3795
    0.3883   -0.1574    0.9080
...   128 A-T ...
   -0.9923   80.0087  -36.3161
   -0.5845    0.7233    0.3677
   -0.7266   -0.6682    0.1595
    0.3611   -0.1740    0.9162
...   129 C-G ...
    0.5468   79.9091  -33.3596
   -0.8973    0.2469    0.3660
   -0.2960   -0.9515   -0.0838
    0.3276   -0.1836    0.9268
...   130 C-G ...
    1.7309   79.5452  -30.1968
   -0.9423   -0.3012    0.1462
    0.2518   -0.9254   -0.2834
    0.2207   -0.2302    0.9478
...   131 A-T ...
    2.4639   78.5812  -27.0469
   -0.6509   -0.7358   -0.1869
    0.7523   -0.5920   -0.2891
    0.1020   -0.3287    0.9389
...   132 A-T ...
    2.5750   77.4779  -24.0134
   -0.1080   -0.9215   -0.3730
    0.9917   -0.0735   -0.1056
    0.0699   -0.3813    0.9218
...   133 A-T ...
    2.6018   76.0855  -21.0916
    0.4823   -0.7806   -0.3976
    0.8742    0.4579    0.1615
    0.0560   -0.4255    0.9032
...   134 T-A ...
    2.3094   74.2286  -18.3854
    0.8657   -0.4292   -0.2574
    0.4984    0.7868    0.3642
    0.0462   -0.4436    0.8950
...   135 G-C ...
    1.4370   72.0948  -15.6003
    0.9809    0.0621    0.1844
   -0.1263    0.9241    0.3606
   -0.1480   -0.3770    0.9143
...   136 T-A ...
    0.5300   69.2372  -13.4652
    0.7353    0.4962    0.4617
   -0.6117    0.7791    0.1369
   -0.2918   -0.3831    0.8764
...   137 G-C ...
   -0.1631   67.4089  -10.8055
    0.1799    0.8794    0.4409
   -0.9276    0.3008   -0.2216
   -0.3275   -0.3691    0.8698
...   138 A-T ...
   -0.1294   66.2153   -7.8181
   -0.3749    0.8569    0.3537
   -0.8857   -0.2184   -0.4097
   -0.2739   -0.4669    0.8408
...   139 G-C ...
   -1.0031   65.6050   -4.9384
   -0.8337    0.5216    0.1812
   -0.5170   -0.6221   -0.5880
   -0.1940   -0.5840    0.7883
...   140 C-G ...
   -0.6941   63.8984   -2.2498
   -0.9992    0.0157   -0.0376
    0.0023   -0.8992   -0.4375
   -0.0406   -0.4373    0.8984
...   141 G-C ...
   -3.4331   60.2356    1.0302
   -0.4426    0.2288   -0.8671
    0.1684   -0.9285   -0.3310
   -0.8808   -0.2925    0.3724
...   142 C-G ...
   -6.3247   59.0803    1.6314
   -0.2968   -0.3279   -0.8969
    0.5658   -0.8170    0.1115
   -0.7693   -0.4743    0.4280
...   143 T-A ...
   -8.6731   58.7215    3.6047
   -0.0344   -0.7815   -0.6229
    0.6534   -0.4892    0.5777
   -0.7562   -0.3872    0.5275
...   144 C-G ...
  -11.6514   58.0073    4.7219
    0.2453   -0.9542   -0.1714
    0.6321    0.0234    0.7745
   -0.7350   -0.2984    0.6089
...   145 A-T ...
  -14.1725   56.5625    6.1819
    0.5795   -0.7268    0.3686
    0.3140    0.6165    0.7220
   -0.7520   -0.3027    0.5855
...   146 C-G ...
  -16.4614   53.8912    7.5169
    0.5336   -0.3333    0.7773
   -0.0346    0.9097    0.4138
   -0.8450   -0.2477    0.4739
...   147 A-T ...
  -19.0125   52.0327    8.9268
    0.2451    0.2906    0.9249
   -0.3073    0.9281   -0.2101
   -0.9195   -0.2327    0.3168
