  147 base-pairs
...     1 A-T ...
    0.0000    0.0000    0.0000
    1.0000    0.0000    0.0000
    0.0000    1.0000    0.0000
    0.0000    0.0000    1.0000
...     2 G-C ...
   -0.1404   -1.2353    3.2259
    0.7530    0.6366    0.1668
   -0.6385    0.7681   -0.0490
   -0.1593   -0.0696    0.9848
...     3 T-A ...
   -0.0377   -3.2918    6.3749
    0.2722    0.9302    0.2464
   -0.9238    0.3243   -0.2034
   -0.2691   -0.1722    0.9476
...     4 G-C ...
   -0.3520   -4.1638    9.4928
   -0.3756    0.9250    0.0576
   -0.8780   -0.3352   -0.3416
   -0.2967   -0.1788    0.9381
...     5 A-T ...
   -0.4480   -4.1448   12.7498
   -0.8116    0.5839   -0.0166
   -0.5522   -0.7762   -0.3042
   -0.1905   -0.2377    0.9525
...     6 G-C ...
   -1.5926   -4.1701   15.6201
   -0.9976    0.0246   -0.0651
   -0.0043   -0.9555   -0.2950
   -0.0694   -0.2940    0.9533
...     7 C-G ...
   -1.1050   -4.4793   18.7363
   -0.8442   -0.5302   -0.0787
    0.5343   -0.8442   -0.0430
   -0.0437   -0.0784    0.9960
...     8 G-C ...
   -2.4044   -7.7255   23.1483
   -0.2753   -0.3294   -0.9032
    0.6650   -0.7437    0.0686
   -0.6943   -0.5817    0.4238
...     9 C-G ...
   -4.4706   -9.9691   24.1142
    0.1145   -0.7026   -0.7023
    0.8512   -0.2951    0.4341
   -0.5123   -0.6475    0.5642
...    10 T-A ...
   -6.7420  -10.8705   25.9717
    0.4841   -0.8363   -0.2573
    0.6594    0.1554    0.7356
   -0.5752   -0.5257    0.6267
...    11 C-G ...
   -9.1682  -12.6167   27.1662
    0.7073   -0.6683    0.2306
    0.3450    0.6110    0.7125
   -0.6170   -0.4243    0.6627
...    12 A-T ...
  -10.9253  -14.6583   29.0713
    0.7515   -0.1377    0.6452
   -0.2027    0.8824    0.4245
   -0.6278   -0.4498    0.6352
...    13 C-G ...
  -11.8495  -17.4796   31.2472
    0.4294    0.2824    0.8578
   -0.5708    0.8209    0.0155
   -0.6998   -0.4963    0.5137
...    14 A-T ...
  -13.5915  -19.7756   33.4284
   -0.1503    0.6106    0.7775
   -0.6874    0.5007   -0.5261
   -0.7106   -0.6135    0.3445
...    15 A-T ...
  -15.7150  -21.9026   34.6806
   -0.5333    0.7765    0.3356
   -0.4461    0.0790   -0.8915
   -0.7188   -0.6251    0.3043
...    16 T-A ...
  -17.8395  -23.8381   36.2686
   -0.6702    0.7230   -0.1674
   -0.1028   -0.3138   -0.9439
   -0.7350   -0.6154    0.2847
...    17 T-A ...
  -20.2486  -25.7096   37.3202
   -0.5660    0.4622   -0.6827
    0.2935   -0.6608   -0.6908
   -0.7704   -0.5913    0.2383
...    18 T-A ...
  -22.8528  -27.4420   38.0852
   -0.2492    0.0634   -0.9664
    0.5454   -0.8154   -0.1941
   -0.8003   -0.5755    0.1686
...    19 A-T ...
  -25.7318  -29.1280   38.2255
    0.2318   -0.2789   -0.9319
    0.5339   -0.7644    0.3615
   -0.8132   -0.5813   -0.0283
...    20 T-A ...
  -28.6229  -30.5557   37.6577
    0.4880   -0.6123   -0.6221
    0.3233   -0.5351    0.7804
   -0.8108   -0.5820   -0.0631
...    21 T-A ...
  -31.2781  -32.3545   37.1364
    0.5724   -0.8177   -0.0609
   -0.0393   -0.1016    0.9940
   -0.8191   -0.5665   -0.0903
...    22 C-G ...
  -33.8314  -34.3996   36.7076
    0.4225   -0.7228    0.5469
   -0.4029    0.3908    0.8276
   -0.8119   -0.5700   -0.1261
...    23 G-C ...
  -36.7224  -36.1129   36.6716
    0.1278   -0.3426    0.9308
   -0.5979    0.7221    0.3479
   -0.7913   -0.6010   -0.1126
...    24 C-G ...
  -39.1385  -38.3925   36.1973
   -0.2243    0.1282    0.9661
   -0.5548    0.7982   -0.2347
   -0.8012   -0.5886   -0.1079
...    25 A-T ...
  -41.9150  -40.1141   35.5464
   -0.4567    0.6119    0.6457
   -0.2957    0.5801   -0.7590
   -0.8390   -0.5376   -0.0840
...    26 A-T ...
  -44.5779  -41.9690   35.4593
   -0.5371    0.8382    0.0950
    0.0443    0.1405   -0.9891
   -0.8424   -0.5270   -0.1126
...    27 A-T ...
  -47.3528  -43.6145   35.2725
   -0.3791    0.7958   -0.4722
    0.3470   -0.3508   -0.8698
   -0.8578   -0.4936   -0.1432
...    28 G-C ...
  -50.3347  -44.9600   34.9030
   -0.0397    0.5528   -0.8323
    0.4847   -0.7178   -0.4999
   -0.8738   -0.4233   -0.2395
...    29 G-C ...
  -53.3996  -45.9119   33.8919
    0.3379    0.1377   -0.9311
    0.3853   -0.9228    0.0034
   -0.8587   -0.3599   -0.3648
...    30 C-G ...
  -56.2100  -46.6111   32.3037
    0.5469   -0.3606   -0.7555
    0.0969   -0.8691    0.4850
   -0.8315   -0.3385   -0.4404
...    31 C-G ...
  -58.7025  -47.7160   30.2913
    0.5688   -0.7532   -0.3303
   -0.2823   -0.5560    0.7818
   -0.7725   -0.3515   -0.5288
...    32 G-C ...
  -61.2205  -49.3477   28.7401
    0.3419   -0.9157    0.2111
   -0.6228   -0.0526    0.7806
   -0.7037   -0.3984   -0.5883
...    33 G-C ...
  -63.3386  -50.9149   26.5876
   -0.0502   -0.7726    0.6329
   -0.7298    0.4610    0.5048
   -0.6818   -0.4366   -0.5870
...    34 C-G ...
  -65.3511  -52.6117   24.4947
   -0.4526   -0.3721    0.8103
   -0.5698    0.8197    0.0582
   -0.6859   -0.4354   -0.5831
...    35 C-G ...
  -67.5182  -54.2973   22.4881
   -0.6580    0.1770    0.7319
   -0.2029    0.8944   -0.3987
   -0.7252   -0.4108   -0.5526
...    36 C-G ...
  -69.8724  -55.9477   20.6782
   -0.5973    0.6744    0.4340
    0.2156    0.6562   -0.7231
   -0.7725   -0.3383   -0.5373
...    37 G-C ...
  -72.2538  -56.9391   18.5051
   -0.2577    0.9655    0.0382
    0.5313    0.1746   -0.8290
   -0.8070   -0.1934   -0.5580
...    38 A-T ...
  -74.9127  -57.5501   16.7264
    0.1619    0.9009   -0.4027
    0.5813   -0.4169   -0.6988
   -0.7974   -0.1210   -0.5912
...    39 C-G ...
  -77.7632  -57.4454   15.1345
    0.4934    0.5627   -0.6633
    0.3961   -0.8242   -0.4047
   -0.7744   -0.0631   -0.6295
...    40 A-T ...
  -80.1858  -57.5565   12.8165
    0.7335    0.0167   -0.6795
    0.0059   -0.9998   -0.0182
   -0.6796    0.0094   -0.7335
...    41 C-G ...
  -82.1458  -56.8855   10.2385
    0.6520   -0.5108   -0.5603
   -0.4071   -0.8593    0.3097
   -0.6397    0.0262   -0.7682
...    42 G-C ...
  -84.2018  -57.3078    7.5942
    0.3479   -0.9102   -0.2245
   -0.7611   -0.4141    0.4993
   -0.5475   -0.0029   -0.8368
...    43 A-T ...
  -85.8626  -57.3769    4.7273
   -0.1925   -0.9745    0.1152
   -0.8277    0.2243    0.5144
   -0.5272    0.0037   -0.8498
...    44 C-G ...
  -87.1139  -57.6802    1.6105
   -0.6172   -0.6971    0.3650
   -0.5926    0.7169    0.3671
   -0.5176    0.0103   -0.8556
...    45 T-A ...
  -88.7389  -57.9364   -1.3037
   -0.8310   -0.1893    0.5230
   -0.1533    0.9818    0.1117
   -0.5347    0.0127   -0.8450
...    46 T-A ...
  -90.3994  -58.1620   -4.1019
   -0.7758    0.4240    0.4672
    0.3803    0.9052   -0.1899
   -0.5035    0.0303   -0.8635
...    47 A-T ...
  -91.8868  -57.8762   -7.1035
   -0.3498    0.8876    0.2998
    0.7858    0.4522   -0.4219
   -0.5100    0.0880   -0.8557
...    48 C-G ...
  -94.0506  -57.6822   -9.5716
    0.1450    0.9860    0.0819
    0.8522   -0.0824   -0.5167
   -0.5028    0.1447   -0.8522
...    49 T-A ...
  -95.8802  -56.9209  -12.2173
    0.6226    0.7740   -0.1151
    0.6338   -0.5850   -0.5060
   -0.4590    0.2421   -0.8548
...    50 G-C ...
  -97.0855  -55.9463  -15.1988
    0.9280    0.2700   -0.2569
    0.1514   -0.9030   -0.4021
   -0.3405    0.3343   -0.8788
...    51 T-A ...
  -97.9607  -54.2444  -17.8818
    0.8822   -0.2622   -0.3911
   -0.3705   -0.8992   -0.2329
   -0.2906    0.3503   -0.8904
...    52 A-T ...
  -98.9338  -53.2984  -20.9627
    0.4679   -0.7704   -0.4332
   -0.8491   -0.5279    0.0217
   -0.2454    0.3576   -0.9011
...    53 G-C ...
  -99.3827  -52.0644  -24.0377
   -0.0660   -0.9427   -0.3270
   -0.9741   -0.0102    0.2258
   -0.2162    0.3334   -0.9177
...    54 G-C ...
  -99.8612  -51.1283  -27.2717
   -0.5969   -0.7951   -0.1072
   -0.7715    0.5322    0.3487
   -0.2202    0.2909   -0.9311
...    55 T-A ...
 -100.1941  -50.6050  -30.5841
   -0.9211   -0.3772    0.0959
   -0.3210    0.8756    0.3609
   -0.2201    0.3016   -0.9277
...    56 A-T ...
 -100.7449  -49.0177  -33.5585
   -0.9117    0.3074    0.2724
    0.3751    0.8935    0.2469
   -0.1675    0.3273   -0.9300
...    57 T-A ...
 -101.6607  -48.4852  -36.6857
   -0.5860    0.7245    0.3629
    0.7951    0.6005    0.0850
   -0.1563    0.3384   -0.9279
...    58 C-G ...
 -102.2135  -47.4083  -39.7447
    0.0129    0.9186    0.3949
    0.9890    0.0466   -0.1405
   -0.1475    0.3923   -0.9079
...    59 T-A ...
 -102.9418  -45.9032  -42.6067
    0.5520    0.7596    0.3440
    0.8261   -0.4422   -0.3493
   -0.1132    0.4769   -0.8716
...    60 C-G ...
 -103.2441  -44.1896  -45.3770
    0.9385    0.3206    0.1280
    0.3396   -0.7908   -0.5093
   -0.0621    0.5214   -0.8510
...    61 G-C ...
 -103.0190  -42.6259  -48.3690
    0.9655   -0.2494   -0.0747
   -0.2475   -0.7904   -0.5604
    0.0808    0.5596   -0.8248
...    62 A-T ...
 -102.5176  -40.7694  -51.0527
    0.6194   -0.6887   -0.3769
   -0.7748   -0.4588   -0.4349
    0.1265    0.5614   -0.8178
...    63 G-C ...
 -101.7335  -38.8812  -53.7007
    0.0866   -0.8455   -0.5270
   -0.9831    0.0133   -0.1828
    0.1616    0.5339   -0.8300
...    64 C-G ...
 -100.7981  -37.2958  -56.5117
   -0.4886   -0.6947   -0.5278
   -0.8554    0.5006    0.1330
    0.1718    0.5165   -0.8389
...    65 T-A ...
 -100.0459  -35.8291  -59.4317
   -0.8847   -0.3091   -0.3490
   -0.4383    0.8064    0.3970
    0.1587    0.5042   -0.8489
...    66 C-G ...
  -99.4412  -34.2257  -62.2718
   -0.9690    0.2456   -0.0266
    0.1923    0.8175    0.5429
    0.1551    0.5209   -0.8394
...    67 G-C ...
  -98.6315  -32.1697  -64.8420
   -0.6930    0.6127    0.3800
    0.7146    0.5140    0.4744
    0.0954    0.6003   -0.7941
...    68 G-C ...
  -98.4978  -30.2456  -67.6222
   -0.1898    0.7289    0.6578
    0.9783    0.0839    0.1893
    0.0828    0.6795   -0.7290
...    69 G-C ...
  -98.4901  -27.8654  -70.0138
    0.3660    0.5724    0.7338
    0.9236   -0.3201   -0.2110
    0.1141    0.7549   -0.6458
...    70 A-T ...
  -98.1132  -25.3071  -72.0175
    0.8303    0.2231    0.5107
    0.5345   -0.5781   -0.6165
    0.1577    0.7848   -0.5993
...    71 T-A ...
  -97.7534  -22.3673  -73.4212
    0.9827   -0.1204    0.1410
    0.0414   -0.5989   -0.7998
    0.1808    0.7917   -0.5835
...    72 C-G ...
  -96.9099  -19.7685  -75.2414
    0.8081   -0.4784   -0.3436
   -0.5425   -0.3770   -0.7507
    0.2296    0.7931   -0.5642
...    73 C-G ...
  -95.6623  -17.2229  -77.1095
    0.3503   -0.6506   -0.6738
   -0.8870    0.0008   -0.4618
    0.3010    0.7594   -0.5768
...    74 G-C ...
  -95.0045  -14.7536  -79.3265
   -0.2520   -0.5652   -0.7855
   -0.9083    0.4182   -0.0095
    0.3339    0.7111   -0.6188
...    75 C-G ...
  -93.5821  -12.6224  -81.5001
   -0.7272   -0.2374   -0.6440
   -0.6034    0.6683    0.4350
    0.3271    0.7050   -0.6293
...    76 T-A ...
  -92.4222  -10.4913  -83.8093
   -0.9487    0.1503   -0.2781
   -0.1024    0.6862    0.7202
    0.2991    0.7117   -0.6356
...    77 T-A ...
  -91.4060   -8.3597  -86.0569
   -0.8218    0.5375    0.1891
    0.4682    0.4479    0.7617
    0.3247    0.7145   -0.6197
...    78 T-A ...
  -90.4669   -6.1278  -88.2240
   -0.3996    0.6885    0.6052
    0.8536    0.0388    0.5195
    0.3342    0.7242   -0.6032
...    79 A-T ...
  -89.2656   -3.6440  -90.1323
    0.1552    0.4971    0.8537
    0.9285   -0.3684    0.0458
    0.3373    0.7856   -0.5188
...    80 A-T ...
  -88.3138   -0.9753  -91.6961
    0.6451    0.1642    0.7462
    0.6769   -0.5760   -0.4584
    0.3545    0.8008   -0.4827
...    81 C-G ...
  -87.4022    2.0101  -92.7701
    0.8883   -0.2052    0.4110
    0.2418   -0.5517   -0.7982
    0.3905    0.8084   -0.4405
...    82 A-T ...
  -85.8796    4.5689  -94.3231
    0.8203   -0.5652   -0.0876
   -0.2913   -0.2810   -0.9144
    0.4922    0.7756   -0.3952
...    83 C-G ...
  -83.8573    7.1280  -95.0600
    0.5254   -0.6381   -0.5628
   -0.6739    0.0917   -0.7331
    0.5194    0.7645   -0.3819
...    84 T-A ...
  -81.7965    9.4916  -96.2309
    0.0508   -0.4981   -0.8656
   -0.8327    0.4574   -0.3121
    0.5514    0.7367   -0.3915
...    85 T-A ...
  -79.7307   11.7409  -97.4051
   -0.4272   -0.0833   -0.9003
   -0.7044    0.6550    0.2736
    0.5669    0.7510   -0.3384
...    86 T-A ...
  -77.6562   13.9861  -98.5696
   -0.7357    0.3616   -0.5727
   -0.3222    0.5569    0.7655
    0.5958    0.7477   -0.2933
...    87 A-T ...
  -75.5580   16.6504  -99.0014
   -0.7485    0.6594    0.0699
    0.2234    0.1515    0.9629
    0.6244    0.7363   -0.2607
...    88 T-A ...
  -73.7984   19.0399 -100.4480
   -0.5266    0.6380    0.5618
    0.5721   -0.2228    0.7893
    0.6288    0.7371   -0.2477
...    89 G-C ...
  -71.6031   21.5221 -101.0295
   -0.1726    0.2958    0.9395
    0.7804   -0.5409    0.3137
    0.6010    0.7873   -0.1375
...    90 C-G ...
  -69.9976   24.4004 -101.4267
    0.2460   -0.1082    0.9632
    0.7529   -0.6045   -0.2602
    0.6104    0.7893   -0.0672
...    91 T-A ...
  -68.1223   27.1371 -101.3128
    0.5593   -0.4861    0.6715
    0.5271   -0.4167   -0.7407
    0.6398    0.7682    0.0232
...    92 T-A ...
  -66.0963   29.6505 -100.9976
    0.7506   -0.6505    0.1161
    0.1180   -0.0409   -0.9922
    0.6501    0.7584    0.0461
...    93 C-G ...
  -63.7871   31.9901 -100.7543
    0.6571   -0.5568   -0.5082
   -0.3343    0.3889   -0.8585
    0.6756    0.7340    0.0694
...    94 T-A ...
  -61.2750   34.1683 -100.3822
    0.3430   -0.2661   -0.9008
   -0.6136    0.6626   -0.4294
    0.7112    0.7001    0.0640
...    95 C-G ...
  -58.8194   36.3948 -100.2214
   -0.0994    0.2072   -0.9732
   -0.6891    0.6913    0.2175
    0.7179    0.6922    0.0741
...    96 A-T ...
  -56.6599   38.9129  -99.7722
   -0.5282    0.5569   -0.6410
   -0.4847    0.4221    0.7661
    0.6972    0.7153    0.0470
...    97 T-A ...
  -54.1407   41.0328 -100.2114
   -0.6907    0.7092   -0.1409
   -0.1469    0.0532    0.9877
    0.7080    0.7030    0.0674
...    98 G-C ...
  -51.8029   43.3870  -99.7073
   -0.7082    0.5351    0.4605
    0.2860   -0.3790    0.8801
    0.6455    0.7550    0.1154
...    99 T-A ...
  -50.0029   46.1734  -99.7473
   -0.4768    0.2117    0.8532
    0.6139   -0.6145    0.4955
    0.6291    0.7600    0.1630
...   100 T-A ...
  -48.1112   48.7491  -99.2311
   -0.0651   -0.2135    0.9748
    0.7778   -0.6229   -0.0845
    0.6252    0.7526    0.2066
...   101 A-T ...
  -45.9973   51.1852  -98.3219
    0.3236   -0.6300    0.7060
    0.6975   -0.3454   -0.6279
    0.6394    0.6956    0.3276
...   102 T-A ...
  -44.3189   53.4917  -96.7022
    0.6215   -0.7328    0.2771
    0.4442    0.0382   -0.8951
    0.6453    0.6794    0.3492
...   103 A-T ...
  -41.9707   55.7361  -95.7703
    0.7459   -0.5622   -0.3572
   -0.0180    0.5191   -0.8545
    0.6659    0.6438    0.3771
...   104 A-T ...
  -39.7211   57.6170  -94.3390
    0.6141   -0.1208   -0.7799
   -0.4504    0.7579   -0.4720
    0.6481    0.6411    0.4110
...   105 C-G ...
  -37.1524   59.2268  -92.8600
    0.2742    0.3196   -0.9070
   -0.7041    0.7092    0.0370
    0.6550    0.6285    0.4195
...   106 G-C ...
  -35.3212   61.6398  -91.3494
   -0.2255    0.6506   -0.7252
   -0.7239    0.3863    0.5716
    0.6520    0.6538    0.3839
...   107 G-C ...
  -32.9246   63.7404  -90.1546
   -0.6318    0.7182   -0.2916
   -0.4779   -0.0646    0.8761
    0.6103    0.6929    0.3840
...   108 A-T ...
  -30.7875   65.9367  -88.9336
   -0.8105    0.5125    0.2837
   -0.0164   -0.5040    0.8635
    0.5856    0.6952    0.4169
...   109 C-G ...
  -28.9937   68.5672  -88.0361
   -0.7213    0.1317    0.6800
    0.4135   -0.7056    0.5754
    0.5556    0.6962    0.4545
...   110 G-C ...
  -26.9746   70.6523  -86.3020
   -0.4543   -0.3964    0.7978
    0.7517   -0.6511    0.1046
    0.4780    0.6473    0.5938
...   111 G-C ...
  -25.7112   72.8690  -84.1017
   -0.0311   -0.7634    0.6452
    0.8948   -0.3090   -0.3224
    0.4454    0.5673    0.6927
...   112 C-G ...
  -24.6618   74.5779  -81.4707
    0.4337   -0.8442    0.3150
    0.7843    0.1816   -0.5931
    0.4435    0.5043    0.7409
...   113 T-A ...
  -23.3100   75.9102  -78.7498
    0.7577   -0.6440   -0.1053
    0.4564    0.6383   -0.6199
    0.4664    0.4217    0.7776
...   114 C-G ...
  -21.6060   77.0719  -76.1778
    0.8762   -0.1317   -0.4637
   -0.0725    0.9150   -0.3970
    0.4765    0.3814    0.7921
...   115 G-C ...
  -19.8928   78.7540  -73.7853
    0.6457    0.4198   -0.6378
   -0.5441    0.8390    0.0014
    0.5357    0.3461    0.7702
...   116 T-A ...
  -17.6635   79.4545  -71.3435
    0.2483    0.8167   -0.5208
   -0.8111    0.4692    0.3492
    0.5296    0.3358    0.7790
...   117 A-T ...
  -16.5236   80.4658  -68.2293
   -0.3290    0.9425   -0.0583
   -0.7893   -0.2406    0.5650
    0.5185    0.2319    0.8231
...   118 T-A ...
  -14.3636   81.4952  -65.9300
   -0.6871    0.6788    0.2590
   -0.5103   -0.7046    0.4930
    0.5172    0.2065    0.8306
...   119 A-T ...
  -12.6624   81.8733  -63.0349
   -0.8807    0.0741    0.4679
    0.0250   -0.9791    0.2020
    0.4731    0.1896    0.8604
...   120 A-T ...
  -11.2151   82.6439  -60.2434
   -0.7252   -0.5119    0.4605
    0.5266   -0.8432   -0.1080
    0.4436    0.1641    0.8811
...   121 T-A ...
  -10.2824   83.5707  -57.2527
   -0.3742   -0.8760    0.3044
    0.8260   -0.4640   -0.3200
    0.4215    0.1317    0.8972
...   122 G-C ...
   -8.8111   83.6252  -54.2195
    0.1130   -0.9917   -0.0609
    0.9158    0.1277   -0.3807
    0.3853   -0.0127    0.9227
...   123 T-A ...
   -8.0635   83.1708  -51.0351
    0.5715   -0.7661   -0.2941
    0.7247    0.6393   -0.2570
    0.3849   -0.0663    0.9206
...   124 G-C ...
   -6.3833   82.9641  -48.1274
    0.8665   -0.2202   -0.4481
    0.2631    0.9641    0.0349
    0.4243   -0.1482    0.8933
...   125 T-A ...
   -4.9207   81.8237  -45.3219
    0.8704    0.3474   -0.3488
   -0.2504    0.9225    0.2938
    0.4239   -0.1684    0.8899
...   126 C-G ...
   -3.4038   81.1974  -42.4262
    0.5354    0.8420   -0.0663
   -0.7365    0.5039    0.4512
    0.4133   -0.1927    0.8899
...   127 G-C ...
   -2.4933   80.6260  -39.2028
   -0.0324    0.9826    0.1828
   -0.9151   -0.1027    0.3899
    0.4019   -0.1546    0.9025
...   128 A-T ...
   -1.0624   79.9697  -36.2841
   -0.5927    0.7124    0.3757
   -0.7139   -0.6807    0.1644
    0.3728   -0.1707    0.9121
...   129 C-G ...
    0.5033   79.8868  -33.3459
   -0.8978    0.2336    0.3733
   -0.2832   -0.9555   -0.0831
    0.3373   -0.1803    0.9240
...   130 C-G ...
    1.7110   79.5413  -30.1922
   -0.9382   -0.3114    0.1510
    0.2603   -0.9225   -0.2852
    0.2281   -0.2283    0.9465
...   131 A-T ...
    2.4516   78.5921  -27.0409
   -0.6469   -0.7396   -0.1856
    0.7551   -0.5875   -0.2911
    0.1062   -0.3284    0.9385
...   132 A-T ...
    2.5703   77.4858  -24.0098
   -0.1056   -0.9215   -0.3738
    0.9918   -0.0702   -0.1071
    0.0725   -0.3820    0.9213
...   133 A-T ...
    2.6002   76.0881  -21.0909
    0.4829   -0.7797   -0.3985
    0.8738    0.4589    0.1611
    0.0573   -0.4260    0.9029
...   134 T-A ...
    2.3093   74.2287  -18.3854
    0.8657   -0.4292   -0.2574
    0.4984    0.7868    0.3642
    0.0462   -0.4436    0.8950
...   135 G-C ...
    1.4370   72.0948  -15.6003
    0.9809    0.0621    0.1844
   -0.1263    0.9241    0.3606
   -0.1480   -0.3770    0.9143
...   136 T-A ...
    0.5300   69.2373  -13.4652
    0.7353    0.4962    0.4617
   -0.6117    0.7791    0.1369
   -0.2918   -0.3831    0.8764
...   137 G-C ...
   -0.1631   67.4090  -10.8055
    0.1799    0.8794    0.4409
   -0.9276    0.3008   -0.2216
   -0.3275   -0.3691    0.8698
...   138 A-T ...
   -0.1294   66.2154   -7.8181
   -0.3749    0.8569    0.3537
   -0.8857   -0.2184   -0.4097
   -0.2739   -0.4669    0.8408
...   139 G-C ...
   -1.0031   65.6050   -4.9384
   -0.8337    0.5216    0.1812
   -0.5170   -0.6221   -0.5880
   -0.1940   -0.5840    0.7883
...   140 C-G ...
   -0.6941   63.8984   -2.2498
   -0.9992    0.0157   -0.0376
    0.0023   -0.8992   -0.4375
   -0.0406   -0.4373    0.8984
...   141 G-C ...
   -3.4331   60.2357    1.0302
   -0.4426    0.2288   -0.8671
    0.1684   -0.9285   -0.3310
   -0.8808   -0.2925    0.3724
...   142 C-G ...
   -6.3247   59.0804    1.6314
   -0.2968   -0.3279   -0.8969
    0.5658   -0.8170    0.1115
   -0.7693   -0.4743    0.4280
...   143 T-A ...
   -8.6732   58.7216    3.6046
   -0.0344   -0.7815   -0.6229
    0.6534   -0.4892    0.5777
   -0.7562   -0.3872    0.5275
...   144 C-G ...
  -11.6514   58.0074    4.7219
    0.2453   -0.9542   -0.1714
    0.6321    0.0234    0.7745
   -0.7350   -0.2984    0.6089
...   145 A-T ...
  -14.1726   56.5626    6.1819
    0.5795   -0.7268    0.3686
    0.3140    0.6165    0.7220
   -0.7520   -0.3027    0.5855
...   146 C-G ...
  -16.4614   53.8913    7.5169
    0.5336   -0.3333    0.7773
   -0.0346    0.9097    0.4138
   -0.8450   -0.2477    0.4739
...   147 A-T ...
  -19.0125   52.0328    8.9268
    0.2451    0.2906    0.9249
   -0.3073    0.9281   -0.2101
   -0.9195   -0.2327    0.3168
