  147 base-pairs
...     1 A-T ...
    0.0000    0.0000    0.0000
    1.0000    0.0000    0.0000
    0.0000    1.0000    0.0000
    0.0000    0.0000    1.0000
...     2 G-C ...
   -0.1404   -1.2353    3.2259
    0.7530    0.6366    0.1668
   -0.6385    0.7681   -0.0490
   -0.1593   -0.0696    0.9848
...     3 T-A ...
   -0.0377   -3.2918    6.3749
    0.2722    0.9302    0.2464
   -0.9238    0.3243   -0.2034
   -0.2691   -0.1722    0.9476
...     4 G-C ...
   -0.3520   -4.1638    9.4928
   -0.3756    0.9250    0.0576
   -0.8780   -0.3352   -0.3416
   -0.2967   -0.1788    0.9381
...     5 A-T ...
   -0.4480   -4.1448   12.7498
   -0.8116    0.5839   -0.0166
   -0.5522   -0.7762   -0.3042
   -0.1905   -0.2377    0.9525
...     6 G-C ...
   -1.5926   -4.1701   15.6201
   -0.9976    0.0246   -0.0651
   -0.0043   -0.9555   -0.2950
   -0.0694   -0.2940    0.9533
...     7 C-G ...
   -1.1050   -4.4793   18.7363
   -0.8442   -0.5302   -0.0787
    0.5343   -0.8442   -0.0430
   -0.0437   -0.0784    0.9960
...     8 G-C ...
   -2.4044   -7.7255   23.1483
   -0.2753   -0.3294   -0.9032
    0.6650   -0.7437    0.0686
   -0.6943   -0.5817    0.4238
...     9 C-G ...
   -4.4706   -9.9691   24.1142
    0.1145   -0.7026   -0.7023
    0.8512   -0.2951    0.4341
   -0.5123   -0.6475    0.5642
...    10 T-A ...
   -6.7420  -10.8705   25.9717
    0.4841   -0.8363   -0.2573
    0.6594    0.1554    0.7356
   -0.5752   -0.5257    0.6267
...    11 C-G ...
   -9.1682  -12.6167   27.1662
    0.7073   -0.6683    0.2306
    0.3450    0.6110    0.7125
   -0.6170   -0.4243    0.6627
...    12 A-T ...
  -10.9253  -14.6583   29.0713
    0.7515   -0.1377    0.6452
   -0.2027    0.8824    0.4245
   -0.6278   -0.4498    0.6352
...    13 C-G ...
  -11.8495  -17.4796   31.2472
    0.4294    0.2824    0.8578
   -0.5708    0.8209    0.0155
   -0.6998   -0.4963    0.5137
...    14 A-T ...
  -13.5915  -19.7756   33.4284
   -0.1503    0.6106    0.7775
   -0.6874    0.5007   -0.5261
   -0.7106   -0.6135    0.3445
...    15 A-T ...
  -15.7354  -21.8852   34.6685
   -0.5263    0.7841    0.3290
   -0.4456    0.0752   -0.8921
   -0.7242   -0.6160    0.3098
...    16 T-A ...
  -17.8844  -23.7747   36.2685
   -0.6583    0.7314   -0.1778
   -0.1067   -0.3245   -0.9398
   -0.7451   -0.5997    0.2917
...    17 T-A ...
  -20.3381  -25.5858   37.3195
   -0.5514    0.4631   -0.6939
    0.2812   -0.6800   -0.6772
   -0.7854   -0.5685    0.2447
...    18 T-A ...
  -22.9924  -27.2416   38.0891
   -0.2407    0.0450   -0.9696
    0.5239   -0.8349   -0.1688
   -0.8171   -0.5486    0.1773
...    19 A-T ...
  -25.8604  -28.9468   38.2831
    0.2218   -0.3454   -0.9119
    0.5056   -0.7589    0.4104
   -0.8337   -0.5521    0.0063
...    20 T-A ...
  -28.8157  -30.2974   37.8040
    0.4590   -0.6779   -0.5743
    0.2999   -0.4902    0.8184
   -0.8362   -0.5479   -0.0217
...    21 T-A ...
  -31.5728  -31.9876   37.4134
    0.5187   -0.8549    0.0125
   -0.0448   -0.0126    0.9989
   -0.8538   -0.5187   -0.0448
...    22 C-G ...
  -34.2898  -33.8612   37.1479
    0.3632   -0.6980    0.6171
   -0.3722    0.4986    0.7829
   -0.8542   -0.5140   -0.0787
...    23 G-C ...
  -37.3559  -35.2608   37.2028
    0.0918   -0.2550    0.9626
   -0.5248    0.8091    0.2644
   -0.8463   -0.5294   -0.0596
...    24 C-G ...
  -39.9927  -37.3212   36.8920
   -0.2102    0.2545    0.9440
   -0.4647    0.8235   -0.3254
   -0.8601   -0.5071   -0.0548
...    25 A-T ...
  -42.9467  -38.7963   36.3831
   -0.3775    0.7298    0.5700
   -0.2266    0.5240   -0.8210
   -0.8979   -0.4391   -0.0324
...    26 A-T ...
  -45.8237  -40.2884   36.4606
   -0.4185    0.9082   -0.0019
    0.0526    0.0222   -0.9984
   -0.9067   -0.4179   -0.0570
...    27 A-T ...
  -48.8021  -41.5328   36.4253
   -0.2629    0.7862   -0.5592
    0.2805   -0.4923   -0.8240
   -0.9231   -0.3735   -0.0911
...    28 G-C ...
  -51.9632  -42.4309   36.1826
    0.0351    0.4542   -0.8902
    0.3576   -0.8375   -0.4132
   -0.9332   -0.3038   -0.1919
...    29 G-C ...
  -55.1508  -42.9671   35.2226
    0.3371   -0.0315   -0.9409
    0.2235   -0.9682    0.1125
   -0.9145   -0.2483   -0.3194
...    30 C-G ...
  -58.0720  -43.3671   33.7056
    0.4540   -0.5424   -0.7069
   -0.0490   -0.8073    0.5880
   -0.8896   -0.2324   -0.3931
...    31 C-G ...
  -60.7856  -44.2483   31.8624
    0.4007   -0.8858   -0.2341
   -0.3615   -0.3876    0.8480
   -0.8419   -0.2551   -0.4755
...    32 G-C ...
  -63.6676  -45.4794   30.5821
    0.1445   -0.9340    0.3267
   -0.5895    0.1839    0.7865
   -0.7947   -0.3062   -0.5241
...    33 G-C ...
  -66.1837  -46.7253   28.6571
   -0.1993   -0.6528    0.7308
   -0.5821    0.6788    0.4476
   -0.7883   -0.3362   -0.5153
...    34 C-G ...
  -68.6163  -48.1235   26.7943
   -0.4902   -0.1461    0.8593
   -0.3539    0.9343   -0.0430
   -0.7965   -0.3252   -0.5097
...    35 C-G ...
  -71.1963  -49.4600   25.0219
   -0.5541    0.4261    0.7152
    0.0053    0.8609   -0.5088
   -0.8325   -0.2781   -0.4792
...    36 C-G ...
  -73.9756  -50.6675   23.4849
   -0.3775    0.8539    0.3583
    0.3345    0.4865   -0.8071
   -0.8635   -0.1849   -0.4692
...    37 G-C ...
  -76.6841  -51.2128   21.5425
    0.0123    0.9972   -0.0741
    0.5021   -0.0703   -0.8620
   -0.8647   -0.0266   -0.5015
...    38 A-T ...
  -79.5172  -51.2249   19.9355
    0.3734    0.7704   -0.5168
    0.3933   -0.6360   -0.6639
   -0.8402    0.0447   -0.5405
...    39 C-G ...
  -82.3327  -50.4765   18.4493
    0.5794    0.3234   -0.7481
    0.1180   -0.9415   -0.3156
   -0.8064    0.0946   -0.5837
...    40 A-T ...
  -84.8486  -50.1454   16.2504
    0.6462   -0.2737   -0.7124
   -0.2839   -0.9527    0.1085
   -0.7084    0.1321   -0.6933
...    41 C-G ...
  -86.7551  -49.1919   13.7030
    0.4165   -0.7411   -0.5267
   -0.6123   -0.6569    0.4400
   -0.6720    0.1392   -0.7273
...    42 G-C ...
  -89.1217  -49.2199   11.2849
    0.0230   -0.9912   -0.1307
   -0.7956   -0.0973    0.5979
   -0.6053    0.0903   -0.7908
...    43 A-T ...
  -91.0154  -48.9904    8.5670
   -0.4811   -0.8407    0.2487
   -0.6507    0.5325    0.5414
   -0.5875    0.0987   -0.8032
...    44 C-G ...
  -92.6266  -49.1272    5.6029
   -0.7663   -0.4117    0.4932
   -0.2801    0.9050    0.3202
   -0.5782    0.1072   -0.8088
...    45 T-A ...
  -94.5587  -49.0588    2.8680
   -0.7793    0.1540    0.6074
    0.1972    0.9804    0.0044
   -0.5948    0.1232   -0.7944
...    46 T-A ...
  -96.5134  -48.9119    0.2645
   -0.5228    0.7032    0.4818
    0.6361    0.6981   -0.3287
   -0.5675    0.1346   -0.8123
...    47 A-T ...
  -98.2262  -48.3472   -2.5717
    0.0171    0.9704    0.2411
    0.8288    0.1211   -0.5463
   -0.5593    0.2091   -0.8022
...    48 C-G ...
 -100.5028  -47.5396   -4.7985
    0.4854    0.8736   -0.0345
    0.6921   -0.4080   -0.5953
   -0.5342    0.2651   -0.8027
...    49 T-A ...
 -102.2970  -46.3123   -7.2923
    0.8303    0.4919   -0.2621
    0.3108   -0.7990   -0.5148
   -0.4626    0.3460   -0.8162
...    50 G-C ...
 -103.4857  -45.1342  -10.2108
    0.9126   -0.0997   -0.3966
   -0.2415   -0.9140   -0.3260
   -0.3300    0.3933   -0.8582
...    51 T-A ...
 -104.1028  -43.3505  -12.9258
    0.6550   -0.5859   -0.4771
   -0.7002   -0.7080   -0.0918
   -0.2840    0.3942   -0.8741
...    52 A-T ...
 -105.2837  -42.2502  -15.9027
    0.0542   -0.8990   -0.4346
   -0.9658   -0.1578    0.2060
   -0.2537    0.4085   -0.8768
...    53 G-C ...
 -105.7983  -40.9662  -18.9539
   -0.4828   -0.8446   -0.2316
   -0.8417    0.3745    0.3889
   -0.2417    0.3827   -0.8917
...    54 G-C ...
 -106.4654  -39.8838  -22.1094
   -0.8670   -0.4943    0.0634
   -0.4207    0.7942    0.4386
   -0.2671    0.3536   -0.8964
...    55 T-A ...
 -107.2010  -39.2627  -25.3400
   -0.9564    0.0191    0.2913
    0.1241    0.9298    0.3465
   -0.2643    0.3675   -0.8917
...    56 A-T ...
 -107.6854  -37.5833  -28.2729
   -0.6448    0.6359    0.4242
    0.7326    0.6725    0.1055
   -0.2182    0.3788   -0.8994
...    57 T-A ...
 -108.9546  -36.6835  -31.1796
   -0.1712    0.8888    0.4252
    0.9634    0.2414   -0.1166
   -0.2063    0.3897   -0.8976
...    58 C-G ...
 -109.6780  -35.3952  -34.1167
    0.4498    0.8314    0.3264
    0.8756   -0.3384   -0.3447
   -0.1762    0.4408   -0.8801
...    59 T-A ...
 -110.3601  -33.6400  -36.8465
    0.8633    0.4740    0.1734
    0.4930   -0.7184   -0.4908
   -0.1081    0.5091   -0.8539
...    60 C-G ...
 -110.5558  -31.8493  -39.5820
    0.9921   -0.0749   -0.1003
   -0.1168   -0.8425   -0.5259
   -0.0451    0.5335   -0.8446
...    61 G-C ...
 -110.4166  -30.3988  -42.6435
    0.7463   -0.6020   -0.2838
   -0.6585   -0.6060   -0.4462
    0.0967    0.5199   -0.8487
...    62 A-T ...
 -109.8828  -28.7492  -45.4618
    0.1915   -0.8546   -0.4826
   -0.9721   -0.0974   -0.2132
    0.1353    0.5100   -0.8495
...    63 T-A ...
 -108.7398  -27.1783  -48.1543
   -0.3439   -0.7660   -0.5431
   -0.9272    0.3685    0.0674
    0.1485    0.5267   -0.8370
...    64 C-G ...
 -108.1795  -25.5424  -50.9849
   -0.8394   -0.3723   -0.3960
   -0.5192    0.7648    0.3814
    0.1608    0.5257   -0.8353
...    65 A-T ...
 -107.7034  -23.4807  -53.5770
   -0.9884    0.1450   -0.0457
    0.0973    0.8343    0.5426
    0.1168    0.5318   -0.8387
...    66 T-A ...
 -107.5156  -22.2853  -56.6668
   -0.7884    0.5699    0.2316
    0.5989    0.6254    0.5001
    0.1401    0.5330   -0.8344
...    67 G-C ...
 -106.8642  -20.3259  -59.3098
   -0.2975    0.7740    0.5590
    0.9479    0.1695    0.2698
    0.1141    0.6101   -0.7841
...    68 T-A ...
 -107.0956  -18.2741  -61.9019
    0.2484    0.7145    0.6541
    0.9593   -0.2751   -0.0638
    0.1343    0.6433   -0.7537
...    69 T-A ...
 -106.8039  -16.0834  -64.2680
    0.7483    0.4008    0.5286
    0.6431   -0.6337   -0.4300
    0.1626    0.6617   -0.7319
...    70 A-T ...
 -106.0492  -13.8278  -66.6285
    0.9587   -0.1268    0.2545
    0.0881   -0.7186   -0.6899
    0.2704    0.6838   -0.6777
...    71 T-A ...
 -105.0142  -11.1964  -68.2992
    0.8635   -0.4891   -0.1231
   -0.4113   -0.5416   -0.7331
    0.2919    0.6837   -0.6689
...    72 A-T ...
 -104.0855   -9.0737  -70.7548
    0.4070   -0.7365   -0.5402
   -0.8504   -0.0897   -0.5185
    0.3334    0.6704   -0.6628
...    73 A-T ...
 -102.7145   -6.9449  -72.8123
   -0.1626   -0.6242   -0.7641
   -0.9242    0.3675   -0.1035
    0.3455    0.6894   -0.6367
...    74 C-G ...
 -101.0219   -5.0385  -75.0105
   -0.6382   -0.3211   -0.6997
   -0.6827    0.6562    0.3215
    0.3559    0.6829   -0.6380
...    75 G-C ...
 -100.0844   -2.4204  -76.9355
   -0.9364    0.0880   -0.3397
   -0.1732    0.7260    0.6655
    0.3053    0.6820   -0.6646
...    76 G-C ...
  -98.9957   -0.2858  -79.3451
   -0.8875    0.4400    0.1366
    0.3835    0.5412    0.7483
    0.2554    0.7166   -0.6491
...    77 A-T ...
  -98.1064    1.9860  -81.5589
   -0.4871    0.6529    0.5801
    0.8351    0.1537    0.5283
    0.2558    0.7417   -0.6201
...    78 G-C ...
  -97.5225    4.4877  -83.6632
    0.0174    0.5679    0.8229
    0.9633   -0.2301    0.1384
    0.2680    0.7903   -0.5510
...    79 C-G ...
  -97.0489    7.2757  -85.3900
    0.5234    0.2917    0.8006
    0.7972   -0.4992   -0.3394
    0.3007    0.8159   -0.4938
...    80 T-A ...
  -96.1313   10.1743  -86.7042
    0.8373   -0.0951    0.5385
    0.4076   -0.5479   -0.7305
    0.3645    0.8312   -0.4199
...    81 C-G ...
  -94.7729   12.8958  -87.9182
    0.8964   -0.4426    0.0233
   -0.1518   -0.3558   -0.9221
    0.4165    0.8231   -0.3862
...    82 G-C ...
  -93.1546   15.3732  -89.5606
    0.6027   -0.6465   -0.4678
   -0.5965    0.0245   -0.8023
    0.5301    0.7626   -0.3708
...    83 G-C ...
  -90.9732   17.6795  -90.7760
    0.1317   -0.5648   -0.8147
   -0.8031    0.4209   -0.4217
    0.5811    0.7098   -0.3981
...    84 G-C ...
  -88.7636   19.8160  -92.2333
   -0.3737   -0.2585   -0.8908
   -0.7168    0.6900    0.1005
    0.5886    0.6761   -0.4432
...    85 A-T ...
  -86.7258   21.9734  -93.7144
   -0.7318    0.2230   -0.6440
   -0.3384    0.7013    0.6274
    0.5916    0.6771   -0.4377
...    86 T-A ...
  -84.6721   23.7341  -95.6447
   -0.7867    0.5737   -0.2280
    0.0879    0.4697    0.8785
    0.6111    0.6710   -0.4199
...    87 C-G ...
  -82.6227   25.8902  -97.0997
   -0.5853    0.7245    0.3639
    0.5378    0.0112    0.8430
    0.6067    0.6891   -0.3962
...    88 C-G ...
  -80.7448   28.2549  -98.6489
   -0.2453    0.5380    0.8065
    0.7700   -0.3973    0.4993
    0.5890    0.7434   -0.3168
...    89 G-C ...
  -78.4601   30.5896  -99.5338
    0.1446    0.1079    0.9836
    0.7812   -0.6226   -0.0465
    0.6073    0.7751   -0.1744
...    90 C-G ...
  -76.7714   33.4219  -99.8607
    0.5073   -0.3059    0.8056
    0.5834   -0.5662   -0.5823
    0.6343    0.7654   -0.1088
...    91 T-A ...
  -74.7024   36.0132  -99.8249
    0.6857   -0.6251    0.3730
    0.2497   -0.2793   -0.9272
    0.6837    0.7289   -0.0354
...    92 T-A ...
  -72.4655   38.3591  -99.6799
    0.6965   -0.6790   -0.2319
   -0.1789    0.1487   -0.9726
    0.6949    0.7189   -0.0179
...    93 T-A ...
  -70.0975   40.5841  -99.4880
    0.4734   -0.4500   -0.7573
   -0.5423    0.5286   -0.6531
    0.6942    0.7198    0.0062
...    94 A-T ...
  -68.1039   43.3541  -99.6275
    0.0374    0.0525   -0.9979
   -0.7198    0.6941    0.0095
    0.6932    0.7179    0.0637
...    95 A-T ...
  -65.6173   45.4722  -99.4618
   -0.3597    0.4931   -0.7921
   -0.6127    0.5154    0.5991
    0.7037    0.7009    0.1167
...    96 C-G ...
  -62.9768   47.5472  -99.5689
   -0.6354    0.6926   -0.3413
   -0.3251    0.1610    0.9319
    0.7004    0.7031    0.1229
...    97 A-T ...
  -60.6446   49.8323  -98.8462
   -0.7561    0.5975    0.2671
    0.1099   -0.2863    0.9518
    0.6452    0.7490    0.1508
...    98 C-G ...
  -58.7164   52.5302  -98.8730
   -0.6055    0.3255    0.7263
    0.4896   -0.5671    0.6623
    0.6275    0.7566    0.1841
...    99 T-A ...
  -56.8885   55.2360  -98.2911
   -0.3067   -0.0943    0.9471
    0.7416   -0.6474    0.1757
    0.5966    0.7563    0.2685
...   100 T-A ...
  -55.1265   57.7805  -97.3585
    0.1381   -0.4803    0.8662
    0.7894   -0.4747   -0.3891
    0.5981    0.7375    0.3136
...   101 T-A ...
  -53.3302   60.1853  -96.1577
    0.5359   -0.6951    0.4792
    0.5841   -0.1047   -0.8049
    0.6097    0.7113    0.3499
...   102 A-T ...
  -51.1147   62.3994  -94.9757
    0.7275   -0.6752   -0.1223
    0.1856    0.3652   -0.9122
    0.6606    0.6409    0.3910
...   103 T-A ...
  -48.9555   64.0740  -93.1260
    0.7226   -0.3878   -0.5722
   -0.2052    0.6701   -0.7133
    0.6601    0.6329    0.4047
...   104 G-C ...
  -46.7037   66.3256  -92.1131
    0.4254    0.0587   -0.9031
   -0.5629    0.7985   -0.2133
    0.7086    0.5991    0.3727
...   105 C-G ...
  -44.0467   68.0314  -90.9739
    0.0263    0.4940   -0.8690
   -0.6950    0.6339    0.3393
    0.7185    0.5951    0.3601
...   106 T-A ...
  -41.4436   69.9040  -90.0066
   -0.3745    0.7499   -0.5453
   -0.5939    0.2576    0.7622
    0.7120    0.6093    0.3489
...   107 T-A ...
  -38.9433   71.7871  -89.0783
   -0.6299    0.7764    0.0210
   -0.2795   -0.2518    0.9266
    0.7246    0.5778    0.3756
...   108 C-G ...
  -36.4889   73.6679  -87.9174
   -0.6993    0.4462    0.5585
    0.1403   -0.6804    0.7193
    0.7009    0.5813    0.4133
...   109 C-G ...
  -34.2035   75.8550  -86.7026
   -0.5859   -0.0656    0.8077
    0.4976   -0.8158    0.2947
    0.6396    0.5746    0.5106
...   110 G-C ...
  -31.9228   77.4892  -84.8318
   -0.3135   -0.5954    0.7397
    0.7543   -0.6293   -0.1869
    0.5768    0.4994    0.6464
...   111 G-C ...
  -30.3116   79.1177  -82.3615
    0.0770   -0.8957    0.4379
    0.8291   -0.1864   -0.5272
    0.5538    0.4036    0.7283
...   112 C-G ...
  -28.8334   80.1796  -79.5956
    0.4852   -0.8738    0.0333
    0.6761    0.3507   -0.6480
    0.5545    0.3369    0.7610
...   113 T-A ...
  -27.0738   80.9065  -76.8756
    0.7412   -0.5636   -0.3646
    0.3428    0.7848   -0.5163
    0.5771    0.2578    0.7749
...   114 C-G ...
  -25.0261   81.5502  -74.3705
    0.7975    0.0241   -0.6029
   -0.1532    0.9745   -0.1638
    0.5836    0.2230    0.7809
...   115 G-C ...
  -23.0674   82.7516  -71.8912
    0.5314    0.5842   -0.6134
   -0.5647    0.7841    0.2575
    0.6314    0.2096    0.7466
...   116 T-A ...
  -20.5396   83.0552  -69.6753
    0.1428    0.9194   -0.3664
   -0.7685    0.3363    0.5443
    0.6237    0.2039    0.7546
...   117 A-T ...
  -18.9187   83.5319  -66.6874
   -0.3710    0.9175    0.1436
   -0.6964   -0.3771    0.6105
    0.6143    0.1265    0.7789
...   118 T-A ...
  -16.5286   84.3122  -64.5365
   -0.6768    0.5878    0.4431
   -0.4136   -0.8016    0.4316
    0.6089    0.1089    0.7857
...   119 A-T ...
  -14.5289   84.5040  -61.8418
   -0.8365   -0.0301    0.5471
    0.0798   -0.9945    0.0673
    0.5421    0.1000    0.8344
...   120 A-T ...
  -12.8855   84.9798  -59.0978
   -0.6670   -0.5970    0.4457
    0.5452   -0.7989   -0.2542
    0.5078    0.0735    0.8583
...   121 T-A ...
  -11.7546   85.5718  -56.0915
   -0.3191   -0.9216    0.2210
    0.8138   -0.3859   -0.4345
    0.4857    0.0412    0.8731
...   122 G-C ...
  -10.0596   85.3133  -53.1960
    0.1450   -0.9726   -0.1819
    0.8803    0.2108   -0.4249
    0.4516   -0.0985    0.8867
...   123 T-A ...
   -9.0710   84.5491  -50.1327
    0.5794   -0.7040   -0.4107
    0.6805    0.6952   -0.2317
    0.4486   -0.1452    0.8819
...   124 G-C ...
   -7.2102   84.1415  -47.3694
    0.8468   -0.1349   -0.5145
    0.2248    0.9674    0.1163
    0.4821   -0.2141    0.8495
...   125 T-A ...
   -5.5581   82.8039  -44.7587
    0.8355    0.4167   -0.3581
   -0.2710    0.8795    0.3911
    0.4779   -0.2297    0.8478
...   126 C-G ...
   -3.8930   81.9647  -42.0056
    0.4981    0.8669   -0.0197
   -0.7322    0.4326    0.5261
    0.4645   -0.2476    0.8502
...   127 G-C ...
   -2.8084   81.1363  -38.9024
   -0.0599    0.9665    0.2495
   -0.8941   -0.1631    0.4171
    0.4438   -0.1981    0.8740
...   128 A-T ...
   -1.2467   80.3515  -36.0970
   -0.6008    0.6726    0.4321
   -0.6871   -0.7107    0.1510
    0.4086   -0.2062    0.8891
...   129 C-G ...
    0.4029   80.1784  -33.2269
   -0.8926    0.1948    0.4065
   -0.2623   -0.9579   -0.1169
    0.3666   -0.2110    0.9061
...   130 C-G ...
    1.6513   79.7527  -30.1085
   -0.9296   -0.3327    0.1586
    0.2702   -0.9079   -0.3207
    0.2507   -0.2552    0.9338
...   131 A-T ...
    2.4097   78.7284  -26.9901
   -0.6438   -0.7395   -0.1965
    0.7556   -0.5741   -0.3153
    0.1203   -0.3515    0.9284
...   132 A-T ...
    2.5534   77.5505  -23.9865
   -0.1054   -0.9149   -0.3896
    0.9909   -0.0636   -0.1186
    0.0837   -0.3985    0.9133
...   133 A-T ...
    2.5944   76.1045  -21.0879
    0.4827   -0.7756   -0.4067
    0.8735    0.4601    0.1593
    0.0636   -0.4321    0.8996
...   134 T-A ...
    2.3094   74.2287  -18.3853
    0.8657   -0.4292   -0.2574
    0.4984    0.7868    0.3642
    0.0462   -0.4436    0.8950
...   135 G-C ...
    1.4370   72.0949  -15.6002
    0.9809    0.0621    0.1844
   -0.1263    0.9241    0.3606
   -0.1480   -0.3770    0.9143
...   136 T-A ...
    0.5300   69.2374  -13.4652
    0.7353    0.4962    0.4617
   -0.6117    0.7791    0.1369
   -0.2918   -0.3831    0.8764
...   137 G-C ...
   -0.1631   67.4090  -10.8055
    0.1799    0.8794    0.4409
   -0.9276    0.3008   -0.2216
   -0.3275   -0.3691    0.8698
...   138 A-T ...
   -0.1294   66.2155   -7.8180
   -0.3749    0.8569    0.3537
   -0.8857   -0.2184   -0.4097
   -0.2739   -0.4669    0.8408
...   139 G-C ...
   -1.0031   65.6051   -4.9383
   -0.8337    0.5216    0.1812
   -0.5170   -0.6221   -0.5880
   -0.1940   -0.5840    0.7883
...   140 C-G ...
   -0.6941   63.8985   -2.2497
   -0.9992    0.0157   -0.0376
    0.0023   -0.8992   -0.4375
   -0.0406   -0.4373    0.8984
...   141 G-C ...
   -3.4331   60.2358    1.0303
   -0.4426    0.2288   -0.8671
    0.1684   -0.9285   -0.3310
   -0.8808   -0.2925    0.3724
...   142 C-G ...
   -6.3247   59.0805    1.6314
   -0.2968   -0.3279   -0.8969
    0.5658   -0.8170    0.1115
   -0.7693   -0.4743    0.4280
...   143 T-A ...
   -8.6731   58.7217    3.6047
   -0.0344   -0.7815   -0.6229
    0.6534   -0.4892    0.5777
   -0.7562   -0.3872    0.5275
...   144 C-G ...
  -11.6514   58.0075    4.7219
    0.2453   -0.9542   -0.1714
    0.6321    0.0234    0.7745
   -0.7350   -0.2984    0.6089
...   145 A-T ...
  -14.1725   56.5627    6.1819
    0.5795   -0.7268    0.3686
    0.3140    0.6165    0.7220
   -0.7520   -0.3027    0.5855
...   146 C-G ...
  -16.4614   53.8914    7.5170
    0.5336   -0.3333    0.7773
   -0.0346    0.9097    0.4138
   -0.8450   -0.2477    0.4739
...   147 A-T ...
  -19.0125   52.0328    8.9268
    0.2451    0.2906    0.9249
   -0.3073    0.9281   -0.2101
   -0.9195   -0.2327    0.3168
