  147 base-pairs
...     1 A-T ...
    0.0000    0.0000    0.0000
    1.0000    0.0000    0.0000
    0.0000    1.0000    0.0000
    0.0000    0.0000    1.0000
...     2 G-C ...
   -0.1404   -1.2353    3.2259
    0.7530    0.6366    0.1668
   -0.6385    0.7681   -0.0490
   -0.1593   -0.0696    0.9848
...     3 T-A ...
   -0.0377   -3.2918    6.3749
    0.2722    0.9302    0.2464
   -0.9238    0.3243   -0.2034
   -0.2691   -0.1722    0.9476
...     4 G-C ...
   -0.3520   -4.1638    9.4928
   -0.3756    0.9250    0.0576
   -0.8780   -0.3352   -0.3416
   -0.2967   -0.1788    0.9381
...     5 A-T ...
   -0.4480   -4.1448   12.7498
   -0.8116    0.5839   -0.0166
   -0.5522   -0.7762   -0.3042
   -0.1905   -0.2377    0.9525
...     6 G-C ...
   -1.5926   -4.1701   15.6201
   -0.9976    0.0246   -0.0651
   -0.0043   -0.9555   -0.2950
   -0.0694   -0.2940    0.9533
...     7 C-G ...
   -1.1050   -4.4793   18.7363
   -0.8442   -0.5302   -0.0787
    0.5343   -0.8442   -0.0430
   -0.0437   -0.0784    0.9960
...     8 G-C ...
   -2.4044   -7.7255   23.1483
   -0.2753   -0.3294   -0.9032
    0.6650   -0.7437    0.0686
   -0.6943   -0.5817    0.4238
...     9 C-G ...
   -4.4706   -9.9691   24.1142
    0.1145   -0.7026   -0.7023
    0.8512   -0.2951    0.4341
   -0.5123   -0.6475    0.5642
...    10 T-A ...
   -6.7420  -10.8705   25.9717
    0.4841   -0.8363   -0.2573
    0.6594    0.1554    0.7356
   -0.5752   -0.5257    0.6267
...    11 C-G ...
   -9.1682  -12.6167   27.1662
    0.7073   -0.6683    0.2306
    0.3450    0.6110    0.7125
   -0.6170   -0.4243    0.6627
...    12 A-T ...
  -10.9253  -14.6583   29.0713
    0.7515   -0.1377    0.6452
   -0.2027    0.8824    0.4245
   -0.6278   -0.4498    0.6352
...    13 C-G ...
  -11.8495  -17.4796   31.2472
    0.4294    0.2824    0.8578
   -0.5708    0.8209    0.0155
   -0.6998   -0.4963    0.5137
...    14 A-T ...
  -13.5915  -19.7756   33.4284
   -0.1503    0.6106    0.7775
   -0.6874    0.5007   -0.5261
   -0.7106   -0.6135    0.3445
...    15 A-T ...
  -15.7469  -21.8743   34.6638
   -0.5228    0.7881    0.3250
   -0.4461    0.0720   -0.8921
   -0.7265   -0.6113    0.3139
...    16 T-A ...
  -17.9061  -23.7396   36.2751
   -0.6536    0.7342   -0.1840
   -0.1093   -0.3321   -0.9369
   -0.7489   -0.5922    0.2973
...    17 T-A ...
  -20.3775  -25.5223   37.3354
   -0.5474    0.4581   -0.7004
    0.2759   -0.6913   -0.6678
   -0.7901   -0.5587    0.2520
...    18 T-A ...
  -23.0484  -27.1461   38.1256
   -0.2410    0.0268   -0.9702
    0.5168   -0.8425   -0.1517
   -0.8215   -0.5380    0.1891
...    19 A-T ...
  -25.8848  -28.9018   38.3954
    0.2100   -0.3927   -0.8954
    0.4993   -0.7442    0.4436
   -0.8406   -0.5402    0.0398
...    20 T-A ...
  -28.8707  -30.2326   38.0112
    0.4412   -0.7174   -0.5392
    0.2994   -0.4487    0.8420
   -0.8460   -0.5329    0.0169
...    21 T-A ...
  -31.6747  -31.8783   37.7449
    0.4950   -0.8666    0.0631
   -0.0347    0.0528    0.9980
   -0.8682   -0.4962   -0.0039
...    22 C-G ...
  -34.4679  -33.6628   37.6218
    0.3452   -0.6654    0.6619
   -0.3464    0.5651    0.7488
   -0.8723   -0.4878   -0.0354
...    23 G-C ...
  -37.6036  -34.9090   37.7703
    0.0935   -0.1854    0.9782
   -0.4850    0.8496    0.2074
   -0.8695   -0.4938   -0.0105
...    24 C-G ...
  -40.3343  -36.8655   37.6255
   -0.1827    0.3375    0.9234
   -0.4288    0.8178   -0.3838
   -0.8847   -0.4661   -0.0047
...    25 A-T ...
  -43.3704  -38.2296   37.2774
   -0.3245    0.7935    0.5149
   -0.2141    0.4686   -0.8570
   -0.9213   -0.3884    0.0179
...    26 A-T ...
  -46.3293  -39.5271   37.5159
   -0.3599    0.9305   -0.0688
    0.0291   -0.0625   -0.9976
   -0.9326   -0.3610   -0.0046
...    27 A-T ...
  -49.3839  -40.5614   37.6331
   -0.2222    0.7544   -0.6176
    0.2237   -0.5771   -0.7854
   -0.9490   -0.3127   -0.0405
...    28 G-C ...
  -52.6103  -41.2380   37.5271
    0.0422    0.3724   -0.9271
    0.2818   -0.8947   -0.3465
   -0.9585   -0.2467   -0.1427
...    29 G-C ...
  -55.8556  -41.6029   36.6668
    0.3009   -0.1433   -0.9428
    0.1487   -0.9695    0.1948
   -0.9420   -0.1988   -0.2704
...    30 C-G ...
  -58.8569  -41.9002   35.2689
    0.3780   -0.6442   -0.6650
   -0.0960   -0.7417    0.6639
   -0.9208   -0.1871   -0.3422
...    31 C-G ...
  -61.7203  -42.6989   33.6171
    0.3045   -0.9393   -0.1579
   -0.3599   -0.2669    0.8940
   -0.8819   -0.2154   -0.4194
...    32 G-C ...
  -64.7850  -43.7110   32.5835
    0.0607   -0.9077    0.4152
   -0.5274    0.3240    0.7854
   -0.8474   -0.2666   -0.4591
...    33 G-C ...
  -67.5226  -44.8059   30.8794
   -0.2328   -0.5493    0.8025
   -0.4766    0.7838    0.3982
   -0.8478   -0.2898   -0.4442
...    34 C-G ...
  -70.1895  -46.0706   29.2547
   -0.4544    0.0006    0.8908
   -0.2427    0.9621   -0.1244
   -0.8571   -0.2727   -0.4370
...    35 C-G ...
  -73.0006  -47.2453   27.7344
   -0.4519    0.5609    0.6937
    0.0802    0.8000   -0.5946
   -0.8885   -0.2131   -0.4065
...    36 C-G ...
  -76.0013  -48.2195   26.4748
   -0.2401    0.9267    0.2891
    0.3397    0.3592   -0.8693
   -0.9094   -0.1106   -0.4010
...    37 G-C ...
  -78.8974  -48.5414   24.7632
    0.1405    0.9747   -0.1736
    0.4238   -0.2177   -0.8792
   -0.8948    0.0499   -0.4436
...    38 A-T ...
  -81.8119  -48.2737   23.3303
    0.4355    0.6589   -0.6134
    0.2493   -0.7430   -0.6211
   -0.8650    0.1176   -0.4878
...    39 C-G ...
  -84.6027  -47.2503   21.9555
    0.5572    0.1656   -0.8137
   -0.0422   -0.9730   -0.2269
   -0.8293    0.1608   -0.5351
...    40 A-T ...
  -87.2175  -46.7641   19.9046
    0.5328   -0.4333   -0.7269
   -0.4102   -0.8836    0.2260
   -0.7402    0.1778   -0.6485
...    41 C-G ...
  -89.1912  -45.7510   17.4197
    0.2469   -0.8420   -0.4796
   -0.6610   -0.5083    0.5520
   -0.7086    0.1807   -0.6821
...    42 G-C ...
  -91.7770  -45.5835   15.2380
   -0.1512   -0.9880   -0.0321
   -0.7357    0.0908    0.6712
   -0.6603    0.1251   -0.7406
...    43 A-T ...
  -93.8743  -45.2341   12.6836
   -0.5865   -0.7192    0.3725
   -0.4913    0.6815    0.5424
   -0.6439    0.1351   -0.7531
...    44 C-G ...
  -95.7859  -45.3122    9.9005
   -0.7678   -0.2260    0.5995
   -0.0846    0.9633    0.2547
   -0.6350    0.1448   -0.7588
...    45 T-A ...
  -97.9601  -45.1034    7.3601
   -0.6676    0.3408    0.6619
    0.3648    0.9248   -0.1083
   -0.6490    0.1692   -0.7417
...    46 T-A ...
 -100.1356  -44.7814    4.9582
   -0.3298    0.8208    0.4665
    0.7068    0.5422   -0.4543
   -0.6258    0.1799   -0.7590
...    47 A-T ...
 -102.0766  -44.0905    2.3048
    0.2217    0.9616    0.1616
    0.7645   -0.0685   -0.6410
   -0.6053    0.2656   -0.7503
...    48 C-G ...
 -104.4204  -42.9832    0.2886
    0.6294    0.7617   -0.1540
    0.5267   -0.5638   -0.6361
   -0.5713    0.3192   -0.7561
...    49 T-A ...
 -106.2492  -41.5601   -2.0748
    0.8674    0.3077   -0.3911
    0.0885   -0.8688   -0.4872
   -0.4897    0.3880   -0.7808
...    50 G-C ...
 -107.5553  -40.3319   -4.9236
    0.8156   -0.2968   -0.4968
   -0.4526   -0.8621   -0.2279
   -0.3606    0.4107   -0.8374
...    51 T-A ...
 -108.1823  -38.5817   -7.6668
    0.4569   -0.7257   -0.5145
   -0.8300   -0.5559    0.0470
   -0.3201    0.4055   -0.8562
...    52 A-T ...
 -109.6144  -37.3774  -10.5072
   -0.2021   -0.9000   -0.3863
   -0.9349    0.0598    0.3498
   -0.2917    0.4319   -0.8535
...    53 G-C ...
 -110.3034  -36.0704  -13.5177
   -0.6823   -0.7221   -0.1143
   -0.6719    0.5577    0.4873
   -0.2882    0.4093   -0.8657
...    54 G-C ...
 -111.1768  -34.8913  -16.5879
   -0.9330   -0.2882    0.2157
   -0.1638    0.8735    0.4585
   -0.3205    0.3925   -0.8621
...    55 T-A ...
 -112.2513  -34.1588  -19.6975
   -0.8707    0.2348    0.4322
    0.3778    0.8820    0.2818
   -0.3150    0.4086   -0.8566
...    56 A-T ...
 -112.8434  -32.4540  -22.5900
   -0.4151    0.7602    0.4998
    0.8668    0.4974   -0.0366
   -0.2764    0.4181   -0.8653
...    57 T-A ...
 -114.3471  -31.2901  -25.2785
    0.0958    0.9022    0.4206
    0.9600    0.0280   -0.2787
   -0.2632    0.4304   -0.8634
...    58 C-G ...
 -115.2452  -29.8428  -28.0880
    0.6654    0.7111    0.2273
    0.7131   -0.5154   -0.4752
   -0.2208    0.4783   -0.8500
...    59 T-A ...
 -115.9721  -27.9419  -30.7065
    0.9617    0.2734    0.0175
    0.2375   -0.8001   -0.5509
   -0.1366    0.5340   -0.8344
...    60 C-G ...
 -116.2141  -26.1024  -33.4077
    0.9208   -0.2858   -0.2655
   -0.3837   -0.7865   -0.4839
   -0.0705    0.5474   -0.8339
...    61 G-C ...
 -116.2784  -24.6611  -36.4801
    0.5361   -0.7415   -0.4033
   -0.8420   -0.4356   -0.3183
    0.0604    0.5103   -0.8579
...    62 A-T ...
 -115.8911  -23.0773  -39.3645
   -0.0894   -0.8585   -0.5049
   -0.9915    0.1246   -0.0363
    0.0941    0.4974   -0.8624
...    63 G-C ...
 -115.2740  -21.5819  -42.3035
   -0.6289   -0.6546   -0.4195
   -0.7713    0.5932    0.2307
    0.0978    0.4687   -0.8779
...    64 C-G ...
 -114.7535  -20.3438  -45.3912
   -0.9580   -0.2024   -0.2031
   -0.2722    0.8647    0.4223
    0.0901    0.4598   -0.8834
...    65 T-A ...
 -114.5020  -19.0741  -48.4876
   -0.9483    0.3045    0.0888
    0.3099    0.8297    0.4643
    0.0677    0.4678   -0.8812
...    66 C-G ...
 -114.2445  -17.6121  -51.4545
   -0.5602    0.7409    0.3705
    0.8249    0.4584    0.3307
    0.0752    0.4909   -0.8680
...    67 G-C ...
 -113.5284  -15.8946  -54.2961
    0.0090    0.8035    0.5953
    0.9957   -0.0622    0.0688
    0.0923    0.5921   -0.8006
...    68 G-C ...
 -113.4411  -13.8098  -56.9559
    0.5473    0.5648    0.6176
    0.8232   -0.4964   -0.2755
    0.1510    0.6592   -0.7366
...    69 G-C ...
 -113.0029  -11.3427  -59.2169
    0.8871    0.1191    0.4459
    0.3905   -0.7088   -0.5875
    0.2461    0.6953   -0.6753
...    70 A-T ...
 -112.0630   -9.0109  -61.3236
    0.9290   -0.3668    0.0499
   -0.2041   -0.6201   -0.7575
    0.3088    0.6935   -0.6510
...    71 T-A ...
 -110.7209   -6.4651  -62.9097
    0.6879   -0.6434   -0.3360
   -0.6465   -0.3328   -0.6865
    0.3299    0.6894   -0.6449
...    72 T-A ...
 -109.4053   -4.2091  -64.8495
    0.1843   -0.7079   -0.6818
   -0.9207    0.1186   -0.3719
    0.3441    0.6963   -0.6299
...    73 C-G ...
 -108.1462   -2.0603  -67.0232
   -0.4125   -0.4894   -0.7683
   -0.8338    0.5425    0.1021
    0.3668    0.6828   -0.6319
...    74 A-T ...
 -107.1662    0.3978  -69.0638
   -0.8457   -0.0891   -0.5261
   -0.4085    0.7424    0.5310
    0.3433    0.6640   -0.6643
...    75 T-A ...
 -105.8780    2.0408  -71.6561
   -0.9231    0.3355   -0.1880
    0.0932    0.6693    0.7371
    0.3731    0.6629   -0.6491
...    76 G-C ...
 -104.5564    4.4440  -73.5714
   -0.7085    0.6234    0.3308
    0.6239    0.3343    0.7064
    0.3298    0.7068   -0.6258
...    77 T-A ...
 -103.9508    6.6657  -75.9862
   -0.2730    0.6825    0.6780
    0.9012   -0.0652    0.4286
    0.3367    0.7280   -0.5972
...    78 T-A ...
 -103.0459    9.0632  -77.9753
    0.2890    0.5006    0.8160
    0.8893   -0.4560   -0.0352
    0.3545    0.7358   -0.5769
...    79 A-T ...
 -101.7502   11.5678  -79.7812
    0.7089    0.0473    0.7037
    0.5610   -0.6426   -0.5220
    0.4275    0.7648   -0.4820
...    80 T-A ...
 -100.5693   14.4341  -80.8349
    0.8823   -0.3089    0.3552
    0.1278   -0.5690   -0.8124
    0.4531    0.7621   -0.4625
...    81 A-T ...
  -98.8529   16.8541  -82.3981
    0.7402   -0.6528   -0.1611
   -0.3995   -0.2343   -0.8863
    0.5408    0.7204   -0.4342
...    82 A-T ...
  -96.8933   19.1482  -83.6085
    0.3714   -0.6641   -0.6489
   -0.7446    0.2045   -0.6354
    0.5547    0.7192   -0.4185
...    83 C-G ...
  -94.4997   21.1984  -84.7478
   -0.0935   -0.4533   -0.8865
   -0.8126    0.5492   -0.1951
    0.5752    0.7021   -0.4196
...    84 G-C ...
  -92.9429   23.7632  -86.3121
   -0.5818   -0.0786   -0.8096
   -0.5783    0.7399    0.3437
    0.5720    0.6681   -0.4759
...    85 G-C ...
  -90.9140   25.8344  -88.0901
   -0.8322    0.3263   -0.4483
   -0.1412    0.6571    0.7404
    0.5362    0.6795   -0.5008
...    86 A-T ...
  -89.0535   27.9793  -89.7885
   -0.7508    0.6529    0.1001
    0.3847    0.3091    0.8697
    0.5369    0.6915   -0.4833
...    87 C-G ...
  -87.6246   30.1543  -91.8720
   -0.4386    0.6985    0.5654
    0.7229   -0.0995    0.6837
    0.5339    0.7086   -0.4613
...    88 C-G ...
  -86.0417   32.6122  -93.5897
   -0.0216    0.4506    0.8925
    0.8425   -0.4725    0.2589
    0.5383    0.7575   -0.3694
...    89 G-C ...
  -83.9149   34.9830  -94.7186
    0.3674   -0.0096    0.9300
    0.7194   -0.6308   -0.2907
    0.5895    0.7759   -0.2249
...    90 C-G ...
  -82.2042   37.7907  -95.0916
    0.6579   -0.4082    0.6329
    0.4138   -0.5062   -0.7567
    0.6292    0.7597   -0.1641
...    91 T-A ...
  -80.0589   40.3126  -95.2238
    0.7221   -0.6772    0.1413
    0.0308   -0.1725   -0.9845
    0.6911    0.7153   -0.1037
...    92 T-A ...
  -77.7418   42.5837  -95.3021
    0.6030   -0.6568   -0.4529
   -0.3768    0.2659   -0.8873
    0.7032    0.7057   -0.0872
...    93 T-A ...
  -75.2976   44.7349  -95.3637
    0.2866   -0.3593   -0.8881
   -0.6485    0.6096   -0.4559
    0.7052    0.7066   -0.0583
...    94 A-T ...
  -73.2970   47.4964  -95.5791
   -0.1668    0.1808   -0.9693
   -0.6798    0.6910    0.2459
    0.7142    0.6999    0.0077
...    95 A-T ...
  -70.7576   49.5564  -95.6620
   -0.4971    0.5936   -0.6329
   -0.4631    0.4353    0.7720
    0.7338    0.6768    0.0585
...    96 C-G ...
  -68.1300   51.6109  -96.0326
   -0.6712    0.7321   -0.1161
   -0.1287    0.0392    0.9909
    0.7300    0.6801    0.0679
...    97 A-T ...
  -65.6371   53.7793  -95.5225
   -0.6776    0.5558    0.4817
    0.2853   -0.4051    0.8686
    0.6779    0.7260    0.1159
...    98 C-G ...
  -63.7010   56.4608  -95.5787
   -0.4528    0.2265    0.8624
    0.5951   -0.6435    0.4815
    0.6640    0.7312    0.1566
...    99 T-A ...
  -61.7607   59.0822  -95.0054
   -0.1318   -0.2167    0.9673
    0.7519   -0.6577   -0.0449
    0.6460    0.7214    0.2496
...   100 T-A ...
  -59.8271   61.4989  -94.0809
    0.2810   -0.5860    0.7600
    0.7028   -0.4137   -0.5787
    0.6535    0.6968    0.2956
...   101 T-A ...
  -57.8204   63.7436  -92.9056
    0.6019   -0.7450    0.2877
    0.4362    0.0049   -0.8999
    0.6690    0.6671    0.3279
...   102 A-T ...
  -55.4099   65.8110  -91.8507
    0.6933   -0.6419   -0.3276
    0.0313    0.4810   -0.8762
    0.7200    0.5972    0.3535
...   103 T-A ...
  -52.9641   67.2750  -90.1828
    0.6173   -0.2977   -0.7282
   -0.3194    0.7511   -0.5778
    0.7190    0.5893    0.3686
...   104 G-C ...
  -50.5843   69.4243  -89.2603
    0.2742    0.1829   -0.9441
   -0.5917    0.8060   -0.0157
    0.7581    0.5629    0.3292
...   105 C-G ...
  -47.7899   71.0277  -88.3247
   -0.1138    0.6002   -0.7917
   -0.6362    0.5681    0.5221
    0.7631    0.5631    0.3172
...   106 T-A ...
  -45.0787   72.8234  -87.5349
   -0.4600    0.8009   -0.3833
   -0.4724    0.1447    0.8694
    0.7518    0.5810    0.3118
...   107 T-A ...
  -42.4872   74.6466  -86.7593
   -0.6305    0.7480    0.2075
   -0.1354   -0.3692    0.9194
    0.7643    0.5516    0.3340
...   108 C-G ...
  -39.9210   76.4512  -85.7446
   -0.6210    0.3540    0.6993
    0.2527   -0.7541    0.6062
    0.7419    0.5532    0.3789
...   109 C-G ...
  -37.5439   78.5672  -84.5950
   -0.4706   -0.1780    0.8642
    0.5492   -0.8257    0.1289
    0.6906    0.5353    0.4863
...   110 G-C ...
  -35.0970   80.0552  -82.8249
   -0.2040   -0.6856    0.6988
    0.7398   -0.5755   -0.3487
    0.6412    0.4458    0.6246
...   111 G-C ...
  -33.2462   81.4325  -80.3703
    0.1518   -0.9347    0.3215
    0.7651   -0.0948   -0.6369
    0.6257    0.3426    0.7008
...   112 C-G ...
  -31.4745   82.2241  -77.6867
    0.5101   -0.8518   -0.1192
    0.5874    0.4462   -0.6752
    0.6283    0.2744    0.7280
...   113 T-A ...
  -29.4409   82.7199  -75.1086
    0.7139   -0.4894   -0.5009
    0.2596    0.8492   -0.4598
    0.6504    0.1982    0.7333
...   114 C-G ...
  -27.1610   83.1793  -72.7669
    0.7286    0.1231   -0.6737
   -0.2025    0.9785   -0.0402
    0.6543    0.1657    0.7379
...   115 G-C ...
  -25.0295   84.1954  -70.3556
    0.4460    0.6682   -0.5955
   -0.5663    0.7259    0.3904
    0.6931    0.1631    0.7021
...   116 T-A ...
  -22.3167   84.3857  -68.3584
    0.0715    0.9568   -0.2818
   -0.7260    0.2437    0.6430
    0.6839    0.1586    0.7121
...   117 A-T ...
  -20.4073   84.6642  -65.5380
   -0.3947    0.8841    0.2501
   -0.6240   -0.4577    0.6333
    0.6744    0.0939    0.7324
...   118 T-A ...
  -17.8812   85.3879  -63.5367
   -0.6621    0.5198    0.5398
   -0.3424   -0.8506    0.3991
    0.6666    0.0794    0.7412
...   119 A-T ...
  -15.7003   85.5675  -60.9973
   -0.8008   -0.0965    0.5911
    0.1194   -0.9928   -0.0002
    0.5868    0.0704    0.8066
...   120 A-T ...
  -13.9291   85.9367  -58.3208
   -0.6230   -0.6456    0.4418
    0.5570   -0.7626   -0.3289
    0.5492    0.0412    0.8347
...   121 T-A ...
  -12.6701   86.3893  -55.3435
   -0.2792   -0.9430    0.1813
    0.8029   -0.3328   -0.4946
    0.5268    0.0075    0.8500
...   122 G-C ...
  -10.8389   86.0076  -52.5501
    0.1659   -0.9561   -0.2418
    0.8535    0.2620   -0.4504
    0.4939   -0.1316    0.8595
...   123 T-A ...
   -9.6939   85.1124  -49.5753
    0.5825   -0.6632   -0.4700
    0.6492    0.7275   -0.2221
    0.4892   -0.1757    0.8543
...   124 G-C ...
   -7.7183   84.6324  -46.9112
    0.8313   -0.0833   -0.5496
    0.1996    0.9675    0.1553
    0.5188   -0.2388    0.8209
...   125 T-A ...
   -5.9451   83.2231  -44.4169
    0.8109    0.4576   -0.3648
   -0.2834    0.8524    0.4394
    0.5120   -0.2529    0.8209
...   126 C-G ...
   -4.1842   82.2981  -41.7541
    0.4730    0.8810    0.0023
   -0.7279    0.3893    0.5644
    0.4963   -0.2686    0.8255
...   127 G-C ...
   -2.9952   81.3513  -38.7283
   -0.0783    0.9560    0.2829
   -0.8796   -0.1998    0.4317
    0.4692   -0.2150    0.8565
...   128 A-T ...
   -1.3540   80.5146  -35.9913
   -0.6065    0.6479    0.4608
   -0.6686   -0.7293    0.1453
    0.4302   -0.2200    0.8755
...   129 C-G ...
    0.3442   80.3092  -33.1628
   -0.8895    0.1705    0.4240
   -0.2474   -0.9597   -0.1330
    0.3843   -0.2232    0.8958
...   130 C-G ...
    1.6195   79.8529  -30.0654
   -0.9235   -0.3470    0.1634
    0.2780   -0.8992   -0.3379
    0.2642   -0.2667    0.9269
...   131 A-T ...
    2.3876   78.7978  -26.9624
   -0.6407   -0.7409   -0.2014
    0.7569   -0.5657   -0.3272
    0.1285   -0.3621    0.9233
...   132 A-T ...
    2.5451   77.5845  -23.9736
   -0.1042   -0.9117   -0.3973
    0.9905   -0.0591   -0.1243
    0.0899   -0.4065    0.9092
...   133 A-T ...
    2.5917   76.1132  -21.0862
    0.4829   -0.7733   -0.4108
    0.8731    0.4611    0.1584
    0.0669   -0.4352    0.8979
...   134 T-A ...
    2.3095   74.2286  -18.3855
    0.8657   -0.4292   -0.2574
    0.4984    0.7868    0.3642
    0.0462   -0.4436    0.8950
...   135 G-C ...
    1.4371   72.0947  -15.6004
    0.9809    0.0621    0.1844
   -0.1263    0.9241    0.3606
   -0.1480   -0.3770    0.9143
...   136 T-A ...
    0.5301   69.2372  -13.4653
    0.7353    0.4962    0.4617
   -0.6117    0.7791    0.1369
   -0.2918   -0.3831    0.8764
...   137 G-C ...
   -0.1630   67.4088  -10.8056
    0.1799    0.8794    0.4409
   -0.9276    0.3008   -0.2216
   -0.3275   -0.3691    0.8698
...   138 A-T ...
   -0.1293   66.2153   -7.8182
   -0.3749    0.8569    0.3537
   -0.8857   -0.2184   -0.4097
   -0.2739   -0.4669    0.8408
...   139 G-C ...
   -1.0030   65.6049   -4.9385
   -0.8337    0.5216    0.1812
   -0.5170   -0.6221   -0.5880
   -0.1940   -0.5840    0.7883
...   140 C-G ...
   -0.6940   63.8983   -2.2499
   -0.9992    0.0157   -0.0376
    0.0023   -0.8992   -0.4375
   -0.0406   -0.4373    0.8984
...   141 G-C ...
   -3.4330   60.2355    1.0301
   -0.4426    0.2288   -0.8671
    0.1684   -0.9285   -0.3310
   -0.8808   -0.2925    0.3724
...   142 C-G ...
   -6.3246   59.0803    1.6313
   -0.2968   -0.3279   -0.8969
    0.5658   -0.8170    0.1115
   -0.7693   -0.4743    0.4280
...   143 T-A ...
   -8.6731   58.7214    3.6046
   -0.0344   -0.7815   -0.6229
    0.6534   -0.4892    0.5777
   -0.7562   -0.3872    0.5275
...   144 C-G ...
  -11.6513   58.0073    4.7218
    0.2453   -0.9542   -0.1714
    0.6321    0.0234    0.7745
   -0.7350   -0.2984    0.6089
...   145 A-T ...
  -14.1724   56.5624    6.1818
    0.5795   -0.7268    0.3686
    0.3140    0.6165    0.7220
   -0.7520   -0.3027    0.5855
...   146 C-G ...
  -16.4613   53.8911    7.5168
    0.5336   -0.3333    0.7773
   -0.0346    0.9097    0.4138
   -0.8450   -0.2477    0.4739
...   147 A-T ...
  -19.0124   52.0326    8.9267
    0.2451    0.2906    0.9249
   -0.3073    0.9281   -0.2101
   -0.9195   -0.2327    0.3168
