  147 base-pairs
...     1 A-T ...
    0.0000    0.0000    0.0000
    1.0000    0.0000    0.0000
    0.0000    1.0000    0.0000
    0.0000    0.0000    1.0000
...     2 G-C ...
   -0.1404   -1.2353    3.2259
    0.7530    0.6366    0.1668
   -0.6385    0.7681   -0.0490
   -0.1593   -0.0696    0.9848
...     3 T-A ...
   -0.0377   -3.2918    6.3749
    0.2722    0.9302    0.2464
   -0.9238    0.3243   -0.2034
   -0.2691   -0.1722    0.9476
...     4 G-C ...
   -0.3520   -4.1638    9.4928
   -0.3756    0.9250    0.0576
   -0.8780   -0.3352   -0.3416
   -0.2967   -0.1788    0.9381
...     5 A-T ...
   -0.4480   -4.1448   12.7498
   -0.8116    0.5839   -0.0166
   -0.5522   -0.7762   -0.3042
   -0.1905   -0.2377    0.9525
...     6 G-C ...
   -1.5926   -4.1701   15.6201
   -0.9976    0.0246   -0.0651
   -0.0043   -0.9555   -0.2950
   -0.0694   -0.2940    0.9533
...     7 C-G ...
   -1.1050   -4.4793   18.7363
   -0.8442   -0.5302   -0.0787
    0.5343   -0.8442   -0.0430
   -0.0437   -0.0784    0.9960
...     8 G-C ...
   -2.4044   -7.7255   23.1483
   -0.2753   -0.3294   -0.9032
    0.6650   -0.7437    0.0686
   -0.6943   -0.5817    0.4238
...     9 C-G ...
   -4.4706   -9.9691   24.1142
    0.1145   -0.7026   -0.7023
    0.8512   -0.2951    0.4341
   -0.5123   -0.6475    0.5642
...    10 T-A ...
   -6.7420  -10.8705   25.9717
    0.4841   -0.8363   -0.2573
    0.6594    0.1554    0.7356
   -0.5752   -0.5257    0.6267
...    11 C-G ...
   -9.1682  -12.6167   27.1662
    0.7073   -0.6683    0.2306
    0.3450    0.6110    0.7125
   -0.6170   -0.4243    0.6627
...    12 A-T ...
  -10.9253  -14.6583   29.0713
    0.7515   -0.1377    0.6452
   -0.2027    0.8824    0.4245
   -0.6278   -0.4498    0.6352
...    13 C-G ...
  -11.8495  -17.4796   31.2472
    0.4294    0.2824    0.8578
   -0.5708    0.8209    0.0155
   -0.6998   -0.4963    0.5137
...    14 A-T ...
  -13.5915  -19.7756   33.4284
   -0.1503    0.6106    0.7775
   -0.6874    0.5007   -0.5261
   -0.7106   -0.6135    0.3445
...    15 A-T ...
  -15.7145  -21.9027   34.6802
   -0.5327    0.7767    0.3363
   -0.4459    0.0802   -0.8915
   -0.7194   -0.6248    0.3036
...    16 T-A ...
  -17.8413  -23.8365   36.2650
   -0.6687    0.7247   -0.1663
   -0.1032   -0.3120   -0.9445
   -0.7363   -0.6144    0.2834
...    17 T-A ...
  -20.2555  -25.7031   37.3104
   -0.5634    0.4671   -0.6815
    0.2914   -0.6595   -0.6929
   -0.7731   -0.5890    0.2355
...    18 T-A ...
  -22.8680  -27.4258   38.0627
   -0.2467    0.0711   -0.9665
    0.5412   -0.8172   -0.1983
   -0.8039   -0.5719    0.1632
...    19 A-T ...
  -25.7741  -29.0689   38.1717
    0.2346   -0.2661   -0.9349
    0.5275   -0.7730    0.3524
   -0.8165   -0.5759   -0.0410
...    20 T-A ...
  -28.6691  -30.4699   37.5667
    0.4880   -0.6046   -0.6295
    0.3160   -0.5499    0.7731
   -0.8136   -0.5763   -0.0773
...    21 T-A ...
  -31.3297  -32.2450   36.9981
    0.5686   -0.8194   -0.0724
   -0.0459   -0.1195    0.9918
   -0.8213   -0.5606   -0.1055
...    22 C-G ...
  -33.8867  -34.2726   36.5156
    0.4151   -0.7355    0.5356
   -0.4066    0.3766    0.8323
   -0.8139   -0.5632   -0.1427
...    23 G-C ...
  -36.7848  -35.9693   36.4295
    0.1177   -0.3628    0.9244
   -0.5974    0.7178    0.3577
   -0.7933   -0.5943   -0.1322
...    24 C-G ...
  -39.2099  -38.2233   35.8840
   -0.2334    0.1082    0.9664
   -0.5484    0.8060   -0.2227
   -0.8030   -0.5819   -0.1287
...    25 A-T ...
  -41.9877  -39.9106   35.1600
   -0.4616    0.5993    0.6540
   -0.2838    0.5988   -0.7489
   -0.8405   -0.5313   -0.1063
...    26 A-T ...
  -44.6568  -41.7513   34.9976
   -0.5347    0.8381    0.1080
    0.0577    0.1637   -0.9848
   -0.8430   -0.5204   -0.1359
...    27 A-T ...
  -47.4354  -43.3793   34.7350
   -0.3692    0.8091   -0.4572
    0.3573   -0.3306   -0.8736
   -0.8579   -0.4859   -0.1670
...    28 G-C ...
  -50.4168  -44.6991   34.2903
   -0.0251    0.5752   -0.8176
    0.4889   -0.7063   -0.5119
   -0.8720   -0.4126   -0.2635
...    29 G-C ...
  -53.4708  -45.6046   33.2089
    0.3534    0.1632   -0.9211
    0.3817   -0.9241   -0.0173
   -0.8541   -0.3455   -0.3888
...    30 C-G ...
  -56.2548  -46.2412   31.5532
    0.5589   -0.3392   -0.7567
    0.0859   -0.8839    0.4597
   -0.8247   -0.3219   -0.4649
...    31 C-G ...
  -58.7094  -47.2734   29.4579
    0.5737   -0.7435   -0.3436
   -0.2979   -0.5801    0.7581
   -0.7630   -0.3326   -0.5543
...    32 G-C ...
  -61.1904  -48.8550   27.8006
    0.3374   -0.9225    0.1874
   -0.6389   -0.0782    0.7653
   -0.6913   -0.3780   -0.6158
...    33 G-C ...
  -63.2584  -50.3543   25.5532
   -0.0636   -0.7938    0.6049
   -0.7413    0.4434    0.5038
   -0.6681   -0.4164   -0.6166
...    34 C-G ...
  -65.2228  -51.9799   23.3605
   -0.4710   -0.4002    0.7861
   -0.5722    0.8169    0.0730
   -0.6714   -0.4154   -0.6137
...    35 C-G ...
  -67.3401  -53.5938   21.2459
   -0.6766    0.1507    0.7207
   -0.1945    0.9074   -0.3724
   -0.7101   -0.3922   -0.5847
...    36 C-G ...
  -69.6416  -55.1810   19.3166
   -0.6105    0.6580    0.4408
    0.2332    0.6813   -0.6939
   -0.7569   -0.3208   -0.5694
...    37 G-C ...
  -71.9526  -56.1032   17.0403
   -0.2621    0.9629    0.0639
    0.5545    0.2045   -0.8066
   -0.7898   -0.1760   -0.5876
...    38 A-T ...
  -74.5546  -56.6635   15.1643
    0.1702    0.9148   -0.3662
    0.6039   -0.3905   -0.6949
   -0.7787   -0.1029   -0.6189
...    39 C-G ...
  -77.3546  -56.5125   13.4907
    0.5110    0.5875   -0.6275
    0.4124   -0.8080   -0.4207
   -0.7542   -0.0438   -0.6552
...    40 A-T ...
  -79.7050  -56.5436   11.0969
    0.7555    0.0448   -0.6536
    0.0126   -0.9985   -0.0539
   -0.6550    0.0325   -0.7549
...    41 C-G ...
  -81.5799  -55.7895    8.4814
    0.6747   -0.4862   -0.5553
   -0.4113   -0.8724    0.2642
   -0.6129    0.0501   -0.7886
...    42 G-C ...
  -83.5303  -56.1256    5.7479
    0.3648   -0.8987   -0.2435
   -0.7749   -0.4380    0.4557
   -0.5162    0.0224   -0.8562
...    43 A-T ...
  -85.0800  -56.1111    2.8198
   -0.1856   -0.9798    0.0740
   -0.8491    0.1978    0.4898
   -0.4946    0.0281   -0.8687
...    44 C-G ...
  -86.2065  -56.3187   -0.3510
   -0.6221   -0.7160    0.3167
   -0.6152    0.6973    0.3679
   -0.4843    0.0340   -0.8743
...    45 T-A ...
  -87.7129  -56.4941   -3.3333
   -0.8485   -0.2167    0.4828
   -0.1707    0.9756    0.1380
   -0.5009    0.0347   -0.8648
...    46 T-A ...
  -89.2565  -56.6482   -6.2029
   -0.8002    0.3989    0.4479
    0.3754    0.9155   -0.1447
   -0.4677    0.0523   -0.8823
...    47 A-T ...
  -90.6037  -56.2721   -9.2619
   -0.3745    0.8748    0.3075
    0.7981    0.4729   -0.3734
   -0.4720    0.1056   -0.8752
...    48 C-G ...
  -92.6560  -56.0350  -11.8214
    0.1277    0.9853    0.1137
    0.8759   -0.0583   -0.4789
   -0.4652    0.1607   -0.8705
...    49 T-A ...
  -94.3718  -55.2283  -14.5297
    0.6162    0.7847   -0.0674
    0.6647   -0.5641   -0.4898
   -0.4224    0.2570   -0.8692
...    50 G-C ...
  -95.4552  -54.1980  -17.5386
    0.9349    0.2889   -0.2063
    0.1838   -0.8912   -0.4147
   -0.3037    0.3498   -0.8862
...    51 T-A ...
  -96.2288  -52.4472  -20.2208
    0.9040   -0.2403   -0.3535
   -0.3445   -0.8992   -0.2698
   -0.2530    0.3657   -0.8957
...    52 A-T ...
  -97.0434  -51.4300  -23.3214
    0.5057   -0.7534   -0.4203
   -0.8385   -0.5439   -0.0338
   -0.2032    0.3695   -0.9067
...    53 G-C ...
  -97.3467  -50.1509  -26.3945
   -0.0280   -0.9385   -0.3441
   -0.9847   -0.0335    0.1712
   -0.1722    0.3436   -0.9232
...    54 G-C ...
  -97.6622  -49.1823  -29.6386
   -0.5719   -0.8064   -0.1504
   -0.8016    0.5105    0.3112
   -0.1742    0.2986   -0.9384
...    55 T-A ...
  -97.8218  -48.6249  -32.9564
   -0.9160   -0.3993    0.0398
   -0.3612    0.8637    0.3515
   -0.1747    0.3075   -0.9354
...    56 A-T ...
  -98.2459  -47.0148  -35.9395
   -0.9327    0.2836    0.2227
    0.3392    0.8995    0.2753
   -0.1222    0.3324   -0.9352
...    57 T-A ...
  -98.9955  -46.4751  -39.1105
   -0.6226    0.7079    0.3334
    0.7747    0.6179    0.1347
   -0.1107    0.3421   -0.9331
...    58 C-G ...
  -99.3987  -45.3861  -42.1894
   -0.0310    0.9167    0.3983
    0.9941    0.0698   -0.0832
   -0.1041    0.3933   -0.9135
...    59 T-A ...
  -99.9953  -43.8857  -45.0855
    0.5139    0.7715    0.3752
    0.8546   -0.4226   -0.3016
   -0.0741    0.4756   -0.8765
...    60 C-G ...
 -100.1846  -42.1800  -47.8721
    0.9222    0.3424    0.1799
    0.3859   -0.7833   -0.4874
   -0.0259    0.5189   -0.8545
...    61 G-C ...
  -99.8449  -40.6211  -50.8540
    0.9737   -0.2269   -0.0186
   -0.1971   -0.7991   -0.5680
    0.1141    0.5567   -0.8228
...    62 A-T ...
  -99.2454  -38.7667  -53.5165
    0.6561   -0.6766   -0.3343
   -0.7376   -0.4814   -0.4735
    0.1594    0.5573   -0.8149
...    63 G-C ...
  -98.3570  -36.8855  -56.1344
    0.1376   -0.8495   -0.5093
   -0.9710   -0.0142   -0.2388
    0.1957    0.5274   -0.8268
...    64 C-G ...
  -97.2976  -35.3173  -58.9075
   -0.4393   -0.7159   -0.5427
   -0.8743    0.4795    0.0753
    0.2063    0.5076   -0.8365
...    65 T-A ...
  -96.4182  -33.8839  -61.8060
   -0.8546   -0.3409   -0.3917
   -0.4820    0.8013    0.3543
    0.1931    0.4916   -0.8491
...    66 C-G ...
  -95.7099  -32.3252  -64.6447
   -0.9725    0.2161   -0.0866
    0.1382    0.8351    0.5325
    0.1874    0.5059   -0.8420
...    67 G-C ...
  -94.8352  -30.2998  -67.2157
   -0.7298    0.6023    0.3233
    0.6727    0.5483    0.4969
    0.1220    0.5801   -0.8053
...    68 G-C ...
  -94.6097  -28.4458  -70.0371
   -0.2450    0.7438    0.6219
    0.9640    0.1189    0.2377
    0.1029    0.6578   -0.7462
...    69 G-C ...
  -94.5373  -26.1462  -72.5066
    0.3117    0.6091    0.7293
    0.9417   -0.3004   -0.1515
    0.1268    0.7340   -0.6672
...    70 A-T ...
  -94.1331  -23.6568  -74.5933
    0.7975    0.2677    0.5406
    0.5800   -0.5865   -0.5653
    0.1658    0.7644   -0.6230
...    71 T-A ...
  -93.7877  -20.7657  -76.1024
    0.9777   -0.0848    0.1919
    0.0965   -0.6305   -0.7702
    0.1863    0.7715   -0.6083
...    72 C-G ...
  -92.9460  -18.2185  -77.9954
    0.8366   -0.4687   -0.2836
   -0.4957   -0.4271   -0.7562
    0.2333    0.7732   -0.5896
...    73 C-G ...
  -91.6957  -15.7122  -79.9120
    0.4001   -0.6724   -0.6228
   -0.8642   -0.0505   -0.5006
    0.3051    0.7385   -0.6013
...    74 G-C ...
  -90.9997  -13.3394  -82.2188
   -0.1983   -0.6175   -0.7611
   -0.9194    0.3864   -0.0740
    0.3398    0.6851   -0.6444
...    75 C-G ...
  -89.5452  -11.3010  -84.4544
   -0.6894   -0.3018   -0.6586
   -0.6436    0.6724    0.3656
    0.3325    0.6759   -0.6578
...    76 T-A ...
  -88.3560   -9.2835  -86.8462
   -0.9400    0.0970   -0.3270
   -0.1570    0.7281    0.6673
    0.3028    0.6786   -0.6692
...    77 T-A ...
  -87.3200   -7.2704  -89.1913
   -0.8472    0.5181    0.1173
    0.4191    0.5163    0.7468
    0.3264    0.6819   -0.6546
...    78 T-A ...
  -86.3703   -5.1615  -91.4751
   -0.4473    0.7157    0.5364
    0.8292    0.1071    0.5487
    0.3352    0.6902   -0.6413
...    79 C-G ...
  -85.3322   -2.8645  -93.5856
    0.1170    0.5983    0.7927
    0.9331   -0.3395    0.1185
    0.3400    0.7258   -0.5980
...    80 A-T ...
  -84.0033   -0.4334  -95.4906
    0.5852    0.1982    0.7863
    0.7107   -0.5924   -0.3796
    0.3906    0.7809   -0.4875
...    81 T-A ...
  -83.0721    2.4979  -96.6356
    0.8579   -0.1491    0.4917
    0.3162   -0.6012   -0.7339
    0.4050    0.7851   -0.4686
...    82 G-C ...
  -81.4064    4.9200  -98.2618
    0.8368   -0.5474    0.0131
   -0.2192   -0.3568   -0.9081
    0.5018    0.7570   -0.4186
...    83 T-A ...
  -79.4007    7.4543  -99.0770
    0.5762   -0.6674   -0.4717
   -0.6259    0.0108   -0.7798
    0.5256    0.7446   -0.4115
...    84 T-A ...
  -77.4746    9.8384 -100.2001
    0.1132   -0.5021   -0.8574
   -0.8448    0.4055   -0.3490
    0.5229    0.7639   -0.3782
...    85 A-T ...
  -76.1935   12.7934 -101.3922
   -0.4468   -0.0456   -0.8935
   -0.7134    0.6209    0.3250
    0.5399    0.7826   -0.3100
...    86 T-A ...
  -74.0181   14.9122 -102.7435
   -0.7414    0.3061   -0.5972
   -0.3794    0.5428    0.7493
    0.5535    0.7821   -0.2863
...    87 A-T ...
  -72.1077   17.6947 -103.2077
   -0.7986    0.6010    0.0334
    0.1815    0.1874    0.9654
    0.5739    0.7770   -0.2587
...    88 A-T ...
  -70.3208   20.2022 -104.2559
   -0.5429    0.5949    0.5928
    0.6049   -0.2126    0.7674
    0.5825    0.7752   -0.2445
...    89 C-G ...
  -68.8842   22.9585 -105.3938
   -0.1611    0.3528    0.9217
    0.8034   -0.4955    0.3301
    0.5732    0.7937   -0.2037
...    90 G-C ...
  -66.6636   25.4696 -105.8721
    0.2375   -0.1053    0.9657
    0.7731   -0.5813   -0.2536
    0.5881    0.8068   -0.0566
...    91 G-C ...
  -64.8068   28.2870 -105.6813
    0.5618   -0.4918    0.6652
    0.5382   -0.3934   -0.7453
    0.6283    0.7768    0.0437
...    92 A-T ...
  -62.6707   30.7733 -105.3657
    0.7468   -0.6599    0.0822
    0.1151    0.0065   -0.9933
    0.6550    0.7513    0.0808
...    93 T-A ...
  -60.4785   33.0557 -104.4247
    0.7006   -0.5579   -0.4448
   -0.2813    0.3570   -0.8907
    0.6558    0.7492    0.0932
...    94 A-T ...
  -58.5071   35.8450 -104.4534
    0.3699   -0.1513   -0.9167
   -0.6691    0.6412   -0.3758
    0.6446    0.7523    0.1359
...    95 A-T ...
  -56.1850   38.0899 -103.9445
   -0.0695    0.2983   -0.9519
   -0.7650    0.5965    0.2428
    0.6403    0.7451    0.1867
...    96 C-G ...
  -53.6104   40.2353 -103.6449
   -0.4748    0.5756   -0.6658
   -0.6053    0.3356    0.7218
    0.6389    0.7457    0.1891
...    97 A-T ...
  -51.6005   42.7404 -102.7044
   -0.7838    0.6106   -0.1134
   -0.2032   -0.0796    0.9759
    0.5868    0.7879    0.1865
...    98 C-G ...
  -49.6738   45.4552 -102.6881
   -0.7875    0.4486    0.4227
    0.2441   -0.4028    0.8821
    0.5660    0.7978    0.2077
...    99 T-A ...
  -48.0030   48.2799 -102.1476
   -0.5761    0.0955    0.8118
    0.6318   -0.5781    0.5163
    0.5186    0.8104    0.2727
...   100 T-A ...
  -46.4882   51.0095 -101.2922
   -0.1330   -0.2855    0.9491
    0.8488   -0.5273   -0.0397
    0.5118    0.8003    0.3125
...   101 T-A ...
  -45.0069   53.6553 -100.1652
    0.3539   -0.5681    0.7430
    0.7806   -0.2581   -0.5692
    0.5152    0.7814    0.3521
...   102 A-T ...
  -43.1185   56.1235  -98.9089
    0.7034   -0.6751    0.2225
    0.4422    0.1704   -0.8806
    0.5565    0.7178    0.4184
...   103 T-A ...
  -41.4678   58.1747  -96.9265
    0.8302   -0.4912   -0.2636
    0.0249    0.5051   -0.8627
    0.5569    0.7096    0.4316
...   104 G-C ...
  -39.4466   60.6092  -95.8276
    0.6485   -0.1294   -0.7501
   -0.4456    0.7344   -0.5120
    0.6171    0.6663    0.4186
...   105 C-G ...
  -37.0701   62.5199  -94.4186
    0.2747    0.3031   -0.9125
   -0.7225    0.6912    0.0121
    0.6344    0.6560    0.4089
...   106 T-A ...
  -34.6950   64.5565  -93.2120
   -0.1835    0.6249   -0.7588
   -0.7485    0.4116    0.5199
    0.6372    0.6634    0.3923
...   107 T-A ...
  -32.3915   66.5743  -92.0686
   -0.5670    0.7736   -0.2831
   -0.5098   -0.0596    0.8582
    0.6470    0.6309    0.4281
...   108 C-G ...
  -30.1705   68.6200  -90.7099
   -0.7785    0.5599    0.2837
   -0.0745   -0.5312    0.8439
    0.6232    0.6359    0.4553
...   109 C-G ...
  -28.0650   70.9419  -89.4030
   -0.7519    0.1039    0.6510
    0.3644   -0.7574    0.5419
    0.5493    0.6447    0.5316
...   110 G-C ...
  -26.0841   72.8317  -87.4179
   -0.4998   -0.4369    0.7479
    0.7301   -0.6770    0.0924
    0.4660    0.5922    0.6574
...   111 G-C ...
  -24.8571   74.8664  -85.0262
   -0.0747   -0.8024    0.5921
    0.9001   -0.3098   -0.3064
    0.4293    0.5100    0.7454
...   112 C-G ...
  -23.8708   76.3925  -82.2582
    0.4040   -0.8718    0.2770
    0.8098    0.1999   -0.5516
    0.4255    0.4472    0.7867
...   113 T-A ...
  -22.5943   77.5348  -79.4152
    0.7489   -0.6522   -0.1176
    0.4897    0.6641   -0.5649
    0.4465    0.3655    0.8167
...   114 C-G ...
  -20.9714   78.5211  -76.7205
    0.8885   -0.1223   -0.4422
   -0.0434    0.9370   -0.3465
    0.4568    0.3271    0.8273
...   115 G-C ...
  -19.3164   80.0333  -74.1783
    0.6714    0.4398   -0.5965
   -0.5297    0.8477    0.0289
    0.5184    0.2966    0.8021
...   116 T-A ...
  -17.1470   80.5734  -71.6489
    0.2761    0.8361   -0.4740
   -0.8125    0.4665    0.3496
    0.5134    0.2886    0.8081
...   117 A-T ...
  -16.0425   81.4372  -68.4880
   -0.3117    0.9496   -0.0331
   -0.8076   -0.2464    0.5358
    0.5007    0.1937    0.8437
...   118 T-A ...
  -13.9276   82.3522  -66.1012
   -0.6824    0.6814    0.2646
   -0.5340   -0.7119    0.4562
    0.4992    0.1700    0.8497
...   119 A-T ...
  -12.2971   82.6110  -63.1524
   -0.8895    0.0730    0.4510
    0.0057   -0.9853    0.1709
    0.4568    0.1546    0.8760
...   120 A-T ...
  -10.8975   83.2773  -60.3086
   -0.7404   -0.5152    0.4317
    0.5169   -0.8470   -0.1242
    0.4296    0.1312    0.8934
...   121 T-A ...
  -10.0036   84.1067  -57.2746
   -0.3894   -0.8795    0.2736
    0.8254   -0.4650   -0.3200
    0.4087    0.1012    0.9070
...   122 G-C ...
   -8.5655   84.0712  -54.2268
    0.1053   -0.9909   -0.0842
    0.9221    0.1289   -0.3649
    0.3724   -0.0392    0.9272
...   123 T-A ...
   -7.8657   83.5408  -51.0416
    0.5696   -0.7635   -0.3044
    0.7327    0.6395   -0.2328
    0.3724   -0.0904    0.9236
...   124 G-C ...
   -6.2293   83.2662  -48.1153
    0.8700   -0.2168   -0.4427
    0.2691    0.9614    0.0579
    0.4131   -0.1695    0.8948
...   125 T-A ...
   -4.8061   82.0615  -45.3190
    0.8760    0.3482   -0.3337
   -0.2474    0.9184    0.3089
    0.4140   -0.1880    0.8906
...   126 C-G ...
   -3.3213   81.3745  -42.4225
    0.5411    0.8396   -0.0484
   -0.7369    0.5011    0.4538
    0.4052   -0.2099    0.8898
...   127 G-C ...
   -2.4254   80.7575  -39.2045
   -0.0276    0.9804    0.1950
   -0.9177   -0.1022    0.3839
    0.3963   -0.1683    0.9026
...   128 A-T ...
   -1.0141   80.0693  -36.2847
   -0.5904    0.7118    0.3805
   -0.7183   -0.6784    0.1545
    0.3681   -0.1821    0.9118
...   129 C-G ...
    0.5381   79.9537  -33.3399
   -0.8979    0.2349    0.3723
   -0.2878   -0.9532   -0.0925
    0.3332   -0.1902    0.9235
...   130 C-G ...
    1.7265   79.5787  -30.1819
   -0.9398   -0.3086    0.1466
    0.2571   -0.9215   -0.2911
    0.2249   -0.2359    0.9454
...   131 A-T ...
    2.4601   78.6056  -27.0371
   -0.6486   -0.7370   -0.1901
    0.7539   -0.5878   -0.2935
    0.1045   -0.3337    0.9369
...   132 A-T ...
    2.5740   77.4892  -24.0086
   -0.1065   -0.9203   -0.3764
    0.9917   -0.0709   -0.1073
    0.0720   -0.3847    0.9202
...   133 A-T ...
    2.6013   76.0879  -21.0908
    0.4828   -0.7795   -0.3991
    0.8739    0.4585    0.1615
    0.0572   -0.4267    0.9026
...   134 T-A ...
    2.3096   74.2285  -18.3854
    0.8657   -0.4292   -0.2574
    0.4984    0.7868    0.3642
    0.0462   -0.4436    0.8950
...   135 G-C ...
    1.4373   72.0947  -15.6003
    0.9809    0.0621    0.1844
   -0.1263    0.9241    0.3606
   -0.1480   -0.3770    0.9143
...   136 T-A ...
    0.5302   69.2371  -13.4652
    0.7353    0.4962    0.4617
   -0.6117    0.7791    0.1369
   -0.2918   -0.3831    0.8764
...   137 G-C ...
   -0.1628   67.4088  -10.8055
    0.1799    0.8794    0.4409
   -0.9276    0.3008   -0.2216
   -0.3275   -0.3691    0.8698
...   138 A-T ...
   -0.1291   66.2152   -7.8181
   -0.3749    0.8569    0.3537
   -0.8857   -0.2184   -0.4097
   -0.2739   -0.4669    0.8408
...   139 G-C ...
   -1.0028   65.6048   -4.9384
   -0.8337    0.5216    0.1812
   -0.5170   -0.6221   -0.5880
   -0.1940   -0.5840    0.7883
...   140 C-G ...
   -0.6938   63.8982   -2.2498
   -0.9992    0.0157   -0.0376
    0.0023   -0.8992   -0.4375
   -0.0406   -0.4373    0.8984
...   141 G-C ...
   -3.4328   60.2355    1.0302
   -0.4426    0.2288   -0.8671
    0.1684   -0.9285   -0.3310
   -0.8808   -0.2925    0.3724
...   142 C-G ...
   -6.3244   59.0802    1.6314
   -0.2968   -0.3279   -0.8969
    0.5658   -0.8170    0.1115
   -0.7693   -0.4743    0.4280
...   143 T-A ...
   -8.6729   58.7214    3.6046
   -0.0344   -0.7815   -0.6229
    0.6534   -0.4892    0.5777
   -0.7562   -0.3872    0.5275
...   144 C-G ...
  -11.6511   58.0072    4.7219
    0.2453   -0.9542   -0.1714
    0.6321    0.0234    0.7745
   -0.7350   -0.2984    0.6089
...   145 A-T ...
  -14.1723   56.5624    6.1819
    0.5795   -0.7268    0.3686
    0.3140    0.6165    0.7220
   -0.7520   -0.3027    0.5855
...   146 C-G ...
  -16.4612   53.8911    7.5169
    0.5336   -0.3333    0.7773
   -0.0346    0.9097    0.4138
   -0.8450   -0.2477    0.4739
...   147 A-T ...
  -19.0122   52.0326    8.9268
    0.2451    0.2906    0.9249
   -0.3073    0.9281   -0.2101
   -0.9195   -0.2327    0.3168
