  147 base-pairs
...     1 A-T ...
    0.0000    0.0000    0.0000
    1.0000    0.0000    0.0000
    0.0000    1.0000    0.0000
    0.0000    0.0000    1.0000
...     2 G-C ...
   -0.1404   -1.2353    3.2259
    0.7530    0.6366    0.1668
   -0.6385    0.7681   -0.0490
   -0.1593   -0.0696    0.9848
...     3 T-A ...
   -0.0377   -3.2918    6.3749
    0.2722    0.9302    0.2464
   -0.9238    0.3243   -0.2034
   -0.2691   -0.1722    0.9476
...     4 G-C ...
   -0.3520   -4.1638    9.4928
   -0.3756    0.9250    0.0576
   -0.8780   -0.3352   -0.3416
   -0.2967   -0.1788    0.9381
...     5 A-T ...
   -0.4480   -4.1448   12.7498
   -0.8116    0.5839   -0.0166
   -0.5522   -0.7762   -0.3042
   -0.1905   -0.2377    0.9525
...     6 G-C ...
   -1.5926   -4.1701   15.6201
   -0.9976    0.0246   -0.0651
   -0.0043   -0.9555   -0.2950
   -0.0694   -0.2940    0.9533
...     7 C-G ...
   -1.1050   -4.4793   18.7363
   -0.8442   -0.5302   -0.0787
    0.5343   -0.8442   -0.0430
   -0.0437   -0.0784    0.9960
...     8 G-C ...
   -2.4044   -7.7255   23.1483
   -0.2753   -0.3294   -0.9032
    0.6650   -0.7437    0.0686
   -0.6943   -0.5817    0.4238
...     9 C-G ...
   -4.4706   -9.9691   24.1142
    0.1145   -0.7026   -0.7023
    0.8512   -0.2951    0.4341
   -0.5123   -0.6475    0.5642
...    10 T-A ...
   -6.7420  -10.8705   25.9717
    0.4841   -0.8363   -0.2573
    0.6594    0.1554    0.7356
   -0.5752   -0.5257    0.6267
...    11 C-G ...
   -9.1682  -12.6167   27.1662
    0.7073   -0.6683    0.2306
    0.3450    0.6110    0.7125
   -0.6170   -0.4243    0.6627
...    12 A-T ...
  -10.9253  -14.6583   29.0713
    0.7515   -0.1377    0.6452
   -0.2027    0.8824    0.4245
   -0.6278   -0.4498    0.6352
...    13 C-G ...
  -11.8495  -17.4796   31.2472
    0.4294    0.2824    0.8578
   -0.5708    0.8209    0.0155
   -0.6998   -0.4963    0.5137
...    14 A-T ...
  -13.5915  -19.7756   33.4284
   -0.1503    0.6106    0.7775
   -0.6874    0.5007   -0.5261
   -0.7106   -0.6135    0.3445
...    15 A-T ...
  -15.7211  -21.8971   34.6759
   -0.5302    0.7792    0.3343
   -0.4458    0.0792   -0.8916
   -0.7212   -0.6217    0.3054
...    16 T-A ...
  -17.8561  -23.8155   36.2644
   -0.6646    0.7278   -0.1693
   -0.1048   -0.3152   -0.9432
   -0.7398   -0.6091    0.2857
...    17 T-A ...
  -20.2856  -25.6613   37.3094
   -0.5586    0.4681   -0.6847
    0.2867   -0.6656   -0.6890
   -0.7783   -0.5812    0.2376
...    18 T-A ...
  -22.9158  -27.3574   38.0628
   -0.2443    0.0661   -0.9674
    0.5335   -0.8240   -0.1910
   -0.8098   -0.5628    0.1661
...    19 A-T ...
  -25.8201  -29.0026   38.1859
    0.2309   -0.2870   -0.9297
    0.5178   -0.7727    0.3672
   -0.8237   -0.5662   -0.0298
...    20 T-A ...
  -28.7375  -30.3770   37.6095
    0.4780   -0.6261   -0.6160
    0.3083   -0.5372    0.7851
   -0.8225   -0.5652   -0.0637
...    21 T-A ...
  -31.4335  -32.1163   37.0833
    0.5506   -0.8332   -0.0509
   -0.0474   -0.0921    0.9946
   -0.8334   -0.5453   -0.0902
...    22 C-G ...
  -34.0471  -34.0890   36.6550
    0.3958   -0.7301    0.5571
   -0.3961    0.4115    0.8208
   -0.8285   -0.5455   -0.1264
...    23 G-C ...
  -37.0057  -35.6850   36.6036
    0.1069   -0.3367    0.9355
   -0.5733    0.7479    0.3347
   -0.8124   -0.5721   -0.1131
...    24 C-G ...
  -39.5059  -37.8707   36.1158
   -0.2275    0.1483    0.9624
   -0.5195    0.8174   -0.2488
   -0.8236   -0.5566   -0.1089
...    25 A-T ...
  -42.3461  -39.4817   35.4479
   -0.4347    0.6390    0.6345
   -0.2629    0.5838   -0.7681
   -0.8613   -0.5008   -0.0858
...    26 A-T ...
  -45.0910  -41.2093   35.3527
   -0.4963    0.8643    0.0818
    0.0582    0.1271   -0.9902
   -0.8662   -0.4866   -0.1134
...    27 A-T ...
  -47.9435  -42.7116   35.1561
   -0.3331    0.8102   -0.4823
    0.3338   -0.3771   -0.8639
   -0.8819   -0.4487   -0.1448
...    28 G-C ...
  -50.9926  -43.8906   34.7727
   -0.0031    0.5467   -0.8373
    0.4469   -0.7483   -0.4902
   -0.8946   -0.3757   -0.2420
...    29 G-C ...
  -54.0990  -44.6628   33.7305
    0.3510    0.1095   -0.9299
    0.3298   -0.9440    0.0133
   -0.8764   -0.3113   -0.3675
...    30 C-G ...
  -56.9337  -45.2064   32.1196
    0.5277   -0.4002   -0.7493
    0.0401   -0.8694    0.4926
   -0.8485   -0.2900   -0.4427
...    31 C-G ...
  -59.4788  -46.1731   30.0981
    0.5198   -0.7917   -0.3209
   -0.3219   -0.5295    0.7849
   -0.7913   -0.3047   -0.5301
...    32 G-C ...
  -62.1007  -47.6401   28.5530
    0.2760   -0.9356    0.2202
   -0.6278   -0.0020    0.7784
   -0.7278   -0.3531   -0.5879
...    33 G-C ...
  -64.3247  -49.0530   26.4005
   -0.1086   -0.7614    0.6391
   -0.6952    0.5177    0.4986
   -0.7105   -0.3902   -0.5856
...    34 C-G ...
  -66.4509  -50.6031   24.3051
   -0.4810   -0.3302    0.8122
   -0.5060    0.8610    0.0504
   -0.7160   -0.3867   -0.5813
...    35 C-G ...
  -68.7308  -52.1283   22.2955
   -0.6425    0.2331    0.7300
   -0.1322    0.9046   -0.4052
   -0.7548   -0.3568   -0.5504
...    36 C-G ...
  -71.2043  -53.5993   20.4920
   -0.5410    0.7227    0.4301
    0.2665    0.6324   -0.7274
   -0.7976   -0.2789   -0.5348
...    37 G-C ...
  -73.6666  -54.4014   18.3308
   -0.1778    0.9835    0.0339
    0.5410    0.1265   -0.8314
   -0.8220   -0.1295   -0.5546
...    38 A-T ...
  -76.3728  -54.7896   16.5615
    0.2344    0.8825   -0.4077
    0.5413   -0.4669   -0.6993
   -0.8075   -0.0568   -0.5872
...    39 C-G ...
  -79.2114  -54.4480   14.9793
    0.5351    0.5163   -0.6687
    0.3230   -0.8564   -0.4028
   -0.7806   -0.0004   -0.6250
...    40 A-T ...
  -81.6454  -54.3623   12.6718
    0.7267   -0.0494   -0.6852
   -0.0799   -0.9967   -0.0129
   -0.6823    0.0642   -0.7282
...    41 C-G ...
  -83.5641  -53.5350   10.1038
    0.5995   -0.5683   -0.5637
   -0.4772   -0.8191    0.3183
   -0.6426    0.0781   -0.7622
...    42 G-C ...
  -85.6847  -53.7812    7.4881
    0.2627   -0.9386   -0.2237
   -0.7883   -0.3425    0.5112
   -0.5564    0.0421   -0.8299
...    43 A-T ...
  -87.3846  -53.7034    4.6439
   -0.2777   -0.9527    0.1232
   -0.7964    0.3000    0.5251
   -0.5372    0.0477   -0.8421
...    44 C-G ...
  -88.7027  -53.8982    1.5467
   -0.6717   -0.6369    0.3785
   -0.5194    0.7691    0.3725
   -0.5283    0.0536   -0.8474
...    45 T-A ...
  -90.3907  -54.0135   -1.3400
   -0.8351   -0.1111    0.5388
   -0.0616    0.9921    0.1090
   -0.5466    0.0578   -0.8354
...    46 T-A ...
  -92.1181  -54.0924   -4.1043
   -0.7243    0.4940    0.4810
    0.4566    0.8664   -0.2024
   -0.5167    0.0730   -0.8530
...    47 A-T ...
  -93.6438  -53.6756   -7.0708
   -0.2608    0.9161    0.3047
    0.8131    0.3786   -0.4421
   -0.5204    0.1324   -0.8436
...    48 C-G ...
  -95.8416  -53.2838   -9.4852
    0.2356    0.9690    0.0741
    0.8278   -0.1602   -0.5377
   -0.5092    0.1880   -0.8399
...    49 T-A ...
  -97.6614  -52.3596  -12.0869
    0.6867    0.7140   -0.1363
    0.5638   -0.6415   -0.5202
   -0.4589    0.2804   -0.8431
...    50 G-C ...
  -98.8548  -51.2925  -15.0414
    0.9400    0.1832   -0.2879
    0.0556   -0.9146   -0.4005
   -0.3367    0.3605   -0.8699
...    51 T-A ...
  -99.6614  -49.5256  -17.7087
    0.8405   -0.3434   -0.4191
   -0.4588   -0.8625   -0.2134
   -0.2882    0.3717   -0.8825
...    52 A-T ...
 -100.6727  -48.5082  -20.7571
    0.3760   -0.8117   -0.4470
   -0.8929   -0.4463    0.0594
   -0.2477    0.3768   -0.8926
...    53 G-C ...
 -101.1341  -47.2391  -23.8166
   -0.1669   -0.9335   -0.3174
   -0.9602    0.0807    0.2676
   -0.2241    0.3494   -0.9098
...    54 G-C ...
 -101.6614  -46.2563  -27.0287
   -0.6712   -0.7376   -0.0739
   -0.7028    0.6015    0.3798
   -0.2357    0.3069   -0.9221
...    55 T-A ...
 -102.0990  -45.7145  -30.3230
   -0.9455   -0.2926    0.1431
   -0.2235    0.9023    0.3688
   -0.2370    0.3167   -0.9184
...    56 A-T ...
 -102.6680  -44.1150  -33.2824
   -0.8667    0.3829    0.3197
    0.4607    0.8601    0.2191
   -0.1910    0.3372   -0.9218
...    57 T-A ...
 -103.7111  -43.5163  -36.3558
   -0.5033    0.7711    0.3899
    0.8450    0.5336    0.0355
   -0.1807    0.3473   -0.9202
...    58 C-G ...
 -104.3530  -42.3950  -39.3804
    0.1101    0.9162    0.3853
    0.9794   -0.0341   -0.1989
   -0.1691    0.3993   -0.9011
...    59 T-A ...
 -105.1279  -40.8430  -42.2061
    0.6311    0.7149    0.3010
    0.7649   -0.5089   -0.3949
   -0.1291    0.4795   -0.8680
...    60 C-G ...
 -105.4674  -39.1231  -44.9708
    0.9672    0.2462    0.0621
    0.2419   -0.8189   -0.5204
   -0.0772    0.5184   -0.8516
...    61 G-C ...
 -105.3359  -37.6112  -47.9947
    0.9355   -0.3246   -0.1392
   -0.3473   -0.7738   -0.5297
    0.0643    0.5439   -0.8367
...    62 A-T ...
 -104.9014  -35.8155  -50.7315
    0.5354   -0.7379   -0.4108
   -0.8378   -0.4025   -0.3689
    0.1069    0.5417   -0.8338
...    63 G-C ...
 -104.1833  -34.0148  -53.4580
   -0.0174   -0.8558   -0.5170
   -0.9906    0.0847   -0.1070
    0.1354    0.5104   -0.8492
...    64 C-G ...
 -103.3521  -32.5275  -56.3518
   -0.5778   -0.6645   -0.4739
   -0.8041    0.5631    0.1907
    0.1401    0.4912   -0.8597
...    65 T-A ...
 -102.7371  -31.1596  -59.3484
   -0.9297   -0.2524   -0.2682
   -0.3478    0.8412    0.4140
    0.1211    0.4781   -0.8699
...    66 C-G ...
 -102.2760  -29.6483  -62.2616
   -0.9499    0.3084    0.0503
    0.2907    0.8128    0.5048
    0.1148    0.4942   -0.8617
...    67 G-C ...
 -101.5937  -27.6878  -64.9395
   -0.6174    0.6626    0.4239
    0.7844    0.4787    0.3943
    0.0583    0.5760   -0.8154
...    68 G-C ...
 -101.6169  -25.8170  -67.7571
   -0.0844    0.7544    0.6509
    0.9951    0.0298    0.0944
    0.0518    0.6557   -0.7533
...    69 T-A ...
 -102.0373  -23.5229  -70.0918
    0.4516    0.6195    0.6421
    0.8891   -0.3727   -0.2657
    0.0747    0.6909   -0.7191
...    70 C-G ...
 -101.7624  -21.1499  -72.3321
    0.8838    0.2371    0.4033
    0.4528   -0.6504   -0.6099
    0.1178    0.7216   -0.6822
...    71 A-T ...
 -101.1289  -18.7994  -74.6447
    0.9633   -0.2624    0.0572
   -0.1254   -0.6276   -0.7684
    0.2375    0.7330   -0.6374
...    72 T-A ...
 -100.0698  -16.0801  -76.1751
    0.7605   -0.5507   -0.3441
   -0.6000   -0.3931   -0.6968
    0.2485    0.7364   -0.6293
...    73 G-C ...
  -99.2635  -13.8556  -78.5470
    0.2377   -0.7230   -0.6486
   -0.9202    0.0463   -0.3888
    0.3112    0.6893   -0.6543
...    74 T-A ...
  -97.6184  -11.7765  -80.6040
   -0.3010   -0.5840   -0.7538
   -0.8990    0.4375    0.0200
    0.3181    0.6837   -0.6568
...    75 T-A ...
  -96.2962   -9.6903  -82.7458
   -0.7609   -0.1760   -0.6245
   -0.5482    0.6891    0.4738
    0.3470    0.7029   -0.6209
...    76 A-T ...
  -95.1397   -6.9228  -84.3914
   -0.9163    0.3578   -0.1800
    0.0830    0.6093    0.7886
    0.3918    0.7077   -0.5879
...    77 T-A ...
  -94.0576   -4.9743  -86.8375
   -0.7368    0.6268    0.2534
    0.5425    0.3245    0.7749
    0.4035    0.7084   -0.5791
...    78 A-T ...
  -92.4792   -2.5651  -88.5931
   -0.2578    0.6560    0.7093
    0.8811   -0.1415    0.4512
    0.3964    0.7413   -0.5416
...    79 A-T ...
  -91.3844   -0.0763  -90.3594
    0.2878    0.4334    0.8540
    0.8682   -0.4945   -0.0416
    0.4043    0.7534   -0.5186
...    80 C-G ...
  -90.5255    2.7628  -91.8089
    0.6851    0.0660    0.7255
    0.5893   -0.6355   -0.4988
    0.4282    0.7692   -0.4743
...    81 G-C ...
  -88.7019    5.1171  -93.4219
    0.8373   -0.4038    0.3687
    0.1271   -0.5121   -0.8495
    0.5318    0.7581   -0.3775
...    82 G-C ...
  -86.6138    7.6324  -94.3235
    0.7189   -0.6812   -0.1382
   -0.3314   -0.1611   -0.9296
    0.6110    0.7141   -0.3415
...    83 A-T ...
  -84.4486    9.8959  -95.3904
    0.3602   -0.6486   -0.6705
   -0.6828    0.3064   -0.6632
    0.6357    0.6967   -0.3325
...    84 G-C ...
  -82.0674   12.0253  -96.3985
   -0.0990   -0.3913   -0.9149
   -0.7551    0.6283   -0.1871
    0.6481    0.6724   -0.3577
...    85 A-T ...
  -79.8363   14.1734  -97.5862
   -0.5406    0.0788   -0.8376
   -0.5340    0.7372    0.4140
    0.6501    0.6710   -0.3564
...    86 T-A ...
  -77.4402   15.8713  -99.1415
   -0.7259    0.4702   -0.5020
   -0.1773    0.5773    0.7970
    0.6646    0.6676   -0.3357
...    87 C-G ...
  -75.2068   18.0216 -100.3109
   -0.6961    0.7115    0.0962
    0.2938    0.1601    0.9424
    0.6551    0.6842   -0.3205
...    88 C-G ...
  -73.1109   20.3406 -101.6405
   -0.4698    0.6143    0.6340
    0.6318   -0.2677    0.7274
    0.6166    0.7423   -0.2624
...    89 G-C ...
  -70.7645   22.7057 -102.2610
   -0.1102    0.2469    0.9628
    0.7923   -0.5630    0.2350
    0.6000    0.7887   -0.1336
...    90 C-G ...
  -69.1522   25.5870 -102.6066
    0.3061   -0.1578    0.9388
    0.7288   -0.5956   -0.3378
    0.6125    0.7876   -0.0673
...    91 T-A ...
  -67.2509   28.3055 -102.4839
    0.5985   -0.5189    0.6104
    0.4739   -0.3851   -0.7919
    0.6460    0.7632    0.0154
...    92 T-A ...
  -65.1975   30.8003 -102.1895
    0.7535   -0.6563    0.0380
    0.0509    0.0007   -0.9987
    0.6555    0.7545    0.0340
...    93 T-A ...
  -63.0144   33.1827 -101.8126
    0.6489   -0.5222   -0.5533
   -0.3901    0.3961   -0.8313
    0.6533    0.7552    0.0533
...    94 A-T ...
  -61.0950   36.0032 -101.9261
    0.2617   -0.0980   -0.9602
   -0.7172    0.6460   -0.2614
    0.6459    0.7571    0.0987
...    95 A-T ...
  -58.7581   38.2625 -101.5727
   -0.1835    0.3437   -0.9210
   -0.7402    0.5681    0.3596
    0.6468    0.7477    0.1501
...    96 C-G ...
  -56.1985   40.4405 -101.4574
   -0.5566    0.5972   -0.5776
   -0.5240    0.2872    0.8018
    0.6447    0.7489    0.1530
...    97 A-T ...
  -54.1289   42.9364 -100.6337
   -0.8025    0.5967    0.0038
   -0.0916   -0.1296    0.9873
    0.5896    0.7920    0.1586
...    98 C-G ...
  -52.2647   45.6892 -100.6979
   -0.7454    0.4092    0.5263
    0.3467   -0.4363    0.8303
    0.5694    0.8014    0.1834
...    99 T-A ...
  -50.6067   48.5268 -100.2062
   -0.4889    0.0438    0.8712
    0.6951   -0.5838    0.4194
    0.5270    0.8107    0.2550
...   100 T-A ...
  -49.0725   51.2536  -99.3820
   -0.0287   -0.3315    0.9430
    0.8517   -0.5020   -0.1505
    0.5233    0.7988    0.2967
...   101 T-A ...
  -47.5457   53.8840  -98.2823
    0.4391   -0.5911    0.6766
    0.7253   -0.2112   -0.6553
    0.5303    0.7784    0.3360
...   102 A-T ...
  -45.5997   56.3393  -97.0962
    0.7370   -0.6647    0.1222
    0.3502    0.2210   -0.9103
    0.5781    0.7137    0.3956
...   103 T-A ...
  -43.8121   58.3459  -95.1870
    0.8125   -0.4556   -0.3637
   -0.0703    0.5427   -0.8370
    0.5787    0.7056    0.4089
...   104 G-C ...
  -41.7570   60.7848  -94.1723
    0.5780   -0.0780   -0.8123
   -0.5103    0.7423   -0.4343
    0.6369    0.6655    0.3892
...   105 C-G ...
  -39.3124   62.7028  -92.8991
    0.1809    0.3494   -0.9194
   -0.7361    0.6680    0.1090
    0.6523    0.6570    0.3780
...   106 T-A ...
  -36.8906   64.7552  -91.8229
   -0.2682    0.6493   -0.7117
   -0.7094    0.3667    0.6019
    0.6518    0.6662    0.3623
...   107 T-A ...
  -34.5499   66.7945  -90.8029
   -0.6116    0.7653   -0.2007
   -0.4302   -0.1088    0.8962
    0.6640    0.6344    0.3958
...   108 C-G ...
  -32.2784   68.8545  -89.5607
   -0.7681    0.5228    0.3696
    0.0134   -0.5640    0.8257
    0.6402    0.6392    0.4262
...   109 C-G ...
  -30.1456   71.1994  -88.3473
   -0.6997    0.0551    0.7123
    0.4304   -0.7633    0.4818
    0.5703    0.6437    0.5103
...   110 G-C ...
  -28.0875   73.0875  -86.4470
   -0.4273   -0.4796    0.7664
    0.7564   -0.6539    0.0125
    0.4952    0.5851    0.6422
...   111 G-C ...
  -26.7618   75.0719  -84.0676
   -0.0056   -0.8241    0.5664
    0.8852   -0.2675   -0.3805
    0.4651    0.4992    0.7310
...   112 C-G ...
  -25.6293   76.5271  -81.3187
    0.4508   -0.8658    0.2173
    0.7623    0.2468   -0.5983
    0.4644    0.4354    0.7712
...   113 T-A ...
  -24.1987   77.6153  -78.5291
    0.7608   -0.6208   -0.1894
    0.4281    0.6993   -0.5725
    0.4879    0.3545    0.7977
...   114 C-G ...
  -22.4347   78.5688  -75.9121
    0.8618   -0.0755   -0.5016
   -0.0980    0.9454   -0.3108
    0.4977    0.3170    0.8073
...   115 G-C ...
  -20.6872   80.0601  -73.4244
    0.6174    0.4830   -0.6209
   -0.5570    0.8258    0.0886
    0.5555    0.2911    0.7789
...   116 T-A ...
  -18.3917   80.6001  -71.0085
    0.2175    0.8597   -0.4622
   -0.8066    0.4250    0.4109
    0.5497    0.2835    0.7858
...   117 A-T ...
  -17.1178   81.4099  -67.9059
   -0.3462    0.9381    0.0079
   -0.7672   -0.2879    0.5731
    0.5400    0.1923    0.8194
...   118 T-A ...
  -14.9097   82.3463  -65.6172
   -0.6907    0.6507    0.3155
   -0.4837   -0.7400    0.4674
    0.5376    0.1702    0.8258
...   119 A-T ...
  -13.1407   82.6532  -62.7624
   -0.8725    0.0386    0.4872
    0.0434   -0.9868    0.1559
    0.4868    0.1572    0.8593
...   120 A-T ...
  -11.6567   83.3225  -59.9647
   -0.7095   -0.5422    0.4501
    0.5365   -0.8297   -0.1540
    0.4570    0.1323    0.8796
...   121 T-A ...
  -10.6847   84.1365  -56.9530
   -0.3560   -0.8934    0.2740
    0.8268   -0.4378   -0.3533
    0.4356    0.1007    0.8945
...   122 G-C ...
   -9.1568   84.0907  -53.9511
    0.1277   -0.9867   -0.1005
    0.9070    0.1571   -0.3906
    0.4012   -0.0412    0.9150
...   123 T-A ...
   -8.3492   83.5367  -50.7956
    0.5791   -0.7456   -0.3298
    0.7100    0.6601   -0.2454
    0.4006   -0.0920    0.9116
...   124 G-C ...
   -6.6254   83.2704  -47.9221
    0.8636   -0.1909   -0.4666
    0.2473    0.9669    0.0621
    0.4393   -0.1690    0.8823
...   125 T-A ...
   -5.1091   82.0695  -45.1712
    0.8599    0.3719   -0.3496
   -0.2615    0.9092    0.3242
    0.4384   -0.1874    0.8790
...   126 C-G ...
   -3.5513   81.3805  -42.3139
    0.5214    0.8518   -0.0509
   -0.7384    0.4803    0.4734
    0.4277   -0.2092    0.8794
...   127 G-C ...
   -2.5878   80.7361  -39.1238
   -0.0442    0.9783    0.2026
   -0.9092   -0.1235    0.3977
    0.4141   -0.1667    0.8949
...   128 A-T ...
   -1.1175   80.0487  -36.2363
   -0.5977    0.6994    0.3918
   -0.7041   -0.6917    0.1607
    0.3834   -0.1799    0.9059
...   129 C-G ...
    0.4720   79.9464  -33.3167
   -0.8972    0.2203    0.3827
   -0.2744   -0.9572   -0.0923
    0.3460   -0.1878    0.9192
...   130 C-G ...
    1.6929   79.5870  -30.1720
   -0.9351   -0.3194    0.1532
    0.2653   -0.9180   -0.2947
    0.2348   -0.2349    0.9432
...   131 A-T ...
    2.4391   78.6251  -27.0278
   -0.6450   -0.7406   -0.1885
    0.7562   -0.5829   -0.2973
    0.1104   -0.3343    0.9360
...   132 A-T ...
    2.5652   77.5016  -24.0035
   -0.1047   -0.9199   -0.3779
    0.9916   -0.0676   -0.1101
    0.0757   -0.3863    0.9193
...   133 A-T ...
    2.5983   76.0920  -21.0899
    0.4832   -0.7785   -0.4007
    0.8735    0.4595    0.1606
    0.0591   -0.4276    0.9020
...   134 T-A ...
    2.3094   74.2287  -18.3853
    0.8657   -0.4292   -0.2574
    0.4984    0.7868    0.3642
    0.0462   -0.4436    0.8950
...   135 G-C ...
    1.4370   72.0949  -15.6002
    0.9809    0.0621    0.1844
   -0.1263    0.9241    0.3606
   -0.1480   -0.3770    0.9143
...   136 T-A ...
    0.5300   69.2374  -13.4651
    0.7353    0.4962    0.4617
   -0.6117    0.7791    0.1369
   -0.2918   -0.3831    0.8764
...   137 G-C ...
   -0.1630   67.4090  -10.8054
    0.1799    0.8794    0.4409
   -0.9276    0.3008   -0.2216
   -0.3275   -0.3691    0.8698
...   138 A-T ...
   -0.1294   66.2154   -7.8180
   -0.3749    0.8569    0.3537
   -0.8857   -0.2184   -0.4097
   -0.2739   -0.4669    0.8408
...   139 G-C ...
   -1.0031   65.6051   -4.9383
   -0.8337    0.5216    0.1812
   -0.5170   -0.6221   -0.5880
   -0.1940   -0.5840    0.7883
...   140 C-G ...
   -0.6941   63.8985   -2.2497
   -0.9992    0.0157   -0.0376
    0.0023   -0.8992   -0.4375
   -0.0406   -0.4373    0.8984
...   141 G-C ...
   -3.4331   60.2357    1.0303
   -0.4426    0.2288   -0.8671
    0.1684   -0.9285   -0.3310
   -0.8808   -0.2925    0.3724
...   142 C-G ...
   -6.3247   59.0804    1.6315
   -0.2968   -0.3279   -0.8969
    0.5658   -0.8170    0.1115
   -0.7693   -0.4743    0.4280
...   143 T-A ...
   -8.6731   58.7216    3.6047
   -0.0344   -0.7815   -0.6229
    0.6534   -0.4892    0.5777
   -0.7562   -0.3872    0.5275
...   144 C-G ...
  -11.6514   58.0074    4.7220
    0.2453   -0.9542   -0.1714
    0.6321    0.0234    0.7745
   -0.7350   -0.2984    0.6089
...   145 A-T ...
  -14.1725   56.5626    6.1820
    0.5795   -0.7268    0.3686
    0.3140    0.6165    0.7220
   -0.7520   -0.3027    0.5855
...   146 C-G ...
  -16.4614   53.8913    7.5170
    0.5336   -0.3333    0.7773
   -0.0346    0.9097    0.4138
   -0.8450   -0.2477    0.4739
...   147 A-T ...
  -19.0124   52.0328    8.9269
    0.2451    0.2906    0.9249
   -0.3073    0.9281   -0.2101
   -0.9195   -0.2327    0.3168
