  147 base-pairs
...     1 A-T ...
    0.0000    0.0000    0.0000
    1.0000    0.0000    0.0000
    0.0000    1.0000    0.0000
    0.0000    0.0000    1.0000
...     2 G-C ...
   -0.1404   -1.2353    3.2259
    0.7530    0.6366    0.1668
   -0.6385    0.7681   -0.0490
   -0.1593   -0.0696    0.9848
...     3 T-A ...
   -0.0377   -3.2918    6.3749
    0.2722    0.9302    0.2464
   -0.9238    0.3243   -0.2034
   -0.2691   -0.1722    0.9476
...     4 G-C ...
   -0.3520   -4.1638    9.4928
   -0.3756    0.9250    0.0576
   -0.8780   -0.3352   -0.3416
   -0.2967   -0.1788    0.9381
...     5 A-T ...
   -0.4480   -4.1448   12.7498
   -0.8116    0.5839   -0.0166
   -0.5522   -0.7762   -0.3042
   -0.1905   -0.2377    0.9525
...     6 G-C ...
   -1.5926   -4.1701   15.6201
   -0.9976    0.0246   -0.0651
   -0.0043   -0.9555   -0.2950
   -0.0694   -0.2940    0.9533
...     7 C-G ...
   -1.1050   -4.4793   18.7363
   -0.8442   -0.5302   -0.0787
    0.5343   -0.8442   -0.0430
   -0.0437   -0.0784    0.9960
...     8 G-C ...
   -2.4044   -7.7255   23.1483
   -0.2753   -0.3294   -0.9032
    0.6650   -0.7437    0.0686
   -0.6943   -0.5817    0.4238
...     9 C-G ...
   -4.4706   -9.9691   24.1142
    0.1145   -0.7026   -0.7023
    0.8512   -0.2951    0.4341
   -0.5123   -0.6475    0.5642
...    10 T-A ...
   -6.7420  -10.8705   25.9717
    0.4841   -0.8363   -0.2573
    0.6594    0.1554    0.7356
   -0.5752   -0.5257    0.6267
...    11 C-G ...
   -9.1682  -12.6167   27.1662
    0.7073   -0.6683    0.2306
    0.3450    0.6110    0.7125
   -0.6170   -0.4243    0.6627
...    12 A-T ...
  -10.9253  -14.6583   29.0713
    0.7515   -0.1377    0.6452
   -0.2027    0.8824    0.4245
   -0.6278   -0.4498    0.6352
...    13 C-G ...
  -11.8495  -17.4796   31.2472
    0.4294    0.2824    0.8578
   -0.5708    0.8209    0.0155
   -0.6998   -0.4963    0.5137
...    14 A-T ...
  -13.5915  -19.7756   33.4284
   -0.1503    0.6106    0.7775
   -0.6874    0.5007   -0.5261
   -0.7106   -0.6135    0.3445
...    15 A-T ...
  -15.7129  -21.9020   34.6841
   -0.5325    0.7764    0.3371
   -0.4471    0.0801   -0.8909
   -0.7187   -0.6251    0.3045
...    16 T-A ...
  -17.8357  -23.8376   36.2735
   -0.6700    0.7239   -0.1647
   -0.1049   -0.3119   -0.9443
   -0.7349   -0.6154    0.2849
...    17 T-A ...
  -20.2433  -25.7080   37.3294
   -0.5674    0.4651   -0.6795
    0.2909   -0.6588   -0.6939
   -0.7703   -0.5913    0.2385
...    18 T-A ...
  -22.8472  -27.4380   38.0979
   -0.2524    0.0689   -0.9652
    0.5437   -0.8150   -0.2003
   -0.8005   -0.5753    0.1682
...    19 A-T ...
  -25.7410  -29.0982   38.2337
    0.2288   -0.2674   -0.9360
    0.5343   -0.7692    0.3504
   -0.8137   -0.5803   -0.0332
...    20 T-A ...
  -28.6335  -30.5159   37.6565
    0.4861   -0.6033   -0.6322
    0.3258   -0.5462    0.7717
   -0.8109   -0.5811   -0.0690
...    21 T-A ...
  -31.2879  -32.3079   37.1162
    0.5739   -0.8154   -0.0764
   -0.0356   -0.1180    0.9924
   -0.8182   -0.5668   -0.0967
...    22 C-G ...
  -33.8332  -34.3542   36.6627
    0.4276   -0.7309    0.5319
   -0.4007    0.3742    0.8363
   -0.8103   -0.5708   -0.1329
...    23 G-C ...
  -36.7106  -36.0845   36.6130
    0.1343   -0.3602    0.9232
   -0.6005    0.7115    0.3650
   -0.7883   -0.6034   -0.1207
...    24 C-G ...
  -39.1139  -38.3691   36.1106
   -0.2201    0.1065    0.9697
   -0.5616    0.7989   -0.2152
   -0.7976   -0.5919   -0.1160
...    25 A-T ...
  -41.8793  -40.0968   35.4415
   -0.4582    0.5937    0.6615
   -0.3046    0.5943   -0.7444
   -0.8350   -0.5426   -0.0915
...    26 A-T ...
  -44.5255  -41.9744   35.3300
   -0.5447    0.8304    0.1171
    0.0378    0.1639   -0.9858
   -0.8378   -0.5325   -0.1207
...    27 A-T ...
  -47.2845  -43.6438   35.1217
   -0.3902    0.8028   -0.4508
    0.3463   -0.3257   -0.8798
   -0.8531   -0.4994   -0.1510
...    28 G-C ...
  -50.2517  -45.0133   34.7365
   -0.0504    0.5740   -0.8173
    0.4908   -0.6985   -0.5208
   -0.8698   -0.4274   -0.2465
...    29 G-C ...
  -53.3108  -45.9755   33.7220
    0.3322    0.1686   -0.9280
    0.3978   -0.9171   -0.0242
   -0.8552   -0.3612   -0.3717
...    30 C-G ...
  -56.1166  -46.6650   32.1277
    0.5499   -0.3292   -0.7676
    0.1119   -0.8817    0.4583
   -0.8277   -0.3380   -0.4480
...    31 C-G ...
  -58.5949  -47.7435   30.0867
    0.5815   -0.7319   -0.3551
   -0.2703   -0.5855    0.7643
   -0.7673   -0.3485   -0.5383
...    32 G-C ...
  -61.0751  -49.3766   28.4821
    0.3617   -0.9147    0.1804
   -0.6207   -0.0919    0.7787
   -0.6956   -0.3936   -0.6010
...    33 G-C ...
  -63.1529  -50.9276   26.2806
   -0.0317   -0.7947    0.6061
   -0.7406    0.4259    0.5197
   -0.6712   -0.4325   -0.6021
...    34 C-G ...
  -65.1240  -52.6043   24.1349
   -0.4435   -0.4114    0.7963
   -0.5906    0.8024    0.0856
   -0.6742   -0.4323   -0.5989
...    35 C-G ...
  -67.2476  -54.2759   22.0727
   -0.6640    0.1333    0.7358
   -0.2263    0.9020   -0.3677
   -0.7127   -0.4107   -0.5687
...    36 C-G ...
  -69.5515  -55.9255   20.1994
   -0.6177    0.6413    0.4551
    0.1990    0.6874   -0.6985
   -0.7608   -0.3409   -0.5522
...    37 G-C ...
  -71.8882  -56.9111   17.9788
   -0.2870    0.9553    0.0711
    0.5300    0.2202   -0.8189
   -0.7979   -0.1973   -0.5695
...    38 A-T ...
  -74.5163  -57.5446   16.1644
    0.1359    0.9197   -0.3683
    0.5986   -0.3725   -0.7092
   -0.7894   -0.1241   -0.6012
...    39 C-G ...
  -77.3569  -57.4732   14.5569
    0.4795    0.6031   -0.6374
    0.4259   -0.7950   -0.4319
   -0.7672   -0.0644   -0.6381
...    40 A-T ...
  -79.7603  -57.5666   12.2193
    0.7394    0.0690   -0.6697
    0.0410   -0.9975   -0.0575
   -0.6720    0.0150   -0.7404
...    41 C-G ...
  -81.7128  -56.8624    9.6490
    0.6773   -0.4636   -0.5713
   -0.3787   -0.8854    0.2695
   -0.6307    0.0339   -0.7753
...    42 G-C ...
  -83.7062  -57.2517    6.9554
    0.3879   -0.8858   -0.2547
   -0.7513   -0.4640    0.4694
   -0.5339    0.0092   -0.8455
...    43 A-T ...
  -85.3132  -57.2786    4.0594
   -0.1524   -0.9856    0.0731
   -0.8452    0.1683    0.5073
   -0.5123    0.0155   -0.8587
...    44 C-G ...
  -86.4955  -57.5128    0.9112
   -0.5919   -0.7375    0.3250
   -0.6306    0.6749    0.3832
   -0.5020    0.0219   -0.8646
...    45 T-A ...
  -88.0530  -57.7269   -2.0416
   -0.8315   -0.2475    0.4973
   -0.2006    0.9686    0.1467
   -0.5180    0.0222   -0.8551
...    46 T-A ...
  -89.6435  -57.9210   -4.8831
   -0.8050    0.3689    0.4646
    0.3414    0.9285   -0.1458
   -0.4852    0.0412   -0.8734
...    47 A-T ...
  -91.0635  -57.5829   -7.9114
   -0.3994    0.8587    0.3212
    0.7740    0.5036   -0.3838
   -0.4913    0.0953   -0.8657
...    48 C-G ...
  -93.1678  -57.4017  -10.4315
    0.0945    0.9882    0.1203
    0.8689   -0.0229   -0.4945
   -0.4859    0.1513   -0.8608
...    49 T-A ...
  -94.9591  -56.6357  -13.1008
    0.5862    0.8072   -0.0692
    0.6767   -0.5347   -0.5062
   -0.4456    0.2499   -0.8596
...    50 G-C ...
  -96.1298  -55.6099  -16.0776
    0.9205    0.3258   -0.2155
    0.2109   -0.8789   -0.4277
   -0.3288    0.3483   -0.8778
...    51 T-A ...
  -97.0033  -53.8596  -18.7263
    0.9079   -0.2018   -0.3673
   -0.3139   -0.9082   -0.2769
   -0.2777    0.3667   -0.8879
...    52 A-T ...
  -97.8802  -52.8316  -21.8038
    0.5312   -0.7279   -0.4335
   -0.8167   -0.5761   -0.0335
   -0.2253    0.3719   -0.9005
...    53 G-C ...
  -98.2573  -51.5310  -24.8586
    0.0067   -0.9345   -0.3558
   -0.9813   -0.0746    0.1774
   -0.1923    0.3480   -0.9176
...    54 G-C ...
  -98.6335  -50.5423  -28.0899
   -0.5406   -0.8263   -0.1581
   -0.8193    0.4744    0.3221
   -0.1911    0.3037   -0.9334
...    55 T-A ...
  -98.8330  -49.9481  -31.3999
   -0.8995   -0.4353    0.0379
   -0.3931    0.8440    0.3649
   -0.1909    0.3133   -0.9303
...    56 A-T ...
  -99.3270  -48.3085  -34.3567
   -0.9423    0.2455    0.2277
    0.3060    0.9074    0.2880
   -0.1359    0.3411   -0.9302
...    57 T-A ...
 -100.0995  -47.7517  -37.5196
   -0.6482    0.6794    0.3439
    0.7513    0.6441    0.1437
   -0.1239    0.3515   -0.9279
...    58 C-G ...
 -100.5415  -46.6382  -40.5841
   -0.0653    0.9085    0.4128
    0.9909    0.1079   -0.0809
   -0.1180    0.4038   -0.9072
...    59 T-A ...
 -101.1911  -45.1165  -43.4560
    0.4837    0.7834    0.3902
    0.8706   -0.3850   -0.3063
   -0.0897    0.4879   -0.8683
...    60 C-G ...
 -101.4357  -43.3710  -46.2112
    0.9078    0.3732    0.1916
    0.4175   -0.7588   -0.4999
   -0.0412    0.5338   -0.8446
...    61 G-C ...
 -101.1312  -41.7373  -49.1553
    0.9817   -0.1900   -0.0143
   -0.1622   -0.7939   -0.5860
    0.1000    0.5776   -0.8102
...    62 A-T ...
 -100.5703  -39.8103  -51.7733
    0.6844   -0.6445   -0.3410
   -0.7141   -0.4981   -0.4918
    0.1471    0.5801   -0.8011
...    63 G-C ...
  -99.7213  -37.8439  -54.3403
    0.1751   -0.8323   -0.5260
   -0.9668   -0.0443   -0.2518
    0.1862    0.5526   -0.8124
...    64 C-G ...
  -98.6867  -36.1816  -57.0681
   -0.4056   -0.7182   -0.5654
   -0.8920    0.4460    0.0734
    0.1994    0.5341   -0.8216
...    65 T-A ...
  -97.8179  -34.6504  -59.9199
   -0.8359   -0.3606   -0.4139
   -0.5154    0.7750    0.3658
    0.1889    0.5191   -0.8336
...    66 C-G ...
  -97.1148  -32.9975  -62.7072
   -0.9776    0.1857   -0.0988
    0.1005    0.8250    0.5561
    0.1847    0.5337   -0.8253
...    67 G-C ...
  -96.2486  -30.8808  -65.2058
   -0.7554    0.5692    0.3246
    0.6444    0.5553    0.5257
    0.1190    0.6063   -0.7863
...    68 G-C ...
  -96.0176  -28.9503  -67.9753
   -0.2824    0.7168    0.6375
    0.9543    0.1419    0.2631
    0.0982    0.6827   -0.7241
...    69 G-C ...
  -95.9639  -26.5839  -70.3802
    0.2742    0.5951    0.7554
    0.9542   -0.2663   -0.1365
    0.1199    0.7582   -0.6409
...    70 A-T ...
  -95.5864  -24.0205  -72.3765
    0.7734    0.2736    0.5718
    0.6136   -0.5495   -0.5670
    0.1590    0.7894   -0.5929
...    71 T-A ...
  -95.2869  -21.0736  -73.7781
    0.9736   -0.0625    0.2197
    0.1391   -0.6006   -0.7874
    0.1812    0.7971   -0.5760
...    72 C-G ...
  -94.4561  -18.4430  -75.5544
    0.8591   -0.4346   -0.2704
   -0.4572   -0.4141   -0.7870
    0.2300    0.7998   -0.5545
...    73 C-G ...
  -93.2035  -15.8462  -77.3441
    0.4411   -0.6381   -0.6311
   -0.8439   -0.0555   -0.5337
    0.3055    0.7679   -0.5630
...    74 G-C ...
  -92.4878  -13.3830  -79.5471
   -0.1524   -0.5924   -0.7911
   -0.9256    0.3662   -0.0959
    0.3465    0.7176   -0.6041
...    75 C-G ...
  -91.0036  -11.2249  -81.6483
   -0.6547   -0.2911   -0.6976
   -0.6742    0.6423    0.3647
    0.3419    0.7091   -0.6167
...    76 T-A ...
  -89.7660   -9.0857  -83.9073
   -0.9274    0.0907   -0.3630
   -0.2016    0.6961    0.6890
    0.3152    0.7121   -0.6273
...    77 T-A ...
  -88.6717   -6.9583  -86.1227
   -0.8619    0.4970    0.1005
    0.3752    0.4917    0.7858
    0.3411    0.7150   -0.6103
...    78 T-A ...
  -87.6607   -4.7395  -88.2727
   -0.4849    0.6841    0.5449
    0.8011    0.0975    0.5905
    0.3509    0.7228   -0.5953
...    79 A-T ...
  -86.3910   -2.2657  -90.1506
    0.0601    0.5338    0.8435
    0.9363   -0.3231    0.1378
    0.3461    0.7814   -0.5192
...    80 A-T ...
  -85.4292    0.3862  -91.7387
    0.5723    0.2223    0.7893
    0.7369   -0.5617   -0.3761
    0.3597    0.7969   -0.4853
...    81 C-G ...
  -84.5589    3.3648  -92.8642
    0.8581   -0.1479    0.4917
    0.3312   -0.5722   -0.7503
    0.3923    0.8067   -0.4420
...    82 A-T ...
  -83.0252    5.9289  -94.3960
    0.8466   -0.5321    0.0084
   -0.2003   -0.3332   -0.9213
    0.4930    0.7784   -0.3887
...    83 C-G ...
  -81.0534    8.5365  -95.0808
    0.5964   -0.6407   -0.4835
   -0.6107    0.0287   -0.7913
    0.5209    0.7672   -0.3742
...    84 T-A ...
  -78.9896   10.9235  -96.1901
    0.1447   -0.5390   -0.8298
   -0.8184    0.4062   -0.4065
    0.5562    0.7379   -0.3823
...    85 T-A ...
  -76.9157   13.1900  -97.3110
   -0.3438   -0.1510   -0.9268
   -0.7487    0.6398    0.1735
    0.5668    0.7536   -0.3330
...    86 T-A ...
  -74.8327   15.4479  -98.4320
   -0.6957    0.2964   -0.6543
   -0.4074    0.5874    0.6992
    0.5916    0.7531   -0.2880
...    87 A-T ...
  -72.8075   18.1670  -98.8576
   -0.7740    0.6321   -0.0368
    0.1334    0.2196    0.9664
    0.6189    0.7431   -0.2543
...    88 T-A ...
  -71.0112   20.5300 -100.3061
   -0.5938    0.6519    0.4717
    0.5086   -0.1502    0.8478
    0.6235    0.7433   -0.2424
...    89 G-C ...
  -68.8522   23.0457 -100.8648
   -0.2604    0.3513    0.8993
    0.7670   -0.4905    0.4137
    0.5865    0.7975   -0.1417
...    90 C-G ...
  -67.3012   25.9434 -101.3357
    0.1674   -0.0334    0.9853
    0.7891   -0.5946   -0.1542
    0.5910    0.8033   -0.0732
...    91 T-A ...
  -65.5218   28.7448 -101.2703
    0.5145   -0.4181    0.7487
    0.5979   -0.4509   -0.6627
    0.6147    0.7886    0.0180
...    92 T-A ...
  -63.5994   31.3406 -100.9816
    0.7543   -0.6164    0.2259
    0.2015   -0.1102   -0.9733
    0.6249    0.7796    0.0411
...    93 C-G ...
  -61.3839   33.7649 -100.7312
    0.7093   -0.5754   -0.4073
   -0.2701    0.3119   -0.9109
    0.6511    0.7561    0.0658
...    94 C-G ...
  -58.8586   36.0239 -100.4710
    0.3973   -0.3325   -0.8553
   -0.5910    0.6203   -0.5157
    0.7020    0.7104    0.0500
...    95 G-C ...
  -56.7539   38.6817 -100.5852
   -0.0655    0.0641   -0.9958
   -0.6849    0.7229    0.0916
    0.7257    0.6880   -0.0034
...    96 G-C ...
  -54.1338   40.8497 -100.7055
   -0.4793    0.4338   -0.7629
   -0.5215    0.5585    0.6451
    0.7059    0.7071   -0.0415
...    97 T-A ...
  -51.5602   42.9171 -101.3484
   -0.6942    0.6603   -0.2864
   -0.1862    0.2196    0.9577
    0.6952    0.7182   -0.0295
...    98 C-G ...
  -49.2117   45.2449 -101.5087
   -0.6860    0.6347    0.3559
    0.2621   -0.2407    0.9345
    0.6788    0.7343   -0.0012
...    99 A-T ...
  -46.8343   47.6155 -101.3089
   -0.4788    0.2852    0.8303
    0.6194   -0.5605    0.5497
    0.6222    0.7775    0.0917
...   100 T-A ...
  -45.3184   50.5205 -101.1894
   -0.1125   -0.0638    0.9916
    0.7778   -0.6267    0.0479
    0.6184    0.7766    0.1201
...   101 G-C ...
  -43.1049   52.9689 -100.5288
    0.2709   -0.5133    0.8143
    0.7291   -0.4429   -0.5218
    0.6285    0.7351    0.2542
...   102 T-A ...
  -41.4135   55.4451  -99.1514
    0.5883   -0.7043    0.3973
    0.4872   -0.0833   -0.8693
    0.6454    0.7050    0.2941
...   103 T-A ...
  -39.3748   57.6676  -97.9438
    0.7620   -0.6206   -0.1847
    0.0656    0.3578   -0.9315
    0.6442    0.6977    0.3134
...   104 A-T ...
  -37.2504   60.2492  -97.2763
    0.6409   -0.2114   -0.7379
   -0.4378    0.6890   -0.5776
    0.6305    0.6933    0.3490
...   105 T-A ...
  -34.7937   61.9904  -95.8632
    0.3350    0.2050   -0.9196
   -0.7096    0.6970   -0.1032
    0.6199    0.6871    0.3790
...   106 A-T ...
  -33.2685   64.6455  -94.2634
   -0.1822    0.6883   -0.7022
   -0.7708    0.3433    0.5366
    0.6104    0.6390    0.4680
...   107 A-T ...
  -31.0591   66.6283  -92.8947
   -0.5791    0.7841   -0.2232
   -0.5295   -0.1536    0.8343
    0.6199    0.6013    0.5041
...   108 C-G ...
  -28.7878   68.7991  -91.7624
   -0.7876    0.5622    0.2523
   -0.1402   -0.5621    0.8151
    0.6001    0.6065    0.5216
...   109 G-C ...
  -26.6982   70.5205  -89.7240
   -0.8027    0.0584    0.5935
    0.3249   -0.7918    0.5173
    0.5001    0.6080    0.6166
...   110 G-C ...
  -25.1928   72.7734  -87.7080
   -0.5486   -0.4558    0.7010
    0.7155   -0.6897    0.1115
    0.4326    0.5627    0.7044
...   111 A-T ...
  -23.8757   74.5889  -85.3306
   -0.0542   -0.8133    0.5793
    0.9102   -0.2789   -0.3063
    0.4107    0.5106    0.7554
...   112 C-G ...
  -23.1246   76.1755  -82.5472
    0.4122   -0.8640    0.2892
    0.8154    0.2081   -0.5402
    0.4066    0.4585    0.7903
...   113 T-A ...
  -21.9105   77.3505  -79.6915
    0.7589   -0.6432   -0.1017
    0.4902    0.6670   -0.5611
    0.4287    0.3759    0.8215
...   114 C-G ...
  -20.3409   78.3685  -76.9783
    0.8968   -0.1147   -0.4274
   -0.0484    0.9346   -0.3524
    0.4399    0.3367    0.8326
...   115 G-C ...
  -18.7375   79.9087  -74.4212
    0.6763    0.4435   -0.5881
   -0.5382    0.8427    0.0165
    0.5029    0.3054    0.8086
...   116 T-A ...
  -16.6137   80.4797  -71.8603
    0.2760    0.8364   -0.4735
   -0.8220    0.4608    0.3347
    0.4981    0.2968    0.8147
...   117 A-T ...
  -15.5714   81.3637  -68.6832
   -0.3187    0.9470   -0.0404
   -0.8138   -0.2516    0.5239
    0.4860    0.1999    0.8508
...   118 T-A ...
  -13.5000   82.3004  -66.2664
   -0.6914    0.6768    0.2527
   -0.5355   -0.7149    0.4496
    0.4849    0.1755    0.8568
...   119 A-T ...
  -11.9161   82.5702  -63.2935
   -0.8962    0.0675    0.4384
    0.0101   -0.9850    0.1723
    0.4435    0.1589    0.8821
...   120 A-T ...
  -10.5609   83.2498  -60.4314
   -0.7430   -0.5193    0.4222
    0.5238   -0.8439   -0.1161
    0.4166    0.1349    0.8991
...   121 T-A ...
   -9.7143   84.0871  -57.3865
   -0.3881   -0.8815    0.2692
    0.8324   -0.4606   -0.3083
    0.3957    0.1044    0.9124
...   122 G-C ...
   -8.3234   84.0618  -54.3171
    0.1104   -0.9905   -0.0824
    0.9263    0.1326   -0.3527
    0.3603   -0.0374    0.9321
...   123 T-A ...
   -7.6640   83.5339  -51.1238
    0.5758   -0.7617   -0.2972
    0.7336    0.6417   -0.2236
    0.3610   -0.0892    0.9283
...   124 G-C ...
   -6.0660   83.2551  -48.1774
    0.8751   -0.2153   -0.4333
    0.2669    0.9618    0.0610
    0.4036   -0.1690    0.8992
...   125 T-A ...
   -4.6715   82.0514  -45.3676
    0.8789    0.3492   -0.3250
   -0.2514    0.9181    0.3065
    0.4054   -0.1877    0.8947
...   126 C-G ...
   -3.2121   81.3663  -42.4587
    0.5411    0.8398   -0.0437
   -0.7410    0.5008    0.4473
    0.3975   -0.2096    0.8933
...   127 G-C ...
   -2.3412   80.7546  -39.2337
   -0.0291    0.9804    0.1947
   -0.9205   -0.1022    0.3772
    0.3897   -0.1682    0.9054
...   128 A-T ...
   -0.9507   80.0687  -36.3036
   -0.5928    0.7118    0.3767
   -0.7193   -0.6783    0.1499
    0.3622   -0.1821    0.9141
...   129 C-G ...
    0.5824   79.9528  -33.3483
   -0.8999    0.2350    0.3674
   -0.2874   -0.9532   -0.0943
    0.3281   -0.1904    0.9253
...   130 C-G ...
    1.7531   79.5759  -30.1843
   -0.9404   -0.3086    0.1425
    0.2584   -0.9214   -0.2901
    0.2208   -0.2360    0.9463
...   131 A-T ...
    2.4764   78.6015  -27.0384
   -0.6477   -0.7373   -0.1921
    0.7551   -0.5875   -0.2911
    0.1018   -0.3336    0.9372
...   132 A-T ...
    2.5813   77.4866  -24.0088
   -0.1053   -0.9205   -0.3763
    0.9920   -0.0705   -0.1051
    0.0702   -0.3843    0.9205
...   133 A-T ...
    2.6029   76.0871  -21.0903
    0.4834   -0.7795   -0.3983
    0.8736    0.4588    0.1623
    0.0562   -0.4264    0.9028
...   134 T-A ...
    2.3093   74.2286  -18.3852
    0.8657   -0.4292   -0.2574
    0.4984    0.7868    0.3642
    0.0462   -0.4436    0.8950
...   135 G-C ...
    1.4369   72.0948  -15.6001
    0.9809    0.0621    0.1844
   -0.1263    0.9241    0.3606
   -0.1480   -0.3770    0.9143
...   136 T-A ...
    0.5299   69.2373  -13.4650
    0.7353    0.4962    0.4617
   -0.6117    0.7791    0.1369
   -0.2918   -0.3831    0.8764
...   137 G-C ...
   -0.1632   67.4089  -10.8053
    0.1799    0.8794    0.4409
   -0.9276    0.3008   -0.2216
   -0.3275   -0.3691    0.8698
...   138 A-T ...
   -0.1295   66.2153   -7.8179
   -0.3749    0.8569    0.3537
   -0.8857   -0.2184   -0.4097
   -0.2739   -0.4669    0.8408
...   139 G-C ...
   -1.0032   65.6050   -4.9382
   -0.8337    0.5216    0.1812
   -0.5170   -0.6221   -0.5880
   -0.1940   -0.5840    0.7883
...   140 C-G ...
   -0.6942   63.8984   -2.2496
   -0.9992    0.0157   -0.0376
    0.0023   -0.8992   -0.4375
   -0.0406   -0.4373    0.8984
...   141 G-C ...
   -3.4332   60.2356    1.0304
   -0.4426    0.2288   -0.8671
    0.1684   -0.9285   -0.3310
   -0.8808   -0.2925    0.3724
...   142 C-G ...
   -6.3248   59.0804    1.6316
   -0.2968   -0.3279   -0.8969
    0.5658   -0.8170    0.1115
   -0.7693   -0.4743    0.4280
...   143 T-A ...
   -8.6733   58.7215    3.6048
   -0.0344   -0.7815   -0.6229
    0.6534   -0.4892    0.5777
   -0.7562   -0.3872    0.5275
...   144 C-G ...
  -11.6515   58.0074    4.7221
    0.2453   -0.9542   -0.1714
    0.6321    0.0234    0.7745
   -0.7350   -0.2984    0.6089
...   145 A-T ...
  -14.1727   56.5625    6.1821
    0.5795   -0.7268    0.3686
    0.3140    0.6165    0.7220
   -0.7520   -0.3027    0.5855
...   146 C-G ...
  -16.4616   53.8912    7.5171
    0.5336   -0.3333    0.7773
   -0.0346    0.9097    0.4138
   -0.8450   -0.2477    0.4739
...   147 A-T ...
  -19.0126   52.0327    8.9269
    0.2451    0.2906    0.9249
   -0.3073    0.9281   -0.2101
   -0.9195   -0.2327    0.3168
