  147 base-pairs
...     1 A-T ...
    0.0000    0.0000    0.0000
    1.0000    0.0000    0.0000
    0.0000    1.0000    0.0000
    0.0000    0.0000    1.0000
...     2 G-C ...
   -0.1404   -1.2353    3.2259
    0.7530    0.6366    0.1668
   -0.6385    0.7681   -0.0490
   -0.1593   -0.0696    0.9848
...     3 T-A ...
   -0.0377   -3.2918    6.3749
    0.2722    0.9302    0.2464
   -0.9238    0.3243   -0.2034
   -0.2691   -0.1722    0.9476
...     4 G-C ...
   -0.3520   -4.1638    9.4928
   -0.3756    0.9250    0.0576
   -0.8780   -0.3352   -0.3416
   -0.2967   -0.1788    0.9381
...     5 A-T ...
   -0.4480   -4.1448   12.7498
   -0.8116    0.5839   -0.0166
   -0.5522   -0.7762   -0.3042
   -0.1905   -0.2377    0.9525
...     6 G-C ...
   -1.5926   -4.1701   15.6201
   -0.9976    0.0246   -0.0651
   -0.0043   -0.9555   -0.2950
   -0.0694   -0.2940    0.9533
...     7 C-G ...
   -1.1050   -4.4793   18.7363
   -0.8442   -0.5302   -0.0787
    0.5343   -0.8442   -0.0430
   -0.0437   -0.0784    0.9960
...     8 G-C ...
   -2.4044   -7.7255   23.1483
   -0.2753   -0.3294   -0.9032
    0.6650   -0.7437    0.0686
   -0.6943   -0.5817    0.4238
...     9 C-G ...
   -4.4706   -9.9691   24.1142
    0.1145   -0.7026   -0.7023
    0.8512   -0.2951    0.4341
   -0.5123   -0.6475    0.5642
...    10 T-A ...
   -6.7420  -10.8705   25.9717
    0.4841   -0.8363   -0.2573
    0.6594    0.1554    0.7356
   -0.5752   -0.5257    0.6267
...    11 C-G ...
   -9.1682  -12.6167   27.1662
    0.7073   -0.6683    0.2306
    0.3450    0.6110    0.7125
   -0.6170   -0.4243    0.6627
...    12 A-T ...
  -10.9253  -14.6583   29.0713
    0.7515   -0.1377    0.6452
   -0.2027    0.8824    0.4245
   -0.6278   -0.4498    0.6352
...    13 C-G ...
  -11.8495  -17.4796   31.2472
    0.4294    0.2824    0.8578
   -0.5708    0.8209    0.0155
   -0.6998   -0.4963    0.5137
...    14 A-T ...
  -13.5915  -19.7756   33.4284
   -0.1503    0.6106    0.7775
   -0.6874    0.5007   -0.5261
   -0.7106   -0.6135    0.3445
...    15 A-T ...
  -15.7613  -21.8514   34.6664
   -0.5129    0.7953    0.3230
   -0.4515    0.0701   -0.8895
   -0.7301   -0.6021    0.3231
...    16 T-A ...
  -17.9318  -23.6707   36.3061
   -0.6441    0.7421   -0.1854
   -0.1228   -0.3396   -0.9325
   -0.7550   -0.5779    0.3098
...    17 T-A ...
  -20.4291  -25.3932   37.4042
   -0.5470    0.4583   -0.7005
    0.2554   -0.7056   -0.6610
   -0.7972   -0.5405    0.2689
...    18 T-A ...
  -23.1267  -26.9469   38.2545
   -0.2571    0.0101   -0.9663
    0.4981   -0.8555   -0.1414
   -0.8281   -0.5177    0.2149
...    19 A-T ...
  -25.9410  -28.7208   38.6659
    0.1712   -0.4466   -0.8782
    0.4949   -0.7317    0.4686
   -0.8519   -0.5149    0.0958
...    20 T-A ...
  -28.9839  -29.9824   38.4583
    0.3982   -0.7640   -0.5077
    0.3165   -0.4050    0.8578
   -0.8610   -0.5022    0.0806
...    21 T-A ...
  -31.8644  -31.5228   38.3970
    0.4598   -0.8816    0.1060
    0.0085    0.1238    0.9923
   -0.8880   -0.4554    0.0644
...    22 C-G ...
  -34.7607  -33.1422   38.5000
    0.3423   -0.6312    0.6960
   -0.2832    0.6370    0.7170
   -0.8959   -0.4425    0.0392
...    23 G-C ...
  -37.9629  -34.1694   38.8340
    0.1394   -0.1134    0.9837
   -0.4208    0.8925    0.1625
   -0.8964   -0.4366    0.0767
...    24 C-G ...
  -40.8026  -35.9543   38.9838
   -0.0986    0.4216    0.9014
   -0.3991    0.8130   -0.4239
   -0.9116   -0.4016    0.0881
...    25 A-T ...
  -43.9375  -37.1337   38.9816
   -0.2215    0.8546    0.4698
   -0.2468    0.4169   -0.8748
   -0.9434   -0.3097    0.1186
...    26 A-T ...
  -46.9609  -38.1367   39.5472
   -0.2830    0.9521   -0.1160
   -0.0649   -0.1396   -0.9881
   -0.9569   -0.2721    0.1013
...    27 A-T ...
  -50.0742  -38.8502   39.9961
   -0.2074    0.7254   -0.6564
    0.0951   -0.6529   -0.7515
   -0.9736   -0.2183    0.0664
...    28 G-C ...
  -53.3491  -39.1895   40.2235
   -0.0150    0.2956   -0.9552
    0.1565   -0.9428   -0.2942
   -0.9876   -0.1539   -0.0321
...    29 G-C ...
  -56.6871  -39.2614   39.6790
    0.1797   -0.2480   -0.9519
    0.0671   -0.9624    0.2634
   -0.9814   -0.1112   -0.1563
...    30 C-G ...
  -59.8487  -39.3297   38.6314
    0.2252   -0.7348   -0.6398
   -0.0992   -0.6705    0.7352
   -0.9692   -0.1021   -0.2239
...    31 C-G ...
  -62.9719  -39.8787   37.3987
    0.1706   -0.9800   -0.1024
   -0.2743   -0.1470    0.9503
   -0.9464   -0.1340   -0.2939
...    32 G-C ...
  -66.2540  -40.4939   36.8412
    0.0021   -0.8718    0.4898
   -0.3697    0.4544    0.8105
   -0.9292   -0.1828   -0.3213
...    33 G-C ...
  -69.3177  -41.2748   35.5799
   -0.1835   -0.4473    0.8754
   -0.3055    0.8723    0.3817
   -0.9344   -0.1974   -0.2967
...    34 C-G ...
  -72.3264  -42.2537   34.4370
   -0.3074    0.1320    0.9424
   -0.1258    0.9760   -0.1777
   -0.9432   -0.1731   -0.2834
...    35 C-G ...
  -75.4684  -43.1104   33.4519
   -0.2484    0.6674    0.7020
    0.0939    0.7379   -0.6683
   -0.9641   -0.1001   -0.2460
...    36 C-G ...
  -78.7466  -43.6713   32.7856
   -0.0485    0.9682    0.2455
    0.2336    0.2500   -0.9396
   -0.9711    0.0118   -0.2383
...    37 G-C ...
  -81.9156  -43.5599   31.6322
    0.2540    0.9287   -0.2702
    0.2169   -0.3269   -0.9198
   -0.9426    0.1751   -0.2845
...    38 A-T ...
  -84.9569  -42.8472   30.7027
    0.4096    0.5484   -0.7290
    0.0074   -0.8011   -0.5985
   -0.9122    0.2398   -0.3322
...    39 C-G ...
  -87.7610  -41.4175   29.7753
    0.4069    0.0341   -0.9128
   -0.2402   -0.9601   -0.1430
   -0.8813    0.2774   -0.3825
...    40 A-T ...
  -90.6196  -40.5940   28.2244
    0.2923   -0.5478   -0.7839
   -0.4945   -0.7882    0.3664
   -0.8185    0.2806   -0.5013
...    41 C-G ...
  -92.8806  -39.3320   26.1138
   -0.0074   -0.8886   -0.4587
   -0.6046   -0.3614    0.7099
   -0.7965    0.2825   -0.5345
...    42 G-C ...
  -95.8128  -38.7179   24.5412
   -0.3268   -0.9427    0.0678
   -0.5387    0.2448    0.8061
   -0.7765    0.2269   -0.5878
...    43 A-T ...
  -98.3180  -38.0100   22.4779
   -0.6051   -0.5872    0.5376
   -0.2231    0.7733    0.5935
   -0.7642    0.2392   -0.5989
...    44 C-G ...
 -100.7908  -37.7690   20.1995
   -0.6343   -0.0672    0.7702
    0.1526    0.9657    0.2099
   -0.7579    0.2507   -0.6023
...    45 T-A ...
 -103.4227  -37.1846   18.2185
   -0.4159    0.4653    0.7814
    0.4898    0.8385   -0.2386
   -0.7663    0.2835   -0.5766
...    46 T-A ...
 -106.0118  -36.4515   16.3932
   -0.0471    0.8653    0.4990
    0.6602    0.4018   -0.6346
   -0.7496    0.2996   -0.5902
...    47 A-T ...
 -108.4410  -35.3472   14.3672
    0.4353    0.8957    0.0907
    0.5543   -0.1872   -0.8110
   -0.7094    0.4033   -0.5780
...    48 C-G ...
 -110.9436  -33.7274   12.9990
    0.7065    0.6354   -0.3116
    0.2327   -0.6244   -0.7456
   -0.6684    0.4543   -0.5890
...    49 T-A ...
 -112.9832  -31.8681   11.1744
    0.7841    0.1583   -0.6001
   -0.2080   -0.8440   -0.4943
   -0.5848    0.5124   -0.6289
...    50 G-C ...
 -114.6963  -30.2804    8.7550
    0.5846   -0.4167   -0.6961
   -0.6572   -0.7463   -0.1052
   -0.4757    0.5190   -0.7102
...    51 T-A ...
 -115.6575  -28.2744    6.2892
    0.1520   -0.7649   -0.6260
   -0.8825   -0.3902    0.2625
   -0.4451    0.5125   -0.7343
...    52 A-T ...
 -117.5676  -26.6061    4.0079
   -0.4877   -0.8059   -0.3356
   -0.7704    0.2165    0.5997
   -0.4106    0.5511   -0.7264
...    53 G-C ...
 -118.7359  -24.9237    1.3534
   -0.8274   -0.5582    0.0623
   -0.3769    0.6340    0.6753
   -0.4164    0.5353   -0.7349
...    54 G-C ...
 -120.0922  -23.2924   -1.3050
   -0.8777   -0.1185    0.4644
    0.1619    0.8388    0.5199
   -0.4511    0.5315   -0.7170
...    55 T-A ...
 -121.7858  -22.0559   -3.9352
   -0.6461    0.3517    0.6774
    0.6214    0.7578    0.1992
   -0.4433    0.5496   -0.7081
...    56 A-T ...
 -122.8732  -20.0097   -6.4066
   -0.0942    0.7467    0.6584
    0.9039    0.3413   -0.2578
   -0.4172    0.5709   -0.7071
...    57 T-A ...
 -124.7961  -18.2503   -8.4078
    0.3908    0.8042    0.4478
    0.8285   -0.0953   -0.5519
   -0.4012    0.5866   -0.7035
...    58 C-G ...
 -126.1150  -16.2677  -10.6604
    0.8316    0.5491    0.0834
    0.4339   -0.5485   -0.7147
   -0.3467    0.6306   -0.6944
...    59 T-A ...
 -127.1303  -13.8896  -12.7296
    0.9639    0.1078   -0.2436
   -0.0892   -0.7310   -0.6765
   -0.2510    0.6738   -0.6950
...    60 C-G ...
 -127.7068  -11.6282  -15.0276
    0.7358   -0.3816   -0.5594
   -0.6512   -0.6255   -0.4298
   -0.1859    0.6805   -0.7087
...    61 G-C ...
 -128.3184   -9.7211  -17.7635
    0.2441   -0.7355   -0.6320
   -0.9667   -0.2359   -0.0989
   -0.0763    0.6351   -0.7686
...    62 A-T ...
 -128.4223   -7.7289  -20.4103
   -0.3959   -0.7290   -0.5585
   -0.9170    0.2818    0.2822
   -0.0484    0.6239   -0.7800
...    63 G-C ...
 -128.3394   -5.8298  -23.1737
   -0.8379   -0.4607   -0.2927
   -0.5432    0.6505    0.5308
   -0.0541    0.6038   -0.7953
...    64 C-G ...
 -128.4193   -4.1146  -26.0676
   -0.9974   -0.0140    0.0709
    0.0316    0.7982    0.6016
   -0.0650    0.6023   -0.7956
...    65 T-A ...
 -128.7690   -2.3230  -28.8791
   -0.8097    0.4144    0.4154
    0.5807    0.6678    0.4656
   -0.0845    0.6183   -0.7814
...    66 C-G ...
 -129.0408   -0.3597  -31.5330
   -0.2867    0.7191    0.6330
    0.9554    0.2632    0.1337
   -0.0705    0.6431   -0.7626
...    67 G-C ...
 -128.8308    1.8001  -34.1377
    0.3162    0.6483    0.6926
    0.9485   -0.2036   -0.2425
   -0.0161    0.7336   -0.6793
...    68 G-C ...
 -129.0681    4.4046  -36.2724
    0.7830    0.3410    0.5202
    0.6181   -0.5202   -0.5893
    0.0697    0.7830   -0.6182
...    69 G-C ...
 -128.7657    7.2584  -38.0437
    0.9785   -0.0928    0.1844
    0.0937   -0.5964   -0.7972
    0.1840    0.7973   -0.5748
...    70 A-T ...
 -127.9731    9.8813  -39.8449
    0.8316   -0.4738   -0.2899
   -0.4957   -0.3978   -0.7720
    0.2505    0.7857   -0.5656
...    71 T-A ...
 -126.6488   12.5581  -41.2211
    0.4573   -0.6191   -0.6384
   -0.8472   -0.0851   -0.5244
    0.2704    0.7807   -0.5634
...    72 C-G ...
 -125.5781   14.9766  -43.1864
   -0.1476   -0.5555   -0.8183
   -0.9410    0.3336   -0.0567
    0.3045    0.7617   -0.5719
...    73 C-G ...
 -124.3843   17.2686  -45.3958
   -0.6671   -0.2992   -0.6822
   -0.6781    0.6230    0.3899
    0.3084    0.7227   -0.6185
...    74 G-C ...
 -123.6474   19.9848  -47.2716
   -0.9521    0.0926   -0.2914
   -0.1472    0.6964    0.7024
    0.2680    0.7116   -0.6495
...    75 C-G ...
 -122.7580   22.1012  -49.7238
   -0.8729    0.4571    0.1707
    0.4160    0.5142    0.7500
    0.2551    0.7257   -0.6390
...    76 T-A ...
 -122.1273   24.4433  -52.0252
   -0.5125    0.6311    0.5823
    0.8242    0.1713    0.5398
    0.2409    0.7566   -0.6079
...    77 T-A ...
 -121.5308   26.8638  -54.1118
    0.0613    0.6065    0.7927
    0.9633   -0.2439    0.1121
    0.2613    0.7567   -0.5992
...    78 T-A ...
 -120.8560   29.3910  -56.0249
    0.5954    0.3295    0.7327
    0.7504   -0.5540   -0.3606
    0.2871    0.7646   -0.5771
...    79 A-T ...
 -119.7450   31.9877  -57.8222
    0.8774   -0.1542    0.4544
    0.2747   -0.6151   -0.7391
    0.3935    0.7732   -0.4973
...    80 A-T ...
 -118.3808   34.5694  -59.2177
    0.8613   -0.5071   -0.0323
   -0.2676   -0.3987   -0.8771
    0.4320    0.7641   -0.4791
...    81 C-G ...
 -116.5592   37.1437  -60.2330
    0.5696   -0.6696   -0.4767
   -0.6695   -0.0415   -0.7416
    0.4768    0.7416   -0.4719
...    82 A-T ...
 -115.0188   39.5012  -62.0519
    0.0301   -0.6204   -0.7837
   -0.8462    0.4014   -0.3504
    0.5320    0.6737   -0.5129
...    83 C-G ...
 -112.7207   41.3038  -63.7128
   -0.4355   -0.3031   -0.8476
   -0.7146    0.6890    0.1207
    0.5474    0.6583   -0.5167
...    84 T-A ...
 -110.7588   43.2260  -65.6348
   -0.7680    0.1209   -0.6289
   -0.3398    0.7555    0.5602
    0.5428    0.6439   -0.5391
...    85 T-A ...
 -108.8629   45.0790  -67.5530
   -0.7885    0.5830   -0.1959
    0.1752    0.5182    0.8371
    0.5896    0.6257   -0.5107
...    86 T-A ...
 -106.9698   46.9523  -69.4439
   -0.5094    0.7969    0.3247
    0.5938    0.0524    0.8029
    0.6228    0.6018   -0.4999
...    87 A-T ...
 -104.5429   48.8246  -70.8979
   -0.0225    0.6327    0.7741
    0.7677   -0.4850    0.4188
    0.6404    0.6037   -0.4748
...    88 T-A ...
 -102.9631   51.1883  -72.5509
    0.3643    0.2803    0.8881
    0.6649   -0.7460   -0.0372
    0.6521    0.6041   -0.4581
...    89 G-C ...
 -100.5574   53.0951  -73.9341
    0.5884   -0.2811    0.7581
    0.3535   -0.7538   -0.5539
    0.7272    0.5939   -0.3442
...    90 C-G ...
  -98.1609   55.2877  -74.6131
    0.6356   -0.6900    0.3464
   -0.0117   -0.4573   -0.8892
    0.7720    0.5611   -0.2987
...    91 T-A ...
  -95.4247   57.0664  -75.2402
    0.4665   -0.8678   -0.1710
   -0.3134    0.0186   -0.9494
    0.8271    0.4965   -0.2633
...    92 T-A ...
  -92.6161   58.5759  -75.8761
    0.1987   -0.6896   -0.6964
   -0.5114    0.5332   -0.6739
    0.8360    0.4901   -0.2467
...    93 C-G ...
  -89.7751   60.0053  -76.7795
   -0.1559   -0.2228   -0.9623
   -0.5011    0.8574   -0.1173
    0.8512    0.4640   -0.2453
...    94 C-G ...
  -86.8317   61.3210  -77.8682
   -0.4461    0.2915   -0.8462
   -0.2924    0.8461    0.4457
    0.8459    0.4462   -0.2923
...    95 G-C ...
  -84.0878   63.1913  -78.5561
   -0.5747    0.7140   -0.3999
    0.0375    0.5111    0.8587
    0.8175    0.4785   -0.3205
...    96 G-C ...
  -81.3086   64.6810  -79.8356
   -0.4977    0.8485    0.1797
    0.3478    0.0054    0.9376
    0.7946    0.5291   -0.2978
...    97 C-G ...
  -78.8148   66.4550  -81.1942
   -0.2516    0.6802    0.6885
    0.5521   -0.4834    0.6793
    0.7949    0.5510   -0.2539
...    98 T-A ...
  -76.3536   68.5150  -82.0848
    0.0252    0.2643    0.9641
    0.5992   -0.7760    0.1970
    0.8002    0.5727   -0.1779
...    99 C-G ...
  -73.7530   70.4430  -82.6259
    0.3216   -0.2865    0.9025
    0.4708   -0.7786   -0.4149
    0.8215    0.5583   -0.1155
...   100 G-C ...
  -70.7651   71.9842  -82.9973
    0.3971   -0.7537    0.5236
    0.2529   -0.4586   -0.8519
    0.8822    0.4708    0.0086
...   101 T-A ...
  -67.9388   73.5301  -82.3090
    0.4256   -0.9048   -0.0103
    0.0258    0.0235   -0.9994
    0.9045    0.4251    0.0333
...   102 A-T ...
  -64.8428   74.8544  -82.4355
    0.3104   -0.7127   -0.6290
   -0.2005    0.5977   -0.7762
    0.9292    0.3671    0.0427
...   103 T-A ...
  -61.6398   75.4911  -81.8942
    0.1746   -0.2909   -0.9407
   -0.3218    0.8860   -0.3338
    0.9306    0.3610    0.0611
...   104 A-T ...
  -58.7197   77.2885  -81.6056
   -0.0109    0.4125   -0.9109
   -0.3649    0.8465    0.3877
    0.9310    0.3366    0.1413
...   105 T-A ...
  -55.4359   77.8549  -81.5376
   -0.1661    0.8093   -0.5635
   -0.3140    0.4983    0.8082
    0.9348    0.3112    0.1714
...   106 C-G ...
  -52.2946   78.8038  -81.0400
   -0.3221    0.9454    0.0504
   -0.1646   -0.1084    0.9804
    0.9323    0.3075    0.1906
...   107 A-T ...
  -49.1832   79.6336  -80.1233
   -0.4302    0.6688    0.6063
    0.0472   -0.6541    0.7549
    0.9015    0.3534    0.2498
...   108 T-A ...
  -46.3728   81.2946  -79.6956
   -0.3578    0.2334    0.9042
    0.2490   -0.9094    0.3333
    0.9000    0.3444    0.2672
...   109 G-C ...
  -43.3623   82.3113  -78.6052
   -0.2803   -0.3690    0.8862
    0.4208   -0.8770   -0.2321
    0.8628    0.3079    0.4011
...   110 T-A ...
  -40.9028   83.6991  -76.9366
   -0.0759   -0.7928    0.6047
    0.5144   -0.5507   -0.6574
    0.8542    0.2612    0.4496
...   111 T-A ...
  -38.2545   84.5252  -75.2801
    0.1891   -0.9764    0.1039
    0.4870    0.0015   -0.8734
    0.8527    0.2158    0.4758
...   112 A-T ...
  -35.3059   85.0229  -73.7682
    0.3750   -0.7957   -0.4757
    0.3286    0.5939   -0.7344
    0.8668    0.1191    0.4842
...   113 T-A ...
  -32.6540   84.8335  -71.8096
    0.4981   -0.3735   -0.7826
    0.1020    0.9214   -0.3749
    0.8611    0.1069    0.4970
...   114 A-T ...
  -29.7968   85.7339  -70.1574
    0.5015    0.3386   -0.7962
   -0.2520    0.9375    0.2400
    0.8277    0.0803    0.5554
...   115 A-T ...
  -26.9999   85.6870  -68.4558
    0.3076    0.8342   -0.4578
   -0.5163    0.5504    0.6561
    0.7993    0.0346    0.5999
...   116 C-G ...
  -23.9945   85.5886  -66.9411
   -0.0161    0.9996   -0.0251
   -0.6094    0.0101    0.7928
    0.7927    0.0280    0.6090
...   117 G-C ...
  -21.6183   85.4080  -64.5514
   -0.4327    0.8174    0.3804
   -0.5143   -0.5703    0.6405
    0.7404    0.0815    0.6672
...   118 G-C ...
  -18.9531   85.7702  -62.4894
   -0.7134    0.3606    0.6008
   -0.2090   -0.9279    0.3087
    0.6688    0.0947    0.7374
...   119 A-T ...
  -16.7313   86.1230  -60.1260
   -0.7493   -0.2519    0.6125
    0.2382   -0.9655   -0.1056
    0.6179    0.0667    0.7834
...   120 A-T ...
  -14.8975   86.4548  -57.4943
   -0.5272   -0.7501    0.3992
    0.6235   -0.6607   -0.4180
    0.5773    0.0285    0.8160
...   121 T-A ...
  -13.5790   86.7751  -54.5306
   -0.1712   -0.9799    0.1028
    0.8132   -0.1994   -0.5467
    0.5562   -0.0100    0.8310
...   122 G-C ...
  -11.6466   86.3226  -51.8288
    0.2486   -0.9117   -0.3271
    0.8082    0.3814   -0.4488
    0.5339   -0.1528    0.8316
...   123 T-A ...
  -10.3275   85.3062  -48.9697
    0.6252   -0.5676   -0.5356
    0.5729    0.7999   -0.1788
    0.5299   -0.1951    0.8253
...   124 G-C ...
   -8.2531   84.7945  -46.4044
    0.8194    0.0285   -0.5725
    0.1207    0.9678    0.2209
    0.5604   -0.2501    0.7895
...   125 T-A ...
   -6.3158   83.3676  -44.0489
    0.7619    0.5449   -0.3502
   -0.3390    0.7961    0.5013
    0.5520   -0.2632    0.7912
...   126 C-G ...
   -4.4342   82.4009  -41.4941
    0.4058    0.9129    0.0444
   -0.7409    0.3001    0.6008
    0.5351   -0.2767    0.7982
...   127 G-C ...
   -3.1107   81.3569  -38.5740
   -0.1372    0.9355    0.3257
   -0.8560   -0.2774    0.4362
    0.4984   -0.2190    0.8388
...   128 A-T ...
   -1.3727   80.5221  -35.9124
   -0.6371    0.5965    0.4882
   -0.6228   -0.7715    0.1299
    0.4542   -0.2213    0.8630
...   129 C-G ...
    0.3549   80.3381  -33.1191
   -0.8928    0.1169    0.4350
   -0.2013   -0.9675   -0.1532
    0.4030   -0.2243    0.8873
...   130 C-G ...
    1.6418   79.9008  -30.0334
   -0.9093   -0.3837    0.1614
    0.3099   -0.8828   -0.3529
    0.2779   -0.2709    0.9216
...   131 A-T ...
    2.3980   78.8569  -26.9319
   -0.6246   -0.7521   -0.2101
    0.7691   -0.5458   -0.3325
    0.1354   -0.3693    0.9194
...   132 A-T ...
    2.5536   77.6167  -23.9562
   -0.0926   -0.9097   -0.4048
    0.9912   -0.0456   -0.1242
    0.0946   -0.4127    0.9059
...   133 A-T ...
    2.5923   76.1212  -21.0816
    0.4870   -0.7695   -0.4133
    0.8707    0.4652    0.1598
    0.0693   -0.4376    0.8965
...   134 T-A ...
    2.3094   74.2286  -18.3853
    0.8657   -0.4292   -0.2574
    0.4984    0.7868    0.3642
    0.0462   -0.4436    0.8950
...   135 G-C ...
    1.4370   72.0948  -15.6002
    0.9809    0.0621    0.1844
   -0.1263    0.9241    0.3606
   -0.1480   -0.3770    0.9143
...   136 T-A ...
    0.5300   69.2373  -13.4651
    0.7353    0.4962    0.4617
   -0.6117    0.7791    0.1369
   -0.2918   -0.3831    0.8764
...   137 G-C ...
   -0.1630   67.4089  -10.8054
    0.1799    0.8794    0.4409
   -0.9276    0.3008   -0.2216
   -0.3275   -0.3691    0.8698
...   138 A-T ...
   -0.1294   66.2154   -7.8180
   -0.3749    0.8569    0.3537
   -0.8857   -0.2184   -0.4097
   -0.2739   -0.4669    0.8408
...   139 G-C ...
   -1.0031   65.6050   -4.9383
   -0.8337    0.5216    0.1812
   -0.5170   -0.6221   -0.5880
   -0.1940   -0.5840    0.7883
...   140 C-G ...
   -0.6940   63.8984   -2.2497
   -0.9992    0.0157   -0.0376
    0.0023   -0.8992   -0.4375
   -0.0406   -0.4373    0.8984
...   141 G-C ...
   -3.4331   60.2356    1.0303
   -0.4426    0.2288   -0.8671
    0.1684   -0.9285   -0.3310
   -0.8808   -0.2925    0.3724
...   142 C-G ...
   -6.3247   59.0804    1.6314
   -0.2968   -0.3279   -0.8969
    0.5658   -0.8170    0.1115
   -0.7693   -0.4743    0.4280
...   143 T-A ...
   -8.6731   58.7215    3.6047
   -0.0344   -0.7815   -0.6229
    0.6534   -0.4892    0.5777
   -0.7562   -0.3872    0.5275
...   144 C-G ...
  -11.6514   58.0074    4.7220
    0.2453   -0.9542   -0.1714
    0.6321    0.0234    0.7745
   -0.7350   -0.2984    0.6089
...   145 A-T ...
  -14.1725   56.5625    6.1819
    0.5795   -0.7268    0.3686
    0.3140    0.6165    0.7220
   -0.7520   -0.3027    0.5855
...   146 C-G ...
  -16.4614   53.8912    7.5170
    0.5336   -0.3333    0.7773
   -0.0346    0.9097    0.4138
   -0.8450   -0.2477    0.4739
...   147 A-T ...
  -19.0124   52.0327    8.9268
    0.2451    0.2906    0.9249
   -0.3073    0.9281   -0.2101
   -0.9195   -0.2327    0.3168
