  147 base-pairs
...     1 A-T ...
    0.0000    0.0000    0.0000
    1.0000    0.0000    0.0000
    0.0000    1.0000    0.0000
    0.0000    0.0000    1.0000
...     2 G-C ...
   -0.1404   -1.2353    3.2259
    0.7530    0.6366    0.1668
   -0.6385    0.7681   -0.0490
   -0.1593   -0.0696    0.9848
...     3 T-A ...
   -0.0377   -3.2918    6.3749
    0.2722    0.9302    0.2464
   -0.9238    0.3243   -0.2034
   -0.2691   -0.1722    0.9476
...     4 G-C ...
   -0.3520   -4.1638    9.4928
   -0.3756    0.9250    0.0576
   -0.8780   -0.3352   -0.3416
   -0.2967   -0.1788    0.9381
...     5 A-T ...
   -0.4480   -4.1448   12.7498
   -0.8116    0.5839   -0.0166
   -0.5522   -0.7762   -0.3042
   -0.1905   -0.2377    0.9525
...     6 G-C ...
   -1.5926   -4.1701   15.6201
   -0.9976    0.0246   -0.0651
   -0.0043   -0.9555   -0.2950
   -0.0694   -0.2940    0.9533
...     7 C-G ...
   -1.1050   -4.4793   18.7363
   -0.8442   -0.5302   -0.0787
    0.5343   -0.8442   -0.0430
   -0.0437   -0.0784    0.9960
...     8 G-C ...
   -2.4044   -7.7255   23.1483
   -0.2753   -0.3294   -0.9032
    0.6650   -0.7437    0.0686
   -0.6943   -0.5817    0.4238
...     9 C-G ...
   -4.4706   -9.9691   24.1142
    0.1145   -0.7026   -0.7023
    0.8512   -0.2951    0.4341
   -0.5123   -0.6475    0.5642
...    10 T-A ...
   -6.7420  -10.8705   25.9717
    0.4841   -0.8363   -0.2573
    0.6594    0.1554    0.7356
   -0.5752   -0.5257    0.6267
...    11 C-G ...
   -9.1682  -12.6167   27.1662
    0.7073   -0.6683    0.2306
    0.3450    0.6110    0.7125
   -0.6170   -0.4243    0.6627
...    12 A-T ...
  -10.9253  -14.6583   29.0713
    0.7515   -0.1377    0.6452
   -0.2027    0.8824    0.4245
   -0.6278   -0.4498    0.6352
...    13 C-G ...
  -11.8495  -17.4796   31.2472
    0.4294    0.2824    0.8578
   -0.5708    0.8209    0.0155
   -0.6998   -0.4963    0.5137
...    14 A-T ...
  -13.5915  -19.7756   33.4284
   -0.1503    0.6106    0.7775
   -0.6874    0.5007   -0.5261
   -0.7106   -0.6135    0.3445
...    15 A-T ...
  -15.7437  -21.8803   34.6622
   -0.5255    0.7862    0.3252
   -0.4443    0.0723   -0.8929
   -0.7256   -0.6137    0.3114
...    16 T-A ...
  -17.9006  -23.7571   36.2652
   -0.6559    0.7320   -0.1843
   -0.1053   -0.3304   -0.9380
   -0.7475   -0.5958    0.2938
...    17 T-A ...
  -20.3659  -25.5550   37.3137
   -0.5468    0.4578   -0.7010
    0.2817   -0.6879   -0.6689
   -0.7885   -0.5632    0.2472
...    18 T-A ...
  -23.0305  -27.1965   38.0856
   -0.2357    0.0307   -0.9713
    0.5217   -0.8393   -0.1531
   -0.8199   -0.5429    0.1818
...    19 A-T ...
  -25.8724  -28.9479   38.3169
    0.2210   -0.3797   -0.8983
    0.4999   -0.7468    0.4386
   -0.8374   -0.5460    0.0248
...    20 T-A ...
  -28.8421  -30.2946   37.8846
    0.4528   -0.7057   -0.5449
    0.2941   -0.4587    0.8385
   -0.8417   -0.5399   -0.0002
...    21 T-A ...
  -31.6247  -31.9643   37.5633
    0.5037   -0.8621    0.0548
   -0.0470    0.0360    0.9982
   -0.8626   -0.5054   -0.0224
...    22 C-G ...
  -34.3899  -33.7862   37.3792
    0.3448   -0.6726    0.6548
   -0.3633    0.5475    0.7538
   -0.8655   -0.4978   -0.0556
...    23 G-C ...
  -37.5074  -35.0828   37.4734
    0.0801   -0.2021    0.9761
   -0.5011    0.8383    0.2147
   -0.8617   -0.5063   -0.0342
...    24 C-G ...
  -40.2077  -37.0765   37.2494
   -0.2055    0.3173    0.9258
   -0.4351    0.8177   -0.3768
   -0.8766   -0.4803   -0.0300
...    25 A-T ...
  -43.2138  -38.4779   36.8055
   -0.3512    0.7778    0.5212
   -0.2036    0.4800   -0.8533
   -0.9139   -0.4058   -0.0102
...    26 A-T ...
  -46.1501  -39.8412   36.9514
   -0.3784    0.9235   -0.0621
    0.0553   -0.0444   -0.9975
   -0.9240   -0.3809   -0.0342
...    27 A-T ...
  -49.1819  -40.9483   36.9734
   -0.2240    0.7593   -0.6110
    0.2577   -0.5584   -0.7885
   -0.9399   -0.3341   -0.0706
...    28 G-C ...
  -52.3862  -41.7024   36.7696
    0.0587    0.3889   -0.9194
    0.3138   -0.8815   -0.3528
   -0.9477   -0.2678   -0.1738
...    29 G-C ...
  -55.5958  -42.1365   35.8165
    0.3326   -0.1192   -0.9355
    0.1687   -0.9685    0.1834
   -0.9278   -0.2188   -0.3020
...    30 C-G ...
  -58.5427  -42.4867   34.3215
    0.4167   -0.6217   -0.6632
   -0.0959   -0.7555    0.6481
   -0.9040   -0.2065   -0.3744
...    31 C-G ...
  -61.3239  -43.3400   32.5604
    0.3376   -0.9270   -0.1631
   -0.3814   -0.2932    0.8767
   -0.8606   -0.2338   -0.4525
...    32 G-C ...
  -64.3137  -44.4396   31.4001
    0.0750   -0.9125    0.4022
   -0.5657    0.2932    0.7707
   -0.8212   -0.2853   -0.4942
...    33 G-C ...
  -66.9492  -45.6045   29.5840
   -0.2445   -0.5704    0.7842
   -0.5178    0.7606    0.3917
   -0.8198   -0.3102   -0.4813
...    34 C-G ...
  -69.5106  -46.9327   27.8413
   -0.4896   -0.0293    0.8715
   -0.2708    0.9551   -0.1200
   -0.8288   -0.2948   -0.4755
...    35 C-G ...
  -72.2174  -48.1754   26.1907
   -0.5010    0.5345    0.6807
    0.0767    0.8108   -0.5802
   -0.8621   -0.2385   -0.4472
...    36 C-G ...
  -75.1218  -49.2381   24.7831
   -0.2871    0.9136    0.2879
    0.3648    0.3821   -0.8491
   -0.8857   -0.1387   -0.4430
...    37 G-C ...
  -77.9177  -49.6577   22.9282
    0.1108    0.9811   -0.1589
    0.4731   -0.1927   -0.8597
   -0.8740    0.0200   -0.4855
...    38 A-T ...
  -80.7703  -49.4970   21.3597
    0.4383    0.6806   -0.5871
    0.3084   -0.7274   -0.6130
   -0.8443    0.0876   -0.5287
...    39 C-G ...
  -83.5297  -48.5754   19.8567
    0.5897    0.1937   -0.7841
    0.0081   -0.9722   -0.2341
   -0.8076    0.1317   -0.5748
...    40 A-T ...
  -86.0580  -48.1769   17.6802
    0.5868   -0.4065   -0.7003
   -0.3846   -0.9010    0.2006
   -0.7125    0.1516   -0.6851
...    41 C-G ...
  -87.9387  -47.2310   15.1010
    0.3071   -0.8283   -0.4686
   -0.6673   -0.5385    0.5145
   -0.6785    0.1547   -0.7181
...    42 G-C ...
  -90.4041  -47.1677   12.7772
   -0.1059   -0.9935   -0.0417
   -0.7746    0.0561    0.6299
   -0.6235    0.0990   -0.7755
...    43 A-T ...
  -92.3729  -46.9093   10.1116
   -0.5738   -0.7455    0.3391
   -0.5507    0.6577    0.5140
   -0.6062    0.1082   -0.7879
...    44 C-G ...
  -94.1211  -47.0689    7.2252
   -0.7897   -0.2607    0.5553
   -0.1419    0.9583    0.2482
   -0.5969    0.1172   -0.7937
...    45 T-A ...
  -96.1549  -46.9561    4.5641
   -0.7193    0.3112    0.6210
    0.3289    0.9401   -0.0902
   -0.6119    0.1394   -0.7786
...    46 T-A ...
  -98.1991  -46.7382    2.0367
   -0.3933    0.8069    0.4406
    0.7079    0.5716   -0.4149
   -0.5867    0.1488   -0.7960
...    47 A-T ...
  -99.9790  -46.1493   -0.7551
    0.1689    0.9727    0.1592
    0.8045   -0.0427   -0.5924
   -0.5694    0.2281   -0.7898
...    48 C-G ...
 -102.2427  -45.1781   -2.9303
    0.6036    0.7867   -0.1296
    0.5888   -0.5494   -0.5928
   -0.5376    0.2815   -0.7948
...    49 T-A ...
 -103.9856  -43.8796   -5.4283
    0.8753    0.3394   -0.3446
    0.1559   -0.8724   -0.4632
   -0.4578    0.3517   -0.8165
...    50 G-C ...
 -105.1734  -42.7649   -8.3748
    0.8565   -0.2693   -0.4403
   -0.3996   -0.8859   -0.2355
   -0.3266    0.3776   -0.8664
...    51 T-A ...
 -105.7078  -41.1000  -11.1893
    0.5189   -0.7148   -0.4688
   -0.8061   -0.5917    0.0100
   -0.2846    0.3727   -0.8832
...    52 T-A ...
 -106.3445  -39.7784  -14.0997
   -0.0640   -0.9150   -0.3984
   -0.9614   -0.0506    0.2706
   -0.2678    0.4004   -0.8764
...    53 C-G ...
 -107.1358  -38.5941  -17.0908
   -0.6420   -0.7497   -0.1605
   -0.7263    0.5276    0.4406
   -0.2456    0.3995   -0.8832
...    54 A-T ...
 -108.1251  -37.0069  -19.8593
   -0.9432   -0.2865    0.1681
   -0.1886    0.8784    0.4391
   -0.2735    0.3825   -0.8826
...    55 T-A ...
 -108.9962  -36.3890  -23.0114
   -0.9086    0.2309    0.3480
    0.3414    0.8906    0.3004
   -0.2406    0.3917   -0.8881
...    56 G-C ...
 -109.6223  -34.8137  -25.8987
   -0.5086    0.6824    0.5250
    0.8168    0.5753    0.0435
   -0.2724    0.4509   -0.8500
...    57 T-A ...
 -111.0683  -33.5524  -28.6141
    0.0184    0.8649    0.5015
    0.9666    0.1130   -0.2302
   -0.2557    0.4890   -0.8340
...    58 T-A ...
 -112.0588  -31.9334  -31.2383
    0.5797    0.7533    0.3105
    0.7821   -0.4075   -0.4715
   -0.2287    0.5162   -0.8254
...    59 A-T ...
 -112.6665  -30.0429  -33.9316
    0.9487    0.3028    0.0913
    0.2957   -0.7469   -0.5956
   -0.1122    0.5920   -0.7981
...    60 T-A ...
 -112.9814  -27.6003  -36.0888
    0.9702   -0.1365   -0.2002
   -0.2288   -0.7883   -0.5712
   -0.0799    0.6000   -0.7960
...    61 A-T ...
 -113.0803  -25.7236  -38.8714
    0.6379   -0.6273   -0.4468
   -0.7701   -0.5150   -0.3765
    0.0061    0.5842   -0.8116
...    62 A-T ...
 -112.7650  -23.7771  -41.4620
    0.0665   -0.8002   -0.5961
   -0.9975   -0.0395   -0.0582
    0.0230    0.5985   -0.8008
...    63 C-G ...
 -112.0295  -21.9811  -44.2058
   -0.4849   -0.6937   -0.5326
   -0.8735    0.4136    0.2566
    0.0422    0.5897   -0.8065
...    64 G-C ...
 -112.2857  -19.8191  -46.7933
   -0.9078   -0.3431   -0.2411
   -0.4192    0.7598    0.4970
    0.0127    0.5523   -0.8336
...    65 G-C ...
 -112.1632  -18.1427  -49.7492
   -0.9846    0.1232    0.1239
    0.1715    0.8180    0.5491
   -0.0337    0.5619   -0.8265
...    66 A-T ...
 -112.1839  -16.3847  -52.5461
   -0.6783    0.5844    0.4454
    0.7343    0.5626    0.3799
   -0.0285    0.5848   -0.8107
...    67 A-T ...
 -112.4581  -14.5882  -55.2422
   -0.1223    0.8011    0.5859
    0.9925    0.1037    0.0654
   -0.0083    0.5895   -0.8077
...    68 G-C ...
 -112.7340  -12.5423  -57.8409
    0.4309    0.6741    0.5999
    0.9017   -0.3483   -0.2563
    0.0362    0.6514   -0.7579
...    69 G-C ...
 -112.7336  -10.1165  -60.1850
    0.8458    0.2934    0.4457
    0.5191   -0.6454   -0.5603
    0.1233    0.7053   -0.6981
...    70 T-A ...
 -112.3729   -7.3802  -61.9783
    0.9840   -0.1316    0.1202
   -0.0039   -0.6900   -0.7238
    0.1782    0.7117   -0.6795
...    71 A-T ...
 -111.5765   -5.1110  -64.3183
    0.7665   -0.5759   -0.2843
   -0.5828   -0.4377   -0.6846
    0.2698    0.6905   -0.6711
...    72 T-A ...
 -110.1502   -2.7165  -66.0843
    0.3558   -0.7181   -0.5981
   -0.8910   -0.0675   -0.4489
    0.2820    0.6926   -0.6639
...    73 C-G ...
 -109.0658   -0.5720  -68.3505
   -0.2575   -0.6140   -0.7461
   -0.9161    0.4007   -0.0135
    0.3072    0.6801   -0.6657
...    74 T-A ...
 -107.8041    1.4411  -70.7102
   -0.7269   -0.3030   -0.6163
   -0.6133    0.6901    0.3841
    0.3089    0.6572   -0.6875
...    75 C-G ...
 -106.7297    3.5366  -73.0453
   -0.9488    0.1864   -0.2550
   -0.0417    0.7264    0.6860
    0.3131    0.6615   -0.6815
...    76 G-C ...
 -105.5118    6.0433  -74.9652
   -0.8181    0.5192    0.2473
    0.5156    0.4718    0.7153
    0.2547    0.7127   -0.6536
...    77 A-T ...
 -104.6428    8.3017  -77.1985
   -0.3539    0.6728    0.6497
    0.8985    0.0518    0.4359
    0.2596    0.7381   -0.6228
...    78 G-C ...
 -104.0461   10.8207  -79.2763
    0.1616    0.5290    0.8331
    0.9454   -0.3251    0.0231
    0.2831    0.7839   -0.5526
...    79 C-G ...
 -103.4906   13.6255  -80.9482
    0.6322    0.2075    0.7465
    0.7042   -0.5558   -0.4418
    0.3232    0.8050   -0.4975
...    80 T-A ...
 -102.4430   16.4817  -82.2568
    0.8773   -0.1945    0.4387
    0.2728   -0.5500   -0.7894
    0.3948    0.8122   -0.4295
...    81 C-G ...
 -100.9646   19.1187  -83.5178
    0.8481   -0.5217   -0.0923
   -0.2829   -0.2987   -0.9115
    0.4479    0.7991   -0.4009
...    82 G-C ...
  -99.3088   21.5129  -85.2439
    0.4865   -0.6735   -0.5565
   -0.6749    0.1148   -0.7289
    0.5548    0.7302   -0.3987
...    83 G-C ...
  -97.0717   23.6823  -86.6033
   -0.0090   -0.5329   -0.8461
   -0.8027    0.5085   -0.3117
    0.5964    0.6763   -0.4324
...    84 G-C ...
  -94.8476   25.6998  -88.2017
   -0.4896   -0.1804   -0.8531
   -0.6375    0.7415    0.2090
    0.5949    0.6462   -0.4780
...    85 A-T ...
  -92.7941   27.7531  -89.8030
   -0.7749    0.3155   -0.5478
   -0.2061    0.6931    0.6908
    0.5976    0.6481   -0.4720
...    86 T-A ...
  -90.8160   29.4383  -91.8728
   -0.7546    0.6463   -0.1135
    0.2224    0.4146    0.8824
    0.6173    0.6407   -0.4565
...    87 C-G ...
  -88.7584   31.4950  -93.4522
   -0.4804    0.7477    0.4584
    0.6245   -0.0754    0.7774
    0.6158    0.6598   -0.4307
...    88 C-G ...
  -86.8715   33.7885  -95.0925
   -0.1135    0.5109    0.8521
    0.7841   -0.4806    0.3926
    0.6101    0.7127   -0.3461
...    89 G-C ...
  -84.5166   35.9974  -96.1048
    0.2556    0.0431    0.9658
    0.7210   -0.6740   -0.1607
    0.6441    0.7374   -0.2034
...    90 C-G ...
  -82.6543   38.7134  -96.4708
    0.5644   -0.3852    0.7301
    0.4741   -0.5728   -0.6687
    0.6758    0.7236   -0.1406
...    91 T-A ...
  -80.4010   41.1461  -96.5334
    0.6727   -0.6907    0.2653
    0.1296   -0.2430   -0.9613
    0.7285    0.6811   -0.0739
...    92 T-A ...
  -77.9945   43.3242  -96.5138
    0.6181   -0.7086   -0.3403
   -0.2692    0.2159   -0.9386
    0.7385    0.6718   -0.0574
...    93 T-A ...
  -75.4678   45.3775  -96.4630
    0.3597   -0.4326   -0.8267
   -0.5703    0.5994   -0.5617
    0.7385    0.6735   -0.0312
...    94 A-T ...
  -73.3291   48.0376  -96.6616
   -0.0623    0.1148   -0.9914
   -0.6680    0.7333    0.1269
    0.7416    0.6702    0.0310
...    95 A-T ...
  -70.7051   49.9901  -96.6349
   -0.4065    0.5639   -0.7189
   -0.5138    0.5095    0.6902
    0.7555    0.6500    0.0827
...    96 C-G ...
  -67.9617   51.9100  -96.8947
   -0.6224    0.7480   -0.2306
   -0.2179    0.1174    0.9689
    0.7518    0.6533    0.0899
...    97 A-T ...
  -65.4290   54.0106  -96.2924
   -0.6890    0.6180    0.3787
    0.1873   -0.3529    0.9167
    0.7002    0.7025    0.1274
...    98 C-G ...
  -63.3607   56.5982  -96.3574
   -0.5116    0.3079    0.8022
    0.5192   -0.6331    0.5741
    0.6846    0.7102    0.1640
...    99 T-A ...
  -61.3374   59.1652  -95.8004
   -0.2185   -0.1409    0.9656
    0.7185   -0.6928    0.0615
    0.6603    0.7073    0.2526
...   100 T-A ...
  -59.3581   61.5538  -94.8927
    0.1943   -0.5421    0.8176
    0.7222   -0.4850   -0.4932
    0.6639    0.6862    0.2972
...   101 T-A ...
  -57.3313   63.7876  -93.7280
    0.5429   -0.7483    0.3811
    0.4985   -0.0781   -0.8634
    0.6758    0.6587    0.3307
...   102 A-T ...
  -54.8993   65.8288  -92.6606
    0.6832   -0.6913   -0.2353
    0.1121    0.4176   -0.9017
    0.7216    0.5896    0.3628
...   103 T-A ...
  -52.5044   67.3018  -90.9291
    0.6490   -0.3727   -0.6633
   -0.2457    0.7225   -0.6463
    0.7201    0.5824    0.3773
...   104 G-C ...
  -50.0898   69.4124  -89.9944
    0.3410    0.1069   -0.9340
   -0.5512    0.8276   -0.1066
    0.7615    0.5511    0.3411
...   105 C-G ...
  -47.2827   70.9568  -88.9922
   -0.0372    0.5507   -0.8339
   -0.6391    0.6284    0.4435
    0.7682    0.5494    0.3285
...   106 T-A ...
  -44.5415   72.6864  -88.1501
   -0.3987    0.7938   -0.4593
   -0.5143    0.2211    0.8286
    0.7593    0.5665    0.3201
...   107 T-A ...
  -41.9143   74.4417  -87.3332
   -0.6039    0.7871    0.1259
   -0.2033   -0.3048    0.9304
    0.7707    0.5363    0.3441
...   108 C-G ...
  -39.3198   76.1897  -86.2807
   -0.6377    0.4237    0.6433
    0.1841   -0.7271    0.6614
    0.7480    0.5402    0.3856
...   109 C-G ...
  -36.8954   78.2551  -85.1298
   -0.5185   -0.1053    0.8486
    0.5017   -0.8411    0.2022
    0.6924    0.5305    0.4890
...   110 G-C ...
  -34.4471   79.7291  -83.3410
   -0.2655   -0.6346    0.7258
    0.7250   -0.6277   -0.2835
    0.6355    0.4509    0.6267
...   111 G-C ...
  -32.6223   81.1679  -80.9011
    0.0953   -0.9212    0.3773
    0.7833   -0.1645   -0.5995
    0.6143    0.3527    0.7058
...   112 C-G ...
  -30.9165   82.0369  -78.1970
    0.4740   -0.8788   -0.0542
    0.6310    0.3820   -0.6753
    0.6142    0.2859    0.7356
...   113 T-A ...
  -28.9505   82.5864  -75.5762
    0.7071   -0.5461   -0.4491
    0.3131    0.8113   -0.4936
    0.6340    0.2084    0.7447
...   114 C-G ...
  -26.7273   83.0729  -73.1849
    0.7542    0.0562   -0.6543
   -0.1569    0.9829   -0.0964
    0.6376    0.1754    0.7501
...   115 G-C ...
  -24.6153   84.1232  -70.7646
    0.4925    0.6179   -0.6129
   -0.5440    0.7683    0.3373
    0.6793    0.1673    0.7146
...   116 T-A ...
  -21.9511   84.2984  -68.6992
    0.1215    0.9384   -0.3234
   -0.7319    0.3048    0.6095
    0.6705    0.1627    0.7239
...   117 A-T ...
  -20.1279   84.6189  -65.8156
   -0.3619    0.9088    0.2078
   -0.6586   -0.4070    0.6329
    0.6597    0.0922    0.7458
...   118 T-A ...
  -17.6188   85.3072  -63.7763
   -0.6512    0.5654    0.5063
   -0.3873   -0.8212    0.4190
    0.6527    0.0767    0.7538
...   119 A-T ...
  -15.4797   85.4324  -61.1910
   -0.8107   -0.0514    0.5832
    0.0824   -0.9962    0.0268
    0.5797    0.0698    0.8119
...   120 A-T ...
  -13.7195   85.8058  -58.5057
   -0.6483   -0.6130    0.4516
    0.5334   -0.7889   -0.3052
    0.5434    0.0430    0.8384
...   121 T-A ...
  -12.4666   86.2896  -55.5290
   -0.3105   -0.9290    0.2013
    0.7953   -0.3699   -0.4804
    0.5207    0.0109    0.8537
...   122 G-C ...
  -10.6543   85.9241  -52.7181
    0.1397   -0.9656   -0.2192
    0.8634    0.2272   -0.4505
    0.4848   -0.1263    0.8654
...   123 T-A ...
   -9.5505   85.0631  -49.7168
    0.5669   -0.6884   -0.4525
    0.6697    0.7050   -0.2335
    0.4797   -0.1707    0.8607
...   124 G-C ...
   -7.5965   84.5926  -47.0305
    0.8317   -0.1144   -0.5434
    0.2229    0.9650    0.1379
    0.5086   -0.2358    0.8281
...   125 T-A ...
   -5.8654   83.1888  -44.5029
    0.8230    0.4322   -0.3687
   -0.2655    0.8664    0.4229
    0.5022   -0.2502    0.8278
...   126 C-G ...
   -4.1340   82.2749  -41.8146
    0.4919    0.8706   -0.0089
   -0.7219    0.4136    0.5548
    0.4867   -0.2665    0.8319
...   127 G-C ...
   -2.9765   81.3554  -38.7636
   -0.0608    0.9605    0.2716
   -0.8847   -0.1778    0.4308
    0.4621   -0.2141    0.8606
...   128 A-T ...
   -1.3592   80.5182  -36.0084
   -0.5967    0.6617    0.4540
   -0.6810   -0.7168    0.1497
    0.4244   -0.2198    0.8784
...   129 C-G ...
    0.3337   80.3056  -33.1722
   -0.8876    0.1855    0.4217
   -0.2606   -0.9570   -0.1276
    0.3799   -0.2232    0.8977
...   130 C-G ...
    1.6082   79.8428  -30.0726
   -0.9272   -0.3364    0.1645
    0.2685   -0.9034   -0.3343
    0.2611   -0.2658    0.9280
...   131 A-T ...
    2.3812   78.7833  -26.9698
   -0.6455   -0.7374   -0.1988
    0.7531   -0.5712   -0.3264
    0.1271   -0.3604    0.9241
...   132 A-T ...
    2.5410   77.5765  -23.9779
   -0.1079   -0.9121   -0.3954
    0.9902   -0.0630   -0.1248
    0.0890   -0.4050    0.9100
...   133 A-T ...
    2.5910   76.1113  -21.0873
    0.4816   -0.7744   -0.4103
    0.8739    0.4599    0.1578
    0.0665   -0.4346    0.8982
...   134 T-A ...
    2.3094   74.2286  -18.3853
    0.8657   -0.4292   -0.2574
    0.4984    0.7868    0.3642
    0.0462   -0.4436    0.8950
...   135 G-C ...
    1.4370   72.0948  -15.6001
    0.9809    0.0621    0.1844
   -0.1263    0.9241    0.3606
   -0.1480   -0.3770    0.9143
...   136 T-A ...
    0.5300   69.2373  -13.4651
    0.7353    0.4962    0.4617
   -0.6117    0.7791    0.1369
   -0.2918   -0.3831    0.8764
...   137 G-C ...
   -0.1631   67.4089  -10.8054
    0.1799    0.8794    0.4409
   -0.9276    0.3008   -0.2216
   -0.3275   -0.3691    0.8698
...   138 A-T ...
   -0.1294   66.2154   -7.8180
   -0.3749    0.8569    0.3537
   -0.8857   -0.2184   -0.4097
   -0.2739   -0.4669    0.8408
...   139 G-C ...
   -1.0031   65.6050   -4.9382
   -0.8337    0.5216    0.1812
   -0.5170   -0.6221   -0.5880
   -0.1940   -0.5840    0.7883
...   140 C-G ...
   -0.6941   63.8984   -2.2496
   -0.9992    0.0157   -0.0376
    0.0023   -0.8992   -0.4375
   -0.0406   -0.4373    0.8984
...   141 G-C ...
   -3.4331   60.2356    1.0303
   -0.4426    0.2288   -0.8671
    0.1684   -0.9285   -0.3310
   -0.8808   -0.2925    0.3724
...   142 C-G ...
   -6.3247   59.0804    1.6315
   -0.2968   -0.3279   -0.8969
    0.5658   -0.8170    0.1115
   -0.7693   -0.4743    0.4280
...   143 T-A ...
   -8.6732   58.7215    3.6048
   -0.0344   -0.7815   -0.6229
    0.6534   -0.4892    0.5777
   -0.7562   -0.3872    0.5275
...   144 C-G ...
  -11.6514   58.0073    4.7220
    0.2453   -0.9542   -0.1714
    0.6321    0.0234    0.7745
   -0.7350   -0.2984    0.6089
...   145 A-T ...
  -14.1726   56.5625    6.1820
    0.5795   -0.7268    0.3686
    0.3140    0.6165    0.7220
   -0.7520   -0.3027    0.5855
...   146 C-G ...
  -16.4614   53.8912    7.5170
    0.5336   -0.3333    0.7773
   -0.0346    0.9097    0.4138
   -0.8450   -0.2477    0.4739
...   147 A-T ...
  -19.0125   52.0327    8.9269
    0.2451    0.2906    0.9249
   -0.3073    0.9281   -0.2101
   -0.9195   -0.2327    0.3168
