  147 base-pairs
...     1 A-T ...
    0.0000    0.0000    0.0000
    1.0000    0.0000    0.0000
    0.0000    1.0000    0.0000
    0.0000    0.0000    1.0000
...     2 G-C ...
   -0.1404   -1.2353    3.2259
    0.7530    0.6366    0.1668
   -0.6385    0.7681   -0.0490
   -0.1593   -0.0696    0.9848
...     3 T-A ...
   -0.0377   -3.2918    6.3749
    0.2722    0.9302    0.2464
   -0.9238    0.3243   -0.2034
   -0.2691   -0.1722    0.9476
...     4 G-C ...
   -0.3520   -4.1638    9.4928
   -0.3756    0.9250    0.0576
   -0.8780   -0.3352   -0.3416
   -0.2967   -0.1788    0.9381
...     5 A-T ...
   -0.4480   -4.1448   12.7498
   -0.8116    0.5839   -0.0166
   -0.5522   -0.7762   -0.3042
   -0.1905   -0.2377    0.9525
...     6 G-C ...
   -1.5926   -4.1701   15.6201
   -0.9976    0.0246   -0.0651
   -0.0043   -0.9555   -0.2950
   -0.0694   -0.2940    0.9533
...     7 C-G ...
   -1.1050   -4.4793   18.7363
   -0.8442   -0.5302   -0.0787
    0.5343   -0.8442   -0.0430
   -0.0437   -0.0784    0.9960
...     8 G-C ...
   -2.4044   -7.7255   23.1483
   -0.2753   -0.3294   -0.9032
    0.6650   -0.7437    0.0686
   -0.6943   -0.5817    0.4238
...     9 C-G ...
   -4.4706   -9.9691   24.1142
    0.1145   -0.7026   -0.7023
    0.8512   -0.2951    0.4341
   -0.5123   -0.6475    0.5642
...    10 T-A ...
   -6.7420  -10.8705   25.9717
    0.4841   -0.8363   -0.2573
    0.6594    0.1554    0.7356
   -0.5752   -0.5257    0.6267
...    11 C-G ...
   -9.1682  -12.6167   27.1662
    0.7073   -0.6683    0.2306
    0.3450    0.6110    0.7125
   -0.6170   -0.4243    0.6627
...    12 A-T ...
  -10.9253  -14.6583   29.0713
    0.7515   -0.1377    0.6452
   -0.2027    0.8824    0.4245
   -0.6278   -0.4498    0.6352
...    13 C-G ...
  -11.8495  -17.4796   31.2472
    0.4294    0.2824    0.8578
   -0.5708    0.8209    0.0155
   -0.6998   -0.4963    0.5137
...    14 A-T ...
  -13.5915  -19.7756   33.4284
   -0.1503    0.6106    0.7775
   -0.6874    0.5007   -0.5261
   -0.7106   -0.6135    0.3445
...    15 A-T ...
  -15.7271  -21.8919   34.6739
   -0.5289    0.7812    0.3318
   -0.4459    0.0768   -0.8918
   -0.7221   -0.6196    0.3077
...    16 T-A ...
  -17.8662  -23.7995   36.2698
   -0.6630    0.7283   -0.1734
   -0.1055   -0.3202   -0.9415
   -0.7412   -0.6059    0.2891
...    17 T-A ...
  -20.3022  -25.6342   37.3223
   -0.5574    0.4631   -0.6891
    0.2856   -0.6724   -0.6828
   -0.7796   -0.5774    0.2425
...    18 T-A ...
  -22.9369  -27.3197   38.0916
   -0.2445    0.0527   -0.9682
    0.5322   -0.8274   -0.1794
   -0.8106   -0.5591    0.1742
...    19 A-T ...
  -25.8091  -29.0160   38.2647
    0.2256   -0.3187   -0.9206
    0.5168   -0.7619    0.3904
   -0.8259   -0.5638   -0.0072
...    20 T-A ...
  -28.7399  -30.3971   37.7517
    0.4704   -0.6522   -0.5944
    0.3092   -0.5091    0.8033
   -0.8265   -0.5617   -0.0378
...    21 T-A ...
  -31.4578  -32.1313   37.3105
    0.5400   -0.8415   -0.0179
   -0.0428   -0.0487    0.9979
   -0.8406   -0.5381   -0.0623
...    22 C-G ...
  -34.1118  -34.0757   36.9826
    0.3865   -0.7099    0.5888
   -0.3848    0.4561    0.8025
   -0.8382   -0.5368   -0.0969
...    23 G-C ...
  -37.1127  -35.6014   37.0071
    0.1054   -0.2916    0.9507
   -0.5544    0.7765    0.2996
   -0.8256   -0.5586   -0.0798
...    24 C-G ...
  -39.6658  -37.7513   36.6337
   -0.2168    0.2039    0.9547
   -0.5006    0.8163   -0.2881
   -0.8381   -0.5404   -0.0749
...    25 A-T ...
  -42.5529  -39.3270   36.0718
   -0.4099    0.6847    0.6026
   -0.2534    0.5492   -0.7964
   -0.8762   -0.4791   -0.0516
...    26 A-T ...
  -45.3514  -40.9670   36.0891
   -0.4660    0.8839    0.0390
    0.0505    0.0706   -0.9962
   -0.8833   -0.4623   -0.0775
...    27 A-T ...
  -48.2569  -42.3737   35.9997
   -0.3086    0.7943   -0.5233
    0.3083   -0.4369   -0.8450
   -0.8999   -0.4221   -0.1100
...    28 G-C ...
  -51.3562  -43.4512   35.7143
    0.0071    0.4972   -0.8676
    0.4091   -0.7932   -0.4512
   -0.9125   -0.3517   -0.2090
...    29 G-C ...
  -54.5049  -44.1490   34.7411
    0.3403    0.0374   -0.9396
    0.2876   -0.9555    0.0661
   -0.8953   -0.2927   -0.3359
...    30 C-G ...
  -57.3890  -44.6641   33.1999
    0.4939   -0.4718   -0.7304
    0.0068   -0.8379    0.5458
   -0.8695   -0.2746   -0.4106
...    31 C-G ...
  -60.0205  -45.6360   31.2906
    0.4692   -0.8385   -0.2770
   -0.3344   -0.4590    0.8231
   -0.8174   -0.2936   -0.4957
...    32 G-C ...
  -62.7710  -47.0359   29.9067
    0.2217   -0.9348    0.2773
   -0.6086    0.0895    0.7884
   -0.7619   -0.3436   -0.5491
...    33 G-C ...
  -65.1429  -48.4159   27.8937
   -0.1449   -0.7079    0.6913
   -0.6456    0.5971    0.4761
   -0.7498   -0.3774   -0.5435
...    34 C-G ...
  -67.4220  -49.9374   25.9390
   -0.4825   -0.2394    0.8425
   -0.4409    0.8975    0.0024
   -0.7568   -0.3703   -0.5386
...    35 C-G ...
  -69.8511  -51.4172   24.0716
   -0.6022    0.3295    0.7272
   -0.0741    0.8839   -0.4619
   -0.7949   -0.3320   -0.5079
...    36 C-G ...
  -72.4774  -52.8090   22.4252
   -0.4684    0.7904    0.3949
    0.2943    0.5609   -0.7738
   -0.8331   -0.2462   -0.4953
...    37 G-C ...
  -75.0732  -53.5362   20.3938
   -0.0929    0.9954   -0.0235
    0.5221    0.0286   -0.8524
   -0.8478   -0.0915   -0.5224
...    38 A-T ...
  -77.8592  -53.7813   18.7255
    0.2968    0.8323   -0.4682
    0.4739   -0.5540   -0.6844
   -0.8290   -0.0188   -0.5589
...    39 C-G ...
  -80.7093  -53.2748   17.2087
    0.5556    0.4246   -0.7148
    0.2297   -0.9047   -0.3588
   -0.7991    0.0352   -0.6002
...    40 A-T ...
  -83.2011  -53.1038   14.9664
    0.6919   -0.1592   -0.7042
   -0.1741   -0.9834    0.0512
   -0.7007    0.0871   -0.7081
...    41 C-G ...
  -85.1332  -52.2434   12.4130
    0.5173   -0.6572   -0.5482
   -0.5418   -0.7473    0.3847
   -0.6624    0.0980   -0.7427
...    42 G-C ...
  -87.3891  -52.4286    9.9019
    0.1518   -0.9723   -0.1775
   -0.7967   -0.2266    0.5603
   -0.5850    0.0563   -0.8091
...    43 A-T ...
  -89.2001  -52.3101    7.1241
   -0.3764   -0.9071    0.1885
   -0.7332    0.4160    0.5379
   -0.5663    0.0642   -0.8217
...    44 C-G ...
  -90.6733  -52.5076    4.0937
   -0.7228   -0.5330    0.4399
   -0.4092    0.8430    0.3490
   -0.5569    0.0723   -0.8275
...    45 T-A ...
  -92.4941  -52.5599    1.2842
   -0.8163    0.0182    0.5773
    0.0628    0.9964    0.0574
   -0.5742    0.0831   -0.8145
...    46 T-A ...
  -94.3445  -52.5534   -1.3998
   -0.6342    0.6023    0.4849
    0.5485    0.7924   -0.2669
   -0.5449    0.0967   -0.8329
...    47 A-T ...
  -95.9756  -52.0921   -4.3021
   -0.1285    0.9524    0.2764
    0.8293    0.2561   -0.4967
   -0.5438    0.1654   -0.8227
...    48 C-G ...
  -98.2316  -51.5137   -6.6198
    0.3599    0.9327    0.0226
    0.7709   -0.2836   -0.5703
   -0.5255    0.2227   -0.8211
...    49 T-A ...
 -100.0546  -50.4477   -9.1643
    0.7649    0.6132   -0.1972
    0.4471   -0.7259   -0.5227
   -0.4637    0.3117   -0.8294
...    50 G-C ...
 -101.2478  -49.3216  -12.0997
    0.9386    0.0471   -0.3419
   -0.0884   -0.9248   -0.3700
   -0.3336    0.3775   -0.8638
...    51 T-A ...
 -101.9560  -47.5370  -14.7858
    0.7611   -0.4661   -0.4511
   -0.5826   -0.7969   -0.1595
   -0.2851    0.3842   -0.8781
...    52 A-T ...
 -103.0481  -46.4896  -17.8057
    0.2230   -0.8652   -0.4490
   -0.9422   -0.3095    0.1285
   -0.2502    0.3944   -0.8842
...    53 G-C ...
 -103.5294  -45.2074  -20.8604
   -0.3263   -0.9012   -0.2852
   -0.9165    0.2278    0.3288
   -0.2314    0.3687   -0.9003
...    54 G-C ...
 -104.1233  -44.1681  -24.0443
   -0.7805   -0.6250   -0.0153
   -0.5734    0.7058    0.4160
   -0.2492    0.3335   -0.9092
...    55 T-A ...
 -104.6957  -43.5798  -27.3140
   -0.9675   -0.1389    0.2113
   -0.0525    0.9277    0.3695
   -0.2474    0.3464   -0.9049
...    56 A-T ...
 -105.1941  -41.9090  -30.2511
   -0.7693    0.5187    0.3730
    0.6077    0.7743    0.1766
   -0.1972    0.3625   -0.9109
...    57 T-A ...
 -106.3347  -41.1488  -33.2515
   -0.3430    0.8422    0.4161
    0.9208    0.3890   -0.0283
   -0.1857    0.3734   -0.9089
...    58 C-G ...
 -106.9909  -39.9320  -36.2352
    0.2850    0.8836    0.3715
    0.9445   -0.1927   -0.2662
   -0.1636    0.4267   -0.8895
...    59 T-A ...
 -107.6923  -38.2524  -39.0061
    0.7599    0.5978    0.2554
    0.6411   -0.6242   -0.4464
   -0.1075    0.5030   -0.8576
...    60 C-G ...
 -107.9184  -36.4661  -41.7398
    0.9967    0.0809   -0.0048
    0.0656   -0.8406   -0.5377
   -0.0475    0.5356   -0.8431
...    61 G-C ...
 -107.7164  -34.9532  -44.7644
    0.8553   -0.4747   -0.2077
   -0.5087   -0.6935   -0.5102
    0.0982    0.5420   -0.8346
...    62 A-T ...
 -107.1631  -33.2041  -47.5149
    0.3708   -0.8080   -0.4579
   -0.9181   -0.2443   -0.3122
    0.1403    0.5362   -0.8324
...    63 G-C ...
 -106.3376  -31.4773  -50.2635
   -0.2030   -0.8235   -0.5298
   -0.9655    0.2584   -0.0318
    0.1631    0.5050   -0.8476
...    64 C-G ...
 -105.4641  -30.0549  -53.1831
   -0.7185   -0.5353   -0.4442
   -0.6757    0.6887    0.2629
    0.1652    0.4890   -0.8565
...    65 T-A ...
 -104.8200  -28.6998  -56.1833
   -0.9763   -0.0706   -0.2047
   -0.1599    0.8725    0.4616
    0.1460    0.4834   -0.8631
...    66 C-G ...
 -104.2730  -27.1753  -59.0786
   -0.8710    0.4737    0.1307
    0.4693    0.7232    0.5067
    0.1455    0.5027   -0.8522
...    67 G-C ...
 -103.4009  -25.2633  -61.7422
   -0.4535    0.7429    0.4924
    0.8843    0.3060    0.3528
    0.1114    0.5954   -0.7957
...    68 G-C ...
 -103.2512  -23.2856  -64.4821
    0.1012    0.7209    0.6856
    0.9869   -0.1600    0.0225
    0.1260    0.6744   -0.7276
...    69 G-C ...
 -103.0474  -20.8451  -66.8033
    0.6088    0.4325    0.6650
    0.7716   -0.5177   -0.3697
    0.1844    0.7382   -0.6489
...    70 A-T ...
 -102.3913  -18.3422  -68.8109
    0.9335   -0.0047    0.3586
    0.2683   -0.6543   -0.7070
    0.2379    0.7562   -0.6095
...    71 T-A ...
 -101.5801  -15.4952  -70.2254
    0.9346   -0.3533   -0.0398
   -0.2414   -0.5484   -0.8006
    0.2611    0.7579   -0.5978
...    72 C-G ...
 -100.4708  -13.0633  -72.1395
    0.5974   -0.6317   -0.4940
   -0.7406   -0.1983   -0.6420
    0.3076    0.7494   -0.5863
...    73 A-T ...
  -99.5551  -10.6822  -74.3058
    0.0237   -0.6706   -0.7414
   -0.9339    0.2498   -0.2557
    0.3567    0.6985   -0.6204
...    74 T-A ...
  -97.7462   -8.6931  -76.2620
   -0.4593   -0.4187   -0.7834
   -0.8076    0.5641    0.1720
    0.3699    0.7117   -0.5972
...    75 G-C ...
  -96.7914   -6.1349  -78.1872
   -0.8681   -0.0222   -0.4959
   -0.3620    0.7119    0.6018
    0.3397    0.7019   -0.6261
...    76 T-A ...
  -95.5716   -4.2512  -80.6910
   -0.9282    0.3623   -0.0846
    0.1624    0.5992    0.7840
    0.3348    0.7139   -0.6150
...    77 T-A ...
  -94.5116   -2.0886  -82.8859
   -0.6508    0.6543    0.3851
    0.6689    0.2542    0.6986
    0.3592    0.7122   -0.6031
...    78 A-T ...
  -93.0912    0.3157  -84.7669
   -0.1219    0.6258    0.7704
    0.9260   -0.2078    0.3153
    0.3574    0.7518   -0.5541
...    79 T-A ...
  -92.5441    2.9869  -86.5899
    0.3585    0.4116    0.8379
    0.8581   -0.4987   -0.1221
    0.3676    0.7628   -0.5320
...    80 A-T ...
  -91.1861    5.5846  -88.2107
    0.7463   -0.0518    0.6636
    0.4994   -0.6156   -0.6097
    0.4401    0.7864   -0.4335
...    81 A-T ...
  -89.7420    8.2363  -89.3854
    0.8851   -0.4183    0.2037
   -0.0108   -0.4562   -0.8898
    0.4652    0.7854   -0.4083
...    82 C-G ...
  -87.9658   10.9530  -90.0955
    0.7276   -0.6208   -0.2919
   -0.4668   -0.1362   -0.8738
    0.5028    0.7720   -0.3889
...    83 G-C ...
  -86.2887   13.3283  -91.8396
    0.2815   -0.6398   -0.7151
   -0.7621    0.3038   -0.5718
    0.5831    0.7059   -0.4020
...    84 G-C ...
  -84.0409   15.4532  -93.2570
   -0.2287   -0.3858   -0.8938
   -0.7659    0.6380   -0.0794
    0.6009    0.6664   -0.4414
...    85 A-T ...
  -81.9588   17.5834  -94.7207
   -0.6475    0.0931   -0.7564
   -0.4637    0.7395    0.4880
    0.6048    0.6667   -0.4357
...    86 T-A ...
  -79.7651   19.2672  -96.5671
   -0.7793    0.4854   -0.3962
   -0.0616    0.5699    0.8194
    0.6236    0.6630   -0.4143
...    87 C-G ...
  -77.6590   21.3926  -97.9927
   -0.6675    0.7184    0.1955
    0.4162    0.1423    0.8981
    0.6174    0.6809   -0.3940
...    88 C-G ...
  -75.7072   23.6895  -99.5578
   -0.3781    0.6078    0.6983
    0.7147   -0.2879    0.6375
    0.5885    0.7401   -0.3255
...    89 G-C ...
  -73.4298   26.0412 -100.4296
    0.0086    0.2266    0.9739
    0.8079   -0.5756    0.1268
    0.5893    0.7857   -0.1880
...    90 C-G ...
  -71.8407   28.9143 -100.8918
    0.4106   -0.1831    0.8932
    0.6780   -0.5937   -0.4334
    0.6097    0.7836   -0.1197
...    91 T-A ...
  -69.9048   31.6077 -100.9145
    0.6565   -0.5402    0.5265
    0.3783   -0.3681   -0.8494
    0.6526    0.7568   -0.0373
...    92 T-A ...
  -67.7977   34.0705 -100.7809
    0.7451   -0.6641   -0.0619
   -0.0578    0.0282   -0.9979
    0.6645    0.7471   -0.0174
...    93 T-A ...
  -65.5549   36.4187 -100.5726
    0.5805   -0.5103   -0.6345
   -0.4722    0.4238   -0.7729
    0.6633    0.7483    0.0051
...    94 A-T ...
  -63.6456   39.2431 -100.8052
    0.1602   -0.0614   -0.9852
   -0.7360    0.6576   -0.1606
    0.6577    0.7508    0.0602
...    95 A-T ...
  -61.2635   41.4755 -100.5995
   -0.2729    0.3836   -0.8823
   -0.6966    0.5538    0.4562
    0.6636    0.7391    0.1161
...    96 C-G ...
  -58.6875   43.6380 -100.6390
   -0.6069    0.6236   -0.4927
   -0.4406    0.2519    0.8616
    0.6614    0.7400    0.1220
...    97 A-T ...
  -56.5232   46.0791  -99.9024
   -0.7952    0.5966    0.1084
    0.0024   -0.1756    0.9845
    0.6063    0.7831    0.1382
...    98 C-G ...
  -54.6579   48.8243 -100.0129
   -0.6917    0.3834    0.6119
    0.4203   -0.4753    0.7729
    0.5872    0.7919    0.1676
...    99 T-A ...
  -52.9531   51.6328  -99.5378
   -0.4100    0.0004    0.9121
    0.7277   -0.6028    0.3274
    0.5499    0.7979    0.2469
...   100 T-A ...
  -51.3450   54.3125  -98.7095
    0.0486   -0.3798    0.9238
    0.8348   -0.4923   -0.2464
    0.5484    0.7832    0.2932
...   101 T-A ...
  -49.7239   56.8786  -97.5976
    0.4889   -0.6264    0.6071
    0.6703   -0.1756   -0.7210
    0.5583    0.7594    0.3340
...   102 A-T ...
  -47.6834   59.2539  -96.4133
    0.7396   -0.6724    0.0302
    0.2827    0.2696   -0.9205
    0.6108    0.6894    0.3895
...   103 T-A ...
  -45.7449   61.1466  -94.5338
    0.7809   -0.4364   -0.4469
   -0.1283    0.5882   -0.7985
    0.6113    0.6809    0.4034
...   104 G-C ...
  -43.6085   63.5192  -93.5374
    0.5186   -0.0320   -0.8544
   -0.5364    0.7660   -0.3542
    0.6659    0.6420    0.3800
...   105 C-G ...
  -41.0759   65.3618  -92.3253
    0.1181    0.4018   -0.9081
   -0.7244    0.6603    0.1980
    0.6792    0.6344    0.3691
...   106 T-A ...
  -38.5784   67.3452  -91.2951
   -0.3132    0.6895   -0.6531
   -0.6666    0.3302    0.6683
    0.6764    0.6447    0.3562
...   107 T-A ...
  -36.1684   69.3205  -90.3130
   -0.6219    0.7745   -0.1159
   -0.3714   -0.1614    0.9143
    0.6894    0.6116    0.3880
...   108 C-G ...
  -33.8151   71.3025  -89.1010
   -0.7435    0.4984    0.4459
    0.0640   -0.6106    0.7893
    0.6657    0.6154    0.4221
...   109 C-G ...
  -31.6122   73.5781  -87.8876
   -0.6570    0.0115    0.7538
    0.4578   -0.7883    0.4111
    0.5989    0.6152    0.5127
...   110 G-C ...
  -29.4618   75.3610  -85.9921
   -0.3851   -0.5248    0.7592
    0.7568   -0.6503   -0.0656
    0.5281    0.5493    0.6476
...   111 G-C ...
  -28.0255   77.1980  -83.5603
    0.0244   -0.8553    0.5175
    0.8656   -0.2409   -0.4390
    0.5001    0.4587    0.7345
...   112 C-G ...
  -26.7602   78.4851  -80.7858
    0.4629   -0.8744    0.1453
    0.7323    0.2848   -0.6186
    0.4995    0.3928    0.7722
...   113 T-A ...
  -25.2028   79.4141  -78.0058
    0.7535   -0.6043   -0.2588
    0.3991    0.7334   -0.5503
    0.5224    0.3114    0.7938
...   114 C-G ...
  -23.3277   80.2249  -75.4170
    0.8396   -0.0408   -0.5416
   -0.1158    0.9608   -0.2519
    0.5307    0.2743    0.8020
...   115 G-C ...
  -21.4967   81.5834  -72.9166
    0.5887    0.5222   -0.6170
   -0.5584    0.8147    0.1566
    0.5845    0.2523    0.7712
...   116 T-A ...
  -19.1139   82.0026  -70.5615
    0.1935    0.8856   -0.4223
   -0.7930    0.3946    0.4641
    0.5776    0.2450    0.7786
...   117 A-T ...
  -17.7156   82.6515  -67.4805
   -0.3523    0.9336    0.0658
   -0.7440   -0.3220    0.5855
    0.5678    0.1573    0.8080
...   118 T-A ...
  -15.4367   83.4955  -65.2292
   -0.6844    0.6292    0.3685
   -0.4619   -0.7651    0.4485
    0.5641    0.1367    0.8143
...   119 A-T ...
  -13.5830   83.7173  -62.4257
   -0.8603    0.0132    0.5097
    0.0527   -0.9920    0.1146
    0.5071    0.1254    0.8527
...   120 A-T ...
  -12.0407   84.2801  -59.6376
   -0.6970   -0.5635    0.4435
    0.5368   -0.8201   -0.1982
    0.4753    0.0999    0.8741
...   121 T-A ...
  -11.0113   84.9778  -56.6165
   -0.3466   -0.9051    0.2463
    0.8211   -0.4197   -0.3868
    0.4534    0.0682    0.8887
...   122 G-C ...
   -9.4266   84.8152  -53.6496
    0.1304   -0.9816   -0.1392
    0.8988    0.1763   -0.4013
    0.4185   -0.0728    0.9053
...   123 T-A ...
   -8.5589   84.1489  -50.5295
    0.5771   -0.7302   -0.3657
    0.7023    0.6723   -0.2340
    0.4167   -0.1218    0.9008
...   124 G-C ...
   -6.7914   83.7940  -47.6947
    0.8577   -0.1700   -0.4853
    0.2427    0.9659    0.0905
    0.4534   -0.1954    0.8696
...   125 T-A ...
   -5.2345   82.5110  -45.0020
    0.8530    0.3879   -0.3491
   -0.2621    0.8969    0.3562
    0.4512   -0.2123    0.8668
...   126 C-G ...
   -3.6450   81.7347  -42.1856
    0.5161    0.8559   -0.0325
   -0.7351    0.4621    0.4961
    0.4396   -0.2321    0.8677
...   127 G-C ...
   -2.6423   80.9922  -39.0304
   -0.0468    0.9729    0.2265
   -0.9046   -0.1374    0.4034
    0.4236   -0.1860    0.8865
...   128 A-T ...
   -1.1444   80.2446  -36.1755
   -0.5969    0.6893    0.4105
   -0.7004   -0.6973    0.1524
    0.3913   -0.1966    0.8990
...   129 C-G ...
    0.4635   80.0931  -33.2731
   -0.8952    0.2118    0.3922
   -0.2731   -0.9560   -0.1069
    0.3523   -0.2028    0.9136
...   130 C-G ...
    1.6853   79.6858  -30.1380
   -0.9341   -0.3225    0.1534
    0.2648   -0.9136   -0.3085
    0.2396   -0.2476    0.9388
...   131 A-T ...
    2.4323   78.6799  -27.0093
   -0.6458   -0.7384   -0.1942
    0.7550   -0.5798   -0.3062
    0.1135   -0.3444    0.9319
...   132 A-T ...
    2.5626   77.5263  -23.9955
   -0.1058   -0.9171   -0.3843
    0.9913   -0.0667   -0.1138
    0.0787   -0.3930    0.9162
...   133 A-T ...
    2.5973   76.0980  -21.0891
    0.4828   -0.7772   -0.4035
    0.8736    0.4594    0.1603
    0.0608   -0.4299    0.9008
...   134 T-A ...
    2.3093   74.2286  -18.3855
    0.8657   -0.4292   -0.2574
    0.4984    0.7868    0.3642
    0.0462   -0.4436    0.8950
...   135 G-C ...
    1.4370   72.0948  -15.6004
    0.9809    0.0621    0.1844
   -0.1263    0.9241    0.3606
   -0.1480   -0.3770    0.9143
...   136 T-A ...
    0.5300   69.2373  -13.4653
    0.7353    0.4962    0.4617
   -0.6117    0.7791    0.1369
   -0.2918   -0.3831    0.8764
...   137 G-C ...
   -0.1631   67.4089  -10.8056
    0.1799    0.8794    0.4409
   -0.9276    0.3008   -0.2216
   -0.3275   -0.3691    0.8698
...   138 A-T ...
   -0.1294   66.2154   -7.8182
   -0.3749    0.8569    0.3537
   -0.8857   -0.2184   -0.4097
   -0.2739   -0.4669    0.8408
...   139 G-C ...
   -1.0031   65.6050   -4.9385
   -0.8337    0.5216    0.1812
   -0.5170   -0.6221   -0.5880
   -0.1940   -0.5840    0.7883
...   140 C-G ...
   -0.6941   63.8984   -2.2498
   -0.9992    0.0157   -0.0376
    0.0023   -0.8992   -0.4375
   -0.0406   -0.4373    0.8984
...   141 G-C ...
   -3.4331   60.2356    1.0301
   -0.4426    0.2288   -0.8671
    0.1684   -0.9285   -0.3310
   -0.8808   -0.2925    0.3724
...   142 C-G ...
   -6.3247   59.0804    1.6313
   -0.2968   -0.3279   -0.8969
    0.5658   -0.8170    0.1115
   -0.7693   -0.4743    0.4280
...   143 T-A ...
   -8.6731   58.7215    3.6046
   -0.0344   -0.7815   -0.6229
    0.6534   -0.4892    0.5777
   -0.7562   -0.3872    0.5275
...   144 C-G ...
  -11.6514   58.0074    4.7218
    0.2453   -0.9542   -0.1714
    0.6321    0.0234    0.7745
   -0.7350   -0.2984    0.6089
...   145 A-T ...
  -14.1725   56.5626    6.1818
    0.5795   -0.7268    0.3686
    0.3140    0.6165    0.7220
   -0.7520   -0.3027    0.5855
...   146 C-G ...
  -16.4614   53.8912    7.5169
    0.5336   -0.3333    0.7773
   -0.0346    0.9097    0.4138
   -0.8450   -0.2477    0.4739
...   147 A-T ...
  -19.0125   52.0327    8.9267
    0.2451    0.2906    0.9249
   -0.3073    0.9281   -0.2101
   -0.9195   -0.2327    0.3168
