  147 base-pairs
...     1 A-T ...
    0.0000    0.0000    0.0000
    1.0000    0.0000    0.0000
    0.0000    1.0000    0.0000
    0.0000    0.0000    1.0000
...     2 G-C ...
   -0.1404   -1.2353    3.2259
    0.7530    0.6366    0.1668
   -0.6385    0.7681   -0.0490
   -0.1593   -0.0696    0.9848
...     3 T-A ...
   -0.0377   -3.2918    6.3749
    0.2722    0.9302    0.2464
   -0.9238    0.3243   -0.2034
   -0.2691   -0.1722    0.9476
...     4 G-C ...
   -0.3520   -4.1638    9.4928
   -0.3756    0.9250    0.0576
   -0.8780   -0.3352   -0.3416
   -0.2967   -0.1788    0.9381
...     5 A-T ...
   -0.4480   -4.1448   12.7498
   -0.8116    0.5839   -0.0166
   -0.5522   -0.7762   -0.3042
   -0.1905   -0.2377    0.9525
...     6 G-C ...
   -1.5926   -4.1701   15.6201
   -0.9976    0.0246   -0.0651
   -0.0043   -0.9555   -0.2950
   -0.0694   -0.2940    0.9533
...     7 C-G ...
   -1.1050   -4.4793   18.7363
   -0.8442   -0.5302   -0.0787
    0.5343   -0.8442   -0.0430
   -0.0437   -0.0784    0.9960
...     8 G-C ...
   -2.4044   -7.7255   23.1483
   -0.2753   -0.3294   -0.9032
    0.6650   -0.7437    0.0686
   -0.6943   -0.5817    0.4238
...     9 C-G ...
   -4.4706   -9.9691   24.1142
    0.1145   -0.7026   -0.7023
    0.8512   -0.2951    0.4341
   -0.5123   -0.6475    0.5642
...    10 T-A ...
   -6.7420  -10.8705   25.9717
    0.4841   -0.8363   -0.2573
    0.6594    0.1554    0.7356
   -0.5752   -0.5257    0.6267
...    11 C-G ...
   -9.1682  -12.6167   27.1662
    0.7073   -0.6683    0.2306
    0.3450    0.6110    0.7125
   -0.6170   -0.4243    0.6627
...    12 A-T ...
  -10.9253  -14.6583   29.0713
    0.7515   -0.1377    0.6452
   -0.2027    0.8824    0.4245
   -0.6278   -0.4498    0.6352
...    13 C-G ...
  -11.8495  -17.4796   31.2472
    0.4294    0.2824    0.8578
   -0.5708    0.8209    0.0155
   -0.6998   -0.4963    0.5137
...    14 A-T ...
  -13.5915  -19.7756   33.4284
   -0.1503    0.6106    0.7775
   -0.6874    0.5007   -0.5261
   -0.7106   -0.6135    0.3445
...    15 A-T ...
  -15.7088  -21.9128   34.6787
   -0.5379    0.7730    0.3362
   -0.4437    0.0794   -0.8926
   -0.7167   -0.6294    0.3003
...    16 T-A ...
  -17.8267  -23.8691   36.2541
   -0.6751    0.7185   -0.1672
   -0.0967   -0.3109   -0.9455
   -0.7313   -0.6222    0.2793
...    17 T-A ...
  -20.2213  -25.7688   37.2899
   -0.5676    0.4598   -0.6829
    0.3035   -0.6543   -0.6927
   -0.7654   -0.6004    0.2318
...    18 T-A ...
  -22.8083  -27.5352   38.0318
   -0.2441    0.0679   -0.9674
    0.5558   -0.8077   -0.1969
   -0.7947   -0.5857    0.1594
...    19 A-T ...
  -25.6882  -29.2260   38.1267
    0.2451   -0.2576   -0.9346
    0.5410   -0.7637    0.3524
   -0.8046   -0.5920   -0.0478
...    20 T-A ...
  -28.5469  -30.6854   37.4976
    0.5054   -0.5901   -0.6296
    0.3234   -0.5469    0.7722
   -0.8000   -0.5939   -0.0856
...    21 T-A ...
  -31.1563  -32.5245   36.9034
    0.5914   -0.8030   -0.0741
   -0.0494   -0.1278    0.9906
   -0.8049   -0.5822   -0.1152
...    22 C-G ...
  -33.6447  -34.6265   36.3891
    0.4343   -0.7263    0.5328
   -0.4239    0.3572    0.8323
   -0.7948   -0.5873   -0.1528
...    23 G-C ...
  -36.4745  -36.4359   36.2763
    0.1240   -0.3657    0.9224
   -0.6258    0.6926    0.3587
   -0.7700   -0.6218   -0.1430
...    24 C-G ...
  -38.8092  -38.7786   35.7046
   -0.2454    0.0916    0.9651
   -0.5777    0.7856   -0.2215
   -0.7785   -0.6119   -0.1399
...    25 A-T ...
  -41.5143  -40.5657   34.9429
   -0.4936    0.5748    0.6527
   -0.3009    0.5913   -0.7482
   -0.8160   -0.5657   -0.1189
...    26 A-T ...
  -44.0977  -42.5243   34.7390
   -0.5744    0.8118    0.1046
    0.0632    0.1715   -0.9832
   -0.8161   -0.5581   -0.1498
...    27 A-T ...
  -46.7911  -44.2860   34.4329
   -0.4028    0.7906   -0.4611
    0.3863   -0.3099   -0.8688
   -0.8298   -0.5281   -0.1806
...    28 G-C ...
  -49.6927  -45.7625   33.9416
   -0.0429    0.5731   -0.8183
    0.5335   -0.6794   -0.5038
   -0.8447   -0.4581   -0.2766
...    29 G-C ...
  -52.6751  -46.8449   32.8241
    0.3585    0.1803   -0.9160
    0.4324   -0.9017   -0.0083
   -0.8274   -0.3931   -0.4012
...    30 C-G ...
  -55.3963  -47.6417   31.1331
    0.5895   -0.3096   -0.7461
    0.1285   -0.8759    0.4650
   -0.7975   -0.3700   -0.4765
...    31 C-G ...
  -57.7570  -48.8191   29.0070
    0.6220   -0.7101   -0.3299
   -0.2757   -0.5929    0.7566
   -0.7328   -0.3797   -0.5646
...    32 G-C ...
  -60.1089  -50.5552   27.3133
    0.3907   -0.8986    0.1999
   -0.6457   -0.1127    0.7552
   -0.6561   -0.4241   -0.6243
...    33 G-C ...
  -62.0348  -52.2060   25.0442
   -0.0230   -0.7914    0.6108
   -0.7768    0.3988    0.4874
   -0.6293   -0.4633   -0.6240
...    34 C-G ...
  -63.8509  -53.9810   22.8389
   -0.4576   -0.4231    0.7821
   -0.6256    0.7782    0.0549
   -0.6318   -0.4642   -0.6208
...    35 C-G ...
  -65.8252  -55.7560   20.7136
   -0.6983    0.1129    0.7069
   -0.2479    0.8882   -0.3867
   -0.6715   -0.4453   -0.5923
...    36 C-G ...
  -67.9847  -57.5148   18.7672
   -0.6621    0.6205    0.4202
    0.1996    0.6865   -0.6992
   -0.7223   -0.3791   -0.5784
...    37 G-C ...
  -70.1818  -58.6230   16.4581
   -0.3294    0.9433    0.0418
    0.5552    0.2294   -0.7995
   -0.7637   -0.2402   -0.5992
...    38 A-T ...
  -72.7004  -59.4003   14.5419
    0.1132    0.9173   -0.3817
    0.6438   -0.3603   -0.6750
   -0.7568   -0.1693   -0.6314
...    39 C-G ...
  -75.4712  -59.4845   12.8118
    0.4810    0.6087   -0.6310
    0.4766   -0.7856   -0.3945
   -0.7359   -0.1110   -0.6680
...    40 A-T ...
  -77.7641  -59.7501   10.3767
    0.7629    0.0821   -0.6413
    0.0835   -0.9961   -0.0282
   -0.6411   -0.0321   -0.7668
...    41 C-G ...
  -79.6382  -59.1965    7.7102
    0.7173   -0.4515   -0.5306
   -0.3542   -0.8922    0.2803
   -0.6000   -0.0131   -0.7999
...    42 G-C ...
  -81.5137  -59.7399    4.9555
    0.4312   -0.8769   -0.2122
   -0.7505   -0.4792    0.4552
   -0.5008   -0.0371   -0.8647
...    43 A-T ...
  -83.0084  -59.9166    2.0036
   -0.1177   -0.9881    0.0994
   -0.8696    0.1509    0.4701
   -0.4795   -0.0311   -0.8770
...    44 C-G ...
  -84.0606  -60.2958   -1.1771
   -0.5758   -0.7488    0.3281
   -0.6691    0.6623    0.3372
   -0.4698   -0.0254   -0.8824
...    45 T-A ...
  -85.4988  -60.6662   -4.1765
   -0.8395   -0.2617    0.4761
   -0.2411    0.9648    0.1053
   -0.4869   -0.0263   -0.8731
...    46 T-A ...
  -86.9784  -61.0145   -7.0633
   -0.8337    0.3549    0.4231
    0.3129    0.9349   -0.1675
   -0.4550   -0.0073   -0.8905
...    47 A-T ...
  -88.2950  -60.8290  -10.1546
   -0.4394    0.8557    0.2732
    0.7698    0.5155   -0.3764
   -0.4630    0.0449   -0.8852
...    48 C-G ...
  -90.3146  -60.8199  -12.7526
    0.0578    0.9949    0.0828
    0.8859   -0.0128   -0.4637
   -0.4602    0.1002   -0.8821
...    49 T-A ...
  -92.0363  -60.2252  -15.5127
    0.5624    0.8225   -0.0852
    0.7096   -0.5330   -0.4609
   -0.4245    0.1987   -0.8833
...    50 G-C ...
  -93.1357  -59.3815  -18.5739
    0.9163    0.3443   -0.2044
    0.2495   -0.8902   -0.3812
   -0.3132    0.2983   -0.9016
...    51 T-A ...
  -93.9863  -57.7797  -21.3261
    0.9229   -0.1910   -0.3343
   -0.2801   -0.9288   -0.2425
   -0.2642    0.3174   -0.9107
...    52 A-T ...
  -94.8415  -56.9427  -24.4726
    0.5567   -0.7326   -0.3916
   -0.8017   -0.5974   -0.0222
   -0.2177    0.3263   -0.9199
...    53 G-C ...
  -95.1982  -55.7874  -27.5897
    0.0341   -0.9488   -0.3141
   -0.9820   -0.0901    0.1657
   -0.1855    0.3028   -0.9348
...    54 G-C ...
  -95.5484  -54.9424  -30.8657
   -0.5197   -0.8446   -0.1289
   -0.8341    0.4690    0.2904
   -0.1848    0.2584   -0.9482
...    55 T-A ...
  -95.7167  -54.4984  -34.2018
   -0.8901   -0.4533    0.0465
   -0.4160    0.8500    0.3231
   -0.1860    0.2682   -0.9452
...    56 A-T ...
  -96.2146  -53.0129  -37.2375
   -0.9498    0.2322    0.2096
    0.2818    0.9262    0.2507
   -0.1359    0.2972   -0.9451
...    57 T-A ...
  -96.9739  -52.6113  -40.4266
   -0.6668    0.6775    0.3104
    0.7346    0.6677    0.1206
   -0.1255    0.3085   -0.9429
...    58 C-G ...
  -97.4222  -51.6372  -43.5378
   -0.0892    0.9233    0.3736
    0.9885    0.1281   -0.0807
   -0.1224    0.3621   -0.9241
...    59 T-A ...
  -98.0927  -50.2540  -46.4756
    0.4640    0.8101    0.3583
    0.8804   -0.3771   -0.2875
   -0.0978    0.4488   -0.8882
...    60 C-G ...
  -98.3654  -48.6295  -49.3032
    0.8988    0.4014    0.1761
    0.4352   -0.7694   -0.4676
   -0.0522    0.4969   -0.8662
...    61 G-C ...
  -98.0916  -47.1196  -52.3194
    0.9856   -0.1685   -0.0104
   -0.1461   -0.8204   -0.5528
    0.0846    0.5464   -0.8332
...    62 A-T ...
  -97.5847  -45.2871  -55.0184
    0.6963   -0.6422   -0.3207
   -0.7060   -0.5322   -0.4673
    0.1294    0.5517   -0.8239
...    63 G-C ...
  -96.7992  -43.4012  -57.6677
    0.1884   -0.8470   -0.4971
   -0.9678   -0.0739   -0.2408
    0.1672    0.5264   -0.8336
...    64 C-G ...
  -95.8280  -41.8102  -60.4634
   -0.3963   -0.7456   -0.5358
   -0.9004    0.4296    0.0681
    0.1794    0.5094   -0.8416
...    65 T-A ...
  -95.0240  -40.3562  -63.3765
   -0.8331   -0.3908   -0.3914
   -0.5270    0.7757    0.3472
    0.1679    0.4955   -0.8522
...    66 C-G ...
  -94.3838  -38.7771  -66.2227
   -0.9826    0.1623   -0.0905
    0.0906    0.8437    0.5292
    0.1623    0.5118   -0.8437
...    67 G-C ...
  -93.5940  -36.7245  -68.8024
   -0.7631    0.5611    0.3207
    0.6395    0.5838    0.5001
    0.0934    0.5867   -0.8044
...    68 G-C ...
  -93.4515  -34.8663  -71.6279
   -0.2889    0.7261    0.6239
    0.9548    0.1705    0.2436
    0.0705    0.6661   -0.7425
...    69 G-C ...
  -93.4950  -32.5557  -74.0870
    0.2724    0.6188    0.7368
    0.9579   -0.2465   -0.1471
    0.0905    0.7459   -0.6599
...    70 A-T ...
  -93.2091  -30.0255  -76.1411
    0.7766    0.3043    0.5516
    0.6167   -0.5461   -0.5670
    0.1288    0.7805   -0.6118
...    71 T-A ...
  -93.0082  -27.1013  -77.6075
    0.9789   -0.0342    0.2017
    0.1389   -0.6125   -0.7782
    0.1502    0.7898   -0.5948
...    72 C-G ...
  -92.2710  -24.4868  -79.4515
    0.8640   -0.4171   -0.2821
   -0.4633   -0.4388   -0.7699
    0.1974    0.7959   -0.5724
...    73 C-G ...
  -91.1245  -21.8944  -81.3204
    0.4424   -0.6343   -0.6339
   -0.8545   -0.0838   -0.5126
    0.2720    0.7685   -0.5791
...    74 G-C ...
  -90.5408  -19.4311  -83.5660
   -0.1572   -0.6009   -0.7837
   -0.9371    0.3411   -0.0736
    0.3116    0.7229   -0.6167
...    75 C-G ...
  -89.1691  -17.2354  -85.7095
   -0.6654   -0.3100   -0.6791
   -0.6809    0.6250    0.3818
    0.3061    0.7165   -0.6269
...    76 T-A ...
  -88.0486  -15.0632  -88.0012
   -0.9392    0.0662   -0.3370
   -0.2011    0.6894    0.6959
    0.2784    0.7213   -0.6342
...    77 T-A ...
  -87.0730  -12.8998  -90.2370
   -0.8725    0.4716    0.1275
    0.3833    0.4992    0.7771
    0.3029    0.7269   -0.6163
...    78 T-A ...
  -86.1866  -10.6396  -92.3969
   -0.4904    0.6639    0.5646
    0.8144    0.1185    0.5681
    0.3103    0.7384   -0.5987
...    79 A-T ...
  -85.0917   -8.0969  -94.2909
    0.0587    0.5208    0.8517
    0.9513   -0.2878    0.1105
    0.3026    0.8037   -0.5123
...    80 A-T ...
  -84.2669   -5.3808  -95.8439
    0.5795    0.2276    0.7826
    0.7509   -0.5223   -0.4041
    0.3168    0.8218   -0.4736
...    81 C-G ...
  -83.5411   -2.3438  -96.9105
    0.8735   -0.1247    0.4706
    0.3388   -0.5385   -0.7715
    0.3497    0.8333   -0.4281
...    82 A-T ...
  -82.1333    0.3140  -98.4057
    0.8686   -0.4949   -0.0253
   -0.2057   -0.3137   -0.9270
    0.4508    0.8103   -0.3743
...    83 C-G ...
  -80.2838    3.0256  -99.0492
    0.6130   -0.5964   -0.5182
   -0.6291    0.0284   -0.7768
    0.4780    0.8022   -0.3578
...    84 T-A ...
  -78.3528    5.5435 -100.1179
    0.1499   -0.4973   -0.8545
   -0.8452    0.3839   -0.3717
    0.5129    0.7780   -0.3628
...    85 T-A ...
  -76.4045    7.9515 -101.1763
   -0.3569   -0.1208   -0.9263
   -0.7733    0.5946    0.2203
    0.5241    0.7949   -0.3056
...    86 T-A ...
  -74.4451   10.3581 -102.2144
   -0.7218    0.3004   -0.6236
   -0.4184    0.5283    0.7388
    0.5514    0.7941   -0.2557
...    87 A-T ...
  -72.5394   13.1839 -102.5048
   -0.8014    0.5978    0.0167
    0.1437    0.1653    0.9757
    0.5805    0.7844   -0.2184
...    88 T-A ...
  -70.8775   15.7098 -103.8299
   -0.6135    0.5916    0.5231
    0.5317   -0.1804    0.8275
    0.5839    0.7858   -0.2039
...    89 G-C ...
  -68.8538   18.3637 -104.2664
   -0.2634    0.2743    0.9249
    0.7965   -0.4791    0.3689
    0.5443    0.8338   -0.0923
...    90 C-G ...
  -67.4633   21.3639 -104.5434
    0.1816   -0.0970    0.9786
    0.8161   -0.5403   -0.2050
    0.5486    0.8359   -0.0189
...    91 T-A ...
  -65.8268   24.2380 -104.2783
    0.5432   -0.4483    0.7099
    0.6137   -0.3651   -0.7001
    0.5730    0.8159    0.0768
...    92 T-A ...
  -64.0326   26.8951 -103.7924
    0.7878   -0.5920    0.1701
    0.1979   -0.0181   -0.9800
    0.5832    0.8058    0.1029
...    93 C-G ...
  -61.9292   29.3948 -103.3504
    0.7369   -0.4960   -0.4592
   -0.2945    0.3759   -0.8786
    0.6084    0.7827    0.1310
...    94 C-G ...
  -59.5227   31.7600 -102.9163
    0.4106   -0.2231   -0.8841
   -0.6295    0.6321   -0.4519
    0.6597    0.7421    0.1191
...    95 G-C ...
  -57.5965   34.5523 -102.7545
   -0.0726    0.1695   -0.9829
   -0.7278    0.6648    0.1684
    0.6820    0.7275    0.0751
...    96 G-C ...
  -55.1132   36.8779 -102.5839
   -0.5066    0.4905   -0.7090
   -0.5554    0.4433    0.7036
    0.6594    0.7502    0.0478
...    97 C-G ...
  -52.7052   39.2226 -102.7062
   -0.7516    0.6334   -0.1840
   -0.1812    0.0699    0.9810
    0.6342    0.7707    0.0622
...    98 T-A ...
  -50.6482   41.8584 -102.7627
   -0.7656    0.5183    0.3811
    0.2546   -0.2999    0.9194
    0.5908    0.8009    0.0976
...    99 C-G ...
  -48.6966   44.5012 -102.5018
   -0.4947    0.1860    0.8489
    0.6567   -0.5598    0.5054
    0.5692    0.8075    0.1548
...   100 G-C ...
  -46.5666   47.0270 -101.7509
   -0.1313   -0.2919    0.9474
    0.8348   -0.5480   -0.0532
    0.5346    0.7839    0.3156
...   101 T-A ...
  -45.3610   49.7771 -100.4181
    0.2975   -0.5864    0.7534
    0.7876   -0.2952   -0.5409
    0.5396    0.7543    0.3740
...   102 A-T ...
  -43.3938   52.1299  -99.0549
    0.6553   -0.7164    0.2394
    0.4854    0.1566   -0.8601
    0.5787    0.6799    0.4504
...   103 T-A ...
  -41.7062   54.0534  -96.9785
    0.8111   -0.5326   -0.2418
    0.0866    0.5181   -0.8509
    0.5785    0.6693    0.4663
...   104 C-G ...
  -39.6096   56.0905  -95.4326
    0.6972   -0.1042   -0.7093
   -0.4047    0.7594   -0.5094
    0.5917    0.6422    0.4872
...   105 A-T ...
  -37.7895   58.4947  -93.9827
    0.2901    0.3650   -0.8847
   -0.7289    0.6833    0.0429
    0.6201    0.6324    0.4642
...   106 T-A ...
  -35.2238   60.1325  -92.6102
   -0.1156    0.6995   -0.7053
   -0.7802    0.3755    0.5002
    0.6147    0.6081    0.5024
...   107 G-C ...
  -33.4419   62.2162  -90.6926
   -0.5927    0.7554   -0.2794
   -0.5565   -0.1333    0.8201
    0.5823    0.6415    0.4994
...   108 T-A ...
  -31.2697   64.5117  -89.5672
   -0.8137    0.5464    0.1984
   -0.1601   -0.5388    0.8271
    0.5588    0.6412    0.5259
...   109 T-A ...
  -29.4379   66.6998  -88.0177
   -0.7680    0.1152    0.6300
    0.3319   -0.7697    0.5454
    0.5478    0.6279    0.5529
...   110 A-T ...
  -27.7058   68.7962  -86.0575
   -0.5017   -0.4415    0.7438
    0.7284   -0.6795    0.0880
    0.4666    0.5860    0.6625
...   111 T-A ...
  -26.7785   70.9845  -83.8206
   -0.0839   -0.7502    0.6559
    0.8873   -0.3558   -0.2935
    0.4535    0.5573    0.6955
...   112 A-T ...
  -25.2831   72.6029  -81.2986
    0.3850   -0.8846    0.2633
    0.8006    0.1781   -0.5721
    0.4592    0.4310    0.7768
...   113 A-T ...
  -23.9010   73.7989  -78.6192
    0.7721   -0.6222   -0.1293
    0.4433    0.6731   -0.5920
    0.4554    0.3997    0.7955
...   114 C-G ...
  -22.4619   74.4846  -75.6756
    0.8850   -0.1610   -0.4368
   -0.0287    0.9176   -0.3965
    0.4646    0.3634    0.8075
...   115 G-C ...
  -20.7449   76.1122  -73.2338
    0.6790    0.4063   -0.6114
   -0.5166    0.8562   -0.0047
    0.5216    0.3191    0.7913
...   116 G-C ...
  -18.7516   77.0576  -70.6360
    0.2424    0.8197   -0.5191
   -0.8071    0.4672    0.3610
    0.5384    0.3314    0.7748
...   117 A-T ...
  -16.8884   78.0063  -68.0491
   -0.3036    0.9373   -0.1708
   -0.7969   -0.1516    0.5848
    0.5223    0.3137    0.7930
...   118 T-A ...
  -14.7009   79.2370  -65.8702
   -0.6689    0.7214    0.1795
   -0.5291   -0.6316    0.5667
    0.5222    0.2841    0.8041
...   119 A-T ...
  -12.9775   79.8233  -63.0101
   -0.8737    0.1402    0.4657
    0.0053   -0.9548    0.2973
    0.4863    0.2622    0.8335
...   120 A-T ...
  -11.4751   80.8205  -60.3206
   -0.7307   -0.4504    0.5131
    0.5076   -0.8610   -0.0328
    0.4565    0.2365    0.8577
...   121 T-A ...
  -10.4887   81.9978  -57.4392
   -0.3893   -0.8366    0.3853
    0.8130   -0.5088   -0.2832
    0.4330    0.2030    0.8782
...   122 G-C ...
   -8.9859   82.2884  -54.4285
    0.0908   -0.9956    0.0218
    0.9148    0.0747   -0.3969
    0.3935    0.0560    0.9176
...   123 T-A ...
   -8.2159   82.0728  -51.2272
    0.5522   -0.7993   -0.2369
    0.7358    0.6009   -0.3123
    0.3920   -0.0019    0.9200
...   124 G-C ...
   -6.4946   82.0531  -48.3289
    0.8583   -0.2697   -0.4365
    0.2824    0.9586   -0.0370
    0.4284   -0.0916    0.8990
...   125 T-A ...
   -5.0220   81.0859  -45.4604
    0.8743    0.3070   -0.3760
   -0.2320    0.9447    0.2320
    0.4264   -0.1156    0.8971
...   126 C-G ...
   -3.4880   80.6319  -42.5353
    0.5486    0.8277   -0.1179
   -0.7268    0.5419    0.4221
    0.4133   -0.1459    0.8988
...   127 G-C ...
   -2.5925   80.2336  -39.2741
   -0.0188    0.9905    0.1365
   -0.9158   -0.0719    0.3953
    0.4013   -0.1176    0.9084
...   128 A-T ...
   -1.1611   79.6740  -36.3276
   -0.5846    0.7322    0.3494
   -0.7207   -0.6665    0.1909
    0.3727   -0.1402    0.9173
...   129 C-G ...
    0.4185   79.6723  -33.3884
   -0.8952    0.2519    0.3677
   -0.2903   -0.9555   -0.0522
    0.3382   -0.1535    0.9285
...   130 C-G ...
    1.6651   79.4019  -30.2369
   -0.9394   -0.3029    0.1606
    0.2551   -0.9305   -0.2630
    0.2291   -0.2061    0.9513
...   131 A-T ...
    2.4272   78.5183  -27.0660
   -0.6491   -0.7413   -0.1710
    0.7532   -0.5946   -0.2814
    0.1069   -0.3114    0.9442
...   132 A-T ...
    2.5585   77.4554  -24.0215
   -0.1077   -0.9254   -0.3633
    0.9916   -0.0739   -0.1059
    0.0712   -0.3717    0.9256
...   133 A-T ...
    2.5980   76.0820  -21.0930
    0.4818   -0.7820   -0.3955
    0.8745    0.4581    0.1596
    0.0563   -0.4227    0.9045
...   134 T-A ...
    2.3094   74.2286  -18.3853
    0.8657   -0.4292   -0.2574
    0.4984    0.7868    0.3642
    0.0462   -0.4436    0.8950
...   135 G-C ...
    1.4371   72.0948  -15.6002
    0.9809    0.0621    0.1844
   -0.1263    0.9241    0.3606
   -0.1480   -0.3770    0.9143
...   136 T-A ...
    0.5301   69.2373  -13.4651
    0.7353    0.4962    0.4617
   -0.6117    0.7791    0.1369
   -0.2918   -0.3831    0.8764
...   137 G-C ...
   -0.1630   67.4089  -10.8054
    0.1799    0.8794    0.4409
   -0.9276    0.3008   -0.2216
   -0.3275   -0.3691    0.8698
...   138 A-T ...
   -0.1293   66.2154   -7.8180
   -0.3749    0.8569    0.3537
   -0.8857   -0.2184   -0.4097
   -0.2739   -0.4669    0.8408
...   139 G-C ...
   -1.0030   65.6050   -4.9383
   -0.8337    0.5216    0.1812
   -0.5170   -0.6221   -0.5880
   -0.1940   -0.5840    0.7883
...   140 C-G ...
   -0.6940   63.8984   -2.2497
   -0.9992    0.0157   -0.0376
    0.0023   -0.8992   -0.4375
   -0.0406   -0.4373    0.8984
...   141 G-C ...
   -3.4330   60.2356    1.0303
   -0.4426    0.2288   -0.8671
    0.1684   -0.9285   -0.3310
   -0.8808   -0.2925    0.3724
...   142 C-G ...
   -6.3246   59.0804    1.6314
   -0.2968   -0.3279   -0.8969
    0.5658   -0.8170    0.1115
   -0.7693   -0.4743    0.4280
...   143 T-A ...
   -8.6731   58.7215    3.6047
   -0.0344   -0.7815   -0.6229
    0.6534   -0.4892    0.5777
   -0.7562   -0.3872    0.5275
...   144 C-G ...
  -11.6513   58.0074    4.7220
    0.2453   -0.9542   -0.1714
    0.6321    0.0234    0.7745
   -0.7350   -0.2984    0.6089
...   145 A-T ...
  -14.1725   56.5626    6.1820
    0.5795   -0.7268    0.3686
    0.3140    0.6165    0.7220
   -0.7520   -0.3027    0.5855
...   146 C-G ...
  -16.4613   53.8912    7.5170
    0.5336   -0.3333    0.7773
   -0.0346    0.9097    0.4138
   -0.8450   -0.2477    0.4739
...   147 A-T ...
  -19.0124   52.0327    8.9268
    0.2451    0.2906    0.9249
   -0.3073    0.9281   -0.2101
   -0.9195   -0.2327    0.3168
