  147 base-pairs
...     1 A-T ...
    0.0000    0.0000    0.0000
    1.0000    0.0000    0.0000
    0.0000    1.0000    0.0000
    0.0000    0.0000    1.0000
...     2 G-C ...
   -0.1404   -1.2353    3.2259
    0.7530    0.6366    0.1668
   -0.6385    0.7681   -0.0490
   -0.1593   -0.0696    0.9848
...     3 T-A ...
   -0.0377   -3.2918    6.3749
    0.2722    0.9302    0.2464
   -0.9238    0.3243   -0.2034
   -0.2691   -0.1722    0.9476
...     4 G-C ...
   -0.3520   -4.1638    9.4928
   -0.3756    0.9250    0.0576
   -0.8780   -0.3352   -0.3416
   -0.2967   -0.1788    0.9381
...     5 A-T ...
   -0.4480   -4.1448   12.7498
   -0.8116    0.5839   -0.0166
   -0.5522   -0.7762   -0.3042
   -0.1905   -0.2377    0.9525
...     6 G-C ...
   -1.5926   -4.1701   15.6201
   -0.9976    0.0246   -0.0651
   -0.0043   -0.9555   -0.2950
   -0.0694   -0.2940    0.9533
...     7 C-G ...
   -1.1050   -4.4793   18.7363
   -0.8442   -0.5302   -0.0787
    0.5343   -0.8442   -0.0430
   -0.0437   -0.0784    0.9960
...     8 G-C ...
   -2.4044   -7.7255   23.1483
   -0.2753   -0.3294   -0.9032
    0.6650   -0.7437    0.0686
   -0.6943   -0.5817    0.4238
...     9 C-G ...
   -4.4706   -9.9691   24.1142
    0.1145   -0.7026   -0.7023
    0.8512   -0.2951    0.4341
   -0.5123   -0.6475    0.5642
...    10 T-A ...
   -6.7420  -10.8705   25.9717
    0.4841   -0.8363   -0.2573
    0.6594    0.1554    0.7356
   -0.5752   -0.5257    0.6267
...    11 C-G ...
   -9.1682  -12.6167   27.1662
    0.7073   -0.6683    0.2306
    0.3450    0.6110    0.7125
   -0.6170   -0.4243    0.6627
...    12 A-T ...
  -10.9253  -14.6583   29.0713
    0.7515   -0.1377    0.6452
   -0.2027    0.8824    0.4245
   -0.6278   -0.4498    0.6352
...    13 C-G ...
  -11.8495  -17.4796   31.2472
    0.4294    0.2824    0.8578
   -0.5708    0.8209    0.0155
   -0.6998   -0.4963    0.5137
...    14 A-T ...
  -13.5915  -19.7756   33.4284
   -0.1503    0.6106    0.7775
   -0.6874    0.5007   -0.5261
   -0.7106   -0.6135    0.3445
...    15 A-T ...
  -15.6930  -21.9209   34.6961
   -0.5427    0.7674    0.3415
   -0.4465    0.0808   -0.8911
   -0.7114   -0.6361    0.2988
...    16 T-A ...
  -17.7855  -23.9108   36.2748
   -0.6863    0.7099   -0.1585
   -0.0967   -0.3050   -0.9474
   -0.7209   -0.6349    0.2780
...    17 T-A ...
  -20.1333  -25.8597   37.3345
   -0.5857    0.4516   -0.6730
    0.3122   -0.6406   -0.7016
   -0.7480   -0.6211    0.2342
...    18 T-A ...
  -22.6623  -27.6958   38.1094
   -0.2607    0.0707   -0.9628
    0.5770   -0.7881   -0.2141
   -0.7740   -0.6114    0.1647
...    19 A-T ...
  -25.5168  -29.4246   38.2385
    0.2388   -0.2204   -0.9457
    0.5754   -0.7524    0.3206
   -0.7822   -0.6208   -0.0529
...    20 T-A ...
  -28.3196  -30.9748   37.6129
    0.5201   -0.5433   -0.6591
    0.3612   -0.5593    0.7461
   -0.7740   -0.6261   -0.0947
...    21 T-A ...
  -30.8361  -32.9198   36.9950
    0.6375   -0.7608   -0.1216
   -0.0212   -0.1752    0.9843
   -0.7702   -0.6249   -0.1278
...    22 C-G ...
  -33.1723  -35.1618   36.4308
    0.5007   -0.7176    0.4842
   -0.4276    0.2813    0.8591
   -0.7527   -0.6371   -0.1660
...    23 G-C ...
  -35.8054  -37.2344   36.3128
    0.1853   -0.4031    0.8962
   -0.6755    0.6101    0.4141
   -0.7137   -0.6821   -0.1592
...    24 C-G ...
  -37.9158  -39.7666   35.7121
   -0.2218    0.0104    0.9750
   -0.6613    0.7332   -0.1582
   -0.7166   -0.6799   -0.1558
...    25 A-T ...
  -40.4424  -41.7816   34.9440
   -0.5334    0.4752    0.6998
   -0.3891    0.5968   -0.7018
   -0.7511   -0.6466   -0.1334
...    26 A-T ...
  -42.7820  -44.0269   34.6955
   -0.6676    0.7254    0.1678
    0.0140    0.2376   -0.9713
   -0.7444   -0.6460   -0.1688
...    27 A-T ...
  -45.2333  -46.1116   34.3492
   -0.5190    0.7534   -0.4038
    0.4023   -0.2016   -0.8931
   -0.7542   -0.6259   -0.1984
...    28 G-C ...
  -47.9042  -47.9632   33.8304
   -0.1463    0.6093   -0.7794
    0.6141   -0.5618   -0.5544
   -0.7756   -0.5597   -0.2920
...    29 G-C ...
  -50.7182  -49.4409   32.7440
    0.3056    0.2921   -0.9063
    0.5678   -0.8200   -0.0729
   -0.7644   -0.4923   -0.4164
...    30 C-G ...
  -53.3236  -50.5482   31.0663
    0.6177   -0.1564   -0.7707
    0.2815   -0.8711    0.4024
   -0.7343   -0.4656   -0.4941
...    31 C-G ...
  -55.4986  -51.9431   28.8883
    0.7338   -0.5612   -0.3827
   -0.1515   -0.6844    0.7132
   -0.6622   -0.4654   -0.5873
...    32 G-C ...
  -57.4771  -53.9649   27.0539
    0.5634   -0.8153    0.1340
   -0.6012   -0.2933    0.7433
   -0.5667   -0.4993   -0.6554
...    33 G-C ...
  -59.0103  -55.8478   24.6720
    0.1499   -0.8214    0.5503
   -0.8394    0.1884    0.5099
   -0.5225   -0.5384   -0.6612
...    34 C-G ...
  -60.4164  -57.8365   22.3591
   -0.3494   -0.5699    0.7438
   -0.7812    0.6154    0.1045
   -0.5173   -0.5445   -0.6602
...    35 C-G ...
  -61.9762  -59.8669   20.1250
   -0.7064   -0.1012    0.7006
   -0.4441    0.8341   -0.3272
   -0.5512   -0.5422   -0.6342
...    36 C-G ...
  -63.6806  -61.9292   18.0314
   -0.7932    0.4157    0.4449
    0.0373    0.7625   -0.6459
   -0.6078   -0.4958   -0.6203
...    37 G-C ...
  -65.4971  -63.3622   15.5812
   -0.5508    0.8298    0.0901
    0.4965    0.4125   -0.7638
   -0.6709   -0.3760   -0.6392
...    38 A-T ...
  -67.6962  -64.6300   13.5375
   -0.1115    0.9408   -0.3202
    0.7295   -0.1413   -0.6693
   -0.6749   -0.3082   -0.6705
...    39 C-G ...
  -70.3083  -65.3005   11.6980
    0.3265    0.7534   -0.5707
    0.6725   -0.6095   -0.4199
   -0.6642   -0.2467   -0.7057
...    40 A-T ...
  -72.4046  -65.9688    9.1679
    0.7368    0.3260   -0.5923
    0.3444   -0.9349   -0.0860
   -0.5818   -0.1406   -0.8011
...    41 C-G ...
  -74.2508  -65.7297    6.4531
    0.8352   -0.2006   -0.5121
   -0.1106   -0.9733    0.2009
   -0.5387   -0.1112   -0.8351
...    42 G-C ...
  -75.7441  -66.5272    3.5398
    0.6740   -0.7018   -0.2306
   -0.6073   -0.7041    0.3680
   -0.4206   -0.1080   -0.9008
...    43 A-T ...
  -76.9297  -66.9145    0.4768
    0.1715   -0.9846    0.0348
   -0.9034   -0.1431    0.4041
   -0.3929   -0.1007   -0.9140
...    44 C-G ...
  -77.6096  -67.3571   -2.7912
   -0.3462   -0.9078    0.2369
   -0.8578    0.4085    0.3118
   -0.3798   -0.0952   -0.9202
...    45 T-A ...
  -78.6549  -67.9241   -5.9167
   -0.7533   -0.5358    0.3815
   -0.5303    0.8379    0.1297
   -0.3891   -0.1046   -0.9152
...    46 T-A ...
  -79.7210  -68.4981   -8.9492
   -0.9353    0.0552    0.3495
    0.0249    0.9956   -0.0905
   -0.3529   -0.0760   -0.9326
...    47 A-T ...
  -80.7046  -68.4494  -12.1705
   -0.7057    0.6654    0.2434
    0.6122    0.7456   -0.2633
   -0.3567   -0.0368   -0.9335
...    48 C-G ...
  -82.3278  -68.8820  -15.0036
   -0.2597    0.9586    0.1165
    0.8938    0.2843   -0.3469
   -0.3657    0.0140   -0.9306
...    49 T-A ...
  -83.8160  -68.6712  -17.9470
    0.2859    0.9582    0.0114
    0.8900   -0.2612   -0.3737
   -0.3551    0.1170   -0.9275
...    50 G-C ...
  -84.7652  -68.0098  -21.0985
    0.7799    0.6231   -0.0596
    0.5651   -0.7418   -0.3611
   -0.2692    0.2480   -0.9306
...    51 T-A ...
  -85.6989  -66.5707  -23.8996
    0.9731    0.1295   -0.1905
    0.0672   -0.9507   -0.3028
   -0.2203    0.2819   -0.9338
...    52 A-T ...
  -86.2318  -65.7165  -27.0953
    0.8293   -0.4829   -0.2811
   -0.5394   -0.8231   -0.1777
   -0.1456    0.2990   -0.9431
...    53 G-C ...
  -86.3640  -64.5455  -30.2168
    0.4098   -0.8620   -0.2985
   -0.9071   -0.4194   -0.0342
   -0.0958    0.2848   -0.9538
...    54 G-C ...
  -86.3105  -63.7111  -33.5127
   -0.1669   -0.9595   -0.2270
   -0.9837    0.1464    0.1044
   -0.0670    0.2407   -0.9683
...    55 T-A ...
  -85.9433  -63.1561  -36.8145
   -0.6738   -0.7254   -0.1402
   -0.7359    0.6420    0.2152
   -0.0661    0.2482   -0.9664
...    56 A-T ...
  -86.2758  -61.6992  -39.8941
   -0.9950   -0.0985   -0.0193
   -0.0998    0.9501    0.2955
   -0.0107    0.2959   -0.9552
...    57 T-A ...
  -86.3799  -61.3714  -43.1849
   -0.9026    0.4102    0.1304
    0.4305    0.8583    0.2794
    0.0027    0.3083   -0.9513
...    58 C-G ...
  -86.3674  -60.4249  -46.3401
   -0.4662    0.8252    0.3189
    0.8846    0.4380    0.1598
   -0.0078    0.3566   -0.9342
...    59 T-A ...
  -86.7116  -59.1744  -49.3912
    0.0787    0.8944    0.4403
    0.9968   -0.0646   -0.0470
   -0.0136    0.4426   -0.8966
...    60 C-G ...
  -86.7850  -57.5955  -52.2535
    0.6491    0.6533    0.3896
    0.7605   -0.5675   -0.3155
    0.0150    0.5011   -0.8652
...    61 G-C ...
  -86.2674  -55.9231  -55.1412
    0.9530    0.1489    0.2640
    0.2740   -0.7956   -0.5403
    0.1296    0.5873   -0.7990
...    62 A-T ...
  -85.6433  -53.8975  -57.6611
    0.9228   -0.3764   -0.0827
   -0.3426   -0.7028   -0.6235
    0.1766    0.6037   -0.7774
...    63 G-C ...
  -84.7539  -51.7482  -60.0559
    0.5786   -0.7234   -0.3768
   -0.7822   -0.3613   -0.5076
    0.2311    0.5884   -0.7749
...    64 C-G ...
  -83.5259  -49.8484  -62.5333
    0.0327   -0.8094   -0.5864
   -0.9657    0.1256   -0.2271
    0.2575    0.5737   -0.7775
...    65 T-A ...
  -82.3628  -48.1183  -65.1564
   -0.5116   -0.6140   -0.6010
   -0.8182    0.5616    0.1228
    0.2622    0.5546   -0.7897
...    66 C-G ...
  -81.3982  -46.3320  -67.7791
   -0.9053   -0.1419   -0.4003
   -0.3377    0.8120    0.4760
    0.2575    0.5662   -0.7830
...    67 G-C ...
  -80.4869  -44.0429  -70.1001
   -0.9539    0.2991    0.0234
    0.2451    0.7320    0.6357
    0.1730    0.6122   -0.7716
...    68 G-C ...
  -79.9511  -42.1529  -72.8594
   -0.6717    0.5930    0.4441
    0.7313    0.4349    0.5254
    0.1185    0.6777   -0.7258
...    69 G-C ...
  -79.8011  -39.9203  -75.3871
   -0.1739    0.6530    0.7372
    0.9801    0.0419    0.1940
    0.0958    0.7562   -0.6473
...    70 A-T ...
  -79.5529  -37.3907  -77.4402
    0.4259    0.4995    0.7544
    0.8978   -0.3363   -0.2842
    0.1118    0.7984   -0.5917
...    71 T-A ...
  -79.6643  -34.5027  -78.9748
    0.8174    0.2372    0.5250
    0.5617   -0.5310   -0.6345
    0.1283    0.8135   -0.5672
...    72 C-G ...
  -79.0672  -31.7537  -80.6526
    0.9850   -0.1567    0.0730
   -0.0223   -0.5342   -0.8451
    0.1714    0.8307   -0.5296
...    73 C-G ...
  -78.0342  -28.9151  -82.1921
    0.7924   -0.4805   -0.3757
   -0.5528   -0.3053   -0.7754
    0.2578    0.8221   -0.5076
...    74 G-C ...
  -77.2584  -26.3849  -84.2962
    0.3066   -0.6150   -0.7265
   -0.8919    0.0810   -0.4449
    0.3325    0.7844   -0.5236
...    75 C-G ...
  -75.7531  -23.9199  -86.0088
   -0.2559   -0.4702   -0.8447
   -0.9047    0.4245    0.0377
    0.3408    0.7738   -0.5340
...    76 T-A ...
  -74.3907  -21.5343  -87.9257
   -0.7201   -0.1753   -0.6713
   -0.6126    0.6150    0.4965
    0.3258    0.7687   -0.5503
...    77 T-A ...
  -73.1384  -19.2041  -89.8378
   -0.9332    0.2439   -0.2637
   -0.0779    0.5791    0.8115
    0.3507    0.7779   -0.5214
...    78 T-A ...
  -71.9825  -16.8138  -91.7183
   -0.8035    0.5351    0.2610
    0.4743    0.3105    0.8238
    0.3598    0.7857   -0.5033
...    79 A-T ...
  -70.7146  -14.1206  -93.2696
   -0.3864    0.5403    0.7476
    0.8647   -0.0697    0.4973
    0.3208    0.8386   -0.4402
...    80 A-T ...
  -69.8741  -11.3327  -94.6813
    0.1642    0.3678    0.9153
    0.9331   -0.3589   -0.0231
    0.3200    0.8578   -0.4021
...    81 T-A ...
  -69.4006   -8.2719  -95.7441
    0.6062    0.1089    0.7878
    0.7241   -0.4852   -0.4901
    0.3289    0.8676   -0.3730
...    82 C-G ...
  -68.2159   -5.3836  -96.7485
    0.9026   -0.2392    0.3580
    0.2362   -0.4202   -0.8761
    0.3600    0.8753   -0.3228
...    83 A-T ...
  -66.8067   -2.5916  -97.9579
    0.8377   -0.5089   -0.1980
   -0.3122   -0.1487   -0.9383
    0.4481    0.8479   -0.2834
...    84 T-A ...
  -64.9857    0.1630  -98.2691
    0.5604   -0.4930   -0.6655
   -0.7011    0.1453   -0.6981
    0.4408    0.8578   -0.2642
...    85 G-C ...
  -63.7317    3.0351  -99.4373
    0.0049   -0.3347   -0.9423
   -0.8844    0.4383   -0.1602
    0.4667    0.8342   -0.2938
...    86 T-A ...
  -61.6418    5.4732 -100.4643
   -0.4781   -0.0386   -0.8774
   -0.7475    0.5425    0.3834
    0.4612    0.8392   -0.2882
...    87 T-A ...
  -59.9102    8.0482 -101.4870
   -0.8121    0.3217   -0.4868
   -0.3293    0.4360    0.8375
    0.4816    0.8405   -0.2481
...    88 A-T ...
  -58.2275   10.9631 -101.9042
   -0.8418    0.5131    0.1675
    0.2561    0.1065    0.9608
    0.4751    0.8517   -0.2211
...    89 T-A ...
  -57.0044   13.7326 -103.1906
   -0.5983    0.4789    0.6424
    0.6493   -0.1799    0.7389
    0.4695    0.8592   -0.2033
...    90 A-T ...
  -55.4440   16.6541 -103.7225
   -0.1484    0.1766    0.9730
    0.8888   -0.4077    0.2095
    0.4337    0.8959   -0.0965
...    91 A-T ...
  -54.2168   19.6417 -103.9253
    0.3710   -0.1263    0.9200
    0.8209   -0.4186   -0.3886
    0.4342    0.8993   -0.0516
...    92 C-G ...
  -53.2128   22.7744 -103.5924
    0.7323   -0.3695    0.5720
    0.5108   -0.2573   -0.8203
    0.4502    0.8929    0.0004
...    93 G-C ...
  -51.2593   25.5487 -103.7407
    0.8462   -0.5328   -0.0090
    0.0379    0.0770   -0.9963
    0.5316    0.8427    0.0853
...    94 G-C ...
  -49.1447   28.1607 -103.2108
    0.6882   -0.4392   -0.5774
   -0.4191    0.4090   -0.8106
    0.5922    0.7999    0.0975
...    95 A-T ...
  -47.0704   30.7327 -102.8477
    0.2883   -0.0835   -0.9539
   -0.7471    0.6035   -0.2787
    0.5990    0.7929    0.1116
...    96 C-G ...
  -44.5681   32.9694 -102.4787
   -0.1669    0.2691   -0.9485
   -0.7824    0.5493    0.2935
    0.6000    0.7911    0.1188
...    97 A-T ...
  -42.8183   35.7526 -101.8226
   -0.6396    0.5068   -0.5779
   -0.5224    0.2649    0.8105
    0.5639    0.8203    0.0953
...    98 C-G ...
  -40.7404   38.3615 -102.0667
   -0.8329    0.5515   -0.0453
   -0.0972   -0.0653    0.9931
    0.5448    0.8316    0.1079
...    99 T-A ...
  -39.0377   41.2291 -101.9546
   -0.7892    0.3624    0.4958
    0.3723   -0.3598    0.8555
    0.4884    0.8598    0.1491
...   100 T-A ...
  -37.5716   44.0947 -101.5842
   -0.4480    0.0537    0.8924
    0.7580   -0.5064    0.4111
    0.4740    0.8606    0.1862
...   101 T-A ...
  -36.2122   46.9620 -100.9515
    0.0475   -0.2873    0.9567
    0.8833   -0.4350   -0.1745
    0.4663    0.8534    0.2331
...   102 A-T ...
  -34.5382   49.7084  -99.9874
    0.5187   -0.5757    0.6321
    0.7037   -0.1325   -0.6981
    0.4856    0.8069    0.3364
...   103 T-A ...
  -33.3214   52.2612  -98.3034
    0.8042   -0.5675    0.1769
    0.3424    0.1989   -0.9183
    0.4859    0.7990    0.3543
...   104 G-C ...
  -31.4080   54.8725  -97.4005
    0.8177   -0.3786   -0.4337
   -0.1802    0.5471   -0.8174
    0.5468    0.7465    0.3791
...   105 C-G ...
  -29.2895   57.0499  -95.9494
    0.5627   -0.0037   -0.8267
   -0.6003    0.6856   -0.4117
    0.5683    0.7279    0.3835
...   106 T-A ...
  -27.1135   59.2819  -94.6917
    0.1208    0.3764   -0.9185
   -0.8048    0.5789    0.1314
    0.5812    0.7233    0.3728
...   107 T-A ...
  -24.9746   61.4467  -93.4813
   -0.3584    0.6892   -0.6298
   -0.7305    0.2130    0.6488
    0.5813    0.6926    0.4271
...   108 C-G ...
  -22.9497   63.6745  -92.0721
   -0.7419    0.6627   -0.1022
   -0.3684   -0.2755    0.8879
    0.5603    0.6964    0.4485
...   109 C-G ...
  -20.9384   66.1040  -90.7888
   -0.8708    0.3240    0.3698
    0.1054   -0.6116    0.7841
    0.4802    0.7218    0.4984
...   110 G-C ...
  -19.1996   68.2732  -88.8363
   -0.7220   -0.1916    0.6649
    0.5815   -0.6888    0.4330
    0.3750    0.6992    0.6087
...   111 G-C ...
  -18.2356   70.7487  -86.7540
   -0.3246   -0.6229    0.7118
    0.8912   -0.4535    0.0096
    0.3168    0.6375    0.7023
...   112 C-G ...
  -17.6910   72.8373  -84.2406
    0.1987   -0.8136    0.5464
    0.9325   -0.0146   -0.3609
    0.3016    0.5812    0.7558
...   113 T-A ...
  -16.9099   74.5019  -81.4766
    0.6497   -0.7329    0.2020
    0.6939    0.4630   -0.5515
    0.3106    0.4985    0.8094
...   114 C-G ...
  -15.7499   75.9095  -78.7318
    0.9310   -0.3126   -0.1882
    0.1743    0.8341   -0.5234
    0.3206    0.4545    0.8310
...   115 G-C ...
  -14.3661   77.7473  -76.2224
    0.8368    0.2220   -0.5005
   -0.3839    0.8897   -0.2471
    0.3904    0.3990    0.8297
...   116 T-A ...
  -12.6588   78.5648  -73.4235
    0.4893    0.6831   -0.5422
   -0.7812    0.6196    0.0756
    0.3876    0.3865    0.8369
...   117 A-T ...
  -12.1792   79.9358  -70.2368
   -0.1600    0.9610   -0.2257
   -0.9205   -0.0626    0.3858
    0.3566    0.2695    0.8945
...   118 T-A ...
  -10.4231   80.9699  -67.6040
   -0.6153    0.7874    0.0379
   -0.7025   -0.5695    0.4269
    0.3577    0.2360    0.9035
...   119 A-T ...
   -9.3379   81.2582  -64.3774
   -0.9264    0.2157    0.3086
   -0.1356   -0.9557    0.2611
    0.3512    0.2001    0.9147
...   120 A-T ...
   -8.2263   82.0760  -61.4394
   -0.8386   -0.3918    0.3784
    0.4299   -0.9027    0.0181
    0.3345    0.1779    0.9255
...   121 T-A ...
   -7.5903   83.1176  -58.3999
   -0.5083   -0.8070    0.3008
    0.8015   -0.5710   -0.1776
    0.3150    0.1508    0.9370
...   122 G-C ...
   -6.4707   83.2715  -55.2158
    0.0127   -0.9999    0.0093
    0.9625    0.0097   -0.2710
    0.2708    0.0124    0.9625
...   123 T-A ...
   -6.1459   82.9691  -51.9438
    0.5186   -0.8347   -0.1853
    0.8105    0.5489   -0.2045
    0.2724   -0.0442    0.9612
...   124 G-C ...
   -4.8190   82.7790  -48.8465
    0.8791   -0.3276   -0.3462
    0.3545    0.9349    0.0156
    0.3185   -0.1364    0.9380
...   125 T-A ...
   -3.7321   81.6670  -45.8729
    0.9272    0.2463   -0.2821
   -0.1846    0.9561    0.2276
    0.3258   -0.1590    0.9320
...   126 C-G ...
   -2.5043   81.0845  -42.8330
    0.6145    0.7869   -0.0567
   -0.7199    0.5886    0.3678
    0.3228   -0.1851    0.9282
...   127 G-C ...
   -1.8555   80.6583  -39.5124
    0.0386    0.9880    0.1495
   -0.9431   -0.0135    0.3323
    0.3304   -0.1538    0.9312
...   128 A-T ...
   -0.6615   80.0214  -36.4720
   -0.5581    0.7623    0.3277
   -0.7692   -0.6234    0.1401
    0.3111   -0.1739    0.9343
...   129 C-G ...
    0.7543   79.8984  -33.4368
   -0.8968    0.2941    0.3306
   -0.3379   -0.9376   -0.0823
    0.2858   -0.1855    0.9402
...   130 C-G ...
    1.8353   79.5000  -30.2329
   -0.9558   -0.2663    0.1250
    0.2256   -0.9362   -0.2695
    0.1888   -0.2293    0.9549
...   131 A-T ...
    2.5287   78.5098  -27.0778
   -0.6620   -0.7248   -0.1908
    0.7449   -0.6079   -0.2750
    0.0833   -0.3241    0.9423
...   132 A-T ...
    2.6015   77.4350  -24.0299
   -0.1138   -0.9232   -0.3670
    0.9918   -0.0840   -0.0961
    0.0579   -0.3750    0.9252
...   133 A-T ...
    2.6103   76.0724  -21.0941
    0.4811   -0.7841   -0.3922
    0.8753    0.4549    0.1642
    0.0496   -0.4223    0.9051
...   134 T-A ...
    2.3095   74.2285  -18.3853
    0.8657   -0.4292   -0.2574
    0.4984    0.7868    0.3642
    0.0462   -0.4436    0.8950
...   135 G-C ...
    1.4371   72.0947  -15.6002
    0.9809    0.0621    0.1844
   -0.1263    0.9241    0.3606
   -0.1480   -0.3770    0.9143
...   136 T-A ...
    0.5301   69.2372  -13.4651
    0.7353    0.4962    0.4617
   -0.6117    0.7791    0.1369
   -0.2918   -0.3831    0.8764
...   137 G-C ...
   -0.1629   67.4088  -10.8054
    0.1799    0.8794    0.4409
   -0.9276    0.3008   -0.2216
   -0.3275   -0.3691    0.8698
...   138 A-T ...
   -0.1293   66.2153   -7.8180
   -0.3749    0.8569    0.3537
   -0.8857   -0.2184   -0.4097
   -0.2739   -0.4669    0.8408
...   139 G-C ...
   -1.0030   65.6049   -4.9383
   -0.8337    0.5216    0.1812
   -0.5170   -0.6221   -0.5880
   -0.1940   -0.5840    0.7883
...   140 C-G ...
   -0.6939   63.8983   -2.2497
   -0.9992    0.0157   -0.0376
    0.0023   -0.8992   -0.4375
   -0.0406   -0.4373    0.8984
...   141 G-C ...
   -3.4330   60.2355    1.0303
   -0.4426    0.2288   -0.8671
    0.1684   -0.9285   -0.3310
   -0.8808   -0.2925    0.3724
...   142 C-G ...
   -6.3246   59.0803    1.6314
   -0.2968   -0.3279   -0.8969
    0.5658   -0.8170    0.1115
   -0.7693   -0.4743    0.4280
...   143 T-A ...
   -8.6730   58.7214    3.6047
   -0.0344   -0.7815   -0.6229
    0.6534   -0.4892    0.5777
   -0.7562   -0.3872    0.5275
...   144 C-G ...
  -11.6513   58.0073    4.7220
    0.2453   -0.9542   -0.1714
    0.6321    0.0234    0.7745
   -0.7350   -0.2984    0.6089
...   145 A-T ...
  -14.1724   56.5625    6.1820
    0.5795   -0.7268    0.3686
    0.3140    0.6165    0.7220
   -0.7520   -0.3027    0.5855
...   146 C-G ...
  -16.4613   53.8912    7.5170
    0.5336   -0.3333    0.7773
   -0.0346    0.9097    0.4138
   -0.8450   -0.2477    0.4739
...   147 A-T ...
  -19.0124   52.0326    8.9268
    0.2451    0.2906    0.9249
   -0.3073    0.9281   -0.2101
   -0.9195   -0.2327    0.3168
