  147 base-pairs
...     1 A-T ...
    0.0000    0.0000    0.0000
    1.0000    0.0000    0.0000
    0.0000    1.0000    0.0000
    0.0000    0.0000    1.0000
...     2 G-C ...
   -0.1404   -1.2353    3.2259
    0.7530    0.6366    0.1668
   -0.6385    0.7681   -0.0490
   -0.1593   -0.0696    0.9848
...     3 T-A ...
   -0.0377   -3.2918    6.3749
    0.2722    0.9302    0.2464
   -0.9238    0.3243   -0.2034
   -0.2691   -0.1722    0.9476
...     4 G-C ...
   -0.3520   -4.1638    9.4928
   -0.3756    0.9250    0.0576
   -0.8780   -0.3352   -0.3416
   -0.2967   -0.1788    0.9381
...     5 A-T ...
   -0.4480   -4.1448   12.7498
   -0.8116    0.5839   -0.0166
   -0.5522   -0.7762   -0.3042
   -0.1905   -0.2377    0.9525
...     6 G-C ...
   -1.5926   -4.1701   15.6201
   -0.9976    0.0246   -0.0651
   -0.0043   -0.9555   -0.2950
   -0.0694   -0.2940    0.9533
...     7 C-G ...
   -1.1050   -4.4793   18.7363
   -0.8442   -0.5302   -0.0787
    0.5343   -0.8442   -0.0430
   -0.0437   -0.0784    0.9960
...     8 G-C ...
   -2.4044   -7.7255   23.1483
   -0.2753   -0.3294   -0.9032
    0.6650   -0.7437    0.0686
   -0.6943   -0.5817    0.4238
...     9 C-G ...
   -4.4706   -9.9691   24.1142
    0.1145   -0.7026   -0.7023
    0.8512   -0.2951    0.4341
   -0.5123   -0.6475    0.5642
...    10 T-A ...
   -6.7420  -10.8705   25.9717
    0.4841   -0.8363   -0.2573
    0.6594    0.1554    0.7356
   -0.5752   -0.5257    0.6267
...    11 C-G ...
   -9.1682  -12.6167   27.1662
    0.7073   -0.6683    0.2306
    0.3450    0.6110    0.7125
   -0.6170   -0.4243    0.6627
...    12 A-T ...
  -10.9253  -14.6583   29.0713
    0.7515   -0.1377    0.6452
   -0.2027    0.8824    0.4245
   -0.6278   -0.4498    0.6352
...    13 C-G ...
  -11.8495  -17.4796   31.2472
    0.4294    0.2824    0.8578
   -0.5708    0.8209    0.0155
   -0.6998   -0.4963    0.5137
...    14 A-T ...
  -13.5915  -19.7756   33.4284
   -0.1503    0.6106    0.7775
   -0.6874    0.5007   -0.5261
   -0.7106   -0.6135    0.3445
...    15 A-T ...
  -15.6971  -21.9184   34.6908
   -0.5404    0.7693    0.3408
   -0.4455    0.0820   -0.8915
   -0.7138   -0.6336    0.2984
...    16 T-A ...
  -17.8004  -23.8958   36.2646
   -0.6810    0.7147   -0.1595
   -0.0974   -0.3043   -0.9476
   -0.7258   -0.6297    0.2768
...    17 T-A ...
  -20.1691  -25.8233   37.3094
   -0.5771    0.4608   -0.6743
    0.3066   -0.6430   -0.7018
   -0.7569   -0.6118    0.2298
...    18 T-A ...
  -22.7273  -27.6259   38.0582
   -0.2529    0.0804   -0.9642
    0.5651   -0.7966   -0.2146
   -0.7853   -0.5991    0.1560
...    19 A-T ...
  -25.6275  -29.2848   38.1376
    0.2444   -0.2140   -0.9458
    0.5571   -0.7673    0.3175
   -0.7937   -0.6045   -0.0683
...    20 T-A ...
  -28.4539  -30.7703   37.4619
    0.5160   -0.5464   -0.6597
    0.3407   -0.5757    0.7433
   -0.7859   -0.6083   -0.1109
...    21 T-A ...
  -31.0068  -32.6500   36.7880
    0.6195   -0.7754   -0.1225
   -0.0381   -0.1856    0.9819
   -0.7841   -0.6036   -0.1445
...    22 C-G ...
  -33.3947  -34.8250   36.1664
    0.4719   -0.7375    0.4830
   -0.4320    0.2842    0.8559
   -0.7686   -0.6126   -0.1845
...    23 G-C ...
  -36.1003  -36.7975   35.9819
    0.1543   -0.4201    0.8943
   -0.6613    0.6286    0.4094
   -0.7341   -0.6545   -0.1809
...    24 C-G ...
  -38.2937  -39.2376   35.2945
   -0.2412    0.0065    0.9705
   -0.6295    0.7600   -0.1615
   -0.7386   -0.6498   -0.1793
...    25 A-T ...
  -40.8803  -41.1351   34.4301
   -0.5293    0.4872    0.6946
   -0.3482    0.6219   -0.7015
   -0.7737   -0.6131   -0.1595
...    26 A-T ...
  -43.3055  -43.2734   34.0919
   -0.6385    0.7518    0.1644
    0.0463    0.2508   -0.9669
   -0.7682   -0.6098   -0.1950
...    27 A-T ...
  -45.8394  -45.2354   33.6530
   -0.4730    0.7844   -0.4013
    0.4119   -0.2058   -0.8877
   -0.7789   -0.5852   -0.2257
...    28 G-C ...
  -48.5867  -46.9366   33.0384
   -0.0971    0.6308   -0.7698
    0.5973   -0.5818   -0.5521
   -0.7961   -0.5134   -0.3203
...    29 G-C ...
  -51.4483  -48.2288   31.8451
    0.3419    0.2947   -0.8923
    0.5245   -0.8477   -0.0790
   -0.7797   -0.4411   -0.4444
...    30 C-G ...
  -54.0637  -49.1498   30.0721
    0.6264   -0.1730   -0.7601
    0.2229   -0.8946    0.3873
   -0.7470   -0.4120   -0.5218
...    31 C-G ...
  -56.2515  -50.3704   27.8009
    0.7091   -0.5939   -0.3801
   -0.2085   -0.6916    0.6916
   -0.6735   -0.4111   -0.6143
...    32 G-C ...
  -58.2982  -52.2275   25.8682
    0.5083   -0.8521    0.1247
   -0.6368   -0.2744    0.7206
   -0.5798   -0.4457   -0.6821
...    33 G-C ...
  -59.8914  -53.9388   23.3969
    0.0823   -0.8440    0.5299
   -0.8382    0.2291    0.4950
   -0.5392   -0.4849   -0.6886
...    34 C-G ...
  -61.3672  -55.7568   20.9870
   -0.4058   -0.5655    0.7180
   -0.7407    0.6637    0.1041
   -0.5353   -0.4896   -0.6883
...    35 C-G ...
  -62.9960  -57.6017   18.6440
   -0.7296   -0.0721    0.6800
   -0.3767    0.8723   -0.3117
   -0.5707   -0.4836   -0.6636
...    36 C-G ...
  -64.7766  -59.4727   16.4380
   -0.7731    0.4576    0.4392
    0.1079    0.7772   -0.6199
   -0.6251   -0.4319   -0.6502
...    37 G-C ...
  -66.6249  -60.6940   13.8976
   -0.4914    0.8645    0.1055
    0.5442    0.3994   -0.7378
   -0.6799   -0.3052   -0.6667
...    38 A-T ...
  -68.8581  -61.7235   11.7605
   -0.0341    0.9566   -0.2895
    0.7334   -0.1729   -0.6574
   -0.6789   -0.2347   -0.6957
...    39 C-G ...
  -71.4651  -62.1289    9.8395
    0.3954    0.7457   -0.5363
    0.6354   -0.6437   -0.4266
   -0.6633   -0.1720   -0.7283
...    40 A-T ...
  -73.5411  -62.5418    7.2382
    0.7732    0.2892   -0.5644
    0.2750   -0.9548   -0.1126
   -0.5715   -0.0681   -0.8178
...    41 C-G ...
  -75.2975  -62.0660    4.4929
    0.8291   -0.2463   -0.5019
   -0.1890   -0.9683    0.1630
   -0.5262   -0.0403   -0.8494
...    42 G-C ...
  -76.7809  -62.6405    1.5221
    0.6225   -0.7439   -0.2432
   -0.6680   -0.6669    0.3302
   -0.4078   -0.0431   -0.9120
...    43 A-T ...
  -77.9279  -62.8195   -1.5754
    0.0930   -0.9957    0.0016
   -0.9202   -0.0853    0.3821
   -0.3803   -0.0370   -0.9241
...    44 C-G ...
  -78.5716  -63.0840   -4.8702
   -0.4215   -0.8851    0.1973
   -0.8291    0.4643    0.3116
   -0.3674   -0.0322   -0.9295
...    45 T-A ...
  -79.5935  -63.4499   -8.0330
   -0.8006   -0.4868    0.3493
   -0.4645    0.8725    0.1515
   -0.3785   -0.0410   -0.9247
...    46 T-A ...
  -80.6449  -63.8261  -11.1007
   -0.9340    0.1177    0.3374
    0.1055    0.9929   -0.0542
   -0.3413   -0.0150   -0.9398
...    47 A-T ...
  -81.5660  -63.5783  -14.3318
   -0.6542    0.7111    0.2577
    0.6738    0.7027   -0.2284
   -0.3435    0.0242   -0.9388
...    48 C-G ...
  -83.1757  -63.7762  -17.1986
   -0.1840    0.9719    0.1468
    0.9188    0.2231   -0.3257
   -0.3493    0.0750   -0.9340
...    49 T-A ...
  -84.5973  -63.3410  -20.1510
    0.3618    0.9311    0.0467
    0.8712   -0.3198   -0.3724
   -0.3318    0.1754   -0.9269
...    50 G-C ...
  -85.4419  -62.5043  -23.2908
    0.8284    0.5591   -0.0335
    0.5070   -0.7739   -0.3794
   -0.2381    0.2973   -0.9246
...    51 T-A ...
  -86.2267  -60.9073  -26.0556
    0.9821    0.0553   -0.1802
   -0.0076   -0.9437   -0.3309
   -0.1883    0.3263   -0.9263
...    52 A-T ...
  -86.6731  -59.9237  -29.2291
    0.7878   -0.5413   -0.2940
   -0.6048   -0.7702   -0.2024
   -0.1169    0.3373   -0.9341
...    53 G-C ...
  -86.7008  -58.6519  -32.3147
    0.3383   -0.8841   -0.3225
   -0.9384   -0.3425   -0.0455
   -0.0702    0.3180   -0.9455
...    54 G-C ...
  -86.5753  -57.7189  -35.5818
   -0.2441   -0.9366   -0.2513
   -0.9686    0.2227    0.1107
   -0.0477    0.2704   -0.9616
...    55 T-A ...
  -86.1657  -57.1083  -38.8663
   -0.7299   -0.6658   -0.1549
   -0.6819    0.6932    0.2335
   -0.0481    0.2760   -0.9599
...    56 A-T ...
  -86.3917  -55.5811  -41.9160
   -0.9996   -0.0251   -0.0116
   -0.0274    0.9487    0.3150
    0.0031    0.3152   -0.9490
...    57 T-A ...
  -86.5019  -55.1799  -45.1968
   -0.8693    0.4716    0.1482
    0.4940    0.8195    0.2905
    0.0156    0.3258   -0.9453
...    58 C-G ...
  -86.4632  -54.1673  -48.3302
   -0.4022    0.8507    0.3383
    0.9155    0.3710    0.1555
    0.0067    0.3723   -0.9281
...    59 T-A ...
  -86.7559  -52.8388  -51.3544
    0.1485    0.8801    0.4509
    0.9889   -0.1347   -0.0629
    0.0054    0.4553   -0.8903
...    60 C-G ...
  -86.7586  -51.2140  -54.1944
    0.7007    0.6011    0.3842
    0.7125   -0.6166   -0.3348
    0.0357    0.5083   -0.8604
...    61 G-C ...
  -86.1807  -49.5632  -57.0833
    0.9668    0.0792    0.2430
    0.2048   -0.8092   -0.5507
    0.1530    0.5822   -0.7985
...    62 A-T ...
  -85.4876  -47.5663  -59.6093
    0.8917   -0.4396   -0.1075
   -0.4067   -0.6742   -0.6165
    0.1985    0.5935   -0.7800
...    63 G-C ...
  -84.5183  -45.4702  -62.0208
    0.5167   -0.7609   -0.3926
   -0.8191   -0.3058   -0.4854
    0.2493    0.5723   -0.7812
...    64 C-G ...
  -83.2374  -43.6429  -64.5232
   -0.0394   -0.8107   -0.5841
   -0.9615    0.1898   -0.1986
    0.2719    0.5538   -0.7870
...    65 T-A ...
  -82.0422  -41.9995  -67.1848
   -0.5695   -0.5832   -0.5792
   -0.7757    0.6144    0.1441
    0.2718    0.5313   -0.8024
...    66 C-G ...
  -81.0583  -40.3003  -69.8539
   -0.9258   -0.0898   -0.3671
   -0.2702    0.8365    0.4768
    0.2643    0.5406   -0.7987
...    67 G-C ...
  -80.1203  -38.1022  -72.2495
   -0.9333    0.3552    0.0536
    0.3118    0.7269    0.6119
    0.1784    0.5878   -0.7891
...    68 G-C ...
  -79.6134  -36.2827  -75.0585
   -0.6180    0.6398    0.4568
    0.7760    0.4034    0.4848
    0.1259    0.6541   -0.7458
...    69 G-C ...
  -79.4578  -34.1006  -77.6293
   -0.1037    0.6806    0.7252
    0.9888   -0.0082    0.1492
    0.1075    0.7326   -0.6722
...    70 A-T ...
  -79.1687  -31.6379  -79.7632
    0.4900    0.4980    0.7155
    0.8627   -0.3947   -0.3162
    0.1249    0.7722   -0.6230
...    71 T-A ...
  -79.2058  -28.7945  -81.3927
    0.8564    0.2103    0.4716
    0.4971   -0.5828   -0.6428
    0.1397    0.7849   -0.6037
...    72 C-G ...
  -78.5758  -26.1401  -83.2122
    0.9783   -0.2058    0.0222
   -0.1001   -0.5647   -0.8192
    0.1811    0.7993   -0.5730
...    73 C-G ...
  -77.5280  -23.4075  -84.9251
    0.7428   -0.5364   -0.4006
   -0.6151   -0.3106   -0.7247
    0.2643    0.7847   -0.5607
...    74 G-C ...
  -76.7884  -20.9946  -87.1719
    0.2293   -0.6659   -0.7099
   -0.9156    0.0999   -0.3895
    0.3303    0.7393   -0.5868
...    75 C-G ...
  -75.2944  -18.6923  -89.1001
   -0.3329   -0.5059   -0.7957
   -0.8819    0.4658    0.0728
    0.3338    0.7260   -0.6013
...    76 T-A ...
  -73.9773  -16.4889  -91.2470
   -0.7725   -0.1884   -0.6064
   -0.5524    0.6703    0.4956
    0.3131    0.7178   -0.6219
...    77 T-A ...
  -72.7987  -14.3373  -93.3954
   -0.9428    0.2572   -0.2119
    0.0004    0.6368    0.7710
    0.3333    0.7269   -0.6005
...    78 T-A ...
  -71.7300  -12.1230  -95.5240
   -0.7673    0.5772    0.2793
    0.5440    0.3553    0.7602
    0.3396    0.7353   -0.5866
...    79 A-T ...
  -70.5154   -9.5833  -97.3528
   -0.3100    0.6106    0.7288
    0.9002   -0.0581    0.4316
    0.3059    0.7898   -0.5316
...    80 A-T ...
  -69.7303   -6.9444  -99.0584
    0.2520    0.4402    0.8618
    0.9179   -0.3908   -0.0688
    0.3065    0.8084   -0.5025
...    81 C-G ...
  -69.2285   -3.9765 -100.4155
    0.6856    0.1279    0.7167
    0.6525   -0.5445   -0.5270
    0.3229    0.8289   -0.4568
...    82 A-T ...
  -67.9058   -1.2853 -101.9231
    0.8990   -0.2957    0.3231
    0.1570   -0.4711   -0.8680
    0.4089    0.8310   -0.3771
...    83 C-G ...
  -66.4226    1.6429 -102.5198
    0.8341   -0.5188   -0.1872
   -0.3394   -0.2153   -0.9157
    0.4347    0.8273   -0.3557
...    84 T-A ...
  -64.6709    4.3292 -103.4603
    0.4952   -0.5779   -0.6488
   -0.7252    0.1363   -0.6749
    0.4784    0.8047   -0.3516
...    85 T-A ...
  -62.8767    6.8930 -104.4029
   -0.0112   -0.3456   -0.9383
   -0.8815    0.4463   -0.1538
    0.4720    0.8255   -0.3096
...    86 T-A ...
  -61.0688    9.4441 -105.3553
   -0.5126    0.0241   -0.8583
   -0.7106    0.5491    0.4399
    0.4819    0.8354   -0.2643
...    87 A-T ...
  -59.6134   12.4973 -105.7927
   -0.8406    0.4004   -0.3647
   -0.2139    0.3732    0.9028
    0.4976    0.8369   -0.2281
...    88 T-A ...
  -57.9963   15.0275 -107.1701
   -0.8304    0.5346    0.1572
    0.2476    0.1013    0.9635
    0.4992    0.8390   -0.2165
...    89 G-C ...
  -56.3409   17.9113 -107.6468
   -0.5867    0.3932    0.7079
    0.6895   -0.2159    0.6914
    0.4247    0.8937   -0.1444
...    90 C-G ...
  -55.3446   21.0131 -108.2873
   -0.1356    0.1485    0.9796
    0.9028   -0.3888    0.1839
    0.4081    0.9093   -0.0814
...    91 T-A ...
  -54.2805   24.1558 -108.3496
    0.3369   -0.1621    0.9275
    0.8491   -0.3734   -0.3737
    0.4069    0.9134    0.0118
...    92 C-G ...
  -52.9198   27.1320 -108.1000
    0.7582   -0.3930    0.5203
    0.4950   -0.1724   -0.8516
    0.4244    0.9032    0.0639
...    93 A-T ...
  -51.2720   30.0535 -108.0057
    0.8652   -0.4941   -0.0849
   -0.0172    0.1401   -0.9900
    0.5011    0.8580    0.1128
...    94 T-A ...
  -49.4733   32.6416 -106.9856
    0.7370   -0.3338   -0.5877
   -0.4631    0.3838   -0.7989
    0.4922    0.8610    0.1282
...    95 G-C ...
  -47.9319   35.6126 -106.8921
    0.2849   -0.0708   -0.9559
   -0.7982    0.5347   -0.2774
    0.5308    0.8421    0.0958
...    96 T-A ...
  -45.6359   38.0568 -106.5803
   -0.1980    0.2330   -0.9521
   -0.8269    0.4819    0.2899
    0.5264    0.8447    0.0973
...    97 T-A ...
  -43.6792   40.6617 -106.3306
   -0.6323    0.5047   -0.5878
   -0.5590    0.2282    0.7972
    0.5365    0.8326    0.1378
...    98 A-T ...
  -41.9388   43.4339 -105.4173
   -0.8460    0.5289    0.0672
   -0.0303   -0.1736    0.9843
    0.5323    0.8307    0.1629
...    99 T-A ...
  -40.3449   46.3161 -105.5042
   -0.7466    0.3521    0.5645
    0.4071   -0.4293    0.8062
    0.5262    0.8317    0.1772
...   100 A-T ...
  -38.5696   49.0697 -104.7564
   -0.3983   -0.0606    0.9152
    0.7845   -0.5396    0.3057
    0.4753    0.8398    0.2624
...   101 A-T ...
  -37.2233   51.8696 -103.8409
    0.1103   -0.3907    0.9139
    0.8774   -0.3937   -0.2742
    0.4669    0.8321    0.2994
...   102 C-G ...
  -36.2196   54.7026 -102.4589
    0.5422   -0.5765    0.6113
    0.6961   -0.0994   -0.7111
    0.4707    0.8111    0.3474
...   103 G-C ...
  -34.1948   57.2197 -101.4079
    0.7946   -0.6050    0.0509
    0.2961    0.3129   -0.9024
    0.5300    0.7322    0.4278
...   104 G-C ...
  -32.1738   59.3795  -99.7325
    0.7898   -0.3618   -0.4952
   -0.1780    0.6374   -0.7497
    0.5869    0.6803    0.4390
...   105 A-T ...
  -30.1272   61.5358  -98.2486
    0.5150    0.1137   -0.8496
   -0.6188    0.7353   -0.2766
    0.5932    0.6682    0.4490
...   106 T-A ...
  -27.6961   63.2266  -96.7234
    0.1275    0.5088   -0.8514
   -0.8028    0.5570    0.2127
    0.5824    0.6564    0.4795
...   107 T-A ...
  -25.5624   65.1880  -95.2052
   -0.3543    0.7715   -0.5285
   -0.7322    0.1227    0.6700
    0.5817    0.6243    0.5214
...   108 C-G ...
  -23.5495   67.2103  -93.5082
   -0.7404    0.6720   -0.0149
   -0.3711   -0.3902    0.8426
    0.5604    0.6294    0.5383
...   109 C-G ...
  -21.5655   69.4683  -91.9131
   -0.8704    0.2753    0.4082
    0.1051   -0.7061    0.7002
    0.4810    0.6524    0.5857
...   110 G-C ...
  -19.8470   71.3777  -89.6934
   -0.7185   -0.2707    0.6406
    0.5845   -0.7343    0.3452
    0.3770    0.6224    0.6859
...   111 G-C ...
  -18.8766   73.5915  -87.3347
   -0.3167   -0.7011    0.6389
    0.8927   -0.4480   -0.0491
    0.3206    0.5547    0.7678
...   112 C-G ...
  -18.3063   75.3939  -84.6095
    0.2090   -0.8672    0.4520
    0.9285    0.0309   -0.3700
    0.3069    0.4971    0.8116
...   113 T-A ...
  -17.5020   76.7661  -81.6930
    0.6582   -0.7437    0.1170
    0.6828    0.5242   -0.5089
    0.3172    0.4148    0.8528
...   114 C-G ...
  -16.3329   77.9120  -78.8317
    0.9314   -0.2815   -0.2306
    0.1581    0.8838   -0.4403
    0.3278    0.3737    0.8677
...   115 G-C ...
  -14.9614   79.5195  -76.1658
    0.8260    0.2778   -0.4905
   -0.3984    0.9033   -0.1592
    0.3988    0.3269    0.8568
...   116 T-A ...
  -13.2197   80.1057  -73.3353
    0.4720    0.7338   -0.4887
   -0.7870    0.6005    0.1416
    0.3973    0.3178    0.8609
...   117 A-T ...
  -12.6374   81.2185  -70.0861
   -0.1714    0.9723   -0.1592
   -0.9127   -0.0958    0.3973
    0.3710    0.2134    0.9038
...   118 T-A ...
  -10.8455   82.1010  -67.4267
   -0.6206    0.7782    0.0961
   -0.6905   -0.6005    0.4033
    0.3716    0.1839    0.9100
...   119 A-T ...
   -9.7076   82.2579  -64.2177
   -0.9244    0.1938    0.3285
   -0.1274   -0.9687    0.2130
    0.3595    0.1551    0.9202
...   120 A-T ...
   -8.5738   82.9385  -61.2532
   -0.8324   -0.4148    0.3676
    0.4351   -0.8999   -0.0302
    0.3433    0.1348    0.9295
...   121 T-A ...
   -7.9103   83.8417  -58.1735
   -0.4996   -0.8234    0.2691
    0.8030   -0.5567   -0.2128
    0.3250    0.1098    0.9393
...   122 G-C ...
   -6.7428   83.8638  -55.0059
    0.0218   -0.9993   -0.0319
    0.9590    0.0300   -0.2818
    0.2825   -0.0244    0.9589
...   123 T-A ...
   -6.3756   83.4426  -51.7488
    0.5248   -0.8216   -0.2226
    0.8024    0.5647   -0.1929
    0.2842   -0.0774    0.9557
...   124 G-C ...
   -5.0146   83.1719  -48.6751
    0.8792   -0.3055   -0.3657
    0.3440    0.9380    0.0435
    0.3298   -0.1640    0.9297
...   125 T-A ...
   -3.8887   81.9781  -45.7485
    0.9216    0.2654   -0.2833
   -0.1930    0.9464    0.2590
    0.3368   -0.1840    0.9234
...   126 C-G ...
   -2.6324   81.3152  -42.7390
    0.6055    0.7948   -0.0412
   -0.7223    0.5705    0.3908
    0.3341   -0.2069    0.9195
...   127 G-C ...
   -1.9401   80.8043  -39.4423
    0.0307    0.9850    0.1698
   -0.9397   -0.0294    0.3406
    0.3405   -0.1700    0.9247
...   128 A-T ...
   -0.7134   80.1247  -36.4278
   -0.5612    0.7525    0.3445
   -0.7632   -0.6316    0.1363
    0.3202   -0.1864    0.9288
...   129 C-G ...
    0.7245   79.9715  -33.4085
   -0.8963    0.2844    0.3404
   -0.3327   -0.9385   -0.0921
    0.2933   -0.1958    0.9358
...   130 C-G ...
    1.8161   79.5512  -30.2126
   -0.9540   -0.2715    0.1272
    0.2281   -0.9326   -0.2796
    0.1945   -0.2378    0.9516
...   131 A-T ...
    2.5153   78.5427  -27.0662
   -0.6615   -0.7245   -0.1939
    0.7449   -0.6047   -0.2819
    0.0870   -0.3309    0.9396
...   132 A-T ...
    2.5957   77.4498  -24.0247
   -0.1139   -0.9215   -0.3714
    0.9916   -0.0825   -0.0995
    0.0610   -0.3796    0.9231
...   133 A-T ...
    2.6084   76.0758  -21.0937
    0.4810   -0.7830   -0.3945
    0.8752    0.4552    0.1636
    0.0514   -0.4240    0.9042
...   134 T-A ...
    2.3095   74.2286  -18.3852
    0.8657   -0.4292   -0.2574
    0.4984    0.7868    0.3642
    0.0461   -0.4436    0.8950
...   135 G-C ...
    1.4372   72.0948  -15.6001
    0.9809    0.0621    0.1844
   -0.1263    0.9241    0.3606
   -0.1480   -0.3770    0.9143
...   136 T-A ...
    0.5301   69.2372  -13.4651
    0.7353    0.4962    0.4617
   -0.6117    0.7791    0.1369
   -0.2918   -0.3831    0.8764
...   137 G-C ...
   -0.1629   67.4089  -10.8054
    0.1799    0.8794    0.4409
   -0.9276    0.3008   -0.2216
   -0.3275   -0.3691    0.8698
...   138 A-T ...
   -0.1292   66.2153   -7.8179
   -0.3749    0.8569    0.3537
   -0.8857   -0.2184   -0.4097
   -0.2739   -0.4669    0.8408
...   139 G-C ...
   -1.0029   65.6049   -4.9382
   -0.8337    0.5216    0.1812
   -0.5170   -0.6221   -0.5880
   -0.1940   -0.5840    0.7883
...   140 C-G ...
   -0.6939   63.8983   -2.2496
   -0.9992    0.0157   -0.0376
    0.0023   -0.8992   -0.4375
   -0.0406   -0.4373    0.8984
...   141 G-C ...
   -3.4330   60.2356    1.0303
   -0.4426    0.2288   -0.8671
    0.1684   -0.9285   -0.3310
   -0.8808   -0.2925    0.3724
...   142 C-G ...
   -6.3246   59.0803    1.6315
   -0.2968   -0.3279   -0.8969
    0.5658   -0.8170    0.1115
   -0.7693   -0.4743    0.4280
...   143 T-A ...
   -8.6730   58.7215    3.6048
   -0.0344   -0.7815   -0.6229
    0.6534   -0.4892    0.5777
   -0.7562   -0.3872    0.5275
...   144 C-G ...
  -11.6513   58.0073    4.7220
    0.2453   -0.9542   -0.1714
    0.6321    0.0234    0.7745
   -0.7350   -0.2984    0.6089
...   145 A-T ...
  -14.1724   56.5625    6.1820
    0.5795   -0.7268    0.3686
    0.3140    0.6165    0.7220
   -0.7520   -0.3027    0.5855
...   146 C-G ...
  -16.4613   53.8912    7.5170
    0.5336   -0.3333    0.7773
   -0.0346    0.9097    0.4138
   -0.8450   -0.2477    0.4739
...   147 A-T ...
  -19.0124   52.0327    8.9269
    0.2451    0.2906    0.9249
   -0.3073    0.9281   -0.2101
   -0.9195   -0.2327    0.3168
