  147 base-pairs
...     1 T-A ...
    0.0000    0.0000    0.0000
    1.0000    0.0000    0.0000
    0.0000    1.0000    0.0000
    0.0000    0.0000    1.0000
...     2 G-C ...
   -0.5555   -1.1003    3.3981
    0.7749    0.6051    0.1828
   -0.5991    0.7953   -0.0929
   -0.2016   -0.0375    0.9787
...     3 T-A ...
   -0.6619   -3.0237    6.5348
    0.3046    0.9250    0.2271
   -0.8994    0.3578   -0.2510
   -0.3134   -0.1278    0.9410
...     4 G-C ...
   -1.1607   -3.8418    9.6940
   -0.3351    0.9421    0.0133
   -0.8752   -0.3061   -0.3746
   -0.3489   -0.1372    0.9271
...     5 A-T ...
   -1.3881   -3.6770   12.8999
   -0.7835    0.6162   -0.0801
   -0.5677   -0.7622   -0.3109
   -0.2527   -0.1981    0.9470
...     6 G-C ...
   -2.6236   -3.5448   15.7072
   -0.9923    0.0611   -0.1075
   -0.0294   -0.9610   -0.2748
   -0.1201   -0.2695    0.9555
...     7 C-G ...
   -2.3138   -3.7570   18.8866
   -0.8620   -0.4995   -0.0864
    0.5008   -0.8655    0.0073
   -0.0785   -0.0370    0.9962
...     8 G-C ...
   -3.9561   -6.8109   23.3205
   -0.2581   -0.3560   -0.8981
    0.6294   -0.7673    0.1233
   -0.7330   -0.5335    0.4221
...     9 C-G ...
   -6.1177   -8.9414   24.2385
    0.1143   -0.7320   -0.6716
    0.8123   -0.3203    0.4874
   -0.5720   -0.6013    0.5580
...    10 T-A ...
   -8.5041   -9.6771   26.0540
    0.4660   -0.8587   -0.2131
    0.6274    0.1508    0.7640
   -0.6239   -0.4897    0.6090
...    11 C-G ...
  -11.0625  -11.3174   27.2336
    0.6660   -0.6911    0.2808
    0.3382    0.6152    0.7121
   -0.6649   -0.3794    0.6435
...    12 A-T ...
  -13.0013  -13.1789   29.0658
    0.7188   -0.1490    0.6790
   -0.1787    0.9043    0.3876
   -0.6718   -0.4000    0.6235
...    13 C-G ...
  -14.1788  -15.9359   31.3399
    0.4052    0.2865    0.8682
   -0.5270    0.8492   -0.0343
   -0.7470   -0.4437    0.4951
...    14 A-T ...
  -15.9532  -18.1566   33.3080
   -0.1503    0.6873    0.7107
   -0.6106    0.5008   -0.6135
   -0.7776   -0.5261    0.3444
...    15 A-T ...
  -18.4926  -19.7848   34.5207
   -0.4500    0.8723    0.1914
   -0.4151   -0.0146   -0.9096
   -0.7907   -0.4888    0.3687
...    16 T-A ...
  -20.8851  -21.2236   36.4414
   -0.6301    0.7024   -0.3312
   -0.0944   -0.4926   -0.8651
   -0.7708   -0.5138    0.3767
...    17 T-A ...
  -23.4019  -22.6442   38.0003
   -0.5935    0.2486   -0.7655
    0.3006   -0.8139   -0.4973
   -0.7466   -0.5252    0.4083
...    18 T-A ...
  -25.9603  -24.1151   39.4343
   -0.3227   -0.2910   -0.9007
    0.5925   -0.8041    0.0476
   -0.7381   -0.5183    0.4319
...    19 A-T ...
  -28.3138  -26.0537   41.1339
    0.1242   -0.8014   -0.5852
    0.6660   -0.3698    0.6478
   -0.7356   -0.4701    0.4878
...    20 T-A ...
  -31.1806  -27.3608   42.2766
    0.4304   -0.8955   -0.1134
    0.5082    0.1366    0.8504
   -0.7460   -0.4237    0.5138
...    21 T-A ...
  -33.7387  -28.7778   43.7132
    0.6204   -0.6473    0.4429
    0.1497    0.6521    0.7432
   -0.7699   -0.3948    0.5015
...    22 C-G ...
  -36.2996  -30.0379   45.3799
    0.6065   -0.1118    0.7872
   -0.2580    0.9088    0.3278
   -0.7521   -0.4019    0.5224
...    23 G-C ...
  -39.0670  -30.7645   47.2452
    0.4776    0.4787    0.7367
   -0.5614    0.8113   -0.1632
   -0.6758   -0.3356    0.6562
...    24 C-G ...
  -41.0274  -32.1424   49.4913
    0.1520    0.8540    0.4976
   -0.7248    0.4386   -0.5313
   -0.6720   -0.2799    0.6856
...    25 A-T ...
  -43.6213  -32.9020   51.4611
   -0.2426    0.9698    0.0258
   -0.6876   -0.1532   -0.7097
   -0.6843   -0.1899    0.7040
...    26 A-T ...
  -45.8256  -33.3347   53.8564
   -0.5846    0.7026   -0.4056
   -0.4299   -0.6922   -0.5797
   -0.6880   -0.1646    0.7068
...    27 A-T ...
  -47.9371  -33.5758   56.3363
   -0.7338    0.1603   -0.6602
   -0.0035   -0.9726   -0.2323
   -0.6793   -0.1681    0.7143
...    28 G-C ...
  -50.3919  -33.6509   58.6861
   -0.5831   -0.3900   -0.7126
    0.3812   -0.9060    0.1839
   -0.7174   -0.1644    0.6770
...    29 G-C ...
  -53.0967  -34.0350   60.8126
   -0.2081   -0.8411   -0.4992
    0.6386   -0.5034    0.5820
   -0.7409   -0.1977    0.6419
...    30 C-G ...
  -55.7712  -34.6452   62.6423
    0.2222   -0.9696   -0.1025
    0.6332    0.0636    0.7714
   -0.7414   -0.2363    0.6281
...    31 C-G ...
  -58.4633  -35.3346   64.5735
    0.5858   -0.7467    0.3151
    0.3916    0.6011    0.6967
   -0.7096   -0.2847    0.6445
...    32 G-C ...
  -60.5441  -35.9376   66.8306
    0.7708   -0.2813    0.5717
    0.0086    0.9017    0.4322
   -0.6371   -0.3282    0.6974
...    33 G-C ...
  -62.4111  -37.2154   69.3102
    0.6815    0.3035    0.6659
   -0.4412    0.8964    0.0429
   -0.5839   -0.3230    0.7448
...    34 C-G ...
  -64.0665  -38.5121   71.8395
    0.3412    0.7747    0.5323
   -0.7558    0.5628   -0.3347
   -0.5589   -0.2881    0.7776
...    35 C-G ...
  -65.6263  -39.2277   74.7949
   -0.1136    0.9741    0.1956
   -0.8313    0.0146   -0.5556
   -0.5441   -0.2257    0.8081
...    36 C-G ...
  -67.3149  -39.6961   77.6901
   -0.5440    0.8146   -0.2012
   -0.6420   -0.5584   -0.5254
   -0.5404   -0.1567    0.8267
...    37 G-C ...
  -69.4718  -40.9867   80.0437
   -0.7757    0.3563   -0.5209
   -0.2166   -0.9256   -0.3105
   -0.5928   -0.1280    0.7951
...    38 A-T ...
  -71.3048  -41.3513   82.6283
   -0.7501   -0.2664   -0.6054
    0.2953   -0.9539    0.0539
   -0.5918   -0.1384    0.7941
...    39 C-G ...
  -73.5481  -41.4430   84.9436
   -0.4543   -0.7265   -0.5156
    0.6398   -0.6688    0.3788
   -0.6200   -0.1578    0.7686
...    40 A-T ...
  -75.7034  -42.0876   87.4666
    0.0630   -0.9690   -0.2389
    0.7777   -0.1024    0.6203
   -0.6255   -0.2249    0.7471
...    41 C-G ...
  -78.0544  -43.1310   89.5598
    0.4922   -0.8657    0.0916
    0.6189    0.4220    0.6624
   -0.6121   -0.2693    0.7435
...    42 G-C ...
  -79.7867  -43.7528   92.3567
    0.8057   -0.4170    0.4208
    0.1811    0.8496    0.4953
   -0.5640   -0.3229    0.7600
...    43 A-T ...
  -81.6446  -44.8023   94.7221
    0.7565    0.1740    0.6304
   -0.3304    0.9336    0.1387
   -0.5644   -0.3132    0.7637
...    44 C-G ...
  -83.1480  -46.3768   97.2117
    0.4817    0.6665    0.5690
   -0.7007    0.6828   -0.2067
   -0.5263   -0.2992    0.7959
...    45 T-A ...
  -84.4346  -47.6429  100.3410
    0.0018    0.9512    0.3084
   -0.8567    0.1606   -0.4902
   -0.5158   -0.2634    0.8152
...    46 T-A ...
  -85.8840  -48.5034  103.0914
   -0.4717    0.8817   -0.0016
   -0.7107   -0.3813   -0.5912
   -0.5219   -0.2778    0.8065
...    47 A-T ...
  -87.8529  -49.6421  105.6130
   -0.8248    0.4163   -0.3825
   -0.2290   -0.8646   -0.4472
   -0.5169   -0.2813    0.8085
...    48 C-G ...
  -89.5843  -49.9007  108.4721
   -0.8070   -0.1143   -0.5793
    0.2521   -0.9539   -0.1629
   -0.5340   -0.2775    0.7986
...    49 T-A ...
  -91.6728  -50.5128  111.0780
   -0.4936   -0.5948   -0.6345
    0.6424   -0.7411    0.1950
   -0.5863   -0.3113    0.7479
...    50 G-C ...
  -93.6947  -51.7752  113.4855
    0.0448   -0.8662   -0.4977
    0.7999   -0.2673    0.5372
   -0.5984   -0.4222    0.6810
...    51 T-A ...
  -95.9862  -53.1547  115.2718
    0.4825   -0.8560   -0.1857
    0.6559    0.2126    0.7243
   -0.5805   -0.4712    0.6640
...    52 A-T ...
  -97.7327  -54.8650  117.5698
    0.8351   -0.5068    0.2142
    0.2159    0.6599    0.7197
   -0.5060   -0.5547    0.6605
...    53 G-C ...
  -99.4455  -56.7845  119.5634
    0.8705   -0.0266    0.4915
   -0.2707    0.8081    0.5231
   -0.4112   -0.5884    0.6962
...    54 G-C ...
 -100.3380  -59.3834  121.8867
    0.5879    0.4875    0.6455
   -0.7374    0.6510    0.1799
   -0.3326   -0.5818    0.7422
...    55 T-A ...
 -100.9015  -61.4263  124.4013
    0.1065    0.7594    0.6418
   -0.9438    0.2803   -0.1750
   -0.3128   -0.5871    0.7466
...    56 A-T ...
 -101.6146  -63.3479  127.1155
   -0.4861    0.7821    0.3900
   -0.8203   -0.2543   -0.5123
   -0.3015   -0.5689    0.7651
...    57 T-A ...
 -102.0363  -64.9058  130.0050
   -0.8606    0.5027    0.0815
   -0.4283   -0.6278   -0.6500
   -0.2755   -0.5943    0.7556
...    58 C-G ...
 -103.0046  -66.6946  132.7202
   -0.9380   -0.0141   -0.3463
    0.2219   -0.7921   -0.5687
   -0.2663   -0.6102    0.7461
...    59 T-A ...
 -104.2022  -68.5504  135.2726
   -0.6489   -0.4128   -0.6392
    0.6989   -0.6553   -0.2865
   -0.3006   -0.6326    0.7137
...    60 C-G ...
 -105.2127  -70.6391  137.7598
   -0.0886   -0.6980   -0.7106
    0.9531   -0.2667    0.1431
   -0.2894   -0.6646    0.6889
...    61 G-C ...
 -105.5994  -73.0511  140.0660
    0.4794   -0.5749   -0.6631
    0.8523    0.1247    0.5080
   -0.2094   -0.8086    0.5498
...    62 A-T ...
 -106.1986  -75.6161  142.0489
    0.8991   -0.3271   -0.2910
    0.4192    0.4514    0.7877
   -0.1262   -0.8302    0.5430
...    63 G-C ...
 -106.4476  -78.5550  143.5951
    0.9914    0.0356    0.1263
   -0.1259    0.5283    0.8397
   -0.0368   -0.8483    0.5282
...    64 C-G ...
 -106.1870  -81.6477  145.0243
    0.7312    0.3721    0.5718
   -0.6820    0.3768    0.6268
    0.0177   -0.8483    0.5293
...    65 T-A ...
 -105.9143  -84.4539  146.7427
    0.2347    0.5335    0.8126
   -0.9692    0.0639    0.2379
    0.0750   -0.8434    0.5320
...    66 C-G ...
 -105.9602  -87.0602  148.7450
   -0.4089    0.4497    0.7941
   -0.9016   -0.3335   -0.2754
    0.1410   -0.8286    0.5418
...    67 G-C ...
 -106.5164  -90.3450  150.1553
   -0.8694    0.1627    0.4665
   -0.4695   -0.5660   -0.6777
    0.1538   -0.8082    0.5685
...    68 G-C ...
 -105.8556  -93.0138  152.1789
   -0.9851   -0.1671   -0.0404
    0.1230   -0.5207   -0.8448
    0.1202   -0.8372    0.5335
...    69 G-C ...
 -105.4710  -95.7191  154.1246
   -0.7570   -0.3509   -0.5512
    0.6513   -0.3381   -0.6793
    0.0520   -0.8732    0.4845
...    70 A-T ...
 -105.4530  -98.5566  155.9259
   -0.2075   -0.4593   -0.8637
    0.9760   -0.0375   -0.2145
    0.0661   -0.8875    0.4561
...    71 T-A ...
 -105.8484 -101.4967  157.3563
    0.3322   -0.3709   -0.8672
    0.9396    0.2101    0.2701
    0.0820   -0.9046    0.4183
...    72 C-G ...
 -105.6792 -104.5819  158.5325
    0.8164   -0.1161   -0.5657
    0.5635    0.3747    0.7362
    0.1265   -0.9198    0.3714
...    73 C-G ...
 -105.3412 -107.6341  159.6845
    0.9601    0.2392   -0.1449
    0.0507    0.3607    0.9313
    0.2750   -0.9015    0.3342
...    74 G-C ...
 -104.1937 -110.4213  161.1742
    0.7723    0.5286    0.3524
   -0.4671    0.0965    0.8789
    0.4306   -0.8434    0.3214
...    75 C-G ...
 -102.1245 -113.0887  162.0327
    0.3519    0.4912    0.7968
   -0.8075   -0.2713    0.5238
    0.4735   -0.8277    0.3012
...    76 T-A ...
  -99.9257 -115.4939  163.4292
   -0.1753    0.2134    0.9611
   -0.8142   -0.5802   -0.0197
    0.5534   -0.7860    0.2755
...    77 T-A ...
  -97.8125 -117.8324  164.3710
   -0.5800   -0.2614    0.7715
   -0.5374   -0.5889   -0.6036
    0.6122   -0.7647    0.2011
...    78 T-A ...
  -95.5232 -120.0703  165.2440
   -0.7242   -0.6351    0.2687
   -0.1030   -0.2857   -0.9528
    0.6819   -0.7176    0.1415
...    79 A-T ...
  -92.8944 -122.1742  164.7336
   -0.5291   -0.7506   -0.3959
    0.3370    0.2423   -0.9098
    0.7788   -0.6148    0.1248
...    80 A-T ...
  -90.4146 -124.1660  165.2730
   -0.2183   -0.4672   -0.8568
    0.5482    0.6676   -0.5037
    0.8074   -0.5796    0.1104
...    81 C-G ...
  -88.0355 -126.5159  165.8185
    0.1006    0.0002   -0.9949
    0.5565    0.8289    0.0564
    0.8247   -0.5594    0.0832
...    82 A-T ...
  -85.2017 -128.3506  165.9727
    0.3097    0.5548   -0.7722
    0.4014    0.6599    0.6351
    0.8620   -0.5066   -0.0183
...    83 C-G ...
  -82.4504 -130.0785  165.2244
    0.4315    0.8476   -0.3089
    0.1967    0.2458    0.9492
    0.8804   -0.4703   -0.0606
...    84 T-A ...
  -79.2990 -131.5500  164.4223
    0.3757    0.8665    0.3288
   -0.0583   -0.3319    0.9415
    0.9249   -0.3729   -0.0742
...    85 T-A ...
  -76.2107 -132.5272  163.9274
    0.2962    0.4801    0.8257
   -0.2506   -0.7951    0.5522
    0.9217   -0.3705   -0.1152
...    86 T-A ...
  -73.0978 -133.4570  163.4273
    0.1335   -0.1027    0.9857
   -0.3775   -0.9249   -0.0452
    0.9163   -0.3660   -0.1623
...    87 A-T ...
  -70.0208 -134.9636  162.5425
   -0.0641   -0.7816    0.6205
   -0.3932   -0.5517   -0.7356
    0.9172   -0.2911   -0.2720
...    88 T-A ...
  -66.8025 -135.6282  162.2778
   -0.2469   -0.9534    0.1734
   -0.3165   -0.0898   -0.9443
    0.9159   -0.2880   -0.2795
...    89 G-C ...
  -63.7749 -136.7498  161.5420
   -0.4664   -0.7789   -0.4193
   -0.0754    0.5073   -0.8584
    0.8813   -0.3688   -0.2954
...    90 C-G ...
  -61.0159 -138.2985  160.6844
   -0.4743   -0.3456   -0.8097
    0.1645    0.8687   -0.4672
    0.8648   -0.3548   -0.3552
...    91 T-A ...
  -58.1240 -139.8632  159.6275
   -0.3489    0.2421   -0.9054
    0.4028    0.9110    0.0884
    0.8462   -0.3339   -0.4154
...    92 T-A ...
  -55.5372 -141.0348  158.1642
   -0.1377    0.7342   -0.6649
    0.5467    0.6161    0.5671
    0.8259   -0.2854   -0.4862
...    93 C-G ...
  -52.9345 -141.8501  156.3091
    0.1171    0.9796   -0.1633
    0.5509    0.0727    0.8314
    0.8263   -0.1873   -0.5311
...    94 C-G ...
  -50.2752 -142.2747  154.4218
    0.2857    0.8830    0.3724
    0.4348   -0.4657    0.7707
    0.8540   -0.0583   -0.5170
...    95 G-C ...
  -47.3659 -142.2427  153.2601
    0.3779    0.5039    0.7767
    0.2922   -0.8610    0.4164
    0.8785    0.0696   -0.4726
...    96 G-C ...
  -44.2359 -141.5594  152.1130
    0.4399   -0.0714    0.8952
    0.0884   -0.9885   -0.1223
    0.8937    0.1330   -0.4286
...    97 C-G ...
  -41.1230 -140.6593  151.1638
    0.3931   -0.6268    0.6728
   -0.1524   -0.7660   -0.6246
    0.9068    0.1430   -0.3966
...    98 T-A ...
  -38.0917 -140.0944  149.9275
    0.2546   -0.9459    0.2012
   -0.3305   -0.2807   -0.9011
    0.9088    0.1629   -0.3841
...    99 C-G ...
  -35.1982 -139.3235  148.5076
   -0.0004   -0.9134   -0.4070
   -0.4497    0.3637   -0.8158
    0.8932    0.1827   -0.4109
...   100 T-A ...
  -32.0945 -138.9873  147.2207
   -0.2907   -0.5648   -0.7723
   -0.3754    0.8098   -0.4509
    0.8801    0.1589   -0.4475
...   101 C-G ...
  -29.3118 -138.4096  145.6018
   -0.5031    0.0034   -0.8642
   -0.1463    0.9852    0.0890
    0.8517    0.1712   -0.4952
...   102 A-T ...
  -26.3294 -137.4926  144.2328
   -0.5987    0.5511   -0.5812
    0.1828    0.8005    0.5707
    0.7798    0.2354   -0.5800
...   103 T-A ...
  -24.0437 -136.9321  141.9732
   -0.4722    0.8657   -0.1662
    0.4760    0.4091    0.7785
    0.7419    0.2885   -0.6053
...   104 G-C ...
  -21.5972 -135.7007  139.8090
   -0.1738    0.8941    0.4127
    0.6972   -0.1843    0.6928
    0.6955    0.4081   -0.5914
...   105 T-A ...
  -19.7597 -133.9856  137.5419
    0.2320    0.6398    0.7327
    0.6929   -0.6374    0.3371
    0.6827    0.4295   -0.5912
...   106 T-A ...
  -17.7130 -132.4055  135.6354
    0.5983    0.1537    0.7864
    0.4434   -0.8810   -0.1652
    0.6674    0.4475   -0.5953
...   107 A-T ...
  -15.3828 -131.0646  133.4369
    0.7753   -0.4610    0.4317
   -0.0857   -0.7541   -0.6512
    0.6257    0.4679   -0.6242
...   108 T-A ...
  -13.2132 -129.0814  131.9443
    0.6357   -0.7719    0.0061
   -0.4818   -0.4029   -0.7781
    0.6032    0.4917   -0.6281
...   109 A-T ...
  -11.4763 -127.2364  129.5416
    0.1681   -0.8005   -0.5752
   -0.8048    0.2255   -0.5491
    0.5693    0.5552   -0.6063
...   110 A-T ...
   -9.5090 -125.4775  127.6882
   -0.3290   -0.5023   -0.7996
   -0.7638    0.6395   -0.0874
    0.5553    0.5820   -0.5941
...   111 C-G ...
   -7.2094 -123.9671  125.6637
   -0.7067   -0.0566   -0.7053
   -0.4529    0.8020    0.3894
    0.5436    0.5946   -0.5924
...   112 G-C ...
   -5.7378 -121.7076  123.7943
   -0.8937    0.3504   -0.2804
    0.0485    0.6966    0.7158
    0.4461    0.6261   -0.6395
...   113 G-C ...
   -4.6907 -119.5293  121.5607
   -0.7714    0.5966    0.2215
    0.5418    0.4329    0.7205
    0.3339    0.6758   -0.6571
...   114 A-T ...
   -3.6809 -117.1777  119.5142
   -0.2986    0.7147    0.6325
    0.9048    0.0012    0.4259
    0.3036    0.6994   -0.6470
...   115 G-C ...
   -3.2490 -114.4812  117.5030
    0.2223    0.5304    0.8181
    0.9295   -0.3686   -0.0135
    0.2944    0.7634   -0.5749
...   116 T-A ...
   -2.8091 -111.5929  115.8935
    0.6805    0.2228    0.6981
    0.6648   -0.5884   -0.4603
    0.3082    0.7773   -0.5485
...   117 A-T ...
   -1.8719 -108.6587  114.4022
    0.9263   -0.2149    0.3096
    0.1337   -0.5806   -0.8031
    0.3523    0.7853   -0.5091
...   118 T-A ...
   -0.6966 -105.7590  113.3819
    0.8658   -0.4724   -0.1650
   -0.3706   -0.3838   -0.8458
    0.3363    0.7934   -0.5073
...   119 A-T ...
    0.1650 -103.0226  111.4496
    0.4082   -0.5804   -0.7047
   -0.8566    0.0233   -0.5155
    0.3156    0.8140   -0.4876
...   120 A-T ...
    1.4830 -100.4265  109.9933
   -0.1686   -0.4663   -0.8684
   -0.9344    0.3560   -0.0098
    0.3137    0.8098   -0.4958
...   121 T-A ...
    3.0674  -98.0747  108.2251
   -0.6395   -0.1985   -0.7427
   -0.7005    0.5485    0.4566
    0.3167    0.8122   -0.4898
...   122 G-C ...
    4.1276  -95.2964  106.4491
   -0.9560    0.1244   -0.2658
   -0.1530    0.5616    0.8132
    0.2505    0.8180   -0.5178
...   123 T-A ...
    4.8299  -92.8578  104.3399
   -0.8969    0.3907    0.2072
    0.3718    0.4124    0.8317
    0.2395    0.8230   -0.5151
...   124 G-C ...
    5.5466  -90.0401  102.6112
   -0.5059    0.5076    0.6975
    0.8433    0.1206    0.5238
    0.1817    0.8531   -0.4890
...   125 T-A ...
    5.6544  -87.3168  100.8911
    0.0133    0.4568    0.8895
    0.9847   -0.1607    0.0678
    0.1739    0.8749   -0.4520
...   126 C-G ...
    6.1615  -84.4706   99.5420
    0.6001    0.2737    0.7517
    0.7831   -0.3927   -0.4822
    0.1632    0.8780   -0.4500
...   127 G-C ...
    7.2023  -81.7883   97.8077
    0.9001   -0.1113    0.4212
    0.3332   -0.4470   -0.8301
    0.2807    0.8876   -0.3653
...   128 A-T ...
    7.9883  -78.9216   96.6614
    0.9193   -0.3620   -0.1544
   -0.2735   -0.3056   -0.9120
    0.2829    0.8807   -0.3800
...   129 C-G ...
    9.2404  -75.9019   96.1406
    0.6133   -0.5082   -0.6046
   -0.7224   -0.0515   -0.6895
    0.3193    0.8597   -0.3987
...   130 C-G ...
   10.8458  -73.1959   94.8074
    0.0894   -0.5409   -0.8363
   -0.9241    0.2682   -0.2722
    0.3716    0.7972   -0.4759
...   131 A-T ...
   11.3061  -70.2282   93.1502
   -0.5144   -0.3234   -0.7942
   -0.7806    0.5599    0.2776
    0.3549    0.7628   -0.5405
...   132 A-T ...
   12.4982  -67.8446   91.2231
   -0.8745    0.0700   -0.4799
   -0.3239    0.6521    0.6854
    0.3609    0.7549   -0.5476
...   133 A-T ...
   13.7530  -65.6326   89.1444
   -0.8753    0.4836   -0.0007
    0.2600    0.4718    0.8425
    0.4077    0.7373   -0.5387
...   134 T-A ...
   14.7385  -63.4259   86.8200
   -0.5923    0.6747    0.4404
    0.6886    0.1401    0.7115
    0.4183    0.7247   -0.5475
...   135 G-C ...
   15.7317  -61.4928   83.9331
    0.0341    0.7400    0.6717
    0.8636   -0.3601    0.3528
    0.5030    0.5681   -0.6514
...   136 T-A ...
   15.7849  -59.5604   80.7993
    0.5517    0.4998    0.6677
    0.6739   -0.7388   -0.0038
    0.4915    0.4520   -0.7444
...   137 G-C ...
   16.8386  -57.7219   78.2676
    0.8528   -0.0848    0.5153
    0.1507   -0.9048   -0.3983
    0.5000    0.4173   -0.7588
...   138 A-T ...
   18.4283  -55.5287   76.5299
    0.8547   -0.5006    0.1371
   -0.3188   -0.7148   -0.6224
    0.4096    0.4883   -0.7706
...   139 G-C ...
   20.4260  -54.3094   74.5420
    0.5847   -0.7389   -0.3347
   -0.7593   -0.3533   -0.5465
    0.2856    0.5737   -0.7676
...   140 C-G ...
   21.4270  -51.8266   72.7876
    0.1304   -0.7144   -0.6875
   -0.8897    0.2216   -0.3991
    0.4375    0.6637   -0.6067
...   141 G-C ...
   22.1522  -50.1495   67.4640
   -0.4682   -0.8748    0.1248
   -0.8494    0.4066   -0.3364
    0.2435   -0.2635   -0.9334
...   142 C-G ...
   22.3489  -51.2414   64.4934
   -0.8528   -0.5119   -0.1032
   -0.4975    0.8565   -0.1374
    0.1587   -0.0659   -0.9851
...   143 T-A ...
   24.0167  -51.6379   61.9249
   -0.9562    0.0401   -0.2898
    0.0524    0.9980   -0.0348
    0.2878   -0.0485   -0.9564
...   144 C-G ...
   24.8959  -52.7396   58.9874
   -0.7529    0.5560   -0.3520
    0.5214    0.8304    0.1965
    0.4016   -0.0356   -0.9151
...   145 A-T ...
   25.5276  -52.9804   55.8054
   -0.2442    0.9563   -0.1610
    0.8906    0.2869    0.3528
    0.3836   -0.0573   -0.9217
...   146 C-G ...
   25.2779  -52.5123   52.0797
    0.3204    0.9427   -0.0929
    0.8825   -0.2614    0.3909
    0.3443   -0.2072   -0.9157
...   147 A-T ...
   25.6239  -52.5940   48.6396
    0.8597    0.5097    0.0339
    0.4496   -0.7865    0.4233
    0.2424   -0.3487   -0.9053
