  147 base-pairs
...     1 T-A ...
    0.0000    0.0000    0.0000
    1.0000    0.0000    0.0000
    0.0000    1.0000    0.0000
    0.0000    0.0000    1.0000
...     2 G-C ...
   -0.5555   -1.1003    3.3981
    0.7749    0.6051    0.1828
   -0.5991    0.7953   -0.0929
   -0.2016   -0.0375    0.9787
...     3 T-A ...
   -0.6619   -3.0237    6.5348
    0.3046    0.9250    0.2271
   -0.8994    0.3578   -0.2510
   -0.3134   -0.1278    0.9410
...     4 G-C ...
   -1.1607   -3.8418    9.6940
   -0.3351    0.9421    0.0133
   -0.8752   -0.3061   -0.3746
   -0.3489   -0.1372    0.9271
...     5 A-T ...
   -1.3881   -3.6770   12.8999
   -0.7835    0.6162   -0.0801
   -0.5677   -0.7622   -0.3109
   -0.2527   -0.1981    0.9470
...     6 G-C ...
   -2.6236   -3.5448   15.7072
   -0.9923    0.0611   -0.1075
   -0.0294   -0.9610   -0.2748
   -0.1201   -0.2695    0.9555
...     7 C-G ...
   -2.3138   -3.7570   18.8866
   -0.8620   -0.4995   -0.0864
    0.5008   -0.8655    0.0073
   -0.0785   -0.0370    0.9962
...     8 G-C ...
   -3.9561   -6.8109   23.3205
   -0.2581   -0.3560   -0.8981
    0.6294   -0.7673    0.1233
   -0.7330   -0.5335    0.4221
...     9 C-G ...
   -6.1177   -8.9414   24.2385
    0.1143   -0.7320   -0.6716
    0.8123   -0.3203    0.4874
   -0.5720   -0.6013    0.5580
...    10 T-A ...
   -8.5041   -9.6771   26.0540
    0.4660   -0.8587   -0.2131
    0.6274    0.1508    0.7640
   -0.6239   -0.4897    0.6090
...    11 C-G ...
  -11.0625  -11.3174   27.2336
    0.6660   -0.6911    0.2808
    0.3382    0.6152    0.7121
   -0.6649   -0.3794    0.6435
...    12 A-T ...
  -13.0013  -13.1789   29.0658
    0.7188   -0.1490    0.6790
   -0.1787    0.9043    0.3876
   -0.6718   -0.4000    0.6235
...    13 C-G ...
  -14.1788  -15.9359   31.3399
    0.4052    0.2865    0.8682
   -0.5270    0.8492   -0.0343
   -0.7470   -0.4437    0.4951
...    14 A-T ...
  -15.9532  -18.1566   33.3080
   -0.1503    0.6873    0.7107
   -0.6106    0.5008   -0.6135
   -0.7776   -0.5261    0.3444
...    15 A-T ...
  -18.3957  -19.8466   34.6140
   -0.4593    0.8644    0.2045
   -0.4121   -0.0034   -0.9111
   -0.7869   -0.5028    0.3578
...    16 T-A ...
  -20.7783  -21.2550   36.3942
   -0.5940    0.7440   -0.3061
   -0.1203   -0.4583   -0.8806
   -0.7954   -0.4863    0.3617
...    17 T-A ...
  -23.3957  -22.6452   37.7376
   -0.5499    0.3276   -0.7683
    0.2442   -0.8166   -0.5230
   -0.7987   -0.4752    0.3691
...    18 T-A ...
  -26.0968  -23.9430   39.0256
   -0.3132   -0.2356   -0.9200
    0.5181   -0.8543    0.0424
   -0.7960   -0.4633    0.3896
...    19 A-T ...
  -28.4614  -25.8651   40.6193
    0.0768   -0.7758   -0.6262
    0.5988   -0.4663    0.6512
   -0.7972   -0.4250    0.4287
...    20 T-A ...
  -31.4539  -27.0278   41.4875
    0.3627   -0.9156   -0.1736
    0.4711    0.0194    0.8819
   -0.8041   -0.4016    0.4384
...    21 T-A ...
  -34.2122  -28.3146   42.6768
    0.5430   -0.7331    0.4096
    0.1711    0.5741    0.8007
   -0.8221   -0.3647    0.4372
...    22 C-G ...
  -36.9607  -29.5425   44.0708
    0.5466   -0.2155    0.8092
   -0.1934    0.9077    0.3724
   -0.8148   -0.3600    0.4545
...    23 G-C ...
  -39.8599  -30.2874   45.7016
    0.4100    0.3952    0.8221
   -0.4817    0.8591   -0.1728
   -0.7745   -0.3252    0.5426
...    24 C-G ...
  -42.1716  -31.6333   47.7030
    0.1040    0.8268    0.5527
   -0.6314    0.4843   -0.6056
   -0.7684   -0.2860    0.5724
...    25 A-T ...
  -44.9280  -32.4100   49.4762
   -0.2110    0.9772    0.0241
   -0.5909   -0.1079   -0.7995
   -0.7786   -0.1830    0.6002
...    26 A-T ...
  -47.3612  -32.8609   51.5844
   -0.5106    0.7284   -0.4569
   -0.3582   -0.6632   -0.6571
   -0.7817   -0.1718    0.5996
...    27 A-T ...
  -49.8787  -33.1829   53.6211
   -0.6223    0.1975   -0.7575
    0.0057   -0.9665   -0.2566
   -0.7828   -0.1640    0.6003
...    28 G-C ...
  -52.6045  -33.4033   55.5562
   -0.4697   -0.3625   -0.8050
    0.3327   -0.9173    0.2189
   -0.8177   -0.1650    0.5515
...    29 G-C ...
  -55.5737  -33.7969   57.1770
   -0.1389   -0.8071   -0.5739
    0.5166   -0.5535    0.6533
   -0.8449   -0.2057    0.4938
...    30 C-G ...
  -58.6200  -34.3912   58.4555
    0.2076   -0.9713   -0.1158
    0.4931    0.0017    0.8700
   -0.8448   -0.2377    0.4793
...    31 C-G ...
  -61.5579  -35.3503   59.8626
    0.5091   -0.7774    0.3693
    0.2684    0.5511    0.7901
   -0.8178   -0.3031    0.4892
...    32 G-C ...
  -64.2107  -36.0792   61.8703
    0.6419   -0.2735    0.7164
   -0.1007    0.8961    0.4323
   -0.7602   -0.3496    0.5476
...    33 G-C ...
  -66.6688  -37.4627   63.7432
    0.5255    0.3130    0.7911
   -0.4607    0.8864   -0.0447
   -0.7153   -0.3409    0.6101
...    34 C-G ...
  -68.7614  -38.8714   65.9397
    0.1997    0.7738    0.6012
   -0.6848    0.5490   -0.4791
   -0.7008   -0.3160    0.6396
...    35 C-G ...
  -70.9417  -39.8464   68.3461
   -0.1723    0.9699    0.1720
   -0.6952    0.0040   -0.7188
   -0.6979   -0.2435    0.6736
...    36 C-G ...
  -73.1933  -40.4099   70.8258
   -0.4833    0.8158   -0.3176
   -0.4928   -0.5534   -0.6715
   -0.7236   -0.1680    0.6695
...    37 G-C ...
  -75.8689  -41.1494   72.7890
   -0.6047    0.3518   -0.7145
   -0.1395   -0.9301   -0.3399
   -0.7841   -0.1059    0.6115
...    38 A-T ...
  -78.4811  -41.3965   74.8026
   -0.5414   -0.2855   -0.7908
    0.2533   -0.9523    0.1704
   -0.8017   -0.1080    0.5879
...    39 C-G ...
  -81.3724  -41.2111   76.4652
   -0.2929   -0.7551   -0.5866
    0.4996   -0.6439    0.5795
   -0.8153   -0.1233    0.5658
...    40 A-T ...
  -83.9962  -41.7715   78.5000
    0.1392   -0.9740   -0.1787
    0.5531   -0.0732    0.8299
   -0.8214   -0.2144    0.5286
...    41 C-G ...
  -86.9979  -42.6059   79.6802
    0.4430   -0.8498    0.2857
    0.3769    0.4657    0.8007
   -0.8135   -0.2470    0.5265
...    42 G-C ...
  -89.5456  -43.2924   81.8294
    0.6605   -0.3885    0.6425
    0.0140    0.8619    0.5068
   -0.7507   -0.3258    0.5748
...    43 A-T ...
  -91.9668  -44.4519   83.7588
    0.5489    0.2284    0.8041
   -0.4063    0.9135    0.0179
   -0.7305   -0.3365    0.5943
...    44 C-G ...
  -93.9880  -46.0526   85.8874
    0.2483    0.6970    0.6727
   -0.6525    0.6336   -0.4157
   -0.7160   -0.3357    0.6121
...    45 T-A ...
  -96.1460  -47.1701   88.1912
   -0.1334    0.9441    0.3014
   -0.6983    0.1262   -0.7046
   -0.7032   -0.3045    0.6425
...    46 T-A ...
  -98.2536  -48.1608   90.4810
   -0.5494    0.8200   -0.1603
   -0.4714   -0.4626   -0.7508
   -0.6899   -0.3369    0.6408
...    47 A-T ...
 -100.6838  -49.7453   92.3148
   -0.7496    0.2829   -0.5984
    0.0350   -0.8858   -0.4627
   -0.6610   -0.3678    0.6541
...    48 C-G ...
 -103.0208  -50.3598   94.6394
   -0.5944   -0.2423   -0.7668
    0.4419   -0.8951   -0.0597
   -0.6719   -0.3743    0.6391
...    49 T-A ...
 -105.4845  -51.4028   96.6550
   -0.2070   -0.6738   -0.7093
    0.6930   -0.6128    0.3799
   -0.6906   -0.4129    0.5938
...    50 G-C ...
 -107.6613  -52.9916   98.6748
    0.3171   -0.8538   -0.4130
    0.6689   -0.1073    0.7355
   -0.6723   -0.5095    0.5371
...    51 T-A ...
 -110.1715  -54.7771   99.8972
    0.6600   -0.7509    0.0233
    0.3879    0.3672    0.8454
   -0.6434   -0.5489    0.5336
...    52 A-T ...
 -112.2123  -56.5695  101.8966
    0.8039   -0.3187    0.5022
   -0.1257    0.7343    0.6671
   -0.5814   -0.5994    0.5502
...    53 G-C ...
 -113.9498  -58.8105  103.6484
    0.6374    0.1806    0.7490
   -0.5682    0.7668    0.2986
   -0.5204   -0.6160    0.5914
...    54 G-C ...
 -115.3487  -60.9633  105.8627
    0.2321    0.6257    0.7447
   -0.8561    0.4949   -0.1490
   -0.4618   -0.6030    0.6505
...    55 T-A ...
 -116.2984  -63.0669  108.2949
   -0.2772    0.7975    0.5358
   -0.8488    0.0580   -0.5255
   -0.4502   -0.6005    0.6609
...    56 A-T ...
 -118.3051  -65.3731  109.9707
   -0.8315    0.5496    0.0809
   -0.4029   -0.4964   -0.7689
   -0.3825   -0.6719    0.6342
...    57 T-A ...
 -119.4049  -67.1456  112.5709
   -0.9306    0.1770   -0.3205
    0.1080   -0.7038   -0.7022
   -0.3498   -0.6880    0.6358
...    58 C-G ...
 -120.5409  -69.3685  114.7697
   -0.6605   -0.2925   -0.6915
    0.6692   -0.6469   -0.3657
   -0.3404   -0.7043    0.6230
...    59 T-A ...
 -121.9369  -71.5937  116.8521
   -0.1562   -0.5602   -0.8135
    0.9273   -0.3669    0.0746
   -0.3402   -0.7427    0.5768
...    60 C-G ...
 -123.1133  -73.9995  118.7857
    0.4560   -0.6245   -0.6341
    0.8364    0.0572    0.5452
   -0.3042   -0.7789    0.5484
...    61 G-C ...
 -123.8299  -76.6159  120.8303
    0.8893   -0.3486   -0.2960
    0.4238    0.3851    0.8198
   -0.1718   -0.8545    0.4902
...    62 A-T ...
 -124.2826  -79.4736  122.3700
    0.9758    0.0106    0.2185
   -0.1953    0.4925    0.8481
   -0.0987   -0.8703    0.4826
...    63 G-C ...
 -124.3171  -82.4736  123.7993
    0.7143    0.3503    0.6059
   -0.6998    0.3663    0.6132
   -0.0072   -0.8620    0.5068
...    64 C-G ...
 -123.7689  -85.3138  125.4738
    0.1930    0.5256    0.8286
   -0.9799    0.0600    0.1902
    0.0502   -0.8486    0.5266
...    65 T-A ...
 -123.2564  -88.0031  127.3983
   -0.3931    0.4875    0.7796
   -0.9150   -0.2912   -0.2793
    0.0909   -0.8231    0.5605
...    66 C-G ...
 -122.9307  -90.6371  129.4040
   -0.8758    0.1776    0.4488
   -0.4674   -0.5441   -0.6968
    0.1205   -0.8200    0.5595
...    67 G-C ...
 -122.6504  -93.6882  130.8772
   -0.9827   -0.1663   -0.0820
    0.1607   -0.5426   -0.8245
    0.0926   -0.8234    0.5599
...    68 G-C ...
 -122.2819  -96.3545  132.9758
   -0.7109   -0.4102   -0.5713
    0.6990   -0.3227   -0.6382
    0.0774   -0.8530    0.5161
...    69 G-C ...
 -122.0691  -99.1173  134.9636
   -0.1911   -0.4502   -0.8723
    0.9767    0.0012   -0.2145
    0.0976   -0.8929    0.4395
...    70 A-T ...
 -121.7828 -101.9953  136.5237
    0.4252   -0.3024   -0.8531
    0.8932    0.2926    0.3415
    0.1463   -0.9072    0.3945
...    71 T-A ...
 -121.7672 -105.1393  137.4078
    0.8140   -0.0699   -0.5767
    0.5512    0.4063    0.7287
    0.1834   -0.9110    0.3693
...    72 C-G ...
 -121.0526 -108.1287  138.5134
    0.9629    0.2621   -0.0647
   -0.0302    0.3429    0.9389
    0.2682   -0.9021    0.3381
...    73 C-G ...
 -119.7039 -111.0822  139.4106
    0.7468    0.5079    0.4293
   -0.5356    0.0766    0.8410
    0.3943   -0.8580    0.3292
...    74 G-C ...
 -118.2474 -113.6913  141.0563
    0.2536    0.5415    0.8016
   -0.8157   -0.3257    0.4781
    0.5200   -0.7750    0.3591
...    75 C-G ...
 -116.1001 -115.9001  142.4104
   -0.2658    0.2674    0.9262
   -0.7843   -0.6187   -0.0464
    0.5606   -0.7387    0.3742
...    76 T-A ...
 -114.0401 -118.1088  143.8889
   -0.6641   -0.1354    0.7353
   -0.4691   -0.6903   -0.5509
    0.5821   -0.7108    0.3949
...    77 T-A ...
 -111.9383 -120.1716  145.3451
   -0.7550   -0.5963    0.2729
    0.0249   -0.4420   -0.8967
    0.6553   -0.6701    0.3485
...    78 C-G ...
 -109.6767 -122.2957  146.5849
   -0.5570   -0.7547   -0.3467
    0.4733    0.0545   -0.8792
    0.6824   -0.6538    0.3269
...    79 A-T ...
 -107.0533 -124.2238  147.4299
   -0.1919   -0.5167   -0.8344
    0.6928    0.5308   -0.4881
    0.6951   -0.6718    0.2561
...    80 T-A ...
 -105.2599 -126.7970  148.4362
    0.1876   -0.1532   -0.9702
    0.6767    0.7361    0.0146
    0.7119   -0.6593    0.2418
...    81 G-C ...
 -102.6845 -128.8541  149.1571
    0.4294    0.3971   -0.8112
    0.4505    0.6843    0.5734
    0.7828   -0.6116    0.1150
...    82 T-A ...
 -100.2834 -131.0682  148.9586
    0.5395    0.7468   -0.3890
    0.1620    0.3613    0.9183
    0.8263   -0.5584    0.0739
...    83 T-A ...
  -97.5486 -132.7805  149.0072
    0.4822    0.8518    0.2048
   -0.1510   -0.1495    0.9772
    0.8630   -0.5021    0.0565
...    84 A-T ...
  -94.5475 -134.2538  149.4076
    0.2170    0.6185    0.7553
   -0.3515   -0.6723    0.6515
    0.9107   -0.4068    0.0716
...    85 T-A ...
  -91.3188 -134.9680  149.3640
    0.0111    0.1676    0.9858
   -0.3934   -0.9056    0.1584
    0.9193   -0.3896    0.0559
...    86 A-T ...
  -88.4417 -136.9195  149.3225
   -0.1568   -0.5528    0.8184
   -0.2970   -0.7639   -0.5729
    0.9419   -0.3329   -0.0444
...    87 A-T ...
  -85.2589 -137.7228  149.3764
   -0.2198   -0.9307    0.2923
   -0.1639   -0.2601   -0.9516
    0.9617   -0.2571   -0.0954
...    88 C-G ...
  -81.9781 -138.5043  149.6732
   -0.2562   -0.9232   -0.2865
   -0.0317    0.3043   -0.9521
    0.9661   -0.2348   -0.1072
...    89 G-C ...
  -78.6626 -138.7494  148.9548
   -0.2996   -0.5453   -0.7828
    0.0757    0.8044   -0.5893
    0.9510   -0.2358   -0.1997
...    90 G-C ...
  -75.4115 -139.6042  148.5205
   -0.2977    0.0221   -0.9544
    0.1961    0.9798   -0.0385
    0.9343   -0.1986   -0.2960
...    91 A-T ...
  -72.3485 -140.2771  147.6050
   -0.1970    0.6089   -0.7684
    0.3209    0.7807    0.5363
    0.9264   -0.1410   -0.3492
...    92 T-A ...
  -69.6324 -141.0398  145.9782
   -0.0555    0.9251   -0.3757
    0.3823    0.3673    0.8479
    0.9224   -0.0965   -0.3740
...    93 T-A ...
  -66.7321 -141.2341  144.5831
    0.1094    0.9749    0.1938
    0.3713   -0.2209    0.9018
    0.9220   -0.0268   -0.3862
...    94 A-T ...
  -63.6298 -140.9492  143.3506
    0.1964    0.6596    0.7255
    0.3060   -0.7442    0.5937
    0.9316    0.1054   -0.3480
...    95 A-T ...
  -60.6637 -140.2952  142.1915
    0.3457    0.1022    0.9328
    0.1617   -0.9857    0.0481
    0.9243    0.1342   -0.3573
...    96 C-G ...
  -57.6419 -139.1701  141.2314
    0.3809   -0.4494    0.8080
   -0.0238   -0.8784   -0.4774
    0.9243    0.1627   -0.3453
...    97 A-T ...
  -54.5996 -138.8712  139.8947
    0.2674   -0.8944    0.3586
   -0.2276   -0.4202   -0.8784
    0.9363    0.1533   -0.3160
...    98 C-G ...
  -51.3203 -138.2036  139.4421
    0.1110   -0.9760   -0.1876
   -0.3437    0.1394   -0.9287
    0.9325    0.1675   -0.3200
...    99 T-A ...
  -48.1116 -137.7572  138.5986
   -0.1243   -0.7385   -0.6627
   -0.3618    0.6557   -0.6627
    0.9239    0.1574   -0.3486
...   100 T-A ...
  -45.0243 -137.3703  137.6415
   -0.3059   -0.2078   -0.9291
   -0.2463    0.9599   -0.1336
    0.9196    0.1880   -0.3448
...   101 T-A ...
  -42.0144 -136.9312  136.5189
   -0.4164    0.3841   -0.8241
   -0.0372    0.8984    0.4375
    0.9084    0.2128   -0.3598
...   102 A-T ...
  -39.0500 -136.0417  135.2412
   -0.4673    0.8088   -0.3569
    0.2378    0.5038    0.8304
    0.8515    0.3032   -0.4278
...   103 T-A ...
  -36.5899 -135.1752  133.2683
   -0.3105    0.9416    0.1304
    0.4518    0.0255    0.8917
    0.8363    0.3358   -0.4334
...   104 G-C ...
  -33.8137 -133.7103  132.0522
   -0.0917    0.7355    0.6712
    0.5985   -0.4980    0.6275
    0.7959    0.4593   -0.3945
...   105 C-G ...
  -31.4851 -131.7000  130.7506
    0.2254    0.3115    0.9231
    0.5824   -0.8027    0.1287
    0.7811    0.5086   -0.3623
...   106 T-A ...
  -29.0337 -129.6586  129.7478
    0.4800   -0.2030    0.8535
    0.3986   -0.8162   -0.4183
    0.7815    0.5410   -0.3108
...   107 T-A ...
  -26.6127 -127.6378  128.8906
    0.6590   -0.6242    0.4198
    0.0313   -0.5348   -0.8444
    0.7515    0.5695   -0.3329
...   108 C-G ...
  -24.1053 -125.7090  127.8919
    0.5422   -0.8184   -0.1903
   -0.3820   -0.0384   -0.9234
    0.7484    0.5733   -0.3334
...   109 C-G ...
  -21.4551 -123.7933  126.9748
    0.1845   -0.7268   -0.6616
   -0.6229    0.4342   -0.6507
    0.7602    0.5322   -0.3726
...   110 G-C ...
  -19.2429 -121.6554  125.5460
   -0.2857   -0.3885   -0.8760
   -0.6221    0.7705   -0.1389
    0.7290    0.5053   -0.4619
...   111 G-C ...
  -16.6804 -120.1159  123.9777
   -0.6500    0.0622   -0.7574
   -0.3571    0.8548    0.3766
    0.6708    0.5153   -0.5333
...   112 C-G ...
  -14.4452 -118.7504  121.9392
   -0.7783    0.4934   -0.3883
    0.0661    0.6795    0.7307
    0.6244    0.5431   -0.5615
...   113 T-A ...
  -12.6224 -116.9878  119.7973
   -0.6683    0.7353    0.1131
    0.4925    0.3232    0.8081
    0.5576    0.5957   -0.5781
...   114 C-G ...
  -10.9580 -114.9060  117.8815
   -0.2682    0.7552    0.5981
    0.8082   -0.1616    0.5664
    0.5244    0.6352   -0.5670
...   115 G-C ...
   -8.9736 -112.6425  116.3396
    0.1874    0.4555    0.8703
    0.8492   -0.5204    0.0895
    0.4937    0.7223   -0.4843
...   116 T-A ...
   -7.8322 -109.8380  114.9338
    0.6052    0.0875    0.7912
    0.6212   -0.6734   -0.4007
    0.4978    0.7341   -0.4619
...   117 A-T ...
   -6.0319 -107.5971  113.1307
    0.8720   -0.3561    0.3359
    0.0836   -0.5678   -0.8189
    0.4824    0.7421   -0.4654
...   118 T-A ...
   -4.4007 -104.8559  112.2270
    0.7946   -0.5887   -0.1481
   -0.3857   -0.3012   -0.8721
    0.4688    0.7501   -0.4664
...   119 A-T ...
   -3.1915 -102.3034  110.3274
    0.3595   -0.6302   -0.6882
   -0.8164    0.1448   -0.5591
    0.4520    0.7628   -0.4624
...   120 A-T ...
   -1.5163  -99.8883  108.9292
   -0.1843   -0.4163   -0.8904
   -0.8764    0.4797   -0.0428
    0.4449    0.7724   -0.4532
...   121 T-A ...
    0.4526  -97.7733  107.3405
   -0.6129   -0.1092   -0.7826
   -0.6555    0.6234    0.4263
    0.4413    0.7742   -0.4536
...   122 G-C ...
    1.6322  -94.9965  105.8714
   -0.9192    0.2042   -0.3366
   -0.1588    0.5899    0.7917
    0.3603    0.7812   -0.5099
...   123 T-A ...
    2.6463  -92.7316  103.6637
   -0.8719    0.4635    0.1583
    0.3624    0.3932    0.8450
    0.3294    0.7941   -0.5107
...   124 G-C ...
    3.6797  -89.8779  102.2315
   -0.5187    0.5320    0.6692
    0.8160    0.0745    0.5733
    0.2551    0.8435   -0.4727
...   125 T-A ...
    3.8863  -87.0185  100.5269
   -0.0037    0.4661    0.8847
    0.9687   -0.2179    0.1188
    0.2482    0.8575   -0.4507
...   126 C-G ...
    4.6145  -84.1156   99.1335
    0.5763    0.2195    0.7872
    0.7769   -0.4460   -0.4444
    0.2536    0.8677   -0.4276
...   127 G-C ...
    5.7786  -81.3601   97.5549
    0.8898   -0.1642    0.4259
    0.3100   -0.4676   -0.8278
    0.3351    0.8685   -0.3652
...   128 A-T ...
    6.8672  -78.4521   96.4441
    0.8862   -0.4389   -0.1481
   -0.2878   -0.2712   -0.9185
    0.3630    0.8566   -0.3666
...   129 C-G ...
    8.3822  -75.5635   95.7893
    0.5811   -0.5418   -0.6073
   -0.7158    0.0150   -0.6982
    0.3874    0.8404   -0.3790
...   130 C-G ...
    9.9708  -72.8381   94.5690
    0.0475   -0.5118   -0.8578
   -0.9083    0.3353   -0.2503
    0.4157    0.7910   -0.4489
...   131 A-T ...
   11.1079  -70.1117   92.9763
   -0.5333   -0.2904   -0.7945
   -0.7492    0.5983    0.2842
    0.3929    0.7468   -0.5366
...   132 A-T ...
   12.4930  -67.8534   91.0924
   -0.8695    0.1180   -0.4796
   -0.2926    0.6593    0.6926
    0.3980    0.7426   -0.5387
...   133 A-T ...
   13.7624  -65.5891   89.1285
   -0.8692    0.4943    0.0112
    0.2759    0.4661    0.8406
    0.4104    0.7337   -0.5415
...   134 T-A ...
   14.7385  -63.4257   86.8199
   -0.5923    0.6747    0.4404
    0.6886    0.1401    0.7115
    0.4183    0.7247   -0.5475
...   135 G-C ...
   15.7317  -61.4927   83.9330
    0.0341    0.7400    0.6717
    0.8636   -0.3601    0.3528
    0.5030    0.5681   -0.6514
...   136 T-A ...
   15.7849  -59.5603   80.7992
    0.5517    0.4998    0.6677
    0.6739   -0.7388   -0.0038
    0.4915    0.4520   -0.7444
...   137 G-C ...
   16.8386  -57.7218   78.2675
    0.8528   -0.0848    0.5153
    0.1507   -0.9048   -0.3983
    0.5000    0.4173   -0.7588
...   138 A-T ...
   18.4283  -55.5286   76.5298
    0.8547   -0.5006    0.1371
   -0.3188   -0.7148   -0.6224
    0.4096    0.4883   -0.7706
...   139 G-C ...
   20.4260  -54.3092   74.5419
    0.5847   -0.7389   -0.3347
   -0.7593   -0.3533   -0.5465
    0.2856    0.5737   -0.7676
...   140 C-G ...
   21.4270  -51.8265   72.7875
    0.1304   -0.7144   -0.6875
   -0.8897    0.2216   -0.3991
    0.4375    0.6637   -0.6067
...   141 G-C ...
   22.1522  -50.1494   67.4640
   -0.4682   -0.8748    0.1248
   -0.8494    0.4066   -0.3364
    0.2435   -0.2635   -0.9334
...   142 C-G ...
   22.3489  -51.2413   64.4933
   -0.8528   -0.5119   -0.1032
   -0.4975    0.8565   -0.1374
    0.1587   -0.0659   -0.9851
...   143 T-A ...
   24.0167  -51.6377   61.9248
   -0.9562    0.0401   -0.2898
    0.0524    0.9980   -0.0348
    0.2878   -0.0485   -0.9564
...   144 C-G ...
   24.8959  -52.7394   58.9873
   -0.7529    0.5560   -0.3520
    0.5214    0.8304    0.1965
    0.4016   -0.0356   -0.9151
...   145 A-T ...
   25.5276  -52.9802   55.8053
   -0.2442    0.9563   -0.1610
    0.8906    0.2869    0.3528
    0.3836   -0.0573   -0.9217
...   146 C-G ...
   25.2779  -52.5121   52.0796
    0.3204    0.9427   -0.0929
    0.8825   -0.2614    0.3909
    0.3443   -0.2072   -0.9157
...   147 A-T ...
   25.6239  -52.5939   48.6395
    0.8597    0.5097    0.0339
    0.4496   -0.7865    0.4233
    0.2425   -0.3487   -0.9053
