  147 base-pairs
...     1 T-A ...
    0.0000    0.0000    0.0000
    1.0000    0.0000    0.0000
    0.0000    1.0000    0.0000
    0.0000    0.0000    1.0000
...     2 G-C ...
   -0.5555   -1.1003    3.3981
    0.7749    0.6051    0.1828
   -0.5991    0.7953   -0.0929
   -0.2016   -0.0375    0.9787
...     3 T-A ...
   -0.6619   -3.0237    6.5348
    0.3046    0.9250    0.2271
   -0.8994    0.3578   -0.2510
   -0.3134   -0.1278    0.9410
...     4 G-C ...
   -1.1607   -3.8418    9.6940
   -0.3351    0.9421    0.0133
   -0.8752   -0.3061   -0.3746
   -0.3489   -0.1372    0.9271
...     5 A-T ...
   -1.3881   -3.6770   12.8999
   -0.7835    0.6162   -0.0801
   -0.5677   -0.7622   -0.3109
   -0.2527   -0.1981    0.9470
...     6 G-C ...
   -2.6236   -3.5448   15.7072
   -0.9923    0.0611   -0.1075
   -0.0294   -0.9610   -0.2748
   -0.1201   -0.2695    0.9555
...     7 C-G ...
   -2.3138   -3.7570   18.8866
   -0.8620   -0.4995   -0.0864
    0.5008   -0.8655    0.0073
   -0.0785   -0.0370    0.9962
...     8 G-C ...
   -3.9561   -6.8109   23.3205
   -0.2581   -0.3560   -0.8981
    0.6294   -0.7673    0.1233
   -0.7330   -0.5335    0.4221
...     9 C-G ...
   -6.1177   -8.9414   24.2385
    0.1143   -0.7320   -0.6716
    0.8123   -0.3203    0.4874
   -0.5720   -0.6013    0.5580
...    10 T-A ...
   -8.5041   -9.6771   26.0540
    0.4660   -0.8587   -0.2131
    0.6274    0.1508    0.7640
   -0.6239   -0.4897    0.6090
...    11 C-G ...
  -11.0625  -11.3174   27.2336
    0.6660   -0.6911    0.2808
    0.3382    0.6152    0.7121
   -0.6649   -0.3794    0.6435
...    12 A-T ...
  -13.0013  -13.1789   29.0658
    0.7188   -0.1490    0.6790
   -0.1787    0.9043    0.3876
   -0.6718   -0.4000    0.6235
...    13 C-G ...
  -14.1788  -15.9359   31.3399
    0.4052    0.2865    0.8682
   -0.5270    0.8492   -0.0343
   -0.7470   -0.4437    0.4951
...    14 A-T ...
  -15.9532  -18.1566   33.3080
   -0.1503    0.6873    0.7107
   -0.6106    0.5008   -0.6135
   -0.7776   -0.5261    0.3444
...    15 A-T ...
  -18.3922  -19.8453   34.6182
   -0.4557    0.8655    0.2079
   -0.4143    0.0005   -0.9102
   -0.7878   -0.5009    0.3583
...    16 T-A ...
  -20.7740  -21.2478   36.3998
   -0.5900    0.7494   -0.3003
   -0.1262   -0.4530   -0.8825
   -0.7975   -0.4828    0.3619
...    17 T-A ...
  -23.3968  -22.6220   37.7441
   -0.5486    0.3409   -0.7634
    0.2336   -0.8142   -0.5315
   -0.8028   -0.4699    0.3670
...    18 T-A ...
  -26.1099  -23.8975   39.0238
   -0.3183   -0.2176   -0.9227
    0.5061   -0.8620    0.0287
   -0.8016   -0.4578    0.3845
...    19 A-T ...
  -28.5281  -25.7799   40.5528
    0.0649   -0.7579   -0.6491
    0.5910   -0.4950    0.6370
   -0.8041   -0.4250    0.4158
...    20 T-A ...
  -31.5378  -26.9213   41.3821
    0.3477   -0.9151   -0.2040
    0.4712   -0.0175    0.8818
   -0.8106   -0.4028    0.4251
...    21 T-A ...
  -34.3171  -28.2047   42.5221
    0.5307   -0.7570    0.3812
    0.1819    0.5410    0.8211
   -0.8278   -0.3664    0.4248
...    22 C-G ...
  -37.0800  -29.4417   43.8709
    0.5445   -0.2582    0.7980
   -0.1757    0.8952    0.4095
   -0.8202   -0.3632    0.4421
...    23 G-C ...
  -39.9814  -30.2033   45.4755
    0.4217    0.3501    0.8364
   -0.4644    0.8757   -0.1324
   -0.7788   -0.3326    0.5319
...    24 C-G ...
  -42.3095  -31.5890   47.4231
    0.1263    0.7977    0.5896
   -0.6232    0.5263   -0.5785
   -0.7718   -0.2944    0.5636
...    25 A-T ...
  -45.0614  -32.3874   49.1856
   -0.1833    0.9803    0.0738
   -0.5991   -0.0519   -0.7990
   -0.7794   -0.1907    0.5968
...    26 A-T ...
  -47.4889  -32.8704   51.2909
   -0.4900    0.7670   -0.4143
   -0.3835   -0.6165   -0.6876
   -0.7828   -0.1780    0.5962
...    27 A-T ...
  -50.0016  -33.2125   53.3274
   -0.6188    0.2608   -0.7410
   -0.0301   -0.9504   -0.3095
   -0.7850   -0.1692    0.5960
...    28 G-C ...
  -52.7220  -33.4380   55.2618
   -0.4868   -0.2957   -0.8220
    0.2979   -0.9407    0.1619
   -0.8211   -0.1661    0.5461
...    29 G-C ...
  -55.7028  -33.8077   56.8623
   -0.1737   -0.7625   -0.6232
    0.4955   -0.6146    0.6138
   -0.8511   -0.2022    0.4846
...    30 C-G ...
  -58.7646  -34.3609   58.1104
    0.1660   -0.9692   -0.1820
    0.4952   -0.0777    0.8653
   -0.8528   -0.2338    0.4671
...    31 C-G ...
  -61.7381  -35.2949   59.4545
    0.4759   -0.8232    0.3095
    0.2951    0.4810    0.8255
   -0.8285   -0.3015    0.4719
...    32 G-C ...
  -64.4080  -36.0569   61.4146
    0.6327   -0.3554    0.6881
   -0.0574    0.8645    0.4993
   -0.7723   -0.3554    0.5265
...    33 G-C ...
  -66.9142  -37.4746   63.1928
    0.5456    0.2248    0.8074
   -0.4179    0.9080    0.0296
   -0.7264   -0.3536    0.5893
...    34 C-G ...
  -69.0547  -38.9521   65.2890
    0.2437    0.7119    0.6586
   -0.6601    0.6193   -0.4251
   -0.7105   -0.3312    0.6209
...    35 C-G ...
  -71.2546  -40.0136   67.6363
   -0.1176    0.9601    0.2536
   -0.7005    0.1007   -0.7065
   -0.7039   -0.2607    0.6607
...    36 C-G ...
  -73.5045  -40.6577   70.0936
   -0.4378    0.8663   -0.2405
   -0.5305   -0.4649   -0.7088
   -0.7259   -0.1828    0.6631
...    37 G-C ...
  -76.1978  -41.3983   72.0205
   -0.5880    0.4499   -0.6722
   -0.2005   -0.8862   -0.4177
   -0.7836   -0.1109    0.6113
...    38 A-T ...
  -78.8014  -41.6555   74.0380
   -0.5657   -0.1770   -0.8054
    0.1920   -0.9781    0.0801
   -0.8019   -0.1093    0.5873
...    39 C-G ...
  -81.6607  -41.4382   75.7464
   -0.3484   -0.6755   -0.6498
    0.4600   -0.7273    0.5094
   -0.8167   -0.1214    0.5641
...    40 A-T ...
  -84.3064  -42.0049   77.7435
    0.0693   -0.9589   -0.2751
    0.5540   -0.1923    0.8100
   -0.8296   -0.2085    0.5179
...    41 C-G ...
  -87.3467  -42.7444   78.8810
    0.3838   -0.9034    0.1911
    0.4172    0.3543    0.8369
   -0.8238   -0.2414    0.5129
...    42 G-C ...
  -89.9162  -43.4662   80.9806
    0.6387   -0.5006    0.5843
    0.0849    0.8006    0.5931
   -0.7647   -0.3293    0.5539
...    43 A-T ...
  -92.3891  -44.6453   82.8229
    0.5787    0.0987    0.8095
   -0.3342    0.9342    0.1250
   -0.7439   -0.3429    0.5736
...    44 C-G ...
  -94.4881  -46.3086   84.8154
    0.3172    0.5975    0.7365
   -0.6075    0.7243   -0.3260
   -0.7282   -0.3441    0.5927
...    45 T-A ...
  -96.6749  -47.5007   87.0460
   -0.0453    0.9123    0.4070
   -0.7012    0.2612   -0.6634
   -0.7116   -0.3155    0.6278
...    46 T-A ...
  -98.8029  -48.5593   89.2830
   -0.4766    0.8777   -0.0497
   -0.5299   -0.3320   -0.7804
   -0.7014   -0.3456    0.6233
...    47 A-T ...
 -101.3182  -50.0866   91.0289
   -0.7316    0.4227   -0.5349
   -0.0661   -0.8248   -0.5615
   -0.6786   -0.3754    0.6313
...    48 C-G ...
 -103.6518  -50.7342   93.3443
   -0.6362   -0.0887   -0.7664
    0.3446   -0.9214   -0.1795
   -0.6903   -0.3783    0.6168
...    49 T-A ...
 -106.1604  -51.7521   95.3117
   -0.2983   -0.5580   -0.7744
    0.6337   -0.7225    0.2765
   -0.7138   -0.4082    0.5691
...    50 T-A ...
 -108.6237  -52.9395   97.0684
    0.1392   -0.8693   -0.4743
    0.6934   -0.2564    0.6734
   -0.7070   -0.4226    0.5671
...    51 C-G ...
 -110.9811  -54.3751   98.8632
    0.5647   -0.8253   -0.0028
    0.4624    0.3136    0.8294
   -0.6836   -0.4697    0.5587
...    52 A-T ...
 -113.1341  -55.9395  100.9259
    0.8013   -0.4280    0.4180
    0.0169    0.7146    0.6993
   -0.5980   -0.5533    0.5799
...    53 T-A ...
 -114.9097  -58.2698  102.4231
    0.6994    0.0102    0.7146
   -0.4083    0.8264    0.3878
   -0.5866   -0.5630    0.5822
...    54 G-C ...
 -116.8969  -59.8354  104.6409
    0.3539    0.5454    0.7598
   -0.7764    0.6243   -0.0865
   -0.5215   -0.5593    0.6444
...    55 T-A ...
 -118.0562  -61.8936  107.0130
   -0.1268    0.8023    0.5833
   -0.8511    0.2140   -0.4794
   -0.5095   -0.5572    0.6557
...    56 T-A ...
 -119.4643  -63.7480  109.3091
   -0.6400    0.7390    0.2105
   -0.5987   -0.3079   -0.7394
   -0.4816   -0.5992    0.6395
...    57 A-T ...
 -121.2152  -66.2643  110.9253
   -0.9148    0.2679   -0.3022
    0.0261   -0.7076   -0.7062
   -0.4030   -0.6539    0.6403
...    58 T-A ...
 -122.6777  -67.8833  113.4346
   -0.7707   -0.1612   -0.6164
    0.5129   -0.7309   -0.4502
   -0.3780   -0.6632    0.6460
...    59 A-T ...
 -123.5798  -70.3504  115.5977
   -0.2464   -0.5943   -0.7656
    0.9020   -0.4296    0.0432
   -0.3545   -0.6799    0.6419
...    60 A-T ...
 -124.9137  -72.5025  117.6322
    0.3370   -0.7193   -0.6075
    0.8790    0.0091    0.4768
   -0.3374   -0.6947    0.6353
...    61 C-G ...
 -126.4771  -74.8867  119.2982
    0.7756   -0.5606   -0.2901
    0.5556    0.3882    0.7353
   -0.2996   -0.7315    0.6125
...    62 G-C ...
 -127.1536  -77.2962  121.5963
    0.9882   -0.1240    0.0903
    0.0018    0.5978    0.8016
   -0.1534   -0.7920    0.5910
...    63 G-C ...
 -127.2751  -80.1252  123.4390
    0.8286    0.3121    0.4649
   -0.5585    0.5185    0.6475
   -0.0390   -0.7961    0.6039
...    64 A-T ...
 -127.1845  -82.7047  125.5088
    0.3137    0.5835    0.7490
   -0.9495    0.1841    0.2542
    0.0104   -0.7909    0.6118
...    65 G-C ...
 -126.8133  -85.2750  127.6273
   -0.2759    0.6076    0.7447
   -0.9603   -0.2068   -0.1871
    0.0403   -0.7668    0.6406
...    66 T-A ...
 -126.1663  -87.5357  130.0479
   -0.7636    0.3802    0.5219
   -0.6433   -0.5179   -0.5638
    0.0559   -0.7663    0.6401
...    67 A-T ...
 -126.0418  -90.7414  131.4995
   -0.9769   -0.2090    0.0441
    0.0899   -0.5896   -0.8027
    0.1937   -0.7802    0.5948
...    68 G-C ...
 -125.4635  -93.2074  133.7108
   -0.7581   -0.4864   -0.4343
    0.6236   -0.3463   -0.7009
    0.1906   -0.8022    0.5659
...    69 G-C ...
 -124.8563  -95.7934  135.8509
   -0.2772   -0.5344   -0.7985
    0.9397    0.0226   -0.3413
    0.2004   -0.8449    0.4959
...    70 T-A ...
 -124.7888  -98.6603  137.5423
    0.2658   -0.3955   -0.8792
    0.9354    0.3264    0.1359
    0.2332   -0.8585    0.4567
...    71 A-T ...
 -123.9210 -101.5630  138.9872
    0.7284   -0.0036   -0.6852
    0.6016    0.4821    0.6369
    0.3280   -0.8761    0.3534
...    72 T-A ...
 -123.0709 -104.6558  139.5716
    0.9165    0.2840   -0.2819
    0.1508    0.4073    0.9008
    0.3706   -0.8680    0.3304
...    73 C-G ...
 -121.6414 -107.4224  140.5657
    0.7982    0.5302    0.2859
   -0.4044    0.1199    0.9067
    0.4464   -0.8394    0.3102
...    74 T-A ...
 -119.7863 -110.0430  141.4108
    0.4120    0.5652    0.7147
   -0.7398   -0.2505    0.6245
    0.5320   -0.7860    0.3149
...    75 C-G ...
 -117.8664 -112.4422  142.6269
   -0.1277    0.2953    0.9468
   -0.8095   -0.5826    0.0726
    0.5731   -0.7572    0.3134
...    76 G-C ...
 -116.3593 -115.2197  143.9036
   -0.6015   -0.1011    0.7925
   -0.5280   -0.6941   -0.4893
    0.5995   -0.7128    0.3641
...    77 A-T ...
 -114.2853 -117.5029  145.1808
   -0.7778   -0.5412    0.3196
   -0.0344   -0.4710   -0.8815
    0.6275   -0.6966    0.3477
...    78 G-C ...
 -112.1799 -119.7158  146.5943
   -0.6654   -0.7055   -0.2439
    0.3975   -0.0583   -0.9157
    0.6318   -0.7063    0.3193
...    79 C-G ...
 -110.1593 -122.0008  148.0308
   -0.3376   -0.5884   -0.7347
    0.6836    0.3833   -0.6211
    0.6471   -0.7119    0.2728
...    80 T-A ...
 -108.1841 -124.5165  148.9937
    0.0464   -0.2242   -0.9734
    0.7406    0.6616   -0.1171
    0.6703   -0.7155    0.1968
...    81 C-G ...
 -106.0033 -126.8794  149.6831
    0.4253    0.2731   -0.8629
    0.5570    0.6725    0.4874
    0.7134   -0.6879    0.1339
...    82 G-C ...
 -103.3454 -128.9206  150.1866
    0.5196    0.7216   -0.4575
    0.2529    0.3816    0.8891
    0.8161   -0.5777    0.0158
...    83 G-C ...
 -100.4432 -130.5931  149.8054
    0.4627    0.8800    0.1074
   -0.0212   -0.1101    0.9937
    0.8862   -0.4621   -0.0323
...    84 G-C ...
  -97.2082 -131.5719  149.5067
    0.2807    0.7112    0.6446
   -0.1985   -0.6140    0.7639
    0.9391   -0.3424   -0.0312
...    85 A-T ...
  -94.0039 -132.4331  149.5373
    0.0879    0.1901    0.9778
   -0.2760   -0.9386    0.2072
    0.9571   -0.2881   -0.0301
...    86 T-A ...
  -90.6854 -132.6719  149.4692
   -0.0377   -0.3480    0.9368
   -0.2701   -0.8990   -0.3448
    0.9621   -0.2660   -0.0601
...    87 C-G ...
  -87.4565 -133.4828  149.4071
   -0.1640   -0.8425    0.5132
   -0.1799   -0.4860   -0.8553
    0.9699   -0.2326   -0.0719
...    88 C-G ...
  -84.1250 -134.1998  149.3784
   -0.2602   -0.9623   -0.0788
   -0.0557    0.0965   -0.9938
    0.9640   -0.2542   -0.0787
...    89 G-C ...
  -80.8294 -134.6202  148.6452
   -0.3051   -0.6970   -0.6489
    0.0660    0.6643   -0.7446
    0.9500   -0.2700   -0.1567
...    90 C-G ...
  -77.6740 -135.7230  148.4570
   -0.2632   -0.1881   -0.9462
    0.1930    0.9507   -0.2427
    0.9452   -0.2465   -0.2140
...    91 T-A ...
  -74.6277 -136.7592  147.6389
   -0.2060    0.3780   -0.9026
    0.2957    0.9033    0.3108
    0.9328   -0.2029   -0.2979
...    92 T-A ...
  -71.6806 -137.4783  146.5397
   -0.0635    0.8370   -0.5435
    0.3632    0.5266    0.7686
    0.9295   -0.1487   -0.3375
...    93 T-A ...
  -68.7492 -137.8846  145.2585
    0.0918    0.9957    0.0121
    0.3563   -0.0442    0.9333
    0.9298   -0.0814   -0.3588
...    94 A-T ...
  -65.6200 -137.7839  144.0622
    0.1656    0.7841    0.5982
    0.3026   -0.6177    0.7259
    0.9386    0.0608   -0.3395
...    95 A-T ...
  -62.6294 -137.2930  142.8924
    0.3117    0.2753    0.9094
    0.1786   -0.9570    0.2285
    0.9332    0.0912   -0.3475
...    96 C-G ...
  -59.5968 -136.2813  141.8539
    0.3581   -0.2906    0.8873
    0.0113   -0.9489   -0.3154
    0.9336    0.1230   -0.3365
...    97 A-T ...
  -56.4961 -136.1527  140.6168
    0.2690   -0.8118    0.5182
   -0.1812   -0.5711   -0.8006
    0.9459    0.1215   -0.3007
...    98 C-G ...
  -53.2059 -135.4921  140.1947
    0.1390   -0.9902   -0.0153
   -0.3035   -0.0279   -0.9524
    0.9426    0.1370   -0.3044
...    99 T-A ...
  -49.9648 -135.1043  139.4276
   -0.0756   -0.8389   -0.5391
   -0.3420    0.5296   -0.7762
    0.9367    0.1257   -0.3269
...   100 T-A ...
  -46.8355 -134.7824  138.5755
   -0.2485   -0.3567   -0.9006
   -0.2598    0.9202   -0.2928
    0.9332    0.1612   -0.3213
...   101 T-A ...
  -43.7693 -134.4258  137.5723
   -0.3720    0.2475   -0.8946
   -0.0826    0.9512    0.2974
    0.9246    0.1845   -0.3334
...   102 A-T ...
  -40.7249 -133.6009  136.4249
   -0.4478    0.7459   -0.4931
    0.1748    0.6139    0.7698
    0.8769    0.2585   -0.4053
...   103 T-A ...
  -38.1348 -132.9626  134.5316
   -0.3254    0.9455   -0.0157
    0.3875    0.1485    0.9098
    0.8625    0.2899   -0.4147
...   104 G-C ...
  -35.2734 -131.6341  133.3466
   -0.1429    0.8127    0.5649
    0.5551   -0.4067    0.7255
    0.8194    0.4173   -0.3930
...   105 C-G ...
  -32.8672 -129.7676  131.9702
    0.1578    0.4252    0.8912
    0.5756   -0.7730    0.2669
    0.8024    0.4709   -0.3667
...   106 T-A ...
  -30.3530 -127.8328  130.9067
    0.4192   -0.0946    0.9030
    0.4310   -0.8546   -0.2896
    0.7991    0.5106   -0.3175
...   107 T-A ...
  -27.8802 -125.9019  129.9912
    0.6306   -0.5638    0.5333
    0.0928   -0.6275   -0.7731
    0.7705    0.5370   -0.3434
...   108 C-G ...
  -25.3084 -124.0735  128.9569
    0.5585   -0.8272   -0.0615
   -0.3170   -0.1443   -0.9374
    0.7666    0.5430   -0.3428
...   109 C-G ...
  -22.6074 -122.2381  128.0119
    0.2339   -0.7889   -0.5683
   -0.5792    0.3564   -0.7331
    0.7809    0.5007   -0.3736
...   110 G-C ...
  -20.3180 -120.2130  126.5266
   -0.2222   -0.4743   -0.8519
   -0.6163    0.7454   -0.2543
    0.7556    0.4685   -0.4579
...   111 G-C ...
  -17.6597 -118.7766  125.0132
   -0.5970   -0.0141   -0.8021
   -0.3877    0.8804    0.2731
    0.7023    0.4740   -0.5311
...   112 C-G ...
  -15.2862 -117.5664  123.0271
   -0.7530    0.4493   -0.4808
    0.0122    0.7400    0.6725
    0.6579    0.5005   -0.5627
...   113 T-A ...
  -13.3242 -115.9671  120.8766
   -0.6778    0.7352    0.0082
    0.4359    0.3929    0.8097
    0.5920    0.5524   -0.5868
...   114 C-G ...
  -11.5376 -114.0309  118.9161
   -0.3098    0.7971    0.5183
    0.7700   -0.1094    0.6285
    0.5577    0.5938   -0.5799
...   115 G-C ...
   -9.4612 -111.8675  117.3388
    0.1300    0.5209    0.8436
    0.8441   -0.5046    0.1815
    0.5203    0.6885   -0.5053
...   116 T-A ...
   -8.2414 -109.1612  115.8099
    0.5554    0.1493    0.8181
    0.6472   -0.6954   -0.3124
    0.5222    0.7030   -0.4829
...   117 A-T ...
   -6.3280 -107.0601  113.9397
    0.8554   -0.3248    0.4034
    0.1283   -0.6217   -0.7727
    0.5018    0.7127   -0.4902
...   118 T-A ...
   -4.6659 -104.3705  112.9338
    0.8043   -0.5899   -0.0706
   -0.3413   -0.3614   -0.8677
    0.4864    0.7220   -0.4921
...   119 A-T ...
   -3.4284 -101.9250  110.8918
    0.3920   -0.6600   -0.6409
   -0.7961    0.1058   -0.5959
    0.4611    0.7438   -0.4839
...   120 A-T ...
   -1.7288  -99.5556  109.4405
   -0.1481   -0.4579   -0.8766
   -0.8794    0.4665   -0.0951
    0.4524    0.7568   -0.4718
...   121 T-A ...
    0.2745  -97.4849  107.8313
   -0.5846   -0.1480   -0.7977
   -0.6757    0.6331    0.3777
    0.4491    0.7598   -0.4702
...   122 G-C ...
    1.4804  -94.7435  106.3100
   -0.9094    0.1841   -0.3729
   -0.1883    0.6173    0.7639
    0.3708    0.7649   -0.5267
...   123 T-A ...
    2.5493  -92.5496  104.0548
   -0.8791    0.4623    0.1163
    0.3346    0.4246    0.8413
    0.3395    0.7785   -0.5279
...   124 G-C ...
    3.6160  -89.7350  102.5619
   -0.5396    0.5500    0.6374
    0.7996    0.0979    0.5925
    0.2634    0.8294   -0.4926
...   125 T-A ...
    3.8521  -86.9263  100.7785
   -0.0282    0.4924    0.8699
    0.9665   -0.2087    0.1495
    0.2552    0.8450   -0.4700
...   126 C-G ...
    4.6056  -84.0591   99.3221
    0.5573    0.2445    0.7935
    0.7888   -0.4542   -0.4141
    0.2591    0.8567   -0.4460
...   127 G-C ...
    5.8034  -81.3369   97.7001
    0.8825   -0.1480    0.4464
    0.3282   -0.4860   -0.8100
    0.3369    0.8613   -0.3803
...   128 A-T ...
    6.9026  -78.4487   96.5376
    0.8912   -0.4360   -0.1253
   -0.2722   -0.2929   -0.9166
    0.3630    0.8509   -0.3797
...   129 C-G ...
    8.4097  -75.5594   95.8432
    0.5918   -0.5489   -0.5904
   -0.7076   -0.0028   -0.7067
    0.3862    0.8359   -0.3900
...   130 C-G ...
    9.9858  -72.8392   94.5883
    0.0581   -0.5233   -0.8502
   -0.9081    0.3260   -0.2627
    0.4146    0.7873   -0.4563
...   131 A-T ...
   11.1007  -70.1104   92.9772
   -0.5276   -0.2987   -0.7952
   -0.7535    0.5968    0.2758
    0.3922    0.7447   -0.5400
...   132 A-T ...
   12.4862  -67.8533   91.0901
   -0.8681    0.1140   -0.4832
   -0.2967    0.6612    0.6891
    0.3980    0.7415   -0.5401
...   133 A-T ...
   13.7598  -65.5885   89.1283
   -0.8696    0.4937    0.0091
    0.2742    0.4676    0.8403
    0.4106    0.7332   -0.5420
...   134 T-A ...
   14.7384  -63.4258   86.8199
   -0.5923    0.6747    0.4404
    0.6886    0.1401    0.7115
    0.4183    0.7247   -0.5475
...   135 G-C ...
   15.7317  -61.4928   83.9330
    0.0341    0.7400    0.6717
    0.8636   -0.3601    0.3528
    0.5030    0.5681   -0.6514
...   136 T-A ...
   15.7848  -59.5604   80.7992
    0.5517    0.4998    0.6677
    0.6739   -0.7388   -0.0038
    0.4915    0.4520   -0.7444
...   137 G-C ...
   16.8385  -57.7219   78.2676
    0.8528   -0.0848    0.5153
    0.1507   -0.9048   -0.3983
    0.5000    0.4173   -0.7588
...   138 A-T ...
   18.4283  -55.5286   76.5299
    0.8547   -0.5006    0.1371
   -0.3188   -0.7148   -0.6224
    0.4096    0.4883   -0.7706
...   139 G-C ...
   20.4259  -54.3093   74.5420
    0.5847   -0.7389   -0.3347
   -0.7593   -0.3533   -0.5465
    0.2856    0.5737   -0.7676
...   140 C-G ...
   21.4270  -51.8265   72.7876
    0.1304   -0.7144   -0.6875
   -0.8897    0.2216   -0.3991
    0.4375    0.6637   -0.6067
...   141 G-C ...
   22.1521  -50.1494   67.4640
   -0.4682   -0.8748    0.1248
   -0.8494    0.4066   -0.3364
    0.2435   -0.2635   -0.9334
...   142 C-G ...
   22.3489  -51.2413   64.4933
   -0.8528   -0.5119   -0.1032
   -0.4975    0.8565   -0.1374
    0.1587   -0.0659   -0.9851
...   143 T-A ...
   24.0166  -51.6378   61.9248
   -0.9562    0.0401   -0.2898
    0.0524    0.9980   -0.0348
    0.2878   -0.0485   -0.9564
...   144 C-G ...
   24.8958  -52.7395   58.9873
   -0.7529    0.5560   -0.3520
    0.5214    0.8304    0.1965
    0.4016   -0.0356   -0.9151
...   145 A-T ...
   25.5276  -52.9803   55.8053
   -0.2442    0.9563   -0.1610
    0.8906    0.2869    0.3528
    0.3836   -0.0573   -0.9217
...   146 C-G ...
   25.2778  -52.5122   52.0796
    0.3204    0.9427   -0.0929
    0.8825   -0.2614    0.3909
    0.3443   -0.2072   -0.9157
...   147 A-T ...
   25.6239  -52.5939   48.6396
    0.8597    0.5097    0.0339
    0.4496   -0.7865    0.4233
    0.2424   -0.3487   -0.9053
