  147 base-pairs
...     1 T-A ...
    0.0000    0.0000    0.0000
    1.0000    0.0000    0.0000
    0.0000    1.0000    0.0000
    0.0000    0.0000    1.0000
...     2 G-C ...
   -0.5555   -1.1003    3.3981
    0.7749    0.6051    0.1828
   -0.5991    0.7953   -0.0929
   -0.2016   -0.0375    0.9787
...     3 T-A ...
   -0.6619   -3.0237    6.5348
    0.3046    0.9250    0.2271
   -0.8994    0.3578   -0.2510
   -0.3134   -0.1278    0.9410
...     4 G-C ...
   -1.1607   -3.8418    9.6940
   -0.3351    0.9421    0.0133
   -0.8752   -0.3061   -0.3746
   -0.3489   -0.1372    0.9271
...     5 A-T ...
   -1.3881   -3.6770   12.8999
   -0.7835    0.6162   -0.0801
   -0.5677   -0.7622   -0.3109
   -0.2527   -0.1981    0.9470
...     6 G-C ...
   -2.6236   -3.5448   15.7072
   -0.9923    0.0611   -0.1075
   -0.0294   -0.9610   -0.2748
   -0.1201   -0.2695    0.9555
...     7 C-G ...
   -2.3138   -3.7570   18.8866
   -0.8620   -0.4995   -0.0864
    0.5008   -0.8655    0.0073
   -0.0785   -0.0370    0.9962
...     8 G-C ...
   -3.9561   -6.8109   23.3205
   -0.2581   -0.3560   -0.8981
    0.6294   -0.7673    0.1233
   -0.7330   -0.5335    0.4221
...     9 C-G ...
   -6.1177   -8.9414   24.2385
    0.1143   -0.7320   -0.6716
    0.8123   -0.3203    0.4874
   -0.5720   -0.6013    0.5580
...    10 T-A ...
   -8.5041   -9.6771   26.0540
    0.4660   -0.8587   -0.2131
    0.6274    0.1508    0.7640
   -0.6239   -0.4897    0.6090
...    11 C-G ...
  -11.0625  -11.3174   27.2336
    0.6660   -0.6911    0.2808
    0.3382    0.6152    0.7121
   -0.6649   -0.3794    0.6435
...    12 A-T ...
  -13.0013  -13.1789   29.0658
    0.7188   -0.1490    0.6790
   -0.1787    0.9043    0.3876
   -0.6718   -0.4000    0.6235
...    13 C-G ...
  -14.1788  -15.9359   31.3399
    0.4052    0.2865    0.8682
   -0.5270    0.8492   -0.0343
   -0.7470   -0.4437    0.4951
...    14 A-T ...
  -15.9532  -18.1566   33.3080
   -0.1503    0.6873    0.7107
   -0.6106    0.5008   -0.6135
   -0.7776   -0.5261    0.3444
...    15 A-T ...
  -18.3856  -19.8515   34.6243
   -0.4599    0.8630    0.2091
   -0.4149   -0.0007   -0.9099
   -0.7851   -0.5052    0.3583
...    16 T-A ...
  -20.7551  -21.2755   36.4107
   -0.5979    0.7439   -0.2984
   -0.1236   -0.4534   -0.8827
   -0.7920   -0.4909    0.3631
...    17 T-A ...
  -23.3537  -22.6815   37.7730
   -0.5588    0.3314   -0.7602
    0.2435   -0.8107   -0.5324
   -0.7927   -0.4826    0.3724
...    18 T-A ...
  -26.0327  -23.9999   39.0831
   -0.3236   -0.2265   -0.9187
    0.5234   -0.8517    0.0257
   -0.7883   -0.4726    0.3941
...    19 A-T ...
  -28.3793  -25.9320   40.6623
    0.0726   -0.7594   -0.6465
    0.6112   -0.4783    0.6305
   -0.7881   -0.4410    0.4294
...    20 T-A ...
  -31.3454  -27.1401   41.5424
    0.3670   -0.9070   -0.2068
    0.4857   -0.0028    0.8741
   -0.7934   -0.4212    0.4395
...    21 T-A ...
  -34.0642  -28.4928   42.7388
    0.5604   -0.7409    0.3702
    0.1827    0.5465    0.8173
   -0.8078   -0.3904    0.4417
...    22 C-G ...
  -36.7521  -29.8131   44.1487
    0.5730   -0.2417    0.7831
   -0.1936    0.8886    0.4159
   -0.7964   -0.3899    0.4623
...    23 G-C ...
  -39.5621  -30.6881   45.8480
    0.4367    0.3621    0.8235
   -0.4990    0.8592   -0.1131
   -0.7485   -0.3616    0.5559
...    24 C-G ...
  -41.7599  -32.1545   47.8822
    0.1187    0.7997    0.5886
   -0.6632    0.5050   -0.5524
   -0.7390   -0.3248    0.5903
...    25 A-T ...
  -44.4069  -33.0512   49.7518
   -0.2183    0.9720    0.0868
   -0.6288   -0.0721   -0.7742
   -0.7463   -0.2235    0.6270
...    26 A-T ...
  -46.7202  -33.6393   51.9581
   -0.5404    0.7468   -0.3877
   -0.3863   -0.6296   -0.6741
   -0.7474   -0.2145    0.6287
...    27 A-T ...
  -49.1168  -34.0999   54.1104
   -0.6663    0.2335   -0.7082
    0.0003   -0.9496   -0.3134
   -0.7457   -0.2090    0.6326
...    28 G-C ...
  -51.7170  -34.4671   56.1842
   -0.5146   -0.3178   -0.7963
    0.3531   -0.9249    0.1409
   -0.7813   -0.2087    0.5882
...    29 G-C ...
  -54.5678  -34.9871   57.9657
   -0.1691   -0.7697   -0.6157
    0.5620   -0.5884    0.5813
   -0.8097   -0.2477    0.5321
...    30 C-G ...
  -57.5141  -35.6905   59.3990
    0.2068   -0.9584   -0.1967
    0.5511   -0.0520    0.8328
   -0.8084   -0.2806    0.5174
...    31 C-G ...
  -60.3475  -36.7711   60.9195
    0.5406   -0.7960    0.2723
    0.3221    0.4949    0.8071
   -0.7772   -0.3485    0.5239
...    32 G-C ...
  -62.8329  -37.6921   63.0416
    0.7009   -0.3209    0.6370
   -0.0697    0.8580    0.5089
   -0.7098   -0.4011    0.5791
...    33 G-C ...
  -65.1003  -39.2657   64.9953
    0.5940    0.2527    0.7637
   -0.4659    0.8820    0.0706
   -0.6558   -0.3978    0.6416
...    34 C-G ...
  -66.9631  -40.8715   67.2508
    0.2564    0.7220    0.6426
   -0.7280    0.5816   -0.3630
   -0.6358   -0.3747    0.6747
...    35 C-G ...
  -68.8845  -42.0526   69.7764
   -0.1504    0.9506    0.2716
   -0.7646    0.0623   -0.6415
   -0.6267   -0.3041    0.7174
...    36 C-G ...
  -70.8701  -42.8184   72.4183
   -0.5083    0.8395   -0.1921
   -0.5651   -0.4935   -0.6612
   -0.6498   -0.2276    0.7252
...    37 G-C ...
  -73.3302  -43.7183   74.5725
   -0.6768    0.4141   -0.6087
   -0.1863   -0.8962   -0.4025
   -0.7122   -0.1591    0.6837
...    38 A-T ...
  -75.7012  -44.1351   76.8370
   -0.6323   -0.2123   -0.7451
    0.2592   -0.9643    0.0547
   -0.7301   -0.1586    0.6647
...    39 C-G ...
  -78.3780  -44.0947   78.8341
   -0.3714   -0.6974   -0.6129
    0.5550   -0.6960    0.4556
   -0.7443   -0.1710    0.6456
...    40 A-T ...
  -80.7445  -44.8158   81.1091
    0.0993   -0.9541   -0.2826
    0.6492   -0.1531    0.7451
   -0.7541   -0.2574    0.6042
...    41 C-G ...
  -83.5887  -45.7343   82.5714
    0.4586   -0.8765    0.1463
    0.4838    0.3844    0.7862
   -0.7454   -0.2898    0.6004
...    42 G-C ...
  -85.8654  -46.5944   84.9359
    0.7323   -0.4561    0.5057
    0.1026    0.8080    0.5801
   -0.6732   -0.3729    0.6385
...    43 A-T ...
  -88.0253  -47.9114   87.0517
    0.6647    0.1395    0.7340
   -0.3742    0.9125    0.1654
   -0.6466   -0.3846    0.6587
...    44 C-G ...
  -89.7549  -49.6860   89.2808
    0.3688    0.6210    0.6916
   -0.6866    0.6836   -0.2476
   -0.6266   -0.3836    0.6784
...    45 T-A ...
  -91.5636  -50.9899   91.7685
   -0.0476    0.9114    0.4087
   -0.7946    0.2134   -0.5684
   -0.6052   -0.3519    0.7141
...    46 T-A ...
  -93.3196  -52.1487   94.2618
   -0.5296    0.8482    0.0109
   -0.6064   -0.3695   -0.7041
   -0.5932   -0.3795    0.7100
...    47 A-T ...
  -95.4940  -53.8022   96.3213
   -0.8199    0.3731   -0.4341
   -0.0908   -0.8336   -0.5449
   -0.5652   -0.4074    0.7173
...    48 C-G ...
  -97.4559  -54.5587   98.9310
   -0.7273   -0.1355   -0.6728
    0.3716   -0.9019   -0.2201
   -0.5770   -0.4101    0.7063
...    49 T-A ...
  -99.6073  -55.6959  101.2274
   -0.3681   -0.5863   -0.7216
    0.7077   -0.6801    0.1916
   -0.6031   -0.4401    0.6653
...    50 G-C ...
 -101.4958  -57.3745  103.4423
    0.1810   -0.8217   -0.5404
    0.7798   -0.2149    0.5880
   -0.5993   -0.5278    0.6018
...    51 T-A ...
 -103.8669  -59.1421  104.9381
    0.5988   -0.7830   -0.1686
    0.5593    0.2581    0.7877
   -0.5732   -0.5660    0.5925
...    52 A-T ...
 -105.6481  -61.0459  107.0604
    0.8609   -0.4132    0.2969
    0.0615    0.6637    0.7455
   -0.5051   -0.6235    0.5968
...    53 G-C ...
 -107.1672  -63.3642  108.8987
    0.7894    0.0632    0.6107
   -0.4333    0.7620    0.4813
   -0.4349   -0.6445    0.6288
...    54 G-C ...
 -108.2397  -65.6671  111.1345
    0.4383    0.5297    0.7262
   -0.8232    0.5610    0.0876
   -0.3610   -0.6361    0.6819
...    55 T-A ...
 -108.8141  -67.9336  113.5183
   -0.0780    0.7579    0.6477
   -0.9352    0.1695   -0.3109
   -0.3454   -0.6300    0.6956
...    56 A-T ...
 -110.5242  -70.1810  115.5027
   -0.7171    0.6226    0.3133
   -0.6282   -0.3824   -0.6776
   -0.3021   -0.6827    0.6653
...    57 T-A ...
 -111.1943  -72.0451  118.1775
   -0.9499    0.3040   -0.0723
   -0.1504   -0.6476   -0.7470
   -0.2739   -0.6987    0.6609
...    58 C-G ...
 -112.0819  -74.2980  120.4483
   -0.8399   -0.1567   -0.5196
    0.4708   -0.6867   -0.5539
   -0.2700   -0.7098    0.6506
...    59 T-A ...
 -113.2263  -76.5057  122.6901
   -0.4254   -0.4730   -0.7715
    0.8590   -0.4795   -0.1796
   -0.2850   -0.7391    0.6103
...    60 C-G ...
 -114.2151  -78.8912  124.7476
    0.1931   -0.6299   -0.7523
    0.9455   -0.0855    0.3143
   -0.2623   -0.7719    0.5791
...    61 G-C ...
 -114.7568  -81.5030  126.8351
    0.7270   -0.4416   -0.5257
    0.6678    0.2768    0.6910
   -0.1597   -0.8534    0.4961
...    62 A-T ...
 -115.2337  -84.3512  128.3751
    0.9902   -0.1315   -0.0473
    0.1039    0.4672    0.8780
   -0.0933   -0.8743    0.4762
...    63 G-C ...
 -115.3348  -87.3878  129.7043
    0.8934    0.2198    0.3918
   -0.4493    0.4305    0.7828
    0.0034   -0.8754    0.4834
...    64 C-G ...
 -114.7960  -90.3517  131.1205
    0.4887    0.4614    0.7404
   -0.8699    0.1933    0.4538
    0.0662   -0.8659    0.4958
...    65 T-A ...
 -114.1738  -93.1426  132.8357
   -0.0775    0.5227    0.8490
   -0.9899   -0.1419   -0.0030
    0.1189   -0.8406    0.5284
...    66 C-G ...
 -113.7095  -95.8147  134.7400
   -0.6690    0.3128    0.6742
   -0.7290   -0.4529   -0.5132
    0.1448   -0.8349    0.5311
...    67 G-C ...
 -113.5586  -98.8465  136.2481
   -0.9768    0.0075    0.2139
   -0.1803   -0.5674   -0.8035
    0.1153   -0.8234    0.5556
...    68 G-C ...
 -113.1181 -101.5117  138.3210
   -0.9068   -0.2837   -0.3118
    0.4137   -0.4571   -0.7873
    0.0808   -0.8430    0.5318
...    69 G-C ...
 -112.8535 -104.2381  140.3422
   -0.5152   -0.4326   -0.7399
    0.8543   -0.1905   -0.4835
    0.0682   -0.8812    0.4677
...    70 A-T ...
 -112.6320 -107.0678  142.0042
    0.0965   -0.4158   -0.9043
    0.9905    0.1295    0.0461
    0.0979   -0.9002    0.4243
...    71 T-A ...
 -112.9076 -110.1165  143.1676
    0.5850   -0.2603   -0.7681
    0.8018    0.3283    0.4994
    0.1221   -0.9080    0.4008
...    72 C-G ...
 -112.4698 -113.1213  144.3802
    0.9328    0.0575   -0.3557
    0.3044    0.4023    0.8634
    0.1927   -0.9137    0.3578
...    73 C-G ...
 -111.5393 -116.2422  145.2315
    0.9162    0.3763    0.1375
   -0.2444    0.2530    0.9361
    0.3174   -0.8913    0.3238
...    74 G-C ...
 -110.1933 -118.9747  146.7295
    0.5674    0.5563    0.6071
   -0.6832   -0.0935    0.7242
    0.4596   -0.8257    0.3270
...    75 C-G ...
 -108.1657 -121.4243  147.7760
    0.0696    0.4279    0.9011
   -0.8585   -0.4344    0.2726
    0.5081   -0.7926    0.3371
...    76 T-A ...
 -106.1846 -123.8107  149.0403
   -0.4313    0.1209    0.8941
   -0.7244   -0.6372   -0.2632
    0.5379   -0.7612    0.3624
...    77 T-A ...
 -104.1724 -126.0678  150.3055
   -0.7388   -0.3507    0.5755
   -0.3203   -0.5686   -0.7577
    0.5929   -0.7441    0.3078
...    78 T-A ...
 -102.0872 -128.2798  151.5339
   -0.7354   -0.6775    0.0166
    0.1762   -0.2148   -0.9606
    0.6544   -0.7035    0.2773
...    79 A-T ...
  -99.3840 -130.4232  151.8568
   -0.3634   -0.6853   -0.6311
    0.5914    0.3537   -0.7246
    0.7198   -0.6365    0.2768
...    80 A-T ...
  -97.1633 -132.5612  152.9000
    0.0608   -0.3405   -0.9383
    0.6702    0.7105   -0.2145
    0.7397   -0.6158    0.2714
...    81 C-G ...
  -95.1319 -135.0206  153.7586
    0.3738    0.1323   -0.9180
    0.5269    0.7843    0.3276
    0.7633   -0.6061    0.2234
...    82 A-T ...
  -92.4149 -136.8709  154.5255
    0.4944    0.6473   -0.5802
    0.2359    0.5425    0.8063
    0.8366   -0.5355    0.1156
...    83 C-G ...
  -89.7195 -138.7366  154.2559
    0.4915    0.8686   -0.0625
   -0.0419    0.0952    0.9946
    0.8698   -0.4863    0.0832
...    84 T-A ...
  -86.6786 -140.0797  154.2300
    0.3170    0.8129    0.4885
   -0.2495   -0.4254    0.8699
    0.9150   -0.3977    0.0680
...    85 T-A ...
  -83.6121 -141.1613  154.2964
    0.1168    0.3984    0.9098
   -0.3666   -0.8340    0.4123
    0.9230   -0.3817    0.0487
...    86 T-A ...
  -80.4894 -142.1149  154.3848
   -0.0819   -0.2015    0.9761
   -0.3538   -0.9097   -0.2175
    0.9317   -0.3632    0.0032
...    87 A-T ...
  -77.5270 -143.8620  153.7925
   -0.1895   -0.8226    0.5361
   -0.2262   -0.4947   -0.8391
    0.9555   -0.2803   -0.0923
...    88 T-A ...
  -74.2709 -144.5181  154.1280
   -0.2395   -0.9709    0.0008
   -0.1060    0.0253   -0.9940
    0.9651   -0.2382   -0.1090
...    89 T-A ...
  -71.0803 -145.2333  154.0611
   -0.2096   -0.7683   -0.6048
    0.0263    0.6139   -0.7890
    0.9774   -0.1813   -0.1085
...    90 C-G ...
  -67.8195 -145.7872  153.8176
   -0.1794   -0.2236   -0.9580
    0.1222    0.9612   -0.2472
    0.9762   -0.1614   -0.1451
...    91 A-T ...
  -64.4933 -146.0032  153.3426
   -0.1882    0.4052   -0.8946
    0.2059    0.9069    0.3675
    0.9603   -0.1150   -0.2541
...    92 T-A ...
  -61.5786 -146.8310  152.1059
   -0.0888    0.8167   -0.5703
    0.2741    0.5704    0.7742
    0.9576   -0.0876   -0.2745
...    93 G-C ...
  -58.3332 -146.7494  151.1971
   -0.0474    0.9986    0.0220
    0.3209   -0.0056    0.9471
    0.9459    0.0520   -0.3202
...    94 T-A ...
  -55.4805 -146.2206  149.6242
    0.0852    0.8355    0.5428
    0.3214   -0.5387    0.7788
    0.9431    0.1081   -0.3145
...    95 T-A ...
  -52.4946 -145.6307  148.4861
    0.2577    0.3606    0.8964
    0.2313   -0.9238    0.3051
    0.9381    0.1287   -0.3214
...    96 A-T ...
  -49.2543 -145.5975  147.4266
    0.3799   -0.3322    0.8633
    0.0211   -0.9299   -0.3671
    0.9248    0.1576   -0.3463
...    97 T-A ...
  -46.2077 -144.4819  146.6834
    0.3640   -0.7681    0.5268
   -0.1833   -0.6137   -0.7680
    0.9132    0.1830   -0.3642
...    98 A-T ...
  -43.4118 -143.8744  144.7264
    0.2235   -0.9571   -0.1844
   -0.4199    0.0761   -0.9044
    0.8796    0.2796   -0.3849
...    99 A-T ...
  -40.4361 -142.9693  143.7258
   -0.0361   -0.7076   -0.7057
   -0.4953    0.6260   -0.6023
    0.8680    0.3278   -0.3731
...   100 C-G ...
  -37.3029 -142.3452  142.7627
   -0.3187   -0.2591   -0.9118
   -0.4052    0.9068   -0.1161
    0.8569    0.3324   -0.3940
...   101 G-C ...
  -34.5673 -140.7696  141.5140
   -0.5970    0.2676   -0.7563
   -0.1531    0.8874    0.4348
    0.7875    0.3754   -0.4888
...   102 G-C ...
  -31.9839 -139.6435  139.6597
   -0.6623    0.6721   -0.3311
    0.2134    0.5928    0.7766
    0.7182    0.4437   -0.5360
...   103 A-T ...
  -29.7223 -138.1274  137.8302
   -0.4464    0.8651    0.2288
    0.5790    0.0843    0.8110
    0.6823    0.4945   -0.5385
...   104 G-C ...
  -27.7441 -136.2868  135.8906
   -0.1164    0.7293    0.6742
    0.7484   -0.3819    0.5423
    0.6529    0.5677   -0.5014
...   105 C-G ...
  -25.9515 -134.0022  134.2450
    0.2919    0.3652    0.8840
    0.7093   -0.7027    0.0560
    0.6416    0.6107   -0.4641
...   106 T-A ...
  -23.9807 -131.6527  132.9183
    0.6038   -0.1102    0.7895
    0.4603   -0.7603   -0.4582
    0.6507    0.6401   -0.4084
...   107 T-A ...
  -21.9838 -129.3463  131.7594
    0.7804   -0.5183    0.3498
    0.0126   -0.5463   -0.8375
    0.6252    0.6580   -0.4198
...   108 C-G ...
  -19.8675 -127.1447  130.4768
    0.6227   -0.7464   -0.2349
   -0.4648   -0.1113   -0.8784
    0.6294    0.6562   -0.4163
...   109 C-G ...
  -17.5598 -124.9755  129.2544
    0.2102   -0.7155   -0.6663
   -0.7302    0.3383   -0.5936
    0.6501    0.6113   -0.4513
...   110 G-C ...
  -15.7520 -122.6656  127.5533
   -0.3140   -0.4387   -0.8420
   -0.7151    0.6927   -0.0943
    0.6246    0.5725   -0.5312
...   111 G-C ...
  -13.5244 -120.9022  125.7225
   -0.7121   -0.0223   -0.7017
   -0.4138    0.8208    0.3938
    0.5671    0.5708   -0.5937
...   112 C-G ...
  -11.6088 -119.3473  123.4914
   -0.8511    0.4076   -0.3310
    0.0554    0.6966    0.7154
    0.5221    0.5905   -0.6154
...   113 T-A ...
  -10.1179 -117.4628  121.1937
   -0.7213    0.6750    0.1552
    0.5199    0.3796    0.7653
    0.4577    0.6327   -0.6247
...   114 C-G ...
   -8.7640 -115.2969  119.1249
   -0.2857    0.7408    0.6079
    0.8570   -0.0864    0.5080
    0.4289    0.6661   -0.6102
...   115 G-C ...
   -7.0577 -112.9479  117.3886
    0.2105    0.4813    0.8509
    0.8886   -0.4570    0.0386
    0.4075    0.7480   -0.5239
...   116 T-A ...
   -6.2115 -110.0978  115.8784
    0.6455    0.1401    0.7508
    0.6401   -0.6354   -0.4318
    0.4166    0.7593   -0.4999
...   117 A-T ...
   -4.6753 -107.7403  113.9947
    0.9052   -0.2997    0.3014
    0.0824   -0.5720   -0.8161
    0.4170    0.7636   -0.4931
...   118 T-A ...
   -3.2392 -104.9293  112.9957
    0.8197   -0.5462   -0.1725
   -0.4016   -0.3333   -0.8530
    0.4084    0.7685   -0.4926
...   119 A-T ...
   -2.1837 -102.3586  111.0422
    0.3687   -0.6270   -0.6862
   -0.8383    0.0948   -0.5370
    0.4017    0.7732   -0.4907
...   120 A-T ...
   -0.6577  -99.9046  109.5432
   -0.1899   -0.4420   -0.8767
   -0.8977    0.4398   -0.0273
    0.3977    0.7818   -0.4803
...   121 T-A ...
    1.1789  -97.7389  107.8599
   -0.6277   -0.1484   -0.7641
   -0.6696    0.6035    0.4328
    0.3969    0.7834   -0.4783
...   122 G-C ...
    2.2116  -94.9401  106.3257
   -0.9335    0.1677   -0.3170
   -0.1601    0.5960    0.7869
    0.3209    0.7853   -0.5295
...   123 T-A ...
    3.1145  -92.6763  104.0604
   -0.8816    0.4396    0.1719
    0.3693    0.4156    0.8312
    0.2940    0.7963   -0.5287
...   124 G-C ...
    4.0630  -89.8247  102.5692
   -0.5174    0.5285    0.6731
    0.8257    0.1017    0.5548
    0.2248    0.8428   -0.4890
...   125 T-A ...
    4.1742  -86.9902  100.8152
    0.0033    0.4774    0.8787
    0.9754   -0.1953    0.1025
    0.2206    0.8567   -0.4663
...   126 C-G ...
    4.8174  -84.0981   99.3619
    0.5852    0.2395    0.7747
    0.7777   -0.4363   -0.4526
    0.2296    0.8673   -0.4416
...   127 G-C ...
    5.9081  -81.3388   97.7370
    0.8975   -0.1462    0.4162
    0.3068   -0.4710   -0.8270
    0.3169    0.8699   -0.3779
...   128 A-T ...
    6.9538  -78.4324   96.5870
    0.8903   -0.4290   -0.1527
   -0.2930   -0.2830   -0.9133
    0.3485    0.8578   -0.3777
...   129 C-G ...
    8.4382  -75.5389   95.8912
    0.5823   -0.5406   -0.6072
   -0.7212    0.0013   -0.6927
    0.3752    0.8413   -0.3891
...   130 C-G ...
   10.0050  -72.8214   94.6220
    0.0470   -0.5173   -0.8545
   -0.9124    0.3260   -0.2475
    0.4066    0.7913   -0.4566
...   131 A-T ...
   11.1187  -70.1026   93.0011
   -0.5346   -0.2975   -0.7910
   -0.7518    0.5950    0.2843
    0.3860    0.7466   -0.5418
...   132 A-T ...
   12.4922  -67.8470   91.1025
   -0.8709    0.1139   -0.4780
   -0.2935    0.6596    0.6919
    0.3941    0.7429   -0.5411
...   133 A-T ...
   13.7594  -65.5858   89.1313
   -0.8696    0.4936    0.0114
    0.2760    0.4669    0.8402
    0.4094    0.7338   -0.5422
...   134 T-A ...
   14.7384  -63.4258   86.8200
   -0.5923    0.6747    0.4404
    0.6886    0.1401    0.7115
    0.4183    0.7247   -0.5475
...   135 G-C ...
   15.7317  -61.4928   83.9331
    0.0341    0.7400    0.6717
    0.8636   -0.3601    0.3528
    0.5030    0.5681   -0.6514
...   136 T-A ...
   15.7848  -59.5604   80.7993
    0.5517    0.4998    0.6677
    0.6739   -0.7388   -0.0038
    0.4915    0.4520   -0.7444
...   137 G-C ...
   16.8385  -57.7218   78.2676
    0.8528   -0.0848    0.5153
    0.1507   -0.9048   -0.3983
    0.5000    0.4173   -0.7588
...   138 A-T ...
   18.4282  -55.5286   76.5299
    0.8547   -0.5006    0.1371
   -0.3188   -0.7148   -0.6224
    0.4096    0.4883   -0.7706
...   139 G-C ...
   20.4259  -54.3093   74.5420
    0.5847   -0.7389   -0.3347
   -0.7593   -0.3533   -0.5465
    0.2856    0.5737   -0.7676
...   140 C-G ...
   21.4270  -51.8265   72.7876
    0.1304   -0.7144   -0.6875
   -0.8897    0.2216   -0.3991
    0.4375    0.6637   -0.6067
...   141 G-C ...
   22.1521  -50.1494   67.4640
   -0.4682   -0.8748    0.1248
   -0.8494    0.4066   -0.3364
    0.2435   -0.2635   -0.9334
...   142 C-G ...
   22.3489  -51.2413   64.4934
   -0.8528   -0.5119   -0.1032
   -0.4975    0.8565   -0.1374
    0.1587   -0.0659   -0.9851
...   143 T-A ...
   24.0166  -51.6378   61.9249
   -0.9562    0.0401   -0.2898
    0.0524    0.9980   -0.0348
    0.2878   -0.0485   -0.9564
...   144 C-G ...
   24.8958  -52.7395   58.9874
   -0.7529    0.5560   -0.3520
    0.5214    0.8304    0.1965
    0.4016   -0.0356   -0.9151
...   145 A-T ...
   25.5276  -52.9803   55.8054
   -0.2442    0.9563   -0.1610
    0.8906    0.2869    0.3528
    0.3836   -0.0573   -0.9217
...   146 C-G ...
   25.2778  -52.5122   52.0797
    0.3204    0.9427   -0.0929
    0.8825   -0.2614    0.3909
    0.3443   -0.2072   -0.9157
...   147 A-T ...
   25.6239  -52.5939   48.6396
    0.8597    0.5097    0.0339
    0.4496   -0.7865    0.4233
    0.2424   -0.3487   -0.9053
