  147 base-pairs
...     1 T-A ...
    0.0000    0.0000    0.0000
    1.0000    0.0000    0.0000
    0.0000    1.0000    0.0000
    0.0000    0.0000    1.0000
...     2 G-C ...
   -0.5555   -1.1003    3.3981
    0.7749    0.6051    0.1828
   -0.5991    0.7953   -0.0929
   -0.2016   -0.0375    0.9787
...     3 T-A ...
   -0.6619   -3.0237    6.5348
    0.3046    0.9250    0.2271
   -0.8994    0.3578   -0.2510
   -0.3134   -0.1278    0.9410
...     4 G-C ...
   -1.1607   -3.8418    9.6940
   -0.3351    0.9421    0.0133
   -0.8752   -0.3061   -0.3746
   -0.3489   -0.1372    0.9271
...     5 A-T ...
   -1.3881   -3.6770   12.8999
   -0.7835    0.6162   -0.0801
   -0.5677   -0.7622   -0.3109
   -0.2527   -0.1981    0.9470
...     6 G-C ...
   -2.6236   -3.5448   15.7072
   -0.9923    0.0611   -0.1075
   -0.0294   -0.9610   -0.2748
   -0.1201   -0.2695    0.9555
...     7 C-G ...
   -2.3138   -3.7570   18.8866
   -0.8620   -0.4995   -0.0864
    0.5008   -0.8655    0.0073
   -0.0785   -0.0370    0.9962
...     8 G-C ...
   -3.9561   -6.8109   23.3205
   -0.2581   -0.3560   -0.8981
    0.6294   -0.7673    0.1233
   -0.7330   -0.5335    0.4221
...     9 C-G ...
   -6.1177   -8.9414   24.2385
    0.1143   -0.7320   -0.6716
    0.8123   -0.3203    0.4874
   -0.5720   -0.6013    0.5580
...    10 T-A ...
   -8.5041   -9.6771   26.0540
    0.4660   -0.8587   -0.2131
    0.6274    0.1508    0.7640
   -0.6239   -0.4897    0.6090
...    11 C-G ...
  -11.0625  -11.3174   27.2336
    0.6660   -0.6911    0.2808
    0.3382    0.6152    0.7121
   -0.6649   -0.3794    0.6435
...    12 A-T ...
  -13.0013  -13.1789   29.0658
    0.7188   -0.1490    0.6790
   -0.1787    0.9043    0.3876
   -0.6718   -0.4000    0.6235
...    13 C-G ...
  -14.1788  -15.9359   31.3399
    0.4052    0.2865    0.8682
   -0.5270    0.8492   -0.0343
   -0.7470   -0.4437    0.4951
...    14 A-T ...
  -15.9532  -18.1566   33.3080
   -0.1503    0.6873    0.7107
   -0.6106    0.5008   -0.6135
   -0.7776   -0.5261    0.3444
...    15 A-T ...
  -18.3888  -19.8398   34.6279
   -0.4543    0.8658    0.2098
   -0.4185    0.0005   -0.9082
   -0.7864   -0.5004    0.3621
...    16 T-A ...
  -20.7600  -21.2413   36.4256
   -0.5930    0.7487   -0.2963
   -0.1322   -0.4535   -0.8814
   -0.7943   -0.4835    0.3679
...    17 T-A ...
  -23.3665  -22.6152   37.8042
   -0.5601    0.3366   -0.7570
    0.2308   -0.8142   -0.5328
   -0.7956   -0.4731    0.3783
...    18 T-A ...
  -26.0542  -23.8940   39.1371
   -0.3347   -0.2249   -0.9151
    0.5128   -0.8582    0.0233
   -0.7905   -0.4615    0.4026
...    19 A-T ...
  -28.4003  -25.7951   40.7583
    0.0522   -0.7663   -0.6404
    0.6122   -0.4821    0.6267
   -0.7890   -0.4248    0.4440
...    20 T-A ...
  -31.3760  -26.9437   41.6915
    0.3480   -0.9154   -0.2022
    0.4983   -0.0021    0.8670
   -0.7941   -0.4025    0.4555
...    21 T-A ...
  -34.1053  -28.2286   42.9394
    0.5511   -0.7477    0.3704
    0.2064    0.5522    0.8077
   -0.8085   -0.3687    0.4587
...    22 C-G ...
  -36.8037  -29.4680   44.4007
    0.5814   -0.2448    0.7759
   -0.1664    0.8977    0.4079
   -0.7964   -0.3663    0.4812
...    23 G-C ...
  -39.6055  -30.2580   46.1507
    0.4641    0.3612    0.8088
   -0.4785    0.8706   -0.1143
   -0.7454   -0.3340    0.5769
...    24 C-G ...
  -41.7911  -31.6380   48.2512
    0.1565    0.8037    0.5741
   -0.6613    0.5170   -0.5435
   -0.7336   -0.2946    0.6124
...    25 A-T ...
  -44.4048  -32.4236   50.2145
   -0.1814    0.9803    0.0781
   -0.6523   -0.0604   -0.7556
   -0.7360   -0.1880    0.6504
...    26 A-T ...
  -46.6760  -32.8887   52.4908
   -0.5212    0.7622   -0.3840
   -0.4301   -0.6232   -0.6532
   -0.7372   -0.1752    0.6526
...    27 A-T ...
  -49.0282  -33.2141   54.7150
   -0.6760    0.2517   -0.6926
   -0.0491   -0.9532   -0.2984
   -0.7353   -0.1677    0.6567
...    28 G-C ...
  -51.5810  -33.4330   56.8667
   -0.5525   -0.3058   -0.7754
    0.3153   -0.9378    0.1452
   -0.7716   -0.1643    0.6146
...    29 G-C ...
  -54.4001  -33.7923   58.7374
   -0.2249   -0.7701   -0.5969
    0.5518   -0.6056    0.5734
   -0.8031   -0.2004    0.5612
...    30 C-G ...
  -57.3276  -34.3271   60.2788
    0.1530   -0.9705   -0.1861
    0.5752   -0.0657    0.8154
   -0.8036   -0.2318    0.5482
...    31 C-G ...
  -60.1639  -35.2272   61.9085
    0.5084   -0.8182    0.2685
    0.3751    0.4911    0.7862
   -0.7751   -0.2990    0.5566
...    32 G-C ...
  -62.6251  -35.9665   64.1243
    0.7063   -0.3473    0.6169
   -0.0038    0.8695    0.4938
   -0.7079   -0.3511    0.6128
...    33 G-C ...
  -64.9065  -37.3756   66.1822
    0.6377    0.2320    0.7345
   -0.4118    0.9085    0.0706
   -0.6509   -0.3475    0.6749
...    34 C-G ...
  -66.7633  -38.8306   68.5374
    0.3260    0.7170    0.6162
   -0.7068    0.6177   -0.3448
   -0.6278   -0.3231    0.7081
...    35 C-G ...
  -68.6364  -39.8429   71.1677
   -0.0777    0.9632    0.2571
   -0.7870    0.0991   -0.6090
   -0.6121   -0.2497    0.7503
...    36 C-G ...
  -70.5439  -40.4142   73.9124
   -0.4596    0.8681   -0.1878
   -0.6268   -0.4668   -0.6239
   -0.6292   -0.1690    0.7587
...    37 G-C ...
  -72.9623  -41.0815   76.1909
   -0.6744    0.4491   -0.5861
   -0.2685   -0.8886   -0.3719
   -0.6878   -0.0934    0.7199
...    38 A-T ...
  -75.2495  -41.2732   78.5686
   -0.6823   -0.1804   -0.7085
    0.1907   -0.9794    0.0658
   -0.7058   -0.0902    0.7026
...    39 C-G ...
  -77.8165  -40.9920   80.6894
   -0.4531   -0.6801   -0.5763
    0.5242   -0.7262    0.4449
   -0.7211   -0.1005    0.6855
...    40 A-T ...
  -80.1090  -41.4779   83.0955
    0.0109   -0.9649   -0.2623
    0.6739   -0.1867    0.7148
   -0.7387   -0.1846    0.6482
...    41 C-G ...
  -82.9353  -42.1350   84.7258
    0.3958   -0.9067    0.1455
    0.5541    0.3622    0.7495
   -0.7323   -0.2160    0.6458
...    42 G-C ...
  -85.1486  -42.7421   87.2217
    0.7208   -0.5029    0.4770
    0.2006    0.8101    0.5509
   -0.6635   -0.3014    0.6848
...    43 A-T ...
  -87.2879  -43.8232   89.4831
    0.7169    0.0997    0.6900
   -0.2865    0.9444    0.1612
   -0.6356   -0.3132    0.7056
...    44 C-G ...
  -89.0207  -45.3903   91.8544
    0.4631    0.6023    0.6502
   -0.6399    0.7348   -0.2249
   -0.6132   -0.3119    0.7257
...    45 T-A ...
  -90.7699  -46.4702   94.4836
    0.0604    0.9213    0.3841
   -0.8081    0.2710   -0.5229
   -0.5859   -0.2789    0.7609
...    46 T-A ...
  -92.4544  -47.3990   97.1168
   -0.4467    0.8945    0.0192
   -0.6841   -0.3276   -0.6517
   -0.5766   -0.3042    0.7583
...    47 A-T ...
  -94.6273  -48.7591   99.3733
   -0.8063    0.4440   -0.3909
   -0.2106   -0.8330   -0.5117
   -0.5528   -0.3302    0.7651
...    48 C-G ...
  -96.4775  -49.2440  102.1257
   -0.7825   -0.0759   -0.6180
    0.2618   -0.9406   -0.2160
   -0.5649   -0.3309    0.7559
...    49 T-A ...
  -98.5704  -50.0915  104.5944
   -0.4777   -0.5621   -0.6752
    0.6456   -0.7458    0.1640
   -0.5958   -0.3576    0.7192
...    50 G-C ...
 -100.4595  -51.4987  106.9869
    0.0533   -0.8499   -0.5243
    0.7946   -0.2819    0.5377
   -0.6048   -0.4453    0.6603
...    51 T-A ...
 -102.8879  -52.9568  108.7099
    0.4978   -0.8473   -0.1854
    0.6421    0.2162    0.7355
   -0.5831   -0.4852    0.6516
...    52 A-T ...
 -104.7056  -54.6067  111.0018
    0.8331   -0.4979    0.2408
    0.1932    0.6700    0.7167
   -0.5182   -0.5506    0.6544
...    53 G-C ...
 -106.3102  -56.6988  113.0245
    0.8413   -0.0105    0.5405
   -0.3049    0.8164    0.4905
   -0.4464   -0.5774    0.6836
...    54 G-C ...
 -107.4289  -58.8169  115.4108
    0.5580    0.4945    0.6664
   -0.7450    0.6523    0.1397
   -0.3656   -0.5744    0.7324
...    55 T-A ...
 -108.0287  -60.9388  117.9110
    0.0687    0.7783    0.6241
   -0.9354    0.2677   -0.2309
   -0.3468   -0.5680    0.7464
...    56 A-T ...
 -109.7598  -62.8993  120.1483
   -0.6019    0.7159    0.3539
   -0.7345   -0.3222   -0.5973
   -0.3135   -0.6194    0.7197
...    57 T-A ...
 -110.3786  -64.5789  122.9536
   -0.9084    0.4180    0.0076
   -0.3034   -0.6466   -0.6999
   -0.2877   -0.6381    0.7142
...    58 C-G ...
 -111.3070  -66.6224  125.3971
   -0.9027   -0.0665   -0.4252
    0.3227   -0.7583   -0.5664
   -0.2848   -0.6485    0.7059
...    59 T-A ...
 -112.4743  -68.5895  127.8418
   -0.5610   -0.4415   -0.7003
    0.7694   -0.5902   -0.2444
   -0.3054   -0.6759    0.6708
...    60 C-G ...
 -113.5211  -70.7524  130.1065
    0.0300   -0.6758   -0.7365
    0.9570   -0.1934    0.2164
   -0.2887   -0.7113    0.6409
...    61 G-C ...
 -114.1491  -73.1799  132.3791
    0.6026   -0.5489   -0.5793
    0.7718    0.2165    0.5978
   -0.2028   -0.8074    0.5541
...    62 A-T ...
 -114.7954  -75.8761  134.1120
    0.9544   -0.2561   -0.1537
    0.2643    0.4842    0.8341
   -0.1392   -0.8367    0.5298
...    63 G-C ...
 -115.1010  -78.8183  135.6019
    0.9554    0.1227    0.2685
   -0.2926    0.5146    0.8059
   -0.0393   -0.8486    0.5276
...    64 C-G ...
 -114.7408  -81.7622  137.0993
    0.6324    0.4288    0.6452
   -0.7742    0.3194    0.5465
    0.0283   -0.8450    0.5340
...    65 T-A ...
 -114.2263  -84.5234  138.8866
    0.1003    0.5679    0.8170
   -0.9908   -0.0181    0.1342
    0.0909   -0.8229    0.5608
...    66 C-G ...
 -113.8222  -87.1232  140.8955
   -0.5271    0.4273    0.7346
   -0.8413   -0.3847   -0.3798
    0.1203   -0.8182    0.5622
...    67 G-C ...
 -113.8325  -90.0532  142.5934
   -0.9286    0.1380    0.3445
   -0.3570   -0.5856   -0.7277
    0.1013   -0.7987    0.5931
...    68 G-C ...
 -113.4157  -92.6252  144.7845
   -0.9684   -0.1915   -0.1598
    0.2407   -0.5496   -0.8000
    0.0654   -0.8132    0.5783
...    69 G-C ...
 -113.1572  -95.2341  146.9573
   -0.6632   -0.4153   -0.6226
    0.7472   -0.3194   -0.5829
    0.0432   -0.8518    0.5221
...    70 A-T ...
 -112.9874  -97.9498  148.8065
   -0.0856   -0.4832   -0.8713
    0.9940    0.0180   -0.1076
    0.0677   -0.8753    0.4788
...    71 T-A ...
 -113.3970 -100.8610  150.2514
    0.4304   -0.3769   -0.8202
    0.8982    0.2684    0.3480
    0.0890   -0.8865    0.4541
...    72 C-G ...
 -113.0985 -103.7990  151.6516
    0.8661   -0.0712   -0.4947
    0.4749    0.4261    0.7700
    0.1560   -0.9019    0.4029
...    73 C-G ...
 -112.3806 -106.9379  152.6221
    0.9574    0.2858   -0.0408
   -0.0638    0.3475    0.9355
    0.2816   -0.8931    0.3509
...    74 G-C ...
 -111.0562 -109.6733  154.1232
    0.7075    0.5447    0.4503
   -0.5561    0.0360    0.8303
    0.4360   -0.8379    0.3283
...    75 C-G ...
 -109.0845 -112.2004  155.0680
    0.2588    0.4962    0.8287
   -0.8308   -0.3232    0.4530
    0.4927   -0.8058    0.3286
...    76 T-A ...
 -107.1107 -114.6344  156.2375
   -0.2573    0.2434    0.9352
   -0.8059   -0.5881   -0.0686
    0.5333   -0.7713    0.3475
...    77 T-A ...
 -105.0830 -116.9352  157.3940
   -0.6487   -0.2255    0.7269
   -0.4901   -0.6069   -0.6257
    0.5822   -0.7621    0.2832
...    78 T-A ...
 -102.9726 -119.1905  158.4987
   -0.7636   -0.6081    0.2171
   -0.0133   -0.3214   -0.9469
    0.6456   -0.7259    0.2373
...    79 A-T ...
 -100.3772 -121.4945  158.5596
   -0.5021   -0.7193   -0.4801
    0.4720    0.2373   -0.8491
    0.7247   -0.6529    0.2203
...    80 A-T ...
  -98.1155 -123.6573  159.4586
   -0.1184   -0.4405   -0.8899
    0.6531    0.6405   -0.4040
    0.7480   -0.6290    0.2119
...    81 C-G ...
  -96.0716 -126.1274  160.2498
    0.2123    0.0102   -0.9772
    0.6069    0.7823    0.1400
    0.7659   -0.6228    0.1599
...    82 A-T ...
  -93.3490 -128.0530  160.7660
    0.4034    0.5512   -0.7304
    0.3940    0.6158    0.6823
    0.8259   -0.5630    0.0313
...    83 C-G ...
  -90.8144 -130.0720  160.2608
    0.4945    0.8311   -0.2543
    0.1417    0.2116    0.9670
    0.8575   -0.5143   -0.0132
...    84 T-A ...
  -87.8666 -131.5402  159.8595
    0.4148    0.8531    0.3165
   -0.0938   -0.3059    0.9474
    0.9051   -0.4227   -0.0468
...    85 T-A ...
  -84.8559 -132.7129  159.5262
    0.2817    0.5089    0.8134
   -0.2935   -0.7614    0.5780
    0.9135   -0.4015   -0.0651
...    86 T-A ...
  -81.7743 -133.7369  159.1996
    0.0917   -0.0656    0.9936
   -0.3897   -0.9206   -0.0248
    0.9164   -0.3850   -0.1099
...    87 A-T ...
  -78.9628 -135.6185  158.3692
   -0.0897   -0.7354    0.6717
   -0.3694   -0.6017   -0.7081
    0.9249   -0.3116   -0.2177
...    88 T-A ...
  -75.6927 -136.2875  158.2217
   -0.2284   -0.9569    0.1796
   -0.2798   -0.1122   -0.9535
    0.9325   -0.2680   -0.2421
...    89 G-C ...
  -72.6688 -137.0593  157.0235
   -0.3905   -0.8156   -0.4269
   -0.0983    0.4980   -0.8616
    0.9153   -0.2945   -0.2747
...    90 C-G ...
  -69.5660 -138.1847  156.4613
   -0.4183   -0.3802   -0.8250
    0.1106    0.8801   -0.4617
    0.9016   -0.2844   -0.3261
...    91 T-A ...
  -66.6681 -139.3685  155.3476
   -0.3670    0.1806   -0.9125
    0.3103    0.9486    0.0629
    0.8769   -0.2600   -0.4042
...    92 T-A ...
  -63.9161 -140.3221  153.9501
   -0.1726    0.7034   -0.6895
    0.4628    0.6759    0.5737
    0.8695   -0.2201   -0.4422
...    93 C-G ...
  -61.1245 -140.9274  152.3692
    0.0647    0.9807   -0.1845
    0.4995    0.1282    0.8568
    0.8639   -0.1476   -0.4816
...    94 C-G ...
  -58.3379 -140.9835  150.4631
    0.2345    0.8991    0.3697
    0.4374   -0.4372    0.7858
    0.8681   -0.0226   -0.4958
...    95 G-C ...
  -55.1799 -140.8365  149.2341
    0.3490    0.4839    0.8025
    0.3119   -0.8675    0.3874
    0.8837    0.1151   -0.4537
...    96 G-C ...
  -52.1354 -139.9729  147.9637
    0.4136   -0.0985    0.9051
    0.1162   -0.9803   -0.1598
    0.9030    0.1713   -0.3940
...    97 C-G ...
  -49.0649 -139.0399  146.9443
    0.3971   -0.6430    0.6549
   -0.1170   -0.7432   -0.6587
    0.9103    0.1850   -0.3703
...    98 T-A ...
  -45.9324 -138.2770  146.0037
    0.2515   -0.9520    0.1747
   -0.3075   -0.2498   -0.9182
    0.9177    0.1772   -0.3555
...    99 C-G ...
  -42.8668 -137.6104  144.9039
    0.0089   -0.9013   -0.4331
   -0.4137    0.3910   -0.8222
    0.9104    0.1865   -0.3694
...   100 G-C ...
  -40.0165 -136.5534  143.3795
   -0.3187   -0.5143   -0.7962
   -0.3604    0.8427   -0.4000
    0.8767    0.1595   -0.4539
...   101 T-A ...
  -37.0000 -136.5976  141.9792
   -0.4963    0.0165   -0.8680
   -0.1436    0.9845    0.1008
    0.8562    0.1746   -0.4863
...   102 C-G ...
  -34.1994 -136.0507  140.3457
   -0.5322    0.5934   -0.6038
    0.1833    0.7771    0.6021
    0.8265    0.2097   -0.5224
...   103 A-T ...
  -31.4481 -135.0990  138.6591
   -0.4306    0.8996   -0.0728
    0.4880    0.2999    0.8197
    0.7592    0.3174   -0.5682
...   104 T-A ...
  -29.4262 -134.0469  136.2988
   -0.1360    0.9184    0.3715
    0.6490   -0.2007    0.7338
    0.7485    0.3409   -0.5688
...   105 G-C ...
  -26.8104 -132.6773  134.6864
    0.1979    0.5868    0.7851
    0.6483   -0.6791    0.3442
    0.7352    0.4409   -0.5149
...   106 T-A ...
  -24.7472 -130.6481  133.0212
    0.5038    0.1146    0.8562
    0.4516   -0.8799   -0.1479
    0.7364    0.4612   -0.4951
...   107 T-A ...
  -22.4712 -128.8754  131.4936
    0.6999   -0.4148    0.5815
    0.0638   -0.7746   -0.6293
    0.7114    0.4775   -0.5156
...   108 A-T ...
  -20.2673 -127.5106  129.2416
    0.6030   -0.7973   -0.0267
   -0.4376   -0.3027   -0.8467
    0.6669    0.5223   -0.5314
...   109 T-A ...
  -17.7305 -125.7073  128.0840
    0.2964   -0.8256   -0.4802
   -0.6963    0.1574   -0.7003
    0.6537    0.5419   -0.5282
...   110 A-T ...
  -15.9912 -123.5188  126.1043
   -0.2240   -0.4994   -0.8369
   -0.7346    0.6508   -0.1918
    0.6405    0.5719   -0.5126
...   111 A-T ...
  -13.7701 -121.8202  124.4417
   -0.6124   -0.0166   -0.7904
   -0.4687    0.8127    0.3461
    0.6366    0.5824   -0.5055
...   112 C-G ...
  -11.5514 -120.3947  122.4283
   -0.7910    0.4043   -0.4592
   -0.0596    0.6960    0.7156
    0.6089    0.5934   -0.5264
...   113 G-C ...
   -9.6020 -118.0584  120.9271
   -0.7490    0.6546    0.1020
    0.4256    0.3576    0.8313
    0.5077    0.6660   -0.5465
...   114 G-C ...
   -8.2299 -115.6940  118.9247
   -0.4246    0.6795    0.5983
    0.7883   -0.0475    0.6134
    0.4452    0.7321   -0.5155
...   115 A-T ...
   -6.8820 -113.1815  117.2606
    0.1255    0.4879    0.8638
    0.8936   -0.4338    0.1152
    0.4309    0.7575   -0.4904
...   116 T-A ...
   -6.0583 -110.3470  115.7707
    0.5742    0.1925    0.7958
    0.6991   -0.6212   -0.3541
    0.4262    0.7597   -0.4912
...   117 A-T ...
   -4.4508 -108.0111  113.8996
    0.8929   -0.2517    0.3733
    0.1624   -0.5933   -0.7884
    0.4199    0.7646   -0.4889
...   118 T-A ...
   -3.0608 -105.1726  112.9050
    0.8504   -0.5165   -0.1004
   -0.3300   -0.3749   -0.8663
    0.4098    0.7698   -0.4893
...   119 A-T ...
   -2.0178 -102.6104  110.9113
    0.4320   -0.6244   -0.6508
   -0.8098    0.0491   -0.5846
    0.3970    0.7796   -0.4844
...   120 A-T ...
   -0.5158 -100.1181  109.4472
   -0.1258   -0.4631   -0.8773
   -0.9115    0.4031   -0.0821
    0.3916    0.7894   -0.4728
...   121 T-A ...
    1.3219  -97.9038  107.8254
   -0.5821   -0.1825   -0.7924
   -0.7128    0.5834    0.3893
    0.3912    0.7914   -0.4697
...   122 G-C ...
    2.3222  -95.0702  106.3220
   -0.9223    0.1340   -0.3624
   -0.2162    0.5985    0.7714
    0.3202    0.7898   -0.5231
...   123 T-A ...
    3.2579  -92.7967  104.0739
   -0.9006    0.4152    0.1284
    0.3201    0.4338    0.8423
    0.2940    0.7997   -0.5235
...   124 G-C ...
    4.2082  -89.9250  102.6108
   -0.5557    0.5224    0.6467
    0.8007    0.1269    0.5855
    0.2238    0.8432   -0.4888
...   125 T-A ...
    4.3216  -87.0995  100.8341
   -0.0378    0.4859    0.8732
    0.9750   -0.1734    0.1387
    0.2188    0.8566   -0.4672
...   126 C-G ...
    4.9597  -84.2070   99.3684
    0.5566    0.2587    0.7895
    0.7993   -0.4260   -0.4239
    0.2266    0.8670   -0.4439
...   127 G-C ...
    6.0493  -81.4422   97.7354
    0.8893   -0.1258    0.4396
    0.3353   -0.4743   -0.8140
    0.3109    0.8714   -0.3796
...   128 A-T ...
    7.0711  -78.5271   96.5729
    0.9002   -0.4153   -0.1307
   -0.2698   -0.2966   -0.9161
    0.3417    0.8600   -0.3791
...   129 C-G ...
    8.5188  -75.6104   95.8783
    0.6003   -0.5363   -0.5933
   -0.7098   -0.0155   -0.7042
    0.3685    0.8439   -0.3900
...   130 C-G ...
   10.0556  -72.8730   94.6083
    0.0646   -0.5218   -0.8506
   -0.9136    0.3119   -0.2607
    0.4014    0.7940   -0.4566
...   131 A-T ...
   11.1371  -70.1360   92.9845
   -0.5248   -0.3056   -0.7945
   -0.7606    0.5875    0.2764
    0.3823    0.7493   -0.5408
...   132 A-T ...
   12.4986  -67.8646   91.0938
   -0.8693    0.1066   -0.4827
   -0.3022    0.6581    0.6896
    0.3912    0.7453   -0.5399
...   133 A-T ...
   13.7601  -65.5912   89.1303
   -0.8714    0.4905    0.0093
    0.2724    0.4678    0.8408
    0.4081    0.7352   -0.5412
...   134 T-A ...
   14.7383  -63.4258   86.8199
   -0.5923    0.6747    0.4404
    0.6886    0.1401    0.7115
    0.4183    0.7247   -0.5475
...   135 G-C ...
   15.7316  -61.4928   83.9330
    0.0341    0.7400    0.6717
    0.8636   -0.3601    0.3528
    0.5030    0.5681   -0.6514
...   136 T-A ...
   15.7847  -59.5604   80.7992
    0.5517    0.4998    0.6677
    0.6739   -0.7388   -0.0038
    0.4915    0.4520   -0.7444
...   137 G-C ...
   16.8384  -57.7219   78.2675
    0.8528   -0.0848    0.5153
    0.1507   -0.9048   -0.3983
    0.5000    0.4173   -0.7588
...   138 A-T ...
   18.4281  -55.5287   76.5298
    0.8547   -0.5006    0.1371
   -0.3188   -0.7148   -0.6224
    0.4096    0.4883   -0.7706
...   139 G-C ...
   20.4258  -54.3093   74.5419
    0.5847   -0.7389   -0.3347
   -0.7593   -0.3533   -0.5465
    0.2856    0.5737   -0.7676
...   140 C-G ...
   21.4269  -51.8266   72.7875
    0.1304   -0.7144   -0.6875
   -0.8897    0.2216   -0.3991
    0.4375    0.6637   -0.6067
...   141 G-C ...
   22.1520  -50.1494   67.4640
   -0.4682   -0.8748    0.1248
   -0.8494    0.4066   -0.3364
    0.2435   -0.2635   -0.9334
...   142 C-G ...
   22.3488  -51.2413   64.4933
   -0.8528   -0.5119   -0.1032
   -0.4975    0.8565   -0.1374
    0.1587   -0.0659   -0.9851
...   143 T-A ...
   24.0165  -51.6378   61.9248
   -0.9562    0.0401   -0.2898
    0.0524    0.9980   -0.0348
    0.2878   -0.0485   -0.9564
...   144 C-G ...
   24.8957  -52.7395   58.9873
   -0.7529    0.5560   -0.3520
    0.5214    0.8304    0.1965
    0.4016   -0.0356   -0.9151
...   145 A-T ...
   25.5275  -52.9803   55.8053
   -0.2442    0.9563   -0.1610
    0.8906    0.2869    0.3528
    0.3836   -0.0573   -0.9217
...   146 C-G ...
   25.2777  -52.5122   52.0796
    0.3204    0.9427   -0.0929
    0.8825   -0.2614    0.3909
    0.3443   -0.2072   -0.9157
...   147 A-T ...
   25.6237  -52.5939   48.6395
    0.8597    0.5097    0.0339
    0.4496   -0.7865    0.4233
    0.2424   -0.3487   -0.9053
