  147 base-pairs
...     1 T-A ...
    0.0000    0.0000    0.0000
    1.0000    0.0000    0.0000
    0.0000    1.0000    0.0000
    0.0000    0.0000    1.0000
...     2 G-C ...
   -0.5555   -1.1003    3.3981
    0.7749    0.6051    0.1828
   -0.5991    0.7953   -0.0929
   -0.2016   -0.0375    0.9787
...     3 T-A ...
   -0.6619   -3.0237    6.5348
    0.3046    0.9250    0.2271
   -0.8994    0.3578   -0.2510
   -0.3134   -0.1278    0.9410
...     4 G-C ...
   -1.1607   -3.8418    9.6940
   -0.3351    0.9421    0.0133
   -0.8752   -0.3061   -0.3746
   -0.3489   -0.1372    0.9271
...     5 A-T ...
   -1.3881   -3.6770   12.8999
   -0.7835    0.6162   -0.0801
   -0.5677   -0.7622   -0.3109
   -0.2527   -0.1981    0.9470
...     6 G-C ...
   -2.6236   -3.5448   15.7072
   -0.9923    0.0611   -0.1075
   -0.0294   -0.9610   -0.2748
   -0.1201   -0.2695    0.9555
...     7 C-G ...
   -2.3138   -3.7570   18.8866
   -0.8620   -0.4995   -0.0864
    0.5008   -0.8655    0.0073
   -0.0785   -0.0370    0.9962
...     8 G-C ...
   -3.9561   -6.8109   23.3205
   -0.2581   -0.3560   -0.8981
    0.6294   -0.7673    0.1233
   -0.7330   -0.5335    0.4221
...     9 C-G ...
   -6.1177   -8.9414   24.2385
    0.1143   -0.7320   -0.6716
    0.8123   -0.3203    0.4874
   -0.5720   -0.6013    0.5580
...    10 T-A ...
   -8.5041   -9.6771   26.0540
    0.4660   -0.8587   -0.2131
    0.6274    0.1508    0.7640
   -0.6239   -0.4897    0.6090
...    11 C-G ...
  -11.0625  -11.3174   27.2336
    0.6660   -0.6911    0.2808
    0.3382    0.6152    0.7121
   -0.6649   -0.3794    0.6435
...    12 A-T ...
  -13.0013  -13.1789   29.0658
    0.7188   -0.1490    0.6790
   -0.1787    0.9043    0.3876
   -0.6718   -0.4000    0.6235
...    13 C-G ...
  -14.1788  -15.9359   31.3399
    0.4052    0.2865    0.8682
   -0.5270    0.8492   -0.0343
   -0.7470   -0.4437    0.4951
...    14 A-T ...
  -15.9532  -18.1566   33.3080
   -0.1503    0.6873    0.7107
   -0.6106    0.5008   -0.6135
   -0.7776   -0.5261    0.3444
...    15 A-T ...
  -18.4969  -19.7769   34.5210
   -0.4431    0.8754    0.1931
   -0.4189   -0.0117   -0.9079
   -0.7926   -0.4832    0.3719
...    16 T-A ...
  -20.8909  -21.1909   36.4548
   -0.6246    0.7091   -0.3272
   -0.1043   -0.4910   -0.8649
   -0.7739   -0.5061    0.3806
...    17 T-A ...
  -23.4158  -22.5793   38.0308
   -0.5949    0.2577   -0.7614
    0.2860   -0.8174   -0.5001
   -0.7512   -0.5153    0.4126
...    18 T-A ...
  -25.9872  -24.0052   39.4802
   -0.3347   -0.2826   -0.8990
    0.5791   -0.8142    0.0404
   -0.7434   -0.5071    0.4362
...    19 A-T ...
  -28.3710  -25.8946   41.1815
    0.1011   -0.7985   -0.5935
    0.6643   -0.3899    0.6378
   -0.7406   -0.4587    0.4910
...    20 T-A ...
  -31.2592  -27.1397   42.3454
    0.4060   -0.9051   -0.1264
    0.5211    0.1156    0.8457
   -0.7508   -0.4092    0.5185
...    21 T-A ...
  -33.8435  -28.5007   43.7937
    0.6074   -0.6697    0.4273
    0.1787    0.6393    0.7479
   -0.7741   -0.3779    0.5080
...    22 C-G ...
  -36.4237  -29.7012   45.4723
    0.6150   -0.1410    0.7758
   -0.2234    0.9124    0.3430
   -0.7562   -0.3843    0.5296
...    23 G-C ...
  -39.2013  -30.3582   47.3498
    0.5068    0.4529    0.7336
   -0.5336    0.8331   -0.1457
   -0.6771   -0.3176    0.6638
...    24 C-G ...
  -41.1763  -31.6884   49.6081
    0.1934    0.8419    0.5038
   -0.7157    0.4724   -0.5145
   -0.6711   -0.2611    0.6939
...    25 A-T ...
  -43.7316  -32.3641   51.6396
   -0.1918    0.9806    0.0413
   -0.7079   -0.1091   -0.6978
   -0.6798   -0.1631    0.7151
...    26 A-T ...
  -45.9076  -32.7047   54.0736
   -0.5500    0.7408   -0.3857
   -0.4802   -0.6583   -0.5797
   -0.6833   -0.1336    0.7178
...    27 A-T ...
  -47.9817  -32.8395   56.5897
   -0.7331    0.2164   -0.6448
   -0.0702   -0.9670   -0.2448
   -0.6765   -0.1342    0.7241
...    28 G-C ...
  -50.3968  -32.7790   58.9777
   -0.6200   -0.3373   -0.7084
    0.3203   -0.9330    0.1638
   -0.7162   -0.1254    0.6865
...    29 G-C ...
  -53.0972  -33.0019   61.1301
   -0.2772   -0.8139   -0.5106
    0.6082   -0.5600    0.5626
   -0.7438   -0.1545    0.6503
...    30 C-G ...
  -55.7845  -33.4499   62.9834
    0.1448   -0.9815   -0.1253
    0.6475   -0.0018    0.7620
   -0.7482   -0.1915    0.6353
...    31 C-G ...
  -58.5076  -33.9568   64.9331
    0.5283   -0.7983    0.2893
    0.4502    0.5522    0.7017
   -0.7199   -0.2405    0.6511
...    32 G-C ...
  -60.5996  -34.4335   67.1995
    0.7533   -0.3596    0.5507
    0.0934    0.8873    0.4517
   -0.6511   -0.2888    0.7019
...    33 G-C ...
  -62.5264  -35.6159   69.6801
    0.7174    0.2255    0.6592
   -0.3590    0.9305    0.0723
   -0.5971   -0.2885    0.7485
...    34 C-G ...
  -64.2501  -36.8327   72.1994
    0.4219    0.7256    0.5436
   -0.7058    0.6392   -0.3055
   -0.5691   -0.2548    0.7818
...    35 C-G ...
  -65.8046  -37.4870   75.1695
   -0.0117    0.9752    0.2210
   -0.8361    0.1117   -0.5370
   -0.5484   -0.1911    0.8141
...    36 C-G ...
  -67.4714  -37.8568   78.0827
   -0.4578    0.8731   -0.1676
   -0.7079   -0.4720   -0.5254
   -0.5379   -0.1218    0.8342
...    37 G-C ...
  -69.6948  -38.9390   80.4525
   -0.7396    0.4575   -0.4937
   -0.3269   -0.8853   -0.3307
   -0.5884   -0.0832    0.8043
...    38 A-T ...
  -71.5105  -39.1656   83.0616
   -0.7873   -0.1581   -0.5959
    0.1824   -0.9830    0.0198
   -0.5890   -0.0931    0.8028
...    39 C-G ...
  -73.7117  -39.0635   85.4182
   -0.5481   -0.6495   -0.5270
    0.5617   -0.7527    0.3434
   -0.6197   -0.1078    0.7774
...    40 A-T ...
  -75.8915  -39.5183   87.9547
   -0.0632   -0.9595   -0.2746
    0.7702   -0.2219    0.5980
   -0.6347   -0.1737    0.7530
...    41 C-G ...
  -78.3176  -40.3392   90.0602
    0.3779   -0.9246    0.0469
    0.6812    0.3120    0.6623
   -0.6270   -0.2183    0.7478
...    42 G-C ...
  -80.0645  -40.8409   92.8677
    0.7518   -0.5383    0.3808
    0.3048    0.7958    0.5233
   -0.5847   -0.2774    0.7624
...    43 A-T ...
  -81.9964  -41.7300   95.2339
    0.7887    0.0412    0.6134
   -0.1950    0.9630    0.1861
   -0.5830   -0.2664    0.7676
...    44 C-G ...
  -83.6380  -43.2001   97.6980
    0.5863    0.5660    0.5795
   -0.6026    0.7829   -0.1550
   -0.5414   -0.2583    0.8001
...    45 T-A ...
  -84.9967  -44.4087  100.8197
    0.1499    0.9251    0.3489
   -0.8378    0.3062   -0.4520
   -0.5250   -0.2245    0.8210
...    46 T-A ...
  -86.4589  -45.1857  103.5901
   -0.3288    0.9427    0.0568
   -0.7807   -0.2375   -0.5780
   -0.5314   -0.2344    0.8140
...    47 A-T ...
  -88.4739  -46.0804  106.1559
   -0.7515    0.5710   -0.3305
   -0.3892   -0.7882   -0.4768
   -0.5327   -0.2296    0.8145
...    48 C-G ...
  -90.1471  -46.1772  109.0601
   -0.8331    0.0589   -0.5500
    0.0744   -0.9734   -0.2169
   -0.5482   -0.2216    0.8065
...    49 T-A ...
  -92.2241  -46.5329  111.7184
   -0.6144   -0.4616   -0.6399
    0.5037   -0.8537    0.1323
   -0.6074   -0.2410    0.7570
...    50 G-C ...
  -94.3697  -47.5313  114.1402
   -0.1344   -0.8306   -0.5405
    0.7563   -0.4384    0.4856
   -0.6402   -0.3435    0.6871
...    51 T-A ...
  -96.8127  -48.5567  115.9631
    0.3051   -0.9176   -0.2548
    0.7133    0.0429    0.6996
   -0.6310   -0.3951    0.6676
...    52 A-T ...
  -98.7982  -50.0914  118.1737
    0.7344   -0.6673    0.1235
    0.3763    0.5519    0.7442
   -0.5648   -0.5001    0.6565
...    53 G-C ...
 -100.7507  -51.8030  120.1319
    0.8779   -0.2291    0.4205
   -0.0755    0.8009    0.5940
   -0.4729   -0.5532    0.6858
...    54 G-C ...
 -101.9891  -54.3758  122.3270
    0.7168    0.3105    0.6243
   -0.5784    0.7648    0.2838
   -0.3893   -0.5646    0.7278
...    55 T-A ...
 -102.7643  -56.4623  124.7411
    0.3059    0.6694    0.6770
   -0.8782    0.4730   -0.0709
   -0.3677   -0.5728    0.7326
...    56 A-T ...
 -103.6151  -58.4098  127.3974
   -0.2786    0.8303    0.4826
   -0.8953   -0.0426   -0.4435
   -0.3476   -0.5557    0.7552
...    57 T-A ...
 -104.1025  -60.0743  130.2185
   -0.7243    0.6598    0.2004
   -0.6070   -0.4722   -0.6392
   -0.3271   -0.5846    0.7425
...    58 C-G ...
 -105.1768  -61.8319  132.9085
   -0.9478    0.2081   -0.2415
   -0.0066   -0.7702   -0.6378
   -0.3187   -0.6029    0.7314
...    59 T-A ...
 -106.4995  -63.5999  135.4647
   -0.7829   -0.2142   -0.5841
    0.5102   -0.7583   -0.4058
   -0.3560   -0.6158    0.7029
...    60 C-G ...
 -107.6921  -65.6167  137.9410
   -0.3111   -0.5995   -0.7374
    0.8845   -0.4664    0.0060
   -0.3475   -0.6504    0.6754
...    61 G-C ...
 -108.3524  -68.0673  140.1195
    0.2616   -0.5960   -0.7592
    0.9150   -0.0972    0.3916
   -0.3072   -0.7971    0.5199
...    62 A-T ...
 -109.2417  -70.5877  142.0228
    0.7623   -0.4674   -0.4477
    0.6090    0.2835    0.7408
   -0.2193   -0.8374    0.5007
...    63 G-C ...
 -109.8847  -73.5643  143.3638
    0.9851   -0.1673   -0.0389
    0.1126    0.4580    0.8818
   -0.1297   -0.8731    0.4700
...    64 C-G ...
 -110.0417  -76.7694  144.5008
    0.8739    0.1712    0.4550
   -0.4813    0.4367    0.7600
   -0.0686   -0.8832    0.4640
...    65 T-A ...
 -110.0479  -79.7347  145.9370
    0.4730    0.4056    0.7822
   -0.8811    0.2205    0.4184
   -0.0028   -0.8871    0.4616
...    66 C-G ...
 -110.2714  -82.3909  147.8308
   -0.1575    0.4484    0.8798
   -0.9841   -0.1456   -0.1019
    0.0824   -0.8819    0.4642
...    67 G-C ...
 -111.1759  -85.6192  149.2151
   -0.7156    0.2721    0.6434
   -0.6893   -0.4246   -0.5871
    0.1134   -0.8636    0.4913
...    68 G-C ...
 -110.6395  -88.4880  150.9865
   -0.9857    0.0014    0.1682
   -0.1488   -0.4738   -0.8680
    0.0785   -0.8806    0.4673
...    69 G-C ...
 -110.3465  -91.3444  152.7125
   -0.9056   -0.1867   -0.3807
    0.4241   -0.3924   -0.8162
    0.0030   -0.9006    0.4346
...    70 A-T ...
 -110.4235  -94.2560  154.3982
   -0.4627   -0.3676   -0.8067
    0.8864   -0.1748   -0.4287
    0.0166   -0.9134    0.4067
...    71 T-A ...
 -110.9713  -97.1796  155.8153
    0.0674   -0.3647   -0.9287
    0.9974    0.0481    0.0535
    0.0252   -0.9299    0.3670
...    72 C-G ...
 -111.0743 -100.4810  156.7972
    0.6711   -0.1882   -0.7170
    0.7390    0.2457    0.6272
    0.0581   -0.9509    0.3041
...    73 T-A ...
 -110.7984 -103.6785  157.4405
    0.9465    0.0764   -0.3136
    0.2840    0.2650    0.9215
    0.1535   -0.9612    0.2292
...    74 C-G ...
 -109.5965 -106.6509  158.0659
    0.9174    0.3071    0.2532
   -0.2877    0.0722    0.9550
    0.2750   -0.9489    0.1546
...    75 A-T ...
 -108.2837 -109.8139  158.0823
    0.5901    0.4023    0.6999
   -0.6736   -0.2325    0.7016
    0.4449   -0.8855    0.1338
...    76 T-A ...
 -106.3761 -112.4681  158.3342
    0.1492    0.2399    0.9593
   -0.8700   -0.4292    0.2427
    0.4699   -0.8708    0.1446
...    77 G-C ...
 -104.6402 -115.2996  158.8114
   -0.4239   -0.1040    0.8997
   -0.7603   -0.4990   -0.4159
    0.4922   -0.8604    0.1325
...    78 T-A ...
 -102.5565 -117.9357  159.5274
   -0.7578   -0.4226    0.4972
   -0.3870   -0.3224   -0.8639
    0.5253   -0.8471    0.0808
...    79 T-A ...
 -100.6709 -120.5565  159.9468
   -0.7962   -0.5909   -0.1297
    0.1341    0.0366   -0.9903
    0.5899   -0.8059    0.0501
...    80 A-T ...
  -98.3542 -123.1233  159.8212
   -0.4800   -0.4389   -0.7596
    0.5903    0.4789   -0.6497
    0.6490   -0.7603    0.0292
...    81 T-A ...
  -96.7327 -125.9346  160.2129
   -0.1145   -0.1114   -0.9872
    0.7335    0.6606   -0.1596
    0.6699   -0.7424    0.0061
...    82 A-T ...
  -94.3215 -128.2305  160.1476
    0.2401    0.3881   -0.8898
    0.6745    0.5926    0.4404
    0.6982   -0.7059   -0.1195
...    83 A-T ...
  -92.1955 -130.4405  159.5044
    0.4879    0.7207   -0.4925
    0.4657    0.2623    0.8452
    0.7383   -0.6418   -0.2076
...    84 C-G ...
  -89.8708 -132.3846  158.0740
    0.6130    0.7874    0.0652
    0.1497   -0.1968    0.9689
    0.7758   -0.5842   -0.2385
...    85 G-C ...
  -87.0030 -133.9828  157.7235
    0.5021    0.5963    0.6264
   -0.1166   -0.6710    0.7322
    0.8569   -0.4407   -0.2674
...    86 G-C ...
  -83.8159 -134.9183  157.4383
    0.2727    0.1737    0.9463
   -0.2675   -0.9311    0.2480
    0.9242   -0.3207   -0.2075
...    87 A-T ...
  -80.6778 -135.7914  157.0322
    0.0325   -0.4189    0.9074
   -0.3434   -0.8573   -0.3835
    0.9386   -0.2992   -0.1717
...    88 C-G ...
  -77.3643 -136.3361  156.9972
   -0.1474   -0.8164    0.5583
   -0.2817   -0.5065   -0.8149
    0.9481   -0.2774   -0.1553
...    89 G-C ...
  -73.8991 -137.0590  156.3508
   -0.3461   -0.9378   -0.0285
   -0.1828    0.0972   -0.9783
    0.9202   -0.3334   -0.2051
...    90 C-G ...
  -70.6019 -138.1522  156.0809
   -0.4043   -0.6938   -0.5960
    0.0138    0.6470   -0.7624
    0.9145   -0.3165   -0.2520
...    91 T-A ...
  -67.4161 -139.4187  155.5742
   -0.3757   -0.1631   -0.9123
    0.2260    0.9386   -0.2608
    0.8988   -0.3042   -0.3157
...    92 T-A ...
  -64.6368 -140.6808  154.4647
   -0.2053    0.4220   -0.8830
    0.3891    0.8631    0.3220
    0.8980   -0.2775   -0.3414
...    93 T-A ...
  -61.7531 -141.4963  153.2360
   -0.0368    0.8618   -0.5060
    0.4539    0.4655    0.7598
    0.8903   -0.2017   -0.4083
...    94 A-T ...
  -58.6352 -141.6837  151.8063
    0.0442    0.9891    0.1401
    0.4642   -0.1446    0.8738
    0.8846    0.0264   -0.4656
...    95 A-T ...
  -55.9282 -141.2977  150.1917
    0.2588    0.7225    0.6412
    0.4042   -0.6839    0.6074
    0.8773    0.1020   -0.4690
...    96 C-G ...
  -53.2055 -140.3152  148.4162
    0.4607    0.2150    0.8611
    0.2154   -0.9683    0.1265
    0.8610    0.1272   -0.4924
...    97 A-T ...
  -50.1210 -139.8559  147.0057
    0.4760   -0.4395    0.7618
   -0.0921   -0.8863   -0.4538
    0.8746    0.1459   -0.4623
...    98 C-G ...
  -46.9882 -138.8807  145.9854
    0.3576   -0.8560    0.3734
   -0.3355   -0.4909   -0.8040
    0.8715    0.1623   -0.4627
...    99 T-A ...
  -43.5557 -138.1037  144.9878
    0.1059   -0.9771   -0.1848
   -0.4965    0.1090   -0.8611
    0.8615    0.1830   -0.4736
...   100 T-A ...
  -40.5742 -137.5679  143.7313
   -0.1641   -0.6981   -0.6970
   -0.4808    0.6735   -0.5614
    0.8613    0.2430   -0.4462
...   101 T-A ...
  -37.6383 -136.8839  142.4094
   -0.4115   -0.1581   -0.8976
   -0.3095    0.9506   -0.0256
    0.8572    0.2672   -0.4401
...   102 A-T ...
  -34.8136 -135.5111  141.0393
   -0.5451    0.4872   -0.6823
    0.0152    0.8194    0.5730
    0.8382    0.3020   -0.4541
...   103 T-A ...
  -32.3784 -134.9191  139.0398
   -0.5261    0.8027   -0.2808
    0.2877    0.4787    0.8295
    0.8003    0.3556   -0.4828
...   104 G-C ...
  -29.9104 -133.6013  137.2125
   -0.3250    0.8845    0.3347
    0.5813   -0.0923    0.8084
    0.7459    0.4574   -0.4842
...   105 C-G ...
  -27.8069 -131.6694  135.5227
    0.0199    0.6536    0.7566
    0.6804   -0.5633    0.4687
    0.7326    0.5055   -0.4559
...   106 T-A ...
  -25.5248 -129.2929  134.2367
    0.4192    0.1925    0.8873
    0.5928   -0.7982   -0.1069
    0.6876    0.5708   -0.4487
...   107 T-A ...
  -23.3903 -127.2148  132.9894
    0.6794   -0.3169    0.6619
    0.2587   -0.7406   -0.6201
    0.6867    0.5925   -0.4212
...   108 C-G ...
  -21.0219 -125.0793  131.7628
    0.7095   -0.6969    0.1048
   -0.2305   -0.3701   -0.9000
    0.6660    0.6143   -0.4232
...   109 C-G ...
  -18.7533 -123.0485  130.4526
    0.4085   -0.8289   -0.3822
   -0.5805    0.0872   -0.8095
    0.7043    0.5526   -0.4456
...   110 G-C ...
  -16.8990 -121.0915  128.8192
   -0.0346   -0.6878   -0.7251
   -0.7156    0.5236   -0.4625
    0.6977    0.5028   -0.5103
...   111 G-C ...
  -14.5134 -119.5462  127.0271
   -0.4937   -0.2912   -0.8195
   -0.5700    0.8200    0.0520
    0.6568    0.4927   -0.5708
...   112 C-G ...
  -12.2066 -118.3661  124.9119
   -0.7664    0.2048   -0.6089
   -0.1873    0.8354    0.5168
    0.6145    0.5101   -0.6019
...   113 T-A ...
  -10.2438 -116.7581  122.7432
   -0.7871    0.5901   -0.1797
    0.2745    0.5959    0.7547
    0.5524    0.5447   -0.6309
...   114 C-G ...
   -8.5179 -114.7288  120.7587
   -0.4855    0.8068    0.3367
    0.7206    0.1512    0.6766
    0.4950    0.5712   -0.6548
...   115 G-C ...
   -6.5205 -112.6893  118.9822
    0.0136    0.6832    0.7301
    0.8916   -0.3388    0.3004
    0.4526    0.6469   -0.6137
...   116 T-A ...
   -5.6287 -109.9295  117.1989
    0.4901    0.3490    0.7988
    0.7394   -0.6518   -0.1688
    0.4617    0.6733   -0.5775
...   117 A-T ...
   -4.2257 -107.3248  115.4913
    0.8251   -0.1475    0.5454
    0.2979   -0.7068   -0.6417
    0.4801    0.6919   -0.5392
...   118 T-A ...
   -2.7687 -104.6112  114.2831
    0.8698   -0.4822    0.1051
   -0.1879   -0.5206   -0.8329
    0.4563    0.7047   -0.5434
...   119 A-T ...
   -1.5314 -102.1328  112.1234
    0.5162   -0.6521   -0.5553
   -0.7602   -0.0501   -0.6478
    0.3945    0.7565   -0.5216
...   120 A-T ...
    0.0029  -99.6683  110.6344
   -0.0308   -0.5532   -0.8325
   -0.9221    0.3372   -0.1900
    0.3858    0.7617   -0.5205
...   121 T-A ...
    1.8274  -97.4583  108.9107
   -0.5218   -0.2758   -0.8073
   -0.7615    0.5771    0.2950
    0.3845    0.7687   -0.5112
...   122 G-C ...
    3.1130  -94.7726  107.1056
   -0.9116    0.0913   -0.4009
   -0.2609    0.6250    0.7357
    0.3177    0.7752   -0.5459
...   123 T-A ...
    4.0928  -92.4926  104.9257
   -0.9154    0.3972    0.0647
    0.2660    0.4765    0.8380
    0.3020    0.7843   -0.5419
...   124 G-C ...
    5.0306  -89.7739  103.1148
   -0.5801    0.5518    0.5992
    0.7792    0.1617    0.6055
    0.2372    0.8182   -0.5238
...   125 T-A ...
    5.3371  -87.1624  101.2580
   -0.0791    0.5139    0.8542
    0.9720   -0.1505    0.1806
    0.2213    0.8445   -0.4876
...   126 C-G ...
    5.9904  -84.3901   99.8087
    0.5242    0.3242    0.7875
    0.8263   -0.4173   -0.3783
    0.2060    0.8490   -0.4867
...   127 G-C ...
    7.2090  -81.8135   97.9880
    0.8709   -0.0752    0.4857
    0.3918   -0.4906   -0.7783
    0.2968    0.8681   -0.3978
...   128 A-T ...
    8.0589  -78.9972   96.7310
    0.9303   -0.3575   -0.0826
   -0.2176   -0.3563   -0.9087
    0.2954    0.8633   -0.4092
...   129 C-G ...
    9.2939  -75.9779   96.1269
    0.6478   -0.5283   -0.5489
   -0.6873   -0.0945   -0.7202
    0.3286    0.8438   -0.4243
...   130 C-G ...
   10.8628  -73.2762   94.7455
    0.1253   -0.5702   -0.8119
   -0.9171    0.2456   -0.3140
    0.3784    0.7839   -0.4922
...   131 A-T ...
   11.2575  -70.2540   93.0924
   -0.4962   -0.3321   -0.8022
   -0.7886    0.5588    0.2564
    0.3631    0.7599   -0.5392
...   132 A-T ...
   12.4693  -67.8573   91.1930
   -0.8686    0.0671   -0.4909
   -0.3331    0.6543    0.6789
    0.3668    0.7532   -0.5460
...   133 A-T ...
   13.7416  -65.6424   89.1273
   -0.8760    0.4823   -0.0085
    0.2531    0.4746    0.8430
    0.4106    0.7363   -0.5378
...   134 T-A ...
   14.7383  -63.4258   86.8199
   -0.5923    0.6747    0.4404
    0.6886    0.1401    0.7115
    0.4183    0.7247   -0.5475
...   135 G-C ...
   15.7316  -61.4928   83.9330
    0.0341    0.7400    0.6717
    0.8636   -0.3601    0.3528
    0.5030    0.5681   -0.6514
...   136 T-A ...
   15.7847  -59.5604   80.7992
    0.5517    0.4998    0.6677
    0.6739   -0.7388   -0.0038
    0.4915    0.4520   -0.7444
...   137 G-C ...
   16.8384  -57.7219   78.2675
    0.8528   -0.0848    0.5153
    0.1507   -0.9048   -0.3983
    0.5000    0.4173   -0.7588
...   138 A-T ...
   18.4281  -55.5287   76.5299
    0.8547   -0.5006    0.1371
   -0.3188   -0.7148   -0.6224
    0.4096    0.4883   -0.7706
...   139 G-C ...
   20.4258  -54.3093   74.5419
    0.5847   -0.7389   -0.3347
   -0.7593   -0.3533   -0.5465
    0.2856    0.5737   -0.7676
...   140 C-G ...
   21.4269  -51.8266   72.7876
    0.1304   -0.7144   -0.6875
   -0.8897    0.2216   -0.3991
    0.4375    0.6637   -0.6067
...   141 G-C ...
   22.1520  -50.1494   67.4640
   -0.4682   -0.8748    0.1248
   -0.8494    0.4066   -0.3364
    0.2435   -0.2635   -0.9334
...   142 C-G ...
   22.3488  -51.2413   64.4933
   -0.8528   -0.5119   -0.1032
   -0.4975    0.8565   -0.1374
    0.1587   -0.0659   -0.9851
...   143 T-A ...
   24.0165  -51.6378   61.9248
   -0.9562    0.0401   -0.2898
    0.0524    0.9980   -0.0348
    0.2878   -0.0485   -0.9564
...   144 C-G ...
   24.8957  -52.7395   58.9873
   -0.7529    0.5560   -0.3520
    0.5214    0.8304    0.1965
    0.4016   -0.0356   -0.9151
...   145 A-T ...
   25.5275  -52.9803   55.8053
   -0.2442    0.9563   -0.1610
    0.8906    0.2869    0.3528
    0.3836   -0.0573   -0.9217
...   146 C-G ...
   25.2777  -52.5122   52.0796
    0.3204    0.9427   -0.0929
    0.8825   -0.2614    0.3909
    0.3443   -0.2072   -0.9157
...   147 A-T ...
   25.6237  -52.5940   48.6395
    0.8597    0.5097    0.0339
    0.4496   -0.7865    0.4233
    0.2424   -0.3487   -0.9053
