  147 base-pairs
...     1 T-A ...
    0.0000    0.0000    0.0000
    1.0000    0.0000    0.0000
    0.0000    1.0000    0.0000
    0.0000    0.0000    1.0000
...     2 G-C ...
   -0.5555   -1.1003    3.3981
    0.7749    0.6051    0.1828
   -0.5991    0.7953   -0.0929
   -0.2016   -0.0375    0.9787
...     3 T-A ...
   -0.6619   -3.0237    6.5348
    0.3046    0.9250    0.2271
   -0.8994    0.3578   -0.2510
   -0.3134   -0.1278    0.9410
...     4 G-C ...
   -1.1607   -3.8418    9.6940
   -0.3351    0.9421    0.0133
   -0.8752   -0.3061   -0.3746
   -0.3489   -0.1372    0.9271
...     5 A-T ...
   -1.3881   -3.6770   12.8999
   -0.7835    0.6162   -0.0801
   -0.5677   -0.7622   -0.3109
   -0.2527   -0.1981    0.9470
...     6 G-C ...
   -2.6236   -3.5448   15.7072
   -0.9923    0.0611   -0.1075
   -0.0294   -0.9610   -0.2748
   -0.1201   -0.2695    0.9555
...     7 C-G ...
   -2.3138   -3.7570   18.8866
   -0.8620   -0.4995   -0.0864
    0.5008   -0.8655    0.0073
   -0.0785   -0.0370    0.9962
...     8 G-C ...
   -3.9561   -6.8109   23.3205
   -0.2581   -0.3560   -0.8981
    0.6294   -0.7673    0.1233
   -0.7330   -0.5335    0.4221
...     9 C-G ...
   -6.1177   -8.9414   24.2385
    0.1143   -0.7320   -0.6716
    0.8123   -0.3203    0.4874
   -0.5720   -0.6013    0.5580
...    10 T-A ...
   -8.5041   -9.6771   26.0540
    0.4660   -0.8587   -0.2131
    0.6274    0.1508    0.7640
   -0.6239   -0.4897    0.6090
...    11 C-G ...
  -11.0625  -11.3174   27.2336
    0.6660   -0.6911    0.2808
    0.3382    0.6152    0.7121
   -0.6649   -0.3794    0.6435
...    12 A-T ...
  -13.0013  -13.1789   29.0658
    0.7188   -0.1490    0.6790
   -0.1787    0.9043    0.3876
   -0.6718   -0.4000    0.6235
...    13 C-G ...
  -14.1788  -15.9359   31.3399
    0.4052    0.2865    0.8682
   -0.5270    0.8492   -0.0343
   -0.7470   -0.4437    0.4951
...    14 A-T ...
  -15.9532  -18.1566   33.3080
   -0.1503    0.6873    0.7107
   -0.6106    0.5008   -0.6135
   -0.7776   -0.5261    0.3444
...    15 A-T ...
  -18.5021  -19.7830   34.5070
   -0.4553    0.8708    0.1856
   -0.4078   -0.0187   -0.9129
   -0.7914   -0.4914    0.3636
...    16 T-A ...
  -20.9084  -21.2308   36.4061
   -0.6305    0.6966   -0.3424
   -0.0808   -0.4977   -0.8636
   -0.7720   -0.5168    0.3701
...    17 T-A ...
  -23.4387  -22.6668   37.9318
   -0.5827    0.2390   -0.7767
    0.3149   -0.8147   -0.4869
   -0.7492   -0.5284    0.3995
...    18 T-A ...
  -26.0112  -24.1703   39.3190
   -0.2986   -0.3024   -0.9052
    0.5990   -0.7978    0.0689
   -0.7430   -0.5216    0.4194
...    19 A-T ...
  -28.3937  -26.1230   41.0073
    0.1527   -0.8182   -0.5543
    0.6503   -0.3391    0.6798
   -0.7442   -0.4643    0.4803
...    20 T-A ...
  -31.2799  -27.4341   42.1058
    0.4474   -0.8921   -0.0628
    0.4751    0.1775    0.8618
   -0.7577   -0.4154    0.5033
...    21 T-A ...
  -33.8623  -28.8331   43.5109
    0.6070   -0.6144    0.5041
    0.1027    0.6896    0.7169
   -0.7881   -0.3834    0.4817
...    22 C-G ...
  -36.4907  -30.0478   45.1182
    0.5599   -0.0564    0.8266
   -0.2935    0.9195    0.2615
   -0.7748   -0.3890    0.4983
...    23 G-C ...
  -39.3632  -30.7257   46.8394
    0.4181    0.5287    0.7387
   -0.5642    0.7884   -0.2449
   -0.7119   -0.3144    0.6280
...    24 C-G ...
  -41.4505  -32.0298   49.0243
    0.0992    0.8839    0.4570
   -0.6948    0.3903   -0.6041
   -0.7123   -0.2576    0.6529
...    25 A-T ...
  -44.2091  -32.7832   50.7931
   -0.2784    0.9590   -0.0533
   -0.6230   -0.2226   -0.7499
   -0.7310   -0.1756    0.6594
...    26 A-T ...
  -46.5904  -33.1814   53.0223
   -0.5776    0.6474   -0.4973
   -0.3509   -0.7469   -0.5649
   -0.7371   -0.1518    0.6585
...    27 A-T ...
  -48.8992  -33.3829   55.3293
   -0.6798    0.0782   -0.7292
    0.0615   -0.9847   -0.1629
   -0.7308   -0.1556    0.6646
...    28 G-C ...
  -51.5520  -33.4356   57.4648
   -0.4952   -0.4707   -0.7302
    0.4083   -0.8680    0.2826
   -0.7668   -0.1582    0.6220
...    29 G-C ...
  -54.4279  -33.8370   59.3661
   -0.1125   -0.8870   -0.4479
    0.6068   -0.4182    0.6759
   -0.7868   -0.1957    0.5853
...    30 C-G ...
  -57.2291  -34.5066   60.9867
    0.2882   -0.9576    0.0025
    0.5465    0.1666    0.8208
   -0.7863   -0.2352    0.5713
...    31 C-G ...
  -60.0426  -35.2479   62.7202
    0.5931   -0.6738    0.4407
    0.2729    0.6832    0.6774
   -0.7575   -0.2815    0.5890
...    32 G-C ...
  -62.3229  -35.7981   64.8214
    0.7133   -0.1677    0.6805
   -0.1063    0.9338    0.3415
   -0.6927   -0.3159    0.6483
...    33 G-C ...
  -64.4101  -36.9778   67.1824
    0.5654    0.4197    0.7101
   -0.5072    0.8558   -0.1020
   -0.6505   -0.3025    0.6967
...    34 C-G ...
  -66.3104  -38.1662   69.6000
    0.2016    0.8496    0.4873
   -0.7453    0.4559   -0.4865
   -0.6356   -0.2651    0.7251
...    35 C-G ...
  -68.2341  -38.7446   72.3708
   -0.2289    0.9707    0.0732
   -0.7398   -0.1246   -0.6612
   -0.6327   -0.2055    0.7466
...    36 C-G ...
  -70.2815  -39.1367   75.0605
   -0.5869    0.7223   -0.3658
   -0.4947   -0.6776   -0.5442
   -0.6409   -0.1384    0.7550
...    37 G-C ...
  -72.6299  -40.5108   77.2244
   -0.7207    0.2002   -0.6637
   -0.0587   -0.9716   -0.2292
   -0.6907   -0.1263    0.7120
...    38 A-T ...
  -74.7909  -40.8610   79.5544
   -0.6085   -0.4241   -0.6708
    0.3936   -0.8952    0.2089
   -0.6891   -0.1369    0.7116
...    39 C-G ...
  -77.3384  -41.0296   81.5220
   -0.2721   -0.8319   -0.4837
    0.6473   -0.5302    0.5476
   -0.7120   -0.1641    0.6828
...    40 A-T ...
  -79.7759  -41.7331   83.7838
    0.2273   -0.9689   -0.0975
    0.6696    0.0828    0.7381
   -0.7071   -0.2331    0.6676
...    41 C-G ...
  -82.2906  -42.8851   85.6251
    0.5819   -0.7621    0.2839
    0.4319    0.5854    0.6861
   -0.6891   -0.2766    0.6698
...    42 G-C ...
  -84.3761  -43.4661   88.1935
    0.7657   -0.2250    0.6026
   -0.0391    0.9188    0.3927
   -0.6420   -0.3243    0.6947
...    43 A-T ...
  -86.4615  -44.5436   90.3655
    0.5863    0.3751    0.7180
   -0.4893    0.8704   -0.0551
   -0.6456   -0.3191    0.6939
...    44 C-G ...
  -88.1705  -46.0480   92.7737
    0.2458    0.8039    0.5416
   -0.7455    0.5139   -0.4245
   -0.6196   -0.2995    0.7256
...    45 T-A ...
  -89.8454  -47.1944   95.7701
   -0.2236    0.9616    0.1589
   -0.7520   -0.0665   -0.6557
   -0.6200   -0.2661    0.7381
...    46 T-A ...
  -91.6911  -48.0183   98.2857
   -0.6189    0.7523   -0.2258
   -0.4800   -0.5898   -0.6494
   -0.6218   -0.2935    0.7261
...    47 A-T ...
  -93.9049  -49.3994  100.5109
   -0.7970    0.1459   -0.5862
    0.0737   -0.9397   -0.3340
   -0.5995   -0.3093    0.7382
...    48 C-G ...
  -96.0805  -49.7655  103.0366
   -0.6126   -0.3863   -0.6896
    0.4964   -0.8670    0.0447
   -0.6151   -0.3149    0.7228
...    49 T-A ...
  -98.4731  -50.6396  105.2952
   -0.1822   -0.7750   -0.6051
    0.7439   -0.5111    0.4306
   -0.6430   -0.3716    0.6697
...    50 G-C ...
 -100.6053  -52.1304  107.4838
    0.3725   -0.8683   -0.3275
    0.6965    0.0284    0.7170
   -0.6133   -0.4952    0.6154
...    51 T-A ...
 -102.8168  -53.9008  109.0134
    0.7150   -0.6961    0.0651
    0.3880    0.4725    0.7913
   -0.5816   -0.5406    0.6079
...    52 A-T ...
 -104.5744  -55.6596  111.3147
    0.8471   -0.2065    0.4898
   -0.1631    0.7760    0.6093
   -0.5059   -0.5960    0.6236
...    53 G-C ...
 -106.1969  -57.7273  113.2487
    0.6681    0.3008    0.6805
   -0.6138    0.7398    0.2756
   -0.4206   -0.6018    0.6789
...    54 G-C ...
 -107.0032  -60.1501  115.7793
    0.2067    0.7194    0.6631
   -0.9084    0.3928   -0.1430
   -0.3634   -0.5728    0.7347
...    55 T-A ...
 -107.5564  -62.1894  118.4981
   -0.3646    0.7978    0.4801
   -0.8651   -0.0995   -0.4916
   -0.3444   -0.5946    0.7265
...    56 T-A ...
 -108.5094  -64.0944  120.9490
   -0.8193    0.5627    0.1096
   -0.4710   -0.5518   -0.6882
   -0.3268   -0.6155    0.7172
...    57 C-G ...
 -109.5941  -66.4059  123.1906
   -0.9386    0.0800   -0.3355
    0.1516   -0.7779   -0.6098
   -0.3098   -0.6232    0.7181
...    58 A-T ...
 -110.1628  -68.8504  125.5086
   -0.6307   -0.3378   -0.6986
    0.6869   -0.6619   -0.3001
   -0.3610   -0.6692    0.6495
...    59 T-A ...
 -111.7501  -70.7737  127.6476
   -0.1652   -0.6046   -0.7792
    0.9156   -0.3878    0.1068
   -0.3667   -0.6957    0.6176
...    60 G-C ...
 -113.1104  -73.2649  129.7372
    0.4661   -0.6280   -0.6232
    0.8286    0.0630    0.5562
   -0.3101   -0.7757    0.5498
...    61 T-A ...
 -114.5565  -75.9894  131.0765
    0.8497   -0.4692   -0.2405
    0.4432    0.3886    0.8078
   -0.2856   -0.7930    0.5381
...    62 T-A ...
 -115.4286  -78.6182  132.6093
    0.9696   -0.1150    0.2160
   -0.1148    0.5658    0.8165
   -0.2162   -0.8165    0.5354
...    63 A-T ...
 -116.1421  -81.1793  134.7143
    0.6957    0.3053    0.6502
   -0.7024    0.4783    0.5271
   -0.1501   -0.8234    0.5472
...    64 T-A ...
 -115.9681  -84.0838  136.2264
    0.2214    0.4990    0.8378
   -0.9666    0.2259    0.1209
   -0.1289   -0.8366    0.5324
...    65 A-T ...
 -116.8084  -87.0299  137.9197
   -0.5220    0.4324    0.7352
   -0.8496   -0.1875   -0.4930
   -0.0753   -0.8820    0.4652
...    66 A-T ...
 -116.8898  -89.8488  139.5591
   -0.9369    0.1539    0.3138
   -0.3494   -0.3898   -0.8521
   -0.0088   -0.9079    0.4190
...    67 C-G ...
 -116.7167  -92.6862  141.5980
   -0.9657   -0.1503   -0.2118
    0.2541   -0.3792   -0.8897
    0.0534   -0.9130    0.4044
...    68 G-C ...
 -116.3724  -95.7564  142.6904
   -0.5968   -0.3236   -0.7342
    0.7992   -0.1581   -0.5799
    0.0716   -0.9329    0.3530
...    69 G-C ...
 -116.2388  -98.7805  144.0973
   -0.0778   -0.2694   -0.9599
    0.9932    0.0629   -0.0981
    0.0868   -0.9610    0.2627
...    70 A-T ...
 -116.1012 -101.9634  144.9874
    0.4981   -0.0977   -0.8616
    0.8560    0.2143    0.4706
    0.1386   -0.9719    0.1903
...    71 A-T ...
 -115.7147 -105.1792  145.3809
    0.8826    0.1009   -0.4592
    0.4284    0.2294    0.8740
    0.1935   -0.9681    0.1592
...    72 T-A ...
 -115.1556 -108.3903  145.1840
    0.9651    0.2614    0.0164
   -0.0511    0.1265    0.9907
    0.2569   -0.9569    0.1354
...    73 C-G ...
 -113.9406 -111.6302  145.4640
    0.6968    0.3486    0.6269
   -0.6295   -0.1219    0.7674
    0.3439   -0.9293    0.1345
...    74 T-A ...
 -112.4240 -114.5029  145.9576
    0.2168    0.2828    0.9343
   -0.8827   -0.3520    0.3114
    0.4169   -0.8923    0.1733
...    75 C-G ...
 -111.4271 -117.4273  147.0161
   -0.3599   -0.0091    0.9329
   -0.7796   -0.5464   -0.3061
    0.5125   -0.8375    0.1895
...    76 G-C ...
 -110.2371 -120.5159  147.3119
   -0.7308   -0.3620    0.5787
   -0.3919   -0.4716   -0.7899
    0.5589   -0.8041    0.2028
...    77 A-T ...
 -108.2842 -123.1984  147.6567
   -0.7934   -0.6065   -0.0514
    0.1467   -0.1086   -0.9832
    0.5907   -0.7877    0.1752
...    78 G-C ...
 -106.2175 -125.7103  148.2127
   -0.5659   -0.5715   -0.5943
    0.5280    0.3024   -0.7936
    0.6332   -0.7629    0.1306
...    79 C-G ...
 -104.2547 -128.4368  148.9932
   -0.1638   -0.2506   -0.9541
    0.7384    0.6102   -0.2870
    0.6541   -0.7516    0.0850
...    80 T-A ...
 -102.2440 -131.0999  149.2881
    0.1832    0.1824   -0.9660
    0.6983    0.6675    0.2585
    0.6920   -0.7219   -0.0051
...    81 C-G ...
  -99.9381 -133.5709  149.2122
    0.4885    0.5927   -0.6404
    0.4732    0.4367    0.7651
    0.7331   -0.6768   -0.0671
...    82 G-C ...
  -97.1341 -135.2403  149.1699
    0.5656    0.8162   -0.1176
    0.1852    0.0132    0.9826
    0.8036   -0.5776   -0.1437
...    83 G-C ...
  -94.2551 -136.8005  148.3988
    0.4909    0.7366    0.4653
   -0.1187   -0.4725    0.8733
    0.8631   -0.4839   -0.1445
...    84 G-C ...
  -91.0345 -137.7956  147.9743
    0.2538    0.3929    0.8839
   -0.2837   -0.8433    0.4564
    0.9247   -0.3666   -0.1026
...    85 A-T ...
  -87.8238 -138.6925  147.5879
    0.0490   -0.2163    0.9751
   -0.3470   -0.9191   -0.1865
    0.9366   -0.3292   -0.1201
...    86 T-A ...
  -84.5503 -139.2441  147.4902
   -0.1297   -0.6806    0.7211
   -0.3085   -0.6634   -0.6817
    0.9424   -0.3108   -0.1239
...    87 C-G ...
  -81.2599 -140.1433  147.3523
   -0.2392   -0.9634    0.1206
   -0.1791   -0.0783   -0.9807
    0.9543   -0.2562   -0.1538
...    88 C-G ...
  -78.0691 -140.9131  146.9421
   -0.3643   -0.8307   -0.4210
   -0.0324    0.4631   -0.8857
    0.9307   -0.3090   -0.1956
...    89 G-C ...
  -75.0019 -141.5590  145.8775
   -0.3930   -0.3798   -0.8374
    0.1602    0.8685   -0.4691
    0.9055   -0.3185   -0.2804
...    90 C-G ...
  -71.9164 -143.0101  145.2382
   -0.2657    0.2019   -0.9427
    0.3129    0.9430    0.1138
    0.9119   -0.2647   -0.3137
...    91 T-A ...
  -68.9270 -144.2779  144.0921
   -0.1201    0.7216   -0.6818
    0.4026    0.6632    0.6310
    0.9075   -0.1987   -0.3701
...    92 T-A ...
  -66.1532 -144.9253  142.5545
    0.0771    0.9799   -0.1839
    0.4046    0.1378    0.9040
    0.9112   -0.1441   -0.3859
...    93 T-A ...
  -63.2194 -145.1857  141.2526
    0.2026    0.9000    0.3860
    0.3239   -0.4336    0.8409
    0.9241   -0.0453   -0.3794
...    94 A-T ...
  -59.9588 -145.0882  140.3558
    0.2359    0.4711    0.8499
    0.2176   -0.8780    0.4263
    0.9471    0.0844   -0.3096
...    95 A-T ...
  -56.9554 -144.5076  139.4076
    0.3228   -0.1277    0.9378
    0.0775   -0.9840   -0.1607
    0.9433    0.1246   -0.3078
...    96 C-G ...
  -53.7862 -143.4825  138.6813
    0.3560   -0.6544    0.6671
   -0.0995   -0.7364   -0.6692
    0.9292    0.1719   -0.3273
...    97 A-T ...
  -50.6234 -142.9937  137.6288
    0.2141   -0.9705    0.1106
   -0.3067   -0.1743   -0.9357
    0.9274    0.1664   -0.3350
...    98 C-G ...
  -47.2666 -142.4831  137.1893
    0.0218   -0.9089   -0.4165
   -0.3900    0.3759   -0.8406
    0.9206    0.1807   -0.3463
...    99 T-A ...
  -43.7399 -142.2847  136.3905
   -0.2279   -0.5295   -0.8171
   -0.3614    0.8253   -0.4340
    0.9041    0.1964   -0.3794
...   100 T-A ...
  -40.7236 -141.9685  135.2106
   -0.3891    0.0522   -0.9197
   -0.1825    0.9742    0.1325
    0.9029    0.2194   -0.3696
...   101 T-A ...
  -37.8030 -141.3393  133.9326
   -0.4736    0.5849   -0.6585
    0.0705    0.7704    0.6336
    0.8779    0.2536   -0.4061
...   102 A-T ...
  -34.9491 -140.1698  132.6992
   -0.4517    0.8828   -0.1288
    0.3453    0.3061    0.8872
    0.8226    0.3563   -0.4431
...   103 T-A ...
  -32.7615 -138.9904  130.6737
   -0.2936    0.8932    0.3406
    0.5400   -0.1391    0.8301
    0.7888    0.4276   -0.4415
...   104 G-C ...
  -30.3362 -137.2792  129.1415
    0.0115    0.5779    0.8161
    0.6446   -0.6282    0.4358
    0.7645    0.5210   -0.3797
...   105 C-G ...
  -28.0395 -135.1089  128.0856
    0.3437    0.1086    0.9328
    0.5490   -0.8291   -0.1058
    0.7619    0.5484   -0.3446
...   106 T-A ...
  -25.4363 -132.8126  127.5015
    0.6097   -0.3874    0.6915
    0.3021   -0.6930   -0.6546
    0.7328    0.6080   -0.3054
...   107 T-A ...
  -23.0938 -130.7155  126.7692
    0.6741   -0.7151    0.1851
   -0.0961   -0.3334   -0.9379
    0.7324    0.6144   -0.2935
...   108 C-G ...
  -20.5426 -128.6102  125.9989
    0.4845   -0.7551   -0.4418
   -0.5002    0.1751   -0.8480
    0.7176    0.6318   -0.2929
...   109 C-G ...
  -18.1944 -126.4424  125.1673
    0.0646   -0.6016   -0.7962
   -0.6893    0.5500   -0.4715
    0.7216    0.5793   -0.3792
...   110 G-C ...
  -16.2441 -124.3102  123.9760
   -0.3834   -0.2810   -0.8798
   -0.6275    0.7782    0.0250
    0.6776    0.5617   -0.4747
...   111 G-C ...
  -14.0310 -122.5887  122.1660
   -0.7282    0.1573   -0.6670
   -0.3000    0.8019    0.5167
    0.6162    0.5764   -0.5367
...   112 C-G ...
  -12.1330 -121.0142  119.9074
   -0.8056    0.5449   -0.2327
    0.1616    0.5799    0.7985
    0.5701    0.6057   -0.5551
...   113 T-A ...
  -10.4331 -119.0404  117.8437
   -0.6381    0.7212    0.2697
    0.5801    0.2200    0.7843
    0.5062    0.6569   -0.5588
...   114 C-G ...
   -8.8759 -116.6298  116.2394
   -0.2012    0.6851    0.7002
    0.8763   -0.1936    0.4412
    0.4378    0.7023   -0.5614
...   115 G-C ...
   -7.0161 -114.3497  114.6693
    0.3271    0.3894    0.8610
    0.8486   -0.5219   -0.0864
    0.4157    0.7589   -0.5012
...   116 T-A ...
   -6.0059 -111.3569  113.5276
    0.7209    0.0160    0.6928
    0.5415   -0.6369   -0.5488
    0.4325    0.7708   -0.4678
...   117 A-T ...
   -4.6269 -108.4759  112.3292
    0.8868   -0.3931    0.2431
    0.0154   -0.5006   -0.8656
    0.4620    0.7713   -0.4378
...   118 T-A ...
   -3.0500 -105.6965  111.5671
    0.7784   -0.5757   -0.2504
   -0.4483   -0.2305   -0.8636
    0.4395    0.7845   -0.4375
...   119 A-T ...
   -1.8643 -102.9276  109.8864
    0.3029   -0.5611   -0.7704
   -0.8561    0.1950   -0.4786
    0.4188    0.8045   -0.4213
...   120 A-T ...
   -0.2291 -100.4184  108.6178
   -0.2529   -0.3611   -0.8976
   -0.8763    0.4786    0.0544
    0.4100    0.8003   -0.4375
...   121 T-A ...
    1.5983  -98.1526  106.9951
   -0.6786   -0.0554   -0.7324
   -0.6116    0.5949    0.5217
    0.4068    0.8019   -0.4376
...   122 G-C ...
    2.9247  -95.4007  105.3481
   -0.9439    0.2413   -0.2256
   -0.0706    0.5198    0.8514
    0.3227    0.8195   -0.4735
...   123 T-A ...
    3.7576  -92.9123  103.3798
   -0.8517    0.4579    0.2546
    0.4278    0.3271    0.8426
    0.3026    0.8266   -0.4745
...   124 G-C ...
    4.6169  -90.0649  101.8009
   -0.4533    0.5038    0.7353
    0.8589    0.0262    0.5115
    0.2384    0.8634   -0.4446
...   125 T-A ...
    4.8892  -87.2621  100.2312
    0.0589    0.4057    0.9121
    0.9719   -0.2321    0.0405
    0.2281    0.8841   -0.4079
...   126 C-G ...
    5.5685  -84.3873   99.0468
    0.6263    0.1949    0.7549
    0.7501   -0.4146   -0.5153
    0.2125    0.8889   -0.4058
...   127 G-C ...
    6.7155  -81.6928   97.4461
    0.8995   -0.1738    0.4009
    0.2991   -0.4241   -0.8548
    0.3186    0.8888   -0.3294
...   128 A-T ...
    7.6042  -78.8198   96.4143
    0.8998   -0.3963   -0.1824
   -0.2986   -0.2546   -0.9198
    0.3181    0.8821   -0.3475
...   129 C-G ...
    8.9772  -75.8387   95.9911
    0.5847   -0.5091   -0.6316
   -0.7318    0.0051   -0.6815
    0.3502    0.8607   -0.3696
...   130 C-G ...
   10.6813  -73.1556   94.7495
    0.0626   -0.5163   -0.8541
   -0.9163    0.3095   -0.2543
    0.3956    0.7985   -0.4537
...   131 A-T ...
   11.2613  -70.2087   93.1335
   -0.5240   -0.3048   -0.7953
   -0.7679    0.5729    0.2864
    0.3683    0.7608   -0.5343
...   132 A-T ...
   12.4870  -67.8341   91.2234
   -0.8750    0.0814   -0.4773
   -0.3146    0.6538    0.6882
    0.3681    0.7523   -0.5464
...   133 A-T ...
   13.7545  -65.6290   89.1432
   -0.8720    0.4894    0.0022
    0.2652    0.4687    0.8426
    0.4114    0.7354   -0.5385
...   134 T-A ...
   14.7384  -63.4258   86.8199
   -0.5923    0.6747    0.4404
    0.6886    0.1401    0.7115
    0.4183    0.7247   -0.5475
...   135 G-C ...
   15.7317  -61.4928   83.9330
    0.0341    0.7400    0.6717
    0.8636   -0.3601    0.3528
    0.5030    0.5681   -0.6514
...   136 T-A ...
   15.7848  -59.5604   80.7992
    0.5517    0.4998    0.6677
    0.6739   -0.7388   -0.0038
    0.4915    0.4520   -0.7444
...   137 G-C ...
   16.8385  -57.7219   78.2675
    0.8528   -0.0848    0.5153
    0.1507   -0.9048   -0.3983
    0.5000    0.4173   -0.7588
...   138 A-T ...
   18.4282  -55.5287   76.5298
    0.8547   -0.5006    0.1371
   -0.3188   -0.7148   -0.6224
    0.4096    0.4883   -0.7706
...   139 G-C ...
   20.4259  -54.3093   74.5419
    0.5847   -0.7389   -0.3347
   -0.7593   -0.3533   -0.5465
    0.2856    0.5737   -0.7676
...   140 C-G ...
   21.4270  -51.8266   72.7875
    0.1304   -0.7144   -0.6875
   -0.8897    0.2216   -0.3991
    0.4375    0.6637   -0.6067
...   141 G-C ...
   22.1521  -50.1494   67.4639
   -0.4682   -0.8748    0.1248
   -0.8494    0.4066   -0.3364
    0.2435   -0.2635   -0.9334
...   142 C-G ...
   22.3489  -51.2414   64.4933
   -0.8528   -0.5119   -0.1032
   -0.4975    0.8565   -0.1374
    0.1587   -0.0659   -0.9851
...   143 T-A ...
   24.0166  -51.6378   61.9248
   -0.9562    0.0401   -0.2898
    0.0524    0.9980   -0.0348
    0.2878   -0.0485   -0.9564
...   144 C-G ...
   24.8958  -52.7395   58.9873
   -0.7529    0.5560   -0.3520
    0.5214    0.8304    0.1965
    0.4016   -0.0356   -0.9151
...   145 A-T ...
   25.5276  -52.9803   55.8053
   -0.2442    0.9563   -0.1610
    0.8906    0.2869    0.3528
    0.3836   -0.0573   -0.9217
...   146 C-G ...
   25.2778  -52.5122   52.0796
    0.3204    0.9427   -0.0929
    0.8825   -0.2614    0.3909
    0.3443   -0.2072   -0.9157
...   147 A-T ...
   25.6238  -52.5940   48.6395
    0.8597    0.5097    0.0339
    0.4496   -0.7865    0.4233
    0.2424   -0.3487   -0.9053
