  147 base-pairs
...     1 T-A ...
    0.0000    0.0000    0.0000
    1.0000    0.0000    0.0000
    0.0000    1.0000    0.0000
    0.0000    0.0000    1.0000
...     2 G-C ...
   -0.5555   -1.1003    3.3981
    0.7749    0.6051    0.1828
   -0.5991    0.7953   -0.0929
   -0.2016   -0.0375    0.9787
...     3 T-A ...
   -0.6619   -3.0237    6.5348
    0.3046    0.9250    0.2271
   -0.8994    0.3578   -0.2510
   -0.3134   -0.1278    0.9410
...     4 G-C ...
   -1.1607   -3.8418    9.6940
   -0.3351    0.9421    0.0133
   -0.8752   -0.3061   -0.3746
   -0.3489   -0.1372    0.9271
...     5 A-T ...
   -1.3881   -3.6770   12.8999
   -0.7835    0.6162   -0.0801
   -0.5677   -0.7622   -0.3109
   -0.2527   -0.1981    0.9470
...     6 G-C ...
   -2.6236   -3.5448   15.7072
   -0.9923    0.0611   -0.1075
   -0.0294   -0.9610   -0.2748
   -0.1201   -0.2695    0.9555
...     7 C-G ...
   -2.3138   -3.7570   18.8866
   -0.8620   -0.4995   -0.0864
    0.5008   -0.8655    0.0073
   -0.0785   -0.0370    0.9962
...     8 G-C ...
   -3.9561   -6.8109   23.3205
   -0.2581   -0.3560   -0.8981
    0.6294   -0.7673    0.1233
   -0.7330   -0.5335    0.4221
...     9 C-G ...
   -6.1177   -8.9414   24.2385
    0.1143   -0.7320   -0.6716
    0.8123   -0.3203    0.4874
   -0.5720   -0.6013    0.5580
...    10 T-A ...
   -8.5041   -9.6771   26.0540
    0.4660   -0.8587   -0.2131
    0.6274    0.1508    0.7640
   -0.6239   -0.4897    0.6090
...    11 C-G ...
  -11.0625  -11.3174   27.2336
    0.6660   -0.6911    0.2808
    0.3382    0.6152    0.7121
   -0.6649   -0.3794    0.6435
...    12 A-T ...
  -13.0013  -13.1789   29.0658
    0.7188   -0.1490    0.6790
   -0.1787    0.9043    0.3876
   -0.6718   -0.4000    0.6235
...    13 C-G ...
  -14.1788  -15.9359   31.3399
    0.4052    0.2865    0.8682
   -0.5270    0.8492   -0.0343
   -0.7470   -0.4437    0.4951
...    14 A-T ...
  -15.9532  -18.1566   33.3080
   -0.1503    0.6873    0.7107
   -0.6106    0.5008   -0.6135
   -0.7776   -0.5261    0.3444
...    15 A-T ...
  -18.4836  -19.7791   34.5499
   -0.4460    0.8731    0.1969
   -0.4246   -0.0127   -0.9053
   -0.7879   -0.4873    0.3763
...    16 T-A ...
  -20.8545  -21.2116   36.5041
   -0.6328    0.7055   -0.3192
   -0.1093   -0.4894   -0.8652
   -0.7666   -0.5126    0.3868
...    17 T-A ...
  -23.3440  -22.6221   38.1120
   -0.6089    0.2533   -0.7517
    0.2874   -0.8129   -0.5066
   -0.7394   -0.5245    0.4221
...    18 T-A ...
  -25.8714  -24.0626   39.6254
   -0.3523   -0.2873   -0.8907
    0.5914   -0.8059    0.0260
   -0.7253   -0.5176    0.4539
...    19 A-T ...
  -28.1586  -25.9947   41.3868
    0.0947   -0.7889   -0.6072
    0.6902   -0.3876    0.6111
   -0.7174   -0.4769    0.5078
...    20 T-A ...
  -30.9798  -27.3093   42.6214
    0.4176   -0.8947   -0.1584
    0.5490    0.1095    0.8286
   -0.7240   -0.4330    0.5369
...    21 T-A ...
  -33.4817  -28.7519   44.1368
    0.6421   -0.6671    0.3777
    0.2015    0.6222    0.7565
   -0.7397   -0.4097    0.5339
...    22 C-G ...
  -35.9339  -30.0698   45.9069
    0.6619   -0.1514    0.7341
   -0.2229    0.8953    0.3856
   -0.7157   -0.4189    0.5589
...    23 G-C ...
  -38.5392  -30.8690   47.9675
    0.5417    0.4414    0.7153
   -0.5647    0.8215   -0.0792
   -0.6226   -0.3611    0.6943
...    24 C-G ...
  -40.3124  -32.3282   50.3074
    0.2041    0.8282    0.5219
   -0.7625    0.4688   -0.4459
   -0.6140   -0.3069    0.7272
...    25 A-T ...
  -42.6757  -33.1245   52.5158
   -0.2135    0.9722    0.0965
   -0.7564   -0.1020   -0.6461
   -0.6183   -0.2109    0.7572
...    26 A-T ...
  -44.6359  -33.6164   55.1034
   -0.5996    0.7392   -0.3067
   -0.5075   -0.6475   -0.5685
   -0.6188   -0.1853    0.7634
...    27 A-T ...
  -46.4826  -33.9243   57.7763
   -0.7927    0.2203   -0.5685
   -0.0625   -0.9569   -0.2837
   -0.6065   -0.1893    0.7723
...    28 G-C ...
  -48.6699  -34.0608   60.3673
   -0.6724   -0.3260   -0.6645
    0.3621   -0.9279    0.0888
   -0.6456   -0.1809    0.7420
...    29 G-C ...
  -51.1228  -34.4749   62.7644
   -0.3015   -0.7982   -0.5215
    0.6770   -0.5643    0.4725
   -0.6714   -0.2106    0.7105
...    30 C-G ...
  -53.5892  -35.0729   64.8597
    0.1597   -0.9685   -0.1911
    0.7230   -0.0171    0.6906
   -0.6721   -0.2484    0.6975
...    31 C-G ...
  -56.0790  -35.7505   67.0484
    0.5791   -0.7940    0.1850
    0.5098    0.5297    0.6779
   -0.6362   -0.2982    0.7115
...    32 G-C ...
  -57.8887  -36.4283   69.4879
    0.8222   -0.3653    0.4365
    0.1236    0.8632    0.4895
   -0.5556   -0.3485    0.7549
...    33 G-C ...
  -59.4576  -37.8253   72.0998
    0.7886    0.2087    0.5783
   -0.3690    0.9131    0.1737
   -0.4918   -0.3504    0.7971
...    34 C-G ...
  -60.7919  -39.2492   74.7409
    0.4746    0.7030    0.5297
   -0.7526    0.6362   -0.1700
   -0.4565   -0.3179    0.8310
...    35 C-G ...
  -61.9031  -40.1302   77.8485
    0.0035    0.9593    0.2822
   -0.9036    0.1239   -0.4101
   -0.4284   -0.2536    0.8673
...    36 C-G ...
  -63.1430  -40.7043   80.9282
   -0.4865    0.8725   -0.0446
   -0.7703   -0.4524   -0.4494
   -0.4123   -0.1843    0.8922
...    37 G-C ...
  -64.9902  -41.9468   83.5154
   -0.8064    0.4760   -0.3509
   -0.3663   -0.8679   -0.3355
   -0.4643   -0.1420    0.8742
...    38 A-T ...
  -66.4040  -42.3610   86.3380
   -0.8659   -0.1309   -0.4828
    0.1874   -0.9798   -0.0704
   -0.4638   -0.1514    0.8729
...    39 C-G ...
  -68.2324  -42.4315   88.9977
   -0.6199   -0.6210   -0.4796
    0.6083   -0.7665    0.2062
   -0.4957   -0.1639    0.8529
...    40 A-T ...
  -69.9962  -43.0614   91.7949
   -0.1064   -0.9403   -0.3232
    0.8526   -0.2536    0.4569
   -0.5116   -0.2269    0.8287
...    41 C-G ...
  -72.0701  -44.0343   94.1895
    0.3755   -0.9239   -0.0731
    0.7780    0.2713    0.5666
   -0.5037   -0.2696    0.8207
...    42 G-C ...
  -73.3586  -44.7145   97.1943
    0.7978   -0.5623    0.2176
    0.3945    0.7597    0.5170
   -0.4560   -0.3266    0.8279
...    43 A-T ...
  -74.8960  -45.7479   99.7734
    0.8800   -0.0023    0.4750
   -0.1470    0.9495    0.2770
   -0.4516   -0.3136    0.8353
...    44 C-G ...
  -76.1233  -47.3783  102.3699
    0.6870    0.5221    0.5055
   -0.6051    0.7961    0.0001
   -0.4023   -0.3059    0.8629
...    45 T-A ...
  -76.9461  -48.7657  105.5979
    0.2312    0.8988    0.3724
   -0.8957    0.3461   -0.2791
   -0.3798   -0.2691    0.8851
...    46 T-A ...
  -77.9094  -49.6944  108.5325
   -0.2787    0.9454    0.1689
   -0.8800   -0.1810   -0.4391
   -0.3845   -0.2710    0.8824
...    47 A-T ...
  -79.4101  -50.6217  111.3968
   -0.7599    0.6295   -0.1619
   -0.5164   -0.7360   -0.4378
   -0.3948   -0.2490    0.8844
...    48 C-G ...
  -80.5573  -50.7919  114.5408
   -0.9113    0.1398   -0.3874
   -0.0315   -0.9615   -0.2729
   -0.4106   -0.2365    0.8806
...    49 T-A ...
  -82.1437  -51.1556  117.5113
   -0.7511   -0.3825   -0.5382
    0.4536   -0.8912    0.0004
   -0.4798   -0.2438    0.8428
...    50 G-C ...
  -83.8819  -52.1484  120.2325
   -0.2956   -0.7891   -0.5384
    0.7950   -0.5157    0.3193
   -0.5297   -0.3337    0.7798
...    51 T-A ...
  -86.0251  -53.0979  122.4322
    0.1762   -0.9239   -0.3396
    0.8307   -0.0455    0.5549
   -0.5281   -0.3798    0.7595
...    52 A-T ...
  -87.6736  -54.5528  124.9412
    0.6814   -0.7313   -0.0301
    0.5539    0.4883    0.6743
   -0.4784   -0.4762    0.7378
...    53 G-C ...
  -89.3867  -56.1712  127.1792
    0.9139   -0.3252    0.2430
    0.1150    0.7816    0.6131
   -0.3893   -0.5324    0.7517
...    54 G-C ...
  -90.4627  -58.7138  129.4986
    0.8517    0.2125    0.4791
   -0.4285    0.8086    0.4031
   -0.3017   -0.5486    0.7798
...    55 T-A ...
  -90.9898  -60.7907  131.9766
    0.5050    0.6098    0.6108
   -0.8166    0.5668    0.1093
   -0.2795   -0.5539    0.7842
...    56 A-T ...
  -91.4690  -62.7249  134.7422
   -0.0686    0.8470    0.5271
   -0.9656    0.0765   -0.2486
   -0.2509   -0.5260    0.8126
...    57 T-A ...
  -91.5741  -64.3689  137.6080
   -0.5714    0.7471    0.3396
   -0.7849   -0.3766   -0.4921
   -0.2398   -0.5477    0.8016
...    58 C-G ...
  -92.2932  -65.9993  140.4953
   -0.9382    0.3437   -0.0416
   -0.2493   -0.7540   -0.6077
   -0.2402   -0.5597    0.7931
...    59 T-A ...
  -93.2863  -67.5796  143.2974
   -0.9114   -0.0896   -0.4016
    0.2953   -0.8221   -0.4868
   -0.2865   -0.5623    0.7757
...    60 C-G ...
  -94.2383  -69.4449  145.9533
   -0.5489   -0.5399   -0.6381
    0.7818   -0.6018   -0.1633
   -0.2958   -0.5885    0.7524
...    61 G-C ...
  -94.7975  -71.7483  148.2943
   -0.0073   -0.6441   -0.7649
    0.9493   -0.2449    0.1971
   -0.3143   -0.7247    0.6133
...    62 A-T ...
  -95.6611  -74.0431  150.4735
    0.5609   -0.6044   -0.5658
    0.7907    0.1885    0.5825
   -0.2454   -0.7741    0.5836
...    63 G-C ...
  -96.5048  -76.8091  152.1097
    0.9100   -0.3475   -0.2261
    0.3749    0.4570    0.8066
   -0.1769   -0.8188    0.5462
...    64 C-G ...
  -96.9996  -79.8833  153.4852
    0.9672    0.0205    0.2531
   -0.2227    0.5474    0.8067
   -0.1220   -0.8366    0.5340
...    65 T-A ...
  -97.2243  -82.7537  155.0930
    0.6998    0.3419    0.6272
   -0.7118    0.4075    0.5721
   -0.0600   -0.8468    0.5285
...    66 C-G ...
  -97.4640  -85.2514  157.1856
    0.1363    0.5208    0.8427
   -0.9905    0.0551    0.1262
    0.0193   -0.8519    0.5233
...    67 G-C ...
  -98.5254  -88.0827  159.0834
   -0.4724    0.4664    0.7479
   -0.8797   -0.3023   -0.3672
    0.0548   -0.8314    0.5530
...    68 G-C ...
  -98.1768  -90.8293  161.0621
   -0.8924    0.2388    0.3829
   -0.4510   -0.4955   -0.7423
    0.0125   -0.8351    0.5499
...    69 G-C ...
  -98.1039  -93.5047  163.0768
   -0.9905   -0.0037   -0.1377
    0.1168   -0.5515   -0.8260
   -0.0729   -0.8342    0.5467
...    70 A-T ...
  -98.3656  -96.1474  165.1381
   -0.7169   -0.3243   -0.6172
    0.6937   -0.4198   -0.5852
   -0.0693   -0.8477    0.5259
...    71 T-A ...
  -99.1279  -98.7082  167.0724
   -0.2476   -0.4643   -0.8504
    0.9661   -0.1850   -0.1802
   -0.0736   -0.8661    0.4943
...    72 C-G ...
  -99.5797 -101.5983  168.6050
    0.3702   -0.4324   -0.8222
    0.9273    0.1187    0.3551
   -0.0560   -0.8938    0.4449
...    73 C-G ...
  -99.9327 -104.4761  170.1530
    0.7965   -0.1564   -0.5841
    0.6002    0.3217    0.7323
    0.0734   -0.9338    0.3501
...    74 G-C ...
  -99.2481 -107.4630  171.5090
    0.9682    0.2020   -0.1475
    0.0853    0.2874    0.9540
    0.2351   -0.9363    0.2610
...    75 C-G ...
  -98.0484 -110.7009  171.8670
    0.8363    0.3456    0.4256
   -0.4765    0.0744    0.8760
    0.2711   -0.9354    0.2269
...    76 T-A ...
  -96.3135 -113.6905  172.6100
    0.4125    0.3076    0.8575
   -0.8432   -0.2273    0.4871
    0.3447   -0.9240    0.1656
...    77 T-A ...
  -94.8352 -116.5929  173.0152
   -0.1484    0.0270    0.9886
   -0.9188   -0.3736   -0.1277
    0.3658   -0.9272    0.0802
...    78 T-A ...
  -93.2129 -119.4610  173.2971
   -0.6264   -0.2907    0.7233
   -0.6630   -0.2893   -0.6905
    0.4099   -0.9120   -0.0115
...    79 A-T ...
  -92.0108 -122.4100  172.1932
   -0.8278   -0.5503    0.1094
   -0.1507    0.0302   -0.9881
    0.5404   -0.8344   -0.1079
...    80 A-T ...
  -90.2064 -125.0783  171.9822
   -0.7464   -0.4492   -0.4911
    0.3292    0.3920   -0.8590
    0.5784   -0.8028   -0.1447
...    81 C-G ...
  -88.5445 -128.0215  171.9166
   -0.4626   -0.1391   -0.8756
    0.6656    0.5979   -0.4466
    0.5856   -0.7894   -0.1840
...    82 A-T ...
  -86.6121 -130.7910  171.1122
   -0.0735    0.3650   -0.9281
    0.8195    0.5524    0.1524
    0.5683   -0.7494   -0.3397
...    83 T-A ...
  -85.3229 -133.4322  169.7461
    0.3195    0.6190   -0.7175
    0.7514    0.2958    0.5898
    0.5773   -0.7276   -0.3706
...    84 C-G ...
  -83.5121 -135.7528  168.3899
    0.6595    0.7283   -0.1861
    0.4256   -0.1577    0.8911
    0.6196   -0.6669   -0.4140
...    85 A-T ...
  -81.5095 -137.7278  166.4188
    0.6995    0.6142    0.3653
    0.1089   -0.5969    0.7949
    0.7063   -0.5163   -0.4844
...    86 T-A ...
  -79.1057 -138.9504  164.5711
    0.6295    0.2403    0.7389
   -0.2433   -0.8422    0.4811
    0.7379   -0.4826   -0.4717
...    87 G-C ...
  -76.4962 -140.4019  162.9952
    0.3311   -0.3343    0.8824
   -0.5531   -0.8264   -0.1055
    0.7645   -0.4531   -0.4585
...    88 T-A ...
  -73.5635 -141.4781  161.5741
   -0.0120   -0.7712    0.6364
   -0.6504   -0.4774   -0.5908
    0.7595   -0.4210   -0.4958
...    89 T-A ...
  -70.9210 -142.6237  160.0447
   -0.3424   -0.9344    0.0984
   -0.5273    0.1044   -0.8433
    0.7777   -0.3406   -0.5284
...    90 A-T ...
  -68.2960 -143.3996  157.8668
   -0.5535   -0.6206   -0.5554
   -0.1992    0.7462   -0.6352
    0.8087   -0.2409   -0.5367
...    91 T-A ...
  -65.6433 -144.7379  156.4791
   -0.5751   -0.1387   -0.8062
    0.0936    0.9679   -0.2333
    0.8127   -0.2096   -0.5437
...    92 A-T ...
  -62.8276 -145.1105  154.6444
   -0.4551    0.5025   -0.7351
    0.4244    0.8482    0.3171
    0.7828   -0.1676   -0.5992
...    93 A-T ...
  -60.5076 -145.6630  152.5782
   -0.2078    0.8988   -0.3861
    0.6194    0.4263    0.6592
    0.7571   -0.1022   -0.6453
...    94 C-G ...
  -58.4882 -145.9281  149.9097
    0.1219    0.9893    0.0799
    0.6484   -0.1403    0.7482
    0.7515   -0.0395   -0.6586
...    95 G-C ...
  -55.7263 -145.6972  148.1318
    0.3645    0.7380    0.5679
    0.5462   -0.6633    0.5115
    0.7542    0.1237   -0.6449
...    96 G-C ...
  -52.9819 -144.7105  146.5373
    0.5183    0.2426    0.8201
    0.3452   -0.9367    0.0590
    0.7824    0.2525   -0.5692
...    97 A-T ...
  -50.2875 -143.7041  144.9621
    0.5897   -0.3814    0.7119
   -0.0027   -0.8824   -0.4705
    0.8076    0.2756   -0.5213
...    98 C-G ...
  -47.5361 -142.3260  143.6553
    0.4794   -0.8102    0.3371
   -0.3130   -0.5168   -0.7969
    0.8199    0.2765   -0.5013
...    99 T-A ...
  -44.2808 -141.1380  142.5034
    0.2069   -0.9562   -0.2073
   -0.5425    0.0642   -0.8376
    0.8142    0.2857   -0.5054
...   100 T-A ...
  -41.4310 -140.2580  141.1341
   -0.1142   -0.7011   -0.7038
   -0.5724    0.6255   -0.5302
    0.8120    0.3423   -0.4727
...   101 T-A ...
  -38.6235 -139.2542  139.7317
   -0.4186   -0.1829   -0.8896
   -0.4101    0.9120    0.0055
    0.8103    0.3671   -0.4568
...   102 A-T ...
  -35.9607 -137.5533  138.3487
   -0.5942    0.4659   -0.6556
   -0.0479    0.7932    0.6071
    0.8029    0.3922   -0.4489
...   103 T-A ...
  -33.5867 -136.6831  136.3597
   -0.5893    0.7703   -0.2437
    0.2558    0.4640    0.8481
    0.7663    0.4375   -0.4705
...   104 G-C ...
  -31.2376 -135.1073  134.5873
   -0.3879    0.8424    0.3739
    0.5918   -0.0833    0.8018
    0.7066    0.5323   -0.4663
...   105 C-G ...
  -29.2795 -132.9723  132.9738
   -0.0230    0.6202    0.7841
    0.7188   -0.5349    0.4442
    0.6949    0.5738   -0.4335
...   106 T-A ...
  -27.1662 -130.4325  131.7447
    0.4026    0.1784    0.8978
    0.6402   -0.7559   -0.1368
    0.6543    0.6299   -0.4185
...   107 T-A ...
  -25.1474 -128.1895  130.6024
    0.6884   -0.3073    0.6571
    0.3067   -0.6976   -0.6476
    0.6574    0.6472   -0.3859
...   108 C-G ...
  -22.8776 -125.8941  129.5092
    0.7387   -0.6675    0.0942
   -0.1937   -0.3440   -0.9188
    0.6457    0.6604   -0.3834
...   109 C-G ...
  -20.6585 -123.7279  128.3392
    0.4521   -0.7963   -0.4019
   -0.5636    0.0942   -0.8206
    0.6913    0.5975   -0.4063
...   110 G-C ...
  -18.8149 -121.6853  126.8081
    0.0103   -0.6620   -0.7494
   -0.7190    0.5160   -0.4656
    0.6950    0.5436   -0.4706
...   111 G-C ...
  -16.4244 -120.0269  125.1209
   -0.4568   -0.2767   -0.8454
   -0.5948    0.8017    0.0590
    0.6615    0.5298   -0.5308
...   112 C-G ...
  -14.0809 -118.7188  123.1196
   -0.7493    0.2070   -0.6291
   -0.2257    0.8132    0.5364
    0.6226    0.5439   -0.5626
...   113 T-A ...
  -12.0681 -116.9951  121.0913
   -0.7892    0.5838   -0.1908
    0.2362    0.5751    0.7832
    0.5670    0.5730   -0.5918
...   114 C-G ...
  -10.2673 -114.8898  119.2498
   -0.5038    0.7923    0.3442
    0.6926    0.1323    0.7091
    0.5163    0.5956   -0.6154
...   115 G-C ...
   -8.1989 -112.8040  117.6137
   -0.0146    0.6594    0.7517
    0.8786   -0.3504    0.3244
    0.4773    0.6651   -0.5742
...   116 T-A ...
   -7.2268 -109.9926  115.9508
    0.4603    0.3209    0.8277
    0.7423   -0.6506   -0.1605
    0.4870    0.6883   -0.5377
...   117 A-T ...
   -5.7353 -107.3571  114.3701
    0.8029   -0.1719    0.5708
    0.3155   -0.6900   -0.6515
    0.5058    0.7031   -0.4997
...   118 T-A ...
   -4.2006 -104.6279  113.3014
    0.8598   -0.4956    0.1226
   -0.1627   -0.4935   -0.8544
    0.4840    0.7147   -0.5049
...   119 A-T ...
   -2.8379 -102.1112  111.2708
    0.5281   -0.6458   -0.5514
   -0.7347   -0.0219   -0.6780
    0.4258    0.7632   -0.4861
...   120 A-T ...
   -1.2105  -99.6380  109.9000
   -0.0081   -0.5347   -0.8450
   -0.9081    0.3578   -0.2177
    0.4187    0.7655   -0.4885
...   121 T-A ...
    0.7169  -97.4268  108.2950
   -0.4957   -0.2498   -0.8318
   -0.7615    0.5854    0.2780
    0.4175    0.7713   -0.4804
...   122 G-C ...
    2.1224  -94.7343  106.5902
   -0.8946    0.1166   -0.4313
   -0.2751    0.6169    0.7374
    0.3520    0.7784   -0.5198
...   123 T-A ...
    3.2278  -92.4391  104.4865
   -0.9087    0.4154    0.0404
    0.2467    0.4563    0.8549
    0.3367    0.7869   -0.5171
...   124 G-C ...
    4.2944  -89.7121  102.7596
   -0.5858    0.5561    0.5895
    0.7632    0.1337    0.6322
    0.2728    0.8203   -0.5027
...   125 T-A ...
    4.7236  -87.0824  100.9531
   -0.0923    0.5034    0.8591
    0.9623   -0.1766    0.2069
    0.2559    0.8458   -0.4681
...   126 C-G ...
    5.4880  -84.3060   99.5670
    0.5095    0.3008    0.8062
    0.8264   -0.4319   -0.3612
    0.2396    0.8503   -0.4686
...   127 G-C ...
    6.8279  -81.7519   97.7953
    0.8605   -0.0977    0.5001
    0.3953   -0.4911   -0.7762
    0.3214    0.8656   -0.3840
...   128 A-T ...
    7.7577  -78.9417   96.5794
    0.9243   -0.3749   -0.0718
   -0.2104   -0.3432   -0.9154
    0.3185    0.8612   -0.3961
...   129 C-G ...
    9.0677  -75.9450   96.0145
    0.6452   -0.5351   -0.5453
   -0.6794   -0.0754   -0.7299
    0.3494    0.8414   -0.4122
...   130 C-G ...
   10.6990  -73.2568   94.6804
    0.1245   -0.5655   -0.8153
   -0.9096    0.2631   -0.3214
    0.3963    0.7816   -0.4817
...   131 A-T ...
   11.1748  -70.2394   93.0502
   -0.4932   -0.3242   -0.8072
   -0.7843    0.5672    0.2513
    0.3764    0.7571   -0.5340
...   132 A-T ...
   12.4288  -67.8469   91.1770
   -0.8656    0.0736   -0.4953
   -0.3317    0.6568    0.6772
    0.3752    0.7505   -0.5441
...   133 A-T ...
   13.7249  -65.6380   89.1176
   -0.8739    0.4860   -0.0112
    0.2529    0.4740    0.8434
    0.4152    0.7342   -0.5372
...   134 T-A ...
   14.7384  -63.4258   86.8199
   -0.5923    0.6747    0.4404
    0.6886    0.1401    0.7115
    0.4183    0.7247   -0.5475
...   135 G-C ...
   15.7317  -61.4928   83.9330
    0.0341    0.7400    0.6717
    0.8636   -0.3601    0.3528
    0.5030    0.5681   -0.6514
...   136 T-A ...
   15.7848  -59.5604   80.7992
    0.5517    0.4998    0.6677
    0.6739   -0.7388   -0.0038
    0.4915    0.4520   -0.7444
...   137 G-C ...
   16.8385  -57.7219   78.2675
    0.8528   -0.0848    0.5153
    0.1507   -0.9048   -0.3983
    0.5000    0.4173   -0.7588
...   138 A-T ...
   18.4283  -55.5287   76.5299
    0.8547   -0.5006    0.1371
   -0.3188   -0.7148   -0.6224
    0.4096    0.4883   -0.7706
...   139 G-C ...
   20.4259  -54.3093   74.5420
    0.5847   -0.7389   -0.3347
   -0.7593   -0.3533   -0.5465
    0.2856    0.5737   -0.7676
...   140 C-G ...
   21.4270  -51.8266   72.7876
    0.1304   -0.7144   -0.6875
   -0.8897    0.2216   -0.3991
    0.4375    0.6637   -0.6067
...   141 G-C ...
   22.1521  -50.1495   67.4640
   -0.4682   -0.8748    0.1248
   -0.8494    0.4066   -0.3364
    0.2435   -0.2635   -0.9334
...   142 C-G ...
   22.3489  -51.2414   64.4933
   -0.8528   -0.5119   -0.1032
   -0.4975    0.8565   -0.1374
    0.1587   -0.0659   -0.9851
...   143 T-A ...
   24.0166  -51.6378   61.9248
   -0.9562    0.0401   -0.2898
    0.0524    0.9980   -0.0348
    0.2878   -0.0485   -0.9564
...   144 C-G ...
   24.8958  -52.7395   58.9873
   -0.7529    0.5560   -0.3520
    0.5214    0.8304    0.1965
    0.4016   -0.0356   -0.9151
...   145 A-T ...
   25.5276  -52.9803   55.8053
   -0.2442    0.9563   -0.1610
    0.8906    0.2869    0.3528
    0.3836   -0.0573   -0.9217
...   146 C-G ...
   25.2778  -52.5122   52.0796
    0.3204    0.9427   -0.0929
    0.8825   -0.2614    0.3909
    0.3443   -0.2072   -0.9157
...   147 A-T ...
   25.6239  -52.5940   48.6396
    0.8597    0.5097    0.0339
    0.4496   -0.7865    0.4233
    0.2424   -0.3487   -0.9053
