  147 base-pairs
...     1 T-A ...
    0.0000    0.0000    0.0000
    1.0000    0.0000    0.0000
    0.0000    1.0000    0.0000
    0.0000    0.0000    1.0000
...     2 G-C ...
   -0.5555   -1.1003    3.3981
    0.7749    0.6051    0.1828
   -0.5991    0.7953   -0.0929
   -0.2016   -0.0375    0.9787
...     3 T-A ...
   -0.6619   -3.0237    6.5348
    0.3046    0.9250    0.2271
   -0.8994    0.3578   -0.2510
   -0.3134   -0.1278    0.9410
...     4 G-C ...
   -1.1607   -3.8418    9.6940
   -0.3351    0.9421    0.0133
   -0.8752   -0.3061   -0.3746
   -0.3489   -0.1372    0.9271
...     5 A-T ...
   -1.3881   -3.6770   12.8999
   -0.7835    0.6162   -0.0801
   -0.5677   -0.7622   -0.3109
   -0.2527   -0.1981    0.9470
...     6 G-C ...
   -2.6236   -3.5448   15.7072
   -0.9923    0.0611   -0.1075
   -0.0294   -0.9610   -0.2748
   -0.1201   -0.2695    0.9555
...     7 C-G ...
   -2.3138   -3.7570   18.8866
   -0.8620   -0.4995   -0.0864
    0.5008   -0.8655    0.0073
   -0.0785   -0.0370    0.9962
...     8 G-C ...
   -3.9561   -6.8109   23.3205
   -0.2581   -0.3560   -0.8981
    0.6294   -0.7673    0.1233
   -0.7330   -0.5335    0.4221
...     9 C-G ...
   -6.1177   -8.9414   24.2385
    0.1143   -0.7320   -0.6716
    0.8123   -0.3203    0.4874
   -0.5720   -0.6013    0.5580
...    10 T-A ...
   -8.5041   -9.6771   26.0540
    0.4660   -0.8587   -0.2131
    0.6274    0.1508    0.7640
   -0.6239   -0.4897    0.6090
...    11 C-G ...
  -11.0625  -11.3174   27.2336
    0.6660   -0.6911    0.2808
    0.3382    0.6152    0.7121
   -0.6649   -0.3794    0.6435
...    12 A-T ...
  -13.0013  -13.1789   29.0658
    0.7188   -0.1490    0.6790
   -0.1787    0.9043    0.3876
   -0.6718   -0.4000    0.6235
...    13 C-G ...
  -14.1788  -15.9359   31.3399
    0.4052    0.2865    0.8682
   -0.5270    0.8492   -0.0343
   -0.7470   -0.4437    0.4951
...    14 A-T ...
  -15.9532  -18.1566   33.3080
   -0.1503    0.6873    0.7107
   -0.6106    0.5008   -0.6135
   -0.7776   -0.5261    0.3444
...    15 A-T ...
  -18.3925  -19.8449   34.6184
   -0.4560    0.8654    0.2076
   -0.4143   -0.0000   -0.9101
   -0.7876   -0.5011    0.3586
...    16 T-A ...
  -20.7736  -21.2478   36.4013
   -0.5907    0.7487   -0.3008
   -0.1260   -0.4538   -0.8821
   -0.7970   -0.4832    0.3624
...    17 T-A ...
  -23.3946  -22.6237   37.7484
   -0.5497    0.3388   -0.7636
    0.2347   -0.8146   -0.5304
   -0.8017   -0.4708    0.3683
...    18 T-A ...
  -26.1042  -23.9020   39.0338
   -0.3191   -0.2207   -0.9217
    0.5082   -0.8607    0.0302
   -0.8000   -0.4587    0.3868
...    19 A-T ...
  -28.5095  -25.7912   40.5799
    0.0652   -0.7613   -0.6452
    0.5938   -0.4900    0.6382
   -0.8020   -0.4247    0.4201
...    20 T-A ...
  -31.5143  -26.9353   41.4237
    0.3495   -0.9154   -0.1995
    0.4736   -0.0111    0.8806
   -0.8084   -0.4023    0.4297
...    21 T-A ...
  -34.2870  -28.2184   42.5801
    0.5339   -0.7531    0.3844
    0.1828    0.5467    0.8171
   -0.8255   -0.3660    0.4296
...    22 C-G ...
  -37.0431  -29.4531   43.9452
    0.5480   -0.2512    0.7979
   -0.1769    0.8975    0.4041
   -0.8176   -0.3626    0.4473
...    23 G-C ...
  -39.9365  -30.2134   45.5661
    0.4241    0.3574    0.8322
   -0.4677    0.8733   -0.1367
   -0.7755   -0.3312    0.5374
...    24 C-G ...
  -42.2511  -31.5918   47.5350
    0.1263    0.8025    0.5831
   -0.6275    0.5199   -0.5796
   -0.7683   -0.2927    0.5693
...    25 A-T ...
  -44.9926  -32.3841   49.3172
   -0.1864    0.9802    0.0670
   -0.6029   -0.0603   -0.7956
   -0.7758   -0.1887    0.6022
...    26 A-T ...
  -47.4082  -32.8588   51.4383
   -0.4952    0.7616   -0.4181
   -0.3847   -0.6236   -0.6805
   -0.7790   -0.1761    0.6018
...    27 A-T ...
  -49.9086  -33.1941   53.4916
   -0.6243    0.2516   -0.7396
   -0.0275   -0.9532   -0.3010
   -0.7807   -0.1675    0.6021
...    28 G-C ...
  -52.6163  -33.4154   55.4454
   -0.4907   -0.3058   -0.8159
    0.3036   -0.9377    0.1689
   -0.8167   -0.1649    0.5530
...    29 G-C ...
  -55.5831  -33.7846   57.0725
   -0.1742   -0.7697   -0.6141
    0.5031   -0.6057    0.6165
   -0.8465   -0.2016    0.4928
...    30 C-G ...
  -58.6328  -34.3388   58.3510
    0.1697   -0.9702   -0.1728
    0.5023   -0.0657    0.8622
   -0.8479   -0.2331    0.4762
...    31 C-G ...
  -61.5918  -35.2698   59.7296
    0.4829   -0.8171    0.3150
    0.2992    0.4920    0.8175
   -0.8230   -0.3005    0.4821
...    32 G-C ...
  -64.2431  -36.0209   61.7198
    0.6406   -0.3437    0.6867
   -0.0577    0.8702    0.4894
   -0.7657   -0.3531    0.5376
...    33 G-C ...
  -66.7261  -37.4293   63.5373
    0.5519    0.2377    0.7993
   -0.4225    0.9061    0.0222
   -0.7190   -0.3500    0.6005
...    34 C-G ...
  -68.8378  -38.8917   65.6729
    0.2463    0.7216    0.6471
   -0.6676    0.6103   -0.4265
   -0.7026   -0.3269    0.6320
...    35 C-G ...
  -71.0087  -39.9321   68.0565
   -0.1203    0.9628    0.2421
   -0.7082    0.0876   -0.7005
   -0.6957   -0.2558    0.6713
...    36 C-G ...
  -73.2307  -40.5524   70.5452
   -0.4453    0.8605   -0.2476
   -0.5354   -0.4775   -0.6967
   -0.7177   -0.1777    0.6733
...    37 G-C ...
  -75.9008  -41.2795   72.5104
   -0.5983    0.4368   -0.6717
   -0.2000   -0.8932   -0.4026
   -0.7759   -0.1065    0.6218
...    38 A-T ...
  -78.4802  -41.5224   74.5616
   -0.5743   -0.1925   -0.7957
    0.1989   -0.9756    0.0924
   -0.7941   -0.1052    0.5986
...    39 C-G ...
  -81.3203  -41.2962   76.3024
   -0.3522   -0.6878   -0.6347
    0.4708   -0.7163    0.5149
   -0.8089   -0.1175    0.5762
...    40 A-T ...
  -83.9344  -41.8475   78.3453
    0.0718   -0.9630   -0.2598
    0.5657   -0.1752    0.8058
   -0.8215   -0.2048    0.5322
...    41 C-G ...
  -86.9552  -42.5851   79.5360
    0.3920   -0.8976    0.2017
    0.4260    0.3714    0.8250
   -0.8154   -0.2374    0.5280
...    42 G-C ...
  -89.4937  -43.2819   81.6822
    0.6497   -0.4861    0.5845
    0.0880    0.8118    0.5773
   -0.7551   -0.3236    0.5702
...    43 A-T ...
  -91.9346  -44.4406   83.5794
    0.5893    0.1172    0.7994
   -0.3382    0.9344    0.1123
   -0.7337   -0.3365    0.5902
...    44 C-G ...
  -93.9952  -46.0785   85.6318
    0.3238    0.6133    0.7204
   -0.6166    0.7144   -0.3310
   -0.7176   -0.3370    0.6095
...    45 T-A ...
  -96.1428  -47.2400   87.9162
   -0.0451    0.9198    0.3898
   -0.7123    0.2440   -0.6581
   -0.7005   -0.3073    0.6441
...    46 T-A ...
  -98.2323  -48.2662   90.2038
   -0.4827    0.8737   -0.0601
   -0.5392   -0.3505   -0.7658
   -0.6902   -0.3372    0.6403
...    47 A-T ...
 -100.7137  -49.7743   92.0153
   -0.7423    0.4069   -0.5324
   -0.0688   -0.8367   -0.5434
   -0.6666   -0.3667    0.6490
...    48 C-G ...
 -103.0086  -50.3888   94.3788
   -0.6471   -0.1091   -0.7546
    0.3483   -0.9227   -0.1653
   -0.6783   -0.3697    0.6350
...    49 T-A ...
 -105.4800  -51.3816   96.4061
   -0.3061   -0.5768   -0.7573
    0.6430   -0.7119    0.2824
   -0.7021   -0.4005    0.5888
...    50 G-C ...
 -107.7229  -52.9348   98.3730
    0.2058   -0.8350   -0.5103
    0.6882   -0.2472    0.6821
   -0.6957   -0.4915    0.5238
...    51 T-A ...
 -110.3487  -54.5692   99.5631
    0.5760   -0.8125   -0.0893
    0.4671    0.2375    0.8517
   -0.6708   -0.5323    0.5164
...    52 A-T ...
 -112.4750  -56.3644  101.4540
    0.7941   -0.4512    0.4072
   -0.0039    0.6662    0.7458
   -0.6077   -0.5938    0.5273
...    53 G-C ...
 -114.3336  -58.5935  103.0835
    0.7032    0.0306    0.7103
   -0.4574    0.7843    0.4191
   -0.5443   -0.6196    0.5655
...    54 G-C ...
 -115.8040  -60.8246  105.1631
    0.3581    0.5128    0.7803
   -0.8017    0.5972   -0.0245
   -0.4785   -0.6168    0.6249
...    55 T-A ...
 -116.8024  -63.0586  107.4428
   -0.1358    0.7614    0.6339
   -0.8749    0.2080   -0.4373
   -0.4648   -0.6140    0.6379
...    56 A-T ...
 -118.9007  -65.2563  109.1134
   -0.7380    0.6402    0.2134
   -0.5332   -0.3593   -0.7659
   -0.4137   -0.6790    0.6065
...    57 T-A ...
 -120.0023  -67.1246  111.6421
   -0.9218    0.3287   -0.2056
   -0.0554   -0.6364   -0.7693
   -0.3838   -0.6978    0.6049
...    58 C-G ...
 -121.2524  -69.3815  113.7360
   -0.7578   -0.1310   -0.6393
    0.5324   -0.6905   -0.4896
   -0.3772   -0.7114    0.5930
...    59 T-A ...
 -122.7569  -71.5923  115.7541
   -0.3157   -0.4515   -0.8346
    0.8670   -0.4946   -0.0604
   -0.3855   -0.7427    0.5476
...    60 C-G ...
 -124.0799  -73.9870  117.6035
    0.2916   -0.6178   -0.7303
    0.8874   -0.1103    0.4476
   -0.3571   -0.7785    0.5161
...    61 G-C ...
 -124.9742  -76.6398  119.5158
    0.7904   -0.4389   -0.4275
    0.5635    0.2468    0.7884
   -0.2405   -0.8640    0.4423
...    62 A-T ...
 -125.6912  -79.5252  120.8825
    0.9854   -0.1433    0.0915
   -0.0198    0.4379    0.8988
   -0.1688   -0.8875    0.4287
...    63 G-C ...
 -126.0054  -82.6012  122.0828
    0.8287    0.1962    0.5242
   -0.5552    0.4071    0.7253
   -0.0711   -0.8920    0.4463
...    64 C-G ...
 -125.6775  -85.6145  123.4658
    0.3774    0.4273    0.8216
   -0.9260    0.1816    0.3309
   -0.0078   -0.8857    0.4643
...    65 T-A ...
 -125.3152  -88.4781  125.1412
   -0.2018    0.4829    0.8521
   -0.9785   -0.1377   -0.1537
    0.0431   -0.8648    0.5003
...    66 C-G ...
 -125.1241  -91.2429  126.9682
   -0.7632    0.2750    0.5847
   -0.6419   -0.4259   -0.6376
    0.0736   -0.8620    0.5016
...    67 G-C ...
 -125.1491  -94.3678  128.2901
   -0.9975   -0.0158    0.0689
   -0.0508   -0.5177   -0.8541
    0.0492   -0.8554    0.5156
...    68 G-C ...
 -124.9212  -97.1576  130.2368
   -0.8448   -0.2760   -0.4584
    0.5345   -0.3948   -0.7473
    0.0252   -0.8763    0.4810
...    69 G-C ...
 -124.8427 -100.0031  132.1133
   -0.3914   -0.3864   -0.8352
    0.9198   -0.1352   -0.3684
    0.0294   -0.9124    0.4083
...    70 A-T ...
 -124.7584 -102.9358  133.5969
    0.2345   -0.3381   -0.9114
    0.9695    0.1495    0.1940
    0.0706   -0.9292    0.3628
...    71 T-A ...
 -125.0756 -106.0712  134.4663
    0.6917   -0.1759   -0.7005
    0.7149    0.3048    0.6293
    0.1028   -0.9360    0.3366
...    72 C-G ...
 -124.6743 -109.1533  135.4662
    0.9669    0.1209   -0.2247
    0.1744    0.3297    0.9278
    0.1863   -0.9363    0.2977
...    73 C-G ...
 -123.6868 -112.2962  136.1449
    0.8727    0.3956    0.2863
   -0.3688    0.1495    0.9174
    0.3201   -0.9062    0.2764
...    74 G-C ...
 -122.3447 -115.0846  137.5552
    0.4604    0.5133    0.7242
   -0.7551   -0.2025    0.6235
    0.4667   -0.8340    0.2944
...    75 C-G ...
 -120.2977 -117.5215  138.6116
   -0.0590    0.3257    0.9436
   -0.8537   -0.5065    0.1214
    0.5175   -0.7984    0.3079
...    76 T-A ...
 -118.3148 -119.9316  139.8395
   -0.5327   -0.0146    0.8462
   -0.6443   -0.6413   -0.4167
    0.5487   -0.7672    0.3322
...    77 T-A ...
 -116.2719 -122.1957  141.0561
   -0.7620   -0.4743    0.4409
   -0.1930   -0.4836   -0.8538
    0.6181   -0.7357    0.2770
...    78 T-A ...
 -114.1258 -124.3878  142.2264
   -0.6655   -0.7306   -0.1530
    0.2896   -0.0639   -0.9550
    0.6879   -0.6799    0.2541
...    79 A-T ...
 -111.2213 -126.2802  142.5373
   -0.2194   -0.6176   -0.7553
    0.6176    0.5114   -0.5976
    0.7553   -0.5975    0.2692
...    80 A-T ...
 -108.8786 -128.3089  143.5282
    0.1886   -0.1873   -0.9640
    0.6016    0.7979   -0.0374
    0.7762   -0.5729    0.2632
...    81 C-G ...
 -106.6707 -130.6461  144.2576
    0.4364    0.3108   -0.8444
    0.3985    0.7746    0.4911
    0.8067   -0.5508    0.2141
...    82 A-T ...
 -103.8210 -132.3033  145.0127
    0.4540    0.7817   -0.4276
    0.1006    0.4319    0.8963
    0.8853   -0.4499    0.1174
...    83 C-G ...
 -100.8986 -133.7740  144.7304
    0.3767    0.9192    0.1147
   -0.1288   -0.0707    0.9891
    0.9173   -0.3874    0.0917
...    84 T-A ...
  -97.7080 -134.7088  144.7920
    0.1677    0.7545    0.6345
   -0.2490   -0.5904    0.7678
    0.9539   -0.2868    0.0889
...    85 T-A ...
  -94.5306 -135.3890  144.9709
    0.0012    0.2491    0.9685
   -0.2728   -0.9317    0.2399
    0.9621   -0.2645    0.0669
...    86 T-A ...
  -91.3106 -135.9279  145.1672
   -0.1056   -0.3819    0.9182
   -0.2077   -0.8945   -0.3959
    0.9725   -0.2325    0.0151
...    87 C-G ...
  -88.0584 -136.6310  145.3519
   -0.1785   -0.8661    0.4670
   -0.0892   -0.4584   -0.8843
    0.9799   -0.1995    0.0046
...    88 A-T ...
  -84.8039 -137.2694  144.8737
   -0.2084   -0.9593   -0.1906
    0.0280    0.1889   -0.9816
    0.9776   -0.2099   -0.0126
...    89 T-A ...
  -81.6522 -138.1670  145.4666
   -0.1321   -0.7158   -0.6857
    0.1087    0.6771   -0.7278
    0.9853   -0.1707   -0.0117
...    90 G-C ...
  -78.3048 -138.4024  145.2575
   -0.1298   -0.1511   -0.9800
    0.1464    0.9746   -0.1697
    0.9807   -0.1655   -0.1044
...    91 T-A ...
  -75.2163 -139.5070  144.8148
   -0.0863    0.4070   -0.9093
    0.1771    0.9045    0.3880
    0.9804   -0.1276   -0.1502
...    92 T-A ...
  -72.0821 -139.9796  144.1897
   -0.0279    0.8605   -0.5087
    0.1974    0.5036    0.8411
    0.9799   -0.0770   -0.1839
...    93 A-T ...
  -68.8175 -139.9389  143.4262
   -0.0572    0.9925    0.1085
    0.2317   -0.0925    0.9684
    0.9711    0.0805   -0.2246
...    94 T-A ...
  -65.8696 -139.3563  142.1215
    0.0431    0.8006    0.5976
    0.2492   -0.5879    0.7696
    0.9675    0.1158   -0.2248
...    95 A-T ...
  -62.5400 -139.0004  141.6379
    0.1633    0.2430    0.9562
    0.2154   -0.9546    0.2058
    0.9628    0.1724   -0.2082
...    96 A-T ...
  -59.4586 -138.1253  141.0008
    0.3008   -0.3695    0.8792
    0.0865   -0.9075   -0.4110
    0.9497    0.1997   -0.2411
...    97 C-G ...
  -56.3091 -136.9390  140.6465
    0.3126   -0.8069    0.5012
   -0.0810   -0.5484   -0.8323
    0.9464    0.2196   -0.2368
...    98 G-C ...
  -53.2241 -136.3360  139.3668
    0.1678   -0.9815   -0.0925
   -0.2492    0.0486   -0.9672
    0.9538    0.1853   -0.2364
...    99 G-C ...
  -49.9562 -135.5985  138.7723
   -0.0550   -0.7825   -0.6202
   -0.3218    0.6019   -0.7309
    0.9452    0.1594   -0.2849
...   100 A-T ...
  -46.8094 -134.9951  137.9761
   -0.2664   -0.2579   -0.9287
   -0.2487    0.9493   -0.1923
    0.9312    0.1798   -0.3171
...   101 T-A ...
  -43.6989 -135.0426  136.9119
   -0.3725    0.2681   -0.8885
   -0.0857    0.9433    0.3206
    0.9241    0.1956   -0.3284
...   102 A-T ...
  -40.6595 -134.1836  135.7788
   -0.4510    0.7553   -0.4755
    0.1729    0.5966    0.7837
    0.8756    0.2712   -0.3996
...   103 T-A ...
  -38.0734 -133.4918  133.8986
   -0.3289    0.9444    0.0059
    0.3876    0.1293    0.9127
    0.8612    0.3025   -0.4085
...   104 G-C ...
  -35.2186 -132.1260  132.7416
   -0.1450    0.7995    0.5829
    0.5572   -0.4209    0.7158
    0.8176    0.4286   -0.3845
...   105 C-G ...
  -32.8193 -130.2229  131.4035
    0.1576    0.4063    0.9000
    0.5782   -0.7768    0.2494
    0.8005    0.4811   -0.3574
...   106 T-A ...
  -30.3128 -128.2583  130.3774
    0.4208   -0.1124    0.9002
    0.4329   -0.8472   -0.3081
    0.7972    0.5193   -0.3078
...   107 T-A ...
  -27.8472 -126.3013  129.4983
    0.6328   -0.5730    0.5207
    0.0932   -0.6113   -0.7859
    0.7687    0.5459   -0.3334
...   108 C-G ...
  -25.2832 -124.4445  128.4969
    0.5602   -0.8246   -0.0787
   -0.3181   -0.1264   -0.9396
    0.7649    0.5513   -0.3331
...   109 C-G ...
  -22.5880 -122.5845  127.5854
    0.2345   -0.7776   -0.5834
   -0.5810    0.3690   -0.7254
    0.7794    0.5091   -0.3653
...   110 G-C ...
  -20.3033 -120.5311  126.1336
   -0.2229   -0.4597   -0.8596
   -0.6177    0.7488   -0.2402
    0.7541    0.4775   -0.4509
...   111 G-C ...
  -17.6505 -119.0681  124.6370
   -0.5985   -0.0017   -0.8011
   -0.3883    0.8753    0.2882
    0.7008    0.4835   -0.5245
...   112 C-G ...
  -15.2844 -117.8232  122.6641
   -0.7544    0.4560   -0.4722
    0.0127    0.7294    0.6840
    0.6563    0.5100   -0.5560
...   113 T-A ...
  -13.3292 -116.1888  120.5341
   -0.6785    0.7343    0.0206
    0.4372    0.3810    0.8147
    0.5904    0.5618   -0.5795
...   114 C-G ...
  -11.5491 -114.2213  118.5988
   -0.3093    0.7893    0.5304
    0.7714   -0.1180    0.6254
    0.5562    0.6025   -0.5724
...   115 G-C ...
   -9.4764 -112.0360  117.0481
    0.1318    0.5093    0.8504
    0.8445   -0.5069    0.1727
    0.5190    0.6955   -0.4969
...   116 T-A ...
   -8.2607 -109.3092  115.5519
    0.5572    0.1385    0.8187
    0.6465   -0.6911   -0.3231
    0.5211    0.7094   -0.4747
...   117 A-T ...
   -6.3533 -107.1833  113.7045
    0.8562   -0.3299    0.3975
    0.1267   -0.6119   -0.7807
    0.5008    0.7188   -0.4822
...   118 T-A ...
   -4.6933 -104.4815  112.7290
    0.8041   -0.5892   -0.0793
   -0.3429   -0.3507   -0.8714
    0.4856    0.7279   -0.4841
...   119 A-T ...
   -3.4524 -102.0132  110.7198
    0.3911   -0.6539   -0.6476
   -0.7963    0.1125   -0.5944
    0.4616    0.7481   -0.4767
...   120 A-T ...
   -1.7516  -99.6323  109.2898
   -0.1490   -0.4500   -0.8805
   -0.8789    0.4683   -0.0906
    0.4531    0.7604   -0.4653
...   121 T-A ...
    0.2529  -97.5505  107.6973
   -0.5851   -0.1410   -0.7986
   -0.6749    0.6307    0.3831
    0.4497    0.7631   -0.4642
...   122 G-C ...
    1.4600  -94.7999  106.1941
   -0.9094    0.1874   -0.3712
   -0.1876    0.6118    0.7685
    0.3711    0.7685   -0.5212
...   123 T-A ...
    2.5292  -92.5907  103.9541
   -0.8787    0.4621    0.1197
    0.3351    0.4186    0.8441
    0.3399    0.7818   -0.5227
...   124 G-C ...
    3.5972  -89.7667  102.4805
   -0.5389    0.5464    0.6411
    0.7999    0.0935    0.5928
    0.2640    0.8323   -0.4875
...   125 T-A ...
    3.8356  -86.9475  100.7136
   -0.0274    0.4874    0.8727
    0.9663   -0.2105    0.1479
    0.2558    0.8474   -0.4652
...   126 C-G ...
    4.5910  -84.0730   99.2720
    0.5580    0.2398    0.7945
    0.7881   -0.4528   -0.4169
    0.2598    0.8587   -0.4417
...   127 G-C ...
    5.7892  -81.3452   97.6604
    0.8826   -0.1511    0.4452
    0.3271   -0.4828   -0.8123
    0.3377    0.8626   -0.3767
...   128 A-T ...
    6.8893  -78.4531   96.5092
    0.8906   -0.4366   -0.1274
   -0.2729   -0.2890   -0.9176
    0.3638    0.8520   -0.3765
...   129 C-G ...
    8.3991  -75.5635   95.8250
    0.5909   -0.5476   -0.5924
   -0.7077    0.0005   -0.7065
    0.3872    0.8367   -0.3873
...   130 C-G ...
    9.9788  -72.8413   94.5798
    0.0574   -0.5212   -0.8515
   -0.9078    0.3277   -0.2617
    0.4154    0.7880   -0.4543
...   131 A-T ...
   11.0996  -70.1120   92.9739
   -0.5279   -0.2971   -0.7957
   -0.7530    0.5971    0.2766
    0.3929    0.7451   -0.5389
...   132 A-T ...
   12.4863  -67.8540   91.0891
   -0.8680    0.1147   -0.4831
   -0.2964    0.6608    0.6895
    0.3983    0.7417   -0.5396
...   133 A-T ...
   13.7599  -65.5887   89.1281
   -0.8695    0.4938    0.0092
    0.2743    0.4673    0.8405
    0.4107    0.7333   -0.5418
...   134 T-A ...
   14.7384  -63.4258   86.8199
   -0.5923    0.6747    0.4404
    0.6886    0.1401    0.7115
    0.4183    0.7247   -0.5475
...   135 G-C ...
   15.7317  -61.4927   83.9330
    0.0341    0.7400    0.6717
    0.8636   -0.3601    0.3528
    0.5030    0.5681   -0.6514
...   136 T-A ...
   15.7848  -59.5603   80.7992
    0.5517    0.4998    0.6677
    0.6739   -0.7388   -0.0038
    0.4915    0.4520   -0.7444
...   137 G-C ...
   16.8385  -57.7218   78.2675
    0.8528   -0.0848    0.5153
    0.1507   -0.9048   -0.3983
    0.5000    0.4173   -0.7588
...   138 A-T ...
   18.4282  -55.5286   76.5299
    0.8547   -0.5006    0.1371
   -0.3188   -0.7148   -0.6224
    0.4096    0.4883   -0.7706
...   139 G-C ...
   20.4259  -54.3092   74.5419
    0.5847   -0.7389   -0.3347
   -0.7593   -0.3533   -0.5465
    0.2856    0.5737   -0.7676
...   140 C-G ...
   21.4270  -51.8265   72.7875
    0.1304   -0.7144   -0.6875
   -0.8897    0.2216   -0.3991
    0.4375    0.6637   -0.6067
...   141 G-C ...
   22.1521  -50.1494   67.4640
   -0.4682   -0.8748    0.1248
   -0.8494    0.4066   -0.3364
    0.2435   -0.2635   -0.9334
...   142 C-G ...
   22.3489  -51.2413   64.4933
   -0.8528   -0.5119   -0.1032
   -0.4975    0.8565   -0.1374
    0.1587   -0.0659   -0.9851
...   143 T-A ...
   24.0166  -51.6377   61.9248
   -0.9562    0.0401   -0.2898
    0.0524    0.9980   -0.0348
    0.2878   -0.0485   -0.9564
...   144 C-G ...
   24.8958  -52.7394   58.9873
   -0.7529    0.5560   -0.3520
    0.5214    0.8304    0.1965
    0.4016   -0.0356   -0.9151
...   145 A-T ...
   25.5275  -52.9802   55.8053
   -0.2442    0.9563   -0.1610
    0.8906    0.2869    0.3528
    0.3836   -0.0573   -0.9217
...   146 C-G ...
   25.2778  -52.5121   52.0796
    0.3204    0.9427   -0.0929
    0.8825   -0.2614    0.3909
    0.3443   -0.2072   -0.9157
...   147 A-T ...
   25.6238  -52.5939   48.6395
    0.8597    0.5097    0.0339
    0.4496   -0.7865    0.4233
    0.2424   -0.3487   -0.9053
