  147 base-pairs
...     1 T-A ...
    0.0000    0.0000    0.0000
    1.0000    0.0000    0.0000
    0.0000    1.0000    0.0000
    0.0000    0.0000    1.0000
...     2 G-C ...
   -0.5555   -1.1003    3.3981
    0.7749    0.6051    0.1828
   -0.5991    0.7953   -0.0929
   -0.2016   -0.0375    0.9787
...     3 T-A ...
   -0.6619   -3.0237    6.5348
    0.3046    0.9250    0.2271
   -0.8994    0.3578   -0.2510
   -0.3134   -0.1278    0.9410
...     4 G-C ...
   -1.1607   -3.8418    9.6940
   -0.3351    0.9421    0.0133
   -0.8752   -0.3061   -0.3746
   -0.3489   -0.1372    0.9271
...     5 A-T ...
   -1.3881   -3.6770   12.8999
   -0.7835    0.6162   -0.0801
   -0.5677   -0.7622   -0.3109
   -0.2527   -0.1981    0.9470
...     6 G-C ...
   -2.6236   -3.5448   15.7072
   -0.9923    0.0611   -0.1075
   -0.0294   -0.9610   -0.2748
   -0.1201   -0.2695    0.9555
...     7 C-G ...
   -2.3138   -3.7570   18.8866
   -0.8620   -0.4995   -0.0864
    0.5008   -0.8655    0.0073
   -0.0785   -0.0370    0.9962
...     8 G-C ...
   -3.9561   -6.8109   23.3205
   -0.2581   -0.3560   -0.8981
    0.6294   -0.7673    0.1233
   -0.7330   -0.5335    0.4221
...     9 C-G ...
   -6.1177   -8.9414   24.2385
    0.1143   -0.7320   -0.6716
    0.8123   -0.3203    0.4874
   -0.5720   -0.6013    0.5580
...    10 T-A ...
   -8.5041   -9.6771   26.0540
    0.4660   -0.8587   -0.2131
    0.6274    0.1508    0.7640
   -0.6239   -0.4897    0.6090
...    11 C-G ...
  -11.0625  -11.3174   27.2336
    0.6660   -0.6911    0.2808
    0.3382    0.6152    0.7121
   -0.6649   -0.3794    0.6435
...    12 A-T ...
  -13.0013  -13.1789   29.0658
    0.7188   -0.1490    0.6790
   -0.1787    0.9043    0.3876
   -0.6718   -0.4000    0.6235
...    13 C-G ...
  -14.1788  -15.9359   31.3399
    0.4052    0.2865    0.8682
   -0.5270    0.8492   -0.0343
   -0.7470   -0.4437    0.4951
...    14 A-T ...
  -15.9532  -18.1566   33.3080
   -0.1503    0.6873    0.7107
   -0.6106    0.5008   -0.6135
   -0.7776   -0.5261    0.3444
...    15 A-T ...
  -18.4935  -19.7927   34.5019
   -0.4454    0.8742    0.1932
   -0.4132   -0.0093   -0.9106
   -0.7943   -0.4854    0.3653
...    16 T-A ...
  -20.8985  -21.2206   36.4106
   -0.6229    0.7094   -0.3297
   -0.0959   -0.4875   -0.8678
   -0.7764   -0.5090    0.3717
...    17 T-A ...
  -23.4392  -22.6247   37.9501
   -0.5859    0.2612   -0.7672
    0.2933   -0.8142   -0.5011
   -0.7555   -0.5186    0.4004
...    18 T-A ...
  -26.0254  -24.0801   39.3355
   -0.3161   -0.2720   -0.9089
    0.5777   -0.8151    0.0430
   -0.7525   -0.5115    0.4148
...    19 A-T ...
  -28.4591  -25.9856   40.9305
    0.1174   -0.7844   -0.6091
    0.6468   -0.4050    0.6463
   -0.7536   -0.4698    0.4598
...    20 T-A ...
  -31.3764  -27.2636   41.9755
    0.4119   -0.9008   -0.1376
    0.4951    0.0945    0.8637
   -0.7650   -0.4239    0.4849
...    21 T-A ...
  -33.9970  -28.6720   43.3073
    0.5941   -0.6787    0.4317
    0.1498    0.6206    0.7697
   -0.7903   -0.3926    0.4704
...    22 C-G ...
  -36.6288  -29.9270   44.8634
    0.5840   -0.1580    0.7962
   -0.2413    0.9027    0.3561
   -0.7751   -0.4001    0.4890
...    23 G-C ...
  -39.4683  -30.6385   46.6137
    0.4699    0.4352    0.7680
   -0.5325    0.8337   -0.1466
   -0.7040   -0.3401    0.6234
...    24 C-G ...
  -41.5358  -32.0444   48.7421
    0.1629    0.8287    0.5355
   -0.6949    0.4816   -0.5339
   -0.7004   -0.2851    0.6544
...    25 A-T ...
  -44.2036  -32.8176   50.5944
   -0.2104    0.9758    0.0596
   -0.6686   -0.0991   -0.7369
   -0.7132   -0.1949    0.6733
...    26 A-T ...
  -46.4986  -33.2751   52.8971
   -0.5439    0.7417   -0.3926
   -0.4348   -0.6492   -0.6241
   -0.7178   -0.1687    0.6755
...    27 A-T ...
  -48.7048  -33.5357   55.2894
   -0.7014    0.2207   -0.6777
   -0.0340   -0.9601   -0.2774
   -0.7119   -0.1715    0.6810
...    28 G-C ...
  -51.2526  -33.6041   57.5366
   -0.5697   -0.3286   -0.7533
    0.3337   -0.9301    0.1533
   -0.7511   -0.1641    0.6395
...    29 G-C ...
  -54.0769  -33.9591   59.5104
   -0.2231   -0.8022   -0.5538
    0.5883   -0.5638    0.5797
   -0.7773   -0.1965    0.5977
...    30 C-G ...
  -56.8661  -34.5508   61.1649
    0.1819   -0.9717   -0.1506
    0.5981   -0.0122    0.8013
   -0.7805   -0.2358    0.5790
...    31 C-G ...
  -59.6819  -35.2309   62.9143
    0.5346   -0.7924    0.2939
    0.3841    0.5375    0.7507
   -0.7528   -0.2884    0.5917
...    32 G-C ...
  -61.8919  -35.8797   65.0239
    0.7268   -0.3560    0.5874
    0.0286    0.8701    0.4920
   -0.6863   -0.3408    0.6426
...    33 G-C ...
  -63.9307  -37.2309   67.3241
    0.6591    0.2228    0.7183
   -0.4010    0.9121    0.0850
   -0.6363   -0.3441    0.6905
...    34 C-G ...
  -65.7764  -38.6104   69.6679
    0.3478    0.7167    0.6045
   -0.7101    0.6223   -0.3293
   -0.6122   -0.3147    0.7254
...    35 C-G ...
  -67.5289  -39.4596   72.4739
   -0.0808    0.9610    0.2646
   -0.7985    0.0964   -0.5942
   -0.5965   -0.2593    0.7596
...    36 C-G ...
  -69.3919  -40.0669   75.2304
   -0.4948    0.8538   -0.1618
   -0.6366   -0.4829   -0.6014
   -0.5916   -0.1945    0.7824
...    37 G-C ...
  -71.7321  -41.4393   77.3534
   -0.7287    0.4355   -0.5285
   -0.2402   -0.8853   -0.3983
   -0.6414   -0.1632    0.7497
...    38 A-T ...
  -73.7121  -41.9272   79.8015
   -0.7262   -0.1764   -0.6645
    0.2487   -0.9685   -0.0147
   -0.6410   -0.1759    0.7471
...    39 C-G ...
  -76.0869  -42.1085   81.9751
   -0.4568   -0.6544   -0.6025
    0.5866   -0.7308    0.3490
   -0.6687   -0.1940    0.7178
...    40 A-T ...
  -78.4181  -42.8542   84.3020
    0.0319   -0.9433   -0.3304
    0.7355   -0.2017    0.6468
   -0.6768   -0.2636    0.6874
...    41 C-G ...
  -80.9260  -43.9753   86.1493
    0.4467   -0.8943    0.0255
    0.5999    0.3206    0.7330
   -0.6637   -0.3122    0.6797
...    42 G-C ...
  -82.8349  -44.8020   88.7734
    0.7635   -0.4996    0.4092
    0.1923    0.7808    0.5944
   -0.6165   -0.3751    0.6923
...    43 A-T ...
  -84.8509  -46.0143   90.9207
    0.7305    0.0656    0.6798
   -0.2959    0.9275    0.2284
   -0.6155   -0.3680    0.6969
...    44 C-G ...
  -86.5465  -47.7849   93.1400
    0.4819    0.5735    0.6625
   -0.6593    0.7353   -0.1570
   -0.5772   -0.3611    0.7324
...    45 T-A ...
  -88.0285  -49.3398   96.0491
    0.0272    0.9064    0.4215
   -0.8250    0.2585   -0.5026
   -0.5645   -0.3340    0.7548
...    46 T-A ...
  -89.6209  -50.4721   98.6234
   -0.4352    0.8956    0.0925
   -0.6984   -0.2710   -0.6624
   -0.5681   -0.3529    0.7434
...    47 A-T ...
  -91.7578  -51.8713  100.8744
   -0.7988    0.4877   -0.3524
   -0.2347   -0.7919   -0.5638
   -0.5540   -0.3676    0.7470
...    48 C-G ...
  -93.6026  -52.4497  103.6186
   -0.7900   -0.0144   -0.6130
    0.2346   -0.9308   -0.2805
   -0.5665   -0.3653    0.7386
...    49 T-A ...
  -95.7908  -53.3513  106.0541
   -0.4867   -0.4917   -0.7220
    0.6210   -0.7761    0.1099
   -0.6144   -0.3949    0.6831
...    50 G-C ...
  -97.9201  -54.8731  108.2068
    0.0409   -0.7882   -0.6141
    0.7814   -0.3578    0.5113
   -0.6227   -0.5008    0.6012
...    51 T-A ...
 -100.4666  -56.4335  109.7624
    0.4679   -0.8463   -0.2546
    0.6361    0.1224    0.7619
   -0.6136   -0.5184    0.5956
...    52 T-A ...
 -102.4976  -58.2020  111.5840
    0.7671   -0.6051    0.2132
    0.2455    0.5839    0.7738
   -0.5927   -0.5412    0.5965
...    53 C-G ...
 -104.1899  -59.8690  113.8315
    0.7970   -0.1108    0.5937
   -0.2817    0.8013    0.5278
   -0.5342   -0.5879    0.6074
...    54 A-T ...
 -105.9504  -62.0146  115.7780
    0.5623    0.4114    0.7173
   -0.7160    0.6763    0.1734
   -0.4138   -0.6111    0.6748
...    55 T-A ...
 -106.8265  -64.2205  118.0390
    0.1226    0.7176    0.6856
   -0.9107    0.3559   -0.2096
   -0.3944   -0.5987    0.6971
...    56 G-C ...
 -108.0623  -66.2410  120.4853
   -0.4648    0.7951    0.3897
   -0.7937   -0.1789   -0.5815
   -0.3926   -0.5795    0.7142
...    57 T-A ...
 -108.9889  -67.9950  123.2675
   -0.8469    0.5315    0.0123
   -0.3811   -0.5908   -0.7111
   -0.3707   -0.6070    0.7029
...    58 T-A ...
 -110.0899  -69.8274  125.6983
   -0.9212    0.0470   -0.3862
    0.2087   -0.7780   -0.5926
   -0.3283   -0.6265    0.7069
...    59 A-T ...
 -110.9964  -72.1813  128.0493
   -0.5597   -0.4926   -0.6664
    0.7793   -0.5865   -0.2209
   -0.2820   -0.6429    0.7121
...    60 T-A ...
 -112.5127  -73.9262  130.3748
   -0.0709   -0.7211   -0.6892
    0.9623   -0.2313    0.1431
   -0.2626   -0.6531    0.7103
...    61 A-T ...
 -113.2017  -76.1520  132.8061
    0.5443   -0.6571   -0.5215
    0.8077    0.2425    0.5374
   -0.2267   -0.7137    0.6627
...    62 A-T ...
 -113.9880  -78.5350  134.7249
    0.9151   -0.3584   -0.1847
    0.3660    0.5464    0.7533
   -0.1690   -0.7570    0.6312
...    63 C-G ...
 -114.4801  -81.4938  136.2660
    0.9714    0.0387    0.2341
   -0.2047    0.6358    0.7442
   -0.1200   -0.7708    0.6256
...    64 G-C ...
 -114.5898  -83.7341  138.6849
    0.6839    0.4704    0.5577
   -0.7293    0.4200    0.5400
    0.0198   -0.7761    0.6304
...    65 G-C ...
 -114.0595  -85.8765  141.1599
    0.1716    0.6941    0.6992
   -0.9763    0.0246    0.2151
    0.1321   -0.7195    0.6818
...    66 A-T ...
 -113.3346  -88.2543  143.4926
   -0.4778    0.5331    0.6982
   -0.8637   -0.4303   -0.2625
    0.1605   -0.7284    0.6660
...    67 A-T ...
 -112.6046  -90.4649  145.7394
   -0.8885    0.1603    0.4301
   -0.4205   -0.6597   -0.6229
    0.1839   -0.7343    0.6535
...    68 G-C ...
 -111.9558  -92.6783  148.2518
   -0.9705   -0.2411   -0.0050
    0.1586   -0.6227   -0.7662
    0.1816   -0.7444    0.6426
...    69 G-C ...
 -111.6692  -94.9349  151.0378
   -0.7143   -0.5102   -0.4790
    0.6832   -0.3602   -0.6352
    0.1515   -0.7810    0.6059
...    70 T-A ...
 -111.4812  -97.3830  153.1823
   -0.2445   -0.6013   -0.7607
    0.9535   -0.0064   -0.3014
    0.1764   -0.7990    0.5749
...    71 A-T ...
 -111.3350 -100.2619  155.0946
    0.3351   -0.3753   -0.8642
    0.9161    0.3439    0.2060
    0.2199   -0.8608    0.4591
...    72 T-A ...
 -111.0959 -103.2822  156.2174
    0.7420   -0.0876   -0.6646
    0.6171    0.4767    0.6261
    0.2620   -0.8747    0.4077
...    73 C-G ...
 -110.0586 -106.4171  157.2992
    0.9407    0.3050   -0.1483
    0.0224    0.3804    0.9245
    0.3384   -0.8731    0.3510
...    74 T-A ...
 -108.6132 -109.2111  158.2168
    0.7679    0.5387    0.3467
   -0.4663    0.0989    0.8791
    0.4392   -0.8367    0.3271
...    75 C-G ...
 -107.0767 -111.5783  159.8444
    0.3286    0.4987    0.8020
   -0.7671   -0.3545    0.5347
    0.5510   -0.7910    0.2661
...    76 G-C ...
 -105.7225 -114.3634  161.1412
   -0.1890    0.2125    0.9587
   -0.7540   -0.6569   -0.0031
    0.6291   -0.7234    0.2844
...    77 A-T ...
 -103.6382 -116.8645  162.1658
   -0.5924   -0.3009    0.7474
   -0.4431   -0.6531   -0.6142
    0.6729   -0.6950    0.2535
...    78 G-C ...
 -101.3236 -119.1292  162.8871
   -0.7133   -0.6450    0.2740
   -0.0581   -0.3352   -0.9403
    0.6984   -0.6867    0.2016
...    79 C-G ...
  -98.8699 -121.3701  163.9245
   -0.6052   -0.7110   -0.3581
    0.3668    0.1502   -0.9181
    0.7065   -0.6870    0.1698
...    80 T-A ...
  -96.5538 -123.6882  164.6167
   -0.3435   -0.4815   -0.8063
    0.6126    0.5359   -0.5810
    0.7118   -0.6935    0.1109
...    81 C-G ...
  -94.1017 -126.0570  165.2380
    0.0482   -0.0236   -0.9986
    0.6631    0.7484    0.0143
    0.7470   -0.6628    0.0517
...    82 G-C ...
  -91.2574 -127.7014  165.2561
    0.3104    0.4692   -0.8267
    0.5444    0.6252    0.5593
    0.7792   -0.6237   -0.0614
...    83 G-C ...
  -88.6535 -129.7451  164.7887
    0.4710    0.8097   -0.3501
    0.2806    0.2388    0.9297
    0.8364   -0.5361   -0.1147
...    84 G-C ...
  -85.6756 -131.1359  163.9581
    0.4427    0.8635    0.2416
    0.0450   -0.2905    0.9558
    0.8956   -0.4122   -0.1675
...    85 A-T ...
  -82.6357 -132.2727  163.1877
    0.3678    0.5135    0.7752
   -0.1945   -0.7728    0.6042
    0.9093   -0.3730   -0.1844
...    86 T-A ...
  -79.4773 -132.8901  162.4056
    0.2053    0.0182    0.9785
   -0.3408   -0.9359    0.0889
    0.9174   -0.3518   -0.1860
...    87 C-G ...
  -76.2116 -133.7750  161.9034
   -0.0087   -0.5965    0.8025
   -0.3926   -0.7361   -0.5514
    0.9197   -0.3199   -0.2278
...    88 C-G ...
  -73.1100 -134.8781  161.4053
   -0.2592   -0.8927    0.3685
   -0.3051   -0.2864   -0.9082
    0.9164   -0.3478   -0.1982
...    89 G-C ...
  -70.2262 -136.0036  160.2198
   -0.4264   -0.8685   -0.2527
   -0.1063    0.3256   -0.9395
    0.8983   -0.3738   -0.2312
...    90 C-G ...
  -67.0170 -137.3092  159.8833
   -0.4323   -0.5038   -0.7479
    0.1159    0.7915   -0.6001
    0.8943   -0.3461   -0.2838
...    91 T-A ...
  -63.9470 -138.7543  159.2167
   -0.3523    0.0733   -0.9330
    0.3234    0.9450   -0.0479
    0.8782   -0.3186   -0.3567
...    92 T-A ...
  -61.2763 -140.0181  157.8845
   -0.1465    0.6165   -0.7736
    0.4595    0.7349    0.4987
    0.8760   -0.2824   -0.3910
...    93 T-A ...
  -58.4668 -140.7935  156.4959
    0.0422    0.9484   -0.3142
    0.4857    0.2554    0.8360
    0.8731   -0.1879   -0.4499
...    94 A-T ...
  -55.3937 -140.9044  154.9898
    0.1373    0.9331    0.3325
    0.4490   -0.3578    0.8187
    0.8829    0.0369   -0.4681
...    95 A-T ...
  -52.6693 -140.4642  153.4045
    0.3403    0.5528    0.7606
    0.3372   -0.8269    0.4501
    0.8778    0.1033   -0.4678
...    96 C-G ...
  -49.8807 -139.4345  151.7510
    0.5006   -0.0062    0.8657
    0.1125   -0.9910   -0.0722
    0.8584    0.1335   -0.4954
...    97 A-T ...
  -46.8381 -139.0176  150.2754
    0.4520   -0.6253    0.6362
   -0.2086   -0.7675   -0.6062
    0.8673    0.1413   -0.4773
...    98 C-G ...
  -43.6751 -138.1485  149.2504
    0.2756   -0.9429    0.1874
   -0.4256   -0.2944   -0.8557
    0.8619    0.1560   -0.4824
...    99 T-A ...
  -40.2393 -137.5639  148.1659
   -0.0179   -0.9341   -0.3566
   -0.5276    0.3118   -0.7902
    0.8493    0.1740   -0.4984
...   100 T-A ...
  -37.3015 -137.1442  146.7891
   -0.2920   -0.5521   -0.7810
   -0.4343    0.8041   -0.4060
    0.8521    0.2206   -0.4746
...   101 T-A ...
  -34.4389 -136.5501  145.3055
   -0.5035    0.0224   -0.8637
   -0.1949    0.9709    0.1388
    0.8417    0.2382   -0.4845
...   102 A-T ...
  -31.6719 -135.3322  143.7770
   -0.5724    0.6035   -0.5551
    0.1552    0.7445    0.6493
    0.8051    0.2855   -0.5198
...   103 T-A ...
  -29.4489 -134.7131  141.5554
   -0.4845    0.8649   -0.1311
    0.4244    0.3635    0.8293
    0.7649    0.3462   -0.5432
...   104 G-C ...
  -27.1202 -133.3839  139.5594
   -0.2070    0.8649    0.4574
    0.6644   -0.2189    0.7146
    0.7181    0.4518   -0.5293
...   105 C-G ...
  -25.0840 -131.4373  137.7992
    0.1668    0.5697    0.8048
    0.6848   -0.6542    0.3211
    0.7094    0.4976   -0.4992
...   106 T-A ...
  -22.8003 -129.0962  136.4579
    0.5419    0.0772    0.8369
    0.5108   -0.8210   -0.2551
    0.6674    0.5657   -0.4843
...   107 T-A ...
  -20.7011 -127.0468  135.1077
    0.7343   -0.4191    0.5340
    0.1184   -0.6955   -0.7087
    0.6684    0.5836   -0.4611
...   108 C-G ...
  -18.3752 -124.9538  133.7465
    0.6647   -0.7456   -0.0472
   -0.3726   -0.2762   -0.8859
    0.6475    0.6065   -0.4614
...   109 C-G ...
  -16.1960 -122.9243  132.3019
    0.2946   -0.8201   -0.4906
   -0.6752    0.1846   -0.7141
    0.6762    0.5416   -0.4994
...   110 G-C ...
  -14.4451 -120.9650  130.5740
   -0.1770   -0.6329   -0.7537
   -0.7345    0.5947   -0.3270
    0.6552    0.4957   -0.5701
...   111 G-C ...
  -12.2277 -119.4622  128.5555
   -0.6166   -0.2114   -0.7583
   -0.5039    0.8461    0.1738
    0.6049    0.4893   -0.6283
...   112 C-G ...
  -10.1736 -118.2962  126.1885
   -0.8264    0.2800   -0.4886
   -0.0658    0.8137    0.5775
    0.5593    0.5094   -0.6540
...   113 T-A ...
   -8.4368 -116.6949  123.8351
   -0.7706    0.6357   -0.0461
    0.4033    0.5423    0.7371
    0.4936    0.5494   -0.6742
...   114 C-G ...
   -6.9180 -114.6432  121.7227
   -0.4007    0.8085    0.4310
    0.8085    0.0907    0.5815
    0.4310    0.5815   -0.6900
...   115 G-C ...
   -5.0950 -112.6007  119.7832
    0.1325    0.6506    0.7477
    0.9084   -0.3815    0.1710
    0.3965    0.6566   -0.6416
...   116 T-A ...
   -4.3183 -109.8270  117.9994
    0.5960    0.3026    0.7438
    0.6904   -0.6661   -0.2823
    0.4100    0.6818   -0.6059
...   117 A-T ...
   -3.0651 -107.1808  116.2393
    0.8771   -0.1892    0.4414
    0.2009   -0.6902   -0.6952
    0.4362    0.6985   -0.5674
...   118 T-A ...
   -1.6840 -104.4664  114.9668
    0.8624   -0.5061   -0.0067
   -0.2925   -0.4875   -0.8227
    0.4131    0.7115   -0.5684
...   119 A-T ...
   -0.6086 -101.9755  112.7651
    0.4456   -0.6544   -0.6109
   -0.8173   -0.0187   -0.5760
    0.3655    0.7559   -0.5431
...   120 A-T ...
    0.8541  -99.5359  111.1740
   -0.1173   -0.5401   -0.8334
   -0.9264    0.3619   -0.1041
    0.3578    0.7598   -0.5428
...   121 T-A ...
    2.5784  -97.3518  109.3213
   -0.5942   -0.2547   -0.7629
   -0.7205    0.5902    0.3641
    0.3575    0.7660   -0.5342
...   122 G-C ...
    3.7726  -94.7007  107.4166
   -0.9383    0.1094   -0.3281
   -0.1923    0.6237    0.7577
    0.2875    0.7740   -0.5641
...   123 T-A ...
    4.6110  -92.4256  105.1805
   -0.9032    0.4082    0.1325
    0.3320    0.4692    0.8183
    0.2719    0.7831   -0.5593
...   124 G-C ...
    5.4265  -89.7215  103.3062
   -0.5367    0.5522    0.6380
    0.8179    0.1544    0.5543
    0.2075    0.8193   -0.5345
...   125 T-A ...
    5.6245  -87.1094  101.4364
   -0.0255    0.5103    0.8596
    0.9805   -0.1548    0.1210
    0.1948    0.8460   -0.4964
...   126 C-G ...
    6.1959  -84.3380   99.9609
    0.5681    0.3193    0.7585
    0.8029   -0.4172   -0.4257
    0.1805    0.8508   -0.4934
...   127 G-C ...
    7.3074  -81.7453   98.1188
    0.8883   -0.0817    0.4520
    0.3605   -0.4860   -0.7962
    0.2847    0.8701   -0.4023
...   128 A-T ...
    8.1186  -78.9273   96.8544
    0.9259   -0.3599   -0.1151
   -0.2484   -0.3500   -0.9032
    0.2847    0.8649   -0.4135
...   129 C-G ...
    9.3456  -75.9117   96.2318
    0.6304   -0.5274   -0.5696
   -0.7075   -0.0883   -0.7012
    0.3195    0.8450   -0.4288
...   130 C-G ...
   10.9090  -73.2228   94.8197
    0.1062   -0.5681   -0.8161
   -0.9228    0.2494   -0.2936
    0.3703    0.7843   -0.4978
...   131 A-T ...
   11.2968  -70.2257   93.1486
   -0.5080   -0.3329   -0.7944
   -0.7845    0.5598    0.2670
    0.3558    0.7588   -0.5455
...   132 A-T ...
   12.4909  -67.8442   91.2179
   -0.8728    0.0672   -0.4835
   -0.3270    0.6551    0.6812
    0.3625    0.7526   -0.5497
...   133 A-T ...
   13.7495  -65.6366   89.1376
   -0.8756    0.4830   -0.0042
    0.2576    0.4744    0.8418
    0.4086    0.7360   -0.5398
...   134 T-A ...
   14.7384  -63.4258   86.8198
   -0.5923    0.6747    0.4404
    0.6886    0.1401    0.7115
    0.4183    0.7247   -0.5475
...   135 G-C ...
   15.7317  -61.4928   83.9329
    0.0341    0.7400    0.6717
    0.8636   -0.3601    0.3528
    0.5030    0.5681   -0.6514
...   136 T-A ...
   15.7848  -59.5604   80.7991
    0.5517    0.4998    0.6677
    0.6739   -0.7388   -0.0038
    0.4914    0.4520   -0.7444
...   137 G-C ...
   16.8385  -57.7219   78.2675
    0.8528   -0.0848    0.5153
    0.1507   -0.9048   -0.3983
    0.5000    0.4173   -0.7588
...   138 A-T ...
   18.4282  -55.5287   76.5298
    0.8547   -0.5006    0.1371
   -0.3188   -0.7148   -0.6224
    0.4096    0.4883   -0.7706
...   139 G-C ...
   20.4259  -54.3093   74.5419
    0.5847   -0.7389   -0.3347
   -0.7593   -0.3533   -0.5465
    0.2856    0.5737   -0.7676
...   140 C-G ...
   21.4269  -51.8266   72.7875
    0.1304   -0.7144   -0.6875
   -0.8897    0.2216   -0.3991
    0.4375    0.6637   -0.6067
...   141 G-C ...
   22.1521  -50.1494   67.4639
   -0.4682   -0.8748    0.1248
   -0.8494    0.4066   -0.3364
    0.2435   -0.2635   -0.9334
...   142 C-G ...
   22.3488  -51.2414   64.4932
   -0.8528   -0.5119   -0.1032
   -0.4975    0.8565   -0.1374
    0.1587   -0.0659   -0.9851
...   143 T-A ...
   24.0166  -51.6378   61.9247
   -0.9562    0.0401   -0.2898
    0.0524    0.9980   -0.0348
    0.2878   -0.0485   -0.9565
...   144 C-G ...
   24.8957  -52.7395   58.9872
   -0.7529    0.5560   -0.3520
    0.5214    0.8304    0.1965
    0.4016   -0.0356   -0.9151
...   145 A-T ...
   25.5275  -52.9803   55.8052
   -0.2442    0.9563   -0.1610
    0.8906    0.2869    0.3528
    0.3836   -0.0573   -0.9217
...   146 C-G ...
   25.2777  -52.5122   52.0795
    0.3204    0.9427   -0.0929
    0.8825   -0.2614    0.3909
    0.3443   -0.2072   -0.9157
...   147 A-T ...
   25.6238  -52.5940   48.6394
    0.8597    0.5097    0.0339
    0.4496   -0.7865    0.4233
    0.2424   -0.3487   -0.9053
