  147 base-pairs
...     1 T-A ...
    0.0000    0.0000    0.0000
    1.0000    0.0000    0.0000
    0.0000    1.0000    0.0000
    0.0000    0.0000    1.0000
...     2 G-C ...
   -0.5555   -1.1003    3.3981
    0.7749    0.6051    0.1828
   -0.5991    0.7953   -0.0929
   -0.2016   -0.0375    0.9787
...     3 T-A ...
   -0.6619   -3.0237    6.5348
    0.3046    0.9250    0.2271
   -0.8994    0.3578   -0.2510
   -0.3134   -0.1278    0.9410
...     4 G-C ...
   -1.1607   -3.8418    9.6940
   -0.3351    0.9421    0.0133
   -0.8752   -0.3061   -0.3746
   -0.3489   -0.1372    0.9271
...     5 A-T ...
   -1.3881   -3.6770   12.8999
   -0.7835    0.6162   -0.0801
   -0.5677   -0.7622   -0.3109
   -0.2527   -0.1981    0.9470
...     6 G-C ...
   -2.6236   -3.5448   15.7072
   -0.9923    0.0611   -0.1075
   -0.0294   -0.9610   -0.2748
   -0.1201   -0.2695    0.9555
...     7 C-G ...
   -2.3138   -3.7570   18.8866
   -0.8620   -0.4995   -0.0864
    0.5008   -0.8655    0.0073
   -0.0785   -0.0370    0.9962
...     8 G-C ...
   -3.9561   -6.8109   23.3205
   -0.2581   -0.3560   -0.8981
    0.6294   -0.7673    0.1233
   -0.7330   -0.5335    0.4221
...     9 C-G ...
   -6.1177   -8.9414   24.2385
    0.1143   -0.7320   -0.6716
    0.8123   -0.3203    0.4874
   -0.5720   -0.6013    0.5580
...    10 T-A ...
   -8.5041   -9.6771   26.0540
    0.4660   -0.8587   -0.2131
    0.6274    0.1508    0.7640
   -0.6239   -0.4897    0.6090
...    11 C-G ...
  -11.0625  -11.3174   27.2336
    0.6660   -0.6911    0.2808
    0.3382    0.6152    0.7121
   -0.6649   -0.3794    0.6435
...    12 A-T ...
  -13.0013  -13.1789   29.0658
    0.7188   -0.1490    0.6790
   -0.1787    0.9043    0.3876
   -0.6718   -0.4000    0.6235
...    13 C-G ...
  -14.1788  -15.9359   31.3399
    0.4052    0.2865    0.8682
   -0.5270    0.8492   -0.0343
   -0.7470   -0.4437    0.4951
...    14 A-T ...
  -15.9532  -18.1566   33.3080
   -0.1503    0.6873    0.7107
   -0.6106    0.5008   -0.6135
   -0.7776   -0.5261    0.3444
...    15 A-T ...
  -18.3887  -19.8349   34.6325
   -0.4524    0.8666    0.2105
   -0.4208    0.0007   -0.9072
   -0.7863   -0.4990    0.3643
...    16 T-A ...
  -20.7567  -21.2302   36.4390
   -0.5927    0.7496   -0.2945
   -0.1363   -0.4538   -0.8806
   -0.7938   -0.4818    0.3712
...    17 T-A ...
  -23.3596  -22.5959   37.8338
   -0.5642    0.3363   -0.7540
    0.2267   -0.8150   -0.5332
   -0.7939   -0.4718    0.3836
...    18 T-A ...
  -26.0406  -23.8658   39.1906
   -0.3429   -0.2270   -0.9115
    0.5124   -0.8585    0.0211
   -0.7873   -0.4599    0.4107
...    19 A-T ...
  -28.3615  -25.7652   40.8538
    0.0431   -0.7709   -0.6356
    0.6194   -0.4785    0.6224
   -0.7839   -0.4205    0.4568
...    20 T-A ...
  -31.3274  -26.9007   41.8347
    0.3434   -0.9176   -0.2001
    0.5102    0.0034    0.8601
   -0.7885   -0.3975    0.4693
...    21 T-A ...
  -34.0417  -28.1688   43.1307
    0.5553   -0.7462    0.3672
    0.2200    0.5576    0.8005
   -0.8020   -0.3637    0.4738
...    22 C-G ...
  -36.7202  -29.3885   44.6415
    0.5949   -0.2409    0.7669
   -0.1569    0.9009    0.4047
   -0.7884   -0.3610    0.4981
...    23 G-C ...
  -39.4867  -30.1653   46.4498
    0.4835    0.3650    0.7956
   -0.4778    0.8716   -0.1095
   -0.7335   -0.3272    0.5958
...    24 C-G ...
  -41.6223  -31.5209   48.6129
    0.1746    0.8067    0.5645
   -0.6721    0.5166   -0.5304
   -0.7196   -0.2868    0.6324
...    25 A-T ...
  -44.1805  -32.2747   50.6595
   -0.1717    0.9822    0.0762
   -0.6734   -0.0606   -0.7368
   -0.7191   -0.1778    0.6718
...    26 A-T ...
  -46.3899  -32.7025   53.0026
   -0.5253    0.7642   -0.3744
   -0.4543   -0.6238   -0.6360
   -0.7195   -0.1640    0.6748
...    27 A-T ...
  -48.6784  -32.9874   55.2981
   -0.6945    0.2532   -0.6735
   -0.0669   -0.9547   -0.2899
   -0.7164   -0.1562    0.6800
...    28 G-C ...
  -51.1642  -33.1649   57.5308
   -0.5804   -0.3059   -0.7547
    0.3105   -0.9399    0.1422
   -0.7528   -0.1518    0.6405
...    29 G-C ...
  -53.9215  -33.4789   59.4994
   -0.2534   -0.7725   -0.5823
    0.5647   -0.6069    0.5594
   -0.7855   -0.1871    0.5900
...    30 C-G ...
  -56.7976  -33.9640   61.1504
    0.1353   -0.9738   -0.1827
    0.6032   -0.0653    0.7949
   -0.7861   -0.2178    0.5785
...    31 C-G ...
  -59.5866  -34.8069   62.8886
    0.5082   -0.8221    0.2567
    0.4105    0.4932    0.7670
   -0.7571   -0.2844    0.5881
...    32 G-C ...
  -61.9754  -35.4885   65.1980
    0.7260   -0.3515    0.5911
    0.0282    0.8740    0.4851
   -0.6871   -0.3356    0.6444
...    33 G-C ...
  -64.1912  -36.8476   67.3571
    0.6722    0.2288    0.7041
   -0.3946    0.9154    0.0793
   -0.6264   -0.3312    0.7056
...    34 C-G ...
  -65.9625  -38.2525   69.8033
    0.3654    0.7169    0.5937
   -0.7111    0.6265   -0.3189
   -0.6007   -0.3057    0.7388
...    35 C-G ...
  -67.7253  -39.2043   72.5295
   -0.0474    0.9670    0.2503
   -0.8127    0.1084   -0.5725
   -0.5808   -0.2305    0.7807
...    36 C-G ...
  -69.5095  -39.7010   75.3691
   -0.4500    0.8758   -0.1749
   -0.6660   -0.4595   -0.5876
   -0.5949   -0.1479    0.7900
...    37 G-C ...
  -71.8315  -40.2802   77.7670
   -0.6927    0.4583   -0.5569
   -0.3073   -0.8861   -0.3470
   -0.6524   -0.0692    0.7547
...    38 A-T ...
  -74.0018  -40.3875   80.2572
   -0.7222   -0.1718   -0.6700
    0.1703   -0.9830    0.0684
   -0.6704   -0.0647    0.7392
...    39 C-G ...
  -76.4487  -40.0177   82.5046
   -0.4999   -0.6752   -0.5424
    0.5288   -0.7339    0.4263
   -0.6859   -0.0737    0.7240
...    40 A-T ...
  -78.6160  -40.4133   85.0379
   -0.0286   -0.9683   -0.2480
    0.7069   -0.1950    0.6799
   -0.7067   -0.1558    0.6901
...    41 C-G ...
  -81.3650  -40.9696   86.8310
    0.3785   -0.9153    0.1375
    0.6046    0.3570    0.7120
   -0.7009   -0.1863    0.6885
...    42 G-C ...
  -83.4560  -41.4676   89.4514
    0.7324   -0.5170    0.4430
    0.2556    0.8119    0.5249
   -0.6311   -0.2712    0.7268
...    43 A-T ...
  -85.4939  -42.4474   91.8463
    0.7597    0.0875    0.6443
   -0.2473    0.9553    0.1619
   -0.6014   -0.2823    0.7474
...    44 C-G ...
  -87.1271  -43.9213   94.3410
    0.5216    0.5966    0.6100
   -0.6286    0.7521   -0.1980
   -0.5769   -0.2802    0.7673
...    45 T-A ...
  -88.7407  -44.9001   97.0913
    0.1166    0.9246    0.3626
   -0.8300    0.2912   -0.4756
   -0.5454   -0.2455    0.8014
...    46 T-A ...
  -90.2847  -45.7203   99.8425
   -0.4105    0.9114    0.0302
   -0.7369   -0.3120   -0.5997
   -0.5371   -0.2685    0.7996
...    47 A-T ...
  -92.3521  -46.9333  102.2691
   -0.8099    0.4725   -0.3476
   -0.2794   -0.8318   -0.4796
   -0.5157   -0.2914    0.8057
...    48 C-G ...
  -94.0413  -47.2823  105.1428
   -0.8242   -0.0512   -0.5640
    0.2047   -0.9555   -0.2125
   -0.5281   -0.2906    0.7979
...    49 T-A ...
  -96.0044  -47.9839  107.7592
   -0.5474   -0.5517   -0.6293
    0.6202   -0.7723    0.1375
   -0.5619   -0.3150    0.7649
...    50 G-C ...
  -97.7884  -49.2515  110.3032
   -0.0230   -0.8622   -0.5060
    0.8155   -0.3090    0.4894
   -0.5783   -0.4013    0.7102
...    51 T-A ...
 -100.1608  -50.5490  112.2243
    0.4422   -0.8749   -0.1976
    0.7014    0.2000    0.6842
   -0.5591   -0.4411    0.7020
...    52 A-T ...
 -101.8973  -52.0508  114.6740
    0.8222   -0.5347    0.1952
    0.2768    0.6752    0.6837
   -0.4974   -0.5081    0.7032
...    53 G-C ...
 -103.4594  -54.0081  116.8565
    0.8768   -0.0426    0.4790
   -0.2260    0.8428    0.4885
   -0.4245   -0.5366    0.7293
...    54 G-C ...
 -104.5135  -56.0087  119.3682
    0.6319    0.4794    0.6089
   -0.6967    0.6957    0.1753
   -0.3396   -0.5350    0.7736
...    55 T-A ...
 -105.0349  -58.0286  121.9642
    0.1592    0.7891    0.5933
   -0.9343    0.3145   -0.1676
   -0.3189   -0.5276    0.7874
...    56 A-T ...
 -106.6647  -59.8113  124.4040
   -0.5249    0.7645    0.3742
   -0.7995   -0.2921   -0.5248
   -0.2919   -0.5746    0.7646
...    57 T-A ...
 -107.1579  -61.3540  127.3094
   -0.8759    0.4781    0.0644
   -0.4009   -0.6471   -0.6484
   -0.2683   -0.5938    0.7585
...    58 C-G ...
 -108.0209  -63.2433  129.8950
   -0.9375   -0.0185   -0.3476
    0.2236   -0.7974   -0.5604
   -0.2668   -0.6031    0.7517
...    59 T-A ...
 -109.1107  -65.0379  132.5022
   -0.6468   -0.4256   -0.6329
    0.7047   -0.6508   -0.2825
   -0.2916   -0.6288    0.7208
...    60 C-G ...
 -110.1068  -67.0388  134.9328
   -0.0791   -0.7031   -0.7067
    0.9569   -0.2524    0.1440
   -0.2796   -0.6648    0.6927
...    61 G-C ...
 -110.6982  -69.3206  137.3586
    0.5110   -0.6129   -0.6026
    0.8342    0.1845    0.5197
   -0.2074   -0.7683    0.6056
...    62 A-T ...
 -111.3786  -71.8870  139.2656
    0.9172   -0.3301   -0.2231
    0.3700    0.4979    0.7843
   -0.1478   -0.8020    0.5788
...    63 G-C ...
 -111.7538  -74.7333  140.9142
    0.9821    0.0646    0.1768
   -0.1818    0.5686    0.8023
   -0.0487   -0.8201    0.5701
...    64 C-G ...
 -111.4663  -77.6279  142.5129
    0.7179    0.4100    0.5627
   -0.6959    0.3994    0.5969
    0.0200   -0.8200    0.5720
...    65 T-A ...
 -110.9765  -80.3327  144.3862
    0.2172    0.5972    0.7721
   -0.9722    0.0615    0.2260
    0.0874   -0.7997    0.5939
...    66 C-G ...
 -110.5618  -82.8486  146.4931
   -0.4214    0.5021    0.7552
   -0.8992   -0.3395   -0.2760
    0.1178   -0.7954    0.5946
...    67 G-C ...
 -110.6169  -85.6671  148.3668
   -0.8775    0.2261    0.4229
   -0.4680   -0.5960   -0.6525
    0.1046   -0.7705    0.6288
...    68 G-C ...
 -110.1777  -88.1326  150.6719
   -0.9906   -0.1268   -0.0522
    0.1195   -0.6112   -0.7824
    0.0673   -0.7812    0.6206
...    69 G-C ...
 -109.8922  -90.6229  152.9765
   -0.7507   -0.4007   -0.5253
    0.6596   -0.4091   -0.6305
    0.0377   -0.8198    0.5714
...    70 A-T ...
 -109.7223  -93.2250  154.9838
   -0.2078   -0.5288   -0.8229
    0.9765   -0.0628   -0.2062
    0.0573   -0.8464    0.5294
...    71 T-A ...
 -110.1779  -96.0009  156.6652
    0.3166   -0.4597   -0.8297
    0.9455    0.2227    0.2374
    0.0757   -0.8597    0.5051
...    72 C-G ...
 -109.9410  -98.8530  158.2444
    0.8028   -0.1672   -0.5723
    0.5802    0.4400    0.6854
    0.1373   -0.8823    0.4503
...    73 C-G ...
 -109.3523 -101.9657  159.3716
    0.9640    0.2126   -0.1599
    0.0592    0.4148    0.9080
    0.2594   -0.8847    0.3873
...    74 G-C ...
 -108.0597 -104.6807  160.9300
    0.7848    0.5253    0.3288
   -0.4587    0.1355    0.8782
    0.4168   -0.8401    0.3473
...    75 C-G ...
 -106.1543 -107.2580  161.8617
    0.3786    0.5387    0.7526
   -0.7934   -0.2299    0.5636
    0.4766   -0.8105    0.3404
...    76 T-A ...
 -104.2119 -109.7193  163.0186
   -0.1361    0.3337    0.9328
   -0.8414   -0.5359    0.0690
    0.5229   -0.7755    0.3537
...    77 T-A ...
 -102.2061 -112.0492  164.1524
   -0.5745   -0.1212    0.8095
   -0.5916   -0.6219   -0.5130
    0.5656   -0.7736    0.2856
...    78 T-A ...
 -100.1170 -114.3394  165.2264
   -0.7665   -0.5369    0.3526
   -0.1387   -0.3976   -0.9070
    0.6271   -0.7441    0.2303
...    79 A-T ...
  -97.6597 -116.7913  165.2077
   -0.5881   -0.7266   -0.3554
    0.3840    0.1359   -0.9133
    0.7118   -0.6735    0.1991
...    80 A-T ...
  -95.4204 -118.9981  166.0584
   -0.2381   -0.5091   -0.8271
    0.6324    0.5651   -0.5298
    0.7371   -0.6492    0.1875
...    81 C-G ...
  -93.4150 -121.4978  166.8566
    0.1008   -0.0882   -0.9910
    0.6530    0.7573   -0.0009
    0.7506   -0.6470    0.1339
...    82 A-T ...
  -90.7468 -123.5219  167.2634
    0.3392    0.4611   -0.8199
    0.4947    0.6539    0.5724
    0.8001   -0.5998   -0.0063
...    83 C-G ...
  -88.3764 -125.7056  166.6824
    0.4929    0.7788   -0.3879
    0.2611    0.2929    0.9198
    0.8300   -0.5546   -0.0589
...    84 T-A ...
  -85.5556 -127.3435  166.0983
    0.4772    0.8600    0.1807
    0.0075   -0.2096    0.9778
    0.8787   -0.4653   -0.1065
...    85 T-A ...
  -82.6437 -128.6690  165.5520
    0.3882    0.5755    0.7198
   -0.2458   -0.6881    0.6827
    0.8882   -0.4419   -0.1257
...    86 T-A ...
  -79.6491 -129.8369  164.9961
    0.2031    0.0332    0.9786
   -0.4128   -0.9034    0.1163
    0.8879   -0.4275   -0.1698
...    87 A-T ...
  -76.9918 -131.8869  164.0811
   -0.0287   -0.6566    0.7537
   -0.4603   -0.6606   -0.5931
    0.8873   -0.3640   -0.2833
...    88 T-A ...
  -73.7729 -132.6759  163.6495
   -0.2249   -0.9247    0.3071
   -0.3885   -0.2039   -0.8986
    0.8936   -0.3214   -0.3134
...    89 G-C ...
  -70.9218 -133.6608  162.2172
   -0.4486   -0.8454   -0.2900
   -0.1873    0.4062   -0.8944
    0.8739   -0.3469   -0.3405
...    90 C-G ...
  -67.9144 -134.9132  161.4437
   -0.5133   -0.4555   -0.7274
    0.0689    0.8229   -0.5639
    0.8554   -0.3396   -0.3911
...    91 T-A ...
  -65.1727 -136.2772  160.1577
   -0.4659    0.0890   -0.8804
    0.3236    0.9432   -0.0759
    0.8236   -0.3202   -0.4682
...    92 T-A ...
  -62.6035 -137.4324  158.5790
   -0.2468    0.6273   -0.7387
    0.5284    0.7260    0.4401
    0.8124   -0.2817   -0.5106
...    93 C-G ...
  -60.0148 -138.2563  156.7754
    0.0423    0.9538   -0.2975
    0.5942    0.2153    0.7750
    0.8032   -0.2096   -0.5576
...    94 C-G ...
  -57.4715 -138.5518  154.5797
    0.2685    0.9332    0.2390
    0.5266   -0.3499    0.7747
    0.8066   -0.0821   -0.5854
...    95 G-C ...
  -54.4759 -138.5302  152.9957
    0.4285    0.5713    0.7000
    0.3659   -0.8181    0.4436
    0.8261    0.0660   -0.5596
...    96 G-C ...
  -51.5968 -137.7834  151.3280
    0.5116    0.0068    0.8592
    0.1182   -0.9910   -0.0625
    0.8511    0.1335   -0.5078
...    97 C-G ...
  -48.6675 -136.9454  149.8976
    0.4805   -0.5609    0.6742
   -0.1690   -0.8136   -0.5564
    0.8605    0.1534   -0.4857
...    98 T-A ...
  -45.6716 -136.2518  148.5488
    0.2953   -0.9224    0.2490
   -0.3964   -0.3554   -0.8465
    0.8693    0.1512   -0.4706
...    99 C-G ...
  -42.7583 -135.6593  147.0603
   -0.0084   -0.9431   -0.3323
   -0.5105    0.2898   -0.8095
    0.8598    0.1629   -0.4839
...   100 G-C ...
  -40.1243 -134.6976  145.1404
   -0.3817   -0.6053   -0.6985
   -0.4313    0.7851   -0.4446
    0.8175    0.1316   -0.5607
...   101 T-A ...
  -37.2670 -134.8103  143.4411
   -0.5848   -0.0916   -0.8060
   -0.1712    0.9852    0.0122
    0.7929    0.1451   -0.5918
...   102 T-A ...
  -34.7101 -134.5057  141.4755
   -0.6022    0.4912   -0.6293
    0.1936    0.8546    0.4818
    0.7745    0.1683   -0.6098
...   103 C-G ...
  -32.2591 -133.9109  139.3831
   -0.4182    0.8907   -0.1781
    0.5272    0.3977    0.7510
    0.7397    0.2202   -0.6359
...   104 A-T ...
  -29.7703 -132.9189  137.3484
   -0.1275    0.9216    0.3665
    0.7114   -0.1725    0.6813
    0.6911    0.3476   -0.6337
...   105 T-A ...
  -28.0431 -131.4659  134.9537
    0.2502    0.6964    0.6726
    0.6856   -0.6180    0.3848
    0.6837    0.3649   -0.6320
...   106 G-C ...
  -25.5210 -130.2312  133.1128
    0.5576    0.1625    0.8141
    0.4411   -0.8887   -0.1247
    0.7032    0.4286   -0.5672
...   107 T-A ...
  -23.3535 -128.2257  131.5179
    0.7036   -0.3526    0.6170
    0.0738   -0.8273   -0.5569
    0.7068    0.4374   -0.5560
...   108 T-A ...
  -21.0800 -126.5373  129.8844
    0.6405   -0.7563    0.1334
   -0.3694   -0.4557   -0.8099
    0.6733    0.4694   -0.5712
...   109 A-T ...
  -19.2752 -124.8942  127.4543
    0.2612   -0.8345   -0.4851
   -0.7270    0.1605   -0.6676
    0.6350    0.5271   -0.5648
...   110 T-A ...
  -16.7033 -123.3969  125.9982
   -0.1518   -0.6189   -0.7707
   -0.7636    0.5685   -0.3061
    0.6276    0.5420   -0.5589
...   111 A-T ...
  -14.9096 -121.1611  124.1575
   -0.6184   -0.1066   -0.7786
   -0.4913    0.8258    0.2771
    0.6134    0.5538   -0.5630
...   112 A-T ...
  -12.8821 -119.5255  122.2181
   -0.7959    0.3924   -0.4610
   -0.0371    0.7285    0.6841
    0.6043    0.5616   -0.5652
...   113 C-G ...
  -11.0930 -118.0261  119.8648
   -0.7134    0.7007    0.0038
    0.4062    0.4091    0.8171
    0.5710    0.5845   -0.5765
...   114 G-C ...
   -9.1315 -115.7654  118.2630
   -0.4106    0.7347    0.5400
    0.7695   -0.0385    0.6375
    0.4891    0.6773   -0.5495
...   115 G-C ...
   -7.8240 -113.2150  116.4380
    0.0552    0.5275    0.8478
    0.8859   -0.4175    0.2021
    0.4606    0.7399   -0.4904
...   116 A-T ...
   -6.3787 -110.6646  114.9029
    0.5740    0.1470    0.8056
    0.6772   -0.6383   -0.3661
    0.4603    0.7557   -0.4659
...   117 A-T ...
   -5.0194 -108.0281  113.5466
    0.8737   -0.2448    0.4204
    0.2030   -0.6018   -0.7724
    0.4421    0.7602   -0.4761
...   118 T-A ...
   -3.5881 -105.1952  112.5889
    0.8556   -0.5148   -0.0543
   -0.2874   -0.3851   -0.8770
    0.4306    0.7659   -0.4774
...   119 A-T ...
   -2.4819 -102.6451  110.6010
    0.4609   -0.6257   -0.6293
   -0.7854    0.0426   -0.6176
    0.4132    0.7789   -0.4718
...   120 A-T ...
   -0.9354 -100.1499  109.1875
   -0.0899   -0.4666   -0.8799
   -0.9092    0.3991   -0.1188
    0.4066    0.7893   -0.4601
...   121 T-A ...
    0.9547  -97.9320  107.6311
   -0.5515   -0.1867   -0.8130
   -0.7288    0.5820    0.3607
    0.4058    0.7915   -0.4570
...   122 G-C ...
    1.9998  -95.0916  106.1645
   -0.9094    0.1312   -0.3948
   -0.2444    0.5995    0.7622
    0.3367    0.7896   -0.5131
...   123 T-A ...
    3.0067  -92.8183  103.9460
   -0.9050    0.4141    0.0979
    0.2914    0.4354    0.8517
    0.3100    0.7993   -0.5147
...   124 G-C ...
    4.0067  -89.9417  102.5192
   -0.5748    0.5237    0.6288
    0.7828    0.1279    0.6090
    0.2385    0.8422   -0.4835
...   125 T-A ...
    4.1728  -87.1157  100.7437
   -0.0612    0.4878    0.8708
    0.9707   -0.1740    0.1658
    0.2324    0.8554   -0.4628
...   126 C-G ...
    4.8563  -84.2243   99.2901
    0.5379    0.2602    0.8019
    0.8086   -0.4283   -0.4035
    0.2384    0.8654   -0.4407
...   127 G-C ...
    5.9919  -81.4662   97.6682
    0.8807   -0.1249    0.4569
    0.3504   -0.4772   -0.8059
    0.3187    0.8699   -0.3764
...   128 A-T ...
    7.0344  -78.5526   96.5116
    0.9021   -0.4156   -0.1157
   -0.2558   -0.2991   -0.9193
    0.3475    0.8589   -0.3762
...   129 C-G ...
    8.4901  -75.6333   95.8303
    0.6078   -0.5374   -0.5847
   -0.7010   -0.0171   -0.7130
    0.3732    0.8432   -0.3870
...   130 C-G ...
   10.0341  -72.8894   94.5781
    0.0729   -0.5228   -0.8493
   -0.9113    0.3111   -0.2698
    0.4053    0.7936   -0.4537
...   131 A-T ...
   11.1235  -70.1457   92.9645
   -0.5194   -0.3060   -0.7979
   -0.7626    0.5873    0.2712
    0.3856    0.7493   -0.5383
...   132 A-T ...
   12.4923  -67.8699   91.0845
   -0.8673    0.1061   -0.4863
   -0.3053    0.6583    0.6881
    0.3931    0.7453   -0.5385
...   133 A-T ...
   13.7586  -65.5926   89.1288
   -0.8716    0.4901    0.0078
    0.2707    0.4681    0.8412
    0.4086    0.7353   -0.5407
...   134 T-A ...
   14.7385  -63.4258   86.8200
   -0.5923    0.6747    0.4404
    0.6886    0.1401    0.7115
    0.4183    0.7247   -0.5475
...   135 G-C ...
   15.7318  -61.4928   83.9331
    0.0341    0.7400    0.6717
    0.8636   -0.3601    0.3528
    0.5030    0.5681   -0.6514
...   136 T-A ...
   15.7849  -59.5604   80.7993
    0.5517    0.4998    0.6677
    0.6739   -0.7388   -0.0038
    0.4915    0.4520   -0.7444
...   137 G-C ...
   16.8386  -57.7219   78.2676
    0.8528   -0.0848    0.5153
    0.1507   -0.9048   -0.3983
    0.5000    0.4173   -0.7588
...   138 A-T ...
   18.4283  -55.5287   76.5300
    0.8547   -0.5006    0.1371
   -0.3188   -0.7148   -0.6224
    0.4096    0.4883   -0.7706
...   139 G-C ...
   20.4260  -54.3093   74.5420
    0.5847   -0.7389   -0.3347
   -0.7593   -0.3533   -0.5465
    0.2856    0.5737   -0.7676
...   140 C-G ...
   21.4270  -51.8266   72.7877
    0.1304   -0.7144   -0.6875
   -0.8897    0.2216   -0.3991
    0.4375    0.6637   -0.6067
...   141 G-C ...
   22.1522  -50.1494   67.4641
   -0.4682   -0.8748    0.1248
   -0.8494    0.4066   -0.3364
    0.2435   -0.2635   -0.9334
...   142 C-G ...
   22.3489  -51.2414   64.4934
   -0.8528   -0.5119   -0.1032
   -0.4975    0.8565   -0.1374
    0.1587   -0.0659   -0.9851
...   143 T-A ...
   24.0167  -51.6378   61.9249
   -0.9562    0.0401   -0.2898
    0.0524    0.9980   -0.0348
    0.2878   -0.0485   -0.9564
...   144 C-G ...
   24.8959  -52.7395   58.9874
   -0.7529    0.5560   -0.3520
    0.5214    0.8304    0.1965
    0.4016   -0.0356   -0.9151
...   145 A-T ...
   25.5277  -52.9803   55.8054
   -0.2442    0.9563   -0.1610
    0.8906    0.2869    0.3528
    0.3836   -0.0573   -0.9217
...   146 C-G ...
   25.2779  -52.5122   52.0797
    0.3204    0.9427   -0.0929
    0.8825   -0.2614    0.3909
    0.3443   -0.2072   -0.9157
...   147 A-T ...
   25.6240  -52.5940   48.6396
    0.8597    0.5097    0.0339
    0.4496   -0.7865    0.4233
    0.2425   -0.3487   -0.9053
