  147 base-pairs
...     1 T-A ...
    0.0000    0.0000    0.0000
    1.0000    0.0000    0.0000
    0.0000    1.0000    0.0000
    0.0000    0.0000    1.0000
...     2 G-C ...
   -0.5555   -1.1003    3.3981
    0.7749    0.6051    0.1828
   -0.5991    0.7953   -0.0929
   -0.2016   -0.0375    0.9787
...     3 T-A ...
   -0.6619   -3.0237    6.5348
    0.3046    0.9250    0.2271
   -0.8994    0.3578   -0.2510
   -0.3134   -0.1278    0.9410
...     4 G-C ...
   -1.1607   -3.8418    9.6940
   -0.3351    0.9421    0.0133
   -0.8752   -0.3061   -0.3746
   -0.3489   -0.1372    0.9271
...     5 A-T ...
   -1.3881   -3.6770   12.8999
   -0.7835    0.6162   -0.0801
   -0.5677   -0.7622   -0.3109
   -0.2527   -0.1981    0.9470
...     6 G-C ...
   -2.6236   -3.5448   15.7072
   -0.9923    0.0611   -0.1075
   -0.0294   -0.9610   -0.2748
   -0.1201   -0.2695    0.9555
...     7 C-G ...
   -2.3138   -3.7570   18.8866
   -0.8620   -0.4995   -0.0864
    0.5008   -0.8655    0.0073
   -0.0785   -0.0370    0.9962
...     8 G-C ...
   -3.9561   -6.8109   23.3205
   -0.2581   -0.3560   -0.8981
    0.6294   -0.7673    0.1233
   -0.7330   -0.5335    0.4221
...     9 C-G ...
   -6.1177   -8.9414   24.2385
    0.1143   -0.7320   -0.6716
    0.8123   -0.3203    0.4874
   -0.5720   -0.6013    0.5580
...    10 T-A ...
   -8.5041   -9.6771   26.0540
    0.4660   -0.8587   -0.2131
    0.6274    0.1508    0.7640
   -0.6239   -0.4897    0.6090
...    11 C-G ...
  -11.0625  -11.3174   27.2336
    0.6660   -0.6911    0.2808
    0.3382    0.6152    0.7121
   -0.6649   -0.3794    0.6435
...    12 A-T ...
  -13.0013  -13.1789   29.0658
    0.7188   -0.1490    0.6790
   -0.1787    0.9043    0.3876
   -0.6718   -0.4000    0.6235
...    13 C-G ...
  -14.1788  -15.9359   31.3399
    0.4052    0.2865    0.8682
   -0.5270    0.8492   -0.0343
   -0.7470   -0.4437    0.4951
...    14 A-T ...
  -15.9532  -18.1566   33.3080
   -0.1503    0.6873    0.7107
   -0.6106    0.5008   -0.6135
   -0.7776   -0.5261    0.3444
...    15 A-T ...
  -18.4888  -19.7987   34.5067
   -0.4505    0.8718    0.1924
   -0.4112   -0.0113   -0.9115
   -0.7925   -0.4897    0.3636
...    16 T-A ...
  -20.8898  -21.2465   36.4098
   -0.6274    0.7045   -0.3317
   -0.0896   -0.4885   -0.8680
   -0.7735   -0.5149    0.3696
...    17 T-A ...
  -23.4215  -22.6754   37.9412
   -0.5860    0.2547   -0.7693
    0.3034   -0.8113   -0.4997
   -0.7514   -0.5262    0.3982
...    18 T-A ...
  -25.9940  -24.1646   39.3220
   -0.3089   -0.2776   -0.9097
    0.5877   -0.8077    0.0469
   -0.7478   -0.5201    0.4126
...    19 A-T ...
  -28.3953  -26.1134   40.9229
    0.1329   -0.7857   -0.6042
    0.6493   -0.3916    0.6520
   -0.7488   -0.4790    0.4581
...    20 T-A ...
  -31.2938  -27.4396   41.9561
    0.4290   -0.8939   -0.1301
    0.4876    0.1080    0.8663
   -0.7604   -0.4351    0.4822
...    21 T-A ...
  -33.8919  -28.8931   43.2822
    0.6037   -0.6640    0.4411
    0.1307    0.6283    0.7669
   -0.7864   -0.4054    0.4661
...    22 C-G ...
  -36.5058  -30.1960   44.8312
    0.5787   -0.1395    0.8036
   -0.2647    0.8998    0.3468
   -0.7714   -0.4134    0.4838
...    23 G-C ...
  -39.3362  -30.9621   46.5717
    0.4500    0.4512    0.7706
   -0.5510    0.8194   -0.1579
   -0.7027   -0.3536    0.6174
...    24 C-G ...
  -41.3944  -32.4077   48.6865
    0.1350    0.8360    0.5319
   -0.7004    0.4603   -0.5455
   -0.7008   -0.2989    0.6477
...    25 A-T ...
  -44.0772  -33.2538   50.4943
   -0.2416    0.9691    0.0491
   -0.6538   -0.1252   -0.7463
   -0.7171   -0.2124    0.6638
...    26 A-T ...
  -46.3925  -33.7772   52.7632
   -0.5620    0.7196   -0.4078
   -0.4023   -0.6686   -0.6254
   -0.7227   -0.1874    0.6653
...    27 A-T ...
  -48.6290  -34.1019   55.1205
   -0.6968    0.1893   -0.6918
    0.0050   -0.9632   -0.2687
   -0.7172   -0.1907    0.6702
...    28 G-C ...
  -51.2110  -34.2474   57.3256
   -0.5429   -0.3573   -0.7600
    0.3652   -0.9154    0.1694
   -0.7562   -0.1855    0.6275
...    29 G-C ...
  -54.0559  -34.6963   59.2516
   -0.1810   -0.8171   -0.5474
    0.5979   -0.5333    0.5984
   -0.7809   -0.2190    0.5851
...    30 C-G ...
  -56.8506  -35.3946   60.8574
    0.2229   -0.9660   -0.1312
    0.5798    0.0232    0.8144
   -0.7836   -0.2576    0.5653
...    31 C-G ...
  -59.6683  -36.1742   62.5613
    0.5577   -0.7652    0.3216
    0.3423    0.5651    0.7507
   -0.7561   -0.3086    0.5771
...    32 G-C ...
  -61.9002  -36.8784   64.6373
    0.7222   -0.3143    0.6161
   -0.0222    0.8798    0.4747
   -0.6913   -0.3565    0.6285
...    33 G-C ...
  -63.9615  -38.2674   66.9021
    0.6243    0.2653    0.7348
   -0.4406    0.8962    0.0508
   -0.6451   -0.3555    0.6764
...    34 C-G ...
  -65.8438  -39.6782   69.2030
    0.2948    0.7448    0.5986
   -0.7223    0.5839   -0.3708
   -0.6257   -0.3231    0.7101
...    35 C-G ...
  -67.6706  -40.5464   71.9569
   -0.1309    0.9632    0.2347
   -0.7761    0.0477   -0.6288
   -0.6168   -0.2644    0.7413
...    36 C-G ...
  -69.6158  -41.1790   74.6574
   -0.5218    0.8270   -0.2091
   -0.5873   -0.5261   -0.6151
   -0.6187   -0.1981    0.7602
...    37 G-C ...
  -71.9836  -42.5989   76.7186
   -0.7189    0.3883   -0.5765
   -0.1827   -0.9058   -0.3823
   -0.6706   -0.1696    0.7221
...    38 A-T ...
  -74.0672  -43.1019   79.0796
   -0.6828   -0.2279   -0.6941
    0.2894   -0.9567    0.0294
   -0.6708   -0.1808    0.7193
...    39 C-G ...
  -76.5404  -43.3223   81.1329
   -0.3955   -0.6929   -0.6029
    0.5968   -0.6928    0.4047
   -0.6981   -0.1998    0.6876
...    40 A-T ...
  -78.9622  -44.1160   83.3595
    0.0909   -0.9527   -0.2902
    0.7045   -0.1444    0.6948
   -0.7038   -0.2676    0.6581
...    41 C-G ...
  -81.5294  -45.2824   85.1085
    0.4806   -0.8721    0.0923
    0.5394    0.3770    0.7530
   -0.6914   -0.3121    0.6516
...    42 G-C ...
  -83.5637  -46.0840   87.6451
    0.7519   -0.4462    0.4853
    0.1183    0.8155    0.5665
   -0.6485   -0.3686    0.6660
...    43 A-T ...
  -85.6821  -47.2799   89.7063
    0.6745    0.1308    0.7266
   -0.3491    0.9237    0.1578
   -0.6505   -0.3601    0.6687
...    44 C-G ...
  -87.4690  -49.0055   91.8944
    0.4041    0.6266    0.6664
   -0.6738    0.6966   -0.2465
   -0.6186   -0.3494    0.7037
...    45 T-A ...
  -89.1257  -50.4802   94.7503
   -0.0437    0.9281    0.3698
   -0.7891    0.1949   -0.5825
   -0.6127   -0.3173    0.7239
...    46 T-A ...
  -90.9070  -51.5270   97.2288
   -0.4762    0.8793   -0.0022
   -0.6250   -0.3402   -0.7026
   -0.6186   -0.3332    0.7115
...    47 A-T ...
  -93.1730  -52.8419   99.3904
   -0.7711    0.4425   -0.4579
   -0.1610   -0.8312   -0.5321
   -0.6160   -0.3366    0.7122
...    48 C-G ...
  -95.2579  -53.3002  101.9713
   -0.7214   -0.0721   -0.6888
    0.2793   -0.9404   -0.1942
   -0.6337   -0.3325    0.6985
...    49 T-A ...
  -97.6718  -54.0943  104.2229
   -0.3984   -0.5474   -0.7359
    0.6161   -0.7541    0.2274
   -0.6795   -0.3628    0.6377
...    50 G-C ...
 -100.0032  -55.5265  106.2290
    0.1207   -0.8270   -0.5490
    0.7197   -0.3080    0.6223
   -0.6837   -0.4702    0.5580
...    51 T-A ...
 -102.5087  -57.0333  107.5704
    0.5112   -0.8407   -0.1785
    0.5456    0.1569    0.8233
   -0.6641   -0.5182    0.5389
...    52 A-T ...
 -104.5442  -58.8937  109.4873
    0.7982   -0.5234    0.2981
    0.1025    0.6057    0.7890
   -0.5936   -0.5993    0.5372
...    53 G-C ...
 -106.5121  -60.9513  111.0671
    0.7864   -0.0652    0.6143
   -0.3530    0.7687    0.5335
   -0.5070   -0.6363    0.5814
...    54 G-C ...
 -107.7269  -63.7124  113.0331
    0.4770    0.4365    0.7629
   -0.7620    0.6379    0.1114
   -0.4380   -0.6344    0.6369
...    55 T-A ...
 -108.6600  -65.9405  115.2696
   -0.0029    0.7080    0.7062
   -0.9073    0.2951   -0.2996
   -0.4205   -0.6416    0.6415
...    56 A-T ...
 -109.7843  -68.0707  117.6706
   -0.5524    0.7485    0.3669
   -0.7241   -0.2129   -0.6560
   -0.4129   -0.6280    0.6596
...    57 T-A ...
 -110.6466  -69.8540  120.3224
   -0.8696    0.4933   -0.0194
   -0.3086   -0.5739   -0.7585
   -0.3853   -0.6537    0.6513
...    58 C-G ...
 -112.0169  -71.8593  122.6932
   -0.8688    0.0125   -0.4950
    0.3233   -0.7430   -0.5861
   -0.3751   -0.6692    0.6415
...    59 T-A ...
 -113.5901  -73.9213  124.8558
   -0.5289   -0.3598   -0.7686
    0.7463   -0.6284   -0.2194
   -0.4041   -0.6897    0.6009
...    60 C-G ...
 -114.9714  -76.2086  126.9650
    0.0404   -0.6358   -0.7708
    0.9203   -0.2768    0.2766
   -0.3892   -0.7205    0.5740
...    61 G-C ...
 -115.7039  -78.8172  128.9604
    0.5926   -0.5127   -0.6213
    0.7535    0.0801    0.6526
   -0.2848   -0.8548    0.4338
...    62 A-T ...
 -116.5841  -81.5629  130.5689
    0.9404   -0.2984   -0.1628
    0.2731    0.3781    0.8845
   -0.2024   -0.8763    0.4371
...    63 G-C ...
 -117.0480  -84.6320  131.7826
    0.9548    0.0250    0.2961
   -0.2755    0.4478    0.8507
   -0.1113   -0.8938    0.4344
...    64 C-G ...
 -116.9798  -87.8450  132.9508
    0.6158    0.3171    0.7213
   -0.7858    0.3147    0.5325
   -0.0581   -0.8946    0.4430
...    65 T-A ...
 -116.9665  -90.7991  134.4274
    0.0799    0.4508    0.8891
   -0.9968    0.0378    0.0704
   -0.0019   -0.8918    0.4524
...    66 C-G ...
 -117.3202  -93.5974  136.1205
   -0.5520    0.3635    0.7505
   -0.8316   -0.3067   -0.4630
    0.0619   -0.8796    0.4716
...    67 G-C ...
 -118.0491  -97.0350  137.0449
   -0.9423    0.1055    0.3178
   -0.3271   -0.4930   -0.8062
    0.0716   -0.8636    0.4990
...    68 G-C ...
 -117.6768  -99.9093  138.8553
   -0.9570   -0.1699   -0.2352
    0.2863   -0.4220   -0.8602
    0.0468   -0.8905    0.4525
...    69 G-C ...
 -117.5557 -102.8112  140.5358
   -0.6360   -0.2927   -0.7140
    0.7716   -0.2520   -0.5840
   -0.0090   -0.9224    0.3861
...    70 A-T ...
 -117.7712 -105.8374  141.9833
   -0.0366   -0.3567   -0.9335
    0.9993   -0.0025   -0.0383
    0.0113   -0.9342    0.3565
...    71 T-A ...
 -118.3238 -108.9286  142.9735
    0.4921   -0.2609   -0.8305
    0.8698    0.1859    0.4569
    0.0352   -0.9473    0.3184
...    72 C-G ...
 -118.2647 -112.1295  143.7926
    0.9062   -0.0357   -0.4213
    0.4130    0.2876    0.8641
    0.0903   -0.9571    0.2754
...    73 C-G ...
 -118.0267 -115.2957  144.6127
    0.9616    0.2682    0.0580
   -0.1254    0.2415    0.9623
    0.2441   -0.9326    0.2659
...    74 G-C ...
 -117.0528 -118.2356  145.9317
    0.6787    0.4902    0.5468
   -0.6163   -0.0247    0.7871
    0.3994   -0.8713    0.2853
...    75 C-G ...
 -115.0539 -120.9505  146.8182
    0.1888    0.3875    0.9023
   -0.8743   -0.3520    0.3341
    0.4471   -0.8520    0.2724
...    76 T-A ...
 -113.0315 -123.4762  148.2876
   -0.3464    0.0760    0.9350
   -0.7721   -0.5892   -0.2382
    0.5328   -0.8044    0.2628
...    77 T-A ...
 -111.0028 -125.8784  149.2633
   -0.6884   -0.3839    0.6154
   -0.3973   -0.5103   -0.7627
    0.6069   -0.7695    0.1988
...    78 T-A ...
 -108.7708 -128.1503  150.2156
   -0.7206   -0.6918    0.0469
    0.0745   -0.1445   -0.9867
    0.6894   -0.7075    0.1557
...    79 A-T ...
 -105.9474 -130.0353  149.8542
   -0.4010   -0.7040   -0.5862
    0.4672    0.3932   -0.7919
    0.7880   -0.5914    0.1712
...    80 A-T ...
 -103.4531 -131.9703  150.5331
   -0.0352   -0.3377   -0.9406
    0.5741    0.7636   -0.2956
    0.8181   -0.5504    0.1669
...    81 C-G ...
 -101.0259 -134.2554  151.1523
    0.2655    0.1638   -0.9501
    0.4733    0.8364    0.2764
    0.8400   -0.5230    0.1445
...    82 A-T ...
  -98.1181 -135.9436  151.5373
    0.3873    0.6888   -0.6128
    0.2368    0.5681    0.7882
    0.8910   -0.4504    0.0569
...    83 C-G ...
  -95.1483 -137.3646  151.0328
    0.4049    0.9095   -0.0946
    0.0183    0.0953    0.9953
    0.9142   -0.4047    0.0219
...    84 T-A ...
  -91.7997 -138.5080  150.5844
    0.2395    0.8181    0.5229
   -0.1807   -0.4916    0.8519
    0.9539   -0.2985    0.0301
...    85 T-A ...
  -88.5962 -139.2027  150.4903
    0.1166    0.3440    0.9317
   -0.2634   -0.8938    0.3630
    0.9576   -0.2878   -0.0136
...    86 T-A ...
  -85.3672 -139.8320  150.3844
   -0.0109   -0.2721    0.9622
   -0.2815   -0.9225   -0.2641
    0.9595   -0.2738   -0.0665
...    87 A-T ...
  -82.0544 -140.9609  149.7397
   -0.0735   -0.8953    0.4394
   -0.2280   -0.4139   -0.8813
    0.9709   -0.1649   -0.1737
...    88 T-A ...
  -78.7754 -141.3336  149.8614
   -0.1685   -0.9839   -0.0592
   -0.1714    0.0884   -0.9812
    0.9707   -0.1552   -0.1835
...    89 G-C ...
  -75.5759 -142.0441  149.4006
   -0.3197   -0.7043   -0.6338
   -0.0091    0.6712   -0.7413
    0.9475   -0.2312   -0.2210
...    90 C-G ...
  -72.5785 -143.1577  148.6947
   -0.3210   -0.1993   -0.9259
    0.1310    0.9589   -0.2518
    0.9380   -0.2021   -0.2817
...    91 T-A ...
  -69.4043 -144.2206  147.8404
   -0.2538    0.4044   -0.8787
    0.2812    0.9000    0.3330
    0.9255   -0.1625   -0.3421
...    92 T-A ...
  -66.5332 -144.8130  146.5762
   -0.1400    0.8477   -0.5116
    0.3955    0.5216    0.7560
    0.9077   -0.0964   -0.4083
...    93 C-G ...
  -63.6480 -144.9499  144.9959
    0.0103    0.9979    0.0634
    0.4338   -0.0616    0.8989
    0.9009    0.0183   -0.4336
...    94 C-G ...
  -60.7512 -144.6594  143.4674
    0.1227    0.8001    0.5872
    0.3984   -0.5816    0.7093
    0.9090    0.1469   -0.3901
...    95 G-C ...
  -57.7472 -144.0377  142.7938
    0.2157    0.3488    0.9120
    0.3574   -0.8974    0.2587
    0.9087    0.2701   -0.3183
...    96 G-C ...
  -54.7103 -142.7661  141.9556
    0.3479   -0.2482    0.9041
    0.2561   -0.9025   -0.3463
    0.9019    0.3520   -0.2504
...    97 T-A ...
  -51.8647 -141.0479  141.7186
    0.4178   -0.7078    0.5697
    0.0492   -0.6085   -0.7920
    0.9072    0.3589   -0.2194
...    98 C-G ...
  -48.7944 -139.9463  141.3032
    0.3759   -0.9263   -0.0239
   -0.1980   -0.0551   -0.9786
    0.9052    0.3726   -0.2042
...    99 A-T ...
  -46.0646 -138.2094  140.1596
    0.1095   -0.7997   -0.5904
   -0.3995    0.5085   -0.7628
    0.9102    0.3194   -0.2638
...   100 T-A ...
  -42.9013 -137.5018  139.5895
   -0.1381   -0.4204   -0.8968
   -0.4031    0.8509   -0.3368
    0.9047    0.3149   -0.2870
...   101 G-C ...
  -39.7412 -136.3898  138.5802
   -0.4357    0.1684   -0.8842
   -0.2503    0.9209    0.2987
    0.8646    0.3515   -0.3591
...   102 T-A ...
  -36.8175 -135.7243  137.0472
   -0.5178    0.6399   -0.5678
    0.0227    0.6738    0.7386
    0.8552    0.3696   -0.3634
...   103 T-A ...
  -34.1996 -134.5483  135.6989
   -0.4674    0.8837   -0.0262
    0.3196    0.1966    0.9269
    0.8242    0.4249   -0.3743
...   104 A-T ...
  -31.3821 -132.9629  134.7030
   -0.2214    0.7874    0.5753
    0.5651   -0.3772    0.7338
    0.7948    0.4875   -0.3615
...   105 T-A ...
  -29.2976 -130.9457  133.1704
    0.1076    0.4727    0.8746
    0.6115   -0.7251    0.3166
    0.7839    0.5007   -0.3671
...   106 A-T ...
  -26.4908 -129.4037  131.8928
    0.5134   -0.1095    0.8511
    0.4014   -0.8460   -0.3509
    0.7585    0.5218   -0.3904
...   107 A-T ...
  -24.1128 -127.5253  130.7612
    0.6805   -0.5752    0.4540
    0.0115   -0.6111   -0.7915
    0.7327    0.5438   -0.4093
...   108 C-G ...
  -21.5580 -125.3090  129.9616
    0.5893   -0.8019   -0.0980
   -0.3905   -0.1766   -0.9035
    0.7072    0.5707   -0.4173
...   109 G-C ...
  -19.3579 -123.4776  128.3428
    0.1994   -0.7476   -0.6335
   -0.6750    0.3639   -0.6418
    0.7104    0.5556   -0.4321
...   110 G-C ...
  -16.9018 -121.7094  126.9874
   -0.2607   -0.4716   -0.8424
   -0.6704    0.7163   -0.1936
    0.6947    0.5143   -0.5029
...   111 A-T ...
  -14.6486 -120.1336  125.2482
   -0.6526    0.0205   -0.7574
   -0.3767    0.8586    0.3478
    0.6575    0.5123   -0.5526
...   112 C-G ...
  -12.3802 -119.0233  123.1430
   -0.7951    0.4448   -0.4122
    0.0455    0.7216    0.6908
    0.6047    0.5305   -0.5940
...   113 T-A ...
  -10.5632 -117.5571  120.7041
   -0.7013    0.7064    0.0954
    0.4897    0.3802    0.7846
    0.5180    0.5970   -0.6126
...   114 C-G ...
   -8.9602 -115.3428  118.8550
   -0.2990    0.7684    0.5658
    0.8395   -0.0701    0.5389
    0.4537    0.6361   -0.6241
...   115 G-C ...
   -7.0533 -113.2140  117.1173
    0.2288    0.5258    0.8193
    0.8751   -0.4798    0.0636
    0.4265    0.7024   -0.5699
...   116 T-A ...
   -6.0853 -110.3325  115.6584
    0.6546    0.1489    0.7411
    0.6135   -0.6775   -0.4058
    0.4417    0.7203   -0.5349
...   117 A-T ...
   -4.6977 -107.5866  114.1821
    0.8766   -0.3144    0.3645
    0.1081   -0.6093   -0.7855
    0.4690    0.7280   -0.5001
...   118 T-A ...
   -3.1525 -104.8577  113.1788
    0.8158   -0.5673   -0.1127
   -0.3677   -0.3584   -0.8581
    0.4464    0.7414   -0.5010
...   119 A-T ...
   -1.9467 -102.2406  111.2418
    0.3727   -0.6233   -0.6874
   -0.8311    0.1054   -0.5461
    0.4128    0.7748   -0.4788
...   120 A-T ...
   -0.3312  -99.7917  109.8300
   -0.1832   -0.4528   -0.8726
   -0.8958    0.4426   -0.0416
    0.4050    0.7740   -0.4867
...   121 T-A ...
    1.5104  -97.6010  108.1132
   -0.6316   -0.1453   -0.7616
   -0.6622    0.6119    0.4325
    0.4031    0.7775   -0.4827
...   122 G-C ...
    2.8472  -94.9249  106.3469
   -0.9364    0.1937   -0.2927
   -0.1313    0.5802    0.8039
    0.3255    0.7911   -0.5178
...   123 T-A ...
    3.7503  -92.5637  104.2452
   -0.8737    0.4519    0.1804
    0.3775    0.3956    0.8373
    0.3070    0.7996   -0.5161
...   124 G-C ...
    4.6546  -89.8038  102.5209
   -0.4948    0.5406    0.6804
    0.8346    0.0776    0.5453
    0.2420    0.8377   -0.4896
...   125 T-A ...
    4.9533  -87.1021  100.7951
    0.0141    0.4615    0.8870
    0.9732   -0.2101    0.0938
    0.2296    0.8619   -0.4521
...   126 C-G ...
    5.6375  -84.2867   99.4706
    0.5936    0.2503    0.7649
    0.7759   -0.4303   -0.4613
    0.2136    0.8673   -0.4497
...   127 G-C ...
    6.8259  -81.6660   97.7509
    0.8901   -0.1378    0.4343
    0.3301   -0.4620   -0.8232
    0.3141    0.8761   -0.3657
...   128 A-T ...
    7.7188  -78.8304   96.6027
    0.9101   -0.3893   -0.1422
   -0.2717   -0.3013   -0.9140
    0.3130    0.8704   -0.3800
...   129 C-G ...
    9.0560  -75.8448   96.0815
    0.6055   -0.5261   -0.5971
   -0.7171   -0.0353   -0.6961
    0.3452    0.8497   -0.3986
...   130 C-G ...
   10.7179  -73.1708   94.7627
    0.0827   -0.5441   -0.8349
   -0.9164    0.2877   -0.2783
    0.3916    0.7881   -0.4748
...   131 A-T ...
   11.2360  -70.2013   93.1275
   -0.5156   -0.3160   -0.7964
   -0.7735    0.5715    0.2740
    0.3686    0.7573   -0.5391
...   132 A-T ...
   12.4678  -67.8295   91.2154
   -0.8726    0.0777   -0.4821
   -0.3192    0.6566    0.6834
    0.3697    0.7503   -0.5481
...   133 A-T ...
   13.7429  -65.6292   89.1356
   -0.8725    0.4885   -0.0023
    0.2618    0.4716    0.8421
    0.4125    0.7341   -0.5394
...   134 T-A ...
   14.7384  -63.4258   86.8200
   -0.5923    0.6747    0.4404
    0.6886    0.1401    0.7115
    0.4183    0.7247   -0.5475
...   135 G-C ...
   15.7317  -61.4928   83.9331
    0.0341    0.7400    0.6717
    0.8636   -0.3601    0.3528
    0.5030    0.5681   -0.6514
...   136 T-A ...
   15.7848  -59.5604   80.7993
    0.5517    0.4998    0.6677
    0.6739   -0.7388   -0.0038
    0.4915    0.4520   -0.7444
...   137 G-C ...
   16.8385  -57.7218   78.2677
    0.8528   -0.0848    0.5153
    0.1507   -0.9048   -0.3983
    0.5000    0.4173   -0.7588
...   138 A-T ...
   18.4282  -55.5286   76.5300
    0.8547   -0.5006    0.1371
   -0.3188   -0.7148   -0.6224
    0.4096    0.4883   -0.7706
...   139 G-C ...
   20.4259  -54.3093   74.5421
    0.5847   -0.7389   -0.3347
   -0.7593   -0.3533   -0.5465
    0.2856    0.5737   -0.7676
...   140 C-G ...
   21.4269  -51.8265   72.7877
    0.1304   -0.7144   -0.6875
   -0.8897    0.2216   -0.3991
    0.4375    0.6637   -0.6067
...   141 G-C ...
   22.1521  -50.1494   67.4641
   -0.4682   -0.8748    0.1248
   -0.8494    0.4066   -0.3364
    0.2435   -0.2635   -0.9334
...   142 C-G ...
   22.3488  -51.2413   64.4934
   -0.8528   -0.5119   -0.1032
   -0.4975    0.8565   -0.1374
    0.1587   -0.0659   -0.9851
...   143 T-A ...
   24.0166  -51.6378   61.9249
   -0.9562    0.0401   -0.2898
    0.0524    0.9980   -0.0348
    0.2878   -0.0485   -0.9564
...   144 C-G ...
   24.8958  -52.7395   58.9874
   -0.7529    0.5560   -0.3520
    0.5214    0.8304    0.1965
    0.4016   -0.0356   -0.9151
...   145 A-T ...
   25.5275  -52.9803   55.8054
   -0.2442    0.9563   -0.1610
    0.8906    0.2869    0.3528
    0.3836   -0.0573   -0.9217
...   146 C-G ...
   25.2778  -52.5122   52.0797
    0.3204    0.9427   -0.0929
    0.8825   -0.2614    0.3909
    0.3443   -0.2072   -0.9157
...   147 A-T ...
   25.6238  -52.5939   48.6397
    0.8597    0.5097    0.0339
    0.4496   -0.7865    0.4233
    0.2424   -0.3487   -0.9053
