  147 base-pairs
...     1 T-A ...
    0.0000    0.0000    0.0000
    1.0000    0.0000    0.0000
    0.0000    1.0000    0.0000
    0.0000    0.0000    1.0000
...     2 G-C ...
   -0.5555   -1.1003    3.3981
    0.7749    0.6051    0.1828
   -0.5991    0.7953   -0.0929
   -0.2016   -0.0375    0.9787
...     3 T-A ...
   -0.6619   -3.0237    6.5348
    0.3046    0.9250    0.2271
   -0.8994    0.3578   -0.2510
   -0.3134   -0.1278    0.9410
...     4 G-C ...
   -1.1607   -3.8418    9.6940
   -0.3351    0.9421    0.0133
   -0.8752   -0.3061   -0.3746
   -0.3489   -0.1372    0.9271
...     5 A-T ...
   -1.3881   -3.6770   12.8999
   -0.7835    0.6162   -0.0801
   -0.5677   -0.7622   -0.3109
   -0.2527   -0.1981    0.9470
...     6 G-C ...
   -2.6236   -3.5448   15.7072
   -0.9923    0.0611   -0.1075
   -0.0294   -0.9610   -0.2748
   -0.1201   -0.2695    0.9555
...     7 C-G ...
   -2.3138   -3.7570   18.8866
   -0.8620   -0.4995   -0.0864
    0.5008   -0.8655    0.0073
   -0.0785   -0.0370    0.9962
...     8 G-C ...
   -3.9561   -6.8109   23.3205
   -0.2581   -0.3560   -0.8981
    0.6294   -0.7673    0.1233
   -0.7330   -0.5335    0.4221
...     9 C-G ...
   -6.1177   -8.9414   24.2385
    0.1143   -0.7320   -0.6716
    0.8123   -0.3203    0.4874
   -0.5720   -0.6013    0.5580
...    10 T-A ...
   -8.5041   -9.6771   26.0540
    0.4660   -0.8587   -0.2131
    0.6274    0.1508    0.7640
   -0.6239   -0.4897    0.6090
...    11 C-G ...
  -11.0625  -11.3174   27.2336
    0.6660   -0.6911    0.2808
    0.3382    0.6152    0.7121
   -0.6649   -0.3794    0.6435
...    12 A-T ...
  -13.0013  -13.1789   29.0658
    0.7188   -0.1490    0.6790
   -0.1787    0.9043    0.3876
   -0.6718   -0.4000    0.6235
...    13 C-G ...
  -14.1788  -15.9359   31.3399
    0.4052    0.2865    0.8682
   -0.5270    0.8492   -0.0343
   -0.7470   -0.4437    0.4951
...    14 A-T ...
  -15.9532  -18.1566   33.3080
   -0.1503    0.6873    0.7107
   -0.6106    0.5008   -0.6135
   -0.7776   -0.5261    0.3444
...    15 A-T ...
  -18.4900  -19.7854   34.5265
   -0.4488    0.8725    0.1931
   -0.4170   -0.0133   -0.9088
   -0.7904   -0.4884    0.3698
...    16 T-A ...
  -20.8787  -21.2233   36.4537
   -0.6301    0.7039   -0.3280
   -0.0978   -0.4909   -0.8657
   -0.7704   -0.5134    0.3781
...    17 T-A ...
  -23.3918  -22.6417   38.0212
   -0.5961    0.2514   -0.7625
    0.2971   -0.8133   -0.5004
   -0.7459   -0.5248    0.4101
...    18 T-A ...
  -25.9459  -24.1065   39.4665
   -0.3282   -0.2870   -0.9000
    0.5908   -0.8058    0.0415
   -0.7371   -0.5180    0.4340
...    19 A-T ...
  -28.2941  -26.0434   41.1631
    0.1174   -0.7948   -0.5954
    0.6690   -0.3798    0.6389
   -0.7339   -0.4733    0.4872
...    20 T-A ...
  -31.1576  -27.3539   42.3086
    0.4260   -0.8955   -0.1292
    0.5153    0.1228    0.8482
   -0.7437   -0.4279    0.5137
...    21 T-A ...
  -33.7112  -28.7832   43.7440
    0.6225   -0.6570    0.4253
    0.1604    0.6390    0.7523
   -0.7660   -0.4001    0.5031
...    22 C-G ...
  -36.2571  -30.0649   45.4147
    0.6158   -0.1291    0.7773
   -0.2493    0.9039    0.3477
   -0.7474   -0.4079    0.5244
...    23 G-C ...
  -38.9992  -30.8156   47.3065
    0.4899    0.4623    0.7391
   -0.5596    0.8168   -0.1400
   -0.6685   -0.3451    0.6589
...    24 C-G ...
  -40.9350  -32.2270   49.5518
    0.1635    0.8433    0.5120
   -0.7298    0.4526   -0.5124
   -0.6638   -0.2899    0.6894
...    25 A-T ...
  -43.4909  -33.0116   51.5544
   -0.2331    0.9712    0.0498
   -0.6998   -0.1320   -0.7020
   -0.6752   -0.1985    0.7104
...    26 A-T ...
  -45.6591  -33.4742   53.9768
   -0.5829    0.7179   -0.3805
   -0.4467   -0.6743   -0.5880
   -0.6787   -0.1728    0.7138
...    27 A-T ...
  -47.7324  -33.7432   56.4849
   -0.7420    0.1849   -0.6444
   -0.0199   -0.9669   -0.2545
   -0.6702   -0.1760    0.7210
...    28 G-C ...
  -50.1500  -33.8399   58.8703
   -0.6000   -0.3641   -0.7124
    0.3705   -0.9156    0.1559
   -0.7090   -0.1704    0.6843
...    29 G-C ...
  -52.8283  -34.2352   61.0263
   -0.2299   -0.8243   -0.5174
    0.6392   -0.5288    0.5585
   -0.7339   -0.2023    0.6484
...    30 C-G ...
  -55.4842  -34.8520   62.8780
    0.2029   -0.9702   -0.1325
    0.6464    0.0310    0.7624
   -0.7355   -0.2403    0.6334
...    31 C-G ...
  -58.1633  -35.5439   64.8277
    0.5761   -0.7665    0.2839
    0.4148    0.5735    0.7064
   -0.7042   -0.2892    0.6484
...    32 G-C ...
  -60.2169  -36.1739   67.0966
    0.7743   -0.3146    0.5492
    0.0358    0.8881    0.4582
   -0.6319   -0.3351    0.6989
...    33 G-C ...
  -62.0646  -37.4945   69.5693
    0.7003    0.2674    0.6619
   -0.4193    0.9045    0.0782
   -0.5778   -0.3323    0.7455
...    34 C-G ...
  -63.7043  -38.8375   72.0833
    0.3710    0.7489    0.5491
   -0.7471    0.5919   -0.3026
   -0.5516   -0.2979    0.7791
...    35 C-G ...
  -65.2191  -39.6145   75.0462
   -0.0810    0.9705    0.2273
   -0.8410    0.0558   -0.5382
   -0.5350   -0.2347    0.8116
...    36 C-G ...
  -66.8616  -40.1251   77.9567
   -0.5205    0.8379   -0.1643
   -0.6701   -0.5201   -0.5296
   -0.5292   -0.1655    0.8322
...    37 G-C ...
  -69.0090  -41.4013   80.3139
   -0.7718    0.4011   -0.4934
   -0.2567   -0.9065   -0.3354
   -0.5818   -0.1322    0.8025
...    38 A-T ...
  -70.8069  -41.7812   82.9196
   -0.7713   -0.2175   -0.5982
    0.2592   -0.9657    0.0170
   -0.5814   -0.1420    0.8012
...    39 C-G ...
  -73.0113  -41.8627   85.2734
   -0.4932   -0.6901   -0.5296
    0.6194   -0.7061    0.3432
   -0.6108   -0.1588    0.7757
...    40 A-T ...
  -75.1470  -42.5046   87.8111
    0.0165   -0.9618   -0.2732
    0.7845   -0.1569    0.6000
   -0.6199   -0.2242    0.7519
...    41 C-G ...
  -77.5020  -43.5208   89.9152
    0.4537   -0.8897    0.0514
    0.6506    0.3701    0.6632
   -0.6090   -0.2675    0.7467
...    42 G-C ...
  -79.2083  -44.1580   92.7219
    0.7929   -0.4701    0.3877
    0.2331    0.8219    0.5198
   -0.5630   -0.3218    0.7613
...    43 A-T ...
  -81.0703  -45.1954   95.0864
    0.7783    0.1132    0.6176
   -0.2786    0.9438    0.1781
   -0.5627   -0.3106    0.7661
...    44 C-G ...
  -82.5962  -46.7826   97.5533
    0.5302    0.6196    0.5788
   -0.6675    0.7259   -0.1656
   -0.5228   -0.2986    0.7984
...    45 T-A ...
  -83.8736  -48.0826  100.6717
    0.0642    0.9384    0.3397
   -0.8578    0.2258   -0.4618
   -0.5100   -0.2617    0.8194
...    46 T-A ...
  -85.2974  -48.9518  103.4322
   -0.4140    0.9094    0.0404
   -0.7495   -0.3153   -0.5821
   -0.5166   -0.2713    0.8121
...    47 A-T ...
  -87.2527  -50.0016  105.9887
   -0.7975    0.4931   -0.3475
   -0.3081   -0.8282   -0.4682
   -0.5187   -0.2664    0.8124
...    48 C-G ...
  -88.9413  -50.2120  108.8766
   -0.8273   -0.0285   -0.5611
    0.1682   -0.9654   -0.1991
   -0.5360   -0.2591    0.8035
...    49 T-A ...
  -91.0120  -50.7217  111.5160
   -0.5584   -0.5289   -0.6391
    0.5799   -0.7998    0.1552
   -0.5932   -0.2839    0.7533
...    50 G-C ...
  -93.0808  -51.8804  113.9333
   -0.0459   -0.8509   -0.5234
    0.7860   -0.3541    0.5068
   -0.6165   -0.3882    0.6850
...    51 T-A ...
  -95.4427  -53.1040  115.7418
    0.3963   -0.8906   -0.2232
    0.6915    0.1296    0.7107
   -0.6040   -0.4359    0.6672
...    52 A-T ...
  -97.2847  -54.7026  118.0404
    0.7874   -0.5904    0.1771
    0.2977    0.6158    0.7294
   -0.5397   -0.5217    0.6607
...    53 G-C ...
  -99.1303  -56.5012  120.0281
    0.8770   -0.1271    0.4633
   -0.1725    0.8168    0.5506
   -0.4484   -0.5628    0.6944
...    54 G-C ...
 -100.2217  -59.0693  122.3040
    0.6562    0.4055    0.6364
   -0.6584    0.7197    0.2202
   -0.3687   -0.5635    0.7393
...    55 T-A ...
 -100.9216  -61.1057  124.7849
    0.2100    0.7271    0.6537
   -0.9132    0.3847   -0.1346
   -0.3494   -0.5686    0.7447
...    56 A-T ...
 -101.7290  -62.9999  127.4958
   -0.3777    0.8243    0.4218
   -0.8630   -0.1482   -0.4830
   -0.3356   -0.5464    0.7673
...    57 T-A ...
 -102.2202  -64.5538  130.3751
   -0.7902    0.6001    0.1244
   -0.5259   -0.5598   -0.6404
   -0.3147   -0.5714    0.7579
...    58 C-G ...
 -103.2913  -66.2595  133.1065
   -0.9460    0.1073   -0.3060
    0.0991   -0.8028   -0.5879
   -0.3087   -0.5865    0.7488
...    59 T-A ...
 -104.6081  -67.9944  135.6839
   -0.7223   -0.3173   -0.6145
    0.5985   -0.7321   -0.3254
   -0.3466   -0.6028    0.7187
...    60 C-G ...
 -105.7731  -69.9844  138.1798
   -0.2082   -0.6690   -0.7135
    0.9169   -0.3875    0.0958
   -0.3406   -0.6342    0.6941
...    61 G-C ...
 -106.3712  -72.3521  140.4772
    0.3676   -0.6243   -0.6892
    0.8850    0.0072    0.4655
   -0.2857   -0.7811    0.5552
...    62 A-T ...
 -107.2099  -74.8221  142.4852
    0.8322   -0.4376   -0.3404
    0.5156    0.3850    0.7655
   -0.2039   -0.8126    0.5460
...    63 G-C ...
 -107.7676  -77.7177  144.0296
    0.9930   -0.0954    0.0697
   -0.0082    0.5327    0.8463
   -0.1179   -0.8409    0.5282
...    64 C-G ...
 -107.8404  -80.8288  145.4307
    0.8067    0.2693    0.5261
   -0.5877    0.4588    0.6664
   -0.0620   -0.8467    0.5284
...    65 T-A ...
 -107.8277  -83.6626  147.1226
    0.3551    0.4964    0.7921
   -0.9348    0.1908    0.2995
   -0.0025   -0.8469    0.5318
...    66 C-G ...
 -108.0890  -86.2195  149.1607
   -0.2881    0.5026    0.8151
   -0.9550   -0.2129   -0.2063
    0.0699   -0.8379    0.5413
...    67 G-C ...
 -108.9690  -89.3781  150.6775
   -0.8029    0.2798    0.5264
   -0.5894   -0.5047   -0.6307
    0.0893   -0.8167    0.5701
...    68 G-C ...
 -108.5327  -92.0781  152.7203
   -0.9985   -0.0362    0.0400
   -0.0139   -0.5437   -0.8391
    0.0521   -0.8385    0.5424
...    69 G-C ...
 -108.3688  -94.7812  154.6979
   -0.8388   -0.2570   -0.4800
    0.5440   -0.4321   -0.7193
   -0.0226   -0.8645    0.5022
...    70 A-T ...
 -108.5735  -97.5630  156.5768
   -0.3359   -0.4456   -0.8299
    0.9419   -0.1683   -0.2908
   -0.0101   -0.8793    0.4762
...    71 T-A ...
 -109.2198 -100.3962  158.1300
    0.2072   -0.4296   -0.8789
    0.9783    0.0925    0.1855
    0.0016   -0.8983    0.4394
...    72 C-G ...
 -109.3475 -103.4441  159.3975
    0.7421   -0.2331   -0.6285
    0.6690    0.3168    0.6724
    0.0424   -0.9194    0.3910
...    73 C-G ...
 -109.3407 -106.4736  160.6590
    0.9638    0.1159   -0.2402
    0.1809    0.3780    0.9080
    0.1961   -0.9185    0.3434
...    74 G-C ...
 -108.3916 -109.3357  162.1462
    0.8589    0.4471    0.2499
   -0.3599    0.1796    0.9155
    0.3644   -0.8763    0.3151
...    75 C-G ...
 -106.5510 -112.1890  162.9117
    0.4861    0.4759    0.7329
   -0.7721   -0.1588    0.6153
    0.4092   -0.8650    0.2903
...    76 T-A ...
 -104.4760 -114.7565  164.2175
   -0.0451    0.2672    0.9626
   -0.8676   -0.4881    0.0948
    0.4952   -0.8309    0.2538
...    77 T-A ...
 -102.5255 -117.2710  165.0487
   -0.5135   -0.1687    0.8414
   -0.6583   -0.5514   -0.5123
    0.5504   -0.8170    0.1721
...    78 T-A ...
 -100.3795 -119.6908  165.7957
   -0.7442   -0.5505    0.3783
   -0.2387   -0.3097   -0.9204
    0.6238   -0.7753    0.0991
...    79 A-T ...
  -98.0247 -122.0283  165.0610
   -0.6202   -0.7269   -0.2948
    0.2432    0.1791   -0.9533
    0.7458   -0.6629    0.0657
...    80 A-T ...
  -95.6225 -124.1581  165.4177
   -0.3426   -0.4910   -0.8009
    0.5218    0.6095   -0.5969
    0.7812   -0.6224    0.0473
...    81 C-G ...
  -93.3269 -126.6173  165.8156
   -0.0205   -0.0513   -0.9985
    0.6010    0.7975   -0.0534
    0.7990   -0.6012    0.0145
...    82 A-T ...
  -90.6102 -128.6114  165.7605
    0.2323    0.4989   -0.8349
    0.5071    0.6704    0.5417
    0.8300   -0.5492   -0.0973
...    83 C-G ...
  -88.0614 -130.5084  164.7869
    0.4175    0.8099   -0.4120
    0.3279    0.2886    0.8995
    0.8474   -0.5107   -0.1451
...    84 T-A ...
  -85.0903 -132.1331  163.6951
    0.4333    0.8728    0.2249
    0.0580   -0.2760    0.9594
    0.8994   -0.4026   -0.1702
...    85 T-A ...
  -82.1100 -133.2078  162.8738
    0.4038    0.5250    0.7492
   -0.1871   -0.7543    0.6294
    0.8955   -0.3943   -0.2064
...    86 T-A ...
  -79.0959 -134.2212  162.0696
    0.2534   -0.0373    0.9666
   -0.3842   -0.9210    0.0652
    0.8878   -0.3879   -0.2477
...    87 A-T ...
  -76.1539 -135.8243  160.9350
    0.0164   -0.7371    0.6756
   -0.4790   -0.5989   -0.6418
    0.8777   -0.3131   -0.3629
...    88 T-A ...
  -72.9795 -136.5098  160.3192
   -0.2120   -0.9404    0.2660
   -0.4304   -0.1545   -0.8893
    0.8774   -0.3030   -0.3720
...    89 G-C ...
  -70.0558 -137.6619  159.2888
   -0.5030   -0.8083   -0.3061
   -0.1888    0.4483   -0.8737
    0.8434   -0.3817   -0.3781
...    90 C-G ...
  -67.3959 -139.2303  158.1962
   -0.5637   -0.4048   -0.7200
    0.0858    0.8383   -0.5384
    0.8215   -0.3653   -0.4378
...    91 T-A ...
  -64.5883 -140.7929  156.9438
   -0.4706    0.1746   -0.8649
    0.3793    0.9251   -0.0197
    0.7967   -0.3373   -0.5016
...    92 T-A ...
  -62.2290 -142.1085  155.1555
   -0.2070    0.6845   -0.6990
    0.5732    0.6639    0.4803
    0.7929   -0.3012   -0.5298
...    93 T-A ...
  -59.7671 -143.1256  153.2732
    0.0957    0.9627   -0.2531
    0.6077    0.1449    0.7809
    0.7884   -0.2285   -0.5711
...    94 C-G ...
  -57.0043 -143.3647  151.6454
    0.3532    0.8871    0.2972
    0.5020   -0.4477    0.7400
    0.7895   -0.1122   -0.6034
...    95 A-T ...
  -54.5593 -143.2335  149.2319
    0.4685    0.5229    0.7121
    0.3522   -0.8498    0.3922
    0.8102    0.0671   -0.5823
...    96 T-A ...
  -52.0011 -142.4765  147.3270
    0.5603    0.0074    0.8283
    0.0811   -0.9956   -0.0460
    0.8243    0.0930   -0.5585
...    97 G-C ...
  -49.1921 -141.9597  145.5144
    0.4845   -0.6195    0.6177
   -0.2674   -0.7772   -0.5697
    0.8329    0.1108   -0.5422
...    98 T-A ...
  -46.1982 -141.1509  144.0438
    0.2793   -0.9483    0.1505
   -0.5119   -0.2797   -0.8122
    0.8124    0.1498   -0.5636
...    99 T-A ...
  -43.4716 -140.4722  142.4056
   -0.0370   -0.9106   -0.4115
   -0.5984    0.3500   -0.7207
    0.8003    0.2196   -0.5579
...   100 A-T ...
  -40.9559 -139.2550  140.3329
   -0.3968   -0.4152   -0.8186
   -0.4605    0.8615   -0.2137
    0.7940    0.2922   -0.5330
...   101 T-A ...
  -38.1725 -138.9395  138.6356
   -0.5821    0.0957   -0.8075
   -0.2047    0.9438    0.2594
    0.7870    0.3162   -0.5298
...   102 A-T ...
  -35.5622 -137.5424  136.9993
   -0.6381    0.6345   -0.4362
    0.2019    0.6845    0.7004
    0.7430    0.3588   -0.5649
...   103 A-T ...
  -33.3782 -136.3793  135.0240
   -0.4639    0.8832    0.0693
    0.5403    0.2200    0.8122
    0.7021    0.4142   -0.5792
...   104 C-G ...
  -31.5784 -134.8257  132.6175
   -0.1154    0.8384    0.5327
    0.7214   -0.2979    0.6252
    0.6828    0.4564   -0.5705
...   105 G-C ...
  -29.1209 -133.1564  131.1940
    0.2566    0.4651    0.8473
    0.7153   -0.6809    0.1571
    0.6500    0.5657   -0.5074
...   106 G-C ...
  -26.8656 -130.9941  130.0892
    0.5391   -0.0371    0.8414
    0.5180   -0.7731   -0.3660
    0.6641    0.6332   -0.3976
...   107 A-T ...
  -24.6081 -128.8568  129.0645
    0.7156   -0.5209    0.4654
    0.1089   -0.5749   -0.8109
    0.6900    0.6310   -0.3547
...   108 C-G ...
  -22.3893 -126.4071  128.6320
    0.6402   -0.7668   -0.0463
   -0.2951   -0.1898   -0.9364
    0.7093    0.6131   -0.3478
...   109 C-G ...
  -19.9177 -124.3593  127.5093
    0.3024   -0.7654   -0.5680
   -0.6277    0.2886   -0.7230
    0.7173    0.5752   -0.3932
...   110 G-C ...
  -18.0058 -122.2922  126.1171
   -0.1506   -0.5383   -0.8292
   -0.6967    0.6529   -0.2973
    0.7014    0.5329   -0.4733
...   111 G-C ...
  -15.6341 -120.6713  124.3902
   -0.5771   -0.1064   -0.8097
   -0.4866    0.8411    0.2363
    0.6559    0.5304   -0.5372
...   112 C-G ...
  -13.4159 -119.3447  122.2672
   -0.7865    0.3612   -0.5009
   -0.0724    0.7516    0.6556
    0.6133    0.5519   -0.5650
...   113 T-A ...
  -11.4864 -117.5864  120.1973
   -0.7425    0.6694   -0.0225
    0.3796    0.4482    0.8093
    0.5519    0.5924   -0.5869
...   114 C-G ...
   -9.7675 -115.3949  118.4106
   -0.3911    0.7803    0.4880
    0.7782   -0.0027    0.6281
    0.4914    0.6254   -0.6062
...   115 G-C ...
   -7.7599 -113.2685  116.7728
    0.1213    0.5723    0.8110
    0.8809   -0.4386    0.1777
    0.4574    0.6929   -0.5574
...   116 T-A ...
   -6.7627 -110.3919  115.2870
    0.5706    0.2060    0.7950
    0.6738   -0.6709   -0.3098
    0.4695    0.7124   -0.5216
...   117 A-T ...
   -5.3087 -107.6764  113.8165
    0.8472   -0.2683    0.4585
    0.2009   -0.6372   -0.7441
    0.4918    0.7225   -0.4859
...   118 T-A ...
   -3.7504 -104.9365  112.8398
    0.8385   -0.5448   -0.0154
   -0.2778   -0.4029   -0.8721
    0.4689    0.7355   -0.4891
...   119 A-T ...
   -2.4589 -102.3344  110.9087
    0.4425   -0.6279   -0.6402
   -0.7899    0.0652   -0.6098
    0.4246    0.7755   -0.4671
...   120 A-T ...
   -0.8187  -99.8602  109.5640
   -0.1060   -0.4763   -0.8729
   -0.9026    0.4144   -0.1165
    0.4172    0.7755   -0.4739
...   121 T-A ...
    1.0791  -97.6463  107.9372
   -0.5724   -0.1767   -0.8007
   -0.7070    0.6009    0.3728
    0.4153    0.7795   -0.4689
...   122 G-C ...
    2.4639  -94.9447  106.2387
   -0.9193    0.1692   -0.3553
   -0.1950    0.5884    0.7847
    0.3418    0.7907   -0.5079
...   123 T-A ...
    3.4631  -92.5902  104.1639
   -0.8902    0.4388    0.1223
    0.3200    0.4115    0.8534
    0.3242    0.7988   -0.5067
...   124 G-C ...
    4.4481  -89.8277  102.4711
   -0.5356    0.5430    0.6468
    0.8037    0.0928    0.5877
    0.2591    0.8346   -0.4861
...   125 T-A ...
    4.8139  -87.1383  100.7377
   -0.0331    0.4714    0.8813
    0.9691   -0.2006    0.1436
    0.2445    0.8588   -0.4502
...   126 C-G ...
    5.5431  -84.3282   99.4148
    0.5567    0.2630    0.7879
    0.7988   -0.4300   -0.4209
    0.2281    0.8637   -0.4495
...   127 G-C ...
    6.8030  -81.7248   97.6937
    0.8773   -0.1262    0.4631
    0.3585   -0.4694   -0.8069
    0.3193    0.8739   -0.3666
...   128 A-T ...
    7.7141  -78.8925   96.5372
    0.9161   -0.3845   -0.1137
   -0.2451   -0.3126   -0.9177
    0.3174    0.8686   -0.3806
...   129 C-G ...
    9.0446  -75.9006   96.0183
    0.6224   -0.5277   -0.5781
   -0.7007   -0.0466   -0.7119
    0.3488    0.8482   -0.3987
...   130 C-G ...
   10.6995  -73.2152   94.7126
    0.1005   -0.5491   -0.8297
   -0.9131    0.2804   -0.2961
    0.3952    0.7873   -0.4732
...   131 A-T ...
   11.2097  -70.2241   93.0870
   -0.5056   -0.3175   -0.8022
   -0.7780    0.5697    0.2648
    0.3730    0.7580   -0.5351
...   132 A-T ...
   12.4520  -67.8402   91.1967
   -0.8694    0.0765   -0.4881
   -0.3248    0.6560    0.6813
    0.3723    0.7508   -0.5455
...   133 A-T ...
   13.7366  -65.6340   89.1278
   -0.8731    0.4874   -0.0060
    0.2578    0.4722    0.8430
    0.4137    0.7345   -0.5379
...   134 T-A ...
   14.7385  -63.4257   86.8200
   -0.5923    0.6747    0.4404
    0.6886    0.1401    0.7115
    0.4183    0.7247   -0.5475
...   135 G-C ...
   15.7317  -61.4927   83.9331
    0.0341    0.7400    0.6717
    0.8636   -0.3601    0.3528
    0.5030    0.5681   -0.6514
...   136 T-A ...
   15.7848  -59.5603   80.7993
    0.5517    0.4998    0.6677
    0.6739   -0.7388   -0.0038
    0.4915    0.4520   -0.7444
...   137 G-C ...
   16.8385  -57.7217   78.2676
    0.8528   -0.0848    0.5153
    0.1507   -0.9048   -0.3983
    0.5000    0.4173   -0.7588
...   138 A-T ...
   18.4283  -55.5285   76.5299
    0.8547   -0.5006    0.1371
   -0.3188   -0.7148   -0.6224
    0.4096    0.4883   -0.7706
...   139 G-C ...
   20.4259  -54.3092   74.5420
    0.5847   -0.7389   -0.3347
   -0.7593   -0.3533   -0.5465
    0.2856    0.5737   -0.7676
...   140 C-G ...
   21.4270  -51.8264   72.7876
    0.1304   -0.7144   -0.6875
   -0.8897    0.2216   -0.3991
    0.4375    0.6637   -0.6067
...   141 G-C ...
   22.1521  -50.1493   67.4640
   -0.4682   -0.8748    0.1248
   -0.8494    0.4066   -0.3364
    0.2435   -0.2635   -0.9334
...   142 C-G ...
   22.3489  -51.2412   64.4934
   -0.8528   -0.5119   -0.1032
   -0.4975    0.8565   -0.1374
    0.1587   -0.0659   -0.9851
...   143 T-A ...
   24.0166  -51.6377   61.9249
   -0.9562    0.0401   -0.2898
    0.0524    0.9980   -0.0348
    0.2878   -0.0485   -0.9564
...   144 C-G ...
   24.8958  -52.7394   58.9874
   -0.7529    0.5560   -0.3520
    0.5214    0.8304    0.1965
    0.4016   -0.0356   -0.9151
...   145 A-T ...
   25.5276  -52.9801   55.8054
   -0.2442    0.9563   -0.1610
    0.8906    0.2869    0.3528
    0.3836   -0.0573   -0.9217
...   146 C-G ...
   25.2778  -52.5121   52.0797
    0.3204    0.9427   -0.0929
    0.8825   -0.2614    0.3909
    0.3443   -0.2072   -0.9157
...   147 A-T ...
   25.6239  -52.5938   48.6396
    0.8597    0.5097    0.0339
    0.4496   -0.7865    0.4233
    0.2424   -0.3487   -0.9053
