  147 base-pairs
...     1 T-A ...
    0.0000    0.0000    0.0000
    1.0000    0.0000    0.0000
    0.0000    1.0000    0.0000
    0.0000    0.0000    1.0000
...     2 G-C ...
   -0.5555   -1.1003    3.3981
    0.7749    0.6051    0.1828
   -0.5991    0.7953   -0.0929
   -0.2016   -0.0375    0.9787
...     3 T-A ...
   -0.6619   -3.0237    6.5348
    0.3046    0.9250    0.2271
   -0.8994    0.3578   -0.2510
   -0.3134   -0.1278    0.9410
...     4 G-C ...
   -1.1607   -3.8418    9.6940
   -0.3351    0.9421    0.0133
   -0.8752   -0.3061   -0.3746
   -0.3489   -0.1372    0.9271
...     5 A-T ...
   -1.3881   -3.6770   12.8999
   -0.7835    0.6162   -0.0801
   -0.5677   -0.7622   -0.3109
   -0.2527   -0.1981    0.9470
...     6 G-C ...
   -2.6236   -3.5448   15.7072
   -0.9923    0.0611   -0.1075
   -0.0294   -0.9610   -0.2748
   -0.1201   -0.2695    0.9555
...     7 C-G ...
   -2.3138   -3.7570   18.8866
   -0.8620   -0.4995   -0.0864
    0.5008   -0.8655    0.0073
   -0.0785   -0.0370    0.9962
...     8 G-C ...
   -3.9561   -6.8109   23.3205
   -0.2581   -0.3560   -0.8981
    0.6294   -0.7673    0.1233
   -0.7330   -0.5335    0.4221
...     9 C-G ...
   -6.1177   -8.9414   24.2385
    0.1143   -0.7320   -0.6716
    0.8123   -0.3203    0.4874
   -0.5720   -0.6013    0.5580
...    10 T-A ...
   -8.5041   -9.6771   26.0540
    0.4660   -0.8587   -0.2131
    0.6274    0.1508    0.7640
   -0.6239   -0.4897    0.6090
...    11 C-G ...
  -11.0625  -11.3174   27.2336
    0.6660   -0.6911    0.2808
    0.3382    0.6152    0.7121
   -0.6649   -0.3794    0.6435
...    12 A-T ...
  -13.0013  -13.1789   29.0658
    0.7188   -0.1490    0.6790
   -0.1787    0.9043    0.3876
   -0.6718   -0.4000    0.6235
...    13 C-G ...
  -14.1788  -15.9359   31.3399
    0.4052    0.2865    0.8682
   -0.5270    0.8492   -0.0343
   -0.7470   -0.4437    0.4951
...    14 A-T ...
  -15.9532  -18.1566   33.3080
   -0.1503    0.6873    0.7107
   -0.6106    0.5008   -0.6135
   -0.7776   -0.5261    0.3444
...    15 A-T ...
  -18.3917  -19.8522   34.6172
   -0.4625    0.8626    0.2048
   -0.4117   -0.0043   -0.9113
   -0.7852   -0.5058    0.3572
...    16 T-A ...
  -20.7675  -21.2762   36.3986
   -0.5989    0.7402   -0.3056
   -0.1174   -0.4586   -0.8809
   -0.7922   -0.4917    0.3615
...    17 T-A ...
  -23.3708  -22.6889   37.7490
   -0.5547    0.3217   -0.7674
    0.2516   -0.8142   -0.5232
   -0.7931   -0.4833    0.3707
...    18 T-A ...
  -26.0528  -24.0156   39.0489
   -0.3134   -0.2406   -0.9186
    0.5286   -0.8478    0.0418
   -0.7889   -0.4725    0.3929
...    19 A-T ...
  -28.3787  -25.9701   40.6638
    0.0849   -0.7759   -0.6251
    0.6082   -0.4565    0.6493
   -0.7892   -0.4353    0.4332
...    20 T-A ...
  -31.3478  -27.1758   41.5484
    0.3758   -0.9102   -0.1744
    0.4752    0.0277    0.8795
   -0.7956   -0.4133    0.4429
...    21 T-A ...
  -34.0749  -28.5073   42.7574
    0.5585   -0.7234    0.4059
    0.1663    0.5770    0.7996
   -0.8127   -0.3791    0.4426
...    22 C-G ...
  -36.7866  -29.7879   44.1734
    0.5572   -0.2057    0.8045
   -0.2076    0.9036    0.3748
   -0.8040   -0.3758    0.4608
...    23 G-C ...
  -39.6479  -30.5983   45.8388
    0.4099    0.4024    0.8186
   -0.5013    0.8491   -0.1663
   -0.7620   -0.3422    0.5498
...    24 C-G ...
  -41.9064  -31.9942   47.8675
    0.0919    0.8280    0.5532
   -0.6486    0.4712   -0.5977
   -0.7555   -0.3039    0.5803
...    25 A-T ...
  -44.6232  -32.8354   49.6725
   -0.2336    0.9719    0.0286
   -0.5976   -0.1204   -0.7927
   -0.7670   -0.2023    0.6089
...    26 A-T ...
  -47.0180  -33.3501   51.8109
   -0.5346    0.7160   -0.4489
   -0.3496   -0.6709   -0.6539
   -0.7694   -0.1927    0.6090
...    27 A-T ...
  -49.4979  -33.7417   53.8821
   -0.6379    0.1816   -0.7484
    0.0281   -0.9656   -0.2583
   -0.7696   -0.1859    0.6109
...    28 G-C ...
  -52.1862  -34.0413   55.8591
   -0.4715   -0.3749   -0.7982
    0.3614   -0.9078    0.2129
   -0.8044   -0.1881    0.5635
...    29 G-C ...
  -55.1128  -34.5207   57.5318
   -0.1250   -0.8107   -0.5719
    0.5426   -0.5385    0.6447
   -0.8307   -0.2297    0.5072
...    30 C-G ...
  -58.1189  -35.2015   58.8612
    0.2335   -0.9650   -0.1192
    0.5072    0.0163    0.8617
   -0.8296   -0.2617    0.4932
...    31 C-G ...
  -61.0025  -36.2449   60.3190
    0.5376   -0.7620    0.3609
    0.2656    0.5593    0.7853
   -0.8003   -0.3264    0.5031
...    32 G-C ...
  -63.5977  -37.0512   62.3722
    0.6621   -0.2539    0.7051
   -0.1192    0.8932    0.4335
   -0.7399   -0.3711    0.5611
...    33 G-C ...
  -65.9784  -38.5069   64.2909
    0.5304    0.3293    0.7812
   -0.4871    0.8726   -0.0371
   -0.6938   -0.3608    0.6232
...    34 C-G ...
  -67.9874  -39.9745   66.5271
    0.1883    0.7803    0.5965
   -0.7092    0.5282   -0.4670
   -0.6794   -0.3350    0.6528
...    35 C-G ...
  -70.0912  -41.0110   68.9764
   -0.1966    0.9650    0.1736
   -0.7083   -0.0173   -0.7057
   -0.6780   -0.2617    0.6869
...    36 C-G ...
  -72.2774  -41.6343   71.5003
   -0.5116    0.8012   -0.3104
   -0.4895   -0.5687   -0.6611
   -0.7062   -0.1863    0.6831
...    37 G-C ...
  -74.8953  -42.4416   73.5145
   -0.6271    0.3329   -0.7042
   -0.1203   -0.9346   -0.3346
   -0.7696   -0.1251    0.6262
...    38 A-T ...
  -77.4636  -42.7534   75.5750
   -0.5479   -0.3031   -0.7797
    0.2818   -0.9444    0.1691
   -0.7877   -0.1271    0.6029
...    39 C-G ...
  -80.3284  -42.6394   77.2897
   -0.2834   -0.7654   -0.5778
    0.5269   -0.6277    0.5730
   -0.8013   -0.1421    0.5812
...    40 A-T ...
  -82.8929  -43.2643   79.3802
    0.1608   -0.9714   -0.1748
    0.5696   -0.0533    0.8202
   -0.8060   -0.2315    0.5448
...    41 C-G ...
  -85.8510  -44.1691   80.6214
    0.4688   -0.8362    0.2845
    0.3790    0.4814    0.7903
   -0.7979   -0.2627    0.5426
...    42 G-C ...
  -88.3445  -44.8945   82.8217
    0.6795   -0.3665    0.6356
    0.0017    0.8671    0.4982
   -0.7337   -0.3375    0.5898
...    43 A-T ...
  -90.7114  -46.0905   84.7971
    0.5552    0.2495    0.7934
   -0.4267    0.9043    0.0142
   -0.7140   -0.3464    0.6085
...    44 C-G ...
  -92.6664  -47.7138   86.9707
    0.2421    0.7100    0.6613
   -0.6719    0.6144   -0.4136
   -0.6999   -0.3442    0.6258
...    45 T-A ...
  -94.7681  -48.8538   89.3157
   -0.1488    0.9449    0.2916
   -0.7098    0.1033   -0.6968
   -0.6885   -0.3106    0.6553
...    46 T-A ...
  -96.8278  -49.8571   91.6419
   -0.5657    0.8081   -0.1645
   -0.4721   -0.4809   -0.7388
   -0.6761   -0.3402    0.6536
...    47 A-T ...
  -99.2090  -51.4370   93.5357
   -0.7574    0.2672   -0.5958
    0.0406   -0.8914   -0.4514
   -0.6517   -0.3661    0.6643
...    48 C-G ...
 -101.5203  -52.0437   95.8854
   -0.5975   -0.2580   -0.7593
    0.4497   -0.8918   -0.0508
   -0.6640   -0.3718    0.6488
...    49 T-A ...
 -103.9622  -53.0823   97.9286
   -0.2057   -0.6855   -0.6984
    0.6996   -0.6021    0.3849
   -0.6843   -0.4094    0.6034
...    50 G-C ...
 -106.1082  -54.6658   99.9848
    0.3206   -0.8590   -0.3992
    0.6718   -0.0909    0.7351
   -0.6677   -0.5039    0.5479
...    51 T-A ...
 -108.6060  -56.4466  101.2467
    0.6629   -0.7478    0.0367
    0.3875    0.3846    0.8378
   -0.6406   -0.5412    0.5447
...    52 A-T ...
 -110.6449  -58.1762  103.3111
    0.7984   -0.3070    0.5180
   -0.1313    0.7508    0.6473
   -0.5877   -0.5848    0.5592
...    53 G-C ...
 -112.4085  -60.3708  105.0995
    0.6279    0.1978    0.7527
   -0.5695    0.7759    0.2712
   -0.5304   -0.5990    0.5999
...    54 G-C ...
 -113.8592  -62.4689  107.3342
    0.2233    0.6438    0.7319
   -0.8505    0.4955   -0.1763
   -0.4762   -0.5831    0.6582
...    55 T-A ...
 -114.8635  -64.5071  109.8009
   -0.2808    0.8136    0.5092
   -0.8385    0.0501   -0.5426
   -0.4669   -0.5793    0.6681
...    56 A-T ...
 -116.9018  -66.7385  111.5219
   -0.8227    0.5665    0.0482
   -0.3970   -0.5117   -0.7619
   -0.4070   -0.6459    0.6459
...    57 T-A ...
 -118.0870  -68.4117  114.1467
   -0.9194    0.1872   -0.3459
    0.1074   -0.7265   -0.6787
   -0.3783   -0.6612    0.6479
...    58 C-G ...
 -119.3269  -70.5434  116.3765
   -0.6513   -0.2958   -0.6988
    0.6607   -0.6739   -0.3306
   -0.3731   -0.6771    0.6343
...    59 T-A ...
 -120.8352  -72.6714  118.4810
   -0.1508   -0.5789   -0.8013
    0.9139   -0.3906    0.1102
   -0.3768   -0.7158    0.5880
...    60 C-G ...
 -122.1330  -74.9960  120.4358
    0.4543   -0.6569   -0.6018
    0.8214    0.0474    0.5683
   -0.3448   -0.7525    0.5611
...    61 G-C ...
 -122.9805  -77.5353  122.5288
    0.8858   -0.3890   -0.2529
    0.4083    0.3944    0.8233
   -0.2205   -0.8325    0.5082
...    62 A-T ...
 -123.5979  -80.3306  124.1336
    0.9656   -0.0210    0.2590
   -0.2097    0.5255    0.8245
   -0.1535   -0.8505    0.5030
...    63 G-C ...
 -123.8233  -83.2855  125.6457
    0.7004    0.3373    0.6290
   -0.7104    0.4138    0.5692
   -0.0683   -0.8456    0.5295
...    64 C-G ...
 -123.4958  -86.1063  127.4131
    0.1761    0.5399    0.8231
   -0.9842    0.1100    0.1385
   -0.0158   -0.8345    0.5508
...    65 T-A ...
 -123.2127  -88.7666  129.4266
   -0.4087    0.5274    0.7449
   -0.9125   -0.2539   -0.3209
    0.0199   -0.8108    0.5850
...    66 C-G ...
 -123.1213  -91.3654  131.5008
   -0.8882    0.2357    0.3944
   -0.4572   -0.5374   -0.7086
    0.0450   -0.8097    0.5851
...    67 G-C ...
 -123.0860  -94.3835  133.0682
   -0.9847   -0.1091   -0.1361
    0.1742   -0.5723   -0.8013
    0.0095   -0.8128    0.5825
...    68 T-A ...
 -123.2983  -96.7530  135.4719
   -0.7224   -0.4061   -0.5596
    0.6910   -0.3962   -0.6046
    0.0238   -0.8235    0.5669
...    69 C-G ...
 -123.1972  -99.4067  137.4702
   -0.1439   -0.5391   -0.8299
    0.9883   -0.0355   -0.1483
    0.0505   -0.8415    0.5379
...    70 A-T ...
 -122.7693 -102.1836  139.3366
    0.4584   -0.3468   -0.8183
    0.8817    0.2929    0.3698
    0.1115   -0.8910    0.4400
...    71 T-A ...
 -122.8562 -105.2885  140.3581
    0.8403   -0.1112   -0.5306
    0.5222    0.4288    0.7372
    0.1456   -0.8965    0.4184
...    72 G-C ...
 -122.0273 -108.2362  141.7776
    0.9539    0.2917   -0.0712
   -0.0441    0.3707    0.9277
    0.2970   -0.8818    0.3664
...    73 T-A ...
 -120.7182 -111.1830  142.4029
    0.7624    0.4951    0.4166
   -0.5382    0.1279    0.8330
    0.3592   -0.8594    0.3640
...    74 T-A ...
 -119.3291 -113.9198  143.4561
    0.2987    0.4799    0.8249
   -0.8717   -0.2147    0.4405
    0.3885   -0.8506    0.3542
...    75 A-T ...
 -118.5327 -116.9947  144.7786
   -0.3400    0.1548    0.9276
   -0.8366   -0.5004   -0.2231
    0.4296   -0.8519    0.2996
...    76 T-A ...
 -116.5939 -119.3923  146.0567
   -0.7119   -0.1773    0.6796
   -0.5264   -0.5059   -0.6834
    0.4650   -0.8442    0.2668
...    77 A-T ...
 -114.9793 -122.5275  145.9866
   -0.7887   -0.6144    0.0211
    0.1065   -0.1703   -0.9796
    0.6055   -0.7704    0.1998
...    78 A-T ...
 -112.9967 -124.9565  146.9355
   -0.5228   -0.6388   -0.5644
    0.5332    0.2715   -0.8012
    0.6651   -0.7198    0.1986
...    79 C-G ...
 -111.1588 -127.5372  148.0036
   -0.1598   -0.3706   -0.9150
    0.7145    0.5961   -0.3662
    0.6811   -0.7123    0.1695
...    80 G-C ...
 -108.5201 -129.5788  148.6725
    0.1708    0.1426   -0.9749
    0.6499    0.7274    0.2203
    0.7406   -0.6712    0.0316
...    81 G-C ...
 -106.1582 -131.9809  148.6419
    0.3946    0.6055   -0.6911
    0.4495    0.5288    0.7200
    0.8014   -0.5948   -0.0635
...    82 A-T ...
 -103.4959 -133.8325  148.3165
    0.5082    0.8513   -0.1306
    0.1549    0.0588    0.9862
    0.8472   -0.5214   -0.1020
...    83 G-C ...
 -100.5941 -135.2889  147.6775
    0.4198    0.8006    0.4277
   -0.0968   -0.4290    0.8981
    0.9025   -0.4184   -0.1026
...    84 G-C ...
  -97.3024 -136.0688  147.3496
    0.2122    0.4618    0.8612
   -0.2338   -0.8317    0.5036
    0.9488   -0.3082   -0.0685
...    85 A-T ...
  -94.0823 -136.8733  147.3089
    0.0217   -0.1429    0.9895
   -0.2669   -0.9546   -0.1320
    0.9635   -0.2612   -0.0589
...    86 T-A ...
  -90.7562 -137.0661  147.3696
   -0.0832   -0.6380    0.7655
   -0.2322   -0.7346   -0.6375
    0.9691   -0.2308   -0.0870
...    87 C-G ...
  -87.5094 -137.7746  147.2021
   -0.1780   -0.9637    0.1992
   -0.1313   -0.1774   -0.9753
    0.9752   -0.1998   -0.0950
...    88 C-G ...
  -84.1649 -138.4039  147.1089
   -0.2537   -0.8827   -0.3956
   -0.0176    0.4132   -0.9105
    0.9671   -0.2240   -0.1204
...    89 G-C ...
  -80.8485 -138.6097  146.4090
   -0.2957   -0.4520   -0.8416
    0.0895    0.8640   -0.4955
    0.9511   -0.2218   -0.2150
...    90 C-G ...
  -77.7239 -139.6655  145.9215
   -0.2520    0.1184   -0.9605
    0.2104    0.9754    0.0650
    0.9446   -0.1857   -0.2707
...    91 T-A ...
  -74.7022 -140.4573  144.8218
   -0.1953    0.6372   -0.7456
    0.3116    0.7611    0.5688
    0.9299   -0.1212   -0.3472
...    92 T-A ...
  -71.7758 -140.8618  143.5288
   -0.0481    0.9618   -0.2695
    0.3759    0.2674    0.8872
    0.9254   -0.0586   -0.3744
...    93 T-A ...
  -68.8665 -140.9222  142.1363
    0.1173    0.9462    0.3015
    0.3612   -0.3234    0.8746
    0.9251    0.0063   -0.3797
...    94 A-T ...
  -65.7442 -140.5743  140.9758
    0.2073    0.5713    0.7941
    0.2885   -0.8114    0.5084
    0.9348    0.1237   -0.3330
...    95 A-T ...
  -62.7639 -139.8589  139.8891
    0.3472   -0.0076    0.9377
    0.1383   -0.9886   -0.0592
    0.9275    0.1503   -0.3422
...    96 C-G ...
  -59.7183 -138.7119  139.0432
    0.3693   -0.5419    0.7549
   -0.0460   -0.8220   -0.5676
    0.9282    0.1749   -0.3285
...    97 A-T ...
  -56.6722 -138.3446  137.7368
    0.2415   -0.9334    0.2654
   -0.2392   -0.3223   -0.9159
    0.9405    0.1577   -0.3011
...    98 C-G ...
  -53.3798 -137.7342  137.3449
    0.0805   -0.9560   -0.2821
   -0.3390    0.2399   -0.9097
    0.9373    0.1689   -0.3048
...    99 T-A ...
  -50.1614 -137.3186  136.5383
   -0.1501   -0.6694   -0.7276
   -0.3399    0.7260   -0.5978
    0.9284    0.1576   -0.3365
...   100 T-A ...
  -47.0677 -136.9561  135.5998
   -0.3169   -0.1148   -0.9415
   -0.2124    0.9760   -0.0475
    0.9244    0.1849   -0.3337
...   101 T-A ...
  -44.0516 -136.5322  134.4915
   -0.4070    0.4663   -0.7854
   -0.0023    0.8593    0.5114
    0.9134    0.2099   -0.3487
...   102 A-T ...
  -41.0730 -135.6578  133.2440
   -0.4414    0.8500   -0.2875
    0.2612    0.4283    0.8651
    0.8585    0.3067   -0.4110
...   103 T-A ...
  -38.5979 -134.7271  131.3181
   -0.2754    0.9391    0.2055
    0.4588   -0.0594    0.8865
    0.8448    0.3384   -0.4145
...   104 G-C ...
  -35.7802 -133.2798  130.1893
   -0.0587    0.6863    0.7250
    0.5840   -0.5654    0.5824
    0.8096    0.4576   -0.3676
...   105 C-G ...
  -33.3856 -131.2745  129.0097
    0.2445    0.2347    0.9408
    0.5517   -0.8316    0.0641
    0.7974    0.5034   -0.3328
...   106 T-A ...
  -30.8664 -129.2637  128.1264
    0.4782   -0.2806    0.8322
    0.3626   -0.8000   -0.4781
    0.7999    0.5304   -0.2808
...   107 T-A ...
  -28.3754 -127.2841  127.3847
    0.6361   -0.6768    0.3706
    0.0037   -0.4776   -0.8786
    0.7716    0.5603   -0.3013
...   108 C-G ...
  -25.8025 -125.3942  126.4927
    0.5065   -0.8261   -0.2469
   -0.3890    0.0366   -0.9205
    0.7695    0.5623   -0.3029
...   109 C-G ...
  -23.0786 -123.5388  125.6804
    0.1495   -0.6931   -0.7052
   -0.6079    0.4981   -0.6184
    0.7798    0.5211   -0.3469
...   110 G-C ...
  -20.7803 -121.4316  124.3570
   -0.3080   -0.3281   -0.8930
   -0.5892    0.8028   -0.0917
    0.7470    0.4979   -0.4406
...   111 G-C ...
  -18.1659 -119.9349  122.8369
   -0.6520    0.1273   -0.7475
   -0.3176    0.8493    0.4217
    0.6885    0.5123   -0.5133
...   112 C-G ...
  -15.8959 -118.5686  120.8422
   -0.7597    0.5430   -0.3576
    0.0999    0.6410    0.7611
    0.6425    0.5425   -0.5412
...   113 T-A ...
  -14.0194 -116.7895  118.7643
   -0.6368    0.7560    0.1515
    0.5110    0.2667    0.8172
    0.5774    0.5978   -0.5561
...   114 C-G ...
  -12.2891 -114.6935  116.9265
   -0.2334    0.7391    0.6318
    0.8049   -0.2177    0.5521
    0.5456    0.6374   -0.5441
...   115 G-C ...
  -10.2256 -112.4529  115.4650
    0.2115    0.4123    0.8862
    0.8284   -0.5568    0.0614
    0.5187    0.7211   -0.4593
...   116 T-A ...
   -8.9846 -109.6438  114.1578
    0.6135    0.0333    0.7890
    0.5916   -0.6811   -0.4313
    0.5231    0.7314   -0.4376
...   117 A-T ...
   -7.1134 -107.4088  112.4258
    0.8598   -0.4008    0.3164
    0.0570   -0.5405   -0.8394
    0.5074    0.7397   -0.4419
...   118 T-A ...
   -5.3846 -104.7014  111.6090
    0.7711   -0.6125   -0.1738
   -0.4015   -0.2558   -0.8794
    0.4942    0.7479   -0.4432
...   119 A-T ...
   -4.0706 -102.1388  109.8071
    0.3339   -0.6239   -0.7066
   -0.8112    0.1916   -0.5525
    0.4801    0.7577   -0.4421
...   120 A-T ...
   -2.3068  -99.7545  108.4698
   -0.2008   -0.3871   -0.8999
   -0.8579    0.5130   -0.0293
    0.4730    0.7661   -0.4351
...   121 T-A ...
   -0.2640  -97.6786  106.9278
   -0.6172   -0.0698   -0.7837
   -0.6321    0.6371    0.4411
    0.4685    0.7677   -0.4373
...   122 G-C ...
    1.0137  -94.9256  105.5011
   -0.9125    0.2398   -0.3315
   -0.1393    0.5798    0.8028
    0.3847    0.7787   -0.4956
...   123 T-A ...
    2.0958  -92.6565  103.3353
   -0.8577    0.4863    0.1669
    0.3741    0.3675    0.8515
    0.3528    0.7927   -0.4971
...   124 G-C ...
    3.2024  -89.8099  101.9493
   -0.5045    0.5348    0.6778
    0.8174    0.0430    0.5745
    0.2781    0.8439   -0.4589
...   125 T-A ...
    3.4861  -86.9315  100.2914
    0.0073    0.4524    0.8918
    0.9627   -0.2444    0.1161
    0.2704    0.8577   -0.4374
...   126 C-G ...
    4.2878  -84.0262   98.9469
    0.5806    0.1945    0.7906
    0.7664   -0.4581   -0.4502
    0.2746    0.8673   -0.4151
...   127 G-C ...
    5.5191  -81.2829   97.4055
    0.8859   -0.1887    0.4238
    0.3000   -0.4637   -0.8337
    0.3538    0.8657   -0.3542
...   128 A-T ...
    6.6647  -78.3838   96.3315
    0.8774   -0.4546   -0.1533
   -0.2930   -0.2548   -0.9215
    0.3799    0.8535   -0.3567
...   129 C-G ...
    8.2349  -75.5185   95.7087
    0.5714   -0.5458   -0.6129
   -0.7151    0.0354   -0.6981
    0.4028    0.8372   -0.3700
...   130 C-G ...
    9.8721  -72.8050   94.5281
    0.0399   -0.5053   -0.8620
   -0.9028    0.3515   -0.2479
    0.4283    0.7881   -0.4421
...   131 A-T ...
   11.0648  -70.0903   92.9604
   -0.5362   -0.2799   -0.7963
   -0.7418    0.6064    0.2864
    0.4027    0.7443   -0.5328
...   132 A-T ...
   12.4756  -67.8424   91.0865
   -0.8683    0.1262   -0.4797
   -0.2872    0.6606    0.6936
    0.4045    0.7401   -0.5373
...   133 A-T ...
   13.7589  -65.5853   89.1268
   -0.8676    0.4972    0.0114
    0.2776    0.4651    0.8406
    0.4127    0.7324   -0.5415
...   134 T-A ...
   14.7384  -63.4258   86.8199
   -0.5923    0.6747    0.4404
    0.6886    0.1401    0.7115
    0.4183    0.7247   -0.5475
...   135 G-C ...
   15.7317  -61.4928   83.9330
    0.0341    0.7400    0.6717
    0.8636   -0.3601    0.3528
    0.5030    0.5681   -0.6514
...   136 T-A ...
   15.7848  -59.5604   80.7992
    0.5517    0.4998    0.6677
    0.6739   -0.7388   -0.0038
    0.4915    0.4520   -0.7444
...   137 G-C ...
   16.8385  -57.7219   78.2675
    0.8528   -0.0848    0.5153
    0.1507   -0.9048   -0.3983
    0.5000    0.4173   -0.7588
...   138 A-T ...
   18.4282  -55.5287   76.5298
    0.8547   -0.5006    0.1371
   -0.3188   -0.7148   -0.6224
    0.4096    0.4883   -0.7706
...   139 G-C ...
   20.4259  -54.3093   74.5419
    0.5847   -0.7389   -0.3347
   -0.7593   -0.3533   -0.5465
    0.2856    0.5737   -0.7676
...   140 C-G ...
   21.4270  -51.8266   72.7875
    0.1304   -0.7144   -0.6875
   -0.8897    0.2216   -0.3991
    0.4375    0.6637   -0.6067
...   141 G-C ...
   22.1521  -50.1494   67.4639
   -0.4682   -0.8748    0.1248
   -0.8494    0.4066   -0.3364
    0.2435   -0.2635   -0.9334
...   142 C-G ...
   22.3489  -51.2414   64.4933
   -0.8528   -0.5119   -0.1032
   -0.4975    0.8565   -0.1374
    0.1587   -0.0659   -0.9851
...   143 T-A ...
   24.0166  -51.6378   61.9247
   -0.9562    0.0401   -0.2898
    0.0524    0.9980   -0.0348
    0.2878   -0.0485   -0.9564
...   144 C-G ...
   24.8958  -52.7395   58.9873
   -0.7529    0.5560   -0.3520
    0.5214    0.8304    0.1965
    0.4016   -0.0356   -0.9151
...   145 A-T ...
   25.5276  -52.9803   55.8052
   -0.2442    0.9563   -0.1610
    0.8906    0.2869    0.3528
    0.3836   -0.0573   -0.9217
...   146 C-G ...
   25.2778  -52.5122   52.0796
    0.3204    0.9427   -0.0929
    0.8825   -0.2614    0.3909
    0.3443   -0.2072   -0.9157
...   147 A-T ...
   25.6238  -52.5940   48.6395
    0.8597    0.5097    0.0339
    0.4496   -0.7865    0.4233
    0.2424   -0.3487   -0.9053
