  147 base-pairs
...     1 T-A ...
    0.0000    0.0000    0.0000
    1.0000    0.0000    0.0000
    0.0000    1.0000    0.0000
    0.0000    0.0000    1.0000
...     2 G-C ...
   -0.5555   -1.1003    3.3981
    0.7749    0.6051    0.1828
   -0.5991    0.7953   -0.0929
   -0.2016   -0.0375    0.9787
...     3 T-A ...
   -0.6619   -3.0237    6.5348
    0.3046    0.9250    0.2271
   -0.8994    0.3578   -0.2510
   -0.3134   -0.1278    0.9410
...     4 G-C ...
   -1.1607   -3.8418    9.6940
   -0.3351    0.9421    0.0133
   -0.8752   -0.3061   -0.3746
   -0.3489   -0.1372    0.9271
...     5 A-T ...
   -1.3881   -3.6770   12.8999
   -0.7835    0.6162   -0.0801
   -0.5677   -0.7622   -0.3109
   -0.2527   -0.1981    0.9470
...     6 G-C ...
   -2.6236   -3.5448   15.7072
   -0.9923    0.0611   -0.1075
   -0.0294   -0.9610   -0.2748
   -0.1201   -0.2695    0.9555
...     7 C-G ...
   -2.3138   -3.7570   18.8866
   -0.8620   -0.4995   -0.0864
    0.5008   -0.8655    0.0073
   -0.0785   -0.0370    0.9962
...     8 G-C ...
   -3.9561   -6.8109   23.3205
   -0.2581   -0.3560   -0.8981
    0.6294   -0.7673    0.1233
   -0.7330   -0.5335    0.4221
...     9 C-G ...
   -6.1177   -8.9414   24.2385
    0.1143   -0.7320   -0.6716
    0.8123   -0.3203    0.4874
   -0.5720   -0.6013    0.5580
...    10 T-A ...
   -8.5041   -9.6771   26.0540
    0.4660   -0.8587   -0.2131
    0.6274    0.1508    0.7640
   -0.6239   -0.4897    0.6090
...    11 C-G ...
  -11.0625  -11.3174   27.2336
    0.6660   -0.6911    0.2808
    0.3382    0.6152    0.7121
   -0.6649   -0.3794    0.6435
...    12 A-T ...
  -13.0013  -13.1789   29.0658
    0.7188   -0.1490    0.6790
   -0.1787    0.9043    0.3876
   -0.6718   -0.4000    0.6235
...    13 C-G ...
  -14.1788  -15.9359   31.3399
    0.4052    0.2865    0.8682
   -0.5270    0.8492   -0.0343
   -0.7470   -0.4437    0.4951
...    14 A-T ...
  -15.9532  -18.1566   33.3080
   -0.1503    0.6873    0.7107
   -0.6106    0.5008   -0.6135
   -0.7776   -0.5261    0.3444
...    15 A-T ...
  -18.4991  -19.7870   34.5081
   -0.4568    0.8699    0.1858
   -0.4070   -0.0187   -0.9133
   -0.7910   -0.4928    0.3626
...    16 T-A ...
  -20.9042  -21.2425   36.4044
   -0.6316    0.6955   -0.3425
   -0.0788   -0.4971   -0.8641
   -0.7713   -0.5188    0.3688
...    17 T-A ...
  -23.4326  -22.6873   37.9255
   -0.5822    0.2383   -0.7773
    0.3179   -0.8132   -0.4874
   -0.7483   -0.5309    0.3977
...    18 T-A ...
  -26.0010  -24.2034   39.3062
   -0.2953   -0.3014   -0.9066
    0.6011   -0.7962    0.0689
   -0.7426   -0.5247    0.4163
...    19 A-T ...
  -28.3767  -26.1724   40.9825
    0.1578   -0.8149   -0.5577
    0.6490   -0.3401    0.6805
   -0.7442   -0.4694    0.4752
...    20 T-A ...
  -31.2600  -27.5032   42.0618
    0.4518   -0.8897   -0.0661
    0.4707    0.1748    0.8648
   -0.7579   -0.4218    0.4977
...    21 T-A ...
  -33.8396  -28.9254   43.4487
    0.6076   -0.6142    0.5036
    0.0954    0.6858    0.7215
   -0.7885   -0.3903    0.4753
...    22 C-G ...
  -36.4668  -30.1668   45.0375
    0.5551   -0.0581    0.8298
   -0.3004    0.9162    0.2652
   -0.7756   -0.3965    0.4911
...    23 G-C ...
  -39.3401  -30.8727   46.7426
    0.4090    0.5263    0.7455
   -0.5679    0.7863   -0.2435
   -0.7143   -0.3238    0.6205
...    24 C-G ...
  -41.4348  -32.2076   48.9028
    0.0893    0.8813    0.4640
   -0.6930    0.3897   -0.6066
   -0.7154   -0.2674    0.6455
...    25 A-T ...
  -44.2019  -33.0062   50.6386
   -0.2862    0.9569   -0.0487
   -0.6140   -0.2221   -0.7574
   -0.7356   -0.1869    0.6511
...    26 A-T ...
  -46.5992  -33.4476   52.8423
   -0.5783    0.6461   -0.4981
   -0.3384   -0.7455   -0.5742
   -0.7424   -0.1635    0.6498
...    27 A-T ...
  -48.9298  -33.6902   55.1231
   -0.6722    0.0779   -0.7363
    0.0722   -0.9828   -0.1699
   -0.7369   -0.1674    0.6550
...    28 G-C ...
  -51.6060  -33.7842   57.2271
   -0.4816   -0.4689   -0.7404
    0.4124   -0.8667    0.2806
   -0.7733   -0.1702    0.6108
...    29 G-C ...
  -54.5057  -34.2306   59.0823
   -0.0979   -0.8839   -0.4573
    0.6009   -0.4188    0.6808
   -0.7933   -0.2081    0.5721
...    30 C-G ...
  -57.3227  -34.9552   60.6511
    0.2969   -0.9549   -0.0014
    0.5313    0.1640    0.8311
   -0.7934   -0.2475    0.5561
...    31 C-G ...
  -60.1523  -35.7498   62.3328
    0.5913   -0.6721    0.4458
    0.2532    0.6795    0.6886
   -0.7657   -0.2943    0.5719
...    32 G-C ...
  -62.4595  -36.3464   64.3925
    0.7000   -0.1667    0.6944
   -0.1236    0.9294    0.3478
   -0.7033   -0.3293    0.6300
...    33 G-C ...
  -64.5861  -37.5734   66.6983
    0.5433    0.4188    0.7276
   -0.5140    0.8512   -0.1061
   -0.6638   -0.3163    0.6777
...    34 C-G ...
  -66.5390  -38.8108   69.0503
    0.1790    0.8471    0.5004
   -0.7373    0.4523   -0.5018
   -0.6514   -0.2791    0.7055
...    35 C-G ...
  -68.5308  -39.4483   71.7593
   -0.2420    0.9673    0.0756
   -0.7185   -0.1263   -0.6839
   -0.6520   -0.2198    0.7256
...    36 C-G ...
  -70.6449  -39.9025   74.3899
   -0.5831    0.7194   -0.3774
   -0.4687   -0.6774   -0.5670
   -0.6635   -0.1537    0.7322
...    37 G-C ...
  -73.0369  -41.3263   76.4681
   -0.6990    0.1998   -0.6866
   -0.0392   -0.9694   -0.2422
   -0.7140   -0.1423    0.6855
...    38 A-T ...
  -75.2748  -41.7287   78.7155
   -0.5785   -0.4227   -0.6976
    0.3961   -0.8932    0.2128
   -0.7131   -0.1532    0.6841
...    39 C-G ...
  -77.8895  -41.9525   80.5830
   -0.2433   -0.8288   -0.5039
    0.6318   -0.5296    0.5660
   -0.7359   -0.1807    0.6525
...    40 A-T ...
  -80.4058  -42.7238   82.7375
    0.2429   -0.9649   -0.1002
    0.6373    0.0808    0.7664
   -0.7313   -0.2500    0.6346
...    41 C-G ...
  -82.9821  -43.9337   84.4578
    0.5778   -0.7589    0.3003
    0.3944    0.5817    0.7114
   -0.7145   -0.2926    0.6354
...    42 G-C ...
  -85.1696  -44.5776   86.9237
    0.7379   -0.2233    0.6369
   -0.0698    0.9133    0.4012
   -0.6713   -0.3405    0.6584
...    43 A-T ...
  -87.3460  -45.7078   88.9786
    0.5439    0.3734    0.7515
   -0.4972    0.8648   -0.0698
   -0.6760   -0.3357    0.6560
...    44 C-G ...
  -89.1580  -47.2591   91.2829
    0.2050    0.7998    0.5642
   -0.7285    0.5097   -0.4578
   -0.6537   -0.3171    0.6871
...    45 T-A ...
  -90.9787  -48.4718   94.1671
   -0.2456    0.9564    0.1584
   -0.7125   -0.0673   -0.6985
   -0.6573   -0.2844    0.6979
...    46 T-A ...
  -92.9595  -49.3538   96.5549
   -0.6149    0.7468   -0.2533
   -0.4317   -0.5876   -0.6843
   -0.6599   -0.3115    0.6838
...    47 A-T ...
  -95.2827  -50.7634   98.6352
   -0.7567    0.1522   -0.6358
    0.1006   -0.9338   -0.3433
   -0.6460   -0.3237    0.6913
...    48 C-G ...
  -97.6145  -51.1782  101.0016
   -0.5605   -0.3754   -0.7382
    0.4953   -0.8663    0.0645
   -0.6637   -0.3295    0.6715
...    49 T-A ...
 -100.1590  -52.0942  103.0668
   -0.1352   -0.7636   -0.6314
    0.7110   -0.5186    0.4749
   -0.6901   -0.3847    0.6130
...    50 G-C ...
 -102.4492  -53.6360  105.0561
    0.3990   -0.8611   -0.3153
    0.6374    0.0133    0.7704
   -0.6592   -0.5083    0.5542
...    51 T-A ...
 -104.7655  -55.4463  106.3679
    0.7080   -0.6975    0.1110
    0.3196    0.4566    0.8303
   -0.6298   -0.5523    0.5462
...    52 A-T ...
 -106.7306  -57.1738  108.5390
    0.7895   -0.2180    0.5737
   -0.2236    0.7684    0.5997
   -0.5716   -0.6017    0.5579
...    53 G-C ...
 -108.5454  -59.2604  110.2745
    0.5879    0.2849    0.7571
   -0.6376    0.7392    0.2170
   -0.4978   -0.6103    0.6162
...    54 G-C ...
 -109.6479  -61.7280  112.6491
    0.1299    0.7044    0.6978
   -0.8831    0.4022   -0.2416
   -0.4508   -0.5848    0.6743
...    55 T-A ...
 -110.6791  -63.6334  115.1481
   -0.3752    0.8024    0.4641
   -0.8183   -0.0515   -0.5725
   -0.4355   -0.5946    0.6759
...    56 A-T ...
 -111.9801  -65.5395  117.6461
   -0.8060    0.5919    0.0023
   -0.4038   -0.5471   -0.7332
   -0.4327   -0.5919    0.6800
...    57 T-A ...
 -113.1766  -66.9866  120.3702
   -0.9110    0.1727   -0.3745
    0.1116   -0.7709   -0.6271
   -0.3970   -0.6131    0.6830
...    58 C-G ...
 -114.6874  -68.8839  122.7590
   -0.6226   -0.3630   -0.6933
    0.6809   -0.6878   -0.2514
   -0.3856   -0.6286    0.6754
...    59 T-A ...
 -116.3008  -70.9430  124.8944
   -0.1155   -0.6426   -0.7575
    0.9108   -0.3728    0.1773
   -0.3963   -0.6694    0.6283
...    60 C-G ...
 -117.6589  -73.1794  127.0661
    0.4774   -0.7051   -0.5244
    0.7952    0.0929    0.5991
   -0.3737   -0.7030    0.6050
...    61 G-C ...
 -118.3295  -75.5608  129.4015
    0.8967   -0.3682   -0.2458
    0.3968    0.4221    0.8151
   -0.1964   -0.8284    0.5246
...    62 A-T ...
 -118.9272  -78.2633  131.2717
    0.9671    0.0107    0.2542
   -0.2169    0.5569    0.8018
   -0.1330   -0.8305    0.5409
...    63 G-C ...
 -119.0874  -81.1199  133.0009
    0.6986    0.3706    0.6121
   -0.7133    0.4272    0.5555
   -0.0557   -0.8247    0.5628
...    64 C-G ...
 -118.7434  -83.9900  134.8763
    0.1328    0.5691    0.8115
   -0.9910    0.0897    0.0992
   -0.0163   -0.8173    0.5759
...    65 T-A ...
 -118.3386  -86.4804  137.3660
   -0.4818    0.4901    0.7264
   -0.8737   -0.3324   -0.3552
    0.0673   -0.8058    0.5884
...    66 T-A ...
 -117.9629  -88.9224  139.4578
   -0.9027    0.1855    0.3883
   -0.4213   -0.5650   -0.7095
    0.0878   -0.8040    0.5881
...    67 C-G ...
 -117.5496  -91.8350  141.2085
   -0.9599   -0.2478   -0.1308
    0.2491   -0.5409   -0.8034
    0.1283   -0.8038    0.5809
...    68 A-T ...
 -116.4411  -94.6868  142.7740
   -0.6208   -0.4520   -0.6405
    0.7773   -0.2485   -0.5780
    0.1021   -0.8567    0.5056
...    69 T-A ...
 -116.5509  -97.4229  144.5937
   -0.1259   -0.4820   -0.8671
    0.9866    0.0308   -0.1603
    0.1040   -0.8756    0.4717
...    70 G-C ...
 -116.2179 -100.5552  146.1963
    0.4836   -0.2519   -0.8383
    0.8571    0.3306    0.3951
    0.1776   -0.9095    0.3758
...    71 T-A ...
 -116.0599 -103.8064  147.0049
    0.8613    0.0011   -0.5081
    0.4627    0.4114    0.7853
    0.2099   -0.9114    0.3538
...    72 T-A ...
 -115.3289 -106.7354  147.9141
    0.9505    0.3102   -0.0177
   -0.0868    0.3195    0.9436
    0.2984   -0.8954    0.3306
...    73 A-T ...
 -114.2316 -109.5931  149.3232
    0.6735    0.5087    0.5363
   -0.6302    0.0160    0.7763
    0.3863   -0.8608    0.3314
...    74 T-A ...
 -112.3864 -112.2285  149.9476
    0.2447    0.4340    0.8671
   -0.8777   -0.2808    0.3883
    0.4120   -0.8560    0.3122
...    75 A-T ...
 -111.2836 -115.3807  150.9770
   -0.3900    0.0361    0.9201
   -0.7966   -0.5144   -0.3174
    0.4619   -0.8568    0.2294
...    76 A-T ...
 -109.6019 -118.0515  151.8128
   -0.7551   -0.3641    0.5452
   -0.3968   -0.4082   -0.8222
    0.5219   -0.8371    0.1637
...    77 C-G ...
 -107.5429 -120.6504  152.9603
   -0.8084   -0.5882   -0.0226
    0.0973   -0.0957   -0.9906
    0.5805   -0.8030    0.1346
...    78 G-C ...
 -105.5051 -123.2133  153.1514
   -0.5684   -0.5045   -0.6499
    0.5586    0.3434   -0.7551
    0.6041   -0.7922    0.0867
...    79 G-C ...
 -103.5019 -125.8259  153.7482
   -0.2266   -0.1682   -0.9594
    0.7588    0.5870   -0.2821
    0.6106   -0.7919   -0.0054
...    80 A-T ...
 -101.5640 -128.4216  153.6511
    0.2167    0.2775   -0.9360
    0.7429    0.5751    0.3425
    0.6333   -0.7696   -0.0815
...    81 C-G ...
  -99.8824 -131.1504  152.9421
    0.5465    0.5631   -0.6199
    0.5341    0.3357    0.7759
    0.6450   -0.7551   -0.1173
...    82 G-C ...
  -97.2962 -133.1264  152.7125
    0.5626    0.8190   -0.1131
    0.2361   -0.0280    0.9713
    0.7923   -0.5732   -0.2091
...    83 G-C ...
  -94.4782 -134.6770  151.7346
    0.5187    0.7154    0.4681
   -0.0776   -0.5058    0.8592
    0.8514   -0.4820   -0.2069
...    84 G-C ...
  -91.3000 -135.6857  151.1001
    0.3008    0.3580    0.8840
   -0.2682   -0.8577    0.4386
    0.9152   -0.3690   -0.1620
...    85 A-T ...
  -88.1235 -136.5934  150.5218
    0.0938   -0.2505    0.9636
   -0.3646   -0.9092   -0.2009
    0.9264   -0.3325   -0.1766
...    86 T-A ...
  -84.8651 -137.1687  150.2489
   -0.1029   -0.7029    0.7038
   -0.3475   -0.6376   -0.6876
    0.9320   -0.3153   -0.1787
...    87 C-G ...
  -81.6004 -138.0991  149.9266
   -0.2464   -0.9637    0.1032
   -0.2252   -0.0466   -0.9732
    0.9426   -0.2630   -0.2055
...    88 C-G ...
  -78.4457 -138.9067  149.3508
   -0.3953   -0.8135   -0.4266
   -0.0658    0.4883   -0.8702
    0.9162   -0.3159   -0.2465
...    89 G-C ...
  -75.4435 -139.5726  148.1282
   -0.4371   -0.3517   -0.8278
    0.1532    0.8778   -0.4538
    0.8863   -0.3252   -0.3298
...    90 C-G ...
  -72.4209 -141.0595  147.3018
   -0.3042    0.2301   -0.9244
    0.3352    0.9342    0.1222
    0.8917   -0.2727   -0.3613
...    91 T-A ...
  -69.5145 -142.3496  145.9820
   -0.1353    0.7398   -0.6591
    0.4440    0.6399    0.6272
    0.8857   -0.2078   -0.4151
...    92 T-A ...
  -66.8268 -143.0214  144.3070
    0.0915    0.9819   -0.1658
    0.4468    0.1083    0.8881
    0.8900   -0.1553   -0.4288
...    93 T-A ...
  -63.9627 -143.3242  142.8660
    0.2421    0.8862    0.3950
    0.3492   -0.4594    0.8167
    0.9053   -0.0598   -0.4206
...    94 A-T ...
  -60.7470 -143.2989  141.8238
    0.2853    0.4480    0.8473
    0.2122   -0.8916    0.3999
    0.9346    0.0657   -0.3495
...    95 A-T ...
  -57.7747 -142.7815  140.7556
    0.3578   -0.1523    0.9213
    0.0443   -0.9827   -0.1797
    0.9327    0.1051   -0.3449
...    96 C-G ...
  -54.6139 -141.8284  139.9176
    0.3638   -0.6736    0.6433
   -0.1462   -0.7234   -0.6748
    0.9199    0.1515   -0.3616
...    97 A-T ...
  -51.4812 -141.4131  138.7544
    0.1899   -0.9775    0.0920
   -0.3460   -0.1543   -0.9255
    0.9188    0.1439   -0.3675
...    98 C-G ...
  -48.1303 -141.0013  138.1948
   -0.0202   -0.9047   -0.4257
   -0.4087    0.3960   -0.8223
    0.9124    0.1573   -0.3778
...    99 T-A ...
  -44.6295 -140.9038  137.2713
   -0.2717   -0.5149   -0.8130
   -0.3516    0.8395   -0.4142
    0.8959    0.1733   -0.4091
...   100 T-A ...
  -41.6468 -140.6680  135.9915
   -0.4180    0.0718   -0.9056
   -0.1488    0.9780    0.1463
    0.8962    0.1959   -0.3981
...   101 T-A ...
  -38.7513 -140.1215  134.6223
   -0.4761    0.6046   -0.6386
    0.1141    0.7625    0.6369
    0.8720    0.2303   -0.4320
...   102 A-T ...
  -35.9028 -139.0344  133.3067
   -0.4283    0.8970   -0.1090
    0.3813    0.2888    0.8782
    0.8192    0.3346   -0.4658
...   103 T-A ...
  -33.7414 -137.9089  131.2228
   -0.2559    0.8993    0.3548
    0.5599   -0.1613    0.8127
    0.7880    0.4066   -0.4622
...   104 G-C ...
  -31.3117 -136.2614  129.6293
    0.0532    0.5715    0.8189
    0.6377   -0.6505    0.4126
    0.7685    0.5002   -0.3990
...   105 C-G ...
  -28.9835 -134.1546  128.5232
    0.3727    0.0919    0.9234
    0.5203   -0.8447   -0.1259
    0.7684    0.5273   -0.3626
...   106 T-A ...
  -26.3295 -131.9353  127.8817
    0.6158   -0.4099    0.6728
    0.2632   -0.6979   -0.6661
    0.7426    0.5873   -0.3219
...   107 T-A ...
  -23.9440 -129.9071  127.0992
    0.6562   -0.7365    0.1643
   -0.1303   -0.3250   -0.9367
    0.7433    0.5932   -0.3092
...   108 C-G ...
  -21.3478 -127.8816  126.2755
    0.4501   -0.7677   -0.4561
   -0.5148    0.1943   -0.8350
    0.7297    0.6106   -0.3078
...   109 C-G ...
  -18.9496 -125.7901  125.3960
    0.0278   -0.6001   -0.7995
   -0.6826    0.5729   -0.4537
    0.7303    0.5583   -0.3937
...   110 G-C ...
  -16.9606 -123.7205  124.1685
   -0.4108   -0.2662   -0.8720
   -0.6029    0.7968    0.0408
    0.6839    0.5424   -0.4879
...   111 G-C ...
  -14.7344 -122.0654  122.3135
   -0.7371    0.1811   -0.6511
   -0.2648    0.8090    0.5248
    0.6218    0.5592   -0.5484
...   112 C-G ...
  -12.8333 -120.5454  120.0210
   -0.7937    0.5690   -0.2152
    0.1947    0.5727    0.7963
    0.5763    0.5901   -0.5653
...   113 T-A ...
  -11.1174 -118.6224  117.9245
   -0.6122    0.7382    0.2833
    0.6010    0.2016    0.7734
    0.5138    0.6438   -0.5670
...   114 C-G ...
   -9.5264 -116.2533  116.2950
   -0.1703    0.6884    0.7051
    0.8785   -0.2181    0.4251
    0.4464    0.6918   -0.5676
...   115 G-C ...
   -7.6350 -114.0188  114.6994
    0.3509    0.3786    0.8565
    0.8335   -0.5431   -0.1014
    0.4268    0.7495   -0.5061
...   116 T-A ...
   -6.5650 -111.0567  113.5474
    0.7314   -0.0034    0.6820
    0.5175   -0.6485   -0.5582
    0.4441    0.7612   -0.4725
...   117 A-T ...
   -5.1333 -108.2051  112.3422
    0.8803   -0.4147    0.2305
   -0.0079   -0.4985   -0.8668
    0.4744    0.7613   -0.4421
...   118 T-A ...
   -3.5012 -105.4633  111.5669
    0.7618   -0.5928   -0.2611
   -0.4640   -0.2181   -0.8585
    0.4520    0.7752   -0.4413
...   119 A-T ...
   -2.2680 -102.7213  109.8815
    0.2823   -0.5669   -0.7739
   -0.8564    0.2147   -0.4696
    0.4323    0.7953   -0.4249
...   120 A-T ...
   -0.5883 -100.2495  108.5990
   -0.2691   -0.3542   -0.8956
   -0.8652    0.4973    0.0633
    0.4230    0.7920   -0.4403
...   121 T-A ...
    1.2733  -98.0218  106.9632
   -0.6861   -0.0403   -0.7264
   -0.5944    0.6068    0.5278
    0.4195    0.7938   -0.4403
...   122 G-C ...
    2.6430  -95.2994  105.3036
   -0.9409    0.2591   -0.2181
   -0.0543    0.5203    0.8523
    0.3343    0.8137   -0.4755
...   123 T-A ...
    3.5059  -92.8264  103.3332
   -0.8421    0.4721    0.2607
    0.4389    0.3192    0.8399
    0.3133    0.8217   -0.4760
...   124 G-C ...
    4.3962  -89.9926  101.7529
   -0.4423    0.5093    0.7383
    0.8617    0.0130    0.5072
    0.2487    0.8605   -0.4446
...   125 T-A ...
    4.7010  -87.1926  100.1871
    0.0682    0.4031    0.9126
    0.9688   -0.2452    0.0359
    0.2382    0.8817   -0.4073
...   126 C-G ...
    5.4141  -84.3248   99.0108
    0.6313    0.1855    0.7530
    0.7431   -0.4226   -0.5189
    0.2219    0.8871   -0.4047
...   127 G-C ...
    6.5878  -81.6414   97.4192
    0.8986   -0.1840    0.3983
    0.2927   -0.4248   -0.8567
    0.3268    0.8864   -0.3279
...   128 A-T ...
    7.5045  -78.7757   96.3939
    0.8956   -0.4044   -0.1854
   -0.3029   -0.2493   -0.9198
    0.3258    0.8800   -0.3457
...   129 C-G ...
    8.9056  -75.8068   95.9753
    0.5790   -0.5126   -0.6340
   -0.7330    0.0134   -0.6801
    0.3571    0.8585   -0.3679
...   130 C-G ...
   10.6323  -73.1360   94.7399
    0.0575   -0.5149   -0.8553
   -0.9142    0.3172   -0.2523
    0.4012    0.7964   -0.4524
...   131 A-T ...
   11.2388  -70.1959   93.1299
   -0.5260   -0.3019   -0.7951
   -0.7649    0.5767    0.2870
    0.3719    0.7592   -0.5342
...   132 A-T ...
   12.4771  -67.8269   91.2227
   -0.8748    0.0841   -0.4771
   -0.3122    0.6550    0.6881
    0.3704    0.7509   -0.5468
...   133 A-T ...
   13.7505  -65.6262   89.1413
   -0.8710    0.4912    0.0023
    0.2663    0.4684    0.8424
    0.4127    0.7344   -0.5388
...   134 T-A ...
   14.7384  -63.4258   86.8199
   -0.5923    0.6747    0.4404
    0.6886    0.1401    0.7115
    0.4183    0.7247   -0.5475
...   135 G-C ...
   15.7316  -61.4928   83.9330
    0.0341    0.7400    0.6717
    0.8636   -0.3601    0.3528
    0.5030    0.5681   -0.6514
...   136 T-A ...
   15.7848  -59.5604   80.7992
    0.5517    0.4998    0.6677
    0.6739   -0.7388   -0.0038
    0.4915    0.4520   -0.7444
...   137 G-C ...
   16.8385  -57.7218   78.2675
    0.8528   -0.0848    0.5153
    0.1507   -0.9048   -0.3983
    0.5000    0.4173   -0.7588
...   138 A-T ...
   18.4282  -55.5286   76.5298
    0.8547   -0.5006    0.1371
   -0.3188   -0.7148   -0.6224
    0.4096    0.4883   -0.7706
...   139 G-C ...
   20.4259  -54.3093   74.5419
    0.5847   -0.7389   -0.3347
   -0.7593   -0.3533   -0.5465
    0.2856    0.5737   -0.7676
...   140 C-G ...
   21.4269  -51.8265   72.7875
    0.1304   -0.7144   -0.6875
   -0.8897    0.2216   -0.3991
    0.4375    0.6637   -0.6067
...   141 G-C ...
   22.1521  -50.1494   67.4639
   -0.4682   -0.8748    0.1248
   -0.8494    0.4066   -0.3364
    0.2435   -0.2635   -0.9334
...   142 C-G ...
   22.3488  -51.2413   64.4933
   -0.8528   -0.5119   -0.1032
   -0.4975    0.8565   -0.1374
    0.1587   -0.0659   -0.9851
...   143 T-A ...
   24.0165  -51.6378   61.9248
   -0.9562    0.0401   -0.2898
    0.0524    0.9980   -0.0348
    0.2878   -0.0485   -0.9564
...   144 C-G ...
   24.8957  -52.7395   58.9873
   -0.7529    0.5560   -0.3520
    0.5214    0.8304    0.1965
    0.4016   -0.0356   -0.9151
...   145 A-T ...
   25.5275  -52.9803   55.8053
   -0.2442    0.9563   -0.1610
    0.8906    0.2869    0.3528
    0.3836   -0.0573   -0.9217
...   146 C-G ...
   25.2777  -52.5122   52.0796
    0.3204    0.9427   -0.0929
    0.8825   -0.2614    0.3909
    0.3443   -0.2072   -0.9157
...   147 A-T ...
   25.6238  -52.5940   48.6395
    0.8597    0.5097    0.0339
    0.4496   -0.7865    0.4233
    0.2424   -0.3487   -0.9053
