  147 base-pairs
...     1 T-A ...
    0.0000    0.0000    0.0000
    1.0000    0.0000    0.0000
    0.0000    1.0000    0.0000
    0.0000    0.0000    1.0000
...     2 G-C ...
   -0.5555   -1.1003    3.3981
    0.7749    0.6051    0.1828
   -0.5991    0.7953   -0.0929
   -0.2016   -0.0375    0.9787
...     3 T-A ...
   -0.6619   -3.0237    6.5348
    0.3046    0.9250    0.2271
   -0.8994    0.3578   -0.2510
   -0.3134   -0.1278    0.9410
...     4 G-C ...
   -1.1607   -3.8418    9.6940
   -0.3351    0.9421    0.0133
   -0.8752   -0.3061   -0.3746
   -0.3489   -0.1372    0.9271
...     5 A-T ...
   -1.3881   -3.6770   12.8999
   -0.7835    0.6162   -0.0801
   -0.5677   -0.7622   -0.3109
   -0.2527   -0.1981    0.9470
...     6 G-C ...
   -2.6236   -3.5448   15.7072
   -0.9923    0.0611   -0.1075
   -0.0294   -0.9610   -0.2748
   -0.1201   -0.2695    0.9555
...     7 C-G ...
   -2.3138   -3.7570   18.8866
   -0.8620   -0.4995   -0.0864
    0.5008   -0.8655    0.0073
   -0.0785   -0.0370    0.9962
...     8 G-C ...
   -3.9561   -6.8109   23.3205
   -0.2581   -0.3560   -0.8981
    0.6294   -0.7673    0.1233
   -0.7330   -0.5335    0.4221
...     9 C-G ...
   -6.1177   -8.9414   24.2385
    0.1143   -0.7320   -0.6716
    0.8123   -0.3203    0.4874
   -0.5720   -0.6013    0.5580
...    10 T-A ...
   -8.5041   -9.6771   26.0540
    0.4660   -0.8587   -0.2131
    0.6274    0.1508    0.7640
   -0.6239   -0.4897    0.6090
...    11 C-G ...
  -11.0625  -11.3174   27.2336
    0.6660   -0.6911    0.2808
    0.3382    0.6152    0.7121
   -0.6649   -0.3794    0.6435
...    12 A-T ...
  -13.0013  -13.1789   29.0658
    0.7188   -0.1490    0.6790
   -0.1787    0.9043    0.3876
   -0.6718   -0.4000    0.6235
...    13 C-G ...
  -14.1788  -15.9359   31.3399
    0.4052    0.2865    0.8682
   -0.5270    0.8492   -0.0343
   -0.7470   -0.4437    0.4951
...    14 A-T ...
  -15.9532  -18.1566   33.3080
   -0.1503    0.6873    0.7107
   -0.6106    0.5008   -0.6135
   -0.7776   -0.5261    0.3444
...    15 A-T ...
  -18.4841  -19.7777   34.5514
   -0.4464    0.8730    0.1965
   -0.4246   -0.0133   -0.9053
   -0.7877   -0.4876    0.3766
...    16 T-A ...
  -20.8545  -21.2106   36.5065
   -0.6333    0.7048   -0.3197
   -0.1089   -0.4901   -0.8648
   -0.7662   -0.5129    0.3871
...    17 T-A ...
  -23.3424  -22.6222   38.1155
   -0.6092    0.2519   -0.7519
    0.2883   -0.8130   -0.5059
   -0.7388   -0.5249    0.4227
...    18 T-A ...
  -25.8680  -24.0639   39.6323
   -0.3523   -0.2894   -0.8900
    0.5927   -0.8049    0.0271
   -0.7243   -0.5180    0.4551
...    19 A-T ...
  -28.1490  -25.9979   41.4034
    0.0960   -0.7912   -0.6039
    0.6913   -0.3835    0.6124
   -0.7161   -0.4763    0.5102
...    20 T-A ...
  -30.9665  -27.3133   42.6460
    0.4197   -0.8945   -0.1544
    0.5491    0.1147    0.8278
   -0.7227   -0.4322    0.5393
...    21 T-A ...
  -33.4637  -28.7542   44.1702
    0.6439   -0.6635    0.3810
    0.2000    0.6266    0.7532
   -0.7385   -0.4088    0.5362
...    22 C-G ...
  -35.9119  -30.0685   45.9487
    0.6623   -0.1454    0.7350
   -0.2255    0.8968    0.3807
   -0.7145   -0.4178    0.5612
...    23 G-C ...
  -38.5142  -30.8639   48.0152
    0.5404    0.4470    0.7129
   -0.5673    0.8192   -0.0837
   -0.6215   -0.3592    0.6963
...    24 C-G ...
  -40.2827  -32.3153   50.3639
    0.2013    0.8318    0.5172
   -0.7640    0.4638   -0.4485
   -0.6130   -0.3049    0.7289
...    25 A-T ...
  -42.6458  -33.1067   52.5759
   -0.2176    0.9718    0.0907
   -0.7558   -0.1090   -0.6456
   -0.6176   -0.2091    0.7582
...    26 A-T ...
  -44.6050  -33.5920   55.1657
   -0.6030    0.7345   -0.3113
   -0.5043   -0.6533   -0.5647
   -0.6182   -0.1835    0.7643
...    27 A-T ...
  -46.4513  -33.8935   57.8398
   -0.7936    0.2127   -0.5701
   -0.0575   -0.9589   -0.2777
   -0.6058   -0.1876    0.7732
...    28 G-C ...
  -48.6386  -34.0256   60.4317
   -0.6703   -0.3340   -0.6626
    0.3672   -0.9253    0.0950
   -0.6448   -0.1797    0.7429
...    29 G-C ...
  -51.0890  -34.4384   62.8319
   -0.2965   -0.8036   -0.5161
    0.6802   -0.5570    0.4766
   -0.6704   -0.2097    0.7117
...    30 C-G ...
  -53.5520  -35.0373   64.9314
    0.1659   -0.9688   -0.1839
    0.7227   -0.0074    0.6911
   -0.6709   -0.2476    0.6990
...    31 C-G ...
  -56.0369  -35.7160   67.1251
    0.5841   -0.7887    0.1917
    0.5055    0.5383    0.6743
   -0.6350   -0.2970    0.7131
...    32 G-C ...
  -57.8435  -36.3868   69.5706
    0.8241   -0.3559    0.4407
    0.1167    0.8679    0.4828
   -0.5543   -0.3464    0.7568
...    33 G-C ...
  -59.4074  -37.7724   72.1921
    0.7859    0.2193    0.5782
   -0.3761    0.9117    0.1654
   -0.4909   -0.3474    0.7990
...    34 C-G ...
  -60.7376  -39.1833   74.8428
    0.4677    0.7111    0.5249
   -0.7571    0.6288   -0.1772
   -0.4561   -0.3145    0.8325
...    35 C-G ...
  -61.8515  -40.0464   77.9549
   -0.0054    0.9617    0.2741
   -0.9033    0.1129   -0.4139
   -0.4290   -0.2499    0.8681
...    36 C-G ...
  -63.0953  -40.6068   81.0371
   -0.4942    0.8677   -0.0539
   -0.7645   -0.4632   -0.4483
   -0.4139   -0.1804    0.8923
...    37 G-C ...
  -64.9401  -41.8473   83.6285
   -0.8094    0.4652   -0.3583
   -0.3566   -0.8742   -0.3295
   -0.4665   -0.1389    0.8735
...    38 A-T ...
  -66.3611  -42.2513   86.4494
   -0.8625   -0.1437   -0.4853
    0.1973   -0.9784   -0.0610
   -0.4661   -0.1484    0.8722
...    39 C-G ...
  -68.1994  -42.3174   89.1019
   -0.6113   -0.6315   -0.4771
    0.6150   -0.7584    0.2158
   -0.4980   -0.1615    0.8520
...    40 A-T ...
  -69.9695  -42.9429   91.8973
   -0.0947   -0.9443   -0.3152
    0.8528   -0.2403    0.4637
   -0.5136   -0.2249    0.8280
...    41 C-G ...
  -72.0458  -43.9167   94.2901
    0.3861   -0.9203   -0.0623
    0.7716    0.2852    0.5685
   -0.5055   -0.2676    0.8203
...    42 G-C ...
  -73.3435  -44.5854   97.2941
    0.8027   -0.5508    0.2285
    0.3819    0.7691    0.5125
   -0.4581   -0.3241    0.8277
...    43 A-T ...
  -74.8859  -45.6134   99.8735
    0.8763    0.0130    0.4817
   -0.1607    0.9502    0.2668
   -0.4542   -0.3112    0.8347
...    44 C-G ...
  -76.1126  -47.2323  102.4782
    0.6759    0.5355    0.5063
   -0.6151    0.7884   -0.0126
   -0.4059   -0.3029    0.8622
...    45 T-A ...
  -76.9471  -48.6015  105.7117
    0.2158    0.9051    0.3662
   -0.8975    0.3317   -0.2908
   -0.3847   -0.2659    0.8839
...    46 T-A ...
  -77.9282  -49.5157  108.6451
   -0.2941    0.9427    0.1574
   -0.8726   -0.1976   -0.4467
   -0.3900   -0.2687    0.8807
...    47 A-T ...
  -79.4466  -50.4427  111.5012
   -0.7677    0.6162   -0.1760
   -0.5000   -0.7477   -0.4369
   -0.4008   -0.2474    0.8821
...    48 C-G ...
  -80.6230  -50.6053  114.6338
   -0.9085    0.1221   -0.3995
   -0.0132   -0.9642   -0.2648
   -0.4176   -0.2353    0.8776
...    49 T-A ...
  -82.2394  -50.9701  117.5882
   -0.7380   -0.3990   -0.5443
    0.4676   -0.8838    0.0139
   -0.4866   -0.2442    0.8388
...    50 G-C ...
  -83.9987  -51.9681  120.2956
   -0.2752   -0.7980   -0.5362
    0.7984   -0.5004    0.3348
   -0.5355   -0.3359    0.7749
...    51 T-A ...
  -86.1576  -52.9355  122.4718
    0.1964   -0.9236   -0.3292
    0.8227   -0.0274    0.5678
   -0.5334   -0.3823    0.7545
...    52 A-T ...
  -87.8110  -54.3915  124.9790
    0.6938   -0.7201   -0.0103
    0.5335    0.5043    0.6790
   -0.4837   -0.4766    0.7341
...    53 G-C ...
  -89.5325  -56.0183  127.2047
    0.9142   -0.3070    0.2645
    0.0895    0.7896    0.6071
   -0.3953   -0.5313    0.7493
...    54 G-C ...
  -90.6102  -58.5540  129.5309
    0.8371    0.2323    0.4953
   -0.4513    0.8049    0.3853
   -0.3091   -0.5461    0.7786
...    55 T-A ...
  -91.1572  -60.6167  132.0188
    0.4795    0.6245    0.6165
   -0.8289    0.5530    0.0845
   -0.2882   -0.5516    0.7828
...    56 A-T ...
  -91.6765  -62.5352  134.7873
   -0.0984    0.8496    0.5182
   -0.9600    0.0561   -0.2743
   -0.2622   -0.5245    0.8101
...    57 T-A ...
  -91.8267  -64.1591  137.6628
   -0.5950    0.7380    0.3183
   -0.7636   -0.3956   -0.5103
   -0.2507   -0.5467    0.7989
...    58 C-G ...
  -92.5928  -65.7842  140.5415
   -0.9433    0.3245   -0.0705
   -0.2170   -0.7631   -0.6088
   -0.2513   -0.5589    0.7902
...    59 T-A ...
  -93.6333  -67.3663  143.3253
   -0.8973   -0.1102   -0.4274
    0.3255   -0.8193   -0.4721
   -0.2982   -0.5627    0.7710
...    60 C-G ...
  -94.6280  -69.2326  145.9655
   -0.5189   -0.5541   -0.6510
    0.7976   -0.5879   -0.1353
   -0.3077   -0.5894    0.7469
...    61 G-C ...
  -95.2196  -71.5386  148.3004
    0.0298   -0.6468   -0.7620
    0.9464   -0.2271    0.2298
   -0.3217   -0.7280    0.6054
...    62 A-T ...
  -96.1199  -73.8511  150.4505
    0.5909   -0.5968   -0.5429
    0.7660    0.2038    0.6097
   -0.2532   -0.7761    0.5775
...    63 G-C ...
  -96.9750  -76.6253  152.0689
    0.9234   -0.3332   -0.1905
    0.3368    0.4654    0.8185
   -0.1841   -0.8200    0.5420
...    64 C-G ...
  -97.4695  -79.7041  153.4392
    0.9559    0.0362    0.2914
   -0.2632    0.5456    0.7957
   -0.1302   -0.8373    0.5311
...    65 T-A ...
  -97.7156  -82.5699  155.0529
    0.6671    0.3522    0.6565
   -0.7417    0.3970    0.5406
   -0.0702   -0.8476    0.5260
...    66 C-G ...
  -98.0157  -85.0797  157.1279
    0.0896    0.5211    0.8488
   -0.9960    0.0417    0.0795
    0.0061   -0.8525    0.5227
...    67 G-C ...
  -99.1358  -87.9380  158.9574
   -0.5145    0.4576    0.7252
   -0.8566   -0.3117   -0.4111
    0.0380   -0.8327    0.5524
...    68 G-C ...
  -98.8478  -90.6970  160.9293
   -0.9137    0.2265    0.3375
   -0.4064   -0.4959   -0.7674
   -0.0065   -0.8383    0.5451
...    69 G-C ...
  -98.8402  -93.3870  162.9270
   -0.9818   -0.0124   -0.1896
    0.1658   -0.5439   -0.8226
   -0.0930   -0.8391    0.5360
...    70 A-T ...
  -99.1842  -96.0496  164.9478
   -0.6802   -0.3238   -0.6577
    0.7274   -0.4088   -0.5511
   -0.0905   -0.8533    0.5136
...    71 T-A ...
 -100.0299  -98.6345  166.8126
   -0.1977   -0.4566   -0.8674
    0.9757   -0.1766   -0.1295
   -0.0940   -0.8720    0.4804
...    72 C-G ...
 -100.5437 -101.5463  168.2827
    0.4174   -0.4197   -0.8060
    0.9056    0.1190    0.4071
   -0.0749   -0.8998    0.4298
...    73 C-G ...
 -100.9540 -104.4547  169.7536
    0.8292   -0.1462   -0.5396
    0.5562    0.3130    0.7699
    0.0564   -0.9384    0.3409
...    74 G-C ...
 -100.3391 -107.4598  171.1055
    0.9753    0.2040   -0.0851
    0.0268    0.2728    0.9617
    0.2194   -0.9402    0.2606
...    75 C-G ...
  -99.1544 -110.7021  171.4892
    0.8084    0.3373    0.4824
   -0.5298    0.0601    0.8460
    0.2564   -0.9395    0.2273
...    76 T-A ...
  -97.4707 -113.7087  172.2885
    0.3579    0.2899    0.8876
   -0.8726   -0.2344    0.4284
    0.3323   -0.9279    0.1691
...    77 T-A ...
  -96.0268 -116.6249  172.7256
   -0.2112    0.0056    0.9774
   -0.9096   -0.3672   -0.1944
    0.3579   -0.9301    0.0826
...    78 T-A ...
  -94.4309 -119.5067  173.0415
   -0.6728   -0.3053    0.6739
   -0.6177   -0.2697   -0.7388
    0.4073   -0.9133   -0.0071
...    79 A-T ...
  -93.1621 -122.4358  171.9506
   -0.8385   -0.5434    0.0411
   -0.0845    0.0552   -0.9949
    0.5383   -0.8377   -0.0922
...    80 A-T ...
  -91.3772 -125.1197  171.7932
   -0.7182   -0.4260   -0.5503
    0.3905    0.4078   -0.8253
    0.5760   -0.8076   -0.1265
...    81 C-G ...
  -89.7533 -128.0849  171.7631
   -0.4056   -0.1090   -0.9075
    0.7023    0.5982   -0.3858
    0.5850   -0.7939   -0.1661
...    82 A-T ...
  -87.8229 -130.7518  171.1317
   -0.0033    0.3545   -0.9351
    0.8104    0.5488    0.2052
    0.5859   -0.7571   -0.2891
...    83 C-G ...
  -86.3438 -133.3466  169.6880
    0.3848    0.6342   -0.6706
    0.7048    0.2672    0.6572
    0.5960   -0.7255   -0.3442
...    84 T-A ...
  -84.7728 -135.7276  167.8784
    0.6227    0.7642   -0.1681
    0.4363   -0.1608    0.8853
    0.6495   -0.6247   -0.4335
...    85 C-G ...
  -82.1698 -137.1816  166.4913
    0.7068    0.5748    0.4123
    0.0683   -0.6356    0.7690
    0.7041   -0.5154   -0.4885
...    86 A-T ...
  -79.6978 -138.4901  164.5328
    0.5592    0.1895    0.8071
   -0.2222   -0.9037    0.3661
    0.7987   -0.3841   -0.4633
...    87 T-A ...
  -76.8782 -139.2437  163.0110
    0.3542   -0.3087    0.8828
   -0.4673   -0.8761   -0.1189
    0.8101   -0.3704   -0.4546
...    88 G-C ...
  -74.0704 -140.3144  161.4738
   -0.0074   -0.8042    0.5943
   -0.5878   -0.4773   -0.6532
    0.8090   -0.3542   -0.4691
...    89 T-A ...
  -70.9935 -141.2440  160.2626
   -0.3079   -0.9480    0.0801
   -0.5013    0.0901   -0.8606
    0.8087   -0.3051   -0.5030
...    90 T-A ...
  -68.2315 -142.1471  158.8228
   -0.5142   -0.7098   -0.4814
   -0.2419    0.6585   -0.7126
    0.8228   -0.2500   -0.5103
...    91 A-T ...
  -65.3872 -142.5514  156.9226
   -0.5422   -0.0984   -0.8344
    0.1166    0.9747   -0.1907
    0.8321   -0.2007   -0.5171
...    92 T-A ...
  -62.9021 -143.8434  155.2370
   -0.4182    0.4307   -0.7997
    0.3676    0.8854    0.2846
    0.8306   -0.1749   -0.5286
...    93 A-T ...
  -60.0282 -144.1311  153.5352
   -0.2012    0.8885   -0.4124
    0.5642    0.4493    0.6927
    0.8008   -0.0933   -0.5916
...    94 A-T ...
  -57.6532 -144.2882  151.4592
    0.0886    0.9918    0.0921
    0.6118   -0.1272    0.7807
    0.7861   -0.0128   -0.6180
...    95 C-G ...
  -55.4200 -143.8446  148.9441
    0.3879    0.7511    0.5341
    0.4817   -0.6593    0.5773
    0.7858    0.0333   -0.6176
...    96 G-C ...
  -52.5542 -143.7002  147.3059
    0.5575    0.2048    0.8045
    0.2351   -0.9684    0.0836
    0.7962    0.1426   -0.5880
...    97 G-C ...
  -49.6460 -143.0795  145.8398
    0.5286   -0.3732    0.7625
   -0.0445   -0.9091   -0.4141
    0.8477    0.1849   -0.4972
...    98 A-T ...
  -46.7585 -142.1244  144.3081
    0.4177   -0.8553    0.3065
   -0.3684   -0.4678   -0.8034
    0.8305    0.2227   -0.5105
...    99 T-A ...
  -43.6759 -141.0988  143.2830
    0.1974   -0.9595   -0.2010
   -0.5523    0.0606   -0.8315
    0.8099    0.2752   -0.5180
...   100 T-A ...
  -40.8267 -140.2218  141.9150
   -0.1284   -0.7081   -0.6944
   -0.5856    0.6192   -0.5232
    0.8004    0.3394   -0.4941
...   101 T-A ...
  -38.0506 -139.2267  140.4442
   -0.4367   -0.1914   -0.8790
   -0.4123    0.9110    0.0065
    0.7995    0.3653   -0.4768
...   102 A-T ...
  -35.4199 -137.5285  138.9953
   -0.6080    0.4601   -0.6470
   -0.0377    0.7973    0.6024
    0.7930    0.3906   -0.4675
...   103 T-A ...
  -33.0879 -136.6658  136.9536
   -0.5957    0.7673   -0.2375
    0.2709    0.4703    0.8399
    0.7561    0.4360   -0.4880
...   104 G-C ...
  -30.7766 -135.0968  135.1261
   -0.3828    0.8440    0.3756
    0.6072   -0.0766    0.7909
    0.6963    0.5308   -0.4831
...   105 C-G ...
  -28.8566 -132.9669  133.4638
   -0.0107    0.6251    0.7805
    0.7282   -0.5301    0.4345
    0.6853    0.5730   -0.4495
...   106 T-A ...
  -26.7736 -130.4294  132.1809
    0.4173    0.1851    0.8897
    0.6400   -0.7549   -0.1432
    0.6452    0.6292   -0.4335
...   107 T-A ...
  -24.7809 -128.1876  130.9923
    0.6997   -0.3016    0.6476
    0.2983   -0.7003   -0.6485
    0.6491    0.6470   -0.4000
...   108 C-G ...
  -22.5342 -125.8936  129.8524
    0.7420   -0.6648    0.0868
   -0.2064   -0.3497   -0.9138
    0.6379    0.6601   -0.3967
...   109 C-G ...
  -20.3340 -123.7315  128.6392
    0.4489   -0.7969   -0.4044
   -0.5756    0.0883   -0.8130
    0.6835    0.5977   -0.4190
...   110 G-C ...
  -18.5178 -121.6932  127.0715
    0.0024   -0.6652   -0.7467
   -0.7269    0.5117   -0.4581
    0.6868    0.5438   -0.4823
...   111 G-C ...
  -16.1545 -120.0354  125.3446
   -0.4667   -0.2813   -0.8385
   -0.5965    0.8001    0.0636
    0.6530    0.5298   -0.5412
...   112 C-G ...
  -13.8391 -118.7268  123.3110
   -0.7577    0.2023   -0.6205
   -0.2217    0.8144    0.5362
    0.6138    0.5438   -0.5722
...   113 T-A ...
  -11.8560 -117.0034  121.2532
   -0.7931    0.5808   -0.1834
    0.2435    0.5784    0.7786
    0.5583    0.5728   -0.6002
...   114 C-G ...
  -10.0799 -114.9020  119.3818
   -0.5023    0.7918    0.3476
    0.6998    0.1361    0.7013
    0.5080    0.5955   -0.6224
...   115 G-C ...
   -8.0335 -112.8159  117.7184
   -0.0090    0.6609    0.7504
    0.8827   -0.3474    0.3166
    0.4699    0.6653   -0.5802
...   116 T-A ...
   -7.0856 -110.0050  116.0417
    0.4670    0.3236    0.8229
    0.7425   -0.6489   -0.1662
    0.4802    0.6886   -0.5433
...   117 A-T ...
   -5.6155 -107.3655  114.4465
    0.8077   -0.1692    0.5649
    0.3122   -0.6900   -0.6530
    0.5002    0.7038   -0.5045
...   118 T-A ...
   -4.0953 -104.6341  113.3639
    0.8618   -0.4935    0.1170
   -0.1676   -0.4948   -0.8527
    0.4787    0.7152   -0.5092
...   119 A-T ...
   -2.7495 -102.1178  111.3234
    0.5262   -0.6457   -0.5534
   -0.7386   -0.0245   -0.6737
    0.4215    0.7632   -0.4898
...   120 A-T ...
   -1.1339  -99.6441  109.9399
   -0.0116   -0.5358   -0.8442
   -0.9099    0.3557   -0.2133
    0.4146    0.7657   -0.4917
...   121 T-A ...
    0.7820  -97.4315  108.3223
   -0.4994   -0.2516   -0.8290
   -0.7612    0.5843    0.2813
    0.4136    0.7716   -0.4833
...   122 G-C ...
    2.1757  -94.7393  106.6091
   -0.8967    0.1150   -0.4274
   -0.2728    0.6168    0.7383
    0.3486    0.7787   -0.5217
...   123 T-A ...
    3.2711  -92.4437  104.5000
   -0.9091    0.4142    0.0441
    0.2496    0.4569    0.8538
    0.3335    0.7872   -0.5188
...   124 G-C ...
    4.3285  -89.7165  102.7681
   -0.5843    0.5555    0.5916
    0.7653    0.1347    0.6294
    0.2699    0.8205   -0.5039
...   125 T-A ...
    4.7480  -87.0867  100.9598
   -0.0900    0.5033    0.8594
    0.9632   -0.1755    0.2036
    0.2533    0.8461   -0.4690
...   126 C-G ...
    5.5043  -84.3097   99.5707
    0.5117    0.3013    0.8046
    0.8258   -0.4310   -0.3638
    0.2372    0.8506   -0.4694
...   127 G-C ...
    6.8365  -81.7529   97.7978
    0.8615   -0.0974    0.4984
    0.3942   -0.4905   -0.7772
    0.3202    0.8660   -0.3842
...   128 A-T ...
    7.7629  -78.9418   96.5819
    0.9244   -0.3744   -0.0735
   -0.2116   -0.3429   -0.9152
    0.3175    0.8615   -0.3962
...   129 C-G ...
    9.0709  -75.9444   96.0169
    0.6447   -0.5346   -0.5464
   -0.6803   -0.0754   -0.7290
    0.3485    0.8417   -0.4123
...   130 C-G ...
   10.7015  -73.2560   94.6819
    0.1239   -0.5653   -0.8155
   -0.9100    0.2629   -0.3206
    0.3956    0.7819   -0.4818
...   131 A-T ...
   11.1768  -70.2394   93.0515
   -0.4936   -0.3243   -0.8070
   -0.7843    0.5670    0.2518
    0.3759    0.7572   -0.5342
...   132 A-T ...
   12.4298  -67.8469   91.1775
   -0.8658    0.0735   -0.4950
   -0.3316    0.6567    0.6774
    0.3749    0.7506   -0.5442
...   133 A-T ...
   13.7252  -65.6379   89.1179
   -0.8739    0.4860   -0.0110
    0.2530    0.4740    0.8434
    0.4151    0.7343   -0.5372
...   134 T-A ...
   14.7385  -63.4258   86.8199
   -0.5923    0.6747    0.4404
    0.6886    0.1401    0.7115
    0.4183    0.7247   -0.5475
...   135 G-C ...
   15.7317  -61.4928   83.9330
    0.0341    0.7400    0.6717
    0.8636   -0.3601    0.3528
    0.5030    0.5681   -0.6514
...   136 T-A ...
   15.7848  -59.5604   80.7992
    0.5517    0.4998    0.6677
    0.6739   -0.7388   -0.0038
    0.4915    0.4520   -0.7444
...   137 G-C ...
   16.8386  -57.7219   78.2675
    0.8528   -0.0848    0.5153
    0.1507   -0.9048   -0.3983
    0.5000    0.4173   -0.7588
...   138 A-T ...
   18.4283  -55.5287   76.5299
    0.8547   -0.5006    0.1371
   -0.3188   -0.7148   -0.6224
    0.4096    0.4883   -0.7706
...   139 G-C ...
   20.4260  -54.3093   74.5420
    0.5847   -0.7389   -0.3347
   -0.7593   -0.3533   -0.5465
    0.2856    0.5737   -0.7676
...   140 C-G ...
   21.4270  -51.8266   72.7876
    0.1304   -0.7144   -0.6875
   -0.8897    0.2216   -0.3991
    0.4375    0.6637   -0.6067
...   141 G-C ...
   22.1522  -50.1495   67.4640
   -0.4682   -0.8748    0.1248
   -0.8494    0.4066   -0.3364
    0.2435   -0.2635   -0.9334
...   142 C-G ...
   22.3489  -51.2414   64.4933
   -0.8528   -0.5119   -0.1032
   -0.4975    0.8565   -0.1374
    0.1587   -0.0659   -0.9851
...   143 T-A ...
   24.0167  -51.6378   61.9248
   -0.9562    0.0401   -0.2898
    0.0524    0.9980   -0.0348
    0.2878   -0.0485   -0.9564
...   144 C-G ...
   24.8958  -52.7395   58.9873
   -0.7529    0.5560   -0.3520
    0.5214    0.8304    0.1965
    0.4016   -0.0356   -0.9151
...   145 A-T ...
   25.5276  -52.9803   55.8053
   -0.2442    0.9563   -0.1610
    0.8906    0.2869    0.3528
    0.3836   -0.0573   -0.9217
...   146 C-G ...
   25.2778  -52.5123   52.0796
    0.3204    0.9427   -0.0929
    0.8825   -0.2614    0.3909
    0.3443   -0.2072   -0.9157
...   147 A-T ...
   25.6239  -52.5940   48.6395
    0.8597    0.5097    0.0339
    0.4496   -0.7865    0.4233
    0.2424   -0.3487   -0.9053
