  147 base-pairs
...     1 T-A ...
    0.0000    0.0000    0.0000
    1.0000    0.0000    0.0000
    0.0000    1.0000    0.0000
    0.0000    0.0000    1.0000
...     2 G-C ...
   -0.5555   -1.1003    3.3981
    0.7749    0.6051    0.1828
   -0.5991    0.7953   -0.0929
   -0.2016   -0.0375    0.9787
...     3 T-A ...
   -0.6619   -3.0237    6.5348
    0.3046    0.9250    0.2271
   -0.8994    0.3578   -0.2510
   -0.3134   -0.1278    0.9410
...     4 G-C ...
   -1.1607   -3.8418    9.6940
   -0.3351    0.9421    0.0133
   -0.8752   -0.3061   -0.3746
   -0.3489   -0.1372    0.9271
...     5 A-T ...
   -1.3881   -3.6770   12.8999
   -0.7835    0.6162   -0.0801
   -0.5677   -0.7622   -0.3109
   -0.2527   -0.1981    0.9470
...     6 G-C ...
   -2.6236   -3.5448   15.7072
   -0.9923    0.0611   -0.1075
   -0.0294   -0.9610   -0.2748
   -0.1201   -0.2695    0.9555
...     7 C-G ...
   -2.3138   -3.7570   18.8866
   -0.8620   -0.4995   -0.0864
    0.5008   -0.8655    0.0073
   -0.0785   -0.0370    0.9962
...     8 G-C ...
   -3.9561   -6.8109   23.3205
   -0.2581   -0.3560   -0.8981
    0.6294   -0.7673    0.1233
   -0.7330   -0.5335    0.4221
...     9 C-G ...
   -6.1177   -8.9414   24.2385
    0.1143   -0.7320   -0.6716
    0.8123   -0.3203    0.4874
   -0.5720   -0.6013    0.5580
...    10 T-A ...
   -8.5041   -9.6771   26.0540
    0.4660   -0.8587   -0.2131
    0.6274    0.1508    0.7640
   -0.6239   -0.4897    0.6090
...    11 C-G ...
  -11.0625  -11.3174   27.2336
    0.6660   -0.6911    0.2808
    0.3382    0.6152    0.7121
   -0.6649   -0.3794    0.6435
...    12 A-T ...
  -13.0013  -13.1789   29.0658
    0.7188   -0.1490    0.6790
   -0.1787    0.9043    0.3876
   -0.6718   -0.4000    0.6235
...    13 C-G ...
  -14.1788  -15.9359   31.3399
    0.4052    0.2865    0.8682
   -0.5270    0.8492   -0.0343
   -0.7470   -0.4437    0.4951
...    14 A-T ...
  -15.9532  -18.1566   33.3080
   -0.1503    0.6873    0.7107
   -0.6106    0.5008   -0.6135
   -0.7776   -0.5261    0.3444
...    15 A-T ...
  -18.3980  -19.8426   34.6160
   -0.4613    0.8638    0.2025
   -0.4125   -0.0068   -0.9109
   -0.7855   -0.5037    0.3595
...    16 T-A ...
  -20.7772  -21.2524   36.4042
   -0.5985    0.7392   -0.3088
   -0.1187   -0.4631   -0.8783
   -0.7923   -0.4890    0.3649
...    17 T-A ...
  -23.3831  -22.6528   37.7653
   -0.5567    0.3144   -0.7689
    0.2512   -0.8186   -0.5166
   -0.7918   -0.4807    0.3768
...    18 T-A ...
  -26.0620  -23.9675   39.0888
   -0.3172   -0.2543   -0.9136
    0.5310   -0.8458    0.0510
   -0.7858   -0.4690    0.4033
...    19 A-T ...
  -28.3488  -25.9201   40.7836
    0.0810   -0.7937   -0.6029
    0.6154   -0.4360    0.6566
   -0.7840   -0.4242    0.4531
...    20 T-A ...
  -31.3099  -27.0999   41.7360
    0.3758   -0.9147   -0.1484
    0.4837    0.0570    0.8734
   -0.7905   -0.4000    0.4639
...    21 T-A ...
  -34.0250  -28.3872   43.0193
    0.5639   -0.7076    0.4258
    0.1731    0.6054    0.7768
   -0.8075   -0.3643    0.4639
...    22 C-G ...
  -36.7276  -29.6086   44.5065
    0.5664   -0.1736    0.8057
   -0.2055    0.9170    0.3420
   -0.7981   -0.3593    0.4837
...    23 G-C ...
  -39.5738  -30.3522   46.2360
    0.4188    0.4366    0.7962
   -0.5057    0.8404   -0.1948
   -0.7542   -0.3211    0.5728
...    24 C-G ...
  -41.7996  -31.6618   48.3569
    0.0959    0.8512    0.5161
   -0.6585    0.4431   -0.6084
   -0.7465   -0.2815    0.6029
...    25 A-T ...
  -44.4957  -32.4199   50.2328
   -0.2394    0.9708   -0.0115
   -0.6083   -0.1592   -0.7776
   -0.7567   -0.1792    0.6287
...    26 A-T ...
  -46.8576  -32.8495   52.4278
   -0.5484    0.6897   -0.4728
   -0.3536   -0.7037   -0.6163
   -0.7578   -0.1708    0.6298
...    27 A-T ...
  -49.2993  -33.1649   54.5595
   -0.6543    0.1371   -0.7437
    0.0358   -0.9767   -0.2116
   -0.7554   -0.1651    0.6341
...    28 G-C ...
  -51.9453  -33.3991   56.6079
   -0.4826   -0.4226   -0.7672
    0.3799   -0.8902    0.2514
   -0.7892   -0.1701    0.5901
...    29 G-C ...
  -54.8194  -33.8238   58.3881
   -0.1240   -0.8427   -0.5238
    0.5676   -0.4933    0.6592
   -0.8139   -0.2156    0.5396
...    30 C-G ...
  -57.7808  -34.4652   59.8383
    0.2495   -0.9658   -0.0713
    0.5291    0.0743    0.8453
   -0.8110   -0.2486    0.5296
...    31 C-G ...
  -60.6087  -35.4568   61.4351
    0.5643   -0.7287    0.3881
    0.2757    0.6094    0.7434
   -0.7782   -0.3125    0.5447
...    32 G-C ...
  -63.1285  -36.1894   63.6118
    0.6898   -0.1966    0.6968
   -0.1270    0.9146    0.3839
   -0.7128   -0.3533    0.6059
...    33 G-C ...
  -65.4044  -37.5720   65.7011
    0.5469    0.3889    0.7414
   -0.5112    0.8564   -0.0721
   -0.6630   -0.3396    0.6672
...    34 C-G ...
  -67.2897  -38.9415   68.1022
    0.1855    0.8200    0.5415
   -0.7402    0.4790   -0.4718
   -0.6463   -0.3133    0.6958
...    35 C-G ...
  -69.2805  -39.8587   70.6908
   -0.2232    0.9670    0.1225
   -0.7328   -0.0836   -0.6753
   -0.6428   -0.2405    0.7273
...    36 C-G ...
  -71.3599  -40.3809   73.3289
   -0.5548    0.7606   -0.3372
   -0.4926   -0.6269   -0.6037
   -0.6705   -0.1688    0.7224
...    37 G-C ...
  -73.8605  -41.1653   75.5007
   -0.6719    0.2595   -0.6937
   -0.0920   -0.9586   -0.2695
   -0.7349   -0.1173    0.6680
...    38 A-T ...
  -76.3111  -41.4537   77.7086
   -0.5681   -0.3795   -0.7303
    0.3362   -0.9169    0.2149
   -0.7512   -0.1235    0.6485
...    39 C-G ...
  -79.0899  -41.3547   79.5653
   -0.2703   -0.8159   -0.5112
    0.5866   -0.5606    0.5845
   -0.7634   -0.1418    0.6301
...    40 A-T ...
  -81.5091  -41.9485   81.8355
    0.2067   -0.9711   -0.1196
    0.6130    0.0333    0.7894
   -0.7626   -0.2364    0.6021
...    41 C-G ...
  -84.3422  -42.9141   83.2945
    0.5327   -0.7871    0.3109
    0.3906    0.5546    0.7347
   -0.7508   -0.2699    0.6029
...    42 G-C ...
  -86.6636  -43.6361   85.6814
    0.7366   -0.2812    0.6150
   -0.0263    0.8968    0.4416
   -0.6758   -0.3415    0.6532
...    43 A-T ...
  -88.8187  -44.8369   87.8837
    0.5823    0.3371    0.7398
   -0.4863    0.8736   -0.0153
   -0.6514   -0.3509    0.6727
...    44 C-G ...
  -90.5191  -46.4316   90.2822
    0.2291    0.7673    0.5990
   -0.7382    0.5380   -0.4069
   -0.6345   -0.3490    0.6897
...    45 T-A ...
  -92.3885  -47.5479   92.8303
   -0.2049    0.9483    0.2422
   -0.7569    0.0034   -0.6536
   -0.6206   -0.3172    0.7171
...    46 T-A ...
  -94.2105  -48.5506   95.3514
   -0.6441    0.7450   -0.1732
   -0.4732   -0.5660   -0.6751
   -0.6010   -0.3529    0.7171
...    47 A-T ...
  -96.3053  -50.2777   97.4719
   -0.8236    0.1419   -0.5492
    0.1079   -0.9113   -0.3973
   -0.5569   -0.3865    0.7352
...    48 C-G ...
  -98.3506  -50.9667  100.0435
   -0.6176   -0.3772   -0.6902
    0.5465   -0.8368   -0.0317
   -0.5656   -0.3968    0.7230
...    49 T-A ...
 -100.4836  -52.1236  102.3559
   -0.1722   -0.7535   -0.6345
    0.7960   -0.4859    0.3610
   -0.5803   -0.4429    0.6834
...    50 G-C ...
 -102.2550  -53.7839  104.6937
    0.3958   -0.8386   -0.3743
    0.7343    0.0443    0.6774
   -0.5515   -0.5430    0.6333
...    51 T-A ...
 -104.3871  -55.7649  106.2729
    0.7576   -0.6525    0.0192
    0.4000    0.4873    0.7762
   -0.5158   -0.5804    0.6301
...    52 A-T ...
 -105.9781  -57.6345  108.5872
    0.8803   -0.1608    0.4463
   -0.1746    0.7649    0.6201
   -0.4411   -0.6238    0.6452
...    53 G-C ...
 -107.2127  -59.9315  110.6643
    0.6631    0.3326    0.6706
   -0.6491    0.7017    0.2938
   -0.3728   -0.6300    0.6812
...    54 G-C ...
 -108.0761  -62.0480  113.1720
    0.1939    0.7138    0.6730
   -0.9310    0.3502   -0.1032
   -0.3093   -0.6065    0.7324
...    55 T-A ...
 -108.4890  -64.0514  115.8346
   -0.3550    0.7889    0.5016
   -0.8869   -0.1145   -0.4476
   -0.2957   -0.6037    0.7403
...    56 C-G ...
 -109.4372  -65.9605  118.3897
   -0.8362    0.5343    0.1237
   -0.4721   -0.5865   -0.6581
   -0.2791   -0.6087    0.7427
...    57 A-T ...
 -110.4390  -68.2827  120.5963
   -0.9382    0.0755   -0.3378
    0.1506   -0.7898   -0.5947
   -0.3117   -0.6088    0.7296
...    58 T-A ...
 -111.6808  -69.7333  123.3209
   -0.7201   -0.3698   -0.5871
    0.6332   -0.6962   -0.3381
   -0.2838   -0.6152    0.7355
...    59 G-C ...
 -112.4362  -71.9687  125.7214
   -0.1701   -0.6518   -0.7391
    0.9407   -0.3308    0.0752
   -0.2935   -0.6825    0.6694
...    60 T-A ...
 -113.9746  -74.1264  127.7264
    0.3820   -0.6896   -0.6152
    0.8860    0.0839    0.4560
   -0.2628   -0.7193    0.6430
...    61 T-A ...
 -114.9207  -76.5144  129.6947
    0.8383   -0.4743   -0.2689
    0.4983    0.4663    0.7310
   -0.2214   -0.7467    0.6272
...    62 A-T ...
 -115.4398  -79.0632  131.8205
    0.9899   -0.0007    0.1415
   -0.1108    0.6176    0.7786
   -0.0880   -0.7865    0.6113
...    63 T-A ...
 -115.4186  -81.9787  133.3183
    0.7907    0.3374    0.5108
   -0.6095    0.5116    0.6056
   -0.0570   -0.7902    0.6102
...    64 A-T ...
 -115.8923  -84.4198  135.6567
    0.1990    0.5874    0.7845
   -0.9799    0.1321    0.1496
   -0.0157   -0.7985    0.6018
...    65 A-T ...
 -115.6375  -86.9960  137.6524
   -0.4343    0.5029    0.7473
   -0.9006   -0.2576   -0.3500
    0.0165   -0.8251    0.5648
...    66 C-G ...
 -115.1140  -89.4589  139.9274
   -0.8616    0.2539    0.4395
   -0.5057   -0.5027   -0.7011
    0.0429   -0.8264    0.5615
...    67 G-C ...
 -115.0701  -92.5318  141.3712
   -0.9924   -0.0846   -0.0892
    0.1211   -0.5467   -0.8285
    0.0213   -0.8330    0.5528
...    68 G-C ...
 -114.8810  -95.2315  143.4526
   -0.7401   -0.3433   -0.5783
    0.6725   -0.3664   -0.6431
    0.0088   -0.8648    0.5020
...    69 A-T ...
 -114.7656  -97.9816  145.2786
   -0.1800   -0.4633   -0.8677
    0.9828   -0.0466   -0.1789
    0.0424   -0.8850    0.4637
...    70 T-A ...
 -115.2580 -100.8799  146.7354
    0.3497   -0.3937   -0.8501
    0.9345    0.2114    0.2866
    0.0669   -0.8946    0.4418
...    71 A-T ...
 -115.0276 -103.9822  147.9818
    0.7925   -0.0349   -0.6089
    0.5764    0.3689    0.7292
    0.1992   -0.9288    0.3124
...    72 T-A ...
 -114.5431 -107.1712  148.3842
    0.9621    0.2089   -0.1754
    0.1020    0.3207    0.9417
    0.2530   -0.9239    0.2872
...    73 C-G ...
 -113.4322 -110.1140  149.2486
    0.8158    0.4242    0.3930
   -0.4676    0.0841    0.8799
    0.3402   -0.9017    0.2670
...    74 T-A ...
 -111.8790 -112.9518  149.9846
    0.4033    0.4576    0.7924
   -0.8050   -0.2344    0.5451
    0.4352   -0.8577    0.2738
...    75 C-G ...
 -110.2567 -115.6080  151.1048
   -0.1692    0.2108    0.9628
   -0.8588   -0.5108   -0.0391
    0.4835   -0.8335    0.2675
...    76 G-C ...
 -109.0897 -118.6329  152.1400
   -0.6559   -0.1387    0.7420
   -0.5488   -0.5873   -0.5949
    0.5183   -0.7974    0.3091
...    77 A-T ...
 -107.2437 -121.1984  153.2191
   -0.8317   -0.5126    0.2134
   -0.0202   -0.3562   -0.9342
    0.5549   -0.7813    0.2859
...    78 G-C ...
 -105.3617 -123.7115  154.4245
   -0.7014   -0.6160   -0.3585
    0.4345    0.0291   -0.9002
    0.5649   -0.7872    0.2473
...    79 C-G ...
 -103.5462 -126.2760  155.6377
   -0.3501   -0.4591   -0.8165
    0.7309    0.4113   -0.5447
    0.5859   -0.7874    0.1915
...    80 T-A ...
 -101.7824 -129.0261  156.2921
    0.0541   -0.0905   -0.9944
    0.7869    0.6169   -0.0133
    0.6147   -0.7818    0.1046
...    81 C-G ...
  -99.7841 -131.5991  156.6561
    0.4502    0.3638   -0.8155
    0.5962    0.5574    0.5778
    0.6647   -0.7463    0.0340
...    82 G-C ...
  -97.2589 -133.8445  156.7822
    0.5581    0.7488   -0.3575
    0.2846    0.2319    0.9302
    0.7794   -0.6209   -0.0837
...    83 G-C ...
  -94.4369 -135.5456  156.0578
    0.5136    0.8292    0.2205
   -0.0045   -0.2544    0.9671
    0.8580   -0.4977   -0.1269
...    84 G-C ...
  -91.2393 -136.5681  155.5127
    0.3377    0.5940    0.7302
   -0.2040   -0.7112    0.6728
    0.9189   -0.3761   -0.1190
...    85 A-T ...
  -88.0727 -137.5467  155.2892
    0.1367    0.0362    0.9900
   -0.3128   -0.9466    0.0778
    0.9399   -0.3203   -0.1181
...    86 T-A ...
  -84.7695 -137.9025  155.0134
   -0.0097   -0.4864    0.8737
   -0.3285   -0.8237   -0.4622
    0.9444   -0.2915   -0.1518
...    87 C-G ...
  -81.5831 -138.7988  154.6332
   -0.1732   -0.9061    0.3859
   -0.2481   -0.3390   -0.9075
    0.9531   -0.2529   -0.1661
...    88 C-G ...
  -78.2834 -139.5677  154.2708
   -0.3059   -0.9289   -0.2089
   -0.1145    0.2537   -0.9605
    0.9452   -0.2699   -0.1839
...    89 G-C ...
  -75.0553 -139.9223  153.2565
   -0.3806   -0.5775   -0.7222
    0.0364    0.7711   -0.6357
    0.9240   -0.2683   -0.2725
...    90 C-G ...
  -71.9722 -141.0599  152.6554
   -0.3470   -0.0326   -0.9373
    0.2082    0.9718   -0.1109
    0.9145   -0.2337   -0.3304
...    91 T-A ...
  -69.0566 -142.0238  151.4122
   -0.2740    0.5144   -0.8126
    0.3537    0.8396    0.4122
    0.8943   -0.1744   -0.4120
...    92 T-A ...
  -66.2559 -142.6110  149.9298
   -0.0941    0.9091   -0.4059
    0.4524    0.4022    0.7960
    0.8869   -0.1088   -0.4491
...    93 T-A ...
  -63.4854 -142.8430  148.3003
    0.1136    0.9829    0.1451
    0.4504   -0.1811    0.8743
    0.8856   -0.0340   -0.4632
...    94 A-T ...
  -60.5266 -142.5268  146.7604
    0.2336    0.6952    0.6798
    0.3720   -0.7099    0.5981
    0.8984    0.1131   -0.4245
...    95 A-T ...
  -57.6762 -141.8471  145.3562
    0.4090    0.1526    0.8997
    0.1960   -0.9776    0.0767
    0.8912    0.1450   -0.4298
...    96 C-G ...
  -54.7691 -140.6731  144.1385
    0.4513   -0.4023    0.7966
   -0.0275   -0.8985   -0.4382
    0.8919    0.1759   -0.4166
...    97 A-T ...
  -51.8303 -140.3343  142.5947
    0.3225   -0.8690    0.3752
   -0.2704   -0.4644   -0.8433
    0.9071    0.1705   -0.3848
...    98 C-G ...
  -48.6109 -139.5752  141.8972
    0.1350   -0.9783   -0.1569
   -0.4083    0.0894   -0.9085
    0.9028    0.1867   -0.3874
...    99 T-A ...
  -45.4804 -139.0455  140.8300
   -0.1362   -0.7671   -0.6268
   -0.4278    0.6163   -0.6612
    0.8935    0.1781   -0.4122
...   100 T-A ...
  -42.4708 -138.5776  139.6745
   -0.3506   -0.2510   -0.9022
   -0.2925    0.9446   -0.1491
    0.8896    0.2117   -0.4046
...   101 T-A ...
  -39.5461 -138.0605  138.3694
   -0.4756    0.3419   -0.8105
   -0.0495    0.9095    0.4127
    0.8783    0.2364   -0.4156
...   102 A-T ...
  -36.6820 -137.0809  136.9331
   -0.5134    0.7823   -0.3527
    0.2606    0.5338    0.8045
    0.8176    0.3211   -0.4779
...   103 T-A ...
  -34.3554 -136.1802  134.8185
   -0.3377    0.9332    0.1229
    0.4937    0.0644    0.8672
    0.8014    0.3536   -0.4825
...   104 G-C ...
  -31.6986 -134.6477  133.4266
   -0.0885    0.7480    0.6578
    0.6452   -0.4600    0.6100
    0.7589    0.4784   -0.4419
...   105 C-G ...
  -29.5134 -132.5830  131.9723
    0.2534    0.3414    0.9051
    0.6178   -0.7771    0.1202
    0.7444    0.5287   -0.4079
...   106 T-A ...
  -27.1880 -130.4730  130.8222
    0.5218   -0.1657    0.8368
    0.4124   -0.8097   -0.4175
    0.7468    0.5629   -0.3542
...   107 T-A ...
  -24.8795 -128.3852  129.8279
    0.6973   -0.5904    0.4065
    0.0194   -0.5513   -0.8341
    0.7166    0.5895   -0.3729
...   108 C-G ...
  -22.4783 -126.3934  128.6999
    0.5651   -0.8018   -0.1945
   -0.4131   -0.0709   -0.9079
    0.7142    0.5934   -0.3713
...   109 C-G ...
  -19.9292 -124.4092  127.6483
    0.1885   -0.7314   -0.6554
   -0.6600    0.3998   -0.6360
    0.7272    0.5525   -0.4073
...   110 G-C ...
  -17.8483 -122.2164  126.1060
   -0.2990   -0.4107   -0.8613
   -0.6530    0.7463   -0.1292
    0.6958    0.5238   -0.4913
...   111 G-C ...
  -15.3899 -120.6035  124.4441
   -0.6737    0.0315   -0.7383
   -0.3749    0.8464    0.3782
    0.6369    0.5315   -0.5585
...   112 C-G ...
  -13.2563 -119.1824  122.3324
   -0.8046    0.4641   -0.3704
    0.0643    0.6882    0.7226
    0.5903    0.5576   -0.5836
...   113 T-A ...
  -11.5472 -117.3804  120.1280
   -0.6874    0.7153    0.1257
    0.5035    0.3447    0.7923
    0.5234    0.6079   -0.5971
...   114 C-G ...
   -9.9915 -115.2688  118.1524
   -0.2751    0.7512    0.6001
    0.8267   -0.1339    0.5465
    0.4908    0.6464   -0.5842
...   115 G-C ...
   -8.1114 -112.9634  116.5407
    0.1945    0.4653    0.8635
    0.8652   -0.4961    0.0725
    0.4621    0.7331   -0.4990
...   116 T-A ...
   -7.0799 -110.1356  115.0994
    0.6194    0.1075    0.7777
    0.6306   -0.6582   -0.4113
    0.4676    0.7452   -0.4754
...   117 A-T ...
   -5.3787 -107.8388  113.2756
    0.8850   -0.3337    0.3248
    0.0860   -0.5684   -0.8183
    0.4576    0.7521   -0.4743
...   118 T-A ...
   -3.8249 -105.0636  112.3423
    0.8062   -0.5706   -0.1564
   -0.3895   -0.3129   -0.8662
    0.4454    0.7592   -0.4745
...   119 A-T ...
   -2.6849 -102.4926  110.4264
    0.3656   -0.6253   -0.6895
   -0.8251    0.1251   -0.5510
    0.4308    0.7703   -0.4701
...   120 A-T ...
   -1.0733 -100.0484  109.0021
   -0.1845   -0.4227   -0.8873
   -0.8864    0.4615   -0.0355
    0.4245    0.7800   -0.4598
...   121 T-A ...
    0.8394  -97.8976  107.3895
   -0.6178   -0.1225   -0.7767
   -0.6635    0.6113    0.4313
    0.4220    0.7818   -0.4590
...   122 G-C ...
    1.9525  -95.0963  105.9143
   -0.9254    0.1888   -0.3287
   -0.1618    0.5874    0.7929
    0.3428    0.7869   -0.5130
...   123 T-A ...
    2.9160  -92.8146  103.6976
   -0.8774    0.4504    0.1654
    0.3633    0.3984    0.8422
    0.3134    0.7990   -0.5132
...   124 G-C ...
    3.9067  -89.9476  102.2610
   -0.5203    0.5253    0.6733
    0.8193    0.0847    0.5671
    0.2408    0.8467   -0.4744
...   125 T-A ...
    4.0666  -87.0856  100.5543
   -0.0028    0.4658    0.8849
    0.9720   -0.2066    0.1118
    0.2349    0.8604   -0.4522
...   126 C-G ...
    4.7520  -84.1754   99.1537
    0.5789    0.2252    0.7837
    0.7788   -0.4375   -0.4496
    0.2416    0.8706   -0.4286
...   127 G-C ...
    5.8763  -81.4043   97.5714
    0.8932   -0.1565    0.4216
    0.3103   -0.4642   -0.8296
    0.3256    0.8718   -0.3661
...   128 A-T ...
    6.9373  -78.4870   96.4591
    0.8891   -0.4320   -0.1514
   -0.2888   -0.2728   -0.9177
    0.3551    0.8596   -0.3673
...   129 C-G ...
    8.4305  -75.5880   95.8021
    0.5831   -0.5376   -0.6091
   -0.7177    0.0105   -0.6963
    0.3807    0.8431   -0.3797
...   130 C-G ...
   10.0037  -72.8552   94.5758
    0.0488   -0.5114   -0.8580
   -0.9106    0.3302   -0.2486
    0.4104    0.7934   -0.4495
...   131 A-T ...
   11.1255  -70.1238   92.9793
   -0.5330   -0.2928   -0.7939
   -0.7515    0.5949    0.2851
    0.3888    0.7485   -0.5371
...   132 A-T ...
   12.5005  -67.8597   91.0937
   -0.8702    0.1154   -0.4789
   -0.2942    0.6580    0.6931
    0.3951    0.7441   -0.5387
...   133 A-T ...
   13.7641  -65.5914   89.1289
   -0.8699    0.4932    0.0115
    0.2754    0.4661    0.8408
    0.4093    0.7345   -0.5412
...   134 T-A ...
   14.7385  -63.4259   86.8199
   -0.5923    0.6747    0.4404
    0.6886    0.1401    0.7115
    0.4183    0.7247   -0.5475
...   135 G-C ...
   15.7318  -61.4929   83.9330
    0.0341    0.7400    0.6717
    0.8636   -0.3601    0.3528
    0.5030    0.5681   -0.6514
...   136 T-A ...
   15.7849  -59.5604   80.7992
    0.5517    0.4998    0.6677
    0.6739   -0.7388   -0.0038
    0.4915    0.4520   -0.7444
...   137 G-C ...
   16.8386  -57.7219   78.2675
    0.8528   -0.0848    0.5153
    0.1507   -0.9048   -0.3983
    0.5000    0.4173   -0.7588
...   138 A-T ...
   18.4283  -55.5287   76.5298
    0.8547   -0.5006    0.1371
   -0.3188   -0.7148   -0.6224
    0.4096    0.4883   -0.7706
...   139 G-C ...
   20.4260  -54.3094   74.5419
    0.5847   -0.7389   -0.3347
   -0.7593   -0.3533   -0.5465
    0.2856    0.5737   -0.7676
...   140 C-G ...
   21.4271  -51.8266   72.7875
    0.1304   -0.7144   -0.6875
   -0.8897    0.2216   -0.3991
    0.4375    0.6637   -0.6067
...   141 G-C ...
   22.1522  -50.1495   67.4639
   -0.4682   -0.8748    0.1248
   -0.8494    0.4066   -0.3364
    0.2435   -0.2635   -0.9334
...   142 C-G ...
   22.3490  -51.2414   64.4933
   -0.8528   -0.5119   -0.1032
   -0.4975    0.8565   -0.1374
    0.1587   -0.0659   -0.9851
...   143 T-A ...
   24.0167  -51.6379   61.9247
   -0.9562    0.0401   -0.2898
    0.0524    0.9980   -0.0348
    0.2878   -0.0485   -0.9564
...   144 C-G ...
   24.8959  -52.7396   58.9873
   -0.7529    0.5560   -0.3520
    0.5214    0.8304    0.1965
    0.4016   -0.0356   -0.9151
...   145 A-T ...
   25.5277  -52.9804   55.8053
   -0.2442    0.9563   -0.1610
    0.8906    0.2869    0.3528
    0.3836   -0.0573   -0.9217
...   146 C-G ...
   25.2779  -52.5123   52.0796
    0.3204    0.9427   -0.0929
    0.8825   -0.2614    0.3909
    0.3443   -0.2072   -0.9157
...   147 A-T ...
   25.6240  -52.5940   48.6395
    0.8597    0.5097    0.0339
    0.4496   -0.7865    0.4233
    0.2424   -0.3487   -0.9053
