  147 base-pairs
...     1 T-A ...
    0.0000    0.0000    0.0000
    1.0000    0.0000    0.0000
    0.0000    1.0000    0.0000
    0.0000    0.0000    1.0000
...     2 G-C ...
   -0.5555   -1.1003    3.3981
    0.7749    0.6051    0.1828
   -0.5991    0.7953   -0.0929
   -0.2016   -0.0375    0.9787
...     3 T-A ...
   -0.6619   -3.0237    6.5348
    0.3046    0.9250    0.2271
   -0.8994    0.3578   -0.2510
   -0.3134   -0.1278    0.9410
...     4 G-C ...
   -1.1607   -3.8418    9.6940
   -0.3351    0.9421    0.0133
   -0.8752   -0.3061   -0.3746
   -0.3489   -0.1372    0.9271
...     5 A-T ...
   -1.3881   -3.6770   12.8999
   -0.7835    0.6162   -0.0801
   -0.5677   -0.7622   -0.3109
   -0.2527   -0.1981    0.9470
...     6 G-C ...
   -2.6236   -3.5448   15.7072
   -0.9923    0.0611   -0.1075
   -0.0294   -0.9610   -0.2748
   -0.1201   -0.2695    0.9555
...     7 C-G ...
   -2.3138   -3.7570   18.8866
   -0.8620   -0.4995   -0.0864
    0.5008   -0.8655    0.0073
   -0.0785   -0.0370    0.9962
...     8 G-C ...
   -3.9561   -6.8109   23.3205
   -0.2581   -0.3560   -0.8981
    0.6294   -0.7673    0.1233
   -0.7330   -0.5335    0.4221
...     9 C-G ...
   -6.1177   -8.9414   24.2385
    0.1143   -0.7320   -0.6716
    0.8123   -0.3203    0.4874
   -0.5720   -0.6013    0.5580
...    10 T-A ...
   -8.5041   -9.6771   26.0540
    0.4660   -0.8587   -0.2131
    0.6274    0.1508    0.7640
   -0.6239   -0.4897    0.6090
...    11 C-G ...
  -11.0625  -11.3174   27.2336
    0.6660   -0.6911    0.2808
    0.3382    0.6152    0.7121
   -0.6649   -0.3794    0.6435
...    12 A-T ...
  -13.0013  -13.1789   29.0658
    0.7188   -0.1490    0.6790
   -0.1787    0.9043    0.3876
   -0.6718   -0.4000    0.6235
...    13 C-G ...
  -14.1788  -15.9359   31.3399
    0.4052    0.2865    0.8682
   -0.5270    0.8492   -0.0343
   -0.7470   -0.4437    0.4951
...    14 A-T ...
  -15.9532  -18.1566   33.3080
   -0.1503    0.6873    0.7107
   -0.6106    0.5008   -0.6135
   -0.7776   -0.5261    0.3444
...    15 A-T ...
  -18.3907  -19.8439   34.6217
   -0.4546    0.8658    0.2091
   -0.4157    0.0013   -0.9095
   -0.7877   -0.5004    0.3593
...    16 T-A ...
  -20.7697  -21.2450   36.4078
   -0.5898    0.7504   -0.2983
   -0.1289   -0.4521   -0.8826
   -0.7972   -0.4821    0.3634
...    17 T-A ...
  -23.3899  -22.6157   37.7608
   -0.5509    0.3427   -0.7610
    0.2306   -0.8138   -0.5334
   -0.8021   -0.4693    0.3693
...    18 T-A ...
  -26.0999  -23.8870   39.0515
   -0.3231   -0.2156   -0.9215
    0.5049   -0.8628    0.0248
   -0.8004   -0.4573    0.3877
...    19 A-T ...
  -28.5120  -25.7664   40.5906
    0.0592   -0.7565   -0.6514
    0.5940   -0.4977    0.6320
   -0.8023   -0.4243    0.4198
...    20 T-A ...
  -31.5184  -26.9034   41.4364
    0.3442   -0.9153   -0.2091
    0.4774   -0.0212    0.8785
   -0.8085   -0.4021    0.4296
...    21 T-A ...
  -34.2923  -28.1841   42.5916
    0.5320   -0.7598    0.3739
    0.1899    0.5373    0.8217
   -0.8252   -0.3661    0.4301
...    22 C-G ...
  -37.0458  -29.4200   43.9573
    0.5516   -0.2636    0.7914
   -0.1692    0.8937    0.4156
   -0.8168   -0.3631    0.4484
...    23 G-C ...
  -39.9291  -30.1868   45.5872
    0.4334    0.3438    0.8331
   -0.4626    0.8782   -0.1217
   -0.7734   -0.3327    0.5396
...    24 C-G ...
  -42.2345  -31.5749   47.5569
    0.1383    0.7935    0.5927
   -0.6285    0.5328   -0.5667
   -0.7654   -0.2941    0.5724
...    25 A-T ...
  -44.9584  -32.3707   49.3618
   -0.1750    0.9811    0.0831
   -0.6117   -0.0422   -0.7899
   -0.7715   -0.1891    0.6075
...    26 A-T ...
  -47.3554  -32.8481   51.5023
   -0.4896    0.7743   -0.4010
   -0.3999   -0.6081   -0.6858
   -0.7748   -0.1754    0.6074
...    27 A-T ...
  -49.8378  -33.1803   53.5770
   -0.6281    0.2728   -0.7288
   -0.0447   -0.9476   -0.3162
   -0.7768   -0.1660    0.6074
...    28 G-C ...
  -52.5271  -33.3922   55.5542
   -0.5040   -0.2834   -0.8159
    0.2901   -0.9453    0.1491
   -0.8136   -0.1615    0.5586
...    29 G-C ...
  -55.4844  -33.7415   57.2010
   -0.1940   -0.7549   -0.6265
    0.4985   -0.6259    0.5998
   -0.8449   -0.1960    0.4978
...    30 C-G ...
  -58.5292  -34.2680   58.4992
    0.1499   -0.9696   -0.1935
    0.5097   -0.0919    0.8554
   -0.8472   -0.2268    0.4804
...    31 C-G ...
  -61.4912  -35.1731   59.8873
    0.4699   -0.8327    0.2929
    0.3174    0.4690    0.8242
   -0.8237   -0.2943    0.4847
...    32 G-C ...
  -64.1356  -35.9122   61.8867
    0.6407   -0.3718    0.6717
   -0.0337    0.8604    0.5085
   -0.7670   -0.3484    0.5388
...    33 G-C ...
  -66.6293  -37.3101   63.6973
    0.5666    0.2072    0.7975
   -0.4014    0.9147    0.0475
   -0.7197   -0.3470    0.6014
...    34 C-G ...
  -68.7489  -38.7734   65.8217
    0.2720    0.7004    0.6599
   -0.6576    0.6360   -0.4039
   -0.7026   -0.3241    0.6335
...    35 C-G ...
  -70.9112  -39.8205   68.2089
   -0.0909    0.9597    0.2658
   -0.7144    0.1231   -0.6888
   -0.6938   -0.2525    0.6744
...    36 C-G ...
  -73.1132  -40.4386   70.7142
   -0.4224    0.8790   -0.2212
   -0.5582   -0.4445   -0.7006
   -0.7142   -0.1725    0.6784
...    37 G-C ...
  -75.7788  -41.1245   72.6957
   -0.5916    0.4727   -0.6532
   -0.2345   -0.8760   -0.4215
   -0.7714   -0.0962    0.6290
...    38 A-T ...
  -78.3417  -41.3294   74.7690
   -0.5898   -0.1520   -0.7931
    0.1655   -0.9840    0.0655
   -0.7904   -0.0926    0.6056
...    39 C-G ...
  -81.1530  -41.0489   76.5465
   -0.3845   -0.6576   -0.6479
    0.4501   -0.7463    0.4904
   -0.8060   -0.1030    0.5829
...    40 A-T ...
  -83.7634  -41.5588   78.6014
    0.0316   -0.9577   -0.2860
    0.5675   -0.2184    0.7939
   -0.8227   -0.1874    0.5366
...    41 C-G ...
  -86.7973  -42.2134   79.8088
    0.3578   -0.9177    0.1727
    0.4499    0.3314    0.8293
   -0.8183   -0.2190    0.5315
...    42 G-C ...
  -89.3381  -42.8617   81.9632
    0.6353   -0.5288    0.5628
    0.1291    0.7913    0.5977
   -0.7614   -0.3071    0.5709
...    43 A-T ...
  -91.8073  -43.9671   83.8535
    0.6036    0.0689    0.7943
   -0.2949    0.9449    0.1422
   -0.7407   -0.3201    0.5907
...    44 C-G ...
  -93.9142  -45.5684   85.8849
    0.3612    0.5772    0.7324
   -0.5870    0.7510   -0.3023
   -0.7246   -0.3207    0.6101
...    45 T-A ...
  -96.0818  -46.6947   88.1651
    0.0059    0.9094    0.4159
   -0.7082    0.2974   -0.6403
   -0.7060   -0.2908    0.6458
...    46 T-A ...
  -98.1886  -47.6781   90.4537
   -0.4357    0.8996   -0.0286
   -0.5680   -0.2995   -0.7666
   -0.6982   -0.3178    0.6415
...    47 A-T ...
 -100.7176  -49.0689   92.2787
   -0.7208    0.4692   -0.5102
   -0.1289   -0.8140   -0.5664
   -0.6811   -0.3425    0.6472
...    48 C-G ...
 -103.0212  -49.6021   94.6501
   -0.6616   -0.0428   -0.7486
    0.2839   -0.9383   -0.1973
   -0.6940   -0.3431    0.6329
...    49 T-A ...
 -105.5330  -50.4867   96.6752
   -0.3542   -0.5305   -0.7701
    0.5952   -0.7631    0.2519
   -0.7213   -0.3691    0.5860
...    50 G-C ...
 -107.8575  -51.9428   98.6182
    0.1394   -0.8314   -0.5379
    0.6766   -0.3166    0.6648
   -0.7230   -0.4566    0.5184
...    51 T-A ...
 -110.5821  -53.4202   99.7952
    0.5134   -0.8495   -0.1215
    0.4934    0.1764    0.8517
   -0.7021   -0.4972    0.5097
...    52 A-T ...
 -112.8167  -55.1047  101.6614
    0.7611   -0.5229    0.3837
    0.0558    0.6423    0.7645
   -0.6462   -0.5604    0.5180
...    53 G-C ...
 -114.8290  -57.2291  103.2465
    0.7114   -0.0464    0.7012
   -0.3884    0.8056    0.4474
   -0.5857   -0.5906    0.5551
...    54 G-C ...
 -116.4582  -59.3995  105.2694
    0.4089    0.4588    0.7889
   -0.7496    0.6618    0.0037
   -0.5204   -0.5929    0.6145
...    55 T-A ...
 -117.6116  -61.6081  107.4962
   -0.0616    0.7519    0.6564
   -0.8597    0.2941   -0.4177
   -0.5071   -0.5900    0.6283
...    56 A-T ...
 -119.8433  -63.6498  109.1687
   -0.6683    0.7031    0.2428
   -0.5790   -0.2868   -0.7632
   -0.4670   -0.6507    0.5988
...    57 T-A ...
 -121.0794  -65.4610  111.6734
   -0.8876    0.4243   -0.1795
   -0.1328   -0.6086   -0.7823
   -0.4411   -0.6705    0.5965
...    58 C-G ...
 -122.5235  -67.6253  113.7358
   -0.7789   -0.0361   -0.6262
    0.4486   -0.7298   -0.5159
   -0.4384   -0.6827    0.5846
...    59 T-A ...
 -124.2202  -69.7128  115.7307
   -0.3780   -0.3950   -0.8373
    0.8078   -0.5825   -0.0898
   -0.4523   -0.7104    0.5393
...    60 T-A ...
 -125.8634  -71.9013  117.4818
    0.1727   -0.6474   -0.7423
    0.8839   -0.2307    0.4068
   -0.4346   -0.7264    0.5324
...    61 C-G ...
 -127.3342  -74.2955  119.1876
    0.6943   -0.6067   -0.3872
    0.6044    0.1996    0.7713
   -0.3906   -0.7695    0.5052
...    62 A-T ...
 -128.4762  -76.9147  120.9744
    0.9614   -0.2693    0.0565
    0.0815    0.4750    0.8762
   -0.2628   -0.8378    0.4786
...    63 T-A ...
 -129.1555  -79.9616  121.9626
    0.8739    0.0348    0.4848
   -0.4272    0.5309    0.7319
   -0.2319   -0.8467    0.4788
...    64 G-C ...
 -129.8339  -82.6007  123.9364
    0.4670    0.4186    0.7789
   -0.8747    0.3482    0.3372
   -0.1301   -0.8387    0.5288
...    65 T-A ...
 -129.5994  -85.4245  125.6989
   -0.0861    0.5483    0.8319
   -0.9909    0.0398   -0.1288
   -0.1037   -0.8354    0.5398
...    66 T-A ...
 -129.6206  -88.1339  127.5313
   -0.6716    0.4076    0.6188
   -0.7384   -0.2986   -0.6047
   -0.0618   -0.8630    0.5015
...    67 A-T ...
 -130.0259  -91.4826  128.4700
   -0.9964   -0.0382    0.0751
   -0.0496   -0.4545   -0.8894
    0.0680   -0.8899    0.4510
...    68 T-A ...
 -129.8912  -94.0837  130.5546
   -0.8668   -0.3072   -0.3928
    0.4861   -0.3449   -0.8029
    0.1112   -0.8869    0.4483
...    69 A-T ...
 -128.9405  -97.1155  131.8297
   -0.3156   -0.4850   -0.8156
    0.9337   -0.0054   -0.3581
    0.1693   -0.8745    0.4546
...    70 A-T ...
 -128.5747  -99.9620  133.3514
    0.2903   -0.3805   -0.8780
    0.9366    0.3010    0.1792
    0.1961   -0.8744    0.4438
...    71 C-G ...
 -128.4389 -103.0286  134.5407
    0.7337   -0.1030   -0.6716
    0.6347    0.4568    0.6233
    0.2426   -0.8836    0.4005
...    72 G-C ...
 -127.2908 -105.8579  136.0185
    0.9072    0.3248   -0.2673
    0.1254    0.3976    0.9089
    0.4015   -0.8581    0.3200
...    73 G-C ...
 -125.5823 -108.6697  136.7590
    0.7699    0.5894    0.2445
   -0.3701    0.1004    0.9236
    0.5198   -0.8016    0.2954
...    74 A-T ...
 -123.6354 -111.1375  137.7600
    0.3667    0.5615    0.7418
   -0.7309   -0.3195    0.6031
    0.5757   -0.7633    0.2932
...    75 C-G ...
 -121.1686 -113.2524  138.5662
   -0.0990    0.3023    0.9481
   -0.7881   -0.6055    0.1107
    0.6075   -0.7362    0.2982
...    76 G-C ...
 -119.5253 -115.9597  139.8312
   -0.5695   -0.1046    0.8153
   -0.5244   -0.7177   -0.4583
    0.6331   -0.6885    0.3538
...    77 A-T ...
 -117.3536 -118.1635  141.0851
   -0.7508   -0.5564    0.3559
   -0.0494   -0.4900   -0.8703
    0.6587   -0.6710    0.3404
...    78 G-C ...
 -115.1451 -120.2891  142.4785
   -0.6510   -0.7300   -0.2082
    0.3724   -0.0681   -0.9256
    0.6615   -0.6800    0.3161
...    79 C-G ...
 -113.0240 -122.4925  143.9023
   -0.3378   -0.6165   -0.7112
    0.6561    0.3876   -0.6476
    0.6749   -0.6854    0.2735
...    80 T-A ...
 -110.9491 -124.9244  144.8818
    0.0346   -0.2490   -0.9679
    0.7173    0.6805   -0.1494
    0.6959   -0.6891    0.2022
...    81 C-G ...
 -108.6826 -127.2022  145.6014
    0.4054    0.2613   -0.8760
    0.5421    0.7028    0.4605
    0.7360   -0.6616    0.1432
...    82 G-C ...
 -105.9620 -129.1491  146.1609
    0.4954    0.7227   -0.4820
    0.2459    0.4155    0.8757
    0.8331   -0.5523    0.0281
...    83 G-C ...
 -103.0237 -130.7677  145.8352
    0.4371    0.8958    0.0798
   -0.0181   -0.0800    0.9966
    0.8992   -0.4371   -0.0188
...    84 G-C ...
  -99.7706 -131.6854  145.5693
    0.2580    0.7388    0.6226
   -0.1848   -0.5948    0.7824
    0.9483   -0.3169   -0.0169
...    85 A-T ...
  -96.5475 -132.4621  145.6407
    0.0748    0.2250    0.9715
   -0.2517   -0.9384    0.2367
    0.9649   -0.2622   -0.0135
...    86 T-A ...
  -93.2260 -132.6129  145.6117
   -0.0390   -0.3159    0.9480
   -0.2417   -0.9176   -0.3157
    0.9696   -0.2414   -0.0406
...    87 C-G ...
  -89.9786 -133.3439  145.6247
   -0.1496   -0.8273    0.5415
   -0.1541   -0.5214   -0.8393
    0.9767   -0.2090   -0.0495
...    88 C-G ...
  -86.6333 -133.9935  145.6829
   -0.2337   -0.9711   -0.0476
   -0.0389    0.0583   -0.9975
    0.9715   -0.2313   -0.0514
...    89 G-C ...
  -83.3166 -134.3749  145.0280
   -0.2713   -0.7279   -0.6297
    0.0680    0.6381   -0.7670
    0.9601   -0.2509   -0.1236
...    90 C-G ...
  -80.1289 -135.4054  144.9540
   -0.2315   -0.2282   -0.9457
    0.1768    0.9460   -0.2716
    0.9566   -0.2300   -0.1787
...    91 T-A ...
  -77.0315 -136.3938  144.2663
   -0.1849    0.3421   -0.9213
    0.2645    0.9202    0.2886
    0.9465   -0.1903   -0.2606
...    92 T-A ...
  -74.0311 -137.0855  143.2955
   -0.0599    0.8172   -0.5732
    0.3238    0.5591    0.7633
    0.9442   -0.1399   -0.2981
...    93 T-A ...
  -71.0440 -137.4780  142.1418
    0.0742    0.9971   -0.0165
    0.3199   -0.0082    0.9474
    0.9445   -0.0756   -0.3196
...    94 A-T ...
  -67.8632 -137.3774  141.0875
    0.1314    0.8033    0.5809
    0.2808   -0.5922    0.7553
    0.9507    0.0638   -0.3033
...    95 A-T ...
  -64.8322 -136.8841  140.0289
    0.2697    0.3050    0.9134
    0.1805   -0.9477    0.2632
    0.9459    0.0939   -0.3107
...    96 C-G ...
  -61.7706 -135.8634  139.0938
    0.3223   -0.2614    0.9098
    0.0360   -0.9570   -0.2878
    0.9459    0.1256   -0.2991
...    97 A-T ...
  -58.6155 -135.7313  137.9976
    0.2535   -0.7942    0.5523
   -0.1384   -0.5948   -0.7919
    0.9574    0.1243   -0.2607
...    98 C-G ...
  -55.3148 -135.0483  137.7119
    0.1491   -0.9887    0.0179
   -0.2583   -0.0564   -0.9644
    0.9545    0.1392   -0.2638
...    99 T-A ...
  -52.0430 -134.6487  137.0884
   -0.0422   -0.8529   -0.5204
   -0.3089    0.5065   -0.8050
    0.9501    0.1268   -0.2849
...   100 T-A ...
  -48.8779 -134.3173  136.3810
   -0.2006   -0.3801   -0.9029
   -0.2529    0.9105   -0.3271
    0.9465    0.1627   -0.2787
...   101 T-A ...
  -45.7667 -133.9552  135.5258
   -0.3275    0.2250   -0.9177
   -0.1050    0.9566    0.2720
    0.9390    0.1854   -0.2896
...   102 A-T ...
  -42.6660 -133.1110  134.5450
   -0.4217    0.7362   -0.5294
    0.1306    0.6271    0.7679
    0.8973    0.2547   -0.3606
...   103 T-A ...
  -39.9743 -132.4980  132.7883
   -0.3248    0.9446   -0.0485
    0.3364    0.1633    0.9274
    0.8839    0.2849   -0.3708
...   104 G-C ...
  -37.0438 -131.1920  131.7547
   -0.1721    0.8208    0.5447
    0.5139   -0.3969    0.7605
    0.8404    0.4108   -0.3535
...   105 C-G ...
  -34.5593 -129.3507  130.4851
    0.1106    0.4369    0.8927
    0.5580   -0.7705    0.3080
    0.8224    0.4641   -0.3291
...   106 T-A ...
  -31.9818 -127.4388  129.5351
    0.3701   -0.0846    0.9251
    0.4425   -0.8596   -0.2556
    0.8168    0.5040   -0.2807
...   107 T-A ...
  -29.4540 -125.5300  128.7291
    0.5992   -0.5600    0.5722
    0.1305   -0.6369   -0.7599
    0.7899    0.5300   -0.3085
...   108 C-G ...
  -26.8218 -123.7243  127.8102
    0.5569   -0.8302   -0.0237
   -0.2687   -0.1531   -0.9510
    0.7859    0.5360   -0.3083
...   109 C-G ...
  -24.0650 -121.9109  126.9873
    0.2586   -0.7956   -0.5478
   -0.5390    0.3518   -0.7653
    0.8016    0.4932   -0.3379
...   110 G-C ...
  -21.6892 -119.9108  125.6033
   -0.1817   -0.4809   -0.8578
   -0.5984    0.7462   -0.2916
    0.7803    0.4603   -0.4233
...   111 G-C ...
  -18.9488 -118.5003  124.2151
   -0.5566   -0.0174   -0.8306
   -0.3954    0.8848    0.2464
    0.7306    0.4656   -0.4993
...   112 C-G ...
  -16.4704 -117.3202  122.3401
   -0.7256    0.4502   -0.5204
   -0.0159    0.7451    0.6668
    0.6879    0.4921   -0.5335
...   113 T-A ...
  -14.3931 -115.7492  120.2781
   -0.6721    0.7399   -0.0291
    0.3996    0.3955    0.8270
    0.6234    0.5442   -0.5615
...   114 C-G ...
  -12.4994 -113.8376  118.3940
   -0.3272    0.8030    0.4982
    0.7390   -0.1111    0.6645
    0.5889    0.5856   -0.5570
...   115 G-C ...
  -10.3298 -111.6992  116.9055
    0.0972    0.5255    0.8452
    0.8308   -0.5105    0.2218
    0.5481    0.6806   -0.4862
...   116 T-A ...
   -9.0182 -109.0122  115.4159
    0.5216    0.1498    0.8400
    0.6535   -0.7031   -0.2804
    0.5486    0.6952   -0.4646
...   117 A-T ...
   -7.0015 -106.9567  113.5945
    0.8382   -0.3293    0.4347
    0.1498   -0.6274   -0.7642
    0.5244    0.7056   -0.4765
...   118 T-A ...
   -5.2833 -104.2855  112.6307
    0.8016   -0.5965   -0.0410
   -0.3153   -0.3635   -0.8766
    0.5080    0.7156   -0.4794
...   119 A-T ...
   -3.9749 -101.8558  110.6067
    0.4061   -0.6637   -0.6282
   -0.7777    0.1099   -0.6189
    0.4798    0.7399   -0.4715
...   120 A-T ...
   -2.2208  -99.4978  109.2017
   -0.1268   -0.4579   -0.8799
   -0.8734    0.4721   -0.1198
    0.4703    0.7533   -0.4597
...   121 T-A ...
   -0.1610  -97.4411  107.6470
   -0.5641   -0.1450   -0.8129
   -0.6813    0.6379    0.3590
    0.4665    0.7563   -0.4586
...   122 G-C ...
    1.1034  -94.7065  106.1576
   -0.8986    0.1896   -0.3957
   -0.2034    0.6191    0.7585
    0.3888    0.7621   -0.5177
...   123 T-A ...
    2.2404  -92.5207  103.9286
   -0.8786    0.4679    0.0951
    0.3172    0.4230    0.8488
    0.3569    0.7760   -0.5201
...   124 G-C ...
    3.3614  -89.7100  102.4647
   -0.5497    0.5541    0.6252
    0.7872    0.0931    0.6096
    0.2795    0.8273   -0.4873
...   125 T-A ...
    3.6537  -86.9022  100.6870
   -0.0423    0.4934    0.8688
    0.9619   -0.2151    0.1690
    0.2702    0.8428   -0.4655
...   126 C-G ...
    4.4571  -84.0393   99.2452
    0.5449    0.2420    0.8028
    0.7929   -0.4600   -0.3996
    0.2726    0.8543   -0.4425
...   127 G-C ...
    5.7043  -81.3288   97.6361
    0.8754   -0.1521    0.4588
    0.3367   -0.4891   -0.8046
    0.3468    0.8588   -0.3770
...   128 A-T ...
    6.8322  -78.4462   96.4814
    0.8905   -0.4402   -0.1149
   -0.2633   -0.2928   -0.9192
    0.3710    0.8488   -0.3767
...   129 C-G ...
    8.3577  -75.5612   95.7993
    0.5949   -0.5516   -0.5847
   -0.7011   -0.0005   -0.7130
    0.3930    0.8341   -0.3870
...   130 C-G ...
    9.9490  -72.8406   94.5617
    0.0623   -0.5237   -0.8496
   -0.9053    0.3287   -0.2690
    0.4202    0.7859   -0.4536
...   131 A-T ...
   11.0805  -70.1103   92.9611
   -0.5245   -0.2972   -0.7978
   -0.7533    0.5986    0.2723
    0.3967    0.7439   -0.5379
...   132 A-T ...
   12.4772  -67.8534   91.0828
   -0.8664    0.1154   -0.4859
   -0.2977    0.6618    0.6880
    0.4009    0.7407   -0.5391
...   133 A-T ...
   13.7577  -65.5881   89.1269
   -0.8694    0.4941    0.0079
    0.2735    0.4677    0.8405
    0.4116    0.7329   -0.5417
...   134 T-A ...
   14.7385  -63.4258   86.8200
   -0.5923    0.6747    0.4404
    0.6886    0.1401    0.7115
    0.4183    0.7247   -0.5475
...   135 G-C ...
   15.7318  -61.4927   83.9331
    0.0341    0.7400    0.6717
    0.8636   -0.3601    0.3528
    0.5030    0.5681   -0.6514
...   136 T-A ...
   15.7849  -59.5603   80.7993
    0.5517    0.4998    0.6677
    0.6739   -0.7388   -0.0038
    0.4915    0.4520   -0.7444
...   137 G-C ...
   16.8386  -57.7218   78.2676
    0.8528   -0.0848    0.5153
    0.1507   -0.9048   -0.3983
    0.5000    0.4173   -0.7588
...   138 A-T ...
   18.4283  -55.5286   76.5300
    0.8547   -0.5006    0.1371
   -0.3188   -0.7148   -0.6224
    0.4096    0.4883   -0.7706
...   139 G-C ...
   20.4260  -54.3092   74.5421
    0.5847   -0.7389   -0.3347
   -0.7593   -0.3533   -0.5465
    0.2856    0.5737   -0.7676
...   140 C-G ...
   21.4270  -51.8265   72.7877
    0.1304   -0.7144   -0.6875
   -0.8897    0.2216   -0.3991
    0.4375    0.6637   -0.6067
...   141 G-C ...
   22.1522  -50.1494   67.4641
   -0.4682   -0.8748    0.1248
   -0.8494    0.4066   -0.3364
    0.2435   -0.2635   -0.9334
...   142 C-G ...
   22.3489  -51.2413   64.4934
   -0.8528   -0.5119   -0.1032
   -0.4975    0.8565   -0.1374
    0.1587   -0.0659   -0.9851
...   143 T-A ...
   24.0167  -51.6377   61.9249
   -0.9562    0.0401   -0.2898
    0.0524    0.9980   -0.0348
    0.2878   -0.0485   -0.9564
...   144 C-G ...
   24.8959  -52.7394   58.9874
   -0.7529    0.5560   -0.3520
    0.5214    0.8304    0.1965
    0.4016   -0.0356   -0.9151
...   145 A-T ...
   25.5276  -52.9802   55.8054
   -0.2442    0.9563   -0.1610
    0.8906    0.2869    0.3528
    0.3836   -0.0573   -0.9217
...   146 C-G ...
   25.2779  -52.5122   52.0797
    0.3204    0.9427   -0.0929
    0.8825   -0.2614    0.3909
    0.3443   -0.2072   -0.9157
...   147 A-T ...
   25.6239  -52.5939   48.6396
    0.8597    0.5097    0.0339
    0.4496   -0.7865    0.4233
    0.2424   -0.3487   -0.9053
