  147 base-pairs
...     1 T-A ...
    0.0000    0.0000    0.0000
    1.0000    0.0000    0.0000
    0.0000    1.0000    0.0000
    0.0000    0.0000    1.0000
...     2 G-C ...
   -0.5555   -1.1003    3.3981
    0.7749    0.6051    0.1828
   -0.5991    0.7953   -0.0929
   -0.2016   -0.0375    0.9787
...     3 T-A ...
   -0.6619   -3.0237    6.5348
    0.3046    0.9250    0.2271
   -0.8994    0.3578   -0.2510
   -0.3134   -0.1278    0.9410
...     4 G-C ...
   -1.1607   -3.8418    9.6940
   -0.3351    0.9421    0.0133
   -0.8752   -0.3061   -0.3746
   -0.3489   -0.1372    0.9271
...     5 A-T ...
   -1.3881   -3.6770   12.8999
   -0.7835    0.6162   -0.0801
   -0.5677   -0.7622   -0.3109
   -0.2527   -0.1981    0.9470
...     6 G-C ...
   -2.6236   -3.5448   15.7072
   -0.9923    0.0611   -0.1075
   -0.0294   -0.9610   -0.2748
   -0.1201   -0.2695    0.9555
...     7 C-G ...
   -2.3138   -3.7570   18.8866
   -0.8620   -0.4995   -0.0864
    0.5008   -0.8655    0.0073
   -0.0785   -0.0370    0.9962
...     8 G-C ...
   -3.9561   -6.8109   23.3205
   -0.2581   -0.3560   -0.8981
    0.6294   -0.7673    0.1233
   -0.7330   -0.5335    0.4221
...     9 C-G ...
   -6.1177   -8.9414   24.2385
    0.1143   -0.7320   -0.6716
    0.8123   -0.3203    0.4874
   -0.5720   -0.6013    0.5580
...    10 T-A ...
   -8.5041   -9.6771   26.0540
    0.4660   -0.8587   -0.2131
    0.6274    0.1508    0.7640
   -0.6239   -0.4897    0.6090
...    11 C-G ...
  -11.0625  -11.3174   27.2336
    0.6660   -0.6911    0.2808
    0.3382    0.6152    0.7121
   -0.6649   -0.3794    0.6435
...    12 A-T ...
  -13.0013  -13.1789   29.0658
    0.7188   -0.1490    0.6790
   -0.1787    0.9043    0.3876
   -0.6718   -0.4000    0.6235
...    13 C-G ...
  -14.1788  -15.9359   31.3399
    0.4052    0.2865    0.8682
   -0.5270    0.8492   -0.0343
   -0.7470   -0.4437    0.4951
...    14 A-T ...
  -15.9532  -18.1566   33.3080
   -0.1503    0.6873    0.7107
   -0.6106    0.5008   -0.6135
   -0.7776   -0.5261    0.3444
...    15 A-T ...
  -18.4883  -19.7973   34.5106
   -0.4513    0.8714    0.1922
   -0.4116   -0.0122   -0.9113
   -0.7918   -0.4904    0.3642
...    16 T-A ...
  -20.8868  -21.2474   36.4161
   -0.6288    0.7032   -0.3317
   -0.0895   -0.4892   -0.8676
   -0.7724   -0.5159    0.3705
...    17 T-A ...
  -23.4136  -22.6797   37.9514
   -0.5876    0.2525   -0.7687
    0.3046   -0.8111   -0.4993
   -0.7496   -0.5276    0.3997
...    18 T-A ...
  -25.9804  -24.1719   39.3419
   -0.3105   -0.2807   -0.9082
    0.5905   -0.8056    0.0472
   -0.7449   -0.5217    0.4159
...    19 A-T ...
  -28.3669  -26.1267   40.9603
    0.1339   -0.7877   -0.6013
    0.6533   -0.3861    0.6513
   -0.7452   -0.4800    0.4629
...    20 T-A ...
  -31.2552  -27.4607   42.0107
    0.4326   -0.8925   -0.1278
    0.4906    0.1141    0.8639
   -0.7564   -0.4364    0.4872
...    21 T-A ...
  -33.8405  -28.9197   43.3550
    0.6094   -0.6590    0.4408
    0.1313    0.6322    0.7636
   -0.7819   -0.4075    0.4718
...    22 C-G ...
  -36.4383  -30.2295   44.9245
    0.5841   -0.1328    0.8008
   -0.2678    0.8998    0.3445
   -0.7663   -0.4157    0.4900
...    23 G-C ...
  -39.2503  -31.0054   46.6918
    0.4524    0.4574    0.7656
   -0.5575    0.8151   -0.1576
   -0.6961   -0.3555    0.6237
...    24 C-G ...
  -41.2832  -32.4541   48.8287
    0.1331    0.8391    0.5274
   -0.7075    0.4531   -0.5424
   -0.6941   -0.3010    0.6539
...    25 A-T ...
  -43.9491  -33.3051   50.6615
   -0.2490    0.9674    0.0467
   -0.6587   -0.1338   -0.7404
   -0.7100   -0.2151    0.6705
...    26 A-T ...
  -46.2415  -33.8356   52.9522
   -0.5720    0.7126   -0.4062
   -0.4015   -0.6751   -0.6189
   -0.7152   -0.1909    0.6723
...    27 A-T ...
  -48.4539  -34.1713   55.3312
   -0.7052    0.1789   -0.6860
    0.0123   -0.9644   -0.2641
   -0.7089   -0.1947    0.6779
...    28 G-C ...
  -51.0121  -34.3344   57.5630
   -0.5468   -0.3673   -0.7524
    0.3770   -0.9104    0.1704
   -0.7476   -0.1904    0.6363
...    29 G-C ...
  -53.8270  -34.8045   59.5271
   -0.1776   -0.8225   -0.5404
    0.6108   -0.5227    0.5947
   -0.7716   -0.2245    0.5952
...    30 C-G ...
  -56.5937  -35.5195   61.1737
    0.2331   -0.9640   -0.1278
    0.5894    0.0355    0.8070
   -0.7735   -0.2634    0.5765
...    31 C-G ...
  -59.3793  -36.3192   62.9194
    0.5714   -0.7561    0.3192
    0.3450    0.5742    0.7425
   -0.7447   -0.3141    0.5889
...    32 G-C ...
  -61.5754  -37.0368   65.0297
    0.7348   -0.3008    0.6080
   -0.0269    0.8827    0.4691
   -0.6778   -0.3610    0.6405
...    33 G-C ...
  -63.5860  -38.4350   67.3329
    0.6315    0.2786    0.7236
   -0.4516    0.8908    0.0512
   -0.6303   -0.3591    0.6883
...    34 C-G ...
  -65.4114  -39.8526   69.6752
    0.2939    0.7530    0.5888
   -0.7357    0.5714   -0.3635
   -0.6102   -0.3264    0.7219
...    35 C-G ...
  -67.1825  -40.7225   72.4653
   -0.1406    0.9630    0.2299
   -0.7868    0.0323   -0.6163
   -0.6009   -0.2676    0.7532
...    36 C-G ...
  -69.0756  -41.3593   75.2020
   -0.5374    0.8177   -0.2064
   -0.5899   -0.5394   -0.6009
   -0.6027   -0.2011    0.7722
...    37 G-C ...
  -71.3892  -42.7994   77.3131
   -0.7349    0.3725   -0.5667
   -0.1755   -0.9116   -0.3717
   -0.6551   -0.1737    0.7353
...    38 A-T ...
  -73.4225  -43.3144   79.7153
   -0.6916   -0.2444   -0.6797
    0.3048   -0.9519    0.0321
   -0.6548   -0.1850    0.7328
...    39 C-G ...
  -75.8536  -43.5546   81.8168
   -0.3955   -0.7044   -0.5894
    0.6151   -0.6797    0.3996
   -0.6821   -0.2045    0.7021
...    40 A-T ...
  -78.2182  -44.3652   84.0979
    0.1008   -0.9539   -0.2826
    0.7199   -0.1261    0.6825
   -0.6867   -0.2723    0.6740
...    41 C-G ...
  -80.7318  -45.5544   85.9078
    0.4967   -0.8631    0.0915
    0.5475    0.3934    0.7386
   -0.6734   -0.3168    0.6679
...    42 G-C ...
  -82.7028  -46.3617   88.4924
    0.7688   -0.4284    0.4747
    0.1157    0.8234    0.5556
   -0.6289   -0.3722    0.6826
...    43 A-T ...
  -84.7592  -47.5706   90.6081
    0.6866    0.1499    0.7115
   -0.3615    0.9193    0.1552
   -0.6308   -0.3638    0.6854
...    44 C-G ...
  -86.4722  -49.3021   92.8495
    0.4067    0.6407    0.6512
   -0.6905    0.6823   -0.2400
   -0.5981   -0.3521    0.7199
...    45 T-A ...
  -88.0453  -50.7722   95.7540
   -0.0522    0.9314    0.3601
   -0.8042    0.1746   -0.5681
   -0.5920   -0.3193    0.7400
...    46 T-A ...
  -89.7576  -51.8200   98.2800
   -0.4916    0.8708   -0.0025
   -0.6332   -0.3594   -0.6855
   -0.5978   -0.3354    0.7281
...    47 A-T ...
  -91.9555  -53.1525  100.5019
   -0.7889    0.4220   -0.4467
   -0.1561   -0.8407   -0.5185
   -0.5943   -0.3394    0.7291
...    48 C-G ...
  -93.9760  -53.6184  103.1327
   -0.7343   -0.0947   -0.6722
    0.2935   -0.9372   -0.1886
   -0.6121   -0.3358    0.7160
...    49 T-A ...
  -96.3251  -54.4314  105.4457
   -0.4030   -0.5646   -0.7203
    0.6357   -0.7389    0.2234
   -0.6583   -0.3678    0.6567
...    50 G-C ...
  -98.5809  -55.8830  107.5219
    0.1255   -0.8319   -0.5405
    0.7390   -0.2851    0.6104
   -0.6619   -0.4760    0.5790
...    51 T-A ...
 -101.0254  -57.4213  108.9380
    0.5242   -0.8328   -0.1780
    0.5598    0.1795    0.8090
   -0.6418   -0.5237    0.5603
...    52 A-T ...
 -102.9798  -59.2913  110.9299
    0.8146   -0.5029    0.2890
    0.1067    0.6196    0.7777
   -0.5701   -0.6027    0.5583
...    53 G-C ...
 -104.8722  -61.3625  112.5825
    0.8000   -0.0399    0.5987
   -0.3574    0.7697    0.5290
   -0.4819   -0.6372    0.6014
...    54 G-C ...
 -105.9899  -64.1151  114.6160
    0.4834    0.4581    0.7460
   -0.7725    0.6241    0.1173
   -0.4119   -0.6330    0.6555
...    55 T-A ...
 -106.8312  -66.3256  116.9056
   -0.0031    0.7191    0.6949
   -0.9190    0.2719   -0.2854
   -0.3942   -0.6395    0.6600
...    56 A-T ...
 -107.8621  -68.4388  119.3630
   -0.5600    0.7433    0.3660
   -0.7328   -0.2381   -0.6375
   -0.3867   -0.6251    0.6780
...    57 T-A ...
 -108.6344  -70.1948  122.0600
   -0.8796    0.4756   -0.0099
   -0.3121   -0.5926   -0.7426
   -0.3590   -0.6501    0.6697
...    58 C-G ...
 -109.9167  -72.1871  124.4907
   -0.8784   -0.0131   -0.4778
    0.3265   -0.7464   -0.5798
   -0.3490   -0.6653    0.6599
...    59 T-A ...
 -111.4048  -74.2422  126.7182
   -0.5363   -0.3834   -0.7519
    0.7543   -0.6174   -0.2232
   -0.3787   -0.6869    0.6203
...    60 C-G ...
 -112.6960  -76.5215  128.8899
    0.0386   -0.6486   -0.7601
    0.9304   -0.2541    0.2640
   -0.3644   -0.7174    0.5937
...    61 G-C ...
 -113.3372  -79.1075  130.9459
    0.5913   -0.5134   -0.6219
    0.7630    0.1065    0.6375
   -0.2611   -0.8515    0.4547
...    62 A-T ...
 -114.1354  -81.8393  132.6211
    0.9430   -0.2846   -0.1725
    0.2803    0.4000    0.8726
   -0.1793   -0.8712    0.4570
...    63 G-C ...
 -114.5238  -84.8909  133.9031
    0.9586    0.0473    0.2807
   -0.2704    0.4595    0.8460
   -0.0890   -0.8869    0.4533
...    64 C-G ...
 -114.3835  -88.0793  135.1328
    0.6206    0.3416    0.7058
   -0.7833    0.3117    0.5378
   -0.0363   -0.8866    0.4610
...    65 T-A ...
 -114.2987  -91.0037  136.6664
    0.0847    0.4694    0.8789
   -0.9962    0.0228    0.0838
    0.0193   -0.8827    0.4696
...    66 C-G ...
 -114.5757  -93.7780  138.4147
   -0.5476    0.3695    0.7507
   -0.8327   -0.3282   -0.4459
    0.0817   -0.8693    0.4875
...    67 G-C ...
 -115.2352  -97.2037  139.4167
   -0.9395    0.0985    0.3282
   -0.3305   -0.5130   -0.7922
    0.0904   -0.8527    0.5145
...    68 G-C ...
 -114.7989 -100.0367  141.2761
   -0.9575   -0.1870   -0.2196
    0.2812   -0.4348   -0.8555
    0.0645   -0.8809    0.4689
...    69 G-C ...
 -114.6208 -102.9043  143.0101
   -0.6409   -0.3145   -0.7003
    0.7676   -0.2537   -0.5885
    0.0074   -0.9147    0.4040
...    70 A-T ...
 -114.7809 -105.9044  144.5171
   -0.0433   -0.3753   -0.9259
    0.9987    0.0087   -0.0502
    0.0269   -0.9269    0.3745
...    71 T-A ...
 -115.2843 -108.9823  145.5731
    0.4856   -0.2716   -0.8309
    0.8727    0.2049    0.4431
    0.0499   -0.9403    0.3365
...    72 C-G ...
 -115.1791 -112.1672  146.4534
    0.9022   -0.0347   -0.4298
    0.4187    0.3094    0.8538
    0.1034   -0.9503    0.2937
...    73 C-G ...
 -114.8907 -115.3141  147.3308
    0.9596    0.2778    0.0439
   -0.1189    0.2590    0.9585
    0.2549   -0.9250    0.2816
...    74 G-C ...
 -113.8827 -118.2194  148.6984
    0.6792    0.5050    0.5325
   -0.6103   -0.0143    0.7920
    0.4076   -0.8630    0.2985
...    75 C-G ...
 -111.8632 -120.9078  149.6169
    0.1926    0.4055    0.8936
   -0.8700   -0.3507    0.3466
    0.4539   -0.8441    0.2853
...    76 T-A ...
 -109.8183 -123.3986  151.1082
   -0.3413    0.0925    0.9354
   -0.7711   -0.5966   -0.2224
    0.5374   -0.7972    0.2750
...    77 T-A ...
 -107.7765 -125.7746  152.1187
   -0.6843   -0.3729    0.6266
   -0.4003   -0.5262   -0.7503
    0.6095   -0.7642    0.2108
...    78 T-A ...
 -105.5395 -128.0272  153.1000
   -0.7212   -0.6898    0.0644
    0.0698   -0.1649   -0.9838
    0.6893   -0.7050    0.1670
...    79 A-T ...
 -102.7305 -129.9378  152.7768
   -0.4100   -0.7121   -0.5699
    0.4658    0.3737   -0.8021
    0.7842   -0.5944    0.1784
...    80 A-T ...
 -100.2514 -131.8825  153.4779
   -0.0448   -0.3555   -0.9336
    0.5800    0.7516   -0.3140
    0.8134   -0.5556    0.1725
...    81 C-G ...
  -97.8458 -134.1826  154.1244
    0.2616    0.1420   -0.9547
    0.4846    0.8361    0.2572
    0.8347   -0.5299    0.1499
...    82 A-T ...
  -94.9542 -135.8965  154.5222
    0.3932    0.6716   -0.6280
    0.2484    0.5800    0.7758
    0.8853   -0.4610    0.0612
...    83 C-G ...
  -92.0060 -137.3703  154.0299
    0.4175    0.9015   -0.1137
    0.0244    0.1140    0.9932
    0.9083   -0.4174    0.0256
...    84 T-A ...
  -88.6761 -138.5740  153.5839
    0.2564    0.8236    0.5059
   -0.1848   -0.4720    0.8620
    0.9488   -0.3145    0.0312
...    85 T-A ...
  -85.4860 -139.3279  153.4856
    0.1282    0.3593    0.9244
   -0.2779   -0.8817    0.3813
    0.9520   -0.3058   -0.0132
...    86 T-A ...
  -82.2699 -140.0205  153.3725
   -0.0108   -0.2537    0.9672
   -0.3008   -0.9217   -0.2451
    0.9536   -0.2935   -0.0664
...    87 A-T ...
  -78.9858 -141.2272  152.7351
   -0.0909   -0.8838    0.4590
   -0.2410   -0.4277   -0.8712
    0.9663   -0.1898   -0.1741
...    88 T-A ...
  -75.7174 -141.6724  152.8516
   -0.1917   -0.9808   -0.0368
   -0.1738    0.0708   -0.9822
    0.9659   -0.1819   -0.1840
...    89 G-C ...
  -72.5371 -142.4693  152.3938
   -0.3394   -0.7104   -0.6166
    0.0035    0.6545   -0.7560
    0.9406   -0.2588   -0.2197
...    90 C-G ...
  -69.5715 -143.6734  151.6995
   -0.3302   -0.2120   -0.9198
    0.1539    0.9493   -0.2740
    0.9313   -0.2320   -0.2809
...    91 T-A ...
  -66.4325 -144.8379  150.8452
   -0.2465    0.3910   -0.8868
    0.3071    0.8994    0.3112
    0.9192   -0.1956   -0.3417
...    92 T-A ...
  -63.5847 -145.5389  149.5826
   -0.1175    0.8395   -0.5305
    0.4134    0.5270    0.7426
    0.9030   -0.1320   -0.4089
...    93 C-G ...
  -60.7084 -145.7981  147.9958
    0.0428    0.9983    0.0407
    0.4350   -0.0553    0.8987
    0.8994   -0.0208   -0.4366
...    94 C-G ...
  -57.8082 -145.6344  146.4531
    0.1527    0.8084    0.5685
    0.3816   -0.5788    0.7207
    0.9116    0.1069   -0.3969
...    95 G-C ...
  -54.7876 -145.1424  145.7482
    0.2333    0.3612    0.9028
    0.3259   -0.9038    0.2774
    0.9162    0.2295   -0.3286
...    96 G-C ...
  -51.6215 -144.0074  145.1974
    0.3416   -0.2205    0.9136
    0.2022   -0.9321   -0.3006
    0.9178    0.2875   -0.2738
...    97 C-G ...
  -48.5258 -142.6966  144.8610
    0.3795   -0.7209    0.5799
   -0.0019   -0.6274   -0.7787
    0.9252    0.2944   -0.2395
...    98 T-A ...
  -45.4528 -141.6515  144.1444
    0.3335   -0.9421    0.0344
   -0.2004   -0.1065   -0.9739
    0.9212    0.3179   -0.2244
...    99 C-G ...
  -42.4207 -140.6436  143.3077
    0.1523   -0.8264   -0.5421
   -0.3761    0.4588   -0.8050
    0.9140    0.3265   -0.2410
...   100 A-T ...
  -39.6853 -138.7766  142.3408
   -0.1942   -0.4103   -0.8911
   -0.4202    0.8556   -0.3024
    0.8864    0.3157   -0.3385
...   101 T-A ...
  -36.6554 -138.1966  141.2334
   -0.4244    0.0802   -0.9019
   -0.2586    0.9439    0.2055
    0.8678    0.3204   -0.3798
...   102 G-C ...
  -33.6726 -137.0245  139.7936
   -0.5948    0.5963   -0.5391
    0.0565    0.7000    0.7119
    0.8019    0.3929   -0.4500
...   103 T-A ...
  -31.2188 -135.9832  137.7463
   -0.4907    0.8697   -0.0533
    0.3771    0.2671    0.8868
    0.7855    0.4150   -0.4591
...   104 T-A ...
  -28.8865 -134.5523  136.1368
   -0.2333    0.8456    0.4801
    0.6054   -0.2601    0.7522
    0.7610    0.4661   -0.4513
...   105 A-T ...
  -26.1814 -132.9544  134.8194
    0.1810    0.4753    0.8610
    0.6396   -0.7219    0.2640
    0.7471    0.5029   -0.4347
...   106 T-A ...
  -24.2124 -130.7259  133.4157
    0.5014    0.0351    0.8645
    0.4616   -0.8560   -0.2329
    0.7318    0.5158   -0.4454
...   107 A-T ...
  -21.6871 -129.1127  131.6498
    0.7321   -0.5207    0.4392
   -0.0067   -0.6502   -0.7598
    0.6811    0.5533   -0.4795
...   108 A-T ...
  -19.4939 -127.1702  130.2627
    0.6130   -0.7794   -0.1297
   -0.4588   -0.2175   -0.8615
    0.6432    0.5876   -0.4909
...   109 C-G ...
  -16.9756 -125.0646  129.1615
    0.2580   -0.7468   -0.6129
   -0.7406    0.2545   -0.6219
    0.6204    0.6144   -0.4874
...   110 G-C ...
  -15.1974 -122.9753  127.3588
   -0.2822   -0.4738   -0.8342
   -0.7503    0.6508   -0.1158
    0.5978    0.5932   -0.5392
...   111 G-C ...
  -13.1878 -121.1548  125.4769
   -0.6990   -0.1027   -0.7078
   -0.4691    0.8129    0.3453
    0.5398    0.5733   -0.6163
...   112 A-T ...
  -11.3208 -119.4295  123.3050
   -0.8590    0.3885   -0.3334
    0.0471    0.7085    0.7041
    0.5097    0.5892   -0.6269
...   113 T-A ...
   -9.9075 -117.8410  120.7866
   -0.7236    0.6812    0.1108
    0.4966    0.4025    0.7690
    0.4793    0.6115   -0.6296
...   114 C-G ...
   -8.5163 -115.5901  118.7837
   -0.2955    0.7574    0.5823
    0.8520   -0.0667    0.5192
    0.4321    0.6496   -0.6256
...   115 G-C ...
   -6.6717 -113.4219  117.0282
    0.2402    0.5180    0.8210
    0.8811   -0.4713    0.0396
    0.4075    0.7138   -0.5696
...   116 T-A ...
   -5.7628 -110.5136  115.5859
    0.6677    0.1463    0.7299
    0.6119   -0.6664   -0.4261
    0.4241    0.7311   -0.5345
...   117 A-T ...
   -4.4298 -107.7331  114.1211
    0.8852   -0.3112    0.3458
    0.0998   -0.5989   -0.7946
    0.4544    0.7379   -0.4991
...   118 T-A ...
   -2.9226 -104.9812  113.1266
    0.8181   -0.5597   -0.1320
   -0.3786   -0.3514   -0.8563
    0.4328    0.7505   -0.4993
...   119 A-T ...
   -1.7570 -102.3410  111.2042
    0.3684   -0.6159   -0.6963
   -0.8380    0.1043   -0.5357
    0.4026    0.7809   -0.4777
...   120 A-T ...
   -0.1714  -99.8745  109.7901
   -0.1902   -0.4483   -0.8734
   -0.8985    0.4379   -0.0290
    0.3955    0.7793   -0.4861
...   121 T-A ...
    1.6419  -97.6648  108.0671
   -0.6386   -0.1439   -0.7559
   -0.6608    0.6059    0.4430
    0.3943    0.7825   -0.4820
...   122 G-C ...
    2.9504  -94.9764  106.3018
   -0.9398    0.1916   -0.2831
   -0.1263    0.5748    0.8085
    0.3176    0.7955   -0.5160
...   123 T-A ...
    3.8288  -92.6004  104.2050
   -0.8737    0.4478    0.1902
    0.3831    0.3922    0.8363
    0.2999    0.8035   -0.5142
...   124 G-C ...
    4.7125  -89.8308  102.4867
   -0.4909    0.5358    0.6870
    0.8386    0.0771    0.5392
    0.2359    0.8408   -0.4872
...   125 T-A ...
    4.9910  -87.1205  100.7704
    0.0195    0.4573    0.8891
    0.9743   -0.2083    0.0857
    0.2244    0.8646   -0.4496
...   126 C-G ...
    5.6590  -84.2987   99.4513
    0.5982    0.2480    0.7620
    0.7736   -0.4267   -0.4685
    0.2090    0.8697   -0.4472
...   127 G-C ...
    6.8321  -81.6683   97.7374
    0.8921   -0.1391    0.4298
    0.3268   -0.4583   -0.8265
    0.3120    0.8778   -0.3634
...   128 A-T ...
    7.7179  -78.8282   96.5972
    0.9097   -0.3884   -0.1471
   -0.2750   -0.2979   -0.9141
    0.3113    0.8720   -0.3778
...   129 C-G ...
    9.0541  -75.8415   96.0819
    0.6037   -0.5240   -0.6008
   -0.7193   -0.0329   -0.6940
    0.3438    0.8511   -0.3967
...   130 C-G ...
   10.7175  -73.1663   94.7665
    0.0809   -0.5419   -0.8365
   -0.9170    0.2885   -0.2755
    0.3907    0.7894   -0.4736
...   131 A-T ...
   11.2396  -70.2007   93.1305
   -0.5166   -0.3156   -0.7959
   -0.7732    0.5712    0.2754
    0.3678    0.7577   -0.5391
...   132 A-T ...
   12.4696  -67.8292   91.2169
   -0.8730    0.0777   -0.4815
   -0.3188    0.6562    0.6839
    0.3691    0.7505   -0.5481
...   133 A-T ...
   13.7434  -65.6286   89.1367
   -0.8726    0.4885   -0.0018
    0.2621    0.4714    0.8421
    0.4122    0.7343   -0.5394
...   134 T-A ...
   14.7384  -63.4258   86.8199
   -0.5923    0.6747    0.4404
    0.6886    0.1401    0.7115
    0.4183    0.7247   -0.5475
...   135 G-C ...
   15.7317  -61.4928   83.9330
    0.0341    0.7400    0.6717
    0.8636   -0.3601    0.3528
    0.5030    0.5681   -0.6514
...   136 T-A ...
   15.7848  -59.5604   80.7992
    0.5517    0.4998    0.6677
    0.6739   -0.7388   -0.0038
    0.4915    0.4520   -0.7444
...   137 G-C ...
   16.8385  -57.7218   78.2676
    0.8528   -0.0848    0.5153
    0.1507   -0.9048   -0.3983
    0.5000    0.4173   -0.7588
...   138 A-T ...
   18.4282  -55.5286   76.5299
    0.8547   -0.5006    0.1371
   -0.3188   -0.7148   -0.6224
    0.4096    0.4883   -0.7706
...   139 G-C ...
   20.4259  -54.3093   74.5420
    0.5847   -0.7389   -0.3347
   -0.7593   -0.3533   -0.5465
    0.2856    0.5737   -0.7676
...   140 C-G ...
   21.4270  -51.8265   72.7876
    0.1304   -0.7144   -0.6875
   -0.8897    0.2216   -0.3991
    0.4375    0.6637   -0.6067
...   141 G-C ...
   22.1521  -50.1494   67.4640
   -0.4682   -0.8748    0.1248
   -0.8494    0.4066   -0.3364
    0.2435   -0.2635   -0.9334
...   142 C-G ...
   22.3489  -51.2413   64.4933
   -0.8528   -0.5119   -0.1032
   -0.4975    0.8565   -0.1374
    0.1587   -0.0659   -0.9851
...   143 T-A ...
   24.0166  -51.6378   61.9248
   -0.9562    0.0401   -0.2898
    0.0524    0.9980   -0.0348
    0.2878   -0.0485   -0.9564
...   144 C-G ...
   24.8958  -52.7395   58.9873
   -0.7529    0.5560   -0.3520
    0.5214    0.8304    0.1965
    0.4016   -0.0356   -0.9151
...   145 A-T ...
   25.5276  -52.9803   55.8053
   -0.2442    0.9563   -0.1610
    0.8906    0.2869    0.3528
    0.3836   -0.0573   -0.9217
...   146 C-G ...
   25.2778  -52.5122   52.0796
    0.3204    0.9427   -0.0929
    0.8825   -0.2614    0.3909
    0.3443   -0.2072   -0.9157
...   147 A-T ...
   25.6239  -52.5939   48.6396
    0.8597    0.5097    0.0339
    0.4496   -0.7865    0.4233
    0.2424   -0.3487   -0.9053
