  147 base-pairs
...     1 T-A ...
    0.0000    0.0000    0.0000
    1.0000    0.0000    0.0000
    0.0000    1.0000    0.0000
    0.0000    0.0000    1.0000
...     2 G-C ...
   -0.5555   -1.1003    3.3981
    0.7749    0.6051    0.1828
   -0.5991    0.7953   -0.0929
   -0.2016   -0.0375    0.9787
...     3 T-A ...
   -0.6619   -3.0237    6.5348
    0.3046    0.9250    0.2271
   -0.8994    0.3578   -0.2510
   -0.3134   -0.1278    0.9410
...     4 G-C ...
   -1.1607   -3.8418    9.6940
   -0.3351    0.9421    0.0133
   -0.8752   -0.3061   -0.3746
   -0.3489   -0.1372    0.9271
...     5 A-T ...
   -1.3881   -3.6770   12.8999
   -0.7835    0.6162   -0.0801
   -0.5677   -0.7622   -0.3109
   -0.2527   -0.1981    0.9470
...     6 G-C ...
   -2.6236   -3.5448   15.7072
   -0.9923    0.0611   -0.1075
   -0.0294   -0.9610   -0.2748
   -0.1201   -0.2695    0.9555
...     7 C-G ...
   -2.3138   -3.7570   18.8866
   -0.8620   -0.4995   -0.0864
    0.5008   -0.8655    0.0073
   -0.0785   -0.0370    0.9962
...     8 G-C ...
   -3.9561   -6.8109   23.3205
   -0.2581   -0.3560   -0.8981
    0.6294   -0.7673    0.1233
   -0.7330   -0.5335    0.4221
...     9 C-G ...
   -6.1177   -8.9414   24.2385
    0.1143   -0.7320   -0.6716
    0.8123   -0.3203    0.4874
   -0.5720   -0.6013    0.5580
...    10 T-A ...
   -8.5041   -9.6771   26.0540
    0.4660   -0.8587   -0.2131
    0.6274    0.1508    0.7640
   -0.6239   -0.4897    0.6090
...    11 C-G ...
  -11.0625  -11.3174   27.2336
    0.6660   -0.6911    0.2808
    0.3382    0.6152    0.7121
   -0.6649   -0.3794    0.6435
...    12 A-T ...
  -13.0013  -13.1789   29.0658
    0.7188   -0.1490    0.6790
   -0.1787    0.9043    0.3876
   -0.6718   -0.4000    0.6235
...    13 C-G ...
  -14.1788  -15.9359   31.3399
    0.4052    0.2865    0.8682
   -0.5270    0.8492   -0.0343
   -0.7470   -0.4437    0.4951
...    14 A-T ...
  -15.9532  -18.1566   33.3080
   -0.1503    0.6873    0.7107
   -0.6106    0.5008   -0.6135
   -0.7776   -0.5261    0.3444
...    15 A-T ...
  -18.3952  -19.8522   34.6130
   -0.4641    0.8624    0.2024
   -0.4100   -0.0066   -0.9120
   -0.7852   -0.5062    0.3567
...    16 T-A ...
  -20.7741  -21.2761   36.3919
   -0.5998    0.7378   -0.3097
   -0.1138   -0.4618   -0.8797
   -0.7920   -0.4923    0.3609
...    17 T-A ...
  -23.3789  -22.6932   37.7368
   -0.5530    0.3153   -0.7712
    0.2566   -0.8162   -0.5176
   -0.7927   -0.4841    0.3705
...    18 T-A ...
  -26.0605  -24.0259   39.0341
   -0.3082   -0.2499   -0.9179
    0.5325   -0.8449    0.0512
   -0.7883   -0.4730    0.3935
...    19 A-T ...
  -28.3687  -25.9938   40.6769
    0.0917   -0.7861   -0.6113
    0.6080   -0.4419    0.6596
   -0.7886   -0.4322    0.4374
...    20 T-A ...
  -31.3364  -27.1996   41.5717
    0.3816   -0.9113   -0.1547
    0.4706    0.0474    0.8811
   -0.7956   -0.4090    0.4470
...    21 T-A ...
  -34.0640  -28.5194   42.7958
    0.5593   -0.7112    0.4259
    0.1578    0.5958    0.7875
   -0.8138   -0.3732    0.4454
...    22 C-G ...
  -36.7839  -29.7781   44.2227
    0.5507   -0.1823    0.8146
   -0.2159    0.9115    0.3500
   -0.8063   -0.3686    0.4626
...    23 G-C ...
  -39.6660  -30.5552   45.8785
    0.3969    0.4275    0.8123
   -0.5046    0.8408   -0.1960
   -0.7668   -0.3321    0.5494
...    24 C-G ...
  -41.9462  -31.9110   47.9155
    0.0774    0.8444    0.5301
   -0.6434    0.4484   -0.6204
   -0.7616   -0.2931    0.5780
...    25 A-T ...
  -44.6919  -32.7227   49.6958
   -0.2442    0.9697   -0.0054
   -0.5830   -0.1513   -0.7983
   -0.7749   -0.1918    0.6023
...    26 A-T ...
  -47.1193  -33.2003   51.8070
   -0.5353    0.6942   -0.4811
   -0.3299   -0.6962   -0.6375
   -0.7776   -0.1825    0.6017
...    27 A-T ...
  -49.6314  -33.5597   53.8460
   -0.6266    0.1469   -0.7654
    0.0458   -0.9735   -0.2243
   -0.7780   -0.1756    0.6032
...    28 G-C ...
  -52.3532  -33.8317   55.7850
   -0.4506   -0.4111   -0.7925
    0.3707   -0.8937    0.2529
   -0.8121   -0.1798    0.5551
...    29 G-C ...
  -55.3034  -34.2995   57.4223
   -0.1006   -0.8344   -0.5420
    0.5382   -0.5038    0.6757
   -0.8368   -0.2237    0.4997
...    30 C-G ...
  -58.3264  -34.9801   58.7205
    0.2519   -0.9649   -0.0743
    0.4887    0.0605    0.8704
   -0.8353   -0.2556    0.4868
...    31 C-G ...
  -61.2196  -36.0131   60.1695
    0.5423   -0.7356    0.4060
    0.2376    0.5978    0.7656
   -0.8059   -0.3187    0.4989
...    32 G-C ...
  -63.8502  -36.7710   62.2047
    0.6476   -0.2081    0.7330
   -0.1471    0.9098    0.3882
   -0.7476   -0.3592    0.5586
...    33 G-C ...
  -66.2590  -38.1756   64.1295
    0.5004    0.3776    0.7791
   -0.5031    0.8591   -0.0933
   -0.7046   -0.3453    0.6199
...    34 C-G ...
  -68.3086  -39.5771   66.3770
    0.1520    0.8128    0.5624
   -0.7054    0.4878   -0.5143
   -0.6923   -0.3185    0.6475
...    35 C-G ...
  -70.4724  -40.5445   68.8055
   -0.2260    0.9670    0.1177
   -0.6834   -0.0713   -0.7266
   -0.6942   -0.2446    0.6769
...    36 C-G ...
  -72.7288  -41.1062   71.2847
   -0.5217    0.7692   -0.3690
   -0.4503   -0.6156   -0.6468
   -0.7246   -0.1713    0.6675
...    37 G-C ...
  -75.3923  -41.8923   73.2546
   -0.6100    0.2759   -0.7428
   -0.0801   -0.9541   -0.2885
   -0.7883   -0.1165    0.6041
...    38 A-T ...
  -78.0253  -42.1808   75.2382
   -0.5078   -0.3621   -0.7817
    0.3044   -0.9242    0.2304
   -0.8059   -0.1209    0.5796
...    39 C-G ...
  -80.9557  -42.0697   76.8394
   -0.2351   -0.8050   -0.5447
    0.5239   -0.5770    0.6266
   -0.8187   -0.1380    0.5574
...    40 A-T ...
  -83.5779  -42.6742   78.8687
    0.2010   -0.9732   -0.1122
    0.5367    0.0136    0.8437
   -0.8195   -0.2298    0.5250
...    41 C-G ...
  -86.5536  -43.6166   80.0427
    0.4853   -0.8001    0.3525
    0.3273    0.5401    0.7754
   -0.8108   -0.2609    0.5240
...    42 G-C ...
  -89.1098  -44.3093   82.1892
    0.6615   -0.3008    0.6870
   -0.0545    0.8943    0.4441
   -0.7480   -0.3312    0.5752
...    43 A-T ...
  -91.5238  -45.4804   84.1289
    0.5028    0.3203    0.8029
   -0.4624    0.8844   -0.0632
   -0.7303   -0.3394    0.5928
...    44 C-G ...
  -93.5270  -47.0540   86.3031
    0.1749    0.7591    0.6270
   -0.6734    0.5568   -0.4863
   -0.7183   -0.3371    0.6086
...    45 T-A ...
  -95.7114  -48.1471   88.6003
   -0.2089    0.9524    0.2220
   -0.6717    0.0253   -0.7404
   -0.7108   -0.3038    0.6344
...    46 T-A ...
  -97.8569  -49.1134   90.8663
   -0.5943    0.7650   -0.2482
   -0.4020   -0.5498   -0.7322
   -0.6966   -0.3353    0.6343
...    47 A-T ...
 -100.2627  -50.7221   92.7156
   -0.7326    0.1838   -0.6554
    0.1181   -0.9140   -0.3882
   -0.6704   -0.3618    0.6478
...    48 C-G ...
 -102.6749  -51.3177   94.9654
   -0.5316   -0.3416   -0.7751
    0.5025   -0.8638    0.0361
   -0.6819   -0.3702    0.6309
...    49 T-A ...
 -105.1778  -52.3762   96.9254
   -0.1171   -0.7399   -0.6624
    0.7067   -0.5307    0.4679
   -0.6977   -0.4134    0.5851
...    50 G-C ...
 -107.3552  -53.9673   98.9488
    0.4001   -0.8595   -0.3182
    0.6228    0.0003    0.7824
   -0.6724   -0.5112    0.5354
...    51 T-A ...
 -109.8175  -55.8314  100.1598
    0.7044   -0.6973    0.1330
    0.3002    0.4624    0.8343
   -0.6432   -0.5477    0.5350
...    52 A-T ...
 -111.8915  -57.5319  102.2269
    0.7696   -0.2158    0.6010
   -0.2326    0.7818    0.5785
   -0.5947   -0.5850    0.5515
...    53 G-C ...
 -113.6596  -59.7191  104.0279
    0.5431    0.2917    0.7874
   -0.6414    0.7493    0.1649
   -0.5419   -0.5945    0.5940
...    54 G-C ...
 -115.1741  -61.7602  106.2787
    0.1070    0.7042    0.7018
   -0.8619    0.4176   -0.2876
   -0.4957   -0.5741    0.6517
...    55 T-A ...
 -116.2704  -63.7142  108.7843
   -0.3889    0.8186    0.4226
   -0.7814   -0.0501   -0.6220
   -0.4880   -0.5721    0.6592
...    56 A-T ...
 -118.3113  -66.0319  110.4163
   -0.8694    0.4889   -0.0719
   -0.2681   -0.5889   -0.7624
   -0.4151   -0.6435    0.6431
...    57 T-A ...
 -119.6144  -67.6619  113.0139
   -0.8898    0.0789   -0.4494
    0.2442   -0.7496   -0.6152
   -0.3854   -0.6572    0.6477
...    58 C-G ...
 -120.8779  -69.7805  115.2473
   -0.5401   -0.3947   -0.7433
    0.7522   -0.6225   -0.2160
   -0.3774   -0.6758    0.6331
...    59 T-A ...
 -122.4036  -71.9347  117.3141
   -0.0033   -0.6302   -0.7764
    0.9279   -0.2915    0.2327
   -0.3729   -0.7197    0.5857
...    60 C-G ...
 -123.6854  -74.2838  119.2506
    0.5823   -0.6346   -0.5081
    0.7409    0.1568    0.6531
   -0.3348   -0.7567    0.5615
...    61 G-C ...
 -124.5055  -76.8165  121.3715
    0.9435   -0.3067   -0.1259
    0.2645    0.4676    0.8435
   -0.1998   -0.8291    0.5222
...    62 A-T ...
 -125.0230  -79.5982  123.0437
    0.9220    0.0883    0.3769
   -0.3636    0.5315    0.7651
   -0.1327   -0.8425    0.5221
...    63 G-C ...
 -125.1483  -82.5057  124.6676
    0.5728    0.4283    0.6989
   -0.8179    0.3552    0.4527
   -0.0543   -0.8309    0.5538
...    64 C-G ...
 -124.7871  -85.2241  126.5984
    0.0043    0.5765    0.8171
   -1.0000    0.0081   -0.0004
   -0.0069   -0.8171    0.5765
...    65 T-A ...
 -124.5193  -87.7992  128.7333
   -0.5647    0.4927    0.6621
   -0.8250   -0.3576   -0.4376
    0.0212   -0.7933    0.6084
...    66 T-A ...
 -124.1838  -90.2679  130.8642
   -0.9481    0.1108    0.2980
   -0.3059   -0.5742   -0.7594
    0.0870   -0.8112    0.5783
...    67 C-G ...
 -123.8538  -92.9115  132.8733
   -0.9273   -0.2915   -0.2347
    0.3572   -0.5026   -0.7872
    0.1115   -0.8139    0.5702
...    68 A-T ...
 -123.1331  -95.7420  134.5342
   -0.5121   -0.4969   -0.7006
    0.8526   -0.1953   -0.4846
    0.1040   -0.8456    0.5237
...    69 T-A ...
 -123.4072  -98.4277  136.4478
    0.0145   -0.5251   -0.8509
    0.9921    0.1137   -0.0533
    0.1248   -0.8434    0.5226
...    70 G-C ...
 -122.7440 -101.2512  138.1700
    0.5723   -0.2453   -0.7825
    0.7951    0.3996    0.4563
    0.2007   -0.8833    0.4237
...    71 T-A ...
 -122.3978 -104.3923  139.0875
    0.8933    0.0697   -0.4440
    0.3642    0.4668    0.8059
    0.2635   -0.8816    0.3917
...    72 T-A ...
 -121.4734 -107.2842  140.1885
    0.9218    0.3794    0.0796
   -0.2122    0.3220    0.9227
    0.3244   -0.8674    0.3773
...    73 A-T ...
 -120.2039 -110.0445  141.6355
    0.5638    0.5795    0.5885
   -0.7059   -0.0317    0.7076
    0.4287   -0.8144    0.3912
...    74 T-A ...
 -118.2225 -112.5097  142.5642
    0.1103    0.4764    0.8723
   -0.8868   -0.3491    0.3028
    0.4487   -0.8070    0.3839
...    75 A-T ...
 -117.2681 -115.5811  143.8561
   -0.4879    0.0343    0.8722
   -0.7151   -0.5888   -0.3769
    0.5006   -0.8076    0.3118
...    76 A-T ...
 -115.4024 -118.0107  145.0306
   -0.7778   -0.4001    0.4848
   -0.2764   -0.4750   -0.8355
    0.5645   -0.7838    0.2589
...    77 C-G ...
 -113.4593 -120.3842  146.4856
   -0.7858   -0.6159   -0.0565
    0.1975   -0.1632   -0.9666
    0.5861   -0.7707    0.2499
...    78 G-C ...
 -111.1084 -122.8072  146.8643
   -0.5452   -0.5459   -0.6362
    0.6015    0.2738   -0.7505
    0.5839   -0.7918    0.1791
...    79 G-C ...
 -109.1430 -125.4377  147.7605
   -0.1585   -0.2273   -0.9608
    0.7787    0.5695   -0.2632
    0.6070   -0.7899    0.0868
...    80 A-T ...
 -107.1715 -128.0213  148.1741
    0.2905    0.2099   -0.9336
    0.7046    0.6132    0.3571
    0.6474   -0.7615    0.0302
...    81 C-G ...
 -105.4335 -130.7703  147.8786
    0.5659    0.5587   -0.6063
    0.4505    0.4064    0.7949
    0.6905   -0.7230   -0.0217
...    82 G-C ...
 -102.8223 -132.9081  147.8969
    0.5781    0.8139   -0.0588
    0.1110   -0.0070    0.9938
    0.8084   -0.5810   -0.0943
...    83 G-C ...
  -99.8421 -134.3725  147.2767
    0.4428    0.7420    0.5033
   -0.1571   -0.4884    0.8583
    0.8828   -0.4591   -0.0997
...    84 G-C ...
  -96.5781 -135.2926  147.0193
    0.2030    0.3831    0.9011
   -0.2955   -0.8534    0.4293
    0.9335   -0.3535   -0.0601
...    85 A-T ...
  -93.4021 -136.2626  147.0190
   -0.0190   -0.2204    0.9752
   -0.3113   -0.9256   -0.2153
    0.9501   -0.3077   -0.0510
...    86 T-A ...
  -90.0908 -136.6354  147.1554
   -0.1385   -0.6916    0.7089
   -0.2498   -0.6683   -0.7007
    0.9583   -0.2742   -0.0802
...    87 C-G ...
  -86.8765 -137.4847  147.0041
   -0.2312   -0.9660    0.1156
   -0.1143   -0.0910   -0.9893
    0.9662   -0.2419   -0.0894
...    88 C-G ...
  -83.5607 -138.2520  146.9328
   -0.2890   -0.8337   -0.4706
    0.0223    0.4855   -0.8739
    0.9571   -0.2630   -0.1217
...    89 G-C ...
  -80.2432 -138.5607  146.2826
   -0.3058   -0.3682   -0.8780
    0.1389    0.8951   -0.4237
    0.9419   -0.2515   -0.2226
...    90 C-G ...
  -77.1738 -139.7323  145.7422
   -0.2367    0.2052   -0.9497
    0.2568    0.9559    0.1425
    0.9370   -0.2102   -0.2790
...    91 T-A ...
  -74.1908 -140.5808  144.5916
   -0.1621    0.7006   -0.6949
    0.3444    0.7001    0.6256
    0.9247   -0.1379   -0.3547
...    92 T-A ...
  -71.2847 -141.0139  143.2674
   -0.0064    0.9805   -0.1965
    0.3867    0.1837    0.9037
    0.9222   -0.0702   -0.3803
...    93 T-A ...
  -68.3831 -141.0883  141.8614
    0.1567    0.9159    0.3697
    0.3490   -0.4015    0.8468
    0.9239   -0.0036   -0.3825
...    94 A-T ...
  -65.2557 -140.7721  140.7084
    0.2337    0.5039    0.8315
    0.2579   -0.8567    0.4467
    0.9375    0.1100   -0.3301
...    95 A-T ...
  -62.2567 -140.0926  139.6477
    0.3542   -0.0881    0.9310
    0.0980   -0.9866   -0.1306
    0.9300    0.1375   -0.3408
...    96 C-G ...
  -59.1751 -139.0068  138.8457
    0.3556   -0.6076    0.7102
   -0.0842   -0.7776   -0.6231
    0.9308    0.1618   -0.3277
...    97 A-T ...
  -56.1392 -138.6596  137.5162
    0.2092   -0.9580    0.1961
   -0.2636   -0.2484   -0.9321
    0.9417    0.1433   -0.3045
...    98 C-G ...
  -52.8345 -138.1406  137.1108
    0.0404   -0.9367   -0.3477
   -0.3434    0.3138   -0.8852
    0.9383    0.1552   -0.3090
...    99 T-A ...
  -49.6186 -137.7854  136.2760
   -0.1870   -0.6142   -0.7667
   -0.3235    0.7754   -0.5423
    0.9276    0.1466   -0.3437
...   100 T-A ...
  -46.5339 -137.4707  135.2975
   -0.3402   -0.0444   -0.9393
   -0.1780    0.9839    0.0180
    0.9234    0.1734   -0.3426
...   101 T-A ...
  -43.5329 -137.0799  134.1427
   -0.4098    0.5253   -0.7457
    0.0391    0.8269    0.5610
    0.9113    0.2008   -0.3594
...   102 A-T ...
  -40.5772 -136.2426  132.8266
   -0.4288    0.8739   -0.2290
    0.2965    0.3756    0.8781
    0.8533    0.3087   -0.4201
...   103 T-A ...
  -38.1408 -135.2644  130.8773
   -0.2483    0.9327    0.2617
    0.4832   -0.1149    0.8679
    0.8395    0.3420   -0.4222
...   104 G-C ...
  -35.3366 -133.8065  129.7326
   -0.0238    0.6500    0.7595
    0.5896   -0.6045    0.5358
    0.8074    0.4606   -0.3688
...   105 C-G ...
  -32.9406 -131.7863  128.5841
    0.2764    0.1842    0.9432
    0.5379   -0.8430    0.0070
    0.7964    0.5054   -0.3321
...   106 T-A ...
  -30.4162 -129.7747  127.7210
    0.4978   -0.3271    0.8032
    0.3343   -0.7822   -0.5258
    0.8003    0.5302   -0.2800
...   107 T-A ...
  -27.9182 -127.7972  126.9966
    0.6361   -0.7023    0.3196
   -0.0305   -0.4368   -0.8991
    0.7710    0.5621   -0.2992
...   108 C-G ...
  -25.3478 -125.9023  126.1120
    0.4860   -0.8215   -0.2984
   -0.4161    0.0828   -0.9055
    0.7686    0.5642   -0.3016
...   109 C-G ...
  -22.6252 -124.0466  125.3016
    0.1177   -0.6648   -0.7377
   -0.6192    0.5316   -0.5779
    0.7763    0.5248   -0.3490
...   110 G-C ...
  -20.3400 -121.9179  123.9969
   -0.3399   -0.2892   -0.8949
   -0.5810    0.8128   -0.0419
    0.7395    0.5057   -0.4443
...   111 G-C ...
  -17.7568 -120.3993  122.4494
   -0.6733    0.1618   -0.7214
   -0.2940    0.8367    0.4621
    0.6784    0.5232   -0.5158
...   112 C-G ...
  -15.5396 -118.9868  120.4316
   -0.7646    0.5626   -0.3145
    0.1304    0.6129    0.7793
    0.6312    0.5548   -0.5420
...   113 T-A ...
  -13.7151 -117.1549  118.3559
   -0.6249    0.7557    0.1960
    0.5381    0.2351    0.8094
    0.5656    0.6113   -0.5536
...   114 C-G ...
  -12.0283 -115.0109  116.5352
   -0.2086    0.7201    0.6618
    0.8193   -0.2408    0.5203
    0.5341    0.6508   -0.5397
...   115 G-C ...
   -9.9981 -112.7375  115.0847
    0.2397    0.3834    0.8919
    0.8261   -0.5631    0.0201
    0.5100    0.7320   -0.4517
...   116 T-A ...
   -8.7794 -109.8971  113.8262
    0.6354    0.0065    0.7721
    0.5753   -0.6710   -0.4678
    0.5150    0.7415   -0.4301
...   117 A-T ...
   -6.9499 -107.6127  112.1221
    0.8647   -0.4140    0.2843
    0.0338   -0.5169   -0.8554
    0.5011    0.7493   -0.4330
...   118 T-A ...
   -5.2264 -104.8926  111.3405
    0.7633   -0.6116   -0.2079
   -0.4229   -0.2297   -0.8766
    0.4884    0.7571   -0.4340
...   119 A-T ...
   -3.9231 -102.2947  109.5918
    0.3162   -0.6105   -0.7262
   -0.8203    0.2086   -0.5326
    0.4766    0.7640   -0.4348
...   120 A-T ...
   -2.1687  -99.8956  108.2708
   -0.2195   -0.3686   -0.9033
   -0.8550    0.5186   -0.0039
    0.4699    0.7715   -0.4290
...   121 T-A ...
   -0.1424  -97.8043  106.7306
   -0.6312   -0.0526   -0.7738
   -0.6207    0.6325    0.4633
    0.4650    0.7728   -0.4319
...   122 G-C ...
    1.1228  -95.0383  105.3217
   -0.9168    0.2484   -0.3126
   -0.1238    0.5675    0.8140
    0.3796    0.7850   -0.4896
...   123 T-A ...
    2.1764  -92.7404  103.1740
   -0.8534    0.4864    0.1874
    0.3884    0.3537    0.8509
    0.3476    0.7990   -0.4907
...   124 G-C ...
    3.2636  -89.8778  101.8099
   -0.4938    0.5263    0.6922
    0.8255    0.0333    0.5635
    0.2735    0.8496   -0.4509
...   125 T-A ...
    3.5301  -86.9784  100.1867
    0.0196    0.4406    0.8975
    0.9637   -0.2474    0.1004
    0.2663    0.8629   -0.4295
...   126 C-G ...
    4.3166  -84.0577   98.8693
    0.5900    0.1839    0.7862
    0.7605   -0.4535   -0.4647
    0.2711    0.8721   -0.4074
...   127 G-C ...
    5.5284  -81.2983   97.3471
    0.8895   -0.1949    0.4132
    0.2912   -0.4549   -0.8416
    0.3520    0.8689   -0.3479
...   128 A-T ...
    6.6659  -78.3901   96.2955
    0.8753   -0.4549   -0.1644
   -0.3005   -0.2452   -0.9217
    0.3790    0.8561   -0.3513
...   129 C-G ...
    8.2361  -75.5241   95.6888
    0.5664   -0.5420   -0.6208
   -0.7192    0.0427   -0.6935
    0.4024    0.8393   -0.3656
...   130 C-G ...
    9.8754  -72.8076   94.5220
    0.0350   -0.5001   -0.8653
   -0.9032    0.3549   -0.2416
    0.4279    0.7899   -0.4392
...   131 A-T ...
   11.0733  -70.0931   92.9614
   -0.5390   -0.2765   -0.7957
   -0.7401    0.6065    0.2905
    0.4022    0.7454   -0.5315
...   132 A-T ...
   12.4814  -67.8438   91.0881
   -0.8692    0.1276   -0.4778
   -0.2854    0.6595    0.6954
    0.4039    0.7408   -0.5368
...   133 A-T ...
   13.7610  -65.5863   89.1268
   -0.8675    0.4973    0.0125
    0.2783    0.4644    0.8407
    0.4123    0.7328   -0.5413
...   134 T-A ...
   14.7384  -63.4258   86.8199
   -0.5923    0.6747    0.4404
    0.6886    0.1401    0.7115
    0.4183    0.7247   -0.5475
...   135 G-C ...
   15.7317  -61.4928   83.9330
    0.0341    0.7400    0.6717
    0.8636   -0.3601    0.3528
    0.5030    0.5681   -0.6514
...   136 T-A ...
   15.7848  -59.5604   80.7992
    0.5517    0.4998    0.6677
    0.6739   -0.7388   -0.0038
    0.4915    0.4520   -0.7444
...   137 G-C ...
   16.8385  -57.7218   78.2675
    0.8528   -0.0848    0.5153
    0.1507   -0.9048   -0.3983
    0.5000    0.4173   -0.7588
...   138 A-T ...
   18.4282  -55.5286   76.5298
    0.8547   -0.5006    0.1371
   -0.3188   -0.7148   -0.6224
    0.4096    0.4883   -0.7706
...   139 G-C ...
   20.4259  -54.3093   74.5419
    0.5847   -0.7389   -0.3347
   -0.7593   -0.3533   -0.5465
    0.2856    0.5737   -0.7676
...   140 C-G ...
   21.4269  -51.8265   72.7875
    0.1304   -0.7144   -0.6875
   -0.8897    0.2216   -0.3991
    0.4375    0.6637   -0.6067
...   141 G-C ...
   22.1521  -50.1494   67.4639
   -0.4682   -0.8748    0.1248
   -0.8494    0.4066   -0.3364
    0.2435   -0.2635   -0.9334
...   142 C-G ...
   22.3488  -51.2413   64.4933
   -0.8528   -0.5119   -0.1032
   -0.4975    0.8565   -0.1374
    0.1587   -0.0659   -0.9851
...   143 T-A ...
   24.0166  -51.6378   61.9247
   -0.9562    0.0401   -0.2898
    0.0524    0.9980   -0.0348
    0.2878   -0.0485   -0.9564
...   144 C-G ...
   24.8958  -52.7395   58.9872
   -0.7529    0.5560   -0.3520
    0.5214    0.8304    0.1965
    0.4016   -0.0356   -0.9151
...   145 A-T ...
   25.5275  -52.9803   55.8052
   -0.2442    0.9563   -0.1610
    0.8906    0.2869    0.3528
    0.3836   -0.0573   -0.9217
...   146 C-G ...
   25.2778  -52.5122   52.0795
    0.3204    0.9427   -0.0929
    0.8825   -0.2614    0.3909
    0.3443   -0.2072   -0.9157
...   147 A-T ...
   25.6238  -52.5939   48.6395
    0.8597    0.5097    0.0339
    0.4496   -0.7865    0.4233
    0.2424   -0.3487   -0.9053
