  147 base-pairs
...     1 T-A ...
    0.0000    0.0000    0.0000
    1.0000    0.0000    0.0000
    0.0000    1.0000    0.0000
    0.0000    0.0000    1.0000
...     2 G-C ...
   -0.5555   -1.1003    3.3981
    0.7749    0.6051    0.1828
   -0.5991    0.7953   -0.0929
   -0.2016   -0.0375    0.9787
...     3 T-A ...
   -0.6619   -3.0237    6.5348
    0.3046    0.9250    0.2271
   -0.8994    0.3578   -0.2510
   -0.3134   -0.1278    0.9410
...     4 G-C ...
   -1.1607   -3.8418    9.6940
   -0.3351    0.9421    0.0133
   -0.8752   -0.3061   -0.3746
   -0.3489   -0.1372    0.9271
...     5 A-T ...
   -1.3881   -3.6770   12.8999
   -0.7835    0.6162   -0.0801
   -0.5677   -0.7622   -0.3109
   -0.2527   -0.1981    0.9470
...     6 G-C ...
   -2.6236   -3.5448   15.7072
   -0.9923    0.0611   -0.1075
   -0.0294   -0.9610   -0.2748
   -0.1201   -0.2695    0.9555
...     7 C-G ...
   -2.3138   -3.7570   18.8866
   -0.8620   -0.4995   -0.0864
    0.5008   -0.8655    0.0073
   -0.0785   -0.0370    0.9962
...     8 G-C ...
   -3.9561   -6.8109   23.3205
   -0.2581   -0.3560   -0.8981
    0.6294   -0.7673    0.1233
   -0.7330   -0.5335    0.4221
...     9 C-G ...
   -6.1177   -8.9414   24.2385
    0.1143   -0.7320   -0.6716
    0.8123   -0.3203    0.4874
   -0.5720   -0.6013    0.5580
...    10 T-A ...
   -8.5041   -9.6771   26.0540
    0.4660   -0.8587   -0.2131
    0.6274    0.1508    0.7640
   -0.6239   -0.4897    0.6090
...    11 C-G ...
  -11.0625  -11.3174   27.2336
    0.6660   -0.6911    0.2808
    0.3382    0.6152    0.7121
   -0.6649   -0.3794    0.6435
...    12 A-T ...
  -13.0013  -13.1789   29.0658
    0.7188   -0.1490    0.6790
   -0.1787    0.9043    0.3876
   -0.6718   -0.4000    0.6235
...    13 C-G ...
  -14.1788  -15.9359   31.3399
    0.4052    0.2865    0.8682
   -0.5270    0.8492   -0.0343
   -0.7470   -0.4437    0.4951
...    14 A-T ...
  -15.9532  -18.1566   33.3080
   -0.1503    0.6873    0.7107
   -0.6106    0.5008   -0.6135
   -0.7776   -0.5261    0.3444
...    15 A-T ...
  -18.5042  -19.7806   34.5002
   -0.4472    0.8744    0.1884
   -0.4112   -0.0139   -0.9115
   -0.7943   -0.4850    0.3657
...    16 T-A ...
  -20.9147  -21.2022   36.4076
   -0.6233    0.7055   -0.3373
   -0.0914   -0.4941   -0.8646
   -0.7767   -0.5080    0.3724
...    17 T-A ...
  -23.4594  -22.6025   37.9441
   -0.5826    0.2524   -0.7726
    0.2982   -0.8179   -0.4920
   -0.7561   -0.5170    0.4013
...    18 T-A ...
  -26.0520  -24.0580   39.3311
   -0.3096   -0.2875   -0.9064
    0.5816   -0.8113    0.0586
   -0.7522   -0.5090    0.4184
...    19 A-T ...
  -28.4829  -25.9578   40.9854
    0.1268   -0.8094   -0.5735
    0.6448   -0.3720    0.6677
   -0.7537   -0.4544    0.4747
...    20 T-A ...
  -31.4029  -27.2040   42.0741
    0.4180   -0.9042   -0.0879
    0.4868    0.1412    0.8620
   -0.7670   -0.4032    0.4992
...    21 T-A ...
  -34.0264  -28.5516   43.4576
    0.5894   -0.6492    0.4808
    0.1345    0.6657    0.7340
   -0.7965   -0.3680    0.4797
...    22 C-G ...
  -36.6870  -29.7135   45.0462
    0.5674   -0.1031    0.8169
   -0.2534    0.9221    0.2924
   -0.7834   -0.3730    0.4971
...    23 G-C ...
  -39.5811  -30.3246   46.7545
    0.4504    0.4879    0.7478
   -0.5306    0.8198   -0.2153
   -0.7181   -0.2998    0.6281
...    24 C-G ...
  -41.7008  -31.5966   48.9214
    0.1472    0.8643    0.4809
   -0.6823    0.4407   -0.5833
   -0.7161   -0.2422    0.6546
...    25 A-T ...
  -44.4327  -32.2634   50.7360
   -0.2181    0.9757   -0.0188
   -0.6461   -0.1588   -0.7466
   -0.7314   -0.1507    0.6650
...    26 A-T ...
  -46.8002  -32.5745   52.9902
   -0.5363    0.7036   -0.4663
   -0.4103   -0.7001   -0.5844
   -0.7376   -0.1221    0.6641
...    27 A-T ...
  -49.0856  -32.6732   55.3218
   -0.6792    0.1578   -0.7168
   -0.0175   -0.9798   -0.1991
   -0.7337   -0.1227    0.6683
...    28 G-C ...
  -51.7124  -32.5853   57.4820
   -0.5391   -0.3976   -0.7425
    0.3364   -0.9098    0.2430
   -0.7722   -0.1187    0.6242
...    29 G-C ...
  -54.6070  -32.8134   59.3783
   -0.1939   -0.8521   -0.4862
    0.5716   -0.5009    0.6499
   -0.7973   -0.1518    0.5842
...    30 C-G ...
  -57.4489  -33.3085   60.9828
    0.1981   -0.9790   -0.0478
    0.5646    0.0741    0.8220
   -0.8013   -0.1898    0.5674
...    31 C-G ...
  -60.3225  -33.8627   62.6900
    0.5287   -0.7499    0.3978
    0.3428    0.6173    0.7081
   -0.7765   -0.2380    0.5834
...    32 G-C ...
  -62.6300  -34.3034   64.7686
    0.6985   -0.2772    0.6597
   -0.0077    0.9190    0.3942
   -0.7155   -0.2805    0.6398
...    33 G-C ...
  -64.7977  -35.4127   67.0880
    0.6132    0.3156    0.7241
   -0.4158    0.9084   -0.0439
   -0.6717   -0.2742    0.6883
...    34 C-G ...
  -66.7870  -36.5489   69.4520
    0.2990    0.7905    0.5345
   -0.6958    0.5639   -0.4449
   -0.6531   -0.2389    0.7186
...    35 C-G ...
  -68.7190  -37.0961   72.2184
   -0.1128    0.9840    0.1377
   -0.7566    0.0048   -0.6539
   -0.6441   -0.1779    0.7439
...    36 C-G ...
  -70.7611  -37.4162   74.9080
   -0.4964    0.8128   -0.3050
   -0.5811   -0.5721   -0.5788
   -0.6449   -0.1100    0.7563
...    37 G-C ...
  -73.2254  -38.5885   77.0223
   -0.6936    0.3413   -0.6343
   -0.1898   -0.9361   -0.2962
   -0.6949   -0.0851    0.7141
...    38 A-T ...
  -75.3905  -38.8162   79.3566
   -0.6663   -0.2858   -0.6888
    0.2699   -0.9534    0.1345
   -0.6952   -0.0963    0.7124
...    39 C-G ...
  -77.9257  -38.7863   81.3467
   -0.3895   -0.7450   -0.5415
    0.5718   -0.6565    0.4919
   -0.7220   -0.1180    0.6818
...    40 A-T ...
  -80.4279  -39.3115   83.5719
    0.0847   -0.9789   -0.1861
    0.6805   -0.0796    0.7284
   -0.7278   -0.1884    0.6594
...    41 C-G ...
  -83.0666  -40.2525   85.3518
    0.4656   -0.8622    0.1997
    0.5203    0.4492    0.7263
   -0.7158   -0.2343    0.6578
...    42 G-C ...
  -85.1916  -40.7599   87.8958
    0.7305   -0.3967    0.5559
    0.1074    0.8706    0.4800
   -0.6745   -0.2909    0.6786
...    43 A-T ...
  -87.3879  -41.7172   90.0050
    0.6494    0.2052    0.7323
   -0.3473    0.9366    0.0455
   -0.6765   -0.2839    0.6795
...    44 C-G ...
  -89.2674  -43.1842   92.3036
    0.3821    0.6941    0.6100
   -0.6606    0.6668   -0.3450
   -0.6463   -0.2711    0.7133
...    45 T-A ...
  -91.0389  -44.3480   95.2367
   -0.0573    0.9621    0.2667
   -0.7658    0.1290   -0.6300
   -0.6405   -0.2403    0.7294
...    46 T-A ...
  -92.9204  -45.1340   97.7407
   -0.4820    0.8685   -0.1152
   -0.5924   -0.4199   -0.6875
   -0.6455   -0.2632    0.7170
...    47 A-T ...
  -95.2767  -46.2958   99.9174
   -0.7648    0.3656   -0.5305
   -0.1174   -0.8887   -0.4433
   -0.6335   -0.2768    0.7226
...    48 C-G ...
  -97.4390  -46.5418  102.4674
   -0.6918   -0.1716   -0.7014
    0.3159   -0.9454   -0.0804
   -0.6493   -0.2772    0.7083
...    49 T-A ...
  -99.9093  -47.1903  104.7107
   -0.3495   -0.6396   -0.6846
    0.6345   -0.6993    0.3294
   -0.6894   -0.3193    0.6502
...    50 G-C ...
 -102.2656  -48.4907  106.7844
    0.1766   -0.8738   -0.4531
    0.7065   -0.2080    0.6764
   -0.6853   -0.4396    0.5806
...    51 T-A ...
 -104.7606  -49.9551  108.1927
    0.5555   -0.8284   -0.0720
    0.5047    0.2671    0.8209
   -0.6608   -0.4924    0.5665
...    52 A-T ...
 -106.7797  -51.7388  110.2065
    0.8148   -0.4451    0.3716
    0.0413    0.6838    0.7285
   -0.5783   -0.5782    0.5755
...    53 G-C ...
 -108.6846  -53.7417  111.9290
    0.7657    0.0448    0.6416
   -0.4192    0.7913    0.4450
   -0.4878   -0.6098    0.6247
...    54 G-C ...
 -109.7935  -56.3581  114.1354
    0.4146    0.5402    0.7323
   -0.8081    0.5886    0.0233
   -0.4184   -0.6014    0.6806
...    55 T-A ...
 -110.6530  -58.4281  116.5557
   -0.0857    0.7670    0.6359
   -0.9132    0.1947   -0.3579
   -0.3983   -0.6114    0.6838
...    56 A-T ...
 -111.7393  -60.4251  119.0790
   -0.6332    0.7220    0.2789
   -0.6708   -0.3321   -0.6631
   -0.3862   -0.6070    0.6946
...    57 T-A ...
 -112.5558  -62.0621  121.8442
   -0.9123    0.3984   -0.0946
   -0.2138   -0.6604   -0.7198
   -0.3492   -0.6365    0.6877
...    58 C-G ...
 -113.8194  -64.0089  124.3150
   -0.8412   -0.1211   -0.5269
    0.4276   -0.7454   -0.5113
   -0.3309   -0.6555    0.6789
...    59 T-A ...
 -115.2581  -66.0664  126.5846
   -0.4489   -0.4747   -0.7571
    0.8213   -0.5529   -0.1403
   -0.3520   -0.6848    0.6380
...    60 C-G ...
 -116.4905  -68.3091  128.8616
    0.1503   -0.6795   -0.7182
    0.9339   -0.1406    0.3286
   -0.3243   -0.7201    0.6134
...    61 G-C ...
 -116.9853  -70.8564  131.0208
    0.6797   -0.4618   -0.5698
    0.7097    0.2178    0.6700
   -0.1853   -0.8598    0.4757
...    62 A-T ...
 -117.5432  -73.6095  132.7588
    0.9780   -0.1715   -0.1187
    0.1859    0.4588    0.8689
   -0.0946   -0.8719    0.4805
...    63 G-C ...
 -117.5962  -76.6528  134.1252
    0.9303    0.1807    0.3192
   -0.3667    0.4417    0.8188
    0.0069   -0.8788    0.4772
...    64 C-G ...
 -117.0702  -79.7546  135.4690
    0.5361    0.4378    0.7218
   -0.8418    0.2134    0.4958
    0.0631   -0.8734    0.4830
...    65 T-A ...
 -116.6743  -82.5968  137.1011
   -0.0249    0.4861    0.8736
   -0.9920   -0.1204    0.0387
    0.1240   -0.8656    0.4851
...    66 C-G ...
 -116.4191  -85.2489  139.0915
   -0.6001    0.3161    0.7348
   -0.7815   -0.4277   -0.4543
    0.1706   -0.8468    0.5037
...    67 A-T ...
 -115.8491  -88.2817  140.4675
   -0.9530    0.0561    0.2977
   -0.2780   -0.5524   -0.7859
    0.1203   -0.8317    0.5420
...    68 T-A ...
 -115.4478  -90.7157  142.6686
   -0.9549   -0.2501   -0.1603
    0.2676   -0.4901   -0.8296
    0.1289   -0.8350    0.5349
...    69 G-C ...
 -114.9308  -93.5083  144.6610
   -0.5815   -0.4742   -0.6611
    0.7986   -0.1777   -0.5750
    0.1552   -0.8623    0.4821
...    70 T-A ...
 -114.9353  -96.3084  146.5653
   -0.0409   -0.4896   -0.8710
    0.9805    0.1479   -0.1292
    0.1921   -0.8593    0.4740
...    71 T-A ...
 -114.4775  -99.0840  148.0183
    0.5032   -0.2474   -0.8280
    0.8279    0.4128    0.3798
    0.2479   -0.8766    0.4125
...    72 A-T ...
 -113.3618 -101.8935  149.3767
    0.8406    0.1570   -0.5184
    0.4033    0.4574    0.7925
    0.3615   -0.8753    0.3212
...    73 T-A ...
 -112.2864 -104.9414  149.7095
    0.9135    0.4045   -0.0439
   -0.0830    0.2911    0.9531
    0.3983   -0.8670    0.2995
...    74 A-T ...
 -110.8804 -107.7032  150.9873
    0.6505    0.5613    0.5117
   -0.5805   -0.0670    0.8115
    0.4898   -0.8249    0.2823
...    75 A-T ...
 -109.0462 -110.1954  151.7999
    0.1830    0.4161    0.8907
   -0.8262   -0.4259    0.3687
    0.5328   -0.8034    0.2658
...    76 C-G ...
 -106.5850 -112.4970  152.7039
   -0.3009    0.0553    0.9520
   -0.7706   -0.6022   -0.2086
    0.5618   -0.7964    0.2239
...    77 G-C ...
 -104.8643 -115.2173  153.4467
   -0.6877   -0.4286    0.5860
   -0.3539   -0.5068   -0.7861
    0.6339   -0.7480    0.1969
...    78 G-C ...
 -102.5647 -117.5318  154.1877
   -0.7932   -0.6074    0.0433
    0.0774   -0.1711   -0.9822
    0.6040   -0.7758    0.1828
...    79 A-T ...
 -100.4623 -120.0479  155.1232
   -0.5556   -0.5967   -0.5791
    0.5342    0.2775   -0.7985
    0.6372   -0.7530    0.1645
...    80 T-A ...
  -98.7715 -122.7391  156.0289
   -0.2017   -0.3375   -0.9195
    0.7369    0.5661   -0.3695
    0.6452   -0.7521    0.1346
...    81 C-G ...
  -96.6204 -125.2288  156.4812
    0.2327    0.1234   -0.9647
    0.6907    0.6773    0.2533
    0.6846   -0.7253    0.0724
...    82 G-C ...
  -93.9500 -127.1083  156.6553
    0.4797    0.5611   -0.6746
    0.4747    0.4807    0.7373
    0.7379   -0.6739   -0.0358
...    83 G-C ...
  -91.4255 -129.2587  156.2337
    0.5753    0.8072   -0.1317
    0.1372    0.0635    0.9885
    0.8063   -0.5868   -0.0742
...    84 G-C ...
  -88.4330 -130.7421  155.6364
    0.4562    0.7684    0.4489
   -0.1290   -0.4421    0.8877
    0.8805   -0.4628   -0.1026
...    85 A-T ...
  -85.3930 -132.0227  155.1214
    0.2803    0.3413    0.8972
   -0.3414   -0.8381    0.4255
    0.8971   -0.4256   -0.1184
...    86 T-A ...
  -82.2051 -132.8159  154.6817
    0.0574   -0.1644    0.9847
   -0.4196   -0.8990   -0.1256
    0.9059   -0.4060   -0.1206
...    87 C-G ...
  -78.9743 -133.9215  154.4563
   -0.1687   -0.7196    0.6735
   -0.3654   -0.5890   -0.7208
    0.9154   -0.3677   -0.1636
...    88 C-G ...
  -75.9197 -135.1870  154.1200
   -0.3798   -0.9097    0.1680
   -0.2016   -0.0959   -0.9748
    0.9028   -0.4041   -0.1470
...    89 G-C ...
  -73.0105 -136.3911  153.0959
   -0.4659   -0.7637   -0.4469
    0.0428    0.4850   -0.8734
    0.8838   -0.4260   -0.1933
...    90 C-G ...
  -69.9061 -137.9508  152.9014
   -0.3814   -0.3248   -0.8655
    0.2569    0.8621   -0.4367
    0.8880   -0.3889   -0.2454
...    91 T-A ...
  -66.9211 -139.5879  152.3154
   -0.2369    0.2617   -0.9356
    0.4083    0.9007    0.1485
    0.8816   -0.3469   -0.3202
...    92 T-A ...
  -64.2457 -140.8856  151.0339
   -0.0122    0.7466   -0.6652
    0.4657    0.5929    0.6569
    0.8848   -0.3018   -0.3550
...    93 T-A ...
  -61.3867 -141.6871  149.7804
    0.1497    0.9785   -0.1419
    0.4202    0.0670    0.9049
    0.8950   -0.1951   -0.4012
...    94 A-T ...
  -58.2060 -141.8243  148.5325
    0.1856    0.8494    0.4941
    0.3391   -0.5273    0.7791
    0.9223    0.0230   -0.3859
...    95 A-T ...
  -55.3202 -141.4111  147.2454
    0.3232    0.3857    0.8642
    0.2211   -0.9187    0.3273
    0.9201    0.0853   -0.3822
...    96 C-G ...
  -52.3176 -140.4259  145.9766
    0.4287   -0.1978    0.8815
    0.0265   -0.9726   -0.2311
    0.9031    0.1224   -0.4117
...    97 A-T ...
  -49.1620 -140.0864  144.7583
    0.3474   -0.7633    0.5446
   -0.2372   -0.6335   -0.7365
    0.9072    0.1267   -0.4011
...    98 C-G ...
  -45.8753 -139.3681  144.0512
    0.1747   -0.9837    0.0416
   -0.3963   -0.1090   -0.9116
    0.9013    0.1428   -0.4089
...    99 T-A ...
  -42.3462 -138.9711  143.2294
   -0.0851   -0.8603   -0.5026
   -0.4503    0.4832   -0.7508
    0.8888    0.1624   -0.4285
...   100 T-A ...
  -39.3156 -138.6503  142.0519
   -0.3047   -0.3969   -0.8658
   -0.3359    0.8954   -0.2923
    0.8913    0.2018   -0.4062
...   101 T-A ...
  -36.3611 -138.1166  140.7539
   -0.4680    0.1941   -0.8622
   -0.1075    0.9558    0.2735
    0.8772    0.2207   -0.4265
...   102 A-T ...
  -33.4806 -136.9810  139.4342
   -0.5136    0.7112   -0.4800
    0.1991    0.6430    0.7396
    0.8346    0.2843   -0.4719
...   103 T-A ...
  -31.1816 -136.2691  137.3257
   -0.4177    0.9082   -0.0267
    0.4369    0.2265    0.8705
    0.7967    0.3520   -0.4914
...   104 G-C ...
  -28.7356 -134.8788  135.5199
   -0.1508    0.8158    0.5583
    0.6364   -0.3521    0.6863
    0.7565    0.4588   -0.4661
...   105 C-G ...
  -26.5393 -132.8848  134.0166
    0.1981    0.4559    0.8677
    0.6332   -0.7353    0.2417
    0.7482    0.5016   -0.4344
...   106 T-A ...
  -24.0818 -130.5610  132.9833
    0.5400   -0.0589    0.8396
    0.4559   -0.8181   -0.3506
    0.7075    0.5721   -0.4149
...   107 T-A ...
  -21.8476 -128.5092  131.8723
    0.7041   -0.5250    0.4782
    0.0735   -0.6159   -0.7844
    0.7063    0.5874   -0.3951
...   108 C-G ...
  -19.3979 -126.4190  130.7437
    0.6159   -0.7760   -0.1360
   -0.3903   -0.1506   -0.9083
    0.6843    0.6125   -0.3956
...   109 C-G ...
  -17.1271 -124.3464  129.5233
    0.2405   -0.7797   -0.5781
   -0.6654    0.3012   -0.6830
    0.7067    0.5489   -0.4464
...   110 G-C ...
  -15.2680 -122.3150  128.0083
   -0.2201   -0.5417   -0.8112
   -0.7001    0.6668   -0.2553
    0.6792    0.5117   -0.5261
...   111 G-C ...
  -12.9855 -120.7528  126.1219
   -0.6355   -0.1018   -0.7653
   -0.4525    0.8523    0.2624
    0.6256    0.5131   -0.5877
...   112 C-G ...
  -10.9068 -119.4845  123.8325
   -0.8148    0.3691   -0.4472
   -0.0142    0.7583    0.6517
    0.5796    0.5373   -0.6126
...   113 T-A ...
   -9.1223 -117.7741  121.5986
   -0.7373    0.6751    0.0245
    0.4398    0.4521    0.7760
    0.5128    0.5829   -0.6303
...   114 C-G ...
   -7.5555 -115.5973  119.6684
   -0.3571    0.7847    0.5067
    0.8206    0.0044    0.5715
    0.4462    0.6199   -0.6455
...   115 G-C ...
   -5.6866 -113.4673  117.8812
    0.1720    0.5807    0.7957
    0.8948   -0.4299    0.1204
    0.4120    0.6913   -0.5936
...   116 T-A ...
   -4.8220 -110.6007  116.3082
    0.6200    0.2197    0.7532
    0.6594   -0.6661   -0.3486
    0.4251    0.7128   -0.5578
...   117 A-T ...
   -3.5123 -107.8678  114.7358
    0.8781   -0.2522    0.4067
    0.1634   -0.6408   -0.7501
    0.4498    0.7251   -0.5215
...   118 T-A ...
   -2.0689 -105.1109  113.6435
    0.8450   -0.5312   -0.0621
   -0.3234   -0.4151   -0.8503
    0.4259    0.7386   -0.5226
...   119 A-T ...
   -0.9509 -102.5064  111.6143
    0.4169   -0.6264   -0.6587
   -0.8243    0.0450   -0.5644
    0.3832    0.7782   -0.4976
...   120 A-T ...
    0.5670 -100.0180  110.1589
   -0.1442   -0.4855   -0.8623
   -0.9157    0.3958   -0.0697
    0.3751    0.7795   -0.5016
...   121 T-A ...
    2.3301  -97.7819  108.4143
   -0.6105   -0.1945   -0.7678
   -0.6984    0.5895    0.4059
    0.3737    0.7840   -0.4957
...   122 G-C ...
    3.5659  -95.0701  106.6253
   -0.9392    0.1473   -0.3101
   -0.1683    0.5897    0.7899
    0.2992    0.7941   -0.5290
...   123 T-A ...
    4.4066  -92.7082  104.4907
   -0.8932    0.4198    0.1614
    0.3504    0.4246    0.8348
    0.2819    0.8022   -0.5264
...   124 G-C ...
    5.2365  -89.9386  102.7323
   -0.5207    0.5336    0.6664
    0.8257    0.1163    0.5520
    0.2170    0.8377   -0.5012
...   125 T-A ...
    5.4574  -87.2511  100.9707
   -0.0094    0.4755    0.8797
    0.9788   -0.1755    0.1054
    0.2045    0.8620   -0.4638
...   126 C-G ...
    6.0591  -84.4335   99.6019
    0.5793    0.2807    0.7653
    0.7927   -0.4125   -0.4487
    0.1897    0.8666   -0.4615
...   127 G-C ...
    7.1792  -81.7936   97.8491
    0.8905   -0.1081    0.4419
    0.3480   -0.4639   -0.8147
    0.2931    0.8793   -0.3755
...   128 A-T ...
    8.0039  -78.9476   96.6681
    0.9205   -0.3678   -0.1321
   -0.2586   -0.3196   -0.9116
    0.2930    0.8733   -0.3893
...   129 C-G ...
    9.2624  -75.9315   96.1234
    0.6209   -0.5186   -0.5878
   -0.7124   -0.0604   -0.6992
    0.3271    0.8529   -0.4069
...   130 C-G ...
   10.8596  -73.2298   94.7790
    0.0973   -0.5502   -0.8293
   -0.9212    0.2657   -0.2843
    0.3768    0.7916   -0.4810
...   131 A-T ...
   11.2976  -70.2381   93.1325
   -0.5103   -0.3242   -0.7965
   -0.7815    0.5615    0.2721
    0.3590    0.7613   -0.5399
...   132 A-T ...
   12.4958  -67.8504   91.2148
   -0.8730    0.0704   -0.4826
   -0.3253    0.6532    0.6837
    0.3634    0.7539   -0.5474
...   133 A-T ...
   13.7549  -65.6380   89.1389
   -0.8752    0.4838   -0.0025
    0.2587    0.4724    0.8426
    0.4088    0.7367   -0.5386
...   134 T-A ...
   14.7384  -63.4258   86.8199
   -0.5923    0.6747    0.4404
    0.6886    0.1401    0.7115
    0.4183    0.7247   -0.5475
...   135 G-C ...
   15.7317  -61.4928   83.9330
    0.0341    0.7400    0.6717
    0.8636   -0.3601    0.3528
    0.5030    0.5681   -0.6514
...   136 T-A ...
   15.7848  -59.5604   80.7992
    0.5517    0.4998    0.6677
    0.6739   -0.7388   -0.0038
    0.4915    0.4520   -0.7444
...   137 G-C ...
   16.8385  -57.7219   78.2675
    0.8528   -0.0848    0.5153
    0.1507   -0.9048   -0.3983
    0.5000    0.4173   -0.7588
...   138 A-T ...
   18.4282  -55.5287   76.5298
    0.8547   -0.5006    0.1371
   -0.3188   -0.7148   -0.6224
    0.4096    0.4883   -0.7706
...   139 G-C ...
   20.4259  -54.3093   74.5419
    0.5847   -0.7389   -0.3347
   -0.7593   -0.3533   -0.5465
    0.2856    0.5737   -0.7676
...   140 C-G ...
   21.4270  -51.8266   72.7875
    0.1304   -0.7144   -0.6875
   -0.8897    0.2216   -0.3991
    0.4375    0.6637   -0.6067
...   141 G-C ...
   22.1521  -50.1494   67.4639
   -0.4682   -0.8748    0.1248
   -0.8494    0.4066   -0.3364
    0.2435   -0.2635   -0.9334
...   142 C-G ...
   22.3488  -51.2413   64.4933
   -0.8528   -0.5119   -0.1032
   -0.4975    0.8565   -0.1374
    0.1587   -0.0659   -0.9851
...   143 T-A ...
   24.0166  -51.6378   61.9247
   -0.9562    0.0401   -0.2898
    0.0524    0.9980   -0.0348
    0.2878   -0.0485   -0.9564
...   144 C-G ...
   24.8958  -52.7395   58.9873
   -0.7529    0.5560   -0.3520
    0.5214    0.8304    0.1965
    0.4016   -0.0356   -0.9151
...   145 A-T ...
   25.5275  -52.9803   55.8052
   -0.2442    0.9563   -0.1610
    0.8906    0.2869    0.3528
    0.3836   -0.0573   -0.9217
...   146 C-G ...
   25.2778  -52.5122   52.0796
    0.3204    0.9427   -0.0929
    0.8825   -0.2614    0.3909
    0.3443   -0.2072   -0.9157
...   147 A-T ...
   25.6238  -52.5940   48.6395
    0.8597    0.5097    0.0339
    0.4496   -0.7865    0.4233
    0.2424   -0.3487   -0.9053
