  147 base-pairs
...     1 T-A ...
    0.0000    0.0000    0.0000
    1.0000    0.0000    0.0000
    0.0000    1.0000    0.0000
    0.0000    0.0000    1.0000
...     2 G-C ...
   -0.5555   -1.1003    3.3981
    0.7749    0.6051    0.1828
   -0.5991    0.7953   -0.0929
   -0.2016   -0.0375    0.9787
...     3 T-A ...
   -0.6619   -3.0237    6.5348
    0.3046    0.9250    0.2271
   -0.8994    0.3578   -0.2510
   -0.3134   -0.1278    0.9410
...     4 G-C ...
   -1.1607   -3.8418    9.6940
   -0.3351    0.9421    0.0133
   -0.8752   -0.3061   -0.3746
   -0.3489   -0.1372    0.9271
...     5 A-T ...
   -1.3881   -3.6770   12.8999
   -0.7835    0.6162   -0.0801
   -0.5677   -0.7622   -0.3109
   -0.2527   -0.1981    0.9470
...     6 G-C ...
   -2.6236   -3.5448   15.7072
   -0.9923    0.0611   -0.1075
   -0.0294   -0.9610   -0.2748
   -0.1201   -0.2695    0.9555
...     7 C-G ...
   -2.3138   -3.7570   18.8866
   -0.8620   -0.4995   -0.0864
    0.5008   -0.8655    0.0073
   -0.0785   -0.0370    0.9962
...     8 G-C ...
   -3.9561   -6.8109   23.3205
   -0.2581   -0.3560   -0.8981
    0.6294   -0.7673    0.1233
   -0.7330   -0.5335    0.4221
...     9 C-G ...
   -6.1177   -8.9414   24.2385
    0.1143   -0.7320   -0.6716
    0.8123   -0.3203    0.4874
   -0.5720   -0.6013    0.5580
...    10 T-A ...
   -8.5041   -9.6771   26.0540
    0.4660   -0.8587   -0.2131
    0.6274    0.1508    0.7640
   -0.6239   -0.4897    0.6090
...    11 C-G ...
  -11.0625  -11.3174   27.2336
    0.6660   -0.6911    0.2808
    0.3382    0.6152    0.7121
   -0.6649   -0.3794    0.6435
...    12 A-T ...
  -13.0013  -13.1789   29.0658
    0.7188   -0.1490    0.6790
   -0.1787    0.9043    0.3876
   -0.6718   -0.4000    0.6235
...    13 C-G ...
  -14.1788  -15.9359   31.3399
    0.4052    0.2865    0.8682
   -0.5270    0.8492   -0.0343
   -0.7470   -0.4437    0.4951
...    14 A-T ...
  -15.9532  -18.1566   33.3080
   -0.1503    0.6873    0.7107
   -0.6106    0.5008   -0.6135
   -0.7776   -0.5261    0.3444
...    15 A-T ...
  -18.4872  -19.7928   34.5216
   -0.4533    0.8705    0.1919
   -0.4132   -0.0145   -0.9105
   -0.7898   -0.4920    0.3663
...    16 T-A ...
  -20.8781  -21.2478   36.4348
   -0.6326    0.7001   -0.3313
   -0.0898   -0.4911   -0.8664
   -0.7693   -0.5184    0.3735
...    17 T-A ...
  -23.3910  -22.6879   37.9826
   -0.5926    0.2469   -0.7668
    0.3074   -0.8106   -0.4985
   -0.7446   -0.5311    0.4044
...    18 T-A ...
  -25.9417  -24.1858   39.4021
   -0.3159   -0.2892   -0.9036
    0.5979   -0.8002    0.0471
   -0.7367   -0.5254    0.4257
...    19 A-T ...
  -28.2862  -26.1541   41.0712
    0.1353   -0.7933   -0.5936
    0.6647   -0.3716    0.6481
   -0.7348   -0.4822    0.4770
...    20 T-A ...
  -31.1453  -27.5066   42.1728
    0.4414   -0.8889   -0.1226
    0.5001    0.1302    0.8561
   -0.7450   -0.4393    0.5020
...    21 T-A ...
  -33.6941  -28.9780   43.5706
    0.6254   -0.6458    0.4380
    0.1350    0.6424    0.7544
   -0.7686   -0.4127    0.4889
...    22 C-G ...
  -36.2445  -30.3046   45.2011
    0.6007   -0.1155    0.7911
   -0.2744    0.8996    0.3397
   -0.7509   -0.4211    0.5087
...    23 G-C ...
  -38.9998  -31.1044   47.0488
    0.4612    0.4733    0.7505
   -0.5746    0.8038   -0.1538
   -0.6761   -0.3603    0.6427
...    24 C-G ...
  -40.9563  -32.5590   49.2511
    0.1301    0.8471    0.5154
   -0.7277    0.4346   -0.5306
   -0.6734   -0.3060    0.6730
...    25 A-T ...
  -43.5678  -33.4181   51.1625
   -0.2677    0.9626    0.0423
   -0.6745   -0.1559   -0.7216
   -0.6880   -0.2217    0.6910
...    26 A-T ...
  -45.7877  -33.9635   53.5211
   -0.5995    0.6943   -0.3982
   -0.4025   -0.6915   -0.5998
   -0.6918   -0.1994    0.6940
...    27 A-T ...
  -47.9222  -34.3261   55.9677
   -0.7302    0.1520   -0.6661
    0.0298   -0.9669   -0.2534
   -0.6826   -0.2048    0.7015
...    28 G-C ...
  -50.4022  -34.5333   58.2833
   -0.5606   -0.3927   -0.7290
    0.4082   -0.8970    0.1693
   -0.7204   -0.2027    0.6633
...    29 G-C ...
  -53.1212  -35.0553   60.3635
   -0.1718   -0.8356   -0.5217
    0.6474   -0.4949    0.5796
   -0.7425   -0.2382    0.6260
...    30 C-G ...
  -55.8001  -35.8078   62.1337
    0.2585   -0.9582   -0.1223
    0.6188    0.0670    0.7827
   -0.7418   -0.2780    0.6103
...    31 C-G ...
  -58.4857  -36.6556   64.0054
    0.6084   -0.7321    0.3064
    0.3566    0.5971    0.7185
   -0.7090   -0.3279    0.6244
...    32 G-C ...
  -60.5684  -37.4075   66.2179
    0.7708   -0.2660    0.5789
   -0.0358    0.8892    0.4561
   -0.6361   -0.3723    0.6759
...    33 G-C ...
  -62.4221  -38.8282   68.6321
    0.6549    0.3121    0.6883
   -0.4791    0.8758    0.0587
   -0.5845   -0.3682    0.7231
...    34 C-G ...
  -64.0715  -40.2605   71.0930
    0.2956    0.7728    0.5616
   -0.7726    0.5391   -0.3352
   -0.5618   -0.3348    0.7565
...    35 C-G ...
  -65.6669  -41.1330   73.9877
   -0.1640    0.9612    0.2219
   -0.8184   -0.0070   -0.5746
   -0.5507   -0.2758    0.7878
...    36 C-G ...
  -67.3933  -41.7799   76.8304
   -0.5788    0.7930   -0.1902
   -0.6005   -0.5723   -0.5584
   -0.5517   -0.2090    0.8074
...    37 G-C ...
  -69.5373  -43.2708   79.0870
   -0.7800    0.3321   -0.5303
   -0.1594   -0.9250   -0.3449
   -0.6051   -0.1845    0.7745
...    38 A-T ...
  -71.4081  -43.8172   81.6118
   -0.7187   -0.2857   -0.6339
    0.3449   -0.9381    0.0317
   -0.6037   -0.1959    0.7728
...    39 C-G ...
  -73.6998  -44.1087   83.8599
   -0.3995   -0.7323   -0.5514
    0.6653   -0.6455    0.3752
   -0.6307   -0.2169    0.7451
...    40 A-T ...
  -75.8824  -44.9603   86.2995
    0.1244   -0.9552   -0.2684
    0.7644   -0.0803    0.6398
   -0.6327   -0.2848    0.7202
...    41 C-G ...
  -78.2274  -46.2080   88.2850
    0.5386   -0.8389    0.0784
    0.5738    0.4334    0.6949
   -0.6169   -0.3293    0.7148
...    42 G-C ...
  -79.9978  -47.0336   91.0061
    0.8155   -0.3834    0.4336
    0.1137    0.8407    0.5294
   -0.5675   -0.3824    0.7292
...    43 A-T ...
  -81.8595  -48.2782   93.2751
    0.7229    0.1967    0.6623
   -0.3918    0.9063    0.1586
   -0.5691   -0.3741    0.7322
...    44 C-G ...
  -83.3457  -50.0271   95.6588
    0.4184    0.6738    0.6091
   -0.7347    0.6453   -0.2091
   -0.5340   -0.3600    0.7651
...    45 T-A ...
  -84.6596  -51.4907   98.6913
   -0.0713    0.9371    0.3416
   -0.8467    0.1241   -0.5173
   -0.5272   -0.3261    0.7846
...    46 T-A ...
  -86.1531  -52.5479  101.3486
   -0.5308    0.8475    0.0104
   -0.6593   -0.4052   -0.6334
   -0.5326   -0.3430    0.7737
...    47 A-T ...
  -88.1355  -53.9311  103.7390
   -0.8375    0.3705   -0.4017
   -0.1473   -0.8609   -0.4869
   -0.5262   -0.3486    0.7756
...    48 C-G ...
  -89.9460  -54.4261  106.5145
   -0.7720   -0.1496   -0.6177
    0.3283   -0.9261   -0.1861
   -0.5442   -0.3464    0.7641
...    49 T-A ...
  -92.0867  -55.2952  109.0031
   -0.4205   -0.6041   -0.6769
    0.6875   -0.6990    0.1967
   -0.5920   -0.3827    0.7093
...    50 G-C ...
  -94.1084  -56.8017  111.2696
    0.1326   -0.8396   -0.5268
    0.7932   -0.2289    0.5643
   -0.5944   -0.4927    0.6356
...    51 T-A ...
  -96.3630  -58.4237  112.8916
    0.5549   -0.8093   -0.1926
    0.6032    0.2320    0.7631
   -0.5729   -0.5396    0.6169
...    52 A-T ...
  -98.0692  -60.3322  115.0672
    0.8584   -0.4507    0.2450
    0.1254    0.6474    0.7517
   -0.4974   -0.6146    0.6123
...    53 G-C ...
  -99.7263  -62.4488  116.9038
    0.8397    0.0206    0.5427
   -0.3624    0.7655    0.5317
   -0.4044   -0.6431    0.6503
...    54 G-C ...
 -100.5494  -65.1911  119.0850
    0.5066    0.5061    0.6980
   -0.7961    0.5855    0.1533
   -0.3311   -0.6334    0.6995
...    55 T-A ...
 -101.1095  -67.3705  121.4871
    0.0040    0.7394    0.6733
   -0.9498    0.2134   -0.2287
   -0.3128   -0.6386    0.7031
...    56 A-T ...
 -101.8515  -69.4576  124.0680
   -0.5740    0.7240    0.3824
   -0.7597   -0.2968   -0.5785
   -0.3054   -0.6226    0.7205
...    57 T-A ...
 -102.3426  -71.1650  126.8595
   -0.9030    0.4282    0.0365
   -0.3281   -0.6321   -0.7021
   -0.2776   -0.6459    0.7112
...    58 C-G ...
 -103.3495  -73.1428  129.4284
   -0.9059   -0.0746   -0.4170
    0.3277   -0.7471   -0.5783
   -0.2684   -0.6605    0.7013
...    59 T-A ...
 -104.5706  -75.1980  131.8095
   -0.5625   -0.4354   -0.7029
    0.7704   -0.5847   -0.2544
   -0.3002   -0.6845    0.6643
...    60 C-G ...
 -105.5844  -77.4741  134.1200
    0.0244   -0.6712   -0.7408
    0.9573   -0.1979    0.2109
   -0.2882   -0.7143    0.6377
...    61 G-C ...
 -105.9495  -80.0187  136.2924
    0.5781   -0.5059   -0.6402
    0.7936    0.1662    0.5853
   -0.1897   -0.8464    0.4976
...    62 A-T ...
 -106.4995  -82.7304  138.0993
    0.9445   -0.2459   -0.2179
    0.3095    0.4436    0.8411
   -0.1101   -0.8618    0.4951
...    63 G-C ...
 -106.6632  -85.7461  139.5066
    0.9692    0.1006    0.2248
   -0.2453    0.4771    0.8440
   -0.0223   -0.8731    0.4871
...    64 C-G ...
 -106.3109  -88.8800  140.8355
    0.6405    0.3938    0.6593
   -0.7674    0.2959    0.5688
    0.0289   -0.8703    0.4917
...    65 T-A ...
 -106.0121  -91.7427  142.4591
    0.1090    0.5037    0.8570
   -0.9906   -0.0165    0.1357
    0.0825   -0.8637    0.4972
...    66 C-G ...
 -106.0557  -94.4749  144.2988
   -0.5244    0.3737    0.7651
   -0.8398   -0.3754   -0.3922
    0.1407   -0.8482    0.5107
...    67 G-C ...
 -106.5127  -97.8735  145.4489
   -0.9252    0.0771    0.3716
   -0.3501   -0.5512   -0.7573
    0.1465   -0.8308    0.5370
...    68 G-C ...
 -105.8821 -100.6232  147.3714
   -0.9601   -0.2252   -0.1660
    0.2542   -0.4546   -0.8536
    0.1167   -0.8618    0.4937
...    69 G-C ...
 -105.5326 -103.4242  149.1869
   -0.6629   -0.3576   -0.6578
    0.7467   -0.2508   -0.6161
    0.0553   -0.8996    0.4332
...    70 A-T ...
 -105.5292 -106.3748  150.7927
   -0.0751   -0.4080   -0.9099
    0.9946    0.0347   -0.0976
    0.0714   -0.9123    0.4032
...    71 T-A ...
 -105.8930 -109.4286  151.9697
    0.4551   -0.2873   -0.8428
    0.8857    0.2434    0.3953
    0.0916   -0.9264    0.3652
...    72 C-G ...
 -105.6598 -112.5822  152.9475
    0.8841   -0.0287   -0.4665
    0.4461    0.3499    0.8238
    0.1396   -0.9364    0.3221
...    73 C-G ...
 -105.2305 -115.6894  153.9073
    0.9548    0.2971   -0.0033
   -0.0866    0.2889    0.9534
    0.2842   -0.9101    0.3016
...    74 G-C ...
 -104.1250 -118.5286  155.3311
    0.6899    0.5303    0.4928
   -0.5826    0.0026    0.8127
    0.4297   -0.8478    0.3107
...    75 C-G ...
 -102.0533 -121.1748  156.2520
    0.2169    0.4358    0.8735
   -0.8547   -0.3476    0.3856
    0.4717   -0.8302    0.2971
...    76 T-A ...
  -99.9437 -123.6134  157.7183
   -0.3141    0.1225    0.9414
   -0.7749   -0.6060   -0.1797
    0.5485   -0.7860    0.2853
...    77 T-A ...
  -97.8687 -125.9488  158.7501
   -0.6672   -0.3481    0.6585
   -0.4220   -0.5518   -0.7193
    0.6138   -0.7578    0.2213
...    78 T-A ...
  -95.6252 -128.1852  159.7373
   -0.7277   -0.6771    0.1095
    0.0424   -0.2038   -0.9781
    0.6846   -0.7072    0.1770
...    79 A-T ...
  -92.8822 -130.1890  159.4592
   -0.4510   -0.7170   -0.5315
    0.4549    0.3277   -0.8281
    0.7679   -0.6152    0.1784
...    80 A-T ...
  -90.4643 -132.2038  160.1569
   -0.0895   -0.3863   -0.9180
    0.6011    0.7140   -0.3590
    0.7941   -0.5840    0.1683
...    81 C-G ...
  -88.1459 -134.5885  160.8075
    0.2386    0.0944   -0.9665
    0.5306    0.8209    0.2111
    0.8133   -0.5633    0.1458
...    82 A-T ...
  -85.3223 -136.4211  161.1730
    0.4097    0.6269   -0.6627
    0.2996    0.5937    0.7468
    0.8616   -0.5045    0.0554
...    83 C-G ...
  -82.4691 -138.0768  160.6564
    0.4639    0.8718   -0.1571
    0.0568    0.1478    0.9874
    0.8840   -0.4670    0.0190
...    84 T-A ...
  -79.2241 -139.4925  160.1582
    0.3236    0.8228    0.4672
   -0.1910   -0.4268    0.8839
    0.9267   -0.3753    0.0191
...    85 T-A ...
  -76.0958 -140.4642  160.0005
    0.1796    0.3826    0.9063
   -0.3273   -0.8455    0.4218
    0.9277   -0.3724   -0.0266
...    86 T-A ...
  -72.9412 -141.3894  159.8225
   -0.0015   -0.2164    0.9763
   -0.3730   -0.9057   -0.2013
    0.9278   -0.3644   -0.0794
...    87 A-T ...
  -69.7810 -142.8576  159.1635
   -0.1505   -0.8499    0.5050
   -0.2964   -0.4485   -0.8432
    0.9431   -0.2766   -0.1844
...    88 T-A ...
  -66.5655 -143.5707  159.2366
   -0.2763   -0.9609    0.0188
   -0.1910    0.0357   -0.9809
    0.9419   -0.2746   -0.1934
...    89 G-C ...
  -63.4770 -144.6705  158.7590
   -0.4159   -0.7082   -0.5704
    0.0423    0.6115   -0.7901
    0.9084   -0.3528   -0.2244
...    90 C-G ...
  -60.6513 -146.1806  158.0689
   -0.3707   -0.2285   -0.9002
    0.2344    0.9149   -0.3288
    0.8987   -0.3329   -0.2856
...    91 T-A ...
  -57.7300 -147.4842  157.1082
   -0.2617    0.3233   -0.9094
    0.3912    0.8969    0.2063
    0.8823   -0.3018   -0.3612
...    92 C-G ...
  -54.9218 -148.2038  155.6499
   -0.0766    0.8097   -0.5818
    0.4948    0.5375    0.6829
    0.8656   -0.2356   -0.4418
...    93 A-T ...
  -52.0658 -149.0628  154.0188
    0.0829    0.9957   -0.0423
    0.5201   -0.0070    0.8541
    0.8500   -0.0928   -0.5185
...    94 T-A ...
  -49.5370 -149.0707  151.9679
    0.2747    0.8583    0.4335
    0.4307   -0.5129    0.7426
    0.8597   -0.0173   -0.5105
...    95 G-C ...
  -46.5494 -148.8256  150.2680
    0.4014    0.3650    0.8401
    0.2316   -0.9278    0.2924
    0.8861    0.0772   -0.4569
...    96 T-A ...
  -43.6389 -147.9232  148.7401
    0.4751   -0.2191    0.8522
   -0.0154   -0.9704   -0.2409
    0.8798    0.1013   -0.4645
...    97 T-A ...
  -40.8069 -147.3197  147.2746
    0.4272   -0.7489    0.5066
   -0.2896   -0.6441   -0.7080
    0.8565    0.1558   -0.4921
...    98 A-T ...
  -38.0519 -146.7123  145.1718
    0.1848   -0.9627   -0.1978
   -0.5482    0.0661   -0.8337
    0.8157    0.2626   -0.5155
...    99 T-A ...
  -35.0346 -146.0002  144.0580
   -0.1025   -0.7761   -0.6223
   -0.5824    0.5539   -0.5949
    0.8064    0.3015   -0.5088
...   100 A-T ...
  -32.4448 -144.5051  142.2929
   -0.4439   -0.1861   -0.8766
   -0.3896    0.9210    0.0018
    0.8070    0.3423   -0.4813
...   101 A-T ...
  -29.8427 -143.5413  140.7001
   -0.6042    0.3709   -0.7052
   -0.0785    0.8531    0.5159
    0.7929    0.3671   -0.4863
...   102 C-G ...
  -27.2900 -142.7553  138.6305
   -0.5750    0.7690   -0.2794
    0.2682    0.4997    0.8236
    0.7730    0.3986   -0.4935
...   103 G-C ...
  -24.8316 -141.0161  137.3303
   -0.4376    0.8479    0.2993
    0.5759    0.0087    0.8175
    0.6906    0.5301   -0.4921
...   104 G-C ...
  -22.8981 -138.7263  135.9450
   -0.1414    0.6485    0.7480
    0.7742   -0.3984    0.4918
    0.6169    0.6486   -0.4458
...   105 A-T ...
  -21.0649 -136.3776  134.4179
    0.3481    0.2612    0.9003
    0.7133   -0.6970   -0.0736
    0.6083    0.6679   -0.4289
...   106 T-A ...
  -19.5303 -133.6145  133.2836
    0.6740   -0.1294    0.7273
    0.4331   -0.7284   -0.5309
    0.5985    0.6728   -0.4348
...   107 T-A ...
  -17.6655 -131.2266  132.0749
    0.8250   -0.5132    0.2366
   -0.0554   -0.4902   -0.8699
    0.5624    0.7045   -0.4328
...   108 C-G ...
  -15.6506 -128.8049  130.8240
    0.6211   -0.6986   -0.3552
   -0.5517   -0.0678   -0.8313
    0.5567    0.7123   -0.4275
...   109 C-G ...
  -13.7565 -126.4438  129.5017
    0.1692   -0.6851   -0.7085
   -0.7979    0.3268   -0.5065
    0.5786    0.6510   -0.4913
...   110 G-C ...
  -12.3028 -124.1969  127.8861
   -0.3355   -0.4638   -0.8200
   -0.7647    0.6424   -0.0505
    0.5502    0.6101   -0.5701
...   111 G-C ...
  -10.4786 -122.3467  125.7671
   -0.7503   -0.0604   -0.6584
   -0.4356    0.7943    0.4236
    0.4974    0.6046   -0.6222
...   112 C-G ...
   -8.8737 -120.7475  123.3031
   -0.8896    0.3665   -0.2725
    0.0641    0.6909    0.7201
    0.4522    0.6232   -0.6381
...   113 T-A ...
   -7.5185 -118.7553  121.0074
   -0.7433    0.6385    0.1996
    0.5411    0.3985    0.7406
    0.3933    0.6585   -0.6417
...   114 C-G ...
   -6.2944 -116.3854  119.0464
   -0.2939    0.7242    0.6238
    0.8942   -0.0221    0.4470
    0.3376    0.6892   -0.6411
...   115 G-C ...
   -4.7276 -114.0870  117.1886
    0.2720    0.5136    0.8138
    0.9065   -0.4205   -0.0377
    0.3228    0.7480   -0.5799
...   116 T-A ...
   -4.0932 -111.1016  115.7590
    0.7099    0.1669    0.6842
    0.6138   -0.6229   -0.4849
    0.3453    0.7643   -0.5447
...   117 A-T ...
   -3.0091 -108.2090  114.2922
    0.9183   -0.2757    0.2841
    0.0789   -0.5757   -0.8138
    0.3880    0.7697   -0.5069
...   118 T-A ...
   -1.6872 -105.3727  113.2831
    0.8328   -0.5197   -0.1909
   -0.4112   -0.3498   -0.8417
    0.3706    0.7795   -0.5050
...   119 A-T ...
   -0.7109 -102.6686  111.3684
    0.3616   -0.5947   -0.7180
   -0.8635    0.0767   -0.4984
    0.3515    0.8003   -0.4858
...   120 A-T ...
    0.7236 -100.1376  109.9102
   -0.2089   -0.4482   -0.8692
   -0.9140    0.4055    0.0106
    0.3477    0.7967   -0.4944
...   121 T-A ...
    2.3972  -97.8571  108.1343
   -0.6615   -0.1596   -0.7327
   -0.6636    0.5797    0.4728
    0.3493    0.7990   -0.4894
...   122 G-C ...
    3.5629  -95.1286  106.3449
   -0.9536    0.1677   -0.2500
   -0.1153    0.5635    0.8180
    0.2780    0.8089   -0.5181
...   123 T-A ...
    4.3259  -92.7138  104.2397
   -0.8780    0.4245    0.2212
    0.3991    0.3941    0.8279
    0.2643    0.8152   -0.5154
...   124 G-C ...
    5.1063  -89.9184  102.5138
   -0.4816    0.5201    0.7053
    0.8522    0.0902    0.5153
    0.2044    0.8493   -0.4867
...   125 T-A ...
    5.2822  -87.1928  100.8063
    0.0352    0.4512    0.8917
    0.9800   -0.1905    0.0577
    0.1960    0.8718   -0.4489
...   126 C-G ...
    5.8612  -84.3545   99.4791
    0.6133    0.2528    0.7483
    0.7683   -0.4108   -0.4909
    0.1833    0.8760   -0.4461
...   127 G-C ...
    6.9547  -81.6916   97.7635
    0.9001   -0.1333    0.4147
    0.3182   -0.4490   -0.8350
    0.2975    0.8835   -0.3618
...   128 A-T ...
    7.7959  -78.8372   96.6310
    0.9109   -0.3796   -0.1617
   -0.2847   -0.2945   -0.9122
    0.2986    0.8770   -0.3764
...   129 C-G ...
    9.1060  -75.8404   96.1185
    0.6008   -0.5161   -0.6105
   -0.7267   -0.0342   -0.6861
    0.3332    0.8559   -0.3956
...   130 C-G ...
   10.7557  -73.1575   94.7961
    0.0774   -0.5383   -0.8392
   -0.9207    0.2844   -0.2672
    0.3825    0.7934   -0.4736
...   131 A-T ...
   11.2668  -70.2021   93.1491
   -0.5193   -0.3175   -0.7934
   -0.7743    0.5677    0.2796
    0.3617    0.7595   -0.5407
...   132 A-T ...
   12.4819  -67.8304   91.2246
   -0.8746    0.0755   -0.4789
   -0.3188    0.6548    0.6853
    0.3653    0.7520   -0.5486
...   133 A-T ...
   13.7468  -65.6275   89.1419
   -0.8733    0.4871   -0.0001
    0.2627    0.4712    0.8420
    0.4102    0.7353   -0.5395
...   134 T-A ...
   14.7384  -63.4259   86.8199
   -0.5923    0.6747    0.4404
    0.6886    0.1401    0.7115
    0.4183    0.7247   -0.5475
...   135 G-C ...
   15.7317  -61.4929   83.9330
    0.0341    0.7400    0.6717
    0.8636   -0.3601    0.3528
    0.5030    0.5681   -0.6514
...   136 T-A ...
   15.7848  -59.5605   80.7992
    0.5517    0.4998    0.6677
    0.6739   -0.7388   -0.0038
    0.4915    0.4520   -0.7444
...   137 G-C ...
   16.8386  -57.7220   78.2675
    0.8528   -0.0848    0.5153
    0.1507   -0.9048   -0.3983
    0.5000    0.4173   -0.7588
...   138 A-T ...
   18.4283  -55.5288   76.5299
    0.8547   -0.5006    0.1371
   -0.3188   -0.7148   -0.6224
    0.4096    0.4883   -0.7706
...   139 G-C ...
   20.4259  -54.3094   74.5420
    0.5847   -0.7389   -0.3347
   -0.7593   -0.3533   -0.5465
    0.2856    0.5737   -0.7676
...   140 C-G ...
   21.4270  -51.8267   72.7876
    0.1304   -0.7144   -0.6875
   -0.8897    0.2216   -0.3991
    0.4375    0.6637   -0.6067
...   141 G-C ...
   22.1522  -50.1496   67.4640
   -0.4682   -0.8748    0.1248
   -0.8494    0.4066   -0.3364
    0.2435   -0.2635   -0.9334
...   142 C-G ...
   22.3489  -51.2415   64.4933
   -0.8528   -0.5119   -0.1032
   -0.4975    0.8565   -0.1374
    0.1587   -0.0659   -0.9851
...   143 T-A ...
   24.0167  -51.6379   61.9248
   -0.9562    0.0401   -0.2898
    0.0524    0.9980   -0.0348
    0.2878   -0.0485   -0.9564
...   144 C-G ...
   24.8958  -52.7396   58.9873
   -0.7529    0.5560   -0.3520
    0.5214    0.8304    0.1965
    0.4016   -0.0356   -0.9151
...   145 A-T ...
   25.5276  -52.9804   55.8053
   -0.2442    0.9563   -0.1610
    0.8906    0.2869    0.3528
    0.3836   -0.0573   -0.9217
...   146 C-G ...
   25.2779  -52.5124   52.0796
    0.3204    0.9427   -0.0929
    0.8825   -0.2614    0.3909
    0.3443   -0.2072   -0.9157
...   147 A-T ...
   25.6239  -52.5941   48.6395
    0.8597    0.5097    0.0339
    0.4496   -0.7865    0.4233
    0.2424   -0.3487   -0.9053
