  147 base-pairs
...     1 T-A ...
    0.0000    0.0000    0.0000
    1.0000    0.0000    0.0000
    0.0000    1.0000    0.0000
    0.0000    0.0000    1.0000
...     2 G-C ...
   -0.5555   -1.1003    3.3981
    0.7749    0.6051    0.1828
   -0.5991    0.7953   -0.0929
   -0.2016   -0.0375    0.9787
...     3 T-A ...
   -0.6619   -3.0237    6.5348
    0.3046    0.9250    0.2271
   -0.8994    0.3578   -0.2510
   -0.3134   -0.1278    0.9410
...     4 G-C ...
   -1.1607   -3.8418    9.6940
   -0.3351    0.9421    0.0133
   -0.8752   -0.3061   -0.3746
   -0.3489   -0.1372    0.9271
...     5 A-T ...
   -1.3881   -3.6770   12.8999
   -0.7835    0.6162   -0.0801
   -0.5677   -0.7622   -0.3109
   -0.2527   -0.1981    0.9470
...     6 G-C ...
   -2.6236   -3.5448   15.7072
   -0.9923    0.0611   -0.1075
   -0.0294   -0.9610   -0.2748
   -0.1201   -0.2695    0.9555
...     7 C-G ...
   -2.3138   -3.7570   18.8866
   -0.8620   -0.4995   -0.0864
    0.5008   -0.8655    0.0073
   -0.0785   -0.0370    0.9962
...     8 G-C ...
   -3.9561   -6.8109   23.3205
   -0.2581   -0.3560   -0.8981
    0.6294   -0.7673    0.1233
   -0.7330   -0.5335    0.4221
...     9 C-G ...
   -6.1177   -8.9414   24.2385
    0.1143   -0.7320   -0.6716
    0.8123   -0.3203    0.4874
   -0.5720   -0.6013    0.5580
...    10 T-A ...
   -8.5041   -9.6771   26.0540
    0.4660   -0.8587   -0.2131
    0.6274    0.1508    0.7640
   -0.6239   -0.4897    0.6090
...    11 C-G ...
  -11.0625  -11.3174   27.2336
    0.6660   -0.6911    0.2808
    0.3382    0.6152    0.7121
   -0.6649   -0.3794    0.6435
...    12 A-T ...
  -13.0013  -13.1789   29.0658
    0.7188   -0.1490    0.6790
   -0.1787    0.9043    0.3876
   -0.6718   -0.4000    0.6235
...    13 C-G ...
  -14.1788  -15.9359   31.3399
    0.4052    0.2865    0.8682
   -0.5270    0.8492   -0.0343
   -0.7470   -0.4437    0.4951
...    14 A-T ...
  -15.9532  -18.1566   33.3080
   -0.1503    0.6873    0.7107
   -0.6106    0.5008   -0.6135
   -0.7776   -0.5261    0.3444
...    15 A-T ...
  -18.3982  -19.8398   34.6151
   -0.4561    0.8661    0.2047
   -0.4138   -0.0028   -0.9104
   -0.7879   -0.4999    0.3596
...    16 T-A ...
  -20.7832  -21.2343   36.4005
   -0.5907    0.7469   -0.3054
   -0.1248   -0.4584   -0.8799
   -0.7972   -0.4817    0.3640
...    17 T-A ...
  -23.4073  -22.6051   37.7498
   -0.5494    0.3311   -0.7672
    0.2370   -0.8187   -0.5230
   -0.8012   -0.4692    0.3714
...    18 T-A ...
  -26.1164  -23.8786   39.0455
   -0.3180   -0.2340   -0.9188
    0.5111   -0.8585    0.0417
   -0.7985   -0.4563    0.3926
...    19 A-T ...
  -28.4897  -25.7789   40.6540
    0.0661   -0.7789   -0.6237
    0.5971   -0.4699    0.6501
   -0.7994   -0.4154    0.4340
...    20 T-A ...
  -31.4917  -26.9051   41.5415
    0.3515   -0.9204   -0.1712
    0.4757    0.0181    0.8794
   -0.8063   -0.3905    0.4442
...    21 T-A ...
  -34.2615  -28.1516   42.7486
    0.5355   -0.7379    0.4109
    0.1825    0.5761    0.7967
   -0.8246   -0.3517    0.4432
...    22 C-G ...
  -37.0225  -29.3314   44.1596
    0.5479   -0.2185    0.8075
   -0.1785    0.9125    0.3681
   -0.8173   -0.3458    0.4609
...    23 G-C ...
  -39.9269  -30.0228   45.8038
    0.4215    0.3936    0.8169
   -0.4687    0.8658   -0.1753
   -0.7763   -0.3090    0.5494
...    24 C-G ...
  -42.2466  -31.3183   47.8266
    0.1225    0.8284    0.5466
   -0.6269    0.4916   -0.6045
   -0.7695   -0.2686    0.5795
...    25 A-T ...
  -45.0000  -32.0314   49.6307
   -0.1907    0.9815    0.0193
   -0.5993   -0.1009   -0.7942
   -0.7775   -0.1630    0.6074
...    26 A-T ...
  -47.4261  -32.4140   51.7596
   -0.4973    0.7369   -0.4579
   -0.3784   -0.6591   -0.6499
   -0.7807   -0.1499    0.6066
...    27 A-T ...
  -49.9356  -32.6614   53.8159
   -0.6228    0.2079   -0.7543
   -0.0198   -0.9679   -0.2504
   -0.7821   -0.1410    0.6069
...    28 G-C ...
  -52.6527  -32.7994   55.7705
   -0.4848   -0.3552   -0.7992
    0.3106   -0.9242    0.2223
   -0.8176   -0.1404    0.5584
...    29 G-C ...
  -55.6218  -33.1041   57.4115
   -0.1648   -0.8065   -0.5677
    0.5063   -0.5632    0.6531
   -0.8465   -0.1798    0.5012
...    30 C-G ...
  -58.6735  -33.6070   58.7165
    0.1797   -0.9774   -0.1110
    0.4995   -0.0066    0.8663
   -0.8475   -0.2112    0.4870
...    31 C-G ...
  -61.6280  -34.4716   60.1503
    0.4895   -0.7894    0.3706
    0.2901    0.5481    0.7845
   -0.8223   -0.2765    0.4973
...    32 G-C ...
  -64.2874  -35.1050   62.1804
    0.6391   -0.2879    0.7132
   -0.0704    0.9015    0.4270
   -0.7659   -0.3231    0.5559
...    33 G-C ...
  -66.7740  -36.4002   64.0778
    0.5415    0.3018    0.7847
   -0.4334    0.9000   -0.0471
   -0.7204   -0.3146    0.6181
...    34 C-G ...
  -68.8913  -37.7290   66.2987
    0.2294    0.7708    0.5943
   -0.6710    0.5675   -0.4771
   -0.7051   -0.2893    0.6475
...    35 C-G ...
  -71.0797  -38.6176   68.7302
   -0.1386    0.9761    0.1672
   -0.7010    0.0226   -0.7128
   -0.6996   -0.2159    0.6811
...    36 C-G ...
  -73.3260  -39.0864   71.2339
   -0.4577    0.8301   -0.3185
   -0.5175   -0.5401   -0.6637
   -0.7229   -0.1389    0.6768
...    37 G-C ...
  -76.0090  -39.7147   73.2240
   -0.5980    0.3692   -0.7114
   -0.1759   -0.9264   -0.3330
   -0.7819   -0.0740    0.6189
...    38 A-T ...
  -78.6114  -39.8535   75.2598
   -0.5585   -0.2697   -0.7845
    0.2196   -0.9600    0.1737
   -0.7999   -0.0753    0.5954
...    39 C-G ...
  -81.4798  -39.5522   76.9453
   -0.3261   -0.7465   -0.5800
    0.4803   -0.6593    0.5785
   -0.8142   -0.0899    0.5735
...    40 A-T ...
  -84.1065  -40.0015   79.0028
    0.1006   -0.9794   -0.1754
    0.5573   -0.0906    0.8253
   -0.8242   -0.1808    0.5367
...    41 C-G ...
  -87.1275  -40.7147   80.2129
    0.4126   -0.8651    0.2853
    0.4018    0.4539    0.7953
   -0.8175   -0.2135    0.5348
...    42 G-C ...
  -89.6808  -41.2922   82.3858
    0.6511   -0.4118    0.6375
    0.0526    0.8625    0.5034
   -0.7571   -0.2942    0.5832
...    43 A-T ...
  -92.1268  -42.3492   84.3415
    0.5658    0.2089    0.7976
   -0.3696    0.9290    0.0189
   -0.7371   -0.3055    0.6028
...    44 C-G ...
  -94.1873  -43.8611   86.4958
    0.2833    0.6882    0.6679
   -0.6309    0.6583   -0.4106
   -0.7223   -0.3051    0.6207
...    45 T-A ...
  -96.3625  -44.8834   88.8265
   -0.0912    0.9494    0.3004
   -0.7005    0.1532   -0.6970
   -0.7078   -0.2740    0.6511
...    46 T-A ...
  -98.4824  -45.7806   91.1430
   -0.5166    0.8419   -0.1558
   -0.4990   -0.4439   -0.7443
   -0.6958   -0.3068    0.6495
...    47 A-T ...
 -100.9550  -47.2512   93.0113
   -0.7436    0.3145   -0.5900
   -0.0087   -0.8869   -0.4619
   -0.6685   -0.3383    0.6623
...    48 C-G ...
 -103.2899  -47.7614   95.3630
   -0.6137   -0.2165   -0.7593
    0.4017   -0.9135   -0.0642
   -0.6797   -0.3444    0.6476
...    49 T-A ...
 -105.7728  -48.6935   97.4088
   -0.2454   -0.6638   -0.7066
    0.6701   -0.6428    0.3712
   -0.7005   -0.3824    0.6025
...    50 G-C ...
 -107.9966  -50.1825   99.4526
    0.2737   -0.8661   -0.4183
    0.6733   -0.1381    0.7263
   -0.6868   -0.4805    0.5454
...    51 T-A ...
 -110.5671  -51.8558  100.7061
    0.6265   -0.7793    0.0123
    0.4156    0.3474    0.8406
   -0.6594   -0.5215    0.5415
...    52 A-T ...
 -112.6562  -53.5719  102.7187
    0.7982   -0.3556    0.4862
   -0.0819    0.7355    0.6725
   -0.5967   -0.5767    0.5580
...    53 G-C ...
 -114.4567  -55.7447  104.4908
    0.6590    0.1487    0.7373
   -0.5287    0.7888    0.3135
   -0.5350   -0.5964    0.5984
...    54 G-C ...
 -115.9005  -57.8464  106.7241
    0.2743    0.6105    0.7430
   -0.8368    0.5322   -0.1284
   -0.4738   -0.5866    0.6569
...    55 T-A ...
 -116.8890  -59.9203  109.1650
   -0.2309    0.8052    0.5461
   -0.8567    0.0978   -0.5065
   -0.4613   -0.5848    0.6672
...    56 A-T ...
 -118.9596  -62.1477  110.8701
   -0.8056    0.5834    0.1034
   -0.4408   -0.4735   -0.7626
   -0.3959   -0.6599    0.6385
...    57 T-A ...
 -120.0739  -63.8910  113.4847
   -0.9297    0.2177   -0.2971
    0.0622   -0.7023   -0.7091
   -0.3631   -0.6777    0.6394
...    58 C-G ...
 -121.2482  -66.0802  115.6973
   -0.6887   -0.2599   -0.6768
    0.6330   -0.6708   -0.3865
   -0.3536   -0.6946    0.6265
...    59 T-A ...
 -122.6825  -68.2612  117.8001
   -0.1998   -0.5468   -0.8131
    0.9133   -0.4045    0.0476
   -0.3549   -0.7331    0.5802
...    60 C-G ...
 -123.9056  -70.6297  119.7502
    0.4131   -0.6363   -0.6514
    0.8527    0.0190    0.5221
   -0.3198   -0.7712    0.5504
...    61 G-C ...
 -124.6762  -73.2311  121.7922
    0.8658   -0.3792   -0.3264
    0.4631    0.3605    0.8097
   -0.1893   -0.8522    0.4877
...    62 A-T ...
 -125.1899  -76.0829  123.3190
    0.9822   -0.0276    0.1857
   -0.1485    0.4906    0.8586
   -0.1148   -0.8709    0.4778
...    63 G-C ...
 -125.2857  -79.0926  124.7204
    0.7477    0.3185    0.5827
   -0.6637    0.3849    0.6414
   -0.0200   -0.8663    0.4992
...    64 C-G ...
 -124.7735  -81.9622  126.3520
    0.2425    0.5104    0.8250
   -0.9693    0.0921    0.2280
    0.0404   -0.8550    0.5171
...    65 T-A ...
 -124.2805  -84.6827  128.2350
   -0.3452    0.4929    0.7987
   -0.9347   -0.2578   -0.2449
    0.0852   -0.8310    0.5497
...    66 C-G ...
 -123.9668  -87.3409  130.2103
   -0.8504    0.2012    0.4862
   -0.5130   -0.5223   -0.6812
    0.1169   -0.8287    0.5474
...    67 A-T ...
 -123.6627  -90.3392  131.6702
   -0.9859   -0.1587   -0.0534
    0.1308   -0.5306   -0.8375
    0.1046   -0.8327    0.5438
...    68 T-A ...
 -123.5204  -92.7198  134.0046
   -0.7583   -0.4477   -0.4738
    0.6349   -0.3423   -0.6927
    0.1479   -0.8261    0.5438
...    69 G-C ...
 -122.7479  -95.5314  135.6704
   -0.2358   -0.4951   -0.8362
    0.9600    0.0151   -0.2796
    0.1510   -0.8687    0.4717
...    70 T-A ...
 -122.8441  -98.4615  137.2402
    0.3118   -0.3624   -0.8783
    0.9312    0.3000    0.2068
    0.1886   -0.8824    0.4310
...    71 T-A ...
 -122.3308 -101.3736  138.5446
    0.7783   -0.0679   -0.6242
    0.5804    0.4571    0.6740
    0.2396   -0.8868    0.3951
...    72 A-T ...
 -121.3168 -104.3757  139.6319
    0.9119    0.3630   -0.1916
    0.0494    0.3664    0.9291
    0.4075   -0.8567    0.3162
...    73 T-A ...
 -119.8117 -107.2445  140.0141
    0.7915    0.5341    0.2972
   -0.4132    0.1092    0.9041
    0.4504   -0.8383    0.3072
...    74 A-T ...
 -118.2288 -109.9197  141.3203
    0.3338    0.5375    0.7744
   -0.7816   -0.3013    0.5461
    0.5269   -0.7876    0.3196
...    75 A-T ...
 -116.2550 -112.3145  142.3192
   -0.1807    0.2227    0.9580
   -0.8125   -0.5826   -0.0178
    0.5542   -0.7816    0.2862
...    76 C-G ...
 -113.9364 -114.4674  143.5298
   -0.5882   -0.1551    0.7937
   -0.5624   -0.6268   -0.5393
    0.5811   -0.7636    0.2814
...    77 G-C ...
 -112.2269 -117.3382  144.1266
   -0.8119   -0.5009    0.2997
   -0.0788   -0.4147   -0.9066
    0.5784   -0.7597    0.2972
...    78 G-C ...
 -110.1434 -119.7729  145.2980
   -0.7224   -0.6262   -0.2934
    0.3929   -0.0226   -0.9193
    0.5690   -0.7794    0.2623
...    79 A-T ...
 -108.1379 -122.2025  146.3252
   -0.3368   -0.4963   -0.8001
    0.7268    0.4032   -0.5560
    0.5986   -0.7688    0.2250
...    80 T-A ...
 -106.6983 -125.0066  147.2808
    0.0810   -0.2027   -0.9759
    0.7822    0.6197   -0.0638
    0.6177   -0.7582    0.2088
...    81 C-G ...
 -104.6918 -127.5053  148.0096
    0.4777    0.2711   -0.8356
    0.5710    0.6271    0.5299
    0.6677   -0.7303    0.1447
...    82 G-C ...
 -102.1717 -129.7045  148.5486
    0.5731    0.7058   -0.4165
    0.2375    0.3433    0.9087
    0.7843   -0.6197    0.0291
...    83 G-C ...
  -99.3349 -131.4938  148.2122
    0.5003    0.8530    0.1489
   -0.0607   -0.1370    0.9887
    0.8637   -0.5037   -0.0167
...    84 G-C ...
  -96.1296 -132.5919  147.9927
    0.2918    0.6786    0.6740
   -0.2493   -0.6264    0.7386
    0.9234   -0.3836   -0.0136
...    85 A-T ...
  -92.9638 -133.5869  148.1001
    0.0677    0.1560    0.9854
   -0.3213   -0.9317    0.1696
    0.9446   -0.3281   -0.0130
...    86 T-A ...
  -89.6549 -133.9632  148.1119
   -0.0765   -0.3763    0.9233
   -0.2976   -0.8752   -0.3814
    0.9516   -0.3040   -0.0451
...    87 C-G ...
  -86.4577 -134.9003  148.0988
   -0.2081   -0.8528    0.4790
   -0.1782   -0.4484   -0.8759
    0.9617   -0.2676   -0.0587
...    88 C-G ...
  -83.1507 -135.7272  148.1083
   -0.2926   -0.9487   -0.1198
   -0.0316    0.1348   -0.9904
    0.9557   -0.2860   -0.0695
...    89 G-C ...
  -79.8518 -136.2093  147.4229
   -0.3164   -0.6612   -0.6802
    0.0996    0.6900   -0.7170
    0.9434   -0.2946   -0.1525
...    90 C-G ...
  -76.7272 -137.3964  147.2494
   -0.2553   -0.1432   -0.9562
    0.2247    0.9531   -0.2027
    0.9404   -0.2666   -0.2112
...    91 T-A ...
  -73.7033 -138.4871  146.4284
   -0.1857    0.4181   -0.8892
    0.3170    0.8821    0.3485
    0.9301   -0.2171   -0.2963
...    92 T-A ...
  -70.7664 -139.2351  145.3270
   -0.0401    0.8584   -0.5114
    0.3703    0.4881    0.7904
    0.9281   -0.1577   -0.3374
...    93 T-A ...
  -67.8375 -139.6509  144.0474
    0.1107    0.9926    0.0502
    0.3510   -0.0863    0.9324
    0.9298   -0.0856   -0.3580
...    94 A-T ...
  -64.7112 -139.5332  142.8459
    0.1713    0.7602    0.6267
    0.2923   -0.6466    0.7046
    0.9409    0.0625   -0.3329
...    95 A-T ...
  -61.7104 -139.0281  141.7085
    0.3106    0.2397    0.9198
    0.1687   -0.9662    0.1948
    0.9355    0.0946   -0.3405
...    96 C-G ...
  -58.6633 -138.0047  140.7183
    0.3532   -0.3253    0.8772
    0.0044   -0.9370   -0.3493
    0.9355    0.1273   -0.3295
...    97 A-T ...
  -55.5612 -137.8544  139.4901
    0.2635   -0.8321    0.4880
   -0.1842   -0.5400   -0.8213
    0.9469    0.1265   -0.2956
...    98 C-G ...
  -52.2667 -137.1924  139.0913
    0.1343   -0.9896   -0.0524
   -0.3040    0.0092   -0.9526
    0.9432    0.1438   -0.2996
...    99 T-A ...
  -49.0252 -136.7837  138.3365
   -0.0790   -0.8177   -0.5702
   -0.3415    0.5596   -0.7552
    0.9366    0.1351   -0.3234
...   100 T-A ...
  -45.8967 -136.4357  137.4926
   -0.2514   -0.3222   -0.9127
   -0.2584    0.9311   -0.2575
    0.9328    0.1711   -0.3173
...   101 T-A ...
  -42.8339 -136.0448  136.4944
   -0.3753    0.2805   -0.8835
   -0.0803    0.9397    0.3324
    0.9234    0.1957   -0.3301
...   102 A-T ...
  -39.7998 -135.1874  135.3489
   -0.4540    0.7605   -0.4643
    0.1783    0.5881    0.7889
    0.8730    0.2753   -0.4026
...   103 T-A ...
  -37.2288 -134.4720  133.4592
   -0.3302    0.9437    0.0184
    0.3939    0.1200    0.9113
    0.8578    0.3082   -0.4113
...   104 G-C ...
  -34.3906 -133.0784  132.2917
   -0.1444    0.7925    0.5925
    0.5638   -0.4262    0.7075
    0.8132    0.4362   -0.3853
...   105 C-G ...
  -32.0117 -131.1434  130.9627
    0.1614    0.3972    0.9034
    0.5842   -0.7762    0.2369
    0.7954    0.4896   -0.3574
...   106 T-A ...
  -29.5250 -129.1494  129.9435
    0.4275   -0.1198    0.8960
    0.4365   -0.8406   -0.3206
    0.7916    0.5282   -0.3071
...   107 T-A ...
  -27.0802 -127.1628  129.0711
    0.6409   -0.5741    0.5095
    0.0923   -0.6014   -0.7936
    0.7620    0.5557   -0.3325
...   108 C-G ...
  -24.5385 -125.2721  128.0738
    0.5666   -0.8187   -0.0929
   -0.3241   -0.1178   -0.9387
    0.7576    0.5620   -0.3321
...   109 C-G ...
  -21.8696 -123.3723  127.1654
    0.2373   -0.7679   -0.5950
   -0.5902    0.3725   -0.7162
    0.7716    0.5211   -0.3648
...   110 G-C ...
  -19.6204 -121.2709  125.7249
   -0.2249   -0.4504   -0.8640
   -0.6275    0.7453   -0.2252
    0.7454    0.4915   -0.4503
...   111 G-C ...
  -16.9960 -119.7545  124.2321
   -0.6048    0.0028   -0.7964
   -0.3957    0.8668    0.3035
    0.6912    0.4987   -0.5231
...   112 C-G ...
  -14.6598 -118.4546  122.2597
   -0.7632    0.4539   -0.4599
    0.0097    0.7197    0.6942
    0.6461    0.5253   -0.5537
...   113 T-A ...
  -12.7423 -116.7652  120.1386
   -0.6869    0.7258    0.0362
    0.4389    0.3746    0.8167
    0.5792    0.5769   -0.5759
...   114 C-G ...
  -11.0021 -114.7476  118.2187
   -0.3148    0.7779    0.5439
    0.7775   -0.1174    0.6178
    0.5444    0.6174   -0.5678
...   115 G-C ...
   -8.9709 -112.5120  116.6844
    0.1316    0.4987    0.8567
    0.8521   -0.4986    0.1593
    0.5066    0.7090   -0.4906
...   116 T-A ...
   -7.8011 -109.7478  115.2196
    0.5613    0.1339    0.8167
    0.6528   -0.6782   -0.3375
    0.5087    0.7226   -0.4680
...   117 A-T ...
   -5.9373 -107.5649  113.3965
    0.8624   -0.3249    0.3883
    0.1300   -0.5992   -0.7900
    0.4893    0.7317   -0.4745
...   118 T-A ...
   -4.3167 -104.8287  112.4509
    0.8108   -0.5782   -0.0916
   -0.3431   -0.3427   -0.8746
    0.4743    0.7405   -0.4762
...   119 A-T ...
   -3.1119 -102.3171  110.4754
    0.3959   -0.6413   -0.6573
   -0.7999    0.1108   -0.5898
    0.4511    0.7593   -0.4691
...   120 A-T ...
   -1.4445  -99.8992  109.0684
   -0.1473   -0.4411   -0.8853
   -0.8845    0.4594   -0.0817
    0.4428    0.7709   -0.4578
...   121 T-A ...
    0.5304  -97.7763  107.4935
   -0.5865   -0.1382   -0.7981
   -0.6804    0.6187    0.3928
    0.4395    0.7734   -0.4568
...   122 G-C ...
    1.6984  -94.9933  106.0190
   -0.9126    0.1822   -0.3659
   -0.1911    0.6010    0.7760
    0.3613    0.7782   -0.5137
...   123 T-A ...
    2.7362  -92.7469  103.8003
   -0.8827    0.4522    0.1277
    0.3339    0.4125    0.8476
    0.3306    0.7908   -0.5151
...   124 G-C ...
    3.7732  -89.8961  102.3568
   -0.5414    0.5352    0.6485
    0.8011    0.0942    0.5910
    0.2552    0.8395   -0.4798
...   125 T-A ...
    3.9816  -87.0560  100.6171
   -0.0283    0.4788    0.8775
    0.9685   -0.2042    0.1426
    0.2474    0.8539   -0.4579
...   126 C-G ...
    4.7079  -84.1624   99.1975
    0.5589    0.2368    0.7947
    0.7900   -0.4432   -0.4235
    0.2519    0.8645   -0.4348
...   127 G-C ...
    5.8748  -81.4115   97.6021
    0.8848   -0.1490    0.4416
    0.3278   -0.4745   -0.8169
    0.3313    0.8676   -0.3710
...   128 A-T ...
    6.9506  -78.5036   96.4694
    0.8926   -0.4310   -0.1322
   -0.2733   -0.2843   -0.9189
    0.3585    0.8564   -0.3716
...   129 C-G ...
    8.4420  -75.6018   95.8023
    0.5925   -0.5415   -0.5964
   -0.7088    0.0012   -0.7054
    0.3827    0.8407   -0.3831
...   130 C-G ...
   10.0089  -72.8668   94.5701
    0.0585   -0.5173   -0.8538
   -0.9094    0.3252   -0.2594
    0.4119    0.7916   -0.4514
...   131 A-T ...
   11.1198  -70.1296   92.9700
   -0.5273   -0.2970   -0.7961
   -0.7548    0.5939    0.2784
    0.3901    0.7477   -0.5374
...   132 A-T ...
   12.4968  -67.8632   91.0882
   -0.8686    0.1130   -0.4825
   -0.2980    0.6589    0.6907
    0.3960    0.7437   -0.5386
...   133 A-T ...
   13.7629  -65.5922   89.1281
   -0.8702    0.4925    0.0097
    0.2737    0.4670    0.8409
    0.4096    0.7344   -0.5412
...   134 T-A ...
   14.7384  -63.4257   86.8200
   -0.5923    0.6747    0.4404
    0.6886    0.1401    0.7115
    0.4183    0.7247   -0.5475
...   135 G-C ...
   15.7317  -61.4927   83.9331
    0.0341    0.7400    0.6717
    0.8636   -0.3601    0.3528
    0.5030    0.5681   -0.6514
...   136 T-A ...
   15.7848  -59.5603   80.7993
    0.5517    0.4998    0.6677
    0.6739   -0.7388   -0.0038
    0.4915    0.4520   -0.7444
...   137 G-C ...
   16.8385  -57.7218   78.2676
    0.8528   -0.0848    0.5153
    0.1507   -0.9048   -0.3983
    0.5000    0.4173   -0.7588
...   138 A-T ...
   18.4282  -55.5286   76.5299
    0.8547   -0.5006    0.1371
   -0.3188   -0.7148   -0.6224
    0.4096    0.4883   -0.7706
...   139 G-C ...
   20.4259  -54.3092   74.5420
    0.5847   -0.7389   -0.3347
   -0.7593   -0.3533   -0.5465
    0.2856    0.5737   -0.7676
...   140 C-G ...
   21.4269  -51.8265   72.7876
    0.1304   -0.7144   -0.6875
   -0.8897    0.2216   -0.3991
    0.4375    0.6637   -0.6067
...   141 G-C ...
   22.1521  -50.1493   67.4640
   -0.4682   -0.8748    0.1248
   -0.8494    0.4066   -0.3364
    0.2435   -0.2635   -0.9334
...   142 C-G ...
   22.3488  -51.2412   64.4934
   -0.8528   -0.5119   -0.1032
   -0.4975    0.8565   -0.1374
    0.1587   -0.0659   -0.9851
...   143 T-A ...
   24.0166  -51.6377   61.9248
   -0.9562    0.0401   -0.2898
    0.0524    0.9980   -0.0348
    0.2878   -0.0485   -0.9564
...   144 C-G ...
   24.8958  -52.7394   58.9874
   -0.7529    0.5560   -0.3520
    0.5214    0.8304    0.1965
    0.4016   -0.0356   -0.9151
...   145 A-T ...
   25.5275  -52.9802   55.8054
   -0.2442    0.9563   -0.1610
    0.8906    0.2869    0.3528
    0.3836   -0.0573   -0.9217
...   146 C-G ...
   25.2778  -52.5121   52.0797
    0.3204    0.9427   -0.0929
    0.8825   -0.2614    0.3909
    0.3443   -0.2072   -0.9157
...   147 A-T ...
   25.6238  -52.5938   48.6396
    0.8597    0.5097    0.0339
    0.4496   -0.7865    0.4233
    0.2424   -0.3487   -0.9053
