  147 base-pairs
...     1 T-A ...
    0.0000    0.0000    0.0000
    1.0000    0.0000    0.0000
    0.0000    1.0000    0.0000
    0.0000    0.0000    1.0000
...     2 G-C ...
   -0.5555   -1.1003    3.3981
    0.7749    0.6051    0.1828
   -0.5991    0.7953   -0.0929
   -0.2016   -0.0375    0.9787
...     3 T-A ...
   -0.6619   -3.0237    6.5348
    0.3046    0.9250    0.2271
   -0.8994    0.3578   -0.2510
   -0.3134   -0.1278    0.9410
...     4 G-C ...
   -1.1607   -3.8418    9.6940
   -0.3351    0.9421    0.0133
   -0.8752   -0.3061   -0.3746
   -0.3489   -0.1372    0.9271
...     5 A-T ...
   -1.3881   -3.6770   12.8999
   -0.7835    0.6162   -0.0801
   -0.5677   -0.7622   -0.3109
   -0.2527   -0.1981    0.9470
...     6 G-C ...
   -2.6236   -3.5448   15.7072
   -0.9923    0.0611   -0.1075
   -0.0294   -0.9610   -0.2748
   -0.1201   -0.2695    0.9555
...     7 C-G ...
   -2.3138   -3.7570   18.8866
   -0.8620   -0.4995   -0.0864
    0.5008   -0.8655    0.0073
   -0.0785   -0.0370    0.9962
...     8 G-C ...
   -3.9561   -6.8109   23.3205
   -0.2581   -0.3560   -0.8981
    0.6294   -0.7673    0.1233
   -0.7330   -0.5335    0.4221
...     9 C-G ...
   -6.1177   -8.9414   24.2385
    0.1143   -0.7320   -0.6716
    0.8123   -0.3203    0.4874
   -0.5720   -0.6013    0.5580
...    10 T-A ...
   -8.5041   -9.6771   26.0540
    0.4660   -0.8587   -0.2131
    0.6274    0.1508    0.7640
   -0.6239   -0.4897    0.6090
...    11 C-G ...
  -11.0625  -11.3174   27.2336
    0.6660   -0.6911    0.2808
    0.3382    0.6152    0.7121
   -0.6649   -0.3794    0.6435
...    12 A-T ...
  -13.0013  -13.1789   29.0658
    0.7188   -0.1490    0.6790
   -0.1787    0.9043    0.3876
   -0.6718   -0.4000    0.6235
...    13 C-G ...
  -14.1788  -15.9359   31.3399
    0.4052    0.2865    0.8682
   -0.5270    0.8492   -0.0343
   -0.7470   -0.4437    0.4951
...    14 A-T ...
  -15.9532  -18.1566   33.3080
   -0.1503    0.6873    0.7107
   -0.6106    0.5008   -0.6135
   -0.7776   -0.5261    0.3444
...    15 A-T ...
  -18.4939  -19.7750   34.5349
   -0.4489    0.8728    0.1918
   -0.4193   -0.0162   -0.9077
   -0.7891   -0.4879    0.3732
...    16 T-A ...
  -20.8775  -21.2068   36.4729
   -0.6320    0.7018   -0.3287
   -0.1001   -0.4945   -0.8634
   -0.7684   -0.5128    0.3828
...    17 T-A ...
  -23.3807  -22.6200   38.0576
   -0.6007    0.2459   -0.7607
    0.2963   -0.8153   -0.4975
   -0.7426   -0.5242    0.4169
...    18 T-A ...
  -25.9256  -24.0733   39.5380
   -0.3363   -0.2983   -0.8933
    0.5950   -0.8025    0.0441
   -0.7300   -0.5166    0.4474
...    19 A-T ...
  -28.2389  -26.0022   41.3082
    0.1138   -0.8087   -0.5771
    0.6801   -0.3600    0.6386
   -0.7242   -0.4652    0.5091
...    20 T-A ...
  -31.0780  -27.2962   42.5329
    0.4290   -0.8965   -0.1110
    0.5275    0.1489    0.8364
   -0.7333   -0.4174    0.5368
...    21 T-A ...
  -33.6016  -28.6928   44.0495
    0.6340   -0.6411    0.4325
    0.1701    0.6612    0.7307
   -0.7544   -0.3897    0.5282
...    22 C-G ...
  -36.1112  -29.9332   45.8042
    0.6325   -0.1025    0.7678
   -0.2478    0.9124    0.3259
   -0.7339   -0.3964    0.5517
...    23 G-C ...
  -38.8134  -30.6436   47.7760
    0.5050    0.4883    0.7118
   -0.5677    0.8090   -0.1522
   -0.6501   -0.3273    0.6857
...    24 C-G ...
  -40.6827  -31.9900   50.1146
    0.1712    0.8602    0.4803
   -0.7453    0.4319   -0.5079
   -0.6444   -0.2710    0.7150
...    25 A-T ...
  -43.1807  -32.6973   52.2202
   -0.2373    0.9712    0.0232
   -0.7191   -0.1596   -0.6763
   -0.6531   -0.1771    0.7363
...    26 A-T ...
  -45.2762  -33.0770   54.7202
   -0.5993    0.7004   -0.3877
   -0.4599   -0.6976   -0.5494
   -0.6553   -0.1509    0.7402
...    27 A-T ...
  -47.2670  -33.2675   57.3020
   -0.7646    0.1556   -0.6254
   -0.0202   -0.9757   -0.2182
   -0.6441   -0.1542    0.7492
...    28 G-C ...
  -49.5990  -33.2965   59.7741
   -0.6220   -0.3967   -0.6751
    0.3853   -0.9056    0.1771
   -0.6817   -0.1500    0.7161
...    29 G-C ...
  -52.1753  -33.6304   62.0585
   -0.2413   -0.8477   -0.4724
    0.6671   -0.4984    0.5536
   -0.7048   -0.1815    0.6858
...    30 C-G ...
  -54.7392  -34.1692   64.0593
    0.2086   -0.9730   -0.0984
    0.6789    0.0717    0.7308
   -0.7040   -0.2192    0.6755
...    31 C-G ...
  -57.3227  -34.7787   66.1613
    0.5979   -0.7470    0.2908
    0.4413    0.6096    0.6585
   -0.6692   -0.2654    0.6941
...    32 G-C ...
  -59.2695  -35.3087   68.5493
    0.8052   -0.2803    0.5225
    0.0490    0.9096    0.4125
   -0.5910   -0.3066    0.7462
...    33 G-C ...
  -60.9759  -36.5160   71.1710
    0.7325    0.3067    0.6078
   -0.4248    0.9036    0.0560
   -0.5320   -0.2992    0.7921
...    34 C-G ...
  -62.4471  -37.7425   73.8435
    0.3934    0.7794    0.4875
   -0.7701    0.5691   -0.2883
   -0.5022   -0.2620    0.8241
...    35 C-G ...
  -63.7700  -38.3649   76.9330
   -0.0775    0.9805    0.1803
   -0.8730    0.0206   -0.4873
   -0.4815   -0.1952    0.8544
...    36 C-G ...
  -65.2303  -38.7136   79.9603
   -0.5399    0.8232   -0.1755
   -0.6971   -0.5542   -0.4549
   -0.4717   -0.1233    0.8731
...    37 G-C ...
  -67.2135  -39.8655   82.5182
   -0.8087    0.3656   -0.4609
   -0.2680   -0.9264   -0.2647
   -0.5237   -0.0905    0.8471
...    38 A-T ...
  -68.8278  -40.1070   85.2588
   -0.8084   -0.2592   -0.5285
    0.2720   -0.9607    0.0551
   -0.5220   -0.0992    0.8472
...    39 C-G ...
  -70.8581  -40.0620   87.7689
   -0.5210   -0.7255   -0.4496
    0.6519   -0.6783    0.3391
   -0.5510   -0.1165    0.8263
...    40 A-T ...
  -72.7852  -40.5586   90.4971
    0.0098   -0.9774   -0.2114
    0.8297   -0.1101    0.5472
   -0.5581   -0.1807    0.8098
...    41 C-G ...
  -74.9587  -41.4521   92.8382
    0.4694   -0.8799    0.0738
    0.6941    0.4194    0.5851
   -0.5458   -0.2234    0.8076
...    42 G-C ...
  -76.4350  -41.9048   95.8065
    0.8284   -0.4352    0.3527
    0.2622    0.8576    0.4425
   -0.4950   -0.2741    0.8245
...    43 A-T ...
  -78.0879  -42.7912   98.3769
    0.8246    0.1623    0.5419
   -0.2765    0.9514    0.1357
   -0.4935   -0.2617    0.8294
...    44 C-G ...
  -79.3832  -44.2178  101.0610
    0.5682    0.6631    0.4872
   -0.6894    0.7069   -0.1581
   -0.4493   -0.2461    0.8588
...    45 T-A ...
  -80.3751  -45.2984  104.3585
    0.0797    0.9612    0.2641
   -0.8977    0.1844   -0.4001
   -0.4333   -0.2052    0.8776
...    46 T-A ...
  -81.5443  -45.9694  107.2871
   -0.4212    0.9069    0.0096
   -0.7935   -0.3633   -0.4883
   -0.4393   -0.2133    0.8727
...    47 A-T ...
  -83.2564  -46.8428  110.0761
   -0.8342    0.4568   -0.3089
   -0.3346   -0.8646   -0.3750
   -0.4384   -0.2095    0.8740
...    48 C-G ...
  -84.6772  -46.8489  113.1157
   -0.8749   -0.0811   -0.4775
    0.1671   -0.9759   -0.1404
   -0.4546   -0.2026    0.8674
...    49 T-A ...
  -86.4847  -47.1780  115.9697
   -0.6053   -0.5839   -0.5410
    0.6074   -0.7781    0.1601
   -0.5144   -0.2317    0.8256
...    50 G-C ...
  -88.2801  -48.1665  118.6605
   -0.0786   -0.8910   -0.4471
    0.8385   -0.3017    0.4537
   -0.5392   -0.3392    0.7708
...    51 T-A ...
  -90.4295  -49.2678  120.7854
    0.3914   -0.9007   -0.1885
    0.7546    0.1968    0.6260
   -0.5267   -0.3872    0.7567
...    52 A-T ...
  -92.0039  -50.6934  123.3779
    0.8139   -0.5629    0.1440
    0.3555    0.6785    0.6428
   -0.4595   -0.4720    0.7524
...    53 G-C ...
  -93.6062  -52.3375  125.6848
    0.9224   -0.0750    0.3789
   -0.1339    0.8580    0.4959
   -0.3622   -0.5082    0.7814
...    54 G-C ...
  -94.3992  -54.7125  128.2687
    0.7090    0.4685    0.5271
   -0.6487    0.7263    0.2271
   -0.2765   -0.5030    0.8189
...    55 T-A ...
  -94.7846  -56.5334  130.9727
    0.2606    0.7846    0.5626
   -0.9311    0.3583   -0.0683
   -0.2551   -0.5061    0.8239
...    56 A-T ...
  -95.2468  -58.1872  133.9128
   -0.3486    0.8540    0.3862
   -0.9064   -0.2024   -0.3707
   -0.2385   -0.4793    0.8447
...    57 T-A ...
  -95.3877  -59.4807  136.9543
   -0.7855    0.5988    0.1562
   -0.5793   -0.6226   -0.5261
   -0.2178   -0.5038    0.8359
...    58 C-G ...
  -96.1170  -60.9431  139.9282
   -0.9758    0.0664   -0.2082
    0.0531   -0.8522   -0.5206
   -0.2120   -0.5190    0.8280
...    59 T-A ...
  -97.1023  -62.4488  142.7823
   -0.7773   -0.3830   -0.4990
    0.5766   -0.7510   -0.3217
   -0.2516   -0.5378    0.8047
...    60 C-G ...
  -97.9317  -64.2146  145.5633
   -0.2683   -0.7370   -0.6204
    0.9313   -0.3631    0.0286
   -0.2463   -0.5702    0.7837
...    61 G-C ...
  -98.2033  -66.3531  148.1288
    0.3059   -0.6845   -0.6617
    0.9304    0.0673    0.3604
   -0.2022   -0.7259    0.6574
...    62 A-T ...
  -98.7432  -68.6111  150.4592
    0.8012   -0.4567   -0.3867
    0.5862    0.4692    0.6605
   -0.1202   -0.7558    0.6436
...    63 G-C ...
  -99.0442  -71.3403  152.3383
    0.9969   -0.0719   -0.0333
    0.0707    0.6173    0.7836
   -0.0358   -0.7835    0.6204
...    64 C-G ...
  -98.8784  -74.2900  154.0448
    0.8523    0.3356    0.4011
   -0.5226    0.5167    0.6782
    0.0203   -0.7877    0.6158
...    65 T-A ...
  -98.5958  -76.9321  156.0028
    0.4277    0.5839    0.6901
   -0.9003    0.2074    0.3826
    0.0803   -0.7849    0.6144
...    66 C-G ...
  -98.5473  -79.2585  158.3139
   -0.2076    0.5845    0.7844
   -0.9662   -0.2480   -0.0709
    0.1531   -0.7726    0.6162
...    67 G-C ...
  -99.1549  -82.2294  160.2610
   -0.7447    0.3267    0.5820
   -0.6442   -0.5796   -0.4990
    0.1743   -0.7465    0.6421
...    68 G-C ...
  -98.4236  -84.6715  162.5295
   -0.9863   -0.0435    0.1594
   -0.0957   -0.6362   -0.7656
    0.1347   -0.7703    0.6233
...    69 G-C ...
  -97.9747  -87.1283  164.7668
   -0.8811   -0.3208   -0.3475
    0.4696   -0.5061   -0.7234
    0.0562   -0.8006    0.5966
...    70 A-T ...
  -97.8959  -89.6746  166.9627
   -0.4160   -0.5443   -0.7285
    0.9070   -0.1901   -0.3758
    0.0660   -0.8171    0.5727
...    71 T-A ...
  -98.2901  -92.3125  168.8982
    0.1181   -0.5289   -0.8405
    0.9903    0.1256    0.0601
    0.0738   -0.8394    0.5385
...    72 C-G ...
  -98.1987  -95.1897  170.5227
    0.6737   -0.2994   -0.6756
    0.7310    0.4040    0.5499
    0.1083   -0.8644    0.4911
...    73 C-G ...
  -97.9739  -98.0433  172.1280
    0.9287    0.0954   -0.3583
    0.2699    0.4885    0.8297
    0.2542   -0.8673    0.4280
...    74 G-C ...
  -96.8045 -100.6886  173.8388
    0.8706    0.4821    0.0978
   -0.2634    0.2889    0.9204
    0.4155   -0.8271    0.3785
...    75 C-G ...
  -94.8402 -103.4152  174.7414
    0.5512    0.5683    0.6109
   -0.6988   -0.0857    0.7102
    0.4560   -0.8184    0.3499
...    76 T-A ...
  -92.5944 -105.7909  176.1121
    0.0510    0.3890    0.9198
   -0.8435   -0.4763    0.2482
    0.5347   -0.7886    0.3038
...    77 T-A ...
  -90.5222 -108.1646  177.0503
   -0.4206   -0.0568    0.9055
   -0.6986   -0.6165   -0.3631
    0.5788   -0.7853    0.2196
...    78 T-A ...
  -88.2814 -110.4637  177.8806
   -0.6950   -0.4921    0.5243
   -0.3276   -0.4323   -0.8401
    0.6401   -0.7556    0.1392
...    79 A-T ...
  -85.9965 -112.8972  177.2655
   -0.6453   -0.7536   -0.1254
    0.1441    0.0411   -0.9887
    0.7502   -0.6560    0.0821
...    80 A-T ...
  -83.5700 -114.9867  177.6746
   -0.4231   -0.5942   -0.6840
    0.4583    0.5109   -0.7273
    0.7816   -0.6212    0.0562
...    81 C-G ...
  -81.2517 -117.4023  178.1836
   -0.1213   -0.1937   -0.9735
    0.5942    0.7714   -0.2276
    0.7951   -0.6061    0.0215
...    82 A-T ...
  -78.5599 -119.4281  178.1431
    0.1510    0.3681   -0.9174
    0.5606    0.7325    0.3862
    0.8142   -0.5726   -0.0957
...    83 C-G ...
  -76.1284 -121.5007  177.2170
    0.3801    0.7324   -0.5649
    0.4151    0.4108    0.8118
    0.8266   -0.5430   -0.1479
...    84 T-A ...
  -73.2884 -123.3319  176.0933
    0.4615    0.8858    0.0483
    0.1476   -0.1304    0.9804
    0.8748   -0.4453   -0.1909
...    85 T-A ...
  -70.4141 -124.5910  175.1659
    0.4796    0.6221    0.6188
   -0.1342   -0.6449    0.7524
    0.8672   -0.4439   -0.2258
...    86 T-A ...
  -67.5045 -125.7947  174.2517
    0.3426    0.1058    0.9335
   -0.3865   -0.8898    0.2427
    0.8563   -0.4440   -0.2639
...    87 A-T ...
  -64.6980 -127.6179  173.1389
    0.0672   -0.6134    0.7869
   -0.5414   -0.6849   -0.4876
    0.8381   -0.3933   -0.3782
...    88 T-A ...
  -61.6029 -128.4838  172.3839
   -0.2018   -0.8745    0.4411
   -0.5086   -0.2914   -0.8102
    0.8371   -0.3878   -0.3859
...    89 G-C ...
  -58.7963 -129.8847  171.3308
   -0.5403   -0.8332   -0.1179
   -0.2570    0.2968   -0.9197
    0.8013   -0.4666   -0.3745
...    90 C-G ...
  -56.2668 -131.7042  170.3142
   -0.6301   -0.5054   -0.5896
    0.0544    0.7286   -0.6827
    0.7746   -0.4623   -0.4316
...    91 T-A ...
  -53.6238 -133.5670  169.1154
   -0.5364    0.0354   -0.8432
    0.3963    0.8927   -0.2146
    0.7451   -0.4493   -0.4929
...    92 T-A ...
  -51.3742 -135.1283  167.4754
   -0.2932    0.5605   -0.7745
    0.6384    0.7178    0.2778
    0.7116   -0.4130   -0.5683
...    93 C-G ...
  -49.2136 -136.4223  165.3672
    0.0388    0.9117   -0.4091
    0.7124    0.2618    0.6511
    0.7007   -0.3167   -0.6393
...    94 C-G ...
  -47.0128 -137.3550  163.1199
    0.3093    0.9471    0.0858
    0.6094   -0.2667    0.7466
    0.7300   -0.1786   -0.6597
...    95 G-C ...
  -44.4174 -137.5493  161.3861
    0.4938    0.6821    0.5394
    0.4269   -0.7305    0.5330
    0.7576   -0.0329   -0.6519
...    96 G-C ...
  -41.6224 -137.0717  159.5074
    0.6143    0.1595    0.7728
    0.1388   -0.9859    0.0931
    0.7768    0.0500   -0.6278
...    97 C-G ...
  -38.8148 -136.3330  157.7773
    0.5701   -0.4307    0.6996
   -0.2066   -0.8994   -0.3852
    0.7952    0.0751   -0.6017
...    98 T-A ...
  -36.1481 -135.9751  155.8405
    0.3776   -0.8571    0.3505
   -0.4729   -0.5039   -0.7228
    0.7961    0.1072   -0.5956
...    99 C-G ...
  -33.5751 -135.5389  153.6987
    0.0086   -0.9815   -0.1911
   -0.6212    0.1445   -0.7702
    0.7836    0.1253   -0.6085
...   100 G-C ...
  -31.3224 -134.7580  151.3629
   -0.4169   -0.6933   -0.5878
   -0.5300    0.7108   -0.4625
    0.7384    0.1187   -0.6638
...   101 T-A ...
  -28.7722 -135.1356  149.1630
   -0.6820   -0.1868   -0.7071
   -0.2233    0.9738   -0.0420
    0.6965    0.1293   -0.7059
...   102 A-T ...
  -26.4871 -135.1159  146.5891
   -0.7580    0.4061   -0.5104
    0.2297    0.8986    0.3739
    0.6104    0.1661   -0.7744
...   103 T-A ...
  -24.8705 -135.0373  143.7739
   -0.5576    0.8033   -0.2094
    0.5932    0.5621    0.5763
    0.5806    0.1972   -0.7899
...   104 C-G ...
  -23.0973 -134.3960  141.1156
   -0.1166    0.9641    0.2387
    0.8202   -0.0420    0.5705
    0.5600    0.2623   -0.7859
...   105 A-T ...
  -21.5289 -133.3533  138.2711
    0.2785    0.7476    0.6030
    0.8092   -0.5208    0.2720
    0.5174    0.4122   -0.7500
...   106 T-A ...
  -20.1704 -131.5905  135.8673
    0.6343    0.3558    0.6864
    0.5624   -0.8215   -0.0940
    0.5304    0.4457   -0.7211
...   107 G-C ...
  -18.3713 -129.8777  133.5144
    0.8246   -0.2489    0.5080
    0.0645   -0.8507   -0.5216
    0.5620    0.4629   -0.6855
...   108 T-A ...
  -16.4366 -127.8297  131.5752
    0.7303   -0.6756    0.1014
   -0.4188   -0.5600   -0.7148
    0.5397    0.4795   -0.6919
...   109 T-A ...
  -14.6467 -126.0841  129.5127
    0.3576   -0.8528   -0.3806
   -0.7793   -0.0479   -0.6248
    0.5146    0.5201   -0.6817
...   110 A-T ...
  -13.2744 -124.0559  127.0417
   -0.2440   -0.6295   -0.7377
   -0.8354    0.5228   -0.1698
    0.4926    0.5748   -0.6535
...   111 T-A ...
  -11.1715 -122.6483  124.9513
   -0.6409   -0.2576   -0.7231
   -0.5925    0.7649    0.2527
    0.4880    0.5904   -0.6429
...   112 A-T ...
   -9.6326 -120.3092  122.9786
   -0.8810    0.2857   -0.3772
   -0.0412    0.7477    0.6627
    0.4714    0.5994   -0.6469
...   113 A-T ...
   -8.2569 -118.4696  120.7640
   -0.7600    0.6434    0.0917
    0.4740    0.4522    0.7556
    0.4447    0.6177   -0.6486
...   114 C-G ...
   -7.2965 -116.5158  118.1480
   -0.3745    0.7715    0.5142
    0.8217    0.0192    0.5697
    0.4296    0.6359   -0.6411
...   115 G-C ...
   -5.6844 -114.2327  116.4138
    0.1376    0.5770    0.8051
    0.9099   -0.3948    0.1275
    0.3915    0.7149   -0.5793
...   116 G-C ...
   -4.3939 -111.5766  114.9283
    0.5683    0.1971    0.7988
    0.7167   -0.5955   -0.3630
    0.4042    0.7788   -0.4797
...   117 A-T ...
   -3.2230 -108.7704  113.4695
    0.8906   -0.2101    0.4033
    0.2161   -0.5850   -0.7818
    0.4001    0.7834   -0.4756
...   118 T-A ...
   -1.9016 -105.8886  112.5679
    0.8742   -0.4776   -0.0881
   -0.2974   -0.3831   -0.8745
    0.3839    0.7907   -0.4770
...   119 A-T ...
   -0.8788 -103.1404  110.7085
    0.4568   -0.5768   -0.6772
   -0.8164    0.0306   -0.5767
    0.3534    0.8163   -0.4569
...   120 A-T ...
    0.5441 -100.5310  109.3750
   -0.1095   -0.4593   -0.8815
   -0.9301    0.3603   -0.0721
    0.3507    0.8120   -0.4666
...   121 T-A ...
    2.2492  -98.1688  107.7399
   -0.5893   -0.1902   -0.7852
   -0.7271    0.5485    0.4129
    0.3522    0.8143   -0.4615
...   122 G-C ...
    3.4257  -95.3650  106.0678
   -0.9375    0.1310   -0.3224
   -0.1994    0.5570    0.8062
    0.2852    0.8201   -0.4960
...   123 T-A ...
    4.2575  -92.9130  104.0207
   -0.9049    0.3949    0.1591
    0.3266    0.4044    0.8543
    0.2730    0.8250   -0.4949
...   124 G-C ...
    5.0928  -90.0797  102.3623
   -0.5362    0.5083    0.6739
    0.8166    0.1102    0.5666
    0.2137    0.8541   -0.4742
...   125 T-A ...
    5.3110  -87.3440  100.6702
   -0.0243    0.4525    0.8914
    0.9789   -0.1703    0.1131
    0.2030    0.8753   -0.4389
...   126 C-G ...
    5.9088  -84.4925   99.3635
    0.5693    0.2650    0.7782
    0.7997   -0.3981   -0.4495
    0.1907    0.8783   -0.4385
...   127 G-C ...
    7.0507  -81.8229   97.6580
    0.8873   -0.1163    0.4463
    0.3540   -0.4485   -0.8207
    0.2956    0.8862   -0.3568
...   128 A-T ...
    7.8805  -78.9565   96.5321
    0.9210   -0.3664   -0.1323
   -0.2527   -0.3036   -0.9187
    0.2964    0.8796   -0.3722
...   129 C-G ...
    9.1571  -75.9401   96.0390
    0.6236   -0.5102   -0.5923
   -0.7082   -0.0480   -0.7044
    0.3309    0.8587   -0.3913
...   130 C-G ...
   10.7812  -73.2281   94.7435
    0.1008   -0.5396   -0.8359
   -0.9189    0.2717   -0.2862
    0.3815    0.7969   -0.4684
...   131 A-T ...
   11.2660  -70.2448   93.1056
   -0.5066   -0.3202   -0.8005
   -0.7821    0.5616    0.2702
    0.3630    0.7630   -0.5349
...   132 A-T ...
   12.4780  -67.8519   91.2045
   -0.8713    0.0718   -0.4854
   -0.3272    0.6521    0.6839
    0.3657    0.7547   -0.5447
...   133 A-T ...
   13.7461  -65.6361   89.1362
   -0.8750    0.4840   -0.0038
    0.2573    0.4717    0.8434
    0.4100    0.7371   -0.5372
...   134 T-A ...
   14.7384  -63.4258   86.8199
   -0.5923    0.6747    0.4404
    0.6886    0.1401    0.7115
    0.4183    0.7247   -0.5475
...   135 G-C ...
   15.7316  -61.4928   83.9330
    0.0341    0.7400    0.6717
    0.8636   -0.3601    0.3528
    0.5030    0.5681   -0.6514
...   136 T-A ...
   15.7848  -59.5604   80.7992
    0.5517    0.4998    0.6677
    0.6739   -0.7388   -0.0038
    0.4915    0.4520   -0.7444
...   137 G-C ...
   16.8385  -57.7218   78.2675
    0.8528   -0.0848    0.5153
    0.1507   -0.9048   -0.3983
    0.5000    0.4173   -0.7588
...   138 A-T ...
   18.4282  -55.5286   76.5298
    0.8547   -0.5006    0.1371
   -0.3188   -0.7148   -0.6224
    0.4096    0.4883   -0.7706
...   139 G-C ...
   20.4259  -54.3093   74.5419
    0.5847   -0.7389   -0.3347
   -0.7593   -0.3533   -0.5465
    0.2856    0.5737   -0.7676
...   140 C-G ...
   21.4269  -51.8266   72.7875
    0.1304   -0.7144   -0.6875
   -0.8897    0.2216   -0.3991
    0.4375    0.6637   -0.6067
...   141 G-C ...
   22.1521  -50.1494   67.4639
   -0.4682   -0.8748    0.1248
   -0.8494    0.4066   -0.3364
    0.2435   -0.2635   -0.9334
...   142 C-G ...
   22.3488  -51.2413   64.4933
   -0.8528   -0.5119   -0.1032
   -0.4975    0.8565   -0.1374
    0.1587   -0.0659   -0.9851
...   143 T-A ...
   24.0166  -51.6378   61.9247
   -0.9562    0.0401   -0.2898
    0.0524    0.9980   -0.0348
    0.2878   -0.0485   -0.9564
...   144 C-G ...
   24.8957  -52.7395   58.9873
   -0.7529    0.5560   -0.3520
    0.5214    0.8304    0.1965
    0.4016   -0.0356   -0.9151
...   145 A-T ...
   25.5275  -52.9803   55.8052
   -0.2442    0.9563   -0.1610
    0.8906    0.2869    0.3528
    0.3836   -0.0573   -0.9217
...   146 C-G ...
   25.2777  -52.5122   52.0796
    0.3204    0.9427   -0.0929
    0.8825   -0.2614    0.3909
    0.3443   -0.2072   -0.9157
...   147 A-T ...
   25.6238  -52.5939   48.6395
    0.8597    0.5097    0.0339
    0.4496   -0.7865    0.4233
    0.2424   -0.3487   -0.9053
