  147 base-pairs
...     1 T-A ...
    0.0000    0.0000    0.0000
    1.0000    0.0000    0.0000
    0.0000    1.0000    0.0000
    0.0000    0.0000    1.0000
...     2 G-C ...
   -0.5555   -1.1003    3.3981
    0.7749    0.6051    0.1828
   -0.5991    0.7953   -0.0929
   -0.2016   -0.0375    0.9787
...     3 T-A ...
   -0.6619   -3.0237    6.5348
    0.3046    0.9250    0.2271
   -0.8994    0.3578   -0.2510
   -0.3134   -0.1278    0.9410
...     4 G-C ...
   -1.1607   -3.8418    9.6940
   -0.3351    0.9421    0.0133
   -0.8752   -0.3061   -0.3746
   -0.3489   -0.1372    0.9271
...     5 A-T ...
   -1.3881   -3.6770   12.8999
   -0.7835    0.6162   -0.0801
   -0.5677   -0.7622   -0.3109
   -0.2527   -0.1981    0.9470
...     6 G-C ...
   -2.6236   -3.5448   15.7072
   -0.9923    0.0611   -0.1075
   -0.0294   -0.9610   -0.2748
   -0.1201   -0.2695    0.9555
...     7 C-G ...
   -2.3138   -3.7570   18.8866
   -0.8620   -0.4995   -0.0864
    0.5008   -0.8655    0.0073
   -0.0785   -0.0370    0.9962
...     8 G-C ...
   -3.9561   -6.8109   23.3205
   -0.2581   -0.3560   -0.8981
    0.6294   -0.7673    0.1233
   -0.7330   -0.5335    0.4221
...     9 C-G ...
   -6.1177   -8.9414   24.2385
    0.1143   -0.7320   -0.6716
    0.8123   -0.3203    0.4874
   -0.5720   -0.6013    0.5580
...    10 T-A ...
   -8.5041   -9.6771   26.0540
    0.4660   -0.8587   -0.2131
    0.6274    0.1508    0.7640
   -0.6239   -0.4897    0.6090
...    11 C-G ...
  -11.0625  -11.3174   27.2336
    0.6660   -0.6911    0.2808
    0.3382    0.6152    0.7121
   -0.6649   -0.3794    0.6435
...    12 A-T ...
  -13.0013  -13.1789   29.0658
    0.7188   -0.1490    0.6790
   -0.1787    0.9043    0.3876
   -0.6718   -0.4000    0.6235
...    13 C-G ...
  -14.1788  -15.9359   31.3399
    0.4052    0.2865    0.8682
   -0.5270    0.8492   -0.0343
   -0.7470   -0.4437    0.4951
...    14 A-T ...
  -15.9532  -18.1566   33.3080
   -0.1503    0.6873    0.7107
   -0.6106    0.5008   -0.6135
   -0.7776   -0.5261    0.3444
...    15 A-T ...
  -18.3933  -19.8413   34.6208
   -0.4562    0.8654    0.2072
   -0.4153   -0.0011   -0.9097
   -0.7870   -0.5011    0.3599
...    16 T-A ...
  -20.7723  -21.2426   36.4093
   -0.5925    0.7472   -0.3011
   -0.1268   -0.4555   -0.8811
   -0.7956   -0.4839    0.3646
...    17 T-A ...
  -23.3876  -22.6197   37.7682
   -0.5539    0.3339   -0.7627
    0.2360   -0.8155   -0.5285
   -0.7984   -0.4727    0.3729
...    18 T-A ...
  -26.0866  -23.9024   39.0746
   -0.3235   -0.2279   -0.9183
    0.5132   -0.8577    0.0321
   -0.7950   -0.4609    0.3945
...    19 A-T ...
  -28.4577  -25.8017   40.6682
    0.0639   -0.7685   -0.6367
    0.6029   -0.4787    0.6383
   -0.7952   -0.4246    0.4328
...    20 T-A ...
  -31.4472  -26.9520   41.5572
    0.3535   -0.9156   -0.1916
    0.4827    0.0031    0.8758
   -0.8012   -0.4021    0.4431
...    21 T-A ...
  -34.1976  -28.2362   42.7628
    0.5445   -0.7439    0.3875
    0.1881    0.5585    0.8079
   -0.8174   -0.3670    0.4440
...    22 C-G ...
  -36.9270  -29.4710   44.1781
    0.5615   -0.2360    0.7931
   -0.1792    0.9010    0.3950
   -0.8078   -0.3639    0.4636
...    23 G-C ...
  -39.7844  -30.2379   45.8591
    0.4347    0.3724    0.8199
   -0.4788    0.8667   -0.1398
   -0.7627   -0.3318    0.5551
...    24 C-G ...
  -42.0438  -31.6079   47.8954
    0.1285    0.8115    0.5700
   -0.6442    0.5053   -0.5741
   -0.7539   -0.2935    0.5877
...    25 A-T ...
  -44.7419  -32.3964   49.7447
   -0.1975    0.9786    0.0577
   -0.6186   -0.0787   -0.7818
   -0.7605   -0.1901    0.6209
...    26 A-T ...
  -47.1050  -32.8710   51.9255
   -0.5161    0.7481   -0.4170
   -0.3903   -0.6388   -0.6630
   -0.7624   -0.1794    0.6217
...    27 A-T ...
  -49.5503  -33.2146   54.0449
   -0.6475    0.2294   -0.7268
   -0.0177   -0.9579   -0.2865
   -0.7619   -0.1726    0.6243
...    28 G-C ...
  -52.2001  -33.4560   56.0771
   -0.5070   -0.3283   -0.7970
    0.3270   -0.9287    0.1745
   -0.7975   -0.1721    0.5783
...    29 G-C ...
  -55.1034  -33.8516   57.8102
   -0.1758   -0.7834   -0.5961
    0.5349   -0.5844    0.6102
   -0.8264   -0.2116    0.5218
...    30 C-G ...
  -58.0983  -34.4387   59.1995
    0.1867   -0.9688   -0.1627
    0.5315   -0.0397    0.8462
   -0.8262   -0.2445    0.5075
...    31 C-G ...
  -60.9908  -35.4006   60.6913
    0.5139   -0.7997    0.3103
    0.3156    0.5127    0.7985
   -0.7977   -0.3125    0.5159
...    32 G-C ...
  -63.5498  -36.1855   62.7867
    0.6759   -0.3159    0.6659
   -0.0617    0.8760    0.4783
   -0.7344   -0.3644    0.5726
...    33 G-C ...
  -65.9111  -37.6296   64.7304
    0.5777    0.2651    0.7720
   -0.4467    0.8943    0.0271
   -0.6832   -0.3605    0.6351
...    34 C-G ...
  -67.8799  -39.1119   66.9840
    0.2527    0.7381    0.6256
   -0.7034    0.5841   -0.4050
   -0.6643   -0.3378    0.6668
...    35 C-G ...
  -69.9106  -40.1609   69.4842
   -0.1402    0.9620    0.2344
   -0.7422    0.0546   -0.6679
   -0.6553   -0.2676    0.7064
...    36 C-G ...
  -71.9990  -40.8010   72.0825
   -0.4869    0.8407   -0.2370
   -0.5515   -0.5063   -0.6629
   -0.6773   -0.1921    0.7102
...    37 G-C ...
  -74.5425  -41.5950   74.1857
   -0.6493    0.4028   -0.6451
   -0.1857   -0.9065   -0.3792
   -0.7375   -0.1264    0.6634
...    38 A-T ...
  -76.9934  -41.9053   76.3832
   -0.6087   -0.2288   -0.7597
    0.2442   -0.9651    0.0950
   -0.7549   -0.1277    0.6433
...    39 C-G ...
  -79.7368  -41.7650   78.2839
   -0.3576   -0.7127   -0.6034
    0.5299   -0.6869    0.4973
   -0.7690   -0.1419    0.6233
...    40 A-T ...
  -82.1995  -42.3825   80.4906
    0.1001   -0.9630   -0.2502
    0.6197   -0.1363    0.7729
   -0.7784   -0.2324    0.5831
...    41 C-G ...
  -85.1053  -43.2289   81.8714
    0.4457   -0.8751    0.1887
    0.4573    0.4038    0.7924
   -0.7696   -0.2669    0.5801
...    42 G-C ...
  -87.4720  -44.0145   84.1775
    0.7097   -0.4453    0.5459
    0.0844    0.8231    0.5616
   -0.6994   -0.3525    0.6218
...    43 A-T ...
  -89.7134  -45.2660   86.2510
    0.6352    0.1577    0.7561
   -0.3780    0.9172    0.1262
   -0.6736   -0.3659    0.6422
...    44 C-G ...
  -91.5353  -46.9785   88.4598
    0.3399    0.6388    0.6903
   -0.6755    0.6765   -0.2934
   -0.6543   -0.3666    0.6614
...    45 T-A ...
  -93.4494  -48.2183   90.9050
   -0.0690    0.9207    0.3842
   -0.7702    0.1956   -0.6071
   -0.6341   -0.3378    0.6956
...    46 T-A ...
  -95.3039  -49.3325   93.3505
   -0.5384    0.8421   -0.0306
   -0.5710   -0.3913   -0.7217
   -0.6197   -0.3710    0.6916
...    47 A-T ...
  -97.5493  -51.0090   95.3300
   -0.8103    0.3434   -0.4749
   -0.0480   -0.8465   -0.5303
   -0.5840   -0.4069    0.7024
...    48 C-G ...
  -99.5949  -51.7659   97.8788
   -0.6951   -0.1692   -0.6987
    0.4051   -0.8951   -0.1863
   -0.5939   -0.4126    0.6907
...    49 T-A ...
 -101.8022  -52.9208  100.1159
   -0.3197   -0.6100   -0.7250
    0.7201   -0.6537    0.2326
   -0.6158   -0.4477    0.6483
...    50 G-C ...
 -103.7384  -54.6133  102.2837
    0.2313   -0.8211   -0.5218
    0.7623   -0.1803    0.6216
   -0.6045   -0.5415    0.5843
...    51 T-A ...
 -106.1019  -56.4447  103.7043
    0.6344   -0.7608   -0.1369
    0.5173    0.2862    0.8065
   -0.5744   -0.5825    0.5751
...    52 T-A ...
 -108.0001  -58.4450  105.4044
    0.8347   -0.4349    0.3378
    0.0467    0.6671    0.7435
   -0.5487   -0.6048    0.5772
...    53 C-G ...
 -109.6417  -60.5337  107.3365
    0.7173    0.0798    0.6922
   -0.4829    0.7731    0.4113
   -0.5022   -0.6293    0.5931
...    54 A-T ...
 -111.3797  -62.3887  109.5345
    0.3256    0.5718    0.7530
   -0.8413    0.5387   -0.0454
   -0.4316   -0.6187    0.6564
...    55 T-A ...
 -112.1485  -64.6448  111.8388
   -0.1763    0.7562    0.6302
   -0.8895    0.1518   -0.4310
   -0.4216   -0.6365    0.6459
...    56 G-C ...
 -113.9331  -66.6457  113.8543
   -0.6732    0.7082    0.2129
   -0.6063   -0.3639   -0.7071
   -0.4233   -0.6051    0.6743
...    57 T-A ...
 -115.1042  -68.2913  116.5638
   -0.8989    0.3849   -0.2093
   -0.1292   -0.6893   -0.7128
   -0.4187   -0.6137    0.6694
...    58 T-A ...
 -116.4063  -70.0987  118.9595
   -0.8127   -0.1345   -0.5670
    0.4500   -0.7630   -0.4640
   -0.3702   -0.6323    0.6806
...    59 A-T ...
 -117.2690  -72.4837  121.2308
   -0.3184   -0.5979   -0.7356
    0.8841   -0.4673   -0.0028
   -0.3421   -0.6512    0.6774
...    60 T-A ...
 -118.9812  -74.3893  123.2988
    0.1935   -0.7411   -0.6429
    0.9244   -0.0819    0.3725
   -0.3287   -0.6664    0.6692
...    61 A-T ...
 -119.9950  -76.7071  125.5127
    0.7450   -0.5530   -0.3731
    0.6180    0.3616    0.6981
   -0.2511   -0.7506    0.6111
...    62 A-T ...
 -120.7922  -79.2581  127.3313
    0.9768   -0.2032    0.0672
    0.0694    0.5980    0.7985
   -0.2024   -0.7753    0.5982
...    63 C-G ...
 -121.2227  -82.1842  128.7910
    0.8695    0.1893    0.4562
   -0.4732    0.5838    0.6597
   -0.1415   -0.7895    0.5972
...    64 G-C ...
 -121.5788  -84.5101  131.2617
    0.4384    0.5666    0.6977
   -0.8987    0.2852    0.3331
   -0.0103   -0.7731    0.6342
...    65 G-C ...
 -121.2303  -86.9086  133.6531
   -0.1596    0.6616    0.7327
   -0.9861   -0.1416   -0.0869
    0.0463   -0.7364    0.6750
...    66 A-T ...
 -120.9933  -89.2697  136.0007
   -0.7425    0.4058    0.5329
   -0.6654   -0.5387   -0.5168
    0.0773   -0.7383    0.6700
...    67 A-T ...
 -120.5256  -91.5080  138.3565
   -0.9853   -0.0720    0.1549
   -0.0710   -0.6519   -0.7550
    0.1553   -0.7549    0.6372
...    68 G-C ...
 -120.0222  -93.8679  140.7034
   -0.8528   -0.4160   -0.3158
    0.4994   -0.4725   -0.7262
    0.1529   -0.7770    0.6107
...    69 G-C ...
 -119.4711  -96.3395  142.9946
   -0.4197   -0.5541   -0.7189
    0.8940   -0.1156   -0.4328
    0.1567   -0.8244    0.5439
...    70 T-A ...
 -119.5380  -99.0606  144.9178
    0.1248   -0.4878   -0.8640
    0.9744    0.2244    0.0141
    0.1870   -0.8436    0.5033
...    71 A-T ...
 -118.8498 -101.9329  146.5141
    0.6418   -0.1341   -0.7551
    0.7163    0.4565    0.5277
    0.2739   -0.8795    0.3891
...    72 T-A ...
 -118.2571 -105.0467  147.2626
    0.9011    0.1627   -0.4019
    0.2940    0.4521    0.8421
    0.3187   -0.8770    0.3595
...    73 C-G ...
 -116.9987 -107.8669  148.3244
    0.8724    0.4656    0.1487
   -0.2801    0.2270    0.9327
    0.4005   -0.8554    0.3285
...    74 T-A ...
 -115.2986 -110.5853  149.1758
    0.5433    0.5759    0.6109
   -0.6769   -0.1299    0.7245
    0.4966   -0.8071    0.3193
...    75 C-G ...
 -113.4492 -113.0410  150.3856
    0.0145    0.3795    0.9251
   -0.8387   -0.4991    0.2178
    0.5443   -0.7791    0.3110
...    76 G-C ...
 -112.0244 -115.8215  151.7598
   -0.5039    0.0127    0.8637
   -0.6327   -0.6861   -0.3590
    0.5880   -0.7274    0.3537
...    77 A-T ...
 -109.9755 -118.1551  152.9970
   -0.7651   -0.4546    0.4561
   -0.1735   -0.5367   -0.8258
    0.6202   -0.7109    0.3317
...    78 G-C ...
 -107.8442 -120.3918  154.3421
   -0.7284   -0.6777   -0.1005
    0.2781   -0.1584   -0.9474
    0.6261   -0.7180    0.3039
...    79 C-G ...
 -105.7713 -122.6711  155.7253
   -0.4527   -0.6253   -0.6357
    0.6212    0.2903   -0.7279
    0.6397   -0.7244    0.2570
...    80 T-A ...
 -103.8062 -125.2039  156.6743
   -0.0794   -0.3061   -0.9487
    0.7488    0.6099   -0.2595
    0.6580   -0.7310    0.1807
...    81 C-G ...
 -101.6560 -127.6060  157.3384
    0.3305    0.1798   -0.9265
    0.6351    0.6838    0.3593
    0.6981   -0.7072    0.1118
...    82 G-C ...
  -99.0409 -129.7280  157.7357
    0.4825    0.6591   -0.5769
    0.3659    0.4467    0.8164
    0.7958   -0.6050   -0.0256
...    83 G-C ...
  -96.2528 -131.5355  157.1783
    0.4907    0.8709   -0.0268
    0.0925   -0.0215    0.9955
    0.8664   -0.4910   -0.0911
...    84 G-C ...
  -93.0896 -132.6169  156.5988
    0.3634    0.7594    0.5397
   -0.1176   -0.5373    0.8352
    0.9242   -0.3669   -0.1059
...    85 A-T ...
  -89.9098 -133.5320  156.3611
    0.1995    0.2782    0.9396
   -0.2585   -0.9099    0.3243
    0.9452   -0.3076   -0.1096
...    86 T-A ...
  -86.6225 -133.8345  155.9507
    0.0646   -0.2581    0.9640
   -0.3120   -0.9228   -0.2261
    0.9479   -0.2862   -0.1401
...    87 C-G ...
  -83.4230 -134.7033  155.6305
   -0.1079   -0.7890    0.6048
   -0.2727   -0.5615   -0.7812
    0.9560   -0.2492   -0.1546
...    88 C-G ...
  -80.1163 -135.4687  155.3117
   -0.2625   -0.9642    0.0374
   -0.1608    0.0055   -0.9870
    0.9514   -0.2651   -0.1565
...    89 G-C ...
  -76.9132 -135.9500  154.2646
   -0.3603   -0.7524   -0.5514
   -0.0172    0.5963   -0.8026
    0.9327   -0.2797   -0.2278
...    90 C-G ...
  -73.7674 -137.0361  153.8620
   -0.3510   -0.2708   -0.8963
    0.1534    0.9277   -0.3404
    0.9237   -0.2570   -0.2841
...    91 T-A ...
  -70.7911 -138.1068  152.8472
   -0.2967    0.2980   -0.9073
    0.3060    0.9296    0.2053
    0.9046   -0.2167   -0.3670
...    92 T-A ...
  -67.9425 -138.8789  151.5431
   -0.1313    0.7876   -0.6020
    0.4207    0.5941    0.6856
    0.8976   -0.1632   -0.4094
...    93 T-A ...
  -65.1298 -139.3415  150.0378
    0.0657    0.9949   -0.0771
    0.4405    0.0404    0.8968
    0.8953   -0.0929   -0.4356
...    94 A-T ...
  -62.1456 -139.2421  148.5149
    0.1811    0.8378    0.5150
    0.3887   -0.5420    0.7451
    0.9034    0.0652   -0.4238
...    95 A-T ...
  -59.2833 -138.7416  147.0671
    0.3677    0.3645    0.8555
    0.2418   -0.9258    0.2905
    0.8980    0.1000   -0.4285
...    96 C-G ...
  -56.3928 -137.6901  145.7169
    0.4369   -0.1987    0.8773
    0.0357   -0.9707   -0.2376
    0.8988    0.1351   -0.4170
...    97 A-T ...
  -53.3898 -137.5213  144.2589
    0.3466   -0.7523    0.5603
   -0.2059   -0.6438   -0.7370
    0.9151    0.1400   -0.3781
...    98 C-G ...
  -50.1714 -136.7431  143.5512
    0.1912   -0.9802    0.0517
   -0.3649   -0.1199   -0.9233
    0.9112    0.1577   -0.3806
...    99 T-A ...
  -47.0115 -136.2554  142.5312
   -0.0624   -0.8808   -0.4694
   -0.4202    0.4498   -0.7881
    0.9053    0.1481   -0.3982
...   100 T-A ...
  -43.9598 -135.8339  141.4583
   -0.2795   -0.4334   -0.8568
   -0.3301    0.8813   -0.3381
    0.9016    0.1884   -0.3894
...   101 T-A ...
  -40.9767 -135.3821  140.2542
   -0.4329    0.1664   -0.8860
   -0.1219    0.9630    0.2404
    0.8932    0.2121   -0.3966
...   102 A-T ...
  -38.0353 -134.4347  138.9306
   -0.5074    0.6933   -0.5117
    0.1781    0.6654    0.7250
    0.8431    0.2767   -0.4610
...   103 T-A ...
  -35.5675 -133.7814  136.8838
   -0.3732    0.9263   -0.0518
    0.4195    0.2183    0.8811
    0.8275    0.3071   -0.4700
...   104 G-C ...
  -32.8282 -132.3886  135.4951
   -0.1609    0.8343    0.5273
    0.6050   -0.3388    0.7206
    0.7798    0.4350   -0.4502
...   105 C-G ...
  -30.5824 -130.4831  133.9166
    0.1704    0.4791    0.8611
    0.6247   -0.7283    0.2816
    0.7620    0.4900   -0.4234
...   106 T-A ...
  -28.2133 -128.4826  132.6587
    0.4557   -0.0277    0.8897
    0.4640   -0.8456   -0.2640
    0.7596    0.5331   -0.3725
...   107 T-A ...
  -25.8723 -126.4842  131.5616
    0.6752   -0.5055    0.5371
    0.0993   -0.6593   -0.7453
    0.7309    0.5566   -0.3950
...   108 C-G ...
  -23.4216 -124.5919  130.3601
    0.5971   -0.8010   -0.0422
   -0.3377   -0.2033   -0.9190
    0.7276    0.5630   -0.3919
...   109 C-G ...
  -20.8367 -122.6850  129.2429
    0.2567   -0.8005   -0.5416
   -0.6166    0.2959   -0.7295
    0.7443    0.5212   -0.4176
...   110 G-C ...
  -18.6943 -120.6158  127.6008
   -0.2204   -0.5162   -0.8276
   -0.6577    0.7052   -0.2647
    0.7203    0.4860   -0.4950
...   111 G-C ...
  -16.1457 -119.1033  125.9718
   -0.6142   -0.0686   -0.7862
   -0.4220    0.8704    0.2538
    0.6669    0.4876   -0.5635
...   112 C-G ...
  -13.8687 -117.8465  123.8972
   -0.7826    0.4007   -0.4764
   -0.0064    0.7602    0.6497
    0.6225    0.5115   -0.5924
...   113 T-A ...
  -12.0193 -116.2260  121.6606
   -0.7079    0.7063    0.0026
    0.4352    0.4333    0.7892
    0.5563    0.5598   -0.6141
...   114 C-G ...
  -10.3445 -114.2791  119.6108
   -0.3316    0.7976    0.5039
    0.7857   -0.0622    0.6155
    0.5223    0.6000   -0.6060
...   115 G-C ...
   -8.3804 -112.0839  117.9315
    0.1241    0.5455    0.8288
    0.8655   -0.4680    0.1784
    0.4852    0.6952   -0.5303
...   116 T-A ...
   -7.2879 -109.3700  116.3239
    0.5620    0.1879    0.8055
    0.6676   -0.6780   -0.3076
    0.4883    0.7106   -0.5065
...   117 A-T ...
   -5.4799 -107.2265  114.4006
    0.8694   -0.2874    0.4019
    0.1429   -0.6324   -0.7613
    0.4730    0.7194   -0.5088
...   118 T-A ...
   -3.9160 -104.5045  113.3281
    0.8227   -0.5646   -0.0658
   -0.3357   -0.3892   -0.8578
    0.4587    0.7278   -0.5098
...   119 A-T ...
   -2.7663 -102.0614  111.2302
    0.4080   -0.6589   -0.6320
   -0.8030    0.0704   -0.5918
    0.4345    0.7489   -0.5003
...   120 A-T ...
   -1.1480  -99.6661  109.7265
   -0.1401   -0.4756   -0.8684
   -0.8936    0.4384   -0.0960
    0.4264    0.7626   -0.4864
...   121 T-A ...
    0.7857  -97.5597  108.0740
   -0.5850   -0.1752   -0.7919
   -0.6911    0.6186    0.3737
    0.4244    0.7659   -0.4829
...   122 G-C ...
    1.9052  -94.7967  106.5238
   -0.9157    0.1580   -0.3694
   -0.1990    0.6203    0.7587
    0.3490    0.7683   -0.5366
...   123 T-A ...
    2.9154  -92.5990  104.2403
   -0.8884    0.4439    0.1169
    0.3296    0.4396    0.8355
    0.3195    0.7808   -0.5369
...   124 G-C ...
    3.9281  -89.7775  102.7206
   -0.5466    0.5451    0.6356
    0.8007    0.1181    0.5873
    0.2451    0.8300   -0.5010
...   125 T-A ...
    4.1049  -86.9802  100.9111
   -0.0325    0.4988    0.8661
    0.9707   -0.1906    0.1462
    0.2380    0.8455   -0.4780
...   126 C-G ...
    4.8035  -84.1139   99.4246
    0.5568    0.2591    0.7892
    0.7942   -0.4444   -0.4144
    0.2434    0.8575   -0.4532
...   127 G-C ...
    5.9518  -81.3805   97.7812
    0.8858   -0.1330    0.4447
    0.3326   -0.4863   -0.8080
    0.3237    0.8636   -0.3865
...   128 A-T ...
    7.0139  -78.4860   96.5994
    0.8962   -0.4257   -0.1247
   -0.2703   -0.3012   -0.9144
    0.3517    0.8533   -0.3850
...   129 C-G ...
    8.4878  -75.5835   95.8874
    0.5969   -0.5452   -0.5886
   -0.7086   -0.0142   -0.7055
    0.3763    0.8382   -0.3948
...   130 C-G ...
   10.0378  -72.8572   94.6103
    0.0620   -0.5261   -0.8482
   -0.9115    0.3164   -0.2629
    0.4067    0.7894   -0.4599
...   131 A-T ...
   11.1239  -70.1232   92.9857
   -0.5261   -0.3046   -0.7940
   -0.7577    0.5918    0.2751
    0.3861    0.7463   -0.5421
...   132 A-T ...
   12.4950  -67.8597   91.0932
   -0.8688    0.1093   -0.4829
   -0.2998    0.6601    0.6887
    0.3940    0.7432   -0.5408
...   133 A-T ...
   13.7612  -65.5905   89.1293
   -0.8706    0.4920    0.0091
    0.2733    0.4680    0.8404
    0.4092    0.7341   -0.5419
...   134 T-A ...
   14.7385  -63.4258   86.8199
   -0.5923    0.6747    0.4404
    0.6886    0.1401    0.7115
    0.4183    0.7247   -0.5475
...   135 G-C ...
   15.7317  -61.4927   83.9330
    0.0341    0.7400    0.6717
    0.8636   -0.3601    0.3528
    0.5030    0.5681   -0.6514
...   136 T-A ...
   15.7849  -59.5603   80.7992
    0.5517    0.4998    0.6677
    0.6739   -0.7388   -0.0038
    0.4915    0.4520   -0.7444
...   137 G-C ...
   16.8386  -57.7218   78.2675
    0.8528   -0.0848    0.5153
    0.1507   -0.9048   -0.3983
    0.5000    0.4173   -0.7588
...   138 A-T ...
   18.4283  -55.5286   76.5298
    0.8547   -0.5006    0.1371
   -0.3188   -0.7148   -0.6224
    0.4096    0.4883   -0.7706
...   139 G-C ...
   20.4260  -54.3092   74.5419
    0.5847   -0.7389   -0.3347
   -0.7593   -0.3533   -0.5465
    0.2856    0.5737   -0.7676
...   140 C-G ...
   21.4270  -51.8265   72.7875
    0.1304   -0.7144   -0.6875
   -0.8897    0.2216   -0.3991
    0.4375    0.6637   -0.6067
...   141 G-C ...
   22.1522  -50.1494   67.4639
   -0.4682   -0.8748    0.1248
   -0.8494    0.4066   -0.3364
    0.2435   -0.2635   -0.9334
...   142 C-G ...
   22.3489  -51.2413   64.4933
   -0.8528   -0.5119   -0.1032
   -0.4975    0.8565   -0.1374
    0.1587   -0.0659   -0.9851
...   143 T-A ...
   24.0167  -51.6378   61.9248
   -0.9562    0.0401   -0.2898
    0.0524    0.9980   -0.0348
    0.2878   -0.0485   -0.9564
...   144 C-G ...
   24.8958  -52.7395   58.9873
   -0.7529    0.5560   -0.3520
    0.5214    0.8304    0.1965
    0.4016   -0.0356   -0.9151
...   145 A-T ...
   25.5276  -52.9802   55.8053
   -0.2442    0.9563   -0.1610
    0.8906    0.2869    0.3528
    0.3836   -0.0573   -0.9217
...   146 C-G ...
   25.2779  -52.5122   52.0796
    0.3204    0.9427   -0.0929
    0.8825   -0.2614    0.3909
    0.3443   -0.2072   -0.9157
...   147 A-T ...
   25.6239  -52.5939   48.6395
    0.8597    0.5097    0.0339
    0.4496   -0.7865    0.4233
    0.2424   -0.3487   -0.9053
