  147 base-pairs
...     1 T-A ...
    0.0000    0.0000    0.0000
    1.0000    0.0000    0.0000
    0.0000    1.0000    0.0000
    0.0000    0.0000    1.0000
...     2 G-C ...
   -0.5555   -1.1003    3.3981
    0.7749    0.6051    0.1828
   -0.5991    0.7953   -0.0929
   -0.2016   -0.0375    0.9787
...     3 T-A ...
   -0.6619   -3.0237    6.5348
    0.3046    0.9250    0.2271
   -0.8994    0.3578   -0.2510
   -0.3134   -0.1278    0.9410
...     4 G-C ...
   -1.1607   -3.8418    9.6940
   -0.3351    0.9421    0.0133
   -0.8752   -0.3061   -0.3746
   -0.3489   -0.1372    0.9271
...     5 A-T ...
   -1.3881   -3.6770   12.8999
   -0.7835    0.6162   -0.0801
   -0.5677   -0.7622   -0.3109
   -0.2527   -0.1981    0.9470
...     6 G-C ...
   -2.6236   -3.5448   15.7072
   -0.9923    0.0611   -0.1075
   -0.0294   -0.9610   -0.2748
   -0.1201   -0.2695    0.9555
...     7 C-G ...
   -2.3138   -3.7570   18.8866
   -0.8620   -0.4995   -0.0864
    0.5008   -0.8655    0.0073
   -0.0785   -0.0370    0.9962
...     8 G-C ...
   -3.9561   -6.8109   23.3205
   -0.2581   -0.3560   -0.8981
    0.6294   -0.7673    0.1233
   -0.7330   -0.5335    0.4221
...     9 C-G ...
   -6.1177   -8.9414   24.2385
    0.1143   -0.7320   -0.6716
    0.8123   -0.3203    0.4874
   -0.5720   -0.6013    0.5580
...    10 T-A ...
   -8.5041   -9.6771   26.0540
    0.4660   -0.8587   -0.2131
    0.6274    0.1508    0.7640
   -0.6239   -0.4897    0.6090
...    11 C-G ...
  -11.0625  -11.3174   27.2336
    0.6660   -0.6911    0.2808
    0.3382    0.6152    0.7121
   -0.6649   -0.3794    0.6435
...    12 A-T ...
  -13.0013  -13.1789   29.0658
    0.7188   -0.1490    0.6790
   -0.1787    0.9043    0.3876
   -0.6718   -0.4000    0.6235
...    13 C-G ...
  -14.1788  -15.9359   31.3399
    0.4052    0.2865    0.8682
   -0.5270    0.8492   -0.0343
   -0.7470   -0.4437    0.4951
...    14 A-T ...
  -15.9532  -18.1566   33.3080
   -0.1503    0.6873    0.7107
   -0.6106    0.5008   -0.6135
   -0.7776   -0.5261    0.3444
...    15 A-T ...
  -18.4925  -19.8007   34.4927
   -0.4472    0.8735    0.1923
   -0.4097   -0.0090   -0.9122
   -0.7951   -0.4867    0.3619
...    16 T-A ...
  -20.9033  -21.2371   36.3886
   -0.6222    0.7086   -0.3327
   -0.0903   -0.4871   -0.8687
   -0.7776   -0.5105    0.3671
...    17 T-A ...
  -23.4525  -22.6503   37.9082
   -0.5802    0.2611   -0.7715
    0.2984   -0.8132   -0.4996
   -0.7578   -0.5201    0.3939
...    18 T-A ...
  -26.0464  -24.1241   39.2594
   -0.3041   -0.2695   -0.9137
    0.5778   -0.8148    0.0480
   -0.7575   -0.5133    0.4035
...    19 A-T ...
  -28.4982  -26.0456   40.8139
    0.1287   -0.7833   -0.6082
    0.6361   -0.4053    0.6566
   -0.7608   -0.4714    0.4461
...    20 T-A ...
  -31.4315  -27.3333   41.8036
    0.4158   -0.9001   -0.1302
    0.4782    0.0946    0.8731
   -0.7736   -0.4253    0.4698
...    21 T-A ...
  -34.0732  -28.7504   43.0833
    0.5833   -0.6773    0.4484
    0.1298    0.6226    0.7717
   -0.8019   -0.3919    0.4510
...    22 C-G ...
  -36.7442  -30.0054   44.5756
    0.5598   -0.1542    0.8141
   -0.2528    0.9039    0.3450
   -0.7891   -0.3990    0.4671
...    23 G-C ...
  -39.6418  -30.7117   46.2270
    0.4432    0.4383    0.7820
   -0.5268    0.8332   -0.1684
   -0.7253   -0.3373    0.6001
...    24 C-G ...
  -41.7879  -32.1147   48.2827
    0.1440    0.8312    0.5370
   -0.6749    0.4794   -0.5610
   -0.7238   -0.2816    0.6300
...    25 A-T ...
  -44.5288  -32.9101   50.0177
   -0.2131    0.9760    0.0452
   -0.6373   -0.1037   -0.7636
   -0.7405   -0.1915    0.6441
...    26 A-T ...
  -46.9208  -33.3688   52.2184
   -0.5252    0.7391   -0.4218
   -0.4071   -0.6534   -0.6382
   -0.7473   -0.1634    0.6441
...    27 A-T ...
  -49.2363  -33.6131   54.5065
   -0.6670    0.2167   -0.7128
   -0.0233   -0.9623   -0.2708
   -0.7447   -0.1641    0.6469
...    28 G-C ...
  -51.8938  -33.6561   56.6238
   -0.5307   -0.3330   -0.7794
    0.3217   -0.9299    0.1782
   -0.7841   -0.1562    0.6006
...    29 G-C ...
  -54.8327  -33.9914   58.4303
   -0.1954   -0.8066   -0.5579
    0.5519   -0.5606    0.6173
   -0.8107   -0.1873    0.5547
...    30 C-G ...
  -57.7165  -34.5918   59.9143
    0.1848   -0.9744   -0.1277
    0.5474   -0.0059    0.8369
   -0.8162   -0.2245    0.5323
...    31 C-G ...
  -60.6372  -35.2564   61.4940
    0.5080   -0.7911    0.3408
    0.3357    0.5462    0.7675
   -0.7932   -0.2755    0.5431
...    32 G-C ...
  -62.9872  -35.8598   63.4668
    0.6779   -0.3503    0.6464
   -0.0017    0.8785    0.4778
   -0.7352   -0.3250    0.5949
...    33 G-C ...
  -65.2189  -37.1570   65.6253
    0.6008    0.2326    0.7648
   -0.3985    0.9165    0.0342
   -0.6930   -0.3253    0.6433
...    34 C-G ...
  -67.2885  -38.4843   67.8119
    0.3017    0.7277    0.6160
   -0.6727    0.6203   -0.4033
   -0.6756   -0.2928    0.6767
...    35 C-G ...
  -69.2942  -39.2738   70.4612
   -0.0924    0.9683    0.2320
   -0.7388    0.0895   -0.6680
   -0.6676   -0.2331    0.7071
...    36 C-G ...
  -71.4063  -39.8159   73.0526
   -0.4643    0.8547   -0.2324
   -0.5806   -0.4918   -0.6489
   -0.6689   -0.1664    0.7245
...    37 G-C ...
  -73.9494  -41.1013   74.9786
   -0.6623    0.4304   -0.6132
   -0.2116   -0.8926   -0.3980
   -0.7187   -0.1339    0.6823
...    38 A-T ...
  -76.1899  -41.4925   77.2131
   -0.6540   -0.1855   -0.7334
    0.2320   -0.9719    0.0389
   -0.7200   -0.1447    0.6787
...    39 C-G ...
  -78.7879  -41.5791   79.1157
   -0.3992   -0.6659   -0.6303
    0.5310   -0.7283    0.4331
   -0.7474   -0.1617    0.6443
...    40 A-T ...
  -81.3851  -42.2424   81.1830
    0.0517   -0.9546   -0.2934
    0.6518   -0.1904    0.7341
   -0.7566   -0.2292    0.6124
...    41 C-G ...
  -84.1193  -43.2655   82.7634
    0.4208   -0.9001    0.1126
    0.5143    0.3390    0.7878
   -0.7473   -0.2736    0.6056
...    42 G-C ...
  -86.3510  -43.9592   85.1611
    0.6915   -0.4947    0.5264
    0.1323    0.8031    0.5810
   -0.7102   -0.3321    0.6208
...    43 A-T ...
  -88.6649  -45.0348   87.0729
    0.6342    0.0839    0.7686
   -0.3007    0.9426    0.1452
   -0.7123   -0.3233    0.6230
...    44 C-G ...
  -90.6901  -46.6603   89.1271
    0.3989    0.5956    0.6973
   -0.6122    0.7391   -0.2810
   -0.6827   -0.3148    0.6594
...    45 T-A ...
  -92.6144  -48.0484   91.8566
   -0.0091    0.9262    0.3770
   -0.7361    0.2489   -0.6294
   -0.6768   -0.2833    0.6795
...    46 T-A ...
  -94.6142  -48.9987   94.2040
   -0.4180    0.9082   -0.0220
   -0.5987   -0.2937   -0.7452
   -0.6832   -0.2983    0.6665
...    47 A-T ...
  -97.0936  -50.1684   96.2048
   -0.7071    0.4988   -0.5012
   -0.1821   -0.8134   -0.5525
   -0.6833   -0.2994    0.6660
...    48 C-G ...
  -99.3732  -50.5024   98.6345
   -0.6773   -0.0150   -0.7356
    0.2258   -0.9558   -0.1884
   -0.7002   -0.2937    0.6507
...    49 T-A ...
 -102.1919  -50.9905  100.8316
   -0.3750   -0.5517   -0.7450
    0.5789   -0.7670    0.2766
   -0.7240   -0.3275    0.6071
...    50 T-A ...
 -104.6710  -51.9471  102.6334
    0.0541   -0.8708   -0.4886
    0.6779   -0.3272    0.6583
   -0.7332   -0.3668    0.5726
...    51 C-G ...
 -106.8963  -53.2505  104.6988
    0.4919   -0.8700   -0.0329
    0.4961    0.2490    0.8318
   -0.7155   -0.4255    0.5541
...    52 A-T ...
 -109.4382  -54.6072  106.5106
    0.7662   -0.5261    0.3690
    0.0950    0.6606    0.7447
   -0.6355   -0.5356    0.5561
...    53 T-A ...
 -111.3781  -56.7484  108.0405
    0.7365   -0.0860    0.6709
   -0.3234    0.8264    0.4610
   -0.5941   -0.5565    0.5808
...    54 G-C ...
 -113.2923  -58.7073  110.1264
    0.4191    0.4805    0.7704
   -0.7302    0.6827   -0.0286
   -0.5397   -0.5505    0.6369
...    55 T-A ...
 -114.6046  -60.8513  112.4204
   -0.0744    0.7724    0.6308
   -0.8432    0.2890   -0.4533
   -0.5324   -0.5656    0.6298
...    56 T-A ...
 -116.1363  -62.7193  114.5722
   -0.5854    0.7659    0.2660
   -0.6343   -0.2283   -0.7386
   -0.5050   -0.6011    0.6194
...    57 A-T ...
 -117.9578  -65.0474  116.4332
   -0.8961    0.3504   -0.2724
   -0.0359   -0.6689   -0.7425
   -0.4423   -0.6556    0.6120
...    58 T-A ...
 -119.4982  -66.6524  118.8645
   -0.7926   -0.0661   -0.6062
    0.4464   -0.7400   -0.5031
   -0.4153   -0.6694    0.6160
...    59 A-T ...
 -120.6974  -69.0813  120.9926
   -0.3051   -0.5415   -0.7834
    0.8677   -0.4970    0.0055
   -0.3923   -0.6781    0.6215
...    60 A-T ...
 -122.1130  -71.1902  122.9293
    0.2566   -0.7061   -0.6600
    0.8912   -0.0915    0.4444
   -0.3742   -0.7022    0.6058
...    61 C-G ...
 -123.8624  -73.5978  124.5335
    0.7235   -0.6073   -0.3283
    0.5994    0.3167    0.7351
   -0.3425   -0.7286    0.5931
...    62 G-C ...
 -124.4984  -75.9848  126.6935
    0.9763   -0.2125    0.0407
    0.0868    0.5570    0.8260
   -0.1982   -0.8029    0.5622
...    63 G-C ...
 -124.4687  -78.7083  128.5539
    0.8860    0.2205    0.4079
   -0.4612    0.5110    0.7254
   -0.0485   -0.8308    0.5544
...    64 A-T ...
 -124.3825  -81.2701  130.5955
    0.4211    0.4963    0.7591
   -0.9069    0.2210    0.3587
    0.0103   -0.8395    0.5432
...    65 G-C ...
 -123.8197  -83.9150  132.6342
   -0.1652    0.5778    0.7993
   -0.9845   -0.1456   -0.0982
    0.0596   -0.8031    0.5929
...    66 T-A ...
 -123.0256  -86.3169  134.8782
   -0.6809    0.3908    0.6194
   -0.7285   -0.4480   -0.5182
    0.0750   -0.8041    0.5898
...    67 A-T ...
 -123.0511  -89.8553  135.7528
   -0.9713   -0.1869    0.1474
   -0.0212   -0.5490   -0.8356
    0.2371   -0.8147    0.5293
...    68 G-C ...
 -122.2625  -92.4744  137.5669
   -0.8386   -0.4190   -0.3481
    0.5012   -0.3432   -0.7944
    0.2134   -0.8406    0.4978
...    69 G-C ...
 -122.0705  -95.3096  139.7655
   -0.4176   -0.4803   -0.7713
    0.8874   -0.0335   -0.4597
    0.1950   -0.8764    0.4403
...    70 T-A ...
 -121.8083  -98.1828  141.2648
    0.1088   -0.3939   -0.9127
    0.9686    0.2486    0.0082
    0.2236   -0.8849    0.4086
...    71 A-T ...
 -121.4411 -101.4295  142.3999
    0.6162   -0.0482   -0.7861
    0.7275    0.4171    0.5447
    0.3017   -0.9076    0.2921
...    72 T-A ...
 -120.7802 -104.5696  142.8130
    0.8824    0.2286   -0.4113
    0.3130    0.3676    0.8757
    0.3514   -0.9015    0.2528
...    73 C-G ...
 -119.3497 -107.6748  143.3976
    0.8532    0.4730    0.2199
   -0.2982    0.0965    0.9496
    0.4280   -0.8757    0.2234
...    74 T-A ...
 -117.5853 -110.3777  144.0206
    0.5163    0.5149    0.6843
   -0.6867   -0.2286    0.6901
    0.5118   -0.8262    0.2356
...    75 C-G ...
 -116.0484 -112.9244  145.3661
   -0.0061    0.2718    0.9623
   -0.7935   -0.5870    0.1607
    0.6085   -0.7626    0.2192
...    76 G-C ...
 -114.5722 -115.8087  146.2128
   -0.4742   -0.1154    0.8728
   -0.5909   -0.6932   -0.4127
    0.6527   -0.7114    0.2605
...    77 A-T ...
 -112.4188 -118.2943  146.9952
   -0.7142   -0.5615    0.4178
   -0.1506   -0.4598   -0.8752
    0.6835   -0.6880    0.2438
...    78 G-C ...
 -110.0714 -120.5079  147.7480
   -0.6587   -0.7381   -0.1457
    0.2470   -0.0292   -0.9686
    0.7107   -0.6740    0.2015
...    79 C-G ...
 -107.7176 -122.8191  148.8180
   -0.3886   -0.5929   -0.7053
    0.5739    0.4431   -0.6887
    0.7209   -0.6724    0.1681
...    80 T-A ...
 -105.4127 -125.1547  149.4833
   -0.0651   -0.2167   -0.9741
    0.6744    0.7099   -0.2031
    0.7355   -0.6701    0.0999
...    81 C-G ...
 -102.9444 -127.4846  149.9429
    0.2978    0.2887   -0.9099
    0.5658    0.7143    0.4118
    0.7688   -0.6375    0.0494
...    82 G-C ...
 -100.0264 -128.9989  150.1689
    0.4654    0.7046   -0.5357
    0.3393    0.4170    0.8432
    0.8175   -0.5742   -0.0450
...    83 G-C ...
  -97.2181 -130.7760  149.7247
    0.4862    0.8727    0.0442
    0.0358   -0.0704    0.9969
    0.8731   -0.4831   -0.0655
...    84 G-C ...
  -94.0422 -131.8680  149.2681
    0.3241    0.7324    0.5988
   -0.1634   -0.5802    0.7979
    0.9318   -0.3565   -0.0684
...    85 A-T ...
  -90.8431 -132.7776  148.8965
    0.1588    0.2234    0.9617
   -0.2926   -0.9197    0.2620
    0.9430   -0.3230   -0.0807
...    86 T-A ...
  -87.5646 -133.2207  148.6851
   -0.0187   -0.3073    0.9514
   -0.3158   -0.9011   -0.2972
    0.9487   -0.3060   -0.0802
...    87 C-G ...
  -84.2418 -134.0124  148.6371
   -0.1646   -0.8229    0.5439
   -0.2405   -0.5013   -0.8312
    0.9566   -0.2677   -0.1154
...    88 C-G ...
  -81.0616 -134.9295  148.4169
   -0.3207   -0.9472    0.0009
   -0.1044    0.0344   -0.9939
    0.9414   -0.3188   -0.1099
...    89 G-C ...
  -77.9899 -135.8133  147.5346
   -0.3755   -0.7184   -0.5856
    0.0870    0.6018   -0.7939
    0.9227   -0.3490   -0.1635
...    90 C-G ...
  -74.8055 -137.2011  147.4093
   -0.2845   -0.2231   -0.9323
    0.2441    0.9236   -0.2955
    0.9271   -0.3117   -0.2083
...    91 T-A ...
  -71.7100 -138.6231  146.8420
   -0.1643    0.3724   -0.9134
    0.3501    0.8877    0.2989
    0.9222   -0.2707   -0.2763
...    92 T-A ...
  -68.8703 -139.6570  145.6699
    0.0205    0.8255   -0.5640
    0.3793    0.5155    0.7683
    0.9250   -0.2297   -0.3026
...    93 T-A ...
  -65.8862 -140.2436  144.5889
    0.1393    0.9902   -0.0042
    0.3287   -0.0423    0.9435
    0.9341   -0.1328   -0.3314
...    94 A-T ...
  -62.5915 -140.2898  143.7278
    0.1543    0.7799    0.6066
    0.2609   -0.6243    0.7363
    0.9530    0.0447   -0.2998
...    95 A-T ...
  -59.5918 -139.8279  142.7307
    0.2642    0.2689    0.9262
    0.1671   -0.9586    0.2307
    0.9499    0.0938   -0.2982
...    96 C-G ...
  -56.4661 -138.8336  141.8065
    0.3521   -0.3177    0.8804
    0.0108   -0.9392   -0.3432
    0.9359    0.1304   -0.3272
...    97 A-T ...
  -53.2327 -138.4882  140.8421
    0.2758   -0.8357    0.4749
   -0.2072   -0.5341   -0.8196
    0.9386    0.1276   -0.3205
...    98 C-G ...
  -49.8823 -137.8639  140.4467
    0.1286   -0.9900   -0.0571
   -0.3339    0.0110   -0.9425
    0.9338    0.1403   -0.3292
...    99 T-A ...
  -46.3020 -137.5751  139.8879
   -0.0971   -0.7977   -0.5952
   -0.3731    0.5836   -0.7213
    0.9227    0.1520   -0.3543
...   100 T-A ...
  -43.1935 -137.3303  138.9240
   -0.2751   -0.2928   -0.9157
   -0.2665    0.9384   -0.2200
    0.9237    0.1835   -0.3362
...   101 T-A ...
  -40.1557 -136.8555  137.8264
   -0.4117    0.2987   -0.8609
   -0.0662    0.9324    0.3552
    0.9089    0.2033   -0.3641
...   102 A-T ...
  -37.1671 -135.8095  136.7114
   -0.4528    0.7758   -0.4394
    0.2008    0.5689    0.7975
    0.8687    0.2728   -0.4133
...   103 T-A ...
  -34.7347 -135.0879  134.7581
   -0.3646    0.9307    0.0299
    0.4121    0.1324    0.9014
    0.8350    0.3410   -0.4319
...   104 G-C ...
  -32.1434 -133.7119  133.1598
   -0.1265    0.7786    0.6146
    0.5866   -0.4409    0.6793
    0.7999    0.4465   -0.4009
...   105 C-G ...
  -29.7691 -131.7583  131.8819
    0.1932    0.3773    0.9057
    0.5787   -0.7892    0.2054
    0.7923    0.4845   -0.3709
...   106 T-A ...
  -27.1456 -129.5309  131.0893
    0.5059   -0.1528    0.8490
    0.4164   -0.8186   -0.3955
    0.7554    0.5536   -0.3505
...   107 T-A ...
  -24.7566 -127.5533  130.1863
    0.6549   -0.6001    0.4593
    0.0592   -0.5651   -0.8229
    0.7534    0.5661   -0.3346
...   108 C-G ...
  -22.1549 -125.5514  129.2673
    0.5684   -0.8050   -0.1698
   -0.3715   -0.0669   -0.9260
    0.7341    0.5895   -0.3371
...   109 C-G ...
  -19.7391 -123.5376  128.2478
    0.2041   -0.7603   -0.6167
   -0.6255    0.3833   -0.6796
    0.7531    0.5244   -0.3973
...   110 G-C ...
  -17.7039 -121.5695  126.8938
   -0.2359   -0.4848   -0.8422
   -0.6480    0.7244   -0.2354
    0.7242    0.4902   -0.4850
...   111 G-C ...
  -15.2826 -120.0889  125.1261
   -0.6238   -0.0253   -0.7812
   -0.4010    0.8683    0.2921
    0.6709    0.4955   -0.5518
...   112 C-G ...
  -13.0877 -118.8700  122.9196
   -0.7792    0.4403   -0.4461
    0.0220    0.7305    0.6826
    0.6264    0.5221   -0.5789
...   113 T-A ...
  -11.1515 -117.2074  120.7826
   -0.6931    0.7198    0.0383
    0.4528    0.3935    0.8001
    0.5608    0.5719   -0.5987
...   114 C-G ...
   -9.4270 -115.0528  118.9787
   -0.3171    0.7871    0.5291
    0.8102   -0.0652    0.5825
    0.4930    0.6134   -0.6170
...   115 G-C ...
   -7.4136 -112.9806  117.2919
    0.1955    0.5453    0.8151
    0.8666   -0.4852    0.1167
    0.4591    0.6836   -0.5674
...   116 T-A ...
   -6.3548 -110.1411  115.8063
    0.6225    0.1632    0.7654
    0.6251   -0.6921   -0.3608
    0.4709    0.7031   -0.5329
...   117 A-T ...
   -4.8837 -107.4522  114.3123
    0.8605   -0.3091    0.4050
    0.1342   -0.6295   -0.7654
    0.4915    0.7129   -0.5002
...   118 T-A ...
   -3.2913 -104.7518  113.2957
    0.8169   -0.5724   -0.0704
   -0.3390   -0.3778   -0.8616
    0.4666    0.7277   -0.5027
...   119 A-T ...
   -2.0330 -102.1674  111.3300
    0.3896   -0.6336   -0.6684
   -0.8169    0.0974   -0.5685
    0.4253    0.7675   -0.4796
...   120 A-T ...
   -0.3851  -99.7338  109.9271
   -0.1624   -0.4642   -0.8707
   -0.8948    0.4413   -0.0684
    0.4160    0.7680   -0.4870
...   121 T-A ...
    1.4896  -97.5598  108.2264
   -0.6145   -0.1554   -0.7735
   -0.6723    0.6162    0.4102
    0.4129    0.7721   -0.4832
...   122 G-C ...
    2.8536  -94.8912  106.4621
   -0.9310    0.1879   -0.3129
   -0.1480    0.5893    0.7943
    0.3336    0.7858   -0.5208
...   123 T-A ...
    3.7821  -92.5488  104.3515
   -0.8780    0.4511    0.1601
    0.3616    0.4060    0.8393
    0.3136    0.7948   -0.5196
...   124 G-C ...
    4.7029  -89.7993  102.6155
   -0.5073    0.5458    0.6669
    0.8257    0.0863    0.5574
    0.2467    0.8335   -0.4945
...   125 T-A ...
    5.0179  -87.1120  100.8703
   -0.0004    0.4703    0.8825
    0.9725   -0.2053    0.1098
    0.2329    0.8583   -0.4573
...   126 C-G ...
    5.7105  -84.3046   99.5307
    0.5824    0.2601    0.7702
    0.7837   -0.4315   -0.4468
    0.2161    0.8638   -0.4552
...   127 G-C ...
    6.9075  -81.6943   97.7959
    0.8871   -0.1290    0.4432
    0.3396   -0.4678   -0.8160
    0.3126    0.8744   -0.3711
...   128 A-T ...
    7.7941  -78.8627   96.6287
    0.9132   -0.3855   -0.1323
   -0.2634   -0.3106   -0.9133
    0.3110    0.8689   -0.3852
...   129 C-G ...
    9.1137  -75.8711   96.0929
    0.6120   -0.5275   -0.5892
   -0.7127   -0.0447   -0.7001
    0.3429    0.8484   -0.4033
...   130 C-G ...
   10.7566  -73.1917   94.7632
    0.0890   -0.5488   -0.8312
   -0.9167    0.2811   -0.2838
    0.3894    0.7873   -0.4781
...   131 A-T ...
   11.2478  -70.2110   93.1254
   -0.5130   -0.3186   -0.7971
   -0.7758    0.5695    0.2716
    0.3674    0.7577   -0.5393
...   132 A-T ...
   12.4730  -67.8351   91.2134
   -0.8722    0.0759   -0.4832
   -0.3212    0.6562    0.6828
    0.3689    0.7507   -0.5480
...   133 A-T ...
   13.7456  -65.6323   89.1349
   -0.8731    0.4874   -0.0030
    0.2606    0.4721    0.8422
    0.4119    0.7345   -0.5392
...   134 T-A ...
   14.7384  -63.4259   86.8198
   -0.5923    0.6747    0.4404
    0.6886    0.1401    0.7115
    0.4183    0.7247   -0.5475
...   135 G-C ...
   15.7317  -61.4929   83.9329
    0.0341    0.7400    0.6717
    0.8636   -0.3601    0.3528
    0.5030    0.5681   -0.6514
...   136 T-A ...
   15.7848  -59.5605   80.7991
    0.5517    0.4998    0.6677
    0.6739   -0.7388   -0.0038
    0.4915    0.4520   -0.7444
...   137 G-C ...
   16.8385  -57.7219   78.2674
    0.8528   -0.0848    0.5153
    0.1507   -0.9048   -0.3983
    0.5000    0.4173   -0.7588
...   138 A-T ...
   18.4282  -55.5287   76.5298
    0.8547   -0.5006    0.1371
   -0.3188   -0.7148   -0.6224
    0.4096    0.4883   -0.7706
...   139 G-C ...
   20.4259  -54.3094   74.5419
    0.5847   -0.7389   -0.3347
   -0.7593   -0.3533   -0.5465
    0.2856    0.5737   -0.7676
...   140 C-G ...
   21.4269  -51.8266   72.7875
    0.1304   -0.7144   -0.6875
   -0.8897    0.2216   -0.3991
    0.4375    0.6637   -0.6067
...   141 G-C ...
   22.1521  -50.1495   67.4639
   -0.4682   -0.8748    0.1248
   -0.8494    0.4066   -0.3364
    0.2435   -0.2635   -0.9334
...   142 C-G ...
   22.3488  -51.2414   64.4932
   -0.8528   -0.5119   -0.1032
   -0.4975    0.8565   -0.1374
    0.1587   -0.0659   -0.9851
...   143 T-A ...
   24.0166  -51.6379   61.9247
   -0.9562    0.0401   -0.2898
    0.0524    0.9980   -0.0348
    0.2878   -0.0485   -0.9564
...   144 C-G ...
   24.8958  -52.7396   58.9872
   -0.7529    0.5560   -0.3520
    0.5214    0.8304    0.1965
    0.4016   -0.0356   -0.9151
...   145 A-T ...
   25.5275  -52.9804   55.8052
   -0.2442    0.9563   -0.1610
    0.8906    0.2869    0.3528
    0.3836   -0.0573   -0.9217
...   146 C-G ...
   25.2778  -52.5123   52.0795
    0.3204    0.9427   -0.0929
    0.8825   -0.2614    0.3909
    0.3443   -0.2072   -0.9157
...   147 A-T ...
   25.6238  -52.5940   48.6394
    0.8597    0.5097    0.0339
    0.4496   -0.7865    0.4233
    0.2424   -0.3487   -0.9053
