  147 base-pairs
...     1 T-A ...
    0.0000    0.0000    0.0000
    1.0000    0.0000    0.0000
    0.0000    1.0000    0.0000
    0.0000    0.0000    1.0000
...     2 G-C ...
   -0.5555   -1.1003    3.3981
    0.7749    0.6051    0.1828
   -0.5991    0.7953   -0.0929
   -0.2016   -0.0375    0.9787
...     3 T-A ...
   -0.6619   -3.0237    6.5348
    0.3046    0.9250    0.2271
   -0.8994    0.3578   -0.2510
   -0.3134   -0.1278    0.9410
...     4 G-C ...
   -1.1607   -3.8418    9.6940
   -0.3351    0.9421    0.0133
   -0.8752   -0.3061   -0.3746
   -0.3489   -0.1372    0.9271
...     5 A-T ...
   -1.3881   -3.6770   12.8999
   -0.7835    0.6162   -0.0801
   -0.5677   -0.7622   -0.3109
   -0.2527   -0.1981    0.9470
...     6 G-C ...
   -2.6236   -3.5448   15.7072
   -0.9923    0.0611   -0.1075
   -0.0294   -0.9610   -0.2748
   -0.1201   -0.2695    0.9555
...     7 C-G ...
   -2.3138   -3.7570   18.8866
   -0.8620   -0.4995   -0.0864
    0.5008   -0.8655    0.0073
   -0.0785   -0.0370    0.9962
...     8 G-C ...
   -3.9561   -6.8109   23.3205
   -0.2581   -0.3560   -0.8981
    0.6294   -0.7673    0.1233
   -0.7330   -0.5335    0.4221
...     9 C-G ...
   -6.1177   -8.9414   24.2385
    0.1143   -0.7320   -0.6716
    0.8123   -0.3203    0.4874
   -0.5720   -0.6013    0.5580
...    10 T-A ...
   -8.5041   -9.6771   26.0540
    0.4660   -0.8587   -0.2131
    0.6274    0.1508    0.7640
   -0.6239   -0.4897    0.6090
...    11 C-G ...
  -11.0625  -11.3174   27.2336
    0.6660   -0.6911    0.2808
    0.3382    0.6152    0.7121
   -0.6649   -0.3794    0.6435
...    12 A-T ...
  -13.0013  -13.1789   29.0658
    0.7188   -0.1490    0.6790
   -0.1787    0.9043    0.3876
   -0.6718   -0.4000    0.6235
...    13 C-G ...
  -14.1788  -15.9359   31.3399
    0.4052    0.2865    0.8682
   -0.5270    0.8492   -0.0343
   -0.7470   -0.4437    0.4951
...    14 A-T ...
  -15.9532  -18.1566   33.3080
   -0.1503    0.6873    0.7107
   -0.6106    0.5008   -0.6135
   -0.7776   -0.5261    0.3444
...    15 A-T ...
  -18.4925  -19.7924   34.5134
   -0.4558    0.8698    0.1887
   -0.4091   -0.0165   -0.9123
   -0.7905   -0.4931    0.3634
...    16 T-A ...
  -20.8916  -21.2514   36.4149
   -0.6323    0.6974   -0.3376
   -0.0825   -0.4938   -0.8656
   -0.7704   -0.5194    0.3698
...    17 T-A ...
  -23.4138  -22.6981   37.9438
   -0.5860    0.2424   -0.7732
    0.3146   -0.8113   -0.4928
   -0.7468   -0.5320    0.3991
...    18 T-A ...
  -25.9744  -24.2124   39.3347
   -0.3021   -0.2944   -0.9067
    0.6001   -0.7977    0.0591
   -0.7407   -0.5262    0.4176
...    19 A-T ...
  -28.3383  -26.1882   40.9945
    0.1505   -0.8029   -0.5768
    0.6543   -0.3565    0.6670
   -0.7411   -0.4777    0.4717
...    20 T-A ...
  -31.2127  -27.5377   42.0671
    0.4489   -0.8886   -0.0939
    0.4805    0.1514    0.8638
   -0.7534   -0.4329    0.4949
...    21 T-A ...
  -33.7809  -28.9938   43.4429
    0.6147   -0.6302    0.4744
    0.1086    0.6633    0.7404
   -0.7812   -0.4036    0.4762
...    22 C-G ...
  -36.3781  -30.2866   45.0342
    0.5716   -0.0870    0.8159
   -0.2924    0.9075    0.3016
   -0.7667   -0.4110    0.4933
...    23 G-C ...
  -39.2062  -31.0472   46.7870
    0.4268    0.4995    0.7539
   -0.5720    0.7948   -0.2028
   -0.7005   -0.3446    0.6249
...    24 C-G ...
  -41.2509  -32.4521   48.9473
    0.1023    0.8640    0.4929
   -0.7063    0.4120   -0.5757
   -0.7005   -0.2893    0.6524
...    25 A-T ...
  -43.9614  -33.2991   50.7368
   -0.2812    0.9596   -0.0045
   -0.6353   -0.1897   -0.7486
   -0.7192   -0.2076    0.6630
...    26 A-T ...
  -46.2969  -33.8078   52.9909
   -0.5869    0.6697   -0.4551
   -0.3602   -0.7193   -0.5940
   -0.7252   -0.1847    0.6634
...    27 A-T ...
  -48.5606  -34.1221   55.3277
   -0.6929    0.1142   -0.7119
    0.0582   -0.9753   -0.2131
   -0.7187   -0.1891    0.6692
...    28 G-C ...
  -51.1712  -34.2833   57.5043
   -0.5091   -0.4315   -0.7447
    0.4115   -0.8820    0.2297
   -0.7559   -0.1895    0.6266
...    29 G-C ...
  -54.0139  -34.7804   59.4278
   -0.1234   -0.8604   -0.4944
    0.6172   -0.4567    0.6407
   -0.7771   -0.2261    0.5874
...    30 C-G ...
  -56.7880  -35.5395   61.0497
    0.2836   -0.9571   -0.0587
    0.5615    0.1162    0.8193
   -0.7773   -0.2653    0.5704
...    31 C-G ...
  -59.5743  -36.3768   62.7791
    0.5973   -0.7020    0.3879
    0.2889    0.6395    0.7124
   -0.7482   -0.3135    0.5848
...    32 G-C ...
  -61.8076  -37.0587   64.8806
    0.7248   -0.2151    0.6545
   -0.0932    0.9107    0.4025
   -0.6826   -0.3527    0.6400
...    33 G-C ...
  -63.8471  -38.3892   67.2042
    0.5825    0.3677    0.7249
   -0.5020    0.8642   -0.0349
   -0.6393   -0.3435    0.6880
...    34 C-G ...
  -65.7065  -39.7311   69.5709
    0.2205    0.8126    0.5395
   -0.7498    0.4950   -0.4391
   -0.6239   -0.3076    0.7184
...    35 C-G ...
  -67.5705  -40.4920   72.3363
   -0.2129    0.9664    0.1441
   -0.7542   -0.0688   -0.6530
   -0.6211   -0.2478    0.7435
...    36 C-G ...
  -69.5616  -41.0484   75.0336
   -0.5798    0.7568   -0.3018
   -0.5173   -0.6281   -0.5813
   -0.6295   -0.1809    0.7556
...    37 G-C ...
  -71.8856  -42.5099   77.1444
   -0.7266    0.2646   -0.6340
   -0.0853   -0.9505   -0.2989
   -0.6817   -0.1631    0.7132
...    38 A-T ...
  -74.0146  -42.9828   79.4781
   -0.6295   -0.3575   -0.6898
    0.3742   -0.9176    0.1341
   -0.6809   -0.1737    0.7114
...    39 C-G ...
  -76.5363  -43.2396   81.4668
   -0.3019   -0.7847   -0.5413
    0.6410   -0.5874    0.4941
   -0.7057   -0.1978    0.6803
...    40 A-T ...
  -78.9607  -44.0561   83.6981
    0.1968   -0.9640   -0.1788
    0.6822    0.0036    0.7312
   -0.7042   -0.2659    0.6583
...    41 C-G ...
  -81.4832  -45.2847   85.4796
    0.5603   -0.8009    0.2114
    0.4603    0.5133    0.7243
   -0.6886   -0.3085    0.6562
...    42 G-C ...
  -83.5516  -46.0096   88.0191
    0.7647   -0.3014    0.5696
   -0.0001    0.8838    0.4679
   -0.6444   -0.3579    0.6758
...    43 A-T ...
  -85.6503  -47.1869   90.1206
    0.6101    0.2910    0.7369
   -0.4551    0.8901    0.0253
   -0.6485   -0.3509    0.6755
...    44 C-G ...
  -87.3819  -48.8249   92.4227
    0.2868    0.7445    0.6029
   -0.7286    0.5782   -0.3673
   -0.6220   -0.3339    0.7082
...    45 T-A ...
  -89.0634  -50.1453   95.3409
   -0.1760    0.9539    0.2433
   -0.7625    0.0242   -0.6466
   -0.6226   -0.2993    0.7230
...    46 T-A ...
  -90.9105  -51.0903   97.8096
   -0.5789    0.8014   -0.1504
   -0.5205   -0.5052   -0.6884
   -0.6276   -0.3203    0.7096
...    47 A-T ...
  -93.1650  -52.4570   99.9718
   -0.7843    0.2617   -0.5625
   -0.0021   -0.9078   -0.4194
   -0.6204   -0.3277    0.7126
...    48 C-G ...
  -95.3608  -52.8778  102.4642
   -0.6427   -0.2679   -0.7178
    0.4222   -0.9056   -0.0401
   -0.6393   -0.3288    0.6951
...    49 T-A ...
  -97.8226  -53.7367  104.6456
   -0.2495   -0.6946   -0.6748
    0.6940   -0.6142    0.3756
   -0.6754   -0.3745    0.6353
...    50 G-C ...
 -100.0907  -55.2346  106.6848
    0.2907   -0.8642   -0.4107
    0.6930   -0.1058    0.7131
   -0.6597   -0.4919    0.5682
...    51 T-A ...
 -102.4631  -56.9310  108.0458
    0.6433   -0.7656   -0.0041
    0.4278    0.3550    0.8312
   -0.6349   -0.5365    0.5560
...    52 A-T ...
 -104.4071  -58.6854  110.1899
    0.8132   -0.3395    0.4726
   -0.0891    0.7300    0.6776
   -0.5751   -0.5932    0.5634
...    53 G-C ...
 -106.2640  -60.7430  111.9098
    0.6865    0.1588    0.7096
   -0.5313    0.7757    0.3405
   -0.4964   -0.6108    0.6169
...    54 G-C ...
 -107.3791  -63.3040  114.1789
    0.2802    0.6231    0.7302
   -0.8527    0.5109   -0.1088
   -0.4409   -0.5921    0.6745
...    55 T-A ...
 -108.3480  -65.2964  116.6251
   -0.2260    0.7957    0.5620
   -0.8759    0.0865   -0.4747
   -0.4264   -0.5995    0.6774
...    56 A-T ...
 -109.5681  -67.2318  119.1432
   -0.7178    0.6819    0.1406
   -0.5512   -0.4332   -0.7131
   -0.4253   -0.5894    0.6868
...    57 T-A ...
 -110.6242  -68.7386  121.8920
   -0.9165    0.3160   -0.2454
   -0.0664   -0.7250   -0.6855
   -0.3945   -0.6120    0.6854
...    58 C-G ...
 -112.0932  -70.6108  124.3231
   -0.7448   -0.2216   -0.6294
    0.5445   -0.7471   -0.3813
   -0.3858   -0.6267    0.6770
...    59 T-A ...
 -113.7160  -72.6040  126.5115
   -0.2969   -0.5587   -0.7744
    0.8640   -0.5025    0.0313
   -0.4066   -0.6598    0.6319
...    60 C-G ...
 -115.1043  -74.8053  128.6963
    0.3019   -0.7193   -0.6257
    0.8698   -0.0609    0.4896
   -0.3903   -0.6920    0.6073
...    61 G-C ...
 -115.8219  -77.2275  130.9534
    0.7914   -0.4721   -0.3884
    0.5597    0.3041    0.7709
   -0.2458   -0.8274    0.5049
...    62 A-T ...
 -116.5882  -79.9076  132.7679
    0.9840   -0.1422    0.1070
   -0.0158    0.5290    0.8485
   -0.1773   -0.8366    0.5183
...    63 G-C ...
 -116.9227  -82.8211  134.3638
    0.8289    0.2289    0.5104
   -0.5511    0.4908    0.6749
   -0.0960   -0.8407    0.5329
...    64 C-G ...
 -116.7392  -85.8163  136.0381
    0.3412    0.4983    0.7971
   -0.9385    0.2285    0.2589
   -0.0531   -0.8364    0.5456
...    65 T-A ...
 -116.7748  -88.5404  137.9221
   -0.2446    0.5393    0.8058
   -0.9696   -0.1319   -0.2061
   -0.0048   -0.8317    0.5552
...    66 C-G ...
 -117.1313  -91.2581  139.7852
   -0.7996    0.3163    0.5105
   -0.5992   -0.4775   -0.6426
    0.0405   -0.8197    0.5713
...    67 G-C ...
 -117.5559  -94.7188  140.8204
   -0.9992   -0.0372    0.0119
    0.0122   -0.5871   -0.8094
    0.0371   -0.8087    0.5871
...    68 G-C ...
 -117.4562  -97.4080  142.9517
   -0.8033   -0.3215   -0.5013
    0.5955   -0.4436   -0.6697
   -0.0070   -0.8366    0.5478
...    69 T-A ...
 -118.2678  -99.9282  144.9622
   -0.3499   -0.4720   -0.8092
    0.9367   -0.1870   -0.2960
   -0.0117   -0.8615    0.5075
...    70 C-G ...
 -118.2583 -102.7282  146.5716
    0.2508   -0.4384   -0.8631
    0.9680    0.1197    0.2205
    0.0066   -0.8908    0.4544
...    71 A-T ...
 -118.1373 -105.6174  148.3900
    0.7520   -0.1568   -0.6402
    0.6507    0.3315    0.6832
    0.1051   -0.9303    0.3513
...    72 T-A ...
 -117.8948 -108.7852  149.0791
    0.9654    0.1152   -0.2338
    0.1821    0.3436    0.9213
    0.1865   -0.9320    0.3107
...    73 G-C ...
 -116.9126 -111.9806  150.1006
    0.8410    0.4328    0.3247
   -0.4173    0.1370    0.8984
    0.3444   -0.8910    0.2958
...    74 T-A ...
 -115.2639 -114.8824  150.6412
    0.4663    0.4478    0.7629
   -0.7970   -0.1617    0.5820
    0.3839   -0.8794    0.2814
...    75 T-A ...
 -113.8018 -117.6366  151.4619
   -0.0755    0.2317    0.9699
   -0.9042   -0.4259    0.0314
    0.4204   -0.8746    0.2417
...    76 A-T ...
 -112.5936 -120.9051  152.0637
   -0.6440   -0.2569    0.7206
   -0.5860   -0.4399   -0.6805
    0.4918   -0.8605    0.1327
...    77 T-A ...
 -110.6664 -123.4052  153.0424
   -0.8240   -0.5012    0.2643
   -0.1694   -0.2272   -0.9590
    0.5407   -0.8350    0.1023
...    78 A-T ...
 -108.4320 -126.1532  153.0091
   -0.6181   -0.6064   -0.5002
    0.4345    0.2667   -0.8603
    0.6551   -0.7491    0.0986
...    79 A-T ...
 -106.3393 -128.5728  153.4723
   -0.2263   -0.3468   -0.9102
    0.6761    0.6168   -0.4031
    0.7012   -0.7066    0.0949
...    80 C-G ...
 -104.4031 -131.3004  153.9832
    0.1655    0.0828   -0.9827
    0.6655    0.7260    0.1733
    0.7278   -0.6827    0.0650
...    81 G-C ...
 -101.6841 -133.1058  154.0963
    0.3352    0.5883   -0.7359
    0.4721    0.5710    0.6716
    0.8153   -0.5725   -0.0863
...    82 G-C ...
  -98.8396 -134.5581  153.3437
    0.4073    0.8789   -0.2481
    0.2869    0.1348    0.9484
    0.8670   -0.4575   -0.1973
...    83 A-T ...
  -95.8802 -135.7247  152.7300
    0.4427    0.8153    0.3732
    0.0437   -0.4353    0.8992
    0.8956   -0.3818   -0.2284
...    84 G-C ...
  -92.8355 -136.7220  151.7708
    0.3263    0.4829    0.8126
   -0.1546   -0.8208    0.5499
    0.9326   -0.3050   -0.1931
...    85 A-T ...
  -89.6181 -137.4127  150.9666
    0.1653   -0.1496    0.9748
   -0.2952   -0.9506   -0.0958
    0.9410   -0.2720   -0.2013
...    86 T-A ...
  -86.3423 -137.7485  150.5636
   -0.0097   -0.6375    0.7704
   -0.3251   -0.7265   -0.6053
    0.9456   -0.2564   -0.2002
...    87 C-G ...
  -83.0324 -138.4577  150.1616
   -0.1634   -0.9646    0.2072
   -0.2609   -0.1603   -0.9520
    0.9514   -0.2096   -0.2255
...    88 C-G ...
  -79.8566 -139.1380  149.5304
   -0.3416   -0.8800   -0.3300
   -0.1334    0.3929   -0.9098
    0.9303   -0.2668   -0.2516
...    89 G-C ...
  -76.8463 -139.6899  148.2650
   -0.4259   -0.4619   -0.7780
    0.0723    0.8397   -0.5382
    0.9019   -0.2855   -0.3243
...    90 C-G ...
  -73.7352 -141.0129  147.4812
   -0.3382    0.1180   -0.9336
    0.2643    0.9641    0.0262
    0.9032   -0.2379   -0.3573
...    91 T-A ...
  -70.7561 -142.2018  146.2213
   -0.1980    0.6635   -0.7215
    0.4043    0.7259    0.5565
    0.8929   -0.1815   -0.4119
...    92 T-A ...
  -68.0427 -142.8415  144.5708
    0.0238    0.9662   -0.2568
    0.4467    0.2195    0.8673
    0.8943   -0.1353   -0.4264
...    93 T-A ...
  -65.1740 -143.0998  143.1211
    0.1889    0.9320    0.3094
    0.3833   -0.3601    0.8505
    0.9041   -0.0421   -0.4253
...    94 A-T ...
  -61.9671 -142.9872  142.0409
    0.2559    0.5383    0.8029
    0.2685   -0.8375    0.4759
    0.9287    0.0938   -0.3589
...    95 A-T ...
  -59.0308 -142.3805  140.9300
    0.3599   -0.0471    0.9318
    0.1080   -0.9899   -0.0917
    0.9267    0.1336   -0.3512
...    96 C-G ...
  -55.9296 -141.3068  140.0251
    0.3969   -0.5897    0.7033
   -0.0940   -0.7884   -0.6080
    0.9130    0.1752   -0.3684
...    97 A-T ...
  -52.7984 -140.8201  138.8652
    0.2444   -0.9525    0.1819
   -0.3203   -0.2563   -0.9120
    0.9152    0.1647   -0.3677
...    98 C-G ...
  -49.4643 -140.2814  138.3111
    0.0387   -0.9379   -0.3446
   -0.4132    0.2990   -0.8601
    0.9098    0.1756   -0.3760
...    99 T-A ...
  -45.9493 -140.0651  137.4470
   -0.2233   -0.5954   -0.7717
   -0.3856    0.7811   -0.4911
    0.8952    0.1879   -0.4040
...   100 T-A ...
  -42.9456 -139.7680  136.2210
   -0.3930   -0.0223   -0.9193
   -0.2024    0.9773    0.0629
    0.8970    0.2108   -0.3886
...   101 T-A ...
  -40.0264 -139.1956  134.9003
   -0.4778    0.5318   -0.6992
    0.0553    0.8126    0.5802
    0.8767    0.2385   -0.4177
...   102 A-T ...
  -37.1463 -138.0780  133.6415
   -0.4471    0.8751   -0.1854
    0.3354    0.3561    0.8722
    0.8292    0.3278   -0.4527
...   103 T-A ...
  -34.9227 -137.0260  131.5833
   -0.2924    0.9128    0.2853
    0.5272   -0.0950    0.8444
    0.7978    0.3973   -0.4535
...   104 G-C ...
  -32.4611 -135.4228  129.9941
    0.0041    0.6225    0.7826
    0.6332   -0.6073    0.4798
    0.7739    0.4936   -0.3967
...   105 C-G ...
  -30.1330 -133.3329  128.8623
    0.3281    0.1570    0.9315
    0.5428   -0.8384   -0.0499
    0.7731    0.5220   -0.3603
...   106 T-A ...
  -27.4962 -131.0979  128.1992
    0.5914   -0.3558    0.7237
    0.3066   -0.7308   -0.6098
    0.7458    0.5826   -0.3231
...   107 T-A ...
  -25.1083 -129.0756  127.4096
    0.6595   -0.7130    0.2382
   -0.0796   -0.3813   -0.9210
    0.7475    0.5884   -0.3082
...   108 C-G ...
  -22.5028 -127.0579  126.5902
    0.4830   -0.7840   -0.3900
   -0.4768    0.1381   -0.8681
    0.7344    0.6053   -0.3071
...   109 C-G ...
  -20.0826 -124.9953  125.6995
    0.0754   -0.6407   -0.7641
   -0.6670    0.5372   -0.5163
    0.7412    0.5486   -0.3869
...   110 G-C ...
  -18.0622 -122.9601  124.4597
   -0.3637   -0.3148   -0.8767
   -0.6133    0.7893   -0.0290
    0.7011    0.5272   -0.4801
...   111 G-C ...
  -15.7604 -121.3611  122.6436
   -0.7053    0.1411   -0.6947
   -0.2992    0.8292    0.4722
    0.6427    0.5409   -0.5426
...   112 C-G ...
  -13.7512 -119.9261  120.3888
   -0.7873    0.5497   -0.2794
    0.1496    0.6098    0.7783
    0.5982    0.5710   -0.5623
...   113 T-A ...
  -11.9420 -118.0762  118.3031
   -0.6305    0.7440    0.2212
    0.5612    0.2400    0.7922
    0.5363    0.6236   -0.5688
...   114 C-G ...
  -10.2751 -115.7719  116.6500
   -0.2062    0.7161    0.6669
    0.8581   -0.1951    0.4749
    0.4702    0.6702   -0.5742
...   115 G-C ...
   -8.3117 -113.5963  115.0540
    0.3103    0.4135    0.8560
    0.8384   -0.5435   -0.0414
    0.4481    0.7305   -0.5153
...   116 T-A ...
   -7.1974 -110.6692  113.8418
    0.7002    0.0245    0.7135
    0.5424   -0.6681   -0.5093
    0.4642    0.7436   -0.4812
...   117 A-T ...
   -5.7090 -107.8690  112.5871
    0.8700   -0.4044    0.2820
    0.0283   -0.5300   -0.8475
    0.4922    0.7454   -0.4497
...   118 T-A ...
   -4.0421 -105.1543  111.7793
    0.7714   -0.6009   -0.2096
   -0.4295   -0.2485   -0.8682
    0.4695    0.7597   -0.4498
...   119 A-T ...
   -2.7465 -102.4593  110.0492
    0.3083   -0.5868   -0.7487
   -0.8406    0.2005   -0.5032
    0.4454    0.7845   -0.4314
...   120 A-T ...
   -1.0278 -100.0152  108.7624
   -0.2400   -0.3759   -0.8951
   -0.8672    0.4974    0.0237
    0.4363    0.7819   -0.4453
...   121 T-A ...
    0.8839  -97.8220  107.1359
   -0.6633   -0.0570   -0.7462
   -0.6105    0.6179    0.4955
    0.4328    0.7842   -0.4446
...   122 G-C ...
    2.3068  -95.1277  105.4701
   -0.9339    0.2556   -0.2500
   -0.0778    0.5372    0.8399
    0.3490    0.8038   -0.4818
...   123 T-A ...
    3.2362  -92.6944  103.4782
   -0.8475    0.4785    0.2297
    0.4172    0.3333    0.8455
    0.3280    0.8124   -0.4821
...   124 G-C ...
    4.1847  -89.8885  101.8753
   -0.4579    0.5231    0.7188
    0.8493    0.0187    0.5275
    0.2625    0.8520   -0.4529
...   125 T-A ...
    4.5399  -87.1160  100.2741
    0.0493    0.4173    0.9074
    0.9668   -0.2480    0.0615
    0.2507    0.8743   -0.4157
...   126 C-G ...
    5.2927  -84.2675   99.0731
    0.6162    0.1948    0.7631
    0.7521   -0.4330   -0.4968
    0.2337    0.8801   -0.4134
...   127 G-C ...
    6.5168  -81.6152   97.4570
    0.8925   -0.1800    0.4136
    0.3042   -0.4370   -0.8465
    0.3331    0.8813   -0.3353
...   128 A-T ...
    7.4586  -78.7638   96.4067
    0.8973   -0.4077   -0.1694
   -0.2918   -0.2599   -0.9205
    0.3313    0.8753   -0.3521
...   129 C-G ...
    8.8696  -75.8006   95.9691
    0.5851   -0.5200   -0.6222
   -0.7257    0.0066   -0.6880
    0.3619    0.8541   -0.3736
...   130 C-G ...
   10.6001  -73.1367   94.7244
    0.0638   -0.5221   -0.8505
   -0.9120    0.3156   -0.2621
    0.4053    0.7923   -0.4560
...   131 A-T ...
   11.2089  -70.1903   93.1161
   -0.5224   -0.3029   -0.7971
   -0.7654    0.5786    0.2818
    0.3759    0.7572   -0.5341
...   132 A-T ...
   12.4608  -67.8232   91.2158
   -0.8732    0.0849   -0.4799
   -0.3133    0.6566    0.6861
    0.3733    0.7495   -0.5467
...   133 A-T ...
   13.7429  -65.6255   89.1362
   -0.8706    0.4920    0.0002
    0.2652    0.4691    0.8424
    0.4144    0.7334   -0.5388
...   134 T-A ...
   14.7384  -63.4258   86.8199
   -0.5923    0.6747    0.4404
    0.6886    0.1401    0.7115
    0.4183    0.7247   -0.5475
...   135 G-C ...
   15.7317  -61.4928   83.9330
    0.0341    0.7400    0.6717
    0.8636   -0.3601    0.3528
    0.5030    0.5681   -0.6514
...   136 T-A ...
   15.7848  -59.5604   80.7992
    0.5517    0.4998    0.6677
    0.6739   -0.7388   -0.0038
    0.4915    0.4520   -0.7444
...   137 G-C ...
   16.8385  -57.7218   78.2676
    0.8528   -0.0848    0.5153
    0.1507   -0.9048   -0.3983
    0.5000    0.4173   -0.7588
...   138 A-T ...
   18.4282  -55.5286   76.5299
    0.8547   -0.5006    0.1371
   -0.3188   -0.7148   -0.6224
    0.4096    0.4883   -0.7706
...   139 G-C ...
   20.4259  -54.3093   74.5420
    0.5847   -0.7389   -0.3347
   -0.7593   -0.3533   -0.5465
    0.2856    0.5737   -0.7676
...   140 C-G ...
   21.4269  -51.8265   72.7876
    0.1304   -0.7144   -0.6875
   -0.8897    0.2216   -0.3991
    0.4375    0.6637   -0.6067
...   141 G-C ...
   22.1521  -50.1494   67.4640
   -0.4682   -0.8748    0.1248
   -0.8494    0.4066   -0.3364
    0.2435   -0.2635   -0.9334
...   142 C-G ...
   22.3488  -51.2413   64.4933
   -0.8528   -0.5119   -0.1032
   -0.4975    0.8565   -0.1374
    0.1587   -0.0659   -0.9851
...   143 T-A ...
   24.0166  -51.6378   61.9248
   -0.9562    0.0401   -0.2898
    0.0524    0.9980   -0.0348
    0.2878   -0.0485   -0.9564
...   144 C-G ...
   24.8958  -52.7395   58.9873
   -0.7529    0.5560   -0.3520
    0.5214    0.8304    0.1965
    0.4016   -0.0356   -0.9151
...   145 A-T ...
   25.5275  -52.9802   55.8053
   -0.2442    0.9563   -0.1610
    0.8906    0.2869    0.3528
    0.3836   -0.0573   -0.9217
...   146 C-G ...
   25.2778  -52.5122   52.0796
    0.3204    0.9427   -0.0929
    0.8825   -0.2614    0.3909
    0.3443   -0.2072   -0.9157
...   147 A-T ...
   25.6238  -52.5939   48.6396
    0.8597    0.5097    0.0339
    0.4496   -0.7865    0.4233
    0.2424   -0.3487   -0.9053
