  147 base-pairs
...     1 T-A ...
    0.0000    0.0000    0.0000
    1.0000    0.0000    0.0000
    0.0000    1.0000    0.0000
    0.0000    0.0000    1.0000
...     2 G-C ...
   -0.5555   -1.1003    3.3981
    0.7749    0.6051    0.1828
   -0.5991    0.7953   -0.0929
   -0.2016   -0.0375    0.9787
...     3 T-A ...
   -0.6619   -3.0237    6.5348
    0.3046    0.9250    0.2271
   -0.8994    0.3578   -0.2510
   -0.3134   -0.1278    0.9410
...     4 G-C ...
   -1.1607   -3.8418    9.6940
   -0.3351    0.9421    0.0133
   -0.8752   -0.3061   -0.3746
   -0.3489   -0.1372    0.9271
...     5 A-T ...
   -1.3881   -3.6770   12.8999
   -0.7835    0.6162   -0.0801
   -0.5677   -0.7622   -0.3109
   -0.2527   -0.1981    0.9470
...     6 G-C ...
   -2.6236   -3.5448   15.7072
   -0.9923    0.0611   -0.1075
   -0.0294   -0.9610   -0.2748
   -0.1201   -0.2695    0.9555
...     7 C-G ...
   -2.3138   -3.7570   18.8866
   -0.8620   -0.4995   -0.0864
    0.5008   -0.8655    0.0073
   -0.0785   -0.0370    0.9962
...     8 G-C ...
   -3.9561   -6.8109   23.3205
   -0.2581   -0.3560   -0.8981
    0.6294   -0.7673    0.1233
   -0.7330   -0.5335    0.4221
...     9 C-G ...
   -6.1177   -8.9414   24.2385
    0.1143   -0.7320   -0.6716
    0.8123   -0.3203    0.4874
   -0.5720   -0.6013    0.5580
...    10 T-A ...
   -8.5041   -9.6771   26.0540
    0.4660   -0.8587   -0.2131
    0.6274    0.1508    0.7640
   -0.6239   -0.4897    0.6090
...    11 C-G ...
  -11.0625  -11.3174   27.2336
    0.6660   -0.6911    0.2808
    0.3382    0.6152    0.7121
   -0.6649   -0.3794    0.6435
...    12 A-T ...
  -13.0013  -13.1789   29.0658
    0.7188   -0.1490    0.6790
   -0.1787    0.9043    0.3876
   -0.6718   -0.4000    0.6235
...    13 C-G ...
  -14.1788  -15.9359   31.3399
    0.4052    0.2865    0.8682
   -0.5270    0.8492   -0.0343
   -0.7470   -0.4437    0.4951
...    14 A-T ...
  -15.9532  -18.1566   33.3080
   -0.1503    0.6873    0.7107
   -0.6106    0.5008   -0.6135
   -0.7776   -0.5261    0.3444
...    15 A-T ...
  -18.3885  -19.8398   34.6289
   -0.4538    0.8659    0.2103
   -0.4186    0.0011   -0.9082
   -0.7866   -0.5002    0.3620
...    16 T-A ...
  -20.7600  -21.2406   36.4266
   -0.5923    0.7496   -0.2956
   -0.1328   -0.4526   -0.8817
   -0.7947   -0.4830    0.3676
...    17 T-A ...
  -23.3680  -22.6124   37.8045
   -0.5593    0.3389   -0.7565
    0.2293   -0.8137   -0.5341
   -0.7966   -0.4722    0.3774
...    18 T-A ...
  -26.0588  -23.8880   39.1339
   -0.3346   -0.2215   -0.9160
    0.5106   -0.8596    0.0213
   -0.7921   -0.4605    0.4007
...    19 A-T ...
  -28.4180  -25.7820   40.7403
    0.0511   -0.7626   -0.6448
    0.6097   -0.4875    0.6250
   -0.7910   -0.4251    0.4400
...    20 T-A ...
  -31.3987  -26.9276   41.6606
    0.3456   -0.9152   -0.2074
    0.4966   -0.0092    0.8679
   -0.7962   -0.4030    0.4513
...    21 T-A ...
  -34.1347  -28.2134   42.8934
    0.5478   -0.7521    0.3664
    0.2063    0.5459    0.8120
   -0.8108   -0.3692    0.4542
...    22 C-G ...
  -36.8396  -29.4563   44.3399
    0.5782   -0.2527    0.7758
   -0.1644    0.8953    0.4141
   -0.7991   -0.3670    0.4761
...    23 G-C ...
  -39.6500  -30.2490   46.0749
    0.4623    0.3530    0.8134
   -0.4748    0.8733   -0.1092
   -0.7489   -0.3357    0.5713
...    24 C-G ...
  -41.8508  -31.6387   48.1537
    0.1572    0.7982    0.5815
   -0.6568    0.5242   -0.5421
   -0.7375   -0.2967    0.6066
...    25 A-T ...
  -44.4754  -32.4338   50.0984
   -0.1772    0.9804    0.0859
   -0.6487   -0.0508   -0.7593
   -0.7401   -0.1903    0.6450
...    26 A-T ...
  -46.7601  -32.9090   52.3590
   -0.5148    0.7685   -0.3799
   -0.4298   -0.6148   -0.6613
   -0.7417   -0.1772    0.6469
...    27 A-T ...
  -49.1272  -33.2421   54.5658
   -0.6697    0.2629   -0.6945
   -0.0534   -0.9499   -0.3081
   -0.7407   -0.1693    0.6502
...    28 G-C ...
  -51.6963  -33.4646   56.6968
   -0.5488   -0.2935   -0.7828
    0.3074   -0.9416    0.1376
   -0.7774   -0.1651    0.6069
...    29 G-C ...
  -54.5357  -33.8237   58.5366
   -0.2258   -0.7615   -0.6076
    0.5420   -0.6164    0.5712
   -0.8095   -0.2003    0.5519
...    30 C-G ...
  -57.4816  -34.3564   60.0425
    0.1466   -0.9695   -0.1962
    0.5668   -0.0802    0.8199
   -0.8107   -0.2314    0.5378
...    31 C-G ...
  -60.3398  -35.2585   61.6329
    0.4982   -0.8260    0.2637
    0.3711    0.4780    0.7961
   -0.7836   -0.2988    0.5446
...    32 G-C ...
  -62.8298  -36.0044   63.8143
    0.6954   -0.3616    0.6210
   -0.0018    0.8633    0.5047
   -0.7186   -0.3521    0.5997
...    33 G-C ...
  -65.1515  -37.4185   65.8247
    0.6301    0.2163    0.7458
   -0.4039    0.9116    0.0769
   -0.6632   -0.3497    0.6618
...    34 C-G ...
  -67.0572  -38.8862   68.1334
    0.3244    0.7056    0.6300
   -0.6956    0.6293   -0.3466
   -0.6410   -0.3258    0.6949
...    35 C-G ...
  -68.9789  -39.9200   70.7207
   -0.0713    0.9606    0.2688
   -0.7765    0.1157   -0.6195
   -0.6261   -0.2529    0.7376
...    36 C-G ...
  -70.9323  -40.5132   73.4284
   -0.4464    0.8759   -0.1832
   -0.6219   -0.4508   -0.6403
   -0.6434   -0.1719    0.7459
...    37 G-C ...
  -73.3938  -41.1843   75.6592
   -0.6581    0.4660   -0.5914
   -0.2730   -0.8797   -0.3893
   -0.7017   -0.0948    0.7061
...    38 A-T ...
  -75.7267  -41.3802   77.9906
   -0.6709   -0.1605   -0.7239
    0.1762   -0.9828    0.0546
   -0.7203   -0.0909    0.6877
...    39 C-G ...
  -78.3310  -41.0955   80.0635
   -0.4510   -0.6646   -0.5957
    0.5049   -0.7404    0.4437
   -0.7360   -0.1006    0.6695
...    40 A-T ...
  -80.6826  -41.5877   82.4106
    0.0022   -0.9606   -0.2778
    0.6558   -0.2084    0.7256
   -0.7549   -0.1838    0.6295
...    41 C-G ...
  -83.5530  -42.2307   83.9693
    0.3785   -0.9151    0.1389
    0.5432    0.3411    0.7672
   -0.7494   -0.2150    0.6262
...    42 G-C ...
  -85.8283  -42.8458   86.4068
    0.7014   -0.5224    0.4850
    0.2007    0.7976    0.5688
   -0.6839   -0.3016    0.6643
...    43 A-T ...
  -88.0391  -43.9292   88.5984
    0.7015    0.0763    0.7086
   -0.2746    0.9464    0.1700
   -0.6576   -0.3139    0.6848
...    44 C-G ...
  -89.8570  -45.5060   90.9001
    0.4568    0.5834    0.6715
   -0.6215    0.7494   -0.2283
   -0.6365   -0.3131    0.7049
...    45 T-A ...
  -91.6912  -46.6003   93.4651
    0.0667    0.9135    0.4012
   -0.7894    0.2943   -0.5387
   -0.6102   -0.2808    0.7408
...    46 T-A ...
  -93.4603  -47.5424   96.0373
   -0.4301    0.9025    0.0228
   -0.6728   -0.3035   -0.6747
   -0.6020   -0.3056    0.7377
...    47 A-T ...
  -95.7144  -48.8857   98.2194
   -0.7845    0.4692   -0.4054
   -0.2153   -0.8192   -0.5316
   -0.5816   -0.3297    0.7437
...    48 C-G ...
  -97.6531  -49.3715  100.9088
   -0.7660   -0.0462   -0.6412
    0.2453   -0.9430   -0.2250
   -0.5942   -0.3296    0.7336
...    49 T-A ...
  -99.8389  -50.2080  103.2993
   -0.4714   -0.5379   -0.6989
    0.6216   -0.7648    0.1693
   -0.6256   -0.3546    0.6949
...    50 G-C ...
 -101.8380  -51.6092  105.6048
    0.0472   -0.8414   -0.5383
    0.7703   -0.3124    0.5559
   -0.6359   -0.4409    0.6334
...    51 T-A ...
 -104.3559  -53.0335  107.2259
    0.4807   -0.8569   -0.1861
    0.6245    0.1856    0.7587
   -0.6156   -0.4809    0.6244
...    52 A-T ...
 -106.2874  -54.6708  109.4334
    0.8107   -0.5252    0.2587
    0.1882    0.6521    0.7344
   -0.5544   -0.5467    0.6275
...    53 G-C ...
 -108.0180  -56.7503  111.3645
    0.8220   -0.0440    0.5678
   -0.2979    0.8164    0.4947
   -0.4853   -0.5758    0.6580
...    54 G-C ...
 -109.2820  -58.8756  113.6710
    0.5488    0.4663    0.6938
   -0.7301    0.6716    0.1261
   -0.4072   -0.5757    0.7090
...    55 T-A ...
 -110.0314  -61.0231  116.1091
    0.0698    0.7649    0.6404
   -0.9185    0.2998   -0.2580
   -0.3893   -0.5702    0.7234
...    56 A-T ...
 -111.8982  -62.9695  118.2478
   -0.5920    0.7279    0.3461
   -0.7224   -0.2888   -0.6283
   -0.3574   -0.6219    0.6968
...    57 T-A ...
 -112.6677  -64.6773  120.9979
   -0.8947    0.4463   -0.0163
   -0.2982   -0.6243   -0.7220
   -0.3324   -0.6412    0.6917
...    58 C-G ...
 -113.7466  -66.7325  123.3688
   -0.8886   -0.0296   -0.4578
    0.3184   -0.7581   -0.5691
   -0.3303   -0.6515    0.6830
...    59 T-A ...
 -115.0655  -68.7035  125.7323
   -0.5496   -0.4096   -0.7282
    0.7581   -0.6107   -0.2286
   -0.3511   -0.6777    0.6462
...    60 C-G ...
 -116.2651  -70.8720  127.9142
    0.0341   -0.6622   -0.7486
    0.9417   -0.2296    0.2461
   -0.3348   -0.7133    0.6157
...    61 G-C ...
 -117.0587  -73.3216  130.1105
    0.6044   -0.5574   -0.5693
    0.7567    0.1780    0.6290
   -0.2493   -0.8109    0.5294
...    62 A-T ...
 -117.8574  -76.0287  131.7612
    0.9501   -0.2853   -0.1258
    0.2504    0.4577    0.8531
   -0.1858   -0.8421    0.5064
...    63 G-C ...
 -118.3173  -78.9885  133.1753
    0.9489    0.0842    0.3042
   -0.3036    0.5074    0.8065
   -0.0864   -0.8576    0.5070
...    64 C-G ...
 -118.1101  -81.9734  134.6192
    0.6232    0.3929    0.6762
   -0.7819    0.3340    0.5264
   -0.0190   -0.8567    0.5154
...    65 T-A ...
 -117.7533  -84.7880  136.3610
    0.0903    0.5459    0.8330
   -0.9950    0.0128    0.0995
    0.0436   -0.8378    0.5443
...    66 C-G ...
 -117.5083  -87.4435  138.3231
   -0.5382    0.4277    0.7262
   -0.8396   -0.3474   -0.4176
    0.0737   -0.8345    0.5461
...    67 G-C ...
 -117.6772  -90.4117  139.9461
   -0.9351    0.1596    0.3163
   -0.3499   -0.5561   -0.7539
    0.0556   -0.8156    0.5759
...    68 G-C ...
 -117.4164  -93.0484  142.0850
   -0.9678   -0.1569   -0.1968
    0.2508   -0.5369   -0.8055
    0.0207   -0.8289    0.5590
...    69 G-C ...
 -117.3091  -95.7159  144.2011
   -0.6543   -0.3785   -0.6547
    0.7563   -0.3272   -0.5666
    0.0003   -0.8658    0.5004
...    70 A-T ...
 -117.2809  -98.4796  145.9860
   -0.0716   -0.4570   -0.8866
    0.9971   -0.0092   -0.0758
    0.0265   -0.8894    0.4564
...    71 T-A ...
 -117.8218 -101.4138  147.3365
    0.4447   -0.3667   -0.8172
    0.8944    0.2317    0.3827
    0.0490   -0.9010    0.4310
...    72 C-G ...
 -117.6539 -104.3959  148.6613
    0.8779   -0.0817   -0.4718
    0.4638    0.3899    0.7955
    0.1190   -0.9172    0.3802
...    73 C-G ...
 -117.0533 -107.5812  149.5554
    0.9653    0.2609   -0.0068
   -0.0802    0.3213    0.9436
    0.2484   -0.9103    0.3311
...    74 G-C ...
 -115.8311 -110.3909  151.0064
    0.7089    0.5130    0.4840
   -0.5756    0.0243    0.8174
    0.4076   -0.8580    0.3125
...    75 C-G ...
 -113.9387 -112.9873  151.9244
    0.2502    0.4638    0.8498
   -0.8483   -0.3180    0.4233
    0.4666   -0.8269    0.3139
...    76 T-A ...
 -112.0475 -115.4998  153.0636
   -0.2731    0.2180    0.9369
   -0.8160   -0.5684   -0.1056
    0.5095   -0.7934    0.3332
...    77 T-A ...
 -110.0889 -117.8775  154.1868
   -0.6676   -0.2392    0.7051
   -0.4877   -0.5752   -0.6568
    0.5626   -0.7823    0.2673
...    78 T-A ...
 -108.0363 -120.2054  155.2541
   -0.7758   -0.6048    0.1796
    0.0006   -0.2854   -0.9584
    0.6309   -0.7434    0.2218
...    79 A-T ...
 -105.4580 -122.5367  155.2607
   -0.4965   -0.6964   -0.5181
    0.4902    0.2676   -0.8295
    0.7163   -0.6659    0.2086
...    80 A-T ...
 -103.2245 -124.7450  156.1201
   -0.1030   -0.4039   -0.9090
    0.6632    0.6532   -0.3654
    0.7413   -0.6405    0.2006
...    81 C-G ...
 -101.2054 -127.2508  156.8544
    0.2292    0.0497   -0.9721
    0.6061    0.7741    0.1825
    0.7616   -0.6311    0.1473
...    82 A-T ...
  -98.5006 -129.2140  157.3348
    0.4121    0.5814   -0.7015
    0.3843    0.5872    0.7124
    0.8261   -0.5632    0.0185
...    83 C-G ...
  -95.9607 -131.2054  156.7786
    0.4935    0.8430   -0.2139
    0.1305    0.1714    0.9765
    0.8599   -0.5098   -0.0254
...    84 T-A ...
  -93.0019 -132.6374  156.3461
    0.4048    0.8423    0.3560
   -0.0993   -0.3465    0.9328
    0.9090   -0.4129   -0.0567
...    85 T-A ...
  -89.9769 -133.7648  155.9948
    0.2693    0.4770    0.8366
   -0.2892   -0.7886    0.5427
    0.9186   -0.3881   -0.0745
...    86 T-A ...
  -86.8790 -134.7344  155.6520
    0.0867   -0.1083    0.9903
   -0.3770   -0.9237   -0.0680
    0.9221   -0.3675   -0.1209
...    87 A-T ...
  -84.0494 -136.5651  154.7274
   -0.0745   -0.7728    0.6303
   -0.3585   -0.5691   -0.7400
    0.9306   -0.2811   -0.2346
...    88 T-A ...
  -80.7629 -137.1556  154.5415
   -0.2057   -0.9706    0.1247
   -0.2799   -0.0638   -0.9579
    0.9377   -0.2320   -0.2585
...    89 G-C ...
  -77.7256 -137.7660  153.2891
   -0.3692   -0.7990   -0.4746
   -0.1158    0.5462   -0.8296
    0.9221   -0.2514   -0.2942
...    90 C-G ...
  -74.5859 -138.7493  152.6613
   -0.4111   -0.3415   -0.8452
    0.0801    0.9101   -0.4066
    0.9081   -0.2349   -0.3468
...    91 T-A ...
  -71.6572 -139.7637  151.4673
   -0.3811    0.2240   -0.8970
    0.2770    0.9533    0.1204
    0.8821   -0.2026   -0.4253
...    92 T-A ...
  -68.8862 -140.5193  149.9936
   -0.2103    0.7377   -0.6415
    0.4428    0.6569    0.6103
    0.8716   -0.1557   -0.4648
...    93 T-A ...
  -66.1747 -140.9901  148.3139
    0.0176    0.9883   -0.1514
    0.5001    0.1224    0.8572
    0.8658   -0.0908   -0.4922
...    94 C-G ...
  -63.3732 -140.9990  146.6356
    0.2516    0.8749    0.4139
    0.4364   -0.4843    0.7583
    0.8638   -0.0102   -0.5037
...    95 A-T ...
  -60.3561 -140.8440  145.1685
    0.3697    0.4312    0.8230
    0.2805   -0.8963    0.3435
    0.8858    0.1039   -0.4523
...    96 T-A ...
  -57.6127 -139.7986  143.6359
    0.4768   -0.0982    0.8735
    0.0601   -0.9878   -0.1438
    0.8770    0.1210   -0.4650
...    97 G-C ...
  -54.6313 -139.7354  142.1267
    0.3908   -0.6832    0.6168
   -0.2059   -0.7180   -0.6649
    0.8971    0.1329   -0.4213
...    98 T-A ...
  -51.4716 -138.9305  141.2330
    0.2256   -0.9637    0.1427
   -0.3913   -0.2238   -0.8926
    0.8922    0.1456   -0.4276
...    99 T-A ...
  -48.4571 -138.3176  140.1156
   -0.0048   -0.8939   -0.4482
   -0.4762    0.3962   -0.7850
    0.8793    0.2096   -0.4276
...   100 A-T ...
  -45.7695 -137.0031  138.4286
   -0.2947   -0.3921   -0.8714
   -0.3917    0.8814   -0.2641
    0.8716    0.2636   -0.4133
...   101 T-A ...
  -42.7578 -136.7615  137.1176
   -0.4646    0.1206   -0.8772
   -0.1932    0.9530    0.2334
    0.8642    0.2779   -0.4195
...   102 A-T ...
  -39.9249 -135.5940  135.7332
   -0.5669    0.6479   -0.5087
    0.1402    0.6844    0.7155
    0.8118    0.3343   -0.4788
...   103 A-T ...
  -37.4121 -134.5170  134.0028
   -0.4159    0.9092    0.0184
    0.4528    0.1894    0.8713
    0.7887    0.3707   -0.4904
...   104 C-G ...
  -35.2638 -133.1511  131.8953
   -0.1466    0.8501    0.5058
    0.6280   -0.3150    0.7116
    0.7643    0.4219   -0.4878
...   105 G-C ...
  -32.5164 -131.5592  130.6896
    0.1604    0.4623    0.8721
    0.6598   -0.7074    0.2536
    0.7341    0.5347   -0.4185
...   106 G-C ...
  -30.1615 -129.3636  129.5680
    0.4584   -0.0555    0.8870
    0.4924   -0.8150   -0.3055
    0.7398    0.5768   -0.3463
...   107 A-T ...
  -27.7209 -127.3564  128.5446
    0.6653   -0.5463    0.5089
    0.1173   -0.5967   -0.7939
    0.7373    0.5879   -0.3329
...   108 C-G ...
  -25.2510 -125.1199  128.0361
    0.6199   -0.7845   -0.0144
   -0.2652   -0.1922   -0.9448
    0.7385    0.5896   -0.3272
...   109 C-G ...
  -22.6372 -123.1327  127.1472
    0.3138   -0.7835   -0.5363
   -0.5695    0.2967   -0.7666
    0.7598    0.5460   -0.3531
...   110 G-C ...
  -20.4169 -121.0014  125.6964
   -0.1505   -0.5052   -0.8498
   -0.6507    0.6977   -0.2995
    0.7442    0.5079   -0.4337
...   111 G-C ...
  -17.7875 -119.4240  124.2673
   -0.5557   -0.0646   -0.8289
   -0.4533    0.8593    0.2369
    0.6969    0.5074   -0.5068
...   112 C-G ...
  -15.3919 -118.0981  122.3735
   -0.7528    0.3985   -0.5239
   -0.0625    0.7491    0.6595
    0.6553    0.5293   -0.5390
...   113 T-A ...
  -13.4076 -116.4192  120.2983
   -0.7137    0.6995   -0.0350
    0.3755    0.4243    0.8240
    0.5913    0.5750   -0.5655
...   114 C-G ...
  -11.6109 -114.4242  118.3990
   -0.3697    0.7877    0.4927
    0.7431   -0.0676    0.6657
    0.5577    0.6123   -0.5604
...   115 G-C ...
   -9.5358 -112.2037  116.8888
    0.0705    0.5344    0.8423
    0.8535   -0.4694    0.2264
    0.5164    0.7029   -0.4892
...   116 T-A ...
   -8.3456 -109.4671  115.3858
    0.5124    0.1773    0.8403
    0.6851   -0.6744   -0.2754
    0.5179    0.7167   -0.4670
...   117 A-T ...
   -6.4142 -107.3279  113.5672
    0.8483   -0.2930    0.4412
    0.1803   -0.6234   -0.7608
    0.4979    0.7249   -0.4760
...   118 T-A ...
   -4.7963 -104.5957  112.6043
    0.8245   -0.5650   -0.0330
   -0.2945   -0.3785   -0.8775
    0.4832    0.7332   -0.4785
...   119 A-T ...
   -3.5488 -102.1291  110.5867
    0.4346   -0.6524   -0.6209
   -0.7754    0.0797   -0.6264
    0.4581    0.7537   -0.4712
...   120 A-T ...
   -1.8631  -99.7203  109.1825
   -0.1039   -0.4657   -0.8788
   -0.8872    0.4427   -0.1297
    0.4495    0.7662   -0.4592
...   121 T-A ...
    0.1453  -97.6039  107.6367
   -0.5521   -0.1650   -0.8173
   -0.7039    0.6176    0.3508
    0.4469    0.7690   -0.4571
...   122 G-C ...
    1.3379  -94.8289  106.1590
   -0.8998    0.1656   -0.4037
   -0.2261    0.6143    0.7560
    0.3732    0.7715   -0.5153
...   123 T-A ...
    2.4451  -92.6152  103.9362
   -0.8899    0.4477    0.0876
    0.3004    0.4306    0.8511
    0.3433    0.7837   -0.5176
...   124 G-C ...
    3.5356  -89.7821  102.4893
   -0.5638    0.5447    0.6208
    0.7812    0.1078    0.6149
    0.2680    0.8317   -0.4863
...   125 T-A ...
    3.7948  -86.9712  100.7068
   -0.0552    0.4938    0.8678
    0.9641   -0.1997    0.1749
    0.2597    0.8463   -0.4651
...   126 C-G ...
    4.5660  -84.1009   99.2582
    0.5376    0.2507    0.8051
    0.8011   -0.4497   -0.3950
    0.2630    0.8573   -0.4426
...   127 G-C ...
    5.7854  -81.3770   97.6435
    0.8751   -0.1412    0.4628
    0.3457   -0.4868   -0.8022
    0.3386    0.8620   -0.3773
...   128 A-T ...
    6.8892  -78.4853   96.4858
    0.8953   -0.4315   -0.1107
   -0.2569   -0.2971   -0.9197
    0.3640    0.8518   -0.3768
...   129 C-G ...
    8.3928  -75.5882   95.8038
    0.6016   -0.5474   -0.5818
   -0.6988   -0.0077   -0.7153
    0.3871    0.8368   -0.3872
...   130 C-G ...
    9.9701  -72.8592   94.5620
    0.0684   -0.5244   -0.8487
   -0.9068    0.3220   -0.2720
    0.4159    0.7883   -0.4535
...   131 A-T ...
   11.0894  -70.1235   92.9578
   -0.5213   -0.3009   -0.7986
   -0.7572    0.5947    0.2702
    0.3936    0.7455   -0.5378
...   132 A-T ...
   12.4790  -67.8595   91.0810
   -0.8662    0.1119   -0.4871
   -0.3012    0.6608    0.6875
    0.3988    0.7422   -0.5387
...   133 A-T ...
   13.7568  -65.5895   89.1271
   -0.8702    0.4927    0.0074
    0.2721    0.4680    0.8408
    0.4108    0.7337   -0.5413
...   134 T-A ...
   14.7384  -63.4258   86.8199
   -0.5923    0.6747    0.4404
    0.6886    0.1401    0.7115
    0.4183    0.7247   -0.5475
...   135 G-C ...
   15.7317  -61.4928   83.9330
    0.0341    0.7400    0.6717
    0.8636   -0.3601    0.3528
    0.5030    0.5681   -0.6514
...   136 T-A ...
   15.7848  -59.5603   80.7992
    0.5517    0.4998    0.6677
    0.6739   -0.7388   -0.0038
    0.4915    0.4520   -0.7444
...   137 G-C ...
   16.8385  -57.7218   78.2675
    0.8528   -0.0848    0.5153
    0.1507   -0.9048   -0.3983
    0.5000    0.4173   -0.7588
...   138 A-T ...
   18.4282  -55.5286   76.5298
    0.8547   -0.5006    0.1371
   -0.3188   -0.7148   -0.6224
    0.4096    0.4883   -0.7706
...   139 G-C ...
   20.4259  -54.3092   74.5419
    0.5847   -0.7389   -0.3347
   -0.7593   -0.3533   -0.5465
    0.2856    0.5737   -0.7676
...   140 C-G ...
   21.4269  -51.8265   72.7875
    0.1304   -0.7144   -0.6875
   -0.8897    0.2216   -0.3991
    0.4375    0.6637   -0.6067
...   141 G-C ...
   22.1521  -50.1494   67.4639
   -0.4682   -0.8748    0.1248
   -0.8494    0.4066   -0.3364
    0.2435   -0.2635   -0.9334
...   142 C-G ...
   22.3488  -51.2413   64.4933
   -0.8528   -0.5119   -0.1032
   -0.4975    0.8565   -0.1374
    0.1587   -0.0659   -0.9851
...   143 T-A ...
   24.0166  -51.6378   61.9247
   -0.9562    0.0401   -0.2898
    0.0524    0.9980   -0.0348
    0.2878   -0.0485   -0.9564
...   144 C-G ...
   24.8958  -52.7395   58.9873
   -0.7529    0.5560   -0.3520
    0.5214    0.8304    0.1965
    0.4016   -0.0356   -0.9151
...   145 A-T ...
   25.5275  -52.9802   55.8053
   -0.2442    0.9563   -0.1610
    0.8906    0.2869    0.3528
    0.3836   -0.0573   -0.9217
...   146 C-G ...
   25.2778  -52.5122   52.0796
    0.3204    0.9427   -0.0929
    0.8825   -0.2614    0.3909
    0.3443   -0.2072   -0.9157
...   147 A-T ...
   25.6238  -52.5939   48.6395
    0.8597    0.5097    0.0339
    0.4496   -0.7865    0.4233
    0.2424   -0.3487   -0.9053
