  147 base-pairs
...     1 T-A ...
    0.0000    0.0000    0.0000
    1.0000    0.0000    0.0000
    0.0000    1.0000    0.0000
    0.0000    0.0000    1.0000
...     2 G-C ...
   -0.5555   -1.1003    3.3981
    0.7749    0.6051    0.1828
   -0.5991    0.7953   -0.0929
   -0.2016   -0.0375    0.9787
...     3 T-A ...
   -0.6619   -3.0237    6.5348
    0.3046    0.9250    0.2271
   -0.8994    0.3578   -0.2510
   -0.3134   -0.1278    0.9410
...     4 G-C ...
   -1.1607   -3.8418    9.6940
   -0.3351    0.9421    0.0133
   -0.8752   -0.3061   -0.3746
   -0.3489   -0.1372    0.9271
...     5 A-T ...
   -1.3881   -3.6770   12.8999
   -0.7835    0.6162   -0.0801
   -0.5677   -0.7622   -0.3109
   -0.2527   -0.1981    0.9470
...     6 G-C ...
   -2.6236   -3.5448   15.7072
   -0.9923    0.0611   -0.1075
   -0.0294   -0.9610   -0.2748
   -0.1201   -0.2695    0.9555
...     7 C-G ...
   -2.3138   -3.7570   18.8866
   -0.8620   -0.4995   -0.0864
    0.5008   -0.8655    0.0073
   -0.0785   -0.0370    0.9962
...     8 G-C ...
   -3.9561   -6.8109   23.3205
   -0.2581   -0.3560   -0.8981
    0.6294   -0.7673    0.1233
   -0.7330   -0.5335    0.4221
...     9 C-G ...
   -6.1177   -8.9414   24.2385
    0.1143   -0.7320   -0.6716
    0.8123   -0.3203    0.4874
   -0.5720   -0.6013    0.5580
...    10 T-A ...
   -8.5041   -9.6771   26.0540
    0.4660   -0.8587   -0.2131
    0.6274    0.1508    0.7640
   -0.6239   -0.4897    0.6090
...    11 C-G ...
  -11.0625  -11.3174   27.2336
    0.6660   -0.6911    0.2808
    0.3382    0.6152    0.7121
   -0.6649   -0.3794    0.6435
...    12 A-T ...
  -13.0013  -13.1789   29.0658
    0.7188   -0.1490    0.6790
   -0.1787    0.9043    0.3876
   -0.6718   -0.4000    0.6235
...    13 C-G ...
  -14.1788  -15.9359   31.3399
    0.4052    0.2865    0.8682
   -0.5270    0.8492   -0.0343
   -0.7470   -0.4437    0.4951
...    14 A-T ...
  -15.9532  -18.1566   33.3080
   -0.1503    0.6873    0.7107
   -0.6106    0.5008   -0.6135
   -0.7776   -0.5261    0.3444
...    15 A-T ...
  -18.3932  -19.8536   34.6147
   -0.4642    0.8621    0.2034
   -0.4104   -0.0059   -0.9119
   -0.7849   -0.5067    0.3565
...    16 T-A ...
  -20.7700  -21.2807   36.3938
   -0.6003    0.7380   -0.3082
   -0.1143   -0.4605   -0.8803
   -0.7916   -0.4932    0.3608
...    17 T-A ...
  -23.3722  -22.7006   37.7404
   -0.5540    0.3169   -0.7698
    0.2563   -0.8149   -0.5198
   -0.7921   -0.4853    0.3703
...    18 T-A ...
  -26.0514  -24.0367   39.0383
   -0.3095   -0.2468   -0.9183
    0.5328   -0.8449    0.0475
   -0.7876   -0.4746    0.3930
...    19 A-T ...
  -28.3627  -26.0046   40.6686
    0.0913   -0.7815   -0.6172
    0.6090   -0.4466    0.6556
   -0.7879   -0.4357    0.4351
...    20 T-A ...
  -31.3277  -27.2193   41.5573
    0.3820   -0.9097   -0.1631
    0.4719    0.0403    0.8807
   -0.7946   -0.4134    0.4447
...    21 T-A ...
  -34.0509  -28.5535   42.7738
    0.5613   -0.7146    0.4174
    0.1590    0.5881    0.7930
   -0.8122   -0.3788    0.4437
...    22 C-G ...
  -36.7625  -29.8325   44.1952
    0.5538   -0.1905    0.8105
   -0.2161    0.9072    0.3609
   -0.8041   -0.3750    0.4613
...    23 G-C ...
  -39.6324  -30.6363   45.8555
    0.4001    0.4181    0.8155
   -0.5069    0.8423   -0.1832
   -0.7635   -0.3401    0.5490
...    24 C-G ...
  -41.8983  -32.0200   47.8879
    0.0791    0.8376    0.5405
   -0.6475    0.4554   -0.6110
   -0.7579   -0.3017    0.5784
...    25 A-T ...
  -44.6297  -32.8587   49.6753
   -0.2452    0.9694    0.0094
   -0.5879   -0.1410   -0.7966
   -0.7709   -0.2008    0.6045
...    26 A-T ...
  -47.0418  -33.3675   51.7966
   -0.5392    0.7005   -0.4675
   -0.3336   -0.6873   -0.6452
   -0.7733   -0.1920    0.6043
...    27 A-T ...
  -49.5388  -33.7579   53.8483
   -0.6323    0.1578   -0.7585
    0.0450   -0.9699   -0.2392
   -0.7734   -0.1854    0.6062
...    28 G-C ...
  -52.2448  -34.0614   55.8030
   -0.4564   -0.3988   -0.7954
    0.3732   -0.8973    0.2357
   -0.8077   -0.1892    0.5584
...    29 G-C ...
  -55.1810  -34.5556   57.4561
   -0.1047   -0.8252   -0.5551
    0.5439   -0.5148    0.6627
   -0.8326   -0.2326    0.5027
...    30 C-G ...
  -58.1919  -35.2588   58.7670
    0.2517   -0.9633   -0.0936
    0.4962    0.0454    0.8670
   -0.8309   -0.2647    0.4894
...    31 C-G ...
  -61.0728  -36.3193   60.2197
    0.5464   -0.7428    0.3868
    0.2448    0.5834    0.7744
   -0.8009   -0.3284    0.5006
...    32 G-C ...
  -63.6813  -37.1204   62.2632
    0.6558   -0.2224    0.7214
   -0.1429    0.9018    0.4079
   -0.7412   -0.3706    0.5597
...    33 G-C ...
  -66.0649  -38.5675   64.1869
    0.5102    0.3614    0.7805
   -0.5040    0.8609   -0.0692
   -0.6969   -0.3581    0.6214
...    34 C-G ...
  -68.0840  -40.0149   66.4307
    0.1603    0.8006    0.5774
   -0.7118    0.4990   -0.4943
   -0.6838   -0.3318    0.6498
...    35 C-G ...
  -70.2134  -41.0305   68.8687
   -0.2228    0.9645    0.1418
   -0.6938   -0.0547   -0.7181
   -0.6849   -0.2583    0.6813
...    36 C-G ...
  -72.4346  -41.6397   71.3673
   -0.5254    0.7781   -0.3441
   -0.4612   -0.6004   -0.6533
   -0.7150   -0.1846    0.6744
...    37 G-C ...
  -75.0703  -42.4622   73.3570
   -0.6209    0.2939   -0.7267
   -0.0874   -0.9472   -0.3084
   -0.7790   -0.1280    0.6138
...    38 A-T ...
  -77.6719  -42.7871   75.3752
   -0.5218   -0.3429   -0.7812
    0.3051   -0.9301    0.2044
   -0.7967   -0.1316    0.5899
...    39 C-G ...
  -80.5751  -42.7043   77.0265
   -0.2474   -0.7915   -0.5589
    0.5323   -0.5930    0.6042
   -0.8096   -0.1481    0.5680
...    40 A-T ...
  -83.1646  -43.3443   79.0846
    0.1948   -0.9710   -0.1386
    0.5516   -0.0084    0.8341
   -0.8110   -0.2390    0.5340
...    41 C-G ...
  -86.1223  -44.3023   80.2891
    0.4880   -0.8104    0.3240
    0.3440    0.5198    0.7819
   -0.8021   -0.2701    0.5325
...    42 G-C ...
  -88.6426  -45.0358   82.4611
    0.6737   -0.3209    0.6657
   -0.0407    0.8833    0.4670
   -0.7379   -0.3417    0.5821
...    43 A-T ...
  -91.0218  -46.2429   84.4190
    0.5224    0.2971    0.7993
   -0.4581    0.8883   -0.0308
   -0.7192   -0.3501    0.6001
...    44 C-G ...
  -92.9848  -47.8586   86.5959
    0.1950    0.7418    0.6417
   -0.6805    0.5735   -0.4561
   -0.7063   -0.3477    0.6166
...    45 T-A ...
  -95.1204  -48.9942   88.9160
   -0.1952    0.9481    0.2512
   -0.6894    0.0495   -0.7227
   -0.6976   -0.3142    0.6439
...    46 T-A ...
  -97.2173  -49.9988   91.2097
   -0.5927    0.7766   -0.2135
   -0.4258   -0.5271   -0.7354
   -0.6837   -0.3450    0.6431
...    47 A-T ...
  -99.5926  -51.6262   93.0786
   -0.7472    0.2087   -0.6310
    0.0974   -0.9048   -0.4146
   -0.6574   -0.3713    0.6557
...    48 C-G ...
 -101.9533  -52.2537   95.3738
   -0.5563   -0.3151   -0.7689
    0.4927   -0.8702    0.0002
   -0.6691   -0.3787    0.6394
...    49 T-A ...
 -104.4157  -53.3334   97.3723
   -0.1452   -0.7210   -0.6776
    0.7126   -0.5513    0.4339
   -0.6864   -0.4198    0.5938
...    50 G-C ...
 -106.5566  -54.9471   99.4143
    0.3788   -0.8561   -0.3516
    0.6452   -0.0280    0.7635
   -0.6635   -0.5160    0.5418
...    51 T-A ...
 -109.0092  -56.8076  100.6499
    0.6979   -0.7100    0.0938
    0.3318    0.4366    0.8362
   -0.6347   -0.5525    0.5403
...    52 A-T ...
 -111.0436  -58.5428  102.7224
    0.7865   -0.2426    0.5679
   -0.2010    0.7690    0.6069
   -0.5840   -0.5915    0.5560
...    53 G-C ...
 -112.7800  -60.7528  104.5234
    0.5761    0.2624    0.7741
   -0.6230    0.7541    0.2079
   -0.5292   -0.6021    0.5979
...    54 G-C ...
 -114.2400  -62.8320  106.7733
    0.1462    0.6840    0.7147
   -0.8650    0.4389   -0.2431
   -0.4800   -0.5826    0.6558
...    55 T-A ...
 -115.2710  -64.8290  109.2688
   -0.3561    0.8146    0.4579
   -0.8065   -0.0205   -0.5908
   -0.4719   -0.5797    0.6643
...    56 A-T ...
 -117.2835  -67.1340  110.9407
   -0.8593    0.5109   -0.0239
   -0.3143   -0.5643   -0.7634
   -0.4035   -0.6485    0.6455
...    57 T-A ...
 -118.5170  -68.7917  113.5539
   -0.9059    0.1111   -0.4087
    0.1987   -0.7409   -0.6416
   -0.3741   -0.6624    0.6491
...    58 C-G ...
 -119.7435  -70.9278  115.7897
   -0.5823   -0.3643   -0.7268
    0.7254   -0.6365   -0.2621
   -0.3671   -0.6798    0.6349
...    59 T-A ...
 -121.2355  -73.0865  117.8756
   -0.0554   -0.6136   -0.7877
    0.9291   -0.3206    0.1844
   -0.3657   -0.7216    0.5878
...    60 C-G ...
 -122.4952  -75.4384  119.8232
    0.5403   -0.6403   -0.5460
    0.7742    0.1240    0.6207
   -0.3297   -0.7581    0.5626
...    61 G-C ...
 -123.2948  -77.9800  121.9379
    0.9273   -0.3305   -0.1759
    0.3176    0.4455    0.8371
   -0.1983   -0.8320    0.5181
...    62 A-T ...
 -123.8194  -80.7718  123.5877
    0.9417    0.0562    0.3317
   -0.3097    0.5296    0.7897
   -0.1313   -0.8464    0.5161
...    63 G-C ...
 -123.9502  -83.6982  125.1725
    0.6207    0.4019    0.6732
   -0.7824    0.3729    0.4988
   -0.0506   -0.8363    0.5459
...    64 C-G ...
 -123.5703  -86.4507  127.0446
    0.0658    0.5669    0.8212
   -0.9978    0.0387    0.0532
   -0.0016   -0.8229    0.5682
...    65 T-A ...
 -123.2681  -89.0520  129.1383
   -0.5111    0.5051    0.6955
   -0.8591   -0.3272   -0.3936
    0.0287   -0.7986    0.6012
...    66 C-G ...
 -123.1553  -91.6186  131.2570
   -0.9358    0.1696    0.3092
   -0.3485   -0.5784   -0.7375
    0.0537   -0.7979    0.6004
...    67 T-A ...
 -123.0191  -94.1113  133.5218
   -0.9675   -0.1852   -0.1722
    0.2486   -0.5711   -0.7823
    0.0465   -0.7997    0.5986
...    68 C-G ...
 -122.8039  -96.7002  135.6119
   -0.5999   -0.4997   -0.6249
    0.7971   -0.3060   -0.5205
    0.0689   -0.8104    0.5819
...    69 A-T ...
 -122.2037  -99.4086  137.5226
   -0.0001   -0.5067   -0.8621
    0.9962    0.0754   -0.0443
    0.0874   -0.8588    0.5048
...    70 T-A ...
 -122.5362 -102.3084  139.0334
    0.5150   -0.3726   -0.7720
    0.8502    0.3372    0.4044
    0.1097   -0.8646    0.4904
...    71 G-C ...
 -121.8982 -105.2037  140.6493
    0.8855    0.0232   -0.4641
    0.4005    0.4681    0.7877
    0.2355   -0.8834    0.4052
...    72 T-A ...
 -121.0918 -108.3013  141.3668
    0.9436    0.3310    0.0025
   -0.1306    0.3654    0.9217
    0.3042   -0.8700    0.3880
...    73 T-A ...
 -119.9440 -111.1185  142.4678
    0.6792    0.5143    0.5236
   -0.6449    0.0776    0.7603
    0.3504   -0.8541    0.3843
...    74 A-T ...
 -118.9568 -113.9374  144.0874
    0.0989    0.4546    0.8852
   -0.9116   -0.3152    0.2637
    0.3989   -0.8330    0.3833
...    75 T-A ...
 -117.0133 -116.3306  145.3219
   -0.3875    0.1932    0.9014
   -0.8199   -0.5193   -0.2412
    0.4215   -0.8325    0.3596
...    76 A-T ...
 -116.0087 -119.6535  145.9054
   -0.7845   -0.3582    0.5062
   -0.3166   -0.4705   -0.8236
    0.5332   -0.8064    0.2557
...    77 A-T ...
 -114.1353 -122.1134  147.0085
   -0.7654   -0.6383   -0.0818
    0.2071   -0.1240   -0.9704
    0.6093   -0.7597    0.2271
...    78 C-G ...
 -112.3076 -124.6197  148.3351
   -0.5200   -0.6039   -0.6040
    0.5805    0.2688   -0.7686
    0.6265   -0.7503    0.2108
...    79 G-C ...
 -109.7372 -126.7726  148.9253
   -0.1525   -0.2502   -0.9561
    0.7396    0.6128   -0.2783
    0.6556   -0.7496    0.0916
...    80 G-C ...
 -107.6657 -129.4112  149.3813
    0.2038    0.2196   -0.9541
    0.6811    0.6682    0.2993
    0.7033   -0.7108   -0.0133
...    81 A-T ...
 -105.3842 -131.7378  149.3120
    0.4981    0.6316   -0.5941
    0.4334    0.4121    0.8015
    0.7511   -0.6567   -0.0684
...    82 G-C ...
 -102.8826 -133.8072  148.7296
    0.5540    0.8297   -0.0685
    0.1270   -0.0029    0.9919
    0.8228   -0.5582   -0.1070
...    83 G-C ...
  -99.8756 -135.1945  148.0632
    0.4301    0.7544    0.4959
   -0.1308   -0.4914    0.8610
    0.8933   -0.4352   -0.1127
...    84 G-C ...
  -96.5945 -136.0320  147.7534
    0.2059    0.3898    0.8976
   -0.2669   -0.8601    0.4347
    0.9415   -0.3290   -0.0731
...    85 A-T ...
  -93.3957 -136.9200  147.7064
   -0.0001   -0.2185    0.9758
   -0.2905   -0.9337   -0.2091
    0.9569   -0.2835   -0.0634
...    86 T-A ...
  -90.0754 -137.2092  147.7990
   -0.1122   -0.6926    0.7125
   -0.2422   -0.6764   -0.6956
    0.9637   -0.2506   -0.0919
...    87 C-G ...
  -86.8445 -137.9817  147.6098
   -0.2067   -0.9708    0.1219
   -0.1242   -0.0976   -0.9875
    0.9705   -0.2192   -0.1004
...    88 C-G ...
  -83.5142 -138.6771  147.5013
   -0.2752   -0.8422   -0.4637
    0.0012    0.4821   -0.8761
    0.9614   -0.2416   -0.1317
...    89 G-C ...
  -80.1999 -138.9204  146.8107
   -0.3068   -0.3790   -0.8731
    0.1152    0.8958   -0.4293
    0.9448   -0.2323   -0.2311
...    90 C-G ...
  -77.1121 -140.0294  146.2410
   -0.2499    0.1956   -0.9483
    0.2383    0.9617    0.1355
    0.9385   -0.1921   -0.2869
...    91 T-A ...
  -74.1224 -140.8230  145.0667
   -0.1817    0.6939   -0.6967
    0.3358    0.7097    0.6193
    0.9242   -0.1215   -0.3620
...    92 T-A ...
  -71.2191 -141.2090  143.7201
   -0.0255    0.9792   -0.2011
    0.3901    0.1950    0.8999
    0.9204   -0.0555   -0.3870
...    93 T-A ...
  -68.3270 -141.2414  142.2919
    0.1442    0.9201    0.3642
    0.3617   -0.3916    0.8461
    0.9211    0.0097   -0.3893
...    94 A-T ...
  -65.2120 -140.8878  141.1163
    0.2324    0.5111    0.8275
    0.2738   -0.8508    0.4486
    0.9333    0.1223   -0.3376
...    95 A-T ...
  -62.2310 -140.1710  140.0300
    0.3618   -0.0786    0.9289
    0.1112   -0.9857   -0.1267
    0.9256    0.1492   -0.3479
...    96 C-G ...
  -59.1713 -139.0464  139.2020
    0.3683   -0.5991    0.7109
   -0.0774   -0.7818   -0.6187
    0.9265    0.1728   -0.3344
...    97 A-T ...
  -56.1467 -138.6650  137.8552
    0.2224   -0.9541    0.2005
   -0.2654   -0.2571   -0.9292
    0.9381    0.1535   -0.3104
...    98 C-G ...
  -52.8511 -138.1090  137.4299
    0.0500   -0.9383   -0.3422
   -0.3516    0.3042   -0.8854
    0.9348    0.1646   -0.3147
...    99 T-A ...
  -49.6435 -137.7231  136.5769
   -0.1835   -0.6211   -0.7620
   -0.3346    0.7683   -0.5457
    0.9243    0.1548   -0.3488
...   100 T-A ...
  -46.5666 -137.3813  135.5824
   -0.3434   -0.0539   -0.9376
   -0.1886    0.9820    0.0127
    0.9201    0.1812   -0.3474
...   101 T-A ...
  -43.5736 -136.9673  134.4138
   -0.4174    0.5168   -0.7474
    0.0326    0.8305    0.5561
    0.9081    0.2078   -0.3635
...   102 A-T ...
  -40.6260 -136.1060  133.0934
   -0.4354    0.8697   -0.2324
    0.2954    0.3819    0.8757
    0.8504    0.3126   -0.4232
...   103 T-A ...
  -38.1989 -135.1216  131.1345
   -0.2536    0.9323    0.2577
    0.4854   -0.1078    0.8676
    0.8367    0.3451   -0.4253
...   104 G-C ...
  -35.4030 -133.6571  129.9787
   -0.0259    0.6535    0.7565
    0.5936   -0.5989    0.5376
    0.8044    0.4629   -0.3724
...   105 C-G ...
  -33.0187 -131.6327  128.8139
    0.2770    0.1900    0.9419
    0.5417   -0.8405    0.0102
    0.7936    0.5074   -0.3358
...   106 T-A ...
  -30.5039 -129.6153  127.9370
    0.5001   -0.3213    0.8042
    0.3367   -0.7834   -0.5224
    0.7978    0.5320   -0.2836
...   107 T-A ...
  -28.0135 -127.6334  127.2000
    0.6386   -0.6987    0.3227
   -0.0296   -0.4413   -0.8969
    0.7690    0.5631   -0.3025
...   108 C-G ...
  -25.4487 -125.7366  126.3044
    0.4881   -0.8217   -0.2943
   -0.4166    0.0770   -0.9058
    0.7669    0.5648   -0.3047
...   109 C-G ...
  -22.7292 -123.8813  125.4826
    0.1192   -0.6683   -0.7343
   -0.6204    0.5273   -0.5806
    0.7752    0.5247   -0.3517
...   110 G-C ...
  -20.4471 -121.7578  124.1645
   -0.3392   -0.2943   -0.8935
   -0.5822    0.8117   -0.0464
    0.7389    0.5045   -0.4467
...   111 G-C ...
  -17.8654 -120.2446  122.6085
   -0.6731    0.1575   -0.7226
   -0.2951    0.8387    0.4576
    0.6781    0.5213   -0.5181
...   112 C-G ...
  -15.6476 -118.8403  120.5849
   -0.7647    0.5606   -0.3178
    0.1296    0.6169    0.7763
    0.6312    0.5524   -0.5444
...   113 T-A ...
  -13.8213 -117.0186  118.5012
   -0.6251    0.7566    0.1918
    0.5376    0.2391    0.8086
    0.5659    0.6086   -0.5562
...   114 C-G ...
  -12.1318 -114.8850  116.6707
   -0.2089    0.7233    0.6581
    0.8188   -0.2386    0.5221
    0.5347    0.6480   -0.5425
...   115 G-C ...
  -10.0977 -112.6218  115.2092
    0.2393    0.3875    0.8903
    0.8256   -0.5637    0.0235
    0.5110    0.7294   -0.4549
...   116 T-A ...
   -8.8752 -109.7890  113.9381
    0.6348    0.0095    0.7726
    0.5750   -0.6738   -0.4641
    0.5162    0.7389   -0.4331
...   117 A-T ...
   -7.0405 -107.5155  112.2247
    0.8639   -0.4138    0.2872
    0.0340   -0.5209   -0.8529
    0.5025    0.7466   -0.4359
...   118 T-A ...
   -5.3119 -104.8018  111.4324
    0.7627   -0.6136   -0.2043
   -0.4222   -0.2331   -0.8760
    0.4899    0.7544   -0.4369
...   119 A-T ...
   -4.0022 -102.2145  109.6726
    0.3160   -0.6141   -0.7232
   -0.8194    0.2076   -0.5343
    0.4782    0.7614   -0.4376
...   120 A-T ...
   -2.2425  -99.8240  108.3431
   -0.2191   -0.3719   -0.9020
   -0.8542    0.5199   -0.0068
    0.4715    0.7690   -0.4316
...   121 T-A ...
   -0.2109  -97.7421  106.7966
   -0.6305   -0.0546   -0.7742
   -0.6201    0.6353    0.4602
    0.4668    0.7703   -0.4344
...   122 G-C ...
    1.0616  -94.9840  105.3788
   -0.9161    0.2489   -0.3144
   -0.1236    0.5707    0.8118
    0.3815    0.7825   -0.4920
...   123 T-A ...
    2.1225  -92.6961  103.2240
   -0.8527    0.4886    0.1848
    0.3882    0.3559    0.8501
    0.3495    0.7966   -0.4932
...   124 G-C ...
    3.2174  -89.8407  101.8507
   -0.4935    0.5294    0.6900
    0.8250    0.0337    0.5642
    0.2754    0.8477   -0.4534
...   125 T-A ...
    3.4910  -86.9475  100.2184
    0.0195    0.4434    0.8961
    0.9632   -0.2488    0.1021
    0.2682    0.8611   -0.4319
...   126 C-G ...
    4.2845  -84.0323   98.8934
    0.5895    0.1851    0.7863
    0.7602   -0.4561   -0.4626
    0.2730    0.8705   -0.4096
...   127 G-C ...
    5.5043  -81.2793   97.3657
    0.8889   -0.1952    0.4144
    0.2913   -0.4574   -0.8402
    0.3536    0.8676   -0.3497
...   128 A-T ...
    6.6482  -78.3756   96.3081
    0.8748   -0.4563   -0.1628
   -0.3002   -0.2468   -0.9214
    0.3803    0.8549   -0.3529
...   129 C-G ...
    8.2233  -75.5129   95.6961
    0.5662   -0.5437   -0.6196
   -0.7188    0.0423   -0.6939
    0.4035    0.8382   -0.3669
...   130 C-G ...
    9.8662  -72.8000   94.5251
    0.0348   -0.5013   -0.8646
   -0.9027    0.3554   -0.2424
    0.4288    0.7889   -0.4401
...   131 A-T ...
   11.0671  -70.0879   92.9627
   -0.5390   -0.2767   -0.7956
   -0.7396    0.6074    0.2899
    0.4030    0.7447   -0.5320
...   132 A-T ...
   12.4781  -67.8411   91.0885
   -0.8690    0.1280   -0.4780
   -0.2850    0.6601    0.6950
    0.4045    0.7402   -0.5371
...   133 A-T ...
   13.7600  -65.5852   89.1271
   -0.8673    0.4976    0.0123
    0.2784    0.4646    0.8406
    0.4126    0.7325   -0.5415
...   134 T-A ...
   14.7384  -63.4258   86.8200
   -0.5923    0.6747    0.4404
    0.6886    0.1401    0.7115
    0.4183    0.7247   -0.5475
...   135 G-C ...
   15.7317  -61.4927   83.9331
    0.0341    0.7400    0.6717
    0.8636   -0.3601    0.3528
    0.5030    0.5681   -0.6514
...   136 T-A ...
   15.7848  -59.5603   80.7994
    0.5517    0.4998    0.6677
    0.6739   -0.7388   -0.0038
    0.4915    0.4520   -0.7444
...   137 G-C ...
   16.8386  -57.7218   78.2677
    0.8528   -0.0848    0.5153
    0.1507   -0.9048   -0.3983
    0.5000    0.4173   -0.7588
...   138 A-T ...
   18.4283  -55.5286   76.5300
    0.8547   -0.5006    0.1371
   -0.3188   -0.7148   -0.6224
    0.4096    0.4883   -0.7706
...   139 G-C ...
   20.4260  -54.3092   74.5421
    0.5847   -0.7389   -0.3347
   -0.7593   -0.3533   -0.5465
    0.2856    0.5737   -0.7676
...   140 C-G ...
   21.4270  -51.8265   72.7877
    0.1304   -0.7144   -0.6875
   -0.8897    0.2216   -0.3991
    0.4375    0.6637   -0.6067
...   141 G-C ...
   22.1522  -50.1493   67.4641
   -0.4682   -0.8748    0.1248
   -0.8494    0.4066   -0.3364
    0.2435   -0.2635   -0.9334
...   142 C-G ...
   22.3489  -51.2413   64.4935
   -0.8528   -0.5119   -0.1032
   -0.4975    0.8565   -0.1374
    0.1587   -0.0659   -0.9851
...   143 T-A ...
   24.0167  -51.6377   61.9249
   -0.9562    0.0401   -0.2898
    0.0524    0.9980   -0.0348
    0.2878   -0.0485   -0.9564
...   144 C-G ...
   24.8959  -52.7394   58.9875
   -0.7529    0.5560   -0.3520
    0.5214    0.8304    0.1965
    0.4016   -0.0356   -0.9151
...   145 A-T ...
   25.5276  -52.9802   55.8055
   -0.2442    0.9563   -0.1610
    0.8906    0.2869    0.3528
    0.3836   -0.0573   -0.9217
...   146 C-G ...
   25.2779  -52.5121   52.0798
    0.3204    0.9427   -0.0929
    0.8825   -0.2614    0.3909
    0.3443   -0.2072   -0.9157
...   147 A-T ...
   25.6239  -52.5938   48.6397
    0.8597    0.5097    0.0339
    0.4496   -0.7865    0.4233
    0.2425   -0.3487   -0.9053
