  147 base-pairs
...     1 T-A ...
    0.0000    0.0000    0.0000
    1.0000    0.0000    0.0000
    0.0000    1.0000    0.0000
    0.0000    0.0000    1.0000
...     2 G-C ...
   -0.5555   -1.1003    3.3981
    0.7749    0.6051    0.1828
   -0.5991    0.7953   -0.0929
   -0.2016   -0.0375    0.9787
...     3 T-A ...
   -0.6619   -3.0237    6.5348
    0.3046    0.9250    0.2271
   -0.8994    0.3578   -0.2510
   -0.3134   -0.1278    0.9410
...     4 G-C ...
   -1.1607   -3.8418    9.6940
   -0.3351    0.9421    0.0133
   -0.8752   -0.3061   -0.3746
   -0.3489   -0.1372    0.9271
...     5 A-T ...
   -1.3881   -3.6770   12.8999
   -0.7835    0.6162   -0.0801
   -0.5677   -0.7622   -0.3109
   -0.2527   -0.1981    0.9470
...     6 G-C ...
   -2.6236   -3.5448   15.7072
   -0.9923    0.0611   -0.1075
   -0.0294   -0.9610   -0.2748
   -0.1201   -0.2695    0.9555
...     7 C-G ...
   -2.3138   -3.7570   18.8866
   -0.8620   -0.4995   -0.0864
    0.5008   -0.8655    0.0073
   -0.0785   -0.0370    0.9962
...     8 G-C ...
   -3.9561   -6.8109   23.3205
   -0.2581   -0.3560   -0.8981
    0.6294   -0.7673    0.1233
   -0.7330   -0.5335    0.4221
...     9 C-G ...
   -6.1177   -8.9414   24.2385
    0.1143   -0.7320   -0.6716
    0.8123   -0.3203    0.4874
   -0.5720   -0.6013    0.5580
...    10 T-A ...
   -8.5041   -9.6771   26.0540
    0.4660   -0.8587   -0.2131
    0.6274    0.1508    0.7640
   -0.6239   -0.4897    0.6090
...    11 C-G ...
  -11.0625  -11.3174   27.2336
    0.6660   -0.6911    0.2808
    0.3382    0.6152    0.7121
   -0.6649   -0.3794    0.6435
...    12 A-T ...
  -13.0013  -13.1789   29.0658
    0.7188   -0.1490    0.6790
   -0.1787    0.9043    0.3876
   -0.6718   -0.4000    0.6235
...    13 C-G ...
  -14.1788  -15.9359   31.3399
    0.4052    0.2865    0.8682
   -0.5270    0.8492   -0.0343
   -0.7470   -0.4437    0.4951
...    14 A-T ...
  -15.9532  -18.1566   33.3080
   -0.1503    0.6873    0.7107
   -0.6106    0.5008   -0.6135
   -0.7776   -0.5261    0.3444
...    15 A-T ...
  -18.4909  -19.7841   34.5265
   -0.4485    0.8727    0.1929
   -0.4171   -0.0135   -0.9087
   -0.7905   -0.4880    0.3701
...    16 T-A ...
  -20.8800  -21.2203   36.4545
   -0.6298    0.7040   -0.3282
   -0.0980   -0.4913   -0.8655
   -0.7705   -0.5129    0.3784
...    17 T-A ...
  -23.3936  -22.6367   38.0229
   -0.5961    0.2512   -0.7626
    0.2966   -0.8137   -0.4999
   -0.7461   -0.5242    0.4105
...    18 T-A ...
  -25.9488  -24.0990   39.4697
   -0.3285   -0.2877   -0.8996
    0.5904   -0.8060    0.0421
   -0.7372   -0.5173    0.4346
...    19 A-T ...
  -28.2979  -26.0327   41.1713
    0.1167   -0.7965   -0.5933
    0.6690   -0.3785    0.6397
   -0.7341   -0.4716    0.4887
...    20 T-A ...
  -31.1623  -27.3377   42.3220
    0.4252   -0.8962   -0.1264
    0.5156    0.1250    0.8477
   -0.7439   -0.4256    0.5153
...    21 T-A ...
  -33.7170  -28.7596   43.7627
    0.6217   -0.6561    0.4277
    0.1611    0.6415    0.7500
   -0.7665   -0.3974    0.5045
...    22 C-G ...
  -36.2652  -30.0316   45.4378
    0.6155   -0.1268    0.7778
   -0.2483    0.9055    0.3441
   -0.7480   -0.4050    0.5259
...    23 G-C ...
  -39.0112  -30.7714   47.3293
    0.4905    0.4646    0.7373
   -0.5583    0.8171   -0.1436
   -0.6691   -0.3412    0.6602
...    24 C-G ...
  -40.9501  -32.1706   49.5797
    0.1648    0.8452    0.5084
   -0.7289    0.4517   -0.5145
   -0.6645   -0.2857    0.6905
...    25 A-T ...
  -43.5074  -32.9421   51.5856
   -0.2311    0.9719    0.0452
   -0.6999   -0.1338   -0.7016
   -0.6758   -0.1937    0.7111
...    26 A-T ...
  -45.6778  -33.3885   54.0091
   -0.5810    0.7175   -0.3843
   -0.4481   -0.6761   -0.5848
   -0.6794   -0.1676    0.7143
...    27 A-T ...
  -47.7530  -33.6396   56.5175
   -0.7411    0.1836   -0.6458
   -0.0224   -0.9681   -0.2496
   -0.6710   -0.1705    0.7216
...    28 G-C ...
  -50.1724  -33.7172   58.9019
   -0.6006   -0.3661   -0.7108
    0.3679   -0.9159    0.1609
   -0.7099   -0.1648    0.6847
...    29 G-C ...
  -52.8535  -34.0938   61.0580
   -0.2321   -0.8265   -0.5128
    0.6372   -0.5275    0.5618
   -0.7349   -0.1964    0.6491
...    30 C-G ...
  -55.5122  -34.6930   62.9119
    0.1999   -0.9716   -0.1265
    0.6459    0.0336    0.7626
   -0.7367   -0.2342    0.6343
...    31 C-G ...
  -58.1957  -35.3637   64.8640
    0.5733   -0.7665    0.2893
    0.4162    0.5766    0.7031
   -0.7057   -0.2827    0.6496
...    32 G-C ...
  -60.2547  -35.9699   67.1350
    0.7726   -0.3135    0.5521
    0.0385    0.8911    0.4522
   -0.6337   -0.3281    0.7005
...    33 G-C ...
  -62.1117  -37.2661   69.6139
    0.7005    0.2696    0.6607
   -0.4160    0.9066    0.0711
   -0.5798   -0.3247    0.7472
...    34 C-G ...
  -63.7611  -38.5856   72.1342
    0.3732    0.7516    0.5438
   -0.7443    0.5925   -0.3081
   -0.5538   -0.2898    0.7806
...    35 C-G ...
  -65.2826  -39.3345   75.1009
   -0.0771    0.9726    0.2194
   -0.8400    0.0552   -0.5398
   -0.5371   -0.2259    0.8127
...    36 C-G ...
  -66.9314  -39.8144   78.0131
   -0.5165    0.8388   -0.1720
   -0.6717   -0.5215   -0.5262
   -0.5311   -0.1563    0.8328
...    37 G-C ...
  -69.0880  -41.0594   80.3778
   -0.7692    0.4006   -0.4980
   -0.2605   -0.9080   -0.3280
   -0.5836   -0.1226    0.8028
...    38 A-T ...
  -70.8928  -41.4079   82.9834
   -0.7714   -0.2190   -0.5974
    0.2545   -0.9667    0.0259
   -0.5832   -0.1321    0.8015
...    39 C-G ...
  -73.1016  -41.4576   85.3345
   -0.4958   -0.6925   -0.5241
    0.6154   -0.7060    0.3505
   -0.6127   -0.1487    0.7762
...    40 A-T ...
  -75.2446  -42.0667   87.8747
    0.0121   -0.9645   -0.2639
    0.7828   -0.1550    0.6026
   -0.6221   -0.2139    0.7531
...    41 C-G ...
  -77.6084  -43.0506   89.9855
    0.4490   -0.8914    0.0610
    0.6514    0.3734    0.6605
   -0.6116   -0.2568    0.7483
...    42 G-C ...
  -79.3232  -43.6492   92.7954
    0.7897   -0.4702    0.3940
    0.2366    0.8261    0.5115
   -0.5660   -0.3107    0.7636
...    43 A-T ...
  -81.1960  -44.6508   95.1668
    0.7778    0.1156    0.6178
   -0.2737    0.9472    0.1673
   -0.5658   -0.2992    0.7683
...    44 C-G ...
  -82.7354  -46.2028   97.6478
    0.5326    0.6229    0.5730
   -0.6632    0.7278   -0.1748
   -0.5259   -0.2869    0.8007
...    45 T-A ...
  -84.0265  -47.4604  100.7776
    0.0690    0.9418    0.3290
   -0.8556    0.2254   -0.4659
   -0.5129   -0.2493    0.8214
...    46 T-A ...
  -85.4616  -48.2881  103.5445
   -0.4085    0.9123    0.0287
   -0.7504   -0.3177   -0.5797
   -0.5197   -0.2584    0.8143
...    47 A-T ...
  -87.4277  -49.2918  106.1108
   -0.7933    0.4944   -0.3553
   -0.3130   -0.8317   -0.4586
   -0.5223   -0.2526    0.8145
...    48 C-G ...
  -89.1252  -49.4537  108.9969
   -0.8263   -0.0296   -0.5625
    0.1617   -0.9690   -0.1866
   -0.5396   -0.2451    0.8055
...    49 T-A ...
  -91.2054  -49.9144  111.6380
   -0.5609   -0.5329   -0.6335
    0.5736   -0.8020    0.1668
   -0.5970   -0.2698    0.7555
...    50 G-C ...
  -93.2876  -51.0263  114.0656
   -0.0512   -0.8574   -0.5121
    0.7822   -0.3532    0.5132
   -0.6209   -0.3743    0.6887
...    51 T-A ...
  -95.6626  -52.2079  115.8852
    0.3899   -0.8966   -0.2097
    0.6908    0.1343    0.7105
   -0.6089   -0.4219    0.6717
...    52 A-T ...
  -97.5201  -53.7528  118.2090
    0.7819   -0.5940    0.1892
    0.3002    0.6248    0.7208
   -0.5463   -0.5068    0.6668
...    53 G-C ...
  -99.3882  -55.5035  120.2191
    0.8742   -0.1269    0.4687
   -0.1677    0.8269    0.5367
   -0.4557   -0.5478    0.7016
...    54 G-C ...
 -100.5107  -58.0248  122.5317
    0.6571    0.4104    0.6323
   -0.6531    0.7287    0.2058
   -0.3764   -0.5482    0.7469
...    55 T-A ...
 -101.2385  -60.0142  125.0424
    0.2136    0.7360    0.6424
   -0.9093    0.3902   -0.1447
   -0.3572   -0.5532    0.7526
...    56 A-T ...
 -102.0731  -61.8558  127.7817
   -0.3720    0.8346    0.4062
   -0.8623   -0.1488   -0.4840
   -0.3435   -0.5303    0.7751
...    57 T-A ...
 -102.5903  -63.3553  130.6849
   -0.7852    0.6093    0.1106
   -0.5284   -0.5660   -0.6328
   -0.3230   -0.5554    0.7663
...    58 C-G ...
 -103.6888  -65.0037  133.4411
   -0.9436    0.1106   -0.3120
    0.0942   -0.8139   -0.5734
   -0.3173   -0.5704    0.7576
...    59 T-A ...
 -105.0333  -66.6807  136.0426
   -0.7225   -0.3215   -0.6120
    0.5931   -0.7432   -0.3097
   -0.3553   -0.5867    0.7277
...    60 C-G ...
 -106.2278  -68.6156  138.5678
   -0.2112   -0.6798   -0.7023
    0.9128   -0.3941    0.1070
   -0.3495   -0.6185    0.7038
...    61 G-C ...
 -106.8581  -70.9352  140.9059
    0.3650   -0.6405   -0.6757
    0.8829    0.0078    0.4695
   -0.2954   -0.7680    0.5683
...    62 A-T ...
 -107.7293  -73.3585  142.9568
    0.8297   -0.4516   -0.3280
    0.5155    0.3947    0.7606
   -0.2140   -0.8002    0.5603
...    63 G-C ...
 -108.3227  -76.2180  144.5545
    0.9917   -0.1032    0.0765
   -0.0074    0.5489    0.8358
   -0.1283   -0.8295    0.5436
...    64 C-G ...
 -108.4322  -79.3008  146.0147
    0.8065    0.2719    0.5250
   -0.5867    0.4770    0.6544
   -0.0725   -0.8358    0.5443
...    65 T-A ...
 -108.4547  -82.1011  147.7617
    0.3557    0.5084    0.7842
   -0.9345    0.2052    0.2908
   -0.0130   -0.8363    0.5481
...    66 C-G ...
 -108.7512  -84.6148  149.8484
   -0.2876    0.5209    0.8037
   -0.9559   -0.2083   -0.2070
    0.0596   -0.8278    0.5578
...    67 G-C ...
 -109.6690  -87.7357  151.4222
   -0.8030    0.2969    0.5167
   -0.5907   -0.5117   -0.6239
    0.0792   -0.8062    0.5863
...    68 G-C ...
 -109.2678  -90.3987  153.5209
   -0.9990   -0.0269    0.0355
   -0.0144   -0.5599   -0.8284
    0.0421   -0.8281    0.5590
...    69 G-C ...
 -109.1379  -93.0639  155.5519
   -0.8385   -0.2593   -0.4793
    0.5440   -0.4506   -0.7078
   -0.0325   -0.8542    0.5189
...    70 A-T ...
 -109.3758  -95.8066  157.4843
   -0.3353   -0.4590   -0.8227
    0.9419   -0.1817   -0.2825
   -0.0198   -0.8697    0.4932
...    71 T-A ...
 -110.0534  -98.6033  159.0897
    0.2082   -0.4483   -0.8693
    0.9781    0.0882    0.1888
   -0.0080   -0.8895    0.4569
...    72 C-G ...
 -110.2128 -101.6244  160.4163
    0.7433   -0.2511   -0.6200
    0.6681    0.3244    0.6696
    0.0330   -0.9120    0.4089
...    73 C-G ...
 -110.2386 -104.6279  161.7387
    0.9658    0.1039   -0.2376
    0.1794    0.3943    0.9013
    0.1874   -0.9131    0.3621
...    74 G-C ...
 -109.3182 -107.4680  163.2860
    0.8609    0.4457    0.2453
   -0.3628    0.1998    0.9102
    0.3566   -0.8726    0.3337
...    75 C-G ...
 -107.5004 -110.3181  164.1158
    0.4862    0.4865    0.7259
   -0.7760   -0.1417    0.6146
    0.4019   -0.8621    0.3086
...    76 T-A ...
 -105.4476 -112.8728  165.4834
   -0.0474    0.2854    0.9572
   -0.8712   -0.4807    0.1002
    0.4887   -0.8292    0.2714
...    77 T-A ...
 -103.5168 -115.3840  166.3696
   -0.5179   -0.1504    0.8421
   -0.6595   -0.5568   -0.5051
    0.5448   -0.8169    0.1891
...    78 T-A ...
 -101.3865 -117.8014  167.1702
   -0.7484   -0.5402    0.3849
   -0.2367   -0.3245   -0.9158
    0.6196   -0.7765    0.1150
...    79 A-T ...
  -99.0379 -120.1595  166.4806
   -0.6210   -0.7302   -0.2849
    0.2474    0.1623   -0.9552
    0.7438   -0.6636    0.0798
...    80 A-T ...
  -96.6414 -122.2884  166.8829
   -0.3402   -0.5036   -0.7941
    0.5253    0.5987   -0.6047
    0.7799   -0.6229    0.0609
...    81 C-G ...
  -94.3506 -124.7439  167.3318
   -0.0167   -0.0675   -0.9976
    0.6023    0.7957   -0.0639
    0.7981   -0.6019    0.0273
...    82 A-T ...
  -91.6364 -126.7422  167.3216
    0.2355    0.4854   -0.8420
    0.5058    0.6786    0.5327
    0.8299   -0.5513   -0.0857
...    83 C-G ...
  -89.0858 -128.6551  166.3876
    0.4191    0.8032   -0.4234
    0.3253    0.3025    0.8959
    0.8477   -0.5132   -0.1345
...    84 T-A ...
  -86.1116 -130.2965  165.3326
    0.4319    0.8764    0.2131
    0.0554   -0.2616    0.9636
    0.9002   -0.4044   -0.1615
...    85 T-A ...
  -83.1275 -131.3804  164.5372
    0.4011    0.5363    0.7427
   -0.1880   -0.7453    0.6397
    0.8965   -0.3962   -0.1981
...    86 T-A ...
  -80.1094 -132.4008  163.7567
    0.2511   -0.0234    0.9677
   -0.3832   -0.9205    0.0771
    0.8889   -0.3901   -0.2401
...    87 A-T ...
  -77.1622 -134.0172  162.6474
    0.0170   -0.7297    0.6836
   -0.4770   -0.6068   -0.6358
    0.8787   -0.3153   -0.3584
...    88 T-A ...
  -73.9848 -134.7034  162.0421
   -0.2097   -0.9382    0.2754
   -0.4294   -0.1647   -0.8880
    0.8784   -0.3045   -0.3683
...    89 G-C ...
  -71.0576 -135.8574  161.0252
   -0.5005   -0.8127   -0.2984
   -0.1894    0.4391   -0.8782
    0.8447   -0.3831   -0.3737
...    90 C-G ...
  -68.3926 -137.4274  159.9495
   -0.5622   -0.4135   -0.7162
    0.0830    0.8334   -0.5464
    0.8228   -0.3666   -0.4342
...    91 T-A ...
  -65.5750 -138.9888  158.7184
   -0.4721    0.1649   -0.8660
    0.3751    0.9266   -0.0280
    0.7978   -0.3380   -0.4993
...    92 T-A ...
  -63.1453 -140.1785  157.0286
   -0.2619    0.6770   -0.6879
    0.5854    0.6781    0.4445
    0.7673   -0.2863   -0.5738
...    93 C-G ...
  -60.6588 -141.1360  154.9848
    0.0840    0.9648   -0.2492
    0.6473    0.1373    0.7497
    0.7576   -0.2243   -0.6130
...    94 T-A ...
  -58.2876 -141.5077  152.7540
    0.3365    0.9084    0.2481
    0.5472   -0.4031    0.7335
    0.7663   -0.1111   -0.6328
...    95 C-G ...
  -55.5243 -141.2253  150.9797
    0.5385    0.5142    0.6676
    0.3367   -0.8576    0.3889
    0.7724    0.0153   -0.6349
...    96 A-T ...
  -53.0116 -140.6188  148.7410
    0.5614   -0.0299    0.8270
    0.0988   -0.9898   -0.1029
    0.8216    0.1394   -0.5527
...    97 T-A ...
  -50.2938 -139.6632  147.1451
    0.5279   -0.5430    0.6530
   -0.1973   -0.8263   -0.5276
    0.8261    0.1497   -0.5434
...    98 G-C ...
  -47.4941 -138.9514  145.3808
    0.2981   -0.9408    0.1612
   -0.4972   -0.2972   -0.8151
    0.8148    0.1628   -0.5564
...    99 T-A ...
  -44.4565 -138.2225  143.9744
   -0.0087   -0.9326   -0.3608
   -0.6065    0.2918   -0.7396
    0.7950    0.2124   -0.5682
...   100 T-A ...
  -41.7673 -137.5149  142.3310
   -0.3512   -0.5658   -0.7460
   -0.5071    0.7847   -0.3564
    0.7871    0.2532   -0.5625
...   101 A-T ...
  -39.2463 -136.2012  140.4241
   -0.6087    0.0681   -0.7904
   -0.1909    0.9545    0.2293
    0.7701    0.2905   -0.5680
...   102 T-A ...
  -36.7902 -135.8816  138.2993
   -0.6350    0.5487   -0.5438
    0.1435    0.7755    0.6149
    0.7591    0.3124   -0.5712
...   103 A-T ...
  -34.2529 -134.5659  136.5500
   -0.4958    0.8683   -0.0146
    0.5144    0.3072    0.8006
    0.6997    0.3895   -0.5990
...   104 A-T ...
  -32.2579 -133.1820  134.5171
   -0.1641    0.8645    0.4751
    0.7294   -0.2179    0.6484
    0.6641    0.4529   -0.5949
...   105 C-G ...
  -30.6101 -131.1938  132.2880
    0.2558    0.5846    0.7699
    0.7137   -0.6514    0.2575
    0.6521    0.4837   -0.5839
...   106 G-C ...
  -28.1747 -129.6459  130.6904
    0.6027    0.0537    0.7961
    0.4738   -0.8269   -0.3029
    0.6421    0.5598   -0.5238
...   107 G-C ...
  -25.8425 -127.7093  129.3577
    0.7104   -0.4513    0.5401
    0.1104   -0.6864   -0.7188
    0.6951    0.5702   -0.4379
...   108 A-T ...
  -23.4636 -125.8477  128.1101
    0.6104   -0.7921    0.0090
   -0.3319   -0.2661   -0.9050
    0.7192    0.5494   -0.4253
...   109 C-G ...
  -20.7676 -124.0550  127.2964
    0.3365   -0.8139   -0.4736
   -0.5946    0.2063   -0.7771
    0.7302    0.5431   -0.4146
...   110 G-C ...
  -18.5793 -122.1894  125.7017
   -0.1387   -0.5370   -0.8321
   -0.6843    0.6594   -0.3114
    0.7159    0.5262   -0.4589
...   111 G-C ...
  -16.1582 -120.5875  124.0275
   -0.5621   -0.1012   -0.8208
   -0.4837    0.8453    0.2270
    0.6709    0.5246   -0.5242
...   112 C-G ...
  -13.8875 -119.2799  121.9492
   -0.7737    0.3681   -0.5156
   -0.0784    0.7520    0.6544
    0.6287    0.5468   -0.5530
...   113 T-A ...
  -11.9049 -117.5372  119.9164
   -0.7367    0.6753   -0.0356
    0.3684    0.4448    0.8164
    0.5671    0.5883   -0.5765
...   114 C-G ...
  -10.1395 -115.3548  118.1662
   -0.3938    0.7831    0.4814
    0.7673   -0.0084    0.6413
    0.5062    0.6219   -0.5975
...   115 G-C ...
   -8.0903 -113.2397  116.5652
    0.1121    0.5714    0.8129
    0.8751   -0.4443    0.1916
    0.4707    0.6899   -0.5499
...   116 T-A ...
   -7.0511 -110.3685  115.0958
    0.5597    0.2023    0.8036
    0.6741   -0.6751   -0.2996
    0.4819    0.7094   -0.5143
...   117 A-T ...
   -5.5580 -107.6648  113.6446
    0.8395   -0.2731    0.4697
    0.2071   -0.6384   -0.7413
    0.5023    0.7196   -0.4794
...   118 T-A ...
   -3.9719 -104.9331  112.6875
    0.8357   -0.5492   -0.0049
   -0.2689   -0.4014   -0.8755
    0.4789    0.7330   -0.4831
...   119 A-T ...
   -2.6471 -102.3334  110.7715
    0.4462   -0.6288   -0.6369
   -0.7833    0.0698   -0.6177
    0.4329    0.7745   -0.4613
...   120 A-T ...
   -0.9836  -99.8627  109.4488
   -0.0997   -0.4742   -0.8747
   -0.8997    0.4184   -0.1243
    0.4250    0.7746   -0.4684
...   121 T-A ...
    0.9373  -97.6527  107.8446
   -0.5658   -0.1730   -0.8062
   -0.7080    0.6031    0.3674
    0.4227    0.7787   -0.4637
...   122 G-C ...
    2.3456  -94.9505  106.1639
   -0.9158    0.1729   -0.3625
   -0.1993    0.5880    0.7839
    0.3487    0.7902   -0.5040
...   123 T-A ...
    3.3662  -92.5957  104.1008
   -0.8897    0.4414    0.1161
    0.3148    0.4093    0.8564
    0.3305    0.7985   -0.5031
...   124 G-C ...
    4.3708  -89.8320  102.4207
   -0.5385    0.5437    0.6437
    0.7999    0.0897    0.5934
    0.2649    0.8345   -0.4832
...   125 T-A ...
    4.7560  -87.1406  100.6945
   -0.0374    0.4704    0.8816
    0.9676   -0.2035    0.1497
    0.2498    0.8587   -0.4476
...   126 C-G ...
    5.5016  -84.3301   99.3812
    0.5527    0.2607    0.7916
    0.8002   -0.4315   -0.4166
    0.2330    0.8636   -0.4471
...   127 G-C ...
    6.7773  -81.7291   97.6672
    0.8753   -0.1279    0.4663
    0.3607   -0.4696   -0.8059
    0.3220    0.8736   -0.3649
...   128 A-T ...
    7.6963  -78.8970   96.5152
    0.9159   -0.3858   -0.1110
   -0.2426   -0.3117   -0.9187
    0.3198    0.8683   -0.3791
...   129 C-G ...
    9.0317  -75.9061   96.0016
    0.6233   -0.5281   -0.5767
   -0.6988   -0.0453   -0.7139
    0.3509    0.8480   -0.3973
...   130 C-G ...
   10.6901  -73.2200   94.7025
    0.1016   -0.5486   -0.8299
   -0.9122    0.2815   -0.2978
    0.3970    0.7873   -0.4719
...   131 A-T ...
   11.2045  -70.2265   93.0806
   -0.5046   -0.3168   -0.8031
   -0.7780    0.5701    0.2640
    0.3742    0.7580   -0.5342
...   132 A-T ...
   12.4497  -67.8414   91.1942
   -0.8690    0.0769   -0.4888
   -0.3251    0.6561    0.6811
    0.3731    0.7508   -0.5451
...   133 A-T ...
   13.7361  -65.6347   89.1267
   -0.8731    0.4876   -0.0063
    0.2575    0.4721    0.8431
    0.4141    0.7344   -0.5377
...   134 T-A ...
   14.7384  -63.4258   86.8200
   -0.5923    0.6747    0.4404
    0.6886    0.1401    0.7115
    0.4183    0.7247   -0.5475
...   135 G-C ...
   15.7317  -61.4927   83.9331
    0.0341    0.7400    0.6717
    0.8636   -0.3601    0.3528
    0.5030    0.5681   -0.6514
...   136 T-A ...
   15.7848  -59.5603   80.7993
    0.5517    0.4998    0.6677
    0.6739   -0.7388   -0.0038
    0.4915    0.4520   -0.7444
...   137 G-C ...
   16.8385  -57.7218   78.2676
    0.8528   -0.0848    0.5153
    0.1507   -0.9048   -0.3983
    0.5000    0.4173   -0.7588
...   138 A-T ...
   18.4282  -55.5286   76.5299
    0.8547   -0.5006    0.1371
   -0.3188   -0.7148   -0.6224
    0.4096    0.4883   -0.7706
...   139 G-C ...
   20.4259  -54.3092   74.5420
    0.5847   -0.7389   -0.3347
   -0.7593   -0.3533   -0.5465
    0.2856    0.5737   -0.7676
...   140 C-G ...
   21.4270  -51.8265   72.7876
    0.1304   -0.7144   -0.6875
   -0.8897    0.2216   -0.3991
    0.4375    0.6637   -0.6067
...   141 G-C ...
   22.1521  -50.1494   67.4640
   -0.4682   -0.8748    0.1248
   -0.8494    0.4066   -0.3364
    0.2435   -0.2635   -0.9334
...   142 C-G ...
   22.3489  -51.2413   64.4934
   -0.8528   -0.5119   -0.1032
   -0.4975    0.8565   -0.1374
    0.1587   -0.0659   -0.9851
...   143 T-A ...
   24.0166  -51.6378   61.9248
   -0.9562    0.0401   -0.2898
    0.0524    0.9980   -0.0348
    0.2878   -0.0485   -0.9564
...   144 C-G ...
   24.8958  -52.7395   58.9873
   -0.7529    0.5560   -0.3520
    0.5214    0.8304    0.1965
    0.4016   -0.0356   -0.9151
...   145 A-T ...
   25.5276  -52.9803   55.8053
   -0.2442    0.9563   -0.1610
    0.8906    0.2869    0.3528
    0.3836   -0.0573   -0.9217
...   146 C-G ...
   25.2778  -52.5122   52.0796
    0.3204    0.9427   -0.0929
    0.8825   -0.2614    0.3909
    0.3443   -0.2072   -0.9157
...   147 A-T ...
   25.6239  -52.5939   48.6396
    0.8597    0.5097    0.0339
    0.4496   -0.7865    0.4233
    0.2424   -0.3487   -0.9053
