  147 base-pairs
...     1 T-A ...
    0.0000    0.0000    0.0000
    1.0000    0.0000    0.0000
    0.0000    1.0000    0.0000
    0.0000    0.0000    1.0000
...     2 G-C ...
   -0.5555   -1.1003    3.3981
    0.7749    0.6051    0.1828
   -0.5991    0.7953   -0.0929
   -0.2016   -0.0375    0.9787
...     3 T-A ...
   -0.6619   -3.0237    6.5348
    0.3046    0.9250    0.2271
   -0.8994    0.3578   -0.2510
   -0.3134   -0.1278    0.9410
...     4 G-C ...
   -1.1607   -3.8418    9.6940
   -0.3351    0.9421    0.0133
   -0.8752   -0.3061   -0.3746
   -0.3489   -0.1372    0.9271
...     5 A-T ...
   -1.3881   -3.6770   12.8999
   -0.7835    0.6162   -0.0801
   -0.5677   -0.7622   -0.3109
   -0.2527   -0.1981    0.9470
...     6 G-C ...
   -2.6236   -3.5448   15.7072
   -0.9923    0.0611   -0.1075
   -0.0294   -0.9610   -0.2748
   -0.1201   -0.2695    0.9555
...     7 C-G ...
   -2.3138   -3.7570   18.8866
   -0.8620   -0.4995   -0.0864
    0.5008   -0.8655    0.0073
   -0.0785   -0.0370    0.9962
...     8 G-C ...
   -3.9561   -6.8109   23.3205
   -0.2581   -0.3560   -0.8981
    0.6294   -0.7673    0.1233
   -0.7330   -0.5335    0.4221
...     9 C-G ...
   -6.1177   -8.9414   24.2385
    0.1143   -0.7320   -0.6716
    0.8123   -0.3203    0.4874
   -0.5720   -0.6013    0.5580
...    10 T-A ...
   -8.5041   -9.6771   26.0540
    0.4660   -0.8587   -0.2131
    0.6274    0.1508    0.7640
   -0.6239   -0.4897    0.6090
...    11 C-G ...
  -11.0625  -11.3174   27.2336
    0.6660   -0.6911    0.2808
    0.3382    0.6152    0.7121
   -0.6649   -0.3794    0.6435
...    12 A-T ...
  -13.0013  -13.1789   29.0658
    0.7188   -0.1490    0.6790
   -0.1787    0.9043    0.3876
   -0.6718   -0.4000    0.6235
...    13 C-G ...
  -14.1788  -15.9359   31.3399
    0.4052    0.2865    0.8682
   -0.5270    0.8492   -0.0343
   -0.7470   -0.4437    0.4951
...    14 A-T ...
  -15.9532  -18.1566   33.3080
   -0.1503    0.6873    0.7107
   -0.6106    0.5008   -0.6135
   -0.7776   -0.5261    0.3444
...    15 A-T ...
  -18.3865  -19.8498   34.6245
   -0.4593    0.8634    0.2089
   -0.4152   -0.0008   -0.9097
   -0.7852   -0.5046    0.3589
...    16 T-A ...
  -20.7564  -21.2706   36.4124
   -0.5974    0.7443   -0.2985
   -0.1245   -0.4538   -0.8824
   -0.7922   -0.4900    0.3638
...    17 T-A ...
  -23.3561  -22.6725   37.7769
   -0.5590    0.3313   -0.7601
    0.2422   -0.8114   -0.5319
   -0.7930   -0.4814    0.3733
...    18 T-A ...
  -26.0360  -23.9862   39.0907
   -0.3248   -0.2275   -0.9180
    0.5225   -0.8522    0.0263
   -0.7884   -0.4711    0.3956
...    19 A-T ...
  -28.3796  -25.9158   40.6801
    0.0704   -0.7617   -0.6441
    0.6117   -0.4770    0.6311
   -0.7880   -0.4384    0.4324
...    20 T-A ...
  -31.3464  -27.1158   41.5703
    0.3650   -0.9084   -0.2040
    0.4874   -0.0002    0.8732
   -0.7932   -0.4182    0.4426
...    21 T-A ...
  -34.0660  -28.4579   42.7772
    0.5596   -0.7404    0.3723
    0.1854    0.5497    0.8145
   -0.8078   -0.3868    0.4449
...    22 C-G ...
  -36.7554  -29.7648   44.1973
    0.5740   -0.2393    0.7831
   -0.1907    0.8910    0.4121
   -0.7963   -0.3859    0.4658
...    23 G-C ...
  -39.5652  -30.6246   45.9053
    0.4397    0.3651    0.8206
   -0.4969    0.8600   -0.1163
   -0.7482   -0.3566    0.5595
...    24 C-G ...
  -41.7618  -32.0743   47.9524
    0.1226    0.8024    0.5840
   -0.6631    0.5041   -0.5534
   -0.7384   -0.3194    0.5939
...    25 A-T ...
  -44.4059  -32.9518   49.8356
   -0.2145    0.9733    0.0819
   -0.6314   -0.0742   -0.7719
   -0.7452   -0.2173    0.6304
...    26 A-T ...
  -46.7152  -33.5181   52.0516
   -0.5386    0.7466   -0.3904
   -0.3909   -0.6319   -0.6692
   -0.7464   -0.2079    0.6322
...    27 A-T ...
  -49.1075  -33.9559   54.2135
   -0.6675    0.2320   -0.7076
   -0.0046   -0.9515   -0.3076
   -0.7446   -0.2020    0.6362
...    28 G-C ...
  -51.7030  -34.2990   56.2977
   -0.5186   -0.3207   -0.7926
    0.3496   -0.9255    0.1457
   -0.7802   -0.2016    0.5921
...    29 G-C ...
  -54.5504  -34.7951   58.0920
   -0.1747   -0.7731   -0.6098
    0.5614   -0.5870    0.5833
   -0.8089   -0.2405    0.5365
...    30 C-G ...
  -57.4948  -35.4748   59.5414
    0.2017   -0.9607   -0.1905
    0.5538   -0.0486    0.8312
   -0.8078   -0.2731    0.5223
...    31 C-G ...
  -60.3283  -36.5291   61.0806
    0.5378   -0.7965    0.2763
    0.3276    0.4994    0.8021
   -0.7769   -0.3408    0.5294
...    32 G-C ...
  -62.8117  -37.4193   63.2185
    0.7018   -0.3194    0.6368
   -0.0633    0.8624    0.5023
   -0.7096   -0.3928    0.5850
...    33 G-C ...
  -65.0808  -38.9645   65.1927
    0.5985    0.2558    0.7592
   -0.4609    0.8850    0.0652
   -0.6553   -0.3890    0.6475
...    34 C-G ...
  -66.9429  -40.5417   67.4687
    0.2631    0.7259    0.6355
   -0.7263    0.5826   -0.3648
   -0.6351   -0.3655    0.6805
...    35 C-G ...
  -68.8599  -41.6901   70.0126
   -0.1437    0.9537    0.2640
   -0.7670    0.0612   -0.6387
   -0.6253   -0.2943    0.7227
...    36 C-G ...
  -70.8385  -42.4197   72.6699
   -0.5042    0.8408   -0.1972
   -0.5710   -0.4958   -0.6543
   -0.6479   -0.2173    0.7301
...    37 G-C ...
  -73.2952  -43.2836   74.8428
   -0.6771    0.4127   -0.6093
   -0.1937   -0.8987   -0.3935
   -0.7100   -0.1484    0.6884
...    38 A-T ...
  -75.6588  -43.6644   77.1217
   -0.6372   -0.2152   -0.7400
    0.2534   -0.9653    0.0625
   -0.7278   -0.1477    0.6697
...    39 C-G ...
  -78.3258  -43.5881   79.1315
   -0.3789   -0.7008   -0.6044
    0.5529   -0.6951    0.4595
   -0.7421   -0.1601    0.6508
...    40 A-T ...
  -80.6848  -44.2719   81.4258
    0.0917   -0.9575   -0.2736
    0.6520   -0.1500    0.7432
   -0.7527   -0.2465    0.6105
...    41 C-G ...
  -83.5277  -45.1567   82.9119
    0.4536   -0.8780    0.1529
    0.4904    0.3891    0.7798
   -0.7441   -0.2788    0.6071
...    42 G-C ...
  -85.7985  -45.9757   85.2968
    0.7319   -0.4557    0.5066
    0.1111    0.8133    0.5711
   -0.6723   -0.3617    0.6459
...    43 A-T ...
  -87.9566  -47.2553   87.4373
    0.6696    0.1427    0.7289
   -0.3671    0.9167    0.1577
   -0.6457   -0.3732    0.6662
...    44 C-G ...
  -89.6862  -48.9940   89.6943
    0.3768    0.6258    0.6830
   -0.6832    0.6856   -0.2512
   -0.6255   -0.3720    0.6859
...    45 T-A ...
  -91.4900  -50.2581   92.2058
   -0.0390    0.9161    0.3991
   -0.7963    0.2128   -0.5663
   -0.6037   -0.3399    0.7212
...    46 T-A ...
  -93.2403  -51.3769   94.7213
   -0.5235    0.8520    0.0045
   -0.6130   -0.3729   -0.6966
   -0.5918   -0.3674    0.7174
...    47 A-T ...
  -95.4152  -52.9909   96.8114
   -0.8197    0.3743   -0.4336
   -0.1000   -0.8388   -0.5351
   -0.5640   -0.3953    0.7250
...    48 C-G ...
  -97.3679  -53.7040   99.4405
   -0.7322   -0.1377   -0.6671
    0.3638   -0.9070   -0.2121
   -0.5758   -0.3980    0.7142
...    49 T-A ...
  -99.5141  -54.7995  101.7621
   -0.3766   -0.5917   -0.7128
    0.7039   -0.6830    0.1952
   -0.6023   -0.4282    0.6737
...    50 G-C ...
 -101.4015  -56.4386  104.0073
    0.1719   -0.8291   -0.5320
    0.7817   -0.2138    0.5858
   -0.5995   -0.5166    0.6114
...    51 T-A ...
 -103.7766  -58.1711  105.5378
    0.5921   -0.7892   -0.1632
    0.5659    0.2631    0.7813
   -0.5737   -0.5550    0.6024
...    52 A-T ...
 -105.5590  -60.0369  107.6928
    0.8597   -0.4160    0.2964
    0.0708    0.6718    0.7373
   -0.5058   -0.6129    0.6070
...    53 G-C ...
 -107.0833  -62.3225  109.5672
    0.7937    0.0646    0.6049
   -0.4248    0.7706    0.4751
   -0.4355   -0.6341    0.6390
...    54 G-C ...
 -108.1577  -64.5911  111.8367
    0.4467    0.5350    0.7171
   -0.8186    0.5678    0.0863
   -0.3610   -0.6256    0.6916
...    55 T-A ...
 -108.7326  -66.8251  114.2508
   -0.0685    0.7659    0.6393
   -0.9360    0.1724   -0.3068
   -0.3452   -0.6194    0.7051
...    56 A-T ...
 -110.4462  -69.0368  116.2723
   -0.7108    0.6311    0.3107
   -0.6352   -0.3860   -0.6690
   -0.3023   -0.6729    0.6752
...    57 T-A ...
 -111.1113  -70.8652  118.9731
   -0.9484    0.3094   -0.0696
   -0.1596   -0.6552   -0.7384
   -0.2741   -0.6892    0.6707
...    58 C-G ...
 -111.9985  -73.0856  121.2760
   -0.8444   -0.1573   -0.5121
    0.4626   -0.6961   -0.5490
   -0.2701   -0.7005    0.6606
...    59 T-A ...
 -113.1416  -75.2596  123.5514
   -0.4336   -0.4792   -0.7631
    0.8547   -0.4869   -0.1799
   -0.2853   -0.7302    0.6208
...    60 C-G ...
 -114.1308  -77.6142  125.6442
    0.1840   -0.6397   -0.7463
    0.9471   -0.0877    0.3086
   -0.2629   -0.7636    0.5898
...    61 G-C ...
 -114.6745  -80.1976  127.7664
    0.7206   -0.4518   -0.5260
    0.6745    0.2807    0.6829
   -0.1609   -0.8468    0.5070
...    62 A-T ...
 -115.1564  -83.0249  129.3426
    0.9891   -0.1375   -0.0533
    0.1133    0.4765    0.8719
   -0.0945   -0.8684    0.4869
...    63 G-C ...
 -115.2638  -86.0454  130.7070
    0.8976    0.2194    0.3823
   -0.4408    0.4417    0.7814
    0.0026   -0.8699    0.4932
...    64 C-G ...
 -114.7282  -88.9954  132.1527
    0.4971    0.4671    0.7312
   -0.8652    0.2029    0.4586
    0.0659   -0.8606    0.5050
...    65 T-A ...
 -114.1059  -91.7695  133.8948
   -0.0679    0.5325    0.8437
   -0.9905   -0.1371    0.0068
    0.1193   -0.8353    0.5368
...    66 C-G ...
 -113.6387  -94.4219  135.8259
   -0.6619    0.3233    0.6763
   -0.7354   -0.4552   -0.5021
    0.1456   -0.8297    0.5390
...    67 G-C ...
 -113.4890  -97.4379  137.3656
   -0.9749    0.0137    0.2223
   -0.1895   -0.5753   -0.7957
    0.1170   -0.8178    0.5634
...    68 G-C ...
 -113.0393 -100.0824  139.4633
   -0.9105   -0.2838   -0.3008
    0.4052   -0.4668   -0.7860
    0.0827   -0.8376    0.5400
...    69 G-C ...
 -112.7636 -102.7873  141.5123
   -0.5232   -0.4387   -0.7306
    0.8493   -0.1982   -0.4892
    0.0698   -0.8765    0.4763
...    70 A-T ...
 -112.5346 -105.5991  143.2033
    0.0869   -0.4253   -0.9009
    0.9912    0.1272    0.0356
    0.0995   -0.8961    0.4326
...    71 T-A ...
 -112.8071 -108.6346  144.4005
    0.5769   -0.2695   -0.7710
    0.8074    0.3312    0.4883
    0.1237   -0.9042    0.4087
...    72 C-G ...
 -112.3651 -111.6278  145.6393
    0.9293    0.0520   -0.3656
    0.3140    0.4101    0.8563
    0.1944   -0.9105    0.3648
...    73 C-G ...
 -111.4313 -114.7417  146.5111
    0.9182    0.3760    0.1242
   -0.2341    0.2625    0.9361
    0.3194   -0.8887    0.3291
...    74 G-C ...
 -110.0702 -117.4601  148.0214
    0.5747    0.5614    0.5954
   -0.6752   -0.0859    0.7326
    0.4625   -0.8230    0.3297
...    75 C-G ...
 -108.0318 -119.8999  149.0702
    0.0801    0.4363    0.8962
   -0.8555   -0.4314    0.2865
    0.5116   -0.7897    0.3387
...    76 T-A ...
 -106.0371 -122.2750  150.3347
   -0.4208    0.1290    0.8979
   -0.7274   -0.6395   -0.2490
    0.5421   -0.7579    0.3629
...    77 T-A ...
 -104.0089 -124.5200  151.5966
   -0.7316   -0.3462    0.5873
   -0.3290   -0.5752   -0.7489
    0.5971   -0.7411    0.3070
...    78 T-A ...
 -101.9060 -126.7192  152.8189
   -0.7340   -0.6784    0.0312
    0.1647   -0.2224   -0.9609
    0.6589   -0.7002    0.2750
...    79 A-T ...
  -99.1917 -128.8527  153.1234
   -0.3689   -0.6914   -0.6212
    0.5816    0.3497   -0.7345
    0.7250   -0.6322    0.2731
...    80 A-T ...
  -96.9514 -130.9750  154.1569
    0.0504   -0.3476   -0.9363
    0.6652    0.7110   -0.2282
    0.7450   -0.6113    0.2670
...    81 C-G ...
  -94.9015 -133.4202  155.0100
    0.3617    0.1266   -0.9237
    0.5281    0.7886    0.3149
    0.7683   -0.6017    0.2184
...    82 A-T ...
  -92.1681 -135.2557  155.7556
    0.4839    0.6449   -0.5916
    0.2443    0.5496    0.7989
    0.8403   -0.5311    0.1084
...    83 C-G ...
  -89.4688 -137.1111  155.4635
    0.4865    0.8704   -0.0757
   -0.0287    0.1025    0.9943
    0.8732   -0.4816    0.0749
...    84 T-A ...
  -86.4218 -138.4388  155.4058
    0.3196    0.8182    0.4780
   -0.2351   -0.4202    0.8765
    0.9179   -0.3925    0.0581
...    85 T-A ...
  -83.3487 -139.5030  155.4374
    0.1275    0.4056    0.9051
   -0.3561   -0.8330    0.4234
    0.9257   -0.3763    0.0382
...    86 T-A ...
  -80.2193 -140.4379  155.4879
   -0.0664   -0.1952    0.9785
   -0.3516   -0.9132   -0.2061
    0.9338   -0.3577   -0.0080
...    87 A-T ...
  -77.2566 -142.1747  154.8573
   -0.1752   -0.8211    0.5432
   -0.2360   -0.5007   -0.8329
    0.9558   -0.2741   -0.1061
...    88 T-A ...
  -73.9902 -142.8050  155.1442
   -0.2321   -0.9727    0.0093
   -0.1221    0.0197   -0.9923
    0.9650   -0.2314   -0.1233
...    89 G-C ...
  -70.7938 -143.4143  154.3521
   -0.3053   -0.7471   -0.5905
    0.0307    0.6121   -0.7902
    0.9518   -0.2594   -0.1639
...    90 T-A ...
  -67.7187 -144.7169  154.1906
   -0.2668   -0.2865   -0.9202
    0.1687    0.9262   -0.3373
    0.9489   -0.2452   -0.1988
...    91 C-G ...
  -64.5860 -145.5455  153.5903
   -0.1666    0.3436   -0.9242
    0.2809    0.9150    0.2895
    0.9452   -0.2114   -0.2489
...    92 A-T ...
  -61.3577 -146.0244  152.7635
   -0.1083    0.8316   -0.5447
    0.3504    0.5447    0.7619
    0.9303   -0.1083   -0.3504
...    93 T-A ...
  -58.6240 -146.4946  151.0361
    0.0502    0.9965   -0.0669
    0.3679    0.0438    0.9288
    0.9285   -0.0712   -0.3645
...    94 G-C ...
  -55.4222 -146.3629  149.9963
    0.1391    0.8381    0.5275
    0.3317   -0.5413    0.7726
    0.9331    0.0675   -0.3533
...    95 T-A ...
  -52.5448 -145.5323  148.5646
    0.2673    0.4103    0.8719
    0.2324   -0.9056    0.3549
    0.9352    0.1078   -0.3374
...    96 T-A ...
  -49.5578 -144.8765  147.4336
    0.3829   -0.2033    0.9012
    0.0408   -0.9708   -0.2363
    0.9229    0.1273   -0.3634
...    97 A-T ...
  -46.5350 -144.8940  145.7865
    0.3857   -0.7956    0.4672
   -0.2427   -0.5760   -0.7806
    0.8902    0.1877   -0.4152
...    98 T-A ...
  -43.4238 -143.9728  145.0299
    0.2310   -0.9724   -0.0322
   -0.4194   -0.0697   -0.9051
    0.8779    0.2226   -0.4239
...    99 A-T ...
  -40.8379 -142.7921  143.0657
   -0.0550   -0.7405   -0.6698
   -0.5057    0.5991   -0.6208
    0.8610    0.3045   -0.4074
...   100 A-T ...
  -37.9252 -141.9420  141.8794
   -0.3304   -0.2352   -0.9141
   -0.3965    0.9134   -0.0917
    0.8565    0.3322   -0.3951
...   101 C-G ...
  -34.9607 -141.4164  140.4909
   -0.5245    0.2829   -0.8030
   -0.1592    0.8939    0.4190
    0.8364    0.3476   -0.4239
...   102 G-C ...
  -32.2221 -139.8584  139.2391
   -0.6338    0.6871   -0.3554
    0.1816    0.5787    0.7951
    0.7519    0.4394   -0.4915
...   103 G-C ...
  -29.9327 -138.3071  137.3001
   -0.5047    0.8400    0.1993
    0.5251    0.1155    0.8432
    0.6853    0.5302   -0.4993
...   104 A-T ...
  -27.8063 -136.4177  135.6488
   -0.1231    0.7144    0.6889
    0.7425   -0.3942    0.5415
    0.6584    0.5782   -0.4819
...   105 C-G ...
  -26.1672 -134.0779  133.9405
    0.2752    0.3714    0.8867
    0.7108   -0.6997    0.0724
    0.6473    0.6103   -0.4566
...   106 T-A ...
  -24.1815 -131.7284  132.6346
    0.5909   -0.1037    0.8001
    0.4707   -0.7611   -0.4463
    0.6552    0.6403   -0.4009
...   107 T-A ...
  -22.1735 -129.4209  131.4965
    0.7765   -0.5136    0.3650
    0.0281   -0.5504   -0.8344
    0.6295    0.6582   -0.4130
...   108 C-G ...
  -20.0451 -127.2168  130.2365
    0.6291   -0.7450   -0.2218
   -0.4507   -0.1171   -0.8850
    0.6333    0.6567   -0.4094
...   109 C-G ...
  -17.7279 -125.0424  129.0401
    0.2230   -0.7173   -0.6602
   -0.7224    0.3331   -0.6059
    0.6545    0.6120   -0.4439
...   110 G-C ...
  -15.9045 -122.7289  127.3585
   -0.2999   -0.4427   -0.8450
   -0.7163    0.6895   -0.1070
    0.6300    0.5732   -0.5239
...   111 G-C ...
  -13.6573 -120.9602  125.5567
   -0.7019   -0.0270   -0.7117
   -0.4226    0.8202    0.3856
    0.5734    0.5714   -0.5872
...   112 C-G ...
  -11.7156 -119.4034  123.3491
   -0.8478    0.4036   -0.3439
    0.0428    0.6985    0.7143
    0.5285    0.5909   -0.6095
...   113 T-A ...
  -10.1995 -117.5178  121.0682
   -0.7257    0.6728    0.1439
    0.5081    0.3831    0.7714
    0.4639    0.6330   -0.6198
...   114 C-G ...
   -8.8252 -115.3505  119.0138
   -0.2961    0.7411    0.6026
    0.8505   -0.0825    0.5194
    0.4347    0.6663   -0.6059
...   115 G-C ...
   -7.1033 -112.9979  117.2962
    0.1984    0.4836    0.8525
    0.8895   -0.4541    0.0506
    0.4116    0.7483   -0.5203
...   116 T-A ...
   -6.2470 -110.1472  115.7912
    0.6362    0.1435    0.7581
    0.6471   -0.6343   -0.4230
    0.4202    0.7597   -0.4964
...   117 A-T ...
   -4.6949 -107.7918  113.9152
    0.9032   -0.2962    0.3107
    0.0921   -0.5732   -0.8142
    0.4192    0.7640   -0.4904
...   118 T-A ...
   -3.2587 -104.9774  112.9248
    0.8231   -0.5437   -0.1641
   -0.3927   -0.3360   -0.8561
    0.4104    0.7691   -0.4900
...   119 A-T ...
   -2.1997 -102.4045  110.9734
    0.3762   -0.6260   -0.6831
   -0.8344    0.0917   -0.5435
    0.4028    0.7744   -0.4878
...   120 A-T ...
   -0.6715  -99.9448  109.4855
   -0.1820   -0.4427   -0.8780
   -0.8989    0.4368   -0.0339
    0.3985    0.7831   -0.4774
...   121 T-A ...
    1.1699  -97.7726  107.8158
   -0.6219   -0.1504   -0.7685
   -0.6746    0.6013    0.4282
    0.3978    0.7847   -0.4754
...   122 G-C ...
    2.2036  -94.9684  106.2907
   -0.9318    0.1652   -0.3231
   -0.1670    0.5953    0.7860
    0.3221    0.7863   -0.5272
...   123 T-A ...
    3.1142  -92.7008  104.0319
   -0.8837    0.4373    0.1666
    0.3631    0.4162    0.8336
    0.2952    0.7972   -0.5266
...   124 G-C ...
    4.0660  -89.8451  102.5493
   -0.5221    0.5273    0.6703
    0.8225    0.1033    0.5594
    0.2257    0.8434   -0.4876
...   125 T-A ...
    4.1808  -87.0090  100.7968
   -0.0019    0.4773    0.8787
    0.9752   -0.1936    0.1073
    0.2213    0.8571   -0.4651
...   126 C-G ...
    4.8263  -84.1152   99.3463
    0.5815    0.2405    0.7772
    0.7803   -0.4351   -0.4492
    0.2301    0.8677   -0.4407
...   127 G-C ...
    5.9192  -81.3543   97.7237
    0.8963   -0.1447    0.4192
    0.3103   -0.4708   -0.8259
    0.3169    0.8703   -0.3771
...   128 A-T ...
    6.9634  -78.4460   96.5754
    0.8914   -0.4277   -0.1502
   -0.2901   -0.2837   -0.9140
    0.3483    0.8583   -0.3769
...   129 C-G ...
    8.4447  -75.5496   95.8829
    0.5844   -0.5399   -0.6059
   -0.7197    0.0002   -0.6943
    0.3749    0.8418   -0.3884
...   130 C-G ...
   10.0090  -72.8289   94.6170
    0.0491   -0.5173   -0.8544
   -0.9124    0.3248   -0.2491
    0.4064    0.7918   -0.4560
...   131 A-T ...
   11.1205  -70.1074   92.9976
   -0.5334   -0.2981   -0.7916
   -0.7527    0.5942    0.2834
    0.3859    0.7471   -0.5413
...   132 A-T ...
   12.4930  -67.8495   91.1009
   -0.8707    0.1132   -0.4786
   -0.2945    0.6594    0.6918
    0.3939    0.7433   -0.5407
...   133 A-T ...
   13.7596  -65.5866   89.1310
   -0.8698    0.4932    0.0111
    0.2755    0.4669    0.8403
    0.4093    0.7340   -0.5420
...   134 T-A ...
   14.7384  -63.4257   86.8200
   -0.5923    0.6747    0.4404
    0.6886    0.1401    0.7115
    0.4183    0.7247   -0.5475
...   135 G-C ...
   15.7317  -61.4927   83.9331
    0.0341    0.7400    0.6717
    0.8636   -0.3601    0.3528
    0.5030    0.5681   -0.6514
...   136 T-A ...
   15.7848  -59.5603   80.7993
    0.5517    0.4998    0.6677
    0.6739   -0.7388   -0.0038
    0.4915    0.4520   -0.7444
...   137 G-C ...
   16.8385  -57.7218   78.2676
    0.8528   -0.0848    0.5153
    0.1507   -0.9048   -0.3983
    0.5000    0.4173   -0.7588
...   138 A-T ...
   18.4282  -55.5286   76.5299
    0.8547   -0.5006    0.1371
   -0.3188   -0.7148   -0.6224
    0.4096    0.4883   -0.7706
...   139 G-C ...
   20.4259  -54.3092   74.5420
    0.5847   -0.7389   -0.3347
   -0.7593   -0.3533   -0.5465
    0.2856    0.5737   -0.7676
...   140 C-G ...
   21.4269  -51.8265   72.7876
    0.1304   -0.7144   -0.6875
   -0.8897    0.2216   -0.3991
    0.4375    0.6637   -0.6067
...   141 G-C ...
   22.1521  -50.1494   67.4640
   -0.4682   -0.8748    0.1248
   -0.8494    0.4066   -0.3364
    0.2435   -0.2635   -0.9334
...   142 C-G ...
   22.3488  -51.2413   64.4934
   -0.8528   -0.5119   -0.1032
   -0.4975    0.8565   -0.1374
    0.1587   -0.0659   -0.9851
...   143 T-A ...
   24.0166  -51.6377   61.9248
   -0.9562    0.0401   -0.2898
    0.0524    0.9980   -0.0348
    0.2878   -0.0485   -0.9564
...   144 C-G ...
   24.8958  -52.7394   58.9873
   -0.7529    0.5560   -0.3520
    0.5214    0.8304    0.1965
    0.4016   -0.0356   -0.9151
...   145 A-T ...
   25.5276  -52.9802   55.8053
   -0.2442    0.9563   -0.1610
    0.8906    0.2869    0.3528
    0.3836   -0.0573   -0.9217
...   146 C-G ...
   25.2778  -52.5122   52.0796
    0.3204    0.9427   -0.0929
    0.8825   -0.2614    0.3909
    0.3443   -0.2072   -0.9157
...   147 A-T ...
   25.6238  -52.5939   48.6396
    0.8597    0.5097    0.0339
    0.4496   -0.7865    0.4233
    0.2424   -0.3487   -0.9053
