  147 base-pairs
...     1 T-A ...
    0.0000    0.0000    0.0000
    1.0000    0.0000    0.0000
    0.0000    1.0000    0.0000
    0.0000    0.0000    1.0000
...     2 G-C ...
   -0.5555   -1.1003    3.3981
    0.7749    0.6051    0.1828
   -0.5991    0.7953   -0.0929
   -0.2016   -0.0375    0.9787
...     3 T-A ...
   -0.6619   -3.0237    6.5348
    0.3046    0.9250    0.2271
   -0.8994    0.3578   -0.2510
   -0.3134   -0.1278    0.9410
...     4 G-C ...
   -1.1607   -3.8418    9.6940
   -0.3351    0.9421    0.0133
   -0.8752   -0.3061   -0.3746
   -0.3489   -0.1372    0.9271
...     5 A-T ...
   -1.3881   -3.6770   12.8999
   -0.7835    0.6162   -0.0801
   -0.5677   -0.7622   -0.3109
   -0.2527   -0.1981    0.9470
...     6 G-C ...
   -2.6236   -3.5448   15.7072
   -0.9923    0.0611   -0.1075
   -0.0294   -0.9610   -0.2748
   -0.1201   -0.2695    0.9555
...     7 C-G ...
   -2.3138   -3.7570   18.8866
   -0.8620   -0.4995   -0.0864
    0.5008   -0.8655    0.0073
   -0.0785   -0.0370    0.9962
...     8 G-C ...
   -3.9561   -6.8109   23.3205
   -0.2581   -0.3560   -0.8981
    0.6294   -0.7673    0.1233
   -0.7330   -0.5335    0.4221
...     9 C-G ...
   -6.1177   -8.9414   24.2385
    0.1143   -0.7320   -0.6716
    0.8123   -0.3203    0.4874
   -0.5720   -0.6013    0.5580
...    10 T-A ...
   -8.5041   -9.6771   26.0540
    0.4660   -0.8587   -0.2131
    0.6274    0.1508    0.7640
   -0.6239   -0.4897    0.6090
...    11 C-G ...
  -11.0625  -11.3174   27.2336
    0.6660   -0.6911    0.2808
    0.3382    0.6152    0.7121
   -0.6649   -0.3794    0.6435
...    12 A-T ...
  -13.0013  -13.1789   29.0658
    0.7188   -0.1490    0.6790
   -0.1787    0.9043    0.3876
   -0.6718   -0.4000    0.6235
...    13 C-G ...
  -14.1788  -15.9359   31.3399
    0.4052    0.2865    0.8682
   -0.5270    0.8492   -0.0343
   -0.7470   -0.4437    0.4951
...    14 A-T ...
  -15.9532  -18.1566   33.3080
   -0.1503    0.6873    0.7107
   -0.6106    0.5008   -0.6135
   -0.7776   -0.5261    0.3444
...    15 A-T ...
  -18.4927  -19.7799   34.5266
   -0.4444    0.8745    0.1941
   -0.4196   -0.0118   -0.9077
   -0.7915   -0.4848    0.3721
...    16 T-A ...
  -20.8819  -21.2017   36.4624
   -0.6268    0.7079   -0.3255
   -0.1042   -0.4902   -0.8654
   -0.7722   -0.5085    0.3810
...    17 T-A ...
  -23.3992  -22.5993   38.0417
   -0.5974    0.2567   -0.7597
    0.2879   -0.8156   -0.5019
   -0.7485   -0.5185    0.4134
...    18 T-A ...
  -25.9604  -24.0349   39.4994
   -0.3365   -0.2826   -0.8983
    0.5827   -0.8118    0.0372
   -0.7398   -0.5109    0.4379
...    19 A-T ...
  -28.3241  -25.9404   41.2031
    0.1024   -0.7941   -0.5991
    0.6689   -0.3908    0.6324
   -0.7363   -0.4655    0.4912
...    20 T-A ...
  -31.1986  -27.2108   42.3693
    0.4108   -0.9015   -0.1360
    0.5246    0.1117    0.8440
   -0.7457   -0.4180    0.5188
...    21 T-A ...
  -33.7659  -28.6021   43.8194
    0.6153   -0.6697    0.4157
    0.1797    0.6327    0.7533
   -0.7675   -0.3888    0.5096
...    22 C-G ...
  -36.3202  -29.8432   45.5059
    0.6229   -0.1453    0.7687
   -0.2272    0.9066    0.3556
   -0.7485   -0.3961    0.5318
...    23 G-C ...
  -39.0637  -30.5473   47.4146
    0.5099    0.4481    0.7343
   -0.5429    0.8298   -0.1293
   -0.6672   -0.3327    0.6664
...    24 C-G ...
  -41.0008  -31.9238   49.6773
    0.1906    0.8369    0.5131
   -0.7257    0.4721   -0.5005
   -0.6611   -0.2770    0.6973
...    25 A-T ...
  -43.5254  -32.6488   51.7301
   -0.2017    0.9778    0.0576
   -0.7148   -0.1067   -0.6911
   -0.6696   -0.1806    0.7204
...    26 A-T ...
  -45.6663  -33.0478   54.1866
   -0.5632    0.7401   -0.3675
   -0.4798   -0.6550   -0.5838
   -0.6728   -0.1524    0.7240
...    27 A-T ...
  -47.7052  -33.2469   56.7272
   -0.7444    0.2174   -0.6314
   -0.0615   -0.9638   -0.2592
   -0.6649   -0.1541    0.7308
...    28 G-C ...
  -50.0862  -33.2572   59.1489
   -0.6258   -0.3338   -0.7050
    0.3345   -0.9313    0.1441
   -0.7047   -0.1456    0.6945
...    29 G-C ...
  -52.7477  -33.5503   61.3394
   -0.2744   -0.8088   -0.5201
    0.6238   -0.5613    0.5439
   -0.7318   -0.1752    0.6586
...    30 C-G ...
  -55.3991  -34.0612   63.2262
    0.1556   -0.9771   -0.1450
    0.6596   -0.0065    0.7516
   -0.7354   -0.2125    0.6435
...    31 C-G ...
  -58.0826  -34.6386   65.2087
    0.5435   -0.7963    0.2656
    0.4547    0.5452    0.7043
   -0.7056   -0.2621    0.6584
...    32 G-C ...
  -60.1262  -35.1911   67.4994
    0.7677   -0.3601    0.5301
    0.0898    0.8795    0.4674
   -0.6345   -0.3112    0.7075
...    33 G-C ...
  -61.9875  -36.4519   69.9911
    0.7267    0.2217    0.6502
   -0.3697    0.9240    0.0981
   -0.5791   -0.3117    0.7534
...    34 C-G ...
  -63.6417  -37.7441   72.5191
    0.4232    0.7196    0.5505
   -0.7198    0.6361   -0.2781
   -0.5503   -0.2785    0.7872
...    35 C-G ...
  -65.1252  -38.4825   75.5058
   -0.0192    0.9701    0.2420
   -0.8483    0.1123   -0.5175
   -0.5292   -0.2152    0.8208
...    36 C-G ...
  -66.7254  -38.9354   78.4436
   -0.4714    0.8709   -0.1390
   -0.7133   -0.4692   -0.5207
   -0.5187   -0.1463    0.8423
...    37 G-C ...
  -68.8843  -40.0933   80.8352
   -0.7550    0.4595   -0.4678
   -0.3240   -0.8817   -0.3431
   -0.5701   -0.1074    0.8145
...    38 A-T ...
  -70.6402  -40.3979   83.4763
   -0.7982   -0.1539   -0.5824
    0.1935   -0.9811   -0.0059
   -0.5705   -0.1174    0.8129
...    39 C-G ...
  -72.7908  -40.3724   85.8811
   -0.5526   -0.6436   -0.5295
    0.5770   -0.7539    0.3143
   -0.6015   -0.1318    0.7879
...    40 A-T ...
  -74.9084  -40.9070   88.4526
   -0.0597   -0.9537   -0.2949
    0.7854   -0.2272    0.5758
   -0.6161   -0.1972    0.7626
...    41 C-G ...
  -77.2789  -41.8011   90.5910
    0.3876   -0.9217    0.0175
    0.6928    0.3037    0.6540
   -0.6081   -0.2414    0.7563
...    42 G-C ...
  -78.9573  -42.3832   93.4236
    0.7650   -0.5399    0.3512
    0.3098    0.7865    0.5343
   -0.5647   -0.2999    0.7689
...    43 A-T ...
  -80.8273  -43.3423   95.8110
    0.8024    0.0340    0.5958
   -0.1983    0.9568    0.2125
   -0.5629   -0.2887    0.7745
...    44 C-G ...
  -82.3982  -44.8832   98.2775
    0.5957    0.5573    0.5784
   -0.6118    0.7814   -0.1229
   -0.5204   -0.2806    0.8065
...    45 T-A ...
  -83.6729  -46.1714  101.4021
    0.1525    0.9181    0.3659
   -0.8503    0.3106   -0.4249
   -0.5037   -0.2463    0.8280
...    46 T-A ...
  -85.0616  -47.0193  104.1888
   -0.3314    0.9396    0.0857
   -0.7937   -0.2285   -0.5637
   -0.5101   -0.2548    0.8215
...    47 A-T ...
  -86.9996  -47.9651  106.7902
   -0.7581    0.5788   -0.3005
   -0.4015   -0.7774   -0.4842
   -0.5138   -0.2464    0.8217
...    48 C-G ...
  -88.6046  -48.1209  109.7288
   -0.8454    0.0723   -0.5291
    0.0668   -0.9687   -0.2391
   -0.5299   -0.2375    0.8141
...    49 T-A ...
  -90.6192  -48.5236  112.4267
   -0.6308   -0.4459   -0.6350
    0.5030   -0.8581    0.1029
   -0.5908   -0.2546    0.7656
...    50 G-C ...
  -92.7111  -49.5653  114.8755
   -0.1512   -0.8190   -0.5536
    0.7651   -0.4515    0.4591
   -0.6260   -0.3541    0.6948
...    51 T-A ...
  -95.1160  -50.6174  116.7330
    0.2937   -0.9143   -0.2789
    0.7294    0.0258    0.6836
   -0.6178   -0.4042    0.6745
...    52 A-T ...
  -97.0524  -52.1698  118.9728
    0.7313   -0.6750    0.0983
    0.3962    0.5377    0.7442
   -0.5552   -0.5053    0.6606
...    53 G-C ...
  -98.9764  -53.8968  120.9451
    0.8839   -0.2438    0.3991
   -0.0552    0.7930    0.6067
   -0.4644   -0.5583    0.6875
...    54 G-C ...
 -100.1995  -56.4921  123.1242
    0.7332    0.2932    0.6135
   -0.5632    0.7675    0.3063
   -0.3810   -0.5701    0.7278
...    55 T-A ...
 -100.9533  -58.6024  125.5230
    0.3288    0.6563    0.6791
   -0.8731    0.4853   -0.0464
   -0.3600   -0.5777    0.7326
...    56 A-T ...
 -101.7676  -60.5746  128.1743
   -0.2545    0.8294    0.4974
   -0.9053   -0.0235   -0.4240
   -0.3400   -0.5582    0.7568
...    57 T-A ...
 -102.2224  -62.2591  130.9871
   -0.7072    0.6711    0.2223
   -0.6297   -0.4549   -0.6297
   -0.3215   -0.5853    0.7444
...    58 C-G ...
 -103.2727  -64.0198  133.6866
   -0.9483    0.2295   -0.2193
   -0.0363   -0.7648   -0.6433
   -0.3153   -0.6020    0.7336
...    59 T-A ...
 -104.5770  -65.7788  136.2549
   -0.7997   -0.1923   -0.5688
    0.4844   -0.7664   -0.4219
   -0.3548   -0.6129    0.7060
...    60 C-G ...
 -105.7646  -67.7949  138.7246
   -0.3408   -0.5871   -0.7343
    0.8723   -0.4887   -0.0142
   -0.3505   -0.6454    0.6787
...    61 G-C ...
 -106.4430  -70.2398  140.9014
    0.2304   -0.6019   -0.7646
    0.9191   -0.1234    0.3742
   -0.3196   -0.7890    0.5248
...    62 A-T ...
 -107.3690  -72.7408  142.8155
    0.7403   -0.4901   -0.4602
    0.6295    0.2650    0.7304
   -0.2361   -0.8304    0.5047
...    63 G-C ...
 -108.0833  -75.6919  144.1750
    0.9785   -0.1993   -0.0536
    0.1410    0.4560    0.8787
   -0.1507   -0.8674    0.4743
...    64 C-G ...
 -108.3346  -78.8871  145.3261
    0.8857    0.1431    0.4416
   -0.4551    0.4551    0.7653
   -0.0915   -0.8788    0.4683
...    65 T-A ...
 -108.4213  -81.8479  146.7715
    0.4988    0.3924    0.7728
   -0.8663    0.2539    0.4302
   -0.0274   -0.8840    0.4666
...    66 C-G ...
 -108.7022  -84.4948  148.6720
   -0.1268    0.4603    0.8787
   -0.9904   -0.1077   -0.0865
    0.0549   -0.8812    0.4696
...    67 G-C ...
 -109.6951  -87.6628  150.1010
   -0.6930    0.3083    0.6517
   -0.7159   -0.4003   -0.5720
    0.0845   -0.8630    0.4982
...    68 G-C ...
 -109.2595  -90.5298  151.8982
   -0.9818    0.0474    0.1839
   -0.1841   -0.4766   -0.8596
    0.0469   -0.8778    0.4767
...    69 G-C ...
 -109.0800  -93.3742  153.6598
   -0.9194   -0.1495   -0.3637
    0.3920   -0.4225   -0.8172
   -0.0315   -0.8939    0.4471
...    70 A-T ...
 -109.2683  -96.2557  155.3858
   -0.4929   -0.3568   -0.7936
    0.8699   -0.2232   -0.4399
   -0.0202   -0.9071    0.4204
...    71 T-A ...
 -110.0052  -99.0979  156.9221
    0.0100   -0.3923   -0.9198
    0.9999   -0.0001    0.0109
   -0.0044   -0.9198    0.3922
...    72 T-A ...
 -110.2514 -102.1122  158.1470
    0.5620   -0.2697   -0.7819
    0.8265    0.2195    0.5183
    0.0318   -0.9376    0.3463
...    73 C-G ...
 -109.7489 -105.0903  159.2510
    0.9241    0.0179   -0.3817
    0.3606    0.2893    0.8867
    0.1263   -0.9571    0.2609
...    74 A-T ...
 -109.3448 -108.4767  159.6117
    0.9470    0.3020    0.1098
   -0.1518    0.1192    0.9812
    0.2833   -0.9458    0.1587
...    75 T-A ...
 -108.1150 -111.4892  159.7000
    0.7223    0.3733    0.5821
   -0.5995   -0.0816    0.7962
    0.3447   -0.9241    0.1648
...    76 G-C ...
 -106.7255 -114.5208  160.2978
    0.1827    0.2795    0.9426
   -0.8936   -0.3527    0.2778
    0.4101   -0.8930    0.1853
...    77 T-A ...
 -104.8021 -117.2878  160.9036
   -0.3446   -0.0110    0.9387
   -0.8340   -0.4554   -0.3115
    0.4309   -0.8902    0.1478
...    78 T-A ...
 -103.1400 -120.0573  161.3926
   -0.7344   -0.3779    0.5638
   -0.4558   -0.3408   -0.8222
    0.5029   -0.8608    0.0780
...    79 A-T ...
 -101.2252 -123.0113  161.1598
   -0.7739   -0.6048   -0.1878
    0.1587    0.1019   -0.9821
    0.6131   -0.7898    0.0171
...    80 T-A ...
  -99.4367 -125.6871  161.8317
   -0.5664   -0.4757   -0.6729
    0.5143    0.4340   -0.7397
    0.6439   -0.7651   -0.0011
...    81 A-T ...
  -97.0234 -128.0833  161.7318
   -0.1497   -0.0546   -0.9872
    0.7391    0.6571   -0.1484
    0.6568   -0.7519   -0.0580
...    82 A-T ...
  -95.0707 -130.5436  161.4428
    0.2227    0.3780   -0.8986
    0.7018    0.5777    0.4169
    0.6767   -0.7235   -0.1366
...    83 C-G ...
  -93.2134 -133.1247  160.4558
    0.5132    0.6876   -0.5136
    0.4781    0.2680    0.8364
    0.7128   -0.6748   -0.1913
...    84 G-C ...
  -90.4469 -134.8365  160.0134
    0.5412    0.8395    0.0476
    0.2107   -0.1902    0.9589
    0.8140   -0.5090   -0.2798
...    85 G-C ...
  -87.2958 -135.6261  159.2589
    0.4586    0.6645    0.5900
   -0.0011   -0.6635    0.7481
    0.8886   -0.3437   -0.3036
...    86 A-T ...
  -84.1943 -136.3752  158.4779
    0.3193    0.1522    0.9353
   -0.2173   -0.9489    0.2286
    0.9224   -0.2763   -0.2700
...    87 C-G ...
  -80.9946 -136.4061  157.5373
    0.1294   -0.3880    0.9125
   -0.3289   -0.8850   -0.3297
    0.9355   -0.2575   -0.2421
...    88 C-G ...
  -77.7938 -137.3227  156.8674
   -0.1063   -0.8375    0.5360
   -0.3336   -0.4778   -0.8127
    0.9367   -0.2652   -0.2286
...    89 G-C ...
  -74.8688 -138.3007  155.6285
   -0.3156   -0.9460   -0.0739
   -0.2075    0.1448   -0.9674
    0.9259   -0.2900   -0.2420
...    90 C-G ...
  -71.5497 -139.2793  155.2311
   -0.3942   -0.6734   -0.6254
   -0.0221    0.6872   -0.7261
    0.9188   -0.2724   -0.2858
...    91 T-A ...
  -68.3455 -140.4278  154.5828
   -0.3865   -0.1264   -0.9136
    0.1940    0.9573   -0.2145
    0.9017   -0.2601   -0.3455
...    92 T-A ...
  -65.5483 -141.5490  153.3682
   -0.2291    0.4613   -0.8572
    0.3702    0.8557    0.3615
    0.9003   -0.2345   -0.3668
...    93 T-A ...
  -62.6627 -142.2338  152.0615
   -0.0615    0.8851   -0.4613
    0.4507    0.4370    0.7784
    0.8906   -0.1601   -0.4258
...    94 A-T ...
  -59.5449 -142.2976  150.6314
    0.0346    0.9819    0.1860
    0.4717   -0.1801    0.8632
    0.8811    0.0579   -0.4694
...    95 A-T ...
  -56.8501 -141.8167  149.0175
    0.2585    0.6943    0.6717
    0.4126   -0.7081    0.5731
    0.8735    0.1290   -0.4695
...    96 C-G ...
  -54.1442 -140.7424  147.2691
    0.4647    0.1786    0.8673
    0.2208   -0.9719    0.0818
    0.8575    0.1535   -0.4910
...    97 A-T ...
  -51.0751 -140.2070  145.8573
    0.4809   -0.4701    0.7401
   -0.0911   -0.8664   -0.4910
    0.8720    0.1687   -0.4595
...    98 C-G ...
  -47.9510 -139.1834  144.8676
    0.3609   -0.8698    0.3364
   -0.3372   -0.4580   -0.8225
    0.8695    0.1834   -0.4586
...    99 T-A ...
  -44.5259 -138.3662  143.8873
    0.1042   -0.9692   -0.2233
   -0.4989    0.1434   -0.8547
    0.8604    0.2004   -0.4685
...   100 T-A ...
  -41.5476 -137.7902  142.6427
   -0.1684   -0.6712   -0.7219
   -0.4807    0.6953   -0.5344
    0.8606    0.2570   -0.4398
...   101 T-A ...
  -38.6163 -137.0690  141.3338
   -0.4155   -0.1247   -0.9010
   -0.3061    0.9520    0.0094
    0.8565    0.2797   -0.4337
...   102 A-T ...
  -35.7902 -135.6672  139.9976
   -0.5448    0.5130   -0.6633
    0.0211    0.7991    0.6008
    0.8383    0.3133   -0.4462
...   103 T-A ...
  -33.3533 -135.0251  138.0126
   -0.5216    0.8150   -0.2523
    0.2930    0.4488    0.8442
    0.8013    0.3665   -0.4729
...   104 G-C ...
  -30.8818 -133.6640  136.2237
   -0.3179    0.8751    0.3648
    0.5828   -0.1231    0.8033
    0.7479    0.4680   -0.4708
...   105 C-G ...
  -28.7654 -131.6973  134.5906
    0.0273    0.6285    0.7773
    0.6768   -0.5839    0.4483
    0.7356    0.5139   -0.4413
...   106 T-A ...
  -26.4677 -129.3074  133.3666
    0.4224    0.1602    0.8921
    0.5848   -0.8002   -0.1332
    0.6925    0.5779   -0.4317
...   107 T-A ...
  -24.3151 -127.2144  132.1782
    0.6767   -0.3441    0.6509
    0.2501   -0.7241   -0.6428
    0.6925    0.5977   -0.4039
...   108 C-G ...
  -21.9260 -125.0707  131.0145
    0.7007   -0.7084    0.0851
   -0.2344   -0.3412   -0.9103
    0.6739    0.6179   -0.4052
...   109 C-G ...
  -19.6345 -123.0289  129.7646
    0.3976   -0.8239   -0.4039
   -0.5786    0.1165   -0.8073
    0.7121    0.5547   -0.4304
...   110 G-C ...
  -17.7466 -121.0649  128.1830
   -0.0436   -0.6693   -0.7417
   -0.7071    0.5452   -0.4503
    0.7058    0.5048   -0.4970
...   111 G-C ...
  -15.3351 -119.5209  126.4261
   -0.4965   -0.2649   -0.8267
   -0.5573    0.8274    0.0696
    0.6655    0.4953   -0.5584
...   112 C-G ...
  -13.0080 -118.3330  124.3371
   -0.7616    0.2301   -0.6058
   -0.1751    0.8270    0.5343
    0.6239    0.5130   -0.5896
...   113 T-A ...
  -11.0130 -116.7150  122.2071
   -0.7767    0.6067   -0.1693
    0.2824    0.5757    0.7673
    0.5629    0.5482   -0.6185
...   114 C-G ...
   -9.2490 -114.6739  120.2711
   -0.4725    0.8082    0.3515
    0.7215    0.1257    0.6809
    0.5061    0.5754   -0.6425
...   115 G-C ...
   -7.2134 -112.6378  118.5370
    0.0240    0.6695    0.7424
    0.8849   -0.3598    0.2958
    0.4652    0.6499   -0.6011
...   116 T-A ...
   -6.2655 -109.8679  116.8033
    0.4943    0.3266    0.8056
    0.7284   -0.6615   -0.1788
    0.4745    0.6751   -0.5649
...   117 A-T ...
   -4.8147 -107.2613  115.1408
    0.8215   -0.1706    0.5441
    0.2867   -0.7013   -0.6527
    0.4929    0.6922   -0.5272
...   118 T-A ...
   -3.3087 -104.5554  113.9789
    0.8612   -0.4985    0.0989
   -0.1953   -0.5043   -0.8412
    0.4692    0.7051   -0.5316
...   119 A-T ...
   -2.0213 -102.0694  111.8619
    0.5068   -0.6537   -0.5620
   -0.7586   -0.0284   -0.6510
    0.4096    0.7562   -0.5102
...   120 A-T ...
   -0.4390  -99.6150  110.4079
   -0.0374   -0.5432   -0.8388
   -0.9153    0.3554   -0.1894
    0.4010    0.7607   -0.5105
...   121 T-A ...
    1.4290  -97.4186  108.7152
   -0.5235   -0.2586   -0.8119
   -0.7526    0.5870    0.2983
    0.3994    0.7672   -0.5019
...   122 G-C ...
    2.7666  -94.7406  106.9361
   -0.9087    0.1088   -0.4031
   -0.2538    0.6228    0.7401
    0.3316    0.7748   -0.5383
...   123 T-A ...
    3.7854  -92.4592  104.7781
   -0.9098    0.4100    0.0646
    0.2699    0.4662    0.8425
    0.3153    0.7839   -0.5348
...   124 G-C ...
    4.7653  -89.7416  102.9911
   -0.5749    0.5553    0.6010
    0.7791    0.1469    0.6095
    0.2501    0.8186   -0.5171
...   125 T-A ...
    5.1136  -87.1224  101.1529
   -0.0756    0.5092    0.8573
    0.9693   -0.1642    0.1830
    0.2340    0.8449   -0.4811
...   126 C-G ...
    5.8075  -84.3489   99.7272
    0.5253    0.3127    0.7914
    0.8225   -0.4248   -0.3781
    0.2179    0.8495   -0.4804
...   127 G-C ...
    7.0634  -81.7798   97.9249
    0.8692   -0.0864    0.4868
    0.3882   -0.4905   -0.7802
    0.3062    0.8672   -0.3928
...   128 A-T ...
    7.9433  -78.9661   96.6838
    0.9270   -0.3659   -0.0830
   -0.2195   -0.3497   -0.9108
    0.3042    0.8625   -0.4044
...   129 C-G ...
    9.2095  -75.9568   96.0936
    0.6438   -0.5314   -0.5506
   -0.6872   -0.0851   -0.7214
    0.3365    0.8428   -0.4200
...   130 C-G ...
   10.8038  -73.2625   94.7279
    0.1217   -0.5679   -0.8140
   -0.9148    0.2540   -0.3140
    0.3850    0.7829   -0.4886
...   131 A-T ...
   11.2304  -70.2446   93.0831
   -0.4969   -0.3287   -0.8032
   -0.7861    0.5626    0.2560
    0.3677    0.7586   -0.5379
...   132 A-T ...
   12.4570  -67.8516   91.1901
   -0.8680    0.0699   -0.4915
   -0.3315    0.6555    0.6786
    0.3697    0.7520   -0.5458
...   133 A-T ...
   13.7368  -65.6401   89.1248
   -0.8750    0.4840   -0.0089
    0.2538    0.4743    0.8430
    0.4122    0.7354   -0.5379
...   134 T-A ...
   14.7385  -63.4258   86.8200
   -0.5923    0.6747    0.4404
    0.6886    0.1401    0.7115
    0.4183    0.7247   -0.5475
...   135 G-C ...
   15.7318  -61.4928   83.9331
    0.0341    0.7400    0.6717
    0.8636   -0.3601    0.3528
    0.5030    0.5681   -0.6514
...   136 T-A ...
   15.7849  -59.5604   80.7993
    0.5517    0.4998    0.6677
    0.6739   -0.7388   -0.0038
    0.4915    0.4520   -0.7444
...   137 G-C ...
   16.8386  -57.7218   78.2676
    0.8528   -0.0848    0.5153
    0.1507   -0.9048   -0.3983
    0.5000    0.4173   -0.7588
...   138 A-T ...
   18.4283  -55.5286   76.5299
    0.8547   -0.5006    0.1371
   -0.3188   -0.7148   -0.6224
    0.4096    0.4883   -0.7706
...   139 G-C ...
   20.4260  -54.3093   74.5420
    0.5847   -0.7389   -0.3347
   -0.7593   -0.3533   -0.5465
    0.2856    0.5737   -0.7676
...   140 C-G ...
   21.4271  -51.8265   72.7876
    0.1304   -0.7144   -0.6875
   -0.8897    0.2216   -0.3991
    0.4375    0.6637   -0.6067
...   141 G-C ...
   22.1522  -50.1494   67.4641
   -0.4682   -0.8748    0.1248
   -0.8494    0.4066   -0.3364
    0.2435   -0.2635   -0.9334
...   142 C-G ...
   22.3490  -51.2413   64.4934
   -0.8528   -0.5119   -0.1032
   -0.4975    0.8565   -0.1374
    0.1587   -0.0659   -0.9851
...   143 T-A ...
   24.0167  -51.6378   61.9249
   -0.9562    0.0401   -0.2898
    0.0524    0.9980   -0.0348
    0.2878   -0.0485   -0.9564
...   144 C-G ...
   24.8959  -52.7395   58.9874
   -0.7529    0.5560   -0.3520
    0.5214    0.8304    0.1965
    0.4016   -0.0356   -0.9151
...   145 A-T ...
   25.5277  -52.9803   55.8054
   -0.2442    0.9563   -0.1610
    0.8906    0.2869    0.3528
    0.3836   -0.0573   -0.9217
...   146 C-G ...
   25.2779  -52.5122   52.0797
    0.3204    0.9427   -0.0929
    0.8825   -0.2614    0.3909
    0.3443   -0.2072   -0.9157
...   147 A-T ...
   25.6240  -52.5939   48.6396
    0.8597    0.5097    0.0339
    0.4496   -0.7865    0.4233
    0.2424   -0.3487   -0.9053
