  147 base-pairs
...     1 T-A ...
    0.0000    0.0000    0.0000
    1.0000    0.0000    0.0000
    0.0000    1.0000    0.0000
    0.0000    0.0000    1.0000
...     2 G-C ...
   -0.5555   -1.1003    3.3981
    0.7749    0.6051    0.1828
   -0.5991    0.7953   -0.0929
   -0.2016   -0.0375    0.9787
...     3 T-A ...
   -0.6619   -3.0237    6.5348
    0.3046    0.9250    0.2271
   -0.8994    0.3578   -0.2510
   -0.3134   -0.1278    0.9410
...     4 G-C ...
   -1.1607   -3.8418    9.6940
   -0.3351    0.9421    0.0133
   -0.8752   -0.3061   -0.3746
   -0.3489   -0.1372    0.9271
...     5 A-T ...
   -1.3881   -3.6770   12.8999
   -0.7835    0.6162   -0.0801
   -0.5677   -0.7622   -0.3109
   -0.2527   -0.1981    0.9470
...     6 G-C ...
   -2.6236   -3.5448   15.7072
   -0.9923    0.0611   -0.1075
   -0.0294   -0.9610   -0.2748
   -0.1201   -0.2695    0.9555
...     7 C-G ...
   -2.3138   -3.7570   18.8866
   -0.8620   -0.4995   -0.0864
    0.5008   -0.8655    0.0073
   -0.0785   -0.0370    0.9962
...     8 G-C ...
   -3.9561   -6.8109   23.3205
   -0.2581   -0.3560   -0.8981
    0.6294   -0.7673    0.1233
   -0.7330   -0.5335    0.4221
...     9 C-G ...
   -6.1177   -8.9414   24.2385
    0.1143   -0.7320   -0.6716
    0.8123   -0.3203    0.4874
   -0.5720   -0.6013    0.5580
...    10 T-A ...
   -8.5041   -9.6771   26.0540
    0.4660   -0.8587   -0.2131
    0.6274    0.1508    0.7640
   -0.6239   -0.4897    0.6090
...    11 C-G ...
  -11.0625  -11.3174   27.2336
    0.6660   -0.6911    0.2808
    0.3382    0.6152    0.7121
   -0.6649   -0.3794    0.6435
...    12 A-T ...
  -13.0013  -13.1789   29.0658
    0.7188   -0.1490    0.6790
   -0.1787    0.9043    0.3876
   -0.6718   -0.4000    0.6235
...    13 C-G ...
  -14.1788  -15.9359   31.3399
    0.4052    0.2865    0.8682
   -0.5270    0.8492   -0.0343
   -0.7470   -0.4437    0.4951
...    14 A-T ...
  -15.9532  -18.1566   33.3080
   -0.1503    0.6873    0.7107
   -0.6106    0.5008   -0.6135
   -0.7776   -0.5261    0.3444
...    15 A-T ...
  -18.3875  -19.8537   34.6201
   -0.4611    0.8627    0.2077
   -0.4130   -0.0014   -0.9107
   -0.7854   -0.5057    0.3570
...    16 T-A ...
  -20.7608  -21.2790   36.4007
   -0.5976    0.7432   -0.3009
   -0.1205   -0.4543   -0.8827
   -0.7927   -0.4913    0.3610
...    17 T-A ...
  -23.3639  -22.6881   37.7510
   -0.5551    0.3303   -0.7634
    0.2464   -0.8113   -0.5302
   -0.7944   -0.4824    0.3689
...    18 T-A ...
  -26.0494  -24.0094   39.0446
   -0.3169   -0.2276   -0.9207
    0.5234   -0.8516    0.0304
   -0.7910   -0.4722    0.3890
...    19 A-T ...
  -28.4097  -25.9433   40.6056
    0.0792   -0.7603   -0.6447
    0.6054   -0.4771    0.6371
   -0.7919   -0.4408    0.4226
...    20 T-A ...
  -31.3839  -27.1523   41.4584
    0.3697   -0.9072   -0.2009
    0.4764   -0.0006    0.8792
   -0.7977   -0.4208    0.4320
...    21 T-A ...
  -34.1159  -28.5040   42.6284
    0.5557   -0.7395    0.3800
    0.1723    0.5495    0.8175
   -0.8133   -0.3888    0.4328
...    22 C-G ...
  -36.8234  -29.8201   44.0096
    0.5607   -0.2378    0.7932
   -0.2001    0.8906    0.4085
   -0.8035   -0.3877    0.4517
...    23 G-C ...
  -39.6679  -30.6801   45.6650
    0.4199    0.3672    0.8299
   -0.4973    0.8581   -0.1281
   -0.7592   -0.3589    0.5430
...    24 C-G ...
  -41.9118  -32.1388   47.6586
    0.1042    0.8036    0.5859
   -0.6515    0.5003   -0.5703
   -0.7515   -0.3223    0.5757
...    25 A-T ...
  -44.6068  -33.0330   49.4627
   -0.2239    0.9718    0.0744
   -0.6089   -0.0799   -0.7892
   -0.7610   -0.2220    0.6096
...    26 A-T ...
  -46.9747  -33.6176   51.6117
   -0.5333    0.7413   -0.4075
   -0.3657   -0.6364   -0.6792
   -0.7628   -0.2132    0.6104
...    27 A-T ...
  -49.4272  -34.0763   53.7004
   -0.6470    0.2247   -0.7286
    0.0132   -0.9521   -0.3055
   -0.7624   -0.2073    0.6130
...    28 G-C ...
  -52.0859  -34.4406   55.7005
   -0.4888   -0.3272   -0.8087
    0.3533   -0.9218    0.1594
   -0.7976   -0.2078    0.5662
...    29 G-C ...
  -54.9900  -34.9645   57.3940
   -0.1452   -0.7760   -0.6138
    0.5463   -0.5801    0.6042
   -0.8249   -0.2476    0.5081
...    30 C-G ...
  -57.9790  -35.6775   58.7342
    0.2187   -0.9590   -0.1804
    0.5231   -0.0409    0.8513
   -0.8238   -0.2805    0.4927
...    31 C-G ...
  -60.8523  -36.7690   60.1716
    0.5352   -0.7897    0.3000
    0.2897    0.5052    0.8129
   -0.7935   -0.3481    0.4992
...    32 G-C ...
  -63.4065  -37.6852   62.2180
    0.6771   -0.3086    0.6681
   -0.0958    0.8631    0.4958
   -0.7296   -0.3997    0.5548
...    33 G-C ...
  -65.7433  -39.2496   64.0990
    0.5585    0.2667    0.7854
   -0.4755    0.8788    0.0397
   -0.6796   -0.3957    0.6177
...    34 C-G ...
  -67.6952  -40.8449   66.2904
    0.2202    0.7323    0.6444
   -0.7161    0.5700   -0.4030
   -0.6624   -0.3727    0.6499
...    35 C-G ...
  -69.7250  -42.0203   68.7349
   -0.1737    0.9521    0.2518
   -0.7336    0.0455   -0.6781
   -0.6570   -0.3025    0.6905
...    36 C-G ...
  -71.8274  -42.7880   71.2859
   -0.5086    0.8302   -0.2280
   -0.5251   -0.5090   -0.6821
   -0.6824   -0.2272    0.6948
...    37 G-C ...
  -74.3778  -43.7038   73.3300
   -0.6497    0.3967   -0.6485
   -0.1521   -0.9036   -0.4004
   -0.7448   -0.1615    0.6475
...    38 A-T ...
  -76.8581  -44.1321   75.4727
   -0.5878   -0.2309   -0.7754
    0.2703   -0.9594    0.0808
   -0.7625   -0.1621    0.6263
...    39 C-G ...
  -79.6395  -44.1102   77.3206
   -0.3256   -0.7106   -0.6237
    0.5397   -0.6813    0.4945
   -0.7763   -0.1756    0.6054
...    40 A-T ...
  -82.1208  -44.8486   79.4674
    0.1314   -0.9554   -0.2645
    0.6077   -0.1332    0.7829
   -0.7832   -0.2636    0.5631
...    41 C-G ...
  -85.0295  -45.8026   80.7741
    0.4646   -0.8661    0.1844
    0.4297    0.4026    0.8083
   -0.7743   -0.2963    0.5592
...    42 G-C ...
  -87.4224  -46.6831   83.0178
    0.7076   -0.4354    0.5565
    0.0507    0.8168    0.5746
   -0.7048   -0.3784    0.6001
...    43 A-T ...
  -89.6860  -48.0186   85.0148
    0.6118    0.1627    0.7741
   -0.4028    0.9063    0.1279
   -0.6807   -0.3901    0.6200
...    44 C-G ...
  -91.5256  -49.8040   87.1512
    0.3067    0.6377    0.7066
   -0.6828    0.6646   -0.3034
   -0.6631   -0.3894    0.6393
...    45 T-A ...
  -93.4768  -51.1208   89.5257
   -0.0989    0.9147    0.3918
   -0.7569    0.1864   -0.6263
   -0.6460   -0.3585    0.6739
...    46 T-A ...
  -95.3785  -52.2988   91.9021
   -0.5517    0.8331   -0.0389
   -0.5431   -0.3943   -0.7414
   -0.6330   -0.3879    0.6700
...    47 A-T ...
  -97.6512  -54.0054   93.8139
   -0.7965    0.3417   -0.4988
   -0.0240   -0.8422   -0.5387
   -0.6041   -0.4171    0.6790
...    48 C-G ...
  -99.7757  -54.7966   96.2825
   -0.6693   -0.1670   -0.7240
    0.4161   -0.8915   -0.1790
   -0.6155   -0.4211    0.6662
...    49 T-A ...
 -102.0573  -55.9814   98.4255
   -0.2908   -0.6062   -0.7403
    0.7129   -0.6533    0.2549
   -0.6381   -0.4536    0.6221
...    50 G-C ...
 -104.0574  -57.7052  100.5077
    0.2521   -0.8198   -0.5141
    0.7371   -0.1815    0.6509
   -0.6270   -0.5431    0.5586
...    51 T-A ...
 -106.4762  -59.5454  101.8291
    0.6382   -0.7620   -0.1099
    0.4835    0.2855    0.8275
   -0.5992   -0.5812    0.5506
...    52 A-T ...
 -108.3518  -61.4859  103.8397
    0.8461   -0.3776    0.3762
   -0.0278    0.6735    0.7387
   -0.5323   -0.6355    0.5594
...    53 G-C ...
 -109.9410  -63.8410  105.5737
    0.7278    0.0996    0.6785
   -0.5035    0.7493    0.4301
   -0.4656   -0.6547    0.5955
...    54 G-C ...
 -111.1279  -66.1589  107.7385
    0.3465    0.5529    0.7578
   -0.8493    0.5279    0.0032
   -0.3982   -0.6447    0.6525
...    55 T-A ...
 -111.8368  -68.4324  110.0860
   -0.1721    0.7579    0.6292
   -0.9068    0.1275   -0.4017
   -0.3847   -0.6397    0.6654
...    56 A-T ...
 -113.6587  -70.7633  111.8862
   -0.7768    0.5842    0.2352
   -0.5348   -0.4148   -0.7361
   -0.3325   -0.6976    0.6347
...    57 T-A ...
 -114.4994  -72.6636  114.4884
   -0.9524    0.2522   -0.1713
   -0.0373   -0.6540   -0.7556
   -0.3026   -0.7132    0.6323
...    58 C-G ...
 -115.4832  -74.9691  116.6681
   -0.7707   -0.2018   -0.6044
    0.5639   -0.6578   -0.4994
   -0.2968   -0.7257    0.6207
...    59 T-A ...
 -116.7284  -77.2467  118.7846
   -0.3127   -0.4925   -0.8122
    0.8992   -0.4290   -0.0861
   -0.3060   -0.7572    0.5770
...    60 C-G ...
 -117.7905  -79.6973  120.7266
    0.3097   -0.6121   -0.7276
    0.9092   -0.0332    0.4150
   -0.2782   -0.7901    0.5462
...    61 G-C ...
 -118.3986  -82.3634  122.7309
    0.8053   -0.3929   -0.4439
    0.5700    0.3075    0.7619
   -0.1628   -0.8666    0.4716
...    62 A-T ...
 -118.8621  -85.2561  124.1944
    0.9953   -0.0724    0.0642
   -0.0237    0.4608    0.8872
   -0.0938   -0.8845    0.4569
...    63 G-C ...
 -118.9273  -88.3128  125.4859
    0.8271    0.2661    0.4951
   -0.5620    0.3903    0.7292
    0.0008   -0.8814    0.4724
...    64 C-G ...
 -118.3729  -91.2628  126.9358
    0.3684    0.4752    0.7990
   -0.9277    0.1317    0.3494
    0.0609   -0.8700    0.4894
...    65 T-A ...
 -117.7880  -94.0499  128.6780
   -0.2127    0.4960    0.8419
   -0.9712   -0.2022   -0.1263
    0.1076   -0.8445    0.5247
...    66 C-G ...
 -117.3833  -96.7440  130.5720
   -0.7660    0.2500    0.5922
   -0.6288   -0.4827   -0.6096
    0.1335   -0.8393    0.5270
...    67 G-C ...
 -117.1979  -99.8151  132.0029
   -0.9940   -0.0635    0.0888
   -0.0395   -0.5488   -0.8350
    0.1017   -0.8335    0.5430
...    68 G-C ...
 -116.8114 -102.5210  134.0372
   -0.8384   -0.3301   -0.4338
    0.5402   -0.3968   -0.7421
    0.0729   -0.8565    0.5110
...    69 G-C ...
 -116.5955 -105.3006  135.9933
   -0.3861   -0.4328   -0.8146
    0.9197   -0.1117   -0.3765
    0.0720   -0.8946    0.4411
...    70 A-T ...
 -116.3775 -108.1810  137.5648
    0.2385   -0.3645   -0.9002
    0.9651    0.1925    0.1778
    0.1085   -0.9111    0.3976
...    71 T-A ...
 -116.5731 -111.2929  138.5580
    0.6935   -0.1810   -0.6974
    0.7074    0.3550    0.6112
    0.1369   -0.9172    0.3742
...    72 C-G ...
 -116.0598 -114.3203  139.6804
    0.9632    0.1389   -0.2303
    0.1643    0.3739    0.9128
    0.2129   -0.9170    0.3373
...    73 C-G ...
 -114.9933 -117.4067  140.5016
    0.8618    0.4271    0.2739
   -0.3778    0.1798    0.9083
    0.3386   -0.8862    0.3163
...    74 G-C ...
 -113.6402 -120.1247  142.0314
    0.4440    0.5498    0.7075
   -0.7604   -0.1865    0.6222
    0.4740   -0.8142    0.3352
...    75 C-G ...
 -111.5868 -122.5076  143.1930
   -0.0768    0.3650    0.9278
   -0.8516   -0.5080    0.1294
    0.5186   -0.7802    0.3499
...    76 T-A ...
 -109.6086 -124.8532  144.5463
   -0.5487    0.0216    0.8358
   -0.6355   -0.6603   -0.4001
    0.5432   -0.7507    0.3760
...    77 T-A ...
 -107.6011 -127.0674  145.8973
   -0.7757   -0.4469    0.4456
   -0.1776   -0.5230   -0.8336
    0.6056   -0.7258    0.3263
...    78 T-A ...
 -105.5149 -129.2294  147.2125
   -0.6760   -0.7248   -0.1333
    0.3115   -0.1171   -0.9430
    0.6679   -0.6790    0.3049
...    79 A-T ...
 -102.7067 -131.2013  147.7158
   -0.2281   -0.6466   -0.7279
    0.6477    0.4574   -0.6093
    0.7269   -0.6105    0.3145
...    80 A-T ...
 -100.4677 -133.2715  148.8497
    0.2004   -0.2441   -0.9488
    0.6355    0.7695   -0.0638
    0.7457   -0.5902    0.3093
...    81 C-G ...
  -98.3752 -135.6664  149.7384
    0.4708    0.2463   -0.8472
    0.4226    0.7800    0.4616
    0.7745   -0.5753    0.2631
...    82 A-T ...
  -95.6275 -137.3999  150.6660
    0.5104    0.7333   -0.4493
    0.0963    0.4704    0.8772
    0.8545   -0.4910    0.1695
...    83 C-G ...
  -92.7815 -139.0524  150.5600
    0.4298    0.8989    0.0856
   -0.1672   -0.0139    0.9858
    0.8873   -0.4380    0.1444
...    84 T-A ...
  -89.6639 -140.1964  150.7871
    0.1975    0.7706    0.6060
   -0.3190   -0.5340    0.7830
    0.9270   -0.3479    0.1404
...    85 T-A ...
  -86.5534 -141.0984  151.1161
   -0.0162    0.2940    0.9557
   -0.3524   -0.8961    0.2697
    0.9357   -0.3324    0.1181
...    86 T-A ...
  -83.3981 -141.8787  151.4669
   -0.1744   -0.3256    0.9293
   -0.2639   -0.8938   -0.3627
    0.9487   -0.3085    0.0700
...    87 A-T ...
  -80.2731 -143.3889  150.9614
   -0.1809   -0.8987    0.3996
   -0.1019   -0.3869   -0.9165
    0.9782   -0.2065   -0.0216
...    88 T-A ...
  -77.0257 -143.8839  151.5635
   -0.1647   -0.9741   -0.1549
   -0.0071    0.1583   -0.9874
    0.9863   -0.1615   -0.0330
...    89 C-G ...
  -73.7253 -144.3195  151.5610
   -0.1376   -0.6635   -0.7354
    0.0664    0.7347   -0.6752
    0.9883   -0.1418   -0.0571
...    90 A-T ...
  -70.3732 -144.3770  151.2725
   -0.1591   -0.0719   -0.9846
    0.1197    0.9886   -0.0915
    0.9800   -0.1324   -0.1486
...    91 T-A ...
  -67.3186 -145.4179  150.6684
   -0.0973    0.4529   -0.8862
    0.1751    0.8843    0.4328
    0.9797   -0.1131   -0.1654
...    92 G-C ...
  -64.0068 -145.4820  150.0481
   -0.1183    0.8883   -0.4438
    0.2263    0.4593    0.8590
    0.9668    0.0012   -0.2554
...    93 T-A ...
  -61.0594 -145.4289  148.5924
   -0.0397    0.9942    0.1001
    0.2724   -0.0857    0.9584
    0.9614    0.0653   -0.2674
...    94 T-A ...
  -58.0128 -145.0461  147.5603
    0.0981    0.7577    0.6452
    0.2691   -0.6444    0.7158
    0.9581    0.1034   -0.2671
...    95 A-T ...
  -54.7046 -144.7862  146.9067
    0.2244    0.1748    0.9587
    0.1878   -0.9731    0.1335
    0.9562    0.1501   -0.2512
...    96 T-A ...
  -51.6954 -143.5929  146.1773
    0.3105   -0.3600    0.8798
    0.0507   -0.9179   -0.3935
    0.9492    0.1668   -0.2668
...    97 A-T ...
  -48.5686 -143.4151  144.7160
    0.3493   -0.8726    0.3414
   -0.1963   -0.4244   -0.8839
    0.9162    0.2418   -0.3195
...    98 A-T ...
  -45.5260 -142.4834  143.9486
    0.2145   -0.9358   -0.2797
   -0.3900    0.1805   -0.9030
    0.8955    0.3028   -0.3263
...    99 C-G ...
  -42.3125 -141.6931  143.3842
   -0.0390   -0.6850   -0.7275
   -0.4545    0.6605   -0.5976
    0.8899    0.3073   -0.3371
...   100 G-C ...
  -39.5400 -140.1721  142.1438
   -0.3861   -0.2024   -0.9000
   -0.3658    0.9292   -0.0520
    0.8468    0.3092   -0.4328
...   101 G-C ...
  -36.6260 -139.3109  140.6712
   -0.6067    0.3191   -0.7281
   -0.0932    0.8810    0.4639
    0.7895    0.3493   -0.5047
...   102 A-T ...
  -34.0676 -138.1789  138.9667
   -0.5916    0.7571   -0.2772
    0.2895    0.5204    0.8034
    0.7525    0.3950   -0.5270
...   103 T-A ...
  -31.9790 -137.0511  136.7095
   -0.3830    0.9047    0.1867
    0.5569    0.0649    0.8281
    0.7370    0.4211   -0.5287
...   104 G-C ...
  -29.5236 -135.3364  135.1783
   -0.0762    0.7196    0.6902
    0.7152   -0.4428    0.5407
    0.6948    0.5348   -0.4810
...   105 C-G ...
  -27.5679 -133.1301  133.6143
    0.3052    0.3259    0.8948
    0.6627   -0.7474    0.0462
    0.6838    0.5789   -0.4441
...   106 T-A ...
  -25.4430 -130.8783  132.3585
    0.5893   -0.1640    0.7911
    0.4168   -0.7771   -0.4715
    0.6921    0.6076   -0.3896
...   107 T-A ...
  -23.3060 -128.6667  131.2636
    0.7469   -0.5702    0.3420
   -0.0148   -0.5285   -0.8488
    0.6647    0.6290   -0.4032
...   108 C-G ...
  -21.0660 -126.5583  130.0350
    0.5807   -0.7752   -0.2488
   -0.4672   -0.0671   -0.8816
    0.6667    0.6281   -0.4011
...   109 C-G ...
  -18.6464 -124.4837  128.8683
    0.1727   -0.7129   -0.6797
   -0.7099    0.3883   -0.5876
    0.6828    0.5840   -0.4390
...   110 G-C ...
  -16.7193 -122.2334  127.2234
   -0.3358   -0.4080   -0.8489
   -0.6795    0.7291   -0.0817
    0.6523    0.5494   -0.5221
...   111 G-C ...
  -14.4071 -120.5538  125.4230
   -0.7134    0.0219   -0.7004
   -0.3740    0.8333    0.4070
    0.5926    0.5523   -0.5863
...   112 C-G ...
  -12.4294 -119.0612  123.2090
   -0.8329    0.4494   -0.3230
    0.0878    0.6836    0.7245
    0.5464    0.5751   -0.6088
...   113 T-A ...
  -10.8706 -117.2133  120.9306
   -0.6929    0.7017    0.1659
    0.5370    0.3486    0.7682
    0.4812    0.6214   -0.6183
...   114 C-G ...
   -9.4467 -115.0722  118.8870
   -0.2562    0.7436    0.6176
    0.8546   -0.1242    0.5041
    0.4516    0.6569   -0.6037
...   115 G-C ...
   -7.6705 -112.7562  117.1819
    0.2295    0.4641    0.8555
    0.8729   -0.4869    0.0300
    0.4305    0.7399   -0.5169
...   116 T-A ...
   -6.7373 -109.9184  115.7002
    0.6524    0.1111    0.7497
    0.6179   -0.6508   -0.4412
    0.4389    0.7511   -0.4932
...   117 A-T ...
   -5.1388 -107.5928  113.8303
    0.8978   -0.3289    0.2929
    0.0609   -0.5660   -0.8221
    0.4361    0.7560   -0.4882
...   118 T-A ...
   -3.6306 -104.8124  112.8500
    0.8032   -0.5669   -0.1831
   -0.4160   -0.3137   -0.8535
    0.4264    0.7617   -0.4878
...   119 A-T ...
   -2.5255 -102.2500  110.9155
    0.3482   -0.6295   -0.6946
   -0.8390    0.1212   -0.5304
    0.4181    0.7675   -0.4860
...   120 A-T ...
   -0.9485  -99.8207  109.4304
   -0.2059   -0.4298   -0.8791
   -0.8870    0.4615   -0.0178
    0.4134    0.7761   -0.4762
...   121 T-A ...
    0.9267  -97.6859  107.7533
   -0.6356   -0.1285   -0.7612
   -0.6531    0.6153    0.4414
    0.4117    0.7777   -0.4751
...   122 G-C ...
    2.0115  -94.9057  106.2240
   -0.9319    0.1873   -0.3105
   -0.1441    0.5944    0.7911
    0.3327    0.7820   -0.5270
...   123 T-A ...
    2.9382  -92.6475  103.9669
   -0.8731    0.4535    0.1790
    0.3808    0.4050    0.8313
    0.3045    0.7940   -0.5263
...   124 G-C ...
    3.9108  -89.8029  102.4804
   -0.5070    0.5319    0.6782
    0.8296    0.0875    0.5515
    0.2340    0.8423   -0.4856
...   125 T-A ...
    4.0497  -86.9609  100.7430
    0.0125    0.4727    0.8811
    0.9733   -0.2078    0.0976
    0.2292    0.8564   -0.4627
...   126 C-G ...
    4.7195  -84.0674   99.3068
    0.5903    0.2292    0.7739
    0.7714   -0.4424   -0.4574
    0.2375    0.8671   -0.4379
...   127 G-C ...
    5.8326  -81.3125   97.6950
    0.8973   -0.1565    0.4127
    0.2999   -0.4699   -0.8302
    0.3239    0.8688   -0.3747
...   128 A-T ...
    6.8978  -78.4092   96.5568
    0.8864   -0.4356   -0.1569
   -0.2977   -0.2766   -0.9137
    0.3546    0.8566   -0.3749
...   129 C-G ...
    8.4012  -75.5240   95.8699
    0.5770   -0.5424   -0.6106
   -0.7227    0.0093   -0.6911
    0.3806    0.8401   -0.3866
...   130 C-G ...
    9.9820  -72.8107   94.6127
    0.0424   -0.5149   -0.8562
   -0.9108    0.3323   -0.2449
    0.4106    0.7902   -0.4549
...   131 A-T ...
   11.1103  -70.0951   92.9995
   -0.5369   -0.2935   -0.7909
   -0.7486    0.5980    0.2863
    0.3890    0.7458   -0.5408
...   132 A-T ...
   12.4904  -67.8436   91.1022
   -0.8710    0.1170   -0.4772
   -0.2908    0.6600    0.6927
    0.3960    0.7421   -0.5408
...   133 A-T ...
   13.7599  -65.5851   89.1307
   -0.8690    0.4947    0.0118
    0.2770    0.4664    0.8401
    0.4101    0.7333   -0.5423
...   134 T-A ...
   14.7384  -63.4258   86.8199
   -0.5923    0.6747    0.4404
    0.6886    0.1401    0.7115
    0.4183    0.7247   -0.5475
...   135 G-C ...
   15.7316  -61.4928   83.9330
    0.0341    0.7400    0.6717
    0.8636   -0.3601    0.3528
    0.5030    0.5681   -0.6514
...   136 T-A ...
   15.7848  -59.5604   80.7992
    0.5517    0.4998    0.6677
    0.6739   -0.7388   -0.0038
    0.4915    0.4520   -0.7444
...   137 G-C ...
   16.8385  -57.7219   78.2675
    0.8528   -0.0848    0.5153
    0.1507   -0.9048   -0.3983
    0.5000    0.4173   -0.7588
...   138 A-T ...
   18.4282  -55.5287   76.5299
    0.8547   -0.5006    0.1371
   -0.3188   -0.7148   -0.6224
    0.4096    0.4883   -0.7706
...   139 G-C ...
   20.4259  -54.3093   74.5419
    0.5847   -0.7389   -0.3347
   -0.7593   -0.3533   -0.5465
    0.2856    0.5737   -0.7676
...   140 C-G ...
   21.4269  -51.8266   72.7875
    0.1304   -0.7144   -0.6875
   -0.8897    0.2216   -0.3991
    0.4375    0.6637   -0.6067
...   141 G-C ...
   22.1521  -50.1495   67.4640
   -0.4682   -0.8748    0.1248
   -0.8494    0.4066   -0.3364
    0.2435   -0.2635   -0.9334
...   142 C-G ...
   22.3488  -51.2414   64.4933
   -0.8528   -0.5119   -0.1032
   -0.4975    0.8565   -0.1374
    0.1587   -0.0659   -0.9851
...   143 T-A ...
   24.0166  -51.6378   61.9248
   -0.9562    0.0401   -0.2898
    0.0524    0.9980   -0.0348
    0.2878   -0.0485   -0.9564
...   144 C-G ...
   24.8957  -52.7395   58.9873
   -0.7529    0.5560   -0.3520
    0.5214    0.8304    0.1965
    0.4016   -0.0356   -0.9151
...   145 A-T ...
   25.5275  -52.9803   55.8053
   -0.2442    0.9563   -0.1610
    0.8906    0.2869    0.3528
    0.3836   -0.0573   -0.9217
...   146 C-G ...
   25.2778  -52.5122   52.0796
    0.3204    0.9427   -0.0929
    0.8825   -0.2614    0.3909
    0.3443   -0.2072   -0.9157
...   147 A-T ...
   25.6238  -52.5940   48.6395
    0.8597    0.5097    0.0339
    0.4496   -0.7865    0.4233
    0.2424   -0.3487   -0.9053
