  147 base-pairs
...     1 T-A ...
    0.0000    0.0000    0.0000
    1.0000    0.0000    0.0000
    0.0000    1.0000    0.0000
    0.0000    0.0000    1.0000
...     2 G-C ...
   -0.5555   -1.1003    3.3981
    0.7749    0.6051    0.1828
   -0.5991    0.7953   -0.0929
   -0.2016   -0.0375    0.9787
...     3 T-A ...
   -0.6619   -3.0237    6.5348
    0.3046    0.9250    0.2271
   -0.8994    0.3578   -0.2510
   -0.3134   -0.1278    0.9410
...     4 G-C ...
   -1.1607   -3.8418    9.6940
   -0.3351    0.9421    0.0133
   -0.8752   -0.3061   -0.3746
   -0.3489   -0.1372    0.9271
...     5 A-T ...
   -1.3881   -3.6770   12.8999
   -0.7835    0.6162   -0.0801
   -0.5677   -0.7622   -0.3109
   -0.2527   -0.1981    0.9470
...     6 G-C ...
   -2.6236   -3.5448   15.7072
   -0.9923    0.0611   -0.1075
   -0.0294   -0.9610   -0.2748
   -0.1201   -0.2695    0.9555
...     7 C-G ...
   -2.3138   -3.7570   18.8866
   -0.8620   -0.4995   -0.0864
    0.5008   -0.8655    0.0073
   -0.0785   -0.0370    0.9962
...     8 G-C ...
   -3.9561   -6.8109   23.3205
   -0.2581   -0.3560   -0.8981
    0.6294   -0.7673    0.1233
   -0.7330   -0.5335    0.4221
...     9 C-G ...
   -6.1177   -8.9414   24.2385
    0.1143   -0.7320   -0.6716
    0.8123   -0.3203    0.4874
   -0.5720   -0.6013    0.5580
...    10 T-A ...
   -8.5041   -9.6771   26.0540
    0.4660   -0.8587   -0.2131
    0.6274    0.1508    0.7640
   -0.6239   -0.4897    0.6090
...    11 C-G ...
  -11.0625  -11.3174   27.2336
    0.6660   -0.6911    0.2808
    0.3382    0.6152    0.7121
   -0.6649   -0.3794    0.6435
...    12 A-T ...
  -13.0013  -13.1789   29.0658
    0.7188   -0.1490    0.6790
   -0.1787    0.9043    0.3876
   -0.6718   -0.4000    0.6235
...    13 C-G ...
  -14.1788  -15.9359   31.3399
    0.4052    0.2865    0.8682
   -0.5270    0.8492   -0.0343
   -0.7470   -0.4437    0.4951
...    14 A-T ...
  -15.9532  -18.1566   33.3080
   -0.1503    0.6873    0.7107
   -0.6106    0.5008   -0.6135
   -0.7776   -0.5261    0.3444
...    15 A-T ...
  -18.4967  -19.7849   34.5084
   -0.4458    0.8743    0.1921
   -0.4144   -0.0114   -0.9100
   -0.7934   -0.4853    0.3674
...    16 T-A ...
  -20.8989  -21.2091   36.4240
   -0.6243    0.7077   -0.3307
   -0.0969   -0.4902   -0.8662
   -0.7751   -0.5088    0.3746
...    17 T-A ...
  -23.4336  -22.6106   37.9741
   -0.5885    0.2570   -0.7665
    0.2935   -0.8156   -0.4987
   -0.7533   -0.5185    0.4046
...    18 T-A ...
  -26.0141  -24.0605   39.3818
   -0.3204   -0.2800   -0.9049
    0.5809   -0.8127    0.0457
   -0.7482   -0.5111    0.4231
...    19 A-T ...
  -28.4273  -25.9628   41.0256
    0.1161   -0.7943   -0.5963
    0.6537   -0.3909    0.6480
   -0.7478   -0.4650    0.4738
...    20 T-A ...
  -31.3309  -27.2325   42.1206
    0.4147   -0.9015   -0.1237
    0.5021    0.1133    0.8574
   -0.7589   -0.4176    0.4996
...    21 T-A ...
  -33.9337  -28.6222   43.5045
    0.6014   -0.6671    0.4397
    0.1542    0.6369    0.7554
   -0.7840   -0.3865    0.4859
...    22 C-G ...
  -36.5457  -29.8527   45.1134
    0.5931   -0.1382    0.7932
   -0.2422    0.9089    0.3395
   -0.7678   -0.3934    0.5056
...    23 G-C ...
  -39.3645  -30.5406   46.9115
    0.4771    0.4546    0.7522
   -0.5386    0.8275   -0.1585
   -0.6945   -0.3295    0.6396
...    24 C-G ...
  -41.3967  -31.9072   49.0990
    0.1651    0.8414    0.5145
   -0.7044    0.4657   -0.5357
   -0.6904   -0.2739    0.6696
...    25 A-T ...
  -44.0388  -32.6392   51.0085
   -0.2159    0.9756    0.0394
   -0.6785   -0.1210   -0.7245
   -0.7021   -0.1832    0.6881
...    26 A-T ...
  -46.2984  -33.0512   53.3552
   -0.5555    0.7277   -0.4025
   -0.4393   -0.6677   -0.6010
   -0.7061   -0.1570    0.6905
...    27 A-T ...
  -48.4653  -33.2695   55.7884
   -0.7145    0.1972   -0.6713
   -0.0299   -0.9672   -0.2523
   -0.6990   -0.1602    0.6970
...    28 G-C ...
  -50.9735  -33.3042   58.0822
   -0.5798   -0.3542   -0.7337
    0.3460   -0.9224    0.1718
   -0.7376   -0.1542    0.6574
...    29 G-C ...
  -53.7497  -33.6340   60.1274
   -0.2250   -0.8203   -0.5258
    0.6061   -0.5404    0.5836
   -0.7629   -0.1873    0.6188
...    30 C-G ...
  -56.4949  -34.1958   61.8653
    0.1903   -0.9737   -0.1251
    0.6153    0.0190    0.7880
   -0.7649   -0.2269    0.6028
...    31 C-G ...
  -59.2630  -34.8454   63.7012
    0.5508   -0.7765    0.3059
    0.3946    0.5653    0.7244
   -0.7354   -0.2783    0.6178
...    32 G-C ...
  -61.4206  -35.4453   65.8827
    0.7454   -0.3277    0.5805
    0.0294    0.8861    0.4625
   -0.6660   -0.3277    0.6701
...    33 G-C ...
  -63.3875  -36.7384   68.2747
    0.6742    0.2551    0.6931
   -0.4106    0.9095    0.0646
   -0.6139   -0.3282    0.7180
...    34 C-G ...
  -65.1493  -38.0571   70.7166
    0.3537    0.7416    0.5700
   -0.7272    0.6013   -0.3312
   -0.5883   -0.2973    0.7520
...    35 C-G ...
  -66.8133  -38.8235   73.6006
   -0.0876    0.9685    0.2332
   -0.8161    0.0645   -0.5743
   -0.5712   -0.2406    0.7847
...    36 C-G ...
  -68.5924  -39.3512   76.4294
   -0.5130    0.8398   -0.1776
   -0.6461   -0.5140   -0.5643
   -0.5652   -0.1747    0.8062
...    37 G-C ...
  -70.8528  -40.6830   78.6675
   -0.7520    0.4034   -0.5213
   -0.2368   -0.9034   -0.3575
   -0.6151   -0.1455    0.7749
...    38 A-T ...
  -72.7490  -41.1105   81.1937
   -0.7432   -0.2141   -0.6339
    0.2657   -0.9640    0.0140
   -0.6141   -0.1580    0.7733
...    39 C-G ...
  -75.0492  -41.2466   83.4511
   -0.4634   -0.6856   -0.5615
    0.6112   -0.7061    0.3576
   -0.6416   -0.1774    0.7462
...    40 A-T ...
  -77.2852  -41.9389   85.8865
    0.0398   -0.9554   -0.2926
    0.7604   -0.1610    0.6292
   -0.6482   -0.2475    0.7201
...    41 C-G ...
  -79.7070  -43.0266   87.8637
    0.4659   -0.8836    0.0470
    0.6173    0.3627    0.6982
   -0.6340   -0.2963    0.7144
...    42 G-C ...
  -81.5089  -43.7756   90.5867
    0.7878   -0.4660    0.4027
    0.1955    0.8093    0.5539
   -0.5840   -0.3576    0.7287
...    43 A-T ...
  -83.4225  -44.9355   92.8539
    0.7518    0.1100    0.6501
   -0.3085    0.9301    0.1993
   -0.5828   -0.3504    0.7332
...    44 C-G ...
  -85.0004  -46.6425   95.2053
    0.4913    0.6120    0.6198
   -0.6811    0.7134   -0.1646
   -0.5429   -0.3413    0.7673
...    45 T-A ...
  -86.3446  -48.1001   98.2292
    0.0201    0.9246    0.3805
   -0.8481    0.2173   -0.4832
   -0.5294   -0.3130    0.7885
...    46 T-A ...
  -87.8194  -49.1525  100.9058
   -0.4547    0.8880    0.0689
   -0.7138   -0.3171   -0.6244
   -0.5326   -0.3331    0.7780
...    47 A-T ...
  -89.8440  -50.5172  103.2849
   -0.8263    0.4465   -0.3434
   -0.2291   -0.8233   -0.5193
   -0.5146   -0.3504    0.7826
...    48 C-G ...
  -91.5674  -51.0288  106.1218
   -0.8109   -0.0674   -0.5813
    0.2553   -0.9345   -0.2479
   -0.5266   -0.3494    0.7750
...    49 T-A ...
  -93.6326  -51.8933  108.6771
   -0.4952   -0.5402   -0.6804
    0.6516   -0.7490    0.1203
   -0.5746   -0.3838    0.7229
...    50 G-C ...
  -95.6213  -53.3855  110.9795
    0.0469   -0.8137   -0.5794
    0.8124   -0.3065    0.4961
   -0.5812   -0.4940    0.6466
...    51 T-A ...
  -97.8722  -54.9478  112.6641
    0.4897   -0.8236   -0.2862
    0.6704    0.1458    0.7275
   -0.5575   -0.5481    0.6235
...    52 A-T ...
  -99.9215  -57.1572  114.3358
    0.8475   -0.5182    0.1150
    0.2424    0.5706    0.7846
   -0.4723   -0.6371    0.6092
...    53 T-A ...
 -101.4470  -59.6606  115.7689
    0.8628   -0.1303    0.4885
   -0.2404    0.7442    0.6231
   -0.4447   -0.6551    0.6108
...    54 C-G ...
 -102.7588  -61.9466  117.7392
    0.5440    0.3821    0.7470
   -0.7352    0.6462    0.2048
   -0.4045   -0.6606    0.6324
...    55 A-T ...
 -104.0373  -64.2732  119.8295
    0.0778    0.7351    0.6735
   -0.9442    0.2712   -0.1869
   -0.3200   -0.6214    0.7152
...    56 T-A ...
 -104.6039  -66.2661  122.3835
   -0.4217    0.7756    0.4697
   -0.8501   -0.1581   -0.5023
   -0.3153   -0.6111    0.7261
...    57 G-C ...
 -105.5543  -68.3192  124.9327
   -0.8592    0.5096    0.0455
   -0.3945   -0.6033   -0.6931
   -0.3258   -0.6134    0.7194
...    58 T-A ...
 -106.4938  -69.9913  127.7584
   -0.9403    0.0578   -0.3354
    0.1728   -0.7679   -0.6168
   -0.2932   -0.6379    0.7121
...    59 T-A ...
 -107.4645  -71.8804  130.1797
   -0.6588   -0.4134   -0.6286
    0.7030   -0.6359   -0.3186
   -0.2680   -0.6518    0.7095
...    60 A-T ...
 -108.1444  -74.2018  132.5714
   -0.0618   -0.6976   -0.7138
    0.9678   -0.2167    0.1280
   -0.2440   -0.6829    0.6886
...    61 T-A ...
 -109.5899  -76.3573  134.5541
    0.4537   -0.6931   -0.5602
    0.8624    0.1832    0.4718
   -0.2244   -0.6972    0.6809
...    62 A-T ...
 -110.1142  -78.6726  136.9008
    0.8913   -0.3763   -0.2530
    0.4305    0.5270    0.7328
   -0.1424   -0.7620    0.6317
...    63 A-T ...
 -110.4874  -81.2407  138.6986
    0.9875    0.0352    0.1538
   -0.1429    0.6134    0.7768
   -0.0670   -0.7890    0.6107
...    64 C-G ...
 -110.2559  -84.2452  140.2687
    0.7406    0.3909    0.5466
   -0.6713    0.4656    0.5767
   -0.0291   -0.7940    0.6072
...    65 G-C ...
 -110.3284  -86.5645  142.6247
    0.1844    0.6169    0.7651
   -0.9798    0.0545    0.1922
    0.0768   -0.7851    0.6145
...    66 G-C ...
 -109.9682  -88.7953  145.0442
   -0.3886    0.5995    0.6997
   -0.9140   -0.3466   -0.2107
    0.1163   -0.7214    0.6827
...    67 A-T ...
 -109.7122  -91.1043  147.4236
   -0.8706    0.2172    0.4414
   -0.4651   -0.6557   -0.5947
    0.1602   -0.7231    0.6719
...    68 G-C ...
 -109.1111  -93.3977  149.7209
   -0.9843   -0.1741    0.0276
    0.0933   -0.6474   -0.7564
    0.1496   -0.7420    0.6536
...    69 G-C ...
 -108.8922  -95.6089  152.5511
   -0.7607   -0.4721   -0.4455
    0.6380   -0.4176   -0.6470
    0.1194   -0.7764    0.6189
...    70 T-A ...
 -108.7882  -98.0174  154.7482
   -0.3062   -0.6012   -0.7381
    0.9409   -0.0732   -0.3307
    0.1448   -0.7957    0.5881
...    71 A-T ...
 -108.7532 -100.8527  156.7303
    0.2832   -0.4144   -0.8649
    0.9414    0.2924    0.1681
    0.1832   -0.8618    0.4729
...    72 T-A ...
 -108.6528 -103.8548  157.9166
    0.7119   -0.1462   -0.6869
    0.6654    0.4532    0.5932
    0.2246   -0.8794    0.4199
...    73 C-G ...
 -107.7593 -107.0221  159.0365
    0.9503    0.2476   -0.1890
    0.0779    0.3985    0.9139
    0.3016   -0.8831    0.3594
...    74 T-A ...
 -106.4384 -109.8681  159.9691
    0.8086    0.5039    0.3038
   -0.4254    0.1440    0.8935
    0.4064   -0.8517    0.3308
...    75 C-G ...
 -104.9562 -112.2604  161.6056
    0.3869    0.5009    0.7742
   -0.7596   -0.3030    0.5756
    0.5229   -0.8107    0.2632
...    76 G-C ...
 -103.6700 -115.0656  162.9287
   -0.1366    0.2467    0.9594
   -0.7806   -0.6230    0.0491
    0.6099   -0.7423    0.2776
...    77 A-T ...
 -101.6355 -117.6153  163.9618
   -0.5683   -0.2574    0.7815
   -0.4941   -0.6527   -0.5743
    0.6580   -0.7125    0.2437
...    78 G-C ...
  -99.3691 -119.9426  164.6388
   -0.7203   -0.6129    0.3249
   -0.1125   -0.3590   -0.9265
    0.6845   -0.7039    0.1896
...    79 C-G ...
  -96.9374 -122.2352  165.6227
   -0.6415   -0.7017   -0.3101
    0.3287    0.1138   -0.9375
    0.6932   -0.7033    0.1576
...    80 T-A ...
  -94.6541 -124.5980  166.2717
   -0.3911   -0.4949   -0.7759
    0.5993    0.5029   -0.6228
    0.6984   -0.7087    0.0999
...    81 C-G ...
  -92.2291 -127.0117  166.8805
    0.0043   -0.0528   -0.9986
    0.6773    0.7348   -0.0360
    0.7357   -0.6762    0.0389
...    82 G-C ...
  -89.4242 -128.7142  166.8383
    0.2814    0.4395   -0.8530
    0.5777    0.6322    0.5163
    0.7662   -0.6381   -0.0760
...    83 G-C ...
  -86.8736 -130.8109  166.3360
    0.4652    0.7926   -0.3941
    0.3223    0.2630    0.9094
    0.8244   -0.5501   -0.1331
...    84 G-C ...
  -83.9496 -132.2633  165.4220
    0.4603    0.8659    0.1959
    0.0823   -0.2613    0.9617
    0.8839   -0.4266   -0.1916
...    85 A-T ...
  -80.9539 -133.4483  164.5688
    0.4019    0.5358    0.7426
   -0.1742   -0.7514    0.6364
    0.8990   -0.3851   -0.2087
...    86 T-A ...
  -77.8325 -134.1088  163.6834
    0.2441    0.0491    0.9685
   -0.3409   -0.9306    0.1331
    0.9078   -0.3627   -0.2104
...    87 C-G ...
  -74.5906 -135.0252  163.0874
    0.0208   -0.5698    0.8215
   -0.4153   -0.7523   -0.5114
    0.9094   -0.3305   -0.2523
...    88 C-G ...
  -71.5102 -136.1674  162.5286
   -0.2439   -0.8807    0.4060
   -0.3381   -0.3152   -0.8868
    0.9090   -0.3535   -0.2209
...    89 G-C ...
  -68.6690 -137.3213  161.2720
   -0.4304   -0.8773   -0.2125
   -0.1411    0.2979   -0.9441
    0.8916   -0.3763   -0.2520
...    90 C-G ...
  -65.4631 -138.6159  160.8596
   -0.4546   -0.5269   -0.7181
    0.0898    0.7750   -0.6255
    0.8861   -0.3488   -0.3051
...    91 T-A ...
  -62.4018 -140.0539  160.1368
   -0.3844    0.0455   -0.9220
    0.3136    0.9458   -0.0841
    0.8683   -0.3215   -0.3779
...    92 T-A ...
  -59.7664 -141.3316  158.7496
   -0.1782    0.5944   -0.7842
    0.4688    0.7520    0.4635
    0.8652   -0.2850   -0.4126
...    93 T-A ...
  -56.9948 -142.1140  157.2911
    0.0204    0.9404   -0.3395
    0.5106    0.2822    0.8122
    0.8596   -0.1899   -0.4744
...    94 A-T ...
  -53.9794 -142.2169  155.6641
    0.1284    0.9431    0.3067
    0.4827   -0.3296    0.8114
    0.8663    0.0439   -0.4976
...    95 A-T ...
  -51.3188 -141.7508  153.9861
    0.3485    0.5783    0.7376
    0.3712   -0.8078    0.4579
    0.8607    0.1142   -0.4962
...    96 C-G ...
  -48.6089 -140.6850  152.2311
    0.5241    0.0270    0.8512
    0.1371   -0.9891   -0.0530
    0.8405    0.1445   -0.5221
...    97 A-T ...
  -45.6127 -140.2182  150.6723
    0.4850   -0.5978    0.6383
   -0.2015   -0.7867   -0.5836
    0.8510    0.1544   -0.5019
...    98 C-G ...
  -42.4996 -139.2864  149.5512
    0.3069   -0.9303    0.2007
   -0.4367   -0.3250   -0.8388
    0.8456    0.1698   -0.5061
...    99 T-A ...
  -39.1041 -138.6238  148.3787
    0.0032   -0.9411   -0.3380
   -0.5537    0.2798   -0.7843
    0.8327    0.1897   -0.5202
...   100 T-A ...
  -36.2084 -138.1377  146.9329
   -0.2892   -0.5743   -0.7658
   -0.4671    0.7830   -0.4107
    0.8355    0.2390   -0.4947
...   101 T-A ...
  -33.3873 -137.4821  145.3916
   -0.5172   -0.0057   -0.8559
   -0.2233    0.9662    0.1285
    0.8262    0.2576   -0.5010
...   102 A-T ...
  -30.6742 -136.1886  143.8166
   -0.5952    0.5822   -0.5538
    0.1420    0.7546    0.6407
    0.7909    0.3027   -0.5318
...   103 T-A ...
  -28.4955 -135.5240  141.5637
   -0.5092    0.8503   -0.1330
    0.4229    0.3818    0.8218
    0.7496    0.3622   -0.5540
...   104 G-C ...
  -26.2233 -134.1492  139.5333
   -0.2258    0.8626    0.4528
    0.6773   -0.1951    0.7094
    0.7002    0.4668   -0.5402
...   105 C-G ...
  -24.2600 -132.1599  137.7414
    0.1580    0.5799    0.7992
    0.7052   -0.6329    0.3197
    0.6912    0.5131   -0.5089
...   106 T-A ...
  -22.0523 -129.7679  136.3630
    0.5457    0.0972    0.8323
    0.5308   -0.8087   -0.2536
    0.6484    0.5802   -0.4929
...   107 T-A ...
  -20.0166 -127.6722  134.9875
    0.7481   -0.3966    0.5320
    0.1328   -0.6960   -0.7056
    0.6501    0.5986   -0.4680
...   108 C-G ...
  -17.7512 -125.5283  133.6038
    0.6836   -0.7284   -0.0465
   -0.3693   -0.2902   -0.8828
    0.6295    0.6207   -0.4674
...   109 C-G ...
  -15.6228 -123.4581  132.1397
    0.3139   -0.8139   -0.4889
   -0.6823    0.1647   -0.7123
    0.6603    0.5572   -0.5036
...   110 G-C ...
  -13.9284 -121.4614  130.3965
   -0.1630   -0.6385   -0.7521
   -0.7499    0.5755   -0.3262
    0.6412    0.5109   -0.5726
...   111 G-C ...
  -11.7536 -119.9056  128.3693
   -0.6125   -0.2268   -0.7572
   -0.5240    0.8337    0.1741
    0.5918    0.5034   -0.6295
...   112 C-G ...
   -9.7290 -118.6890  126.0019
   -0.8334    0.2604   -0.4875
   -0.0843    0.8118    0.5778
    0.5463    0.5226   -0.6546
...   113 T-A ...
   -8.0313 -117.0417  123.6507
   -0.7843    0.6187   -0.0452
    0.3916    0.5504    0.7374
    0.4811    0.5606   -0.6740
...   114 C-G ...
   -6.5500 -114.9599  121.5370
   -0.4168    0.7997    0.4322
    0.8063    0.1057    0.5820
    0.4198    0.5911   -0.6888
...   115 G-C ...
   -4.7626 -112.8811  119.6009
    0.1197    0.6511    0.7495
    0.9150   -0.3654    0.1713
    0.3853    0.6653   -0.6395
...   116 T-A ...
   -4.0365 -110.0839  117.8266
    0.5898    0.3105    0.7455
    0.7020   -0.6534   -0.2832
    0.3992    0.6904   -0.6033
...   117 A-T ...
   -2.8233 -107.4102  116.0776
    0.8790   -0.1769    0.4428
    0.2134   -0.6845   -0.6971
    0.4265    0.7072   -0.5639
...   118 T-A ...
   -1.4800 -104.6697  114.8185
    0.8699   -0.4932   -0.0063
   -0.2831   -0.4886   -0.8253
    0.4040    0.7197   -0.5647
...   119 A-T ...
   -0.4315 -102.1545  112.6316
    0.4565   -0.6459   -0.6119
   -0.8152   -0.0280   -0.5785
    0.3566    0.7629   -0.5393
...   120 A-T ...
    1.0023  -99.6885  111.0541
   -0.1077   -0.5386   -0.8357
   -0.9307    0.3501   -0.1057
    0.3495    0.7664   -0.5390
...   121 T-A ...
    2.7049  -97.4753  109.2149
   -0.5886   -0.2591   -0.7658
   -0.7289    0.5798    0.3641
    0.3496    0.7725   -0.5301
...   122 G-C ...
    3.8733  -94.8005  107.3282
   -0.9384    0.1011   -0.3305
   -0.2011    0.6180    0.7600
    0.2811    0.7796   -0.5596
...   123 T-A ...
    4.6987  -92.5060  105.1044
   -0.9073    0.3994    0.1318
    0.3255    0.4683    0.8215
    0.2663    0.7882   -0.5548
...   124 G-C ...
    5.5016  -89.7857  103.2456
   -0.5419    0.5456    0.6392
    0.8156    0.1579    0.5567
    0.2028    0.8230   -0.5306
...   125 T-A ...
    5.6856  -87.1634  101.3872
   -0.0303    0.5067    0.8616
    0.9812   -0.1491    0.1223
    0.1904    0.8491   -0.4927
...   126 C-G ...
    6.2428  -84.3833   99.9203
    0.5651    0.3196    0.7606
    0.8059   -0.4113   -0.4259
    0.1767    0.8536   -0.4900
...   127 G-C ...
    7.3445  -81.7782   98.0862
    0.8880   -0.0795    0.4529
    0.3635   -0.4822   -0.7971
    0.2817    0.8725   -0.3993
...   128 A-T ...
    8.1450  -78.9529   96.8305
    0.9273   -0.3562   -0.1150
   -0.2460   -0.3485   -0.9045
    0.2821    0.8670   -0.4108
...   129 C-G ...
    9.3623  -75.9315   96.2175
    0.6327   -0.5239   -0.5702
   -0.7064   -0.0888   -0.7022
    0.3172    0.8471   -0.4263
...   130 C-G ...
   10.9205  -73.2348   94.8133
    0.1086   -0.5661   -0.8172
   -0.9232    0.2475   -0.2941
    0.3688    0.7863   -0.4957
...   131 A-T ...
   11.3042  -70.2352   93.1440
   -0.5066   -0.3331   -0.7952
   -0.7858    0.5580    0.2669
    0.3548    0.7601   -0.5444
...   132 A-T ...
   12.4943  -67.8492   91.2159
   -0.8726    0.0663   -0.4839
   -0.3282    0.6541    0.6815
    0.3616    0.7535   -0.5490
...   133 A-T ...
   13.7512  -65.6382   89.1380
   -0.8761    0.4822   -0.0042
    0.2569    0.4742    0.8421
    0.4080    0.7366   -0.5394
...   134 T-A ...
   14.7384  -63.4258   86.8199
   -0.5923    0.6747    0.4404
    0.6886    0.1401    0.7115
    0.4183    0.7247   -0.5475
...   135 G-C ...
   15.7317  -61.4927   83.9330
    0.0341    0.7400    0.6717
    0.8636   -0.3601    0.3528
    0.5030    0.5681   -0.6514
...   136 T-A ...
   15.7848  -59.5603   80.7992
    0.5517    0.4998    0.6677
    0.6739   -0.7388   -0.0038
    0.4915    0.4520   -0.7444
...   137 G-C ...
   16.8385  -57.7218   78.2675
    0.8528   -0.0848    0.5153
    0.1507   -0.9048   -0.3983
    0.5000    0.4173   -0.7588
...   138 A-T ...
   18.4283  -55.5286   76.5298
    0.8547   -0.5006    0.1371
   -0.3188   -0.7148   -0.6224
    0.4096    0.4883   -0.7706
...   139 G-C ...
   20.4259  -54.3092   74.5419
    0.5847   -0.7389   -0.3347
   -0.7593   -0.3533   -0.5465
    0.2856    0.5737   -0.7676
...   140 C-G ...
   21.4270  -51.8265   72.7875
    0.1304   -0.7144   -0.6875
   -0.8897    0.2216   -0.3991
    0.4375    0.6637   -0.6067
...   141 G-C ...
   22.1521  -50.1494   67.4639
   -0.4682   -0.8748    0.1248
   -0.8494    0.4066   -0.3364
    0.2435   -0.2635   -0.9334
...   142 C-G ...
   22.3489  -51.2413   64.4933
   -0.8528   -0.5119   -0.1032
   -0.4975    0.8565   -0.1374
    0.1587   -0.0659   -0.9851
...   143 T-A ...
   24.0166  -51.6378   61.9247
   -0.9562    0.0401   -0.2898
    0.0524    0.9980   -0.0348
    0.2878   -0.0485   -0.9564
...   144 C-G ...
   24.8958  -52.7395   58.9872
   -0.7529    0.5560   -0.3520
    0.5214    0.8304    0.1965
    0.4016   -0.0356   -0.9151
...   145 A-T ...
   25.5276  -52.9802   55.8052
   -0.2442    0.9563   -0.1610
    0.8906    0.2869    0.3528
    0.3836   -0.0573   -0.9217
...   146 C-G ...
   25.2778  -52.5122   52.0795
    0.3204    0.9427   -0.0929
    0.8825   -0.2614    0.3909
    0.3443   -0.2072   -0.9157
...   147 A-T ...
   25.6239  -52.5939   48.6395
    0.8597    0.5097    0.0339
    0.4496   -0.7865    0.4233
    0.2424   -0.3487   -0.9053
