  147 base-pairs
...     1 T-A ...
    0.0000    0.0000    0.0000
    1.0000    0.0000    0.0000
    0.0000    1.0000    0.0000
    0.0000    0.0000    1.0000
...     2 G-C ...
   -0.5555   -1.1003    3.3981
    0.7749    0.6051    0.1828
   -0.5991    0.7953   -0.0929
   -0.2016   -0.0375    0.9787
...     3 T-A ...
   -0.6619   -3.0237    6.5348
    0.3046    0.9250    0.2271
   -0.8994    0.3578   -0.2510
   -0.3134   -0.1278    0.9410
...     4 G-C ...
   -1.1607   -3.8418    9.6940
   -0.3351    0.9421    0.0133
   -0.8752   -0.3061   -0.3746
   -0.3489   -0.1372    0.9271
...     5 A-T ...
   -1.3881   -3.6770   12.8999
   -0.7835    0.6162   -0.0801
   -0.5677   -0.7622   -0.3109
   -0.2527   -0.1981    0.9470
...     6 G-C ...
   -2.6236   -3.5448   15.7072
   -0.9923    0.0611   -0.1075
   -0.0294   -0.9610   -0.2748
   -0.1201   -0.2695    0.9555
...     7 C-G ...
   -2.3138   -3.7570   18.8866
   -0.8620   -0.4995   -0.0864
    0.5008   -0.8655    0.0073
   -0.0785   -0.0370    0.9962
...     8 G-C ...
   -3.9561   -6.8109   23.3205
   -0.2581   -0.3560   -0.8981
    0.6294   -0.7673    0.1233
   -0.7330   -0.5335    0.4221
...     9 C-G ...
   -6.1177   -8.9414   24.2385
    0.1143   -0.7320   -0.6716
    0.8123   -0.3203    0.4874
   -0.5720   -0.6013    0.5580
...    10 T-A ...
   -8.5041   -9.6771   26.0540
    0.4660   -0.8587   -0.2131
    0.6274    0.1508    0.7640
   -0.6239   -0.4897    0.6090
...    11 C-G ...
  -11.0625  -11.3174   27.2336
    0.6660   -0.6911    0.2808
    0.3382    0.6152    0.7121
   -0.6649   -0.3794    0.6435
...    12 A-T ...
  -13.0013  -13.1789   29.0658
    0.7188   -0.1490    0.6790
   -0.1787    0.9043    0.3876
   -0.6718   -0.4000    0.6235
...    13 C-G ...
  -14.1788  -15.9359   31.3399
    0.4052    0.2865    0.8682
   -0.5270    0.8492   -0.0343
   -0.7470   -0.4437    0.4951
...    14 A-T ...
  -15.9532  -18.1566   33.3080
   -0.1503    0.6873    0.7107
   -0.6106    0.5008   -0.6135
   -0.7776   -0.5261    0.3444
...    15 A-T ...
  -18.3847  -19.8300   34.6405
   -0.4470    0.8683    0.2149
   -0.4246    0.0055   -0.9054
   -0.7874   -0.4959    0.3662
...    16 T-A ...
  -20.7503  -21.2142   36.4536
   -0.5875    0.7566   -0.2869
   -0.1456   -0.4477   -0.8823
   -0.7960   -0.4766    0.3732
...    17 T-A ...
  -23.3577  -22.5555   37.8588
   -0.5644    0.3520   -0.7467
    0.2115   -0.8127   -0.5430
   -0.7980   -0.4644    0.3842
...    18 T-A ...
  -26.0495  -23.7935   39.2194
   -0.3531   -0.2066   -0.9125
    0.4971   -0.8677    0.0040
   -0.7926   -0.4522    0.4090
...    19 A-T ...
  -28.4231  -25.6433   40.8318
    0.0233   -0.7515   -0.6593
    0.6125   -0.5105    0.6035
   -0.7901   -0.4179    0.4484
...    20 T-A ...
  -31.4063  -26.7453   41.7923
    0.3216   -0.9175   -0.2340
    0.5156   -0.0375    0.8560
   -0.7942   -0.3959    0.4610
...    21 T-A ...
  -34.1412  -27.9990   43.0556
    0.5403   -0.7729    0.3327
    0.2399    0.5205    0.8194
   -0.8065   -0.3629    0.4667
...    22 C-G ...
  -36.8306  -29.2177   44.5379
    0.5967   -0.2890    0.7486
   -0.1290    0.8862    0.4449
   -0.7920   -0.3620    0.4915
...    23 G-C ...
  -39.5874  -30.0075   46.3394
    0.5056    0.3129    0.8040
   -0.4531    0.8894   -0.0611
   -0.7342   -0.3334    0.5915
...    24 C-G ...
  -41.7260  -31.4013   48.4664
    0.2109    0.7715    0.6003
   -0.6631    0.5641   -0.4921
   -0.7183   -0.2942    0.6305
...    25 A-T ...
  -44.2534  -32.1769   50.5348
   -0.1303    0.9828    0.1309
   -0.6893    0.0051   -0.7244
   -0.7126   -0.1846    0.6768
...    26 A-T ...
  -46.4282  -32.6349   52.9020
   -0.4965    0.8067   -0.3205
   -0.4947   -0.5663   -0.6592
   -0.7133   -0.1687    0.6803
...    27 A-T ...
  -48.6816  -32.9358   55.2275
   -0.6925    0.3270   -0.6430
   -0.1211   -0.9314   -0.3433
   -0.7111   -0.1599    0.6846
...    28 G-C ...
  -51.1303  -33.1123   57.4934
   -0.6095   -0.2250   -0.7602
    0.2598   -0.9626    0.0766
   -0.7490   -0.1508    0.6451
...    29 G-C ...
  -53.8739  -33.3901   59.4821
   -0.3084   -0.7148   -0.6277
    0.5362   -0.6757    0.5059
   -0.7857   -0.1805    0.5917
...    30 C-G ...
  -56.7450  -33.8193   61.1463
    0.0715   -0.9645   -0.2543
    0.6104   -0.1593    0.7759
   -0.7889   -0.2107    0.5773
...    31 C-G ...
  -59.5578  -34.6186   62.8629
    0.4578   -0.8701    0.1827
    0.4545    0.4056    0.7930
   -0.7641   -0.2800    0.5812
...    32 G-C ...
  -61.9433  -35.3285   65.1544
    0.7113   -0.4460    0.5433
    0.0969    0.8277    0.5527
   -0.6962   -0.3405    0.6320
...    33 G-C ...
  -64.2055  -36.7186   67.2413
    0.7015    0.1205    0.7024
   -0.3259    0.9307    0.1659
   -0.6338   -0.3453    0.6922
...    34 C-G ...
  -66.0210  -38.1995   69.6015
    0.4320    0.6336    0.6418
   -0.6685    0.7026   -0.2437
   -0.6053   -0.3238    0.7272
...    35 C-G ...
  -67.7804  -39.2606   72.2852
    0.0374    0.9415    0.3349
   -0.8145    0.2229   -0.5357
   -0.5790   -0.2528    0.7752
...    36 C-G ...
  -69.5216  -39.8654   75.1263
   -0.3762    0.9229   -0.0818
   -0.7173   -0.3460   -0.6048
   -0.5865   -0.1688    0.7921
...    37 G-C ...
  -71.8230  -40.4511   77.5311
   -0.6598    0.5694   -0.4903
   -0.3966   -0.8181   -0.4164
   -0.6383   -0.0803    0.7656
...    38 A-T ...
  -73.9345  -40.5877   80.0640
   -0.7504   -0.0367   -0.6600
    0.0750   -0.9967   -0.0298
   -0.6568   -0.0719    0.7507
...    39 C-G ...
  -76.2849  -40.2072   82.4057
   -0.5776   -0.5651   -0.5891
    0.4611   -0.8214    0.3358
   -0.6736   -0.0776    0.7350
...    40 A-T ...
  -78.4376  -40.6272   84.9402
   -0.1359   -0.9289   -0.3446
    0.6968   -0.3369    0.6332
   -0.7043   -0.1541    0.6930
...    41 C-G ...
  -81.1895  -41.0851   86.7514
    0.2797   -0.9597    0.0273
    0.6556    0.2117    0.7248
   -0.7014   -0.1848    0.6884
...    42 G-C ...
  -83.2671  -41.6414   89.3594
    0.6807   -0.6405    0.3554
    0.3590    0.7146    0.6003
   -0.6386   -0.2811    0.7164
...    43 A-T ...
  -85.3416  -42.6581   91.6995
    0.7835   -0.0742    0.6170
   -0.1288    0.9519    0.2781
   -0.6079   -0.2973    0.7362
...    44 C-G ...
  -87.0600  -44.2158   94.0753
    0.6100    0.4551    0.6487
   -0.5386    0.8386   -0.0819
   -0.5813   -0.2994    0.7566
...    45 T-A ...
  -88.6816  -45.3191   96.7656
    0.2471    0.8530    0.4597
   -0.8026    0.4460   -0.3962
   -0.5430   -0.2710    0.7948
...    46 T-A ...
  -90.2121  -46.2630   99.4815
   -0.2824    0.9465    0.1561
   -0.7946   -0.1396   -0.5908
   -0.5374   -0.2909    0.7916
...    47 A-T ...
  -92.3074  -47.4361  101.8848
   -0.7420    0.6235   -0.2462
   -0.4192   -0.7181   -0.5555
   -0.5232   -0.3089    0.7943
...    48 C-G ...
  -93.9265  -47.8759  104.7820
   -0.8433    0.1423   -0.5182
    0.0456   -0.9419   -0.3328
   -0.5354   -0.3044    0.7878
...    49 T-A ...
  -95.8770  -48.5850  107.4007
   -0.6539   -0.3775   -0.6556
    0.4936   -0.8696    0.0085
   -0.5734   -0.3181    0.7550
...    50 G-C ...
  -97.7500  -49.8586  109.8692
   -0.1864   -0.7753   -0.6035
    0.7738   -0.4943    0.3961
   -0.6054   -0.3932    0.6921
...    51 T-A ...
 -100.2196  -50.9954  111.7678
    0.2793   -0.9011   -0.3316
    0.7555   -0.0069    0.6551
   -0.5926   -0.4335    0.6789
...    52 A-T ...
 -102.1053  -52.5247  114.0750
    0.7271   -0.6840    0.0582
    0.4268    0.5168    0.7421
   -0.5377   -0.5148    0.6678
...    53 G-C ...
 -103.8618  -54.4882  116.0896
    0.8835   -0.2567    0.3919
   -0.0424    0.7892    0.6126
   -0.4665   -0.5579    0.6864
...    54 G-C ...
 -105.0987  -56.6344  118.3821
    0.7494    0.2717    0.6038
   -0.5447    0.7715    0.3289
   -0.3765   -0.5753    0.7261
...    55 T-A ...
 -105.7955  -58.8849  120.7227
    0.3480    0.6556    0.6701
   -0.8693    0.4933   -0.0312
   -0.3511   -0.5717    0.7416
...    56 A-T ...
 -107.4653  -60.6708  123.1029
   -0.3221    0.7931    0.5169
   -0.8861   -0.0602   -0.4597
   -0.3334   -0.6061    0.7222
...    57 T-A ...
 -108.0010  -62.4611  125.8505
   -0.7474    0.6267    0.2205
   -0.5850   -0.4636   -0.6655
   -0.3148   -0.6264    0.7131
...    58 C-G ...
 -109.0113  -64.4551  128.2935
   -0.9493    0.2143   -0.2300
   -0.0063   -0.7444   -0.6677
   -0.3143   -0.6324    0.7080
...    59 T-A ...
 -110.2076  -66.3169  130.8009
   -0.7849   -0.1996   -0.5866
    0.5152   -0.7362   -0.4388
   -0.3443   -0.6466    0.6807
...    60 C-G ...
 -111.3632  -68.3703  133.1114
   -0.3059   -0.5743   -0.7594
    0.8889   -0.4579   -0.0118
   -0.3409   -0.6786    0.6506
...    61 G-C ...
 -112.1715  -70.7570  135.3551
    0.2918   -0.6210   -0.7275
    0.9088   -0.0571    0.4132
   -0.2981   -0.7817    0.5478
...    62 A-T ...
 -113.1851  -73.3372  137.0782
    0.7878   -0.4780   -0.3883
    0.5643    0.3077    0.7661
   -0.2467   -0.8227    0.5122
...    63 G-C ...
 -113.9758  -76.2280  138.4694
    0.9870   -0.1588    0.0245
    0.0568    0.4874    0.8713
   -0.1503   -0.8586    0.4901
...    64 C-G ...
 -114.1308  -79.2926  139.7052
    0.8636    0.1838    0.4695
   -0.4980    0.4557    0.7378
   -0.0783   -0.8710    0.4851
...    65 T-A ...
 -113.9741  -82.2414  141.2139
    0.4602    0.4464    0.7674
   -0.8878    0.2302    0.3985
    0.0012   -0.8647    0.5023
...    66 C-G ...
 -113.7888  -84.9946  143.0208
   -0.1701    0.4915    0.8541
   -0.9847   -0.1172   -0.1286
    0.0369   -0.8629    0.5040
...    67 G-C ...
 -114.1614  -87.8924  144.7167
   -0.7193    0.3550    0.5971
   -0.6933   -0.4213   -0.5846
    0.0440   -0.8345    0.5492
...    68 G-C ...
 -113.9042  -90.5874  146.7729
   -0.9871    0.0794    0.1387
   -0.1594   -0.5481   -0.8211
    0.0108   -0.8327    0.5537
...    69 G-C ...
 -113.7689  -93.2777  148.8516
   -0.9036   -0.1984   -0.3796
    0.4274   -0.4763   -0.7684
   -0.0283   -0.8566    0.5152
...    70 A-T ...
 -113.7702  -96.0142  150.6819
   -0.4677   -0.4126   -0.7817
    0.8837   -0.2343   -0.4051
   -0.0160   -0.8803    0.4742
...    71 T-A ...
 -114.4511  -98.7709  152.3277
    0.0468   -0.4506   -0.8915
    0.9989    0.0195    0.0426
   -0.0018   -0.8925    0.4510
...    72 C-G ...
 -114.5037 -101.7064  153.7653
    0.6199   -0.2761   -0.7345
    0.7831    0.2762    0.5571
    0.0491   -0.9206    0.3875
...    73 C-G ...
 -114.3840 -104.9378  154.6859
    0.9294    0.0438   -0.3665
    0.3305    0.3434    0.8791
    0.1644   -0.9382    0.3046
...    74 G-C ...
 -113.3497 -107.9319  155.8483
    0.9190    0.3691    0.1386
   -0.2144    0.1727    0.9614
    0.3309   -0.9132    0.2378
...    75 C-G ...
 -111.7588 -110.8160  156.2857
    0.6311    0.4433    0.6366
   -0.6642   -0.1151    0.7386
    0.4007   -0.8890    0.2218
...    76 T-A ...
 -110.0262 -113.5769  156.9671
    0.1506    0.3322    0.9311
   -0.8728   -0.3976    0.2830
    0.4642   -0.8553    0.2300
...    77 T-A ...
 -108.1961 -116.2039  157.6435
   -0.3673   -0.0367    0.9294
   -0.7883   -0.5180   -0.3320
    0.4936   -0.8546    0.1613
...    78 T-A ...
 -106.2736 -118.7890  158.2610
   -0.7226   -0.4166    0.5516
   -0.4191   -0.3706   -0.8289
    0.5498   -0.8301    0.0932
...    79 A-T ...
 -104.2794 -121.5760  157.6794
   -0.7421   -0.6479   -0.1719
    0.1559    0.0826   -0.9843
    0.6519   -0.7573    0.0397
...    80 A-T ...
 -102.1769 -124.0397  158.0563
   -0.4895   -0.4895   -0.7217
    0.5372    0.4826   -0.6917
    0.6869   -0.7263    0.0268
...    81 C-G ...
 -100.3017 -126.7337  158.4487
   -0.1587   -0.1180   -0.9802
    0.7035    0.6831   -0.1962
    0.6927   -0.7208   -0.0254
...    82 A-T ...
  -97.8426 -129.0314  158.3217
    0.1591    0.4035   -0.9010
    0.6781    0.6186    0.3968
    0.7175   -0.6742   -0.1752
...    83 T-A ...
  -95.9236 -131.4512  157.2995
    0.4390    0.6957   -0.5686
    0.5145    0.3242    0.7939
    0.7366   -0.6410   -0.2156
...    84 C-G ...
  -93.4233 -133.3487  156.4235
    0.5983    0.8009    0.0224
    0.1967   -0.1739    0.9649
    0.7767   -0.5729   -0.2616
...    85 A-T ...
  -90.6097 -135.0342  155.6849
    0.5110    0.6149    0.6007
   -0.1111   -0.6456    0.7555
    0.8524   -0.4528   -0.2616
...    86 T-A ...
  -87.6708 -135.9140  154.4564
    0.3882    0.1831    0.9032
   -0.3427   -0.8811    0.3259
    0.8555   -0.4361   -0.2793
...    87 G-C ...
  -84.8986 -137.6610  153.7776
    0.0795   -0.3871    0.9186
   -0.4624   -0.8307   -0.3100
    0.8831   -0.4001   -0.2450
...    88 T-A ...
  -81.6559 -138.5240  153.3054
   -0.1686   -0.7919    0.5868
   -0.4296   -0.4768   -0.7669
    0.8871   -0.3814   -0.2598
...    89 T-A ...
  -78.5992 -139.5356  152.6793
   -0.3257   -0.9452   -0.0222
   -0.2709    0.1158   -0.9556
    0.9058   -0.3052   -0.2938
...    90 A-T ...
  -75.5484 -139.9590  151.0931
   -0.3625   -0.6245   -0.6918
   -0.0350    0.7509   -0.6595
    0.9313   -0.2149   -0.2941
...    91 T-A ...
  -72.5627 -141.2084  150.4542
   -0.3337   -0.1376   -0.9326
    0.1410    0.9709   -0.1937
    0.9321   -0.1961   -0.3046
...    92 A-T ...
  -69.4036 -141.6459  149.3843
   -0.2776    0.5026   -0.8187
    0.3180    0.8523    0.4154
    0.9066   -0.1451   -0.3964
...    93 A-T ...
  -66.5601 -142.1391  147.9344
   -0.0976    0.9088   -0.4056
    0.4321    0.4058    0.8053
    0.8965   -0.0966   -0.4324
...    94 C-G ...
  -63.9637 -142.4110  145.9369
    0.0928    0.9890    0.1148
    0.4469   -0.1444    0.8829
    0.8898   -0.0306   -0.4554
...    95 G-C ...
  -60.7756 -142.1408  144.7759
    0.2225    0.7221    0.6551
    0.4016   -0.6801    0.6133
    0.8884    0.1266   -0.4413
...    96 G-C ...
  -57.7813 -141.1504  143.4726
    0.3520    0.1974    0.9150
    0.2683   -0.9578    0.1035
    0.8968    0.2090   -0.3901
...    97 A-T ...
  -54.7734 -140.3089  142.3162
    0.4515   -0.4392    0.7767
    0.0172   -0.8660   -0.4997
    0.8921    0.2389   -0.3834
...    98 C-G ...
  -51.7416 -139.0298  141.5094
    0.3969   -0.8442    0.3602
   -0.2296   -0.4713   -0.8516
    0.8887    0.2553   -0.3809
...    99 T-A ...
  -48.6557 -138.1233  140.5159
    0.1853   -0.9651   -0.1852
   -0.4137    0.0944   -0.9055
    0.8914    0.2445   -0.3817
...   100 T-A ...
  -45.6509 -137.2887  139.5309
   -0.0669   -0.6978   -0.7132
   -0.4694    0.6527   -0.5947
    0.8804    0.2950   -0.3712
...   101 T-A ...
  -42.6873 -136.4437  138.4699
   -0.3273   -0.1621   -0.9309
   -0.3578    0.9331   -0.0367
    0.8745    0.3211   -0.3634
...   102 A-T ...
  -39.8427 -134.9342  137.3714
   -0.5233    0.4628   -0.7155
   -0.0678    0.8144    0.5764
    0.8495    0.3501   -0.3947
...   103 T-A ...
  -37.1832 -134.2028  135.5916
   -0.5026    0.8107   -0.3003
    0.2166    0.4544    0.8641
    0.8370    0.3692   -0.4039
...   104 G-C ...
  -34.4336 -132.6248  134.4208
   -0.3704    0.8724    0.3189
    0.5110   -0.0953    0.8543
    0.7757    0.4794   -0.4105
...   105 C-G ...
  -32.2157 -130.6907  132.8263
   -0.0521    0.6398    0.7668
    0.6582   -0.5554    0.5082
    0.7510    0.5312   -0.3922
...   106 T-A ...
  -29.9302 -128.5758  131.5877
    0.2897    0.1893    0.9382
    0.6094   -0.7924   -0.0282
    0.7381    0.5799   -0.3449
...   107 T-A ...
  -27.6840 -126.4566  130.5240
    0.6234   -0.3078    0.7188
    0.3136   -0.7437   -0.5904
    0.7163    0.5935   -0.3671
...   108 C-G ...
  -25.2825 -124.4374  129.4214
    0.6856   -0.7021    0.1922
   -0.1377   -0.3843   -0.9129
    0.7148    0.5994   -0.3602
...   109 C-G ...
  -22.7455 -122.3910  128.4268
    0.4414   -0.8235   -0.3565
   -0.5021    0.1026   -0.8587
    0.7437    0.5580   -0.3682
...   110 G-C ...
  -20.5627 -120.3006  126.8370
   -0.0066   -0.6407   -0.7678
   -0.6695    0.5731   -0.4725
    0.7427    0.5109   -0.4328
...   111 G-C ...
  -17.9315 -118.6647  125.4574
   -0.4485   -0.2342   -0.8626
   -0.5479    0.8345    0.0583
    0.7061    0.4988   -0.5026
...   112 C-G ...
  -15.4306 -117.3650  123.6624
   -0.7162    0.2543   -0.6499
   -0.1977    0.8192    0.5384
    0.6694    0.5140   -0.5364
...   113 T-A ...
  -13.3364 -115.7793  121.6085
   -0.7538    0.6259   -0.2001
    0.2472    0.5521    0.7963
    0.6089    0.5507   -0.5709
...   114 C-G ...
  -11.4537 -113.8885  119.6739
   -0.4739    0.8078    0.3506
    0.6666    0.0689    0.7422
    0.5754    0.5854   -0.5711
...   115 G-C ...
   -9.3426 -111.7082  118.1253
   -0.0539    0.6280    0.7764
    0.8503   -0.3788    0.3654
    0.5235    0.6799   -0.5135
...   116 T-A ...
   -8.1543 -109.0675  116.4533
    0.4100    0.3002    0.8613
    0.7477   -0.6514   -0.1289
    0.5224    0.6968   -0.4915
...   117 A-T ...
   -6.1325 -107.0327  114.5841
    0.8182   -0.1927    0.5416
    0.2839   -0.6838   -0.6721
    0.4999    0.7037   -0.5048
...   118 T-A ...
   -4.5766 -104.3132  113.4833
    0.8531   -0.5133    0.0934
   -0.1946   -0.4791   -0.8559
    0.4841    0.7120   -0.5086
...   119 A-T ...
   -3.3327 -101.9766  111.2778
    0.5152   -0.6701   -0.5343
   -0.7311   -0.0183   -0.6820
    0.4473    0.7420   -0.4993
...   120 A-T ...
   -1.6924  -99.5722  109.8039
   -0.0177   -0.5295   -0.8481
   -0.8998    0.3784   -0.2174
    0.4360    0.7592   -0.4832
...   121 T-A ...
    0.3002  -97.4388  108.2481
   -0.4879   -0.2455   -0.8377
   -0.7571    0.5967    0.2661
    0.4345    0.7640   -0.4770
...   122 G-C ...
    1.4375  -94.6611  106.7149
   -0.8798    0.1019   -0.4643
   -0.2988    0.6411    0.7069
    0.3697    0.7607   -0.5336
...   123 T-A ...
    2.5905  -92.5077  104.4457
   -0.9102    0.4139    0.0158
    0.2341    0.4826    0.8440
    0.3417    0.7719   -0.5362
...   124 G-C ...
    3.6886  -89.6956  102.9461
   -0.6120    0.5526    0.5658
    0.7447    0.1617    0.6476
    0.2663    0.8176   -0.5105
...   125 T-A ...
    3.9528  -86.9530  101.0549
   -0.1098    0.5283    0.8419
    0.9601   -0.1628    0.2273
    0.2571    0.8333   -0.4894
...   126 C-G ...
    4.7214  -84.1227   99.5174
    0.4971    0.2974    0.8151
    0.8280   -0.4434   -0.3432
    0.2593    0.8456   -0.4666
...   127 G-C ...
    5.9534  -81.4252   97.8433
    0.8617   -0.1019    0.4970
    0.3850   -0.5068   -0.7713
    0.3305    0.8560   -0.3975
...   128 A-T ...
    7.0391  -78.5485   96.6134
    0.9079   -0.4130   -0.0718
   -0.2238   -0.3326   -0.9161
    0.3545    0.8478   -0.3944
...   129 C-G ...
    8.4978  -75.6321   95.8787
    0.6264   -0.5495   -0.5529
   -0.6822   -0.0434   -0.7299
    0.3771    0.8344   -0.4020
...   130 C-G ...
   10.0342  -72.8964   94.5861
    0.0929   -0.5406   -0.8362
   -0.9083    0.2981   -0.2936
    0.4080    0.7867   -0.4633
...   131 A-T ...
   11.0997  -70.1471   92.9518
   -0.5079   -0.3178   -0.8006
   -0.7692    0.5857    0.2555
    0.3878    0.7456   -0.5419
...   132 A-T ...
   12.4768  -67.8719   91.0742
   -0.8637    0.1007   -0.4938
   -0.3127    0.6614    0.6817
    0.3953    0.7432   -0.5398
...   133 A-T ...
   13.7537  -65.5924   89.1268
   -0.8721    0.4893    0.0037
    0.2675    0.4704    0.8409
    0.4097    0.7344   -0.5411
...   134 T-A ...
   14.7384  -63.4259   86.8199
   -0.5923    0.6747    0.4404
    0.6886    0.1401    0.7115
    0.4183    0.7247   -0.5475
...   135 G-C ...
   15.7316  -61.4928   83.9330
    0.0341    0.7400    0.6717
    0.8636   -0.3601    0.3528
    0.5030    0.5681   -0.6514
...   136 T-A ...
   15.7848  -59.5604   80.7992
    0.5517    0.4998    0.6677
    0.6739   -0.7388   -0.0038
    0.4915    0.4520   -0.7444
...   137 G-C ...
   16.8385  -57.7219   78.2675
    0.8528   -0.0848    0.5153
    0.1507   -0.9048   -0.3983
    0.5000    0.4173   -0.7588
...   138 A-T ...
   18.4282  -55.5287   76.5298
    0.8547   -0.5006    0.1371
   -0.3188   -0.7148   -0.6224
    0.4096    0.4883   -0.7706
...   139 G-C ...
   20.4259  -54.3093   74.5419
    0.5847   -0.7389   -0.3347
   -0.7593   -0.3533   -0.5465
    0.2856    0.5737   -0.7676
...   140 C-G ...
   21.4269  -51.8266   72.7875
    0.1304   -0.7144   -0.6875
   -0.8897    0.2216   -0.3991
    0.4375    0.6637   -0.6067
...   141 G-C ...
   22.1521  -50.1495   67.4639
   -0.4682   -0.8748    0.1248
   -0.8494    0.4066   -0.3364
    0.2435   -0.2635   -0.9334
...   142 C-G ...
   22.3488  -51.2414   64.4933
   -0.8528   -0.5119   -0.1032
   -0.4975    0.8565   -0.1374
    0.1587   -0.0659   -0.9851
...   143 T-A ...
   24.0165  -51.6379   61.9247
   -0.9562    0.0401   -0.2898
    0.0524    0.9980   -0.0348
    0.2878   -0.0485   -0.9564
...   144 C-G ...
   24.8957  -52.7396   58.9873
   -0.7529    0.5560   -0.3520
    0.5214    0.8304    0.1965
    0.4016   -0.0356   -0.9151
...   145 A-T ...
   25.5275  -52.9803   55.8053
   -0.2442    0.9563   -0.1610
    0.8906    0.2869    0.3528
    0.3836   -0.0573   -0.9217
...   146 C-G ...
   25.2777  -52.5123   52.0796
    0.3204    0.9427   -0.0929
    0.8825   -0.2614    0.3909
    0.3443   -0.2072   -0.9157
...   147 A-T ...
   25.6238  -52.5940   48.6395
    0.8597    0.5097    0.0339
    0.4496   -0.7865    0.4233
    0.2424   -0.3487   -0.9053
