  147 base-pairs
...     1 T-A ...
    0.0000    0.0000    0.0000
    1.0000    0.0000    0.0000
    0.0000    1.0000    0.0000
    0.0000    0.0000    1.0000
...     2 G-C ...
   -0.5555   -1.1003    3.3981
    0.7749    0.6051    0.1828
   -0.5991    0.7953   -0.0929
   -0.2016   -0.0375    0.9787
...     3 T-A ...
   -0.6619   -3.0237    6.5348
    0.3046    0.9250    0.2271
   -0.8994    0.3578   -0.2510
   -0.3134   -0.1278    0.9410
...     4 G-C ...
   -1.1607   -3.8418    9.6940
   -0.3351    0.9421    0.0133
   -0.8752   -0.3061   -0.3746
   -0.3489   -0.1372    0.9271
...     5 A-T ...
   -1.3881   -3.6770   12.8999
   -0.7835    0.6162   -0.0801
   -0.5677   -0.7622   -0.3109
   -0.2527   -0.1981    0.9470
...     6 G-C ...
   -2.6236   -3.5448   15.7072
   -0.9923    0.0611   -0.1075
   -0.0294   -0.9610   -0.2748
   -0.1201   -0.2695    0.9555
...     7 C-G ...
   -2.3138   -3.7570   18.8866
   -0.8620   -0.4995   -0.0864
    0.5008   -0.8655    0.0073
   -0.0785   -0.0370    0.9962
...     8 G-C ...
   -3.9561   -6.8109   23.3205
   -0.2581   -0.3560   -0.8981
    0.6294   -0.7673    0.1233
   -0.7330   -0.5335    0.4221
...     9 C-G ...
   -6.1177   -8.9414   24.2385
    0.1143   -0.7320   -0.6716
    0.8123   -0.3203    0.4874
   -0.5720   -0.6013    0.5580
...    10 T-A ...
   -8.5041   -9.6771   26.0540
    0.4660   -0.8587   -0.2131
    0.6274    0.1508    0.7640
   -0.6239   -0.4897    0.6090
...    11 C-G ...
  -11.0625  -11.3174   27.2336
    0.6660   -0.6911    0.2808
    0.3382    0.6152    0.7121
   -0.6649   -0.3794    0.6435
...    12 A-T ...
  -13.0013  -13.1789   29.0658
    0.7188   -0.1490    0.6790
   -0.1787    0.9043    0.3876
   -0.6718   -0.4000    0.6235
...    13 C-G ...
  -14.1788  -15.9359   31.3399
    0.4052    0.2865    0.8682
   -0.5270    0.8492   -0.0343
   -0.7470   -0.4437    0.4951
...    14 A-T ...
  -15.9532  -18.1566   33.3080
   -0.1503    0.6873    0.7107
   -0.6106    0.5008   -0.6135
   -0.7776   -0.5261    0.3444
...    15 A-T ...
  -18.4881  -19.7892   34.5250
   -0.4513    0.8713    0.1926
   -0.4153   -0.0141   -0.9096
   -0.7899   -0.4905    0.3682
...    16 T-A ...
  -20.8770  -21.2367   36.4457
   -0.6318    0.7016   -0.3295
   -0.0938   -0.4911   -0.8661
   -0.7695   -0.5163    0.3760
...    17 T-A ...
  -23.3884  -22.6674   38.0044
   -0.5949    0.2486   -0.7644
    0.3026   -0.8117   -0.4996
   -0.7447   -0.5285    0.4076
...    18 T-A ...
  -25.9390  -24.1501   39.4392
   -0.3225   -0.2887   -0.9014
    0.5952   -0.8024    0.0440
   -0.7360   -0.5223    0.4306
...    19 A-T ...
  -28.2807  -26.1051   41.1256
    0.1266   -0.7941   -0.5944
    0.6681   -0.3747    0.6429
   -0.7332   -0.4785    0.4831
...    20 T-A ...
  -31.1387  -27.4401   42.2529
    0.4348   -0.8916   -0.1263
    0.5087    0.1274    0.8515
   -0.7431   -0.4345    0.5089
...    21 T-A ...
  -33.6859  -28.8939   43.6735
    0.6258   -0.6504    0.4304
    0.1480    0.6409    0.7532
   -0.7658   -0.4077    0.4974
...    22 C-G ...
  -36.2283  -30.2025   45.3291
    0.6103   -0.1213    0.7829
   -0.2627    0.9013    0.3444
   -0.7474   -0.4159    0.5182
...    23 G-C ...
  -38.9701  -30.9834   47.2073
    0.4766    0.4687    0.7437
   -0.5692    0.8093   -0.1452
   -0.6699   -0.3542    0.6525
...    24 C-G ...
  -40.9072  -32.4203   49.4365
    0.1464    0.8454    0.5136
   -0.7313    0.4422   -0.5194
   -0.6662   -0.2995    0.6830
...    25 A-T ...
  -43.4845  -33.2458   51.4018
   -0.2526    0.9664    0.0472
   -0.6892   -0.1455   -0.7098
   -0.6791   -0.2119    0.7028
...    26 A-T ...
  -45.6702  -33.7549   53.7997
   -0.5946    0.7047   -0.3871
   -0.4249   -0.6841   -0.5929
   -0.6826   -0.1881    0.7062
...    27 A-T ...
  -47.7651  -34.0773   56.2846
   -0.7393    0.1664   -0.6525
    0.0069   -0.9670   -0.2545
   -0.6734   -0.1927    0.7138
...    28 G-C ...
  -50.2049  -34.2378   58.6449
   -0.5823   -0.3803   -0.7186
    0.3931   -0.9053    0.1606
   -0.7116   -0.1890    0.6767
...    29 G-C ...
  -52.8926  -34.7054   60.7759
   -0.2005   -0.8309   -0.5190
    0.6478   -0.5098    0.5660
   -0.7349   -0.2228    0.6405
...    30 C-G ...
  -55.5502  -35.3969   62.6003
    0.2336   -0.9638   -0.1289
    0.6365    0.0513    0.7696
   -0.7351   -0.2618    0.6254
...    31 C-G ...
  -58.2217  -36.1753   64.5242
    0.5968   -0.7475    0.2917
    0.3876    0.5869    0.7108
   -0.7025   -0.3111    0.6400
...    32 G-C ...
  -60.2766  -36.8743   66.7753
    0.7773   -0.2876    0.5595
   -0.0006    0.8891    0.4578
   -0.6291   -0.3562    0.6909
...    33 G-C ...
  -62.1084  -38.2521   69.2291
    0.6811    0.2924    0.6712
   -0.4524    0.8889    0.0718
   -0.5757   -0.3525    0.7378
...    34 C-G ...
  -63.7313  -39.6461   71.7276
    0.3343    0.7626    0.5538
   -0.7646    0.5630   -0.3136
   -0.5509   -0.3186    0.7713
...    35 C-G ...
  -65.2644  -40.4757   74.6675
   -0.1247    0.9661    0.2263
   -0.8344    0.0213   -0.5507
   -0.5369   -0.2575    0.8034
...    36 C-G ...
  -66.9287  -41.0595   77.5558
   -0.5547    0.8139   -0.1727
   -0.6378   -0.5492   -0.5399
   -0.5343   -0.1893    0.8238
...    37 G-C ...
  -69.0562  -42.4517   79.8776
   -0.7822    0.3637   -0.5058
   -0.2073   -0.9176   -0.3393
   -0.5875   -0.1606    0.7931
...    38 A-T ...
  -70.8713  -42.9218   82.4570
   -0.7497   -0.2551   -0.6106
    0.3064   -0.9517    0.0213
   -0.5865   -0.1711    0.7916
...    39 C-G ...
  -73.1034  -43.1163   84.7764
   -0.4484   -0.7141   -0.5376
    0.6488   -0.6738    0.3537
   -0.6148   -0.1902    0.7654
...    40 A-T ...
  -75.2418  -43.8705   87.2830
    0.0722   -0.9596   -0.2720
    0.7812   -0.1152    0.6136
   -0.6201   -0.2568    0.7413
...    41 C-G ...
  -77.5735  -45.0117   89.3471
    0.5011   -0.8633    0.0601
    0.6173    0.4052    0.6743
   -0.6065   -0.3008    0.7360
...    42 G-C ...
  -79.2884  -45.7487   92.1261
    0.8110   -0.4237    0.4034
    0.1750    0.8336    0.5239
   -0.5583   -0.3543    0.7502
...    43 A-T ...
  -81.1285  -46.8970   94.4591
    0.7572    0.1588    0.6336
   -0.3381    0.9253    0.1721
   -0.5589   -0.3445    0.7543
...    44 C-G ...
  -82.6084  -48.5715   96.8975
    0.4782    0.6503    0.5903
   -0.7070    0.6838   -0.1804
   -0.5210   -0.3311    0.7867
...    45 T-A ...
  -83.8732  -49.9568   99.9853
   -0.0041    0.9399    0.3415
   -0.8595    0.1713   -0.4816
   -0.5111   -0.2955    0.8071
...    46 T-A ...
  -85.3059  -50.9237  102.7089
   -0.4767    0.8785    0.0307
   -0.7107   -0.3646   -0.6016
   -0.5174   -0.3086    0.7982
...    47 A-T ...
  -87.2545  -52.1465  105.2020
   -0.8256    0.4292   -0.3662
   -0.2298   -0.8486   -0.4766
   -0.5153   -0.3093    0.7992
...    48 C-G ...
  -88.9813  -52.5038  108.0520
   -0.8079   -0.0935   -0.5818
    0.2510   -0.9479   -0.1963
   -0.5331   -0.3047    0.7893
...    49 T-A ...
  -91.0672  -53.1999  110.6378
   -0.4955   -0.5714   -0.6542
    0.6409   -0.7489    0.1686
   -0.5863   -0.3357    0.7373
...    50 G-C ...
  -93.0909  -54.5413  113.0005
    0.0416   -0.8489   -0.5270
    0.7993   -0.2882    0.5273
   -0.5995   -0.4432    0.6665
...    51 T-A ...
  -95.3858  -55.9751  114.7391
    0.4789   -0.8514   -0.2142
    0.6568    0.1856    0.7309
   -0.5825   -0.4907    0.6480
...    52 A-T ...
  -97.1371  -57.7399  116.9919
    0.8311   -0.5185    0.2012
    0.2179    0.6364    0.7400
   -0.5117   -0.5711    0.6418
...    53 G-C ...
  -98.8678  -59.7090  118.9210
    0.8683   -0.0486    0.4937
   -0.2661    0.7943    0.5461
   -0.4187   -0.6056    0.6768
...    54 G-C ...
  -99.7935  -62.3735  121.1577
    0.5900    0.4620    0.6621
   -0.7317    0.6527    0.1966
   -0.3413   -0.6005    0.7231
...    55 T-A ...
 -100.3910  -64.4858  123.6057
    0.1121    0.7389    0.6645
   -0.9399    0.2959   -0.1704
   -0.3225   -0.6054    0.7276
...    56 A-T ...
 -101.1332  -66.4786  126.2619
   -0.4771    0.7774    0.4100
   -0.8215   -0.2288   -0.5223
   -0.3122   -0.5860    0.7478
...    57 T-A ...
 -101.5905  -68.1089  129.1044
   -0.8531    0.5137    0.0918
   -0.4352   -0.6032   -0.6684
   -0.2880   -0.6102    0.7381
...    58 C-G ...
 -102.6014  -69.9540  131.7678
   -0.9364    0.0113   -0.3508
    0.2110   -0.7805   -0.5884
   -0.2805   -0.6250    0.7285
...    59 T-A ...
 -103.8455  -71.8543  134.2629
   -0.6531   -0.3837   -0.6529
    0.6882   -0.6605   -0.3003
   -0.3160   -0.6454    0.6954
...    60 C-G ...
 -104.9092  -73.9936  136.6787
   -0.0985   -0.6774   -0.7290
    0.9465   -0.2900    0.1416
   -0.3073   -0.6761    0.6697
...    61 G-C ...
 -105.3628  -76.4550  138.9186
    0.4710   -0.5699   -0.6733
    0.8512    0.0932    0.5166
   -0.2317   -0.8164    0.5290
...    62 A-T ...
 -106.0376  -79.0533  140.8343
    0.8934   -0.3418   -0.2915
    0.4232    0.4228    0.8013
   -0.1507   -0.8393    0.5224
...    63 G-C ...
 -106.3767  -82.0178  142.3131
    0.9907    0.0073    0.1357
   -0.1202    0.5125    0.8502
   -0.0634   -0.8587    0.5086
...    64 C-G ...
 -106.2139  -85.1477  143.6753
    0.7351    0.3401    0.5865
   -0.6779    0.3810    0.6287
   -0.0096   -0.8597    0.5106
...    65 T-A ...
 -106.0324  -87.9982  145.3330
    0.2414    0.5097    0.8258
   -0.9693    0.0857    0.2304
    0.0467   -0.8561    0.5148
...    66 C-G ...
 -106.1657  -90.6454  147.2772
   -0.4031    0.4455    0.7994
   -0.9083   -0.3014   -0.2900
    0.1118   -0.8430    0.5261
...    67 G-C ...
 -106.8273  -93.9328  148.6219
   -0.8682    0.1805    0.4622
   -0.4805   -0.5383   -0.6923
    0.1238   -0.8232    0.5541
...    68 G-C ...
 -106.2743  -96.6560  150.6042
   -0.9895   -0.1349   -0.0514
    0.1137   -0.5092   -0.8531
    0.0889   -0.8500    0.5192
...    69 G-C ...
 -106.0019  -99.4065  152.5053
   -0.7633   -0.3163   -0.5633
    0.6458   -0.3476   -0.6798
    0.0192   -0.8826    0.4696
...    70 A-T ...
 -106.0943 -102.2734  154.2568
   -0.2152   -0.4377   -0.8730
    0.9760   -0.0664   -0.2073
    0.0327   -0.8966    0.4415
...    71 T-A ...
 -106.5999 -105.2221  155.6350
    0.3270   -0.3677   -0.8706
    0.9438    0.1740    0.2810
    0.0482   -0.9135    0.4040
...    72 C-G ...
 -106.5463 -108.3302  156.7629
    0.8168   -0.1350   -0.5609
    0.5695    0.3439    0.7466
    0.0921   -0.9293    0.3578
...    73 C-G ...
 -106.3272 -111.4095  157.8721
    0.9689    0.2084   -0.1337
    0.0551    0.3448    0.9371
    0.2414   -0.9153    0.3225
...    74 G-C ...
 -105.2908 -114.2567  159.3294
    0.7870    0.4967    0.3659
   -0.4706    0.0998    0.8767
    0.3989   -0.8622    0.3123
...    75 C-G ...
 -103.3238 -117.0071  160.1630
    0.3622    0.4676    0.8063
   -0.8205   -0.2505    0.5139
    0.4423   -0.8477    0.2930
...    76 T-A ...
 -101.2206 -119.5051  161.5433
   -0.1752    0.2064    0.9627
   -0.8335   -0.5514   -0.0335
    0.5239   -0.8083    0.2686
...    77 T-A ...
  -99.1971 -121.9274  162.4695
   -0.5944   -0.2514    0.7638
   -0.5528   -0.5621   -0.6152
    0.5840   -0.7880    0.1951
...    78 T-A ...
  -96.9940 -124.2544  163.3312
   -0.7472   -0.6135    0.2555
   -0.1060   -0.2696   -0.9571
    0.6561   -0.7422    0.1364
...    79 A-T ...
  -94.4379 -126.4399  162.8151
   -0.5506   -0.7281   -0.4083
    0.3505    0.2423   -0.9047
    0.7577   -0.6412    0.1218
...    80 A-T ...
  -92.0274 -128.5178  163.3452
   -0.2280   -0.4499   -0.8635
    0.5719    0.6558   -0.4928
    0.7880   -0.6062    0.1078
...    81 C-G ...
  -89.7281 -130.9486  163.8774
    0.1050    0.0086   -0.9944
    0.5817    0.8105    0.0685
    0.8066   -0.5857    0.0801
...    82 A-T ...
  -86.9583 -132.8769  164.0262
    0.3280    0.5537   -0.7654
    0.4193    0.6407    0.6432
    0.8466   -0.5318   -0.0220
...    83 C-G ...
  -84.2609 -134.6799  163.2693
    0.4560    0.8381   -0.2996
    0.2022    0.2303    0.9519
    0.8667   -0.4946   -0.0644
...    84 T-A ...
  -81.1514 -136.2298  162.4597
    0.3975    0.8530    0.3382
   -0.0681   -0.3401    0.9379
    0.9151   -0.3959   -0.0772
...    85 T-A ...
  -78.0885 -137.2797  161.9591
    0.3068    0.4643    0.8309
   -0.2706   -0.7944    0.5438
    0.9125   -0.3917   -0.1181
...    86 T-A ...
  -74.9984 -138.2787  161.4556
    0.1304   -0.1158    0.9847
   -0.3991   -0.9153   -0.0548
    0.9076   -0.3859   -0.1655
...    87 A-T ...
  -71.9581 -139.8539  160.5528
   -0.0799   -0.7884    0.6099
   -0.4056   -0.5332   -0.7424
    0.9105   -0.3067   -0.2772
...    88 T-A ...
  -68.7529 -140.5861  160.2754
   -0.2647   -0.9509    0.1604
   -0.3202   -0.0702   -0.9448
    0.9096   -0.3014   -0.2859
...    89 G-C ...
  -65.7493 -141.7529  159.5164
   -0.4816   -0.7639   -0.4295
   -0.0680    0.5211   -0.8508
    0.8737   -0.3805   -0.3029
...    90 C-G ...
  -63.0225 -143.3367  158.6283
   -0.4830   -0.3256   -0.8128
    0.1770    0.8728   -0.4548
    0.8575   -0.3636   -0.3640
...    91 T-A ...
  -60.1509 -144.9261  157.5571
   -0.3513    0.2611   -0.8991
    0.4148    0.9044    0.1006
    0.8394   -0.3376   -0.4260
...    92 T-A ...
  -57.5866 -146.1036  156.0629
   -0.1366    0.7463   -0.6515
    0.5572    0.6016    0.5723
    0.8191   -0.2849   -0.4980
...    93 C-G ...
  -54.8058 -146.6053  154.5081
    0.1210    0.9823   -0.1432
    0.5726    0.0487    0.8184
    0.8108   -0.1810   -0.5566
...    94 A-T ...
  -52.2994 -147.0456  152.2202
    0.2954    0.8711    0.3924
    0.5135   -0.4911    0.7037
    0.8057   -0.0064   -0.5923
...    95 T-A ...
  -49.8612 -146.6004  150.0966
    0.4725    0.4981    0.7271
    0.3156   -0.8659    0.3881
    0.8229    0.0461   -0.5664
...    96 G-C ...
  -47.0166 -146.1994  148.2591
    0.5272   -0.1458    0.8372
    0.0012   -0.9850   -0.1723
    0.8498    0.0918   -0.5191
...    97 T-A ...
  -44.0887 -145.3146  146.7227
    0.4615   -0.6782    0.5719
   -0.2957   -0.7254   -0.6216
    0.8364    0.1178   -0.5354
...    98 T-A ...
  -41.3415 -144.6649  145.1028
    0.2506   -0.9674    0.0367
   -0.5230   -0.1672   -0.8358
    0.8146    0.1902   -0.5479
...    99 A-T ...
  -38.7999 -143.6929  142.8858
   -0.1165   -0.7846   -0.6090
   -0.5982    0.5449   -0.5876
    0.7929    0.2958   -0.5328
...   100 T-A ...
  -35.8682 -143.1897  141.4899
   -0.3990   -0.3780   -0.8354
   -0.4704    0.8664   -0.1674
    0.7871    0.3261   -0.5236
...   101 A-T ...
  -33.2873 -141.6743  139.8183
   -0.6247    0.2666   -0.7340
   -0.1147    0.8984    0.4239
    0.7724    0.3490   -0.5307
...   102 A-T ...
  -30.9059 -140.6476  137.9779
   -0.6167    0.7104   -0.3391
    0.2590    0.5899    0.7649
    0.7434    0.3839   -0.5478
...   103 C-G ...
  -28.7926 -139.5301  135.5967
   -0.4026    0.9001    0.1668
    0.5640    0.1004    0.8197
    0.7210    0.4241   -0.5480
...   104 G-C ...
  -26.3513 -137.8038  134.2336
   -0.1095    0.7369    0.6671
    0.7411   -0.3868    0.5489
    0.6625    0.5544   -0.5038
...   105 G-C ...
  -24.2919 -135.4854  133.0750
    0.2330    0.3444    0.9095
    0.7412   -0.6683    0.0632
    0.6296    0.6594   -0.4109
...   106 A-T ...
  -22.3849 -133.0436  131.7630
    0.6417   -0.1379    0.7545
    0.4522   -0.7266   -0.5173
    0.6195    0.6731   -0.4039
...   107 T-A ...
  -20.5169 -130.4445  130.9081
    0.7804   -0.5099    0.3621
    0.0437   -0.5331   -0.8449
    0.6238    0.6751   -0.3938
...   108 C-G ...
  -18.3253 -128.0756  129.8632
    0.6495   -0.7173   -0.2523
   -0.4562   -0.1022   -0.8840
    0.6083    0.6893   -0.3935
...   109 C-G ...
  -16.2730 -125.7841  128.6540
    0.2384   -0.7151   -0.6571
   -0.7344    0.3100   -0.6038
    0.6355    0.6265   -0.4513
...   110 G-C ...
  -14.6348 -123.5931  127.1276
   -0.2512   -0.4931   -0.8329
   -0.7489    0.6442   -0.1554
    0.6132    0.5848   -0.5311
...   111 G-C ...
  -12.5781 -121.8163  125.1652
   -0.6791   -0.0801   -0.7296
   -0.4704    0.8106    0.3489
    0.5635    0.5801   -0.5882
...   112 C-G ...
  -10.7116 -120.3080  122.8329
   -0.8547    0.3618   -0.3723
   -0.0028    0.7139    0.7002
    0.5191    0.5996   -0.6092
...   113 T-A ...
   -9.1167 -118.3921  120.6258
   -0.7541    0.6479    0.1070
    0.4700    0.4186    0.7771
    0.4587    0.6363   -0.6202
...   114 C-G ...
   -7.6882 -116.0809  118.7347
   -0.3447    0.7445    0.5717
    0.8489   -0.0127    0.5284
    0.4006    0.6675   -0.6277
...   115 G-C ...
   -5.9386 -113.8396  116.9673
    0.2035    0.5362    0.8192
    0.9035   -0.4253    0.0539
    0.3773    0.7292   -0.5709
...   116 T-A ...
   -5.1665 -110.8876  115.5161
    0.6514    0.1829    0.7364
    0.6476   -0.6398   -0.4139
    0.3954    0.7465   -0.5351
...   117 A-T ...
   -3.9386 -108.0571  114.0473
    0.8927   -0.2711    0.3599
    0.1364   -0.5987   -0.7893
    0.4295    0.7537   -0.4975
...   118 T-A ...
   -2.5279 -105.2509  113.0577
    0.8414   -0.5275   -0.1174
   -0.3522   -0.3705   -0.8595
    0.4099    0.7645   -0.4975
...   119 A-T ...
   -1.4267 -102.5789  111.1404
    0.4008   -0.6056   -0.6875
   -0.8334    0.0708   -0.5482
    0.3806    0.7926   -0.4763
...   120 A-T ...
    0.0895 -100.0628  109.7357
   -0.1623   -0.4585   -0.8737
   -0.9125    0.4068   -0.0440
    0.3756    0.7901   -0.4844
...   121 T-A ...
    1.8557  -97.8012  108.0274
   -0.6229   -0.1668   -0.7643
   -0.6861    0.5859    0.4313
    0.3758    0.7930   -0.4794
...   122 G-C ...
    3.1101  -95.0767  106.2816
   -0.9405    0.1668   -0.2961
   -0.1523    0.5720    0.8060
    0.3038    0.8031   -0.5126
...   123 T-A ...
    3.9709  -92.6809  104.1916
   -0.8856    0.4285    0.1791
    0.3638    0.4005    0.8410
    0.2887    0.8099   -0.5106
...   124 G-C ...
    4.8366  -89.8945  102.4832
   -0.5067    0.5280    0.6815
    0.8317    0.0915    0.5476
    0.2268    0.8443   -0.4856
...   125 T-A ...
    5.0906  -87.1809  100.7664
    0.0047    0.4585    0.8887
    0.9764   -0.1939    0.0949
    0.2158    0.8673   -0.4486
...   126 C-G ...
    5.7309  -84.3520   99.4425
    0.5888    0.2566    0.7665
    0.7827   -0.4176   -0.4614
    0.2017    0.8716   -0.4467
...   127 G-C ...
    6.8938  -81.7114   97.7250
    0.8906   -0.1302    0.4357
    0.3362   -0.4567   -0.8236
    0.3062    0.8801   -0.3630
...   128 A-T ...
    7.7623  -78.8645   96.5846
    0.9137   -0.3810   -0.1413
   -0.2673   -0.3016   -0.9152
    0.3061    0.8740   -0.3774
...   129 C-G ...
    9.0796  -75.8688   96.0721
    0.6106   -0.5202   -0.5971
   -0.7155   -0.0392   -0.6976
    0.3395    0.8531   -0.3962
...   130 C-G ...
   10.7314  -73.1833   94.7594
    0.0878   -0.5423   -0.8356
   -0.9176    0.2825   -0.2797
    0.3877    0.7913   -0.4728
...   131 A-T ...
   11.2427  -70.2128   93.1217
   -0.5132   -0.3175   -0.7974
   -0.7761    0.5683    0.2732
    0.3664    0.7591   -0.5380
...   132 A-T ...
   12.4690  -67.8352   91.2123
   -0.8723    0.0758   -0.4830
   -0.3216    0.6552    0.6836
    0.3683    0.7517   -0.5471
...   133 A-T ...
   13.7423  -65.6304   89.1359
   -0.8733    0.4871   -0.0027
    0.2605    0.4716    0.8425
    0.4117    0.7350   -0.5387
...   134 T-A ...
   14.7384  -63.4259   86.8199
   -0.5923    0.6747    0.4404
    0.6886    0.1401    0.7115
    0.4183    0.7247   -0.5475
...   135 G-C ...
   15.7316  -61.4928   83.9330
    0.0341    0.7400    0.6717
    0.8636   -0.3601    0.3528
    0.5030    0.5681   -0.6514
...   136 T-A ...
   15.7848  -59.5604   80.7992
    0.5517    0.4998    0.6677
    0.6739   -0.7388   -0.0038
    0.4915    0.4520   -0.7444
...   137 G-C ...
   16.8385  -57.7219   78.2675
    0.8528   -0.0848    0.5153
    0.1507   -0.9048   -0.3983
    0.5000    0.4173   -0.7588
...   138 A-T ...
   18.4282  -55.5287   76.5298
    0.8547   -0.5006    0.1371
   -0.3188   -0.7148   -0.6224
    0.4096    0.4883   -0.7706
...   139 G-C ...
   20.4259  -54.3093   74.5419
    0.5847   -0.7389   -0.3347
   -0.7593   -0.3533   -0.5465
    0.2856    0.5737   -0.7676
...   140 C-G ...
   21.4269  -51.8266   72.7875
    0.1304   -0.7144   -0.6875
   -0.8897    0.2216   -0.3991
    0.4375    0.6637   -0.6067
...   141 G-C ...
   22.1521  -50.1495   67.4639
   -0.4682   -0.8748    0.1248
   -0.8494    0.4066   -0.3364
    0.2435   -0.2635   -0.9334
...   142 C-G ...
   22.3488  -51.2414   64.4933
   -0.8528   -0.5119   -0.1032
   -0.4975    0.8565   -0.1374
    0.1587   -0.0659   -0.9851
...   143 T-A ...
   24.0165  -51.6379   61.9247
   -0.9562    0.0401   -0.2898
    0.0524    0.9980   -0.0348
    0.2878   -0.0485   -0.9565
...   144 C-G ...
   24.8957  -52.7396   58.9872
   -0.7529    0.5560   -0.3520
    0.5214    0.8304    0.1965
    0.4016   -0.0356   -0.9151
...   145 A-T ...
   25.5275  -52.9803   55.8052
   -0.2442    0.9563   -0.1610
    0.8906    0.2869    0.3528
    0.3836   -0.0573   -0.9217
...   146 C-G ...
   25.2777  -52.5123   52.0795
    0.3204    0.9427   -0.0929
    0.8825   -0.2614    0.3909
    0.3443   -0.2072   -0.9157
...   147 A-T ...
   25.6238  -52.5940   48.6395
    0.8597    0.5097    0.0339
    0.4496   -0.7865    0.4233
    0.2424   -0.3487   -0.9053
