  147 base-pairs
...     1 T-A ...
    0.0000    0.0000    0.0000
    1.0000    0.0000    0.0000
    0.0000    1.0000    0.0000
    0.0000    0.0000    1.0000
...     2 G-C ...
   -0.5555   -1.1003    3.3981
    0.7749    0.6051    0.1828
   -0.5991    0.7953   -0.0929
   -0.2016   -0.0375    0.9787
...     3 T-A ...
   -0.6619   -3.0237    6.5348
    0.3046    0.9250    0.2271
   -0.8994    0.3578   -0.2510
   -0.3134   -0.1278    0.9410
...     4 G-C ...
   -1.1607   -3.8418    9.6940
   -0.3351    0.9421    0.0133
   -0.8752   -0.3061   -0.3746
   -0.3489   -0.1372    0.9271
...     5 A-T ...
   -1.3881   -3.6770   12.8999
   -0.7835    0.6162   -0.0801
   -0.5677   -0.7622   -0.3109
   -0.2527   -0.1981    0.9470
...     6 G-C ...
   -2.6236   -3.5448   15.7072
   -0.9923    0.0611   -0.1075
   -0.0294   -0.9610   -0.2748
   -0.1201   -0.2695    0.9555
...     7 C-G ...
   -2.3138   -3.7570   18.8866
   -0.8620   -0.4995   -0.0864
    0.5008   -0.8655    0.0073
   -0.0785   -0.0370    0.9962
...     8 G-C ...
   -3.9561   -6.8109   23.3205
   -0.2581   -0.3560   -0.8981
    0.6294   -0.7673    0.1233
   -0.7330   -0.5335    0.4221
...     9 C-G ...
   -6.1177   -8.9414   24.2385
    0.1143   -0.7320   -0.6716
    0.8123   -0.3203    0.4874
   -0.5720   -0.6013    0.5580
...    10 T-A ...
   -8.5041   -9.6771   26.0540
    0.4660   -0.8587   -0.2131
    0.6274    0.1508    0.7640
   -0.6239   -0.4897    0.6090
...    11 C-G ...
  -11.0625  -11.3174   27.2336
    0.6660   -0.6911    0.2808
    0.3382    0.6152    0.7121
   -0.6649   -0.3794    0.6435
...    12 A-T ...
  -13.0013  -13.1789   29.0658
    0.7188   -0.1490    0.6790
   -0.1787    0.9043    0.3876
   -0.6718   -0.4000    0.6235
...    13 C-G ...
  -14.1788  -15.9359   31.3399
    0.4052    0.2865    0.8682
   -0.5270    0.8492   -0.0343
   -0.7470   -0.4437    0.4951
...    14 A-T ...
  -15.9532  -18.1566   33.3080
   -0.1503    0.6873    0.7107
   -0.6106    0.5008   -0.6135
   -0.7776   -0.5261    0.3444
...    15 A-T ...
  -18.3922  -19.8476   34.6186
   -0.4590    0.8642    0.2063
   -0.4135   -0.0022   -0.9105
   -0.7864   -0.5032    0.3583
...    16 T-A ...
  -20.7701  -21.2599   36.4025
   -0.5949    0.7445   -0.3030
   -0.1224   -0.4564   -0.8813
   -0.7944   -0.4872    0.3626
...    17 T-A ...
  -23.3815  -22.6529   37.7545
   -0.5531    0.3299   -0.7650
    0.2425   -0.8147   -0.5267
   -0.7970   -0.4769    0.3706
...    18 T-A ...
  -26.0759  -23.9542   39.0522
   -0.3178   -0.2316   -0.9194
    0.5186   -0.8543    0.0359
   -0.7937   -0.4654    0.3916
...    19 A-T ...
  -28.4354  -25.8773   40.6429
    0.0733   -0.7702   -0.6336
    0.6028   -0.4719    0.6434
   -0.7945   -0.4291    0.4297
...    20 T-A ...
  -31.4205  -27.0502   41.5180
    0.3621   -0.9135   -0.1857
    0.4770    0.0104    0.8788
   -0.8008   -0.4068    0.4395
...    21 T-A ...
  -34.1674  -28.3542   42.7120
    0.5475   -0.7375    0.3954
    0.1773    0.5640    0.8065
   -0.8178   -0.3715    0.4395
...    22 C-G ...
  -36.8975  -29.6076   44.1140
    0.5557   -0.2266    0.7999
   -0.1906    0.9018    0.3879
   -0.8092   -0.3680    0.4579
...    23 G-C ...
  -39.7685  -30.3896   45.7700
    0.4211    0.3820    0.8226
   -0.4849    0.8613   -0.1517
   -0.7665   -0.3350    0.5479
...    24 C-G ...
  -42.0452  -31.7707   47.7838
    0.1126    0.8170    0.5655
   -0.6409    0.4946   -0.5870
   -0.7593   -0.2963    0.5794
...    25 A-T ...
  -44.7647  -32.5795   49.5959
   -0.2086    0.9769    0.0462
   -0.6051   -0.0919   -0.7908
   -0.7683   -0.1929    0.6103
...    26 A-T ...
  -47.1589  -33.0646   51.7404
   -0.5166    0.7387   -0.4329
   -0.3722   -0.6491   -0.6635
   -0.7711   -0.1816    0.6103
...    27 A-T ...
  -49.6379  -33.4180   53.8181
   -0.6359    0.2154   -0.7411
   -0.0029   -0.9609   -0.2768
   -0.7718   -0.1739    0.6116
...    28 G-C ...
  -52.3246  -33.6684   55.8008
   -0.4875   -0.3424   -0.8032
    0.3325   -0.9234    0.1919
   -0.8074   -0.1735    0.5640
...    29 G-C ...
  -55.2615  -34.0831   57.4718
   -0.1554   -0.7927   -0.5894
    0.5267   -0.5713    0.6294
   -0.8357   -0.2126    0.5063
...    30 C-G ...
  -58.2822  -34.6902   58.7995
    0.1987   -0.9695   -0.1438
    0.5116   -0.0225    0.8589
   -0.8359   -0.2443    0.4915
...    31 C-G ...
  -61.1967  -35.6655   60.2421
    0.5116   -0.7901    0.3376
    0.2903    0.5287    0.7976
   -0.8087   -0.3101    0.4998
...    32 G-C ...
  -63.8077  -36.4296   62.2855
    0.6571   -0.2979    0.6924
   -0.0822    0.8848    0.4586
   -0.7493   -0.3583    0.5569
...    33 G-C ...
  -66.2285  -37.8495   64.1784
    0.5496    0.2857    0.7851
   -0.4526    0.8917   -0.0076
   -0.7022   -0.3512    0.6194
...    34 C-G ...
  -68.2733  -39.3011   66.3883
    0.2258    0.7539    0.6170
   -0.6913    0.5702   -0.4437
   -0.6863   -0.3263    0.6500
...    35 C-G ...
  -70.3909  -40.3222   68.8295
   -0.1530    0.9667    0.2050
   -0.7157    0.0346   -0.6975
   -0.6814   -0.2534    0.6866
...    36 C-G ...
  -72.5735  -40.9227   71.3597
   -0.4784    0.8327   -0.2787
   -0.5220   -0.5249   -0.6722
   -0.7061   -0.1761    0.6858
...    37 G-C ...
  -75.2033  -41.6676   73.3770
   -0.6190    0.3848   -0.6847
   -0.1685   -0.9165   -0.3628
   -0.7671   -0.1092    0.6321
...    38 A-T ...
  -77.7591  -41.9221   75.4587
   -0.5716   -0.2496   -0.7817
    0.2375   -0.9622    0.1336
   -0.7854   -0.1093    0.6092
...    39 C-G ...
  -80.5942  -41.7285   77.2140
   -0.3287   -0.7296   -0.5997
    0.5023   -0.6728    0.5432
   -0.7998   -0.1227    0.5876
...    40 A-T ...
  -83.1640  -42.2930   79.3116
    0.1087   -0.9710   -0.2129
    0.5773   -0.1127    0.8087
   -0.8093   -0.2108    0.5483
...    41 C-G ...
  -86.1465  -43.0914   80.5636
    0.4289   -0.8697    0.2443
    0.4151    0.4300    0.8018
   -0.8023   -0.2425    0.5454
...    42 G-C ...
  -88.6435  -43.7731   82.7680
    0.6704   -0.4274    0.6065
    0.0567    0.8446    0.5324
   -0.7398   -0.3225    0.5905
...    43 A-T ...
  -91.0333  -44.9237   84.7381
    0.5843    0.1854    0.7900
   -0.3762    0.9245    0.0613
   -0.7190   -0.3330    0.6100
...    44 C-G ...
  -93.0261  -46.5289   86.8852
    0.2969    0.6661    0.6842
   -0.6455    0.6680   -0.3702
   -0.7036   -0.3317    0.6284
...    45 T-A ...
  -95.1297  -47.6492   89.2336
   -0.0857    0.9380    0.3358
   -0.7200    0.1747   -0.6717
   -0.6887   -0.2993    0.6604
...    46 T-A ...
  -97.1832  -48.6311   91.5733
   -0.5198    0.8468   -0.1126
   -0.5201   -0.4183   -0.7447
   -0.6777   -0.3285    0.6578
...    47 A-T ...
  -99.6050  -50.1385   93.4679
   -0.7557    0.3411   -0.5591
   -0.0289   -0.8702   -0.4919
   -0.6543   -0.3555    0.6674
...    48 C-G ...
 -101.8850  -50.7085   95.8570
   -0.6355   -0.1836   -0.7499
    0.3896   -0.9149   -0.1061
   -0.6666   -0.3596    0.6529
...    49 T-A ...
 -104.3269  -51.6843   97.9294
   -0.2728   -0.6364   -0.7215
    0.6707   -0.6635    0.3316
   -0.6897   -0.3935    0.6078
...    50 G-C ...
 -106.5110  -53.2166   99.9804
    0.2486   -0.8567   -0.4519
    0.6897   -0.1709    0.7036
   -0.6800   -0.4866    0.5484
...    51 T-A ...
 -109.0772  -54.8884  101.2511
    0.6122   -0.7902   -0.0270
    0.4436    0.3150    0.8391
   -0.6546   -0.5257    0.5433
...    52 A-T ...
 -111.1506  -56.6132  103.2732
    0.8007   -0.3860    0.4582
   -0.0500    0.7191    0.6931
   -0.5970   -0.5779    0.5565
...    53 G-C ...
 -112.9636  -58.7907  105.0260
    0.6793    0.1134    0.7251
   -0.5010    0.7937    0.3452
   -0.5363   -0.5977    0.5959
...    54 G-C ...
 -114.4192  -60.9187  107.2245
    0.3094    0.5847    0.7499
   -0.8235    0.5591   -0.0961
   -0.4754   -0.5878    0.6545
...    55 T-A ...
 -115.4108  -63.0199  109.6358
   -0.1909    0.8001    0.5686
   -0.8651    0.1366   -0.4827
   -0.4639   -0.5840    0.6661
...    56 A-T ...
 -117.4829  -65.1861  111.3859
   -0.7725    0.6205    0.1348
   -0.4845   -0.4389   -0.7567
   -0.4104   -0.6499    0.6397
...    57 T-A ...
 -118.6130  -66.9103  114.0021
   -0.9243    0.2715   -0.2681
    0.0052   -0.6937   -0.7202
   -0.3815   -0.6671    0.6398
...    58 C-G ...
 -119.8595  -69.0620  116.2071
   -0.7206   -0.2102   -0.6607
    0.5823   -0.7008   -0.4121
   -0.3764   -0.6817    0.6274
...    59 T-A ...
 -121.3695  -71.1837  118.3158
   -0.2547   -0.5237   -0.8129
    0.8876   -0.4603    0.0185
   -0.3839   -0.7168    0.5821
...    60 C-G ...
 -122.6897  -73.5003  120.2647
    0.3541   -0.6559   -0.6666
    0.8653   -0.0407    0.4996
   -0.3548   -0.7538    0.5531
...    61 G-C ...
 -123.5720  -76.0590  122.3125
    0.8297   -0.4367   -0.3478
    0.5057    0.3239    0.7996
   -0.2365   -0.8393    0.4896
...    62 A-T ...
 -124.2625  -78.8726  123.8437
    0.9814   -0.0994    0.1644
   -0.0938    0.4986    0.8617
   -0.1676   -0.8611    0.4800
...    63 G-C ...
 -124.5586  -81.8701  125.2440
    0.7819    0.2608    0.5663
   -0.6188    0.4350    0.6541
   -0.0757   -0.8618    0.5015
...    64 C-G ...
 -124.2500  -84.7759  126.8571
    0.2995    0.4924    0.8172
   -0.9539    0.1702    0.2471
   -0.0174   -0.8535    0.5207
...    65 T-A ...
 -123.9410  -87.5197  128.7409
   -0.2854    0.5263    0.8009
   -0.9580   -0.1799   -0.2232
    0.0266   -0.8310    0.5556
...    66 C-G ...
 -123.8150  -90.1758  130.7332
   -0.8183    0.2825    0.5007
   -0.5723   -0.4823   -0.6632
    0.0541   -0.8292    0.5563
...    67 G-C ...
 -123.8428  -93.2278  132.2237
   -0.9990   -0.0412   -0.0188
    0.0387   -0.5621   -0.8262
    0.0235   -0.8260    0.5631
...    68 G-C ...
 -123.7139  -95.9073  134.3304
   -0.7929   -0.3193   -0.5190
    0.6094   -0.4158   -0.6751
   -0.0002   -0.8516    0.5242
...    69 G-C ...
 -123.7542  -98.6617  136.3393
   -0.3041   -0.4312   -0.8495
    0.9526   -0.1303   -0.2749
    0.0078   -0.8928    0.4504
...    70 T-A ...
 -124.3303 -101.5759  137.8326
    0.2547   -0.3878   -0.8858
    0.9661    0.1413    0.2160
    0.0414   -0.9108    0.4107
...    71 C-G ...
 -124.2320 -104.5720  139.1693
    0.7732   -0.1530   -0.6154
    0.6252    0.3465    0.6993
    0.1062   -0.9255    0.3636
...    72 A-T ...
 -123.6763 -107.6660  140.3940
    0.9615    0.2201   -0.1646
    0.0862    0.3272    0.9410
    0.2610   -0.9190    0.2956
...    73 T-A ...
 -122.6551 -110.7486  140.7071
    0.8603    0.3926    0.3251
   -0.4082    0.1487    0.9007
    0.3053   -0.9076    0.2882
...    74 G-C ...
 -121.4452 -113.5912  142.0472
    0.4192    0.4945    0.7614
   -0.8060   -0.1835    0.5628
    0.4180   -0.8496    0.3216
...    75 T-A ...
 -119.4583 -116.0904  143.0063
   -0.0933    0.3215    0.9423
   -0.8884   -0.4542    0.0670
    0.4495   -0.8309    0.3280
...    76 T-A ...
 -117.6915 -118.6233  144.0902
   -0.5774   -0.0790    0.8127
   -0.6491   -0.5594   -0.5155
    0.4953   -0.8251    0.2717
...    77 A-T ...
 -116.1720 -121.8096  144.1031
   -0.7755   -0.5866    0.2333
   -0.0721   -0.2848   -0.9559
    0.6272   -0.7581    0.1786
...    78 T-A ...
 -114.1446 -124.1475  145.3665
   -0.6637   -0.6829   -0.3052
    0.3366    0.0917   -0.9372
    0.6680   -0.7247    0.1690
...    79 A-T ...
 -111.3619 -126.1749  145.5423
   -0.2219   -0.4740   -0.8521
    0.6512    0.5784   -0.4913
    0.7257   -0.6639    0.1803
...    80 A-T ...
 -109.1243 -128.4340  146.2040
    0.1922   -0.0313   -0.9809
    0.6357    0.7654    0.1001
    0.7476   -0.6428    0.1670
...    81 C-G ...
 -107.0339 -130.9482  146.5211
    0.4517    0.4269   -0.7834
    0.4320    0.6636    0.6107
    0.7806   -0.6143    0.1153
...    82 G-C ...
 -104.1773 -132.7107  147.0087
    0.4640    0.8268   -0.3181
    0.1381    0.2871    0.9479
    0.8750   -0.4838    0.0190
...    83 G-C ...
 -101.0706 -133.9905  146.6921
    0.3499    0.9007    0.2575
   -0.0839   -0.2436    0.9662
    0.9330   -0.3597   -0.0097
...    84 A-T ...
  -97.8931 -134.8743  146.6941
    0.1853    0.5860    0.7889
   -0.2238   -0.7565    0.6145
    0.9569   -0.2904   -0.0091
...    85 A-T ...
  -94.7019 -135.5214  146.6241
    0.0378    0.0155    0.9992
   -0.2633   -0.9644    0.0249
    0.9640   -0.2641   -0.0323
...    86 T-A ...
  -91.3765 -135.6931  146.6713
   -0.0704   -0.5090    0.8579
   -0.2352   -0.8273   -0.5102
    0.9694   -0.2377   -0.0614
...    87 C-G ...
  -88.1288 -136.4199  146.5974
   -0.1686   -0.9216    0.3497
   -0.1368   -0.3295   -0.9342
    0.9762   -0.2053   -0.0705
...    88 C-G ...
  -84.7825 -137.0565  146.5803
   -0.2440   -0.9359   -0.2540
   -0.0228    0.2674   -0.9633
    0.9695   -0.2293   -0.0866
...    89 G-C ...
  -81.4606 -137.3234  145.9094
   -0.2820   -0.5777   -0.7660
    0.0809    0.7812   -0.6190
    0.9560   -0.2365   -0.1735
...    90 C-G ...
  -78.3044 -138.3794  145.6155
   -0.2408   -0.0281   -0.9702
    0.1938    0.9780   -0.0765
    0.9510   -0.2065   -0.2300
...    91 T-A ...
  -75.2451 -139.2652  144.6925
   -0.1912    0.5204   -0.8322
    0.2880    0.8403    0.4593
    0.9383   -0.1519   -0.3106
...    92 T-A ...
  -72.2826 -139.7950  143.5314
   -0.0572    0.9135   -0.4027
    0.3514    0.3960    0.8484
    0.9345   -0.0930   -0.3437
...    93 T-A ...
  -69.3369 -139.9932  142.2320
    0.0931    0.9809    0.1708
    0.3447   -0.1927    0.9187
    0.9341   -0.0266   -0.3561
...    94 A-T ...
  -66.1911 -139.7318  141.1082
    0.1695    0.6784    0.7149
    0.2908   -0.7275    0.6214
    0.9417    0.1025   -0.3206
...    95 A-T ...
  -63.1912 -139.0940  140.0318
    0.3134    0.1265    0.9411
    0.1644   -0.9834    0.0774
    0.9353    0.1304   -0.3290
...    96 C-G ...
  -60.1435 -137.9794  139.1510
    0.3536   -0.4283    0.8316
   -0.0038   -0.8897   -0.4566
    0.9354    0.1583   -0.3162
...    97 A-T ...
  -57.0510 -137.7025  137.9257
    0.2552   -0.8847    0.3902
   -0.1935   -0.4421   -0.8758
    0.9473    0.1480   -0.2841
...    98 C-G ...
  -53.7566 -137.0436  137.5848
    0.1187   -0.9800   -0.1595
   -0.3075    0.1165   -0.9444
    0.9441    0.1611   -0.2875
...    99 T-A ...
  -50.5157 -136.6179  136.8580
   -0.0983   -0.7538   -0.6497
   -0.3344    0.6399   -0.6919
    0.9373    0.1493   -0.3149
...   100 T-A ...
  -47.3907 -136.2549  136.0185
   -0.2674   -0.2281   -0.9362
   -0.2392    0.9569   -0.1648
    0.9334    0.1799   -0.3104
...   101 T-A ...
  -44.3335 -135.8448  135.0161
   -0.3792    0.3678   -0.8491
   -0.0536    0.9073    0.4170
    0.9238    0.2036   -0.3243
...   102 A-T ...
  -41.3041 -134.9762  133.8775
   -0.4430    0.8066   -0.3914
    0.2033    0.5156    0.8323
    0.8732    0.2892   -0.3924
...   103 T-A ...
  -38.7444 -134.1658  132.0086
   -0.3063    0.9465    0.1010
    0.4099    0.0354    0.9114
    0.8591    0.3206   -0.3989
...   104 G-C ...
  -35.8901 -132.7586  130.9106
   -0.1130    0.7467    0.6555
    0.5625   -0.4958    0.6617
    0.8190    0.4435   -0.3640
...   105 C-G ...
  -33.4752 -130.8006  129.6875
    0.1874    0.3219    0.9281
    0.5646   -0.8084    0.1664
    0.8038    0.4928   -0.3332
...   106 T-A ...
  -30.9486 -128.8103  128.7709
    0.4379   -0.1979    0.8769
    0.4048   -0.8276   -0.3889
    0.8027    0.5253   -0.2823
...   107 T-A ...
  -28.4592 -126.8395  127.9977
    0.6297   -0.6283    0.4568
    0.0607   -0.5465   -0.8353
    0.7744    0.5537   -0.3060
...   108 C-G ...
  -25.8781 -124.9634  127.0884
    0.5369   -0.8291   -0.1561
   -0.3413   -0.0442   -0.9389
    0.7715    0.5574   -0.3067
...   109 C-G ...
  -23.1572 -123.1024  126.2675
    0.2014   -0.7377   -0.6444
   -0.5865    0.4361   -0.6825
    0.7845    0.5154   -0.3448
...   110 G-C ...
  -20.8464 -121.0186  124.9146
   -0.2540   -0.3940   -0.8833
   -0.6024    0.7789   -0.1742
    0.7567    0.4878   -0.4352
...   111 G-C ...
  -18.1909 -119.5392  123.4441
   -0.6159    0.0645   -0.7852
   -0.3582    0.8647    0.3521
    0.7017    0.4981   -0.5094
...   112 C-G ...
  -15.8457 -118.2344  121.4901
   -0.7526    0.5022   -0.4258
    0.0470    0.6860    0.7261
    0.6568    0.5264   -0.5399
...   113 T-A ...
  -13.9018 -116.5264  119.4111
   -0.6593    0.7478    0.0784
    0.4644    0.3229    0.8247
    0.5914    0.5801   -0.5601
...   114 C-G ...
  -12.1220 -114.4923  117.5479
   -0.2783    0.7657    0.5799
    0.7816   -0.1703    0.6000
    0.5582    0.6203   -0.5511
...   115 G-C ...
  -10.0324 -112.2784  116.0707
    0.1622    0.4606    0.8727
    0.8355   -0.5346    0.1269
    0.5250    0.7086   -0.4716
...   116 T-A ...
   -8.7855 -109.5078  114.6855
    0.5772    0.0842    0.8123
    0.6231   -0.6883   -0.3715
    0.5278    0.7206   -0.4497
...   117 A-T ...
   -6.8740 -107.3307  112.9110
    0.8553   -0.3675    0.3653
    0.0987   -0.5765   -0.8111
    0.5087    0.7298   -0.4568
...   118 T-A ...
   -5.1700 -104.6243  112.0335
    0.7889   -0.6027   -0.1204
   -0.3653   -0.3023   -0.8805
    0.4942    0.7385   -0.4586
...   119 A-T ...
   -3.8790 -102.1027  110.1401
    0.3676   -0.6387   -0.6760
   -0.7997    0.1540   -0.5803
    0.4748    0.7539   -0.4542
...   120 A-T ...
   -2.1352  -99.7170  108.7751
   -0.1687   -0.4172   -0.8930
   -0.8681    0.4920   -0.0659
    0.4669    0.7641   -0.4451
...   121 T-A ...
   -0.0986  -97.6362  107.2275
   -0.5958   -0.1036   -0.7964
   -0.6563    0.6343    0.4085
    0.4629    0.7661   -0.4459
...   122 G-C ...
    1.1562  -94.8813  105.7769
   -0.9087    0.2152   -0.3576
   -0.1684    0.5951    0.7858
    0.3819    0.7743   -0.5045
...   123 T-A ...
    2.2475  -92.6386  103.5848
   -0.8690    0.4751    0.1383
    0.3496    0.3916    0.8512
    0.3502    0.7880   -0.5063
...   124 G-C ...
    3.3466  -89.8004  102.1682
   -0.5251    0.5406    0.6573
    0.8055    0.0665    0.5888
    0.2746    0.8387   -0.4704
...   125 T-A ...
    3.6201  -86.9480  100.4614
   -0.0142    0.4691    0.8830
    0.9638   -0.2289    0.1371
    0.2664    0.8530   -0.4488
...   126 C-G ...
    4.4093  -84.0562   99.0759
    0.5660    0.2158    0.7956
    0.7789   -0.4562   -0.4304
    0.2701    0.8633   -0.4263
...   127 G-C ...
    5.6344  -81.3208   97.5052
    0.8827   -0.1711    0.4377
    0.3161   -0.4732   -0.8223
    0.3478    0.8642   -0.3636
...   128 A-T ...
    6.7625  -78.4244   96.3977
    0.8842   -0.4463   -0.1380
   -0.2806   -0.2711   -0.9207
    0.3735    0.8528   -0.3650
...   129 C-G ...
    8.3059  -75.5465   95.7505
    0.5822   -0.5468   -0.6017
   -0.7098    0.0190   -0.7041
    0.3965    0.8370   -0.3771
...   130 C-G ...
    9.9175  -72.8267   94.5446
    0.0499   -0.5128   -0.8570
   -0.9047    0.3403   -0.2563
    0.4231    0.7882   -0.4470
...   131 A-T ...
   11.0784  -70.1032   92.9620
   -0.5311   -0.2880   -0.7968
   -0.7476    0.6020    0.2807
    0.3988    0.7448   -0.5350
...   132 A-T ...
   12.4795  -67.8493   91.0856
   -0.8678    0.1207   -0.4821
   -0.2922    0.6607    0.6914
    0.4020    0.7409   -0.5380
...   133 A-T ...
   13.7591  -65.5873   89.1271
   -0.8686    0.4955    0.0100
    0.2757    0.4662    0.8406
    0.4118    0.7329   -0.5415
...   134 T-A ...
   14.7384  -63.4258   86.8199
   -0.5923    0.6747    0.4404
    0.6886    0.1401    0.7115
    0.4183    0.7247   -0.5475
...   135 G-C ...
   15.7317  -61.4928   83.9330
    0.0341    0.7400    0.6717
    0.8636   -0.3601    0.3528
    0.5030    0.5681   -0.6514
...   136 T-A ...
   15.7848  -59.5604   80.7992
    0.5517    0.4998    0.6677
    0.6739   -0.7388   -0.0038
    0.4915    0.4520   -0.7444
...   137 G-C ...
   16.8385  -57.7219   78.2676
    0.8528   -0.0848    0.5153
    0.1507   -0.9048   -0.3983
    0.5000    0.4173   -0.7588
...   138 A-T ...
   18.4282  -55.5286   76.5299
    0.8547   -0.5006    0.1371
   -0.3188   -0.7148   -0.6224
    0.4096    0.4883   -0.7706
...   139 G-C ...
   20.4259  -54.3093   74.5420
    0.5847   -0.7389   -0.3347
   -0.7593   -0.3533   -0.5465
    0.2856    0.5737   -0.7676
...   140 C-G ...
   21.4270  -51.8266   72.7876
    0.1304   -0.7144   -0.6875
   -0.8897    0.2216   -0.3991
    0.4375    0.6637   -0.6067
...   141 G-C ...
   22.1521  -50.1494   67.4640
   -0.4682   -0.8748    0.1248
   -0.8494    0.4066   -0.3364
    0.2435   -0.2635   -0.9334
...   142 C-G ...
   22.3489  -51.2413   64.4933
   -0.8528   -0.5119   -0.1032
   -0.4975    0.8565   -0.1374
    0.1587   -0.0659   -0.9851
...   143 T-A ...
   24.0166  -51.6378   61.9248
   -0.9562    0.0401   -0.2898
    0.0524    0.9980   -0.0348
    0.2878   -0.0485   -0.9564
...   144 C-G ...
   24.8958  -52.7395   58.9873
   -0.7529    0.5560   -0.3520
    0.5214    0.8304    0.1965
    0.4016   -0.0356   -0.9151
...   145 A-T ...
   25.5276  -52.9803   55.8053
   -0.2442    0.9563   -0.1610
    0.8906    0.2869    0.3528
    0.3836   -0.0573   -0.9217
...   146 C-G ...
   25.2778  -52.5122   52.0796
    0.3204    0.9427   -0.0929
    0.8825   -0.2614    0.3909
    0.3443   -0.2072   -0.9157
...   147 A-T ...
   25.6239  -52.5939   48.6396
    0.8597    0.5097    0.0339
    0.4496   -0.7865    0.4233
    0.2424   -0.3487   -0.9053
