  147 base-pairs
...     1 T-A ...
    0.0000    0.0000    0.0000
    1.0000    0.0000    0.0000
    0.0000    1.0000    0.0000
    0.0000    0.0000    1.0000
...     2 G-C ...
   -0.5555   -1.1003    3.3981
    0.7749    0.6051    0.1828
   -0.5991    0.7953   -0.0929
   -0.2016   -0.0375    0.9787
...     3 T-A ...
   -0.6619   -3.0237    6.5348
    0.3046    0.9250    0.2271
   -0.8994    0.3578   -0.2510
   -0.3134   -0.1278    0.9410
...     4 G-C ...
   -1.1607   -3.8418    9.6940
   -0.3351    0.9421    0.0133
   -0.8752   -0.3061   -0.3746
   -0.3489   -0.1372    0.9271
...     5 A-T ...
   -1.3881   -3.6770   12.8999
   -0.7835    0.6162   -0.0801
   -0.5677   -0.7622   -0.3109
   -0.2527   -0.1981    0.9470
...     6 G-C ...
   -2.6236   -3.5448   15.7072
   -0.9923    0.0611   -0.1075
   -0.0294   -0.9610   -0.2748
   -0.1201   -0.2695    0.9555
...     7 C-G ...
   -2.3138   -3.7570   18.8866
   -0.8620   -0.4995   -0.0864
    0.5008   -0.8655    0.0073
   -0.0785   -0.0370    0.9962
...     8 G-C ...
   -3.9561   -6.8109   23.3205
   -0.2581   -0.3560   -0.8981
    0.6294   -0.7673    0.1233
   -0.7330   -0.5335    0.4221
...     9 C-G ...
   -6.1177   -8.9414   24.2385
    0.1143   -0.7320   -0.6716
    0.8123   -0.3203    0.4874
   -0.5720   -0.6013    0.5580
...    10 T-A ...
   -8.5041   -9.6771   26.0540
    0.4660   -0.8587   -0.2131
    0.6274    0.1508    0.7640
   -0.6239   -0.4897    0.6090
...    11 C-G ...
  -11.0625  -11.3174   27.2336
    0.6660   -0.6911    0.2808
    0.3382    0.6152    0.7121
   -0.6649   -0.3794    0.6435
...    12 A-T ...
  -13.0013  -13.1789   29.0658
    0.7188   -0.1490    0.6790
   -0.1787    0.9043    0.3876
   -0.6718   -0.4000    0.6235
...    13 C-G ...
  -14.1788  -15.9359   31.3399
    0.4052    0.2865    0.8682
   -0.5270    0.8492   -0.0343
   -0.7470   -0.4437    0.4951
...    14 A-T ...
  -15.9532  -18.1566   33.3080
   -0.1503    0.6873    0.7107
   -0.6106    0.5008   -0.6135
   -0.7776   -0.5261    0.3444
...    15 A-T ...
  -18.4824  -19.8067   34.5101
   -0.4560    0.8690    0.1921
   -0.4088   -0.0128   -0.9125
   -0.7905   -0.4946    0.3611
...    16 T-A ...
  -20.8793  -21.2773   36.4047
   -0.6323    0.6995   -0.3330
   -0.0827   -0.4883   -0.8688
   -0.7703   -0.5218    0.3666
...    17 T-A ...
  -23.4009  -22.7348   37.9249
   -0.5862    0.2488   -0.7710
    0.3144   -0.8072   -0.4995
   -0.7467   -0.5352    0.3949
...    18 T-A ...
  -25.9576  -24.2621   39.2968
   -0.3011   -0.2811   -0.9112
    0.5985   -0.7996    0.0489
   -0.7424   -0.5306    0.4090
...    19 A-T ...
  -28.3288  -26.2550   40.8860
    0.1497   -0.7811   -0.6061
    0.6522   -0.3827    0.6543
   -0.7431   -0.4933    0.4522
...    20 T-A ...
  -31.2037  -27.6437   41.8928
    0.4486   -0.8840   -0.1320
    0.4798    0.1136    0.8700
   -0.7541   -0.4536    0.4750
...    21 T-A ...
  -33.7731  -29.1635   43.1981
    0.6169   -0.6519    0.4409
    0.1105    0.6264    0.7716
   -0.7792   -0.4273    0.4585
...    22 C-G ...
  -36.3555  -30.5458   44.7307
    0.5764   -0.1290    0.8070
   -0.2911    0.8903    0.3502
   -0.7636   -0.4368    0.4756
...    23 G-C ...
  -39.1533  -31.4030   46.4775
    0.4300    0.4584    0.7778
   -0.5760    0.8027   -0.1546
   -0.6952   -0.3815    0.6092
...    24 C-G ...
  -41.1762  -32.9303   48.5711
    0.1028    0.8351    0.5403
   -0.7120    0.4411   -0.5463
   -0.6946   -0.3286    0.6400
...    25 A-T ...
  -43.8625  -33.8878   50.3322
   -0.2843    0.9571    0.0557
   -0.6411   -0.1466   -0.7533
   -0.7128   -0.2499    0.6553
...    26 A-T ...
  -46.1703  -34.5405   52.5769
   -0.5939    0.6947   -0.4059
   -0.3634   -0.6817   -0.6350
   -0.7178   -0.2296    0.6573
...    27 A-T ...
  -48.4055  -35.0115   54.9132
   -0.7015    0.1573   -0.6951
    0.0597   -0.9589   -0.2773
   -0.7101   -0.2360    0.6633
...    28 G-C ...
  -50.9880  -35.3276   57.1015
   -0.5166   -0.3821   -0.7662
    0.4170   -0.8939    0.1646
   -0.7478   -0.2345    0.6212
...    29 G-C ...
  -53.8056  -35.9620   59.0169
   -0.1269   -0.8225   -0.5544
    0.6266   -0.4998    0.5980
   -0.7690   -0.2715    0.5788
...    30 C-G ...
  -56.5602  -36.8416   60.6050
    0.2857   -0.9485   -0.1367
    0.5728    0.0547    0.8179
   -0.7683   -0.3120    0.5590
...    31 C-G ...
  -59.3176  -37.8264   62.2940
    0.6064   -0.7282    0.3194
    0.2987    0.5809    0.7572
   -0.7369   -0.3638    0.5698
...    32 G-C ...
  -61.4992  -38.7086   64.3615
    0.7390   -0.2669    0.6186
   -0.0881    0.8720    0.4815
   -0.6679   -0.4103    0.6209
...    33 G-C ...
  -63.4648  -40.2572   66.6086
    0.5982    0.3042    0.7414
   -0.5061    0.8607    0.0552
   -0.6213   -0.4082    0.6688
...    34 C-G ...
  -65.2464  -41.8154   68.8973
    0.2320    0.7601    0.6070
   -0.7630    0.5293   -0.3712
   -0.6034   -0.3770    0.7027
...    35 C-G ...
  -67.0269  -42.8423   71.6288
   -0.2124    0.9466    0.2425
   -0.7730   -0.0109   -0.6344
   -0.5979   -0.3221    0.7340
...    36 C-G ...
  -68.9336  -43.6654   74.3120
   -0.5908    0.7798   -0.2069
   -0.5342   -0.5703   -0.6240
   -0.6046   -0.2581    0.7535
...    37 G-C ...
  -71.1860  -45.3388   76.3371
   -0.7478    0.3238   -0.5796
   -0.0941   -0.9159   -0.3902
   -0.6572   -0.2372    0.7154
...    38 A-T ...
  -73.2259  -46.0563   78.6820
   -0.6527   -0.2871   -0.7012
    0.3794   -0.9249    0.0255
   -0.6558   -0.2494    0.7126
...    39 C-G ...
  -75.6772  -46.5304   80.7170
   -0.3211   -0.7243   -0.6102
    0.6585   -0.6338    0.4058
   -0.6806   -0.2716    0.6804
...    40 A-T ...
  -78.0199  -47.5763   82.9276
    0.1887   -0.9374   -0.2926
    0.7096   -0.0758    0.7005
   -0.6788   -0.3398    0.6509
...    41 C-G ...
  -80.4682  -49.0044   84.6513
    0.5673   -0.8181    0.0944
    0.4907    0.4279    0.7590
   -0.6613   -0.3843    0.6442
...    42 G-C ...
  -82.4267  -50.0277   87.1711
    0.7899   -0.3649    0.4928
    0.0243    0.8217    0.5695
   -0.6128   -0.4378    0.6579
...    43 A-T ...
  -84.4230  -51.4533   89.2123
    0.6472    0.2012    0.7353
   -0.4497    0.8796    0.1552
   -0.6155   -0.4311    0.6598
...    44 C-G ...
  -86.0402  -53.3674   91.3771
    0.3227    0.6659    0.6727
   -0.7437    0.6180   -0.2550
   -0.5855   -0.4179    0.6946
...    45 T-A ...
  -87.5634  -55.0310   94.2041
   -0.1553    0.9163    0.3692
   -0.7973    0.1044   -0.5945
   -0.5833   -0.3867    0.7144
...    46 T-A ...
  -89.2575  -56.2819   96.6487
   -0.5782    0.8158   -0.0117
   -0.5666   -0.4118   -0.7137
   -0.5871   -0.4060    0.7004
...    47 A-T ...
  -91.3885  -57.9055   98.7521
   -0.8151    0.3352   -0.4725
   -0.0397   -0.8460   -0.5317
   -0.5779   -0.4146    0.7029
...    48 C-G ...
  -93.4294  -58.6371  101.3049
   -0.6923   -0.1701   -0.7012
    0.4073   -0.8943   -0.1851
   -0.5956   -0.4138    0.6885
...    49 T-A ...
  -95.7511  -59.7586  103.5167
   -0.3047   -0.5993   -0.7403
    0.7100   -0.6610    0.2429
   -0.6349   -0.4516    0.6269
...    50 G-C ...
  -97.8914  -61.4985  105.4935
    0.2471   -0.8040   -0.5408
    0.7423   -0.2017    0.6390
   -0.6228   -0.5593    0.5470
...    51 T-A ...
 -100.1839  -63.3431  106.7937
    0.6291   -0.7609   -0.1588
    0.4978    0.2375    0.8342
   -0.5970   -0.6038    0.5282
...    52 A-T ...
 -101.9748  -65.4389  108.7252
    0.8534   -0.4023    0.3314
   -0.0102    0.6227    0.7824
   -0.5211   -0.6711    0.5273
...    53 G-C ...
 -103.6768  -67.7363  110.2865
    0.7636    0.0550    0.6433
   -0.4791    0.7162    0.5074
   -0.4328   -0.6957    0.5733
...    54 G-C ...
 -104.5600  -70.6134  112.2610
    0.3758    0.5104    0.7735
   -0.8506    0.5213    0.0693
   -0.3678   -0.6840    0.6300
...    55 T-A ...
 -105.2560  -72.9316  114.4956
   -0.1387    0.7077    0.6927
   -0.9262    0.1550   -0.3438
   -0.3507   -0.6893    0.6340
...    56 A-T ...
 -106.1720  -75.1875  116.8701
   -0.6755    0.6609    0.3270
   -0.6507   -0.3256   -0.6860
   -0.3469   -0.6762    0.6499
...    57 T-A ...
 -106.8901  -77.0551  119.5049
   -0.9318    0.3557   -0.0724
   -0.1782   -0.6221   -0.7624
   -0.3162   -0.6975    0.6430
...    58 C-G ...
 -108.0668  -79.2260  121.8374
   -0.8312   -0.1251   -0.5417
    0.4643   -0.6921   -0.5526
   -0.3057   -0.7109    0.6334
...    59 T-A ...
 -109.4262  -81.4821  123.9476
   -0.4211   -0.4450   -0.7903
    0.8445   -0.5103   -0.1626
   -0.3310   -0.7359    0.5907
...    60 C-G ...
 -110.5505  -83.9401  126.0066
    0.1853   -0.6324   -0.7522
    0.9309   -0.1322    0.3405
   -0.3148   -0.7633    0.5642
...    61 G-C ...
 -110.9979  -86.6114  128.0167
    0.7064   -0.4283   -0.5635
    0.6823    0.2002    0.7031
   -0.1884   -0.8812    0.4336
...    62 A-T ...
 -111.5679  -89.4534  129.6174
    0.9838   -0.1616   -0.0772
    0.1400    0.4251    0.8942
   -0.1117   -0.8906    0.4409
...    63 G-C ...
 -111.6966  -92.5353  130.8832
    0.9106    0.1633    0.3795
   -0.4124    0.4151    0.8109
   -0.0251   -0.8950    0.4453
...    64 C-G ...
 -111.3005  -95.6977  132.1417
    0.4927    0.4073    0.7690
   -0.8699    0.2074    0.4475
    0.0227   -0.8895    0.4565
...    65 T-A ...
 -111.0383  -98.6098  133.6874
   -0.0739    0.4634    0.8831
   -0.9946   -0.0992   -0.0312
    0.0732   -0.8806    0.4682
...    66 C-G ...
 -111.1408 -101.4497  135.3656
   -0.6739    0.2872    0.6807
   -0.7282   -0.4141   -0.5461
    0.1250   -0.8637    0.4882
...    67 G-C ...
 -111.4889 -104.9464  136.2498
   -0.9777   -0.0169    0.2095
   -0.1692   -0.5285   -0.8319
    0.1248   -0.8488    0.5138
...    68 G-C ...
 -110.9472 -107.7592  138.1114
   -0.8944   -0.2869   -0.3432
    0.4348   -0.3774   -0.8176
    0.1050   -0.8805    0.4623
...    69 G-C ...
 -110.6683 -110.6387  139.8156
   -0.5058   -0.3630   -0.7825
    0.8607   -0.1515   -0.4861
    0.0579   -0.9194    0.3890
...    70 A-T ...
 -110.6842 -113.6829  141.2379
    0.1199   -0.3498   -0.9291
    0.9896    0.1170    0.0837
    0.0794   -0.9295    0.3602
...    71 T-A ...
 -110.9791 -116.8290  142.1636
    0.6188   -0.1931   -0.7614
    0.7783    0.2823    0.5609
    0.1066   -0.9397    0.3250
...    72 C-G ...
 -110.6454 -120.0202  142.9918
    0.9520    0.0705   -0.2979
    0.2607    0.3238    0.9095
    0.1606   -0.9435    0.2899
...    73 C-G ...
 -110.1012 -123.1442  143.8358
    0.9111    0.3648    0.1918
   -0.2816    0.2111    0.9360
    0.3009   -0.9069    0.2950
...    74 G-C ...
 -109.0421 -125.9987  145.2708
    0.5405    0.5361    0.6484
   -0.7216   -0.1010    0.6849
    0.4327   -0.8381    0.3323
...    75 C-G ...
 -106.9714 -128.5661  146.3990
    0.0135    0.3783    0.9256
   -0.8806   -0.4341    0.1902
    0.4737   -0.8176    0.3273
...    76 T-A ...
 -104.9823 -130.9760  148.0663
   -0.4952    0.0240    0.8684
   -0.6758   -0.6388   -0.3678
    0.5459   -0.7690    0.3325
...    77 T-A ...
 -102.9604 -133.2510  149.3179
   -0.7502   -0.4446    0.4894
   -0.2322   -0.5160   -0.8245
    0.6191   -0.7322    0.2839
...    78 T-A ...
 -100.7748 -135.4185  150.5596
   -0.6801   -0.7282   -0.0846
    0.2449   -0.1168   -0.9625
    0.6910   -0.6753    0.2578
...    79 A-T ...
  -97.8836 -137.2302  150.6882
   -0.2878   -0.6904   -0.6637
    0.5812    0.4249   -0.6941
    0.7612   -0.5855    0.2790
...    80 A-T ...
  -95.5094 -139.1683  151.6894
    0.1173   -0.3044   -0.9453
    0.6079    0.7747   -0.1740
    0.7853   -0.5542    0.2759
...    81 C-G ...
  -93.1977 -141.4786  152.5963
    0.4166    0.1969   -0.8875
    0.4206    0.8237    0.3802
    0.8059   -0.5317    0.2603
...    82 A-T ...
  -90.3695 -143.1837  153.3713
    0.4903    0.7079   -0.5085
    0.1036    0.5319    0.8404
    0.8654   -0.4647    0.1875
...    83 C-G ...
  -87.3614 -144.6404  153.3099
    0.4271    0.9040    0.0201
   -0.1526    0.0502    0.9870
    0.8912   -0.4247    0.1594
...    84 T-A ...
  -83.9959 -145.8559  153.3627
    0.1701    0.7829    0.5984
   -0.3371   -0.5244    0.7819
    0.9260   -0.3348    0.1747
...    85 T-A ...
  -80.8436 -146.6771  153.7613
   -0.0285    0.2897    0.9567
   -0.3516   -0.8988    0.2617
    0.9357   -0.3289    0.1274
...    86 T-A ...
  -77.6612 -147.4489  154.1367
   -0.1804   -0.3239    0.9287
   -0.2696   -0.8918   -0.3634
    0.9459   -0.3160    0.0736
...    87 A-T ...
  -74.3425 -148.7103  153.9660
   -0.1914   -0.9101    0.3676
   -0.0974   -0.3551   -0.9297
    0.9767   -0.2137   -0.0207
...    88 T-A ...
  -71.1197 -149.1693  154.6228
   -0.1574   -0.9657   -0.2065
    0.0001    0.2091   -0.9779
    0.9875   -0.1539   -0.0328
...    89 C-G ...
  -67.8245 -149.5573  154.6410
   -0.1450   -0.6056   -0.7824
    0.0574    0.7843   -0.6177
    0.9878   -0.1345   -0.0789
...    90 A-T ...
  -64.4024 -149.1737  154.4444
   -0.1930    0.0042   -0.9812
    0.0982    0.9950   -0.0151
    0.9763   -0.0993   -0.1925
...    91 T-A ...
  -61.3265 -149.9159  153.6347
   -0.1774    0.5216   -0.8346
    0.1883    0.8503    0.4914
    0.9660   -0.0700   -0.2491
...    92 G-C ...
  -57.9651 -150.0102  152.5834
   -0.1688    0.9292   -0.3289
    0.2812    0.3652    0.8875
    0.9447    0.0573   -0.3229
...    93 T-A ...
  -55.0830 -149.7560  150.8813
   -0.0231    0.9770    0.2122
    0.3492   -0.1910    0.9174
    0.9368    0.0953   -0.3368
...    94 T-A ...
  -52.1858 -149.2381  149.6820
    0.1386    0.6948    0.7057
    0.3328   -0.7038    0.6276
    0.9327    0.1480   -0.3288
...    95 A-T ...
  -48.9166 -148.8538  148.7232
    0.3238    0.0722    0.9434
    0.1912   -0.9815    0.0094
    0.9266    0.1773   -0.3316
...    96 T-A ...
  -46.0284 -147.5596  147.8158
    0.4051   -0.4461    0.7981
    0.0058   -0.8716   -0.4901
    0.9142    0.2032   -0.3505
...    97 A-T ...
  -42.9691 -146.9115  146.2272
    0.3874   -0.9031    0.1853
   -0.3005   -0.3137   -0.9007
    0.8716    0.2933   -0.3929
...    98 A-T ...
  -40.1057 -145.8433  145.1256
    0.1782   -0.8905   -0.4186
   -0.5055    0.2822   -0.8154
    0.8442    0.3569   -0.3999
...    99 C-G ...
  -36.9166 -144.8189  144.2894
   -0.1234   -0.5625   -0.8175
   -0.5422    0.7282   -0.4192
    0.8312    0.3915   -0.3948
...   100 G-C ...
  -34.4211 -143.2753  142.8326
   -0.4962   -0.0593   -0.8662
   -0.3800    0.9119    0.1552
    0.7807    0.4061   -0.4750
...   101 G-C ...
  -31.9326 -142.0364  141.0705
   -0.7049    0.3925   -0.5908
   -0.0386    0.8104    0.5845
    0.7082    0.4349   -0.5561
...   102 A-T ...
  -29.6396 -140.7207  139.0510
   -0.6243    0.7752   -0.0966
    0.3923    0.4181    0.8194
    0.6755    0.4737   -0.5651
...   103 T-A ...
  -27.8687 -139.3057  136.7274
   -0.3616    0.8690    0.3378
    0.6569   -0.0196    0.7537
    0.6616    0.4944   -0.5638
...   104 G-C ...
  -25.9025 -137.4124  134.8041
    0.0423    0.6237    0.7806
    0.7709   -0.5174    0.3716
    0.6356    0.5860   -0.5027
...   105 C-G ...
  -24.0594 -135.0578  133.3633
    0.4378    0.2045    0.8755
    0.6301   -0.7645   -0.1365
    0.6414    0.6114   -0.4635
...   106 T-A ...
  -21.8670 -132.5266  132.3134
    0.7244   -0.2760    0.6317
    0.3023   -0.6963   -0.6509
    0.6196    0.6625   -0.4209
...   107 T-A ...
  -19.8647 -130.2546  131.2080
    0.7609   -0.6322    0.1464
   -0.1574   -0.3987   -0.9035
    0.6296    0.6644   -0.4029
...   108 C-G ...
  -17.6217 -127.9939  130.0578
    0.5105   -0.7366   -0.4436
   -0.5928    0.0722   -0.8021
    0.6228    0.6725   -0.3998
...   109 C-G ...
  -15.5332 -125.7440  128.8465
    0.0488   -0.6433   -0.7640
   -0.7750    0.4582   -0.4353
    0.6301    0.6133   -0.4762
...   110 G-C ...
  -13.8899 -123.5762  127.3224
   -0.4289   -0.3639   -0.8268
   -0.6852    0.7275    0.0352
    0.5887    0.5816   -0.5613
...   111 G-C ...
  -11.9770 -121.8202  125.2119
   -0.7859    0.0646   -0.6150
   -0.3198    0.8088    0.4935
    0.5293    0.5845   -0.6150
...   112 C-G ...
  -10.3530 -120.2602  122.7363
   -0.8571    0.4746   -0.2002
    0.1769    0.6362    0.7509
    0.4838    0.6083   -0.6293
...   113 T-A ...
   -8.9260 -118.3084  120.4553
   -0.6628    0.6968    0.2742
    0.6169    0.3005    0.7274
    0.4245    0.6513   -0.6290
...   114 C-G ...
   -7.6032 -115.9466  118.5700
   -0.1929    0.7131    0.6740
    0.9107   -0.1255    0.3935
    0.3652    0.6897   -0.6253
...   115 G-C ...
   -5.9482 -113.6936  116.7464
    0.3569    0.4486    0.8194
    0.8645   -0.4910   -0.1077
    0.3539    0.7468   -0.5631
...   116 T-A ...
   -5.1317 -110.7304  115.4015
    0.7547    0.0797    0.6512
    0.5374   -0.6445   -0.5439
    0.3764    0.7604   -0.5292
...   117 A-T ...
   -3.9133 -107.8596  114.0077
    0.9086   -0.3528    0.2236
   -0.0045   -0.5434   -0.8395
    0.4177    0.7617   -0.4953
...   118 T-A ...
   -2.4481 -105.0844  113.0460
    0.7845   -0.5663   -0.2528
   -0.4746   -0.2859   -0.8325
    0.3991    0.7731   -0.4930
...   119 A-T ...
   -1.3790 -102.3892  111.1891
    0.2921   -0.5941   -0.7495
   -0.8757    0.1490   -0.4593
    0.3845    0.7905   -0.4767
...   120 A-T ...
    0.1609  -99.9194  109.7387
   -0.2705   -0.4101   -0.8710
   -0.8853    0.4615    0.0576
    0.3783    0.7866   -0.4879
...   121 T-A ...
    1.9017  -97.7021  107.9535
   -0.6969   -0.1023   -0.7098
   -0.6094    0.6063    0.5109
    0.3781    0.7886   -0.4849
...   122 G-C ...
    3.1514  -95.0179  106.1537
   -0.9521    0.2193   -0.2129
   -0.0584    0.5532    0.8310
    0.3000    0.8036   -0.5139
...   123 T-A ...
    3.9390  -92.6072  104.0668
   -0.8512    0.4583    0.2556
    0.4419    0.3634    0.8202
    0.2830    0.8111   -0.5118
...   124 G-C ...
    4.7530  -89.8219  102.3575
   -0.4441    0.5254    0.7258
    0.8682    0.0520    0.4935
    0.2215    0.8493   -0.4792
...   125 T-A ...
    4.9752  -87.0801  100.6837
    0.0711    0.4359    0.8972
    0.9744   -0.2225    0.0310
    0.2132    0.8720   -0.4406
...   126 C-G ...
    5.6109  -84.2423   99.3947
    0.6364    0.2234    0.7383
    0.7452   -0.4249   -0.5139
    0.1989    0.8773   -0.4369
...   127 G-C ...
    6.7316  -81.5867   97.7108
    0.9034   -0.1602    0.3978
    0.2939   -0.4442   -0.8464
    0.3123    0.8815   -0.3542
...   128 A-T ...
    7.6174  -78.7395   96.6058
    0.9000   -0.3972   -0.1798
   -0.3041   -0.2762   -0.9117
    0.3124    0.8752   -0.3693
...   129 C-G ...
    8.9851  -75.7669   96.1099
    0.5825   -0.5205   -0.6243
   -0.7357   -0.0112   -0.6772
    0.3455    0.8538   -0.3895
...   130 C-G ...
   10.6799  -73.1073   94.8015
    0.0598   -0.5313   -0.8451
   -0.9181    0.3030   -0.2555
    0.3918    0.7911   -0.4697
...   131 A-T ...
   11.2436  -70.1723   93.1614
   -0.5272   -0.3106   -0.7910
   -0.7667    0.5753    0.2851
    0.3665    0.7567   -0.5414
...   132 A-T ...
   12.4745  -67.8145   91.2325
   -0.8757    0.0811   -0.4759
   -0.3121    0.6570    0.6862
    0.3683    0.7495   -0.5501
...   133 A-T ...
   13.7447  -65.6211   89.1429
   -0.8713    0.4907    0.0018
    0.2665    0.4702    0.8413
    0.4120    0.7336   -0.5405
...   134 T-A ...
   14.7384  -63.4257   86.8199
   -0.5923    0.6747    0.4404
    0.6886    0.1401    0.7115
    0.4183    0.7247   -0.5475
...   135 G-C ...
   15.7317  -61.4927   83.9330
    0.0341    0.7400    0.6717
    0.8636   -0.3601    0.3528
    0.5030    0.5681   -0.6514
...   136 T-A ...
   15.7848  -59.5603   80.7992
    0.5517    0.4998    0.6677
    0.6739   -0.7388   -0.0038
    0.4915    0.4520   -0.7444
...   137 G-C ...
   16.8385  -57.7217   78.2675
    0.8528   -0.0848    0.5153
    0.1507   -0.9048   -0.3983
    0.5000    0.4173   -0.7588
...   138 A-T ...
   18.4282  -55.5285   76.5299
    0.8547   -0.5006    0.1371
   -0.3188   -0.7148   -0.6224
    0.4096    0.4883   -0.7706
...   139 G-C ...
   20.4259  -54.3092   74.5420
    0.5847   -0.7389   -0.3347
   -0.7593   -0.3533   -0.5465
    0.2856    0.5737   -0.7676
...   140 C-G ...
   21.4270  -51.8264   72.7876
    0.1304   -0.7144   -0.6875
   -0.8897    0.2216   -0.3991
    0.4375    0.6637   -0.6067
...   141 G-C ...
   22.1521  -50.1493   67.4640
   -0.4682   -0.8748    0.1248
   -0.8494    0.4066   -0.3364
    0.2435   -0.2635   -0.9334
...   142 C-G ...
   22.3489  -51.2412   64.4933
   -0.8528   -0.5119   -0.1032
   -0.4975    0.8565   -0.1374
    0.1587   -0.0659   -0.9851
...   143 T-A ...
   24.0166  -51.6377   61.9248
   -0.9562    0.0401   -0.2898
    0.0524    0.9980   -0.0348
    0.2878   -0.0485   -0.9564
...   144 C-G ...
   24.8958  -52.7394   58.9873
   -0.7529    0.5560   -0.3520
    0.5214    0.8304    0.1965
    0.4016   -0.0356   -0.9151
...   145 A-T ...
   25.5276  -52.9801   55.8053
   -0.2442    0.9563   -0.1610
    0.8906    0.2869    0.3528
    0.3836   -0.0573   -0.9217
...   146 C-G ...
   25.2778  -52.5121   52.0796
    0.3204    0.9427   -0.0929
    0.8825   -0.2614    0.3909
    0.3443   -0.2072   -0.9157
...   147 A-T ...
   25.6239  -52.5938   48.6395
    0.8597    0.5097    0.0339
    0.4496   -0.7865    0.4233
    0.2424   -0.3487   -0.9053
