  147 base-pairs
...     1 T-A ...
    0.0000    0.0000    0.0000
    1.0000    0.0000    0.0000
    0.0000    1.0000    0.0000
    0.0000    0.0000    1.0000
...     2 G-C ...
   -0.5555   -1.1003    3.3981
    0.7749    0.6051    0.1828
   -0.5991    0.7953   -0.0929
   -0.2016   -0.0375    0.9787
...     3 T-A ...
   -0.6619   -3.0237    6.5348
    0.3046    0.9250    0.2271
   -0.8994    0.3578   -0.2510
   -0.3134   -0.1278    0.9410
...     4 G-C ...
   -1.1607   -3.8418    9.6940
   -0.3351    0.9421    0.0133
   -0.8752   -0.3061   -0.3746
   -0.3489   -0.1372    0.9271
...     5 A-T ...
   -1.3881   -3.6770   12.8999
   -0.7835    0.6162   -0.0801
   -0.5677   -0.7622   -0.3109
   -0.2527   -0.1981    0.9470
...     6 G-C ...
   -2.6236   -3.5448   15.7072
   -0.9923    0.0611   -0.1075
   -0.0294   -0.9610   -0.2748
   -0.1201   -0.2695    0.9555
...     7 C-G ...
   -2.3138   -3.7570   18.8866
   -0.8620   -0.4995   -0.0864
    0.5008   -0.8655    0.0073
   -0.0785   -0.0370    0.9962
...     8 G-C ...
   -3.9561   -6.8109   23.3205
   -0.2581   -0.3560   -0.8981
    0.6294   -0.7673    0.1233
   -0.7330   -0.5335    0.4221
...     9 C-G ...
   -6.1177   -8.9414   24.2385
    0.1143   -0.7320   -0.6716
    0.8123   -0.3203    0.4874
   -0.5720   -0.6013    0.5580
...    10 T-A ...
   -8.5041   -9.6771   26.0540
    0.4660   -0.8587   -0.2131
    0.6274    0.1508    0.7640
   -0.6239   -0.4897    0.6090
...    11 C-G ...
  -11.0625  -11.3174   27.2336
    0.6660   -0.6911    0.2808
    0.3382    0.6152    0.7121
   -0.6649   -0.3794    0.6435
...    12 A-T ...
  -13.0013  -13.1789   29.0658
    0.7188   -0.1490    0.6790
   -0.1787    0.9043    0.3876
   -0.6718   -0.4000    0.6235
...    13 C-G ...
  -14.1788  -15.9359   31.3399
    0.4052    0.2865    0.8682
   -0.5270    0.8492   -0.0343
   -0.7470   -0.4437    0.4951
...    14 A-T ...
  -15.9532  -18.1566   33.3080
   -0.1503    0.6873    0.7107
   -0.6106    0.5008   -0.6135
   -0.7776   -0.5261    0.3444
...    15 A-T ...
  -18.4803  -19.7863   34.5474
   -0.4500    0.8712    0.1963
   -0.4217   -0.0135   -0.9067
   -0.7872   -0.4907    0.3734
...    16 T-A ...
  -20.8520  -21.2348   36.4907
   -0.6354    0.7022   -0.3213
   -0.1028   -0.4893   -0.8661
   -0.7653   -0.5172    0.3830
...    17 T-A ...
  -23.3399  -22.6654   38.0835
   -0.6067    0.2495   -0.7548
    0.2962   -0.8102   -0.5059
   -0.7377   -0.5305    0.4176
...    18 T-A ...
  -25.8629  -24.1353   39.5773
   -0.3429   -0.2888   -0.8939
    0.5981   -0.8009    0.0294
   -0.7244   -0.5245    0.4473
...    19 A-T ...
  -28.1439  -26.0967   41.3153
    0.1095   -0.7862   -0.6082
    0.6880   -0.3817    0.6172
   -0.7174   -0.4860    0.4992
...    20 T-A ...
  -30.9600  -27.4520   42.5130
    0.4315   -0.8884   -0.1566
    0.5379    0.1140    0.8353
   -0.7242   -0.4446    0.5270
...    21 T-A ...
  -33.4551  -28.9371   43.9963
    0.6470   -0.6584    0.3845
    0.1815    0.6228    0.7611
   -0.7405   -0.4227    0.5225
...    22 C-G ...
  -35.9055  -30.3020   45.7339
    0.6527   -0.1419    0.7442
   -0.2443    0.8904    0.3841
   -0.7172   -0.4325    0.5464
...    23 G-C ...
  -38.5151  -31.1536   47.7653
    0.5204    0.4487    0.7265
   -0.5798    0.8103   -0.0852
   -0.6269   -0.3769    0.6818
...    24 C-G ...
  -40.2977  -32.6593   50.0707
    0.1770    0.8298    0.5292
   -0.7645    0.4545   -0.4571
   -0.6199   -0.3237    0.7148
...    25 A-T ...
  -42.7042  -33.5264   52.2137
   -0.2438    0.9649    0.0971
   -0.7397   -0.1202   -0.6622
   -0.6273   -0.2333    0.7430
...    26 A-T ...
  -44.7024  -34.0977   54.7566
   -0.6174    0.7207   -0.3152
   -0.4736   -0.6605   -0.5827
   -0.6281   -0.2105    0.7491
...    27 A-T ...
  -46.5945  -34.4932   57.3875
   -0.7881    0.1947   -0.5840
   -0.0213   -0.9567   -0.2902
   -0.6152   -0.2163    0.7581
...    28 G-C ...
  -48.8294  -34.7316   59.9317
   -0.6446   -0.3482   -0.6806
    0.3963   -0.9135    0.0919
   -0.6537   -0.2105    0.7269
...    29 G-C ...
  -51.3134  -35.2600   62.2760
   -0.2560   -0.8070   -0.5322
    0.6894   -0.5383    0.4848
   -0.6777   -0.2428    0.6941
...    30 C-G ...
  -53.7996  -35.9779   64.3115
    0.2066   -0.9594   -0.1919
    0.7068    0.0107    0.7074
   -0.6766   -0.2817    0.6803
...    31 C-G ...
  -56.2973  -36.7910   66.4405
    0.6104   -0.7676    0.1957
    0.4673    0.5484    0.6935
   -0.6396   -0.3318    0.6934
...    32 G-C ...
  -58.1263  -37.5757   68.8385
    0.8270   -0.3273    0.4570
    0.0675    0.8649    0.4973
   -0.5581   -0.3805    0.7374
...    33 G-C ...
  -59.6932  -39.0619   71.4039
    0.7599    0.2446    0.6023
   -0.4202    0.8918    0.1680
   -0.4960   -0.3807    0.7804
...    34 C-G ...
  -61.0280  -40.5649   74.0031
    0.4195    0.7237    0.5480
   -0.7805    0.5958   -0.1893
   -0.4635   -0.3483    0.8147
...    35 C-G ...
  -62.1939  -41.5246   77.0682
   -0.0618    0.9553    0.2890
   -0.8956    0.0747   -0.4385
   -0.4405   -0.2860    0.8510
...    36 C-G ...
  -63.4970  -42.2053   80.1057
   -0.5383    0.8409   -0.0554
   -0.7248   -0.4955   -0.4787
   -0.4300   -0.2176    0.8762
...    37 G-C ...
  -65.3537  -43.6118   82.6165
   -0.8238    0.4243   -0.3759
   -0.2951   -0.8872   -0.3547
   -0.4840   -0.1813    0.8561
...    38 A-T ...
  -66.8300  -44.1507   85.3868
   -0.8371   -0.1854   -0.5146
    0.2570   -0.9638   -0.0707
   -0.4829   -0.1914    0.8545
...    39 C-G ...
  -68.7387  -44.3766   87.9787
   -0.5564   -0.6585   -0.5067
    0.6532   -0.7236    0.2232
   -0.5136   -0.2068    0.8327
...    40 A-T ...
  -70.5499  -45.1640   90.7091
   -0.0245   -0.9428   -0.3326
    0.8511   -0.1942    0.4878
   -0.5245   -0.2711    0.8071
...    41 C-G ...
  -72.6337  -46.3101   93.0170
    0.4474   -0.8921   -0.0634
    0.7323    0.3248    0.5985
   -0.5133   -0.3142    0.7986
...    42 G-C ...
  -73.9793  -47.1204   95.9668
    0.8300   -0.4993    0.2486
    0.3106    0.7839    0.5376
   -0.4633   -0.3690    0.8057
...    43 A-T ...
  -75.5324  -48.2999   98.4768
    0.8553    0.0649    0.5140
   -0.2363    0.9318    0.2756
   -0.4610   -0.3572    0.8123
...    44 C-G ...
  -76.7370  -50.0443  101.0113
    0.6164    0.5728    0.5403
   -0.6691    0.7427   -0.0241
   -0.4151   -0.3467    0.8411
...    45 T-A ...
  -77.5945  -51.5330  104.1862
    0.1336    0.9116    0.3887
   -0.9077    0.2700   -0.3211
   -0.3977   -0.3099    0.8636
...    46 T-A ...
  -78.6247  -52.5720  107.0605
   -0.3739    0.9136    0.1598
   -0.8350   -0.2566   -0.4867
   -0.4036   -0.3154    0.8588
...    47 A-T ...
  -80.1955  -53.7025  109.8212
   -0.8122    0.5491   -0.1972
   -0.4128   -0.7798   -0.4707
   -0.4122   -0.3009    0.8600
...    48 C-G ...
  -81.4712  -54.0405  112.9002
   -0.8987    0.0480   -0.4360
    0.0858   -0.9555   -0.2822
   -0.4302   -0.2910    0.8546
...    49 T-A ...
  -83.1681  -54.6247  115.7748
   -0.6738   -0.4540   -0.5830
    0.5477   -0.8365    0.0184
   -0.4960   -0.3069    0.8122
...    50 G-C ...
  -84.9343  -55.8460  118.3864
   -0.1740   -0.8083   -0.5625
    0.8273   -0.4298    0.3617
   -0.5341   -0.4024    0.7435
...    51 T-A ...
  -87.0818  -57.0663  120.4438
    0.3000   -0.8930   -0.3354
    0.7950    0.0398    0.6052
   -0.5271   -0.4482    0.7219
...    52 A-T ...
  -88.6812  -58.7235  122.8656
    0.7615   -0.6480    0.0152
    0.4466    0.5416    0.7122
   -0.4697   -0.5355    0.7018
...    53 G-C ...
  -90.3323  -60.5553  124.9840
    0.9255   -0.2182    0.3095
   -0.0232    0.7831    0.6214
   -0.3780   -0.5823    0.7198
...    54 G-C ...
  -91.2624  -63.2237  127.2216
    0.7795    0.3085    0.5452
   -0.5536    0.7465    0.3691
   -0.2931   -0.5896    0.7527
...    55 T-A ...
  -91.7297  -65.3807  129.6481
    0.3743    0.6592    0.6522
   -0.8862    0.4614    0.0423
   -0.2730   -0.5938    0.7568
...    56 A-T ...
  -92.2178  -67.4006  132.3480
   -0.2220    0.8226    0.5235
   -0.9416   -0.0415   -0.3342
   -0.2532   -0.5671    0.7838
...    57 T-A ...
  -92.3688  -69.0952  135.1822
   -0.6924    0.6608    0.2896
   -0.6809   -0.4656   -0.5654
   -0.2388   -0.5886    0.7723
...    58 C-G ...
  -93.1329  -70.8629  137.9774
   -0.9671    0.2189   -0.1296
   -0.0892   -0.7690   -0.6331
   -0.2383   -0.6007    0.7632
...    59 T-A ...
  -94.1685  -72.6164  140.6584
   -0.8478   -0.2010   -0.4907
    0.4478   -0.7671   -0.4595
   -0.2840   -0.6093    0.7404
...    60 C-G ...
  -95.1163  -74.6463  143.1926
   -0.4051   -0.5954   -0.6939
    0.8669   -0.4912   -0.0846
   -0.2904   -0.6358    0.7151
...    61 G-C ...
  -95.5962  -77.0639  145.4477
    0.1614   -0.6232   -0.7652
    0.9461   -0.1230    0.2997
   -0.2809   -0.7723    0.5697
...    62 A-T ...
  -96.3828  -79.5239  147.4840
    0.6970   -0.5157   -0.4983
    0.6859    0.2767    0.6730
   -0.2092   -0.8108    0.5466
...    63 G-C ...
  -97.0395  -82.4060  149.0063
    0.9681   -0.2238   -0.1130
    0.2111    0.4847    0.8488
   -0.1353   -0.8456    0.5164
...    64 C-G ...
  -97.2960  -85.5480  150.3077
    0.9160    0.1369    0.3772
   -0.3928    0.4973    0.7736
   -0.0817   -0.8567    0.5093
...    65 T-A ...
  -97.3654  -88.4500  151.8777
    0.5590    0.4094    0.7210
   -0.8288    0.3010    0.4717
   -0.0239   -0.8613    0.5076
...    66 C-G ...
  -97.5782  -91.0446  153.8678
   -0.0537    0.5074    0.8600
   -0.9975   -0.0677   -0.0223
    0.0469   -0.8590    0.5098
...    67 G-C ...
  -98.5576  -94.0591  155.5200
   -0.6333    0.3819    0.6731
   -0.7707   -0.3902   -0.5038
    0.0702   -0.8378    0.5414
...    68 G-C ...
  -98.1734  -96.8325  157.4562
   -0.9637    0.1206    0.2383
   -0.2660   -0.5142   -0.8154
    0.0242   -0.8491    0.5276
...    69 G-C ...
  -98.0884  -99.5639  159.3974
   -0.9481   -0.1080   -0.2990
    0.3117   -0.5003   -0.8078
   -0.0623   -0.8591    0.5081
...    70 A-T ...
  -98.3729 -102.3068  161.3155
   -0.5651   -0.3709   -0.7370
    0.8229   -0.3171   -0.4714
   -0.0589   -0.8729    0.4844
...    71 T-A ...
  -99.1532 -105.0184  163.0206
   -0.0497   -0.4476   -0.8928
    0.9971   -0.0745   -0.0182
   -0.0584   -0.8911    0.4500
...    72 C-G ...
  -99.5325 -108.0162  164.3614
    0.5495   -0.3526   -0.7575
    0.8348    0.1951    0.5148
   -0.0338   -0.9152    0.4015
...    73 C-G ...
  -99.7897 -111.0087  165.6865
    0.8997   -0.0529   -0.4333
    0.4243    0.3397    0.8394
    0.1028   -0.9390    0.3281
...    74 G-C ...
  -99.0717 -113.9839  167.0567
    0.9559    0.2891    0.0516
   -0.1260    0.2450    0.9613
    0.2653   -0.9254    0.2706
...    75 C-G ...
  -97.6720 -117.1274  167.5434
    0.7029    0.3888    0.5956
   -0.6433   -0.0097    0.7656
    0.3034   -0.9213    0.2433
...    76 T-A ...
  -95.8798 -120.0209  168.4962
    0.2047    0.2911    0.9345
   -0.9016   -0.3156    0.2958
    0.3810   -0.9032    0.1978
...    77 T-A ...
  -94.2789 -122.8281  169.0803
   -0.3475   -0.0391    0.9369
   -0.8404   -0.4302   -0.3297
    0.4159   -0.9019    0.1167
...    78 T-A ...
  -92.5316 -125.5962  169.5648
   -0.7387   -0.3701    0.5633
   -0.4818   -0.2945   -0.8253
    0.4713   -0.8811    0.0392
...    79 A-T ...
  -90.9079 -128.4192  168.6694
   -0.8050   -0.5863   -0.0910
    0.0620    0.0694   -0.9957
    0.5901   -0.8071   -0.0195
...    80 A-T ...
  -89.0280 -131.0716  168.9141
   -0.6237   -0.4329   -0.6509
    0.4970    0.4230   -0.7576
    0.6033   -0.7960   -0.0487
...    81 T-A ...
  -87.5021 -134.0180  169.2184
   -0.2930   -0.1461   -0.9449
    0.7374    0.5945   -0.3206
    0.6086   -0.7907   -0.0665
...    82 C-G ...
  -85.5418 -136.6068  169.1159
    0.1646    0.3142   -0.9350
    0.7480    0.5781    0.3259
    0.6429   -0.7530   -0.1399
...    83 A-T ...
  -83.4389 -139.2412  168.6457
    0.4503    0.6886   -0.5684
    0.5758    0.2625    0.7743
    0.6824   -0.6759   -0.2783
...    84 T-A ...
  -81.3713 -141.3323  167.2631
    0.6232    0.7784   -0.0749
    0.2900   -0.1411    0.9466
    0.7263   -0.6117   -0.3137
...    85 G-C ...
  -78.6853 -143.1732  166.1155
    0.5895    0.5919    0.5497
   -0.0896   -0.6284    0.7727
    0.8028   -0.5047   -0.3174
...    86 T-A ...
  -75.8013 -144.3345  164.7316
    0.4461    0.1313    0.8853
   -0.3805   -0.8675    0.3204
    0.8101   -0.4798   -0.3371
...    87 T-A ...
  -73.0797 -145.6506  163.5463
    0.1879   -0.4497    0.8732
   -0.5590   -0.7800   -0.2814
    0.8076   -0.4352   -0.3979
...    88 A-T ...
  -70.4799 -147.2462  161.7489
   -0.1661   -0.9256    0.3402
   -0.5668   -0.1927   -0.8010
    0.8069   -0.3259   -0.4926
...    89 T-A ...
  -67.5051 -148.2467  160.7310
   -0.4023   -0.9028   -0.1522
   -0.4178    0.3289   -0.8469
    0.8146   -0.2771   -0.5095
...    90 A-T ...
  -64.6765 -148.7563  158.7521
   -0.5370   -0.4390   -0.7204
   -0.0703    0.8742   -0.4804
    0.8407   -0.2074   -0.5003
...    91 A-T ...
  -61.9922 -149.5385  157.1935
   -0.4976    0.1486   -0.8546
    0.2253    0.9735    0.0380
    0.8376   -0.1736   -0.5179
...    92 C-G ...
  -59.4384 -150.6523  155.3119
   -0.3311    0.6719   -0.6625
    0.4557    0.7287    0.5113
    0.8263   -0.1326   -0.5474
...    93 G-C ...
  -56.6497 -150.5077  153.6020
   -0.1860    0.9671   -0.1737
    0.5949    0.2515    0.7635
    0.7820    0.0387   -0.6221
...    94 G-C ...
  -54.2655 -149.6107  151.5018
    0.0545    0.9363    0.3470
    0.6747   -0.2907    0.6784
    0.7361    0.1972   -0.6476
...    95 A-T ...
  -51.8919 -148.5366  149.5214
    0.3883    0.5633    0.7293
    0.5552   -0.7746    0.3028
    0.7355    0.2874   -0.6135
...    96 C-G ...
  -49.6802 -147.0505  147.7178
    0.5989    0.0499    0.7992
    0.2904   -0.9437   -0.1587
    0.7463    0.3271   -0.5797
...    97 A-T ...
  -46.9722 -145.9534  145.9609
    0.6252   -0.5536    0.5502
   -0.1202   -0.7648   -0.6330
    0.7712    0.3296   -0.5446
...    98 C-G ...
  -44.1287 -144.5013  144.7290
    0.4603   -0.8813    0.1073
   -0.4389   -0.3310   -0.8354
    0.7717    0.3374   -0.5391
...    99 T-A ...
  -40.9644 -143.2584  143.4117
    0.1148   -0.9062   -0.4071
   -0.6337    0.2488   -0.7325
    0.7650    0.3420   -0.5457
...   100 T-A ...
  -38.2503 -142.2722  141.8639
   -0.2495   -0.5550   -0.7936
   -0.5897    0.7371   -0.3300
    0.7681    0.3856   -0.5112
...   101 T-A ...
  -35.6012 -141.1570  140.2721
   -0.5448   -0.0095   -0.8385
   -0.3428    0.9151    0.2124
    0.7653    0.4031   -0.5018
...   102 A-T ...
  -33.0786 -139.3960  138.7689
   -0.6586    0.5730   -0.4878
    0.0789    0.6972    0.7126
    0.7484    0.4308   -0.5043
...   103 T-A ...
  -30.9786 -138.3179  136.5816
   -0.5818    0.8120   -0.0465
    0.3968    0.3333    0.8553
    0.7100    0.4792   -0.5161
...   104 G-C ...
  -28.8449 -136.5684  134.7028
   -0.2912    0.7919    0.5367
    0.6970   -0.2087    0.6860
    0.6553    0.5739   -0.4912
...   105 C-G ...
  -27.0483 -134.2816  133.1119
    0.1175    0.5085    0.8530
    0.7509   -0.6076    0.2588
    0.6499    0.6101   -0.4532
...   106 T-A ...
  -25.0341 -131.6553  131.9174
    0.5332    0.0493    0.8446
    0.5814   -0.7466   -0.3235
    0.6146    0.6635   -0.4267
...   107 T-A ...
  -23.1137 -129.3310  130.7725
    0.7604   -0.4048    0.5078
    0.1824   -0.6173   -0.7653
    0.6233    0.6746   -0.3956
...   108 C-G ...
  -20.9337 -126.9744  129.6542
    0.7155   -0.6932   -0.0870
   -0.3305   -0.2261   -0.9163
    0.6155    0.6844   -0.3908
...   109 C-G ...
  -18.8259 -124.7237  128.4521
    0.3602   -0.7584   -0.5433
   -0.6638    0.2008   -0.7204
    0.6554    0.6201   -0.4311
...   110 G-C ...
  -17.1112 -122.5945  126.9088
   -0.1153   -0.5804   -0.8061
   -0.7519    0.5813   -0.3110
    0.6491    0.5702   -0.5035
...   111 G-C ...
  -14.8970 -120.8655  125.0671
   -0.5726   -0.1796   -0.7999
   -0.5485    0.8091    0.2110
    0.6093    0.5596   -0.5618
...   112 C-G ...
  -12.7910 -119.4468  122.8853
   -0.8136    0.2853   -0.5066
   -0.1238    0.7663    0.6304
    0.5681    0.5757   -0.5881
...   113 T-A ...
  -10.9881 -117.6161  120.7621
   -0.7841    0.6192   -0.0408
    0.3517    0.4976    0.7929
    0.5113    0.6074   -0.6080
...   114 C-G ...
   -9.3690 -115.4062  118.8861
   -0.4328    0.7718    0.4659
    0.7761    0.0561    0.6281
    0.4586    0.6334   -0.6233
...   115 G-C ...
   -7.4515 -113.2454  117.1795
    0.0917    0.5975    0.7966
    0.8987   -0.3942    0.1922
    0.4289    0.6983   -0.5731
...   116 T-A ...
   -6.5781 -110.3564  115.6280
    0.5575    0.2476    0.7924
    0.7018   -0.6505   -0.2905
    0.4435    0.7180   -0.5364
...   117 A-T ...
   -5.2114 -107.6201  114.1046
    0.8515   -0.2288    0.4717
    0.2300   -0.6456   -0.7282
    0.4712    0.7286   -0.4972
...   118 T-A ...
   -3.7265 -104.8539  113.0870
    0.8549   -0.5187    0.0042
   -0.2560   -0.4290   -0.8663
    0.4511    0.7395   -0.4996
...   119 A-T ...
   -2.4729 -102.2597  111.1231
    0.4674   -0.6289   -0.6213
   -0.7835    0.0308   -0.6206
    0.4094    0.7769   -0.4783
...   120 A-T ...
   -0.8791  -99.7720  109.7468
   -0.0828   -0.4958   -0.8645
   -0.9109    0.3895   -0.1361
    0.4042    0.7762   -0.4838
...   121 T-A ...
    0.9932  -97.5459  108.1015
   -0.5574   -0.2036   -0.8049
   -0.7252    0.5913    0.3527
    0.4041    0.7803   -0.4773
...   122 G-C ...
    2.3542  -94.8465  106.3854
   -0.9169    0.1492   -0.3701
   -0.2154    0.5957    0.7738
    0.3359    0.7892   -0.5141
...   123 T-A ...
    3.3685  -92.5065  104.2923
   -0.8971    0.4291    0.1055
    0.3037    0.4253    0.8526
    0.3210    0.7969   -0.5118
...   124 G-C ...
    4.3674  -89.7559  102.5804
   -0.5469    0.5461    0.6345
    0.7964    0.1056    0.5956
    0.2582    0.8310   -0.4926
...   125 T-A ...
    4.7381  -87.0857  100.8201
   -0.0451    0.4806    0.8758
    0.9687   -0.1933    0.1559
    0.2442    0.8554   -0.4568
...   126 C-G ...
    5.4679  -84.2865   99.4708
    0.5478    0.2737    0.7905
    0.8047   -0.4308   -0.4085
    0.2287    0.8599   -0.4563
...   127 G-C ...
    6.7492  -81.6994   97.7290
    0.8739   -0.1201    0.4711
    0.3658   -0.4759   -0.7999
    0.3202    0.8713   -0.3719
...   128 A-T ...
    7.6707  -78.8754   96.5556
    0.9175   -0.3837   -0.1044
   -0.2382   -0.3201   -0.9170
    0.3184    0.8662   -0.3851
...   129 C-G ...
    9.0061  -75.8873   96.0218
    0.6267   -0.5309   -0.5705
   -0.6963   -0.0526   -0.7159
    0.3500    0.8458   -0.4026
...   130 C-G ...
   10.6658  -73.2077   94.7063
    0.1051   -0.5538   -0.8260
   -0.9119    0.2778   -0.3022
    0.3968    0.7850   -0.4757
...   131 A-T ...
   11.1827  -70.2174   93.0774
   -0.5030   -0.3189   -0.8033
   -0.7786    0.5706    0.2610
    0.3751    0.7568   -0.5353
...   132 A-T ...
   12.4360  -67.8357   91.1914
   -0.8683    0.0767   -0.4901
   -0.3257    0.6570    0.6798
    0.3742    0.7499   -0.5455
...   133 A-T ...
   13.7278  -65.6320   89.1241
   -0.8729    0.4879   -0.0076
    0.2569    0.4727    0.8429
    0.4148    0.7338   -0.5380
...   134 T-A ...
   14.7384  -63.4258   86.8199
   -0.5923    0.6747    0.4404
    0.6886    0.1401    0.7115
    0.4183    0.7247   -0.5475
...   135 G-C ...
   15.7317  -61.4928   83.9330
    0.0341    0.7400    0.6717
    0.8636   -0.3601    0.3528
    0.5030    0.5681   -0.6514
...   136 T-A ...
   15.7848  -59.5604   80.7992
    0.5517    0.4998    0.6677
    0.6739   -0.7388   -0.0038
    0.4915    0.4520   -0.7444
...   137 G-C ...
   16.8385  -57.7219   78.2675
    0.8528   -0.0848    0.5153
    0.1507   -0.9048   -0.3983
    0.5000    0.4173   -0.7588
...   138 A-T ...
   18.4282  -55.5287   76.5298
    0.8547   -0.5006    0.1371
   -0.3188   -0.7148   -0.6224
    0.4096    0.4883   -0.7706
...   139 G-C ...
   20.4259  -54.3093   74.5419
    0.5847   -0.7389   -0.3347
   -0.7593   -0.3533   -0.5465
    0.2856    0.5737   -0.7676
...   140 C-G ...
   21.4270  -51.8266   72.7875
    0.1304   -0.7144   -0.6875
   -0.8897    0.2216   -0.3991
    0.4375    0.6637   -0.6067
...   141 G-C ...
   22.1521  -50.1495   67.4639
   -0.4682   -0.8748    0.1248
   -0.8494    0.4066   -0.3364
    0.2435   -0.2635   -0.9334
...   142 C-G ...
   22.3489  -51.2414   64.4933
   -0.8528   -0.5119   -0.1032
   -0.4975    0.8565   -0.1374
    0.1587   -0.0659   -0.9851
...   143 T-A ...
   24.0166  -51.6378   61.9247
   -0.9562    0.0401   -0.2898
    0.0524    0.9980   -0.0348
    0.2878   -0.0485   -0.9564
...   144 C-G ...
   24.8958  -52.7395   58.9873
   -0.7529    0.5560   -0.3520
    0.5214    0.8304    0.1965
    0.4016   -0.0356   -0.9151
...   145 A-T ...
   25.5276  -52.9803   55.8053
   -0.2442    0.9563   -0.1610
    0.8906    0.2869    0.3528
    0.3836   -0.0573   -0.9217
...   146 C-G ...
   25.2778  -52.5123   52.0796
    0.3204    0.9427   -0.0929
    0.8825   -0.2614    0.3909
    0.3443   -0.2072   -0.9157
...   147 A-T ...
   25.6239  -52.5940   48.6395
    0.8597    0.5097    0.0339
    0.4496   -0.7865    0.4233
    0.2424   -0.3487   -0.9053
