  147 base-pairs
...     1 T-A ...
    0.0000    0.0000    0.0000
    1.0000    0.0000    0.0000
    0.0000    1.0000    0.0000
    0.0000    0.0000    1.0000
...     2 G-C ...
   -0.5555   -1.1003    3.3981
    0.7749    0.6051    0.1828
   -0.5991    0.7953   -0.0929
   -0.2016   -0.0375    0.9787
...     3 T-A ...
   -0.6619   -3.0237    6.5348
    0.3046    0.9250    0.2271
   -0.8994    0.3578   -0.2510
   -0.3134   -0.1278    0.9410
...     4 G-C ...
   -1.1607   -3.8418    9.6940
   -0.3351    0.9421    0.0133
   -0.8752   -0.3061   -0.3746
   -0.3489   -0.1372    0.9271
...     5 A-T ...
   -1.3881   -3.6770   12.8999
   -0.7835    0.6162   -0.0801
   -0.5677   -0.7622   -0.3109
   -0.2527   -0.1981    0.9470
...     6 G-C ...
   -2.6236   -3.5448   15.7072
   -0.9923    0.0611   -0.1075
   -0.0294   -0.9610   -0.2748
   -0.1201   -0.2695    0.9555
...     7 C-G ...
   -2.3138   -3.7570   18.8866
   -0.8620   -0.4995   -0.0864
    0.5008   -0.8655    0.0073
   -0.0785   -0.0370    0.9962
...     8 G-C ...
   -3.9561   -6.8109   23.3205
   -0.2581   -0.3560   -0.8981
    0.6294   -0.7673    0.1233
   -0.7330   -0.5335    0.4221
...     9 C-G ...
   -6.1177   -8.9414   24.2385
    0.1143   -0.7320   -0.6716
    0.8123   -0.3203    0.4874
   -0.5720   -0.6013    0.5580
...    10 T-A ...
   -8.5041   -9.6771   26.0540
    0.4660   -0.8587   -0.2131
    0.6274    0.1508    0.7640
   -0.6239   -0.4897    0.6090
...    11 C-G ...
  -11.0625  -11.3174   27.2336
    0.6660   -0.6911    0.2808
    0.3382    0.6152    0.7121
   -0.6649   -0.3794    0.6435
...    12 A-T ...
  -13.0013  -13.1789   29.0658
    0.7188   -0.1490    0.6790
   -0.1787    0.9043    0.3876
   -0.6718   -0.4000    0.6235
...    13 C-G ...
  -14.1788  -15.9359   31.3399
    0.4052    0.2865    0.8682
   -0.5270    0.8492   -0.0343
   -0.7470   -0.4437    0.4951
...    14 A-T ...
  -15.9532  -18.1566   33.3080
   -0.1503    0.6873    0.7107
   -0.6106    0.5008   -0.6135
   -0.7776   -0.5261    0.3444
...    15 A-T ...
  -18.3863  -19.8369   34.6372
   -0.4542    0.8656    0.2109
   -0.4211    0.0000   -0.9070
   -0.7851   -0.5008    0.3645
...    16 T-A ...
  -20.7492  -21.2413   36.4474
   -0.5962    0.7471   -0.2939
   -0.1352   -0.4542   -0.8806
   -0.7914   -0.4853    0.3718
...    17 T-A ...
  -23.3415  -22.6210   37.8519
   -0.5685    0.3319   -0.7527
    0.2311   -0.8137   -0.5334
   -0.7895   -0.4772    0.3859
...    18 T-A ...
  -26.0075  -23.9096   39.2233
   -0.3446   -0.2312   -0.9098
    0.5198   -0.8540    0.0201
   -0.7817   -0.4661    0.4145
...    19 A-T ...
  -28.2970  -25.8296   40.9100
    0.0474   -0.7717   -0.6342
    0.6274   -0.4710    0.6200
   -0.7772   -0.4273    0.4618
...    20 T-A ...
  -31.2446  -26.9938   41.9100
    0.3523   -0.9141   -0.2008
    0.5150    0.0102    0.8571
   -0.7815   -0.4054    0.4743
...    21 T-A ...
  -33.9336  -28.2926   43.2271
    0.5672   -0.7390    0.3634
    0.2184    0.5605    0.7988
   -0.7941   -0.3737    0.4793
...    22 C-G ...
  -36.5813  -29.5497   44.7604
    0.6042   -0.2331    0.7620
   -0.1661    0.8984    0.4065
   -0.7794   -0.3721    0.5041
...    23 G-C ...
  -39.3143  -30.3722   46.6005
    0.4850    0.3712    0.7918
   -0.4921    0.8643   -0.1038
   -0.7229   -0.3394    0.6019
...    24 C-G ...
  -41.4057  -31.7628   48.7864
    0.1667    0.8085    0.5644
   -0.6855    0.5065   -0.5230
   -0.7087   -0.2997    0.6387
...    25 A-T ...
  -43.9293  -32.5641   50.8590
   -0.1882    0.9789    0.0801
   -0.6794   -0.0708   -0.7303
   -0.7092   -0.1919    0.6784
...    26 A-T ...
  -46.1059  -33.0391   53.2251
   -0.5435    0.7550   -0.3669
   -0.4488   -0.6307   -0.6331
   -0.7093   -0.1795    0.6816
...    27 A-T ...
  -48.3628  -33.3759   55.5459
   -0.7068    0.2409   -0.6652
   -0.0508   -0.9551   -0.2919
   -0.7056   -0.1725    0.6873
...    28 G-C ...
  -50.8173  -33.6121   57.8088
   -0.5824   -0.3159   -0.7490
    0.3316   -0.9336    0.1359
   -0.7422   -0.1692    0.6485
...    29 G-C ...
  -53.5409  -33.9905   59.8126
   -0.2434   -0.7762   -0.5816
    0.5841   -0.5961    0.5510
   -0.7743   -0.2056    0.5984
...    30 C-G ...
  -56.3861  -34.5428   61.4959
    0.1543   -0.9701   -0.1871
    0.6136   -0.0543    0.7877
   -0.7744   -0.2364    0.5869
...    31 C-G ...
  -59.1333  -35.4551   63.2658
    0.5289   -0.8114    0.2486
    0.4082    0.5000    0.7638
   -0.7441   -0.3025    0.5957
...    32 G-C ...
  -61.4782  -36.1988   65.6028
    0.7399   -0.3368    0.5823
    0.0138    0.8730    0.4875
   -0.6726   -0.3527    0.6506
...    33 G-C ...
  -63.6380  -37.6159   67.7835
    0.6739    0.2419    0.6981
   -0.4144    0.9060    0.0862
   -0.6116   -0.3474    0.7108
...    34 C-G ...
  -65.3528  -39.0686   70.2440
    0.3546    0.7234    0.5924
   -0.7283    0.6110   -0.3102
   -0.5864   -0.3215    0.7435
...    35 C-G ...
  -67.0666  -40.0733   72.9845
   -0.0673    0.9649    0.2538
   -0.8201    0.0914   -0.5649
   -0.5683   -0.2461    0.7852
...    36 C-G ...
  -68.8111  -40.6251   75.8401
   -0.4713    0.8657   -0.1685
   -0.6601   -0.4729   -0.5835
   -0.5849   -0.1638    0.7944
...    37 G-C ...
  -71.0974  -41.2682   78.2577
   -0.7070    0.4441   -0.5504
   -0.2895   -0.8918   -0.3477
   -0.6453   -0.0864    0.7590
...    38 A-T ...
  -73.2468  -41.4342   80.7628
   -0.7224   -0.1860   -0.6660
    0.1929   -0.9791    0.0641
   -0.6640   -0.0822    0.7432
...    39 C-G ...
  -75.6872  -41.1275   83.0264
   -0.4877   -0.6847   -0.5416
    0.5477   -0.7231    0.4209
   -0.6798   -0.0913    0.7276
...    40 A-T ...
  -77.8297  -41.5851   85.5714
   -0.0083   -0.9681   -0.2504
    0.7144   -0.1810    0.6759
   -0.6997   -0.1732    0.6932
...    41 C-G ...
  -80.5575  -42.2105   87.3766
    0.3990   -0.9071    0.1342
    0.5996    0.3688    0.7102
   -0.6937   -0.2029    0.6910
...    42 G-C ...
  -82.6240  -42.7603   90.0082
    0.7442   -0.5014    0.4412
    0.2389    0.8168    0.5252
   -0.6237   -0.2854    0.7277
...    43 A-T ...
  -84.6385  -43.7868   92.4056
    0.7577    0.1037    0.6443
   -0.2678    0.9497    0.1622
   -0.5951   -0.2954    0.7474
...    44 C-G ...
  -86.2418  -45.2974   94.9009
    0.5078    0.6076    0.6107
   -0.6444    0.7384   -0.1989
   -0.5718   -0.2925    0.7665
...    45 T-A ...
  -87.8400  -46.3133   97.6485
    0.0960    0.9270    0.3626
   -0.8347    0.2735   -0.4781
   -0.5423   -0.2568    0.8000
...    46 T-A ...
  -89.3759  -47.1662  100.3947
   -0.4289    0.9029    0.0278
   -0.7282   -0.3274   -0.6022
   -0.5346   -0.2785    0.7979
...    47 A-T ...
  -91.4223  -48.4055  102.8232
   -0.8148    0.4592   -0.3539
   -0.2632   -0.8369   -0.4799
   -0.5165   -0.2978    0.8028
...    48 C-G ...
  -93.1248  -48.7745  105.6852
   -0.8187   -0.0643   -0.5706
    0.2204   -0.9528   -0.2088
   -0.5302   -0.2967    0.7943
...    49 T-A ...
  -95.1012  -49.4994  108.2853
   -0.5336   -0.5605   -0.6334
    0.6293   -0.7634    0.1454
   -0.5651   -0.3210    0.7601
...    50 G-C ...
  -96.8943  -50.7919  110.8120
   -0.0058   -0.8640   -0.5035
    0.8136   -0.2968    0.4999
   -0.5814   -0.4068    0.7047
...    51 T-A ...
  -99.2732  -52.1167  112.7088
    0.4556   -0.8701   -0.1882
    0.6897    0.2113    0.6925
   -0.5628   -0.4453    0.6964
...    52 A-T ...
 -101.0151  -53.6121  115.1634
    0.8237   -0.5240    0.2168
    0.2559    0.6847    0.6824
   -0.5060   -0.5066    0.6980
...    53 G-C ...
 -102.6044  -55.5652  117.3339
    0.8657   -0.0289    0.4997
   -0.2456    0.8453    0.4744
   -0.4361   -0.5335    0.7247
...    54 G-C ...
 -103.7092  -57.5506  119.8383
    0.6111    0.4917    0.6204
   -0.7074    0.6908    0.1493
   -0.3552   -0.5301    0.7699
...    55 T-A ...
 -104.2849  -59.5527  122.4404
    0.1350    0.7964    0.5895
   -0.9319    0.3042   -0.1975
   -0.3366   -0.5227    0.7833
...    56 A-T ...
 -105.9701  -61.3310  124.8474
   -0.5425    0.7637    0.3501
   -0.7805   -0.3041   -0.5462
   -0.3106   -0.5695    0.7610
...    57 T-A ...
 -106.5424  -62.8489  127.7508
   -0.8809    0.4723    0.0314
   -0.3754   -0.6566   -0.6542
   -0.2884   -0.5880    0.7557
...    58 C-G ...
 -107.4757  -64.7191  130.3260
   -0.9250   -0.0271   -0.3791
    0.2467   -0.8016   -0.5446
   -0.2891   -0.5972    0.7481
...    59 T-A ...
 -108.6486  -66.4936  132.9114
   -0.6219   -0.4338   -0.6520
    0.7168   -0.6506   -0.2508
   -0.3154   -0.6233    0.7155
...    60 C-G ...
 -109.7298  -68.4808  135.3167
   -0.0506   -0.7091   -0.7033
    0.9513   -0.2487    0.1823
   -0.3042   -0.6598    0.6871
...    61 G-C ...
 -110.4102  -70.7556  137.7283
    0.5356   -0.6173   -0.5763
    0.8119    0.1889    0.5523
   -0.2320   -0.7637    0.6024
...    62 A-T ...
 -111.1667  -73.3124  139.6237
    0.9259   -0.3322   -0.1799
    0.3354    0.5037    0.7961
   -0.1739   -0.7974    0.5778
...    63 G-C ...
 -111.6223  -76.1467  141.2782
    0.9728    0.0640    0.2229
   -0.2185    0.5744    0.7889
   -0.0775   -0.8161    0.5727
...    64 C-G ...
 -111.4232  -79.0323  142.9128
    0.6898    0.4111    0.5959
   -0.7239    0.4046    0.5589
   -0.0114   -0.8169    0.5767
...    65 T-A ...
 -111.0429  -81.7311  144.8245
    0.1781    0.5989    0.7808
   -0.9826    0.0659    0.1736
    0.0525   -0.7981    0.6002
...    66 C-G ...
 -110.7536  -84.2501  146.9522
   -0.4604    0.5046    0.7303
   -0.8840   -0.3359   -0.3252
    0.0812   -0.7953    0.6007
...    67 G-C ...
 -110.9195  -87.0767  148.8108
   -0.8990    0.2305    0.3723
   -0.4332   -0.5918   -0.6798
    0.0636   -0.7725    0.6319
...    68 G-C ...
 -110.6218  -89.5519  151.1307
   -0.9867   -0.1190   -0.1108
    0.1607   -0.6088   -0.7768
    0.0250   -0.7843    0.6199
...    69 G-C ...
 -110.4918  -92.0528  153.4406
   -0.7217   -0.3901   -0.5717
    0.6921   -0.4113   -0.5931
   -0.0037   -0.8238    0.5669
...    70 A-T ...
 -110.4685  -94.6715  155.4327
   -0.1641   -0.5189   -0.8389
    0.9863   -0.0721   -0.1483
    0.0165   -0.8518    0.5236
...    71 T-A ...
 -111.0541  -97.4570  157.0547
    0.3600   -0.4541   -0.8150
    0.9323    0.2085    0.2957
    0.0356   -0.8662    0.4983
...    72 C-G ...
 -110.9409 -100.3328  158.6038
    0.8333   -0.1699   -0.5261
    0.5438    0.4230    0.7248
    0.0993   -0.8901    0.4449
...    73 C-G ...
 -110.4479 -103.4679  159.7159
    0.9747    0.2012   -0.0978
    0.0097    0.3989    0.9169
    0.2235   -0.8947    0.3869
...    74 G-C ...
 -109.2827 -106.2236  161.3103
    0.7709    0.5051    0.3882
   -0.5100    0.1243    0.8511
    0.3816   -0.8541    0.3534
...    75 C-G ...
 -107.4790 -108.8537  162.3057
    0.3393    0.5131    0.7884
   -0.8307   -0.2299    0.5071
    0.4414   -0.8270    0.3482
...    76 T-A ...
 -105.6553 -111.3819  163.5175
   -0.1887    0.3084    0.9324
   -0.8529   -0.5221    0.0001
    0.4868   -0.7952    0.3615
...    77 T-A ...
 -103.7590 -113.7827  164.6968
   -0.6250   -0.1392    0.7681
   -0.5684   -0.5932   -0.5701
    0.5350   -0.7929    0.2916
...    78 T-A ...
 -101.7723 -116.1459  165.8105
   -0.7940   -0.5372    0.2845
   -0.0889   -0.3604   -0.9286
    0.6013   -0.7626    0.2384
...    79 A-T ...
  -99.3526 -118.6342  165.8500
   -0.5773   -0.7006   -0.4195
    0.4396    0.1663   -0.8826
    0.6881   -0.6940    0.2120
...    80 A-T ...
  -97.2004 -120.9136  166.7310
   -0.1994   -0.4675   -0.8612
    0.6714    0.5749   -0.4676
    0.7137   -0.6715    0.1992
...    81 C-G ...
  -95.2907 -123.4844  167.5290
    0.1531   -0.0440   -0.9872
    0.6656    0.7430    0.0701
    0.7304   -0.6678    0.1430
...    82 A-T ...
  -92.6897 -125.5929  167.9701
    0.3872    0.4943   -0.7783
    0.4771    0.6149    0.6279
    0.7889   -0.6145    0.0023
...    83 C-G ...
  -90.3346 -127.7915  167.3928
    0.5234    0.7884   -0.3232
    0.2222    0.2399    0.9450
    0.8226   -0.5665   -0.0496
...    84 T-A ...
  -87.5158 -129.4478  166.8522
    0.4824    0.8397    0.2494
   -0.0394   -0.2637    0.9638
    0.8750   -0.4748   -0.0941
...    85 T-A ...
  -84.6029 -130.7943  166.3573
    0.3676    0.5236    0.7685
   -0.2864   -0.7225    0.6292
    0.8848   -0.4514   -0.1157
...    86 T-A ...
  -81.6064 -131.9847  165.8473
    0.1672   -0.0357    0.9853
   -0.4338   -0.9001    0.0410
    0.8854   -0.4342   -0.1660
...    87 A-T ...
  -78.9904 -134.0797  164.8321
   -0.0577   -0.7194    0.6922
   -0.4558   -0.5978   -0.6594
    0.8882   -0.3536   -0.2934
...    88 T-A ...
  -75.7702 -134.8813  164.4031
   -0.2439   -0.9455    0.2159
   -0.3713   -0.1147   -0.9214
    0.8959   -0.3049   -0.3231
...    89 G-C ...
  -72.8980 -135.7509  162.9373
   -0.4527   -0.8078   -0.3774
   -0.1668    0.4925   -0.8541
    0.8759   -0.3237   -0.3578
...    90 C-G ...
  -69.8803 -136.9443  162.1064
   -0.5080   -0.3760   -0.7749
    0.0839    0.8738   -0.4790
    0.8573   -0.3084   -0.4123
...    91 T-A ...
  -67.1350 -138.1992  160.7238
   -0.4592    0.1810   -0.8697
    0.3310    0.9434    0.0216
    0.8244   -0.2780   -0.4931
...    92 T-A ...
  -64.5661 -139.1945  159.0454
   -0.2463    0.7009   -0.6693
    0.5317    0.6751    0.5113
    0.8103   -0.2299   -0.5390
...    93 C-G ...
  -61.9899 -139.8198  157.1535
    0.0386    0.9799   -0.1958
    0.6001    0.1340    0.7887
    0.7990   -0.1479   -0.5828
...    94 C-G ...
  -59.4662 -139.8426  154.9167
    0.2671    0.9036    0.3348
    0.5388   -0.4281    0.7255
    0.7989   -0.0134   -0.6013
...    95 G-C ...
  -56.4821 -139.5911  153.3203
    0.4382    0.4942    0.7508
    0.3831   -0.8583    0.3413
    0.8131    0.1381   -0.5655
...    96 G-C ...
  -53.6345 -138.6182  151.7084
    0.5351   -0.0851    0.8405
    0.1285   -0.9751   -0.1805
    0.8350    0.2046   -0.5108
...    97 C-G ...
  -50.7493 -137.5801  150.3062
    0.5106   -0.6290    0.5863
   -0.1756   -0.7437   -0.6450
    0.8417    0.2264   -0.4901
...    98 T-A ...
  -47.8124 -136.6665  148.9478
    0.3213   -0.9394    0.1194
   -0.4233   -0.2552   -0.8693
    0.8471    0.2288   -0.4797
...    99 C-G ...
  -44.9753 -135.7982  147.4360
   -0.0031   -0.8914   -0.4531
   -0.5523    0.3793   -0.7424
    0.8337    0.2479   -0.4935
...   100 G-C ...
  -42.4550 -134.4740  145.5704
   -0.4011   -0.5176   -0.7558
   -0.4750    0.8230   -0.3116
    0.7833    0.2340   -0.5760
...   101 T-A ...
  -39.6894 -134.2528  143.7379
   -0.6261   -0.0021   -0.7797
   -0.1992    0.9672    0.1574
    0.7538    0.2539   -0.6060
...   102 A-T ...
  -37.2448 -133.2229  141.6865
   -0.7013    0.5466   -0.4576
    0.2237    0.7782    0.5868
    0.6769    0.3092   -0.6680
...   103 T-A ...
  -35.3864 -132.5712  139.0797
   -0.5160    0.8538   -0.0692
    0.5540    0.3942    0.7332
    0.6533    0.3400   -0.6765
...   104 T-A ...
  -33.4568 -131.4044  136.7621
   -0.1334    0.9097    0.3934
    0.7640   -0.1584    0.6254
    0.6312    0.3840   -0.6739
...   105 C-G ...
  -31.4769 -129.8770  134.6340
    0.3240    0.6188    0.7156
    0.7211   -0.6512    0.2367
    0.6125    0.4393   -0.6572
...   106 A-T ...
  -29.2372 -128.4140  132.6109
    0.6418    0.0817    0.7625
    0.4294   -0.8621   -0.2691
    0.6354    0.5002   -0.5884
...   107 T-A ...
  -27.3686 -126.1755  131.0162
    0.7886   -0.3709    0.4904
    0.0299   -0.7734   -0.6332
    0.6141    0.5140   -0.5988
...   108 G-C ...
  -25.3139 -124.7285  128.8096
    0.6219   -0.7828    0.0222
   -0.4434   -0.3754   -0.8139
    0.6455    0.4963   -0.5806
...   109 T-A ...
  -22.8287 -122.9460  127.3929
    0.2763   -0.8605   -0.4281
   -0.7195    0.1101   -0.6857
    0.6371    0.4974   -0.5887
...   110 T-A ...
  -20.5787 -121.3208  125.6772
   -0.1902   -0.6106   -0.7688
   -0.7586    0.5884   -0.2797
    0.6231    0.5300   -0.5751
...   111 A-T ...
  -18.7787 -119.1259  123.8034
   -0.6473   -0.0955   -0.7562
   -0.4679    0.8330    0.2954
    0.6017    0.5450   -0.5839
...   112 T-A ...
  -16.6751 -117.9038  121.5936
   -0.8064    0.3399   -0.4839
   -0.0678    0.7597    0.6467
    0.5875    0.5543   -0.5896
...   113 A-T ...
  -14.7963 -115.8303  119.7245
   -0.7258    0.6848    0.0653
    0.4545    0.4061    0.7928
    0.5164    0.6051   -0.6060
...   114 A-T ...
  -13.3219 -113.8433  117.6275
   -0.3363    0.7799    0.5279
    0.7999   -0.0593    0.5972
    0.4970    0.6231   -0.6039
...   115 C-G ...
  -12.2996 -111.5454  115.4466
    0.1338    0.6046    0.7852
    0.8680   -0.4538    0.2015
    0.4782    0.6546   -0.5856
...   116 G-C ...
  -10.3252 -109.3831  113.7296
    0.5731    0.1680    0.8021
    0.6581   -0.6776   -0.3283
    0.4883    0.7160   -0.4989
...   117 G-C ...
   -8.7023 -106.7259  112.3457
    0.8160   -0.2899    0.5001
    0.2310   -0.6295   -0.7419
    0.5299    0.7209   -0.4467
...   118 A-T ...
   -6.9600 -104.2685  110.9590
    0.7820   -0.6204   -0.0598
   -0.3188   -0.3157   -0.8937
    0.5356    0.7179   -0.4446
...   119 A-T ...
   -5.1197 -101.8612  109.7463
    0.4508   -0.6654   -0.5950
   -0.7313    0.1069   -0.6737
    0.5119    0.7388   -0.4384
...   120 A-T ...
   -3.2744  -99.5016  108.4629
   -0.0658   -0.4590   -0.8860
   -0.8629    0.4721   -0.1805
    0.5011    0.7526   -0.4272
...   121 T-A ...
   -1.1109  -97.4447  107.0535
   -0.5086   -0.1445   -0.8488
   -0.7031    0.6388    0.3125
    0.4971    0.7557   -0.4265
...   122 G-C ...
    0.2554  -94.7011  105.6628
   -0.8709    0.1936   -0.4516
   -0.2489    0.6187    0.7452
    0.4237    0.7614   -0.4907
...   123 T-A ...
    1.5418  -92.5144  103.5147
   -0.8803    0.4725    0.0431
    0.2676    0.4194    0.8675
    0.3918    0.7751   -0.4956
...   124 G-C ...
    2.7812  -89.6992  102.1474
   -0.5781    0.5582    0.5952
    0.7534    0.0850    0.6521
    0.3134    0.8254   -0.4696
...   125 T-A ...
    3.1972  -86.8860  100.3968
   -0.0808    0.4931    0.8662
    0.9498   -0.2255    0.2170
    0.3024    0.8402   -0.4501
...   126 C-G ...
    4.1095  -84.0271   99.0020
    0.5116    0.2362    0.8261
    0.8045   -0.4692   -0.3641
    0.3016    0.8509   -0.4301
...   127 G-C ...
    5.4673  -81.3357   97.4352
    0.8572   -0.1599    0.4896
    0.3601   -0.4936   -0.7916
    0.3683    0.8548   -0.3655
...   128 A-T ...
    6.6588  -78.4605   96.3102
    0.8898   -0.4475   -0.0892
   -0.2393   -0.2913   -0.9262
    0.3885    0.8455   -0.3663
...   129 C-G ...
    8.2249  -75.5813   95.6688
    0.6045   -0.5556   -0.5709
   -0.6841    0.0052   -0.7294
    0.4082    0.8315   -0.3769
...   130 C-G ...
    9.8540  -72.8544   94.4826
    0.0747   -0.5231   -0.8490
   -0.8982    0.3345   -0.2851
    0.4331    0.7839   -0.4448
...   131 A-T ...
   11.0299  -70.1178   92.9139
   -0.5155   -0.2934   -0.8051
   -0.7539    0.6019    0.2633
    0.4074    0.7427   -0.5315
...   132 A-T ...
   12.4538  -67.8575   91.0614
   -0.8620    0.1182   -0.4929
   -0.3012    0.6628    0.6856
    0.4077    0.7394   -0.5358
...   133 A-T ...
   13.7516  -65.5885   89.1229
   -0.8691    0.4947    0.0051
    0.2712    0.4678    0.8412
    0.4138    0.7324   -0.5407
...   134 T-A ...
   14.7384  -63.4258   86.8199
   -0.5923    0.6747    0.4404
    0.6886    0.1401    0.7115
    0.4183    0.7247   -0.5475
...   135 G-C ...
   15.7317  -61.4928   83.9330
    0.0341    0.7400    0.6717
    0.8636   -0.3601    0.3528
    0.5030    0.5681   -0.6514
...   136 T-A ...
   15.7848  -59.5604   80.7992
    0.5517    0.4998    0.6677
    0.6739   -0.7388   -0.0038
    0.4915    0.4520   -0.7444
...   137 G-C ...
   16.8385  -57.7219   78.2676
    0.8528   -0.0848    0.5153
    0.1507   -0.9048   -0.3983
    0.5000    0.4173   -0.7588
...   138 A-T ...
   18.4282  -55.5287   76.5299
    0.8547   -0.5006    0.1371
   -0.3188   -0.7148   -0.6224
    0.4096    0.4883   -0.7706
...   139 G-C ...
   20.4259  -54.3093   74.5420
    0.5847   -0.7389   -0.3347
   -0.7593   -0.3533   -0.5465
    0.2856    0.5737   -0.7676
...   140 C-G ...
   21.4270  -51.8266   72.7876
    0.1304   -0.7144   -0.6875
   -0.8897    0.2216   -0.3991
    0.4375    0.6637   -0.6067
...   141 G-C ...
   22.1521  -50.1495   67.4640
   -0.4682   -0.8748    0.1248
   -0.8494    0.4066   -0.3364
    0.2435   -0.2635   -0.9334
...   142 C-G ...
   22.3489  -51.2414   64.4933
   -0.8528   -0.5119   -0.1032
   -0.4975    0.8565   -0.1374
    0.1587   -0.0659   -0.9851
...   143 T-A ...
   24.0166  -51.6378   61.9248
   -0.9562    0.0401   -0.2898
    0.0524    0.9980   -0.0348
    0.2878   -0.0485   -0.9564
...   144 C-G ...
   24.8958  -52.7395   58.9873
   -0.7529    0.5560   -0.3520
    0.5214    0.8304    0.1965
    0.4016   -0.0356   -0.9151
...   145 A-T ...
   25.5276  -52.9803   55.8053
   -0.2442    0.9563   -0.1610
    0.8906    0.2869    0.3528
    0.3836   -0.0573   -0.9217
...   146 C-G ...
   25.2778  -52.5123   52.0796
    0.3204    0.9427   -0.0929
    0.8825   -0.2614    0.3909
    0.3443   -0.2072   -0.9157
...   147 A-T ...
   25.6239  -52.5940   48.6396
    0.8597    0.5097    0.0339
    0.4496   -0.7865    0.4233
    0.2424   -0.3487   -0.9053
