  147 base-pairs
...     1 T-A ...
    0.0000    0.0000    0.0000
    1.0000    0.0000    0.0000
    0.0000    1.0000    0.0000
    0.0000    0.0000    1.0000
...     2 G-C ...
   -0.5555   -1.1003    3.3981
    0.7749    0.6051    0.1828
   -0.5991    0.7953   -0.0929
   -0.2016   -0.0375    0.9787
...     3 T-A ...
   -0.6619   -3.0237    6.5348
    0.3046    0.9250    0.2271
   -0.8994    0.3578   -0.2510
   -0.3134   -0.1278    0.9410
...     4 G-C ...
   -1.1607   -3.8418    9.6940
   -0.3351    0.9421    0.0133
   -0.8752   -0.3061   -0.3746
   -0.3489   -0.1372    0.9271
...     5 A-T ...
   -1.3881   -3.6770   12.8999
   -0.7835    0.6162   -0.0801
   -0.5677   -0.7622   -0.3109
   -0.2527   -0.1981    0.9470
...     6 G-C ...
   -2.6236   -3.5448   15.7072
   -0.9923    0.0611   -0.1075
   -0.0294   -0.9610   -0.2748
   -0.1201   -0.2695    0.9555
...     7 C-G ...
   -2.3138   -3.7570   18.8866
   -0.8620   -0.4995   -0.0864
    0.5008   -0.8655    0.0073
   -0.0785   -0.0370    0.9962
...     8 G-C ...
   -3.9561   -6.8109   23.3205
   -0.2581   -0.3560   -0.8981
    0.6294   -0.7673    0.1233
   -0.7330   -0.5335    0.4221
...     9 C-G ...
   -6.1177   -8.9414   24.2385
    0.1143   -0.7320   -0.6716
    0.8123   -0.3203    0.4874
   -0.5720   -0.6013    0.5580
...    10 T-A ...
   -8.5041   -9.6771   26.0540
    0.4660   -0.8587   -0.2131
    0.6274    0.1508    0.7640
   -0.6239   -0.4897    0.6090
...    11 C-G ...
  -11.0625  -11.3174   27.2336
    0.6660   -0.6911    0.2808
    0.3382    0.6152    0.7121
   -0.6649   -0.3794    0.6435
...    12 A-T ...
  -13.0013  -13.1789   29.0658
    0.7188   -0.1490    0.6790
   -0.1787    0.9043    0.3876
   -0.6718   -0.4000    0.6235
...    13 C-G ...
  -14.1788  -15.9359   31.3399
    0.4052    0.2865    0.8682
   -0.5270    0.8492   -0.0343
   -0.7470   -0.4437    0.4951
...    14 A-T ...
  -15.9532  -18.1566   33.3080
   -0.1503    0.6873    0.7107
   -0.6106    0.5008   -0.6135
   -0.7776   -0.5261    0.3444
...    15 A-T ...
  -18.3945  -19.8499   34.6158
   -0.4628    0.8628    0.2032
   -0.4114   -0.0060   -0.9114
   -0.7852   -0.5054    0.3578
...    16 T-A ...
  -20.7716  -21.2707   36.3991
   -0.5994    0.7388   -0.3081
   -0.1164   -0.4613   -0.8796
   -0.7919   -0.4914    0.3625
...    17 T-A ...
  -23.3749  -22.6828   37.7523
   -0.5552    0.3165   -0.7692
    0.2536   -0.8163   -0.5190
   -0.7921   -0.4832    0.3729
...    18 T-A ...
  -26.0542  -24.0096   39.0608
   -0.3130   -0.2490   -0.9165
    0.5315   -0.8457    0.0483
   -0.7871   -0.4720    0.3971
...    19 A-T ...
  -28.3553  -25.9730   40.7170
    0.0861   -0.7862   -0.6119
    0.6113   -0.4433    0.6556
   -0.7867   -0.4305    0.4425
...    20 T-A ...
  -31.3198  -27.1718   41.6315
    0.3783   -0.9122   -0.1577
    0.4770    0.0461    0.8777
   -0.7933   -0.4072    0.4525
...    21 T-A ...
  -34.0415  -28.4850   42.8746
    0.5611   -0.7130    0.4205
    0.1658    0.5946    0.7867
   -0.8110   -0.3717    0.4519
...    22 C-G ...
  -36.7521  -29.7374   44.3220
    0.5584   -0.1851    0.8086
   -0.2098    0.9116    0.3536
   -0.8026   -0.3671    0.4702
...    23 G-C ...
  -39.6154  -30.5131   46.0073
    0.4089    0.4243    0.8079
   -0.5038    0.8431   -0.1878
   -0.7609   -0.3303    0.5585
...    24 C-G ...
  -41.8703  -31.8632   48.0730
    0.0890    0.8428    0.5308
   -0.6501    0.4529   -0.6101
   -0.7546   -0.2908    0.5882
...    25 A-T ...
  -44.5886  -32.6625   49.8989
   -0.2378    0.9713    0.0009
   -0.5967   -0.1453   -0.7892
   -0.7664   -0.1882    0.6141
...    26 A-T ...
  -46.9842  -33.1267   52.0486
   -0.5379    0.6997   -0.4702
   -0.3459   -0.6918   -0.6338
   -0.7688   -0.1783    0.6141
...    27 A-T ...
  -49.4640  -33.4700   54.1295
   -0.6388    0.1543   -0.7538
    0.0339   -0.9731   -0.2280
   -0.7687   -0.1712    0.6163
...    28 G-C ...
  -52.1523  -33.7243   56.1165
   -0.4690   -0.4045   -0.7851
    0.3674   -0.8977    0.2431
   -0.8032   -0.1744    0.5697
...    29 G-C ...
  -55.0743  -34.1688   57.8094
   -0.1194   -0.8316   -0.5425
    0.5466   -0.5112    0.6633
   -0.8288   -0.2173    0.5156
...    30 C-G ...
  -58.0763  -34.8214   59.1679
    0.2405   -0.9671   -0.0827
    0.5073    0.0526    0.8602
   -0.8276   -0.2489    0.5032
...    31 C-G ...
  -60.9521  -35.8246   60.6712
    0.5431   -0.7430    0.3912
    0.2611    0.5923    0.7623
   -0.7980   -0.3119    0.5157
...    32 G-C ...
  -63.5467  -36.5594   62.7572
    0.6629   -0.2188    0.7161
   -0.1265    0.9099    0.3951
   -0.7380   -0.3525    0.5754
...    33 G-C ...
  -65.9240  -37.9450   64.7329
    0.5257    0.3676    0.7671
   -0.4939    0.8661   -0.0766
   -0.6926   -0.3386    0.6369
...    34 C-G ...
  -67.9287  -39.3290   67.0280
    0.1796    0.8079    0.5612
   -0.7121    0.5004   -0.4925
   -0.6787   -0.3113    0.6652
...    35 C-G ...
  -70.0345  -40.2716   69.5150
   -0.2065    0.9700    0.1281
   -0.7053   -0.0568   -0.7066
   -0.6782   -0.2363    0.6959
...    36 C-G ...
  -72.2265  -40.7988   72.0574
   -0.5186    0.7801   -0.3499
   -0.4807   -0.6045   -0.6352
   -0.7071   -0.1612    0.6885
...    37 G-C ...
  -74.8467  -41.5374   74.1000
   -0.6276    0.2909   -0.7221
   -0.1082   -0.9512   -0.2891
   -0.7710   -0.1033    0.6285
...    38 A-T ...
  -77.4222  -41.7791   76.1633
   -0.5405   -0.3485   -0.7658
    0.2924   -0.9312    0.2174
   -0.7889   -0.1064    0.6052
...    39 C-G ...
  -80.2968  -41.6133   77.8599
   -0.2708   -0.7977   -0.5388
    0.5319   -0.5905    0.6069
   -0.8023   -0.1223    0.5842
...    40 A-T ...
  -82.8596  -42.1647   79.9760
    0.1745   -0.9772   -0.1213
    0.5658   -0.0013    0.8245
   -0.8059   -0.2125    0.5526
...    41 C-G ...
  -85.8141  -43.0402   81.2514
    0.4782   -0.8126    0.3332
    0.3675    0.5297    0.7644
   -0.7977   -0.2431    0.5519
...    42 G-C ...
  -88.3126  -43.6718   83.4800
    0.6790   -0.3196    0.6609
   -0.0147    0.8942    0.4474
   -0.7340   -0.3135    0.6025
...    43 A-T ...
  -90.6822  -44.7848   85.5038
    0.5429    0.3042    0.7828
   -0.4402    0.8968   -0.0432
   -0.7152   -0.3212    0.6208
...    44 C-G ...
  -92.6380  -46.3082   87.7513
    0.2226    0.7519    0.6205
   -0.6765    0.5774   -0.4570
   -0.7020   -0.3180    0.6373
...    45 T-A ...
  -94.7534  -47.3421   90.1360
   -0.1692    0.9579    0.2320
   -0.7018    0.0482   -0.7108
   -0.6920   -0.2831    0.6641
...    46 T-A ...
  -96.8292  -48.2425   92.4909
   -0.5782    0.7853   -0.2213
   -0.4520   -0.5342   -0.7144
   -0.6792   -0.3130    0.6639
...    47 A-T ...
  -99.2081  -49.7584   94.4445
   -0.7533    0.2130   -0.6223
    0.0665   -0.9166   -0.3942
   -0.6543   -0.3383    0.6763
...    48 C-G ...
 -101.5423  -50.2683   96.7958
   -0.5787   -0.3187   -0.7506
    0.4698   -0.8827    0.0126
   -0.6666   -0.3454    0.6606
...    49 T-A ...
 -103.9949  -51.2328   98.8644
   -0.1772   -0.7333   -0.6565
    0.7058   -0.5595    0.4345
   -0.6859   -0.3864    0.6167
...    50 G-C ...
 -106.1379  -52.7358  100.9867
    0.3486   -0.8750   -0.3361
    0.6588   -0.0264    0.7519
   -0.6667   -0.4835    0.5672
...    51 T-A ...
 -108.6179  -54.4939  102.3163
    0.6797   -0.7267    0.0997
    0.3597    0.4487    0.8181
   -0.6393   -0.5202    0.5664
...    52 A-T ...
 -110.6623  -56.1119  104.4727
    0.7897   -0.2501    0.5602
   -0.1677    0.7904    0.5892
   -0.5901   -0.5592    0.5822
...    53 G-C ...
 -112.4285  -58.2208  106.3634
    0.5979    0.2661    0.7561
   -0.5968    0.7775    0.1983
   -0.5351   -0.5698    0.6237
...    54 G-C ...
 -113.9072  -60.1947  108.6939
    0.1801    0.6986    0.6924
   -0.8561    0.4581   -0.2395
   -0.4845   -0.5496    0.6806
...    55 T-A ...
 -114.9493  -62.0889  111.2628
   -0.3223    0.8376    0.4411
   -0.8181   -0.0120   -0.5749
   -0.4762   -0.5462    0.6891
...    56 A-T ...
 -116.9962  -64.2759  113.0434
   -0.8423    0.5385   -0.0226
   -0.3478   -0.5750   -0.7405
   -0.4117   -0.6159    0.6716
...    57 T-A ...
 -118.2327  -65.8150  115.7266
   -0.9096    0.1300   -0.3946
    0.1610   -0.7653   -0.6233
   -0.3830   -0.6305    0.6752
...    58 C-G ...
 -119.4880  -67.8421  118.0459
   -0.6088   -0.3649   -0.7045
    0.6980   -0.6685   -0.2569
   -0.3772   -0.6481    0.6616
...    59 A-T ...
 -120.4861  -70.1493  120.2879
   -0.0296   -0.6292   -0.7767
    0.9255   -0.3108    0.2164
   -0.3776   -0.7124    0.5915
...    60 T-A ...
 -122.2907  -72.3579  121.9285
    0.4633   -0.6843   -0.5631
    0.8086    0.0664    0.5846
   -0.3626   -0.7262    0.5841
...    61 G-C ...
 -123.2517  -74.8868  123.9448
    0.8899   -0.4132   -0.1934
    0.3777    0.4296    0.8202
   -0.2559   -0.8029    0.5384
...    62 T-A ...
 -124.0439  -77.8438  125.1612
    0.9663   -0.0701    0.2477
   -0.1652    0.5693    0.8054
   -0.1975   -0.8191    0.5385
...    63 T-A ...
 -124.5343  -80.6067  126.7838
    0.6901    0.2947    0.6610
   -0.7046    0.4820    0.5207
   -0.1652   -0.8251    0.5403
...    64 A-T ...
 -125.4506  -83.1837  128.8289
    0.0576    0.5305    0.8457
   -0.9897    0.1416   -0.0214
   -0.1311   -0.8358    0.5332
...    65 T-A ...
 -125.1870  -85.8920  130.7352
   -0.4800    0.4990    0.7215
   -0.8704   -0.1682   -0.4627
   -0.1095   -0.8501    0.5151
...    66 A-T ...
 -125.9786  -89.1433  131.7932
   -0.9621    0.1158    0.2471
   -0.2727   -0.4376   -0.8568
    0.0089   -0.8917    0.4525
...    67 A-T ...
 -125.8496  -91.9140  133.5427
   -0.9258   -0.2393   -0.2926
    0.3673   -0.3859   -0.8463
    0.0896   -0.8910    0.4452
...    68 C-G ...
 -125.8798  -94.6608  135.4905
   -0.5697   -0.4094   -0.7126
    0.8150   -0.1704   -0.5538
    0.1053   -0.8963    0.4308
...    69 G-C ...
 -124.9949  -97.6125  136.9335
   -0.0034   -0.3232   -0.9463
    0.9887    0.1405   -0.0516
    0.1497   -0.9358    0.3191
...    70 G-C ...
 -124.7213 -100.7940  138.0650
    0.5237   -0.0773   -0.8484
    0.8205    0.3136    0.4779
    0.2291   -0.9464    0.2277
...    71 A-T ...
 -123.9786 -103.8937  138.7614
    0.8825    0.2043   -0.4236
    0.3578    0.2929    0.8867
    0.3052   -0.9341    0.1854
...    72 T-A ...
 -123.0060 -107.0004  138.7045
    0.9260    0.3704    0.0731
   -0.1310    0.1339    0.9823
    0.3540   -0.9192    0.1725
...    73 C-G ...
 -121.5757 -109.8836  139.2610
    0.6455    0.4344    0.6282
   -0.6312   -0.1596    0.7590
    0.4300   -0.8865    0.1712
...    74 T-A ...
 -119.7435 -112.6017  139.7930
    0.1699    0.3253    0.9302
   -0.8458   -0.4363    0.3071
    0.5058   -0.8389    0.2010
...    75 C-G ...
 -117.9602 -115.2365  140.6967
   -0.3770   -0.0179    0.9260
   -0.7496   -0.5813   -0.3165
    0.5440   -0.8135    0.2057
...    76 G-C ...
 -116.5433 -118.2553  141.3254
   -0.7589   -0.3537    0.5467
   -0.3439   -0.4953   -0.7978
    0.5530   -0.7935    0.2543
...    77 A-T ...
 -114.6026 -120.8013  142.2481
   -0.7889   -0.6111   -0.0645
    0.1966   -0.1516   -0.9687
    0.5822   -0.7769    0.2397
...    78 G-C ...
 -112.7075 -123.3597  143.3065
   -0.5548   -0.5727   -0.6035
    0.5853    0.2469   -0.7723
    0.5913   -0.7817    0.1983
...    79 C-G ...
 -110.9133 -126.0101  144.3198
   -0.1533   -0.2974   -0.9424
    0.7731    0.5578   -0.3018
    0.6154   -0.7749    0.1444
...    80 T-A ...
 -109.0560 -128.7381  144.7339
    0.2333    0.1227   -0.9646
    0.7213    0.6434    0.2563
    0.6521   -0.7556    0.0617
...    81 C-G ...
 -106.9344 -131.2244  144.9091
    0.5534    0.5442   -0.6305
    0.4440    0.4477    0.7761
    0.7047   -0.7095    0.0061
...    82 G-C ...
 -104.2883 -133.3195  145.0286
    0.5623    0.8218   -0.0923
    0.1085    0.0374    0.9934
    0.8198   -0.5686   -0.0681
...    83 G-C ...
 -101.2850 -134.7640  144.4841
    0.4256    0.7713    0.4731
   -0.1526   -0.4542    0.8777
    0.8919   -0.4458   -0.0756
...    84 G-C ...
  -98.0051 -135.6371  144.2840
    0.1881    0.4256    0.8851
   -0.2827   -0.8396    0.4638
    0.9406   -0.3375   -0.0376
...    85 A-T ...
  -94.8122 -136.5455  144.3564
   -0.0254   -0.1775    0.9838
   -0.2909   -0.9402   -0.1772
    0.9564   -0.2907   -0.0277
...    86 T-A ...
  -91.4976 -136.8482  144.5471
   -0.1345   -0.6618    0.7375
   -0.2281   -0.7036   -0.6730
    0.9643   -0.2588   -0.0563
...    87 C-G ...
  -88.2677 -137.6488  144.4802
   -0.2145   -0.9642    0.1556
   -0.0976   -0.1374   -0.9857
    0.9718   -0.2266   -0.0646
...    88 C-G ...
  -84.9392 -138.3660  144.4917
   -0.2642   -0.8592   -0.4381
    0.0288    0.4470   -0.8941
    0.9640   -0.2489   -0.0933
...    89 G-C ...
  -81.6041 -138.6375  143.9112
   -0.2788   -0.4114   -0.8678
    0.1309    0.8789   -0.4587
    0.9514   -0.2415   -0.1912
...    90 C-G ...
  -78.4963 -139.7654  143.4916
   -0.2168    0.1610   -0.9629
    0.2347    0.9660    0.1087
    0.9476   -0.2024   -0.2472
...    91 T-A ...
  -75.4649 -140.6000  142.4568
   -0.1555    0.6692   -0.7267
    0.3138    0.7310    0.6060
    0.9367   -0.1338   -0.3237
...    92 T-A ...
  -72.5130 -141.0316  141.2352
   -0.0170    0.9719   -0.2348
    0.3565    0.2253    0.9067
    0.9341   -0.0683   -0.3503
...    93 T-A ...
  -69.5678 -141.1104  139.9224
    0.1304    0.9316    0.3392
    0.3292   -0.3634    0.8716
    0.9352   -0.0020   -0.3541
...    94 A-T ...
  -66.4082 -140.7890  138.8594
    0.1988    0.5374    0.8196
    0.2568   -0.8356    0.4856
    0.9458    0.1139   -0.3041
...    95 A-T ...
  -63.3859 -140.1009  137.8744
    0.3237   -0.0493    0.9449
    0.1179   -0.9888   -0.0920
    0.9388    0.1412   -0.3143
...    96 C-G ...
  -60.2952 -138.9928  137.1417
    0.3399   -0.5770    0.7427
   -0.0504   -0.7998   -0.5982
    0.9391    0.1659   -0.3009
...    97 A-T ...
  -57.2163 -138.6442  135.9113
    0.2165   -0.9474    0.2356
   -0.2261   -0.2834   -0.9320
    0.9498    0.1485   -0.2756
...    98 C-G ...
  -53.9052 -138.0865  135.6082
    0.0671   -0.9466   -0.3155
   -0.3154    0.2798   -0.9067
    0.9466    0.1604   -0.2798
...    99 T-A ...
  -50.6645 -137.7057  134.8803
   -0.1491   -0.6398   -0.7539
   -0.3142    0.7536   -0.5774
    0.9376    0.1508   -0.3134
...   100 T-A ...
  -47.5484 -137.3705  134.0107
   -0.3026   -0.0759   -0.9501
   -0.1928    0.9811   -0.0169
    0.9334    0.1780   -0.3115
...   101 T-A ...
  -44.5083 -136.9655  132.9655
   -0.3864    0.4998   -0.7752
    0.0054    0.8417    0.5399
    0.9223    0.2045   -0.3279
...   102 A-T ...
  -41.5039 -136.1101  131.7717
   -0.4263    0.8644   -0.2666
    0.2560    0.3979    0.8810
    0.8676    0.3073   -0.3909
...   103 T-A ...
  -38.9944 -135.1532  129.9054
   -0.2662    0.9359    0.2307
    0.4472   -0.0921    0.8897
    0.8539    0.3400   -0.3940
...   104 G-C ...
  -36.1493 -133.7019  128.8535
   -0.0592    0.6651    0.7444
    0.5708   -0.5893    0.5718
    0.8190    0.4587   -0.3447
...   105 C-G ...
  -33.7188 -131.6884  127.7636
    0.2368    0.2043    0.9498
    0.5419   -0.8392    0.0454
    0.8064    0.5040   -0.3094
...   106 T-A ...
  -31.1699 -129.6790  126.9652
    0.4671   -0.3095    0.8283
    0.3591   -0.7897   -0.4975
    0.8080    0.5298   -0.2577
...   107 T-A ...
  -28.6537 -127.7019  126.3041
    0.6265   -0.6931    0.3565
    0.0070   -0.4524   -0.8918
    0.7794    0.5612   -0.2786
...   108 C-G ...
  -26.0587 -125.8080  125.4872
    0.5011   -0.8235   -0.2660
   -0.3813    0.0659   -0.9221
    0.7769    0.5635   -0.2810
...   109 C-G ...
  -23.3153 -123.9495  124.7513
    0.1488   -0.6750   -0.7226
   -0.5993    0.5197   -0.6089
    0.7866    0.5236   -0.3272
...   110 G-C ...
  -20.9910 -121.8253  123.5039
   -0.3049   -0.3027   -0.9030
   -0.5826    0.8093   -0.0746
    0.7534    0.5033   -0.4231
...   111 G-C ...
  -18.3574 -120.3111  122.0370
   -0.6468    0.1501   -0.7477
   -0.3142    0.8409    0.4407
    0.6949    0.5200   -0.4967
...   112 C-G ...
  -16.0706 -118.9128  120.0862
   -0.7545    0.5561   -0.3486
    0.0999    0.6222    0.7765
    0.6487    0.5510   -0.5249
...   113 T-A ...
  -14.1757 -117.0961  118.0591
   -0.6334    0.7559    0.1657
    0.5084    0.2451    0.8255
    0.5833    0.6071   -0.5396
...   114 C-G ...
  -12.4289 -114.9653  116.2783
   -0.2326    0.7262    0.6470
    0.8013   -0.2339    0.5506
    0.5512    0.6465   -0.5275
...   115 G-C ...
  -10.3497 -112.7012  114.8777
    0.2100    0.3924    0.8955
    0.8257   -0.5617    0.0525
    0.5236    0.7284   -0.4420
...   116 T-A ...
   -9.0924 -109.8699  113.6332
    0.6110    0.0144    0.7915
    0.5902   -0.6746   -0.4434
    0.5276    0.7380   -0.4207
...   117 A-T ...
   -7.2095 -107.6081  111.9492
    0.8578   -0.4099    0.3101
    0.0568   -0.5240   -0.8498
    0.5108    0.7466   -0.4262
...   118 T-A ...
   -5.4710 -104.8903  111.1890
    0.7694   -0.6116   -0.1843
   -0.4006   -0.2374   -0.8849
    0.4975    0.7547   -0.4277
...   119 A-T ...
   -4.1421 -102.2979  109.4443
    0.3335   -0.6129   -0.7164
   -0.8091    0.2039   -0.5512
    0.4839    0.7634   -0.4278
...   120 A-T ...
   -2.3677  -99.8978  108.1512
   -0.1999   -0.3724   -0.9063
   -0.8560    0.5164   -0.0234
    0.4767    0.7712   -0.4220
...   121 T-A ...
   -0.3154  -97.8060  106.6458
   -0.6156   -0.0565   -0.7860
   -0.6312    0.6325    0.4489
    0.4718    0.7725   -0.4251
...   122 G-C ...
    0.9712  -95.0378  105.2569
   -0.9112    0.2462   -0.3303
   -0.1398    0.5694    0.8101
    0.3875    0.7843   -0.4844
...   123 T-A ...
    2.0602  -92.7426  103.1232
   -0.8571    0.4858    0.1713
    0.3730    0.3560    0.8568
    0.3553    0.7983   -0.4864
...   124 G-C ...
    3.1721  -89.8796  101.7761
   -0.5047    0.5278    0.6831
    0.8165    0.0349    0.5763
    0.2804    0.8486   -0.4486
...   125 T-A ...
    3.4634  -86.9821  100.1514
    0.0068    0.4428    0.8966
    0.9621   -0.2474    0.1148
    0.2726    0.8618   -0.4277
...   126 C-G ...
    4.2709  -84.0637   98.8381
    0.5802    0.1857    0.7930
    0.7661   -0.4550   -0.4539
    0.2765    0.8709   -0.4063
...   127 G-C ...
    5.5044  -81.3091   97.3193
    0.8854   -0.1938    0.4226
    0.2996   -0.4572   -0.8374
    0.3555    0.8680   -0.3467
...   128 A-T ...
    6.6508  -78.4021   96.2689
    0.8767   -0.4549   -0.1563
   -0.2931   -0.2475   -0.9235
    0.3814    0.8555   -0.3503
...   129 C-G ...
    8.2238  -75.5346   95.6677
    0.5707   -0.5428   -0.6162
   -0.7147    0.0412   -0.6982
    0.4044    0.8389   -0.3644
...   130 C-G ...
    9.8655  -72.8152   94.5083
    0.0396   -0.5011   -0.8645
   -0.9021    0.3541   -0.2465
    0.4296    0.7896   -0.4380
...   131 A-T ...
   11.0663  -70.0975   92.9520
   -0.5361   -0.2771   -0.7974
   -0.7413    0.6063    0.2877
    0.4038    0.7454   -0.5305
...   132 A-T ...
   12.4779  -67.8461   91.0836
   -0.8682    0.1272   -0.4797
   -0.2871    0.6597    0.6945
    0.4048    0.7407   -0.5362
...   133 A-T ...
   13.7599  -65.5867   89.1261
   -0.8676    0.4971    0.0116
    0.2775    0.4647    0.8409
    0.4126    0.7328   -0.5411
...   134 T-A ...
   14.7383  -63.4257   86.8199
   -0.5923    0.6747    0.4404
    0.6886    0.1401    0.7115
    0.4183    0.7247   -0.5475
...   135 G-C ...
   15.7316  -61.4927   83.9330
    0.0341    0.7400    0.6717
    0.8636   -0.3601    0.3528
    0.5030    0.5681   -0.6514
...   136 T-A ...
   15.7847  -59.5602   80.7992
    0.5517    0.4998    0.6677
    0.6739   -0.7388   -0.0038
    0.4915    0.4520   -0.7444
...   137 G-C ...
   16.8384  -57.7217   78.2675
    0.8528   -0.0848    0.5153
    0.1507   -0.9048   -0.3983
    0.5000    0.4173   -0.7588
...   138 A-T ...
   18.4281  -55.5285   76.5298
    0.8547   -0.5006    0.1371
   -0.3188   -0.7148   -0.6224
    0.4096    0.4883   -0.7706
...   139 G-C ...
   20.4258  -54.3092   74.5419
    0.5847   -0.7389   -0.3347
   -0.7593   -0.3533   -0.5465
    0.2856    0.5737   -0.7676
...   140 C-G ...
   21.4269  -51.8264   72.7875
    0.1304   -0.7144   -0.6875
   -0.8897    0.2216   -0.3991
    0.4375    0.6637   -0.6067
...   141 G-C ...
   22.1520  -50.1493   67.4639
   -0.4682   -0.8748    0.1248
   -0.8494    0.4066   -0.3364
    0.2435   -0.2635   -0.9334
...   142 C-G ...
   22.3488  -51.2412   64.4933
   -0.8528   -0.5119   -0.1032
   -0.4975    0.8565   -0.1374
    0.1587   -0.0659   -0.9851
...   143 T-A ...
   24.0165  -51.6377   61.9247
   -0.9562    0.0401   -0.2898
    0.0524    0.9980   -0.0348
    0.2878   -0.0485   -0.9564
...   144 C-G ...
   24.8957  -52.7394   58.9873
   -0.7529    0.5560   -0.3520
    0.5214    0.8304    0.1965
    0.4016   -0.0356   -0.9151
...   145 A-T ...
   25.5275  -52.9801   55.8052
   -0.2442    0.9563   -0.1610
    0.8906    0.2869    0.3528
    0.3836   -0.0573   -0.9217
...   146 C-G ...
   25.2777  -52.5121   52.0795
    0.3204    0.9427   -0.0929
    0.8825   -0.2614    0.3909
    0.3443   -0.2072   -0.9157
...   147 A-T ...
   25.6238  -52.5938   48.6395
    0.8597    0.5097    0.0339
    0.4496   -0.7865    0.4233
    0.2424   -0.3487   -0.9053
