  147 base-pairs
...     1 T-A ...
    0.0000    0.0000    0.0000
    1.0000    0.0000    0.0000
    0.0000    1.0000    0.0000
    0.0000    0.0000    1.0000
...     2 G-C ...
   -0.5555   -1.1003    3.3981
    0.7749    0.6051    0.1828
   -0.5991    0.7953   -0.0929
   -0.2016   -0.0375    0.9787
...     3 T-A ...
   -0.6619   -3.0237    6.5348
    0.3046    0.9250    0.2271
   -0.8994    0.3578   -0.2510
   -0.3134   -0.1278    0.9410
...     4 G-C ...
   -1.1607   -3.8418    9.6940
   -0.3351    0.9421    0.0133
   -0.8752   -0.3061   -0.3746
   -0.3489   -0.1372    0.9271
...     5 A-T ...
   -1.3881   -3.6770   12.8999
   -0.7835    0.6162   -0.0801
   -0.5677   -0.7622   -0.3109
   -0.2527   -0.1981    0.9470
...     6 G-C ...
   -2.6236   -3.5448   15.7072
   -0.9923    0.0611   -0.1075
   -0.0294   -0.9610   -0.2748
   -0.1201   -0.2695    0.9555
...     7 C-G ...
   -2.3138   -3.7570   18.8866
   -0.8620   -0.4995   -0.0864
    0.5008   -0.8655    0.0073
   -0.0785   -0.0370    0.9962
...     8 G-C ...
   -3.9561   -6.8109   23.3205
   -0.2581   -0.3560   -0.8981
    0.6294   -0.7673    0.1233
   -0.7330   -0.5335    0.4221
...     9 C-G ...
   -6.1177   -8.9414   24.2385
    0.1143   -0.7320   -0.6716
    0.8123   -0.3203    0.4874
   -0.5720   -0.6013    0.5580
...    10 T-A ...
   -8.5041   -9.6771   26.0540
    0.4660   -0.8587   -0.2131
    0.6274    0.1508    0.7640
   -0.6239   -0.4897    0.6090
...    11 C-G ...
  -11.0625  -11.3174   27.2336
    0.6660   -0.6911    0.2808
    0.3382    0.6152    0.7121
   -0.6649   -0.3794    0.6435
...    12 A-T ...
  -13.0013  -13.1789   29.0658
    0.7188   -0.1490    0.6790
   -0.1787    0.9043    0.3876
   -0.6718   -0.4000    0.6235
...    13 C-G ...
  -14.1788  -15.9359   31.3399
    0.4052    0.2865    0.8682
   -0.5270    0.8492   -0.0343
   -0.7470   -0.4437    0.4951
...    14 A-T ...
  -15.9532  -18.1566   33.3080
   -0.1503    0.6873    0.7107
   -0.6106    0.5008   -0.6135
   -0.7776   -0.5261    0.3444
...    15 A-T ...
  -18.4803  -19.7957   34.5329
   -0.4529    0.8700    0.1947
   -0.4163   -0.0133   -0.9091
   -0.7884   -0.4928    0.3682
...    16 T-A ...
  -20.8617  -21.2558   36.4558
   -0.6347    0.7007   -0.3260
   -0.0941   -0.4887   -0.8674
   -0.7670   -0.5198    0.3761
...    17 T-A ...
  -23.3623  -22.7005   38.0183
   -0.5985    0.2488   -0.7615
    0.3046   -0.8085   -0.5036
   -0.7409   -0.5334    0.4081
...    18 T-A ...
  -25.8978  -24.1978   39.4620
   -0.3254   -0.2857   -0.9014
    0.5994   -0.7996    0.0371
   -0.7314   -0.5282    0.4314
...    19 A-T ...
  -28.2132  -26.1770   41.1380
    0.1273   -0.7831   -0.6087
    0.6742   -0.3818    0.6322
   -0.7275   -0.4908    0.4794
...    20 T-A ...
  -31.0523  -27.5531   42.2551
    0.4404   -0.8855   -0.1482
    0.5141    0.1134    0.8502
   -0.7361   -0.4506    0.5052
...    21 T-A ...
  -33.5760  -29.0605   43.6635
    0.6369   -0.6551    0.4065
    0.1512    0.6231    0.7674
   -0.7560   -0.4273    0.4959
...    22 C-G ...
  -36.0779  -30.4426   45.3167
    0.6227   -0.1366    0.7704
   -0.2661    0.8890    0.3727
   -0.7358   -0.4371    0.5172
...    23 G-C ...
  -38.7630  -31.3079   47.2357
    0.4830    0.4524    0.7497
   -0.5817    0.8057   -0.1115
   -0.6545   -0.3823    0.6523
...    24 C-G ...
  -40.6415  -32.8330   49.4551
    0.1443    0.8312    0.5368
   -0.7459    0.4479   -0.4930
   -0.6503   -0.3293    0.6846
...    25 A-T ...
  -43.1672  -33.7496   51.4444
   -0.2647    0.9607    0.0837
   -0.7006   -0.1320   -0.7013
   -0.6627   -0.2442    0.7080
...    26 A-T ...
  -45.2943  -34.3685   53.8693
   -0.6125    0.7086   -0.3504
   -0.4269   -0.6695   -0.6079
   -0.6653   -0.2227    0.7126
...    27 A-T ...
  -47.3296  -34.8100   56.3850
   -0.7559    0.1777   -0.6301
    0.0162   -0.9571   -0.2894
   -0.6545   -0.2290    0.7206
...    28 G-C ...
  -49.7108  -35.0972   58.7903
   -0.5927   -0.3632   -0.7189
    0.4106   -0.9041    0.1183
   -0.6929   -0.2250    0.6850
...    29 G-C ...
  -52.3358  -35.6861   60.9659
   -0.2001   -0.8133   -0.5463
    0.6690   -0.5208    0.5303
   -0.7158   -0.2594    0.6483
...    30 C-G ...
  -54.9375  -36.4869   62.8227
    0.2448   -0.9538   -0.1741
    0.6549    0.0302    0.7551
   -0.7150   -0.2989    0.6320
...    31 C-G ...
  -57.5459  -37.3880   64.7750
    0.6157   -0.7493    0.2436
    0.3976    0.5624    0.7250
   -0.6803   -0.3496    0.6442
...    32 G-C ...
  -59.5203  -38.2282   67.0438
    0.7973   -0.2998    0.5238
   -0.0007    0.8674    0.4976
   -0.6036   -0.3971    0.6914
...    33 G-C ...
  -61.2485  -39.7537   69.4850
    0.6969    0.2715    0.6639
   -0.4629    0.8772    0.1273
   -0.5478   -0.3960    0.7370
...    34 C-G ...
  -62.7648  -41.2913   71.9652
    0.3413    0.7400    0.5795
   -0.7820    0.5657   -0.2619
   -0.5216   -0.3638    0.7717
...    35 C-G ...
  -64.1849  -42.2895   74.9092
   -0.1294    0.9519    0.2777
   -0.8524    0.0363   -0.5216
   -0.5066   -0.3042    0.8068
...    36 C-G ...
  -65.7409  -43.0398   77.8169
   -0.5692    0.8145   -0.1126
   -0.6497   -0.5295   -0.5454
   -0.5039   -0.2373    0.8306
...    37 G-C ...
  -67.7695  -44.5682   80.1359
   -0.8025    0.3803   -0.4598
   -0.2102   -0.9013   -0.3787
   -0.5584   -0.2073    0.8032
...    38 A-T ...
  -69.4877  -45.1899   82.7472
   -0.7681   -0.2309   -0.5972
    0.3152   -0.9482   -0.0389
   -0.5573   -0.2181    0.8011
...    39 C-G ...
  -71.6368  -45.5280   85.1271
   -0.4613   -0.6890   -0.5589
    0.6660   -0.6852    0.2949
   -0.5862   -0.2362    0.7750
...    40 A-T ...
  -73.6799  -46.4324   87.6590
    0.0686   -0.9427   -0.3265
    0.8031   -0.1420    0.5787
   -0.5919   -0.3019    0.7473
...    41 C-G ...
  -75.9293  -47.7052   89.7360
    0.5072   -0.8618   -0.0058
    0.6391    0.3716    0.6734
   -0.5782   -0.3452    0.7393
...    42 G-C ...
  -77.5385  -48.6077   92.5270
    0.8268   -0.4414    0.3486
    0.1917    0.8038    0.5631
   -0.5288   -0.3988    0.7492
...    43 A-T ...
  -79.2876  -49.8938   94.8557
    0.7804    0.1259    0.6125
   -0.3330    0.9127    0.2367
   -0.5292   -0.3887    0.7542
...    44 C-G ...
  -80.6681  -51.7119   97.2484
    0.5005    0.6170    0.6072
   -0.7138    0.6911   -0.1139
   -0.4899   -0.3765    0.7863
...    45 T-A ...
  -81.8088  -53.2708  100.3009
    0.0112    0.9189    0.3942
   -0.8775    0.1981   -0.4368
   -0.4795   -0.3410    0.8086
...    46 T-A ...
  -83.1290  -54.3915  103.0218
   -0.4698    0.8771    0.1000
   -0.7370   -0.3273   -0.5914
   -0.4860   -0.3515    0.8002
...    47 A-T ...
  -84.9684  -55.7161  105.5347
   -0.8315    0.4620   -0.3085
   -0.2628   -0.8164   -0.5142
   -0.4894   -0.3465    0.8003
...    48 C-G ...
  -86.5910  -56.2066  108.4234
   -0.8313   -0.0461   -0.5540
    0.2248   -0.9393   -0.2592
   -0.5084   -0.3400    0.7912
...    49 T-A ...
  -88.5895  -57.0030  111.0459
   -0.5328   -0.5229   -0.6654
    0.6297   -0.7702    0.1010
   -0.5653   -0.3652    0.7396
...    50 G-C ...
  -90.5520  -58.4358  113.4040
    0.0005   -0.8185   -0.5745
    0.8115   -0.3354    0.4786
   -0.5844   -0.4664    0.6640
...    51 T-A ...
  -92.8127  -59.9152  115.1477
    0.4476   -0.8495   -0.2793
    0.6890    0.1285    0.7133
   -0.5700   -0.5117    0.6428
...    52 A-T ...
  -94.5216  -61.7475  117.3744
    0.8217   -0.5518    0.1426
    0.2637    0.5899    0.7632
   -0.5052   -0.5895    0.6302
...    53 G-C ...
  -96.2390  -63.7696  119.2585
    0.8836   -0.1022    0.4570
   -0.2189    0.7725    0.5960
   -0.4140   -0.6267    0.6602
...    54 G-C ...
  -97.1765  -66.5266  121.3790
    0.6315    0.4050    0.6612
   -0.6986    0.6671    0.2587
   -0.3363   -0.6253    0.7042
...    55 T-A ...
  -97.7649  -68.7415  123.7336
    0.1670    0.6988    0.6956
   -0.9331    0.3398   -0.1174
   -0.3184   -0.6294    0.7088
...    56 A-T ...
  -98.4702  -70.8372  126.3226
   -0.4243    0.7769    0.4652
   -0.8515   -0.1674   -0.4970
   -0.3082   -0.6069    0.7326
...    57 T-A ...
  -98.8903  -72.5768  129.1027
   -0.8217    0.5496    0.1508
   -0.4918   -0.5500   -0.6750
   -0.2880   -0.6288    0.7222
...    58 C-G ...
  -99.8884  -74.4879  131.7264
   -0.9477    0.0759   -0.3100
    0.1448   -0.7634   -0.6295
   -0.2844   -0.6415    0.7125
...    59 T-A ...
 -101.1333  -76.4268  134.1852
   -0.6995   -0.3176   -0.6402
    0.6369   -0.6834   -0.3568
   -0.3242   -0.6573    0.6803
...    60 C-G ...
 -102.2213  -78.6208  136.5258
   -0.1680   -0.6379   -0.7515
    0.9316   -0.3521    0.0907
   -0.3225   -0.6849    0.6534
...    61 G-C ...
 -102.7422  -81.1412  138.6765
    0.4065   -0.5734   -0.7113
    0.8742    0.0179    0.4852
   -0.2655   -0.8191    0.5086
...    62 A-T ...
 -103.5203  -83.7626  140.5211
    0.8566   -0.3909   -0.3369
    0.4798    0.3632    0.7986
   -0.1898   -0.8457    0.4987
...    63 G-C ...
 -104.0200  -86.7444  141.9136
    0.9927   -0.0687    0.0991
   -0.0529    0.4902    0.8700
   -0.1084   -0.8689    0.4830
...    64 C-G ...
 -104.0511  -89.9229  143.1685
    0.7783    0.2656    0.5690
   -0.6253    0.4091    0.6645
   -0.0563   -0.8730    0.4845
...    65 T-A ...
 -104.0248  -92.8369  144.7241
    0.3100    0.4651    0.8292
   -0.9507    0.1533    0.2694
   -0.0019   -0.8719    0.4897
...    66 C-G ...
 -104.2779  -95.5290  146.5928
   -0.3345    0.4559    0.8248
   -0.9404   -0.2180   -0.2609
    0.0608   -0.8629    0.5017
...    67 G-C ...
 -105.1406  -98.7592  147.9072
   -0.8299    0.2458    0.5008
   -0.5533   -0.4781   -0.6821
    0.0718   -0.8432    0.5328
...    68 G-C ...
 -104.7701 -101.5546  149.8228
   -0.9990   -0.0424   -0.0114
    0.0312   -0.5012   -0.8647
    0.0310   -0.8643    0.5021
...    69 G-C ...
 -104.7015 -104.3519  151.6728
   -0.8125   -0.2333   -0.5343
    0.5812   -0.3962   -0.7108
   -0.0459   -0.8880    0.4575
...    70 A-T ...
 -105.0014 -107.2238  153.3897
   -0.2927   -0.4026   -0.8673
    0.9555   -0.1577   -0.2492
   -0.0364   -0.9017    0.4308
...    71 T-A ...
 -105.7355 -110.1292  154.7599
    0.2528   -0.3876   -0.8865
    0.9672    0.0774    0.2420
   -0.0252   -0.9186    0.3944
...    72 C-G ...
 -105.9474 -113.2422  155.8629
    0.7760   -0.2115   -0.5942
    0.6306    0.2791    0.7242
    0.0127   -0.9367    0.3499
...    73 C-G ...
 -106.0004 -116.3379  156.9499
    0.9790    0.1088   -0.1723
    0.1276    0.3314    0.9348
    0.1588   -0.9372    0.3105
...    74 G-C ...
 -105.2166 -119.2828  158.3619
    0.8489    0.4099    0.3337
   -0.4221    0.1459    0.8947
    0.3180   -0.9004    0.2969
...    75 C-G ...
 -103.5388 -122.2383  159.1092
    0.4417    0.4258    0.7897
   -0.8219   -0.1607    0.5464
    0.3596   -0.8904    0.2789
...    76 T-A ...
 -101.6744 -124.9549  160.3975
   -0.1138    0.2286    0.9668
   -0.8904   -0.4552    0.0028
    0.4407   -0.8605    0.2554
...    77 T-A ...
  -99.9027 -127.5807  161.2747
   -0.5895   -0.1738    0.7888
   -0.6371   -0.5002   -0.5864
    0.4965   -0.8483    0.1841
...    78 T-A ...
  -97.9672 -130.1445  162.0873
   -0.8055   -0.5145    0.2940
   -0.1744   -0.2684   -0.9474
    0.5663   -0.8144    0.1265
...    79 A-T ...
  -95.7769 -132.8773  162.1127
   -0.6486   -0.6189   -0.4430
    0.3969    0.2216   -0.8907
    0.6494   -0.7536    0.1019
...    80 T-A ...
  -94.0426 -135.5284  162.9676
   -0.3328   -0.4098   -0.8493
    0.6659    0.5356   -0.5193
    0.6677   -0.7384    0.0946
...    81 C-G ...
  -91.8529 -137.9071  163.4310
    0.1003    0.0638   -0.9929
    0.7032    0.7015    0.1161
    0.7039   -0.7099    0.0255
...    82 A-T ...
  -89.3784 -140.2270  163.7419
    0.3766    0.5523   -0.7438
    0.5426    0.5192    0.6603
    0.7508   -0.6522   -0.1042
...    83 T-A ...
  -87.0937 -142.3952  162.9338
    0.5352    0.7920   -0.2939
    0.2950    0.1508    0.9435
    0.7916   -0.5916   -0.1529
...    84 G-C ...
  -84.1706 -144.1793  162.3020
    0.4953    0.7909    0.3595
   -0.0292   -0.3984    0.9167
    0.8683   -0.4645   -0.1742
...    85 T-A ...
  -81.1222 -145.2532  161.2769
    0.3913    0.4379    0.8094
   -0.2680   -0.7872    0.5554
    0.8804   -0.4343   -0.1907
...    86 T-A ...
  -78.1990 -146.4297  160.5596
    0.1985   -0.1340    0.9709
   -0.4233   -0.9052   -0.0384
    0.8840   -0.4034   -0.2364
...    87 A-T ...
  -75.2722 -148.0596  159.4456
   -0.0574   -0.7872    0.6140
   -0.4670   -0.5224   -0.7134
    0.8824   -0.3277   -0.3376
...    88 T-A ...
  -72.1049 -148.8287  158.9085
   -0.2481   -0.9600    0.1301
   -0.3828   -0.0262   -0.9235
    0.8899   -0.2789   -0.3610
...    89 A-T ...
  -69.0178 -149.3858  157.3077
   -0.3626   -0.7148   -0.5979
   -0.1497    0.6779   -0.7197
    0.9198   -0.1715   -0.3528
...    90 A-T ...
  -66.0272 -150.0101  156.2840
   -0.3735   -0.1808   -0.9098
    0.0511    0.9753   -0.2148
    0.9262   -0.1267   -0.3551
...    91 C-G ...
  -63.0075 -151.0149  155.1397
   -0.3124    0.4009   -0.8612
    0.2326    0.9113    0.3398
    0.9210   -0.0941   -0.3779
...    92 G-C ...
  -59.9880 -150.7800  153.8998
   -0.2960    0.8380   -0.4583
    0.3798    0.5435    0.7486
    0.8764    0.0475   -0.4791
...    93 G-C ...
  -57.3542 -150.0610  152.0648
   -0.1658    0.9828    0.0815
    0.5450    0.0224    0.8381
    0.8219    0.1834   -0.5393
...    94 A-T ...
  -54.7929 -149.1755  150.1446
    0.1204    0.7887    0.6029
    0.5799   -0.5488    0.6021
    0.8057    0.2771   -0.5235
...    95 A-T ...
  -52.2646 -148.1012  148.4159
    0.4289    0.3223    0.8439
    0.4260   -0.8960    0.1257
    0.7966    0.3056   -0.5216
...    96 C-G ...
  -49.7857 -146.4291  146.8050
    0.6142   -0.2257    0.7562
    0.1310   -0.9158   -0.3798
    0.7782    0.3323   -0.5329
...    97 A-T ...
  -47.0129 -145.3749  145.1566
    0.5443   -0.7498    0.3762
   -0.2618   -0.5778   -0.7731
    0.7970    0.3223   -0.5108
...    98 C-G ...
  -44.0305 -144.0950  144.0746
    0.3176   -0.9418   -0.1104
   -0.5168   -0.0743   -0.8529
    0.7950    0.3280   -0.5103
...    99 T-A ...
  -40.7719 -143.0888  142.8079
   -0.0487   -0.8097   -0.5848
   -0.6183    0.4843   -0.6190
    0.7845    0.3314   -0.5242
...   100 T-A ...
  -38.0178 -142.2294  141.2712
   -0.3772   -0.3496   -0.8576
   -0.4837    0.8640   -0.1395
    0.7898    0.3623   -0.4950
...   101 T-A ...
  -35.3551 -141.2035  139.6679
   -0.5985    0.2155   -0.7715
   -0.1831    0.9008    0.3937
    0.7799    0.3769   -0.4997
...   102 A-T ...
  -32.7796 -139.5908  138.1693
   -0.6267    0.7054   -0.3312
    0.2254    0.5710    0.7894
    0.7459    0.4201   -0.5168
...   103 T-A ...
  -30.7807 -138.4339  135.9317
   -0.4875    0.8641    0.1249
    0.5104    0.1660    0.8438
    0.7084    0.4751   -0.5219
...   104 G-C ...
  -28.6561 -136.6482  134.0759
   -0.1491    0.7326    0.6641
    0.7310   -0.3705    0.5730
    0.6659    0.5709   -0.4803
...   105 C-G ...
  -26.7777 -134.3437  132.6039
    0.2546    0.3726    0.8924
    0.7020   -0.7059    0.0944
    0.6651    0.6024   -0.4413
...   106 T-A ...
  -24.6227 -131.7747  131.5463
    0.6168   -0.1121    0.7791
    0.4656   -0.7461   -0.4760
    0.6347    0.6563   -0.4080
...   107 T-A ...
  -22.6095 -129.4948  130.4744
    0.7641   -0.5313    0.3658
    0.0389   -0.5280   -0.8483
    0.6439    0.6625   -0.3828
...   108 C-G ...
  -20.3449 -127.2057  129.3995
    0.6316   -0.7356   -0.2450
   -0.4435   -0.0836   -0.8924
    0.6359    0.6723   -0.3790
...   109 C-G ...
  -18.1985 -124.9758  128.2401
    0.2276   -0.7195   -0.6562
   -0.7135    0.3353   -0.6152
    0.6627    0.6082   -0.4371
...   110 G-C ...
  -16.4609 -122.8404  126.7499
   -0.2519   -0.4824   -0.8390
   -0.7250    0.6683   -0.1666
    0.6411    0.5663   -0.5180
...   111 G-C ...
  -14.3122 -121.1303  124.8271
   -0.6681   -0.0568   -0.7419
   -0.4502    0.8247    0.3423
    0.5925    0.5627   -0.5765
...   112 C-G ...
  -12.3538 -119.6816  122.5324
   -0.8357    0.3899   -0.3869
    0.0077    0.7126    0.7015
    0.5492    0.5833   -0.5985
...   113 T-A ...
  -10.6538 -117.8207  120.3582
   -0.7344    0.6720    0.0946
    0.4694    0.4023    0.7860
    0.4902    0.6217   -0.6109
...   114 C-G ...
   -9.1145 -115.5560  118.5003
   -0.3302    0.7550    0.5665
    0.8388   -0.0405    0.5429
    0.4329    0.6544   -0.6199
...   115 G-C ...
   -7.2621 -113.3730  116.7660
    0.2070    0.5293    0.8228
    0.8883   -0.4542    0.0687
    0.4101    0.7166   -0.5642
...   116 T-A ...
   -6.3676 -110.4525  115.3272
    0.6447    0.1624    0.7470
    0.6337   -0.6601   -0.4034
    0.4276    0.7334   -0.5285
...   117 A-T ...
   -5.0258 -107.6668  113.8761
    0.8785   -0.2983    0.3732
    0.1295   -0.6032   -0.7870
    0.4598    0.7397   -0.4913
...   118 T-A ...
   -3.5133 -104.9075  112.9062
    0.8267   -0.5528   -0.1051
   -0.3509   -0.3604   -0.8643
    0.4399    0.7513   -0.4919
...   119 A-T ...
   -2.3034 -102.2705  111.0052
    0.3918   -0.6172   -0.6823
   -0.8237    0.0951   -0.5590
    0.4100    0.7810   -0.4711
...   120 A-T ...
   -0.6959  -99.8004  109.6209
   -0.1642   -0.4540   -0.8757
   -0.8998    0.4327   -0.0556
    0.4042    0.7788   -0.4796
...   121 T-A ...
    1.1548  -97.5903  107.9358
   -0.6178   -0.1500   -0.7719
   -0.6748    0.6051    0.4225
    0.4037    0.7819   -0.4750
...   122 G-C ...
    2.5059  -94.9034  106.2005
   -0.9324    0.1901   -0.3073
   -0.1471    0.5771    0.8033
    0.3301    0.7942   -0.5101
...   123 T-A ...
    3.4491  -92.5346  104.1189
   -0.8771    0.4498    0.1684
    0.3637    0.3931    0.8445
    0.3136    0.8020   -0.5084
...   124 G-C ...
    4.3955  -89.7709  102.4189
   -0.5028    0.5397    0.6752
    0.8273    0.0741    0.5569
    0.2505    0.8386   -0.4838
...   125 T-A ...
    4.7279  -87.0665  100.7036
    0.0044    0.4591    0.8884
    0.9711   -0.2138    0.1056
    0.2384    0.8623   -0.4468
...   126 C-G ...
    5.4413  -84.2509   99.3922
    0.5855    0.2458    0.7725
    0.7794   -0.4327   -0.4531
    0.2229    0.8674   -0.4450
...   127 G-C ...
    6.6739  -81.6385   97.6828
    0.8857   -0.1431    0.4416
    0.3346   -0.4623   -0.8211
    0.3217    0.8751   -0.3616
...   128 A-T ...
    7.5947  -78.8057   96.5468
    0.9091   -0.3938   -0.1362
   -0.2664   -0.2980   -0.9167
    0.3204    0.8696   -0.3758
...   129 C-G ...
    8.9580  -75.8289   96.0379
    0.6067   -0.5280   -0.5942
   -0.7127   -0.0302   -0.7008
    0.3521    0.8487   -0.3946
...   130 C-G ...
   10.6444  -73.1608   94.7356
    0.0846   -0.5429   -0.8355
   -0.9134    0.2927   -0.2827
    0.3981    0.7871   -0.4711
...   131 A-T ...
   11.1961  -70.1952   93.1075
   -0.5134   -0.3136   -0.7988
   -0.7725    0.5743    0.2710
    0.3738    0.7562   -0.5371
...   132 A-T ...
   12.4470  -67.8249   91.2072
   -0.8711    0.0799   -0.4846
   -0.3193    0.6575    0.6825
    0.3731    0.7492   -0.5472
...   133 A-T ...
   13.7332  -65.6268   89.1309
   -0.8718    0.4899   -0.0038
    0.2612    0.4715    0.8423
    0.4144    0.7333   -0.5390
...   134 T-A ...
   14.7385  -63.4258   86.8200
   -0.5923    0.6747    0.4404
    0.6886    0.1401    0.7115
    0.4183    0.7247   -0.5475
...   135 G-C ...
   15.7318  -61.4928   83.9331
    0.0341    0.7400    0.6717
    0.8636   -0.3601    0.3528
    0.5030    0.5681   -0.6514
...   136 T-A ...
   15.7849  -59.5604   80.7993
    0.5517    0.4998    0.6677
    0.6739   -0.7388   -0.0038
    0.4915    0.4520   -0.7444
...   137 G-C ...
   16.8386  -57.7219   78.2676
    0.8528   -0.0848    0.5153
    0.1507   -0.9048   -0.3983
    0.5000    0.4173   -0.7588
...   138 A-T ...
   18.4283  -55.5287   76.5300
    0.8547   -0.5006    0.1371
   -0.3188   -0.7148   -0.6224
    0.4096    0.4883   -0.7706
...   139 G-C ...
   20.4260  -54.3093   74.5420
    0.5847   -0.7389   -0.3347
   -0.7593   -0.3533   -0.5465
    0.2856    0.5737   -0.7676
...   140 C-G ...
   21.4271  -51.8266   72.7876
    0.1304   -0.7144   -0.6875
   -0.8897    0.2216   -0.3991
    0.4375    0.6637   -0.6067
...   141 G-C ...
   22.1522  -50.1494   67.4641
   -0.4682   -0.8748    0.1248
   -0.8494    0.4066   -0.3364
    0.2435   -0.2635   -0.9334
...   142 C-G ...
   22.3490  -51.2413   64.4934
   -0.8528   -0.5119   -0.1032
   -0.4975    0.8565   -0.1374
    0.1587   -0.0659   -0.9851
...   143 T-A ...
   24.0167  -51.6378   61.9249
   -0.9562    0.0401   -0.2898
    0.0524    0.9980   -0.0348
    0.2878   -0.0485   -0.9564
...   144 C-G ...
   24.8959  -52.7395   58.9874
   -0.7529    0.5560   -0.3520
    0.5214    0.8304    0.1965
    0.4016   -0.0356   -0.9151
...   145 A-T ...
   25.5277  -52.9803   55.8054
   -0.2442    0.9563   -0.1610
    0.8906    0.2869    0.3528
    0.3836   -0.0573   -0.9217
...   146 C-G ...
   25.2779  -52.5122   52.0797
    0.3204    0.9427   -0.0929
    0.8825   -0.2614    0.3909
    0.3443   -0.2072   -0.9157
...   147 A-T ...
   25.6240  -52.5940   48.6396
    0.8597    0.5097    0.0339
    0.4496   -0.7865    0.4233
    0.2424   -0.3487   -0.9053
