  147 base-pairs
...     1 T-A ...
    0.0000    0.0000    0.0000
    1.0000    0.0000    0.0000
    0.0000    1.0000    0.0000
    0.0000    0.0000    1.0000
...     2 G-C ...
   -0.5555   -1.1003    3.3981
    0.7749    0.6051    0.1828
   -0.5991    0.7953   -0.0929
   -0.2016   -0.0375    0.9787
...     3 T-A ...
   -0.6619   -3.0237    6.5348
    0.3046    0.9250    0.2271
   -0.8994    0.3578   -0.2510
   -0.3134   -0.1278    0.9410
...     4 G-C ...
   -1.1607   -3.8418    9.6940
   -0.3351    0.9421    0.0133
   -0.8752   -0.3061   -0.3746
   -0.3489   -0.1372    0.9271
...     5 A-T ...
   -1.3881   -3.6770   12.8999
   -0.7835    0.6162   -0.0801
   -0.5677   -0.7622   -0.3109
   -0.2527   -0.1981    0.9470
...     6 G-C ...
   -2.6236   -3.5448   15.7072
   -0.9923    0.0611   -0.1075
   -0.0294   -0.9610   -0.2748
   -0.1201   -0.2695    0.9555
...     7 C-G ...
   -2.3138   -3.7570   18.8866
   -0.8620   -0.4995   -0.0864
    0.5008   -0.8655    0.0073
   -0.0785   -0.0370    0.9962
...     8 G-C ...
   -3.9561   -6.8109   23.3205
   -0.2581   -0.3560   -0.8981
    0.6294   -0.7673    0.1233
   -0.7330   -0.5335    0.4221
...     9 C-G ...
   -6.1177   -8.9414   24.2385
    0.1143   -0.7320   -0.6716
    0.8123   -0.3203    0.4874
   -0.5720   -0.6013    0.5580
...    10 T-A ...
   -8.5041   -9.6771   26.0540
    0.4660   -0.8587   -0.2131
    0.6274    0.1508    0.7640
   -0.6239   -0.4897    0.6090
...    11 C-G ...
  -11.0625  -11.3174   27.2336
    0.6660   -0.6911    0.2808
    0.3382    0.6152    0.7121
   -0.6649   -0.3794    0.6435
...    12 A-T ...
  -13.0013  -13.1789   29.0658
    0.7188   -0.1490    0.6790
   -0.1787    0.9043    0.3876
   -0.6718   -0.4000    0.6235
...    13 C-G ...
  -14.1788  -15.9359   31.3399
    0.4052    0.2865    0.8682
   -0.5270    0.8492   -0.0343
   -0.7470   -0.4437    0.4951
...    14 A-T ...
  -15.9532  -18.1566   33.3080
   -0.1503    0.6873    0.7107
   -0.6106    0.5008   -0.6135
   -0.7776   -0.5261    0.3444
...    15 A-T ...
  -18.3937  -19.8306   34.6255
   -0.4479    0.8689    0.2106
   -0.4198    0.0036   -0.9076
   -0.7894   -0.4949    0.3632
...    16 T-A ...
  -20.7753  -21.2055   36.4224
   -0.5834    0.7568   -0.2949
   -0.1390   -0.4507   -0.8818
   -0.8002   -0.4735    0.3681
...    17 T-A ...
  -23.4060  -22.5375   37.7904
   -0.5512    0.3516   -0.7567
    0.2149   -0.8165   -0.5359
   -0.8062   -0.4580    0.3745
...    18 T-A ...
  -26.1288  -23.7611   39.0999
   -0.3352   -0.2087   -0.9187
    0.4905   -0.8712    0.0189
   -0.8044   -0.4443    0.3944
...    19 A-T ...
  -28.5607  -25.5919   40.6590
    0.0357   -0.7572   -0.6522
    0.5918   -0.5099    0.6243
   -0.8053   -0.4083    0.4300
...    20 T-A ...
  -31.5814  -26.6625   41.5445
    0.3208   -0.9227   -0.2137
    0.4891   -0.0318    0.8716
   -0.8111   -0.3842    0.4411
...    21 T-A ...
  -34.3712  -27.8746   42.7351
    0.5189   -0.7727    0.3655
    0.2158    0.5322    0.8187
   -0.8271   -0.3459    0.4430
...    22 C-G ...
  -37.1374  -29.0336   44.1373
    0.5591   -0.2789    0.7808
   -0.1376    0.8974    0.4192
   -0.8176   -0.3418    0.4634
...    23 G-C ...
  -40.0097  -29.7236   45.8122
    0.4633    0.3291    0.8228
   -0.4382    0.8921   -0.1100
   -0.7703   -0.3096    0.5576
...    24 C-G ...
  -42.3025  -31.0412   47.8353
    0.1808    0.7870    0.5899
   -0.6250    0.5550   -0.5489
   -0.7594   -0.2694    0.5922
...    25 A-T ...
  -44.9901  -31.7395   49.7287
   -0.1336    0.9869    0.0904
   -0.6369   -0.0156   -0.7708
   -0.7592   -0.1606    0.6307
...    26 A-T ...
  -47.3359  -32.1190   51.9422
   -0.4682    0.7962   -0.3831
   -0.4476   -0.5876   -0.6741
   -0.7619   -0.1441    0.6315
...    27 A-T ...
  -49.7624  -32.3426   54.0954
   -0.6391    0.3046   -0.7062
   -0.0982   -0.9430   -0.3179
   -0.7628   -0.1338    0.6326
...    28 G-C ...
  -52.3903  -32.4346   56.1607
   -0.5457   -0.2540   -0.7986
    0.2497   -0.9589    0.1344
   -0.7999   -0.1261    0.5867
...    29 G-C ...
  -55.3014  -32.6427   57.9114
   -0.2546   -0.7398   -0.6228
    0.4892   -0.6541    0.5770
   -0.8342   -0.1577    0.5284
...    30 C-G ...
  -58.3144  -33.0183   59.3275
    0.0929   -0.9742   -0.2057
    0.5380   -0.1247    0.8336
   -0.8378   -0.1881    0.5126
...    31 C-G ...
  -61.2682  -33.7660   60.8218
    0.4384   -0.8588    0.2651
    0.3770    0.4434    0.8132
   -0.8159   -0.2565    0.5181
...    32 G-C ...
  -63.8620  -34.3800   62.9191
    0.6522   -0.4137    0.6352
    0.0377    0.8546    0.5179
   -0.7571   -0.3138    0.5730
...    33 G-C ...
  -66.3346  -35.6667   64.8318
    0.6193    0.1642    0.7678
   -0.3465    0.9347    0.0795
   -0.7046   -0.3153    0.6358
...    34 C-G ...
  -68.4065  -37.0393   67.0526
    0.3497    0.6732    0.6516
   -0.6416    0.6789   -0.3571
   -0.6827   -0.2931    0.6693
...    35 C-G ...
  -70.4756  -37.9835   69.5572
   -0.0160    0.9588    0.2836
   -0.7466    0.1772   -0.6412
   -0.6651   -0.2221    0.7130
...    36 C-G ...
  -72.5513  -38.4867   72.1895
   -0.3800    0.9072   -0.1805
   -0.6295   -0.3966   -0.6681
   -0.6777   -0.1403    0.7218
...    37 G-C ...
  -75.1240  -39.0239   74.3263
   -0.6043    0.5212   -0.6027
   -0.3196   -0.8514   -0.4158
   -0.7299   -0.0587    0.6810
...    38 A-T ...
  -77.5420  -39.0974   76.5751
   -0.6553   -0.0986   -0.7489
    0.1052   -0.9937    0.0388
   -0.7480   -0.0534    0.6616
...    39 C-G ...
  -80.1910  -38.6704   78.5640
   -0.4758   -0.6180   -0.6258
    0.4358   -0.7837    0.4426
   -0.7640   -0.0621    0.6422
...    40 A-T ...
  -82.6619  -39.0344   80.8086
   -0.0559   -0.9512   -0.3036
    0.6134   -0.2726    0.7413
   -0.7878   -0.1447    0.5987
...    41 C-G ...
  -85.6239  -39.5061   82.2498
    0.3077   -0.9433    0.1245
    0.5388    0.2806    0.7943
   -0.7842   -0.1773    0.5946
...    42 G-C ...
  -88.0232  -40.0263   84.5853
    0.6462   -0.5855    0.4895
    0.2376    0.7639    0.6000
   -0.7252   -0.2715    0.6327
...    43 A-T ...
  -90.3742  -41.0147   86.6706
    0.6824    0.0032    0.7309
   -0.2120    0.9579    0.1937
   -0.6995   -0.2872    0.6544
...    44 C-G ...
  -92.3700  -42.5280   88.8622
    0.4767    0.5264    0.7040
   -0.5592    0.7995   -0.2192
   -0.6783   -0.2892    0.6755
...    45 T-A ...
  -94.3523  -43.5690   91.3354
    0.1201    0.8919    0.4360
   -0.7504    0.3691   -0.5483
   -0.6500   -0.2613    0.7136
...    46 T-A ...
  -96.2551  -44.4695   93.8261
   -0.3659    0.9295    0.0464
   -0.6733   -0.2299   -0.7027
   -0.6425   -0.2884    0.7099
...    47 A-T ...
  -98.6637  -45.7355   95.8879
   -0.7411    0.5364   -0.4037
   -0.2559   -0.7817   -0.5687
   -0.6207   -0.3182    0.7166
...    48 C-G ...
 -100.7005  -46.1928   98.5106
   -0.7521    0.0307   -0.6583
    0.1877   -0.9476   -0.2586
   -0.6317   -0.3181    0.7069
...    49 T-A ...
 -102.9923  -46.9747  100.8192
   -0.4905   -0.4756   -0.7302
    0.5664   -0.8108    0.1476
   -0.6622   -0.3412    0.6671
...    50 G-C ...
 -105.1386  -48.3215  103.0214
    0.0029   -0.8169   -0.5768
    0.7376   -0.3877    0.5528
   -0.6752   -0.4271    0.6014
...    51 T-A ...
 -107.7738  -49.6458  104.5322
    0.4278   -0.8761   -0.2222
    0.6222    0.1071    0.7755
   -0.6556   -0.4701    0.5909
...    52 A-T ...
 -109.8608  -51.2951  106.5745
    0.7768   -0.5879    0.2259
    0.2235    0.5927    0.7738
   -0.5888   -0.5506    0.5918
...    53 G-C ...
 -111.7173  -53.3836  108.3677
    0.8186   -0.1285    0.5598
   -0.2491    0.7988    0.5477
   -0.5176   -0.5878    0.6218
...    54 G-C ...
 -113.0825  -55.5781  110.5444
    0.5790    0.3873    0.7174
   -0.6896    0.7021    0.1775
   -0.4350   -0.5975    0.6736
...    55 T-A ...
 -113.9336  -57.8313  112.8442
    0.1192    0.7151    0.6888
   -0.9025    0.3672   -0.2250
   -0.4138   -0.5948    0.6891
...    56 A-T ...
 -115.9008  -59.8036  114.8700
   -0.5490    0.7309    0.4054
   -0.7442   -0.2066   -0.6352
   -0.3805   -0.6504    0.6574
...    57 T-A ...
 -116.7214  -61.6598  117.5099
   -0.8719    0.4887    0.0319
   -0.3393   -0.5558   -0.7589
   -0.3531   -0.6725    0.6504
...    58 C-G ...
 -117.8612  -63.8243  119.7527
   -0.8975    0.0426   -0.4389
    0.2728   -0.7284   -0.6285
   -0.3465   -0.6839    0.6421
...    59 T-A ...
 -119.2187  -65.9013  122.0016
   -0.5835   -0.3331   -0.7407
    0.7260   -0.6226   -0.2920
   -0.3639   -0.7081    0.6051
...    60 C-G ...
 -120.4497  -68.1624  124.0702
   -0.0130   -0.6059   -0.7954
    0.9384   -0.2822    0.1996
   -0.3454   -0.7438    0.5722
...    61 G-C ...
 -121.2893  -70.7143  126.1245
    0.5637   -0.5305   -0.6331
    0.7851    0.1057    0.6104
   -0.2569   -0.8411    0.4760
...    62 A-T ...
 -122.1208  -73.5049  127.5978
    0.9344   -0.2996   -0.1926
    0.3025    0.3821    0.8732
   -0.1880   -0.8742    0.4477
...    63 G-C ...
 -122.5968  -76.5506  128.7920
    0.9659    0.0396    0.2560
   -0.2461    0.4482    0.8594
   -0.0807   -0.8930    0.4427
...    64 C-G ...
 -122.3660  -79.6373  129.9784
    0.6722    0.3278    0.6638
   -0.7403    0.3052    0.5989
   -0.0063   -0.8941    0.4479
...    65 T-A ...
 -121.9509  -82.5763  131.4729
    0.1571    0.4796    0.8633
   -0.9854    0.0177    0.1695
    0.0660   -0.8773    0.4754
...    66 C-G ...
 -121.6150  -85.3581  133.2322
   -0.4770    0.3765    0.7942
   -0.8729   -0.3085   -0.3780
    0.1026   -0.8735    0.4758
...    67 G-C ...
 -121.7251  -88.4278  134.6543
   -0.9062    0.1341    0.4011
   -0.4113   -0.5007   -0.7617
    0.0987   -0.8552    0.5089
...    68 G-C ...
 -121.3021  -91.2131  136.5664
   -0.9803   -0.1522   -0.1258
    0.1843   -0.4759   -0.8600
    0.0710   -0.8662    0.4946
...    69 G-C ...
 -120.9764  -94.0191  138.4727
   -0.7048   -0.3440   -0.6204
    0.7073   -0.2735   -0.6518
    0.0546   -0.8983    0.4361
...    70 A-T ...
 -120.7391  -96.8853  140.0726
   -0.1445   -0.3981   -0.9059
    0.9859    0.0202   -0.1661
    0.0844   -0.9171    0.3895
...    71 T-A ...
 -121.0964  -99.9142  141.2637
    0.3728   -0.2991   -0.8784
    0.9216    0.2298    0.3128
    0.1083   -0.9261    0.3613
...    72 T-A ...
 -120.8251 -102.9567  142.2916
    0.8163   -0.0454   -0.5759
    0.5525    0.3522    0.7554
    0.1685   -0.9348    0.3126
...    73 C-G ...
 -120.1173 -106.0091  143.1682
    0.9663    0.2515   -0.0546
   -0.0175    0.2758    0.9611
    0.2568   -0.9277    0.2709
...    74 A-T ...
 -118.9608 -109.0026  144.1754
    0.7428    0.4848    0.4618
   -0.5313    0.0071    0.8472
    0.4074   -0.8746    0.2628
...    75 T-A ...
 -117.1174 -111.6994  144.5619
    0.3609    0.4210    0.8322
   -0.8269   -0.2681    0.4943
    0.4312   -0.8666    0.2514
...    76 G-C ...
 -115.9280 -114.5887  145.7762
   -0.2303    0.1943    0.9535
   -0.8438   -0.5280   -0.0962
    0.4848   -0.8267    0.2855
...    77 T-A ...
 -113.8376 -116.9587  146.9864
   -0.6449   -0.1536    0.7487
   -0.5703   -0.5555   -0.6052
    0.5089   -0.8172    0.2706
...    78 T-A ...
 -111.9153 -119.4010  148.0515
   -0.8057   -0.5385    0.2465
   -0.0759   -0.3189   -0.9448
    0.5874   -0.7799    0.2160
...    79 A-T ...
 -109.4592 -121.8868  147.9337
   -0.5522   -0.6903   -0.4674
    0.4583    0.2169   -0.8619
    0.6964   -0.6902    0.1966
...    80 T-A ...
 -107.5508 -124.3454  149.0648
   -0.2244   -0.4760   -0.8503
    0.6603    0.5675   -0.4919
    0.7167   -0.6719    0.1870
...    81 A-T ...
 -104.9774 -126.4364  149.6544
    0.1549    0.0408   -0.9871
    0.6474    0.7505    0.1326
    0.7462   -0.6596    0.0898
...    82 A-T ...
 -102.6205 -128.6330  149.8060
    0.4422    0.5099   -0.7379
    0.4473    0.5878    0.6741
    0.7775   -0.6281    0.0318
...    83 C-G ...
 -100.2719 -130.8434  149.3054
    0.5484    0.7916   -0.2694
    0.1695    0.2103    0.9628
    0.8189   -0.5737   -0.0188
...    84 G-C ...
  -97.2098 -132.3130  149.4409
    0.4154    0.8490    0.3266
   -0.0758   -0.3254    0.9425
    0.9065   -0.4162   -0.0708
...    85 G-C ...
  -93.8976 -133.0687  149.1708
    0.2255    0.5489    0.8049
   -0.2115   -0.7789    0.5904
    0.9510   -0.3033   -0.0595
...    86 A-T ...
  -90.6569 -133.8437  149.1318
    0.0538   -0.0557    0.9970
   -0.2586   -0.9652   -0.0400
    0.9645   -0.2556   -0.0663
...    87 C-G ...
  -87.2676 -134.0651  149.1671
   -0.0763   -0.5918    0.8025
   -0.2251   -0.7738   -0.5921
    0.9713   -0.2258   -0.0742
...    88 C-G ...
  -83.9242 -134.7511  149.1515
   -0.2046   -0.9313    0.3013
   -0.1265   -0.2801   -0.9516
    0.9706   -0.2328   -0.0605
...    89 G-C ...
  -80.6629 -135.3262  148.3441
   -0.2786   -0.8997   -0.3359
   -0.0133    0.3534   -0.9354
    0.9603   -0.2561   -0.1104
...    90 C-G ...
  -77.4170 -136.2205  148.3602
   -0.2711   -0.5263   -0.8059
    0.1110    0.8146   -0.5693
    0.9561   -0.2438   -0.1624
...    91 T-A ...
  -74.2901 -137.2492  147.8332
   -0.2422    0.0292   -0.9698
    0.2222    0.9746   -0.0262
    0.9444   -0.2218   -0.2425
...    92 T-A ...
  -71.2838 -138.0745  146.9809
   -0.1254    0.5987   -0.7911
    0.3145    0.7803    0.5406
    0.9410   -0.1810   -0.2861
...    93 T-A ...
  -68.3061 -138.6514  145.8831
    0.0102    0.9483   -0.3173
    0.3444    0.2946    0.8914
    0.9388   -0.1184   -0.3236
...    94 A-T ...
  -65.1737 -138.6797  144.6822
    0.0715    0.9476    0.3112
    0.3396   -0.3165    0.8857
    0.9378    0.0423   -0.3445
...    95 A-T ...
  -62.2000 -138.2880  143.4469
    0.2410    0.5826    0.7762
    0.2679   -0.8087    0.5237
    0.9328    0.0818   -0.3510
...    96 C-G ...
  -59.2473 -137.3043  142.1927
    0.3398    0.0443    0.9394
    0.1298   -0.9915   -0.0003
    0.9315    0.1220   -0.3427
...    97 A-T ...
  -56.0865 -137.1853  141.0871
    0.3236   -0.5759    0.7507
   -0.0659   -0.8052   -0.5893
    0.9439    0.1413   -0.2985
...    98 C-G ...
  -52.8542 -136.2796  140.5918
    0.2509   -0.9243    0.2877
   -0.2328   -0.3461   -0.9089
    0.9396    0.1610   -0.3020
...    99 T-A ...
  -49.6207 -135.7127  139.8544
    0.0643   -0.9587   -0.2771
   -0.3422    0.2397   -0.9085
    0.9374    0.1533   -0.3127
...   100 T-A ...
  -46.4841 -135.2054  139.0919
   -0.1230   -0.6122   -0.7811
   -0.3450    0.7644   -0.5447
    0.9305    0.2024   -0.3052
...   101 T-A ...
  -43.3945 -134.6774  138.2182
   -0.3082   -0.0358   -0.9507
   -0.2276    0.9731    0.0371
    0.9237    0.2278   -0.3080
...   102 A-T ...
  -40.3505 -133.5817  137.2365
   -0.4575    0.5628   -0.6884
    0.0194    0.7803    0.6251
    0.8890    0.2726   -0.3679
...   103 T-A ...
  -37.6187 -133.0445  135.5126
   -0.4103    0.8760   -0.2536
    0.2584    0.3783    0.8889
    0.8746    0.2992   -0.3816
...   104 G-C ...
  -34.7431 -131.6679  134.3935
   -0.2849    0.8862    0.3654
    0.4977   -0.1890    0.8465
    0.8192    0.4230   -0.3872
...   105 C-G ...
  -32.3643 -129.8427  132.9078
    0.0082    0.6026    0.7980
    0.6062   -0.6376    0.4753
    0.7953    0.4799   -0.3705
...   106 T-A ...
  -29.9113 -127.8720  131.7552
    0.3117    0.1188    0.9427
    0.5385   -0.8395   -0.0723
    0.7828    0.5302   -0.3257
...   107 T-A ...
  -27.5133 -125.8874  130.7573
    0.6072   -0.3894    0.6926
    0.2427   -0.7392   -0.6283
    0.7566    0.5495   -0.3543
...   108 C-G ...
  -24.9861 -124.0056  129.6885
    0.6333   -0.7601    0.1456
   -0.1859   -0.3321   -0.9247
    0.7512    0.5586   -0.3517
...   109 C-G ...
  -22.3487 -122.0823  128.7139
    0.3712   -0.8374   -0.4013
   -0.5153    0.1737   -0.8392
    0.7725    0.5183   -0.3670
...   110 G-C ...
  -20.0895 -120.0524  127.1582
   -0.0729   -0.6094   -0.7895
   -0.6450    0.6326   -0.4287
    0.7607    0.4780   -0.4392
...   111 G-C ...
  -17.4071 -118.5255  125.7627
   -0.4914   -0.1777   -0.8526
   -0.4942    0.8630    0.1050
    0.7171    0.4730   -0.5118
...   112 C-G ...
  -14.9044 -117.3210  123.9182
   -0.7244    0.3123   -0.6146
   -0.1323    0.8119    0.5686
    0.6766    0.4932   -0.5468
...   113 T-A ...
  -12.8216 -115.7864  121.8234
   -0.7300    0.6658   -0.1543
    0.3038    0.5184    0.7993
    0.6122    0.5366   -0.5807
...   114 C-G ...
  -10.9501 -113.9225  119.8609
   -0.4264    0.8173    0.3876
    0.6975    0.0242    0.7162
    0.5759    0.5757   -0.5804
...   115 G-C ...
   -8.8488 -111.7617  118.2832
   -0.0024    0.6114    0.7914
    0.8514   -0.4138    0.3223
    0.5245    0.6745   -0.5195
...   116 T-A ...
   -7.6496 -109.1209  116.6210
    0.4521    0.2695    0.8503
    0.7225   -0.6697   -0.1719
    0.5231    0.6920   -0.4975
...   117 A-T ...
   -5.6606 -107.0913  114.7212
    0.8330   -0.2234    0.5062
    0.2406   -0.6775   -0.6950
    0.4982    0.7008   -0.5106
...   118 T-A ...
   -4.0865 -104.3854  113.6106
    0.8438   -0.5341    0.0515
   -0.2381   -0.4586   -0.8561
    0.4809    0.7102   -0.5142
...   119 A-T ...
   -2.8870 -102.0323  111.4028
    0.4818   -0.6707   -0.5639
   -0.7560    0.0072   -0.6546
    0.4431    0.7417   -0.5036
...   120 A-T ...
   -1.2567  -99.6345  109.9096
   -0.0574   -0.5164   -0.8544
   -0.9002    0.3969   -0.1794
    0.4318    0.7588   -0.4876
...   121 T-A ...
    0.7125  -97.5138  108.3122
   -0.5207   -0.2271   -0.8230
   -0.7378    0.6047    0.3000
    0.4295    0.7634   -0.4824
...   122 G-C ...
    1.8344  -94.7425  106.7620
   -0.8938    0.1159   -0.4333
   -0.2677    0.6372    0.7227
    0.3599    0.7619   -0.5385
...   123 T-A ...
    2.9235  -92.5801  104.4753
   -0.9059    0.4207    0.0487
    0.2651    0.4735    0.8400
    0.3304    0.7738   -0.5404
...   124 G-C ...
    3.9689  -89.7647  102.9504
   -0.5933    0.5495    0.5882
    0.7639    0.1541    0.6266
    0.2536    0.8212   -0.5112
...   125 T-A ...
    4.1806  -87.0077  101.0765
   -0.0862    0.5213    0.8490
    0.9658   -0.1655    0.1997
    0.2446    0.8372   -0.4892
...   126 C-G ...
    4.9023  -84.1644   99.5453
    0.5165    0.2908    0.8054
    0.8197   -0.4398   -0.3669
    0.2475    0.8497   -0.4655
...   127 G-C ...
    6.0809  -81.4493   97.8715
    0.8715   -0.1051    0.4790
    0.3701   -0.5000   -0.7830
    0.3218    0.8596   -0.3969
...   128 A-T ...
    7.1346  -78.5618   96.6472
    0.9069   -0.4117   -0.0895
   -0.2384   -0.3264   -0.9147
    0.3473    0.8509   -0.3942
...   129 C-G ...
    8.5740  -75.6405   95.9109
    0.6195   -0.5458   -0.5642
   -0.6919   -0.0400   -0.7209
    0.3709    0.8370   -0.4024
...   130 C-G ...
   10.0910  -72.9014   94.6114
    0.0846   -0.5371   -0.8392
   -0.9116    0.2983   -0.2828
    0.4023    0.7890   -0.4644
...   131 A-T ...
   11.1351  -70.1510   92.9716
   -0.5135   -0.3168   -0.7975
   -0.7679    0.5843    0.2624
    0.3829    0.7472   -0.5433
...   132 A-T ...
   12.4963  -67.8748   91.0842
   -0.8662    0.1004   -0.4895
   -0.3101    0.6601    0.6842
    0.3918    0.7445   -0.5406
...   133 A-T ...
   13.7602  -65.5948   89.1284
   -0.8723    0.4890    0.0058
    0.2690    0.4698    0.8408
    0.4084    0.7350   -0.5414
...   134 T-A ...
   14.7384  -63.4258   86.8200
   -0.5923    0.6747    0.4404
    0.6886    0.1401    0.7115
    0.4183    0.7247   -0.5475
...   135 G-C ...
   15.7317  -61.4928   83.9331
    0.0341    0.7400    0.6717
    0.8636   -0.3601    0.3528
    0.5030    0.5681   -0.6514
...   136 T-A ...
   15.7848  -59.5604   80.7993
    0.5517    0.4998    0.6677
    0.6739   -0.7388   -0.0038
    0.4915    0.4520   -0.7444
...   137 G-C ...
   16.8385  -57.7219   78.2676
    0.8528   -0.0848    0.5153
    0.1507   -0.9048   -0.3983
    0.5000    0.4173   -0.7588
...   138 A-T ...
   18.4282  -55.5287   76.5299
    0.8547   -0.5006    0.1371
   -0.3188   -0.7148   -0.6224
    0.4096    0.4883   -0.7706
...   139 G-C ...
   20.4259  -54.3093   74.5420
    0.5847   -0.7389   -0.3347
   -0.7593   -0.3533   -0.5465
    0.2856    0.5737   -0.7676
...   140 C-G ...
   21.4270  -51.8266   72.7876
    0.1304   -0.7144   -0.6875
   -0.8897    0.2216   -0.3991
    0.4375    0.6637   -0.6067
...   141 G-C ...
   22.1521  -50.1495   67.4640
   -0.4682   -0.8748    0.1248
   -0.8494    0.4066   -0.3364
    0.2435   -0.2635   -0.9334
...   142 C-G ...
   22.3489  -51.2414   64.4934
   -0.8528   -0.5119   -0.1032
   -0.4975    0.8565   -0.1374
    0.1587   -0.0659   -0.9851
...   143 T-A ...
   24.0166  -51.6379   61.9248
   -0.9562    0.0401   -0.2898
    0.0524    0.9980   -0.0348
    0.2878   -0.0485   -0.9564
...   144 C-G ...
   24.8958  -52.7396   58.9874
   -0.7529    0.5560   -0.3520
    0.5214    0.8304    0.1965
    0.4016   -0.0356   -0.9151
...   145 A-T ...
   25.5276  -52.9803   55.8053
   -0.2442    0.9563   -0.1610
    0.8906    0.2869    0.3528
    0.3836   -0.0573   -0.9217
...   146 C-G ...
   25.2778  -52.5123   52.0796
    0.3204    0.9427   -0.0929
    0.8825   -0.2614    0.3909
    0.3443   -0.2072   -0.9157
...   147 A-T ...
   25.6239  -52.5940   48.6396
    0.8597    0.5097    0.0339
    0.4496   -0.7865    0.4233
    0.2424   -0.3487   -0.9053
