  147 base-pairs
...     1 T-A ...
    0.0000    0.0000    0.0000
    1.0000    0.0000    0.0000
    0.0000    1.0000    0.0000
    0.0000    0.0000    1.0000
...     2 G-C ...
   -0.5555   -1.1003    3.3981
    0.7749    0.6051    0.1828
   -0.5991    0.7953   -0.0929
   -0.2016   -0.0375    0.9787
...     3 T-A ...
   -0.6619   -3.0237    6.5348
    0.3046    0.9250    0.2271
   -0.8994    0.3578   -0.2510
   -0.3134   -0.1278    0.9410
...     4 G-C ...
   -1.1607   -3.8418    9.6940
   -0.3351    0.9421    0.0133
   -0.8752   -0.3061   -0.3746
   -0.3489   -0.1372    0.9271
...     5 A-T ...
   -1.3881   -3.6770   12.8999
   -0.7835    0.6162   -0.0801
   -0.5677   -0.7622   -0.3109
   -0.2527   -0.1981    0.9470
...     6 G-C ...
   -2.6236   -3.5448   15.7072
   -0.9923    0.0611   -0.1075
   -0.0294   -0.9610   -0.2748
   -0.1201   -0.2695    0.9555
...     7 C-G ...
   -2.3138   -3.7570   18.8866
   -0.8620   -0.4995   -0.0864
    0.5008   -0.8655    0.0073
   -0.0785   -0.0370    0.9962
...     8 G-C ...
   -3.9561   -6.8109   23.3205
   -0.2581   -0.3560   -0.8981
    0.6294   -0.7673    0.1233
   -0.7330   -0.5335    0.4221
...     9 C-G ...
   -6.1177   -8.9414   24.2385
    0.1143   -0.7320   -0.6716
    0.8123   -0.3203    0.4874
   -0.5720   -0.6013    0.5580
...    10 T-A ...
   -8.5041   -9.6771   26.0540
    0.4660   -0.8587   -0.2131
    0.6274    0.1508    0.7640
   -0.6239   -0.4897    0.6090
...    11 C-G ...
  -11.0625  -11.3174   27.2336
    0.6660   -0.6911    0.2808
    0.3382    0.6152    0.7121
   -0.6649   -0.3794    0.6435
...    12 A-T ...
  -13.0013  -13.1789   29.0658
    0.7188   -0.1490    0.6790
   -0.1787    0.9043    0.3876
   -0.6718   -0.4000    0.6235
...    13 C-G ...
  -14.1788  -15.9359   31.3399
    0.4052    0.2865    0.8682
   -0.5270    0.8492   -0.0343
   -0.7470   -0.4437    0.4951
...    14 A-T ...
  -15.9532  -18.1566   33.3080
   -0.1503    0.6873    0.7107
   -0.6106    0.5008   -0.6135
   -0.7776   -0.5261    0.3444
...    15 A-T ...
  -18.3927  -19.8389   34.6225
   -0.4530    0.8667    0.2088
   -0.4169    0.0011   -0.9090
   -0.7880   -0.4988    0.3608
...    16 T-A ...
  -20.7725  -21.2316   36.4130
   -0.5887    0.7513   -0.2983
   -0.1314   -0.4531   -0.8817
   -0.7976   -0.4799    0.3654
...    17 T-A ...
  -23.3945  -22.5921   37.7730
   -0.5521    0.3422   -0.7604
    0.2275   -0.8155   -0.5322
   -0.8022   -0.4668    0.3724
...    18 T-A ...
  -26.1049  -23.8519   39.0757
   -0.3272   -0.2183   -0.9194
    0.5033   -0.8637    0.0260
   -0.7998   -0.4542    0.3925
...    19 A-T ...
  -28.5068  -25.7248   40.6438
    0.0530   -0.7621   -0.6453
    0.5967   -0.4940    0.6324
   -0.8007   -0.4186    0.4285
...    20 T-A ...
  -31.5121  -26.8438   41.5202
    0.3398   -0.9184   -0.2028
    0.4834   -0.0145    0.8753
   -0.8068   -0.3954    0.4390
...    21 T-A ...
  -34.2834  -28.1011   42.7075
    0.5320   -0.7579    0.3776
    0.1980    0.5450    0.8147
   -0.8232   -0.3587    0.4400
...    22 C-G ...
  -37.0338  -29.3075   44.1049
    0.5576   -0.2572    0.7893
   -0.1620    0.8988    0.4073
   -0.8142   -0.3550    0.4595
...    23 G-C ...
  -39.9063  -30.0444   45.7677
    0.4440    0.3512    0.8243
   -0.4598    0.8789   -0.1268
   -0.7690   -0.3227    0.5517
...    24 C-G ...
  -42.1934  -31.3968   47.7809
    0.1495    0.7996    0.5816
   -0.6326    0.5295   -0.5653
   -0.7599   -0.2834    0.5850
...    25 A-T ...
  -44.8976  -32.1507   49.6330
   -0.1681    0.9830    0.0735
   -0.6227   -0.0481   -0.7810
   -0.7642   -0.1770    0.6202
...    26 A-T ...
  -47.2682  -32.5843   51.8119
   -0.4907    0.7722   -0.4037
   -0.4134   -0.6142   -0.6722
   -0.7670   -0.1630    0.6206
...    27 A-T ...
  -49.7219  -32.8729   53.9275
   -0.6381    0.2668   -0.7223
   -0.0547   -0.9514   -0.3030
   -0.7680   -0.1538    0.6217
...    28 G-C ...
  -52.3805  -33.0424   55.9515
   -0.5195   -0.2918   -0.8031
    0.2877   -0.9447    0.1572
   -0.8046   -0.1494    0.5748
...    29 G-C ...
  -55.3081  -33.3495   57.6600
   -0.2095   -0.7629   -0.6117
    0.5067   -0.6197    0.5993
   -0.8363   -0.1844    0.5164
...    30 C-G ...
  -58.3295  -33.8348   59.0286
    0.1413   -0.9731   -0.1818
    0.5264   -0.0817    0.8463
   -0.8384   -0.2153    0.5007
...    31 C-G ...
  -61.2704  -34.6926   60.4901
    0.4724   -0.8305    0.2952
    0.3377    0.4799    0.8097
   -0.8141   -0.2828    0.5072
...    32 G-C ...
  -63.8763  -35.3835   62.5557
    0.6554   -0.3647    0.6614
   -0.0171    0.8683    0.4958
   -0.7551   -0.3363    0.5628
...    33 G-C ...
  -66.3296  -36.7397   64.4490
    0.5886    0.2165    0.7789
   -0.3957    0.9173    0.0439
   -0.7050   -0.3341    0.6256
...    34 C-G ...
  -68.3937  -38.1577   66.6547
    0.2938    0.7090    0.6411
   -0.6657    0.6331   -0.3951
   -0.6860   -0.3107    0.6579
...    35 C-G ...
  -70.4902  -39.1465   69.1228
   -0.0787    0.9641    0.2535
   -0.7342    0.1159   -0.6689
   -0.6743   -0.2387    0.6988
...    36 C-G ...
  -72.6209  -39.7029   71.7029
   -0.4259    0.8773   -0.2215
   -0.5821   -0.4530   -0.6753
   -0.6927   -0.1587    0.7036
...    37 G-C ...
  -75.2275  -40.3412   73.7766
   -0.6125    0.4639   -0.6400
   -0.2515   -0.8820   -0.3986
   -0.7493   -0.0832    0.6569
...    38 A-T ...
  -77.7167  -40.5018   75.9435
   -0.6189   -0.1639   -0.7682
    0.1658   -0.9832    0.0762
   -0.7678   -0.0802    0.6357
...    39 C-G ...
  -80.4598  -40.1825   77.8216
   -0.4101   -0.6680   -0.6209
    0.4673   -0.7386    0.4859
   -0.7832   -0.0909    0.6151
...    40 A-T ...
  -82.9864  -40.6435   79.9895
    0.0190   -0.9628   -0.2696
    0.5988   -0.2050    0.7742
   -0.8007   -0.1761    0.5726
...    41 C-G ...
  -85.9691  -41.2658   81.3314
    0.3641   -0.9149    0.1741
    0.4842    0.3457    0.8038
   -0.7956   -0.2084    0.5689
...    42 G-C ...
  -88.4221  -41.8675   83.5977
    0.6600   -0.5194    0.5428
    0.1558    0.8014    0.5774
   -0.7350   -0.2965    0.6099
...    43 A-T ...
  -90.8005  -42.9364   85.6180
    0.6408    0.0820    0.7633
   -0.2881    0.9473    0.1400
   -0.7116   -0.3097    0.6306
...    44 C-G ...
  -92.8039  -44.5005   87.7752
    0.3969    0.5893    0.7037
   -0.6016    0.7460   -0.2854
   -0.6932   -0.3101    0.6506
...    45 T-A ...
  -94.8516  -45.5838   90.1820
    0.0266    0.9163    0.3996
   -0.7408    0.2864   -0.6076
   -0.6712   -0.2799    0.6864
...    46 T-A ...
  -96.8342  -46.5266   92.5954
   -0.4386    0.8984   -0.0203
   -0.6073   -0.3130   -0.7302
   -0.6624   -0.3079    0.6829
...    47 A-T ...
  -99.2641  -47.9053   94.5650
   -0.7527    0.4547   -0.4762
   -0.1539   -0.8247   -0.5443
   -0.6402   -0.3364    0.6907
...    48 C-G ...
 -101.4254  -48.4152   97.0752
   -0.7041   -0.0621   -0.7074
    0.2812   -0.9391   -0.1974
   -0.6521   -0.3379    0.6787
...    49 T-A ...
 -103.8022  -49.2855   99.2644
   -0.3947   -0.5484   -0.7372
    0.6182   -0.7521    0.2285
   -0.6798   -0.3656    0.6358
...    50 G-C ...
 -105.9840  -50.7210  101.3795
    0.1152   -0.8398   -0.5306
    0.7216   -0.2964    0.6257
   -0.6827   -0.4550    0.5718
...    51 T-A ...
 -108.6092  -52.2027  102.7574
    0.5158   -0.8452   -0.1401
    0.5458    0.1981    0.8142
   -0.6604   -0.4964    0.5635
...    52 A-T ...
 -110.6979  -53.8971  104.7721
    0.7961   -0.5052    0.3331
    0.1007    0.6534    0.7503
   -0.5967   -0.5638    0.5710
...    53 G-C ...
 -112.5468  -56.0317  106.5281
    0.7642   -0.0244    0.6445
   -0.3676    0.8047    0.4662
   -0.5300   -0.5932    0.6060
...    54 G-C ...
 -113.9610  -58.2016  108.7047
    0.4624    0.4773    0.7473
   -0.7598    0.6477    0.0565
   -0.4570   -0.5939    0.6621
...    55 T-A ...
 -114.8816  -60.3942  111.0481
   -0.0219    0.7601    0.6495
   -0.8974    0.2714   -0.3479
   -0.4407   -0.5905    0.6761
...    56 A-T ...
 -116.9267  -62.4481  112.9318
   -0.6608    0.6922    0.2903
   -0.6357   -0.3104   -0.7068
   -0.3991   -0.6515    0.6452
...    57 T-A ...
 -117.9003  -64.2480  115.5594
   -0.9100    0.4006   -0.1065
   -0.1854   -0.6232   -0.7597
   -0.3708   -0.6716    0.6414
...    58 C-G ...
 -119.1043  -66.4129  117.7712
   -0.8305   -0.0667   -0.5530
    0.4205   -0.7263   -0.5438
   -0.3654   -0.6842    0.6312
...    59 T-A ...
 -120.5532  -68.5109  119.9436
   -0.4415   -0.4207   -0.7925
    0.8132   -0.5609   -0.1552
   -0.3792   -0.7130    0.5897
...    60 C-G ...
 -121.8489  -70.7987  121.9419
    0.1566   -0.6366   -0.7552
    0.9212   -0.1816    0.3441
   -0.3562   -0.7495    0.5580
...    61 G-C ...
 -122.7319  -73.3613  123.9730
    0.6974   -0.4994   -0.5140
    0.6705    0.2017    0.7139
   -0.2529   -0.8426    0.4755
...    62 A-T ...
 -123.5172  -76.1728  125.4447
    0.9751   -0.2199   -0.0283
    0.1250    0.4396    0.8894
   -0.1831   -0.8709    0.4562
...    63 G-C ...
 -123.9213  -79.2091  126.7067
    0.9017    0.1333    0.4112
   -0.4245    0.4525    0.7842
   -0.0816   -0.8817    0.4646
...    64 C-G ...
 -123.6509  -82.2292  128.0718
    0.5149    0.4030    0.7567
   -0.8572    0.2564    0.4467
   -0.0140   -0.8786    0.4774
...    65 T-A ...
 -123.2849  -85.0913  129.7383
   -0.0449    0.5083    0.8600
   -0.9980   -0.0619   -0.0155
    0.0453   -0.8589    0.5101
...    66 C-G ...
 -123.0596  -87.8237  131.6018
   -0.6492    0.3458    0.6775
   -0.7567   -0.3842   -0.5290
    0.0774   -0.8560    0.5111
...    67 G-C ...
 -123.1618  -90.8972  133.0280
   -0.9752    0.0656    0.2113
   -0.2133   -0.5330   -0.8188
    0.0589   -0.8436    0.5338
...    68 G-C ...
 -122.8886  -93.6422  135.0286
   -0.9212   -0.2216   -0.3197
    0.3878   -0.4581   -0.7999
    0.0308   -0.8608    0.5080
...    69 G-C ...
 -122.7532  -96.4267  136.9907
   -0.5382   -0.3833   -0.7506
    0.8425   -0.2194   -0.4920
    0.0239   -0.8972    0.4411
...    70 A-T ...
 -122.6611  -99.2980  138.5922
    0.0710   -0.3908   -0.9177
    0.9957    0.0822    0.0420
    0.0591   -0.9168    0.3950
...    71 T-A ...
 -123.0652 -102.3628  139.6621
    0.5645   -0.2581   -0.7840
    0.8208    0.2758    0.5002
    0.0872   -0.9259    0.3676
...    72 C-G ...
 -122.7480 -105.4171  140.7706
    0.9271    0.0377   -0.3728
    0.3357    0.3587    0.8710
    0.1666   -0.9327    0.3199
...    73 A-T ...
 -121.9245 -108.5012  141.8499
    0.9164    0.3771    0.1342
   -0.2261    0.2111    0.9509
    0.3303   -0.9018    0.2788
...    74 T-A ...
 -120.4899 -111.4249  142.1617
    0.6632    0.4553    0.5940
   -0.6529   -0.0360    0.7566
    0.3659   -0.8896    0.2734
...    75 G-C ...
 -119.2803 -114.2521  143.5188
    0.1142    0.4013    0.9088
   -0.8861   -0.3725    0.2759
    0.4492   -0.8368    0.3131
...    76 T-A ...
 -117.2232 -116.6622  144.6340
   -0.3869    0.1204    0.9142
   -0.7903   -0.5541   -0.2615
    0.4751   -0.8237    0.3095
...    77 T-A ...
 -115.3702 -119.1388  145.7300
   -0.7414   -0.3178    0.5911
   -0.3980   -0.5010   -0.7685
    0.5404   -0.8050    0.2450
...    78 A-T ...
 -113.3461 -122.0261  145.5289
   -0.7050   -0.7010   -0.1074
    0.2060   -0.0574   -0.9769
    0.6786   -0.7109    0.1849
...    79 T-A ...
 -111.3352 -124.3738  146.7703
   -0.4664   -0.6453   -0.6050
    0.5286    0.3451   -0.7756
    0.7093   -0.6815    0.1802
...    80 A-T ...
 -108.5693 -126.3008  147.2442
   -0.0236   -0.2514   -0.9676
    0.6713    0.7132   -0.2017
    0.7408   -0.6543    0.1520
...    81 A-T ...
 -106.2641 -128.5254  147.7016
    0.3352    0.2402   -0.9110
    0.5503    0.7349    0.3962
    0.7647   -0.6342    0.1142
...    82 C-G ...
 -104.0475 -130.9290  147.6397
    0.5162    0.6422   -0.5666
    0.2978    0.4857    0.8218
    0.8030   -0.5930    0.0595
...    83 G-C ...
 -101.0770 -132.5411  147.9372
    0.4447    0.8956   -0.0120
    0.0215    0.0027    0.9998
    0.8954   -0.4448   -0.0180
...    84 G-C ...
  -97.8385 -133.4930  147.6211
    0.2828    0.7869    0.5484
   -0.1547   -0.5268    0.8358
    0.9466   -0.3213   -0.0272
...    85 A-T ...
  -94.6128 -134.2631  147.6443
    0.1104    0.3055    0.9458
   -0.2401   -0.9152    0.3236
    0.9644   -0.2628   -0.0277
...    86 T-A ...
  -91.2946 -134.4148  147.5080
   -0.0034   -0.2356    0.9719
   -0.2489   -0.9411   -0.2290
    0.9685   -0.2427   -0.0554
...    87 C-G ...
  -88.0446 -135.1406  147.4772
   -0.1243   -0.7805    0.6127
   -0.1793   -0.5896   -0.7875
    0.9759   -0.2077   -0.0667
...    88 C-G ...
  -84.6944 -135.7752  147.4721
   -0.2236   -0.9739    0.0381
   -0.0721   -0.0224   -0.9971
    0.9720   -0.2257   -0.0652
...    89 G-C ...
  -81.3936 -136.1621  146.7312
   -0.2769   -0.7784   -0.5635
    0.0345    0.5780   -0.8153
    0.9603   -0.2452   -0.1332
...    90 C-G ...
  -78.1835 -137.1333  146.6451
   -0.2524   -0.3027   -0.9191
    0.1502    0.9260   -0.3462
    0.9559   -0.2255   -0.1883
...    91 T-A ...
  -75.0808 -138.1068  145.9511
   -0.2150    0.2699   -0.9386
    0.2507    0.9441    0.2141
    0.9439   -0.1892   -0.2707
...    92 T-A ...
  -72.0875 -138.8011  144.9600
   -0.0931    0.7724   -0.6282
    0.3280    0.6195    0.7131
    0.9401   -0.1397   -0.3111
...    93 T-A ...
  -69.1174 -139.2020  143.7678
    0.0465    0.9950   -0.0881
    0.3416    0.0670    0.9374
    0.9387   -0.0737   -0.3368
...    94 A-T ...
  -65.9720 -139.0740  142.6130
    0.1136    0.8466    0.5200
    0.3165   -0.5269    0.7888
    0.9418    0.0750   -0.3278
...    95 A-T ...
  -62.9798 -138.5502  141.4658
    0.2723    0.3782    0.8848
    0.2217   -0.9194    0.3248
    0.9363    0.1077   -0.3342
...    96 C-G ...
  -59.9757 -137.4776  140.4111
    0.3458   -0.1854    0.9198
    0.0705   -0.9724   -0.2225
    0.9357    0.1418   -0.3232
...    97 A-T ...
  -56.8387 -137.2949  139.2659
    0.2938   -0.7443    0.5997
   -0.1233   -0.6517   -0.7484
    0.9479    0.1459   -0.2832
...    98 C-G ...
  -53.5704 -136.4946  138.8870
    0.1923   -0.9782    0.0790
   -0.2672   -0.1297   -0.9549
    0.9443    0.1625   -0.2863
...    99 T-A ...
  -50.3246 -135.9912  138.1923
   -0.0089   -0.8842   -0.4670
   -0.3400    0.4418   -0.8302
    0.9404    0.1514   -0.3046
...   100 T-A ...
  -47.1825 -135.5575  137.4308
   -0.1892   -0.4401   -0.8778
   -0.2981    0.8775   -0.3757
    0.9356    0.1906   -0.2972
...   101 T-A ...
  -44.0950 -135.0969  136.5314
   -0.3420    0.1599   -0.9260
   -0.1488    0.9638    0.2214
    0.9278    0.2135   -0.3058
...   102 A-T ...
  -41.0349 -134.1348  135.5164
   -0.4530    0.6919   -0.5623
    0.1038    0.6673    0.7375
    0.8855    0.2757   -0.3741
...   103 T-A ...
  -38.3709 -133.4882  133.7286
   -0.3646    0.9267   -0.0908
    0.3290    0.2194    0.9185
    0.8711    0.3050   -0.3849
...   104 G-C ...
  -35.4941 -132.1076  132.6353
   -0.2074    0.8356    0.5086
    0.5296   -0.3413    0.7766
    0.8225    0.4304   -0.3718
...   105 C-G ...
  -33.0892 -130.2169  131.2848
    0.0905    0.4784    0.8735
    0.5898   -0.7325    0.3400
    0.8025    0.4844   -0.3485
...   106 T-A ...
  -30.5919 -128.2372  130.2581
    0.3712   -0.0317    0.9280
    0.4792   -0.8495   -0.2207
    0.7953    0.5266   -0.3002
...   107 T-A ...
  -28.1424 -126.2590  129.3802
    0.6203   -0.5118    0.5943
    0.1595   -0.6596   -0.7345
    0.7680    0.5505   -0.3275
...   108 C-G ...
  -25.5811 -124.3830  128.3989
    0.5914   -0.8064    0.0078
   -0.2587   -0.1990   -0.9452
    0.7638    0.5569   -0.3263
...   109 C-G ...
  -22.8967 -122.4900  127.5126
    0.2938   -0.8021   -0.5199
   -0.5503    0.3028   -0.7781
    0.7816    0.5148   -0.3524
...   110 G-C ...
  -20.6028 -120.4344  126.0649
   -0.1574   -0.5134   -0.8436
   -0.6274    0.7117   -0.3161
    0.7626    0.4795   -0.4341
...   111 G-C ...
  -17.9169 -118.9440  124.6497
   -0.5508   -0.0622   -0.8323
   -0.4324    0.8742    0.2208
    0.7139    0.4815   -0.5085
...   112 C-G ...
  -15.4732 -117.7101  122.7589
   -0.7396    0.4084   -0.5350
   -0.0491    0.7600    0.6481
    0.6713    0.5056   -0.5420
...   113 T-A ...
  -13.4425 -116.1059  120.6725
   -0.6990    0.7134   -0.0495
    0.3794    0.4287    0.8199
    0.6061    0.5544   -0.5703
...   114 C-G ...
  -11.6032 -114.1695  118.7567
   -0.3586    0.8011    0.4792
    0.7384   -0.0706    0.6706
    0.5711    0.5944   -0.5662
...   115 G-C ...
   -9.4965 -111.9894  117.2319
    0.0740    0.5450    0.8352
    0.8462   -0.4775    0.2366
    0.5278    0.6892   -0.4965
...   116 T-A ...
   -8.2658 -109.2874  115.6994
    0.5112    0.1825    0.8399
    0.6780   -0.6862   -0.2636
    0.5282    0.7042   -0.4745
...   117 A-T ...
   -6.3039 -107.1974  113.8546
    0.8451   -0.2954    0.4456
    0.1746   -0.6352   -0.7523
    0.5053    0.7136   -0.4852
...   118 T-A ...
   -4.6623 -104.4906  112.8562
    0.8197   -0.5723   -0.0261
   -0.2981   -0.3872   -0.8725
    0.4892    0.7229   -0.4880
...   119 A-T ...
   -3.4185 -102.0539  110.7940
    0.4289   -0.6598   -0.6170
   -0.7774    0.0783   -0.6241
    0.4601    0.7474   -0.4793
...   120 A-T ...
   -1.7277  -99.6625  109.3658
   -0.1095   -0.4716   -0.8750
   -0.8860    0.4453   -0.1291
    0.4505    0.7611   -0.4666
...   121 T-A ...
    0.2813  -97.5641  107.7969
   -0.5562   -0.1687   -0.8138
   -0.7003    0.6224    0.3496
    0.4475    0.7643   -0.4643
...   122 G-C ...
    1.4750  -94.8018  106.2963
   -0.9013    0.1647   -0.4008
   -0.2215    0.6198    0.7529
    0.3724    0.7673   -0.5221
...   123 T-A ...
    2.5718  -92.6042  104.0544
   -0.8891    0.4490    0.0887
    0.3046    0.4357    0.8470
    0.3417    0.7801   -0.5242
...   124 G-C ...
    3.6483  -89.7795  102.5804
   -0.5619    0.5476    0.6200
    0.7835    0.1121    0.6111
    0.2651    0.8292   -0.4921
...   125 T-A ...
    3.8941  -86.9771  100.7839
   -0.0529    0.4981    0.8655
    0.9651   -0.1971    0.1724
    0.2564    0.8444   -0.4703
...   126 C-G ...
    4.6526  -84.1110   99.3212
    0.5395    0.2555    0.8022
    0.8010   -0.4495   -0.3955
    0.2596    0.8560   -0.4472
...   127 G-C ...
    5.8585  -81.3880   97.6959
    0.8767   -0.1370    0.4611
    0.3451   -0.4888   -0.8013
    0.3352    0.8616   -0.3812
...   128 A-T ...
    6.9504  -78.4967   96.5262
    0.8963   -0.4292   -0.1112
   -0.2580   -0.3009   -0.9181
    0.3606    0.8516   -0.3804
...   129 C-G ...
    8.4414  -75.5959   95.8324
    0.6021   -0.5473   -0.5814
   -0.7002   -0.0120   -0.7138
    0.3837    0.8368   -0.3904
...   130 C-G ...
   10.0046  -72.8656   94.5780
    0.0683   -0.5262   -0.8476
   -0.9083    0.3187   -0.2711
    0.4127    0.7884   -0.4561
...   131 A-T ...
   11.1056  -70.1273   92.9660
   -0.5217   -0.3031   -0.7974
   -0.7582    0.5931    0.2707
    0.3910    0.7459   -0.5393
...   132 A-T ...
   12.4871  -67.8620   91.0843
   -0.8668    0.1102   -0.4863
   -0.3016    0.6606    0.6875
    0.3970    0.7426   -0.5394
...   133 A-T ...
   13.7594  -65.5909   89.1277
   -0.8705    0.4922    0.0077
    0.2721    0.4682    0.8407
    0.4102    0.7339   -0.5415
...   134 T-A ...
   14.7384  -63.4256   86.8199
   -0.5923    0.6747    0.4404
    0.6886    0.1401    0.7115
    0.4183    0.7247   -0.5475
...   135 G-C ...
   15.7316  -61.4926   83.9330
    0.0341    0.7400    0.6717
    0.8636   -0.3601    0.3528
    0.5030    0.5681   -0.6514
...   136 T-A ...
   15.7848  -59.5602   80.7992
    0.5517    0.4998    0.6677
    0.6739   -0.7388   -0.0038
    0.4915    0.4520   -0.7444
...   137 G-C ...
   16.8385  -57.7217   78.2675
    0.8528   -0.0848    0.5153
    0.1507   -0.9048   -0.3983
    0.5000    0.4173   -0.7588
...   138 A-T ...
   18.4282  -55.5285   76.5299
    0.8547   -0.5006    0.1371
   -0.3188   -0.7148   -0.6224
    0.4096    0.4883   -0.7706
...   139 G-C ...
   20.4259  -54.3091   74.5420
    0.5847   -0.7389   -0.3347
   -0.7593   -0.3533   -0.5465
    0.2856    0.5737   -0.7676
...   140 C-G ...
   21.4269  -51.8264   72.7876
    0.1304   -0.7144   -0.6875
   -0.8897    0.2216   -0.3991
    0.4375    0.6637   -0.6067
...   141 G-C ...
   22.1521  -50.1493   67.4640
   -0.4682   -0.8748    0.1248
   -0.8494    0.4066   -0.3364
    0.2435   -0.2635   -0.9334
...   142 C-G ...
   22.3488  -51.2412   64.4933
   -0.8528   -0.5119   -0.1032
   -0.4975    0.8565   -0.1374
    0.1587   -0.0659   -0.9851
...   143 T-A ...
   24.0166  -51.6377   61.9248
   -0.9562    0.0401   -0.2898
    0.0524    0.9980   -0.0348
    0.2878   -0.0485   -0.9564
...   144 C-G ...
   24.8957  -52.7393   58.9873
   -0.7529    0.5560   -0.3520
    0.5214    0.8304    0.1965
    0.4016   -0.0356   -0.9151
...   145 A-T ...
   25.5275  -52.9801   55.8053
   -0.2442    0.9563   -0.1610
    0.8906    0.2869    0.3528
    0.3836   -0.0573   -0.9217
...   146 C-G ...
   25.2778  -52.5121   52.0796
    0.3204    0.9427   -0.0929
    0.8825   -0.2614    0.3909
    0.3443   -0.2072   -0.9157
...   147 A-T ...
   25.6238  -52.5938   48.6395
    0.8597    0.5097    0.0339
    0.4496   -0.7865    0.4233
    0.2424   -0.3487   -0.9053
