  147 base-pairs
...     1 T-A ...
    0.0000    0.0000    0.0000
    1.0000    0.0000    0.0000
    0.0000    1.0000    0.0000
    0.0000    0.0000    1.0000
...     2 G-C ...
   -0.5555   -1.1003    3.3981
    0.7749    0.6051    0.1828
   -0.5991    0.7953   -0.0929
   -0.2016   -0.0375    0.9787
...     3 T-A ...
   -0.6619   -3.0237    6.5348
    0.3046    0.9250    0.2271
   -0.8994    0.3578   -0.2510
   -0.3134   -0.1278    0.9410
...     4 G-C ...
   -1.1607   -3.8418    9.6940
   -0.3351    0.9421    0.0133
   -0.8752   -0.3061   -0.3746
   -0.3489   -0.1372    0.9271
...     5 A-T ...
   -1.3881   -3.6770   12.8999
   -0.7835    0.6162   -0.0801
   -0.5677   -0.7622   -0.3109
   -0.2527   -0.1981    0.9470
...     6 G-C ...
   -2.6236   -3.5448   15.7072
   -0.9923    0.0611   -0.1075
   -0.0294   -0.9610   -0.2748
   -0.1201   -0.2695    0.9555
...     7 C-G ...
   -2.3138   -3.7570   18.8866
   -0.8620   -0.4995   -0.0864
    0.5008   -0.8655    0.0073
   -0.0785   -0.0370    0.9962
...     8 G-C ...
   -3.9561   -6.8109   23.3205
   -0.2581   -0.3560   -0.8981
    0.6294   -0.7673    0.1233
   -0.7330   -0.5335    0.4221
...     9 C-G ...
   -6.1177   -8.9414   24.2385
    0.1143   -0.7320   -0.6716
    0.8123   -0.3203    0.4874
   -0.5720   -0.6013    0.5580
...    10 T-A ...
   -8.5041   -9.6771   26.0540
    0.4660   -0.8587   -0.2131
    0.6274    0.1508    0.7640
   -0.6239   -0.4897    0.6090
...    11 C-G ...
  -11.0625  -11.3174   27.2336
    0.6660   -0.6911    0.2808
    0.3382    0.6152    0.7121
   -0.6649   -0.3794    0.6435
...    12 A-T ...
  -13.0013  -13.1789   29.0658
    0.7188   -0.1490    0.6790
   -0.1787    0.9043    0.3876
   -0.6718   -0.4000    0.6235
...    13 C-G ...
  -14.1788  -15.9359   31.3399
    0.4052    0.2865    0.8682
   -0.5270    0.8492   -0.0343
   -0.7470   -0.4437    0.4951
...    14 A-T ...
  -15.9532  -18.1566   33.3080
   -0.1503    0.6873    0.7107
   -0.6106    0.5008   -0.6135
   -0.7776   -0.5261    0.3444
...    15 A-T ...
  -18.3821  -19.8364   34.6401
   -0.4504    0.8666    0.2147
   -0.4232    0.0046   -0.9060
   -0.7862   -0.4989    0.3647
...    16 T-A ...
  -20.7444  -21.2349   36.4497
   -0.5915    0.7532   -0.2876
   -0.1413   -0.4480   -0.8828
   -0.7938   -0.4816    0.3715
...    17 T-A ...
  -23.3432  -22.5974   37.8521
   -0.5663    0.3472   -0.7475
    0.2194   -0.8108   -0.5427
   -0.7945   -0.4713    0.3830
...    18 T-A ...
  -26.0239  -23.8621   39.2105
   -0.3496   -0.2103   -0.9130
    0.5060   -0.8625    0.0049
   -0.7885   -0.4602    0.4079
...    19 A-T ...
  -28.3790  -25.7382   40.8201
    0.0338   -0.7504   -0.6601
    0.6173   -0.5038    0.6043
   -0.7860   -0.4279    0.4462
...    20 T-A ...
  -31.3486  -26.8801   41.7722
    0.3343   -0.9127   -0.2349
    0.5140   -0.0323    0.8572
   -0.7899   -0.4073    0.4583
...    21 T-A ...
  -34.0656  -28.1763   43.0292
    0.5514   -0.7655    0.3316
    0.2304    0.5217    0.8214
   -0.8018   -0.3766    0.4641
...    22 C-G ...
  -36.7345  -29.4450   44.5057
    0.6001   -0.2815    0.7487
   -0.1446    0.8824    0.4477
   -0.7868   -0.3769    0.4888
...    23 G-C ...
  -39.4746  -30.2920   46.3074
    0.4980    0.3190    0.8063
   -0.4698    0.8808   -0.0583
   -0.7289   -0.3498    0.5886
...    24 C-G ...
  -41.5893  -31.7344   48.4279
    0.1937    0.7730    0.6041
   -0.6735    0.5525   -0.4911
   -0.7134   -0.3117    0.6276
...    25 A-T ...
  -44.1084  -32.5717   50.4826
   -0.1535    0.9789    0.1351
   -0.6872   -0.0075   -0.7264
   -0.7101   -0.2043    0.6738
...    26 A-T ...
  -46.2774  -33.0956   52.8424
   -0.5164    0.7952   -0.3178
   -0.4781   -0.5757   -0.6633
   -0.7104   -0.1906    0.6775
...    27 A-T ...
  -48.5264  -33.4702   55.1622
   -0.7003    0.3106   -0.6427
   -0.0942   -0.9327   -0.3481
   -0.7076   -0.1832    0.6824
...    28 G-C ...
  -50.9715  -33.7305   57.4245
   -0.6013   -0.2394   -0.7623
    0.2881   -0.9549    0.0726
   -0.7453   -0.1760    0.6431
...    29 G-C ...
  -53.7033  -34.1015   59.4134
   -0.2853   -0.7210   -0.6315
    0.5564   -0.6611    0.5034
   -0.7804   -0.2077    0.5897
...    30 C-G ...
  -56.5613  -34.6273   61.0724
    0.1026   -0.9605   -0.2588
    0.6143   -0.1434    0.7759
   -0.7823   -0.2386    0.5753
...    31 C-G ...
  -59.3470  -35.5267   62.7828
    0.4861   -0.8554    0.1789
    0.4400    0.4164    0.7956
   -0.7551   -0.3080    0.5788
...    32 G-C ...
  -61.7077  -36.3331   65.0690
    0.7256   -0.4243    0.5417
    0.0678    0.8275    0.5574
   -0.6848   -0.3677    0.6292
...    33 G-C ...
  -63.9177  -37.8144   67.1496
    0.6960    0.1413    0.7040
   -0.3589    0.9176    0.1707
   -0.6219   -0.3715    0.6894
...    34 C-G ...
  -65.6800  -39.3722   69.5019
    0.4078    0.6452    0.6460
   -0.6934    0.6792   -0.2406
   -0.5940   -0.3498    0.7244
...    35 C-G ...
  -67.4032  -40.5115   72.1780
    0.0013    0.9403    0.3404
   -0.8215    0.1951   -0.5358
   -0.5702   -0.2790    0.7727
...    36 C-G ...
  -69.1255  -41.2009   75.0120
   -0.4119    0.9079   -0.0772
   -0.7022   -0.3703   -0.6082
   -0.5808   -0.1963    0.7900
...    37 G-C ...
  -71.4051  -41.8969   77.4094
   -0.6817    0.5449   -0.4883
   -0.3621   -0.8311   -0.4220
   -0.6358   -0.1109    0.7639
...    38 A-T ...
  -73.5116  -42.1376   79.9392
   -0.7471   -0.0643   -0.6616
    0.1167   -0.9925   -0.0354
   -0.6544   -0.1037    0.7490
...    39 C-G ...
  -75.8782  -41.8700   82.2802
   -0.5520   -0.5859   -0.5932
    0.4951   -0.8028    0.3322
   -0.6709   -0.1103    0.7333
...    40 A-T ...
  -78.0119  -42.3985   84.8112
   -0.0948   -0.9322   -0.3494
    0.7097   -0.3095    0.6330
   -0.6981   -0.1880    0.6908
...    41 C-G ...
  -80.7439  -42.9859   86.6148
    0.3216   -0.9466    0.0235
    0.6442    0.2369    0.7273
   -0.6940   -0.2187    0.6860
...    42 G-C ...
  -82.7982  -43.6486   89.2176
    0.7077   -0.6110    0.3548
    0.3249    0.7273    0.6045
   -0.6274   -0.3125    0.7132
...    43 A-T ...
  -84.8302  -44.7687   91.5489
    0.7838   -0.0411    0.6197
   -0.1730    0.9439    0.2813
   -0.5965   -0.3277    0.7327
...    44 C-G ...
  -86.4843  -46.4136   93.9131
    0.5854    0.4803    0.6532
   -0.5764    0.8131   -0.0813
   -0.5702   -0.3289    0.7528
...    45 T-A ...
  -88.0662  -47.6021   96.5920
    0.2041    0.8620    0.4640
   -0.8206    0.4091   -0.3991
   -0.5338   -0.2993    0.7909
...    46 T-A ...
  -89.5655  -48.6290   99.2956
   -0.3285    0.9312    0.1577
   -0.7835   -0.1755   -0.5961
   -0.5275   -0.3194    0.7873
...    47 A-T ...
  -91.6169  -49.9175  101.6795
   -0.7705    0.5867   -0.2492
   -0.3793   -0.7362   -0.5605
   -0.5123   -0.3374    0.7897
...    48 C-G ...
  -93.2287  -50.4493  104.5651
   -0.8457    0.1014   -0.5239
    0.0954   -0.9373   -0.3352
   -0.5251   -0.3335    0.7830
...    49 T-A ...
  -95.1584  -51.2659  107.1678
   -0.6286   -0.4083   -0.6619
    0.5371   -0.8435    0.0103
   -0.5625   -0.3490    0.7495
...    50 G-C ...
  -96.9804  -52.6450  109.6186
   -0.1410   -0.7826   -0.6064
    0.7946   -0.4548    0.4022
   -0.5906   -0.4251    0.6860
...    51 T-A ...
  -99.4047  -53.9136  111.4918
    0.3286   -0.8850   -0.3298
    0.7484    0.0310    0.6625
   -0.5761   -0.4645    0.6726
...    52 A-T ...
 -101.2216  -55.5359  113.7928
    0.7604   -0.6457    0.0694
    0.3900    0.5395    0.7462
   -0.5193   -0.5404    0.6621
...    53 G-C ...
 -102.9004  -57.5844  115.7910
    0.8895   -0.2098    0.4058
   -0.0922    0.7875    0.6093
   -0.4475   -0.5794    0.6812
...    54 G-C ...
 -104.0617  -59.7849  118.0732
    0.7239    0.3117    0.6154
   -0.5893    0.7432    0.3168
   -0.3586   -0.5920    0.7217
...    55 T-A ...
 -104.6824  -62.0641  120.4105
    0.3009    0.6746    0.6740
   -0.8930    0.4474   -0.0492
   -0.3347   -0.5871    0.7371
...    56 A-T ...
 -106.3061  -63.9331  122.7610
   -0.3744    0.7761    0.5075
   -0.8718   -0.1080   -0.4779
   -0.3160   -0.6213    0.7170
...    57 T-A ...
 -106.8042  -65.7446  125.5015
   -0.7840    0.5870    0.2019
   -0.5451   -0.4954   -0.6764
   -0.2970   -0.6403    0.7084
...    58 C-G ...
 -107.7594  -67.7863  127.9274
   -0.9535    0.1641   -0.2528
    0.0480   -0.7453   -0.6650
   -0.2975   -0.6462    0.7028
...    59 T-A ...
 -108.9151  -69.7029  130.4121
   -0.7586   -0.2411   -0.6054
    0.5632   -0.7099   -0.4229
   -0.3278   -0.6617    0.6743
...    60 C-G ...
 -110.0236  -71.8105  132.6962
   -0.2560   -0.5910   -0.7649
    0.9110   -0.4123    0.0137
   -0.3234   -0.6933    0.6440
...    61 G-C ...
 -110.7684  -74.2388  134.9188
    0.3434   -0.6086   -0.7154
    0.8978   -0.0109    0.4402
   -0.2757   -0.7934    0.5426
...    62 A-T ...
 -111.7023  -76.8647  136.6214
    0.8221   -0.4413   -0.3597
    0.5236    0.3379    0.7821
   -0.2236   -0.8313    0.5088
...    63 G-C ...
 -112.3984  -79.7857  138.0054
    0.9918   -0.1124    0.0607
    0.0027    0.4937    0.8696
   -0.1277   -0.8623    0.4900
...    64 C-G ...
 -112.4584  -82.8497  139.2592
    0.8355    0.2252    0.5012
   -0.5465    0.4360    0.7151
   -0.0575   -0.8713    0.4873
...    65 T-A ...
 -112.2315  -85.7842  140.7927
    0.4076    0.4694    0.7833
   -0.9130    0.1925    0.3597
    0.0181   -0.8617    0.5071
...    66 C-G ...
 -112.0055  -88.5272  142.6131
   -0.2285    0.4869    0.8431
   -0.9722   -0.1595   -0.1714
    0.0510   -0.8588    0.5098
...    67 G-C ...
 -112.3225  -91.4406  144.2946
   -0.7599    0.3286    0.5609
   -0.6481   -0.4499   -0.6145
    0.0504   -0.8304    0.5548
...    68 G-C ...
 -112.0530  -94.1194  146.3705
   -0.9950    0.0440    0.0900
   -0.0993   -0.5558   -0.8254
    0.0137   -0.8301    0.5574
...    69 G-C ...
 -111.9283  -96.7970  148.4652
   -0.8762   -0.2293   -0.4238
    0.4812   -0.4639   -0.7438
   -0.0261   -0.8557    0.5168
...    70 A-T ...
 -111.9404  -99.5315  150.2971
   -0.4135   -0.4285   -0.8034
    0.9104   -0.2081   -0.3576
   -0.0140   -0.8792    0.4762
...    71 T-A ...
 -112.6238 -102.3044  151.9135
    0.1075   -0.4509   -0.8861
    0.9942    0.0489    0.0957
    0.0002   -0.8912    0.4536
...    72 C-G ...
 -112.6648 -105.2426  153.3471
    0.6673   -0.2614   -0.6974
    0.7430    0.2986    0.5989
    0.0517   -0.9179    0.3935
...    73 C-G ...
 -112.4978 -108.4681  154.2836
    0.9485    0.0644   -0.3103
    0.2692    0.3530    0.8961
    0.1672   -0.9334    0.3175
...    74 G-C ...
 -111.4741 -111.4343  155.5305
    0.9015    0.3854    0.1972
   -0.2795    0.1703    0.9449
    0.3306   -0.9069    0.2612
...    75 C-G ...
 -109.8763 -114.2992  156.0805
    0.5801    0.4526    0.6772
   -0.7111   -0.1241    0.6921
    0.3973   -0.8830    0.2498
...    76 T-A ...
 -108.1609 -117.0423  156.8796
    0.0816    0.3331    0.9393
   -0.8863   -0.4068    0.2213
    0.4559   -0.8506    0.2621
...    77 T-A ...
 -106.3594 -119.6546  157.6793
   -0.4324   -0.0401    0.9008
   -0.7585   -0.5241   -0.3874
    0.4876   -0.8507    0.1962
...    78 T-A ...
 -104.4729 -122.2296  158.4295
   -0.7594   -0.4186    0.4982
   -0.3562   -0.3732   -0.8566
    0.5445   -0.8279    0.1343
...    79 A-T ...
 -102.4464 -125.0165  158.0364
   -0.7339   -0.6423   -0.2210
    0.2261    0.0757   -0.9712
    0.6405   -0.7627    0.0897
...    80 A-T ...
 -100.4036 -127.5005  158.5666
   -0.4443   -0.4867   -0.7522
    0.5913    0.4714   -0.6543
    0.6730   -0.7355    0.0783
...    81 T-A ...
  -98.6675 -130.2406  159.1023
   -0.0889   -0.1585   -0.9834
    0.7246    0.6671   -0.1730
    0.6834   -0.7279    0.0555
...    82 C-G ...
  -96.4478 -132.6489  159.2777
    0.3025    0.3276   -0.8951
    0.6339    0.6322    0.4456
    0.7118   -0.7022   -0.0164
...    83 A-T ...
  -93.9097 -134.8637  159.1352
    0.4880    0.7339   -0.4725
    0.3875    0.3029    0.8707
    0.7821   -0.6080   -0.1366
...    84 T-A ...
  -91.5263 -136.8008  158.0304
    0.5862    0.8091    0.0419
    0.1031   -0.1258    0.9867
    0.8036   -0.5741   -0.1572
...    85 G-C ...
  -88.5977 -138.4435  157.7786
    0.4494    0.6345    0.6288
   -0.1925   -0.6186    0.7618
    0.8724   -0.4633   -0.1559
...    86 T-A ...
  -85.4872 -139.3721  157.0072
    0.2622    0.1986    0.9444
   -0.3766   -0.8799    0.2896
    0.8885   -0.4316   -0.1559
...    87 T-A ...
  -82.4562 -140.4634  156.4347
    0.0418   -0.4006    0.9153
   -0.4556   -0.8230   -0.3394
    0.8892   -0.4028   -0.2169
...    88 A-T ...
  -79.8044 -142.1947  154.9234
   -0.1628   -0.9169    0.3645
   -0.3985   -0.2768   -0.8744
    0.9026   -0.2876   -0.3203
...    89 T-A ...
  -76.5986 -143.0277  154.5111
   -0.3118   -0.9346   -0.1712
   -0.2711    0.2602   -0.9267
    0.9106   -0.2426   -0.3345
...    90 A-T ...
  -73.5464 -143.2193  152.9182
   -0.3690   -0.5203   -0.7701
   -0.0427    0.8372   -0.5452
    0.9285   -0.1683   -0.3311
...    91 A-T ...
  -70.5344 -143.9233  151.9255
   -0.3344    0.0754   -0.9394
    0.1598    0.9869    0.0223
    0.9288   -0.1426   -0.3421
...    92 C-G ...
  -67.6794 -144.9252  150.6288
   -0.2513    0.6016   -0.7582
    0.3146    0.7916    0.5238
    0.9153   -0.1070   -0.3882
...    93 G-C ...
  -64.5151 -144.8898  149.4072
   -0.1805    0.9493   -0.2574
    0.4377    0.3119    0.8433
    0.8808    0.0396   -0.4718
...    94 G-C ...
  -61.7601 -144.4009  147.5097
   -0.0086    0.9512    0.3086
    0.5132   -0.2607    0.8177
    0.8582    0.1654   -0.4859
...    95 A-T ...
  -58.9722 -143.5821  145.9464
    0.2675    0.5924    0.7600
    0.4549   -0.7729    0.4424
    0.8494    0.2274   -0.4762
...    96 C-G ...
  -56.4098 -142.1558  144.3308
    0.4590    0.0711    0.8856
    0.2663   -0.9620   -0.0608
    0.8476    0.2637   -0.4604
...    97 A-T ...
  -53.4769 -141.5316  142.8294
    0.4912   -0.5391    0.6841
   -0.0296   -0.7953   -0.6055
    0.8705    0.2772   -0.4066
...    98 C-G ...
  -50.4863 -140.1898  141.9909
    0.4024   -0.8867    0.2276
   -0.2914   -0.3597   -0.8864
    0.8679    0.2904   -0.4031
...    99 T-A ...
  -47.4560 -139.2067  140.9180
    0.1528   -0.9390   -0.3082
   -0.4677    0.2060   -0.8596
    0.8706    0.2755   -0.4077
...   100 T-A ...
  -44.5056 -138.3119  139.8358
   -0.1297   -0.6136   -0.7789
   -0.4909    0.7223   -0.4872
    0.8615    0.3192   -0.3949
...   101 T-A ...
  -41.6024 -137.4123  138.6666
   -0.3934   -0.0588   -0.9175
   -0.3362    0.9381    0.0840
    0.8557    0.3415   -0.3888
...   102 A-T ...
  -38.8092 -135.8932  137.4863
   -0.5652    0.5330   -0.6297
   -0.0095    0.7591    0.6509
    0.8249    0.3738   -0.4239
...   103 T-A ...
  -36.2761 -135.0380  135.5823
   -0.5077    0.8404   -0.1897
    0.2878    0.3730    0.8820
    0.8120    0.3932   -0.4313
...   104 G-C ...
  -33.6012 -133.3966  134.3391
   -0.3302    0.8465    0.4176
    0.5698   -0.1739    0.8032
    0.7525    0.5032   -0.4249
...   105 C-G ...
  -31.4696 -131.3663  132.7503
    0.0148    0.5749    0.8181
    0.6828   -0.6035    0.4117
    0.7305    0.5525   -0.4014
...   106 T-A ...
  -29.2458 -129.1868  131.5175
    0.3586    0.1109    0.9269
    0.5912   -0.7954   -0.1336
    0.7224    0.5959   -0.3508
...   107 T-A ...
  -27.0465 -127.0169  130.4606
    0.6656   -0.3698    0.6483
    0.2586   -0.7005   -0.6651
    0.7001    0.6104   -0.3706
...   108 C-G ...
  -24.6962 -124.9505  129.3453
    0.6834   -0.7239    0.0946
   -0.2054   -0.3150   -0.9266
    0.7006    0.6138   -0.3639
...   109 C-G ...
  -22.1938 -122.8748  128.3347
    0.4009   -0.8041   -0.4390
   -0.5545    0.1685   -0.8149
    0.7293    0.5701   -0.3784
...   110 G-C ...
  -20.0707 -120.7326  126.7456
   -0.0686   -0.5918   -0.8031
   -0.6858    0.6127   -0.3929
    0.7246    0.5238   -0.4479
...   111 G-C ...
  -17.4965 -119.0796  125.2878
   -0.5059   -0.1768   -0.8443
   -0.5254    0.8394    0.1390
    0.6842    0.5139   -0.5175
...   112 C-G ...
  -15.0927 -117.7306  123.4051
   -0.7491    0.3012   -0.5900
   -0.1473    0.7926    0.5917
    0.6458    0.5301   -0.5494
...   113 T-A ...
  -13.0997 -116.0808  121.3051
   -0.7519    0.6477   -0.1231
    0.3051    0.5073    0.8060
    0.5845    0.5685   -0.5790
...   114 C-G ...
  -11.3040 -114.1295  119.3508
   -0.4373    0.7976    0.4154
    0.7099    0.0226    0.7039
    0.5521    0.6027   -0.5761
...   115 G-C ...
   -9.2485 -111.9208  117.7798
    0.0010    0.5927    0.8054
    0.8622   -0.4085    0.2995
    0.5065    0.6942   -0.5114
...   116 T-A ...
   -8.1089 -109.2312  116.1561
    0.4608    0.2559    0.8498
    0.7280   -0.6566   -0.1971
    0.5075    0.7095   -0.4889
...   117 A-T ...
   -6.1676 -107.1329  114.2866
    0.8382   -0.2276    0.4956
    0.2418   -0.6595   -0.7118
    0.4889    0.7164   -0.4977
...   118 T-A ...
   -4.6157 -104.3968  113.2293
    0.8472   -0.5300    0.0367
   -0.2387   -0.4414   -0.8650
    0.4747    0.7240   -0.5004
...   119 A-T ...
   -3.3894 -102.0009  111.0978
    0.4839   -0.6635   -0.5706
   -0.7531    0.0163   -0.6577
    0.4457    0.7480   -0.4918
...   120 A-T ...
   -1.7467  -99.5920  109.6381
   -0.0540   -0.5072   -0.8601
   -0.8981    0.4011   -0.1802
    0.4364    0.7628   -0.4772
...   121 T-A ...
    0.2394  -97.4623  108.0731
   -0.5166   -0.2172   -0.8282
   -0.7375    0.6043    0.3015
    0.4350    0.7666   -0.4724
...   122 G-C ...
    1.3864  -94.6861  106.5525
   -0.8903    0.1248   -0.4380
   -0.2689    0.6320    0.7268
    0.3675    0.7649   -0.5291
...   123 T-A ...
    2.5132  -92.5114  104.2932
   -0.9032    0.4267    0.0462
    0.2626    0.4642    0.8459
    0.3395    0.7762   -0.5313
...   124 G-C ...
    3.6067  -89.6946  102.8070
   -0.5917    0.5508    0.5886
    0.7613    0.1416    0.6328
    0.2651    0.8226   -0.5031
...   125 T-A ...
    3.8646  -86.9293  100.9512
   -0.0860    0.5164    0.8520
    0.9626   -0.1774    0.2046
    0.2568    0.8378   -0.4819
...   126 C-G ...
    4.6317  -84.0870   99.4404
    0.5152    0.2800    0.8101
    0.8167   -0.4471   -0.3649
    0.2600    0.8495   -0.4590
...   127 G-C ...
    5.8583  -81.3829   97.7832
    0.8680   -0.1176    0.4825
    0.3679   -0.5004   -0.7837
    0.3336    0.8578   -0.3911
...   128 A-T ...
    6.9543  -78.5035   96.5772
    0.9026   -0.4215   -0.0877
   -0.2383   -0.3194   -0.9172
    0.3585    0.8487   -0.3887
...   129 C-G ...
    8.4357  -75.5984   95.8584
    0.6156   -0.5500   -0.5644
   -0.6895   -0.0292   -0.7237
    0.3815    0.8346   -0.3972
...   130 C-G ...
    9.9938  -72.8700   94.5809
    0.0821   -0.5350   -0.8409
   -0.9076    0.3084   -0.2848
    0.4117    0.7866   -0.4602
...   131 A-T ...
   11.0868  -70.1302   92.9564
   -0.5138   -0.3111   -0.7995
   -0.7638    0.5903    0.2612
    0.3907    0.7449   -0.5409
...   132 A-T ...
   12.4725  -67.8625   91.0778
   -0.8647    0.1057   -0.4911
   -0.3074    0.6618    0.6838
    0.3973    0.7422   -0.5397
...   133 A-T ...
   13.7530  -65.5892   89.1273
   -0.8711    0.4911    0.0051
    0.2696    0.4695    0.8407
    0.4105    0.7338   -0.5414
...   134 T-A ...
   14.7384  -63.4257   86.8200
   -0.5923    0.6747    0.4404
    0.6886    0.1401    0.7115
    0.4183    0.7247   -0.5475
...   135 G-C ...
   15.7317  -61.4927   83.9331
    0.0341    0.7400    0.6717
    0.8636   -0.3601    0.3528
    0.5030    0.5681   -0.6514
...   136 T-A ...
   15.7848  -59.5603   80.7993
    0.5517    0.4998    0.6677
    0.6739   -0.7388   -0.0038
    0.4915    0.4520   -0.7444
...   137 G-C ...
   16.8385  -57.7217   78.2676
    0.8528   -0.0848    0.5153
    0.1507   -0.9048   -0.3983
    0.5000    0.4173   -0.7588
...   138 A-T ...
   18.4282  -55.5285   76.5300
    0.8547   -0.5006    0.1371
   -0.3188   -0.7148   -0.6224
    0.4096    0.4883   -0.7706
...   139 G-C ...
   20.4259  -54.3092   74.5420
    0.5847   -0.7389   -0.3347
   -0.7593   -0.3533   -0.5465
    0.2856    0.5737   -0.7676
...   140 C-G ...
   21.4269  -51.8264   72.7876
    0.1304   -0.7144   -0.6875
   -0.8897    0.2216   -0.3991
    0.4375    0.6637   -0.6067
...   141 G-C ...
   22.1521  -50.1493   67.4641
   -0.4682   -0.8748    0.1248
   -0.8494    0.4066   -0.3364
    0.2435   -0.2635   -0.9334
...   142 C-G ...
   22.3489  -51.2412   64.4934
   -0.8528   -0.5119   -0.1032
   -0.4975    0.8565   -0.1374
    0.1587   -0.0659   -0.9851
...   143 T-A ...
   24.0166  -51.6377   61.9249
   -0.9562    0.0401   -0.2898
    0.0524    0.9980   -0.0348
    0.2878   -0.0485   -0.9564
...   144 C-G ...
   24.8958  -52.7394   58.9874
   -0.7529    0.5560   -0.3520
    0.5214    0.8304    0.1965
    0.4016   -0.0356   -0.9151
...   145 A-T ...
   25.5276  -52.9802   55.8054
   -0.2442    0.9563   -0.1610
    0.8906    0.2869    0.3528
    0.3836   -0.0573   -0.9217
...   146 C-G ...
   25.2778  -52.5121   52.0797
    0.3204    0.9427   -0.0929
    0.8825   -0.2614    0.3909
    0.3443   -0.2072   -0.9157
...   147 A-T ...
   25.6238  -52.5938   48.6396
    0.8597    0.5097    0.0339
    0.4496   -0.7865    0.4233
    0.2424   -0.3487   -0.9053
