  147 base-pairs
...     1 T-A ...
    0.0000    0.0000    0.0000
    1.0000    0.0000    0.0000
    0.0000    1.0000    0.0000
    0.0000    0.0000    1.0000
...     2 G-C ...
   -0.5555   -1.1003    3.3981
    0.7749    0.6051    0.1828
   -0.5991    0.7953   -0.0929
   -0.2016   -0.0375    0.9787
...     3 T-A ...
   -0.6619   -3.0237    6.5348
    0.3046    0.9250    0.2271
   -0.8994    0.3578   -0.2510
   -0.3134   -0.1278    0.9410
...     4 G-C ...
   -1.1607   -3.8418    9.6940
   -0.3351    0.9421    0.0133
   -0.8752   -0.3061   -0.3746
   -0.3489   -0.1372    0.9271
...     5 A-T ...
   -1.3881   -3.6770   12.8999
   -0.7835    0.6162   -0.0801
   -0.5677   -0.7622   -0.3109
   -0.2527   -0.1981    0.9470
...     6 G-C ...
   -2.6236   -3.5448   15.7072
   -0.9923    0.0611   -0.1075
   -0.0294   -0.9610   -0.2748
   -0.1201   -0.2695    0.9555
...     7 C-G ...
   -2.3138   -3.7570   18.8866
   -0.8620   -0.4995   -0.0864
    0.5008   -0.8655    0.0073
   -0.0785   -0.0370    0.9962
...     8 G-C ...
   -3.9561   -6.8109   23.3205
   -0.2581   -0.3560   -0.8981
    0.6294   -0.7673    0.1233
   -0.7330   -0.5335    0.4221
...     9 C-G ...
   -6.1177   -8.9414   24.2385
    0.1143   -0.7320   -0.6716
    0.8123   -0.3203    0.4874
   -0.5720   -0.6013    0.5580
...    10 T-A ...
   -8.5041   -9.6771   26.0540
    0.4660   -0.8587   -0.2131
    0.6274    0.1508    0.7640
   -0.6239   -0.4897    0.6090
...    11 C-G ...
  -11.0625  -11.3174   27.2336
    0.6660   -0.6911    0.2808
    0.3382    0.6152    0.7121
   -0.6649   -0.3794    0.6435
...    12 A-T ...
  -13.0013  -13.1789   29.0658
    0.7188   -0.1490    0.6790
   -0.1787    0.9043    0.3876
   -0.6718   -0.4000    0.6235
...    13 C-G ...
  -14.1788  -15.9359   31.3399
    0.4052    0.2865    0.8682
   -0.5270    0.8492   -0.0343
   -0.7470   -0.4437    0.4951
...    14 A-T ...
  -15.9532  -18.1566   33.3080
   -0.1503    0.6873    0.7107
   -0.6106    0.5008   -0.6135
   -0.7776   -0.5261    0.3444
...    15 A-T ...
  -18.4953  -19.7917   34.4995
   -0.4439    0.8751    0.1930
   -0.4133   -0.0088   -0.9106
   -0.7951   -0.4839    0.3656
...    16 T-A ...
  -20.9025  -21.2136   36.4092
   -0.6210    0.7109   -0.3301
   -0.0971   -0.4877   -0.8676
   -0.7777   -0.5068    0.3719
...    17 T-A ...
  -23.4484  -22.6095   37.9489
   -0.5845    0.2630   -0.7676
    0.2905   -0.8155   -0.5006
   -0.7576   -0.5155    0.4002
...    18 T-A ...
  -26.0413  -24.0556   39.3307
   -0.3159   -0.2705   -0.9094
    0.5738   -0.8178    0.0439
   -0.7556   -0.5079    0.4136
...    19 A-T ...
  -28.4864  -25.9514   40.9250
    0.1140   -0.7867   -0.6067
    0.6429   -0.4072    0.6488
   -0.7574   -0.4640    0.4594
...    20 T-A ...
  -31.4157  -27.2068   41.9687
    0.4053   -0.9045   -0.1330
    0.4936    0.0941    0.8646
   -0.7695   -0.4161    0.4846
...    21 T-A ...
  -34.0519  -28.5894   43.2979
    0.5855   -0.6819    0.4384
    0.1520    0.6236    0.7669
   -0.7963   -0.3824    0.4688
...    22 C-G ...
  -36.7065  -29.8088   44.8452
    0.5774   -0.1591    0.8008
   -0.2341    0.9074    0.3491
   -0.7822   -0.3890    0.4867
...    23 G-C ...
  -39.5770  -30.4773   46.5628
    0.4697    0.4348    0.7684
   -0.5200    0.8396   -0.1572
   -0.7134   -0.3257    0.6204
...    24 C-G ...
  -41.6835  -31.8429   48.6801
    0.1705    0.8306    0.5302
   -0.6833    0.4873   -0.5437
   -0.7100   -0.2696    0.6506
...    25 A-T ...
  -44.3679  -32.5764   50.5178
   -0.1919    0.9802    0.0492
   -0.6633   -0.0925   -0.7426
   -0.7234   -0.1751    0.6679
...    26 A-T ...
  -46.6954  -32.9722   52.7979
   -0.5220    0.7502   -0.4058
   -0.4427   -0.6449   -0.6230
   -0.7291   -0.1456    0.6688
...    27 A-T ...
  -48.9356  -33.1533   55.1640
   -0.6857    0.2324   -0.6898
   -0.0560   -0.9617   -0.2684
   -0.7257   -0.1454    0.6724
...    28 G-C ...
  -51.5166  -33.1265   57.3726
   -0.5668   -0.3192   -0.7595
    0.3039   -0.9379    0.1674
   -0.7658   -0.1359    0.6286
...    29 G-C ...
  -54.3909  -33.3809   59.2890
   -0.2384   -0.8006   -0.5498
    0.5594   -0.5760    0.5961
   -0.7939   -0.1655    0.5851
...    30 C-G ...
  -57.2286  -33.8882   60.8881
    0.1518   -0.9790   -0.1358
    0.5803   -0.0230    0.8141
   -0.8001   -0.2023    0.5647
...    31 C-G ...
  -60.1062  -34.4558   62.5816
    0.4985   -0.8068    0.3170
    0.3852    0.5338    0.7528
   -0.7766   -0.2532    0.5769
...    32 G-C ...
  -62.3888  -34.9892   64.6449
    0.6960   -0.3743    0.6128
    0.0488    0.8761    0.4797
   -0.7164   -0.3040    0.6280
...    33 G-C ...
  -64.5520  -36.2269   66.9008
    0.6455    0.2088    0.7347
   -0.3658    0.9289    0.0574
   -0.6705   -0.3058    0.6760
...    34 C-G ...
  -66.5429  -37.4990   69.1873
    0.3586    0.7128    0.6028
   -0.6709    0.6458   -0.3644
   -0.6490   -0.2737    0.7098
...    35 C-G ...
  -68.4230  -38.2334   71.9416
   -0.0431    0.9694    0.2418
   -0.7707    0.1218   -0.6254
   -0.6357   -0.2133    0.7419
...    36 C-G ...
  -70.4058  -38.7037   74.6402
   -0.4423    0.8744   -0.1993
   -0.6365   -0.4626   -0.6171
   -0.6318   -0.1461    0.7612
...    37 G-C ...
  -72.8805  -39.8833   76.7034
   -0.6786    0.4644   -0.5691
   -0.2736   -0.8788   -0.3909
   -0.6816   -0.1096    0.7234
...    38 A-T ...
  -74.9971  -40.1984   79.0649
   -0.7049   -0.1488   -0.6935
    0.1907   -0.9815    0.0168
   -0.6832   -0.1204    0.7202
...    39 C-G ...
  -77.4767  -40.1880   81.1234
   -0.4675   -0.6397   -0.6100
    0.5233   -0.7565    0.3923
   -0.7125   -0.1358    0.6884
...    40 A-T ...
  -79.9659  -40.7473   83.3406
   -0.0122   -0.9515   -0.3074
    0.6878   -0.2312    0.6881
   -0.7258   -0.2030    0.6572
...    41 C-G ...
  -82.6370  -41.6633   85.0807
    0.3833   -0.9208    0.0719
    0.5808    0.3008    0.7564
   -0.7181   -0.2482    0.6501
...    42 G-C ...
  -84.7368  -42.2862   87.6106
    0.7010   -0.5382    0.4679
    0.2128    0.7841    0.5831
   -0.6806   -0.3092    0.6642
...    43 A-T ...
  -86.9617  -43.2824   89.6609
    0.6915    0.0360    0.7215
   -0.2404    0.9533    0.1829
   -0.6812   -0.2999    0.6679
...    44 C-G ...
  -88.9114  -44.8509   91.8261
    0.4810    0.5588    0.6756
   -0.5914    0.7757   -0.2205
   -0.6472   -0.2934    0.7036
...    45 T-A ...
  -90.6906  -46.1928   94.6737
    0.0709    0.9161    0.3947
   -0.7677    0.3028   -0.5648
   -0.6369   -0.2629    0.7247
...    46 T-A ...
  -92.5403  -47.0961   97.1605
   -0.3642    0.9307    0.0323
   -0.6731   -0.2391   -0.6999
   -0.6437   -0.2767    0.7136
...    47 A-T ...
  -94.9083  -48.1602   99.3392
   -0.7127    0.5555   -0.4283
   -0.2779   -0.7843   -0.5547
   -0.6440   -0.2763    0.7133
...    48 C-G ...
  -97.0020  -48.4225  101.9412
   -0.7364    0.0487   -0.6747
    0.1477   -0.9618   -0.2307
   -0.6602   -0.2695    0.7011
...    49 T-A ...
  -99.4609  -48.9567  104.2177
   -0.4828   -0.4610   -0.7446
    0.5120   -0.8384    0.1871
   -0.7104   -0.2909    0.6408
...    50 G-C ...
 -101.9357  -50.1262  106.2205
   -0.0056   -0.8133   -0.5818
    0.6838   -0.4277    0.5912
   -0.7296   -0.3945    0.5586
...    51 T-A ...
 -104.5988  -51.3198  107.5725
    0.3857   -0.8939   -0.2286
    0.5824    0.0437    0.8118
   -0.7156   -0.4462    0.5374
...    52 A-T ...
 -106.8476  -53.0143  109.3853
    0.7321   -0.6407    0.2315
    0.2138    0.5388    0.8149
   -0.6468   -0.5471    0.5314
...    53 G-C ...
 -109.0213  -54.8834  110.9235
    0.7979   -0.2068    0.5662
   -0.2209    0.7737    0.5938
   -0.5608   -0.5989    0.5716
...    54 G-C ...
 -110.5050  -57.5855  112.7866
    0.5714    0.3185    0.7564
   -0.6603    0.7257    0.1932
   -0.4873   -0.6098    0.6250
...    55 T-A ...
 -111.6094  -59.8042  114.9486
    0.1348    0.6546    0.7438
   -0.8733    0.4332   -0.2230
   -0.4682   -0.6195    0.6301
...    56 A-T ...
 -112.8641  -61.9069  117.3070
   -0.4182    0.7909    0.4468
   -0.7864   -0.0691   -0.6138
   -0.4546   -0.6081    0.6509
...    57 T-A ...
 -113.7946  -63.7281  119.9129
   -0.7911    0.6072    0.0744
   -0.4357   -0.4739   -0.7652
   -0.4294   -0.6378    0.6395
...    58 C-G ...
 -115.2657  -65.6781  122.2619
   -0.8917    0.1640   -0.4219
    0.1737   -0.7366   -0.6536
   -0.4180   -0.6561    0.6283
...    59 T-A ...
 -116.9548  -67.6514  124.4242
   -0.6309   -0.2301   -0.7410
    0.6329   -0.7051   -0.3199
   -0.4488   -0.6708    0.5905
...    60 C-G ...
 -118.4890  -69.8584  126.5284
   -0.1102   -0.5771   -0.8092
    0.8944   -0.4126    0.1725
   -0.4335   -0.7047    0.5617
...    61 G-C ...
 -119.4212  -72.3425  128.5955
    0.4890   -0.6196   -0.6140
    0.7906    0.0172    0.6122
   -0.3687   -0.7847    0.4982
...    62 T-A ...
 -121.0820  -74.9144  129.8364
    0.8408   -0.4902   -0.2295
    0.4305    0.3487    0.8325
   -0.3281   -0.7988    0.5043
...    63 C-G ...
 -121.8979  -77.5797  131.3992
    0.9601   -0.1543    0.2334
   -0.1204    0.5249    0.8426
   -0.2525   -0.8370    0.4854
...    64 A-T ...
 -122.6438  -80.5995  132.7837
    0.7633    0.2566    0.5929
   -0.6394    0.4318    0.6362
   -0.0927   -0.8647    0.4937
...    65 T-A ...
 -122.4620  -83.5336  134.2211
    0.3273    0.4735    0.8177
   -0.9432    0.2158    0.2526
   -0.0569   -0.8539    0.5172
...    66 G-C ...
 -122.5316  -86.3922  136.0439
   -0.3373    0.5198    0.7849
   -0.9409   -0.1593   -0.2988
   -0.0303   -0.8393    0.5428
...    67 T-A ...
 -122.1481  -89.0777  138.1402
   -0.8194    0.2952    0.4914
   -0.5732   -0.4223   -0.7022
    0.0003   -0.8571    0.5152
...    68 T-A ...
 -121.9575  -91.7726  139.9604
   -0.9959   -0.0902   -0.0011
    0.0457   -0.4941   -0.8682
    0.0777   -0.8647    0.4962
...    69 A-T ...
 -121.3618  -94.8880  141.4287
   -0.6753   -0.4696   -0.5687
    0.7162   -0.2335   -0.6577
    0.1761   -0.8514    0.4940
...    70 T-A ...
 -121.3597  -97.5402  143.3714
   -0.1989   -0.5230   -0.8288
    0.9581    0.0742   -0.2768
    0.2063   -0.8491    0.4863
...    71 A-T ...
 -120.4259 -100.3482  145.0175
    0.4202   -0.3002   -0.8563
    0.8740    0.3877    0.2930
    0.2440   -0.8715    0.4253
...    72 A-T ...
 -119.7383 -103.1959  146.1895
    0.8103    0.0388   -0.5847
    0.5008    0.4723    0.7253
    0.3043   -0.8806    0.3633
...    73 C-G ...
 -118.7773 -106.3555  146.7403
    0.9304    0.3495   -0.1103
   -0.0216    0.3527    0.9355
    0.3658   -0.8680    0.3358
...    74 G-C ...
 -117.2076 -108.8632  148.1953
    0.7017    0.5991    0.3857
   -0.4879    0.0094    0.8729
    0.5193   -0.8006    0.2989
...    75 G-C ...
 -114.9634 -110.8995  149.5751
    0.2611    0.5908    0.7634
   -0.7225   -0.4048    0.5604
    0.6402   -0.6979    0.3212
...    76 A-T ...
 -112.5522 -113.0492  150.6574
   -0.2416    0.1893    0.9517
   -0.7027   -0.7106   -0.0370
    0.6693   -0.6777    0.3046
...    77 A-T ...
 -110.2079 -115.0231  151.6957
   -0.5841   -0.2883    0.7588
   -0.4208   -0.6919   -0.5868
    0.6941   -0.6620    0.2828
...    78 G-C ...
 -107.5028 -116.9860  152.7605
   -0.7206   -0.6438    0.2574
   -0.0279   -0.3441   -0.9385
    0.6928   -0.6835    0.2300
...    79 C-G ...
 -105.0960 -119.2266  153.9050
   -0.5913   -0.7161   -0.3709
    0.3990    0.1398   -0.9062
    0.7008   -0.6838    0.2031
...    80 T-A ...
 -102.8024 -121.5317  154.7033
   -0.3071   -0.4943   -0.8133
    0.6364    0.5287   -0.5616
    0.7076   -0.6901    0.1522
...    81 C-G ...
 -100.3671 -123.8735  155.4645
    0.1008   -0.0385   -0.9942
    0.6601    0.7502    0.0379
    0.7444   -0.6601    0.1010
...    82 G-C ...
  -97.4888 -125.4845  155.7041
    0.3620    0.4570   -0.8125
    0.5083    0.6339    0.5830
    0.7814   -0.6240   -0.0028
...    83 G-C ...
  -94.8653 -127.5487  155.4721
    0.4954    0.8042   -0.3283
    0.2144    0.2531    0.9434
    0.8418   -0.5377   -0.0470
...    84 G-C ...
  -91.8516 -128.9824  154.8982
    0.4258    0.8665    0.2606
   -0.0283   -0.2751    0.9610
    0.9044   -0.4165   -0.0926
...    85 A-T ...
  -88.7662 -130.1450  154.3821
    0.3075    0.5251    0.7936
   -0.2448   -0.7622    0.5992
    0.9195   -0.3785   -0.1058
...    86 T-A ...
  -85.5588 -130.7842  153.8674
    0.1250    0.0338    0.9916
   -0.3511   -0.9333    0.0760
    0.9280   -0.3576   -0.1048
...    87 C-G ...
  -82.2697 -131.6932  153.6561
   -0.0804   -0.5818    0.8094
   -0.3480   -0.7445   -0.5697
    0.9340   -0.3275   -0.1426
...    88 C-G ...
  -79.1443 -132.8300  153.4611
   -0.2960   -0.8848    0.3598
   -0.2255   -0.3013   -0.9265
    0.9282   -0.3554   -0.1103
...    89 G-C ...
  -76.1721 -133.9998  152.5628
   -0.4078   -0.8703   -0.2762
   -0.0173    0.3098   -0.9506
    0.9129   -0.3829   -0.1414
...    90 C-G ...
  -72.9610 -135.3442  152.5407
   -0.3641   -0.5138   -0.7768
    0.1789    0.7800   -0.5997
    0.9140   -0.3574   -0.1921
...    91 T-A ...
  -69.8552 -136.8281  152.1870
   -0.2585    0.0606   -0.9641
    0.3367    0.9411   -0.0311
    0.9054   -0.3326   -0.2637
...    92 T-A ...
  -67.0760 -138.1405  151.1511
   -0.0587    0.6054   -0.7937
    0.4163    0.7375    0.5318
    0.9073   -0.2992   -0.2954
...    93 T-A ...
  -64.1487 -138.9832  150.0730
    0.0914    0.9425   -0.3215
    0.3998    0.2609    0.8787
    0.9120   -0.2088   -0.3529
...    94 A-T ...
  -60.9231 -139.1899  148.9402
    0.1246    0.9343    0.3341
    0.3505   -0.3564    0.8661
    0.9282    0.0092   -0.3719
...    95 A-T ...
  -58.0322 -138.8409  147.6522
    0.2731    0.5534    0.7869
    0.2646   -0.8296    0.4916
    0.9249    0.0739   -0.3730
...    96 C-G ...
  -55.0529 -137.9119  146.2958
    0.4061   -0.0104    0.9138
    0.0905   -0.9946   -0.0515
    0.9093    0.1036   -0.4030
...    97 A-T ...
  -51.8561 -137.6060  145.1495
    0.3638   -0.6324    0.6839
   -0.1670   -0.7666   -0.6200
    0.9164    0.1114   -0.3845
...    98 C-G ...
  -48.5751 -136.8488  144.4616
    0.2253   -0.9492    0.2197
   -0.3426   -0.2882   -0.8942
    0.9121    0.1262   -0.3901
...    99 T-A ...
  -45.0295 -136.3755  143.7387
   -0.0107   -0.9354   -0.3535
   -0.4320    0.3231   -0.8420
    0.9018    0.1437   -0.4075
...   100 T-A ...
  -41.9520 -136.0572  142.6737
   -0.2271   -0.5469   -0.8058
   -0.3633    0.8153   -0.4510
    0.9036    0.1903   -0.3838
...   101 T-A ...
  -38.9321 -135.5618  141.4958
   -0.4107    0.0346   -0.9111
   -0.1760    0.9775    0.1164
    0.8946    0.2082   -0.3953
...   102 A-T ...
  -35.9788 -134.4408  140.2655
   -0.4908    0.6218   -0.6104
    0.1135    0.7402    0.6627
    0.8638    0.2560   -0.4339
...   103 T-A ...
  -33.5166 -133.9105  138.2898
   -0.4378    0.8813   -0.1780
    0.3505    0.3496    0.8689
    0.8280    0.3180   -0.4619
...   104 G-C ...
  -30.9509 -132.6684  136.5448
   -0.2213    0.8724    0.4359
    0.5804   -0.2414    0.7777
    0.7837    0.4251   -0.4529
...   105 C-G ...
  -28.6753 -130.7996  135.0017
    0.1071    0.5641    0.8187
    0.6255   -0.6783    0.3856
    0.7729    0.4708   -0.4254
...   106 T-A ...
  -26.1820 -128.5402  133.9070
    0.4614    0.0578    0.8853
    0.5033   -0.8388   -0.2076
    0.7306    0.5413   -0.4161
...   107 T-A ...
  -23.8898 -126.5664  132.7724
    0.6664   -0.4450    0.5982
    0.1591   -0.6990   -0.6972
    0.7284    0.5597   -0.3950
...   108 C-G ...
  -21.3769 -124.5507  131.6353
    0.6406   -0.7679    0.0076
   -0.3018   -0.2609   -0.9170
    0.7061    0.5851   -0.3989
...   109 C-G ...
  -19.0178 -122.5852  130.3979
    0.3077   -0.8283   -0.4682
   -0.6045    0.2098   -0.7685
    0.7348    0.5195   -0.4361
...   110 G-C ...
  -17.0627 -120.6668  128.8476
   -0.1346   -0.6242   -0.7696
   -0.6848    0.6200   -0.3831
    0.7162    0.4754   -0.5109
...   111 G-C ...
  -14.6379 -119.2206  127.0404
   -0.5605   -0.1887   -0.8064
   -0.4892    0.8611    0.1385
    0.6683    0.4721   -0.5750
...   112 C-G ...
  -12.3649 -118.1116  124.8546
   -0.7766    0.3082   -0.5495
   -0.0852    0.8128    0.5763
    0.6243    0.4943   -0.6049
...   113 T-A ...
  -10.4020 -116.5566  122.6534
   -0.7457    0.6588   -0.0990
    0.3629    0.5263    0.7690
    0.5587    0.5376   -0.6315
...   114 C-G ...
   -8.6777 -114.5268  120.6887
   -0.4074    0.8179    0.4063
    0.7677    0.0657    0.6374
    0.4947    0.5716   -0.6547
...   115 G-C ...
   -6.6713 -112.5196  118.8990
    0.1000    0.6444    0.7581
    0.8849   -0.4060    0.2284
    0.4550    0.6480   -0.6108
...   116 T-A ...
   -5.7063 -109.7593  117.1834
    0.5553    0.2847    0.7814
    0.6896   -0.6829   -0.2412
    0.4649    0.6728   -0.5755
...   117 A-T ...
   -4.2765 -107.1535  115.5063
    0.8464   -0.2115    0.4887
    0.2226   -0.6932   -0.6855
    0.4838    0.6890   -0.5396
...   118 T-A ...
   -2.7637 -104.4682  114.3182
    0.8497   -0.5259    0.0366
   -0.2599   -0.4783   -0.8389
    0.4587    0.7033   -0.5431
...   119 A-T ...
   -1.5350 -101.9818  112.1796
    0.4579   -0.6579   -0.5979
   -0.7919    0.0038   -0.6107
    0.4041    0.7531   -0.5192
...   120 A-T ...
    0.0395  -99.5531  110.6792
   -0.0940   -0.5298   -0.8429
   -0.9140    0.3815   -0.1379
    0.3946    0.7574   -0.5201
...   121 T-A ...
    1.8734  -97.3832  108.9208
   -0.5689   -0.2364   -0.7877
   -0.7227    0.6008    0.3416
    0.3925    0.7636   -0.5127
...   122 G-C ...
    3.1795  -94.7275  107.0890
   -0.9243    0.1276   -0.3596
   -0.2081    0.6214    0.7554
    0.3199    0.7731   -0.5478
...   123 T-A ...
    4.1189  -92.4485  104.9018
   -0.9007    0.4213    0.1062
    0.3124    0.4583    0.8321
    0.3019    0.7826   -0.5444
...   124 G-C ...
    5.0285  -89.7372  103.0810
   -0.5474    0.5558    0.6256
    0.8031    0.1387    0.5795
    0.2353    0.8196   -0.5223
...   125 T-A ...
    5.3182  -87.1130  101.2405
   -0.0423    0.5052    0.8620
    0.9745   -0.1694    0.1471
    0.2203    0.8462   -0.4851
...   126 C-G ...
    5.9692  -84.3372   99.8064
    0.5524    0.3073    0.7749
    0.8082   -0.4251   -0.4076
    0.2042    0.8514   -0.4832
...   127 G-C ...
    7.1573  -81.7548   97.9964
    0.8801   -0.0911    0.4660
    0.3690   -0.4865   -0.7920
    0.2989    0.8689   -0.3945
...   128 A-T ...
    8.0104  -78.9381   96.7534
    0.9244   -0.3671   -0.1035
   -0.2385   -0.3448   -0.9078
    0.2976    0.8639   -0.4063
...   129 C-G ...
    9.2667  -75.9284   96.1554
    0.6332   -0.5300   -0.5640
   -0.6998   -0.0808   -0.7097
    0.3306    0.8441   -0.4221
...   130 C-G ...
   10.8522  -73.2385   94.7735
    0.1099   -0.5658   -0.8172
   -0.9187    0.2560   -0.3009
    0.3794    0.7838   -0.4916
...   131 A-T ...
   11.2665  -70.2325   93.1192
   -0.5043   -0.3291   -0.7984
   -0.7838    0.5625    0.2632
    0.3624    0.7585   -0.5416
...   132 A-T ...
   12.4770  -67.8467   91.2064
   -0.8708    0.0696   -0.4867
   -0.3279    0.6554    0.6804
    0.3663    0.7520   -0.5480
...   133 A-T ...
   13.7455  -65.6381   89.1322
   -0.8750    0.4840   -0.0059
    0.2566    0.4740    0.8423
    0.4105    0.7355   -0.5390
...   134 T-A ...
   14.7385  -63.4258   86.8201
   -0.5923    0.6747    0.4404
    0.6886    0.1401    0.7115
    0.4183    0.7247   -0.5475
...   135 G-C ...
   15.7318  -61.4928   83.9332
    0.0341    0.7400    0.6717
    0.8636   -0.3601    0.3528
    0.5030    0.5681   -0.6514
...   136 T-A ...
   15.7849  -59.5604   80.7994
    0.5517    0.4998    0.6677
    0.6739   -0.7388   -0.0038
    0.4915    0.4520   -0.7444
...   137 G-C ...
   16.8386  -57.7219   78.2677
    0.8528   -0.0848    0.5153
    0.1507   -0.9048   -0.3983
    0.5000    0.4173   -0.7588
...   138 A-T ...
   18.4283  -55.5287   76.5300
    0.8547   -0.5006    0.1371
   -0.3188   -0.7148   -0.6224
    0.4096    0.4883   -0.7706
...   139 G-C ...
   20.4260  -54.3093   74.5421
    0.5847   -0.7389   -0.3347
   -0.7593   -0.3533   -0.5465
    0.2856    0.5737   -0.7676
...   140 C-G ...
   21.4270  -51.8266   72.7877
    0.1304   -0.7144   -0.6875
   -0.8897    0.2216   -0.3991
    0.4375    0.6637   -0.6067
...   141 G-C ...
   22.1522  -50.1495   67.4642
   -0.4682   -0.8748    0.1248
   -0.8494    0.4066   -0.3364
    0.2435   -0.2635   -0.9334
...   142 C-G ...
   22.3489  -51.2414   64.4935
   -0.8528   -0.5119   -0.1032
   -0.4975    0.8565   -0.1374
    0.1587   -0.0659   -0.9851
...   143 T-A ...
   24.0167  -51.6378   61.9250
   -0.9562    0.0401   -0.2898
    0.0524    0.9980   -0.0348
    0.2878   -0.0485   -0.9564
...   144 C-G ...
   24.8959  -52.7395   58.9875
   -0.7529    0.5560   -0.3520
    0.5214    0.8304    0.1965
    0.4016   -0.0356   -0.9151
...   145 A-T ...
   25.5277  -52.9803   55.8055
   -0.2442    0.9563   -0.1610
    0.8906    0.2869    0.3528
    0.3836   -0.0573   -0.9217
...   146 C-G ...
   25.2779  -52.5122   52.0798
    0.3204    0.9427   -0.0929
    0.8825   -0.2614    0.3909
    0.3443   -0.2072   -0.9157
...   147 A-T ...
   25.6239  -52.5940   48.6397
    0.8597    0.5097    0.0339
    0.4496   -0.7865    0.4233
    0.2424   -0.3487   -0.9053
