  147 base-pairs
...     1 T-A ...
    0.0000    0.0000    0.0000
    1.0000    0.0000    0.0000
    0.0000    1.0000    0.0000
    0.0000    0.0000    1.0000
...     2 G-C ...
   -0.5555   -1.1003    3.3981
    0.7749    0.6051    0.1828
   -0.5991    0.7953   -0.0929
   -0.2016   -0.0375    0.9787
...     3 T-A ...
   -0.6619   -3.0237    6.5348
    0.3046    0.9250    0.2271
   -0.8994    0.3578   -0.2510
   -0.3134   -0.1278    0.9410
...     4 G-C ...
   -1.1607   -3.8418    9.6940
   -0.3351    0.9421    0.0133
   -0.8752   -0.3061   -0.3746
   -0.3489   -0.1372    0.9271
...     5 A-T ...
   -1.3881   -3.6770   12.8999
   -0.7835    0.6162   -0.0801
   -0.5677   -0.7622   -0.3109
   -0.2527   -0.1981    0.9470
...     6 G-C ...
   -2.6236   -3.5448   15.7072
   -0.9923    0.0611   -0.1075
   -0.0294   -0.9610   -0.2748
   -0.1201   -0.2695    0.9555
...     7 C-G ...
   -2.3138   -3.7570   18.8866
   -0.8620   -0.4995   -0.0864
    0.5008   -0.8655    0.0073
   -0.0785   -0.0370    0.9962
...     8 G-C ...
   -3.9561   -6.8109   23.3205
   -0.2581   -0.3560   -0.8981
    0.6294   -0.7673    0.1233
   -0.7330   -0.5335    0.4221
...     9 C-G ...
   -6.1177   -8.9414   24.2385
    0.1143   -0.7320   -0.6716
    0.8123   -0.3203    0.4874
   -0.5720   -0.6013    0.5580
...    10 T-A ...
   -8.5041   -9.6771   26.0540
    0.4660   -0.8587   -0.2131
    0.6274    0.1508    0.7640
   -0.6239   -0.4897    0.6090
...    11 C-G ...
  -11.0625  -11.3174   27.2336
    0.6660   -0.6911    0.2808
    0.3382    0.6152    0.7121
   -0.6649   -0.3794    0.6435
...    12 A-T ...
  -13.0013  -13.1789   29.0658
    0.7188   -0.1490    0.6790
   -0.1787    0.9043    0.3876
   -0.6718   -0.4000    0.6235
...    13 C-G ...
  -14.1788  -15.9359   31.3399
    0.4052    0.2865    0.8682
   -0.5270    0.8492   -0.0343
   -0.7470   -0.4437    0.4951
...    14 A-T ...
  -15.9532  -18.1566   33.3080
   -0.1503    0.6873    0.7107
   -0.6106    0.5008   -0.6135
   -0.7776   -0.5261    0.3444
...    15 A-T ...
  -18.4990  -19.7880   34.5057
   -0.4551    0.8707    0.1866
   -0.4077   -0.0174   -0.9130
   -0.7916   -0.4916    0.3628
...    16 T-A ...
  -20.9050  -21.2388   36.4031
   -0.6301    0.6976   -0.3411
   -0.0810   -0.4960   -0.8646
   -0.7723   -0.5171    0.3690
...    17 T-A ...
  -23.4364  -22.6768   37.9257
   -0.5823    0.2415   -0.7763
    0.3144   -0.8137   -0.4890
   -0.7497   -0.5288    0.3979
...    18 T-A ...
  -26.0093  -24.1836   39.3052
   -0.2979   -0.2976   -0.9070
    0.5975   -0.7991    0.0660
   -0.7445   -0.5223    0.4159
...    19 A-T ...
  -28.3961  -26.1423   40.9703
    0.1520   -0.8121   -0.5633
    0.6483   -0.3483    0.6771
   -0.7461   -0.4681    0.4736
...    20 T-A ...
  -31.2864  -27.4620   42.0458
    0.4456   -0.8922   -0.0736
    0.4739    0.1654    0.8649
   -0.7595   -0.4203    0.4965
...    21 T-A ...
  -33.8741  -28.8766   43.4265
    0.6048   -0.6229    0.4963
    0.1031    0.6792    0.7267
   -0.7897   -0.3883    0.4750
...    22 C-G ...
  -36.5061  -30.1115   45.0111
    0.5585   -0.0702    0.8265
   -0.2915    0.9163    0.2748
   -0.7766   -0.3944    0.4913
...    23 G-C ...
  -39.3815  -30.8092   46.7165
    0.4179    0.5159    0.7478
   -0.5615    0.7938   -0.2337
   -0.7141   -0.3222    0.6214
...    24 C-G ...
  -41.4779  -32.1429   48.8743
    0.1009    0.8762    0.4712
   -0.6922    0.4021   -0.5994
   -0.7146   -0.2656    0.6471
...    25 A-T ...
  -44.2358  -32.9234   50.6265
   -0.2733    0.9612   -0.0379
   -0.6219   -0.2066   -0.7554
   -0.7339   -0.1829    0.6542
...    26 A-T ...
  -46.6242  -33.3493   52.8421
   -0.5715    0.6599   -0.4878
   -0.3538   -0.7345   -0.5792
   -0.7404   -0.1584    0.6532
...    27 A-T ...
  -48.9422  -33.5740   55.1363
   -0.6758    0.0969   -0.7306
    0.0544   -0.9821   -0.1806
   -0.7350   -0.1618    0.6585
...    28 G-C ...
  -51.6052  -33.6431   57.2566
   -0.4954   -0.4520   -0.7418
    0.3987   -0.8770    0.2680
   -0.7717   -0.1630    0.6147
...    29 G-C ...
  -54.4993  -34.0560   59.1261
   -0.1186   -0.8764   -0.4668
    0.5980   -0.4383    0.6710
   -0.7927   -0.1995    0.5760
...    30 C-G ...
  -57.3180  -34.7402   60.7081
    0.2774   -0.9606   -0.0160
    0.5418    0.1427    0.8283
   -0.7934   -0.2384    0.5601
...    31 C-G ...
  -60.1546  -35.4913   62.3997
    0.5812   -0.6904    0.4307
    0.2750    0.6648    0.6945
   -0.7659   -0.2852    0.5763
...    32 G-C ...
  -62.4565  -36.0637   64.4666
    0.7045   -0.1925    0.6831
   -0.0975    0.9272    0.3618
   -0.7030   -0.3215    0.6344
...    33 G-C ...
  -64.5813  -37.2755   66.7793
    0.5636    0.3952    0.7254
   -0.4943    0.8649   -0.0872
   -0.6619   -0.3094    0.6828
...    34 C-G ...
  -66.5275  -38.5008   69.1410
    0.2090    0.8348    0.5094
   -0.7326    0.4787   -0.4839
   -0.6478   -0.2720    0.7116
...    35 C-G ...
  -68.4877  -39.1236   71.8750
   -0.2125    0.9727    0.0931
   -0.7333   -0.0958   -0.6731
   -0.6458   -0.2113    0.7337
...    36 C-G ...
  -70.5715  -39.5473   74.5293
   -0.5672    0.7427   -0.3559
   -0.5002   -0.6540   -0.5675
   -0.6542   -0.1438    0.7425
...    37 G-C ...
  -72.9718  -40.9124   76.6289
   -0.7054    0.2333   -0.6693
   -0.0768   -0.9639   -0.2550
   -0.7046   -0.1284    0.6979
...    38 A-T ...
  -75.1789  -41.2715   78.9127
   -0.6071   -0.3921   -0.6912
    0.3690   -0.9094    0.1917
   -0.7038   -0.1387    0.6968
...    39 C-G ...
  -77.7639  -41.4310   80.8303
   -0.2840   -0.8119   -0.5101
    0.6246   -0.5603    0.5441
   -0.7275   -0.1641    0.6662
...    40 A-T ...
  -80.2599  -42.1380   83.0253
    0.2040   -0.9716   -0.1202
    0.6578    0.0451    0.7519
   -0.7251   -0.2324    0.6483
...    41 C-G ...
  -82.8391  -43.2750   84.7886
    0.5550   -0.7855    0.2738
    0.4345    0.5544    0.7099
   -0.7094   -0.2750    0.6490
...    42 G-C ...
  -84.9912  -43.8659   87.2961
    0.7459   -0.2640    0.6115
   -0.0200    0.9088    0.4168
   -0.6658   -0.3231    0.6725
...    43 A-T ...
  -87.1564  -44.9360   89.3903
    0.5823    0.3371    0.7398
   -0.4607    0.8866   -0.0415
   -0.6699   -0.3166    0.6715
...    44 C-G ...
  -88.9621  -46.4505   91.7206
    0.2598    0.7805    0.5685
   -0.7189    0.5494   -0.4257
   -0.6447   -0.2981    0.7039
...    45 T-A ...
  -90.7403  -47.6180   94.6473
   -0.1934    0.9645    0.1799
   -0.7388   -0.0224   -0.6736
   -0.6456   -0.2632    0.7169
...    46 T-A ...
  -92.6728  -48.4375   97.0958
   -0.5833    0.7820   -0.2195
   -0.4877   -0.5534   -0.6753
   -0.6495   -0.2868    0.7042
...    47 A-T ...
  -94.9921  -49.7422   99.2426
   -0.7706    0.2049   -0.6035
    0.0342   -0.9323   -0.3601
   -0.6364   -0.2981    0.7114
...    48 C-G ...
  -97.2616  -50.0630  101.6870
   -0.6109   -0.3314   -0.7190
    0.4467   -0.8941    0.0325
   -0.6537   -0.3013    0.6942
...    49 T-A ...
  -99.7711  -50.8583  103.8424
   -0.2068   -0.7446   -0.6347
    0.6985   -0.5666    0.4371
   -0.6851   -0.3529    0.6373
...    50 G-C ...
 -102.0597  -52.2872  105.9102
    0.3306   -0.8795   -0.3423
    0.6719   -0.0353    0.7398
   -0.6628   -0.4746    0.5793
...    51 T-A ...
 -104.4237  -53.9657  107.3098
    0.6676   -0.7414    0.0683
    0.3879    0.4246    0.8181
   -0.6355   -0.5197    0.5710
...    52 A-T ...
 -106.3800  -55.6387  109.5147
    0.8085   -0.2758    0.5199
   -0.1376    0.7703    0.6227
   -0.5721   -0.5750    0.5848
...    53 G-C ...
 -108.2230  -57.6383  111.3190
    0.6552    0.2352    0.7179
   -0.5723    0.7748    0.2685
   -0.4931   -0.5868    0.6423
...    54 G-C ...
 -109.3171  -60.0686  113.7337
    0.2276    0.6847    0.6924
   -0.8692    0.4634   -0.1724
   -0.4389   -0.5626    0.7006
...    55 T-A ...
 -110.2845  -61.9258  116.2876
   -0.2814    0.8213    0.4962
   -0.8613    0.0117   -0.5079
   -0.4230   -0.5703    0.7041
...    56 A-T ...
 -111.5142  -63.7436  118.8859
   -0.7562    0.6507    0.0688
   -0.5019   -0.5095   -0.6989
   -0.4197   -0.5631    0.7119
...    57 T-A ...
 -112.5896  -65.1155  121.6993
   -0.9229    0.2450   -0.2969
   -0.0009   -0.7727   -0.6348
   -0.3850   -0.5856    0.7133
...    58 C-G ...
 -113.7883  -66.9861  124.1576
   -0.7025   -0.2864   -0.6515
    0.5980   -0.7340   -0.3220
   -0.3860   -0.6158    0.6869
...    59 A-T ...
 -114.5938  -69.1988  126.6385
   -0.1693   -0.5906   -0.7890
    0.9016   -0.4161    0.1181
   -0.3981   -0.6914    0.6029
...    60 T-A ...
 -116.3154  -71.3536  128.4027
    0.3436   -0.6783   -0.6495
    0.8574   -0.0556    0.5117
   -0.3832   -0.7327    0.5624
...    61 G-C ...
 -117.6180  -74.0575  130.2477
    0.8375   -0.4679   -0.2823
    0.4682    0.3481    0.8122
   -0.2818   -0.8123    0.5106
...    62 T-A ...
 -118.6331  -77.0646  131.3586
    0.9658   -0.1798    0.1869
   -0.0652    0.5292    0.8460
   -0.2510   -0.8292    0.4993
...    63 T-A ...
 -119.3002  -79.8158  132.8073
    0.7681    0.1840    0.6133
   -0.6079    0.5104    0.6082
   -0.2011   -0.8400    0.5039
...    64 A-T ...
 -120.2390  -82.5061  134.7378
    0.1780    0.4651    0.8672
   -0.9685    0.2388    0.0707
   -0.1742   -0.8524    0.4930
...    65 T-A ...
 -120.0751  -85.3212  136.4335
   -0.3625    0.4900    0.7928
   -0.9203   -0.0538   -0.3876
   -0.1473   -0.8701    0.4704
...    66 A-T ...
 -120.7550  -88.5544  137.6846
   -0.9244    0.1858    0.3332
   -0.3796   -0.3603   -0.8521
   -0.0383   -0.9141    0.4036
...    67 A-T ...
 -120.7854  -91.4702  139.1498
   -0.9635   -0.1432   -0.2263
    0.2633   -0.3531   -0.8978
    0.0487   -0.9246    0.3779
...    68 C-G ...
 -120.7906  -94.3850  141.0277
   -0.6387   -0.3455   -0.6876
    0.7634   -0.1723   -0.6225
    0.0966   -0.9225    0.3738
...    69 G-C ...
 -120.1655  -97.4316  142.0359
   -0.0792   -0.2795   -0.9569
    0.9878    0.1069   -0.1130
    0.1339   -0.9542    0.2676
...    70 G-C ...
 -119.8980 -100.6244  142.8439
    0.4410   -0.0643   -0.8952
    0.8788    0.2336    0.4161
    0.1823   -0.9702    0.1595
...    71 A-T ...
 -119.4086 -103.8733  143.2147
    0.8562    0.1612   -0.4908
    0.4530    0.2225    0.8633
    0.2484   -0.9615    0.1175
...    72 T-A ...
 -118.6544 -107.0560  142.9481
    0.9505    0.3099    0.0226
   -0.0524    0.0882    0.9947
    0.3063   -0.9467    0.1000
...    73 C-G ...
 -117.2809 -110.2372  143.1071
    0.6818    0.3592    0.6373
   -0.6201   -0.1785    0.7640
    0.3881   -0.9160    0.1010
...    74 T-A ...
 -115.6296 -113.0541  143.4967
    0.2066    0.2608    0.9430
   -0.8649   -0.4020    0.3006
    0.4575   -0.8777    0.1425
...    75 C-G ...
 -114.4820 -115.9629  144.4406
   -0.3570   -0.0531    0.9326
   -0.7573   -0.5681   -0.3222
    0.5469   -0.8213    0.1626
...    76 G-C ...
 -113.1680 -119.0095  144.6594
   -0.7192   -0.3986    0.5691
   -0.3757   -0.4659   -0.8011
    0.5844   -0.7900    0.1853
...    77 A-T ...
 -111.1395 -121.6423  144.9709
   -0.7755   -0.6280   -0.0647
    0.1512   -0.0853   -0.9848
    0.6130   -0.7735    0.1611
...    78 G-C ...
 -109.0152 -124.1152  145.4929
   -0.5502   -0.5749   -0.6056
    0.5225    0.3287   -0.7867
    0.6513   -0.7493    0.1196
...    79 C-G ...
 -106.9948 -126.8129  146.2268
   -0.1540   -0.2390   -0.9587
    0.7258    0.6311   -0.2739
    0.6705   -0.7380    0.0763
...    80 T-A ...
 -104.9244 -129.4311  146.4912
    0.1879    0.1993   -0.9618
    0.6830    0.6772    0.2737
    0.7059   -0.7083   -0.0089
...    81 C-G ...
 -102.5669 -131.8518  146.4117
    0.4868    0.6093   -0.6260
    0.4559    0.4340    0.7770
    0.7451   -0.6636   -0.0665
...    82 G-C ...
  -99.7308 -133.4861  146.4211
    0.5574    0.8246   -0.0968
    0.1683    0.0019    0.9857
    0.8130   -0.5657   -0.1377
...    83 G-C ...
  -96.8303 -135.0234  145.6898
    0.4746    0.7349    0.4845
   -0.1320   -0.4848    0.8646
    0.8703   -0.4743   -0.1330
...    84 G-C ...
  -93.6029 -136.0044  145.3112
    0.2320    0.3838    0.8938
   -0.2883   -0.8505    0.4400
    0.9290   -0.3597   -0.0866
...    85 A-T ...
  -90.3805 -136.8818  144.9854
    0.0269   -0.2267    0.9736
   -0.3383   -0.9186   -0.2045
    0.9407   -0.3239   -0.1014
...    86 T-A ...
  -87.1044 -137.4200  144.9625
   -0.1455   -0.6882    0.7108
   -0.2893   -0.6575   -0.6957
    0.9461   -0.3068   -0.1034
...    87 C-G ...
  -83.8129 -138.3146  144.8994
   -0.2421   -0.9644    0.1066
   -0.1530   -0.0705   -0.9857
    0.9581   -0.2549   -0.1305
...    88 C-G ...
  -80.6152 -139.0947  144.5715
   -0.3537   -0.8270   -0.4369
   -0.0073    0.4696   -0.8829
    0.9353   -0.3091   -0.1721
...    89 G-C ...
  -77.5216 -139.7468  143.5869
   -0.3705   -0.3726   -0.8508
    0.1768    0.8710   -0.4585
    0.9118   -0.3203   -0.2568
...    90 C-G ...
  -74.4292 -141.2113  143.0159
   -0.2370    0.2094   -0.9487
    0.3151    0.9403    0.1289
    0.9190   -0.2684   -0.2888
...    91 T-A ...
  -71.4169 -142.4901  141.9414
   -0.0932    0.7267   -0.6806
    0.3894    0.6557    0.6469
    0.9164   -0.2047   -0.3441
...    92 T-A ...
  -68.6028 -143.1594  140.4860
    0.0949    0.9800   -0.1752
    0.3781    0.1273    0.9170
    0.9209   -0.1532   -0.3585
...    93 T-A ...
  -65.6346 -143.4573  139.2686
    0.2052    0.8943    0.3977
    0.2908   -0.4438    0.8477
    0.9345   -0.0583   -0.3511
...    94 A-T ...
  -62.3459 -143.4375  138.4793
    0.2218    0.4608    0.8593
    0.1869   -0.8850    0.4264
    0.9570    0.0660   -0.2824
...    95 A-T ...
  -59.3046 -142.9199  137.6194
    0.2936   -0.1403    0.9456
    0.0598   -0.9845   -0.1647
    0.9541    0.1049   -0.2807
...    96 C-G ...
  -56.0937 -141.9659  136.9885
    0.3214   -0.6661    0.6730
   -0.0979   -0.7303   -0.6760
    0.9419    0.1514   -0.3000
...    97 A-T ...
  -52.8904 -141.5507  136.0309
    0.1865   -0.9761    0.1118
   -0.2837   -0.1624   -0.9451
    0.9406    0.1446   -0.3072
...    98 C-G ...
  -49.5109 -141.1306  135.6897
    0.0105   -0.9074   -0.4200
   -0.3554    0.3893   -0.8498
    0.9346    0.1582   -0.3184
...    99 T-A ...
  -45.9593 -141.0223  134.9934
   -0.2185   -0.5201   -0.8257
   -0.3263    0.8364   -0.4405
    0.9197    0.1732   -0.3524
...   100 T-A ...
  -42.9027 -140.7848  133.9020
   -0.3610    0.0661   -0.9302
   -0.1595    0.9784    0.1314
    0.9188    0.1958   -0.3427
...   101 T-A ...
  -39.9301 -140.2339  132.7113
   -0.4380    0.6001   -0.6693
    0.0736    0.7660    0.6387
    0.8959    0.2305   -0.3797
...   102 A-T ...
  -37.0077 -139.1433  131.5668
   -0.4218    0.8962   -0.1374
    0.3285    0.2923    0.8982
    0.8451    0.3337   -0.4177
...   103 T-A ...
  -34.7273 -138.0257  129.6099
   -0.2765    0.9002    0.3364
    0.5118   -0.1583    0.8444
    0.8134    0.4056   -0.4170
...   104 G-C ...
  -32.2097 -136.3825  128.1553
    0.0058    0.5741    0.8188
    0.6130   -0.6490    0.4507
    0.7901    0.4993   -0.3557
...   105 C-G ...
  -29.8193 -134.2793  127.1732
    0.3211    0.0946    0.9423
    0.5265   -0.8449   -0.0946
    0.7872    0.5265   -0.3211
...   106 T-A ...
  -27.1323 -132.0613  126.6714
    0.5790   -0.4083    0.7058
    0.2987   -0.6992   -0.6495
    0.7587    0.5869   -0.2828
...   107 T-A ...
  -24.7089 -130.0332  126.0119
    0.6475   -0.7356    0.1993
   -0.0814   -0.3268   -0.9416
    0.7577    0.5934   -0.2715
...   108 C-G ...
  -22.0774 -128.0010  125.3178
    0.4731   -0.7674   -0.4328
   -0.4730    0.1931   -0.8596
    0.7432    0.6114   -0.2716
...   109 C-G ...
  -19.6476 -125.8976  124.5582
    0.0666   -0.6006   -0.7968
   -0.6610    0.5716   -0.4862
    0.7474    0.5590   -0.3589
...   110 G-C ...
  -17.6051 -123.8204  123.4273
   -0.3702   -0.2674   -0.8896
   -0.6053    0.7959    0.0127
    0.7047    0.5432   -0.4565
...   111 G-C ...
  -15.3004 -122.1589  121.6787
   -0.7079    0.1793   -0.6831
   -0.2893    0.8087    0.5121
    0.6443    0.5602   -0.5206
...   112 C-G ...
  -13.3073 -120.6343  119.4690
   -0.7847    0.5676   -0.2492
    0.1594    0.5733    0.8037
    0.5990    0.5909   -0.5403
...   113 T-A ...
  -11.5074 -118.7063  117.4485
   -0.6244    0.7373    0.2578
    0.5684    0.2027    0.7974
    0.5357    0.6444   -0.5457
...   114 C-G ...
   -9.8532 -116.3310  115.8935
   -0.1982    0.6886    0.6975
    0.8618   -0.2165    0.4587
    0.4669    0.6921   -0.5505
...   115 G-C ...
   -7.9060 -114.0934  114.3703
    0.3197    0.3800    0.8680
    0.8374   -0.5419   -0.0712
    0.4433    0.7496   -0.4914
...   116 T-A ...
   -6.8013 -111.1260  113.2529
    0.7081   -0.0018    0.7061
    0.5368   -0.6484   -0.5399
    0.4588    0.7613   -0.4582
...   117 A-T ...
   -5.3358 -108.2794  112.0805
    0.8740   -0.4126    0.2567
    0.0186   -0.4995   -0.8661
    0.4855    0.7618   -0.4289
...   118 T-A ...
   -3.6879 -105.5332  111.3476
    0.7700   -0.5914   -0.2395
   -0.4397   -0.2198   -0.8708
    0.4624    0.7758   -0.4293
...   119 A-T ...
   -2.4234 -102.7829  109.6905
    0.3020   -0.5644   -0.7683
   -0.8457    0.2133   -0.4892
    0.4399    0.7975   -0.4129
...   120 A-T ...
   -0.7245 -100.3009  108.4526
   -0.2484   -0.3536   -0.9018
   -0.8678    0.4949    0.0449
    0.4304    0.7937   -0.4298
...   121 T-A ...
    1.1627  -98.0640  106.8607
   -0.6707   -0.0413   -0.7406
   -0.6069    0.6045    0.5159
    0.4264    0.7955   -0.4305
...   122 G-C ...
    2.5545  -95.3298  105.2350
   -0.9374    0.2567   -0.2354
   -0.0715    0.5195    0.8515
    0.3408    0.8150   -0.4686
...   123 T-A ...
    3.4420  -92.8512  103.2815
   -0.8476    0.4700    0.2465
    0.4237    0.3196    0.8475
    0.3195    0.8228   -0.4700
...   124 G-C ...
    4.3541  -90.0123  101.7191
   -0.4539    0.5087    0.7316
    0.8540    0.0140    0.5201
    0.2543    0.8608   -0.4408
...   125 T-A ...
    4.6785  -87.2108  100.1582
    0.0553    0.4034    0.9133
    0.9685   -0.2443    0.0492
    0.2429    0.8818   -0.4042
...   126 C-G ...
    5.4052  -84.3418   98.9897
    0.6217    0.1863    0.7607
    0.7498   -0.4223   -0.5093
    0.2264    0.8871   -0.4023
...   127 G-C ...
    6.5957  -81.6613   97.3998
    0.8958   -0.1819    0.4056
    0.3001   -0.4257   -0.8537
    0.3280    0.8864   -0.3267
...   128 A-T ...
    7.5138  -78.7945   96.3758
    0.8975   -0.4032   -0.1787
   -0.2963   -0.2511   -0.9215
    0.3267    0.8800   -0.3448
...   129 C-G ...
    8.9115  -75.8232   95.9606
    0.5835   -0.5124   -0.6301
   -0.7291    0.0112   -0.6843
    0.3577    0.8587   -0.3671
...   130 C-G ...
   10.6345  -73.1477   94.7310
    0.0619   -0.5155   -0.8547
   -0.9136    0.3154   -0.2565
    0.4018    0.7967   -0.4514
...   131 A-T ...
   11.2371  -70.2023   93.1225
   -0.5235   -0.3022   -0.7966
   -0.7662    0.5760    0.2850
    0.3727    0.7595   -0.5331
...   132 A-T ...
   12.4757  -67.8301   91.2194
   -0.8741    0.0837   -0.4784
   -0.3137    0.6548    0.6877
    0.3708    0.7512   -0.5461
...   133 A-T ...
   13.7503  -65.6276   89.1402
   -0.8713    0.4908    0.0015
    0.2653    0.4685    0.8427
    0.4129    0.7346   -0.5384
...   134 T-A ...
   14.7385  -63.4258   86.8199
   -0.5923    0.6747    0.4404
    0.6886    0.1401    0.7115
    0.4183    0.7247   -0.5475
...   135 G-C ...
   15.7317  -61.4928   83.9330
    0.0341    0.7400    0.6717
    0.8636   -0.3601    0.3528
    0.5030    0.5681   -0.6514
...   136 T-A ...
   15.7848  -59.5604   80.7992
    0.5517    0.4998    0.6677
    0.6739   -0.7388   -0.0038
    0.4915    0.4520   -0.7444
...   137 G-C ...
   16.8386  -57.7218   78.2675
    0.8528   -0.0848    0.5153
    0.1507   -0.9048   -0.3983
    0.5000    0.4173   -0.7588
...   138 A-T ...
   18.4283  -55.5286   76.5299
    0.8547   -0.5006    0.1371
   -0.3188   -0.7148   -0.6224
    0.4096    0.4883   -0.7706
...   139 G-C ...
   20.4259  -54.3093   74.5420
    0.5847   -0.7389   -0.3347
   -0.7593   -0.3533   -0.5465
    0.2856    0.5737   -0.7676
...   140 C-G ...
   21.4270  -51.8265   72.7876
    0.1304   -0.7144   -0.6875
   -0.8897    0.2216   -0.3991
    0.4375    0.6637   -0.6067
...   141 G-C ...
   22.1521  -50.1494   67.4640
   -0.4682   -0.8748    0.1248
   -0.8494    0.4066   -0.3364
    0.2435   -0.2635   -0.9334
...   142 C-G ...
   22.3489  -51.2413   64.4933
   -0.8528   -0.5119   -0.1032
   -0.4975    0.8565   -0.1374
    0.1587   -0.0659   -0.9851
...   143 T-A ...
   24.0166  -51.6378   61.9248
   -0.9562    0.0401   -0.2898
    0.0524    0.9980   -0.0348
    0.2878   -0.0485   -0.9564
...   144 C-G ...
   24.8958  -52.7395   58.9873
   -0.7529    0.5560   -0.3520
    0.5214    0.8304    0.1965
    0.4016   -0.0356   -0.9151
...   145 A-T ...
   25.5276  -52.9803   55.8053
   -0.2442    0.9563   -0.1610
    0.8906    0.2869    0.3528
    0.3836   -0.0573   -0.9217
...   146 C-G ...
   25.2778  -52.5122   52.0796
    0.3204    0.9427   -0.0929
    0.8825   -0.2614    0.3909
    0.3443   -0.2072   -0.9157
...   147 A-T ...
   25.6239  -52.5939   48.6395
    0.8597    0.5097    0.0339
    0.4496   -0.7865    0.4233
    0.2424   -0.3487   -0.9053
