  147 base-pairs
...     1 T-A ...
    0.0000    0.0000    0.0000
    1.0000    0.0000    0.0000
    0.0000    1.0000    0.0000
    0.0000    0.0000    1.0000
...     2 G-C ...
   -0.5555   -1.1003    3.3981
    0.7749    0.6051    0.1828
   -0.5991    0.7953   -0.0929
   -0.2016   -0.0375    0.9787
...     3 T-A ...
   -0.6619   -3.0237    6.5348
    0.3046    0.9250    0.2271
   -0.8994    0.3578   -0.2510
   -0.3134   -0.1278    0.9410
...     4 G-C ...
   -1.1607   -3.8418    9.6940
   -0.3351    0.9421    0.0133
   -0.8752   -0.3061   -0.3746
   -0.3489   -0.1372    0.9271
...     5 A-T ...
   -1.3881   -3.6770   12.8999
   -0.7835    0.6162   -0.0801
   -0.5677   -0.7622   -0.3109
   -0.2527   -0.1981    0.9470
...     6 G-C ...
   -2.6236   -3.5448   15.7072
   -0.9923    0.0611   -0.1075
   -0.0294   -0.9610   -0.2748
   -0.1201   -0.2695    0.9555
...     7 C-G ...
   -2.3138   -3.7570   18.8866
   -0.8620   -0.4995   -0.0864
    0.5008   -0.8655    0.0073
   -0.0785   -0.0370    0.9962
...     8 G-C ...
   -3.9561   -6.8109   23.3205
   -0.2581   -0.3560   -0.8981
    0.6294   -0.7673    0.1233
   -0.7330   -0.5335    0.4221
...     9 C-G ...
   -6.1177   -8.9414   24.2385
    0.1143   -0.7320   -0.6716
    0.8123   -0.3203    0.4874
   -0.5720   -0.6013    0.5580
...    10 T-A ...
   -8.5041   -9.6771   26.0540
    0.4660   -0.8587   -0.2131
    0.6274    0.1508    0.7640
   -0.6239   -0.4897    0.6090
...    11 C-G ...
  -11.0625  -11.3174   27.2336
    0.6660   -0.6911    0.2808
    0.3382    0.6152    0.7121
   -0.6649   -0.3794    0.6435
...    12 A-T ...
  -13.0013  -13.1789   29.0658
    0.7188   -0.1490    0.6790
   -0.1787    0.9043    0.3876
   -0.6718   -0.4000    0.6235
...    13 C-G ...
  -14.1788  -15.9359   31.3399
    0.4052    0.2865    0.8682
   -0.5270    0.8492   -0.0343
   -0.7470   -0.4437    0.4951
...    14 A-T ...
  -15.9532  -18.1566   33.3080
   -0.1503    0.6873    0.7107
   -0.6106    0.5008   -0.6135
   -0.7776   -0.5261    0.3444
...    15 A-T ...
  -18.3910  -19.8335   34.6289
   -0.4500    0.8678    0.2108
   -0.4200    0.0027   -0.9075
   -0.7881   -0.4969    0.3633
...    16 T-A ...
  -20.7670  -21.2187   36.4288
   -0.5873    0.7539   -0.2945
   -0.1375   -0.4515   -0.8816
   -0.7976   -0.4773    0.3688
...    17 T-A ...
  -23.3864  -22.5665   37.8059
   -0.5559    0.3463   -0.7557
    0.2200   -0.8154   -0.5355
   -0.8016   -0.4640    0.3771
...    18 T-A ...
  -26.0932  -23.8110   39.1309
   -0.3372   -0.2144   -0.9167
    0.4991   -0.8663    0.0190
   -0.7982   -0.4512    0.3991
...    19 A-T ...
  -28.4871  -25.6699   40.7209
    0.0399   -0.7603   -0.6484
    0.6015   -0.4999    0.6232
   -0.7979   -0.4149    0.4373
...    20 T-A ...
  -31.4883  -26.7708   41.6329
    0.3304   -0.9199   -0.2113
    0.4955   -0.0215    0.8683
   -0.8033   -0.3916    0.4487
...    21 T-A ...
  -34.2513  -28.0125   42.8530
    0.5325   -0.7640    0.3645
    0.2153    0.5387    0.8146
   -0.8186   -0.3553    0.4513
...    22 C-G ...
  -36.9860  -29.2054   44.2862
    0.5707   -0.2676    0.7763
   -0.1467    0.8969    0.4171
   -0.8079   -0.3520    0.4727
...    23 G-C ...
  -39.8237  -29.9391   46.0008
    0.4676    0.3393    0.8162
   -0.4538    0.8846   -0.1077
   -0.7586   -0.3200    0.5676
...    24 C-G ...
  -42.0665  -31.2853   48.0612
    0.1751    0.7919    0.5850
   -0.6412    0.5426   -0.5426
   -0.7471   -0.2801    0.6028
...    25 A-T ...
  -44.7144  -32.0220   49.9961
   -0.1497    0.9847    0.0891
   -0.6470   -0.0294   -0.7619
   -0.7477   -0.1717    0.6415
...    26 A-T ...
  -47.0213  -32.4370   52.2447
   -0.4886    0.7859   -0.3789
   -0.4460   -0.5982   -0.6657
   -0.7499   -0.1563    0.6428
...    27 A-T ...
  -49.4100  -32.7004   54.4362
   -0.6559    0.2891   -0.6973
   -0.0841   -0.9460   -0.3131
   -0.7501   -0.1467    0.6448
...    28 G-C ...
  -52.0005  -32.8399   56.5463
   -0.5532   -0.2688   -0.7885
    0.2718   -0.9530    0.1341
   -0.7874   -0.1401    0.6003
...    29 G-C ...
  -54.8722  -33.1031   58.3524
   -0.2494   -0.7482   -0.6148
    0.5130   -0.6406    0.5714
   -0.8214   -0.1729    0.5436
...    30 C-G ...
  -57.8503  -33.5353   59.8254
    0.1103   -0.9731   -0.2023
    0.5553   -0.1085    0.8245
   -0.8243   -0.2033    0.5284
...    31 C-G ...
  -60.7581  -34.3382   61.3792
    0.4617   -0.8475    0.2619
    0.3818    0.4563    0.8037
   -0.8007   -0.2711    0.5343
...    32 G-C ...
  -63.2990  -34.9959   63.5281
    0.6726   -0.3954    0.6256
    0.0285    0.8585    0.5120
   -0.7395   -0.3265    0.5887
...    33 G-C ...
  -65.7055  -36.3256   65.4957
    0.6297    0.1828    0.7550
   -0.3653    0.9274    0.0802
   -0.6856   -0.3263    0.6508
...    34 C-G ...
  -67.7042  -37.7290   67.7644
    0.3471    0.6851    0.6404
   -0.6628    0.6623   -0.3493
   -0.6635   -0.3032    0.6840
...    35 C-G ...
  -69.7029  -38.7033   70.3153
   -0.0312    0.9603    0.2772
   -0.7621    0.1566   -0.6282
   -0.6467   -0.2308    0.7270
...    36 C-G ...
  -71.7153  -39.2334   72.9918
   -0.4022    0.8977   -0.1800
   -0.6334   -0.4148   -0.6533
   -0.6611   -0.1487    0.7354
...    37 G-C ...
  -74.2353  -39.8059   75.1820
   -0.6255    0.5039   -0.5957
   -0.3097   -0.8611   -0.4032
   -0.7161   -0.0677    0.6947
...    38 A-T ...
  -76.6110  -39.9095   77.4742
   -0.6664   -0.1181   -0.7362
    0.1257   -0.9910    0.0452
   -0.7350   -0.0624    0.6752
...    39 C-G ...
  -79.2319  -39.5177   79.5066
   -0.4743   -0.6330   -0.6118
    0.4588   -0.7709    0.4418
   -0.7513   -0.0712    0.6561
...    40 A-T ...
  -81.6520  -39.9148   81.8003
   -0.0429   -0.9552   -0.2927
    0.6311   -0.2530    0.7333
   -0.7745   -0.1533    0.6137
...    41 C-G ...
  -84.5797  -40.4297   83.2983
    0.3273   -0.9359    0.1301
    0.5466    0.2998    0.7819
   -0.7708   -0.1848    0.6097
...    42 G-C ...
  -86.9275  -40.9641   85.6833
    0.6638   -0.5673    0.4874
    0.2326    0.7759    0.5864
   -0.7108   -0.2759    0.6470
...    43 A-T ...
  -89.2323  -41.9654   87.8154
    0.6919    0.0255    0.7215
   -0.2262    0.9567    0.1831
   -0.6857   -0.2899    0.6677
...    44 C-G ...
  -91.1737  -43.4817   90.0552
    0.4761    0.5449    0.6903
   -0.5755    0.7865   -0.2239
   -0.6649   -0.2906    0.6880
...    45 T-A ...
  -93.1092  -44.5209   92.5670
    0.1103    0.9004    0.4208
   -0.7623    0.3483   -0.5454
   -0.6377   -0.2607    0.7248
...    46 T-A ...
  -94.9714  -45.4127   95.0908
   -0.3790    0.9247    0.0350
   -0.6770   -0.2513   -0.6917
   -0.6309   -0.2859    0.7213
...    47 A-T ...
  -97.3327  -46.6623   97.2108
   -0.7485    0.5232   -0.4074
   -0.2536   -0.7936   -0.5531
   -0.6127   -0.3107    0.7267
...    48 C-G ...
  -99.3446  -47.0893   99.8553
   -0.7562    0.0138   -0.6542
    0.1928   -0.9507   -0.2429
   -0.6253   -0.3099    0.7162
...    49 T-A ...
 -101.6185  -47.8452  102.1890
   -0.4908   -0.4917   -0.7193
    0.5716   -0.8048    0.1601
   -0.6575   -0.3326    0.6761
...    50 G-C ...
 -103.7458  -49.1716  104.4223
    0.0053   -0.8283   -0.5603
    0.7406   -0.3733    0.5587
   -0.6719   -0.4179    0.6115
...    51 T-A ...
 -106.3722  -50.4799  105.9649
    0.4307   -0.8792   -0.2037
    0.6224    0.1259    0.7725
   -0.6536   -0.4595    0.6014
...    52 A-T ...
 -108.4419  -52.0701  108.0756
    0.7747   -0.5813    0.2488
    0.2182    0.6151    0.7577
   -0.5934   -0.5327    0.6034
...    53 G-C ...
 -110.3168  -54.1039  109.9162
    0.8121   -0.1130    0.5725
   -0.2534    0.8155    0.5203
   -0.5257   -0.5676    0.6336
...    54 G-C ...
 -111.7248  -56.2276  112.1378
    0.5699    0.4076    0.7135
   -0.6895    0.7096    0.1453
   -0.4471   -0.5747    0.6854
...    55 T-A ...
 -112.6223  -58.4094  114.4922
    0.1109    0.7358    0.6681
   -0.8968    0.3638   -0.2518
   -0.4283   -0.5712    0.7002
...    56 A-T ...
 -114.6233  -60.3125  116.5471
   -0.5499    0.7483    0.3709
   -0.7342   -0.2215   -0.6418
   -0.3981   -0.6253    0.6712
...    57 T-A ...
 -115.5103  -62.0732  119.2285
   -0.8669    0.4985   -0.0020
   -0.3304   -0.5776   -0.7465
   -0.3733   -0.6464    0.6654
...    58 C-G ...
 -116.7202  -64.1491  121.5164
   -0.8869    0.0402   -0.4603
    0.2761   -0.7527   -0.5977
   -0.3705   -0.6572    0.6564
...    59 T-A ...
 -118.1616  -66.1294  123.7991
   -0.5706   -0.3477   -0.7440
    0.7221   -0.6439   -0.2528
   -0.3912   -0.6815    0.6185
...    60 C-G ...
 -119.4890  -68.3062  125.8967
   -0.0033   -0.6315   -0.7754
    0.9267   -0.2932    0.2349
   -0.3757   -0.7178    0.5862
...    61 G-C ...
 -120.4312  -70.7879  127.9936
    0.5708   -0.5646   -0.5962
    0.7672    0.1080    0.6322
   -0.2926   -0.8183    0.4948
...    62 A-T ...
 -121.3758  -73.5134  129.5276
    0.9324   -0.3303   -0.1468
    0.2803    0.4044    0.8706
   -0.2282   -0.8529    0.4696
...    63 G-C ...
 -121.9854  -76.5038  130.8080
    0.9550    0.0202    0.2959
   -0.2682    0.4848    0.8325
   -0.1266   -0.8744    0.4684
...    64 C-G ...
 -121.9133  -79.5563  132.1098
    0.6514    0.3287    0.6839
   -0.7567    0.3487    0.5531
   -0.0567   -0.8777    0.4758
...    65 T-A ...
 -121.6752  -82.4599  133.7157
    0.1308    0.5014    0.8553
   -0.9914    0.0574    0.1180
    0.0101   -0.8633    0.5046
...    66 C-G ...
 -121.5318  -85.2055  135.5589
   -0.5036    0.4184    0.7559
   -0.8629   -0.2871   -0.4159
    0.0430   -0.8617    0.5057
...    67 G-C ...
 -121.8241  -88.2319  137.0489
   -0.9203    0.1850    0.3446
   -0.3899   -0.5043   -0.7705
    0.0312   -0.8435    0.5362
...    68 G-C ...
 -121.6337  -90.9759  139.0564
   -0.9777   -0.1082   -0.1799
    0.2099   -0.5080   -0.8354
   -0.0010   -0.8546    0.5194
...    69 G-C ...
 -121.5757  -93.7406  141.0477
   -0.6845   -0.3223   -0.6539
    0.7288   -0.3278   -0.6012
   -0.0206   -0.8881    0.4593
...    70 A-T ...
 -121.6020  -96.5788  142.7113
   -0.1124   -0.4113   -0.9046
    0.9936   -0.0404   -0.1051
    0.0067   -0.9106    0.4132
...    71 T-A ...
 -122.2101  -99.5525  143.9386
    0.4073   -0.3412   -0.8471
    0.9128    0.1824    0.3655
    0.0298   -0.9221    0.3857
...    72 C-G ...
 -122.1122 -102.5954  145.1186
    0.8585   -0.0849   -0.5057
    0.5025    0.3356    0.7968
    0.1020   -0.9382    0.3308
...    73 C-G ...
 -121.5912 -105.8382  145.8287
    0.9713    0.2354   -0.0326
   -0.0348    0.2768    0.9603
    0.2351   -0.9317    0.2770
...    74 G-C ...
 -120.3718 -108.7405  147.0811
    0.7409    0.4750    0.4747
   -0.5383   -0.0028    0.8428
    0.4017   -0.8800    0.2537
...    75 C-G ...
 -118.4856 -111.4009  147.7964
    0.2987    0.4198    0.8570
   -0.8333   -0.3230    0.4487
    0.4651   -0.8482    0.2534
...    76 T-A ...
 -116.5857 -113.9870  148.7327
   -0.2231    0.1791    0.9582
   -0.8287   -0.5524   -0.0897
    0.5132   -0.8141    0.2717
...    77 T-A ...
 -114.6034 -116.4327  149.6518
   -0.6330   -0.2654    0.7273
   -0.5275   -0.5397   -0.6561
    0.5666   -0.7989    0.2016
...    78 T-A ...
 -112.5160 -118.8187  150.5075
   -0.7684   -0.6103    0.1924
   -0.0523   -0.2398   -0.9694
    0.6378   -0.7550    0.1523
...    79 A-T ...
 -109.9271 -121.1345  150.2320
   -0.5168   -0.6758   -0.5256
    0.4449    0.3125   -0.8393
    0.7314   -0.6676    0.1391
...    80 A-T ...
 -107.6311 -123.3534  150.8747
   -0.1445   -0.3617   -0.9210
    0.6357    0.6793   -0.3665
    0.7583   -0.6385    0.1318
...    81 C-G ...
 -105.5440 -125.8557  151.3893
    0.1770    0.0993   -0.9792
    0.6034    0.7751    0.1877
    0.7776   -0.6240    0.0773
...    82 A-T ...
 -102.7932 -127.7987  151.6348
    0.3602    0.6222   -0.6950
    0.4123    0.5621    0.7169
    0.8368   -0.5449   -0.0541
...    83 C-G ...
 -100.2529 -129.6983  150.8449
    0.4596    0.8647   -0.2027
    0.1835    0.1309    0.9743
    0.8690   -0.4850   -0.0985
...    84 T-A ...
  -97.2907 -131.0187  150.1739
    0.4000    0.8391    0.3687
   -0.0323   -0.3891    0.9206
    0.9159   -0.3802   -0.1285
...    85 T-A ...
  -94.2576 -132.0211  149.6029
    0.3011    0.4533    0.8389
   -0.2281   -0.8200    0.5249
    0.9259   -0.3494   -0.1436
...    86 C-G ...
  -91.0966 -132.9674  149.3312
    0.1066   -0.1480    0.9832
   -0.3210   -0.9410   -0.1068
    0.9410   -0.3043   -0.1478
...    87 A-T ...
  -88.0810 -134.3058  148.7810
   -0.1225   -0.6956    0.7080
   -0.2888   -0.6575   -0.6959
    0.9495   -0.2897   -0.1203
...    88 T-A ...
  -84.7822 -134.8553  148.9480
   -0.2057   -0.9548    0.2146
   -0.1935   -0.1753   -0.9653
    0.9593   -0.2401   -0.1487
...    89 G-C ...
  -81.6373 -135.5244  148.0153
   -0.3090   -0.8518   -0.4230
   -0.0446    0.4572   -0.8882
    0.9500   -0.2556   -0.1792
...    90 T-A ...
  -78.4992 -136.7160  147.8994
   -0.3022   -0.4567   -0.8367
    0.1016    0.8573   -0.5046
    0.9478   -0.2375   -0.2127
...    91 T-A ...
  -75.4429 -137.6261  147.2957
   -0.2083    0.1396   -0.9681
    0.2350    0.9679    0.0890
    0.9494   -0.2090   -0.2344
...    92 A-T ...
  -72.2658 -138.1942  146.3909
   -0.1634    0.7087   -0.6864
    0.3298    0.6949    0.6390
    0.9298   -0.1220   -0.3472
...    93 T-A ...
  -69.5364 -138.8176  144.7216
   -0.0176    0.9684   -0.2488
    0.3775    0.2369    0.8952
    0.9258   -0.0782   -0.3698
...    94 A-T ...
  -66.4579 -138.7149  143.3960
    0.0735    0.9249    0.3729
    0.3799   -0.3717    0.8470
    0.9221    0.0794   -0.3788
...    95 A-T ...
  -63.5449 -138.1986  142.0655
    0.2669    0.5326    0.8032
    0.2978   -0.8382    0.4569
    0.9166    0.1172   -0.3823
...    96 C-G ...
  -60.6590 -137.0989  140.7592
    0.3770   -0.0123    0.9261
    0.1395   -0.9878   -0.0699
    0.9157    0.1556   -0.3707
...    97 G-C ...
  -57.4488 -137.0049  139.6458
    0.3534   -0.6061    0.7126
   -0.0522   -0.7733   -0.6319
    0.9340    0.1861   -0.3049
...    98 G-C ...
  -54.2230 -136.2466  138.8411
    0.2319   -0.9475    0.2202
   -0.2360   -0.2744   -0.9322
    0.9437    0.1642   -0.2872
...    99 A-T ...
  -51.0899 -135.5485  137.9708
    0.0447   -0.9098   -0.4126
   -0.3512    0.3724   -0.8591
    0.9352    0.1833   -0.3029
...   100 T-A ...
  -47.8136 -135.2928  137.5014
   -0.1318   -0.5699   -0.8111
   -0.3415    0.7942   -0.5025
    0.9306    0.2108   -0.2993
...   101 T-A ...
  -44.7245 -134.7494  136.6373
   -0.3132    0.0145   -0.9496
   -0.2186    0.9719    0.0869
    0.9242    0.2348   -0.3012
...   102 A-T ...
  -41.6760 -133.6409  135.6903
   -0.4544    0.6000   -0.6584
    0.0300    0.7491    0.6618
    0.8903    0.2810   -0.3584
...   103 T-A ...
  -38.9440 -133.0527  133.9814
   -0.4009    0.8917   -0.2101
    0.2657    0.3327    0.9048
    0.8767    0.3069   -0.3703
...   104 G-C ...
  -36.0539 -131.6649  132.9209
   -0.2716    0.8721    0.4071
    0.4975   -0.2349    0.8351
    0.8239    0.4293   -0.3700
...   105 C-G ...
  -33.6508 -129.8136  131.5104
    0.0192    0.5655    0.8245
    0.5977   -0.6676    0.4440
    0.8015    0.4842   -0.3508
...   106 T-A ...
  -31.1706 -127.8330  130.4389
    0.3153    0.0722    0.9462
    0.5247   -0.8441   -0.1104
    0.7908    0.5313   -0.3040
...   107 T-A ...
  -28.7424 -125.8469  129.5225
    0.6008   -0.4289    0.6746
    0.2297   -0.7156   -0.6596
    0.7657    0.5512   -0.3314
...   108 C-G ...
  -26.1854 -123.9658  128.5315
    0.6192   -0.7769    0.1143
   -0.1913   -0.2905   -0.9376
    0.7616    0.5587   -0.3285
...   109 C-G ...
  -23.5101 -122.0563  127.6403
    0.3554   -0.8284   -0.4330
   -0.5105    0.2161   -0.8323
    0.7830    0.5169   -0.3461
...   110 G-C ...
  -21.2021 -120.0253  126.1658
   -0.0841   -0.5794   -0.8107
   -0.6307    0.6608   -0.4069
    0.7715    0.4770   -0.4210
...   111 G-C ...
  -18.4833 -118.5188  124.8215
   -0.4932   -0.1387   -0.8588
   -0.4756    0.8696    0.1326
    0.7284    0.4738   -0.4948
...   112 C-G ...
  -15.9536 -117.3124  123.0177
   -0.7159    0.3473   -0.6057
   -0.1158    0.7964    0.5936
    0.6885    0.4950   -0.5300
...   113 T-A ...
  -13.8328 -115.7632  120.9739
   -0.7148    0.6861   -0.1357
    0.3132    0.4875    0.8150
    0.6253    0.5401   -0.5633
...   114 C-G ...
  -11.9169 -113.8844  119.0703
   -0.4091    0.8151    0.4101
    0.6959   -0.0120    0.7180
    0.5902    0.5791   -0.5624
...   115 G-C ...
   -9.7610 -111.7316  117.5606
    0.0096    0.5895    0.8077
    0.8409   -0.4419    0.3125
    0.5411    0.6762   -0.4999
...   116 T-A ...
   -8.4972 -109.0768  115.9707
    0.4559    0.2367    0.8579
    0.7075   -0.6813   -0.1880
    0.5400    0.6927   -0.4781
...   117 A-T ...
   -6.4577 -107.0481  114.1260
    0.8266   -0.2546    0.5020
    0.2270   -0.6654   -0.7112
    0.5151    0.7018   -0.4922
...   118 T-A ...
   -4.8199 -104.3526  113.0855
    0.8315   -0.5540    0.0404
   -0.2460   -0.4325   -0.8674
    0.4981    0.7113   -0.4959
...   119 A-T ...
   -3.5504 -101.9771  110.9491
    0.4690   -0.6702   -0.5751
   -0.7522    0.0380   -0.6578
    0.4627    0.7412   -0.4863
...   120 A-T ...
   -1.8573  -99.5906  109.5107
   -0.0646   -0.4996   -0.8638
   -0.8898    0.4208   -0.1768
    0.4518    0.7572   -0.4717
...   121 T-A ...
    0.1680  -97.4893  107.9609
   -0.5212   -0.2020   -0.8292
   -0.7257    0.6162    0.3061
    0.4491    0.7613   -0.4677
...   122 G-C ...
    1.3620  -94.7264  106.4529
   -0.8889    0.1402   -0.4361
   -0.2585    0.6323    0.7303
    0.3782    0.7619   -0.5258
...   123 T-A ...
    2.5060  -92.5568  104.2029
   -0.8979    0.4374    0.0496
    0.2696    0.4573    0.8475
    0.3480    0.7743   -0.5285
...   124 G-C ...
    3.6084  -89.7420  102.7200
   -0.5865    0.5528    0.5919
    0.7633    0.1328    0.6323
    0.2709    0.8227   -0.4998
...   125 T-A ...
    3.8788  -86.9674  100.8812
   -0.0817    0.5131    0.8545
    0.9618   -0.1843    0.2026
    0.2614    0.8383   -0.4784
...   126 C-G ...
    4.6563  -84.1188   99.3885
    0.5174    0.2740    0.8107
    0.8142   -0.4493   -0.3678
    0.2634    0.8503   -0.4555
...   127 G-C ...
    5.8877  -81.4103   97.7454
    0.8682   -0.1223    0.4809
    0.3653   -0.4983   -0.7863
    0.3358    0.8583   -0.3879
...   128 A-T ...
    6.9839  -78.5266   96.5501
    0.9015   -0.4232   -0.0906
   -0.2403   -0.3155   -0.9180
    0.3599    0.8493   -0.3862
...   129 C-G ...
    8.4634  -75.6186   95.8410
    0.6140   -0.5492   -0.5670
   -0.6906   -0.0258   -0.7228
    0.3823    0.8353   -0.3951
...   130 C-G ...
   10.0160  -72.8842   94.5743
    0.0805   -0.5329   -0.8423
   -0.9077    0.3099   -0.2828
    0.4117    0.7874   -0.4588
...   131 A-T ...
   11.1016  -70.1387   92.9554
   -0.5147   -0.3095   -0.7995
   -0.7633    0.5901    0.2630
    0.3904    0.7457   -0.5399
...   132 A-T ...
   12.4826  -67.8682   91.0779
   -0.8651    0.1061   -0.4903
   -0.3069    0.6610    0.6847
    0.3967    0.7428   -0.5393
...   133 A-T ...
   13.7573  -65.5924   89.1269
   -0.8712    0.4909    0.0057
    0.2698    0.4692    0.8409
    0.4101    0.7341   -0.5412
...   134 T-A ...
   14.7384  -63.4258   86.8201
   -0.5923    0.6747    0.4404
    0.6886    0.1401    0.7115
    0.4183    0.7247   -0.5475
...   135 G-C ...
   15.7317  -61.4928   83.9332
    0.0341    0.7400    0.6717
    0.8636   -0.3601    0.3528
    0.5030    0.5681   -0.6514
...   136 T-A ...
   15.7848  -59.5604   80.7994
    0.5517    0.4998    0.6677
    0.6739   -0.7388   -0.0038
    0.4915    0.4520   -0.7444
...   137 G-C ...
   16.8385  -57.7219   78.2677
    0.8528   -0.0848    0.5153
    0.1507   -0.9048   -0.3983
    0.5000    0.4173   -0.7588
...   138 A-T ...
   18.4282  -55.5287   76.5300
    0.8547   -0.5006    0.1371
   -0.3188   -0.7148   -0.6224
    0.4096    0.4883   -0.7706
...   139 G-C ...
   20.4259  -54.3093   74.5421
    0.5847   -0.7389   -0.3347
   -0.7593   -0.3533   -0.5465
    0.2856    0.5737   -0.7676
...   140 C-G ...
   21.4270  -51.8266   72.7877
    0.1304   -0.7144   -0.6875
   -0.8897    0.2216   -0.3991
    0.4375    0.6637   -0.6067
...   141 G-C ...
   22.1521  -50.1494   67.4641
   -0.4682   -0.8748    0.1248
   -0.8494    0.4066   -0.3364
    0.2435   -0.2635   -0.9334
...   142 C-G ...
   22.3489  -51.2413   64.4935
   -0.8528   -0.5119   -0.1032
   -0.4975    0.8565   -0.1374
    0.1587   -0.0659   -0.9851
...   143 T-A ...
   24.0166  -51.6378   61.9249
   -0.9562    0.0401   -0.2898
    0.0524    0.9980   -0.0348
    0.2878   -0.0485   -0.9564
...   144 C-G ...
   24.8958  -52.7395   58.9875
   -0.7529    0.5560   -0.3520
    0.5214    0.8304    0.1965
    0.4016   -0.0356   -0.9151
...   145 A-T ...
   25.5276  -52.9803   55.8054
   -0.2442    0.9563   -0.1610
    0.8906    0.2869    0.3528
    0.3836   -0.0573   -0.9217
...   146 C-G ...
   25.2778  -52.5122   52.0797
    0.3204    0.9427   -0.0929
    0.8825   -0.2614    0.3909
    0.3443   -0.2072   -0.9157
...   147 A-T ...
   25.6239  -52.5939   48.6397
    0.8597    0.5097    0.0339
    0.4496   -0.7865    0.4233
    0.2424   -0.3487   -0.9053
