  147 base-pairs
...     1 T-A ...
    0.0000    0.0000    0.0000
    1.0000    0.0000    0.0000
    0.0000    1.0000    0.0000
    0.0000    0.0000    1.0000
...     2 G-C ...
   -0.5555   -1.1003    3.3981
    0.7749    0.6051    0.1828
   -0.5991    0.7953   -0.0929
   -0.2016   -0.0375    0.9787
...     3 T-A ...
   -0.6619   -3.0237    6.5348
    0.3046    0.9250    0.2271
   -0.8994    0.3578   -0.2510
   -0.3134   -0.1278    0.9410
...     4 G-C ...
   -1.1607   -3.8418    9.6940
   -0.3351    0.9421    0.0133
   -0.8752   -0.3061   -0.3746
   -0.3489   -0.1372    0.9271
...     5 A-T ...
   -1.3881   -3.6770   12.8999
   -0.7835    0.6162   -0.0801
   -0.5677   -0.7622   -0.3109
   -0.2527   -0.1981    0.9470
...     6 G-C ...
   -2.6236   -3.5448   15.7072
   -0.9923    0.0611   -0.1075
   -0.0294   -0.9610   -0.2748
   -0.1201   -0.2695    0.9555
...     7 C-G ...
   -2.3138   -3.7570   18.8866
   -0.8620   -0.4995   -0.0864
    0.5008   -0.8655    0.0073
   -0.0785   -0.0370    0.9962
...     8 G-C ...
   -3.9561   -6.8109   23.3205
   -0.2581   -0.3560   -0.8981
    0.6294   -0.7673    0.1233
   -0.7330   -0.5335    0.4221
...     9 C-G ...
   -6.1177   -8.9414   24.2385
    0.1143   -0.7320   -0.6716
    0.8123   -0.3203    0.4874
   -0.5720   -0.6013    0.5580
...    10 T-A ...
   -8.5041   -9.6771   26.0540
    0.4660   -0.8587   -0.2131
    0.6274    0.1508    0.7640
   -0.6239   -0.4897    0.6090
...    11 C-G ...
  -11.0625  -11.3174   27.2336
    0.6660   -0.6911    0.2808
    0.3382    0.6152    0.7121
   -0.6649   -0.3794    0.6435
...    12 A-T ...
  -13.0013  -13.1789   29.0658
    0.7188   -0.1490    0.6790
   -0.1787    0.9043    0.3876
   -0.6718   -0.4000    0.6235
...    13 C-G ...
  -14.1788  -15.9359   31.3399
    0.4052    0.2865    0.8682
   -0.5270    0.8492   -0.0343
   -0.7470   -0.4437    0.4951
...    14 A-T ...
  -15.9532  -18.1566   33.3080
   -0.1503    0.6873    0.7107
   -0.6106    0.5008   -0.6135
   -0.7776   -0.5261    0.3444
...    15 A-T ...
  -18.3993  -19.8354   34.6154
   -0.4529    0.8675    0.2057
   -0.4151   -0.0010   -0.9098
   -0.7891   -0.4974    0.3605
...    16 T-A ...
  -20.7873  -21.2182   36.4020
   -0.5866    0.7508   -0.3035
   -0.1290   -0.4566   -0.8802
   -0.7995   -0.4772    0.3647
...    17 T-A ...
  -23.4203  -22.5695   37.7504
   -0.5470    0.3385   -0.7657
    0.2287   -0.8194   -0.5256
   -0.8053   -0.4626    0.3708
...    18 T-A ...
  -26.1427  -23.8178   39.0410
   -0.3209   -0.2259   -0.9198
    0.5012   -0.8645    0.0375
   -0.8037   -0.4489    0.3906
...    19 A-T ...
  -28.5499  -25.6870   40.6250
    0.0561   -0.7741   -0.6306
    0.5905   -0.4836    0.6461
   -0.8051   -0.4086    0.4300
...    20 T-A ...
  -31.5684  -26.7794   41.5001
    0.3383   -0.9237   -0.1797
    0.4755    0.0030    0.8797
   -0.8120   -0.3831    0.4403
...    21 T-A ...
  -34.3594  -27.9954   42.6900
    0.5233   -0.7504    0.4039
    0.1912    0.5652    0.8025
   -0.8304   -0.3427    0.4393
...    22 C-G ...
  -37.1418  -29.1432   44.0840
    0.5435   -0.2365    0.8054
   -0.1629    0.9116    0.3776
   -0.8234   -0.3364    0.4569
...    23 G-C ...
  -40.0614  -29.7987   45.7117
    0.4290    0.3763    0.8212
   -0.4515    0.8767   -0.1658
   -0.7823   -0.2997    0.5460
...    24 C-G ...
  -42.4070  -31.0717   47.7154
    0.1402    0.8192    0.5561
   -0.6162    0.5118   -0.5986
   -0.7750   -0.2588    0.5765
...    25 A-T ...
  -45.1706  -31.7466   49.5159
   -0.1667    0.9855    0.0316
   -0.6020   -0.0764   -0.7948
   -0.7809   -0.1515    0.6060
...    26 A-T ...
  -47.6042  -32.0924   51.6412
   -0.4772    0.7561   -0.4479
   -0.3962   -0.6401   -0.6583
   -0.7844   -0.1366    0.6050
...    27 A-T ...
  -50.1202  -32.2948   53.6932
   -0.6159    0.2367   -0.7514
   -0.0480   -0.9633   -0.2641
   -0.7863   -0.1266    0.6047
...    28 G-C ...
  -52.8426  -32.3768   55.6411
   -0.4947   -0.3275   -0.8050
    0.2815   -0.9367    0.2081
   -0.8222   -0.1236    0.5556
...    29 G-C ...
  -55.8265  -32.6116   57.2668
   -0.1901   -0.7910   -0.5815
    0.4866   -0.5903    0.6440
   -0.8527   -0.1606    0.4971
...    30 C-G ...
  -58.8947  -33.0372   58.5575
    0.1472   -0.9807   -0.1284
    0.4975   -0.0388    0.8666
   -0.8549   -0.1914    0.4822
...    31 C-G ...
  -61.8817  -33.8271   59.9669
    0.4616   -0.8127    0.3557
    0.3078    0.5227    0.7950
   -0.8320   -0.2574    0.4914
...    32 G-C ...
  -64.5648  -34.4055   61.9779
    0.6282   -0.3248    0.7070
   -0.0383    0.8947    0.4451
   -0.7771   -0.3067    0.5496
...    33 G-C ...
  -67.0991  -35.6502   63.8443
    0.5527    0.2649    0.7902
   -0.3997    0.9163   -0.0276
   -0.7313   -0.3005    0.6123
...    34 C-G ...
  -69.2629  -36.9464   66.0360
    0.2597    0.7483    0.6104
   -0.6492    0.6032   -0.4633
   -0.7149   -0.2759    0.6425
...    35 C-G ...
  -71.4789  -37.8022   68.4522
   -0.0987    0.9769    0.1893
   -0.7008    0.0668   -0.7102
   -0.7065   -0.2028    0.6780
...    36 C-G ...
  -73.7367  -38.2309   70.9508
   -0.4231    0.8557   -0.2977
   -0.5414   -0.5023   -0.6742
   -0.7265   -0.1241    0.6758
...    37 G-C ...
  -76.4404  -38.7849   72.9308
   -0.5833    0.4120   -0.7000
   -0.2175   -0.9095   -0.3542
   -0.7826   -0.0544    0.6202
...    38 A-T ...
  -79.0412  -38.8546   74.9708
   -0.5727   -0.2247   -0.7884
    0.1766   -0.9729    0.1491
   -0.8005   -0.0538    0.5969
...    39 C-G ...
  -81.8887  -38.4663   76.6737
   -0.3624   -0.7156   -0.5971
    0.4516   -0.6953    0.5592
   -0.8153   -0.0670    0.5751
...    40 A-T ...
  -84.5287  -38.8415   78.7263
    0.0535   -0.9779   -0.2023
    0.5561   -0.1390    0.8194
   -0.8294   -0.1563    0.5364
...    41 C-G ...
  -87.5745  -39.4426   79.9334
    0.3722   -0.8915    0.2582
    0.4273    0.4115    0.8050
   -0.8240   -0.1893    0.5341
...    42 G-C ...
  -90.1438  -39.9566   82.0989
    0.6353   -0.4619    0.6190
    0.0989    0.8435    0.5279
   -0.7659   -0.2741    0.5816
...    43 A-T ...
  -92.6227  -40.9500   84.0427
    0.5839    0.1556    0.7967
   -0.3220    0.9453    0.0514
   -0.7452   -0.2866    0.6021
...    44 C-G ...
  -94.7324  -42.4213   86.1723
    0.3270    0.6512    0.6848
   -0.6009    0.7026   -0.3812
   -0.7294   -0.2869    0.6211
...    45 T-A ...
  -96.9251  -43.4013   88.5012
   -0.0355    0.9428    0.3315
   -0.7013    0.2128   -0.6804
   -0.7120   -0.2567    0.6536
...    46 T-A ...
  -99.0552  -44.2546   90.8240
   -0.4712    0.8738   -0.1199
   -0.5347   -0.3911   -0.7491
   -0.7015   -0.2889    0.6515
...    47 A-T ...
 -101.5779  -45.6377   92.6876
   -0.7345    0.3761   -0.5648
   -0.0680   -0.8689   -0.4903
   -0.6752   -0.3218    0.6638
...    48 C-G ...
 -103.9000  -46.0914   95.0641
   -0.6397   -0.1546   -0.7529
    0.3463   -0.9325   -0.1028
   -0.6861   -0.3265    0.6501
...    49 T-A ...
 -106.3947  -46.9456   97.1290
   -0.2994   -0.6234   -0.7223
    0.6386   -0.6934    0.3338
   -0.7089   -0.3613    0.6057
...    50 G-C ...
 -108.6636  -48.3636   99.1705
    0.2111   -0.8653   -0.4546
    0.6810   -0.2035    0.7035
   -0.7012   -0.4581    0.5463
...    51 T-A ...
 -111.3015  -49.9202  100.4335
    0.5782   -0.8152   -0.0324
    0.4576    0.2912    0.8401
   -0.6755   -0.5006    0.5414
...    52 A-T ...
 -113.4425  -51.6030  102.4107
    0.7924   -0.4212    0.4412
   -0.0142    0.7103    0.7037
   -0.6098   -0.5639    0.5569
...    53 G-C ...
 -115.3038  -53.7384  104.1593
    0.6958    0.0789    0.7139
   -0.4672    0.8046    0.3665
   -0.5455   -0.5885    0.5967
...    54 G-C ...
 -116.7727  -55.8444  106.3681
    0.3444    0.5619    0.7521
   -0.8075    0.5860   -0.0681
   -0.4790   -0.5838    0.6555
...    55 T-A ...
 -117.7734  -57.9484  108.7710
   -0.1531    0.7952    0.5868
   -0.8723    0.1703   -0.4584
   -0.4644   -0.5820    0.6675
...    56 A-T ...
 -119.8898  -60.0942  110.5120
   -0.7576    0.6307    0.1680
   -0.5115   -0.4138   -0.7531
   -0.4055   -0.6565    0.6361
...    57 T-A ...
 -120.9807  -61.8567  113.1238
   -0.9277    0.2894   -0.2358
   -0.0244   -0.6774   -0.7352
   -0.3725   -0.6763    0.6356
...    58 C-G ...
 -122.1843  -64.0413  115.3239
   -0.7427   -0.1898   -0.6421
    0.5629   -0.6963   -0.4453
   -0.3626   -0.6922    0.6240
...    59 T-A ...
 -123.6393  -66.1964  117.4392
   -0.2857   -0.5044   -0.8148
    0.8854   -0.4643   -0.0230
   -0.3667   -0.7280    0.5792
...    60 C-G ...
 -124.8984  -68.5380  119.3993
    0.3269   -0.6400   -0.6953
    0.8841   -0.0529    0.4644
   -0.3340   -0.7665    0.5485
...    61 G-C ...
 -125.7209  -71.1315  121.4260
    0.8144   -0.4222   -0.3980
    0.5415    0.3066    0.7828
   -0.2085   -0.8531    0.4783
...    62 A-T ...
 -126.3181  -73.9825  122.9139
    0.9899   -0.0925    0.1075
   -0.0511    0.4744    0.8788
   -0.1323   -0.8754    0.4649
...    63 G-C ...
 -126.4937  -77.0151  124.2449
    0.8117    0.2590    0.5236
   -0.5833    0.4076    0.7026
   -0.0315   -0.8757    0.4819
...    64 C-G ...
 -126.0158  -79.9430  125.7655
    0.3447    0.4778    0.8080
   -0.9381    0.1442    0.3150
    0.0340   -0.8666    0.4979
...    65 T-A ...
 -125.5181  -82.7167  127.5576
   -0.2392    0.4996    0.8326
   -0.9671   -0.1989   -0.1585
    0.0864   -0.8431    0.5307
...    66 C-G ...
 -125.1890  -85.4033  129.4855
   -0.7859    0.2448    0.5679
   -0.6065   -0.4841   -0.6307
    0.1206   -0.8401    0.5289
...    67 G-C ...
 -125.0212  -88.4917  130.8856
   -0.9948   -0.0828    0.0591
   -0.0049   -0.5415   -0.8407
    0.1016   -0.8366    0.5382
...    68 G-C ...
 -124.5914  -91.2091  132.9043
   -0.8169   -0.3474   -0.4604
    0.5706   -0.3704   -0.7329
    0.0841   -0.8615    0.5008
...    69 G-C ...
 -124.2950  -93.9899  134.8596
   -0.3516   -0.4308   -0.8311
    0.9312   -0.0697   -0.3578
    0.0962   -0.8997    0.4257
...    70 A-T ...
 -123.9890  -96.8731  136.4070
    0.2682   -0.3314   -0.9046
    0.9528    0.2299    0.1983
    0.1423   -0.9151    0.3774
...    71 T-A ...
 -124.0543 -100.0079  137.3181
    0.7077   -0.1259   -0.6952
    0.6837    0.3699    0.6290
    0.1779   -0.9205    0.3479
...    72 C-G ...
 -123.3936 -103.0309  138.3504
    0.9534    0.2019   -0.2242
    0.1433    0.3509    0.9254
    0.2655   -0.9144    0.3056
...    73 C-G ...
 -122.1136 -106.0595  139.0537
    0.8339    0.4731    0.2842
   -0.3806    0.1201    0.9169
    0.3997   -0.8728    0.2802
...    74 G-C ...
 -120.4965 -108.6921  140.4855
    0.4128    0.5535    0.7233
   -0.7307   -0.2729    0.6258
    0.5438   -0.7868    0.2918
...    75 C-G ...
 -118.2194 -110.9201  141.5466
   -0.0856    0.3142    0.9455
   -0.8001   -0.5872    0.1227
    0.5937   -0.7460    0.3017
...    76 T-A ...
 -116.0008 -113.1335  142.7508
   -0.5230   -0.0760    0.8489
   -0.5797   -0.6984   -0.4197
    0.6248   -0.7116    0.3213
...    77 C-G ...
 -113.8846 -115.4270  143.9338
   -0.7433   -0.5300    0.4081
   -0.1213   -0.4932   -0.8614
    0.6578   -0.6898    0.3023
...    78 A-T ...
 -111.5501 -117.7748  144.4360
   -0.6609   -0.7149   -0.2283
    0.3560   -0.0308   -0.9340
    0.6607   -0.6985    0.2749
...    79 T-A ...
 -109.6902 -120.1005  145.9241
   -0.3518   -0.6390   -0.6840
    0.6323    0.3766   -0.6770
    0.6902   -0.6707    0.2716
...    80 G-C ...
 -107.1496 -122.1606  146.7104
    0.0152   -0.2179   -0.9759
    0.6994    0.6998   -0.1454
    0.7146   -0.6803    0.1630
...    81 T-A ...
 -105.2134 -124.7969  147.1184
    0.3353    0.2378   -0.9116
    0.5707    0.7186    0.3973
    0.7496   -0.6535    0.1052
...    82 T-A ...
 -102.8105 -126.9361  147.3032
    0.5374    0.6569   -0.5289
    0.2855    0.4484    0.8470
    0.7935   -0.6062    0.0535
...    83 A-T ...
  -99.9673 -128.7026  147.1649
    0.4436    0.8954    0.0370
   -0.0051   -0.0388    0.9992
    0.8962   -0.4435   -0.0127
...    84 T-A ...
  -96.9776 -129.8457  146.4999
    0.3488    0.7625    0.5449
   -0.2056   -0.5050    0.8383
    0.9144   -0.4044   -0.0193
...    85 A-T ...
  -93.9055 -131.2527  146.7590
    0.1240    0.2694    0.9550
   -0.3251   -0.8983    0.2956
    0.9375   -0.3471   -0.0238
...    86 A-T ...
  -90.7367 -132.0590  146.6839
   -0.0393   -0.3474    0.9369
   -0.3218   -0.8833   -0.3410
    0.9460   -0.3149   -0.0771
...    87 C-G ...
  -87.3832 -132.5921  146.8343
   -0.1827   -0.7891    0.5865
   -0.2351   -0.5441   -0.8054
    0.9547   -0.2850   -0.0861
...    88 G-C ...
  -84.2671 -133.6214  145.9807
   -0.3023   -0.9530   -0.0213
   -0.0894    0.0505   -0.9947
    0.9490   -0.2988   -0.1004
...    89 G-C ...
  -80.9585 -134.4286  145.8419
   -0.3425   -0.7344   -0.5859
    0.0623    0.6045   -0.7942
    0.9374   -0.3085   -0.1613
...    90 A-T ...
  -77.8038 -135.3244  145.4923
   -0.2687   -0.2073   -0.9406
    0.2168    0.9385   -0.2688
    0.9385   -0.2762   -0.2072
...    91 T-A ...
  -74.9623 -136.8114  144.8194
   -0.1480    0.3116   -0.9386
    0.3100    0.9159    0.2552
    0.9392   -0.2532   -0.2321
...    92 T-A ...
  -71.9866 -137.6908  143.9392
   -0.0126    0.7941   -0.6076
    0.3408    0.5747    0.7440
    0.9400   -0.1977   -0.2779
...    93 T-A ...
  -69.0065 -138.2551  142.8494
    0.1138    0.9919   -0.0570
    0.3101    0.0190    0.9505
    0.9439   -0.1258   -0.3055
...    94 A-T ...
  -65.8284 -138.2678  141.7825
    0.1423    0.8255    0.5461
    0.2590   -0.5636    0.7844
    0.9553    0.0298   -0.2940
...    95 A-T ...
  -62.7748 -137.8778  140.7482
    0.2641    0.3400    0.9026
    0.1606   -0.9382    0.3064
    0.9510    0.0641   -0.3024
...    96 C-G ...
  -59.6825 -136.9419  139.8132
    0.3088   -0.2276    0.9235
    0.0251   -0.9686   -0.2472
    0.9508    0.0995   -0.2934
...    97 A-T ...
  -56.5157 -136.9027  138.7448
    0.2420   -0.7751    0.5837
   -0.1385   -0.6230   -0.7698
    0.9603    0.1054   -0.2581
...    98 C-G ...
  -53.2030 -136.2507  138.4533
    0.1434   -0.9882    0.0530
   -0.2536   -0.0885   -0.9633
    0.9566    0.1247   -0.2633
...    99 T-A ...
  -49.9256 -135.8743  137.8311
   -0.0409   -0.8686   -0.4938
   -0.3052    0.4814   -0.8216
    0.9514    0.1171   -0.2848
...   100 T-A ...
  -46.7561 -135.5569  137.1315
   -0.1957   -0.4057   -0.8928
   -0.2534    0.9004   -0.3536
    0.9474    0.1570   -0.2790
...   101 T-A ...
  -43.6426 -135.2025  136.2820
   -0.3254    0.1991   -0.9244
   -0.1100    0.9630    0.2461
    0.9392    0.1818   -0.2915
...   102 A-T ...
  -40.5462 -134.3705  135.2791
   -0.4297    0.7170   -0.5489
    0.1247    0.6492    0.7503
    0.8943    0.2540   -0.3684
...   103 T-A ...
  -37.8669 -133.7698  133.5038
   -0.3377    0.9384   -0.0732
    0.3358    0.1928    0.9220
    0.8793    0.2868   -0.3802
...   104 G-C ...
  -34.9654 -132.4326  132.4200
   -0.1863    0.8314    0.5235
    0.5225   -0.3674    0.7694
    0.8320    0.4169   -0.3660
...   105 C-G ...
  -32.5241 -130.5631  131.1052
    0.1033    0.4613    0.8812
    0.5750   -0.7506    0.3256
    0.8116    0.4730   -0.3428
...   106 T-A ...
  -29.9924 -128.6137  130.1036
    0.3747   -0.0543    0.9256
    0.4618   -0.8547   -0.2371
    0.8039    0.5163   -0.2952
...   107 T-A ...
  -27.5147 -126.6606  129.2450
    0.6160   -0.5318    0.5812
    0.1430   -0.6500   -0.7464
    0.7747    0.5429   -0.3243
...   108 C-G ...
  -24.9343 -124.8044  128.2724
    0.5795   -0.8149   -0.0110
   -0.2703   -0.1794   -0.9459
    0.7688    0.5511   -0.3243
...   109 C-G ...
  -22.2410 -122.9215  127.3917
    0.2781   -0.7970   -0.5361
   -0.5549    0.3223   -0.7670
    0.7841    0.5107   -0.3526
...   110 G-C ...
  -19.9471 -120.8554  125.9588
   -0.1730   -0.4983   -0.8496
   -0.6244    0.7226   -0.2966
    0.7617    0.4792   -0.4361
...   111 G-C ...
  -17.2672 -119.3614  124.5395
   -0.5625   -0.0452   -0.8255
   -0.4226    0.8739    0.2401
    0.7106    0.4840   -0.5107
...   112 C-G ...
  -14.8431 -118.1176  122.6341
   -0.7446    0.4204   -0.5185
   -0.0356    0.7507    0.6597
    0.6666    0.5096   -0.5440
...   113 T-A ...
  -12.8397 -116.4917  120.5405
   -0.6972    0.7163   -0.0295
    0.3927    0.4161    0.8201
    0.5997    0.5602   -0.5714
...   114 C-G ...
  -11.0297 -114.5297  118.6253
   -0.3506    0.7950    0.4950
    0.7480   -0.0803    0.6588
    0.5635    0.6012   -0.5665
...   115 G-C ...
   -8.9540 -112.3209  117.1018
    0.0855    0.5341    0.8411
    0.8502   -0.4793    0.2180
    0.5196    0.6964   -0.4950
...   116 T-A ...
   -7.7518 -109.5959  115.5868
    0.5228    0.1729    0.8347
    0.6756   -0.6812   -0.2821
    0.5198    0.7114   -0.4729
...   117 A-T ...
   -5.8279 -107.4711  113.7449
    0.8520   -0.2980    0.4304
    0.1664   -0.6254   -0.7623
    0.4964    0.7211   -0.4833
...   118 T-A ...
   -4.2117 -104.7448  112.7573
    0.8214   -0.5687   -0.0440
   -0.3085   -0.3779   -0.8729
    0.4798    0.7306   -0.4858
...   119 A-T ...
   -3.0083 -102.2767  110.7101
    0.4238   -0.6510   -0.6298
   -0.7857    0.0816   -0.6132
    0.4506    0.7547   -0.4769
...   120 A-T ...
   -1.3474  -99.8618  109.2870
   -0.1181   -0.4631   -0.8784
   -0.8897    0.4423   -0.1135
    0.4410    0.7681   -0.4643
...   121 T-A ...
    0.6307  -97.7379  107.7144
   -0.5652   -0.1638   -0.8085
   -0.6992    0.6153    0.3641
    0.4378    0.7711   -0.4623
...   122 G-C ...
    1.7878  -94.9556  106.2234
   -0.9069    0.1628   -0.3887
   -0.2163    0.6118    0.7609
    0.3617    0.7740   -0.5196
...   123 T-A ...
    2.8415  -92.7313  103.9879
   -0.8908    0.4426    0.1024
    0.3114    0.4306    0.8471
    0.3309    0.7865   -0.5214
...   124 G-C ...
    3.8772  -89.8872  102.5232
   -0.5590    0.5388    0.6302
    0.7892    0.1126    0.6038
    0.2543    0.8349   -0.4882
...   125 T-A ...
    4.0839  -87.0686  100.7461
   -0.0477    0.4912    0.8697
    0.9681   -0.1917    0.1613
    0.2459    0.8497   -0.4664
...   126 C-G ...
    4.8053  -84.1867   99.2962
    0.5450    0.2535    0.7992
    0.8004   -0.4412   -0.4059
    0.2497    0.8609   -0.4433
...   127 G-C ...
    5.9712  -81.4431   97.6788
    0.8809   -0.1348    0.4538
    0.3420   -0.4816   -0.8069
    0.3273    0.8660   -0.3782
...   128 A-T ...
    7.0342  -78.5380   96.5197
    0.8979   -0.4239   -0.1189
   -0.2619   -0.2973   -0.9182
    0.3539    0.8555   -0.3780
...   129 C-G ...
    8.5034  -75.6264   95.8339
    0.6018   -0.5419   -0.5867
   -0.7036   -0.0121   -0.7105
    0.3779    0.8404   -0.3886
...   130 C-G ...
   10.0489  -72.8862   94.5826
    0.0673   -0.5232   -0.8496
   -0.9106    0.3158   -0.2667
    0.4078    0.7915   -0.4551
...   131 A-T ...
   11.1326  -70.1416   92.9706
   -0.5227   -0.3035   -0.7966
   -0.7596    0.5900    0.2736
    0.3870    0.7482   -0.5390
...   132 A-T ...
   12.5011  -67.8698   91.0872
   -0.8680    0.1084   -0.4846
   -0.3023    0.6589    0.6889
    0.3940    0.7444   -0.5391
...   133 A-T ...
   13.7636  -65.5943   89.1283
   -0.8711    0.4910    0.0086
    0.2720    0.4678    0.8409
    0.4089    0.7349   -0.5411
...   134 T-A ...
   14.7385  -63.4258   86.8200
   -0.5923    0.6747    0.4404
    0.6886    0.1401    0.7115
    0.4183    0.7247   -0.5475
...   135 G-C ...
   15.7318  -61.4928   83.9331
    0.0341    0.7400    0.6717
    0.8636   -0.3601    0.3528
    0.5030    0.5681   -0.6514
...   136 T-A ...
   15.7849  -59.5604   80.7993
    0.5517    0.4998    0.6677
    0.6739   -0.7388   -0.0038
    0.4915    0.4520   -0.7444
...   137 G-C ...
   16.8386  -57.7218   78.2677
    0.8528   -0.0848    0.5153
    0.1507   -0.9048   -0.3983
    0.5000    0.4173   -0.7588
...   138 A-T ...
   18.4283  -55.5286   76.5300
    0.8547   -0.5006    0.1371
   -0.3188   -0.7148   -0.6224
    0.4096    0.4883   -0.7706
...   139 G-C ...
   20.4260  -54.3093   74.5421
    0.5847   -0.7389   -0.3347
   -0.7593   -0.3533   -0.5465
    0.2856    0.5737   -0.7676
...   140 C-G ...
   21.4271  -51.8265   72.7877
    0.1304   -0.7144   -0.6875
   -0.8897    0.2216   -0.3991
    0.4375    0.6637   -0.6067
...   141 G-C ...
   22.1522  -50.1494   67.4641
   -0.4682   -0.8748    0.1248
   -0.8494    0.4066   -0.3364
    0.2435   -0.2635   -0.9334
...   142 C-G ...
   22.3490  -51.2413   64.4935
   -0.8528   -0.5119   -0.1032
   -0.4975    0.8565   -0.1374
    0.1587   -0.0659   -0.9851
...   143 T-A ...
   24.0167  -51.6378   61.9249
   -0.9562    0.0401   -0.2898
    0.0524    0.9980   -0.0348
    0.2878   -0.0485   -0.9564
...   144 C-G ...
   24.8959  -52.7395   58.9874
   -0.7529    0.5560   -0.3520
    0.5214    0.8304    0.1965
    0.4016   -0.0356   -0.9151
...   145 A-T ...
   25.5277  -52.9803   55.8054
   -0.2442    0.9563   -0.1610
    0.8906    0.2869    0.3528
    0.3836   -0.0573   -0.9217
...   146 C-G ...
   25.2779  -52.5122   52.0797
    0.3204    0.9427   -0.0929
    0.8825   -0.2614    0.3909
    0.3443   -0.2072   -0.9157
...   147 A-T ...
   25.6240  -52.5939   48.6397
    0.8597    0.5097    0.0339
    0.4496   -0.7865    0.4233
    0.2424   -0.3487   -0.9053
