  147 base-pairs
...     1 T-A ...
    0.0000    0.0000    0.0000
    1.0000    0.0000    0.0000
    0.0000    1.0000    0.0000
    0.0000    0.0000    1.0000
...     2 G-C ...
   -0.5555   -1.1003    3.3981
    0.7749    0.6051    0.1828
   -0.5991    0.7953   -0.0929
   -0.2016   -0.0375    0.9787
...     3 T-A ...
   -0.6619   -3.0237    6.5348
    0.3046    0.9250    0.2271
   -0.8994    0.3578   -0.2510
   -0.3134   -0.1278    0.9410
...     4 G-C ...
   -1.1607   -3.8418    9.6940
   -0.3351    0.9421    0.0133
   -0.8752   -0.3061   -0.3746
   -0.3489   -0.1372    0.9271
...     5 A-T ...
   -1.3881   -3.6770   12.8999
   -0.7835    0.6162   -0.0801
   -0.5677   -0.7622   -0.3109
   -0.2527   -0.1981    0.9470
...     6 G-C ...
   -2.6236   -3.5448   15.7072
   -0.9923    0.0611   -0.1075
   -0.0294   -0.9610   -0.2748
   -0.1201   -0.2695    0.9555
...     7 C-G ...
   -2.3138   -3.7570   18.8866
   -0.8620   -0.4995   -0.0864
    0.5008   -0.8655    0.0073
   -0.0785   -0.0370    0.9962
...     8 G-C ...
   -3.9561   -6.8109   23.3205
   -0.2581   -0.3560   -0.8981
    0.6294   -0.7673    0.1233
   -0.7330   -0.5335    0.4221
...     9 C-G ...
   -6.1177   -8.9414   24.2385
    0.1143   -0.7320   -0.6716
    0.8123   -0.3203    0.4874
   -0.5720   -0.6013    0.5580
...    10 T-A ...
   -8.5041   -9.6771   26.0540
    0.4660   -0.8587   -0.2131
    0.6274    0.1508    0.7640
   -0.6239   -0.4897    0.6090
...    11 C-G ...
  -11.0625  -11.3174   27.2336
    0.6660   -0.6911    0.2808
    0.3382    0.6152    0.7121
   -0.6649   -0.3794    0.6435
...    12 A-T ...
  -13.0013  -13.1789   29.0658
    0.7188   -0.1490    0.6790
   -0.1787    0.9043    0.3876
   -0.6718   -0.4000    0.6235
...    13 C-G ...
  -14.1788  -15.9359   31.3399
    0.4052    0.2865    0.8682
   -0.5270    0.8492   -0.0343
   -0.7470   -0.4437    0.4951
...    14 A-T ...
  -15.9532  -18.1566   33.3080
   -0.1503    0.6873    0.7107
   -0.6106    0.5008   -0.6135
   -0.7776   -0.5261    0.3444
...    15 A-T ...
  -18.3970  -19.8390   34.6189
   -0.4580    0.8651    0.2045
   -0.4146   -0.0044   -0.9100
   -0.7864   -0.5016    0.3606
...    16 T-A ...
  -20.7764  -21.2399   36.4102
   -0.5951    0.7434   -0.3053
   -0.1240   -0.4602   -0.8791
   -0.7940   -0.4854    0.3661
...    17 T-A ...
  -23.3874  -22.6238   37.7750
   -0.5563    0.3230   -0.7656
    0.2424   -0.8182   -0.5213
   -0.7948   -0.4756    0.3769
...    18 T-A ...
  -26.0755  -23.9171   39.0984
   -0.3228   -0.2439   -0.9145
    0.5220   -0.8518    0.0430
   -0.7895   -0.4635    0.4023
...    19 A-T ...
  -28.3938  -25.8421   40.7650
    0.0694   -0.7857   -0.6147
    0.6117   -0.4533    0.6483
   -0.7880   -0.4210    0.4492
...    20 T-A ...
  -31.3669  -26.9980   41.7074
    0.3632   -0.9171   -0.1645
    0.4873    0.0365    0.8725
   -0.7941   -0.3970    0.4601
...    21 T-A ...
  -34.0958  -28.2702   42.9748
    0.5555   -0.7232    0.4104
    0.1851    0.5887    0.7869
   -0.8106   -0.3612    0.4609
...    22 C-G ...
  -36.8079  -29.4807   44.4488
    0.5683   -0.1983    0.7986
   -0.1893    0.9130    0.3615
   -0.8008   -0.3566    0.4812
...    23 G-C ...
  -39.6516  -30.2172   46.1767
    0.4328    0.4118    0.8019
   -0.4922    0.8532   -0.1725
   -0.7552   -0.3201    0.5720
...    24 C-G ...
  -41.8805  -31.5330   48.2850
    0.1175    0.8371    0.5343
   -0.6551    0.4697   -0.5918
   -0.7464   -0.2805    0.6035
...    25 A-T ...
  -44.5650  -32.2795   50.1774
   -0.2165    0.9762    0.0147
   -0.6201   -0.1259   -0.7743
   -0.7540   -0.1768    0.6326
...    26 A-T ...
  -46.9113  -32.7029   52.3887
   -0.5350    0.7158   -0.4488
   -0.3787   -0.6780   -0.6300
   -0.7552   -0.1671    0.6338
...    27 A-T ...
  -49.3376  -33.0042   54.5386
   -0.6578    0.1762   -0.7323
    0.0055   -0.9711   -0.2386
   -0.7531   -0.1609    0.6379
...    28 G-C ...
  -51.9672  -33.2151   56.6066
   -0.5035   -0.3845   -0.7737
    0.3549   -0.9085    0.2206
   -0.7878   -0.1635    0.5939
...    29 G-C ...
  -54.8376  -33.6000   58.3999
   -0.1570   -0.8211   -0.5488
    0.5582   -0.5322    0.6365
   -0.8147   -0.2065    0.5419
...    30 C-G ...
  -57.8012  -34.1908   59.8612
    0.2161   -0.9705   -0.1069
    0.5407    0.0279    0.8407
   -0.8130   -0.2395    0.5308
...    31 C-G ...
  -60.6464  -35.1410   61.4506
    0.5434   -0.7613    0.3537
    0.3061    0.5721    0.7610
   -0.7817   -0.3053    0.5439
...    32 G-C ...
  -63.1614  -35.8678   63.6274
    0.6926   -0.2480    0.6773
   -0.0878    0.9031    0.4204
   -0.7159   -0.3507    0.6037
...    33 G-C ...
  -65.4528  -37.2524   65.6953
    0.5741    0.3379    0.7458
   -0.4791    0.8773   -0.0286
   -0.6640   -0.3409    0.6655
...    34 C-G ...
  -67.3446  -38.6454   68.0726
    0.2286    0.7889    0.5704
   -0.7289    0.5271   -0.4369
   -0.6453   -0.3160    0.6955
...    35 C-G ...
  -69.3171  -39.5866   70.6636
   -0.1789    0.9695    0.1675
   -0.7491   -0.0238   -0.6620
   -0.6379   -0.2439    0.7305
...    36 C-G ...
  -71.3616  -40.1244   73.3229
   -0.5266    0.7986   -0.2915
   -0.5333   -0.5774   -0.6183
   -0.6621   -0.1701    0.7299
...    37 G-C ...
  -73.8502  -40.8823   75.5112
   -0.6740    0.3216   -0.6651
   -0.1441   -0.9402   -0.3086
   -0.7246   -0.1122    0.6800
...    38 A-T ...
  -76.2620  -41.1492   77.7617
   -0.6030   -0.3173   -0.7319
    0.2950   -0.9412    0.1650
   -0.7412   -0.1164    0.6611
...    39 C-G ...
  -78.9894  -41.0010   79.6888
   -0.3241   -0.7761   -0.5409
    0.5709   -0.6164    0.5423
   -0.7543   -0.1331    0.6429
...    40 A-T ...
  -81.3859  -41.5728   81.9843
    0.1519   -0.9733   -0.1723
    0.6336   -0.0379    0.7727
   -0.7586   -0.2266    0.6109
...    41 C-G ...
  -84.2273  -42.4603   83.4718
    0.4974   -0.8292    0.2550
    0.4397    0.4943    0.7499
   -0.7478   -0.2608    0.6105
...    42 G-C ...
  -86.5228  -43.1817   85.8768
    0.7386   -0.3536    0.5740
    0.0379    0.8718    0.4884
   -0.6731   -0.3389    0.6573
...    43 A-T ...
  -88.6701  -44.3805   88.0819
    0.6266    0.2623    0.7339
   -0.4346    0.8992    0.0497
   -0.6469   -0.3501    0.6775
...    44 C-G ...
  -90.3725  -46.0047   90.4525
    0.2980    0.7177    0.6293
   -0.7190    0.6024   -0.3466
   -0.6279   -0.3491    0.6956
...    45 T-A ...
  -92.2023  -47.1468   93.0126
   -0.1336    0.9439    0.3019
   -0.7813    0.0871   -0.6181
   -0.6097   -0.3184    0.7259
...    46 T-A ...
  -93.9777  -48.1713   95.5566
   -0.5996    0.7937   -0.1025
   -0.5385   -0.4949   -0.6820
   -0.5920   -0.3537    0.7241
...    47 A-T ...
  -96.0932  -49.8634   97.6770
   -0.8354    0.2293   -0.4995
    0.0253   -0.8918   -0.4517
   -0.5490   -0.3900    0.7392
...    48 C-G ...
  -98.0676  -50.5600  100.3011
   -0.6751   -0.2922   -0.6774
    0.4827   -0.8693   -0.1060
   -0.5579   -0.3985    0.7280
...    49 T-A ...
 -100.1682  -51.6976  102.6505
   -0.2591   -0.7003   -0.6651
    0.7751   -0.5617    0.2895
   -0.5763   -0.4405    0.6883
...    50 G-C ...
 -101.9465  -53.3554  104.9801
    0.3108   -0.8406   -0.4437
    0.7709   -0.0501    0.6350
   -0.5560   -0.5394    0.6324
...    51 T-A ...
 -104.1364  -55.2642  106.5664
    0.7053   -0.7060   -0.0649
    0.4797    0.4078    0.7769
   -0.5220   -0.5791    0.6263
...    52 A-T ...
 -105.7347  -57.1884  108.8180
    0.8951   -0.2534    0.3668
   -0.0706    0.7318    0.6779
   -0.4402   -0.6326    0.6372
...    53 G-C ...
 -106.9873  -59.5242  110.8324
    0.7375    0.2376    0.6322
   -0.5671    0.7262    0.3886
   -0.3668   -0.6451    0.6703
...    54 T-A ...
 -107.6313  -61.9781  112.9823
    0.3158    0.6096    0.7271
   -0.8868    0.4622   -0.0023
   -0.3375   -0.6440    0.6866
...    55 C-G ...
 -108.6299  -64.0094  115.4002
   -0.2993    0.7627    0.5733
   -0.9021   -0.0303   -0.4305
   -0.3109   -0.6460    0.6971
...    56 A-T ...
 -110.0145  -66.1891  117.5408
   -0.7829    0.5996    0.1656
   -0.5325   -0.5083   -0.6768
   -0.3217   -0.6181    0.7172
...    57 T-A ...
 -110.8168  -67.7727  120.3661
   -0.9578    0.2112   -0.1947
   -0.0269   -0.7409   -0.6711
   -0.2860   -0.6376    0.7153
...    58 G-C ...
 -111.7176  -70.1548  122.5467
   -0.7594   -0.2490   -0.6011
    0.5650   -0.7105   -0.4195
   -0.3226   -0.6582    0.6802
...    59 T-A ...
 -113.2342  -71.9386  124.9494
   -0.3177   -0.5772   -0.7522
    0.8955   -0.4433   -0.0381
   -0.3115   -0.6857    0.6578
...    60 T-A ...
 -114.4137  -74.0899  127.0757
    0.2755   -0.7079   -0.6504
    0.9171   -0.0093    0.3986
   -0.2882   -0.7063    0.6466
...    61 A-T ...
 -115.2985  -76.5498  129.1847
    0.7991   -0.4723   -0.3720
    0.5686    0.3928    0.7227
   -0.1952   -0.7890    0.5825
...    62 T-A ...
 -116.0968  -79.4214  130.5188
    0.9848   -0.1720    0.0262
    0.0775    0.5683    0.8192
   -0.1558   -0.8046    0.5730
...    63 A-T ...
 -116.3883  -82.0648  132.5714
    0.8415    0.2917    0.4547
   -0.5392    0.5060    0.6733
   -0.0337   -0.8117    0.5830
...    64 A-T ...
 -116.2435  -84.7535  134.3879
    0.3607    0.5336    0.7649
   -0.9327    0.2102    0.2932
   -0.0043   -0.8192    0.5735
...    65 C-G ...
 -115.5561  -87.4185  136.3166
   -0.2117    0.5597    0.8012
   -0.9769   -0.1467   -0.1557
    0.0304   -0.8156    0.5778
...    66 G-C ...
 -115.9832  -90.1693  138.2823
   -0.7604    0.3694    0.5341
   -0.6472   -0.4992   -0.5761
    0.0538   -0.7838    0.6187
...    67 G-C ...
 -115.7258  -92.6979  140.5576
   -0.9963    0.0221    0.0834
   -0.0790   -0.6215   -0.7794
    0.0346   -0.7831    0.6209
...    68 A-T ...
 -115.4453  -95.2261  142.7044
   -0.8270   -0.3792   -0.4151
    0.5586   -0.4711   -0.6826
    0.0633   -0.7964    0.6014
...    69 G-C ...
 -115.3929  -97.7881  144.8601
   -0.3763   -0.5307   -0.7594
    0.9231   -0.1440   -0.3567
    0.0800   -0.8352    0.5441
...    70 T-A ...
 -115.7201 -100.5220  146.7268
    0.1779   -0.4789   -0.8597
    0.9774    0.1871    0.0981
    0.1139   -0.8577    0.5014
...    71 A-T ...
 -115.3185 -103.4749  148.2674
    0.6843   -0.1353   -0.7165
    0.6964    0.4125    0.5872
    0.2161   -0.9008    0.3766
...    72 T-A ...
 -114.8825 -106.6267  148.9429
    0.9290    0.1432   -0.3413
    0.2574    0.4127    0.8738
    0.2660   -0.8995    0.3465
...    73 C-G ...
 -113.7676 -109.5167  149.9676
    0.8775    0.4290    0.2146
   -0.3249    0.2025    0.9238
    0.3529   -0.8803    0.3170
...    74 T-A ...
 -112.1997 -112.3174  150.8011
    0.5279    0.5323    0.6618
   -0.7185   -0.1356    0.6822
    0.4529   -0.8356    0.3109
...    75 C-G ...
 -110.4876 -114.8748  152.0065
   -0.0208    0.3377    0.9410
   -0.8638   -0.4800    0.1531
    0.5034   -0.8097    0.3018
...    76 G-C ...
 -109.2264 -117.7643  153.3103
   -0.5436   -0.0151    0.8392
   -0.6346   -0.6470   -0.4227
    0.5494   -0.7623    0.3421
...    77 A-T ...
 -107.2917 -120.2165  154.5031
   -0.7966   -0.4558    0.3971
   -0.1514   -0.4855   -0.8610
    0.5853   -0.7460    0.3177
...    78 G-C ...
 -105.2733 -122.5798  155.8032
   -0.7413   -0.6497   -0.1684
    0.3121   -0.1117   -0.9435
    0.5941   -0.7520    0.2855
...    79 C-G ...
 -103.3043 -124.9784  157.1333
   -0.4453   -0.5730   -0.6880
    0.6548    0.3157   -0.6867
    0.6107   -0.7563    0.2346
...    80 T-A ...
 -101.4401 -127.6142  157.9892
   -0.0579   -0.2440   -0.9680
    0.7723    0.6035   -0.1983
    0.6326   -0.7591    0.1536
...    81 C-G ...
  -99.3752 -130.1086  158.5555
    0.3579    0.2299   -0.9050
    0.6435    0.6416    0.4175
    0.6766   -0.7318    0.0817
...    82 G-C ...
  -96.8238 -132.3194  158.8397
    0.5077    0.6836   -0.5243
    0.3631    0.3821    0.8498
    0.7813   -0.6218   -0.0542
...    83 G-C ...
  -94.0597 -134.1300  158.1781
    0.5104    0.8592    0.0368
    0.0813   -0.0908    0.9925
    0.8561   -0.5036   -0.1162
...    84 G-C ...
  -90.9027 -135.2121  157.5484
    0.3755    0.7129    0.5922
   -0.1336   -0.5907    0.7958
    0.9171   -0.3780   -0.1266
...    85 A-T ...
  -87.7356 -136.1645  157.2633
    0.2025    0.2078    0.9570
   -0.2774   -0.9250    0.2595
    0.9392   -0.3180   -0.1296
...    86 T-A ...
  -84.4518 -136.5000  156.8298
    0.0600   -0.3275    0.9429
   -0.3301   -0.8980   -0.2909
    0.9420   -0.2938   -0.1620
...    87 C-G ...
  -81.2678 -137.3975  156.4315
   -0.1202   -0.8291    0.5461
   -0.2862   -0.4978   -0.8187
    0.9506   -0.2547   -0.1775
...    88 C-G ...
  -77.9734 -138.1750  156.0268
   -0.2797   -0.9596   -0.0313
   -0.1686    0.0812   -0.9823
    0.9452   -0.2695   -0.1845
...    89 G-C ...
  -74.7851 -138.6083  154.9146
   -0.3806   -0.7037   -0.6000
   -0.0179    0.6543   -0.7560
    0.9246   -0.2770   -0.2616
...    90 C-G ...
  -71.6645 -139.7063  154.3907
   -0.3705   -0.1992   -0.9072
    0.1627    0.9477   -0.2745
    0.9145   -0.2493   -0.3187
...    91 T-A ...
  -68.7288 -140.7415  153.2403
   -0.3112    0.3664   -0.8769
    0.3241    0.9083    0.2645
    0.8933   -0.2019   -0.4015
...    92 T-A ...
  -65.9239 -141.4486  151.8148
   -0.1370    0.8296   -0.5413
    0.4452    0.5397    0.7145
    0.8849   -0.1431   -0.4433
...    93 T-A ...
  -63.1593 -141.8248  150.2025
    0.0728    0.9973   -0.0095
    0.4656   -0.0255    0.8846
    0.8820   -0.0688   -0.4662
...    94 A-T ...
  -60.2314 -141.6184  148.5845
    0.1993    0.8009    0.5647
    0.4078   -0.5917    0.6954
    0.8911    0.0917   -0.4445
...    95 A-T ...
  -57.4126 -141.0219  147.0874
    0.3947    0.3064    0.8662
    0.2472   -0.9434    0.2211
    0.8849    0.1268   -0.4481
...    96 C-G ...
  -54.5616 -139.8851  145.7188
    0.4638   -0.2561    0.8482
    0.0254   -0.9531   -0.3016
    0.8856    0.1614   -0.4355
...    97 A-T ...
  -51.6109 -139.6176  144.1754
    0.3633   -0.7869    0.4988
   -0.2316   -0.5949   -0.7697
    0.9024    0.1641   -0.3984
...    98 C-G ...
  -48.4188 -138.7901  143.4095
    0.1913   -0.9814   -0.0171
   -0.3962   -0.0612   -0.9161
    0.8980    0.1820   -0.4005
...    99 T-A ...
  -45.2970 -138.2332  142.3152
   -0.0796   -0.8501   -0.5205
   -0.4470    0.4972   -0.7436
    0.8910    0.1735   -0.4196
...   100 T-A ...
  -42.2859 -137.7424  141.1625
   -0.3108   -0.3819   -0.8704
   -0.3414    0.8995   -0.2727
    0.8871    0.2124   -0.4099
...   101 T-A ...
  -39.3508 -137.2155  139.8764
   -0.4661    0.2161   -0.8579
   -0.1127    0.9473    0.2998
    0.8775    0.2364   -0.4172
...   102 A-T ...
  -36.4714 -136.2000  138.4773
   -0.5309    0.7162   -0.4531
    0.2047    0.6272    0.7515
    0.8224    0.3062   -0.4795
...   103 T-A ...
  -34.0949 -135.4213  136.3682
   -0.3799    0.9249    0.0119
    0.4541    0.1753    0.8735
    0.8059    0.3373   -0.4866
...   104 G-C ...
  -31.4313 -133.9310  134.9357
   -0.1453    0.8051    0.5751
    0.6361   -0.3692    0.6775
    0.7578    0.4643   -0.4584
...   105 C-G ...
  -29.2670 -131.9268  133.3671
    0.2011    0.4375    0.8765
    0.6412   -0.7352    0.2199
    0.7406    0.5177   -0.4283
...   106 T-A ...
  -26.9694 -129.8413  132.1157
    0.4906   -0.0659    0.8689
    0.4602   -0.8271   -0.3226
    0.7400    0.5581   -0.3754
...   107 T-A ...
  -24.6923 -127.7665  131.0264
    0.6996   -0.5232    0.4866
    0.0762   -0.6225   -0.7789
    0.7104    0.5820   -0.3956
...   108 C-G ...
  -22.3080 -125.7936  129.8240
    0.6018   -0.7922   -0.1009
   -0.3701   -0.1647   -0.9143
    0.7077    0.5876   -0.3924
...   109 C-G ...
  -19.7835 -123.8116  128.7026
    0.2433   -0.7735   -0.5852
   -0.6454    0.3213   -0.6930
    0.7240    0.5463   -0.4211
...   110 G-C ...
  -17.7197 -121.6567  127.0735
   -0.2459   -0.4836   -0.8400
   -0.6725    0.7092   -0.2115
    0.6981    0.5129   -0.4996
...   111 G-C ...
  -15.2456 -120.0589  125.4138
   -0.6410   -0.0432   -0.7663
   -0.4198    0.8556    0.3029
    0.6426    0.5159   -0.5666
...   112 C-G ...
  -13.0578 -118.6998  123.3098
   -0.8019    0.4112   -0.4334
    0.0100    0.7346    0.6785
    0.5973    0.5397   -0.5932
...   113 T-A ...
  -11.3030 -116.9778  121.0733
   -0.7132    0.6989    0.0528
    0.4581    0.4078    0.7899
    0.5305    0.5875   -0.6110
...   114 C-G ...
   -9.7164 -114.9411  119.0409
   -0.3213    0.7757    0.5431
    0.8061   -0.0770    0.5868
    0.4970    0.6263   -0.6006
...   115 G-C ...
   -7.8278 -112.6732  117.3755
    0.1460    0.5173    0.8432
    0.8744   -0.4662    0.1346
    0.4628    0.7177   -0.5204
...   116 T-A ...
   -6.8093 -109.8965  115.8280
    0.5847    0.1654    0.7942
    0.6633   -0.6612   -0.3506
    0.4671    0.7318   -0.4963
...   117 A-T ...
   -5.0845 -107.6604  113.9413
    0.8810   -0.2935    0.3710
    0.1288   -0.6059   -0.7851
    0.4552    0.7394   -0.4960
...   118 T-A ...
   -3.5666 -104.8937  112.9223
    0.8247   -0.5562   -0.1024
   -0.3526   -0.3641   -0.8620
    0.4422    0.7470   -0.4964
...   119 A-T ...
   -2.4558 -102.3817  110.8963
    0.3998   -0.6408   -0.6554
   -0.8134    0.0815   -0.5759
    0.4225    0.7633   -0.4887
...   120 A-T ...
   -0.8731  -99.9450  109.4233
   -0.1521   -0.4566   -0.8766
   -0.8968    0.4365   -0.0718
    0.4154    0.7752   -0.4759
...   121 T-A ...
    1.0250  -97.7953  107.7868
   -0.5964   -0.1610   -0.7864
   -0.6879    0.6074    0.3973
    0.4136    0.7779   -0.4730
...   122 G-C ...
    2.1064  -94.9991  106.2720
   -0.9217    0.1609   -0.3531
   -0.1908    0.6045    0.7734
    0.3379    0.7802   -0.5264
...   123 T-A ...
    3.0748  -92.7534  104.0168
   -0.8885    0.4379    0.1370
    0.3390    0.4255    0.8391
    0.3091    0.7920   -0.5265
...   124 G-C ...
    4.0557  -89.9018  102.5361
   -0.5405    0.5321    0.6517
    0.8076    0.1108    0.5793
    0.2361    0.8394   -0.4896
...   125 T-A ...
    4.2019  -87.0743  100.7696
   -0.0239    0.4847    0.8744
    0.9730   -0.1897    0.1318
    0.2298    0.8539   -0.4670
...   126 C-G ...
    4.8724  -84.1842   99.3171
    0.5645    0.2488    0.7871
    0.7909   -0.4359   -0.4295
    0.2362    0.8649   -0.4428
...   127 G-C ...
    5.9891  -81.4256   97.6977
    0.8898   -0.1374    0.4351
    0.3263   -0.4751   -0.8172
    0.3190    0.8691   -0.3779
...   128 A-T ...
    7.0330  -78.5149   96.5446
    0.8957   -0.4234   -0.1358
   -0.2764   -0.2909   -0.9160
    0.3483    0.8580   -0.3776
...   129 C-G ...
    8.4994  -75.6058   95.8562
    0.5939   -0.5392   -0.5971
   -0.7123   -0.0075   -0.7018
    0.3740    0.8421   -0.3886
...   130 C-G ...
   10.0473  -72.8704   94.5982
    0.0588   -0.5199   -0.8522
   -0.9124    0.3184   -0.2572
    0.4050    0.7927   -0.4556
...   131 A-T ...
   11.1367  -70.1330   92.9834
   -0.5279   -0.3015   -0.7940
   -0.7572    0.5906    0.2791
    0.3847    0.7485   -0.5401
...   132 A-T ...
   12.5025  -67.8646   91.0936
   -0.8697    0.1097   -0.4813
   -0.2992    0.6584    0.6907
    0.3927    0.7446   -0.5398
...   133 A-T ...
   13.7635  -65.5925   89.1294
   -0.8708    0.4915    0.0101
    0.2735    0.4673    0.8407
    0.4085    0.7349   -0.5414
...   134 T-A ...
   14.7384  -63.4258   86.8199
   -0.5923    0.6747    0.4404
    0.6886    0.1401    0.7115
    0.4183    0.7247   -0.5475
...   135 G-C ...
   15.7317  -61.4927   83.9330
    0.0341    0.7400    0.6717
    0.8636   -0.3601    0.3528
    0.5030    0.5681   -0.6514
...   136 T-A ...
   15.7848  -59.5603   80.7992
    0.5517    0.4998    0.6677
    0.6739   -0.7388   -0.0038
    0.4915    0.4520   -0.7444
...   137 G-C ...
   16.8385  -57.7218   78.2676
    0.8528   -0.0848    0.5153
    0.1507   -0.9048   -0.3983
    0.5000    0.4173   -0.7588
...   138 A-T ...
   18.4282  -55.5286   76.5299
    0.8547   -0.5006    0.1371
   -0.3188   -0.7148   -0.6224
    0.4096    0.4883   -0.7706
...   139 G-C ...
   20.4259  -54.3092   74.5420
    0.5847   -0.7389   -0.3347
   -0.7593   -0.3533   -0.5465
    0.2856    0.5737   -0.7676
...   140 C-G ...
   21.4269  -51.8265   72.7876
    0.1304   -0.7144   -0.6875
   -0.8897    0.2216   -0.3991
    0.4375    0.6637   -0.6067
...   141 G-C ...
   22.1521  -50.1494   67.4640
   -0.4682   -0.8748    0.1248
   -0.8494    0.4066   -0.3364
    0.2435   -0.2635   -0.9334
...   142 C-G ...
   22.3488  -51.2413   64.4933
   -0.8528   -0.5119   -0.1032
   -0.4975    0.8565   -0.1374
    0.1587   -0.0659   -0.9851
...   143 T-A ...
   24.0166  -51.6377   61.9248
   -0.9562    0.0401   -0.2898
    0.0524    0.9980   -0.0348
    0.2878   -0.0485   -0.9564
...   144 C-G ...
   24.8958  -52.7394   58.9873
   -0.7529    0.5560   -0.3520
    0.5214    0.8304    0.1965
    0.4016   -0.0356   -0.9151
...   145 A-T ...
   25.5275  -52.9802   55.8053
   -0.2442    0.9563   -0.1610
    0.8906    0.2869    0.3528
    0.3836   -0.0573   -0.9217
...   146 C-G ...
   25.2778  -52.5121   52.0796
    0.3204    0.9427   -0.0929
    0.8825   -0.2614    0.3909
    0.3443   -0.2072   -0.9157
...   147 A-T ...
   25.6238  -52.5939   48.6396
    0.8597    0.5097    0.0339
    0.4496   -0.7865    0.4233
    0.2424   -0.3487   -0.9053
