  147 base-pairs
...     1 T-A ...
    0.0000    0.0000    0.0000
    1.0000    0.0000    0.0000
    0.0000    1.0000    0.0000
    0.0000    0.0000    1.0000
...     2 G-C ...
   -0.5555   -1.1003    3.3981
    0.7749    0.6051    0.1828
   -0.5991    0.7953   -0.0929
   -0.2016   -0.0375    0.9787
...     3 T-A ...
   -0.6619   -3.0237    6.5348
    0.3046    0.9250    0.2271
   -0.8994    0.3578   -0.2510
   -0.3134   -0.1278    0.9410
...     4 G-C ...
   -1.1607   -3.8418    9.6940
   -0.3351    0.9421    0.0133
   -0.8752   -0.3061   -0.3746
   -0.3489   -0.1372    0.9271
...     5 A-T ...
   -1.3881   -3.6770   12.8999
   -0.7835    0.6162   -0.0801
   -0.5677   -0.7622   -0.3109
   -0.2527   -0.1981    0.9470
...     6 G-C ...
   -2.6236   -3.5448   15.7072
   -0.9923    0.0611   -0.1075
   -0.0294   -0.9610   -0.2748
   -0.1201   -0.2695    0.9555
...     7 C-G ...
   -2.3138   -3.7570   18.8866
   -0.8620   -0.4995   -0.0864
    0.5008   -0.8655    0.0073
   -0.0785   -0.0370    0.9962
...     8 G-C ...
   -3.9561   -6.8109   23.3205
   -0.2581   -0.3560   -0.8981
    0.6294   -0.7673    0.1233
   -0.7330   -0.5335    0.4221
...     9 C-G ...
   -6.1177   -8.9414   24.2385
    0.1143   -0.7320   -0.6716
    0.8123   -0.3203    0.4874
   -0.5720   -0.6013    0.5580
...    10 T-A ...
   -8.5041   -9.6771   26.0540
    0.4660   -0.8587   -0.2131
    0.6274    0.1508    0.7640
   -0.6239   -0.4897    0.6090
...    11 C-G ...
  -11.0625  -11.3174   27.2336
    0.6660   -0.6911    0.2808
    0.3382    0.6152    0.7121
   -0.6649   -0.3794    0.6435
...    12 A-T ...
  -13.0013  -13.1789   29.0658
    0.7188   -0.1490    0.6790
   -0.1787    0.9043    0.3876
   -0.6718   -0.4000    0.6235
...    13 C-G ...
  -14.1788  -15.9359   31.3399
    0.4052    0.2865    0.8682
   -0.5270    0.8492   -0.0343
   -0.7470   -0.4437    0.4951
...    14 A-T ...
  -15.9532  -18.1566   33.3080
   -0.1503    0.6873    0.7107
   -0.6106    0.5008   -0.6135
   -0.7776   -0.5261    0.3444
...    15 A-T ...
  -18.4965  -19.7924   34.5005
   -0.4501    0.8726    0.1896
   -0.4096   -0.0131   -0.9122
   -0.7935   -0.4883    0.3633
...    16 T-A ...
  -20.9042  -21.2317   36.4008
   -0.6257    0.7039   -0.3362
   -0.0876   -0.4917   -0.8663
   -0.7751   -0.5126    0.3693
...    17 T-A ...
  -23.4443  -22.6521   37.9271
   -0.5823    0.2520   -0.7729
    0.3040   -0.8143   -0.4945
   -0.7540   -0.5229    0.3975
...    18 T-A ...
  -26.0284  -24.1344   39.2998
   -0.3042   -0.2837   -0.9094
    0.5862   -0.8082    0.0560
   -0.7508   -0.5161    0.4122
...    19 A-T ...
  -28.4469  -26.0684   40.9201
    0.1359   -0.7995   -0.5851
    0.6440   -0.3775    0.6654
   -0.7529   -0.4672    0.4636
...    20 T-A ...
  -31.3591  -27.3617   41.9673
    0.4272   -0.8984   -0.1018
    0.4805    0.1302    0.8673
   -0.7659   -0.4195    0.4873
...    21 T-A ...
  -33.9740  -28.7660   43.3112
    0.5941   -0.6521    0.4709
    0.1232    0.6523    0.7478
   -0.7949   -0.3863    0.4679
...    22 C-G ...
  -36.6236  -29.9974   44.8643
    0.5640   -0.1135    0.8179
   -0.2661    0.9127    0.3101
   -0.7817   -0.3926    0.4846
...    23 G-C ...
  -39.5074  -30.6842   46.5559
    0.4388    0.4769    0.7616
   -0.5410    0.8169   -0.1998
   -0.7175   -0.3244    0.6165
...    24 C-G ...
  -41.6221  -32.0371   48.6794
    0.1314    0.8550    0.5016
   -0.6852    0.4440   -0.5774
   -0.7164   -0.2678    0.6442
...    25 A-T ...
  -44.3576  -32.7997   50.4518
   -0.2346    0.9721    0.0030
   -0.6376   -0.1515   -0.7553
   -0.7338   -0.1790    0.6554
...    26 A-T ...
  -46.7345  -33.2127   52.6794
   -0.5452    0.7052   -0.4532
   -0.3930   -0.6926   -0.6049
   -0.7405   -0.1517    0.6548
...    27 A-T ...
  -49.0354  -33.4140   54.9889
   -0.6762    0.1632   -0.7184
    0.0024   -0.9747   -0.2236
   -0.7367   -0.1529    0.6587
...    28 G-C ...
  -51.6800  -33.4329   57.1271
   -0.5251   -0.3886   -0.7571
    0.3513   -0.9093    0.2231
   -0.7751   -0.1488    0.6140
...    29 G-C ...
  -54.5870  -33.7680   58.9868
   -0.1733   -0.8427   -0.5098
    0.5749   -0.5068    0.6424
   -0.7997   -0.1817    0.5723
...    30 C-G ...
  -57.4340  -34.3697   60.5448
    0.2168   -0.9736   -0.0709
    0.5544    0.0630    0.8299
   -0.8035   -0.2192    0.5535
...    31 C-G ...
  -60.3130  -35.0295   62.2038
    0.5380   -0.7502    0.3845
    0.3229    0.6047    0.7280
   -0.7787   -0.2675    0.5676
...    32 G-C ...
  -62.6316  -35.5737   64.2428
    0.6952   -0.2817    0.6614
   -0.0296    0.9080    0.4180
   -0.7182   -0.3102    0.6228
...    33 G-C ...
  -64.8088  -36.7892   66.5024
    0.5977    0.3074    0.7405
   -0.4314    0.9018   -0.0261
   -0.6758   -0.3038    0.6716
...    34 C-G ...
  -66.8144  -38.0302   68.8004
    0.2780    0.7815    0.5586
   -0.6987    0.5636   -0.4407
   -0.6592   -0.2678    0.7027
...    35 C-G ...
  -68.7742  -38.6912   71.5215
   -0.1293    0.9787    0.1597
   -0.7463    0.0101   -0.6656
   -0.6530   -0.2053    0.7290
...    36 C-G ...
  -70.8500  -39.1150   74.1699
   -0.5020    0.8134   -0.2939
   -0.5635   -0.5654   -0.6023
   -0.6561   -0.1367    0.7422
...    37 G-C ...
  -73.3298  -40.3637   76.2154
   -0.6861    0.3486   -0.6386
   -0.1734   -0.9308   -0.3218
   -0.7066   -0.1101    0.6990
...    38 A-T ...
  -75.5385  -40.6706   78.4998
   -0.6503   -0.2767   -0.7075
    0.2777   -0.9534    0.1177
   -0.7071   -0.1199    0.6969
...    39 C-G ...
  -78.1126  -40.7141   80.4382
   -0.3717   -0.7365   -0.5652
    0.5688   -0.6618    0.4883
   -0.7337   -0.1400    0.6649
...    40 A-T ...
  -80.6530  -41.3226   82.6000
    0.0969   -0.9743   -0.2034
    0.6665   -0.0883    0.7403
   -0.7392   -0.2073    0.6408
...    41 C-G ...
  -83.3223  -42.3222   84.3089
    0.4669   -0.8627    0.1946
    0.5017    0.4396    0.7450
   -0.7282   -0.2502    0.6380
...    42 G-C ...
  -85.5008  -42.8825   86.7927
    0.7187   -0.4023    0.5672
    0.0929    0.8639    0.4950
   -0.6891   -0.3030    0.6583
...    43 A-T ...
  -87.7496  -43.8739   88.8284
    0.6312    0.1965    0.7503
   -0.3500    0.9354    0.0495
   -0.6921   -0.2939    0.6592
...    44 C-G ...
  -89.6823  -45.3765   91.0590
    0.3668    0.6866    0.6277
   -0.6522    0.6710   -0.3528
   -0.6634   -0.2800    0.6939
...    45 T-A ...
  -91.5307  -46.5712   93.9280
   -0.0609    0.9600    0.2734
   -0.7492    0.1370   -0.6480
   -0.6595   -0.2444    0.7109
...    46 T-A ...
  -93.4883  -47.3615   96.3657
   -0.4711    0.8734   -0.1233
   -0.5782   -0.4113   -0.7047
   -0.6662   -0.2607    0.6987
...    47 A-T ...
  -95.9062  -48.4615   98.4894
   -0.7372    0.3884   -0.5529
   -0.1259   -0.8829   -0.4524
   -0.6639   -0.2639    0.6997
...    48 C-G ...
  -98.1649  -48.6588  100.9549
   -0.6714   -0.1482   -0.7261
    0.2906   -0.9540   -0.0740
   -0.6817   -0.2607    0.6836
...    49 T-A ...
 -100.6856  -49.0267  103.1990
   -0.3358   -0.6271   -0.7028
    0.6018   -0.7168    0.3521
   -0.7246   -0.3048    0.6181
...    50 C-G ...
 -103.0971  -50.2470  105.0399
    0.1190   -0.9052   -0.4080
    0.6703   -0.2299    0.7056
   -0.7325   -0.3574    0.5794
...    51 A-T ...
 -105.6213  -51.2869  107.0802
    0.5633   -0.8262   -0.0079
    0.4526    0.3006    0.8395
   -0.6913   -0.4764    0.5433
...    52 T-A ...
 -107.9519  -53.1245  108.4516
    0.7529   -0.5273    0.3939
    0.0875    0.6733    0.7342
   -0.6523   -0.5183    0.5530
...    53 G-C ...
 -110.0769  -55.0271  110.4179
    0.7030    0.0457    0.7098
   -0.4182    0.8338    0.3605
   -0.5753   -0.5502    0.6052
...    54 T-A ...
 -111.6106  -57.3381  112.3757
    0.3450    0.5012    0.7936
   -0.7483    0.6573   -0.0898
   -0.5666   -0.5628    0.6018
...    55 T-A ...
 -113.2560  -59.2703  114.3687
   -0.1829    0.7728    0.6077
   -0.8144    0.2272   -0.5340
   -0.5508   -0.5926    0.5878
...    56 A-T ...
 -115.4170  -61.4138  116.0959
   -0.7383    0.6652    0.1119
   -0.4446   -0.3550   -0.8224
   -0.5073   -0.6569    0.5578
...    57 T-A ...
 -116.8680  -63.1824  118.4727
   -0.8782    0.3585   -0.3168
    0.0151   -0.6410   -0.7674
   -0.4781   -0.6787    0.5575
...    58 A-T ...
 -118.3017  -65.7604  120.3170
   -0.6539   -0.2104   -0.7267
    0.6271   -0.6881   -0.3651
   -0.4232   -0.6944    0.5819
...    59 A-T ...
 -119.7831  -67.8809  122.2254
   -0.1653   -0.5685   -0.8059
    0.9017   -0.4181    0.1099
   -0.3995   -0.7085    0.5817
...    60 C-G ...
 -121.7035  -70.0573  123.9909
    0.3787   -0.6824   -0.6253
    0.8454   -0.0199    0.5337
   -0.3766   -0.7307    0.5694
...    61 G-C ...
 -122.4633  -72.5726  125.9474
    0.8343   -0.4533   -0.3137
    0.4871    0.3396    0.8046
   -0.2582   -0.8241    0.5041
...    62 G-C ...
 -122.8343  -75.5082  127.3848
    0.9906   -0.0906    0.1022
   -0.0484    0.4667    0.8831
   -0.1277   -0.8797    0.4580
...    63 A-T ...
 -123.1268  -78.5441  128.7129
    0.7659    0.2390    0.5969
   -0.6374    0.4039    0.6562
   -0.0842   -0.8830    0.4617
...    64 T-A ...
 -122.8225  -81.5488  129.9086
    0.3419    0.4152    0.8430
   -0.9372    0.2162    0.2737
   -0.0686   -0.8837    0.4631
...    65 G-C ...
 -122.9405  -84.5068  131.5894
   -0.3190    0.4896    0.8115
   -0.9470   -0.1296   -0.2940
   -0.0388   -0.8623    0.5050
...    66 T-A ...
 -122.7433  -87.0358  133.5788
   -0.7905    0.3164    0.5244
   -0.6124   -0.3940   -0.6854
   -0.0103   -0.8629    0.5052
...    67 A-T ...
 -122.8121  -90.6491  134.0363
   -0.9763   -0.2110   -0.0490
    0.1414   -0.4493   -0.8821
    0.1641   -0.8681    0.4685
...    68 G-C ...
 -122.2519  -93.4486  135.6544
   -0.7545   -0.3793   -0.5355
    0.6395   -0.2417   -0.7298
    0.1474   -0.8932    0.4249
...    69 G-C ...
 -122.3549  -96.5217  137.5060
   -0.2698   -0.3816   -0.8840
    0.9526    0.0280   -0.3029
    0.1404   -0.9239    0.3560
...    70 T-A ...
 -122.2732  -99.5536  138.6565
    0.2666   -0.2709   -0.9249
    0.9478    0.2478    0.2006
    0.1748   -0.9302    0.3229
...    71 A-T ...
 -122.0310 -102.9327  139.3749
    0.7312    0.0636   -0.6792
    0.6243    0.3389    0.7038
    0.2749   -0.9387    0.2081
...    72 T-A ...
 -121.3608 -106.0948  139.4456
    0.9277    0.2887   -0.2368
    0.1692    0.2402    0.9559
    0.3329   -0.9268    0.1740
...    73 C-G ...
 -119.9492 -109.2446  139.7933
    0.7992    0.4403    0.4091
   -0.4364   -0.0430    0.8987
    0.4133   -0.8968    0.1578
...    74 T-A ...
 -118.2206 -111.9982  140.2748
    0.3990    0.4102    0.8201
   -0.7734   -0.3300    0.5413
    0.4927   -0.8502    0.1855
...    75 C-G ...
 -116.8360 -114.7123  141.4466
   -0.1503    0.1221    0.9811
   -0.7944   -0.6057   -0.0463
    0.5885   -0.7863    0.1881
...    76 G-C ...
 -115.4275 -117.6868  142.0195
   -0.5851   -0.2575    0.7690
   -0.5136   -0.6162   -0.5971
    0.6276   -0.7443    0.2282
...    77 A-T ...
 -113.3331 -120.2551  142.6169
   -0.7527   -0.6207    0.2194
   -0.0263   -0.3046   -0.9521
    0.6578   -0.7224    0.2129
...    78 G-C ...
 -111.0622 -122.5685  143.2841
   -0.6231   -0.6979   -0.3530
    0.3683    0.1362   -0.9197
    0.6900   -0.7031    0.1722
...    79 C-G ...
 -108.8304 -125.0372  144.2402
   -0.2923   -0.4584   -0.8393
    0.6476    0.5509   -0.5264
    0.7037   -0.6974    0.1359
...    80 T-A ...
 -106.6071 -127.4840  144.7693
    0.0470   -0.0404   -0.9981
    0.6859    0.7277    0.0029
    0.7261   -0.6848    0.0619
...    81 C-G ...
 -104.1837 -129.8692  145.0423
    0.3878    0.4417   -0.8090
    0.5183    0.6213    0.5877
    0.7622   -0.6472    0.0120
...    82 G-C ...
 -101.2966 -131.4295  145.2338
    0.5118    0.7825   -0.3547
    0.2580    0.2539    0.9322
    0.8195   -0.5686   -0.0720
...    83 G-C ...
  -98.4408 -133.1090  144.7029
    0.4804    0.8429    0.2422
   -0.0490   -0.2500    0.9670
    0.8757   -0.4765   -0.0788
...    84 G-C ...
  -95.2283 -134.1273  144.3240
    0.2752    0.6060    0.7463
   -0.2273   -0.7133    0.6630
    0.9341   -0.3521   -0.0586
...    85 A-T ...
  -92.0076 -134.9997  144.0329
    0.0868    0.0392    0.9955
   -0.3140   -0.9472    0.0647
    0.9454   -0.3182   -0.0699
...    86 T-A ...
  -88.7222 -135.4511  143.9741
   -0.0878   -0.4779    0.8740
   -0.2969   -0.8249   -0.4810
    0.9509   -0.3017   -0.0695
...    87 C-G ...
  -85.4066 -136.2684  143.9987
   -0.2044   -0.9067    0.3689
   -0.1866   -0.3338   -0.9240
    0.9609   -0.2577   -0.1010
...    88 C-G ...
  -82.2143 -137.1309  143.7949
   -0.3297   -0.9241   -0.1932
   -0.0438    0.2193   -0.9747
    0.9431   -0.3129   -0.1128
...    89 G-C ...
  -79.1082 -137.9055  142.9367
   -0.3554   -0.5919   -0.7234
    0.1381    0.7322   -0.6670
    0.9245   -0.3369   -0.1785
...    90 C-G ...
  -75.9470 -139.3292  142.7206
   -0.2416   -0.0462   -0.9693
    0.2737    0.9551   -0.1138
    0.9310   -0.2928   -0.2181
...    91 T-A ...
  -72.8595 -140.7053  142.0288
   -0.1159    0.5313   -0.8392
    0.3523    0.8120    0.4654
    0.9287   -0.2417   -0.2812
...    92 T-A ...
  -69.9926 -141.5878  140.8036
    0.0587    0.9106   -0.4091
    0.3559    0.3637    0.8608
    0.9327   -0.1962   -0.3027
...    93 T-A ...
  -66.9819 -142.0474  139.7409
    0.1586    0.9721    0.1729
    0.2898   -0.2132    0.9330
    0.9439   -0.0979   -0.3155
...    94 A-T ...
  -63.6637 -142.0438  139.0100
    0.1590    0.6604    0.7339
    0.2171   -0.7485    0.6265
    0.9631    0.0597   -0.2624
...    95 A-T ...
  -60.6198 -141.5353  138.1709
    0.2494    0.0995    0.9633
    0.1262   -0.9896    0.0695
    0.9602    0.1042   -0.2593
...    96 C-G ...
  -57.4371 -140.5278  137.4808
    0.3195   -0.4736    0.8208
   -0.0158   -0.8687   -0.4951
    0.9475    0.1452   -0.2850
...    97 A-T ...
  -54.1860 -140.1420  136.6250
    0.2347   -0.9126    0.3349
   -0.2119   -0.3842   -0.8986
    0.9487    0.1399   -0.2836
...    98 C-G ...
  -50.8123 -139.5864  136.3760
    0.0911   -0.9726   -0.2137
   -0.3178    0.1749   -0.9319
    0.9438    0.1529   -0.2932
...    99 T-A ...
  -47.2219 -139.3638  135.8917
   -0.1235   -0.6909   -0.7123
   -0.3401    0.7038   -0.6237
    0.9323    0.1652   -0.3219
...   100 T-A ...
  -44.1006 -139.1145  134.9837
   -0.2827   -0.1407   -0.9488
   -0.2251    0.9713   -0.0770
    0.9324    0.1918   -0.3062
...   101 T-A ...
  -41.0523 -138.6018  133.9515
   -0.4015    0.4358   -0.8055
   -0.0267    0.8736    0.4860
    0.9155    0.2166   -0.3391
...   102 A-T ...
  -38.0507 -137.5315  132.9374
   -0.4327    0.8402   -0.3268
    0.2267    0.4523    0.8626
    0.8726    0.2992   -0.3862
...   103 T-A ...
  -35.6177 -136.6376  131.0553
   -0.3353    0.9292    0.1553
    0.4267    0.0028    0.9044
    0.8399    0.3696   -0.3975
...   104 G-C ...
  -33.0074 -135.1408  129.6047
   -0.0949    0.6968    0.7110
    0.5812   -0.5411    0.6078
    0.8082    0.4709   -0.3536
...   105 C-G ...
  -30.5886 -133.1118  128.5407
    0.2181    0.2543    0.9422
    0.5568   -0.8253    0.0938
    0.8015    0.5042   -0.3216
...   106 T-A ...
  -27.9148 -130.8804  127.9770
    0.5138   -0.2712    0.8140
    0.3845   -0.7754   -0.5010
    0.7669    0.5704   -0.2941
...   107 T-A ...
  -25.4850 -128.8740  127.2687
    0.6436   -0.6697    0.3705
    0.0273   -0.4637   -0.8856
    0.7648    0.5801   -0.2802
...   108 C-G ...
  -22.8454 -126.8496  126.5418
    0.5389   -0.7971   -0.2725
   -0.3886    0.0518   -0.9199
    0.7473    0.6017   -0.2819
...   109 C-G ...
  -20.3998 -124.7840  125.7207
    0.1674   -0.6943   -0.7000
   -0.6250    0.4744   -0.6200
    0.7625    0.5412   -0.3545
...   110 G-C ...
  -18.3229 -122.7542  124.5415
   -0.2683   -0.3877   -0.8819
   -0.6283    0.7644   -0.1449
    0.7303    0.5152   -0.4487
...   111 G-C ...
  -15.8962 -121.1876  122.8647
   -0.6402    0.0707   -0.7650
   -0.3660    0.8474    0.3846
    0.6754    0.5262   -0.5166
...   112 C-G ...
  -13.7218 -119.8289  120.7203
   -0.7734    0.5041   -0.3844
    0.0599    0.6617    0.7474
    0.6311    0.5550   -0.5419
...   113 T-A ...
  -11.7827 -118.0387  118.6960
   -0.6688    0.7338    0.1193
    0.4815    0.3053    0.8216
    0.5664    0.6069   -0.5575
...   114 C-G ...
  -10.0397 -115.7728  117.0642
   -0.2820    0.7460    0.6032
    0.8202   -0.1387    0.5550
    0.4977    0.6513   -0.5728
...   115 G-C ...
   -8.0095 -113.6194  115.5135
    0.2291    0.4699    0.8525
    0.8545   -0.5165    0.0551
    0.4662    0.7158   -0.5198
...   116 T-A ...
   -6.8958 -110.7077  114.2327
    0.6432    0.0846    0.7610
    0.5978   -0.6766   -0.4300
    0.4785    0.7315   -0.4857
...   117 A-T ...
   -5.3922 -107.9436  112.9215
    0.8603   -0.3611    0.3599
    0.1010   -0.5712   -0.8145
    0.4997    0.7371   -0.4550
...   118 T-A ...
   -3.7539 -105.2148  112.0788
    0.8003   -0.5852   -0.1307
   -0.3659   -0.3038   -0.8797
    0.4751    0.7518   -0.4573
...   119 A-T ...
   -2.4570 -102.5390  110.2878
    0.3642   -0.6006   -0.7118
   -0.8205    0.1546   -0.5503
    0.4406    0.7845   -0.4364
...   120 A-T ...
   -0.7618 -100.0722  109.0078
   -0.1853   -0.4102   -0.8930
   -0.8830    0.4683   -0.0319
    0.4313    0.7826   -0.4490
...   121 T-A ...
    1.1479  -97.8597  107.4040
   -0.6271   -0.0990   -0.7726
   -0.6511    0.6110    0.4502
    0.4275    0.7854   -0.4477
...   122 G-C ...
    2.5530  -95.1475  105.7436
   -0.9300    0.2223   -0.2928
   -0.1263    0.5549    0.8223
    0.3452    0.8017   -0.4880
...   123 T-A ...
    3.4928  -92.7320  103.7285
   -0.8672    0.4609    0.1883
    0.3777    0.3627    0.8519
    0.3244    0.8099   -0.4887
...   124 G-C ...
    4.4379  -89.9318  102.0995
   -0.4916    0.5280    0.6925
    0.8318    0.0493    0.5529
    0.2578    0.8478   -0.4634
...   125 T-A ...
    4.7836  -87.1835  100.4537
    0.0148    0.4370    0.8993
    0.9696   -0.2261    0.0939
    0.2444    0.8706   -0.4271
...   126 C-G ...
    5.5130  -84.3426   99.2111
    0.5923    0.2226    0.7744
    0.7730   -0.4281   -0.4681
    0.2274    0.8759   -0.4256
...   127 G-C ...
    6.7304  -81.6991   97.5556
    0.8880   -0.1554    0.4327
    0.3272   -0.4476   -0.8322
    0.3230    0.8806   -0.3467
...   128 A-T ...
    7.6402  -78.8482   96.4648
    0.9068   -0.3947   -0.1484
   -0.2730   -0.2814   -0.9199
    0.3213    0.8746   -0.3630
...   129 C-G ...
    9.0005  -75.8648   95.9976
    0.6018   -0.5204   -0.6058
   -0.7166   -0.0172   -0.6972
    0.3524    0.8538   -0.3833
...   130 C-G ...
   10.6847  -73.1827   94.7287
    0.0798   -0.5322   -0.8428
   -0.9141    0.2981   -0.2748
    0.3975    0.7924   -0.4628
...   131 A-T ...
   11.2343  -70.2135   93.1111
   -0.5156   -0.3100   -0.7988
   -0.7720    0.5726    0.2760
    0.3719    0.7589   -0.5345
...   132 A-T ...
   12.4700  -67.8358   91.2110
   -0.8722    0.0799   -0.4825
   -0.3188    0.6553    0.6848
    0.3709    0.7511   -0.5461
...   133 A-T ...
   13.7466  -65.6314   89.1354
   -0.8723    0.4890   -0.0017
    0.2620    0.4703    0.8427
    0.4129    0.7347   -0.5383
...   134 T-A ...
   14.7384  -63.4258   86.8199
   -0.5923    0.6747    0.4404
    0.6886    0.1401    0.7115
    0.4183    0.7247   -0.5475
...   135 G-C ...
   15.7317  -61.4928   83.9330
    0.0341    0.7400    0.6717
    0.8636   -0.3601    0.3528
    0.5030    0.5681   -0.6514
...   136 T-A ...
   15.7848  -59.5604   80.7992
    0.5517    0.4998    0.6677
    0.6739   -0.7388   -0.0038
    0.4915    0.4520   -0.7444
...   137 G-C ...
   16.8385  -57.7219   78.2675
    0.8528   -0.0848    0.5153
    0.1507   -0.9048   -0.3983
    0.5000    0.4173   -0.7588
...   138 A-T ...
   18.4282  -55.5287   76.5299
    0.8547   -0.5006    0.1371
   -0.3188   -0.7148   -0.6224
    0.4096    0.4883   -0.7706
...   139 G-C ...
   20.4259  -54.3093   74.5420
    0.5847   -0.7389   -0.3347
   -0.7593   -0.3533   -0.5465
    0.2856    0.5737   -0.7676
...   140 C-G ...
   21.4269  -51.8266   72.7876
    0.1304   -0.7144   -0.6875
   -0.8897    0.2216   -0.3991
    0.4375    0.6637   -0.6067
...   141 G-C ...
   22.1521  -50.1494   67.4640
   -0.4682   -0.8748    0.1248
   -0.8494    0.4066   -0.3364
    0.2435   -0.2635   -0.9334
...   142 C-G ...
   22.3489  -51.2414   64.4933
   -0.8528   -0.5119   -0.1032
   -0.4975    0.8565   -0.1374
    0.1587   -0.0659   -0.9851
...   143 T-A ...
   24.0166  -51.6378   61.9248
   -0.9562    0.0401   -0.2898
    0.0524    0.9980   -0.0348
    0.2878   -0.0485   -0.9564
...   144 C-G ...
   24.8958  -52.7395   58.9873
   -0.7529    0.5560   -0.3520
    0.5214    0.8304    0.1965
    0.4016   -0.0356   -0.9151
...   145 A-T ...
   25.5276  -52.9803   55.8053
   -0.2442    0.9563   -0.1610
    0.8906    0.2869    0.3528
    0.3836   -0.0573   -0.9217
...   146 C-G ...
   25.2778  -52.5122   52.0796
    0.3204    0.9427   -0.0929
    0.8825   -0.2614    0.3909
    0.3443   -0.2072   -0.9157
...   147 A-T ...
   25.6238  -52.5940   48.6395
    0.8597    0.5097    0.0339
    0.4496   -0.7865    0.4233
    0.2424   -0.3487   -0.9053
