  147 base-pairs
...     1 T-A ...
    0.0000    0.0000    0.0000
    1.0000    0.0000    0.0000
    0.0000    1.0000    0.0000
    0.0000    0.0000    1.0000
...     2 G-C ...
   -0.5555   -1.1003    3.3981
    0.7749    0.6051    0.1828
   -0.5991    0.7953   -0.0929
   -0.2016   -0.0375    0.9787
...     3 T-A ...
   -0.6619   -3.0237    6.5348
    0.3046    0.9250    0.2271
   -0.8994    0.3578   -0.2510
   -0.3134   -0.1278    0.9410
...     4 G-C ...
   -1.1607   -3.8418    9.6940
   -0.3351    0.9421    0.0133
   -0.8752   -0.3061   -0.3746
   -0.3489   -0.1372    0.9271
...     5 A-T ...
   -1.3881   -3.6770   12.8999
   -0.7835    0.6162   -0.0801
   -0.5677   -0.7622   -0.3109
   -0.2527   -0.1981    0.9470
...     6 G-C ...
   -2.6236   -3.5448   15.7072
   -0.9923    0.0611   -0.1075
   -0.0294   -0.9610   -0.2748
   -0.1201   -0.2695    0.9555
...     7 C-G ...
   -2.3138   -3.7570   18.8866
   -0.8620   -0.4995   -0.0864
    0.5008   -0.8655    0.0073
   -0.0785   -0.0370    0.9962
...     8 G-C ...
   -3.9561   -6.8109   23.3205
   -0.2581   -0.3560   -0.8981
    0.6294   -0.7673    0.1233
   -0.7330   -0.5335    0.4221
...     9 C-G ...
   -6.1177   -8.9414   24.2385
    0.1143   -0.7320   -0.6716
    0.8123   -0.3203    0.4874
   -0.5720   -0.6013    0.5580
...    10 T-A ...
   -8.5041   -9.6771   26.0540
    0.4660   -0.8587   -0.2131
    0.6274    0.1508    0.7640
   -0.6239   -0.4897    0.6090
...    11 C-G ...
  -11.0625  -11.3174   27.2336
    0.6660   -0.6911    0.2808
    0.3382    0.6152    0.7121
   -0.6649   -0.3794    0.6435
...    12 A-T ...
  -13.0013  -13.1789   29.0658
    0.7188   -0.1490    0.6790
   -0.1787    0.9043    0.3876
   -0.6718   -0.4000    0.6235
...    13 C-G ...
  -14.1788  -15.9359   31.3399
    0.4052    0.2865    0.8682
   -0.5270    0.8492   -0.0343
   -0.7470   -0.4437    0.4951
...    14 A-T ...
  -15.9532  -18.1566   33.3080
   -0.1503    0.6873    0.7107
   -0.6106    0.5008   -0.6135
   -0.7776   -0.5261    0.3444
...    15 A-T ...
  -18.3982  -19.8294   34.6217
   -0.4500    0.8686    0.2073
   -0.4182    0.0001   -0.9084
   -0.7891   -0.4955    0.3632
...    16 T-A ...
  -20.7823  -21.2042   36.4185
   -0.5856    0.7530   -0.3002
   -0.1349   -0.4557   -0.8798
   -0.7993   -0.4747    0.3684
...    17 T-A ...
  -23.4121  -22.5431   37.7855
   -0.5515    0.3411   -0.7613
    0.2220   -0.8197   -0.5280
   -0.8041   -0.4602    0.3763
...    18 T-A ...
  -26.1292  -23.7771   39.1016
   -0.3313   -0.2242   -0.9165
    0.4983   -0.8664    0.0319
   -0.8012   -0.4462    0.3987
...    19 A-T ...
  -28.5204  -25.6356   40.7189
    0.0434   -0.7748   -0.6307
    0.5971   -0.4860    0.6381
   -0.8010   -0.4043    0.4416
...    20 T-A ...
  -31.5318  -26.7102   41.6388
    0.3304   -0.9256   -0.1846
    0.4891    0.0007    0.8722
   -0.8072   -0.3785    0.4529
...    21 T-A ...
  -34.3104  -27.9089   42.8723
    0.5262   -0.7538    0.3937
    0.2087    0.5632    0.7995
   -0.8244   -0.3385    0.4536
...    22 C-G ...
  -37.0731  -29.0396   44.3129
    0.5590   -0.2419    0.7931
   -0.1491    0.9116    0.3831
   -0.8156   -0.3324    0.4736
...    23 G-C ...
  -39.9538  -29.6879   46.0039
    0.4537    0.3698    0.8108
   -0.4485    0.8810   -0.1508
   -0.7701   -0.2953    0.5655
...    24 C-G ...
  -42.2472  -30.9468   48.0698
    0.1646    0.8152    0.5552
   -0.6284    0.5206   -0.5780
   -0.7603   -0.2537    0.5980
...    25 A-T ...
  -44.9508  -31.5964   49.9651
   -0.1520    0.9875    0.0420
   -0.6287   -0.0638   -0.7750
   -0.7626   -0.1442    0.6306
...    26 A-T ...
  -47.3156  -31.9154   52.1698
   -0.4802    0.7661   -0.4271
   -0.4284   -0.6297   -0.6480
   -0.7654   -0.1282    0.6306
...    27 A-T ...
  -49.7612  -32.0864   54.3080
   -0.6383    0.2521   -0.7273
   -0.0734   -0.9605   -0.2685
   -0.7663   -0.1180    0.6316
...    28 G-C ...
  -52.4102  -32.1340   56.3541
   -0.5305   -0.3123   -0.7880
    0.2722   -0.9432    0.1906
   -0.8028   -0.1134    0.5854
...    29 G-C ...
  -55.3315  -32.3232   58.0940
   -0.2280   -0.7824   -0.5796
    0.5003   -0.6048    0.6196
   -0.8353   -0.1487    0.5293
...    30 C-G ...
  -58.3510  -32.6957   59.5069
    0.1222   -0.9822   -0.1427
    0.5318   -0.0566    0.8450
   -0.8380   -0.1791    0.5154
...    31 C-G ...
  -61.2958  -33.4293   61.0289
    0.4594   -0.8258    0.3272
    0.3533    0.5078    0.7857
   -0.8150   -0.2453    0.5250
...    32 G-C ...
  -63.9015  -33.9693   63.1434
    0.6535   -0.3471    0.6726
    0.0034    0.8900    0.4560
   -0.7569   -0.2958    0.5828
...    33 G-C ...
  -66.3699  -35.1830   65.1122
    0.5984    0.2411    0.7641
   -0.3777    0.9259    0.0037
   -0.7066   -0.2908    0.6451
...    34 C-G ...
  -68.4451  -36.4551   67.3961
    0.3117    0.7327    0.6050
   -0.6564    0.6264   -0.4204
   -0.6870   -0.2661    0.6762
...    35 C-G ...
  -70.5438  -37.2807   69.9223
   -0.0591    0.9765    0.2073
   -0.7368    0.0974   -0.6691
   -0.6735   -0.1923    0.7137
...    36 C-G ...
  -72.6677  -37.6676   72.5402
   -0.4118    0.8730   -0.2612
   -0.5951   -0.4747   -0.6485
   -0.6902   -0.1116    0.7150
...    37 G-C ...
  -75.2717  -38.1530   74.6611
   -0.6092    0.4424   -0.6581
   -0.2698   -0.8960   -0.3526
   -0.7457   -0.0372    0.6653
...    38 A-T ...
  -77.7475  -38.1609   76.8510
   -0.6275   -0.1916   -0.7546
    0.1498   -0.9808    0.1245
   -0.7641   -0.0349    0.6442
...    39 C-G ...
  -80.4701  -37.6985   78.7317
   -0.4258   -0.6918   -0.5832
    0.4590   -0.7206    0.5197
   -0.7798   -0.0464    0.6244
...    40 A-T ...
  -82.9862  -38.0042   80.9411
    0.0019   -0.9756   -0.2195
    0.6016   -0.1742    0.7796
   -0.7988   -0.1335    0.5866
...    41 C-G ...
  -85.9686  -38.5055   82.3350
    0.3516   -0.9101    0.2193
    0.4955    0.3797    0.7812
   -0.7942   -0.1660    0.5845
...    42 G-C ...
  -88.4129  -38.9478   84.6502
    0.6563   -0.4996    0.5654
    0.1713    0.8285    0.5332
   -0.7348   -0.2530    0.6293
...    43 A-T ...
  -90.7913  -39.8723   86.7421
    0.6466    0.1138    0.7543
   -0.2746    0.9573    0.0909
   -0.7117   -0.2659    0.6502
...    44 C-G ...
  -92.8017  -41.2909   88.9934
    0.4080    0.6210    0.6692
   -0.5940    0.7372   -0.3220
   -0.6933   -0.2661    0.6697
...    45 T-A ...
  -94.8507  -42.2157   91.4663
    0.0381    0.9360    0.3499
   -0.7406    0.2615   -0.6189
   -0.6708   -0.2355    0.7032
...    46 T-A ...
  -96.8317  -43.0078   93.9361
   -0.4313    0.8997   -0.0663
   -0.6130   -0.3462   -0.7102
   -0.6619   -0.2657    0.7009
...    47 A-T ...
  -99.2665  -44.2736   95.9806
   -0.7538    0.4312   -0.4959
   -0.1591   -0.8520   -0.4988
   -0.6376   -0.2971    0.7108
...    48 C-G ...
 -101.4155  -44.6432   98.5280
   -0.7077   -0.0984   -0.6996
    0.2787   -0.9488   -0.1484
   -0.6492   -0.3000    0.6989
...    49 T-A ...
 -103.7810  -45.3912  100.7759
   -0.3981   -0.5865   -0.7054
    0.6192   -0.7391    0.2651
   -0.6768   -0.3312    0.6574
...    50 G-C ...
 -105.9556  -46.7085  102.9763
    0.1142   -0.8658   -0.4871
    0.7247   -0.2628    0.6370
   -0.6796   -0.4258    0.5974
...    51 T-A ...
 -108.5718  -48.1197  104.4400
    0.5176   -0.8499   -0.0992
    0.5485    0.2406    0.8008
   -0.6567   -0.4689    0.5907
...    52 A-T ...
 -110.6445  -49.7202  106.5466
    0.8006   -0.4841    0.3531
    0.1008    0.6897    0.7171
   -0.5906   -0.5385    0.6010
...    53 G-C ...
 -112.4703  -51.7766  108.4170
    0.7672    0.0120    0.6413
   -0.3715    0.8234    0.4289
   -0.5229   -0.5673    0.6362
...    54 G-C ...
 -113.8512  -53.8447  110.7122
    0.4601    0.5159    0.7226
   -0.7660    0.6421    0.0293
   -0.4489   -0.5670    0.6907
...    55 T-A ...
 -114.7419  -55.9343  113.1626
   -0.0297    0.7883    0.6145
   -0.9014    0.2446   -0.3573
   -0.4320   -0.5646    0.7033
...    56 A-T ...
 -116.7852  -57.9421  115.1166
   -0.6771    0.6877    0.2621
   -0.6271   -0.3528   -0.6945
   -0.3851   -0.6346    0.6701
...    57 T-A ...
 -117.7199  -59.6617  117.8143
   -0.9199    0.3724   -0.1226
   -0.1678   -0.6566   -0.7354
   -0.3543   -0.6559    0.6665
...    58 C-G ...
 -118.8592  -61.7757  120.1118
   -0.8270   -0.1112   -0.5511
    0.4425   -0.7333   -0.5162
   -0.3467   -0.6708    0.6557
...    59 T-A ...
 -120.2450  -63.8351  122.3626
   -0.4262   -0.4617   -0.7780
    0.8308   -0.5401   -0.1346
   -0.3581   -0.7036    0.6137
...    60 C-G ...
 -121.4677  -66.0884  124.4448
    0.1793   -0.6548   -0.7342
    0.9260   -0.1397    0.3507
   -0.3322   -0.7428    0.5813
...    61 G-C ...
 -122.2727  -68.6163  126.5531
    0.7155   -0.4879   -0.5001
    0.6623    0.2456    0.7079
   -0.2225   -0.8376    0.4988
...    62 A-T ...
 -122.9451  -71.4153  128.1001
    0.9829   -0.1827   -0.0240
    0.1080    0.4662    0.8780
   -0.1492   -0.8656    0.4780
...    63 G-C ...
 -123.2229  -74.4326  129.4385
    0.8957    0.1793    0.4070
   -0.4425    0.4522    0.7745
   -0.0452   -0.8737    0.4843
...    64 C-G ...
 -122.8128  -77.4035  130.8795
    0.4971    0.4394    0.7482
   -0.8674    0.2276    0.4425
    0.0241   -0.8690    0.4943
...    65 T-A ...
 -122.3200  -80.2143  132.6035
   -0.0687    0.5189    0.8521
   -0.9941   -0.1079   -0.0145
    0.0844   -0.8480    0.5232
...    66 C-G ...
 -121.9674  -82.9078  134.5098
   -0.6663    0.3206    0.6732
   -0.7361   -0.4269   -0.5253
    0.1190   -0.8456    0.5204
...    67 G-C ...
 -121.9058  -85.9776  135.9489
   -0.9776    0.0136    0.2100
   -0.1830   -0.5477   -0.8164
    0.1040   -0.8366    0.5379
...    68 G-C ...
 -121.4547  -88.6970  137.9562
   -0.9067   -0.2744   -0.3203
    0.4142   -0.4353   -0.7994
    0.0799   -0.8574    0.5083
...    69 G-C ...
 -121.1316  -91.4617  139.9283
   -0.5144   -0.4121   -0.7520
    0.8540   -0.1662   -0.4930
    0.0782   -0.8958    0.4375
...    70 A-T ...
 -120.8569  -94.3235  141.5225
    0.0927   -0.3782   -0.9211
    0.9889    0.1431    0.0407
    0.1164   -0.9146    0.3872
...    71 T-A ...
 -121.0642  -97.4138  142.5627
    0.5759   -0.2126   -0.7894
    0.8042    0.3208    0.5004
    0.1468   -0.9230    0.3557
...    72 C-G ...
 -120.5395 -100.4531  143.6235
    0.9198    0.1038   -0.3783
    0.3184    0.3658    0.8745
    0.2291   -0.9249    0.3035
...    73 C-G ...
 -119.4645 -103.5720  144.2607
    0.9059    0.4050    0.1237
   -0.2160    0.1906    0.9576
    0.3642   -0.8942    0.2602
...    74 G-C ...
 -117.8685 -106.2834  145.5458
    0.5690    0.5495    0.6119
   -0.6376   -0.1753    0.7502
    0.5194   -0.8169    0.2506
...    75 T-A ...
 -115.5982 -108.6411  146.1225
    0.1229    0.3777    0.9178
   -0.8218   -0.4797    0.3075
    0.5564   -0.7920    0.2514
...    76 C-G ...
 -113.6505 -111.1179  147.1636
   -0.3955   -0.0210    0.9182
   -0.7003   -0.6400   -0.3163
    0.5943   -0.7681    0.2385
...    77 A-T ...
 -111.9309 -113.9259  147.7283
   -0.7424   -0.4205    0.5215
   -0.2928   -0.4965   -0.8171
    0.6026   -0.7594    0.2455
...    78 T-A ...
 -109.8204 -116.1047  149.1504
   -0.7481   -0.6635    0.0131
    0.1367   -0.1734   -0.9753
    0.6494   -0.7278    0.2204
...    79 G-C ...
 -107.4558 -118.4431  149.5205
   -0.5393   -0.5970   -0.5940
    0.5435    0.2920   -0.7870
    0.6432   -0.7472    0.1670
...    80 T-A ...
 -105.7103 -121.1361  150.4563
   -0.1826   -0.3153   -0.9312
    0.7261    0.5954   -0.3440
    0.6629   -0.7390    0.1202
...    81 T-A ...
 -103.6706 -123.6140  150.8604
    0.2334    0.1256   -0.9642
    0.6852    0.6823    0.2547
    0.6899   -0.7202    0.0732
...    82 A-T ...
 -101.3797 -126.0521  150.7600
    0.4235    0.6220   -0.6586
    0.4693    0.4712    0.7468
    0.7749   -0.6253   -0.0924
...    83 T-A ...
  -99.0815 -128.1529  149.8368
    0.5550    0.8104   -0.1877
    0.2087    0.0828    0.9745
    0.8052   -0.5800   -0.1231
...    84 A-T ...
  -96.1729 -129.7125  149.2701
    0.4415    0.7918    0.4222
   -0.0722   -0.4377    0.8962
    0.8944   -0.4261   -0.1361
...    85 A-T ...
  -93.1767 -130.8242  148.7089
    0.3107    0.3895    0.8670
   -0.2783   -0.8349    0.4748
    0.9088   -0.3888   -0.1510
...    86 C-G ...
  -89.9106 -131.4229  148.1648
    0.1117   -0.1321    0.9849
   -0.3646   -0.9275   -0.0830
    0.9245   -0.3498   -0.1517
...    87 G-C ...
  -86.9629 -133.0555  147.7421
   -0.1373   -0.6626    0.7363
   -0.3021   -0.6799   -0.6681
    0.9433   -0.3142   -0.1068
...    88 G-C ...
  -83.6857 -133.9770  147.5451
   -0.2998   -0.9310    0.2082
   -0.1672   -0.1636   -0.9723
    0.9392   -0.3263   -0.1066
...    89 A-T ...
  -80.4872 -134.8483  147.2701
   -0.3249   -0.8345   -0.4450
    0.0183    0.4649   -0.8852
    0.9456   -0.2958   -0.1358
...    90 C-G ...
  -77.4040 -136.1427  147.2970
   -0.2795   -0.4366   -0.8551
    0.1661    0.8552   -0.4909
    0.9457   -0.2793   -0.1665
...    91 T-A ...
  -74.3288 -137.2866  146.7291
   -0.2234    0.1271   -0.9664
    0.2730    0.9599    0.0631
    0.9357   -0.2497   -0.2491
...    92 T-A ...
  -71.3588 -138.1866  145.8360
   -0.0864    0.6703   -0.7370
    0.3471    0.7137    0.6084
    0.9338   -0.2033   -0.2943
...    93 T-A ...
  -68.4047 -138.8099  144.7054
    0.0574    0.9702   -0.2355
    0.3515    0.2011    0.9143
    0.9344   -0.1352   -0.3295
...    94 A-T ...
  -65.2807 -138.8664  143.4875
    0.1098    0.9152    0.3876
    0.3223   -0.4017    0.8572
    0.9402    0.0308   -0.3391
...    95 A-T ...
  -62.2905 -138.4954  142.2854
    0.2636    0.5076    0.8203
    0.2327   -0.8587    0.4566
    0.9361    0.0705   -0.3445
...    96 C-G ...
  -59.2965 -137.5367  141.1072
    0.3415   -0.0448    0.9388
    0.0884   -0.9929   -0.0795
    0.9357    0.1102   -0.3351
...    97 A-T ...
  -56.1397 -137.4602  139.9947
    0.3022   -0.6461    0.7009
   -0.1008   -0.7528   -0.6504
    0.9479    0.1259   -0.2926
...    98 C-G ...
  -52.8767 -136.6457  139.5451
    0.2148   -0.9531    0.2131
   -0.2512   -0.2647   -0.9310
    0.9438    0.1465   -0.2962
...    99 T-A ...
  -49.6298 -136.1475  138.8248
    0.0242   -0.9367   -0.3494
   -0.3389    0.3212   -0.8843
    0.9405    0.1398   -0.3097
...   100 T-A ...
  -46.4831 -135.7061  138.0684
   -0.1548   -0.5481   -0.8220
   -0.3190    0.8152   -0.4835
    0.9350    0.1874   -0.3010
...   101 T-A ...
  -43.3867 -135.2367  137.1923
   -0.3213    0.0427   -0.9460
   -0.1883    0.9762    0.1080
    0.9281    0.2128   -0.3056
...   102 A-T ...
  -40.3226 -134.2242  136.2075
   -0.4523    0.6183   -0.6427
    0.0581    0.7395    0.6706
    0.8900    0.2660   -0.3704
...   103 T-A ...
  -37.6141 -133.6672  134.4571
   -0.3881    0.9014   -0.1919
    0.2889    0.3167    0.9035
    0.8752    0.2952   -0.3833
...   104 G-C ...
  -34.7332 -132.3017  133.3417
   -0.2521    0.8710    0.4218
    0.5105   -0.2506    0.8226
    0.8221    0.4227   -0.3815
...   105 C-G ...
  -32.3422 -130.4513  131.9101
    0.0417    0.5564    0.8298
    0.5997   -0.6783    0.4247
    0.7992    0.4799   -0.3619
...   106 T-A ...
  -29.8691 -128.4773  130.8099
    0.3356    0.0598    0.9401
    0.5157   -0.8468   -0.1302
    0.7883    0.5285   -0.3150
...   107 T-A ...
  -27.4497 -126.4935  129.8624
    0.6136   -0.4392    0.6562
    0.2104   -0.7101   -0.6719
    0.7611    0.5504   -0.3433
...   108 C-G ...
  -24.9083 -124.6112  128.8314
    0.6189   -0.7802    0.0911
   -0.2150   -0.2799   -0.9357
    0.7555    0.5595   -0.3409
...   109 C-G ...
  -22.2569 -122.6903  127.8942
    0.3430   -0.8241   -0.4508
   -0.5310    0.2258   -0.8167
    0.7748    0.5195   -0.3602
...   110 G-C ...
  -19.9947 -120.6313  126.3873
   -0.1048   -0.5703   -0.8147
   -0.6419    0.6645   -0.3826
    0.7596    0.4828   -0.4357
...   111 G-C ...
  -17.3166 -119.0970  124.9963
   -0.5156   -0.1305   -0.8469
   -0.4743    0.8666    0.1552
    0.7136    0.4817   -0.5087
...   112 C-G ...
  -14.8410 -117.8615  123.1410
   -0.7334    0.3507   -0.5824
   -0.1032    0.7893    0.6053
    0.6719    0.5040   -0.5427
...   113 T-A ...
  -12.7881 -116.2769  121.0572
   -0.7224    0.6828   -0.1092
    0.3318    0.4809    0.8116
    0.6066    0.5501   -0.5740
...   114 C-G ...
  -10.9414 -114.3621  119.1233
   -0.4047    0.8074    0.4293
    0.7148   -0.0135    0.6992
    0.5703    0.5899   -0.5717
...   115 G-C ...
   -8.8545 -112.1672  117.5801
    0.0242    0.5810    0.8135
    0.8532   -0.4361    0.2861
    0.5210    0.6872   -0.5063
...   116 T-A ...
   -7.6621 -109.4811  115.9880
    0.4745    0.2329    0.8489
    0.7101   -0.6711   -0.2128
    0.5202    0.7038   -0.4838
...   117 A-T ...
   -5.7007 -107.3962  114.1274
    0.8399   -0.2500    0.4817
    0.2196   -0.6551   -0.7229
    0.4963    0.7130   -0.4954
...   118 T-A ...
   -4.1191 -104.6695  113.0816
    0.8387   -0.5444    0.0176
   -0.2587   -0.4265   -0.8667
    0.4793    0.7223   -0.4985
...   119 A-T ...
   -2.9201 -102.2558  110.9502
    0.4660   -0.6595   -0.5899
   -0.7649    0.0348   -0.6432
    0.4447    0.7509   -0.4882
...   120 A-T ...
   -1.2825  -99.8367  109.5024
   -0.0743   -0.4932   -0.8668
   -0.8978    0.4114   -0.1571
    0.4341    0.7665   -0.4733
...   121 T-A ...
    0.6888  -97.6985  107.9341
   -0.5333   -0.2016   -0.8216
   -0.7276    0.6048    0.3238
    0.4316    0.7704   -0.4692
...   122 G-C ...
    1.8190  -94.9085  106.4280
   -0.8977    0.1329   -0.4201
   -0.2537    0.6235    0.7395
    0.3602    0.7705   -0.5260
...   123 T-A ...
    2.8973  -92.7070  104.1760
   -0.9021    0.4263    0.0673
    0.2777    0.4541    0.8466
    0.3304    0.7823   -0.5280
...   124 G-C ...
    3.9396  -89.8689  102.6956
   -0.5840    0.5417    0.6046
    0.7711    0.1372    0.6218
    0.2539    0.8293   -0.4977
...   125 T-A ...
    4.1499  -87.0781  100.8723
   -0.0755    0.5062    0.8591
    0.9666   -0.1746    0.1878
    0.2451    0.8446   -0.4761
...   126 C-G ...
    4.8714  -84.2117   99.3861
    0.5247    0.2742    0.8059
    0.8143   -0.4378   -0.3812
    0.2483    0.8562   -0.4530
...   127 G-C ...
    6.0446  -81.4773   97.7457
    0.8742   -0.1170    0.4713
    0.3619   -0.4900   -0.7930
    0.3237    0.8638   -0.3860
...   128 A-T ...
    7.0994  -78.5768   96.5581
    0.9042   -0.4152   -0.1001
   -0.2452   -0.3128   -0.9176
    0.3497    0.8543   -0.3846
...   129 C-G ...
    8.5476  -75.6544   95.8537
    0.6143   -0.5423   -0.5732
   -0.6951   -0.0279   -0.7184
    0.3736    0.8397   -0.3941
...   130 C-G ...
   10.0752  -72.9083   94.5852
    0.0797   -0.5300   -0.8443
   -0.9111    0.3050   -0.2774
    0.4045    0.7913   -0.4585
...   131 A-T ...
   11.1363  -70.1558   92.9632
   -0.5159   -0.3110   -0.7982
   -0.7655    0.5856    0.2665
    0.3846    0.7485   -0.5402
...   132 A-T ...
   12.4997  -67.8772   91.0819
   -0.8666    0.1032   -0.4882
   -0.3081    0.6589    0.6863
    0.3925    0.7451   -0.5392
...   133 A-T ...
   13.7621  -65.5961   89.1276
   -0.8721    0.4893    0.0068
    0.2697    0.4689    0.8411
    0.4084    0.7353   -0.5409
...   134 T-A ...
   14.7384  -63.4257   86.8199
   -0.5923    0.6747    0.4404
    0.6886    0.1401    0.7115
    0.4183    0.7247   -0.5475
...   135 G-C ...
   15.7317  -61.4927   83.9330
    0.0341    0.7400    0.6717
    0.8636   -0.3601    0.3528
    0.5030    0.5681   -0.6514
...   136 T-A ...
   15.7848  -59.5603   80.7992
    0.5517    0.4998    0.6677
    0.6739   -0.7388   -0.0038
    0.4915    0.4520   -0.7444
...   137 G-C ...
   16.8385  -57.7218   78.2675
    0.8528   -0.0848    0.5153
    0.1507   -0.9048   -0.3983
    0.5000    0.4173   -0.7588
...   138 A-T ...
   18.4282  -55.5286   76.5299
    0.8547   -0.5006    0.1371
   -0.3188   -0.7148   -0.6224
    0.4096    0.4883   -0.7706
...   139 G-C ...
   20.4259  -54.3092   74.5419
    0.5847   -0.7389   -0.3347
   -0.7593   -0.3533   -0.5465
    0.2856    0.5737   -0.7676
...   140 C-G ...
   21.4270  -51.8265   72.7875
    0.1304   -0.7144   -0.6875
   -0.8897    0.2216   -0.3991
    0.4375    0.6637   -0.6067
...   141 G-C ...
   22.1521  -50.1493   67.4640
   -0.4682   -0.8748    0.1248
   -0.8494    0.4066   -0.3364
    0.2435   -0.2635   -0.9334
...   142 C-G ...
   22.3489  -51.2412   64.4933
   -0.8528   -0.5119   -0.1032
   -0.4975    0.8565   -0.1374
    0.1587   -0.0659   -0.9851
...   143 T-A ...
   24.0166  -51.6377   61.9248
   -0.9562    0.0401   -0.2898
    0.0524    0.9980   -0.0348
    0.2878   -0.0485   -0.9564
...   144 C-G ...
   24.8958  -52.7394   58.9873
   -0.7529    0.5560   -0.3520
    0.5214    0.8304    0.1965
    0.4016   -0.0356   -0.9151
...   145 A-T ...
   25.5276  -52.9802   55.8053
   -0.2442    0.9563   -0.1610
    0.8906    0.2869    0.3528
    0.3836   -0.0573   -0.9217
...   146 C-G ...
   25.2778  -52.5121   52.0796
    0.3204    0.9427   -0.0929
    0.8825   -0.2614    0.3909
    0.3443   -0.2072   -0.9157
...   147 A-T ...
   25.6239  -52.5938   48.6395
    0.8597    0.5097    0.0339
    0.4496   -0.7865    0.4233
    0.2425   -0.3487   -0.9053
