  147 base-pairs
...     1 T-A ...
    0.0000    0.0000    0.0000
    1.0000    0.0000    0.0000
    0.0000    1.0000    0.0000
    0.0000    0.0000    1.0000
...     2 G-C ...
   -0.5555   -1.1003    3.3981
    0.7749    0.6051    0.1828
   -0.5991    0.7953   -0.0929
   -0.2016   -0.0375    0.9787
...     3 T-A ...
   -0.6619   -3.0237    6.5348
    0.3046    0.9250    0.2271
   -0.8994    0.3578   -0.2510
   -0.3134   -0.1278    0.9410
...     4 G-C ...
   -1.1607   -3.8418    9.6940
   -0.3351    0.9421    0.0133
   -0.8752   -0.3061   -0.3746
   -0.3489   -0.1372    0.9271
...     5 A-T ...
   -1.3881   -3.6770   12.8999
   -0.7835    0.6162   -0.0801
   -0.5677   -0.7622   -0.3109
   -0.2527   -0.1981    0.9470
...     6 G-C ...
   -2.6236   -3.5448   15.7072
   -0.9923    0.0611   -0.1075
   -0.0294   -0.9610   -0.2748
   -0.1201   -0.2695    0.9555
...     7 C-G ...
   -2.3138   -3.7570   18.8866
   -0.8620   -0.4995   -0.0864
    0.5008   -0.8655    0.0073
   -0.0785   -0.0370    0.9962
...     8 G-C ...
   -3.9561   -6.8109   23.3205
   -0.2581   -0.3560   -0.8981
    0.6294   -0.7673    0.1233
   -0.7330   -0.5335    0.4221
...     9 C-G ...
   -6.1177   -8.9414   24.2385
    0.1143   -0.7320   -0.6716
    0.8123   -0.3203    0.4874
   -0.5720   -0.6013    0.5580
...    10 T-A ...
   -8.5041   -9.6771   26.0540
    0.4660   -0.8587   -0.2131
    0.6274    0.1508    0.7640
   -0.6239   -0.4897    0.6090
...    11 C-G ...
  -11.0625  -11.3174   27.2336
    0.6660   -0.6911    0.2808
    0.3382    0.6152    0.7121
   -0.6649   -0.3794    0.6435
...    12 A-T ...
  -13.0013  -13.1789   29.0658
    0.7188   -0.1490    0.6790
   -0.1787    0.9043    0.3876
   -0.6718   -0.4000    0.6235
...    13 C-G ...
  -14.1788  -15.9359   31.3399
    0.4052    0.2865    0.8682
   -0.5270    0.8492   -0.0343
   -0.7470   -0.4437    0.4951
...    14 A-T ...
  -15.9532  -18.1566   33.3080
   -0.1503    0.6873    0.7107
   -0.6106    0.5008   -0.6135
   -0.7776   -0.5261    0.3444
...    15 A-T ...
  -18.5030  -19.7742   34.5126
   -0.4447    0.8753    0.1902
   -0.4157   -0.0136   -0.9094
   -0.7934   -0.4834    0.3699
...    16 T-A ...
  -20.9050  -21.1873   36.4367
   -0.6239    0.7071   -0.3328
   -0.0989   -0.4938   -0.8639
   -0.7752   -0.5061    0.3780
...    17 T-A ...
  -23.4390  -22.5769   37.9981
   -0.5896    0.2538   -0.7668
    0.2910   -0.8188   -0.4948
   -0.7535   -0.5149    0.4089
...    18 T-A ...
  -26.0212  -24.0106   39.4256
   -0.3244   -0.2881   -0.9010
    0.5804   -0.8127    0.0509
   -0.7469   -0.5064    0.4309
...    19 A-T ...
  -28.4246  -25.8975   41.1249
    0.1120   -0.8089   -0.5772
    0.6567   -0.3757    0.6539
   -0.7457   -0.4523    0.4892
...    20 T-A ...
  -31.3264  -27.1303   42.2739
    0.4112   -0.9060   -0.1000
    0.5071    0.1362    0.8511
   -0.7575   -0.4007    0.5154
...    21 T-A ...
  -33.9270  -28.4666   43.7126
    0.5998   -0.6554    0.4590
    0.1598    0.6602    0.7339
   -0.7841   -0.3669    0.5007
...    22 C-G ...
  -36.5448  -29.6249   45.3685
    0.5945   -0.1141    0.7960
   -0.2367    0.9212    0.3089
   -0.7685   -0.3720    0.5206
...    23 G-C ...
  -39.3794  -30.2344   47.1776
    0.4827    0.4783    0.7337
   -0.5322    0.8255   -0.1880
   -0.6955   -0.2997    0.6530
...    24 C-G ...
  -41.4197  -31.5050   49.4160
    0.1737    0.8588    0.4820
   -0.7013    0.4515   -0.5516
   -0.6913   -0.2422    0.6807
...    25 A-T ...
  -44.0580  -32.1418   51.3637
   -0.2035    0.9791    0.0004
   -0.6815   -0.1414   -0.7180
   -0.7029   -0.1463    0.6960
...    26 A-T ...
  -46.3213  -32.4295   53.7246
   -0.5447    0.7183   -0.4329
   -0.4499   -0.6859   -0.5719
   -0.7077   -0.1167    0.6968
...    27 A-T ...
  -48.4909  -32.5074   56.1635
   -0.7104    0.1799   -0.6804
   -0.0467   -0.9767   -0.2095
   -0.7022   -0.1171    0.7023
...    28 G-C ...
  -51.0017  -32.3948   58.4533
   -0.5851   -0.3762   -0.7184
    0.3287   -0.9199    0.2140
   -0.7414   -0.1109    0.6619
...    29 G-C ...
  -53.7892  -32.5837   60.5016
   -0.2402   -0.8402   -0.4861
    0.5940   -0.5233    0.6110
   -0.7678   -0.1420    0.6248
...    30 C-G ...
  -56.5461  -33.0184   62.2590
    0.1701   -0.9827   -0.0736
    0.6126    0.0469    0.7890
   -0.7719   -0.1793    0.6100
...    31 C-G ...
  -59.3367  -33.5098   64.1165
    0.5311   -0.7706    0.3522
    0.4031    0.5954    0.6950
   -0.7453   -0.2272    0.6269
...    32 G-C ...
  -61.5263  -33.9232   66.3147
    0.7318   -0.3106    0.6066
    0.0471    0.9110    0.4097
   -0.6799   -0.2713    0.6813
...    33 G-C ...
  -63.5617  -35.0199   68.7515
    0.6726    0.2809    0.6846
   -0.3874    0.9219    0.0024
   -0.6304   -0.2669    0.7289
...    34 C-G ...
  -65.4036  -36.1468   71.2325
    0.3663    0.7675    0.5261
   -0.7054    0.5978   -0.3809
   -0.6068   -0.2316    0.7604
...    35 C-G ...
  -67.1286  -36.6871   74.1324
   -0.0604    0.9844    0.1649
   -0.8039    0.0499   -0.5926
   -0.5917   -0.1684    0.7884
...    36 C-G ...
  -68.9661  -36.9722   76.9608
   -0.4808    0.8413   -0.2470
   -0.6518   -0.5314   -0.5411
   -0.5865   -0.0992    0.8039
...    37 G-C ...
  -71.3012  -38.0510   79.2433
   -0.7247    0.3914   -0.5671
   -0.2621   -0.9177   -0.2985
   -0.6372   -0.0677    0.7677
...    38 A-T ...
  -73.2771  -38.2248   81.7414
   -0.7357   -0.2329   -0.6360
    0.2282   -0.9694    0.0910
   -0.6377   -0.0782    0.7663
...    39 C-G ...
  -75.6345  -38.1086   83.9392
   -0.4756   -0.7081   -0.5219
    0.5737   -0.6994    0.4262
   -0.6668   -0.0967    0.7389
...    40 A-T ...
  -77.9621  -38.5449   86.3547
    0.0096   -0.9763   -0.2160
    0.7356   -0.1394    0.6629
   -0.6774   -0.1653    0.7168
...    41 C-G ...
  -80.4864  -39.3808   88.3379
    0.4266   -0.8943    0.1348
    0.6103    0.3946    0.6869
   -0.6675   -0.2108    0.7141
...    42 G-C ...
  -82.4050  -39.8261   91.0472
    0.7513   -0.4608    0.4725
    0.2108    0.8460    0.4898
   -0.6254   -0.2683    0.7327
...    43 A-T ...
  -84.4559  -40.7009   93.3243
    0.7303    0.1364    0.6694
   -0.2739    0.9561    0.1039
   -0.6259   -0.2592    0.7356
...    44 C-G ...
  -86.1988  -42.1189   95.7532
    0.4920    0.6443    0.5855
   -0.6405    0.7234   -0.2579
   -0.5897   -0.2481    0.7686
...    45 T-A ...
  -87.7424  -43.2402   98.8249
    0.0468    0.9541    0.2958
   -0.8142    0.2080   -0.5421
   -0.5788   -0.2154    0.7865
...    46 T-A ...
  -89.3992  -43.9633  101.5001
   -0.4131    0.9099   -0.0389
   -0.6977   -0.3436   -0.6285
   -0.5853   -0.2325    0.7768
...    47 A-T ...
  -91.5863  -44.9457  103.9089
   -0.7740    0.4609   -0.4341
   -0.2553   -0.8547   -0.4521
   -0.5794   -0.2391    0.7792
...    48 C-G ...
  -93.4928  -45.0641  106.6647
   -0.7774   -0.0720   -0.6248
    0.2026   -0.9691   -0.1404
   -0.5954   -0.2357    0.7680
...    49 T-A ...
  -95.7636  -45.5227  109.1481
   -0.4907   -0.5707   -0.6584
    0.5846   -0.7760    0.2370
   -0.6462   -0.2686    0.7143
...    50 G-C ...
  -98.0088  -46.6370  111.4342
    0.0231   -0.8699   -0.4927
    0.7497   -0.3110    0.5841
   -0.6613   -0.3829    0.6450
...    51 T-A ...
 -100.4830  -47.8631  113.0843
    0.4421   -0.8826   -0.1600
    0.6243    0.1747    0.7614
   -0.6441   -0.4365    0.6282
...    52 A-T ...
 -102.4691  -49.5096  115.2274
    0.7955   -0.5529    0.2478
    0.2148    0.6398    0.7379
   -0.5666   -0.5338    0.6277
...    53 G-C ...
 -104.3814  -51.3562  117.1045
    0.8435   -0.0777    0.5314
   -0.2541    0.8140    0.5224
   -0.4732   -0.5757    0.6668
...    54 G-C ...
 -105.5101  -53.9348  119.3471
    0.5795    0.4482    0.6807
   -0.7128    0.6836    0.1567
   -0.3951   -0.5761    0.7156
...    55 T-A ...
 -106.2846  -55.9869  121.8021
    0.1108    0.7417    0.6615
   -0.9206    0.3274   -0.2128
   -0.3744   -0.5854    0.7191
...    56 A-T ...
 -107.2256  -57.9243  124.4304
   -0.4732    0.7909    0.3880
   -0.8042   -0.2080   -0.5568
   -0.3597   -0.5755    0.7344
...    57 T-A ...
 -107.8400  -59.5406  127.2582
   -0.8459    0.5301    0.0584
   -0.4189   -0.5926   -0.6880
   -0.3301   -0.6065    0.7233
...    58 C-G ...
 -108.9839  -61.3735  129.8680
   -0.9225    0.0268   -0.3852
    0.2222   -0.7791   -0.5863
   -0.3158   -0.6264    0.7127
...    59 T-A ...
 -110.3457  -63.2769  132.3098
   -0.6338   -0.3707   -0.6789
    0.6918   -0.6642   -0.2832
   -0.3459   -0.6492    0.6774
...    60 C-G ...
 -111.5306  -65.3952  134.7208
   -0.0793   -0.6657   -0.7420
    0.9419   -0.2937    0.1628
   -0.3264   -0.6860    0.6503
...    61 G-C ...
 -112.0636  -67.8970  136.9015
    0.4875   -0.5436   -0.6833
    0.8411    0.0823    0.5346
   -0.2344   -0.8353    0.4973
...    62 A-T ...
 -112.7539  -70.5524  138.7199
    0.9002   -0.3176   -0.2980
    0.4118    0.3983    0.8196
   -0.1416   -0.8605    0.4893
...    63 G-C ...
 -113.0399  -73.5914  140.0568
    0.9905    0.0244    0.1350
   -0.1305    0.4713    0.8722
   -0.0424   -0.8816    0.4701
...    64 C-G ...
 -112.7710  -76.7688  141.2718
    0.7294    0.3322    0.5980
   -0.6839    0.3317    0.6498
    0.0175   -0.8829    0.4692
...    65 T-A ...
 -112.4965  -79.6789  142.7972
    0.2308    0.4728    0.8504
   -0.9696    0.0391    0.2414
    0.0809   -0.8803    0.4674
...    66 C-G ...
 -112.5708  -82.3987  144.6318
   -0.4137    0.3786    0.8279
   -0.8965   -0.3275   -0.2983
    0.1582   -0.8657    0.4750
...    67 G-C ...
 -113.0954  -85.8434  145.7457
   -0.8718    0.0963    0.4803
   -0.4554   -0.5205   -0.7223
    0.1804   -0.8484    0.4976
...    68 G-C ...
 -112.3198  -88.6616  147.5220
   -0.9786   -0.1994   -0.0517
    0.1360   -0.4370   -0.8891
    0.1547   -0.8771    0.4548
...    69 G-C ...
 -111.7721  -91.5084  149.2085
   -0.7474   -0.3290   -0.5771
    0.6576   -0.2428   -0.7132
    0.0945   -0.9126    0.3978
...    70 A-T ...
 -111.6006  -94.5000  150.7341
   -0.1983   -0.3797   -0.9036
    0.9735    0.0308   -0.2266
    0.1139   -0.9246    0.3635
...    71 T-A ...
 -111.8362  -97.5816  151.8650
    0.3343   -0.2610   -0.9056
    0.9330    0.2278    0.2787
    0.1336   -0.9381    0.3196
...    72 C-G ...
 -111.4833 -100.7467  152.7056
    0.8050   -0.0048   -0.5933
    0.5631    0.3214    0.7614
    0.1870   -0.9469    0.2614
...    73 C-G ...
 -110.9721 -103.8810  153.5149
    0.9367    0.3191   -0.1442
    0.0611    0.2565    0.9646
    0.3448   -0.9124    0.2207
...    74 G-C ...
 -109.6011 -106.6756  154.4921
    0.7506    0.5546    0.3591
   -0.3936   -0.0612    0.9173
    0.5307   -0.8298    0.1724
...    75 T-A ...
 -107.4391 -109.1768  154.6267
    0.4159    0.4534    0.7883
   -0.7229   -0.3612    0.5891
    0.5518   -0.8149    0.1775
...    76 C-G ...
 -105.2670 -111.4814  155.4925
   -0.0830    0.1498    0.9852
   -0.7959   -0.6049    0.0249
    0.5997   -0.7821    0.1694
...    77 A-T ...
 -103.2434 -114.1453  155.9054
   -0.5577   -0.1839    0.8094
   -0.5666   -0.6283   -0.5332
    0.6066   -0.7560    0.2462
...    78 T-A ...
 -101.0357 -116.3160  157.0869
   -0.7605   -0.5078    0.4047
   -0.1855   -0.4274   -0.8848
    0.6223   -0.7480    0.2308
...    79 G-C ...
  -98.7254 -118.7026  157.9388
   -0.6955   -0.6724   -0.2532
    0.3029    0.0451   -0.9520
    0.6515   -0.7388    0.1722
...    80 T-A ...
  -96.7134 -121.2121  159.0632
   -0.3866   -0.5402   -0.7475
    0.6101    0.4579   -0.6465
    0.6915   -0.7060    0.1525
...    81 T-A ...
  -94.6106 -123.5361  159.6312
   -0.0008   -0.1314   -0.9913
    0.6979    0.7099   -0.0947
    0.7162   -0.6919    0.0911
...    82 A-T ...
  -92.0016 -125.5964  159.8438
    0.3106    0.3936   -0.8652
    0.5713    0.6501    0.5009
    0.7597   -0.6499   -0.0230
...    83 T-A ...
  -89.8995 -127.9897  159.2043
    0.5263    0.7044   -0.4762
    0.3349    0.3430    0.8776
    0.7815   -0.6214   -0.0554
...    84 A-T ...
  -87.1277 -129.8243  159.1677
    0.5260    0.8408    0.1280
    0.0265   -0.1666    0.9857
    0.8501   -0.5151   -0.1099
...    85 A-T ...
  -84.3085 -131.1879  158.6286
    0.4104    0.6087    0.6790
   -0.2269   -0.6530    0.7226
    0.8832   -0.4506   -0.1299
...    86 C-G ...
  -81.0146 -132.0086  157.9355
    0.2267    0.1135    0.9673
   -0.3932   -0.8980    0.1975
    0.8911   -0.4252   -0.1589
...    87 G-C ...
  -78.1083 -133.5568  157.5793
   -0.0212   -0.5377    0.8429
   -0.3857   -0.7734   -0.5031
    0.9224   -0.3357   -0.1910
...    88 G-C ...
  -74.9703 -134.5414  157.0468
   -0.2695   -0.8640    0.4254
   -0.2985   -0.3451   -0.8898
    0.9156   -0.3668   -0.1649
...    89 A-T ...
  -71.9404 -135.6703  156.6039
   -0.4102   -0.8886   -0.2054
   -0.0945    0.2654   -0.9595
    0.9071   -0.3742   -0.1928
...    90 C-G ...
  -68.9761 -137.1568  156.5087
   -0.4234   -0.5850   -0.6918
    0.1358    0.7140   -0.6869
    0.8957   -0.3847   -0.2228
...    91 T-A ...
  -65.9796 -138.9870  155.8720
   -0.3462   -0.0139   -0.9381
    0.3309    0.9338   -0.1360
    0.8779   -0.3574   -0.3187
...    92 T-A ...
  -63.3039 -140.3895  154.6948
   -0.1338    0.5415   -0.8300
    0.4592    0.7761    0.4323
    0.8782   -0.3233   -0.3525
...    93 T-A ...
  -60.4765 -141.3069  153.4300
    0.0508    0.9153   -0.3995
    0.4764    0.3294    0.8152
    0.8778   -0.2317   -0.4193
...    94 A-T ...
  -57.3822 -141.5560  151.9624
    0.1206    0.9594    0.2550
    0.4392   -0.2819    0.8530
    0.8903    0.0091   -0.4553
...    95 A-T ...
  -54.6367 -141.1979  150.4051
    0.3106    0.6205    0.7200
    0.3433   -0.7796    0.5237
    0.8864    0.0845   -0.4552
...    96 C-G ...
  -51.8320 -140.2341  148.7459
    0.4756    0.0767    0.8763
    0.1373   -0.9904    0.0121
    0.8689    0.1146   -0.4816
...    97 A-T ...
  -48.7364 -139.8572  147.3527
    0.4455   -0.5606    0.6981
   -0.1672   -0.8181   -0.5502
    0.8795    0.1284   -0.4582
...    98 C-G ...
  -45.5540 -138.9918  146.3778
    0.2934   -0.9178    0.2674
   -0.3849   -0.3694   -0.8458
    0.8751    0.1452   -0.4616
...    99 T-A ...
  -42.0880 -138.3744  145.3896
    0.0262   -0.9562   -0.2915
   -0.5034    0.2393   -0.8302
    0.8637    0.1685   -0.4751
...   100 T-A ...
  -39.1041 -137.9358  144.1119
   -0.2358   -0.6082   -0.7579
   -0.4411    0.7619   -0.4742
    0.8659    0.2225   -0.4479
...   101 T-A ...
  -36.1776 -137.3302  142.7483
   -0.4547   -0.0410   -0.8897
   -0.2350    0.9691    0.0755
    0.8591    0.2434   -0.4503
...   102 A-T ...
  -33.3465 -136.0627  141.3482
   -0.5494    0.5668   -0.6139
    0.0950    0.7723    0.6281
    0.8301    0.2868   -0.4782
...   103 T-A ...
  -30.9996 -135.4603  139.2548
   -0.4946    0.8473   -0.1936
    0.3600    0.4025    0.8417
    0.7911    0.3466   -0.5041
...   104 G-C ...
  -28.5716 -134.1422  137.3724
   -0.2568    0.8741    0.4123
    0.6201   -0.1782    0.7640
    0.7413    0.4519   -0.4963
...   105 C-G ...
  -26.4700 -132.1980  135.6915
    0.0980    0.5985    0.7951
    0.6764   -0.6261    0.3879
    0.7300    0.4998   -0.4662
...   106 T-A ...
  -24.1499 -129.8368  134.4407
    0.4814    0.1146    0.8690
    0.5462   -0.8146   -0.1951
    0.6855    0.5685   -0.4547
...   107 T-A ...
  -22.0058 -127.7724  133.1860
    0.7050   -0.3868    0.5944
    0.1838   -0.7099   -0.6799
    0.6850    0.5886   -0.4294
...   108 C-G ...
  -19.6343 -125.6563  131.9339
    0.6842   -0.7292    0.0150
   -0.3048   -0.3046   -0.9024
    0.6626    0.6128   -0.4306
...   109 C-G ...
  -17.3950 -123.6165  130.5937
    0.3473   -0.8203   -0.4544
   -0.6292    0.1554   -0.7615
    0.6953    0.5504   -0.4622
...   110 G-C ...
  -15.5822 -121.6287  128.9565
   -0.1101   -0.6462   -0.7552
   -0.7249    0.5721   -0.3838
    0.6800    0.5052   -0.5314
...   111 G-C ...
  -13.2695 -120.0773  127.0834
   -0.5592   -0.2329   -0.7957
   -0.5349    0.8346    0.1317
    0.6334    0.4992   -0.5913
...   112 C-G ...
  -11.0813 -118.8717  124.8613
   -0.7987    0.2574   -0.5439
   -0.1230    0.8149    0.5664
    0.5890    0.5193   -0.6192
...   113 T-A ...
   -9.2283 -117.2302  122.6251
   -0.7797    0.6184   -0.0987
    0.3427    0.5532    0.7593
    0.5241    0.5581   -0.6432
...   114 C-G ...
   -7.6084 -115.1504  120.6133
   -0.4425    0.8014    0.4024
    0.7681    0.1072    0.6313
    0.4628    0.5884   -0.6630
...   115 G-C ...
   -5.7003 -113.0723  118.7911
    0.0750    0.6527    0.7539
    0.9028   -0.3655    0.2266
    0.4235    0.6636   -0.6167
...   116 T-A ...
   -4.8712 -110.2696  117.0606
    0.5460    0.3107    0.7780
    0.7162   -0.6549   -0.2411
    0.4346    0.6889   -0.5801
...   117 A-T ...
   -3.5500 -107.6081  115.3747
    0.8541   -0.1776    0.4889
    0.2490   -0.6856   -0.6840
    0.4567    0.7060   -0.5413
...   118 T-A ...
   -2.1373 -104.8686  114.1829
    0.8684   -0.4945    0.0376
   -0.2418   -0.4885   -0.8384
    0.4330    0.7190   -0.5437
...   119 A-T ...
   -0.9885 -102.3400  112.0489
    0.4813   -0.6421   -0.5967
   -0.7906   -0.0240   -0.6119
    0.3786    0.7662   -0.5192
...   120 A-T ...
    0.5053  -99.8578  110.5517
   -0.0748   -0.5322   -0.8433
   -0.9258    0.3512   -0.1395
    0.3704    0.7703   -0.5190
...   121 T-A ...
    2.2749  -97.6275  108.7994
   -0.5594   -0.2527   -0.7894
   -0.7420    0.5772    0.3410
    0.3695    0.7765   -0.5104
...   122 G-C ...
    3.5061  -94.9254  106.9868
   -0.9265    0.1047   -0.3616
   -0.2265    0.6121    0.7577
    0.3007    0.7838   -0.5433
...   123 T-A ...
    4.4030  -92.6111  104.8121
   -0.9105    0.3997    0.1062
    0.2998    0.4608    0.8354
    0.2849    0.7924   -0.5393
...   124 G-C ...
    5.2699  -89.8697  103.0099
   -0.5585    0.5423    0.6277
    0.7997    0.1509    0.5811
    0.2204    0.8265   -0.5180
...   125 T-A ...
    5.5137  -87.2293  101.1834
   -0.0516    0.5004    0.8643
    0.9771   -0.1535    0.1472
    0.2063    0.8521   -0.4810
...   126 C-G ...
    6.1199  -84.4375   99.7553
    0.5473    0.3122    0.7765
    0.8147   -0.4112   -0.4089
    0.1916    0.8564   -0.4794
...   127 G-C ...
    7.2743  -81.8280   97.9540
    0.8804   -0.0831    0.4668
    0.3754   -0.4792   -0.7934
    0.2897    0.8737   -0.3907
...   128 A-T ...
    8.0963  -78.9965   96.7220
    0.9282   -0.3573   -0.1035
   -0.2338   -0.3441   -0.9094
    0.2893    0.8683   -0.4029
...   129 C-G ...
    9.3238  -75.9723   96.1377
    0.6388   -0.5223   -0.5649
   -0.6981   -0.0849   -0.7110
    0.3234    0.8485   -0.4188
...   130 C-G ...
   10.8913  -73.2654   94.7656
    0.1156   -0.5627   -0.8185
   -0.9202    0.2497   -0.3016
    0.3741    0.7880   -0.4889
...   131 A-T ...
   11.2883  -70.2534   93.1126
   -0.5016   -0.3305   -0.7995
   -0.7871    0.5579    0.2633
    0.3590    0.7613   -0.5400
...   132 A-T ...
   12.4869  -67.8580   91.2031
   -0.8708    0.0670   -0.4871
   -0.3308    0.6532    0.6811
    0.3638    0.7543   -0.5466
...   133 A-T ...
   13.7498  -65.6419   89.1333
   -0.8762    0.4820   -0.0058
    0.2550    0.4738    0.8429
    0.4090    0.7370   -0.5381
...   134 T-A ...
   14.7384  -63.4258   86.8199
   -0.5923    0.6747    0.4404
    0.6886    0.1401    0.7115
    0.4183    0.7247   -0.5475
...   135 G-C ...
   15.7317  -61.4927   83.9330
    0.0341    0.7400    0.6717
    0.8636   -0.3601    0.3528
    0.5030    0.5681   -0.6514
...   136 T-A ...
   15.7848  -59.5603   80.7992
    0.5517    0.4998    0.6677
    0.6739   -0.7388   -0.0038
    0.4915    0.4520   -0.7444
...   137 G-C ...
   16.8385  -57.7218   78.2675
    0.8528   -0.0848    0.5153
    0.1507   -0.9048   -0.3983
    0.5000    0.4173   -0.7588
...   138 A-T ...
   18.4283  -55.5286   76.5299
    0.8547   -0.5006    0.1371
   -0.3188   -0.7148   -0.6224
    0.4096    0.4883   -0.7706
...   139 G-C ...
   20.4259  -54.3092   74.5419
    0.5847   -0.7389   -0.3347
   -0.7593   -0.3533   -0.5465
    0.2856    0.5737   -0.7676
...   140 C-G ...
   21.4270  -51.8265   72.7875
    0.1304   -0.7144   -0.6875
   -0.8897    0.2216   -0.3991
    0.4375    0.6637   -0.6067
...   141 G-C ...
   22.1521  -50.1494   67.4640
   -0.4682   -0.8748    0.1248
   -0.8494    0.4066   -0.3364
    0.2435   -0.2635   -0.9334
...   142 C-G ...
   22.3489  -51.2413   64.4933
   -0.8528   -0.5119   -0.1032
   -0.4975    0.8565   -0.1374
    0.1587   -0.0659   -0.9851
...   143 T-A ...
   24.0166  -51.6378   61.9248
   -0.9562    0.0401   -0.2898
    0.0524    0.9980   -0.0348
    0.2878   -0.0485   -0.9564
...   144 C-G ...
   24.8958  -52.7395   58.9873
   -0.7529    0.5560   -0.3520
    0.5214    0.8304    0.1965
    0.4016   -0.0356   -0.9151
...   145 A-T ...
   25.5276  -52.9802   55.8053
   -0.2442    0.9563   -0.1610
    0.8906    0.2869    0.3528
    0.3836   -0.0573   -0.9217
...   146 C-G ...
   25.2778  -52.5122   52.0796
    0.3204    0.9427   -0.0929
    0.8825   -0.2614    0.3909
    0.3443   -0.2072   -0.9157
...   147 A-T ...
   25.6239  -52.5939   48.6395
    0.8597    0.5097    0.0339
    0.4496   -0.7865    0.4233
    0.2424   -0.3487   -0.9053
