  147 base-pairs
...     1 T-A ...
    0.0000    0.0000    0.0000
    1.0000    0.0000    0.0000
    0.0000    1.0000    0.0000
    0.0000    0.0000    1.0000
...     2 G-C ...
   -0.5555   -1.1003    3.3981
    0.7749    0.6051    0.1828
   -0.5991    0.7953   -0.0929
   -0.2016   -0.0375    0.9787
...     3 T-A ...
   -0.6619   -3.0237    6.5348
    0.3046    0.9250    0.2271
   -0.8994    0.3578   -0.2510
   -0.3134   -0.1278    0.9410
...     4 G-C ...
   -1.1607   -3.8418    9.6940
   -0.3351    0.9421    0.0133
   -0.8752   -0.3061   -0.3746
   -0.3489   -0.1372    0.9271
...     5 A-T ...
   -1.3881   -3.6770   12.8999
   -0.7835    0.6162   -0.0801
   -0.5677   -0.7622   -0.3109
   -0.2527   -0.1981    0.9470
...     6 G-C ...
   -2.6236   -3.5448   15.7072
   -0.9923    0.0611   -0.1075
   -0.0294   -0.9610   -0.2748
   -0.1201   -0.2695    0.9555
...     7 C-G ...
   -2.3138   -3.7570   18.8866
   -0.8620   -0.4995   -0.0864
    0.5008   -0.8655    0.0073
   -0.0785   -0.0370    0.9962
...     8 G-C ...
   -3.9561   -6.8109   23.3205
   -0.2581   -0.3560   -0.8981
    0.6294   -0.7673    0.1233
   -0.7330   -0.5335    0.4221
...     9 C-G ...
   -6.1177   -8.9414   24.2385
    0.1143   -0.7320   -0.6716
    0.8123   -0.3203    0.4874
   -0.5720   -0.6013    0.5580
...    10 T-A ...
   -8.5041   -9.6771   26.0540
    0.4660   -0.8587   -0.2131
    0.6274    0.1508    0.7640
   -0.6239   -0.4897    0.6090
...    11 C-G ...
  -11.0625  -11.3174   27.2336
    0.6660   -0.6911    0.2808
    0.3382    0.6152    0.7121
   -0.6649   -0.3794    0.6435
...    12 A-T ...
  -13.0013  -13.1789   29.0658
    0.7188   -0.1490    0.6790
   -0.1787    0.9043    0.3876
   -0.6718   -0.4000    0.6235
...    13 C-G ...
  -14.1788  -15.9359   31.3399
    0.4052    0.2865    0.8682
   -0.5270    0.8492   -0.0343
   -0.7470   -0.4437    0.4951
...    14 A-T ...
  -15.9532  -18.1566   33.3080
   -0.1503    0.6873    0.7107
   -0.6106    0.5008   -0.6135
   -0.7776   -0.5261    0.3444
...    15 A-T ...
  -18.4912  -19.7895   34.5160
   -0.4501    0.8722    0.1918
   -0.4140   -0.0134   -0.9102
   -0.7913   -0.4890    0.3671
...    16 T-A ...
  -20.8863  -21.2310   36.4311
   -0.6292    0.7032   -0.3311
   -0.0931   -0.4911   -0.8661
   -0.7717   -0.5141    0.3745
...    17 T-A ...
  -23.4076  -22.6541   37.9815
   -0.5912    0.2507   -0.7665
    0.3012   -0.8130   -0.4983
   -0.7481   -0.5255    0.4052
...    18 T-A ...
  -25.9705  -24.1303   39.3989
   -0.3187   -0.2865   -0.9035
    0.5909   -0.8054    0.0470
   -0.7412   -0.5189    0.4260
...    19 A-T ...
  -28.3394  -26.0721   41.0667
    0.1264   -0.7961   -0.5919
    0.6609   -0.3774    0.6486
   -0.7397   -0.4732    0.4785
...    20 T-A ...
  -31.2162  -27.3855   42.1752
    0.4296   -0.8951   -0.1197
    0.5023    0.1267    0.8554
   -0.7505   -0.4276    0.5040
...    21 T-A ...
  -33.7871  -28.8147   43.5772
    0.6153   -0.6532    0.4412
    0.1447    0.6438    0.7514
   -0.7749   -0.3985    0.4907
...    22 C-G ...
  -36.3640  -30.0896   45.2078
    0.5987   -0.1216    0.7917
   -0.2593    0.9058    0.3352
   -0.7579   -0.4060    0.5107
...    23 G-C ...
  -39.1500  -30.8302   47.0363
    0.4703    0.4691    0.7475
   -0.5580    0.8143   -0.1599
   -0.6837   -0.3419    0.6447
...    24 C-G ...
  -41.1391  -32.2314   49.2428
    0.1479    0.8478    0.5093
   -0.7178    0.4463   -0.5344
   -0.6804   -0.2866    0.6745
...    25 A-T ...
  -43.7586  -33.0184   51.1665
   -0.2415    0.9698    0.0347
   -0.6785   -0.1431   -0.7205
   -0.6938   -0.1975    0.6926
...    26 A-T ...
  -45.9944  -33.4807   53.5266
   -0.5778    0.7089   -0.4044
   -0.4231   -0.6839   -0.5944
   -0.6979   -0.1724    0.6951
...    27 A-T ...
  -48.1410  -33.7501   55.9730
   -0.7237    0.1707   -0.6687
   -0.0022   -0.9695   -0.2451
   -0.6901   -0.1759    0.7020
...    28 G-C ...
  -50.6316  -33.8494   58.2836
   -0.5728   -0.3785   -0.7271
    0.3759   -0.9095    0.1774
   -0.7284   -0.1717    0.6633
...    29 G-C ...
  -53.3763  -34.2556   60.3549
   -0.2019   -0.8329   -0.5153
    0.6271   -0.5141    0.5852
   -0.7523   -0.2050    0.6261
...    30 C-G ...
  -56.0859  -34.8931   62.1226
    0.2212   -0.9686   -0.1137
    0.6192    0.0494    0.7837
   -0.7535   -0.2438    0.6106
...    31 C-G ...
  -58.8145  -35.6113   63.9905
    0.5775   -0.7535    0.3142
    0.3795    0.5885    0.7139
   -0.7228   -0.2931    0.6258
...    32 G-C ...
  -60.9376  -36.2492   66.1972
    0.7580   -0.2932    0.5826
    0.0019    0.8942    0.4476
   -0.6523   -0.3382    0.6784
...    33 G-C ...
  -62.8581  -37.5659   68.6165
    0.6675    0.2899    0.6858
   -0.4399    0.8967    0.0491
   -0.6008   -0.3345    0.7261
...    34 C-G ...
  -64.5752  -38.9029   71.0830
    0.3308    0.7642    0.5537
   -0.7467    0.5707   -0.3416
   -0.5771   -0.3004    0.7594
...    35 C-G ...
  -66.2063  -39.6709   73.9858
   -0.1164    0.9706    0.2108
   -0.8178    0.0267   -0.5749
   -0.5636   -0.2393    0.7906
...    36 C-G ...
  -67.9632  -40.1940   76.8310
   -0.5373    0.8196   -0.1991
   -0.6297   -0.5468   -0.5518
   -0.5611   -0.1711    0.8099
...    37 G-C ...
  -70.1785  -41.5276   79.1055
   -0.7614    0.3682   -0.5336
   -0.2101   -0.9188   -0.3341
   -0.6133   -0.1423    0.7769
...    38 A-T ...
  -72.0770  -41.9396   81.6346
   -0.7345   -0.2525   -0.6299
    0.2922   -0.9554    0.0424
   -0.6125   -0.1529    0.7755
...    39 C-G ...
  -74.3810  -42.0746   83.8864
   -0.4416   -0.7148   -0.5423
    0.6283   -0.6778    0.3818
   -0.6405   -0.1721    0.7484
...    40 A-T ...
  -76.6068  -42.7680   86.3346
    0.0678   -0.9638   -0.2579
    0.7602   -0.1176    0.6390
   -0.6462   -0.2394    0.7247
...    41 C-G ...
  -79.0163  -43.8523   88.3387
    0.4879   -0.8686    0.0863
    0.6010    0.4060    0.6884
   -0.6330   -0.2840    0.7202
...    42 G-C ...
  -80.8266  -44.5343   91.0714
    0.7927   -0.4281    0.4341
    0.1682    0.8379    0.5192
   -0.5860   -0.3386    0.7362
...    43 A-T ...
  -82.7526  -45.6333   93.3591
    0.7382    0.1582    0.6558
   -0.3329    0.9309    0.1502
   -0.5867   -0.3292    0.7399
...    44 C-G ...
  -84.3303  -47.2607   95.7680
    0.4657    0.6524    0.5980
   -0.6935    0.6888   -0.2114
   -0.5498   -0.3162    0.7731
...    45 T-A ...
  -85.7098  -48.5972   98.8284
   -0.0062    0.9438    0.3306
   -0.8415    0.1736   -0.5115
   -0.5401   -0.2814    0.7931
...    46 T-A ...
  -87.2413  -49.5203  101.5135
   -0.4708    0.8822    0.0052
   -0.6929   -0.3661   -0.6212
   -0.5461   -0.2960    0.7837
...    47 A-T ...
  -89.2867  -50.7174  103.9458
   -0.8126    0.4266   -0.3972
   -0.2161   -0.8533   -0.4745
   -0.5414   -0.2997    0.7856
...    48 C-G ...
  -91.1040  -51.0421  106.7437
   -0.7891   -0.0990   -0.6062
    0.2561   -0.9501   -0.1781
   -0.5584   -0.2958    0.7751
...    49 T-A ...
  -93.2720  -51.7140  109.2687
   -0.4744   -0.5785   -0.6635
    0.6355   -0.7467    0.1966
   -0.6092   -0.3284    0.7219
...    50 G-C ...
  -95.3703  -53.0320  111.5799
    0.0594   -0.8537   -0.5173
    0.7827   -0.2818    0.5549
   -0.6196   -0.4379    0.6515
...    51 T-A ...
  -97.7174  -54.4518  113.2593
    0.4872   -0.8519   -0.1919
    0.6333    0.1934    0.7493
   -0.6013   -0.4866    0.6338
...    52 A-T ...
  -99.5368  -56.2185  115.4557
    0.8277   -0.5134    0.2268
    0.1942    0.6411    0.7425
   -0.5266   -0.5705    0.6303
...    53 G-C ...
 -101.3121  -58.1861  117.3453
    0.8549   -0.0406    0.5172
   -0.2860    0.7949    0.5351
   -0.4329   -0.6053    0.6680
...    54 G-C ...
 -102.2782  -60.8430  119.5721
    0.5681    0.4698    0.6757
   -0.7421    0.6474    0.1738
   -0.3558   -0.6001    0.7164
...    55 T-A ...
 -102.9213  -62.9493  122.0144
    0.0872    0.7425    0.6642
   -0.9377    0.2862   -0.1968
   -0.3362   -0.6057    0.7212
...    56 A-T ...
 -103.7203  -64.9396  124.6540
   -0.4975    0.7724    0.3949
   -0.8042   -0.2398   -0.5439
   -0.3254   -0.5881    0.7404
...    57 T-A ...
 -104.2323  -66.5715  127.4877
   -0.8625    0.5015    0.0679
   -0.4082   -0.6102   -0.6790
   -0.2990   -0.6134    0.7310
...    58 C-G ...
 -105.2849  -68.4291  130.1241
   -0.9269   -0.0041   -0.3753
    0.2391   -0.7773   -0.5820
   -0.2894   -0.6291    0.7214
...    59 T-A ...
 -106.5622  -70.3494  132.5891
   -0.6290   -0.3954   -0.6693
    0.7073   -0.6483   -0.2817
   -0.3225   -0.6506    0.6875
...    60 C-G ...
 -107.6497  -72.5004  134.9901
   -0.0668   -0.6793   -0.7308
    0.9483   -0.2709    0.1651
   -0.3102   -0.6820    0.6623
...    61 G-C ...
 -108.1072  -74.9706  137.2206
    0.4994   -0.5579   -0.6629
    0.8365    0.1113    0.5365
   -0.2255   -0.8224    0.5222
...    62 A-T ...
 -108.7658  -77.5840  139.1190
    0.9076   -0.3195   -0.2725
    0.3953    0.4312    0.8111
   -0.1417   -0.8438    0.5176
...    63 G-C ...
 -109.0586  -80.5620  140.5809
    0.9872    0.0327    0.1561
   -0.1510    0.5067    0.8488
   -0.0514   -0.8615    0.5051
...    64 C-G ...
 -108.8364  -83.6900  141.9370
    0.7138    0.3578    0.6020
   -0.7003    0.3605    0.6161
    0.0034   -0.8614    0.5079
...    65 T-A ...
 -108.6095  -86.5391  143.5901
    0.2104    0.5133    0.8320
   -0.9757    0.0572    0.2115
    0.0610   -0.8563    0.5128
...    66 C-G ...
 -108.7116  -89.1917  145.5273
   -0.4320    0.4295    0.7930
   -0.8928   -0.3280   -0.3087
    0.1275   -0.8414    0.5252
...    67 G-C ...
 -109.3030  -92.5124  146.8419
   -0.8827    0.1494    0.4457
   -0.4486   -0.5505   -0.7040
    0.1402   -0.8213    0.5529
...    68 G-C ...
 -108.6931  -95.2274  148.8203
   -0.9830   -0.1689   -0.0718
    0.1483   -0.5002   -0.8531
    0.1082   -0.8493    0.5167
...    69 G-C ...
 -108.3539  -97.9772  150.7111
   -0.7400   -0.3403   -0.5801
    0.6713   -0.3200   -0.6686
    0.0419   -0.8842    0.4653
...    70 A-T ...
 -108.3747 -100.8559  152.4472
   -0.1812   -0.4402   -0.8794
    0.9818   -0.0288   -0.1879
    0.0574   -0.8974    0.4374
...    71 T-A ...
 -108.7962 -103.8295  153.7993
    0.3581   -0.3497   -0.8657
    0.9307    0.2078    0.3010
    0.0746   -0.9135    0.3999
...    72 C-G ...
 -108.6454 -106.9393  154.9111
    0.8323   -0.0997   -0.5453
    0.5410    0.3607    0.7598
    0.1209   -0.9274    0.3541
...    73 C-G ...
 -108.3298 -110.0144  156.0081
    0.9622    0.2477   -0.1134
    0.0231    0.3406    0.9399
    0.2714   -0.9070    0.3220
...    74 G-C ...
 -107.2046 -112.8271  157.4678
    0.7588    0.5262    0.3838
   -0.4908    0.0748    0.8680
    0.4281   -0.8471    0.3150
...    75 C-G ...
 -105.1383 -115.4969  158.3247
    0.3272    0.4769    0.8158
   -0.8188   -0.2880    0.4967
    0.4718   -0.8305    0.2963
...    76 T-A ...
 -102.9568 -117.9125  159.7327
   -0.2019    0.1920    0.9604
   -0.8085   -0.5861   -0.0528
    0.5528   -0.7872    0.2736
...    77 T-A ...
 -100.8486 -120.2532  160.6811
   -0.5973   -0.2824    0.7506
   -0.5162   -0.5809   -0.6294
    0.6138   -0.7634    0.2012
...    78 T-A ...
  -98.5606 -122.4872  161.5689
   -0.7240   -0.6478    0.2368
   -0.0757   -0.2665   -0.9608
    0.6856   -0.7136    0.1439
...    79 A-T ...
  -95.8940 -124.5476  161.0728
   -0.5072   -0.7499   -0.4248
    0.3567    0.2661   -0.8955
    0.7846   -0.6057    0.1325
...    80 A-T ...
  -93.3966 -126.5122  161.6372
   -0.1873   -0.4530   -0.8716
    0.5500    0.6869   -0.4751
    0.8139   -0.5683    0.1205
...    81 C-G ...
  -90.9915 -128.8322  162.2003
    0.1274    0.0226   -0.9916
    0.5400    0.8370    0.0884
    0.8320   -0.5467    0.0944
...    82 A-T ...
  -88.1320 -130.6210  162.3991
    0.3202    0.5760   -0.7522
    0.3715    0.6540    0.6590
    0.8715   -0.4904   -0.0046
...    83 C-G ...
  -85.3304 -132.2831  161.6942
    0.4232    0.8616   -0.2803
    0.1659    0.2304    0.9588
    0.8907   -0.4523   -0.0455
...    84 T-A ...
  -82.1301 -133.6764  160.9546
    0.3478    0.8674    0.3559
   -0.0773   -0.3517    0.9329
    0.9344   -0.3520   -0.0553
...    85 T-A ...
  -79.0088 -134.5773  160.5297
    0.2616    0.4705    0.8427
   -0.2482   -0.8109    0.5299
    0.9327   -0.3478   -0.0954
...    86 T-A ...
  -75.8633 -135.4294  160.1068
    0.1066   -0.1178    0.9873
   -0.3543   -0.9323   -0.0730
    0.9290   -0.3420   -0.1411
...    87 A-T ...
  -72.7266 -136.8489  159.2909
   -0.0638   -0.7942    0.6043
   -0.3574   -0.5472   -0.7569
    0.9318   -0.2643   -0.2489
...    88 T-A ...
  -69.4853 -137.4295  159.1131
   -0.2280   -0.9622    0.1487
   -0.2852   -0.0800   -0.9551
    0.9310   -0.2602   -0.2562
...    89 G-C ...
  -66.4097 -138.4618  158.4516
   -0.4333   -0.7823   -0.4475
   -0.0620    0.5212   -0.8512
    0.8991   -0.3411   -0.2744
...    90 C-G ...
  -63.5846 -139.9224  157.6534
   -0.4395   -0.3423   -0.8305
    0.1561    0.8814   -0.4459
    0.8846   -0.3256   -0.3339
...    91 T-A ...
  -60.6179 -141.3894  156.6670
   -0.3267    0.2501   -0.9114
    0.3747    0.9196    0.1180
    0.8677   -0.3029   -0.3942
...    92 T-A ...
  -57.9539 -142.4623  155.2684
   -0.1372    0.7427   -0.6554
    0.5106    0.6200    0.5957
    0.8488   -0.2530   -0.4643
...    93 C-G ...
  -55.2721 -143.1700  153.4855
    0.0924    0.9856   -0.1413
    0.5216    0.0730    0.8501
    0.8482   -0.1523   -0.5073
...    94 C-G ...
  -52.5432 -143.4868  151.6798
    0.2447    0.8841    0.3981
    0.4236   -0.4668    0.7763
    0.8721   -0.0214   -0.4888
...    95 G-C ...
  -49.5992 -143.3355  150.6192
    0.3338    0.5007    0.7986
    0.3066   -0.8589    0.4103
    0.8914    0.1079   -0.4402
...    96 G-C ...
  -46.4559 -142.5236  149.6011
    0.4105   -0.0739    0.9089
    0.1274   -0.9823   -0.1374
    0.9029    0.1722   -0.3938
...    97 C-G ...
  -43.3424 -141.4986  148.7884
    0.3912   -0.6259    0.6747
   -0.1022   -0.7581   -0.6440
    0.9146    0.1831   -0.3606
...    98 T-A ...
  -39.9903 -140.8036  148.0649
    0.2678   -0.9506    0.1570
   -0.2720   -0.2309   -0.9342
    0.9243    0.2075   -0.3204
...    99 T-A ...
  -36.9390 -140.1292  147.2519
    0.0628   -0.9068   -0.4169
   -0.3863    0.3631   -0.8479
    0.9202    0.2143   -0.3274
...   100 C-G ...
  -33.9466 -139.0095  146.0709
   -0.2061   -0.4850   -0.8499
   -0.3637    0.8443   -0.3936
    0.9084    0.2279   -0.3504
...   101 A-T ...
  -30.9857 -137.5723  145.0973
   -0.4847    0.0871   -0.8703
   -0.1819    0.9632    0.1977
    0.8555    0.2542   -0.4511
...   102 T-A ...
  -28.2460 -137.1428  143.3676
   -0.5602    0.5555   -0.6145
    0.1017    0.7824    0.6145
    0.8221    0.2817   -0.4948
...   103 G-C ...
  -25.4906 -136.0149  141.5177
   -0.4829    0.8743   -0.0492
    0.4443    0.2930    0.8466
    0.7546    0.3869   -0.5300
...   104 T-A ...
  -23.3985 -134.6583  139.2456
   -0.1759    0.8840    0.4331
    0.6502   -0.2260    0.7254
    0.7392    0.4092   -0.5350
...   105 T-A ...
  -21.1996 -133.1827  137.4562
    0.2163    0.5866    0.7805
    0.6513   -0.6822    0.3322
    0.7273    0.4365   -0.5296
...   106 A-T ...
  -18.5648 -131.8405  135.6805
    0.6108   -0.0031    0.7918
    0.3520   -0.8947   -0.2750
    0.7093    0.4467   -0.5454
...   107 T-A ...
  -16.4427 -129.7640  134.2495
    0.7247   -0.4588    0.5141
   -0.0174   -0.7581   -0.6519
    0.6888    0.4635   -0.5574
...   108 A-T ...
  -14.2723 -128.1965  132.0042
    0.5632   -0.8167   -0.1256
   -0.5294   -0.2399   -0.8137
    0.6344    0.5248   -0.5675
...   109 A-T ...
  -12.1384 -126.4308  130.3327
    0.1576   -0.7796   -0.6062
   -0.7780    0.2800   -0.5624
    0.6081    0.5603   -0.5624
...   110 C-G ...
   -9.5858 -124.7631  128.7515
   -0.3081   -0.4775   -0.8229
   -0.7419    0.6620   -0.1063
    0.5955    0.5778   -0.5582
...   111 G-C ...
   -7.9621 -122.6613  126.8242
   -0.7397   -0.0487   -0.6711
   -0.4150    0.8181    0.3980
    0.5297    0.5730   -0.6254
...   112 G-C ...
   -6.4524 -120.8447  124.5332
   -0.8989    0.3374   -0.2795
    0.0677    0.7372    0.6723
    0.4329    0.5855   -0.6855
...   113 A-T ...
   -5.3000 -118.8804  122.2044
   -0.7110    0.6662    0.2250
    0.6004    0.4087    0.6874
    0.3660    0.6238   -0.6906
...   114 C-G ...
   -4.7493 -116.8428  119.6475
   -0.3002    0.7704    0.5624
    0.8943    0.0223    0.4469
    0.3318    0.6371   -0.6957
...   115 G-C ...
   -3.8531 -114.3578  117.4079
    0.2252    0.5391    0.8116
    0.9244   -0.3814   -0.0033
    0.3077    0.7510   -0.5842
...   116 T-A ...
   -3.3111 -111.3606  115.9458
    0.6829    0.2075    0.7004
    0.6521   -0.6053   -0.4565
    0.3293    0.7685   -0.5487
...   117 A-T ...
   -2.3005 -108.4550  114.4506
    0.9206   -0.2347    0.3121
    0.1225   -0.5854   -0.8014
    0.3708    0.7760   -0.5102
...   118 T-A ...
   -1.0622 -105.5838  113.4251
    0.8561   -0.4907   -0.1623
   -0.3770   -0.3781   -0.8455
    0.3536    0.7850   -0.5087
...   119 A-T ...
   -0.1487 -102.8679  111.4857
    0.3971   -0.5890   -0.7039
   -0.8559    0.0391   -0.5156
    0.3312    0.8072   -0.4886
...   120 A-T ...
    1.2180 -100.2988  110.0266
   -0.1771   -0.4642   -0.8679
   -0.9278    0.3728   -0.0101
    0.3283    0.8035   -0.4967
...   121 T-A ...
    2.8419  -97.9772  108.2560
   -0.6430   -0.1887   -0.7423
   -0.6909    0.5610    0.4559
    0.3304    0.8060   -0.4911
...   122 G-C ...
    3.9450  -95.2193  106.4715
   -0.9542    0.1374   -0.2657
   -0.1446    0.5657    0.8119
    0.2619    0.8131   -0.5199
...   123 T-A ...
    4.6740  -92.7959  104.3578
   -0.8919    0.4023    0.2065
    0.3772    0.4099    0.8305
    0.2495    0.8186   -0.5173
...   124 G-C ...
    5.4159  -89.9903  102.6229
   -0.5010    0.5140    0.6963
    0.8442    0.1132    0.5239
    0.1905    0.8503   -0.4906
...   125 T-A ...
    5.5503  -87.2717  100.8984
    0.0170    0.4582    0.8887
    0.9831   -0.1695    0.0686
    0.1820    0.8725   -0.4534
...   126 C-G ...
    6.0834  -84.4315   99.5495
    0.6018    0.2700    0.7516
    0.7803   -0.3996   -0.4812
    0.1704    0.8760   -0.4511
...   127 G-C ...
    7.1436  -81.7600   97.8144
    0.8995   -0.1160    0.4214
    0.3306   -0.4499   -0.8296
    0.2858    0.8855   -0.3663
...   128 A-T ...
    7.9462  -78.8993   96.6651
    0.9174   -0.3669   -0.1541
   -0.2752   -0.3051   -0.9117
    0.2875    0.8788   -0.3809
...   129 C-G ...
    9.2126  -75.8859   96.1407
    0.6108   -0.5116   -0.6043
   -0.7228   -0.0488   -0.6893
    0.3232    0.8578   -0.3996
...   130 C-G ...
   10.8272  -73.1870   94.8061
    0.0869   -0.5418   -0.8360
   -0.9231    0.2717   -0.2720
    0.3745    0.7954   -0.4765
...   131 A-T ...
   11.2962  -70.2207   93.1507
   -0.5154   -0.3224   -0.7940
   -0.7791    0.5621    0.2776
    0.3568    0.7617   -0.5409
...   132 A-T ...
   12.4941  -67.8406   91.2236
   -0.8745    0.0714   -0.4798
   -0.3226    0.6530    0.6852
    0.3622    0.7539   -0.5481
...   133 A-T ...
   13.7516  -65.6314   89.1435
   -0.8748    0.4845   -0.0007
    0.2607    0.4718    0.8423
    0.4084    0.7367   -0.5390
...   134 T-A ...
   14.7385  -63.4258   86.8200
   -0.5923    0.6747    0.4404
    0.6886    0.1401    0.7115
    0.4183    0.7247   -0.5475
...   135 G-C ...
   15.7318  -61.4928   83.9331
    0.0341    0.7400    0.6717
    0.8636   -0.3601    0.3528
    0.5030    0.5681   -0.6514
...   136 T-A ...
   15.7849  -59.5604   80.7993
    0.5517    0.4998    0.6677
    0.6739   -0.7388   -0.0038
    0.4915    0.4520   -0.7444
...   137 G-C ...
   16.8386  -57.7218   78.2676
    0.8528   -0.0848    0.5153
    0.1507   -0.9048   -0.3983
    0.5000    0.4173   -0.7588
...   138 A-T ...
   18.4283  -55.5286   76.5299
    0.8547   -0.5006    0.1371
   -0.3188   -0.7148   -0.6224
    0.4096    0.4883   -0.7706
...   139 G-C ...
   20.4260  -54.3093   74.5420
    0.5847   -0.7389   -0.3347
   -0.7593   -0.3533   -0.5465
    0.2856    0.5737   -0.7676
...   140 C-G ...
   21.4270  -51.8265   72.7876
    0.1304   -0.7144   -0.6875
   -0.8897    0.2216   -0.3991
    0.4375    0.6637   -0.6067
...   141 G-C ...
   22.1522  -50.1494   67.4640
   -0.4682   -0.8748    0.1248
   -0.8494    0.4066   -0.3364
    0.2435   -0.2635   -0.9334
...   142 C-G ...
   22.3489  -51.2413   64.4934
   -0.8528   -0.5119   -0.1032
   -0.4975    0.8565   -0.1374
    0.1587   -0.0659   -0.9851
...   143 T-A ...
   24.0167  -51.6378   61.9248
   -0.9562    0.0401   -0.2898
    0.0524    0.9980   -0.0348
    0.2878   -0.0485   -0.9564
...   144 C-G ...
   24.8959  -52.7395   58.9874
   -0.7529    0.5560   -0.3520
    0.5214    0.8304    0.1965
    0.4016   -0.0356   -0.9151
...   145 A-T ...
   25.5277  -52.9802   55.8054
   -0.2442    0.9563   -0.1610
    0.8906    0.2869    0.3528
    0.3836   -0.0573   -0.9217
...   146 C-G ...
   25.2779  -52.5122   52.0797
    0.3204    0.9427   -0.0929
    0.8825   -0.2614    0.3909
    0.3443   -0.2072   -0.9157
...   147 A-T ...
   25.6239  -52.5939   48.6396
    0.8597    0.5097    0.0339
    0.4496   -0.7865    0.4233
    0.2424   -0.3487   -0.9053
