  147 base-pairs
...     1 T-A ...
    0.0000    0.0000    0.0000
    1.0000    0.0000    0.0000
    0.0000    1.0000    0.0000
    0.0000    0.0000    1.0000
...     2 G-C ...
   -0.5555   -1.1003    3.3981
    0.7749    0.6051    0.1828
   -0.5991    0.7953   -0.0929
   -0.2016   -0.0375    0.9787
...     3 T-A ...
   -0.6619   -3.0237    6.5348
    0.3046    0.9250    0.2271
   -0.8994    0.3578   -0.2510
   -0.3134   -0.1278    0.9410
...     4 G-C ...
   -1.1607   -3.8418    9.6940
   -0.3351    0.9421    0.0133
   -0.8752   -0.3061   -0.3746
   -0.3489   -0.1372    0.9271
...     5 A-T ...
   -1.3881   -3.6770   12.8999
   -0.7835    0.6162   -0.0801
   -0.5677   -0.7622   -0.3109
   -0.2527   -0.1981    0.9470
...     6 G-C ...
   -2.6236   -3.5448   15.7072
   -0.9923    0.0611   -0.1075
   -0.0294   -0.9610   -0.2748
   -0.1201   -0.2695    0.9555
...     7 C-G ...
   -2.3138   -3.7570   18.8866
   -0.8620   -0.4995   -0.0864
    0.5008   -0.8655    0.0073
   -0.0785   -0.0370    0.9962
...     8 G-C ...
   -3.9561   -6.8109   23.3205
   -0.2581   -0.3560   -0.8981
    0.6294   -0.7673    0.1233
   -0.7330   -0.5335    0.4221
...     9 C-G ...
   -6.1177   -8.9414   24.2385
    0.1143   -0.7320   -0.6716
    0.8123   -0.3203    0.4874
   -0.5720   -0.6013    0.5580
...    10 T-A ...
   -8.5041   -9.6771   26.0540
    0.4660   -0.8587   -0.2131
    0.6274    0.1508    0.7640
   -0.6239   -0.4897    0.6090
...    11 C-G ...
  -11.0625  -11.3174   27.2336
    0.6660   -0.6911    0.2808
    0.3382    0.6152    0.7121
   -0.6649   -0.3794    0.6435
...    12 A-T ...
  -13.0013  -13.1789   29.0658
    0.7188   -0.1490    0.6790
   -0.1787    0.9043    0.3876
   -0.6718   -0.4000    0.6235
...    13 C-G ...
  -14.1788  -15.9359   31.3399
    0.4052    0.2865    0.8682
   -0.5270    0.8492   -0.0343
   -0.7470   -0.4437    0.4951
...    14 A-T ...
  -15.9532  -18.1566   33.3080
   -0.1503    0.6873    0.7107
   -0.6106    0.5008   -0.6135
   -0.7776   -0.5261    0.3444
...    15 A-T ...
  -18.3908  -19.8477   34.6209
   -0.4596    0.8638    0.2066
   -0.4140   -0.0026   -0.9103
   -0.7857   -0.5039    0.3588
...    16 T-A ...
  -20.7654  -21.2634   36.4077
   -0.5967    0.7433   -0.3023
   -0.1225   -0.4567   -0.8811
   -0.7930   -0.4887    0.3636
...    17 T-A ...
  -23.3705  -22.6620   37.7672
   -0.5563    0.3273   -0.7638
    0.2442   -0.8142   -0.5268
   -0.7943   -0.4796    0.3730
...    18 T-A ...
  -26.0555  -23.9715   39.0772
   -0.3206   -0.2345   -0.9177
    0.5228   -0.8517    0.0350
   -0.7899   -0.4686    0.3957
...    19 A-T ...
  -28.3926  -25.9050   40.6894
    0.0737   -0.7717   -0.6317
    0.6091   -0.4667    0.6412
   -0.7897   -0.4320    0.4356
...    20 T-A ...
  -31.3653  -27.0910   41.5866
    0.3661   -0.9119   -0.1855
    0.4826    0.0156    0.8757
   -0.7956   -0.4101    0.4458
...    21 T-A ...
  -34.0946  -28.4078   42.8043
    0.5557   -0.7329    0.3925
    0.1797    0.5669    0.8040
   -0.8117   -0.3762    0.4467
...    22 C-G ...
  -36.8027  -29.6768   44.2316
    0.5651   -0.2211    0.7949
   -0.1937    0.9009    0.3883
   -0.8020   -0.3734    0.4663
...    23 G-C ...
  -39.6449  -30.4823   45.9233
    0.4278    0.3864    0.8171
   -0.4938    0.8571   -0.1467
   -0.7570   -0.3407    0.5575
...    24 C-G ...
  -41.8810  -31.8770   47.9716
    0.1131    0.8185    0.5632
   -0.6530    0.4885   -0.5787
   -0.7488   -0.3023    0.5898
...    25 A-T ...
  -44.5665  -32.7033   49.8251
   -0.2168    0.9750    0.0485
   -0.6159   -0.0981   -0.7817
   -0.7574   -0.1994    0.6217
...    26 A-T ...
  -46.9225  -33.2082   52.0073
   -0.5310    0.7330   -0.4251
   -0.3759   -0.6533   -0.6571
   -0.7594   -0.1891    0.6225
...    27 A-T ...
  -49.3625  -33.5852   54.1275
   -0.6512    0.2074   -0.7300
    0.0035   -0.9611   -0.2761
   -0.7589   -0.1823    0.6252
...    28 G-C ...
  -52.0085  -33.8658   56.1607
   -0.4983   -0.3493   -0.7935
    0.3475   -0.9190    0.1864
   -0.7943   -0.1828    0.5793
...    29 G-C ...
  -54.9024  -34.3120   57.8964
   -0.1570   -0.7954   -0.5853
    0.5469   -0.5635    0.6191
   -0.8223   -0.2230    0.5235
...    30 C-G ...
  -57.8857  -34.9517   59.2903
    0.2088   -0.9668   -0.1472
    0.5303   -0.0145    0.8477
   -0.8217   -0.2551    0.5096
...    31 C-G ...
  -60.7558  -35.9591   60.7965
    0.5304   -0.7826    0.3259
    0.3012    0.5333    0.7905
   -0.7924   -0.3211    0.5186
...    32 G-C ...
  -63.3063  -36.7607   62.8994
    0.6789   -0.2881    0.6754
   -0.0834    0.8836    0.4608
   -0.7295   -0.3692    0.5758
...    33 G-C ...
  -65.6510  -38.2174   64.8569
    0.5665    0.2937    0.7700
   -0.4660    0.8848    0.0054
   -0.6797   -0.3619    0.6380
...    34 C-G ...
  -67.6073  -39.6982   67.1251
    0.2319    0.7569    0.6110
   -0.7123    0.5599   -0.4232
   -0.6624   -0.3371    0.6690
...    35 C-G ...
  -69.6358  -40.7455   69.6296
   -0.1618    0.9641    0.2105
   -0.7368    0.0238   -0.6757
   -0.6565   -0.2644    0.7065
...    36 C-G ...
  -71.7326  -41.3752   72.2242
   -0.5003    0.8250   -0.2628
   -0.5343   -0.5330   -0.6561
   -0.6813   -0.1878    0.7075
...    37 G-C ...
  -74.2852  -42.1636   74.3213
   -0.6478    0.3744   -0.6635
   -0.1648   -0.9191   -0.3578
   -0.7438   -0.1224    0.6571
...    38 A-T ...
  -76.7637  -42.4619   76.4895
   -0.5936   -0.2596   -0.7617
    0.2589   -0.9578    0.1247
   -0.7620   -0.1231    0.6358
...    39 C-G ...
  -79.5383  -42.3178   78.3442
   -0.3365   -0.7354   -0.5881
    0.5331   -0.6636    0.5248
   -0.7763   -0.1369    0.6154
...    40 A-T ...
  -82.0187  -42.9245   80.5348
    0.1187   -0.9689   -0.2172
    0.6083   -0.1019    0.7871
   -0.7848   -0.2256    0.5773
...    41 C-G ...
  -84.9372  -43.7754   81.8950
    0.4539   -0.8615    0.2275
    0.4365    0.4376    0.7861
   -0.7768   -0.2576    0.5747
...    42 G-C ...
  -87.3371  -44.5043   84.1889
    0.7017   -0.4148    0.5792
    0.0613    0.8452    0.5310
   -0.7098   -0.3371    0.6185
...    43 A-T ...
  -89.6221  -45.7016   86.2513
    0.6123    0.1959    0.7660
   -0.3912    0.9170    0.0782
   -0.6870   -0.3475    0.6381
...    44 C-G ...
  -91.4916  -47.3462   88.4760
    0.3123    0.6710    0.6724
   -0.6733    0.6557   -0.3417
   -0.6702   -0.3460    0.6565
...    45 T-A ...
  -93.4708  -48.5081   90.9098
   -0.0896    0.9358    0.3410
   -0.7514    0.1612   -0.6399
   -0.6538   -0.3135    0.6887
...    46 T-A ...
  -95.4010  -49.5323   93.3347
   -0.5412    0.8363   -0.0881
   -0.5434   -0.4278   -0.7223
   -0.6417   -0.3430    0.6860
...    47 A-T ...
  -97.7062  -51.0984   95.3265
   -0.7878    0.3243   -0.5237
   -0.0313   -0.8702   -0.4918
   -0.6151   -0.3710    0.6957
...    48 C-G ...
  -99.8607  -51.7231   97.8170
   -0.6650   -0.1978   -0.7202
    0.4054   -0.9055   -0.1256
   -0.6273   -0.3755    0.6823
...    49 T-A ...
 -102.1788  -52.7570  100.0001
   -0.2913   -0.6423   -0.7090
    0.7011   -0.6475    0.2985
   -0.6508   -0.4101    0.6389
...    50 G-C ...
 -104.2247  -54.3393  102.1519
    0.2471   -0.8503   -0.4647
    0.7266   -0.1546    0.6694
   -0.6410   -0.5031    0.5796
...    51 T-A ...
 -106.6849  -56.0724  103.5420
    0.6292   -0.7751   -0.0583
    0.4761    0.3250    0.8171
   -0.6143   -0.5419    0.5736
...    52 A-T ...
 -108.6130  -57.8569  105.6511
    0.8330   -0.3664    0.4146
   -0.0321    0.7160    0.6974
   -0.5524   -0.5942    0.5846
...    53 G-C ...
 -110.2733  -60.0840  107.4887
    0.7139    0.1294    0.6882
   -0.5020    0.7797    0.3742
   -0.4882   -0.6126    0.6216
...    54 G-C ...
 -111.5483  -62.2533  109.7571
    0.3349    0.5911    0.7338
   -0.8417    0.5377   -0.0490
   -0.4235   -0.6013    0.6776
...    55 T-A ...
 -112.3502  -64.3822  112.2127
   -0.1795    0.7940    0.5808
   -0.8938    0.1150   -0.4335
   -0.4110   -0.5969    0.6890
...    56 A-T ...
 -114.2615  -66.6008  114.0730
   -0.7790    0.6007    0.1797
   -0.5153   -0.4501   -0.7293
   -0.3572   -0.6607    0.6602
...    57 T-A ...
 -115.1971  -68.3559  116.7448
   -0.9447    0.2482   -0.2145
   -0.0183   -0.6927   -0.7210
   -0.3275   -0.6772    0.6589
...    58 C-G ...
 -116.2606  -70.5402  119.0122
   -0.7517   -0.2283   -0.6187
    0.5754   -0.6854   -0.4463
   -0.3222   -0.6915    0.6466
...    59 T-A ...
 -117.5904  -72.7007  121.2004
   -0.2879   -0.5302   -0.7975
    0.8987   -0.4373   -0.0337
   -0.3309   -0.7264    0.6023
...    60 C-G ...
 -118.7342  -75.0495  123.2204
    0.3314   -0.6469   -0.6868
    0.8937   -0.0180    0.4483
   -0.3024   -0.7624    0.5722
...    61 G-C ...
 -119.4279  -77.6260  125.3162
    0.8188   -0.4156   -0.3961
    0.5433    0.3379    0.7685
   -0.1855   -0.8444    0.5025
...    62 A-T ...
 -119.9546  -80.4536  126.8849
    0.9916   -0.0738    0.1059
   -0.0554    0.4975    0.8657
   -0.1165   -0.8643    0.4893
...    63 G-C ...
 -120.0874  -83.4548  128.3006
    0.8075    0.2821    0.5181
   -0.5895    0.4205    0.6897
   -0.0234   -0.8623    0.5058
...    64 C-G ...
 -119.6074  -86.3477  129.8931
    0.3358    0.5024    0.7968
   -0.9413    0.1468    0.3041
    0.0358   -0.8521    0.5222
...    65 T-A ...
 -119.1137  -89.0761  131.7585
   -0.2491    0.5225    0.8154
   -0.9651   -0.2044   -0.1638
    0.0811   -0.8278    0.5552
...    66 C-G ...
 -118.7999  -91.7181  133.7468
   -0.7926    0.2656    0.5488
   -0.6001   -0.4992   -0.6251
    0.1080   -0.8248    0.5551
...    67 G-C ...
 -118.6654  -94.7590  135.2518
   -0.9971   -0.0637    0.0428
    0.0008   -0.5664   -0.8241
    0.0767   -0.8217    0.5648
...    68 G-C ...
 -118.3510  -97.4208  137.3595
   -0.8160   -0.3400   -0.4675
    0.5759   -0.4075   -0.7087
    0.0505   -0.8475    0.5283
...    69 G-C ...
 -118.2110 -100.1620  139.3794
   -0.3461   -0.4444   -0.8263
    0.9367   -0.1129   -0.3315
    0.0540   -0.8887    0.4553
...    70 A-T ...
 -118.0549 -103.0210  140.9939
    0.2804   -0.3708   -0.8854
    0.9553    0.1976    0.2198
    0.0935   -0.9074    0.4097
...    71 T-A ...
 -118.2815 -106.1239  141.9991
    0.7241   -0.1810   -0.6655
    0.6783    0.3611    0.6399
    0.1245   -0.9148    0.3842
...    72 C-G ...
 -117.7918 -109.1430  143.1495
    0.9712    0.1442   -0.1895
    0.1235    0.3755    0.9185
    0.2036   -0.9155    0.3469
...    73 C-G ...
 -116.7194 -112.2139  144.0197
    0.8469    0.4312    0.3113
   -0.4164    0.1736    0.8924
    0.3308   -0.8854    0.3266
...    74 G-C ...
 -115.4000 -114.9210  145.6078
    0.4107    0.5443    0.7314
   -0.7835   -0.1996    0.5885
    0.4663   -0.8148    0.3445
...    75 C-G ...
 -113.3768 -117.3052  146.8325
   -0.1171    0.3482    0.9301
   -0.8514   -0.5173    0.0865
    0.5113   -0.7818    0.3570
...    76 T-A ...
 -111.4309 -119.6635  148.2199
   -0.5807   -0.0041    0.8141
   -0.6123   -0.6569   -0.4400
    0.5366   -0.7540    0.3790
...    77 T-A ...
 -109.4416 -121.8868  149.5893
   -0.7845   -0.4710    0.4034
   -0.1391   -0.5003   -0.8546
    0.6044   -0.7265    0.3269
...    78 T-A ...
 -107.3636 -124.0541  150.9119
   -0.6577   -0.7312   -0.1811
    0.3465   -0.0802   -0.9346
    0.6688   -0.6775    0.3061
...    79 C-G ...
 -105.0717 -126.1917  152.0457
   -0.3058   -0.6147   -0.7270
    0.6545    0.4189   -0.6295
    0.6915   -0.6683    0.2742
...    80 A-T ...
 -102.4793 -128.1645  152.9066
    0.0737   -0.1674   -0.9831
    0.6931    0.7174   -0.0703
    0.7171   -0.6762    0.1689
...    81 T-A ...
 -100.5778 -130.7999  153.3038
    0.3938    0.2500   -0.8846
    0.5507    0.7063    0.4448
    0.7360   -0.6623    0.1405
...    82 G-C ...
  -97.8916 -132.8131  153.6567
    0.5124    0.7086   -0.4851
    0.2545    0.4143    0.8739
    0.8202   -0.5712    0.0319
...    83 T-A ...
  -95.2194 -134.6221  153.0964
    0.5108    0.8580    0.0543
   -0.0353   -0.0421    0.9985
    0.8590   -0.5119    0.0087
...    84 T-A ...
  -92.3532 -136.1193  152.9454
    0.3698    0.6882    0.6242
   -0.2955   -0.5498    0.7812
    0.8809   -0.4733    0.0001
...    85 A-T ...
  -89.4653 -137.8843  153.2555
    0.0968    0.1643    0.9817
   -0.4238   -0.8856    0.1900
    0.9006   -0.4345   -0.0161
...    86 T-A ...
  -86.2244 -138.6414  153.2410
   -0.1094   -0.3463    0.9317
   -0.4025   -0.8416   -0.3601
    0.9089   -0.4144   -0.0473
...    87 A-T ...
  -83.3768 -140.4655  152.2974
   -0.2240   -0.8956    0.3844
   -0.2493   -0.3287   -0.9109
    0.9422   -0.2999   -0.1497
...    88 A-T ...
  -80.2100 -141.2916  152.0923
   -0.2571   -0.9306   -0.2604
   -0.1000    0.2936   -0.9507
    0.9612   -0.2184   -0.1686
...    89 C-G ...
  -76.9940 -142.2583  152.0723
   -0.2748   -0.6147   -0.7393
    0.0344    0.7622   -0.6465
    0.9609   -0.2031   -0.1883
...    90 G-C ...
  -73.6639 -142.3694  151.3849
   -0.3198   -0.0360   -0.9468
    0.1450    0.9857   -0.0864
    0.9363   -0.1649   -0.3100
...    91 G-C ...
  -70.5398 -143.1167  150.3559
   -0.2976    0.5316   -0.7930
    0.2854    0.8422    0.4574
    0.9110   -0.0902   -0.4024
...    92 A-T ...
  -67.5990 -143.3814  148.9699
   -0.1500    0.9292   -0.3377
    0.4157    0.3692    0.8312
    0.8971   -0.0157   -0.4416
...    93 T-A ...
  -65.0324 -143.4072  146.9589
    0.0403    0.9882    0.1479
    0.4494   -0.1501    0.8806
    0.8924    0.0310   -0.4502
...    94 A-T ...
  -62.0528 -142.9395  145.4995
    0.1870    0.7043    0.6849
    0.4039   -0.6906    0.5999
    0.8955    0.1645   -0.4136
...    95 A-T ...
  -59.2270 -142.1078  144.1276
    0.3895    0.1704    0.9051
    0.2456   -0.9664    0.0762
    0.8877    0.1926   -0.4182
...    96 C-G ...
  -56.3712 -140.7883  142.9488
    0.4590   -0.3817    0.8023
    0.0229   -0.8976   -0.4402
    0.8881    0.2204   -0.4033
...    97 A-T ...
  -53.4234 -140.3034  141.4576
    0.3537   -0.8537    0.3822
   -0.2340   -0.4764   -0.8475
    0.9056    0.2103   -0.3682
...    98 C-G ...
  -50.2283 -139.4157  140.8236
    0.1778   -0.9724   -0.1510
   -0.3931    0.0705   -0.9168
    0.9021    0.2224   -0.3697
...    99 T-A ...
  -47.0980 -138.7767  139.8194
   -0.0944   -0.7743   -0.6257
   -0.4355    0.5973   -0.6735
    0.8952    0.2089   -0.3936
...   100 T-A ...
  -44.0826 -138.2117  138.7243
   -0.3213   -0.2675   -0.9084
   -0.3211    0.9332   -0.1612
    0.8909    0.2399   -0.3857
...   101 T-A ...
  -41.1452 -137.6090  137.4833
   -0.4655    0.3232   -0.8240
   -0.0882    0.9094    0.4065
    0.8807    0.2619   -0.3948
...   102 A-T ...
  -38.2631 -136.5332  136.1475
   -0.5179    0.7718   -0.3690
    0.2252    0.5391    0.8116
    0.8253    0.3372   -0.4530
...   103 T-A ...
  -35.8852 -135.5946  134.1030
   -0.3562    0.9277    0.1115
    0.4654    0.0726    0.8821
    0.8103    0.3661   -0.4576
...   104 G-C ...
  -33.1940 -134.0443  132.8043
   -0.1157    0.7475    0.6541
    0.6311   -0.4531    0.6296
    0.7670    0.4857   -0.4193
...   105 C-G ...
  -30.9800 -131.9726  131.4045
    0.2239    0.3442    0.9118
    0.6193   -0.7727    0.1396
    0.7526    0.5334   -0.3862
...   106 T-A ...
  -28.6310 -129.8554  130.3187
    0.4975   -0.1620    0.8522
    0.4280   -0.8087   -0.4036
    0.7545    0.5655   -0.3330
...   107 T-A ...
  -26.2992 -127.7659  129.3879
    0.6856   -0.5881    0.4290
    0.0461   -0.5531   -0.8319
    0.7265    0.5901   -0.3521
...   108 C-G ...
  -23.8664 -125.7764  128.3287
    0.5707   -0.8025   -0.1742
   -0.3845   -0.0737   -0.9202
    0.7256    0.5921   -0.3507
...   109 C-G ...
  -21.2782 -123.8063  127.3502
    0.2075   -0.7346   -0.6460
   -0.6387    0.3985   -0.6583
    0.7410    0.5491   -0.3865
...   110 G-C ...
  -19.1349 -121.6402  125.8583
   -0.2735   -0.4146   -0.8679
   -0.6449    0.7485   -0.1543
    0.7136    0.5176   -0.4721
...   111 G-C ...
  -16.6168 -120.0576  124.2563
   -0.6500    0.0305   -0.7593
   -0.3811    0.8514    0.3604
    0.6575    0.5236   -0.5418
...   112 C-G ...
  -14.4090 -118.6658  122.2003
   -0.7892    0.4674   -0.3984
    0.0472    0.6930    0.7194
    0.6123    0.5489   -0.5689
...   113 T-A ...
  -12.6141 -116.8965  120.0370
   -0.6842    0.7225    0.0996
    0.4825    0.3460    0.8047
    0.5469    0.5986   -0.5853
...   114 C-G ...
  -10.9756 -114.8167  118.0936
   -0.2844    0.7587    0.5860
    0.8087   -0.1385    0.5717
    0.5150    0.6365   -0.5742
...   115 G-C ...
   -9.0144 -112.5525  116.5197
    0.1762    0.4703    0.8647
    0.8565   -0.5063    0.1009
    0.4852    0.7229   -0.4920
...   116 T-A ...
   -7.9051 -109.7518  115.0826
    0.5997    0.1063    0.7931
    0.6326   -0.6700   -0.3885
    0.4901    0.7347   -0.4690
...   117 A-T ...
   -6.1194 -107.5087  113.2673
    0.8732   -0.3420    0.3471
    0.0966   -0.5767   -0.8113
    0.4776    0.7419   -0.4705
...   118 T-A ...
   -4.5083 -104.7631  112.3438
    0.8018   -0.5822   -0.1345
   -0.3752   -0.3154   -0.8716
    0.4651    0.7493   -0.4714
...   119 A-T ...
   -3.2993 -102.2242  110.4248
    0.3708   -0.6349   -0.6778
   -0.8127    0.1314   -0.5677
    0.4495    0.7613   -0.4673
...   120 A-T ...
   -1.6305  -99.8114  109.0136
   -0.1736   -0.4267   -0.8876
   -0.8796    0.4725   -0.0552
    0.4429    0.7711   -0.4574
...   121 T-A ...
    0.3384  -97.6969  107.4212
   -0.6054   -0.1204   -0.7867
   -0.6632    0.6228    0.4151
    0.4400    0.7731   -0.4569
...   122 G-C ...
    1.5158  -94.9225  105.9445
   -0.9173    0.1976   -0.3457
   -0.1679    0.5952    0.7858
    0.3610    0.7789   -0.5128
...   123 T-A ...
    2.5446  -92.6699  103.7285
   -0.8745    0.4618    0.1481
    0.3545    0.4001    0.8451
    0.3310    0.7916   -0.5136
...   124 G-C ...
    3.5932  -89.8246  102.2893
   -0.5242    0.5358    0.6619
    0.8117    0.0793    0.5787
    0.2576    0.8406   -0.4765
...   125 T-A ...
    3.8114  -86.9766  100.5670
   -0.0099    0.4717    0.8817
    0.9680   -0.2166    0.1267
    0.2508    0.8547   -0.4545
...   126 C-G ...
    4.5509  -84.0830   99.1595
    0.5715    0.2241    0.7894
    0.7796   -0.4487   -0.4370
    0.2563    0.8651   -0.4311
...   127 G-C ...
    5.7306  -81.3370   97.5724
    0.8875   -0.1621    0.4314
    0.3142   -0.4720   -0.8237
    0.3372    0.8666   -0.3679
...   128 A-T ...
    6.8300  -78.4357   96.4522
    0.8868   -0.4398   -0.1422
   -0.2838   -0.2751   -0.9186
    0.3649    0.8549   -0.3688
...   129 C-G ...
    8.3522  -75.5507   95.7910
    0.5831   -0.5442   -0.6032
   -0.7132    0.0127   -0.7009
    0.3891    0.8389   -0.3807
...   130 C-G ...
    9.9481  -72.8295   94.5664
    0.0498   -0.5141   -0.8563
   -0.9074    0.3350   -0.2539
    0.4174    0.7896   -0.4498
...   131 A-T ...
   11.0927  -70.1059   92.9726
   -0.5318   -0.2913   -0.7952
   -0.7494    0.5992    0.2817
    0.3944    0.7457   -0.5370
...   132 A-T ...
   12.4842  -67.8500   91.0901
   -0.8687    0.1182   -0.4810
   -0.2931    0.6601    0.6916
    0.3992    0.7418   -0.5388
...   133 A-T ...
   13.7594  -65.5872   89.1282
   -0.8690    0.4947    0.0104
    0.2755    0.4664    0.8406
    0.4109    0.7333   -0.5416
...   134 T-A ...
   14.7385  -63.4256   86.8199
   -0.5923    0.6747    0.4404
    0.6886    0.1401    0.7115
    0.4183    0.7247   -0.5475
...   135 G-C ...
   15.7317  -61.4926   83.9330
    0.0341    0.7400    0.6717
    0.8636   -0.3601    0.3528
    0.5030    0.5681   -0.6514
...   136 T-A ...
   15.7849  -59.5602   80.7992
    0.5517    0.4998    0.6677
    0.6739   -0.7388   -0.0038
    0.4915    0.4520   -0.7444
...   137 G-C ...
   16.8386  -57.7217   78.2676
    0.8528   -0.0848    0.5153
    0.1507   -0.9048   -0.3983
    0.5000    0.4173   -0.7588
...   138 A-T ...
   18.4283  -55.5285   76.5299
    0.8547   -0.5006    0.1371
   -0.3188   -0.7148   -0.6224
    0.4096    0.4883   -0.7706
...   139 G-C ...
   20.4260  -54.3091   74.5420
    0.5847   -0.7389   -0.3347
   -0.7593   -0.3533   -0.5465
    0.2856    0.5737   -0.7676
...   140 C-G ...
   21.4270  -51.8264   72.7876
    0.1304   -0.7144   -0.6875
   -0.8897    0.2216   -0.3991
    0.4375    0.6637   -0.6067
...   141 G-C ...
   22.1522  -50.1492   67.4640
   -0.4682   -0.8748    0.1248
   -0.8494    0.4066   -0.3364
    0.2435   -0.2635   -0.9334
...   142 C-G ...
   22.3489  -51.2412   64.4933
   -0.8528   -0.5119   -0.1032
   -0.4975    0.8565   -0.1374
    0.1587   -0.0659   -0.9851
...   143 T-A ...
   24.0167  -51.6376   61.9248
   -0.9562    0.0401   -0.2898
    0.0524    0.9980   -0.0348
    0.2878   -0.0485   -0.9564
...   144 C-G ...
   24.8959  -52.7393   58.9873
   -0.7529    0.5560   -0.3520
    0.5214    0.8304    0.1965
    0.4016   -0.0356   -0.9151
...   145 A-T ...
   25.5276  -52.9801   55.8053
   -0.2442    0.9563   -0.1610
    0.8906    0.2869    0.3528
    0.3836   -0.0573   -0.9217
...   146 C-G ...
   25.2779  -52.5120   52.0796
    0.3204    0.9427   -0.0929
    0.8825   -0.2614    0.3909
    0.3443   -0.2072   -0.9157
...   147 A-T ...
   25.6239  -52.5938   48.6396
    0.8597    0.5097    0.0339
    0.4496   -0.7865    0.4233
    0.2425   -0.3487   -0.9053
