  147 base-pairs
...     1 T-A ...
    0.0000    0.0000    0.0000
    1.0000    0.0000    0.0000
    0.0000    1.0000    0.0000
    0.0000    0.0000    1.0000
...     2 G-C ...
   -0.5555   -1.1003    3.3981
    0.7749    0.6051    0.1828
   -0.5991    0.7953   -0.0929
   -0.2016   -0.0375    0.9787
...     3 T-A ...
   -0.6619   -3.0237    6.5348
    0.3046    0.9250    0.2271
   -0.8994    0.3578   -0.2510
   -0.3134   -0.1278    0.9410
...     4 G-C ...
   -1.1607   -3.8418    9.6940
   -0.3351    0.9421    0.0133
   -0.8752   -0.3061   -0.3746
   -0.3489   -0.1372    0.9271
...     5 A-T ...
   -1.3881   -3.6770   12.8999
   -0.7835    0.6162   -0.0801
   -0.5677   -0.7622   -0.3109
   -0.2527   -0.1981    0.9470
...     6 G-C ...
   -2.6236   -3.5448   15.7072
   -0.9923    0.0611   -0.1075
   -0.0294   -0.9610   -0.2748
   -0.1201   -0.2695    0.9555
...     7 C-G ...
   -2.3138   -3.7570   18.8866
   -0.8620   -0.4995   -0.0864
    0.5008   -0.8655    0.0073
   -0.0785   -0.0370    0.9962
...     8 G-C ...
   -3.9561   -6.8109   23.3205
   -0.2581   -0.3560   -0.8981
    0.6294   -0.7673    0.1233
   -0.7330   -0.5335    0.4221
...     9 C-G ...
   -6.1177   -8.9414   24.2385
    0.1143   -0.7320   -0.6716
    0.8123   -0.3203    0.4874
   -0.5720   -0.6013    0.5580
...    10 T-A ...
   -8.5041   -9.6771   26.0540
    0.4660   -0.8587   -0.2131
    0.6274    0.1508    0.7640
   -0.6239   -0.4897    0.6090
...    11 C-G ...
  -11.0625  -11.3174   27.2336
    0.6660   -0.6911    0.2808
    0.3382    0.6152    0.7121
   -0.6649   -0.3794    0.6435
...    12 A-T ...
  -13.0013  -13.1789   29.0658
    0.7188   -0.1490    0.6790
   -0.1787    0.9043    0.3876
   -0.6718   -0.4000    0.6235
...    13 C-G ...
  -14.1788  -15.9359   31.3399
    0.4052    0.2865    0.8682
   -0.5270    0.8492   -0.0343
   -0.7470   -0.4437    0.4951
...    14 A-T ...
  -15.9532  -18.1566   33.3080
   -0.1503    0.6873    0.7107
   -0.6106    0.5008   -0.6135
   -0.7776   -0.5261    0.3444
...    15 A-T ...
  -18.3889  -19.8417   34.6262
   -0.4549    0.8655    0.2096
   -0.4176    0.0005   -0.9086
   -0.7865   -0.5009    0.3612
...    16 T-A ...
  -20.7613  -21.2451   36.4206
   -0.5929    0.7486   -0.2969
   -0.1308   -0.4532   -0.8817
   -0.7946   -0.4840    0.3666
...    17 T-A ...
  -23.3696  -22.6214   37.7929
   -0.5584    0.3372   -0.7580
    0.2320   -0.8138   -0.5329
   -0.7965   -0.4734    0.3762
...    18 T-A ...
  -26.0605  -23.9027   39.1159
   -0.3317   -0.2234   -0.9166
    0.5125   -0.8584    0.0237
   -0.7921   -0.4618    0.3992
...    19 A-T ...
  -28.4187  -25.8028   40.7182
    0.0553   -0.7639   -0.6430
    0.6090   -0.4845    0.6280
   -0.7913   -0.4263    0.4384
...    20 T-A ...
  -31.3990  -26.9551   41.6312
    0.3491   -0.9146   -0.2040
    0.4936   -0.0056    0.8697
   -0.7966   -0.4043    0.4495
...    21 T-A ...
  -34.1353  -28.2460   42.8580
    0.5488   -0.7492    0.3708
    0.2014    0.5490    0.8112
   -0.8114   -0.3705    0.4522
...    22 C-G ...
  -36.8423  -29.4927   44.2979
    0.5757   -0.2479    0.7792
   -0.1694    0.8961    0.4102
   -0.7999   -0.3682    0.4739
...    23 G-C ...
  -39.6588  -30.2875   46.0230
    0.4566    0.3582    0.8144
   -0.4779    0.8708   -0.1151
   -0.7504   -0.3367    0.5688
...    24 C-G ...
  -41.8654  -31.6778   48.0959
    0.1500    0.8014    0.5789
   -0.6563    0.5187   -0.5480
   -0.7394   -0.2977    0.6038
...    25 A-T ...
  -44.5011  -32.4759   50.0245
   -0.1839    0.9797    0.0802
   -0.6437   -0.0583   -0.7630
   -0.7428   -0.1920    0.6414
...    26 A-T ...
  -46.7971  -32.9559   52.2728
   -0.5182    0.7628   -0.3868
   -0.4212   -0.6212   -0.6608
   -0.7443   -0.1795    0.6432
...    27 A-T ...
  -49.1749  -33.2968   54.4670
   -0.6679    0.2534   -0.6998
   -0.0436   -0.9519   -0.3032
   -0.7430   -0.1720    0.6468
...    28 G-C ...
  -51.7545  -33.5308   56.5846
   -0.5416   -0.3032   -0.7840
    0.3154   -0.9378    0.1449
   -0.7792   -0.1688    0.6036
...    29 G-C ...
  -54.5989  -33.9059   58.4134
   -0.2147   -0.7676   -0.6039
    0.5451   -0.6073    0.5780
   -0.8104   -0.2051    0.5488
...    30 C-G ...
  -57.5474  -34.4574   59.9080
    0.1581   -0.9692   -0.1890
    0.5633   -0.0687    0.8234
   -0.8110   -0.2367    0.5351
...    31 C-G ...
  -60.4039  -35.3777   61.4905
    0.5064   -0.8183    0.2718
    0.3616    0.4877    0.7946
   -0.7828   -0.3042    0.5428
...    32 G-C ...
  -62.8957  -36.1386   63.6652
    0.6969   -0.3487    0.6267
   -0.0148    0.8667    0.4987
   -0.7170   -0.3568    0.5988
...    33 G-C ...
  -65.2067  -37.5663   65.6774
    0.6238    0.2299    0.7470
   -0.4163    0.9066    0.0686
   -0.6615   -0.3538    0.6613
...    34 C-G ...
  -67.1017  -39.0416   67.9904
    0.3116    0.7146    0.6263
   -0.7028    0.6169   -0.3542
   -0.6395   -0.3298    0.6945
...    35 C-G ...
  -69.0213  -40.0793   70.5774
   -0.0873    0.9613    0.2614
   -0.7755    0.0991   -0.6235
   -0.6253   -0.2571    0.7368
...    36 C-G ...
  -70.9793  -40.6810   73.2799
   -0.4604    0.8668   -0.1915
   -0.6117   -0.4661   -0.6392
   -0.6433   -0.1771    0.7448
...    37 G-C ...
  -73.4377  -41.3804   75.5062
   -0.6648    0.4491   -0.5970
   -0.2553   -0.8876   -0.3833
   -0.7021   -0.1024    0.7047
...    38 A-T ...
  -75.7722  -41.6032   77.8345
   -0.6658   -0.1796   -0.7242
    0.1954   -0.9787    0.0630
   -0.7201   -0.0996    0.6867
...    39 C-G ...
  -78.3856  -41.3531   79.9009
   -0.4359   -0.6787   -0.5911
    0.5190   -0.7261    0.4510
   -0.7353   -0.1102    0.6688
...    40 A-T ...
  -80.7296  -41.8725   82.2504
    0.0235   -0.9627   -0.2695
    0.6589   -0.1878    0.7284
   -0.7519   -0.1947    0.6299
...    41 C-G ...
  -83.5874  -42.5628   83.8102
    0.3989   -0.9051    0.1473
    0.5341    0.3599    0.7650
   -0.7454   -0.2265    0.6270
...    42 G-C ...
  -85.8515  -43.2103   86.2504
    0.7131   -0.5015    0.4899
    0.1811    0.8068    0.5624
   -0.6773   -0.3123    0.6661
...    43 A-T ...
  -88.0349  -44.3282   88.4518
    0.6989    0.0994    0.7083
   -0.2982    0.9406    0.1621
   -0.6502   -0.3245    0.6870
...    44 C-G ...
  -89.8132  -45.9306   90.7666
    0.4412    0.6005    0.6669
   -0.6404    0.7313   -0.2347
   -0.6286   -0.3235    0.7072
...    45 T-A ...
  -91.6201  -47.0497   93.3407
    0.0416    0.9183    0.3938
   -0.7968    0.2682   -0.5414
   -0.6028   -0.2913    0.7429
...    46 T-A ...
  -93.3634  -48.0201   95.9204
   -0.4564    0.8896    0.0157
   -0.6632   -0.3284   -0.6726
   -0.5932   -0.3174    0.7399
...    47 A-T ...
  -95.5813  -49.4305   98.1030
   -0.8010    0.4382   -0.4080
   -0.1868   -0.8303   -0.5250
   -0.5688   -0.3443    0.7469
...    48 C-G ...
  -97.4970  -49.9654  100.8007
   -0.7647   -0.0793   -0.6395
    0.2793   -0.9351   -0.2180
   -0.5808   -0.3453    0.7372
...    49 T-A ...
  -99.6444  -50.8639  103.2039
   -0.4519   -0.5610   -0.6936
    0.6505   -0.7393    0.1742
   -0.6105   -0.3725    0.6990
...    50 G-C ...
 -101.5812  -52.3204  105.5287
    0.0790   -0.8433   -0.5316
    0.7831   -0.2775    0.5566
   -0.6169   -0.4603    0.6384
...    51 T-A ...
 -104.0363  -53.8298  107.1668
    0.5142   -0.8384   -0.1806
    0.6182    0.2164    0.7556
   -0.5945   -0.5002    0.6296
...    52 A-T ...
 -105.8936  -55.5312  109.3888
    0.8329   -0.4891    0.2589
    0.1633    0.6643    0.7295
   -0.5288   -0.5653    0.6331
...    53 G-C ...
 -107.5249  -57.6693  111.3415
    0.8253   -0.0050    0.5646
   -0.3309    0.8060    0.4907
   -0.4576   -0.5918    0.6636
...    54 G-C ...
 -108.6805  -59.8310  113.6712
    0.5304    0.4944    0.6886
   -0.7586    0.6395    0.1252
   -0.3784   -0.5888    0.7142
...    55 T-A ...
 -109.3226  -61.9935  116.1271
    0.0376    0.7712    0.6355
   -0.9321    0.2564   -0.2559
   -0.3603   -0.5827    0.7284
...    56 A-T ...
 -111.0981  -64.0144  118.2786
   -0.6257    0.6998    0.3446
   -0.7092   -0.3265   -0.6248
   -0.3247   -0.6354    0.7006
...    57 T-A ...
 -111.7738  -65.7468  121.0387
   -0.9159    0.4011   -0.0155
   -0.2687   -0.6415   -0.7185
   -0.2981   -0.6539    0.6954
...    58 C-G ...
 -112.7378  -67.8454  123.4218
   -0.8871   -0.0770   -0.4551
    0.3553   -0.7432   -0.5669
   -0.2946   -0.6646    0.6867
...    59 T-A ...
 -113.9433  -69.8728  125.7979
   -0.5292   -0.4410   -0.7249
    0.7885   -0.5712   -0.2280
   -0.3136   -0.6923    0.6500
...    60 C-G ...
 -115.0190  -72.0917  127.9940
    0.0676   -0.6628   -0.7457
    0.9531   -0.1782    0.2448
   -0.2951   -0.7273    0.6196
...    61 G-C ...
 -115.6723  -74.5706  130.2039
    0.6324   -0.5268   -0.5679
    0.7472    0.2213    0.6267
   -0.2045   -0.8207    0.5335
...    62 A-T ...
 -116.3180  -77.3102  131.8680
    0.9640   -0.2342   -0.1259
    0.2263    0.4744    0.8507
   -0.1395   -0.8486    0.5103
...    63 G-C ...
 -116.6113  -80.2847  133.2960
    0.9430    0.1370    0.3032
   -0.3303    0.4937    0.8044
   -0.0395   -0.8588    0.5108
...    64 C-G ...
 -116.2389  -83.2479  134.7538
    0.6007    0.4292    0.6745
   -0.7990    0.2931    0.5251
    0.0277   -0.8543    0.5190
...    65 T-A ...
 -115.7282  -86.0325  136.5069
    0.0595    0.5534    0.8308
   -0.9943   -0.0412    0.0987
    0.0889   -0.8319    0.5478
...    66 C-G ...
 -115.3386  -88.6647  138.4772
   -0.5619    0.4007    0.7237
   -0.8187   -0.3943   -0.4174
    0.1181   -0.8270    0.5496
...    67 G-C ...
 -115.3425  -91.6324  140.1098
   -0.9432    0.1104    0.3135
   -0.3176   -0.5769   -0.7525
    0.0977   -0.8093    0.5792
...    68 G-C ...
 -114.9424  -94.2443  142.2568
   -0.9574   -0.2088   -0.1993
    0.2817   -0.5258   -0.8026
    0.0628   -0.8246    0.5622
...    69 G-C ...
 -114.6996  -96.8961  144.3791
   -0.6307   -0.4148   -0.6559
    0.7748   -0.2891   -0.5622
    0.0436   -0.8628    0.5037
...    70 A-T ...
 -114.5341  -99.6509  146.1699
   -0.0429   -0.4636   -0.8850
    0.9966    0.0424   -0.0705
    0.0702   -0.8850    0.4602
...    71 T-A ...
 -114.9290 -102.6047  147.5286
    0.4683   -0.3468   -0.8126
    0.8787    0.2792    0.3872
    0.0926   -0.8954    0.4355
...    72 C-G ...
 -114.6126 -105.5700  148.8657
    0.8850   -0.0397   -0.4640
    0.4367    0.4166    0.7973
    0.1617   -0.9082    0.3860
...    73 C-G ...
 -113.8549 -108.7157  149.7832
    0.9516    0.3075    0.0022
   -0.1060    0.3212    0.9411
    0.2886   -0.8957    0.3382
...    74 G-C ...
 -112.5224 -111.4598  151.2632
    0.6780    0.5470    0.4910
   -0.5872    0.0012    0.8095
    0.4422   -0.8371    0.3220
...    75 C-G ...
 -110.5309 -113.9702  152.2144
    0.2166    0.4780    0.8513
   -0.8397   -0.3535    0.4121
    0.4979   -0.8041    0.3248
...    76 T-A ...
 -108.5481 -116.3953  153.3893
   -0.2975    0.2104    0.9312
   -0.7895   -0.6027   -0.1160
    0.5369   -0.7697    0.3454
...    77 T-A ...
 -106.5138 -118.6862  154.5545
   -0.6703   -0.2611    0.6946
   -0.4526   -0.5980   -0.6615
    0.5881   -0.7578    0.2826
...    78 T-A ...
 -104.3958 -120.9289  155.6706
   -0.7574   -0.6305    0.1694
    0.0295   -0.2923   -0.9559
    0.6522   -0.7190    0.2400
...    79 A-T ...
 -101.7522 -123.1779  155.7597
   -0.4676   -0.7141   -0.5209
    0.4984    0.2737   -0.8226
    0.7300   -0.6443    0.2279
...    80 A-T ...
  -99.4783 -125.3202  156.6765
   -0.0752   -0.4141   -0.9071
    0.6539    0.6663   -0.3584
    0.7528   -0.6201    0.2206
...    81 C-G ...
  -97.4130 -127.7726  157.4667
    0.2488    0.0462   -0.9675
    0.5844    0.7894    0.1880
    0.7724   -0.6121    0.1694
...    82 A-T ...
  -94.6693 -129.6572  158.0243
    0.4194    0.5828   -0.6960
    0.3547    0.6005    0.7166
    0.8356   -0.5474    0.0451
...    83 C-G ...
  -92.0747 -131.6081  157.5518
    0.4869    0.8485   -0.2074
    0.1002    0.1816    0.9783
    0.8677   -0.4970    0.0034
...    84 T-A ...
  -89.0835 -133.0058  157.2177
    0.3854    0.8492    0.3610
   -0.1242   -0.3400    0.9322
    0.9144   -0.4041   -0.0256
...    85 T-A ...
  -86.0396 -134.1120  156.9620
    0.2407    0.4847    0.8409
   -0.3010   -0.7864    0.5394
    0.9227   -0.3830   -0.0434
...    86 T-A ...
  -82.9289 -135.0706  156.7183
    0.0552   -0.1000    0.9935
   -0.3716   -0.9256   -0.0725
    0.9268   -0.3652   -0.0882
...    87 A-T ...
  -80.0555 -136.8762  155.9235
   -0.1014   -0.7616    0.6400
   -0.3318   -0.5806   -0.7435
    0.9379   -0.2877   -0.1938
...    88 T-A ...
  -76.7707 -137.4845  155.8747
   -0.2179   -0.9666    0.1349
   -0.2421   -0.0804   -0.9669
    0.9455   -0.2434   -0.2165
...    89 G-C ...
  -73.6906 -138.1602  154.7620
   -0.3602   -0.8047   -0.4719
   -0.0747    0.5292   -0.8452
    0.9299   -0.2692   -0.2508
...    90 C-G ...
  -70.5504 -139.2154  154.2747
   -0.3808   -0.3543   -0.8541
    0.1130    0.8989   -0.4233
    0.9177   -0.2577   -0.3023
...    91 T-A ...
  -67.5937 -140.3105  153.2257
   -0.3356    0.2107   -0.9181
    0.2924    0.9498    0.1111
    0.8955   -0.2312   -0.3804
...    92 T-A ...
  -64.7762 -141.1678  151.8972
   -0.1574    0.7276   -0.6677
    0.4304    0.6591    0.6167
    0.8888   -0.1903   -0.4169
...    93 C-G ...
  -61.9176 -141.6705  150.4006
    0.0575    0.9880   -0.1432
    0.4650    0.1004    0.8796
    0.8834   -0.1172   -0.4537
...    94 C-G ...
  -59.0593 -141.6150  148.6022
    0.2086    0.8862    0.4137
    0.4135   -0.4633    0.7839
    0.8863    0.0076   -0.4630
...    95 G-C ...
  -55.8590 -141.3863  147.4992
    0.3133    0.4546    0.8338
    0.3076   -0.8792    0.3638
    0.8985    0.1425   -0.4153
...    96 G-C ...
  -52.7805 -140.4440  146.3743
    0.3812   -0.1314    0.9151
    0.1326   -0.9718   -0.1948
    0.9150    0.1956   -0.3530
...    97 C-G ...
  -49.6857 -139.4409  145.5045
    0.3795   -0.6657    0.6425
   -0.0854   -0.7167   -0.6921
    0.9212    0.2078   -0.3288
...    98 T-A ...
  -46.5290 -138.6133  144.7096
    0.2539   -0.9563    0.1449
   -0.2716   -0.2143   -0.9382
    0.9283    0.1989   -0.3142
...    99 C-G ...
  -43.4323 -137.8782  143.7494
    0.0325   -0.8827   -0.4689
   -0.3871    0.4214   -0.8201
    0.9215    0.2081   -0.3280
...   100 T-A ...
  -40.2636 -137.3772  142.7995
   -0.2309   -0.5069   -0.8305
   -0.3480    0.8401   -0.4160
    0.9086    0.1930   -0.3704
...   101 C-G ...
  -37.2368 -136.7533  141.6321
   -0.4331    0.1006   -0.8957
   -0.1489    0.9721    0.1812
    0.8890    0.2119   -0.4060
...   102 A-T ...
  -34.3002 -135.7572  140.3253
   -0.5424    0.6226   -0.5641
    0.1494    0.7322    0.6645
    0.8267    0.2761   -0.4901
...   103 T-A ...
  -31.8654 -135.1764  138.2091
   -0.4108    0.9025   -0.1290
    0.4116    0.3098    0.8571
    0.8135    0.2990   -0.4987
...   104 G-C ...
  -29.1639 -133.8314  136.7134
   -0.1872    0.8717    0.4528
    0.6147   -0.2555    0.7462
    0.7662    0.4181   -0.4880
...   105 T-A ...
  -27.0999 -132.0326  134.8340
    0.1481    0.5803    0.8008
    0.6356   -0.6762    0.3724
    0.7577    0.4538   -0.4690
...   106 T-A ...
  -24.8029 -130.3233  133.2808
    0.5082    0.0766    0.8578
    0.4336   -0.8834   -0.1780
    0.7441    0.4624   -0.4821
...   107 A-T ...
  -22.2030 -129.1465  131.4034
    0.7000   -0.5082    0.5017
   -0.0128   -0.7114   -0.7027
    0.7140    0.4854   -0.5045
...   108 T-A ...
  -19.7801 -127.1480  130.3152
    0.6060   -0.7943    0.0428
   -0.3836   -0.3390   -0.8591
    0.6969    0.5042   -0.5101
...   109 A-T ...
  -17.8719 -125.3212  128.1144
    0.2261   -0.7874   -0.5735
   -0.7119    0.2684   -0.6490
    0.6649    0.5550   -0.4998
...   110 A-T ...
  -15.5361 -123.5942  126.6360
   -0.2280   -0.4620   -0.8571
   -0.7192    0.6733   -0.1716
    0.6563    0.5773   -0.4857
...   111 C-G ...
  -13.0084 -122.1743  125.0043
   -0.6005   -0.0391   -0.7987
   -0.4808    0.8157    0.3216
    0.6390    0.5771   -0.5086
...   112 G-C ...
  -11.0725 -119.8592  123.4518
   -0.8389    0.3674   -0.4015
   -0.0359    0.6987    0.7145
    0.5430    0.6138   -0.5730
...   113 G-C ...
   -9.4437 -117.8513  121.2744
   -0.7631    0.6345    0.1225
    0.4520    0.3885    0.8030
    0.4619    0.6682   -0.5833
...   114 A-T ...
   -8.0508 -115.5914  119.3247
   -0.3553    0.7122    0.6054
    0.8290   -0.0591    0.5560
    0.4318    0.6995   -0.5694
...   115 G-C ...
   -6.9339 -113.0920  117.4145
    0.1294    0.5166    0.8464
    0.8980   -0.4231    0.1210
    0.4206    0.7444   -0.5186
...   116 T-A ...
   -6.0686 -110.2594  115.8745
    0.5848    0.1863    0.7895
    0.6897   -0.6264   -0.3631
    0.4269    0.7569   -0.4948
...   117 A-T ...
   -4.4655 -107.9313  113.9928
    0.8947   -0.2592    0.3639
    0.1497   -0.5935   -0.7908
    0.4209    0.7620   -0.4921
...   118 T-A ...
   -3.0641 -105.1020  112.9882
    0.8454   -0.5228   -0.1094
   -0.3413   -0.3713   -0.8635
    0.4108    0.7674   -0.4924
...   119 A-T ...
   -2.0206 -102.5456  110.9896
    0.4217   -0.6270   -0.6550
   -0.8147    0.0552   -0.5773
    0.3981    0.7771   -0.4875
...   120 A-T ...
   -0.5138 -100.0635  109.5138
   -0.1364   -0.4619   -0.8764
   -0.9095    0.4091   -0.0741
    0.3928    0.7869   -0.4759
...   121 T-A ...
    1.3242  -97.8612  107.8768
   -0.5898   -0.1788   -0.7875
   -0.7059    0.5878    0.3952
    0.3922    0.7890   -0.4729
...   122 G-C ...
    2.3300  -95.0363  106.3625
   -0.9244    0.1386   -0.3552
   -0.2070    0.5999    0.7728
    0.3203    0.7879   -0.5259
...   123 T-A ...
    3.2591  -92.7691  104.1064
   -0.8978    0.4193    0.1348
    0.3282    0.4327    0.8397
    0.2938    0.7981   -0.5261
...   124 G-C ...
    4.2068  -89.9033  102.6320
   -0.5497    0.5245    0.6502
    0.8049    0.1244    0.5802
    0.2234    0.8423   -0.4905
...   125 T-A ...
    4.3174  -87.0794  100.8541
   -0.0313    0.4861    0.8733
    0.9753   -0.1762    0.1330
    0.2185    0.8560   -0.4686
...   126 C-G ...
    4.9540  -84.1888   99.3859
    0.5612    0.2572    0.7867
    0.7961   -0.4278   -0.4281
    0.2264    0.8665   -0.4449
...   127 G-C ...
    6.0415  -81.4261   97.7506
    0.8909   -0.1279    0.4359
    0.3310   -0.4746   -0.8156
    0.3112    0.8709   -0.3805
...   128 A-T ...
    7.0648  -78.5130   96.5864
    0.8990   -0.4170   -0.1339
   -0.2735   -0.2957   -0.9153
    0.3421    0.8594   -0.3799
...   129 C-G ...
    8.5158  -75.5994   95.8881
    0.5977   -0.5372   -0.5951
   -0.7118   -0.0141   -0.7022
    0.3688    0.8433   -0.3908
...   130 C-G ...
   10.0544  -72.8653   94.6146
    0.0620   -0.5217   -0.8509
   -0.9137    0.3133   -0.2587
    0.4015    0.7935   -0.4573
...   131 A-T ...
   11.1370  -70.1309   92.9891
   -0.5264   -0.3050   -0.7937
   -0.7594    0.5884    0.2775
    0.3824    0.7488   -0.5413
...   132 A-T ...
   12.4989  -67.8619   91.0960
   -0.8697    0.1074   -0.4819
   -0.3010    0.6584    0.6899
    0.3913    0.7450   -0.5403
...   133 A-T ...
   13.7604  -65.5904   89.1306
   -0.8711    0.4909    0.0097
    0.2729    0.4677    0.8407
    0.4082    0.7350   -0.5415
...   134 T-A ...
   14.7384  -63.4257   86.8199
   -0.5923    0.6747    0.4404
    0.6886    0.1401    0.7115
    0.4183    0.7247   -0.5475
...   135 G-C ...
   15.7317  -61.4927   83.9330
    0.0341    0.7400    0.6717
    0.8636   -0.3601    0.3528
    0.5030    0.5681   -0.6514
...   136 T-A ...
   15.7848  -59.5603   80.7992
    0.5517    0.4998    0.6677
    0.6739   -0.7388   -0.0038
    0.4914    0.4520   -0.7444
...   137 G-C ...
   16.8385  -57.7218   78.2675
    0.8528   -0.0848    0.5153
    0.1507   -0.9048   -0.3983
    0.5000    0.4173   -0.7588
...   138 A-T ...
   18.4282  -55.5286   76.5299
    0.8547   -0.5006    0.1371
   -0.3188   -0.7148   -0.6224
    0.4096    0.4883   -0.7706
...   139 G-C ...
   20.4259  -54.3092   74.5420
    0.5847   -0.7389   -0.3347
   -0.7593   -0.3533   -0.5465
    0.2856    0.5737   -0.7676
...   140 C-G ...
   21.4269  -51.8265   72.7876
    0.1304   -0.7144   -0.6875
   -0.8897    0.2216   -0.3991
    0.4375    0.6637   -0.6067
...   141 G-C ...
   22.1520  -50.1493   67.4640
   -0.4682   -0.8748    0.1248
   -0.8494    0.4066   -0.3364
    0.2435   -0.2635   -0.9334
...   142 C-G ...
   22.3488  -51.2412   64.4933
   -0.8528   -0.5119   -0.1032
   -0.4975    0.8565   -0.1374
    0.1587   -0.0659   -0.9851
...   143 T-A ...
   24.0165  -51.6377   61.9248
   -0.9562    0.0401   -0.2898
    0.0524    0.9980   -0.0348
    0.2878   -0.0485   -0.9565
...   144 C-G ...
   24.8957  -52.7394   58.9873
   -0.7529    0.5560   -0.3520
    0.5214    0.8304    0.1965
    0.4016   -0.0356   -0.9151
...   145 A-T ...
   25.5275  -52.9802   55.8053
   -0.2442    0.9563   -0.1610
    0.8906    0.2869    0.3528
    0.3836   -0.0573   -0.9217
...   146 C-G ...
   25.2777  -52.5121   52.0796
    0.3204    0.9427   -0.0929
    0.8825   -0.2614    0.3909
    0.3443   -0.2072   -0.9157
...   147 A-T ...
   25.6238  -52.5938   48.6395
    0.8597    0.5097    0.0339
    0.4496   -0.7865    0.4233
    0.2424   -0.3487   -0.9053
