  147 base-pairs
...     1 T-A ...
    0.0000    0.0000    0.0000
    1.0000    0.0000    0.0000
    0.0000    1.0000    0.0000
    0.0000    0.0000    1.0000
...     2 G-C ...
   -0.5555   -1.1003    3.3981
    0.7749    0.6051    0.1828
   -0.5991    0.7953   -0.0929
   -0.2016   -0.0375    0.9787
...     3 T-A ...
   -0.6619   -3.0237    6.5348
    0.3046    0.9250    0.2271
   -0.8994    0.3578   -0.2510
   -0.3134   -0.1278    0.9410
...     4 G-C ...
   -1.1607   -3.8418    9.6940
   -0.3351    0.9421    0.0133
   -0.8752   -0.3061   -0.3746
   -0.3489   -0.1372    0.9271
...     5 A-T ...
   -1.3881   -3.6770   12.8999
   -0.7835    0.6162   -0.0801
   -0.5677   -0.7622   -0.3109
   -0.2527   -0.1981    0.9470
...     6 G-C ...
   -2.6236   -3.5448   15.7072
   -0.9923    0.0611   -0.1075
   -0.0294   -0.9610   -0.2748
   -0.1201   -0.2695    0.9555
...     7 C-G ...
   -2.3138   -3.7570   18.8866
   -0.8620   -0.4995   -0.0864
    0.5008   -0.8655    0.0073
   -0.0785   -0.0370    0.9962
...     8 G-C ...
   -3.9561   -6.8109   23.3205
   -0.2581   -0.3560   -0.8981
    0.6294   -0.7673    0.1233
   -0.7330   -0.5335    0.4221
...     9 C-G ...
   -6.1177   -8.9414   24.2385
    0.1143   -0.7320   -0.6716
    0.8123   -0.3203    0.4874
   -0.5720   -0.6013    0.5580
...    10 T-A ...
   -8.5041   -9.6771   26.0540
    0.4660   -0.8587   -0.2131
    0.6274    0.1508    0.7640
   -0.6239   -0.4897    0.6090
...    11 C-G ...
  -11.0625  -11.3174   27.2336
    0.6660   -0.6911    0.2808
    0.3382    0.6152    0.7121
   -0.6649   -0.3794    0.6435
...    12 A-T ...
  -13.0013  -13.1789   29.0658
    0.7188   -0.1490    0.6790
   -0.1787    0.9043    0.3876
   -0.6718   -0.4000    0.6235
...    13 C-G ...
  -14.1788  -15.9359   31.3399
    0.4052    0.2865    0.8682
   -0.5270    0.8492   -0.0343
   -0.7470   -0.4437    0.4951
...    14 A-T ...
  -15.9532  -18.1566   33.3080
   -0.1503    0.6873    0.7107
   -0.6106    0.5008   -0.6135
   -0.7776   -0.5261    0.3444
...    15 A-T ...
  -18.4889  -19.7850   34.5272
   -0.4452    0.8739    0.1951
   -0.4193   -0.0110   -0.9078
   -0.7912   -0.4860    0.3713
...    16 T-A ...
  -20.8766  -21.2135   36.4609
   -0.6276    0.7078   -0.3243
   -0.1034   -0.4887   -0.8663
   -0.7717   -0.5102    0.3798
...    17 T-A ...
  -23.3920  -22.6183   38.0372
   -0.5977    0.2575   -0.7593
    0.2892   -0.8140   -0.5038
   -0.7478   -0.5207    0.4120
...    18 T-A ...
  -25.9498  -24.0630   39.4900
   -0.3354   -0.2796   -0.8996
    0.5837   -0.8112    0.0345
   -0.7394   -0.5136    0.4353
...    19 A-T ...
  -28.3103  -25.9806   41.1754
    0.1042   -0.7878   -0.6070
    0.6687   -0.3963    0.6291
   -0.7362   -0.4715    0.4855
...    20 T-A ...
  -31.1828  -27.2702   42.3217
    0.4128   -0.8990   -0.1463
    0.5233    0.1027    0.8459
   -0.7454   -0.4258    0.5129
...    21 T-A ...
  -33.7480  -28.6875   43.7514
    0.6170   -0.6737    0.4068
    0.1777    0.6228    0.7619
   -0.7666   -0.3978    0.5040
...    22 C-G ...
  -36.2964  -29.9626   45.4199
    0.6233   -0.1547    0.7665
   -0.2298    0.9007    0.3686
   -0.7475   -0.4059    0.5259
...    23 G-C ...
  -39.0308  -30.7046   47.3246
    0.5081    0.4384    0.7414
   -0.5460    0.8296   -0.1164
   -0.6661   -0.3457    0.6609
...    24 C-G ...
  -40.9628  -32.1238   49.5651
    0.1872    0.8294    0.5264
   -0.7275    0.4772   -0.4930
   -0.6601   -0.2906    0.6927
...    25 A-T ...
  -43.4834  -32.8959   51.6043
   -0.2057    0.9758    0.0741
   -0.7140   -0.0979   -0.6932
   -0.6692   -0.1955    0.7169
...    26 A-T ...
  -45.6220  -33.3478   54.0535
   -0.5661    0.7442   -0.3546
   -0.4768   -0.6465   -0.5955
   -0.6725   -0.1680    0.7208
...    27 A-T ...
  -47.6604  -33.6012   56.5894
   -0.7450    0.2257   -0.6277
   -0.0574   -0.9592   -0.2768
   -0.6646   -0.1701    0.7276
...    28 G-C ...
  -50.0420  -33.6663   59.0085
   -0.6240   -0.3230   -0.7116
    0.3379   -0.9326    0.1270
   -0.7046   -0.1612    0.6910
...    29 G-C ...
  -52.7050  -34.0112   61.1887
   -0.2709   -0.7994   -0.5363
    0.6252   -0.5697    0.5334
   -0.7319   -0.1908    0.6541
...    30 C-G ...
  -55.3578  -34.5725   63.0583
    0.1589   -0.9734   -0.1648
    0.6585   -0.0198    0.7523
   -0.7356   -0.2281    0.6378
...    31 C-G ...
  -58.0421  -35.2032   65.0220
    0.5456   -0.8000    0.2496
    0.4517    0.5316    0.7165
   -0.7059   -0.2782    0.6514
...    32 G-C ...
  -60.0845  -35.8165   67.2958
    0.7677   -0.3695    0.5235
    0.0863    0.8692    0.4868
   -0.6349   -0.3286    0.6992
...    33 G-C ...
  -61.9443  -37.1423   69.7558
    0.7247    0.2088    0.6566
   -0.3724    0.9205    0.1183
   -0.5797   -0.3302    0.7449
...    34 C-G ...
  -63.6009  -38.4984   72.2484
    0.4206    0.7076    0.5678
   -0.7205    0.6408   -0.2650
   -0.5513   -0.2977    0.7794
...    35 C-G ...
  -65.0880  -39.3135   75.2130
   -0.0210    0.9642    0.2643
   -0.8472    0.1232   -0.5168
   -0.5308   -0.2348    0.8143
...    36 C-G ...
  -66.6927  -39.8402   78.1351
   -0.4713    0.8738   -0.1198
   -0.7116   -0.4570   -0.5337
   -0.5211   -0.1663    0.8372
...    37 G-C ...
  -68.8545  -41.0520   80.4938
   -0.7531    0.4710   -0.4593
   -0.3234   -0.8730   -0.3650
   -0.5729   -0.1263    0.8098
...    38 A-T ...
  -70.6195  -41.4180   83.1202
   -0.7963   -0.1390   -0.5887
    0.1924   -0.9809   -0.0288
   -0.5735   -0.1362    0.8078
...    39 C-G ...
  -72.7796  -41.4481   85.5158
   -0.5516   -0.6297   -0.5470
    0.5745   -0.7623    0.2981
   -0.6047   -0.1498    0.7822
...    40 A-T ...
  -74.9097  -42.0431   88.0628
   -0.0607   -0.9460   -0.3185
    0.7824   -0.2432    0.5733
   -0.6198   -0.2143    0.7549
...    41 C-G ...
  -77.2922  -42.9849   90.1682
    0.3845   -0.9231   -0.0034
    0.6909    0.2854    0.6643
   -0.6122   -0.2577    0.7475
...    42 G-C ...
  -78.9856  -43.6309   92.9766
    0.7610   -0.5516    0.3416
    0.3106    0.7720    0.5546
   -0.5696   -0.3160    0.7588
...    43 A-T ...
  -80.8725  -44.6382   95.3297
    0.7997    0.0157    0.6002
   -0.1946    0.9524    0.2345
   -0.5679   -0.3043    0.7647
...    44 C-G ...
  -82.4624  -46.2312   97.7509
    0.5961    0.5399    0.5944
   -0.6068    0.7876   -0.1069
   -0.5259   -0.2969    0.7971
...    45 T-A ...
  -83.7595  -47.5854  100.8376
    0.1570    0.9081    0.3881
   -0.8461    0.3264   -0.4215
   -0.5094   -0.2622    0.8196
...    46 T-A ...
  -85.1676  -48.4873  103.5965
   -0.3234    0.9404    0.1056
   -0.7932   -0.2085   -0.5721
   -0.5160   -0.2688    0.8134
...    47 A-T ...
  -87.1156  -49.4562  106.1760
   -0.7467    0.5976   -0.2922
   -0.4112   -0.7599   -0.5034
   -0.5229   -0.2557    0.8132
...    48 C-G ...
  -88.7424  -49.6473  109.0987
   -0.8404    0.0986   -0.5329
    0.0513   -0.9644   -0.2594
   -0.5396   -0.2453    0.8054
...    49 T-A ...
  -90.7817  -50.0655  111.7742
   -0.6348   -0.4201   -0.6485
    0.4853   -0.8698    0.0884
   -0.6012   -0.2587    0.7560
...    50 G-C ...
  -92.9120  -51.1168  114.1846
   -0.1640   -0.8046   -0.5707
    0.7519   -0.4765    0.4556
   -0.6385   -0.3544    0.6832
...    51 T-A ...
  -95.3521  -52.1571  116.0022
    0.2758   -0.9154   -0.2933
    0.7243   -0.0027    0.6895
   -0.6319   -0.4026    0.6623
...    52 A-T ...
  -97.3298  -53.6884  118.2196
    0.7130   -0.6943    0.0980
    0.4010    0.5184    0.7553
   -0.5752   -0.4992    0.6480
...    53 G-C ...
  -99.3176  -55.3921  120.1488
    0.8720   -0.2722    0.4068
   -0.0412    0.7874    0.6151
   -0.4877   -0.5531    0.6754
...    54 G-C ...
 -100.6422  -57.9808  122.2780
    0.7338    0.2649    0.6255
   -0.5443    0.7803    0.3081
   -0.4065   -0.5665    0.7168
...    55 T-A ...
 -101.4919  -60.0930  124.6414
    0.3402    0.6393    0.6896
   -0.8572    0.5123   -0.0521
   -0.3866   -0.5735    0.7223
...    56 A-T ...
 -102.3936  -62.0665  127.2657
   -0.2322    0.8339    0.5007
   -0.9007    0.0099   -0.4343
   -0.3671   -0.5518    0.7488
...    57 T-A ...
 -102.9402  -63.7513  130.0598
   -0.6849    0.6952    0.2183
   -0.6386   -0.4284   -0.6392
   -0.3508   -0.5772    0.7374
...    58 C-G ...
 -104.0881  -65.4848  132.7398
   -0.9360    0.2667   -0.2296
   -0.0581   -0.7605   -0.6467
   -0.3471   -0.5920    0.7273
...    59 T-A ...
 -105.4917  -67.1995  135.2823
   -0.7996   -0.1583   -0.5793
    0.4583   -0.7841   -0.4184
   -0.3880   -0.6001    0.6996
...    60 C-G ...
 -106.7941  -69.1813  137.7120
   -0.3557   -0.5710   -0.7399
    0.8505   -0.5260   -0.0029
   -0.3875   -0.6303    0.6728
...    61 G-C ...
 -107.6084  -71.5953  139.8751
    0.2138   -0.6150   -0.7590
    0.9068   -0.1640    0.3883
   -0.3633   -0.7713    0.5226
...    62 A-T ...
 -108.6804  -74.0464  141.7808
    0.7235   -0.5279   -0.4447
    0.6290    0.2388    0.7399
   -0.2844   -0.8150    0.5048
...    63 G-C ...
 -109.5650  -76.9455  143.1511
    0.9679   -0.2489   -0.0337
    0.1478    0.4558    0.8778
   -0.2032   -0.8546    0.4779
...    64 C-G ...
 -110.0076  -80.1130  144.3248
    0.8833    0.1015    0.4576
   -0.4455    0.4855    0.7522
   -0.1458   -0.8683    0.4741
...    65 T-A ...
 -110.2778  -83.0533  145.7925
    0.5045    0.3743    0.7781
   -0.8594    0.3049    0.4105
   -0.0836   -0.8758    0.4754
...    66 C-G ...
 -110.7294  -85.6685  147.7055
   -0.1169    0.4787    0.8702
   -0.9931   -0.0528   -0.1044
   -0.0041   -0.8764    0.4816
...    67 G-C ...
 -111.9129  -88.7443  149.1629
   -0.6848    0.3594    0.6339
   -0.7283   -0.3662   -0.5792
    0.0240   -0.8583    0.5125
...    68 G-C ...
 -111.6893  -91.5969  151.0179
   -0.9800    0.1108    0.1652
   -0.1983   -0.4801   -0.8545
   -0.0154   -0.8702    0.4925
...    69 G-C ...
 -111.7309  -94.4108  152.8368
   -0.9207   -0.0989   -0.3776
    0.3784   -0.4628   -0.8016
   -0.0954   -0.8809    0.4635
...    70 A-T ...
 -112.1346  -97.2383  154.6134
   -0.5011   -0.3419   -0.7950
    0.8612   -0.2877   -0.4191
   -0.0854   -0.8946    0.4386
...    71 T-A ...
 -113.0071 -100.0313  156.1312
    0.0257   -0.4049   -0.9140
    0.9965   -0.0625    0.0557
   -0.0797   -0.9122    0.4018
...    72 C-G ...
 -113.4359 -103.0872  157.2995
    0.6093   -0.3037   -0.7325
    0.7916    0.1793    0.5841
   -0.0461   -0.9358    0.3496
...    73 C-G ...
 -113.7608 -106.1340  158.4821
    0.9276   -0.0071   -0.3736
    0.3581    0.3028    0.8832
    0.1069   -0.9530    0.2834
...    74 G-C ...
 -113.0315 -109.1681  159.7229
    0.9398    0.3183    0.1242
   -0.1896    0.1835    0.9646
    0.2842   -0.9301    0.2328
...    75 C-G ...
 -111.5079 -112.2687  160.1129
    0.6529    0.3773    0.6568
   -0.6824   -0.0832    0.7262
    0.3286   -0.9224    0.2031
...    76 T-A ...
 -109.6062 -115.1217  161.0298
    0.1435    0.2336    0.9617
   -0.8981   -0.3775    0.2257
    0.4158   -0.8961    0.1556
...    77 T-A ...
 -107.8914 -117.8869  161.4958
   -0.3891   -0.1318    0.9117
   -0.7977   -0.4467   -0.4050
    0.4607   -0.8849    0.0687
...    78 T-A ...
 -105.9776 -120.5710  161.8599
   -0.7350   -0.4679    0.4908
   -0.4235   -0.2484   -0.8712
    0.5295   -0.8481   -0.0156
...    79 A-T ...
 -104.0895 -123.1306  160.6894
   -0.7325   -0.6529   -0.1927
    0.0966    0.1806   -0.9788
    0.6739   -0.7356   -0.0692
...    80 A-T ...
 -101.8842 -125.4917  160.6113
   -0.5181   -0.4383   -0.7345
    0.4682    0.5734   -0.6723
    0.7158   -0.6922   -0.0919
...    81 C-G ...
  -99.7985 -128.1573  160.5919
   -0.1976   -0.0283   -0.9799
    0.6527    0.7420   -0.1531
    0.7314   -0.6698   -0.1282
...    82 A-T ...
  -97.3433 -130.3907  160.0809
    0.1201    0.4905   -0.8631
    0.6498    0.6184    0.4419
    0.7506   -0.6139   -0.2445
...    83 C-G ...
  -95.1844 -132.4799  158.6782
    0.3964    0.7795   -0.4850
    0.5068    0.2547    0.8236
    0.7655   -0.5723   -0.2941
...    84 T-A ...
  -92.5844 -134.2927  157.0815
    0.5217    0.8424    0.1350
    0.2135   -0.2822    0.9353
    0.8260   -0.4591   -0.3270
...    85 T-A ...
  -89.8653 -135.4643  155.8548
    0.4964    0.5611    0.6624
   -0.0613   -0.7384    0.6715
    0.8659   -0.3740   -0.3322
...    86 C-G ...
  -86.8657 -136.7254  155.2786
    0.3600   -0.0015    0.9330
   -0.2818   -0.9535    0.1072
    0.8894   -0.3015   -0.3436
...    87 A-T ...
  -83.8318 -137.5720  154.0476
    0.0790   -0.5196    0.8507
   -0.3577   -0.8114   -0.4624
    0.9305   -0.2677   -0.2500
...    88 T-A ...
  -80.5958 -138.0939  153.5832
   -0.1097   -0.8761    0.4694
   -0.3445   -0.4095   -0.8448
    0.9324   -0.2544   -0.2569
...    89 G-C ...
  -77.3478 -138.7426  152.7621
   -0.2887   -0.9386   -0.1889
   -0.2371    0.2613   -0.9357
    0.9276   -0.2253   -0.2980
...    90 T-A ...
  -74.0835 -139.6424  152.2891
   -0.3446   -0.6223   -0.7028
   -0.0712    0.7638   -0.6415
    0.9360   -0.1710   -0.3076
...    91 T-A ...
  -71.0651 -140.3000  151.4307
   -0.3421   -0.0436   -0.9386
    0.1152    0.9894   -0.0880
    0.9326   -0.1382   -0.3335
...    92 A-T ...
  -67.8691 -140.3607  150.3313
   -0.2682    0.5859   -0.7647
    0.2916    0.8060    0.5152
    0.9182   -0.0848   -0.3870
...    93 T-A ...
  -65.2067 -141.0190  148.5670
   -0.1076    0.9239   -0.3673
    0.3910    0.3790    0.8388
    0.9141   -0.0533   -0.4020
...    94 A-T ...
  -62.0559 -140.9814  147.4233
    0.0612    0.9671    0.2471
    0.4234   -0.2493    0.8709
    0.9038    0.0513   -0.4248
...    95 A-T ...
  -59.2687 -140.5235  145.9581
    0.2584    0.6414    0.7223
    0.3553   -0.7584    0.5464
    0.8983    0.1155   -0.4239
...    96 C-G ...
  -56.4059 -139.3745  144.4175
    0.4226    0.0943    0.9014
    0.1679   -0.9855    0.0244
    0.8906    0.1411   -0.4323
...    97 G-C ...
  -53.3594 -139.1207  143.1533
    0.4591   -0.5550    0.6936
   -0.0820   -0.8040   -0.5890
    0.8846    0.2136   -0.4146
...    98 G-C ...
  -50.3427 -138.3824  141.9741
    0.2854   -0.9192    0.2712
   -0.2975   -0.3539   -0.8867
    0.9110    0.1724   -0.3745
...    99 A-T ...
  -47.1630 -137.6084  140.9951
    0.0662   -0.9277   -0.3674
   -0.4298    0.3059   -0.8496
    0.9005    0.2141   -0.3785
...   100 T-A ...
  -43.8652 -137.2000  140.3569
   -0.1460   -0.6147   -0.7752
   -0.4238    0.7469   -0.5125
    0.8939    0.2537   -0.3695
...   101 T-A ...
  -40.8938 -136.6078  139.1916
   -0.3909   -0.0645   -0.9182
   -0.2754    0.9600    0.0498
    0.8782    0.2724   -0.3931
...   102 A-T ...
  -37.9901 -135.2491  137.9990
   -0.5105    0.5596   -0.6529
    0.0288    0.7700    0.6374
    0.8594    0.3066   -0.4091
...   103 T-A ...
  -35.4775 -134.6036  136.1112
   -0.4891    0.8417   -0.2287
    0.2841    0.4017    0.8706
    0.8246    0.3609   -0.4356
...   104 G-C ...
  -32.9191 -133.2461  134.4474
   -0.2997    0.8684    0.3951
    0.5572   -0.1768    0.8113
    0.7744    0.4633   -0.4308
...   105 C-G ...
  -30.6953 -131.2853  132.9513
    0.0288    0.5938    0.8041
    0.6461   -0.6249    0.4383
    0.7627    0.5070   -0.4016
...   106 T-A ...
  -28.2918 -128.9272  131.8817
    0.4064    0.1089    0.9072
    0.5608   -0.8135   -0.1536
    0.7213    0.5712   -0.3917
...   107 T-A ...
  -26.0452 -126.8626  130.8244
    0.6505   -0.3926    0.6502
    0.2394   -0.7064   -0.6660
    0.7208    0.5889   -0.3655
...   108 C-G ...
  -23.5645 -124.7564  129.7935
    0.6741   -0.7352    0.0715
   -0.2268   -0.2981   -0.9272
    0.7030    0.6088   -0.3677
...   109 C-G ...
  -21.1909 -122.7386  128.6670
    0.3764   -0.8230   -0.4255
   -0.5581    0.1652   -0.8132
    0.7395    0.5435   -0.3971
...   110 G-C ...
  -19.2028 -120.7915  127.1941
   -0.0535   -0.6433   -0.7637
   -0.6789    0.5843   -0.4446
    0.7323    0.4947   -0.4680
...   111 G-C ...
  -16.7071 -119.2854  125.5287
   -0.4910   -0.2226   -0.8422
   -0.5289    0.8444    0.0852
    0.6922    0.4873   -0.5323
...   112 C-G ...
  -14.3076 -118.1252  123.5075
   -0.7427    0.2738   -0.6111
   -0.1549    0.8175    0.5547
    0.6514    0.5066   -0.5648
...   113 T-A ...
  -12.2223 -116.5277  121.4521
   -0.7528    0.6373   -0.1645
    0.2897    0.5453    0.7865
    0.5910    0.5445   -0.5952
...   114 C-G ...
  -10.3699 -114.4904  119.6037
   -0.4510    0.8145    0.3651
    0.7157    0.0856    0.6931
    0.5333    0.5738   -0.6216
...   115 G-C ...
   -8.2508 -112.4788  117.9467
    0.0359    0.6519    0.7574
    0.8696   -0.3939    0.2978
    0.4925    0.6479   -0.5811
...   116 T-A ...
   -7.1906 -109.7109  116.2828
    0.4947    0.2947    0.8176
    0.7100   -0.6795   -0.1847
    0.5011    0.6719   -0.5454
...   117 A-T ...
   -5.6456 -107.1208  114.6849
    0.8114   -0.2048    0.5475
    0.2719   -0.6968   -0.6637
    0.5174    0.6874   -0.5097
...   118 T-A ...
   -4.0533 -104.4392  113.5858
    0.8461   -0.5243    0.0965
   -0.2024   -0.4834   -0.8517
    0.4932    0.7011   -0.5151
...   119 A-T ...
   -2.6819 -101.9540  111.5231
    0.4933   -0.6580   -0.5689
   -0.7537    0.0031   -0.6572
    0.4342    0.7530   -0.4944
...   120 A-T ...
   -1.0230  -99.5215  110.1196
   -0.0455   -0.5299   -0.8469
   -0.9040    0.3826   -0.1908
    0.4251    0.7569   -0.4964
...   121 T-A ...
    0.9123  -97.3519  108.4717
   -0.5241   -0.2345   -0.8188
   -0.7393    0.6024    0.3007
    0.4228    0.7629   -0.4891
...   122 G-C ...
    2.3273  -94.6886  106.7276
   -0.9034    0.1334   -0.4075
   -0.2442    0.6211    0.7447
    0.3524    0.7723   -0.5285
...   123 T-A ...
    3.4009  -92.4103  104.5981
   -0.9015    0.4281    0.0627
    0.2742    0.4532    0.8482
    0.3347    0.7818   -0.5260
...   124 G-C ...
    4.4374  -89.6970  102.8410
   -0.5684    0.5608    0.6020
    0.7778    0.1276    0.6154
    0.2683    0.8180   -0.5087
...   125 T-A ...
    4.8437  -87.0704  101.0262
   -0.0721    0.5038    0.8608
    0.9652   -0.1823    0.1875
    0.2514    0.8444   -0.4731
...   126 C-G ...
    5.5929  -84.2972   99.6310
    0.5257    0.2984    0.7966
    0.8178   -0.4350   -0.3767
    0.2342    0.8495   -0.4727
...   127 G-C ...
    6.8966  -81.7397   97.8516
    0.8667   -0.1002    0.4887
    0.3842   -0.4908   -0.7820
    0.3182    0.8655   -0.3869
...   128 A-T ...
    7.8134  -78.9305   96.6287
    0.9228   -0.3763   -0.0828
   -0.2214   -0.3421   -0.9132
    0.3153    0.8610   -0.3990
...   129 C-G ...
    9.1163  -75.9335   96.0546
    0.6391   -0.5355   -0.5521
   -0.6868   -0.0740   -0.7231
    0.3464    0.8413   -0.4151
...   130 C-G ...
   10.7392  -73.2482   94.7073
    0.1175   -0.5654   -0.8164
   -0.9120    0.2639   -0.3141
    0.3930    0.7814   -0.4846
...   131 A-T ...
   11.2010  -70.2342   93.0726
   -0.4977   -0.3246   -0.8043
   -0.7830    0.5671    0.2556
    0.3731    0.7570   -0.5364
...   132 A-T ...
   12.4438  -67.8454   91.1870
   -0.8673    0.0733   -0.4923
   -0.3295    0.6568    0.6783
    0.3730    0.7505   -0.5455
...   133 A-T ...
   13.7320  -65.6379   89.1219
   -0.8739    0.4860   -0.0093
    0.2546    0.4739    0.8430
    0.4141    0.7343   -0.5379
...   134 T-A ...
   14.7384  -63.4258   86.8199
   -0.5923    0.6747    0.4404
    0.6886    0.1401    0.7115
    0.4183    0.7247   -0.5475
...   135 G-C ...
   15.7317  -61.4928   83.9330
    0.0341    0.7400    0.6717
    0.8636   -0.3601    0.3528
    0.5030    0.5681   -0.6514
...   136 T-A ...
   15.7848  -59.5604   80.7992
    0.5517    0.4998    0.6677
    0.6739   -0.7388   -0.0038
    0.4915    0.4520   -0.7444
...   137 G-C ...
   16.8385  -57.7219   78.2676
    0.8528   -0.0848    0.5153
    0.1507   -0.9048   -0.3983
    0.5000    0.4173   -0.7588
...   138 A-T ...
   18.4282  -55.5287   76.5299
    0.8547   -0.5006    0.1371
   -0.3188   -0.7148   -0.6224
    0.4096    0.4883   -0.7706
...   139 G-C ...
   20.4259  -54.3093   74.5420
    0.5847   -0.7389   -0.3347
   -0.7593   -0.3533   -0.5465
    0.2856    0.5737   -0.7676
...   140 C-G ...
   21.4270  -51.8266   72.7876
    0.1304   -0.7144   -0.6875
   -0.8897    0.2216   -0.3991
    0.4375    0.6637   -0.6067
...   141 G-C ...
   22.1521  -50.1494   67.4640
   -0.4682   -0.8748    0.1248
   -0.8494    0.4066   -0.3364
    0.2435   -0.2635   -0.9334
...   142 C-G ...
   22.3489  -51.2414   64.4933
   -0.8528   -0.5119   -0.1032
   -0.4975    0.8565   -0.1374
    0.1587   -0.0659   -0.9851
...   143 T-A ...
   24.0166  -51.6378   61.9248
   -0.9562    0.0401   -0.2898
    0.0524    0.9980   -0.0348
    0.2878   -0.0485   -0.9564
...   144 C-G ...
   24.8958  -52.7395   58.9873
   -0.7529    0.5560   -0.3520
    0.5214    0.8304    0.1965
    0.4016   -0.0356   -0.9151
...   145 A-T ...
   25.5276  -52.9803   55.8053
   -0.2442    0.9563   -0.1610
    0.8906    0.2869    0.3528
    0.3836   -0.0573   -0.9217
...   146 C-G ...
   25.2778  -52.5122   52.0796
    0.3204    0.9427   -0.0929
    0.8825   -0.2614    0.3909
    0.3443   -0.2072   -0.9157
...   147 A-T ...
   25.6239  -52.5940   48.6396
    0.8597    0.5097    0.0339
    0.4496   -0.7865    0.4233
    0.2424   -0.3487   -0.9053
