  147 base-pairs
...     1 T-A ...
    0.0000    0.0000    0.0000
    1.0000    0.0000    0.0000
    0.0000    1.0000    0.0000
    0.0000    0.0000    1.0000
...     2 G-C ...
   -0.5555   -1.1003    3.3981
    0.7749    0.6051    0.1828
   -0.5991    0.7953   -0.0929
   -0.2016   -0.0375    0.9787
...     3 T-A ...
   -0.6619   -3.0237    6.5348
    0.3046    0.9250    0.2271
   -0.8994    0.3578   -0.2510
   -0.3134   -0.1278    0.9410
...     4 G-C ...
   -1.1607   -3.8418    9.6940
   -0.3351    0.9421    0.0133
   -0.8752   -0.3061   -0.3746
   -0.3489   -0.1372    0.9271
...     5 A-T ...
   -1.3881   -3.6770   12.8999
   -0.7835    0.6162   -0.0801
   -0.5677   -0.7622   -0.3109
   -0.2527   -0.1981    0.9470
...     6 G-C ...
   -2.6236   -3.5448   15.7072
   -0.9923    0.0611   -0.1075
   -0.0294   -0.9610   -0.2748
   -0.1201   -0.2695    0.9555
...     7 C-G ...
   -2.3138   -3.7570   18.8866
   -0.8620   -0.4995   -0.0864
    0.5008   -0.8655    0.0073
   -0.0785   -0.0370    0.9962
...     8 G-C ...
   -3.9561   -6.8109   23.3205
   -0.2581   -0.3560   -0.8981
    0.6294   -0.7673    0.1233
   -0.7330   -0.5335    0.4221
...     9 C-G ...
   -6.1177   -8.9414   24.2385
    0.1143   -0.7320   -0.6716
    0.8123   -0.3203    0.4874
   -0.5720   -0.6013    0.5580
...    10 T-A ...
   -8.5041   -9.6771   26.0540
    0.4660   -0.8587   -0.2131
    0.6274    0.1508    0.7640
   -0.6239   -0.4897    0.6090
...    11 C-G ...
  -11.0625  -11.3174   27.2336
    0.6660   -0.6911    0.2808
    0.3382    0.6152    0.7121
   -0.6649   -0.3794    0.6435
...    12 A-T ...
  -13.0013  -13.1789   29.0658
    0.7188   -0.1490    0.6790
   -0.1787    0.9043    0.3876
   -0.6718   -0.4000    0.6235
...    13 C-G ...
  -14.1788  -15.9359   31.3399
    0.4052    0.2865    0.8682
   -0.5270    0.8492   -0.0343
   -0.7470   -0.4437    0.4951
...    14 A-T ...
  -15.9532  -18.1566   33.3080
   -0.1503    0.6873    0.7107
   -0.6106    0.5008   -0.6135
   -0.7776   -0.5261    0.3444
...    15 A-T ...
  -18.4974  -19.7732   34.5258
   -0.4429    0.8755    0.1931
   -0.4203   -0.0125   -0.9073
   -0.7920   -0.4830    0.3735
...    16 T-A ...
  -20.8884  -21.1849   36.4653
   -0.6254    0.7086   -0.3266
   -0.1060   -0.4919   -0.8642
   -0.7730   -0.5059    0.3827
...    17 T-A ...
  -23.4083  -22.5712   38.0499
   -0.5974    0.2563   -0.7599
    0.2849   -0.8179   -0.4999
   -0.7496   -0.5151    0.4156
...    18 T-A ...
  -25.9745  -23.9917   39.5155
   -0.3391   -0.2857   -0.8963
    0.5804   -0.8134    0.0397
   -0.7404   -0.5067    0.4417
...    19 A-T ...
  -28.3434  -25.8785   41.2428
    0.0980   -0.8016   -0.5898
    0.6694   -0.3855    0.6351
   -0.7364   -0.4570    0.4988
...    20 T-A ...
  -31.2211  -27.1200   42.4362
    0.4061   -0.9053   -0.1244
    0.5276    0.1212    0.8408
   -0.7461   -0.4071    0.5269
...    21 T-A ...
  -33.7922  -28.4743   43.9136
    0.6126   -0.6665    0.4248
    0.1851    0.6435    0.7427
   -0.7684   -0.3763    0.5176
...    22 C-G ...
  -36.3536  -29.6685   45.6244
    0.6240   -0.1362    0.7695
   -0.2209    0.9138    0.3409
   -0.7496   -0.3827    0.5401
...    23 G-C ...
  -39.1074  -30.3206   47.5406
    0.5155    0.4577    0.7244
   -0.5368    0.8314   -0.1432
   -0.6679   -0.3151    0.6743
...    24 C-G ...
  -41.0489  -31.6400   49.8330
    0.1988    0.8449    0.4967
   -0.7233    0.4685   -0.5073
   -0.6612   -0.2584    0.7043
...    25 A-T ...
  -43.5712  -32.2985   51.9108
   -0.1921    0.9806    0.0388
   -0.7184   -0.1136   -0.6863
   -0.6686   -0.1597    0.7263
...    26 A-T ...
  -45.7085  -32.6233   54.3812
   -0.5569    0.7381   -0.3809
   -0.4888   -0.6620   -0.5681
   -0.6715   -0.1302    0.7295
...    27 A-T ...
  -47.7399  -32.7453   56.9327
   -0.7445    0.2119   -0.6331
   -0.0731   -0.9685   -0.2382
   -0.6637   -0.1311    0.7365
...    28 G-C ...
  -50.1117  -32.6756   59.3633
   -0.6325   -0.3423   -0.6948
    0.3249   -0.9316    0.1632
   -0.7031   -0.1225    0.7004
...    29 G-C ...
  -52.7652  -32.8896   61.5728
   -0.2859   -0.8176   -0.4998
    0.6203   -0.5555    0.5538
   -0.7304   -0.1517    0.6660
...    30 C-G ...
  -55.4110  -33.3212   63.4881
    0.1439   -0.9820   -0.1222
    0.6637    0.0042    0.7480
   -0.7340   -0.1888    0.6524
...    31 C-G ...
  -58.0910  -33.8131   65.5002
    0.5361   -0.7957    0.2820
    0.4654    0.5573    0.6877
   -0.7043   -0.2374    0.6690
...    32 G-C ...
  -60.1315  -34.2762   67.8153
    0.7672   -0.3552    0.5341
    0.1033    0.8902    0.4437
   -0.6330   -0.2852    0.7196
...    33 G-C ...
  -61.9929  -35.4449   70.3496
    0.7341    0.2304    0.6387
   -0.3581    0.9306    0.0760
   -0.5769   -0.2845    0.7657
...    34 C-G ...
  -63.6419  -36.6477   72.9243
    0.4360    0.7292    0.5275
   -0.7145    0.6368   -0.2897
   -0.5471   -0.2506    0.7987
...    35 C-G ...
  -65.1088  -37.2820   75.9431
   -0.0059    0.9765    0.2154
   -0.8515    0.1081   -0.5132
   -0.5244   -0.1865    0.8308
...    36 C-G ...
  -66.6904  -37.6288   78.9050
   -0.4630    0.8720   -0.1588
   -0.7235   -0.4753   -0.5007
   -0.5121   -0.1169    0.8509
...    37 G-C ...
  -68.8419  -38.6927   81.3473
   -0.7549    0.4545   -0.4729
   -0.3372   -0.8873   -0.3146
   -0.5626   -0.0781    0.8231
...    38 A-T ...
  -70.5738  -38.9023   84.0140
   -0.8061   -0.1618   -0.5692
    0.1830   -0.9829    0.0201
   -0.5628   -0.0879    0.8219
...    39 C-G ...
  -72.6969  -38.7833   86.4416
   -0.5653   -0.6527   -0.5045
    0.5727   -0.7506    0.3294
   -0.5937   -0.1027    0.7981
...    40 A-T ...
  -74.7883  -39.2175   89.0531
   -0.0728   -0.9612   -0.2661
    0.7902   -0.2184    0.5727
   -0.6086   -0.1686    0.7754
...    41 C-G ...
  -77.1402  -40.0224   91.2458
    0.3791   -0.9245    0.0394
    0.7040    0.3157    0.6362
   -0.6006   -0.2134    0.7705
...    42 G-C ...
  -78.7874  -40.5029   94.1163
    0.7649   -0.5367    0.3561
    0.3243    0.7986    0.5071
   -0.5565   -0.2724    0.7849
...    43 A-T ...
  -80.6318  -41.3755   96.5561
    0.8111    0.0437    0.5832
   -0.1870    0.9643    0.1877
   -0.5542   -0.2613    0.7903
...    44 C-G ...
  -82.1807  -42.8306   99.0871
    0.6089    0.5684    0.5533
   -0.6071    0.7829   -0.1362
   -0.5106   -0.2530    0.8217
...    45 T-A ...
  -83.4182  -44.0174  102.2662
    0.1650    0.9268    0.3373
   -0.8545    0.3051   -0.4205
   -0.4926   -0.2189    0.8423
...    46 T-A ...
  -84.7686  -44.7764  105.0979
   -0.3240    0.9438    0.0647
   -0.8040   -0.2386   -0.5447
   -0.4987   -0.2285    0.8361
...    47 A-T ...
  -86.6801  -45.6512  107.7480
   -0.7633    0.5710   -0.3023
   -0.4101   -0.7898   -0.4561
   -0.4992   -0.2242    0.8370
...    48 C-G ...
  -88.2332  -45.7284  110.7198
   -0.8554    0.0578   -0.5148
    0.0634   -0.9746   -0.2148
   -0.5141   -0.2163    0.8300
...    49 T-A ...
  -90.1967  -46.0654  113.4654
   -0.6419   -0.4635   -0.6108
    0.5073   -0.8541    0.1150
   -0.5749   -0.2360    0.7834
...    50 G-C ...
  -92.2355  -47.0463  115.9828
   -0.1595   -0.8331   -0.5297
    0.7762   -0.4374    0.4541
   -0.6100   -0.3387    0.7164
...    51 T-A ...
  -94.5979  -48.0557  117.9173
    0.2916   -0.9194   -0.2640
    0.7440    0.0446    0.6667
   -0.6012   -0.3908    0.6970
...    52 A-T ...
  -96.4929  -49.5862  120.2070
    0.7386   -0.6682    0.0892
    0.4123    0.5524    0.7245
   -0.5334   -0.4983    0.6835
...    53 G-C ...
  -98.3540  -51.2911  122.2568
    0.8973   -0.2299    0.3767
   -0.0448    0.8017    0.5961
   -0.4391   -0.5518    0.7090
...    54 G-C ...
  -99.4848  -53.8604  124.5128
    0.7482    0.3099    0.5866
   -0.5620    0.7660    0.3121
   -0.3526   -0.5632    0.7473
...    55 T-A ...
 -100.1364  -55.9420  126.9659
    0.3419    0.6697    0.6593
   -0.8799    0.4745   -0.0256
   -0.3300   -0.5713    0.7515
...    56 A-T ...
 -100.8448  -57.8831  129.6681
   -0.2504    0.8317    0.4955
   -0.9179   -0.0412   -0.3947
   -0.3079   -0.5536    0.7738
...    57 T-A ...
 -101.1822  -59.5424  132.5144
   -0.7106    0.6620    0.2383
   -0.6420   -0.4716   -0.6045
   -0.2877   -0.5826    0.7601
...    58 C-G ...
 -102.1115  -61.2923  135.2617
   -0.9592    0.2102   -0.1891
   -0.0437   -0.7709   -0.6354
   -0.2793   -0.6012    0.7487
...    59 T-A ...
 -103.2939  -63.0529  137.8905
   -0.8149   -0.2129   -0.5391
    0.4849   -0.7600   -0.4328
   -0.3176   -0.6141    0.7226
...    60 C-G ...
 -104.3491  -65.0623  140.4345
   -0.3538   -0.5997   -0.7178
    0.8825   -0.4682   -0.0439
   -0.3097   -0.6490    0.6949
...    61 G-C ...
 -104.8875  -67.5057  142.6507
    0.2156   -0.5976   -0.7723
    0.9362   -0.0982    0.3374
   -0.2775   -0.7958    0.5383
...    62 A-T ...
 -105.6657  -70.0164  144.6109
    0.7334   -0.4688   -0.4923
    0.6529    0.2838    0.7023
   -0.1895   -0.8365    0.5142
...    63 G-C ...
 -106.2280  -72.9918  145.9882
    0.9808   -0.1681   -0.0993
    0.1670    0.4591    0.8726
   -0.1011   -0.8724    0.4783
...    64 C-G ...
 -106.3161  -76.1948  147.1344
    0.9008    0.1715    0.3989
   -0.4324    0.4381    0.7881
   -0.0396   -0.8824    0.4688
...    65 T-A ...
 -106.2299  -79.1590  148.5686
    0.5223    0.4076    0.7490
   -0.8523    0.2219    0.4737
    0.0269   -0.8858    0.4633
...    66 C-G ...
 -106.3273  -81.8049  150.4843
   -0.0991    0.4519    0.8865
   -0.9886   -0.1462   -0.0360
    0.1134   -0.8800    0.4613
...    67 G-C ...
 -107.1321  -85.0224  151.9445
   -0.6708    0.2754    0.6886
   -0.7270   -0.4277   -0.5372
    0.1466   -0.8610    0.4871
...    68 G-C ...
 -106.4775  -87.8785  153.6946
   -0.9720    0.0023    0.2351
   -0.2074   -0.4794   -0.8527
    0.1108   -0.8776    0.4664
...    69 G-C ...
 -106.0673  -90.7231  155.4151
   -0.9295   -0.1898   -0.3163
    0.3673   -0.3980   -0.8407
    0.0337   -0.8976    0.4396
...    70 A-T ...
 -106.0250  -93.6219  157.1239
   -0.5168   -0.3744   -0.7699
    0.8549   -0.1775   -0.4875
    0.0459   -0.9101    0.4118
...    71 T-A ...
 -106.4690  -96.5346  158.5992
    0.0034   -0.3726   -0.9280
    0.9986    0.0496   -0.0162
    0.0521   -0.9267    0.3723
...    72 C-G ...
 -106.4600  -99.6473  159.6771
    0.5818   -0.2065   -0.7867
    0.8087    0.2503    0.5324
    0.0870   -0.9459    0.3126
...    73 C-G ...
 -106.3757 -103.1070  160.3281
    0.9157    0.0764   -0.3946
    0.3570    0.2965    0.8858
    0.1847   -0.9520    0.2442
...    74 T-A ...
 -105.5229 -106.2100  160.7703
    0.9480    0.3027    0.0983
   -0.1510    0.1560    0.9761
    0.2801   -0.9403    0.1936
...    75 C-G ...
 -103.9403 -108.9819  161.6049
    0.6658    0.3936    0.6339
   -0.6330   -0.1518    0.7591
    0.3950   -0.9067    0.1481
...    76 A-T ...
 -102.2474 -111.9131  161.8679
    0.1807    0.3222    0.9293
   -0.8344   -0.4500    0.3183
    0.5207   -0.8329    0.1875
...    77 T-A ...
 -100.0941 -114.3303  162.4933
   -0.2805    0.0314    0.9593
   -0.7984   -0.5625   -0.2150
    0.5328   -0.8262    0.1829
...    78 G-C ...
  -98.1166 -116.9965  163.0602
   -0.7048   -0.3671    0.6070
   -0.4484   -0.4325   -0.7822
    0.5497   -0.8235    0.1402
...    79 T-A ...
  -95.9943 -119.5334  163.9713
   -0.8064   -0.5895    0.0474
    0.0161   -0.1020   -0.9947
    0.5912   -0.8013    0.0917
...    80 T-A ...
  -94.0289 -122.0479  164.4680
   -0.6224   -0.5481   -0.5587
    0.4699    0.3092   -0.8268
    0.6259   -0.7772    0.0651
...    81 A-T ...
  -91.6608 -124.4820  164.4953
   -0.2187   -0.1979   -0.9555
    0.7298    0.6168   -0.2948
    0.6477   -0.7618    0.0096
...    82 T-A ...
  -90.1210 -127.3499  164.5241
    0.1667    0.1791   -0.9696
    0.7274    0.6416    0.2436
    0.6657   -0.7459   -0.0233
...    83 A-T ...
  -87.7251 -129.6150  164.3605
    0.4348    0.6185   -0.6545
    0.5407    0.4019    0.7390
    0.7201   -0.6752   -0.1597
...    84 A-T ...
  -85.4634 -131.6326  163.5480
    0.5866    0.8004   -0.1235
    0.2579   -0.0401    0.9653
    0.7677   -0.5981   -0.2300
...    85 C-G ...
  -82.8381 -133.2047  162.0885
    0.6020    0.6646    0.4426
   -0.0787   -0.5022    0.8612
    0.7946   -0.5533   -0.2500
...    86 G-C ...
  -80.0281 -134.9150  161.7115
    0.4104    0.2413    0.8794
   -0.3243   -0.8627    0.3881
    0.8523   -0.4445   -0.2758
...    87 G-C ...
  -76.9957 -136.1999  161.3065
    0.1057   -0.2440    0.9640
   -0.4251   -0.8875   -0.1780
    0.8990   -0.3909   -0.1975
...    88 A-T ...
  -74.0090 -137.5791  160.8018
   -0.1379   -0.7711    0.6216
   -0.3818   -0.5377   -0.7517
    0.9139   -0.3410   -0.2203
...    89 G-C ...
  -70.9609 -138.5767  159.9386
   -0.3026   -0.9504    0.0724
   -0.2783    0.0155   -0.9604
    0.9116   -0.3108   -0.2692
...    90 C-G ...
  -67.6977 -139.6335  159.3630
   -0.4200   -0.7399   -0.5255
   -0.0647    0.6020   -0.7959
    0.9052   -0.3003   -0.3007
...    91 T-A ...
  -64.5098 -140.8198  158.6953
   -0.4308   -0.2274   -0.8733
    0.1720    0.9293   -0.3268
    0.8859   -0.2909   -0.3613
...    92 T-A ...
  -61.7634 -142.0472  157.4684
   -0.2780    0.3642   -0.8889
    0.3762    0.8927    0.2481
    0.8838   -0.2654   -0.3852
...    93 T-A ...
  -58.9335 -142.8348  156.0998
   -0.1007    0.8304   -0.5481
    0.4828    0.5224    0.7028
    0.8699   -0.1939   -0.4535
...    94 A-T ...
  -55.9062 -143.0004  154.4798
    0.0107    0.9962    0.0860
    0.5226   -0.0789    0.8489
    0.8525    0.0359   -0.5214
...    95 A-T ...
  -53.3224 -142.5919  152.6846
    0.2614    0.7666    0.5866
    0.4703   -0.6318    0.6161
    0.8429    0.1148   -0.5257
...    96 C-G ...
  -50.7585 -141.5845  150.7036
    0.4957    0.2824    0.8213
    0.2688   -0.9491    0.1641
    0.8259    0.1394   -0.5463
...    97 A-T ...
  -47.7730 -141.0547  149.1103
    0.5342   -0.3740    0.7581
   -0.0690   -0.9131   -0.4019
    0.8425    0.1624   -0.5136
...    98 C-G ...
  -44.7428 -139.9943  147.8882
    0.4177   -0.8165    0.3985
   -0.3468   -0.5487   -0.7607
    0.8398    0.1795   -0.5124
...    99 T-A ...
  -41.4005 -139.1027  146.6916
    0.1487   -0.9787   -0.1415
   -0.5386    0.0398   -0.8416
    0.8293    0.2013   -0.5212
...   100 T-A ...
  -38.5062 -138.4780  145.2770
   -0.1548   -0.7379   -0.6569
   -0.5384    0.6205   -0.5701
    0.8283    0.2655   -0.4933
...   101 T-A ...
  -35.6560 -137.7102  143.8128
   -0.4337   -0.2177   -0.8744
   -0.3611    0.9310   -0.0526
    0.8255    0.2929   -0.4824
...   102 A-T ...
  -32.9444 -136.2351  142.3024
   -0.5868    0.4386   -0.6807
   -0.0077    0.8376    0.5462
    0.8097    0.3257   -0.4881
...   103 T-A ...
  -30.5956 -135.5915  140.2140
   -0.5699    0.7688   -0.2901
    0.2868    0.5170    0.8065
    0.7700    0.3764   -0.5151
...   104 G-C ...
  -28.2378 -134.2214  138.2829
   -0.3566    0.8787    0.3172
    0.6055   -0.0412    0.7948
    0.7114    0.4755   -0.5174
...   105 C-G ...
  -26.2703 -132.2489  136.4850
    0.0075    0.6758    0.7370
    0.7162   -0.5180    0.4677
    0.6978    0.5244   -0.4879
...   106 T-A ...
  -24.1294 -129.8180  135.0693
    0.4284    0.2356    0.8723
    0.6253   -0.7742   -0.0980
    0.6523    0.5874   -0.4790
...   107 T-A ...
  -22.1120 -127.6859  133.7242
    0.7040   -0.2695    0.6571
    0.2800   -0.7449   -0.6056
    0.6527    0.6103   -0.4490
...   108 C-G ...
  -19.8550 -125.4888  132.4039
    0.7397   -0.6637    0.1113
   -0.2279   -0.4026   -0.8865
    0.6332    0.6304   -0.4491
...   109 C-G ...
  -17.6767 -123.4128  131.0110
    0.4378   -0.8200   -0.3687
   -0.5942    0.0438   -0.8031
    0.6747    0.5707   -0.4680
...   110 G-C ...
  -15.9215 -121.4296  129.3006
   -0.0148   -0.7039   -0.7102
   -0.7411    0.4845   -0.4648
    0.6712    0.5195   -0.5288
...   111 G-C ...
  -13.6180 -119.8301  127.4447
   -0.4893   -0.3259   -0.8089
   -0.6011    0.7981    0.0420
    0.6319    0.5068   -0.5864
...   112 C-G ...
  -11.3745 -118.5990  125.2892
   -0.7787    0.1646   -0.6054
   -0.2145    0.8370    0.5035
    0.5896    0.5219   -0.6164
...   113 T-A ...
   -9.4884 -116.9508  123.0814
   -0.8085    0.5591   -0.1835
    0.2585    0.6177    0.7427
    0.5286    0.5531   -0.6439
...   114 C-G ...
   -7.8306 -114.9057  121.0476
   -0.5090    0.7959    0.3278
    0.7188    0.1835    0.6706
    0.4736    0.5769   -0.6655
...   115 G-C ...
   -5.8984 -112.8369  119.2299
   -0.0037    0.6925    0.7214
    0.9019   -0.3092    0.3015
    0.4319    0.6518   -0.6234
...   116 T-A ...
   -5.0956 -110.0690  117.4102
    0.4827    0.3714    0.7931
    0.7562   -0.6336   -0.1636
    0.4418    0.6787   -0.5867
...   117 A-T ...
   -3.7634 -107.4454  115.6712
    0.8289   -0.1212    0.5461
    0.3150   -0.7056   -0.6347
    0.4622    0.6981   -0.5467
...   118 T-A ...
   -2.3718 -104.7089  114.4360
    0.8809   -0.4605    0.1093
   -0.1758   -0.5327   -0.8278
    0.4394    0.7100   -0.5502
...   119 A-T ...
   -1.1867 -102.2235  112.2550
    0.5307   -0.6456   -0.5492
   -0.7586   -0.0728   -0.6475
    0.3780    0.7602   -0.5284
...   120 A-T ...
    0.2949  -99.7393  110.7450
   -0.0185   -0.5606   -0.8279
   -0.9288    0.3161   -0.1933
    0.3701    0.7654   -0.5265
...   121 T-A ...
    2.0773  -97.5060  109.0048
   -0.5154   -0.2920   -0.8057
   -0.7732    0.5639    0.2902
    0.3696    0.7725   -0.5164
...   122 G-C ...
    3.3156  -94.8072  107.1886
   -0.9124    0.0740   -0.4025
   -0.2724    0.6242    0.7323
    0.3054    0.7778   -0.5494
...   123 T-A ...
    4.2700  -92.5215  104.9986
   -0.9212    0.3841    0.0621
    0.2580    0.4837    0.8363
    0.2912    0.7865   -0.5447
...   124 G-C ...
    5.1817  -89.7978  103.1780
   -0.5870    0.5472    0.5967
    0.7769    0.1734    0.6052
    0.2277    0.8189   -0.5269
...   125 T-A ...
    5.4600  -87.1901  101.3108
   -0.0850    0.5163    0.8522
    0.9735   -0.1393    0.1815
    0.2124    0.8450   -0.4907
...   126 C-G ...
    6.0849  -84.4174   99.8469
    0.5208    0.3322    0.7863
    0.8304   -0.4107   -0.3765
    0.1979    0.8491   -0.4898
...   127 G-C ...
    7.2841  -81.8353   98.0154
    0.8710   -0.0673    0.4867
    0.3960   -0.4901   -0.7765
    0.2908    0.8690   -0.4002
...   128 A-T ...
    8.1162  -79.0165   96.7506
    0.9327   -0.3514   -0.0808
   -0.2144   -0.3603   -0.9079
    0.2899    0.8641   -0.4114
...   129 C-G ...
    9.3330  -75.9911   96.1401
    0.6514   -0.5258   -0.5470
   -0.6861   -0.1005   -0.7205
    0.3238    0.8447   -0.4262
...   130 C-G ...
   10.8884  -73.2842   94.7516
    0.1289   -0.5713   -0.8105
   -0.9181    0.2401   -0.3153
    0.3747    0.7848   -0.4936
...   131 A-T ...
   11.2678  -70.2601   93.0937
   -0.4948   -0.3342   -0.8022
   -0.7905    0.5564    0.2558
    0.3608    0.7607   -0.5395
...   132 A-T ...
   12.4732  -67.8606   91.1928
   -0.8687    0.0654   -0.4911
   -0.3346    0.6536    0.6789
    0.3654    0.7540   -0.5459
...   133 A-T ...
   13.7426  -65.6434   89.1279
   -0.8766    0.4812   -0.0087
    0.2523    0.4749    0.8431
    0.4098    0.7368   -0.5377
...   134 T-A ...
   14.7384  -63.4257   86.8199
   -0.5923    0.6747    0.4404
    0.6886    0.1401    0.7115
    0.4183    0.7247   -0.5475
...   135 G-C ...
   15.7317  -61.4927   83.9330
    0.0341    0.7400    0.6717
    0.8636   -0.3601    0.3528
    0.5030    0.5681   -0.6514
...   136 T-A ...
   15.7848  -59.5603   80.7992
    0.5517    0.4998    0.6677
    0.6739   -0.7388   -0.0038
    0.4915    0.4520   -0.7444
...   137 G-C ...
   16.8385  -57.7218   78.2675
    0.8528   -0.0848    0.5153
    0.1507   -0.9048   -0.3983
    0.5000    0.4173   -0.7588
...   138 A-T ...
   18.4282  -55.5286   76.5298
    0.8547   -0.5006    0.1371
   -0.3188   -0.7148   -0.6224
    0.4096    0.4883   -0.7706
...   139 G-C ...
   20.4259  -54.3092   74.5419
    0.5847   -0.7389   -0.3347
   -0.7593   -0.3533   -0.5465
    0.2856    0.5737   -0.7676
...   140 C-G ...
   21.4270  -51.8265   72.7875
    0.1304   -0.7144   -0.6875
   -0.8897    0.2216   -0.3991
    0.4375    0.6637   -0.6067
...   141 G-C ...
   22.1521  -50.1493   67.4639
   -0.4682   -0.8748    0.1248
   -0.8494    0.4066   -0.3364
    0.2435   -0.2635   -0.9334
...   142 C-G ...
   22.3489  -51.2413   64.4933
   -0.8528   -0.5119   -0.1032
   -0.4975    0.8565   -0.1374
    0.1587   -0.0659   -0.9851
...   143 T-A ...
   24.0166  -51.6377   61.9247
   -0.9562    0.0401   -0.2898
    0.0524    0.9980   -0.0348
    0.2878   -0.0485   -0.9564
...   144 C-G ...
   24.8958  -52.7394   58.9873
   -0.7529    0.5560   -0.3520
    0.5214    0.8304    0.1965
    0.4016   -0.0356   -0.9151
...   145 A-T ...
   25.5276  -52.9802   55.8053
   -0.2442    0.9563   -0.1610
    0.8906    0.2869    0.3528
    0.3836   -0.0573   -0.9217
...   146 C-G ...
   25.2778  -52.5121   52.0796
    0.3204    0.9427   -0.0929
    0.8825   -0.2614    0.3909
    0.3443   -0.2072   -0.9157
...   147 A-T ...
   25.6239  -52.5939   48.6395
    0.8597    0.5097    0.0339
    0.4496   -0.7865    0.4233
    0.2424   -0.3487   -0.9053
