  147 base-pairs
...     1 T-A ...
    0.0000    0.0000    0.0000
    1.0000    0.0000    0.0000
    0.0000    1.0000    0.0000
    0.0000    0.0000    1.0000
...     2 G-C ...
   -0.5555   -1.1003    3.3981
    0.7749    0.6051    0.1828
   -0.5991    0.7953   -0.0929
   -0.2016   -0.0375    0.9787
...     3 T-A ...
   -0.6619   -3.0237    6.5348
    0.3046    0.9250    0.2271
   -0.8994    0.3578   -0.2510
   -0.3134   -0.1278    0.9410
...     4 G-C ...
   -1.1607   -3.8418    9.6940
   -0.3351    0.9421    0.0133
   -0.8752   -0.3061   -0.3746
   -0.3489   -0.1372    0.9271
...     5 A-T ...
   -1.3881   -3.6770   12.8999
   -0.7835    0.6162   -0.0801
   -0.5677   -0.7622   -0.3109
   -0.2527   -0.1981    0.9470
...     6 G-C ...
   -2.6236   -3.5448   15.7072
   -0.9923    0.0611   -0.1075
   -0.0294   -0.9610   -0.2748
   -0.1201   -0.2695    0.9555
...     7 C-G ...
   -2.3138   -3.7570   18.8866
   -0.8620   -0.4995   -0.0864
    0.5008   -0.8655    0.0073
   -0.0785   -0.0370    0.9962
...     8 G-C ...
   -3.9561   -6.8109   23.3205
   -0.2581   -0.3560   -0.8981
    0.6294   -0.7673    0.1233
   -0.7330   -0.5335    0.4221
...     9 C-G ...
   -6.1177   -8.9414   24.2385
    0.1143   -0.7320   -0.6716
    0.8123   -0.3203    0.4874
   -0.5720   -0.6013    0.5580
...    10 T-A ...
   -8.5041   -9.6771   26.0540
    0.4660   -0.8587   -0.2131
    0.6274    0.1508    0.7640
   -0.6239   -0.4897    0.6090
...    11 C-G ...
  -11.0625  -11.3174   27.2336
    0.6660   -0.6911    0.2808
    0.3382    0.6152    0.7121
   -0.6649   -0.3794    0.6435
...    12 A-T ...
  -13.0013  -13.1789   29.0658
    0.7188   -0.1490    0.6790
   -0.1787    0.9043    0.3876
   -0.6718   -0.4000    0.6235
...    13 C-G ...
  -14.1788  -15.9359   31.3399
    0.4052    0.2865    0.8682
   -0.5270    0.8492   -0.0343
   -0.7470   -0.4437    0.4951
...    14 A-T ...
  -15.9532  -18.1566   33.3080
   -0.1503    0.6873    0.7107
   -0.6106    0.5008   -0.6135
   -0.7776   -0.5261    0.3444
...    15 A-T ...
  -18.4831  -19.7988   34.5227
   -0.4552    0.8693    0.1925
   -0.4122   -0.0142   -0.9110
   -0.7892   -0.4941    0.3648
...    16 T-A ...
  -20.8725  -21.2646   36.4316
   -0.6341    0.6988   -0.3309
   -0.0872   -0.4899   -0.8674
   -0.7683   -0.5212    0.3715
...    17 T-A ...
  -23.3828  -22.7172   37.9729
   -0.5921    0.2464   -0.7673
    0.3113   -0.8083   -0.4998
   -0.7433   -0.5348    0.4019
...    18 T-A ...
  -25.9283  -24.2321   39.3830
   -0.3119   -0.2871   -0.9057
    0.6008   -0.7981    0.0461
   -0.7360   -0.5298    0.4214
...    19 A-T ...
  -28.2668  -26.2204   41.0302
    0.1416   -0.7870   -0.6005
    0.6637   -0.3746    0.6474
   -0.7345   -0.4902    0.4693
...    20 T-A ...
  -31.1215  -27.6020   42.1027
    0.4476   -0.8846   -0.1306
    0.4953    0.1237    0.8599
   -0.7445   -0.4496    0.4935
...    21 T-A ...
  -33.6650  -29.1094   43.4723
    0.6280   -0.6466    0.4331
    0.1265    0.6339    0.7630
   -0.7679   -0.4243    0.4799
...    22 C-G ...
  -36.2088  -30.4801   45.0758
    0.5972   -0.1208    0.7930
   -0.2836    0.8929    0.3496
   -0.7503   -0.4337    0.4990
...    23 G-C ...
  -38.9573  -31.3288   46.9087
    0.4516    0.4668    0.7603
   -0.5817    0.8002   -0.1458
   -0.6765   -0.3764    0.6330
...    24 C-G ...
  -40.9131  -32.8356   49.0775
    0.1177    0.8406    0.5287
   -0.7288    0.4348   -0.5290
   -0.6745   -0.3231    0.6638
...    25 A-T ...
  -43.5323  -33.7611   50.9496
   -0.2807    0.9582    0.0553
   -0.6665   -0.1532   -0.7296
   -0.6906   -0.2416    0.6817
...    26 A-T ...
  -45.7624  -34.3790   53.2811
   -0.6060    0.6922   -0.3919
   -0.3874   -0.6872   -0.6146
   -0.6947   -0.2206    0.6846
...    27 A-T ...
  -47.9122  -34.8160   55.7024
   -0.7264    0.1523   -0.6702
    0.0467   -0.9620   -0.2692
   -0.6857   -0.2268    0.6917
...    28 G-C ...
  -50.4094  -35.1014   57.9909
   -0.5474   -0.3887   -0.7411
    0.4204   -0.8935    0.1581
   -0.7236   -0.2250    0.6525
...    29 G-C ...
  -53.1426  -35.7033   60.0316
   -0.1529   -0.8287   -0.5385
    0.6489   -0.4951    0.5777
   -0.7453   -0.2611    0.6135
...    30 C-G ...
  -55.8286  -36.5395   61.7529
    0.2753   -0.9516   -0.1367
    0.6082    0.0623    0.7913
   -0.7445   -0.3010    0.5959
...    31 C-G ...
  -58.5187  -37.4747   63.5746
    0.6164   -0.7277    0.3009
    0.3368    0.5890    0.7346
   -0.7118   -0.3514    0.6082
...    32 G-C ...
  -60.6118  -38.3100   65.7479
    0.7665   -0.2641    0.5854
   -0.0581    0.8793    0.4728
   -0.6396   -0.3964    0.6586
...    33 G-C ...
  -62.4755  -39.8133   68.1072
    0.6378    0.3094    0.7053
   -0.4954    0.8660    0.0681
   -0.5897   -0.3928    0.7057
...    34 C-G ...
  -64.1439  -41.3257   70.5081
    0.2717    0.7664    0.5821
   -0.7762    0.5321   -0.3382
   -0.5690   -0.3600    0.7394
...    35 C-G ...
  -65.7766  -42.2917   73.3523
   -0.1859    0.9533    0.2381
   -0.8070   -0.0099   -0.5905
   -0.5606   -0.3019    0.7711
...    36 C-G ...
  -67.5417  -43.0371   76.1490
   -0.5894    0.7861   -0.1861
   -0.5779   -0.5713   -0.5827
   -0.5644   -0.2359    0.7911
...    37 G-C ...
  -69.7007  -44.6200   78.3296
   -0.7743    0.3288   -0.5407
   -0.1340   -0.9202   -0.3678
   -0.6185   -0.2123    0.7566
...    38 A-T ...
  -71.6162  -45.2559   80.7996
   -0.6986   -0.2853   -0.6562
    0.3620   -0.9320    0.0199
   -0.6173   -0.2236    0.7543
...    39 C-G ...
  -73.9527  -45.6402   82.9854
   -0.3723   -0.7276   -0.5762
    0.6684   -0.6409    0.3774
   -0.6439   -0.2446    0.7249
...    40 A-T ...
  -76.1775  -46.5920   85.3516
    0.1493   -0.9468   -0.2851
    0.7495   -0.0797    0.6572
   -0.6449   -0.3118    0.6977
...    41 C-G ...
  -78.5482  -47.9283   87.2502
    0.5521   -0.8303    0.0758
    0.5471    0.4294    0.7185
   -0.6291   -0.3553    0.6914
...    42 G-C ...
  -80.3733  -48.8461   89.9051
    0.8098   -0.3771    0.4495
    0.0827    0.8317    0.5490
   -0.5809   -0.4074    0.7047
...    43 A-T ...
  -82.2765  -50.1709   92.0943
    0.6991    0.1966    0.6874
   -0.4134    0.8956    0.1644
   -0.5833   -0.3991    0.7074
...    44 C-G ...
  -83.8004  -51.9935   94.3995
    0.3865    0.6689    0.6349
   -0.7400    0.6358   -0.2194
   -0.5505   -0.3850    0.7408
...    45 T-A ...
  -85.1821  -53.5438   97.3586
   -0.0998    0.9288    0.3569
   -0.8318    0.1190   -0.5422
   -0.5461   -0.3509    0.7607
...    46 T-A ...
  -86.7457  -54.6782   99.9416
   -0.5464    0.8375    0.0077
   -0.6300   -0.4049   -0.6626
   -0.5519   -0.3669    0.7489
...    47 A-T ...
  -88.7797  -56.1296  102.2433
   -0.8274    0.3670   -0.4251
   -0.1179   -0.8536   -0.5074
   -0.5491   -0.3697    0.7496
...    48 C-G ...
  -90.6821  -56.6987  104.9397
   -0.7462   -0.1473   -0.6493
    0.3468   -0.9185   -0.1901
   -0.5683   -0.3670    0.7364
...    49 T-A ...
  -92.9052  -57.6367  107.3286
   -0.3868   -0.5962   -0.7035
    0.6873   -0.6950    0.2112
   -0.6149   -0.4018    0.6786
...    50 G-C ...
  -94.9982  -59.2085  109.4853
    0.1630   -0.8288   -0.5353
    0.7715   -0.2310    0.5927
   -0.6149   -0.5096    0.6018
...    51 T-A ...
  -97.2985  -60.8852  110.9834
    0.5707   -0.8011   -0.1804
    0.5670    0.2256    0.7922
   -0.5939   -0.5544    0.5830
...    52 A-T ...
  -99.0761  -62.8054  113.0984
    0.8464   -0.4484    0.2874
    0.0810    0.6417    0.7627
   -0.5264   -0.6222    0.5794
...    53 G-C ...
 -100.8144  -64.9464  114.8315
    0.8069    0.0192    0.5904
   -0.3956    0.7599    0.5159
   -0.4387   -0.6498    0.6207
...    54 G-C ...
 -101.7549  -67.7114  116.9372
    0.4621    0.5015    0.7314
   -0.8056    0.5821    0.1099
   -0.3706   -0.6401    0.6730
...    55 T-A ...
 -102.4588  -69.9159  119.2792
   -0.0396    0.7336    0.6784
   -0.9342    0.2137   -0.2856
   -0.3545   -0.6451    0.6769
...    56 A-T ...
 -103.3586  -72.0310  121.7883
   -0.5981    0.7208    0.3503
   -0.7206   -0.2925   -0.6286
   -0.3507   -0.6284    0.6943
...    57 T-A ...
 -104.0328  -73.7588  124.5265
   -0.9030    0.4292   -0.0201
   -0.2816   -0.6266   -0.7266
   -0.3245   -0.6505    0.6867
...    58 C-G ...
 -105.2148  -75.7548  127.0096
   -0.8754   -0.0690   -0.4785
    0.3644   -0.7446   -0.5593
   -0.3177   -0.6639    0.6770
...    59 T-A ...
 -106.6043  -77.8219  129.2835
   -0.5135   -0.4282   -0.7436
    0.7838   -0.5867   -0.2035
   -0.3491   -0.6874    0.6369
...    60 C-G ...
 -107.7852  -80.1179  131.4848
    0.0739   -0.6666   -0.7417
    0.9377   -0.2068    0.2793
   -0.3396   -0.7162    0.6098
...    61 G-C ...
 -108.3278  -82.6790  133.6055
    0.6212   -0.5087   -0.5961
    0.7471    0.1547    0.6465
   -0.2367   -0.8469    0.4761
...    62 A-T ...
 -109.0440  -85.4070  135.3385
    0.9561   -0.2573   -0.1403
    0.2442    0.4346    0.8669
   -0.1621   -0.8631    0.4783
...    63 G-C ...
 -109.3759  -88.4238  136.7162
    0.9475    0.0837    0.3087
   -0.3101    0.4763    0.8228
   -0.0781   -0.8753    0.4773
...    64 C-G ...
 -109.1989  -91.5728  138.0532
    0.5853    0.3783    0.7171
   -0.8103    0.3055    0.5001
   -0.0299   -0.8738    0.4854
...    65 T-A ...
 -109.1044  -94.4515  139.6782
    0.0388    0.4945    0.8683
   -0.9990    0.0013    0.0440
    0.0206   -0.8692    0.4941
...    66 C-G ...
 -109.3563  -97.2127  141.4656
   -0.5870    0.3767    0.7166
   -0.8062   -0.3527   -0.4750
    0.0739   -0.8566    0.5107
...    67 G-C ...
 -109.9849 -100.6110  142.5197
   -0.9546    0.0948    0.2823
   -0.2881   -0.5334   -0.7953
    0.0752   -0.8406    0.5365
...    68 G-C ...
 -109.6058 -103.4011  144.4509
   -0.9444   -0.1982   -0.2622
    0.3253   -0.4492   -0.8321
    0.0471   -0.8712    0.4887
...    69 G-C ...
 -109.5103 -106.2361  146.2469
   -0.6039   -0.3298   -0.7256
    0.7970   -0.2621   -0.5442
   -0.0107   -0.9069    0.4211
...    70 A-T ...
 -109.7425 -109.2103  147.7896
    0.0041   -0.3910   -0.9204
    1.0000    0.0077    0.0012
    0.0066   -0.9204    0.3910
...    71 T-A ...
 -110.3043 -112.2713  148.8659
    0.5284   -0.2864   -0.7992
    0.8485    0.2106    0.4855
    0.0293   -0.9347    0.3543
...    72 C-G ...
 -110.2579 -115.4498  149.7975
    0.9254   -0.0476   -0.3760
    0.3706    0.3216    0.8713
    0.0794   -0.9457    0.3153
...    73 C-G ...
 -110.0005 -118.5861  150.7259
    0.9589    0.2650    0.1011
   -0.1752    0.2727    0.9460
    0.2231   -0.9249    0.3079
...    74 G-C ...
 -109.1453 -121.4919  152.1899
    0.6512    0.4931    0.5769
   -0.6653    0.0053    0.7465
    0.3651   -0.8699    0.3315
...    75 C-G ...
 -107.2797 -124.2372  153.2528
    0.1370    0.4061    0.9035
   -0.9028   -0.3242    0.2826
    0.4077   -0.8544    0.3222
...    76 T-A ...
 -105.4289 -126.7950  154.8578
   -0.4095    0.1105    0.9056
   -0.7723   -0.5704   -0.2796
    0.4856   -0.8139    0.3189
...    77 T-A ...
 -103.5650 -129.2378  156.0344
   -0.7469   -0.3389    0.5720
   -0.3615   -0.5150   -0.7772
    0.5580   -0.7873    0.2621
...    78 T-A ...
 -101.5689 -131.6085  157.1403
   -0.7645   -0.6445   -0.0144
    0.1606   -0.1688   -0.9725
    0.6243   -0.7458    0.2325
...    79 T-A ...
  -99.3992 -133.8821  158.0385
   -0.4611   -0.6540   -0.5998
    0.5700    0.2997   -0.7650
    0.6801   -0.6946    0.2346
...    80 C-G ...
  -96.8026 -135.9138  158.8775
   -0.0425   -0.2946   -0.9547
    0.7096    0.6638   -0.2365
    0.7034   -0.6875    0.1808
...    81 A-T ...
  -94.1162 -137.8422  159.7784
    0.2838    0.2463   -0.9267
    0.5925    0.7148    0.3714
    0.7539   -0.6545    0.0569
...    82 T-A ...
  -91.8663 -140.1891  159.5881
    0.4827    0.6304   -0.6080
    0.3770    0.4770    0.7939
    0.7905   -0.6124   -0.0074
...    83 G-C ...
  -88.9321 -142.1104  159.3978
    0.4848    0.8746    0.0008
    0.0590   -0.0336    0.9977
    0.8726   -0.4836   -0.0679
...    84 T-A ...
  -85.9287 -143.4063  158.5704
    0.4180    0.7235    0.5494
   -0.1832   -0.5252    0.8310
    0.8898   -0.4480   -0.0870
...    85 T-A ...
  -82.9929 -144.6366  158.1664
    0.2428    0.2792    0.9290
   -0.3581   -0.8643    0.3533
    0.9016   -0.4185   -0.1099
...    86 A-T ...
  -79.9815 -146.3740  157.7297
    0.0038   -0.4427    0.8966
   -0.4286   -0.8108   -0.3986
    0.9035   -0.3828   -0.1928
...    87 T-A ...
  -76.7628 -147.0839  157.4981
   -0.1733   -0.8225    0.5418
   -0.3697   -0.4556   -0.8098
    0.9129   -0.3406   -0.2251
...    88 A-T ...
  -73.5875 -148.0208  156.2243
   -0.2654   -0.9316   -0.2482
   -0.1869    0.3023   -0.9347
    0.9458   -0.2017   -0.2544
...    89 A-T ...
  -70.4739 -148.6514  155.5636
   -0.2831   -0.5703   -0.7711
   -0.0431    0.8108   -0.5838
    0.9581   -0.1321   -0.2541
...    90 C-G ...
  -67.2328 -149.5811  155.0459
   -0.2682   -0.0094   -0.9633
    0.0936    0.9950   -0.0358
    0.9588   -0.0998   -0.2660
...    91 G-C ...
  -64.1153 -149.4360  154.0647
   -0.3208    0.5583   -0.7651
    0.2159    0.8296    0.5149
    0.9222   -0.0000   -0.3867
...    92 G-C ...
  -61.2821 -149.1849  152.4290
   -0.2777    0.9079   -0.3140
    0.4015    0.4066    0.8206
    0.8727    0.1019   -0.4775
...    93 A-T ...
  -58.5520 -148.6833  150.6391
   -0.0795    0.9600    0.2684
    0.5258   -0.1884    0.8295
    0.8469    0.2071   -0.4898
...    94 A-T ...
  -55.8736 -147.7603  149.0103
    0.2162    0.6580    0.7213
    0.4928   -0.7113    0.5012
    0.8428    0.2471   -0.4781
...    95 A-T ...
  -53.2709 -146.5535  147.3658
    0.4687    0.1266    0.8742
    0.2914   -0.9564   -0.0177
    0.8339    0.2630   -0.4852
...    96 C-G ...
  -50.5751 -145.0305  145.9648
    0.5783   -0.4212    0.6987
   -0.0030   -0.8575   -0.5145
    0.8158    0.2955   -0.4971
...    97 A-T ...
  -47.7165 -144.1264  144.3998
    0.4377   -0.8650    0.2453
   -0.3508   -0.4155   -0.8392
    0.8279    0.2812   -0.4853
...    98 C-G ...
  -44.6071 -143.0981  143.4141
    0.1817   -0.9503   -0.2529
   -0.5371    0.1195   -0.8350
    0.8237    0.2876   -0.4886
...    99 T-A ...
  -41.2736 -142.3742  142.1668
   -0.1733   -0.7081   -0.6845
   -0.5608    0.6423   -0.5225
    0.8096    0.2933   -0.5084
...   100 T-A ...
  -38.4749 -141.6949  140.6325
   -0.4486   -0.1848   -0.8744
   -0.3677    0.9299   -0.0078
    0.8146    0.3180   -0.4851
...   101 T-A ...
  -35.7787 -140.8051  139.0231
   -0.6004    0.3777   -0.7048
   -0.0480    0.8628    0.5033
    0.7982    0.3361   -0.4999
...   102 A-T ...
  -33.1464 -139.3592  137.5123
   -0.5709    0.7910   -0.2201
    0.3264    0.4647    0.8231
    0.7533    0.3980   -0.5235
...   103 T-A ...
  -31.1813 -138.1811  135.2593
   -0.3948    0.8878    0.2366
    0.5735    0.0369    0.8184
    0.7179    0.4587   -0.5237
...   104 G-C ...
  -29.0178 -136.4136  133.4301
   -0.0398    0.6756    0.7362
    0.7266   -0.4862    0.4855
    0.6859    0.5542   -0.4715
...   105 C-G ...
  -27.0281 -134.1484  132.0407
    0.3430    0.2642    0.9014
    0.6397   -0.7684   -0.0182
    0.6879    0.5829   -0.4325
...   106 T-A ...
  -24.7227 -131.6779  131.0738
    0.6538   -0.2320    0.7202
    0.3677   -0.7344   -0.5705
    0.6613    0.6378   -0.3949
...   107 T-A ...
  -22.6046 -129.4717  130.0506
    0.7404   -0.6188    0.2626
   -0.0630   -0.4528   -0.8894
    0.6692    0.6419   -0.3742
...   108 C-G ...
  -20.2459 -127.2702  129.0039
    0.5524   -0.7571   -0.3487
   -0.5086    0.0253   -0.8606
    0.6604    0.6528   -0.3711
...   109 C-G ...
  -18.0362 -125.0874  127.8819
    0.1247   -0.6804   -0.7221
   -0.7267    0.4329   -0.5334
    0.6755    0.5913   -0.4405
...   110 G-C ...
  -16.2478 -122.9738  126.4346
   -0.3454   -0.4021   -0.8479
   -0.6843    0.7262   -0.0656
    0.6422    0.5576   -0.5260
...   111 G-C ...
  -14.1270 -121.2911  124.4661
   -0.7222    0.0371   -0.6907
   -0.3655    0.8273    0.4266
    0.5873    0.5606   -0.5839
...   112 C-G ...
  -12.2571 -119.8252  122.1106
   -0.8332    0.4651   -0.2991
    0.1053    0.6644    0.7399
    0.5428    0.5850   -0.6026
...   113 T-A ...
  -10.6101 -117.9499  119.9127
   -0.6836    0.7056    0.1867
    0.5473    0.3264    0.7707
    0.4829    0.6290   -0.6093
...   114 C-G ...
   -9.1003 -115.6526  118.0860
   -0.2496    0.7360    0.6293
    0.8713   -0.1129    0.4776
    0.4226    0.6675   -0.6131
...   115 G-C ...
   -7.2741 -113.4591  116.3482
    0.2874    0.4739    0.8324
    0.8684   -0.4956   -0.0176
    0.4042    0.7279   -0.5539
...   116 T-A ...
   -6.3363 -110.5266  114.9928
    0.6988    0.0971    0.7087
    0.5768   -0.6626   -0.4779
    0.4232    0.7427   -0.5190
...   117 A-T ...
   -4.9857 -107.7146  113.6050
    0.8874   -0.3487    0.3016
    0.0563   -0.5673   -0.8216
    0.4575    0.7460   -0.4838
...   118 T-A ...
   -3.4360 -104.9685  112.6746
    0.7979   -0.5752   -0.1805
   -0.4148   -0.3066   -0.8567
    0.4374    0.7584   -0.4833
...   119 A-T ...
   -2.2382 -102.3038  110.8276
    0.3349   -0.6052   -0.7222
   -0.8463    0.1438   -0.5130
    0.4143    0.7830   -0.4640
...   120 A-T ...
   -0.6116  -99.8486  109.4437
   -0.2212   -0.4197   -0.8803
   -0.8860    0.4637    0.0016
    0.4075    0.7803   -0.4745
...   121 T-A ...
    1.2301  -97.6500  107.7383
   -0.6572   -0.1080   -0.7460
   -0.6348    0.6129    0.4705
    0.4064    0.7828   -0.4713
...   122 G-C ...
    2.5800  -94.9695  105.9968
   -0.9394    0.2208   -0.2621
   -0.0978    0.5605    0.8224
    0.3285    0.7982   -0.5049
...   123 T-A ...
    3.4791  -92.5757  103.9338
   -0.8600    0.4640    0.2125
    0.4050    0.3670    0.8375
    0.3106    0.8063   -0.5035
...   124 G-C ...
    4.3933  -89.7983  102.2534
   -0.4706    0.5330    0.7032
    0.8470    0.0496    0.5292
    0.2472    0.8446   -0.4749
...   125 T-A ...
    4.7053  -87.0655  100.5795
    0.0391    0.4410    0.8967
    0.9709   -0.2290    0.0703
    0.2363    0.8678   -0.4371
...   126 C-G ...
    5.4133  -84.2361   99.3041
    0.6109    0.2236    0.7595
    0.7604   -0.4329   -0.4841
    0.2206    0.8733   -0.4345
...   127 G-C ...
    6.6158  -81.6030   97.6273
    0.8930   -0.1606    0.4204
    0.3126   -0.4508   -0.8361
    0.3238    0.8781   -0.3524
...   128 A-T ...
    7.5386  -78.7628   96.5240
    0.9023   -0.4008   -0.1588
   -0.2858   -0.2803   -0.9164
    0.3227    0.8723   -0.3674
...   129 C-G ...
    8.9232  -75.7938   96.0382
    0.5923   -0.5248   -0.6114
   -0.7236   -0.0128   -0.6901
    0.3544    0.8511   -0.3873
...   130 C-G ...
   10.6297  -73.1326   94.7503
    0.0702   -0.5338   -0.8427
   -0.9141    0.3039   -0.2687
    0.3995    0.7891   -0.4666
...   131 A-T ...
   11.2073  -70.1831   93.1253
   -0.5205   -0.3092   -0.7959
   -0.7680    0.5768    0.2782
    0.3731    0.7561   -0.5377
...   132 A-T ...
   12.4560  -67.8192   91.2169
   -0.8730    0.0823   -0.4807
   -0.3149    0.6575    0.6845
    0.3724    0.7490   -0.5481
...   133 A-T ...
   13.7380  -65.6239   89.1353
   -0.8711    0.4912   -0.0011
    0.2642    0.4704    0.8420
    0.4141    0.7331   -0.5395
...   134 T-A ...
   14.7384  -63.4258   86.8198
   -0.5923    0.6747    0.4404
    0.6886    0.1401    0.7115
    0.4183    0.7247   -0.5475
...   135 G-C ...
   15.7317  -61.4928   83.9329
    0.0341    0.7400    0.6717
    0.8636   -0.3601    0.3528
    0.5030    0.5681   -0.6514
...   136 T-A ...
   15.7848  -59.5604   80.7991
    0.5517    0.4998    0.6677
    0.6739   -0.7388   -0.0038
    0.4914    0.4520   -0.7444
...   137 G-C ...
   16.8385  -57.7218   78.2675
    0.8528   -0.0848    0.5153
    0.1507   -0.9048   -0.3983
    0.5000    0.4173   -0.7588
...   138 A-T ...
   18.4282  -55.5286   76.5298
    0.8547   -0.5006    0.1371
   -0.3188   -0.7148   -0.6224
    0.4096    0.4883   -0.7706
...   139 G-C ...
   20.4259  -54.3093   74.5419
    0.5847   -0.7389   -0.3347
   -0.7593   -0.3533   -0.5465
    0.2856    0.5737   -0.7676
...   140 C-G ...
   21.4269  -51.8265   72.7875
    0.1304   -0.7144   -0.6875
   -0.8897    0.2216   -0.3991
    0.4375    0.6637   -0.6067
...   141 G-C ...
   22.1521  -50.1494   67.4639
   -0.4682   -0.8748    0.1248
   -0.8494    0.4066   -0.3364
    0.2435   -0.2635   -0.9334
...   142 C-G ...
   22.3488  -51.2413   64.4932
   -0.8528   -0.5119   -0.1032
   -0.4975    0.8565   -0.1374
    0.1587   -0.0659   -0.9851
...   143 T-A ...
   24.0166  -51.6378   61.9247
   -0.9562    0.0401   -0.2898
    0.0524    0.9980   -0.0348
    0.2878   -0.0485   -0.9565
...   144 C-G ...
   24.8958  -52.7395   58.9872
   -0.7529    0.5560   -0.3520
    0.5214    0.8304    0.1965
    0.4016   -0.0356   -0.9151
...   145 A-T ...
   25.5275  -52.9803   55.8052
   -0.2442    0.9563   -0.1610
    0.8906    0.2869    0.3528
    0.3836   -0.0573   -0.9217
...   146 C-G ...
   25.2778  -52.5122   52.0795
    0.3204    0.9427   -0.0929
    0.8825   -0.2614    0.3909
    0.3443   -0.2072   -0.9157
...   147 A-T ...
   25.6238  -52.5939   48.6394
    0.8597    0.5097    0.0339
    0.4496   -0.7865    0.4233
    0.2424   -0.3487   -0.9053
