  147 base-pairs
...     1 T-A ...
    0.0000    0.0000    0.0000
    1.0000    0.0000    0.0000
    0.0000    1.0000    0.0000
    0.0000    0.0000    1.0000
...     2 G-C ...
   -0.5555   -1.1003    3.3981
    0.7749    0.6051    0.1828
   -0.5991    0.7953   -0.0929
   -0.2016   -0.0375    0.9787
...     3 T-A ...
   -0.6619   -3.0237    6.5348
    0.3046    0.9250    0.2271
   -0.8994    0.3578   -0.2510
   -0.3134   -0.1278    0.9410
...     4 G-C ...
   -1.1607   -3.8418    9.6940
   -0.3351    0.9421    0.0133
   -0.8752   -0.3061   -0.3746
   -0.3489   -0.1372    0.9271
...     5 A-T ...
   -1.3881   -3.6770   12.8999
   -0.7835    0.6162   -0.0801
   -0.5677   -0.7622   -0.3109
   -0.2527   -0.1981    0.9470
...     6 G-C ...
   -2.6236   -3.5448   15.7072
   -0.9923    0.0611   -0.1075
   -0.0294   -0.9610   -0.2748
   -0.1201   -0.2695    0.9555
...     7 C-G ...
   -2.3138   -3.7570   18.8866
   -0.8620   -0.4995   -0.0864
    0.5008   -0.8655    0.0073
   -0.0785   -0.0370    0.9962
...     8 G-C ...
   -3.9561   -6.8109   23.3205
   -0.2581   -0.3560   -0.8981
    0.6294   -0.7673    0.1233
   -0.7330   -0.5335    0.4221
...     9 C-G ...
   -6.1177   -8.9414   24.2385
    0.1143   -0.7320   -0.6716
    0.8123   -0.3203    0.4874
   -0.5720   -0.6013    0.5580
...    10 T-A ...
   -8.5041   -9.6771   26.0540
    0.4660   -0.8587   -0.2131
    0.6274    0.1508    0.7640
   -0.6239   -0.4897    0.6090
...    11 C-G ...
  -11.0625  -11.3174   27.2336
    0.6660   -0.6911    0.2808
    0.3382    0.6152    0.7121
   -0.6649   -0.3794    0.6435
...    12 A-T ...
  -13.0013  -13.1789   29.0658
    0.7188   -0.1490    0.6790
   -0.1787    0.9043    0.3876
   -0.6718   -0.4000    0.6235
...    13 C-G ...
  -14.1788  -15.9359   31.3399
    0.4052    0.2865    0.8682
   -0.5270    0.8492   -0.0343
   -0.7470   -0.4437    0.4951
...    14 A-T ...
  -15.9532  -18.1566   33.3080
   -0.1503    0.6873    0.7107
   -0.6106    0.5008   -0.6135
   -0.7776   -0.5261    0.3444
...    15 A-T ...
  -18.3920  -19.8489   34.6186
   -0.4597    0.8639    0.2059
   -0.4131   -0.0028   -0.9107
   -0.7861   -0.5037    0.3582
...    16 T-A ...
  -20.7691  -21.2641   36.4025
   -0.5958    0.7435   -0.3037
   -0.1213   -0.4571   -0.8811
   -0.7939   -0.4881    0.3625
...    17 T-A ...
  -23.3784  -22.6618   37.7548
   -0.5535    0.3278   -0.7657
    0.2446   -0.8148   -0.5256
   -0.7962   -0.4782    0.3708
...    18 T-A ...
  -26.0699  -23.9688   39.0540
   -0.3168   -0.2341   -0.9191
    0.5209   -0.8528    0.0377
   -0.7927   -0.4668    0.3922
...    19 A-T ...
  -28.4187  -25.9015   40.6545
    0.0757   -0.7726   -0.6304
    0.6041   -0.4675    0.6454
   -0.7933   -0.4297    0.4313
...    20 T-A ...
  -31.4005  -27.0801   41.5341
    0.3648   -0.9132   -0.1814
    0.4767    0.0159    0.8789
   -0.7998   -0.4071    0.4411
...    21 T-A ...
  -34.1438  -28.3872   42.7341
    0.5493   -0.7338    0.3996
    0.1750    0.5687    0.8037
   -0.8171   -0.3716    0.4409
...    22 C-G ...
  -36.8717  -29.6417   44.1413
    0.5553   -0.2203    0.8019
   -0.1938    0.9034    0.3824
   -0.8088   -0.3678    0.4589
...    23 G-C ...
  -39.7441  -30.4231   45.7975
    0.4182    0.3884    0.8211
   -0.4872    0.8588   -0.1581
   -0.7666   -0.3339    0.5484
...    24 C-G ...
  -42.0222  -31.8000   47.8144
    0.1086    0.8211    0.5603
   -0.6409    0.4887   -0.5920
   -0.7599   -0.2948    0.5794
...    25 A-T ...
  -44.7441  -32.6081   49.6249
   -0.2118    0.9765    0.0385
   -0.6023   -0.0994   -0.7921
   -0.7696   -0.1910    0.6092
...    26 A-T ...
  -47.1442  -33.0866   51.7643
   -0.5171    0.7339   -0.4404
   -0.3680   -0.6552   -0.6598
   -0.7728   -0.1792    0.6089
...    27 A-T ...
  -49.6302  -33.4327   53.8347
   -0.6332    0.2078   -0.7456
    0.0007   -0.9631   -0.2691
   -0.7740   -0.1709    0.6097
...    28 G-C ...
  -52.3252  -33.6753   55.8078
   -0.4827   -0.3505   -0.8026
    0.3338   -0.9209    0.2014
   -0.8097   -0.1706    0.5615
...    29 G-C ...
  -55.2702  -34.0867   57.4654
   -0.1505   -0.7986   -0.5828
    0.5244   -0.5642    0.6377
   -0.8380   -0.2096    0.5037
...    30 C-G ...
  -58.2974  -34.6918   58.7813
    0.2013   -0.9705   -0.1325
    0.5063   -0.0127    0.8623
   -0.8386   -0.2407    0.4888
...    31 C-G ...
  -61.2171  -35.6611   60.2187
    0.5100   -0.7856    0.3504
    0.2835    0.5381    0.7937
   -0.8121   -0.3054    0.4972
...    32 G-C ...
  -63.8440  -36.4017   62.2529
    0.6506   -0.2885    0.7024
   -0.0872    0.8905    0.4465
   -0.7544   -0.3518    0.5542
...    33 G-C ...
  -66.2865  -37.7978   64.1379
    0.5408    0.2966    0.7871
   -0.4528    0.8913   -0.0247
   -0.7089   -0.3430    0.6163
...    34 C-G ...
  -68.3593  -39.2225   66.3412
    0.2182    0.7626    0.6089
   -0.6859    0.5637   -0.4602
   -0.6942   -0.3172    0.6461
...    35 C-G ...
  -70.5076  -40.2176   68.7678
   -0.1551    0.9697    0.1885
   -0.7062    0.0247   -0.7076
   -0.6909   -0.2429    0.6810
...    36 C-G ...
  -72.7227  -40.7860   71.2777
   -0.4728    0.8290   -0.2985
   -0.5127   -0.5344   -0.6720
   -0.7166   -0.1647    0.6777
...    37 G-C ...
  -75.3839  -41.4948   73.2684
   -0.6061    0.3757   -0.7010
   -0.1649   -0.9216   -0.3514
   -0.7781   -0.0974    0.6206
...    38 A-T ...
  -77.9783  -41.7106   75.3059
   -0.5579   -0.2601   -0.7881
    0.2315   -0.9607    0.1532
   -0.7970   -0.0970    0.5962
...    39 C-G ...
  -80.8457  -41.4800   77.0025
   -0.3199   -0.7380   -0.5942
    0.4888   -0.6657    0.5638
   -0.8116   -0.1101    0.5737
...    40 A-T ...
  -83.4575  -42.0079   79.0581
    0.1084   -0.9751   -0.1935
    0.5597   -0.1010    0.8225
   -0.8216   -0.1974    0.5348
...    41 C-G ...
  -86.4711  -42.7737   80.2611
    0.4184   -0.8671    0.2702
    0.3995    0.4429    0.8026
   -0.8157   -0.2279    0.5318
...    42 G-C ...
  -89.0201  -43.3964   82.4255
    0.6516   -0.4188    0.6325
    0.0486    0.8551    0.5161
   -0.7570   -0.3056    0.5776
...    43 A-T ...
  -91.4732  -44.4904   84.3528
    0.5628    0.1988    0.8023
   -0.3712    0.9281    0.0303
   -0.7386   -0.3149    0.5961
...    44 C-G ...
  -93.5422  -46.0363   86.4747
    0.2808    0.6793    0.6780
   -0.6289    0.6638   -0.4047
   -0.7250   -0.3128    0.6136
...    45 T-A ...
  -95.7284  -47.0922   88.7790
   -0.0890    0.9461    0.3114
   -0.6961    0.1645   -0.6988
   -0.7124   -0.2789    0.6440
...    46 T-A ...
  -97.8682  -48.0052   91.0683
   -0.5071    0.8487   -0.1503
   -0.4984   -0.4311   -0.7521
   -0.7031   -0.3065    0.6416
...    47 A-T ...
 -100.3680  -49.4235   92.9239
   -0.7275    0.3399   -0.5960
   -0.0245   -0.8809   -0.4726
   -0.6856   -0.3292    0.6492
...    48 C-G ...
 -102.7479  -49.8991   95.2320
   -0.6076   -0.1902   -0.7711
    0.3769   -0.9237   -0.0692
   -0.6991   -0.3327    0.6329
...    49 T-A ...
 -105.2923  -50.7842   97.2196
   -0.2535   -0.6481   -0.7181
    0.6427   -0.6677    0.3756
   -0.7229   -0.3663    0.5858
...    50 G-C ...
 -107.5904  -52.2363   99.2048
    0.2514   -0.8724   -0.4191
    0.6529   -0.1668    0.7388
   -0.7145   -0.4594    0.5277
...    51 T-A ...
 -110.2475  -53.8288  100.3937
    0.5954   -0.8031    0.0227
    0.4093    0.3275    0.8516
   -0.6914   -0.4977    0.5237
...    52 A-T ...
 -112.4569  -55.4259  102.3862
    0.7614   -0.3906    0.5174
   -0.0719    0.7423    0.6662
   -0.6443   -0.5444    0.5371
...    53 G-C ...
 -114.4346  -57.4997  104.0918
    0.6343    0.1196    0.7638
   -0.4997    0.8173    0.2870
   -0.5899   -0.5637    0.5781
...    54 G-C ...
 -116.1024  -59.5188  106.2444
    0.2741    0.6005    0.7512
   -0.7984    0.5776   -0.1703
   -0.5361   -0.5531    0.6377
...    55 T-A ...
 -117.3215  -61.5187  108.6418
   -0.2072    0.8230    0.5289
   -0.8240    0.1446   -0.5478
   -0.5273   -0.5493    0.6482
...    56 A-T ...
 -119.5699  -63.5722  110.3052
   -0.7593    0.6481    0.0577
   -0.4417   -0.4482   -0.7772
   -0.4779   -0.6156    0.6266
...    57 T-A ...
 -120.9489  -65.1739  112.8773
   -0.8911    0.2931   -0.3464
    0.0351   -0.7166   -0.6966
   -0.4524   -0.6329    0.6283
...    58 T-A ...
 -122.4220  -67.0412  115.1185
   -0.7053   -0.2168   -0.6749
    0.5743   -0.7329   -0.3647
   -0.4156   -0.6448    0.6415
...    59 C-G ...
 -123.8188  -69.1061  117.3058
   -0.1916   -0.5996   -0.7770
    0.8934   -0.4344    0.1150
   -0.4065   -0.6721    0.6189
...    60 A-T ...
 -124.9749  -71.4237  119.4642
    0.4191   -0.6568   -0.6268
    0.8303   -0.0021    0.5573
   -0.3674   -0.7540    0.5445
...    61 T-A ...
 -126.5963  -73.9699  120.7473
    0.7975   -0.5417   -0.2655
    0.4947    0.3354    0.8017
   -0.3453   -0.7707    0.5355
...    62 G-C ...
 -127.4592  -76.5864  122.6906
    0.9732   -0.1406    0.1819
   -0.0758    0.5507    0.8313
   -0.2170   -0.8228    0.5253
...    63 T-A ...
 -127.8234  -79.6087  123.9667
    0.7869    0.2165    0.5779
   -0.5944    0.5176    0.6154
   -0.1659   -0.8278    0.5360
...    64 T-A ...
 -128.1395  -82.3859  125.6252
    0.2820    0.4756    0.8332
   -0.9481    0.2711    0.1661
   -0.1469   -0.8368    0.5274
...    65 A-T ...
 -129.2645  -85.1619  127.3404
   -0.4440    0.4758    0.7593
   -0.8893   -0.1303   -0.4384
   -0.1096   -0.8698    0.4810
...    66 T-A ...
 -129.0782  -87.8267  129.3351
   -0.8531    0.2966    0.4292
   -0.5162   -0.3611   -0.7766
   -0.0753   -0.8841    0.4612
...    67 A-T ...
 -129.2481  -91.2319  130.1120
   -0.9699   -0.1564   -0.1865
    0.2358   -0.4141   -0.8792
    0.0603   -0.8967    0.4385
...    68 A-T ...
 -129.0987  -94.0327  131.7971
   -0.6268   -0.4183   -0.6574
    0.7696   -0.2010   -0.6060
    0.1214   -0.8858    0.4479
...    69 C-G ...
 -129.2223  -96.8728  133.5546
   -0.1071   -0.4370   -0.8931
    0.9846    0.0783   -0.1564
    0.1383   -0.8960    0.4219
...    70 G-C ...
 -128.3474  -99.7718  135.1038
    0.4492   -0.1762   -0.8759
    0.8636    0.3369    0.3751
    0.2290   -0.9249    0.3035
...    71 G-C ...
 -127.7308 -102.9820  135.9402
    0.8143    0.1597   -0.5580
    0.4741    0.3715    0.7982
    0.3348   -0.9146    0.2268
...    72 A-T ...
 -126.5308 -105.9517  136.5791
    0.9063    0.4225    0.0032
   -0.0875    0.1803    0.9797
    0.4134   -0.8882    0.2004
...    73 C-G ...
 -124.8753 -108.7901  136.6240
    0.6956    0.5038    0.5122
   -0.5378   -0.1076    0.8362
    0.4764   -0.8571    0.1961
...    74 T-A ...
 -122.9123 -111.4093  137.1827
    0.2559    0.4153    0.8729
   -0.7932   -0.4260    0.4352
    0.5526   -0.8038    0.2204
...    75 C-G ...
 -120.9630 -113.9043  138.1305
   -0.2805    0.0668    0.9575
   -0.7578   -0.6276   -0.1783
    0.5891   -0.7756    0.2266
...    76 G-C ...
 -119.3941 -116.8062  138.9502
   -0.6915   -0.3082    0.6533
   -0.4014   -0.5879   -0.7023
    0.6005   -0.7479    0.2828
...    77 A-T ...
 -117.3180 -119.2068  139.9691
   -0.7712   -0.6319    0.0776
    0.1143   -0.2573   -0.9596
    0.6263   -0.7311    0.2706
...    78 G-C ...
 -115.2609 -121.5919  141.1375
   -0.5828   -0.6532   -0.4835
    0.5115    0.1674   -0.8428
    0.6315   -0.7385    0.2366
...    79 C-G ...
 -113.3043 -124.0737  142.2876
   -0.2125   -0.4132   -0.8855
    0.7294    0.5359   -0.4251
    0.6503   -0.7362    0.1875
...    80 T-A ...
 -111.3256 -126.6867  142.8933
    0.1672    0.0077   -0.9859
    0.7140    0.6886    0.1265
    0.6799   -0.7251    0.1096
...    81 C-G ...
 -109.1162 -129.0855  143.2561
    0.5014    0.4739   -0.7239
    0.4703    0.5530    0.6878
    0.7263   -0.6853    0.0544
...    82 G-C ...
 -106.4200 -131.1077  143.5428
    0.5340    0.8160   -0.2215
    0.1481    0.1677    0.9747
    0.8324   -0.5533   -0.0313
...    83 G-C ...
 -103.4210 -132.5821  143.0800
    0.4204    0.8355    0.3537
   -0.1114   -0.3394    0.9340
    0.9005   -0.4321   -0.0496
...    84 G-C ...
 -100.1396 -133.4302  142.8780
    0.2008    0.5422    0.8159
   -0.2495   -0.7771    0.5778
    0.9473   -0.3196   -0.0208
...    85 A-T ...
  -96.9287 -134.2592  142.9857
   -0.0013   -0.0446    0.9990
   -0.2714   -0.9615   -0.0433
    0.9625   -0.2711   -0.0108
...    86 T-A ...
  -93.6096 -134.4677  143.1506
   -0.1084   -0.5581    0.8227
   -0.2220   -0.7931   -0.5672
    0.9690   -0.2441   -0.0380
...    87 C-G ...
  -90.3689 -135.2230  143.1564
   -0.1919   -0.9380    0.2886
   -0.1037   -0.2731   -0.9564
    0.9759   -0.2135   -0.0449
...    88 C-G ...
  -87.0326 -135.9023  143.2341
   -0.2464   -0.9163   -0.3158
    0.0176    0.3216   -0.9467
    0.9690   -0.2388   -0.0631
...    89 G-C ...
  -83.6943 -136.1962  142.6749
   -0.2629   -0.5299   -0.8063
    0.1164    0.8122   -0.5717
    0.9578   -0.2441   -0.1518
...    90 C-G ...
  -80.5514 -137.2981  142.4309
   -0.2062    0.0285   -0.9781
    0.2138    0.9767   -0.0166
    0.9549   -0.2126   -0.2075
...    91 T-A ...
  -77.4795 -138.1970  141.5664
   -0.1519    0.5673   -0.8094
    0.2878    0.8088    0.5129
    0.9456   -0.1550   -0.2861
...    92 T-A ...
  -74.4898 -138.7305  140.4785
   -0.0242    0.9343   -0.3558
    0.3295    0.3434    0.8795
    0.9438   -0.0960   -0.3161
...    93 T-A ...
  -71.5061 -138.9309  139.2682
    0.1094    0.9682    0.2248
    0.3081   -0.2481    0.9185
    0.9450   -0.0313   -0.3254
...    94 A-T ...
  -68.3143 -138.7077  138.2748
    0.1652    0.6351    0.7545
    0.2503   -0.7670    0.5908
    0.9540    0.0912   -0.2857
...    95 A-T ...
  -65.2655 -138.1040  137.3214
    0.2882    0.0684    0.9551
    0.1332   -0.9906    0.0307
    0.9483    0.1183   -0.2946
...    96 C-G ...
  -62.1614 -137.0419  136.5859
    0.3158   -0.4807    0.8181
   -0.0168   -0.8649   -0.5017
    0.9487    0.1447   -0.2812
...    97 A-T ...
  -59.0291 -136.7996  135.4608
    0.2163   -0.9106    0.3521
   -0.1816   -0.3919   -0.9019
    0.9593    0.1311   -0.2501
...    98 C-G ...
  -55.7092 -136.2336  135.2430
    0.0919   -0.9746   -0.2040
   -0.2765    0.1718   -0.9455
    0.9566    0.1433   -0.2537
...    99 T-A ...
  -52.4381 -135.8849  134.6251
   -0.1051   -0.7192   -0.6868
   -0.2940    0.6822   -0.6695
    0.9500    0.1315   -0.2831
...   100 T-A ...
  -49.2828 -135.5926  133.8812
   -0.2509   -0.1773   -0.9516
   -0.2025    0.9709   -0.1275
    0.9466    0.1607   -0.2795
...   101 T-A ...
  -46.1907 -135.2464  132.9688
   -0.3462    0.4162   -0.8408
   -0.0331    0.8902    0.4543
    0.9376    0.1851   -0.2944
...   102 A-T ...
  -43.1127 -134.4448  131.9206
   -0.4090    0.8351   -0.3679
    0.2012    0.4758    0.8562
    0.8901    0.2762   -0.3626
...   103 T-A ...
  -40.4894 -133.6452  130.1374
   -0.2788    0.9513    0.1318
    0.3912   -0.0129    0.9202
    0.8771    0.3081   -0.3685
...   104 G-C ...
  -37.5707 -132.2894  129.1543
   -0.1028    0.7248    0.6813
    0.5329   -0.5382    0.6530
    0.8399    0.4302   -0.3309
...   105 C-G ...
  -35.0701 -130.3672  128.0542
    0.1790    0.2813    0.9428
    0.5353   -0.8318    0.1466
    0.8255    0.4785   -0.2995
...   106 T-A ...
  -32.4647 -128.4279  127.2584
    0.4148   -0.2431    0.8768
    0.3857   -0.8258   -0.4114
    0.8241    0.5089   -0.2488
...   107 T-A ...
  -29.9018 -126.5100  126.6005
    0.6015   -0.6636    0.4448
    0.0586   -0.5186   -0.8530
    0.7967    0.5392   -0.2731
...   108 C-G ...
  -27.2505 -124.6836  125.8008
    0.5135   -0.8399   -0.1756
   -0.3260   -0.0017   -0.9454
    0.7937    0.5427   -0.2747
...   109 C-G ...
  -24.4611 -122.8795  125.0924
    0.1891   -0.7227   -0.6648
   -0.5613    0.4759   -0.6771
    0.8057    0.5012   -0.3156
...   110 G-C ...
  -22.0630 -120.8310  123.8464
   -0.2523   -0.3600   -0.8982
   -0.5756    0.8019   -0.1597
    0.7778    0.4767   -0.4096
...   111 G-C ...
  -19.3418 -119.3973  122.4555
   -0.6022    0.1044   -0.7915
   -0.3374    0.8652    0.3709
    0.7235    0.4904   -0.4858
...   112 C-G ...
  -16.9348 -118.1134  120.5671
   -0.7319    0.5348   -0.4224
    0.0567    0.6654    0.7443
    0.6791    0.5208   -0.5173
...   113 T-A ...
  -14.9173 -116.4112  118.5570
   -0.6394    0.7638    0.0887
    0.4621    0.2895    0.8382
    0.6145    0.5769   -0.5381
...   114 C-G ...
  -13.0622 -114.3795  116.7678
   -0.2652    0.7591    0.5945
    0.7691   -0.2053    0.6053
    0.5815    0.6178   -0.5294
...   115 G-C ...
  -10.8976 -112.1864  115.3732
    0.1638    0.4367    0.8846
    0.8200   -0.5587    0.1240
    0.5484    0.7050   -0.4496
...   116 T-A ...
   -9.5647 -109.4190  114.0628
    0.5702    0.0522    0.8199
    0.6097   -0.6957   -0.3798
    0.5506    0.7164   -0.4285
...   117 A-T ...
   -7.5815 -107.2594  112.3457
    0.8435   -0.3950    0.3640
    0.0915   -0.5621   -0.8220
    0.5293    0.7267   -0.4380
...   118 T-A ...
   -5.8088 -104.5758  111.5359
    0.7758   -0.6181   -0.1269
   -0.3655   -0.2763   -0.8889
    0.5144    0.7360   -0.4402
...   119 A-T ...
   -4.4457 -102.0473  109.7069
    0.3585   -0.6346   -0.6846
   -0.7915    0.1822   -0.5834
    0.4950    0.7510   -0.4370
...   120 A-T ...
   -2.6402  -99.6778  108.3970
   -0.1709   -0.3991   -0.9009
   -0.8567    0.5118   -0.0643
    0.4867    0.7608   -0.4293
...   121 T-A ...
   -0.5494  -97.6182  106.8973
   -0.5921   -0.0796   -0.8020
   -0.6460    0.6419    0.4132
    0.4819    0.7627   -0.4314
...   122 G-C ...
    0.7719  -94.8742  105.4868
   -0.9022    0.2362   -0.3609
   -0.1629    0.5882    0.7922
    0.3994    0.7735   -0.4921
...   123 T-A ...
    1.9148  -92.6257  103.3308
   -0.8618    0.4880    0.1383
    0.3504    0.3757    0.8580
    0.3667    0.7879   -0.4947
...   124 G-C ...
    3.0626  -89.7876  101.9543
   -0.5211    0.5413    0.6599
    0.8027    0.0479    0.5945
    0.2902    0.8395   -0.4594
...   125 T-A ...
    3.3882  -86.9209  100.2818
   -0.0128    0.4602    0.8877
    0.9595   -0.2441    0.1404
    0.2813    0.8536   -0.4384
...   126 C-G ...
    4.2257  -84.0253   98.9334
    0.5647    0.2008    0.8005
    0.7750   -0.4626   -0.4306
    0.2838    0.8636   -0.4168
...   127 G-C ...
    5.4942  -81.2950   97.3911
    0.8789   -0.1851    0.4396
    0.3136   -0.4702   -0.8250
    0.3594    0.8630   -0.3552
...   128 A-T ...
    6.6550  -78.4014   96.3103
    0.8798   -0.4547   -0.1388
   -0.2807   -0.2613   -0.9235
    0.3837    0.8515   -0.3575
...   129 C-G ...
    8.2278  -75.5340   95.6884
    0.5784   -0.5484   -0.6039
   -0.7078    0.0307   -0.7058
    0.4055    0.8357   -0.3704
...   130 C-G ...
    9.8653  -72.8169   94.5125
    0.0475   -0.5086   -0.8597
   -0.9013    0.3491   -0.2563
    0.4305    0.7870   -0.4419
...   131 A-T ...
   11.0564  -70.0967   92.9478
   -0.5316   -0.2819   -0.7987
   -0.7441    0.6059    0.2814
    0.4046    0.7439   -0.5319
...   132 A-T ...
   12.4713  -67.8462   91.0801
   -0.8668    0.1250   -0.4828
   -0.2900    0.6611    0.6920
    0.4057    0.7398   -0.5368
...   133 A-T ...
   13.7578  -65.5864   89.1256
   -0.8678    0.4968    0.0100
    0.2762    0.4656    0.8408
    0.4130    0.7324   -0.5413
...   134 T-A ...
   14.7384  -63.4259   86.8199
   -0.5923    0.6747    0.4404
    0.6886    0.1401    0.7115
    0.4183    0.7247   -0.5475
...   135 G-C ...
   15.7317  -61.4929   83.9330
    0.0341    0.7400    0.6717
    0.8636   -0.3601    0.3528
    0.5030    0.5681   -0.6514
...   136 T-A ...
   15.7848  -59.5605   80.7992
    0.5517    0.4998    0.6677
    0.6739   -0.7388   -0.0038
    0.4915    0.4520   -0.7444
...   137 G-C ...
   16.8386  -57.7219   78.2675
    0.8528   -0.0848    0.5153
    0.1507   -0.9048   -0.3983
    0.5000    0.4173   -0.7588
...   138 A-T ...
   18.4283  -55.5287   76.5298
    0.8547   -0.5006    0.1371
   -0.3188   -0.7148   -0.6224
    0.4096    0.4883   -0.7706
...   139 G-C ...
   20.4259  -54.3094   74.5419
    0.5847   -0.7389   -0.3347
   -0.7593   -0.3533   -0.5465
    0.2856    0.5737   -0.7676
...   140 C-G ...
   21.4270  -51.8266   72.7875
    0.1304   -0.7144   -0.6875
   -0.8897    0.2216   -0.3991
    0.4375    0.6637   -0.6067
...   141 G-C ...
   22.1521  -50.1495   67.4639
   -0.4682   -0.8748    0.1248
   -0.8494    0.4066   -0.3364
    0.2435   -0.2635   -0.9334
...   142 C-G ...
   22.3489  -51.2414   64.4933
   -0.8528   -0.5119   -0.1032
   -0.4975    0.8565   -0.1374
    0.1587   -0.0659   -0.9851
...   143 T-A ...
   24.0166  -51.6379   61.9247
   -0.9562    0.0401   -0.2898
    0.0524    0.9980   -0.0348
    0.2878   -0.0485   -0.9564
...   144 C-G ...
   24.8958  -52.7396   58.9873
   -0.7529    0.5560   -0.3520
    0.5214    0.8304    0.1965
    0.4016   -0.0356   -0.9151
...   145 A-T ...
   25.5276  -52.9803   55.8052
   -0.2442    0.9563   -0.1610
    0.8906    0.2869    0.3528
    0.3836   -0.0573   -0.9217
...   146 C-G ...
   25.2778  -52.5123   52.0795
    0.3204    0.9427   -0.0929
    0.8825   -0.2614    0.3909
    0.3443   -0.2072   -0.9157
...   147 A-T ...
   25.6239  -52.5940   48.6395
    0.8597    0.5097    0.0339
    0.4496   -0.7865    0.4233
    0.2424   -0.3487   -0.9053
