  147 base-pairs
...     1 T-A ...
    0.0000    0.0000    0.0000
    1.0000    0.0000    0.0000
    0.0000    1.0000    0.0000
    0.0000    0.0000    1.0000
...     2 G-C ...
   -0.5555   -1.1003    3.3981
    0.7749    0.6051    0.1828
   -0.5991    0.7953   -0.0929
   -0.2016   -0.0375    0.9787
...     3 T-A ...
   -0.6619   -3.0237    6.5348
    0.3046    0.9250    0.2271
   -0.8994    0.3578   -0.2510
   -0.3134   -0.1278    0.9410
...     4 G-C ...
   -1.1607   -3.8418    9.6940
   -0.3351    0.9421    0.0133
   -0.8752   -0.3061   -0.3746
   -0.3489   -0.1372    0.9271
...     5 A-T ...
   -1.3881   -3.6770   12.8999
   -0.7835    0.6162   -0.0801
   -0.5677   -0.7622   -0.3109
   -0.2527   -0.1981    0.9470
...     6 G-C ...
   -2.6236   -3.5448   15.7072
   -0.9923    0.0611   -0.1075
   -0.0294   -0.9610   -0.2748
   -0.1201   -0.2695    0.9555
...     7 C-G ...
   -2.3138   -3.7570   18.8866
   -0.8620   -0.4995   -0.0864
    0.5008   -0.8655    0.0073
   -0.0785   -0.0370    0.9962
...     8 G-C ...
   -3.9561   -6.8109   23.3205
   -0.2581   -0.3560   -0.8981
    0.6294   -0.7673    0.1233
   -0.7330   -0.5335    0.4221
...     9 C-G ...
   -6.1177   -8.9414   24.2385
    0.1143   -0.7320   -0.6716
    0.8123   -0.3203    0.4874
   -0.5720   -0.6013    0.5580
...    10 T-A ...
   -8.5041   -9.6771   26.0540
    0.4660   -0.8587   -0.2131
    0.6274    0.1508    0.7640
   -0.6239   -0.4897    0.6090
...    11 C-G ...
  -11.0625  -11.3174   27.2336
    0.6660   -0.6911    0.2808
    0.3382    0.6152    0.7121
   -0.6649   -0.3794    0.6435
...    12 A-T ...
  -13.0013  -13.1789   29.0658
    0.7188   -0.1490    0.6790
   -0.1787    0.9043    0.3876
   -0.6718   -0.4000    0.6235
...    13 C-G ...
  -14.1788  -15.9359   31.3399
    0.4052    0.2865    0.8682
   -0.5270    0.8492   -0.0343
   -0.7470   -0.4437    0.4951
...    14 A-T ...
  -15.9532  -18.1566   33.3080
   -0.1503    0.6873    0.7107
   -0.6106    0.5008   -0.6135
   -0.7776   -0.5261    0.3444
...    15 A-T ...
  -18.4930  -19.7833   34.5219
   -0.4492    0.8726    0.1917
   -0.4160   -0.0144   -0.9093
   -0.7907   -0.4882    0.3695
...    16 T-A ...
  -20.8845  -21.2190   36.4456
   -0.6298    0.7030   -0.3304
   -0.0960   -0.4926   -0.8649
   -0.7708   -0.5130    0.3778
...    17 T-A ...
  -23.4003  -22.6359   38.0090
   -0.5945    0.2491   -0.7645
    0.2987   -0.8143   -0.4976
   -0.7465   -0.5242    0.4097
...    18 T-A ...
  -25.9583  -24.1004   39.4499
   -0.3256   -0.2911   -0.8996
    0.5916   -0.8049    0.0464
   -0.7376   -0.5171    0.4343
...    19 A-T ...
  -28.3094  -26.0337   41.1582
    0.1206   -0.8020   -0.5851
    0.6677   -0.3706    0.6456
   -0.7346   -0.4685    0.4908
...    20 T-A ...
  -31.1745  -27.3336   42.3134
    0.4279   -0.8965   -0.1145
    0.5120    0.1361    0.8481
   -0.7448   -0.4216    0.5173
...    21 T-A ...
  -33.7306  -28.7429   43.7614
    0.6211   -0.6487    0.4398
    0.1554    0.6519    0.7422
   -0.7682   -0.3927    0.5057
...    22 C-G ...
  -36.2864  -29.9952   45.4411
    0.6111   -0.1135    0.7834
   -0.2532    0.9096    0.3294
   -0.7499   -0.3997    0.5271
...    23 G-C ...
  -39.0460  -30.7136   47.3221
    0.4845    0.4774    0.7330
   -0.5597    0.8131   -0.1596
   -0.6723   -0.3329    0.6612
...    24 C-G ...
  -40.9947  -32.0831   49.5825
    0.1588    0.8536    0.4961
   -0.7271    0.4411   -0.5262
   -0.6679   -0.2771    0.6907
...    25 A-T ...
  -43.5714  -32.8266   51.5783
   -0.2370    0.9711    0.0273
   -0.6945   -0.1497   -0.7038
   -0.6794   -0.1857    0.7099
...    26 A-T ...
  -45.7572  -33.2429   53.9932
   -0.5837    0.7062   -0.4007
   -0.4394   -0.6897   -0.5755
   -0.6828   -0.1599    0.7129
...    27 A-T ...
  -47.8472  -33.4672   56.4923
   -0.7388    0.1652   -0.6534
   -0.0124   -0.9727   -0.2318
   -0.6738   -0.1631    0.7206
...    28 G-C ...
  -50.2799  -33.5236   58.8650
   -0.5930   -0.3859   -0.7067
    0.3763   -0.9087    0.1805
   -0.7119   -0.1589    0.6841
...    29 G-C ...
  -52.9646  -33.8860   61.0193
   -0.2200   -0.8396   -0.4966
    0.6406   -0.5083    0.5756
   -0.7357   -0.1915    0.6497
...    30 C-G ...
  -55.6236  -34.4700   62.8790
    0.2130   -0.9714   -0.1047
    0.6423    0.0585    0.7642
   -0.7362   -0.2300    0.6365
...    31 C-G ...
  -58.3019  -35.1309   64.8395
    0.5829   -0.7519    0.3081
    0.4055    0.5978    0.6916
   -0.7042   -0.2782    0.6533
...    32 G-C ...
  -60.3624  -35.7129   67.1186
    0.7756   -0.2888    0.5613
    0.0232    0.9017    0.4318
   -0.6308   -0.3219    0.7060
...    33 G-C ...
  -62.2079  -36.9728   69.6219
    0.6941    0.2966    0.6560
   -0.4313    0.9009    0.0490
   -0.5764   -0.3169    0.7532
...    34 C-G ...
  -63.8373  -38.2534   72.1753
    0.3579    0.7710    0.5269
   -0.7545    0.5712   -0.3234
   -0.5502   -0.2818    0.7860
...    35 C-G ...
  -65.3560  -38.9507   75.1560
   -0.0984    0.9755    0.1969
   -0.8399    0.0247   -0.5422
   -0.5337   -0.2187    0.8169
...    36 C-G ...
  -67.0035  -39.3933   78.0766
   -0.5364    0.8218   -0.1923
   -0.6582   -0.5499   -0.5141
   -0.5282   -0.1492    0.8359
...    37 G-C ...
  -69.1371  -40.6459   80.4671
   -0.7795    0.3674   -0.5074
   -0.2356   -0.9224   -0.3060
   -0.5805   -0.1190    0.8056
...    38 A-T ...
  -70.9301  -40.9817   83.0830
   -0.7647   -0.2553   -0.5916
    0.2818   -0.9582    0.0492
   -0.5794   -0.1291    0.8047
...    39 C-G ...
  -73.1331  -41.0372   85.4387
   -0.4750   -0.7196   -0.5065
    0.6362   -0.6785    0.3673
   -0.6080   -0.1478    0.7801
...    40 A-T ...
  -75.2505  -41.6440   88.0007
    0.0426   -0.9700   -0.2395
    0.7877   -0.1148    0.6052
   -0.6146   -0.2145    0.7592
...    41 C-G ...
  -77.5774  -42.6473   90.1393
    0.4792   -0.8739    0.0822
    0.6390    0.4115    0.6499
   -0.6017   -0.2589    0.7556
...    42 G-C ...
  -79.2648  -43.2361   92.9695
    0.8068   -0.4313    0.4037
    0.2067    0.8463    0.4909
   -0.5534   -0.3126    0.7720
...    43 A-T ...
  -81.0919  -44.2504   95.3723
    0.7733    0.1600    0.6136
   -0.3097    0.9396    0.1454
   -0.5533   -0.3025    0.7761
...    44 C-G ...
  -82.5688  -45.7977   97.8935
    0.5074    0.6572    0.5574
   -0.6919    0.6963   -0.1910
   -0.5136   -0.2887    0.8080
...    45 T-A ...
  -83.8063  -47.0350  101.0530
    0.0285    0.9512    0.3074
   -0.8646    0.1778   -0.4699
   -0.5016   -0.2524    0.8275
...    46 T-A ...
  -85.2047  -47.8635  103.8392
   -0.4518    0.8921    0.0091
   -0.7336   -0.3657   -0.5729
   -0.5077   -0.2655    0.8196
...    47 A-T ...
  -87.1327  -48.9459  106.4133
   -0.8232    0.4369   -0.3624
   -0.2619   -0.8588   -0.4404
   -0.5037   -0.2676    0.8214
...    48 C-G ...
  -88.8015  -49.1573  109.3137
   -0.8242   -0.0938   -0.5584
    0.2231   -0.9602   -0.1680
   -0.5205   -0.2631    0.8124
...    49 T-A ...
  -90.8382  -49.7097  111.9727
   -0.5255   -0.5819   -0.6206
    0.6273   -0.7579    0.1794
   -0.5748   -0.2950    0.7633
...    50 G-C ...
  -92.8286  -50.9142  114.4335
    0.0077   -0.8678   -0.4969
    0.8067   -0.2883    0.5159
   -0.5909   -0.4048    0.6978
...    51 T-A ...
  -95.1081  -52.2267  116.2842
    0.4531   -0.8693   -0.1975
    0.6816    0.1950    0.7053
   -0.5746   -0.4542    0.6809
...    52 A-T ...
  -96.8417  -53.8925  118.6210
    0.8266   -0.5302    0.1884
    0.2566    0.6532    0.7124
   -0.5008   -0.5405    0.6760
...    53 G-C ...
  -98.5491  -55.7630  120.6641
    0.8849   -0.0521    0.4628
   -0.2298    0.8155    0.5312
   -0.4051   -0.5764    0.7097
...    54 G-C ...
  -99.4409  -58.3379  123.0143
    0.6242    0.4695    0.6245
   -0.7108    0.6730    0.2046
   -0.3243   -0.5716    0.7538
...    55 T-A ...
  -99.9775  -60.3611  125.5485
    0.1528    0.7561    0.6363
   -0.9404    0.3093   -0.1417
   -0.3040   -0.5767    0.7583
...    56 A-T ...
 -100.6447  -62.2539  128.2949
   -0.4452    0.7984    0.4054
   -0.8468   -0.2283   -0.4803
   -0.2910   -0.5571    0.7778
...    57 T-A ...
 -101.0076  -63.7903  131.2037
   -0.8393    0.5319    0.1125
   -0.4739   -0.6145   -0.6307
   -0.2663   -0.5827    0.7678
...    58 C-G ...
 -101.9306  -65.5364  133.9614
   -0.9508    0.0175   -0.3092
    0.1719   -0.8008   -0.5738
   -0.2577   -0.5987    0.7584
...    59 T-A ...
 -103.0903  -67.3409  136.5669
   -0.6881   -0.3917   -0.6108
    0.6636   -0.6802   -0.3115
   -0.2934   -0.6197    0.7279
...    60 C-G ...
 -104.0721  -69.3848  139.1015
   -0.1422   -0.6968   -0.7030
    0.9483   -0.2994    0.1049
   -0.2836   -0.6518    0.7034
...    61 G-C ...
 -104.4481  -71.7682  141.4341
    0.4296   -0.5950   -0.6793
    0.8773    0.0969    0.4700
   -0.2138   -0.7978    0.5637
...    62 A-T ...
 -105.0523  -74.2914  143.4636
    0.8730   -0.3601   -0.3290
    0.4700    0.4410    0.7646
   -0.1302   -0.8221    0.5543
...    63 G-C ...
 -105.3327  -77.2113  145.0378
    0.9968    0.0015    0.0795
   -0.0679    0.5378    0.8403
   -0.0415   -0.8431    0.5362
...    64 C-G ...
 -105.1135  -80.3013  146.4749
    0.7706    0.3505    0.5323
   -0.6372    0.4053    0.6556
    0.0140   -0.8444    0.5356
...    65 T-A ...
 -104.8500  -83.1042  148.1986
    0.2938    0.5328    0.7936
   -0.9531    0.1005    0.2854
    0.0723   -0.8403    0.5374
...    66 C-G ...
 -104.8842  -85.6782  150.2378
   -0.3502    0.4737    0.8080
   -0.9260   -0.3048   -0.2227
    0.1408   -0.8262    0.5454
...    67 G-C ...
 -105.4766  -88.9138  151.7337
   -0.8365    0.2005    0.5099
   -0.5252   -0.5587   -0.6419
    0.1561   -0.8048    0.5727
...    68 G-C ...
 -104.8071  -91.5691  153.7704
   -0.9911   -0.1322    0.0172
    0.0573   -0.5391   -0.8403
    0.1204   -0.8318    0.5418
...    69 G-C ...
 -104.4156  -94.2527  155.7433
   -0.7987   -0.3334   -0.5010
    0.5998   -0.3737   -0.7075
    0.0487   -0.8655    0.4985
...    70 A-T ...
 -104.3955  -97.0541  157.6010
   -0.2717   -0.4689   -0.8404
    0.9604   -0.0763   -0.2679
    0.0614   -0.8799    0.4711
...    71 T-A ...
 -104.8092  -99.9487  159.1175
    0.2694   -0.4006   -0.8757
    0.9601    0.1824    0.2119
    0.0749   -0.8979    0.4338
...    72 C-G ...
 -104.6795 -103.0106  160.3562
    0.7780   -0.1575   -0.6082
    0.6173    0.3712    0.6936
    0.1165   -0.9151    0.3860
...    73 C-G ...
 -104.3927 -106.0439  161.5713
    0.9571    0.2031   -0.2068
    0.1172    0.3814    0.9169
    0.2651   -0.9018    0.3412
...    74 G-C ...
 -103.2483 -108.8293  163.0643
    0.8083    0.5128    0.2895
   -0.4090    0.1352    0.9025
    0.4236   -0.8478    0.3190
...    75 C-G ...
 -101.2142 -111.5382  163.8694
    0.4153    0.5021    0.7586
   -0.7812   -0.2303    0.5802
    0.4660   -0.8336    0.2966
...    76 T-A ...
  -99.0049 -113.9679  165.2033
   -0.1083    0.2478    0.9627
   -0.8308   -0.5544    0.0493
    0.5460   -0.7945    0.2659
...    77 T-A ...
  -96.9073 -116.3407  166.0903
   -0.5380   -0.2179    0.8143
   -0.5916   -0.5905   -0.5489
    0.6005   -0.7770    0.1888
...    78 T-A ...
  -94.6364 -118.6192  166.8988
   -0.7241   -0.6025    0.3356
   -0.1716   -0.3139   -0.9338
    0.6680   -0.7338    0.1239
...    79 A-T ...
  -92.1107 -120.8179  166.2979
   -0.5719   -0.7495   -0.3334
    0.2841    0.2004   -0.9376
    0.7695   -0.6310    0.0983
...    80 A-T ...
  -89.6503 -122.8541  166.7559
   -0.2834   -0.4931   -0.8225
    0.5302    0.6341   -0.5628
    0.7991   -0.5956    0.0817
...    81 C-G ...
  -87.2973 -125.2418  167.2417
    0.0362   -0.0406   -0.9985
    0.5777    0.8162   -0.0122
    0.8155   -0.5764    0.0530
...    82 A-T ...
  -84.5078 -127.1423  167.2955
    0.2705    0.5153   -0.8132
    0.4559    0.6754    0.5797
    0.8479   -0.5275   -0.0522
...    83 C-G ...
  -81.8515 -128.9675  166.4487
    0.4273    0.8236   -0.3731
    0.2632    0.2815    0.9228
    0.8650   -0.4925   -0.0965
...    84 T-A ...
  -78.7882 -130.5380  165.5129
    0.4116    0.8724    0.2636
   -0.0029   -0.2880    0.9576
    0.9114   -0.3949   -0.1160
...    85 T-A ...
  -75.7563 -131.5951  164.8675
    0.3553    0.5135    0.7811
   -0.2272   -0.7631    0.6051
    0.9067   -0.3925   -0.1545
...    86 T-A ...
  -72.6979 -132.6056  164.2275
    0.1918   -0.0544    0.9799
   -0.3920   -0.9196    0.0257
    0.8997   -0.3891   -0.1977
...    87 A-T ...
  -69.7008 -134.2019  163.2571
   -0.0383   -0.7423    0.6690
   -0.4423   -0.5878   -0.6774
    0.8961   -0.3218   -0.3058
...    88 T-A ...
  -66.5107 -134.9297  162.8511
   -0.2482   -0.9372    0.2453
   -0.3709   -0.1420   -0.9178
    0.8949   -0.3187   -0.3124
...    89 G-C ...
  -63.5442 -136.1417  162.0184
   -0.4986   -0.7958   -0.3436
   -0.1180    0.4550   -0.8826
    0.8587   -0.3996   -0.3208
...    90 C-G ...
  -60.8546 -137.7807  161.1064
   -0.5224   -0.3880   -0.7593
    0.1478    0.8358   -0.5288
    0.8398   -0.3885   -0.3792
...    91 T-A ...
  -58.0434 -139.4485  159.9958
   -0.3957    0.1895   -0.8986
    0.4162    0.9092    0.0085
    0.8187   -0.3706   -0.4386
...    92 T-A ...
  -55.5508 -140.7455  158.4765
   -0.1666    0.6919   -0.7025
    0.5817    0.6442    0.4966
    0.7962   -0.3259   -0.5098
...    93 C-G ...
  -53.0609 -141.7120  156.5448
    0.1144    0.9657   -0.2329
    0.5949    0.1211    0.7946
    0.7956   -0.2295   -0.5606
...    94 C-G ...
  -50.5123 -142.3005  154.5549
    0.3076    0.9036    0.2980
    0.4719   -0.4169    0.7769
    0.8263   -0.0984   -0.5546
...    95 G-C ...
  -47.6704 -142.3618  153.2458
    0.4161    0.5534    0.7215
    0.3110   -0.8322    0.4590
    0.8545    0.0334   -0.5184
...    96 G-C ...
  -44.5995 -141.7651  151.9112
    0.4815   -0.0111    0.8764
    0.0833   -0.9948   -0.0583
    0.8725    0.1011   -0.4781
...    97 C-G ...
  -41.5318 -140.9385  150.7673
    0.4248   -0.5790    0.6959
   -0.1792   -0.8073   -0.5623
    0.8874    0.1142   -0.4467
...    98 T-A ...
  -38.5612 -140.4609  149.3638
    0.2664   -0.9293    0.2558
   -0.3693   -0.3435   -0.8635
    0.8903    0.1356   -0.4347
...    99 C-G ...
  -35.6371 -139.9054  147.7651
   -0.0162   -0.9375   -0.3477
   -0.4696    0.3141   -0.8251
    0.8827    0.1499   -0.4453
...   100 G-C ...
  -32.9726 -138.9909  145.9624
   -0.3544   -0.5553   -0.7524
   -0.3919    0.8187   -0.4197
    0.8490    0.1461   -0.5077
...   101 T-A ...
  -29.9549 -138.9925  144.5667
   -0.5325   -0.0498   -0.8450
   -0.1766    0.9828    0.0533
    0.8278    0.1776   -0.5322
...   102 C-G ...
  -27.3629 -138.3596  142.7670
   -0.5887    0.5079   -0.6289
    0.1687    0.8380    0.5189
    0.7906    0.1994   -0.5790
...   103 A-T ...
  -24.5842 -137.6545  140.9527
   -0.4881    0.8612   -0.1420
    0.5047    0.4112    0.7591
    0.7121    0.2989   -0.6353
...   104 T-A ...
  -22.6394 -136.6338  138.5382
   -0.2064    0.9287    0.3081
    0.6980   -0.0809    0.7115
    0.6857    0.3619   -0.6316
...   105 G-C ...
  -20.3693 -135.1324  136.3850
    0.1940    0.6451    0.7391
    0.7126   -0.6105    0.3458
    0.6742    0.4596   -0.5781
...   106 T-A ...
  -18.5087 -133.0757  134.4191
    0.5604    0.1957    0.8048
    0.4951   -0.8581   -0.1361
    0.6640    0.4747   -0.5778
...   107 T-A ...
  -16.4845 -131.3279  132.6122
    0.7649   -0.3339    0.5508
    0.0769   -0.8016   -0.5929
    0.6395    0.4959   -0.5875
...   108 A-T ...
  -14.4126 -129.7364  130.3016
    0.6493   -0.7589   -0.0505
   -0.4862   -0.3631   -0.7948
    0.5848    0.5406   -0.6047
...   109 T-A ...
  -12.1190 -127.8284  128.9027
    0.3146   -0.8205   -0.4773
   -0.7609    0.0827   -0.6436
    0.5675    0.5656   -0.5983
...   110 A-T ...
  -10.5229 -125.5878  126.7713
   -0.2619   -0.5167   -0.8151
   -0.7867    0.6035   -0.1298
    0.5590    0.6073   -0.5645
...   111 A-T ...
   -8.6170 -123.7487  124.9504
   -0.6720   -0.0646   -0.7377
   -0.4950    0.7801    0.3826
    0.5508    0.6223   -0.5562
...   112 C-G ...
   -6.5806 -122.1533  122.7347
   -0.8422    0.3771   -0.3854
   -0.0348    0.6753    0.7368
    0.5381    0.6339   -0.5556
...   113 G-C ...
   -5.0146 -119.7352  121.1586
   -0.7615    0.6245    0.1735
    0.4737    0.3535    0.8066
    0.4424    0.6964   -0.5650
...   114 G-C ...
   -3.9759 -117.1597  119.3826
   -0.4301    0.6352    0.6415
    0.8330    0.0054    0.5532
    0.3479    0.7723   -0.5315
...   115 A-T ...
   -3.0724 -114.5186  117.5227
    0.1603    0.4927    0.8553
    0.9263   -0.3745    0.0421
    0.3411    0.7855   -0.5165
...   116 T-A ...
   -2.5633 -111.6283  116.0504
    0.6270    0.2194    0.7475
    0.7016   -0.5760   -0.4195
    0.3385    0.7875   -0.5151
...   117 A-T ...
   -1.5206 -108.7682  114.4687
    0.9288   -0.1950    0.3151
    0.1493   -0.5812   -0.7999
    0.3391    0.7900   -0.5107
...   118 T-A ...
   -0.3957 -105.8502  113.4419
    0.8753   -0.4567   -0.1588
   -0.3591   -0.3940   -0.8460
    0.3238    0.7976   -0.5089
...   119 A-T ...
    0.4270 -103.1061  111.5024
    0.4217   -0.5757   -0.7005
   -0.8545    0.0062   -0.5195
    0.3034    0.8177   -0.4893
...   120 A-T ...
    1.7058 -100.4922  110.0423
   -0.1568   -0.4722   -0.8675
   -0.9402    0.3402   -0.0152
    0.3023    0.8132   -0.4973
...   121 T-A ...
    3.2600  -98.1206  108.2724
   -0.6330   -0.2110   -0.7449
   -0.7111    0.5387    0.4518
    0.3059    0.8157   -0.4910
...   122 G-C ...
    4.2862  -95.3302  106.4967
   -0.9564    0.1110   -0.2700
   -0.1639    0.5611    0.8113
    0.2415    0.8203   -0.5185
...   123 T-A ...
    4.9698  -92.8864  104.3839
   -0.9022    0.3805    0.2033
    0.3639    0.4182    0.8323
    0.2316    0.8249   -0.5157
...   124 G-C ...
    5.6677  -90.0640  102.6517
   -0.5126    0.5041    0.6951
    0.8406    0.1299    0.5258
    0.1748    0.8538   -0.4903
...   125 T-A ...
    5.7550  -87.3432  100.9256
    0.0073    0.4589    0.8885
    0.9859   -0.1519    0.0704
    0.1673    0.8754   -0.4535
...   126 C-G ...
    6.2406  -84.4961   99.5677
    0.5964    0.2802    0.7522
    0.7872   -0.3876   -0.4797
    0.1572    0.8782   -0.4517
...   127 G-C ...
    7.2669  -81.8098   97.8259
    0.9000   -0.1049    0.4230
    0.3374   -0.4468   -0.8286
    0.2759    0.8885   -0.3668
...   128 A-T ...
    8.0379  -78.9407   96.6742
    0.9216   -0.3571   -0.1523
   -0.2704   -0.3091   -0.9118
    0.2785    0.8814   -0.3814
...   129 C-G ...
    9.2744  -75.9153   96.1493
    0.6168   -0.5063   -0.6028
   -0.7212   -0.0566   -0.6904
    0.3154    0.8605   -0.4000
...   130 C-G ...
   10.8680  -73.2040   94.8117
    0.0927   -0.5419   -0.8353
   -0.9250    0.2637   -0.2737
    0.3685    0.7980   -0.4768
...   131 A-T ...
   11.3151  -70.2339   93.1508
   -0.5131   -0.3252   -0.7944
   -0.7823    0.5579    0.2769
    0.3531    0.7635   -0.5406
...   132 A-T ...
   12.5015  -67.8476   91.2227
   -0.8745    0.0686   -0.4802
   -0.3252    0.6515    0.6854
    0.3598    0.7555   -0.5474
...   133 A-T ...
   13.7539  -65.6336   89.1449
   -0.8758    0.4826   -0.0009
    0.2593    0.4720    0.8426
    0.4071    0.7377   -0.5386
...   134 T-A ...
   14.7384  -63.4257   86.8199
   -0.5923    0.6747    0.4404
    0.6886    0.1401    0.7115
    0.4183    0.7247   -0.5475
...   135 G-C ...
   15.7316  -61.4927   83.9330
    0.0341    0.7400    0.6717
    0.8636   -0.3601    0.3528
    0.5030    0.5681   -0.6514
...   136 T-A ...
   15.7848  -59.5603   80.7992
    0.5517    0.4998    0.6677
    0.6739   -0.7388   -0.0038
    0.4915    0.4520   -0.7444
...   137 G-C ...
   16.8385  -57.7218   78.2675
    0.8528   -0.0848    0.5153
    0.1507   -0.9048   -0.3983
    0.5000    0.4173   -0.7588
...   138 A-T ...
   18.4282  -55.5286   76.5298
    0.8547   -0.5006    0.1371
   -0.3188   -0.7148   -0.6224
    0.4096    0.4883   -0.7706
...   139 G-C ...
   20.4259  -54.3092   74.5419
    0.5847   -0.7389   -0.3347
   -0.7593   -0.3533   -0.5465
    0.2856    0.5737   -0.7676
...   140 C-G ...
   21.4269  -51.8265   72.7875
    0.1304   -0.7144   -0.6875
   -0.8897    0.2216   -0.3991
    0.4375    0.6637   -0.6067
...   141 G-C ...
   22.1521  -50.1493   67.4640
   -0.4682   -0.8748    0.1248
   -0.8494    0.4066   -0.3364
    0.2435   -0.2635   -0.9334
...   142 C-G ...
   22.3488  -51.2412   64.4933
   -0.8528   -0.5119   -0.1032
   -0.4975    0.8565   -0.1374
    0.1587   -0.0659   -0.9851
...   143 T-A ...
   24.0165  -51.6377   61.9248
   -0.9562    0.0401   -0.2898
    0.0524    0.9980   -0.0348
    0.2878   -0.0485   -0.9564
...   144 C-G ...
   24.8957  -52.7394   58.9873
   -0.7529    0.5560   -0.3520
    0.5214    0.8304    0.1965
    0.4016   -0.0356   -0.9151
...   145 A-T ...
   25.5275  -52.9802   55.8053
   -0.2442    0.9563   -0.1610
    0.8906    0.2869    0.3528
    0.3836   -0.0573   -0.9217
...   146 C-G ...
   25.2777  -52.5121   52.0796
    0.3204    0.9427   -0.0929
    0.8825   -0.2614    0.3909
    0.3443   -0.2072   -0.9157
...   147 A-T ...
   25.6238  -52.5938   48.6395
    0.8597    0.5097    0.0339
    0.4496   -0.7865    0.4233
    0.2424   -0.3487   -0.9053
