  147 base-pairs
...     1 T-A ...
    0.0000    0.0000    0.0000
    1.0000    0.0000    0.0000
    0.0000    1.0000    0.0000
    0.0000    0.0000    1.0000
...     2 G-C ...
   -0.5555   -1.1003    3.3981
    0.7749    0.6051    0.1828
   -0.5991    0.7953   -0.0929
   -0.2016   -0.0375    0.9787
...     3 T-A ...
   -0.6619   -3.0237    6.5348
    0.3046    0.9250    0.2271
   -0.8994    0.3578   -0.2510
   -0.3134   -0.1278    0.9410
...     4 G-C ...
   -1.1607   -3.8418    9.6940
   -0.3351    0.9421    0.0133
   -0.8752   -0.3061   -0.3746
   -0.3489   -0.1372    0.9271
...     5 A-T ...
   -1.3881   -3.6770   12.8999
   -0.7835    0.6162   -0.0801
   -0.5677   -0.7622   -0.3109
   -0.2527   -0.1981    0.9470
...     6 G-C ...
   -2.6236   -3.5448   15.7072
   -0.9923    0.0611   -0.1075
   -0.0294   -0.9610   -0.2748
   -0.1201   -0.2695    0.9555
...     7 C-G ...
   -2.3138   -3.7570   18.8866
   -0.8620   -0.4995   -0.0864
    0.5008   -0.8655    0.0073
   -0.0785   -0.0370    0.9962
...     8 G-C ...
   -3.9561   -6.8109   23.3205
   -0.2581   -0.3560   -0.8981
    0.6294   -0.7673    0.1233
   -0.7330   -0.5335    0.4221
...     9 C-G ...
   -6.1177   -8.9414   24.2385
    0.1143   -0.7320   -0.6716
    0.8123   -0.3203    0.4874
   -0.5720   -0.6013    0.5580
...    10 T-A ...
   -8.5041   -9.6771   26.0540
    0.4660   -0.8587   -0.2131
    0.6274    0.1508    0.7640
   -0.6239   -0.4897    0.6090
...    11 C-G ...
  -11.0625  -11.3174   27.2336
    0.6660   -0.6911    0.2808
    0.3382    0.6152    0.7121
   -0.6649   -0.3794    0.6435
...    12 A-T ...
  -13.0013  -13.1789   29.0658
    0.7188   -0.1490    0.6790
   -0.1787    0.9043    0.3876
   -0.6718   -0.4000    0.6235
...    13 C-G ...
  -14.1788  -15.9359   31.3399
    0.4052    0.2865    0.8682
   -0.5270    0.8492   -0.0343
   -0.7470   -0.4437    0.4951
...    14 A-T ...
  -15.9532  -18.1566   33.3080
   -0.1503    0.6873    0.7107
   -0.6106    0.5008   -0.6135
   -0.7776   -0.5261    0.3444
...    15 A-T ...
  -18.3885  -19.8428   34.6258
   -0.4553    0.8653    0.2096
   -0.4173    0.0006   -0.9088
   -0.7865   -0.5013    0.3608
...    16 T-A ...
  -20.7611  -21.2482   36.4188
   -0.5931    0.7484   -0.2969
   -0.1300   -0.4530   -0.8820
   -0.7945   -0.4845    0.3660
...    17 T-A ...
  -23.3693  -22.6269   37.7887
   -0.5579    0.3373   -0.7583
    0.2328   -0.8134   -0.5331
   -0.7966   -0.4740    0.3752
...    18 T-A ...
  -26.0606  -23.9109   39.1078
   -0.3303   -0.2226   -0.9172
    0.5128   -0.8582    0.0236
   -0.7924   -0.4626    0.3977
...    19 A-T ...
  -28.4231  -25.8119   40.7012
    0.0571   -0.7623   -0.6447
    0.6080   -0.4857    0.6281
   -0.7919   -0.4278    0.4357
...    20 T-A ...
  -31.4043  -26.9687   41.6046
    0.3503   -0.9138   -0.2056
    0.4916   -0.0075    0.8708
   -0.7973   -0.4061    0.4466
...    21 T-A ...
  -34.1420  -28.2657   42.8216
    0.5485   -0.7498    0.3701
    0.1988    0.5469    0.8133
   -0.8122   -0.3725    0.4491
...    22 C-G ...
  -36.8507  -29.5204   44.2515
    0.5737   -0.2496    0.7801
   -0.1716    0.8947    0.4124
   -0.8009   -0.3704    0.4704
...    23 G-C ...
  -39.6713  -30.3229   45.9664
    0.4531    0.3562    0.8172
   -0.4787    0.8705   -0.1140
   -0.7520   -0.3395    0.5650
...    24 C-G ...
  -41.8846  -31.7230   48.0262
    0.1464    0.7998    0.5822
   -0.6549    0.5194   -0.5489
   -0.7414   -0.3009    0.5998
...    25 A-T ...
  -44.5279  -32.5332   49.9392
   -0.1863    0.9790    0.0828
   -0.6401   -0.0571   -0.7662
   -0.7453   -0.1957    0.6373
...    26 A-T ...
  -46.8330  -33.0268   52.1753
   -0.5182    0.7629   -0.3865
   -0.4166   -0.6198   -0.6650
   -0.7470   -0.1836    0.6390
...    27 A-T ...
  -49.2205  -33.3820   54.3566
   -0.6649    0.2545   -0.7022
   -0.0397   -0.9509   -0.3070
   -0.7458   -0.1762    0.6424
...    28 G-C ...
  -51.8103  -33.6305   56.4597
   -0.5365   -0.3015   -0.7882
    0.3169   -0.9376    0.1429
   -0.7821   -0.1731    0.5986
...    29 G-C ...
  -54.6642  -34.0204   58.2702
   -0.2091   -0.7655   -0.6085
    0.5433   -0.6083    0.5786
   -0.8131   -0.2096    0.5431
...    30 C-G ...
  -57.6203  -34.5873   59.7435
    0.1619   -0.9679   -0.1924
    0.5584   -0.0709    0.8266
   -0.8136   -0.2413    0.5289
...    31 C-G ...
  -60.4833  -35.5253   61.3036
    0.5069   -0.8182    0.2713
    0.3548    0.4849    0.7993
   -0.7856   -0.3090    0.5361
...    32 G-C ...
  -62.9860  -36.3059   63.4589
    0.6934   -0.3496    0.6300
   -0.0212    0.8641    0.5029
   -0.7202   -0.3621    0.5918
...    33 G-C ...
  -65.3067  -37.7513   65.4477
    0.6171    0.2282    0.7530
   -0.4199    0.9049    0.0700
   -0.6654   -0.3594    0.6542
...    34 C-G ...
  -67.2155  -39.2449   67.7382
    0.3038    0.7124    0.6326
   -0.7022    0.6162   -0.3568
   -0.6440   -0.3358    0.6874
...    35 C-G ...
  -69.1535  -40.3046   70.3027
   -0.0934    0.9595    0.2658
   -0.7705    0.0994   -0.6297
   -0.6306   -0.2636    0.7300
...    36 C-G ...
  -71.1324  -40.9318   72.9843
   -0.4623    0.8659   -0.1909
   -0.6038   -0.4651   -0.6474
   -0.6493   -0.1840    0.7379
...    37 G-C ...
  -73.6067  -41.6571   75.1847
   -0.6610    0.4496   -0.6008
   -0.2475   -0.8865   -0.3911
   -0.7084   -0.1098    0.6972
...    38 A-T ...
  -75.9620  -41.9052   77.4891
   -0.6576   -0.1781   -0.7320
    0.1993   -0.9782    0.0589
   -0.7265   -0.1072    0.6787
...    39 C-G ...
  -78.5970  -41.6803   79.5301
   -0.4264   -0.6769   -0.5999
    0.5177   -0.7265    0.4518
   -0.7417   -0.1180    0.6603
...    40 A-T ...
  -80.9644  -42.2266   81.8501
    0.0312   -0.9607   -0.2759
    0.6518   -0.1897    0.7343
   -0.7577   -0.2027    0.6203
...    41 C-G ...
  -83.8355  -42.9426   83.3732
    0.4019   -0.9041    0.1453
    0.5238    0.3571    0.7734
   -0.7511   -0.2347    0.6170
...    42 G-C ...
  -86.1219  -43.6218   85.7839
    0.7100   -0.5014    0.4945
    0.1702    0.8035    0.5705
   -0.6834   -0.3209    0.6558
...    43 A-T ...
  -88.3246  -44.7685   87.9517
    0.6895    0.0979    0.7176
   -0.3054    0.9377    0.1655
   -0.6567   -0.3333    0.6765
...    44 C-G ...
  -90.1226  -46.3986   90.2326
    0.4292    0.5978    0.6770
   -0.6416    0.7294   -0.2373
   -0.6357   -0.3326    0.6967
...    45 T-A ...
  -91.9562  -47.5486   92.7744
    0.0307    0.9154    0.4015
   -0.7913    0.2677   -0.5498
   -0.6107   -0.3008    0.7325
...    46 T-A ...
  -93.7273  -48.5511   95.3231
   -0.4624    0.8865    0.0168
   -0.6519   -0.3271   -0.6841
   -0.6010   -0.3273    0.7292
...    47 A-T ...
  -95.9647  -49.9960   97.4633
   -0.7983    0.4361   -0.4154
   -0.1738   -0.8272   -0.5344
   -0.5767   -0.3544    0.7361
...    48 C-G ...
  -97.9131  -50.5670  100.1297
   -0.7550   -0.0791   -0.6510
    0.2889   -0.9313   -0.2219
   -0.5887   -0.3556    0.7259
...    49 T-A ...
 -100.0877  -51.5015  102.4942
   -0.4377   -0.5579   -0.7050
    0.6531   -0.7363    0.1771
   -0.6179   -0.3829    0.6867
...    50 G-C ...
 -102.0488  -52.9929  104.7765
    0.0930   -0.8377   -0.5382
    0.7767   -0.2772    0.5656
   -0.6230   -0.4706    0.6248
...    51 T-A ...
 -104.5166  -54.5360  106.3627
    0.5230   -0.8329   -0.1808
    0.6051    0.2135    0.7670
   -0.6003   -0.5105    0.6157
...    52 A-T ...
 -106.3937  -56.2725  108.5408
    0.8324   -0.4855    0.2673
    0.1469    0.6583    0.7383
   -0.5344   -0.5753    0.6192
...    53 G-C ...
 -108.0395  -58.4419  110.4469
    0.8160   -0.0045    0.5780
   -0.3449    0.7986    0.4932
   -0.4638   -0.6018    0.6502
...    54 G-C ...
 -109.2165  -60.6351  112.7366
    0.5149    0.4913    0.7025
   -0.7655    0.6323    0.1188
   -0.3858   -0.5990    0.7017
...    55 T-A ...
 -109.8837  -62.8287  115.1591
    0.0204    0.7646    0.6442
   -0.9295    0.2517   -0.2694
   -0.3682   -0.5933    0.7159
...    56 A-T ...
 -111.6840  -64.8898  117.2533
   -0.6384    0.6899    0.3412
   -0.6946   -0.3256   -0.6414
   -0.3315   -0.6465    0.6872
...    57 T-A ...
 -112.3934  -66.6612  119.9802
   -0.9192    0.3927   -0.0278
   -0.2494   -0.6354   -0.7308
   -0.3046   -0.6649    0.6820
...    58 C-G ...
 -113.3792  -68.7980  122.3203
   -0.8776   -0.0797   -0.4727
    0.3730   -0.7328   -0.5691
   -0.3011   -0.6757    0.6729
...    59 T-A ...
 -114.6093  -70.8661  124.6482
   -0.5110   -0.4366   -0.7404
    0.7981   -0.5609   -0.2200
   -0.3193   -0.7034    0.6351
...    60 C-G ...
 -115.7052  -73.1234  126.7943
    0.0883   -0.6522   -0.7529
    0.9498   -0.1726    0.2609
   -0.3001   -0.7381    0.6042
...    61 G-C ...
 -116.3774  -75.6400  128.9558
    0.6484   -0.5131   -0.5624
    0.7325    0.2193    0.6444
   -0.2073   -0.8299    0.5180
...    62 A-T ...
 -117.0284  -78.4095  130.5679
    0.9685   -0.2236   -0.1096
    0.2047    0.4642    0.8618
   -0.1418   -0.8570    0.4953
...    63 G-C ...
 -117.3221  -81.4073  131.9474
    0.9353    0.1410    0.3247
   -0.3514    0.4788    0.8045
   -0.0420   -0.8666    0.4973
...    64 C-G ...
 -116.9520  -84.3885  133.3701
    0.5823    0.4242    0.6935
   -0.8126    0.2778    0.5124
    0.0247   -0.8619    0.5065
...    65 T-A ...
 -116.4530  -87.1959  135.0911
    0.0364    0.5406    0.8405
   -0.9957   -0.0517    0.0764
    0.0848   -0.8397    0.5364
...    66 C-G ...
 -116.0814  -89.8577  137.0258
   -0.5815    0.3834    0.7176
   -0.8056   -0.3947   -0.4419
    0.1138   -0.8350    0.5383
...    67 G-C ...
 -116.0908  -92.8546  138.6047
   -0.9509    0.0965    0.2940
   -0.2953   -0.5663   -0.7695
    0.0923   -0.8185    0.5670
...    68 G-C ...
 -115.7111  -95.5013  140.7127
   -0.9507   -0.2135   -0.2248
    0.3046   -0.5084   -0.8054
    0.0577   -0.8342    0.5484
...    69 G-C ...
 -115.4906  -98.1895  142.7913
   -0.6119   -0.4076   -0.6778
    0.7900   -0.2717   -0.5497
    0.0399   -0.8718    0.4882
...    70 A-T ...
 -115.3410 -100.9769  144.5318
   -0.0188   -0.4465   -0.8946
    0.9975    0.0520   -0.0469
    0.0674   -0.8933    0.4444
...    71 T-A ...
 -115.7406 -103.9600  145.8225
    0.4896   -0.3266   -0.8085
    0.8672    0.2785    0.4127
    0.0904   -0.9032    0.4196
...    72 C-G ...
 -115.4274 -106.9495  147.1049
    0.8956   -0.0230   -0.4443
    0.4150    0.4035    0.8155
    0.1605   -0.9147    0.3709
...    73 C-G ...
 -114.6607 -110.1070  147.9740
    0.9487    0.3146    0.0307
   -0.1302    0.3003    0.9449
    0.2880   -0.9005    0.3258
...    74 G-C ...
 -113.3395 -112.8715  149.4271
    0.6622    0.5407    0.5188
   -0.6059   -0.0211    0.7953
    0.4410   -0.8409    0.3136
...    75 C-G ...
 -111.3520 -115.3895  150.3690
    0.1930    0.4597    0.8669
   -0.8465   -0.3687    0.3840
    0.4961   -0.8079    0.3180
...    76 T-A ...
 -109.3795 -117.8287  151.5336
   -0.3209    0.1861    0.9287
   -0.7822   -0.6050   -0.1490
    0.5341   -0.7742    0.3397
...    77 T-A ...
 -107.3561 -120.1337  152.6907
   -0.6846   -0.2825    0.6720
   -0.4326   -0.5845   -0.6864
    0.5867   -0.7606    0.2779
...    78 T-A ...
 -105.2487 -122.3895  153.8003
   -0.7568   -0.6394    0.1357
    0.0541   -0.2682   -0.9619
    0.6514   -0.7206    0.2375
...    79 A-T ...
 -102.5935 -124.6240  153.8976
   -0.4512   -0.7031   -0.5496
    0.5158    0.2971   -0.8036
    0.7283   -0.6461    0.2286
...    80 A-T ...
 -100.3288 -126.7771  154.8112
   -0.0523   -0.3909   -0.9190
    0.6584    0.6784   -0.3260
    0.7508   -0.6221    0.2219
...    81 C-G ...
  -98.2695 -129.2398  155.5842
    0.2705    0.0726   -0.9600
    0.5760    0.7868    0.2218
    0.7714   -0.6129    0.1710
...    82 A-T ...
  -95.5289 -131.1260  156.1527
    0.4323    0.6028   -0.6706
    0.3356    0.5827    0.7402
    0.8369   -0.5450    0.0496
...    83 C-G ...
  -92.9146 -133.0531  155.6869
    0.4878    0.8556   -0.1733
    0.0772    0.1555    0.9848
    0.8695   -0.4938    0.0098
...    84 T-A ...
  -89.9102 -134.4309  155.3833
    0.3740    0.8401    0.3930
   -0.1439   -0.3660    0.9194
    0.9162   -0.4004   -0.0160
...    85 T-A ...
  -86.8572 -135.5210  155.1648
    0.2205    0.4611    0.8595
   -0.3106   -0.8021    0.5101
    0.9246   -0.3794   -0.0337
...    86 T-A ...
  -83.7389 -136.4654  154.9617
    0.0339   -0.1288    0.9911
   -0.3675   -0.9238   -0.1075
    0.9294   -0.3606   -0.0786
...    87 A-T ...
  -80.8459 -138.2447  154.1705
   -0.1127   -0.7811    0.6141
   -0.3147   -0.5582   -0.7677
    0.9425   -0.2798   -0.1829
...    88 T-A ...
  -77.5592 -138.8448  154.1712
   -0.2183   -0.9707    0.1005
   -0.2218   -0.0509   -0.9738
    0.9503   -0.2349   -0.2042
...    89 G-C ...
  -74.4547 -139.4797  153.1015
   -0.3489   -0.7901   -0.5040
   -0.0586    0.5551   -0.8297
    0.9353   -0.2600   -0.2399
...    90 C-G ...
  -71.3033 -140.5156  152.6457
   -0.3628   -0.3279   -0.8723
    0.1199    0.9118   -0.3927
    0.9241   -0.2470   -0.2915
...    91 T-A ...
  -68.3243 -141.5740  151.6218
   -0.3175    0.2393   -0.9176
    0.2888    0.9461    0.1468
    0.9032   -0.2184   -0.3695
...    92 T-A ...
  -65.4799 -142.3861  150.3226
   -0.1451    0.7483   -0.6473
    0.4174    0.6394    0.6457
    0.8971   -0.1765   -0.4051
...    93 C-G ...
  -62.5918 -142.8385  148.8665
    0.0596    0.9921   -0.1104
    0.4477    0.0723    0.8912
    0.8922   -0.1026   -0.4399
...    94 C-G ...
  -59.6982 -142.7245  147.1271
    0.2006    0.8723    0.4460
    0.3984   -0.4885    0.7763
    0.8950    0.0220   -0.4455
...    95 G-C ...
  -56.4768 -142.4643  146.0929
    0.2981    0.4268    0.8538
    0.3002   -0.8910    0.3406
    0.9061    0.1548   -0.3938
...    96 G-C ...
  -53.3774 -141.4920  145.0534
    0.3645   -0.1621    0.9170
    0.1349   -0.9652   -0.2242
    0.9214    0.2054   -0.3300
...    97 C-G ...
  -50.2666 -140.4663  144.2698
    0.3672   -0.6873    0.6267
   -0.0743   -0.6933   -0.7168
    0.9272    0.2166   -0.3056
...    98 T-A ...
  -47.0953 -139.6195  143.5565
    0.2497   -0.9612    0.1174
   -0.2558   -0.1824   -0.9494
    0.9339    0.2070   -0.2914
...    99 T-A ...
  -43.9909 -138.8369  142.8851
    0.0902   -0.8645   -0.4944
   -0.3796    0.4291   -0.8196
    0.9207    0.2616   -0.2895
...   100 C-G ...
  -40.9182 -137.9280  142.0218
   -0.1808   -0.4209   -0.8889
   -0.3742    0.8653   -0.3336
    0.9096    0.2723   -0.3139
...   101 A-T ...
  -37.9878 -136.6549  140.9647
   -0.4573    0.1533   -0.8760
   -0.1916    0.9449    0.2654
    0.8684    0.2893   -0.4027
...   102 T-A ...
  -35.1666 -136.2731  139.3280
   -0.5088    0.6137   -0.6037
    0.0696    0.7283    0.6817
    0.8581    0.3048   -0.4133
...   103 G-C ...
  -32.3868 -134.9142  137.9964
   -0.4765    0.8783   -0.0389
    0.3833    0.2474    0.8899
    0.7912    0.4092   -0.4545
...   104 T-A ...
  -30.2024 -133.4348  136.0016
   -0.2323    0.8529    0.4676
    0.5936   -0.2565    0.7628
    0.7705    0.4548   -0.4467
...   105 T-A ...
  -27.8712 -131.7995  134.4372
    0.1550    0.5379    0.8286
    0.6294   -0.7003    0.3368
    0.7615    0.4693   -0.4471
...   106 A-T ...
  -25.1003 -130.4550  133.0088
    0.5286   -0.0406    0.8479
    0.3964   -0.8715   -0.2889
    0.7507    0.4888   -0.4445
...   107 T-A ...
  -22.8516 -128.2763  131.9049
    0.6735   -0.4829    0.5596
    0.0605   -0.7185   -0.6929
    0.7367    0.5005   -0.4547
...   108 A-T ...
  -20.5614 -126.7849  129.8207
    0.5823   -0.8086   -0.0839
   -0.4249   -0.2146   -0.8794
    0.6931    0.5478   -0.4685
...   109 A-T ...
  -18.1853 -124.9493  128.5366
    0.2373   -0.7560   -0.6100
   -0.7018    0.3008   -0.6458
    0.6717    0.5813   -0.4592
...   110 C-G ...
  -15.5269 -123.3227  127.3299
   -0.1960   -0.4794   -0.8554
   -0.7200    0.6626   -0.2063
    0.6657    0.5755   -0.4750
...   111 G-C ...
  -13.6093 -121.0191  125.7325
   -0.6470   -0.0665   -0.7596
   -0.4700    0.8193    0.3286
    0.6005    0.5696   -0.5613
...   112 G-C ...
  -11.5868 -119.2678  123.6711
   -0.8518    0.3505   -0.3893
   -0.0195    0.7214    0.6923
    0.5235    0.5973   -0.6076
...   113 A-T ...
   -9.9412 -117.3049  121.6086
   -0.7160    0.6853    0.1335
    0.5025    0.3731    0.7799
    0.4846    0.6255   -0.6115
...   114 C-G ...
   -8.8642 -115.3047  119.1891
   -0.3515    0.7544    0.5544
    0.8173   -0.0416    0.5747
    0.4566    0.6551   -0.6019
...   115 G-C ...
   -7.0876 -112.9644  117.4994
    0.1352    0.5177    0.8448
    0.8949   -0.4298    0.1202
    0.4253    0.7397   -0.5214
...   116 T-A ...
   -6.2037 -110.1427  115.9510
    0.5877    0.1838    0.7879
    0.6843   -0.6325   -0.3629
    0.4316    0.7524   -0.4975
...   117 A-T ...
   -4.5871 -107.8309  114.0613
    0.8935   -0.2646    0.3628
    0.1440   -0.5965   -0.7896
    0.4254    0.7578   -0.4948
...   118 T-A ...
   -3.1680 -105.0137  113.0472
    0.8416   -0.5288   -0.1098
   -0.3455   -0.3711   -0.8619
    0.4150    0.7634   -0.4950
...   119 A-T ...
   -2.1134 -102.4688  111.0398
    0.4164   -0.6308   -0.6547
   -0.8156    0.0591   -0.5756
    0.4018    0.7737   -0.4899
...   120 A-T ...
   -0.5944  -99.9985  109.5567
   -0.1409   -0.4626   -0.8753
   -0.9072    0.4143   -0.0729
    0.3964    0.7838   -0.4781
...   121 T-A ...
    1.2529  -97.8097  107.9123
   -0.5924   -0.1768   -0.7860
   -0.7018    0.5925    0.3956
    0.3957    0.7860   -0.4751
...   122 G-C ...
    2.2721  -94.9941  106.3904
   -0.9244    0.1425   -0.3538
   -0.2026    0.6023    0.7721
    0.3232    0.7854   -0.5279
...   123 T-A ...
    3.2075  -92.7358  104.1290
   -0.8957    0.4236    0.1357
    0.3316    0.4327    0.8383
    0.2964    0.7958   -0.5280
...   124 G-C ...
    4.1624  -89.8769  102.6465
   -0.5469    0.5274    0.6502
    0.8062    0.1223    0.5789
    0.2258    0.8408   -0.4921
...   125 T-A ...
    4.2801  -87.0562  100.8651
   -0.0287    0.4873    0.8728
    0.9749   -0.1791    0.1320
    0.2207    0.8547   -0.4700
...   126 C-G ...
    4.9238  -84.1690   99.3942
    0.5627    0.2564    0.7859
    0.7945   -0.4305   -0.4283
    0.2285    0.8654   -0.4460
...   127 G-C ...
    6.0184  -81.4106   97.7575
    0.8909   -0.1297    0.4354
    0.3292   -0.4760   -0.8155
    0.3130    0.8698   -0.3813
...   128 A-T ...
    7.0481  -78.5008   96.5912
    0.8980   -0.4190   -0.1342
   -0.2747   -0.2957   -0.9149
    0.3437    0.8585   -0.3806
...   129 C-G ...
    8.5047  -75.5905   95.8904
    0.5964   -0.5386   -0.5951
   -0.7122   -0.0131   -0.7018
    0.3702    0.8425   -0.3914
...   130 C-G ...
   10.0472  -72.8593   94.6156
    0.0608   -0.5221   -0.8507
   -0.9134    0.3146   -0.2583
    0.4026    0.7927   -0.4578
...   131 A-T ...
   11.1330  -70.1267   92.9900
   -0.5270   -0.3045   -0.7935
   -0.7586    0.5894    0.2777
    0.3831    0.7483   -0.5416
...   132 A-T ...
   12.4972  -67.8598   91.0962
   -0.8697    0.1081   -0.4817
   -0.3002    0.6588    0.6898
    0.3919    0.7445   -0.5405
...   133 A-T ...
   13.7601  -65.5898   89.1305
   -0.8709    0.4913    0.0097
    0.2732    0.4677    0.8406
    0.4084    0.7347   -0.5416
...   134 T-A ...
   14.7384  -63.4257   86.8198
   -0.5923    0.6747    0.4404
    0.6886    0.1401    0.7115
    0.4183    0.7247   -0.5475
...   135 G-C ...
   15.7317  -61.4927   83.9329
    0.0341    0.7400    0.6717
    0.8636   -0.3601    0.3528
    0.5030    0.5681   -0.6514
...   136 T-A ...
   15.7848  -59.5603   80.7991
    0.5517    0.4998    0.6677
    0.6739   -0.7388   -0.0038
    0.4915    0.4520   -0.7444
...   137 G-C ...
   16.8385  -57.7218   78.2675
    0.8528   -0.0848    0.5153
    0.1507   -0.9048   -0.3983
    0.5000    0.4173   -0.7588
...   138 A-T ...
   18.4282  -55.5286   76.5298
    0.8547   -0.5006    0.1371
   -0.3188   -0.7148   -0.6224
    0.4096    0.4883   -0.7706
...   139 G-C ...
   20.4259  -54.3092   74.5419
    0.5847   -0.7389   -0.3347
   -0.7593   -0.3533   -0.5465
    0.2856    0.5737   -0.7676
...   140 C-G ...
   21.4269  -51.8265   72.7875
    0.1304   -0.7144   -0.6875
   -0.8897    0.2216   -0.3991
    0.4375    0.6637   -0.6067
...   141 G-C ...
   22.1521  -50.1493   67.4639
   -0.4682   -0.8748    0.1248
   -0.8494    0.4066   -0.3364
    0.2435   -0.2635   -0.9334
...   142 C-G ...
   22.3488  -51.2412   64.4932
   -0.8528   -0.5119   -0.1032
   -0.4975    0.8565   -0.1374
    0.1587   -0.0659   -0.9851
...   143 T-A ...
   24.0166  -51.6377   61.9247
   -0.9562    0.0401   -0.2898
    0.0524    0.9980   -0.0348
    0.2878   -0.0485   -0.9565
...   144 C-G ...
   24.8958  -52.7394   58.9872
   -0.7529    0.5560   -0.3520
    0.5214    0.8304    0.1965
    0.4016   -0.0356   -0.9151
...   145 A-T ...
   25.5275  -52.9802   55.8052
   -0.2442    0.9563   -0.1610
    0.8906    0.2869    0.3528
    0.3836   -0.0573   -0.9217
...   146 C-G ...
   25.2777  -52.5121   52.0795
    0.3204    0.9427   -0.0929
    0.8825   -0.2614    0.3909
    0.3443   -0.2072   -0.9157
...   147 A-T ...
   25.6238  -52.5938   48.6395
    0.8597    0.5097    0.0339
    0.4496   -0.7865    0.4233
    0.2424   -0.3487   -0.9053
