  147 base-pairs
...     1 T-A ...
    0.0000    0.0000    0.0000
    1.0000    0.0000    0.0000
    0.0000    1.0000    0.0000
    0.0000    0.0000    1.0000
...     2 G-C ...
   -0.5555   -1.1003    3.3981
    0.7749    0.6051    0.1828
   -0.5991    0.7953   -0.0929
   -0.2016   -0.0375    0.9787
...     3 T-A ...
   -0.6619   -3.0237    6.5348
    0.3046    0.9250    0.2271
   -0.8994    0.3578   -0.2510
   -0.3134   -0.1278    0.9410
...     4 G-C ...
   -1.1607   -3.8418    9.6940
   -0.3351    0.9421    0.0133
   -0.8752   -0.3061   -0.3746
   -0.3489   -0.1372    0.9271
...     5 A-T ...
   -1.3881   -3.6770   12.8999
   -0.7835    0.6162   -0.0801
   -0.5677   -0.7622   -0.3109
   -0.2527   -0.1981    0.9470
...     6 G-C ...
   -2.6236   -3.5448   15.7072
   -0.9923    0.0611   -0.1075
   -0.0294   -0.9610   -0.2748
   -0.1201   -0.2695    0.9555
...     7 C-G ...
   -2.3138   -3.7570   18.8866
   -0.8620   -0.4995   -0.0864
    0.5008   -0.8655    0.0073
   -0.0785   -0.0370    0.9962
...     8 G-C ...
   -3.9561   -6.8109   23.3205
   -0.2581   -0.3560   -0.8981
    0.6294   -0.7673    0.1233
   -0.7330   -0.5335    0.4221
...     9 C-G ...
   -6.1177   -8.9414   24.2385
    0.1143   -0.7320   -0.6716
    0.8123   -0.3203    0.4874
   -0.5720   -0.6013    0.5580
...    10 T-A ...
   -8.5041   -9.6771   26.0540
    0.4660   -0.8587   -0.2131
    0.6274    0.1508    0.7640
   -0.6239   -0.4897    0.6090
...    11 C-G ...
  -11.0625  -11.3174   27.2336
    0.6660   -0.6911    0.2808
    0.3382    0.6152    0.7121
   -0.6649   -0.3794    0.6435
...    12 A-T ...
  -13.0013  -13.1789   29.0658
    0.7188   -0.1490    0.6790
   -0.1787    0.9043    0.3876
   -0.6718   -0.4000    0.6235
...    13 C-G ...
  -14.1788  -15.9359   31.3399
    0.4052    0.2865    0.8682
   -0.5270    0.8492   -0.0343
   -0.7470   -0.4437    0.4951
...    14 A-T ...
  -15.9532  -18.1566   33.3080
   -0.1503    0.6873    0.7107
   -0.6106    0.5008   -0.6135
   -0.7776   -0.5261    0.3444
...    15 A-T ...
  -18.4921  -19.7959   34.5035
   -0.4485    0.8729    0.1920
   -0.4114   -0.0109   -0.9114
   -0.7935   -0.4877    0.3640
...    16 T-A ...
  -20.8963  -21.2349   36.4081
   -0.6251    0.7063   -0.3322
   -0.0913   -0.4889   -0.8676
   -0.7752   -0.5120    0.3701
...    17 T-A ...
  -23.4343  -22.6526   37.9406
   -0.5846    0.2568   -0.7696
    0.2997   -0.8132   -0.4989
   -0.7540   -0.5223    0.3984
...    18 T-A ...
  -26.0155  -24.1285   39.3189
   -0.3095   -0.2764   -0.9098
    0.5831   -0.8110    0.0480
   -0.7511   -0.5157    0.4122
...    19 A-T ...
  -28.4335  -26.0605   40.9203
    0.1282   -0.7887   -0.6012
    0.6457   -0.3938    0.6543
   -0.7528   -0.4721    0.4588
...    20 T-A ...
  -31.3456  -27.3589   41.9564
    0.4214   -0.8982   -0.1249
    0.4871    0.1080    0.8666
   -0.7649   -0.4260    0.4831
...    21 T-A ...
  -33.9605  -28.7814   43.2839
    0.5952   -0.6674    0.4475
    0.1347    0.6319    0.7633
   -0.7922   -0.3941    0.4660
...    22 C-G ...
  -36.5976  -30.0438   44.8287
    0.5736   -0.1404    0.8070
   -0.2560    0.9051    0.3394
   -0.7781   -0.4013    0.4832
...    23 G-C ...
  -39.4569  -30.7627   46.5437
    0.4521    0.4513    0.7694
   -0.5385    0.8257   -0.1679
   -0.7111   -0.3384    0.6163
...    24 C-G ...
  -41.5498  -32.1641   48.6545
    0.1445    0.8384    0.5255
   -0.6901    0.4660   -0.5537
   -0.7092   -0.2827    0.6459
...    25 A-T ...
  -44.2487  -32.9610   50.4559
   -0.2234    0.9740    0.0386
   -0.6511   -0.1196   -0.7495
   -0.7254   -0.1926    0.6608
...    26 A-T ...
  -46.5904  -33.4199   52.7107
   -0.5429    0.7277   -0.4192
   -0.4120   -0.6657   -0.6221
   -0.7318   -0.1651    0.6613
...    27 A-T ...
  -48.8533  -33.6676   55.0511
   -0.6853    0.1993   -0.7004
   -0.0162   -0.9657   -0.2590
   -0.7280   -0.1662    0.6651
...    28 G-C ...
  -51.4606  -33.7235   57.2301
   -0.5439   -0.3503   -0.7625
    0.3391   -0.9229    0.1821
   -0.7676   -0.1595    0.6208
...    29 G-C ...
  -54.3439  -34.0786   59.1190
   -0.1973   -0.8172   -0.5415
    0.5754   -0.5437    0.6110
   -0.7938   -0.1910    0.5775
...    30 C-G ...
  -57.1772  -34.6933   60.6914
    0.1960   -0.9735   -0.1180
    0.5690    0.0149    0.8222
   -0.7986   -0.2282    0.5568
...    31 C-G ...
  -60.0443  -35.3707   62.3611
    0.5287   -0.7781    0.3391
    0.3482    0.5632    0.7494
   -0.7741   -0.2781    0.5687
...    32 G-C ...
  -62.3317  -35.9734   64.4082
    0.7007   -0.3296    0.6327
   -0.0013    0.8863    0.4631
   -0.7134   -0.3253    0.6206
...    33 G-C ...
  -64.4840  -37.2649   66.6490
    0.6190    0.2544    0.7430
   -0.4105    0.9114    0.0300
   -0.6696   -0.3235    0.6686
...    34 C-G ...
  -66.4681  -38.5839   68.9191
    0.3093    0.7428    0.5938
   -0.6929    0.6037   -0.3942
   -0.6513   -0.2895    0.7014
...    35 C-G ...
  -68.3804  -39.3524   71.6439
   -0.0980    0.9713    0.2166
   -0.7596    0.0676   -0.6469
   -0.6430   -0.2279    0.7312
...    36 C-G ...
  -70.4052  -39.8699   74.3094
   -0.4819    0.8442   -0.2345
   -0.5937   -0.5115   -0.6212
   -0.6444   -0.1601    0.7478
...    37 G-C ...
  -72.8709  -41.1429   76.3387
   -0.6860    0.4103   -0.6009
   -0.2130   -0.9029   -0.3733
   -0.6957   -0.1281    0.7068
...    38 A-T ...
  -75.0391  -41.5128   78.6481
   -0.6741   -0.2082   -0.7087
    0.2446   -0.9682    0.0518
   -0.6970   -0.1384    0.7036
...    39 C-G ...
  -77.5752  -41.5865   80.6336
   -0.4109   -0.6838   -0.6030
    0.5525   -0.7129    0.4319
   -0.7252   -0.1557    0.6707
...    40 A-T ...
  -80.0968  -42.2352   82.7979
    0.0532   -0.9607   -0.2725
    0.6765   -0.1660    0.7175
   -0.7345   -0.2225    0.6411
...    41 C-G ...
  -82.7702  -43.2487   84.4885
    0.4335   -0.8929    0.1216
    0.5347    0.3635    0.7628
   -0.7254   -0.2656    0.6350
...    42 G-C ...
  -84.9199  -43.9006   86.9709
    0.7117   -0.4746    0.5179
    0.1421    0.8193    0.5555
   -0.6880   -0.3217    0.6506
...    43 A-T ...
  -87.1669  -44.9434   88.9782
    0.6561    0.1099    0.7466
   -0.3047    0.9437    0.1289
   -0.6904   -0.3120    0.6527
...    44 C-G ...
  -89.1144  -46.5280   91.1372
    0.4142    0.6175    0.6687
   -0.6265    0.7263   -0.2827
   -0.6602   -0.3018    0.6877
...    45 T-A ...
  -90.9476  -47.8531   93.9584
   -0.0049    0.9366    0.3505
   -0.7560    0.2260   -0.6144
   -0.6546   -0.2679    0.7069
...    46 T-A ...
  -92.8747  -48.7435   96.3867
   -0.4235    0.9051   -0.0372
   -0.6183   -0.3188   -0.7184
   -0.6621   -0.2813    0.6947
...    47 A-T ...
  -95.2825  -49.8424   98.5043
   -0.7192    0.4855   -0.4970
   -0.1981   -0.8290   -0.5231
   -0.6659   -0.2778    0.6924
...    48 C-G ...
  -97.4966  -50.0968  101.0010
   -0.6956   -0.0345   -0.7176
    0.2180   -0.9619   -0.1652
   -0.6845   -0.2713    0.6766
...    49 T-A ...
 -100.0537  -50.6590  103.1609
   -0.4069   -0.5315   -0.7430
    0.5471   -0.7931    0.2677
   -0.7315   -0.2975    0.6135
...    50 G-C ...
 -102.5761  -51.8699  105.0822
    0.0808   -0.8453   -0.5282
    0.6650   -0.3490    0.6603
   -0.7425   -0.4045    0.5339
...    51 T-A ...
 -105.2482  -53.1537  106.3317
    0.4508   -0.8819   -0.1378
    0.5176    0.1325    0.8453
   -0.7272   -0.4524    0.5162
...    52 A-T ...
 -107.5092  -54.7674  108.2246
    0.7331   -0.5792    0.3564
    0.1105    0.6185    0.7779
   -0.6710   -0.5310    0.5175
...    53 G-C ...
 -109.7273  -56.6050  109.7451
    0.7409   -0.1141    0.6619
   -0.3143    0.8121    0.4917
   -0.5936   -0.5723    0.5658
...    54 G-C ...
 -111.2960  -59.1934  111.6982
    0.4680    0.4151    0.7802
   -0.7068    0.7057    0.0485
   -0.5304   -0.5741    0.6237
...    55 T-A ...
 -112.5644  -61.2646  113.9218
    0.0183    0.7259    0.6876
   -0.8565    0.3662   -0.3637
   -0.5158   -0.5823    0.6285
...    56 A-T ...
 -114.0252  -63.2164  116.2955
   -0.5021    0.8065    0.3122
   -0.6984   -0.1652   -0.6964
   -0.5101   -0.5677    0.6462
...    57 T-A ...
 -115.2200  -64.8296  118.9257
   -0.8155    0.5720   -0.0883
   -0.3136   -0.5649   -0.7632
   -0.4865   -0.5947    0.6401
...    58 C-G ...
 -116.9290  -66.6234  121.2494
   -0.8296    0.0811   -0.5525
    0.2859   -0.7881   -0.5451
   -0.4796   -0.6102    0.6306
...    59 T-A ...
 -118.7126  -68.4839  123.5115
   -0.4945   -0.3547   -0.7935
    0.7086   -0.6931   -0.1318
   -0.5033   -0.6275    0.5941
...    60 T-A ...
 -120.5008  -70.3947  125.3690
    0.0172   -0.6500   -0.7597
    0.8623   -0.3750    0.3403
   -0.5061   -0.6610    0.5540
...    61 C-G ...
 -121.9402  -72.6328  127.3226
    0.5661   -0.6883   -0.4536
    0.6786    0.0767    0.7305
   -0.4680   -0.7213    0.5105
...    62 A-T ...
 -123.6780  -75.0284  129.0164
    0.9038   -0.4260   -0.0403
    0.2259    0.3951    0.8904
   -0.3634   -0.8139    0.4533
...    63 T-A ...
 -124.7438  -77.9211  130.0694
    0.9153   -0.1107    0.3873
   -0.2732    0.5360    0.7988
   -0.2960   -0.8370    0.4603
...    64 G-C ...
 -125.5308  -80.8400  131.7291
    0.5796    0.3176    0.7505
   -0.7911    0.4404    0.4246
   -0.1956   -0.8398    0.5065
...    65 T-A ...
 -125.5971  -83.8305  133.3464
    0.0321    0.4990    0.8660
   -0.9842    0.1667   -0.0596
   -0.1741   -0.8504    0.4964
...    66 T-A ...
 -125.9197  -86.6116  134.9826
   -0.5726    0.4430    0.6899
   -0.8099   -0.1749   -0.5599
   -0.1274   -0.8793    0.4589
...    67 A-T ...
 -126.4565  -89.8823  136.1936
   -0.9877    0.0799    0.1344
   -0.1551   -0.3926   -0.9065
   -0.0196   -0.9162    0.4002
...    68 T-A ...
 -126.5405  -92.5653  138.1130
   -0.9228   -0.1734   -0.3439
    0.3842   -0.3523   -0.8534
    0.0269   -0.9197    0.3917
...    69 A-T ...
 -126.1006  -95.7717  139.3738
   -0.4137   -0.4012   -0.8173
    0.9063   -0.0965   -0.4114
    0.0862   -0.9109    0.4035
...    70 A-T ...
 -125.9679  -98.6782  140.7017
    0.1760   -0.3588   -0.9167
    0.9772    0.1762    0.1186
    0.1189   -0.9166    0.3816
...    71 C-G ...
 -126.1334 -101.8719  141.7429
    0.6788   -0.1505   -0.7187
    0.7159    0.3532    0.6022
    0.1632   -0.9234    0.3475
...    72 G-C ...
 -125.0430 -104.7137  142.9456
    0.9046    0.2436   -0.3497
    0.2581    0.3398    0.9044
    0.3391   -0.9084    0.2445
...    73 G-C ...
 -123.2332 -107.4162  143.4911
    0.8450    0.5120    0.1546
   -0.2209    0.0707    0.9727
    0.4871   -0.8561    0.1729
...    74 A-T ...
 -121.2522 -109.9560  144.0752
    0.5092    0.5186    0.6868
   -0.6434   -0.3006    0.7040
    0.5716   -0.8004    0.1806
...    75 C-G ...
 -118.7545 -112.1061  144.5619
    0.0965    0.2894    0.9523
   -0.7822   -0.5697    0.2524
    0.6155   -0.7693    0.1713
...    76 G-C ...
 -117.0291 -114.8464  145.3625
   -0.4096   -0.1250    0.9036
   -0.6224   -0.6860   -0.3770
    0.6670   -0.7168    0.2032
...    77 A-T ...
 -114.8316 -117.3454  146.0011
   -0.6842   -0.5633    0.4633
   -0.2129   -0.4533   -0.8656
    0.6975   -0.6908    0.1902
...    78 G-C ...
 -112.4459 -119.5721  146.5861
   -0.6688   -0.7362   -0.1032
    0.1812   -0.0268   -0.9831
    0.7210   -0.6762    0.1513
...    79 C-G ...
 -110.0343 -121.9000  147.4854
   -0.4335   -0.5915   -0.6798
    0.5295    0.4432   -0.7233
    0.7292   -0.6735    0.1211
...    80 T-A ...
 -107.6882 -124.2311  147.9971
   -0.1200   -0.2191   -0.9683
    0.6617    0.7094   -0.2425
    0.7401   -0.6698    0.0599
...    81 C-G ...
 -105.1907 -126.5566  148.3446
    0.2524    0.2860   -0.9244
    0.5833    0.7173    0.3812
    0.7721   -0.6354    0.0142
...    82 G-C ...
 -102.2520 -128.0616  148.4801
    0.4408    0.7028   -0.5583
    0.3732    0.4221    0.8261
    0.8163   -0.5725   -0.0762
...    83 G-C ...
  -99.4685 -129.8542  147.9604
    0.4850    0.8742    0.0208
    0.0712   -0.0631    0.9955
    0.8716   -0.4814   -0.0929
...    84 G-C ...
  -96.3177 -130.9640  147.4024
    0.3412    0.7386    0.5815
   -0.1368   -0.5730    0.8080
    0.9300   -0.3552   -0.0945
...    85 A-T ...
  -93.1317 -131.8724  146.9473
    0.1842    0.2356    0.9542
   -0.2822   -0.9173    0.2809
    0.9415   -0.3211   -0.1025
...    86 T-A ...
  -89.8596 -132.3066  146.6585
    0.0055   -0.2944    0.9557
   -0.3198   -0.9060   -0.2772
    0.9475   -0.3041   -0.0991
...    87 C-G ...
  -86.5394 -133.0943  146.5498
   -0.1517   -0.8143    0.5603
   -0.2559   -0.5152   -0.8180
    0.9547   -0.2675   -0.1302
...    88 C-G ...
  -83.3658 -134.0343  146.3030
   -0.3170   -0.9482    0.0218
   -0.1203    0.0174   -0.9926
    0.9408   -0.3173   -0.1196
...    89 G-C ...
  -80.3038 -134.9262  145.3918
   -0.3789   -0.7291   -0.5700
    0.0754    0.5895   -0.8042
    0.9224   -0.3477   -0.1684
...    90 C-G ...
  -77.1179 -136.3099  145.2457
   -0.2917   -0.2387   -0.9262
    0.2386    0.9196   -0.3121
    0.9263   -0.3121   -0.2113
...    91 T-A ...
  -74.0217 -137.7321  144.6744
   -0.1694    0.3579   -0.9183
    0.3501    0.8928    0.2834
    0.9213   -0.2735   -0.2766
...    92 T-A ...
  -71.1832 -138.7843  143.5118
    0.0207    0.8167   -0.5767
    0.3808    0.5269    0.7599
    0.9244   -0.2353   -0.3001
...    93 T-A ...
  -68.1998 -139.4002  142.4385
    0.1430    0.9895   -0.0190
    0.3276   -0.0293    0.9444
    0.9339   -0.1413   -0.3284
...    94 A-T ...
  -64.9014 -139.4863  141.5886
    0.1546    0.7878    0.5962
    0.2559   -0.6148    0.7460
    0.9543    0.0372   -0.2966
...    95 A-T ...
  -61.8959 -139.0489  140.6042
    0.2578    0.2820    0.9241
    0.1631   -0.9554    0.2460
    0.9523    0.0873   -0.2923
...    96 C-G ...
  -58.7615 -138.0752  139.6947
    0.3418   -0.3047    0.8890
    0.0117   -0.9445   -0.3283
    0.9397    0.1226   -0.3192
...    97 A-T ...
  -55.5100 -137.7576  138.7729
    0.2657   -0.8287    0.4925
   -0.1969   -0.5468   -0.8138
    0.9437    0.1193   -0.3085
...    98 C-G ...
  -52.1499 -137.1628  138.4207
    0.1254   -0.9913   -0.0394
   -0.3179   -0.0026   -0.9481
    0.9398    0.1314   -0.3155
...    99 T-A ...
  -48.5568 -136.8977  137.9235
   -0.0890   -0.8059   -0.5853
   -0.3565    0.5745   -0.7368
    0.9300    0.1431   -0.3385
...   100 T-A ...
  -45.4265 -136.6775  137.0209
   -0.2559   -0.3030   -0.9180
   -0.2573    0.9367   -0.2375
    0.9318    0.1754   -0.3176
...   101 T-A ...
  -42.3562 -136.2366  135.9946
   -0.3869    0.2922   -0.8746
   -0.0705    0.9363    0.3440
    0.9194    0.1947   -0.3416
...   102 A-T ...
  -39.3194 -135.2157  134.9691
   -0.4295    0.7792   -0.4564
    0.1826    0.5699    0.8011
    0.8844    0.2607   -0.3871
...   103 T-A ...
  -36.8155 -134.5327  133.0927
   -0.3530    0.9355    0.0153
    0.3847    0.1302    0.9138
    0.8529    0.3285   -0.4058
...   104 G-C ...
  -34.1548 -133.1982  131.5760
   -0.1357    0.7822    0.6081
    0.5582   -0.4467    0.6992
    0.8185    0.4343   -0.3761
...   105 C-G ...
  -31.7137 -131.2815  130.3732
    0.1684    0.3770    0.9108
    0.5603   -0.7968    0.2263
    0.8110    0.4722   -0.3454
...   106 T-A ...
  -29.0324 -129.0952  129.6633
    0.4745   -0.1586    0.8658
    0.4172   -0.8256   -0.3798
    0.7751    0.5415   -0.3256
...   107 T-A ...
  -26.5823 -127.1572  128.8424
    0.6291   -0.6095    0.4823
    0.0790   -0.5672   -0.8198
    0.7733    0.5539   -0.3087
...   108 C-G ...
  -23.9166 -125.1999  128.0136
    0.5611   -0.8141   -0.1496
   -0.3399   -0.0618   -0.9384
    0.7548    0.5774   -0.3113
...   109 C-G ...
  -21.4281 -123.2330  127.0794
    0.2135   -0.7634   -0.6097
   -0.5947    0.3936   -0.7010
    0.7751    0.5122   -0.3699
...   110 G-C ...
  -19.3128 -121.2981  125.8020
   -0.2138   -0.4798   -0.8509
   -0.6271    0.7353   -0.2571
    0.7491    0.4786   -0.4581
...   111 G-C ...
  -16.8039 -119.8538  124.1279
   -0.5961   -0.0134   -0.8028
   -0.3966    0.8743    0.2799
    0.6982    0.4852   -0.5264
...   112 C-G ...
  -14.5070 -118.6678  122.0092
   -0.7555    0.4546   -0.4717
    0.0102    0.7282    0.6853
    0.6551    0.5130   -0.5548
...   113 T-A ...
  -12.4654 -117.0328  119.9506
   -0.6815    0.7316    0.0171
    0.4315    0.3829    0.8168
    0.5910    0.5640   -0.5767
...   114 C-G ...
  -10.6373 -114.9026  118.2215
   -0.3206    0.7909    0.5213
    0.7888   -0.0818    0.6092
    0.5244    0.6065   -0.5976
...   115 G-C ...
   -8.5295 -112.8601  116.6139
    0.1786    0.5385    0.8235
    0.8535   -0.5012    0.1427
    0.4896    0.6773   -0.5492
...   116 T-A ...
   -7.3714 -110.0327  115.1773
    0.6008    0.1487    0.7855
    0.6236   -0.7020   -0.3440
    0.5002    0.6965   -0.5145
...   117 A-T ...
   -5.8028 -107.3695  113.7396
    0.8426   -0.3261    0.4285
    0.1453   -0.6285   -0.7641
    0.5185    0.7061   -0.4822
...   118 T-A ...
   -4.1319 -104.6936  112.7820
    0.8085   -0.5864   -0.0502
   -0.3211   -0.3679   -0.8727
    0.4933    0.7217   -0.4857
...   119 A-T ...
   -2.7746 -102.1164  110.8683
    0.3956   -0.6351   -0.6634
   -0.8007    0.1152   -0.5878
    0.4498    0.7638   -0.4630
...   120 A-T ...
   -1.0534  -99.6980  109.5268
   -0.1490   -0.4551   -0.8779
   -0.8856    0.4564   -0.0863
    0.4400    0.7646   -0.4710
...   121 T-A ...
    0.8948  -97.5410  107.8896
   -0.5988   -0.1399   -0.7886
   -0.6716    0.6241    0.3993
    0.4363    0.7687   -0.4677
...   122 G-C ...
    2.3392  -94.8772  106.1785
   -0.9212    0.2041   -0.3312
   -0.1560    0.5862    0.7950
    0.3564    0.7841   -0.5081
...   123 T-A ...
    3.3439  -92.5344  104.1054
   -0.8744    0.4628    0.1456
    0.3504    0.3950    0.8492
    0.3355    0.7936   -0.5076
...   124 G-C ...
    4.3384  -89.7836  102.4121
   -0.5119    0.5487    0.6610
    0.8163    0.0708    0.5733
    0.2677    0.8330   -0.4841
...   125 T-A ...
    4.7238  -87.0883  100.6938
   -0.0094    0.4646    0.8854
    0.9675   -0.2195    0.1255
    0.2527    0.8579   -0.4475
...   126 C-G ...
    5.4793  -84.2805   99.3895
    0.5730    0.2477    0.7812
    0.7852   -0.4390   -0.4367
    0.2348    0.8637   -0.4460
...   127 G-C ...
    6.7388  -81.6802   97.6830
    0.8811   -0.1400    0.4518
    0.3434   -0.4674   -0.8146
    0.3252    0.8729   -0.3637
...   128 A-T ...
    7.6651  -78.8513   96.5377
    0.9107   -0.3935   -0.1258
   -0.2580   -0.3037   -0.9172
    0.3227    0.8677   -0.3781
...   129 C-G ...
    9.0176  -75.8692   96.0252
    0.6120   -0.5301   -0.5870
   -0.7076   -0.0354   -0.7058
    0.3534    0.8472   -0.3967
...   130 C-G ...
   10.6877  -73.1939   94.7230
    0.0899   -0.5458   -0.8330
   -0.9129    0.2892   -0.2881
    0.3982    0.7864   -0.4723
...   131 A-T ...
   11.2134  -70.2109   93.1007
   -0.5109   -0.3144   -0.8001
   -0.7741    0.5730    0.2691
    0.3738    0.7569   -0.5361
...   132 A-T ...
   12.4570  -67.8340   91.2041
   -0.8707    0.0788   -0.4855
   -0.3210    0.6569    0.6822
    0.3727    0.7498   -0.5467
...   133 A-T ...
   13.7400  -65.6321   89.1300
   -0.8723    0.4889   -0.0043
    0.2602    0.4716    0.8425
    0.4140    0.7338   -0.5386
...   134 T-A ...
   14.7384  -63.4258   86.8199
   -0.5923    0.6747    0.4404
    0.6886    0.1401    0.7115
    0.4183    0.7247   -0.5475
...   135 G-C ...
   15.7317  -61.4928   83.9330
    0.0341    0.7400    0.6717
    0.8636   -0.3601    0.3528
    0.5030    0.5681   -0.6514
...   136 T-A ...
   15.7848  -59.5604   80.7992
    0.5517    0.4998    0.6677
    0.6739   -0.7388   -0.0038
    0.4914    0.4520   -0.7444
...   137 G-C ...
   16.8385  -57.7219   78.2675
    0.8528   -0.0848    0.5153
    0.1507   -0.9048   -0.3983
    0.5000    0.4173   -0.7588
...   138 A-T ...
   18.4282  -55.5287   76.5298
    0.8547   -0.5006    0.1371
   -0.3188   -0.7148   -0.6224
    0.4096    0.4883   -0.7706
...   139 G-C ...
   20.4259  -54.3093   74.5419
    0.5847   -0.7389   -0.3347
   -0.7593   -0.3533   -0.5465
    0.2856    0.5737   -0.7676
...   140 C-G ...
   21.4269  -51.8266   72.7875
    0.1304   -0.7144   -0.6875
   -0.8897    0.2216   -0.3991
    0.4375    0.6637   -0.6067
...   141 G-C ...
   22.1521  -50.1494   67.4639
   -0.4682   -0.8748    0.1248
   -0.8494    0.4066   -0.3364
    0.2435   -0.2635   -0.9334
...   142 C-G ...
   22.3488  -51.2414   64.4933
   -0.8528   -0.5119   -0.1032
   -0.4975    0.8565   -0.1374
    0.1587   -0.0659   -0.9851
...   143 T-A ...
   24.0166  -51.6378   61.9247
   -0.9562    0.0401   -0.2898
    0.0524    0.9980   -0.0348
    0.2878   -0.0485   -0.9565
...   144 C-G ...
   24.8957  -52.7395   58.9873
   -0.7529    0.5560   -0.3520
    0.5214    0.8304    0.1965
    0.4016   -0.0356   -0.9151
...   145 A-T ...
   25.5275  -52.9803   55.8053
   -0.2442    0.9563   -0.1610
    0.8906    0.2869    0.3528
    0.3836   -0.0573   -0.9217
...   146 C-G ...
   25.2777  -52.5123   52.0796
    0.3204    0.9427   -0.0929
    0.8825   -0.2614    0.3909
    0.3443   -0.2072   -0.9157
...   147 A-T ...
   25.6238  -52.5940   48.6395
    0.8597    0.5097    0.0339
    0.4496   -0.7865    0.4233
    0.2424   -0.3487   -0.9053
