  147 base-pairs
...     1 T-A ...
    0.0000    0.0000    0.0000
    1.0000    0.0000    0.0000
    0.0000    1.0000    0.0000
    0.0000    0.0000    1.0000
...     2 G-C ...
   -0.5555   -1.1003    3.3981
    0.7749    0.6051    0.1828
   -0.5991    0.7953   -0.0929
   -0.2016   -0.0375    0.9787
...     3 T-A ...
   -0.6619   -3.0237    6.5348
    0.3046    0.9250    0.2271
   -0.8994    0.3578   -0.2510
   -0.3134   -0.1278    0.9410
...     4 G-C ...
   -1.1607   -3.8418    9.6940
   -0.3351    0.9421    0.0133
   -0.8752   -0.3061   -0.3746
   -0.3489   -0.1372    0.9271
...     5 A-T ...
   -1.3881   -3.6770   12.8999
   -0.7835    0.6162   -0.0801
   -0.5677   -0.7622   -0.3109
   -0.2527   -0.1981    0.9470
...     6 G-C ...
   -2.6236   -3.5448   15.7072
   -0.9923    0.0611   -0.1075
   -0.0294   -0.9610   -0.2748
   -0.1201   -0.2695    0.9555
...     7 C-G ...
   -2.3138   -3.7570   18.8866
   -0.8620   -0.4995   -0.0864
    0.5008   -0.8655    0.0073
   -0.0785   -0.0370    0.9962
...     8 G-C ...
   -3.9561   -6.8109   23.3205
   -0.2581   -0.3560   -0.8981
    0.6294   -0.7673    0.1233
   -0.7330   -0.5335    0.4221
...     9 C-G ...
   -6.1177   -8.9414   24.2385
    0.1143   -0.7320   -0.6716
    0.8123   -0.3203    0.4874
   -0.5720   -0.6013    0.5580
...    10 T-A ...
   -8.5041   -9.6771   26.0540
    0.4660   -0.8587   -0.2131
    0.6274    0.1508    0.7640
   -0.6239   -0.4897    0.6090
...    11 C-G ...
  -11.0625  -11.3174   27.2336
    0.6660   -0.6911    0.2808
    0.3382    0.6152    0.7121
   -0.6649   -0.3794    0.6435
...    12 A-T ...
  -13.0013  -13.1789   29.0658
    0.7188   -0.1490    0.6790
   -0.1787    0.9043    0.3876
   -0.6718   -0.4000    0.6235
...    13 C-G ...
  -14.1788  -15.9359   31.3399
    0.4052    0.2865    0.8682
   -0.5270    0.8492   -0.0343
   -0.7470   -0.4437    0.4951
...    14 A-T ...
  -15.9532  -18.1566   33.3080
   -0.1503    0.6873    0.7107
   -0.6106    0.5008   -0.6135
   -0.7776   -0.5261    0.3444
...    15 A-T ...
  -18.3892  -19.8408   34.6274
   -0.4546    0.8657    0.2096
   -0.4179    0.0006   -0.9085
   -0.7866   -0.5006    0.3615
...    16 T-A ...
  -20.7619  -21.2429   36.4231
   -0.5926    0.7489   -0.2968
   -0.1313   -0.4533   -0.8816
   -0.7947   -0.4835    0.3669
...    17 T-A ...
  -23.3707  -22.6174   37.7972
   -0.5583    0.3376   -0.7579
    0.2312   -0.8140   -0.5329
   -0.7968   -0.4727    0.3764
...    18 T-A ...
  -26.0624  -23.8963   39.1219
   -0.3321   -0.2231   -0.9165
    0.5117   -0.8589    0.0237
   -0.7924   -0.4611    0.3994
...    19 A-T ...
  -28.4217  -25.7943   40.7267
    0.0544   -0.7641   -0.6428
    0.6086   -0.4850    0.6280
   -0.7916   -0.4254    0.4386
...    20 T-A ...
  -31.4035  -26.9429   41.6406
    0.3480   -0.9151   -0.2037
    0.4936   -0.0059    0.8697
   -0.7970   -0.4032    0.4497
...    21 T-A ...
  -34.1417  -28.2302   42.8680
    0.5475   -0.7499    0.3713
    0.2020    0.5491    0.8110
   -0.8120   -0.3690    0.4521
...    22 C-G ...
  -36.8512  -29.4729   44.3083
    0.5747   -0.2484    0.7798
   -0.1682    0.8966    0.4096
   -0.8009   -0.3666    0.4735
...    23 G-C ...
  -39.6719  -30.2615   46.0313
    0.4560    0.3578    0.8149
   -0.4761    0.8717   -0.1164
   -0.7519   -0.3349    0.5678
...    24 C-G ...
  -41.8857  -31.6475   48.1007
    0.1505    0.8015    0.5787
   -0.6541    0.5196   -0.5496
   -0.7413   -0.2959    0.6025
...    25 A-T ...
  -44.5263  -32.4420   50.0252
   -0.1818    0.9802    0.0791
   -0.6420   -0.0573   -0.7646
   -0.7449   -0.1898    0.6397
...    26 A-T ...
  -46.8294  -32.9157   52.2678
   -0.5148    0.7641   -0.3888
   -0.4211   -0.6204   -0.6616
   -0.7467   -0.1769    0.6412
...    27 A-T ...
  -49.2153  -33.2486   54.4544
   -0.6643    0.2555   -0.7024
   -0.0459   -0.9519   -0.3028
   -0.7460   -0.1689    0.6441
...    28 G-C ...
  -51.8043  -33.4717   56.5620
   -0.5393   -0.3014   -0.7863
    0.3108   -0.9391    0.1467
   -0.7826   -0.1653    0.6001
...    29 G-C ...
  -54.6610  -33.8357   58.3745
   -0.2151   -0.7668   -0.6047
    0.5393   -0.6095    0.5811
   -0.8142   -0.2011    0.5446
...    30 C-G ...
  -57.6207  -34.3763   59.8517
    0.1543   -0.9701   -0.1875
    0.5580   -0.0710    0.8268
   -0.8153   -0.2322    0.5304
...    31 C-G ...
  -60.4900  -35.2861   61.4184
    0.5000   -0.8208    0.2762
    0.3585    0.4865    0.7967
   -0.7883   -0.2993    0.5375
...    32 G-C ...
  -63.0015  -36.0301   63.5781
    0.6893   -0.3518    0.6334
   -0.0141    0.8675    0.4972
   -0.7244   -0.3517    0.5930
...    33 G-C ...
  -65.3423  -37.4403   65.5702
    0.6176    0.2274    0.7529
   -0.4113    0.9093    0.0627
   -0.6704   -0.3484    0.6551
...    34 C-G ...
  -67.2740  -38.9008   67.8640
    0.3092    0.7139    0.6283
   -0.6948    0.6207   -0.3633
   -0.6493   -0.3243    0.6879
...    35 C-G ...
  -69.2308  -39.9274   70.4288
   -0.0838    0.9624    0.2583
   -0.7671    0.1032   -0.6332
   -0.6361   -0.2512    0.7296
...    36 C-G ...
  -71.2246  -40.5160   73.1087
   -0.4511    0.8699   -0.1994
   -0.6066   -0.4627   -0.6465
   -0.6547   -0.1707    0.7364
...    37 G-C ...
  -73.7174  -41.1925   75.3049
   -0.6517    0.4536   -0.6079
   -0.2571   -0.8861   -0.3856
   -0.7135   -0.0950    0.6942
...    38 A-T ...
  -76.0905  -41.3907   77.5956
   -0.6555   -0.1746   -0.7348
    0.1852   -0.9804    0.0678
   -0.7322   -0.0916    0.6749
...    39 C-G ...
  -78.7362  -41.1129   79.6162
   -0.4322   -0.6754   -0.5975
    0.5040   -0.7304    0.4610
   -0.7478   -0.1019    0.6561
...    40 A-T ...
  -81.1284  -41.6095   81.9225
    0.0185   -0.9633   -0.2676
    0.6433   -0.1934    0.7408
   -0.7654   -0.1859    0.6162
...    41 C-G ...
  -84.0229  -42.2701   83.4296
    0.3861   -0.9090    0.1567
    0.5232    0.3557    0.7745
   -0.7598   -0.2171    0.6129
...    42 G-C ...
  -86.3397  -42.8882   85.8292
    0.6966   -0.5082    0.5064
    0.1782    0.8063    0.5640
   -0.6950   -0.3026    0.6522
...    43 A-T ...
  -88.5862  -43.9748   87.9845
    0.6833    0.0936    0.7241
   -0.2907    0.9446    0.1522
   -0.6698   -0.3145    0.6727
...    44 C-G ...
  -90.4398  -45.5492   90.2619
    0.4319    0.5975    0.6756
   -0.6256    0.7381   -0.2528
   -0.6497   -0.3135    0.6926
...    45 T-A ...
  -92.3253  -46.6394   92.7930
    0.0428    0.9191    0.3917
   -0.7791    0.2762   -0.5628
   -0.6254   -0.2811    0.7279
...    46 T-A ...
  -94.1486  -47.5793   95.3286
   -0.4446    0.8957    0.0004
   -0.6494   -0.3221   -0.6889
   -0.6169   -0.3065    0.7249
...    47 A-T ...
  -96.4404  -48.9394   97.4633
   -0.7809    0.4506   -0.4327
   -0.1862   -0.8291   -0.5272
   -0.5963   -0.3311    0.7313
...    48 C-G ...
  -98.4438  -49.4282  100.1043
   -0.7463   -0.0676   -0.6621
    0.2683   -0.9410   -0.2063
   -0.6091   -0.3316    0.7204
...    49 T-A ...
 -100.6819  -50.2767  102.4422
   -0.4405   -0.5547   -0.7058
    0.6301   -0.7511    0.1970
   -0.6394   -0.3580    0.6804
...    50 G-C ...
 -102.7231  -51.6899  104.7050
    0.0795   -0.8466   -0.5263
    0.7585   -0.2912    0.5830
   -0.6468   -0.4455    0.6190
...    51 T-A ...
 -105.2622  -53.1448  106.2648
    0.5026   -0.8495   -0.1603
    0.5965    0.2066    0.7755
   -0.6257   -0.4854    0.6106
...    52 A-T ...
 -107.2269  -54.7881  108.4411
    0.8112   -0.5056    0.2937
    0.1501    0.6655    0.7311
   -0.5651   -0.5490    0.6158
...    53 G-C ...
 -108.9835  -56.8757  110.3421
    0.8014   -0.0198    0.5977
   -0.3319    0.8167    0.4720
   -0.4975   -0.5767    0.6480
...    54 G-C ...
 -110.2903  -58.9937  112.6331
    0.5120    0.4866    0.7079
   -0.7480    0.6577    0.0889
   -0.4223   -0.5750    0.7007
...    55 T-A ...
 -111.0902  -61.1271  115.0708
    0.0276    0.7740    0.6326
   -0.9136    0.2763   -0.2982
   -0.4056   -0.5697    0.7148
...    56 A-T ...
 -113.0119  -63.0973  117.1460
   -0.6248    0.7155    0.3127
   -0.6871   -0.3136   -0.6554
   -0.3709   -0.6243    0.6875
...    57 T-A ...
 -113.8545  -64.7997  119.8788
   -0.9046    0.4220   -0.0597
   -0.2500   -0.6387   -0.7277
   -0.3452   -0.6434    0.6833
...    58 C-G ...
 -114.9768  -66.8644  122.2224
   -0.8661   -0.0576   -0.4966
    0.3638   -0.7539   -0.5471
   -0.3429   -0.6545    0.6739
...    59 T-A ...
 -116.3454  -68.8521  124.5440
   -0.5042   -0.4300   -0.7489
    0.7841   -0.5914   -0.1883
   -0.3619   -0.6822    0.6353
...    60 C-G ...
 -117.5837  -71.0382  126.6867
    0.0874   -0.6658   -0.7410
    0.9350   -0.2019    0.2916
   -0.3437   -0.7183    0.6049
...    61 G-C ...
 -118.4115  -73.5014  128.8575
    0.6463   -0.5434   -0.5358
    0.7201    0.2020    0.6638
   -0.2525   -0.8148    0.5218
...    62 A-T ...
 -119.2101  -76.2249  130.4831
    0.9627   -0.2595   -0.0766
    0.1947    0.4680    0.8620
   -0.1878   -0.8448    0.5011
...    63 G-C ...
 -119.6581  -79.1917  131.8898
    0.9290    0.1113    0.3528
   -0.3591    0.5011    0.7874
   -0.0892   -0.8582    0.5055
...    64 C-G ...
 -119.4430  -82.1663  133.3594
    0.5747    0.4110    0.7077
   -0.8181    0.3129    0.4826
   -0.0231   -0.8563    0.5160
...    65 T-A ...
 -119.1049  -84.9702  135.1263
    0.0282    0.5474    0.8364
   -0.9989   -0.0152    0.0436
    0.0366   -0.8367    0.5464
...    66 C-G ...
 -118.8951  -87.6255  137.0962
   -0.5912    0.4098    0.6947
   -0.8038   -0.3699   -0.4659
    0.0661   -0.8338    0.5480
...    67 G-C ...
 -119.0636  -90.6108  138.6908
   -0.9564    0.1308    0.2611
   -0.2886   -0.5610   -0.7759
    0.0450   -0.8175    0.5742
...    68 G-C ...
 -118.8416  -93.2562  140.8252
   -0.9493   -0.1827   -0.2558
    0.3141   -0.5224   -0.7927
    0.0112   -0.8329    0.5534
...    69 G-C ...
 -118.7773  -95.9379  142.9262
   -0.6023   -0.3896   -0.6967
    0.7982   -0.2995   -0.5226
   -0.0050   -0.8709    0.4914
...    70 A-T ...
 -118.7764  -98.7206  144.6804
   -0.0048   -0.4471   -0.8945
    0.9997    0.0192   -0.0149
    0.0238   -0.8943    0.4469
...    71 T-A ...
 -119.3141 -101.6861  145.9590
    0.5036   -0.3422   -0.7933
    0.8626    0.2502    0.4396
    0.0481   -0.9057    0.4212
...    72 C-G ...
 -119.1368 -104.6838  147.2459
    0.9070   -0.0502   -0.4181
    0.4033    0.3888    0.8284
    0.1209   -0.9200    0.3729
...    73 C-G ...
 -118.4900 -107.8644  148.1254
    0.9565    0.2858    0.0584
   -0.1474    0.3007    0.9423
    0.2518   -0.9099    0.3297
...    74 G-C ...
 -117.2798 -110.6674  149.6055
    0.6633    0.5185    0.5396
   -0.6268   -0.0091    0.7791
    0.4089   -0.8550    0.3190
...    75 C-G ...
 -115.3841 -113.2415  150.5882
    0.1833    0.4470    0.8756
   -0.8655   -0.3491    0.3594
    0.4663   -0.8236    0.3229
...    76 T-A ...
 -113.5074 -115.7429  151.7820
   -0.3385    0.1835    0.9229
   -0.7931   -0.5835   -0.1749
    0.5064   -0.7911    0.3430
...    77 T-A ...
 -111.5639 -118.1091  152.9576
   -0.7053   -0.2779    0.6521
   -0.4296   -0.5642   -0.7051
    0.5639   -0.7774    0.2786
...    78 T-A ...
 -109.5241 -120.4238  154.0779
   -0.7704   -0.6283    0.1081
    0.0697   -0.2515   -0.9653
    0.6337   -0.7362    0.2376
...    79 A-T ...
 -106.8951 -122.6954  154.1781
   -0.4472   -0.6863   -0.5736
    0.5360    0.3078   -0.7861
    0.7160   -0.6590    0.2302
...    80 A-T ...
 -104.6707 -124.8893  155.0932
   -0.0382   -0.3696   -0.9284
    0.6714    0.6786   -0.2978
    0.7401   -0.6347    0.2222
...    81 C-G ...
 -102.6525 -127.3866  155.8538
    0.2875    0.0934   -0.9532
    0.5787    0.7761    0.2505
    0.7632   -0.6237    0.1691
...    82 A-T ...
  -99.9402 -129.3205  156.4145
    0.4433    0.6174   -0.6498
    0.3297    0.5619    0.7587
    0.8335   -0.5506    0.0456
...    83 C-G ...
  -97.3331 -131.2457  155.9287
    0.4912    0.8587   -0.1460
    0.0681    0.1292    0.9893
    0.8684   -0.4959    0.0050
...    84 T-A ...
  -94.3274 -132.6150  155.6153
    0.3701    0.8291    0.4190
   -0.1498   -0.3919    0.9077
    0.9168   -0.3987   -0.0208
...    85 T-A ...
  -91.2697 -133.6904  155.3901
    0.2145    0.4359    0.8741
   -0.3107   -0.8180    0.4841
    0.9260   -0.3754   -0.0401
...    86 T-A ...
  -88.1444 -134.6136  155.1732
    0.0330   -0.1620    0.9862
   -0.3629   -0.9214   -0.1392
    0.9312   -0.3533   -0.0892
...    87 A-T ...
  -85.2571 -136.3850  154.2738
   -0.0972   -0.8118    0.5757
   -0.3143   -0.5239   -0.7917
    0.9444   -0.2579   -0.2042
...    88 T-A ...
  -81.9580 -136.9341  154.2155
   -0.2008   -0.9783    0.0516
   -0.2315   -0.0038   -0.9728
    0.9519   -0.2073   -0.2257
...    89 G-C ...
  -78.8535 -137.4321  153.0768
   -0.3384   -0.7685   -0.5431
   -0.0816    0.5989   -0.7966
    0.9375   -0.2253   -0.2654
...    90 C-G ...
  -75.6778 -138.3516  152.5383
   -0.3688   -0.2867   -0.8842
    0.0905    0.9356   -0.3412
    0.9251   -0.2058   -0.3191
...    91 T-A ...
  -72.6896 -139.2656  151.4118
   -0.3432    0.2825   -0.8958
    0.2642    0.9442    0.1966
    0.9013   -0.1692   -0.3987
...    92 T-A ...
  -69.8519 -139.9009  150.0107
   -0.1886    0.7793   -0.5977
    0.4122    0.6152    0.6720
    0.8914   -0.1196   -0.4372
...    93 C-G ...
  -66.9952 -140.1492  148.4559
    0.0154    0.9985   -0.0521
    0.4716    0.0387    0.8810
    0.8817   -0.0381   -0.4703
...    94 T-A ...
  -64.2385 -139.9289  146.6364
    0.1834    0.8624    0.4718
    0.4462   -0.5007    0.7418
    0.8760    0.0745   -0.4766
...    95 C-G ...
  -61.3463 -139.3700  145.1826
    0.3852    0.3895    0.8366
    0.2956   -0.9109    0.2880
    0.8742    0.1363   -0.4660
...    96 A-T ...
  -58.3029 -139.0354  143.8261
    0.4365   -0.2364    0.8681
    0.0645   -0.9542   -0.2922
    0.8974    0.1836   -0.4013
...    97 T-A ...
  -55.3665 -137.7956  142.8544
    0.4392   -0.6981    0.5654
   -0.1752   -0.6839   -0.7082
    0.8811    0.2120   -0.4227
...    98 G-C ...
  -52.5399 -137.2998  141.1448
    0.2210   -0.9751    0.0193
   -0.3981   -0.1083   -0.9109
    0.8903    0.1936   -0.4121
...    99 T-A ...
  -49.3224 -136.6817  140.3367
   -0.0321   -0.8739   -0.4850
   -0.4717    0.4410   -0.7635
    0.8812    0.2043   -0.4264
...   100 T-A ...
  -46.3384 -136.0831  139.1656
   -0.2872   -0.4345   -0.8536
   -0.3879    0.8676   -0.3111
    0.8758    0.2418   -0.4178
...   101 A-T ...
  -43.4966 -134.8632  137.7927
   -0.5096    0.2009   -0.8366
   -0.1333    0.9422    0.3074
    0.8500    0.2682   -0.4533
...   102 T-A ...
  -40.7917 -134.5314  135.9731
   -0.5301    0.6483   -0.5465
    0.1452    0.7044    0.6948
    0.8354    0.2890   -0.4675
...   103 A-T ...
  -38.1014 -133.3453  134.3625
   -0.4406    0.8971    0.0317
    0.4619    0.1963    0.8649
    0.7698    0.3957   -0.5009
...   104 A-T ...
  -35.7782 -131.9411  132.5963
   -0.1175    0.8321    0.5420
    0.6496   -0.3484    0.6757
    0.7511    0.4315   -0.4996
...   105 C-G ...
  -33.7846 -130.0572  130.7156
    0.2263    0.4992    0.8364
    0.6362   -0.7260    0.2612
    0.7376    0.4730   -0.4819
...   106 G-C ...
  -31.0006 -128.6041  129.4272
    0.4968   -0.0569    0.8660
    0.4418   -0.8423   -0.3088
    0.7470    0.5360   -0.3933
...   107 G-C ...
  -28.4562 -126.5696  128.4237
    0.6230   -0.5539    0.5523
    0.1066   -0.6394   -0.7615
    0.7749    0.5333   -0.3393
...   108 A-T ...
  -25.8988 -124.7196  127.3912
    0.5592   -0.8281   -0.0388
   -0.3016   -0.1597   -0.9400
    0.7722    0.5373   -0.3390
...   109 C-G ...
  -23.0933 -122.9503  126.8483
    0.2966   -0.7819   -0.5483
   -0.5629    0.3207   -0.7618
    0.7715    0.5346   -0.3450
...   110 G-C ...
  -20.8296 -120.8430  125.4326
   -0.1617   -0.4901   -0.8565
   -0.6364    0.7151   -0.2890
    0.7542    0.4984   -0.4276
...   111 G-C ...
  -18.1697 -119.3016  124.0227
   -0.5581   -0.0431   -0.8287
   -0.4359    0.8650    0.2485
    0.7061    0.4999   -0.5016
...   112 C-G ...
  -15.7535 -118.0012  122.1403
   -0.7462    0.4186   -0.5177
   -0.0473    0.7423    0.6684
    0.6641    0.5232   -0.5341
...   113 T-A ...
  -13.7455 -116.3359  120.0790
   -0.7016    0.7121   -0.0258
    0.3845    0.4088    0.8277
    0.5999    0.5708   -0.5606
...   114 C-G ...
  -11.9232 -114.3493  118.1973
   -0.3560    0.7885    0.5016
    0.7434   -0.0863    0.6632
    0.5662    0.6090   -0.5554
...   115 G-C ...
   -9.8213 -112.1423  116.7073
    0.0804    0.5251    0.8472
    0.8471   -0.4840    0.2196
    0.5253    0.7000   -0.4837
...   116 T-A ...
   -8.5961 -109.4089  115.2270
    0.5169    0.1624    0.8405
    0.6749   -0.6813   -0.2834
    0.5267    0.7137   -0.4617
...   117 A-T ...
   -6.6418 -107.2805  113.4215
    0.8458   -0.3077    0.4359
    0.1698   -0.6192   -0.7666
    0.5058    0.7224   -0.4714
...   118 T-A ...
   -4.9929 -104.5605  112.4764
    0.8173   -0.5749   -0.0404
   -0.3020   -0.3676   -0.8796
    0.4908    0.7311   -0.4740
...   119 A-T ...
   -3.7226 -102.0922  110.4770
    0.4251   -0.6527   -0.6270
   -0.7762    0.0934   -0.6235
    0.4655    0.7518   -0.4670
...   120 A-T ...
   -2.0134  -99.6931  109.0858
   -0.1115   -0.4586   -0.8816
   -0.8826    0.4535   -0.1243
    0.4568    0.7642   -0.4553
...   121 T-A ...
    0.0133  -97.5894  107.5481
   -0.5560   -0.1543   -0.8167
   -0.6964    0.6229    0.3564
    0.4538    0.7669   -0.4538
...   122 G-C ...
    1.2311  -94.8217  106.0788
   -0.8993    0.1757   -0.4005
   -0.2186    0.6127    0.7595
    0.3788    0.7706   -0.5126
...   123 T-A ...
    2.3501  -92.6080  103.8640
   -0.8860    0.4545    0.0917
    0.3059    0.4244    0.8523
    0.3484    0.7832   -0.5150
...   124 G-C ...
    3.4535  -89.7768  102.4245
   -0.5589    0.5458    0.6242
    0.7831    0.1000    0.6138
    0.2726    0.8319   -0.4833
...   125 T-A ...
    3.7267  -86.9603  100.6540
   -0.0507    0.4906    0.8699
    0.9632   -0.2062    0.1725
    0.2640    0.8466   -0.4621
...   126 C-G ...
    4.5114  -84.0882   99.2173
    0.5402    0.2447    0.8052
    0.7981   -0.4526   -0.3979
    0.2671    0.8575   -0.4397
...   127 G-C ...
    5.7422  -81.3655   97.6117
    0.8751   -0.1470    0.4611
    0.3423   -0.4857   -0.8043
    0.3422    0.8617   -0.3747
...   128 A-T ...
    6.8561  -78.4746   96.4627
    0.8933   -0.4350   -0.1131
   -0.2592   -0.2931   -0.9203
    0.3672    0.8514   -0.3746
...   129 C-G ...
    8.3699  -75.5816   95.7879
    0.5989   -0.5481   -0.5839
   -0.6995   -0.0030   -0.7147
    0.3900    0.8364   -0.3852
...   130 C-G ...
    9.9555  -72.8541   94.5547
    0.0660   -0.5228   -0.8499
   -0.9060    0.3255   -0.2706
    0.4182    0.7879   -0.4521
...   131 A-T ...
   11.0842  -70.1200   92.9558
   -0.5224   -0.2985   -0.7988
   -0.7555    0.5963    0.2713
    0.3953    0.7452   -0.5370
...   132 A-T ...
   12.4777  -67.8579   91.0806
   -0.8661    0.1136   -0.4867
   -0.2998    0.6610    0.6879
    0.3999    0.7417   -0.5384
...   133 A-T ...
   13.7570  -65.5892   89.1269
   -0.8699    0.4932    0.0076
    0.2726    0.4677    0.8408
    0.4111    0.7335   -0.5413
...   134 T-A ...
   14.7385  -63.4258   86.8200
   -0.5923    0.6747    0.4404
    0.6886    0.1401    0.7115
    0.4183    0.7247   -0.5475
...   135 G-C ...
   15.7318  -61.4928   83.9331
    0.0341    0.7400    0.6717
    0.8636   -0.3601    0.3528
    0.5030    0.5681   -0.6514
...   136 T-A ...
   15.7849  -59.5604   80.7993
    0.5517    0.4998    0.6677
    0.6739   -0.7388   -0.0038
    0.4915    0.4520   -0.7444
...   137 G-C ...
   16.8386  -57.7219   78.2676
    0.8528   -0.0848    0.5153
    0.1507   -0.9048   -0.3983
    0.5000    0.4173   -0.7588
...   138 A-T ...
   18.4283  -55.5287   76.5299
    0.8547   -0.5006    0.1371
   -0.3188   -0.7148   -0.6224
    0.4096    0.4883   -0.7706
...   139 G-C ...
   20.4260  -54.3093   74.5420
    0.5847   -0.7389   -0.3347
   -0.7593   -0.3533   -0.5465
    0.2856    0.5737   -0.7676
...   140 C-G ...
   21.4270  -51.8266   72.7876
    0.1304   -0.7144   -0.6875
   -0.8897    0.2216   -0.3991
    0.4375    0.6637   -0.6067
...   141 G-C ...
   22.1522  -50.1494   67.4640
   -0.4682   -0.8748    0.1248
   -0.8494    0.4066   -0.3364
    0.2435   -0.2635   -0.9334
...   142 C-G ...
   22.3489  -51.2413   64.4934
   -0.8528   -0.5119   -0.1032
   -0.4975    0.8565   -0.1374
    0.1587   -0.0659   -0.9851
...   143 T-A ...
   24.0167  -51.6378   61.9249
   -0.9562    0.0401   -0.2898
    0.0524    0.9980   -0.0348
    0.2878   -0.0485   -0.9564
...   144 C-G ...
   24.8959  -52.7395   58.9874
   -0.7529    0.5560   -0.3520
    0.5214    0.8304    0.1965
    0.4016   -0.0356   -0.9151
...   145 A-T ...
   25.5276  -52.9803   55.8054
   -0.2442    0.9563   -0.1610
    0.8906    0.2869    0.3528
    0.3836   -0.0573   -0.9217
...   146 C-G ...
   25.2779  -52.5122   52.0797
    0.3204    0.9427   -0.0929
    0.8825   -0.2614    0.3909
    0.3443   -0.2072   -0.9157
...   147 A-T ...
   25.6239  -52.5939   48.6396
    0.8597    0.5097    0.0339
    0.4496   -0.7865    0.4233
    0.2424   -0.3487   -0.9053
