  147 base-pairs
...     1 T-A ...
    0.0000    0.0000    0.0000
    1.0000    0.0000    0.0000
    0.0000    1.0000    0.0000
    0.0000    0.0000    1.0000
...     2 G-C ...
   -0.5555   -1.1003    3.3981
    0.7749    0.6051    0.1828
   -0.5991    0.7953   -0.0929
   -0.2016   -0.0375    0.9787
...     3 T-A ...
   -0.6619   -3.0237    6.5348
    0.3046    0.9250    0.2271
   -0.8994    0.3578   -0.2510
   -0.3134   -0.1278    0.9410
...     4 G-C ...
   -1.1607   -3.8418    9.6940
   -0.3351    0.9421    0.0133
   -0.8752   -0.3061   -0.3746
   -0.3489   -0.1372    0.9271
...     5 A-T ...
   -1.3881   -3.6770   12.8999
   -0.7835    0.6162   -0.0801
   -0.5677   -0.7622   -0.3109
   -0.2527   -0.1981    0.9470
...     6 G-C ...
   -2.6236   -3.5448   15.7072
   -0.9923    0.0611   -0.1075
   -0.0294   -0.9610   -0.2748
   -0.1201   -0.2695    0.9555
...     7 C-G ...
   -2.3138   -3.7570   18.8866
   -0.8620   -0.4995   -0.0864
    0.5008   -0.8655    0.0073
   -0.0785   -0.0370    0.9962
...     8 G-C ...
   -3.9561   -6.8109   23.3205
   -0.2581   -0.3560   -0.8981
    0.6294   -0.7673    0.1233
   -0.7330   -0.5335    0.4221
...     9 C-G ...
   -6.1177   -8.9414   24.2385
    0.1143   -0.7320   -0.6716
    0.8123   -0.3203    0.4874
   -0.5720   -0.6013    0.5580
...    10 T-A ...
   -8.5041   -9.6771   26.0540
    0.4660   -0.8587   -0.2131
    0.6274    0.1508    0.7640
   -0.6239   -0.4897    0.6090
...    11 C-G ...
  -11.0625  -11.3174   27.2336
    0.6660   -0.6911    0.2808
    0.3382    0.6152    0.7121
   -0.6649   -0.3794    0.6435
...    12 A-T ...
  -13.0013  -13.1789   29.0658
    0.7188   -0.1490    0.6790
   -0.1787    0.9043    0.3876
   -0.6718   -0.4000    0.6235
...    13 C-G ...
  -14.1788  -15.9359   31.3399
    0.4052    0.2865    0.8682
   -0.5270    0.8492   -0.0343
   -0.7470   -0.4437    0.4951
...    14 A-T ...
  -15.9532  -18.1566   33.3080
   -0.1503    0.6873    0.7107
   -0.6106    0.5008   -0.6135
   -0.7776   -0.5261    0.3444
...    15 A-T ...
  -18.4911  -19.7881   34.5195
   -0.4489    0.8726    0.1926
   -0.4152   -0.0128   -0.9097
   -0.7913   -0.4883    0.3680
...    16 T-A ...
  -20.8847  -21.2265   36.4396
   -0.6287    0.7043   -0.3296
   -0.0954   -0.4906   -0.8662
   -0.7718   -0.5131    0.3756
...    17 T-A ...
  -23.4054  -22.6452   37.9961
   -0.5925    0.2525   -0.7650
    0.2984   -0.8133   -0.4995
   -0.7483   -0.5242    0.4065
...    18 T-A ...
  -25.9679  -24.1144   39.4210
   -0.3221   -0.2846   -0.9029
    0.5889   -0.8070    0.0443
   -0.7412   -0.5175    0.4275
...    19 A-T ...
  -28.3371  -26.0503   41.0913
    0.1215   -0.7940   -0.5956
    0.6620   -0.3823    0.6447
   -0.7396   -0.4726    0.4792
...    20 T-A ...
  -31.2152  -27.3574   42.2052
    0.4254   -0.8962   -0.1257
    0.5063    0.1206    0.8539
   -0.7501   -0.4269    0.5050
...    21 T-A ...
  -33.7872  -28.7838   43.6101
    0.6146   -0.6585    0.4343
    0.1514    0.6388    0.7543
   -0.7742   -0.3978    0.4923
...    22 C-G ...
  -36.3616  -30.0579   45.2445
    0.6025   -0.1298    0.7875
   -0.2528    0.9049    0.3425
   -0.7570   -0.4054    0.5124
...    23 G-C ...
  -39.1418  -30.7972   47.0827
    0.4773    0.4615    0.7478
   -0.5542    0.8185   -0.1514
   -0.6820   -0.3422    0.6464
...    24 C-G ...
  -41.1269  -32.2023   49.2901
    0.1561    0.8434    0.5141
   -0.7180    0.4543   -0.5273
   -0.6783   -0.2868    0.6765
...    25 A-T ...
  -43.7310  -32.9888   51.2305
   -0.2322    0.9717    0.0431
   -0.6842   -0.1317   -0.7173
   -0.6913   -0.1961    0.6954
...    26 A-T ...
  -45.9557  -33.4481   53.6017
   -0.5722    0.7184   -0.3956
   -0.4341   -0.6746   -0.5971
   -0.6958   -0.1699    0.6979
...    27 A-T ...
  -48.0907  -33.7090   56.0584
   -0.7249    0.1853   -0.6634
   -0.0159   -0.9674   -0.2528
   -0.6886   -0.1727    0.7042
...    28 G-C ...
  -50.5706  -33.7931   58.3803
   -0.5815   -0.3640   -0.7275
    0.3637   -0.9163    0.1678
   -0.7277   -0.1671    0.6653
...    29 G-C ...
  -53.3148  -34.1779   60.4563
   -0.2171   -0.8248   -0.5222
    0.6214   -0.5293    0.5777
   -0.7528   -0.1991    0.6274
...    30 C-G ...
  -56.0273  -34.7960   62.2253
    0.2043   -0.9710   -0.1239
    0.6226    0.0312    0.7819
   -0.7554   -0.2369    0.6110
...    31 C-G ...
  -58.7657  -35.4859   64.0925
    0.5648   -0.7668    0.3050
    0.3923    0.5746    0.7183
   -0.7261   -0.2860    0.6253
...    32 G-C ...
  -60.8935  -36.1058   66.2975
    0.7535   -0.3138    0.5777
    0.0207    0.8896    0.4563
   -0.6571   -0.3319    0.6768
...    33 G-C ...
  -62.8350  -37.4139   68.7071
    0.6748    0.2691    0.6872
   -0.4210    0.9052    0.0589
   -0.6062   -0.3290    0.7241
...    34 C-G ...
  -64.5803  -38.7456   71.1565
    0.3490    0.7511    0.5605
   -0.7340    0.5908   -0.3348
   -0.5826   -0.2946    0.7575
...    35 C-G ...
  -66.2203  -39.5131   74.0544
   -0.0912    0.9713    0.2197
   -0.8174    0.0530   -0.5736
   -0.5688   -0.2319    0.7891
...    36 C-G ...
  -67.9841  -40.0211   76.8964
   -0.5141    0.8362   -0.1908
   -0.6450   -0.5235   -0.5567
   -0.5655   -0.1631    0.8085
...    37 G-C ...
  -70.2305  -41.3003   79.1618
   -0.7493    0.3969   -0.5301
   -0.2384   -0.9085   -0.3433
   -0.6178   -0.1309    0.7753
...    38 A-T ...
  -72.1457  -41.6764   81.6837
   -0.7417   -0.2224   -0.6328
    0.2611   -0.9647    0.0330
   -0.6178   -0.1408    0.7736
...    39 C-G ...
  -74.4581  -41.7584   83.9300
   -0.4647   -0.6940   -0.5499
    0.6047   -0.7024    0.3755
   -0.6468   -0.1581    0.7461
...    40 A-T ...
  -76.7145  -42.4042   86.3638
    0.0342   -0.9628   -0.2680
    0.7544   -0.1511    0.6388
   -0.6556   -0.2240    0.7211
...    41 C-G ...
  -79.1676  -43.4246   88.3526
    0.4549   -0.8871    0.0785
    0.6142    0.3764    0.6936
   -0.6449   -0.2673    0.7160
...    42 G-C ...
  -81.0114  -44.0631   91.0719
    0.7738   -0.4632    0.4320
    0.1999    0.8257    0.5274
   -0.6010   -0.3218    0.7316
...    43 A-T ...
  -82.9904  -45.1034   93.3406
    0.7424    0.1218    0.6588
   -0.2946    0.9425    0.1578
   -0.6017   -0.3112    0.7356
...    44 C-G ...
  -84.6398  -46.6878   95.7306
    0.4916    0.6265    0.6048
   -0.6629    0.7196   -0.2067
   -0.5648   -0.2993    0.7690
...    45 T-A ...
  -86.0839  -47.9883   98.7766
    0.0356    0.9403    0.3385
   -0.8315    0.2157   -0.5119
   -0.5544   -0.2632    0.7895
...    46 T-A ...
  -87.6625  -48.8600  101.4508
   -0.4265    0.9044    0.0111
   -0.7092   -0.3268   -0.6247
   -0.5613   -0.2743    0.7808
...    47 A-T ...
  -89.7593  -49.9346  103.8860
   -0.7824    0.4793   -0.3976
   -0.2665   -0.8347   -0.4819
   -0.5629   -0.2711    0.7808
...    48 C-G ...
  -91.6134  -50.1613  106.6681
   -0.7904   -0.0438   -0.6110
    0.1953   -0.9634   -0.1836
   -0.5806   -0.2645    0.7700
...    49 T-A ...
  -93.8356  -50.6982  109.1766
   -0.5084   -0.5407   -0.6702
    0.5822   -0.7893    0.1951
   -0.6344   -0.2911    0.7161
...    50 G-C ...
  -96.0367  -51.8845  111.4636
    0.0029   -0.8530   -0.5219
    0.7575   -0.3389    0.5580
   -0.6528   -0.3970    0.6452
...    51 T-A ...
  -98.4889  -53.1461  113.1201
    0.4262   -0.8839   -0.1927
    0.6406    0.1444    0.7542
   -0.6388   -0.4448    0.6277
...    52 A-T ...
 -100.4437  -54.7608  115.3169
    0.7837   -0.5746    0.2359
    0.2344    0.6253    0.7444
   -0.5752   -0.5281    0.6247
...    53 G-C ...
 -102.3874  -56.5840  117.1870
    0.8432   -0.1071    0.5269
   -0.2281    0.8161    0.5310
   -0.4868   -0.5679    0.6636
...    54 G-C ...
 -103.5916  -59.1580  119.3982
    0.5975    0.4227    0.6814
   -0.6882    0.7065    0.1652
   -0.4115   -0.5676    0.7131
...    55 T-A ...
 -104.4366  -61.1995  121.8327
    0.1424    0.7341    0.6639
   -0.9083    0.3635   -0.2072
   -0.3934   -0.5735    0.7186
...    56 A-T ...
 -105.4216  -63.1063  124.4743
   -0.4311    0.8150    0.3872
   -0.8172   -0.1708   -0.5504
   -0.3825   -0.5537    0.7397
...    57 T-A ...
 -106.1049  -64.6689  127.3097
   -0.8137    0.5784    0.0577
   -0.4564   -0.5743   -0.6796
   -0.3600   -0.5793    0.7313
...    58 C-G ...
 -107.3496  -66.4040  129.9484
   -0.9200    0.0803   -0.3836
    0.1701   -0.7999   -0.5755
   -0.3531   -0.5947    0.7222
...    59 T-A ...
 -108.8271  -68.1776  132.4113
   -0.6585   -0.3380   -0.6724
    0.6446   -0.7144   -0.2722
   -0.3884   -0.6127    0.6883
...    60 C-G ...
 -110.1419  -70.2001  134.8079
   -0.1268   -0.6741   -0.7277
    0.9163   -0.3607    0.1744
   -0.3800   -0.6446    0.6634
...    61 G-C ...
 -110.8651  -72.5952  137.0474
    0.4457   -0.6098   -0.6554
    0.8400    0.0318    0.5416
   -0.3094   -0.7919    0.5265
...    62 A-T ...
 -111.8004  -75.1096  138.9616
    0.8724   -0.4107   -0.2650
    0.4325    0.3960    0.8100
   -0.2277   -0.8213    0.5231
...    63 G-C ...
 -112.4079  -78.0289  140.4449
    0.9848   -0.0657    0.1605
   -0.1025    0.5265    0.8440
   -0.1400   -0.8476    0.5118
...    64 C-G ...
 -112.5117  -81.1510  141.8255
    0.7448    0.2893    0.6013
   -0.6618    0.4352    0.6104
   -0.0851   -0.8526    0.5156
...    65 T-A ...
 -112.5780  -83.9933  143.5036
    0.2606    0.4978    0.8272
   -0.9651    0.1582    0.2088
   -0.0270   -0.8528    0.5216
...    66 C-G ...
 -112.9596  -86.5904  145.4765
   -0.3850    0.4804    0.7880
   -0.9219   -0.2397   -0.3043
    0.0427   -0.8436    0.5352
...    67 G-C ...
 -113.8884  -89.8154  146.8389
   -0.8619    0.2430    0.4451
   -0.5037   -0.5117   -0.6960
    0.0586   -0.8241    0.5635
...    68 G-C ...
 -113.5592  -92.5472  148.8629
   -0.9953   -0.0705   -0.0661
    0.0934   -0.5247   -0.8462
    0.0250   -0.8484    0.5288
...    69 G-C ...
 -113.4943  -95.2885  150.7946
   -0.7738   -0.2730   -0.5716
    0.6319   -0.3952   -0.6666
   -0.0439   -0.8771    0.4784
...    70 A-T ...
 -113.7928  -98.1240  152.5779
   -0.2302   -0.4331   -0.8714
    0.9727   -0.1288   -0.1929
   -0.0287   -0.8921    0.4510
...    71 T-A ...
 -114.4976 -101.0193  153.9819
    0.3145   -0.3961   -0.8626
    0.9492    0.1192    0.2913
   -0.0126   -0.9104    0.4135
...    72 C-G ...
 -114.6463 -104.1078  155.1445
    0.8125   -0.1878   -0.5518
    0.5819    0.3167    0.7491
    0.0341   -0.9298    0.3666
...    73 C-G ...
 -114.6459 -107.1775  156.3016
    0.9793    0.1548   -0.1302
    0.0686    0.3515    0.9337
    0.1903   -0.9233    0.3336
...    74 G-C ...
 -113.7605 -110.0611  157.7918
    0.8101    0.4629    0.3598
   -0.4648    0.1330    0.8754
    0.3574   -0.8764    0.3229
...    75 C-G ...
 -111.9112 -112.8808  158.6640
    0.3851    0.4599    0.8001
   -0.8295   -0.2076    0.5185
    0.4046   -0.8634    0.3015
...    76 T-A ...
 -109.9040 -115.4372  160.1008
   -0.1612    0.2221    0.9616
   -0.8547   -0.5185   -0.0235
    0.4934   -0.8257    0.2734
...    77 T-A ...
 -107.9675 -117.9279  161.0360
   -0.5968   -0.2261    0.7699
   -0.5765   -0.5465   -0.6074
    0.5581   -0.8063    0.1958
...    78 T-A ...
 -105.8220 -120.3109  161.9066
   -0.7594   -0.5942    0.2650
   -0.1228   -0.2690   -0.9553
    0.6389   -0.7580    0.1313
...    79 A-T ...
 -103.2998 -122.5224  161.3235
   -0.5558   -0.7282   -0.4010
    0.3416    0.2397   -0.9088
    0.7579   -0.6421    0.1156
...    80 A-T ...
 -100.8748 -124.5938  161.8373
   -0.2326   -0.4531   -0.8606
    0.5631    0.6587   -0.4990
    0.7930   -0.6007    0.1020
...    81 C-G ...
  -98.5477 -127.0015  162.3599
    0.0939    0.0091   -0.9955
    0.5738    0.8167    0.0616
    0.8136   -0.5771    0.0715
...    82 A-T ...
  -95.7613 -128.9026  162.4953
    0.3073    0.5581   -0.7708
    0.4187    0.6480    0.6362
    0.8545   -0.5183   -0.0346
...    83 C-G ...
  -93.0483 -130.6524  161.7027
    0.4335    0.8467   -0.3085
    0.2143    0.2357    0.9479
    0.8753   -0.4770   -0.0793
...    84 T-A ...
  -89.9202 -132.1260  160.8563
    0.3768    0.8647    0.3321
   -0.0411   -0.3426    0.9386
    0.9254   -0.3673   -0.0935
...    85 T-A ...
  -86.8328 -133.0731  160.3082
    0.3036    0.4749    0.8260
   -0.2328   -0.8037    0.5476
    0.9239   -0.3586   -0.1335
...    86 T-A ...
  -83.7161 -133.9551  159.7611
    0.1515   -0.1111    0.9822
   -0.3642   -0.9300   -0.0490
    0.9189   -0.3503   -0.1814
...    87 A-T ...
  -80.6266 -135.4103  158.7913
   -0.0303   -0.7987    0.6009
   -0.3971   -0.5421   -0.7406
    0.9173   -0.2611   -0.3007
...    88 T-A ...
  -77.3902 -135.9826  158.4316
   -0.2118   -0.9656    0.1509
   -0.3383   -0.0724   -0.9382
    0.9169   -0.2498   -0.3113
...    89 G-C ...
  -74.3509 -136.9750  157.5846
   -0.4501   -0.7816   -0.4318
   -0.1157    0.5306   -0.8397
    0.8854   -0.3280   -0.3292
...    90 C-G ...
  -71.5621 -138.3824  156.6076
   -0.4836   -0.3386   -0.8072
    0.1146    0.8897   -0.4419
    0.8678   -0.3061   -0.3915
...    91 T-A ...
  -68.6076 -139.7637  155.4804
   -0.3938    0.2558   -0.8829
    0.3565    0.9278    0.1098
    0.8473   -0.2715   -0.4565
...    92 T-A ...
  -66.0117 -140.7281  153.8970
   -0.2118    0.7481   -0.6289
    0.5302    0.6286    0.5691
    0.8210   -0.2129   -0.5297
...    93 C-G ...
  -63.4601 -141.2878  151.9131
    0.0247    0.9917   -0.1266
    0.5832    0.0885    0.8075
    0.8120   -0.0938   -0.5761
...    94 C-G ...
  -60.8766 -141.2556  149.5259
    0.2683    0.8768    0.3989
    0.5105   -0.4806    0.7130
    0.8169    0.0123   -0.5766
...    95 T-A ...
  -58.2341 -140.7790  147.6618
    0.4472    0.4885    0.7493
    0.3480   -0.8667    0.3574
    0.8240    0.1009   -0.5576
...    96 C-G ...
  -55.2473 -140.2145  146.3407
    0.5457   -0.1075    0.8311
    0.0975   -0.9769   -0.1904
    0.8323    0.1849   -0.5226
...    97 A-T ...
  -52.4967 -139.3661  144.5550
    0.4471   -0.6482    0.6163
   -0.1540   -0.7345   -0.6609
    0.8811    0.2006   -0.4283
...    98 T-A ...
  -49.4904 -138.4091  143.5750
    0.3057   -0.9367    0.1708
   -0.3662   -0.2813   -0.8870
    0.8789    0.2086   -0.4289
...    99 G-C ...
  -46.4769 -137.5228  142.2227
    0.0060   -0.9016   -0.4325
   -0.5117    0.3688   -0.7759
    0.8591    0.2260   -0.4592
...   100 T-A ...
  -43.2982 -136.9869  141.1174
   -0.2665   -0.5255   -0.8079
   -0.4580    0.8066   -0.3736
    0.8481    0.2704   -0.4557
...   101 T-A ...
  -40.5117 -136.2523  139.7242
   -0.5052    0.0406   -0.8620
   -0.2368    0.9540    0.1837
    0.8299    0.2970   -0.4724
...   102 A-T ...
  -37.8034 -134.8654  138.2527
   -0.6001    0.5969   -0.5325
    0.1182    0.7246    0.6790
    0.7911    0.3445   -0.5054
...   103 T-A ...
  -35.5144 -134.1028  136.0584
   -0.4714    0.8776   -0.0876
    0.4151    0.3084    0.8559
    0.7781    0.3671   -0.5096
...   104 A-T ...
  -32.8464 -132.7062  134.5659
   -0.1849    0.8548    0.4849
    0.6485   -0.2646    0.7138
    0.7385    0.4464   -0.5054
...   105 A-T ...
  -30.6811 -131.0427  132.9215
    0.1995    0.5315    0.8232
    0.6648   -0.6906    0.2848
    0.7199    0.4904   -0.4912
...   106 C-G ...
  -28.6644 -128.7339  131.3412
    0.5463    0.0498    0.8361
    0.4483   -0.8606   -0.2416
    0.7076    0.5068   -0.4925
...   107 G-C ...
  -26.1363 -127.2801  129.7990
    0.7073   -0.5001    0.4996
    0.0481   -0.6710   -0.7399
    0.7052    0.5474   -0.4506
...   108 G-C ...
  -23.6861 -125.4528  128.5087
    0.5683   -0.8219    0.0395
   -0.3270   -0.2696   -0.9057
    0.7550    0.5018   -0.4220
...   109 A-T ...
  -21.2598 -123.7116  127.0687
    0.2473   -0.8076   -0.5354
   -0.6219    0.2915   -0.7268
    0.7430    0.5127   -0.4302
...   110 G-C ...
  -18.7449 -122.0167  125.7920
   -0.1662   -0.5404   -0.8248
   -0.6714    0.6746   -0.3067
    0.7222    0.5028   -0.4750
...   111 G-C ...
  -16.1372 -120.4114  124.1828
   -0.5841   -0.0700   -0.8087
   -0.4535    0.8544    0.2536
    0.6732    0.5149   -0.5308
...   112 C-G ...
  -13.8842 -119.1329  122.0685
   -0.7751    0.3978   -0.4908
   -0.0421    0.7426    0.6684
    0.6304    0.5388   -0.5589
...   113 T-A ...
  -11.9076 -117.4157  120.0102
   -0.7202    0.6937   -0.0075
    0.3986    0.4226    0.8140
    0.5679    0.5832   -0.5809
...   114 C-G ...
  -10.1443 -115.2430  118.2526
   -0.3653    0.7842    0.5016
    0.7820   -0.0338    0.6224
    0.5050    0.6196   -0.6009
...   115 G-C ...
   -8.0955 -113.1446  116.6337
    0.1421    0.5586    0.8172
    0.8708   -0.4630    0.1651
    0.4706    0.6882   -0.5522
...   116 T-A ...
   -7.0346 -110.2823  115.1739
    0.5814    0.1830    0.7928
    0.6554   -0.6827   -0.3230
    0.4821    0.7074   -0.5168
...   117 A-T ...
   -5.5342 -107.5835  113.7230
    0.8453   -0.2912    0.4480
    0.1808   -0.6331   -0.7527
    0.5028    0.7172   -0.4825
...   118 T-A ...
   -3.9309 -104.8658  112.7608
    0.8274   -0.5610   -0.0284
   -0.2933   -0.3884   -0.8736
    0.4790    0.7311   -0.4858
...   119 A-T ...
   -2.6108 -102.2697  110.8431
    0.4255   -0.6300   -0.6496
   -0.7935    0.0853   -0.6026
    0.4351    0.7719   -0.4636
...   120 A-T ...
   -0.9373  -99.8143  109.5062
   -0.1214   -0.4671   -0.8758
   -0.8962    0.4309   -0.1056
    0.4267    0.7721   -0.4710
...   121 T-A ...
    0.9827  -97.6197  107.8816
   -0.5817   -0.1615   -0.7972
   -0.6941    0.6096    0.3829
    0.4241    0.7761   -0.4667
...   122 G-C ...
    2.3932  -94.9299  106.1843
   -0.9198    0.1833   -0.3470
   -0.1809    0.5867    0.7893
    0.3482    0.7888   -0.5065
...   123 T-A ...
    3.3976  -92.5773  104.1145
   -0.8843    0.4482    0.1307
    0.3308    0.4041    0.8528
    0.3294    0.7974   -0.5056
...   124 G-C ...
    4.3894  -89.8173  102.4264
   -0.5270    0.5447    0.6524
    0.8080    0.0834    0.5832
    0.2633    0.8345   -0.4841
...   125 T-A ...
    4.7656  -87.1235  100.7025
   -0.0246    0.4679    0.8834
    0.9683   -0.2085    0.1374
    0.2485    0.8589   -0.4479
...   126 C-G ...
    5.5074  -84.3130   99.3906
    0.5624    0.2560    0.7862
    0.7938   -0.4334   -0.4267
    0.2315    0.8641   -0.4470
...   127 G-C ...
    6.7700  -81.7099   97.6781
    0.8784   -0.1323    0.4592
    0.3530   -0.4681   -0.8101
    0.3221    0.8737   -0.3645
...   128 A-T ...
    7.6884  -78.8781   96.5287
    0.9139   -0.3883   -0.1182
   -0.2497   -0.3084   -0.9179
    0.3200    0.8684   -0.3788
...   129 C-G ...
    9.0288  -75.8901   96.0151
    0.6185   -0.5284   -0.5816
   -0.7031   -0.0415   -0.7099
    0.3510    0.8480   -0.3972
...   130 C-G ...
   10.6912  -73.2081   94.7136
    0.0966   -0.5474   -0.8313
   -0.9128    0.2843   -0.2932
    0.3968    0.7871   -0.4722
...   131 A-T ...
   11.2096  -70.2199   93.0905
   -0.5074   -0.3160   -0.8016
   -0.7765    0.5711    0.2664
    0.3736    0.7576   -0.5352
...   132 A-T ...
   12.4533  -67.8384   91.1989
   -0.8698    0.0775   -0.4873
   -0.3234    0.6563    0.6816
    0.3727    0.7505   -0.5458
...   133 A-T ...
   13.7377  -65.6336   89.1284
   -0.8728    0.4880   -0.0054
    0.2587    0.4719    0.8428
    0.4139    0.7342   -0.5381
...   134 T-A ...
   14.7385  -63.4259   86.8199
   -0.5923    0.6747    0.4404
    0.6886    0.1401    0.7115
    0.4183    0.7247   -0.5475
...   135 G-C ...
   15.7317  -61.4929   83.9330
    0.0341    0.7400    0.6717
    0.8636   -0.3601    0.3528
    0.5030    0.5681   -0.6514
...   136 T-A ...
   15.7848  -59.5605   80.7992
    0.5517    0.4998    0.6677
    0.6739   -0.7388   -0.0038
    0.4915    0.4520   -0.7444
...   137 G-C ...
   16.8386  -57.7219   78.2676
    0.8528   -0.0848    0.5153
    0.1507   -0.9048   -0.3983
    0.5000    0.4173   -0.7588
...   138 A-T ...
   18.4283  -55.5287   76.5299
    0.8547   -0.5006    0.1371
   -0.3188   -0.7148   -0.6224
    0.4096    0.4883   -0.7706
...   139 G-C ...
   20.4259  -54.3094   74.5420
    0.5847   -0.7389   -0.3347
   -0.7593   -0.3533   -0.5465
    0.2856    0.5737   -0.7676
...   140 C-G ...
   21.4270  -51.8266   72.7876
    0.1304   -0.7144   -0.6875
   -0.8897    0.2216   -0.3991
    0.4375    0.6637   -0.6067
...   141 G-C ...
   22.1521  -50.1495   67.4640
   -0.4682   -0.8748    0.1248
   -0.8494    0.4066   -0.3364
    0.2435   -0.2635   -0.9334
...   142 C-G ...
   22.3489  -51.2414   64.4933
   -0.8528   -0.5119   -0.1032
   -0.4975    0.8565   -0.1374
    0.1587   -0.0659   -0.9851
...   143 T-A ...
   24.0166  -51.6379   61.9248
   -0.9562    0.0401   -0.2898
    0.0524    0.9980   -0.0348
    0.2878   -0.0485   -0.9564
...   144 C-G ...
   24.8958  -52.7396   58.9873
   -0.7529    0.5560   -0.3520
    0.5214    0.8304    0.1965
    0.4016   -0.0356   -0.9151
...   145 A-T ...
   25.5276  -52.9804   55.8053
   -0.2442    0.9563   -0.1610
    0.8906    0.2869    0.3528
    0.3836   -0.0573   -0.9217
...   146 C-G ...
   25.2778  -52.5123   52.0796
    0.3204    0.9427   -0.0929
    0.8825   -0.2614    0.3909
    0.3443   -0.2072   -0.9157
...   147 A-T ...
   25.6239  -52.5941   48.6396
    0.8597    0.5097    0.0339
    0.4496   -0.7865    0.4233
    0.2424   -0.3487   -0.9053
