  147 base-pairs
...     1 T-A ...
    0.0000    0.0000    0.0000
    1.0000    0.0000    0.0000
    0.0000    1.0000    0.0000
    0.0000    0.0000    1.0000
...     2 G-C ...
   -0.5555   -1.1003    3.3981
    0.7749    0.6051    0.1828
   -0.5991    0.7953   -0.0929
   -0.2016   -0.0375    0.9787
...     3 T-A ...
   -0.6619   -3.0237    6.5348
    0.3046    0.9250    0.2271
   -0.8994    0.3578   -0.2510
   -0.3134   -0.1278    0.9410
...     4 G-C ...
   -1.1607   -3.8418    9.6940
   -0.3351    0.9421    0.0133
   -0.8752   -0.3061   -0.3746
   -0.3489   -0.1372    0.9271
...     5 A-T ...
   -1.3881   -3.6770   12.8999
   -0.7835    0.6162   -0.0801
   -0.5677   -0.7622   -0.3109
   -0.2527   -0.1981    0.9470
...     6 G-C ...
   -2.6236   -3.5448   15.7072
   -0.9923    0.0611   -0.1075
   -0.0294   -0.9610   -0.2748
   -0.1201   -0.2695    0.9555
...     7 C-G ...
   -2.3138   -3.7570   18.8866
   -0.8620   -0.4995   -0.0864
    0.5008   -0.8655    0.0073
   -0.0785   -0.0370    0.9962
...     8 G-C ...
   -3.9561   -6.8109   23.3205
   -0.2581   -0.3560   -0.8981
    0.6294   -0.7673    0.1233
   -0.7330   -0.5335    0.4221
...     9 C-G ...
   -6.1177   -8.9414   24.2385
    0.1143   -0.7320   -0.6716
    0.8123   -0.3203    0.4874
   -0.5720   -0.6013    0.5580
...    10 T-A ...
   -8.5041   -9.6771   26.0540
    0.4660   -0.8587   -0.2131
    0.6274    0.1508    0.7640
   -0.6239   -0.4897    0.6090
...    11 C-G ...
  -11.0625  -11.3174   27.2336
    0.6660   -0.6911    0.2808
    0.3382    0.6152    0.7121
   -0.6649   -0.3794    0.6435
...    12 A-T ...
  -13.0013  -13.1789   29.0658
    0.7188   -0.1490    0.6790
   -0.1787    0.9043    0.3876
   -0.6718   -0.4000    0.6235
...    13 C-G ...
  -14.1788  -15.9359   31.3399
    0.4052    0.2865    0.8682
   -0.5270    0.8492   -0.0343
   -0.7470   -0.4437    0.4951
...    14 A-T ...
  -15.9532  -18.1566   33.3080
   -0.1503    0.6873    0.7107
   -0.6106    0.5008   -0.6135
   -0.7776   -0.5261    0.3444
...    15 A-T ...
  -18.3957  -19.8290   34.6245
   -0.4483    0.8690    0.2093
   -0.4195    0.0022   -0.9077
   -0.7893   -0.4948    0.3636
...    16 T-A ...
  -20.7781  -21.2021   36.4227
   -0.5841    0.7555   -0.2968
   -0.1381   -0.4528   -0.8809
   -0.7999   -0.4735    0.3688
...    17 T-A ...
  -23.4084  -22.5345   37.7925
   -0.5518    0.3475   -0.7581
    0.2168   -0.8180   -0.5328
   -0.8053   -0.4584    0.3761
...    18 T-A ...
  -26.1285  -23.7597   39.1082
   -0.3350   -0.2152   -0.9173
    0.4933   -0.8695    0.0239
   -0.8028   -0.4445    0.3974
...    19 A-T ...
  -28.5413  -25.6002   40.6970
    0.0370   -0.7651   -0.6428
    0.5949   -0.5000    0.6293
   -0.8029   -0.4057    0.4367
...    20 T-A ...
  -31.5574  -26.6690   41.6040
    0.3235   -0.9245   -0.2015
    0.4910   -0.0180    0.8709
   -0.8088   -0.3807    0.4482
...    21 T-A ...
  -34.3410  -27.8715   42.8197
    0.5222   -0.7652    0.3766
    0.2155    0.5456    0.8099
   -0.8252   -0.3418    0.4498
...    22 C-G ...
  -37.1034  -29.0142   44.2456
    0.5613   -0.2636    0.7845
   -0.1402    0.9039    0.4040
   -0.8157   -0.3368    0.4704
...    23 G-C ...
  -39.9739  -29.6834   45.9369
    0.4629    0.3460    0.8161
   -0.4419    0.8882   -0.1259
   -0.7684   -0.3024    0.5641
...    24 C-G ...
  -42.2592  -30.9720   47.9886
    0.1777    0.7990    0.5745
   -0.6281    0.5415   -0.5588
   -0.7576   -0.2615    0.5981
...    25 A-T ...
  -44.9449  -31.6434   49.8970
   -0.1392    0.9878    0.0705
   -0.6374   -0.0349   -0.7697
   -0.7578   -0.1520    0.6345
...    26 A-T ...
  -47.2881  -31.9913   52.1191
   -0.4739    0.7848   -0.3995
   -0.4442   -0.6048   -0.6610
   -0.7603   -0.1358    0.6352
...    27 A-T ...
  -49.7116  -32.1864   54.2794
   -0.6424    0.2838   -0.7119
   -0.0913   -0.9506   -0.2966
   -0.7610   -0.1256    0.6365
...    28 G-C ...
  -52.3366  -32.2535   56.3520
   -0.5448   -0.2776   -0.7913
    0.2583   -0.9533    0.1566
   -0.7978   -0.1191    0.5910
...    29 G-C ...
  -55.2410  -32.4462   58.1172
   -0.2489   -0.7576   -0.6034
    0.4966   -0.6347    0.5921
   -0.8315   -0.1522    0.5342
...    30 C-G ...
  -58.2477  -32.8125   59.5526
    0.1021   -0.9783   -0.1801
    0.5412   -0.0973    0.8353
   -0.8347   -0.1827    0.5195
...    31 C-G ...
  -61.1896  -33.5459   61.0782
    0.4478   -0.8465    0.2879
    0.3741    0.4698    0.7996
   -0.8121   -0.2504    0.5271
...    32 G-C ...
  -63.7739  -34.1238   63.2013
    0.6577   -0.3878    0.6458
    0.0292    0.8698    0.4925
   -0.7527   -0.3050    0.5834
...    33 G-C ...
  -66.2298  -35.3766   65.1583
    0.6182    0.1947    0.7616
   -0.3573    0.9326    0.0516
   -0.7002   -0.3040    0.6460
...    34 C-G ...
  -68.2834  -36.7043   67.4249
    0.3416    0.6974    0.6301
   -0.6503    0.6594   -0.3773
   -0.6786   -0.2808    0.6787
...    35 C-G ...
  -70.3409  -37.5932   69.9603
   -0.0293    0.9670    0.2532
   -0.7492    0.1464   -0.6460
   -0.6617   -0.2086    0.7201
...    36 C-G ...
  -72.4109  -38.0412   72.6087
   -0.3938    0.8950   -0.2094
   -0.6235   -0.4275   -0.6546
   -0.6754   -0.1272    0.7264
...    37 G-C ...
  -74.9754  -38.5506   74.7654
   -0.6129    0.4909   -0.6192
   -0.3053   -0.8699   -0.3874
   -0.7288   -0.0484    0.6830
...    38 A-T ...
  -77.3914  -38.5916   77.0188
   -0.6535   -0.1354   -0.7447
    0.1228   -0.9898    0.0722
   -0.7469   -0.0443    0.6635
...    39 C-G ...
  -80.0466  -38.1440   78.9963
   -0.4642   -0.6480   -0.6039
    0.4503   -0.7597    0.4691
   -0.7627   -0.0542    0.6445
...    40 A-T ...
  -82.5081  -38.4775   81.2582
   -0.0373   -0.9623   -0.2695
    0.6185   -0.2341    0.7501
   -0.7849   -0.1388    0.6039
...    41 C-G ...
  -85.4609  -38.9548   82.7176
    0.3268   -0.9317    0.1586
    0.5326    0.3202    0.7835
   -0.7808   -0.1715    0.6008
...    42 G-C ...
  -87.8490  -39.4391   85.0756
    0.6577   -0.5529    0.5116
    0.2200    0.7906    0.5714
   -0.7204   -0.2632    0.6416
...    43 A-T ...
  -90.1814  -40.3994   87.1971
    0.6799    0.0463    0.7319
   -0.2341    0.9595    0.1568
   -0.6950   -0.2779    0.6632
...    44 C-G ...
  -92.1498  -41.8735   89.4423
    0.4610    0.5642    0.6849
   -0.5771    0.7770   -0.2516
   -0.6742   -0.2793    0.6838
...    45 T-A ...
  -94.1198  -42.8654   91.9478
    0.0947    0.9108    0.4017
   -0.7565    0.3282   -0.5657
   -0.6471   -0.2503    0.7201
...    46 T-A ...
  -96.0139  -43.7200   94.4625
   -0.3919    0.9200    0.0086
   -0.6620   -0.2755   -0.6970
   -0.6389   -0.2788    0.7170
...    47 A-T ...
  -98.4023  -44.9873   96.5531
   -0.7554    0.4958   -0.4284
   -0.2265   -0.8111   -0.5393
   -0.6148   -0.3104    0.7250
...    48 C-G ...
 -100.4388  -45.4109   99.1830
   -0.7478   -0.0206   -0.6636
    0.2215   -0.9500   -0.2202
   -0.6259   -0.3116    0.7150
...    49 T-A ...
 -102.7180  -46.1811  101.5093
   -0.4674   -0.5208   -0.7143
    0.5932   -0.7839    0.1834
   -0.6554   -0.3381    0.6754
...    50 G-C ...
 -104.8330  -47.5172  103.7506
    0.0380   -0.8380   -0.5443
    0.7459   -0.3387    0.5735
   -0.6650   -0.4277    0.6122
...    51 T-A ...
 -107.4316  -48.8788  105.2902
    0.4624   -0.8674   -0.1839
    0.6096    0.1604    0.7763
   -0.6438   -0.4711    0.6030
...    52 A-T ...
 -109.4705  -50.5212  107.3887
    0.7957   -0.5477    0.2585
    0.1905    0.6315    0.7517
   -0.5749   -0.5489    0.6068
...    53 G-C ...
 -111.2674  -52.6077  109.2464
    0.8144   -0.0732    0.5757
   -0.2889    0.8093    0.5115
   -0.5033   -0.5829    0.6379
...    54 G-C ...
 -112.5749  -54.7636  111.4979
    0.5497    0.4388    0.7108
   -0.7210    0.6790    0.1384
   -0.4219   -0.5886    0.6896
...    55 T-A ...
 -113.3738  -56.9609  113.8741
    0.0748    0.7451    0.6627
   -0.9128    0.3188   -0.2554
   -0.4016   -0.5858    0.7040
...    56 A-T ...
 -115.3179  -58.9522  115.9182
   -0.5950    0.7149    0.3673
   -0.7168   -0.2654   -0.6448
   -0.3635   -0.6469    0.6704
...    57 T-A ...
 -116.1082  -60.7625  118.6007
   -0.8967    0.4427   -0.0054
   -0.2903   -0.5972   -0.7477
   -0.3343   -0.6689    0.6640
...    58 C-G ...
 -117.1818  -62.9168  120.8883
   -0.8862   -0.0198   -0.4629
    0.3284   -0.7315   -0.5975
   -0.3268   -0.6816    0.6548
...    59 T-A ...
 -118.4826  -64.9966  123.1690
   -0.5428   -0.3863   -0.7457
    0.7670   -0.5898   -0.2528
   -0.3421   -0.7092    0.6164
...    60 C-G ...
 -119.6439  -67.2623  125.2729
    0.0444   -0.6270   -0.7777
    0.9461   -0.2237    0.2344
   -0.3209   -0.7462    0.5833
...    61 G-C ...
 -120.4021  -69.8087  127.3687
    0.6121   -0.5131   -0.6017
    0.7582    0.1645    0.6310
   -0.2248   -0.8424    0.4898
...    62 A-T ...
 -121.1140  -72.6104  128.8848
    0.9557   -0.2502   -0.1550
    0.2511    0.4182    0.8730
   -0.1536   -0.8732    0.4625
...    63 G-C ...
 -121.4535  -75.6524  130.1378
    0.9522    0.0999    0.2886
   -0.3019    0.4507    0.8401
   -0.0462   -0.8871    0.4593
...    64 C-G ...
 -121.0846  -78.6965  131.4066
    0.6265    0.3774    0.6820
   -0.7789    0.2725    0.5648
    0.0273   -0.8851    0.4647
...    65 T-A ...
 -120.5619  -81.5837  132.9742
    0.0936    0.4995    0.8612
   -0.9909   -0.0370    0.1292
    0.0964   -0.8655    0.4915
...    66 C-G ...
 -120.1385  -84.3253  134.7832
   -0.5322    0.3552    0.7685
   -0.8362   -0.3626   -0.4114
    0.1325   -0.8616    0.4900
...    67 G-C ...
 -120.1181  -87.3944  136.2146
   -0.9297    0.0821    0.3589
   -0.3462   -0.5268   -0.7763
    0.1254   -0.8460    0.5182
...    68 G-C ...
 -119.5971  -90.1472  138.1523
   -0.9628   -0.2094   -0.1708
    0.2516   -0.4638   -0.8494
    0.0986   -0.8608    0.4993
...    69 G-C ...
 -119.1804  -92.9286  140.0790
   -0.6537   -0.3816   -0.6535
    0.7518   -0.2290   -0.6184
    0.0863   -0.8955    0.4366
...    70 A-T ...
 -118.8489  -95.7842  141.6785
   -0.0792   -0.3982   -0.9139
    0.9898    0.0774   -0.1195
    0.1183   -0.9140    0.3880
...    71 T-A ...
 -119.0861  -98.8373  142.8297
    0.4292   -0.2678   -0.8626
    0.8917    0.2776    0.3575
    0.1438   -0.9226    0.3579
...    72 C-G ...
 -118.6088 -101.8762  143.9178
    0.8521    0.0334   -0.5223
    0.4751    0.3696    0.7986
    0.2197   -0.9286    0.2990
...    73 T-A ...
 -117.7594 -105.0038  144.5133
    0.9419    0.3317   -0.0524
   -0.0318    0.2435    0.9694
    0.3343   -0.9114    0.2399
...    74 C-G ...
 -116.3595 -107.8600  145.2468
    0.7206    0.4648    0.5144
   -0.5570   -0.0536    0.8288
    0.4128   -0.8838    0.2203
...    75 A-T ...
 -114.9033 -110.6913  146.3032
    0.2243    0.4115    0.8834
   -0.8334   -0.3888    0.3927
    0.5051   -0.8243    0.2558
...    76 T-A ...
 -112.6360 -113.0116  147.0246
   -0.2307    0.1145    0.9663
   -0.8191   -0.5589   -0.1293
    0.5253   -0.8213    0.2227
...    77 G-C ...
 -111.2561 -115.9728  147.7197
   -0.6864   -0.2631    0.6780
   -0.4821   -0.5334   -0.6951
    0.5445   -0.8039    0.2393
...    78 T-A ...
 -109.2155 -118.3538  149.0331
   -0.8232   -0.5369    0.1845
   -0.0303   -0.2829   -0.9587
    0.5669   -0.7948    0.2166
...    79 T-A ...
 -107.2787 -120.8017  150.0295
   -0.6362   -0.6469   -0.4205
    0.4452    0.1373   -0.8848
    0.6301   -0.7501    0.2006
...    80 A-T ...
 -104.7183 -123.0107  150.4628
   -0.1909   -0.3945   -0.8989
    0.7176    0.5687   -0.4020
    0.6698   -0.7217    0.1745
...    81 T-A ...
 -103.0262 -125.7421  151.1117
    0.1838   -0.0214   -0.9827
    0.7030    0.7016    0.1162
    0.6870   -0.7123    0.1440
...    82 A-T ...
 -100.7227 -128.1628  151.3312
    0.4123    0.5094   -0.7553
    0.4979    0.5683    0.6550
    0.7630   -0.6462   -0.0194
...    83 A-T ...
  -98.2422 -130.1956  151.0472
    0.5578    0.7921   -0.2479
    0.2020    0.1601    0.9662
    0.8050   -0.5891   -0.0707
...    84 C-G ...
  -95.5968 -131.9096  150.1396
    0.5276    0.7919    0.3074
   -0.0845   -0.3112    0.9466
    0.8453   -0.5254   -0.0973
...    85 G-C ...
  -92.5114 -133.3499  150.3283
    0.2941    0.5155    0.8049
   -0.2595   -0.7674    0.5863
    0.9199   -0.3812   -0.0919
...    86 G-C ...
  -89.1837 -134.1407  150.3148
    0.0541   -0.0020    0.9985
   -0.3065   -0.9518    0.0147
    0.9503   -0.3069   -0.0521
...    87 A-T ...
  -85.9629 -135.0315  150.2609
   -0.1159   -0.6113    0.7829
   -0.2527   -0.7441   -0.6184
    0.9606   -0.2695   -0.0682
...    88 C-G ...
  -82.6068 -135.5360  150.5380
   -0.2088   -0.9317    0.2973
   -0.1488   -0.2702   -0.9512
    0.9666   -0.2428   -0.0822
...    89 G-C ...
  -79.3688 -136.1301  149.6543
   -0.2942   -0.8939   -0.3383
   -0.0299    0.3623   -0.9316
    0.9553   -0.2639   -0.1333
...    90 C-G ...
  -76.1301 -137.0481  149.5940
   -0.2932   -0.5163   -0.8047
    0.1054    0.8191   -0.5639
    0.9502   -0.2502   -0.1857
...    91 T-A ...
  -73.0243 -138.0953  148.9883
   -0.2639    0.0400   -0.9637
    0.2288    0.9732   -0.0223
    0.9370   -0.2264   -0.2660
...    92 T-A ...
  -70.0449 -138.9322  148.0590
   -0.1406    0.6065   -0.7825
    0.3323    0.7734    0.5398
    0.9326   -0.1842   -0.3103
...    93 T-A ...
  -67.0986 -139.5138  146.8837
    0.0065    0.9509   -0.3094
    0.3680    0.2854    0.8850
    0.9298   -0.1196   -0.3480
...    94 A-T ...
  -64.0056 -139.5354  145.5857
    0.0786    0.9455    0.3159
    0.3622   -0.3223    0.8746
    0.9288    0.0457   -0.3678
...    95 A-T ...
  -61.0648 -139.1289  144.2797
    0.2588    0.5780    0.7739
    0.2828   -0.8114    0.5115
    0.9236    0.0865   -0.3735
...    96 C-G ...
  -58.1472 -138.1270  142.9606
    0.3626    0.0394    0.9311
    0.1330   -0.9911   -0.0099
    0.9224    0.1274   -0.3646
...    97 A-T ...
  -55.0143 -137.9853  141.7819
    0.3440   -0.5791    0.7391
   -0.0767   -0.8019   -0.5926
    0.9358    0.1472   -0.3202
...    98 C-G ...
  -51.7986 -137.0608  141.2148
    0.2622   -0.9248    0.2758
   -0.2529   -0.3416   -0.9052
    0.9313    0.1676   -0.3234
...    99 T-A ...
  -48.5869 -136.4710  140.4040
    0.0631   -0.9565   -0.2848
   -0.3651    0.2434   -0.8986
    0.9288    0.1606   -0.3339
...   100 T-A ...
  -45.4717 -135.9393  139.5722
   -0.1374   -0.6078   -0.7822
   -0.3625    0.7657   -0.5313
    0.9218    0.2105   -0.3255
...   101 T-A ...
  -42.4064 -135.3848  138.6315
   -0.3296   -0.0314   -0.9436
   -0.2333    0.9712    0.0492
    0.9148    0.2363   -0.3274
...   102 A-T ...
  -39.3935 -134.2593  137.5897
   -0.4770    0.5641   -0.6740
    0.0279    0.7761    0.6299
    0.8785    0.2817   -0.3859
...   103 T-A ...
  -36.7057 -133.6892  135.8086
   -0.4226    0.8744   -0.2382
    0.2753    0.3743    0.8855
    0.8635    0.3086   -0.3989
...   104 G-C ...
  -33.8685 -132.2812  134.6319
   -0.2846    0.8812    0.3775
    0.5177   -0.1902    0.8342
    0.8069    0.4328   -0.4020
...   105 C-G ...
  -31.5401 -130.4243  133.1071
    0.0196    0.5974    0.8017
    0.6220   -0.6351    0.4580
    0.7828    0.4897   -0.3840
...   106 T-A ...
  -29.1315 -128.4218  131.9172
    0.3297    0.1156    0.9370
    0.5450   -0.8337   -0.0889
    0.7709    0.5400   -0.3379
...   107 T-A ...
  -26.7734 -126.4072  130.8854
    0.6243   -0.3880    0.6781
    0.2376   -0.7326   -0.6379
    0.7442    0.5593   -0.3651
...   108 C-G ...
  -24.2850 -124.4941  129.7825
    0.6433   -0.7547    0.1287
   -0.2000   -0.3279   -0.9233
    0.7390    0.5683   -0.3619
...   109 C-G ...
  -21.6840 -122.5399  128.7726
    0.3721   -0.8310   -0.4136
   -0.5321    0.1741   -0.8286
    0.7605    0.5284   -0.3773
...   110 G-C ...
  -19.4736 -120.4783  127.1892
   -0.0806   -0.6046   -0.7924
   -0.6585    0.6291   -0.4130
    0.7482    0.4886   -0.4489
...   111 G-C ...
  -16.8313 -118.9147  125.7585
   -0.5039   -0.1764   -0.8456
   -0.5007    0.8573    0.1196
    0.7038    0.4837   -0.5203
...   112 C-G ...
  -14.3715 -117.6715  123.8820
   -0.7373    0.3098   -0.6004
   -0.1307    0.8064    0.5767
    0.6628    0.5037   -0.5540
...   113 T-A ...
  -12.3376 -116.1011  121.7655
   -0.7385    0.6600   -0.1378
    0.3115    0.5153    0.7984
    0.5979    0.5467   -0.5862
...   114 C-G ...
  -10.5135 -114.2062  119.7880
   -0.4279    0.8104    0.4003
    0.7081    0.0253    0.7057
    0.5617    0.5854   -0.5846
...   115 G-C ...
   -8.4556 -112.0167  118.1936
    0.0035    0.6052    0.7960
    0.8595   -0.4086    0.3069
    0.5111    0.6831   -0.5217
...   116 T-A ...
   -7.3039 -109.3528  116.5352
    0.4613    0.2670    0.8461
    0.7260   -0.6619   -0.1869
    0.5101    0.7005   -0.4991
...   117 A-T ...
   -5.3623 -107.2831  114.6333
    0.8400   -0.2203    0.4958
    0.2391   -0.6699   -0.7029
    0.4870    0.7090   -0.5101
...   118 T-A ...
   -3.8221 -104.5560  113.5287
    0.8485   -0.5277    0.0393
   -0.2426   -0.4539   -0.8574
    0.4703    0.7180   -0.5132
...   119 A-T ...
   -2.6536 -102.1771  111.3353
    0.4822   -0.6640   -0.5715
   -0.7609    0.0058   -0.6488
    0.4342    0.7477   -0.5024
...   120 A-T ...
   -1.0502  -99.7602  109.8439
   -0.0600   -0.5121   -0.8568
   -0.9040    0.3918   -0.1710
    0.4233    0.7643   -0.4865
...   121 T-A ...
    0.8943  -97.6180  108.2446
   -0.5247   -0.2261   -0.8207
   -0.7397    0.5983    0.3081
    0.4213    0.7688   -0.4811
...   122 G-C ...
    1.9870  -94.8311  106.7025
   -0.8971    0.1130   -0.4271
   -0.2669    0.6317    0.7278
    0.3521    0.7669   -0.5366
...   123 T-A ...
    3.0506  -92.6499  104.4207
   -0.9078    0.4156    0.0562
    0.2674    0.4705    0.8409
    0.3231    0.7784   -0.5383
...   124 G-C ...
    4.0745  -89.8218  102.9056
   -0.5927    0.5438    0.5942
    0.7666    0.1546    0.6232
    0.2471    0.8249   -0.5085
...   125 T-A ...
    4.2641  -87.0550  101.0431
   -0.0841    0.5170    0.8518
    0.9675   -0.1622    0.1940
    0.2385    0.8405   -0.4866
...   126 C-G ...
    4.9656  -84.2025   99.5195
    0.5191    0.2892    0.8043
    0.8197   -0.4350   -0.3726
    0.2420    0.8527   -0.4629
...   127 G-C ...
    6.1235  -81.4757   97.8510
    0.8736   -0.1043    0.4754
    0.3687   -0.4958   -0.7863
    0.3177    0.8622   -0.3946
...   128 A-T ...
    7.1634  -78.5807   96.6345
    0.9077   -0.4090   -0.0935
   -0.2402   -0.3239   -0.9151
    0.3440    0.8531   -0.3922
...   129 C-G ...
    8.5935  -75.6542   95.9048
    0.6194   -0.5428   -0.5672
   -0.6934   -0.0394   -0.7195
    0.3682    0.8389   -0.4008
...   130 C-G ...
   10.1046  -72.9102   94.6095
    0.0843   -0.5352   -0.8405
   -0.9125    0.2973   -0.2808
    0.4002    0.7907   -0.4633
...   131 A-T ...
   11.1446  -70.1573   92.9716
   -0.5138   -0.3166   -0.7974
   -0.7685    0.5829    0.2638
    0.3813    0.7483   -0.5428
...   132 A-T ...
   12.5011  -67.8779   91.0845
   -0.8666    0.0997   -0.4889
   -0.3105    0.6592    0.6849
    0.3905    0.7453   -0.5403
...   133 A-T ...
   13.7615  -65.5959   89.1285
   -0.8726    0.4885    0.0062
    0.2689    0.4696    0.8409
    0.4078    0.7354   -0.5411
...   134 T-A ...
   14.7385  -63.4257   86.8199
   -0.5923    0.6747    0.4404
    0.6886    0.1401    0.7115
    0.4183    0.7247   -0.5475
...   135 G-C ...
   15.7318  -61.4927   83.9330
    0.0341    0.7400    0.6717
    0.8636   -0.3601    0.3528
    0.5030    0.5681   -0.6514
...   136 T-A ...
   15.7849  -59.5603   80.7992
    0.5517    0.4998    0.6677
    0.6739   -0.7388   -0.0038
    0.4915    0.4520   -0.7444
...   137 G-C ...
   16.8386  -57.7217   78.2675
    0.8528   -0.0848    0.5153
    0.1507   -0.9048   -0.3983
    0.5000    0.4173   -0.7588
...   138 A-T ...
   18.4283  -55.5285   76.5299
    0.8547   -0.5006    0.1371
   -0.3188   -0.7148   -0.6224
    0.4096    0.4883   -0.7706
...   139 G-C ...
   20.4260  -54.3092   74.5420
    0.5847   -0.7389   -0.3347
   -0.7593   -0.3533   -0.5465
    0.2856    0.5737   -0.7676
...   140 C-G ...
   21.4270  -51.8264   72.7876
    0.1304   -0.7144   -0.6875
   -0.8897    0.2216   -0.3991
    0.4375    0.6637   -0.6067
...   141 G-C ...
   22.1522  -50.1493   67.4640
   -0.4682   -0.8748    0.1248
   -0.8494    0.4066   -0.3364
    0.2435   -0.2635   -0.9334
...   142 C-G ...
   22.3489  -51.2412   64.4933
   -0.8528   -0.5119   -0.1032
   -0.4975    0.8565   -0.1374
    0.1587   -0.0659   -0.9851
...   143 T-A ...
   24.0167  -51.6377   61.9248
   -0.9562    0.0401   -0.2898
    0.0524    0.9980   -0.0348
    0.2878   -0.0485   -0.9564
...   144 C-G ...
   24.8959  -52.7394   58.9873
   -0.7529    0.5560   -0.3520
    0.5214    0.8304    0.1965
    0.4016   -0.0356   -0.9151
...   145 A-T ...
   25.5276  -52.9801   55.8053
   -0.2442    0.9563   -0.1610
    0.8906    0.2869    0.3528
    0.3836   -0.0573   -0.9217
...   146 C-G ...
   25.2779  -52.5121   52.0796
    0.3204    0.9427   -0.0929
    0.8825   -0.2614    0.3909
    0.3443   -0.2072   -0.9157
...   147 A-T ...
   25.6239  -52.5938   48.6395
    0.8597    0.5097    0.0339
    0.4496   -0.7865    0.4233
    0.2424   -0.3487   -0.9053
