  147 base-pairs
...     1 T-A ...
    0.0000    0.0000    0.0000
    1.0000    0.0000    0.0000
    0.0000    1.0000    0.0000
    0.0000    0.0000    1.0000
...     2 G-C ...
   -0.5555   -1.1003    3.3981
    0.7749    0.6051    0.1828
   -0.5991    0.7953   -0.0929
   -0.2016   -0.0375    0.9787
...     3 T-A ...
   -0.6619   -3.0237    6.5348
    0.3046    0.9250    0.2271
   -0.8994    0.3578   -0.2510
   -0.3134   -0.1278    0.9410
...     4 G-C ...
   -1.1607   -3.8418    9.6940
   -0.3351    0.9421    0.0133
   -0.8752   -0.3061   -0.3746
   -0.3489   -0.1372    0.9271
...     5 A-T ...
   -1.3881   -3.6770   12.8999
   -0.7835    0.6162   -0.0801
   -0.5677   -0.7622   -0.3109
   -0.2527   -0.1981    0.9470
...     6 G-C ...
   -2.6236   -3.5448   15.7072
   -0.9923    0.0611   -0.1075
   -0.0294   -0.9610   -0.2748
   -0.1201   -0.2695    0.9555
...     7 C-G ...
   -2.3138   -3.7570   18.8866
   -0.8620   -0.4995   -0.0864
    0.5008   -0.8655    0.0073
   -0.0785   -0.0370    0.9962
...     8 G-C ...
   -3.9561   -6.8109   23.3205
   -0.2581   -0.3560   -0.8981
    0.6294   -0.7673    0.1233
   -0.7330   -0.5335    0.4221
...     9 C-G ...
   -6.1177   -8.9414   24.2385
    0.1143   -0.7320   -0.6716
    0.8123   -0.3203    0.4874
   -0.5720   -0.6013    0.5580
...    10 T-A ...
   -8.5041   -9.6771   26.0540
    0.4660   -0.8587   -0.2131
    0.6274    0.1508    0.7640
   -0.6239   -0.4897    0.6090
...    11 C-G ...
  -11.0625  -11.3174   27.2336
    0.6660   -0.6911    0.2808
    0.3382    0.6152    0.7121
   -0.6649   -0.3794    0.6435
...    12 A-T ...
  -13.0013  -13.1789   29.0658
    0.7188   -0.1490    0.6790
   -0.1787    0.9043    0.3876
   -0.6718   -0.4000    0.6235
...    13 C-G ...
  -14.1788  -15.9359   31.3399
    0.4052    0.2865    0.8682
   -0.5270    0.8492   -0.0343
   -0.7470   -0.4437    0.4951
...    14 A-T ...
  -15.9532  -18.1566   33.3080
   -0.1503    0.6873    0.7107
   -0.6106    0.5008   -0.6135
   -0.7776   -0.5261    0.3444
...    15 A-T ...
  -18.4920  -19.7881   34.5168
   -0.4485    0.8728    0.1924
   -0.4147   -0.0126   -0.9099
   -0.7918   -0.4878    0.3676
...    16 T-A ...
  -20.8877  -21.2247   36.4350
   -0.6279    0.7048   -0.3301
   -0.0952   -0.4905   -0.8662
   -0.7725   -0.5125    0.3750
...    17 T-A ...
  -23.4118  -22.6411   37.9885
   -0.5912    0.2533   -0.7657
    0.2980   -0.8136   -0.4992
   -0.7495   -0.5233    0.4056
...    18 T-A ...
  -25.9782  -24.1085   39.4071
   -0.3206   -0.2835   -0.9038
    0.5874   -0.8080    0.0451
   -0.7431   -0.5165    0.4256
...    19 A-T ...
  -28.3572  -26.0400   41.0688
    0.1217   -0.7939   -0.5957
    0.6594   -0.3840    0.6464
   -0.7419   -0.4714    0.4768
...    20 T-A ...
  -31.2418  -27.3412   42.1736
    0.4238   -0.8971   -0.1246
    0.5037    0.1191    0.8556
   -0.7527   -0.4254    0.5024
...    21 T-A ...
  -33.8219  -28.7619   43.5691
    0.6110   -0.6600    0.4371
    0.1498    0.6386    0.7548
   -0.7773   -0.3957    0.4890
...    22 C-G ...
  -36.4078  -30.0281   45.1922
    0.5981   -0.1310    0.7906
   -0.2521    0.9057    0.3408
   -0.7607   -0.4031    0.5087
...    23 G-C ...
  -39.2015  -30.7576   47.0128
    0.4743    0.4605    0.7504
   -0.5508    0.8201   -0.1551
   -0.6868   -0.3397    0.6426
...    24 C-G ...
  -41.2044  -32.1557   49.2087
    0.1556    0.8432    0.5145
   -0.7134    0.4562   -0.5319
   -0.6833   -0.2843    0.6725
...    25 A-T ...
  -43.8242  -32.9359   51.1304
   -0.2296    0.9724    0.0410
   -0.6797   -0.1300   -0.7219
   -0.6966   -0.1937    0.6908
...    26 A-T ...
  -46.0669  -33.3880   53.4858
   -0.5671    0.7199   -0.4001
   -0.4319   -0.6736   -0.5998
   -0.7013   -0.1674    0.6930
...    27 A-T ...
  -48.2211  -33.6406   55.9266
   -0.7191    0.1873   -0.6691
   -0.0172   -0.9675   -0.2523
   -0.6946   -0.1700    0.6990
...    28 G-C ...
  -50.7200  -33.7138   58.2285
   -0.5767   -0.3623   -0.7322
    0.3591   -0.9175    0.1712
   -0.7338   -0.1642    0.6592
...    29 G-C ...
  -53.4856  -34.0875   60.2790
   -0.2152   -0.8240   -0.5241
    0.6143   -0.5314    0.5833
   -0.7592   -0.1964    0.6206
...    30 C-G ...
  -56.2172  -34.6987   62.0211
    0.2023   -0.9717   -0.1221
    0.6152    0.0291    0.7878
   -0.7620   -0.2345    0.6037
...    31 C-G ...
  -58.9748  -35.3829   63.8615
    0.5593   -0.7686    0.3106
    0.3866    0.5732    0.7225
   -0.7333   -0.2840    0.6177
...    32 G-C ...
  -61.1259  -35.9979   66.0459
    0.7462   -0.3162    0.5859
    0.0180    0.8893    0.4570
   -0.6655   -0.3305    0.6693
...    33 G-C ...
  -63.0972  -37.3012   68.4344
    0.6673    0.2670    0.6953
   -0.4195    0.9061    0.0546
   -0.6155   -0.3281    0.7166
...    34 C-G ...
  -64.8760  -38.6285   70.8621
    0.3434    0.7499    0.5655
   -0.7287    0.5925   -0.3433
   -0.5925   -0.2942    0.7499
...    35 C-G ...
  -66.5562  -39.3954   73.7369
   -0.0932    0.9711    0.2199
   -0.8098    0.0545   -0.5842
   -0.5793   -0.2326    0.7813
...    36 C-G ...
  -68.3573  -39.9081   76.5557
   -0.5111    0.8368   -0.1964
   -0.6374   -0.5223   -0.5665
   -0.5766   -0.1644    0.8003
...    37 G-C ...
  -70.6343  -41.1955   78.7876
   -0.7417    0.3979   -0.5399
   -0.2331   -0.9078   -0.3487
   -0.6289   -0.1328    0.7661
...    38 A-T ...
  -72.5834  -41.5788   81.2820
   -0.7322   -0.2211   -0.6442
    0.2612   -0.9647    0.0343
   -0.6290   -0.1432    0.7641
...    39 C-G ...
  -74.9277  -41.6693   83.4937
   -0.4557   -0.6927   -0.5590
    0.5996   -0.7030    0.3824
   -0.6579   -0.1610    0.7357
...    40 A-T ...
  -77.2210  -42.3247   85.8907
    0.0396   -0.9616   -0.2714
    0.7444   -0.1528    0.6500
   -0.6665   -0.2278    0.7098
...    41 C-G ...
  -79.7030  -43.3572   87.8356
    0.4553   -0.8866    0.0816
    0.6023    0.3743    0.7051
   -0.6556   -0.2719    0.7044
...    42 G-C ...
  -81.5874  -44.0163   90.5228
    0.7679   -0.4635    0.4422
    0.1886    0.8233    0.5354
   -0.6122   -0.3277    0.7196
...    43 A-T ...
  -83.5984  -45.0772   92.7545
    0.7306    0.1203    0.6722
   -0.3007    0.9405    0.1584
   -0.6131   -0.3179    0.7233
...    44 C-G ...
  -85.2828  -46.6808   95.1079
    0.4781    0.6246    0.6175
   -0.6621    0.7182   -0.2139
   -0.5771   -0.3066    0.7569
...    45 T-A ...
  -86.7743  -48.0103   98.1197
    0.0244    0.9378    0.3464
   -0.8230    0.2155   -0.5255
   -0.5674   -0.2723    0.7771
...    46 T-A ...
  -88.3957  -48.9145  100.7586
   -0.4332    0.9012    0.0110
   -0.6947   -0.3261   -0.6411
   -0.5742   -0.2854    0.7674
...    47 A-T ...
  -90.5331  -50.0388  103.1389
   -0.7804    0.4743   -0.4075
   -0.2480   -0.8330   -0.4946
   -0.5740   -0.2849    0.7677
...    48 C-G ...
  -92.4315  -50.3154  105.8860
   -0.7783   -0.0469   -0.6261
    0.2103   -0.9591   -0.1896
   -0.5916   -0.2792    0.7563
...    49 T-A ...
  -94.6929  -50.9086  108.3468
   -0.4886   -0.5399   -0.6854
    0.5889   -0.7837    0.1976
   -0.6438   -0.3070    0.7009
...    50 G-C ...
  -96.9242  -52.1489  110.5774
    0.0250   -0.8461   -0.5325
    0.7512   -0.3356    0.5685
   -0.6597   -0.4142    0.6272
...    51 T-A ...
  -99.3906  -53.4641  112.1692
    0.4429   -0.8747   -0.1969
    0.6237    0.1428    0.7685
   -0.6442   -0.4631    0.6088
...    52 A-T ...
 -101.3655  -55.1548  114.2891
    0.7893   -0.5656    0.2391
    0.2109    0.6154    0.7595
   -0.5766   -0.5491    0.6050
...    53 G-C ...
 -103.3069  -57.0469  116.0909
    0.8358   -0.1020    0.5395
   -0.2523    0.8013    0.5425
   -0.4876   -0.5895    0.6440
...    54 G-C ...
 -104.4986  -59.6839  118.2337
    0.5767    0.4204    0.7004
   -0.7049    0.6895    0.1666
   -0.4129   -0.5898    0.6940
...    55 T-A ...
 -105.3446  -61.7915  120.6130
    0.1148    0.7225    0.6817
   -0.9117    0.3492   -0.2166
   -0.3945   -0.5967    0.6988
...    56 A-T ...
 -106.3439  -63.7770  123.1884
   -0.4579    0.7952    0.3975
   -0.8020   -0.1766   -0.5707
   -0.3836   -0.5801    0.7185
...    57 T-A ...
 -107.0431  -65.4252  125.9725
   -0.8294    0.5559    0.0556
   -0.4279   -0.5682   -0.7029
   -0.3591   -0.6067    0.7092
...    58 C-G ...
 -108.2910  -67.2591  128.5401
   -0.9143    0.0657   -0.3997
    0.2030   -0.7795   -0.5926
   -0.3505   -0.6229    0.6994
...    59 T-A ...
 -109.7653  -69.1380  130.9272
   -0.6357   -0.3375   -0.6943
    0.6696   -0.6886   -0.2783
   -0.3842   -0.6418    0.6637
...    60 C-G ...
 -111.0708  -71.2558  133.2509
   -0.0934   -0.6561   -0.7489
    0.9231   -0.3389    0.1818
   -0.3731   -0.6743    0.6373
...    61 G-C ...
 -111.7660  -73.7396  135.4029
    0.4762   -0.5733   -0.6667
    0.8288    0.0393    0.5582
   -0.2938   -0.8184    0.4939
...    62 A-T ...
 -112.6548  -76.3492  137.2095
    0.8895   -0.3734   -0.2633
    0.4057    0.3805    0.8310
   -0.2101   -0.8460    0.4900
...    63 G-C ...
 -113.1879  -79.3406  138.5746
    0.9837   -0.0391    0.1753
   -0.1338    0.4912    0.8607
   -0.1198   -0.8702    0.4780
...    64 C-G ...
 -113.2032  -82.5134  139.8389
    0.7245    0.2909    0.6248
   -0.6863    0.3890    0.6146
   -0.0643   -0.8741    0.4815
...    65 T-A ...
 -113.2010  -85.4164  141.4095
    0.2287    0.4725    0.8512
   -0.9735    0.1160    0.1972
   -0.0056   -0.8737    0.4864
...    66 C-G ...
 -113.5297  -88.1034  143.2691
   -0.4167    0.4320    0.7998
   -0.9067   -0.2598   -0.3321
    0.0644   -0.8636    0.5000
...    67 G-C ...
 -114.3661  -91.4275  144.4622
   -0.8789    0.1896    0.4378
   -0.4703   -0.4987   -0.7281
    0.0802   -0.8458    0.5274
...    68 G-C ...
 -113.9572  -94.2384  146.3604
   -0.9902   -0.1063   -0.0902
    0.1305   -0.4797   -0.8677
    0.0490   -0.8710    0.4889
...    69 G-C ...
 -113.8056  -97.0638  148.1620
   -0.7510   -0.2752   -0.6001
    0.6600   -0.3362   -0.6718
   -0.0169   -0.9007    0.4342
...    70 A-T ...
 -114.0183  -99.9939  149.7970
   -0.1960   -0.3968   -0.8967
    0.9806   -0.0796   -0.1791
   -0.0003   -0.9145    0.4047
...    71 T-A ...
 -114.6290 -102.9833  151.0363
    0.3463   -0.3372   -0.8754
    0.9380    0.1420    0.3164
    0.0176   -0.9307    0.3654
...    72 C-G ...
 -114.6593 -105.9931  152.2309
    0.8375   -0.0962   -0.5379
    0.5374    0.3231    0.7790
    0.0988   -0.9415    0.3223
...    73 A-T ...
 -114.4443 -109.3089  153.0316
    0.9694    0.2333   -0.0764
    0.0206    0.2330    0.9723
    0.2447   -0.9441    0.2210
...    74 T-A ...
 -113.4084 -112.3792  153.2897
    0.8266    0.3858    0.4098
   -0.4628    0.0516    0.8849
    0.3203   -0.9211    0.2212
...    75 G-C ...
 -112.0560 -115.4116  154.1069
    0.3406    0.4038    0.8491
   -0.8446   -0.2654    0.4650
    0.4131   -0.8755    0.2507
...    76 T-A ...
 -110.1085 -118.1165  154.8561
   -0.1890    0.1551    0.9697
   -0.8787   -0.4675   -0.0965
    0.4384   -0.8703    0.2246
...    77 T-A ...
 -108.4284 -120.8233  155.5647
   -0.6383   -0.2486    0.7285
   -0.5804   -0.4663   -0.6676
    0.5057   -0.8490    0.1534
...    78 A-T ...
 -106.5621 -123.8470  155.5748
   -0.7775   -0.6283    0.0262
    0.0246   -0.0719   -0.9971
    0.6284   -0.7746    0.0713
...    79 T-A ...
 -104.6205 -126.3600  156.4641
   -0.6267   -0.5991   -0.4984
    0.4040    0.2971   -0.8651
    0.6664   -0.7435    0.0559
...    80 A-T ...
 -102.0404 -128.6527  156.5463
   -0.1961   -0.2503   -0.9481
    0.6863    0.6556   -0.3150
    0.7004   -0.7125    0.0432
...    81 A-T ...
  -99.9156 -131.0113  156.6546
    0.1815    0.2022   -0.9624
    0.6657    0.6951    0.2716
    0.7238   -0.6899   -0.0085
...    82 C-G ...
  -97.8871 -133.6250  156.2334
    0.4623    0.6002   -0.6527
    0.4587    0.4681    0.7553
    0.7589   -0.6486   -0.0590
...    83 G-C ...
  -95.0249 -135.2207  156.1693
    0.4657    0.8741   -0.1383
    0.2056    0.0451    0.9776
    0.8607   -0.4837   -0.1587
...    84 G-C ...
  -91.8230 -135.9135  155.6177
    0.3774    0.8204    0.4296
    0.0335   -0.4757    0.8790
    0.9255   -0.3173   -0.2070
...    85 A-T ...
  -88.6938 -136.7032  154.7631
    0.3094    0.3647    0.8782
   -0.1667   -0.8884    0.4277
    0.9362   -0.2787   -0.2141
...    86 T-A ...
  -85.4802 -136.9824  154.0147
    0.1697   -0.1684    0.9710
   -0.2871   -0.9510   -0.1148
    0.9428   -0.2593   -0.2097
...    87 C-G ...
  -82.1594 -137.5852  153.4962
   -0.0057   -0.7423    0.6701
   -0.3288   -0.6314   -0.7023
    0.9444   -0.2244   -0.2405
...    88 C-G ...
  -78.9862 -138.3996  152.9292
   -0.2291   -0.9568    0.1790
   -0.2548   -0.1186   -0.9597
    0.9395   -0.2655   -0.2167
...    89 G-C ...
  -76.0065 -139.1808  151.6975
   -0.3801   -0.8203   -0.4274
   -0.0816    0.4900   -0.8679
    0.9213   -0.2950   -0.2532
...    90 C-G ...
  -72.7495 -140.3243  151.2679
   -0.3807   -0.3714   -0.8469
    0.1125    0.8904   -0.4410
    0.9178   -0.2631   -0.2972
...    91 T-A ...
  -69.6201 -141.5543  150.4652
   -0.3096    0.2309   -0.9224
    0.2964    0.9452    0.1371
    0.9035   -0.2310   -0.3611
...    92 T-A ...
  -66.8486 -142.5111  149.0775
   -0.1206    0.7413   -0.6602
    0.4143    0.6420    0.6452
    0.9021   -0.1957   -0.3846
...    93 T-A ...
  -63.9566 -143.0138  147.7249
    0.0471    0.9887   -0.1424
    0.4319    0.1084    0.8954
    0.9007   -0.1037   -0.4219
...    94 A-T ...
  -60.7833 -142.9182  146.4693
    0.1290    0.8620    0.4902
    0.3954   -0.4981    0.7717
    0.9094    0.0943   -0.4051
...    95 A-T ...
  -57.9601 -142.3003  145.1260
    0.3082    0.4113    0.8578
    0.2931   -0.8989    0.3257
    0.9050    0.1510   -0.3976
...    96 C-G ...
  -55.0581 -141.1117  143.8072
    0.4494   -0.1621    0.8785
    0.0919   -0.9698   -0.2259
    0.8886    0.1823   -0.4209
...    97 A-T ...
  -51.9366 -140.5646  142.5705
    0.3960   -0.7334    0.5526
   -0.1941   -0.6550   -0.7302
    0.8975    0.1819   -0.4018
...    98 C-G ...
  -48.6981 -139.6756  141.8670
    0.2349   -0.9705    0.0540
   -0.3828   -0.1434   -0.9126
    0.8935    0.1937   -0.4052
...    99 T-A ...
  -45.1948 -139.0830  141.0604
   -0.0326   -0.8695   -0.4929
   -0.4683    0.4489   -0.7610
    0.8830    0.2060   -0.4218
...   100 T-A ...
  -42.1702 -138.6116  139.9112
   -0.2709   -0.4206   -0.8659
   -0.3778    0.8738   -0.3063
    0.8854    0.2441   -0.3956
...   101 T-A ...
  -39.2155 -137.9546  138.6618
   -0.4567    0.1659   -0.8740
   -0.1607    0.9509    0.2645
    0.8750    0.2612   -0.4076
...   102 A-T ...
  -36.3287 -136.6895  137.4305
   -0.5177    0.6992   -0.4931
    0.1542    0.6431    0.7501
    0.8416    0.3123   -0.4408
...   103 T-A ...
  -33.9644 -135.9074  135.4116
   -0.4379    0.8983   -0.0362
    0.3988    0.2301    0.8877
    0.8057    0.3743   -0.4590
...   104 G-C ...
  -31.4830 -134.4533  133.7118
   -0.1889    0.8081    0.5580
    0.6176   -0.3440    0.7073
    0.7635    0.4782   -0.4341
...   105 C-G ...
  -29.2681 -132.4143  132.3034
    0.1562    0.4527    0.8779
    0.6360   -0.7262    0.2612
    0.7557    0.5175   -0.4013
...   106 T-A ...
  -26.8152 -130.0592  131.3550
    0.5050   -0.0587    0.8611
    0.4796   -0.8104   -0.3365
    0.7176    0.5829   -0.3811
...   107 T-A ...
  -24.5551 -127.9820  130.3536
    0.6861   -0.5225    0.5062
    0.1140   -0.6100   -0.7842
    0.7185    0.5957   -0.3589
...   108 C-G ...
  -22.0675 -125.8777  129.3529
    0.6239   -0.7739   -0.1090
   -0.3452   -0.1477   -0.9268
    0.7011    0.6159   -0.3593
...   109 C-G ...
  -19.7297 -123.8110  128.2545
    0.2690   -0.7774   -0.5685
   -0.6305    0.3040   -0.7141
    0.7280    0.5506   -0.4084
...   110 G-C ...
  -17.7845 -121.7994  126.8283
   -0.1806   -0.5385   -0.8231
   -0.6833    0.6706   -0.2889
    0.7075    0.5102   -0.4890
...   111 G-C ...
  -15.3996 -120.2521  125.0562
   -0.5951   -0.0959   -0.7979
   -0.4598    0.8549    0.2402
    0.6591    0.5098   -0.5529
...   112 C-G ...
  -13.1900 -118.9967  122.8831
   -0.7869    0.3774   -0.4883
   -0.0414    0.7572    0.6519
    0.6157    0.5332   -0.5802
...   113 T-A ...
  -11.2636 -117.3019  120.7587
   -0.7286    0.6848   -0.0125
    0.4046    0.4451    0.7988
    0.5526    0.5770   -0.6014
...   114 C-G ...
   -9.5491 -115.1514  118.9239
   -0.3684    0.7902    0.4898
    0.7902   -0.0115    0.6128
    0.4898    0.6127   -0.6202
...   115 G-C ...
   -7.5448 -113.0630  117.2360
    0.1447    0.5762    0.8044
    0.8782   -0.4493    0.1639
    0.4559    0.6827   -0.5710
...   116 T-A ...
   -6.5374 -110.2150  115.7112
    0.5877    0.2048    0.7827
    0.6600   -0.6809   -0.3174
    0.4680    0.7031   -0.5354
...   117 A-T ...
   -5.0837 -107.5232  114.1987
    0.8526   -0.2735    0.4452
    0.1812   -0.6444   -0.7429
    0.4901    0.7141   -0.4999
...   118 T-A ...
   -3.5202 -104.8048  113.1746
    0.8334   -0.5521   -0.0261
   -0.2965   -0.4067   -0.8641
    0.4665    0.7279   -0.5026
...   119 A-T ...
   -2.2463 -102.2264  111.2009
    0.4269   -0.6354   -0.6434
   -0.7997    0.0669   -0.5966
    0.4221    0.7693   -0.4796
...   120 A-T ...
   -0.6110  -99.7734  109.8131
   -0.1233   -0.4806   -0.8682
   -0.9019    0.4192   -0.1039
    0.4139    0.7702   -0.4852
...   121 T-A ...
    1.2726  -97.5801  108.1428
   -0.5861   -0.1781   -0.7904
   -0.6978    0.6068    0.3807
    0.4118    0.7746   -0.4800
...   122 G-C ...
    2.6433  -94.8968  106.4049
   -0.9240    0.1705   -0.3424
   -0.1810    0.5936    0.7841
    0.3370    0.7865   -0.5176
...   123 T-A ...
    3.6164  -92.5574  104.3034
   -0.8875    0.4415    0.1323
    0.3329    0.4156    0.8464
    0.3187    0.7952   -0.5159
...   124 G-C ...
    4.5753  -89.8063  102.5804
   -0.5276    0.5462    0.6506
    0.8110    0.0958    0.5772
    0.2529    0.8322   -0.4935
...   125 T-A ...
    4.9179  -87.1257  100.8301
   -0.0234    0.4753    0.8795
    0.9708   -0.1991    0.1334
    0.2386    0.8570   -0.4568
...   126 C-G ...
    5.6285  -84.3209   99.4886
    0.5647    0.2671    0.7809
    0.7949   -0.4306   -0.4275
    0.2220    0.8621   -0.4554
...   127 G-C ...
    6.8628  -81.7179   97.7538
    0.8806   -0.1237    0.4574
    0.3536   -0.4711   -0.8081
    0.3154    0.8733   -0.3712
...   128 A-T ...
    7.7624  -78.8879   96.5845
    0.9160   -0.3834   -0.1182
   -0.2502   -0.3154   -0.9154
    0.3137    0.8680   -0.3848
...   129 C-G ...
    9.0833  -75.8945   96.0523
    0.6202   -0.5282   -0.5800
   -0.7043   -0.0494   -0.7082
    0.3455    0.8477   -0.4026
...   130 C-G ...
   10.7288  -73.2109   94.7316
    0.0978   -0.5509   -0.8288
   -0.9147    0.2784   -0.2930
    0.3921    0.7868   -0.4766
...   131 A-T ...
   11.2250  -70.2210   93.1006
   -0.5077   -0.3189   -0.8003
   -0.7778    0.5691    0.2667
    0.3704    0.7579   -0.5370
...   132 A-T ...
   12.4601  -67.8393   91.2023
   -0.8704    0.0757   -0.4865
   -0.3239    0.6561    0.6816
    0.3708    0.7509   -0.5465
...   133 A-T ...
   13.7399  -65.6340   89.1301
   -0.8733    0.4872   -0.0051
    0.2586    0.4723    0.8427
    0.4129    0.7346   -0.5384
...   134 T-A ...
   14.7385  -63.4258   86.8200
   -0.5923    0.6747    0.4404
    0.6886    0.1401    0.7115
    0.4183    0.7247   -0.5475
...   135 G-C ...
   15.7318  -61.4927   83.9331
    0.0341    0.7400    0.6717
    0.8636   -0.3601    0.3528
    0.5030    0.5681   -0.6514
...   136 T-A ...
   15.7849  -59.5603   80.7993
    0.5517    0.4998    0.6677
    0.6739   -0.7388   -0.0038
    0.4915    0.4520   -0.7444
...   137 G-C ...
   16.8386  -57.7218   78.2676
    0.8528   -0.0848    0.5153
    0.1507   -0.9048   -0.3983
    0.5000    0.4173   -0.7588
...   138 A-T ...
   18.4283  -55.5286   76.5300
    0.8547   -0.5006    0.1371
   -0.3188   -0.7148   -0.6224
    0.4096    0.4883   -0.7706
...   139 G-C ...
   20.4260  -54.3092   74.5421
    0.5847   -0.7389   -0.3347
   -0.7593   -0.3533   -0.5465
    0.2856    0.5737   -0.7676
...   140 C-G ...
   21.4270  -51.8265   72.7877
    0.1304   -0.7144   -0.6875
   -0.8897    0.2216   -0.3991
    0.4375    0.6637   -0.6067
...   141 G-C ...
   22.1522  -50.1494   67.4641
   -0.4682   -0.8748    0.1248
   -0.8494    0.4066   -0.3364
    0.2435   -0.2635   -0.9334
...   142 C-G ...
   22.3490  -51.2413   64.4934
   -0.8528   -0.5119   -0.1032
   -0.4975    0.8565   -0.1374
    0.1587   -0.0659   -0.9851
...   143 T-A ...
   24.0167  -51.6378   61.9249
   -0.9562    0.0401   -0.2898
    0.0524    0.9980   -0.0348
    0.2878   -0.0485   -0.9564
...   144 C-G ...
   24.8959  -52.7395   58.9874
   -0.7529    0.5560   -0.3520
    0.5214    0.8304    0.1965
    0.4016   -0.0356   -0.9151
...   145 A-T ...
   25.5277  -52.9802   55.8054
   -0.2442    0.9563   -0.1610
    0.8906    0.2869    0.3528
    0.3836   -0.0573   -0.9217
...   146 C-G ...
   25.2779  -52.5122   52.0797
    0.3204    0.9427   -0.0929
    0.8825   -0.2614    0.3909
    0.3443   -0.2072   -0.9157
...   147 A-T ...
   25.6239  -52.5939   48.6397
    0.8597    0.5097    0.0339
    0.4496   -0.7865    0.4233
    0.2424   -0.3487   -0.9053
