  147 base-pairs
...     1 T-A ...
    0.0000    0.0000    0.0000
    1.0000    0.0000    0.0000
    0.0000    1.0000    0.0000
    0.0000    0.0000    1.0000
...     2 G-C ...
   -0.5555   -1.1003    3.3981
    0.7749    0.6051    0.1828
   -0.5991    0.7953   -0.0929
   -0.2016   -0.0375    0.9787
...     3 T-A ...
   -0.6619   -3.0237    6.5348
    0.3046    0.9250    0.2271
   -0.8994    0.3578   -0.2510
   -0.3134   -0.1278    0.9410
...     4 G-C ...
   -1.1607   -3.8418    9.6940
   -0.3351    0.9421    0.0133
   -0.8752   -0.3061   -0.3746
   -0.3489   -0.1372    0.9271
...     5 A-T ...
   -1.3881   -3.6770   12.8999
   -0.7835    0.6162   -0.0801
   -0.5677   -0.7622   -0.3109
   -0.2527   -0.1981    0.9470
...     6 G-C ...
   -2.6236   -3.5448   15.7072
   -0.9923    0.0611   -0.1075
   -0.0294   -0.9610   -0.2748
   -0.1201   -0.2695    0.9555
...     7 C-G ...
   -2.3138   -3.7570   18.8866
   -0.8620   -0.4995   -0.0864
    0.5008   -0.8655    0.0073
   -0.0785   -0.0370    0.9962
...     8 G-C ...
   -3.9561   -6.8109   23.3205
   -0.2581   -0.3560   -0.8981
    0.6294   -0.7673    0.1233
   -0.7330   -0.5335    0.4221
...     9 C-G ...
   -6.1177   -8.9414   24.2385
    0.1143   -0.7320   -0.6716
    0.8123   -0.3203    0.4874
   -0.5720   -0.6013    0.5580
...    10 T-A ...
   -8.5041   -9.6771   26.0540
    0.4660   -0.8587   -0.2131
    0.6274    0.1508    0.7640
   -0.6239   -0.4897    0.6090
...    11 C-G ...
  -11.0625  -11.3174   27.2336
    0.6660   -0.6911    0.2808
    0.3382    0.6152    0.7121
   -0.6649   -0.3794    0.6435
...    12 A-T ...
  -13.0013  -13.1789   29.0658
    0.7188   -0.1490    0.6790
   -0.1787    0.9043    0.3876
   -0.6718   -0.4000    0.6235
...    13 C-G ...
  -14.1788  -15.9359   31.3399
    0.4052    0.2865    0.8682
   -0.5270    0.8492   -0.0343
   -0.7470   -0.4437    0.4951
...    14 A-T ...
  -15.9532  -18.1566   33.3080
   -0.1503    0.6873    0.7107
   -0.6106    0.5008   -0.6135
   -0.7776   -0.5261    0.3444
...    15 A-T ...
  -18.3928  -19.8441   34.6194
   -0.4564    0.8653    0.2073
   -0.4146   -0.0006   -0.9100
   -0.7873   -0.5012    0.3590
...    16 T-A ...
  -20.7728  -21.2474   36.4043
   -0.5917    0.7478   -0.3012
   -0.1259   -0.4547   -0.8817
   -0.7963   -0.4837    0.3632
...    17 T-A ...
  -23.3910  -22.6254   37.7559
   -0.5513    0.3363   -0.7636
    0.2359   -0.8150   -0.5292
   -0.8003   -0.4718    0.3700
...    18 T-A ...
  -26.0959  -23.9072   39.0493
   -0.3202   -0.2243   -0.9204
    0.5107   -0.8592    0.0317
   -0.7979   -0.4599    0.3897
...    19 A-T ...
  -28.4849  -25.8041   40.6166
    0.0655   -0.7649   -0.6408
    0.5974   -0.4843    0.6392
   -0.7993   -0.4247    0.4252
...    20 T-A ...
  -31.4834  -26.9520   41.4782
    0.3518   -0.9156   -0.1947
    0.4767   -0.0038    0.8791
   -0.8056   -0.4021    0.4351
...    21 T-A ...
  -34.2475  -28.2359   42.6543
    0.5381   -0.7485    0.3876
    0.1838    0.5530    0.8127
   -0.8226   -0.3660    0.4351
...    22 C-G ...
  -36.9942  -29.4698   44.0391
    0.5522   -0.2433    0.7974
   -0.1788    0.8997    0.3983
   -0.8143   -0.3625    0.4533
...    23 G-C ...
  -39.8769  -30.2302   45.6801
    0.4264    0.3654    0.8274
   -0.4720    0.8702   -0.1411
   -0.7716   -0.3304    0.5436
...    24 C-G ...
  -42.1748  -31.6025   47.6730
    0.1255    0.8076    0.5762
   -0.6328    0.5125   -0.5805
   -0.7641   -0.2917    0.5754
...    25 A-T ...
  -44.9037  -32.3916   49.4769
   -0.1910    0.9797    0.0600
   -0.6067   -0.0698   -0.7918
   -0.7716   -0.1877    0.6078
...    26 A-T ...
  -47.3055  -32.8612   51.6152
   -0.5018    0.7552   -0.4217
   -0.3849   -0.6315   -0.6731
   -0.7746   -0.1754    0.6076
...    27 A-T ...
  -49.7920  -33.1935   53.6864
   -0.6304    0.2410   -0.7379
   -0.0233   -0.9560   -0.2924
   -0.7759   -0.1671    0.6083
...    28 G-C ...
  -52.4857  -33.4150   55.6605
   -0.4939   -0.3168   -0.8098
    0.3111   -0.9340    0.1757
   -0.8120   -0.1651    0.5598
...    29 G-C ...
  -55.4372  -33.7888   57.3145
   -0.1729   -0.7771   -0.6052
    0.5117   -0.5959    0.6190
   -0.8416   -0.2027    0.5006
...    30 C-G ...
  -58.4739  -34.3504   58.6217
    0.1757   -0.9707   -0.1639
    0.5088   -0.0529    0.8592
   -0.8427   -0.2344    0.4846
...    31 C-G ...
  -61.4153  -35.2870   60.0333
    0.4914   -0.8099    0.3204
    0.3014    0.5032    0.8099
   -0.8172   -0.3014    0.4913
...    32 G-C ...
  -64.0465  -36.0354   62.0525
    0.6482   -0.3309    0.6858
   -0.0610    0.8752    0.4799
   -0.7590   -0.3530    0.5471
...    33 G-C ...
  -66.5041  -37.4418   63.9059
    0.5555    0.2515    0.7926
   -0.4298    0.9028    0.0149
   -0.7118   -0.3489    0.6096
...    34 C-G ...
  -68.5877  -38.8961   66.0751
    0.2446    0.7312    0.6368
   -0.6758    0.5995   -0.4288
   -0.6953   -0.3255    0.6408
...    35 C-G ...
  -70.7327  -39.9257   68.4873
   -0.1274    0.9644    0.2315
   -0.7139    0.0729   -0.6965
   -0.6886   -0.2540    0.6792
...    36 C-G ...
  -72.9316  -40.5365   70.9997
   -0.4553    0.8531   -0.2548
   -0.5356   -0.4910   -0.6871
   -0.7112   -0.1763    0.6805
...    37 G-C ...
  -75.5801  -41.2664   72.9938
   -0.6074    0.4224   -0.6728
   -0.1937   -0.9001   -0.3903
   -0.7705   -0.1067    0.6285
...    38 A-T ...
  -78.1421  -41.5107   75.0672
   -0.5776   -0.2084   -0.7893
    0.2098   -0.9723    0.1032
   -0.7889   -0.1060    0.6053
...    39 C-G ...
  -80.9717  -41.2919   76.8260
   -0.3490   -0.6995   -0.6236
    0.4820   -0.7047    0.5207
   -0.8037   -0.1189    0.5831
...    40 A-T ...
  -83.5649  -41.8460   78.8955
    0.0808   -0.9654   -0.2478
    0.5729   -0.1585    0.8042
   -0.8156   -0.2070    0.5403
...    41 C-G ...
  -86.5693  -42.6017   80.1160
    0.4035   -0.8903    0.2109
    0.4269    0.3871    0.8172
   -0.8093   -0.2397    0.5363
...    42 G-C ...
  -89.0847  -43.3000   82.2901
    0.6586   -0.4705    0.5872
    0.0815    0.8204    0.5659
   -0.7480   -0.3249    0.5787
...    43 A-T ...
  -91.5006  -44.4621   84.2181
    0.5916    0.1352    0.7948
   -0.3491    0.9316    0.1014
   -0.7267   -0.3374    0.5984
...    44 C-G ...
  -93.5310  -46.0973   86.3040
    0.3190    0.6271    0.7106
   -0.6270    0.7019   -0.3379
   -0.7107   -0.3378    0.6171
...    45 T-A ...
  -95.6549  -47.2550   88.6136
   -0.0562    0.9243    0.3775
   -0.7178    0.2254   -0.6588
   -0.6940   -0.3079    0.6508
...    46 T-A ...
  -97.7223  -48.2792   90.9226
   -0.4953    0.8659   -0.0703
   -0.5364   -0.3685   -0.7592
   -0.6833   -0.3383    0.6470
...    47 A-T ...
 -100.1752  -49.8015   92.7624
   -0.7498    0.3882   -0.5358
   -0.0574   -0.8449   -0.5318
   -0.6592   -0.3680    0.6558
...    48 C-G ...
 -102.4528  -50.4194   95.1417
   -0.6468   -0.1293   -0.7516
    0.3623   -0.9193   -0.1536
   -0.6711   -0.3716    0.6415
...    49 T-A ...
 -104.9034  -51.4234   97.1888
   -0.2979   -0.5917   -0.7491
    0.6547   -0.6978    0.2908
   -0.6948   -0.4038    0.5952
...    50 G-C ...
 -107.1181  -52.9875   99.1800
    0.2191   -0.8381   -0.4996
    0.6926   -0.2270    0.6846
   -0.6872   -0.4961    0.5307
...    51 T-A ...
 -109.7149  -54.6503  100.3928
    0.5895   -0.8039   -0.0791
    0.4631    0.2562    0.8485
   -0.6618   -0.5368    0.5233
...    52 C-G ...
 -111.8351  -56.5228  102.0653
    0.7825   -0.4604    0.4193
    0.0017    0.6749    0.7379
   -0.6227   -0.5766    0.5289
...    53 A-T ...
 -113.8375  -58.3268  104.0784
    0.6918    0.0840    0.7172
   -0.4891    0.7852    0.3797
   -0.5313   -0.6135    0.5843
...    54 T-A ...
 -115.0894  -60.8067  105.8600
    0.3322    0.4793    0.8123
   -0.7845    0.6185   -0.0442
   -0.5236   -0.6226    0.5815
...    55 G-C ...
 -117.1073  -62.5617  107.8955
   -0.1887    0.7866    0.5880
   -0.8483    0.1710   -0.5011
   -0.4947   -0.5934    0.6350
...    56 T-A ...
 -118.2796  -64.4324  110.4367
   -0.6270    0.7484    0.2160
   -0.6058   -0.2942   -0.7392
   -0.4897   -0.5944    0.6379
...    57 T-A ...
 -119.6881  -66.2795  112.7432
   -0.8914    0.3849   -0.2391
   -0.0944   -0.6738   -0.7329
   -0.4432   -0.6307    0.6370
...    58 A-T ...
 -120.9037  -68.9113  114.5955
   -0.7411   -0.2095   -0.6378
    0.5536   -0.7282   -0.4041
   -0.3798   -0.6526    0.6557
...    59 T-A ...
 -122.6042  -70.5876  116.8901
   -0.3408   -0.5629   -0.7530
    0.8665   -0.4988   -0.0192
   -0.3647   -0.6590    0.6577
...    60 A-T ...
 -123.6161  -72.8713  119.1659
    0.3014   -0.7043   -0.6427
    0.8906   -0.0327    0.4536
   -0.3405   -0.7092    0.6174
...    61 A-T ...
 -124.8332  -75.2234  121.0310
    0.7764   -0.5626   -0.2840
    0.5478    0.3797    0.7455
   -0.3116   -0.7344    0.6030
...    62 C-G ...
 -126.0011  -77.9503  122.4651
    0.9655   -0.2272    0.1271
    0.0375    0.6043    0.7959
   -0.2576   -0.7637    0.5920
...    63 G-C ...
 -126.5724  -80.3408  124.8192
    0.8348    0.2606    0.4849
   -0.5397    0.5614    0.6274
   -0.1087   -0.7854    0.6093
...    64 G-C ...
 -126.4407  -82.9668  126.9609
    0.3851    0.5906    0.7091
   -0.9227    0.2619    0.2829
   -0.0186   -0.7633    0.6458
...    65 A-T ...
 -126.3581  -85.3999  129.2277
   -0.2718    0.6227    0.7337
   -0.9622   -0.1887   -0.1962
    0.0163   -0.7594    0.6505
...    66 T-A ...
 -125.6881  -87.6373  131.6070
   -0.7439    0.3931    0.5405
   -0.6667   -0.4925   -0.5594
    0.0463   -0.7765    0.6285
...    67 A-T ...
 -125.6238  -90.8740  133.0023
   -0.9805   -0.1875    0.0589
    0.0620   -0.5794   -0.8127
    0.1865   -0.7932    0.5797
...    68 G-C ...
 -125.0593  -93.3848  135.1673
   -0.7762   -0.4640   -0.4269
    0.6031   -0.3491   -0.7172
    0.1838   -0.8141    0.5508
...    69 G-C ...
 -124.4615  -96.0107  137.2617
   -0.3026   -0.5175   -0.8004
    0.9334    0.0090   -0.3587
    0.1929   -0.8556    0.4804
...    70 T-A ...
 -124.4181  -98.9014  138.9142
    0.2415   -0.3883   -0.8893
    0.9439    0.3069    0.1223
    0.2254   -0.8689    0.4406
...    71 A-T ...
 -123.5809 -101.8399  140.3033
    0.7142   -0.0071   -0.6999
    0.6229    0.4625    0.6309
    0.3192   -0.8866    0.3347
...    72 T-A ...
 -122.7741 -104.9541  140.8284
    0.9151    0.2723   -0.2974
    0.1767    0.3923    0.9027
    0.3624   -0.8786    0.3109
...    73 C-G ...
 -121.3714 -107.7565  141.7551
    0.8127    0.5138    0.2749
   -0.3825    0.1145    0.9168
    0.4396   -0.8502    0.2896
...    74 T-A ...
 -119.5387 -110.4145  142.5259
    0.4363    0.5505    0.7118
   -0.7292   -0.2472    0.6381
    0.5272   -0.7974    0.2936
...    75 C-G ...
 -117.6260 -112.8520  143.6737
   -0.1019    0.2865    0.9526
   -0.8156   -0.5724    0.0849
    0.5696   -0.7683    0.2920
...    76 G-C ...
 -116.1284 -115.6603  144.8944
   -0.5843   -0.1019    0.8051
   -0.5475   -0.6828   -0.4837
    0.5991   -0.7234    0.3432
...    77 A-T ...
 -114.0541 -117.9804  146.1039
   -0.7761   -0.5359    0.3323
   -0.0598   -0.4620   -0.8849
    0.6278   -0.7066    0.3265
...    78 G-C ...
 -111.9388 -120.2278  147.4479
   -0.6774   -0.6970   -0.2350
    0.3760   -0.0535   -0.9251
    0.6322   -0.7151    0.2983
...    79 C-G ...
 -109.9043 -122.5429  148.8169
   -0.3589   -0.5790   -0.7321
    0.6727    0.3833   -0.6329
    0.6471   -0.7196    0.2519
...    80 T-A ...
 -107.9269 -125.0814  149.7143
    0.0234   -0.2162   -0.9761
    0.7426    0.6574   -0.1278
    0.6693   -0.7219    0.1760
...    81 C-G ...
 -105.7483 -127.4646  150.3404
    0.4082    0.2775   -0.8697
    0.5716    0.6650    0.4806
    0.7117   -0.6933    0.1128
...    82 G-C ...
 -103.0948 -129.5275  150.7747
    0.5132    0.7225   -0.4632
    0.2736    0.3738    0.8862
    0.8135   -0.5815   -0.0058
...    83 G-C ...
 -100.2103 -131.2112  150.3201
    0.4681    0.8776    0.1034
   -0.0006   -0.1167    0.9932
    0.8837   -0.4650   -0.0541
...    84 G-C ...
  -96.9852 -132.1962  149.9458
    0.2957    0.7067    0.6428
   -0.1841   -0.6181    0.7642
    0.9374   -0.3444   -0.0527
...    85 A-T ...
  -93.7828 -133.0621  149.9078
    0.1078    0.1849    0.9768
   -0.2732   -0.9392    0.2080
    0.9559   -0.2893   -0.0508
...    86 T-A ...
  -90.4671 -133.3045  149.7732
   -0.0198   -0.3523    0.9357
   -0.2778   -0.8971   -0.3436
    0.9604   -0.2668   -0.0801
...    87 C-G ...
  -87.2412 -134.1194  149.6486
   -0.1547   -0.8446    0.5126
   -0.1963   -0.4823   -0.8538
    0.9683   -0.2327   -0.0912
...    88 C-G ...
  -83.9117 -134.8406  149.5557
   -0.2613   -0.9621   -0.0781
   -0.0737    0.1006   -0.9922
    0.9625   -0.2535   -0.0972
...    89 G-C ...
  -80.6301 -135.2553  148.7600
   -0.3151   -0.6946   -0.6467
    0.0525    0.6676   -0.7427
    0.9476   -0.2680   -0.1739
...    90 C-G ...
  -77.4754 -136.3504  148.5145
   -0.2782   -0.1844   -0.9427
    0.1873    0.9522   -0.2415
    0.9421   -0.2437   -0.2304
...    91 T-A ...
  -74.4397 -137.3759  147.6443
   -0.2207    0.3816   -0.8976
    0.2984    0.9026    0.3104
    0.9286   -0.1993   -0.3131
...    92 T-A ...
  -71.5076 -138.0835  146.4979
   -0.0735    0.8393   -0.5387
    0.3732    0.5241    0.7655
    0.9248   -0.1448   -0.3518
...    93 T-A ...
  -68.5940 -138.4762  145.1728
    0.0890    0.9959    0.0152
    0.3698   -0.0472    0.9279
    0.9248   -0.0770   -0.3725
...    94 A-T ...
  -65.4854 -138.3547  143.9264
    0.1692    0.7827    0.5989
    0.3154   -0.6187    0.7195
    0.9337    0.0672   -0.3516
...    95 A-T ...
  -62.5126 -137.8426  142.7219
    0.3208    0.2741    0.9066
    0.1873   -0.9567    0.2229
    0.9284    0.0983   -0.3582
...    96 C-G ...
  -59.4992 -136.8075  141.6532
    0.3698   -0.2913    0.8823
    0.0140   -0.9477   -0.3187
    0.9290    0.1302   -0.3464
...    97 A-T ...
  -56.4109 -136.6520  140.3881
    0.2795   -0.8116    0.5131
   -0.1852   -0.5699   -0.8005
    0.9421    0.1287   -0.3096
...    98 C-G ...
  -53.1290 -135.9684  139.9375
    0.1456   -0.9892   -0.0197
   -0.3121   -0.0270   -0.9496
    0.9388    0.1444   -0.3127
...    99 T-A ...
  -49.8973 -135.5561  139.1430
   -0.0744   -0.8376   -0.5412
   -0.3522    0.5298   -0.7715
    0.9330    0.1333   -0.3344
...   100 T-A ...
  -46.7767 -135.2095  138.2675
   -0.2527   -0.3550   -0.9000
   -0.2686    0.9194   -0.2872
    0.9295    0.1692   -0.3277
...   101 T-A ...
  -43.7196 -134.8275  137.2445
   -0.3795    0.2488   -0.8911
   -0.0874    0.9492    0.3022
    0.9210    0.1926   -0.3385
...   102 A-T ...
  -40.6860 -133.9704  136.0901
   -0.4544    0.7462   -0.4866
    0.1751    0.6104    0.7725
    0.8734    0.2658   -0.4080
...   103 T-A ...
  -38.1081 -133.3070  134.1884
   -0.3305    0.9438   -0.0087
    0.3909    0.1452    0.9089
    0.8591    0.2969   -0.4169
...   104 G-C ...
  -35.2580 -131.9578  132.9990
   -0.1448    0.8085    0.5704
    0.5602   -0.4082    0.7209
    0.8156    0.4239   -0.3938
...   105 C-G ...
  -32.8671 -130.0714  131.6237
    0.1588    0.4206    0.8932
    0.5805   -0.7716    0.2602
    0.7987    0.4772   -0.3667
...   106 T-A ...
  -30.3663 -128.1173  130.5644
    0.4222   -0.0980    0.9012
    0.4344   -0.8507   -0.2961
    0.7956    0.5165   -0.3166
...   107 T-A ...
  -27.9047 -126.1695  129.6550
    0.6343   -0.5642    0.5286
    0.0941   -0.6223   -0.7771
    0.7674    0.5426   -0.3416
...   108 C-G ...
  -25.3421 -124.3243  128.6283
    0.5620   -0.8244   -0.0674
   -0.3178   -0.1399   -0.9378
    0.7637    0.5484   -0.3406
...   109 C-G ...
  -22.6485 -122.4737  127.6913
    0.2366   -0.7843   -0.5734
   -0.5814    0.3586   -0.7303
    0.7784    0.5062   -0.3712
...   110 G-C ...
  -20.3680 -120.4316  126.2155
   -0.2208   -0.4696   -0.8548
   -0.6191    0.7447   -0.2492
    0.7536    0.4742   -0.4552
...   111 G-C ...
  -17.7153 -118.9755  124.7106
   -0.5971   -0.0108   -0.8021
   -0.3907    0.8772    0.2790
    0.7006    0.4800   -0.5280
...   112 C-G ...
  -15.3452 -117.7435  122.7331
   -0.7543    0.4503   -0.4778
    0.0099    0.7354    0.6775
    0.6565    0.5063   -0.5592
...   113 T-A ...
  -13.3867 -116.1235  120.5946
   -0.6797    0.7334    0.0131
    0.4346    0.3883    0.8126
    0.5908    0.5580   -0.5827
...   114 C-G ...
  -11.6029 -114.1699  118.6484
   -0.3118    0.7928    0.5237
    0.7700   -0.1121    0.6281
    0.5567    0.5990   -0.5755
...   115 G-C ...
   -9.5285 -111.9930  117.0867
    0.1286    0.5153    0.8473
    0.8448   -0.5045    0.1786
    0.5195    0.6928   -0.5002
...   116 T-A ...
   -8.3116 -109.2741  115.5780
    0.5545    0.1445    0.8195
    0.6485   -0.6922   -0.3167
    0.5216    0.7070   -0.4776
...   117 A-T ...
   -6.3997 -107.1555  113.7268
    0.8551   -0.3267    0.4026
    0.1302   -0.6163   -0.7767
    0.5018    0.7166   -0.4844
...   118 T-A ...
   -4.7383 -104.4576  112.7424
    0.8050   -0.5887   -0.0732
   -0.3394   -0.3558   -0.8707
    0.4866    0.7258   -0.4863
...   119 A-T ...
   -3.4943 -101.9979  110.7228
    0.3938   -0.6561   -0.6437
   -0.7946    0.1091   -0.5973
    0.4621    0.7467   -0.4784
...   120 A-T ...
   -1.7917  -99.6199  109.2893
   -0.1459   -0.4531   -0.8795
   -0.8792    0.4669   -0.0947
    0.4535    0.7594   -0.4665
...   121 T-A ...
    0.2157  -97.5402  107.6967
   -0.5826   -0.1438   -0.7999
   -0.6766    0.6311    0.3794
    0.4503    0.7623   -0.4650
...   122 G-C ...
    1.4252  -94.7905  106.1933
   -0.9085    0.1862   -0.3742
   -0.1901    0.6133    0.7666
    0.3722    0.7676   -0.5218
...   123 T-A ...
    2.5007  -92.5852  103.9522
   -0.8792    0.4620    0.1164
    0.3327    0.4203    0.8442
    0.3411    0.7810   -0.5232
...   124 G-C ...
    3.5742  -89.7632  102.4780
   -0.5406    0.5474    0.6388
    0.7984    0.0945    0.5947
    0.2652    0.8315   -0.4881
...   125 T-A ...
    3.8170  -86.9462  100.7082
   -0.0295    0.4887    0.8720
    0.9660   -0.2103    0.1505
    0.2570    0.8467   -0.4658
...   126 C-G ...
    4.5766  -84.0735   99.2652
    0.5562    0.2407    0.7954
    0.7890   -0.4534   -0.4146
    0.2608    0.8582   -0.4422
...   127 G-C ...
    5.7798  -81.3469   97.6541
    0.8817   -0.1506    0.4471
    0.3287   -0.4836   -0.8112
    0.3384    0.8622   -0.3769
...   128 A-T ...
    6.8828  -78.4556   96.5025
    0.8908   -0.4367   -0.1256
   -0.2714   -0.2897   -0.9178
    0.3644    0.8517   -0.3766
...   129 C-G ...
    8.3939  -75.5659   95.8189
    0.5917   -0.5479   -0.5913
   -0.7068    0.0001   -0.7074
    0.3877    0.8365   -0.3872
...   130 C-G ...
    9.9750  -72.8431   94.5754
    0.0583   -0.5215   -0.8513
   -0.9075    0.3275   -0.2628
    0.4159    0.7879   -0.4542
...   131 A-T ...
   11.0972  -70.1131   92.9709
   -0.5272   -0.2973   -0.7960
   -0.7532    0.5971    0.2759
    0.3932    0.7451   -0.5387
...   132 A-T ...
   12.4851  -67.8546   91.0876
   -0.8678    0.1147   -0.4835
   -0.2968    0.6609    0.6893
    0.3986    0.7417   -0.5395
...   133 A-T ...
   13.7597  -65.5889   89.1278
   -0.8696    0.4937    0.0090
    0.2741    0.4674    0.8405
    0.4108    0.7333   -0.5417
...   134 T-A ...
   14.7385  -63.4258   86.8199
   -0.5923    0.6747    0.4404
    0.6886    0.1401    0.7115
    0.4183    0.7247   -0.5475
...   135 G-C ...
   15.7317  -61.4927   83.9330
    0.0341    0.7400    0.6717
    0.8636   -0.3601    0.3528
    0.5030    0.5681   -0.6514
...   136 T-A ...
   15.7848  -59.5603   80.7992
    0.5517    0.4998    0.6677
    0.6739   -0.7388   -0.0038
    0.4915    0.4520   -0.7444
...   137 G-C ...
   16.8386  -57.7218   78.2675
    0.8528   -0.0848    0.5153
    0.1507   -0.9048   -0.3983
    0.5000    0.4173   -0.7588
...   138 A-T ...
   18.4283  -55.5286   76.5298
    0.8547   -0.5006    0.1371
   -0.3188   -0.7148   -0.6224
    0.4096    0.4883   -0.7706
...   139 G-C ...
   20.4259  -54.3092   74.5419
    0.5847   -0.7389   -0.3347
   -0.7593   -0.3533   -0.5465
    0.2856    0.5737   -0.7676
...   140 C-G ...
   21.4270  -51.8265   72.7875
    0.1304   -0.7144   -0.6875
   -0.8897    0.2216   -0.3991
    0.4375    0.6637   -0.6067
...   141 G-C ...
   22.1521  -50.1494   67.4639
   -0.4682   -0.8748    0.1248
   -0.8494    0.4066   -0.3364
    0.2435   -0.2635   -0.9334
...   142 C-G ...
   22.3489  -51.2413   64.4933
   -0.8528   -0.5119   -0.1032
   -0.4975    0.8565   -0.1374
    0.1587   -0.0659   -0.9851
...   143 T-A ...
   24.0166  -51.6378   61.9248
   -0.9562    0.0401   -0.2898
    0.0524    0.9980   -0.0348
    0.2878   -0.0485   -0.9564
...   144 C-G ...
   24.8958  -52.7395   58.9873
   -0.7529    0.5560   -0.3520
    0.5214    0.8304    0.1965
    0.4016   -0.0356   -0.9151
...   145 A-T ...
   25.5276  -52.9802   55.8053
   -0.2442    0.9563   -0.1610
    0.8906    0.2869    0.3528
    0.3836   -0.0573   -0.9217
...   146 C-G ...
   25.2778  -52.5122   52.0796
    0.3204    0.9427   -0.0929
    0.8825   -0.2614    0.3909
    0.3443   -0.2072   -0.9157
...   147 A-T ...
   25.6239  -52.5939   48.6395
    0.8597    0.5097    0.0339
    0.4496   -0.7865    0.4233
    0.2424   -0.3487   -0.9053
