  147 base-pairs
...     1 T-A ...
    0.0000    0.0000    0.0000
    1.0000    0.0000    0.0000
    0.0000    1.0000    0.0000
    0.0000    0.0000    1.0000
...     2 G-C ...
   -0.5555   -1.1003    3.3981
    0.7749    0.6051    0.1828
   -0.5991    0.7953   -0.0929
   -0.2016   -0.0375    0.9787
...     3 T-A ...
   -0.6619   -3.0237    6.5348
    0.3046    0.9250    0.2271
   -0.8994    0.3578   -0.2510
   -0.3134   -0.1278    0.9410
...     4 G-C ...
   -1.1607   -3.8418    9.6940
   -0.3351    0.9421    0.0133
   -0.8752   -0.3061   -0.3746
   -0.3489   -0.1372    0.9271
...     5 A-T ...
   -1.3881   -3.6770   12.8999
   -0.7835    0.6162   -0.0801
   -0.5677   -0.7622   -0.3109
   -0.2527   -0.1981    0.9470
...     6 G-C ...
   -2.6236   -3.5448   15.7072
   -0.9923    0.0611   -0.1075
   -0.0294   -0.9610   -0.2748
   -0.1201   -0.2695    0.9555
...     7 C-G ...
   -2.3138   -3.7570   18.8866
   -0.8620   -0.4995   -0.0864
    0.5008   -0.8655    0.0073
   -0.0785   -0.0370    0.9962
...     8 G-C ...
   -3.9561   -6.8109   23.3205
   -0.2581   -0.3560   -0.8981
    0.6294   -0.7673    0.1233
   -0.7330   -0.5335    0.4221
...     9 C-G ...
   -6.1177   -8.9414   24.2385
    0.1143   -0.7320   -0.6716
    0.8123   -0.3203    0.4874
   -0.5720   -0.6013    0.5580
...    10 T-A ...
   -8.5041   -9.6771   26.0540
    0.4660   -0.8587   -0.2131
    0.6274    0.1508    0.7640
   -0.6239   -0.4897    0.6090
...    11 C-G ...
  -11.0625  -11.3174   27.2336
    0.6660   -0.6911    0.2808
    0.3382    0.6152    0.7121
   -0.6649   -0.3794    0.6435
...    12 A-T ...
  -13.0013  -13.1789   29.0658
    0.7188   -0.1490    0.6790
   -0.1787    0.9043    0.3876
   -0.6718   -0.4000    0.6235
...    13 C-G ...
  -14.1788  -15.9359   31.3399
    0.4052    0.2865    0.8682
   -0.5270    0.8492   -0.0343
   -0.7470   -0.4437    0.4951
...    14 A-T ...
  -15.9532  -18.1566   33.3080
   -0.1503    0.6873    0.7107
   -0.6106    0.5008   -0.6135
   -0.7776   -0.5261    0.3444
...    15 A-T ...
  -18.4914  -19.7991   34.4998
   -0.4499    0.8723    0.1916
   -0.4097   -0.0110   -0.9122
   -0.7935   -0.4889    0.3623
...    16 T-A ...
  -20.8978  -21.2436   36.3976
   -0.6256    0.7053   -0.3335
   -0.0882   -0.4887   -0.8680
   -0.7752   -0.5136    0.3679
...    17 T-A ...
  -23.4377  -22.6685   37.9205
   -0.5825    0.2558   -0.7715
    0.3033   -0.8122   -0.4983
   -0.7541   -0.5243    0.3955
...    18 T-A ...
  -26.0199  -24.1560   39.2847
   -0.3041   -0.2761   -0.9117
    0.5849   -0.8096    0.0501
   -0.7519   -0.5180    0.4077
...    19 A-T ...
  -28.4433  -26.0966   40.8673
    0.1349   -0.7872   -0.6018
    0.6426   -0.3927    0.6578
   -0.7542   -0.4755    0.4529
...    20 T-A ...
  -31.3568  -27.4091   41.8794
    0.4264   -0.8961   -0.1236
    0.4802    0.1084    0.8704
   -0.7666   -0.4305    0.4765
...    21 T-A ...
  -33.9736  -28.8471   43.1851
    0.5947   -0.6650    0.4517
    0.1246    0.6313    0.7654
   -0.7942   -0.3990    0.4583
...    22 C-G ...
  -36.6164  -30.1267   44.7067
    0.5662   -0.1379    0.8127
   -0.2649    0.9032    0.3377
   -0.7806   -0.4065    0.4749
...    23 G-C ...
  -39.4841  -30.8643   46.3976
    0.4402    0.4531    0.7752
   -0.5427    0.8221   -0.1723
   -0.7153   -0.3449    0.6078
...    24 C-G ...
  -41.5894  -32.2849   48.4841
    0.1317    0.8385    0.5287
   -0.6876    0.4615   -0.5606
   -0.7140   -0.2897    0.6374
...    25 A-T ...
  -44.3135  -33.1101   50.2407
   -0.2360    0.9710    0.0375
   -0.6400   -0.1262   -0.7580
   -0.7313   -0.2028    0.6512
...    26 A-T ...
  -46.6783  -33.6048   52.4644
   -0.5482    0.7204   -0.4249
   -0.3942   -0.6706   -0.6284
   -0.7376   -0.1770    0.6516
...    27 A-T ...
  -48.9678  -33.8947   54.7750
   -0.6797    0.1891   -0.7087
    0.0032   -0.9654   -0.2606
   -0.7334   -0.1794    0.6556
...    28 G-C ...
  -51.6018  -33.9997   56.9214
   -0.5278   -0.3591   -0.7697
    0.3534   -0.9169    0.1854
   -0.7723   -0.1742    0.6109
...    29 G-C ...
  -54.5016  -34.4098   58.7756
   -0.1741   -0.8202   -0.5449
    0.5781   -0.5331    0.6177
   -0.7972   -0.2075    0.5670
...    30 C-G ...
  -57.3436  -35.0805   60.3108
    0.2180   -0.9690   -0.1166
    0.5579    0.0257    0.8295
   -0.8008   -0.2459    0.5462
...    31 C-G ...
  -60.2128  -35.8265   61.9448
    0.5416   -0.7666    0.3449
    0.3253    0.5695    0.7549
   -0.7751   -0.2967    0.5578
...    32 G-C ...
  -62.5109  -36.4890   63.9647
    0.7000   -0.3136    0.6416
   -0.0295    0.8850    0.4647
   -0.7135   -0.3442    0.6103
...    33 G-C ...
  -64.6584  -37.8346   66.1776
    0.6019    0.2686    0.7521
   -0.4346    0.9002    0.0263
   -0.6700   -0.3427    0.6586
...    34 C-G ...
  -66.6353  -39.2040   68.4246
    0.2797    0.7496    0.5999
   -0.7043    0.5848   -0.4024
   -0.6524   -0.3100    0.6915
...    35 C-G ...
  -68.5689  -40.0276   71.1188
   -0.1325    0.9668    0.2184
   -0.7523    0.0453   -0.6573
   -0.6454   -0.2514    0.7213
...    36 C-G ...
  -70.6165  -40.6197   73.7545
   -0.5082    0.8274   -0.2388
   -0.5667   -0.5302   -0.6307
   -0.6485   -0.1852    0.7384
...    37 G-C ...
  -73.0694  -42.0067   75.7412
   -0.6936    0.3848   -0.6090
   -0.1724   -0.9095   -0.3783
   -0.6994   -0.1574    0.6972
...    38 A-T ...
  -75.2477  -42.4706   78.0244
   -0.6558   -0.2333   -0.7179
    0.2831   -0.9576    0.0526
   -0.6998   -0.1687    0.6941
...    39 C-G ...
  -77.8021  -42.6554   79.9787
   -0.3740   -0.6987   -0.6099
    0.5765   -0.6902    0.4373
   -0.7265   -0.1881    0.6609
...    40 A-T ...
  -80.3192  -43.4146   82.1137
    0.0989   -0.9566   -0.2740
    0.6742   -0.1381    0.7255
   -0.7319   -0.2565    0.6313
...    41 C-G ...
  -82.9631  -44.5497   83.7684
    0.4730   -0.8722    0.1243
    0.5081    0.3853    0.7703
   -0.7198   -0.3012    0.6254
...    42 G-C ...
  -85.1075  -45.3140   86.2264
    0.7282   -0.4411    0.5245
    0.0950    0.8229    0.5601
   -0.6787   -0.3581    0.6412
...    43 A-T ...
  -87.3189  -46.4788   88.2086
    0.6408    0.1399    0.7549
   -0.3542    0.9262    0.1291
   -0.6811   -0.3501    0.6430
...    44 C-G ...
  -89.2093  -48.1699   90.3376
    0.3729    0.6356    0.6760
   -0.6607    0.6934   -0.2874
   -0.6514   -0.3395    0.6785
...    45 T-A ...
  -91.0018  -49.6078   93.1310
   -0.0617    0.9330    0.3546
   -0.7602    0.1863   -0.6224
   -0.6468   -0.3080    0.6977
...    46 T-A ...
  -92.9037  -50.6233   95.5323
   -0.4778    0.8776   -0.0379
   -0.5883   -0.3518   -0.7281
   -0.6524   -0.3256    0.6844
...    47 A-T ...
  -95.2746  -51.9299   97.5900
   -0.7505    0.4299   -0.5019
   -0.1285   -0.8400   -0.5272
   -0.6482   -0.3312    0.6856
...    48 C-G ...
  -97.4801  -52.3691  100.0722
   -0.6853   -0.0879   -0.7230
    0.2961   -0.9406   -0.1662
   -0.6654   -0.3279    0.6706
...    49 T-A ...
  -99.9980  -53.1568  102.2110
   -0.3556   -0.5617   -0.7470
    0.6106   -0.7447    0.2693
   -0.7076   -0.3604    0.6078
...    50 G-C ...
 -102.4183  -54.5841  104.1164
    0.1574   -0.8330   -0.5305
    0.6894   -0.2919    0.6630
   -0.7071   -0.4701    0.5282
...    51 T-A ...
 -104.9752  -56.1000  105.3471
    0.5291   -0.8370   -0.1397
    0.4996    0.1742    0.8486
   -0.6859   -0.5187    0.5103
...    52 A-T ...
 -107.0876  -57.9566  107.1881
    0.7870   -0.5091    0.3485
    0.0520    0.6177    0.7847
   -0.6147   -0.5995    0.5126
...    53 G-C ...
 -109.1130  -60.0171  108.6915
    0.7514   -0.0456    0.6582
   -0.3928    0.7706    0.5019
   -0.5301   -0.6357    0.5611
...    54 G-C ...
 -110.3986  -62.7647  110.6303
    0.4251    0.4543    0.7829
   -0.7769    0.6269    0.0581
   -0.4644   -0.6329    0.6195
...    55 T-A ...
 -111.4259  -64.9797  112.8416
   -0.0568    0.7165    0.6953
   -0.8927    0.2754   -0.3566
   -0.4470   -0.6410    0.6240
...    56 A-T ...
 -112.6633  -67.1039  115.1906
   -0.5893    0.7402    0.3238
   -0.6778   -0.2349   -0.6967
   -0.4396   -0.6300    0.6401
...    57 T-A ...
 -113.6497  -68.8798  117.8052
   -0.8780    0.4722   -0.0786
   -0.2474   -0.5881   -0.7700
   -0.4098   -0.6566    0.6332
...    58 C-G ...
 -115.1162  -70.8971  120.1069
   -0.8361   -0.0142   -0.5484
    0.3778   -0.7397   -0.5570
   -0.3977   -0.6728    0.6238
...    59 T-A ...
 -116.7703  -72.9819  122.1892
   -0.4696   -0.3803   -0.7967
    0.7749   -0.6100   -0.1655
   -0.4231   -0.6951    0.5812
...    60 C-G ...
 -118.2266  -75.2830  124.2402
    0.1069   -0.6403   -0.7606
    0.9083   -0.2482    0.3366
   -0.4044   -0.7269    0.5551
...    61 G-C ...
 -119.0104  -77.9023  126.2091
    0.6466   -0.4962   -0.5794
    0.7076    0.1062    0.6986
   -0.2851   -0.8617    0.4198
...    62 A-T ...
 -119.9028  -80.6731  127.7710
    0.9580   -0.2683   -0.1010
    0.2037    0.3892    0.8983
   -0.2017   -0.8812    0.4275
...    63 G-C ...
 -120.3420  -83.7540  128.9679
    0.9325    0.0581    0.3566
   -0.3446    0.4392    0.8297
   -0.1084   -0.8965    0.4296
...    64 C-G ...
 -120.2349  -86.9611  130.1529
    0.5561    0.3384    0.7591
   -0.8293    0.2868    0.4796
   -0.0554   -0.8962    0.4402
...    65 T-A ...
 -120.2206  -89.9105  131.6395
    0.0036    0.4505    0.8928
   -1.0000    0.0005    0.0038
    0.0013   -0.8928    0.4505
...    66 C-G ...
 -120.5911  -92.7285  133.2996
   -0.6163    0.3364    0.7121
   -0.7848   -0.3367   -0.5202
    0.0648   -0.8795    0.4715
...    67 G-C ...
 -121.2446  -96.2167  134.1377
   -0.9659    0.0615    0.2513
   -0.2478   -0.4991   -0.8303
    0.0744   -0.8643    0.4974
...    68 G-C ...
 -120.8589  -99.0945  135.9452
   -0.9289   -0.2105   -0.3047
    0.3661   -0.3976   -0.8414
    0.0559   -0.8931    0.4463
...    69 G-C ...
 -120.7063 -102.0072  137.6060
   -0.5688   -0.3119   -0.7610
    0.8224   -0.2065   -0.5301
    0.0082   -0.9274    0.3740
...    70 A-T ...
 -120.8737 -105.0620  138.9991
    0.0471   -0.3419   -0.9386
    0.9984    0.0465    0.0332
    0.0323   -0.9386    0.3435
...    71 T-A ...
 -121.3408 -108.1924  139.9030
    0.5619   -0.2205   -0.7973
    0.8250    0.2197    0.5207
    0.0604   -0.9503    0.3053
...    72 C-G ...
 -121.1737 -111.4002  140.6721
    0.9338    0.0197   -0.3572
    0.3367    0.2893    0.8961
    0.1210   -0.9570    0.2635
...    73 C-G ...
 -120.8170 -114.5659  141.4466
    0.9396    0.3163    0.1310
   -0.2044    0.2116    0.9557
    0.2745   -0.9248    0.2634
...    74 G-C ...
 -119.7743 -117.4828  142.7704
    0.6111    0.5107    0.6048
   -0.6673   -0.0786    0.7407
    0.4258   -0.8562    0.2927
...    75 C-G ...
 -117.6870 -120.1026  143.7450
    0.1038    0.3708    0.9229
   -0.8738   -0.4092    0.2627
    0.4750   -0.8337    0.2815
...    76 T-A ...
 -115.6284 -122.5532  145.3022
   -0.4133    0.0254    0.9102
   -0.7172   -0.6250   -0.3082
    0.5610   -0.7802    0.2765
...    77 T-A ...
 -113.5253 -124.8649  146.3432
   -0.7023   -0.4476    0.5536
   -0.3116   -0.5059   -0.8043
    0.6401   -0.7374    0.2158
...    78 T-A ...
 -111.2117 -127.0221  147.3775
   -0.6728   -0.7393   -0.0272
    0.1501   -0.1004   -0.9836
    0.7244   -0.6658    0.1786
...    79 A-T ...
 -108.2284 -128.6805  147.1348
   -0.3076   -0.7049   -0.6392
    0.4900    0.4585   -0.7414
    0.8156   -0.5413    0.2044
...    80 A-T ...
 -105.6478 -130.4595  147.9154
    0.0546   -0.2965   -0.9535
    0.5345    0.8152   -0.2229
    0.8434   -0.4975    0.2030
...    81 C-G ...
 -103.1012 -132.5874  148.6180
    0.3169    0.2275   -0.9208
    0.3883    0.8546    0.3448
    0.8653   -0.4668    0.1824
...    82 A-T ...
 -100.0977 -134.0682  149.1391
    0.3743    0.7455   -0.5515
    0.1384    0.5432    0.8281
    0.9169   -0.3863    0.1001
...    83 C-G ...
  -96.9955 -135.2281  148.7835
    0.3391    0.9405   -0.0214
   -0.0561    0.0429    0.9975
    0.9391   -0.3370    0.0673
...    84 T-A ...
  -93.5462 -136.1001  148.5203
    0.1398    0.8022    0.5805
   -0.1979   -0.5518    0.8102
    0.9702   -0.2282    0.0816
...    85 T-A ...
  -90.2973 -136.5532  148.6154
    0.0302    0.2939    0.9554
   -0.2159   -0.9313    0.2933
    0.9760   -0.2151    0.0353
...    86 T-A ...
  -87.0864 -137.1117  148.5940
   -0.0549   -0.3527    0.9341
   -0.2039   -0.9119   -0.3563
    0.9774   -0.2101   -0.0219
...    87 C-G ...
  -83.8242 -138.0376  148.3823
   -0.1141   -0.8620    0.4939
   -0.1075   -0.4835   -0.8687
    0.9876   -0.1522   -0.0375
...    88 A-T ...
  -80.5054 -138.3069  147.6102
   -0.2173   -0.9679   -0.1265
   -0.0293    0.1360   -0.9903
    0.9757   -0.2115   -0.0579
...    89 T-A ...
  -77.3272 -139.1537  147.8920
   -0.2057   -0.7476   -0.6315
    0.0780    0.6307   -0.7721
    0.9755   -0.2081   -0.0714
...    90 G-C ...
  -73.9030 -139.8337  147.7227
   -0.1783   -0.1774   -0.9679
    0.1437    0.9684   -0.2039
    0.9734   -0.1754   -0.1471
...    91 T-A ...
  -70.7854 -141.0025  147.2174
   -0.0879    0.3876   -0.9176
    0.1956    0.9100    0.3657
    0.9767   -0.1473   -0.1558
...    92 T-A ...
  -67.7457 -141.5227  146.5404
   -0.0496    0.8421   -0.5371
    0.2115    0.5344    0.8183
    0.9761   -0.0730   -0.2047
...    93 A-T ...
  -64.4452 -141.4570  146.0258
   -0.0275    0.9969    0.0734
    0.2380   -0.0648    0.9691
    0.9709    0.0441   -0.2355
...    94 T-A ...
  -61.5342 -140.9954  144.6163
    0.0832    0.8144    0.5743
    0.2417   -0.5755    0.7812
    0.9668    0.0738   -0.2448
...    95 A-T ...
  -58.1845 -140.8554  143.9659
    0.2196    0.2551    0.9416
    0.1766   -0.9597    0.2188
    0.9595    0.1182   -0.2558
...    96 A-T ...
  -55.1154 -140.2028  143.1980
    0.3166   -0.3697    0.8735
    0.0268   -0.9171   -0.3978
    0.9482    0.1493   -0.2805
...    97 C-G ...
  -51.8449 -139.0874  142.6592
    0.3238   -0.8231    0.4665
   -0.1655   -0.5347   -0.8287
    0.9315    0.1912   -0.3093
...    98 G-C ...
  -48.8343 -138.5222  141.4485
    0.1693   -0.9654   -0.1984
   -0.3404    0.1317   -0.9310
    0.9249    0.2252   -0.3064
...    99 G-C ...
  -45.7097 -137.6417  140.6510
   -0.1055   -0.7456   -0.6580
   -0.3927    0.6391   -0.6613
    0.9136    0.1886   -0.3602
...   100 A-T ...
  -42.5266 -137.1410  139.6411
   -0.3367   -0.1958   -0.9210
   -0.2665    0.9580   -0.1062
    0.9031    0.2097   -0.3747
...   101 T-A ...
  -39.5693 -137.0901  138.2501
   -0.4530    0.3334   -0.8268
   -0.0610    0.9137    0.4018
    0.8894    0.2325   -0.3936
...   102 A-T ...
  -36.6505 -136.3942  136.6887
   -0.4666    0.8021   -0.3728
    0.2458    0.5225    0.8165
    0.8497    0.2893   -0.4409
...   103 T-A ...
  -34.3105 -135.5852  134.6551
   -0.3534    0.9303    0.0977
    0.4576    0.0808    0.8855
    0.8159    0.3577   -0.4543
...   104 G-C ...
  -31.7893 -134.1440  133.0038
   -0.0882    0.7457    0.6604
    0.6151   -0.4807    0.6250
    0.7835    0.4614   -0.4163
...   105 C-G ...
  -29.4628 -132.1445  131.7129
    0.2409    0.3282    0.9134
    0.5801   -0.8032    0.1357
    0.7782    0.4971   -0.3838
...   106 T-A ...
  -26.8640 -129.9016  130.8997
    0.5438   -0.1997    0.8151
    0.3882   -0.8013   -0.4552
    0.7440    0.5640   -0.3582
...   107 T-A ...
  -24.5012 -127.9021  129.9797
    0.6684   -0.6279    0.3989
    0.0146   -0.5250   -0.8510
    0.7437    0.5746   -0.3417
...   108 C-G ...
  -21.9226 -125.8869  129.0402
    0.5499   -0.8028   -0.2305
   -0.4123   -0.0208   -0.9108
    0.7264    0.5959   -0.3424
...   109 C-G ...
  -19.5282 -123.8552  128.0097
    0.1673   -0.7357   -0.6564
   -0.6489    0.4191   -0.6351
    0.7423    0.5322   -0.4072
...   110 G-C ...
  -17.5237 -121.8685  126.6469
   -0.2774   -0.4480   -0.8499
   -0.6471    0.7410   -0.1794
    0.7102    0.5002   -0.4955
...   111 G-C ...
  -15.1596 -120.3601  124.8267
   -0.6552    0.0120   -0.7554
   -0.3762    0.8619    0.3399
    0.6552    0.5069   -0.5602
...   112 C-G ...
  -13.0413 -119.0912  122.5734
   -0.7898    0.4659   -0.3989
    0.0594    0.7054    0.7063
    0.6105    0.5341   -0.5848
...   113 T-A ...
  -11.1672 -117.3846  120.4177
   -0.6806    0.7272    0.0889
    0.4886    0.3601    0.7947
    0.5459    0.5844   -0.6004
...   114 C-G ...
   -9.4833 -115.1958  118.6186
   -0.2864    0.7732    0.5657
    0.8298   -0.0949    0.5499
    0.4789    0.6270   -0.6145
...   115 G-C ...
   -7.5045 -113.0999  116.9241
    0.2312    0.5168    0.8243
    0.8631   -0.5000    0.0714
    0.4491    0.6949   -0.5616
...   116 T-A ...
   -6.4533 -110.2382  115.4876
    0.6495    0.1320    0.7488
    0.6034   -0.6887   -0.4020
    0.4626    0.7129   -0.5270
...   117 A-T ...
   -4.9976 -107.5187  114.0328
    0.8677   -0.3319    0.3701
    0.1028   -0.6085   -0.7869
    0.4863    0.7208   -0.4939
...   118 T-A ...
   -3.3989 -104.8131  113.0492
    0.8068   -0.5807   -0.1091
   -0.3679   -0.3492   -0.8618
    0.4623    0.7354   -0.4954
...   119 A-T ...
   -2.1474 -102.2043  111.1260
    0.3662   -0.6252   -0.6892
   -0.8270    0.1208   -0.5490
    0.4265    0.7710   -0.4729
...   120 A-T ...
   -0.4917  -99.7709  109.7342
   -0.1864   -0.4459   -0.8755
   -0.8894    0.4552   -0.0425
    0.4175    0.7707   -0.4814
...   121 T-A ...
    1.3823  -97.5959  108.0349
   -0.6311   -0.1338   -0.7641
   -0.6556    0.6185    0.4331
    0.4146    0.7743   -0.4780
...   122 G-C ...
    2.7523  -94.9263  106.2805
   -0.9337    0.2040   -0.2941
   -0.1271    0.5791    0.8053
    0.3346    0.7893   -0.5148
...   123 T-A ...
    3.6730  -92.5666  104.1884
   -0.8702    0.4587    0.1798
    0.3791    0.3904    0.8390
    0.3147    0.7982   -0.5136
...   124 G-C ...
    4.5934  -89.8073  102.4738
   -0.4928    0.5420    0.6807
    0.8339    0.0710    0.5473
    0.2484    0.8373   -0.4870
...   125 T-A ...
    4.9110  -87.1023  100.7564
    0.0149    0.4593    0.8882
    0.9718   -0.2157    0.0952
    0.2353    0.8617   -0.4496
...   126 C-G ...
    5.6127  -84.2865   99.4430
    0.5933    0.2457    0.7666
    0.7747   -0.4329   -0.4609
    0.2186    0.8673   -0.4472
...   127 G-C ...
    6.8112  -81.6672   97.7313
    0.8895   -0.1412    0.4347
    0.3293   -0.4615   -0.8238
    0.3169    0.8758   -0.3640
...   128 A-T ...
    7.7106  -78.8319   96.5882
    0.9091   -0.3914   -0.1424
   -0.2720   -0.2992   -0.9146
    0.3154    0.8702   -0.3785
...   129 C-G ...
    9.0529  -75.8477   96.0718
    0.6045   -0.5266   -0.5977
   -0.7170   -0.0327   -0.6963
    0.3471    0.8495   -0.3974
...   130 C-G ...
   10.7174  -73.1737   94.7581
    0.0818   -0.5432   -0.8356
   -0.9159    0.2896   -0.2779
    0.3930    0.7881   -0.4738
...   131 A-T ...
   11.2375  -70.2027   93.1261
   -0.5159   -0.3151   -0.7966
   -0.7730    0.5721    0.2744
    0.3693    0.7573   -0.5387
...   132 A-T ...
   12.4695  -67.8305   91.2151
   -0.8726    0.0782   -0.4821
   -0.3188    0.6566    0.6836
    0.3699    0.7502   -0.5480
...   133 A-T ...
   13.7445  -65.6299   89.1354
   -0.8724    0.4887   -0.0021
    0.2620    0.4714    0.8421
    0.4126    0.7341   -0.5393
...   134 T-A ...
   14.7384  -63.4258   86.8198
   -0.5923    0.6747    0.4404
    0.6886    0.1401    0.7115
    0.4183    0.7247   -0.5475
...   135 G-C ...
   15.7317  -61.4928   83.9329
    0.0341    0.7400    0.6717
    0.8636   -0.3601    0.3528
    0.5030    0.5681   -0.6514
...   136 T-A ...
   15.7848  -59.5604   80.7991
    0.5517    0.4998    0.6677
    0.6739   -0.7388   -0.0038
    0.4915    0.4520   -0.7444
...   137 G-C ...
   16.8385  -57.7219   78.2674
    0.8528   -0.0848    0.5153
    0.1507   -0.9048   -0.3983
    0.5000    0.4173   -0.7588
...   138 A-T ...
   18.4282  -55.5287   76.5298
    0.8547   -0.5006    0.1371
   -0.3188   -0.7148   -0.6224
    0.4096    0.4883   -0.7706
...   139 G-C ...
   20.4259  -54.3093   74.5418
    0.5847   -0.7389   -0.3347
   -0.7593   -0.3533   -0.5465
    0.2856    0.5737   -0.7676
...   140 C-G ...
   21.4270  -51.8266   72.7874
    0.1304   -0.7144   -0.6875
   -0.8897    0.2216   -0.3991
    0.4375    0.6637   -0.6067
...   141 G-C ...
   22.1521  -50.1494   67.4639
   -0.4682   -0.8748    0.1248
   -0.8494    0.4066   -0.3364
    0.2435   -0.2635   -0.9334
...   142 C-G ...
   22.3489  -51.2413   64.4932
   -0.8528   -0.5119   -0.1032
   -0.4975    0.8565   -0.1374
    0.1587   -0.0659   -0.9851
...   143 T-A ...
   24.0166  -51.6378   61.9247
   -0.9562    0.0401   -0.2898
    0.0524    0.9980   -0.0348
    0.2878   -0.0485   -0.9564
...   144 C-G ...
   24.8958  -52.7395   58.9872
   -0.7529    0.5560   -0.3520
    0.5214    0.8304    0.1965
    0.4016   -0.0356   -0.9151
...   145 A-T ...
   25.5276  -52.9803   55.8052
   -0.2442    0.9563   -0.1610
    0.8906    0.2869    0.3528
    0.3836   -0.0573   -0.9217
...   146 C-G ...
   25.2778  -52.5122   52.0795
    0.3204    0.9427   -0.0929
    0.8825   -0.2614    0.3909
    0.3443   -0.2072   -0.9157
...   147 A-T ...
   25.6239  -52.5939   48.6394
    0.8597    0.5097    0.0339
    0.4496   -0.7865    0.4233
    0.2424   -0.3487   -0.9053
