  147 base-pairs
...     1 T-A ...
    0.0000    0.0000    0.0000
    1.0000    0.0000    0.0000
    0.0000    1.0000    0.0000
    0.0000    0.0000    1.0000
...     2 G-C ...
   -0.5555   -1.1003    3.3981
    0.7749    0.6051    0.1828
   -0.5991    0.7953   -0.0929
   -0.2016   -0.0375    0.9787
...     3 T-A ...
   -0.6619   -3.0237    6.5348
    0.3046    0.9250    0.2271
   -0.8994    0.3578   -0.2510
   -0.3134   -0.1278    0.9410
...     4 G-C ...
   -1.1607   -3.8418    9.6940
   -0.3351    0.9421    0.0133
   -0.8752   -0.3061   -0.3746
   -0.3489   -0.1372    0.9271
...     5 A-T ...
   -1.3881   -3.6770   12.8999
   -0.7835    0.6162   -0.0801
   -0.5677   -0.7622   -0.3109
   -0.2527   -0.1981    0.9470
...     6 G-C ...
   -2.6236   -3.5448   15.7072
   -0.9923    0.0611   -0.1075
   -0.0294   -0.9610   -0.2748
   -0.1201   -0.2695    0.9555
...     7 C-G ...
   -2.3138   -3.7570   18.8866
   -0.8620   -0.4995   -0.0864
    0.5008   -0.8655    0.0073
   -0.0785   -0.0370    0.9962
...     8 G-C ...
   -3.9561   -6.8109   23.3205
   -0.2581   -0.3560   -0.8981
    0.6294   -0.7673    0.1233
   -0.7330   -0.5335    0.4221
...     9 C-G ...
   -6.1177   -8.9414   24.2385
    0.1143   -0.7320   -0.6716
    0.8123   -0.3203    0.4874
   -0.5720   -0.6013    0.5580
...    10 T-A ...
   -8.5041   -9.6771   26.0540
    0.4660   -0.8587   -0.2131
    0.6274    0.1508    0.7640
   -0.6239   -0.4897    0.6090
...    11 C-G ...
  -11.0625  -11.3174   27.2336
    0.6660   -0.6911    0.2808
    0.3382    0.6152    0.7121
   -0.6649   -0.3794    0.6435
...    12 A-T ...
  -13.0013  -13.1789   29.0658
    0.7188   -0.1490    0.6790
   -0.1787    0.9043    0.3876
   -0.6718   -0.4000    0.6235
...    13 C-G ...
  -14.1788  -15.9359   31.3399
    0.4052    0.2865    0.8682
   -0.5270    0.8492   -0.0343
   -0.7470   -0.4437    0.4951
...    14 A-T ...
  -15.9532  -18.1566   33.3080
   -0.1503    0.6873    0.7107
   -0.6106    0.5008   -0.6135
   -0.7776   -0.5261    0.3444
...    15 A-T ...
  -18.4902  -19.7927   34.5139
   -0.4496    0.8722    0.1924
   -0.4133   -0.0122   -0.9105
   -0.7918   -0.4889    0.3660
...    16 T-A ...
  -20.8872  -21.2354   36.4265
   -0.6282    0.7043   -0.3307
   -0.0927   -0.4897   -0.8669
   -0.7725   -0.5139    0.3729
...    17 T-A ...
  -23.4129  -22.6588   37.9717
   -0.5895    0.2533   -0.7670
    0.3007   -0.8124   -0.4995
   -0.7497   -0.5251    0.4028
...    18 T-A ...
  -25.9801  -24.1372   39.3769
   -0.3160   -0.2816   -0.9060
    0.5885   -0.8072    0.0457
   -0.7442   -0.5187    0.4208
...    19 A-T ...
  -28.3640  -26.0791   41.0166
    0.1268   -0.7905   -0.5992
    0.6563   -0.3861    0.6483
   -0.7438   -0.4754    0.4698
...    20 T-A ...
  -31.2516  -27.3948   42.0945
    0.4272   -0.8952   -0.1271
    0.4977    0.1155    0.8596
   -0.7548   -0.4305    0.4949
...    21 T-A ...
  -33.8356  -28.8332   43.4644
    0.6096   -0.6606    0.4380
    0.1418    0.6346    0.7597
   -0.7799   -0.4011    0.4806
...    22 C-G ...
  -36.4286  -30.1196   45.0606
    0.5915   -0.1335    0.7952
   -0.2584    0.9028    0.3437
   -0.7638   -0.4088    0.4995
...    23 G-C ...
  -39.2327  -30.8704   46.8540
    0.4646    0.4575    0.7581
   -0.5528    0.8187   -0.1553
   -0.6917   -0.3470    0.6333
...    24 C-G ...
  -41.2524  -32.2928   49.0199
    0.1463    0.8405    0.5217
   -0.7099    0.4565   -0.5363
   -0.6889   -0.2919    0.6635
...    25 A-T ...
  -43.8939  -33.1061   50.8999
   -0.2366    0.9706    0.0449
   -0.6701   -0.1295   -0.7309
   -0.7035   -0.2030    0.6810
...    26 A-T ...
  -46.1617  -33.5933   53.2243
   -0.5675    0.7185   -0.4021
   -0.4194   -0.6725   -0.6098
   -0.7086   -0.1774    0.6830
...    27 A-T ...
  -48.3451  -33.8814   55.6354
   -0.7119    0.1863   -0.6771
   -0.0063   -0.9658   -0.2592
   -0.7023   -0.1803    0.6887
...    28 G-C ...
  -50.8737  -33.9915   57.9033
   -0.5636   -0.3618   -0.7426
    0.3643   -0.9157    0.1697
   -0.7414   -0.1749    0.6479
...    29 G-C ...
  -53.6665  -34.4039   59.9101
   -0.2004   -0.8220   -0.5331
    0.6104   -0.5304    0.5883
   -0.7663   -0.2075    0.6080
...    30 C-G ...
  -56.4190  -35.0579   61.6040
    0.2128   -0.9689   -0.1260
    0.6027    0.0287    0.7975
   -0.7691   -0.2456    0.5900
...    31 C-G ...
  -59.1966  -35.7865   63.3962
    0.5613   -0.7656    0.3143
    0.3691    0.5714    0.7330
   -0.7408   -0.2954    0.6033
...    32 G-C ...
  -61.3755  -36.4408   65.5424
    0.7388   -0.3131    0.5968
    0.0009    0.8860    0.4637
   -0.6739   -0.3420    0.6549
...    33 G-C ...
  -63.3767  -37.7818   67.8866
    0.6513    0.2687    0.7096
   -0.4298    0.9013    0.0532
   -0.6253   -0.3397    0.7025
...    34 C-G ...
  -65.1903  -39.1455   70.2688
    0.3241    0.7494    0.5774
   -0.7283    0.5872   -0.3534
   -0.6038   -0.3060    0.7360
...    35 C-G ...
  -66.9213  -39.9536   73.1021
   -0.1090    0.9683    0.2248
   -0.7982    0.0495   -0.6004
   -0.5925   -0.2448    0.7675
...    36 C-G ...
  -68.7740  -40.5119   75.8800
   -0.5170    0.8319   -0.2017
   -0.6186   -0.5259   -0.5837
   -0.5917   -0.1770    0.7865
...    37 G-C ...
  -71.0825  -41.8490   78.0532
   -0.7347    0.3921   -0.5536
   -0.2134   -0.9082   -0.3600
   -0.6439   -0.1463    0.7510
...    38 A-T ...
  -73.0817  -42.2757   80.5010
   -0.7145   -0.2263   -0.6620
    0.2732   -0.9614    0.0337
   -0.6441   -0.1567    0.7487
...    39 C-G ...
  -75.4740  -42.4138   82.6574
   -0.4333   -0.6950   -0.5738
    0.6002   -0.6975    0.3916
   -0.6724   -0.1747    0.7193
...    40 A-T ...
  -77.8136  -43.1201   84.9966
    0.0595   -0.9593   -0.2760
    0.7309   -0.1465    0.6666
   -0.6799   -0.2414    0.6925
...    41 C-G ...
  -80.3267  -44.1999   86.8764
    0.4658   -0.8805    0.0880
    0.5797    0.3787    0.7215
   -0.6686   -0.2850    0.6868
...    42 G-C ...
  -82.2664  -44.9020   89.5133
    0.7630   -0.4546    0.4595
    0.1629    0.8232    0.5438
   -0.6255   -0.3401    0.7022
...    43 A-T ...
  -84.3184  -46.0034   91.6885
    0.7109    0.1279    0.6915
   -0.3187    0.9352    0.1546
   -0.6269   -0.3303    0.7056
...    44 C-G ...
  -86.0408  -47.6421   93.9904
    0.4518    0.6289    0.6327
   -0.6670    0.7091   -0.2286
   -0.5924   -0.3187    0.7399
...    45 T-A ...
  -87.5941  -49.0089   96.9541
    0.0004    0.9367    0.3502
   -0.8116    0.2049   -0.5471
   -0.5842   -0.2840    0.7603
...    46 T-A ...
  -89.2769  -49.9469   99.5414
   -0.4479    0.8941    0.0012
   -0.6709   -0.3353   -0.6614
   -0.5909   -0.2971    0.7500
...    47 A-T ...
  -91.4637  -51.1155  101.8559
   -0.7760    0.4625   -0.4289
   -0.2199   -0.8357   -0.5033
   -0.5912   -0.2963    0.7502
...    48 C-G ...
  -93.4357  -51.4306  104.5458
   -0.7586   -0.0582   -0.6489
    0.2315   -0.9551   -0.1851
   -0.6090   -0.2907    0.7380
...    49 T-A ...
  -95.7591  -52.0675  106.9374
   -0.4589   -0.5466   -0.7005
    0.5955   -0.7743    0.2141
   -0.6594   -0.3189    0.6808
...    50 G-C ...
  -98.0350  -53.3501  109.0987
    0.0554   -0.8450   -0.5320
    0.7387   -0.3238    0.5912
   -0.6718   -0.4257    0.6062
...    51 T-A ...
 -100.5264  -54.7102  110.6127
    0.4632   -0.8674   -0.1819
    0.5964    0.1533    0.7879
   -0.6555   -0.4735    0.5883
...    52 A-T ...
 -102.5352  -56.4152  112.6933
    0.7884   -0.5525    0.2705
    0.1739    0.6219    0.7635
   -0.5901   -0.5549    0.5864
...    53 G-C ...
 -104.5113  -58.3274  114.4370
    0.8160   -0.0867    0.5715
   -0.2846    0.8003    0.5278
   -0.5031   -0.5933    0.6284
...    54 G-C ...
 -105.7465  -60.9694  116.5488
    0.5423    0.4331    0.7199
   -0.7211    0.6797    0.1344
   -0.4311   -0.5920    0.6809
...    55 T-A ...
 -106.6574  -63.0771  118.9045
    0.0764    0.7282    0.6811
   -0.9072    0.3341   -0.2555
   -0.4136   -0.5984    0.6862
...    56 A-T ...
 -107.7337  -65.0642  121.4484
   -0.4857    0.7908    0.3725
   -0.7748   -0.1922   -0.6023
   -0.4047   -0.5811    0.7061
...    57 T-A ...
 -108.5262  -66.7039  124.2115
   -0.8389    0.5440    0.0161
   -0.3895   -0.5794   -0.7159
   -0.3802   -0.6069    0.6980
...    58 C-G ...
 -109.8581  -68.5389  126.7378
   -0.8967    0.0495   -0.4398
    0.2396   -0.7812   -0.5765
   -0.3721   -0.6223    0.6887
...    59 T-A ...
 -111.4101  -70.4207  129.0722
   -0.5992   -0.3522   -0.7190
    0.6907   -0.6814   -0.2419
   -0.4047   -0.6416    0.6516
...    60 C-G ...
 -112.7867  -72.5424  131.3477
   -0.0502   -0.6641   -0.7459
    0.9179   -0.3250    0.2276
   -0.3936   -0.6733    0.6259
...    61 G-C ...
 -113.5468  -75.0175  133.4916
    0.5150   -0.5747   -0.6359
    0.8000    0.0558    0.5975
   -0.3079   -0.8165    0.4885
...    62 A-T ...
 -114.4909  -77.6228  135.2812
    0.9059   -0.3663   -0.2124
    0.3580    0.3948    0.8462
   -0.2261   -0.8426    0.4888
...    63 G-C ...
 -115.0663  -80.6007  136.6599
    0.9732   -0.0267    0.2283
   -0.1847    0.5004    0.8459
   -0.1369   -0.8654    0.4820
...    64 C-G ...
 -115.1234  -83.7586  137.9649
    0.6860    0.3057    0.6602
   -0.7228    0.3897    0.5706
   -0.0829   -0.8687    0.4883
...    65 T-A ...
 -115.1862  -86.6420  139.5730
    0.1758    0.4846    0.8569
   -0.9841    0.1093    0.1401
   -0.0257   -0.8679    0.4961
...    66 C-G ...
 -115.5928  -89.3183  141.4370
   -0.4663    0.4373    0.7690
   -0.8837   -0.2708   -0.3818
    0.0412   -0.8576    0.5127
...    67 G-C ...
 -116.4711  -92.6355  142.6154
   -0.9046    0.1879    0.3825
   -0.4227   -0.5097   -0.7493
    0.0542   -0.8396    0.5406
...    68 G-C ...
 -116.1588  -95.4243  144.5649
   -0.9823   -0.1138   -0.1490
    0.1859   -0.4877   -0.8530
    0.0244   -0.8656    0.5002
...    69 G-C ...
 -116.1042  -98.2307  146.4025
   -0.7111   -0.2860   -0.6423
    0.7020   -0.3391   -0.6263
   -0.0387   -0.8962    0.4419
...    70 A-T ...
 -116.4026 -101.1461  148.0509
   -0.1379   -0.4069   -0.9030
    0.9902   -0.0760   -0.1170
   -0.0211   -0.9103    0.4134
...    71 T-A ...
 -117.0751 -104.1264  149.2804
    0.4022   -0.3442   -0.8484
    0.9155    0.1501    0.3732
   -0.0011   -0.9268    0.3755
...    72 C-G ...
 -117.1627 -107.2667  150.3027
    0.8629   -0.1257   -0.4895
    0.5029    0.3094    0.8071
    0.0500   -0.9426    0.3302
...    73 C-G ...
 -117.0876 -110.3834  151.3218
    0.9782    0.2040   -0.0400
   -0.0258    0.3102    0.9503
    0.2062   -0.9285    0.3087
...    74 G-C ...
 -116.1911 -113.2931  152.7566
    0.7539    0.4786    0.4501
   -0.5435    0.0694    0.8366
    0.3692   -0.8753    0.3124
...    75 C-G ...
 -114.2903 -116.0700  153.6614
    0.2931    0.4343    0.8518
   -0.8602   -0.2691    0.4332
    0.4173   -0.8596    0.2947
...    76 T-A ...
 -112.2969 -118.6126  155.1442
   -0.2539    0.1633    0.9533
   -0.8242   -0.5523   -0.1249
    0.5061   -0.8175    0.2748
...    77 T-A ...
 -110.3329 -121.0676  156.1191
   -0.6497   -0.2940    0.7010
   -0.4952   -0.5359   -0.6838
    0.5768   -0.7914    0.2026
...    78 T-A ...
 -108.1573 -123.4028  157.0485
   -0.7505   -0.6403    0.1638
   -0.0263   -0.2187   -0.9754
    0.6604   -0.7363    0.1473
...    79 A-T ...
 -105.4876 -125.4701  156.5769
   -0.4865   -0.7233   -0.4901
    0.4094    0.3068   -0.8592
    0.7718   -0.6186    0.1468
...    80 A-T ...
 -103.0311 -127.4771  157.1863
   -0.1372   -0.4069   -0.9031
    0.5770    0.7083   -0.4067
    0.8051   -0.5769    0.1376
...    81 C-G ...
 -100.6596 -129.8271  157.7737
    0.1812    0.0757   -0.9805
    0.5321    0.8309    0.1625
    0.8271   -0.5512    0.1102
...    82 A-T ...
  -97.8118 -131.6283  158.0406
    0.3527    0.6180   -0.7026
    0.3341    0.6182    0.7115
    0.8741   -0.4857    0.0115
...    83 C-G ...
  -94.9673 -133.2245  157.3887
    0.4266    0.8794   -0.2113
    0.1192    0.1769    0.9770
    0.8965   -0.4420   -0.0293
...    84 T-A ...
  -91.7222 -134.5414  156.7357
    0.3146    0.8496    0.4234
   -0.1125   -0.4096    0.9053
    0.9425   -0.3324   -0.0333
...    85 T-A ...
  -88.5660 -135.3619  156.4069
    0.2145    0.4202    0.8817
   -0.2528   -0.8481    0.4656
    0.9434   -0.3228   -0.0757
...    86 T-A ...
  -85.3825 -136.1149  156.0698
    0.0720   -0.1835    0.9804
   -0.3293   -0.9322   -0.1503
    0.9415   -0.3121   -0.1275
...    87 A-T ...
  -82.1754 -137.4129  155.2431
   -0.0532   -0.8481    0.5271
   -0.3189   -0.4858   -0.8138
    0.9463   -0.2114   -0.2446
...    88 T-A ...
  -78.9054 -137.8758  155.1030
   -0.1936   -0.9798    0.0500
   -0.2603    0.0021   -0.9655
    0.9459   -0.1999   -0.2555
...    89 G-C ...
  -75.7790 -138.7178  154.4238
   -0.3909   -0.7507   -0.5325
   -0.0648    0.5996   -0.7977
    0.9181   -0.2773   -0.2831
...    90 C-G ...
  -72.8827 -139.9711  153.5584
   -0.4093   -0.2764   -0.8695
    0.1229    0.9276   -0.3527
    0.9041   -0.2513   -0.3457
...    91 T-A ...
  -69.8119 -141.1834  152.5482
   -0.3310    0.3256   -0.8857
    0.3217    0.9213    0.2185
    0.8871   -0.2126   -0.4097
...    92 T-A ...
  -67.0782 -141.9483  151.0917
   -0.1822    0.7977   -0.5748
    0.4693    0.5843    0.6621
    0.8640   -0.1492   -0.4809
...    93 C-G ...
  -64.3661 -142.2765  149.2692
    0.0134    0.9993   -0.0346
    0.5182    0.0227    0.8550
    0.8552   -0.0294   -0.5175
...    94 C-G ...
  -61.6345 -142.1672  147.4489
    0.1701    0.8535    0.4925
    0.4670   -0.5099    0.7224
    0.8677    0.1071   -0.4853
...    95 G-C ...
  -58.6620 -141.7551  146.1567
    0.3032    0.3983    0.8657
    0.3886   -0.8812    0.2693
    0.8701    0.2547   -0.4219
...    96 T-A ...
  -55.9815 -140.2958  144.8352
    0.4517   -0.1356    0.8818
    0.1758   -0.9555   -0.2370
    0.8747    0.2620   -0.4078
...    97 C-G ...
  -52.9874 -139.2705  143.9415
    0.4793   -0.6719    0.5647
   -0.0924   -0.6785   -0.7288
    0.8728    0.2971   -0.3872
...    98 A-T ...
  -50.2344 -138.1455  142.3083
    0.2779   -0.9589    0.0568
   -0.3331   -0.1517   -0.9306
    0.9010    0.2397   -0.3615
...    99 T-A ...
  -47.1025 -137.3785  141.6008
    0.0600   -0.8944   -0.4431
   -0.4363    0.3758   -0.8176
    0.8978    0.2424   -0.3677
...   100 G-C ...
  -43.9707 -136.4650  140.4346
   -0.2627   -0.4707   -0.8423
   -0.4162    0.8428   -0.3411
    0.8705    0.2610   -0.4174
...   101 T-A ...
  -40.8573 -136.1223  139.1594
   -0.4517    0.0781   -0.8887
   -0.2244    0.9542    0.1979
    0.8635    0.2889   -0.4135
...   102 T-A ...
  -38.1343 -135.3297  137.7323
   -0.5510    0.5901   -0.5901
    0.0659    0.7356    0.6742
    0.8319    0.3326   -0.4442
...   103 A-T ...
  -35.3831 -133.9089  136.4335
   -0.4764    0.8789   -0.0253
    0.3992    0.2419    0.8844
    0.7834    0.4112   -0.4661
...   104 T-A ...
  -33.2934 -132.5322  134.3350
   -0.2136    0.8679    0.4485
    0.6005   -0.2455    0.7610
    0.7706    0.4319   -0.4687
...   105 A-T ...
  -30.5676 -131.0738  132.9356
    0.1861    0.5103    0.8396
    0.6352   -0.7144    0.2934
    0.7496    0.4788   -0.4571
...   106 A-T ...
  -28.2899 -129.2944  131.5334
    0.5307   -0.0059    0.8475
    0.4218   -0.8655   -0.2701
    0.7351    0.5008   -0.4569
...   107 C-G ...
  -25.9807 -126.9770  130.3620
    0.6992   -0.4843    0.5259
    0.0454   -0.7040   -0.7088
    0.7135    0.5194   -0.4702
...   108 G-C ...
  -23.5968 -125.4556  128.6728
    0.5760   -0.8159   -0.0514
   -0.3939   -0.2219   -0.8920
    0.7163    0.5340   -0.4492
...   109 G-C ...
  -21.1478 -123.6413  127.3408
    0.2152   -0.8379   -0.5016
   -0.6414    0.2660   -0.7196
    0.7364    0.4766   -0.4802
...   110 A-T ...
  -18.7964 -121.8762  125.8088
   -0.2364   -0.5036   -0.8309
   -0.6596    0.7111   -0.2434
    0.7135    0.4905   -0.5003
...   111 G-C ...
  -16.4247 -120.3199  124.1046
   -0.5973   -0.0542   -0.8002
   -0.4373    0.8584    0.2683
    0.6723    0.5102   -0.5364
...   112 C-G ...
  -14.0581 -118.9845  122.0270
   -0.7734    0.4337   -0.4623
   -0.0024    0.7272    0.6864
    0.6339    0.5320   -0.5614
...   113 T-A ...
  -12.0820 -117.2874  119.9539
   -0.6994    0.7143    0.0253
    0.4301    0.3924    0.8130
    0.5708    0.5795   -0.5817
...   114 C-G ...
  -10.3119 -115.1201  118.2040
   -0.3328    0.7826    0.5262
    0.7956   -0.0666    0.6022
    0.5063    0.6190   -0.6004
...   115 G-C ...
   -8.2556 -113.0378  116.5791
    0.1747    0.5394    0.8237
    0.8634   -0.4860    0.1352
    0.4733    0.6876   -0.5506
...   116 T-A ...
   -7.1595 -110.1831  115.1434
    0.6034    0.1563    0.7819
    0.6328   -0.6905   -0.3503
    0.4852    0.7062   -0.5156
...   117 A-T ...
   -5.6409 -107.4884  113.7064
    0.8491   -0.3153    0.4238
    0.1511   -0.6238   -0.7668
    0.5061    0.7151   -0.4821
...   118 T-A ...
   -4.0092 -104.7874  112.7522
    0.8159   -0.5756   -0.0551
   -0.3194   -0.3692   -0.8727
    0.4820    0.7296   -0.4851
...   119 A-T ...
   -2.6822 -102.1922  110.8458
    0.4019   -0.6300   -0.6645
   -0.8026    0.1069   -0.5868
    0.4407    0.7692   -0.4627
...   120 A-T ...
   -0.9881  -99.7551  109.5037
   -0.1451   -0.4560   -0.8781
   -0.8902    0.4475   -0.0853
    0.4319    0.7693   -0.4708
...   121 T-A ...
    0.9400  -97.5790  107.8661
   -0.5978   -0.1448   -0.7884
   -0.6772    0.6175    0.4001
    0.4289    0.7731   -0.4672
...   122 G-C ...
    2.3637  -94.9033  106.1587
   -0.9226    0.1980   -0.3310
   -0.1603    0.5837    0.7960
    0.3509    0.7874   -0.5068
...   123 T-A ...
    3.3598  -92.5514  104.0885
   -0.8771    0.4576    0.1462
    0.3480    0.3955    0.8500
    0.3311    0.7964   -0.5061
...   124 G-C ...
    4.3477  -89.7945  102.3992
   -0.5138    0.5458    0.6619
    0.8161    0.0731    0.5733
    0.2645    0.8348   -0.4829
...   125 T-A ...
    4.7242  -87.0960  100.6834
   -0.0107    0.4635    0.8861
    0.9682   -0.2167    0.1250
    0.2500    0.8592   -0.4464
...   126 C-G ...
    5.4715  -84.2852   99.3794
    0.5726    0.2481    0.7814
    0.7862   -0.4366   -0.4374
    0.2327    0.8648   -0.4450
...   127 G-C ...
    6.7290  -81.6812   97.6735
    0.8811   -0.1396    0.4518
    0.3441   -0.4662   -0.8150
    0.3244    0.8736   -0.3627
...   128 A-T ...
    7.6535  -78.8504   96.5312
    0.9110   -0.3927   -0.1260
   -0.2575   -0.3030   -0.9175
    0.3221    0.8683   -0.3771
...   129 C-G ...
    9.0065  -75.8680   96.0213
    0.6124   -0.5292   -0.5873
   -0.7073   -0.0351   -0.7060
    0.3530    0.8478   -0.3958
...   130 C-G ...
   10.6788  -73.1921   94.7214
    0.0905   -0.5452   -0.8334
   -0.9128    0.2892   -0.2883
    0.3982    0.7868   -0.4715
...   131 A-T ...
   11.2090  -70.2109   93.0987
   -0.5105   -0.3144   -0.8004
   -0.7743    0.5728    0.2688
    0.3740    0.7570   -0.5359
...   132 A-T ...
   12.4543  -67.8337   91.2032
   -0.8705    0.0788   -0.4858
   -0.3212    0.6568    0.6822
    0.3729    0.7499   -0.5465
...   133 A-T ...
   13.7384  -65.6316   89.1298
   -0.8723    0.4889   -0.0045
    0.2600    0.4716    0.8426
    0.4141    0.7338   -0.5385
...   134 T-A ...
   14.7384  -63.4258   86.8199
   -0.5923    0.6747    0.4404
    0.6886    0.1401    0.7115
    0.4183    0.7247   -0.5475
...   135 G-C ...
   15.7317  -61.4928   83.9330
    0.0341    0.7400    0.6717
    0.8636   -0.3601    0.3528
    0.5030    0.5681   -0.6514
...   136 T-A ...
   15.7848  -59.5604   80.7992
    0.5517    0.4998    0.6677
    0.6739   -0.7388   -0.0038
    0.4915    0.4520   -0.7444
...   137 G-C ...
   16.8385  -57.7219   78.2676
    0.8528   -0.0848    0.5153
    0.1507   -0.9048   -0.3983
    0.5000    0.4173   -0.7588
...   138 A-T ...
   18.4282  -55.5286   76.5299
    0.8547   -0.5006    0.1371
   -0.3188   -0.7148   -0.6224
    0.4096    0.4883   -0.7706
...   139 G-C ...
   20.4259  -54.3093   74.5420
    0.5847   -0.7389   -0.3347
   -0.7593   -0.3533   -0.5465
    0.2856    0.5737   -0.7676
...   140 C-G ...
   21.4270  -51.8265   72.7876
    0.1304   -0.7144   -0.6875
   -0.8897    0.2216   -0.3991
    0.4375    0.6637   -0.6067
...   141 G-C ...
   22.1521  -50.1494   67.4640
   -0.4682   -0.8748    0.1248
   -0.8494    0.4066   -0.3364
    0.2435   -0.2635   -0.9334
...   142 C-G ...
   22.3489  -51.2413   64.4933
   -0.8528   -0.5119   -0.1032
   -0.4975    0.8565   -0.1374
    0.1587   -0.0659   -0.9851
...   143 T-A ...
   24.0166  -51.6378   61.9248
   -0.9562    0.0401   -0.2898
    0.0524    0.9980   -0.0348
    0.2878   -0.0485   -0.9564
...   144 C-G ...
   24.8958  -52.7395   58.9873
   -0.7529    0.5560   -0.3520
    0.5214    0.8304    0.1965
    0.4016   -0.0356   -0.9151
...   145 A-T ...
   25.5276  -52.9803   55.8053
   -0.2442    0.9563   -0.1610
    0.8906    0.2869    0.3528
    0.3836   -0.0573   -0.9217
...   146 C-G ...
   25.2778  -52.5122   52.0796
    0.3204    0.9427   -0.0929
    0.8825   -0.2614    0.3909
    0.3443   -0.2072   -0.9157
...   147 A-T ...
   25.6239  -52.5939   48.6396
    0.8597    0.5097    0.0339
    0.4496   -0.7865    0.4233
    0.2424   -0.3487   -0.9053
