  147 base-pairs
...     1 T-A ...
    0.0000    0.0000    0.0000
    1.0000    0.0000    0.0000
    0.0000    1.0000    0.0000
    0.0000    0.0000    1.0000
...     2 G-C ...
   -0.5555   -1.1003    3.3981
    0.7749    0.6051    0.1828
   -0.5991    0.7953   -0.0929
   -0.2016   -0.0375    0.9787
...     3 T-A ...
   -0.6619   -3.0237    6.5348
    0.3046    0.9250    0.2271
   -0.8994    0.3578   -0.2510
   -0.3134   -0.1278    0.9410
...     4 G-C ...
   -1.1607   -3.8418    9.6940
   -0.3351    0.9421    0.0133
   -0.8752   -0.3061   -0.3746
   -0.3489   -0.1372    0.9271
...     5 A-T ...
   -1.3881   -3.6770   12.8999
   -0.7835    0.6162   -0.0801
   -0.5677   -0.7622   -0.3109
   -0.2527   -0.1981    0.9470
...     6 G-C ...
   -2.6236   -3.5448   15.7072
   -0.9923    0.0611   -0.1075
   -0.0294   -0.9610   -0.2748
   -0.1201   -0.2695    0.9555
...     7 C-G ...
   -2.3138   -3.7570   18.8866
   -0.8620   -0.4995   -0.0864
    0.5008   -0.8655    0.0073
   -0.0785   -0.0370    0.9962
...     8 G-C ...
   -3.9561   -6.8109   23.3205
   -0.2581   -0.3560   -0.8981
    0.6294   -0.7673    0.1233
   -0.7330   -0.5335    0.4221
...     9 C-G ...
   -6.1177   -8.9414   24.2385
    0.1143   -0.7320   -0.6716
    0.8123   -0.3203    0.4874
   -0.5720   -0.6013    0.5580
...    10 T-A ...
   -8.5041   -9.6771   26.0540
    0.4660   -0.8587   -0.2131
    0.6274    0.1508    0.7640
   -0.6239   -0.4897    0.6090
...    11 C-G ...
  -11.0625  -11.3174   27.2336
    0.6660   -0.6911    0.2808
    0.3382    0.6152    0.7121
   -0.6649   -0.3794    0.6435
...    12 A-T ...
  -13.0013  -13.1789   29.0658
    0.7188   -0.1490    0.6790
   -0.1787    0.9043    0.3876
   -0.6718   -0.4000    0.6235
...    13 C-G ...
  -14.1788  -15.9359   31.3399
    0.4052    0.2865    0.8682
   -0.5270    0.8492   -0.0343
   -0.7470   -0.4437    0.4951
...    14 A-T ...
  -15.9532  -18.1566   33.3080
   -0.1503    0.6873    0.7107
   -0.6106    0.5008   -0.6135
   -0.7776   -0.5261    0.3444
...    15 A-T ...
  -18.3973  -19.8279   34.6238
   -0.4490    0.8690    0.2082
   -0.4192    0.0009   -0.9079
   -0.7891   -0.4949    0.3639
...    16 T-A ...
  -20.7800  -21.2006   36.4232
   -0.5850    0.7541   -0.2986
   -0.1370   -0.4548   -0.8800
   -0.7994   -0.4739    0.3694
...    17 T-A ...
  -23.4090  -22.5353   37.7951
   -0.5526    0.3432   -0.7595
    0.2192   -0.8193   -0.5297
   -0.8041   -0.4593    0.3776
...    18 T-A ...
  -26.1254  -23.7642   39.1171
   -0.3346   -0.2217   -0.9159
    0.4966   -0.8675    0.0286
   -0.8009   -0.4453    0.4003
...    19 A-T ...
  -28.5179  -25.6160   40.7350
    0.0390   -0.7726   -0.6337
    0.5983   -0.4899    0.6340
   -0.8003   -0.4039    0.4431
...    20 T-A ...
  -31.5283  -26.6858   41.6624
    0.3271   -0.9257   -0.1900
    0.4928   -0.0044    0.8701
   -0.8063   -0.3782    0.4547
...    21 T-A ...
  -34.3047  -27.8821   42.9019
    0.5261   -0.7573    0.3869
    0.2144    0.5584    0.8014
   -0.8229   -0.3387    0.4561
...    22 C-G ...
  -37.0619  -29.0129   44.3500
    0.5635   -0.2484    0.7879
   -0.1439    0.9096    0.3897
   -0.8135   -0.3329    0.4768
...    23 G-C ...
  -39.9298  -29.6661   46.0567
    0.4618    0.3624    0.8096
   -0.4465    0.8836   -0.1408
   -0.7664   -0.2965    0.5699
...    24 C-G ...
  -42.2072  -30.9302   48.1344
    0.1735    0.8103    0.5598
   -0.6315    0.5277   -0.5681
   -0.7557   -0.2550    0.6033
...    25 A-T ...
  -44.8908  -31.5806   50.0556
   -0.1459    0.9880    0.0516
   -0.6374   -0.0539   -0.7687
   -0.7566   -0.1450    0.6376
...    26 A-T ...
  -47.2322  -31.9025   52.2842
   -0.4800    0.7729   -0.4150
   -0.4397   -0.6213   -0.6486
   -0.7591   -0.1289    0.6381
...    27 A-T ...
  -49.6539  -32.0743   54.4493
   -0.6452    0.2632   -0.7173
   -0.0832   -0.9574   -0.2765
   -0.7595   -0.1187    0.6396
...    28 G-C ...
  -52.2775  -32.1216   56.5267
   -0.5427   -0.3005   -0.7843
    0.2675   -0.9470    0.1777
   -0.7962   -0.1133    0.5943
...    29 G-C ...
  -55.1770  -32.3041   58.3024
   -0.2418   -0.7743   -0.5848
    0.5036   -0.6153    0.6065
   -0.8294   -0.1479    0.5387
...    30 C-G ...
  -58.1790  -32.6657   59.7525
    0.1122   -0.9814   -0.1555
    0.5430   -0.0705    0.8368
   -0.8322   -0.1783    0.5250
...    31 C-G ...
  -61.1101  -33.3895   61.3044
    0.4572   -0.8336    0.3100
    0.3694    0.4950    0.7864
   -0.8090   -0.2450    0.5343
...    32 G-C ...
  -63.6880  -33.9345   63.4479
    0.6617   -0.3620    0.6566
    0.0192    0.8836    0.4678
   -0.7495   -0.2969    0.5917
...    33 G-C ...
  -66.1317  -35.1554   65.4411
    0.6147    0.2243    0.7561
   -0.3685    0.9293    0.0238
   -0.6974   -0.2933    0.6540
...    34 C-G ...
  -68.1734  -36.4402   67.7453
    0.3313    0.7203    0.6094
   -0.6579    0.6394   -0.3980
   -0.6763   -0.2690    0.6857
...    35 C-G ...
  -70.2269  -37.2785   70.3027
   -0.0434    0.9738    0.2233
   -0.7494    0.1161   -0.6519
   -0.6607   -0.1956    0.7247
...    36 C-G ...
  -72.2988  -37.6755   72.9593
   -0.4064    0.8820   -0.2385
   -0.6150   -0.4571   -0.6425
   -0.6757   -0.1144    0.7282
...    37 G-C ...
  -74.8623  -38.1577   75.1268
   -0.6183    0.4609   -0.6366
   -0.2900   -0.8866   -0.3602
   -0.7305   -0.0382    0.6819
...    38 A-T ...
  -77.2860  -38.1666   77.3737
   -0.6481   -0.1707   -0.7422
    0.1390   -0.9847    0.1050
   -0.7487   -0.0351    0.6620
...    39 C-G ...
  -79.9558  -37.6984   79.3275
   -0.4501   -0.6758   -0.5836
    0.4613   -0.7356    0.4961
   -0.7646   -0.0459    0.6429
...    40 A-T ...
  -82.4195  -38.0019   81.5935
   -0.0185   -0.9716   -0.2361
    0.6189   -0.1966    0.7605
   -0.7853   -0.1320    0.6049
...    41 C-G ...
  -85.3712  -38.4822   83.0562
    0.3432   -0.9191    0.1935
    0.5220    0.3579    0.7742
   -0.7808   -0.1647    0.6026
...    42 G-C ...
  -87.7613  -38.9273   85.4237
    0.6643   -0.5206    0.5364
    0.2002    0.8153    0.5433
   -0.7202   -0.2535    0.6458
...    43 A-T ...
  -90.0915  -39.8540   87.5653
    0.6716    0.0880    0.7356
   -0.2551    0.9597    0.1181
   -0.6956   -0.2670    0.6670
...    44 C-G ...
  -92.0525  -41.2830   89.8495
    0.4410    0.6000    0.6675
   -0.5907    0.7539   -0.2874
   -0.6757   -0.2676    0.6869
...    45 T-A ...
  -94.0321  -42.2211   92.3709
    0.0685    0.9277    0.3671
   -0.7564    0.2882   -0.5872
   -0.6505   -0.2374    0.7214
...    46 T-A ...
  -95.9399  -43.0244   94.8932
   -0.4146    0.9094   -0.0325
   -0.6451   -0.3189   -0.6944
   -0.6419   -0.2669    0.7189
...    47 A-T ...
  -98.3260  -44.2778   96.9989
   -0.7619    0.4576   -0.4583
   -0.1963   -0.8375   -0.5099
   -0.6172   -0.2986    0.7280
...    48 C-G ...
 -100.3880  -44.6550   99.6163
   -0.7360   -0.0679   -0.6736
    0.2513   -0.9513   -0.1787
   -0.6286   -0.3008    0.7172
...    49 T-A ...
 -102.6820  -45.3985  101.9380
   -0.4394   -0.5621   -0.7007
    0.6120   -0.7583    0.2245
   -0.6575   -0.3302    0.6772
...    50 G-C ...
 -104.7969  -46.7099  104.1968
    0.0733   -0.8574   -0.5094
    0.7441   -0.2931    0.6003
   -0.6641   -0.4230    0.6165
...    51 T-A ...
 -107.3832  -48.0897  105.7408
    0.4921   -0.8593   -0.1395
    0.5881    0.2100    0.7811
   -0.6419   -0.4664    0.6086
...    52 A-T ...
 -109.4079  -49.6984  107.8828
    0.8048   -0.5111    0.3018
    0.1517    0.6688    0.7278
   -0.5738   -0.5399    0.6158
...    53 G-C ...
 -111.1895  -51.7588  109.7876
    0.7990   -0.0223    0.6009
   -0.3286    0.8207    0.4674
   -0.5036   -0.5709    0.6484
...    54 G-C ...
 -112.4975  -53.8539  112.0983
    0.5118    0.4864    0.7082
   -0.7465    0.6597    0.0864
   -0.4251   -0.5729    0.7007
...    55 T-A ...
 -113.3049  -55.9781  114.5429
    0.0263    0.7738    0.6329
   -0.9133    0.2760   -0.2995
   -0.4065   -0.5702    0.7139
...    56 A-T ...
 -115.2720  -57.9665  116.5814
   -0.6376    0.7024    0.3163
   -0.6790   -0.3183   -0.6616
   -0.3640   -0.6366    0.6799
...    57 T-A ...
 -116.0963  -59.7118  119.2979
   -0.9131    0.4036   -0.0580
   -0.2341   -0.6354   -0.7358
   -0.3338   -0.6583    0.6747
...    58 C-G ...
 -117.1661  -61.8321  121.6209
   -0.8636   -0.0740   -0.4988
    0.3845   -0.7366   -0.5564
   -0.3263   -0.6723    0.6645
...    59 T-A ...
 -118.4743  -63.8891  123.9191
   -0.4913   -0.4335   -0.7555
    0.8019   -0.5637   -0.1981
   -0.3400   -0.7031    0.6245
...    60 C-G ...
 -119.6325  -66.1369  126.0435
    0.1078   -0.6477   -0.7543
    0.9424   -0.1750    0.2850
   -0.3166   -0.7415    0.5915
...    61 G-C ...
 -120.3791  -68.6621  128.1730
    0.6625   -0.5026   -0.5554
    0.7178    0.2142    0.6624
   -0.2139   -0.8376    0.5027
...    62 A-T ...
 -121.0390  -71.4558  129.7306
    0.9722   -0.2128   -0.0979
    0.1866    0.4507    0.8730
   -0.1417   -0.8669    0.4779
...    63 G-C ...
 -121.3157  -74.4789  131.0499
    0.9293    0.1469    0.3389
   -0.3676    0.4566    0.8102
   -0.0357   -0.8775    0.4783
...    64 C-G ...
 -120.8915  -77.4758  132.4219
    0.5683    0.4170    0.7093
   -0.8220    0.2502    0.5115
    0.0358   -0.8738    0.4850
...    65 T-A ...
 -120.3488  -80.3115  134.0823
    0.0179    0.5160    0.8564
   -0.9948   -0.0769    0.0671
    0.1005   -0.8531    0.5120
...    66 C-G ...
 -119.9266  -83.0158  135.9535
   -0.5965    0.3402    0.7270
   -0.7911   -0.4023   -0.4608
    0.1357   -0.8500    0.5091
...    67 G-C ...
 -119.8547  -86.0787  137.4016
   -0.9548    0.0447    0.2938
   -0.2700   -0.5441   -0.7944
    0.1243   -0.8378    0.5316
...    68 G-C ...
 -119.3317  -88.8023  139.3828
   -0.9392   -0.2484   -0.2371
    0.3290   -0.4530   -0.8286
    0.0984   -0.8562    0.5072
...    69 G-C ...
 -118.9266  -91.5634  141.3432
   -0.5906   -0.4039   -0.6986
    0.8019   -0.1965   -0.5643
    0.0906   -0.8934    0.4400
...    70 A-T ...
 -118.5949  -94.4136  142.9492
    0.0002   -0.3928   -0.9196
    0.9921    0.1151   -0.0489
    0.1251   -0.9124    0.3898
...    71 T-A ...
 -118.7951  -97.4828  144.0563
    0.4979   -0.2414   -0.8330
    0.8537    0.3056    0.4217
    0.1527   -0.9211    0.3582
...    72 C-G ...
 -118.2700 -100.5170  145.1324
    0.8848    0.0713   -0.4605
    0.4044    0.3732    0.8350
    0.2314   -0.9250    0.3014
...    73 C-G ...
 -117.2430 -103.6569  145.7399
    0.9227    0.3842    0.0314
   -0.1238    0.2182    0.9680
    0.3650   -0.8971    0.2489
...    74 T-A ...
 -115.6883 -106.5259  146.2709
    0.6754    0.5155    0.5273
   -0.5682   -0.0920    0.8177
    0.4701   -0.8519    0.2308
...    75 C-G ...
 -113.8795 -109.1267  147.1673
    0.1896    0.3668    0.9108
   -0.8301   -0.4356    0.3482
    0.5245   -0.8220    0.2219
...    76 A-T ...
 -112.3884 -111.9645  148.1260
   -0.3649    0.0429    0.9300
   -0.7435   -0.6146   -0.2634
    0.5603   -0.7877    0.2562
...    77 T-A ...
 -110.0725 -114.0928  149.2729
   -0.6721   -0.3404    0.6576
   -0.4360   -0.5359   -0.7230
    0.5985   -0.7726    0.2118
...    78 G-C ...
 -108.1698 -116.8187  149.5605
   -0.7983   -0.5988    0.0646
    0.0702   -0.1990   -0.9775
    0.5982   -0.7757    0.2009
...    79 T-A ...
 -106.2820 -119.3263  150.8247
   -0.6270   -0.6101   -0.4844
    0.4764    0.1917   -0.8581
    0.6164   -0.7688    0.1705
...    80 T-A ...
 -104.3498 -121.8318  151.5937
   -0.2220   -0.3798   -0.8980
    0.7287    0.5474   -0.4116
    0.6479   -0.7457    0.1553
...    81 A-T ...
 -102.0929 -124.2702  152.0560
    0.1697    0.1166   -0.9786
    0.7131    0.6709    0.2036
    0.6802   -0.7324    0.0307
...    82 T-A ...
 -100.3030 -126.9748  151.8066
    0.4664    0.4807   -0.7426
    0.5322    0.5181    0.6696
    0.7066   -0.7075   -0.0142
...    83 A-T ...
  -97.8466 -129.1894  151.2830
    0.5162    0.8221   -0.2404
    0.2443    0.1277    0.9613
    0.8209   -0.5549   -0.1349
...    84 A-T ...
  -95.1245 -130.7992  150.6457
    0.5145    0.7788    0.3588
   -0.0546   -0.3878    0.9201
    0.8558   -0.4929   -0.1570
...    85 C-G ...
  -92.1371 -131.8631  149.6703
    0.3765    0.4645    0.8016
   -0.2752   -0.7701    0.5755
    0.8846   -0.4373   -0.1621
...    86 G-C ...
  -89.1222 -133.4542  149.7057
    0.1013   -0.0612    0.9930
   -0.3426   -0.9392   -0.0229
    0.9340   -0.3379   -0.1161
...    87 G-C ...
  -85.8343 -134.3794  149.6406
   -0.1299   -0.5908    0.7963
   -0.2956   -0.7435   -0.5998
    0.9465   -0.3133   -0.0781
...    88 A-T ...
  -82.6249 -135.2756  149.4208
   -0.2493   -0.9393    0.2359
   -0.1606   -0.2001   -0.9665
    0.9550   -0.2788   -0.1010
...    89 G-C ...
  -79.3723 -136.1255  149.3318
   -0.3085   -0.8824   -0.3552
   -0.0233    0.3803   -0.9246
    0.9510   -0.2769   -0.1379
...    90 C-G ...
  -76.1484 -137.0920  149.2564
   -0.3014   -0.4964   -0.8141
    0.1185    0.8277   -0.5485
    0.9461   -0.2617   -0.1907
...    91 T-A ...
  -73.0603 -138.1763  148.6300
   -0.2640    0.0618   -0.9625
    0.2439    0.9698   -0.0046
    0.9332   -0.2360   -0.2711
...    92 T-A ...
  -70.0955 -139.0408  147.6811
   -0.1330    0.6226   -0.7712
    0.3448    0.7585    0.5530
    0.9292   -0.1924   -0.3155
...    93 T-A ...
  -67.1609 -139.6429  146.4882
    0.0189    0.9561   -0.2925
    0.3742    0.2645    0.8888
    0.9272   -0.1263   -0.3528
...    94 A-T ...
  -64.0764 -139.6785  145.1715
    0.0901    0.9391    0.3315
    0.3612   -0.3410    0.8679
    0.9281    0.0416   -0.3700
...    95 A-T ...
  -61.1355 -139.2811  143.8634
    0.2672    0.5624    0.7825
    0.2758   -0.8227    0.4971
    0.9233    0.0830   -0.3749
...    96 C-G ...
  -58.2117 -138.2868  142.5523
    0.3659    0.0205    0.9304
    0.1229   -0.9921   -0.0265
    0.9225    0.1241   -0.3655
...    97 A-T ...
  -55.0815 -138.1556  141.3668
    0.3408   -0.5943    0.7285
   -0.0863   -0.7914   -0.6052
    0.9362    0.1434   -0.3210
...    98 C-G ...
  -51.8591 -137.2521  140.8032
    0.2545   -0.9315    0.2600
   -0.2592   -0.3247   -0.9096
    0.9317    0.1641   -0.3240
...    99 T-A ...
  -48.6452 -136.6779  139.9906
    0.0535   -0.9524   -0.3001
   -0.3662    0.2609   -0.8932
    0.9290    0.1577   -0.3348
...   100 T-A ...
  -45.5284 -136.1600  139.1563
   -0.1455   -0.5942   -0.7910
   -0.3578    0.7770   -0.5179
    0.9224    0.2077   -0.3257
...   101 T-A ...
  -42.4621 -135.6168  138.2128
   -0.3336   -0.0142   -0.9426
   -0.2249    0.9722    0.0649
    0.9155    0.2337   -0.3275
...   102 A-T ...
  -39.4450 -134.5045  137.1726
   -0.4761    0.5770   -0.6636
    0.0365    0.7669    0.6407
    0.8786    0.2808   -0.3862
...   103 T-A ...
  -36.7624 -133.9280  135.3864
   -0.4178    0.8805   -0.2240
    0.2822    0.3601    0.8892
    0.8636    0.3083   -0.3989
...   104 G-C ...
  -33.9238 -132.5208  134.2125
   -0.2775    0.8776    0.3908
    0.5205   -0.2045    0.8290
    0.8075    0.4335   -0.4001
...   105 C-G ...
  -31.5931 -130.6555  132.7025
    0.0266    0.5865    0.8095
    0.6207   -0.6445    0.4466
    0.7836    0.4906   -0.3812
...   106 T-A ...
  -29.1802 -128.6493  131.5283
    0.3345    0.1016    0.9369
    0.5404   -0.8352   -0.1023
    0.7721    0.5405   -0.3343
...   107 T-A ...
  -26.8172 -126.6322  130.5127
    0.6253   -0.3996    0.6702
    0.2312   -0.7254   -0.6483
    0.7453    0.5604   -0.3612
...   108 C-G ...
  -24.3249 -124.7165  129.4239
    0.6404   -0.7592    0.1163
   -0.2054   -0.3152   -0.9265
    0.7401    0.5694   -0.3578
...   109 C-G ...
  -21.7199 -122.7602  128.4285
    0.3667   -0.8274   -0.4254
   -0.5348    0.1867   -0.8241
    0.7613    0.5297   -0.3740
...   110 G-C ...
  -19.5080 -120.6880  126.8622
   -0.0865   -0.5947   -0.7993
   -0.6577    0.6367   -0.4025
    0.7483    0.4909   -0.4462
...   111 G-C ...
  -16.8653 -119.1179  125.4399
   -0.5081   -0.1645   -0.8454
   -0.4969    0.8577    0.1318
    0.7035    0.4871   -0.5176
...   112 C-G ...
  -14.4090 -117.8623  123.5680
   -0.7386    0.3193   -0.5937
   -0.1254    0.8002    0.5865
    0.6624    0.5076   -0.5510
...   113 T-A ...
  -12.3790 -116.2750  121.4611
   -0.7369    0.6639   -0.1275
    0.3164    0.5054    0.8028
    0.5974    0.5513   -0.5824
...   114 C-G ...
  -10.5577 -114.3637  119.4974
   -0.4239    0.8072    0.4108
    0.7109    0.0155    0.7031
    0.5612    0.5901   -0.5804
...   115 G-C ...
   -8.5008 -112.1621  117.9194
    0.0081    0.5967    0.8024
    0.8596   -0.4142    0.2993
    0.5109    0.6874   -0.5162
...   116 T-A ...
   -7.3485 -109.4835  116.2854
    0.4649    0.2569    0.8472
    0.7236   -0.6616   -0.1964
    0.5101    0.7044   -0.4935
...   117 A-T ...
   -5.4104 -107.3960  114.4012
    0.8408   -0.2273    0.4912
    0.2357   -0.6633   -0.7103
    0.4873    0.7130   -0.5041
...   118 T-A ...
   -3.8669 -104.6612  113.3205
    0.8474   -0.5300    0.0319
   -0.2457   -0.4447   -0.8613
    0.4707    0.7220   -0.5071
...   119 A-T ...
   -2.6945 -102.2630  111.1529
    0.4797   -0.6602   -0.5780
   -0.7618    0.0135   -0.6477
    0.4354    0.7510   -0.4964
...   120 A-T ...
   -1.0870  -99.8376  109.6803
   -0.0623   -0.5050   -0.8609
   -0.9032    0.3955   -0.1666
    0.4246    0.7672   -0.4808
...   121 T-A ...
    0.8607  -97.6878  108.0961
   -0.5262   -0.2185   -0.8218
   -0.7379    0.5976    0.3136
    0.4226    0.7714   -0.4757
...   122 G-C ...
    1.9579  -94.8928  106.5723
   -0.8973    0.1178   -0.4254
   -0.2649    0.6271    0.7325
    0.3531    0.7700   -0.5315
...   123 T-A ...
    3.0230  -92.6979  104.3050
   -0.9070    0.4169    0.0598
    0.2690    0.4643    0.8438
    0.3240    0.7814   -0.5333
...   124 G-C ...
    4.0495  -89.8611  102.8087
   -0.5912    0.5411    0.5981
    0.7674    0.1493    0.6235
    0.2481    0.8276   -0.5035
...   125 T-A ...
    4.2424  -87.0827  100.9636
   -0.0826    0.5120    0.8550
    0.9674   -0.1650    0.1923
    0.2396    0.8430   -0.4817
...   126 C-G ...
    4.9470  -84.2223   99.4564
    0.5202    0.2839    0.8055
    0.8187   -0.4342   -0.3757
    0.2431    0.8549   -0.4583
...   127 G-C ...
    6.1064  -81.4890   97.8007
    0.8737   -0.1081    0.4743
    0.3674   -0.4925   -0.7890
    0.3189    0.8636   -0.3906
...   128 A-T ...
    7.1483  -78.5893   96.5975
    0.9070   -0.4101   -0.0957
   -0.2411   -0.3195   -0.9164
    0.3452    0.8543   -0.3886
...   129 C-G ...
    8.5818  -75.6620   95.8801
    0.6184   -0.5416   -0.5694
   -0.6936   -0.0355   -0.7195
    0.3695    0.8399   -0.3976
...   130 C-G ...
   10.0971  -72.9147   94.5973
    0.0834   -0.5328   -0.8421
   -0.9122    0.2994   -0.2798
    0.4013    0.7915   -0.4610
...   131 A-T ...
   11.1437  -70.1603   92.9665
   -0.5140   -0.3147   -0.7980
   -0.7679    0.5833    0.2647
    0.3821    0.7488   -0.5415
...   132 A-T ...
   12.5015  -67.8795   91.0828
   -0.8666    0.1006   -0.4888
   -0.3102    0.6587    0.6855
    0.3909    0.7456   -0.5397
...   133 A-T ...
   13.7619  -65.5966   89.1281
   -0.8725    0.4885    0.0064
    0.2689    0.4693    0.8411
    0.4079    0.7356   -0.5409
...   134 T-A ...
   14.7384  -63.4257   86.8200
   -0.5923    0.6747    0.4404
    0.6886    0.1401    0.7115
    0.4183    0.7247   -0.5475
...   135 G-C ...
   15.7317  -61.4927   83.9331
    0.0341    0.7400    0.6717
    0.8636   -0.3601    0.3528
    0.5030    0.5681   -0.6514
...   136 T-A ...
   15.7848  -59.5603   80.7993
    0.5517    0.4998    0.6677
    0.6739   -0.7388   -0.0038
    0.4915    0.4520   -0.7444
...   137 G-C ...
   16.8385  -57.7218   78.2676
    0.8528   -0.0848    0.5153
    0.1507   -0.9048   -0.3983
    0.5000    0.4173   -0.7588
...   138 A-T ...
   18.4282  -55.5286   76.5299
    0.8547   -0.5006    0.1371
   -0.3188   -0.7148   -0.6224
    0.4096    0.4883   -0.7706
...   139 G-C ...
   20.4259  -54.3092   74.5420
    0.5847   -0.7389   -0.3347
   -0.7593   -0.3533   -0.5465
    0.2856    0.5737   -0.7676
...   140 C-G ...
   21.4270  -51.8265   72.7876
    0.1304   -0.7144   -0.6875
   -0.8897    0.2216   -0.3991
    0.4375    0.6637   -0.6067
...   141 G-C ...
   22.1521  -50.1493   67.4640
   -0.4682   -0.8748    0.1248
   -0.8494    0.4066   -0.3364
    0.2435   -0.2635   -0.9334
...   142 C-G ...
   22.3489  -51.2412   64.4934
   -0.8528   -0.5119   -0.1032
   -0.4975    0.8565   -0.1374
    0.1587   -0.0659   -0.9851
...   143 T-A ...
   24.0166  -51.6377   61.9248
   -0.9562    0.0401   -0.2898
    0.0524    0.9980   -0.0348
    0.2878   -0.0485   -0.9564
...   144 C-G ...
   24.8958  -52.7394   58.9873
   -0.7529    0.5560   -0.3520
    0.5214    0.8304    0.1965
    0.4016   -0.0356   -0.9151
...   145 A-T ...
   25.5276  -52.9802   55.8053
   -0.2442    0.9563   -0.1610
    0.8906    0.2869    0.3528
    0.3836   -0.0573   -0.9217
...   146 C-G ...
   25.2778  -52.5121   52.0796
    0.3204    0.9427   -0.0929
    0.8825   -0.2614    0.3909
    0.3443   -0.2072   -0.9157
...   147 A-T ...
   25.6239  -52.5939   48.6396
    0.8597    0.5097    0.0339
    0.4496   -0.7865    0.4233
    0.2424   -0.3487   -0.9053
