  147 base-pairs
...     1 T-A ...
    0.0000    0.0000    0.0000
    1.0000    0.0000    0.0000
    0.0000    1.0000    0.0000
    0.0000    0.0000    1.0000
...     2 G-C ...
   -0.5555   -1.1003    3.3981
    0.7749    0.6051    0.1828
   -0.5991    0.7953   -0.0929
   -0.2016   -0.0375    0.9787
...     3 T-A ...
   -0.6619   -3.0237    6.5348
    0.3046    0.9250    0.2271
   -0.8994    0.3578   -0.2510
   -0.3134   -0.1278    0.9410
...     4 G-C ...
   -1.1607   -3.8418    9.6940
   -0.3351    0.9421    0.0133
   -0.8752   -0.3061   -0.3746
   -0.3489   -0.1372    0.9271
...     5 A-T ...
   -1.3881   -3.6770   12.8999
   -0.7835    0.6162   -0.0801
   -0.5677   -0.7622   -0.3109
   -0.2527   -0.1981    0.9470
...     6 G-C ...
   -2.6236   -3.5448   15.7072
   -0.9923    0.0611   -0.1075
   -0.0294   -0.9610   -0.2748
   -0.1201   -0.2695    0.9555
...     7 C-G ...
   -2.3138   -3.7570   18.8866
   -0.8620   -0.4995   -0.0864
    0.5008   -0.8655    0.0073
   -0.0785   -0.0370    0.9962
...     8 G-C ...
   -3.9561   -6.8109   23.3205
   -0.2581   -0.3560   -0.8981
    0.6294   -0.7673    0.1233
   -0.7330   -0.5335    0.4221
...     9 C-G ...
   -6.1177   -8.9414   24.2385
    0.1143   -0.7320   -0.6716
    0.8123   -0.3203    0.4874
   -0.5720   -0.6013    0.5580
...    10 T-A ...
   -8.5041   -9.6771   26.0540
    0.4660   -0.8587   -0.2131
    0.6274    0.1508    0.7640
   -0.6239   -0.4897    0.6090
...    11 C-G ...
  -11.0625  -11.3174   27.2336
    0.6660   -0.6911    0.2808
    0.3382    0.6152    0.7121
   -0.6649   -0.3794    0.6435
...    12 A-T ...
  -13.0013  -13.1789   29.0658
    0.7188   -0.1490    0.6790
   -0.1787    0.9043    0.3876
   -0.6718   -0.4000    0.6235
...    13 C-G ...
  -14.1788  -15.9359   31.3399
    0.4052    0.2865    0.8682
   -0.5270    0.8492   -0.0343
   -0.7470   -0.4437    0.4951
...    14 A-T ...
  -15.9532  -18.1566   33.3080
   -0.1503    0.6873    0.7107
   -0.6106    0.5008   -0.6135
   -0.7776   -0.5261    0.3444
...    15 A-T ...
  -18.3841  -19.8434   34.6364
   -0.4572    0.8640    0.2109
   -0.4193   -0.0003   -0.9078
   -0.7843   -0.5035    0.3624
...    16 T-A ...
  -20.7456  -21.2609   36.4411
   -0.5989    0.7447   -0.2944
   -0.1308   -0.4537   -0.8815
   -0.7900   -0.4894    0.3692
...    17 T-A ...
  -23.3329  -22.6585   37.8379
   -0.5681    0.3298   -0.7540
    0.2377   -0.8114   -0.5339
   -0.7879   -0.4825    0.3826
...    18 T-A ...
  -25.9938  -23.9692   39.1976
   -0.3389   -0.2309   -0.9120
    0.5254   -0.8506    0.0201
   -0.7804   -0.4723    0.4096
...    19 A-T ...
  -28.2864  -25.9050   40.8577
    0.0583   -0.7663   -0.6398
    0.6268   -0.4708    0.6209
   -0.7770   -0.4372    0.4529
...    20 T-A ...
  -31.2294  -27.1038   41.8257
    0.3623   -0.9089   -0.2062
    0.5082    0.0072    0.8612
   -0.7813   -0.4169    0.4645
...    21 T-A ...
  -33.9132  -28.4437   43.1108
    0.5722   -0.7366    0.3607
    0.2058    0.5546    0.8062
   -0.7939   -0.3871    0.4689
...    22 C-G ...
  -36.5547  -29.7511   44.6128
    0.5996   -0.2343    0.7652
   -0.1806    0.8919    0.4146
   -0.7796   -0.3868    0.4925
...    23 G-C ...
  -39.2918  -30.6272   46.4236
    0.4702    0.3684    0.8020
   -0.5032    0.8585   -0.0993
   -0.7251   -0.3568    0.5890
...    24 C-G ...
  -41.3920  -32.0740   48.5679
    0.1463    0.8038    0.5766
   -0.6865    0.5022   -0.5259
   -0.7123   -0.3189    0.6253
...    25 A-T ...
  -43.9355  -32.9465   50.5870
   -0.2079    0.9740    0.0900
   -0.6667   -0.0738   -0.7416
   -0.7157   -0.2142    0.6648
...    26 A-T ...
  -46.1375  -33.4994   52.9134
   -0.5536    0.7485   -0.3651
   -0.4253   -0.6310   -0.6488
   -0.7160   -0.2039    0.6677
...    27 A-T ...
  -48.4220  -33.9205   55.1933
   -0.7010    0.2349   -0.6734
   -0.0248   -0.9517   -0.3062
   -0.7128   -0.1979    0.6729
...    28 G-C ...
  -50.9068  -34.2470   57.4114
   -0.5616   -0.3178   -0.7640
    0.3509   -0.9276    0.1279
   -0.7493   -0.1963    0.6324
...    29 G-C ...
  -53.6547  -34.7212   59.3601
   -0.2135   -0.7722   -0.5984
    0.5880   -0.5908    0.5525
   -0.7802   -0.2339    0.5802
...    30 C-G ...
  -56.5177  -35.3736   60.9750
    0.1823   -0.9627   -0.2001
    0.5992   -0.0526    0.7989
   -0.7796   -0.2655    0.5672
...    31 C-G ...
  -59.2713  -36.3951   62.6734
    0.5445   -0.8019    0.2458
    0.3786    0.4966    0.7811
   -0.7484   -0.3322    0.5740
...    32 G-C ...
  -61.6390  -37.2511   64.9501
    0.7350   -0.3277    0.5936
   -0.0219    0.8636    0.5037
   -0.6777   -0.3832    0.6276
...    33 G-C ...
  -63.8052  -38.7701   67.0565
    0.6487    0.2472    0.7198
   -0.4427    0.8919    0.0926
   -0.6190   -0.3787    0.6880
...    34 C-G ...
  -65.5411  -40.3197   69.4453
    0.3162    0.7216    0.6159
   -0.7381    0.5950   -0.3181
   -0.5960   -0.3540    0.7207
...    35 C-G ...
  -67.3003  -41.4361   72.1149
   -0.1057    0.9568    0.2710
   -0.8061    0.0771   -0.5867
   -0.5822   -0.2805    0.7631
...    36 C-G ...
  -69.1066  -42.1152   74.9051
   -0.4952    0.8530   -0.1649
   -0.6258   -0.4819   -0.6133
   -0.6026   -0.2005    0.7724
...    37 G-C ...
  -71.4359  -42.9001   77.2403
   -0.7044    0.4317   -0.5634
   -0.2462   -0.8931   -0.3765
   -0.6657   -0.1265    0.7354
...    38 A-T ...
  -73.6540  -43.2035   79.6711
   -0.6926   -0.1956   -0.6943
    0.2263   -0.9728    0.0484
   -0.6849   -0.1236    0.7181
...    39 C-G ...
  -76.1767  -43.0397   81.8557
   -0.4429   -0.6883   -0.5745
    0.5593   -0.7129    0.4230
   -0.7007   -0.1339    0.7008
...    40 A-T ...
  -78.3912  -43.6422   84.3089
    0.0375   -0.9609   -0.2745
    0.6959   -0.1720    0.6972
   -0.7171   -0.2172    0.6622
...    41 C-G ...
  -81.1562  -44.4195   85.9939
    0.4286   -0.8946    0.1263
    0.5581    0.3721    0.7417
   -0.7105   -0.2474    0.6588
...    42 G-C ...
  -83.2902  -45.1285   88.5337
    0.7456   -0.4840    0.4581
    0.1849    0.8106    0.5557
   -0.6403   -0.3296    0.6939
...    43 A-T ...
  -85.3537  -46.3022   90.8222
    0.7250    0.1159    0.6790
   -0.3134    0.9333    0.1753
   -0.6133   -0.3399    0.7129
...    44 C-G ...
  -86.9983  -47.9474   93.2072
    0.4540    0.6105    0.6490
   -0.6658    0.7165   -0.2082
   -0.5920   -0.3376    0.7318
...    45 T-A ...
  -88.6746  -49.1094   95.8511
    0.0380    0.9192    0.3919
   -0.8229    0.2512   -0.5096
   -0.5669   -0.3031    0.7660
...    46 T-A ...
  -90.2966  -50.1126   98.4963
   -0.4711    0.8815    0.0323
   -0.6828   -0.3413   -0.6460
   -0.5584   -0.3263    0.7627
...    47 A-T ...
  -92.3947  -51.5264  100.7838
   -0.8178    0.4313   -0.3811
   -0.1988   -0.8330   -0.5163
   -0.5401   -0.3465    0.7670
...    48 C-G ...
  -94.2121  -52.0656  103.5455
   -0.7849   -0.0848   -0.6137
    0.2768   -0.9343   -0.2248
   -0.5543   -0.3464    0.7568
...    49 T-A ...
  -96.2782  -52.9669  106.0174
   -0.4716   -0.5643   -0.6777
    0.6577   -0.7369    0.1559
   -0.5874   -0.3722    0.7187
...    50 G-C ...
  -98.1376  -54.4300  108.4014
    0.0644   -0.8455   -0.5301
    0.7992   -0.2744    0.5347
   -0.5976   -0.4581    0.6581
...    51 T-A ...
 -100.5446  -55.9362  110.1172
    0.5086   -0.8398   -0.1898
    0.6388    0.2202    0.7372
   -0.5773   -0.4962    0.6485
...    52 A-T ...
 -102.3349  -57.5960  112.4303
    0.8349   -0.4901    0.2505
    0.1798    0.6730    0.7175
   -0.5202   -0.5540    0.6500
...    53 G-C ...
 -103.9488  -59.6986  114.4400
    0.8332   -0.0033    0.5530
   -0.3180    0.8153    0.4839
   -0.4524   -0.5790    0.6783
...    54 G-C ...
 -105.1056  -61.8206  116.8079
    0.5423    0.4992    0.6758
   -0.7511    0.6485    0.1237
   -0.3765   -0.5746    0.7267
...    55 T-A ...
 -105.7472  -63.9461  119.2996
    0.0515    0.7797    0.6240
   -0.9313    0.2631   -0.2518
   -0.3605   -0.5682    0.7397
...    56 A-T ...
 -107.5125  -65.9138  121.5025
   -0.6110    0.7161    0.3375
   -0.7196   -0.3246   -0.6139
   -0.3301   -0.6179    0.7136
...    57 T-A ...
 -108.2003  -67.5860  124.2946
   -0.9077    0.4192   -0.0170
   -0.2862   -0.6483   -0.7056
   -0.3068   -0.6356    0.7084
...    58 C-G ...
 -109.1969  -69.6213  126.7176
   -0.8905   -0.0630   -0.4505
    0.3349   -0.7610   -0.5557
   -0.3078   -0.6457    0.6988
...    59 T-A ...
 -110.4495  -71.5763  129.1298
   -0.5423   -0.4375   -0.7173
    0.7720   -0.5964   -0.2199
   -0.3315   -0.6730    0.6612
...    60 C-G ...
 -111.5905  -73.7358  131.3512
    0.0477   -0.6756   -0.7358
    0.9471   -0.2034    0.2482
   -0.3173   -0.7087    0.6301
...    61 G-C ...
 -112.3201  -76.1747  133.5839
    0.6166   -0.5562   -0.5572
    0.7515    0.2046    0.6272
   -0.2348   -0.8055    0.5441
...    62 A-T ...
 -113.0673  -78.8713  135.2819
    0.9558   -0.2710   -0.1143
    0.2367    0.4782    0.8458
   -0.1746   -0.8354    0.5212
...    63 G-C ...
 -113.4911  -81.8131  136.7518
    0.9440    0.1040    0.3132
   -0.3203    0.5171    0.7937
   -0.0794   -0.8496    0.5215
...    64 C-G ...
 -113.2658  -84.7713  138.2564
    0.6076    0.4122    0.6789
   -0.7941    0.3321    0.5090
   -0.0156   -0.8484    0.5291
...    65 T-A ...
 -112.9065  -87.5572  140.0498
    0.0683    0.5582    0.8269
   -0.9968    0.0028    0.0804
    0.0425   -0.8297    0.5566
...    66 C-G ...
 -112.6702  -90.1946  142.0410
   -0.5580    0.4306    0.7094
   -0.8269   -0.3603   -0.4318
    0.0696   -0.8275    0.5571
...    67 G-C ...
 -112.8329  -93.1553  143.6817
   -0.9435    0.1572    0.2917
   -0.3282   -0.5639   -0.7578
    0.0454   -0.8108    0.5836
...    68 G-C ...
 -112.6053  -95.7741  145.8485
   -0.9620   -0.1597   -0.2215
    0.2729   -0.5409   -0.7956
    0.0073   -0.8258    0.5639
...    69 G-C ...
 -112.5588  -98.4294  147.9834
   -0.6368   -0.3789   -0.6715
    0.7709   -0.3303   -0.5446
   -0.0154   -0.8645    0.5025
...    70 A-T ...
 -112.5930 -101.1937  149.7652
   -0.0490   -0.4563   -0.8885
    0.9988   -0.0146   -0.0476
    0.0088   -0.8897    0.4564
...    71 T-A ...
 -113.1888 -104.1255  151.0952
    0.4654   -0.3676   -0.8051
    0.8846    0.2247    0.4087
    0.0307   -0.9024    0.4298
...    72 C-G ...
 -113.0716 -107.1170  152.4050
    0.8910   -0.0876   -0.4455
    0.4431    0.3818    0.8111
    0.0990   -0.9201    0.3790
...    73 C-G ...
 -112.5112 -110.3103  153.3007
    0.9682    0.2486    0.0274
   -0.1074    0.3143    0.9432
    0.2259   -0.9162    0.3310
...    74 G-C ...
 -111.3792 -113.1471  154.7806
    0.6994    0.4932    0.5173
   -0.6047    0.0226    0.7961
    0.3809   -0.8696    0.3140
...    75 C-G ...
 -109.5758 -115.8005  155.7293
    0.2266    0.4425    0.8677
   -0.8700   -0.3085    0.3845
    0.4378   -0.8420    0.3151
...    76 T-A ...
 -107.7846 -118.3816  156.8866
   -0.3046    0.2015    0.9309
   -0.8237   -0.5465   -0.1512
    0.4782   -0.8129    0.3325
...    77 T-A ...
 -105.9230 -120.8342  158.0180
   -0.6997   -0.2428    0.6719
   -0.4750   -0.5444   -0.6914
    0.5336   -0.8029    0.2656
...    78 T-A ...
 -103.9693 -123.2444  159.0885
   -0.7975   -0.5889    0.1310
    0.0304   -0.2560   -0.9662
    0.6026   -0.7666    0.2221
...    79 A-T ...
 -101.4770 -125.6548  159.1518
   -0.5042   -0.6597   -0.5573
    0.5278    0.2754   -0.8035
    0.6835   -0.6993    0.2093
...    80 A-T ...
  -99.3575 -127.9754  159.9981
   -0.0923   -0.3662   -0.9260
    0.7006    0.6370   -0.3217
    0.7076   -0.6784    0.1977
...    81 C-G ...
  -97.4729 -130.5916  160.6934
    0.2579    0.0769   -0.9631
    0.6339    0.7388    0.2287
    0.7292   -0.6695    0.1418
...    82 A-T ...
  -94.8708 -132.6992  161.1470
    0.4543    0.5905   -0.6671
    0.3933    0.5389    0.7449
    0.7993   -0.6008    0.0126
...    83 C-G ...
  -92.4112 -134.7823  160.5579
    0.5367    0.8274   -0.1656
    0.1164    0.1218    0.9857
    0.8357   -0.5483   -0.0309
...    84 T-A ...
  -89.5124 -136.3344  160.1197
    0.4383    0.8028    0.4043
   -0.1348   -0.3860    0.9126
    0.8887   -0.4545   -0.0609
...    85 T-A ...
  -86.5395 -137.5965  159.7577
    0.2807    0.4155    0.8652
   -0.3396   -0.8001    0.4944
    0.8977   -0.4326   -0.0835
...    86 T-A ...
  -83.4903 -138.7115  159.3907
    0.0704   -0.1737    0.9823
   -0.4270   -0.8952   -0.1277
    0.9015   -0.4104   -0.1372
...    87 A-T ...
  -80.7843 -140.6762  158.3032
   -0.1138   -0.8160    0.5668
   -0.3882   -0.4886   -0.7814
    0.9145   -0.3090   -0.2612
...    88 T-A ...
  -77.5308 -141.4176  158.0492
   -0.2547   -0.9660    0.0456
   -0.2860    0.0302   -0.9577
    0.9238   -0.2569   -0.2840
...    89 G-C ...
  -74.5270 -142.0634  156.7301
   -0.4143   -0.7361   -0.5353
   -0.0947    0.6198   -0.7790
    0.9052   -0.2720   -0.3265
...    90 C-G ...
  -71.4438 -143.1431  155.9894
   -0.4400   -0.2463   -0.8636
    0.1211    0.9366   -0.3288
    0.8898   -0.2492   -0.3822
...    91 T-A ...
  -68.5915 -144.1952  154.6551
   -0.3878    0.3202   -0.8643
    0.3278    0.9243    0.1954
    0.8615   -0.2075   -0.4635
...    92 T-A ...
  -65.8972 -144.9389  153.0453
   -0.1934    0.8008   -0.5668
    0.4911    0.5792    0.6507
    0.8494   -0.1525   -0.5053
...    93 C-G ...
  -63.1845 -145.2782  151.2723
    0.0567    0.9978   -0.0338
    0.5399   -0.0022    0.8417
    0.8398   -0.0660   -0.5388
...    94 C-G ...
  -60.4947 -144.9694  149.2559
    0.2500    0.8330    0.4935
    0.4828   -0.5490    0.6822
    0.8393    0.0678   -0.5395
...    95 G-C ...
  -57.3961 -144.5327  147.9296
    0.3957    0.3557    0.8467
    0.3490   -0.9110    0.2196
    0.8495    0.2086   -0.4846
...    96 G-C ...
  -54.4397 -143.3919  146.6558
    0.4832   -0.2354    0.8433
    0.1223   -0.9356   -0.3312
    0.8670    0.2631   -0.4233
...    97 C-G ...
  -51.4641 -142.2123  145.5839
    0.4656   -0.7309    0.4990
   -0.1544   -0.6223   -0.7674
    0.8714    0.2802   -0.4026
...    98 T-A ...
  -48.4432 -141.1664  144.5338
    0.2951   -0.9551   -0.0244
   -0.3843   -0.0952   -0.9183
    0.8748    0.2804   -0.3951
...    99 C-G ...
  -45.5203 -140.1292  143.3163
   -0.0019   -0.8033   -0.5955
   -0.5081    0.5137   -0.6913
    0.8613    0.3013   -0.4092
...   100 G-C ...
  -42.8826 -138.5872  141.8060
   -0.3810   -0.3733   -0.8459
   -0.4415    0.8773   -0.1883
    0.8123    0.3017   -0.4991
...   101 T-A ...
  -40.0444 -138.1534  140.1335
   -0.5947    0.1460   -0.7906
   -0.1810    0.9338    0.3086
    0.7833    0.3266   -0.5289
...   102 A-T ...
  -37.5052 -136.8783  138.3496
   -0.6716    0.6350   -0.3818
    0.2226    0.6645    0.7134
    0.7067    0.3941   -0.5876
...   103 T-A ...
  -35.5460 -135.8621  135.9401
   -0.4914    0.8690    0.0582
    0.5399    0.2514    0.8033
    0.6834    0.4262   -0.5927
...   104 A-T ...
  -33.3910 -134.1565  134.0168
   -0.1585    0.7909    0.5911
    0.7631   -0.2817    0.5816
    0.6265    0.5433   -0.5589
...   105 T-A ...
  -31.9169 -132.0294  131.9871
    0.2499    0.5249    0.8137
    0.7472   -0.6390    0.1827
    0.6158    0.5623   -0.5519
...   106 C-G ...
  -29.8920 -129.9878  130.3657
    0.6441    0.0225    0.7646
    0.4669   -0.8034   -0.3696
    0.6059    0.5951   -0.5280
...   107 A-T ...
  -27.7228 -128.2036  128.5423
    0.7679   -0.4932    0.4088
    0.0084   -0.6303   -0.7763
    0.6405    0.5996   -0.4799
...   108 T-A ...
  -25.5477 -125.8728  127.5725
    0.6776   -0.7308   -0.0829
   -0.4048   -0.2764   -0.8716
    0.6141    0.6241   -0.4831
...   109 G-C ...
  -23.7189 -123.8295  125.6503
    0.2633   -0.7734   -0.5766
   -0.7323    0.2289   -0.6414
    0.6280    0.5912   -0.5061
...   110 T-A ...
  -21.1803 -122.1078  124.2902
   -0.1894   -0.5316   -0.8255
   -0.7680    0.6041   -0.2128
    0.6118    0.5937   -0.5227
...   111 T-A ...
  -19.0337 -120.3043  122.6409
   -0.6071   -0.0725   -0.7913
   -0.5198    0.7895    0.3265
    0.6011    0.6095   -0.5169
...   112 A-T ...
  -17.1566 -117.9989  121.0443
   -0.8375    0.3940   -0.3786
   -0.0248    0.6648    0.7466
    0.5459    0.6347   -0.5470
...   113 T-A ...
  -15.5769 -116.2808  118.7385
   -0.7434    0.6649    0.0732
    0.4124    0.3693    0.8328
    0.5267    0.6493   -0.5487
...   114 A-T ...
  -13.8494 -113.9226  117.0708
   -0.3752    0.6972    0.6108
    0.7997   -0.0897    0.5937
    0.4687    0.7112   -0.5239
...   115 A-T ...
  -12.5648 -111.4946  115.3344
    0.1620    0.5087    0.8456
    0.8756   -0.4693    0.1146
    0.4551    0.7218   -0.5214
...   116 C-G ...
  -11.5908 -108.6930  113.7845
    0.6036    0.1590    0.7813
    0.6583   -0.6522   -0.3759
    0.4498    0.7412   -0.4983
...   117 G-C ...
   -9.7420 -106.4407  112.0483
    0.8419   -0.3073    0.4436
    0.2006   -0.5849   -0.7859
    0.5010    0.7506   -0.4308
...   118 G-C ...
   -7.9758 -103.7848  110.8584
    0.7764   -0.6272   -0.0615
   -0.3078   -0.2922   -0.9055
    0.5500    0.7219   -0.4199
...   119 A-T ...
   -6.1565 -101.3388  109.5645
    0.4174   -0.6828   -0.5996
   -0.7234    0.1497   -0.6740
    0.5500    0.7151   -0.4314
...   120 A-T ...
   -4.1912  -99.0650  108.3063
   -0.0864   -0.4488   -0.8895
   -0.8382    0.5152   -0.1785
    0.5384    0.7302   -0.4207
...   121 T-A ...
   -1.9290  -97.1068  106.9157
   -0.5132   -0.1154   -0.8505
   -0.6726    0.6697    0.3150
    0.5332    0.7336   -0.4213
...   122 G-C ...
   -0.4285  -94.4325  105.5324
   -0.8613    0.2313   -0.4524
   -0.2240    0.6264    0.7466
    0.4561    0.7444   -0.4877
...   123 T-A ...
    0.9449  -92.2972  103.3941
   -0.8617    0.5057    0.0427
    0.2819    0.4071    0.8688
    0.4220    0.7606   -0.4933
...   124 G-C ...
    2.2725  -89.5244  102.0257
   -0.5613    0.5753    0.5949
    0.7540    0.0590    0.6543
    0.3413    0.8158   -0.4669
...   125 T-A ...
    2.7790  -86.7222  100.2876
   -0.0689    0.4932    0.8672
    0.9419   -0.2542    0.2195
    0.3287    0.8319   -0.4471
...   126 C-G ...
    3.7773  -83.8839   98.9137
    0.5149    0.2204    0.8284
    0.7928   -0.4899   -0.3625
    0.3260    0.8435   -0.4270
...   127 G-C ...
    5.2161  -81.2273   97.3662
    0.8520   -0.1811    0.4913
    0.3506   -0.4997   -0.7921
    0.3889    0.8471   -0.3622
...   128 A-T ...
    6.4728  -78.3747   96.2540
    0.8806   -0.4654   -0.0891
   -0.2437   -0.2837   -0.9274
    0.4064    0.8384   -0.3632
...   129 C-G ...
    8.0951  -75.5233   95.6228
    0.5950   -0.5648   -0.5719
   -0.6830    0.0199   -0.7302
    0.4238    0.8250   -0.3739
...   130 C-G ...
    9.7678  -72.8143   94.4576
    0.0674   -0.5218   -0.8504
   -0.8928    0.3489   -0.2848
    0.4454    0.7784   -0.4424
...   131 A-T ...
   10.9878  -70.0902   92.9049
   -0.5185   -0.2856   -0.8060
   -0.7466    0.6106    0.2640
    0.4168    0.7386   -0.5298
...   132 A-T ...
   12.4370  -67.8441   91.0577
   -0.8608    0.1258   -0.4931
   -0.2956    0.6653    0.6856
    0.4143    0.7359   -0.5355
...   133 A-T ...
   13.7489  -65.5843   89.1214
   -0.8673    0.4978    0.0050
    0.2731    0.4673    0.8409
    0.4163    0.7306   -0.5412
...   134 T-A ...
   14.7385  -63.4257   86.8201
   -0.5923    0.6747    0.4404
    0.6886    0.1401    0.7115
    0.4183    0.7247   -0.5475
...   135 G-C ...
   15.7317  -61.4927   83.9332
    0.0341    0.7400    0.6717
    0.8636   -0.3601    0.3528
    0.5030    0.5681   -0.6514
...   136 T-A ...
   15.7848  -59.5603   80.7994
    0.5517    0.4998    0.6677
    0.6739   -0.7388   -0.0038
    0.4915    0.4520   -0.7444
...   137 G-C ...
   16.8386  -57.7217   78.2677
    0.8528   -0.0848    0.5153
    0.1507   -0.9048   -0.3983
    0.5000    0.4173   -0.7588
...   138 A-T ...
   18.4283  -55.5285   76.5300
    0.8547   -0.5006    0.1371
   -0.3188   -0.7148   -0.6224
    0.4096    0.4883   -0.7706
...   139 G-C ...
   20.4260  -54.3092   74.5421
    0.5847   -0.7389   -0.3347
   -0.7593   -0.3533   -0.5465
    0.2856    0.5737   -0.7676
...   140 C-G ...
   21.4270  -51.8264   72.7877
    0.1304   -0.7144   -0.6875
   -0.8897    0.2216   -0.3991
    0.4375    0.6637   -0.6067
...   141 G-C ...
   22.1522  -50.1493   67.4641
   -0.4682   -0.8748    0.1248
   -0.8494    0.4066   -0.3364
    0.2435   -0.2635   -0.9334
...   142 C-G ...
   22.3489  -51.2412   64.4935
   -0.8528   -0.5119   -0.1032
   -0.4975    0.8565   -0.1374
    0.1587   -0.0659   -0.9851
...   143 T-A ...
   24.0167  -51.6377   61.9249
   -0.9562    0.0401   -0.2898
    0.0524    0.9980   -0.0348
    0.2878   -0.0485   -0.9564
...   144 C-G ...
   24.8959  -52.7394   58.9875
   -0.7529    0.5560   -0.3520
    0.5214    0.8304    0.1965
    0.4016   -0.0356   -0.9151
...   145 A-T ...
   25.5276  -52.9802   55.8055
   -0.2442    0.9563   -0.1610
    0.8906    0.2869    0.3528
    0.3836   -0.0573   -0.9217
...   146 C-G ...
   25.2779  -52.5121   52.0798
    0.3204    0.9427   -0.0929
    0.8825   -0.2614    0.3909
    0.3443   -0.2072   -0.9157
...   147 A-T ...
   25.6239  -52.5938   48.6397
    0.8597    0.5097    0.0339
    0.4496   -0.7865    0.4233
    0.2425   -0.3487   -0.9053
