  147 base-pairs
...     1 T-A ...
    0.0000    0.0000    0.0000
    1.0000    0.0000    0.0000
    0.0000    1.0000    0.0000
    0.0000    0.0000    1.0000
...     2 G-C ...
   -0.5555   -1.1003    3.3981
    0.7749    0.6051    0.1828
   -0.5991    0.7953   -0.0929
   -0.2016   -0.0375    0.9787
...     3 T-A ...
   -0.6619   -3.0237    6.5348
    0.3046    0.9250    0.2271
   -0.8994    0.3578   -0.2510
   -0.3134   -0.1278    0.9410
...     4 G-C ...
   -1.1607   -3.8418    9.6940
   -0.3351    0.9421    0.0133
   -0.8752   -0.3061   -0.3746
   -0.3489   -0.1372    0.9271
...     5 A-T ...
   -1.3881   -3.6770   12.8999
   -0.7835    0.6162   -0.0801
   -0.5677   -0.7622   -0.3109
   -0.2527   -0.1981    0.9470
...     6 G-C ...
   -2.6236   -3.5448   15.7072
   -0.9923    0.0611   -0.1075
   -0.0294   -0.9610   -0.2748
   -0.1201   -0.2695    0.9555
...     7 C-G ...
   -2.3138   -3.7570   18.8866
   -0.8620   -0.4995   -0.0864
    0.5008   -0.8655    0.0073
   -0.0785   -0.0370    0.9962
...     8 G-C ...
   -3.9561   -6.8109   23.3205
   -0.2581   -0.3560   -0.8981
    0.6294   -0.7673    0.1233
   -0.7330   -0.5335    0.4221
...     9 C-G ...
   -6.1177   -8.9414   24.2385
    0.1143   -0.7320   -0.6716
    0.8123   -0.3203    0.4874
   -0.5720   -0.6013    0.5580
...    10 T-A ...
   -8.5041   -9.6771   26.0540
    0.4660   -0.8587   -0.2131
    0.6274    0.1508    0.7640
   -0.6239   -0.4897    0.6090
...    11 C-G ...
  -11.0625  -11.3174   27.2336
    0.6660   -0.6911    0.2808
    0.3382    0.6152    0.7121
   -0.6649   -0.3794    0.6435
...    12 A-T ...
  -13.0013  -13.1789   29.0658
    0.7188   -0.1490    0.6790
   -0.1787    0.9043    0.3876
   -0.6718   -0.4000    0.6235
...    13 C-G ...
  -14.1788  -15.9359   31.3399
    0.4052    0.2865    0.8682
   -0.5270    0.8492   -0.0343
   -0.7470   -0.4437    0.4951
...    14 A-T ...
  -15.9532  -18.1566   33.3080
   -0.1503    0.6873    0.7107
   -0.6106    0.5008   -0.6135
   -0.7776   -0.5261    0.3444
...    15 A-T ...
  -18.4798  -19.7857   34.5493
   -0.4499    0.8712    0.1965
   -0.4222   -0.0136   -0.9064
   -0.7870   -0.4907    0.3740
...    16 T-A ...
  -20.8500  -21.2341   36.4948
   -0.6357    0.7022   -0.3207
   -0.1036   -0.4893   -0.8660
   -0.7649   -0.5173    0.3837
...    17 T-A ...
  -23.3357  -22.6646   38.0907
   -0.6077    0.2494   -0.7540
    0.2957   -0.8101   -0.5062
   -0.7371   -0.5306    0.4186
...    18 T-A ...
  -25.8562  -24.1332   39.5903
   -0.3447   -0.2893   -0.8930
    0.5984   -0.8007    0.0284
   -0.7232   -0.5246    0.4491
...    19 A-T ...
  -28.1310  -26.0949   41.3349
    0.1080   -0.7862   -0.6085
    0.6899   -0.3814    0.6152
   -0.7158   -0.4863    0.5012
...    20 T-A ...
  -30.9428  -27.4512   42.5410
    0.4313   -0.8882   -0.1582
    0.5406    0.1140    0.8336
   -0.7224   -0.4450    0.5293
...    21 T-A ...
  -33.4326  -28.9374   44.0322
    0.6490   -0.6584    0.3813
    0.1844    0.6223    0.7607
   -0.7381   -0.4234    0.5253
...    22 C-G ...
  -35.8746  -30.3049   45.7791
    0.6564   -0.1424    0.7408
   -0.2428    0.8899    0.3862
   -0.7143   -0.4333    0.5496
...    23 G-C ...
  -38.4721  -31.1603   47.8245
    0.5242    0.4483    0.7240
   -0.5807    0.8101   -0.0811
   -0.6229   -0.3779    0.6850
...    24 C-G ...
  -40.2403  -32.6686   50.1389
    0.1797    0.8294    0.5290
   -0.7674    0.4546   -0.4522
   -0.6155   -0.3247    0.7181
...    25 A-T ...
  -42.6308  -33.5358   52.2990
   -0.2430    0.9649    0.0998
   -0.7441   -0.1194   -0.6574
   -0.6223   -0.2340    0.7469
...    26 A-T ...
  -44.6114  -34.1083   54.8554
   -0.6194    0.7213   -0.3100
   -0.4778   -0.6597   -0.5801
   -0.6230   -0.2112    0.7532
...    27 A-T ...
  -46.4844  -34.5057   57.4994
   -0.7923    0.1957   -0.5779
   -0.0238   -0.9563   -0.2913
   -0.6096   -0.2170    0.7624
...    28 G-C ...
  -48.6996  -34.7468   60.0602
   -0.6501   -0.3470   -0.6760
    0.3966   -0.9138    0.0877
   -0.6481   -0.2111    0.7317
...    29 G-C ...
  -51.1633  -35.2769   62.4246
   -0.2608   -0.8062   -0.5310
    0.6931   -0.5393    0.4783
   -0.6720   -0.2433    0.6994
...    30 C-G ...
  -53.6320  -35.9935   64.4813
    0.2042   -0.9593   -0.1950
    0.7130    0.0093    0.7011
   -0.6708   -0.2822    0.6859
...    31 C-G ...
  -56.1121  -36.8052   66.6312
    0.6115   -0.7684    0.1888
    0.4744    0.5470    0.6898
   -0.6333   -0.3323    0.6990
...    32 G-C ...
  -57.9194  -37.5917   69.0440
    0.8313   -0.3290    0.4481
    0.0735    0.8641    0.4980
   -0.5510   -0.3810    0.7425
...    33 G-C ...
  -59.4609  -39.0810   71.6223
    0.7667    0.2426    0.5944
   -0.4171    0.8921    0.1740
   -0.4881   -0.3813    0.7851
...    34 C-G ...
  -60.7674  -40.5870   74.2336
    0.4269    0.7220    0.5445
   -0.7815    0.5975   -0.1795
   -0.4549   -0.3489    0.8194
...    35 C-G ...
  -61.8977  -41.5500   77.3110
   -0.0561    0.9550    0.2912
   -0.9006    0.0774   -0.4277
   -0.4310   -0.2862    0.8557
...    36 C-G ...
  -63.1659  -42.2306   80.3624
   -0.5366    0.8425   -0.0474
   -0.7321   -0.4927   -0.4704
   -0.4197   -0.2177    0.8812
...    37 G-C ...
  -64.9948  -43.6317   82.8943
   -0.8271    0.4276   -0.3647
   -0.3027   -0.8857   -0.3521
   -0.4736   -0.1808    0.8620
...    38 A-T ...
  -66.4377  -44.1690   85.6822
   -0.8444   -0.1817   -0.5040
    0.2525   -0.9647   -0.0753
   -0.4725   -0.1909    0.8604
...    39 C-G ...
  -68.3136  -44.3908   88.2986
   -0.5656   -0.6557   -0.5002
    0.6532   -0.7264    0.2136
   -0.5034   -0.2059    0.8392
...    40 A-T ...
  -70.0910  -45.1737   91.0514
   -0.0330   -0.9422   -0.3335
    0.8568   -0.1985    0.4759
   -0.5146   -0.2700    0.8138
...    41 C-G ...
  -72.1482  -46.3138   93.3858
    0.4424   -0.8940   -0.0707
    0.7420    0.3206    0.5888
   -0.5037   -0.3129    0.8052
...    42 G-C ...
  -73.4567  -47.1206   96.3526
    0.8309   -0.5038    0.2360
    0.3223    0.7816    0.5340
   -0.4535   -0.3677    0.8119
...    43 A-T ...
  -74.9800  -48.2947   98.8826
    0.8632    0.0596    0.5013
   -0.2271    0.9327    0.2801
   -0.4509   -0.3556    0.8187
...    44 C-G ...
  -76.1558  -50.0363  101.4319
    0.6279    0.5686    0.5314
   -0.6651    0.7466   -0.0131
   -0.4042   -0.3452    0.8470
...    45 T-A ...
  -76.9727  -51.5225  104.6183
    0.1455    0.9104    0.3873
   -0.9109    0.2760   -0.3066
   -0.3861   -0.3082    0.8694
...    46 T-A ...
  -77.9629  -52.5573  107.5079
   -0.3645    0.9162    0.1664
   -0.8447   -0.2501   -0.4732
   -0.3919   -0.3130    0.8651
...    47 A-T ...
  -79.4930  -53.6707  110.2963
   -0.8098    0.5571   -0.1841
   -0.4281   -0.7755   -0.4640
   -0.4013   -0.2970    0.8665
...    48 C-G ...
  -80.7233  -53.9958  113.3950
   -0.9051    0.0573   -0.4214
    0.0714   -0.9563   -0.2835
   -0.4192   -0.2867    0.8614
...    49 T-A ...
  -82.3788  -54.5602  116.2970
   -0.6881   -0.4466   -0.5718
    0.5387   -0.8424    0.0096
   -0.4860   -0.3014    0.8203
...    50 G-C ...
  -84.1146  -55.7615  118.9372
   -0.1925   -0.8065   -0.5590
    0.8284   -0.4389    0.3480
   -0.5261   -0.3961    0.7526
...    51 T-A ...
  -86.2409  -56.9564  121.0309
    0.2839   -0.8966   -0.3397
    0.8056    0.0309    0.5916
   -0.5200   -0.4417    0.7311
...    52 A-T ...
  -87.8186  -58.5918  123.4804
    0.7537   -0.6573    0.0029
    0.4654    0.5368    0.7037
   -0.4641   -0.5290    0.7105
...    53 G-C ...
  -89.4559  -60.4011  125.6283
    0.9280   -0.2298    0.2934
   -0.0020    0.7841    0.6206
   -0.3727   -0.5765    0.7271
...    54 G-C ...
  -90.3819  -63.0560  127.8840
    0.7935    0.2985    0.5304
   -0.5365    0.7545    0.3780
   -0.2874   -0.5845    0.7588
...    55 T-A ...
  -90.8345  -65.2026  130.3216
    0.3957    0.6549    0.6439
   -0.8787    0.4739    0.0580
   -0.2671   -0.5887    0.7629
...    56 A-T ...
  -91.2960  -67.2105  133.0356
   -0.1993    0.8272    0.5253
   -0.9485   -0.0281   -0.3155
   -0.2462   -0.5611    0.7902
...    57 T-A ...
  -91.4171  -68.8943  135.8772
   -0.6759    0.6727    0.3011
   -0.6993   -0.4564   -0.5501
   -0.2326   -0.5823    0.7790
...    58 C-G ...
  -92.1536  -70.6399  138.6938
   -0.9658    0.2345   -0.1110
   -0.1146   -0.7695   -0.6282
   -0.2327   -0.5940    0.7701
...    59 T-A ...
  -93.1638  -72.3657  141.4014
   -0.8609   -0.1883   -0.4726
    0.4252   -0.7763   -0.4654
   -0.2792   -0.6016    0.7484
...    60 C-G ...
  -94.0955  -74.3713  143.9586
   -0.4296   -0.5908   -0.6829
    0.8562   -0.5069   -0.1001
   -0.2870   -0.6277    0.7236
...    61 G-C ...
  -94.5723  -76.7693  146.2333
    0.1340   -0.6300   -0.7649
    0.9497   -0.1388    0.2807
   -0.2830   -0.7641    0.5797
...    62 A-T ...
  -95.3615  -79.2025  148.2998
    0.6766   -0.5314   -0.5097
    0.7049    0.2675    0.6569
   -0.2128   -0.8038    0.5556
...    63 G-C ...
  -96.0406  -82.0624  149.8528
    0.9610   -0.2431   -0.1319
    0.2383    0.4857    0.8411
   -0.1404   -0.8397    0.5246
...    64 C-G ...
  -96.3312  -85.1904  151.1795
    0.9264    0.1215    0.3565
   -0.3664    0.5098    0.7784
   -0.0871   -0.8517    0.5168
...    65 T-A ...
  -96.4222  -88.0815  152.7684
    0.5828    0.4036    0.7053
   -0.8120    0.3207    0.4876
   -0.0294   -0.8569    0.5146
...    66 C-G ...
  -96.6384  -90.6572  154.7818
   -0.0236    0.5155    0.8566
   -0.9989   -0.0475    0.0011
    0.0413   -0.8556    0.5160
...    67 G-C ...
  -97.6341  -93.6325  156.4856
   -0.6090    0.4014    0.6841
   -0.7905   -0.3784   -0.4817
    0.0655   -0.8341    0.5477
...    68 G-C ...
  -97.2640  -96.3924  158.4421
   -0.9548    0.1438    0.2603
   -0.2968   -0.5166   -0.8032
    0.0190   -0.8441    0.5359
...    69 G-C ...
  -97.1940  -99.1038  160.4116
   -0.9573   -0.0904   -0.2744
    0.2807   -0.5157   -0.8094
   -0.0683   -0.8520    0.5191
...    70 A-T ...
  -97.4910 -101.8183  162.3673
   -0.5912   -0.3667   -0.7183
    0.8038   -0.3405   -0.4878
   -0.0658   -0.8658    0.4961
...    71 T-A ...
  -98.2874 -104.4925  164.1238
   -0.0819   -0.4569   -0.8857
    0.9944   -0.0967   -0.0421
   -0.0664   -0.8842    0.4623
...    72 C-G ...
  -98.6989 -107.4648  165.5116
    0.5223   -0.3743   -0.7662
    0.8516    0.1830    0.4912
   -0.0436   -0.9091    0.4143
...    73 C-G ...
  -98.9901 -110.4331  166.8838
    0.8869   -0.0787   -0.4551
    0.4529    0.3412    0.8237
    0.0905   -0.9367    0.3383
...    74 G-C ...
  -98.3041 -113.4042  168.2770
    0.9630    0.2684    0.0227
   -0.0954    0.2611    0.9606
    0.2519   -0.9272    0.2771
...    75 C-G ...
  -96.9657 -116.5723  168.7723
    0.7267    0.3816    0.5712
   -0.6231    0.0160    0.7820
    0.2893   -0.9242    0.2494
...    76 T-A ...
  -95.2160 -119.4916  169.7200
    0.2358    0.3011    0.9240
   -0.9003   -0.2902    0.3243
    0.3658   -0.9084    0.2026
...    77 T-A ...
  -93.6634 -122.3240  170.3098
   -0.3233   -0.0150    0.9462
   -0.8584   -0.4162   -0.2999
    0.3983   -0.9091    0.1217
...    78 T-A ...
  -91.9698 -125.1232  170.7986
   -0.7318   -0.3420    0.5895
   -0.5105   -0.2980   -0.8066
    0.4515   -0.8912    0.0436
...    79 A-T ...
  -90.4403 -128.0018  169.9228
   -0.8211   -0.5678   -0.0573
    0.0363    0.0482   -0.9982
    0.5696   -0.8217   -0.0190
...    80 A-T ...
  -88.5857 -130.6376  170.0082
   -0.6362   -0.4449   -0.6303
    0.4805    0.4107   -0.7749
    0.6036   -0.7958   -0.0475
...    81 C-G ...
  -86.9756 -133.6726  170.3727
   -0.2761   -0.1212   -0.9535
    0.7398    0.6065   -0.2913
    0.6136   -0.7858   -0.0778
...    82 T-A ...
  -85.3357 -136.6094  170.1201
    0.0930    0.3213   -0.9424
    0.7777    0.5676    0.2703
    0.6217   -0.7580   -0.1970
...    83 C-G ...
  -83.1955 -138.8059  169.0701
    0.4528    0.6715   -0.5865
    0.6166    0.2392    0.7500
    0.6440   -0.7013   -0.3058
...    84 A-T ...
  -81.1844 -141.1839  167.6671
    0.6164    0.7863   -0.0429
    0.3504   -0.2250    0.9092
    0.7052   -0.5754   -0.4142
...    85 T-A ...
  -78.9057 -142.7158  165.9128
    0.6649    0.5958    0.4505
    0.0113   -0.6110    0.7915
    0.7468   -0.5212   -0.4130
...    86 G-C ...
  -76.2079 -144.2772  164.5260
    0.4859    0.1198    0.8658
   -0.3525   -0.8796    0.3195
    0.7998   -0.4604   -0.3852
...    87 T-A ...
  -73.2282 -145.2881  163.1826
    0.2235   -0.4189    0.8801
   -0.5577   -0.7955   -0.2370
    0.7994   -0.4379   -0.4114
...    88 T-A ...
  -70.4949 -146.4545  161.8433
   -0.0920   -0.8521    0.5152
   -0.5836   -0.3731   -0.7213
    0.8068   -0.3670   -0.4629
...    89 A-T ...
  -67.8371 -147.5129  159.7772
   -0.3887   -0.8969   -0.2108
   -0.3999    0.3704   -0.8384
    0.8301   -0.2416   -0.5026
...    90 T-A ...
  -64.9380 -148.6278  158.6880
   -0.5214   -0.5745   -0.6310
   -0.1634    0.7930   -0.5870
    0.8375   -0.2029   -0.5073
...    91 A-T ...
  -62.0119 -148.9102  156.9071
   -0.5122    0.0885   -0.8543
    0.1929    0.9811   -0.0140
    0.8369   -0.1720   -0.5196
...    92 A-T ...
  -59.4378 -149.5714  155.1666
   -0.3593    0.6350   -0.6838
    0.4437    0.7609    0.4734
    0.8210   -0.1333   -0.5552
...    93 C-G ...
  -57.1020 -150.2871  152.8658
   -0.1011    0.9560   -0.2754
    0.5746    0.2821    0.7683
    0.8122   -0.0805   -0.5778
...    94 G-C ...
  -54.2485 -150.0572  151.2560
    0.1007    0.9536    0.2839
    0.5955   -0.2864    0.7505
    0.7970    0.0935   -0.5967
...    95 G-C ...
  -51.5811 -148.9805  149.6068
    0.3067    0.6295    0.7139
    0.5308   -0.7357    0.4207
    0.7901    0.2499   -0.5598
...    96 A-T ...
  -48.9889 -147.8146  147.7909
    0.5490    0.0396    0.8349
    0.2653   -0.9555   -0.1292
    0.7926    0.2924   -0.5351
...    97 A-T ...
  -46.4398 -146.6673  146.1498
    0.6227   -0.5253    0.5800
   -0.0992   -0.7882   -0.6074
    0.7762    0.3207   -0.5429
...    98 C-G ...
  -43.5901 -145.0147  144.8888
    0.4809   -0.8696    0.1119
   -0.4377   -0.3487   -0.8287
    0.7597    0.3495   -0.5484
...    99 T-A ...
  -40.4643 -143.7142  143.5355
    0.1318   -0.9071   -0.3997
   -0.6440    0.2282   -0.7302
    0.7536    0.3536   -0.5542
...   100 T-A ...
  -37.7824 -142.6824  141.9602
   -0.2423   -0.5667   -0.7875
   -0.6075    0.7215   -0.3323
    0.7565    0.3979   -0.5191
...   101 T-A ...
  -35.1643 -141.5255  140.3451
   -0.5484   -0.0269   -0.8358
   -0.3611    0.9091    0.2077
    0.7543    0.4157   -0.5082
...   102 A-T ...
  -32.6799 -139.7195  138.8237
   -0.6700    0.5593   -0.4881
    0.0685    0.7013    0.7095
    0.7392    0.4419   -0.5082
...   103 T-A ...
  -30.6037 -138.6132  136.6263
   -0.5955    0.8019   -0.0481
    0.3931    0.3431    0.8531
    0.7006    0.4891   -0.5195
...   104 G-C ...
  -28.5032 -136.8359  134.7368
   -0.3030    0.7890    0.5345
    0.7018   -0.1947    0.6852
    0.6447    0.5828   -0.4947
...   105 C-G ...
  -26.7471 -134.5269  133.1340
    0.1107    0.5132    0.8511
    0.7609   -0.5947    0.2596
    0.6394    0.6188   -0.4564
...   106 T-A ...
  -24.7773 -131.8758  131.9226
    0.5331    0.0600    0.8439
    0.5922   -0.7388   -0.3216
    0.6042    0.6712   -0.4295
...   107 T-A ...
  -22.8919 -129.5278  130.7690
    0.7662   -0.3923    0.5089
    0.1913   -0.6169   -0.7635
    0.6134    0.6824   -0.3976
...   108 C-G ...
  -20.7445 -127.1454  129.6442
    0.7248   -0.6837   -0.0844
   -0.3267   -0.2333   -0.9159
    0.6065    0.6914   -0.3925
...   109 C-G ...
  -18.6620 -124.8737  128.4366
    0.3707   -0.7551   -0.5408
   -0.6656    0.1901   -0.7217
    0.6478    0.6275   -0.4320
...   110 G-C ...
  -16.9712 -122.7305  126.8860
   -0.1069   -0.5837   -0.8049
   -0.7584    0.5713   -0.3136
    0.6429    0.5769   -0.5038
...   111 G-C ...
  -14.7749 -120.9801  125.0417
   -0.5688   -0.1879   -0.8007
   -0.5583    0.8031    0.2081
    0.6040    0.5654   -0.5617
...   112 C-G ...
  -12.6801 -119.5415  122.8617
   -0.8156    0.2753   -0.5090
   -0.1337    0.7661    0.6287
    0.5630    0.5807   -0.5880
...   113 T-A ...
  -10.8911 -117.6938  120.7412
   -0.7901    0.6114   -0.0439
    0.3448    0.5025    0.7929
    0.5068    0.6113   -0.6078
...   114 C-G ...
   -9.2838 -115.4740  118.8644
   -0.4406    0.7687    0.4637
    0.7739    0.0635    0.6301
    0.4549    0.6365   -0.6229
...   115 G-C ...
   -7.3774 -113.3019  117.1588
    0.0849    0.5991    0.7962
    0.9010   -0.3873    0.1953
    0.4254    0.7008   -0.5727
...   116 T-A ...
   -6.5214 -110.4067  115.6066
    0.5535    0.2522    0.7938
    0.7070   -0.6460   -0.2878
    0.4402    0.7205   -0.5358
...   117 A-T ...
   -5.1673 -107.6634  114.0838
    0.8515   -0.2232    0.4745
    0.2361   -0.6448   -0.7270
    0.4682    0.7310   -0.4964
...   118 T-A ...
   -3.6948 -104.8894  113.0686
    0.8578   -0.5139    0.0072
   -0.2510   -0.4311   -0.8667
    0.4485    0.7417   -0.4987
...   119 A-T ...
   -2.4479 -102.2902  111.1069
    0.4725   -0.6270   -0.6194
   -0.7817    0.0263   -0.6231
    0.4069    0.7786   -0.4777
...   120 A-T ...
   -0.8624  -99.7955  109.7333
   -0.0778   -0.4968   -0.8644
   -0.9123    0.3851   -0.1392
    0.4020    0.7777   -0.4832
...   121 T-A ...
    1.0049  -97.5621  108.0918
   -0.5542   -0.2066   -0.8064
   -0.7289    0.5883    0.3502
    0.4021    0.7818   -0.4766
...   122 G-C ...
    2.3601  -94.8577  106.3793
   -0.9164    0.1458   -0.3727
   -0.2197    0.5952    0.7730
    0.3345    0.7903   -0.5134
...   123 T-A ...
    3.3743  -92.5149  104.2882
   -0.8986    0.4265    0.1031
    0.3002    0.4263    0.8533
    0.3200    0.7977   -0.5111
...   124 G-C ...
    4.3729  -89.7620  102.5786
   -0.5495    0.5451    0.6332
    0.7948    0.1073    0.5973
    0.2576    0.8315   -0.4922
...   125 T-A ...
    4.7425  -87.0914  100.8183
   -0.0477    0.4807    0.8756
    0.9687   -0.1915    0.1579
    0.2436    0.8557   -0.4565
...   126 C-G ...
    5.4704  -84.2915   99.4687
    0.5460    0.2748    0.7915
    0.8061   -0.4297   -0.4069
    0.2283    0.8601   -0.4561
...   127 G-C ...
    6.7527  -81.7038   97.7265
    0.8734   -0.1190    0.4723
    0.3673   -0.4758   -0.7992
    0.3198    0.8715   -0.3718
...   128 A-T ...
    7.6730  -78.8791   96.5531
    0.9180   -0.3829   -0.1032
   -0.2368   -0.3206   -0.9171
    0.3181    0.8664   -0.3850
...   129 C-G ...
    9.0067  -75.8902   96.0196
    0.6277   -0.5305   -0.5697
   -0.6955   -0.0534   -0.7166
    0.3497    0.8460   -0.4025
...   130 C-G ...
   10.6655  -73.2095   94.7047
    0.1062   -0.5539   -0.8258
   -0.9118    0.2771   -0.3031
    0.3967    0.7851   -0.4756
...   131 A-T ...
   11.1818  -70.2186   93.0756
   -0.5024   -0.3191   -0.8036
   -0.7790    0.5703    0.2606
    0.3751    0.7569   -0.5352
...   132 A-T ...
   12.4352  -67.8362   91.1905
   -0.8681    0.0765   -0.4904
   -0.3261    0.6570    0.6797
    0.3742    0.7500   -0.5454
...   133 A-T ...
   13.7273  -65.6321   89.1238
   -0.8729    0.4878   -0.0078
    0.2567    0.4728    0.8430
    0.4149    0.7339   -0.5379
...   134 T-A ...
   14.7384  -63.4258   86.8199
   -0.5923    0.6747    0.4404
    0.6886    0.1401    0.7115
    0.4183    0.7247   -0.5475
...   135 G-C ...
   15.7317  -61.4928   83.9330
    0.0341    0.7400    0.6717
    0.8636   -0.3601    0.3528
    0.5030    0.5681   -0.6514
...   136 T-A ...
   15.7848  -59.5603   80.7992
    0.5517    0.4998    0.6677
    0.6739   -0.7388   -0.0038
    0.4915    0.4520   -0.7444
...   137 G-C ...
   16.8385  -57.7218   78.2675
    0.8528   -0.0848    0.5153
    0.1507   -0.9048   -0.3983
    0.5000    0.4173   -0.7588
...   138 A-T ...
   18.4282  -55.5286   76.5298
    0.8547   -0.5006    0.1371
   -0.3188   -0.7148   -0.6224
    0.4096    0.4883   -0.7706
...   139 G-C ...
   20.4259  -54.3092   74.5419
    0.5847   -0.7389   -0.3347
   -0.7593   -0.3533   -0.5465
    0.2856    0.5737   -0.7676
...   140 C-G ...
   21.4269  -51.8265   72.7875
    0.1304   -0.7144   -0.6875
   -0.8897    0.2216   -0.3991
    0.4375    0.6637   -0.6067
...   141 G-C ...
   22.1521  -50.1494   67.4639
   -0.4682   -0.8748    0.1248
   -0.8494    0.4066   -0.3364
    0.2435   -0.2635   -0.9334
...   142 C-G ...
   22.3488  -51.2413   64.4933
   -0.8528   -0.5119   -0.1032
   -0.4975    0.8565   -0.1374
    0.1587   -0.0659   -0.9851
...   143 T-A ...
   24.0165  -51.6378   61.9248
   -0.9562    0.0401   -0.2898
    0.0524    0.9980   -0.0348
    0.2878   -0.0485   -0.9565
...   144 C-G ...
   24.8957  -52.7395   58.9873
   -0.7529    0.5560   -0.3520
    0.5214    0.8304    0.1965
    0.4016   -0.0356   -0.9151
...   145 A-T ...
   25.5275  -52.9802   55.8053
   -0.2442    0.9563   -0.1610
    0.8906    0.2869    0.3528
    0.3836   -0.0573   -0.9217
...   146 C-G ...
   25.2777  -52.5122   52.0796
    0.3204    0.9427   -0.0929
    0.8825   -0.2614    0.3909
    0.3443   -0.2072   -0.9157
...   147 A-T ...
   25.6238  -52.5939   48.6395
    0.8597    0.5097    0.0339
    0.4496   -0.7865    0.4233
    0.2424   -0.3487   -0.9053
