  147 base-pairs
...     1 T-A ...
    0.0000    0.0000    0.0000
    1.0000    0.0000    0.0000
    0.0000    1.0000    0.0000
    0.0000    0.0000    1.0000
...     2 G-C ...
   -0.5555   -1.1003    3.3981
    0.7749    0.6051    0.1828
   -0.5991    0.7953   -0.0929
   -0.2016   -0.0375    0.9787
...     3 T-A ...
   -0.6619   -3.0237    6.5348
    0.3046    0.9250    0.2271
   -0.8994    0.3578   -0.2510
   -0.3134   -0.1278    0.9410
...     4 G-C ...
   -1.1607   -3.8418    9.6940
   -0.3351    0.9421    0.0133
   -0.8752   -0.3061   -0.3746
   -0.3489   -0.1372    0.9271
...     5 A-T ...
   -1.3881   -3.6770   12.8999
   -0.7835    0.6162   -0.0801
   -0.5677   -0.7622   -0.3109
   -0.2527   -0.1981    0.9470
...     6 G-C ...
   -2.6236   -3.5448   15.7072
   -0.9923    0.0611   -0.1075
   -0.0294   -0.9610   -0.2748
   -0.1201   -0.2695    0.9555
...     7 C-G ...
   -2.3138   -3.7570   18.8866
   -0.8620   -0.4995   -0.0864
    0.5008   -0.8655    0.0073
   -0.0785   -0.0370    0.9962
...     8 G-C ...
   -3.9561   -6.8109   23.3205
   -0.2581   -0.3560   -0.8981
    0.6294   -0.7673    0.1233
   -0.7330   -0.5335    0.4221
...     9 C-G ...
   -6.1177   -8.9414   24.2385
    0.1143   -0.7320   -0.6716
    0.8123   -0.3203    0.4874
   -0.5720   -0.6013    0.5580
...    10 T-A ...
   -8.5041   -9.6771   26.0540
    0.4660   -0.8587   -0.2131
    0.6274    0.1508    0.7640
   -0.6239   -0.4897    0.6090
...    11 C-G ...
  -11.0625  -11.3174   27.2336
    0.6660   -0.6911    0.2808
    0.3382    0.6152    0.7121
   -0.6649   -0.3794    0.6435
...    12 A-T ...
  -13.0013  -13.1789   29.0658
    0.7188   -0.1490    0.6790
   -0.1787    0.9043    0.3876
   -0.6718   -0.4000    0.6235
...    13 C-G ...
  -14.1788  -15.9359   31.3399
    0.4052    0.2865    0.8682
   -0.5270    0.8492   -0.0343
   -0.7470   -0.4437    0.4951
...    14 A-T ...
  -15.9532  -18.1566   33.3080
   -0.1503    0.6873    0.7107
   -0.6106    0.5008   -0.6135
   -0.7776   -0.5261    0.3444
...    15 A-T ...
  -18.3878  -19.8338   34.6361
   -0.4527    0.8664    0.2107
   -0.4217    0.0002   -0.9067
   -0.7856   -0.4994    0.3653
...    16 T-A ...
  -20.7523  -21.2311   36.4478
   -0.5945    0.7484   -0.2940
   -0.1370   -0.4545   -0.8801
   -0.7923   -0.4829    0.3728
...    17 T-A ...
  -23.3484  -22.6008   37.8535
   -0.5680    0.3331   -0.7526
    0.2279   -0.8150   -0.5327
   -0.7909   -0.4741    0.3870
...    18 T-A ...
  -26.0188  -23.8771   39.2276
   -0.3467   -0.2313   -0.9090
    0.5166   -0.8560    0.0208
   -0.7829   -0.4624    0.4162
...    19 A-T ...
  -28.3100  -25.7880   40.9243
    0.0423   -0.7747   -0.6309
    0.6267   -0.4712    0.6206
   -0.7781   -0.4217    0.4656
...    20 T-A ...
  -31.2618  -26.9324   41.9370
    0.3469   -0.9170   -0.1969
    0.5173    0.0119    0.8557
   -0.7824   -0.3987    0.4785
...    21 T-A ...
  -33.9561  -28.2071   43.2670
    0.5636   -0.7403    0.3664
    0.2240    0.5640    0.7948
   -0.7951   -0.3659    0.4837
...    22 C-G ...
  -36.6107  -29.4341   44.8125
    0.6050   -0.2321    0.7616
   -0.1586    0.9022    0.4010
   -0.7803   -0.3634    0.5090
...    23 G-C ...
  -39.3461  -30.2238   46.6622
    0.4914    0.3732    0.7870
   -0.4856    0.8675   -0.1082
   -0.7230   -0.3290    0.6074
...    24 C-G ...
  -41.4383  -31.5806   48.8665
    0.1767    0.8113    0.5572
   -0.6835    0.5085   -0.5236
   -0.7082   -0.2884    0.6444
...    25 A-T ...
  -43.9567  -32.3391   50.9609
   -0.1777    0.9814    0.0730
   -0.6844   -0.0699   -0.7257
   -0.7071   -0.1789    0.6841
...    26 A-T ...
  -46.1248  -32.7685   53.3426
   -0.5373    0.7578   -0.3703
   -0.4597   -0.6312   -0.6247
   -0.7071   -0.1654    0.6875
...    27 A-T ...
  -48.3714  -33.0571   55.6796
   -0.7083    0.2430   -0.6627
   -0.0638   -0.9571   -0.2828
   -0.7030   -0.1580    0.6934
...    28 G-C ...
  -50.8138  -33.2421   57.9602
   -0.5916   -0.3162   -0.7416
    0.3215   -0.9361    0.1426
   -0.7394   -0.1540    0.6555
...    29 G-C ...
  -53.5268  -33.5665   59.9878
   -0.2577   -0.7791   -0.5716
    0.5811   -0.5975    0.5525
   -0.7719   -0.1898    0.6067
...    30 C-G ...
  -56.3640  -34.0630   61.7022
    0.1406   -0.9739   -0.1780
    0.6198   -0.0536    0.7829
   -0.7721   -0.2204    0.5961
...    31 C-G ...
  -59.1089  -34.9141   63.5056
    0.5210   -0.8154    0.2525
    0.4220    0.5032    0.7541
   -0.7419   -0.2863    0.6062
...    32 G-C ...
  -61.4430  -35.5963   65.8708
    0.7419   -0.3400    0.5779
    0.0310    0.8783    0.4770
   -0.6697   -0.3361    0.6622
...    33 G-C ...
  -63.5977  -36.9571   68.0901
    0.6860    0.2407    0.6867
   -0.4008    0.9126    0.0804
   -0.6073   -0.3304    0.7225
...    34 C-G ...
  -65.2989  -38.3559   70.5890
    0.3729    0.7252    0.5788
   -0.7236    0.6177   -0.3078
   -0.5807   -0.3040    0.7552
...    35 C-G ...
  -66.9872  -39.2974   73.3660
   -0.0492    0.9689    0.2426
   -0.8269    0.0968   -0.5540
   -0.5602   -0.2279    0.7964
...    36 C-G ...
  -68.6981  -39.7796   76.2534
   -0.4607    0.8707   -0.1722
   -0.6764   -0.4701   -0.5670
   -0.5746   -0.1447    0.8055
...    37 G-C ...
  -70.9579  -40.3499   78.7127
   -0.7094    0.4478   -0.5442
   -0.3093   -0.8917   -0.3305
   -0.6333   -0.0661    0.7711
...    38 A-T ...
  -73.0664  -40.4466   81.2562
   -0.7373   -0.1837   -0.6501
    0.1789   -0.9811    0.0743
   -0.6514   -0.0615    0.7562
...    39 C-G ...
  -75.4596  -40.0697   83.5605
   -0.5086   -0.6844   -0.5224
    0.5443   -0.7257    0.4208
   -0.6671   -0.0703    0.7417
...    40 A-T ...
  -77.5566  -40.4535   86.1541
   -0.0285   -0.9714   -0.2357
    0.7252   -0.1824    0.6640
   -0.6880   -0.1520    0.7096
...    41 C-G ...
  -80.2560  -41.0059   88.0238
    0.3875   -0.9113    0.1393
    0.6202    0.3695    0.6920
   -0.6821   -0.1818    0.7083
...    42 G-C ...
  -82.2772  -41.4794   90.7036
    0.7462   -0.5069    0.4315
    0.2639    0.8203    0.5074
   -0.6111   -0.2647    0.7459
...    43 A-T ...
  -84.2508  -42.4367   93.1610
    0.7750    0.1004    0.6240
   -0.2484    0.9562    0.1547
   -0.5811   -0.2749    0.7660
...    44 C-G ...
  -85.8140  -43.8834   95.7160
    0.5334    0.6077    0.5883
   -0.6371    0.7462   -0.1931
   -0.5563   -0.2718    0.7852
...    45 T-A ...
  -87.3542  -44.8304   98.5194
    0.1214    0.9304    0.3459
   -0.8428    0.2807   -0.4593
   -0.5244   -0.2358    0.8182
...    46 T-A ...
  -88.8273  -45.6145  101.3194
   -0.4127    0.9105    0.0261
   -0.7503   -0.3235   -0.5765
   -0.5165   -0.2576    0.8167
...    47 A-T ...
  -90.8272  -46.7850  103.8201
   -0.8179    0.4668   -0.3363
   -0.2903   -0.8395   -0.4593
   -0.4967   -0.2780    0.8222
...    48 C-G ...
  -92.4491  -47.0854  106.7373
   -0.8369   -0.0600   -0.5441
    0.1995   -0.9590   -0.2011
   -0.5097   -0.2768    0.8146
...    49 T-A ...
  -94.3530  -47.7410  109.4089
   -0.5619   -0.5617   -0.6072
    0.6224   -0.7706    0.1369
   -0.5448   -0.3010    0.7827
...    50 G-C ...
  -96.0792  -48.9645  112.0138
   -0.0353   -0.8713   -0.4895
    0.8257   -0.3013    0.4770
   -0.5631   -0.3873    0.7300
...    51 T-A ...
  -98.4112  -50.2225  114.0109
    0.4363   -0.8795   -0.1903
    0.7163    0.2115    0.6650
   -0.5446   -0.4264    0.7222
...    52 A-T ...
 -100.0932  -51.6624  116.5367
    0.8241   -0.5329    0.1920
    0.2913    0.6894    0.6632
   -0.4858   -0.4906    0.7234
...    53 G-C ...
 -101.6224  -53.5648  118.7913
    0.8848   -0.0349    0.4646
   -0.2146    0.8546    0.4729
   -0.4136   -0.5182    0.7486
...    54 G-C ...
 -102.6458  -55.5033  121.3643
    0.6437    0.4908    0.5872
   -0.6909    0.7026    0.1702
   -0.3291   -0.5152    0.7914
...    55 T-A ...
 -103.1341  -57.4605  124.0150
    0.1720    0.8021    0.5718
   -0.9355    0.3149   -0.1604
   -0.3087   -0.5074    0.8045
...    56 A-T ...
 -104.7273  -59.1758  126.5246
   -0.5140    0.7772    0.3630
   -0.8095   -0.2997   -0.5048
   -0.2836   -0.5533    0.7832
...    57 T-A ...
 -105.1861  -60.6412  129.4746
   -0.8713    0.4864    0.0654
   -0.4155   -0.6603   -0.6256
   -0.2611   -0.5723    0.7774
...    58 C-G ...
 -106.0258  -62.4564  132.1200
   -0.9425   -0.0191   -0.3336
    0.2086   -0.8135   -0.5429
   -0.2610   -0.5813    0.7707
...    59 T-A ...
 -107.0953  -64.1730  134.7876
   -0.6594   -0.4353   -0.6130
    0.6946   -0.6647   -0.2751
   -0.2877   -0.6072    0.7407
...    60 C-G ...
 -108.0798  -66.1028  137.2797
   -0.0955   -0.7202   -0.6871
    0.9560   -0.2586    0.1382
   -0.2773   -0.6437    0.7132
...    61 G-C ...
 -108.6632  -68.3187  139.7685
    0.4971   -0.6344   -0.5920
    0.8422    0.1885    0.5052
   -0.2089   -0.7497    0.6279
...    62 A-T ...
 -109.3508  -70.8272  141.7502
    0.9109   -0.3470   -0.2235
    0.3840    0.5141    0.7670
   -0.1512   -0.7844    0.6015
...    63 G-C ...
 -109.7457  -73.6237  143.4797
    0.9844    0.0566    0.1664
   -0.1673    0.5921    0.7883
   -0.0539   -0.8039    0.5923
...    64 C-G ...
 -109.4843  -76.4786  145.1545
    0.7277    0.4151    0.5461
   -0.6858    0.4243    0.5913
    0.0137   -0.8048    0.5934
...    65 T-A ...
 -109.0181  -79.1399  147.0963
    0.2308    0.6140    0.7548
   -0.9697    0.0810    0.2306
    0.0805   -0.7852    0.6140
...    66 C-G ...
 -108.6251  -81.6086  149.2633
   -0.4094    0.5273    0.7445
   -0.9057   -0.3334   -0.2619
    0.1101   -0.7815    0.6141
...    67 G-C ...
 -108.7076  -84.3795  151.2068
   -0.8716    0.2502    0.4216
   -0.4807   -0.6047   -0.6350
    0.0960   -0.7561    0.6474
...    68 G-C ...
 -108.2939  -86.7926  153.5722
   -0.9928   -0.1116   -0.0445
    0.1055   -0.6322   -0.7676
    0.0575   -0.7667    0.6394
...    69 G-C ...
 -108.0412  -89.2289  155.9385
   -0.7600   -0.4000   -0.5122
    0.6494   -0.4357   -0.6233
    0.0261   -0.8063    0.5909
...    70 A-T ...
 -107.9096  -91.7855  158.0061
   -0.2213   -0.5439   -0.8094
    0.9742   -0.0856   -0.2088
    0.0443   -0.8348    0.5488
...    71 T-A ...
 -108.4088  -94.5124  159.7537
    0.3041   -0.4842   -0.8204
    0.9506    0.2102    0.2282
    0.0620   -0.8493    0.5242
...    72 C-G ...
 -108.2175  -97.3331  161.3943
    0.7968   -0.1952   -0.5718
    0.5917    0.4438    0.6730
    0.1224   -0.8746    0.4691
...    73 C-G ...
 -107.6810 -100.4309  162.5872
    0.9673    0.1899   -0.1680
    0.0711    0.4327    0.8987
    0.2434   -0.8813    0.4051
...    74 G-C ...
 -106.4354 -103.1362  164.2020
    0.7967    0.5152    0.3159
   -0.4526    0.1622    0.8768
    0.4005   -0.8416    0.3625
...    75 C-G ...
 -104.5814 -105.7347  165.1806
    0.3924    0.5444    0.7414
   -0.7962   -0.2025    0.5701
    0.4605   -0.8140    0.3540
...    76 T-A ...
 -102.6892 -108.2165  166.3783
   -0.1257    0.3523    0.9274
   -0.8526   -0.5164    0.0806
    0.5073   -0.7806    0.3653
...    77 T-A ...
 -100.7291 -110.5704  167.5441
   -0.5739   -0.0966    0.8132
   -0.6067   -0.6168   -0.5014
    0.5501   -0.7811    0.2954
...    78 T-A ...
  -98.6846 -112.8886  168.6450
   -0.7762   -0.5155    0.3631
   -0.1508   -0.4073   -0.9008
    0.6122   -0.7539    0.2384
...    79 A-T ...
  -96.2807 -115.3915  168.6569
   -0.6057   -0.7180   -0.3429
    0.3824    0.1153   -0.9168
    0.6978   -0.6865    0.2047
...    80 A-T ...
  -94.0861 -117.6360  169.5245
   -0.2546   -0.5136   -0.8194
    0.6420    0.5439   -0.5404
    0.7232   -0.6636    0.1913
...    81 C-G ...
  -92.1348 -120.1704  170.3434
    0.0917   -0.1017   -0.9906
    0.6703    0.7420   -0.0141
    0.7364   -0.6627    0.1361
...    82 A-T ...
  -89.5142 -122.2578  170.7513
    0.3418    0.4448   -0.8279
    0.5149    0.6483    0.5609
    0.7862   -0.6179   -0.0075
...    83 C-G ...
  -87.2015 -124.5011  170.1708
    0.5060    0.7639   -0.4005
    0.2773    0.2957    0.9142
    0.8168   -0.5736   -0.0622
...    84 T-A ...
  -84.4243 -126.2062  169.5724
    0.4980    0.8507    0.1679
    0.0145   -0.2018    0.9793
    0.8670   -0.4853   -0.1129
...    85 T-A ...
  -81.5484 -127.5993  169.0027
    0.4102    0.5715    0.7108
   -0.2522   -0.6779    0.6906
    0.8764   -0.4625   -0.1339
...    86 T-A ...
  -78.5871 -128.8366  168.4140
    0.2184    0.0327    0.9753
   -0.4314   -0.8932    0.1266
    0.8753   -0.4484   -0.1810
...    87 A-T ...
  -76.0063 -130.9744  167.4479
   -0.0278   -0.6592    0.7515
   -0.4863   -0.6479   -0.5863
    0.8733   -0.3817   -0.3026
...    88 T-A ...
  -72.8127 -131.8292  166.9462
   -0.2372   -0.9218    0.3065
   -0.4117   -0.1904   -0.8912
    0.8799   -0.3376   -0.3343
...    89 G-C ...
  -70.0121 -132.8538  165.4442
   -0.4715   -0.8343   -0.2857
   -0.2001    0.4168   -0.8867
    0.8589   -0.3609   -0.3634
...    90 C-G ...
  -67.0431 -134.1492  164.5949
   -0.5399   -0.4395   -0.7179
    0.0698    0.8266   -0.5585
    0.8388   -0.3516   -0.4156
...    91 T-A ...
  -64.3605 -135.5497  163.2279
   -0.4889    0.1056   -0.8659
    0.3376    0.9382   -0.0762
    0.8044   -0.3296   -0.4943
...    92 T-A ...
  -61.8583 -136.7268  161.5631
   -0.2609    0.6388   -0.7237
    0.5533    0.7133    0.4301
    0.7910   -0.2882   -0.5396
...    93 C-G ...
  -59.3449 -137.5633  159.6653
    0.0440    0.9566   -0.2881
    0.6236    0.1990    0.7560
    0.7805   -0.2130   -0.5878
...    94 C-G ...
  -56.8854 -137.8497  157.3760
    0.2872    0.9273    0.2402
    0.5515   -0.3651    0.7501
    0.7832   -0.0829   -0.6162
...    95 G-C ...
  -53.9462 -137.8181  155.6864
    0.4614    0.5578    0.6899
    0.3771   -0.8272    0.4165
    0.8031    0.0680   -0.5920
...    96 G-C ...
  -51.1253 -137.0618  153.9233
    0.5484   -0.0101    0.8361
    0.1091   -0.9905   -0.0836
    0.8290    0.1371   -0.5421
...    97 C-G ...
  -48.2518 -136.2197  152.3807
    0.5080   -0.5751    0.6412
   -0.1984   -0.8025   -0.5627
    0.8382    0.1586   -0.5218
...    98 T-A ...
  -45.3181 -135.5110  150.9045
    0.3041   -0.9280    0.2153
   -0.4383   -0.3369   -0.8333
    0.8458    0.1591   -0.5092
...    99 C-G ...
  -42.4800 -134.8817  149.2864
   -0.0265   -0.9352   -0.3532
   -0.5507    0.3085   -0.7756
    0.8343    0.1740   -0.5231
...   100 G-C ...
  -39.9472 -133.8518  147.2650
   -0.4180   -0.5885   -0.6921
   -0.4561    0.7948   -0.4003
    0.7856    0.1484   -0.6006
...   101 T-A ...
  -37.1860 -133.9093  145.4122
   -0.6288   -0.0733   -0.7741
   -0.1733    0.9837    0.0476
    0.7580    0.1641   -0.6312
...   102 A-T ...
  -34.7137 -133.1608  143.2717
   -0.6813    0.5151   -0.5201
    0.2476    0.8308    0.4984
    0.6889    0.2108   -0.6936
...   103 T-A ...
  -32.8224 -132.8683  140.6206
   -0.4845    0.8584   -0.1687
    0.5644    0.4541    0.6894
    0.6684    0.2388   -0.7044
...   104 C-G ...
  -30.7709 -131.9084  138.2567
   -0.0955    0.9440    0.3159
    0.7644   -0.1337    0.6307
    0.6376    0.3017   -0.7088
...   105 A-T ...
  -28.5410 -130.6920  136.0556
    0.2973    0.6544    0.6952
    0.7202   -0.6318    0.2867
    0.6268    0.4154   -0.6592
...   106 T-A ...
  -26.9420 -128.7824  133.8822
    0.6327    0.2328    0.7386
    0.4686   -0.8744   -0.1258
    0.6166    0.4257   -0.6623
...   107 G-C ...
  -24.6562 -127.5839  131.7476
    0.7558   -0.3633    0.5448
    0.0204   -0.8185   -0.5742
    0.6544    0.4451   -0.6112
...   108 T-A ...
  -22.3772 -125.6585  130.1831
    0.6446   -0.7518    0.1391
   -0.3964   -0.4841   -0.7800
    0.6538    0.4476   -0.6101
...   109 T-A ...
  -20.1518 -124.0237  128.4326
    0.3079   -0.8700   -0.3852
   -0.7171    0.0539   -0.6949
    0.6253    0.4901   -0.6073
...   110 A-T ...
  -18.5571 -122.0031  126.1596
   -0.2292   -0.5928   -0.7720
   -0.7604    0.6042   -0.2382
    0.6077    0.5324   -0.5892
...   111 T-A ...
  -16.1421 -120.7553  124.2869
   -0.5934   -0.1906   -0.7820
   -0.5352    0.8191    0.2065
    0.6012    0.5411   -0.5881
...   112 A-T ...
  -14.2681 -118.6228  122.4479
   -0.8281    0.3409   -0.4450
   -0.0391    0.7568    0.6525
    0.5592    0.5577   -0.6134
...   113 A-T ...
  -12.5520 -116.9071  120.2956
   -0.7070    0.7064    0.0330
    0.4549    0.4185    0.7861
    0.5415    0.5708   -0.6172
...   114 C-G ...
  -11.2641 -115.1022  117.8282
   -0.3709    0.7977    0.4755
    0.7754   -0.0158    0.6313
    0.5111    0.6029   -0.6127
...   115 G-C ...
   -9.3269 -112.8937  116.1256
    0.0943    0.5732    0.8140
    0.8772   -0.4345    0.2044
    0.4708    0.6947   -0.5437
...   116 G-C ...
   -7.9443 -110.2331  114.5123
    0.5404    0.1760    0.8228
    0.6891   -0.6538   -0.3127
    0.4829    0.7359   -0.4745
...   117 A-T ...
   -6.3754 -107.7098  113.0440
    0.8435   -0.2711    0.4638
    0.2193   -0.6143   -0.7579
    0.4904    0.7410   -0.4587
...   118 T-A ...
   -4.8055 -104.9307  112.1383
    0.8399   -0.5425   -0.0123
   -0.2596   -0.3818   -0.8871
    0.4766    0.7483   -0.4615
...   119 A-T ...
   -3.5594 -102.4224  110.1685
    0.4669   -0.6389   -0.6114
   -0.7596    0.0642   -0.6472
    0.4527    0.7666   -0.4553
...   120 A-T ...
   -1.8943  -99.9678  108.8188
   -0.0703   -0.4635   -0.8833
   -0.8931    0.4237   -0.1512
    0.4443    0.7782   -0.4438
...   121 T-A ...
    0.1083  -97.7994  107.3366
   -0.5273   -0.1719   -0.8321
   -0.7255    0.6008    0.3357
    0.4423    0.7807   -0.4415
...   122 G-C ...
    1.2793  -94.9851  105.9111
   -0.8924    0.1529   -0.4245
   -0.2550    0.6052    0.7541
    0.3722    0.7812   -0.5011
...   123 T-A ...
    2.4066  -92.7365  103.7294
   -0.8982    0.4341    0.0698
    0.2742    0.4289    0.8607
    0.3436    0.7922   -0.5043
...   124 G-C ...
    3.5063  -89.8760  102.3393
   -0.5821    0.5353    0.6121
    0.7672    0.1121    0.6315
    0.2694    0.8372   -0.4759
...   125 T-A ...
    3.7767  -87.0503  100.5763
   -0.0753    0.4889    0.8691
    0.9623   -0.1927    0.1919
    0.2613    0.8508   -0.4560
...   126 C-G ...
    4.5552  -84.1676   99.1503
    0.5231    0.2510    0.8145
    0.8102   -0.4429   -0.3839
    0.2644    0.8607   -0.4351
...   127 G-C ...
    5.7836  -81.4321   97.5536
    0.8699   -0.1377    0.4736
    0.3585   -0.4830   -0.7989
    0.3388    0.8647   -0.3708
...   128 A-T ...
    6.8855  -78.5307   96.4128
    0.8984   -0.4271   -0.1022
   -0.2457   -0.2961   -0.9230
    0.3639    0.8544   -0.3710
...   129 C-G ...
    8.3834  -75.6241   95.7526
    0.6089   -0.5437   -0.5776
   -0.6924   -0.0088   -0.7215
    0.3872    0.8392   -0.3818
...   130 C-G ...
    9.9609  -72.8833   94.5319
    0.0761   -0.5226   -0.8491
   -0.9059    0.3196   -0.2778
    0.4166    0.7904   -0.4492
...   131 A-T ...
   11.0854  -70.1396   92.9389
   -0.5164   -0.3012   -0.8017
   -0.7601    0.5924    0.2670
    0.3945    0.7472   -0.5349
...   132 A-T ...
   12.4764  -67.8674   91.0729
   -0.8648    0.1104   -0.4898
   -0.3048    0.6598    0.6868
    0.3990    0.7433   -0.5370
...   133 A-T ...
   13.7555  -65.5916   89.1260
   -0.8708    0.4916    0.0064
    0.2704    0.4680    0.8413
    0.4106    0.7344   -0.5405
...   134 T-A ...
   14.7384  -63.4257   86.8199
   -0.5923    0.6747    0.4404
    0.6886    0.1401    0.7115
    0.4183    0.7247   -0.5475
...   135 G-C ...
   15.7317  -61.4927   83.9331
    0.0341    0.7400    0.6717
    0.8636   -0.3601    0.3528
    0.5030    0.5681   -0.6514
...   136 T-A ...
   15.7848  -59.5603   80.7993
    0.5517    0.4998    0.6677
    0.6739   -0.7388   -0.0038
    0.4915    0.4520   -0.7444
...   137 G-C ...
   16.8385  -57.7218   78.2676
    0.8528   -0.0848    0.5153
    0.1507   -0.9048   -0.3983
    0.5000    0.4173   -0.7588
...   138 A-T ...
   18.4283  -55.5286   76.5299
    0.8547   -0.5006    0.1371
   -0.3188   -0.7148   -0.6224
    0.4096    0.4883   -0.7706
...   139 G-C ...
   20.4259  -54.3092   74.5420
    0.5847   -0.7389   -0.3347
   -0.7593   -0.3533   -0.5465
    0.2856    0.5737   -0.7676
...   140 C-G ...
   21.4270  -51.8265   72.7876
    0.1304   -0.7144   -0.6875
   -0.8897    0.2216   -0.3991
    0.4375    0.6637   -0.6067
...   141 G-C ...
   22.1521  -50.1493   67.4640
   -0.4682   -0.8748    0.1248
   -0.8494    0.4066   -0.3364
    0.2435   -0.2635   -0.9334
...   142 C-G ...
   22.3489  -51.2412   64.4934
   -0.8528   -0.5119   -0.1032
   -0.4975    0.8565   -0.1374
    0.1587   -0.0659   -0.9851
...   143 T-A ...
   24.0166  -51.6377   61.9248
   -0.9562    0.0401   -0.2898
    0.0524    0.9980   -0.0348
    0.2878   -0.0485   -0.9564
...   144 C-G ...
   24.8958  -52.7394   58.9874
   -0.7529    0.5560   -0.3520
    0.5214    0.8304    0.1965
    0.4016   -0.0356   -0.9151
...   145 A-T ...
   25.5276  -52.9802   55.8053
   -0.2442    0.9563   -0.1610
    0.8906    0.2869    0.3528
    0.3836   -0.0573   -0.9217
...   146 C-G ...
   25.2778  -52.5121   52.0796
    0.3204    0.9427   -0.0929
    0.8825   -0.2614    0.3909
    0.3443   -0.2072   -0.9157
...   147 A-T ...
   25.6239  -52.5938   48.6396
    0.8597    0.5097    0.0339
    0.4496   -0.7865    0.4233
    0.2424   -0.3487   -0.9053
