  147 base-pairs
...     1 T-A ...
    0.0000    0.0000    0.0000
    1.0000    0.0000    0.0000
    0.0000    1.0000    0.0000
    0.0000    0.0000    1.0000
...     2 G-C ...
   -0.5555   -1.1003    3.3981
    0.7749    0.6051    0.1828
   -0.5991    0.7953   -0.0929
   -0.2016   -0.0375    0.9787
...     3 T-A ...
   -0.6619   -3.0237    6.5348
    0.3046    0.9250    0.2271
   -0.8994    0.3578   -0.2510
   -0.3134   -0.1278    0.9410
...     4 G-C ...
   -1.1607   -3.8418    9.6940
   -0.3351    0.9421    0.0133
   -0.8752   -0.3061   -0.3746
   -0.3489   -0.1372    0.9271
...     5 A-T ...
   -1.3881   -3.6770   12.8999
   -0.7835    0.6162   -0.0801
   -0.5677   -0.7622   -0.3109
   -0.2527   -0.1981    0.9470
...     6 G-C ...
   -2.6236   -3.5448   15.7072
   -0.9923    0.0611   -0.1075
   -0.0294   -0.9610   -0.2748
   -0.1201   -0.2695    0.9555
...     7 C-G ...
   -2.3138   -3.7570   18.8866
   -0.8620   -0.4995   -0.0864
    0.5008   -0.8655    0.0073
   -0.0785   -0.0370    0.9962
...     8 G-C ...
   -3.9561   -6.8109   23.3205
   -0.2581   -0.3560   -0.8981
    0.6294   -0.7673    0.1233
   -0.7330   -0.5335    0.4221
...     9 C-G ...
   -6.1177   -8.9414   24.2385
    0.1143   -0.7320   -0.6716
    0.8123   -0.3203    0.4874
   -0.5720   -0.6013    0.5580
...    10 T-A ...
   -8.5041   -9.6771   26.0540
    0.4660   -0.8587   -0.2131
    0.6274    0.1508    0.7640
   -0.6239   -0.4897    0.6090
...    11 C-G ...
  -11.0625  -11.3174   27.2336
    0.6660   -0.6911    0.2808
    0.3382    0.6152    0.7121
   -0.6649   -0.3794    0.6435
...    12 A-T ...
  -13.0013  -13.1789   29.0658
    0.7188   -0.1490    0.6790
   -0.1787    0.9043    0.3876
   -0.6718   -0.4000    0.6235
...    13 C-G ...
  -14.1788  -15.9359   31.3399
    0.4052    0.2865    0.8682
   -0.5270    0.8492   -0.0343
   -0.7470   -0.4437    0.4951
...    14 A-T ...
  -15.9532  -18.1566   33.3080
   -0.1503    0.6873    0.7107
   -0.6106    0.5008   -0.6135
   -0.7776   -0.5261    0.3444
...    15 A-T ...
  -18.3916  -19.8498   34.6184
   -0.4605    0.8635    0.2059
   -0.4128   -0.0030   -0.9108
   -0.7858   -0.5044    0.3579
...    16 T-A ...
  -20.7681  -21.2676   36.4015
   -0.5967    0.7428   -0.3038
   -0.1204   -0.4571   -0.8812
   -0.7934   -0.4892    0.3622
...    17 T-A ...
  -23.3755  -22.6694   37.7534
   -0.5541    0.3266   -0.7657
    0.2463   -0.8143   -0.5256
   -0.7952   -0.4798    0.3707
...    18 T-A ...
  -26.0640  -23.9821   39.0528
   -0.3164   -0.2350   -0.9191
    0.5230   -0.8515    0.0377
   -0.7915   -0.4687    0.3923
...    19 A-T ...
  -28.4090  -25.9188   40.6526
    0.0780   -0.7719   -0.6309
    0.6055   -0.4660    0.6451
   -0.7920   -0.4323    0.4311
...    20 T-A ...
  -31.3866  -27.1071   41.5318
    0.3679   -0.9118   -0.1823
    0.4768    0.0167    0.8789
   -0.7983   -0.4103    0.4409
...    21 T-A ...
  -34.1239  -28.4252   42.7321
    0.5527   -0.7320    0.3983
    0.1731    0.5683    0.8044
   -0.8152   -0.3757    0.4409
...    22 C-G ...
  -36.8443  -29.6936   44.1402
    0.5573   -0.2190    0.8009
   -0.1977    0.9019    0.3841
   -0.8064   -0.3724    0.4593
...    23 G-C ...
  -39.7081  -30.4924   45.8024
    0.4175    0.3892    0.8211
   -0.4924    0.8564   -0.1555
   -0.7637   -0.3394    0.5491
...    24 C-G ...
  -41.9732  -31.8844   47.8233
    0.1045    0.8206    0.5618
   -0.6453    0.4858   -0.5895
   -0.7567   -0.3009    0.5804
...    25 A-T ...
  -44.6878  -32.7112   49.6358
   -0.2193    0.9748    0.0412
   -0.6034   -0.1023   -0.7908
   -0.7667   -0.1983    0.6107
...    26 A-T ...
  -47.0782  -33.2137   51.7812
   -0.5252    0.7302   -0.4370
   -0.3639   -0.6569   -0.6603
   -0.7692   -0.1878    0.6107
...    27 A-T ...
  -49.5535  -33.5880   53.8602
   -0.6384    0.2029   -0.7425
    0.0097   -0.9624   -0.2714
   -0.7696   -0.1805    0.6124
...    28 G-C ...
  -52.2368  -33.8641   55.8453
   -0.4826   -0.3542   -0.8010
    0.3452   -0.9175    0.1977
   -0.8049   -0.1811    0.5650
...    29 G-C ...
  -55.1656  -34.3102   57.5223
   -0.1440   -0.7989   -0.5839
    0.5350   -0.5592    0.6332
   -0.8325   -0.2212    0.5080
...    30 C-G ...
  -58.1772  -34.9518   58.8560
    0.2131   -0.9674   -0.1366
    0.5120   -0.0085    0.8589
   -0.8321   -0.2530    0.4935
...    31 C-G ...
  -61.0757  -35.9597   60.3085
    0.5236   -0.7795    0.3438
    0.2821    0.5394    0.7934
   -0.8039   -0.3184    0.5023
...    32 G-C ...
  -63.6746  -36.7481   62.3599
    0.6615   -0.2816    0.6951
   -0.0963    0.8872    0.4512
   -0.7437   -0.3654    0.5598
...    33 G-C ...
  -66.0726  -38.1896   64.2662
    0.5444    0.3015    0.7828
   -0.4671    0.8840   -0.0157
   -0.6967   -0.3571    0.6221
...    34 C-G ...
  -68.0948  -39.6549   66.4890
    0.2125    0.7632    0.6102
   -0.7005    0.5544   -0.4494
   -0.6813   -0.3319    0.6524
...    35 C-G ...
  -70.1979  -40.6895   68.9380
   -0.1701    0.9658    0.1957
   -0.7155    0.0155   -0.6985
   -0.6776   -0.2588    0.6883
...    36 C-G ...
  -72.3729  -41.3059   71.4716
   -0.4931    0.8211   -0.2875
   -0.5115   -0.5409   -0.6676
   -0.7037   -0.1822    0.6868
...    37 G-C ...
  -74.9911  -42.0813   73.4944
   -0.6252    0.3660   -0.6893
   -0.1506   -0.9232   -0.3536
   -0.7658   -0.1173    0.6323
...    38 A-T ...
  -77.5443  -42.3642   75.5763
   -0.5655   -0.2690   -0.7796
    0.2560   -0.9559    0.1442
   -0.7840   -0.1180    0.6094
...    39 C-G ...
  -80.3850  -42.2069   77.3267
   -0.3132   -0.7426   -0.5919
    0.5146   -0.6566    0.5514
   -0.7981   -0.1319    0.5878
...    40 A-T ...
  -82.9442  -42.8007   79.4302
    0.1286   -0.9711   -0.2009
    0.5780   -0.0912    0.8109
   -0.8058   -0.2204    0.5496
...    41 C-G ...
  -85.9124  -43.6445   80.6878
    0.4460   -0.8576    0.2562
    0.4046    0.4485    0.7970
   -0.7984   -0.2518    0.5470
...    42 G-C ...
  -88.3993  -44.3484   82.8986
    0.6772   -0.4052    0.6142
    0.0376    0.8527    0.5211
   -0.7348   -0.3298    0.5927
...    43 A-T ...
  -90.7715  -45.5214   84.8780
    0.5771    0.2087    0.7895
   -0.3959    0.9171    0.0469
   -0.7143   -0.3396    0.6119
...    44 C-G ...
  -92.7394  -47.1387   87.0407
    0.2793    0.6821    0.6758
   -0.6580    0.6485   -0.3826
   -0.6993   -0.3378    0.6300
...    45 T-A ...
  -94.8307  -48.2713   89.3955
   -0.1082    0.9407    0.3215
   -0.7200    0.1488   -0.6779
   -0.6855   -0.3048    0.6612
...    46 T-A ...
  -96.8755  -49.2651   91.7381
   -0.5381    0.8330   -0.1283
   -0.5060   -0.4411   -0.7412
   -0.6740   -0.3339    0.6589
...    47 A-T ...
  -99.2736  -50.8016   93.6414
   -0.7596    0.3147   -0.5692
   -0.0054   -0.8782   -0.4783
   -0.6503   -0.3603    0.6688
...    48 C-G ...
 -101.5547  -51.3875   96.0256
   -0.6256   -0.2104   -0.7512
    0.4116   -0.9070   -0.0888
   -0.6627   -0.3648    0.6540
...    49 T-A ...
 -103.9876  -52.3885   98.0970
   -0.2519   -0.6543   -0.7130
    0.6836   -0.6418    0.3475
   -0.6850   -0.3999    0.6089
...    50 G-C ...
 -106.1480  -53.9417  100.1584
    0.2729   -0.8582   -0.4348
    0.6873   -0.1423    0.7123
   -0.6731   -0.4932    0.5510
...    51 T-A ...
 -108.6845  -55.6542  101.4361
    0.6311   -0.7757   -0.0071
    0.4277    0.3403    0.8374
   -0.6471   -0.5315    0.5465
...    52 A-T ...
 -110.7359  -57.3813  103.4826
    0.8029   -0.3580    0.4766
   -0.0760    0.7315    0.6776
   -0.5913   -0.5803    0.5601
...    53 G-C ...
 -112.5236  -59.5650  105.2559
    0.6650    0.1439    0.7328
   -0.5245    0.7886    0.3211
   -0.5316   -0.5979    0.5999
...    54 G-C ...
 -113.9679  -61.6818  107.4741
    0.2827    0.6069    0.7428
   -0.8345    0.5374   -0.1215
   -0.4729   -0.5856    0.6584
...    55 T-A ...
 -114.9532  -63.7588  109.9111
   -0.2202    0.8066    0.5486
   -0.8590    0.1062   -0.5009
   -0.4623   -0.5815    0.6694
...    56 A-T ...
 -117.0060  -65.9434  111.6638
   -0.7900    0.6037    0.1070
   -0.4584   -0.4656   -0.7570
   -0.4072   -0.6471    0.6445
...    57 T-A ...
 -118.1460  -67.6438  114.2910
   -0.9248    0.2433   -0.2924
    0.0370   -0.7075   -0.7058
   -0.3786   -0.6635    0.6453
...    58 C-G ...
 -119.3846  -69.7831  116.5128
   -0.7007   -0.2404   -0.6718
    0.6078   -0.6942   -0.3855
   -0.3737   -0.6784    0.6326
...    59 T-A ...
 -120.8895  -71.9006  118.6297
   -0.2232   -0.5451   -0.8081
    0.8975   -0.4384    0.0478
   -0.3803   -0.7146    0.5871
...    60 C-G ...
 -122.1987  -74.2141  120.5897
    0.3856   -0.6597   -0.6450
    0.8534   -0.0106    0.5211
   -0.3506   -0.7515    0.5589
...    61 G-C ...
 -123.0654  -76.7598  122.6624
    0.8484   -0.4239   -0.3171
    0.4764    0.3501    0.8065
   -0.2309   -0.8353    0.4990
...    62 A-T ...
 -123.7316  -79.5622  124.2284
    0.9780   -0.0745    0.1946
   -0.1300    0.5119    0.8492
   -0.1629   -0.8558    0.4910
...    63 G-C ...
 -124.0051  -82.5412  125.6766
    0.7577    0.2873    0.5859
   -0.6484    0.4326    0.6264
   -0.0735   -0.8546    0.5141
...    64 C-G ...
 -123.6913  -85.4145  127.3507
    0.2614    0.5118    0.8184
   -0.9651    0.1538    0.2121
   -0.0173   -0.8453    0.5341
...    65 T-A ...
 -123.3919  -88.1241  129.2881
   -0.3245    0.5319    0.7822
   -0.9456   -0.2031   -0.2542
    0.0237   -0.8221    0.5688
...    66 C-G ...
 -123.2799  -90.7533  131.3182
   -0.8418    0.2722    0.4661
   -0.5375   -0.5027   -0.6771
    0.0500   -0.8205    0.5695
...    67 G-C ...
 -123.2933  -93.7878  132.8474
   -0.9966   -0.0603   -0.0566
    0.0810   -0.5706   -0.8173
    0.0170   -0.8190    0.5735
...    68 G-C ...
 -123.1939  -96.4409  134.9893
   -0.7661   -0.3384   -0.5465
    0.6427   -0.4115   -0.6462
   -0.0062   -0.8462    0.5328
...    69 T-A ...
 -123.7001  -99.0372  137.0596
   -0.2895   -0.4873   -0.8239
    0.9571   -0.1360   -0.2558
    0.0126   -0.8626    0.5058
...    70 C-G ...
 -123.6952 -101.8366  138.8171
    0.3473   -0.4191   -0.8389
    0.9362    0.2065    0.2844
    0.0540   -0.8841    0.4641
...    71 A-T ...
 -123.3429 -104.7838  140.4236
    0.8066   -0.0863   -0.5847
    0.5670    0.3922    0.7244
    0.1668   -0.9158    0.3653
...    72 T-A ...
 -122.9692 -107.9686  141.0125
    0.9739    0.1684   -0.1522
    0.0807    0.3700    0.9255
    0.2122   -0.9136    0.3468
...    73 G-C ...
 -121.9011 -110.8789  142.3386
    0.8025    0.4740    0.3625
   -0.4759    0.1417    0.8680
    0.3600   -0.8691    0.3393
...    74 T-A ...
 -120.1754 -113.6014  143.0564
    0.4042    0.5071    0.7612
   -0.8188   -0.1704    0.5482
    0.4077   -0.8449    0.3463
...    75 T-A ...
 -118.5762 -116.2396  144.1043
   -0.1487    0.2767    0.9494
   -0.8887   -0.4585   -0.0056
    0.4338   -0.8445    0.3141
...    76 A-T ...
 -117.6630 -119.5375  144.7941
   -0.6661   -0.2326    0.7086
   -0.5397   -0.5054   -0.6733
    0.5147   -0.8309    0.2111
...    77 T-A ...
 -115.6764 -121.9229  146.0431
   -0.8213   -0.5126    0.2502
   -0.1078   -0.2912   -0.9506
    0.5601   -0.8077    0.1839
...    78 A-T ...
 -113.3385 -124.5154  145.8099
   -0.5814   -0.6636   -0.4707
    0.4537    0.2157   -0.8646
    0.6753   -0.7163    0.1757
...    79 A-T ...
 -111.2295 -126.8735  146.6097
   -0.1762   -0.4210   -0.8898
    0.6813    0.6003   -0.4189
    0.7105   -0.6800    0.1810
...    80 C-G ...
 -109.3164 -129.4769  147.3366
    0.1866    0.0032   -0.9824
    0.6549    0.7450    0.1268
    0.7324   -0.6670    0.1370
...    81 G-C ...
 -106.6077 -131.4374  147.9279
    0.3853    0.5342   -0.7524
    0.4321    0.6160    0.6586
    0.8154   -0.5789    0.0065
...    82 G-C ...
 -103.8671 -133.3550  147.5755
    0.4407    0.8578   -0.2645
    0.1781    0.2053    0.9624
    0.8798   -0.4712   -0.0623
...    83 A-T ...
 -100.8857 -134.6729  147.2776
    0.3928    0.8454    0.3619
   -0.0750   -0.3628    0.9289
    0.9166   -0.3920   -0.0791
...    84 G-C ...
  -97.7175 -135.5948  146.8533
    0.2180    0.5383    0.8141
   -0.2201   -0.7855    0.5784
    0.9508   -0.3053   -0.0528
...    85 A-T ...
  -94.4910 -136.3728  146.8542
    0.0318   -0.0536    0.9981
   -0.2580   -0.9652   -0.0436
    0.9656   -0.2561   -0.0445
...    86 T-A ...
  -91.1640 -136.5288  146.9058
   -0.0716   -0.5676    0.8202
   -0.2286   -0.7911   -0.5674
    0.9709   -0.2281   -0.0731
...    87 C-G ...
  -87.9118 -137.2262  146.7892
   -0.1660   -0.9440    0.2851
   -0.1330   -0.2650   -0.9550
    0.9771   -0.1965   -0.0815
...    88 C-G ...
  -84.5622 -137.8383  146.7378
   -0.2421   -0.9171   -0.3166
   -0.0230    0.3317   -0.9431
    0.9700   -0.2210   -0.1014
...    89 G-C ...
  -81.2414 -138.0577  146.0528
   -0.2845   -0.5263   -0.8013
    0.0793    0.8200   -0.5668
    0.9554   -0.2248   -0.1916
...    90 C-G ...
  -78.0919 -139.0976  145.6750
   -0.2458    0.0342   -0.9687
    0.1948    0.9807   -0.0148
    0.9496   -0.1923   -0.2477
...    91 T-A ...
  -75.0432 -139.9274  144.6748
   -0.1963    0.5716   -0.7967
    0.2932    0.8096    0.5085
    0.9357   -0.1337   -0.3265
...    92 T-A ...
  -72.0927 -140.3886  143.4560
   -0.0585    0.9366   -0.3456
    0.3597    0.3427    0.8679
    0.9312   -0.0735   -0.3569
...    93 T-A ...
  -69.1610 -140.5132  142.1159
    0.0982    0.9686    0.2285
    0.3528   -0.2485    0.9021
    0.9305   -0.0080   -0.3661
...    94 A-T ...
  -66.0252 -140.2012  140.9788
    0.1826    0.6339    0.7516
    0.2933   -0.7647    0.5737
    0.9384    0.1157   -0.3255
...    95 A-T ...
  -63.0359 -139.5170  139.8989
    0.3275    0.0694    0.9423
    0.1578   -0.9873    0.0179
    0.9316    0.1428   -0.3343
...    96 C-G ...
  -59.9934 -138.3752  139.0356
    0.3623   -0.4776    0.8004
   -0.0179   -0.8621   -0.5064
    0.9319    0.1691   -0.3209
...    97 A-T ...
  -56.9209 -138.0480  137.7764
    0.2531   -0.9070    0.3368
   -0.2112   -0.3915   -0.8956
    0.9441    0.1555   -0.2906
...    98 C-G ...
  -53.6290 -137.3990  137.4178
    0.1063   -0.9712   -0.2134
   -0.3214    0.1695   -0.9317
    0.9410    0.1676   -0.2941
...    99 T-A ...
  -50.3980 -136.9679  136.6601
   -0.1175   -0.7188   -0.6852
   -0.3391    0.6776   -0.6526
    0.9334    0.1557   -0.3233
...   100 T-A ...
  -47.2862 -136.5968  135.7811
   -0.2876   -0.1800   -0.9407
   -0.2311    0.9662   -0.1142
    0.9294    0.1846   -0.3195
...   101 T-A ...
  -44.2461 -136.1732  134.7360
   -0.3921    0.4103   -0.8234
   -0.0349    0.8878    0.4590
    0.9193    0.2087   -0.3338
...   102 A-T ...
  -41.2381 -135.2949  133.5556
   -0.4444    0.8258   -0.3473
    0.2262    0.4785    0.8485
    0.8668    0.2985   -0.3994
...   103 T-A ...
  -38.7139 -134.4275  131.6638
   -0.2957    0.9440    0.1465
    0.4303   -0.0053    0.9027
    0.8529    0.3299   -0.4046
...   104 G-C ...
  -35.8758 -132.9986  130.5567
   -0.0919    0.7210    0.6868
    0.5726   -0.5260    0.6289
    0.8147    0.4510   -0.3645
...   105 C-G ...
  -33.4715 -131.0160  129.3552
    0.2106    0.2844    0.9353
    0.5608   -0.8188    0.1227
    0.8007    0.4986   -0.3319
...   106 T-A ...
  -30.9499 -129.0128  128.4566
    0.4551   -0.2338    0.8592
    0.3887   -0.8160   -0.4279
    0.8011    0.5287   -0.2805
...   107 T-A ...
  -28.4614 -127.0347  127.7007
    0.6334   -0.6495    0.4207
    0.0379   -0.5169   -0.8552
    0.7729    0.5576   -0.3028
...   108 C-G ...
  -25.8850 -125.1494  126.8027
    0.5254   -0.8282   -0.1951
   -0.3610   -0.0093   -0.9325
    0.7705    0.5604   -0.3039
...   109 C-G ...
  -23.1632 -123.2882  125.9899
    0.1807   -0.7188   -0.6713
   -0.5958    0.4631   -0.6562
    0.7825    0.5186   -0.3446
...   110 G-C ...
  -20.8574 -121.1927  124.6528
   -0.2760   -0.3658   -0.8888
   -0.5976    0.7896   -0.1394
    0.7528    0.4927   -0.4365
...   111 G-C ...
  -18.2182 -119.7050  123.1639
   -0.6308    0.0916   -0.7705
   -0.3420    0.8585    0.3821
    0.6965    0.5046   -0.5102
...   112 C-G ...
  -15.9033 -118.3729  121.1945
   -0.7559    0.5201   -0.3977
    0.0685    0.6669    0.7420
    0.6511    0.5336   -0.5397
...   113 T-A ...
  -13.9862 -116.6337  119.1178
   -0.6504    0.7517    0.1093
    0.4835    0.2987    0.8228
    0.5859    0.5879   -0.5578
...   114 C-G ...
  -12.2258 -114.5725  117.2673
   -0.2600    0.7546    0.6024
    0.7913   -0.1910    0.5808
    0.5533    0.6278   -0.5475
...   115 G-C ...
  -10.1454 -112.3474  115.7991
    0.1825    0.4399    0.8793
    0.8327   -0.5447    0.0997
    0.5228    0.7140   -0.4657
...   116 T-A ...
   -8.8996 -109.5598  114.4486
    0.5922    0.0621    0.8034
    0.6102   -0.6857   -0.3968
    0.5262    0.7252   -0.4440
...   117 A-T ...
   -7.0035 -107.3584  112.6930
    0.8572   -0.3822    0.3452
    0.0814   -0.5612   -0.8236
    0.5086    0.7341   -0.4499
...   118 T-A ...
   -5.2878 -104.6515  111.8434
    0.7815   -0.6074   -0.1427
   -0.3802   -0.2823   -0.8808
    0.4947    0.7426   -0.4515
...   119 A-T ...
   -3.9850 -102.1119  109.9907
    0.3536   -0.6326   -0.6890
   -0.8043    0.1705   -0.5693
    0.4776    0.7554   -0.4485
...   120 A-T ...
   -2.2308  -99.7271  108.6392
   -0.1819   -0.4043   -0.8963
   -0.8637    0.5015   -0.0510
    0.4701    0.7649   -0.4404
...   121 T-A ...
   -0.1896  -97.6491  107.0957
   -0.6045   -0.0889   -0.7916
   -0.6462    0.6359    0.4220
    0.4659    0.7666   -0.4419
...   122 G-C ...
    1.0774  -94.8955  105.6563
   -0.9101    0.2261   -0.3473
   -0.1563    0.5887    0.7931
    0.3838    0.7761   -0.5004
...   123 T-A ...
    2.1672  -92.6421  103.4760
   -0.8642    0.4803    0.1499
    0.3596    0.3812    0.8517
    0.3519    0.7899   -0.5022
...   124 G-C ...
    3.2718  -89.8007  102.0732
   -0.5166    0.5385    0.6657
    0.8103    0.0562    0.5833
    0.2767    0.8408   -0.4653
...   125 T-A ...
    3.5519  -86.9373  100.3872
   -0.0053    0.4621    0.8868
    0.9632   -0.2360    0.1287
    0.2687    0.8549   -0.4438
...   126 C-G ...
    4.3486  -84.0402   99.0195
    0.5720    0.2065    0.7938
    0.7736   -0.4575   -0.4384
    0.2726    0.8649   -0.4215
...   127 G-C ...
    5.5785  -81.3022   97.4613
    0.8838   -0.1789    0.4322
    0.3094   -0.4694   -0.8270
    0.3508    0.8647   -0.3595
...   128 A-T ...
    6.7157  -78.4051   96.3682
    0.8812   -0.4502   -0.1442
   -0.2857   -0.2642   -0.9212
    0.3767    0.8530   -0.3614
...   129 C-G ...
    8.2718  -75.5331   95.7316
    0.5776   -0.5466   -0.6063
   -0.7119    0.0262   -0.7018
    0.3995    0.8370   -0.3740
...   130 C-G ...
    9.8954  -72.8164   94.5369
    0.0457   -0.5097   -0.8591
   -0.9037    0.3454   -0.2529
    0.4256    0.7880   -0.4449
...   131 A-T ...
   11.0711  -70.0969   92.9610
   -0.5333   -0.2844   -0.7967
   -0.7450    0.6040    0.2830
    0.4007    0.7445   -0.5340
...   132 A-T ...
   12.4771  -67.8458   91.0859
   -0.8679    0.1232   -0.4812
   -0.2900    0.6607    0.6923
    0.4032    0.7404   -0.5377
...   133 A-T ...
   13.7588  -65.5862   89.1270
   -0.8681    0.4963    0.0106
    0.2765    0.4657    0.8406
    0.4123    0.7327   -0.5415
...   134 T-A ...
   14.7384  -63.4257   86.8200
   -0.5923    0.6747    0.4404
    0.6886    0.1401    0.7115
    0.4183    0.7247   -0.5475
...   135 G-C ...
   15.7317  -61.4927   83.9331
    0.0341    0.7400    0.6717
    0.8636   -0.3601    0.3528
    0.5030    0.5681   -0.6514
...   136 T-A ...
   15.7848  -59.5603   80.7993
    0.5517    0.4998    0.6677
    0.6739   -0.7388   -0.0038
    0.4915    0.4520   -0.7444
...   137 G-C ...
   16.8385  -57.7218   78.2676
    0.8528   -0.0848    0.5153
    0.1507   -0.9048   -0.3983
    0.5000    0.4173   -0.7588
...   138 A-T ...
   18.4282  -55.5286   76.5300
    0.8547   -0.5006    0.1371
   -0.3188   -0.7148   -0.6224
    0.4096    0.4883   -0.7706
...   139 G-C ...
   20.4259  -54.3092   74.5421
    0.5847   -0.7389   -0.3347
   -0.7593   -0.3533   -0.5465
    0.2856    0.5737   -0.7676
...   140 C-G ...
   21.4270  -51.8265   72.7877
    0.1304   -0.7144   -0.6875
   -0.8897    0.2216   -0.3991
    0.4375    0.6637   -0.6067
...   141 G-C ...
   22.1521  -50.1493   67.4641
   -0.4682   -0.8748    0.1248
   -0.8494    0.4066   -0.3364
    0.2435   -0.2635   -0.9334
...   142 C-G ...
   22.3489  -51.2412   64.4934
   -0.8528   -0.5119   -0.1032
   -0.4975    0.8565   -0.1374
    0.1587   -0.0659   -0.9851
...   143 T-A ...
   24.0166  -51.6377   61.9249
   -0.9562    0.0401   -0.2898
    0.0524    0.9980   -0.0348
    0.2878   -0.0485   -0.9564
...   144 C-G ...
   24.8958  -52.7394   58.9874
   -0.7529    0.5560   -0.3520
    0.5214    0.8304    0.1965
    0.4016   -0.0356   -0.9151
...   145 A-T ...
   25.5276  -52.9802   55.8054
   -0.2442    0.9563   -0.1610
    0.8906    0.2869    0.3528
    0.3836   -0.0573   -0.9217
...   146 C-G ...
   25.2778  -52.5121   52.0797
    0.3204    0.9427   -0.0929
    0.8825   -0.2614    0.3909
    0.3443   -0.2072   -0.9157
...   147 A-T ...
   25.6239  -52.5938   48.6396
    0.8597    0.5097    0.0339
    0.4496   -0.7865    0.4233
    0.2424   -0.3487   -0.9053
