  147 base-pairs
...     1 T-A ...
    0.0000    0.0000    0.0000
    1.0000    0.0000    0.0000
    0.0000    1.0000    0.0000
    0.0000    0.0000    1.0000
...     2 G-C ...
   -0.5555   -1.1003    3.3981
    0.7749    0.6051    0.1828
   -0.5991    0.7953   -0.0929
   -0.2016   -0.0375    0.9787
...     3 T-A ...
   -0.6619   -3.0237    6.5348
    0.3046    0.9250    0.2271
   -0.8994    0.3578   -0.2510
   -0.3134   -0.1278    0.9410
...     4 G-C ...
   -1.1607   -3.8418    9.6940
   -0.3351    0.9421    0.0133
   -0.8752   -0.3061   -0.3746
   -0.3489   -0.1372    0.9271
...     5 A-T ...
   -1.3881   -3.6770   12.8999
   -0.7835    0.6162   -0.0801
   -0.5677   -0.7622   -0.3109
   -0.2527   -0.1981    0.9470
...     6 G-C ...
   -2.6236   -3.5448   15.7072
   -0.9923    0.0611   -0.1075
   -0.0294   -0.9610   -0.2748
   -0.1201   -0.2695    0.9555
...     7 C-G ...
   -2.3138   -3.7570   18.8866
   -0.8620   -0.4995   -0.0864
    0.5008   -0.8655    0.0073
   -0.0785   -0.0370    0.9962
...     8 G-C ...
   -3.9561   -6.8109   23.3205
   -0.2581   -0.3560   -0.8981
    0.6294   -0.7673    0.1233
   -0.7330   -0.5335    0.4221
...     9 C-G ...
   -6.1177   -8.9414   24.2385
    0.1143   -0.7320   -0.6716
    0.8123   -0.3203    0.4874
   -0.5720   -0.6013    0.5580
...    10 T-A ...
   -8.5041   -9.6771   26.0540
    0.4660   -0.8587   -0.2131
    0.6274    0.1508    0.7640
   -0.6239   -0.4897    0.6090
...    11 C-G ...
  -11.0625  -11.3174   27.2336
    0.6660   -0.6911    0.2808
    0.3382    0.6152    0.7121
   -0.6649   -0.3794    0.6435
...    12 A-T ...
  -13.0013  -13.1789   29.0658
    0.7188   -0.1490    0.6790
   -0.1787    0.9043    0.3876
   -0.6718   -0.4000    0.6235
...    13 C-G ...
  -14.1788  -15.9359   31.3399
    0.4052    0.2865    0.8682
   -0.5270    0.8492   -0.0343
   -0.7470   -0.4437    0.4951
...    14 A-T ...
  -15.9532  -18.1566   33.3080
   -0.1503    0.6873    0.7107
   -0.6106    0.5008   -0.6135
   -0.7776   -0.5261    0.3444
...    15 A-T ...
  -18.4998  -19.7836   34.5045
   -0.4471    0.8740    0.1903
   -0.4126   -0.0127   -0.9108
   -0.7936   -0.4858    0.3663
...    16 T-A ...
  -20.9056  -21.2091   36.4149
   -0.6245    0.7061   -0.3339
   -0.0935   -0.4920   -0.8656
   -0.7754   -0.5093    0.3732
...    17 T-A ...
  -23.4437  -22.6135   37.9571
   -0.5859    0.2540   -0.7695
    0.2971   -0.8162   -0.4956
   -0.7540   -0.5190    0.4027
...    18 T-A ...
  -26.0282  -24.0703   39.3543
   -0.3147   -0.2841   -0.9057
    0.5828   -0.8110    0.0519
   -0.7492   -0.5115    0.4208
...    19 A-T ...
  -28.4472  -25.9753   41.0012
    0.1232   -0.8008   -0.5861
    0.6504   -0.3809    0.6572
   -0.7495   -0.4621    0.4739
...    20 T-A ...
  -31.3549  -27.2426   42.0915
    0.4191   -0.9015   -0.1077
    0.4944    0.1271    0.8599
   -0.7615   -0.4137    0.4990
...    21 T-A ...
  -33.9627  -28.6220   43.4744
    0.5986   -0.6573    0.4579
    0.1428    0.6501    0.7463
   -0.7882   -0.3813    0.4830
...    22 C-G ...
  -36.5911  -29.8325   45.0754
    0.5823   -0.1206    0.8040
   -0.2511    0.9139    0.3190
   -0.7732   -0.3877    0.5019
...    23 G-C ...
  -39.4373  -30.4984   46.8402
    0.4631    0.4713    0.7506
   -0.5397    0.8218   -0.1830
   -0.7030   -0.3203    0.6349
...    24 C-G ...
  -41.4995  -31.8338   49.0212
    0.1526    0.8523    0.5003
   -0.6977    0.4514   -0.5562
   -0.6999   -0.2642    0.6635
...    25 A-T ...
  -44.1828  -32.5483   50.8875
   -0.2249    0.9743    0.0145
   -0.6638   -0.1423   -0.7342
   -0.7132   -0.1748    0.6788
...    26 A-T ...
  -46.4856  -32.9340   53.1970
   -0.5547    0.7125   -0.4296
   -0.4208   -0.6857   -0.5940
   -0.7178   -0.1487    0.6802
...    27 A-T ...
  -48.7001  -33.1239   55.5908
   -0.7028    0.1730   -0.6900
   -0.0140   -0.9732   -0.2297
   -0.7112   -0.1517    0.6864
...    28 G-C ...
  -51.2560  -33.1349   57.8344
   -0.5598   -0.3797   -0.7365
    0.3538   -0.9133    0.2019
   -0.7493   -0.1475    0.6456
...    29 G-C ...
  -54.0720  -33.4526   59.8297
   -0.2023   -0.8372   -0.5082
    0.6006   -0.5159    0.6109
   -0.7736   -0.1816    0.6071
...    30 C-G ...
  -56.8469  -34.0125   61.5243
    0.2074   -0.9739   -0.0925
    0.5967    0.0510    0.8009
   -0.7752   -0.2213    0.5917
...    31 C-G ...
  -59.6431  -34.6570   63.3203
    0.5550   -0.7579    0.3428
    0.3674    0.5932    0.7163
   -0.7463   -0.2716    0.6077
...    32 G-C ...
  -61.8469  -35.2211   65.4729
    0.7348   -0.2955    0.6106
    0.0016    0.9009    0.4341
   -0.6783   -0.3180    0.6624
...    33 G-C ...
  -63.8633  -36.4644   67.8522
    0.6490    0.2910    0.7029
   -0.4287    0.9032    0.0218
   -0.6285   -0.3155    0.7110
...    34 C-G ...
  -65.6785  -37.7304   70.2854
    0.3212    0.7682    0.5538
   -0.7284    0.5741   -0.3740
   -0.6053   -0.2832    0.7439
...    35 C-G ...
  -67.4237  -38.4277   73.1402
   -0.1168    0.9738    0.1953
   -0.7981    0.0250   -0.6020
   -0.5911   -0.2261    0.7743
...    36 C-G ...
  -69.2846  -38.9001   75.9313
   -0.5275    0.8189   -0.2260
   -0.6134   -0.5512   -0.5657
   -0.5878   -0.1598    0.7931
...    37 G-C ...
  -71.5888  -40.2245   78.1413
   -0.7445    0.3612   -0.5615
   -0.1985   -0.9227   -0.3304
   -0.6375   -0.1345    0.7587
...    38 A-T ...
  -73.5604  -40.6135   80.6181
   -0.7137   -0.2610   -0.6500
    0.2932   -0.9541    0.0612
   -0.6361   -0.1469    0.7575
...    39 C-G ...
  -75.9323  -40.7344   82.8005
   -0.4216   -0.7217   -0.5490
    0.6192   -0.6714    0.4072
   -0.6625   -0.1683    0.7299
...    40 A-T ...
  -78.2315  -41.4074   85.1883
    0.0819   -0.9649   -0.2494
    0.7413   -0.1083    0.6624
   -0.6662   -0.2391    0.7064
...    41 C-G ...
  -80.6890  -42.4935   87.1248
    0.4938   -0.8633    0.1038
    0.5770    0.4147    0.7036
   -0.6505   -0.2876    0.7029
...    42 G-C ...
  -82.5674  -43.1902   89.8131
    0.7869   -0.4167    0.4551
    0.1424    0.8403    0.5231
   -0.6004   -0.3468    0.7206
...    43 A-T ...
  -84.5285  -44.3226   92.0577
    0.7181    0.1696    0.6749
   -0.3525    0.9249    0.1426
   -0.6000   -0.3403    0.7240
...    44 C-G ...
  -86.1426  -45.9794   94.4224
    0.4375    0.6599    0.6109
   -0.7012    0.6757   -0.2276
   -0.5629   -0.3287    0.7583
...    45 T-A ...
  -87.5669  -47.3586   97.4478
   -0.0376    0.9411    0.3361
   -0.8330    0.1563   -0.5308
   -0.5521   -0.2999    0.7780
...    46 T-A ...
  -89.1291  -48.3516  100.0974
   -0.4998    0.8662    0.0035
   -0.6653   -0.3813   -0.6418
   -0.5546   -0.3231    0.7668
...    47 A-T ...
  -91.2096  -49.7355  102.4293
   -0.8327    0.3787   -0.4039
   -0.1543   -0.8593   -0.4876
   -0.5317   -0.3437    0.7740
...    48 C-G ...
  -93.0344  -50.2189  105.2075
   -0.7744   -0.1453   -0.6157
    0.3234   -0.9274   -0.1878
   -0.5438   -0.3446    0.7652
...    49 T-A ...
  -95.1709  -51.0993  107.7011
   -0.4240   -0.6032   -0.6756
    0.6902   -0.6982    0.1901
   -0.5864   -0.3857    0.7123
...    50 G-C ...
  -97.1784  -52.6096  109.9795
    0.1311   -0.8351   -0.5343
    0.8020   -0.2274    0.5523
   -0.5827   -0.5009    0.6399
...    51 T-A ...
  -99.4107  -54.2413  111.6236
    0.5588   -0.8006   -0.2161
    0.6164    0.2267    0.7541
   -0.5547   -0.5546    0.6202
...    52 A-T ...
 -101.0778  -56.3396  113.6423
    0.8828   -0.4358    0.1755
    0.1524    0.6190    0.7704
   -0.4444   -0.6534    0.6129
...    53 G-C ...
 -102.5898  -58.5730  115.4615
    0.8746    0.0282    0.4840
   -0.3496    0.7282    0.5894
   -0.3358   -0.6848    0.6468
...    54 G-C ...
 -103.1498  -61.4228  117.5821
    0.5385    0.4980    0.6797
   -0.8047    0.5433    0.2395
   -0.2500   -0.6759    0.6933
...    55 T-A ...
 -103.1792  -63.7814  119.9041
    0.0227    0.7311    0.6819
   -0.9754    0.1659   -0.1453
   -0.2194   -0.6618    0.7169
...    56 C-G ...
 -103.7253  -65.6716  122.5158
   -0.5556    0.6890    0.4655
   -0.8089   -0.3184   -0.4943
   -0.1924   -0.6511    0.7342
...    57 A-T ...
 -104.3904  -68.0988  124.7718
   -0.9055    0.4228    0.0359
   -0.3413   -0.6754   -0.6537
   -0.2522   -0.6042    0.7559
...    58 T-A ...
 -105.1963  -69.6701  127.5562
   -0.9477    0.0116   -0.3189
    0.1850   -0.7942   -0.5788
   -0.2599   -0.6075    0.7506
...    59 G-C ...
 -106.1011  -71.6603  130.2585
   -0.6170   -0.4495   -0.6459
    0.7408   -0.6086   -0.2842
   -0.2653   -0.6539    0.7085
...    60 T-A ...
 -107.5039  -73.5084  132.7223
   -0.1050   -0.7057   -0.7007
    0.9648   -0.2433    0.1004
   -0.2413   -0.6654    0.7064
...    61 T-A ...
 -108.4395  -75.6238  134.8940
    0.4739   -0.6723   -0.5687
    0.8569    0.2034    0.4736
   -0.2028   -0.7118    0.6725
...    62 A-T ...
 -108.8427  -77.9949  137.2054
    0.9021   -0.3439   -0.2606
    0.4168    0.5386    0.7323
   -0.1114   -0.7692    0.6292
...    63 T-A ...
 -109.2880  -80.8892  138.6282
    0.9900    0.0040    0.1410
   -0.1126    0.6244    0.7729
   -0.0850   -0.7811    0.6186
...    64 A-T ...
 -109.5888  -83.3086  140.9657
    0.7160    0.4202    0.5575
   -0.6980    0.4473    0.5592
   -0.0144   -0.7895    0.6136
...    65 A-T ...
 -109.3581  -85.8602  142.8943
    0.1678    0.5962    0.7851
   -0.9856    0.0859    0.1453
    0.0192   -0.7983    0.6020
...    66 C-G ...
 -108.5527  -88.4805  145.0437
   -0.4271    0.5005    0.7530
   -0.9029   -0.2798   -0.3262
    0.0474   -0.8193    0.5714
...    67 G-C ...
 -108.5946  -91.2082  146.8953
   -0.9099    0.1488    0.3872
   -0.4007   -0.5567   -0.7277
    0.1072   -0.8173    0.5662
...    68 G-C ...
 -108.0751  -93.8234  148.9001
   -0.9845   -0.1399   -0.1053
    0.1648   -0.5374   -0.8271
    0.0592   -0.8317    0.5521
...    69 A-T ...
 -107.8621  -96.4607  151.0291
   -0.6687   -0.4506   -0.5914
    0.7381   -0.3066   -0.6010
    0.0895   -0.8384    0.5376
...    70 T-A ...
 -108.2091  -99.0906  152.9737
   -0.1788   -0.5307   -0.8285
    0.9774    0.0003   -0.2112
    0.1123   -0.8475    0.5187
...    71 A-T ...
 -108.0753 -102.0511  154.6079
    0.4399   -0.3419   -0.8304
    0.8864    0.3135    0.3405
    0.1439   -0.8859    0.4410
...    72 T-A ...
 -108.0250 -105.1229  155.5929
    0.8175   -0.0682   -0.5719
    0.5416    0.4290    0.7229
    0.1960   -0.9007    0.3877
...    73 C-G ...
 -107.1690 -108.3369  156.6102
    0.9557    0.2938   -0.0173
   -0.0832    0.3260    0.9417
    0.2823   -0.8986    0.3360
...    74 T-A ...
 -105.8784 -111.2030  157.5173
    0.7293    0.5006    0.4664
   -0.5645    0.0550    0.8236
    0.3866   -0.8639    0.3227
...    75 C-G ...
 -104.5778 -113.6779  159.1869
    0.2411    0.4375    0.8663
   -0.8270   -0.3745    0.4194
    0.5079   -0.8175    0.2715
...    76 G-C ...
 -103.4227 -116.5759  160.4048
   -0.2867    0.1351    0.9485
   -0.7578   -0.6376   -0.1382
    0.5861   -0.7584    0.2852
...    77 A-T ...
 -101.4967 -119.2090  161.3767
   -0.6706   -0.3530    0.6524
   -0.3866   -0.5843   -0.7135
    0.6331   -0.7307    0.2553
...    78 G-C ...
  -99.2924 -121.5784  162.0902
   -0.7454   -0.6518    0.1396
    0.0297   -0.2417   -0.9699
    0.6659   -0.7188    0.1996
...    79 C-G ...
  -96.9713 -123.9500  163.1323
   -0.5802   -0.6568   -0.4816
    0.4530    0.2311   -0.8610
    0.6768   -0.7178    0.1635
...    80 T-A ...
  -94.7737 -126.3878  163.8055
   -0.2842   -0.3858   -0.8777
    0.6696    0.5754   -0.4697
    0.6862   -0.7212    0.0948
...    81 C-G ...
  -92.4431 -128.8878  164.3537
    0.1204    0.0789   -0.9896
    0.6782    0.7214    0.1400
    0.7250   -0.6880    0.0334
...    82 G-C ...
  -89.6822 -130.6330  164.3343
    0.3727    0.5437   -0.7520
    0.5242    0.5454    0.6540
    0.7657   -0.6380   -0.0818
...    83 G-C ...
  -87.1017 -132.6754  163.7561
    0.5103    0.8268   -0.2367
    0.2376    0.1289    0.9628
    0.8265   -0.5475   -0.1307
...    84 G-C ...
  -84.1069 -134.0299  162.9099
    0.4539    0.8176    0.3543
   -0.0075   -0.3941    0.9190
    0.8910   -0.4198   -0.1728
...    85 A-T ...
  -81.0656 -135.1673  162.1429
    0.3498    0.4119    0.8414
   -0.2416   -0.8281    0.5058
    0.9051   -0.3803   -0.1902
...    86 T-A ...
  -77.8964 -135.8002  161.4103
    0.1686   -0.0984    0.9808
   -0.3715   -0.9280   -0.0293
    0.9130   -0.3594   -0.1930
...    87 C-G ...
  -74.6396 -136.7262  160.9102
   -0.0524   -0.6841    0.7275
   -0.3967   -0.6543   -0.6438
    0.9165   -0.3223   -0.2371
...    88 C-G ...
  -71.5575 -137.8388  160.3442
   -0.2980   -0.9192    0.2573
   -0.2894   -0.1698   -0.9420
    0.9096   -0.3552   -0.2155
...    89 G-C ...
  -68.6846 -138.9147  159.0972
   -0.4504   -0.8187   -0.3561
   -0.0754    0.4323   -0.8986
    0.8896   -0.3779   -0.2565
...    90 C-G ...
  -65.5085 -140.2745  158.6787
   -0.4364   -0.4015   -0.8052
    0.1521    0.8491   -0.5058
    0.8868   -0.3432   -0.3095
...    91 T-A ...
  -62.4788 -141.7394  157.8959
   -0.3397    0.1881   -0.9215
    0.3539    0.9333    0.0600
    0.8714   -0.3058   -0.3836
...    92 T-A ...
  -59.8427 -142.9304  156.4400
   -0.1250    0.7025   -0.7007
    0.4785    0.6613    0.5777
    0.8692   -0.2630   -0.4188
...    93 T-A ...
  -57.0545 -143.6151  154.9724
    0.0662    0.9759   -0.2079
    0.4920    0.1494    0.8577
    0.8681   -0.1591   -0.4703
...    94 A-T ...
  -53.9982 -143.6119  153.4339
    0.1608    0.8885    0.4298
    0.4433   -0.4541    0.7728
    0.8818    0.0662   -0.4669
...    95 A-T ...
  -51.2725 -143.0665  151.8806
    0.3597    0.4603    0.8116
    0.3193   -0.8781    0.3564
    0.8767    0.1309   -0.4628
...    96 C-G ...
  -48.4721 -141.9335  150.3135
    0.5094   -0.1100    0.8535
    0.0868   -0.9802   -0.1782
    0.8561    0.1649   -0.4897
...    97 A-T ...
  -45.4489 -141.4284  148.8370
    0.4457   -0.6991    0.5592
   -0.2371   -0.6945   -0.6792
    0.8632    0.1701   -0.4753
...    98 C-G ...
  -42.2875 -140.5138  147.8454
    0.2555   -0.9631    0.0842
   -0.4479   -0.1951   -0.8725
    0.8568    0.1852   -0.4813
...    99 T-A ...
  -38.8619 -139.9009  146.7518
   -0.0483   -0.8932   -0.4471
   -0.5359    0.4010   -0.7430
    0.8429    0.2037   -0.4980
...   100 T-A ...
  -35.9471 -139.4172  145.3530
   -0.3246   -0.4682   -0.8219
   -0.4240    0.8488   -0.3160
    0.8455    0.2458   -0.4740
...   101 T-A ...
  -33.1197 -138.7420  143.8458
   -0.5287    0.1116   -0.8414
   -0.1672    0.9582    0.2321
    0.8322    0.2634   -0.4880
...   102 A-T ...
  -30.3954 -137.4555  142.3220
   -0.5841    0.6528   -0.4824
    0.1900    0.6877    0.7007
    0.7891    0.3176   -0.5257
...   103 T-A ...
  -28.2531 -136.6834  140.0696
   -0.4782    0.8772   -0.0435
    0.4606    0.2927    0.8380
    0.7478    0.3806   -0.5440
...   104 G-C ...
  -25.9892 -135.2212  138.0916
   -0.1786    0.8282    0.5312
    0.6890   -0.2801    0.6684
    0.7024    0.4854   -0.5206
...   105 C-G ...
  -24.0006 -133.1602  136.4068
    0.2051    0.5045    0.8387
    0.6895   -0.6827    0.2420
    0.6946    0.5286   -0.4879
...   106 T-A ...
  -21.7488 -130.7405  135.1573
    0.5758    0.0098    0.8176
    0.4916   -0.8032   -0.3365
    0.6533    0.5957   -0.4673
...   107 T-A ...
  -19.6893 -128.6095  133.8742
    0.7514   -0.4622    0.4710
    0.0823   -0.6425   -0.7619
    0.6547    0.6112   -0.4447
...   108 C-G ...
  -17.4059 -126.4357  132.5742
    0.6551   -0.7449   -0.1265
   -0.4105   -0.2103   -0.8873
    0.6344    0.6332   -0.4435
...   109 C-G ...
  -15.2812 -124.3098  131.1917
    0.2667   -0.7873   -0.5559
   -0.7019    0.2366   -0.6719
    0.6605    0.5694   -0.4895
...   110 G-C ...
  -13.5832 -122.2532  129.5287
   -0.2128   -0.5825   -0.7845
   -0.7419    0.6188   -0.2582
    0.6358    0.5271   -0.5639
...   111 G-C ...
  -11.4399 -120.6473  127.5132
   -0.6484   -0.1612   -0.7440
   -0.4893    0.8370    0.2450
    0.5833    0.5229   -0.6216
...   112 C-G ...
   -9.4822 -119.3551  125.1303
   -0.8428    0.3128   -0.4380
   -0.0364    0.7788    0.6262
    0.5370    0.5437   -0.6450
...   113 T-A ...
   -7.8330 -117.6314  122.8023
   -0.7671    0.6412    0.0200
    0.4354    0.4976    0.7502
    0.4710    0.5842   -0.6609
...   114 C-G ...
   -6.3927 -115.4669  120.7528
   -0.3794    0.7850    0.4898
    0.8307    0.0558    0.5540
    0.4075    0.6170   -0.6732
...   115 G-C ...
   -4.6388 -113.3293  118.8571
    0.1634    0.6101    0.7753
    0.9122   -0.3927    0.1167
    0.3756    0.6882   -0.6208
...   116 T-A ...
   -3.9123 -110.4748  117.1888
    0.6239    0.2628    0.7360
    0.6770   -0.6523   -0.3409
    0.3906    0.7109   -0.5849
...   117 A-T ...
   -2.7193 -107.7399  115.5236
    0.8908   -0.2127    0.4016
    0.1748   -0.6553   -0.7348
    0.4194    0.7248   -0.5466
...   118 T-A ...
   -1.3747 -104.9698  114.3413
    0.8601   -0.5068   -0.0586
   -0.3203   -0.4470   -0.8352
    0.3971    0.7371   -0.5468
...   119 A-T ...
   -0.3506 -102.3910  112.2323
    0.4284   -0.6314   -0.6464
   -0.8306    0.0066   -0.5568
    0.3558    0.7754   -0.5216
...   120 A-T ...
    1.0846  -99.9006  110.6979
   -0.1384   -0.5102   -0.8489
   -0.9268    0.3689   -0.0705
    0.3491    0.7770   -0.5239
...   121 T-A ...
    2.7763  -97.6620  108.8827
   -0.6115   -0.2276   -0.7578
   -0.7101    0.5804    0.3987
    0.3491    0.7819   -0.5165
...   122 G-C ...
    3.9369  -94.9626  107.0297
   -0.9443    0.1209   -0.3060
   -0.1756    0.6012    0.7795
    0.2782    0.7899   -0.5465
...   123 T-A ...
    4.7284  -92.6257  104.8427
   -0.8999    0.4056    0.1601
    0.3478    0.4462    0.8246
    0.2629    0.7977   -0.5427
...   124 G-C ...
    5.5080  -89.8761  103.0254
   -0.5251    0.5363    0.6608
    0.8273    0.1394    0.5442
    0.1997    0.8324   -0.5169
...   125 T-A ...
    5.6759  -87.2179  101.2151
   -0.0112    0.4897    0.8718
    0.9821   -0.1587    0.1018
    0.1882    0.8573   -0.4791
...   126 C-G ...
    6.2264  -84.4156   99.7919
    0.5798    0.3011    0.7571
    0.7958   -0.4085   -0.4470
    0.1747    0.8617   -0.4764
...   127 G-C ...
    7.3076  -81.7846   97.9940
    0.8928   -0.0928    0.4407
    0.3507   -0.4708   -0.8095
    0.2826    0.8773   -0.3879
...   128 A-T ...
    8.1048  -78.9457   96.7752
    0.9238   -0.3601   -0.1301
   -0.2576   -0.3332   -0.9070
    0.2833    0.8714   -0.4006
...   129 C-G ...
    9.3348  -75.9247   96.1936
    0.6245   -0.5195   -0.5832
   -0.7132   -0.0748   -0.6970
    0.3185    0.8512   -0.4172
...   130 C-G ...
   10.9073  -73.2248   94.8130
    0.1002   -0.5574   -0.8241
   -0.9237    0.2557   -0.2853
    0.3698    0.7899   -0.4893
...   131 A-T ...
   11.3129  -70.2339   93.1499
   -0.5103   -0.3294   -0.7944
   -0.7835    0.5589    0.2716
    0.3545    0.7610   -0.5433
...   132 A-T ...
   12.5009  -67.8488   91.2204
   -0.8736    0.0677   -0.4818
   -0.3261    0.6534    0.6832
    0.3611    0.7540   -0.5487
...   133 A-T ...
   13.7551  -65.6373   89.1411
   -0.8758    0.4827   -0.0025
    0.2584    0.4733    0.8421
    0.4077    0.7369   -0.5393
...   134 T-A ...
   14.7385  -63.4258   86.8199
   -0.5923    0.6747    0.4404
    0.6886    0.1401    0.7115
    0.4183    0.7247   -0.5475
...   135 G-C ...
   15.7318  -61.4928   83.9330
    0.0341    0.7400    0.6717
    0.8636   -0.3601    0.3528
    0.5030    0.5681   -0.6514
...   136 T-A ...
   15.7849  -59.5604   80.7992
    0.5517    0.4998    0.6677
    0.6739   -0.7388   -0.0038
    0.4915    0.4520   -0.7444
...   137 G-C ...
   16.8386  -57.7218   78.2676
    0.8528   -0.0848    0.5153
    0.1507   -0.9048   -0.3983
    0.5000    0.4173   -0.7588
...   138 A-T ...
   18.4283  -55.5286   76.5299
    0.8547   -0.5006    0.1371
   -0.3188   -0.7148   -0.6224
    0.4096    0.4883   -0.7706
...   139 G-C ...
   20.4260  -54.3093   74.5420
    0.5847   -0.7389   -0.3347
   -0.7593   -0.3533   -0.5465
    0.2856    0.5737   -0.7676
...   140 C-G ...
   21.4270  -51.8265   72.7876
    0.1304   -0.7144   -0.6875
   -0.8897    0.2216   -0.3991
    0.4375    0.6637   -0.6067
...   141 G-C ...
   22.1522  -50.1494   67.4640
   -0.4682   -0.8748    0.1248
   -0.8494    0.4066   -0.3364
    0.2435   -0.2635   -0.9334
...   142 C-G ...
   22.3490  -51.2413   64.4934
   -0.8528   -0.5119   -0.1032
   -0.4975    0.8565   -0.1374
    0.1587   -0.0659   -0.9851
...   143 T-A ...
   24.0167  -51.6378   61.9248
   -0.9562    0.0401   -0.2898
    0.0524    0.9980   -0.0348
    0.2878   -0.0485   -0.9564
...   144 C-G ...
   24.8959  -52.7395   58.9873
   -0.7529    0.5560   -0.3520
    0.5214    0.8304    0.1965
    0.4016   -0.0356   -0.9151
...   145 A-T ...
   25.5277  -52.9803   55.8053
   -0.2442    0.9563   -0.1610
    0.8906    0.2869    0.3528
    0.3836   -0.0573   -0.9217
...   146 C-G ...
   25.2779  -52.5122   52.0796
    0.3204    0.9427   -0.0929
    0.8825   -0.2614    0.3909
    0.3443   -0.2072   -0.9157
...   147 A-T ...
   25.6240  -52.5939   48.6396
    0.8597    0.5097    0.0339
    0.4496   -0.7865    0.4233
    0.2424   -0.3487   -0.9053
