  147 base-pairs
...     1 T-A ...
    0.0000    0.0000    0.0000
    1.0000    0.0000    0.0000
    0.0000    1.0000    0.0000
    0.0000    0.0000    1.0000
...     2 G-C ...
   -0.5555   -1.1003    3.3981
    0.7749    0.6051    0.1828
   -0.5991    0.7953   -0.0929
   -0.2016   -0.0375    0.9787
...     3 T-A ...
   -0.6619   -3.0237    6.5348
    0.3046    0.9250    0.2271
   -0.8994    0.3578   -0.2510
   -0.3134   -0.1278    0.9410
...     4 G-C ...
   -1.1607   -3.8418    9.6940
   -0.3351    0.9421    0.0133
   -0.8752   -0.3061   -0.3746
   -0.3489   -0.1372    0.9271
...     5 A-T ...
   -1.3881   -3.6770   12.8999
   -0.7835    0.6162   -0.0801
   -0.5677   -0.7622   -0.3109
   -0.2527   -0.1981    0.9470
...     6 G-C ...
   -2.6236   -3.5448   15.7072
   -0.9923    0.0611   -0.1075
   -0.0294   -0.9610   -0.2748
   -0.1201   -0.2695    0.9555
...     7 C-G ...
   -2.3138   -3.7570   18.8866
   -0.8620   -0.4995   -0.0864
    0.5008   -0.8655    0.0073
   -0.0785   -0.0370    0.9962
...     8 G-C ...
   -3.9561   -6.8109   23.3205
   -0.2581   -0.3560   -0.8981
    0.6294   -0.7673    0.1233
   -0.7330   -0.5335    0.4221
...     9 C-G ...
   -6.1177   -8.9414   24.2385
    0.1143   -0.7320   -0.6716
    0.8123   -0.3203    0.4874
   -0.5720   -0.6013    0.5580
...    10 T-A ...
   -8.5041   -9.6771   26.0540
    0.4660   -0.8587   -0.2131
    0.6274    0.1508    0.7640
   -0.6239   -0.4897    0.6090
...    11 C-G ...
  -11.0625  -11.3174   27.2336
    0.6660   -0.6911    0.2808
    0.3382    0.6152    0.7121
   -0.6649   -0.3794    0.6435
...    12 A-T ...
  -13.0013  -13.1789   29.0658
    0.7188   -0.1490    0.6790
   -0.1787    0.9043    0.3876
   -0.6718   -0.4000    0.6235
...    13 C-G ...
  -14.1788  -15.9359   31.3399
    0.4052    0.2865    0.8682
   -0.5270    0.8492   -0.0343
   -0.7470   -0.4437    0.4951
...    14 A-T ...
  -15.9532  -18.1566   33.3080
   -0.1503    0.6873    0.7107
   -0.6106    0.5008   -0.6135
   -0.7776   -0.5261    0.3444
...    15 A-T ...
  -18.3976  -19.8481   34.6132
   -0.4641    0.8626    0.2013
   -0.4105   -0.0081   -0.9118
   -0.7849   -0.5058    0.3579
...    16 T-A ...
  -20.7766  -21.2678   36.3964
   -0.6007    0.7364   -0.3112
   -0.1141   -0.4642   -0.8783
   -0.7913   -0.4921    0.3629
...    17 T-A ...
  -23.3792  -22.6831   37.7497
   -0.5556    0.3099   -0.7716
    0.2579   -0.8180   -0.5142
   -0.7905   -0.4847    0.3745
...    18 T-A ...
  -26.0541  -24.0156   39.0641
   -0.3110   -0.2585   -0.9146
    0.5364   -0.8421    0.0557
   -0.7846   -0.4733    0.4006
...    19 A-T ...
  -28.3304  -25.9890   40.7574
    0.0909   -0.7956   -0.5989
    0.6147   -0.4283    0.6623
   -0.7835   -0.4284    0.4501
...    20 T-A ...
  -31.2874  -27.1903   41.6963
    0.3845   -0.9123   -0.1412
    0.4771    0.0654    0.8764
   -0.7903   -0.4043    0.4604
...    21 T-A ...
  -33.9997  -28.4958   42.9687
    0.5665   -0.7000    0.4348
    0.1614    0.6117    0.7745
   -0.8081   -0.3686    0.4595
...    22 C-G ...
  -36.7040  -29.7341   44.4431
    0.5596   -0.1625    0.8126
   -0.2176    0.9174    0.3333
   -0.7997   -0.3633    0.4781
...    23 G-C ...
  -39.5650  -30.4914   46.1477
    0.4037    0.4475    0.7980
   -0.5120    0.8333   -0.2082
   -0.7582   -0.3245    0.5656
...    24 C-G ...
  -41.8088  -31.8110   48.2476
    0.0783    0.8567    0.5098
   -0.6546    0.4299   -0.6219
   -0.7519   -0.2850    0.5945
...    25 A-T ...
  -44.5286  -32.5913   50.0832
   -0.2524    0.9673   -0.0249
   -0.5931   -0.1750   -0.7859
   -0.7646   -0.1836    0.6178
...    26 A-T ...
  -46.9219  -33.0365   52.2413
   -0.5500    0.6766   -0.4896
   -0.3325   -0.7152   -0.6148
   -0.7661   -0.1754    0.6183
...    27 A-T ...
  -49.3966  -33.3698   54.3319
   -0.6422    0.1188   -0.7572
    0.0543   -0.9784   -0.1996
   -0.7646   -0.1693    0.6219
...    28 G-C ...
  -52.0779  -33.6244   56.3328
   -0.4606   -0.4397   -0.7711
    0.3887   -0.8809    0.2702
   -0.7980   -0.1752    0.5766
...    29 G-C ...
  -54.9809  -34.0802   58.0582
   -0.0996   -0.8518   -0.5143
    0.5613   -0.4748    0.6778
   -0.8216   -0.2212    0.5254
...    30 C-G ...
  -57.9629  -34.7561   59.4535
    0.2663   -0.9626   -0.0505
    0.5087    0.0958    0.8556
   -0.8187   -0.2535    0.5152
...    31 C-G ...
  -60.8062  -35.7753   61.0074
    0.5659   -0.7126    0.4146
    0.2472    0.6264    0.7393
   -0.7865   -0.3159    0.5307
...    32 G-C ...
  -63.3701  -36.5086   63.1370
    0.6727   -0.1718    0.7196
   -0.1527    0.9195    0.3623
   -0.7239   -0.3536    0.5923
...    33 G-C ...
  -65.6890  -37.8870   65.1851
    0.5170    0.4134    0.7496
   -0.5229    0.8458   -0.1058
   -0.6777   -0.3372    0.6534
...    34 C-G ...
  -67.6316  -39.2439   67.5513
    0.1533    0.8346    0.5291
   -0.7322    0.4555   -0.5063
   -0.6636   -0.3098    0.6809
...    35 C-G ...
  -69.6943  -40.1529   70.0882
   -0.2442    0.9653    0.0924
   -0.7068   -0.1120   -0.6985
   -0.6640   -0.2359    0.7096
...    36 C-G ...
  -71.8547  -40.6645   72.6634
   -0.5549    0.7423   -0.3756
   -0.4584   -0.6496   -0.6065
   -0.6942   -0.1644    0.7007
...    37 G-C ...
  -74.4223  -41.4457   74.7615
   -0.6478    0.2306   -0.7260
   -0.0645   -0.9663   -0.2493
   -0.7590   -0.1147    0.6409
...    38 A-T ...
  -76.9583  -41.7288   76.8720
   -0.5302   -0.4077   -0.7434
    0.3425   -0.9051    0.2521
   -0.7756   -0.1210    0.6195
...    39 C-G ...
  -79.8161  -41.6356   78.6053
   -0.2337   -0.8336   -0.5005
    0.5701   -0.5345    0.6240
   -0.7876   -0.1395    0.6002
...    40 A-T ...
  -82.3177  -42.2247   80.7880
    0.2281   -0.9702   -0.0816
    0.5756    0.0668    0.8150
   -0.7853   -0.2329    0.5737
...    41 C-G ...
  -85.2002  -43.2038   82.1459
    0.5299   -0.7676    0.3604
    0.3458    0.5837    0.7347
   -0.7743   -0.2647    0.5747
...    42 G-C ...
  -87.6228  -43.8874   84.4469
    0.7072   -0.2476    0.6623
   -0.0642    0.9104    0.4088
   -0.7041   -0.3316    0.6279
...    43 A-T ...
  -89.8810  -45.0531   86.5682
    0.5332    0.3731    0.7593
   -0.4988    0.8635   -0.0740
   -0.6833   -0.3393    0.6465
...    44 C-G ...
  -91.6961  -46.5981   88.9196
    0.1795    0.7922    0.5833
   -0.7212    0.5092   -0.4696
   -0.6690   -0.3364    0.6627
...    45 T-A ...
  -93.7021  -47.6642   91.3871
   -0.2359    0.9524    0.1932
   -0.7137   -0.0349   -0.6996
   -0.6595   -0.3029    0.6880
...    46 T-A ...
  -95.6679  -48.6121   93.8194
   -0.6428    0.7262   -0.2436
   -0.4187   -0.5994   -0.6822
   -0.6414   -0.3365    0.6894
...    47 A-T ...
  -97.8757  -50.2798   95.8691
   -0.7834    0.1105   -0.6117
    0.1455   -0.9241   -0.3533
   -0.6043   -0.3658    0.7078
...    48 C-G ...
 -100.0942  -50.8969   98.3100
   -0.5608   -0.4106   -0.7190
    0.5554   -0.8306    0.0412
   -0.6141   -0.3762    0.6938
...    49 T-A ...
 -102.3856  -51.9946  100.4971
   -0.1155   -0.7794   -0.6157
    0.7697   -0.4621    0.4405
   -0.6279   -0.4230    0.6533
...    50 G-C ...
 -104.3105  -53.5946  102.7572
    0.4319   -0.8488   -0.3049
    0.6756    0.0806    0.7328
   -0.5974   -0.5225    0.6083
...    51 T-A ...
 -106.5505  -55.5378  104.2392
    0.7577   -0.6428    0.1126
    0.3283    0.5246    0.7855
   -0.5640   -0.5582    0.6085
...    52 A-T ...
 -108.3381  -57.2727  106.5290
    0.8294   -0.1314    0.5430
   -0.2406    0.7932    0.5594
   -0.5043   -0.5946    0.6263
...    53 G-C ...
 -109.7849  -59.4758  108.5779
    0.5839    0.3703    0.7224
   -0.6793    0.7102    0.1850
   -0.4445   -0.5987    0.6663
...    54 G-C ...
 -110.9367  -61.4838  111.0618
    0.1125    0.7469    0.6554
   -0.9131    0.3378   -0.2282
   -0.3918   -0.5728    0.7200
...    55 T-A ...
 -111.6576  -63.3684  113.7505
   -0.4143    0.8090    0.4169
   -0.8262   -0.1422   -0.5451
   -0.3817   -0.5703    0.7274
...    56 T-A ...
 -112.6601  -65.1739  116.2921
   -0.8538    0.5190    0.0404
   -0.3967   -0.5984   -0.6961
   -0.3371   -0.6103    0.7169
...    57 C-G ...
 -113.7527  -67.1418  118.7489
   -0.9167    0.0254   -0.3987
    0.2294   -0.7836   -0.5774
   -0.3271   -0.6208    0.7125
...    58 A-T ...
 -114.6153  -69.4794  121.0072
   -0.5602   -0.4202   -0.7138
    0.7485   -0.6260   -0.2188
   -0.3549   -0.6569    0.6652
...    59 T-A ...
 -116.3268  -71.2696  123.1985
   -0.0814   -0.6845   -0.7245
    0.9368   -0.3008    0.1789
   -0.3404   -0.6641    0.6657
...    60 G-C ...
 -117.2582  -73.6134  125.4399
    0.5246   -0.6405   -0.5608
    0.8027    0.1525    0.5766
   -0.2838   -0.7526    0.5942
...    61 T-A ...
 -118.5100  -76.2941  126.8990
    0.8907   -0.4087   -0.1989
    0.3921    0.4695    0.7911
   -0.2299   -0.7827    0.5784
...    62 T-A ...
 -119.2068  -78.9378  128.6279
    0.9622   -0.0226    0.2714
   -0.2033    0.6037    0.7709
   -0.1813   -0.7969    0.5763
...    63 A-T ...
 -119.7545  -81.4478  130.8231
    0.6316    0.4125    0.6565
   -0.7690    0.4411    0.4627
   -0.0987   -0.7971    0.5958
...    64 T-A ...
 -119.4224  -84.2230  132.5822
    0.1315    0.5765    0.8064
   -0.9880    0.1432    0.0586
   -0.0817   -0.8044    0.5884
...    65 A-T ...
 -120.4173  -87.0384  134.3800
   -0.5977    0.4299    0.6767
   -0.8014   -0.2950   -0.5204
   -0.0240   -0.8533    0.5208
...    66 A-T ...
 -120.2436  -89.7129  136.2723
   -0.9617    0.0890    0.2594
   -0.2697   -0.4789   -0.8355
    0.0498   -0.8734    0.4845
...    67 C-G ...
 -120.0580  -92.3133  138.4404
   -0.9480   -0.2089   -0.2402
    0.3101   -0.4357   -0.8450
    0.0719   -0.8755    0.4778
...    68 G-C ...
 -119.3348  -95.3735  139.7287
   -0.5819   -0.3636   -0.7274
    0.8104   -0.1842   -0.5562
    0.0682   -0.9132    0.4018
...    69 G-C ...
 -119.1916  -98.3676  141.3446
   -0.0309   -0.3174   -0.9478
    0.9940    0.0898   -0.0625
    0.1049   -0.9440    0.3127
...    70 A-T ...
 -118.8941 -101.4301  142.4627
    0.5532   -0.1304   -0.8228
    0.8168    0.2792    0.5049
    0.1639   -0.9513    0.2610
...    71 A-T ...
 -118.3888 -104.5433  143.1262
    0.9036    0.1214   -0.4108
    0.3629    0.2923    0.8848
    0.2275   -0.9486    0.2201
...    72 T-A ...
 -117.6555 -107.7111  143.1811
    0.9499    0.3026    0.0788
   -0.1360    0.1729    0.9755
    0.2816   -0.9373    0.2053
...    73 C-G ...
 -116.4314 -110.6630  143.8476
    0.6671    0.4045    0.6256
   -0.6503   -0.0934    0.7539
    0.3633   -0.9098    0.2007
...    74 T-A ...
 -114.7966 -113.4843  144.4754
    0.1825    0.3350    0.9244
   -0.8767   -0.3701    0.3072
    0.4451   -0.8665    0.2261
...    75 C-G ...
 -113.2013 -116.2099  145.4659
   -0.3848    0.0242    0.9227
   -0.7834   -0.5371   -0.3127
    0.4880   -0.8432    0.2257
...    76 G-C ...
 -111.9902 -119.3067  146.1404
   -0.7816   -0.3012    0.5462
   -0.3684   -0.4837   -0.7939
    0.5033   -0.8218    0.2670
...    77 A-T ...
 -110.1888 -121.9435  147.0954
   -0.8213   -0.5671   -0.0623
    0.1909   -0.1703   -0.9667
    0.5376   -0.8058    0.2482
...    78 G-C ...
 -108.4298 -124.5871  148.1773
   -0.5837   -0.5463   -0.6007
    0.5975    0.2119   -0.7734
    0.5498   -0.8103    0.2027
...    79 C-G ...
 -106.7644 -127.3092  149.2176
   -0.1711   -0.2923   -0.9409
    0.7986    0.5181   -0.3062
    0.5770   -0.8038    0.1448
...    80 T-A ...
 -105.0393 -130.1194  149.6293
    0.2302    0.1113   -0.9668
    0.7527    0.6093    0.2494
    0.6168   -0.7851    0.0566
...    81 C-G ...
 -103.0317 -132.6945  149.7809
    0.5667    0.5210   -0.6383
    0.4741    0.4273    0.7698
    0.6738   -0.7389   -0.0049
...    82 G-C ...
 -100.4636 -134.8847  149.8250
    0.5897    0.8010   -0.1029
    0.1316    0.0304    0.9908
    0.7968   -0.5979   -0.0875
...    83 G-C ...
  -97.5098 -136.4009  149.1984
    0.4623    0.7557    0.4638
   -0.1436   -0.4524    0.8802
    0.8750   -0.4735   -0.1006
...    84 G-C ...
  -94.2516 -137.3453  148.9166
    0.2263    0.4162    0.8806
   -0.2916   -0.8337    0.4690
    0.9294   -0.3629   -0.0673
...    85 A-T ...
  -91.0784 -138.3320  148.8946
    0.0027   -0.1834    0.9830
   -0.3198   -0.9316   -0.1729
    0.9475   -0.3139   -0.0611
...    86 T-A ...
  -87.7637 -138.7114  148.9674
   -0.1228   -0.6651    0.7366
   -0.2679   -0.6925   -0.6699
    0.9556   -0.2795   -0.0931
...    87 C-G ...
  -84.5522 -139.5707  148.7697
   -0.2266   -0.9618    0.1539
   -0.1382   -0.1246   -0.9825
    0.9641   -0.2439   -0.1047
...    88 C-G ...
  -81.2334 -140.3224  148.6380
   -0.2958   -0.8495   -0.4368
   -0.0014    0.4577   -0.8891
    0.9553   -0.2624   -0.1366
...    89 G-C ...
  -77.9241 -140.6080  147.9221
   -0.3228   -0.3965   -0.8594
    0.1198    0.8836   -0.4527
    0.9389   -0.2491   -0.2377
...    90 C-G ...
  -74.8509 -141.7585  147.3530
   -0.2614    0.1756   -0.9491
    0.2481    0.9625    0.1097
    0.9328   -0.2068   -0.2952
...    91 T-A ...
  -71.8836 -142.5975  146.1568
   -0.1888    0.6790   -0.7095
    0.3485    0.7218    0.5980
    0.9181   -0.1343   -0.3729
...    92 T-A ...
  -69.0026 -143.0169  144.7769
   -0.0292    0.9746   -0.2221
    0.4052    0.2147    0.8887
    0.9138   -0.0640   -0.4011
...    93 T-A ...
  -66.1343 -143.0693  143.3055
    0.1451    0.9285    0.3419
    0.3780   -0.3714    0.8480
    0.9144    0.0062   -0.4049
...    94 A-T ...
  -63.0504 -142.6837  142.0579
    0.2356    0.5329    0.8127
    0.2914   -0.8365    0.4640
    0.9271    0.1275   -0.3524
...    95 A-T ...
  -60.0932 -141.9463  140.9213
    0.3742   -0.0525    0.9259
    0.1254   -0.9864   -0.1066
    0.9188    0.1560   -0.3625
...    96 C-G ...
  -57.0607 -140.7873  140.0329
    0.3876   -0.5778    0.7183
   -0.0714   -0.7957   -0.6015
    0.9191    0.1819   -0.3496
...    97 A-T ...
  -54.0622 -140.3795  138.6360
    0.2444   -0.9457    0.2145
   -0.2726   -0.2793   -0.9207
    0.9306    0.1665   -0.3260
...    98 C-G ...
  -50.7830 -139.7574  138.1546
    0.0661   -0.9425   -0.3277
   -0.3702    0.2819   -0.8852
    0.9266    0.1798   -0.3303
...    99 T-A ...
  -47.5963 -139.3060  137.2515
   -0.1787   -0.6361   -0.7506
   -0.3603    0.7522   -0.5517
    0.9155    0.1719   -0.3636
...   100 T-A ...
  -44.5410 -138.9001  136.2132
   -0.3538   -0.0743   -0.9324
   -0.2130    0.9770    0.0030
    0.9108    0.1997   -0.3615
...   101 T-A ...
  -41.5743 -138.4220  135.0023
   -0.4401    0.4971   -0.7478
    0.0181    0.8375    0.5461
    0.8978    0.2268   -0.3776
...   102 A-T ...
  -38.6688 -137.4957  133.6325
   -0.4627    0.8546   -0.2358
    0.2962    0.3997    0.8675
    0.8356    0.3316   -0.4380
...   103 T-A ...
  -36.2981 -136.4616  131.6315
   -0.2773    0.9273    0.2516
    0.4998   -0.0844    0.8620
    0.8206    0.3648   -0.4400
...   104 G-C ...
  -33.5663 -134.9185  130.4205
   -0.0366    0.6598    0.7505
    0.6185   -0.5749    0.5357
    0.7850    0.4838   -0.3870
...   105 C-G ...
  -31.2623 -132.8276  129.2096
    0.2823    0.2074    0.9366
    0.5682   -0.8228    0.0109
    0.7730    0.5291   -0.3501
...   106 T-A ...
  -28.8246 -130.7366  128.2848
    0.5197   -0.2983    0.8006
    0.3556   -0.7765   -0.5201
    0.7768    0.5550   -0.2975
...   107 T-A ...
  -26.4087 -128.6805  127.5020
    0.6648   -0.6750    0.3200
   -0.0259   -0.4490   -0.8932
    0.7466    0.5855   -0.3160
...   108 C-G ...
  -23.9174 -126.7070  126.5616
    0.5114   -0.8071   -0.2950
   -0.4297    0.0571   -0.9012
    0.7442    0.5876   -0.3176
...   109 C-G ...
  -21.2725 -124.7659  125.6935
    0.1327   -0.6679   -0.7323
   -0.6444    0.5033   -0.5758
    0.7531    0.5483   -0.3636
...   110 G-C ...
  -19.0816 -122.5676  124.3383
   -0.3393   -0.3084   -0.8887
   -0.6093    0.7918   -0.0421
    0.7167    0.5272   -0.4566
...   111 G-C ...
  -16.5698 -120.9690  122.7525
   -0.6857    0.1340   -0.7154
   -0.3174    0.8295    0.4595
    0.6550    0.5422   -0.5263
...   112 C-G ...
  -14.4198 -119.4944  120.7040
   -0.7856    0.5355   -0.3101
    0.1180    0.6216    0.7744
    0.6074    0.5717   -0.5515
...   113 T-A ...
  -12.6743 -117.6146  118.6008
   -0.6463    0.7369    0.1982
    0.5382    0.2561    0.8030
    0.5410    0.6256   -0.5621
...   114 C-G ...
  -11.0691 -115.4305  116.7520
   -0.2240    0.7167    0.6604
    0.8310   -0.2136    0.5137
    0.5092    0.6639   -0.5477
...   115 G-C ...
   -9.1199 -113.1064  115.2674
    0.2363    0.3940    0.8882
    0.8421   -0.5392    0.0152
    0.4849    0.7444   -0.4592
...   116 T-A ...
   -7.9938 -110.2372  113.9873
    0.6414    0.0273    0.7667
    0.5899   -0.6565   -0.4701
    0.4905    0.7539   -0.4371
...   117 A-T ...
   -6.2425 -107.9028  112.2694
    0.8767   -0.3904    0.2809
    0.0426   -0.5188   -0.8538
    0.4791    0.7605   -0.4383
...   118 T-A ...
   -4.5938 -105.1423  111.4695
    0.7775   -0.5929   -0.2098
   -0.4213   -0.2433   -0.8737
    0.4669    0.7677   -0.4389
...   119 A-T ...
   -3.3603 -102.5194  109.7061
    0.3274   -0.6054   -0.7255
   -0.8274    0.1871   -0.5295
    0.4564    0.7736   -0.4397
...   120 A-T ...
   -1.6686 -100.0841  108.3684
   -0.2149   -0.3762   -0.9013
   -0.8667    0.4988   -0.0015
    0.4501    0.7808   -0.4333
...   121 T-A ...
    0.3040  -97.9510  106.8133
   -0.6331   -0.0683   -0.7710
   -0.6326    0.6196    0.4646
    0.4460    0.7820   -0.4355
...   122 G-C ...
    1.5012  -95.1564  105.3996
   -0.9228    0.2301   -0.3091
   -0.1315    0.5659    0.8139
    0.3622    0.7917   -0.4919
...   123 T-A ...
    2.5040  -92.8395  103.2444
   -0.8612    0.4712    0.1904
    0.3854    0.3613    0.8491
    0.3313    0.8046   -0.4927
...   124 G-C ...
    3.5430  -89.9605  101.8755
   -0.4991    0.5192    0.6938
    0.8272    0.0468    0.5600
    0.2582    0.8534   -0.4529
...   125 T-A ...
    3.7590  -87.0587  100.2463
    0.0170    0.4418    0.8969
    0.9676   -0.2332    0.0966
    0.2518    0.8662   -0.4315
...   126 C-G ...
    4.4978  -84.1297   98.9181
    0.5906    0.1925    0.7837
    0.7647   -0.4437   -0.4673
    0.2578    0.8752   -0.4093
...   127 G-C ...
    5.6644  -81.3539   97.3871
    0.8930   -0.1842    0.4107
    0.2940   -0.4524   -0.8420
    0.3409    0.8726   -0.3498
...   128 A-T ...
    6.7672  -78.4348   96.3287
    0.8795   -0.4461   -0.1658
   -0.3001   -0.2494   -0.9207
    0.3693    0.8596   -0.3532
...   129 C-G ...
    8.3082  -75.5548   95.7156
    0.5703   -0.5376   -0.6211
   -0.7208    0.0352   -0.6922
    0.3939    0.8425   -0.3675
...   130 C-G ...
    9.9241  -72.8291   94.5367
    0.0377   -0.5008   -0.8647
   -0.9062    0.3476   -0.2408
    0.4211    0.7927   -0.4408
...   131 A-T ...
   11.0976  -70.1076   92.9677
   -0.5381   -0.2805   -0.7949
   -0.7436    0.6021    0.2908
    0.3970    0.7475   -0.5326
...   132 A-T ...
   12.4917  -67.8512   91.0908
   -0.8700    0.1238   -0.4772
   -0.2879    0.6582    0.6956
    0.4002    0.7426   -0.5370
...   133 A-T ...
   13.7631  -65.5889   89.1278
   -0.8684    0.4957    0.0127
    0.2775    0.4646    0.8409
    0.4109    0.7337   -0.5411
...   134 T-A ...
   14.7384  -63.4258   86.8199
   -0.5923    0.6747    0.4404
    0.6886    0.1401    0.7115
    0.4183    0.7247   -0.5475
...   135 G-C ...
   15.7316  -61.4928   83.9330
    0.0341    0.7400    0.6717
    0.8636   -0.3601    0.3528
    0.5030    0.5681   -0.6514
...   136 T-A ...
   15.7847  -59.5604   80.7992
    0.5517    0.4998    0.6677
    0.6739   -0.7388   -0.0038
    0.4915    0.4520   -0.7444
...   137 G-C ...
   16.8385  -57.7218   78.2675
    0.8528   -0.0848    0.5153
    0.1507   -0.9048   -0.3983
    0.5000    0.4173   -0.7588
...   138 A-T ...
   18.4282  -55.5286   76.5298
    0.8547   -0.5006    0.1371
   -0.3188   -0.7148   -0.6224
    0.4096    0.4883   -0.7706
...   139 G-C ...
   20.4259  -54.3093   74.5419
    0.5847   -0.7389   -0.3347
   -0.7593   -0.3533   -0.5465
    0.2856    0.5737   -0.7676
...   140 C-G ...
   21.4269  -51.8265   72.7875
    0.1304   -0.7144   -0.6875
   -0.8897    0.2216   -0.3991
    0.4375    0.6637   -0.6067
...   141 G-C ...
   22.1520  -50.1494   67.4639
   -0.4682   -0.8748    0.1248
   -0.8494    0.4066   -0.3364
    0.2435   -0.2635   -0.9334
...   142 C-G ...
   22.3488  -51.2413   64.4933
   -0.8528   -0.5119   -0.1032
   -0.4975    0.8565   -0.1374
    0.1587   -0.0659   -0.9851
...   143 T-A ...
   24.0165  -51.6378   61.9248
   -0.9562    0.0401   -0.2898
    0.0524    0.9980   -0.0348
    0.2878   -0.0485   -0.9564
...   144 C-G ...
   24.8957  -52.7395   58.9873
   -0.7529    0.5560   -0.3520
    0.5214    0.8304    0.1965
    0.4016   -0.0356   -0.9151
...   145 A-T ...
   25.5275  -52.9803   55.8053
   -0.2442    0.9563   -0.1610
    0.8906    0.2869    0.3528
    0.3836   -0.0573   -0.9217
...   146 C-G ...
   25.2777  -52.5122   52.0796
    0.3204    0.9427   -0.0929
    0.8825   -0.2614    0.3909
    0.3443   -0.2072   -0.9157
...   147 A-T ...
   25.6238  -52.5939   48.6395
    0.8597    0.5097    0.0339
    0.4496   -0.7865    0.4233
    0.2424   -0.3487   -0.9053
