  147 base-pairs
...     1 T-A ...
    0.0000    0.0000    0.0000
    1.0000    0.0000    0.0000
    0.0000    1.0000    0.0000
    0.0000    0.0000    1.0000
...     2 G-C ...
   -0.5555   -1.1003    3.3981
    0.7749    0.6051    0.1828
   -0.5991    0.7953   -0.0929
   -0.2016   -0.0375    0.9787
...     3 T-A ...
   -0.6619   -3.0237    6.5348
    0.3046    0.9250    0.2271
   -0.8994    0.3578   -0.2510
   -0.3134   -0.1278    0.9410
...     4 G-C ...
   -1.1607   -3.8418    9.6940
   -0.3351    0.9421    0.0133
   -0.8752   -0.3061   -0.3746
   -0.3489   -0.1372    0.9271
...     5 A-T ...
   -1.3881   -3.6770   12.8999
   -0.7835    0.6162   -0.0801
   -0.5677   -0.7622   -0.3109
   -0.2527   -0.1981    0.9470
...     6 G-C ...
   -2.6236   -3.5448   15.7072
   -0.9923    0.0611   -0.1075
   -0.0294   -0.9610   -0.2748
   -0.1201   -0.2695    0.9555
...     7 C-G ...
   -2.3138   -3.7570   18.8866
   -0.8620   -0.4995   -0.0864
    0.5008   -0.8655    0.0073
   -0.0785   -0.0370    0.9962
...     8 G-C ...
   -3.9561   -6.8109   23.3205
   -0.2581   -0.3560   -0.8981
    0.6294   -0.7673    0.1233
   -0.7330   -0.5335    0.4221
...     9 C-G ...
   -6.1177   -8.9414   24.2385
    0.1143   -0.7320   -0.6716
    0.8123   -0.3203    0.4874
   -0.5720   -0.6013    0.5580
...    10 T-A ...
   -8.5041   -9.6771   26.0540
    0.4660   -0.8587   -0.2131
    0.6274    0.1508    0.7640
   -0.6239   -0.4897    0.6090
...    11 C-G ...
  -11.0625  -11.3174   27.2336
    0.6660   -0.6911    0.2808
    0.3382    0.6152    0.7121
   -0.6649   -0.3794    0.6435
...    12 A-T ...
  -13.0013  -13.1789   29.0658
    0.7188   -0.1490    0.6790
   -0.1787    0.9043    0.3876
   -0.6718   -0.4000    0.6235
...    13 C-G ...
  -14.1788  -15.9359   31.3399
    0.4052    0.2865    0.8682
   -0.5270    0.8492   -0.0343
   -0.7470   -0.4437    0.4951
...    14 A-T ...
  -15.9532  -18.1566   33.3080
   -0.1503    0.6873    0.7107
   -0.6106    0.5008   -0.6135
   -0.7776   -0.5261    0.3444
...    15 A-T ...
  -18.3920  -19.8477   34.6189
   -0.4586    0.8643    0.2065
   -0.4136   -0.0020   -0.9105
   -0.7865   -0.5029    0.3584
...    16 T-A ...
  -20.7700  -21.2593   36.4029
   -0.5943    0.7451   -0.3027
   -0.1229   -0.4561   -0.8814
   -0.7948   -0.4866    0.3626
...    17 T-A ...
  -23.3825  -22.6505   37.7545
   -0.5526    0.3311   -0.7649
    0.2415   -0.8148   -0.5271
   -0.7977   -0.4760    0.3703
...    18 T-A ...
  -26.0789  -23.9489   39.0506
   -0.3179   -0.2302   -0.9198
    0.5171   -0.8552    0.0353
   -0.7947   -0.4644    0.3909
...    19 A-T ...
  -28.4431  -25.8695   40.6369
    0.0722   -0.7694   -0.6347
    0.6014   -0.4741    0.6431
   -0.7957   -0.4281    0.4285
...    20 T-A ...
  -31.4314  -27.0377   41.5078
    0.3601   -0.9140   -0.1868
    0.4764    0.0080    0.8792
   -0.8021   -0.4056    0.4383
...    21 T-A ...
  -34.1829  -28.3374   42.6969
    0.5450   -0.7396    0.3950
    0.1780    0.5624    0.8075
   -0.8193   -0.3698    0.4381
...    22 C-G ...
  -36.9184  -29.5855   44.0937
    0.5538   -0.2295    0.8004
   -0.1883    0.9019    0.3888
   -0.8111   -0.3660    0.4562
...    23 G-C ...
  -39.7958  -30.3605   45.7416
    0.4209    0.3793    0.8240
   -0.4813    0.8634   -0.1516
   -0.7689   -0.3328    0.5460
...    24 C-G ...
  -42.0831  -31.7371   47.7467
    0.1149    0.8158    0.5668
   -0.6374    0.4982   -0.5879
   -0.7619   -0.2938    0.5772
...    25 A-T ...
  -44.8087  -32.5393   49.5527
   -0.2035    0.9779    0.0470
   -0.6035   -0.0875   -0.7925
   -0.7709   -0.1896    0.6080
...    26 A-T ...
  -47.2114  -33.0142   51.6894
   -0.5104    0.7427   -0.4335
   -0.3744   -0.6457   -0.6655
   -0.7741   -0.1774    0.6076
...    27 A-T ...
  -49.6999  -33.3541   53.7574
   -0.6312    0.2214   -0.7433
   -0.0091   -0.9604   -0.2784
   -0.7756   -0.1689    0.6082
...    28 G-C ...
  -52.3969  -33.5866   55.7274
   -0.4865   -0.3369   -0.8061
    0.3238   -0.9265    0.1918
   -0.8115   -0.1677    0.5598
...    29 G-C ...
  -55.3476  -33.9817   57.3783
   -0.1595   -0.7902   -0.5918
    0.5180   -0.5773    0.6312
   -0.8404   -0.2058    0.5014
...    30 C-G ...
  -58.3813  -34.5672   58.6862
    0.1901   -0.9711   -0.1442
    0.5060   -0.0290    0.8620
   -0.8413   -0.2369    0.4859
...    31 C-G ...
  -61.3129  -35.5202   60.1094
    0.5008   -0.7960    0.3401
    0.2901    0.5245    0.8005
   -0.8155   -0.3022    0.4936
...    32 G-C ...
  -63.9471  -36.2572   62.1332
    0.6477   -0.3059    0.6977
   -0.0761    0.8853    0.4588
   -0.7581   -0.3502    0.5502
...    33 G-C ...
  -66.4041  -37.6507   64.0003
    0.5455    0.2785    0.7904
   -0.4417    0.8971   -0.0113
   -0.7122   -0.3430    0.6124
...    34 C-G ...
  -68.4906  -39.0807   66.1855
    0.2292    0.7507    0.6196
   -0.6794    0.5792   -0.4505
   -0.6971   -0.3177    0.6427
...    35 C-G ...
  -70.6461  -40.0829   68.6018
   -0.1416    0.9687    0.2037
   -0.7073    0.0449   -0.7055
   -0.6926   -0.2440    0.6788
...    36 C-G ...
  -72.8626  -40.6580   71.1079
   -0.4620    0.8401   -0.2842
   -0.5218   -0.5166   -0.6789
   -0.7172   -0.1654    0.6770
...    37 G-C ...
  -75.5283  -41.3596   73.0932
   -0.6027    0.3958   -0.6929
   -0.1792   -0.9133   -0.3658
   -0.7776   -0.0963    0.6213
...    38 A-T ...
  -78.1191  -41.5703   75.1349
   -0.5641   -0.2385   -0.7905
    0.2178   -0.9664    0.1362
   -0.7964   -0.0953    0.5972
...    39 C-G ...
  -80.9775  -41.3264   76.8441
   -0.3329   -0.7227   -0.6057
    0.4806   -0.6827    0.5504
   -0.8113   -0.1079    0.5746
...    40 A-T ...
  -83.5920  -41.8480   78.8966
    0.0928   -0.9729   -0.2119
    0.5611   -0.1247    0.8183
   -0.8225   -0.1949    0.5343
...    41 C-G ...
  -86.6119  -42.5896   80.0966
    0.4062   -0.8785    0.2515
    0.4096    0.4211    0.8092
   -0.8168   -0.2257    0.5309
...    42 G-C ...
  -89.1615  -43.2163   82.2569
    0.6486   -0.4416    0.6199
    0.0648    0.8436    0.5331
   -0.7584   -0.3056    0.5757
...    43 A-T ...
  -91.6190  -44.3119   84.1755
    0.5714    0.1730    0.8023
   -0.3561    0.9330    0.0525
   -0.7394   -0.3157    0.5947
...    44 C-G ...
  -93.6964  -45.8689   86.2788
    0.2971    0.6599    0.6901
   -0.6211    0.6825   -0.3852
   -0.7252   -0.3142    0.6126
...    45 T-A ...
  -95.8797  -46.9379   88.5782
   -0.0702    0.9404    0.3328
   -0.6994    0.1915   -0.6886
   -0.7113   -0.2811    0.6442
...    46 T-A ...
  -98.0133  -47.8643   90.8675
   -0.4938    0.8603   -0.1264
   -0.5129   -0.4055   -0.7566
   -0.7022   -0.3088    0.6415
...    47 A-T ...
 -100.5198  -49.2804   92.7145
   -0.7279    0.3658   -0.5800
   -0.0446   -0.8693   -0.4923
   -0.6842   -0.3324    0.6491
...    48 C-G ...
 -102.8837  -49.7685   95.0366
   -0.6196   -0.1618   -0.7681
    0.3600   -0.9281   -0.0949
   -0.6975   -0.3354    0.6333
...    49 T-A ...
 -105.4201  -50.6553   97.0330
   -0.2738   -0.6264   -0.7299
    0.6356   -0.6874    0.3515
   -0.7219   -0.3676    0.5863
...    50 G-C ...
 -107.7210  -52.1106   99.0111
    0.2303   -0.8660   -0.4439
    0.6599   -0.1962    0.7252
   -0.7152   -0.4599    0.5263
...    51 T-A ...
 -110.3893  -53.6840  100.1981
    0.5814   -0.8136   -0.0065
    0.4275    0.2987    0.8533
   -0.6922   -0.4989    0.5215
...    52 A-T ...
 -112.5971  -55.3066  102.1663
    0.7650   -0.4172    0.4906
   -0.0465    0.7241    0.6881
   -0.6423   -0.5493    0.5346
...    53 G-C ...
 -114.5726  -57.3964  103.8516
    0.6529    0.0874    0.7524
   -0.4796    0.8165    0.3214
   -0.5862   -0.5707    0.5751
...    54 G-C ...
 -116.2202  -59.4501  105.9853
    0.3024    0.5741    0.7609
   -0.7925    0.5950   -0.1340
   -0.5296   -0.5625    0.6349
...    55 T-A ...
 -117.4124  -61.4956  108.3546
   -0.1791    0.8109    0.5571
   -0.8353    0.1738   -0.5216
   -0.5198   -0.5588    0.6462
...    56 A-T ...
 -119.6511  -63.5522  110.0233
   -0.7454    0.6595    0.0972
   -0.4713   -0.4182   -0.7765
   -0.4715   -0.6246    0.6225
...    57 T-A ...
 -120.9871  -65.2007  112.5889
   -0.8953    0.3181   -0.3119
    0.0020   -0.6972   -0.7169
   -0.4455   -0.6425    0.6235
...    58 C-G ...
 -122.4504  -67.2704  114.7369
   -0.6987   -0.1736   -0.6941
    0.5619   -0.7337   -0.3821
   -0.4429   -0.6569    0.6101
...    59 T-A ...
 -124.1784  -69.2949  116.7718
   -0.2437   -0.5117   -0.8239
    0.8579   -0.5099    0.0629
   -0.4523   -0.6915    0.5633
...    60 C-G ...
 -125.7248  -71.5297  118.6476
    0.3484   -0.6777   -0.6475
    0.8351   -0.0893    0.5428
   -0.4257   -0.7299    0.5348
...    61 A-T ...
 -126.9979  -74.0185  120.5343
    0.8199   -0.4985   -0.2815
    0.4676    0.2995    0.8317
   -0.3303   -0.8135    0.4787
...    62 T-A ...
 -128.1763  -76.9189  121.4875
    0.9541   -0.2475    0.1689
   -0.0223    0.5032    0.8639
   -0.2988   -0.8279    0.4746
...    63 G-C ...
 -128.9263  -79.6093  123.3706
    0.7872    0.1908    0.5865
   -0.5921    0.4998    0.6322
   -0.1725   -0.8449    0.5064
...    64 T-A ...
 -128.8930  -82.5862  124.8317
    0.3435    0.4547    0.8217
   -0.9294    0.2901    0.2281
   -0.1346   -0.8421    0.5223
...    65 T-A ...
 -129.0401  -85.3669  126.5295
   -0.2854    0.5046    0.8148
   -0.9519   -0.0508   -0.3020
   -0.1110   -0.8619    0.4949
...    66 A-T ...
 -129.9731  -88.5281  127.6742
   -0.8766    0.2218    0.4270
   -0.4808   -0.3662   -0.7967
   -0.0203   -0.9037    0.4276
...    67 T-A ...
 -129.8250  -91.1955  129.6790
   -0.9978   -0.0491   -0.0442
    0.0606   -0.4146   -0.9080
    0.0262   -0.9087    0.4167
...    68 A-T ...
 -129.1887  -94.4898  130.5409
   -0.6721   -0.4014   -0.6223
    0.7286   -0.2086   -0.6524
    0.1320   -0.8918    0.4326
...    69 A-T ...
 -128.9234  -97.3371  132.1066
   -0.1034   -0.4598   -0.8820
    0.9804    0.1025   -0.1684
    0.1679   -0.8821    0.4401
...    70 C-G ...
 -128.9598 -100.3296  133.5274
    0.4349   -0.2872   -0.8535
    0.8781    0.3451    0.3313
    0.1994   -0.8935    0.4022
...    71 G-C ...
 -127.9766 -103.2093  135.0361
    0.8091    0.1127   -0.5768
    0.4802    0.4392    0.7593
    0.3389   -0.8913    0.3012
...    72 G-C ...
 -126.7130 -106.2597  135.6966
    0.8873    0.4505   -0.0987
   -0.0306    0.2712    0.9620
    0.4601   -0.8506    0.2544
...    73 A-T ...
 -124.9884 -108.9390  136.4773
    0.6615    0.5769    0.4792
   -0.5313   -0.0905    0.8423
    0.5293   -0.8118    0.2467
...    74 T-A ...
 -122.7792 -111.3451  136.8337
    0.2850    0.4552    0.8436
   -0.7839   -0.3957    0.4784
    0.5515   -0.7976    0.2441
...    75 C-G ...
 -120.8272 -113.8099  137.8517
   -0.2528    0.1177    0.9603
   -0.7678   -0.6284   -0.1251
    0.5887   -0.7689    0.2492
...    76 G-C ...
 -119.2623 -116.6821  138.7856
   -0.6759   -0.2682    0.6865
   -0.4241   -0.6202   -0.6599
    0.6027   -0.7372    0.3055
...    77 A-T ...
 -117.1808 -119.0471  139.8781
   -0.7725   -0.6216    0.1299
    0.0885   -0.3080   -0.9473
    0.6288   -0.7203    0.2929
...    78 G-C ...
 -115.1080 -121.3833  141.1201
   -0.5967   -0.6746   -0.4346
    0.4923    0.1199   -0.8621
    0.6337   -0.7284    0.2606
...    79 C-G ...
 -113.1329 -123.8126  142.3541
   -0.2328   -0.4588   -0.8575
    0.7217    0.5095   -0.4685
    0.6519   -0.7280    0.2125
...    80 T-A ...
 -111.1470 -126.3974  143.0594
    0.1483   -0.0455   -0.9879
    0.7177    0.6922    0.0759
    0.6804   -0.7203    0.1353
...    81 C-G ...
 -108.9360 -128.7813  143.5165
    0.4898    0.4333   -0.7566
    0.4826    0.5880    0.6491
    0.7261   -0.6830    0.0789
...    82 G-C ...
 -106.2416 -130.7971  143.8781
    0.5312    0.8021   -0.2730
    0.1622    0.2200    0.9619
    0.8316   -0.5552   -0.0132
...    83 G-C ...
 -103.2534 -132.3045  143.4587
    0.4248    0.8532    0.3025
   -0.0996   -0.2881    0.9524
    0.8998   -0.4347   -0.0374
...    84 G-C ...
  -99.9757 -133.1661  143.2642
    0.2095    0.5858    0.7829
   -0.2424   -0.7446    0.6220
    0.9473   -0.3201   -0.0140
...    85 A-T ...
  -96.7631 -133.9868  143.3865
    0.0085    0.0099    0.9999
   -0.2702   -0.9627    0.0119
    0.9628   -0.2703   -0.0055
...    86 T-A ...
  -93.4429 -134.1828  143.5326
   -0.1001   -0.5125    0.8528
   -0.2255   -0.8231   -0.5212
    0.9691   -0.2445   -0.0331
...    87 C-G ...
  -90.2014 -134.9363  143.5564
   -0.1872   -0.9215    0.3404
   -0.1102   -0.3247   -0.9394
    0.9761   -0.2133   -0.0407
...    88 C-G ...
  -86.8635 -135.6096  143.6457
   -0.2446   -0.9327   -0.2652
    0.0109    0.2708   -0.9626
    0.9696   -0.2383   -0.0560
...    89 G-C ...
  -83.5260 -135.9178  143.0819
   -0.2626   -0.5723   -0.7769
    0.1102    0.7820   -0.6134
    0.9586   -0.2467   -0.1423
...    90 C-G ...
  -80.3743 -137.0112  142.8879
   -0.2079   -0.0224   -0.9779
    0.2080    0.9759   -0.0666
    0.9558   -0.2172   -0.1982
...    91 T-A ...
  -77.2955 -137.9333  142.0687
   -0.1554    0.5254   -0.8365
    0.2826    0.8351    0.4720
    0.9466   -0.1631   -0.2783
...    92 T-A ...
  -74.3008 -138.5013  141.0113
   -0.0297    0.9156   -0.4010
    0.3264    0.3880    0.8619
    0.9448   -0.1053   -0.3104
...    93 T-A ...
  -71.3133 -138.7409  139.8180
    0.1022    0.9787    0.1782
    0.3082   -0.2015    0.9297
    0.9458   -0.0401   -0.3222
...    94 A-T ...
  -68.1210 -138.5391  138.8200
    0.1569    0.6716    0.7241
    0.2550   -0.7359    0.6273
    0.9541    0.0862   -0.2868
...    95 A-T ...
  -65.0732 -137.9549  137.8528
    0.2828    0.1157    0.9522
    0.1425   -0.9868    0.0775
    0.9485    0.1138   -0.2955
...    96 C-G ...
  -61.9752 -136.8973  137.0858
    0.3159   -0.4395    0.8409
   -0.0054   -0.8871   -0.4616
    0.9488    0.1412   -0.2826
...    97 A-T ...
  -58.8367 -136.6779  135.9703
    0.2236   -0.8917    0.3936
   -0.1719   -0.4336   -0.8846
    0.9594    0.1301   -0.2502
...    98 C-G ...
  -55.5197 -136.0866  135.7481
    0.1040   -0.9815   -0.1610
   -0.2721    0.1277   -0.9538
    0.9566    0.1430   -0.2537
...    99 T-A ...
  -52.2472 -135.7261  135.1366
   -0.0916   -0.7483   -0.6570
   -0.2969    0.6503   -0.6992
    0.9505    0.1310   -0.2817
...   100 T-A ...
  -49.0885 -135.4255  134.4063
   -0.2402   -0.2178   -0.9460
   -0.2131    0.9626   -0.1675
    0.9470    0.1613   -0.2776
...   101 T-A ...
  -45.9912 -135.0760  133.5103
   -0.3426    0.3799   -0.8592
   -0.0482    0.9063    0.4199
    0.9383    0.1853   -0.2921
...   102 A-T ...
  -42.9074 -134.2687  132.4779
   -0.4128    0.8176   -0.4014
    0.1866    0.5073    0.8413
    0.8915    0.2724   -0.3620
...   103 T-A ...
  -40.2708 -133.5048  130.6987
   -0.2894    0.9524    0.0961
    0.3805    0.0223    0.9245
    0.8783    0.3041   -0.3689
...   104 G-C ...
  -37.3512 -132.1552  129.7057
   -0.1177    0.7457    0.6557
    0.5303   -0.5111    0.6765
    0.8396    0.4273   -0.3353
...   105 C-G ...
  -34.8560 -130.2440  128.5726
    0.1652    0.3131    0.9352
    0.5415   -0.8214    0.1794
    0.8243    0.4768   -0.3053
...   106 T-A ...
  -32.2586 -128.3055  127.7465
    0.4068   -0.2118    0.8886
    0.3984   -0.8342   -0.3812
    0.8220    0.5092   -0.2550
...   107 T-A ...
  -29.7055 -126.3845  127.0592
    0.6028   -0.6439    0.4712
    0.0734   -0.5433   -0.8363
    0.7945    0.5387   -0.2802
...   108 C-G ...
  -27.0612 -124.5572  126.2351
    0.5238   -0.8393   -0.1458
   -0.3154   -0.0321   -0.9484
    0.7913    0.5427   -0.2815
...   109 C-G ...
  -24.2817 -122.7453  125.5036
    0.2039   -0.7384   -0.6428
   -0.5585    0.4516   -0.6958
    0.8041    0.5009   -0.3203
...   110 G-C ...
  -21.8922 -120.7009  124.2297
   -0.2384   -0.3849   -0.8916
   -0.5821    0.7916   -0.1861
    0.7774    0.4746   -0.4128
...   111 G-C ...
  -19.1697 -119.2682  122.8383
   -0.5943    0.0797   -0.8003
   -0.3505    0.8700    0.3468
    0.7239    0.4866   -0.4891
...   112 C-G ...
  -16.7517 -118.0022  120.9498
   -0.7323    0.5178   -0.4422
    0.0416    0.6822    0.7299
    0.6797    0.5161   -0.5212
...   113 T-A ...
  -14.7266 -116.3229  118.9267
   -0.6475    0.7592    0.0656
    0.4501    0.3116    0.8369
    0.6149    0.5714   -0.5434
...   114 C-G ...
  -12.8689 -114.3116  117.1162
   -0.2786    0.7684    0.5761
    0.7643   -0.1858    0.6175
    0.5815    0.6124   -0.5355
...   115 G-C ...
  -10.7083 -112.1252  115.7010
    0.1506    0.4551    0.8776
    0.8236   -0.5487    0.1432
    0.5468    0.7012   -0.4575
...   116 T-A ...
   -9.3857 -109.3705  114.3532
    0.5613    0.0724    0.8244
    0.6196   -0.6972   -0.3606
    0.5486    0.7132   -0.4362
...   117 A-T ...
   -7.4014 -107.2280  112.6124
    0.8438   -0.3811    0.3779
    0.1034   -0.5755   -0.8112
    0.5267    0.7236   -0.4462
...   118 T-A ...
   -5.6450 -104.5430  111.7705
    0.7821   -0.6133   -0.1103
   -0.3559   -0.2944   -0.8869
    0.5115    0.7329   -0.4486
...   119 A-T ...
   -4.2994 -102.0302  109.9010
    0.3685   -0.6403   -0.6739
   -0.7898    0.1667   -0.5903
    0.4904    0.7498   -0.4442
...   120 A-T ...
   -2.5090  -99.6597  108.5709
   -0.1622   -0.4113   -0.8970
   -0.8611    0.5030   -0.0749
    0.4819    0.7602   -0.4357
...   121 T-A ...
   -0.4287  -97.5973  107.0586
   -0.5871   -0.0935   -0.8041
   -0.6538    0.6405    0.4029
    0.4773    0.7622   -0.4372
...   122 G-C ...
    0.8759  -94.8529  105.6315
   -0.9022    0.2258   -0.3675
   -0.1713    0.5944    0.7858
    0.3958    0.7718   -0.4976
...   123 T-A ...
    2.0127  -92.6150  103.4597
   -0.8659    0.4830    0.1302
    0.3439    0.3857    0.8561
    0.3633    0.7861   -0.5001
...   124 G-C ...
    3.1502  -89.7807  102.0647
   -0.5271    0.5434    0.6534
    0.8000    0.0579    0.5972
    0.2866    0.8375   -0.4652
...   125 T-A ...
    3.4643  -86.9251  100.3704
   -0.0187    0.4670    0.8841
    0.9605   -0.2372    0.1456
    0.2777    0.8519   -0.4441
...   126 C-G ...
    4.2903  -84.0349   99.0022
    0.5611    0.2097    0.8008
    0.7789   -0.4613   -0.4249
    0.2803    0.8621   -0.4222
...   127 G-C ...
    5.5501  -81.3070   97.4453
    0.8787   -0.1776    0.4431
    0.3183   -0.4738   -0.8211
    0.3558    0.8625   -0.3598
...   128 A-T ...
    6.7008  -78.4144   96.3489
    0.8823   -0.4511   -0.1343
   -0.2774   -0.2680   -0.9226
    0.3802    0.8513   -0.3616
...   129 C-G ...
    8.2614  -75.5421   95.7141
    0.5820   -0.5487   -0.6002
   -0.7068    0.0238   -0.7071
    0.4022    0.8357   -0.3739
...   130 C-G ...
    9.8872  -72.8234   94.5244
    0.0505   -0.5117   -0.8577
   -0.9025    0.3444   -0.2587
    0.4278    0.7871   -0.4444
...   131 A-T ...
   11.0638  -70.1005   92.9516
   -0.5302   -0.2854   -0.7984
   -0.7462    0.6041    0.2797
    0.4025    0.7441   -0.5333
...   132 A-T ...
   12.4736  -67.8481   91.0812
   -0.8668    0.1228   -0.4833
   -0.2917    0.6611    0.6912
    0.4044    0.7401   -0.5373
...   133 A-T ...
   13.7580  -65.5869   89.1260
   -0.8682    0.4961    0.0096
    0.2756    0.4661    0.8407
    0.4126    0.7326   -0.5414
...   134 T-A ...
   14.7384  -63.4258   86.8199
   -0.5923    0.6747    0.4404
    0.6886    0.1401    0.7115
    0.4183    0.7247   -0.5475
...   135 G-C ...
   15.7316  -61.4928   83.9330
    0.0341    0.7400    0.6717
    0.8636   -0.3601    0.3528
    0.5030    0.5681   -0.6514
...   136 T-A ...
   15.7847  -59.5604   80.7992
    0.5517    0.4998    0.6677
    0.6739   -0.7388   -0.0038
    0.4915    0.4520   -0.7444
...   137 G-C ...
   16.8385  -57.7219   78.2675
    0.8528   -0.0848    0.5153
    0.1507   -0.9048   -0.3983
    0.5000    0.4173   -0.7588
...   138 A-T ...
   18.4282  -55.5287   76.5299
    0.8547   -0.5006    0.1371
   -0.3188   -0.7148   -0.6224
    0.4096    0.4883   -0.7706
...   139 G-C ...
   20.4258  -54.3093   74.5420
    0.5847   -0.7389   -0.3347
   -0.7593   -0.3533   -0.5465
    0.2856    0.5737   -0.7676
...   140 C-G ...
   21.4269  -51.8266   72.7876
    0.1304   -0.7144   -0.6875
   -0.8897    0.2216   -0.3991
    0.4375    0.6637   -0.6067
...   141 G-C ...
   22.1520  -50.1494   67.4640
   -0.4682   -0.8748    0.1248
   -0.8494    0.4066   -0.3364
    0.2435   -0.2635   -0.9334
...   142 C-G ...
   22.3488  -51.2413   64.4933
   -0.8528   -0.5119   -0.1032
   -0.4975    0.8565   -0.1374
    0.1587   -0.0659   -0.9851
...   143 T-A ...
   24.0165  -51.6378   61.9248
   -0.9562    0.0401   -0.2898
    0.0524    0.9980   -0.0348
    0.2878   -0.0485   -0.9564
...   144 C-G ...
   24.8957  -52.7395   58.9873
   -0.7529    0.5560   -0.3520
    0.5214    0.8304    0.1965
    0.4016   -0.0356   -0.9151
...   145 A-T ...
   25.5275  -52.9803   55.8053
   -0.2442    0.9563   -0.1610
    0.8906    0.2869    0.3528
    0.3836   -0.0573   -0.9217
...   146 C-G ...
   25.2777  -52.5122   52.0796
    0.3204    0.9427   -0.0929
    0.8825   -0.2614    0.3909
    0.3443   -0.2072   -0.9157
...   147 A-T ...
   25.6238  -52.5939   48.6395
    0.8597    0.5097    0.0339
    0.4496   -0.7865    0.4233
    0.2424   -0.3487   -0.9053
