  147 base-pairs
...     1 T-A ...
    0.0000    0.0000    0.0000
    1.0000    0.0000    0.0000
    0.0000    1.0000    0.0000
    0.0000    0.0000    1.0000
...     2 G-C ...
   -0.5555   -1.1003    3.3981
    0.7749    0.6051    0.1828
   -0.5991    0.7953   -0.0929
   -0.2016   -0.0375    0.9787
...     3 T-A ...
   -0.6619   -3.0237    6.5348
    0.3046    0.9250    0.2271
   -0.8994    0.3578   -0.2510
   -0.3134   -0.1278    0.9410
...     4 G-C ...
   -1.1607   -3.8418    9.6940
   -0.3351    0.9421    0.0133
   -0.8752   -0.3061   -0.3746
   -0.3489   -0.1372    0.9271
...     5 A-T ...
   -1.3881   -3.6770   12.8999
   -0.7835    0.6162   -0.0801
   -0.5677   -0.7622   -0.3109
   -0.2527   -0.1981    0.9470
...     6 G-C ...
   -2.6236   -3.5448   15.7072
   -0.9923    0.0611   -0.1075
   -0.0294   -0.9610   -0.2748
   -0.1201   -0.2695    0.9555
...     7 C-G ...
   -2.3138   -3.7570   18.8866
   -0.8620   -0.4995   -0.0864
    0.5008   -0.8655    0.0073
   -0.0785   -0.0370    0.9962
...     8 G-C ...
   -3.9561   -6.8109   23.3205
   -0.2581   -0.3560   -0.8981
    0.6294   -0.7673    0.1233
   -0.7330   -0.5335    0.4221
...     9 C-G ...
   -6.1177   -8.9414   24.2385
    0.1143   -0.7320   -0.6716
    0.8123   -0.3203    0.4874
   -0.5720   -0.6013    0.5580
...    10 T-A ...
   -8.5041   -9.6771   26.0540
    0.4660   -0.8587   -0.2131
    0.6274    0.1508    0.7640
   -0.6239   -0.4897    0.6090
...    11 C-G ...
  -11.0625  -11.3174   27.2336
    0.6660   -0.6911    0.2808
    0.3382    0.6152    0.7121
   -0.6649   -0.3794    0.6435
...    12 A-T ...
  -13.0013  -13.1789   29.0658
    0.7188   -0.1490    0.6790
   -0.1787    0.9043    0.3876
   -0.6718   -0.4000    0.6235
...    13 C-G ...
  -14.1788  -15.9359   31.3399
    0.4052    0.2865    0.8682
   -0.5270    0.8492   -0.0343
   -0.7470   -0.4437    0.4951
...    14 A-T ...
  -15.9532  -18.1566   33.3080
   -0.1503    0.6873    0.7107
   -0.6106    0.5008   -0.6135
   -0.7776   -0.5261    0.3444
...    15 A-T ...
  -18.3884  -19.8455   34.6251
   -0.4567    0.8647    0.2092
   -0.4162    0.0001   -0.9093
   -0.7863   -0.5023    0.3598
...    16 T-A ...
  -20.7614  -21.2559   36.4154
   -0.5941    0.7472   -0.2979
   -0.1277   -0.4533   -0.8822
   -0.7942   -0.4861    0.3647
...    17 T-A ...
  -23.3689  -22.6420   37.7805
   -0.5569    0.3360   -0.7596
    0.2360   -0.8128   -0.5325
   -0.7964   -0.4758    0.3733
...    18 T-A ...
  -26.0597  -23.9349   39.0925
   -0.3266   -0.2233   -0.9184
    0.5150   -0.8568    0.0252
   -0.7926   -0.4647    0.3948
...    19 A-T ...
  -28.4249  -25.8430   40.6751
    0.0628   -0.7612   -0.6454
    0.6064   -0.4845    0.6305
   -0.7926   -0.4310    0.4312
...    20 T-A ...
  -31.4063  -27.0122   41.5616
    0.3548   -0.9122   -0.2051
    0.4868   -0.0070    0.8735
   -0.7982   -0.4097    0.4415
...    21 T-A ...
  -34.1453  -28.3230   42.7620
    0.5491   -0.7481    0.3726
    0.1914    0.5466    0.8152
   -0.8135   -0.3763    0.4433
...    22 C-G ...
  -36.8571  -29.5935   44.1749
    0.5685   -0.2480    0.7844
   -0.1788    0.8935    0.4120
   -0.8030   -0.3744    0.4636
...    23 G-C ...
  -39.6899  -30.4091   45.8674
    0.4426    0.3578    0.8223
   -0.4822    0.8681   -0.1182
   -0.7561   -0.3442    0.5567
...    24 C-G ...
  -41.9210  -31.8251   47.9008
    0.1344    0.8001    0.5846
   -0.6515    0.5159   -0.5562
   -0.7466   -0.3061    0.5906
...    25 A-T ...
  -44.5860  -32.6587   49.7752
   -0.1950    0.9775    0.0810
   -0.6291   -0.0613   -0.7749
   -0.7525   -0.2021    0.6268
...    26 A-T ...
  -46.9183  -33.1756   51.9784
   -0.5189    0.7589   -0.3934
   -0.4016   -0.6227   -0.6715
   -0.7546   -0.1904    0.6280
...    27 A-T ...
  -49.3348  -33.5558   54.1233
   -0.6560    0.2494   -0.7124
   -0.0269   -0.9510   -0.3082
   -0.7543   -0.1830    0.6305
...    28 G-C ...
  -51.9562  -33.8299   56.1845
   -0.5203   -0.3055   -0.7975
    0.3227   -0.9349    0.1476
   -0.7907   -0.1805    0.5850
...    29 G-C ...
  -54.8393  -34.2499   57.9422
   -0.1910   -0.7668   -0.6127
    0.5380   -0.6039    0.5881
   -0.8210   -0.2173    0.5279
...    30 C-G ...
  -57.8183  -34.8499   59.3564
    0.1744   -0.9662   -0.1896
    0.5427   -0.0664    0.8373
   -0.8217   -0.2489    0.5128
...    31 C-G ...
  -60.6997  -35.8242   60.8611
    0.5085   -0.8135    0.2822
    0.3330    0.4880    0.8068
   -0.7941   -0.3163    0.5190
...    32 G-C ...
  -63.2396  -36.6308   62.9664
    0.6810   -0.3427    0.6471
   -0.0419    0.8640    0.5017
   -0.7311   -0.3688    0.5741
...    33 G-C ...
  -65.5971  -38.0971   64.8991
    0.5943    0.2350    0.7691
   -0.4308    0.9006    0.0577
   -0.6791   -0.3657    0.6365
...    34 C-G ...
  -67.5570  -39.6097   67.1371
    0.2777    0.7163    0.6401
   -0.6982    0.6082   -0.3776
   -0.6598   -0.3421    0.6690
...    35 C-G ...
  -69.5607  -40.6963   69.6416
   -0.1126    0.9586    0.2614
   -0.7518    0.0898   -0.6533
   -0.6497   -0.2701    0.7106
...    36 C-G ...
  -71.6133  -41.3548   72.2611
   -0.4662    0.8601   -0.2070
   -0.5767   -0.4729   -0.6661
   -0.6709   -0.1911    0.7165
...    37 G-C ...
  -74.1471  -42.1148   74.3839
   -0.6450    0.4411   -0.6240
   -0.2227   -0.8897   -0.3986
   -0.7310   -0.1181    0.6721
...    38 A-T ...
  -76.5793  -42.3929   76.6034
   -0.6280   -0.1865   -0.7555
    0.2090   -0.9756    0.0670
   -0.7496   -0.1158    0.6517
...    39 C-G ...
  -79.2908  -42.2003   78.5438
   -0.3948   -0.6823   -0.6152
    0.5091   -0.7199    0.4717
   -0.7648   -0.1270    0.6316
...    40 A-T ...
  -81.7412  -42.7817   80.7694
    0.0542   -0.9603   -0.2737
    0.6243   -0.1813    0.7599
   -0.7793   -0.2120    0.5897
...    41 C-G ...
  -84.6628  -43.5371   82.1761
    0.4068   -0.8989    0.1630
    0.4869    0.3643    0.7939
   -0.7730   -0.2436    0.5858
...    42 G-C ...
  -87.0354  -44.2475   84.4963
    0.6934   -0.4915    0.5269
    0.1342    0.8065    0.5758
   -0.7080   -0.3285    0.6252
...    43 A-T ...
  -89.3211  -45.4201   86.5660
    0.6531    0.1086    0.7494
   -0.3252    0.9340    0.1481
   -0.6839   -0.3404    0.6453
...    44 C-G ...
  -91.2084  -47.0708   88.7635
    0.3865    0.6054    0.6958
   -0.6389    0.7198   -0.2714
   -0.6652   -0.3397    0.6650
...    45 T-A ...
  -93.1556  -48.2430   91.2121
   -0.0037    0.9166    0.3997
   -0.7650    0.2548   -0.5914
   -0.6440   -0.3080    0.7003
...    46 T-A ...
  -95.0455  -49.2683   93.6655
   -0.4758    0.8795   -0.0111
   -0.6090   -0.3386   -0.7173
   -0.6345   -0.3346    0.6967
...    47 A-T ...
  -97.3721  -50.7394   95.6901
   -0.7791    0.4244   -0.4615
   -0.1323   -0.8308   -0.5406
   -0.6128   -0.3601    0.7034
...    48 C-G ...
  -99.4604  -51.3296   98.2430
   -0.7146   -0.0905   -0.6937
    0.3133   -0.9280   -0.2017
   -0.6255   -0.3615    0.6914
...    49 T-A ...
 -101.7593  -52.2875  100.4777
   -0.3870   -0.5650   -0.7287
    0.6505   -0.7274    0.2185
   -0.6535   -0.3894    0.6490
...    50 G-C ...
 -103.8389  -53.8052  102.6375
    0.1372   -0.8374   -0.5291
    0.7430   -0.2663    0.6141
   -0.6551   -0.4774    0.5856
...    51 T-A ...
 -106.3823  -55.3797  104.0677
    0.5441   -0.8266   -0.1441
    0.5515    0.2228    0.8039
   -0.6323   -0.5168    0.5771
...    52 A-T ...
 -108.3704  -57.1208  106.1474
    0.8163   -0.4743    0.3296
    0.0865    0.6645    0.7423
   -0.5711   -0.5774    0.5835
...    53 G-C ...
 -110.1286  -59.2976  107.9468
    0.7701    0.0083    0.6378
   -0.3898    0.7976    0.4603
   -0.5049   -0.6031    0.6175
...    54 G-C ...
 -111.4604  -61.4889  110.1551
    0.4520    0.5010    0.7380
   -0.7796    0.6240    0.0539
   -0.4335   -0.5997    0.6726
...    55 T-A ...
 -112.2967  -63.6824  112.5304
   -0.0416    0.7675    0.6397
   -0.9073    0.2391   -0.3460
   -0.4185   -0.5948    0.6864
...    56 A-T ...
 -114.2524  -65.7704  114.4630
   -0.6766    0.6796    0.2834
   -0.6315   -0.3376   -0.6980
   -0.3787   -0.6513    0.6576
...    57 T-A ...
 -115.1660  -67.5523  117.1220
   -0.9196    0.3774   -0.1086
   -0.1742   -0.6397   -0.7486
   -0.3520   -0.6695    0.6541
...    58 C-G ...
 -116.3130  -69.7079  119.3713
   -0.8305   -0.0933   -0.5491
    0.4340   -0.7262   -0.5332
   -0.3490   -0.6812    0.6436
...    59 T-A ...
 -117.7139  -71.7992  121.5803
   -0.4342   -0.4425   -0.7847
    0.8236   -0.5479   -0.1468
   -0.3650   -0.7100    0.6023
...    60 C-G ...
 -118.9665  -74.0827  123.6100
    0.1681   -0.6473   -0.7435
    0.9239   -0.1595    0.3477
   -0.3437   -0.7454    0.5713
...    61 G-C ...
 -119.7980  -76.6313  125.6810
    0.7068   -0.4999   -0.5006
    0.6641    0.2250    0.7130
   -0.2438   -0.8364    0.4910
...    62 A-T ...
 -120.5534  -79.4266  127.2051
    0.9777   -0.2094   -0.0152
    0.1122    0.4596    0.8810
   -0.1775   -0.8631    0.4729
...    63 G-C ...
 -120.9406  -82.4417  128.5291
    0.8953    0.1498    0.4196
   -0.4382    0.4655    0.7689
   -0.0801   -0.8723    0.4824
...    64 C-G ...
 -120.6762  -85.4345  129.9604
    0.5005    0.4224    0.7557
   -0.8656    0.2604    0.4277
   -0.0161   -0.8682    0.4960
...    65 T-A ...
 -120.3248  -88.2624  131.6910
   -0.0623    0.5264    0.8480
   -0.9973   -0.0660   -0.0323
    0.0390   -0.8477    0.5291
...    66 C-G ...
 -120.1234  -90.9613  133.6054
   -0.6628    0.3599    0.6566
   -0.7457   -0.3963   -0.5356
    0.0674   -0.8447    0.5310
...    67 G-C ...
 -120.2454  -94.0031  135.0976
   -0.9793    0.0752    0.1879
   -0.1979   -0.5497   -0.8116
    0.0423   -0.8320    0.5532
...    68 G-C ...
 -120.0421  -96.7031  137.1657
   -0.9155   -0.2199   -0.3368
    0.4021   -0.4793   -0.7801
    0.0101   -0.8496    0.5273
...    69 G-C ...
 -120.0024  -99.4487  139.1833
   -0.5243   -0.3925   -0.7556
    0.8515   -0.2419   -0.4652
   -0.0002   -0.8873    0.4611
...    70 A-T ...
 -120.0006 -102.2927  140.8353
    0.0895   -0.4124   -0.9066
    0.9955    0.0664    0.0680
    0.0321   -0.9086    0.4164
...    71 T-A ...
 -120.4904 -105.3270  141.9598
    0.5824   -0.2867   -0.7607
    0.8108    0.2723    0.5181
    0.0585   -0.9185    0.3910
...    72 C-G ...
 -120.2623 -108.3642  143.1423
    0.9397    0.0081   -0.3420
    0.3146    0.3719    0.8733
    0.1343   -0.9282    0.3469
...    73 C-G ...
 -119.5224 -111.5437  143.9537
    0.9337    0.3241    0.1520
   -0.2401    0.2520    0.9375
    0.2656   -0.9118    0.3131
...    74 G-C ...
 -118.3117 -114.3549  145.4244
    0.5903    0.5182    0.6188
   -0.6906   -0.0724    0.7196
    0.4177   -0.8522    0.3152
...    75 C-G ...
 -116.3980 -116.9016  146.4539
    0.0862    0.4082    0.9088
   -0.8775   -0.4008    0.2633
    0.4718   -0.8202    0.3237
...    76 T-A ...
 -114.5259 -119.3915  147.6852
   -0.4262    0.1197    0.8967
   -0.7490   -0.6026   -0.2756
    0.5073   -0.7890    0.3464
...    77 T-A ...
 -112.5931 -121.7458  148.9036
   -0.7480   -0.3408    0.5695
   -0.3412   -0.5386   -0.7704
    0.5692   -0.7706    0.2866
...    78 T-A ...
 -110.5649 -124.0460  150.0729
   -0.7511   -0.6602    0.0025
    0.1656   -0.1919   -0.9673
    0.6391   -0.7261    0.2535
...    79 A-T ...
 -107.8747 -126.2330  150.2952
   -0.3715   -0.6630   -0.6499
    0.5920    0.3701   -0.7160
    0.7152   -0.6507    0.2550
...    80 A-T ...
 -105.6635 -128.4131  151.2702
    0.0539   -0.3117   -0.9487
    0.6727    0.7134   -0.1962
    0.7380   -0.6276    0.2481
...    81 C-G ...
 -103.6410 -130.9008  152.0493
    0.3656    0.1614   -0.9167
    0.5310    0.7727    0.3478
    0.7644   -0.6139    0.1968
...    82 A-T ...
 -100.9232 -132.7934  152.7200
    0.4805    0.6688   -0.5673
    0.2465    0.5178    0.8192
    0.8416   -0.5335    0.0839
...    83 C-G ...
  -98.2270 -134.6240  152.3418
    0.4796    0.8764   -0.0447
   -0.0220    0.0629    0.9978
    0.8772   -0.4775    0.0494
...    84 T-A ...
  -95.1689 -135.9119  152.2073
    0.3130    0.8033    0.5067
   -0.2195   -0.4579    0.8615
    0.9240   -0.3809    0.0330
...    85 T-A ...
  -92.0787 -136.9220  152.1727
    0.1307    0.3719    0.9190
   -0.3350   -0.8559    0.3940
    0.9331   -0.3594    0.0128
...    86 T-A ...
  -88.9280 -137.7880  152.1518
   -0.0462   -0.2384    0.9701
   -0.3339   -0.9116   -0.2399
    0.9415   -0.3350   -0.0375
...    87 A-T ...
  -85.9488 -139.4601  151.3373
   -0.1292   -0.8581    0.4969
   -0.2408   -0.4589   -0.8552
    0.9619   -0.2302   -0.1473
...    88 T-A ...
  -82.6473 -139.9696  151.4996
   -0.1891   -0.9809   -0.0466
   -0.1531    0.0763   -0.9853
    0.9700   -0.1792   -0.1646
...    89 G-C ...
  -79.4519 -140.3437  150.5760
   -0.2850   -0.7217   -0.6308
   -0.0268    0.6639   -0.7474
    0.9581   -0.1961   -0.2086
...    90 C-G ...
  -76.2342 -141.2009  150.2110
   -0.2963   -0.2118   -0.9313
    0.1062    0.9618   -0.2525
    0.9492   -0.1737   -0.2625
...    91 T-A ...
  -73.1590 -142.0023  149.2414
   -0.2768    0.3583   -0.8916
    0.2403    0.9242    0.2968
    0.9304   -0.1321   -0.3419
...    92 T-A ...
  -70.2178 -142.5053  148.0085
   -0.1482    0.8287   -0.5398
    0.3563    0.5539    0.7525
    0.9225   -0.0808   -0.3774
...    93 C-G ...
  -67.2494 -142.6108  146.6545
    0.0159    0.9991    0.0380
    0.4047   -0.0412    0.9135
    0.9143    0.0009   -0.4050
...    94 C-G ...
  -64.2925 -142.0890  145.1029
    0.1392    0.8036    0.5786
    0.3929   -0.5812    0.7127
    0.9090    0.1281   -0.3967
...    95 G-C ...
  -61.0443 -141.5129  144.2817
    0.2493    0.3047    0.9192
    0.3367   -0.9173    0.2128
    0.9080    0.2565   -0.3312
...    96 T-A ...
  -58.2076 -140.0089  143.3294
    0.3874   -0.2485    0.8878
    0.1701   -0.9272   -0.3338
    0.9061    0.2803   -0.3169
...    97 C-G ...
  -55.1682 -139.0074  142.4420
    0.4267   -0.7634    0.4848
   -0.0905   -0.5694   -0.8170
    0.8999    0.3048   -0.3120
...    98 A-T ...
  -52.2814 -138.0770  141.0264
    0.2580   -0.9593   -0.1152
   -0.3313    0.0241   -0.9432
    0.9076    0.2815   -0.3116
...    99 T-A ...
  -49.0747 -137.2700  140.6362
    0.0707   -0.7903   -0.6086
   -0.4356    0.5244   -0.7316
    0.8973    0.3169   -0.3072
...   100 G-C ...
  -46.2557 -135.9239  139.4102
   -0.2717   -0.3385   -0.9009
   -0.4007    0.8909   -0.2139
    0.8750    0.3029   -0.3777
...   101 T-A ...
  -43.2185 -135.4923  138.1321
   -0.4816    0.1834   -0.8570
   -0.2042    0.9274    0.3133
    0.8522    0.3259   -0.4092
...   102 T-A ...
  -40.4670 -134.5644  136.6981
   -0.5429    0.6748   -0.4999
    0.1093    0.6470    0.7546
    0.8327    0.3550   -0.4250
...   103 A-T ...
  -37.7845 -133.1547  135.2596
   -0.4669    0.8786    0.1003
    0.4413    0.1333    0.8874
    0.7663    0.4586   -0.4500
...   104 T-A ...
  -35.7237 -131.5446  133.2804
   -0.1928    0.8106    0.5529
    0.6294   -0.3301    0.7035
    0.7528    0.4837   -0.4466
...   105 A-T ...
  -33.1029 -129.8533  131.9991
    0.2023    0.4046    0.8919
    0.6465   -0.7392    0.1887
    0.7356    0.5384   -0.4111
...   106 A-T ...
  -30.8699 -127.8535  130.7191
    0.5621   -0.0991    0.8211
    0.4107   -0.8283   -0.3811
    0.7179    0.5515   -0.4249
...   107 C-G ...
  -28.6513 -125.5170  129.7456
    0.6947   -0.5367    0.4789
    0.0487   -0.6291   -0.7758
    0.7176    0.5623   -0.4109
...   108 G-C ...
  -26.2557 -123.8789  127.9950
    0.5478   -0.8349   -0.0525
   -0.3565   -0.1762   -0.9175
    0.7568    0.5214   -0.3942
...   109 G-C ...
  -23.6120 -122.0665  126.8670
    0.2029   -0.8134   -0.5451
   -0.6090    0.3311   -0.7208
    0.7668    0.4782   -0.4282
...   110 A-T ...
  -21.0526 -120.4401  125.5594
   -0.2275   -0.4537   -0.8616
   -0.6189    0.7505   -0.2317
    0.7517    0.4806   -0.4516
...   111 G-C ...
  -18.4449 -119.0604  124.0202
   -0.5823   -0.0017   -0.8130
   -0.3993    0.8717    0.2842
    0.7082    0.4901   -0.5083
...   112 C-G ...
  -16.0457 -117.7919  122.1001
   -0.7467    0.4549   -0.4853
   -0.0044    0.7261    0.6875
    0.6651    0.5155   -0.5402
...   113 T-A ...
  -14.0500 -116.1409  120.0191
   -0.6805    0.7327    0.0105
    0.4196    0.3779    0.8253
    0.6007    0.5660   -0.5646
...   114 C-G ...
  -12.2297 -114.1631  118.1299
   -0.3200    0.7866    0.5280
    0.7587   -0.1211    0.6401
    0.5674    0.6055   -0.5580
...   115 G-C ...
  -10.1167 -111.9790  116.6300
    0.1163    0.5052    0.8552
    0.8399   -0.5096    0.1868
    0.5301    0.6965   -0.4836
...   116 T-A ...
   -8.8640 -109.2490  115.1697
    0.5421    0.1332    0.8297
    0.6504   -0.6917   -0.3139
    0.5321    0.7098   -0.4616
...   117 A-T ...
   -6.9108 -107.1276  113.3620
    0.8480   -0.3350    0.4108
    0.1379   -0.6089   -0.7811
    0.5118    0.7190   -0.4702
...   118 T-A ...
   -5.2217 -104.4296  112.4274
    0.8028   -0.5923   -0.0682
   -0.3295   -0.3454   -0.8787
    0.4969    0.7279   -0.4724
...   119 A-T ...
   -3.9296 -101.9598  110.4528
    0.3985   -0.6537   -0.6433
   -0.7854    0.1190   -0.6075
    0.4737    0.7473   -0.4660
...   120 A-T ...
   -2.1919  -99.5836  109.0597
   -0.1370   -0.4462   -0.8844
   -0.8745    0.4737   -0.1036
    0.4652    0.7592   -0.4551
...   121 T-A ...
   -0.1487  -97.5087  107.5077
   -0.5729   -0.1349   -0.8084
   -0.6772    0.6336    0.3741
    0.4618    0.7618   -0.4544
...   122 G-C ...
    1.1013  -94.7611  106.0328
   -0.9023    0.1945   -0.3847
   -0.1955    0.6107    0.7673
    0.3842    0.7676   -0.5131
...   123 T-A ...
    2.2214  -92.5529  103.8165
   -0.8772    0.4677    0.1080
    0.3253    0.4138    0.8502
    0.3530    0.7810   -0.5152
...   124 G-C ...
    3.3360  -89.7313  102.3717
   -0.5434    0.5490    0.6350
    0.7924    0.0858    0.6039
    0.2770    0.8314   -0.4817
...   125 T-A ...
    3.6214  -86.9094  100.6152
   -0.0346    0.4858    0.8734
    0.9627   -0.2185    0.1597
    0.2684    0.8463   -0.4601
...   126 C-G ...
    4.4199  -84.0376   99.1898
    0.5509    0.2341    0.8010
    0.7891   -0.4584   -0.4088
    0.2715    0.8573   -0.4373
...   127 G-C ...
    5.6613  -81.3195   97.5917
    0.8775   -0.1579    0.4529
    0.3309   -0.4842   -0.8100
    0.3472    0.8606   -0.3727
...   128 A-T ...
    6.7913  -78.4331   96.4520
    0.8886   -0.4422   -0.1215
   -0.2682   -0.2861   -0.9199
    0.3721    0.8500   -0.3728
...   129 C-G ...
    8.3253  -75.5515   95.7813
    0.5912   -0.5503   -0.5897
   -0.7035    0.0058   -0.7107
    0.3945    0.8350   -0.3837
...   130 C-G ...
    9.9272  -72.8325   94.5541
    0.0587   -0.5203   -0.8520
   -0.9048    0.3328   -0.2656
    0.4217    0.7865   -0.4513
...   131 A-T ...
   11.0734  -70.1059   92.9598
   -0.5263   -0.2942   -0.7978
   -0.7514    0.6000    0.2745
    0.3979    0.7439   -0.5369
...   132 A-T ...
   12.4741  -67.8506   91.0829
   -0.8666    0.1173   -0.4850
   -0.2960    0.6617    0.6889
    0.4017    0.7406   -0.5387
...   133 A-T ...
   13.7567  -65.5871   89.1269
   -0.8690    0.4947    0.0084
    0.2741    0.4672    0.8406
    0.4119    0.7328   -0.5416
...   134 T-A ...
   14.7384  -63.4259   86.8199
   -0.5923    0.6747    0.4404
    0.6886    0.1401    0.7115
    0.4183    0.7247   -0.5475
...   135 G-C ...
   15.7317  -61.4929   83.9330
    0.0341    0.7400    0.6717
    0.8636   -0.3601    0.3528
    0.5030    0.5681   -0.6514
...   136 T-A ...
   15.7848  -59.5605   80.7992
    0.5517    0.4998    0.6677
    0.6739   -0.7388   -0.0038
    0.4915    0.4520   -0.7444
...   137 G-C ...
   16.8385  -57.7219   78.2675
    0.8528   -0.0848    0.5153
    0.1507   -0.9048   -0.3983
    0.5000    0.4173   -0.7588
...   138 A-T ...
   18.4282  -55.5287   76.5298
    0.8547   -0.5006    0.1371
   -0.3188   -0.7148   -0.6224
    0.4096    0.4883   -0.7706
...   139 G-C ...
   20.4259  -54.3094   74.5419
    0.5847   -0.7389   -0.3347
   -0.7593   -0.3533   -0.5465
    0.2856    0.5737   -0.7676
...   140 C-G ...
   21.4270  -51.8266   72.7875
    0.1304   -0.7144   -0.6875
   -0.8897    0.2216   -0.3991
    0.4375    0.6637   -0.6067
...   141 G-C ...
   22.1521  -50.1495   67.4639
   -0.4682   -0.8748    0.1248
   -0.8494    0.4066   -0.3364
    0.2435   -0.2635   -0.9334
...   142 C-G ...
   22.3489  -51.2414   64.4933
   -0.8528   -0.5119   -0.1032
   -0.4975    0.8565   -0.1374
    0.1587   -0.0659   -0.9851
...   143 T-A ...
   24.0166  -51.6379   61.9248
   -0.9562    0.0401   -0.2898
    0.0524    0.9980   -0.0348
    0.2878   -0.0485   -0.9564
...   144 C-G ...
   24.8958  -52.7396   58.9873
   -0.7529    0.5560   -0.3520
    0.5214    0.8304    0.1965
    0.4016   -0.0356   -0.9151
...   145 A-T ...
   25.5276  -52.9804   55.8053
   -0.2442    0.9563   -0.1610
    0.8906    0.2869    0.3528
    0.3836   -0.0573   -0.9217
...   146 C-G ...
   25.2778  -52.5123   52.0796
    0.3204    0.9427   -0.0929
    0.8825   -0.2614    0.3909
    0.3443   -0.2072   -0.9157
...   147 A-T ...
   25.6239  -52.5940   48.6395
    0.8597    0.5097    0.0339
    0.4496   -0.7865    0.4233
    0.2424   -0.3487   -0.9053
